service,flag,src_bytes,dst_bytes,logged_in,serror_rate,srv_serror_rate,same_srv_rate,diff_srv_rate,dst_host_srv_diff_host_rate,dst_host_serror_rate,dst_host_srv_serror_rate,classe,posicaoOriginal
login,S0,0,0,0,1.0,1.0,0.01,0.06,0.0,1.0,1.0,1,99775.0
uucp,S0,0,0,0,1.0,1.0,0.05,0.07,0.0,1.0,1.0,1,63112.0
http,S0,0,0,0,1.0,1.0,1.0,0.0,0.24,0.02,0.01,0,102600.0
ftp,SF,1196,2449,1,0.0,0.0,1.0,0.0,0.0,0.0,0.0,1,96227.0
http,SF,352,1398,1,0.0,0.0,1.0,0.0,0.0,0.0,0.0,0,40568.0
http,SF,336,86082,1,0.0,0.0,1.0,0.0,0.02,0.5,0.0,0,7499.0
http,SF,189,14570,1,0.0,0.0,1.0,0.0,0.0,0.0,0.0,0,107707.0
domain_u,SF,44,92,0,0.0,0.0,1.0,0.0,0.0,0.0,0.0,0,41308.0
http,S0,0,0,0,1.0,1.0,0.02,0.05,0.0,1.0,1.0,1,121062.0
other,REJ,0,0,0,0.21,0.0,0.0,1.0,0.0,0.22,0.0,1,27828.0
discard,RSTO,0,0,0,0.0,0.0,0.12,0.06,0.0,0.0,0.0,1,35351.0
http,SF,472,9463,1,0.0,0.0,1.0,0.0,0.03,0.0,0.01,0,14472.0
http,REJ,0,0,0,0.0,0.0,0.03,0.07,0.0,0.0,0.0,1,68935.0
http,SF,295,770,1,0.0,0.0,1.0,0.0,0.0,0.0,0.0,0,29144.0
http,SF,317,3245,1,0.0,0.0,1.0,0.0,0.02,0.0,0.0,0,65617.0
eco_i,SF,8,0,0,0.0,0.0,1.0,0.0,0.5,0.0,0.0,1,87038.0
smtp,SF,724,328,1,0.0,0.0,1.0,0.0,0.01,0.0,0.0,0,83846.0
other,SF,147,105,0,0.0,0.0,1.0,0.0,0.0,0.0,0.0,0,94880.0
other,RSTR,1,0,0,0.0,0.0,1.0,0.0,0.0,0.0,0.0,1,85443.0
private,S0,0,0,0,1.0,1.0,0.03,0.05,0.0,1.0,1.0,1,104821.0
other,SF,145,0,0,0.0,0.0,0.33,0.67,0.0,0.0,0.0,0,86072.0
http,SF,293,5017,1,0.0,0.0,1.0,0.0,0.07,0.0,0.0,0,117952.0
echo,S0,0,0,0,1.0,1.0,0.02,0.06,0.0,1.0,1.0,1,1325.0
private,REJ,0,0,0,0.0,0.0,1.0,0.0,1.0,0.0,0.0,1,88875.0
systat,S0,0,0,0,1.0,1.0,0.07,0.06,0.0,1.0,1.0,1,50474.0
http,SF,345,1846,1,0.0,0.0,1.0,0.0,0.0,0.01,0.01,0,4637.0
private,S0,0,0,0,1.0,1.0,0.01,0.06,0.0,1.0,1.0,1,31873.0
private,S0,0,0,0,1.0,1.0,0.13,0.07,0.0,1.0,1.0,1,38115.0
smtp,SF,1732,328,1,0.0,0.0,1.0,0.0,0.04,0.0,0.0,0,90024.0
private,REJ,0,0,0,0.0,0.0,1.0,0.0,1.0,0.0,0.0,1,34268.0
private,S0,0,0,0,1.0,1.0,0.12,0.05,0.0,1.0,1.0,1,80292.0
http_443,S0,0,0,0,1.0,1.0,0.12,0.06,0.0,1.0,1.0,1,33456.0
ftp_data,SF,245,0,1,0.0,0.0,1.0,0.0,0.03,0.0,0.0,0,4880.0
smtp,SF,1673,338,1,0.0,0.0,1.0,0.0,0.02,0.0,0.01,0,26339.0
eco_i,SF,8,0,0,0.0,0.0,1.0,0.0,0.53,0.0,0.0,1,99675.0
other,REJ,0,0,0,0.06,0.0,0.0,1.0,0.0,0.08,0.0,1,92016.0
http,REJ,0,0,0,0.0,0.0,1.0,0.0,0.04,0.0,0.01,0,46912.0
domain_u,SF,44,110,0,0.0,0.0,1.0,0.0,0.0,0.0,0.0,0,45935.0
finger,SF,10,227,0,0.0,0.0,1.0,0.0,0.25,0.01,0.0,0,107032.0
pop_3,SF,35,130,1,0.0,0.0,1.0,0.0,0.5,0.0,0.0,0,94139.0
private,RSTR,0,0,0,0.0,0.0,0.01,0.52,0.0,0.0,0.0,1,65450.0
ntp_u,SF,48,48,0,0.0,0.0,1.0,0.0,0.0,0.0,0.0,0,10519.0
ftp_data,SF,12165,0,1,0.0,0.0,1.0,0.0,0.03,0.0,0.01,0,18658.0
whois,S0,0,0,0,1.0,1.0,0.09,0.05,0.0,1.0,1.0,1,50932.0
X11,SF,352,592,1,0.0,0.0,1.0,0.0,0.0,0.2,0.2,0,10829.0
http,SF,238,3200,1,0.0,0.0,1.0,0.0,0.01,0.0,0.0,0,100638.0
ftp_data,SF,641,0,1,0.0,0.0,1.0,0.0,0.04,0.0,0.0,0,21316.0
ftp_data,SF,10389,0,1,0.0,0.0,1.0,0.0,0.0,0.0,0.0,0,83363.0
domain_u,SF,45,45,0,0.0,0.0,1.0,0.0,0.0,0.0,0.0,0,65902.0
private,S0,0,0,0,1.0,1.0,0.04,0.06,0.0,1.0,1.0,1,97774.0
eco_i,SF,8,0,0,0.0,0.0,1.0,0.0,0.25,0.0,0.0,1,89070.0
eco_i,SF,8,0,0,0.0,0.0,1.0,0.0,0.5,0.0,0.0,1,39080.0
ecr_i,SF,1032,0,0,0.0,0.0,1.0,0.0,0.0,0.16,0.0,1,55152.0
klogin,S0,0,0,0,1.0,1.0,0.13,0.05,0.0,1.0,1.0,1,48621.0
http,SF,287,3413,1,0.0,0.0,1.0,0.0,0.03,0.0,0.0,0,125306.0
eco_i,SF,8,0,0,0.0,0.0,1.0,0.0,0.52,0.0,0.0,1,123312.0
netstat,S0,0,0,0,1.0,1.0,0.07,0.06,0.0,1.0,1.0,1,57780.0
private,SF,105,0,0,0.0,0.0,1.0,0.0,0.0,0.0,0.0,0,49970.0
ftp_data,SF,383,0,0,0.0,0.0,1.0,0.0,0.0,0.0,0.0,0,115012.0
private,S0,0,0,0,1.0,1.0,0.05,0.06,0.0,1.0,1.0,1,84631.0
http,S0,0,0,0,1.0,0.83,0.56,0.22,0.0,1.0,1.0,1,34042.0
private,S0,0,0,0,1.0,1.0,0.05,0.06,0.0,1.0,1.0,1,125101.0
private,S0,0,0,0,1.0,1.0,0.03,0.07,0.0,1.0,1.0,1,39337.0
other,SF,146,105,0,0.0,0.0,1.0,0.0,0.0,0.0,0.0,0,29857.0
private,S0,0,0,0,1.0,1.0,0.23,0.05,0.0,1.0,1.0,1,104314.0
http,SF,198,776,1,0.0,0.0,1.0,0.0,0.0,0.0,0.0,0,92116.0
http,SF,0,978,0,0.27,0.26,1.0,0.0,0.02,0.07,0.01,0,78916.0
ftp_data,SF,12,0,0,0.0,0.0,1.0,0.0,0.02,0.0,0.0,0,36053.0
ftp_data,SF,832,0,1,0.0,0.0,1.0,0.0,0.12,0.33,0.02,1,101703.0
http,REJ,0,0,0,0.0,0.0,1.0,0.0,0.24,0.0,0.0,0,89382.0
time,S0,0,0,0,1.0,1.0,0.06,0.07,0.0,1.0,1.0,1,12556.0
http,SF,234,4785,1,0.0,0.0,1.0,0.0,0.01,0.0,0.0,0,111294.0
ftp_data,REJ,0,0,0,0.0,0.0,0.07,0.07,0.0,0.0,0.0,1,1704.0
ftp_data,SF,1874,0,0,0.0,0.0,1.0,0.0,0.0,0.0,0.01,0,39868.0
ftp_data,SF,0,2890,0,0.0,0.1,1.0,0.0,0.02,0.02,0.05,0,45586.0
http,SF,342,2971,1,0.0,0.0,1.0,0.0,0.0,0.01,0.01,0,77124.0
private,SF,1,0,0,0.0,0.0,0.72,0.05,0.0,0.0,0.0,1,115136.0
private,SF,105,0,0,0.0,0.0,1.0,0.0,0.0,0.0,0.0,0,102547.0
private,S0,0,0,0,0.05,1.0,0.0,1.0,0.0,0.07,1.0,1,72059.0
telnet,SF,69,673,0,0.0,0.0,1.0,0.0,1.0,0.03,0.0,0,98488.0
http,SF,170,24161,1,0.0,0.0,1.0,0.0,0.05,0.0,0.0,0,3673.0
gopher,S0,0,0,0,1.0,1.0,0.07,0.06,0.0,1.0,1.0,1,819.0
http,SF,289,1075,1,0.0,0.0,1.0,0.0,0.02,0.0,0.0,0,82796.0
other,SF,146,105,0,0.0,0.0,1.0,0.0,0.0,0.0,0.0,0,18247.0
http,SF,226,1336,1,0.0,0.0,1.0,0.0,0.02,0.0,0.0,0,102557.0
netbios_dgm,REJ,0,0,0,0.0,0.0,0.01,0.07,0.0,0.0,0.0,1,97276.0
ecr_i,SF,1480,0,0,0.0,0.0,1.0,0.0,0.5,0.0,0.0,1,94784.0
telnet,S0,0,0,0,1.0,1.0,0.6,0.08,0.04,1.0,0.98,1,119233.0
daytime,S0,0,0,0,1.0,1.0,0.06,0.06,0.0,1.0,1.0,1,69003.0
http,SF,220,29567,1,0.0,0.0,1.0,0.0,0.04,0.0,0.02,0,77435.0
ftp_data,REJ,0,0,0,0.0,0.0,0.06,0.06,0.0,0.0,0.0,1,17192.0
gopher,S0,0,0,0,1.0,1.0,0.02,0.06,0.0,1.0,1.0,1,83931.0
eco_i,SF,8,0,0,0.0,0.0,1.0,0.0,0.5,0.0,0.0,1,68990.0
whois,S0,0,0,0,1.0,1.0,0.07,0.06,0.0,1.0,1.0,1,123421.0
ftp_data,SF,245,0,1,0.0,0.0,1.0,0.0,0.0,0.0,0.0,0,5816.0
http,SF,302,1366,1,0.0,0.0,1.0,0.0,0.03,0.0,0.0,0,110699.0
private,SF,1,0,0,0.0,0.0,0.08,0.1,0.0,0.03,0.0,1,69097.0
private,S0,0,0,0,1.0,1.0,0.08,0.08,0.0,1.0,1.0,1,43159.0
http,SF,336,2320,1,0.0,0.0,1.0,0.0,0.0,0.0,0.0,0,80312.0
domain_u,SF,43,131,0,0.0,0.0,1.0,0.0,0.0,0.0,0.0,0,104388.0
private,RSTR,0,0,0,0.0,0.0,1.0,0.0,0.0,0.0,0.0,1,52937.0
ftp_data,SF,3775,0,1,0.0,0.0,1.0,0.0,0.0,0.0,0.0,0,124390.0
http,SF,325,1155,1,0.0,0.0,1.0,0.0,0.0,0.0,0.0,0,46329.0
private,REJ,0,0,0,0.0,0.0,0.5,1.0,0.0,0.0,0.0,1,9926.0
discard,S0,0,0,0,1.0,1.0,0.02,0.05,0.0,1.0,1.0,1,77852.0
private,SF,105,105,0,0.0,0.0,0.14,0.29,0.0,0.0,0.0,0,43612.0
http,SF,245,1481,1,0.0,0.0,1.0,0.0,0.01,0.0,0.0,0,20913.0
gopher,S0,0,0,0,1.0,1.0,0.08,0.05,0.0,1.0,1.0,1,9574.0
http,SF,204,3541,1,0.0,0.0,1.0,0.0,0.05,0.0,0.0,0,123531.0
smtp,SF,1674,337,1,0.0,0.0,1.0,0.0,0.01,0.0,0.0,0,59678.0
http,SF,202,4091,1,0.0,0.0,1.0,0.0,0.0,0.0,0.0,0,122803.0
uucp,S0,0,0,0,1.0,1.0,0.12,0.06,0.0,1.0,1.0,1,16677.0
private,S0,0,0,0,1.0,1.0,0.13,0.05,0.0,1.0,1.0,1,715.0
private,S0,0,0,0,1.0,1.0,0.02,0.06,0.0,1.0,1.0,1,38004.0
http,S2,234,0,1,1.0,0.5,1.0,0.0,0.03,0.1,0.02,0,32283.0
whois,S0,0,0,0,1.0,1.0,0.0,0.07,0.0,1.0,1.0,1,110440.0
http,SF,205,3299,1,0.0,0.0,1.0,0.0,0.04,0.0,0.0,0,50434.0
http,SF,212,682,1,0.0,0.0,1.0,0.0,0.0,0.0,0.0,0,109012.0
eco_i,SF,8,0,0,0.0,0.0,1.0,0.0,0.51,0.0,0.0,1,118489.0
http,SF,193,369,1,0.0,0.0,1.0,0.0,0.05,0.0,0.0,0,76031.0
private,S0,0,0,0,1.0,1.0,0.03,0.07,0.0,1.0,1.0,1,93680.0
finger,S0,0,0,0,1.0,1.0,0.28,0.07,0.0,1.0,1.0,1,31.0
http,SF,299,1112,1,0.0,0.0,1.0,0.0,0.0,0.0,0.0,0,41823.0
http,SF,213,2325,1,0.0,0.0,1.0,0.0,0.02,0.0,0.0,0,2111.0
http,SF,178,5797,1,0.0,0.0,1.0,0.0,0.0,0.0,0.0,0,62889.0
private,SF,6,0,1,0.06,0.0,0.0,1.0,0.0,0.05,0.0,1,88080.0
http,SF,218,1769,1,0.0,0.0,1.0,0.0,0.0,0.0,0.0,0,69799.0
finger,S0,0,0,0,1.0,1.0,0.33,0.25,0.0,1.0,1.0,1,85617.0
http,SF,219,1463,1,0.0,0.0,1.0,0.0,0.01,0.0,0.0,0,70354.0
http,SF,189,314,1,0.0,0.0,1.0,0.0,0.02,0.0,0.0,0,18231.0
vmnet,S0,0,0,0,1.0,1.0,0.01,0.07,0.0,1.0,1.0,1,44049.0
ftp_data,SF,748,0,0,0.0,0.0,1.0,0.0,0.03,0.0,0.0,0,72427.0
smtp,SF,964,331,1,0.0,0.0,1.0,0.0,0.0,0.0,0.0,0,118179.0
http,SF,205,655,1,0.0,0.0,1.0,0.0,0.0,0.0,0.0,0,57076.0
http,SF,304,479,1,0.0,0.0,1.0,0.0,0.04,0.0,0.0,0,50566.0
http,SF,289,261,1,0.0,0.0,1.0,0.0,0.0,0.0,0.0,0,97417.0
eco_i,SF,8,0,0,0.0,0.0,1.0,0.0,0.5,0.0,0.0,1,97186.0
smtp,SF,1913,327,1,0.0,0.0,1.0,0.0,0.0,0.0,0.0,0,124819.0
smtp,SF,1048,332,1,0.0,0.0,1.0,0.0,0.01,0.0,0.01,0,31566.0
telnet,SF,2238,460350,1,0.0,0.0,1.0,0.0,0.0,0.0,0.0,0,32978.0
imap4,S0,0,0,0,1.0,1.0,0.06,0.07,0.0,1.0,1.0,1,103860.0
http,SF,210,334,1,0.0,0.0,1.0,0.0,0.0,0.0,0.0,0,53170.0
ftp,SF,329,1063,1,0.0,0.0,1.0,0.0,0.0,0.0,0.0,0,33553.0
domain_u,SF,45,134,0,0.0,0.0,1.0,0.0,0.0,0.0,0.0,0,94712.0
http,S0,0,0,0,0.5,0.5,1.0,0.0,0.01,0.03,0.01,0,93872.0
iso_tsap,S0,0,0,0,1.0,1.0,0.04,0.07,0.0,1.0,1.0,1,70186.0
http,SF,163,4097,1,0.0,0.0,1.0,0.0,0.19,0.0,0.0,0,84263.0
private,S0,0,0,0,1.0,1.0,0.04,0.05,0.0,1.0,1.0,1,57930.0
private,RSTR,0,0,0,0.0,0.0,1.0,0.0,0.0,0.0,0.0,1,104615.0
http,SF,227,527,1,0.0,0.0,1.0,0.0,0.01,0.0,0.0,0,99130.0
domain_u,SF,44,44,0,0.0,0.0,1.0,0.0,0.0,0.0,0.0,0,14912.0
smtp,S0,0,0,0,0.5,0.33,1.0,0.0,0.01,0.04,0.02,0,52661.0
private,S0,0,0,0,1.0,1.0,0.13,0.05,0.0,1.0,1.0,1,107074.0
private,S0,0,0,0,1.0,1.0,0.03,0.06,0.0,1.0,1.0,1,79590.0
http,SF,281,751,1,0.0,0.0,1.0,0.0,0.02,0.0,0.0,0,62808.0
private,S0,0,0,0,1.0,1.0,0.02,0.05,0.0,1.0,1.0,1,103755.0
http,SF,233,516,1,0.0,0.0,1.0,0.0,0.0,0.0,0.0,0,100339.0
telnet,S0,0,0,0,1.0,1.0,0.1,0.06,0.0,1.0,1.0,1,105821.0
private,S0,0,0,0,1.0,1.0,0.11,0.06,0.0,1.0,1.0,1,2195.0
http,SF,217,344,1,0.0,0.0,1.0,0.0,0.0,0.0,0.0,0,108143.0
ftp_data,SF,3909,0,1,0.0,0.0,1.0,0.0,0.04,0.0,0.0,0,39541.0
smtp,SF,709,335,1,0.0,0.0,1.0,0.0,0.01,0.02,0.01,0,10201.0
other,SF,146,105,0,0.0,0.0,1.0,0.0,0.0,0.0,0.0,0,19115.0
exec,S0,0,0,0,1.0,1.0,0.13,0.05,0.0,1.0,1.0,1,52331.0
exec,RSTO,0,0,0,0.0,0.0,0.5,1.0,0.0,0.21,0.0,1,69915.0
private,S0,0,0,0,1.0,1.0,0.05,0.06,0.0,1.0,1.0,1,97759.0
http,SF,219,820,1,0.0,0.0,1.0,0.0,0.01,0.0,0.0,0,57810.0
csnet_ns,S0,0,0,0,1.0,1.0,0.08,0.06,0.0,1.0,1.0,1,95362.0
ecr_i,SF,1032,0,0,0.0,0.0,1.0,0.0,0.0,0.0,0.0,1,84319.0
private,RSTR,0,0,0,0.0,0.0,1.0,0.0,0.0,0.0,0.0,1,64435.0
ecr_i,SF,520,0,0,0.0,0.0,1.0,0.0,0.0,0.0,0.0,1,93727.0
domain,SF,48,474,1,0.0,0.0,0.01,0.01,0.0,0.0,0.0,0,63088.0
urp_i,SF,87,0,0,0.0,0.0,0.05,0.1,0.0,0.0,0.0,0,15063.0
eco_i,SF,8,0,0,0.0,0.0,1.0,0.0,0.25,0.0,0.0,1,49380.0
ftp_data,SF,8766,0,0,0.0,0.0,1.0,0.0,0.0,0.0,0.0,0,52301.0
http,SF,192,328,1,0.0,0.0,1.0,0.0,0.01,0.0,0.0,0,79016.0
http,SF,288,6935,1,0.33,0.33,1.0,0.0,0.0,0.0,0.0,0,56562.0
http,SF,470,7497,1,0.0,0.0,1.0,0.0,0.11,0.0,0.0,0,54875.0
ntp_u,SF,48,48,0,0.0,0.0,1.0,0.0,0.0,0.0,0.0,0,112337.0
http,SF,221,491,1,0.0,0.0,1.0,0.0,0.0,0.0,0.0,0,58603.0
domain_u,SF,46,46,0,0.0,0.0,1.0,0.0,0.0,0.0,0.0,0,32402.0
imap4,REJ,0,0,0,0.0,0.0,0.05,0.06,0.0,0.0,0.0,1,108949.0
http,SF,212,2526,1,0.0,0.0,1.0,0.0,0.0,0.0,0.0,0,76691.0
auth,REJ,0,0,0,0.0,0.0,0.05,0.06,0.0,0.0,0.0,1,33531.0
domain_u,SF,43,73,0,0.0,0.0,1.0,0.0,0.0,0.0,0.0,0,91988.0
imap4,S0,0,0,0,1.0,1.0,0.05,0.06,0.0,1.0,1.0,1,73980.0
private,REJ,0,0,0,0.0,0.0,0.0,0.5,0.0,0.0,0.0,1,14435.0
link,S0,0,0,0,1.0,1.0,0.01,0.06,0.0,1.0,1.0,1,85802.0
private,S0,0,0,0,1.0,1.0,0.07,0.05,0.0,1.0,1.0,1,68388.0
private,S0,0,0,0,1.0,1.0,0.02,0.06,0.0,1.0,1.0,1,27908.0
private,S0,0,0,0,1.0,1.0,0.1,0.07,0.0,1.0,1.0,1,60927.0
http,SF,257,506,1,0.0,0.0,1.0,0.0,0.0,0.0,0.0,0,28026.0
private,SF,105,147,0,0.0,0.0,1.0,0.0,0.0,0.0,0.0,0,119096.0
ecr_i,SF,1032,0,0,0.0,0.0,1.0,0.0,0.0,0.0,0.0,1,99932.0
private,RSTR,0,0,0,0.0,0.0,1.0,0.0,0.0,0.06,0.0,1,52488.0
iso_tsap,S0,0,0,0,1.0,1.0,0.08,0.07,0.0,1.0,1.0,1,101470.0
http,SF,319,879,1,0.0,0.0,1.0,0.0,0.04,0.0,0.0,0,12852.0
http,SF,219,1919,1,0.0,0.0,1.0,0.0,0.04,0.0,0.0,0,35669.0
http,SF,205,5183,1,0.0,0.0,1.0,0.0,0.02,0.0,0.0,0,44761.0
http,SF,309,1000,1,0.0,0.0,1.0,0.0,0.05,0.0,0.0,0,62367.0
domain_u,SF,44,132,0,0.0,0.0,1.0,0.0,0.0,0.0,0.0,0,110198.0
http,SF,294,8663,1,0.0,0.0,1.0,0.0,0.05,0.0,0.0,0,41281.0
private,SF,28,0,0,0.01,0.0,0.99,0.02,0.0,0.0,0.0,1,48835.0
http,SF,179,28586,1,0.0,0.0,1.0,0.0,0.04,0.0,0.0,0,67662.0
private,S0,0,0,0,1.0,1.0,0.07,0.06,0.0,1.0,1.0,1,75358.0
private,REJ,0,0,0,0.0,0.0,0.11,0.06,0.0,0.0,0.0,1,37328.0
http,SF,285,1764,1,0.0,0.0,1.0,0.0,0.02,0.0,0.0,0,39141.0
other,SF,146,0,0,0.0,0.0,0.33,1.0,0.0,0.0,0.0,0,99756.0
ftp,S0,0,0,0,1.0,1.0,0.05,0.06,0.0,1.0,1.0,1,31761.0
bgp,REJ,0,0,0,0.0,0.0,0.02,0.06,0.0,0.0,0.0,1,90879.0
vmnet,RSTR,1,0,0,0.0,0.0,1.0,0.0,0.0,0.0,0.0,1,55250.0
ecr_i,SF,520,0,0,0.0,0.0,1.0,0.0,0.0,0.0,0.0,1,125541.0
uucp,S0,0,0,0,1.0,1.0,0.07,0.06,0.0,1.0,1.0,1,11534.0
http,SF,305,1791,1,0.0,0.0,1.0,0.0,0.05,0.0,0.01,0,46643.0
ftp_data,SF,246,0,1,0.0,0.0,1.0,0.0,0.0,0.02,0.02,1,87344.0
domain_u,SF,30,0,0,0.0,0.0,1.0,0.0,0.0,0.0,0.0,0,23616.0
http,SF,244,1024,1,0.0,0.0,1.0,0.0,0.0,0.0,0.0,0,13610.0
ftp,SF,286,903,1,0.0,0.0,1.0,0.0,0.0,0.0,0.02,0,122162.0
uucp_path,S0,0,0,0,1.0,1.0,0.02,0.06,0.0,1.0,1.0,1,86059.0
eco_i,SF,8,0,0,0.0,0.0,1.0,0.0,0.27,0.0,0.0,1,119598.0
domain_u,SF,46,83,0,0.0,0.0,1.0,0.0,0.0,0.0,0.0,0,122353.0
http,SF,197,18881,1,0.0,0.0,1.0,0.0,0.02,0.0,0.0,0,1311.0
finger,S0,0,0,0,1.0,1.0,0.25,0.06,0.0,1.0,1.0,1,71472.0
kshell,S0,0,0,0,1.0,1.0,0.2,0.15,0.0,1.0,1.0,1,58458.0
sunrpc,S0,0,0,0,1.0,1.0,0.08,0.05,0.0,1.0,1.0,1,84352.0
http,SF,314,3445,1,0.0,0.0,1.0,0.0,0.02,0.0,0.0,0,23367.0
http,SF,224,260,1,0.0,0.0,1.0,0.0,0.06,0.0,0.0,0,13589.0
ftp_data,S0,0,0,0,1.0,1.0,0.18,0.07,0.0,1.0,1.0,1,17405.0
courier,S0,0,0,0,1.0,1.0,0.17,0.05,0.0,1.0,1.0,1,32480.0
uucp,RSTO,0,0,0,0.0,0.0,0.21,0.07,0.0,0.0,0.0,1,55792.0
http,SF,244,7332,1,0.0,0.0,1.0,0.0,0.0,0.0,0.0,0,94742.0
http,SF,147,16425,1,0.0,0.0,1.0,0.0,0.02,0.0,0.0,0,75924.0
whois,S0,0,0,0,1.0,1.0,0.04,0.07,0.0,1.0,1.0,1,95738.0
domain_u,SF,43,109,0,0.0,0.0,0.99,0.02,0.0,0.0,0.0,0,112153.0
gopher,S0,0,0,0,1.0,1.0,0.08,0.06,0.0,1.0,1.0,1,14607.0
ftp_data,SF,2194619,0,1,0.0,0.0,1.0,0.0,0.0,0.0,0.0,0,93701.0
private,SF,1,0,0,0.0,0.0,0.13,0.13,0.0,0.13,0.0,1,29083.0
http,SF,320,14377,1,0.0,0.0,1.0,0.0,0.04,0.0,0.0,0,91932.0
http,SF,321,944,1,0.0,0.0,1.0,0.0,0.0,0.0,0.0,0,82216.0
ftp_data,S0,0,0,0,1.0,1.0,0.09,0.06,0.0,1.0,1.0,1,4447.0
ecr_i,SF,520,0,0,0.0,0.0,1.0,0.0,0.0,0.0,0.0,1,76130.0
domain_u,SF,30,0,0,0.0,0.0,1.0,0.0,0.0,0.0,0.0,0,59818.0
eco_i,SF,8,0,0,0.0,0.0,1.0,0.0,0.5,0.0,0.0,1,60133.0
auth,SF,9,36,1,0.0,0.0,1.0,0.0,0.29,0.0,0.0,0,97614.0
eco_i,SF,8,0,0,0.0,0.0,1.0,0.0,0.5,0.0,0.0,1,55395.0
private,S0,0,0,0,1.0,1.0,0.06,0.05,0.0,1.0,1.0,1,87509.0
other,RSTR,1,0,0,0.0,0.0,1.0,0.0,0.0,0.0,0.0,1,52138.0
http,SF,331,1389,1,0.0,0.0,1.0,0.0,0.13,0.0,0.0,0,49126.0
domain_u,SF,43,119,0,0.0,0.0,1.0,0.0,0.0,0.0,0.0,0,27551.0
private,S0,0,0,0,0.58,1.0,0.01,0.05,0.0,1.0,1.0,1,103127.0
daytime,S0,0,0,0,1.0,1.0,0.03,0.05,0.0,1.0,1.0,1,41117.0
shell,S0,0,0,0,1.0,1.0,0.09,0.05,0.0,1.0,1.0,1,38119.0
http,SF,223,682,1,0.0,0.0,1.0,0.0,0.0,0.0,0.0,0,69231.0
private,RSTR,0,0,0,0.0,0.0,0.5,1.0,0.0,0.0,0.0,1,43658.0
ftp_data,SF,175337,0,1,0.0,0.0,1.0,0.0,0.03,0.0,0.0,0,122943.0
http,SF,232,13277,1,0.0,0.0,1.0,0.0,0.0,0.0,0.0,0,112949.0
private,SF,1,0,0,0.0,0.0,0.24,0.1,0.0,0.11,0.0,1,59101.0
http,REJ,0,0,0,0.0,0.0,1.0,0.0,0.13,0.0,0.0,0,42579.0
smtp,SF,2836,335,1,0.0,0.0,1.0,0.0,0.02,0.0,0.0,0,62813.0
http,SF,182,324,1,0.0,0.0,1.0,0.0,0.04,0.0,0.0,0,12722.0
domain_u,SF,45,130,0,0.0,0.0,1.0,0.0,0.0,0.0,0.0,0,47930.0
http,SF,206,382,1,0.0,0.0,1.0,0.0,0.04,0.0,0.0,0,106101.0
domain_u,SF,46,46,0,0.0,0.0,0.14,0.29,0.0,0.0,0.0,0,114842.0
http,REJ,0,0,0,0.0,0.0,1.0,0.0,0.0,0.0,0.0,0,60495.0
http,SF,281,1395,1,0.0,0.0,1.0,0.0,0.0,0.0,0.0,0,71692.0
other,SF,1,0,0,0.0,0.0,1.0,0.0,0.0,0.0,0.0,1,125125.0
http,SF,228,6129,1,0.0,0.0,1.0,0.0,0.01,0.0,0.01,0,78974.0
http,RSTR,46720,8314,1,0.0,0.0,1.0,0.0,0.0,0.0,0.0,1,42687.0
link,S0,0,0,0,1.0,1.0,0.05,0.05,0.0,1.0,1.0,1,13296.0
http,SF,259,5170,1,0.0,0.0,1.0,0.0,0.03,0.0,0.0,0,101266.0
private,S0,0,0,0,1.0,1.0,0.12,0.06,0.0,1.0,1.0,1,49182.0
http,SF,325,2531,1,0.0,0.0,1.0,0.0,0.02,0.0,0.0,0,115461.0
eco_i,SF,8,0,0,0.0,0.0,1.0,0.0,0.25,0.0,0.0,1,88215.0
domain_u,SF,44,44,0,0.0,0.0,1.0,0.0,0.0,0.0,0.0,0,97748.0
private,REJ,0,0,0,0.05,0.0,0.0,1.0,0.0,0.08,0.0,1,35015.0
http,SF,234,20264,1,0.0,0.0,1.0,0.0,0.04,0.0,0.0,0,28987.0
domain_u,SF,45,115,0,0.0,0.0,1.0,0.0,0.0,0.0,0.0,0,88914.0
private,S0,0,0,0,1.0,1.0,0.08,0.05,0.0,1.0,1.0,1,31777.0
netstat,S0,0,0,0,1.0,1.0,0.14,0.05,0.0,1.0,1.0,1,36946.0
http,RSTR,54540,2920,1,0.0,0.0,1.0,0.0,0.0,0.0,0.0,1,95176.0
other,S0,0,0,0,0.43,1.0,0.0,1.0,0.0,0.54,1.0,1,38157.0
http,SF,236,486,1,0.0,0.0,1.0,0.0,0.04,0.0,0.0,0,101576.0
domain_u,SF,44,73,0,0.0,0.0,1.0,0.01,0.0,0.0,0.0,0,112261.0
http,SF,311,3222,1,0.0,0.0,1.0,0.0,0.0,0.0,0.0,0,43984.0
domain_u,SF,43,74,0,0.0,0.0,0.99,0.02,0.0,0.0,0.0,0,82783.0
eco_i,SF,8,0,0,0.0,0.0,1.0,0.0,0.5,0.0,0.0,1,49676.0
http,SF,168,28927,1,0.0,0.0,1.0,0.0,0.01,0.0,0.0,0,88175.0
daytime,S0,0,0,0,1.0,1.0,0.08,0.06,0.0,1.0,1.0,1,15884.0
smtp,SF,637,329,1,0.0,0.0,1.0,0.0,0.01,0.0,0.0,0,3476.0
finger,S0,0,0,0,1.0,1.0,0.33,0.13,0.0,1.0,1.0,1,109965.0
private,REJ,0,0,0,0.0,0.0,0.12,0.05,0.0,0.0,0.0,1,40442.0
auth,REJ,0,0,0,0.0,0.0,0.07,0.07,0.0,0.0,0.0,1,78445.0
http,SF,279,608,1,0.0,0.0,1.0,0.0,0.0,0.01,0.01,0,112008.0
ftp_data,SF,334,0,1,0.0,0.0,1.0,0.0,0.19,0.0,0.04,1,114464.0
http,SF,333,5726,1,0.0,0.0,1.0,0.0,0.01,0.0,0.0,0,7079.0
http,SF,270,2042,1,0.0,0.0,1.0,0.0,0.03,0.0,0.0,0,109831.0
other,SF,146,0,0,0.0,0.0,0.5,1.0,0.0,0.0,0.0,0,24273.0
http,SF,278,885,1,0.0,0.0,1.0,0.0,0.0,0.0,0.0,0,113461.0
finger,SF,8,138,0,0.0,0.0,1.0,0.0,0.2,0.01,0.1,0,97766.0
http,SF,250,7886,1,0.0,0.0,1.0,0.0,0.0,0.0,0.0,0,91380.0
private,S0,0,0,0,0.86,1.0,0.04,0.06,0.0,1.0,1.0,1,88803.0
http,SF,196,5548,1,0.0,0.0,1.0,0.0,0.02,0.0,0.0,0,7681.0
private,S0,0,0,0,1.0,1.0,0.08,0.04,0.0,0.98,1.0,1,115972.0
http,SF,308,304,1,0.0,0.0,1.0,0.0,0.0,0.0,0.0,0,100831.0
echo,S0,0,0,0,1.0,1.0,0.08,0.06,0.0,1.0,1.0,1,63114.0
smtp,SF,1146,329,1,0.0,0.0,1.0,0.0,0.03,0.01,0.02,0,70896.0
http,SF,275,316,1,0.0,0.0,1.0,0.0,0.01,0.0,0.0,0,14058.0
http,SF,323,2999,1,0.0,0.0,1.0,0.0,0.03,0.0,0.0,0,23816.0
smtp,SF,815,478,1,0.0,0.0,1.0,0.0,0.0,0.0,0.0,0,105202.0
efs,S0,0,0,0,1.0,1.0,0.12,0.05,0.0,1.0,1.0,1,21289.0
ftp,SF,1525,4152,1,0.0,0.0,1.0,0.0,0.0,0.02,0.0,0,21655.0
other,SF,146,105,0,0.0,0.0,0.5,0.5,0.0,0.0,0.0,0,51744.0
domain_u,SF,43,125,0,0.0,0.0,1.0,0.0,0.0,0.0,0.0,0,2182.0
private,S0,0,0,0,1.0,1.0,0.03,0.07,0.0,1.0,1.0,1,35326.0
domain_u,SF,44,128,0,0.0,0.0,1.0,0.0,0.0,0.0,0.0,0,3775.0
eco_i,SF,8,0,0,0.0,0.0,1.0,0.0,0.51,0.0,0.0,1,13238.0
exec,S0,0,0,0,1.0,1.0,0.11,0.05,0.0,1.0,1.0,1,109283.0
http,SF,198,12884,1,0.0,0.0,1.0,0.0,0.0,0.0,0.0,0,229.0
domain_u,SF,45,78,0,0.0,0.0,1.0,0.0,0.0,0.0,0.0,0,90421.0
netbios_dgm,S0,0,0,0,1.0,1.0,0.01,0.09,0.0,1.0,1.0,1,36634.0
finger,RSTO,0,0,0,0.0,0.0,0.02,0.07,0.0,0.0,0.0,1,122924.0
http,SF,303,1146,1,0.0,0.0,1.0,0.0,0.01,0.0,0.0,0,95535.0
private,SF,28,0,0,0.0,0.0,1.0,0.0,0.0,0.09,0.0,1,4779.0
http,SF,176,2207,1,0.0,0.0,1.0,0.0,0.04,0.0,0.0,0,6015.0
domain_u,SF,46,75,0,0.0,0.0,1.0,0.0,0.0,0.0,0.0,0,89544.0
domain_u,SF,45,131,0,0.0,0.0,1.0,0.0,0.0,0.0,0.0,0,85316.0
http,SF,256,9691,1,0.0,0.0,1.0,0.0,0.01,0.0,0.0,0,49825.0
http,SF,294,1719,1,0.0,0.0,1.0,0.0,0.0,0.0,0.0,0,77077.0
eco_i,SF,18,0,0,0.0,0.0,1.0,0.0,1.0,0.0,0.0,1,46252.0
http,SF,176,4090,1,0.0,0.0,1.0,0.0,0.0,0.0,0.0,0,122362.0
http,SF,295,2447,1,0.0,0.0,1.0,0.0,0.04,0.0,0.0,0,86670.0
http,SF,146,20006,1,0.0,0.0,1.0,0.0,0.06,0.0,0.01,0,3842.0
ftp_data,SF,3775,0,0,0.0,0.0,1.0,0.0,0.0,0.0,0.0,0,78810.0
ecr_i,SF,1032,0,0,0.0,0.0,1.0,0.0,0.0,0.0,0.0,1,57536.0
http,SF,222,4504,1,0.0,0.0,1.0,0.0,0.03,0.0,0.0,0,92445.0
systat,S0,0,0,0,1.0,1.0,0.07,0.06,0.0,1.0,1.0,1,36723.0
domain_u,SF,45,82,0,0.0,0.0,1.0,0.0,0.0,0.0,0.0,0,18856.0
ftp_data,SF,245,0,1,0.0,0.0,0.67,0.67,0.0,0.0,0.0,0,60482.0
private,S0,0,0,0,1.0,1.0,0.09,0.06,0.0,1.0,1.0,1,5979.0
http,SF,224,310,1,0.0,0.0,1.0,0.0,0.0,0.0,0.0,0,85814.0
eco_i,SF,8,0,0,0.0,0.0,1.0,0.0,0.25,0.0,0.0,1,67106.0
http,SF,326,1639,1,0.0,0.0,1.0,0.0,0.05,0.0,0.0,0,19318.0
ldap,S0,0,0,0,1.0,1.0,0.15,0.06,0.0,1.0,1.0,1,9367.0
http,SF,339,282,1,0.0,0.0,1.0,0.0,0.0,0.0,0.0,0,69656.0
domain_u,SF,44,115,0,0.0,0.0,1.0,0.0,0.0,0.0,0.0,0,53596.0
private,S0,0,0,0,1.0,1.0,0.0,0.06,0.0,1.0,1.0,1,117690.0
auth,S0,0,0,0,1.0,1.0,0.07,0.05,0.0,1.0,1.0,1,48574.0
ftp_data,SF,383,0,1,0.0,0.0,1.0,0.0,0.0,0.0,0.0,0,10683.0
ftp_data,SF,567,0,0,0.0,0.0,1.0,0.0,0.0,0.0,0.0,0,105098.0
ctf,S0,0,0,0,1.0,1.0,0.08,0.07,0.0,1.0,1.0,1,18755.0
private,S0,0,0,0,1.0,1.0,0.05,0.07,0.0,1.0,1.0,1,55107.0
urp_i,SF,182,0,0,0.0,0.0,0.5,1.0,0.0,0.0,0.0,0,4471.0
ctf,REJ,0,0,0,0.0,0.0,0.02,0.07,0.0,0.0,0.0,1,108853.0
http,SF,296,163,1,0.0,0.0,1.0,0.0,0.0,0.0,0.0,0,109639.0
http,REJ,0,0,0,0.0,0.0,1.0,0.0,0.2,0.0,0.0,0,39284.0
http,SF,324,1664,1,0.0,0.0,1.0,0.0,0.02,0.0,0.0,0,90796.0
private,SF,28,0,0,0.0,0.0,1.0,0.0,0.0,0.0,0.0,1,23556.0
auth,S0,0,0,0,1.0,1.0,0.08,0.05,0.0,1.0,1.0,1,77270.0
domain_u,SF,43,128,0,0.0,0.0,1.0,0.0,0.0,0.0,0.0,0,60993.0
private,SF,105,147,0,0.0,0.0,0.1,0.2,0.0,0.0,0.0,0,84664.0
netstat,S0,0,0,0,1.0,1.0,0.06,0.06,0.0,1.0,1.0,1,114409.0
http,SF,337,385,1,0.0,0.0,1.0,0.0,0.04,0.0,0.0,0,91950.0
courier,S0,0,0,0,1.0,1.0,0.04,0.07,0.0,1.0,1.0,1,114787.0
eco_i,SF,8,0,0,0.0,0.0,1.0,0.0,0.25,0.0,0.0,1,10073.0
http,SF,251,580,1,0.0,0.0,1.0,0.0,0.01,0.0,0.0,0,125008.0
http,SF,206,28502,1,0.0,0.0,1.0,0.0,0.04,0.0,0.0,0,51460.0
ftp_data,SF,12,0,1,0.0,0.0,1.0,0.0,0.07,0.0,0.0,0,72643.0
gopher,S0,0,0,0,1.0,1.0,0.11,0.05,0.0,1.0,1.0,1,70795.0
auth,S0,0,0,0,1.0,1.0,0.02,0.06,0.0,1.0,1.0,1,91351.0
http,SF,230,640,1,0.0,0.0,1.0,0.0,0.02,0.0,0.0,0,99989.0
ftp_data,SF,2982,0,0,0.0,0.0,1.0,0.0,0.0,0.0,0.0,0,39286.0
nnsp,S0,0,0,0,1.0,1.0,0.18,0.06,0.0,1.0,1.0,1,3989.0
other,SF,516,4,0,0.0,0.0,1.0,0.0,0.0,0.0,0.0,0,16722.0
http,SF,249,796,1,0.0,0.0,1.0,0.0,0.02,0.0,0.0,0,125465.0
smtp,SF,1518,327,1,0.0,0.0,1.0,0.0,0.06,0.0,0.0,0,72191.0
http,SF,225,2631,1,0.0,0.0,1.0,0.0,0.05,0.0,0.0,0,64909.0
ftp_data,S0,0,0,0,1.0,1.0,0.2,0.27,0.04,0.98,0.42,1,12415.0
supdup,S0,0,0,0,1.0,1.0,0.01,0.07,0.0,1.0,1.0,1,93640.0
smtp,SF,1116,333,1,0.0,0.0,1.0,0.0,0.02,0.01,0.02,0,6709.0
http,SF,199,466,1,0.0,0.0,1.0,0.0,0.0,0.0,0.0,0,118238.0
ctf,S0,0,0,0,1.0,1.0,0.02,0.06,0.0,1.0,1.0,1,84318.0
ldap,REJ,0,0,0,0.0,0.0,0.06,0.08,0.0,0.0,0.0,1,118230.0
private,REJ,0,0,0,0.0,0.0,0.11,0.06,0.0,0.0,0.0,1,34345.0
smtp,SF,713,280,1,0.0,0.0,1.0,0.0,0.01,0.0,0.0,0,6018.0
ftp_data,SF,14,0,1,0.0,0.0,1.0,0.0,0.05,0.0,0.0,0,52108.0
private,S0,0,0,0,1.0,1.0,0.05,0.05,0.0,1.0,1.0,1,29994.0
private,S0,0,0,0,1.0,1.0,0.03,0.06,0.0,1.0,1.0,1,47468.0
private,SF,28,0,0,0.0,0.0,1.0,0.0,0.0,0.0,0.0,1,52.0
http,SF,225,3773,1,0.0,0.0,1.0,0.0,0.0,0.0,0.0,0,62439.0
bgp,S0,0,0,0,1.0,1.0,0.02,0.06,0.0,1.0,1.0,1,42162.0
auth,S0,0,0,0,1.0,1.0,0.05,0.05,0.0,1.0,1.0,1,31456.0
eco_i,SF,8,0,0,0.0,0.0,1.0,0.0,0.25,0.0,0.0,1,113288.0
http,REJ,0,0,0,0.0,0.0,1.0,0.0,0.02,0.0,0.0,0,92549.0
http,SF,159,9542,1,0.0,0.0,1.0,0.0,0.03,0.0,0.0,0,116634.0
private,S0,0,0,0,1.0,1.0,0.02,0.06,0.0,1.0,1.0,1,39189.0
private,S0,0,0,0,1.0,1.0,0.03,0.07,0.0,1.0,1.0,1,104396.0
private,S0,0,0,0,1.0,1.0,0.14,0.07,0.0,1.0,1.0,1,9256.0
http,S0,0,0,0,1.0,1.0,0.26,0.06,0.0,1.0,1.0,1,60666.0
domain_u,SF,45,135,0,0.0,0.0,1.0,0.0,0.01,0.0,0.0,0,69263.0
pop_3,S0,0,0,0,1.0,1.0,0.08,0.06,0.0,1.0,1.0,1,114519.0
private,S0,0,0,0,1.0,1.0,0.14,0.05,0.0,1.0,1.0,1,99159.0
uucp,S0,0,0,0,1.0,1.0,0.29,0.06,0.0,1.0,1.0,1,75571.0
http,SF,218,1084,1,0.0,0.0,1.0,0.0,0.0,0.0,0.0,0,40445.0
ecr_i,SF,1032,0,0,0.0,0.0,1.0,0.0,0.0,0.0,0.0,1,92047.0
http,SF,295,2888,1,0.0,0.0,1.0,0.0,0.04,0.0,0.01,0,39288.0
http,SF,234,8116,1,0.0,0.0,1.0,0.0,0.0,0.0,0.0,0,54477.0
ftp_data,SF,11,0,1,0.0,0.0,1.0,0.0,0.02,0.0,0.0,0,63486.0
private,REJ,0,0,0,0.14,0.0,0.02,1.0,0.0,0.03,0.0,1,64165.0
http,REJ,0,0,0,0.0,0.0,1.0,0.0,0.19,0.0,0.0,0,52605.0
private,SF,1,0,0,0.0,0.0,1.0,0.0,0.0,0.03,0.0,1,86950.0
http,SF,226,15050,1,0.0,0.0,1.0,0.0,0.02,0.02,0.0,0,45923.0
http,SF,201,1570,1,0.0,0.0,1.0,0.0,0.0,0.0,0.0,0,13695.0
telnet,S0,0,0,0,1.0,1.0,0.11,0.06,0.0,1.0,1.0,1,39428.0
ftp_data,S0,0,0,0,1.0,1.0,0.2,0.08,0.0,1.0,1.0,1,114244.0
http,SF,290,492,1,0.0,0.0,1.0,0.0,0.0,0.0,0.0,0,21263.0
private,SH,0,0,0,1.0,1.0,1.0,0.0,0.0,0.94,1.0,1,113248.0
http,SF,254,4845,1,0.0,0.0,1.0,0.0,0.02,0.0,0.0,0,24684.0
http,SF,206,2607,1,0.0,0.0,1.0,0.0,0.0,0.0,0.0,0,32579.0
eco_i,SF,30,0,0,0.0,0.0,1.0,0.0,0.0,0.0,0.0,0,85101.0
eco_i,SF,8,0,0,0.0,0.0,1.0,0.0,0.25,0.0,0.0,1,56513.0
domain_u,SF,44,127,0,0.0,0.0,0.98,0.03,0.0,0.0,0.0,0,83083.0
ftp,SF,283,903,1,0.0,0.0,1.0,0.0,0.0,0.0,0.0,0,54500.0
http,SF,227,457,1,0.0,0.0,1.0,0.0,0.05,0.0,0.0,0,18703.0
private,SF,1,0,0,0.0,0.0,0.92,0.02,0.0,0.0,0.0,1,86467.0
ftp_data,SF,192,0,1,0.0,0.0,1.0,0.0,0.02,0.01,0.01,0,32707.0
domain_u,SF,46,132,0,0.0,0.0,1.0,0.0,0.0,0.0,0.0,0,27971.0
ftp_data,SF,12983,0,1,0.0,0.0,1.0,0.0,0.0,0.0,0.01,0,98038.0
klogin,S0,0,0,0,1.0,1.0,0.15,0.06,0.0,1.0,1.0,1,122604.0
http,SF,284,7971,1,0.0,0.0,1.0,0.0,0.03,0.0,0.0,0,68648.0
http,SF,201,7980,1,0.0,0.0,1.0,0.0,0.04,0.0,0.0,0,1467.0
Z39_50,S0,0,0,0,1.0,1.0,0.03,0.07,0.0,1.0,1.0,1,54020.0
http,SF,145,5545,1,0.0,0.0,1.0,0.0,0.04,0.0,0.0,0,36932.0
http,SF,234,1705,1,0.0,0.0,1.0,0.0,0.01,0.0,0.0,0,118233.0
vmnet,S0,0,0,0,1.0,1.0,0.02,0.06,0.0,1.0,1.0,1,70034.0
http,SF,236,3076,1,0.0,0.0,1.0,0.0,0.06,0.0,0.0,0,86135.0
private,SF,1,0,0,0.0,0.0,0.07,0.71,0.0,0.0,0.0,1,49391.0
private,S0,0,0,0,1.0,1.0,0.11,0.06,0.0,1.0,1.0,1,88203.0
ftp_data,SF,501760,0,1,0.0,0.0,1.0,0.0,0.03,0.0,0.0,0,118789.0
ftp_data,SF,5891,0,1,0.0,0.0,1.0,0.0,0.0,0.29,0.34,0,65950.0
http,SF,225,18273,1,0.0,0.0,1.0,0.0,0.01,0.0,0.0,0,16058.0
http,SF,215,4896,1,0.0,0.0,1.0,0.0,0.02,0.0,0.0,0,42146.0
systat,S0,0,0,0,1.0,1.0,0.07,0.06,0.0,1.0,1.0,1,115066.0
private,S0,0,0,0,1.0,1.0,0.07,0.05,0.0,1.0,1.0,1,106916.0
private,S0,0,0,0,1.0,1.0,0.12,0.06,0.0,1.0,1.0,1,89001.0
http,SF,301,1404,1,0.0,0.0,1.0,0.0,0.0,0.0,0.0,0,84911.0
private,SF,105,147,0,0.0,0.0,1.0,0.0,0.0,0.0,0.0,0,52261.0
http,SF,240,488,1,0.0,0.0,1.0,0.0,0.0,0.0,0.0,0,106932.0
finger,S0,0,0,0,1.0,1.0,0.5,0.07,0.0,1.0,1.0,1,59199.0
efs,S0,0,0,0,1.0,1.0,0.18,0.05,0.0,1.0,1.0,1,24217.0
bgp,S0,0,0,0,1.0,1.0,0.05,0.05,0.0,1.0,1.0,1,94811.0
http,SF,292,642,1,0.0,0.0,1.0,0.0,0.0,0.0,0.0,0,50845.0
auth,S0,0,0,0,1.0,1.0,0.0,0.07,0.0,1.0,1.0,1,107953.0
smtp,SF,2704,331,1,0.0,0.0,1.0,0.0,0.02,0.01,0.01,0,91395.0
auth,SF,6,31,1,0.02,0.0,0.0,1.0,0.0,0.02,0.0,1,41402.0
netbios_dgm,REJ,0,0,0,0.0,0.0,0.0,0.07,0.0,0.0,0.0,1,5676.0
http,SF,238,542,1,0.0,0.0,1.0,0.0,0.07,0.0,0.0,0,66891.0
private,SF,207,0,0,0.0,0.0,1.0,0.0,0.0,0.0,0.0,1,106808.0
other,SF,147,105,0,0.0,0.0,1.0,0.0,0.0,0.0,0.0,0,18563.0
ftp_data,SF,0,4076,0,0.0,0.0,1.0,0.0,0.05,0.0,0.0,0,5135.0
supdup,S0,0,0,0,1.0,1.0,0.09,0.06,0.0,1.0,1.0,1,125920.0
smtp,SF,1814,451,1,0.0,0.0,1.0,0.0,0.0,0.45,0.0,0,29563.0
smtp,SF,805,337,1,0.0,0.0,1.0,0.0,0.0,0.0,0.0,0,18093.0
bgp,S0,0,0,0,1.0,1.0,0.01,0.06,0.0,1.0,1.0,1,85760.0
domain_u,SF,46,135,0,0.0,0.0,1.0,0.0,0.0,0.0,0.0,0,76907.0
domain_u,SF,43,64,0,0.0,0.0,1.0,0.0,0.0,0.0,0.0,0,75641.0
private,SF,1,0,0,0.0,0.0,0.91,0.02,0.0,0.0,0.0,1,44618.0
private,S0,0,0,0,1.0,1.0,0.09,0.06,0.0,1.0,1.0,1,1772.0
private,S0,0,0,0,1.0,1.0,0.09,0.05,0.0,1.0,1.0,1,58698.0
private,REJ,0,0,0,0.06,0.0,0.0,1.0,0.0,0.08,0.0,1,91920.0
http,SF,227,1797,1,0.0,0.0,1.0,0.0,0.05,0.02,0.02,0,108418.0
http,SF,347,6106,1,0.0,0.0,1.0,0.0,0.01,0.0,0.0,0,49547.0
Z39_50,S0,0,0,0,1.0,1.0,0.01,0.06,0.0,1.0,1.0,1,28930.0
ftp_data,SF,12,0,0,0.0,0.0,1.0,0.0,0.17,0.0,0.0,0,112491.0
http,SF,280,290,1,0.0,0.0,1.0,0.0,0.01,0.0,0.0,0,51159.0
ftp_data,SF,7280,0,1,0.0,0.0,1.0,0.0,0.06,0.0,0.0,0,73274.0
uucp,RSTO,0,0,0,0.0,0.0,0.13,0.06,0.0,0.0,0.0,1,46117.0
ecr_i,SF,520,0,0,0.0,0.0,1.0,0.0,0.0,0.0,0.0,1,26109.0
http,SF,233,11842,1,0.0,0.0,1.0,0.0,0.0,0.0,0.0,0,108792.0
http,SF,292,906,1,0.0,0.0,1.0,0.0,0.02,0.0,0.0,0,47293.0
private,REJ,0,0,0,0.0,0.0,0.02,0.06,0.0,0.0,0.0,1,81444.0
supdup,S0,0,0,0,1.0,1.0,0.16,0.06,0.0,1.0,1.0,1,64637.0
private,S0,0,0,0,1.0,1.0,0.03,0.06,0.0,1.0,1.0,1,26807.0
private,S0,0,0,0,1.0,1.0,0.02,0.07,0.0,1.0,1.0,1,77302.0
http,SF,214,278,1,0.0,0.0,1.0,0.0,0.05,0.0,0.0,0,53137.0
ftp_data,SF,334,0,1,0.0,0.0,1.0,0.0,0.17,0.0,0.0,1,61283.0
bgp,S0,0,0,0,1.0,1.0,0.0,0.05,0.0,1.0,1.0,1,37880.0
private,SF,1,0,0,0.0,0.0,0.08,0.69,0.0,0.0,0.0,1,44520.0
http,SF,209,1295,1,0.0,0.0,1.0,0.0,0.0,0.0,0.0,0,115470.0
private,RSTR,0,0,0,0.0,0.0,1.0,0.0,0.0,0.0,0.0,1,71229.0
private,S0,0,0,0,1.0,1.0,0.06,0.06,0.0,1.0,1.0,1,28313.0
domain_u,SF,45,80,0,0.0,0.0,1.0,0.0,0.0,0.0,0.0,0,73062.0
http,SF,211,2557,1,0.0,0.0,1.0,0.0,0.0,0.0,0.0,0,72866.0
http,SF,210,1933,1,0.0,0.0,1.0,0.0,0.05,0.0,0.0,0,70256.0
domain_u,SF,28,81,0,0.0,0.0,1.0,0.0,0.0,0.0,0.0,0,116205.0
http,SF,323,278,1,0.0,0.0,1.0,0.0,0.0,0.0,0.0,0,12747.0
http,SF,233,13614,1,0.0,0.0,1.0,0.0,0.01,0.0,0.0,0,113580.0
smtp,SF,949,334,1,0.0,0.0,1.0,0.0,0.01,0.02,0.01,0,69459.0
smtp,SF,1060,330,1,0.0,0.0,1.0,0.0,0.01,0.0,0.0,0,34729.0
domain_u,SF,44,135,0,0.0,0.0,0.98,0.03,0.0,0.0,0.0,0,46675.0
http,REJ,0,0,0,0.0,0.0,1.0,0.0,0.2,0.0,0.0,0,98389.0
ftp_data,SF,252,0,1,0.0,0.0,1.0,0.0,0.07,0.0,0.0,0,37362.0
private,S0,0,0,0,1.0,1.0,0.04,0.05,0.0,0.89,1.0,1,114382.0
http,SF,248,309,1,0.0,0.0,1.0,0.0,0.0,0.0,0.0,0,82183.0
http,SF,259,7466,1,0.0,0.0,1.0,0.0,0.03,0.0,0.0,0,91148.0
http,REJ,0,0,0,0.0,0.0,1.0,0.0,0.21,0.0,0.0,0,57739.0
ftp_data,SF,554,0,1,0.0,0.0,1.0,0.0,0.07,0.0,0.0,0,105320.0
uucp_path,S0,0,0,0,1.0,1.0,0.1,0.06,0.0,1.0,1.0,1,72064.0
finger,S0,0,0,0,1.0,1.0,0.26,0.13,0.0,1.0,1.0,1,92886.0
ecr_i,SF,520,0,0,0.0,0.0,1.0,0.0,0.0,0.0,0.0,1,10583.0
http,SF,268,20029,1,0.0,0.0,1.0,0.0,0.0,0.0,0.0,0,46756.0
http,SF,286,4673,1,0.0,0.0,1.0,0.0,0.02,0.0,0.0,0,3199.0
http,SF,308,11283,1,0.0,0.0,1.0,0.0,0.03,0.0,0.0,0,72647.0
private,S0,0,0,0,1.0,1.0,0.0,0.07,0.0,1.0,1.0,1,28884.0
auth,REJ,0,0,0,0.0,0.0,0.01,0.06,0.0,0.0,0.0,1,13096.0
http,SF,283,15684,1,0.0,0.0,1.0,0.0,0.04,0.0,0.0,0,124698.0
nnsp,S0,0,0,0,1.0,1.0,0.1,0.06,0.0,1.0,1.0,1,28473.0
auth,REJ,0,0,0,0.0,0.0,0.06,0.06,0.0,0.0,0.0,1,23714.0
http,S0,0,0,0,1.0,1.0,0.12,0.05,0.0,1.0,1.0,1,92429.0
http,SF,209,2408,1,0.25,0.2,1.0,0.0,0.0,0.0,0.0,0,59842.0
private,S0,0,0,0,1.0,1.0,0.06,0.06,0.0,1.0,1.0,1,100652.0
private,REJ,0,0,0,0.0,0.0,0.04,0.06,0.0,0.0,0.0,1,85417.0
smtp,SF,3970,332,1,0.0,0.0,1.0,0.0,0.01,0.0,0.0,0,109933.0
http,SF,307,2698,1,0.0,0.0,1.0,0.0,0.0,0.0,0.0,0,103445.0
http,SF,222,238,1,0.0,0.0,1.0,0.0,0.07,0.0,0.0,0,49318.0
private,S0,0,0,0,1.0,1.0,0.11,0.06,0.0,1.0,1.0,1,110208.0
http,SF,284,9418,1,0.0,0.0,1.0,0.0,0.01,0.0,0.0,0,12088.0
http,SF,305,2073,1,0.0,0.0,1.0,0.0,0.0,0.0,0.0,0,43801.0
efs,S0,0,0,0,1.0,1.0,0.06,0.07,0.0,1.0,1.0,1,39165.0
http,SF,205,579,1,0.0,0.0,1.0,0.0,0.04,0.0,0.0,0,84299.0
uucp,RSTO,0,0,0,0.0,0.0,0.13,0.07,0.0,0.0,0.0,1,55727.0
efs,S0,0,0,0,1.0,1.0,0.15,0.06,0.0,1.0,1.0,1,7804.0
http,REJ,0,0,0,0.0,0.0,1.0,0.0,0.03,0.0,0.0,0,62616.0
http_443,REJ,0,0,0,0.0,0.0,0.09,0.06,0.0,0.0,0.0,1,34073.0
name,REJ,0,0,0,0.0,0.0,0.05,0.08,0.0,0.0,0.0,1,37382.0
domain_u,SF,44,44,0,0.0,0.0,1.0,0.0,0.0,0.0,0.0,0,124696.0
smtp,RSTO,0,0,0,0.0,0.0,1.0,0.0,0.0,0.59,0.0,0,29610.0
iso_tsap,S0,0,0,0,1.0,1.0,0.04,0.07,0.0,1.0,1.0,1,48112.0
ftp,SF,60,189,0,0.0,0.0,1.0,0.0,0.0,0.0,0.0,0,110975.0
private,S0,0,0,0,1.0,1.0,0.01,0.06,0.0,1.0,1.0,1,123981.0
private,RSTR,0,0,0,0.0,0.0,0.01,0.52,0.0,0.0,0.0,1,110716.0
http,SF,291,1084,1,0.0,0.0,1.0,0.0,0.0,0.0,0.0,0,56860.0
domain_u,SF,45,76,0,0.0,0.0,1.0,0.0,0.0,0.0,0.0,0,21955.0
ftp_data,S0,0,0,0,1.0,1.0,0.33,0.44,0.0,1.0,1.0,1,99392.0
private,REJ,0,0,0,0.0,0.0,0.03,0.07,0.0,0.0,0.0,1,125264.0
login,S0,0,0,0,1.0,1.0,0.03,0.06,0.0,1.0,1.0,1,77854.0
daytime,S0,0,0,0,1.0,1.0,0.03,0.06,0.0,1.0,1.0,1,100704.0
daytime,S0,0,0,0,1.0,1.0,0.03,0.06,0.0,1.0,1.0,1,31203.0
http,SF,189,622,1,0.0,0.0,1.0,0.0,0.0,0.0,0.0,0,75499.0
http,SF,234,291,1,0.0,0.0,1.0,0.0,0.0,0.0,0.0,0,110159.0
ftp_data,SF,43003,0,1,0.0,0.0,1.0,0.0,0.02,0.0,0.0,0,112828.0
http,REJ,0,0,0,0.0,0.0,1.0,0.0,0.13,0.0,0.0,0,61633.0
http,SF,321,539,1,0.0,0.0,1.0,0.0,0.01,0.0,0.0,0,78312.0
ftp_data,SF,373,0,0,0.0,0.0,1.0,0.0,0.0,0.0,0.0,0,40384.0
rje,REJ,0,0,0,0.07,0.0,0.0,1.0,0.0,0.1,0.0,1,9058.0
http,SF,212,2839,1,0.0,0.0,1.0,0.0,0.0,0.0,0.0,0,84331.0
http,S0,0,0,0,1.0,1.0,0.25,1.0,0.0,1.0,1.0,1,60385.0
ftp_data,SF,334,0,1,0.0,0.0,1.0,0.0,0.11,0.25,0.02,1,122747.0
name,S0,0,0,0,0.69,1.0,0.01,0.39,0.0,0.44,1.0,1,21724.0
http,SF,242,370,1,0.0,0.0,1.0,0.0,0.0,0.0,0.0,0,59195.0
eco_i,SF,8,0,0,0.0,0.0,1.0,0.0,0.51,0.0,0.0,1,78607.0
discard,S0,0,0,0,1.0,1.0,0.03,0.06,0.0,1.0,1.0,1,49920.0
http,SF,235,3913,1,0.0,0.0,1.0,0.0,0.08,0.0,0.0,0,112240.0
time,S0,0,0,0,1.0,1.0,0.06,0.07,0.0,1.0,1.0,1,111626.0
private,S0,0,0,0,1.0,1.0,0.13,0.06,0.0,1.0,1.0,1,31839.0
private,S0,0,0,0,1.0,1.0,0.16,0.04,0.0,1.0,1.0,1,3002.0
http_443,S0,0,0,0,1.0,1.0,0.02,0.06,0.0,1.0,1.0,1,119797.0
eco_i,SF,8,0,0,0.0,0.0,1.0,0.0,0.5,0.0,0.0,1,53862.0
http,S2,228,0,1,1.0,1.0,1.0,0.0,0.07,0.5,0.01,0,119031.0
http,SF,392,42660,1,0.0,0.0,1.0,0.0,0.0,0.0,0.0,0,93047.0
efs,S0,0,0,0,1.0,1.0,0.12,0.05,0.0,1.0,1.0,1,60004.0
private,SF,215,0,0,0.0,0.0,1.0,0.0,0.0,0.0,0.0,1,49516.0
http,SF,297,1155,1,0.0,0.0,1.0,0.0,0.0,0.0,0.0,0,110741.0
bgp,S0,0,0,0,1.0,1.0,0.04,0.06,0.0,1.0,1.0,1,19242.0
http,SF,221,12922,1,0.0,0.0,1.0,0.0,0.0,0.0,0.0,0,81608.0
domain_u,SF,44,69,0,0.0,0.0,1.0,0.0,0.0,0.0,0.0,0,64896.0
ftp_data,REJ,0,0,0,0.0,0.0,1.0,0.0,0.03,0.0,0.0,1,23422.0
http,SF,322,299,1,0.0,0.0,1.0,0.0,0.03,0.0,0.0,0,45086.0
http,SF,271,349,1,0.0,0.0,1.0,0.0,0.04,0.0,0.0,0,9273.0
whois,S0,0,0,0,1.0,1.0,0.01,0.06,0.0,1.0,1.0,1,106357.0
ftp_data,S0,0,0,0,1.0,1.0,0.2,0.11,0.0,1.0,1.0,1,101510.0
private,REJ,0,0,0,0.02,0.0,0.02,1.0,0.0,0.0,0.0,1,72370.0
private,S0,0,0,0,1.0,1.0,0.05,0.06,0.0,1.0,1.0,1,5502.0
whois,REJ,0,0,0,0.0,0.0,0.06,0.06,0.0,0.0,0.0,1,92517.0
http,SF,161,5977,1,0.0,0.0,1.0,0.0,0.05,0.0,0.01,0,75958.0
http,SF,242,12777,1,0.0,0.0,1.0,0.0,0.05,0.0,0.0,0,48025.0
http,SF,305,809,1,0.0,0.0,1.0,0.0,0.0,0.0,0.0,0,88052.0
private,S0,0,0,0,1.0,1.0,0.05,0.05,0.0,1.0,1.0,1,28126.0
private,S0,0,0,0,1.0,1.0,0.07,0.06,0.0,1.0,1.0,1,4785.0
private,S0,0,0,0,1.0,1.0,0.02,0.05,0.0,1.0,1.0,1,80189.0
finger,S0,0,0,0,1.0,1.0,0.06,0.06,0.0,1.0,1.0,1,64664.0
login,S0,0,0,0,1.0,1.0,0.12,0.06,0.0,1.0,1.0,1,93457.0
ftp,SF,286,903,1,0.0,0.0,1.0,0.0,0.0,0.0,0.0,0,90640.0
smtp,SF,1085,334,1,0.0,0.0,1.0,0.0,0.01,0.0,0.01,0,113113.0
http,S0,0,0,0,1.0,1.0,0.38,0.15,0.0,1.0,1.0,1,63591.0
http,SF,286,9967,1,0.0,0.0,1.0,0.0,0.04,0.0,0.0,0,113679.0
http_443,REJ,0,0,0,0.0,0.0,0.01,0.08,0.0,0.0,0.0,1,118075.0
smtp,SF,1206,332,1,0.0,0.0,1.0,0.0,0.0,0.0,0.0,0,105563.0
domain_u,SF,42,42,0,0.0,0.0,1.0,0.0,0.0,0.0,0.0,0,35075.0
http,SF,214,7266,1,0.0,0.0,1.0,0.0,0.01,0.0,0.0,0,46483.0
http,SF,341,405,1,0.0,0.0,1.0,0.0,0.02,0.0,0.01,0,34010.0
private,S0,0,0,0,1.0,1.0,0.17,0.05,0.0,1.0,1.0,1,50965.0
http,SF,229,2638,1,0.0,0.0,1.0,0.0,0.0,0.0,0.0,0,122789.0
http,SF,204,50390,1,0.0,0.0,1.0,0.0,0.04,0.0,0.0,0,22101.0
smtp,SF,807,335,1,0.0,0.0,1.0,0.0,0.01,0.0,0.0,0,53877.0
private,REJ,0,0,0,0.0,0.0,0.08,0.06,0.0,0.0,0.0,1,89172.0
http,SF,244,274,1,0.0,0.0,1.0,0.0,0.0,0.0,0.0,0,85909.0
http,S0,0,0,0,1.0,0.43,0.05,0.06,0.0,1.0,1.0,1,75598.0
domain_u,SF,44,158,0,0.0,0.0,1.0,0.0,0.01,0.0,0.0,0,103941.0
http,SF,204,1395,1,0.0,0.0,1.0,0.0,0.06,0.0,0.01,0,82610.0
domain_u,SF,36,101,0,0.0,0.0,1.0,0.0,0.0,0.0,0.0,0,110749.0
http,SF,208,750,1,0.0,0.0,1.0,0.0,0.04,0.0,0.0,0,100546.0
ecr_i,SF,520,0,0,0.0,0.0,1.0,0.0,0.0,0.0,0.0,1,81796.0
smtp,SF,1363,330,1,0.0,0.0,1.0,0.0,0.01,0.0,0.0,0,32582.0
smtp,SF,744,334,1,0.0,0.0,1.0,0.0,0.01,0.0,0.0,0,67498.0
http,SF,309,1487,1,0.0,0.0,1.0,0.0,0.02,0.0,0.0,0,65637.0
http,SF,358,11839,1,0.0,0.0,1.0,0.0,0.04,0.0,0.0,0,90616.0
imap4,S0,0,0,0,1.0,1.0,0.05,0.06,0.0,1.0,1.0,1,122697.0
http,SF,262,7299,1,0.0,0.0,1.0,0.0,0.02,0.0,0.0,0,70938.0
private,S0,0,0,0,1.0,1.0,0.04,0.06,0.0,1.0,1.0,1,53174.0
domain_u,SF,29,0,0,0.0,0.0,1.0,0.0,0.05,0.01,0.0,0,49738.0
uucp_path,REJ,0,0,0,0.0,0.0,0.5,1.0,0.0,0.0,0.0,1,46106.0
http,SF,308,5975,1,0.0,0.0,1.0,0.0,0.05,0.0,0.0,0,21475.0
http,SF,223,431,1,0.25,0.25,1.0,0.0,0.0,0.0,0.0,0,12332.0
http,SF,252,2120,1,0.0,0.0,1.0,0.0,0.03,0.0,0.0,0,104839.0
private,REJ,0,0,0,0.0,0.0,0.1,0.06,0.0,0.0,0.0,1,103077.0
Z39_50,S0,0,0,0,1.0,1.0,0.02,0.08,0.0,1.0,1.0,1,41831.0
http,SF,204,1395,1,0.0,0.0,1.0,0.0,0.03,0.01,0.0,0,65580.0
http,SF,300,760,1,0.0,0.0,1.0,0.0,0.02,0.0,0.0,0,20951.0
ftp_data,SF,4813,0,1,0.0,0.0,1.0,0.0,0.05,0.0,0.0,0,52532.0
private,S0,0,0,0,1.0,1.0,0.02,0.07,0.0,1.0,1.0,1,100072.0
smtp,SF,11371,1430,1,0.0,0.0,1.0,0.0,0.01,0.0,0.0,0,54533.0
private,S0,0,0,0,1.0,1.0,0.06,0.06,0.0,1.0,1.0,1,76516.0
http,SF,335,285,1,0.0,0.0,1.0,0.0,0.0,0.0,0.0,0,41381.0
http,SF,54540,8314,1,0.0,0.0,1.0,0.0,0.0,0.0,0.0,1,76055.0
private,S0,0,0,0,1.0,1.0,0.05,0.07,0.0,1.0,1.0,1,116014.0
http,SF,324,1227,1,0.0,0.0,1.0,0.0,0.0,0.0,0.0,0,50180.0
http,SF,258,7770,1,0.0,0.0,1.0,0.0,0.0,0.0,0.0,0,120953.0
http,SF,328,275,1,0.0,0.0,1.0,0.0,0.0,0.0,0.0,0,123.0
ftp_data,S0,0,0,0,0.97,1.0,0.2,0.14,0.0,1.0,1.0,1,15105.0
domain_u,SF,42,126,0,0.0,0.0,1.0,0.01,0.0,0.0,0.0,0,79539.0
http,SF,311,447,1,0.0,0.0,1.0,0.0,0.0,0.0,0.0,0,62745.0
supdup,S0,0,0,0,1.0,1.0,0.04,0.05,0.0,1.0,1.0,1,39345.0
finger,SF,6,0,0,0.0,0.0,0.02,1.0,0.2,0.0,0.0,1,61333.0
private,REJ,0,0,0,0.0,0.0,0.06,0.06,0.0,0.0,0.0,1,7348.0
finger,S0,0,0,0,1.0,1.0,0.24,0.11,0.0,1.0,1.0,1,121252.0
other,REJ,0,0,0,0.11,0.0,0.0,1.0,0.0,0.13,0.0,1,118146.0
smtp,SF,1490,407,1,0.0,0.0,1.0,0.0,0.02,0.0,0.0,0,12858.0
other,RSTR,1,0,0,0.0,0.0,1.0,0.0,0.0,0.0,0.0,1,23284.0
sunrpc,S0,0,0,0,1.0,1.0,0.09,0.06,0.0,1.0,1.0,1,54942.0
http,SF,225,3226,1,0.0,0.0,1.0,0.0,0.06,0.0,0.0,0,3255.0
http,SF,194,8287,1,0.0,0.0,1.0,0.0,0.11,0.0,0.0,0,105310.0
http,SF,315,7613,1,0.0,0.0,1.0,0.0,0.02,0.0,0.0,0,40941.0
ftp_data,SF,194,0,1,0.0,0.0,1.0,0.0,0.0,0.0,0.0,0,107684.0
auth,REJ,0,0,0,0.0,0.0,0.11,0.07,0.0,0.0,0.0,1,37037.0
iso_tsap,REJ,0,0,0,0.0,0.0,0.17,0.07,0.0,0.0,0.0,1,42546.0
http,SF,207,1215,1,0.0,0.0,1.0,0.0,0.02,0.0,0.0,0,117728.0
http,SF,253,468,1,0.0,0.0,1.0,0.0,0.02,0.0,0.0,0,24135.0
ftp,SF,943,2720,1,0.0,0.0,1.0,0.0,0.0,0.0,0.0,0,107858.0
ftp_data,SF,276,0,1,0.0,0.0,1.0,0.0,0.03,0.0,0.0,0,105205.0
http,SF,351,392,1,0.0,0.0,1.0,0.0,0.0,0.0,0.0,0,87899.0
eco_i,SF,18,0,0,0.0,0.0,0.0,0.0,1.0,0.0,0.0,1,66188.0
login,S0,0,0,0,1.0,1.0,0.14,0.06,0.0,1.0,1.0,1,7967.0
ldap,S0,0,0,0,1.0,1.0,0.02,0.07,0.0,1.0,1.0,1,547.0
http,SF,328,4509,1,0.0,0.0,1.0,0.0,0.02,0.0,0.0,0,120388.0
domain_u,SF,44,44,0,0.0,0.0,1.0,0.0,0.0,0.0,0.0,0,78341.0
domain,S0,0,0,0,1.0,1.0,0.43,0.13,0.0,1.0,1.0,1,67722.0
ecr_i,SF,1032,0,0,0.0,0.0,1.0,0.0,0.0,0.0,0.0,1,86099.0
login,S0,0,0,0,1.0,1.0,0.03,0.06,0.0,1.0,1.0,1,50257.0
smtp,SF,1443,399,1,0.0,0.0,1.0,0.0,0.01,0.0,0.0,0,52867.0
other,SF,113,0,0,0.0,0.0,0.97,0.07,0.0,0.0,0.0,0,58548.0
netbios_ssn,REJ,0,0,0,0.0,0.0,0.05,0.06,0.0,0.0,0.0,1,51853.0
http,SF,209,8422,1,0.0,0.0,1.0,0.0,0.0,0.0,0.0,0,106527.0
courier,S0,0,0,0,1.0,1.0,0.04,0.06,0.0,1.0,1.0,1,106520.0
ecr_i,SF,1032,0,0,0.0,0.0,1.0,0.0,0.0,0.0,0.0,1,54468.0
eco_i,SF,8,0,0,0.0,0.0,1.0,0.0,0.5,0.0,0.0,1,30667.0
link,S0,0,0,0,1.0,1.0,0.02,0.07,0.0,1.0,1.0,1,107148.0
http,SF,328,3729,1,0.0,0.0,1.0,0.0,0.0,0.0,0.0,0,75096.0
mtp,S0,0,0,0,1.0,1.0,0.01,0.06,0.0,1.0,1.0,1,106431.0
http,SF,314,646,1,0.0,0.0,1.0,0.0,0.01,0.0,0.0,0,43991.0
netbios_dgm,S0,0,0,0,1.0,1.0,0.01,0.07,0.0,1.0,1.0,1,89284.0
http,SF,378,346,1,0.0,0.0,1.0,0.0,0.04,0.0,0.0,0,114145.0
sunrpc,S0,0,0,0,1.0,1.0,0.02,0.06,0.0,1.0,1.0,1,74418.0
ftp,SF,1196,2449,1,0.0,0.0,1.0,0.0,0.0,0.0,0.0,1,37075.0
smtp,SF,984,335,1,0.0,0.0,1.0,0.0,0.02,0.0,0.02,0,80388.0
private,RSTR,1,0,0,0.0,0.0,1.0,0.0,0.0,0.0,0.0,1,31392.0
discard,S0,0,0,0,1.0,1.0,0.01,0.06,0.0,1.0,1.0,1,92265.0
http,SF,192,4500,1,0.0,0.0,1.0,0.0,0.01,0.0,0.0,0,8970.0
http,SF,313,25519,1,0.0,0.0,1.0,0.0,0.02,0.01,0.0,0,18087.0
private,S0,0,0,0,1.0,1.0,0.09,0.06,0.0,1.0,1.0,1,61021.0
other,REJ,0,0,0,0.04,0.0,0.0,1.0,0.0,0.01,0.0,1,66017.0
domain_u,SF,45,79,0,0.0,0.0,0.99,0.01,0.0,0.0,0.0,0,91240.0
private,REJ,0,0,0,0.0,0.0,0.04,0.06,0.0,0.0,0.0,1,29712.0
ecr_i,SF,1032,0,0,0.0,0.0,1.0,0.0,0.0,0.11,0.0,1,54815.0
http,SF,332,4219,1,0.0,0.0,1.0,0.0,0.04,0.0,0.0,0,14213.0
http,SF,215,2650,1,0.0,0.0,1.0,0.0,0.02,0.0,0.0,0,118723.0
iso_tsap,S0,0,0,0,1.0,1.0,0.05,0.05,0.0,1.0,1.0,1,87428.0
eco_i,SF,18,0,0,0.0,0.0,1.0,0.0,0.25,0.0,0.0,1,111199.0
ftp_data,SF,4753,0,0,0.0,0.0,1.0,0.0,0.03,0.0,0.0,0,85216.0
whois,S0,0,0,0,1.0,1.0,0.07,0.07,0.0,1.0,1.0,1,47638.0
ftp_data,SF,19,0,0,0.0,0.0,1.0,0.0,0.07,0.0,0.0,0,100305.0
domain_u,SF,42,42,0,0.0,0.0,1.0,0.0,0.0,0.0,0.0,0,106545.0
domain_u,SF,44,129,0,0.0,0.0,1.0,0.0,0.0,0.0,0.0,0,99887.0
ecr_i,SF,1032,0,0,0.0,0.0,1.0,0.0,0.0,0.0,0.0,1,21844.0
private,S0,0,0,0,1.0,1.0,0.03,0.07,0.0,1.0,1.0,1,99152.0
private,S0,0,0,0,1.0,1.0,0.14,0.05,0.0,1.0,1.0,1,96860.0
http,SF,317,779,1,0.0,0.0,1.0,0.0,0.04,0.0,0.0,0,36947.0
http,SF,221,1749,1,0.0,0.0,1.0,0.0,0.06,0.0,0.0,0,80824.0
domain_u,SF,42,42,0,0.0,0.0,1.0,0.0,0.0,0.0,0.0,0,6514.0
nnsp,S0,0,0,0,1.0,1.0,0.1,0.06,0.0,1.0,1.0,1,34727.0
kshell,S0,0,0,0,1.0,1.0,0.1,0.05,0.0,1.0,1.0,1,8261.0
http,SF,369,4505,1,0.0,0.0,1.0,0.0,0.0,0.0,0.0,0,78815.0
domain_u,SF,111,31,0,0.0,0.0,1.0,0.0,0.0,0.0,0.0,0,21912.0
other,SF,147,105,0,0.0,0.0,1.0,0.0,0.0,0.0,0.0,0,77580.0
ecr_i,SF,1032,0,0,0.0,0.0,1.0,0.0,0.0,0.0,0.0,1,30976.0
domain_u,SF,30,0,0,0.0,0.0,1.0,0.0,0.0,0.0,0.0,0,56134.0
http,SF,341,2499,1,0.0,0.0,1.0,0.0,0.03,0.0,0.0,0,104985.0
http,SF,196,1635,1,0.0,0.0,1.0,0.0,0.04,0.0,0.0,0,53067.0
ecr_i,SF,520,0,0,0.0,0.0,1.0,0.0,0.0,0.0,0.0,1,79578.0
http,SF,244,7453,1,0.0,0.0,1.0,0.0,0.06,0.0,0.0,0,94906.0
private,REJ,0,0,0,0.0,0.0,0.5,1.0,0.0,0.0,0.0,1,120238.0
smtp,SF,1797,484,1,0.0,0.0,1.0,0.0,0.0,0.14,0.0,0,50086.0
private,S0,0,0,0,1.0,1.0,0.04,0.07,0.0,1.0,1.0,1,17159.0
finger,S0,0,0,0,1.0,1.0,0.01,0.05,0.0,1.0,1.0,1,58402.0
gopher,REJ,0,0,0,0.0,0.0,0.03,0.07,0.0,0.0,0.0,1,106673.0
http,SF,328,2703,1,0.0,0.0,1.0,0.0,0.02,0.0,0.0,0,33363.0
netstat,S0,0,0,0,1.0,1.0,0.06,0.06,0.0,1.0,1.0,1,49067.0
domain_u,SF,43,44,0,0.0,0.0,1.0,0.0,0.0,0.0,0.0,0,41049.0
ecr_i,SF,1032,0,0,0.0,0.0,1.0,0.0,0.0,0.0,0.0,1,98813.0
ftp_data,SF,12,0,1,0.0,0.0,1.0,0.0,0.0,0.0,0.0,0,102840.0
other,RSTR,1,0,0,0.0,0.0,1.0,0.0,0.0,0.0,0.0,1,92631.0
http,SF,352,2660,1,0.0,0.0,1.0,0.0,0.0,0.0,0.0,0,104511.0
eco_i,SF,8,0,0,0.0,0.0,1.0,0.0,0.25,0.0,0.0,1,83031.0
domain_u,SF,43,127,0,0.0,0.0,1.0,0.0,0.0,0.0,0.0,0,60948.0
private,S0,0,0,0,1.0,1.0,0.06,0.08,0.0,1.0,1.0,1,105458.0
ftp_data,SF,334,0,1,0.0,0.0,1.0,0.0,0.5,0.0,0.0,1,122286.0
private,SF,105,0,0,0.0,0.0,1.0,0.0,0.0,0.0,0.0,0,63364.0
smtp,SF,800,388,1,0.0,0.0,1.0,0.0,0.0,0.5,0.0,0,54479.0
netstat,S0,0,0,0,1.0,1.0,0.14,0.06,0.0,1.0,1.0,1,2118.0
domain_u,SF,33,0,0,0.0,0.0,1.0,0.0,0.0,0.0,0.0,0,1858.0
http,SF,301,466,1,0.0,0.0,1.0,0.0,0.0,0.0,0.0,0,70726.0
http,S0,0,0,0,1.0,1.0,0.5,0.14,0.0,1.0,1.0,1,3311.0
http,SF,253,2225,1,0.0,0.0,1.0,0.0,0.0,0.0,0.0,0,111873.0
private,S0,0,0,0,1.0,1.0,0.04,0.06,0.0,1.0,1.0,1,52727.0
mtp,S0,0,0,0,1.0,1.0,0.02,0.06,0.0,1.0,1.0,1,77421.0
http,SF,179,20603,1,0.0,0.0,1.0,0.0,0.04,0.0,0.0,0,59547.0
eco_i,SF,8,0,0,0.0,0.0,1.0,0.0,0.53,0.0,0.0,1,29811.0
http_443,S0,0,0,0,1.0,1.0,0.08,0.06,0.0,1.0,1.0,1,50245.0
whois,REJ,0,0,0,0.0,0.0,0.06,0.06,0.0,0.0,0.0,1,75496.0
http,SF,216,7911,1,0.0,0.0,1.0,0.0,0.02,0.01,0.0,0,79997.0
sql_net,RSTR,0,0,0,0.0,0.0,1.0,0.0,0.0,0.0,0.0,1,57636.0
http,SF,175,35216,1,0.0,0.0,1.0,0.0,0.0,0.0,0.0,0,48183.0
urp_i,SF,78,0,0,0.0,0.0,0.12,0.08,0.0,0.0,0.0,0,74673.0
ecr_i,SF,520,0,0,0.0,0.0,1.0,0.0,0.0,0.0,0.0,1,42312.0
http,SF,211,1349,1,0.0,0.0,1.0,0.0,0.04,0.0,0.0,0,15662.0
http,RSTO,0,2920,1,0.0,0.0,1.0,0.0,0.02,0.0,0.0,0,120032.0
domain_u,SF,46,46,0,0.0,0.0,1.0,0.01,0.0,0.0,0.0,0,106232.0
private,S0,0,0,0,1.0,1.0,0.05,0.06,0.0,1.0,1.0,1,90526.0
ftp_data,SF,3909,0,1,0.0,0.0,1.0,0.0,0.07,0.0,0.0,0,61471.0
domain_u,SF,44,132,0,0.0,0.0,1.0,0.0,0.0,0.0,0.0,0,5850.0
private,REJ,0,0,0,0.0,0.0,0.04,0.06,0.0,0.0,0.0,1,59176.0
http,SF,202,424,1,0.0,0.0,1.0,0.0,0.02,0.0,0.0,0,111965.0
ecr_i,SF,1032,0,0,0.0,0.0,1.0,0.0,0.0,0.0,0.0,1,18092.0
gopher,S0,0,0,0,1.0,1.0,0.04,0.06,0.0,1.0,1.0,1,34504.0
http,SF,205,1042,1,0.0,0.0,1.0,0.0,0.02,0.0,0.0,0,24184.0
ftp_data,SF,748,0,0,0.0,0.0,1.0,0.0,0.0,0.0,0.0,0,20699.0
other,REJ,0,0,0,0.08,0.0,0.0,1.0,0.0,0.06,0.0,1,71118.0
domain_u,SF,42,42,0,0.0,0.0,1.0,0.0,0.0,0.0,0.0,0,4658.0
http,S0,0,0,0,1.0,1.0,0.32,0.09,0.0,1.0,1.0,1,44835.0
private,S0,0,0,0,1.0,1.0,0.09,0.06,0.0,1.0,1.0,1,87879.0
smtp,SF,1494,413,1,0.0,0.0,1.0,0.0,0.01,0.0,0.0,0,117719.0
private,S0,0,0,0,1.0,1.0,0.01,0.06,0.0,1.0,1.0,1,74584.0
other,SF,146,0,0,0.0,0.0,0.07,0.2,0.0,0.0,0.0,0,57333.0
http,REJ,0,0,0,0.0,0.0,1.0,0.0,0.03,0.0,0.0,0,74609.0
private,SH,0,0,0,1.0,1.0,1.0,0.0,0.0,0.95,1.0,1,115200.0
private,S0,0,0,0,1.0,1.0,0.13,0.05,0.0,1.0,1.0,1,53845.0
http,SF,317,3116,1,0.0,0.0,1.0,0.0,0.05,0.0,0.0,0,63010.0
smtp,SF,11300,1566,1,0.0,0.0,1.0,0.0,0.0,0.7,0.0,0,37952.0
http,SF,218,6641,1,0.0,0.0,1.0,0.0,0.07,0.0,0.0,0,36687.0
http,SF,253,939,1,0.0,0.0,1.0,0.0,0.0,0.0,0.0,0,12364.0
http,SF,235,481,1,0.0,0.0,1.0,0.0,0.0,0.0,0.0,0,41955.0
http,SF,198,8723,1,0.0,0.0,1.0,0.0,0.04,0.0,0.0,0,115256.0
private,S0,0,0,0,1.0,1.0,0.1,0.06,0.0,1.0,1.0,1,122676.0
http,REJ,0,0,0,0.0,0.0,0.06,0.07,0.0,0.0,0.0,1,10609.0
login,RSTO,0,0,0,0.0,0.0,0.14,0.07,0.0,0.0,0.0,1,58462.0
smtp,SF,925,327,1,0.0,0.0,1.0,0.0,0.0,0.01,0.02,0,49175.0
finger,S0,0,0,0,1.0,1.0,0.25,0.07,0.0,1.0,1.0,1,14068.0
ftp_data,SF,14,0,1,0.0,0.0,1.0,0.0,0.03,0.0,0.0,0,69291.0
http,SF,311,1426,1,0.0,0.0,1.0,0.0,0.05,0.0,0.02,0,6328.0
http,SF,233,2193,1,0.0,0.0,1.0,0.0,0.05,0.0,0.01,0,92536.0
http,SF,238,2253,1,0.0,0.0,1.0,0.0,0.0,0.0,0.0,0,50760.0
http,SF,330,6880,1,0.0,0.0,1.0,0.0,0.04,0.0,0.0,0,53792.0
http,SF,315,2251,1,0.0,0.0,1.0,0.0,0.0,0.0,0.0,0,118235.0
other,REJ,0,0,0,0.08,0.0,0.0,1.0,0.0,0.11,0.0,1,117068.0
pop_2,REJ,0,0,0,0.0,0.0,0.07,0.06,0.0,0.0,0.0,1,2549.0
eco_i,SF,8,0,0,0.0,0.0,1.0,0.0,0.52,0.0,0.0,1,108306.0
http,SF,200,594,1,0.0,0.0,1.0,0.0,0.04,0.0,0.02,0,27611.0
http,SF,313,1924,1,0.0,0.0,1.0,0.0,0.05,0.0,0.0,0,40536.0
private,S0,0,0,0,1.0,1.0,0.03,0.08,0.0,1.0,1.0,1,85926.0
http,SF,318,3163,1,0.0,0.0,1.0,0.0,0.04,0.0,0.0,0,39471.0
ftp_data,S0,0,0,0,1.0,1.0,0.08,0.05,0.0,1.0,1.0,1,75053.0
http,SF,221,1893,1,0.0,0.0,1.0,0.0,0.0,0.0,0.0,0,113131.0
http,SF,320,1423,1,0.0,0.0,1.0,0.0,0.02,0.0,0.0,0,114446.0
telnet,SF,9935,24603,1,0.0,0.0,1.0,0.0,0.0,0.75,0.81,0,83454.0
http,REJ,0,0,0,0.0,0.0,1.0,0.0,0.0,0.0,0.0,0,110936.0
private,S0,0,0,0,1.0,1.0,0.02,0.06,0.0,1.0,1.0,1,11596.0
pop_3,S0,0,0,0,1.0,1.0,0.07,0.07,0.0,1.0,1.0,1,4429.0
http,SF,54540,8314,1,0.0,0.0,1.0,0.0,0.0,0.0,0.0,1,109131.0
http,SF,244,828,1,0.0,0.0,1.0,0.0,0.0,0.0,0.0,0,42333.0
http,SF,358,2085,1,0.0,0.0,1.0,0.0,0.0,0.01,0.01,0,2138.0
http,SF,296,679,1,0.0,0.0,1.0,0.0,0.03,0.0,0.0,0,26233.0
private,SF,28,0,0,0.0,0.0,1.0,0.0,0.0,0.0,0.0,1,103408.0
eco_i,SF,8,0,0,0.0,0.0,1.0,0.0,0.5,0.0,0.0,1,53516.0
http,REJ,0,0,0,0.0,0.0,1.0,0.0,0.14,0.0,0.0,0,99495.0
ftp_data,SF,59,0,1,0.0,0.0,1.0,0.0,0.0,0.0,0.0,0,21103.0
http,SF,238,7106,1,0.0,0.0,1.0,0.0,0.04,0.0,0.0,0,51915.0
http,SF,221,4997,1,0.0,0.0,1.0,0.0,0.01,0.0,0.0,0,64258.0
pop_3,SF,52,3883,1,0.0,0.0,0.5,1.0,0.25,0.01,0.0,0,21986.0
http,SF,227,468,1,0.0,0.0,1.0,0.0,0.04,0.0,0.0,0,71645.0
http,SF,336,2102,1,0.0,0.0,1.0,0.0,0.0,0.0,0.0,0,16352.0
http,SF,313,2768,1,0.17,0.14,1.0,0.0,0.04,0.06,0.0,0,28223.0
ftp_data,SF,190,0,1,0.0,0.0,1.0,0.0,0.0,0.0,0.0,0,53242.0
http,SF,325,1159,1,0.08,0.08,1.0,0.0,0.0,0.0,0.0,0,44960.0
http,SF,207,955,1,0.0,0.0,1.0,0.0,0.0,0.0,0.0,0,80273.0
private,S0,0,0,0,1.0,1.0,0.1,0.08,0.0,1.0,1.0,1,77881.0
http,REJ,0,0,0,0.0,0.0,1.0,0.0,0.0,0.0,0.0,0,113064.0
private,S0,0,0,0,1.0,1.0,0.0,0.07,0.0,1.0,1.0,1,92263.0
private,SF,100,0,0,0.0,0.0,1.0,0.0,0.0,0.0,0.0,1,91776.0
http_443,RSTR,0,0,0,0.0,0.0,1.0,0.0,0.0,0.0,0.0,1,10134.0
http,SF,222,579,1,0.0,0.0,1.0,0.0,0.0,0.0,0.0,0,31454.0
eco_i,SF,30,0,0,0.0,0.0,1.0,0.0,0.0,0.0,0.0,0,48504.0
http,SF,218,1342,1,0.0,0.0,1.0,0.0,0.05,0.0,0.0,0,112992.0
private,RSTOS0,0,0,0,0.77,0.67,0.03,0.37,0.0,0.26,0.67,1,118633.0
http,SF,237,1225,1,0.0,0.0,1.0,0.0,0.0,0.0,0.0,0,108767.0
private,REJ,0,0,0,0.0,0.0,1.0,0.0,1.0,0.0,0.0,1,58640.0
private,REJ,0,0,0,0.0,0.0,0.0,0.5,0.0,0.0,0.0,1,99750.0
http,SF,188,4051,1,0.0,0.0,1.0,0.0,0.05,0.0,0.0,0,78001.0
ecr_i,SF,30,0,0,0.0,0.0,1.0,0.0,0.03,0.0,0.0,0,110800.0
http,SF,329,1671,1,0.0,0.0,1.0,0.0,0.03,0.0,0.0,0,111217.0
http,SF,361,1264,1,0.0,0.0,1.0,0.0,0.02,0.0,0.0,0,19433.0
private,SF,28,0,0,0.0,0.0,1.0,0.0,0.0,0.0,0.0,1,111481.0
private,S0,0,0,0,1.0,1.0,0.01,0.06,0.0,1.0,1.0,1,115480.0
http,SF,273,520,1,0.03,0.03,1.0,0.0,0.0,0.0,0.0,0,107315.0
private,S0,0,0,0,1.0,1.0,0.08,0.07,0.0,1.0,1.0,1,38220.0
uucp_path,S0,0,0,0,1.0,1.0,0.14,0.06,0.0,1.0,1.0,1,86695.0
http,SF,317,526,1,0.0,0.0,1.0,0.0,0.01,0.0,0.0,0,84387.0
private,S0,0,0,0,1.0,1.0,0.01,0.06,0.0,1.0,1.0,1,88273.0
http,SF,316,4640,1,0.0,0.0,1.0,0.0,0.01,0.0,0.0,0,36236.0
domain_u,SF,45,77,0,0.0,0.0,1.0,0.0,0.0,0.0,0.0,0,92390.0
eco_i,SF,8,0,0,0.0,0.0,1.0,0.0,0.27,0.0,0.0,1,27699.0
http,SF,213,1767,1,0.0,0.0,1.0,0.0,0.01,0.01,0.01,0,48777.0
other,REJ,0,0,0,0.09,0.0,0.0,1.0,0.0,0.07,0.0,1,15514.0
domain_u,SF,42,42,0,0.0,0.0,1.0,0.0,0.0,0.0,0.0,0,14259.0
http,SF,226,2631,1,0.0,0.0,1.0,0.0,0.0,0.01,0.01,0,18363.0
ecr_i,SF,1032,0,0,0.0,0.0,1.0,0.0,0.0,0.0,0.0,1,74604.0
http,SF,287,7384,1,0.0,0.0,1.0,0.0,0.0,0.0,0.0,0,32597.0
http,SF,232,13593,1,0.0,0.0,1.0,0.0,0.0,0.0,0.0,0,85116.0
http,S0,0,0,0,1.0,1.0,0.26,0.07,0.0,1.0,1.0,1,41609.0
ftp,SF,239,769,1,0.0,0.0,1.0,0.0,0.0,0.0,0.0,0,19507.0
sunrpc,S0,0,0,0,1.0,1.0,0.05,0.06,0.0,1.0,1.0,1,76138.0
mtp,S0,0,0,0,1.0,1.0,0.07,0.06,0.0,1.0,1.0,1,10856.0
mtp,S0,0,0,0,1.0,1.0,0.0,0.06,0.0,1.0,1.0,1,21631.0
private,S0,0,0,0,1.0,1.0,0.07,0.05,0.0,1.0,1.0,1,71089.0
http,SF,188,3726,1,0.0,0.0,1.0,0.0,0.0,0.0,0.0,0,118159.0
ftp_data,SF,334,0,1,0.0,0.0,1.0,0.0,0.19,0.0,0.04,1,39074.0
smtp,SF,1599,387,1,0.0,0.0,1.0,0.0,0.01,0.91,0.73,0,65791.0
http,SF,302,4070,1,0.0,0.0,1.0,0.0,0.05,0.0,0.0,0,10378.0
smtp,SF,1314,328,1,0.0,0.0,1.0,0.0,0.02,0.0,0.0,0,34930.0
ecr_i,SF,18,0,0,0.0,0.0,1.0,0.0,0.0,0.0,0.0,1,55464.0
http,SF,216,902,1,0.0,0.0,1.0,0.0,0.06,0.0,0.0,0,106810.0
http,SF,224,370,1,0.0,0.0,1.0,0.0,0.0,0.0,0.0,0,106506.0
http,SF,332,1000,1,0.0,0.0,1.0,0.0,0.0,0.0,0.0,0,62349.0
courier,S0,0,0,0,1.0,1.0,0.07,0.06,0.0,1.0,1.0,1,13710.0
eco_i,SF,8,0,0,0.0,0.0,1.0,0.0,0.25,0.0,0.0,1,7086.0
private,S0,0,0,0,1.0,1.0,0.08,0.07,0.0,1.0,1.0,1,18398.0
other,SF,1,0,0,0.0,0.0,0.2,0.1,0.0,0.0,0.0,1,55946.0
domain_u,SF,45,79,0,0.0,0.0,1.0,0.0,0.0,0.0,0.0,0,11148.0
http,SF,196,1071,1,0.0,0.0,1.0,0.0,0.03,0.0,0.0,0,76176.0
http,SF,149,12632,1,0.0,0.0,1.0,0.0,0.03,0.0,0.0,0,53598.0
http,SF,212,2473,1,0.0,0.0,1.0,0.0,0.04,0.0,0.0,0,61273.0
eco_i,SF,20,0,0,0.0,0.0,1.0,0.0,0.0,0.0,0.0,1,91098.0
eco_i,SF,8,0,0,0.0,0.0,1.0,0.0,0.25,0.0,0.0,1,43399.0
private,REJ,0,0,0,0.0,0.0,1.0,0.0,1.0,0.0,0.0,1,21943.0
ftp,SF,1191,2448,1,0.0,0.0,1.0,0.0,0.0,0.0,0.0,1,121085.0
http,SF,239,2698,1,0.0,0.0,1.0,0.0,0.0,0.0,0.0,0,117312.0
ftp_data,SF,2194619,0,1,0.0,0.0,1.0,0.0,0.03,0.0,0.0,0,125463.0
other,SF,147,105,0,0.0,0.0,1.0,0.0,0.0,0.0,0.0,0,38917.0
private,S0,0,0,0,1.0,1.0,0.02,0.06,0.0,1.0,1.0,1,79605.0
http,SF,274,300,1,0.0,0.0,1.0,0.0,0.0,0.0,0.0,0,116636.0
http,SF,187,520,1,0.0,0.0,1.0,0.0,0.02,0.0,0.0,0,26498.0
http,SF,283,2531,1,0.0,0.0,1.0,0.0,0.0,0.0,0.0,0,68093.0
domain_u,SF,43,81,0,0.0,0.0,1.0,0.0,0.0,0.0,0.0,0,1531.0
http,SF,338,1483,1,0.0,0.0,1.0,0.0,0.02,0.0,0.0,0,40376.0
eco_i,SF,30,0,0,0.0,0.0,0.14,0.29,0.0,0.0,0.0,0,103133.0
csnet_ns,REJ,0,0,0,0.0,0.0,0.1,0.06,0.0,0.0,0.0,1,121537.0
http,SF,335,284,1,0.0,0.0,1.0,0.0,0.0,0.0,0.0,0,85194.0
http,SF,220,1384,1,0.0,0.0,1.0,0.0,0.02,0.0,0.0,0,39270.0
private,SF,28,0,0,0.0,0.0,1.0,0.0,0.0,0.0,0.0,1,68364.0
private,S0,0,0,0,1.0,1.0,0.1,0.06,0.0,1.0,1.0,1,33796.0
http,SF,54540,8314,1,0.0,0.0,1.0,0.0,0.0,0.0,0.0,1,14991.0
private,SF,105,146,0,0.0,0.0,1.0,0.0,0.0,0.0,0.0,0,42136.0
ftp,SF,242,760,1,0.0,0.0,1.0,0.0,0.0,0.0,0.0,0,87452.0
domain_u,SF,42,42,0,0.0,0.0,1.0,0.0,0.0,0.0,0.0,0,79870.0
eco_i,SF,8,0,0,0.0,0.0,1.0,0.0,0.26,0.0,0.0,1,26284.0
http,SF,54540,8314,1,0.0,0.0,1.0,0.0,0.0,0.0,0.0,1,109241.0
http,SF,274,10063,1,0.0,0.0,1.0,0.0,0.03,0.0,0.0,0,10382.0
efs,S0,0,0,0,1.0,1.0,0.12,0.06,0.0,1.0,1.0,1,53629.0
http,SF,213,1086,1,0.0,0.0,1.0,0.0,0.06,0.0,0.0,0,67771.0
ecr_i,SF,1480,0,0,0.0,0.0,1.0,0.0,0.11,0.0,0.0,1,93499.0
private,S0,0,0,0,1.0,1.0,0.07,0.07,0.0,1.0,1.0,1,113873.0
smtp,SF,1619,333,1,0.0,0.0,1.0,0.0,0.01,0.0,0.0,0,30588.0
iso_tsap,S0,0,0,0,1.0,1.0,0.08,0.05,0.0,1.0,1.0,1,20903.0
iso_tsap,S0,0,0,0,1.0,1.0,0.09,0.06,0.0,1.0,1.0,1,18015.0
finger,S0,0,0,0,1.0,1.0,0.27,0.13,0.0,1.0,1.0,1,28837.0
systat,S0,0,0,0,1.0,1.0,0.06,0.05,0.0,1.0,1.0,1,29470.0
http,SF,323,1215,1,0.0,0.0,1.0,0.0,0.0,0.0,0.0,0,62591.0
http,SF,310,654,1,0.0,0.0,1.0,0.0,0.02,0.0,0.0,0,71306.0
ecr_i,SF,1032,0,0,0.0,0.0,1.0,0.0,0.0,0.0,0.0,1,48883.0
http,REJ,0,0,0,0.0,0.0,1.0,0.0,0.11,0.0,0.0,0,48817.0
domain_u,SF,35,0,0,0.0,0.0,1.0,0.0,0.0,0.0,0.0,0,32619.0
http,SF,200,10627,1,0.0,0.0,1.0,0.0,0.0,0.0,0.0,0,60746.0
other,RSTR,1,0,0,0.0,0.0,1.0,0.0,0.0,0.0,0.0,1,75046.0
http,SF,225,406,1,0.0,0.0,1.0,0.0,0.0,0.0,0.0,0,28539.0
eco_i,SF,18,0,0,0.0,0.0,1.0,0.0,0.25,0.0,0.0,1,79248.0
ftp_data,SF,0,5928,1,0.0,0.0,1.0,0.0,0.05,0.0,0.0,0,50483.0
nnsp,S0,0,0,0,1.0,1.0,0.11,0.05,0.0,1.0,1.0,1,121543.0
http,SF,332,2873,1,0.0,0.0,1.0,0.0,0.03,0.0,0.0,0,62436.0
private,S0,0,0,0,1.0,1.0,0.05,0.05,0.0,1.0,1.0,1,123033.0
http,SF,228,36950,1,0.0,0.14,1.0,0.0,0.03,0.0,0.01,0,69661.0
whois,S0,0,0,0,1.0,1.0,0.06,0.06,0.0,1.0,1.0,1,73969.0
http,SF,212,293,1,0.0,0.0,1.0,0.0,0.0,0.0,0.0,0,38434.0
eco_i,SF,8,0,0,0.0,0.0,1.0,0.0,0.51,0.0,0.0,1,14863.0
http,S0,0,0,0,1.0,0.91,0.04,0.07,0.0,1.0,1.0,1,9529.0
private,S0,0,0,0,1.0,1.0,0.08,0.08,0.0,1.0,1.0,1,8075.0
http,SF,364,236,1,0.0,0.0,1.0,0.0,0.0,0.0,0.0,0,5899.0
eco_i,SF,8,0,0,0.0,0.0,1.0,0.0,0.57,0.0,0.0,1,29818.0
systat,REJ,0,0,0,0.0,0.0,0.02,0.07,0.0,0.0,0.0,1,28076.0
ftp_data,SF,5135678,0,1,0.0,0.0,1.0,0.0,0.1,0.0,0.0,1,123499.0
uucp,S0,0,0,0,1.0,1.0,0.19,0.05,0.0,1.0,1.0,1,117600.0
eco_i,SF,8,0,0,0.0,0.0,1.0,0.0,0.5,0.0,0.0,1,66621.0
eco_i,SF,30,0,0,0.0,0.0,1.0,0.0,0.0,0.0,0.0,0,122670.0
http,SF,331,10392,1,0.0,0.0,1.0,0.0,0.03,0.0,0.0,0,99579.0
private,S0,0,0,0,1.0,1.0,0.17,0.08,0.0,1.0,1.0,1,96193.0
smtp,SF,1347,336,1,0.0,0.0,1.0,0.0,0.02,0.0,0.0,0,36036.0
ftp,RSTO,0,0,0,0.0,0.0,0.08,0.06,0.0,0.0,0.0,1,24296.0
http,SF,246,2524,1,0.0,0.0,1.0,0.0,0.0,0.0,0.0,0,42737.0
Z39_50,S0,0,0,0,1.0,1.0,0.03,0.06,0.0,1.0,1.0,1,43104.0
ftp_data,SF,319,0,0,0.0,0.0,1.0,0.0,0.03,0.0,0.0,0,29542.0
http,SF,323,2390,1,0.0,0.0,1.0,0.0,0.07,0.0,0.0,0,36627.0
http,SF,222,1380,1,0.05,0.05,1.0,0.0,0.02,0.02,0.0,0,27767.0
iso_tsap,S0,0,0,0,1.0,1.0,0.06,0.06,0.0,1.0,1.0,1,65394.0
http,S0,0,0,0,1.0,1.0,0.04,0.06,0.0,1.0,1.0,1,125797.0
http,SF,143,9567,1,0.0,0.0,1.0,0.0,0.01,0.0,0.0,0,47627.0
ftp,S0,0,0,0,1.0,1.0,0.04,0.06,0.0,1.0,1.0,1,111034.0
http,SF,308,1461,1,0.0,0.0,1.0,0.0,0.02,0.0,0.0,0,92610.0
eco_i,SF,8,0,0,0.0,0.0,1.0,0.0,0.5,0.0,0.0,1,17208.0
private,RSTR,1,0,0,0.0,0.0,1.0,0.0,0.0,0.0,0.0,1,117852.0
http,SF,200,1856,1,0.0,0.0,1.0,0.0,0.0,0.0,0.0,0,34354.0
http,SF,230,241,1,0.0,0.0,1.0,0.0,0.05,0.0,0.0,0,105253.0
private,S0,0,0,0,1.0,1.0,0.06,0.06,0.0,1.0,1.0,1,92237.0
http,SF,291,331,1,0.05,0.05,1.0,0.0,0.0,0.0,0.0,0,99191.0
http,SF,346,357,1,0.0,0.0,1.0,0.0,0.0,0.0,0.0,0,19696.0
http,SF,302,133940,1,0.0,0.0,1.0,0.0,0.06,0.0,0.0,0,107477.0
http,SF,282,269,1,0.0,0.0,1.0,0.0,0.0,0.0,0.0,0,91310.0
http,SF,224,1049,1,0.0,0.0,1.0,0.0,0.01,0.0,0.0,0,108784.0
http,SF,253,346,1,0.0,0.0,1.0,0.0,0.01,0.0,0.0,0,51368.0
http,SF,297,2531,1,0.0,0.0,1.0,0.0,0.0,0.0,0.0,0,61731.0
imap4,S0,0,0,0,1.0,1.0,0.06,0.05,0.0,1.0,1.0,1,81212.0
nnsp,S0,0,0,0,1.0,1.0,0.05,0.06,0.0,1.0,1.0,1,21371.0
http,SF,262,11829,1,0.0,0.0,1.0,0.0,0.03,0.0,0.0,0,20517.0
http,SF,313,3132,1,0.0,0.0,1.0,0.0,0.04,0.0,0.0,0,41228.0
private,S0,0,0,0,1.0,1.0,0.38,0.5,0.0,1.0,1.0,1,18314.0
http,SF,408,7210,1,0.0,0.0,1.0,0.0,0.0,0.0,0.0,0,91677.0
http,SF,196,269,1,0.0,0.0,1.0,0.0,0.08,0.0,0.0,0,110991.0
http,SF,189,3284,1,0.0,0.0,1.0,0.0,0.01,0.0,0.0,0,112523.0
ecr_i,SF,1032,0,0,0.0,0.0,1.0,0.0,0.0,0.0,0.0,1,83373.0
private,S0,0,0,0,1.0,1.0,0.01,0.07,0.0,1.0,1.0,1,115313.0
http,SF,224,4414,1,0.0,0.0,1.0,0.0,0.02,0.0,0.0,0,16628.0
ecr_i,SF,1032,0,0,0.0,0.0,1.0,0.0,0.0,0.0,0.0,1,10154.0
http,SF,204,7907,1,0.0,0.0,1.0,0.0,0.02,0.0,0.0,0,85507.0
domain_u,SF,46,46,0,0.0,0.0,1.0,0.0,0.0,0.0,0.0,0,87847.0
name,S0,0,0,0,1.0,1.0,0.08,0.05,0.0,1.0,1.0,1,24336.0
private,S0,0,0,0,1.0,1.0,0.06,0.06,0.0,1.0,1.0,1,95911.0
http,SF,320,1673,1,0.0,0.0,1.0,0.0,0.06,0.0,0.0,0,93232.0
finger,RSTO,0,0,0,0.0,0.0,0.03,0.06,0.0,0.0,0.0,1,119943.0
ecr_i,SF,520,0,0,0.0,0.0,1.0,0.0,0.0,0.0,0.0,1,92962.0
ftp_data,SF,3909,0,1,0.0,0.0,1.0,0.0,0.08,0.03,0.0,0,111274.0
http,REJ,0,0,0,0.0,0.0,1.0,0.0,0.09,0.0,0.09,0,18958.0
smtp,SF,940,333,1,0.0,0.0,1.0,0.0,0.02,0.0,0.0,0,93149.0
private,S0,0,0,0,1.0,1.0,0.11,0.06,0.0,1.0,1.0,1,109860.0
private,S0,0,0,0,1.0,1.0,0.14,0.06,0.0,1.0,1.0,1,44290.0
http,SF,329,1378,1,0.0,0.0,1.0,0.0,0.02,0.0,0.0,0,25597.0
private,SF,1,0,0,0.0,0.0,0.17,0.67,0.0,0.0,0.0,1,2230.0
bgp,S0,0,0,0,1.0,1.0,0.0,0.06,0.0,1.0,1.0,1,34430.0
private,SF,105,146,0,0.0,0.0,0.25,0.5,0.0,0.0,0.0,0,107345.0
smtp,SF,2780,339,1,0.0,0.0,1.0,0.0,0.01,0.0,0.0,0,1915.0
private,S0,0,0,0,1.0,1.0,0.04,0.07,0.0,1.0,1.0,1,118753.0
urp_i,SF,182,0,0,0.0,0.0,0.5,1.0,0.0,0.0,0.0,0,20189.0
http,SF,200,8633,1,0.0,0.0,1.0,0.0,0.04,0.0,0.0,0,73820.0
http,REJ,0,0,0,0.0,0.0,0.14,0.06,0.0,0.0,0.0,1,48725.0
http,SF,208,801,1,0.0,0.0,1.0,0.0,0.06,0.01,0.01,0,90435.0
eco_i,SF,8,0,0,0.0,0.0,1.0,0.0,0.26,0.0,0.0,1,83977.0
smtp,SF,1399,334,1,0.0,0.0,1.0,0.0,0.0,0.0,0.0,0,61696.0
private,SF,105,147,0,0.0,0.0,0.2,0.4,0.0,0.0,0.0,0,113751.0
ssh,S0,0,0,0,1.0,1.0,0.26,0.05,0.0,1.0,1.0,1,38700.0
domain_u,SF,46,137,0,0.0,0.0,1.0,0.0,0.0,0.0,0.0,0,80116.0
private,REJ,0,0,0,0.0,0.0,1.0,0.0,0.0,0.0,0.0,1,101273.0
http,SF,328,2809,1,0.0,0.0,1.0,0.0,0.04,0.0,0.0,0,97497.0
csnet_ns,S0,0,0,0,1.0,1.0,0.08,0.04,0.0,1.0,1.0,1,124036.0
ftp_data,SF,3834,0,1,0.0,0.0,1.0,0.0,0.0,0.21,0.0,0,17872.0
link,S0,0,0,0,1.0,1.0,0.08,0.06,0.0,1.0,1.0,1,31655.0
hostnames,REJ,0,0,0,0.0,0.0,0.06,0.08,0.0,0.0,0.0,1,58043.0
ftp,S0,0,0,0,1.0,1.0,0.02,0.06,0.0,1.0,1.0,1,103415.0
eco_i,SF,30,0,0,0.0,0.0,1.0,0.0,0.0,0.0,0.0,0,18356.0
private,SF,1,0,0,0.0,0.0,0.39,0.09,0.0,0.0,0.0,1,64360.0
private,S0,0,0,0,1.0,1.0,0.08,0.06,0.0,1.0,1.0,1,97899.0
http,SF,195,7296,1,0.0,0.0,1.0,0.0,0.03,0.0,0.0,0,17862.0
finger,S0,0,0,0,1.0,1.0,0.24,0.14,0.0,1.0,1.0,1,1166.0
http,SF,327,1165,1,0.0,0.0,1.0,0.0,0.04,0.0,0.0,0,122853.0
private,REJ,0,0,0,0.0,0.0,0.01,0.55,0.0,0.01,0.0,1,64419.0
other,SF,147,0,0,0.0,0.0,0.33,0.67,0.0,0.0,0.0,0,56535.0
domain_u,SF,43,43,0,0.0,0.0,1.0,0.0,0.0,0.0,0.0,0,34367.0
private,SF,1,4,0,0.0,0.0,0.19,0.14,0.0,0.16,0.0,1,117355.0
http,SF,221,11200,1,0.0,0.0,1.0,0.0,0.0,0.0,0.0,0,100128.0
eco_i,SF,8,0,0,0.0,0.0,1.0,0.0,0.5,0.0,0.0,1,19035.0
http,SF,223,10203,1,0.0,0.0,1.0,0.0,0.04,0.0,0.0,0,114909.0
http,SF,351,7310,1,0.0,0.0,1.0,0.0,0.02,0.0,0.0,0,105805.0
auth,SF,10,37,0,0.0,0.0,0.2,0.4,0.0,0.0,0.0,0,72902.0
domain_u,SF,45,45,0,0.0,0.0,1.0,0.01,0.0,0.0,0.0,0,11521.0
http,SF,318,4214,1,0.0,0.0,1.0,0.0,0.0,0.0,0.0,0,38299.0
discard,S0,0,0,0,1.0,1.0,0.09,0.06,0.0,1.0,1.0,1,64840.0
domain_u,SF,44,44,0,0.0,0.0,0.25,0.5,0.0,0.0,0.0,0,66587.0
http,SF,301,3222,1,0.0,0.0,1.0,0.0,0.0,0.0,0.0,0,11206.0
private,S0,0,0,0,1.0,1.0,0.13,0.06,0.0,1.0,1.0,1,81077.0
eco_i,SF,8,0,0,0.0,0.0,1.0,0.0,0.5,0.0,0.0,1,44601.0
eco_i,SF,8,0,0,0.0,0.0,1.0,0.0,0.25,0.0,0.0,1,80001.0
http,SF,260,245,1,0.0,0.0,1.0,0.0,0.02,0.0,0.0,0,26098.0
http,SF,237,1481,1,0.0,0.0,1.0,0.0,0.0,0.0,0.0,0,76413.0
private,S0,0,0,0,1.0,1.0,0.04,0.05,0.0,0.97,1.0,1,78525.0
http,SF,148,35341,1,0.0,0.0,1.0,0.0,0.02,0.0,0.0,0,114415.0
netbios_dgm,REJ,0,0,0,0.0,0.0,0.03,0.07,0.0,0.0,0.0,1,47594.0
smtp,SF,3178,388,1,0.0,0.0,1.0,0.0,0.0,0.72,0.74,0,51310.0
eco_i,SF,8,0,0,0.0,0.0,1.0,0.0,0.5,0.0,0.0,1,40479.0
private,S0,0,0,0,1.0,1.0,0.15,0.08,0.0,1.0,1.0,1,57267.0
http,SF,178,8541,1,0.0,0.0,1.0,0.0,0.0,0.0,0.0,0,121941.0
other,SF,147,105,0,0.0,0.0,1.0,0.0,0.0,0.0,0.0,0,43461.0
smtp,SF,1746,328,1,0.0,0.0,1.0,0.0,0.01,0.0,0.0,0,88058.0
finger,S0,0,0,0,1.0,1.0,0.3,0.09,0.0,1.0,1.0,1,12043.0
other,SF,1,0,0,0.0,0.0,1.0,0.0,0.0,0.0,0.0,1,1283.0
ftp,SF,240,772,1,0.0,0.0,1.0,0.0,0.0,0.0,0.0,0,73130.0
http,SF,176,11008,1,0.0,0.0,1.0,0.0,0.03,0.0,0.0,0,17726.0
ftp,SF,284,903,1,0.0,0.0,1.0,0.0,0.0,0.0,0.0,0,10501.0
finger,SF,8,0,0,0.0,0.0,1.0,0.0,0.17,0.0,0.0,0,1371.0
ecr_i,SF,1032,0,0,0.0,0.0,1.0,0.0,0.0,0.0,0.0,1,119717.0
ldap,REJ,0,0,0,0.0,0.0,0.15,0.06,0.0,0.0,0.0,1,27189.0
ftp_data,SF,1874,0,1,0.0,0.0,1.0,0.0,0.0,0.0,0.0,0,105844.0
smtp,SF,1393,333,1,0.0,0.0,1.0,0.0,0.01,0.0,0.0,0,98330.0
domain_u,SF,45,89,0,0.0,0.0,1.0,0.0,0.0,0.0,0.0,0,65804.0
domain_u,SF,44,131,0,0.0,0.0,1.0,0.0,0.0,0.0,0.0,0,43088.0
smtp,SF,955,333,0,0.0,0.0,1.0,0.0,0.01,0.0,0.0,0,20338.0
eco_i,SF,8,0,0,0.0,0.0,1.0,0.0,0.51,0.0,0.0,1,59646.0
http,SF,218,8663,1,0.0,0.0,1.0,0.0,0.04,0.0,0.0,0,12137.0
telnet,S0,0,0,0,1.0,1.0,0.24,0.12,0.0,0.99,0.96,1,5507.0
other,SF,146,105,0,0.0,0.0,0.14,0.14,0.0,0.0,0.0,0,98901.0
auth,SF,9,36,0,0.0,0.0,1.0,0.0,0.0,0.0,0.0,0,1760.0
other,RSTR,1,0,0,0.0,0.0,1.0,0.0,0.0,0.0,0.0,1,123934.0
http,SF,341,745,1,0.0,0.0,1.0,0.0,0.06,0.0,0.0,0,94556.0
smtp,SF,3245,330,1,0.0,0.0,1.0,0.0,0.01,0.0,0.0,0,52193.0
http,SF,220,9472,1,0.0,0.0,1.0,0.0,0.06,0.0,0.0,0,42636.0
http,SF,324,344,1,0.0,0.0,1.0,0.0,0.03,0.0,0.0,0,19025.0
http,SF,305,2698,1,0.0,0.0,1.0,0.0,0.0,0.0,0.0,0,21089.0
other,RSTR,1,0,0,0.0,0.0,1.0,0.0,0.0,0.0,0.0,1,29056.0
smtp,SF,1279,331,1,0.0,0.0,1.0,0.0,0.03,0.01,0.0,0,56115.0
http,SF,349,5208,1,0.0,0.0,1.0,0.0,0.17,0.0,0.0,0,49680.0
ctf,S0,0,0,0,1.0,1.0,0.01,0.05,0.0,1.0,1.0,1,101907.0
smtp,SF,1238,331,1,0.0,0.0,1.0,0.0,0.0,0.0,0.0,0,85499.0
exec,S0,0,0,0,1.0,1.0,0.29,0.06,0.0,1.0,1.0,1,14125.0
domain_u,SF,45,114,0,0.0,0.0,1.0,0.0,0.0,0.0,0.0,0,2973.0
netbios_dgm,S0,0,0,0,1.0,1.0,0.06,0.05,0.0,1.0,1.0,1,77032.0
http,SF,310,327,1,0.0,0.0,1.0,0.0,0.01,0.0,0.0,0,96478.0
auth,RSTR,0,0,0,0.0,0.0,1.0,0.0,0.0,0.0,0.0,1,73037.0
domain_u,SF,45,81,0,0.0,0.0,1.0,0.0,0.0,0.0,0.0,0,14640.0
iso_tsap,S0,0,0,0,1.0,1.0,0.07,0.06,0.0,1.0,1.0,1,39588.0
http,REJ,0,0,0,0.0,0.0,0.02,1.0,0.0,0.0,0.0,1,84684.0
private,S0,0,0,0,0.99,1.0,0.1,0.06,0.0,1.0,1.0,1,4419.0
http_443,S0,0,0,0,1.0,1.0,0.02,0.07,0.0,1.0,1.0,1,61174.0
sunrpc,S0,0,0,0,1.0,1.0,0.0,0.06,0.0,1.0,1.0,1,98752.0
http,SF,254,337,1,0.0,0.02,1.0,0.0,0.03,0.0,0.0,0,103596.0
smtp,SF,1358,329,1,0.0,0.0,1.0,0.0,0.02,0.0,0.0,0,11661.0
http,SF,162,4528,1,0.0,0.0,1.0,0.0,0.0,0.0,0.0,0,102882.0
private,SH,0,0,0,1.0,1.0,1.0,0.0,0.0,0.95,1.0,1,35653.0
http,REJ,0,0,0,0.0,0.0,1.0,0.0,0.15,0.0,0.0,0,125602.0
http,SF,322,4137,1,0.0,0.0,1.0,0.0,0.0,0.0,0.0,0,16311.0
http,SF,275,1330,1,0.07,0.07,1.0,0.0,0.08,0.07,0.0,0,48605.0
http,SF,292,1646,1,0.0,0.0,1.0,0.0,0.02,0.0,0.0,0,10161.0
private,REJ,0,0,0,0.0,0.0,0.05,0.05,0.0,0.0,0.0,1,99847.0
private,S0,0,0,0,1.0,1.0,0.55,0.1,0.0,1.0,1.0,1,108834.0
private,S0,0,0,0,1.0,1.0,0.09,0.06,0.0,1.0,1.0,1,22100.0
http,REJ,0,0,0,0.0,0.0,1.0,0.0,0.22,0.0,0.0,0,22691.0
http,SF,216,2245,1,0.0,0.0,1.0,0.0,0.02,0.0,0.0,0,78594.0
http,SF,54540,8314,1,0.0,0.0,1.0,0.0,0.0,0.0,0.0,1,30942.0
private,RSTO,0,0,0,0.0,0.0,0.07,0.06,0.0,0.0,0.0,1,109436.0
private,SF,105,146,0,0.0,0.0,1.0,0.0,0.0,0.0,0.0,0,21605.0
http,SF,249,31,1,0.0,0.0,1.0,0.0,0.0,0.0,0.0,0,107425.0
domain_u,SF,45,134,0,0.0,0.0,1.0,0.0,0.0,0.0,0.0,0,34887.0
eco_i,SF,8,0,0,0.0,0.0,1.0,0.0,0.5,0.0,0.0,1,85109.0
telnet,RSTO,0,15,0,0.0,0.0,1.0,0.0,0.67,0.02,0.0,0,88288.0
domain_u,SF,46,129,0,0.0,0.0,1.0,0.0,0.0,0.0,0.0,0,64017.0
Z39_50,REJ,0,0,0,0.0,0.0,0.06,0.07,0.0,0.0,0.0,1,12215.0
private,S0,0,0,0,1.0,1.0,0.09,0.05,0.0,1.0,1.0,1,124289.0
private,S0,0,0,0,1.0,1.0,0.03,0.06,0.0,1.0,1.0,1,115476.0
http,RSTO,0,0,1,0.0,0.0,1.0,0.0,0.0,0.0,0.0,0,61855.0
private,S0,0,0,0,0.99,1.0,0.05,0.09,0.0,1.0,1.0,1,50580.0
ftp_data,SF,26,0,0,0.0,0.0,1.0,0.0,0.0,0.0,0.01,0,46822.0
http,SF,211,261,1,0.0,0.0,1.0,0.0,0.04,0.0,0.01,0,119241.0
http,SF,351,7546,1,0.0,0.02,1.0,0.0,0.02,0.0,0.0,0,45710.0
http,S0,0,0,0,1.0,1.0,0.6,0.3,0.0,1.0,1.0,1,40576.0
gopher,S0,0,0,0,1.0,1.0,0.01,0.05,0.0,1.0,1.0,1,37303.0
eco_i,SF,8,0,0,0.0,0.0,1.0,0.0,0.25,0.0,0.0,1,84180.0
other,SF,146,105,0,0.0,0.0,1.0,0.0,0.0,0.0,0.0,0,124450.0
http,SF,240,693,1,0.0,0.0,1.0,0.0,0.01,0.0,0.0,0,69816.0
http,SF,207,670,1,0.0,0.0,1.0,0.0,0.02,0.0,0.0,0,122111.0
http,SF,202,9685,1,0.0,0.0,1.0,0.0,0.02,0.01,0.01,0,84350.0
http,SF,236,731,1,0.0,0.0,1.0,0.0,0.05,0.0,0.0,0,77377.0
private,S0,0,0,0,1.0,1.0,0.09,0.06,0.0,1.0,1.0,1,36778.0
private,REJ,0,0,0,0.0,0.0,0.08,0.07,0.0,0.0,0.0,1,46563.0
domain_u,SF,44,73,0,0.0,0.0,1.0,0.0,0.0,0.0,0.0,0,72676.0
domain_u,SF,36,101,0,0.0,0.0,1.0,0.0,0.0,0.0,0.0,0,101192.0
http,SF,205,791,1,0.0,0.0,1.0,0.0,0.04,0.0,0.0,0,16574.0
private,REJ,0,0,0,0.0,0.0,0.02,0.07,0.0,0.0,0.0,1,80316.0
urp_i,SF,181,0,0,0.0,0.0,0.67,0.67,0.0,0.0,0.0,0,66133.0
http,SF,284,12095,1,0.0,0.0,1.0,0.0,0.02,0.0,0.0,0,36958.0
domain_u,SF,45,82,0,0.0,0.0,1.0,0.0,0.0,0.0,0.0,0,64813.0
http,SF,208,42780,1,0.25,0.25,1.0,0.0,0.03,0.25,0.0,0,124250.0
private,S0,0,0,0,1.0,1.0,0.02,0.05,0.0,1.0,1.0,1,104585.0
private,S0,0,0,0,1.0,1.0,0.07,0.08,0.0,1.0,1.0,1,121869.0
http,SF,191,887,1,0.0,0.0,1.0,0.0,0.0,0.0,0.0,0,90015.0
private,S0,0,0,0,1.0,1.0,0.03,0.06,0.0,1.0,1.0,1,62164.0
nnsp,S0,0,0,0,1.0,1.0,0.12,0.07,0.0,1.0,1.0,1,76611.0
systat,S0,0,0,0,1.0,1.0,0.07,0.05,0.0,1.0,1.0,1,114078.0
http,SF,196,7203,1,0.0,0.0,1.0,0.0,0.0,0.0,0.0,0,80801.0
private,S0,0,0,0,1.0,1.0,0.05,0.05,0.0,1.0,1.0,1,62887.0
private,S0,0,0,0,1.0,1.0,0.02,0.06,0.0,1.0,1.0,1,109712.0
smtp,SF,1274,390,1,0.0,0.0,1.0,0.0,0.02,0.0,0.02,0,25418.0
private,S0,0,0,0,1.0,1.0,0.02,0.07,0.0,1.0,1.0,1,124117.0
http,SF,254,1576,1,0.0,0.0,1.0,0.0,0.02,0.02,0.01,0,66077.0
ftp_data,SF,495,0,1,0.0,0.0,1.0,0.0,0.0,0.0,0.0,0,36113.0
pop_3,SF,38,130,1,0.0,0.0,1.0,0.0,0.33,0.01,0.0,0,102251.0
private,SF,105,147,0,0.0,0.0,1.0,0.0,0.0,0.0,0.0,0,44327.0
http,SF,246,1667,1,0.0,0.0,1.0,0.0,0.0,0.0,0.0,0,23756.0
smtp,SF,2578,332,1,0.0,0.0,1.0,0.0,0.01,0.0,0.0,0,70395.0
smtp,SF,1360,364,1,0.0,0.0,1.0,0.0,0.01,0.0,0.0,0,78170.0
http,SF,215,955,1,0.0,0.0,1.0,0.0,0.0,0.0,0.0,0,28885.0
telnet,S0,0,0,0,1.0,1.0,0.22,0.08,0.0,1.0,1.0,1,20812.0
smtp,SF,1840,485,1,0.0,0.0,1.0,0.0,0.01,0.0,0.0,0,65852.0
domain_u,SF,46,46,0,0.0,0.0,1.0,0.01,0.0,0.0,0.0,0,35219.0
http,REJ,0,0,0,0.0,0.0,1.0,0.0,0.35,0.0,0.0,0,13501.0
private,S0,0,0,0,1.0,1.0,0.09,0.06,0.0,1.0,1.0,1,60037.0
http,SF,294,1227,1,0.0,0.0,1.0,0.0,0.0,0.0,0.0,0,113838.0
http,S0,0,0,0,1.0,1.0,0.05,0.06,0.0,1.0,1.0,1,589.0
http,SF,206,1377,1,0.0,0.0,1.0,0.0,0.06,0.0,0.0,0,78434.0
private,S0,0,0,0,1.0,1.0,0.06,0.06,0.0,1.0,1.0,1,104077.0
smtp,SF,1072,332,1,0.0,0.0,1.0,0.0,0.02,0.0,0.0,0,24801.0
private,S0,0,0,0,1.0,1.0,1.0,0.0,0.0,1.0,1.0,1,75824.0
private,SF,28,0,0,0.0,0.0,1.0,0.0,0.0,0.03,0.0,1,77350.0
daytime,S0,0,0,0,1.0,1.0,0.06,0.05,0.0,1.0,1.0,1,63768.0
http,SF,306,799,1,0.0,0.0,1.0,0.0,0.0,0.0,0.0,0,106786.0
http,SF,314,1043,1,0.0,0.0,1.0,0.0,0.0,0.0,0.0,0,104932.0
eco_i,SF,8,0,0,0.0,0.0,1.0,0.0,0.26,0.0,0.0,1,31313.0
http,SF,228,269,1,0.0,0.0,1.0,0.0,0.0,0.0,0.0,0,7231.0
bgp,REJ,0,0,0,0.0,0.0,0.1,0.08,0.0,0.0,0.0,1,43768.0
daytime,RSTO,0,0,0,0.0,0.0,0.0,0.07,0.0,0.0,0.0,1,119140.0
http,SF,54540,8314,1,0.0,0.0,1.0,0.0,0.0,0.0,0.0,1,39787.0
ecr_i,SF,1032,0,0,0.0,0.0,1.0,0.0,0.0,0.0,0.0,1,105739.0
domain_u,SF,46,46,0,0.0,0.0,0.25,0.5,0.0,0.0,0.0,0,65182.0
domain_u,SF,42,132,0,0.0,0.0,1.0,0.0,0.0,0.0,0.0,0,21331.0
private,REJ,0,0,0,0.0,0.0,0.1,0.06,0.0,0.0,0.0,1,118978.0
domain_u,SF,42,75,0,0.0,0.0,1.0,0.0,0.0,0.0,0.0,0,73940.0
ftp_data,SF,334,0,1,0.0,0.0,1.0,0.0,0.18,0.0,0.0,1,121339.0
http_443,S0,0,0,0,1.0,1.0,0.19,0.06,0.0,1.0,1.0,1,83401.0
http,SF,286,267,1,0.0,0.0,1.0,0.0,0.06,0.0,0.0,0,78700.0
ftp_data,S0,0,0,0,1.0,1.0,0.1,0.05,0.0,1.0,1.0,1,108417.0
ecr_i,SF,1032,0,0,0.0,0.0,1.0,0.0,0.0,0.0,0.0,1,87513.0
telnet,S0,0,0,0,0.5,1.0,0.5,1.0,1.0,1.0,0.5,1,76290.0
smtp,SF,1891,335,1,0.0,0.0,1.0,0.0,0.01,0.0,0.0,0,2420.0
smtp,SF,696,333,1,0.0,0.0,1.0,0.0,0.01,0.0,0.0,0,13572.0
whois,S0,0,0,0,1.0,1.0,0.03,0.06,0.0,1.0,1.0,1,83315.0
auth,S0,0,0,0,1.0,1.0,0.03,0.07,0.0,1.0,1.0,1,91729.0
private,S0,0,0,0,1.0,1.0,0.11,0.06,0.0,1.0,1.0,1,33830.0
private,S0,0,0,0,1.0,1.0,0.12,0.05,0.0,1.0,1.0,1,111077.0
netbios_dgm,S0,0,0,0,1.0,1.0,0.01,0.06,0.0,1.0,1.0,1,30158.0
smtp,SF,1495,483,1,0.0,0.0,1.0,0.0,0.0,0.0,0.0,0,71405.0
private,S0,0,0,0,1.0,1.0,0.03,0.08,0.0,1.0,1.0,1,84768.0
Z39_50,S0,0,0,0,1.0,1.0,0.02,0.08,0.0,1.0,1.0,1,75444.0
ftp_data,SF,12,0,0,0.0,0.0,1.0,0.0,0.06,0.0,0.0,0,61862.0
ftp,SF,1074,3081,1,0.0,0.0,1.0,0.0,0.0,0.0,0.0,0,18594.0
ftp_data,SF,2194619,0,0,0.0,0.0,1.0,0.0,0.05,0.0,0.0,0,4163.0
private,SF,1,0,0,0.0,0.0,0.25,0.11,0.0,0.1,0.0,1,16014.0
auth,REJ,0,0,0,0.0,0.0,0.5,1.0,0.0,0.0,0.0,1,101906.0
private,SF,1,0,0,0.0,0.0,0.2,0.4,0.0,0.03,0.0,1,50655.0
http,SF,233,2470,1,0.0,0.0,1.0,0.0,0.01,0.0,0.0,0,191.0
http,SF,271,1646,1,0.0,0.0,1.0,0.0,0.05,0.0,0.0,0,30054.0
domain_u,SF,44,44,0,0.0,0.0,0.5,1.0,0.0,0.0,0.0,0,93079.0
private,S0,0,0,0,1.0,1.0,0.1,0.04,0.0,1.0,1.0,1,76572.0
http,SF,222,310,1,0.0,0.0,1.0,0.0,0.0,0.0,0.0,0,116808.0
domain_u,SF,44,86,0,0.0,0.0,0.99,0.02,0.0,0.0,0.0,0,69580.0
ecr_i,SF,1032,0,0,0.0,0.0,1.0,0.0,0.0,0.0,0.0,1,66401.0
csnet_ns,S0,0,0,0,1.0,1.0,0.07,0.07,0.0,1.0,1.0,1,113976.0
http,SF,162,4903,1,0.0,0.0,1.0,0.0,0.04,0.0,0.0,0,60862.0
finger,S0,0,0,0,1.0,1.0,0.22,0.33,0.08,0.98,0.88,1,51282.0
domain_u,SF,42,42,0,0.0,0.0,1.0,0.0,0.0,0.0,0.0,0,108469.0
IRC,S1,3400,14607,1,0.5,1.0,0.5,1.0,0.0,0.01,0.06,0,50392.0
http,SF,284,577,1,0.0,0.0,1.0,0.0,0.02,0.0,0.0,0,58670.0
http,SF,325,2531,1,0.0,0.0,1.0,0.0,0.0,0.0,0.0,0,35189.0
smtp,SF,2237,284,1,0.0,0.0,1.0,0.0,0.01,0.0,0.0,0,29808.0
ftp,SF,1228,2449,1,0.0,0.0,1.0,0.0,0.0,0.02,0.0,1,16631.0
ecr_i,SF,520,0,0,0.0,0.0,1.0,0.0,0.0,0.0,0.0,1,29778.0
ftp_data,S0,0,0,0,0.96,1.0,0.22,0.11,0.0,1.0,1.0,1,61741.0
http,RSTR,33336,2920,1,0.0,0.0,1.0,0.0,0.0,0.0,0.0,1,10666.0
http,SF,315,788,1,0.0,0.0,1.0,0.0,0.05,0.0,0.01,0,18606.0
http,SF,219,1042,1,0.0,0.0,1.0,0.0,0.01,0.0,0.0,0,5993.0
uucp_path,S0,0,0,0,1.0,1.0,0.04,0.06,0.0,1.0,1.0,1,6252.0
ldap,REJ,0,0,0,0.0,0.0,0.01,0.07,0.0,0.0,0.0,1,52149.0
eco_i,SF,8,0,0,0.0,0.0,1.0,0.0,0.25,0.0,0.0,1,47370.0
ftp,S0,0,0,0,1.0,1.0,0.04,0.06,0.0,1.0,1.0,1,31675.0
smtp,SF,1523,284,1,0.0,0.0,1.0,0.0,0.01,0.0,0.0,0,96014.0
private,REJ,0,0,0,0.0,0.0,0.12,0.09,0.0,0.0,0.0,1,124772.0
ftp,SF,329,1054,1,0.0,0.0,1.0,0.0,0.0,0.0,0.0,0,4643.0
private,REJ,0,0,0,0.1,0.0,0.0,1.0,0.0,0.09,0.0,1,83003.0
daytime,S0,0,0,0,1.0,1.0,0.02,0.07,0.0,1.0,1.0,1,75902.0
private,REJ,0,0,0,0.0,0.0,0.09,0.07,0.0,0.0,0.0,1,101471.0
ftp_data,SF,2194619,0,1,0.0,0.0,1.0,0.0,0.0,0.0,0.0,0,85093.0
other,RSTR,1,0,0,0.0,0.0,1.0,0.0,0.0,0.0,0.0,1,85070.0
private,S0,0,0,0,1.0,1.0,0.06,0.07,0.0,1.0,1.0,1,47680.0
smtp,SF,1492,336,1,0.0,0.0,1.0,0.0,0.01,0.0,0.0,0,1116.0
http,S0,0,0,0,0.94,1.0,0.94,0.11,0.0,1.0,1.0,1,74501.0
ssh,S0,0,0,0,1.0,1.0,0.07,0.06,0.0,1.0,1.0,1,72460.0
http,SF,195,170,1,0.0,0.0,1.0,0.0,0.03,0.0,0.0,0,59363.0
urp_i,SF,183,0,0,0.0,0.0,0.5,1.0,0.0,0.0,0.0,0,32359.0
ftp_data,SF,305,0,1,0.0,0.0,1.0,0.0,0.03,0.0,0.0,0,90726.0
http,SF,231,2239,1,0.0,0.0,1.0,0.0,0.0,0.01,0.0,0,90194.0
private,RSTR,0,0,0,0.0,0.0,1.0,0.0,0.0,0.0,0.0,1,12255.0
other,S0,0,0,0,1.0,1.0,0.04,0.07,0.0,1.0,1.0,1,37117.0
other,REJ,0,0,0,0.06,0.0,0.0,1.0,0.0,0.08,0.0,1,104549.0
other,SF,147,105,0,0.0,0.0,1.0,0.0,0.0,0.0,0.0,0,77589.0
http,S0,0,0,0,1.0,1.0,0.3,0.06,0.0,0.99,1.0,1,19253.0
smtp,SF,1288,335,1,0.0,0.0,1.0,0.0,0.01,0.0,0.0,0,5786.0
time,S0,0,0,0,1.0,1.0,0.06,0.06,0.0,1.0,1.0,1,74255.0
domain_u,SF,43,128,0,0.0,0.0,1.0,0.0,0.0,0.0,0.0,0,107404.0
exec,S0,0,0,0,1.0,1.0,0.16,0.07,0.0,1.0,1.0,1,6546.0
http,SF,217,720,1,0.0,0.0,1.0,0.0,0.05,0.0,0.0,0,63342.0
smtp,SF,836,329,1,0.0,0.0,1.0,0.0,0.02,0.0,0.0,0,72018.0
smtp,S0,0,0,0,1.0,1.0,0.02,0.08,0.0,1.0,1.0,1,42543.0
http,SF,218,7956,1,0.0,0.0,1.0,0.0,0.06,0.0,0.0,0,108371.0
http,SF,224,1493,1,0.0,0.0,1.0,0.0,0.05,0.0,0.0,0,107834.0
http,SF,263,501,1,0.0,0.0,1.0,0.0,0.02,0.0,0.0,0,21528.0
http,SF,273,4200,1,0.0,0.0,1.0,0.0,0.08,0.0,0.0,0,75469.0
vmnet,S0,0,0,0,1.0,1.0,0.03,0.07,0.0,1.0,1.0,1,58652.0
domain_u,SF,42,72,0,0.0,0.0,1.0,0.0,0.0,0.0,0.0,0,26829.0
ctf,S0,0,0,0,1.0,1.0,0.09,0.05,0.0,1.0,1.0,1,21158.0
private,REJ,0,0,0,0.0,0.0,0.09,0.07,0.0,0.0,0.0,1,3027.0
http,SF,255,1727,1,0.0,0.0,1.0,0.0,0.0,0.0,0.0,0,44881.0
domain_u,SF,44,44,0,0.0,0.0,1.0,0.0,0.0,0.0,0.0,0,97409.0
ecr_i,SF,520,0,0,0.0,0.0,1.0,0.0,0.0,0.0,0.0,1,11213.0
http,REJ,0,0,0,0.0,0.0,1.0,0.0,0.11,0.0,0.0,0,86566.0
domain_u,SF,44,113,0,0.0,0.0,1.0,0.0,0.0,0.0,0.0,0,16418.0
uucp_path,S0,0,0,0,1.0,1.0,0.02,0.06,0.0,1.0,1.0,1,66390.0
discard,RSTO,0,0,0,0.0,0.0,0.04,0.07,0.0,0.0,0.0,1,21758.0
discard,S0,0,0,0,1.0,1.0,0.04,0.06,0.0,1.0,1.0,1,114266.0
private,REJ,0,0,0,0.0,0.0,0.5,1.0,0.0,0.0,0.0,1,57789.0
domain_u,SF,45,135,0,0.0,0.0,1.0,0.0,0.0,0.0,0.0,0,25320.0
telnet,RSTO,0,0,0,0.0,0.0,0.03,0.07,0.0,0.0,0.0,1,78536.0
http,SF,177,16748,1,0.0,0.0,1.0,0.0,0.07,0.0,0.0,0,123010.0
private,S0,0,0,0,1.0,1.0,0.08,0.07,0.0,1.0,1.0,1,44225.0
http,S0,0,0,0,1.0,1.0,0.3,0.09,0.0,1.0,1.0,1,93543.0
http,SF,291,10369,1,0.0,0.0,1.0,0.0,0.05,0.0,0.0,0,259.0
eco_i,SF,8,0,0,0.0,0.0,1.0,0.0,0.5,0.0,0.0,1,72304.0
ssh,S0,0,0,0,1.0,1.0,0.06,0.07,0.0,1.0,1.0,1,76770.0
ecr_i,SF,1032,0,0,0.0,0.0,1.0,0.0,0.0,0.0,0.0,1,106126.0
http,SF,309,370,1,0.0,0.0,1.0,0.0,0.0,0.0,0.0,0,91270.0
hostnames,REJ,0,0,0,0.0,0.0,0.07,0.06,0.0,0.0,0.0,1,56750.0
http,REJ,0,0,0,0.0,0.0,1.0,0.0,0.05,0.0,0.0,0,13977.0
http,SF,234,917,1,0.0,0.0,1.0,0.0,0.03,0.0,0.0,0,85653.0
private,SF,28,0,0,0.0,0.0,1.0,0.0,0.0,0.0,0.0,1,109053.0
http,SF,315,764,1,0.0,0.0,1.0,0.0,0.07,0.0,0.0,0,122768.0
domain_u,SF,45,120,0,0.0,0.0,1.0,0.0,0.0,0.0,0.0,0,69343.0
http,SF,227,1483,1,0.0,0.0,1.0,0.0,0.05,0.0,0.0,0,67403.0
ftp_data,S0,0,0,0,0.89,1.0,0.22,0.56,0.0,1.0,1.0,1,86504.0
http,SF,213,2089,1,0.0,0.0,1.0,0.0,0.03,0.0,0.0,0,50960.0
http,SF,201,546,1,0.0,0.0,1.0,0.0,0.0,0.0,0.0,0,29219.0
ftp_data,S0,0,0,0,1.0,1.0,0.01,0.06,0.0,1.0,1.0,1,44539.0
private,SF,1,4,0,0.0,0.0,0.47,0.09,0.0,0.16,0.0,1,62483.0
domain_u,SF,97,41,0,0.0,0.0,1.0,0.0,0.0,0.0,0.0,0,112883.0
http,SF,225,966,1,0.0,0.0,1.0,0.0,0.06,0.0,0.0,0,95871.0
http,REJ,0,0,0,0.0,0.0,1.0,0.0,0.03,0.0,0.0,0,50590.0
http,SF,328,1434,1,0.0,0.0,1.0,0.0,0.01,0.0,0.0,0,90282.0
ecr_i,SF,1032,0,0,0.0,0.0,1.0,0.0,0.0,0.0,0.0,1,63588.0
http,SF,220,9472,1,0.0,0.0,1.0,0.0,0.04,0.0,0.0,0,111986.0
http,SF,307,433,1,0.0,0.0,1.0,0.0,0.06,0.0,0.0,0,80138.0
http,SF,54540,8314,1,0.0,0.0,1.0,0.0,0.0,0.0,0.0,1,123743.0
private,S0,0,0,0,1.0,1.0,0.01,0.06,0.0,1.0,1.0,1,56870.0
http,SF,150,15388,1,0.0,0.0,1.0,0.0,0.0,0.0,0.0,0,54702.0
http,S0,0,0,0,1.0,1.0,0.07,0.06,0.0,1.0,1.0,1,84034.0
eco_i,SF,8,0,0,0.0,0.0,1.0,0.0,0.56,0.0,0.0,1,77001.0
http,SF,202,385,1,0.0,0.0,1.0,0.0,0.02,0.0,0.0,0,63248.0
eco_i,SF,8,0,0,0.0,0.0,1.0,0.0,0.51,0.0,0.0,1,124949.0
http,SF,323,935,1,0.0,0.0,1.0,0.0,0.02,0.0,0.0,0,83550.0
http,SF,307,1212,1,0.0,0.0,1.0,0.0,0.0,0.0,0.0,0,3689.0
ftp_data,SF,383,0,0,0.0,0.0,1.0,0.0,0.05,0.0,0.0,0,74331.0
http,SF,344,284,1,0.0,0.0,1.0,0.0,0.0,0.0,0.0,0,88279.0
domain_u,SF,34,87,0,0.0,0.0,1.0,0.0,0.0,0.0,0.0,0,29347.0
http,SF,241,294,1,0.0,0.0,1.0,0.0,0.0,0.0,0.0,0,34858.0
http,SF,186,1089,1,0.0,0.0,1.0,0.0,0.06,0.0,0.0,0,28882.0
ftp_data,SF,383,0,0,0.0,0.0,1.0,0.0,0.0,0.0,0.0,0,66327.0
netbios_dgm,S0,0,0,0,1.0,1.0,0.08,0.05,0.0,1.0,1.0,1,14333.0
http,SF,207,1832,1,0.0,0.0,1.0,0.0,0.01,0.0,0.0,0,59422.0
domain_u,SF,43,133,0,0.0,0.0,1.0,0.0,0.0,0.0,0.0,0,48665.0
http,SF,206,642,1,0.0,0.0,1.0,0.0,0.0,0.0,0.0,0,79411.0
private,SF,1,0,0,0.0,0.0,0.67,0.17,0.0,0.03,0.0,1,105413.0
http,SF,321,1161,1,0.0,0.0,1.0,0.0,0.02,0.0,0.0,0,64183.0
http,SF,242,1771,1,0.0,0.0,1.0,0.0,0.0,0.0,0.0,0,97685.0
mtp,S0,0,0,0,1.0,1.0,0.07,0.17,0.0,1.0,1.0,1,68971.0
http,SF,212,2531,1,0.0,0.0,1.0,0.0,0.03,0.0,0.0,0,125404.0
netbios_ns,S0,0,0,0,1.0,1.0,0.04,0.05,0.0,1.0,1.0,1,23853.0
http,SF,302,744,1,0.0,0.0,1.0,0.0,0.0,0.0,0.0,0,62696.0
domain_u,SF,44,126,0,0.0,0.0,1.0,0.0,0.0,0.0,0.0,0,108211.0
http,SF,238,286,1,0.0,0.0,1.0,0.0,0.0,0.0,0.0,0,88935.0
http,SF,214,660,1,0.0,0.0,1.0,0.0,0.01,0.01,0.0,0,100665.0
http,SF,247,2417,1,0.0,0.0,1.0,0.0,0.02,0.0,0.0,0,4124.0
http,SF,235,185,1,0.0,0.0,1.0,0.0,0.01,0.0,0.0,0,36106.0
imap4,S0,0,0,0,1.0,1.0,0.1,0.07,0.0,1.0,1.0,1,59047.0
http,S0,0,0,0,1.0,1.0,0.5,0.5,0.0,1.0,1.0,1,92530.0
csnet_ns,S0,0,0,0,1.0,1.0,0.0,0.08,0.0,1.0,1.0,1,50398.0
http,SF,305,260,1,0.0,0.0,1.0,0.0,0.0,0.0,0.0,0,59851.0
private,RSTR,0,0,0,0.0,0.0,1.0,0.0,0.0,0.0,0.0,1,35266.0
http,SF,212,3359,1,0.09,0.05,1.0,0.0,0.07,0.01,0.01,0,42069.0
private,S0,0,0,0,1.0,1.0,0.06,0.08,0.0,1.0,1.0,1,69623.0
eco_i,SF,8,0,0,0.0,0.0,1.0,0.0,0.5,0.0,0.0,1,77159.0
other,SF,147,0,0,0.0,0.0,0.2,0.6,0.0,0.0,0.0,0,76441.0
http,SF,318,29098,1,0.0,0.0,1.0,0.0,0.0,0.0,0.0,0,90974.0
ftp_data,S0,0,0,0,1.0,1.0,0.09,0.05,0.0,1.0,1.0,1,27955.0
eco_i,SF,18,0,0,0.0,0.0,1.0,0.0,0.25,0.0,0.0,1,27507.0
finger,S0,0,0,0,1.0,1.0,0.1,0.06,0.0,1.0,1.0,1,38287.0
http,SF,283,10524,1,0.0,0.0,1.0,0.0,0.03,0.0,0.0,0,69115.0
http,SF,231,323,1,0.0,0.0,1.0,0.0,0.03,0.0,0.0,0,67290.0
http,S0,0,0,0,1.0,1.0,0.39,0.1,0.0,1.0,1.0,1,44211.0
private,REJ,0,0,0,0.0,0.0,0.05,0.07,0.0,0.0,0.0,1,120757.0
smtp,SF,771,330,1,0.0,0.0,1.0,0.0,0.02,0.0,0.0,0,63141.0
hostnames,S0,0,0,0,1.0,1.0,0.13,0.06,0.0,1.0,1.0,1,28021.0
Z39_50,S0,0,0,0,1.0,1.0,0.01,0.07,0.0,1.0,1.0,1,3235.0
private,S0,0,0,0,1.0,1.0,0.04,0.06,0.0,1.0,1.0,1,96570.0
ftp_data,SF,2194619,0,1,0.0,0.0,1.0,0.0,0.0,0.0,0.0,0,81198.0
imap4,S0,0,0,0,1.0,1.0,0.03,0.06,0.0,1.0,1.0,1,121658.0
uucp_path,S0,0,0,0,1.0,1.0,0.03,0.05,0.0,1.0,1.0,1,9573.0
telnet,S0,0,0,0,1.0,1.0,0.02,0.06,0.0,1.0,1.0,1,3153.0
http,SF,184,11670,1,0.0,0.0,1.0,0.0,0.04,0.0,0.0,0,65438.0
smtp,SF,2288,331,1,0.0,0.0,0.5,1.0,0.0,0.01,0.02,0,26397.0
private,S0,0,0,0,1.0,1.0,0.05,0.05,0.0,1.0,1.0,1,41698.0
name,S0,0,0,0,1.0,1.0,0.09,0.06,0.0,1.0,1.0,1,121823.0
private,S0,0,0,0,1.0,1.0,0.15,0.06,0.0,1.0,1.0,1,70627.0
private,RSTR,0,0,0,0.0,0.0,1.0,0.0,0.0,0.0,0.0,1,48710.0
http,SF,276,1976,1,0.0,0.0,1.0,0.0,0.04,0.0,0.0,0,88048.0
http,SF,240,885,1,0.0,0.0,1.0,0.0,0.01,0.0,0.0,0,51501.0
http,SF,323,952,1,0.0,0.0,1.0,0.0,0.07,0.0,0.0,0,88594.0
exec,REJ,0,0,0,0.07,0.0,0.01,1.0,0.0,0.03,0.0,1,1404.0
http,SF,313,1650,1,0.0,0.0,1.0,0.0,0.04,0.0,0.0,0,43093.0
other,SF,1,0,0,0.0,0.0,1.0,0.0,0.0,0.0,0.0,1,23102.0
http,SF,305,3222,1,0.0,0.0,1.0,0.0,0.0,0.0,0.0,0,23829.0
http,SF,289,1484,1,0.0,0.0,1.0,0.0,0.0,0.0,0.0,0,57942.0
domain_u,SF,43,130,0,0.0,0.0,1.0,0.0,0.0,0.0,0.0,0,6835.0
domain_u,SF,45,130,0,0.0,0.0,1.0,0.0,0.01,0.0,0.0,0,90909.0
ecr_i,SF,1032,0,0,0.0,0.0,1.0,0.0,0.0,0.0,0.0,1,24480.0
private,S0,0,0,0,1.0,1.0,0.1,0.08,0.0,1.0,1.0,1,38731.0
private,S0,0,0,0,1.0,1.0,0.22,0.07,0.0,1.0,1.0,1,96139.0
ftp_data,SF,7940,0,1,0.0,0.0,1.0,0.0,0.04,0.0,0.0,0,98991.0
finger,SF,10,224,0,0.0,0.0,1.0,0.0,0.0,0.0,0.0,0,108095.0
ftp_data,SF,3468,0,0,0.0,0.0,1.0,0.0,0.0,0.0,0.0,0,61035.0
http,SF,246,2719,1,0.0,0.0,1.0,0.0,0.07,0.0,0.0,0,274.0
private,S0,0,0,0,1.0,1.0,0.0,0.05,0.0,0.91,1.0,1,45484.0
private,S0,0,0,0,1.0,1.0,0.1,0.06,0.0,1.0,1.0,1,52284.0
other,S0,0,0,0,1.0,1.0,0.08,0.06,0.0,1.0,1.0,1,19058.0
http,SF,298,10736,1,0.0,0.0,1.0,0.0,0.02,0.0,0.0,0,40887.0
telnet,S0,0,0,0,1.0,1.0,0.2,0.2,0.0,1.0,1.0,1,28114.0
http,SF,198,10319,1,0.0,0.0,1.0,0.0,0.03,0.01,0.01,0,69318.0
ftp_data,SF,7077,0,1,0.0,0.0,1.0,0.0,0.02,0.0,0.0,0,4743.0
http,SF,316,835,1,0.0,0.0,1.0,0.0,0.01,0.0,0.0,0,104902.0
ftp_data,SF,35195,0,0,0.0,0.0,1.0,0.0,0.0,0.0,0.0,0,37573.0
eco_i,SF,30,0,0,0.0,0.0,1.0,0.0,0.32,0.0,0.0,0,56469.0
http,SF,342,975,1,0.0,0.0,1.0,0.0,0.0,0.0,0.0,0,86531.0
private,REJ,0,0,0,0.0,0.0,0.5,1.0,0.0,0.0,0.0,1,70345.0
ecr_i,SF,1032,0,0,0.0,0.0,1.0,0.0,0.0,0.04,0.0,1,82084.0
netbios_dgm,S0,0,0,0,1.0,1.0,0.06,0.06,0.0,1.0,1.0,1,110587.0
http,SF,355,717,1,0.0,0.0,1.0,0.0,0.03,0.0,0.0,0,55716.0
smtp,SF,661,327,1,0.0,0.0,1.0,0.0,0.03,0.0,0.0,0,59052.0
private,S0,0,0,0,1.0,1.0,0.06,0.07,0.0,1.0,1.0,1,39332.0
iso_tsap,S0,0,0,0,1.0,1.0,0.02,0.07,0.0,1.0,1.0,1,52143.0
domain_u,SF,37,118,0,0.0,0.0,1.0,0.0,0.0,0.0,0.0,0,24348.0
http,SF,330,8064,1,0.0,0.0,1.0,0.0,0.0,0.0,0.0,0,38873.0
private,RSTR,0,0,0,0.0,0.0,1.0,0.0,0.0,0.04,0.0,1,101956.0
http,REJ,0,0,0,0.0,0.0,0.1,0.07,0.0,0.0,0.0,1,21191.0
http,SF,257,11445,1,0.0,0.0,1.0,0.0,0.03,0.0,0.0,0,9470.0
supdup,S0,0,0,0,1.0,1.0,0.12,0.06,0.0,1.0,1.0,1,48913.0
http,SF,467,9887,1,0.0,0.0,1.0,0.0,0.11,0.0,0.0,0,125206.0
ftp,SF,1176,2445,1,0.0,0.0,1.0,0.0,0.0,0.0,0.0,1,87741.0
other,SF,146,105,0,0.0,0.0,1.0,0.0,0.0,0.0,0.0,0,38815.0
domain_u,SF,45,136,0,0.0,0.0,0.99,0.03,0.0,0.0,0.0,0,27350.0
other,RSTR,1,0,0,0.0,0.0,1.0,0.0,0.0,0.0,0.0,1,61953.0
domain_u,SF,45,138,0,0.0,0.0,1.0,0.0,0.0,0.0,0.0,0,82772.0
finger,S0,0,0,0,1.0,1.0,0.49,0.05,0.0,1.0,1.0,1,47645.0
finger,S0,0,0,0,1.0,1.0,0.11,0.05,0.0,1.0,1.0,1,65649.0
ftp_data,SF,14189,0,1,0.0,0.0,1.0,0.0,0.0,0.0,0.0,0,88169.0
http,SF,234,415,1,0.0,0.0,1.0,0.0,0.04,0.0,0.0,0,60990.0
time,S0,0,0,0,1.0,1.0,0.07,0.06,0.0,1.0,1.0,1,20569.0
http,SF,188,3913,1,0.0,0.0,1.0,0.0,0.0,0.0,0.0,0,38164.0
private,SF,207,0,0,0.0,0.0,1.0,0.0,0.0,0.0,0.0,1,76429.0
auth,S0,0,0,0,1.0,1.0,0.02,0.07,0.0,1.0,1.0,1,69225.0
nnsp,S0,0,0,0,1.0,1.0,0.07,0.06,0.0,1.0,1.0,1,123779.0
netbios_dgm,REJ,0,0,0,0.0,0.0,0.06,0.06,0.0,0.0,0.0,1,94595.0
private,S0,0,0,0,1.0,1.0,0.12,0.06,0.0,1.0,1.0,1,76360.0
http,SF,317,596,1,0.0,0.0,1.0,0.0,0.01,0.0,0.0,0,82779.0
private,S0,0,0,0,1.0,1.0,0.0,0.06,0.0,1.0,1.0,1,46015.0
http,SF,294,1773,1,0.0,0.0,1.0,0.0,0.05,0.0,0.0,0,48768.0
http,SF,292,5336,1,0.0,0.0,1.0,0.0,0.0,0.0,0.0,0,38722.0
http,SF,319,807,1,0.0,0.0,1.0,0.0,0.0,0.0,0.0,0,91063.0
smtp,SF,970,388,1,0.0,0.0,1.0,0.0,0.0,0.55,0.0,0,6713.0
ftp,S0,0,0,0,1.0,1.0,0.02,0.07,0.0,1.0,1.0,1,32713.0
ecr_i,SF,1032,0,0,0.0,0.0,1.0,0.0,0.0,0.0,0.0,1,82061.0
http,SF,210,3738,1,0.0,0.0,1.0,0.0,0.03,0.0,0.0,0,106942.0
uucp,S0,0,0,0,1.0,1.0,0.19,0.05,0.0,1.0,1.0,1,100042.0
http,SF,54540,8314,1,0.0,0.0,1.0,0.0,0.0,0.0,0.0,1,108101.0
http,SF,216,3412,1,0.0,0.0,1.0,0.0,0.04,0.02,0.0,0,125413.0
telnet,SF,118,9630,1,0.0,0.0,1.0,0.0,0.0,0.02,0.0,0,85876.0
other,REJ,0,0,0,0.18,0.0,0.0,1.0,0.0,0.16,0.0,1,105414.0
http,SF,338,278,1,0.0,0.0,1.0,0.0,0.0,0.0,0.0,0,30007.0
http,S0,0,0,0,1.0,1.0,0.02,0.06,0.0,1.0,1.0,1,93526.0
private,SF,1,0,0,0.0,0.0,0.23,0.12,0.0,0.0,0.0,1,80586.0
telnet,S1,477,11025,1,1.0,1.0,1.0,0.0,0.0,0.01,0.06,0,105042.0
eco_i,SF,30,0,0,0.0,0.0,1.0,0.0,0.35,0.0,0.0,0,59850.0
http,SF,307,635,1,0.0,0.0,1.0,0.0,0.0,0.0,0.0,0,10357.0
http,SF,148,10289,1,0.0,0.0,1.0,0.0,0.04,0.0,0.0,0,78485.0
gopher,RSTO,0,0,0,0.0,0.0,0.01,0.53,0.0,0.0,0.0,1,98566.0
private,S0,0,0,0,1.0,1.0,0.04,0.05,0.0,1.0,1.0,1,52886.0
domain_u,SF,45,72,0,0.0,0.0,1.0,0.0,0.0,0.0,0.0,0,31577.0
ftp_data,SF,59,0,1,0.0,0.0,1.0,0.0,0.0,0.0,0.0,0,42597.0
private,S0,0,0,0,1.0,1.0,0.13,0.06,0.0,1.0,1.0,1,31251.0
ftp_data,SF,6062,0,0,0.0,0.0,1.0,0.0,0.03,0.01,0.01,0,55987.0
http,SF,329,12047,1,0.0,0.0,1.0,0.0,0.02,0.0,0.0,0,8561.0
private,S0,0,0,0,1.0,1.0,0.06,0.06,0.0,1.0,1.0,1,89299.0
http,SF,204,882,1,0.0,0.0,1.0,0.0,0.0,0.0,0.0,0,67165.0
ftp_data,SF,9,0,0,0.0,0.0,1.0,0.0,0.0,0.73,0.0,0,22149.0
eco_i,SF,8,0,0,0.0,0.0,1.0,0.0,0.5,0.0,0.0,1,30346.0
private,S0,0,0,0,1.0,1.0,0.01,0.06,0.0,1.0,1.0,1,44727.0
exec,S0,0,0,0,1.0,1.0,0.12,0.06,0.0,1.0,1.0,1,26727.0
smtp,SF,49,285,1,0.0,0.0,1.0,0.0,0.01,0.0,0.0,0,11953.0
domain_u,SF,43,131,0,0.0,0.0,1.0,0.0,0.0,0.0,0.0,0,54960.0
private,REJ,0,0,0,0.0,0.0,0.05,0.08,0.0,0.0,0.0,1,2393.0
http,SF,343,255,1,0.0,0.0,1.0,0.0,0.0,0.0,0.0,0,20645.0
smtp,SF,2287,326,1,0.0,0.0,1.0,0.0,0.02,0.0,0.0,0,65744.0
systat,S0,0,0,0,1.0,1.0,0.07,0.05,0.0,1.0,1.0,1,28969.0
domain_u,SF,44,71,0,0.0,0.0,1.0,0.0,0.0,0.0,0.0,0,121559.0
private,S0,0,0,0,1.0,1.0,0.06,0.06,0.0,1.0,1.0,1,96509.0
private,SF,1,1,0,0.0,0.0,0.93,0.13,0.0,0.16,0.0,1,5116.0
klogin,REJ,0,0,0,0.0,0.0,0.13,0.06,0.0,0.0,0.0,1,32332.0
ftp,RSTO,0,0,0,0.0,0.0,0.03,0.07,0.0,0.0,0.0,1,85168.0
domain_u,SF,41,41,0,0.0,0.0,1.0,0.0,0.0,0.0,0.0,0,3585.0
http,SF,299,1321,1,0.0,0.0,1.0,0.0,0.08,0.0,0.01,0,87904.0
smtp,SF,803,329,1,0.0,0.0,1.0,0.0,0.01,0.0,0.0,0,75199.0
uucp,S0,0,0,0,1.0,1.0,0.05,0.05,0.0,1.0,1.0,1,94954.0
smtp,SF,1786,478,1,0.0,0.0,1.0,0.0,0.0,0.0,0.0,0,20032.0
http,SF,196,11034,1,0.0,0.0,1.0,0.0,0.05,0.0,0.0,0,46376.0
auth,S0,0,0,0,1.0,1.0,0.01,0.07,0.0,1.0,1.0,1,34397.0
private,S0,0,0,0,1.0,1.0,0.12,0.06,0.0,1.0,1.0,1,102906.0
hostnames,S0,0,0,0,1.0,1.0,0.04,0.07,0.0,1.0,1.0,1,95893.0
private,S0,0,0,0,1.0,1.0,0.01,0.06,0.0,1.0,1.0,1,93466.0
smtp,SF,1426,335,1,0.0,0.0,1.0,0.0,0.01,0.0,0.0,0,68558.0
smtp,SF,924,336,1,0.0,0.0,1.0,0.0,0.01,0.0,0.0,0,35362.0
http_443,REJ,0,0,0,0.0,0.0,0.04,0.06,0.0,0.0,0.0,1,108072.0
private,S0,0,0,0,0.06,1.0,0.0,1.0,0.0,0.09,1.0,1,32381.0
auth,S0,0,0,0,1.0,1.0,0.04,0.05,0.0,1.0,1.0,1,84153.0
domain_u,SF,44,70,0,0.0,0.0,1.0,0.0,0.0,0.0,0.0,0,3924.0
sunrpc,S0,0,0,0,1.0,1.0,0.5,0.38,0.0,1.0,1.0,1,62731.0
http,SF,347,3275,1,0.0,0.0,1.0,0.0,0.02,0.0,0.0,0,68311.0
http,SF,264,10336,1,0.0,0.0,1.0,0.0,0.0,0.0,0.0,0,95670.0
other,REJ,0,0,0,0.23,0.0,0.0,1.0,0.0,0.27,0.0,1,40460.0
http,SF,239,1695,1,0.0,0.0,1.0,0.0,0.02,0.0,0.0,0,92803.0
other,SF,147,105,0,0.0,0.0,1.0,0.0,0.0,0.0,0.0,0,29170.0
ftp,SF,335,1063,1,0.0,0.0,1.0,0.0,0.0,0.0,0.0,0,23750.0
ftp_data,SF,383,0,1,0.0,0.0,0.67,0.67,0.03,0.0,0.01,0,45633.0
http,SF,190,1622,1,0.0,0.0,1.0,0.0,0.05,0.0,0.0,0,104298.0
private,S0,0,0,0,1.0,1.0,0.02,0.08,0.0,1.0,1.0,1,30792.0
private,S0,0,0,0,1.0,1.0,0.06,0.07,0.0,1.0,1.0,1,50869.0
http,SF,314,2971,1,0.0,0.0,1.0,0.0,0.0,0.0,0.0,0,104789.0
courier,S0,0,0,0,1.0,1.0,0.13,0.06,0.0,1.0,1.0,1,63677.0
domain_u,SF,112,45,0,0.0,0.0,1.0,0.0,0.0,0.0,0.0,0,74074.0
domain_u,SF,43,123,0,0.0,0.0,1.0,0.0,0.0,0.0,0.0,0,67847.0
http,SF,308,1374,1,0.0,0.0,1.0,0.0,0.0,0.0,0.0,0,73758.0
smtp,SF,868,330,1,0.0,0.0,1.0,0.0,0.04,0.04,0.0,0,37543.0
domain_u,SF,44,72,0,0.0,0.0,1.0,0.0,0.0,0.0,0.0,0,685.0
name,S0,0,0,0,1.0,1.0,0.07,0.06,0.0,1.0,1.0,1,47754.0
finger,S0,0,0,0,1.0,1.0,0.23,0.11,0.0,1.0,1.0,1,76749.0
http,SF,318,4337,1,0.0,0.0,1.0,0.0,0.0,0.0,0.0,0,65700.0
ftp_data,S0,0,0,0,1.0,1.0,0.08,0.06,0.0,1.0,1.0,1,108126.0
http,SF,330,1539,1,0.0,0.0,1.0,0.0,0.2,0.0,0.07,0,58818.0
telnet,RSTO,0,0,0,0.0,0.0,1.0,0.0,0.0,0.0,0.0,0,48789.0
supdup,REJ,0,0,0,0.0,0.0,0.02,0.07,0.0,0.0,0.0,1,62559.0
private,REJ,0,0,0,0.0,0.0,1.0,0.0,0.0,0.0,0.0,1,11289.0
ftp_data,SF,71,0,0,0.0,0.0,1.0,0.0,0.02,0.0,0.0,0,111358.0
http,SF,234,4200,1,0.0,0.0,1.0,0.0,0.04,0.0,0.0,0,21068.0
http,SF,220,655,1,0.0,0.0,1.0,0.0,0.0,0.0,0.0,0,83240.0
other,REJ,0,0,0,0.14,0.0,0.0,1.0,0.0,0.1,0.0,1,45025.0
other,RSTR,1,0,0,0.0,0.0,1.0,0.0,0.0,0.0,0.0,1,8454.0
http,SF,227,20719,1,0.0,0.0,1.0,0.0,0.0,0.0,0.0,0,25870.0
domain_u,SF,45,115,0,0.0,0.0,0.5,1.0,0.0,0.0,0.0,0,65845.0
ecr_i,SF,1032,0,0,0.0,0.0,1.0,0.0,0.0,0.0,0.0,1,67304.0
private,RSTR,1,0,0,0.0,0.0,1.0,0.0,0.0,0.0,0.0,1,82456.0
nnsp,S0,0,0,0,1.0,1.0,0.07,0.06,0.0,1.0,1.0,1,9660.0
http,SF,350,1732,1,0.0,0.0,1.0,0.0,0.08,0.0,0.0,0,40618.0
private,REJ,0,0,0,0.0,0.0,0.02,0.07,0.0,0.0,0.0,1,81045.0
private,S0,0,0,0,1.0,1.0,0.09,0.06,0.0,1.0,1.0,1,84069.0
http,S0,0,0,0,0.5,0.11,1.0,0.0,0.04,0.5,0.02,0,69083.0
systat,REJ,0,0,0,0.0,0.0,0.02,0.07,0.0,0.0,0.0,1,125698.0
eco_i,SF,8,0,0,0.0,0.0,1.0,0.0,0.51,0.0,0.0,1,65925.0
private,S0,0,0,0,1.0,1.0,0.01,0.07,0.0,1.0,1.0,1,41017.0
domain_u,SF,42,42,0,0.0,0.0,1.0,0.0,0.0,0.0,0.0,0,66703.0
ecr_i,SF,1032,0,0,0.0,0.0,1.0,0.0,0.0,0.0,0.0,1,124760.0
ldap,S0,0,0,0,1.0,1.0,0.06,0.06,0.0,1.0,1.0,1,98925.0
http,SF,355,2761,1,0.0,0.0,1.0,0.0,0.02,0.01,0.01,0,15273.0
http,SF,318,2698,1,0.0,0.0,1.0,0.0,0.0,0.0,0.0,0,18668.0
ftp_data,SF,203,0,1,0.0,0.0,1.0,0.0,0.04,0.0,0.0,0,69455.0
other,SF,147,105,0,0.0,0.0,0.5,0.5,0.0,0.0,0.0,0,32451.0
name,S0,0,0,0,1.0,1.0,0.06,0.06,0.0,1.0,1.0,1,17383.0
smtp,SF,840,327,1,0.0,0.0,1.0,0.0,0.0,0.0,0.0,0,107400.0
smtp,SF,1242,489,1,0.0,0.0,1.0,0.0,0.01,0.0,0.0,0,123547.0
daytime,S0,0,0,0,1.0,1.0,0.01,0.07,0.0,1.0,1.0,1,69961.0
private,S0,0,0,0,1.0,1.0,0.01,0.06,0.0,1.0,1.0,1,113778.0
http,REJ,0,0,0,0.0,0.0,1.0,0.0,0.2,0.0,0.0,0,12191.0
private,SF,105,145,0,0.0,0.0,0.25,0.5,0.0,0.0,0.0,0,43410.0
csnet_ns,S0,0,0,0,1.0,1.0,0.08,0.07,0.0,1.0,1.0,1,62892.0
csnet_ns,REJ,0,0,0,0.0,0.0,0.05,0.07,0.0,0.0,0.0,1,99097.0
courier,S0,0,0,0,1.0,1.0,0.13,0.07,0.0,1.0,1.0,1,78791.0
http,SF,287,3413,1,0.0,0.0,1.0,0.0,0.0,0.0,0.0,0,97443.0
http,SF,337,578,1,0.0,0.0,1.0,0.0,0.05,0.0,0.0,0,1988.0
http,SF,188,1274,1,0.0,0.0,1.0,0.0,0.0,0.0,0.0,0,10324.0
http,SF,237,2133,1,0.0,0.0,1.0,0.0,0.0,0.0,0.0,0,124028.0
http,SF,257,100344,1,0.0,0.0,1.0,0.0,0.01,0.0,0.0,0,87312.0
private,S0,0,0,0,1.0,1.0,0.04,0.06,0.0,1.0,1.0,1,66106.0
gopher,S0,0,0,0,1.0,1.0,0.05,0.07,0.0,1.0,1.0,1,102908.0
http,SF,315,1622,1,0.0,0.0,1.0,0.0,0.05,0.0,0.0,0,12600.0
domain_u,SF,45,75,0,0.0,0.0,1.0,0.0,0.0,0.0,0.0,0,81470.0
exec,RSTO,0,0,0,0.0,0.0,0.04,0.06,0.0,0.0,0.0,1,69549.0
ecr_i,SF,1032,0,0,0.0,0.0,1.0,0.0,0.0,0.0,0.0,1,88903.0
gopher,S0,0,0,0,1.0,1.0,0.09,0.07,0.0,1.0,1.0,1,99366.0
ecr_i,SF,1480,0,0,0.0,0.0,1.0,0.0,0.08,0.0,0.0,1,37893.0
http,SF,197,1691,1,0.0,0.0,1.0,0.0,0.02,0.0,0.0,0,78949.0
uucp,S0,0,0,0,1.0,1.0,0.01,0.06,0.0,1.0,1.0,1,121702.0
http,SF,294,2872,1,0.0,0.0,1.0,0.0,0.0,0.0,0.0,0,58230.0
telnet,S0,0,0,0,1.0,1.0,0.61,0.09,0.04,1.0,0.98,1,105629.0
private,SF,1,0,0,0.0,0.0,0.35,0.13,0.0,0.16,0.0,1,77616.0
http,SF,227,24786,1,0.0,0.0,1.0,0.0,0.01,0.0,0.0,0,12709.0
private,S0,0,0,0,1.0,1.0,0.06,0.07,0.0,1.0,1.0,1,102517.0
http,SF,327,320,1,0.0,0.0,1.0,0.0,0.0,0.0,0.0,0,119903.0
domain_u,SF,88,0,0,0.0,0.0,1.0,0.0,0.0,0.0,0.0,0,47799.0
http,SF,324,4845,1,0.0,0.0,1.0,0.0,0.04,0.0,0.0,0,41019.0
private,RSTR,0,0,0,0.0,0.0,0.5,1.0,0.0,0.0,0.0,1,5693.0
http,SF,347,8861,1,0.0,0.0,1.0,0.0,0.04,0.0,0.0,0,52703.0
ftp_data,S0,0,0,0,0.97,1.0,0.21,0.13,0.0,1.0,1.0,1,59499.0
ftp_data,S0,0,0,0,1.0,1.0,0.23,0.06,0.0,1.0,1.0,1,30614.0
domain_u,SF,44,73,0,0.0,0.0,1.0,0.01,0.0,0.0,0.0,0,95753.0
http,S1,377,14319,1,1.0,0.09,1.0,0.0,0.02,0.01,0.0,0,23711.0
http,SF,278,2251,1,0.0,0.0,1.0,0.0,0.04,0.0,0.0,0,11800.0
eco_i,SF,20,0,0,0.0,0.0,1.0,0.0,0.0,0.0,0.0,1,115502.0
domain_u,SF,44,130,0,0.0,0.0,1.0,0.0,0.0,0.0,0.0,0,7186.0
domain_u,SF,43,78,0,0.0,0.0,1.0,0.0,0.0,0.0,0.0,0,77600.0
http,SF,230,287,1,0.0,0.0,1.0,0.0,0.02,0.0,0.0,0,73695.0
http,S0,0,0,0,1.0,1.0,0.32,0.07,0.0,1.0,1.0,1,122903.0
pop_3,SF,66,3921,1,0.0,0.0,1.0,0.0,0.5,0.0,0.0,0,75098.0
private,S0,0,0,0,1.0,1.0,0.16,0.06,0.0,1.0,1.0,1,61115.0
netbios_ssn,S0,0,0,0,1.0,1.0,0.01,0.06,0.0,1.0,1.0,1,28108.0
ftp_data,SF,12,0,1,0.0,0.0,1.0,0.0,0.0,0.0,0.0,0,66630.0
private,S0,0,0,0,1.0,1.0,0.04,0.05,0.0,1.0,1.0,1,85271.0
other,SF,516,4,0,0.0,0.0,1.0,0.0,0.0,0.0,0.0,0,29011.0
http,SF,213,1538,1,0.0,0.0,1.0,0.0,0.05,0.01,0.01,0,57396.0
smtp,SF,1708,327,1,0.0,0.0,1.0,0.0,0.02,0.0,0.0,0,87297.0
domain_u,SF,43,75,0,0.0,0.0,1.0,0.0,0.0,0.0,0.0,0,119025.0
http,SF,308,5467,1,0.0,0.0,1.0,0.0,0.04,0.0,0.0,0,109098.0
http,S0,0,0,0,1.0,1.0,1.0,0.0,0.0,1.0,1.0,1,50596.0
http,SF,313,11803,1,0.0,0.0,1.0,0.0,0.0,0.0,0.0,0,18321.0
private,S0,0,0,0,1.0,1.0,0.23,0.07,0.0,1.0,1.0,1,63570.0
private,S0,0,0,0,1.0,1.0,0.01,0.06,0.0,1.0,1.0,1,52754.0
http,SF,346,5741,1,0.0,0.0,1.0,0.0,0.12,0.02,0.0,0,88487.0
nnsp,S0,0,0,0,1.0,1.0,0.03,0.07,0.0,1.0,1.0,1,93355.0
telnet,SF,584,19887,1,0.0,0.0,1.0,0.0,0.0,0.62,0.15,0,3607.0
http,SF,223,4617,1,0.0,0.05,1.0,0.0,0.02,0.0,0.0,0,118553.0
private,S0,0,0,0,0.06,1.0,0.0,1.0,0.0,0.1,1.0,1,74085.0
http,SF,284,1600,1,0.0,0.0,1.0,0.0,0.05,0.0,0.0,0,100338.0
ftp_data,SF,4436,0,1,0.0,0.0,1.0,0.0,0.0,0.0,0.0,0,10801.0
ftp_data,SF,8989,0,1,0.0,0.0,1.0,0.0,0.04,0.03,0.0,0,96443.0
ftp,S0,0,0,0,1.0,1.0,0.04,0.05,0.0,1.0,1.0,1,25814.0
domain_u,SF,43,128,0,0.0,0.0,0.99,0.03,0.0,0.0,0.0,0,94701.0
ecr_i,SF,64,0,0,0.0,0.0,1.0,0.0,0.0,0.0,0.0,0,16945.0
nnsp,S0,0,0,0,1.0,1.0,0.13,0.05,0.0,1.0,1.0,1,41576.0
domain_u,SF,91,0,0,0.0,0.0,1.0,0.0,0.0,0.0,0.0,0,8353.0
private,S0,0,0,0,1.0,1.0,0.01,0.07,0.0,1.0,1.0,1,33940.0
domain_u,SF,43,172,0,0.0,0.0,1.0,0.0,0.0,0.0,0.0,0,53532.0
http,SF,331,8151,1,0.0,0.0,1.0,0.0,0.09,0.0,0.0,0,44729.0
http,SF,314,3749,1,0.0,0.0,1.0,0.0,0.0,0.0,0.0,0,13463.0
systat,S0,0,0,0,1.0,1.0,0.04,0.07,0.0,1.0,1.0,1,114876.0
http,SF,248,1470,1,0.0,0.0,1.0,0.0,0.03,0.0,0.0,0,91522.0
http,SF,304,313,1,0.0,0.0,1.0,0.0,0.03,0.0,0.0,0,15023.0
smtp,SF,887,339,1,0.0,0.0,1.0,0.0,0.01,0.0,0.0,0,111449.0
http,SF,318,3016,1,0.0,0.0,1.0,0.0,0.0,0.0,0.0,0,7438.0
private,S0,0,0,0,1.0,1.0,0.02,0.05,0.0,0.98,1.0,1,72124.0
ecr_i,SF,1032,0,0,0.0,0.0,1.0,0.0,0.0,0.16,0.0,1,17047.0
http,SF,54540,8314,1,0.0,0.0,1.0,0.0,0.0,0.0,0.0,1,106608.0
eco_i,SF,8,0,0,0.0,0.0,1.0,0.0,0.5,0.0,0.0,1,58814.0
private,S0,0,0,0,1.0,1.0,0.04,0.06,0.0,1.0,1.0,1,91459.0
smtp,SF,656,331,1,0.0,0.0,1.0,0.0,0.01,0.0,0.0,0,8774.0
private,RSTR,0,0,0,0.0,0.0,1.0,0.0,0.0,0.0,0.0,1,119235.0
http,SF,213,296,1,0.0,0.0,1.0,0.0,0.0,0.0,0.0,0,3129.0
imap4,REJ,0,0,0,0.0,0.0,0.0,0.07,0.0,0.0,0.0,1,30354.0
ftp,SF,233,774,1,0.0,0.0,1.0,0.0,0.0,0.0,0.0,0,34991.0
private,S0,0,0,0,1.0,1.0,0.14,0.07,0.0,1.0,1.0,1,29234.0
http,SF,261,277,1,0.0,0.0,1.0,0.0,0.0,0.0,0.0,0,103531.0
private,S0,0,0,0,1.0,1.0,0.01,0.09,0.0,1.0,1.0,1,70696.0
http,REJ,0,0,0,0.0,0.0,0.01,0.07,0.0,0.0,0.0,1,87654.0
http,SF,205,4578,1,0.0,0.0,1.0,0.0,0.04,0.0,0.0,0,113429.0
http,SF,292,313,1,0.0,0.0,1.0,0.0,0.0,0.0,0.0,0,121121.0
http,SF,325,2119,1,0.0,0.0,1.0,0.0,0.0,0.0,0.0,0,40391.0
finger,S0,0,0,0,1.0,1.0,0.26,0.11,0.0,1.0,1.0,1,22131.0
private,S0,0,0,0,1.0,1.0,0.33,0.12,0.0,1.0,1.0,1,4395.0
private,S0,0,0,0,1.0,1.0,0.11,0.06,0.0,1.0,1.0,1,104509.0
http,SF,213,4167,1,0.0,0.0,1.0,0.0,0.0,0.0,0.0,0,114920.0
http,SF,302,175,1,0.0,0.0,1.0,0.0,0.0,0.0,0.0,0,59086.0
ftp_data,S0,0,0,0,1.0,1.0,0.25,0.38,0.0,1.0,1.0,1,2245.0
private,S0,0,0,0,1.0,1.0,0.06,0.06,0.0,1.0,1.0,1,46441.0
ecr_i,SF,520,0,0,0.0,0.0,1.0,0.0,0.0,0.0,0.0,1,61030.0
http,SF,304,420,1,0.0,0.0,1.0,0.0,0.0,0.0,0.0,0,4038.0
http,SF,234,1230,1,0.0,0.0,1.0,0.0,0.04,0.0,0.0,0,40167.0
Z39_50,S0,0,0,0,1.0,1.0,0.03,0.07,0.0,1.0,1.0,1,110710.0
http,REJ,0,0,0,0.0,0.0,1.0,0.0,0.21,0.0,0.0,0,103120.0
http,SF,233,4759,1,0.0,0.0,1.0,0.0,0.01,0.0,0.0,0,691.0
private,S0,0,0,0,1.0,1.0,0.04,0.05,0.0,1.0,1.0,1,108722.0
http,REJ,0,0,0,0.0,0.0,1.0,0.0,0.17,0.0,0.0,0,84359.0
smtp,SF,1696,364,1,0.0,0.0,1.0,0.0,0.0,0.0,0.0,0,119400.0
http,SF,247,2926,1,0.0,0.0,1.0,0.0,0.0,0.0,0.0,0,90031.0
ecr_i,SF,1032,0,0,0.0,0.0,1.0,0.0,0.0,0.0,0.0,1,56001.0
http,SF,314,274,1,0.0,0.0,1.0,0.0,0.0,0.0,0.0,0,47231.0
domain_u,SF,45,75,0,0.0,0.0,1.0,0.0,0.0,0.0,0.0,0,84564.0
http,SF,232,3390,1,0.0,0.0,1.0,0.0,0.01,0.0,0.0,0,14187.0
http,SF,316,1448,1,0.0,0.0,1.0,0.0,0.02,0.0,0.0,0,43228.0
http,SF,215,864,1,0.0,0.0,1.0,0.0,0.02,0.0,0.0,0,99194.0
urp_i,SF,181,0,0,0.0,0.0,0.5,1.0,0.0,0.0,0.0,0,72297.0
private,S0,0,0,0,1.0,1.0,0.01,0.06,0.0,1.0,1.0,1,45053.0
http_443,S0,0,0,0,1.0,1.0,0.1,0.06,0.0,1.0,1.0,1,49407.0
http,SF,236,369,1,0.0,0.0,1.0,0.0,0.04,0.0,0.0,0,86242.0
imap4,S0,0,0,0,1.0,1.0,0.09,0.07,0.0,1.0,1.0,1,98930.0
http,REJ,0,0,0,0.0,0.0,1.0,0.0,0.01,0.0,0.0,0,104474.0
http,SF,357,1423,1,0.0,0.0,1.0,0.0,0.0,0.0,0.0,0,52424.0
http,REJ,0,0,0,0.0,0.0,1.0,0.0,0.22,0.0,0.01,0,22035.0
telnet,RSTO,126,179,0,0.0,0.0,1.0,0.0,0.0,0.06,0.06,1,122128.0
domain,S0,0,0,0,1.0,1.0,0.05,0.07,0.0,1.0,1.0,1,58920.0
smtp,SF,870,332,1,0.0,0.0,1.0,0.0,0.02,0.0,0.0,0,100375.0
ftp_data,SF,641,0,1,0.0,0.0,1.0,0.0,0.03,0.0,0.0,0,70423.0
http,REJ,0,0,0,0.0,0.0,1.0,0.0,0.21,0.0,0.0,0,21853.0
http_443,REJ,0,0,0,0.0,0.0,0.12,0.05,0.0,0.0,0.0,1,53220.0
smtp,SF,865,329,1,0.0,0.0,1.0,0.0,0.0,0.0,0.0,0,49250.0
private,S0,0,0,0,1.0,1.0,0.27,0.05,0.0,1.0,1.0,1,90993.0
domain_u,SF,44,110,0,0.0,0.0,1.0,0.0,0.0,0.0,0.0,0,31589.0
http,SF,213,308,1,0.0,0.0,1.0,0.0,0.0,0.0,0.0,0,21976.0
http,SF,295,1215,1,0.0,0.0,1.0,0.0,0.01,0.0,0.0,0,30370.0
http,SF,247,677,1,0.0,0.0,1.0,0.0,0.0,0.0,0.0,0,43624.0
http,SF,321,485,1,0.0,0.0,1.0,0.0,0.02,0.0,0.02,0,91328.0
http,SF,54540,8314,1,0.0,0.0,1.0,0.0,0.0,0.0,0.0,1,90339.0
http,SF,246,2265,1,0.0,0.0,1.0,0.0,0.0,0.01,0.01,0,60576.0
private,S0,0,0,0,1.0,1.0,0.07,0.07,0.0,1.0,1.0,1,71334.0
http,SF,200,2055,1,0.0,0.0,1.0,0.0,0.0,0.0,0.0,0,68705.0
private,REJ,0,0,0,0.01,0.0,0.01,1.0,0.0,0.0,0.0,1,77182.0
domain_u,SF,44,128,0,0.0,0.0,1.0,0.0,0.0,0.0,0.0,0,99430.0
other,SF,147,105,0,0.0,0.0,1.0,0.0,0.0,0.0,0.0,0,111254.0
discard,S0,0,0,0,1.0,1.0,0.03,0.05,0.0,1.0,1.0,1,69006.0
ftp_data,S0,0,0,0,1.0,1.0,0.13,0.06,0.0,1.0,1.0,1,62113.0
smtp,SF,2805,335,1,0.0,0.0,1.0,0.0,0.0,0.0,0.0,0,79436.0
private,SF,28,0,0,0.0,0.0,1.0,0.0,0.0,0.02,0.0,1,15572.0
ecr_i,SF,520,0,0,0.0,0.0,1.0,0.0,0.0,0.0,0.0,1,17709.0
private,REJ,0,0,0,0.05,0.0,0.0,1.0,0.0,0.08,0.0,1,54125.0
ctf,S0,0,0,0,1.0,1.0,0.05,0.07,0.0,1.0,1.0,1,19835.0
ftp_data,SF,613,0,1,0.0,0.0,1.0,0.0,0.02,0.0,0.0,1,59000.0
http,SF,220,613,1,0.0,0.0,1.0,0.0,0.04,0.0,0.0,0,57603.0
exec,S0,0,0,0,1.0,1.0,0.17,0.06,0.0,1.0,1.0,1,103443.0
private,S0,0,0,0,1.0,1.0,0.1,0.06,0.0,1.0,1.0,1,39466.0
private,S0,0,0,0,1.0,1.0,0.15,0.07,0.0,1.0,1.0,1,75555.0
private,SF,1,0,0,0.0,0.0,0.26,0.26,0.0,0.0,0.0,1,105750.0
ftp_data,SF,7321,0,1,0.0,0.0,1.0,0.0,0.03,0.0,0.0,0,48829.0
http,SF,278,8596,1,0.0,0.0,1.0,0.0,0.02,0.0,0.0,0,4174.0
other,SF,516,4,0,0.0,0.0,1.0,0.0,0.0,0.0,0.0,0,102561.0
ftp_data,SF,5135678,0,1,0.0,0.0,1.0,0.0,0.12,0.0,0.0,1,101456.0
telnet,SF,208,1820,1,0.0,0.0,1.0,0.0,0.0,0.02,0.08,0,10997.0
http,RSTO,0,0,1,0.0,0.0,1.0,0.0,0.03,0.0,0.0,0,75383.0
eco_i,SF,8,0,0,0.0,0.0,1.0,0.0,0.51,0.0,0.0,1,84582.0
smtp,SF,935,328,1,0.0,0.0,1.0,0.0,0.01,0.0,0.0,0,76150.0
http,REJ,0,0,0,0.0,0.0,1.0,0.0,0.25,0.0,0.0,0,82326.0
whois,S0,0,0,0,1.0,1.0,0.25,1.0,0.0,1.0,1.0,1,123395.0
http,SF,223,529,1,0.0,0.0,1.0,0.0,0.02,0.0,0.0,0,56074.0
login,S0,0,0,0,1.0,1.0,0.06,0.05,0.0,1.0,1.0,1,37540.0
private,S0,0,0,0,1.0,1.0,0.04,0.09,0.0,1.0,1.0,1,25236.0
csnet_ns,REJ,0,0,0,0.0,0.0,0.09,0.06,0.0,0.0,0.0,1,77150.0
ftp_data,SF,252,0,0,0.0,0.0,1.0,0.0,0.03,0.01,0.0,0,109351.0
discard,S0,0,0,0,1.0,1.0,0.03,0.06,0.0,1.0,1.0,1,41603.0
http,SF,279,762,1,0.0,0.0,1.0,0.0,0.01,0.0,0.0,0,72625.0
ssh,S0,0,0,0,1.0,1.0,0.14,0.06,0.0,1.0,1.0,1,21665.0
private,S0,0,0,0,1.0,1.0,0.02,0.06,0.0,1.0,1.0,1,49590.0
exec,S0,0,0,0,1.0,1.0,0.14,0.07,0.0,1.0,1.0,1,26225.0
http,SF,212,1719,1,0.0,0.0,1.0,0.0,0.0,0.0,0.0,0,64083.0
http,SF,210,2243,1,0.0,0.0,1.0,0.0,0.0,0.0,0.0,0,29176.0
private,S0,0,0,0,1.0,1.0,0.05,0.06,0.0,1.0,1.0,1,2676.0
private,S0,0,0,0,1.0,1.0,0.02,0.07,0.0,1.0,1.0,1,103366.0
ssh,S0,0,0,0,1.0,1.0,0.08,0.06,0.0,1.0,1.0,1,85132.0
http,SF,200,1061,1,0.0,0.0,1.0,0.0,0.06,0.0,0.0,0,18650.0
private,SF,28,0,0,0.0,0.0,1.0,0.0,0.0,0.0,0.0,1,21468.0
http,SF,300,7038,1,0.0,0.0,1.0,0.0,0.03,0.0,0.0,0,76855.0
http,SF,199,16931,1,0.0,0.0,1.0,0.0,0.0,0.0,0.0,0,92516.0
http,SF,54540,8314,1,0.0,0.0,1.0,0.0,0.0,0.01,0.01,1,51762.0
other,REJ,0,0,0,0.09,0.0,0.0,1.0,0.0,0.11,0.0,1,12357.0
http,SF,237,370,1,0.0,0.0,1.0,0.0,0.0,0.0,0.0,0,54701.0
private,S0,0,0,0,1.0,1.0,0.06,0.09,0.0,1.0,1.0,1,98194.0
imap4,S0,0,0,0,1.0,1.0,0.02,0.07,0.0,1.0,1.0,1,39260.0
http,SF,222,278,1,0.0,0.0,1.0,0.0,0.0,0.0,0.0,0,38040.0
http,REJ,0,0,0,0.0,0.0,1.0,0.0,0.11,0.0,0.0,0,5329.0
auth,SF,10,39,0,0.0,0.0,1.0,0.0,0.4,0.0,0.0,0,37422.0
http,SF,217,2226,1,0.0,0.0,1.0,0.0,0.0,0.0,0.0,0,63168.0
http,REJ,0,0,0,0.0,0.0,1.0,0.0,0.08,0.01,0.0,0,36764.0
http,SF,186,1263,1,0.0,0.0,1.0,0.0,0.02,0.0,0.0,0,63506.0
eco_i,SF,18,0,0,0.0,0.0,1.0,0.0,1.0,0.0,0.0,1,106293.0
http,SF,307,1075,1,0.0,0.0,1.0,0.0,0.0,0.01,0.0,0,27356.0
telnet,S0,0,0,0,1.0,1.0,0.24,0.07,0.0,1.0,1.0,1,42587.0
domain_u,SF,46,153,0,0.0,0.0,0.99,0.03,0.0,0.0,0.0,0,76729.0
urp_i,SF,181,0,0,0.0,0.0,0.5,1.0,0.0,0.0,0.0,0,62676.0
auth,REJ,0,0,0,0.0,0.0,0.01,0.07,0.0,0.0,0.0,1,33414.0
http,SF,237,3355,1,0.0,0.0,1.0,0.0,0.0,0.0,0.0,0,10991.0
smtp,SF,1191,334,1,0.0,0.0,1.0,0.0,0.01,0.0,0.0,0,97967.0
private,S0,0,0,0,1.0,1.0,0.08,0.06,0.0,1.0,1.0,1,9848.0
private,S0,0,0,0,1.0,1.0,0.06,0.06,0.0,1.0,1.0,1,14446.0
http,SF,338,11868,1,0.0,0.0,1.0,0.0,0.01,0.0,0.0,0,24410.0
link,S0,0,0,0,1.0,1.0,0.03,0.06,0.0,1.0,1.0,1,60442.0
http,SF,258,1952,1,0.5,0.5,1.0,0.0,0.0,0.0,0.0,0,54329.0
private,SF,1,0,0,0.0,0.0,0.64,0.09,0.0,0.0,0.0,1,35999.0
http,SF,300,1226,1,0.0,0.0,1.0,0.0,0.01,0.0,0.0,0,29320.0
sql_net,REJ,0,0,0,0.0,0.0,0.07,0.06,0.0,0.0,0.0,1,14467.0
ftp_data,SF,495,0,1,0.0,0.0,1.0,0.0,0.04,0.0,0.0,0,15801.0
login,S0,0,0,0,1.0,1.0,0.12,0.06,0.0,1.0,1.0,1,22583.0
http,SF,329,9621,1,0.0,0.0,1.0,0.0,0.0,0.0,0.0,0,20409.0
http,SF,258,3071,1,0.0,0.0,1.0,0.0,0.01,0.0,0.0,0,51799.0
eco_i,SF,8,0,0,0.0,0.0,1.0,0.0,0.25,0.0,0.0,1,1517.0
http,SF,337,1645,1,0.0,0.0,1.0,0.0,0.0,0.0,0.0,0,124182.0
http,SF,287,2656,1,0.0,0.0,1.0,0.0,0.0,0.0,0.0,0,95462.0
private,SF,1,0,0,0.0,0.0,0.93,0.01,0.0,0.0,0.0,1,2734.0
domain_u,SF,34,34,0,0.0,0.0,1.0,0.0,0.0,0.0,0.0,0,113459.0
other,RSTR,1,0,0,0.0,0.0,1.0,0.0,0.0,0.0,0.0,1,124501.0
private,REJ,0,0,0,0.0,0.0,1.0,0.0,1.0,0.0,0.0,1,21592.0
http,SF,286,5989,1,0.0,0.0,1.0,0.0,0.07,0.0,0.0,0,74502.0
domain_u,SF,44,133,0,0.0,0.0,1.0,0.0,0.0,0.0,0.0,0,55951.0
http,SF,148,18275,1,0.0,0.0,1.0,0.0,0.0,0.0,0.0,0,61654.0
http,SF,189,308,1,0.0,0.0,1.0,0.0,0.0,0.0,0.0,0,115016.0
domain_u,SF,45,132,0,0.0,0.0,1.0,0.0,0.0,0.0,0.0,0,17400.0
ftp_data,S0,0,0,0,1.0,1.0,0.22,0.11,0.0,1.0,1.0,1,15547.0
http,SF,54540,8314,1,0.0,0.0,1.0,0.0,0.0,0.0,0.0,1,94432.0
http,SF,339,326,1,0.0,0.0,1.0,0.0,0.0,0.0,0.0,0,32329.0
pop_3,SF,66,4367,1,0.0,0.0,1.0,0.0,1.0,0.0,0.0,0,52076.0
ftp_data,SF,16115,0,1,0.0,0.0,1.0,0.0,0.0,0.0,0.0,0,21513.0
http,SF,248,2919,1,0.0,0.0,1.0,0.0,0.04,0.0,0.01,0,49520.0
http,SF,314,1116,1,0.0,0.0,1.0,0.0,0.0,0.0,0.0,0,109115.0
smtp,SF,11470,926,1,0.0,0.0,1.0,0.0,0.01,0.17,0.0,0,75953.0
http,SF,291,7487,1,0.0,0.0,1.0,0.0,0.05,0.0,0.0,0,125237.0
http,SF,234,260,1,0.0,0.0,1.0,0.0,0.0,0.0,0.0,0,49042.0
private,S0,0,0,0,1.0,1.0,0.05,0.07,0.0,1.0,1.0,1,88095.0
private,S0,0,0,0,1.0,1.0,0.08,0.06,0.0,1.0,1.0,1,2760.0
private,S0,0,0,0,1.0,1.0,0.07,0.06,0.0,0.79,1.0,1,56235.0
urp_i,SF,183,0,0,0.0,0.0,0.5,1.0,0.0,0.0,0.0,0,26365.0
http,SF,143,21435,1,0.0,0.0,1.0,0.0,0.02,0.0,0.0,0,81312.0
http,SF,7420,7670,1,0.0,0.0,1.0,0.0,0.07,0.0,0.01,0,100175.0
uucp,RSTO,0,0,0,0.0,0.0,0.06,0.07,0.0,0.0,0.0,1,48275.0
http,SF,252,268,1,0.0,0.0,1.0,0.0,0.0,0.0,0.0,0,96978.0
smtp,S0,0,0,0,1.0,0.67,1.0,0.0,0.01,0.92,0.03,1,74679.0
private,S0,0,0,0,1.0,1.0,0.12,0.06,0.0,1.0,1.0,1,22893.0
http,SF,196,39751,1,0.0,0.0,1.0,0.0,0.04,0.0,0.0,0,51419.0
http,SF,323,12722,1,0.0,0.0,1.0,0.0,0.02,0.0,0.0,0,50719.0
ftp_data,SF,1030,0,1,0.0,0.0,1.0,0.0,0.07,0.0,0.0,0,36185.0
other,SF,146,105,0,0.0,0.0,1.0,0.0,0.0,0.0,0.0,0,39555.0
ftp_data,S3,10,0,1,0.5,0.5,1.0,0.0,0.04,0.04,0.01,0,65338.0
private,REJ,0,0,0,0.03,0.0,0.0,1.0,0.0,0.04,0.0,1,97791.0
netbios_ns,S0,0,0,0,1.0,1.0,0.08,0.06,0.0,1.0,1.0,1,2086.0
urp_i,SF,78,0,0,0.0,0.0,0.15,0.08,0.0,0.0,0.0,0,98639.0
http,SF,302,2698,1,0.0,0.0,1.0,0.0,0.0,0.0,0.0,0,68131.0
eco_i,SF,8,0,0,0.0,0.0,1.0,0.0,0.51,0.0,0.0,1,96871.0
http,SF,211,7162,1,0.0,0.0,1.0,0.0,0.05,0.0,0.0,0,56890.0
private,REJ,0,0,0,0.0,0.0,0.05,1.0,0.0,0.0,0.0,1,71691.0
csnet_ns,REJ,0,0,0,0.0,0.0,0.03,0.07,0.0,0.0,0.0,1,1919.0
http,SF,222,2486,1,0.0,0.0,1.0,0.0,0.0,0.0,0.0,0,44794.0
other,REJ,0,0,0,0.08,0.0,0.0,1.0,0.0,0.06,0.0,1,65072.0
smtp,SF,1149,331,1,0.0,0.0,1.0,0.0,0.0,0.0,0.0,0,71807.0
private,RSTR,1,0,0,0.0,0.0,1.0,0.0,0.0,0.0,0.0,1,18593.0
name,S0,0,0,0,1.0,1.0,0.07,0.07,0.0,1.0,1.0,1,120464.0
ftp_data,SF,7280,0,1,0.0,0.0,1.0,0.0,0.0,0.0,0.0,0,72891.0
domain,SF,48,486,1,0.0,0.0,0.02,0.04,0.0,0.0,0.0,0,1703.0
smtp,SF,664,333,1,0.0,0.0,1.0,0.0,0.01,0.0,0.0,0,1186.0
ftp_data,SF,212,0,1,0.0,0.0,1.0,0.0,0.03,0.0,0.05,0,66820.0
telnet,S0,0,0,0,1.0,1.0,0.06,0.06,0.0,1.0,1.0,1,11495.0
http,SF,209,2115,1,0.0,0.0,1.0,0.0,0.0,0.0,0.0,0,99233.0
http,SF,348,321,1,0.33,0.33,1.0,0.0,0.0,0.0,0.0,0,64414.0
private,S0,0,0,0,1.0,1.0,0.07,0.05,0.0,1.0,1.0,1,115350.0
http,SF,315,7736,1,0.0,0.0,1.0,0.0,0.01,0.0,0.0,0,34395.0
http,SF,292,1569,1,0.0,0.0,1.0,0.0,0.01,0.0,0.0,0,117762.0
name,S0,0,0,0,1.0,1.0,0.04,0.07,0.0,1.0,1.0,1,23769.0
domain_u,SF,45,72,0,0.0,0.0,1.0,0.0,0.0,0.0,0.0,0,37748.0
IRC,RSTO,955,3914,1,0.0,0.0,1.0,0.0,0.0,0.0,0.0,0,47213.0
other,SF,516,4,0,0.0,0.0,1.0,0.0,0.0,0.0,0.0,0,54023.0
private,SF,105,146,0,0.0,0.0,1.0,0.0,0.0,0.0,0.0,0,16843.0
http,SF,148,5217,1,0.0,0.0,1.0,0.0,0.04,0.0,0.0,0,107188.0
eco_i,SF,8,0,0,0.0,0.0,1.0,0.0,0.5,0.0,0.0,1,123437.0
private,S0,0,0,0,1.0,1.0,0.06,0.06,0.0,1.0,1.0,1,41540.0
name,S0,0,0,0,1.0,1.0,0.14,0.05,0.0,1.0,1.0,1,103987.0
http,SF,258,6418,1,0.0,0.0,1.0,0.0,0.0,0.0,0.0,0,27857.0
smtp,SF,1795,451,1,0.0,0.0,1.0,0.0,0.0,0.0,0.0,0,78054.0
private,S0,0,0,0,1.0,1.0,0.02,0.06,0.0,1.0,1.0,1,100604.0
http,S1,266,24527,1,1.0,1.0,1.0,0.0,0.05,0.02,0.0,0,88854.0
http,SF,226,3210,1,0.0,0.0,1.0,0.0,0.05,0.0,0.0,0,75632.0
other,SF,146,0,0,0.0,0.0,0.2,0.6,0.0,0.0,0.0,0,94644.0
uucp_path,S0,0,0,0,1.0,1.0,0.06,0.06,0.0,1.0,1.0,1,95838.0
http,SF,301,1842,1,0.0,0.0,1.0,0.0,0.03,0.0,0.0,0,33928.0
eco_i,SF,8,0,0,0.0,0.0,1.0,0.0,0.5,0.0,0.0,1,111762.0
http,SF,213,1721,1,0.0,0.0,1.0,0.0,0.0,0.0,0.0,0,54241.0
eco_i,SF,8,0,0,0.0,0.0,1.0,0.0,0.26,0.0,0.0,1,70798.0
private,REJ,0,0,0,0.0,0.0,1.0,0.0,1.0,0.0,0.0,1,32665.0
eco_i,SF,8,0,0,0.0,0.0,1.0,0.0,0.5,0.0,0.0,1,18198.0
other,REJ,0,0,0,0.08,0.0,0.0,1.0,0.0,0.1,0.0,1,69015.0
http,SF,242,691,1,0.0,0.0,1.0,0.0,0.05,0.0,0.0,0,33672.0
http,SF,256,2148,1,0.0,0.0,1.0,0.0,0.0,0.0,0.0,0,86266.0
finger,S0,0,0,0,1.0,1.0,0.25,0.07,0.0,1.0,1.0,1,92571.0
gopher,S0,0,0,0,1.0,1.0,0.18,0.06,0.0,1.0,1.0,1,99172.0
http,SF,249,16393,1,0.0,0.0,1.0,0.0,0.07,0.0,0.0,0,125102.0
http,SF,234,622,1,0.0,0.0,1.0,0.0,0.0,0.0,0.0,0,107201.0
http,SF,292,1402,1,0.0,0.0,1.0,0.0,0.0,0.0,0.0,0,80559.0
ftp,SF,324,1069,1,0.0,0.0,1.0,0.0,0.0,0.0,0.0,0,82656.0
domain_u,SF,44,44,0,0.0,0.0,1.0,0.0,0.0,0.0,0.0,0,74792.0
telnet,S1,500,50141,1,1.0,1.0,1.0,0.0,0.1,0.22,0.81,0,106279.0
http,SF,318,12589,1,0.0,0.0,1.0,0.0,0.0,0.0,0.0,0,68062.0
domain_u,SF,37,37,0,0.0,0.0,1.0,0.0,0.0,0.0,0.0,0,12796.0
courier,S0,0,0,0,1.0,1.0,0.03,0.07,0.0,1.0,1.0,1,76086.0
vmnet,S0,0,0,0,1.0,1.0,0.06,0.05,0.0,1.0,1.0,1,30570.0
smtp,SF,1206,384,1,0.0,0.0,1.0,0.0,0.0,0.88,0.0,0,58358.0
telnet,SF,269,2333,1,0.0,0.0,1.0,0.0,0.0,0.0,0.0,1,66007.0
domain_u,SF,43,73,0,0.0,0.0,1.0,0.0,0.0,0.0,0.0,0,66971.0
http,SF,289,1337,1,0.0,0.0,1.0,0.0,0.04,0.0,0.0,0,90975.0
http,SF,270,44058,1,0.0,0.0,1.0,0.0,0.01,0.0,0.0,0,115474.0
telnet,SF,105,2138,1,0.0,0.0,1.0,0.0,0.0,0.0,0.0,0,15497.0
private,REJ,0,0,0,0.0,0.0,0.5,1.0,0.0,0.0,0.0,1,30059.0
supdup,REJ,0,0,0,0.0,0.0,0.0,0.07,0.0,0.0,0.0,1,67093.0
csnet_ns,S0,0,0,0,1.0,1.0,0.09,0.05,0.0,1.0,1.0,1,75882.0
http,SF,300,358,1,0.0,0.0,1.0,0.0,0.02,0.0,0.0,0,54114.0
csnet_ns,S0,0,0,0,1.0,1.0,0.02,0.06,0.0,1.0,1.0,1,10412.0
courier,S0,0,0,0,1.0,1.0,0.03,0.07,0.0,1.0,1.0,1,7239.0
other,SF,6601,0,0,0.0,0.0,0.17,0.33,0.0,0.0,0.0,0,100646.0
private,S0,0,0,0,1.0,1.0,0.07,0.06,0.0,1.0,1.0,1,56094.0
private,S0,0,0,0,1.0,1.0,0.08,0.06,0.0,1.0,1.0,1,66244.0
uucp,S0,0,0,0,1.0,1.0,0.01,0.06,0.0,1.0,1.0,1,4789.0
http,SF,142,430,1,0.0,0.0,1.0,0.0,0.05,0.0,0.0,0,93222.0
http,SF,236,2698,1,0.0,0.0,1.0,0.0,0.0,0.0,0.0,0,91184.0
finger,S0,0,0,0,1.0,1.0,0.09,0.05,0.0,1.0,1.0,1,57728.0
ecr_i,SF,1032,0,0,0.0,0.0,1.0,0.0,0.0,0.0,0.0,1,86765.0
smtp,SF,1596,339,1,0.0,0.0,1.0,0.0,0.0,0.0,0.0,0,78576.0
whois,S0,0,0,0,1.0,1.0,0.08,0.05,0.0,1.0,1.0,1,83546.0
private,S0,0,0,0,1.0,1.0,0.07,0.06,0.0,1.0,1.0,1,74681.0
private,REJ,0,0,0,0.0,0.0,1.0,0.0,0.0,0.0,0.0,1,44986.0
domain_u,SF,45,134,0,0.0,0.0,0.99,0.03,0.0,0.0,0.0,0,90485.0
http,SF,316,2965,1,0.0,0.0,1.0,0.0,0.0,0.0,0.0,0,4804.0
private,RSTR,0,0,0,0.0,0.0,1.0,0.0,0.0,0.04,0.0,1,110553.0
private,S0,0,0,0,1.0,1.0,0.44,0.19,0.0,1.0,1.0,1,22718.0
finger,S0,0,0,0,1.0,1.0,0.04,0.06,0.0,1.0,1.0,1,75121.0
private,RSTR,0,0,0,0.0,0.0,0.01,0.5,0.0,0.0,0.0,1,93622.0
private,RSTR,1,0,0,0.0,0.0,1.0,0.0,0.0,0.0,0.0,1,52704.0
urp_i,SF,125,0,0,0.0,0.0,0.33,0.33,0.33,0.0,0.0,0,74366.0
private,S0,0,0,0,1.0,1.0,0.14,0.05,0.0,1.0,1.0,1,107164.0
other,SF,147,105,0,0.0,0.0,0.25,0.75,0.0,0.0,0.0,0,123751.0
http,SF,285,17602,1,0.0,0.0,1.0,0.0,0.0,0.0,0.0,0,100510.0
http,SF,203,4341,1,0.0,0.0,1.0,0.0,0.03,0.0,0.0,0,65452.0
http,SF,317,2006,1,0.0,0.0,1.0,0.0,0.0,0.0,0.0,0,22923.0
private,S0,0,0,0,1.0,1.0,0.03,0.08,0.0,1.0,1.0,1,57725.0
ftp_data,SF,12,0,1,0.0,0.0,1.0,0.0,0.0,0.0,0.0,0,39925.0
smtp,SF,2797,327,1,0.0,0.0,1.0,0.0,0.01,0.0,0.0,0,80693.0
domain_u,SF,33,88,0,0.0,0.0,1.0,0.0,0.0,0.0,0.0,0,70720.0
domain_u,SF,46,46,0,0.0,0.0,1.0,0.0,0.0,0.0,0.0,0,9527.0
http,SF,255,482,1,0.0,0.0,1.0,0.0,0.0,0.0,0.0,0,68548.0
http,SF,263,26456,1,0.0,0.0,1.0,0.0,0.0,0.0,0.0,0,97846.0
smtp,SF,11748,1398,1,0.0,0.0,1.0,0.0,0.02,0.0,0.0,0,116154.0
smtp,SF,2504,475,1,0.0,0.0,1.0,0.0,0.0,0.0,0.0,0,7486.0
http,SF,289,2747,1,0.0,0.0,1.0,0.0,0.02,0.0,0.0,0,63989.0
http,SF,222,593,1,0.0,0.0,1.0,0.0,0.0,0.0,0.0,0,66668.0
time,S0,0,0,0,1.0,1.0,0.02,0.06,0.0,1.0,1.0,1,50882.0
http,SF,217,7510,1,0.0,0.0,1.0,0.0,0.03,0.0,0.0,0,14482.0
http,SF,221,567,1,0.0,0.05,1.0,0.0,0.02,0.0,0.0,0,95898.0
http,SF,262,3865,1,0.0,0.0,1.0,0.0,0.0,0.0,0.0,0,11346.0
ftp,SF,321,1054,1,0.0,0.0,0.33,1.0,0.0,0.0,0.0,0,40820.0
courier,S0,0,0,0,1.0,1.0,0.15,0.05,0.0,1.0,1.0,1,82517.0
time,S0,0,0,0,1.0,1.0,0.05,0.06,0.0,1.0,1.0,1,47477.0
finger,SF,6,147,0,0.0,0.0,1.0,0.0,0.0,0.01,0.0,0,79976.0
netbios_dgm,S0,0,0,0,1.0,1.0,0.04,0.05,0.0,1.0,1.0,1,48109.0
eco_i,SF,8,0,0,0.0,0.0,1.0,0.0,0.25,0.0,0.0,1,64106.0
ftp_data,SF,12286,0,1,0.0,0.0,1.0,0.0,0.0,0.0,0.0,0,107836.0
nnsp,S0,0,0,0,1.0,1.0,0.04,0.07,0.0,1.0,1.0,1,84818.0
ftp_data,SF,334,0,1,0.0,0.0,1.0,0.0,0.18,0.0,0.0,1,100913.0
auth,REJ,0,0,0,0.0,0.0,0.14,0.06,0.0,0.0,0.0,1,3267.0
http,SF,330,5924,1,0.0,0.0,1.0,0.0,0.02,0.0,0.01,0,105716.0
http,SF,214,310,1,0.0,0.0,1.0,0.0,0.0,0.0,0.0,0,99112.0
finger,S0,0,0,0,0.75,1.0,0.25,0.75,0.0,1.0,1.0,1,76889.0
eco_i,SF,8,0,0,0.0,0.0,1.0,0.0,0.25,0.0,0.0,1,98361.0
http,SF,244,284,1,0.0,0.0,1.0,0.0,0.0,0.0,0.0,0,119000.0
http,SF,235,9404,1,0.0,0.0,1.0,0.0,0.05,0.0,0.0,0,115990.0
eco_i,SF,18,0,0,0.0,0.0,1.0,0.0,0.25,0.0,0.0,1,10408.0
http,SF,208,3090,1,0.0,0.0,1.0,0.0,0.06,0.0,0.0,0,18623.0
http,SF,216,2055,1,0.0,0.0,1.0,0.0,0.03,0.0,0.0,0,101119.0
ctf,REJ,0,0,0,0.0,0.0,0.03,0.07,0.0,0.0,0.0,1,20447.0
http,SF,191,1938,1,0.0,0.0,1.0,0.0,0.05,0.0,0.0,0,124059.0
private,RSTR,0,0,0,0.0,0.0,1.0,0.0,0.0,0.0,0.0,1,88501.0
http,SF,313,29623,1,0.0,0.0,1.0,0.0,0.06,0.0,0.0,0,8087.0
http,SF,220,2281,1,0.0,0.0,1.0,0.0,0.05,0.0,0.0,0,22452.0
eco_i,SF,8,0,0,0.0,0.0,1.0,0.0,0.5,0.0,0.0,1,32710.0
netstat,S0,0,0,0,1.0,1.0,0.02,0.06,0.0,1.0,1.0,1,106379.0
http,SF,212,3833,1,0.0,0.0,1.0,0.0,0.05,0.0,0.0,0,84360.0
http,SF,302,2440,1,0.0,0.0,1.0,0.0,0.05,0.0,0.0,0,115060.0
http,SF,203,745,1,0.0,0.0,1.0,0.0,0.07,0.0,0.0,0,28888.0
ssh,S0,0,0,0,1.0,1.0,0.19,0.06,0.0,1.0,1.0,1,15689.0
private,SF,28,0,0,0.0,0.0,1.0,0.0,0.0,0.0,0.0,1,48882.0
http,SF,292,1489,1,0.0,0.0,1.0,0.0,0.04,0.0,0.0,0,30654.0
telnet,S0,0,0,0,1.0,1.0,0.25,0.06,0.0,1.0,1.0,1,45872.0
smtp,SF,1538,332,1,0.0,0.0,1.0,0.0,0.01,0.0,0.0,0,72544.0
ftp_data,SF,12,0,1,0.0,0.0,1.0,0.0,0.03,0.04,0.0,0,22482.0
http,SF,334,3751,1,0.0,0.0,1.0,0.0,0.06,0.0,0.0,0,8351.0
private,S0,0,0,0,1.0,1.0,0.09,0.05,0.0,0.92,1.0,1,34174.0
eco_i,SF,8,0,0,0.0,0.0,1.0,0.0,0.5,0.0,0.0,1,96560.0
supdup,S0,0,0,0,1.0,1.0,0.08,0.06,0.0,1.0,1.0,1,12849.0
http,SF,286,321,1,0.0,0.0,1.0,0.0,0.0,0.0,0.0,0,87300.0
netbios_dgm,S0,0,0,0,1.0,1.0,0.03,0.06,0.0,1.0,1.0,1,5031.0
private,SF,105,145,0,0.0,0.0,0.25,0.5,0.0,0.0,0.0,0,39816.0
urp_i,SF,182,0,0,0.0,0.0,0.5,1.0,0.0,0.0,0.0,0,40081.0
smtp,SF,125,235,1,0.0,0.0,1.0,0.0,0.02,0.0,0.0,0,102801.0
http,SF,272,1263,1,0.0,0.0,1.0,0.0,0.0,0.0,0.0,0,121225.0
http,SF,324,394,1,0.0,0.0,1.0,0.0,0.0,0.0,0.0,0,93144.0
whois,S0,0,0,0,1.0,1.0,0.11,0.06,0.0,1.0,1.0,1,113290.0
http,S0,0,0,0,0.5,0.33,1.0,0.0,0.03,0.01,0.0,0,24192.0
finger,S0,0,0,0,1.0,1.0,0.01,0.05,0.0,1.0,1.0,1,15210.0
private,S0,0,0,0,1.0,1.0,0.05,0.06,0.0,1.0,1.0,1,38689.0
smtp,SF,802,327,1,0.0,0.0,1.0,0.0,0.01,0.0,0.0,0,22577.0
http,SF,279,10886,1,0.0,0.0,1.0,0.0,0.02,0.0,0.0,0,51795.0
auth,S0,0,0,0,1.0,1.0,0.01,0.06,0.0,1.0,1.0,1,57186.0
smtp,SF,3009,402,1,0.0,0.0,1.0,0.0,0.0,0.6,0.0,0,19407.0
private,RSTR,0,0,0,0.0,0.0,1.0,0.0,0.0,0.0,0.0,1,40298.0
whois,S0,0,0,0,1.0,1.0,0.0,0.06,0.0,1.0,1.0,1,38206.0
eco_i,SF,8,0,0,0.0,0.0,1.0,0.0,0.5,0.0,0.0,1,124087.0
telnet,S0,0,0,0,1.0,1.0,0.03,0.06,0.0,1.0,1.0,1,99705.0
http,SF,211,481,1,0.0,0.0,1.0,0.0,0.03,0.0,0.0,0,120197.0
smtp,SF,669,280,1,0.0,0.0,1.0,0.0,0.01,0.0,0.0,0,96209.0
private,S0,0,0,0,1.0,1.0,0.05,0.06,0.0,1.0,1.0,1,120394.0
nnsp,S0,0,0,0,1.0,1.0,0.03,0.07,0.0,1.0,1.0,1,53046.0
http,SF,258,2921,1,0.0,0.0,1.0,0.0,0.04,0.0,0.0,0,31579.0
private,SF,105,146,0,0.0,0.0,1.0,0.0,0.0,0.0,0.0,0,71552.0
http,SF,211,124,1,0.0,0.0,1.0,0.0,0.07,0.0,0.0,0,66426.0
nnsp,REJ,0,0,0,0.0,0.0,0.1,0.07,0.0,0.0,0.0,1,116267.0
http,SF,303,480,1,0.0,0.0,1.0,0.0,0.0,0.0,0.0,0,105051.0
ftp_data,SF,2194619,0,0,0.0,0.0,1.0,0.0,0.08,0.0,0.0,0,59966.0
mtp,S0,0,0,0,1.0,1.0,0.09,0.06,0.0,1.0,1.0,1,44001.0
http,SF,257,1640,1,0.0,0.0,1.0,0.0,0.0,0.0,0.0,0,48894.0
private,S0,0,0,0,1.0,1.0,0.09,0.06,0.0,1.0,1.0,1,28794.0
http,SF,215,16372,1,0.0,0.0,1.0,0.0,0.04,0.0,0.0,0,11993.0
other,SF,146,105,0,0.0,0.0,1.0,0.0,0.0,0.0,0.0,0,91560.0
systat,REJ,0,0,0,0.0,0.0,0.01,0.07,0.0,0.0,0.0,1,68618.0
domain,S0,0,0,0,0.72,1.0,0.01,0.37,0.0,0.4,1.0,1,95233.0
ftp,SF,326,1054,1,0.0,0.0,1.0,0.0,0.0,0.0,0.0,0,100867.0
http,SF,241,443,1,0.0,0.0,1.0,0.0,0.0,0.0,0.0,0,8352.0
http,SF,157,44183,1,0.0,0.0,1.0,0.0,0.02,0.0,0.0,0,72021.0
http,SF,239,1056,1,0.0,0.0,1.0,0.0,0.03,0.0,0.0,0,30396.0
systat,REJ,0,0,0,0.0,0.0,0.02,0.07,0.0,0.0,0.0,1,33100.0
smtp,SF,12646,1429,1,0.0,0.0,1.0,0.0,0.01,0.0,0.0,0,57110.0
http,SF,277,525,1,0.0,0.0,1.0,0.0,0.09,0.0,0.0,0,89638.0
private,S0,0,0,0,1.0,1.0,0.01,0.07,0.0,1.0,1.0,1,39807.0
domain_u,SF,45,79,0,0.0,0.0,1.0,0.0,0.0,0.0,0.0,0,90770.0
telnet,SF,138,2073,1,0.0,0.0,1.0,0.0,1.0,0.0,0.0,0,18303.0
http,SF,218,2658,1,0.0,0.0,1.0,0.0,0.0,0.0,0.0,0,78331.0
http,REJ,0,0,0,0.0,0.0,1.0,0.0,0.21,0.0,0.0,0,79830.0
ftp_data,SF,4753,0,0,0.0,0.0,1.0,0.0,0.0,0.0,0.0,0,121903.0
http,REJ,0,0,0,0.0,0.0,1.0,0.0,0.22,0.0,0.0,0,89875.0
http,SF,155,7594,1,0.0,0.0,1.0,0.0,0.25,0.0,0.0,0,33293.0
private,RSTR,0,0,0,0.0,0.0,1.0,0.0,0.0,0.0,0.0,1,13664.0
domain_u,SF,45,45,0,0.0,0.0,1.0,0.0,0.0,0.0,0.0,0,62662.0
http,SF,156,6139,1,0.0,0.0,1.0,0.0,0.04,0.0,0.0,0,13252.0
http,SF,192,757,1,0.0,0.0,1.0,0.0,0.05,0.0,0.0,0,53313.0
netstat,RSTR,0,0,0,0.0,0.0,1.0,0.0,0.0,0.0,0.0,1,112317.0
smtp,SF,1383,539,1,0.0,0.0,1.0,0.0,0.02,0.03,0.0,0,100731.0
private,REJ,0,0,0,0.12,0.0,0.02,1.0,0.0,0.03,0.0,1,93984.0
private,S0,0,0,0,1.0,1.0,0.12,0.06,0.0,0.75,1.0,1,62464.0
smtp,SF,1189,334,1,0.0,0.0,1.0,0.0,0.01,0.0,0.0,0,56930.0
login,S0,0,0,0,1.0,1.0,0.02,0.06,0.0,1.0,1.0,1,414.0
smtp,SF,4657,334,1,0.0,0.0,1.0,0.0,0.0,0.0,0.0,0,12155.0
http,SF,290,2042,1,0.0,0.0,1.0,0.0,0.04,0.0,0.0,0,125106.0
http,SF,246,2362,1,0.0,0.0,1.0,0.0,0.0,0.0,0.0,0,1589.0
domain_u,SF,35,95,0,0.0,0.0,1.0,0.0,0.01,0.0,0.0,0,110654.0
auth,S0,0,0,0,1.0,1.0,0.03,0.05,0.0,1.0,1.0,1,40422.0
http,RSTR,46152,7300,1,0.0,0.0,1.0,0.0,0.0,0.0,0.0,1,119995.0
http,SF,292,644,1,0.0,0.0,1.0,0.0,0.05,0.0,0.0,0,26654.0
http,SF,217,1096,1,0.0,0.0,1.0,0.0,0.01,0.0,0.0,0,25838.0
http,SF,287,392,1,0.0,0.0,1.0,0.0,0.0,0.0,0.0,0,42586.0
link,REJ,0,0,0,0.06,0.0,0.0,1.0,0.0,0.08,0.0,1,87621.0
http,SF,216,1798,1,0.0,0.0,1.0,0.0,0.04,0.0,0.0,0,21590.0
private,SF,1,0,0,0.0,0.0,0.14,0.12,0.0,0.0,0.0,1,70710.0
http,S0,0,0,0,1.0,1.0,0.26,0.05,0.0,1.0,1.0,1,93875.0
name,REJ,0,0,0,0.0,0.0,0.07,0.06,0.0,0.0,0.0,1,57730.0
ftp_data,SF,95,0,1,0.0,0.0,1.0,0.0,0.0,0.0,0.01,0,52099.0
http,REJ,0,0,0,0.0,0.0,1.0,0.0,0.22,0.0,0.0,0,118507.0
private,S0,0,0,0,1.0,1.0,0.01,0.06,0.0,1.0,1.0,1,90184.0
csnet_ns,S0,0,0,0,1.0,1.0,0.03,0.06,0.0,1.0,1.0,1,92546.0
private,S0,0,0,0,1.0,1.0,0.03,0.06,0.0,1.0,1.0,1,41093.0
http,SF,256,406,1,0.0,0.0,1.0,0.0,0.0,0.0,0.0,0,73126.0
http,REJ,0,0,0,0.0,0.0,1.0,0.0,0.13,0.0,0.0,0,93441.0
time,S0,0,0,0,1.0,1.0,0.02,0.07,0.0,1.0,1.0,1,23273.0
daytime,S0,0,0,0,1.0,1.0,0.02,0.06,0.0,1.0,1.0,1,81829.0
pop_3,S0,0,0,0,1.0,1.0,0.03,0.07,0.0,1.0,1.0,1,100804.0
private,S0,0,0,0,1.0,1.0,0.27,0.12,0.0,1.0,1.0,1,6607.0
whois,REJ,0,0,0,0.0,0.0,0.06,0.07,0.0,0.0,0.0,1,15549.0
private,S0,0,0,0,1.0,1.0,0.02,0.05,0.0,0.91,1.0,1,9925.0
ecr_i,SF,520,0,0,0.0,0.0,1.0,0.0,0.0,0.0,0.0,1,67582.0
http,REJ,0,0,0,0.0,0.0,0.01,0.07,0.0,0.0,0.0,1,33343.0
mtp,S0,0,0,0,1.0,1.0,0.23,0.11,0.0,1.0,1.0,1,78718.0
finger,S0,0,0,0,1.0,1.0,0.12,0.06,0.0,1.0,1.0,1,55349.0
http,SF,302,1095,1,0.0,0.0,1.0,0.0,0.01,0.0,0.0,0,52924.0
netbios_ssn,REJ,0,0,0,0.0,0.0,0.02,0.07,0.0,0.0,0.0,1,91736.0
http,SF,315,301,1,0.0,0.0,1.0,0.0,0.02,0.0,0.0,0,96493.0
smtp,SF,898,331,1,0.0,0.0,1.0,0.0,0.01,0.0,0.0,0,56638.0
private,S0,0,0,0,1.0,1.0,0.28,0.07,0.0,1.0,1.0,1,81081.0
ftp_data,S0,0,0,0,1.0,1.0,0.35,0.06,0.04,0.94,0.19,1,9077.0
auth,S0,0,0,0,1.0,1.0,0.08,0.05,0.0,1.0,1.0,1,45974.0
urp_i,SF,89,0,0,0.0,0.0,0.5,1.0,0.0,0.0,0.0,0,7272.0
http,SF,225,2239,1,0.0,0.0,1.0,0.0,0.0,0.0,0.0,0,96693.0
ecr_i,SF,1032,0,0,0.0,0.0,1.0,0.0,0.0,0.01,0.0,1,84750.0
http,SF,332,29468,1,0.0,0.0,1.0,0.0,0.05,0.0,0.0,0,11803.0
ftp,SF,360,1198,1,0.0,0.0,1.0,0.0,0.0,0.0,0.0,1,100288.0
ftp_data,S0,0,0,0,1.0,1.0,0.01,0.06,0.0,1.0,1.0,1,21005.0
ftp_data,SF,12,0,1,0.0,0.0,1.0,0.0,0.04,0.0,0.0,0,13432.0
smtp,SF,862,331,1,0.0,0.0,1.0,0.0,0.0,0.01,0.0,0,3462.0
finger,SF,8,147,0,0.0,0.0,1.0,0.0,0.0,0.71,0.33,0,103135.0
http,SF,336,519,1,0.0,0.0,1.0,0.0,0.0,0.0,0.0,0,44330.0
eco_i,SF,8,0,0,0.0,0.0,1.0,0.0,0.25,0.0,0.0,1,42207.0
private,S0,0,0,0,1.0,1.0,0.42,0.33,0.0,1.0,1.0,1,11032.0
http,SF,317,2536,1,0.0,0.0,1.0,0.0,0.0,0.0,0.0,0,45043.0
ftp_data,REJ,0,0,0,0.0,0.0,0.06,0.06,0.0,0.0,0.0,1,22408.0
other,SF,147,105,0,0.0,0.0,0.33,0.5,0.0,0.0,0.0,0,87828.0
private,SF,1,0,0,0.0,0.0,0.14,0.71,0.0,0.0,0.0,1,95331.0
http,SF,306,1380,1,0.0,0.0,1.0,0.0,0.0,0.0,0.0,0,105586.0
http,SF,296,422,1,0.0,0.0,1.0,0.0,0.0,0.0,0.0,0,23053.0
http,SF,364,3390,1,0.0,0.0,1.0,0.0,0.07,0.0,0.0,0,33889.0
ftp_data,REJ,0,0,0,0.0,0.0,0.01,0.07,0.0,0.0,0.0,1,113877.0
Z39_50,S0,0,0,0,1.0,1.0,0.01,0.06,0.0,1.0,1.0,1,68220.0
smtp,SF,944,333,1,0.0,0.0,1.0,0.0,0.01,0.01,0.0,0,39706.0
http,SF,0,2761,0,0.5,0.33,1.0,0.0,0.0,0.01,0.01,0,110708.0
ftp_data,SF,7940,0,0,0.0,0.0,1.0,0.0,0.02,0.0,0.0,0,8045.0
http,SF,310,928,1,0.0,0.0,1.0,0.0,0.06,0.0,0.0,0,29376.0
http,SF,223,3521,1,0.0,0.0,1.0,0.0,0.0,0.0,0.0,0,2064.0
http,SF,234,3675,1,0.0,0.0,1.0,0.0,0.06,0.0,0.0,0,119706.0
private,S0,0,0,0,1.0,1.0,0.09,0.06,0.0,1.0,1.0,1,82872.0
ftp_data,SF,7233,0,1,0.0,0.0,1.0,0.0,0.0,0.0,0.0,0,53616.0
nntp,S0,0,0,0,1.0,1.0,0.04,0.07,0.0,1.0,1.0,1,119063.0
domain_u,SF,45,45,0,0.0,0.0,1.0,0.0,0.0,0.0,0.0,0,35038.0
ldap,S0,0,0,0,1.0,1.0,0.15,0.06,0.0,1.0,1.0,1,17386.0
private,S0,0,0,0,1.0,1.0,0.01,0.06,0.0,1.0,1.0,1,125922.0
http,SF,216,7103,1,0.0,0.0,1.0,0.0,0.01,0.01,0.01,0,19772.0
name,S0,0,0,0,1.0,1.0,0.06,0.05,0.0,1.0,1.0,1,75221.0
http,SF,302,6717,1,0.0,0.0,1.0,0.0,0.03,0.0,0.0,0,10286.0
time,S0,0,0,0,1.0,1.0,0.04,0.06,0.0,1.0,1.0,1,34826.0
other,SF,59,0,1,0.06,0.0,0.06,0.17,0.0,0.0,0.0,0,83615.0
private,S0,0,0,0,1.0,1.0,0.05,0.07,0.0,1.0,1.0,1,1201.0
telnet,S0,0,0,0,1.0,1.0,0.24,0.07,0.0,1.0,1.0,1,63123.0
http,SF,227,3266,1,0.0,0.0,1.0,0.0,0.02,0.0,0.0,0,65045.0
http,SF,233,581,1,0.0,0.0,1.0,0.0,0.0,0.0,0.0,0,125193.0
eco_i,SF,18,0,0,0.0,0.0,1.0,0.0,1.0,0.0,0.0,1,101211.0
ftp_data,SF,965,0,1,0.33,0.33,1.0,0.0,0.03,0.02,0.02,0,40061.0
smtp,S0,0,0,0,0.5,0.33,1.0,0.0,0.01,0.01,0.01,0,85160.0
http,SF,309,314,1,0.0,0.0,1.0,0.0,0.03,0.0,0.0,0,74358.0
other,SF,146,105,0,0.0,0.0,1.0,0.0,0.0,0.0,0.0,0,116986.0
other,REJ,0,0,0,0.16,0.0,0.0,1.0,0.0,0.18,0.0,1,7399.0
http,SF,228,9030,1,0.0,0.0,1.0,0.0,0.05,0.0,0.0,0,42837.0
http,SF,219,657,1,0.0,0.0,1.0,0.0,0.01,0.0,0.0,0,371.0
http,SF,340,283,1,0.0,0.0,1.0,0.0,0.0,0.0,0.0,0,24662.0
private,REJ,0,0,0,0.0,0.0,0.07,0.07,0.0,0.0,0.0,1,119318.0
ftp_data,S0,0,0,0,1.0,1.0,0.39,0.06,0.03,0.94,0.22,1,122032.0
private,S0,0,0,0,1.0,1.0,0.67,0.67,0.0,1.0,1.0,1,84217.0
http,SF,273,20790,1,0.0,0.0,1.0,0.0,0.02,0.0,0.0,0,57380.0
private,S0,0,0,0,1.0,1.0,0.12,0.06,0.0,1.0,1.0,1,118960.0
private,RSTR,1,0,0,0.0,0.0,1.0,0.0,0.0,0.0,0.0,1,122118.0
auth,S0,0,0,0,1.0,1.0,0.07,0.06,0.0,1.0,1.0,1,30886.0
ftp_data,SF,245,0,1,0.0,0.0,0.67,0.67,0.01,0.0,0.0,0,103054.0
http,SF,285,12884,1,0.0,0.0,1.0,0.0,0.01,0.0,0.0,0,118660.0
ecr_i,SF,1032,0,0,0.0,0.0,1.0,0.0,0.0,0.0,0.0,1,75661.0
http,SF,314,505,1,0.0,0.0,1.0,0.0,0.04,0.0,0.0,0,101168.0
domain_u,SF,33,93,0,0.0,0.0,0.5,1.0,0.0,0.0,0.0,0,90965.0
smtp,SF,871,327,1,0.0,0.0,1.0,0.0,0.01,0.0,0.0,0,27844.0
efs,REJ,0,0,0,0.0,0.0,0.02,0.07,0.0,0.0,0.0,1,116067.0
discard,RSTO,0,0,0,0.0,0.0,0.01,0.06,0.0,0.0,0.0,1,85066.0
http,SF,214,1319,1,0.0,0.0,1.0,0.0,0.0,0.0,0.0,0,24628.0
ecr_i,SF,1032,0,0,0.0,0.0,1.0,0.0,0.0,0.12,0.0,1,65938.0
domain_u,SF,43,109,0,0.0,0.0,1.0,0.0,0.01,0.0,0.0,0,96159.0
eco_i,SF,8,0,0,0.0,0.0,1.0,0.0,0.51,0.0,0.0,1,95345.0
private,SH,0,0,0,1.0,1.0,1.0,0.0,0.0,0.75,1.0,1,21841.0
domain_u,SF,45,45,0,0.0,0.0,1.0,0.01,0.0,0.0,0.0,0,105315.0
netstat,S0,0,0,0,1.0,1.0,0.09,0.06,0.0,1.0,1.0,1,6823.0
ftp,RSTO,0,0,0,0.0,0.0,1.0,0.0,0.0,0.0,0.0,0,108987.0
finger,S0,0,0,0,1.0,1.0,0.17,0.25,0.0,1.0,1.0,1,109224.0
ftp_data,SF,965,0,1,0.25,0.25,1.0,0.0,0.02,0.02,0.01,0,87437.0
csnet_ns,S0,0,0,0,1.0,1.0,0.2,0.2,0.0,1.0,1.0,1,78419.0
private,S0,0,0,0,1.0,1.0,0.2,0.06,0.0,1.0,1.0,1,85325.0
smtp,SF,13578,1430,1,0.0,0.0,1.0,0.0,0.01,0.0,0.0,0,71446.0
http,SF,214,1462,1,0.0,0.0,1.0,0.0,0.04,0.0,0.04,0,68590.0
eco_i,SF,30,0,0,0.0,0.0,1.0,0.0,0.35,0.0,0.0,0,116149.0
http,REJ,0,0,0,0.0,0.0,1.0,0.0,0.06,0.0,0.0,0,68717.0
domain_u,SF,46,75,0,0.0,0.0,1.0,0.0,0.0,0.0,0.0,0,52342.0
http,SF,363,870,1,0.0,0.0,1.0,0.0,0.0,0.0,0.0,0,92024.0
private,SF,28,0,0,0.0,0.0,1.0,0.0,0.0,0.0,0.0,1,100430.0
smtp,SF,1551,362,1,0.0,0.0,1.0,0.0,0.01,0.0,0.0,0,510.0
http,SF,258,370,1,0.0,0.0,1.0,0.0,0.0,0.0,0.0,0,117675.0
http,SF,211,976,1,0.0,0.0,1.0,0.0,0.02,0.0,0.01,0,16507.0
domain_u,SF,34,0,0,0.0,0.0,1.0,0.0,0.22,0.0,0.0,0,25983.0
private,S0,0,0,0,1.0,1.0,0.06,0.06,0.0,1.0,1.0,1,40110.0
private,S0,0,0,0,1.0,1.0,0.04,0.06,0.0,1.0,1.0,1,83000.0
ftp_data,SF,252,0,1,0.0,0.0,1.0,0.0,0.02,0.0,0.01,0,21329.0
http,SF,229,2135,1,0.0,0.0,1.0,0.0,0.05,0.0,0.0,0,7318.0
http,SF,286,3678,1,0.0,0.0,1.0,0.0,0.08,0.0,0.0,0,84463.0
http,SF,234,2239,1,0.0,0.0,1.0,0.0,0.0,0.0,0.0,0,47581.0
http,SF,297,1768,1,0.0,0.0,1.0,0.0,0.0,0.0,0.0,0,3336.0
eco_i,SF,30,0,0,0.0,0.0,1.0,0.0,0.0,0.0,0.0,0,50963.0
http,SF,360,1550,1,0.0,0.0,1.0,0.0,0.01,0.0,0.0,0,107982.0
private,S0,0,0,0,1.0,1.0,0.02,0.06,0.0,1.0,1.0,1,10886.0
finger,S0,0,0,0,1.0,1.0,0.07,0.05,0.0,1.0,1.0,1,22487.0
printer,RSTO,0,0,0,0.0,0.0,0.05,0.08,0.0,0.0,0.0,1,57984.0
private,SF,105,145,0,0.0,0.0,1.0,0.0,0.0,0.0,0.0,0,120313.0
smtp,S0,0,0,0,1.0,1.0,1.0,0.0,0.01,0.98,0.39,1,15534.0
eco_i,SF,8,0,0,0.0,0.0,1.0,0.0,0.25,0.0,0.0,1,58077.0
iso_tsap,S0,0,0,0,1.0,1.0,0.02,0.05,0.0,1.0,1.0,1,85523.0
ftp,S0,0,0,0,1.0,1.0,0.01,0.05,0.0,1.0,1.0,1,84604.0
http,SF,197,2299,1,0.0,0.0,1.0,0.0,0.07,0.0,0.0,0,53982.0
http,SF,293,2854,1,0.0,0.0,1.0,0.0,0.0,0.0,0.0,0,38875.0
private,S0,0,0,0,1.0,1.0,0.07,0.07,0.0,1.0,1.0,1,125301.0
http,SF,239,410,1,0.0,0.0,1.0,0.0,0.0,0.0,0.0,0,125588.0
private,S0,0,0,0,1.0,1.0,0.13,0.06,0.0,1.0,1.0,1,75986.0
domain,REJ,0,0,0,0.0,0.0,0.0,0.07,0.0,0.0,0.0,1,118785.0
auth,S0,0,0,0,1.0,1.0,0.03,0.06,0.0,1.0,1.0,1,109903.0
ftp_data,SF,192,0,1,0.0,0.0,1.0,0.0,0.25,0.0,0.0,0,81397.0
http,SF,305,8127,1,0.0,0.0,1.0,0.0,0.04,0.0,0.01,0,65274.0
http,SF,210,943,1,0.0,0.0,1.0,0.0,0.04,0.0,0.0,0,81905.0
ftp_data,S0,0,0,0,1.0,1.0,0.22,0.15,0.0,1.0,1.0,1,112446.0
pop_3,SF,66,3573,1,0.0,0.0,1.0,0.0,0.0,0.01,0.0,0,64695.0
private,REJ,0,0,0,0.0,0.0,0.5,1.0,0.0,0.0,0.0,1,85503.0
ssh,RSTO,0,15,1,0.0,0.0,1.0,0.0,0.0,0.0,0.0,1,87620.0
http,SF,333,2555,1,0.0,0.0,1.0,0.0,0.0,0.0,0.0,0,86169.0
private,S0,0,0,0,1.0,1.0,0.1,0.05,0.0,1.0,1.0,1,37700.0
http,REJ,0,0,0,0.0,0.0,1.0,0.0,0.17,0.0,0.0,0,8531.0
http,SF,390,355,1,0.0,0.0,1.0,0.0,0.03,0.01,0.01,0,80865.0
http,SF,225,4359,1,0.0,0.0,1.0,0.0,0.0,0.0,0.0,0,11033.0
other,SF,147,105,0,0.0,0.0,1.0,0.0,0.0,0.0,0.0,0,122292.0
eco_i,SF,8,0,0,0.0,0.0,1.0,0.0,0.25,0.0,0.0,1,12980.0
domain_u,SF,46,81,0,0.0,0.0,1.0,0.01,0.0,0.0,0.0,0,66609.0
private,REJ,0,0,0,0.04,0.0,0.0,1.0,0.0,0.04,0.0,1,35945.0
http,SF,200,294,1,0.0,0.0,1.0,0.0,0.0,0.0,0.0,0,61555.0
domain_u,SF,54,40,0,0.0,0.0,1.0,0.0,0.0,0.0,0.0,0,4188.0
login,RSTO,0,0,0,0.0,0.0,0.14,0.06,0.0,0.0,0.0,1,18482.0
smtp,SF,1034,329,1,0.0,0.0,1.0,0.0,0.02,0.0,0.0,0,61572.0
http,SF,214,308,1,0.5,0.17,1.0,0.0,0.0,0.0,0.0,0,39274.0
klogin,REJ,0,0,0,0.0,0.0,0.07,0.07,0.0,0.0,0.0,1,106448.0
other,S0,0,0,0,0.16,1.0,0.0,1.0,0.0,0.03,1.0,1,68452.0
http,SF,218,1588,1,0.0,0.0,1.0,0.0,0.02,0.0,0.0,0,37797.0
domain_u,SF,45,45,0,0.0,0.0,1.0,0.0,0.0,0.0,0.0,0,86222.0
http,SF,297,12894,1,0.0,0.0,1.0,0.0,0.0,0.0,0.0,0,15422.0
http,SF,206,622,1,0.0,0.0,1.0,0.0,0.0,0.0,0.0,0,27421.0
other,SF,147,105,0,0.0,0.0,0.5,0.5,0.0,0.0,0.0,0,105682.0
http,SF,308,238,1,0.0,0.0,1.0,0.0,0.07,0.0,0.0,0,84064.0
ftp,S0,0,0,0,1.0,1.0,0.08,0.05,0.0,1.0,1.0,1,116569.0
http,SF,272,732,1,0.0,0.0,1.0,0.0,0.01,0.0,0.0,0,50478.0
http,SF,320,266,1,0.0,0.0,1.0,0.0,0.0,0.0,0.0,0,58748.0
private,S0,0,0,0,1.0,1.0,0.02,0.06,0.0,1.0,1.0,1,15316.0
supdup,S0,0,0,0,1.0,1.0,0.03,0.05,0.0,1.0,1.0,1,120568.0
domain_u,SF,44,83,0,0.0,0.0,0.99,0.01,0.0,0.0,0.0,0,61505.0
private,S0,0,0,0,1.0,1.0,0.12,0.07,0.0,1.0,1.0,1,49101.0
eco_i,SF,18,0,0,0.0,0.0,1.0,0.0,0.27,0.0,0.0,1,95028.0
private,S0,0,0,0,1.0,1.0,0.04,0.06,0.0,1.0,1.0,1,15033.0
private,S0,0,0,0,1.0,1.0,0.04,0.05,0.0,1.0,1.0,1,59725.0
discard,RSTO,0,0,0,0.0,0.0,0.03,0.07,0.0,0.0,0.0,1,30458.0
http,SF,223,5316,1,0.0,0.0,1.0,0.0,0.03,0.0,0.0,0,24267.0
http,SF,238,3352,1,0.0,0.0,1.0,0.0,0.06,0.0,0.0,0,118450.0
private,S0,0,0,0,1.0,1.0,0.01,0.06,0.0,1.0,1.0,1,49966.0
http,SF,54540,8314,1,0.0,0.0,1.0,0.0,0.0,0.0,0.0,1,34317.0
eco_i,SF,8,0,0,0.0,0.0,1.0,0.0,0.51,0.0,0.0,1,104522.0
private,S0,0,0,0,1.0,1.0,0.18,0.06,0.0,1.0,1.0,1,59237.0
http,SF,309,15150,1,0.0,0.0,1.0,0.0,0.07,0.0,0.0,0,111172.0
bgp,REJ,0,0,0,0.0,0.0,0.0,0.07,0.0,0.0,0.0,1,15076.0
eco_i,SF,8,0,0,0.0,0.0,1.0,0.0,0.51,0.0,0.0,1,73874.0
http,SF,364,4090,1,0.0,0.0,1.0,0.0,0.08,0.0,0.0,0,41650.0
ecr_i,SF,520,0,0,0.0,0.0,1.0,0.0,0.0,0.0,0.0,1,12607.0
smtp,RSTO,6234,1628,1,0.0,0.0,1.0,0.0,0.03,0.0,0.0,0,15358.0
private,S0,0,0,0,1.0,1.0,0.16,0.06,0.0,1.0,1.0,1,25071.0
eco_i,SF,8,0,0,0.0,0.0,1.0,0.0,0.5,0.0,0.0,1,81439.0
time,S0,0,0,0,0.5,0.5,1.0,0.0,0.0,0.09,0.09,0,53499.0
domain_u,SF,42,70,0,0.0,0.0,1.0,0.0,0.0,0.0,0.0,0,83408.0
smtp,SF,2794,331,1,0.0,0.0,1.0,0.0,0.01,0.0,0.0,0,10310.0
hostnames,REJ,0,0,0,0.0,0.0,0.08,0.08,0.0,0.0,0.0,1,45514.0
bgp,S0,0,0,0,1.0,1.0,0.01,0.06,0.0,1.0,1.0,1,117816.0
netbios_ssn,S0,0,0,0,1.0,1.0,0.17,0.04,0.0,1.0,1.0,1,52986.0
http,SF,346,258,1,0.0,0.0,1.0,0.0,0.0,0.0,0.0,0,64716.0
smtp,SF,2204,334,1,0.0,0.0,1.0,0.0,0.0,0.0,0.0,0,116092.0
ecr_i,SF,1032,0,0,0.0,0.0,1.0,0.0,0.0,0.0,0.0,1,11899.0
http,SF,294,1600,1,0.0,0.0,1.0,0.0,0.0,0.0,0.0,0,28128.0
domain_u,SF,45,135,0,0.0,0.0,1.0,0.0,0.0,0.0,0.0,0,94261.0
ctf,S0,0,0,0,1.0,1.0,0.03,0.05,0.0,1.0,1.0,1,22790.0
http,SF,305,528,1,0.0,0.0,1.0,0.0,0.09,0.0,0.0,0,73170.0
private,RSTR,0,0,0,0.0,0.0,1.0,0.0,0.0,0.03,0.0,1,2894.0
private,REJ,0,0,0,0.0,0.0,1.0,0.0,0.0,0.0,0.0,1,41403.0
other,S0,0,0,0,0.09,1.0,0.0,1.0,0.0,0.13,1.0,1,105846.0
imap4,S0,0,0,0,1.0,1.0,0.05,0.06,0.0,1.0,1.0,1,53199.0
http,SF,226,9284,1,0.1,0.15,1.0,0.0,0.03,0.02,0.01,0,106078.0
ntp_u,SF,48,48,0,0.0,0.0,1.0,0.0,0.0,0.0,0.0,0,82480.0
time,S0,0,0,0,1.0,1.0,0.06,0.07,0.0,1.0,1.0,1,559.0
smtp,SF,1072,329,1,0.0,0.0,1.0,0.0,0.0,0.0,0.0,0,62812.0
eco_i,SF,8,0,0,0.0,0.0,1.0,0.0,0.51,0.0,0.0,1,24648.0
domain_u,SF,43,43,0,0.0,0.0,1.0,0.0,0.0,0.0,0.0,0,80976.0
gopher,REJ,0,0,0,0.0,0.0,0.03,0.06,0.0,0.0,0.0,1,89416.0
ftp,SF,1048,3074,1,0.0,0.0,1.0,0.0,0.0,0.0,0.0,0,86647.0
http,SF,207,60990,1,0.0,0.0,1.0,0.0,0.0,0.01,0.01,0,105990.0
domain_u,SF,44,129,0,0.0,0.0,1.0,0.0,0.0,0.0,0.0,0,39768.0
http,SF,146,13932,1,0.0,0.0,1.0,0.0,0.01,0.0,0.0,0,56983.0
http,SF,250,613,1,0.0,0.0,1.0,0.0,0.03,0.0,0.0,0,95609.0
ftp_data,SF,12,0,0,0.0,0.0,1.0,0.0,0.0,0.55,0.0,0,74610.0
http,SF,316,415,1,0.0,0.0,1.0,0.0,0.0,0.0,0.0,0,100740.0
private,S0,0,0,0,1.0,1.0,0.02,0.08,0.0,1.0,1.0,1,82437.0
private,S0,0,0,0,1.0,1.0,0.02,0.06,0.0,1.0,1.0,1,34551.0
smtp,SF,1117,330,1,0.0,0.0,1.0,0.0,0.0,0.0,0.01,0,100008.0
http,SF,242,453,1,0.0,0.0,1.0,0.0,0.03,0.0,0.0,0,71801.0
ftp_data,SF,2194619,0,1,0.0,0.0,1.0,0.0,0.03,0.0,0.0,0,86460.0
http,SF,307,5280,1,0.0,0.0,1.0,0.0,0.0,0.0,0.0,0,44664.0
http,SF,251,3360,1,0.0,0.0,1.0,0.0,0.0,0.0,0.0,0,56460.0
private,S0,0,0,0,1.0,1.0,0.1,0.06,0.0,1.0,1.0,1,60587.0
other,REJ,0,0,0,0.14,0.0,0.0,1.0,0.0,0.24,0.0,1,36491.0
private,RSTR,0,0,0,0.0,0.0,1.0,0.0,0.0,0.05,0.0,1,68911.0
private,S0,0,0,0,1.0,1.0,0.05,0.06,0.0,1.0,1.0,1,84884.0
domain_u,SF,17,73,0,0.0,0.0,1.0,0.0,0.0,0.0,0.0,0,97092.0
http,SF,54540,8314,1,0.0,0.0,1.0,0.0,0.0,0.0,0.0,1,32743.0
private,S0,0,0,0,1.0,1.0,0.1,0.07,0.0,1.0,1.0,1,58835.0
domain_u,SF,45,160,0,0.0,0.0,1.0,0.0,0.0,0.0,0.0,0,72897.0
http,SF,281,1395,1,0.0,0.0,1.0,0.0,0.03,0.0,0.0,0,115805.0
private,S0,0,0,0,1.0,1.0,0.09,0.05,0.0,1.0,1.0,1,35625.0
smtp,S0,0,0,0,1.0,1.0,0.01,0.06,0.0,1.0,1.0,1,87030.0
http,SF,313,3222,1,0.0,0.0,1.0,0.0,0.0,0.0,0.0,0,53366.0
http,SF,237,1695,1,0.0,0.0,1.0,0.0,0.02,0.01,0.01,0,80425.0
ftp_data,SF,567,0,1,0.0,0.0,1.0,0.0,0.0,0.0,0.0,0,20620.0
smtp,SF,681,391,1,0.0,0.0,1.0,0.0,0.01,0.03,0.0,0,13022.0
auth,S0,0,0,0,1.0,1.0,0.02,0.06,0.0,1.0,1.0,1,16804.0
ftp_data,SF,334,0,1,0.0,0.0,1.0,0.0,0.14,0.0,0.0,1,64575.0
nnsp,REJ,0,0,0,0.0,0.0,0.03,0.06,0.0,0.0,0.0,1,55804.0
private,S0,0,0,0,1.0,1.0,0.01,0.05,0.0,1.0,1.0,1,32754.0
http,REJ,0,0,0,0.0,0.0,1.0,0.0,0.0,0.0,0.0,0,60114.0
http,SF,218,1695,1,0.0,0.0,1.0,0.0,0.01,0.0,0.0,0,71283.0
ftp_data,SF,192,0,0,0.0,0.0,1.0,0.0,0.03,0.0,0.0,0,35803.0
private,REJ,0,0,0,0.0,0.0,0.07,0.07,0.0,0.0,0.0,1,106998.0
smtp,SF,984,375,1,0.0,0.0,1.0,0.0,0.01,0.01,0.01,0,51140.0
private,S0,0,0,0,1.0,1.0,0.03,0.08,0.0,1.0,1.0,1,28997.0
ftp_data,SF,1339,0,1,0.0,0.0,1.0,0.0,0.0,0.0,0.0,0,68118.0
ecr_i,SF,64,0,0,0.0,0.0,1.0,0.0,0.0,0.0,0.0,0,57562.0
http,SF,230,843,1,0.0,0.0,1.0,0.0,0.06,0.0,0.0,0,82821.0
http,SF,236,657,1,0.0,0.0,1.0,0.0,0.06,0.0,0.0,0,60264.0
csnet_ns,REJ,0,0,0,0.0,0.0,0.08,0.06,0.0,0.0,0.0,1,9211.0
http,SF,325,1674,1,0.0,0.0,1.0,0.0,0.02,0.0,0.0,0,78994.0
http,SF,333,188,1,0.0,0.0,1.0,0.0,0.03,0.0,0.0,0,121797.0
http,SF,237,1659,1,0.0,0.0,1.0,0.0,0.04,0.0,0.0,0,35346.0
http,SF,307,727,1,0.0,0.0,1.0,0.0,0.02,0.0,0.0,0,21971.0
http,REJ,0,0,0,0.0,0.25,1.0,0.0,0.18,0.0,0.0,0,14709.0
nntp,S0,0,0,0,1.0,1.0,0.1,0.05,0.0,1.0,1.0,1,52737.0
eco_i,SF,8,0,0,0.0,0.0,1.0,0.0,0.5,0.0,0.0,1,28810.0
http,SF,241,1400,1,0.0,0.0,1.0,0.0,0.0,0.0,0.0,0,86925.0
http,SF,215,1172,1,0.0,0.0,1.0,0.0,0.06,0.0,0.0,0,78944.0
iso_tsap,S0,0,0,0,1.0,1.0,0.05,0.06,0.0,1.0,1.0,1,53603.0
http,SF,204,2828,1,0.0,0.0,1.0,0.0,0.01,0.0,0.0,0,25706.0
private,S0,0,0,0,1.0,1.0,0.02,0.05,0.0,0.98,1.0,1,58487.0
domain_u,SF,138,44,0,0.0,0.0,1.0,0.01,0.0,0.0,0.0,0,18963.0
ftp_data,S0,0,0,0,1.0,1.0,1.0,0.0,0.04,0.98,0.4,1,72869.0
ctf,S0,0,0,0,1.0,1.0,0.03,0.06,0.0,1.0,1.0,1,97100.0
domain_u,SF,46,137,0,0.0,0.0,1.0,0.01,0.0,0.0,0.0,0,36831.0
domain_u,SF,44,72,0,0.0,0.0,1.0,0.0,0.0,0.0,0.0,0,81998.0
http,SF,304,2440,1,0.0,0.0,1.0,0.0,0.05,0.0,0.0,0,62391.0
private,S0,0,0,0,1.0,1.0,0.03,0.06,0.0,1.0,1.0,1,54137.0
private,SF,105,146,0,0.0,0.0,1.0,0.0,0.0,0.0,0.0,0,40883.0
private,SF,105,146,0,0.0,0.0,1.0,0.0,0.0,0.0,0.0,0,7013.0
private,S0,0,0,0,1.0,1.0,0.14,0.14,0.0,1.0,1.0,1,103370.0
smtp,SF,693,330,1,0.0,0.0,1.0,0.0,0.0,0.0,0.0,0,43309.0
ssh,S0,0,0,0,1.0,1.0,0.13,0.05,0.0,1.0,1.0,1,107313.0
http,SF,352,7764,1,0.0,0.0,1.0,0.0,0.01,0.0,0.0,0,97721.0
http,SF,205,491,1,0.0,0.0,1.0,0.0,0.0,0.0,0.0,0,110934.0
private,SF,1,0,0,0.0,0.0,0.12,0.1,0.0,0.16,0.0,1,53085.0
private,S0,0,0,0,1.0,1.0,0.02,0.06,0.0,1.0,1.0,1,25663.0
http,SF,242,1047,1,0.0,0.0,1.0,0.0,0.13,0.0,0.0,0,41601.0
sunrpc,S0,0,0,0,1.0,1.0,0.04,0.07,0.0,1.0,1.0,1,74151.0
private,S0,0,0,0,1.0,1.0,0.0,0.06,0.0,1.0,1.0,1,116410.0
echo,S0,0,0,0,1.0,1.0,0.05,0.05,0.0,1.0,1.0,1,113049.0
ssh,S0,0,0,0,1.0,1.0,0.04,0.07,0.0,1.0,1.0,1,50289.0
telnet,S0,0,0,0,1.0,1.0,0.01,0.05,0.0,1.0,1.0,1,109407.0
gopher,S0,0,0,0,1.0,1.0,0.02,0.06,0.0,1.0,1.0,1,76306.0
ftp_data,SF,1830,0,1,0.0,0.0,1.0,0.0,0.0,0.0,0.0,0,54296.0
ecr_i,SF,1032,0,0,0.0,0.0,1.0,0.0,0.0,0.0,0.0,1,11819.0
ftp_data,SF,748,0,1,0.0,0.0,1.0,0.0,0.04,0.0,0.0,0,23417.0
http,SF,238,1590,1,0.0,0.0,1.0,0.0,0.04,0.0,0.0,0,77142.0
http,SF,221,191,1,0.0,0.0,1.0,0.0,0.02,0.0,0.0,0,112007.0
ntp_u,SF,48,48,0,0.0,0.0,1.0,0.0,0.0,0.0,0.0,0,21405.0
other,REJ,0,0,0,0.23,0.0,0.0,1.0,0.0,0.15,0.0,1,44498.0
domain_u,SF,46,46,0,0.0,0.0,1.0,0.0,0.0,0.0,0.0,0,49568.0
domain_u,SF,46,112,0,0.0,0.0,1.0,0.0,0.0,0.0,0.0,0,10447.0
http,SF,282,49165,1,0.0,0.0,1.0,0.0,0.09,0.0,0.0,0,120754.0
eco_i,SF,8,0,0,0.0,0.0,1.0,0.0,0.54,0.0,0.0,1,16391.0
nntp,S0,0,0,0,1.0,1.0,0.13,0.07,0.0,1.0,1.0,1,48327.0
gopher,S0,0,0,0,1.0,1.0,0.29,0.1,0.0,1.0,1.0,1,107893.0
ssh,S0,0,0,0,1.0,1.0,0.08,0.05,0.0,1.0,1.0,1,55598.0
http,SF,236,1872,1,0.0,0.0,1.0,0.0,0.02,0.0,0.0,0,72634.0
ftp,SF,1195,3380,1,0.0,0.0,1.0,0.0,0.0,0.0,0.0,0,40130.0
smtp,SF,1143,358,1,0.0,0.0,1.0,0.0,0.0,0.0,0.0,0,117495.0
http,S0,0,0,0,1.0,1.0,0.5,0.33,0.0,1.0,1.0,1,114728.0
http,SF,214,7104,1,0.0,0.0,1.0,0.0,0.05,0.0,0.0,0,42904.0
private,S0,0,0,0,1.0,1.0,0.08,0.06,0.0,1.0,1.0,1,92128.0
private,SF,28,0,0,0.0,0.0,1.0,0.0,0.0,0.09,0.0,1,91521.0
http,SF,293,1257,1,0.0,0.0,1.0,0.0,0.0,0.0,0.0,0,11589.0
http,SF,320,273,1,0.0,0.0,1.0,0.0,0.0,0.0,0.0,0,56210.0
smtp,SF,1838,334,1,0.0,0.0,1.0,0.0,0.02,0.0,0.01,0,113986.0
ftp_data,SF,13239,0,1,0.0,0.0,1.0,0.0,0.0,0.0,0.0,0,94034.0
domain_u,SF,45,129,0,0.0,0.0,1.0,0.0,0.0,0.0,0.0,0,21772.0
http,SF,250,3368,1,0.0,0.0,1.0,0.0,0.04,0.0,0.0,0,104610.0
private,SF,1,0,0,0.0,0.0,1.0,0.0,0.0,0.0,0.0,1,56490.0
http,SF,168,7450,1,0.0,0.0,1.0,0.0,0.02,0.0,0.0,0,92014.0
smtp,SF,1711,329,1,0.0,0.0,1.0,0.0,0.0,0.0,0.0,0,37499.0
nntp,S0,0,0,0,1.0,1.0,0.13,0.06,0.0,1.0,1.0,1,113210.0
netstat,S0,0,0,0,1.0,1.0,0.0,0.06,0.0,1.0,1.0,1,98707.0
private,S0,0,0,0,1.0,1.0,0.04,0.06,0.0,1.0,1.0,1,44483.0
http,S0,0,0,0,0.96,1.0,0.29,0.12,0.0,1.0,1.0,1,45181.0
ftp_data,SF,12241,0,0,0.0,0.0,1.0,0.0,0.0,0.0,0.0,0,56552.0
http,SF,213,1721,1,0.0,0.0,1.0,0.0,0.04,0.0,0.0,0,118687.0
private,S0,0,0,0,1.0,1.0,0.06,0.06,0.0,1.0,1.0,1,76747.0
smtp,SF,1011,365,1,0.0,0.0,1.0,0.0,0.02,0.0,0.0,0,118066.0
other,SF,516,4,0,0.0,0.0,1.0,0.0,0.0,0.0,0.0,0,23881.0
http,SF,353,1525,1,0.0,0.0,1.0,0.0,0.04,0.0,0.0,0,114644.0
http,REJ,0,0,0,0.0,0.0,1.0,0.0,0.0,0.0,0.0,0,68283.0
http,S3,344,201,1,0.2,0.18,1.0,0.0,0.02,0.2,0.01,0,14636.0
smtp,SF,1124,368,1,0.0,0.0,1.0,0.0,0.0,0.0,0.0,0,88911.0
http,SF,242,2445,1,0.0,0.0,1.0,0.0,0.0,0.0,0.0,0,63574.0
private,S0,0,0,0,1.0,1.0,0.06,0.06,0.0,1.0,1.0,1,31150.0
login,RSTO,0,0,0,0.0,0.0,0.04,0.06,0.0,0.0,0.0,1,95942.0
http,S1,228,21900,1,1.0,1.0,1.0,0.0,0.01,0.0,0.0,0,34899.0
http,SF,299,1654,1,0.0,0.0,1.0,0.0,0.0,0.0,0.0,0,66493.0
ftp_data,SF,8325,0,0,0.0,0.0,1.0,0.0,0.0,0.0,0.0,0,59724.0
courier,REJ,0,0,0,0.0,0.0,0.06,0.07,0.0,0.0,0.0,1,54670.0
ftp_data,SF,1199,0,0,0.0,0.0,1.0,0.0,0.0,0.0,0.0,0,36015.0
domain_u,SF,46,136,0,0.0,0.0,1.0,0.0,0.0,0.0,0.0,0,29639.0
other,SF,516,4,0,0.0,0.0,1.0,0.0,0.0,0.0,0.0,0,79376.0
other,SF,147,0,0,0.0,0.0,0.25,0.75,0.0,0.0,0.0,0,15659.0
private,S0,0,0,0,1.0,1.0,0.3,0.07,0.0,1.0,1.0,1,61535.0
http,SF,251,2015,1,0.0,0.0,1.0,0.0,0.05,0.0,0.0,0,72879.0
uucp_path,S0,0,0,0,1.0,1.0,0.07,0.05,0.0,1.0,1.0,1,124559.0
smtp,SF,1637,328,1,0.0,0.25,1.0,0.0,0.0,0.0,0.0,0,12671.0
eco_i,SF,64,0,0,0.0,0.0,1.0,0.0,0.0,0.0,0.0,0,575.0
hostnames,S0,0,0,0,1.0,1.0,0.05,0.06,0.0,1.0,1.0,1,99609.0
ftp_data,S0,0,0,0,1.0,1.0,0.28,0.08,0.0,1.0,1.0,1,121357.0
ecr_i,SF,1032,0,0,0.0,0.0,1.0,0.0,0.0,0.0,0.0,1,70811.0
telnet,RSTO,0,0,0,0.0,0.0,0.07,0.06,0.0,0.0,0.0,1,94877.0
domain_u,SF,46,81,0,0.0,0.0,1.0,0.0,0.0,0.0,0.0,0,114685.0
smtp,SF,1136,340,1,0.0,0.0,1.0,0.0,0.01,0.0,0.0,0,21521.0
ftp_data,REJ,0,0,0,0.07,0.0,0.03,0.97,0.0,0.08,0.0,1,109810.0
private,S0,0,0,0,1.0,1.0,0.1,0.06,0.0,1.0,1.0,1,45751.0
ftp_data,SF,7196,0,0,0.0,0.0,1.0,0.0,0.0,0.0,0.0,0,110387.0
ftp,S0,0,0,0,1.0,1.0,0.04,0.06,0.0,1.0,1.0,1,10051.0
finger,S0,0,0,0,1.0,1.0,0.03,0.06,0.0,1.0,1.0,1,6389.0
finger,SF,10,0,0,0.0,0.0,0.75,0.5,0.2,0.0,0.0,1,35651.0
http,SF,272,4841,1,0.0,0.0,1.0,0.0,0.03,0.0,0.0,0,74489.0
http,SF,205,425,1,0.0,0.0,1.0,0.0,0.1,0.0,0.0,0,96011.0
http,SF,295,310,1,0.0,0.0,1.0,0.0,0.01,0.0,0.0,0,54333.0
http,SF,235,7522,1,0.0,0.0,1.0,0.0,0.05,0.0,0.0,0,45746.0
ssh,REJ,0,0,0,0.0,0.0,0.03,0.07,0.0,0.0,0.0,1,62370.0
smtp,S0,0,0,0,0.5,0.5,1.0,0.0,0.03,0.01,0.01,0,59741.0
private,S0,0,0,0,1.0,1.0,0.13,0.06,0.0,1.0,1.0,1,96615.0
http,SF,280,290,1,0.0,0.0,1.0,0.0,0.0,0.0,0.0,0,15807.0
smtp,SF,947,330,1,0.0,0.0,1.0,0.0,0.01,0.0,0.0,0,23910.0
private,REJ,0,0,0,0.0,0.0,0.12,0.06,0.0,0.0,0.0,1,72529.0
http,SF,231,3180,1,0.0,0.0,1.0,0.0,0.03,0.0,0.0,0,33173.0
Z39_50,S0,0,0,0,1.0,1.0,0.01,0.07,0.0,1.0,1.0,1,54560.0
private,S0,0,0,0,1.0,1.0,0.25,0.5,0.0,1.0,1.0,1,108296.0
http,SF,330,912,1,0.5,0.5,1.0,0.0,0.0,0.0,0.0,0,102809.0
other,SF,1,0,0,0.0,0.0,0.05,0.2,0.0,0.0,0.0,1,120824.0
smtp,SF,1828,376,1,0.0,0.0,1.0,0.0,0.0,0.0,0.0,0,4480.0
domain_u,SF,44,137,0,0.0,0.0,1.0,0.0,0.0,0.0,0.0,0,54582.0
domain_u,SF,24,24,0,0.0,0.0,1.0,0.0,0.0,0.0,0.0,0,25220.0
http,SF,318,947,1,0.0,0.0,1.0,0.0,0.02,0.06,0.01,0,92430.0
ftp_data,SF,383,0,1,0.0,0.0,1.0,0.0,0.0,0.0,0.0,0,95428.0
http,SF,348,2784,1,0.0,0.0,1.0,0.0,0.01,0.0,0.0,0,64627.0
other,SF,147,105,0,0.0,0.0,1.0,0.0,0.0,0.0,0.0,0,109884.0
ecr_i,SF,1032,0,0,0.0,0.0,1.0,0.0,0.0,0.0,0.0,1,83735.0
http,REJ,0,0,0,0.0,0.0,1.0,0.0,0.23,0.0,0.0,0,1161.0
http,SF,299,3943,1,0.0,0.0,1.0,0.0,0.05,0.01,0.01,0,71784.0
http,SF,205,873,1,0.0,0.0,1.0,0.0,0.06,0.0,0.0,0,101579.0
smtp,SF,639,327,1,0.0,0.0,1.0,0.0,0.01,0.0,0.0,0,35623.0
http,SF,204,1534,1,0.0,0.0,1.0,0.0,0.03,0.0,0.01,0,74726.0
http,SF,212,1744,1,0.0,0.0,1.0,0.0,0.04,0.0,0.0,0,32749.0
ftp_data,SF,203,0,1,0.0,0.0,1.0,0.0,0.03,0.0,0.0,0,12741.0
ftp_data,S0,0,0,0,1.0,1.0,0.25,0.14,0.0,1.0,1.0,1,46453.0
domain,S0,0,0,0,1.0,1.0,0.09,0.05,0.0,1.0,1.0,1,70167.0
private,RSTOS0,0,0,0,0.74,0.67,0.03,0.37,0.0,0.33,0.67,1,39293.0
smtp,SF,1325,328,1,0.0,0.0,1.0,0.0,0.01,0.01,0.0,0,51894.0
eco_i,SF,18,0,0,0.0,0.0,1.0,0.0,0.26,0.0,0.0,1,59392.0
domain_u,SF,45,83,0,0.0,0.0,1.0,0.0,0.0,0.0,0.0,0,99482.0
http,SF,202,698,1,0.0,0.0,1.0,0.0,0.03,0.0,0.0,0,5952.0
private,S0,0,0,0,1.0,1.0,0.04,0.06,0.0,1.0,1.0,1,62840.0
echo,RSTO,0,0,0,0.0,0.0,0.08,0.07,0.0,0.0,0.0,1,42822.0
finger,S0,0,0,0,1.0,1.0,0.25,0.1,0.0,1.0,1.0,1,16705.0
http,SF,229,542,1,0.0,0.0,1.0,0.0,0.0,0.0,0.0,0,17081.0
http,SF,348,5599,1,0.0,0.0,1.0,0.0,0.05,0.0,0.0,0,46105.0
ftp_data,SF,2194619,0,1,0.0,0.0,1.0,0.0,0.02,0.0,0.0,0,28916.0
private,SF,207,0,0,0.0,0.0,1.0,0.0,0.0,0.0,0.0,1,121022.0
urp_i,SF,78,0,0,0.0,0.0,0.04,0.08,0.0,0.0,0.0,0,78133.0
ecr_i,SF,520,0,0,0.0,0.0,1.0,0.0,0.0,0.0,0.0,1,97056.0
domain_u,SF,43,75,0,0.0,0.0,1.0,0.0,0.0,0.0,0.0,0,93638.0
eco_i,SF,8,0,0,0.0,0.0,1.0,0.0,0.26,0.0,0.0,1,102552.0
ldap,S0,0,0,0,1.0,1.0,0.1,0.06,0.0,1.0,1.0,1,125702.0
smtp,SF,753,333,1,0.0,0.0,1.0,0.0,0.01,0.0,0.0,0,96143.0
eco_i,SF,8,0,0,0.0,0.0,1.0,0.0,0.5,0.0,0.0,1,13290.0
http,SF,305,920,1,0.0,0.0,1.0,0.0,0.02,0.0,0.0,0,29822.0
finger,RSTR,0,0,0,0.0,0.0,1.0,0.0,0.0,0.0,0.0,1,18310.0
http,SF,255,10081,1,0.0,0.0,1.0,0.0,0.04,0.0,0.0,0,106843.0
private,REJ,0,0,0,0.0,0.0,0.05,0.06,0.0,0.0,0.0,1,92922.0
http,SF,315,283,1,0.0,0.0,1.0,0.0,0.05,0.0,0.0,0,100240.0
private,SF,1,0,0,0.0,0.0,0.24,0.09,0.0,0.13,0.0,1,2735.0
private,REJ,0,0,0,0.1,0.0,0.01,1.0,0.0,0.07,0.0,1,59336.0
http,SF,321,4676,1,0.0,0.0,1.0,0.0,0.06,0.0,0.0,0,93764.0
http,SF,222,481,1,0.0,0.0,1.0,0.0,0.02,0.0,0.0,0,64619.0
http,SF,250,609,1,0.0,0.0,1.0,0.0,0.0,0.0,0.0,0,119765.0
private,S0,0,0,0,1.0,1.0,0.1,0.08,0.0,1.0,1.0,1,79639.0
private,S0,0,0,0,1.0,1.0,0.08,0.06,0.0,0.81,1.0,1,87371.0
uucp_path,S0,0,0,0,1.0,1.0,0.04,0.05,0.0,1.0,1.0,1,62916.0
http,SF,192,3101,1,0.0,0.0,1.0,0.0,0.0,0.0,0.0,0,122568.0
http,REJ,0,0,0,0.0,0.0,0.08,0.07,0.0,0.0,0.0,1,58859.0
http,SF,248,788,1,0.0,0.0,1.0,0.0,0.0,0.0,0.0,0,71771.0
http,REJ,0,0,0,0.0,0.0,1.0,0.0,0.06,0.0,0.0,0,76774.0
name,S0,0,0,0,1.0,1.0,0.1,0.06,0.0,1.0,1.0,1,115165.0
imap4,REJ,0,0,0,0.0,0.0,0.02,0.07,0.0,0.0,0.0,1,91696.0
http,SF,322,16407,1,0.0,0.0,1.0,0.0,0.05,0.0,0.0,0,6126.0
domain_u,SF,34,34,0,0.0,0.0,1.0,0.0,0.0,0.0,0.0,0,99500.0
private,S0,0,0,0,1.0,1.0,0.45,0.27,0.0,1.0,1.0,1,86338.0
private,REJ,0,0,0,0.0,0.0,0.03,0.05,0.0,0.0,0.0,1,25544.0
private,SF,1,0,0,0.0,0.0,1.0,0.0,0.0,0.0,0.0,1,119195.0
private,S0,0,0,0,1.0,1.0,0.06,0.05,0.0,1.0,1.0,1,116760.0
private,S0,0,0,0,1.0,1.0,0.06,0.07,0.0,1.0,1.0,1,17548.0
bgp,S0,0,0,0,1.0,1.0,0.01,0.06,0.0,1.0,1.0,1,29149.0
supdup,S0,0,0,0,1.0,1.0,0.07,0.05,0.0,1.0,1.0,1,125799.0
eco_i,SF,18,0,0,0.0,0.0,1.0,0.0,1.0,0.0,0.0,1,100622.0
domain_u,SF,44,77,0,0.0,0.0,1.0,0.0,0.0,0.0,0.0,0,23449.0
domain_u,SF,43,127,0,0.0,0.0,1.0,0.0,0.0,0.0,0.0,0,97088.0
private,SF,28,0,0,0.77,0.0,0.23,0.05,0.0,0.09,0.0,1,94568.0
smtp,S0,0,0,0,1.0,1.0,0.0,0.07,0.0,1.0,1.0,1,97770.0
private,REJ,0,0,0,0.0,0.0,0.05,0.06,0.0,0.0,0.0,1,52282.0
courier,S0,0,0,0,1.0,1.0,0.06,0.06,0.0,1.0,1.0,1,63411.0
http,SF,238,1215,1,0.0,0.0,1.0,0.0,0.0,0.0,0.0,0,10439.0
http,S0,0,0,0,0.5,0.33,1.0,0.0,0.02,0.25,0.01,0,29875.0
http,SF,356,558,1,0.0,0.0,1.0,0.0,0.07,0.0,0.0,0,19380.0
ftp_data,SF,3909,0,1,0.0,0.0,1.0,0.0,0.01,0.01,0.01,0,101256.0
private,S0,0,0,0,1.0,1.0,0.11,0.06,0.0,1.0,1.0,1,77513.0
http,REJ,0,0,0,0.0,0.0,1.0,0.0,0.2,0.0,0.0,0,30835.0
private,S0,0,0,0,1.0,1.0,0.02,0.06,0.0,1.0,1.0,1,38701.0
auth,REJ,0,0,0,0.0,0.0,0.06,0.06,0.0,0.0,0.0,1,122296.0
private,S0,0,0,0,1.0,1.0,0.01,0.07,0.0,1.0,1.0,1,96673.0
domain_u,SF,42,72,0,0.0,0.0,1.0,0.0,0.0,0.0,0.0,0,114235.0
http,SF,299,8186,1,0.0,0.0,1.0,0.0,0.03,0.0,0.0,0,83359.0
private,S0,0,0,0,1.0,1.0,0.22,0.06,0.0,1.0,1.0,1,59095.0
ftp,SF,1244,2451,1,0.0,0.0,1.0,0.0,0.0,0.0,0.0,1,118933.0
eco_i,SF,8,0,0,0.0,0.0,1.0,0.0,0.51,0.0,0.0,1,7999.0
private,S0,0,0,0,1.0,1.0,0.01,0.06,0.0,1.0,1.0,1,78221.0
ftp_data,SF,4316,0,1,0.0,0.0,1.0,0.0,0.02,0.03,0.0,0,65145.0
private,S0,0,0,0,1.0,1.0,0.12,0.05,0.0,1.0,1.0,1,93912.0
http,S0,0,0,0,1.0,1.0,0.25,0.75,0.0,1.0,1.0,1,107569.0
smtp,SF,1115,387,1,0.0,0.0,1.0,0.0,0.01,0.0,0.0,0,87793.0
http,SF,245,6961,1,0.0,0.0,1.0,0.0,0.02,0.0,0.0,0,123041.0
ecr_i,SF,520,0,0,0.0,0.0,1.0,0.0,0.0,0.0,0.0,1,92204.0
smtp,SF,1106,325,1,0.0,0.0,1.0,0.0,0.0,0.01,0.01,0,111237.0
ctf,S0,0,0,0,1.0,1.0,0.06,0.06,0.0,1.0,1.0,1,59665.0
http,REJ,0,0,0,0.0,0.0,1.0,0.0,0.0,0.0,0.0,0,12855.0
domain_u,SF,32,92,0,0.0,0.0,1.0,0.0,0.0,0.0,0.0,0,29692.0
private,S0,0,0,0,1.0,1.0,0.3,0.12,0.0,1.0,1.0,1,16195.0
private,SF,1,0,0,0.0,0.0,0.09,0.36,0.0,0.0,0.0,1,12798.0
http,SF,231,2698,1,0.0,0.0,1.0,0.0,0.0,0.0,0.0,0,28909.0
private,S0,0,0,0,1.0,1.0,0.02,0.07,0.0,1.0,1.0,1,33906.0
http,SF,54540,8314,1,0.0,0.0,1.0,0.0,0.0,0.01,0.01,1,97294.0
private,S0,0,0,0,1.0,1.0,0.1,0.06,0.0,1.0,1.0,1,115929.0
daytime,S0,0,0,0,1.0,1.0,0.03,0.06,0.0,1.0,1.0,1,79426.0
private,RSTR,0,0,0,0.0,0.0,1.0,0.0,0.0,0.0,0.0,1,7033.0
http,SF,206,2110,1,0.0,0.0,1.0,0.0,0.02,0.0,0.0,0,61603.0
domain_u,SF,46,83,0,0.0,0.0,1.0,0.0,0.0,0.0,0.0,0,106170.0
http,SF,237,2276,1,0.0,0.0,1.0,0.0,0.03,0.0,0.0,0,105533.0
domain_u,SF,44,99,0,0.0,0.0,1.0,0.0,0.0,0.0,0.0,0,46085.0
http,SF,327,365,1,0.0,0.0,1.0,0.0,0.01,0.0,0.0,0,64004.0
http,SF,366,1386,1,0.0,0.0,1.0,0.0,0.03,0.0,0.0,0,68775.0
sql_net,S0,0,0,0,1.0,1.0,0.06,0.06,0.0,1.0,1.0,1,50689.0
ecr_i,SF,8,0,0,0.0,0.0,1.0,0.0,0.0,0.0,0.0,1,83222.0
eco_i,SF,8,0,0,0.0,0.0,1.0,0.0,0.51,0.0,0.0,1,76037.0
http,REJ,0,0,0,0.0,0.0,1.0,0.0,0.18,0.0,0.0,0,17546.0
http,SF,211,23473,1,0.0,0.0,1.0,0.0,0.02,0.01,0.0,0,67908.0
private,S0,0,0,0,1.0,1.0,0.05,0.08,0.0,1.0,1.0,1,44078.0
http,SF,212,2153,1,0.0,0.0,1.0,0.0,0.0,0.0,0.0,0,116299.0
private,S0,0,0,0,1.0,1.0,0.04,0.06,0.0,1.0,1.0,1,12502.0
http,SF,195,1227,1,0.0,0.0,1.0,0.0,0.0,0.0,0.0,0,93128.0
private,REJ,0,0,0,0.03,0.0,0.03,1.0,0.0,0.0,0.0,1,77850.0
private,SF,1,0,0,0.0,0.0,0.06,0.22,0.0,0.03,0.0,1,11795.0
private,REJ,0,0,0,0.02,0.0,0.01,1.0,0.0,0.01,0.0,1,18717.0
http,SF,314,1528,1,0.0,0.0,1.0,0.0,0.0,0.0,0.0,0,87169.0
finger,S0,0,0,0,1.0,1.0,1.0,0.0,1.0,1.0,0.67,1,112310.0
private,S0,0,0,0,1.0,1.0,0.05,0.06,0.0,1.0,1.0,1,122813.0
http_443,REJ,0,0,0,0.0,0.0,0.06,0.06,0.0,0.0,0.0,1,44979.0
private,RSTR,1,0,0,0.0,0.0,1.0,0.0,0.0,0.0,0.0,1,91128.0
smtp,SF,927,329,1,0.0,0.0,1.0,0.0,0.0,0.0,0.0,0,62468.0
smtp,SF,837,385,1,0.0,0.0,1.0,0.0,0.0,0.79,0.0,0,72030.0
private,SF,28,0,0,0.65,0.0,0.35,0.05,0.0,0.09,0.0,1,32813.0
http,REJ,0,0,0,0.0,0.0,1.0,0.0,0.0,0.0,0.0,0,67630.0
http,SF,206,9714,1,0.0,0.0,1.0,0.0,0.03,0.0,0.0,0,59523.0
csnet_ns,S0,0,0,0,1.0,1.0,0.01,0.06,0.0,1.0,1.0,1,49310.0
domain_u,SF,43,43,0,0.0,0.0,1.0,0.0,0.0,0.0,0.0,0,14359.0
private,REJ,0,0,0,0.0,0.0,0.02,0.06,0.0,0.0,0.0,1,107252.0
domain_u,SF,43,43,0,0.0,0.0,1.0,0.0,0.0,0.0,0.0,0,125447.0
eco_i,SF,8,0,0,0.0,0.0,1.0,0.0,0.25,0.0,0.0,1,17481.0
domain_u,SF,46,46,0,0.0,0.0,1.0,0.0,0.0,0.0,0.0,0,42745.0
http,SF,509,5071,1,0.0,0.0,1.0,0.0,0.0,0.0,0.0,0,9841.0
http,S1,164,29200,1,1.0,0.05,1.0,0.0,0.02,0.02,0.0,0,8906.0
smtp,SF,1515,372,1,0.0,0.0,1.0,0.0,0.02,0.0,0.01,0,85532.0
domain_u,SF,42,108,0,0.0,0.0,1.0,0.0,0.01,0.0,0.0,0,63297.0
ftp,SF,1233,2451,1,0.0,0.0,1.0,0.0,0.0,0.0,0.0,1,65315.0
private,REJ,0,0,0,0.0,0.0,0.18,0.06,0.0,0.0,0.0,1,28536.0
http,SF,347,721,1,0.0,0.0,1.0,0.0,0.0,0.0,0.0,0,106570.0
login,S0,0,0,0,1.0,1.0,0.06,0.05,0.0,1.0,1.0,1,102663.0
csnet_ns,S0,0,0,0,1.0,1.0,0.13,0.06,0.0,1.0,1.0,1,110854.0
ftp_data,SF,334,0,1,0.0,0.0,1.0,0.0,0.11,0.0,0.0,1,95017.0
http,REJ,0,0,0,0.0,0.0,1.0,0.0,0.12,0.0,0.0,0,48465.0
eco_i,SF,18,0,0,0.0,0.0,1.0,0.0,1.0,0.0,0.0,1,60486.0
http,SF,303,5508,1,0.0,0.0,1.0,0.0,0.0,0.0,0.0,0,62387.0
domain_u,SF,44,127,0,0.0,0.0,1.0,0.0,0.0,0.0,0.0,0,85566.0
netbios_ns,REJ,0,0,0,0.0,0.0,0.01,0.07,0.0,0.0,0.0,1,50154.0
ecr_i,SF,1480,0,0,0.0,0.0,1.0,0.0,0.05,0.0,0.0,1,9446.0
http,REJ,0,0,0,0.0,0.0,1.0,0.0,0.07,0.0,0.0,0,60214.0
domain_u,SF,44,73,0,0.0,0.0,0.99,0.01,0.0,0.0,0.0,0,122808.0
gopher,REJ,0,0,0,0.0,0.0,0.01,0.07,0.0,0.0,0.0,1,125456.0
auth,S0,0,0,0,1.0,1.0,0.02,0.05,0.0,1.0,1.0,1,56383.0
other,RSTR,1,0,0,0.0,0.0,1.0,0.0,0.0,0.0,0.0,1,22889.0
uucp,S0,0,0,0,1.0,1.0,0.13,0.07,0.0,1.0,1.0,1,25962.0
smtp,SF,2086,339,1,0.0,0.0,1.0,0.0,0.01,0.0,0.0,0,48163.0
ecr_i,SF,520,0,0,0.0,0.0,1.0,0.0,0.0,0.0,0.0,1,61268.0
private,REJ,0,0,0,0.0,0.0,0.15,0.07,0.0,0.0,0.0,1,77540.0
http,REJ,0,0,0,0.0,0.0,1.0,0.0,0.17,0.0,0.0,0,8473.0
http,SF,211,39911,1,0.0,0.0,1.0,0.0,0.03,0.0,0.0,0,88258.0
netbios_dgm,S0,0,0,0,1.0,1.0,0.05,0.06,0.0,1.0,1.0,1,47891.0
http,SF,214,3200,1,0.0,0.0,1.0,0.0,0.02,0.0,0.0,0,119373.0
http,SF,214,875,1,0.0,0.0,1.0,0.0,0.03,0.0,0.0,0,51917.0
http,SF,169,34719,1,0.0,0.0,1.0,0.0,0.0,0.0,0.0,0,38737.0
http,SF,203,1024,1,0.0,0.0,1.0,0.0,0.02,0.0,0.0,0,125310.0
courier,S0,0,0,0,1.0,1.0,0.14,0.06,0.0,1.0,1.0,1,113187.0
http,SF,280,453,1,0.0,0.0,1.0,0.0,0.0,0.0,0.0,0,93116.0
private,REJ,0,0,0,0.0,0.0,0.06,0.06,0.0,0.0,0.0,1,61094.0
http,SF,251,1414,1,0.2,0.33,1.0,0.0,0.01,0.01,0.0,0,5591.0
private,S0,0,0,0,1.0,1.0,0.11,0.07,0.0,1.0,1.0,1,46070.0
time,SF,0,4,0,0.0,0.0,1.0,0.0,0.0,0.13,0.13,0,17426.0
private,S0,0,0,0,1.0,1.0,0.26,0.11,0.0,1.0,1.0,1,82416.0
other,SF,145,105,0,0.0,0.0,1.0,0.0,0.0,0.0,0.0,0,107177.0
http,SF,237,4627,1,0.0,0.0,1.0,0.0,0.0,0.0,0.0,0,68025.0
http,SF,211,6396,1,0.0,0.0,1.0,0.0,0.02,0.0,0.0,0,123730.0
http,SF,238,1414,1,0.0,0.0,1.0,0.0,0.0,0.0,0.0,0,14542.0
ftp_data,SF,88382,0,1,0.0,0.0,1.0,0.0,0.03,0.0,0.0,0,76559.0
domain_u,SF,43,114,0,0.0,0.0,1.0,0.0,0.0,0.0,0.0,0,83959.0
domain_u,SF,45,132,0,0.0,0.0,1.0,0.0,0.0,0.0,0.0,0,68083.0
private,S0,0,0,0,1.0,1.0,0.14,0.05,0.0,1.0,1.0,1,75621.0
domain_u,SF,44,130,0,0.0,0.0,1.0,0.0,0.0,0.0,0.0,0,24795.0
ecr_i,SF,1032,0,0,0.0,0.0,1.0,0.0,0.0,0.09,0.0,1,11138.0
ftp,SF,1257,2451,1,0.0,0.0,1.0,0.0,0.0,0.0,0.0,1,36744.0
private,S0,0,0,0,1.0,1.0,0.11,0.05,0.0,1.0,1.0,1,41920.0
shell,RSTO,0,0,0,0.0,0.0,0.11,0.07,0.0,0.0,0.0,1,66551.0
finger,S0,0,0,0,1.0,1.0,0.07,0.05,0.0,1.0,1.0,1,19486.0
bgp,S0,0,0,0,1.0,1.0,0.08,0.06,0.0,1.0,1.0,1,20190.0
http,SF,219,2809,1,0.0,0.0,1.0,0.0,0.01,0.0,0.0,0,42484.0
whois,S0,0,0,0,1.0,1.0,0.04,0.06,0.0,1.0,1.0,1,2976.0
http,SF,237,2253,1,0.0,0.0,1.0,0.0,0.02,0.0,0.0,0,45704.0
urp_i,SF,135,0,0,0.0,0.0,1.0,0.0,0.2,0.0,0.0,0,71291.0
http,SF,229,1343,1,0.0,0.0,1.0,0.0,0.0,0.0,0.0,0,63268.0
other,REJ,0,0,0,0.07,0.0,0.0,1.0,0.0,0.02,0.0,1,94762.0
http,SF,229,1075,1,0.0,0.0,1.0,0.0,0.0,0.0,0.0,0,6117.0
http,SF,318,1446,1,0.0,0.0,1.0,0.0,0.01,0.0,0.01,0,113987.0
http,SF,239,1897,1,0.0,0.0,1.0,0.0,0.07,0.0,0.0,0,45235.0
ecr_i,SF,520,0,0,0.0,0.0,1.0,0.0,0.0,0.0,0.0,1,1444.0
ecr_i,SF,30,0,0,0.0,0.0,1.0,0.0,0.0,0.0,0.0,0,97535.0
uucp_path,S0,0,0,0,1.0,1.0,0.08,0.06,0.0,1.0,1.0,1,2695.0
http,SF,323,622,1,0.0,0.0,1.0,0.0,0.0,0.0,0.0,0,47070.0
ctf,S0,0,0,0,1.0,1.0,0.01,0.06,0.0,1.0,1.0,1,38862.0
smtp,S0,0,0,0,1.0,1.0,0.07,0.06,0.0,1.0,1.0,1,102873.0
hostnames,REJ,0,0,0,0.0,0.0,0.0,0.07,0.0,0.0,0.0,1,54904.0
netbios_ns,S0,0,0,0,1.0,1.0,0.08,0.06,0.0,1.0,1.0,1,17027.0
http,SF,293,1651,1,0.0,0.0,1.0,0.0,0.01,0.0,0.0,0,43602.0
http,S0,0,0,0,1.0,1.0,0.5,0.4,0.0,1.0,1.0,1,75822.0
whois,S0,0,0,0,1.0,1.0,0.1,0.05,0.0,1.0,1.0,1,26884.0
http,SF,251,1981,1,0.0,0.0,1.0,0.0,0.01,0.0,0.0,0,1066.0
private,RSTR,0,0,0,0.0,0.0,1.0,0.0,0.0,0.0,0.0,1,21418.0
smtp,SF,1091,479,1,0.0,0.0,1.0,0.0,0.0,0.0,0.0,0,69187.0
csnet_ns,S0,0,0,0,1.0,1.0,0.02,0.07,0.0,1.0,1.0,1,19124.0
http,SF,222,731,1,0.0,0.0,1.0,0.0,0.03,0.0,0.0,0,35656.0
http,REJ,0,0,0,0.0,0.0,1.0,0.0,0.09,0.0,0.0,0,48439.0
domain_u,SF,45,139,0,0.0,0.0,1.0,0.0,0.0,0.0,0.0,0,59200.0
shell,S0,0,0,0,1.0,1.0,0.05,0.07,0.0,1.0,1.0,1,97013.0
domain_u,SF,45,70,0,0.0,0.0,1.0,0.0,0.0,0.0,0.0,0,4135.0
domain_u,SF,45,81,0,0.0,0.0,1.0,0.0,0.0,0.0,0.0,0,73682.0
private,S0,0,0,0,1.0,1.0,0.01,0.06,0.0,1.0,1.0,1,2627.0
ecr_i,SF,1032,0,0,0.0,0.0,1.0,0.0,0.0,0.15,0.0,1,45992.0
courier,S0,0,0,0,1.0,1.0,0.11,0.05,0.0,1.0,1.0,1,10032.0
eco_i,SF,8,0,0,0.0,0.0,1.0,0.0,0.51,0.0,0.0,1,29853.0
ftp_data,SF,641,0,1,0.0,0.0,1.0,0.0,0.0,0.0,0.02,0,7440.0
ftp,SF,1212,2447,1,0.0,0.0,1.0,0.0,0.0,0.0,0.0,1,56371.0
private,REJ,0,0,0,0.0,0.0,0.07,0.07,0.0,0.0,0.0,1,1394.0
sunrpc,S0,0,0,0,1.0,1.0,0.05,0.06,0.0,1.0,1.0,1,12845.0
other,SF,146,105,0,0.0,0.0,1.0,0.0,0.0,0.0,0.0,0,94840.0
private,S0,0,0,0,1.0,1.0,0.07,0.06,0.0,1.0,1.0,1,71530.0
private,S0,0,0,0,0.99,1.0,0.16,0.07,0.0,1.0,1.0,1,89208.0
netstat,REJ,0,0,0,0.0,0.0,0.02,0.08,0.0,0.0,0.0,1,732.0
ecr_i,SF,1480,0,0,0.0,0.0,1.0,0.0,0.53,0.0,0.0,1,30503.0
ftp,S0,0,0,0,1.0,1.0,0.04,0.06,0.0,1.0,1.0,1,12614.0
http,SF,256,3046,1,0.0,0.0,1.0,0.0,0.0,0.01,0.01,0,109750.0
netbios_dgm,S0,0,0,0,1.0,1.0,0.02,0.06,0.0,1.0,1.0,1,10021.0
domain_u,SF,45,72,0,0.0,0.0,0.99,0.02,0.0,0.0,0.0,0,46967.0
Z39_50,S0,0,0,0,1.0,1.0,0.04,0.05,0.0,1.0,1.0,1,90647.0
whois,S0,0,0,0,1.0,1.0,0.06,0.06,0.0,1.0,1.0,1,14602.0
ecr_i,SF,1032,0,0,0.0,0.0,1.0,0.0,0.0,0.0,0.0,1,67062.0
smtp,SF,11994,1435,1,0.0,0.0,1.0,0.0,0.01,0.0,0.0,0,58529.0
http,SF,211,13009,1,0.0,0.0,1.0,0.0,0.06,0.0,0.0,0,76258.0
http,SF,322,4902,1,0.0,0.0,1.0,0.0,0.03,0.0,0.0,0,30334.0
private,SF,105,146,0,0.0,0.0,1.0,0.0,0.0,0.0,0.0,0,1282.0
http,SF,231,1075,1,0.0,0.0,1.0,0.0,0.0,0.0,0.0,0,51109.0
http,SF,225,589,1,0.0,0.0,1.0,0.0,0.03,0.0,0.0,0,93515.0
pop_3,SF,80,23267,1,0.0,0.0,1.0,0.0,0.5,0.0,0.0,0,115704.0
ftp_data,SF,383,0,0,0.0,0.0,1.0,0.0,0.0,0.0,0.0,0,43005.0
http,RSTR,54540,8314,1,0.0,0.0,1.0,0.0,0.0,0.0,0.0,1,4540.0
eco_i,SF,8,0,0,0.0,0.0,1.0,0.0,0.51,0.0,0.0,1,33528.0
http,SF,211,2315,1,0.0,0.0,1.0,0.0,0.04,0.0,0.0,0,65746.0
http,SF,257,4496,1,0.0,0.0,1.0,0.0,0.0,0.0,0.0,0,101293.0
courier,S0,0,0,0,1.0,1.0,0.03,0.07,0.0,1.0,1.0,1,41919.0
http,REJ,0,0,0,0.0,0.0,1.0,0.0,0.16,0.0,0.0,0,12936.0
http,SF,54540,8314,1,0.0,0.0,1.0,0.0,0.0,0.0,0.0,1,29931.0
http,SF,295,2745,1,0.0,0.0,1.0,0.0,0.02,0.0,0.0,0,68821.0
private,SH,0,0,0,1.0,1.0,1.0,0.0,0.0,0.96,1.0,1,26781.0
smtp,SF,1452,331,1,0.0,0.0,1.0,0.0,0.02,0.0,0.0,0,31282.0
http,SF,214,944,1,0.0,0.0,1.0,0.0,0.05,0.0,0.0,0,99863.0
eco_i,SF,8,0,0,0.0,0.0,1.0,0.0,0.51,0.0,0.0,1,115289.0
imap4,S0,0,0,0,1.0,1.0,0.04,0.05,0.0,1.0,1.0,1,16178.0
domain_u,SF,45,128,0,0.0,0.0,1.0,0.0,0.0,0.0,0.0,0,92143.0
http,SF,247,4815,1,0.0,0.0,1.0,0.0,0.03,0.0,0.0,0,29021.0
domain_u,SF,44,130,0,0.0,0.0,1.0,0.0,0.0,0.0,0.0,0,10270.0
private,S0,0,0,0,1.0,1.0,0.11,0.05,0.0,1.0,1.0,1,71213.0
http,SF,301,870,1,0.0,0.0,1.0,0.0,0.03,0.0,0.0,0,78168.0
http,SF,223,8584,1,0.0,0.0,1.0,0.0,0.0,0.0,0.0,0,1644.0
http,S0,0,0,0,1.0,1.0,0.4,0.6,0.0,1.0,1.0,1,119872.0
echo,S0,0,0,0,1.0,1.0,0.05,0.06,0.0,1.0,1.0,1,74092.0
http,SF,291,375,1,0.0,0.0,1.0,0.0,0.0,0.0,0.0,0,1730.0
eco_i,SF,8,0,0,0.0,0.0,1.0,0.0,0.25,0.0,0.0,1,74472.0
echo,RSTO,0,0,0,0.0,0.0,0.07,0.06,0.0,0.0,0.0,1,32456.0
http,SF,288,4962,1,0.0,0.0,1.0,0.0,0.05,0.0,0.01,0,6813.0
http,S0,0,0,0,1.0,1.0,0.09,0.05,0.0,1.0,1.0,1,61614.0
smtp,SF,827,326,1,0.0,0.0,1.0,0.0,0.02,0.0,0.0,0,11353.0
http,SF,326,1264,1,0.0,0.0,1.0,0.0,0.0,0.0,0.0,0,16772.0
other,REJ,0,0,0,0.14,0.0,0.0,1.0,0.0,0.27,0.0,1,65674.0
http,SF,232,280,1,0.0,0.0,1.0,0.0,0.0,0.0,0.0,0,85800.0
ftp,SF,1512,4152,1,0.0,0.0,1.0,0.0,0.0,0.0,0.0,0,10345.0
http,SF,302,258,1,0.0,0.0,1.0,0.0,0.0,0.0,0.0,0,64919.0
http,SF,206,313,1,0.06,0.05,1.0,0.0,0.05,0.06,0.02,0,7427.0
smtp,SF,843,388,1,0.0,0.0,1.0,0.0,0.0,0.64,0.0,0,58877.0
finger,S0,0,0,0,1.0,1.0,0.06,0.08,0.0,1.0,1.0,1,65875.0
http,SF,340,467,1,0.0,0.0,1.0,0.0,0.03,0.0,0.0,0,68244.0
ftp,SF,1047,3081,1,0.0,0.0,1.0,0.0,0.0,0.02,0.0,0,7484.0
http,REJ,0,0,0,0.0,0.0,1.0,0.0,0.23,0.0,0.0,0,8165.0
domain_u,SF,43,68,0,0.0,0.0,1.0,0.0,0.0,0.0,0.0,0,109627.0
uucp,RSTO,0,0,0,0.0,0.0,0.12,0.06,0.0,0.0,0.0,1,77526.0
nnsp,S0,0,0,0,1.0,1.0,0.12,0.05,0.0,1.0,1.0,1,59375.0
http,SF,294,3559,1,0.0,0.0,1.0,0.0,0.08,0.0,0.0,0,59217.0
urp_i,SF,182,0,0,0.0,0.0,1.0,0.0,0.0,0.0,0.0,0,81381.0
http,SF,332,8528,1,0.0,0.0,1.0,0.0,0.01,0.0,0.0,0,74867.0
http,REJ,0,0,0,0.0,0.0,1.0,0.0,0.2,0.0,0.0,0,37231.0
private,S0,0,0,0,1.0,1.0,0.01,0.06,0.0,1.0,1.0,1,112457.0
http,SF,200,2200,1,0.0,0.0,1.0,0.0,0.03,0.0,0.0,0,39742.0
private,RSTR,0,0,0,0.0,0.0,1.0,0.0,0.0,0.0,0.0,1,62165.0
private,REJ,0,0,0,0.0,0.0,0.07,0.07,0.0,0.0,0.0,1,34383.0
http,SF,219,997,1,0.0,0.0,1.0,0.0,0.0,0.0,0.0,0,47863.0
http,SF,224,1423,1,0.0,0.0,1.0,0.0,0.0,0.0,0.0,0,119186.0
ftp,S0,0,0,0,1.0,1.0,0.08,0.05,0.0,1.0,1.0,1,114711.0
http,SF,354,1752,1,0.0,0.0,1.0,0.0,0.04,0.0,0.0,0,65020.0
http,SF,242,255,1,0.0,0.0,1.0,0.0,0.0,0.0,0.0,0,16613.0
http,SF,307,1075,1,0.0,0.0,0.88,0.25,0.0,0.0,0.0,0,47986.0
whois,S0,0,0,0,1.0,1.0,0.01,0.07,0.0,1.0,1.0,1,105004.0
http,SF,323,273,1,0.0,0.0,1.0,0.0,0.0,0.0,0.0,0,33739.0
smtp,SF,848,342,1,0.0,0.0,1.0,0.0,0.02,0.0,0.0,0,13163.0
eco_i,SF,18,0,0,0.0,0.0,1.0,0.0,1.0,0.0,0.0,1,103829.0
smtp,SF,597,391,1,0.0,0.0,1.0,0.0,0.0,0.24,0.0,0,72539.0
smtp,SF,1851,331,1,0.0,0.0,1.0,0.0,0.0,0.0,0.0,0,74693.0
private,REJ,0,0,0,0.0,0.0,0.28,0.06,0.0,0.0,0.0,1,67323.0
other,SF,59,0,0,0.05,0.0,0.05,0.77,0.0,0.0,0.0,0,14963.0
smtp,SF,999,335,1,0.0,0.0,1.0,0.0,0.01,0.01,0.01,0,122710.0
eco_i,SF,18,0,0,0.0,0.0,1.0,0.0,1.0,0.0,0.0,1,55263.0
http,SF,385,327,1,0.0,0.0,1.0,0.0,0.03,0.0,0.0,0,107637.0
vmnet,REJ,0,0,0,0.0,0.0,0.03,0.07,0.0,0.0,0.0,1,55108.0
private,SF,207,0,0,0.0,0.0,1.0,0.0,0.0,0.0,0.0,1,118307.0
private,S0,0,0,0,1.0,1.0,0.02,0.06,0.0,1.0,1.0,1,47702.0
ftp,S0,0,0,0,1.0,1.0,0.0,0.06,0.0,1.0,1.0,1,67250.0
http,SF,347,4656,1,0.0,0.0,1.0,0.0,0.09,0.0,0.0,0,89590.0
uucp,S0,0,0,0,1.0,1.0,0.11,0.06,0.0,1.0,1.0,1,45595.0
http,SF,285,173,1,0.0,0.0,1.0,0.0,0.02,0.0,0.0,0,107426.0
other,SF,516,4,0,0.0,0.0,1.0,0.0,0.0,0.0,0.0,0,103517.0
sql_net,S0,0,0,0,1.0,1.0,0.01,0.06,0.0,1.0,1.0,1,52798.0
login,S0,0,0,0,1.0,1.0,0.07,0.05,0.0,1.0,1.0,1,101017.0
daytime,RSTR,0,0,0,0.0,0.0,1.0,0.0,0.0,0.0,0.0,1,23348.0
private,SF,1,0,0,0.0,0.0,0.26,0.17,0.0,0.0,0.0,1,65731.0
private,S0,0,0,0,1.0,1.0,0.01,0.06,0.0,1.0,1.0,1,78662.0
hostnames,S0,0,0,0,1.0,1.0,0.07,0.06,0.0,1.0,1.0,1,22974.0
domain_u,SF,43,132,0,0.0,0.0,1.0,0.0,0.0,0.0,0.0,0,99376.0
other,SF,516,4,0,0.0,0.0,1.0,0.0,0.0,0.0,0.0,0,46777.0
http,REJ,0,0,0,0.0,0.0,1.0,0.0,0.04,0.0,0.0,0,44970.0
private,S0,0,0,0,1.0,1.0,0.02,0.05,0.0,1.0,1.0,1,37872.0
http,SF,243,258,1,0.0,0.0,1.0,0.0,0.0,0.0,0.0,0,95171.0
smtp,SF,875,332,1,0.0,0.0,1.0,0.0,0.01,0.0,0.0,0,74677.0
http,SF,234,2275,1,0.0,0.0,1.0,0.0,0.01,0.0,0.0,0,20932.0
private,S0,0,0,0,1.0,1.0,0.13,0.07,0.0,1.0,1.0,1,25634.0
ftp_data,SF,607,0,1,0.0,0.0,0.67,0.67,0.0,0.0,0.0,0,70431.0
finger,SF,5,264,0,0.0,0.0,1.0,0.0,0.18,0.0,0.0,0,33038.0
eco_i,SF,18,0,0,0.0,0.0,1.0,0.0,1.0,0.0,0.0,1,12408.0
http,SF,206,337,1,0.0,0.03,1.0,0.0,0.0,0.0,0.0,0,15744.0
private,SF,215,0,0,0.0,0.0,1.0,0.0,0.0,0.0,0.0,0,108732.0
http,REJ,0,0,0,0.0,0.0,1.0,0.0,0.17,0.0,0.0,0,91132.0
http,SF,229,934,1,0.0,0.0,1.0,0.0,0.05,0.0,0.01,0,999.0
private,S0,0,0,0,1.0,1.0,0.03,0.05,0.0,1.0,1.0,1,67364.0
private,S0,0,0,0,1.0,1.0,0.05,0.08,0.0,1.0,1.0,1,17308.0
finger,SF,7,138,0,0.0,0.0,1.0,0.0,0.0,0.0,0.0,0,72677.0
gopher,REJ,0,0,0,0.0,0.0,0.06,0.07,0.0,0.0,0.0,1,757.0
netbios_ssn,S0,0,0,0,1.0,1.0,0.0,0.06,0.0,1.0,1.0,1,24325.0
bgp,REJ,0,0,0,0.0,0.0,0.15,0.07,0.0,0.0,0.0,1,77369.0
eco_i,SF,8,0,0,0.0,0.0,1.0,0.0,0.56,0.0,0.0,1,64921.0
smtp,SF,732,391,1,0.0,0.0,1.0,0.0,0.0,0.0,0.0,0,84308.0
private,S0,0,0,0,1.0,1.0,0.07,0.07,0.0,1.0,1.0,1,88899.0
eco_i,SF,8,0,0,0.0,0.0,1.0,0.0,0.25,0.0,0.0,1,23471.0
echo,S0,0,0,0,1.0,1.0,0.06,0.05,0.0,1.0,1.0,1,2847.0
domain_u,SF,43,68,0,0.0,0.0,1.0,0.0,0.0,0.0,0.0,0,75844.0
smtp,SF,3109,406,1,0.0,0.0,1.0,0.0,0.01,0.0,0.0,0,93991.0
http,S0,0,0,0,1.0,1.0,0.86,0.29,0.0,1.0,1.0,1,25577.0
http,SF,318,2004,1,0.0,0.0,1.0,0.0,0.02,0.0,0.0,0,64632.0
http,SF,225,11723,1,0.0,0.0,1.0,0.0,0.05,0.0,0.0,0,79867.0
http,SF,297,3200,1,0.0,0.0,1.0,0.0,0.01,0.0,0.0,0,98631.0
smtp,SF,12645,2423,1,0.0,0.0,1.0,0.0,0.0,0.0,0.0,0,61501.0
domain_u,SF,44,128,0,0.0,0.0,1.0,0.0,0.0,0.0,0.0,0,52161.0
private,S0,0,0,0,1.0,1.0,0.08,0.06,0.0,1.0,1.0,1,51196.0
domain_u,SF,45,131,0,0.0,0.0,1.0,0.0,0.01,0.0,0.0,0,102333.0
domain_u,SF,53,53,0,0.0,0.0,1.0,0.0,0.01,0.01,0.0,0,106746.0
other,SF,5336,0,1,0.0,0.0,0.08,0.25,0.0,0.0,0.0,0,49895.0
http,SF,295,2077,1,0.0,0.0,1.0,0.0,0.02,0.0,0.0,0,125577.0
private,RSTR,1,0,0,0.0,0.0,1.0,0.0,0.0,0.0,0.0,1,114137.0
http,REJ,0,0,0,0.0,0.0,1.0,0.0,0.15,0.0,0.0,0,55680.0
auth,S0,0,0,0,1.0,1.0,0.03,0.06,0.0,1.0,1.0,1,43229.0
iso_tsap,S0,0,0,0,1.0,1.0,0.05,0.06,0.0,1.0,1.0,1,61099.0
http,SF,305,1075,1,0.0,0.0,1.0,0.0,0.0,0.01,0.01,0,92477.0
eco_i,SF,8,0,0,0.0,0.0,1.0,0.0,0.5,0.0,0.0,1,17342.0
http,SF,211,9986,1,0.0,0.0,1.0,0.0,0.0,0.0,0.0,0,50674.0
imap4,REJ,0,0,0,0.0,0.0,0.05,0.05,0.0,0.0,0.0,1,77568.0
Z39_50,S0,0,0,0,1.0,1.0,0.02,0.07,0.0,1.0,1.0,1,96198.0
netbios_dgm,S0,0,0,0,1.0,1.0,0.02,0.06,0.0,1.0,1.0,1,20058.0
hostnames,REJ,0,0,0,0.0,0.0,0.03,0.06,0.0,0.0,0.0,1,46227.0
domain_u,SF,34,34,0,0.0,0.0,1.0,0.0,0.0,0.0,0.0,0,59554.0
supdup,REJ,0,0,0,0.0,0.0,0.04,0.07,0.0,0.0,0.0,1,90937.0
other,SF,145,105,0,0.0,0.0,1.0,0.0,0.0,0.0,0.0,0,93845.0
eco_i,SF,8,0,0,0.0,0.0,1.0,0.0,0.5,0.0,0.0,1,104157.0
private,S0,0,0,0,1.0,1.0,0.04,0.05,0.0,1.0,1.0,1,38074.0
http,REJ,0,0,0,0.0,0.0,1.0,0.0,0.02,0.0,0.0,0,63555.0
ftp,SF,900,2720,1,0.0,0.0,1.0,0.0,0.0,0.0,0.0,0,117610.0
other,SF,147,0,0,0.0,0.0,0.33,0.67,0.0,0.0,0.0,0,12942.0
http,REJ,0,0,0,0.0,0.0,0.04,0.06,0.0,0.0,0.0,1,10697.0
private,S0,0,0,0,0.99,1.0,0.12,0.08,0.0,1.0,1.0,1,105791.0
domain_u,SF,44,135,0,0.0,0.0,1.0,0.0,0.0,0.0,0.0,0,90305.0
http,SF,320,1133,1,0.0,0.0,1.0,0.0,0.04,0.0,0.0,0,54111.0
http,SF,221,2209,1,0.0,0.0,1.0,0.0,0.04,0.0,0.0,0,94699.0
domain_u,SF,44,128,0,0.0,0.0,0.99,0.03,0.0,0.0,0.0,0,102023.0
urp_i,SF,181,0,0,0.0,0.0,0.5,1.0,0.0,0.0,0.0,0,29461.0
netbios_ssn,S0,0,0,0,1.0,1.0,0.05,0.06,0.0,1.0,1.0,1,66115.0
private,SF,1,0,0,0.0,0.0,1.0,0.0,0.0,0.0,0.0,1,10159.0
ntp_u,SF,48,48,0,0.0,0.0,0.5,0.5,0.0,0.0,0.0,0,125217.0
http,SF,288,457,1,0.0,0.0,1.0,0.0,0.02,0.0,0.0,0,20459.0
http,SF,299,7907,1,0.0,0.0,1.0,0.0,0.03,0.0,0.0,0,33515.0
http,RSTR,40636,2920,1,0.0,0.0,1.0,0.0,0.0,0.0,0.0,1,50176.0
http,SF,245,474,1,0.0,0.0,1.0,0.0,0.02,0.0,0.0,0,67632.0
ftp_data,SF,4539,0,1,0.0,0.0,1.0,0.0,0.0,0.0,0.0,0,20179.0
http,SF,268,681,1,0.0,0.0,1.0,0.0,0.02,0.0,0.01,0,14643.0
private,S0,0,0,0,1.0,1.0,0.12,0.06,0.0,1.0,1.0,1,105986.0
other,REJ,0,0,0,0.05,0.0,0.0,0.96,0.0,0.03,0.0,1,90700.0
http,SF,187,2097,1,0.0,0.0,1.0,0.0,0.04,0.0,0.0,0,96295.0
eco_i,SF,30,0,0,0.0,0.0,0.2,0.6,0.0,0.0,0.0,0,51327.0
private,S0,0,0,0,1.0,1.0,0.02,0.06,0.0,1.0,1.0,1,48718.0
other,SF,147,0,0,0.0,0.0,0.33,0.67,0.0,0.0,0.0,0,78460.0
http,SF,397,7815,1,0.0,0.0,1.0,0.0,0.05,0.0,0.0,0,119761.0
ecr_i,SF,1032,0,0,0.0,0.0,1.0,0.0,0.0,0.0,0.0,1,57277.0
http,SF,253,25880,1,0.0,0.0,1.0,0.0,0.0,0.0,0.0,0,104545.0
http,SF,54540,8314,1,0.0,0.0,1.0,0.0,0.0,0.0,0.0,1,125576.0
http,SF,345,1197,1,0.0,0.0,1.0,0.0,0.07,0.0,0.0,0,104841.0
http,SF,231,2698,1,0.0,0.0,1.0,0.0,0.0,0.0,0.0,0,117267.0
private,S0,0,0,0,1.0,1.0,0.07,0.06,0.0,1.0,1.0,1,42881.0
smtp,SF,1259,333,1,0.0,0.0,0.5,1.0,0.01,0.0,0.0,0,37725.0
courier,REJ,0,0,0,0.0,0.0,0.04,0.08,0.0,0.0,0.0,1,88197.0
private,S0,0,0,0,1.0,1.0,0.08,0.06,0.0,1.0,1.0,1,90552.0
private,S0,0,0,0,1.0,1.0,0.07,0.07,0.0,1.0,1.0,1,61046.0
domain_u,SF,42,162,0,0.0,0.0,1.0,0.0,0.0,0.0,0.0,0,114207.0
domain,REJ,0,0,0,0.0,0.0,0.06,0.07,0.0,0.0,0.0,1,32187.0
domain_u,SF,44,130,0,0.0,0.0,1.0,0.0,0.0,0.0,0.0,0,95682.0
http,SF,217,1607,1,0.0,0.0,1.0,0.0,0.0,0.0,0.0,0,25548.0
http,SF,230,1285,1,0.0,0.0,1.0,0.0,0.02,0.0,0.0,0,36740.0
ftp_data,S0,0,0,0,1.0,1.0,0.04,0.06,0.0,1.0,1.0,1,108130.0
sunrpc,S0,0,0,0,1.0,1.0,0.03,0.06,0.0,1.0,1.0,1,84822.0
private,RSTR,0,0,0,0.0,0.0,1.0,0.0,0.0,0.0,0.0,1,32931.0
http,SF,200,1492,1,0.0,0.0,1.0,0.0,0.01,0.0,0.0,0,39226.0
ecr_i,SF,520,0,0,0.0,0.0,1.0,0.0,0.0,0.0,0.0,1,68148.0
private,S0,0,0,0,1.0,1.0,0.04,0.08,0.0,1.0,1.0,1,45654.0
http,SF,228,2239,1,0.0,0.0,1.0,0.0,0.0,0.01,0.01,0,117314.0
http,SF,198,2406,1,0.0,0.0,1.0,0.0,0.03,0.0,0.01,0,14375.0
eco_i,SF,18,0,0,0.0,0.0,1.0,0.0,0.29,0.0,0.0,1,71923.0
http,SF,298,529,1,0.0,0.0,1.0,0.0,0.04,0.0,0.0,0,88831.0
eco_i,SF,8,0,0,0.0,0.0,1.0,0.0,0.53,0.0,0.0,1,73816.0
http,SF,271,8654,1,0.0,0.0,1.0,0.0,0.04,0.0,0.0,0,22171.0
ftp,SF,1146,2443,1,0.0,0.0,1.0,0.0,0.0,0.0,0.0,1,36516.0
ftp,RSTO,0,0,0,0.0,0.0,0.06,0.07,0.0,0.0,0.0,1,74399.0
smtp,SF,1808,387,1,0.0,0.0,1.0,0.0,0.0,0.82,0.0,0,31098.0
http,SF,54540,8314,1,0.0,0.0,1.0,0.0,0.0,0.0,0.0,1,2012.0
eco_i,SF,8,0,0,0.0,0.0,1.0,0.0,0.25,0.0,0.0,1,29028.0
private,SF,105,146,0,0.0,0.0,1.0,0.0,0.0,0.0,0.0,0,33085.0
http,REJ,0,0,0,0.0,0.0,1.0,0.0,0.18,0.0,0.0,0,71176.0
ldap,S0,0,0,0,1.0,1.0,0.01,0.08,0.0,1.0,1.0,1,56220.0
uucp,RSTO,0,0,0,0.0,0.0,0.09,0.07,0.0,0.0,0.0,1,71482.0
ftp_data,SF,501760,0,1,0.0,0.0,1.0,0.0,0.0,0.0,0.01,0,91917.0
http,SF,237,7125,1,0.0,0.0,1.0,0.0,0.0,0.0,0.0,0,102659.0
private,S0,0,0,0,1.0,1.0,0.02,0.06,0.0,1.0,1.0,1,58810.0
other,SF,147,105,0,0.0,0.0,1.0,0.0,0.0,0.0,0.0,0,52562.0
http,SF,304,1010,1,0.0,0.0,1.0,0.0,0.05,0.0,0.0,0,5233.0
http,S0,0,0,0,1.0,1.0,1.0,0.0,0.06,1.0,0.0,0,54019.0
http,REJ,0,0,0,0.0,0.0,1.0,0.0,0.01,0.0,0.0,0,121277.0
telnet,S0,0,0,0,1.0,1.0,0.17,0.1,0.0,1.0,1.0,1,76348.0
private,S0,0,0,0,1.0,1.0,0.03,0.07,0.0,1.0,1.0,1,62090.0
private,S0,0,0,0,1.0,1.0,0.02,0.08,0.0,1.0,1.0,1,62722.0
http,SF,274,12922,1,0.0,0.0,1.0,0.0,0.0,0.0,0.0,0,13217.0
http,SF,216,12975,1,0.0,0.0,1.0,0.0,0.03,0.0,0.0,0,114835.0
smtp,SF,845,384,1,0.0,0.0,1.0,0.0,0.03,0.01,0.0,0,22521.0
http,SF,322,3125,1,0.0,0.0,1.0,0.0,0.02,0.0,0.0,0,69065.0
private,S0,0,0,0,1.0,1.0,0.01,0.06,0.0,1.0,1.0,1,118520.0
private,SF,105,147,0,0.0,0.0,1.0,0.0,0.0,0.0,0.0,0,101352.0
http,SF,229,2698,1,0.0,0.0,1.0,0.0,0.0,0.0,0.0,0,51690.0
ftp_data,SF,3468,0,0,0.0,0.0,1.0,0.0,0.03,0.0,0.0,0,69975.0
ftp_data,SF,151,0,1,0.0,0.0,1.0,0.0,0.0,0.0,0.0,0,33970.0
private,S0,0,0,0,1.0,1.0,0.1,0.06,0.0,1.0,1.0,1,16118.0
private,SF,105,146,0,0.0,0.0,1.0,0.0,0.0,0.0,0.0,0,124625.0
domain_u,SF,45,128,0,0.0,0.0,1.0,0.0,0.0,0.0,0.0,0,97076.0
gopher,S0,0,0,0,1.0,1.0,0.08,0.06,0.0,1.0,1.0,1,77687.0
http,SF,231,844,1,0.05,0.05,1.0,0.0,0.0,0.0,0.0,0,24243.0
smtp,SF,20438,337,1,0.0,0.0,1.0,0.0,0.01,0.02,0.0,0,103036.0
ftp,SF,1234,2451,1,0.0,0.0,1.0,0.0,0.0,0.0,0.0,1,119397.0
http,SF,326,2073,1,0.0,0.0,1.0,0.0,0.0,0.0,0.0,0,96679.0
http,SF,326,2212,1,0.33,0.33,1.0,0.0,0.05,0.0,0.0,0,114460.0
ecr_i,SF,1032,0,0,0.0,0.0,1.0,0.0,0.0,0.0,0.0,1,80543.0
ecr_i,SF,30,0,0,0.0,0.0,1.0,0.0,0.25,0.0,0.0,0,35837.0
http,SF,293,2446,1,0.0,0.0,1.0,0.0,0.0,0.0,0.0,0,28658.0
other,SF,4539,0,1,0.04,0.0,0.04,0.43,0.0,0.02,0.0,0,71214.0
smtp,SF,1146,337,1,0.0,0.0,1.0,0.0,0.02,0.0,0.02,0,6584.0
private,RSTR,1,0,0,0.0,0.0,1.0,0.0,0.0,0.0,0.0,1,80440.0
http,SF,344,1781,1,0.0,0.0,1.0,0.0,0.11,0.0,0.0,0,38227.0
http,SF,210,529,1,0.0,0.0,1.0,0.0,0.02,0.0,0.0,0,53632.0
other,SF,145,105,0,0.0,0.0,1.0,0.0,0.0,0.0,0.0,0,8309.0
http,SF,220,3010,1,0.0,0.0,1.0,0.0,0.01,0.0,0.0,0,80791.0
pop_3,S0,0,0,0,1.0,1.0,0.01,0.07,0.0,1.0,1.0,1,116931.0
private,S0,0,0,0,1.0,1.0,0.01,0.06,0.0,1.0,1.0,1,39538.0
vmnet,REJ,0,0,0,0.0,0.0,0.02,0.07,0.0,0.0,0.0,1,16017.0
http,SF,204,7203,1,0.0,0.0,1.0,0.0,0.0,0.0,0.0,0,14119.0
http,SF,158,12234,1,0.0,0.0,1.0,0.0,0.0,0.01,0.01,0,56978.0
private,SF,1,0,0,0.0,0.0,0.87,0.03,0.0,0.0,0.0,1,73540.0
ftp,SF,1224,2451,1,0.0,0.0,1.0,0.0,0.0,0.0,0.0,1,37213.0
whois,S0,0,0,0,1.0,1.0,0.1,0.06,0.0,1.0,1.0,1,50885.0
http,REJ,0,0,0,0.0,0.0,1.0,0.0,0.19,0.0,0.0,0,91190.0
uucp_path,S0,0,0,0,1.0,1.0,0.05,0.06,0.0,1.0,1.0,1,21518.0
http,RSTO,0,0,1,0.0,0.0,1.0,0.0,0.0,0.0,0.0,0,61729.0
http,SF,223,14860,1,0.0,0.0,1.0,0.0,0.03,0.0,0.0,0,104802.0
domain_u,SF,45,111,0,0.0,0.0,1.0,0.0,0.0,0.0,0.0,0,124528.0
http,SF,191,3302,1,0.0,0.0,1.0,0.0,0.01,0.0,0.0,0,60255.0
finger,SF,8,0,0,0.0,0.0,1.0,0.0,0.4,0.0,0.0,0,15308.0
http,SF,205,3303,1,0.0,0.0,1.0,0.0,0.03,0.02,0.01,0,17306.0
telnet,S0,0,0,0,1.0,1.0,0.01,0.07,0.0,1.0,1.0,1,83595.0
urp_i,SF,78,0,0,0.0,0.0,0.17,0.33,0.0,0.0,0.0,0,111255.0
http,SF,234,6409,1,0.0,0.0,1.0,0.0,0.03,0.0,0.0,0,79661.0
hostnames,S0,0,0,0,1.0,1.0,0.03,0.06,0.0,1.0,1.0,1,123630.0
eco_i,SF,8,0,0,0.0,0.0,1.0,0.0,0.5,0.0,0.0,1,31811.0
netbios_dgm,S0,0,0,0,1.0,1.0,0.02,0.07,0.0,1.0,1.0,1,35181.0
private,RSTR,1,0,0,0.0,0.0,1.0,0.0,0.0,0.0,0.0,1,31800.0
private,S0,0,0,0,1.0,1.0,0.04,0.06,0.0,1.0,1.0,1,55388.0
http,REJ,0,0,0,0.0,0.0,1.0,0.0,0.06,0.0,0.0,0,21257.0
http,SF,349,402,1,0.0,0.0,1.0,0.0,0.05,0.0,0.0,0,107475.0
domain_u,SF,48,42,0,0.0,0.0,1.0,0.0,0.0,0.0,0.0,0,12867.0
csnet_ns,REJ,0,0,0,0.06,0.0,0.0,1.0,0.0,0.08,0.0,1,31030.0
domain_u,SF,42,42,0,0.0,0.0,1.0,0.0,0.0,0.0,0.0,0,20513.0
ftp,S0,0,0,0,1.0,1.0,0.08,0.05,0.0,1.0,1.0,1,78571.0
http,SF,284,810,1,0.0,0.0,1.0,0.0,0.0,0.0,0.0,0,34983.0
private,RSTR,0,0,0,0.0,0.0,0.5,1.0,0.0,0.0,0.0,1,509.0
private,S0,0,0,0,1.0,1.0,0.04,0.06,0.0,1.0,1.0,1,76664.0
private,S0,0,0,0,1.0,1.0,0.05,0.06,0.0,1.0,1.0,1,21558.0
ecr_i,SF,1032,0,0,0.0,0.0,1.0,0.0,0.0,0.0,0.0,1,24683.0
domain_u,SF,42,42,0,0.0,0.0,1.0,0.0,0.0,0.0,0.0,0,38278.0
ftp_data,SF,2890,0,1,0.0,0.0,1.0,0.0,0.01,0.01,0.01,0,40851.0
domain_u,SF,102,0,0,0.0,0.0,0.5,1.0,0.0,0.0,0.0,0,60900.0
private,S0,0,0,0,1.0,1.0,0.19,0.06,0.0,1.0,1.0,1,70885.0
ftp,SF,1239,2449,1,0.0,0.0,1.0,0.0,0.0,0.06,0.0,1,86803.0
http,SF,309,2507,1,0.0,0.0,1.0,0.0,0.0,0.0,0.0,0,119919.0
private,S0,0,0,0,1.0,1.0,0.18,0.05,0.0,1.0,1.0,1,49172.0
ftp_data,SF,6062,0,1,0.0,0.0,1.0,0.0,0.04,0.0,0.0,0,5797.0
discard,S0,0,0,0,1.0,1.0,0.0,0.06,0.0,1.0,1.0,1,57559.0
http,SF,380,1374,1,0.0,0.0,1.0,0.0,0.0,0.0,0.0,0,35474.0
ftp_data,SF,151,0,1,0.0,0.0,1.0,0.0,0.02,0.0,0.0,0,125516.0
http,SF,221,398,1,0.0,0.0,1.0,0.0,0.01,0.0,0.0,0,78760.0
private,S0,0,0,0,1.0,1.0,0.01,0.07,0.0,1.0,1.0,1,67275.0
http,REJ,0,0,0,0.0,0.0,1.0,0.0,0.04,0.0,0.0,0,26819.0
private,S0,0,0,0,1.0,1.0,0.08,0.07,0.0,1.0,1.0,1,3126.0
http,SF,210,2585,1,0.0,0.0,1.0,0.0,0.01,0.0,0.0,0,7408.0
private,S0,0,0,0,1.0,1.0,0.11,0.05,0.0,1.0,1.0,1,100754.0
netbios_ns,S0,0,0,0,1.0,1.0,0.08,0.06,0.0,1.0,1.0,1,55600.0
http,SF,203,1767,1,0.0,0.0,1.0,0.0,0.01,0.0,0.0,0,73024.0
http,SF,207,306,1,0.0,0.0,1.0,0.0,0.0,0.0,0.0,0,10099.0
http,SF,287,2126,1,0.0,0.0,1.0,0.0,0.0,0.0,0.0,0,55054.0
http,SF,296,183,1,0.0,0.0,1.0,0.0,0.03,0.0,0.0,0,125220.0
other,SF,1,0,0,0.0,0.0,0.08,0.54,0.0,0.0,0.0,1,86688.0
gopher,S0,0,0,0,1.0,1.0,0.05,0.06,0.0,1.0,1.0,1,25497.0
eco_i,SF,18,0,0,0.0,0.0,1.0,0.0,1.0,0.0,0.0,1,62183.0
ftp_data,SF,334,0,1,0.0,0.0,1.0,0.0,0.27,0.0,0.0,1,102169.0
http,SF,324,369,1,0.0,0.0,1.0,0.0,0.02,0.0,0.0,0,98887.0
ldap,S0,0,0,0,1.0,1.0,0.04,0.07,0.0,1.0,1.0,1,28199.0
iso_tsap,S0,0,0,0,1.0,1.0,0.1,0.06,0.0,1.0,1.0,1,64679.0
private,S0,0,0,0,1.0,1.0,0.06,0.06,0.0,1.0,1.0,1,110136.0
http,SF,346,245,1,0.0,0.0,1.0,0.0,0.01,0.0,0.0,0,77678.0
domain_u,SF,45,89,0,0.0,0.0,1.0,0.0,0.0,0.0,0.0,0,4974.0
telnet,S0,0,0,0,1.0,1.0,0.12,0.17,0.0,1.0,1.0,1,56411.0
private,S0,0,0,0,1.0,1.0,0.01,0.06,0.0,1.0,1.0,1,9462.0
http,SF,215,2288,1,0.0,0.0,1.0,0.0,0.06,0.0,0.0,0,23254.0
smtp,SF,1194,330,1,0.0,0.0,1.0,0.0,0.01,0.0,0.0,0,82476.0
ftp,SF,1010,3081,1,0.0,0.0,1.0,0.0,0.0,0.0,0.0,0,84977.0
smtp,SF,1612,331,1,0.0,0.0,1.0,0.0,0.02,0.0,0.01,0,25828.0
http,REJ,0,0,0,0.0,0.0,1.0,0.0,0.21,0.0,0.0,0,54618.0
private,S0,0,0,0,1.0,1.0,0.03,0.07,0.0,1.0,1.0,1,8093.0
http,SF,263,961,1,0.0,0.0,1.0,0.0,0.02,0.0,0.0,0,51369.0
ecr_i,SF,1032,0,0,0.0,0.0,1.0,0.0,0.0,0.0,0.0,1,2124.0
http,SF,312,1600,1,0.0,0.0,1.0,0.0,0.0,0.0,0.0,0,92232.0
http,SF,233,2239,1,0.0,0.0,1.0,0.0,0.0,0.0,0.0,0,37923.0
private,S0,0,0,0,1.0,1.0,0.05,0.06,0.0,1.0,1.0,1,97019.0
http,SF,208,477,1,0.0,0.0,1.0,0.0,0.0,0.0,0.0,0,100178.0
ntp_u,SF,48,48,0,0.0,0.0,1.0,0.0,0.0,0.0,0.0,0,43029.0
private,S0,0,0,0,1.0,1.0,0.14,0.07,0.0,1.0,1.0,1,95347.0
smtp,SF,1343,332,1,0.0,0.0,1.0,0.0,0.02,0.0,0.01,0,93898.0
http,SF,319,2835,1,0.0,0.0,1.0,0.0,0.0,0.0,0.0,0,114398.0
smtp,SF,1942,332,1,0.0,0.0,1.0,0.0,0.01,0.0,0.0,0,55005.0
private,S0,0,0,0,1.0,1.0,0.21,0.06,0.0,1.0,1.0,1,77295.0
http,SF,224,1584,1,0.0,0.0,1.0,0.0,0.05,0.0,0.0,0,112474.0
eco_i,SF,8,0,0,0.0,0.0,1.0,0.0,0.5,0.0,0.0,1,64841.0
private,S0,0,0,0,1.0,1.0,0.09,0.07,0.0,1.0,1.0,1,53831.0
private,S0,0,0,0,1.0,1.0,0.03,0.06,0.0,1.0,1.0,1,81006.0
http,SF,208,446,1,0.0,0.0,1.0,0.0,0.02,0.0,0.0,0,89994.0
whois,S0,0,0,0,1.0,1.0,0.43,0.57,0.0,1.0,1.0,1,40203.0
domain_u,SF,44,66,0,0.0,0.0,1.0,0.0,0.0,0.0,0.0,0,33157.0
domain_u,SF,33,0,0,0.0,0.0,1.0,0.0,0.0,0.0,0.0,0,87202.0
netbios_ssn,S0,0,0,0,1.0,1.0,0.06,0.05,0.0,1.0,1.0,1,96659.0
domain_u,SF,46,82,0,0.0,0.0,1.0,0.01,0.0,0.0,0.0,0,68109.0
private,S0,0,0,0,1.0,1.0,0.11,0.06,0.0,1.0,1.0,1,48531.0
ecr_i,SF,1032,0,0,0.0,0.0,1.0,0.0,0.0,0.0,0.0,1,72233.0
http,SF,287,1396,1,0.0,0.0,1.0,0.0,0.0,0.0,0.0,0,31082.0
finger,S0,0,0,0,1.0,1.0,0.03,0.06,0.0,1.0,1.0,1,93254.0
systat,S0,0,0,0,1.0,1.0,0.06,0.06,0.0,1.0,1.0,1,61370.0
other,SF,147,0,0,0.2,0.0,0.2,0.6,0.0,0.0,0.0,0,95614.0
other,SF,192,0,0,0.0,0.0,1.0,0.0,0.0,0.01,0.0,0,84666.0
private,S0,0,0,0,1.0,1.0,0.05,0.05,0.0,1.0,1.0,1,18510.0
http,SF,303,1075,1,0.0,0.0,1.0,0.0,0.0,0.0,0.0,0,3899.0
ftp_data,SF,501760,0,1,0.0,0.0,1.0,0.0,0.09,0.0,0.0,0,87806.0
private,S0,0,0,0,1.0,1.0,0.03,0.06,0.0,1.0,1.0,1,60754.0
finger,S0,0,0,0,1.0,1.0,1.0,0.0,1.0,1.0,1.0,0,13210.0
http,SF,167,8159,1,0.0,0.0,1.0,0.0,0.01,0.0,0.0,0,101690.0
domain_u,SF,44,73,0,0.0,0.0,1.0,0.0,0.0,0.0,0.0,0,110450.0
http,S0,0,0,0,0.5,0.5,1.0,0.0,0.07,0.33,0.01,0,122782.0
domain_u,SF,45,45,0,0.0,0.0,1.0,0.0,0.0,0.0,0.0,0,52594.0
sql_net,S0,0,0,0,1.0,1.0,0.15,0.46,0.0,1.0,1.0,1,103886.0
sql_net,S0,0,0,0,1.0,1.0,0.09,0.04,0.0,1.0,1.0,1,60103.0
private,S0,0,0,0,1.0,1.0,0.07,0.09,0.0,1.0,1.0,1,106567.0
private,SF,1,0,0,0.0,0.0,0.27,0.08,0.0,0.0,0.0,1,79261.0
private,REJ,0,0,0,0.0,0.0,0.05,0.07,0.0,0.0,0.0,1,80151.0
Z39_50,S0,0,0,0,1.0,1.0,0.07,0.06,0.0,1.0,1.0,1,54565.0
private,S0,0,0,0,1.0,1.0,0.04,0.06,0.0,1.0,1.0,1,63076.0
private,S0,0,0,0,1.0,1.0,0.16,0.05,0.0,1.0,1.0,1,45579.0
domain_u,SF,24,24,0,0.0,0.0,1.0,0.0,0.0,0.0,0.0,0,80853.0
private,S0,0,0,0,1.0,1.0,0.03,0.06,0.0,1.0,1.0,1,3570.0
other,RSTR,1,0,0,0.0,0.0,1.0,0.0,0.0,0.0,0.0,1,21961.0
gopher,S0,0,0,0,1.0,1.0,0.02,0.06,0.0,1.0,1.0,1,103704.0
sunrpc,S0,0,0,0,1.0,1.0,0.04,0.06,0.0,1.0,1.0,1,30067.0
hostnames,REJ,0,0,0,0.0,0.0,0.05,0.08,0.0,0.0,0.0,1,94961.0
http,SF,326,273,1,0.0,0.0,1.0,0.0,0.0,0.0,0.0,0,112762.0
other,SF,516,4,0,0.0,0.0,1.0,0.0,0.0,0.0,0.0,0,45945.0
smtp,SF,978,331,1,0.0,0.0,1.0,0.0,0.01,0.0,0.0,0,13129.0
http,SF,166,366,1,0.0,0.0,1.0,0.0,0.02,0.0,0.0,0,71252.0
private,S0,0,0,0,1.0,1.0,0.04,0.06,0.0,1.0,1.0,1,74230.0
http,SF,241,41234,1,0.0,0.0,1.0,0.0,0.04,0.03,0.0,0,26593.0
http,SF,288,12040,1,0.0,0.0,1.0,0.0,0.04,0.0,0.0,0,21225.0
iso_tsap,S0,0,0,0,1.0,1.0,0.04,0.07,0.0,1.0,1.0,1,39817.0
private,RSTR,1,0,0,0.0,0.0,1.0,0.0,0.0,0.0,0.0,1,69574.0
ftp_data,S0,0,0,0,1.0,1.0,0.13,0.06,0.0,1.0,1.0,1,80287.0
smtp,SF,6531,326,1,0.0,0.0,1.0,0.0,0.03,0.0,0.0,0,72262.0
private,S0,0,0,0,1.0,1.0,0.12,0.07,0.0,1.0,1.0,1,33197.0
domain_u,SF,45,45,0,0.0,0.0,0.99,0.01,0.0,0.0,0.0,0,43182.0
link,S0,0,0,0,1.0,1.0,0.04,0.06,0.0,1.0,1.0,1,104822.0
http,SF,245,1194,1,0.0,0.0,1.0,0.0,0.01,0.0,0.0,0,68700.0
ftp,S0,0,0,0,1.0,1.0,0.07,0.06,0.0,1.0,1.0,1,2942.0
echo,RSTO,0,0,0,0.0,0.0,0.03,0.06,0.0,0.0,0.0,1,80398.0
ftp_data,S0,0,0,0,1.0,1.0,0.23,0.05,0.0,0.99,1.0,1,75443.0
domain_u,SF,38,54,0,0.0,0.0,1.0,0.0,0.0,0.0,0.0,0,90587.0
other,SF,147,0,0,0.0,0.0,0.5,1.0,0.0,0.0,0.0,0,17924.0
private,SF,28,0,0,0.0,0.0,1.0,0.0,0.0,0.09,0.0,1,99784.0
exec,S0,0,0,0,1.0,1.0,0.09,0.05,0.0,1.0,1.0,1,6995.0
http,S0,0,0,0,1.0,1.0,0.39,0.09,0.0,1.0,1.0,1,94276.0
http,SF,222,1651,1,0.0,0.1,1.0,0.0,0.0,0.0,0.0,0,4036.0
efs,REJ,0,0,0,0.0,0.0,0.07,0.06,0.0,0.0,0.0,1,8922.0
smtp,SF,683,329,1,0.0,0.0,1.0,0.0,0.02,0.0,0.0,0,63721.0
ssh,S0,0,0,0,1.0,1.0,0.07,0.06,0.0,1.0,1.0,1,82029.0
domain_u,SF,46,132,0,0.0,0.0,1.0,0.0,0.0,0.0,0.0,0,98808.0
smtp,SF,833,384,1,0.0,0.0,1.0,0.0,0.0,0.76,0.0,0,48381.0
private,SF,105,147,0,0.0,0.0,0.25,0.25,0.0,0.0,0.0,0,66782.0
imap4,REJ,0,0,0,0.0,0.0,0.02,0.06,0.0,0.0,0.0,1,32309.0
private,SF,28,0,0,0.54,0.0,0.46,0.04,0.0,0.09,0.0,1,77370.0
http,SF,203,1792,1,0.0,0.0,1.0,0.0,0.0,0.0,0.0,0,60801.0
http,SF,214,1650,1,0.0,0.0,1.0,0.0,0.04,0.0,0.0,0,8356.0
vmnet,S0,0,0,0,1.0,1.0,0.07,0.04,0.0,1.0,1.0,1,20479.0
http,SF,343,884,1,0.0,0.0,1.0,0.0,0.0,0.0,0.0,0,82373.0
ftp_data,SF,319,0,1,0.0,0.0,1.0,0.0,0.0,0.0,0.0,0,82319.0
domain_u,SF,33,0,0,0.0,0.0,0.67,0.67,0.0,0.0,0.0,0,107497.0
http,SF,342,449,1,0.0,0.0,1.0,0.0,0.0,0.0,0.0,0,34458.0
ftp_data,SF,12286,0,1,0.0,0.0,1.0,0.0,0.04,0.0,0.0,0,4256.0
courier,S0,0,0,0,1.0,1.0,0.04,0.06,0.0,1.0,1.0,1,7069.0
http,SF,354,1127,1,0.0,0.03,1.0,0.0,0.0,0.0,0.0,0,29872.0
kshell,S0,0,0,0,1.0,1.0,0.02,0.07,0.0,1.0,1.0,1,112862.0
finger,S0,0,0,0,1.0,1.0,0.29,0.57,0.0,1.0,1.0,1,92831.0
http,SF,218,573,1,0.0,0.0,1.0,0.0,0.0,0.0,0.0,0,54685.0
domain_u,SF,44,44,0,0.0,0.0,0.99,0.01,0.0,0.0,0.0,0,69526.0
domain_u,SF,45,122,0,0.0,0.0,1.0,0.0,0.0,0.0,0.0,0,79054.0
time,S0,0,0,0,1.0,1.0,0.01,0.05,0.0,1.0,1.0,1,4316.0
csnet_ns,REJ,0,0,0,0.0,0.0,0.06,0.07,0.0,0.0,0.0,1,92256.0
ftp_data,SF,227532,0,1,0.0,0.0,1.0,0.0,0.03,0.0,0.0,0,33185.0
time,S0,0,0,0,1.0,1.0,0.11,0.06,0.0,1.0,1.0,1,95158.0
systat,REJ,0,0,0,0.0,0.0,0.05,0.07,0.0,0.0,0.0,1,107630.0
http,SF,283,37266,1,0.0,0.0,1.0,0.0,0.04,0.0,0.0,0,17303.0
ftp_data,SF,334,0,1,0.0,0.0,1.0,0.0,0.0,0.0,0.0,0,74075.0
http,RSTO,0,0,1,0.0,0.0,1.0,0.0,0.0,0.0,0.0,0,52761.0
ecr_i,SF,520,0,0,0.0,0.0,1.0,0.0,0.0,0.0,0.0,1,60139.0
mtp,S0,0,0,0,1.0,1.0,0.09,0.06,0.0,1.0,1.0,1,110271.0
ftp_data,SF,59,0,0,0.0,0.0,1.0,0.0,0.0,0.65,0.0,0,52663.0
ecr_i,SF,1032,0,0,0.0,0.0,1.0,0.0,0.0,0.0,0.0,1,64717.0
urp_i,SF,183,0,0,0.0,0.0,0.5,1.0,0.0,0.0,0.0,0,105258.0
http,SF,211,5901,1,0.0,0.0,1.0,0.0,0.04,0.0,0.0,0,89605.0
ftp_data,SF,12,0,1,0.0,0.0,0.5,1.0,0.03,0.0,0.0,0,7337.0
whois,REJ,0,0,0,0.0,0.0,0.08,0.06,0.0,0.0,0.0,1,582.0
private,S0,0,0,0,1.0,1.0,0.06,0.07,0.0,1.0,1.0,1,29798.0
http,REJ,0,0,0,0.0,0.0,1.0,0.0,0.25,0.0,0.0,0,74304.0
http,S0,0,0,0,0.94,1.0,0.94,0.12,0.0,1.0,1.0,1,30140.0
domain_u,SF,45,132,0,0.0,0.0,1.0,0.0,0.0,0.0,0.0,0,14721.0
http,SF,229,1545,1,0.0,0.0,1.0,0.0,0.0,0.0,0.0,0,63796.0
uucp_path,S0,0,0,0,1.0,1.0,0.04,0.05,0.0,1.0,1.0,1,23584.0
domain,S0,0,0,0,1.0,1.0,0.04,0.05,0.0,1.0,1.0,1,62509.0
nnsp,S0,0,0,0,1.0,1.0,0.12,0.06,0.0,1.0,1.0,1,12568.0
http,S0,0,0,0,1.0,0.93,1.0,0.0,0.0,1.0,1.0,1,71833.0
http,SF,273,1617,1,0.0,0.0,1.0,0.0,0.05,0.0,0.0,0,59795.0
domain_u,SF,44,135,0,0.0,0.0,1.0,0.01,0.0,0.0,0.0,0,89920.0
eco_i,SF,8,0,0,0.0,0.0,0.5,1.0,0.51,0.0,0.0,1,25605.0
ecr_i,SF,520,0,0,0.0,0.0,1.0,0.0,0.0,0.0,0.0,1,107968.0
whois,S0,0,0,0,1.0,1.0,0.01,0.06,0.0,1.0,1.0,1,123037.0
pop_3,SF,108,13614,1,0.0,0.0,1.0,0.0,0.0,0.0,0.0,0,17222.0
domain_u,SF,45,135,0,0.0,0.0,0.99,0.03,0.0,0.0,0.0,0,48169.0
other,SF,146,105,0,0.0,0.0,0.2,0.6,0.0,0.0,0.0,0,77635.0
http,SF,360,5723,1,0.0,0.0,1.0,0.0,0.0,0.0,0.0,0,105817.0
ldap,S0,0,0,0,1.0,1.0,0.01,0.07,0.0,1.0,1.0,1,53661.0
other,S2,15876,1,1,1.0,1.0,1.0,0.0,0.0,0.01,1.0,0,29939.0
smtp,SF,832,330,1,0.0,0.0,1.0,0.0,0.02,0.0,0.0,0,54589.0
private,RSTR,0,0,0,0.0,0.0,0.5,1.0,0.0,0.0,0.0,1,112370.0
private,S0,0,0,0,1.0,1.0,0.04,0.07,0.0,1.0,1.0,1,74323.0
http,SF,0,3820,0,0.17,0.17,1.0,0.0,0.01,0.01,0.0,0,60297.0
echo,S0,0,0,0,1.0,1.0,0.03,0.05,0.0,1.0,1.0,1,97106.0
http,SF,216,1180,1,0.0,0.0,1.0,0.0,0.05,0.0,0.0,0,97006.0
ftp_data,SF,26,0,0,0.0,0.0,1.0,0.0,0.06,0.0,0.02,0,18886.0
uucp,RSTO,0,0,0,0.0,0.0,0.13,0.07,0.0,0.0,0.0,1,75780.0
http,SF,211,19699,1,0.0,0.0,1.0,0.0,0.03,0.0,0.0,0,113091.0
http,SF,216,7085,1,0.0,0.0,1.0,0.0,0.09,0.0,0.0,0,96802.0
http,SF,226,934,1,0.0,0.0,1.0,0.0,0.0,0.0,0.0,0,48123.0
courier,S0,0,0,0,1.0,1.0,0.12,0.06,0.0,1.0,1.0,1,124942.0
http,SF,325,6665,1,0.2,0.2,1.0,0.0,0.0,0.0,0.0,0,5937.0
http,SF,283,1995,1,0.0,0.0,1.0,0.0,0.02,0.0,0.0,0,54569.0
http,SF,308,951,1,0.0,0.0,1.0,0.0,0.01,0.0,0.0,0,100980.0
http,SF,295,189,1,0.04,0.04,1.0,0.0,0.0,0.0,0.0,0,99687.0
uucp_path,REJ,0,0,0,0.0,0.0,0.06,0.06,0.0,0.0,0.0,1,122290.0
ftp_data,SF,748,0,1,0.0,0.0,1.0,0.0,0.03,0.0,0.01,0,35278.0
domain_u,SF,45,77,0,0.0,0.0,1.0,0.0,0.0,0.0,0.0,0,61844.0
smtp,SF,11090,1552,1,0.0,0.0,1.0,0.0,0.0,0.78,0.0,0,71633.0
klogin,S0,0,0,0,1.0,1.0,1.0,0.0,0.0,1.0,1.0,1,44961.0
gopher,S0,0,0,0,1.0,1.0,0.07,0.06,0.0,1.0,1.0,1,121033.0
http,REJ,0,0,0,0.0,0.0,1.0,0.0,0.1,0.0,0.0,0,109.0
private,SF,105,147,0,0.0,0.0,1.0,0.0,0.0,0.0,0.0,0,114830.0
other,SF,146,105,0,0.0,0.0,1.0,0.0,0.0,0.0,0.0,0,5950.0
eco_i,SF,8,0,0,0.0,0.0,1.0,0.0,0.27,0.0,0.0,1,56840.0
http,SF,322,476,1,0.0,0.0,1.0,0.0,0.09,0.0,0.0,0,53277.0
ecr_i,SF,1032,0,0,0.0,0.0,1.0,0.0,0.0,0.38,0.0,1,40074.0
http,SF,303,1694,1,0.0,0.0,1.0,0.0,0.02,0.01,0.0,0,113254.0
netbios_ns,S0,0,0,0,1.0,1.0,0.09,0.05,0.0,1.0,1.0,1,96043.0
http,SF,301,3792,1,0.0,0.0,1.0,0.0,0.03,0.0,0.0,0,73471.0
eco_i,SF,8,0,0,0.0,0.0,1.0,0.0,0.5,0.0,0.0,1,59816.0
domain_u,SF,45,129,0,0.0,0.0,1.0,0.0,0.0,0.0,0.0,0,84930.0
http,SF,187,1330,1,0.0,0.0,1.0,0.0,0.07,0.0,0.01,0,22862.0
http,SF,339,284,1,0.0,0.0,1.0,0.0,0.0,0.0,0.0,0,34104.0
http_443,S0,0,0,0,1.0,1.0,0.02,0.07,0.0,1.0,1.0,1,13612.0
http,SF,231,1719,1,0.0,0.0,1.0,0.0,0.0,0.0,0.0,0,33534.0
finger,S0,0,0,0,1.0,1.0,0.43,0.06,0.11,0.97,0.79,1,40452.0
private,S0,0,0,0,1.0,1.0,0.1,0.07,0.0,1.0,1.0,1,16243.0
supdup,REJ,0,0,0,0.0,0.0,0.06,0.06,0.0,0.0,0.0,1,81247.0
http,SF,280,1482,1,0.0,0.0,1.0,0.0,0.03,0.0,0.0,0,48888.0
smtp,SF,1378,387,1,0.0,0.0,1.0,0.0,0.01,0.0,0.0,0,82753.0
private,S0,0,0,0,1.0,1.0,0.05,0.07,0.0,1.0,1.0,1,7725.0
http,SF,324,14804,1,0.0,0.0,1.0,0.0,0.04,0.0,0.0,0,93204.0
http,SF,181,9317,1,0.0,0.0,1.0,0.0,0.05,0.0,0.0,0,50407.0
other,SF,145,105,0,0.0,0.0,1.0,0.0,0.0,0.0,0.0,0,22898.0
smtp,SF,1375,330,1,0.0,0.0,0.5,1.0,0.02,0.0,0.01,0,93765.0
echo,RSTO,0,0,0,0.0,0.0,0.07,0.07,0.0,0.0,0.0,1,31361.0
private,REJ,0,0,0,0.0,0.0,0.02,0.08,0.0,0.0,0.0,1,36168.0
domain_u,SF,33,0,0,0.0,0.0,1.0,0.0,0.0,0.0,0.0,0,7972.0
klogin,S0,0,0,0,1.0,1.0,0.12,0.05,0.0,1.0,1.0,1,23982.0
http,SF,225,446,1,0.0,0.0,1.0,0.0,0.01,0.0,0.0,0,83345.0
domain_u,SF,42,108,0,0.0,0.0,1.0,0.0,0.01,0.0,0.0,0,94271.0
whois,S0,0,0,0,1.0,1.0,0.01,0.07,0.0,1.0,1.0,1,53392.0
ecr_i,SF,1032,0,0,0.0,0.0,1.0,0.0,0.0,0.0,0.0,1,16785.0
smtp,SF,1814,328,1,0.0,0.0,1.0,0.0,0.01,0.01,0.0,0,58593.0
http,SF,305,895,1,0.0,0.0,1.0,0.0,0.03,0.0,0.0,0,75441.0
private,SF,105,147,0,0.0,0.0,1.0,0.0,0.0,0.0,0.0,0,123088.0
domain_u,SF,44,113,0,0.0,0.0,1.0,0.0,0.0,0.0,0.0,0,16354.0
ftp_data,SF,192,0,1,0.0,0.0,1.0,0.0,0.04,0.0,0.0,0,90528.0
http,SF,301,17844,1,0.0,0.0,1.0,0.0,0.02,0.0,0.0,0,3678.0
eco_i,SF,30,0,0,0.0,0.0,1.0,0.0,0.0,0.0,0.0,0,27855.0
domain_u,SF,44,69,0,0.0,0.0,1.0,0.0,0.0,0.0,0.0,0,76496.0
http,SF,301,714,1,0.0,0.0,1.0,0.0,0.02,0.0,0.0,0,70975.0
ftp_data,SF,24,0,0,0.0,0.0,1.0,0.0,0.0,0.95,0.0,0,33473.0
csnet_ns,S0,0,0,0,0.99,1.0,0.02,0.1,0.0,1.0,1.0,1,44165.0
domain_u,SF,43,73,0,0.0,0.0,1.0,0.0,0.0,0.0,0.0,0,74326.0
ftp_data,SF,2194619,0,1,0.0,0.0,0.5,1.0,0.03,0.01,0.01,0,110047.0
imap4,REJ,0,0,0,0.0,0.0,0.03,0.07,0.0,0.0,0.0,1,48966.0
private,REJ,0,0,0,0.0,0.0,0.1,0.06,0.0,0.0,0.0,1,80974.0
private,RSTR,0,0,0,0.0,0.0,1.0,0.0,0.0,0.0,0.0,1,1156.0
ecr_i,SF,1032,0,0,0.0,0.0,1.0,0.0,0.0,0.02,0.0,1,76533.0
private,REJ,0,0,0,0.07,0.0,0.0,1.0,0.0,0.08,0.0,1,32481.0
ftp_data,S0,0,0,0,1.0,1.0,0.23,0.06,0.0,1.0,1.0,1,83478.0
bgp,S0,0,0,0,1.0,1.0,0.04,0.05,0.0,1.0,1.0,1,8824.0
other,SF,147,0,0,0.0,0.0,1.0,0.0,0.0,0.0,0.0,0,125608.0
smtp,SF,6,125,1,0.01,0.0,0.01,1.0,0.0,0.0,0.0,1,65002.0
other,SF,147,105,0,0.0,0.0,0.2,0.6,0.0,0.0,0.0,0,31716.0
private,S0,0,0,0,1.0,1.0,0.06,0.12,0.0,1.0,1.0,1,62930.0
other,SF,7280,0,1,0.0,0.0,0.2,1.0,0.0,0.0,0.0,0,104448.0
domain_u,SF,46,142,0,0.0,0.0,1.0,0.0,0.0,0.0,0.0,0,4782.0
domain_u,SF,34,34,0,0.0,0.0,1.0,0.0,0.0,0.0,0.0,0,56901.0
telnet,S0,0,0,0,1.0,1.0,0.08,0.11,0.0,1.0,1.0,1,80927.0
http,SF,308,15276,1,0.0,0.0,1.0,0.0,0.0,0.0,0.0,0,33516.0
http,REJ,0,0,0,0.0,0.0,1.0,0.0,0.06,0.0,0.0,0,67878.0
other,SF,147,0,0,0.0,0.0,1.0,0.0,0.0,0.0,0.0,0,106329.0
private,S0,0,0,0,1.0,1.0,0.04,0.08,0.0,1.0,1.0,1,55752.0
imap4,S0,0,0,0,1.0,1.0,0.08,0.05,0.0,1.0,1.0,1,90176.0
imap4,REJ,0,0,0,0.0,0.0,0.04,0.06,0.0,0.0,0.0,1,84708.0
smtp,SF,3310,330,1,0.0,0.0,1.0,0.0,0.0,0.0,0.0,0,61846.0
http,SF,276,662,1,0.0,0.0,1.0,0.0,0.05,0.0,0.0,0,88227.0
echo,S0,0,0,0,1.0,1.0,0.01,0.07,0.0,1.0,1.0,1,89402.0
pop_3,SF,42,130,1,0.0,0.0,1.0,0.0,0.0,0.0,0.0,0,12447.0
private,S0,0,0,0,1.0,1.0,0.1,0.06,0.0,1.0,1.0,1,37906.0
domain_u,SF,44,127,0,0.0,0.0,1.0,0.0,0.0,0.0,0.0,0,37447.0
domain_u,SF,46,100,0,0.0,0.0,1.0,0.0,0.0,0.0,0.0,0,68384.0
private,S0,0,0,0,1.0,1.0,0.17,0.07,0.0,1.0,1.0,1,60260.0
private,S0,0,0,0,1.0,1.0,0.14,0.05,0.0,1.0,1.0,1,124717.0
http,SF,256,412,1,0.0,0.0,1.0,0.0,0.0,0.0,0.0,0,99592.0
http,S0,0,0,0,1.0,1.0,0.05,0.06,0.0,1.0,1.0,1,95473.0
private,S0,0,0,0,1.0,1.0,0.07,0.06,0.0,1.0,1.0,1,32766.0
http,SF,203,1896,1,0.25,0.25,1.0,0.0,0.0,0.0,0.0,0,97407.0
private,S0,0,0,0,1.0,1.0,0.02,0.06,0.0,1.0,1.0,1,31533.0
http,SF,210,6746,1,0.0,0.0,1.0,0.0,0.02,0.0,0.0,0,9363.0
login,S0,0,0,0,1.0,1.0,0.02,0.06,0.0,1.0,1.0,1,42792.0
vmnet,S0,0,0,0,1.0,1.0,0.02,0.06,0.0,1.0,1.0,1,63787.0
systat,REJ,0,0,0,0.0,0.0,0.04,0.07,0.0,0.0,0.0,1,48404.0
other,SF,1,0,0,0.0,0.0,1.0,0.0,0.0,0.0,0.0,1,27296.0
smtp,SF,1566,385,1,0.0,0.0,1.0,0.0,0.0,0.58,0.0,0,4941.0
http,SF,228,274,1,0.0,0.0,1.0,0.0,0.0,0.0,0.0,0,110939.0
http,SF,243,1479,1,0.0,0.0,1.0,0.0,0.0,0.0,0.0,0,92364.0
http,REJ,0,0,0,0.0,0.0,1.0,0.0,0.01,0.0,0.0,0,43051.0
http,SF,202,6489,1,0.0,0.0,1.0,0.0,0.02,0.0,0.0,0,12864.0
domain_u,SF,45,77,0,0.0,0.0,1.0,0.0,0.0,0.0,0.0,0,35876.0
other,REJ,0,0,0,0.06,0.0,0.0,1.0,0.0,0.08,0.0,1,61884.0
http,SF,250,7176,1,0.0,0.0,1.0,0.0,0.0,0.0,0.0,0,6309.0
http,SF,295,4396,1,0.0,0.0,1.0,0.0,0.02,0.0,0.01,0,52391.0
http,SF,314,266,1,0.0,0.0,1.0,0.0,0.0,0.0,0.0,0,69247.0
http,SF,256,8708,1,0.0,0.0,1.0,0.0,0.04,0.0,0.0,0,6742.0
telnet,SF,125,11184,1,0.0,0.0,1.0,0.0,0.0,0.01,0.0,0,62153.0
http,SF,221,6284,1,0.0,0.0,1.0,0.0,0.02,0.0,0.01,0,38316.0
private,SF,105,147,0,0.0,0.0,0.25,0.25,0.0,0.0,0.0,0,2915.0
private,S0,0,0,0,1.0,1.0,0.1,0.06,0.0,1.0,1.0,1,73026.0
ecr_i,SF,1032,0,0,0.0,0.0,1.0,0.0,0.0,0.0,0.0,1,12126.0
ftp_data,SF,748,0,0,0.0,0.0,1.0,0.0,0.0,0.01,0.0,0,103778.0
ntp_u,SF,48,48,0,0.0,0.0,1.0,0.0,0.0,0.0,0.0,0,58473.0
smtp,SF,1180,489,1,0.0,0.0,1.0,0.0,0.0,0.0,0.0,1,72596.0
http,SF,224,1405,1,0.0,0.0,1.0,0.0,0.0,0.0,0.0,0,62514.0
ftp_data,SF,2056,0,1,0.0,0.0,1.0,0.0,0.0,0.0,0.0,0,30750.0
other,SF,516,4,0,0.0,0.0,1.0,0.0,0.0,0.0,0.0,0,60594.0
private,S0,0,0,0,1.0,1.0,0.01,0.05,0.0,1.0,1.0,1,28711.0
http,SF,237,2535,1,0.0,0.0,1.0,0.0,0.04,0.0,0.0,0,124554.0
eco_i,SF,8,0,0,0.0,0.0,1.0,0.0,0.5,0.0,0.0,1,95456.0
http,SF,54540,8314,1,0.0,0.0,1.0,0.0,0.0,0.01,0.01,1,92108.0
X11,SF,417488,159648,1,0.0,0.0,1.0,0.0,0.0,0.08,0.08,0,124830.0
eco_i,SF,8,0,0,0.0,0.0,1.0,0.0,0.51,0.0,0.0,1,110088.0
ctf,RSTR,0,0,0,0.0,0.0,1.0,0.0,0.0,0.0,0.0,1,48762.0
systat,S0,0,0,0,1.0,1.0,0.05,0.06,0.0,1.0,1.0,1,36372.0
supdup,S0,0,0,0,1.0,1.0,0.25,0.09,0.0,1.0,1.0,1,124394.0
private,S0,0,0,0,1.0,1.0,0.16,0.06,0.0,1.0,1.0,1,100751.0
private,REJ,0,0,0,0.0,0.0,0.05,1.0,0.0,0.0,0.0,1,20273.0
pop_3,SF,66,3226,1,0.0,0.0,1.0,0.0,0.0,0.0,0.0,0,63325.0
domain_u,SF,29,0,0,0.0,0.0,0.75,0.5,0.06,0.0,0.0,0,40405.0
private,S0,0,0,0,1.0,1.0,0.01,0.07,0.0,1.0,1.0,1,16348.0
http,SF,307,5669,1,0.0,0.0,1.0,0.0,0.01,0.0,0.0,0,15885.0
http,SF,317,1528,1,0.0,0.0,1.0,0.0,0.0,0.0,0.0,0,79913.0
hostnames,S0,0,0,0,1.0,1.0,0.06,0.06,0.0,1.0,1.0,1,81962.0
nntp,S0,0,0,0,1.0,1.0,0.02,0.06,0.0,1.0,1.0,1,10336.0
domain_u,SF,46,128,0,0.0,0.0,1.0,0.0,0.0,0.0,0.0,0,116548.0
http,SF,256,13194,1,0.0,0.0,1.0,0.0,0.0,0.0,0.0,0,101186.0
http,SF,326,1630,1,0.0,0.0,1.0,0.0,0.0,0.0,0.0,0,122911.0
private,S0,0,0,0,1.0,1.0,0.04,0.07,0.0,1.0,1.0,1,106924.0
http,SF,288,1389,1,0.0,0.0,1.0,0.0,0.03,0.0,0.01,0,34779.0
ftp_data,SF,748,0,1,0.0,0.0,1.0,0.0,0.02,0.0,0.0,0,81473.0
private,S0,0,0,0,1.0,1.0,0.07,0.05,0.0,1.0,1.0,1,121422.0
eco_i,SF,8,0,0,0.0,0.0,1.0,0.0,0.26,0.0,0.0,1,897.0
domain_u,SF,44,44,0,0.0,0.0,0.99,0.01,0.0,0.0,0.0,0,121718.0
http,SF,279,491,1,0.0,0.0,1.0,0.0,0.04,0.0,0.0,0,53458.0
http,SF,291,303,1,0.0,0.0,1.0,0.0,0.0,0.0,0.0,0,74490.0
http_443,S0,0,0,0,1.0,1.0,0.13,0.06,0.0,1.0,1.0,1,79962.0
other,SF,146,105,0,0.0,0.0,0.5,0.5,0.0,0.0,0.0,0,13681.0
ftp_data,S0,0,0,0,1.0,1.0,0.23,0.09,0.0,0.99,1.0,1,103479.0
private,SH,0,0,0,1.0,1.0,1.0,0.0,0.0,0.95,1.0,1,86244.0
private,SF,105,147,0,0.0,0.0,0.12,0.25,0.0,0.0,0.0,0,74538.0
http,SF,299,1443,1,0.0,0.0,1.0,0.0,0.07,0.0,0.0,0,18224.0
http,SF,275,312,1,0.0,0.0,1.0,0.0,0.0,0.0,0.0,0,118456.0
http,SF,293,1389,1,0.0,0.0,1.0,0.0,0.0,0.0,0.0,0,30002.0
http,SF,299,1540,1,0.0,0.0,1.0,0.0,0.05,0.0,0.0,0,623.0
private,S0,0,0,0,1.0,1.0,0.08,0.06,0.0,1.0,1.0,1,85715.0
other,SF,147,105,0,0.0,0.0,0.2,0.6,0.0,0.0,0.0,0,61834.0
http,SF,319,1792,1,0.0,0.0,1.0,0.0,0.0,0.0,0.0,0,91173.0
http,REJ,0,0,0,0.0,0.0,1.0,0.0,0.13,0.0,0.0,0,52141.0
private,SF,1,0,0,0.0,0.0,0.22,0.22,0.0,0.02,0.0,1,38584.0
eco_i,SF,8,0,0,0.0,0.0,1.0,0.0,0.26,0.0,0.0,1,115194.0
iso_tsap,S0,0,0,0,1.0,1.0,0.03,0.07,0.0,1.0,1.0,1,32040.0
bgp,S0,0,0,0,1.0,1.0,0.03,0.07,0.0,1.0,1.0,1,16055.0
http,SF,303,343,1,0.0,0.0,1.0,0.0,0.02,0.0,0.0,0,9457.0
telnet,RSTO,0,15,0,0.0,0.0,1.0,0.0,0.0,0.01,0.0,0,74735.0
smtp,SF,860,388,1,0.0,0.0,1.0,0.0,0.0,0.25,0.0,0,62382.0
smtp,SF,1975,326,1,0.0,0.0,1.0,0.0,0.02,0.0,0.0,0,29282.0
http,SF,242,6237,1,0.0,0.0,1.0,0.0,0.03,0.0,0.0,0,59687.0
http,SF,215,990,1,0.0,0.33,1.0,0.0,0.03,0.0,0.0,0,29807.0
private,S0,0,0,0,1.0,1.0,0.05,0.08,0.0,1.0,1.0,1,74062.0
http,SF,317,1548,1,0.0,0.0,1.0,0.0,0.04,0.0,0.0,0,82432.0
private,S0,0,0,0,1.0,1.0,0.21,0.06,0.0,1.0,1.0,1,109295.0
http,SF,208,7763,1,0.0,0.0,1.0,0.0,0.08,0.0,0.0,0,60738.0
eco_i,SF,8,0,0,0.0,0.0,1.0,0.0,0.5,0.0,0.0,1,38717.0
nnsp,S0,0,0,0,1.0,1.0,0.4,0.27,0.0,1.0,1.0,1,48340.0
private,S0,0,0,0,1.0,1.0,0.06,0.05,0.0,1.0,1.0,1,23691.0
smtp,SF,718,388,1,0.0,0.0,1.0,0.0,0.0,0.8,0.0,0,49810.0
private,S0,0,0,0,1.0,1.0,0.03,0.07,0.0,1.0,1.0,1,26008.0
sunrpc,S0,0,0,0,1.0,1.0,0.06,0.06,0.0,1.0,1.0,1,43256.0
other,SF,516,4,0,0.0,0.0,1.0,0.0,0.0,0.0,0.0,0,114138.0
ftp_data,S0,0,0,0,0.08,0.14,0.05,0.95,0.0,0.09,0.14,1,91528.0
domain,REJ,0,0,0,0.0,0.0,0.07,0.05,0.0,0.0,0.0,1,124818.0
netbios_ns,S0,0,0,0,1.0,1.0,0.03,0.06,0.0,1.0,1.0,1,49320.0
http,SF,235,434,1,0.0,0.0,1.0,0.0,0.03,0.0,0.0,0,116531.0
klogin,S0,0,0,0,1.0,1.0,0.07,0.05,0.0,1.0,1.0,1,25884.0
smtp,SF,924,332,1,0.0,0.0,1.0,0.0,0.0,0.01,0.02,0,83144.0
other,RSTR,1,0,0,0.0,0.0,1.0,0.0,0.0,0.0,0.0,1,65073.0
nntp,RSTO,0,0,0,0.0,0.0,0.16,0.07,0.0,0.0,0.0,1,6250.0
http,SF,189,9692,1,0.0,0.0,1.0,0.0,0.0,0.0,0.0,0,66542.0
eco_i,SF,8,0,0,0.0,0.0,1.0,0.0,0.26,0.0,0.0,1,5049.0
time,RSTO,0,0,0,0.0,0.0,0.02,0.06,0.0,0.0,0.0,1,7490.0
http,SF,301,7184,1,0.0,0.0,1.0,0.0,0.0,0.0,0.0,0,35708.0
http,SF,177,1531,1,0.0,0.0,1.0,0.0,0.0,0.0,0.0,0,40289.0
private,REJ,0,0,0,0.0,0.0,0.14,0.06,0.0,0.0,0.0,1,100357.0
http,SF,238,2406,1,0.0,0.0,1.0,0.0,0.05,0.0,0.0,0,10532.0
http,SF,222,1600,1,0.0,0.0,1.0,0.0,0.01,0.0,0.0,0,90904.0
http,SF,292,8277,1,0.0,0.0,1.0,0.0,0.18,0.0,0.0,0,7172.0
private,SF,1,0,0,0.0,0.0,0.18,0.73,0.0,0.0,0.0,1,26097.0
http,SF,237,238,1,0.0,0.06,1.0,0.0,0.07,0.0,0.0,0,70352.0
http,REJ,0,0,0,0.0,0.0,1.0,0.0,0.21,0.0,0.0,0,58446.0
private,S0,0,0,0,1.0,1.0,0.06,0.05,0.0,1.0,1.0,1,113126.0
http,SF,251,10880,1,0.0,0.0,1.0,0.0,0.0,0.0,0.0,0,17652.0
http,S0,0,0,0,1.0,0.94,1.0,0.0,0.0,1.0,1.0,1,112415.0
private,S0,0,0,0,1.0,1.0,0.09,0.05,0.0,1.0,1.0,1,47365.0
private,REJ,0,0,0,0.0,0.0,0.06,0.06,0.0,0.0,0.0,1,9314.0
http,SF,313,1086,1,0.0,0.0,1.0,0.0,0.0,0.0,0.0,0,50433.0
uucp,S0,0,0,0,1.0,1.0,0.16,0.05,0.0,1.0,1.0,1,36786.0
http,SF,314,3765,1,0.0,0.0,1.0,0.0,0.02,0.0,0.0,0,63785.0
private,S0,0,0,0,1.0,1.0,0.13,0.05,0.0,1.0,1.0,1,8795.0
telnet,S0,0,0,0,1.0,1.0,0.29,0.29,0.0,1.0,1.0,1,52904.0
domain,S0,0,0,0,1.0,1.0,0.45,0.09,0.0,1.0,1.0,1,13776.0
private,S0,0,0,0,1.0,1.0,0.03,0.07,0.0,1.0,1.0,1,108063.0
domain_u,SF,45,114,0,0.0,0.0,1.0,0.0,0.0,0.0,0.0,0,52668.0
domain_u,SF,42,42,0,0.0,0.0,1.0,0.0,0.0,0.0,0.0,0,66237.0
other,SF,10044,0,1,0.0,0.0,0.25,0.75,0.0,0.0,0.0,0,118124.0
http,REJ,0,0,0,0.0,0.0,1.0,0.0,0.07,0.0,0.07,0,16470.0
http,SF,280,885,1,0.0,0.0,1.0,0.0,0.0,0.0,0.0,0,18234.0
daytime,S0,0,0,0,1.0,1.0,0.04,0.06,0.0,1.0,1.0,1,109631.0
private,S0,0,0,0,1.0,1.0,0.02,0.06,0.0,1.0,1.0,1,3323.0
http,SF,256,433,1,0.0,0.0,1.0,0.0,0.01,0.0,0.0,0,29323.0
private,REJ,0,0,0,0.0,0.0,0.14,0.06,0.0,0.0,0.0,1,103663.0
login,S0,0,0,0,1.0,1.0,0.03,0.07,0.0,1.0,1.0,1,65570.0
http,SF,212,210,1,0.0,0.0,1.0,0.0,0.05,0.0,0.0,0,42630.0
private,S0,0,0,0,1.0,1.0,0.06,0.07,0.0,1.0,1.0,1,4402.0
private,S0,0,0,0,1.0,1.0,0.01,0.07,0.0,1.0,1.0,1,117114.0
exec,S0,0,0,0,1.0,1.0,0.1,0.06,0.0,1.0,1.0,1,90743.0
private,S0,0,0,0,1.0,1.0,0.06,0.06,0.0,1.0,1.0,1,50119.0
Z39_50,S0,0,0,0,1.0,1.0,0.05,0.06,0.0,1.0,1.0,1,84519.0
bgp,REJ,0,0,0,0.0,0.0,0.01,0.07,0.0,0.0,0.0,1,88633.0
ftp_data,SF,12324,0,0,0.0,0.0,1.0,0.0,0.0,0.01,0.0,0,116266.0
nntp,RSTR,0,0,0,0.0,0.0,1.0,0.0,0.0,0.0,0.0,1,124758.0
ftp_data,SF,5135678,0,1,0.0,0.0,1.0,0.0,0.11,0.0,0.0,1,34919.0
finger,S0,0,0,0,1.0,1.0,0.01,0.07,0.0,1.0,1.0,1,82229.0
smtp,SF,846,333,1,0.0,0.0,1.0,0.0,0.01,0.0,0.0,0,122332.0
http,SF,206,5382,1,0.0,0.0,1.0,0.0,0.02,0.0,0.0,0,125881.0
private,REJ,0,0,0,0.02,0.0,0.02,1.0,0.0,0.0,0.0,1,107178.0
domain_u,SF,44,80,0,0.0,0.0,1.0,0.0,0.0,0.0,0.0,0,3567.0
private,S0,0,0,0,1.0,1.0,0.05,0.07,0.0,1.0,1.0,1,5255.0
http,SF,216,6318,1,0.0,0.0,1.0,0.0,0.09,0.0,0.0,0,89831.0
http,SF,310,3222,1,0.0,0.0,1.0,0.0,0.0,0.0,0.0,0,5189.0
http,SF,259,1100,1,0.0,0.0,1.0,0.0,0.02,0.0,0.0,0,89344.0
ftp_data,SF,26,0,1,0.0,0.0,1.0,0.0,0.03,0.0,0.0,0,36317.0
domain_u,SF,45,74,0,0.0,0.0,1.0,0.0,0.0,0.0,0.0,0,100393.0
private,S0,0,0,0,1.0,1.0,0.18,0.06,0.0,1.0,1.0,1,98245.0
ftp_data,SF,24,0,0,0.0,0.0,1.0,0.0,0.0,0.98,0.0,0,95794.0
klogin,S0,0,0,0,1.0,1.0,0.18,0.06,0.0,1.0,1.0,1,47512.0
http,SF,304,2239,1,0.0,0.0,1.0,0.0,0.0,0.0,0.0,0,71016.0
auth,S0,0,0,0,1.0,1.0,0.01,0.05,0.0,1.0,1.0,1,74615.0
ftp_data,SF,259,0,1,0.0,0.0,1.0,0.0,0.0,0.0,0.0,0,29879.0
domain_u,SF,43,71,0,0.0,0.0,1.0,0.0,0.0,0.0,0.0,0,48539.0
domain_u,SF,44,134,0,0.0,0.0,1.0,0.0,0.01,0.0,0.0,0,20422.0
http,SF,256,2381,1,0.0,0.0,1.0,0.0,0.06,0.0,0.0,0,23528.0
http,RSTO,0,0,1,0.0,0.0,1.0,0.0,0.02,0.01,0.01,0,113391.0
smtp,SF,6163,398,1,0.0,0.0,1.0,0.0,0.0,0.95,0.0,0,26674.0
time,S0,0,0,0,1.0,1.0,0.06,0.06,0.0,1.0,1.0,1,28872.0
other,SF,147,105,0,0.0,0.0,0.67,0.67,0.0,0.0,0.0,0,99076.0
private,S0,0,0,0,1.0,1.0,0.08,0.06,0.0,1.0,1.0,1,31191.0
ecr_i,SF,1032,0,0,0.0,0.0,1.0,0.0,0.0,0.0,0.0,1,69577.0
http,REJ,0,0,0,0.0,0.0,1.0,0.0,0.12,0.0,0.0,0,63035.0
http,SF,205,1090,1,0.0,0.0,1.0,0.0,0.08,0.0,0.0,0,88318.0
private,SF,28,0,0,0.01,0.0,0.97,0.04,0.0,0.0,0.0,1,87848.0
http,SF,309,412,1,0.0,0.0,1.0,0.0,0.0,0.0,0.0,0,1785.0
private,S0,0,0,0,1.0,1.0,0.02,0.07,0.0,1.0,1.0,1,31483.0
http,SF,203,353,1,0.0,0.0,1.0,0.0,0.03,0.0,0.0,0,35039.0
domain_u,SF,99,42,0,0.0,0.0,0.75,0.5,0.0,0.0,0.0,0,35754.0
domain_u,SF,44,44,0,0.0,0.0,0.25,0.5,0.0,0.0,0.0,0,84964.0
http,SF,192,759,1,0.0,0.0,1.0,0.0,0.02,0.0,0.0,0,122541.0
smtp,SF,1109,335,1,0.0,0.0,1.0,0.0,0.01,0.0,0.0,0,91332.0
telnet,SF,590,335851,1,0.0,0.0,1.0,0.0,0.06,0.0,0.0,0,122453.0
http,SF,345,1451,1,0.0,0.0,1.0,0.0,0.0,0.0,0.0,0,90493.0
http,SF,219,1875,1,0.0,0.0,1.0,0.0,0.0,0.0,0.0,0,32558.0
eco_i,SF,8,0,0,0.0,0.0,1.0,0.0,0.5,0.0,0.0,1,70728.0
auth,S0,0,0,0,1.0,1.0,0.02,0.06,0.0,1.0,1.0,1,5691.0
eco_i,SF,8,0,0,0.0,0.0,1.0,0.0,0.25,0.0,0.0,1,84184.0
http,SF,328,12884,1,0.0,0.0,1.0,0.0,0.0,0.0,0.0,0,23666.0
ssh,S0,0,0,0,1.0,1.0,0.07,0.05,0.0,1.0,1.0,1,87642.0
eco_i,SF,8,0,0,0.0,0.0,1.0,0.0,0.51,0.0,0.0,1,122592.0
http,SF,243,5483,1,0.0,0.2,1.0,0.0,0.1,0.0,0.01,0,66750.0
other,SF,4763,0,1,0.1,0.0,0.1,0.4,0.0,0.02,0.0,0,50744.0
hostnames,S0,0,0,0,1.0,1.0,0.06,0.06,0.0,1.0,1.0,1,65076.0
eco_i,SF,8,0,0,0.0,0.0,1.0,0.0,0.5,0.0,0.0,1,16603.0
kshell,S0,0,0,0,1.0,1.0,0.01,0.07,0.0,1.0,1.0,1,124945.0
private,RSTR,0,0,0,0.0,0.0,1.0,0.0,0.0,0.0,0.0,1,46550.0
nnsp,S0,0,0,0,1.0,1.0,0.11,0.05,0.0,1.0,1.0,1,39639.0
private,SF,100,0,0,0.0,0.0,1.0,0.0,0.0,0.0,0.0,1,11541.0
http,SF,305,45284,1,0.0,0.0,1.0,0.0,0.02,0.0,0.0,0,78539.0
ftp_data,SF,2890,0,1,0.0,0.0,1.0,0.0,0.03,0.0,0.0,0,42322.0
http,REJ,0,0,0,0.0,0.0,1.0,0.0,0.26,0.0,0.0,0,117517.0
http,SF,307,6443,1,0.0,0.0,1.0,0.0,0.0,0.0,0.0,0,117982.0
domain_u,SF,45,134,0,0.0,0.0,1.0,0.0,0.0,0.0,0.0,0,1090.0
ftp_data,REJ,0,0,0,0.0,0.0,0.03,0.06,0.0,0.0,0.0,1,6887.0
eco_i,SF,8,0,0,0.0,0.0,1.0,0.0,0.51,0.0,0.0,1,118510.0
http,SF,338,363,1,0.0,0.0,1.0,0.0,0.04,0.0,0.0,0,21613.0
ftp_data,SF,245,0,0,0.0,0.0,1.0,0.0,0.04,0.0,0.0,0,41554.0
domain_u,SF,45,136,0,0.0,0.0,1.0,0.0,0.0,0.0,0.0,0,1823.0
http,REJ,0,0,0,0.0,0.0,1.0,0.0,0.03,0.0,0.0,0,119997.0
domain_u,SF,43,135,0,0.0,0.0,1.0,0.0,0.0,0.0,0.0,0,2339.0
domain_u,SF,43,131,0,0.0,0.0,1.0,0.0,0.0,0.0,0.0,0,37120.0
private,S0,0,0,0,1.0,1.0,0.06,0.07,0.0,1.0,1.0,1,111854.0
http,SF,277,4704,1,0.0,0.0,1.0,0.0,0.0,0.0,0.0,0,59530.0
http,SF,263,5480,1,0.0,0.0,1.0,0.0,0.04,0.0,0.0,0,122211.0
private,S0,0,0,0,1.0,1.0,0.12,0.06,0.0,1.0,1.0,1,91248.0
private,REJ,0,0,0,0.0,0.0,0.06,0.06,0.0,0.0,0.0,1,3839.0
http,SF,244,20941,1,0.0,0.0,1.0,0.0,0.0,0.0,0.0,0,105146.0
http,SF,286,1410,1,0.0,0.0,1.0,0.0,0.01,0.0,0.0,0,61732.0
http,SF,319,453,1,0.0,0.0,1.0,0.0,0.0,0.0,0.0,0,124232.0
courier,S0,0,0,0,1.0,1.0,0.09,0.06,0.0,1.0,1.0,1,10195.0
http,SF,244,1952,1,0.0,0.0,1.0,0.0,0.04,0.0,0.0,0,82568.0
Z39_50,S0,0,0,0,1.0,1.0,0.0,0.06,0.0,1.0,1.0,1,123982.0
http,SF,192,1194,1,0.0,0.0,1.0,0.0,0.04,0.0,0.0,0,103325.0
domain_u,SF,35,91,0,0.0,0.0,1.0,0.0,0.0,0.0,0.0,0,29626.0
private,RSTR,1,0,0,0.0,0.0,1.0,0.0,0.0,0.0,0.0,1,45591.0
Z39_50,S0,0,0,0,1.0,1.0,0.07,0.08,0.0,1.0,1.0,1,115305.0
Z39_50,S0,0,0,0,1.0,1.0,0.05,0.05,0.0,1.0,1.0,1,7709.0
private,S0,0,0,0,1.0,1.0,0.07,0.06,0.0,1.0,1.0,1,95913.0
private,SF,105,147,0,0.0,0.0,1.0,0.0,0.0,0.0,0.0,0,21440.0
http,SF,302,7497,1,0.0,0.0,1.0,0.0,0.0,0.0,0.0,0,791.0
private,S0,0,0,0,1.0,1.0,0.06,0.05,0.0,1.0,1.0,1,111687.0
private,REJ,0,0,0,0.03,0.0,0.0,1.0,0.0,0.04,0.0,1,122248.0
http,SF,282,392,1,0.0,0.0,1.0,0.0,0.0,0.0,0.0,0,97807.0
http,SF,320,1737,1,0.0,0.0,1.0,0.0,0.0,0.0,0.0,0,21134.0
http,SF,333,7927,1,0.0,0.0,1.0,0.0,0.02,0.0,0.0,0,55066.0
http,SF,331,1529,1,0.0,0.0,1.0,0.0,0.0,0.0,0.0,0,90911.0
urp_i,SF,183,0,0,0.0,0.0,0.86,0.29,0.0,0.0,0.0,0,74562.0
auth,S0,0,0,0,1.0,1.0,0.04,0.06,0.0,1.0,1.0,1,23489.0
other,SF,516,4,0,0.0,0.0,1.0,0.0,0.0,0.0,0.0,0,115079.0
eco_i,SF,8,0,0,0.0,0.0,1.0,0.0,0.33,0.0,0.0,1,5459.0
http,SF,214,3197,1,0.0,0.0,1.0,0.0,0.03,0.0,0.0,0,51194.0
smtp,SF,2544,333,1,0.0,0.0,1.0,0.0,0.01,0.0,0.0,0,747.0
private,S0,0,0,0,1.0,1.0,0.36,0.11,0.0,1.0,1.0,1,88361.0
ftp_data,SF,2194619,0,1,0.0,0.0,1.0,0.0,0.0,0.0,0.0,0,82820.0
private,RSTR,0,0,0,0.0,0.0,1.0,0.0,0.0,0.0,0.0,1,49797.0
domain_u,SF,42,42,0,0.0,0.0,1.0,0.0,0.0,0.0,0.0,0,86444.0
http,SF,237,651,1,0.0,0.0,1.0,0.0,0.05,0.0,0.01,0,93998.0
vmnet,S0,0,0,0,1.0,1.0,0.06,0.06,0.0,1.0,1.0,1,122122.0
private,SF,1,0,0,0.0,0.0,0.85,0.03,0.0,0.0,0.0,1,85088.0
http,SF,303,2239,1,0.0,0.0,1.0,0.0,0.0,0.0,0.0,0,95057.0
http,SF,266,702,1,0.0,0.0,1.0,0.0,0.02,0.0,0.0,0,115715.0
domain_u,SF,42,42,0,0.0,0.0,1.0,0.0,0.0,0.0,0.0,0,4595.0
domain_u,SF,46,128,0,0.0,0.0,0.99,0.03,0.0,0.0,0.0,0,24583.0
smtp,SF,1123,333,1,0.0,0.0,1.0,0.0,0.02,0.0,0.0,0,55673.0
netbios_dgm,REJ,0,0,0,0.0,0.0,0.05,0.05,0.0,0.0,0.0,1,40191.0
http,SF,213,17086,1,0.0,0.0,1.0,0.0,0.04,0.0,0.0,0,78972.0
private,S0,0,0,0,1.0,1.0,0.13,0.06,0.0,1.0,1.0,1,27936.0
http,SF,223,616,1,0.0,0.0,1.0,0.0,0.0,0.0,0.0,0,98451.0
smtp,SF,704,331,1,0.0,0.0,1.0,0.0,0.01,0.0,0.01,0,92520.0
finger,S0,0,0,0,1.0,1.0,0.03,0.16,0.0,1.0,1.0,1,91574.0
whois,S0,0,0,0,1.0,1.0,0.04,0.06,0.0,1.0,1.0,1,107588.0
ftp_data,SF,212,0,0,0.0,0.0,1.0,0.0,0.03,0.0,0.0,0,95038.0
other,SF,3888,0,1,0.09,0.0,0.09,0.36,0.0,0.03,0.0,0,52415.0
http,SF,221,2043,1,0.0,0.0,1.0,0.0,0.02,0.0,0.0,0,117732.0
http,REJ,0,0,0,0.0,0.0,1.0,0.0,0.18,0.0,0.0,0,77284.0
http,SF,54540,8314,1,0.0,0.0,1.0,0.0,0.0,0.0,0.0,1,86524.0
ftp_data,SF,5133876,0,1,0.0,0.0,1.0,0.0,0.17,0.0,0.0,1,123434.0
private,REJ,0,0,0,0.06,0.0,0.0,1.0,0.0,0.08,0.0,1,28325.0
eco_i,SF,8,0,0,0.0,0.0,1.0,0.0,0.52,0.0,0.0,1,105144.0
netbios_dgm,S0,0,0,0,1.0,1.0,0.22,0.1,0.0,1.0,1.0,1,24092.0
http,SF,215,1604,1,0.0,0.0,1.0,0.0,0.03,0.0,0.0,0,100133.0
ftp_data,SF,334,0,1,0.0,0.0,1.0,0.0,0.13,0.0,0.02,1,92393.0
private,S0,0,0,0,1.0,1.0,0.06,0.07,0.0,1.0,1.0,1,394.0
domain_u,SF,43,132,0,0.0,0.0,1.0,0.01,0.0,0.0,0.0,0,59862.0
ecr_i,SF,1032,0,0,0.0,0.0,1.0,0.0,0.0,0.0,0.0,1,107926.0
domain_u,SF,43,117,0,0.0,0.0,1.0,0.0,0.0,0.0,0.0,0,44163.0
http,SF,337,397,1,0.0,0.0,1.0,0.0,0.01,0.0,0.0,0,90838.0
vmnet,S0,0,0,0,1.0,1.0,0.03,0.05,0.0,1.0,1.0,1,78311.0
iso_tsap,S0,0,0,0,1.0,1.0,0.0,0.06,0.0,1.0,1.0,1,49138.0
telnet,S0,0,0,0,1.0,1.0,0.15,0.06,0.0,1.0,1.0,1,95940.0
http,SF,365,1310,1,0.0,0.0,1.0,0.0,0.0,0.0,0.0,0,124866.0
smtp,SF,933,344,1,0.0,0.0,1.0,0.0,0.01,0.0,0.0,0,9590.0
smtp,SF,3077,337,1,0.0,0.0,1.0,0.0,0.01,0.0,0.0,0,14100.0
auth,S0,0,0,0,1.0,1.0,0.07,0.07,0.0,1.0,1.0,1,75020.0
gopher,S0,0,0,0,1.0,1.0,0.08,0.05,0.0,1.0,1.0,1,29040.0
daytime,RSTO,0,0,0,0.0,0.0,0.07,0.06,0.0,0.0,0.0,1,116648.0
http,SF,330,9132,1,0.0,0.0,1.0,0.0,0.05,0.0,0.0,0,28254.0
whois,S0,0,0,0,1.0,1.0,0.07,0.05,0.0,1.0,1.0,1,125686.0
exec,RSTO,0,0,0,0.0,0.0,0.07,0.06,0.0,0.0,0.0,1,95970.0
domain_u,SF,42,42,0,0.0,0.0,1.0,0.0,0.0,0.0,0.0,0,21073.0
http,S0,0,0,0,1.0,1.0,1.0,0.0,0.0,1.0,1.0,1,78128.0
private,SF,28,0,0,0.0,0.0,1.0,0.0,0.0,0.02,0.0,1,49791.0
telnet,S0,0,0,0,1.0,1.0,0.33,0.44,0.0,1.0,1.0,1,82331.0
http,SF,272,2582,1,0.0,0.0,1.0,0.0,0.02,0.0,0.0,0,89999.0
ftp_data,SF,6601,0,1,0.0,0.0,1.0,0.0,0.03,0.0,0.14,0,63216.0
iso_tsap,REJ,0,0,0,0.0,0.0,0.01,0.07,0.0,0.0,0.0,1,59439.0
private,S0,0,0,0,1.0,1.0,0.07,0.06,0.0,1.0,1.0,1,52115.0
private,S0,0,0,0,1.0,1.0,0.01,0.06,0.0,1.0,1.0,1,70036.0
smtp,SF,1005,330,1,0.0,0.0,1.0,0.0,0.0,0.0,0.0,0,120988.0
http,SF,316,421,1,0.0,0.0,1.0,0.0,0.0,0.0,0.0,0,42667.0
whois,S0,0,0,0,1.0,1.0,0.01,0.08,0.0,1.0,1.0,1,47061.0
eco_i,SF,30,0,0,0.0,0.0,1.0,0.0,0.0,0.0,0.0,0,58533.0
ftp_data,SF,35,0,1,0.0,0.0,1.0,0.0,0.02,0.0,0.0,0,1569.0
http,SF,221,671,1,0.0,0.0,1.0,0.0,0.0,0.0,0.0,0,6024.0
ftp_data,S0,0,0,0,1.0,1.0,0.06,0.07,0.0,1.0,1.0,1,96869.0
domain_u,SF,45,125,0,0.0,0.0,1.0,0.0,0.0,0.0,0.0,0,108733.0
eco_i,SF,8,0,0,0.0,0.0,1.0,0.0,0.56,0.0,0.0,1,100675.0
other,SF,145,105,0,0.0,0.0,1.0,0.0,0.0,0.0,0.0,0,114500.0
http,SF,294,438,1,0.0,0.0,1.0,0.0,0.02,0.0,0.01,0,8825.0
ftp_data,SF,641,0,1,0.0,0.0,1.0,0.0,0.07,0.0,0.0,0,40002.0
private,REJ,0,0,0,0.0,0.0,1.0,0.0,1.0,0.0,0.0,1,48620.0
pop_3,SF,38,130,1,0.0,0.0,1.0,0.0,1.0,0.0,0.0,0,26602.0
auth,S0,0,0,0,1.0,1.0,0.16,0.04,0.0,1.0,1.0,1,59075.0
ctf,S0,0,0,0,1.0,1.0,0.07,0.04,0.0,1.0,1.0,1,87578.0
ftp_data,SF,3468,0,0,0.0,0.0,1.0,0.0,0.02,0.0,0.0,0,50173.0
other,SF,147,105,0,0.0,0.0,1.0,0.0,0.0,0.0,0.0,0,50709.0
private,S0,0,0,0,1.0,1.0,0.11,0.06,0.0,1.0,1.0,1,10263.0
private,S0,0,0,0,1.0,1.0,0.05,0.07,0.0,1.0,1.0,1,5083.0
domain_u,SF,43,130,0,0.0,0.0,1.0,0.0,0.0,0.0,0.0,0,121063.0
efs,RSTR,1,0,0,0.0,0.0,1.0,0.0,0.0,0.0,0.0,1,70391.0
http,SF,253,9960,1,0.0,0.0,1.0,0.0,0.02,0.0,0.0,0,99793.0
login,RSTO,0,0,0,0.0,0.0,0.11,0.05,0.0,0.0,0.0,1,53962.0
ntp_u,SF,48,48,0,0.0,0.0,0.0,0.0,0.0,0.0,0.0,0,115233.0
http,SF,311,6086,1,0.0,0.0,1.0,0.0,0.0,0.0,0.0,0,85680.0
http,SF,404,749,1,0.0,0.0,1.0,0.0,0.03,0.0,0.0,0,12091.0
domain_u,SF,35,35,0,0.0,0.0,0.67,0.33,0.0,0.0,0.0,0,8758.0
private,REJ,0,0,0,0.0,0.0,0.07,0.07,0.0,0.0,0.0,1,83737.0
eco_i,SF,18,0,0,0.0,0.0,1.0,0.0,1.0,0.0,0.0,1,41186.0
http,SF,227,1618,1,0.0,0.0,1.0,0.0,0.03,0.0,0.0,0,63930.0
private,S0,0,0,0,1.0,1.0,0.06,0.05,0.0,1.0,1.0,1,45665.0
eco_i,SF,30,0,0,0.0,0.0,1.0,0.0,0.0,0.0,0.0,0,17312.0
private,SH,0,0,0,1.0,1.0,1.0,0.0,0.0,0.94,1.0,1,86834.0
login,RSTO,0,0,0,0.0,0.0,0.03,0.07,0.0,0.0,0.0,1,11144.0
http,REJ,0,0,0,0.0,0.0,1.0,0.0,0.14,0.0,0.0,0,44573.0
private,S0,0,0,0,1.0,1.0,0.06,0.06,0.0,1.0,1.0,1,62583.0
courier,S0,0,0,0,1.0,1.0,0.14,0.05,0.0,1.0,1.0,1,87463.0
http,SF,54540,8314,1,0.0,0.0,1.0,0.0,0.0,0.0,0.0,1,55940.0
smtp,SF,759,329,1,0.0,0.0,1.0,0.0,0.01,0.0,0.0,0,101098.0
other,RSTR,1,0,0,0.0,0.0,1.0,0.0,0.0,0.0,0.0,1,41924.0
smtp,SF,1896,446,1,0.0,0.0,1.0,0.0,0.01,0.0,0.0,0,22091.0
domain_u,SF,46,73,0,0.0,0.0,1.0,0.0,0.0,0.0,0.0,0,97769.0
auth,REJ,0,0,0,0.0,0.0,0.04,0.06,0.0,0.0,0.0,1,12013.0
finger,SF,10,139,0,0.0,0.0,1.0,0.0,0.0,0.0,0.0,0,70219.0
domain_u,SF,45,135,0,0.0,0.0,1.0,0.01,0.0,0.0,0.0,0,17598.0
http,SF,310,290,1,0.0,0.0,1.0,0.0,0.0,0.0,0.0,0,84262.0
finger,RSTO,0,0,0,0.0,0.0,0.04,0.07,0.0,0.0,0.0,1,2669.0
http,SF,236,18275,1,0.0,0.0,1.0,0.0,0.03,0.0,0.0,0,78279.0
http,SF,224,460,1,0.0,0.0,1.0,0.0,0.02,0.0,0.0,0,81073.0
telnet,SF,92,779,0,0.0,0.0,1.0,0.0,0.0,0.0,0.0,0,34228.0
finger,SF,7,0,0,0.0,0.0,1.0,0.0,0.22,0.03,0.11,0,32059.0
imap4,S0,0,0,0,1.0,1.0,0.03,0.05,0.0,1.0,1.0,1,54745.0
bgp,S0,0,0,0,1.0,1.0,0.06,0.06,0.0,1.0,1.0,1,109380.0
http,SF,201,2685,1,0.07,0.05,1.0,0.0,0.02,0.02,0.0,0,99700.0
http,SF,246,387,1,0.0,0.0,1.0,0.0,0.0,0.0,0.0,0,84285.0
telnet,S0,0,0,0,1.0,1.0,0.08,0.06,0.0,1.0,1.0,1,27576.0
http,SF,234,3222,1,0.0,0.0,1.0,0.0,0.0,0.02,0.02,0,52933.0
domain_u,SF,34,34,0,0.0,0.0,1.0,0.0,0.0,0.0,0.0,0,103194.0
eco_i,SF,18,0,0,0.0,0.0,1.0,0.0,0.25,0.0,0.0,1,28453.0
Z39_50,S0,0,0,0,1.0,1.0,0.14,0.06,0.0,1.0,1.0,1,39668.0
gopher,S0,0,0,0,1.0,1.0,0.02,0.06,0.0,1.0,1.0,1,85249.0
smtp,SF,1243,337,1,0.0,0.0,1.0,0.0,0.01,0.02,0.01,0,56880.0
private,REJ,0,0,0,0.0,0.0,0.16,0.07,0.0,0.0,0.0,1,51456.0
http,SF,346,5859,1,0.0,0.0,1.0,0.0,0.03,0.0,0.0,0,5531.0
ecr_i,SF,520,0,0,0.0,0.0,1.0,0.0,0.0,0.0,0.0,1,75184.0
ctf,S0,0,0,0,1.0,1.0,0.04,0.06,0.0,1.0,1.0,1,85768.0
ftp_data,S0,0,0,0,1.0,1.0,0.38,0.06,0.0,1.0,1.0,1,86351.0
finger,SF,7,276,0,0.0,0.0,1.0,0.0,0.0,0.0,0.0,0,10503.0
domain,S0,0,0,0,1.0,1.0,0.03,0.05,0.0,1.0,1.0,1,75439.0
uucp_path,S0,0,0,0,1.0,1.0,0.05,0.05,0.0,1.0,1.0,1,124213.0
finger,SF,9,223,0,0.0,0.0,0.5,1.0,0.0,0.0,0.0,0,93361.0
smtp,SF,876,330,1,0.0,0.0,1.0,0.0,0.0,0.0,0.0,0,99733.0
http,SF,334,4165,1,0.0,0.0,1.0,0.0,0.05,0.0,0.0,0,48755.0
domain,S0,0,0,0,1.0,1.0,0.0,0.05,0.0,1.0,1.0,1,112748.0
http,SF,214,20414,1,0.0,0.0,1.0,0.0,0.15,0.0,0.0,0,90001.0
http,SF,312,511,1,0.0,0.0,1.0,0.0,0.0,0.0,0.0,0,113298.0
domain_u,SF,36,0,0,0.0,0.0,1.0,0.0,0.01,0.0,0.0,0,73443.0
daytime,S0,0,0,0,1.0,1.0,0.09,0.05,0.0,1.0,1.0,1,4114.0
sql_net,REJ,0,0,0,0.0,0.0,0.08,0.07,0.0,0.0,0.0,1,83045.0
name,S0,0,0,0,1.0,1.0,0.02,0.06,0.0,1.0,1.0,1,63779.0
ctf,S0,0,0,0,1.0,1.0,0.03,0.05,0.0,1.0,1.0,1,122249.0
http,SF,216,762,1,0.0,0.0,1.0,0.0,0.02,0.0,0.0,0,112815.0
smtp,SF,1643,334,1,0.0,0.0,1.0,0.0,0.01,0.0,0.01,0,3551.0
http,SF,222,2186,1,0.0,0.0,1.0,0.0,0.01,0.0,0.0,0,51677.0
private,S0,0,0,0,1.0,1.0,0.04,0.06,0.0,1.0,1.0,1,90009.0
http,SF,341,1099,1,0.0,0.0,1.0,0.0,0.04,0.0,0.0,0,114609.0
http,SF,298,791,1,0.0,0.0,1.0,0.0,0.01,0.0,0.0,0,47353.0
http,SF,189,277,1,0.0,0.0,1.0,0.0,0.07,0.0,0.01,0,4481.0
private,SF,207,0,0,0.0,0.0,1.0,0.0,0.0,0.0,0.0,1,87639.0
http,SF,336,600,1,0.0,0.0,1.0,0.0,0.02,0.0,0.0,0,119271.0
private,REJ,0,0,0,0.0,0.0,0.12,0.07,0.0,0.0,0.0,1,53304.0
link,S0,0,0,0,1.0,1.0,0.04,0.05,0.0,1.0,1.0,1,119491.0
http,SF,224,422,1,0.0,0.0,1.0,0.0,0.0,0.0,0.0,0,104542.0
nnsp,REJ,0,0,0,0.0,0.0,0.12,0.07,0.0,0.0,0.0,1,73109.0
http,SF,226,1522,1,0.0,0.0,1.0,0.0,0.01,0.0,0.0,0,5114.0
private,RSTR,0,0,0,0.0,0.0,1.0,0.0,0.0,0.0,0.0,1,69694.0
private,S0,0,0,0,1.0,1.0,0.26,0.07,0.0,1.0,1.0,1,95452.0
telnet,SF,104,2095,1,0.0,0.0,1.0,0.0,0.5,0.0,0.0,0,28245.0
private,REJ,0,0,0,0.0,0.0,0.15,0.06,0.0,0.0,0.0,1,57853.0
http,SF,173,19692,1,0.0,0.0,1.0,0.0,0.07,0.0,0.0,0,72652.0
ftp_data,SF,59,0,1,0.0,0.0,1.0,0.0,0.0,0.0,0.0,0,15887.0
private,SF,1,0,0,0.0,0.0,0.14,0.29,0.0,0.0,0.0,1,83052.0
Z39_50,S0,0,0,0,1.0,1.0,0.13,0.06,0.0,1.0,1.0,1,24016.0
http,SF,328,1441,1,0.0,0.0,1.0,0.0,0.04,0.0,0.0,0,90260.0
other,SF,145,0,0,0.0,0.0,0.25,0.75,0.0,0.0,0.0,0,72893.0
http,SF,204,525,1,0.0,0.0,1.0,0.0,0.04,0.0,0.0,0,66531.0
http,SF,332,280,1,0.0,0.0,1.0,0.0,0.01,0.0,0.0,0,71142.0
bgp,S0,0,0,0,1.0,1.0,0.02,0.07,0.0,1.0,1.0,1,65775.0
domain_u,SF,46,139,0,0.0,0.0,1.0,0.0,0.0,0.0,0.0,0,67478.0
http,SF,305,951,1,0.0,0.0,1.0,0.0,0.02,0.0,0.0,0,48781.0
private,REJ,0,0,0,0.0,0.0,0.13,0.06,0.0,0.0,0.0,1,121536.0
vmnet,S0,0,0,0,1.0,1.0,0.1,0.05,0.0,1.0,1.0,1,30345.0
time,S0,0,0,0,1.0,1.0,0.04,0.07,0.0,1.0,1.0,1,83640.0
private,S0,0,0,0,1.0,1.0,0.03,0.06,0.0,1.0,1.0,1,125127.0
http,SF,326,580,1,0.0,0.0,1.0,0.0,0.04,0.0,0.0,0,102145.0
http,SF,283,18037,1,0.0,0.0,1.0,0.0,0.0,0.0,0.0,0,15642.0
http,SF,268,255,1,0.0,0.0,1.0,0.0,0.04,0.0,0.0,0,38706.0
http,SF,207,5443,1,0.0,0.0,1.0,0.0,0.02,0.0,0.0,0,17373.0
domain_u,SF,44,117,0,0.0,0.0,1.0,0.0,0.0,0.0,0.0,0,95255.0
private,S0,0,0,0,1.0,1.0,0.03,0.06,0.0,1.0,1.0,1,110222.0
http,SF,290,246,1,0.0,0.0,1.0,0.0,0.04,0.0,0.0,0,41548.0
ftp_data,SF,5929,0,1,0.0,0.0,1.0,0.0,0.0,0.02,0.02,0,120305.0
private,S0,0,0,0,1.0,1.0,0.0,0.06,0.0,1.0,1.0,1,20882.0
name,S0,0,0,0,1.0,1.0,0.02,0.05,0.0,1.0,1.0,1,64129.0
http,SF,211,2251,1,0.0,0.0,1.0,0.0,0.0,0.0,0.0,0,15729.0
http,SF,210,304,1,0.0,0.0,1.0,0.0,0.04,0.0,0.0,0,58149.0
domain_u,SF,44,71,0,0.0,0.0,1.0,0.0,0.0,0.0,0.0,0,76261.0
http,SF,289,313,1,0.0,0.0,1.0,0.0,0.01,0.0,0.0,0,33569.0
ecr_i,SF,520,0,0,0.0,0.0,1.0,0.0,0.0,0.0,0.0,1,52446.0
http,SF,339,260,1,0.0,0.0,1.0,0.0,0.04,0.0,0.0,0,5219.0
private,S0,0,0,0,1.0,1.0,0.06,0.06,0.0,1.0,1.0,1,103697.0
ssh,S0,0,0,0,1.0,1.0,0.09,0.05,0.0,1.0,1.0,1,95365.0
ftp_data,SF,8737,0,1,0.0,0.0,1.0,0.0,0.03,0.0,0.0,0,122799.0
Z39_50,REJ,0,0,0,0.0,0.0,0.14,0.06,0.0,0.0,0.0,1,44465.0
http,SF,223,3270,1,0.0,0.0,1.0,0.0,0.06,0.0,0.0,0,22380.0
private,SF,28,0,0,0.01,0.0,0.98,0.04,0.0,0.0,0.0,1,62303.0
eco_i,SF,8,0,0,0.0,0.0,1.0,0.0,0.5,0.0,0.0,1,88834.0
smtp,SF,926,370,1,0.0,0.0,1.0,0.0,0.01,0.0,0.0,0,11029.0
http,SF,211,348,1,0.0,0.0,1.0,0.0,0.02,0.0,0.0,0,57236.0
other,S0,0,0,0,1.0,1.0,0.08,0.05,0.0,1.0,1.0,1,38794.0
ssh,S0,0,0,0,1.0,1.0,0.02,0.06,0.0,1.0,1.0,1,116873.0
smtp,SF,1276,436,1,0.0,0.0,1.0,0.0,0.04,0.0,0.0,0,25709.0
http,SF,224,2778,1,0.0,0.0,1.0,0.0,0.05,0.0,0.0,0,103040.0
sunrpc,S0,0,0,0,1.0,1.0,0.07,0.06,0.0,1.0,1.0,1,82778.0
smtp,SF,2908,336,1,0.0,0.0,1.0,0.0,0.01,0.0,0.0,0,58385.0
eco_i,SF,30,0,0,0.0,0.0,1.0,0.0,0.0,0.0,0.0,0,47611.0
bgp,S0,0,0,0,1.0,1.0,0.08,0.07,0.0,1.0,1.0,1,344.0
ftp_data,SF,12,0,0,0.0,0.0,1.0,0.0,0.05,0.0,0.0,0,36644.0
http,REJ,0,0,0,0.0,0.0,1.0,0.0,0.31,0.0,0.0,0,16482.0
ftp_data,SF,884,0,0,0.0,0.0,1.0,0.0,0.07,0.01,0.0,0,55423.0
eco_i,SF,8,0,0,0.0,0.0,1.0,0.0,0.51,0.0,0.0,1,51080.0
http,SF,237,238,1,0.0,0.0,1.0,0.0,0.07,0.0,0.0,0,13899.0
http,SF,247,266,1,0.0,0.0,1.0,0.0,0.04,0.0,0.0,0,61806.0
http,SF,326,255,1,0.0,0.0,1.0,0.0,0.0,0.0,0.0,0,80671.0
http,SF,202,4460,1,0.0,0.0,1.0,0.0,0.0,0.0,0.0,0,90464.0
exec,RSTO,0,0,0,0.0,0.0,0.13,0.06,0.0,0.0,0.0,1,117685.0
http,SF,219,2367,1,0.0,0.0,1.0,0.0,0.01,0.0,0.0,0,8968.0
exec,S0,0,0,0,1.0,1.0,0.17,0.05,0.0,1.0,1.0,1,36939.0
ftp_data,SF,641,0,1,0.0,0.0,1.0,0.0,0.0,0.0,0.0,0,121873.0
private,REJ,0,0,0,0.1,0.0,0.0,1.0,0.0,0.1,0.0,1,37552.0
login,SF,6,0,1,0.07,0.0,0.01,1.0,0.0,0.03,0.0,1,70915.0
finger,RSTO,0,0,0,0.0,0.0,0.07,0.06,0.0,0.0,0.0,1,117166.0
http,SF,166,20578,1,0.0,0.0,1.0,0.0,0.03,0.0,0.0,0,25415.0
efs,S0,0,0,0,1.0,1.0,0.01,0.06,0.0,1.0,1.0,1,116214.0
http,SF,318,3359,1,0.0,0.0,1.0,0.0,0.0,0.0,0.0,0,28404.0
ecr_i,SF,30,0,0,0.0,0.0,1.0,0.0,0.0,0.0,0.0,0,33774.0
private,REJ,0,0,0,0.0,0.0,0.03,0.07,0.0,0.0,0.0,1,26969.0
other,SF,1,0,0,0.0,0.0,0.01,0.06,0.0,0.0,0.0,1,2904.0
private,REJ,0,0,0,0.0,0.0,0.07,0.07,0.0,0.0,0.0,1,77478.0
finger,RSTO,0,0,0,0.0,0.0,0.02,0.06,0.0,0.0,0.0,1,19693.0
http,SF,298,279,1,0.0,0.08,1.0,0.0,0.07,0.0,0.0,0,73184.0
domain_u,SF,45,111,0,0.0,0.0,1.0,0.01,0.0,0.0,0.0,0,73664.0
http,SF,189,313,1,0.0,0.0,1.0,0.0,0.0,0.0,0.0,0,89068.0
private,S0,0,0,0,1.0,1.0,0.13,0.06,0.0,1.0,1.0,1,117780.0
http,REJ,0,0,0,0.0,0.0,1.0,0.0,0.25,0.0,0.0,0,121323.0
http,SF,272,2780,1,0.0,0.0,1.0,0.0,0.04,0.0,0.0,0,88993.0
domain_u,SF,44,44,0,0.0,0.0,1.0,0.0,0.0,0.0,0.0,0,84534.0
private,RSTR,0,0,0,0.0,0.0,1.0,0.0,0.0,0.0,0.0,1,96518.0
ftp,SF,906,2720,1,0.0,0.0,1.0,0.0,0.0,0.0,0.0,0,112590.0
http,SF,202,1745,1,0.0,0.0,1.0,0.0,0.0,0.0,0.0,0,86364.0
domain_u,SF,46,136,0,0.0,0.0,1.0,0.0,0.0,0.0,0.0,0,106418.0
netbios_ssn,S0,0,0,0,1.0,1.0,0.1,0.06,0.0,1.0,1.0,1,21988.0
smtp,RSTO,0,79,1,0.0,0.0,1.0,0.0,0.04,0.0,0.0,1,49829.0
imap4,S0,0,0,0,1.0,1.0,0.05,0.06,0.0,1.0,1.0,1,93904.0
efs,REJ,0,0,0,0.0,0.0,0.15,0.06,0.0,0.0,0.0,1,104010.0
link,S0,0,0,0,1.0,1.0,0.05,0.06,0.0,1.0,1.0,1,8525.0
private,S0,0,0,0,1.0,1.0,0.09,0.06,0.0,1.0,1.0,1,56244.0
http,SF,286,2870,1,0.0,0.0,1.0,0.0,0.02,0.0,0.0,0,122916.0
http,REJ,0,0,0,0.0,0.0,1.0,0.0,0.09,0.0,0.0,0,90973.0
smtp,SF,765,278,1,0.0,0.0,1.0,0.0,0.0,0.0,0.0,0,42674.0
http,SF,206,1492,1,0.0,0.0,1.0,0.0,0.0,0.0,0.0,0,100052.0
private,S0,0,0,0,1.0,1.0,0.01,0.05,0.0,1.0,1.0,1,123831.0
http,SF,261,7816,1,0.0,0.0,1.0,0.0,0.02,0.0,0.0,0,16239.0
time,SF,0,4,0,0.0,0.0,1.0,0.0,0.0,0.07,0.07,0,76679.0
private,S0,0,0,0,1.0,1.0,0.04,0.05,0.0,1.0,1.0,1,10507.0
supdup,S0,0,0,0,1.0,1.0,0.02,0.1,0.0,1.0,1.0,1,96153.0
telnet,SF,255,1901,1,0.0,0.0,1.0,0.0,0.0,0.0,0.0,0,44600.0
systat,S0,0,0,0,1.0,1.0,0.01,0.07,0.0,1.0,1.0,1,110751.0
other,SF,147,0,0,0.0,0.0,1.0,0.0,0.0,0.0,0.0,0,111247.0
http,SF,188,31244,1,0.0,0.0,1.0,0.0,0.0,0.0,0.0,0,52244.0
private,SF,105,146,0,0.0,0.0,1.0,0.0,0.0,0.0,0.0,0,21439.0
ftp,RSTO,0,0,0,0.0,0.0,0.07,0.06,0.0,0.0,0.0,1,13855.0
http,SF,294,760,1,0.0,0.0,1.0,0.0,0.0,0.0,0.0,0,41007.0
domain_u,SF,45,85,0,0.0,0.0,1.0,0.0,0.0,0.0,0.0,0,113230.0
http,SF,216,2217,1,0.0,0.0,1.0,0.0,0.02,0.0,0.0,0,92965.0
http,SF,333,288,1,0.0,0.0,1.0,0.0,0.0,0.0,0.0,0,23462.0
private,SF,1,0,0,0.0,0.0,0.17,0.1,0.0,0.16,0.0,1,117604.0
private,SF,28,0,0,0.0,0.0,0.96,0.09,0.0,0.0,0.0,1,115257.0
domain_u,SF,44,67,0,0.0,0.0,1.0,0.0,0.0,0.0,0.0,0,75492.0
eco_i,SF,8,0,0,0.0,0.0,1.0,0.0,0.51,0.0,0.0,1,66343.0
ctf,S0,0,0,0,1.0,1.0,0.06,0.05,0.0,1.0,1.0,1,19150.0
supdup,S0,0,0,0,1.0,1.0,0.01,0.06,0.0,1.0,1.0,1,13139.0
login,S0,0,0,0,1.0,1.0,0.07,0.06,0.0,1.0,1.0,1,37069.0
private,S0,0,0,0,1.0,1.0,0.06,0.05,0.0,1.0,1.0,1,56734.0
uucp,S0,0,0,0,1.0,1.0,0.11,0.06,0.0,1.0,1.0,1,106553.0
http,S1,235,28746,1,1.0,1.0,1.0,0.0,0.09,0.01,0.0,0,90127.0
ftp_data,S0,0,0,0,1.0,1.0,0.2,0.07,0.0,1.0,1.0,1,27904.0
http,SF,319,2876,1,0.07,0.03,1.0,0.0,0.02,0.01,0.01,0,35317.0
private,S0,0,0,0,1.0,1.0,0.08,0.05,0.0,1.0,1.0,1,20749.0
private,S0,0,0,0,1.0,1.0,0.09,0.05,0.0,1.0,1.0,1,122820.0
private,S0,0,0,0,1.0,1.0,0.03,0.07,0.0,1.0,1.0,1,107353.0
domain_u,SF,44,131,0,0.0,0.0,1.0,0.0,0.01,0.0,0.0,0,19123.0
smtp,SF,2370,366,1,0.0,0.0,1.0,0.0,0.02,0.0,0.0,0,2478.0
eco_i,SF,18,0,0,0.0,0.0,1.0,0.0,1.0,0.0,0.0,1,107857.0
private,SF,1,0,0,0.0,0.0,0.23,0.12,0.0,0.03,0.0,1,57988.0
eco_i,SF,8,0,0,0.0,0.0,1.0,0.0,0.51,0.0,0.0,1,1022.0
domain_u,SF,46,83,0,0.0,0.0,1.0,0.0,0.0,0.0,0.0,0,55715.0
eco_i,SF,8,0,0,0.0,0.0,1.0,0.0,0.5,0.0,0.0,1,115852.0
http,SF,227,535,1,0.0,0.0,1.0,0.0,0.0,0.0,0.0,0,49107.0
domain_u,SF,44,70,0,0.0,0.0,1.0,0.0,0.0,0.0,0.0,0,583.0
private,S0,0,0,0,1.0,1.0,0.06,0.05,0.0,1.0,1.0,1,45505.0
login,S0,0,0,0,1.0,1.0,0.15,0.07,0.0,1.0,1.0,1,23249.0
urp_i,SF,78,0,0,0.0,0.0,0.11,0.22,0.0,0.0,0.0,0,3404.0
private,RSTR,0,0,0,0.0,0.0,1.0,0.0,0.0,0.0,0.0,1,96814.0
whois,S0,0,0,0,1.0,1.0,0.06,0.06,0.0,1.0,1.0,1,63337.0
ecr_i,SF,520,0,0,0.0,0.0,1.0,0.0,0.0,0.0,0.0,1,108382.0
http,SF,244,4633,1,0.0,0.0,1.0,0.0,0.0,0.0,0.0,0,22393.0
http,SF,193,2408,1,0.0,0.0,1.0,0.0,0.0,0.0,0.0,0,25167.0
private,S0,0,0,0,1.0,1.0,0.01,0.06,0.0,1.0,1.0,1,125453.0
discard,RSTO,0,0,0,0.0,0.0,0.04,0.06,0.0,0.0,0.0,1,61678.0
http,SF,201,1745,1,0.0,0.0,1.0,0.0,0.02,0.0,0.0,0,112524.0
other,REJ,0,0,0,0.11,0.0,0.0,1.0,0.0,0.11,0.0,1,107250.0
private,S0,0,0,0,1.0,1.0,0.04,0.06,0.0,1.0,1.0,1,42801.0
ftp_data,S0,0,0,0,1.0,1.0,0.25,0.05,0.0,1.0,1.0,1,69223.0
other,SF,145,0,0,0.0,0.0,0.25,0.75,0.0,0.0,0.0,0,25507.0
http_443,S0,0,0,0,1.0,1.0,0.69,0.15,0.0,1.0,1.0,1,107159.0
domain_u,SF,44,73,0,0.0,0.0,1.0,0.0,0.0,0.0,0.0,0,12696.0
hostnames,S0,0,0,0,1.0,1.0,0.04,0.07,0.0,1.0,1.0,1,92555.0
http,SF,258,9886,1,0.0,0.0,1.0,0.0,0.02,0.0,0.0,0,38854.0
ftp_data,S0,0,0,0,1.0,1.0,0.13,0.17,0.0,1.0,1.0,1,815.0
private,RSTR,1,0,0,0.0,0.0,1.0,0.0,0.0,0.0,0.0,1,78203.0
http,SF,274,4841,1,0.0,0.0,1.0,0.0,0.03,0.0,0.0,0,63065.0
bgp,S0,0,0,0,1.0,1.0,0.07,0.05,0.0,0.99,1.0,1,75087.0
other,SF,92,45,0,0.0,0.0,0.67,0.67,0.0,0.0,0.0,0,103189.0
vmnet,S0,0,0,0,1.0,1.0,0.13,0.06,0.0,1.0,1.0,1,19344.0
smtp,SF,1037,328,1,0.0,0.0,1.0,0.0,0.05,0.0,0.0,0,78684.0
private,S0,0,0,0,1.0,1.0,0.05,0.06,0.0,1.0,1.0,1,105770.0
private,S0,0,0,0,1.0,1.0,0.04,0.06,0.0,1.0,1.0,1,1606.0
domain_u,SF,44,44,0,0.0,0.0,0.25,0.5,0.0,0.0,0.0,0,66640.0
netbios_ns,S0,0,0,0,1.0,1.0,0.5,0.15,0.0,1.0,1.0,1,87328.0
http,SF,286,1267,1,0.0,0.0,1.0,0.0,0.04,0.0,0.0,0,9505.0
http,SF,198,810,1,0.0,0.0,1.0,0.0,0.0,0.0,0.0,0,23977.0
http,SF,142,8947,1,0.0,0.0,1.0,0.0,0.01,0.0,0.0,0,51290.0
smtp,S0,0,0,0,0.5,0.5,1.0,0.0,0.01,0.03,0.01,0,80461.0
domain_u,SF,43,128,0,0.0,0.0,1.0,0.0,0.0,0.0,0.0,0,108289.0
domain_u,SF,44,126,0,0.0,0.0,1.0,0.0,0.01,0.0,0.0,0,99520.0
http,SF,193,14806,1,0.0,0.0,1.0,0.0,0.05,0.0,0.0,0,84447.0
http,SF,314,307,1,0.0,0.0,1.0,0.0,0.01,0.0,0.0,0,61079.0
http,SF,262,744605,1,0.0,0.0,1.0,0.0,0.03,0.0,0.0,0,93171.0
http,REJ,0,0,0,0.0,0.0,1.0,0.0,0.15,0.0,0.0,0,103727.0
private,S0,0,0,0,1.0,1.0,0.14,0.06,0.0,1.0,1.0,1,111933.0
eco_i,SF,8,0,0,0.0,0.0,1.0,0.0,0.27,0.0,0.0,1,87625.0
ftp_data,SF,18,0,1,0.0,0.0,1.0,0.0,0.03,0.0,0.0,0,113613.0
private,S0,0,0,0,1.0,1.0,0.02,0.06,0.0,1.0,1.0,1,123476.0
domain_u,SF,42,108,0,0.0,0.0,1.0,0.0,0.0,0.0,0.0,0,53179.0
other,SF,516,4,0,0.0,0.0,1.0,0.0,0.0,0.0,0.0,0,11420.0
http,SF,277,1274,1,0.0,0.0,1.0,0.0,0.02,0.0,0.0,0,124368.0
auth,S0,0,0,0,1.0,1.0,0.09,0.05,0.0,1.0,1.0,1,98928.0
http,SF,224,6325,1,0.0,0.0,1.0,0.0,0.05,0.0,0.0,0,88658.0
other,REJ,0,0,0,0.16,0.0,0.0,1.0,0.0,0.26,0.0,1,93782.0
courier,S0,0,0,0,1.0,1.0,0.04,0.07,0.0,1.0,1.0,1,85932.0
other,SF,146,105,0,0.0,0.0,0.67,0.67,0.0,0.0,0.0,0,22646.0
ftp_data,SF,4763,0,1,0.0,0.0,1.0,0.0,0.0,0.0,0.01,0,67725.0
http,SF,211,1719,1,0.0,0.0,1.0,0.0,0.04,0.0,0.0,0,24209.0
netbios_ssn,S0,0,0,0,1.0,1.0,0.16,0.04,0.0,1.0,1.0,1,108613.0
smtp,SF,741,332,1,0.0,0.0,1.0,0.0,0.02,0.0,0.0,0,88847.0
smtp,SF,1321,327,1,0.0,0.0,1.0,0.0,0.0,0.0,0.0,0,109736.0
smtp,SF,970,338,1,0.0,0.0,1.0,0.0,0.0,0.0,0.0,0,116262.0
ftp_data,S3,88383,0,1,0.06,0.06,1.0,0.0,0.02,0.02,0.02,0,58066.0
ftp_data,SF,2881,0,1,0.0,0.0,1.0,0.0,0.0,0.0,0.0,0,36423.0
eco_i,SF,8,0,0,0.0,0.0,1.0,0.0,0.5,0.0,0.0,1,76753.0
private,S0,0,0,0,1.0,1.0,0.07,0.07,0.0,1.0,1.0,1,2861.0
http,SF,341,279,1,0.0,0.0,1.0,0.0,0.03,0.0,0.0,0,124757.0
http,REJ,0,0,0,0.0,0.0,1.0,0.0,0.0,0.0,0.0,0,75332.0
domain_u,SF,44,132,0,0.0,0.0,1.0,0.0,0.0,0.0,0.0,0,15815.0
private,SF,1,0,0,0.0,0.0,0.13,0.1,0.0,0.13,0.0,1,40928.0
bgp,S0,0,0,0,1.0,1.0,0.05,0.05,0.0,1.0,1.0,1,62417.0
ecr_i,SF,1032,0,0,0.0,0.0,1.0,0.0,0.0,0.0,0.0,1,21551.0
ftp_data,SF,334,0,1,0.0,0.0,1.0,0.0,0.09,0.0,0.0,1,55318.0
http,SF,228,262,1,0.0,0.0,1.0,0.0,0.01,0.0,0.0,0,72050.0
telnet,SF,203,4267,1,0.0,0.0,1.0,0.0,0.0,0.0,0.0,0,13299.0
http,SF,327,7757,1,0.0,0.0,1.0,0.0,0.05,0.0,0.0,0,45792.0
domain_u,SF,44,44,0,0.0,0.0,1.0,0.0,0.0,0.0,0.0,0,62947.0
ecr_i,SF,520,0,0,0.0,0.0,1.0,0.0,0.0,0.0,0.0,1,111894.0
eco_i,SF,8,0,0,0.0,0.0,1.0,0.0,0.25,0.0,0.0,1,69230.0
systat,REJ,0,0,0,0.0,0.0,0.1,0.06,0.0,0.0,0.0,1,54035.0
domain_u,SF,44,70,0,0.0,0.0,1.0,0.0,0.0,0.0,0.0,0,119993.0
http,SF,235,4533,1,0.0,0.0,1.0,0.0,0.0,0.0,0.0,0,65375.0
http,SF,227,2066,1,0.0,0.0,1.0,0.0,0.0,0.0,0.0,0,81046.0
http,SF,213,620,1,0.0,0.0,1.0,0.0,0.07,0.0,0.0,0,5287.0
ftp_data,SF,245,0,1,0.0,0.0,1.0,0.0,0.03,0.0,0.0,0,41123.0
http,SF,294,855,1,0.0,0.0,1.0,0.0,0.02,0.0,0.0,0,117132.0
http,SF,219,2325,1,0.0,0.0,1.0,0.0,0.0,0.0,0.0,0,102650.0
ecr_i,SF,1032,0,0,0.0,0.0,1.0,0.0,0.0,0.0,0.0,1,90089.0
smtp,SF,2766,476,1,0.0,0.0,1.0,0.0,0.0,0.0,0.0,0,7992.0
http,SF,207,7355,1,0.0,0.0,1.0,0.0,0.0,0.0,0.0,0,60487.0
ftp_data,S0,0,0,0,1.0,1.0,1.0,0.0,0.0,1.0,1.0,1,82131.0
http,SF,301,316,1,0.0,0.04,1.0,0.0,0.0,0.0,0.0,0,67435.0
ecr_i,SF,520,0,0,0.0,0.0,1.0,0.0,0.0,0.0,0.0,1,83032.0
ftp_data,SF,15876,0,0,0.0,0.0,1.0,0.0,0.04,0.0,0.0,0,52630.0
private,SF,1,0,0,0.0,0.0,0.66,0.09,0.0,0.0,0.0,1,25668.0
finger,S0,0,0,0,1.0,1.0,0.25,0.06,0.0,1.0,1.0,1,15055.0
pop_2,REJ,0,0,0,0.0,0.0,0.03,0.07,0.0,0.0,0.0,1,75064.0
http,SF,380,426,1,0.0,0.0,1.0,0.0,0.0,0.0,0.0,0,26772.0
private,RSTR,0,0,0,0.0,0.0,1.0,0.0,0.0,0.0,0.0,1,32258.0
http,SF,340,310,1,0.0,0.0,1.0,0.0,0.02,0.0,0.0,0,40751.0
X11,SF,80,240,0,0.0,0.0,1.0,0.0,0.0,0.0,0.0,0,50361.0
time,S0,0,0,0,1.0,1.0,0.13,0.05,0.0,1.0,1.0,1,51087.0
http,SF,205,1246,1,0.0,0.0,1.0,0.0,0.0,0.0,0.0,0,60945.0
http,SF,251,14198,1,0.0,0.0,1.0,0.0,0.03,0.0,0.0,0,119290.0
smtp,SF,1349,329,1,0.0,0.0,1.0,0.0,0.02,0.0,0.0,0,25215.0
private,REJ,0,0,0,0.09,0.0,0.0,1.0,0.0,0.09,0.0,1,60785.0
http,SF,317,1237,1,0.0,0.0,1.0,0.0,0.02,0.0,0.0,0,103280.0
http,SF,54540,8314,1,0.0,0.0,1.0,0.0,0.0,0.0,0.0,1,103306.0
private,S0,0,0,0,1.0,1.0,0.13,0.06,0.0,1.0,1.0,1,3711.0
nnsp,S0,0,0,0,1.0,1.0,0.08,0.06,0.0,1.0,1.0,1,70553.0
ftp_data,SF,2194619,0,1,0.0,0.0,1.0,0.0,0.0,0.0,0.0,0,27288.0
eco_i,SF,18,0,0,0.0,0.0,1.0,0.0,1.0,0.0,0.0,1,12469.0
http,SF,238,5887,1,0.0,0.0,1.0,0.0,0.05,0.0,0.01,0,10759.0
http,SF,200,955,1,0.0,0.0,1.0,0.0,0.01,0.0,0.0,0,370.0
private,RSTOS0,0,0,0,0.65,0.5,0.01,0.41,0.0,0.5,0.5,1,73877.0
http,SF,327,308,1,0.0,0.0,1.0,0.0,0.0,0.0,0.0,0,51981.0
eco_i,SF,8,0,0,0.0,0.0,1.0,0.0,0.26,0.0,0.0,1,60374.0
eco_i,SF,8,0,0,0.0,0.0,1.0,0.0,0.26,0.5,0.0,1,124230.0
http,SF,237,484,1,0.0,0.0,1.0,0.0,0.0,0.0,0.0,0,31291.0
http,SF,299,12471,1,0.0,0.0,1.0,0.0,0.0,0.0,0.0,0,13982.0
csnet_ns,S0,0,0,0,1.0,1.0,0.07,0.06,0.0,1.0,1.0,1,22829.0
finger,S0,0,0,0,1.0,1.0,0.28,0.08,0.0,1.0,1.0,1,75745.0
smtp,SF,1026,328,1,0.0,0.0,0.5,1.0,0.01,0.0,0.0,0,9037.0
private,REJ,0,0,0,0.06,0.0,0.0,1.0,0.0,0.08,0.0,1,68583.0
http,SF,308,1735,1,0.0,0.0,1.0,0.0,0.03,0.0,0.0,0,66368.0
http,SF,229,5329,1,0.0,0.05,1.0,0.0,0.07,0.0,0.0,0,60025.0
http,SF,260,772,1,0.0,0.0,1.0,0.0,0.0,0.0,0.0,0,55950.0
private,S0,0,0,0,1.0,1.0,0.02,0.07,0.0,1.0,1.0,1,120144.0
http,SF,225,955,1,0.0,0.0,1.0,0.0,0.0,0.0,0.0,0,16619.0
http,SF,236,1112,1,0.0,0.0,1.0,0.0,0.01,0.0,0.0,0,40811.0
http,SF,306,3222,1,0.0,0.0,1.0,0.0,0.0,0.0,0.0,0,90468.0
Z39_50,S0,0,0,0,1.0,1.0,0.0,0.08,0.0,1.0,1.0,1,59516.0
private,S0,0,0,0,1.0,1.0,0.04,0.07,0.0,1.0,1.0,1,43406.0
domain_u,SF,45,143,0,0.0,0.0,1.0,0.0,0.0,0.0,0.0,0,46451.0
nnsp,S0,0,0,0,1.0,1.0,0.07,0.06,0.0,1.0,1.0,1,32440.0
private,S0,0,0,0,1.0,1.0,0.06,0.07,0.0,1.0,1.0,1,60986.0
http,REJ,0,0,0,0.0,0.0,1.0,0.0,0.09,0.0,0.0,0,8368.0
private,S0,0,0,0,1.0,1.0,0.06,0.06,0.0,1.0,1.0,1,26946.0
iso_tsap,S0,0,0,0,1.0,1.0,0.04,0.07,0.0,1.0,1.0,1,3101.0
time,S0,0,0,0,1.0,1.0,0.07,0.05,0.0,1.0,1.0,1,102347.0
private,S0,0,0,0,1.0,1.0,0.08,0.06,0.0,1.0,1.0,1,42303.0
ftp_data,SF,5558,0,0,0.0,0.0,1.0,0.0,0.0,0.0,0.0,0,105368.0
http,SF,312,765,1,0.0,0.0,1.0,0.0,0.0,0.0,0.0,0,119115.0
private,REJ,0,0,0,0.01,0.0,0.01,1.0,0.0,0.0,0.0,1,86867.0
private,S0,0,0,0,1.0,1.0,0.01,0.06,0.0,1.0,1.0,1,54697.0
domain_u,SF,43,43,0,0.0,0.0,0.99,0.02,0.0,0.0,0.0,0,69293.0
private,S0,0,0,0,1.0,1.0,0.02,0.07,0.0,1.0,1.0,1,17770.0
hostnames,S0,0,0,0,1.0,1.0,0.11,0.07,0.0,1.0,1.0,1,29600.0
imap4,S0,0,0,0,1.0,1.0,0.03,0.06,0.0,1.0,1.0,1,123507.0
http,SF,347,814,1,0.0,0.0,1.0,0.0,0.01,0.0,0.0,0,60771.0
http,SF,269,745,1,0.0,0.0,1.0,0.0,0.02,0.0,0.0,0,4788.0
discard,S0,0,0,0,1.0,1.0,0.13,0.06,0.0,1.0,1.0,1,76393.0
ecr_i,SF,1032,0,0,0.0,0.0,1.0,0.0,0.0,0.0,0.0,1,99822.0
smtp,SF,977,368,1,0.0,0.0,1.0,0.0,0.02,0.0,0.0,0,106032.0
http,S0,0,0,0,0.96,1.0,0.29,0.11,0.0,1.0,1.0,1,68401.0
http,SF,320,1683,1,0.0,0.0,1.0,0.0,0.0,0.0,0.0,0,45535.0
private,S0,0,0,0,1.0,1.0,0.06,0.06,0.0,1.0,1.0,1,124205.0
http,SF,296,3231,1,0.0,0.0,1.0,0.0,0.03,0.0,0.0,0,119628.0
http,SF,194,1263,1,0.0,0.0,1.0,0.0,0.01,0.0,0.0,0,42373.0
netbios_ns,REJ,0,0,0,0.0,0.0,0.03,0.06,0.0,0.0,0.0,1,55465.0
ftp_data,SF,1342,0,0,0.0,0.0,1.0,0.0,0.0,0.0,0.0,0,121456.0
private,REJ,0,0,0,0.0,0.0,0.02,0.08,0.0,0.0,0.0,1,55062.0
domain,REJ,0,0,0,0.0,0.0,0.03,0.06,0.0,0.0,0.0,1,88164.0
http,SF,258,2833,1,0.0,0.0,1.0,0.0,0.02,0.0,0.0,0,105973.0
smtp,SF,1131,328,1,0.0,0.0,1.0,0.0,0.01,0.0,0.0,0,107661.0
http,SF,216,354,1,0.0,0.0,1.0,0.0,0.0,0.0,0.0,0,77718.0
ftp_data,SF,334,0,1,0.0,0.0,1.0,0.0,0.17,0.0,0.0,1,30182.0
http,SF,310,717,1,0.0,0.0,1.0,0.0,0.0,0.0,0.0,0,121625.0
http,SF,233,1651,1,0.0,0.0,1.0,0.0,0.02,0.0,0.0,0,13227.0
http,SF,348,342,1,0.0,0.0,1.0,0.0,0.02,0.0,0.01,0,79025.0
http,SF,208,841,1,0.0,0.0,1.0,0.0,0.0,0.0,0.0,0,46651.0
time,S0,0,0,0,1.0,1.0,0.02,0.06,0.0,1.0,1.0,1,13091.0
http,SF,209,296,1,0.0,0.0,1.0,0.0,0.0,0.0,0.0,0,122135.0
private,REJ,0,0,0,0.0,0.0,0.08,0.07,0.0,0.0,0.0,1,115459.0
private,S0,0,0,0,1.0,1.0,0.04,0.06,0.0,1.0,1.0,1,42067.0
http,SF,308,2507,1,0.0,0.0,1.0,0.0,0.0,0.0,0.0,0,109251.0
private,S0,0,0,0,1.0,1.0,0.11,0.06,0.0,1.0,1.0,1,75939.0
ftp_data,S3,40495,0,1,0.09,0.09,1.0,0.0,0.03,0.02,0.03,0,125033.0
ecr_i,SF,1032,0,0,0.0,0.0,1.0,0.0,0.0,0.14,0.0,1,7864.0
csnet_ns,REJ,0,0,0,0.0,0.0,0.05,0.07,0.0,0.0,0.0,1,103846.0
other,SF,5891,0,1,0.07,0.0,0.07,0.33,0.0,0.03,0.0,0,57011.0
other,SF,145,105,0,0.0,0.0,0.2,0.2,0.0,0.0,0.0,0,9158.0
http,SF,316,4675,1,0.0,0.0,1.0,0.0,0.03,0.0,0.0,0,84542.0
domain_u,SF,43,129,0,0.0,0.0,1.0,0.0,0.0,0.0,0.0,0,108939.0
daytime,S0,0,0,0,1.0,1.0,0.02,0.04,0.0,1.0,1.0,1,103059.0
domain_u,SF,44,127,0,0.0,0.0,1.0,0.0,0.0,0.0,0.0,0,82643.0
supdup,REJ,0,0,0,0.0,0.0,0.07,0.07,0.0,0.0,0.0,1,5202.0
ftp_data,SF,3676,0,1,0.0,0.0,0.94,0.12,0.0,0.0,0.0,0,123386.0
http,SF,187,21002,1,0.0,0.0,1.0,0.0,0.04,0.0,0.0,0,23228.0
private,S0,0,0,0,1.0,1.0,0.15,0.06,0.0,1.0,1.0,1,32758.0
ftp_data,SF,641,0,1,0.0,0.0,1.0,0.0,0.03,0.0,0.0,0,68615.0
http,SF,303,1075,1,0.0,0.0,1.0,0.0,0.0,0.0,0.0,0,92174.0
private,S0,0,0,0,1.0,1.0,0.25,0.05,0.0,1.0,1.0,1,45594.0
http,SF,290,864,1,0.0,0.0,1.0,0.0,0.05,0.0,0.0,0,116829.0
http,SF,290,2367,1,0.0,0.0,1.0,0.0,0.02,0.01,0.0,0,67905.0
http,S0,0,0,0,1.0,1.0,0.62,0.31,0.0,1.0,1.0,1,58008.0
private,S0,0,0,0,1.0,1.0,0.03,0.06,0.0,1.0,1.0,1,38782.0
private,S0,0,0,0,1.0,1.0,0.09,0.13,0.0,1.0,1.0,1,93841.0
domain_u,SF,42,143,0,0.0,0.0,1.0,0.0,0.0,0.0,0.0,0,61475.0
ftp_data,SF,748,0,0,0.0,0.0,1.0,0.0,0.03,0.01,0.01,0,125267.0
private,RSTR,0,0,0,0.0,0.0,1.0,0.0,0.0,0.0,0.0,1,30339.0
finger,S0,0,0,0,1.0,1.0,0.27,0.08,0.0,1.0,1.0,1,17836.0
supdup,S0,0,0,0,1.0,1.0,0.03,0.06,0.0,1.0,1.0,1,73558.0
eco_i,SF,8,0,0,0.0,0.0,1.0,0.0,0.52,0.0,0.0,1,40012.0
http,SF,229,7219,1,0.0,0.0,1.0,0.0,0.0,0.0,0.0,0,68399.0
ftp_data,SF,5319,0,0,0.0,0.0,1.0,0.0,0.0,0.89,0.0,0,65927.0
http,SF,228,505,1,0.0,0.0,1.0,0.0,0.02,0.0,0.0,0,58665.0
http,REJ,0,0,0,0.0,0.0,1.0,0.0,0.21,0.0,0.0,0,39214.0
ftp,S0,0,0,0,1.0,1.0,0.05,0.06,0.0,1.0,1.0,1,57283.0
http,SF,284,7405,1,0.0,0.0,1.0,0.0,0.05,0.0,0.0,0,65425.0
Z39_50,S0,0,0,0,1.0,1.0,0.06,0.06,0.0,1.0,1.0,1,31780.0
domain_u,SF,44,73,0,0.0,0.0,1.0,0.0,0.0,0.0,0.0,0,87153.0
private,REJ,0,0,0,0.06,0.0,0.0,1.0,0.0,0.09,0.0,1,115169.0
http,SF,241,8015,1,0.0,0.0,1.0,0.0,0.02,0.0,0.0,0,86874.0
whois,S0,0,0,0,1.0,1.0,0.04,0.13,0.0,1.0,1.0,1,873.0
http,SF,306,1075,1,0.0,0.0,1.0,0.0,0.0,0.0,0.0,0,23274.0
private,REJ,0,0,0,0.08,0.0,0.0,1.0,0.0,0.13,0.0,1,118585.0
http,SF,330,21542,1,0.0,0.0,1.0,0.0,0.01,0.0,0.01,0,106197.0
http,SF,293,1976,1,0.0,0.0,1.0,0.0,0.06,0.0,0.0,0,119627.0
exec,S0,0,0,0,1.0,1.0,0.09,0.05,0.0,1.0,1.0,1,50386.0
private,S0,0,0,0,1.0,1.0,0.11,0.06,0.0,1.0,1.0,1,81144.0
http,SF,233,1108,1,0.0,0.0,1.0,0.0,0.02,0.0,0.0,0,63561.0
http,SF,204,334,1,0.0,0.0,1.0,0.0,0.05,0.0,0.0,0,123285.0
http,SF,229,2507,1,0.0,0.0,1.0,0.0,0.0,0.03,0.03,0,106885.0
hostnames,S0,0,0,0,1.0,1.0,0.04,0.06,0.0,1.0,1.0,1,20284.0
ecr_i,SF,1032,0,0,0.0,0.0,1.0,0.0,0.0,0.0,0.0,1,26627.0
domain_u,SF,45,111,0,0.0,0.0,1.0,0.0,0.0,0.0,0.0,0,111519.0
http,SF,194,904,1,0.0,0.0,1.0,0.0,0.01,0.0,0.0,0,3338.0
imap4,S0,0,0,0,1.0,1.0,0.01,0.06,0.0,1.0,1.0,1,119887.0
whois,REJ,0,0,0,0.0,0.0,0.1,0.06,0.0,0.0,0.0,1,29020.0
domain_u,SF,43,69,0,0.0,0.0,1.0,0.01,0.0,0.0,0.0,0,49699.0
smtp,SF,1671,365,1,0.0,0.0,1.0,0.0,0.01,0.0,0.0,0,89599.0
private,S0,0,0,0,1.0,1.0,0.05,0.06,0.0,1.0,1.0,1,67348.0
ftp_data,S0,0,0,0,1.0,1.0,0.17,0.5,0.0,1.0,1.0,1,3300.0
http,SF,251,276,1,0.0,0.0,0.75,0.5,0.0,0.0,0.0,0,25494.0
smtp,SF,623,328,1,0.0,0.0,1.0,0.0,0.0,0.0,0.0,0,45611.0
smtp,SF,3338,340,1,0.0,0.0,1.0,0.0,0.02,0.01,0.0,0,45334.0
sunrpc,S0,0,0,0,1.0,1.0,0.11,0.04,0.0,1.0,1.0,1,7191.0
eco_i,SF,18,0,0,0.0,0.0,1.0,0.0,1.0,0.0,0.0,1,42237.0
csnet_ns,S0,0,0,0,1.0,1.0,0.01,0.06,0.0,1.0,1.0,1,62041.0
private,S0,0,0,0,1.0,1.0,0.1,0.06,0.0,1.0,1.0,1,30559.0
http,SF,200,280,1,0.0,0.0,1.0,0.0,0.06,0.0,0.0,0,37189.0
http,SF,293,13599,1,0.0,0.0,1.0,0.0,0.01,0.0,0.0,0,59042.0
http,SF,233,3140,1,0.0,0.0,1.0,0.0,0.03,0.0,0.0,0,108174.0
http,SF,219,470,1,0.0,0.0,1.0,0.0,0.02,0.0,0.0,0,11957.0
private,S0,0,0,0,1.0,1.0,0.25,0.05,0.0,1.0,1.0,1,123417.0
http,SF,237,804,1,0.0,0.0,1.0,0.0,0.06,0.0,0.0,0,111361.0
http,SF,241,1481,1,0.0,0.0,1.0,0.0,0.03,0.0,0.0,0,36706.0
telnet,S0,0,0,0,1.0,1.0,0.67,0.67,0.0,1.0,1.0,1,94693.0
http,SF,230,611,1,0.0,0.0,1.0,0.0,0.01,0.0,0.0,0,76312.0
ftp_data,SF,88382,0,1,0.0,0.0,1.0,0.0,0.03,0.0,0.0,0,3928.0
finger,RSTOS0,0,0,0,0.0,0.0,0.01,0.56,0.0,0.0,0.0,1,93385.0
nnsp,REJ,0,0,0,0.0,0.0,0.05,0.09,0.0,0.0,0.0,1,46311.0
ftp_data,SF,1470,0,1,0.0,0.0,1.0,0.0,0.03,0.0,0.22,0,10630.0
http,SF,308,2241,1,0.0,0.0,1.0,0.0,0.0,0.0,0.0,0,116551.0
http,SF,54540,8314,1,0.0,0.0,1.0,0.0,0.0,0.0,0.0,1,118656.0
eco_i,SF,8,0,0,0.0,0.0,1.0,0.0,0.51,0.0,0.0,1,90391.0
smtp,SF,1477,367,1,0.0,0.0,1.0,0.0,0.02,0.0,0.0,0,92463.0
auth,S0,0,0,0,1.0,1.0,0.08,0.05,0.0,1.0,1.0,1,110616.0
private,REJ,0,0,0,0.0,0.0,0.5,1.0,0.0,0.0,0.0,1,28610.0
http,SF,209,296,1,0.0,0.0,1.0,0.0,0.0,0.0,0.0,0,93399.0
http,SF,241,2603,1,0.0,0.0,1.0,0.0,0.03,0.0,0.0,0,16906.0
telnet,SF,101,2136,1,0.0,0.0,1.0,0.0,0.67,0.0,0.0,0,88364.0
ctf,S0,0,0,0,1.0,1.0,0.12,0.06,0.0,1.0,1.0,1,7143.0
ecr_i,SF,1032,0,0,0.0,0.0,1.0,0.0,0.0,0.0,0.0,1,23856.0
http,SF,215,2990,1,0.0,0.0,1.0,0.0,0.03,0.0,0.0,0,117263.0
ftp,SF,1225,2451,1,0.0,0.0,1.0,0.0,0.0,0.0,0.0,1,9133.0
http,SF,228,26903,1,0.0,0.0,1.0,0.0,0.0,0.0,0.0,0,84392.0
ftp_data,SF,276,0,1,0.0,0.0,1.0,0.0,0.02,0.03,0.0,0,20926.0
ftp_data,SF,2194619,0,0,0.0,0.0,1.0,0.0,0.0,0.0,0.0,0,15723.0
http,SF,218,5200,1,0.0,0.0,1.0,0.0,0.0,0.0,0.0,0,118903.0
finger,S0,0,0,0,1.0,1.0,0.38,0.19,0.0,1.0,1.0,1,62653.0
Z39_50,S0,0,0,0,1.0,1.0,0.09,0.05,0.0,1.0,1.0,1,55366.0
efs,S0,0,0,0,1.0,1.0,0.15,0.05,0.0,1.0,1.0,1,106566.0
netstat,S0,0,0,0,1.0,1.0,0.09,0.06,0.0,1.0,1.0,1,114106.0
http,SF,205,1400,1,0.0,0.0,1.0,0.0,0.02,0.0,0.0,0,2881.0
ecr_i,SF,1032,0,0,0.0,0.0,1.0,0.0,0.0,0.0,0.0,1,87366.0
hostnames,S0,0,0,0,1.0,1.0,0.08,0.05,0.0,1.0,1.0,1,96313.0
http_443,S0,0,0,0,1.0,1.0,0.03,0.06,0.0,1.0,1.0,1,29973.0
iso_tsap,S0,0,0,0,1.0,1.0,0.05,0.07,0.0,1.0,1.0,1,100648.0
smtp,SF,989,334,1,0.0,0.0,1.0,0.0,0.02,0.0,0.0,0,93414.0
http,SF,263,1630,1,0.0,0.0,1.0,0.0,0.0,0.0,0.0,0,55269.0
netbios_ns,S0,0,0,0,1.0,1.0,0.08,0.07,0.0,1.0,1.0,1,109100.0
eco_i,SF,8,0,0,0.0,0.0,1.0,0.0,0.51,0.0,0.0,1,32137.0
finger,S0,0,0,0,1.0,1.0,0.08,0.05,0.0,1.0,1.0,1,94856.0
private,SF,105,146,0,0.0,0.0,0.14,0.29,0.0,0.0,0.0,0,95559.0
ftp_data,SF,748,0,0,0.0,0.0,1.0,0.0,0.0,0.0,0.0,0,28105.0
smtp,SF,1599,327,1,0.0,0.0,1.0,0.0,0.01,0.0,0.01,0,55420.0
private,RSTR,0,0,0,0.0,0.0,1.0,0.0,0.0,0.0,0.0,1,61542.0
http,S0,0,0,0,1.0,1.0,0.03,0.06,0.0,1.0,1.0,1,97837.0
other,SF,146,105,0,0.0,0.0,1.0,0.0,0.0,0.0,0.0,0,65176.0
http,SF,320,516,1,0.0,0.0,1.0,0.0,0.0,0.0,0.0,0,112259.0
csnet_ns,S0,0,0,0,1.0,1.0,0.16,0.09,0.0,1.0,1.0,1,111353.0
domain_u,SF,34,0,0,0.0,0.0,1.0,0.0,0.07,0.0,0.0,0,65350.0
http_443,S0,0,0,0,1.0,1.0,0.19,0.09,0.0,1.0,1.0,1,49290.0
http,SF,225,4017,1,0.0,0.0,1.0,0.0,0.03,0.0,0.0,0,120946.0
other,SF,35195,0,1,0.04,0.0,0.04,0.46,0.0,0.01,0.0,0,18163.0
exec,S0,0,0,0,1.0,1.0,0.14,0.06,0.0,1.0,1.0,1,111196.0
private,S0,0,0,0,1.0,1.0,0.16,0.08,0.0,1.0,1.0,1,42052.0
domain_u,SF,46,131,0,0.0,0.0,1.0,0.0,0.0,0.0,0.0,0,91658.0
smtp,SF,1417,390,1,0.0,0.0,1.0,0.0,0.0,0.0,0.0,0,112095.0
private,RSTR,1,0,0,0.0,0.0,1.0,0.0,0.0,0.0,0.0,1,37031.0
private,S0,0,0,0,1.0,1.0,0.23,0.06,0.0,1.0,1.0,1,73202.0
http,SF,220,696,1,0.0,0.0,1.0,0.0,0.02,0.0,0.0,0,110093.0
finger,S0,0,0,0,1.0,1.0,0.09,0.05,0.0,1.0,1.0,1,37696.0
private,S0,0,0,0,1.0,1.0,0.05,0.06,0.0,1.0,1.0,1,92702.0
http,SF,311,1646,1,0.0,0.0,1.0,0.0,0.04,0.0,0.0,0,89368.0
smtp,SF,1368,329,1,0.0,0.0,1.0,0.0,0.01,0.0,0.0,0,25202.0
domain_u,SF,45,127,0,0.0,0.0,1.0,0.0,0.0,0.0,0.0,0,55651.0
http,SF,306,1337,1,0.0,0.0,1.0,0.0,0.01,0.0,0.0,0,62987.0
http,REJ,0,0,0,0.0,0.0,1.0,0.0,0.16,0.0,0.0,0,41525.0
telnet,S0,0,0,0,1.0,1.0,0.5,1.0,0.0,1.0,1.0,1,35024.0
bgp,S0,0,0,0,1.0,1.0,0.13,0.07,0.0,1.0,1.0,1,98907.0
ftp_data,SF,26408,0,1,0.0,0.0,1.0,0.0,0.0,0.37,0.0,0,115997.0
domain_u,SF,46,46,0,0.0,0.0,1.0,0.0,0.0,0.0,0.0,0,91846.0
eco_i,SF,8,0,0,0.0,0.0,1.0,0.0,0.5,0.0,0.0,1,47127.0
printer,S0,0,0,0,1.0,1.0,0.13,0.06,0.0,1.0,1.0,1,51560.0
smtp,SF,670,331,1,0.0,0.0,1.0,0.0,0.06,0.0,0.0,0,6280.0
remote_job,REJ,0,0,0,0.0,0.0,0.02,0.06,0.0,0.0,0.0,1,26516.0
http,SF,225,1645,1,0.0,0.0,1.0,0.0,0.0,0.0,0.0,0,123677.0
domain_u,SF,45,135,0,0.0,0.0,1.0,0.0,0.0,0.0,0.0,0,6293.0
eco_i,SF,8,0,0,0.0,0.0,1.0,0.0,0.5,0.0,0.0,1,12580.0
domain,S0,0,0,0,1.0,1.0,0.03,0.06,0.0,1.0,1.0,1,11263.0
other,SF,516,4,0,0.0,0.0,1.0,0.0,0.0,0.0,0.0,0,125554.0
http,SF,243,725,1,0.0,0.0,1.0,0.0,0.02,0.0,0.0,0,110380.0
domain_u,SF,42,129,0,0.0,0.0,1.0,0.0,0.01,0.0,0.0,0,45091.0
ftp_data,SF,501760,0,1,0.0,0.0,1.0,0.0,0.0,0.0,0.0,0,24735.0
http,REJ,0,0,0,0.0,0.0,1.0,0.0,0.03,0.0,0.02,0,10842.0
domain_u,SF,32,0,0,0.0,0.0,1.0,0.0,0.09,0.0,0.0,0,82178.0
http,SF,308,1380,1,0.0,0.0,1.0,0.0,0.0,0.01,0.01,0,125553.0
http,SF,331,1483,1,0.0,0.0,1.0,0.0,0.01,0.0,0.0,0,6316.0
systat,S0,0,0,0,1.0,1.0,0.07,0.06,0.0,1.0,1.0,1,67188.0
private,S0,0,0,0,1.0,1.0,0.04,0.06,0.0,1.0,1.0,1,115219.0
domain_u,SF,46,112,0,0.0,0.0,0.25,0.25,0.0,0.0,0.0,0,6482.0
eco_i,SF,8,0,0,0.0,0.0,1.0,0.0,0.51,0.0,0.0,1,40196.0
http,SF,313,4597,1,0.0,0.0,1.0,0.0,0.0,0.0,0.0,0,59127.0
ftp_data,S0,0,0,0,1.0,1.0,0.09,0.08,0.0,1.0,1.0,1,42417.0
nntp,S0,0,0,0,1.0,1.0,0.01,0.07,0.0,1.0,1.0,1,89690.0
http,SF,334,5662,1,0.0,0.0,1.0,0.0,0.05,0.0,0.01,0,122879.0
http,SF,327,17960,1,0.0,0.0,1.0,0.0,0.01,0.0,0.0,0,61825.0
domain_u,SF,45,77,0,0.0,0.0,1.0,0.0,0.0,0.0,0.0,0,38657.0
http,SF,289,4672,1,0.0,0.0,1.0,0.0,0.02,0.0,0.0,0,114984.0
http,SF,307,667,1,0.0,0.0,1.0,0.0,0.0,0.0,0.0,0,51761.0
auth,SF,13,37,1,0.0,0.0,1.0,0.0,0.0,0.0,0.0,0,51643.0
http,SF,289,1586,1,0.0,0.0,1.0,0.0,0.02,0.0,0.0,0,123413.0
private,S0,0,0,0,1.0,1.0,0.09,0.07,0.0,1.0,1.0,1,9580.0
http,SF,197,27228,1,0.0,0.0,1.0,0.0,0.03,0.0,0.0,0,80712.0
finger,S0,0,0,0,1.0,1.0,0.27,0.11,0.0,1.0,1.0,1,55880.0
domain_u,SF,45,138,0,0.0,0.0,0.99,0.01,0.0,0.0,0.0,0,75474.0
ecr_i,SF,520,0,0,0.0,0.0,1.0,0.0,0.0,0.0,0.0,1,94646.0
http,SF,294,2199,1,0.0,0.0,1.0,0.0,0.07,0.0,0.01,0,88987.0
private,S0,0,0,0,1.0,1.0,0.08,0.08,0.0,1.0,1.0,1,29945.0
pop_2,RSTR,0,0,0,0.0,0.0,1.0,0.0,0.0,0.0,0.0,1,65985.0
private,S0,0,0,0,1.0,1.0,0.07,0.06,0.0,1.0,1.0,1,124864.0
private,SF,28,0,0,0.0,0.0,1.0,0.0,0.0,0.01,0.0,1,119456.0
domain_u,SF,45,130,0,0.0,0.0,1.0,0.0,0.01,0.0,0.0,0,96549.0
domain_u,SF,42,127,0,0.0,0.0,1.0,0.0,0.01,0.0,0.0,0,101026.0
http,S0,0,0,0,1.0,1.0,0.27,0.27,0.0,1.0,1.0,1,115945.0
http,SF,377,3497,1,0.0,0.0,1.0,0.0,0.0,0.0,0.0,0,115992.0
nntp,S0,0,0,0,1.0,1.0,0.07,0.08,0.0,1.0,1.0,1,46856.0
private,REJ,0,0,0,0.1,0.0,0.0,1.0,0.0,0.09,0.0,1,113130.0
domain_u,SF,43,129,0,0.0,0.0,1.0,0.01,0.0,0.0,0.0,0,34921.0
http_443,REJ,0,0,0,0.0,0.0,0.01,0.07,0.0,0.0,0.0,1,107208.0
telnet,SF,137,1351,1,0.0,0.0,1.0,0.0,0.0,0.0,0.0,1,112932.0
auth,S0,0,0,0,1.0,1.0,0.02,0.06,0.0,1.0,1.0,1,88521.0
domain_u,SF,44,127,0,0.0,0.0,0.99,0.03,0.0,0.0,0.0,0,1447.0
private,S0,0,0,0,1.0,1.0,0.4,0.33,0.0,1.0,1.0,1,96277.0
other,RSTR,1,0,0,0.0,0.0,1.0,0.0,0.0,0.0,0.0,1,91302.0
other,REJ,0,0,0,0.09,0.0,0.0,1.0,0.0,0.04,0.0,1,107323.0
private,S0,0,0,0,1.0,1.0,0.03,0.06,0.0,1.0,1.0,1,118993.0
domain_u,SF,17,73,0,0.0,0.0,1.0,0.0,0.0,0.0,0.0,0,19373.0
finger,S0,0,0,0,1.0,1.0,0.57,0.29,0.0,1.0,1.0,1,58109.0
eco_i,SF,30,0,0,0.0,0.0,1.0,0.0,0.47,0.0,0.0,0,56136.0
ctf,S0,0,0,0,1.0,1.0,0.01,0.06,0.0,1.0,1.0,1,46783.0
private,SF,28,0,0,0.0,0.0,0.98,0.03,0.0,0.0,0.0,1,54709.0
http,SF,215,11245,1,0.2,0.29,1.0,0.0,0.05,0.2,0.0,0,54064.0
other,SF,6601,0,0,0.06,0.0,0.06,0.72,0.0,0.0,0.0,0,88108.0
http,SF,220,1209,1,0.0,0.0,1.0,0.0,0.07,0.0,0.0,0,88184.0
private,S0,0,0,0,1.0,1.0,0.08,0.06,0.0,1.0,1.0,1,45503.0
other,SF,516,4,0,0.0,0.0,1.0,0.0,0.0,0.0,0.0,0,65463.0
ecr_i,SF,1032,0,0,0.0,0.0,1.0,0.0,0.0,0.0,0.0,1,22229.0
http,SF,299,1177,1,0.0,0.0,1.0,0.0,0.02,0.0,0.0,0,53132.0
private,S0,0,0,0,1.0,1.0,0.0,0.06,0.0,1.0,1.0,1,665.0
http,SF,318,1099,1,0.0,0.0,1.0,0.0,0.03,0.0,0.0,0,67441.0
private,SF,105,146,0,0.0,0.0,1.0,0.0,0.0,0.0,0.0,0,42185.0
courier,S0,0,0,0,1.0,1.0,0.13,0.06,0.0,1.0,1.0,1,40369.0
http,SF,54540,8314,1,0.0,0.0,1.0,0.0,0.0,0.0,0.0,1,49456.0
http,SF,300,1075,1,0.0,0.0,1.0,0.0,0.0,0.0,0.0,0,14030.0
login,S0,0,0,0,1.0,1.0,0.04,0.06,0.0,1.0,1.0,1,78628.0
domain_u,SF,44,128,0,0.0,0.0,1.0,0.0,0.0,0.0,0.0,0,33882.0
name,REJ,0,0,0,0.0,0.0,0.03,0.06,0.0,0.0,0.0,1,22256.0
private,S0,0,0,0,1.0,1.0,0.08,0.05,0.0,1.0,1.0,1,93459.0
ecr_i,SF,1032,0,0,0.0,0.0,1.0,0.0,0.0,0.02,0.0,1,30605.0
eco_i,SF,8,0,0,0.0,0.0,1.0,0.0,0.25,0.0,0.0,1,79977.0
private,S0,0,0,0,1.0,1.0,0.07,0.06,0.0,1.0,1.0,1,30551.0
other,SF,146,105,0,0.0,0.0,1.0,0.0,0.0,0.0,0.0,0,56200.0
http,SF,242,4145,1,0.0,0.0,1.0,0.0,0.0,0.0,0.0,0,124784.0
http,REJ,0,0,0,0.0,0.0,1.0,0.0,0.09,0.0,0.09,0,100221.0
sql_net,S0,0,0,0,1.0,1.0,0.01,0.06,0.0,1.0,1.0,1,60831.0
private,REJ,0,0,0,0.0,0.0,0.12,0.06,0.0,0.0,0.0,1,6992.0
Z39_50,S0,0,0,0,1.0,1.0,0.04,0.06,0.0,1.0,1.0,1,83286.0
private,REJ,0,0,0,0.0,0.0,0.05,0.07,0.0,0.0,0.0,1,26096.0
ecr_i,SF,1032,0,0,0.0,0.0,1.0,0.0,0.0,0.0,0.0,1,116968.0
http,SF,220,426,1,0.0,0.0,1.0,0.0,0.06,0.0,0.01,0,115980.0
http,REJ,0,0,0,0.0,0.0,1.0,0.0,0.1,0.0,0.0,0,21833.0
eco_i,SF,8,0,0,0.0,0.0,1.0,0.0,0.5,0.0,0.0,1,66311.0
http,SF,232,770,1,0.0,0.0,1.0,0.0,0.04,0.0,0.0,0,102815.0
ftp_data,SF,11376,0,0,0.0,0.0,1.0,0.0,0.0,0.88,0.0,0,38162.0
http,SF,222,259,1,0.0,0.0,1.0,0.0,0.0,0.0,0.0,0,24964.0
http,SF,299,4073,1,0.0,0.0,1.0,0.0,0.0,0.0,0.0,0,117605.0
eco_i,SF,8,0,0,0.0,0.0,1.0,0.0,0.5,0.0,0.0,1,3959.0
link,S0,0,0,0,1.0,1.0,0.03,0.06,0.0,1.0,1.0,1,54161.0
http,SF,322,6660,1,0.0,0.0,1.0,0.0,0.01,0.01,0.0,0,122796.0
domain_u,SF,45,142,0,0.0,0.0,1.0,0.01,0.0,0.0,0.0,0,6839.0
http,SF,203,475,1,0.0,0.0,1.0,0.0,0.08,0.01,0.0,0,86022.0
private,S0,0,0,0,1.0,1.0,0.2,0.09,0.0,1.0,1.0,1,60740.0
bgp,S0,0,0,0,1.0,1.0,0.08,0.05,0.0,1.0,1.0,1,8158.0
smtp,SF,3044,330,1,0.0,0.0,1.0,0.0,0.01,0.0,0.0,0,104528.0
exec,RSTO,0,0,0,0.0,0.0,0.11,0.06,0.0,0.0,0.0,1,125045.0
ecr_i,SF,520,0,0,0.0,0.0,1.0,0.0,0.0,0.0,0.0,1,125360.0
ecr_i,SF,1032,0,0,0.0,0.0,1.0,0.0,0.0,0.0,0.0,1,106141.0
ftp_data,SF,383,0,1,0.0,0.0,1.0,0.0,0.02,0.0,0.0,0,47760.0
http,SF,205,668,1,0.0,0.0,1.0,0.0,0.03,0.0,0.0,0,70262.0
ecr_i,SF,1032,0,0,0.0,0.0,1.0,0.0,0.0,0.0,0.0,1,85038.0
http,SF,215,1722,1,0.0,0.0,1.0,0.0,0.0,0.0,0.0,0,115504.0
private,S0,0,0,0,1.0,1.0,0.02,0.05,0.0,1.0,1.0,1,72108.0
private,S0,0,0,0,1.0,1.0,0.03,0.05,0.0,1.0,1.0,1,97395.0
private,S0,0,0,0,1.0,1.0,0.02,0.07,0.0,1.0,1.0,1,37007.0
http,SF,238,366,1,0.0,0.0,1.0,0.0,0.05,0.0,0.0,0,17731.0
http,SF,341,1164,1,0.0,0.0,1.0,0.0,0.0,0.0,0.0,0,72450.0
private,S0,0,0,0,1.0,1.0,0.1,0.05,0.0,1.0,1.0,1,28714.0
http,REJ,0,0,0,0.0,0.0,1.0,0.0,0.14,0.0,0.0,0,109919.0
http,SF,297,1828,1,0.0,0.0,1.0,0.0,0.0,0.0,0.0,0,73464.0
ftp_data,SF,5891,0,1,0.0,0.0,1.0,0.0,0.02,0.0,0.0,0,60779.0
http,SF,327,976,1,0.0,0.0,1.0,0.0,0.03,0.0,0.0,0,60116.0
domain_u,SF,44,44,0,0.0,0.0,1.0,0.0,0.0,0.0,0.0,0,17903.0
uucp_path,S0,0,0,0,1.0,1.0,0.03,0.07,0.0,1.0,1.0,1,18976.0
http,SF,252,6160,1,0.0,0.0,1.0,0.0,0.04,0.0,0.0,0,25168.0
uucp,RSTR,1,0,0,0.0,0.0,1.0,0.0,0.0,0.0,0.0,1,21159.0
ftp_data,SF,12983,0,1,0.0,0.0,1.0,0.0,0.04,0.0,0.0,0,79122.0
ftp_data,SF,12,0,1,0.0,0.0,1.0,0.0,0.02,0.0,0.01,0,77560.0
finger,S0,0,0,0,1.0,1.0,0.08,0.04,0.0,1.0,1.0,1,48802.0
http,SF,214,860,1,0.0,0.0,1.0,0.0,0.01,0.0,0.0,0,12897.0
private,S0,0,0,0,1.0,1.0,0.05,0.07,0.0,1.0,1.0,1,30386.0
http,SF,316,293,1,0.0,0.0,1.0,0.0,0.0,0.0,0.0,0,29661.0
ftp_data,SF,4539,0,1,0.0,0.0,1.0,0.0,0.04,0.0,0.0,0,60652.0
courier,S0,0,0,0,1.0,1.0,0.12,0.06,0.0,1.0,1.0,1,15964.0
domain_u,SF,42,42,0,0.0,0.0,1.0,0.0,0.0,0.0,0.0,0,104270.0
domain_u,SF,44,137,0,0.0,0.0,1.0,0.0,0.0,0.0,0.0,0,34788.0
private,S0,0,0,0,1.0,1.0,0.03,0.06,0.0,1.0,1.0,1,85527.0
daytime,S0,0,0,0,1.0,1.0,0.04,0.05,0.0,1.0,1.0,1,42668.0
private,S0,0,0,0,1.0,1.0,0.24,0.05,0.0,1.0,1.0,1,6189.0
private,S0,0,0,0,1.0,1.0,0.05,0.07,0.0,1.0,1.0,1,37334.0
vmnet,S0,0,0,0,1.0,1.0,0.04,0.06,0.0,1.0,1.0,1,102955.0
smtp,S0,0,0,0,1.0,1.0,0.19,0.05,0.0,1.0,1.0,1,14264.0
ecr_i,SF,1032,0,0,0.0,0.0,1.0,0.0,0.0,0.0,0.0,1,11937.0
smtp,SF,833,499,1,0.0,0.0,1.0,0.0,0.01,0.0,0.0,0,101054.0
http,SF,318,10655,1,0.0,0.0,1.0,0.0,0.04,0.0,0.0,0,54923.0
private,S0,0,0,0,1.0,1.0,0.04,0.06,0.0,1.0,1.0,1,124070.0
ecr_i,SF,30,0,0,0.0,0.0,1.0,0.0,0.0,0.0,0.0,0,111413.0
http,SF,326,1380,1,0.0,0.0,1.0,0.0,0.04,0.0,0.0,0,24547.0
auth,SF,10,36,1,0.0,0.0,1.0,0.0,0.0,0.0,0.0,0,31505.0
private,REJ,0,0,0,0.0,0.0,0.03,0.07,0.0,0.0,0.0,1,93115.0
exec,RSTO,0,0,0,0.0,0.0,0.09,0.06,0.0,0.0,0.0,1,110803.0
domain_u,SF,45,71,0,0.0,0.0,1.0,0.0,0.0,0.0,0.0,0,5799.0
uucp,S0,0,0,0,1.0,1.0,0.02,0.07,0.0,1.0,1.0,1,108992.0
http,SF,54540,8314,1,0.0,0.0,1.0,0.0,0.0,0.0,0.0,1,51143.0
other,RSTR,1,0,0,0.0,0.0,1.0,0.0,0.0,0.0,0.0,1,11532.0
http,SF,300,1037,1,0.0,0.0,1.0,0.0,0.0,0.0,0.0,0,83100.0
private,S0,0,0,0,1.0,1.0,0.18,0.06,0.0,1.0,1.0,1,50136.0
ftp,SF,1224,2449,1,0.0,0.0,1.0,0.0,0.0,0.02,0.0,1,51297.0
private,S0,0,0,0,1.0,1.0,0.14,0.07,0.0,1.0,1.0,1,67506.0
other,SF,59,0,1,0.06,0.0,0.06,0.41,0.0,0.01,0.0,0,3107.0
private,RSTOS0,0,0,0,0.04,0.5,0.01,0.57,0.0,0.02,0.5,1,74460.0
http,SF,241,668,1,0.0,0.0,1.0,0.0,0.0,0.0,0.0,0,11355.0
ftp_data,SF,19,0,0,0.0,0.0,1.0,0.0,0.04,0.0,0.0,0,7169.0
netbios_dgm,S0,0,0,0,1.0,1.0,0.08,0.05,0.0,1.0,1.0,1,51942.0
http,SF,237,2325,1,0.0,0.0,1.0,0.0,0.0,0.0,0.0,0,110640.0
http,SF,229,301,1,0.0,0.0,1.0,0.0,0.02,0.0,0.01,0,47708.0
http,SF,212,4570,1,0.33,0.25,1.0,0.0,0.0,0.0,0.0,0,11475.0
domain_u,SF,128,44,0,0.0,0.0,1.0,0.0,0.0,0.0,0.0,0,654.0
domain_u,SF,44,113,0,0.0,0.0,1.0,0.0,0.0,0.0,0.0,0,35604.0
ftp_data,SF,965,0,1,0.0,0.0,1.0,0.0,0.0,0.0,0.0,0,59606.0
telnet,S0,0,0,0,1.0,1.0,0.22,0.07,0.0,1.0,1.0,1,98159.0
http,SF,149,436,1,0.0,0.0,1.0,0.0,0.03,0.0,0.01,0,72112.0
http,SF,349,6773,1,0.0,0.0,1.0,0.0,0.03,0.0,0.01,0,37215.0
ftp_data,SF,11,0,1,0.0,0.0,1.0,0.0,0.03,0.0,0.0,0,94912.0
urp_i,SF,182,0,0,0.0,0.0,0.5,1.0,0.0,0.0,0.0,0,90462.0
ftp_data,S0,0,0,0,1.0,1.0,0.03,0.06,0.0,1.0,1.0,1,125086.0
http,SF,272,2674,1,0.0,0.0,1.0,0.0,0.04,0.0,0.0,0,3397.0
other,SF,516,4,0,0.0,0.0,1.0,0.0,0.0,0.0,0.0,0,20129.0
domain_u,SF,91,0,0,0.0,0.0,1.0,0.0,0.0,0.0,0.0,0,46979.0
pop_2,REJ,0,0,0,0.0,0.0,0.01,0.07,0.0,0.0,0.0,1,29615.0
domain_u,SF,45,78,0,0.0,0.0,1.0,0.01,0.0,0.0,0.0,0,61425.0
time,S0,0,0,0,1.0,1.0,0.1,0.07,0.0,1.0,1.0,1,63700.0
smtp,SF,882,336,1,0.0,0.0,1.0,0.0,0.02,0.01,0.01,0,81612.0
http,SF,197,1342,1,0.0,0.0,1.0,0.0,0.04,0.0,0.0,0,9349.0
ssh,S0,0,0,0,1.0,1.0,0.02,0.06,0.0,1.0,1.0,1,2097.0
uucp_path,REJ,0,0,0,0.0,0.0,0.1,0.07,0.0,0.0,0.0,1,11247.0
http,SF,213,12596,1,0.0,0.0,1.0,0.0,0.05,0.0,0.0,0,46250.0
domain_u,SF,45,130,0,0.0,0.0,1.0,0.0,0.0,0.0,0.0,0,95730.0
http,SF,207,3452,1,0.0,0.0,1.0,0.0,0.0,0.0,0.0,0,99665.0
telnet,S0,0,0,0,1.0,1.0,0.65,0.08,0.0,1.0,1.0,1,27382.0
private,S0,0,0,0,1.0,1.0,0.75,0.5,0.0,1.0,1.0,1,52386.0
http,SF,215,7587,1,0.0,0.0,1.0,0.0,0.0,0.0,0.0,0,27415.0
http_443,S0,0,0,0,1.0,1.0,0.09,0.05,0.0,1.0,1.0,1,110772.0
http,SF,281,344,1,0.0,0.0,1.0,0.0,0.05,0.0,0.0,0,17644.0
ftp_data,SF,7162,0,0,0.0,0.0,0.89,0.22,0.02,0.04,0.0,0,16855.0
domain_u,SF,41,41,0,0.0,0.0,1.0,0.0,0.0,0.0,0.0,0,41617.0
netbios_ssn,S0,0,0,0,1.0,1.0,0.04,0.06,0.0,1.0,1.0,1,119452.0
ftp_data,S0,0,0,0,0.98,1.0,0.22,0.09,0.0,1.0,1.0,1,125230.0
ftp,SF,245,773,1,0.0,0.0,1.0,0.0,0.0,0.0,0.0,0,77330.0
ftp_data,SF,383,0,0,0.0,0.0,1.0,0.0,0.0,0.0,0.0,0,33146.0
http,SF,251,271,1,0.0,0.0,0.67,0.67,0.0,0.0,0.0,0,57233.0
http,SF,247,3892,1,0.0,0.0,1.0,0.0,0.0,0.0,0.0,0,28446.0
finger,S0,0,0,0,0.95,1.0,0.42,0.11,0.0,1.0,1.0,1,113200.0
private,S0,0,0,0,1.0,1.0,0.14,0.06,0.0,1.0,1.0,1,73775.0
http,SF,54540,8314,1,0.0,0.0,1.0,0.0,0.0,0.0,0.0,1,64639.0
private,RSTR,0,0,0,0.0,0.0,1.0,0.0,0.0,0.0,0.0,1,108753.0
http,SF,217,1818,1,0.0,0.0,1.0,0.0,0.0,0.0,0.0,0,88675.0
smtp,SF,605,324,1,0.0,0.0,1.0,0.0,0.0,0.0,0.0,0,101354.0
http,SF,247,1601,1,0.0,0.25,1.0,0.0,0.03,0.0,0.01,0,97728.0
http,SF,185,11380,1,0.0,0.0,1.0,0.0,0.0,0.0,0.0,0,69416.0
private,RSTR,1,0,0,0.0,0.0,1.0,0.0,0.0,0.0,0.0,1,110180.0
private,SF,105,146,0,0.0,0.0,1.0,0.0,0.0,0.0,0.0,0,106718.0
domain_u,SF,44,44,0,0.0,0.0,0.25,0.5,0.0,0.0,0.0,0,63370.0
http,SF,300,561,1,0.0,0.0,1.0,0.0,0.05,0.0,0.0,0,21484.0
domain_u,SF,45,138,0,0.0,0.0,1.0,0.0,0.0,0.0,0.0,0,65256.0
private,RSTR,1,0,0,0.0,0.0,1.0,0.0,0.0,0.0,0.0,1,61428.0
http,SF,345,1694,1,0.0,0.0,1.0,0.0,0.02,0.0,0.0,0,79644.0
http,SF,197,3674,1,0.0,0.0,1.0,0.0,0.04,0.0,0.0,0,102003.0
other,RSTR,1,0,0,0.0,0.0,1.0,0.0,0.0,0.0,0.0,1,105900.0
http,SF,305,2526,1,0.0,0.0,1.0,0.0,0.0,0.0,0.0,0,114427.0
http,SF,232,2558,1,0.0,0.0,1.0,0.0,0.0,0.0,0.0,0,111651.0
http,SF,310,2017,1,0.0,0.0,1.0,0.0,0.02,0.0,0.01,0,20886.0
ftp_data,SF,334,0,1,0.0,0.0,1.0,0.0,0.22,0.0,0.0,1,103768.0
http,SF,207,31296,1,0.33,0.33,1.0,0.0,0.03,0.0,0.0,0,116061.0
smtp,SF,715,286,1,0.0,0.0,1.0,0.0,0.0,0.0,0.0,0,109980.0
private,S0,0,0,0,1.0,1.0,0.15,0.04,0.0,1.0,1.0,1,81877.0
http,REJ,0,0,0,0.0,0.0,1.0,0.0,0.05,0.0,0.0,0,46755.0
eco_i,SF,30,0,0,0.0,0.0,1.0,0.0,0.11,0.0,0.0,0,104464.0
ctf,S0,0,0,0,1.0,1.0,0.02,0.06,0.0,1.0,1.0,1,86629.0
ftp_data,S0,0,0,0,1.0,1.0,0.02,0.07,0.0,1.0,1.0,1,12399.0
pop_3,SF,35,130,1,0.0,0.0,1.0,0.0,0.0,0.0,0.0,0,51739.0
http,SF,280,5854,1,0.0,0.0,1.0,0.0,0.03,0.0,0.01,0,25931.0
link,S0,0,0,0,1.0,1.0,0.02,0.06,0.0,1.0,1.0,1,58668.0
smtp,SF,1419,327,1,0.0,0.0,1.0,0.0,0.02,0.0,0.0,0,61059.0
smtp,SF,1038,327,1,0.0,0.0,1.0,0.0,0.0,0.0,0.0,0,30183.0
ftp_data,SF,740,0,1,0.0,0.0,1.0,0.0,0.02,0.0,0.0,0,84301.0
http,SF,214,16564,1,0.0,0.0,1.0,0.0,0.0,0.0,0.0,0,24494.0
ftp_data,S0,0,0,0,1.0,1.0,0.24,0.1,0.0,1.0,1.0,1,108743.0
http,SF,244,268,1,0.0,0.0,1.0,0.0,0.04,0.0,0.0,0,12573.0
private,RSTR,0,0,0,0.0,0.0,1.0,0.0,0.0,0.0,0.0,1,21830.0
http,SF,320,261,1,0.0,0.0,1.0,0.0,0.02,0.0,0.0,0,99659.0
private,REJ,0,0,0,0.0,0.0,0.02,0.07,0.0,0.0,0.0,1,66688.0
http,REJ,0,0,0,0.0,0.0,0.05,0.07,0.0,0.0,0.0,1,55046.0
ecr_i,SF,520,0,0,0.0,0.0,1.0,0.0,0.0,0.0,0.0,1,109689.0
http,SF,320,2056,1,0.0,0.0,1.0,0.0,0.01,0.0,0.01,0,98423.0
nnsp,S0,0,0,0,1.0,1.0,0.13,0.06,0.0,1.0,1.0,1,78141.0
ecr_i,SF,1032,0,0,0.0,0.0,1.0,0.0,0.0,0.0,0.0,1,29908.0
private,S0,0,0,0,1.0,1.0,0.15,0.07,0.0,1.0,1.0,1,41658.0
http,SF,228,379,1,0.0,0.0,1.0,0.0,0.06,0.0,0.01,0,95226.0
ftp_data,S0,0,0,0,1.0,1.0,0.1,0.06,0.0,1.0,1.0,1,104131.0
smtp,SF,2177,332,1,0.0,0.0,1.0,0.0,0.01,0.02,0.02,0,112773.0
private,REJ,0,0,0,0.02,0.0,0.01,1.0,0.0,0.01,0.0,1,28851.0
private,SF,105,147,0,0.0,0.0,0.18,0.18,0.0,0.0,0.0,0,93960.0
http,SF,242,324,1,0.0,0.0,1.0,0.0,0.02,0.0,0.0,0,110054.0
domain_u,SF,46,46,0,0.0,0.0,1.0,0.0,0.0,0.0,0.0,0,31497.0
urp_i,SF,181,0,0,0.0,0.0,0.67,0.67,0.0,0.0,0.0,0,40126.0
private,RSTR,0,0,0,0.0,0.0,1.0,0.0,0.0,0.08,0.0,1,108009.0
eco_i,SF,30,0,0,0.0,0.0,0.14,0.29,0.0,0.0,0.0,0,123648.0
supdup,S0,0,0,0,1.0,1.0,0.05,0.06,0.0,1.0,1.0,1,69417.0
http,SF,345,1069,1,0.0,0.0,1.0,0.0,0.0,0.0,0.0,0,15364.0
mtp,S0,0,0,0,1.0,1.0,0.08,0.08,0.0,1.0,1.0,1,14686.0
http,REJ,0,0,0,0.0,0.0,1.0,0.0,0.09,0.0,0.0,0,39340.0
private,S0,0,0,0,1.0,1.0,0.08,0.06,0.0,1.0,1.0,1,59249.0
http,SF,225,5894,1,0.0,0.0,1.0,0.0,0.03,0.0,0.0,0,50007.0
http,SF,168,10388,1,0.0,0.0,1.0,0.0,0.03,0.0,0.0,0,8082.0
http,SF,154,290,1,0.0,0.0,1.0,0.0,0.19,0.0,0.0,0,86631.0
mtp,S0,0,0,0,1.0,1.0,0.04,0.06,0.0,1.0,1.0,1,96911.0
ftp_data,SF,748,0,1,0.0,0.0,1.0,0.0,0.03,0.0,0.0,0,47053.0
http,SF,167,657,1,0.0,0.0,1.0,0.0,0.01,0.0,0.0,0,13712.0
http,SF,245,1805,1,0.0,0.0,1.0,0.0,0.02,0.0,0.0,0,29212.0
private,REJ,0,0,0,0.0,0.0,0.03,0.06,0.0,0.0,0.0,1,42856.0
http,SF,382,290,1,0.0,0.0,1.0,0.0,0.0,0.0,0.0,0,10215.0
http,SF,311,1738,1,0.0,0.0,1.0,0.0,0.0,0.0,0.0,0,90972.0
http,SF,279,1094,1,0.0,0.0,1.0,0.0,0.03,0.0,0.0,0,93262.0
private,S0,0,0,0,1.0,1.0,0.06,0.06,0.0,1.0,1.0,1,72820.0
domain_u,SF,44,132,0,0.0,0.0,0.99,0.01,0.0,0.0,0.0,0,61121.0
private,REJ,0,0,0,0.0,0.0,0.01,0.07,0.0,0.0,0.0,1,48608.0
ecr_i,SF,520,0,0,0.0,0.0,1.0,0.0,0.0,0.0,0.0,1,33382.0
klogin,S0,0,0,0,1.0,1.0,0.14,0.06,0.0,1.0,1.0,1,23375.0
http,SF,325,31864,1,0.0,0.0,1.0,0.0,0.07,0.0,0.0,0,113631.0
vmnet,S0,0,0,0,1.0,1.0,0.12,0.08,0.0,1.0,1.0,1,46121.0
private,SF,28,0,0,0.86,0.0,0.14,0.06,0.0,0.09,0.0,1,1734.0
ftp_data,SF,192,0,0,0.0,0.0,1.0,0.0,0.0,0.0,0.0,0,36456.0
private,REJ,0,0,0,0.04,0.0,0.0,1.0,0.0,0.04,0.0,1,59473.0
http,SF,225,1535,1,0.5,0.5,1.0,0.0,0.02,0.03,0.0,0,70807.0
private,SF,105,146,0,0.0,0.0,0.14,0.29,0.0,0.0,0.0,0,87270.0
private,S0,0,0,0,1.0,1.0,0.17,0.05,0.0,1.0,1.0,1,36150.0
http,SF,321,1074,1,0.0,0.0,1.0,0.0,0.04,0.0,0.0,0,121363.0
http,SF,276,361,1,0.0,0.0,1.0,0.0,0.0,0.0,0.0,0,19402.0
courier,S0,0,0,0,1.0,1.0,0.42,0.12,0.0,1.0,1.0,1,28113.0
http,SF,209,2430,1,0.0,0.0,1.0,0.0,0.01,0.0,0.0,0,112429.0
domain_u,SF,44,132,0,0.0,0.0,1.0,0.0,0.0,0.0,0.0,0,55984.0
other,REJ,0,0,0,0.0,0.0,1.0,0.0,0.0,0.0,0.0,0,60724.0
http,SF,190,3654,1,0.0,0.0,1.0,0.0,0.02,0.0,0.0,0,52402.0
bgp,REJ,0,0,0,0.0,0.0,0.06,0.07,0.0,0.0,0.0,1,41847.0
http,SF,275,313,1,0.0,0.0,1.0,0.0,0.0,0.0,0.0,0,9535.0
http,SF,196,1784,1,0.0,0.0,1.0,0.0,0.04,0.03,0.01,0,17031.0
ftp_data,SF,7162,0,1,0.0,0.0,1.0,0.0,0.0,0.0,0.0,0,39645.0
finger,S0,0,0,0,1.0,1.0,1.0,0.0,0.0,1.0,1.0,1,89324.0
finger,S0,0,0,0,1.0,1.0,0.06,0.08,0.0,1.0,1.0,1,123358.0
http,SF,454,7055,1,0.0,0.0,1.0,0.0,0.0,0.0,0.0,0,108533.0
domain_u,SF,44,99,0,0.0,0.0,1.0,0.0,0.0,0.0,0.0,0,40273.0
http,SF,325,2649,1,0.0,0.0,1.0,0.0,0.0,0.0,0.0,0,55396.0
http,SF,304,2818,1,0.0,0.0,1.0,0.0,0.04,0.0,0.0,0,70529.0
other,SF,145,105,0,0.0,0.0,0.5,0.5,0.0,0.0,0.0,0,68124.0
eco_i,SF,8,0,0,0.0,0.0,1.0,0.0,0.52,0.0,0.0,1,37464.0
eco_i,SF,8,0,0,0.0,0.0,1.0,0.0,0.52,0.0,0.0,1,123795.0
ftp_data,SF,6601,0,0,0.0,0.0,1.0,0.0,0.02,0.0,0.0,0,47333.0
private,S0,0,0,0,1.0,1.0,0.09,0.06,0.0,1.0,1.0,1,94004.0
vmnet,S0,0,0,0,1.0,1.0,0.01,0.06,0.0,1.0,1.0,1,29132.0
ftp_data,SF,4316,0,1,0.0,0.0,1.0,0.0,0.03,0.0,0.0,0,69195.0
http,SF,175,45322,1,0.0,0.0,1.0,0.0,0.0,0.0,0.0,0,72607.0
smtp,RSTO,0,0,0,0.0,0.0,0.01,0.07,0.0,0.0,0.0,1,61398.0
domain_u,SF,44,128,0,0.0,0.0,1.0,0.0,0.0,0.0,0.0,0,51663.0
http,S0,0,0,0,0.5,0.5,1.0,0.0,0.04,0.25,0.0,0,86969.0
smtp,SF,926,338,1,0.0,0.0,1.0,0.0,0.01,0.01,0.01,0,29607.0
other,SF,146,105,0,0.0,0.0,1.0,0.0,0.0,0.0,0.0,0,94847.0
http,SF,231,1075,1,0.0,0.0,1.0,0.0,0.0,0.0,0.0,0,67214.0
nntp,RSTO,0,0,0,0.0,0.0,0.06,0.06,0.0,0.0,0.0,1,44394.0
http,S1,305,29200,1,1.0,1.0,1.0,0.0,0.0,0.0,0.0,0,30807.0
http,SF,200,762,1,0.0,0.0,1.0,0.0,0.02,0.0,0.0,0,33668.0
bgp,REJ,0,0,0,0.0,0.0,0.01,0.07,0.0,0.0,0.0,1,70417.0
domain_u,SF,44,67,0,0.0,0.0,1.0,0.0,0.0,0.0,0.0,0,68870.0
http,SF,148,14997,1,0.0,0.0,1.0,0.0,0.02,0.0,0.01,0,46766.0
private,S0,0,0,0,1.0,1.0,0.14,0.06,0.0,1.0,1.0,1,44911.0
private,SH,0,0,0,1.0,1.0,1.0,0.0,0.0,0.96,1.0,1,93185.0
ldap,S0,0,0,0,1.0,1.0,0.17,0.12,0.0,1.0,1.0,1,12981.0
private,S0,0,0,0,1.0,1.0,0.0,0.07,0.0,1.0,1.0,1,115047.0
private,SF,1,0,0,0.0,0.0,0.16,0.07,0.0,0.0,0.0,1,20414.0
smtp,SF,1505,336,1,0.0,0.0,1.0,0.0,0.01,0.0,0.0,0,18687.0
ftp,SF,1527,4152,1,0.0,0.0,1.0,0.0,0.0,0.0,0.0,0,95071.0
smtp,SF,2484,438,1,0.0,0.0,1.0,0.0,0.0,0.0,0.0,0,96112.0
klogin,S0,0,0,0,1.0,1.0,0.09,0.05,0.0,1.0,1.0,1,22806.0
http,SF,249,526,1,0.0,0.0,1.0,0.0,0.01,0.0,0.0,0,97097.0
ftp_data,SF,383,0,1,0.0,0.0,1.0,0.0,0.03,0.0,0.0,0,16263.0
http,REJ,0,0,0,0.0,0.0,0.03,0.06,0.0,0.0,0.0,1,52207.0
smtp,SF,1533,329,1,0.0,0.0,1.0,0.0,0.01,0.0,0.0,0,9654.0
finger,SF,9,141,0,0.0,0.0,1.0,0.0,0.75,0.0,0.0,0,96042.0
mtp,S0,0,0,0,1.0,1.0,0.0,0.06,0.0,1.0,1.0,1,10435.0
http,SF,192,353,1,0.0,0.0,1.0,0.0,0.0,0.0,0.0,0,88789.0
telnet,SF,68,219,0,0.0,0.0,1.0,0.0,0.0,0.0,0.0,0,17005.0
private,SF,28,0,0,0.0,0.0,1.0,0.0,0.0,0.0,0.0,1,49790.0
eco_i,SF,8,0,0,0.0,0.0,1.0,0.0,0.25,0.0,0.0,1,68225.0
domain_u,SF,43,124,0,0.0,0.0,1.0,0.0,0.0,0.0,0.0,0,113324.0
other,REJ,0,0,0,0.14,0.0,0.0,1.0,0.0,0.04,0.0,1,15095.0
private,S0,0,0,0,1.0,1.0,0.01,0.05,0.0,0.99,1.0,1,101791.0
Z39_50,S0,0,0,0,1.0,1.0,0.06,0.06,0.0,1.0,1.0,1,32865.0
http_443,S0,0,0,0,1.0,1.0,0.02,0.07,0.0,1.0,1.0,1,21640.0
http,SF,336,1024,1,0.0,0.0,1.0,0.0,0.0,0.0,0.0,0,45894.0
ecr_i,SF,1032,0,0,0.0,0.0,1.0,0.0,0.0,0.0,0.0,1,95432.0
private,REJ,0,0,0,0.0,0.0,0.03,0.07,0.0,0.0,0.0,1,94962.0
ftp_data,SF,334,0,1,0.0,0.0,1.0,0.0,0.17,0.0,0.0,1,32123.0
bgp,S0,0,0,0,1.0,1.0,0.44,0.22,0.0,1.0,1.0,1,77717.0
courier,S0,0,0,0,1.0,1.0,0.15,0.05,0.0,1.0,1.0,1,86917.0
domain_u,SF,33,95,0,0.0,0.0,1.0,0.0,0.0,0.0,0.0,0,17377.0
ssh,S0,0,0,0,1.0,1.0,0.07,0.05,0.0,1.0,1.0,1,61909.0
http,REJ,0,0,0,0.0,0.0,0.11,0.07,0.0,0.0,0.0,1,95300.0
telnet,S0,0,0,0,1.0,1.0,0.24,0.06,0.0,1.0,1.0,1,59777.0
private,SF,1,0,0,0.0,0.0,0.23,0.08,0.0,0.16,0.0,1,87941.0
http,SF,283,1944,1,0.0,0.0,1.0,0.0,0.04,0.0,0.0,0,72308.0
private,S0,0,0,0,1.0,1.0,0.09,0.08,0.0,1.0,1.0,1,31903.0
efs,S0,0,0,0,1.0,1.0,0.14,0.05,0.0,1.0,1.0,1,34303.0
http,SF,208,265,1,0.0,0.0,1.0,0.0,0.05,0.0,0.0,0,61015.0
ftp_data,SF,59,0,0,0.0,0.0,1.0,0.0,0.02,0.0,0.0,0,76023.0
domain_u,SF,44,80,0,0.0,0.0,1.0,0.01,0.0,0.0,0.0,0,83254.0
private,S0,0,0,0,1.0,1.0,0.09,0.06,0.0,1.0,1.0,1,9070.0
private,S0,0,0,0,1.0,1.0,0.04,0.06,0.0,1.0,1.0,1,112960.0
domain_u,SF,43,43,0,0.0,0.0,1.0,0.0,0.0,0.0,0.0,0,91974.0
telnet,RSTR,125,3319,1,0.0,0.0,1.0,0.0,0.0,0.51,0.08,0,58581.0
http,SF,230,2481,1,0.0,0.0,1.0,0.0,0.0,0.0,0.0,0,72037.0
domain_u,SF,42,128,0,0.0,0.0,1.0,0.0,0.0,0.0,0.0,0,120084.0
http,SF,219,351,1,0.0,0.0,1.0,0.0,0.0,0.0,0.0,0,75950.0
domain_u,SF,45,111,0,0.0,0.0,1.0,0.0,0.0,0.0,0.0,0,100132.0
uucp,S0,0,0,0,1.0,1.0,0.11,0.06,0.0,1.0,1.0,1,27715.0
eco_i,SF,8,0,0,0.0,0.0,1.0,0.0,0.53,0.0,0.0,1,47788.0
private,S0,0,0,0,1.0,1.0,0.01,0.07,0.0,1.0,1.0,1,55063.0
http,SF,307,7799,1,0.0,0.0,1.0,0.0,0.01,0.0,0.0,0,119677.0
smtp,SF,798,330,1,0.0,0.0,1.0,0.0,0.02,0.0,0.01,0,24456.0
http,SF,343,134175,1,0.0,0.0,1.0,0.0,0.01,0.01,0.01,0,18977.0
domain_u,SF,46,46,0,0.0,0.0,1.0,0.0,0.0,0.0,0.0,0,35175.0
private,S0,0,0,0,1.0,1.0,0.02,0.07,0.0,1.0,1.0,1,92310.0
finger,RSTR,7,0,0,0.0,0.0,1.0,0.0,0.6,0.0,0.0,0,19711.0
smtp,SF,1313,328,1,0.0,0.0,1.0,0.0,0.02,0.0,0.0,0,80290.0
http,REJ,0,0,0,0.0,0.0,1.0,0.0,0.09,0.0,0.0,0,10301.0
other,SF,146,105,0,0.0,0.0,0.33,0.67,0.0,0.0,0.0,0,35852.0
private,REJ,0,0,0,0.07,0.0,0.01,0.99,0.0,0.05,0.0,1,105749.0
private,S0,0,0,0,1.0,1.0,0.03,0.06,0.0,1.0,1.0,1,108302.0
private,S0,0,0,0,1.0,1.0,0.08,0.06,0.0,1.0,1.0,1,68369.0
other,SF,146,105,0,0.0,0.0,1.0,0.0,0.0,0.0,0.0,0,111752.0
private,S0,0,0,0,1.0,1.0,0.05,0.05,0.0,0.99,1.0,1,85211.0
ftp_data,SF,37,0,1,0.0,0.0,1.0,0.0,0.02,0.0,0.0,0,119983.0
private,S0,0,0,0,1.0,1.0,0.02,0.06,0.0,1.0,1.0,1,119779.0
http,SF,333,3550,1,0.0,0.0,1.0,0.0,0.02,0.0,0.0,0,76697.0
netbios_dgm,S0,0,0,0,1.0,1.0,0.08,0.06,0.0,1.0,1.0,1,125356.0
domain_u,SF,44,79,0,0.0,0.0,1.0,0.0,0.0,0.0,0.0,0,53996.0
telnet,S0,0,0,0,1.0,1.0,0.31,0.09,0.0,1.0,1.0,1,104268.0
http,SF,54540,8314,1,0.0,0.0,1.0,0.0,0.0,0.0,0.0,1,125736.0
eco_i,SF,18,0,0,0.0,0.0,1.0,0.0,0.25,0.0,0.0,1,21353.0
http,SF,296,1227,1,0.0,0.0,1.0,0.0,0.0,0.0,0.0,0,61096.0
private,S0,0,0,0,1.0,1.0,0.04,0.06,0.0,1.0,1.0,1,62786.0
ecr_i,SF,1032,0,0,0.0,0.0,1.0,0.0,0.0,0.0,0.0,1,66213.0
http,SF,204,254,1,0.0,0.0,1.0,0.0,0.06,0.0,0.0,0,10794.0
http,SF,312,285,1,0.0,0.0,1.0,0.0,0.0,0.0,0.0,0,47000.0
private,SF,1,0,0,0.0,0.0,0.08,0.77,0.0,0.0,0.0,1,87874.0
systat,S0,0,0,0,1.0,1.0,0.03,0.06,0.0,1.0,1.0,1,50318.0
private,REJ,0,0,0,0.0,0.0,1.0,0.0,0.0,0.0,0.0,1,4475.0
http,SF,300,910,1,0.0,0.0,1.0,0.0,0.04,0.0,0.0,0,122648.0
http,SF,295,2996,1,0.0,0.0,1.0,0.0,0.0,0.0,0.0,0,17673.0
http,SF,214,15150,1,0.0,0.0,1.0,0.0,0.04,0.0,0.0,0,9707.0
private,REJ,0,0,0,0.0,0.0,0.05,0.07,0.0,0.0,0.0,1,89265.0
smtp,S0,0,0,0,0.5,0.5,1.0,0.0,0.02,0.01,0.02,0,306.0
kshell,S0,0,0,0,1.0,1.0,0.13,0.06,0.0,1.0,1.0,1,21990.0
http,SF,283,11233,1,0.0,0.04,1.0,0.0,0.01,0.0,0.0,0,123688.0
private,REJ,0,0,0,0.01,0.0,0.01,1.0,0.0,0.0,0.0,1,98104.0
http,SF,250,1479,1,0.0,0.0,1.0,0.0,0.03,0.02,0.0,0,80968.0
domain_u,SF,45,72,0,0.0,0.0,1.0,0.0,0.0,0.0,0.0,0,19746.0
http,SF,315,293,1,0.0,0.0,1.0,0.0,0.05,0.0,0.0,0,50668.0
bgp,REJ,0,0,0,0.0,0.0,0.09,0.06,0.0,0.0,0.0,1,92908.0
other,SF,516,4,0,0.0,0.0,1.0,0.0,0.0,0.0,0.0,0,41855.0
domain_u,SF,43,75,0,0.0,0.0,1.0,0.0,0.0,0.0,0.0,0,30589.0
finger,SF,7,139,0,0.0,0.0,1.0,0.0,0.0,0.0,0.0,0,46415.0
vmnet,S0,0,0,0,1.0,1.0,0.08,0.05,0.0,1.0,1.0,1,35544.0
http,SF,226,19025,1,0.0,0.0,1.0,0.0,0.02,0.0,0.0,0,73211.0
ecr_i,SF,1032,0,0,0.0,0.0,1.0,0.0,0.0,0.0,0.0,1,63641.0
http,SF,235,3675,1,0.0,0.0,1.0,0.0,0.0,0.0,0.0,0,18342.0
http,SF,301,4433,1,0.0,0.0,1.0,0.0,0.05,0.0,0.0,0,18844.0
supdup,S0,0,0,0,1.0,1.0,0.08,0.06,0.0,1.0,1.0,1,16868.0
private,S0,0,0,0,1.0,1.0,0.12,0.05,0.0,1.0,1.0,1,77549.0
http,SF,203,238,1,0.0,0.0,1.0,0.0,0.03,0.0,0.0,0,30637.0
hostnames,S0,0,0,0,1.0,1.0,0.06,0.06,0.0,1.0,1.0,1,95879.0
private,SF,105,147,0,0.0,0.0,1.0,0.0,0.0,0.0,0.0,0,20618.0
http,SF,160,45756,1,0.0,0.0,1.0,0.0,0.0,0.0,0.0,0,124976.0
http,SF,255,1645,1,0.0,0.0,1.0,0.0,0.04,0.0,0.0,0,68343.0
private,S0,0,0,0,1.0,1.0,0.07,0.05,0.0,1.0,1.0,1,84291.0
imap4,S0,0,0,0,1.0,1.0,0.03,0.06,0.0,1.0,1.0,1,101518.0
private,REJ,0,0,0,0.07,0.0,0.01,1.0,0.0,0.03,0.0,1,54554.0
http,SF,357,1394,1,0.0,0.0,1.0,0.0,0.0,0.0,0.0,0,47310.0
http,SF,228,8539,1,0.0,0.0,1.0,0.0,0.0,0.0,0.0,0,18645.0
echo,RSTO,0,0,0,0.0,0.0,0.04,0.07,0.0,0.0,0.0,1,67336.0
smtp,SF,756,335,1,0.0,0.0,1.0,0.0,0.02,0.0,0.0,0,117564.0
domain_u,SF,44,74,0,0.0,0.0,1.0,0.0,0.0,0.0,0.0,0,75662.0
ecr_i,SF,1032,0,0,0.0,0.0,1.0,0.0,0.0,0.02,0.0,1,6627.0
http,SF,228,5223,1,0.0,0.0,1.0,0.0,0.08,0.0,0.0,0,27937.0
http,SF,262,13603,1,0.0,0.0,1.0,0.0,0.0,0.0,0.0,0,82164.0
private,S0,0,0,0,1.0,1.0,0.08,0.06,0.0,1.0,1.0,1,66963.0
smtp,SF,796,331,1,0.0,0.0,1.0,0.0,0.0,0.0,0.0,0,70058.0
http,S0,0,0,0,1.0,1.0,0.0,0.06,0.0,1.0,1.0,1,104612.0
daytime,S0,0,0,0,1.0,1.0,0.05,0.05,0.0,1.0,1.0,1,5488.0
private,SF,105,146,0,0.0,0.0,1.0,0.0,0.0,0.0,0.0,0,43259.0
eco_i,SF,8,0,0,0.0,0.0,1.0,0.0,0.56,0.0,0.0,1,50667.0
domain_u,SF,44,134,0,0.0,0.0,1.0,0.0,0.0,0.0,0.0,0,89698.0
http,SF,236,4527,1,0.0,0.0,1.0,0.0,0.0,0.0,0.0,0,120292.0
ftp,OTH,135,503,1,0.0,0.0,1.0,0.0,0.0,0.01,0.05,0,109006.0
http,SF,306,8521,1,0.0,0.0,1.0,0.0,0.01,0.0,0.0,0,22478.0
eco_i,SF,8,0,0,0.0,0.0,1.0,0.0,0.5,0.0,0.0,1,69851.0
http,SF,54540,8314,1,0.0,0.0,1.0,0.0,0.0,0.0,0.0,1,100670.0
http,SF,224,1415,1,0.0,0.0,1.0,0.0,0.0,0.0,0.0,0,16992.0
http,REJ,0,0,0,0.0,0.0,1.0,0.0,0.15,0.0,0.0,0,70213.0
smtp,SF,897,331,1,0.0,0.0,1.0,0.0,0.01,0.0,0.0,0,57592.0
http,SF,314,2012,1,0.0,0.0,1.0,0.0,0.06,0.0,0.0,0,123580.0
private,REJ,0,0,0,0.03,0.0,0.03,1.0,0.0,0.0,0.0,1,43920.0
ftp_data,SF,1153,0,1,0.0,0.0,0.67,0.67,0.04,0.0,0.0,0,125140.0
private,SF,100,0,0,0.0,0.0,1.0,0.0,0.0,0.0,0.0,1,47294.0
http,SF,352,762,1,0.0,0.0,1.0,0.0,0.06,0.0,0.0,0,33766.0
http,SF,230,814,1,0.0,0.0,1.0,0.0,0.0,0.0,0.0,0,19434.0
private,S0,0,0,0,1.0,1.0,0.04,0.06,0.0,1.0,1.0,1,1279.0
http,SF,223,302,1,0.0,0.0,1.0,0.0,0.03,0.0,0.0,0,114739.0
eco_i,SF,8,0,0,0.0,0.0,1.0,0.0,0.5,0.0,0.0,1,35919.0
time,S0,0,0,0,1.0,1.0,0.07,0.06,0.0,1.0,1.0,1,111833.0
ftp_data,SF,259,0,1,0.0,0.0,1.0,0.0,0.0,0.0,0.0,0,124628.0
private,S0,0,0,0,1.0,1.0,0.05,0.06,0.0,1.0,1.0,1,55278.0
smtp,SF,787,329,1,0.0,0.0,1.0,0.0,0.02,0.0,0.0,0,101875.0
systat,S0,0,0,0,1.0,1.0,0.12,0.05,0.0,1.0,1.0,1,41144.0
domain_u,SF,46,132,0,0.0,0.0,1.0,0.0,0.0,0.0,0.0,0,10509.0
link,S0,0,0,0,1.0,1.0,0.08,0.04,0.0,1.0,1.0,1,70305.0
domain_u,SF,43,80,0,0.0,0.0,0.99,0.02,0.0,0.0,0.0,0,96104.0
domain_u,SF,31,0,0,0.0,0.0,1.0,0.0,0.07,0.0,0.0,0,90068.0
Z39_50,S0,0,0,0,1.0,1.0,0.02,0.07,0.0,1.0,1.0,1,26459.0
private,REJ,0,0,0,0.0,0.0,0.14,0.06,0.0,0.0,0.0,1,73095.0
http,SF,326,1054,1,0.25,0.25,1.0,0.0,0.02,0.05,0.01,0,55898.0
http,SF,323,8763,1,0.0,0.0,1.0,0.0,0.02,0.0,0.0,0,68382.0
ftp,S0,0,0,0,1.0,1.0,0.01,0.06,0.0,1.0,1.0,1,104248.0
ftp_data,SF,14,0,1,0.0,0.0,1.0,0.0,0.02,0.0,0.0,0,51211.0
http,SF,243,973,1,0.0,0.0,1.0,0.0,0.0,0.0,0.0,0,41444.0
http,SF,314,1425,1,0.0,0.0,1.0,0.0,0.06,0.0,0.0,0,48902.0
private,SF,1,1,0,0.0,0.0,0.67,0.22,0.0,0.18,0.0,1,17940.0
ftp,S0,0,0,0,1.0,1.0,0.01,0.06,0.0,1.0,1.0,1,41413.0
kshell,S0,0,0,0,1.0,1.0,0.09,0.06,0.0,1.0,1.0,1,120948.0
http,SF,284,31044,1,0.0,0.0,1.0,0.0,0.03,0.0,0.0,0,49019.0
vmnet,S0,0,0,0,1.0,1.0,0.15,0.06,0.0,1.0,1.0,1,96752.0
http,REJ,0,0,0,0.0,0.0,1.0,0.0,0.22,0.0,0.0,0,55140.0
http,SF,314,315,1,0.0,0.0,1.0,0.0,0.0,0.01,0.01,0,83568.0
http,SF,289,2400,1,0.0,0.0,1.0,0.0,0.02,0.0,0.0,0,58591.0
smtp,SF,1187,377,1,0.0,0.0,1.0,0.0,0.01,0.0,0.0,0,25424.0
domain_u,SF,44,44,0,0.0,0.0,1.0,0.0,0.0,0.0,0.0,0,59663.0
private,SF,105,146,0,0.0,0.0,0.14,0.29,0.0,0.0,0.0,0,76492.0
finger,S0,0,0,0,1.0,1.0,0.25,0.2,0.0,1.0,1.0,1,112304.0
http,SF,239,30907,1,0.0,0.0,1.0,0.0,0.0,0.0,0.0,0,124035.0
eco_i,SF,8,0,0,0.0,0.0,1.0,0.0,0.5,0.0,0.0,1,77117.0
vmnet,S0,0,0,0,1.0,1.0,0.08,0.06,0.0,1.0,1.0,1,57560.0
private,S0,0,0,0,1.0,1.0,0.02,0.06,0.0,1.0,1.0,1,98306.0
private,S0,0,0,0,1.0,1.0,0.05,0.06,0.0,1.0,1.0,1,76464.0
domain_u,SF,46,75,0,0.0,0.0,1.0,0.0,0.0,0.0,0.0,0,20975.0
http,SF,282,560,1,0.0,0.0,1.0,0.0,0.0,0.0,0.0,0,52394.0
private,S0,0,0,0,1.0,1.0,0.07,0.06,0.0,1.0,1.0,1,106904.0
ftp,SF,336,1063,1,0.0,0.0,1.0,0.0,0.0,0.0,0.0,0,108397.0
name,S0,0,0,0,1.0,1.0,0.03,0.07,0.0,1.0,1.0,1,86115.0
private,S0,0,0,0,1.0,1.0,0.07,0.07,0.0,1.0,1.0,1,17944.0
finger,SF,10,147,0,0.0,0.0,1.0,0.0,0.0,0.8,0.0,0,93621.0
http,SF,346,5635,1,0.0,0.0,1.0,0.0,0.05,0.0,0.0,0,106095.0
http,S0,0,0,0,1.0,1.0,0.8,0.4,0.0,0.99,1.0,1,89140.0
uucp,S0,0,0,0,1.0,1.0,0.07,0.06,0.0,1.0,1.0,1,40832.0
other,REJ,0,0,0,0.05,0.0,0.0,0.96,0.0,0.03,0.0,1,13600.0
private,S0,0,0,0,1.0,1.0,0.03,0.07,0.0,1.0,1.0,1,94352.0
http,SF,155,9618,1,0.0,0.0,1.0,0.0,0.01,0.01,0.0,0,16475.0
http,SF,333,864,1,0.0,0.0,1.0,0.0,0.07,0.0,0.0,0,18596.0
Z39_50,S0,0,0,0,1.0,1.0,0.03,0.08,0.0,1.0,1.0,1,48814.0
ftp_data,SF,12165,0,1,0.0,0.0,1.0,0.0,0.0,0.0,0.0,0,62918.0
http,SF,325,465,1,0.0,0.0,1.0,0.0,0.05,0.0,0.0,0,90211.0
http,SF,338,566,1,0.0,0.0,1.0,0.0,0.02,0.0,0.0,0,32850.0
private,REJ,0,0,0,0.03,0.0,0.0,1.0,0.0,0.04,0.0,1,99314.0
bgp,S0,0,0,0,1.0,1.0,0.03,0.06,0.0,1.0,1.0,1,104662.0
finger,S0,0,0,0,1.0,1.0,0.02,0.06,0.0,1.0,1.0,1,7146.0
smtp,SF,868,333,1,0.0,0.0,1.0,0.0,0.0,0.0,0.0,0,61047.0
http,SF,147,2632,1,0.0,0.0,1.0,0.0,0.03,0.0,0.0,0,95302.0
private,S0,0,0,0,1.0,1.0,0.0,0.07,0.0,1.0,1.0,1,20907.0
http,SF,233,1075,1,0.0,0.0,1.0,0.0,0.0,0.0,0.0,0,25305.0
mtp,REJ,0,0,0,0.0,0.0,0.04,0.06,0.0,0.0,0.0,1,263.0
csnet_ns,S0,0,0,0,1.0,1.0,0.07,0.06,0.0,1.0,1.0,1,77409.0
smtp,SF,668,327,1,0.0,0.0,1.0,0.0,0.0,0.0,0.0,0,83011.0
private,S0,0,0,0,1.0,1.0,0.01,0.06,0.0,1.0,1.0,1,55264.0
private,SF,1,0,0,0.0,0.0,0.46,0.09,0.0,0.05,0.0,1,111912.0
private,S0,0,0,0,1.0,1.0,0.05,0.06,0.0,1.0,1.0,1,21918.0
Z39_50,REJ,0,0,0,0.0,0.0,0.12,0.06,0.0,0.0,0.0,1,2631.0
auth,REJ,0,0,0,0.0,0.0,0.05,0.07,0.0,0.0,0.0,1,125645.0
private,S0,0,0,0,1.0,1.0,0.11,0.05,0.0,0.84,1.0,1,54579.0
domain_u,SF,17,17,0,0.0,0.0,1.0,0.0,0.0,0.0,0.0,0,43167.0
ftp_data,SF,13239,0,1,0.0,0.0,1.0,0.0,0.01,0.0,0.0,0,68702.0
http,SF,54540,8314,1,0.0,0.0,1.0,0.0,0.0,0.02,0.02,1,17712.0
http,SF,239,1915,1,0.0,0.0,1.0,0.0,0.04,0.0,0.0,0,101635.0
domain_u,SF,43,132,0,0.0,0.0,0.99,0.01,0.0,0.0,0.0,0,36407.0
http,SF,256,6343,1,0.0,0.0,1.0,0.0,0.02,0.0,0.0,0,44014.0
http,SF,290,8836,1,0.0,0.0,1.0,0.0,0.02,0.0,0.0,0,17992.0
http,SF,206,313,1,0.0,0.0,1.0,0.0,0.0,0.0,0.0,0,53688.0
smtp,SF,1095,327,1,0.0,0.0,1.0,0.0,0.02,0.0,0.0,0,46865.0
http,SF,262,311,1,0.0,0.0,1.0,0.0,0.02,0.0,0.0,0,46848.0
domain_u,SF,43,71,0,0.0,0.0,1.0,0.0,0.0,0.0,0.0,0,29129.0
http,SF,306,575,1,0.0,0.0,1.0,0.0,0.0,0.0,0.0,0,5658.0
private,S0,0,0,0,1.0,1.0,0.07,0.06,0.0,1.0,1.0,1,71927.0
ecr_i,SF,1032,0,0,0.0,0.0,1.0,0.0,0.0,0.0,0.0,1,123279.0
http,SF,305,1380,1,0.0,0.0,1.0,0.0,0.0,0.0,0.0,0,44030.0
http,SF,292,1323,1,0.0,0.0,1.0,0.0,0.04,0.0,0.0,0,125776.0
finger,RSTO,0,0,0,0.0,0.0,0.08,0.07,0.0,0.0,0.0,1,123070.0
nnsp,S0,0,0,0,1.0,1.0,0.05,0.06,0.0,1.0,1.0,1,64377.0
IRC,SF,66,18,1,0.0,0.0,1.0,0.0,0.0,0.0,0.0,0,94233.0
nnsp,S0,0,0,0,1.0,1.0,0.11,0.07,0.0,1.0,1.0,1,35607.0
smtp,SF,1046,330,1,0.0,0.0,1.0,0.0,0.02,0.0,0.0,0,19183.0
http,SF,279,2337,1,0.0,0.0,1.0,0.0,0.01,0.01,0.01,0,38291.0
vmnet,REJ,0,0,0,0.0,0.0,0.08,0.06,0.0,0.0,0.0,1,101130.0
bgp,S0,0,0,0,1.0,1.0,0.07,0.07,0.0,1.0,1.0,1,70580.0
ecr_i,SF,1032,0,0,0.0,0.0,1.0,0.0,0.0,0.0,0.0,1,15847.0
http,SF,253,1487,1,0.0,0.0,1.0,0.0,0.0,0.0,0.0,0,121859.0
http,SF,309,1425,1,0.0,0.0,1.0,0.0,0.0,0.0,0.0,0,74473.0
systat,REJ,0,0,0,0.0,0.0,0.05,0.06,0.0,0.0,0.0,1,44868.0
http,SF,216,1354,1,0.0,0.0,1.0,0.0,0.05,0.0,0.0,0,106884.0
uucp_path,S0,0,0,0,1.0,1.0,0.06,0.06,0.0,1.0,1.0,1,106188.0
private,S0,0,0,0,1.0,1.0,0.01,0.07,0.0,1.0,1.0,1,116008.0
http,SF,175,8520,1,0.0,0.0,1.0,0.0,0.03,0.0,0.0,0,64824.0
private,S0,0,0,0,1.0,1.0,0.0,0.06,0.0,1.0,1.0,1,927.0
http,SF,352,1973,1,0.0,0.0,1.0,0.0,0.06,0.0,0.0,0,92397.0
domain_u,SF,44,123,0,0.0,0.0,1.0,0.0,0.0,0.0,0.0,0,121687.0
login,S0,0,0,0,1.0,1.0,0.05,0.07,0.0,1.0,1.0,1,33298.0
http,SF,187,16414,1,0.0,0.0,1.0,0.0,0.01,0.0,0.0,0,122685.0
smtp,SF,1437,336,1,0.0,0.0,1.0,0.0,0.01,0.0,0.0,0,119045.0
telnet,S1,90,2832,1,1.0,1.0,1.0,0.0,0.0,0.1,0.5,0,86160.0
http,S0,0,0,0,1.0,1.0,0.39,0.08,0.0,1.0,1.0,1,13016.0
http,REJ,0,0,0,0.0,0.0,1.0,0.0,0.24,0.0,0.0,0,36175.0
eco_i,SF,8,0,0,0.0,0.0,1.0,0.0,0.51,0.0,0.0,1,80003.0
http,REJ,0,0,0,0.0,0.0,1.0,0.0,0.25,0.0,0.0,0,31776.0
eco_i,SF,8,0,0,0.0,0.0,1.0,0.0,0.25,0.0,0.0,1,38485.0
http,SF,233,6329,1,0.0,0.0,1.0,0.0,0.0,0.0,0.0,0,54412.0
http,SF,319,943,1,0.0,0.0,1.0,0.0,0.02,0.0,0.0,0,112164.0
other,SF,145,105,0,0.0,0.0,1.0,0.0,0.0,0.0,0.0,0,46580.0
http,SF,209,397,1,0.0,0.0,1.0,0.0,0.04,0.0,0.0,0,57921.0
http,SF,144,51836,1,0.0,0.0,1.0,0.0,0.0,0.0,0.0,0,93885.0
Z39_50,REJ,0,0,0,0.0,0.0,0.09,0.06,0.0,0.0,0.0,1,5201.0
private,S0,0,0,0,1.0,1.0,0.08,0.07,0.0,1.0,1.0,1,120121.0
http,SF,305,4254,1,0.0,0.0,1.0,0.0,0.02,0.0,0.0,0,80535.0
http,REJ,0,0,0,0.0,0.0,1.0,0.0,0.23,0.0,0.0,0,13658.0
private,REJ,0,0,0,0.0,0.0,0.01,1.0,0.0,0.0,0.0,1,82391.0
http,SF,230,492,1,0.0,0.0,1.0,0.0,0.04,0.1,0.0,0,64295.0
private,S0,0,0,0,1.0,1.0,0.03,0.05,0.0,1.0,1.0,1,7380.0
ftp_data,SF,567,0,1,0.0,0.0,1.0,0.0,0.0,0.0,0.0,0,7253.0
vmnet,S0,0,0,0,1.0,1.0,0.11,0.05,0.0,1.0,1.0,1,40219.0
http,SF,212,3266,1,0.0,0.0,1.0,0.0,0.02,0.0,0.0,0,115554.0
smtp,SF,1033,334,1,0.0,0.0,1.0,0.0,0.0,0.0,0.0,0,116132.0
http,SF,284,296,1,0.0,0.0,1.0,0.0,0.03,0.0,0.0,0,87922.0
http,SF,187,5420,1,0.0,0.0,1.0,0.0,0.07,0.0,0.0,0,85398.0
eco_i,SF,8,0,0,0.0,0.0,1.0,0.0,0.5,0.01,0.0,1,32933.0
http,SF,212,1953,1,0.0,0.0,1.0,0.0,0.02,0.0,0.0,0,67606.0
http,SF,218,617,1,0.0,0.0,1.0,0.0,0.01,0.0,0.0,0,90534.0
http,SF,218,458,1,0.0,0.0,1.0,0.0,0.0,0.0,0.0,0,35638.0
http,SF,306,2239,1,0.0,0.0,1.0,0.0,0.0,0.0,0.0,0,41873.0
http,SF,213,381,1,0.0,0.0,1.0,0.0,0.02,0.0,0.0,0,49688.0
http,SF,207,15768,1,0.0,0.0,1.0,0.0,0.02,0.0,0.0,0,28492.0
eco_i,SF,8,0,0,0.0,0.0,1.0,0.0,0.26,0.0,0.0,1,61819.0
http,SF,309,398,1,0.0,0.0,1.0,0.0,0.0,0.0,0.0,0,36008.0
smtp,SF,1140,336,1,0.0,0.0,1.0,0.0,0.0,0.0,0.0,0,42581.0
http,SF,228,1451,1,0.11,0.11,1.0,0.0,0.0,0.0,0.0,0,85209.0
private,REJ,0,0,0,0.0,0.0,0.03,0.06,0.0,0.0,0.0,1,117628.0
http,SF,213,2126,1,0.0,0.0,1.0,0.0,0.04,0.0,0.0,0,101594.0
http,SF,308,3091,1,0.0,0.0,1.0,0.0,0.0,0.0,0.0,0,13822.0
smtp,SF,2826,330,1,0.0,0.0,1.0,0.0,0.0,0.01,0.01,0,87123.0
domain_u,SF,45,72,0,0.0,0.0,1.0,0.0,0.0,0.0,0.0,0,103119.0
ecr_i,SF,520,0,0,0.0,0.0,1.0,0.0,0.0,0.0,0.0,1,431.0
http,SF,231,4542,1,0.0,0.0,1.0,0.0,0.0,0.0,0.0,0,11980.0
http,SF,417,15133,1,0.0,0.0,1.0,0.0,0.0,0.0,0.0,0,76219.0
auth,S0,0,0,0,1.0,1.0,0.01,0.07,0.0,1.0,1.0,1,52062.0
uucp_path,REJ,0,0,0,0.0,0.0,0.03,0.06,0.0,0.0,0.0,1,16298.0
private,REJ,0,0,0,0.0,0.0,1.0,0.0,1.0,0.0,0.0,1,120549.0
http,SF,355,1481,1,0.0,0.0,1.0,0.0,0.0,0.0,0.0,0,35903.0
http,SF,155,3902,1,0.0,0.0,1.0,0.0,0.03,0.0,0.01,0,16484.0
courier,S0,0,0,0,1.0,1.0,0.02,0.07,0.0,1.0,1.0,1,93736.0
ftp_data,S0,0,0,0,1.0,1.0,0.07,0.06,0.0,1.0,1.0,1,85625.0
private,RSTR,0,0,0,0.0,0.0,1.0,0.0,0.0,0.06,0.0,1,73993.0
smtp,SF,2313,331,1,0.0,0.0,1.0,0.0,0.02,0.0,0.0,0,117463.0
exec,S0,0,0,0,1.0,1.0,0.1,0.06,0.0,1.0,1.0,1,105614.0
http,SF,239,452,1,0.0,0.0,1.0,0.0,0.0,0.0,0.0,0,106179.0
private,REJ,0,0,0,0.0,0.0,1.0,0.0,1.0,0.0,0.0,1,11335.0
private,S0,0,0,0,0.62,1.0,0.09,0.04,0.0,1.0,1.0,1,125113.0
http,SF,235,1261,1,0.0,0.0,1.0,0.0,0.02,0.0,0.0,0,77156.0
domain_u,SF,46,136,0,0.0,0.0,1.0,0.0,0.0,0.0,0.0,0,122579.0
efs,SH,0,0,0,1.0,1.0,1.0,0.0,0.0,1.0,1.0,1,123659.0
private,RSTR,0,0,0,0.0,0.0,0.14,0.5,0.0,0.01,0.0,1,7009.0
eco_i,SF,8,0,0,0.0,0.0,1.0,0.0,0.6,0.0,0.0,1,46490.0
finger,S0,0,0,0,1.0,1.0,0.08,0.05,0.0,1.0,1.0,1,7026.0
http,REJ,0,0,0,0.0,0.0,1.0,0.0,0.16,0.0,0.0,0,77769.0
eco_i,SF,8,0,0,0.0,0.0,1.0,0.0,0.25,0.0,0.0,1,99021.0
ftp_data,SF,12,0,1,0.0,0.0,1.0,0.0,0.18,0.02,0.0,0,81400.0
private,REJ,0,0,0,0.0,0.0,0.07,0.06,0.0,0.0,0.0,1,16459.0
ntp_u,SF,48,48,0,0.0,0.0,0.2,0.4,0.0,0.0,0.0,0,116316.0
private,RSTR,1,0,0,0.0,0.0,1.0,0.0,0.0,0.0,0.0,1,5382.0
private,S0,0,0,0,1.0,1.0,0.02,0.06,0.0,1.0,1.0,1,19852.0
smtp,SF,1340,341,1,0.0,0.0,1.0,0.0,0.01,0.0,0.0,0,22068.0
private,S0,0,0,0,1.0,1.0,0.07,0.06,0.0,1.0,1.0,1,90788.0
http,SF,218,2313,1,0.0,0.0,1.0,0.0,0.03,0.0,0.0,0,21000.0
private,REJ,0,0,0,0.0,0.0,0.5,1.0,0.0,0.01,0.0,1,53670.0
eco_i,SF,8,0,0,0.0,0.0,1.0,0.0,0.5,0.0,0.0,1,44450.0
private,REJ,0,0,0,0.0,0.0,0.02,1.0,0.0,0.0,0.0,1,69507.0
domain_u,SF,45,123,0,0.0,0.0,1.0,0.0,0.0,0.0,0.0,0,12513.0
http,SF,244,4297,1,0.0,0.0,1.0,0.0,0.04,0.0,0.0,0,7103.0
domain_u,SF,42,130,0,0.0,0.0,1.0,0.0,0.0,0.0,0.0,0,92650.0
private,RSTR,1,0,0,0.0,0.0,1.0,0.0,0.0,0.0,0.0,1,1494.0
http,SF,260,22368,1,0.0,0.0,1.0,0.0,0.07,0.0,0.01,0,124188.0
ecr_i,SF,1032,0,0,0.0,0.0,1.0,0.0,0.0,0.0,0.0,1,8671.0
ftp_data,SF,7045,0,1,0.0,0.0,1.0,0.0,0.14,0.0,0.0,1,20415.0
http,SF,212,1762,1,0.0,0.5,1.0,0.0,0.33,0.0,0.11,0,103198.0
domain_u,SF,45,45,0,0.0,0.0,0.99,0.02,0.0,0.0,0.0,0,64969.0
telnet,S0,0,0,0,1.0,1.0,0.16,0.09,0.0,1.0,1.0,1,11024.0
private,S0,0,0,0,1.0,1.0,0.0,0.06,0.0,1.0,1.0,1,98810.0
http,SF,210,24969,1,0.0,0.0,1.0,0.0,0.04,0.0,0.0,0,76493.0
echo,S0,0,0,0,1.0,1.0,0.03,0.07,0.0,1.0,1.0,1,84821.0
http,SF,198,1456,1,0.0,0.0,1.0,0.0,0.0,0.0,0.0,0,2680.0
sunrpc,S0,0,0,0,1.0,1.0,0.06,0.05,0.0,1.0,1.0,1,32443.0
mtp,S0,0,0,0,1.0,1.0,0.06,0.06,0.0,1.0,1.0,1,25397.0
private,REJ,0,0,0,0.0,0.0,1.0,0.0,1.0,0.0,0.0,1,117245.0
private,S0,0,0,0,1.0,1.0,0.24,0.09,0.0,1.0,1.0,1,35553.0
http,REJ,0,0,0,0.0,0.5,1.0,0.0,0.12,0.0,0.0,0,74608.0
ftp,SF,1538,4152,1,0.0,0.0,1.0,0.0,0.0,0.0,0.0,0,123316.0
http,SF,237,2278,1,0.0,0.0,1.0,0.0,0.0,0.01,0.01,0,27038.0
Z39_50,S0,0,0,0,1.0,1.0,0.06,0.06,0.0,1.0,1.0,1,36269.0
Z39_50,REJ,0,0,0,0.0,0.0,0.06,0.06,0.0,0.0,0.0,1,109876.0
http,SF,306,6492,1,0.0,0.0,1.0,0.0,0.04,0.0,0.0,0,43305.0
ftp,SF,1081,3081,1,0.0,0.0,1.0,0.0,0.0,0.0,0.0,0,54224.0
ftp_data,SF,1830,0,1,0.0,0.0,1.0,0.0,0.05,0.0,0.0,0,81231.0
eco_i,SF,8,0,0,0.0,0.0,1.0,0.0,0.25,0.0,0.0,1,30417.0
courier,S0,0,0,0,1.0,1.0,0.05,0.07,0.0,1.0,1.0,1,49162.0
http,SF,204,283,1,0.0,0.0,1.0,0.0,0.02,0.0,0.0,0,21768.0
ecr_i,SF,1032,0,0,0.0,0.0,1.0,0.0,0.0,0.0,0.0,1,24856.0
domain_u,SF,52,42,0,0.0,0.0,1.0,0.0,0.0,0.0,0.0,0,25798.0
http,SF,320,4137,1,0.0,0.0,1.0,0.0,0.0,0.0,0.0,0,81293.0
http,SF,333,10910,1,0.0,0.0,1.0,0.0,0.04,0.0,0.0,0,113990.0
smtp,SF,11466,1360,1,0.0,0.0,1.0,0.0,0.01,0.0,0.0,0,125688.0
http,SF,215,2596,1,0.0,0.0,1.0,0.0,0.01,0.0,0.0,0,28550.0
private,S0,0,0,0,1.0,1.0,0.07,0.06,0.0,1.0,1.0,1,48162.0
gopher,S0,0,0,0,1.0,1.0,0.08,0.05,0.0,1.0,1.0,1,113951.0
ftp_data,SF,7045,0,1,0.0,0.0,1.0,0.0,0.15,0.0,0.0,1,35545.0
exec,S0,0,0,0,1.0,1.0,0.5,0.14,0.0,1.0,1.0,1,52861.0
ftp_data,SF,567,0,1,0.0,0.0,1.0,0.0,0.0,0.0,0.0,0,90429.0
http,SF,287,261,1,0.0,0.0,1.0,0.0,0.01,0.0,0.0,0,28246.0
http,SF,288,54674,1,0.0,0.0,1.0,0.0,0.01,0.0,0.0,0,116624.0
private,S0,0,0,0,1.0,1.0,0.07,0.06,0.0,1.0,1.0,1,2812.0
private,S0,0,0,0,1.0,1.0,0.06,0.06,0.0,1.0,1.0,1,61666.0
http,SF,217,1092,1,0.0,0.0,1.0,0.0,0.03,0.0,0.0,0,42135.0
http,SF,237,406,1,0.0,0.0,1.0,0.0,0.0,0.0,0.0,0,75487.0
http,SF,289,280,1,0.0,0.0,1.0,0.0,0.0,0.0,0.0,0,9334.0
netbios_dgm,REJ,0,0,0,0.0,0.0,0.04,0.05,0.0,0.0,0.0,1,101704.0
http,SF,324,15105,1,0.0,0.0,1.0,0.0,0.03,0.0,0.0,0,96265.0
vmnet,S0,0,0,0,1.0,1.0,0.02,0.06,0.0,1.0,1.0,1,92904.0
http,SF,259,15860,1,0.0,0.0,1.0,0.0,0.03,0.0,0.0,0,56787.0
courier,S0,0,0,0,1.0,1.0,0.07,0.06,0.0,1.0,1.0,1,118954.0
private,S0,0,0,0,1.0,1.0,0.05,0.06,0.0,1.0,1.0,1,30394.0
ecr_i,SF,1032,0,0,0.0,0.0,1.0,0.0,0.0,0.0,0.0,1,103875.0
ftp_data,S0,0,0,0,1.0,1.0,0.07,0.09,0.0,1.0,1.0,1,40721.0
http,SF,280,944,1,0.0,0.0,1.0,0.0,0.02,0.0,0.0,0,110971.0
http,REJ,0,0,0,0.0,0.0,1.0,0.0,0.14,0.0,0.0,0,120003.0
private,S0,0,0,0,1.0,1.0,0.12,0.06,0.0,1.0,1.0,1,79597.0
http,S0,0,0,0,0.5,0.5,1.0,0.0,0.02,0.01,0.0,0,75298.0
http,SF,302,2239,1,0.0,0.0,1.0,0.0,0.0,0.0,0.0,0,82267.0
http,SF,304,845,1,0.0,0.0,1.0,0.0,0.06,0.0,0.0,0,117273.0
ftp_data,SF,4892,0,1,0.0,0.0,1.0,0.0,0.0,0.0,0.0,0,113092.0
auth,S0,0,0,0,1.0,1.0,0.01,0.07,0.0,1.0,1.0,1,15006.0
systat,S0,0,0,0,1.0,1.0,0.01,0.07,0.0,1.0,1.0,1,110826.0
eco_i,SF,30,0,0,0.0,0.0,1.0,0.0,0.0,0.0,0.0,0,36910.0
http,SF,316,1195,1,0.0,0.0,1.0,0.0,0.02,0.0,0.0,0,31712.0
ntp_u,SF,48,48,0,0.0,0.0,0.33,0.67,0.0,0.0,0.0,0,119606.0
http,REJ,0,0,0,0.0,0.0,1.0,0.0,0.16,0.0,0.0,0,3615.0
netbios_dgm,S0,0,0,0,1.0,1.0,0.08,0.06,0.0,1.0,1.0,1,7108.0
private,S0,0,0,0,1.0,1.0,0.07,0.07,0.0,1.0,1.0,1,113273.0
http,SF,288,1308,1,0.0,0.0,1.0,0.0,0.06,0.0,0.0,0,8114.0
smtp,SF,954,324,1,0.0,0.0,1.0,0.0,0.01,0.0,0.0,0,40712.0
http,SF,326,234,1,0.0,0.0,1.0,0.0,0.03,0.0,0.0,0,117327.0
domain,S0,0,0,0,1.0,1.0,0.02,0.06,0.0,1.0,1.0,1,114971.0
domain_u,SF,46,127,0,0.0,0.0,1.0,0.0,0.0,0.0,0.0,0,58656.0
ecr_i,SF,30,0,0,0.0,0.0,1.0,0.0,0.0,0.0,0.0,0,90776.0
private,S0,0,0,0,1.0,1.0,0.07,0.06,0.0,1.0,1.0,1,53255.0
smtp,SF,2597,394,1,0.0,0.0,1.0,0.0,0.0,1.0,0.0,0,84348.0
http,SF,328,1125,1,0.0,0.0,1.0,0.0,0.02,0.0,0.0,0,50295.0
domain_u,SF,45,45,0,0.0,0.0,1.0,0.0,0.0,0.0,0.0,0,11272.0
http,RSTO,0,0,1,0.0,0.0,1.0,0.0,0.0,0.0,0.0,0,117597.0
http,SF,223,9996,1,0.0,0.0,1.0,0.0,0.06,0.0,0.0,0,91235.0
domain_u,SF,43,113,0,0.0,0.0,1.0,0.0,0.0,0.0,0.0,0,109847.0
netstat,S0,0,0,0,1.0,1.0,0.08,0.06,0.0,1.0,1.0,1,60863.0
http,SF,265,8646,1,0.0,0.0,1.0,0.0,0.02,0.0,0.0,0,4885.0
time,RSTO,0,0,0,0.0,0.0,0.06,0.06,0.0,0.0,0.0,1,23356.0
domain_u,SF,43,133,0,0.0,0.0,1.0,0.0,0.0,0.0,0.0,0,16134.0
domain_u,SF,46,137,0,0.0,0.0,1.0,0.0,0.0,0.0,0.0,0,88008.0
http,SF,280,491,1,0.0,0.0,1.0,0.0,0.04,0.0,0.0,0,17352.0
http,SF,208,755,1,0.0,0.0,1.0,0.0,0.03,0.0,0.0,0,83841.0
echo,S0,0,0,0,1.0,1.0,0.03,0.07,0.0,1.0,1.0,1,75668.0
iso_tsap,S0,0,0,0,1.0,1.0,0.05,0.07,0.0,1.0,1.0,1,808.0
http,SF,284,303,1,0.0,0.0,1.0,0.0,0.0,0.0,0.0,0,60390.0
supdup,S0,0,0,0,1.0,1.0,0.38,0.5,0.0,1.0,1.0,1,49180.0
ftp_data,SF,740,0,1,0.0,0.0,1.0,0.0,0.03,0.0,0.0,0,35495.0
domain_u,SF,43,146,0,0.0,0.0,1.0,0.0,0.0,0.0,0.0,0,99629.0
http,SF,335,1088,1,0.0,0.0,1.0,0.0,0.03,0.0,0.01,0,56502.0
private,S0,0,0,0,1.0,1.0,0.04,0.07,0.0,1.0,1.0,1,51165.0
http,SF,314,1018,1,0.0,0.0,1.0,0.0,0.0,0.0,0.0,0,58798.0
http,SF,232,1751,1,0.0,0.0,1.0,0.0,0.0,0.0,0.0,0,25559.0
telnet,RSTO,0,0,0,0.0,0.0,0.08,0.07,0.0,0.0,0.0,1,15150.0
sql_net,S0,0,0,0,1.0,1.0,0.03,0.06,0.0,1.0,1.0,1,71233.0
http,SF,355,667,1,0.0,0.0,1.0,0.0,0.0,0.01,0.01,0,109410.0
finger,SF,8,136,0,0.0,0.0,1.0,0.0,0.0,0.01,0.0,0,107368.0
http,S1,338,10220,1,0.5,0.5,1.0,0.0,0.0,0.0,0.0,0,97132.0
private,S0,0,0,0,1.0,1.0,0.02,0.05,0.0,1.0,1.0,1,72771.0
ecr_i,SF,520,0,0,0.0,0.0,1.0,0.0,0.0,0.0,0.0,1,96204.0
http,SF,317,1484,1,0.0,0.0,1.0,0.0,0.0,0.0,0.0,0,125313.0
http,SF,360,284,1,0.0,0.0,1.0,0.0,0.0,0.0,0.0,0,66346.0
http,SF,216,944,1,0.0,0.0,1.0,0.0,0.01,0.0,0.0,0,26810.0
smtp,SF,839,328,1,0.0,0.0,1.0,0.0,0.03,0.0,0.0,0,25789.0
private,S0,0,0,0,1.0,1.0,0.08,0.06,0.0,1.0,1.0,1,94157.0
domain_u,SF,44,44,0,0.0,0.0,1.0,0.0,0.0,0.0,0.0,0,27691.0
smtp,SF,1894,334,1,0.0,0.0,1.0,0.0,0.01,0.01,0.0,0,30073.0
finger,SF,8,442,0,0.0,0.0,1.0,0.0,0.29,0.0,0.0,0,42747.0
http,SF,206,32660,1,0.0,0.0,1.0,0.0,0.04,0.03,0.0,0,116202.0
telnet,RSTO,126,179,0,0.0,0.0,1.0,0.0,0.0,0.08,0.08,1,116203.0
smtp,SF,1453,332,1,0.0,0.0,1.0,0.0,0.01,0.01,0.01,0,52590.0
http,SF,54540,8314,1,0.0,0.0,1.0,0.0,0.0,0.01,0.01,1,70134.0
private,REJ,0,0,0,0.0,0.0,0.0,0.51,0.0,0.0,0.0,1,81128.0
http,SF,300,1466,1,0.02,0.02,1.0,0.0,0.0,0.0,0.0,0,25142.0
http,REJ,0,0,0,0.0,0.0,1.0,0.0,0.11,0.0,0.0,0,83867.0
nntp,S0,0,0,0,1.0,1.0,0.09,0.06,0.0,1.0,1.0,1,12738.0
http,SF,308,1248,1,0.0,0.0,1.0,0.0,0.0,0.0,0.0,0,48898.0
gopher,S0,0,0,0,1.0,1.0,0.08,0.05,0.0,1.0,1.0,1,44304.0
private,S0,0,0,0,1.0,1.0,0.01,0.06,0.0,1.0,1.0,1,70152.0
http,SF,304,3222,1,0.0,0.0,1.0,0.0,0.0,0.0,0.0,0,75843.0
other,SF,146,105,0,0.0,0.0,1.0,0.0,0.0,0.0,0.0,0,3869.0
ecr_i,SF,1032,0,0,0.0,0.0,1.0,0.0,0.0,0.0,0.0,1,74543.0
finger,RSTO,0,0,0,0.0,0.0,0.03,0.07,0.0,0.0,0.0,1,36237.0
private,S0,0,0,0,1.0,1.0,0.06,0.08,0.0,1.0,1.0,1,42272.0
ftp_data,SF,334,0,1,0.0,0.0,1.0,0.0,0.15,0.0,0.0,1,94812.0
name,S0,0,0,0,1.0,1.0,0.01,0.06,0.0,1.0,1.0,1,9500.0
http,SF,222,5830,1,0.0,0.0,1.0,0.0,0.01,0.0,0.01,0,52654.0
netbios_ns,REJ,0,0,0,0.0,0.0,0.07,0.07,0.0,0.0,0.0,1,121704.0
domain_u,SF,45,74,0,0.0,0.0,1.0,0.01,0.0,0.0,0.0,0,123242.0
http,SF,316,7546,1,0.0,0.0,1.0,0.0,0.0,0.0,0.0,0,56705.0
http,SF,235,913,1,0.0,0.0,1.0,0.0,0.0,0.0,0.0,0,62891.0
private,REJ,0,0,0,0.0,0.0,0.06,0.06,0.0,0.0,0.0,1,100111.0
private,S0,0,0,0,1.0,1.0,0.18,0.05,0.0,1.0,1.0,1,91141.0
sunrpc,S0,0,0,0,1.0,1.0,0.05,0.06,0.0,1.0,1.0,1,34810.0
http,REJ,0,0,0,0.0,0.0,1.0,0.0,0.07,0.0,0.0,0,110807.0
ftp,SF,1183,2445,1,0.0,0.0,1.0,0.0,0.0,0.0,0.0,1,12124.0
http,SF,279,783,1,0.0,0.0,1.0,0.0,0.04,0.0,0.0,0,60463.0
smtp,SF,1603,404,1,0.0,0.0,1.0,0.0,0.01,0.01,0.01,0,76262.0
http,SF,201,1496,1,0.25,0.27,1.0,0.0,0.02,0.01,0.01,0,30905.0
ctf,S0,0,0,0,1.0,1.0,0.03,0.06,0.0,1.0,1.0,1,10170.0
domain_u,SF,44,140,0,0.0,0.0,1.0,0.0,0.0,0.0,0.0,0,107033.0
efs,S0,0,0,0,1.0,1.0,0.14,0.05,0.0,1.0,1.0,1,125716.0
ftp_data,S0,0,0,0,1.0,1.0,0.45,0.07,0.04,1.0,0.98,1,119217.0
nnsp,S0,0,0,0,1.0,1.0,0.18,0.06,0.0,1.0,1.0,1,90661.0
http,REJ,0,0,0,0.0,0.0,1.0,0.0,0.21,0.0,0.0,0,52709.0
telnet,S0,0,0,0,1.0,1.0,0.23,0.08,0.0,1.0,1.0,1,42872.0
ftp_data,SF,12,0,0,0.0,0.0,1.0,0.0,0.03,0.0,0.0,0,36605.0
courier,S0,0,0,0,1.0,1.0,0.07,0.06,0.0,1.0,1.0,1,381.0
http,SF,207,751,1,0.0,0.0,1.0,0.0,0.0,0.0,0.0,0,62847.0
uucp,S0,0,0,0,1.0,1.0,0.18,0.06,0.0,1.0,1.0,1,109249.0
domain_u,SF,46,71,0,0.0,0.0,0.99,0.01,0.0,0.0,0.0,0,85020.0
private,SF,1,0,0,0.0,0.0,1.0,0.0,0.0,0.13,0.0,1,3049.0
http,SF,221,1375,1,0.0,0.0,1.0,0.0,0.03,0.0,0.0,0,11393.0
domain_u,SF,46,128,0,0.0,0.0,1.0,0.01,0.0,0.0,0.0,0,32156.0
auth,S0,0,0,0,1.0,1.0,0.01,0.07,0.0,1.0,1.0,1,85663.0
http,SF,247,617,1,0.0,0.0,1.0,0.0,0.0,0.0,0.0,0,99238.0
private,REJ,0,0,0,0.05,0.0,0.0,1.0,0.0,0.08,0.0,1,94503.0
ecr_i,SF,1032,0,0,0.0,0.0,1.0,0.0,0.0,0.0,0.0,1,48784.0
auth,REJ,0,0,0,0.0,0.0,0.0,0.06,0.0,0.0,0.0,1,84621.0
csnet_ns,S0,0,0,0,1.0,1.0,0.15,0.07,0.0,1.0,1.0,1,37094.0
telnet,S0,0,0,0,1.0,1.0,0.13,0.27,0.0,1.0,1.0,1,84409.0
private,SF,105,0,0,0.0,0.0,1.0,0.0,0.0,0.0,0.0,0,9551.0
http,SF,247,10366,1,0.0,0.0,1.0,0.0,0.05,0.0,0.0,0,12762.0
domain,S0,0,0,0,1.0,1.0,0.03,0.06,0.0,1.0,1.0,1,92459.0
smtp,SF,1498,340,1,0.0,0.0,1.0,0.0,0.02,0.0,0.0,0,49572.0
domain_u,SF,31,91,0,0.0,0.0,1.0,0.0,0.0,0.0,0.0,0,55486.0
private,SF,28,0,0,0.0,0.0,1.0,0.0,0.0,0.0,0.0,1,31488.0
private,REJ,0,0,0,0.05,0.0,0.01,1.0,0.0,0.03,0.0,1,4810.0
http_443,S0,0,0,0,1.0,1.0,0.04,0.05,0.0,1.0,1.0,1,40282.0
ecr_i,SF,1032,0,0,0.0,0.0,1.0,0.0,0.0,0.0,0.0,1,41027.0
ecr_i,SF,1032,0,0,0.0,0.0,1.0,0.0,0.0,0.0,0.0,1,110661.0
ctf,S0,0,0,0,1.0,1.0,0.05,0.06,0.0,1.0,1.0,1,24703.0
telnet,S0,0,0,0,1.0,1.0,0.19,0.07,0.0,1.0,1.0,1,104543.0
finger,S0,0,0,0,1.0,1.0,0.25,0.25,0.0,1.0,1.0,1,83186.0
private,SF,207,0,0,0.0,0.0,1.0,0.0,0.0,0.0,0.0,1,75698.0
domain_u,SF,46,46,0,0.0,0.0,1.0,0.0,0.0,0.0,0.0,0,14726.0
other,SF,146,105,0,0.0,0.0,0.5,0.5,0.0,0.0,0.0,0,17346.0
private,S0,0,0,0,1.0,1.0,0.34,0.1,0.0,1.0,1.0,1,121955.0
http,REJ,0,0,0,0.0,0.0,1.0,0.0,0.1,0.0,0.0,0,120507.0
http,SF,311,2273,1,0.0,0.0,1.0,0.0,0.04,0.0,0.0,0,25025.0
private,REJ,0,0,0,0.0,0.0,0.5,1.0,0.0,0.0,0.0,1,72274.0
http,SF,217,1035,1,0.0,0.0,1.0,0.0,0.0,0.0,0.0,0,918.0
telnet,S0,0,0,0,1.0,1.0,0.06,0.06,0.0,1.0,1.0,1,55999.0
domain_u,SF,44,74,0,0.0,0.0,1.0,0.0,0.0,0.0,0.0,0,122188.0
http,REJ,0,0,0,0.0,0.0,1.0,0.0,0.2,0.0,0.0,0,21634.0
domain_u,SF,45,45,0,0.0,0.0,1.0,0.01,0.0,0.0,0.0,0,76397.0
private,S0,0,0,0,1.0,1.0,0.16,0.06,0.0,1.0,1.0,1,7182.0
private,S0,0,0,0,1.0,1.0,0.07,0.05,0.0,1.0,1.0,1,43711.0
http,S0,0,0,0,1.0,1.0,0.67,0.67,0.0,0.98,1.0,1,45971.0
private,S0,0,0,0,1.0,1.0,0.13,0.06,0.0,1.0,1.0,1,20349.0
private,REJ,0,0,0,0.0,0.0,1.0,0.0,0.0,0.0,0.0,1,86551.0
ftp_data,SF,3690,0,1,0.0,0.0,1.0,0.0,0.02,0.0,0.0,0,124131.0
ecr_i,SF,520,0,0,0.0,0.0,1.0,0.0,0.0,0.0,0.0,1,87338.0
http,SF,222,3048,1,0.0,0.0,1.0,0.0,0.0,0.0,0.0,0,66128.0
private,S0,0,0,0,1.0,1.0,0.02,0.07,0.0,1.0,1.0,1,32873.0
smtp,SF,2704,375,1,0.0,0.0,1.0,0.0,0.01,0.0,0.0,0,123192.0
http,SF,313,1693,1,0.0,0.0,1.0,0.0,0.12,0.0,0.0,0,58955.0
private,SF,105,0,0,0.0,0.0,1.0,0.0,0.0,0.0,0.0,0,115098.0
private,REJ,0,0,0,0.0,0.0,1.0,0.0,1.0,0.0,0.0,1,4220.0
http,SF,241,2698,1,0.0,0.0,1.0,0.0,0.0,0.0,0.0,0,100902.0
ftp_data,SF,12324,0,0,0.0,0.0,1.0,0.0,0.05,0.0,0.0,0,116841.0
smtp,SF,952,330,1,0.0,0.0,1.0,0.0,0.01,0.0,0.0,0,53248.0
http,SF,232,1095,1,0.0,0.0,1.0,0.0,0.02,0.0,0.0,0,17937.0
ftp_data,S0,0,0,0,1.0,1.0,0.09,0.05,0.0,1.0,1.0,1,65222.0
http,SF,160,95,1,0.0,0.0,1.0,0.0,0.04,0.0,0.0,0,98323.0
private,S0,0,0,0,1.0,1.0,0.14,0.07,0.0,1.0,1.0,1,90938.0
ecr_i,SF,1032,0,0,0.0,0.0,1.0,0.0,0.0,0.02,0.0,1,7788.0
http,SF,238,2961,1,0.0,0.0,1.0,0.0,0.03,0.0,0.0,0,39256.0
http,S0,0,0,0,1.0,1.0,0.01,0.06,0.0,1.0,1.0,1,69295.0
http,SF,271,4781,1,0.0,0.0,1.0,0.0,0.25,0.0,0.0,0,195.0
http,REJ,0,0,0,0.0,0.0,1.0,0.0,0.11,0.0,0.0,0,86478.0
http,SF,318,664,1,0.0,0.0,1.0,0.0,0.03,0.0,0.0,0,34091.0
private,SF,1,0,0,0.0,0.0,0.57,0.29,0.0,0.03,0.0,1,17380.0
http,REJ,0,0,0,0.0,0.0,1.0,0.0,0.19,0.0,0.0,0,16994.0
private,S0,0,0,0,1.0,1.0,0.14,0.07,0.0,1.0,1.0,1,94520.0
smtp,SF,906,333,1,0.0,0.0,1.0,0.0,0.01,0.0,0.0,0,80331.0
smtp,SF,1860,333,1,0.0,0.0,1.0,0.0,0.03,0.0,0.0,0,121871.0
http,SF,292,998,1,0.0,0.0,1.0,0.0,0.0,0.0,0.0,0,61113.0
urp_i,SF,181,0,0,0.0,0.0,0.67,0.67,0.0,0.0,0.0,0,69054.0
ftp_data,SF,16,0,0,0.0,0.0,1.0,0.0,0.04,0.0,0.0,0,44092.0
telnet,S0,0,0,0,1.0,1.0,0.08,0.05,0.0,1.0,1.0,1,76094.0
smtp,SF,862,384,1,0.0,0.0,1.0,0.0,0.0,0.44,0.0,0,112646.0
http,SF,341,238,1,0.0,0.0,1.0,0.0,0.03,0.0,0.0,0,59373.0
http,SF,227,5220,1,0.0,0.0,1.0,0.0,0.05,0.0,0.0,0,7795.0
nnsp,S0,0,0,0,1.0,1.0,0.06,0.07,0.0,1.0,1.0,1,75567.0
private,RSTOS0,0,0,0,0.65,0.5,0.01,0.41,0.0,0.52,0.5,1,124340.0
private,S0,0,0,0,1.0,1.0,0.1,0.06,0.0,1.0,1.0,1,107056.0
private,S0,0,0,0,1.0,1.0,0.09,0.05,0.0,1.0,1.0,1,49083.0
private,S0,0,0,0,1.0,1.0,0.01,0.06,0.0,1.0,1.0,1,40519.0
domain_u,SF,44,88,0,0.0,0.0,1.0,0.0,0.0,0.0,0.0,0,77452.0
mtp,S0,0,0,0,1.0,1.0,0.05,0.06,0.0,1.0,1.0,1,36075.0
auth,S0,0,0,0,1.0,1.0,0.07,0.06,0.0,1.0,1.0,1,62357.0
http,SF,316,5575,1,0.03,0.03,1.0,0.0,0.0,0.0,0.0,0,122029.0
http,SF,284,64787,1,0.0,0.0,1.0,0.0,0.0,0.0,0.0,0,8102.0
netstat,S0,0,0,0,1.0,1.0,0.05,0.05,0.0,1.0,1.0,1,56021.0
vmnet,S0,0,0,0,1.0,1.0,0.18,0.07,0.0,1.0,1.0,1,13570.0
http,SF,407,7931,1,0.0,0.0,1.0,0.0,0.0,0.0,0.0,0,117634.0
telnet,SF,4571,29709,1,0.0,0.0,1.0,0.0,0.0,0.92,0.95,0,110022.0
private,SF,105,147,0,0.0,0.0,1.0,0.0,0.0,0.0,0.0,0,76269.0
telnet,S0,0,0,0,1.0,1.0,0.25,0.06,0.0,1.0,1.0,1,119087.0
smtp,SF,1109,331,1,0.0,0.0,1.0,0.0,0.01,0.0,0.0,0,114843.0
http,SF,229,3222,1,0.0,0.0,1.0,0.0,0.03,0.0,0.0,0,107517.0
http,REJ,0,0,0,0.0,0.0,1.0,0.0,0.24,0.0,0.0,0,89545.0
eco_i,SF,8,0,0,0.0,0.0,1.0,0.0,0.51,0.0,0.0,1,70932.0
http,SF,161,15087,1,0.0,0.0,1.0,0.0,0.0,0.0,0.0,0,7056.0
http,S0,0,0,0,0.5,0.33,1.0,0.0,0.04,0.25,0.02,0,116898.0
finger,SF,8,141,0,0.0,0.0,1.0,0.0,0.0,0.0,0.0,0,38598.0
private,S0,0,0,0,1.0,1.0,0.13,0.06,0.0,1.0,1.0,1,53038.0
iso_tsap,S0,0,0,0,1.0,1.0,0.07,0.07,0.0,1.0,1.0,1,63802.0
bgp,S0,0,0,0,1.0,1.0,0.02,0.06,0.0,1.0,1.0,1,83026.0
iso_tsap,S0,0,0,0,1.0,1.0,0.01,0.05,0.0,1.0,1.0,1,94669.0
private,S0,0,0,0,1.0,1.0,0.06,0.06,0.0,1.0,1.0,1,82371.0
http,SF,220,882,1,0.0,0.0,1.0,0.0,0.0,0.0,0.0,0,124227.0
eco_i,SF,18,0,0,0.0,0.0,1.0,0.0,1.0,0.0,0.0,1,97392.0
http,SF,233,773,1,0.0,0.0,1.0,0.0,0.09,0.0,0.0,0,96404.0
mtp,S0,0,0,0,1.0,1.0,0.08,0.07,0.0,1.0,1.0,1,75860.0
http,REJ,0,0,0,0.0,0.0,1.0,0.0,0.19,0.0,0.0,0,89420.0
ftp_data,SF,1692,0,1,0.0,0.0,1.0,0.0,0.0,0.99,0.0,0,4835.0
ftp_data,SF,12286,0,1,0.0,0.0,1.0,0.0,0.0,0.0,0.0,0,40572.0
domain_u,SF,44,113,0,0.0,0.0,1.0,0.0,0.0,0.0,0.0,0,50358.0
http,REJ,0,0,0,0.0,0.0,1.0,0.0,0.21,0.0,0.0,0,73675.0
hostnames,S0,0,0,0,1.0,1.0,0.07,0.06,0.0,1.0,1.0,1,21628.0
http,SF,316,2345,1,0.0,0.03,1.0,0.0,0.04,0.0,0.01,0,10710.0
private,RSTR,0,0,0,0.0,0.0,1.0,0.0,0.0,0.0,0.0,1,122202.0
pop_3,SF,35,130,1,0.0,0.0,0.5,1.0,0.5,0.03,0.0,0,61432.0
domain_u,SF,132,46,0,0.0,0.0,1.0,0.01,0.0,0.0,0.0,0,51166.0
http,SF,198,20502,1,0.0,0.0,1.0,0.0,0.01,0.0,0.0,0,91851.0
http,SF,54540,8314,1,0.0,0.0,1.0,0.0,0.0,0.0,0.0,1,29831.0
ecr_i,SF,1032,0,0,0.0,0.0,1.0,0.0,0.0,0.0,0.0,1,8123.0
domain_u,SF,43,128,0,0.0,0.0,1.0,0.0,0.0,0.0,0.0,0,62294.0
courier,S0,0,0,0,1.0,1.0,0.13,0.06,0.0,1.0,1.0,1,26019.0
uucp,S0,0,0,0,1.0,1.0,0.02,0.05,0.0,1.0,1.0,1,1139.0
smtp,SF,857,389,1,0.0,0.0,1.0,0.0,0.0,0.87,0.0,0,53286.0
private,S0,0,0,0,1.0,1.0,0.04,0.07,0.0,1.0,1.0,1,119168.0
ftp_data,S0,0,0,0,0.97,1.0,0.24,0.14,0.0,1.0,1.0,1,104256.0
http,SF,54540,8314,1,0.25,0.25,1.0,0.0,0.0,0.0,0.0,1,24285.0
uucp_path,S0,0,0,0,1.0,1.0,0.05,0.06,0.0,1.0,1.0,1,113881.0
private,S0,0,0,0,1.0,1.0,0.07,0.06,0.0,1.0,1.0,1,69243.0
private,S0,0,0,0,1.0,1.0,0.01,0.06,0.0,1.0,1.0,1,54243.0
ftp,S0,0,0,0,1.0,1.0,0.04,0.06,0.0,1.0,1.0,1,99636.0
other,SF,147,105,0,0.0,0.0,0.33,0.5,0.0,0.0,0.0,0,70586.0
other,SF,146,105,0,0.0,0.0,1.0,0.0,0.0,0.0,0.0,0,33441.0
other,RSTR,1,0,0,0.0,0.0,1.0,0.0,0.0,0.0,0.0,1,41169.0
domain_u,SF,46,133,0,0.0,0.0,1.0,0.0,0.0,0.0,0.0,0,55926.0
http,SF,306,607,1,0.0,0.0,1.0,0.0,0.0,0.01,0.01,0,19364.0
ecr_i,SF,520,0,0,0.0,0.0,1.0,0.0,0.0,0.0,0.0,1,102562.0
http,SF,234,398,1,0.0,0.0,1.0,0.0,0.0,0.0,0.0,0,111772.0
domain_u,SF,42,42,0,0.0,0.0,1.0,0.0,0.0,0.0,0.0,0,66532.0
smtp,SF,1007,333,1,0.0,0.0,1.0,0.0,0.02,0.0,0.0,0,25085.0
ftp,S0,0,0,0,1.0,1.0,0.03,0.06,0.0,1.0,1.0,1,43779.0
discard,S0,0,0,0,1.0,1.0,0.0,0.06,0.0,1.0,1.0,1,66527.0
auth,S0,0,0,0,1.0,1.0,0.09,0.05,0.0,1.0,1.0,1,85530.0
http,SF,208,799,1,0.0,0.0,1.0,0.0,0.0,0.0,0.0,0,97390.0
urp_i,SF,181,0,0,0.0,0.0,0.5,1.0,0.0,0.0,0.0,0,13753.0
smtp,SF,1882,401,1,0.0,0.0,1.0,0.0,0.0,0.0,0.0,0,11134.0
http_443,S0,0,0,0,1.0,1.0,0.01,0.07,0.0,1.0,1.0,1,37730.0
http,REJ,0,0,0,0.0,0.0,1.0,0.0,0.2,0.0,0.0,0,40925.0
smtp,SF,817,481,1,0.0,0.0,1.0,0.0,0.0,0.0,0.0,0,9517.0
http,SF,279,296,1,0.0,0.0,1.0,0.0,0.0,0.0,0.0,0,54263.0
discard,S0,0,0,0,1.0,1.0,0.02,0.06,0.0,1.0,1.0,1,62628.0
ftp_data,SF,2194619,0,1,0.0,0.0,1.0,0.0,0.02,0.0,0.0,0,46522.0
http,SF,298,2809,1,0.0,0.0,1.0,0.0,0.01,0.0,0.01,0,16130.0
http,SF,215,288,1,0.0,0.0,1.0,0.0,0.0,0.0,0.0,0,16287.0
other,REJ,0,0,0,0.04,0.0,0.0,0.98,0.0,0.04,0.0,1,66690.0
private,SF,28,0,0,0.0,0.0,1.0,0.0,0.0,0.02,0.0,1,98666.0
daytime,S0,0,0,0,1.0,1.0,0.04,0.06,0.0,1.0,1.0,1,36965.0
ecr_i,SF,1032,0,0,0.0,0.0,1.0,0.0,0.0,0.02,0.0,1,111814.0
http,SF,358,3865,1,0.0,0.0,1.0,0.0,0.0,0.0,0.0,0,32839.0
http,SF,292,2807,1,0.0,0.0,1.0,0.0,0.0,0.0,0.0,0,19952.0
http,SF,199,4061,1,0.0,0.0,1.0,0.0,0.0,0.0,0.0,0,123577.0
ftp,S0,0,0,0,1.0,1.0,0.09,0.07,0.0,1.0,1.0,1,82698.0
other,RSTR,1,0,0,0.0,0.0,1.0,0.0,0.0,0.0,0.0,1,88788.0
ftp,SF,1255,2451,1,0.0,0.0,1.0,0.0,0.0,0.0,0.0,1,33757.0
telnet,SF,221,5185,1,0.0,0.0,1.0,0.0,0.0,0.0,0.0,0,70782.0
telnet,S0,0,0,0,1.0,1.0,0.25,0.05,0.0,1.0,1.0,1,64932.0
http,SF,216,3024,1,0.0,0.0,1.0,0.0,0.02,0.0,0.0,0,19157.0
iso_tsap,S0,0,0,0,1.0,1.0,0.04,0.06,0.0,1.0,1.0,1,44707.0
http,SF,246,10915,1,0.0,0.0,1.0,0.0,0.0,0.0,0.0,0,121972.0
eco_i,SF,8,0,0,0.0,0.0,1.0,0.0,0.5,0.0,0.0,1,53536.0
http,SF,200,6329,1,0.0,0.0,1.0,0.0,0.0,0.0,0.0,0,110496.0
private,REJ,0,0,0,0.0,0.0,0.06,0.07,0.0,0.0,0.0,1,68531.0
nnsp,S0,0,0,0,1.0,1.0,0.18,0.05,0.0,1.0,1.0,1,22562.0
private,SF,1,0,0,0.0,0.0,0.89,0.11,0.0,0.0,0.0,1,28625.0
http,SF,274,2345,1,0.0,0.0,1.0,0.0,0.02,0.0,0.0,0,84885.0
domain_u,SF,43,133,0,0.0,0.0,1.0,0.0,0.0,0.0,0.0,0,42003.0
private,REJ,0,0,0,0.1,0.0,0.0,1.0,0.0,0.1,0.0,1,96558.0
finger,S0,0,0,0,1.0,1.0,0.01,0.05,0.0,1.0,1.0,1,125809.0
http,SF,216,530,1,0.0,0.0,1.0,0.0,0.02,0.0,0.0,0,101343.0
private,REJ,0,0,0,0.06,0.0,0.0,1.0,0.0,0.09,0.0,1,70258.0
http,SF,238,1112,1,0.0,0.0,1.0,0.0,0.0,0.0,0.0,0,45518.0
domain_u,SF,43,127,0,0.0,0.0,1.0,0.0,0.0,0.0,0.0,0,48887.0
nnsp,S0,0,0,0,1.0,1.0,0.11,0.06,0.0,1.0,1.0,1,116194.0
ecr_i,SF,1032,0,0,0.0,0.0,1.0,0.0,0.0,0.0,0.0,1,81271.0
eco_i,SF,8,0,0,0.0,0.0,1.0,0.0,0.51,0.0,0.0,1,86757.0
Z39_50,REJ,0,0,0,0.0,0.0,0.09,0.07,0.0,0.0,0.0,1,41221.0
domain_u,SF,86,0,0,0.0,0.0,1.0,0.0,0.0,0.0,0.0,0,32461.0
private,SH,0,0,0,1.0,1.0,1.0,0.0,0.0,0.92,1.0,1,74459.0
domain_u,SF,44,74,0,0.0,0.0,1.0,0.0,0.0,0.0,0.0,0,53473.0
http,SF,233,2376,1,0.0,0.0,1.0,0.0,0.04,0.0,0.0,0,85870.0
private,S0,0,0,0,1.0,1.0,0.04,0.07,0.0,1.0,1.0,1,61387.0
kshell,S0,0,0,0,1.0,1.0,0.17,0.05,0.0,1.0,1.0,1,67161.0
http,SF,243,753,1,0.0,0.0,1.0,0.0,0.0,0.0,0.0,0,68436.0
http,SF,221,534,1,0.0,0.0,1.0,0.0,0.0,0.0,0.0,0,21529.0
ftp_data,S3,568,0,1,1.0,1.0,1.0,0.0,0.11,0.01,0.05,0,120788.0
private,S0,0,0,0,1.0,1.0,0.14,0.05,0.0,1.0,1.0,1,55757.0
http,SF,217,2431,1,0.0,0.0,1.0,0.0,0.05,0.0,0.0,0,91647.0
http,SF,303,480,1,0.0,0.0,1.0,0.0,0.01,0.0,0.0,0,124221.0
eco_i,SF,8,0,0,0.0,0.0,1.0,0.0,0.5,0.0,0.0,1,21066.0
ntp_u,SF,48,48,0,0.0,0.0,1.0,0.0,0.67,0.0,0.0,0,114834.0
name,S0,0,0,0,1.0,1.0,0.08,0.05,0.0,1.0,1.0,1,98079.0
http,SF,282,124,1,0.0,0.0,1.0,0.0,0.02,0.0,0.0,0,28623.0
courier,S0,0,0,0,1.0,1.0,0.21,0.06,0.0,1.0,1.0,1,8681.0
private,S0,0,0,0,1.0,1.0,0.01,0.06,0.0,1.0,1.0,1,50168.0
domain_u,SF,34,0,0,0.0,0.0,1.0,0.0,0.0,0.0,0.0,0,25943.0
http,SF,197,380,1,0.0,0.0,1.0,0.0,0.02,0.0,0.0,0,1153.0
smtp,SF,914,333,1,0.0,0.0,1.0,0.0,0.02,0.0,0.0,0,20365.0
eco_i,SF,8,0,0,0.0,0.0,1.0,0.0,0.5,0.0,0.0,1,79113.0
http,SF,206,11795,1,0.0,0.0,1.0,0.0,0.02,0.0,0.0,0,121331.0
http,SF,321,2734,1,0.0,0.0,1.0,0.0,0.05,0.0,0.0,0,77550.0
http,SF,332,893,1,0.0,0.0,1.0,0.0,0.0,0.0,0.0,0,56759.0
domain_u,SF,43,73,0,0.0,0.0,1.0,0.0,0.0,0.0,0.0,0,79402.0
http,SF,343,255,1,0.0,0.0,1.0,0.0,0.06,0.0,0.0,0,78399.0
finger,S0,0,0,0,1.0,1.0,0.36,0.14,0.0,1.0,1.0,1,81891.0
private,SF,105,146,0,0.0,0.0,1.0,0.0,0.0,0.0,0.0,0,120901.0
private,REJ,0,0,0,0.11,0.0,0.0,1.0,0.0,0.1,0.0,1,51617.0
http,SF,235,1380,1,0.33,0.33,1.0,0.0,0.0,0.08,0.08,0,78023.0
ftp_data,SF,12,0,0,0.0,0.0,1.0,0.0,0.0,0.0,0.0,0,57927.0
uucp,S0,0,0,0,1.0,1.0,0.04,0.06,0.0,1.0,1.0,1,108233.0
http,SF,237,2242,1,0.0,0.0,1.0,0.0,0.03,0.0,0.0,0,67047.0
private,RSTR,1,0,0,0.0,0.0,1.0,0.0,0.0,0.0,0.0,1,24530.0
ftp_data,SF,10,0,0,0.0,0.0,1.0,0.0,0.0,0.92,0.0,0,97895.0
private,REJ,0,0,0,0.0,0.0,0.5,1.0,0.0,0.0,0.0,1,77308.0
domain_u,SF,45,45,0,0.0,0.0,1.0,0.0,0.0,0.0,0.0,0,52369.0
http,SF,205,247,1,0.0,0.0,1.0,0.0,0.02,0.0,0.0,0,26180.0
http,SF,212,7203,1,0.0,0.0,1.0,0.0,0.01,0.01,0.0,0,85334.0
smtp,S0,0,0,0,1.0,1.0,0.03,0.06,0.0,1.0,1.0,1,13336.0
smtp,SF,1374,329,1,0.0,0.0,1.0,0.0,0.01,0.0,0.0,0,52247.0
eco_i,SF,8,0,0,0.0,0.0,1.0,0.0,0.5,0.0,0.0,1,63937.0
http,RSTR,13748,8314,1,0.0,0.0,1.0,0.0,0.0,0.0,0.0,1,43888.0
http,SF,215,602,1,0.0,0.0,1.0,0.0,0.0,0.0,0.0,0,13370.0
smtp,SF,826,327,1,0.0,0.0,1.0,0.0,0.0,0.0,0.0,0,72571.0
http,SF,219,1491,1,0.0,0.0,1.0,0.0,0.01,0.0,0.0,0,125815.0
http,SF,302,4199,1,0.0,0.0,1.0,0.0,0.07,0.0,0.0,0,54647.0
eco_i,SF,8,0,0,0.0,0.0,1.0,0.0,0.5,0.0,0.0,1,95941.0
http,SF,253,4531,1,0.0,0.0,1.0,0.0,0.04,0.03,0.0,0,106157.0
ftp_data,SF,960,0,1,0.0,0.0,1.0,0.0,0.04,0.0,0.0,0,81402.0
other,REJ,0,0,0,0.12,0.0,0.0,1.0,0.0,0.2,0.0,1,40525.0
http,SF,175,13735,1,0.0,0.0,1.0,0.0,0.01,0.0,0.0,0,56387.0
http,SF,309,8584,1,0.0,0.0,1.0,0.0,0.0,0.0,0.0,0,5652.0
private,RSTR,0,0,0,0.0,0.0,1.0,0.0,0.0,0.0,0.0,1,46980.0
domain_u,SF,46,46,0,0.0,0.0,1.0,0.0,0.0,0.0,0.0,0,35144.0
http,SF,207,3090,1,0.0,0.0,1.0,0.0,0.08,0.0,0.0,0,11176.0
daytime,S0,0,0,0,1.0,1.0,0.0,0.07,0.0,1.0,1.0,1,15037.0
http,SF,248,3441,1,0.0,0.0,1.0,0.0,0.02,0.0,0.0,0,28308.0
domain_u,SF,46,133,0,0.0,0.0,1.0,0.0,0.0,0.0,0.0,0,70692.0
private,SF,105,146,0,0.0,0.0,1.0,0.0,0.0,0.0,0.0,0,70013.0
http,SF,266,2424,1,0.0,0.0,1.0,0.0,0.0,0.0,0.0,0,77562.0
private,S0,0,0,0,1.0,1.0,0.03,0.07,0.0,1.0,1.0,1,37296.0
domain_u,SF,44,134,0,0.0,0.0,1.0,0.0,0.0,0.0,0.0,0,88224.0
private,S0,0,0,0,1.0,1.0,0.02,0.07,0.0,1.0,1.0,1,61377.0
http,SF,230,6804,1,0.0,0.0,1.0,0.0,0.02,0.0,0.0,0,40467.0
other,REJ,0,0,0,0.07,0.0,0.0,1.0,0.0,0.04,0.0,1,76444.0
domain_u,SF,42,42,0,0.0,0.0,1.0,0.0,0.0,0.0,0.0,0,40115.0
ftp_data,SF,259,0,1,0.0,0.0,1.0,0.0,0.06,0.0,0.0,0,16896.0
uucp,S0,0,0,0,1.0,1.0,0.47,0.16,0.0,1.0,1.0,1,92205.0
private,S0,0,0,0,1.0,1.0,0.05,0.08,0.0,1.0,1.0,1,82115.0
http,SF,196,1337,1,0.0,0.0,1.0,0.0,0.0,0.0,0.0,0,821.0
Z39_50,S0,0,0,0,1.0,1.0,0.03,0.07,0.0,1.0,1.0,1,24026.0
http,SF,304,2698,1,0.0,0.0,1.0,0.0,0.0,0.0,0.0,0,110268.0
http,SF,160,2444,1,0.0,0.0,1.0,0.0,0.05,0.0,0.0,0,78380.0
daytime,S0,0,0,0,1.0,1.0,0.04,0.06,0.0,1.0,1.0,1,21734.0
http,SF,174,2028,1,0.0,0.0,1.0,0.0,0.03,0.0,0.0,0,10253.0
domain_u,SF,45,45,0,0.0,0.0,1.0,0.0,0.0,0.0,0.0,0,100847.0
domain_u,SF,45,128,0,0.0,0.0,0.99,0.01,0.0,0.0,0.0,0,88561.0
uucp_path,S0,0,0,0,1.0,1.0,0.05,0.07,0.0,1.0,1.0,1,88956.0
http,SF,300,1370,1,0.0,0.0,1.0,0.0,0.03,0.0,0.0,0,105881.0
http,SF,224,2051,1,0.0,0.0,1.0,0.0,0.04,0.0,0.0,0,13250.0
private,S0,0,0,0,1.0,1.0,0.1,0.08,0.0,1.0,1.0,1,78475.0
eco_i,SF,8,0,0,0.0,0.0,1.0,0.0,0.51,0.0,0.0,1,94899.0
eco_i,SF,8,0,0,0.0,0.0,1.0,0.0,0.5,0.0,0.0,1,26391.0
smtp,SF,1416,333,1,0.0,0.0,1.0,0.0,0.0,0.0,0.0,0,91939.0
http,SF,197,204,1,0.0,0.05,1.0,0.0,0.04,0.0,0.0,0,13363.0
private,SF,28,0,0,0.0,0.0,1.0,0.0,0.0,0.02,0.0,1,109477.0
ftp,SF,1242,2451,1,0.0,0.0,1.0,0.0,0.0,0.01,0.0,1,105656.0
time,S0,0,0,0,1.0,1.0,0.07,0.04,0.0,1.0,1.0,1,117806.0
telnet,S0,0,0,0,0.98,1.0,0.23,0.08,0.0,1.0,1.0,1,58848.0
private,S0,0,0,0,1.0,1.0,0.01,0.06,0.0,1.0,1.0,1,18277.0
ftp_data,SF,879,0,0,0.0,0.0,1.0,0.0,0.0,0.0,0.0,0,69453.0
smtp,SF,1289,392,1,0.0,0.0,1.0,0.0,0.0,0.49,0.53,0,69834.0
http,SF,277,525,1,0.0,0.0,1.0,0.0,0.04,0.0,0.01,0,56157.0
http,SF,301,1380,1,0.0,0.0,1.0,0.0,0.0,0.0,0.0,0,96187.0
http,SF,307,3222,1,0.0,0.0,1.0,0.0,0.0,0.0,0.0,0,82260.0
ftp_data,SF,9178,0,1,0.0,0.0,1.0,0.0,0.0,0.0,0.0,0,85865.0
http,SF,267,118,1,0.0,0.0,1.0,0.0,0.0,0.0,0.0,0,24916.0
private,S0,0,0,0,1.0,1.0,0.05,0.06,0.0,1.0,1.0,1,98512.0
smtp,SF,617,337,1,0.0,0.0,1.0,0.0,0.01,0.0,0.0,0,40993.0
nnsp,S0,0,0,0,1.0,1.0,0.03,0.06,0.0,1.0,1.0,1,53664.0
other,REJ,0,0,0,0.18,0.0,0.0,1.0,0.0,0.05,0.0,1,60104.0
ecr_i,SF,1032,0,0,0.0,0.0,1.0,0.0,0.0,0.0,0.0,1,99836.0
domain_u,SF,45,45,0,0.0,0.0,1.0,0.0,0.0,0.0,0.0,0,41271.0
telnet,S0,0,0,0,1.0,1.0,0.23,0.05,0.0,1.0,1.0,1,104775.0
http,SF,175,2618,1,0.0,0.0,1.0,0.0,0.03,0.0,0.0,0,100860.0
ftp_data,SF,1766,0,0,0.0,0.0,1.0,0.0,0.0,0.0,0.0,0,99165.0
domain_u,SF,44,73,0,0.0,0.0,1.0,0.0,0.0,0.0,0.0,0,17410.0
private,SF,1,26,0,0.0,0.0,0.14,0.19,0.0,0.16,0.0,1,75483.0
http,SF,360,5864,1,0.0,0.0,1.0,0.0,0.02,0.0,0.0,0,125905.0
domain_u,SF,45,45,0,0.0,0.0,1.0,0.0,0.0,0.0,0.0,0,114478.0
domain_u,SF,42,125,0,0.0,0.0,1.0,0.0,0.0,0.0,0.0,0,57829.0
name,S0,0,0,0,1.0,1.0,0.01,0.07,0.0,1.0,1.0,1,33652.0
private,S0,0,0,0,1.0,1.0,0.13,0.05,0.0,1.0,1.0,1,28879.0
netbios_dgm,RSTR,0,0,0,0.0,0.0,1.0,0.0,0.0,0.03,0.0,1,38105.0
supdup,REJ,0,0,0,0.0,0.0,0.05,0.06,0.0,0.0,0.0,1,62551.0
http,S0,0,0,0,1.0,1.0,0.08,0.05,0.0,1.0,1.0,1,48515.0
http,SF,294,2684,1,0.0,0.0,1.0,0.0,0.05,0.0,0.0,0,122950.0
http,SF,209,1817,1,0.0,0.0,1.0,0.0,0.03,0.01,0.0,0,9610.0
http_443,REJ,0,0,0,0.0,0.0,0.04,0.09,0.0,0.0,0.0,1,40083.0
domain_u,SF,44,133,0,0.0,0.0,1.0,0.0,0.0,0.0,0.0,0,30670.0
other,SF,146,105,0,0.0,0.0,1.0,0.0,0.0,0.0,0.0,0,59790.0
http,SF,228,6371,1,0.0,0.0,1.0,0.0,0.03,0.0,0.0,0,97800.0
domain_u,SF,45,129,0,0.0,0.0,1.0,0.0,0.0,0.0,0.0,0,57092.0
imap4,S0,0,0,0,1.0,1.0,0.09,0.05,0.0,1.0,1.0,1,25619.0
http,SF,213,298,1,0.0,0.0,1.0,0.0,0.01,0.0,0.0,0,36556.0
domain_u,SF,43,74,0,0.0,0.0,0.99,0.01,0.0,0.0,0.0,0,22778.0
http,REJ,0,0,0,0.0,0.0,1.0,0.0,0.11,0.0,0.0,0,58029.0
http,SF,388,6349,1,0.0,0.0,1.0,0.0,0.0,0.0,0.0,0,33189.0
http,SF,344,5277,1,0.0,0.0,1.0,0.0,0.05,0.0,0.0,0,118680.0
private,S0,0,0,0,1.0,1.0,0.06,0.06,0.0,1.0,1.0,1,114554.0
other,RSTR,1,0,0,0.0,0.0,1.0,0.0,0.0,0.0,0.0,1,79756.0
daytime,S0,0,0,0,1.0,1.0,0.01,0.07,0.0,1.0,1.0,1,60219.0
csnet_ns,S0,0,0,0,1.0,1.0,0.06,0.06,0.0,1.0,1.0,1,24097.0
private,S0,0,0,0,1.0,1.0,0.06,0.06,0.0,1.0,1.0,1,13037.0
mtp,S0,0,0,0,1.0,1.0,0.09,0.07,0.0,1.0,1.0,1,39912.0
http,SF,325,1200,1,0.0,0.0,1.0,0.0,0.01,0.0,0.0,0,99099.0
telnet,S0,0,0,0,0.96,1.0,0.22,0.11,0.0,1.0,1.0,1,66344.0
ftp_data,SF,0,0,0,0.0,0.0,0.67,0.67,0.03,0.0,0.0,0,13998.0
ftp_data,SF,2194619,0,0,0.0,0.0,1.0,0.0,0.05,0.0,0.0,0,92540.0
bgp,S0,0,0,0,1.0,1.0,0.06,0.07,0.0,1.0,1.0,1,30040.0
smtp,SF,1205,333,1,0.0,0.0,1.0,0.0,0.01,0.0,0.0,0,2159.0
domain_u,SF,42,42,0,0.0,0.0,1.0,0.0,0.0,0.0,0.0,0,61006.0
ecr_i,SF,1032,0,0,0.0,0.0,1.0,0.0,0.0,0.0,0.0,1,61750.0
http,SF,286,434,1,0.0,0.0,1.0,0.0,0.0,0.0,0.0,0,50026.0
smtp,SF,2194,337,1,0.0,0.0,1.0,0.0,0.01,0.0,0.0,0,17980.0
http,SF,318,6967,1,0.0,0.0,1.0,0.0,0.04,0.0,0.0,0,60247.0
private,REJ,0,0,0,0.0,0.0,0.0,0.52,0.0,0.0,0.0,1,90439.0
finger,S0,0,0,0,1.0,1.0,0.28,0.06,0.0,1.0,1.0,1,97461.0
private,REJ,0,0,0,0.0,0.0,0.1,0.07,0.0,0.0,0.0,1,31959.0
private,REJ,0,0,0,0.0,0.0,0.02,0.54,0.0,0.01,0.0,1,113280.0
sql_net,REJ,0,0,0,0.0,0.0,0.05,0.07,0.0,0.0,0.0,1,64729.0
domain_u,SF,43,77,0,0.0,0.0,1.0,0.0,0.0,0.0,0.0,0,89008.0
http,SF,321,3832,1,0.0,0.0,1.0,0.0,0.04,0.0,0.0,0,27125.0
domain_u,SF,46,46,0,0.0,0.0,1.0,0.0,0.0,0.0,0.0,0,80124.0
private,REJ,0,0,0,0.0,0.0,0.05,0.07,0.0,0.0,0.0,1,106877.0
http,SF,306,3222,1,0.0,0.0,1.0,0.0,0.0,0.0,0.0,0,74671.0
ntp_u,SF,48,48,0,0.0,0.0,1.0,0.0,0.0,0.0,0.0,0,46478.0
ftp,SF,860,2586,1,0.0,0.0,1.0,0.0,0.0,0.0,0.0,0,100314.0
http,REJ,0,0,0,0.0,0.0,1.0,0.0,0.25,0.0,0.0,0,32261.0
ftp,SF,1069,3081,1,0.0,0.0,1.0,0.0,0.0,0.01,0.0,0,31816.0
ftp_data,S0,0,0,0,1.0,1.0,0.1,0.06,0.0,1.0,1.0,1,22288.0
http,SF,352,1564,1,0.0,0.0,1.0,0.0,0.0,0.0,0.0,0,52229.0
exec,S0,0,0,0,1.0,1.0,0.02,0.07,0.0,1.0,1.0,1,117551.0
ftp,SF,872,2586,1,0.0,0.0,1.0,0.0,0.0,0.0,0.0,0,42040.0
private,SF,1,0,0,0.0,0.0,0.08,0.69,0.0,0.02,0.0,1,97415.0
http,SF,350,6465,1,0.0,0.0,1.0,0.0,0.01,0.0,0.0,0,33306.0
domain_u,SF,45,144,0,0.0,0.0,0.99,0.03,0.0,0.0,0.0,0,68253.0
private,SF,1,0,0,0.0,0.0,1.0,0.0,0.0,0.0,0.0,1,16026.0
private,SF,207,0,0,0.0,0.0,1.0,0.0,0.0,0.0,0.0,1,20801.0
ecr_i,SF,30,0,0,0.0,0.0,1.0,0.0,0.0,0.0,0.0,0,122962.0
eco_i,SF,8,0,0,0.0,0.0,1.0,0.0,0.51,0.0,0.0,1,5281.0
private,S0,0,0,0,0.75,1.0,0.25,0.5,0.0,0.02,1.0,1,77496.0
domain_u,SF,44,44,0,0.0,0.0,1.0,0.0,0.0,0.0,0.0,0,78161.0
private,S0,0,0,0,1.0,1.0,0.09,0.08,0.0,1.0,1.0,1,10690.0
private,S0,0,0,0,1.0,1.0,0.03,0.06,0.0,1.0,1.0,1,75987.0
mtp,S0,0,0,0,1.0,1.0,0.08,0.06,0.0,1.0,1.0,1,5669.0
http,SF,307,1075,1,0.0,0.0,1.0,0.0,0.0,0.0,0.0,0,49422.0
http,SF,181,14183,1,0.0,0.0,1.0,0.0,0.0,0.0,0.0,0,39741.0
exec,S0,0,0,0,1.0,1.0,0.06,0.06,0.0,1.0,1.0,1,39870.0
private,SF,28,0,0,0.0,0.0,1.0,0.0,0.0,0.0,0.0,1,69404.0
http,SF,206,656,1,0.0,0.0,1.0,0.0,0.0,0.0,0.0,0,118400.0
private,S0,0,0,0,1.0,1.0,0.07,0.05,0.0,1.0,1.0,1,33099.0
http,SF,329,521,1,0.0,0.0,1.0,0.0,0.0,0.0,0.0,0,113678.0
smtp,SF,1722,328,1,0.0,0.0,1.0,0.0,0.01,0.0,0.0,0,121802.0
other,REJ,0,0,0,0.1,0.0,0.0,1.0,0.0,0.13,0.0,1,90333.0
smtp,SF,1770,332,1,0.0,0.0,1.0,0.0,0.0,0.0,0.0,0,52682.0
ssh,S0,0,0,0,1.0,1.0,0.04,0.05,0.0,1.0,1.0,1,83651.0
private,S0,0,0,0,1.0,1.0,0.09,0.26,0.0,1.0,1.0,1,36016.0
domain_u,SF,44,129,0,0.0,0.0,1.0,0.0,0.0,0.0,0.0,0,96038.0
courier,S0,0,0,0,1.0,1.0,0.03,0.07,0.0,1.0,1.0,1,119200.0
ntp_u,SF,48,48,0,0.0,0.0,1.0,0.0,0.0,0.0,0.0,0,6863.0
domain_u,SF,43,75,0,0.0,0.0,1.0,0.0,0.0,0.0,0.0,0,48280.0
http,SF,219,759,1,0.0,0.0,1.0,0.0,0.0,0.0,0.0,0,10651.0
ftp,SF,224,766,1,0.0,0.0,1.0,0.0,0.0,0.0,0.0,0,58113.0
domain_u,SF,45,76,0,0.0,0.0,1.0,0.0,0.0,0.0,0.0,0,73535.0
http,SF,343,2226,1,0.0,0.0,1.0,0.0,0.0,0.0,0.0,0,51971.0
telnet,SF,277,734,1,0.0,0.0,1.0,0.0,0.0,0.03,0.5,0,82345.0
http,SF,363,961,1,0.0,0.0,1.0,0.0,0.02,0.02,0.01,0,34992.0
ftp_data,SF,748,0,1,0.0,0.0,1.0,0.0,0.0,0.0,0.0,0,92976.0
ftp,SF,1119,2443,1,0.0,0.0,1.0,0.0,0.0,0.0,0.0,1,117850.0
private,SF,28,0,0,0.0,0.0,1.0,0.0,0.0,0.0,0.0,1,23430.0
private,REJ,0,0,0,0.0,0.0,0.07,0.06,0.0,0.0,0.0,1,14592.0
http,SF,183,13640,1,0.0,0.0,1.0,0.0,0.01,0.0,0.0,0,42683.0
name,S0,0,0,0,1.0,1.0,0.1,0.07,0.0,1.0,1.0,1,68654.0
ftp_data,SF,8173,0,1,0.0,0.0,1.0,0.0,0.03,0.0,0.0,0,119352.0
smtp,SF,1464,370,1,0.0,0.0,1.0,0.0,0.01,0.0,0.0,0,63716.0
private,REJ,0,0,0,0.0,0.0,0.08,0.07,0.0,0.0,0.0,1,100110.0
csnet_ns,REJ,0,0,0,0.0,0.0,0.07,0.07,0.0,0.0,0.0,1,19789.0
ftp,SF,1438,4152,1,0.0,0.0,1.0,0.0,0.0,0.0,0.0,0,123666.0
uucp_path,S0,0,0,0,1.0,1.0,0.06,0.06,0.0,1.0,1.0,1,17408.0
http,SF,254,755,1,0.0,0.0,1.0,0.0,0.0,0.0,0.0,0,100540.0
private,REJ,0,0,0,0.0,0.0,0.5,1.0,0.0,0.0,0.0,1,45187.0
http,SF,328,2532,1,0.0,0.0,1.0,0.0,0.0,0.0,0.0,0,70622.0
http,SF,188,313,1,0.0,0.0,1.0,0.0,0.0,0.0,0.0,0,93723.0
http,SF,320,3746,1,0.0,0.0,1.0,0.0,0.04,0.0,0.01,0,56753.0
domain_u,SF,45,74,0,0.0,0.0,1.0,0.01,0.0,0.0,0.0,0,39010.0
ftp,SF,1530,4152,1,0.0,0.0,1.0,0.0,0.0,0.0,0.0,0,102056.0
http,SF,321,2055,1,0.0,0.0,1.0,0.0,0.01,0.0,0.0,0,120611.0
http,SF,254,1769,1,0.0,0.0,1.0,0.0,0.01,0.0,0.0,0,30343.0
ftp,SF,238,769,1,0.0,0.0,0.5,1.0,0.0,0.0,0.0,0,84921.0
nnsp,S0,0,0,0,1.0,1.0,0.1,0.06,0.0,1.0,1.0,1,38283.0
gopher,S0,0,0,0,1.0,1.0,0.0,0.06,0.0,1.0,1.0,1,113731.0
ctf,REJ,0,0,0,0.0,0.0,0.06,0.06,0.0,0.0,0.0,1,83848.0
private,S0,0,0,0,1.0,1.0,0.04,0.05,0.0,1.0,1.0,1,111104.0
http,SF,243,15374,1,0.0,0.0,1.0,0.0,0.03,0.0,0.0,0,50263.0
ftp_data,S0,0,0,0,1.0,1.0,0.21,0.06,0.0,1.0,1.0,1,65330.0
ftp,SF,1223,2451,1,0.0,0.0,1.0,0.0,0.0,0.0,0.0,1,14920.0
other,REJ,0,0,0,0.13,0.0,0.0,1.0,0.0,0.14,0.0,1,114548.0
http,SF,308,4393,1,0.0,0.0,1.0,0.0,0.03,0.0,0.0,0,67274.0
http,SF,207,597,1,0.0,0.0,1.0,0.0,0.02,0.0,0.0,0,117838.0
efs,S0,0,0,0,1.0,1.0,0.02,0.07,0.0,1.0,1.0,1,115378.0
http,SF,342,3870,1,0.0,0.0,1.0,0.0,0.04,0.0,0.0,0,78697.0
iso_tsap,S0,0,0,0,1.0,1.0,0.04,0.06,0.0,1.0,1.0,1,71721.0
http,SF,289,11002,1,0.0,0.0,1.0,0.0,0.04,0.01,0.0,0,79891.0
echo,RSTO,0,0,0,0.0,0.0,0.01,0.07,0.0,0.0,0.0,1,39755.0
http,SF,203,4334,1,0.0,0.0,1.0,0.0,0.02,0.0,0.0,0,64071.0
private,REJ,0,0,0,0.0,0.0,0.5,1.0,0.0,0.0,0.0,1,104926.0
private,REJ,0,0,0,0.0,0.0,0.01,0.07,0.0,0.0,0.0,1,27695.0
eco_i,SF,8,0,0,0.0,0.0,1.0,0.0,0.51,0.0,0.0,1,102729.0
ftp_data,SF,2194619,0,1,0.0,0.0,1.0,0.0,0.04,0.0,0.0,0,85082.0
private,REJ,0,0,0,0.0,0.0,1.0,0.0,0.0,0.0,0.0,1,107237.0
private,S0,0,0,0,1.0,1.0,0.06,0.06,0.0,1.0,1.0,1,9705.0
http,SF,211,359,1,0.0,0.0,1.0,0.0,0.02,0.0,0.0,0,100905.0
http,SF,275,21067,1,0.0,0.0,1.0,0.0,0.04,0.0,0.0,0,112161.0
eco_i,SF,8,0,0,0.0,0.0,1.0,0.0,0.51,0.0,0.0,1,52303.0
domain_u,SF,43,129,0,0.0,0.0,1.0,0.0,0.0,0.0,0.0,0,112586.0
http,REJ,0,0,0,0.0,0.0,1.0,0.0,0.17,0.0,0.0,0,67712.0
private,S0,0,0,0,1.0,1.0,0.11,0.06,0.0,1.0,1.0,1,48122.0
domain_u,SF,44,71,0,0.0,0.0,1.0,0.0,0.0,0.0,0.0,0,103850.0
http,SF,308,593,1,0.0,0.0,1.0,0.0,0.0,0.0,0.0,0,22504.0
uucp_path,S0,0,0,0,1.0,1.0,0.06,0.07,0.0,1.0,1.0,1,88543.0
http,SF,294,998,1,0.0,0.0,1.0,0.0,0.0,0.0,0.0,0,62168.0
supdup,S0,0,0,0,1.0,1.0,0.05,0.08,0.0,1.0,1.0,1,103076.0
nnsp,REJ,0,0,0,0.0,0.0,0.03,0.07,0.0,0.0,0.0,1,16300.0
ftp_data,SF,7280,0,1,0.0,0.0,1.0,0.0,0.0,0.0,0.0,0,92121.0
uucp_path,S0,0,0,0,1.0,1.0,0.08,0.06,0.0,1.0,1.0,1,64172.0
gopher,S0,0,0,0,1.0,1.0,0.19,0.14,0.0,1.0,1.0,1,107575.0
other,SF,1,0,0,0.0,0.0,1.0,0.0,0.0,0.0,0.0,1,55365.0
http,S0,0,0,0,1.0,1.0,0.38,0.08,0.0,1.0,1.0,1,48191.0
domain,REJ,0,0,0,0.0,0.0,0.01,0.07,0.0,0.0,0.0,1,109585.0
http,SF,220,695,1,0.0,0.0,1.0,0.0,0.0,0.0,0.0,0,16182.0
http,SF,303,689,1,0.0,0.0,1.0,0.0,0.02,0.0,0.0,0,48083.0
ftp_data,S0,0,0,0,1.0,1.0,0.25,0.05,0.0,1.0,1.0,1,20520.0
domain_u,SF,44,72,0,0.0,0.0,1.0,0.0,0.0,0.0,0.0,0,57619.0
http,SF,312,124,1,0.0,0.0,1.0,0.0,0.02,0.0,0.0,0,14247.0
smtp,SF,1335,398,1,0.0,0.0,1.0,0.0,0.02,0.0,0.02,0,26774.0
whois,S0,0,0,0,1.0,1.0,0.14,0.06,0.0,1.0,1.0,1,38711.0
netstat,S0,0,0,0,1.0,1.0,0.07,0.06,0.0,1.0,1.0,1,123579.0
http,SF,325,403,1,0.0,0.0,1.0,0.0,0.03,0.0,0.0,0,13756.0
eco_i,SF,8,0,0,0.0,0.0,1.0,0.0,0.52,0.0,0.0,1,58813.0
http,SF,209,315,1,0.0,0.0,1.0,0.0,0.0,0.0,0.0,0,24058.0
Z39_50,S0,0,0,0,1.0,1.0,0.06,0.06,0.0,1.0,1.0,1,1032.0
eco_i,SF,8,0,0,0.0,0.0,1.0,0.0,0.26,0.0,0.0,1,42920.0
eco_i,SF,30,0,0,0.0,0.0,1.0,0.0,0.46,0.0,0.0,0,15190.0
http_443,RSTR,0,0,0,0.0,0.0,1.0,0.0,0.0,0.0,0.0,1,6757.0
telnet,SF,108,2708,1,0.0,0.0,0.5,1.0,0.0,0.0,0.0,0,56572.0
ftp_data,SF,26,0,0,0.0,0.0,1.0,0.0,0.0,0.0,0.0,0,117087.0
IRC,RSTR,2102,8321,1,0.0,0.0,1.0,0.0,0.0,0.0,0.0,0,115093.0
other,REJ,0,0,0,0.07,0.0,0.0,1.0,0.0,0.09,0.0,1,65634.0
http,SF,327,2129,1,0.0,0.0,1.0,0.0,0.05,0.0,0.0,0,44888.0
private,SF,207,0,0,0.0,0.0,1.0,0.0,0.0,0.0,0.0,1,110998.0
ftp_data,SF,13239,0,0,0.0,0.0,1.0,0.0,0.03,0.01,0.0,0,104776.0
discard,S0,0,0,0,1.0,1.0,0.0,0.07,0.0,1.0,1.0,1,45227.0
vmnet,S0,0,0,0,1.0,1.0,0.08,0.05,0.0,1.0,1.0,1,12243.0
private,REJ,0,0,0,0.0,0.0,0.5,1.0,0.0,0.18,0.0,1,31733.0
domain_u,SF,43,43,0,0.0,0.0,0.99,0.02,0.0,0.0,0.0,0,49344.0
http,SF,206,11079,1,0.0,0.0,1.0,0.0,0.04,0.0,0.0,0,116106.0
private,S0,0,0,0,1.0,1.0,0.01,0.06,0.0,1.0,1.0,1,16869.0
smtp,SF,766,329,1,0.0,0.0,1.0,0.0,0.01,0.0,0.0,0,70694.0
smtp,SF,553,327,1,0.0,0.0,1.0,0.0,0.01,0.0,0.0,0,19685.0
smtp,SF,1096,332,1,0.0,0.0,1.0,0.0,0.01,0.01,0.01,0,5643.0
http,SF,236,4214,1,0.33,0.33,1.0,0.0,0.0,0.0,0.0,0,85794.0
private,RSTR,0,0,0,0.0,0.0,1.0,0.0,0.0,0.0,0.0,1,22389.0
private,REJ,0,0,0,0.0,0.0,0.05,0.06,0.0,0.0,0.0,1,28877.0
ftp,SF,1242,2449,1,0.0,0.0,1.0,0.0,0.0,0.0,0.0,1,46679.0
smtp,S1,25,115,1,1.0,1.0,1.0,0.0,0.02,0.01,0.02,0,93490.0
http,SF,238,1096,1,0.0,0.0,1.0,0.0,0.05,0.0,0.0,0,69724.0
private,S0,0,0,0,1.0,1.0,0.08,0.08,0.0,1.0,1.0,1,11039.0
http,SF,251,6076,1,0.0,0.0,1.0,0.0,0.02,0.0,0.0,0,28574.0
domain_u,SF,42,42,0,0.0,0.0,1.0,0.0,0.0,0.0,0.0,0,21400.0
private,S0,0,0,0,1.0,1.0,0.05,0.07,0.0,1.0,1.0,1,103203.0
eco_i,SF,8,0,0,0.0,0.0,1.0,0.0,0.51,0.0,0.0,1,19268.0
private,S0,0,0,0,1.0,1.0,1.0,0.0,0.0,1.0,1.0,1,10942.0
http,SF,224,1481,1,0.0,0.0,1.0,0.0,0.0,0.0,0.0,0,121028.0
http,SF,216,827,1,0.0,0.0,1.0,0.0,0.05,0.0,0.0,0,42336.0
smtp,S0,0,0,0,1.0,0.89,1.0,0.0,0.01,0.95,0.11,1,116859.0
domain_u,SF,43,131,0,0.0,0.0,1.0,0.0,0.0,0.0,0.0,0,96357.0
ctf,S0,0,0,0,1.0,1.0,0.02,0.07,0.0,1.0,1.0,1,13801.0
eco_i,SF,30,0,0,0.0,0.0,1.0,0.0,0.0,0.0,0.0,0,116631.0
http,SF,330,318,1,0.0,0.0,1.0,0.0,0.03,0.0,0.0,0,4640.0
http,SF,228,20080,1,0.0,0.0,1.0,0.0,0.0,0.01,0.01,0,76302.0
eco_i,SF,8,0,0,0.0,0.0,1.0,0.0,0.25,0.0,0.0,1,59208.0
netbios_ns,S0,0,0,0,1.0,1.0,0.04,0.06,0.0,1.0,1.0,1,112496.0
http,SF,323,1454,1,0.0,0.0,1.0,0.0,0.02,0.0,0.0,0,25585.0
http,SF,260,391,1,0.0,0.0,1.0,0.0,0.0,0.0,0.0,0,15954.0
echo,S0,0,0,0,1.0,1.0,0.02,0.06,0.0,1.0,1.0,1,83400.0
ftp_data,SF,334,0,1,0.0,0.0,1.0,0.0,0.14,0.0,0.0,1,29130.0
http,SF,149,597,1,0.0,0.0,1.0,0.0,0.03,0.0,0.0,0,121686.0
private,S0,0,0,0,1.0,1.0,0.41,0.19,0.0,1.0,1.0,1,53398.0
private,S0,0,0,0,1.0,1.0,0.14,0.05,0.0,1.0,1.0,1,47168.0
ftp_data,SF,12,0,0,0.0,0.0,1.0,0.0,0.04,0.0,0.0,0,63317.0
ftp_data,SF,7280,0,1,0.0,0.0,1.0,0.0,0.06,0.0,0.0,0,45604.0
smtp,SF,892,333,1,0.0,0.0,1.0,0.0,0.01,0.0,0.0,0,62152.0
telnet,S0,0,0,0,1.0,1.0,0.71,0.29,0.04,1.0,0.98,1,22395.0
http,SF,222,7533,1,0.0,0.0,1.0,0.0,0.06,0.0,0.0,0,118187.0
private,S0,0,0,0,1.0,1.0,0.05,0.06,0.0,1.0,1.0,1,123025.0
http,SF,211,74546,1,0.0,0.0,1.0,0.0,0.04,0.0,0.0,0,89975.0
http,SF,193,1750,1,0.0,0.0,1.0,0.0,0.03,0.0,0.0,0,60581.0
ctf,S0,0,0,0,1.0,1.0,0.24,0.11,0.0,1.0,1.0,1,32637.0
auth,S0,0,0,0,1.0,1.0,0.08,0.05,0.0,1.0,1.0,1,2228.0
http,REJ,0,0,0,0.0,0.0,1.0,0.0,0.18,0.0,0.0,0,98906.0
http,SF,349,413,1,0.0,0.0,1.0,0.0,0.02,0.0,0.0,0,2708.0
private,S0,0,0,0,1.0,1.0,0.02,0.07,0.0,1.0,1.0,1,21793.0
http,SF,193,1069,1,0.0,0.0,1.0,0.0,0.04,0.0,0.0,0,14904.0
private,S0,0,0,0,1.0,1.0,0.14,0.07,0.0,1.0,1.0,1,77166.0
private,S0,0,0,0,1.0,1.0,0.02,0.06,0.0,1.0,1.0,1,75022.0
imap4,S0,0,0,0,1.0,1.0,0.03,0.06,0.0,1.0,1.0,1,49044.0
private,S0,0,0,0,1.0,1.0,0.13,0.06,0.0,1.0,1.0,1,65214.0
other,SF,145,105,0,0.0,0.0,0.2,0.6,0.0,0.0,0.0,0,8793.0
private,SF,28,0,0,0.0,0.0,1.0,0.0,0.0,0.0,0.0,1,95431.0
domain_u,SF,46,77,0,0.0,0.0,1.0,0.0,0.0,0.0,0.0,0,38067.0
http,SF,339,2431,1,0.0,0.0,1.0,0.0,0.01,0.0,0.0,0,2693.0
nnsp,S0,0,0,0,1.0,1.0,0.13,0.05,0.0,1.0,1.0,1,96617.0
domain_u,SF,43,70,0,0.0,0.0,1.0,0.0,0.0,0.0,0.0,0,77372.0
private,REJ,0,0,0,0.1,0.0,0.01,1.0,0.0,0.07,0.0,1,73301.0
private,S0,0,0,0,1.0,1.0,0.4,0.1,0.0,1.0,1.0,1,38122.0
smtp,SF,1020,358,1,0.0,0.0,1.0,0.0,0.0,0.02,0.01,0,10059.0
http,SF,261,14319,1,0.0,0.0,1.0,0.0,0.03,0.0,0.0,0,51543.0
private,SF,105,147,0,0.0,0.0,0.5,1.0,0.0,0.0,0.0,0,115340.0
private,S0,0,0,0,1.0,1.0,0.06,0.06,0.0,1.0,1.0,1,24843.0
smtp,SF,722,334,1,0.0,0.0,1.0,0.0,0.02,0.0,0.0,0,822.0
echo,S0,0,0,0,1.0,1.0,0.02,0.06,0.0,1.0,1.0,1,122537.0
http,SF,289,280,1,0.0,0.0,1.0,0.0,0.06,0.0,0.0,0,54705.0
domain_u,SF,33,88,0,0.0,0.0,1.0,0.0,0.0,0.0,0.0,0,39562.0
other,REJ,0,0,0,0.21,0.0,0.0,1.0,0.0,0.23,0.0,1,36361.0
domain,S0,0,0,0,1.0,1.0,0.03,0.06,0.0,1.0,1.0,1,49307.0
http,SF,222,10654,1,0.0,0.0,1.0,0.0,0.07,0.0,0.0,0,52885.0
uucp,S0,0,0,0,1.0,1.0,0.01,0.07,0.0,1.0,1.0,1,98749.0
private,SF,28,0,0,0.0,0.0,1.0,0.0,0.0,0.0,0.0,1,64923.0
private,REJ,0,0,0,0.0,0.0,0.02,0.07,0.0,0.0,0.0,1,78814.0
eco_i,SF,8,0,0,0.0,0.0,1.0,0.0,0.5,0.0,0.0,1,63872.0
domain_u,SF,45,45,0,0.0,0.0,1.0,0.0,0.0,0.0,0.0,0,61638.0
private,SF,28,0,0,0.74,0.0,0.26,0.05,0.0,0.09,0.0,1,78112.0
private,SF,28,0,0,0.0,0.0,1.0,0.0,0.0,0.0,0.0,1,107544.0
http,SF,271,2422,1,0.0,0.0,1.0,0.0,0.06,0.0,0.0,0,45512.0
http,SF,372,531,1,0.0,0.0,1.0,0.0,0.21,0.0,0.0,0,104530.0
http,S0,0,0,0,1.0,1.0,0.05,0.06,0.0,1.0,1.0,1,74233.0
http,SF,334,4399,1,0.0,0.0,1.0,0.0,0.0,0.0,0.0,0,99414.0
private,S0,0,0,0,1.0,1.0,0.12,0.05,0.0,1.0,1.0,1,48601.0
supdup,S0,0,0,0,1.0,1.0,0.09,0.05,0.0,1.0,1.0,1,84632.0
private,S0,0,0,0,1.0,1.0,0.07,0.11,0.0,1.0,1.0,1,34495.0
other,SF,1,0,0,0.0,0.0,0.12,0.47,0.0,0.0,0.0,1,125089.0
http,SF,143,9743,1,0.0,0.0,1.0,0.0,0.06,0.0,0.0,0,112096.0
eco_i,SF,8,0,0,0.0,0.0,1.0,0.0,0.51,0.0,0.0,1,48670.0
courier,S0,0,0,0,1.0,1.0,0.09,0.06,0.0,1.0,1.0,1,15314.0
http,SF,231,988,1,0.0,0.0,1.0,0.0,0.0,0.0,0.0,0,14080.0
http,SF,325,498,1,0.0,0.0,1.0,0.0,0.0,0.0,0.0,0,101657.0
smtp,SF,1989,330,1,0.0,0.0,1.0,0.0,0.02,0.0,0.0,0,99612.0
netstat,S0,0,0,0,1.0,1.0,0.02,0.06,0.0,1.0,1.0,1,108705.0
ftp_data,SF,641,0,1,0.0,0.0,1.0,0.0,0.0,0.0,0.0,0,65820.0
domain_u,SF,46,123,0,0.0,0.0,0.99,0.02,0.0,0.0,0.0,0,80774.0
http,SF,331,11758,1,0.0,0.0,1.0,0.0,0.0,0.0,0.0,0,85505.0
http,REJ,0,0,0,0.0,0.0,1.0,0.0,0.19,0.0,0.0,0,98392.0
private,S0,0,0,0,1.0,1.0,0.06,0.06,0.0,1.0,1.0,1,14854.0
private,S0,0,0,0,1.0,1.0,0.16,0.07,0.0,1.0,1.0,1,120417.0
private,SF,105,145,0,0.0,0.0,0.25,0.75,0.0,0.0,0.0,0,68798.0
http,SF,213,3938,1,0.0,0.0,1.0,0.0,0.02,0.0,0.01,0,16367.0
http,SF,223,2137,1,0.0,0.0,1.0,0.0,0.01,0.0,0.0,0,3939.0
http,SF,290,199,1,0.0,0.0,1.0,0.0,0.05,0.0,0.0,0,103171.0
eco_i,SF,8,0,0,0.0,0.0,1.0,0.0,0.53,0.0,0.0,1,102094.0
uucp,S0,0,0,0,1.0,1.0,0.03,0.07,0.0,1.0,1.0,1,36680.0
http,SF,232,1380,1,0.0,0.0,1.0,0.0,0.0,0.0,0.0,0,52736.0
ftp_data,SF,11,0,0,0.0,0.0,1.0,0.0,0.02,0.0,0.0,0,109481.0
http,SF,225,6332,1,0.0,0.0,1.0,0.0,0.05,0.0,0.0,0,47313.0
bgp,REJ,0,0,0,0.0,0.0,0.04,0.07,0.0,0.0,0.0,1,46993.0
domain_u,SF,45,131,0,0.0,0.0,1.0,0.0,0.0,0.0,0.0,0,2717.0
ftp,S0,0,0,0,1.0,1.0,0.02,0.06,0.0,1.0,1.0,1,286.0
other,SF,516,4,0,0.0,0.0,1.0,0.0,0.0,0.0,0.0,0,104731.0
telnet,S0,0,0,0,1.0,1.0,0.01,0.06,0.0,1.0,1.0,1,119099.0
private,S0,0,0,0,1.0,1.0,0.02,0.06,0.0,1.0,1.0,1,81043.0
private,SF,105,146,0,0.0,0.0,1.0,0.0,0.0,0.0,0.0,0,91295.0
domain_u,SF,44,132,0,0.0,0.0,1.0,0.0,0.0,0.0,0.0,0,18066.0
domain_u,SF,44,70,0,0.0,0.0,1.0,0.0,0.0,0.0,0.0,0,41289.0
login,S0,0,0,0,1.0,1.0,0.15,0.06,0.0,1.0,1.0,1,14479.0
http,SF,145,2140,1,0.0,0.0,1.0,0.0,0.03,0.0,0.0,0,71277.0
eco_i,SF,30,0,0,0.0,0.0,0.25,0.5,0.0,0.0,0.0,0,719.0
domain_u,SF,44,134,0,0.0,0.0,1.0,0.0,0.0,0.0,0.0,0,30069.0
other,SF,146,105,0,0.0,0.0,0.2,0.6,0.0,0.0,0.0,0,75401.0
smtp,SF,2005,358,1,0.0,0.0,1.0,0.0,0.01,0.01,0.0,0,48534.0
http,SF,284,406,1,0.0,0.0,1.0,0.0,0.06,0.33,0.01,0,35263.0
eco_i,SF,8,0,0,0.0,0.0,1.0,0.0,0.5,0.0,0.0,1,101058.0
private,SF,105,145,0,0.0,0.0,0.14,0.29,0.0,0.0,0.0,0,13773.0
smtp,SF,944,326,1,0.0,0.0,1.0,0.0,0.0,0.0,0.0,0,111813.0
http,SF,303,1855,1,0.0,0.0,1.0,0.0,0.02,0.0,0.0,0,106408.0
X11,REJ,0,0,0,0.0,0.0,0.67,0.67,0.0,0.0,0.0,0,94013.0
http,SF,205,7623,1,0.0,0.0,1.0,0.0,0.04,0.0,0.0,0,32531.0
smtp,SF,739,360,1,0.0,0.0,1.0,0.0,0.01,0.0,0.01,0,105865.0
domain_u,SF,44,122,0,0.0,0.0,1.0,0.0,0.0,0.0,0.0,0,11650.0
other,SF,146,0,0,0.0,0.0,0.5,1.0,0.0,0.0,0.0,0,99934.0
sql_net,S0,0,0,0,1.0,1.0,0.04,0.07,0.0,1.0,1.0,1,19620.0
private,S0,0,0,0,1.0,1.0,0.04,0.06,0.0,1.0,1.0,1,121408.0
domain_u,SF,46,135,0,0.0,0.0,1.0,0.0,0.0,0.0,0.0,0,97370.0
private,S0,0,0,0,1.0,1.0,0.03,0.06,0.0,1.0,1.0,1,119172.0
http,SF,217,1701,1,0.0,0.0,1.0,0.0,0.02,0.0,0.0,0,75812.0
http,SF,294,1719,1,0.0,0.0,1.0,0.0,0.0,0.0,0.0,0,68754.0
http,SF,219,492,1,0.0,0.0,1.0,0.0,0.0,0.0,0.0,0,33075.0
http,S0,0,0,0,1.0,1.0,0.44,0.16,0.0,1.0,1.0,1,122344.0
http,SF,225,453,1,0.0,0.0,1.0,0.0,0.0,0.0,0.0,0,8457.0
private,S0,0,0,0,1.0,1.0,0.14,0.06,0.0,1.0,1.0,1,36352.0
private,S0,0,0,0,1.0,1.0,0.11,0.06,0.0,1.0,1.0,1,55237.0
http,SF,405,1985,1,0.0,0.0,1.0,0.0,0.05,0.0,0.0,0,27656.0
http,S0,0,0,0,1.0,1.0,0.02,0.06,0.0,1.0,1.0,1,83389.0
http,SF,213,24436,1,0.0,0.0,1.0,0.0,0.02,0.0,0.0,0,124130.0
http,SF,303,1349,1,0.0,0.0,1.0,0.0,0.04,0.0,0.0,0,2617.0
private,REJ,0,0,0,0.0,0.0,0.08,0.08,0.0,0.0,0.0,1,60983.0
http,S0,0,0,0,0.5,0.5,1.0,0.0,0.07,0.05,0.01,0,76809.0
urp_i,SF,78,0,0,0.0,0.0,0.17,0.09,0.0,0.0,0.0,0,40644.0
Z39_50,S0,0,0,0,1.0,1.0,0.01,0.07,0.0,1.0,1.0,1,82152.0
other,RSTR,1,0,0,0.0,0.0,1.0,0.0,0.0,0.0,0.0,1,91349.0
smtp,SF,963,331,1,0.0,0.0,1.0,0.0,0.01,0.0,0.0,0,87225.0
kshell,REJ,0,0,0,0.0,0.0,0.02,0.06,0.0,0.0,0.0,1,71135.0
private,SF,1,1,0,0.0,0.0,0.77,0.15,0.0,0.17,0.0,1,93995.0
link,S0,0,0,0,1.0,1.0,0.05,0.07,0.0,1.0,1.0,1,44813.0
http,SF,156,7971,1,0.0,0.0,1.0,0.0,0.01,0.0,0.0,0,105994.0
domain_u,SF,42,108,0,0.0,0.0,1.0,0.0,0.01,0.02,0.0,0,17611.0
http,SF,54540,8314,1,0.0,0.0,1.0,0.0,0.0,0.0,0.0,1,54316.0
private,S0,0,0,0,1.0,1.0,1.0,0.0,0.0,1.0,1.0,1,115300.0
http,SF,315,8844,1,0.0,0.0,1.0,0.0,0.02,0.0,0.0,0,17429.0
http,SF,231,2698,1,0.0,0.0,1.0,0.0,0.0,0.0,0.0,0,5773.0
ftp_data,SF,334,0,1,0.0,0.0,1.0,0.0,0.13,0.0,0.0,1,86963.0
nntp,S0,0,0,0,1.0,1.0,0.17,0.04,0.0,1.0,1.0,1,96613.0
domain_u,SF,44,137,0,0.0,0.0,1.0,0.0,0.0,0.0,0.0,0,102154.0
private,RSTR,1,0,0,0.0,0.0,1.0,0.0,0.0,0.0,0.0,1,90750.0
other,SF,147,0,0,0.0,0.0,0.2,0.6,0.0,0.0,0.0,0,20953.0
ftp,SF,1507,4152,1,0.0,0.0,1.0,0.0,0.0,0.03,0.11,0,79763.0
ctf,S0,0,0,0,1.0,1.0,0.09,0.05,0.0,1.0,1.0,1,103825.0
private,S0,0,0,0,1.0,1.0,0.02,0.06,0.0,1.0,1.0,1,21682.0
http,SF,155,22282,1,0.0,0.0,1.0,0.0,0.02,0.0,0.0,0,79373.0
private,S0,0,0,0,1.0,1.0,0.12,0.06,0.0,1.0,1.0,1,46469.0
urp_i,SF,182,0,0,0.0,0.0,1.0,0.0,0.0,0.0,0.0,0,105356.0
finger,S0,0,0,0,1.0,1.0,0.07,0.06,0.0,1.0,1.0,1,107114.0
private,SF,1,0,0,0.0,0.0,0.62,0.09,0.0,0.0,0.0,1,79796.0
private,S0,0,0,0,1.0,1.0,0.33,0.1,0.0,1.0,1.0,1,120629.0
domain,REJ,0,0,0,0.0,0.0,0.06,0.06,0.0,0.0,0.0,1,120677.0
imap4,S0,0,0,0,1.0,1.0,0.04,0.06,0.0,1.0,1.0,1,44522.0
smtp,SF,932,328,1,0.0,0.0,1.0,0.0,0.0,0.0,0.08,0,101813.0
http,S1,236,14600,1,1.0,1.0,1.0,0.0,0.0,0.0,0.0,0,120080.0
http,SF,252,176,1,0.0,0.17,1.0,0.0,0.0,0.0,0.0,0,84196.0
gopher,S0,0,0,0,1.0,1.0,0.03,0.06,0.0,1.0,1.0,1,28013.0
sql_net,S0,0,0,0,1.0,1.0,0.07,0.06,0.0,1.0,1.0,1,10396.0
smtp,S0,0,0,0,1.0,0.71,1.0,0.0,0.02,0.99,0.5,1,73329.0
http,SF,276,2543,1,0.0,0.0,1.0,0.0,0.0,0.0,0.0,0,37201.0
eco_i,SF,8,0,0,0.0,0.0,1.0,0.0,0.53,0.0,0.0,1,124903.0
eco_i,SF,8,0,0,0.0,0.0,1.0,0.0,0.5,0.0,0.0,1,66304.0
http,SF,164,4559,1,0.0,0.0,1.0,0.0,0.07,0.0,0.01,0,13556.0
domain_u,SF,44,110,0,0.0,0.0,1.0,0.0,0.0,0.0,0.0,0,29250.0
ftp_data,SF,7162,0,1,0.0,0.0,1.0,0.0,0.02,0.0,0.0,0,74809.0
http,SF,215,12138,1,0.0,0.0,1.0,0.0,0.01,0.0,0.0,0,52140.0
sunrpc,RSTO,0,0,0,0.0,0.0,0.01,0.06,0.0,0.0,0.0,1,120395.0
http,S0,0,0,0,1.0,1.0,0.29,0.06,0.0,1.0,1.0,1,37736.0
private,S0,0,0,0,1.0,1.0,0.11,0.08,0.0,1.0,1.0,1,1639.0
domain_u,SF,43,43,0,0.0,0.0,1.0,0.0,0.0,0.0,0.0,0,41534.0
ecr_i,SF,1032,0,0,0.0,0.0,1.0,0.0,0.0,0.02,0.0,1,92026.0
domain_u,SF,44,44,0,0.0,0.0,1.0,0.0,0.0,0.0,0.0,0,118366.0
private,SF,1,0,0,0.0,0.0,0.4,0.6,0.0,0.01,0.0,1,6704.0
http,SF,54540,8314,1,0.0,0.0,1.0,0.0,0.0,0.0,0.0,1,80065.0
http,REJ,0,0,0,0.0,0.0,1.0,0.0,0.08,0.0,0.0,0,57878.0
http,REJ,0,0,0,0.0,0.0,1.0,0.0,0.11,0.0,0.0,0,80184.0
netbios_ssn,SF,6,0,0,0.07,0.0,0.0,1.0,0.0,0.07,0.0,1,7261.0
http,SF,235,731,1,0.0,0.0,1.0,0.0,0.0,0.0,0.0,0,100789.0
domain_u,SF,43,77,0,0.0,0.0,0.99,0.01,0.0,0.0,0.0,0,123021.0
smtp,SF,250691,323,1,0.0,0.0,1.0,0.0,0.01,0.0,0.0,0,78786.0
http,SF,286,810,1,0.0,0.0,1.0,0.0,0.0,0.0,0.0,0,8167.0
http,SF,186,2143,1,0.0,0.0,1.0,0.0,0.0,0.0,0.0,0,11241.0
private,S0,0,0,0,1.0,1.0,0.13,0.05,0.0,1.0,1.0,1,37960.0
http,SF,198,1413,1,0.0,0.0,1.0,0.0,0.0,0.0,0.0,0,46647.0
ftp_data,SF,334,0,1,0.0,0.0,1.0,0.0,0.14,0.0,0.0,1,67936.0
smtp,SF,714,334,1,0.0,0.0,1.0,0.0,0.01,0.03,0.02,0,121991.0
http,SF,321,253,1,0.0,0.0,1.0,0.0,0.01,0.0,0.0,0,41243.0
smtp,SF,2212,413,1,0.0,0.0,1.0,0.0,0.0,0.0,0.0,0,45184.0
http,SF,315,1015,1,0.0,0.0,1.0,0.0,0.02,0.0,0.0,0,18403.0
ftp_data,SF,334,0,1,0.0,0.0,1.0,0.0,0.07,0.0,0.0,1,107003.0
http,SF,313,2043,1,0.0,0.0,1.0,0.0,0.0,0.0,0.0,0,111984.0
ftp_data,SF,209,0,1,0.0,0.0,1.0,0.0,0.0,0.0,0.01,0,86473.0
domain_u,SF,43,43,0,0.0,0.0,1.0,0.0,0.0,0.0,0.0,0,96263.0
http,SF,178,15764,1,0.0,0.0,1.0,0.0,0.01,0.0,0.0,0,11297.0
other,SF,146,105,0,0.0,0.0,1.0,0.0,0.0,0.0,0.0,0,28801.0
http,SF,257,87461,1,0.0,0.0,1.0,0.0,0.03,0.0,0.0,0,6594.0
eco_i,SF,30,0,0,0.0,0.0,1.0,0.0,0.0,0.0,0.0,0,69234.0
domain_u,SF,43,74,0,0.0,0.0,1.0,0.0,0.0,0.0,0.0,0,59722.0
http,SF,220,769,1,0.0,0.0,1.0,0.0,0.02,0.0,0.0,0,43989.0
telnet,SF,371,11256,1,0.0,0.0,1.0,0.0,0.0,0.8,0.95,0,11613.0
http,REJ,0,0,0,0.0,0.0,1.0,0.0,0.13,0.0,0.0,0,116596.0
domain_u,SF,44,135,0,0.0,0.0,1.0,0.0,0.0,0.0,0.0,0,124096.0
telnet,S0,0,0,0,1.0,1.0,0.06,0.07,0.0,1.0,1.0,1,96634.0
other,REJ,0,0,0,0.06,0.0,0.0,1.0,0.0,0.08,0.0,1,118619.0
domain_u,SF,44,129,0,0.0,0.0,1.0,0.0,0.0,0.0,0.0,0,120255.0
http,SF,306,1075,1,0.0,0.0,1.0,0.0,0.0,0.0,0.0,0,121227.0
domain_u,SF,45,45,0,0.0,0.0,1.0,0.0,0.0,0.0,0.0,0,58284.0
private,SF,28,0,0,0.0,0.0,1.0,0.0,0.0,0.0,0.0,1,19526.0
daytime,S0,0,0,0,1.0,1.0,0.16,0.06,0.0,1.0,1.0,1,85164.0
other,SF,147,0,0,0.0,0.0,1.0,0.0,0.0,0.0,0.0,0,8169.0
other,REJ,0,0,0,0.22,0.0,0.0,1.0,0.0,0.19,0.0,1,35618.0
other,RSTR,1,0,0,0.0,0.0,1.0,0.0,0.0,0.0,0.0,1,13490.0
private,S0,0,0,0,1.0,1.0,0.06,0.06,0.0,1.0,1.0,1,54959.0
http,SF,231,617,1,0.0,0.0,1.0,0.0,0.0,0.0,0.0,0,125542.0
private,RSTR,1,0,0,0.0,0.0,1.0,0.0,0.0,0.0,0.0,1,20502.0
smtp,SF,881,335,1,0.0,0.0,1.0,0.0,0.02,0.0,0.0,0,45761.0
http,SF,294,782,1,0.0,0.0,1.0,0.0,0.0,0.0,0.0,0,68445.0
private,S0,0,0,0,1.0,1.0,0.02,0.08,0.0,1.0,1.0,1,39523.0
ftp,S0,0,0,0,1.0,1.0,0.07,0.05,0.0,1.0,1.0,1,101876.0
exec,S0,0,0,0,1.0,1.0,0.14,0.05,0.0,1.0,1.0,1,80548.0
telnet,S0,0,0,0,1.0,1.0,0.33,0.33,0.0,1.0,1.0,1,59228.0
private,REJ,0,0,0,0.0,0.0,0.09,0.06,0.0,0.0,0.0,1,85793.0
discard,S0,0,0,0,1.0,1.0,0.03,0.06,0.0,1.0,1.0,1,61539.0
domain_u,SF,131,44,0,0.0,0.0,1.0,0.01,0.0,0.0,0.0,0,76712.0
ftp,SF,1075,3081,1,0.0,0.0,1.0,0.0,0.0,0.0,0.0,0,10665.0
http,SF,335,476,1,0.0,0.0,1.0,0.0,0.02,0.0,0.0,0,49826.0
http,SF,293,3542,1,0.33,0.33,1.0,0.0,0.0,0.01,0.01,0,86944.0
domain_u,SF,36,0,0,0.0,0.0,1.0,0.0,0.01,0.0,0.0,0,74631.0
http,SF,162,13248,1,0.0,0.0,1.0,0.0,0.0,0.0,0.0,0,66907.0
private,S0,0,0,0,1.0,1.0,0.17,0.06,0.0,1.0,1.0,1,91719.0
uucp_path,S0,0,0,0,1.0,1.0,0.11,0.05,0.0,1.0,1.0,1,25761.0
http,SF,335,2325,1,0.0,0.0,1.0,0.0,0.03,0.0,0.0,0,82455.0
eco_i,SF,8,0,0,0.0,0.0,1.0,0.0,0.5,0.0,0.0,1,35680.0
ftp,SF,1191,3373,1,0.0,0.0,0.5,1.0,0.0,0.02,0.0,0,3350.0
http,SF,224,594,1,0.0,0.04,1.0,0.0,0.01,0.0,0.01,0,109209.0
systat,S0,0,0,0,1.0,1.0,0.05,0.06,0.0,1.0,1.0,1,83534.0
eco_i,SF,20,0,0,0.0,0.0,1.0,0.0,0.0,0.03,0.0,1,122130.0
finger,S0,0,0,0,1.0,1.0,0.23,0.09,0.0,1.0,1.0,1,28265.0
http,SF,240,1729,1,0.0,0.0,1.0,0.0,0.03,0.0,0.01,0,60180.0
http,SF,350,590,1,0.0,0.0,1.0,0.0,0.02,0.0,0.01,0,17335.0
other,RSTR,1,0,0,0.0,0.0,1.0,0.0,0.0,0.0,0.0,1,124134.0
smtp,SF,1693,326,1,0.0,0.0,1.0,0.0,0.01,0.0,0.0,0,2166.0
http,SF,264,946,1,0.0,0.0,1.0,0.0,0.05,0.0,0.0,0,108833.0
ctf,S0,0,0,0,1.0,1.0,0.0,0.05,0.0,1.0,1.0,1,109886.0
ecr_i,SF,1032,0,0,0.0,0.0,1.0,0.0,0.0,0.0,0.0,1,61766.0
other,SF,516,4,0,0.0,0.0,1.0,0.0,0.0,0.0,0.0,0,108425.0
Z39_50,S0,0,0,0,1.0,1.0,0.03,0.06,0.0,1.0,1.0,1,74375.0
http,SF,296,449,1,0.0,0.0,1.0,0.0,0.04,0.0,0.0,0,22540.0
ecr_i,SF,1032,0,0,0.0,0.0,1.0,0.0,0.0,0.02,0.0,1,62641.0
private,RSTOS0,0,0,0,0.0,0.0,1.0,0.0,0.0,0.0,0.0,1,75919.0
auth,SF,10,37,1,0.0,0.0,1.0,0.0,0.0,0.0,0.0,0,118988.0
http,SF,302,688,1,0.0,0.0,1.0,0.0,0.02,0.0,0.0,0,100092.0
http,SF,54540,8314,1,0.0,0.0,1.0,0.0,0.0,0.0,0.0,1,85913.0
private,S0,0,0,0,1.0,1.0,0.02,0.07,0.0,1.0,1.0,1,27946.0
finger,S0,0,0,0,1.0,1.0,0.5,0.06,0.03,1.0,0.97,1,26980.0
private,S0,0,0,0,1.0,1.0,0.07,0.05,0.0,1.0,1.0,1,18186.0
ftp_data,S0,0,0,0,1.0,1.0,0.02,0.06,0.0,1.0,1.0,1,100254.0
ftp_data,SF,2194619,0,1,0.0,0.0,1.0,0.0,0.02,0.0,0.0,0,90957.0
http,SF,224,5756,1,0.0,0.0,1.0,0.0,0.03,0.0,0.0,0,42494.0
private,S0,0,0,0,1.0,1.0,0.07,0.06,0.0,1.0,1.0,1,109207.0
http,SF,320,765,1,0.0,0.0,1.0,0.0,0.01,0.0,0.0,0,116758.0
telnet,SF,335,10183,1,0.0,0.0,1.0,0.0,0.0,0.54,0.05,0,120110.0
ftp,SF,1231,2451,1,0.0,0.0,1.0,0.0,0.0,0.0,0.0,1,37990.0
finger,S0,0,0,0,1.0,1.0,0.02,0.05,0.0,1.0,1.0,1,89206.0
smtp,SF,940,328,1,0.0,0.0,1.0,0.0,0.0,0.0,0.0,0,112069.0
Z39_50,S0,0,0,0,1.0,1.0,0.0,0.07,0.0,1.0,1.0,1,114005.0
private,S0,0,0,0,1.0,1.0,0.01,0.06,0.0,1.0,1.0,1,84149.0
netbios_ns,S0,0,0,0,1.0,1.0,0.01,0.08,0.0,1.0,1.0,1,81275.0
http,SF,220,713,1,0.0,0.0,1.0,0.0,0.02,0.0,0.0,0,27940.0
http,SF,300,476,1,0.0,0.0,1.0,0.0,0.06,0.0,0.0,0,9638.0
finger,S0,0,0,0,0.92,1.0,0.31,0.38,0.0,1.0,1.0,1,65596.0
eco_i,SF,8,0,0,0.0,0.0,1.0,0.0,0.51,0.0,0.0,1,97723.0
login,S0,0,0,0,1.0,1.0,0.14,0.07,0.0,1.0,1.0,1,1738.0
uucp,S0,0,0,0,1.0,1.0,0.02,0.07,0.0,1.0,1.0,1,28985.0
whois,REJ,0,0,0,0.0,0.0,0.06,0.06,0.0,0.0,0.0,1,108435.0
http,SF,261,486,1,0.0,0.0,1.0,0.0,0.03,0.02,0.01,0,103763.0
domain_u,SF,43,71,0,0.0,0.0,1.0,0.0,0.0,0.0,0.0,0,81553.0
other,RSTR,1,0,0,0.0,0.0,1.0,0.0,0.0,0.0,0.0,1,23631.0
ftp_data,SF,607,0,1,0.0,0.0,1.0,0.0,0.05,0.0,0.0,0,99915.0
http,SF,235,1695,1,0.0,0.0,1.0,0.0,0.0,0.0,0.0,0,47849.0
http,SF,206,1477,1,0.0,0.0,1.0,0.0,0.05,0.0,0.0,0,50919.0
ctf,S0,0,0,0,1.0,1.0,0.02,0.06,0.0,1.0,1.0,1,81203.0
imap4,REJ,0,0,0,0.0,0.0,0.04,0.06,0.0,0.0,0.0,1,18325.0
http,SF,237,1735,1,0.0,0.0,1.0,0.0,0.02,0.0,0.0,0,104741.0
smtp,SF,2201,325,1,0.0,0.0,1.0,0.0,0.01,0.0,0.0,0,17526.0
http,SF,224,260,1,0.0,0.0,1.0,0.0,0.04,0.02,0.01,0,73601.0
http,REJ,0,0,0,0.0,0.0,1.0,0.0,0.17,0.0,0.0,0,46346.0
private,S0,0,0,0,1.0,1.0,0.08,0.05,0.0,1.0,1.0,1,39986.0
private,S0,0,0,0,1.0,1.0,0.67,0.09,0.0,1.0,1.0,1,40173.0
http,SF,228,1305,1,0.0,0.0,1.0,0.0,0.05,0.0,0.0,0,2382.0
supdup,S0,0,0,0,1.0,1.0,0.01,0.05,0.0,1.0,1.0,1,40972.0
http,SF,262,310,1,0.2,0.13,1.0,0.0,0.0,0.0,0.0,0,99516.0
http,SF,255,310,1,0.0,0.0,1.0,0.0,0.0,0.0,0.0,0,19379.0
http,SF,321,3628,1,0.0,0.0,1.0,0.0,0.0,0.0,0.0,0,114331.0
finger,S0,0,0,0,1.0,1.0,1.0,0.0,0.03,1.0,0.97,1,125744.0
private,SF,28,0,0,0.0,0.0,1.0,0.0,0.0,0.02,0.0,1,66308.0
http,SF,437,9790,1,0.0,0.0,1.0,0.0,0.0,0.0,0.0,0,91471.0
http,SF,483,10576,1,0.0,0.0,1.0,0.0,0.05,0.0,0.0,0,120660.0
http,SF,261,29122,1,0.0,0.0,1.0,0.0,0.0,0.0,0.0,0,23550.0
eco_i,SF,18,0,0,0.0,0.0,1.0,0.0,1.0,0.0,0.0,1,90865.0
http,SF,228,9156,1,0.0,0.0,1.0,0.0,0.02,0.01,0.0,0,118882.0
eco_i,SF,8,0,0,0.0,0.0,1.0,0.0,0.52,0.0,0.0,1,123741.0
http,SF,215,261,1,0.0,0.0,1.0,0.0,0.02,0.0,0.0,0,38621.0
eco_i,SF,8,0,0,0.0,0.0,1.0,0.0,0.51,0.0,0.0,1,115983.0
private,S0,0,0,0,1.0,1.0,0.03,0.05,0.0,1.0,1.0,1,47159.0
smtp,SF,2489,336,1,0.0,0.0,1.0,0.0,0.02,0.0,0.0,0,13584.0
eco_i,SF,8,0,0,0.0,0.0,1.0,0.0,0.52,0.0,0.0,1,120242.0
ftp_data,SF,12,0,1,0.0,0.0,1.0,0.0,0.0,0.0,0.0,0,115903.0
domain_u,SF,44,75,0,0.0,0.0,1.0,0.0,0.0,0.0,0.0,0,91162.0
http,SF,191,1496,1,0.0,0.0,1.0,0.0,0.06,0.0,0.0,0,58888.0
http,SF,344,7333,1,0.0,0.0,1.0,0.0,0.0,0.0,0.0,0,102087.0
http,SF,242,392,1,0.0,0.0,1.0,0.0,0.0,0.0,0.0,0,79843.0
nnsp,S0,0,0,0,1.0,1.0,0.06,0.06,0.0,1.0,1.0,1,118892.0
ftp_data,SF,259,0,1,0.0,0.0,1.0,0.0,0.0,0.0,0.0,0,109885.0
finger,S0,0,0,0,0.92,1.0,0.15,0.15,0.0,1.0,1.0,1,12592.0
whois,S0,0,0,0,1.0,1.0,0.02,0.06,0.0,1.0,1.0,1,124255.0
domain_u,SF,109,45,0,0.0,0.0,1.0,0.0,0.0,0.0,0.0,0,23653.0
private,S0,0,0,0,1.0,1.0,0.08,0.1,0.0,1.0,1.0,1,49591.0
csnet_ns,S0,0,0,0,1.0,1.0,0.0,0.05,0.0,1.0,1.0,1,57464.0
urp_i,SF,128,0,0,0.0,0.0,0.17,0.33,0.11,0.0,0.0,0,75027.0
private,S0,0,0,0,1.0,1.0,0.14,0.05,0.0,1.0,1.0,1,6483.0
private,S0,0,0,0,1.0,1.0,0.07,0.06,0.0,1.0,1.0,1,78432.0
ftp_data,SF,879,0,1,0.0,0.0,1.0,0.0,0.0,0.0,0.01,0,16592.0
netbios_ssn,S0,0,0,0,1.0,1.0,0.08,0.06,0.0,1.0,1.0,1,123903.0
domain_u,SF,46,46,0,0.0,0.0,1.0,0.0,0.0,0.0,0.0,0,110740.0
domain_u,SF,45,45,0,0.0,0.0,1.0,0.0,0.0,0.0,0.0,0,3885.0
ftp_data,SF,11,0,1,0.0,0.0,1.0,0.0,0.04,0.01,0.0,0,108278.0
auth,S0,0,0,0,1.0,1.0,0.02,0.07,0.0,1.0,1.0,1,101824.0
http,SF,210,296,1,0.07,0.03,1.0,0.0,0.07,0.07,0.01,0,58170.0
private,S0,0,0,0,1.0,1.0,0.08,0.06,0.0,1.0,1.0,1,111535.0
http,SF,54540,8314,1,0.0,0.0,1.0,0.0,0.0,0.0,0.0,1,61356.0
finger,SF,8,170,0,0.0,0.0,1.0,0.0,0.0,0.0,0.0,0,54383.0
private,SF,28,0,0,0.0,0.0,1.0,0.0,0.0,0.0,0.0,1,15757.0
private,SF,215,0,0,0.0,0.0,1.0,0.0,0.0,0.0,0.0,1,74408.0
http,SF,253,42438,1,0.0,0.0,1.0,0.0,0.0,0.0,0.0,0,51003.0
red_i,SF,91,0,0,0.0,0.0,1.0,0.0,0.0,0.0,0.0,0,91299.0
http,SF,287,2253,1,0.0,0.0,1.0,0.0,0.03,0.0,0.0,0,12002.0
smtp,SF,1392,481,1,0.0,0.0,1.0,0.0,0.0,0.0,0.0,0,1723.0
private,S0,0,0,0,1.0,1.0,0.08,0.07,0.0,1.0,1.0,1,70613.0
http,SF,229,16319,1,0.0,0.0,1.0,0.0,0.05,0.0,0.0,0,66970.0
finger,S0,0,0,0,1.0,1.0,0.38,0.1,0.0,1.0,1.0,1,81882.0
eco_i,SF,8,0,0,0.0,0.0,1.0,0.0,0.5,0.0,0.0,1,56609.0
private,SF,105,147,0,0.0,0.0,1.0,0.0,0.0,0.0,0.0,0,76236.0
private,S0,0,0,0,1.0,1.0,0.28,0.11,0.0,1.0,1.0,1,70176.0
http,SF,304,260,1,0.0,0.0,1.0,0.0,0.01,0.0,0.0,0,75807.0
http,SF,144,699,1,0.0,0.0,1.0,0.0,0.02,0.0,0.0,0,69974.0
domain_u,SF,44,151,0,0.0,0.0,1.0,0.0,0.0,0.0,0.0,0,96991.0
exec,RSTO,0,0,0,0.0,0.0,0.09,0.06,0.0,0.0,0.0,1,16736.0
uucp_path,S0,0,0,0,1.0,1.0,0.04,0.06,0.0,1.0,1.0,1,43294.0
smtp,SF,911,434,1,0.0,0.0,1.0,0.0,0.02,0.79,0.79,0,57808.0
http,SF,306,298,1,0.0,0.0,1.0,0.0,0.0,0.0,0.0,0,35037.0
finger,S0,0,0,0,1.0,1.0,0.08,0.07,0.0,1.0,1.0,1,61969.0
eco_i,SF,8,0,0,0.0,0.0,1.0,0.0,0.53,0.0,0.0,1,104368.0
supdup,S0,0,0,0,1.0,1.0,0.16,0.05,0.0,1.0,1.0,1,77559.0
http,SF,229,5467,1,0.0,0.0,1.0,0.0,0.02,0.0,0.0,0,117075.0
domain_u,SF,45,111,0,0.0,0.0,0.99,0.03,0.0,0.0,0.0,0,125025.0
private,SF,105,146,0,0.0,0.0,0.25,0.5,0.0,0.0,0.0,0,70835.0
bgp,S0,0,0,0,1.0,1.0,0.01,0.05,0.0,1.0,1.0,1,9514.0
domain,S0,0,0,0,1.0,1.0,0.04,0.05,0.0,1.0,1.0,1,14438.0
smtp,SF,888,332,1,0.0,0.0,1.0,0.0,0.0,0.0,0.0,0,106340.0
http,SF,277,1702,1,0.0,0.0,1.0,0.0,0.02,0.0,0.0,0,104600.0
eco_i,SF,8,0,0,0.0,0.0,1.0,0.0,0.26,0.0,0.0,1,108856.0
http,SF,218,327,1,0.0,0.0,1.0,0.0,0.04,0.0,0.0,0,94123.0
http,SF,166,542,1,0.33,0.4,1.0,0.0,0.02,0.11,0.0,0,94085.0
Z39_50,S0,0,0,0,1.0,1.0,1.0,0.0,0.0,1.0,1.0,1,77689.0
http,SF,320,1366,1,0.0,0.0,1.0,0.0,0.03,0.0,0.0,0,67059.0
klogin,S0,0,0,0,1.0,1.0,0.18,0.05,0.0,1.0,1.0,1,17189.0
http,SF,168,37014,1,0.0,0.2,1.0,0.0,0.0,0.0,0.0,0,116173.0
ftp_data,SF,13239,0,1,0.0,0.0,1.0,0.0,0.03,0.0,0.0,0,594.0
private,S0,0,0,0,1.0,1.0,0.06,0.06,0.0,1.0,1.0,1,64669.0
eco_i,SF,30,0,0,0.0,0.0,0.12,0.38,0.0,0.0,0.0,0,118773.0
http,REJ,0,0,0,0.0,0.0,1.0,0.0,0.24,0.0,0.0,0,105654.0
domain_u,SF,44,69,0,0.0,0.0,1.0,0.0,0.0,0.0,0.0,0,23001.0
mtp,S0,0,0,0,1.0,1.0,0.06,0.07,0.0,1.0,1.0,1,87814.0
http,SF,339,2003,1,0.0,0.0,1.0,0.0,0.0,0.0,0.0,0,119579.0
http,SF,261,258,1,0.0,0.0,1.0,0.0,0.02,0.0,0.0,0,102492.0
ftp_data,SF,12,0,1,0.0,0.0,1.0,0.0,0.08,0.0,0.0,0,6032.0
telnet,SF,182,8092,1,0.0,0.0,1.0,0.0,0.0,0.0,0.0,0,66558.0
smtp,SF,2284,451,1,0.0,0.0,1.0,0.0,0.02,0.82,0.78,0,27230.0
private,S0,0,0,0,1.0,1.0,0.01,0.06,0.0,1.0,1.0,1,56090.0
supdup,S0,0,0,0,1.0,1.0,0.03,0.06,0.0,1.0,1.0,1,19329.0
netbios_ns,S0,0,0,0,1.0,1.0,0.06,0.06,0.0,1.0,1.0,1,59451.0
domain_u,SF,82,38,0,0.0,0.0,1.0,0.0,0.0,0.0,0.0,0,28973.0
other,SF,147,0,0,0.0,0.0,1.0,0.0,0.0,0.0,0.0,0,120852.0
private,REJ,0,0,0,0.0,0.0,1.0,0.0,1.0,0.0,0.0,1,8903.0
domain_u,SF,45,127,0,0.0,0.0,1.0,0.0,0.0,0.0,0.0,0,97154.0
http,SF,291,6286,1,0.0,0.0,1.0,0.0,0.05,0.0,0.0,0,35813.0
exec,S0,0,0,0,1.0,1.0,0.17,0.05,0.0,1.0,1.0,1,3288.0
eco_i,SF,8,0,0,0.0,0.0,1.0,0.0,0.51,0.0,0.0,1,112363.0
pop_3,S0,0,0,0,1.0,1.0,0.06,0.06,0.0,1.0,1.0,1,64631.0
private,SF,215,0,0,0.0,0.0,1.0,0.0,0.0,0.0,0.0,1,10012.0
http,SF,260,892,1,0.0,0.0,1.0,0.0,0.0,0.0,0.0,0,121168.0
http,SF,248,12922,1,0.0,0.0,1.0,0.0,0.01,0.0,0.0,0,52448.0
ftp_data,SF,35195,0,0,0.0,0.0,1.0,0.0,0.0,0.0,0.0,0,116600.0
exec,S0,0,0,0,1.0,1.0,0.09,0.06,0.0,1.0,1.0,1,57527.0
http,SF,169,5908,1,0.0,0.0,1.0,0.0,0.05,0.0,0.0,0,102738.0
ecr_i,SF,1032,0,0,0.0,0.0,1.0,0.0,0.0,0.0,0.0,1,48537.0
eco_i,SF,30,0,0,0.0,0.0,0.5,1.0,0.0,0.0,0.0,0,42778.0
http,SF,210,19000,1,0.0,0.0,1.0,0.0,0.04,0.0,0.0,0,73666.0
ecr_i,SF,1032,0,0,0.0,0.0,1.0,0.0,0.0,0.01,0.0,1,68291.0
domain_u,SF,42,42,0,0.0,0.0,1.0,0.0,0.0,0.0,0.0,0,61083.0
domain,S0,0,0,0,1.0,1.0,0.11,0.06,0.0,1.0,1.0,1,88887.0
domain_u,SF,44,142,0,0.0,0.0,1.0,0.0,0.0,0.0,0.0,0,106897.0
private,S0,0,0,0,1.0,1.0,0.05,0.06,0.0,1.0,1.0,1,97175.0
efs,S0,0,0,0,1.0,1.0,0.04,0.06,0.0,1.0,1.0,1,61888.0
other,SF,145,105,0,0.0,0.0,1.0,0.0,0.0,0.0,0.0,0,41099.0
http,SF,198,16263,1,0.0,0.0,1.0,0.0,0.04,0.0,0.0,0,29316.0
domain_u,SF,45,71,0,0.0,0.0,1.0,0.0,0.0,0.0,0.0,0,80612.0
private,S0,0,0,0,1.0,1.0,0.05,0.06,0.0,1.0,1.0,1,55467.0
http,SF,164,4097,1,0.0,0.0,1.0,0.0,0.0,0.0,0.0,0,118601.0
ecr_i,SF,1032,0,0,0.0,0.0,1.0,0.0,0.0,0.0,0.0,1,4992.0
http,SF,378,290,1,0.0,0.0,1.0,0.0,0.0,0.0,0.0,0,30784.0
daytime,S0,0,0,0,1.0,1.0,0.02,0.07,0.0,1.0,1.0,1,95772.0
auth,REJ,0,0,0,0.0,0.0,0.02,0.06,0.0,0.0,0.0,1,50514.0
iso_tsap,S0,0,0,0,1.0,1.0,0.24,0.14,0.0,1.0,1.0,1,15851.0
private,S0,0,0,0,1.0,1.0,0.14,0.06,0.0,1.0,1.0,1,82489.0
domain_u,SF,45,111,0,0.0,0.0,0.99,0.01,0.0,0.0,0.0,0,16226.0
http,SF,334,2309,1,0.0,0.0,1.0,0.0,0.03,0.0,0.0,0,82282.0
other,SF,1,0,0,0.0,0.0,0.08,0.67,0.0,0.0,0.0,1,60293.0
private,S0,0,0,0,1.0,1.0,0.07,0.06,0.0,1.0,1.0,1,92365.0
domain_u,SF,45,45,0,0.0,0.0,0.99,0.01,0.0,0.0,0.0,0,7817.0
smtp,SF,2483,325,1,0.0,0.0,1.0,0.0,0.0,0.0,0.0,0,43909.0
private,S0,0,0,0,1.0,1.0,0.05,0.06,0.0,1.0,1.0,1,39618.0
http,SF,280,2449,1,0.0,0.0,1.0,0.0,0.03,0.0,0.0,0,58609.0
smtp,SF,1814,375,1,0.0,0.0,1.0,0.0,0.0,0.0,0.0,0,111969.0
domain,S0,0,0,0,1.0,1.0,0.02,0.05,0.0,1.0,1.0,1,81282.0
uucp_path,S0,0,0,0,1.0,1.0,0.06,0.06,0.0,1.0,1.0,1,103150.0
domain_u,SF,45,135,0,0.0,0.0,1.0,0.0,0.0,0.0,0.0,0,10971.0
http,REJ,0,0,0,0.0,0.0,1.0,0.0,0.09,0.0,0.0,0,106425.0
http,REJ,0,0,0,0.0,0.0,0.5,1.0,0.0,0.0,0.0,1,77402.0
smtp,SF,1230,493,1,0.0,0.0,1.0,0.0,0.03,0.0,0.0,0,83225.0
http,SF,283,173,1,0.0,0.0,1.0,0.0,0.02,0.0,0.0,0,44933.0
http,SF,209,508,1,0.0,0.0,1.0,0.0,0.05,0.0,0.01,0,59281.0
private,SF,28,0,0,0.0,0.0,1.0,0.0,0.0,0.09,0.0,1,81605.0
http,SF,317,15675,1,0.0,0.0,1.0,0.0,0.0,0.0,0.0,0,15881.0
http,SF,288,421,1,0.0,0.0,1.0,0.0,0.0,0.0,0.0,0,13433.0
other,SF,516,4,0,0.0,0.0,1.0,0.0,0.0,0.0,0.0,0,61889.0
domain_u,SF,45,76,0,0.0,0.0,1.0,0.0,0.0,0.0,0.0,0,56731.0
http,SF,309,2507,1,0.0,0.0,1.0,0.0,0.0,0.0,0.0,0,62937.0
http,SF,295,2006,1,0.0,0.0,1.0,0.0,0.0,0.0,0.0,0,33225.0
domain_u,SF,46,71,0,0.0,0.0,0.99,0.01,0.0,0.0,0.0,0,31848.0
http,SF,228,1452,1,0.0,0.0,1.0,0.0,0.04,0.0,0.0,0,43574.0
domain_u,SF,36,0,0,0.0,0.0,1.0,0.0,0.01,0.0,0.0,0,106182.0
private,SF,105,147,0,0.0,0.0,1.0,0.0,0.0,0.0,0.0,0,53935.0
smtp,SF,1322,330,1,0.0,0.0,1.0,0.0,0.0,0.02,0.03,0,79893.0
ntp_u,SF,48,48,0,0.0,0.0,1.0,0.0,0.0,0.0,0.0,0,31593.0
private,SF,105,147,0,0.0,0.0,1.0,0.0,0.0,0.0,0.0,0,6797.0
http,SF,191,10223,1,0.0,0.0,1.0,0.0,0.02,0.0,0.0,0,109358.0
domain_u,SF,43,130,0,0.0,0.0,1.0,0.0,0.0,0.0,0.0,0,89436.0
ssh,S0,0,0,0,1.0,1.0,0.41,0.12,0.0,1.0,1.0,1,51339.0
ecr_i,SF,30,0,0,0.0,0.0,1.0,0.0,0.0,0.0,0.0,0,8433.0
other,SF,147,105,0,0.0,0.0,0.2,0.6,0.0,0.0,0.0,0,5829.0
ftp_data,SF,6601,0,0,0.0,0.0,1.0,0.0,0.0,0.0,0.0,0,122917.0
gopher,REJ,0,0,0,0.0,0.0,0.04,0.07,0.0,0.0,0.0,1,72259.0
domain,S0,0,0,0,1.0,1.0,0.01,0.06,0.0,1.0,1.0,1,118410.0
ecr_i,SF,1032,0,0,0.0,0.0,1.0,0.0,0.0,0.0,0.0,1,118174.0
ecr_i,SF,520,0,0,0.0,0.0,1.0,0.0,0.0,0.0,0.0,1,50500.0
private,RSTR,0,0,0,0.0,0.0,1.0,0.0,0.0,0.08,0.0,1,49152.0
private,S0,0,0,0,1.0,1.0,0.1,0.06,0.0,1.0,1.0,1,3531.0
vmnet,S0,0,0,0,1.0,1.0,0.01,0.06,0.0,1.0,1.0,1,33930.0
http,SF,54540,8314,1,0.0,0.0,1.0,0.0,0.0,0.0,0.0,1,18345.0
private,S0,0,0,0,1.0,1.0,0.01,0.06,0.0,1.0,1.0,1,42122.0
domain_u,SF,43,70,0,0.0,0.0,1.0,0.0,0.0,0.0,0.0,0,35269.0
http,SF,282,2251,1,0.0,0.0,1.0,0.0,0.0,0.0,0.0,0,31233.0
private,RSTO,0,0,0,0.0,0.0,0.16,0.06,0.0,0.0,0.0,1,42912.0
imap4,S0,0,0,0,1.0,1.0,0.1,0.05,0.0,1.0,1.0,1,85807.0
eco_i,SF,18,0,0,0.0,0.0,1.0,0.0,0.25,0.0,0.0,1,83581.0
http,SF,205,6924,1,0.0,0.0,1.0,0.0,0.01,0.0,0.0,0,47081.0
telnet,SF,8412,12031,1,0.0,0.0,1.0,0.0,0.11,0.25,0.89,0,29253.0
http,SF,280,758,1,0.0,0.0,1.0,0.0,0.0,0.0,0.0,0,90141.0
smtp,SF,1631,330,1,0.0,0.0,1.0,0.0,0.06,0.0,0.0,0,66003.0
ftp_data,SF,2194619,0,1,0.0,0.0,1.0,0.0,0.02,0.0,0.0,0,53656.0
courier,S0,0,0,0,1.0,1.0,0.14,0.05,0.0,1.0,1.0,1,66345.0
ftp_data,SF,2194619,0,1,0.0,0.0,1.0,0.0,0.03,0.0,0.0,0,50707.0
ftp_data,SF,5891,0,0,0.0,0.0,1.0,0.0,0.0,0.85,0.0,0,25150.0
private,S0,0,0,0,1.0,1.0,0.03,0.08,0.0,1.0,1.0,1,65879.0
http,SF,266,7882,1,0.0,0.0,1.0,0.0,0.04,0.0,0.0,0,42290.0
private,S0,0,0,0,1.0,1.0,0.09,0.05,0.0,1.0,1.0,1,19360.0
finger,SF,8,225,0,0.0,0.0,1.0,0.0,0.0,0.01,0.0,0,66511.0
smtp,SF,799,366,1,0.0,0.0,1.0,0.0,0.03,0.01,0.0,0,89926.0
finger,SF,6,269,0,0.0,0.0,1.0,0.0,0.0,0.0,0.0,0,22942.0
http,SF,298,12246,1,0.0,0.0,1.0,0.0,0.01,0.0,0.0,0,38279.0
other,REJ,0,0,0,0.0,0.0,1.0,0.0,0.0,0.0,0.0,0,93812.0
smtp,SF,957,331,1,0.0,0.0,1.0,0.0,0.0,0.0,0.0,0,117811.0
http,SF,164,5450,1,0.0,0.0,1.0,0.0,0.0,0.0,0.0,0,42609.0
smtp,RSTO,0,0,0,0.0,0.0,0.05,0.06,0.0,0.0,0.0,1,73496.0
ftp_data,S0,0,0,0,1.0,1.0,0.5,0.05,0.03,0.95,0.3,1,35628.0
smtp,SF,1016,332,1,0.0,0.0,1.0,0.0,0.02,0.0,0.0,0,1317.0
http,SF,294,252,1,0.0,0.0,1.0,0.0,0.03,0.0,0.0,0,89346.0
private,S0,0,0,0,1.0,1.0,0.05,0.06,0.0,1.0,1.0,1,108838.0
other,REJ,0,0,0,0.09,0.0,0.0,1.0,0.0,0.11,0.0,1,66615.0
http,SF,372,235,1,0.0,0.0,1.0,0.0,0.04,0.0,0.0,0,48359.0
discard,S0,0,0,0,1.0,1.0,0.03,0.06,0.0,1.0,1.0,1,33771.0
eco_i,SF,8,0,0,0.0,0.0,1.0,0.0,0.5,0.0,0.0,1,65687.0
time,S0,0,0,0,1.0,1.0,0.09,0.07,0.0,1.0,1.0,1,95339.0
gopher,S0,0,0,0,1.0,1.0,0.09,0.05,0.0,1.0,1.0,1,16455.0
smtp,SF,1911,325,1,0.0,0.0,1.0,0.0,0.0,0.0,0.0,0,39405.0
private,S0,0,0,0,1.0,1.0,0.05,0.06,0.0,1.0,1.0,1,41946.0
private,S0,0,0,0,1.0,1.0,0.02,0.06,0.0,1.0,1.0,1,8295.0
http,SF,308,9021,1,0.0,0.0,1.0,0.0,0.05,0.0,0.0,0,103529.0
private,S0,0,0,0,1.0,1.0,0.25,0.25,0.0,1.0,1.0,1,58310.0
gopher,S0,0,0,0,1.0,1.0,0.12,0.05,0.0,1.0,1.0,1,13090.0
ldap,S0,0,0,0,1.0,1.0,0.15,0.06,0.0,1.0,1.0,1,48441.0
klogin,S0,0,0,0,1.0,1.0,0.16,0.07,0.0,1.0,1.0,1,63653.0
telnet,RSTO,0,0,0,0.0,0.0,1.0,0.0,0.0,0.0,0.0,0,71493.0
telnet,S0,0,0,0,1.0,1.0,0.11,0.21,0.0,1.0,1.0,1,76910.0
domain_u,SF,42,73,0,0.0,0.0,1.0,0.0,0.0,0.0,0.0,0,25369.0
smtp,SF,1165,330,1,0.0,0.0,1.0,0.0,0.0,0.01,0.0,0,109625.0
private,REJ,0,0,0,0.0,0.0,0.06,0.05,0.0,0.0,0.0,1,61518.0
http,SF,314,3487,1,0.0,0.0,1.0,0.0,0.03,0.01,0.0,0,87944.0
http,SF,245,749,1,0.0,0.0,1.0,0.0,0.05,0.0,0.0,0,56059.0
private,S0,0,0,0,1.0,1.0,0.07,0.06,0.0,1.0,1.0,1,11915.0
private,RSTR,0,0,0,0.0,0.0,0.5,1.0,0.0,0.0,0.0,1,53518.0
efs,S0,0,0,0,1.0,1.0,0.16,0.05,0.0,1.0,1.0,1,123948.0
http,SF,302,2369,1,0.0,0.0,1.0,0.0,0.05,0.0,0.0,0,93380.0
http,SF,207,9107,1,0.0,0.0,1.0,0.0,0.05,0.0,0.0,0,92736.0
private,S0,0,0,0,1.0,1.0,0.11,0.07,0.0,1.0,1.0,1,107726.0
http,SF,303,1075,1,0.0,0.0,1.0,0.0,0.0,0.0,0.0,0,49154.0
sql_net,S0,0,0,0,1.0,1.0,0.05,0.07,0.0,1.0,1.0,1,61625.0
smtp,SF,1451,373,1,0.0,0.0,1.0,0.0,0.01,0.0,0.0,0,8938.0
http,SF,152,484,1,0.0,0.0,1.0,0.0,0.03,0.0,0.0,0,19414.0
private,S0,0,0,0,1.0,1.0,0.16,0.06,0.0,1.0,1.0,1,43283.0
eco_i,SF,8,0,0,0.0,0.0,1.0,0.0,0.52,0.0,0.0,1,11366.0
ftp_data,SF,383,0,1,0.0,0.0,1.0,0.0,0.0,0.01,0.02,0,62765.0
private,S0,0,0,0,1.0,1.0,0.01,0.09,0.0,1.0,1.0,1,46302.0
private,REJ,0,0,0,0.0,0.0,0.13,0.05,0.0,0.0,0.0,1,22158.0
domain_u,SF,44,126,0,0.0,0.0,1.0,0.01,0.0,0.0,0.0,0,93112.0
eco_i,SF,8,0,0,0.0,0.0,1.0,0.0,0.25,0.0,0.0,1,116519.0
private,SF,1,0,0,0.0,0.0,1.0,0.0,0.0,0.0,0.0,1,56325.0
ftp_data,SF,203,0,0,0.0,0.0,1.0,0.0,0.0,0.0,0.0,0,75256.0
ftp_data,S0,0,0,0,1.0,1.0,0.25,0.06,0.0,1.0,1.0,1,57758.0
http,SF,143,51823,1,0.0,0.0,1.0,0.0,0.0,0.0,0.0,0,10655.0
private,REJ,0,0,0,0.0,0.0,0.03,0.07,0.0,0.0,0.0,1,34372.0
daytime,S0,0,0,0,1.0,1.0,0.02,0.06,0.0,1.0,1.0,1,53764.0
domain_u,SF,45,45,0,0.0,0.0,1.0,0.0,0.0,0.0,0.0,0,110010.0
ftp,S1,120,397,0,1.0,1.0,1.0,0.0,0.0,0.01,0.03,0,67305.0
ftp_data,SF,12,0,1,0.0,0.0,1.0,0.0,0.02,0.0,0.01,0,53640.0
domain_u,SF,46,46,0,0.0,0.0,1.0,0.0,0.0,0.0,0.0,0,53094.0
smtp,SF,880,332,1,0.0,0.0,1.0,0.0,0.01,0.0,0.0,0,15124.0
http,SF,235,1380,1,0.0,0.0,1.0,0.0,0.0,0.03,0.03,0,117535.0
pop_3,SF,122,11208,1,0.0,0.0,1.0,0.0,0.5,0.0,0.0,0,92219.0
private,REJ,0,0,0,0.0,0.0,0.13,0.05,0.0,0.0,0.0,1,77469.0
bgp,S0,0,0,0,1.0,1.0,0.02,0.06,0.0,1.0,1.0,1,13323.0
smtp,SF,736,330,1,0.0,0.0,1.0,0.0,0.0,0.0,0.0,0,30199.0
eco_i,SF,8,0,0,0.0,0.0,1.0,0.0,0.25,0.0,0.0,1,111075.0
http,SF,289,7911,1,0.0,0.0,1.0,0.0,0.02,0.0,0.0,0,91287.0
http,SF,200,7911,1,0.0,0.0,1.0,0.0,0.02,0.0,0.0,0,28036.0
ecr_i,SF,1032,0,0,0.0,0.0,1.0,0.0,0.0,0.0,0.0,1,8106.0
iso_tsap,S0,0,0,0,1.0,1.0,0.08,0.07,0.0,1.0,1.0,1,84377.0
other,SF,113,0,0,0.0,0.0,0.95,0.11,0.0,0.0,0.0,0,88054.0
discard,S0,0,0,0,1.0,1.0,0.03,0.06,0.0,1.0,1.0,1,30439.0
private,REJ,0,0,0,0.0,0.0,0.06,1.0,0.0,0.0,0.0,1,100752.0
hostnames,REJ,0,0,0,0.0,0.0,0.03,0.07,0.0,0.0,0.0,1,35133.0
private,S0,0,0,0,1.0,1.0,0.08,0.05,0.0,1.0,1.0,1,56960.0
link,S0,0,0,0,1.0,1.0,0.21,0.04,0.0,1.0,1.0,1,94087.0
http,SF,322,1564,1,0.0,0.0,1.0,0.0,0.01,0.0,0.0,0,37148.0
bgp,S0,0,0,0,1.0,1.0,0.05,0.05,0.0,1.0,1.0,1,33444.0
http,SF,209,9282,1,0.0,0.0,1.0,0.0,0.04,0.0,0.0,0,94695.0
ftp,SF,1151,2445,1,0.0,0.0,1.0,0.0,0.0,0.02,0.0,1,90130.0
urp_i,SF,78,0,0,0.0,0.0,0.33,0.17,0.0,0.0,0.0,0,80836.0
http,SF,304,2507,1,0.0,0.0,1.0,0.0,0.0,0.0,0.0,0,100595.0
courier,S0,0,0,0,1.0,1.0,0.08,0.06,0.0,1.0,1.0,1,61258.0
http,SF,376,245,1,0.0,0.0,1.0,0.0,0.02,0.0,0.0,0,78756.0
netbios_ns,S0,0,0,0,1.0,1.0,0.47,0.16,0.0,1.0,1.0,1,51944.0
finger,S0,0,0,0,1.0,1.0,0.26,0.11,0.0,1.0,1.0,1,115354.0
domain_u,SF,43,43,0,0.0,0.0,1.0,0.0,0.0,0.0,0.0,0,36736.0
http,SF,241,417,1,0.0,0.0,1.0,0.0,0.01,0.0,0.0,0,41463.0
eco_i,SF,8,0,0,0.0,0.0,1.0,0.0,0.25,0.0,0.0,1,115667.0
IRC,RSTR,1788,9968,0,0.0,0.0,1.0,0.0,0.0,0.0,0.0,0,1460.0
login,RSTO,0,0,0,0.0,0.0,0.16,0.07,0.0,0.0,0.0,1,17064.0
smtp,SF,1058,333,1,0.0,0.0,1.0,0.0,0.01,0.0,0.0,0,57871.0
http,SF,196,2790,1,0.0,0.0,1.0,0.0,0.04,0.0,0.0,0,10996.0
http,REJ,0,0,0,0.0,0.0,1.0,0.0,0.02,0.0,0.0,0,80321.0
imap4,S0,0,0,0,1.0,1.0,0.02,0.05,0.0,1.0,1.0,1,25836.0
private,S0,0,0,0,0.99,1.0,0.13,0.06,0.0,1.0,1.0,1,5316.0
ecr_i,SF,1032,0,0,0.0,0.0,1.0,0.0,0.0,0.02,0.0,1,96618.0
http,REJ,0,0,0,0.0,0.0,1.0,0.0,0.24,0.0,0.0,0,40768.0
telnet,S0,0,0,0,1.0,1.0,1.0,0.0,0.0,0.98,0.97,1,24439.0
http,SF,226,4768,1,0.0,0.0,1.0,0.0,0.05,0.0,0.0,0,82202.0
ftp_data,S0,0,0,0,1.0,1.0,0.24,0.07,0.03,0.99,0.51,1,57919.0
http,SF,206,5015,1,0.0,0.0,1.0,0.0,0.05,0.0,0.0,0,1477.0
private,REJ,0,0,0,0.0,0.0,0.5,1.0,0.0,0.0,0.0,1,55711.0
ftp_data,SF,334,0,1,0.0,0.0,1.0,0.0,0.13,0.0,0.02,1,1021.0
smtp,SF,1628,334,1,0.0,0.0,1.0,0.0,0.02,0.0,0.12,0,33041.0
http,SF,208,2050,1,0.1,0.1,1.0,0.0,0.03,0.07,0.0,0,51095.0
other,SF,10272,0,0,0.11,0.0,0.11,0.78,0.0,0.01,0.0,0,17834.0
http,SF,224,782,1,0.0,0.0,1.0,0.0,0.02,0.0,0.0,0,114929.0
domain_u,SF,44,44,0,0.0,0.0,1.0,0.0,0.0,0.0,0.0,0,96442.0
ftp_data,SF,2194619,0,0,0.0,0.0,1.0,0.0,0.0,0.0,0.0,0,108839.0
http,SF,224,16904,1,0.0,0.0,1.0,0.0,0.0,0.0,0.0,0,7756.0
Z39_50,S0,0,0,0,1.0,1.0,0.05,0.06,0.0,1.0,1.0,1,88452.0
uucp_path,S0,0,0,0,1.0,1.0,0.08,0.07,0.0,1.0,1.0,1,64459.0
http,SF,193,1420,1,0.0,0.0,1.0,0.0,0.04,0.0,0.0,0,43680.0
private,S0,0,0,0,1.0,1.0,0.02,0.05,0.0,1.0,1.0,1,33779.0
private,RSTR,1,0,0,0.0,0.0,1.0,0.0,0.0,0.0,0.0,1,96555.0
private,S0,0,0,0,1.0,1.0,0.06,0.05,0.0,0.99,1.0,1,110949.0
http,SF,229,3028,1,0.0,0.0,1.0,0.0,0.03,0.0,0.0,0,41088.0
domain_u,SF,43,133,0,0.0,0.0,1.0,0.0,0.0,0.0,0.0,0,67915.0
http,SF,214,337,1,0.0,0.0,1.0,0.0,0.01,0.0,0.0,0,3743.0
eco_i,SF,8,0,0,0.0,0.0,1.0,0.0,0.5,0.0,0.0,1,66090.0
http,SF,285,5969,1,0.0,0.0,1.0,0.0,0.02,0.0,0.0,0,118050.0
netbios_ssn,S0,0,0,0,1.0,1.0,0.01,0.07,0.0,1.0,1.0,1,106795.0
http,SF,199,1413,1,0.0,0.0,1.0,0.0,0.0,0.0,0.0,0,79694.0
http,SF,244,390,1,0.0,0.0,1.0,0.0,0.0,0.0,0.0,0,33722.0
discard,S0,0,0,0,1.0,1.0,0.06,0.06,0.0,1.0,1.0,1,7581.0
private,REJ,0,0,0,0.0,0.0,0.16,0.05,0.0,0.0,0.0,1,45299.0
other,SF,146,0,0,0.0,0.0,0.33,0.67,0.0,0.0,0.0,0,61968.0
ftp_data,SF,334,0,1,0.0,0.0,1.0,0.0,0.09,0.0,0.0,1,113079.0
urp_i,SF,183,0,0,0.0,0.0,0.5,1.0,0.0,0.0,0.0,0,52758.0
uucp,S0,0,0,0,1.0,1.0,0.11,0.06,0.0,1.0,1.0,1,21591.0
private,REJ,0,0,0,0.08,0.0,0.0,1.0,0.0,0.08,0.0,1,78305.0
Z39_50,S0,0,0,0,1.0,1.0,0.02,0.07,0.0,1.0,1.0,1,49631.0
smtp,SF,11516,1383,1,0.0,0.0,1.0,0.0,0.01,0.0,0.0,0,73441.0
smtp,SF,1713,328,1,0.0,0.0,1.0,0.0,0.0,0.0,0.0,0,21269.0
private,S0,0,0,0,1.0,1.0,0.19,0.07,0.0,1.0,1.0,1,7223.0
auth,S0,0,0,0,1.0,1.0,0.02,0.07,0.0,1.0,1.0,1,40395.0
http,SF,266,13474,1,0.0,0.0,1.0,0.0,0.03,0.0,0.0,0,53600.0
http,SF,234,1721,1,0.0,0.0,1.0,0.0,0.02,0.0,0.0,0,124094.0
http,SF,346,258,1,0.0,0.0,1.0,0.0,0.0,0.0,0.0,0,60837.0
smtp,SF,918,476,1,0.0,0.0,1.0,0.0,0.02,0.01,0.0,0,74740.0
domain_u,SF,45,125,0,0.0,0.0,0.97,0.04,0.0,0.0,0.0,0,95827.0
uucp,S0,0,0,0,1.0,1.0,0.1,0.06,0.0,1.0,1.0,1,96798.0
domain_u,SF,42,71,0,0.0,0.0,1.0,0.0,0.0,0.0,0.0,0,98062.0
private,S0,0,0,0,1.0,1.0,0.03,0.08,0.0,1.0,1.0,1,70701.0
http,SF,304,336,1,0.0,0.0,1.0,0.0,0.0,0.0,0.0,0,82539.0
courier,REJ,0,0,0,0.0,0.0,0.02,0.07,0.0,0.0,0.0,1,13904.0
http,REJ,0,0,0,0.0,0.0,1.0,0.0,0.13,0.0,0.0,0,55541.0
uucp,RSTO,0,0,0,0.0,0.0,0.13,0.06,0.0,0.0,0.0,1,13870.0
whois,S0,0,0,0,1.0,1.0,0.04,0.07,0.0,1.0,1.0,1,45852.0
http,SF,332,281,1,0.0,0.0,1.0,0.0,0.0,0.01,0.01,0,81110.0
ftp_data,SF,192,0,1,0.0,0.0,1.0,0.0,0.0,0.01,0.02,0,14528.0
imap4,S0,0,0,0,1.0,1.0,0.05,0.06,0.0,1.0,1.0,1,87041.0
private,S0,0,0,0,1.0,1.0,0.15,0.07,0.0,1.0,1.0,1,3756.0
private,SF,207,0,0,0.0,0.0,1.0,0.0,0.0,0.0,0.0,1,58908.0
vmnet,REJ,0,0,0,0.0,0.0,0.0,0.07,0.0,0.0,0.0,1,1984.0
smtp,SF,1064,327,1,0.0,0.0,1.0,0.0,0.03,0.0,0.0,0,101184.0
private,S0,0,0,0,1.0,1.0,0.08,0.08,0.0,1.0,1.0,1,64286.0
private,S0,0,0,0,1.0,1.0,0.03,0.08,0.0,1.0,1.0,1,48259.0
domain_u,SF,45,77,0,0.0,0.0,1.0,0.01,0.0,0.0,0.0,0,53269.0
eco_i,SF,8,0,0,0.0,0.0,1.0,0.0,0.5,0.0,0.0,1,63942.0
smtp,SF,1099,327,1,0.0,0.0,1.0,0.0,0.01,0.0,0.0,0,106881.0
netstat,S0,0,0,0,1.0,1.0,0.07,0.05,0.0,1.0,1.0,1,11967.0
private,S0,0,0,0,1.0,1.0,0.08,0.05,0.0,1.0,1.0,1,46450.0
smtp,SF,11676,1405,1,0.0,0.0,1.0,0.0,0.0,0.0,0.0,0,98045.0
http,SF,216,358,1,0.0,0.0,1.0,0.0,0.0,0.0,0.0,0,46882.0
http,SF,332,828,1,0.0,0.0,1.0,0.0,0.0,0.0,0.0,0,108688.0
http,SF,339,10378,1,0.0,0.0,1.0,0.0,0.0,0.01,0.01,0,110600.0
systat,S0,0,0,0,1.0,1.0,0.01,0.06,0.0,1.0,1.0,1,121197.0
http,S1,214,1460,1,0.1,0.1,1.0,0.0,0.05,0.02,0.0,0,6829.0
private,S0,0,0,0,1.0,1.0,0.16,0.14,0.0,1.0,1.0,1,73261.0
smtp,S0,0,0,0,1.0,1.0,1.0,0.0,0.01,0.99,0.69,1,123560.0
private,S0,0,0,0,1.0,1.0,0.02,0.06,0.0,1.0,1.0,1,120839.0
http,SF,270,8673,1,0.0,0.0,1.0,0.0,0.02,0.0,0.0,0,43990.0
http,SF,327,12991,1,0.0,0.0,1.0,0.0,0.0,0.0,0.0,0,68170.0
http,SF,284,1606,1,0.0,0.0,1.0,0.0,0.04,0.0,0.0,0,11142.0
eco_i,SF,8,0,0,0.0,0.0,1.0,0.0,0.67,0.0,0.0,1,110782.0
http,SF,169,9765,1,0.0,0.0,1.0,0.0,0.05,0.0,0.0,0,60917.0
http,SF,313,1494,1,0.0,0.0,1.0,0.0,0.04,0.0,0.0,0,107847.0
http,SF,198,289,1,0.0,0.02,1.0,0.0,0.0,0.0,0.0,0,82911.0
http,SF,159,24735,1,0.0,0.0,1.0,0.0,0.04,0.0,0.0,0,45924.0
http,SF,249,911,1,0.0,0.0,1.0,0.0,0.03,0.0,0.0,0,54753.0
private,REJ,0,0,0,0.0,0.0,1.0,0.0,0.0,0.0,0.0,1,124822.0
ftp_data,SF,1854,0,1,0.0,0.0,1.0,0.0,0.0,0.26,0.0,0,102256.0
http,SF,213,984,1,0.0,0.0,1.0,0.0,0.0,0.0,0.0,0,105452.0
http,SF,307,997,1,0.0,0.0,1.0,0.0,0.0,0.0,0.0,0,59263.0
private,REJ,0,0,0,0.0,0.0,0.03,0.08,0.0,0.0,0.0,1,2979.0
efs,S0,0,0,0,1.0,1.0,0.02,0.06,0.0,1.0,1.0,1,48097.0
mtp,S0,0,0,0,1.0,1.0,0.03,0.05,0.0,1.0,1.0,1,123905.0
http,S0,0,0,0,0.5,0.5,1.0,0.0,0.02,0.01,0.01,0,18551.0
private,REJ,0,0,0,0.01,0.0,0.01,1.0,0.0,0.0,0.0,1,122515.0
ecr_i,SF,1032,0,0,0.0,0.0,1.0,0.0,0.0,0.0,0.0,1,47651.0
http,SF,335,414,1,0.0,0.0,1.0,0.0,0.05,0.0,0.0,0,17116.0
private,S0,0,0,0,1.0,1.0,0.09,0.06,0.0,1.0,1.0,1,109409.0
sql_net,REJ,0,0,0,0.0,0.0,0.09,0.07,0.0,0.0,0.0,1,110002.0
klogin,S0,0,0,0,1.0,1.0,0.72,0.11,0.0,1.0,1.0,1,91701.0
ftp_data,SF,319,0,1,0.0,0.0,1.0,0.0,0.03,0.0,0.0,0,123282.0
http,REJ,0,0,0,0.0,0.0,1.0,0.0,0.19,0.0,0.0,0,107949.0
http,SF,183,20052,1,0.0,0.0,1.0,0.0,0.0,0.0,0.0,0,58936.0
private,SF,28,0,0,0.0,0.0,1.0,0.0,0.0,0.0,0.0,1,32193.0
http,REJ,0,0,0,0.0,0.0,1.0,0.0,0.29,0.0,0.0,0,72079.0
smtp,SF,774,334,1,0.0,0.0,0.5,1.0,0.02,0.01,0.02,0,112232.0
Z39_50,REJ,0,0,0,0.0,0.0,0.01,0.07,0.0,0.0,0.0,1,43755.0
ftp_data,SF,334,0,1,0.0,0.0,1.0,0.0,0.43,0.0,0.0,1,102044.0
http,SF,319,978,1,0.0,0.0,1.0,0.0,0.02,0.0,0.0,0,63298.0
http,SF,305,2229,1,0.0,0.0,1.0,0.0,0.0,0.0,0.0,0,46988.0
domain_u,SF,45,138,0,0.0,0.0,1.0,0.0,0.0,0.0,0.0,0,66209.0
smtp,SF,6979,328,1,0.0,0.0,1.0,0.0,0.03,0.0,0.0,0,45345.0
http,REJ,0,0,0,0.0,0.0,1.0,0.0,0.06,0.0,0.0,0,8619.0
auth,S0,0,0,0,1.0,1.0,0.0,0.07,0.0,1.0,1.0,1,81313.0
http,SF,315,2777,1,0.0,0.0,1.0,0.0,0.01,0.0,0.0,0,1683.0
smtp,SF,651,331,1,0.0,0.0,0.5,1.0,0.01,0.0,0.0,0,98594.0
http,SF,211,2131,1,0.0,0.0,1.0,0.0,0.05,0.0,0.0,0,23679.0
bgp,S0,0,0,0,1.0,1.0,0.03,0.07,0.0,1.0,1.0,1,103216.0
ecr_i,SF,1032,0,0,0.0,0.0,1.0,0.0,0.0,0.02,0.0,1,95159.0
urp_i,SF,78,0,0,0.0,0.0,0.14,0.07,0.0,0.0,0.0,0,38863.0
http,SF,291,6672,1,0.0,0.0,1.0,0.0,0.05,0.0,0.0,0,61799.0
http,SF,313,2252,1,0.0,0.0,1.0,0.0,0.04,0.0,0.0,0,10975.0
other,REJ,0,0,0,0.06,0.0,0.0,0.96,0.0,0.04,0.0,1,20742.0
kshell,S0,0,0,0,1.0,1.0,0.27,0.05,0.0,1.0,1.0,1,74529.0
private,REJ,0,0,0,0.0,0.0,0.06,0.06,0.0,0.0,0.0,1,49055.0
uucp,S0,0,0,0,1.0,1.0,0.1,0.06,0.0,1.0,1.0,1,74794.0
http,SF,245,3098,1,0.0,0.0,1.0,0.0,0.0,0.0,0.0,0,62091.0
private,S0,0,0,0,1.0,1.0,0.14,0.07,0.0,1.0,1.0,1,12690.0
http,SF,236,1695,1,0.0,0.0,1.0,0.0,0.0,0.0,0.0,0,91617.0
ftp_data,SF,212,0,0,0.0,0.0,1.0,0.0,0.0,0.0,0.0,0,105443.0
http,SF,304,845,1,0.0,0.0,1.0,0.0,0.0,0.0,0.0,0,98196.0
private,S0,0,0,0,1.0,1.0,0.04,0.06,0.0,1.0,1.0,1,27086.0
private,SH,0,0,0,1.0,1.0,1.0,0.0,0.0,0.96,1.0,1,91420.0
http,SF,314,1145,1,0.0,0.0,1.0,0.0,0.0,0.0,0.0,0,5317.0
http,SF,264,19983,1,0.0,0.0,1.0,0.0,0.04,0.0,0.0,0,28501.0
smtp,SF,819,329,1,0.0,0.0,1.0,0.0,0.0,0.0,0.0,0,13941.0
ftp_data,S0,0,0,0,1.0,1.0,0.16,0.11,0.0,1.0,1.0,1,23740.0
http,SF,243,984,1,0.0,0.0,1.0,0.0,0.02,0.0,0.0,0,27761.0
http,SF,245,188,1,0.0,0.0,1.0,0.0,0.03,0.0,0.0,0,57235.0
domain,S0,0,0,0,1.0,1.0,0.04,0.06,0.0,1.0,1.0,1,4297.0
uucp,S0,0,0,0,1.0,1.0,0.13,0.06,0.0,1.0,1.0,1,10386.0
private,SF,105,147,0,0.0,0.0,1.0,0.0,0.0,0.0,0.0,0,45724.0
domain,REJ,0,0,0,0.0,0.0,0.02,0.07,0.0,0.0,0.0,1,65773.0
telnet,S0,0,0,0,1.0,1.0,0.07,0.06,0.0,1.0,1.0,1,66842.0
http,SF,286,915,1,0.0,0.0,1.0,0.0,0.03,0.0,0.01,0,22550.0
telnet,S0,0,0,0,1.0,1.0,0.0,0.07,0.0,1.0,1.0,1,28741.0
private,S0,0,0,0,1.0,1.0,0.02,0.08,0.0,1.0,1.0,1,5362.0
eco_i,SF,8,0,0,0.0,0.0,1.0,0.0,0.5,0.0,0.0,1,14823.0
private,REJ,0,0,0,0.0,0.0,1.0,0.0,1.0,0.0,0.0,1,17676.0
domain_u,SF,45,166,0,0.0,0.0,1.0,0.0,0.0,0.0,0.0,0,81721.0
http,SF,346,3359,1,0.0,0.0,1.0,0.0,0.0,0.0,0.0,0,122328.0
http,SF,229,263,1,0.0,0.0,1.0,0.0,0.0,0.0,0.0,0,75788.0
private,SF,28,0,0,0.0,0.0,1.0,0.0,0.0,0.02,0.0,1,42106.0
http,SF,287,811,1,0.0,0.0,1.0,0.0,0.0,0.0,0.0,0,18924.0
domain_u,SF,42,42,0,0.0,0.0,1.0,0.0,0.01,0.0,0.0,0,21842.0
netbios_dgm,S0,0,0,0,1.0,1.0,0.08,0.05,0.0,1.0,1.0,1,77903.0
smtp,SF,3731,328,1,0.0,0.0,1.0,0.0,0.0,0.0,0.0,0,1609.0
smtp,SF,1237,335,1,0.0,0.0,1.0,0.0,0.01,0.0,0.0,0,26260.0
http,SF,308,769,1,0.0,0.0,1.0,0.0,0.03,0.0,0.0,0,2776.0
netbios_ns,S0,0,0,0,1.0,1.0,0.04,0.06,0.0,1.0,1.0,1,104638.0
http,SF,316,301,1,0.0,0.0,1.0,0.0,0.0,0.0,0.0,0,89065.0
private,RSTR,0,0,0,0.0,0.0,1.0,0.0,0.0,0.0,0.0,1,92769.0
ftp_data,SF,12324,0,1,0.0,0.0,1.0,0.0,0.02,0.0,0.0,0,90164.0
http,SF,54540,8314,1,0.0,0.0,1.0,0.0,0.0,0.0,0.0,1,40251.0
uucp,S0,0,0,0,1.0,1.0,0.05,0.06,0.0,1.0,1.0,1,69337.0
nntp,S0,0,0,0,1.0,1.0,0.01,0.06,0.0,1.0,1.0,1,24844.0
ecr_i,SF,1032,0,0,0.0,0.0,1.0,0.0,0.0,0.0,0.0,1,59784.0
ftp_data,SF,190,0,1,0.0,0.0,1.0,0.0,0.0,0.0,0.0,0,47756.0
http,SF,183,361,1,0.0,0.0,1.0,0.0,0.0,0.0,0.0,0,37284.0
vmnet,REJ,0,0,0,0.0,0.0,0.14,0.06,0.0,0.0,0.0,1,23902.0
private,S0,0,0,0,1.0,1.0,0.0,0.06,0.0,1.0,1.0,1,32198.0
http,SF,224,8545,1,0.0,0.0,1.0,0.0,0.02,0.0,0.0,0,13707.0
private,S0,0,0,0,1.0,1.0,0.36,0.13,0.0,1.0,1.0,1,39605.0
http,SF,220,1109,1,0.0,0.0,1.0,0.0,0.02,0.0,0.0,0,63161.0
private,S0,0,0,0,1.0,1.0,0.17,0.09,0.0,1.0,1.0,1,18256.0
ftp,SF,918,2720,1,0.0,0.0,1.0,0.0,0.0,0.0,0.0,0,52182.0
domain_u,SF,44,110,0,0.0,0.0,1.0,0.0,0.0,0.0,0.0,0,18230.0
private,S0,0,0,0,1.0,1.0,0.05,0.11,0.0,1.0,1.0,1,76452.0
http,SF,222,5953,1,0.0,0.0,1.0,0.0,0.01,0.0,0.0,0,27069.0
private,REJ,0,0,0,0.06,0.0,0.0,1.0,0.0,0.08,0.0,1,26782.0
smtp,SF,677,335,1,0.0,0.0,1.0,0.0,0.01,0.0,0.0,0,37108.0
private,RSTR,1,0,0,0.0,0.0,1.0,0.0,0.0,0.0,0.0,1,17522.0
http,SF,326,1691,1,0.0,0.0,1.0,0.0,0.0,0.0,0.0,0,13279.0
private,REJ,0,0,0,0.0,0.0,1.0,0.0,0.0,0.0,0.0,1,93987.0
telnet,SF,2646,12894,1,0.0,0.0,1.0,0.0,0.4,0.0,0.0,0,62392.0
hostnames,S0,0,0,0,1.0,1.0,0.04,0.06,0.0,1.0,1.0,1,10343.0
http,SF,206,310,1,0.0,0.0,1.0,0.0,0.01,0.0,0.0,0,14000.0
http,SF,271,10757,1,0.0,0.0,1.0,0.0,0.07,0.0,0.0,0,104653.0
http,SF,235,12623,1,0.0,0.0,1.0,0.0,0.04,0.0,0.0,0,888.0
hostnames,S0,0,0,0,1.0,1.0,0.01,0.06,0.0,1.0,1.0,1,7589.0
http,SF,296,1761,1,0.0,0.0,1.0,0.0,0.0,0.0,0.0,0,111945.0
eco_i,SF,64,0,0,0.0,0.0,1.0,0.0,0.0,0.0,0.0,0,69155.0
private,REJ,0,0,0,0.06,0.0,0.0,1.0,0.0,0.05,0.0,1,108636.0
private,S0,0,0,0,1.0,1.0,0.35,0.16,0.0,1.0,1.0,1,48220.0
http,SF,303,1380,1,0.0,0.0,1.0,0.0,0.0,0.0,0.0,0,92203.0
http,SF,193,10799,1,0.25,0.25,1.0,0.0,0.05,0.25,0.0,0,72189.0
http,SF,213,307,1,0.0,0.0,1.0,0.0,0.0,0.0,0.0,0,100242.0
private,S0,0,0,0,1.0,1.0,0.15,0.06,0.0,1.0,1.0,1,3233.0
other,SF,516,4,0,0.0,0.0,1.0,0.0,0.0,0.0,0.0,0,27055.0
http,REJ,0,0,0,0.0,0.0,1.0,0.0,0.1,0.0,0.0,0,112806.0
http,REJ,0,0,0,0.0,0.33,1.0,0.0,0.09,0.0,0.0,0,10355.0
http,SF,217,2431,1,0.0,0.0,1.0,0.0,0.01,0.0,0.0,0,56089.0
private,S0,0,0,0,1.0,1.0,0.13,0.05,0.0,1.0,1.0,1,63384.0
private,RSTO,0,0,0,0.0,0.0,0.1,0.07,0.0,0.0,0.0,1,34498.0
hostnames,S0,0,0,0,1.0,1.0,0.04,0.06,0.0,1.0,1.0,1,70361.0
private,S0,0,0,0,1.0,1.0,0.06,0.06,0.0,1.0,1.0,1,85714.0
uucp,S0,0,0,0,1.0,1.0,0.03,0.08,0.0,1.0,1.0,1,103925.0
private,S0,0,0,0,1.0,1.0,0.06,0.06,0.0,1.0,1.0,1,94558.0
ftp_data,S0,0,0,0,1.0,1.0,0.04,0.07,0.0,1.0,1.0,1,96767.0
http,SF,238,2174,1,0.0,0.0,1.0,0.0,0.03,0.0,0.0,0,47534.0
telnet,SF,471,434353,1,0.0,0.0,1.0,0.0,0.0,0.0,0.0,0,115288.0
http,SF,223,353,1,0.0,0.0,1.0,0.0,0.01,0.0,0.0,0,51110.0
finger,S0,0,0,0,1.0,1.0,0.33,0.17,0.0,1.0,1.0,1,20403.0
ecr_i,SF,1032,0,0,0.0,0.0,1.0,0.0,0.0,0.01,0.0,1,42652.0
domain_u,SF,45,133,0,0.0,0.0,1.0,0.0,0.0,0.0,0.0,0,95433.0
private,REJ,0,0,0,0.0,0.0,1.0,0.0,0.0,0.0,0.0,1,1391.0
courier,S0,0,0,0,1.0,1.0,0.1,0.06,0.0,1.0,1.0,1,11299.0
http,SF,268,7080,1,0.0,0.0,1.0,0.0,0.07,0.0,0.0,0,25524.0
eco_i,SF,8,0,0,0.0,0.0,1.0,0.0,0.5,0.0,0.0,1,94980.0
private,S0,0,0,0,1.0,1.0,0.03,0.07,0.0,1.0,1.0,1,94818.0
http,SF,244,647,1,0.0,0.0,1.0,0.0,0.0,0.0,0.0,0,34128.0
domain_u,SF,44,69,0,0.0,0.0,1.0,0.0,0.0,0.0,0.0,0,115464.0
domain_u,SF,42,42,0,0.0,0.0,1.0,0.0,0.0,0.0,0.0,0,103492.0
ftp_data,S0,0,0,0,1.0,1.0,0.01,0.06,0.0,1.0,1.0,1,45938.0
http,SF,265,2003,1,0.0,0.0,1.0,0.0,0.03,0.0,0.0,0,25808.0
smtp,SF,995,364,1,0.0,0.0,1.0,0.0,0.02,0.0,0.01,0,105342.0
auth,S0,0,0,0,1.0,1.0,0.07,0.06,0.0,1.0,1.0,1,26572.0
eco_i,SF,8,0,0,0.0,0.0,1.0,0.0,0.26,0.0,0.0,1,76788.0
http,SF,242,486,1,0.0,0.0,1.0,0.0,0.0,0.0,0.0,0,77206.0
http,SF,238,2113,1,0.0,0.0,1.0,0.0,0.0,0.0,0.0,0,79477.0
http,SF,319,1862,1,0.0,0.0,1.0,0.0,0.06,0.0,0.0,0,33530.0
private,RSTR,0,0,0,0.0,0.0,1.0,0.0,0.0,0.0,0.0,1,55893.0
private,REJ,0,0,0,0.0,0.0,0.03,0.06,0.0,0.0,0.0,1,82989.0
domain_u,SF,44,139,0,0.0,0.0,0.99,0.01,0.0,0.0,0.0,0,9965.0
private,REJ,0,0,0,0.1,0.0,0.0,1.0,0.0,0.1,0.0,1,61192.0
bgp,S0,0,0,0,1.0,1.0,0.01,0.05,0.0,1.0,1.0,1,74653.0
other,SF,4539,0,1,0.05,0.0,0.05,0.3,0.0,0.02,0.0,0,17655.0
http,SF,280,2021,1,0.0,0.0,1.0,0.0,0.0,0.01,0.01,0,112159.0
private,SF,105,147,0,0.0,0.0,0.18,0.18,0.0,0.0,0.0,0,32769.0
private,S0,0,0,0,1.0,1.0,0.07,0.06,0.0,1.0,1.0,1,119349.0
netstat,S0,0,0,0,1.0,1.0,0.02,0.06,0.0,1.0,1.0,1,40051.0
private,S0,0,0,0,1.0,1.0,0.02,0.05,0.0,0.9,1.0,1,111978.0
ecr_i,SF,1032,0,0,0.0,0.0,1.0,0.0,0.0,0.0,0.0,1,32862.0
http,SF,249,1092,1,0.0,0.0,1.0,0.0,0.0,0.0,0.0,0,22807.0
private,S0,0,0,0,1.0,1.0,0.08,0.06,0.0,1.0,1.0,1,79444.0
ftp_data,SF,10272,0,1,0.0,0.0,1.0,0.0,0.02,0.0,0.0,0,72299.0
telnet,S0,0,0,0,1.0,1.0,0.23,0.18,0.0,1.0,1.0,1,110887.0
http,SF,195,1227,1,0.0,0.0,1.0,0.0,0.0,0.01,0.01,0,105931.0
eco_i,SF,8,0,0,0.0,0.0,1.0,0.0,0.5,0.0,0.0,1,75649.0
time,S0,0,0,0,1.0,1.0,0.01,0.06,0.0,1.0,1.0,1,86991.0
http,SF,312,2164,1,0.0,0.0,1.0,0.0,0.03,0.0,0.0,0,76345.0
http,SF,315,5726,1,0.0,0.0,1.0,0.0,0.04,0.0,0.0,0,57385.0
ftp,SF,953,2720,1,0.0,0.0,1.0,0.0,0.0,0.0,0.0,0,41739.0
private,S0,0,0,0,1.0,1.0,0.03,0.06,0.0,1.0,1.0,1,92106.0
ftp_data,SF,854,0,1,0.0,0.33,0.4,0.8,0.03,0.01,0.05,0,60110.0
private,S0,0,0,0,1.0,1.0,0.06,0.07,0.0,1.0,1.0,1,26065.0
gopher,S0,0,0,0,1.0,1.0,0.03,0.08,0.0,1.0,1.0,1,10029.0
http,SF,215,2332,1,0.0,0.0,1.0,0.0,0.0,0.0,0.0,0,100699.0
ecr_i,SF,1032,0,0,0.0,0.0,1.0,0.0,0.0,0.0,0.0,1,72554.0
domain_u,SF,42,96,0,0.0,0.0,1.0,0.0,0.0,0.0,0.0,0,86181.0
eco_i,SF,8,0,0,0.0,0.0,1.0,0.0,0.26,0.0,0.0,1,9376.0
discard,S0,0,0,0,1.0,1.0,0.08,0.06,0.0,1.0,1.0,1,39826.0
domain,S0,0,0,0,1.0,1.0,0.0,0.06,0.0,1.0,1.0,1,73594.0
domain_u,SF,33,88,0,0.0,0.0,1.0,0.0,0.0,0.0,0.0,0,111407.0
auth,S0,0,0,0,1.0,1.0,0.02,0.06,0.0,1.0,1.0,1,79476.0
http,SF,244,1610,1,0.0,0.0,1.0,0.0,0.04,0.0,0.0,0,92877.0
private,S0,0,0,0,1.0,1.0,0.11,0.06,0.0,1.0,1.0,1,69483.0
http,SF,338,261,1,0.0,0.0,1.0,0.0,0.0,0.01,0.01,0,117593.0
http,SF,323,2865,1,0.0,0.0,1.0,0.0,0.09,0.0,0.0,0,93303.0
uucp,S0,0,0,0,1.0,1.0,0.14,0.06,0.0,1.0,1.0,1,42702.0
http,REJ,0,0,0,0.0,0.0,1.0,0.0,0.3,0.0,0.0,0,115570.0
http,SF,224,347,1,0.0,0.0,1.0,0.0,0.05,0.0,0.0,0,16654.0
private,S0,0,0,0,1.0,1.0,0.0,0.07,0.0,1.0,1.0,1,85792.0
ftp_data,SF,71,0,0,0.0,0.0,1.0,0.0,0.0,0.96,0.0,0,74687.0
private,RSTR,1,0,0,0.0,0.0,1.0,0.0,0.0,0.0,0.0,1,101053.0
private,SF,105,145,0,0.0,0.0,0.25,0.5,0.0,0.0,0.0,0,17331.0
supdup,REJ,0,0,0,0.0,0.0,0.06,0.06,0.0,0.0,0.0,1,45422.0
http,SF,316,3825,1,0.0,0.0,1.0,0.0,0.02,0.0,0.0,0,4211.0
http,SF,279,13869,1,0.0,0.0,1.0,0.0,0.03,0.0,0.0,0,113477.0
http,SF,296,1551,1,0.0,0.0,1.0,0.0,0.06,0.0,0.0,0,69662.0
http,SF,244,2899,1,0.0,0.0,1.0,0.0,0.02,0.0,0.0,0,9401.0
http,SF,213,33514,1,0.0,0.0,1.0,0.0,0.04,0.0,0.0,0,4904.0
private,S0,0,0,0,1.0,1.0,0.11,0.07,0.0,1.0,1.0,1,72975.0
http,SF,199,788,1,0.0,0.0,1.0,0.0,0.01,0.0,0.0,0,93557.0
http,REJ,0,0,0,0.0,0.0,1.0,0.0,0.17,0.0,0.0,0,5586.0
imap4,S0,0,0,0,1.0,1.0,0.02,0.08,0.0,1.0,1.0,1,68032.0
other,SF,1,0,0,0.0,0.0,0.07,0.64,0.0,0.0,0.0,1,85665.0
http,SF,222,186,1,0.0,0.0,1.0,0.0,0.05,0.0,0.0,0,110514.0
domain_u,SF,43,43,0,0.0,0.0,1.0,0.0,0.0,0.0,0.0,0,36580.0
http,SF,229,815,1,0.0,0.0,1.0,0.0,0.01,0.0,0.0,0,114511.0
http,SF,215,495,1,0.0,0.0,1.0,0.0,0.0,0.0,0.0,0,90675.0
login,S0,0,0,0,1.0,1.0,0.15,0.07,0.0,1.0,1.0,1,91929.0
private,S0,0,0,0,1.0,1.0,0.09,0.06,0.0,1.0,1.0,1,33740.0
http,SF,316,751,1,0.0,0.0,1.0,0.0,0.01,0.0,0.0,0,86273.0
private,S0,0,0,0,1.0,1.0,0.07,0.06,0.0,1.0,1.0,1,22491.0
uucp,S0,0,0,0,1.0,1.0,1.0,0.0,0.0,1.0,1.0,1,22728.0
private,S0,0,0,0,1.0,1.0,0.07,0.06,0.0,1.0,1.0,1,115867.0
echo,S0,0,0,0,1.0,1.0,0.02,0.06,0.0,1.0,1.0,1,61160.0
netbios_dgm,S0,0,0,0,1.0,1.0,0.16,0.05,0.0,1.0,1.0,1,52092.0
http,RSTR,51180,2920,1,0.0,0.0,1.0,0.0,0.0,0.0,0.0,1,103107.0
private,REJ,0,0,0,0.05,0.0,0.0,1.0,0.0,0.08,0.0,1,74903.0
domain_u,SF,44,117,0,0.0,0.0,1.0,0.0,0.0,0.0,0.0,0,67468.0
private,S0,0,0,0,1.0,1.0,0.04,0.07,0.0,1.0,1.0,1,54411.0
private,S0,0,0,0,1.0,1.0,0.2,0.06,0.0,1.0,1.0,1,111368.0
private,S0,0,0,0,1.0,1.0,0.03,0.09,0.0,1.0,1.0,1,9764.0
private,S0,0,0,0,1.0,1.0,0.25,0.5,0.0,1.0,1.0,1,110117.0
netbios_dgm,REJ,0,0,0,0.0,0.0,0.09,0.06,0.0,0.0,0.0,1,20417.0
http,SF,54540,8314,1,0.0,0.0,1.0,0.0,0.0,0.0,0.0,1,25774.0
uucp,S0,0,0,0,1.0,1.0,0.03,0.07,0.0,1.0,1.0,1,31427.0
ftp_data,S1,0,0,0,0.06,0.07,0.88,0.18,0.0,0.02,0.03,0,53613.0
private,S0,0,0,0,1.0,1.0,0.14,0.06,0.0,1.0,1.0,1,47124.0
domain_u,SF,45,45,0,0.0,0.0,1.0,0.0,0.0,0.0,0.0,0,45135.0
http,SF,306,345,1,0.0,0.0,1.0,0.0,0.05,0.0,0.0,0,80567.0
domain,S0,0,0,0,1.0,1.0,0.09,0.06,0.0,1.0,1.0,1,121319.0
http,SF,225,1062,1,0.0,0.0,1.0,0.0,0.05,0.0,0.0,0,123273.0
ftp_data,S0,0,0,0,1.0,1.0,0.27,0.13,0.0,1.0,1.0,1,97466.0
urp_i,SF,78,0,0,0.0,0.0,0.19,0.05,0.0,0.0,0.0,0,111621.0
other,SF,146,105,0,0.0,0.0,1.0,0.0,0.0,0.0,0.0,0,25996.0
domain_u,SF,123,43,0,0.0,0.0,1.0,0.01,0.0,0.0,0.0,0,80264.0
private,S0,0,0,0,1.0,1.0,0.02,0.06,0.0,1.0,1.0,1,37070.0
http,SF,168,4898,1,0.0,0.0,1.0,0.0,0.0,0.0,0.0,0,9538.0
http,SF,211,16572,1,0.0,0.0,1.0,0.0,0.02,0.0,0.0,0,95791.0
http,SF,258,1772,1,0.0,0.0,1.0,0.0,0.07,0.0,0.0,0,81693.0
shell,S0,0,0,0,1.0,1.0,0.29,0.06,0.0,1.0,1.0,1,95725.0
http,SF,289,12997,1,0.0,0.0,1.0,0.0,0.03,0.0,0.0,0,42783.0
private,S0,0,0,0,1.0,1.0,0.12,0.12,0.0,1.0,1.0,1,124936.0
ecr_i,SF,1032,0,0,0.0,0.0,1.0,0.0,0.0,0.0,0.0,1,27573.0
domain_u,SF,33,88,0,0.0,0.0,1.0,0.0,0.0,0.0,0.0,0,48765.0
smtp,SF,1411,336,1,0.0,0.0,1.0,0.0,0.0,0.0,0.0,0,21547.0
http,SF,464,10134,1,0.0,0.0,1.0,0.0,0.09,0.0,0.0,0,20085.0
http,SF,296,431,1,0.0,0.0,1.0,0.0,0.02,0.0,0.0,0,55995.0
private,REJ,0,0,0,0.0,0.0,0.16,0.08,0.0,0.0,0.0,1,99120.0
http,S0,0,0,0,1.0,1.0,0.39,0.13,0.0,1.0,1.0,1,14882.0
ftp_data,SF,175337,0,1,0.0,0.0,1.0,0.0,0.0,0.0,0.0,0,98709.0
http,S0,0,0,0,1.0,1.0,1.0,0.0,0.0,1.0,1.0,1,51995.0
courier,S0,0,0,0,1.0,1.0,0.16,0.05,0.0,1.0,1.0,1,13906.0
domain_u,SF,45,130,0,0.0,0.0,1.0,0.0,0.0,0.0,0.0,0,40484.0
imap4,S0,0,0,0,1.0,1.0,0.01,0.06,0.0,1.0,1.0,1,81150.0
private,S0,0,0,0,1.0,1.0,0.15,0.05,0.0,1.0,1.0,1,103739.0
private,S0,0,0,0,1.0,1.0,0.03,0.06,0.0,1.0,1.0,1,39853.0
http,REJ,0,0,0,0.0,0.0,1.0,0.0,0.17,0.0,0.0,0,54495.0
http,REJ,0,0,0,0.0,0.0,1.0,0.0,0.08,0.0,0.0,0,82322.0
time,S0,0,0,0,1.0,1.0,0.0,0.07,0.0,1.0,1.0,1,24821.0
Z39_50,S0,0,0,0,1.0,1.0,0.06,0.06,0.0,1.0,1.0,1,56745.0
daytime,S0,0,0,0,1.0,1.0,0.02,0.06,0.0,1.0,1.0,1,101636.0
private,S0,0,0,0,1.0,1.0,0.07,0.06,0.0,1.0,1.0,1,109382.0
http,SF,314,4085,1,0.0,0.0,1.0,0.0,0.02,0.0,0.0,0,98543.0
other,REJ,0,0,0,0.26,0.0,0.0,1.0,0.0,0.18,0.0,1,6930.0
ecr_i,SF,520,0,0,0.0,0.0,1.0,0.0,0.0,0.0,0.0,1,48289.0
ecr_i,SF,1032,0,0,0.0,0.0,1.0,0.0,0.0,0.01,0.0,1,70591.0
http,SF,200,177,1,0.0,0.0,1.0,0.0,0.04,0.0,0.0,0,14842.0
smtp,SF,1064,388,1,0.0,0.0,1.0,0.0,0.0,0.04,0.0,0,124449.0
private,S0,0,0,0,1.0,1.0,0.03,0.06,0.0,1.0,1.0,1,120038.0
ecr_i,SF,1032,0,0,0.0,0.0,1.0,0.0,0.0,0.0,0.0,1,120672.0
private,S0,0,0,0,1.0,1.0,0.09,0.05,0.0,1.0,1.0,1,97842.0
http,SF,315,420,1,0.0,0.0,1.0,0.0,0.01,0.0,0.0,0,5196.0
http,SF,202,601,1,0.0,0.0,1.0,0.0,0.04,0.0,0.0,0,29113.0
ftp_data,SF,641,0,1,0.0,0.0,1.0,0.0,0.0,0.0,0.0,0,25435.0
other,REJ,0,0,0,0.22,0.0,0.0,1.0,0.0,0.16,0.0,1,49155.0
klogin,S0,0,0,0,1.0,1.0,0.01,0.05,0.0,1.0,1.0,1,116312.0
ftp_data,SF,192,0,1,0.0,0.0,1.0,0.0,0.02,0.0,0.0,0,78471.0
ftp,SF,1211,2447,1,0.0,0.0,1.0,0.0,0.0,0.0,0.0,1,117968.0
http,SF,299,6760,1,0.0,0.0,1.0,0.0,0.02,0.0,0.0,0,105469.0
eco_i,SF,8,0,0,0.0,0.0,1.0,0.0,0.51,0.0,0.0,1,7577.0
ftp,SF,1222,2449,1,0.0,0.0,1.0,0.0,0.0,0.0,0.0,1,8305.0
private,S0,0,0,0,1.0,1.0,0.02,0.06,0.0,1.0,1.0,1,60512.0
ecr_i,SF,520,0,0,0.0,0.0,1.0,0.0,0.0,0.0,0.0,1,68039.0
http,SF,193,1745,1,0.0,0.0,1.0,0.0,0.04,0.0,0.0,0,116643.0
shell,S0,0,0,0,1.0,1.0,0.65,0.18,0.0,1.0,1.0,1,86432.0
private,SF,105,147,0,0.0,0.0,0.12,0.25,0.0,0.0,0.0,0,49832.0
eco_i,SF,8,0,0,0.0,0.0,1.0,0.0,0.25,0.0,0.0,1,24328.0
private,S0,0,0,0,1.0,1.0,0.45,0.12,0.0,1.0,1.0,1,40098.0
kshell,S0,0,0,0,1.0,1.0,0.15,0.08,0.0,1.0,1.0,1,70803.0
private,S0,0,0,0,1.0,1.0,0.13,0.07,0.0,1.0,1.0,1,35441.0
ftp_data,SF,9,0,1,0.0,0.0,1.0,0.0,0.03,0.0,0.0,0,32245.0
domain_u,SF,44,76,0,0.0,0.0,1.0,0.0,0.0,0.0,0.0,0,80584.0
systat,S0,0,0,0,1.0,1.0,0.02,0.06,0.0,1.0,1.0,1,38401.0
http,SF,54540,8314,1,0.0,0.0,1.0,0.0,0.0,0.0,0.0,1,123833.0
courier,REJ,0,0,0,0.0,0.0,0.13,0.06,0.0,0.0,0.0,1,70989.0
http,SF,302,13003,1,0.0,0.0,1.0,0.0,0.0,0.0,0.0,0,39994.0
domain_u,SF,44,134,0,0.0,0.0,1.0,0.0,0.0,0.0,0.0,0,28056.0
http,REJ,0,0,0,0.0,0.0,1.0,0.0,0.11,0.0,0.0,0,37256.0
ftp_data,SF,19209,0,0,0.0,0.0,1.0,0.0,0.0,0.0,0.01,0,69080.0
other,SF,147,105,0,0.0,0.0,1.0,0.0,0.0,0.0,0.0,0,87149.0
domain_u,SF,43,43,0,0.0,0.0,1.0,0.0,0.0,0.0,0.0,0,12680.0
eco_i,SF,8,0,0,0.0,0.0,1.0,0.0,0.51,0.0,0.0,1,39712.0
private,S0,0,0,0,1.0,1.0,0.03,0.06,0.0,1.0,1.0,1,4496.0
eco_i,SF,8,0,0,0.0,0.0,1.0,0.0,0.55,0.0,0.0,1,53148.0
mtp,REJ,0,0,0,0.0,0.0,0.07,0.06,0.0,0.0,0.0,1,55841.0
domain_u,SF,46,46,0,0.0,0.0,1.0,0.0,0.0,0.0,0.0,0,98876.0
http,REJ,0,0,0,0.0,0.0,1.0,0.0,0.09,0.0,0.0,0,60249.0
http,SF,348,19361,1,0.0,0.0,1.0,0.0,0.05,0.0,0.0,0,64466.0
http,SF,206,471,1,0.0,0.0,1.0,0.0,0.02,0.0,0.0,0,79892.0
finger,S0,0,0,0,1.0,1.0,0.37,0.09,0.0,1.0,1.0,1,72395.0
daytime,S0,0,0,0,1.0,1.0,0.33,0.33,0.0,1.0,1.0,1,111501.0
http,SF,235,1552,1,0.0,0.0,1.0,0.0,0.02,0.0,0.0,0,64209.0
imap4,S0,0,0,0,1.0,1.0,0.08,0.05,0.0,1.0,1.0,1,114733.0
private,RSTR,0,0,0,0.0,0.0,0.01,0.52,0.0,0.0,0.0,1,34030.0
http,SF,220,21953,1,0.0,0.0,1.0,0.0,0.01,0.0,0.0,0,96149.0
private,S0,0,0,0,1.0,1.0,0.01,0.06,0.0,1.0,1.0,1,83464.0
telnet,S0,0,0,0,1.0,1.0,0.07,0.06,0.0,1.0,1.0,1,9497.0
ftp_data,SF,245,0,1,0.0,0.0,1.0,0.0,0.0,0.0,0.0,0,71193.0
http,SF,222,5381,1,0.0,0.0,1.0,0.0,0.01,0.0,0.0,0,55591.0
http,SF,281,5594,1,0.0,0.0,1.0,0.0,0.02,0.0,0.0,0,77211.0
private,S0,0,0,0,1.0,1.0,0.03,0.05,0.0,1.0,1.0,1,47220.0
http,SF,318,10976,1,0.0,0.0,1.0,0.0,0.01,0.0,0.0,0,22989.0
private,S0,0,0,0,1.0,1.0,0.1,0.06,0.0,1.0,1.0,1,64822.0
http,SF,278,6546,1,0.0,0.0,1.0,0.0,0.03,0.0,0.0,0,637.0
private,REJ,0,0,0,0.0,0.0,0.1,0.06,0.0,0.0,0.0,1,53578.0
http,SF,290,1769,1,0.0,0.0,1.0,0.0,0.0,0.0,0.0,0,58147.0
ftp_data,SF,334,0,1,0.0,0.0,1.0,0.0,0.25,0.0,0.0,1,23676.0
smtp,S0,0,0,0,1.0,1.0,1.0,0.0,0.01,0.99,0.69,1,58937.0
telnet,S0,0,0,0,1.0,1.0,0.13,0.11,0.0,1.0,1.0,1,84191.0
time,S0,0,0,0,1.0,1.0,0.07,0.06,0.0,1.0,1.0,1,7311.0
http,SF,268,2820,1,0.0,0.0,1.0,0.0,0.05,0.0,0.0,0,44511.0
private,RSTO,0,0,0,0.0,0.0,0.02,0.06,0.0,0.0,0.0,1,50148.0
imap4,S0,0,0,0,1.0,1.0,0.04,0.06,0.0,1.0,1.0,1,9556.0
private,S0,0,0,0,1.0,1.0,0.07,0.06,0.0,1.0,1.0,1,72409.0
ftp,SF,1498,4152,1,0.0,0.0,1.0,0.0,0.0,0.01,0.0,0,83712.0
private,S0,0,0,0,0.99,1.0,0.07,0.06,0.0,1.0,1.0,1,55067.0
ftp_data,SF,12,0,1,0.0,0.0,1.0,0.0,0.02,0.03,0.0,0,56476.0
smtp,SF,125,239,1,0.0,0.0,0.5,1.0,0.02,0.0,0.0,0,53876.0
private,S0,0,0,0,1.0,1.0,0.07,0.06,0.0,1.0,1.0,1,77669.0
domain_u,SF,42,142,0,0.0,0.0,1.0,0.0,0.0,0.0,0.0,0,62658.0
http,SF,256,791,1,0.0,0.0,1.0,0.0,0.0,0.0,0.0,0,65436.0
http,SF,261,18736,1,0.0,0.0,1.0,0.0,0.02,0.01,0.0,0,7081.0
domain_u,SF,44,131,0,0.0,0.0,1.0,0.0,0.0,0.0,0.0,0,107559.0
private,S0,0,0,0,1.0,1.0,0.02,0.07,0.0,1.0,1.0,1,18901.0
other,SF,1,0,0,0.0,0.0,0.08,0.5,0.0,0.0,0.0,1,75960.0
ftp_data,S0,0,0,0,1.0,1.0,0.28,0.07,0.0,1.0,1.0,1,54288.0
other,SF,5891,0,1,0.06,0.0,0.06,0.19,0.0,0.02,0.0,0,84147.0
http,SF,211,82751,1,0.0,0.0,1.0,0.0,0.04,0.0,0.0,0,91491.0
other,SF,516,4,0,0.0,0.0,1.0,0.0,0.0,0.0,0.0,0,4634.0
domain_u,SF,110,45,0,0.0,0.0,1.0,0.0,0.0,0.0,0.0,0,27617.0
ftp_data,SF,88382,0,1,0.0,0.0,1.0,0.0,0.02,0.0,0.0,0,88373.0
private,S0,0,0,0,1.0,1.0,0.07,0.06,0.0,1.0,1.0,1,95602.0
ecr_i,SF,1032,0,0,0.0,0.0,1.0,0.0,0.0,0.02,0.0,1,124781.0
X11,SF,947716,32588,1,0.0,0.0,1.0,0.0,0.0,0.0,0.0,0,33685.0
ftp,RSTO,0,0,0,0.0,0.0,0.09,0.06,0.0,0.0,0.0,1,82330.0
http,SF,314,1530,1,0.0,0.0,1.0,0.0,0.03,0.0,0.0,0,44258.0
http,SF,309,744,1,0.0,0.0,1.0,0.0,0.02,0.0,0.0,0,104160.0
smtp,S0,0,0,0,1.0,1.0,0.2,0.05,0.0,1.0,1.0,1,58730.0
courier,S0,0,0,0,1.0,1.0,0.35,0.13,0.0,1.0,1.0,1,71708.0
http,SF,309,306,1,0.0,0.0,1.0,0.0,0.02,0.0,0.0,0,101.0
other,SF,1,0,0,0.0,0.0,0.07,0.71,0.0,0.0,0.0,1,36442.0
private,REJ,0,0,0,0.08,0.0,0.0,0.95,0.0,0.08,0.0,1,32281.0
http,SF,309,6718,1,0.0,0.0,1.0,0.0,0.01,0.0,0.01,0,37673.0
eco_i,SF,8,0,0,0.0,0.0,1.0,0.0,0.5,0.0,0.0,1,33544.0
http,SF,325,1208,1,0.0,0.0,1.0,0.0,0.04,0.0,0.0,0,40393.0
http,SF,231,3461,1,0.0,0.0,1.0,0.0,0.04,0.0,0.0,0,78062.0
other,SF,147,105,0,0.0,0.0,1.0,0.0,0.0,0.0,0.0,0,29691.0
domain_u,SF,42,42,0,0.0,0.0,1.0,0.0,0.0,0.0,0.0,0,93631.0
smtp,SF,1445,487,1,0.0,0.0,1.0,0.0,0.01,0.92,0.73,0,99434.0
smtp,SF,1158,329,1,0.0,0.0,1.0,0.0,0.03,0.01,0.0,0,95012.0
ftp_data,S0,0,0,0,1.0,1.0,0.22,0.05,0.0,0.99,1.0,1,75728.0
http,SF,205,2066,1,0.0,0.0,1.0,0.0,0.01,0.0,0.0,0,42487.0
domain_u,SF,40,106,0,0.0,0.0,1.0,0.0,0.0,0.0,0.0,0,60122.0
ssh,S0,0,0,0,1.0,1.0,0.06,0.06,0.0,1.0,1.0,1,51732.0
domain_u,SF,42,42,0,0.0,0.0,1.0,0.0,0.0,0.0,0.0,0,23139.0
uucp,S0,0,0,0,1.0,1.0,0.12,0.06,0.0,1.0,1.0,1,109887.0
telnet,S0,0,0,0,1.0,1.0,0.53,0.11,0.0,1.0,1.0,1,93054.0
kshell,S0,0,0,0,1.0,1.0,0.2,0.05,0.0,1.0,1.0,1,31072.0
auth,SF,10,39,0,0.0,0.0,1.0,0.0,0.0,0.0,0.0,0,88591.0
http,SF,231,480,1,0.0,0.0,1.0,0.0,0.0,0.0,0.0,0,7895.0
http,SF,330,717,1,0.0,0.0,1.0,0.0,0.01,0.0,0.0,0,23630.0
ftp,SF,221,766,1,0.0,0.0,1.0,0.0,0.0,0.0,0.0,0,100014.0
smtp,S0,0,0,0,0.66,1.0,0.01,0.41,0.0,0.5,1.0,1,20006.0
http,SF,193,1643,1,0.0,0.0,1.0,0.0,0.02,0.0,0.0,0,34917.0
http,SF,351,1378,1,0.0,0.0,1.0,0.0,0.04,0.0,0.0,0,85321.0
http,SF,244,9966,1,0.0,0.0,1.0,0.0,0.03,0.0,0.0,0,113961.0
http,S0,0,0,0,1.0,0.93,0.05,0.06,0.0,1.0,1.0,1,40388.0
ecr_i,SF,520,0,0,0.0,0.0,1.0,0.0,0.0,0.0,0.0,1,90669.0
ftp_data,S1,65700,0,1,1.0,1.0,1.0,0.0,0.03,0.02,0.02,0,59995.0
eco_i,SF,8,0,0,0.0,0.0,1.0,0.0,0.5,0.0,0.0,1,93926.0
private,S0,0,0,0,1.0,1.0,0.08,0.07,0.0,1.0,1.0,1,75868.0
http,SF,284,3591,1,0.0,0.0,1.0,0.0,0.02,0.0,0.0,0,100494.0
http,SF,287,925,1,0.0,0.0,1.0,0.0,0.05,0.0,0.0,0,6180.0
eco_i,SF,8,0,0,0.0,0.0,1.0,0.0,0.51,0.0,0.0,1,4589.0
http,SF,297,9317,1,0.0,0.0,1.0,0.0,0.01,0.0,0.0,0,87340.0
private,S0,0,0,0,1.0,1.0,0.05,0.06,0.0,1.0,1.0,1,112816.0
smtp,SF,10622,879,1,0.0,0.0,1.0,0.0,0.02,0.8,0.01,0,42648.0
http,SF,326,328,1,0.0,0.0,1.0,0.0,0.04,0.0,0.0,0,66505.0
efs,REJ,0,0,0,0.0,0.0,0.01,0.07,0.0,0.0,0.0,1,39241.0
http,SF,145,2438,1,0.25,0.09,1.0,0.0,0.04,0.0,0.0,0,96163.0
other,SF,146,105,0,0.0,0.0,0.4,0.6,0.0,0.0,0.0,0,74296.0
domain_u,SF,44,44,0,0.0,0.0,1.0,0.0,0.0,0.0,0.0,0,106143.0
http,S0,0,0,0,1.0,1.0,0.75,0.5,0.0,0.98,1.0,1,104017.0
http,SF,228,2507,1,0.0,0.0,1.0,0.0,0.0,0.0,0.0,0,40588.0
whois,S0,0,0,0,1.0,1.0,0.06,0.05,0.0,1.0,1.0,1,98717.0
smtp,SF,1320,339,1,0.0,0.0,1.0,0.0,0.01,0.0,0.0,0,114732.0
private,S0,0,0,0,1.0,1.0,0.05,0.05,0.0,1.0,1.0,1,97722.0
private,SF,28,28,0,0.0,0.0,1.0,0.0,0.0,0.0,0.0,1,39011.0
nnsp,S0,0,0,0,1.0,1.0,0.38,0.17,0.0,1.0,1.0,1,108961.0
ftp_data,SF,641,0,0,0.0,0.0,1.0,0.0,0.0,0.0,0.0,0,45370.0
time,S0,0,0,0,1.0,1.0,0.09,0.05,0.0,1.0,1.0,1,41131.0
private,RSTR,0,0,0,0.0,0.0,1.0,0.0,0.0,0.0,0.0,1,8633.0
daytime,S0,0,0,0,1.0,1.0,0.01,0.05,0.0,1.0,1.0,1,40639.0
other,RSTR,1,0,0,0.0,0.0,1.0,0.0,0.0,0.0,0.0,1,12062.0
domain_u,SF,42,42,0,0.0,0.0,1.0,0.0,0.0,0.0,0.0,0,119539.0
private,S0,0,0,0,1.0,1.0,0.04,0.06,0.0,1.0,1.0,1,51172.0
http,SF,191,1402,1,0.0,0.0,1.0,0.0,0.06,0.0,0.0,0,55806.0
http,SF,352,1701,1,0.0,0.0,1.0,0.0,0.0,0.0,0.0,0,78199.0
iso_tsap,S0,0,0,0,1.0,1.0,0.05,0.07,0.0,1.0,1.0,1,14746.0
domain_u,SF,43,109,0,0.0,0.0,1.0,0.0,0.01,0.01,0.0,0,48522.0
http,SF,230,414,1,0.0,0.0,1.0,0.0,0.0,0.0,0.0,0,4116.0
http,SF,346,1680,1,0.0,0.0,1.0,0.0,0.0,0.0,0.0,0,65414.0
domain_u,SF,41,127,0,0.0,0.0,1.0,0.0,0.0,0.0,0.0,0,79156.0
smtp,SF,1772,328,1,0.0,0.0,1.0,0.0,0.0,0.0,0.0,0,6203.0
http,SF,268,3767,1,0.0,0.0,1.0,0.0,0.07,0.02,0.01,0,121241.0
private,S0,0,0,0,1.0,1.0,0.08,0.08,0.0,1.0,1.0,1,114456.0
domain_u,SF,44,44,0,0.0,0.0,1.0,0.0,0.0,0.0,0.0,0,69044.0
http,SF,209,1635,1,0.0,0.0,1.0,0.0,0.04,0.01,0.0,0,49517.0
efs,REJ,0,0,0,0.0,0.0,0.08,0.06,0.0,0.0,0.0,1,51571.0
smtp,SF,1511,332,1,0.0,0.0,1.0,0.0,0.01,0.01,0.0,0,72855.0
http,SF,339,279,1,0.0,0.0,1.0,0.0,0.0,0.0,0.0,0,18312.0
ftp_data,S0,0,0,0,1.0,1.0,0.17,0.33,0.0,0.99,1.0,1,92816.0
domain_u,SF,17,17,0,0.0,0.0,1.0,0.0,0.0,0.0,0.0,0,89381.0
link,REJ,0,0,0,0.0,0.0,0.01,0.07,0.0,0.0,0.0,1,62700.0
ftp_data,SF,9,0,1,0.0,0.0,1.0,0.0,0.0,0.27,0.0,0,53814.0
bgp,S0,0,0,0,1.0,1.0,0.07,0.06,0.0,1.0,1.0,1,116989.0
supdup,S0,0,0,0,1.0,1.0,0.07,0.05,0.0,1.0,1.0,1,99983.0
http,SF,305,3222,1,0.0,0.0,1.0,0.0,0.0,0.0,0.01,0,16672.0
private,S0,0,0,0,1.0,1.0,0.02,0.06,0.0,1.0,1.0,1,120792.0
http,SF,192,2241,1,0.0,0.0,1.0,0.0,0.0,0.0,0.0,0,122252.0
private,S0,0,0,0,1.0,1.0,0.15,0.05,0.0,1.0,1.0,1,51403.0
finger,S0,0,0,0,0.97,0.89,0.26,0.16,0.0,1.0,1.0,1,108088.0
http,SF,323,3198,1,0.0,0.0,1.0,0.0,0.0,0.0,0.0,0,14568.0
private,RSTR,0,0,0,0.0,0.0,1.0,0.0,0.0,0.04,0.0,1,76540.0
http,SF,291,1862,1,0.0,0.0,1.0,0.0,0.05,0.0,0.01,0,41101.0
private,S0,0,0,0,1.0,1.0,0.1,0.06,0.0,1.0,1.0,1,6984.0
private,REJ,0,0,0,0.0,0.0,0.17,0.06,0.0,0.0,0.0,1,42991.0
domain_u,SF,46,77,0,0.0,0.0,1.0,0.0,0.0,0.0,0.0,0,68306.0
private,S0,0,0,0,1.0,1.0,0.03,0.06,0.0,1.0,1.0,1,55164.0
private,SF,105,145,0,0.0,0.0,0.14,0.29,0.0,0.0,0.0,0,49806.0
vmnet,S0,0,0,0,1.0,1.0,0.01,0.06,0.0,1.0,1.0,1,86370.0
http,SF,387,716,1,0.0,0.0,1.0,0.0,0.01,0.0,0.0,0,54763.0
http,SF,201,2435,1,0.0,0.0,1.0,0.0,0.0,0.0,0.0,0,1345.0
private,S0,0,0,0,1.0,1.0,0.1,0.06,0.0,1.0,1.0,1,88583.0
domain,S0,0,0,0,1.0,1.0,0.02,0.06,0.0,1.0,1.0,1,47929.0
name,S0,0,0,0,1.0,1.0,0.0,0.06,0.0,1.0,1.0,1,116212.0
ftp_data,SF,12286,0,1,0.0,0.0,1.0,0.0,0.04,0.0,0.0,0,94281.0
private,S0,0,0,0,1.0,1.0,0.02,0.06,0.0,1.0,1.0,1,5187.0
domain_u,SF,46,80,0,0.0,0.0,0.99,0.02,0.0,0.0,0.0,0,112955.0
ecr_i,SF,520,0,0,0.0,0.0,1.0,0.0,0.0,0.0,0.0,1,11681.0
domain_u,SF,46,46,0,0.0,0.0,1.0,0.0,0.0,0.0,0.0,0,7919.0
ecr_i,SF,1480,0,0,0.0,0.0,1.0,0.0,0.0,0.0,0.0,1,107291.0
http,SF,196,170,1,0.0,0.0,1.0,0.0,0.03,0.0,0.0,0,120051.0
supdup,S0,0,0,0,1.0,1.0,0.05,0.06,0.0,1.0,1.0,1,36193.0
other,SF,147,105,0,0.0,0.0,0.33,0.67,0.0,0.0,0.0,0,25288.0
http,SF,281,2947,1,0.0,0.0,1.0,0.0,0.07,0.0,0.0,0,99031.0
klogin,S0,0,0,0,1.0,1.0,0.07,0.06,0.0,1.0,1.0,1,3105.0
private,S0,0,0,0,1.0,1.0,0.07,0.05,0.0,1.0,1.0,1,59567.0
http,SF,217,33640,1,0.0,0.0,1.0,0.0,0.01,0.0,0.0,0,42370.0
http,SF,209,315,1,0.0,0.0,1.0,0.0,0.03,0.0,0.0,0,78084.0
domain_u,SF,43,131,0,0.0,0.0,1.0,0.0,0.0,0.0,0.0,0,19850.0
http,SF,143,376,1,0.0,0.0,1.0,0.0,0.02,0.0,0.0,0,114013.0
name,S0,0,0,0,1.0,1.0,0.05,0.06,0.0,1.0,1.0,1,60268.0
http,SF,192,5408,1,0.0,0.0,1.0,0.0,0.03,0.03,0.01,0,30207.0
netbios_ssn,S0,0,0,0,1.0,1.0,0.05,0.06,0.0,1.0,1.0,1,84570.0
domain_u,SF,43,72,0,0.0,0.0,1.0,0.0,0.0,0.0,0.0,0,31875.0
http,SF,256,3123,1,0.0,0.0,1.0,0.0,0.02,0.0,0.0,0,113377.0
domain_u,SF,45,45,0,0.0,0.0,1.0,0.0,0.0,0.0,0.0,0,91377.0
private,S0,0,0,0,1.0,1.0,0.06,0.07,0.0,1.0,1.0,1,103305.0
discard,S0,0,0,0,1.0,1.0,0.07,0.07,0.0,1.0,1.0,1,74749.0
efs,S0,0,0,0,1.0,1.0,0.05,0.06,0.0,1.0,1.0,1,98125.0
nnsp,S0,0,0,0,1.0,1.0,0.17,0.05,0.0,1.0,1.0,1,38071.0
http,SF,218,20131,1,0.0,0.0,1.0,0.0,0.01,0.0,0.0,0,24523.0
domain_u,SF,45,133,0,0.0,0.0,1.0,0.0,0.0,0.0,0.0,0,68530.0
http,SF,186,1560,1,0.0,0.0,1.0,0.0,0.02,0.0,0.0,0,100410.0
private,REJ,0,0,0,0.0,0.0,0.33,1.0,0.0,0.0,0.0,1,61162.0
kshell,S0,0,0,0,1.0,1.0,0.07,0.06,0.0,1.0,1.0,1,32445.0
http,SF,255,3314,1,0.0,0.0,1.0,0.0,0.04,0.0,0.0,0,38216.0
http,SF,381,216,1,0.0,0.0,1.0,0.0,0.02,0.0,0.0,0,125562.0
other,SF,147,0,0,0.0,0.0,1.0,0.0,0.0,0.0,0.0,0,65929.0
http,SF,217,1748,1,0.0,0.0,1.0,0.0,0.05,0.0,0.0,0,26844.0
private,SF,215,0,0,0.0,0.0,1.0,0.0,0.0,0.0,0.0,1,120450.0
http,SF,196,3282,1,0.0,0.0,1.0,0.0,0.0,0.0,0.0,0,355.0
daytime,S0,0,0,0,1.0,1.0,0.03,0.05,0.0,1.0,1.0,1,118989.0
http,REJ,0,0,0,0.0,0.0,1.0,0.0,0.21,0.0,0.0,0,65858.0
ftp_data,SF,259,0,1,0.0,0.0,1.0,0.0,0.0,0.0,0.0,0,98151.0
http,SF,231,4848,1,0.0,0.0,1.0,0.0,0.05,0.0,0.0,0,7626.0
smtp,S0,0,0,0,1.0,0.75,1.0,0.0,0.02,0.99,0.5,1,36879.0
http,SF,217,2826,1,0.0,0.0,1.0,0.0,0.0,0.0,0.0,0,28772.0
private,S0,0,0,0,1.0,1.0,0.05,0.06,0.0,1.0,1.0,1,72134.0
private,SF,105,146,0,0.0,0.0,1.0,0.0,0.0,0.0,0.0,0,42740.0
private,S0,0,0,0,1.0,1.0,0.13,0.06,0.0,1.0,1.0,1,40501.0
http,SF,292,2828,1,0.0,0.0,1.0,0.0,0.06,0.0,0.0,0,38520.0
ftp_data,SF,2194619,0,1,0.0,0.0,1.0,0.0,0.07,0.0,0.0,0,23378.0
http,SF,221,9668,1,0.0,0.0,1.0,0.0,0.07,0.0,0.0,0,66261.0
uucp,S0,0,0,0,1.0,1.0,0.13,0.06,0.0,1.0,1.0,1,36238.0
http,SF,332,1265,1,0.0,0.0,1.0,0.0,0.04,0.0,0.0,0,65377.0
domain_u,SF,42,127,0,0.0,0.0,1.0,0.0,0.0,0.0,0.0,0,104150.0
telnet,RSTO,194,3304,1,0.0,0.0,1.0,0.0,0.0,0.75,0.58,0,113594.0
private,S0,0,0,0,1.0,1.0,0.06,0.08,0.0,1.0,1.0,1,86366.0
private,REJ,0,0,0,0.0,0.0,0.14,0.05,0.0,0.0,0.0,1,106526.0
http,SF,297,1362,1,0.0,0.0,1.0,0.0,0.0,0.0,0.0,0,113874.0
private,S0,0,0,0,1.0,1.0,0.18,0.06,0.0,1.0,1.0,1,82598.0
private,REJ,0,0,0,0.0,0.0,0.06,0.06,0.0,0.0,0.0,1,8440.0
http,S1,259,11513,1,1.0,1.0,1.0,0.0,0.0,0.02,0.02,0,90466.0
http,SF,381,693,1,0.0,0.0,1.0,0.0,0.0,0.0,0.0,0,14924.0
http,REJ,0,0,0,0.0,0.0,1.0,0.0,0.16,0.0,0.0,0,91645.0
private,SF,105,145,0,0.0,0.0,1.0,0.0,0.0,0.0,0.0,0,87826.0
ftp,S0,0,0,0,1.0,1.0,0.14,0.04,0.0,1.0,1.0,1,122733.0
eco_i,SF,8,0,0,0.0,0.0,1.0,0.0,0.5,0.0,0.0,1,87401.0
smtp,SF,1240,343,1,0.0,0.0,1.0,0.0,0.01,0.0,0.0,0,100528.0
eco_i,SF,8,0,0,0.0,0.0,1.0,0.0,0.5,0.0,0.0,1,47744.0
smtp,SF,1246,375,1,0.0,0.0,1.0,0.0,0.01,0.0,0.01,0,105125.0
http,SF,312,1380,1,0.0,0.0,1.0,0.0,0.0,0.0,0.0,0,107808.0
private,S0,0,0,0,1.0,1.0,0.07,0.06,0.0,1.0,1.0,1,67664.0
private,S0,0,0,0,0.86,1.0,0.06,0.06,0.0,1.0,1.0,1,24678.0
http,SF,288,1830,1,0.0,0.0,1.0,0.0,0.05,0.0,0.0,0,117949.0
domain_u,SF,46,77,0,0.0,0.0,1.0,0.0,0.0,0.0,0.0,0,22039.0
smtp,SF,2061,335,1,0.0,0.0,1.0,0.0,0.01,0.0,0.0,0,16544.0
exec,S0,0,0,0,1.0,1.0,0.17,0.05,0.0,1.0,1.0,1,106003.0
ftp_data,SF,12,0,1,0.0,0.0,1.0,0.0,0.03,0.0,0.0,0,13285.0
eco_i,SF,8,0,0,0.0,0.0,1.0,0.0,0.53,0.0,0.0,1,68050.0
http,SF,247,3504,1,0.0,0.0,1.0,0.0,0.02,0.0,0.0,0,96948.0
private,REJ,0,0,0,0.0,0.0,0.5,1.0,0.0,0.0,0.0,1,96344.0
domain_u,SF,46,133,0,0.0,0.0,1.0,0.0,0.0,0.0,0.0,0,79650.0
gopher,REJ,0,0,0,0.0,0.0,0.03,0.06,0.0,0.0,0.0,1,57154.0
private,SF,1,0,0,0.0,0.0,0.2,0.06,0.0,0.0,0.0,1,64410.0
http,SF,332,481,1,0.0,0.0,1.0,0.0,0.0,0.0,0.0,0,22033.0
ecr_i,SF,1032,0,0,0.0,0.0,1.0,0.0,0.0,0.0,0.0,1,63452.0
smtp,SF,1875,331,1,0.0,0.0,1.0,0.0,0.01,0.0,0.0,0,102423.0
domain_u,SF,46,46,0,0.0,0.0,1.0,0.0,0.0,0.0,0.0,0,64898.0
domain_u,SF,45,73,0,0.0,0.0,1.0,0.0,0.0,0.0,0.0,0,68795.0
eco_i,SF,18,0,0,0.0,0.0,1.0,0.0,1.0,0.0,0.0,1,107173.0
eco_i,SF,8,0,0,0.0,0.0,1.0,0.0,0.5,0.0,0.0,1,27056.0
domain_u,SF,43,130,0,0.0,0.0,0.99,0.01,0.0,0.0,0.0,0,91866.0
http,REJ,0,0,0,0.0,0.0,1.0,0.0,0.14,0.0,0.0,0,70479.0
smtp,SF,870,330,1,0.0,0.0,1.0,0.0,0.02,0.0,0.01,0,103522.0
http_443,REJ,0,0,0,0.0,0.0,0.04,0.07,0.0,0.0,0.0,1,6458.0
http_443,S0,0,0,0,1.0,1.0,0.16,0.05,0.0,1.0,1.0,1,33644.0
ftp_data,SF,19,0,0,0.0,0.0,1.0,0.0,0.02,0.0,0.0,0,48423.0
daytime,S0,0,0,0,1.0,1.0,0.06,0.07,0.0,1.0,1.0,1,66924.0
domain_u,SF,36,0,0,0.0,0.0,1.0,0.0,0.06,0.0,0.0,0,34465.0
imap4,S0,0,0,0,1.0,1.0,0.09,0.06,0.0,1.0,1.0,1,94960.0
private,SF,105,147,0,0.0,0.0,1.0,0.0,0.0,0.0,0.0,0,61689.0
auth,SF,13,40,0,0.0,0.0,1.0,0.0,0.12,0.0,0.0,0,70951.0
http,SF,277,1274,1,0.0,0.0,1.0,0.0,0.0,0.0,0.0,0,96727.0
uucp_path,REJ,0,0,0,0.0,0.0,0.07,0.07,0.0,0.0,0.0,1,9009.0
Z39_50,RSTR,0,0,0,0.0,0.0,0.01,0.52,0.0,0.0,0.0,1,68193.0
ftp_data,SF,6601,0,0,0.0,0.0,1.0,0.0,0.0,0.0,0.0,0,67851.0
eco_i,SF,8,0,0,0.0,0.0,1.0,0.0,0.52,0.0,0.0,1,121812.0
efs,S0,0,0,0,1.0,1.0,0.05,0.06,0.0,1.0,1.0,1,107251.0
private,S0,0,0,0,1.0,1.0,0.07,0.06,0.0,1.0,1.0,1,34876.0
domain_u,SF,45,73,0,0.0,0.0,1.0,0.0,0.0,0.0,0.0,0,81496.0
http,SF,316,397,1,0.0,0.0,1.0,0.0,0.04,0.0,0.0,0,37482.0
vmnet,S0,0,0,0,1.0,1.0,0.03,0.06,0.0,1.0,1.0,1,72670.0
domain_u,SF,46,132,0,0.0,0.0,1.0,0.0,0.0,0.0,0.0,0,41375.0
private,SF,28,0,0,0.0,0.0,1.0,0.0,0.0,0.01,0.0,1,23377.0
domain_u,SF,42,42,0,0.0,0.0,1.0,0.0,0.01,0.29,0.0,0,120057.0
private,S0,0,0,0,1.0,1.0,0.0,0.06,0.0,1.0,1.0,1,50625.0
systat,S0,0,0,0,1.0,1.0,0.16,0.07,0.0,1.0,1.0,1,62270.0
ecr_i,SF,1032,0,0,0.0,0.0,1.0,0.0,0.0,0.0,0.0,1,102043.0
http,SF,314,1415,1,0.0,0.0,1.0,0.0,0.0,0.0,0.0,0,117503.0
whois,S0,0,0,0,1.0,1.0,0.13,0.06,0.0,1.0,1.0,1,120572.0
ftp_data,SF,374,0,1,0.0,0.0,1.0,0.0,0.02,0.02,0.0,0,82854.0
private,SF,1,0,0,0.0,0.0,1.0,0.0,0.0,0.02,0.0,1,40331.0
ftp,SF,286,903,1,0.0,0.0,1.0,0.0,0.0,0.0,0.0,0,21696.0
domain_u,SF,45,45,0,0.0,0.0,1.0,0.0,0.0,0.0,0.0,0,98496.0
private,S0,0,0,0,1.0,1.0,0.05,0.06,0.0,0.94,1.0,1,33593.0
time,S0,0,0,0,1.0,1.0,0.0,0.06,0.0,1.0,1.0,1,19863.0
private,S0,0,0,0,1.0,1.0,0.04,0.06,0.0,1.0,1.0,1,36349.0
ftp_data,SF,13239,0,0,0.0,0.0,1.0,0.0,0.05,0.0,0.0,0,66170.0
http,SF,272,4841,1,0.0,0.0,1.0,0.0,0.03,0.0,0.0,0,1364.0
http,SF,220,2759,1,0.0,0.0,1.0,0.0,0.03,0.0,0.0,0,80271.0
ftp_data,S0,0,0,0,1.0,1.0,0.02,0.06,0.0,1.0,1.0,1,117693.0
ftp_data,SF,1010,0,0,0.0,0.0,1.0,0.0,0.0,0.0,0.0,0,115522.0
private,S0,0,0,0,1.0,1.0,0.06,0.06,0.0,1.0,1.0,1,96312.0
http,SF,166,8561,1,0.0,0.0,1.0,0.0,0.02,0.0,0.0,0,23387.0
http,REJ,0,0,0,0.0,0.0,1.0,0.0,0.2,0.0,0.0,0,106046.0
smtp,S2,12249,1400,1,1.0,0.5,1.0,0.0,0.01,0.03,0.01,0,24837.0
ftp,SF,886,2586,1,0.0,0.0,1.0,0.0,0.0,0.0,0.0,0,42679.0
ftp_data,SF,252,0,1,0.0,0.0,1.0,0.0,0.07,0.0,0.0,0,57549.0
ftp_data,SF,11,0,1,0.0,0.0,1.0,0.0,0.04,0.04,0.01,0,102851.0
other,SF,146,105,0,0.0,0.0,1.0,0.0,0.0,0.0,0.0,0,76894.0
smtp,SF,1143,332,1,0.0,0.0,1.0,0.0,0.0,0.0,0.0,0,98477.0
private,REJ,0,0,0,0.0,0.0,0.06,0.06,0.0,0.0,0.0,1,118492.0
echo,RSTOS0,0,0,0,0.0,0.0,1.0,0.0,0.0,0.0,0.0,1,33789.0
uucp_path,S0,0,0,0,1.0,1.0,0.03,0.06,0.0,1.0,1.0,1,37466.0
ecr_i,SF,520,0,0,0.0,0.0,1.0,0.0,0.0,0.0,0.0,1,103533.0
ftp_data,SF,373,0,1,0.0,0.0,1.0,0.0,0.02,0.0,0.0,0,24682.0
http,SF,320,3533,1,0.0,0.0,1.0,0.0,0.04,0.0,0.0,0,99661.0
telnet,S0,0,0,0,1.0,1.0,0.01,0.06,0.0,1.0,1.0,1,76447.0
domain_u,SF,34,88,0,0.0,0.0,1.0,0.0,0.0,0.0,0.0,0,95518.0
private,S0,0,0,0,1.0,1.0,0.08,0.06,0.0,1.0,1.0,1,66439.0
ecr_i,SF,520,0,0,0.0,0.0,1.0,0.0,0.0,0.0,0.0,1,17127.0
http,SF,287,673,1,0.0,0.0,1.0,0.0,0.02,0.0,0.0,0,124515.0
private,RSTR,1,0,0,0.0,0.0,1.0,0.0,0.0,0.0,0.0,1,36319.0
other,SF,146,105,0,0.0,0.0,1.0,0.0,0.0,0.0,0.0,0,57851.0
kshell,S0,0,0,0,1.0,1.0,0.08,0.06,0.0,1.0,1.0,1,23470.0
http,SF,307,1242,1,0.0,0.0,1.0,0.0,0.06,0.0,0.0,0,45308.0
courier,S0,0,0,0,1.0,1.0,0.06,0.06,0.0,1.0,1.0,1,46546.0
http,REJ,0,0,0,0.0,0.0,1.0,0.0,0.17,0.0,0.0,0,89091.0
smtp,SF,1696,330,1,0.0,0.0,1.0,0.0,0.01,0.0,0.01,0,48078.0
ftp_data,SF,383,0,1,0.0,0.0,1.0,0.0,0.0,0.0,0.0,0,74361.0
smtp,S0,0,0,0,1.0,1.0,1.0,0.0,0.01,0.99,0.64,1,78077.0
http,SF,308,1075,1,0.0,0.0,1.0,0.0,0.0,0.01,0.01,0,50517.0
ftp_data,SF,641,0,0,0.0,0.0,1.0,0.0,0.0,0.0,0.0,0,102203.0
telnet,RSTO,0,15,0,0.0,0.0,1.0,0.0,0.13,0.0,0.07,1,88585.0
domain_u,SF,44,44,0,0.0,0.0,1.0,0.0,0.0,0.0,0.0,0,16647.0
http,SF,341,279,1,0.0,0.0,1.0,0.0,0.0,0.0,0.0,0,100347.0
http,REJ,0,0,0,0.0,0.0,1.0,0.0,0.03,0.0,0.0,0,113348.0
ctf,REJ,0,0,0,0.0,0.0,0.02,0.07,0.0,0.0,0.0,1,107200.0
ecr_i,SF,520,0,0,0.0,0.0,1.0,0.0,0.0,0.0,0.0,1,32733.0
eco_i,SF,18,0,0,0.0,0.0,0.5,1.0,0.25,0.0,0.0,1,49654.0
http,SF,210,1395,1,0.0,0.0,1.0,0.0,0.0,0.0,0.0,0,75945.0
http,SF,291,2696,1,0.0,0.0,1.0,0.0,0.0,0.0,0.0,0,109483.0
http,SF,207,1705,1,0.0,0.0,1.0,0.0,0.04,0.0,0.0,0,30374.0
private,S0,0,0,0,1.0,1.0,0.08,0.06,0.0,1.0,1.0,1,84145.0
other,S0,0,0,0,0.24,1.0,0.0,1.0,0.0,0.16,1.0,1,30523.0
http,SF,294,10514,1,0.0,0.0,1.0,0.0,0.03,0.0,0.0,0,45257.0
discard,RSTO,0,0,0,0.0,0.0,0.05,0.06,0.0,0.0,0.0,1,9206.0
imap4,S0,0,0,0,1.0,1.0,0.06,0.07,0.0,1.0,1.0,1,52405.0
private,S0,0,0,0,1.0,1.0,0.09,0.06,0.0,1.0,1.0,1,23884.0
http,SF,303,15574,1,0.0,0.0,1.0,0.0,0.03,0.0,0.0,0,32248.0
other,REJ,0,0,0,0.07,0.0,0.0,1.0,0.0,0.02,0.0,1,9655.0
other,SF,147,105,0,0.0,0.0,1.0,0.0,0.0,0.0,0.0,0,83125.0
domain_u,SF,31,91,0,0.0,0.0,1.0,0.0,0.04,0.0,0.0,0,48587.0
private,S0,0,0,0,1.0,1.0,0.03,0.07,0.0,1.0,1.0,1,45642.0
domain_u,SF,44,70,0,0.0,0.0,1.0,0.0,0.0,0.0,0.0,0,114286.0
http,SF,296,736,1,0.0,0.0,1.0,0.0,0.03,0.0,0.0,0,104174.0
ftp,RSTO,0,0,0,0.0,0.0,0.01,0.07,0.0,0.0,0.0,1,80644.0
finger,S0,0,0,0,1.0,1.0,0.02,0.08,0.0,1.0,1.0,1,38479.0
whois,S0,0,0,0,1.0,1.0,0.07,0.05,0.0,1.0,1.0,1,80164.0
ftp_data,SF,567,0,1,0.0,0.0,0.33,0.67,0.0,0.0,0.0,0,17961.0
http,SF,208,757,1,0.0,0.0,1.0,0.0,0.05,0.0,0.0,0,94666.0
eco_i,SF,8,0,0,0.0,0.0,1.0,0.0,0.5,0.0,0.0,1,118065.0
http,SF,325,1044,1,0.0,0.0,1.0,0.0,0.0,0.0,0.0,0,86252.0
eco_i,SF,8,0,0,0.0,0.0,1.0,0.0,0.5,0.0,0.0,1,105743.0
http,SF,329,707,1,0.0,0.0,1.0,0.0,0.0,0.0,0.0,0,123463.0
http,SF,226,1245,1,0.0,0.0,1.0,0.0,0.03,0.0,0.0,0,87597.0
other,REJ,0,0,0,0.1,0.0,0.0,1.0,0.0,0.09,0.0,1,47108.0
smtp,SF,769,331,1,0.0,0.0,1.0,0.0,0.01,0.0,0.0,0,64500.0
vmnet,S0,0,0,0,1.0,1.0,0.09,0.05,0.0,1.0,1.0,1,110873.0
http,SF,346,1551,1,0.0,0.0,1.0,0.0,0.0,0.0,0.0,0,120025.0
private,REJ,0,0,0,0.0,0.0,0.14,0.06,0.0,0.0,0.0,1,3243.0
http,SF,296,1416,1,0.0,0.0,1.0,0.0,0.01,0.0,0.0,0,33683.0
http,SF,219,406,1,0.0,0.02,1.0,0.0,0.0,0.0,0.0,0,90673.0
http,SF,303,2239,1,0.0,0.0,1.0,0.0,0.0,0.0,0.0,0,7416.0
http,SF,256,1151,1,0.0,0.0,1.0,0.0,0.0,0.0,0.0,0,20735.0
private,S0,0,0,0,1.0,1.0,0.06,0.06,0.0,1.0,1.0,1,103186.0
daytime,S0,0,0,0,1.0,1.0,0.04,0.06,0.0,1.0,1.0,1,96815.0
private,S0,0,0,0,1.0,1.0,0.02,0.06,0.0,1.0,1.0,1,104979.0
smtp,SF,861,328,1,0.0,0.0,1.0,0.0,0.02,0.0,0.0,0,2169.0
systat,REJ,0,0,0,0.0,0.0,0.06,0.06,0.0,0.0,0.0,1,46395.0
ftp_data,SF,334,0,1,0.0,0.0,1.0,0.0,0.13,0.0,0.0,1,56410.0
eco_i,SF,8,0,0,0.0,0.0,1.0,0.0,0.5,0.0,0.0,1,73858.0
smtp,SF,1232,328,1,0.0,0.0,0.11,0.22,0.0,0.0,0.0,0,108926.0
private,S0,0,0,0,1.0,1.0,0.06,0.06,0.0,1.0,1.0,1,56060.0
http,SF,237,593,1,0.0,0.0,1.0,0.0,0.0,0.0,0.0,0,103245.0
http,SF,311,18050,1,0.0,0.0,1.0,0.0,0.07,0.0,0.01,0,113190.0
http,S0,0,0,0,1.0,1.0,0.4,0.4,0.0,1.0,1.0,1,20784.0
private,S0,0,0,0,1.0,1.0,0.09,0.06,0.0,1.0,1.0,1,90596.0
http,SF,244,310,1,0.0,0.0,1.0,0.0,0.0,0.0,0.0,0,92313.0
domain_u,SF,44,113,0,0.0,0.0,1.0,0.0,0.0,0.0,0.0,0,54388.0
http,SF,203,283,1,0.0,0.0,1.0,0.0,0.02,0.0,0.0,0,64024.0
ftp_data,SF,15722,0,1,0.0,0.0,1.0,0.0,0.02,0.0,0.0,0,87309.0
private,S0,0,0,0,1.0,1.0,0.05,0.06,0.0,1.0,1.0,1,114634.0
supdup,S0,0,0,0,1.0,1.0,0.03,0.07,0.0,1.0,1.0,1,93486.0
private,S0,0,0,0,1.0,1.0,0.04,0.06,0.0,1.0,1.0,1,122218.0
http,SF,249,608,1,0.0,0.0,1.0,0.0,0.04,0.0,0.0,0,45618.0
private,REJ,0,0,0,0.0,0.0,1.0,0.0,0.0,0.0,0.0,1,109287.0
time,S0,0,0,0,1.0,1.0,0.06,0.06,0.0,1.0,1.0,1,15822.0
http,SF,215,38117,1,0.0,0.0,1.0,0.0,0.03,0.0,0.0,0,116133.0
domain_u,SF,43,127,0,0.0,0.0,1.0,0.0,0.0,0.0,0.0,0,55635.0
finger,SF,6,137,0,0.0,0.0,1.0,0.0,0.0,0.0,0.0,0,97999.0
http,SF,209,3002,1,0.0,0.0,1.0,0.0,0.05,0.0,0.0,0,102991.0
http,SF,266,5377,1,0.0,0.0,1.0,0.0,0.04,0.0,0.0,0,70560.0
http,SF,327,188,1,0.0,0.0,1.0,0.0,0.02,0.06,0.0,0,105239.0
whois,S0,0,0,0,1.0,1.0,0.03,0.06,0.0,1.0,1.0,1,31884.0
private,SF,28,0,0,0.0,0.0,1.0,0.0,0.0,0.0,0.0,1,859.0
http,SF,223,10378,1,0.0,0.0,1.0,0.0,0.0,0.0,0.0,0,115106.0
smtp,SF,2168,402,1,0.0,0.0,1.0,0.0,0.0,0.92,0.0,0,29164.0
http,SF,209,770,1,0.0,0.0,1.0,0.0,0.0,0.0,0.0,0,108164.0
private,S0,0,0,0,1.0,1.0,0.05,0.08,0.0,1.0,1.0,1,56518.0
finger,S0,0,0,0,1.0,1.0,1.0,0.0,1.0,1.0,1.0,0,47492.0
http,SF,213,5586,1,0.0,0.0,1.0,0.0,0.05,0.0,0.0,0,62684.0
uucp_path,S0,0,0,0,1.0,1.0,0.01,0.06,0.0,1.0,1.0,1,26162.0
http,SF,210,2446,1,0.0,0.0,1.0,0.0,0.02,0.01,0.0,0,5748.0
private,S0,0,0,0,1.0,1.0,0.05,0.06,0.0,1.0,1.0,1,42765.0
Z39_50,S0,0,0,0,1.0,1.0,0.09,0.05,0.0,1.0,1.0,1,38881.0
http,SF,327,650,1,0.0,0.0,1.0,0.0,0.01,0.0,0.0,0,11128.0
smtp,SF,2142,331,1,0.0,0.0,1.0,0.0,0.02,0.0,0.0,0,18056.0
other,SF,516,4,0,0.0,0.0,1.0,0.0,0.0,0.0,0.0,0,98668.0
other,SF,147,105,0,0.0,0.0,1.0,0.0,0.0,0.0,0.0,0,108707.0
ftp,SF,1168,2445,1,0.0,0.0,1.0,0.0,0.0,0.02,0.0,1,78253.0
auth,S0,0,0,0,1.0,1.0,0.02,0.07,0.0,1.0,1.0,1,47786.0
ssh,S0,0,0,0,1.0,1.0,0.13,0.06,0.0,1.0,1.0,1,15011.0
domain_u,SF,44,74,0,0.0,0.0,1.0,0.0,0.0,0.0,0.0,0,17690.0
courier,S0,0,0,0,1.0,1.0,0.17,0.05,0.0,1.0,1.0,1,84072.0
remote_job,S0,0,0,0,0.78,1.0,0.01,0.38,0.0,0.24,1.0,1,101244.0
http,SF,224,309,1,0.0,0.0,1.0,0.0,0.16,0.0,0.0,0,104078.0
private,REJ,0,0,0,0.09,0.0,0.01,1.0,0.0,0.03,0.0,1,109935.0
private,S0,0,0,0,1.0,1.0,0.09,0.06,0.0,1.0,1.0,1,80454.0
ecr_i,SF,1032,0,0,0.0,0.0,1.0,0.0,0.0,0.0,0.0,1,315.0
exec,RSTO,0,0,0,0.0,0.0,0.07,0.07,0.0,0.0,0.0,1,118714.0
finger,S0,0,0,0,1.0,1.0,0.02,0.06,0.0,1.0,1.0,1,124280.0
smtp,SF,844,334,1,0.0,0.0,1.0,0.0,0.02,0.01,0.02,0,22930.0
http,RSTO,159,0,1,0.0,0.0,1.0,0.0,0.0,0.0,0.0,0,10986.0
http,S0,0,0,0,1.0,1.0,0.32,0.14,0.0,1.0,1.0,1,83392.0
ftp_data,SF,246,0,1,0.0,0.0,0.5,1.0,0.0,0.02,0.05,1,6477.0
bgp,S0,0,0,0,1.0,1.0,0.22,0.33,0.0,1.0,1.0,1,871.0
smtp,SF,3053,329,1,0.0,0.0,1.0,0.0,0.02,0.0,0.0,0,89195.0
courier,S0,0,0,0,1.0,1.0,0.1,0.06,0.0,1.0,1.0,1,73656.0
ctf,S0,0,0,0,1.0,1.0,0.03,0.06,0.0,1.0,1.0,1,120050.0
smtp,SF,963,325,1,0.0,0.0,1.0,0.0,0.01,0.0,0.01,0,14255.0
http,SF,247,6534,1,0.0,0.0,1.0,0.0,0.0,0.0,0.0,0,41763.0
other,SF,145,105,0,0.0,0.0,1.0,0.0,0.0,0.0,0.0,0,77101.0
http,SF,195,7121,1,0.0,0.0,1.0,0.0,0.02,0.0,0.0,0,47644.0
other,SF,147,105,0,0.0,0.0,1.0,0.0,0.0,0.0,0.0,0,45714.0
http,SF,226,1091,1,0.0,0.0,1.0,0.0,0.0,0.0,0.0,0,98313.0
http,SF,242,15360,1,0.0,0.0,1.0,0.0,0.07,0.0,0.0,0,10057.0
private,SF,28,0,0,0.0,0.0,1.0,0.0,0.0,0.0,0.0,1,17095.0
http,SF,230,9534,1,0.0,0.0,1.0,0.0,0.0,0.0,0.0,0,50906.0
http,SF,205,1721,1,0.0,0.0,1.0,0.0,0.01,0.0,0.0,0,91619.0
eco_i,SF,8,0,0,0.0,0.0,1.0,0.0,0.25,0.0,0.0,1,11265.0
http,S0,0,0,0,1.0,1.0,0.75,0.38,0.0,0.98,1.0,1,66789.0
ftp_data,SF,59,0,0,0.0,0.0,1.0,0.0,0.0,0.0,0.0,0,90244.0
smtp,SF,1353,330,1,0.0,0.0,0.5,1.0,0.0,0.01,0.02,0,15126.0
finger,RSTO,0,0,0,0.0,0.0,0.07,0.06,0.0,0.0,0.0,1,1929.0
http,SF,321,867,1,0.0,0.0,1.0,0.0,0.02,0.0,0.0,0,15705.0
smtp,SF,2476,387,1,0.5,0.0,0.5,1.0,0.0,0.85,0.0,0,12240.0
http,SF,235,618,1,0.0,0.0,1.0,0.0,0.01,0.0,0.0,0,32380.0
http,SF,315,4686,1,0.0,0.0,1.0,0.0,0.04,0.0,0.0,0,81000.0
smtp,SF,890,339,1,0.0,0.0,0.5,1.0,0.01,0.0,0.01,0,121409.0
auth,S0,0,0,0,1.0,1.0,0.07,0.05,0.0,1.0,1.0,1,46168.0
http,SF,224,324,1,0.0,0.0,1.0,0.0,0.02,0.0,0.01,0,106099.0
eco_i,SF,18,0,0,0.0,0.0,1.0,0.0,1.0,0.0,0.0,1,10337.0
private,SF,1,0,0,0.0,0.0,0.12,0.1,0.0,0.0,0.0,1,28220.0
private,S0,0,0,0,1.0,1.0,0.03,0.06,0.0,1.0,1.0,1,107025.0
whois,S0,0,0,0,1.0,1.0,0.07,0.06,0.0,1.0,1.0,1,2504.0
domain_u,SF,46,78,0,0.0,0.0,1.0,0.0,0.0,0.0,0.0,0,38603.0
private,REJ,0,0,0,0.11,0.0,0.0,1.0,0.0,0.1,0.0,1,49235.0
domain_u,SF,42,42,0,0.0,0.0,1.0,0.0,0.01,0.12,0.0,0,19134.0
domain_u,SF,46,75,0,0.0,0.0,1.0,0.0,0.0,0.0,0.0,0,34171.0
domain_u,SF,42,42,0,0.0,0.0,1.0,0.0,0.0,0.0,0.0,0,87930.0
http,SF,212,6261,1,0.0,0.0,1.0,0.0,0.02,0.02,0.0,0,93512.0
smtp,SF,1455,281,1,0.0,0.0,1.0,0.0,0.01,0.0,0.0,0,33533.0
private,S0,0,0,0,1.0,1.0,0.04,0.05,0.0,0.99,1.0,1,58625.0
smtp,SF,2972,332,1,0.0,0.0,1.0,0.0,0.01,0.0,0.0,0,98992.0
smtp,SF,1378,333,1,0.0,0.0,1.0,0.0,0.01,0.0,0.0,0,80421.0
iso_tsap,S0,0,0,0,1.0,1.0,0.05,0.06,0.0,1.0,1.0,1,111916.0
ecr_i,SF,1032,0,0,0.0,0.0,1.0,0.0,0.0,0.2,0.0,1,96768.0
http,SF,281,417,1,0.0,0.0,1.0,0.0,0.01,0.0,0.0,0,83069.0
klogin,S0,0,0,0,1.0,1.0,0.11,0.05,0.0,1.0,1.0,1,22549.0
http,SF,203,863,1,0.0,0.0,1.0,0.0,0.02,0.0,0.0,0,84824.0
http,SF,301,2698,1,0.0,0.0,1.0,0.0,0.0,0.0,0.0,0,123570.0
http,SF,314,6946,1,0.0,0.0,1.0,0.0,0.06,0.0,0.0,0,2822.0
domain_u,SF,44,137,0,0.0,0.0,1.0,0.0,0.0,0.0,0.0,0,66069.0
http,REJ,0,0,0,0.0,0.0,1.0,0.0,0.17,0.0,0.0,0,58879.0
domain_u,SF,42,42,0,0.0,0.0,1.0,0.0,0.0,0.0,0.0,0,40864.0
smtp,SF,1996,285,1,0.0,0.0,1.0,0.0,0.02,0.0,0.0,0,7547.0
smtp,SF,1439,333,1,0.0,0.0,1.0,0.0,0.0,0.0,0.0,0,107695.0
smtp,S0,0,0,0,1.0,0.67,1.0,0.0,0.02,0.99,0.5,1,18521.0
other,RSTR,1,0,0,0.0,0.0,1.0,0.0,0.0,0.0,0.0,1,8051.0
private,S0,0,0,0,1.0,1.0,0.12,0.06,0.0,1.0,1.0,1,92836.0
ecr_i,SF,1032,0,0,0.0,0.0,1.0,0.0,0.0,0.0,0.0,1,29194.0
http,SF,265,14509,1,0.0,0.0,1.0,0.0,0.03,0.0,0.0,0,93533.0
http,SF,213,1108,1,0.33,0.33,1.0,0.0,0.01,0.01,0.0,0,87356.0
ftp_data,SF,383,0,0,0.0,0.0,1.0,0.0,0.0,0.0,0.0,0,4497.0
domain_u,SF,45,128,0,0.0,0.0,1.0,0.0,0.0,0.0,0.0,0,95234.0
ssh,SF,651,9615,1,0.0,0.0,1.0,0.0,0.0,0.0,0.0,0,40748.0
mtp,S0,0,0,0,1.0,1.0,0.01,0.07,0.0,1.0,1.0,1,24808.0
domain_u,SF,46,142,0,0.0,0.0,1.0,0.0,0.0,0.0,0.0,0,108975.0
other,SF,1,0,0,0.0,0.0,0.08,0.25,0.0,0.0,0.0,1,19230.0
http,S1,190,20440,1,0.33,0.33,1.0,0.0,0.03,0.03,0.0,0,45352.0
domain,S0,0,0,0,1.0,1.0,0.07,0.06,0.0,1.0,1.0,1,20099.0
private,S0,0,0,0,1.0,1.0,0.02,0.07,0.0,0.94,1.0,1,32837.0
eco_i,SF,30,0,0,0.0,0.0,1.0,0.0,0.48,0.0,0.0,0,123773.0
http,SF,257,755,1,0.0,0.0,1.0,0.0,0.0,0.0,0.0,0,64702.0
http,SF,229,309,1,0.0,0.0,1.0,0.0,0.01,0.0,0.0,0,41124.0
smtp,SF,711,328,1,0.0,0.0,1.0,0.0,0.0,0.0,0.0,0,30855.0
hostnames,S0,0,0,0,1.0,1.0,0.06,0.07,0.0,1.0,1.0,1,838.0
echo,S0,0,0,0,1.0,1.0,0.16,0.07,0.0,1.0,1.0,1,58998.0
http,SF,212,5989,1,0.0,0.0,1.0,0.0,0.0,0.0,0.0,0,73793.0
http,SF,243,7432,1,0.0,0.0,1.0,0.0,0.02,0.0,0.0,0,20608.0
http,SF,254,268,1,0.0,0.0,1.0,0.0,0.0,0.0,0.0,0,89815.0
eco_i,SF,8,0,0,0.0,0.0,1.0,0.0,0.51,0.0,0.0,1,39560.0
domain_u,SF,44,76,0,0.0,0.0,0.99,0.01,0.0,0.0,0.0,0,74824.0
private,SF,105,105,0,0.0,0.0,0.14,0.29,0.0,0.0,0.0,0,77305.0
eco_i,SF,8,0,0,0.0,0.0,1.0,0.0,0.5,0.0,0.0,1,98203.0
private,S0,0,0,0,0.99,1.0,0.07,0.07,0.0,1.0,1.0,1,35091.0
http,SF,221,771,1,0.0,0.0,1.0,0.0,0.03,0.0,0.0,0,59849.0
klogin,REJ,0,0,0,0.0,0.0,0.14,0.06,0.0,0.0,0.0,1,9443.0
http,SF,301,6529,1,0.0,0.0,1.0,0.0,0.01,0.0,0.0,0,28915.0
http,SF,226,5866,1,0.0,0.0,1.0,0.0,0.05,0.0,0.0,0,54646.0
other,SF,146,105,0,0.0,0.0,1.0,0.0,0.0,0.0,0.0,0,32624.0
uucp,RSTO,0,0,0,0.0,0.0,0.03,0.08,0.0,0.0,0.0,1,122851.0
http,SF,235,2507,1,0.0,0.0,1.0,0.0,0.0,0.0,0.0,0,97118.0
finger,SF,9,171,0,0.0,0.0,1.0,0.0,0.6,0.0,0.0,0,38762.0
hostnames,S0,0,0,0,1.0,1.0,0.06,0.06,0.0,1.0,1.0,1,78289.0
http,SF,146,30113,1,0.0,0.0,1.0,0.0,0.0,0.0,0.0,0,91926.0
domain_u,SF,46,123,0,0.0,0.0,0.99,0.02,0.0,0.0,0.0,0,81561.0
auth,S0,0,0,0,1.0,1.0,0.05,0.06,0.0,1.0,1.0,1,78067.0
eco_i,SF,8,0,0,0.0,0.0,1.0,0.0,0.25,0.0,0.0,1,69994.0
courier,S0,0,0,0,1.0,1.0,0.03,0.06,0.0,1.0,1.0,1,73398.0
http,SF,247,499,1,0.0,0.0,1.0,0.0,0.02,0.0,0.0,0,117813.0
private,SF,105,146,0,0.0,0.0,0.33,0.33,0.0,0.0,0.0,0,64394.0
private,S0,0,0,0,1.0,1.0,0.09,0.05,0.0,1.0,1.0,1,81441.0
smtp,RSTO,0,0,0,0.0,0.0,0.06,0.06,0.0,0.0,0.0,1,17163.0
ftp_data,SF,5319,0,1,0.0,0.0,1.0,0.0,0.0,0.0,0.0,0,87075.0
iso_tsap,S0,0,0,0,1.0,1.0,0.01,0.06,0.0,1.0,1.0,1,19458.0
ftp,SF,1457,4152,1,0.0,0.0,1.0,0.0,0.0,0.0,0.0,0,76144.0
http,SF,214,663,1,0.0,0.0,1.0,0.0,0.03,0.0,0.0,0,4326.0
other,SF,145,105,0,0.0,0.0,1.0,0.0,0.0,0.0,0.0,0,98921.0
http,SF,239,362,1,0.0,0.0,1.0,0.0,0.0,0.0,0.0,0,36814.0
domain_u,SF,43,131,0,0.0,0.0,1.0,0.0,0.0,0.0,0.0,0,18331.0
login,S0,0,0,0,1.0,1.0,1.0,0.0,0.0,1.0,1.0,1,114343.0
daytime,S0,0,0,0,1.0,1.0,0.04,0.06,0.0,1.0,1.0,1,57724.0
ctf,S0,0,0,0,1.0,1.0,0.05,0.05,0.0,1.0,1.0,1,6033.0
http,SF,368,9864,1,0.0,0.0,1.0,0.0,0.02,0.01,0.0,0,114771.0
private,S0,0,0,0,1.0,1.0,0.12,0.06,0.0,1.0,1.0,1,23609.0
http,REJ,0,0,0,0.0,0.0,1.0,0.0,0.11,0.0,0.0,0,20976.0
ntp_u,SF,48,48,0,0.0,0.0,1.0,0.0,0.05,0.0,0.0,0,19935.0
uucp_path,S0,0,0,0,1.0,1.0,0.08,0.05,0.0,1.0,1.0,1,109340.0
eco_i,SF,18,0,0,0.0,0.0,1.0,0.0,0.25,0.0,0.0,1,5578.0
csnet_ns,S0,0,0,0,1.0,1.0,0.04,0.06,0.0,1.0,1.0,1,36676.0
http,SF,327,660,1,0.0,0.0,1.0,0.0,0.04,0.0,0.0,0,1478.0
http,S0,0,0,0,1.0,1.0,0.25,0.06,0.0,1.0,1.0,1,14485.0
http,SF,303,1512,1,0.0,0.0,1.0,0.0,0.01,0.01,0.01,0,21894.0
ctf,S0,0,0,0,1.0,1.0,0.04,0.06,0.0,1.0,1.0,1,80335.0
ftp_data,SF,852,0,1,0.0,0.0,1.0,0.0,0.0,0.33,0.43,0,57063.0
gopher,REJ,0,0,0,0.0,0.0,0.02,0.07,0.0,0.0,0.0,1,27902.0
http,RSTO,0,0,1,0.0,0.0,1.0,0.0,0.01,0.0,0.0,0,27303.0
http,SF,220,665,1,0.0,0.0,1.0,0.0,0.0,0.0,0.0,0,77685.0
http,SF,274,809,1,0.0,0.0,1.0,0.0,0.0,0.0,0.0,0,60513.0
http,SF,295,771,1,0.0,0.0,1.0,0.0,0.02,0.0,0.0,0,98961.0
private,SF,1,0,0,0.0,0.0,0.93,0.01,0.0,0.0,0.0,1,44331.0
daytime,S0,0,0,0,1.0,1.0,0.01,0.05,0.0,1.0,1.0,1,53865.0
domain_u,SF,45,76,0,0.0,0.0,1.0,0.0,0.0,0.0,0.0,0,85558.0
http,SF,356,554,1,0.0,0.0,1.0,0.0,0.04,0.0,0.0,0,79045.0
smtp,SF,642,331,1,0.0,0.0,1.0,0.0,0.0,0.01,0.01,0,12436.0
other,SF,4316,0,1,0.0,0.0,0.08,0.92,0.0,0.0,0.0,0,43226.0
private,REJ,0,0,0,0.0,0.0,0.08,0.07,0.0,0.0,0.0,1,43826.0
supdup,S0,0,0,0,1.0,1.0,0.07,0.05,0.0,1.0,1.0,1,26685.0
private,REJ,0,0,0,0.0,0.0,0.04,1.0,0.0,0.0,0.0,1,86398.0
domain_u,SF,42,42,0,0.0,0.0,1.0,0.0,0.0,0.0,0.0,0,17925.0
domain_u,SF,43,130,0,0.0,0.0,1.0,0.0,0.0,0.0,0.0,0,80625.0
ftp_data,SF,2194619,0,1,0.0,0.0,1.0,0.0,0.04,0.0,0.0,0,3623.0
echo,S0,0,0,0,1.0,1.0,0.08,0.07,0.0,1.0,1.0,1,14777.0
sunrpc,RSTO,0,0,0,0.0,0.0,0.07,0.05,0.0,0.0,0.0,1,106005.0
time,RSTO,0,0,0,0.0,0.0,0.07,0.07,0.0,0.0,0.0,1,21581.0
gopher,S0,0,0,0,1.0,1.0,0.05,0.06,0.0,1.0,1.0,1,114223.0
ftp,SF,1250,2451,1,0.0,0.0,1.0,0.0,0.0,0.0,0.0,1,16790.0
domain,REJ,0,0,0,0.0,0.0,0.05,0.07,0.0,0.0,0.0,1,27091.0
http,SF,218,4582,1,0.0,0.0,1.0,0.0,0.06,0.0,0.0,0,62329.0
ftp_data,SF,740,0,1,0.0,0.0,1.0,0.0,0.06,0.0,0.0,0,14271.0
domain_u,SF,44,83,0,0.0,0.0,1.0,0.0,0.0,0.0,0.0,0,74083.0
private,S0,0,0,0,1.0,1.0,0.05,0.06,0.0,1.0,1.0,1,99039.0
http,SF,306,3222,1,0.0,0.0,1.0,0.0,0.0,0.0,0.0,0,35384.0
http,SF,325,753,1,0.0,0.0,1.0,0.0,0.0,0.0,0.0,0,90134.0
private,SF,105,146,0,0.0,0.0,1.0,0.0,0.0,0.0,0.0,0,32899.0
private,S0,0,0,0,1.0,1.0,0.05,0.05,0.0,0.92,1.0,1,92749.0
ftp_data,SF,641,0,1,0.0,0.0,1.0,0.0,0.0,0.0,0.0,0,105744.0
domain_u,SF,45,75,0,0.0,0.0,1.0,0.0,0.0,0.0,0.0,0,88926.0
discard,S0,0,0,0,1.0,1.0,0.08,0.05,0.0,1.0,1.0,1,32815.0
uucp_path,S0,0,0,0,1.0,1.0,0.02,0.06,0.0,1.0,1.0,1,46254.0
domain_u,SF,36,101,0,0.0,0.0,1.0,0.0,0.0,0.0,0.0,0,5964.0
ftp_data,SF,8325,0,0,0.0,0.0,1.0,0.0,0.0,0.0,0.0,0,4986.0
supdup,S0,0,0,0,1.0,1.0,0.06,0.06,0.0,1.0,1.0,1,76487.0
nnsp,S0,0,0,0,1.0,1.0,0.2,0.07,0.0,1.0,1.0,1,96234.0
domain_u,SF,44,133,0,0.0,0.0,1.0,0.0,0.0,0.0,0.0,0,69988.0
http,SF,229,6912,1,0.0,0.0,1.0,0.0,0.0,0.0,0.0,0,25201.0
http,SF,304,1364,1,0.0,0.0,1.0,0.0,0.02,0.0,0.0,0,50243.0
netbios_ssn,S0,0,0,0,1.0,1.0,0.05,0.07,0.0,1.0,1.0,1,121393.0
http,SF,0,11595,0,0.25,0.25,1.0,0.0,0.03,0.02,0.01,0,25868.0
http,SF,251,931,1,0.0,0.0,1.0,0.0,0.03,0.0,0.0,0,99222.0
http,SF,305,12821,1,0.0,0.0,1.0,0.0,0.05,0.0,0.0,0,63859.0
ftp_data,SF,567,0,0,0.0,0.0,1.0,0.0,0.05,0.0,0.0,0,300.0
domain,S0,0,0,0,1.0,1.0,0.06,0.06,0.0,1.0,1.0,1,54048.0
smtp,SF,1050,331,1,0.0,0.0,1.0,0.0,0.02,0.0,0.0,0,95538.0
http,SF,221,1813,1,0.0,0.0,1.0,0.0,0.04,0.0,0.0,0,110464.0
ftp_data,SF,334,0,1,0.0,0.0,1.0,0.0,0.13,0.0,0.0,1,41512.0
private,S0,0,0,0,1.0,1.0,0.01,0.08,0.0,1.0,1.0,1,74406.0
ecr_i,SF,1480,0,0,0.0,0.0,1.0,0.0,0.04,0.2,0.0,1,5625.0
gopher,S0,0,0,0,1.0,1.0,0.03,0.07,0.0,1.0,1.0,1,104253.0
http,SF,226,373,1,0.0,0.0,1.0,0.0,0.03,0.0,0.01,0,39411.0
other,RSTR,1,0,0,0.0,0.0,1.0,0.0,0.0,0.0,0.0,1,42793.0
private,REJ,0,0,0,0.0,0.0,0.16,0.05,0.0,0.0,0.0,1,59834.0
http,SF,322,248,1,0.0,0.0,1.0,0.0,0.02,0.0,0.0,0,25970.0
urp_i,SF,78,0,0,0.0,0.0,0.14,0.14,0.0,0.0,0.0,0,9430.0
time,S0,0,0,0,1.0,1.0,0.05,0.04,0.0,1.0,1.0,1,68727.0
vmnet,S0,0,0,0,1.0,1.0,0.04,0.05,0.0,1.0,1.0,1,112734.0
private,S0,0,0,0,1.0,1.0,0.02,0.06,0.0,1.0,1.0,1,125873.0
courier,S0,0,0,0,1.0,1.0,0.12,0.05,0.0,1.0,1.0,1,102604.0
private,S0,0,0,0,1.0,1.0,0.09,0.06,0.0,1.0,1.0,1,115716.0
http,SF,235,405,1,0.0,0.0,1.0,0.0,0.0,0.01,0.01,0,103208.0
smtp,SF,1414,335,1,0.0,0.0,1.0,0.0,0.01,0.0,0.0,0,62438.0
mtp,S0,0,0,0,1.0,1.0,0.01,0.06,0.0,1.0,1.0,1,87770.0
eco_i,SF,30,0,0,0.0,0.0,1.0,0.0,0.0,0.0,0.0,0,118818.0
http,SF,268,31108,1,0.0,0.0,1.0,0.0,0.02,0.0,0.0,0,73467.0
eco_i,SF,8,0,0,0.0,0.0,1.0,0.0,0.5,0.0,0.0,1,102226.0
private,REJ,0,0,0,0.0,0.0,0.04,0.06,0.0,0.0,0.0,1,87794.0
private,S0,0,0,0,1.0,1.0,0.08,0.05,0.0,1.0,1.0,1,123901.0
http,SF,255,458,1,0.0,0.0,1.0,0.0,0.0,0.0,0.0,0,81360.0
ssh,S0,0,0,0,1.0,1.0,0.0,0.06,0.0,1.0,1.0,1,44473.0
private,S0,0,0,0,1.0,1.0,0.05,0.06,0.0,1.0,1.0,1,91052.0
http,SF,213,2861,1,0.0,0.0,1.0,0.0,0.01,0.0,0.0,0,90799.0
private,S0,0,0,0,1.0,1.0,0.04,0.07,0.0,1.0,1.0,1,9558.0
telnet,S0,0,0,0,1.0,1.0,0.26,0.11,0.0,1.0,1.0,1,47163.0
ftp_data,SF,8737,0,1,0.0,0.0,1.0,0.0,0.04,0.03,0.02,0,26567.0
http_443,S0,0,0,0,1.0,1.0,0.14,0.06,0.0,1.0,1.0,1,6510.0
private,RSTR,1,0,0,0.0,0.0,1.0,0.0,0.0,0.0,0.0,1,13159.0
private,S0,0,0,0,1.0,1.0,0.11,0.06,0.0,1.0,1.0,1,28405.0
private,REJ,0,0,0,0.0,0.0,1.0,0.0,0.0,0.0,0.0,1,15175.0
domain_u,SF,45,134,0,0.0,0.0,1.0,0.0,0.0,0.0,0.0,0,26843.0
telnet,SF,254,7402,1,0.0,0.0,1.0,0.0,0.0,0.62,0.33,0,118758.0
other,REJ,0,0,0,0.02,0.0,0.0,1.0,0.0,0.03,0.0,1,101623.0
private,S0,0,0,0,1.0,1.0,0.27,0.18,0.0,1.0,1.0,1,112058.0
time,S0,0,0,0,1.0,1.0,0.07,0.05,0.0,1.0,1.0,1,16133.0
http,SF,219,2367,1,0.0,0.0,1.0,0.0,0.06,0.0,0.0,0,79697.0
private,REJ,0,0,0,0.07,0.0,0.0,1.0,0.0,0.08,0.0,1,12071.0
private,SF,105,147,0,0.0,0.0,0.25,0.5,0.0,0.0,0.0,0,30514.0
other,SF,1,0,0,0.0,0.0,0.07,0.5,0.0,0.0,0.0,1,112040.0
eco_i,SF,8,0,0,0.0,0.0,1.0,0.0,0.51,0.0,0.0,1,111112.0
http,SF,202,14074,1,0.0,0.0,1.0,0.0,0.0,0.01,0.01,0,76622.0
efs,S0,0,0,0,1.0,1.0,0.1,0.06,0.0,1.0,1.0,1,16640.0
private,REJ,0,0,0,0.0,0.0,0.02,0.07,0.0,0.0,0.0,1,27874.0
http,SF,287,2537,1,0.0,0.0,1.0,0.0,0.0,0.0,0.0,0,102834.0
domain_u,SF,34,50,0,0.0,0.0,1.0,0.0,0.0,0.0,0.0,0,113549.0
http,SF,346,5281,1,0.0,0.0,1.0,0.0,0.02,0.0,0.0,0,65217.0
http,SF,241,9284,1,0.0,0.0,1.0,0.0,0.02,0.0,0.01,0,25333.0
http,REJ,0,0,0,0.0,0.0,1.0,0.0,0.0,0.0,0.0,0,21747.0
smtp,SF,1931,327,1,0.0,0.0,1.0,0.0,0.01,0.0,0.0,0,71008.0
private,S0,0,0,0,1.0,1.0,0.06,0.1,0.0,1.0,1.0,1,26620.0
ftp,SF,1023,2197,1,0.0,0.0,1.0,0.0,0.0,0.18,0.0,1,102282.0
private,S0,0,0,0,1.0,1.0,0.02,0.06,0.0,1.0,1.0,1,87066.0
http,SF,296,2178,1,0.0,0.0,1.0,0.0,0.04,0.02,0.0,0,96916.0
http,SF,263,451,1,0.0,0.0,1.0,0.0,0.02,0.0,0.0,0,100122.0
echo,S0,0,0,0,1.0,1.0,0.01,0.07,0.0,1.0,1.0,1,51404.0
ecr_i,SF,520,0,0,0.0,0.0,1.0,0.0,0.0,0.0,0.0,1,50878.0
private,REJ,0,0,0,0.0,0.0,0.06,0.08,0.0,0.0,0.0,1,89601.0
http,SF,218,318,1,0.0,0.0,1.0,0.0,0.0,0.0,0.0,0,86885.0
private,REJ,0,0,0,0.09,0.0,0.0,1.0,0.0,0.11,0.0,1,14980.0
http,SF,336,573,1,0.0,0.0,1.0,0.0,0.0,0.0,0.0,0,27088.0
echo,S0,0,0,0,1.0,1.0,0.0,0.06,0.0,1.0,1.0,1,115906.0
http,SF,266,649,1,0.0,0.0,1.0,0.0,0.02,0.0,0.0,0,50047.0
http,SF,197,1108,1,0.0,0.0,1.0,0.0,0.01,0.0,0.0,0,107441.0
http,REJ,0,0,0,0.0,0.0,1.0,0.0,0.07,0.0,0.0,0,15181.0
http,SF,235,4280,1,0.0,0.0,1.0,0.0,0.04,0.0,0.0,0,36363.0
private,S0,0,0,0,1.0,1.0,0.17,0.05,0.0,1.0,1.0,1,100662.0
eco_i,SF,8,0,0,0.0,0.0,1.0,0.0,0.5,0.0,0.0,1,99421.0
private,SF,28,0,0,0.0,0.0,1.0,0.0,0.0,0.0,0.0,1,100274.0
ftp,SF,1268,2451,1,0.0,0.0,1.0,0.0,0.0,0.01,0.0,1,83488.0
http,SF,248,2783,1,0.0,0.0,1.0,0.0,0.04,0.0,0.0,0,46846.0
http,SF,219,2963,1,0.0,0.0,1.0,0.0,0.07,0.0,0.0,0,6848.0
http,SF,200,370,1,0.0,0.0,1.0,0.0,0.01,0.0,0.0,0,58168.0
http,SF,316,293,1,0.0,0.0,1.0,0.0,0.01,0.0,0.0,0,48599.0
ntp_u,SF,48,48,0,0.0,0.0,1.0,0.0,0.0,0.0,0.0,0,117001.0
private,REJ,0,0,0,0.0,0.0,0.06,0.06,0.0,0.0,0.0,1,122692.0
smtp,SF,1250,325,1,0.0,0.0,1.0,0.0,0.0,0.0,0.0,0,34152.0
ftp_data,SF,252,0,1,0.0,0.0,1.0,0.0,0.0,0.0,0.0,0,51215.0
csnet_ns,S0,0,0,0,1.0,1.0,0.02,0.06,0.0,1.0,1.0,1,53430.0
csnet_ns,REJ,0,0,0,0.0,0.0,0.07,0.06,0.0,0.0,0.0,1,24986.0
http,SF,334,1738,1,0.0,0.0,1.0,0.0,0.01,0.0,0.0,0,48297.0
ecr_i,SF,1032,0,0,0.0,0.0,1.0,0.0,0.0,0.0,0.0,1,93742.0
http,S0,0,0,0,0.5,0.5,1.0,0.0,0.01,0.01,0.01,0,100343.0
http,SF,290,2747,1,0.0,0.0,1.0,0.0,0.02,0.0,0.0,0,63961.0
http,SF,165,16129,1,0.0,0.0,1.0,0.0,0.0,0.0,0.0,0,4453.0
sunrpc,S0,0,0,0,1.0,1.0,0.02,0.07,0.0,1.0,1.0,1,25012.0
http,SF,210,307,1,0.0,0.0,1.0,0.0,0.0,0.0,0.0,0,28354.0
http,SF,350,5369,1,0.0,0.0,1.0,0.0,0.0,0.0,0.0,0,94663.0
http,S0,0,0,0,1.0,1.0,0.07,0.06,0.0,1.0,1.0,1,72711.0
smtp,SF,1978,328,1,0.0,0.0,1.0,0.0,0.01,0.0,0.0,0,58326.0
http,SF,290,2107,1,0.0,0.0,1.0,0.0,0.01,0.0,0.0,0,1130.0
private,REJ,0,0,0,0.0,0.0,0.05,0.07,0.0,0.0,0.0,1,42017.0
pop_3,S0,0,0,0,1.0,1.0,0.06,0.05,0.0,1.0,1.0,1,55967.0
vmnet,S0,0,0,0,1.0,1.0,0.07,0.07,0.0,1.0,1.0,1,43056.0
eco_i,SF,30,0,0,0.0,0.0,1.0,0.0,0.0,0.0,0.0,0,34662.0
ftp_data,SF,5135678,0,1,0.0,0.0,1.0,0.0,0.0,0.02,0.02,1,115209.0
http,SF,299,1404,1,0.0,0.0,1.0,0.0,0.0,0.0,0.0,0,33135.0
eco_i,SF,18,0,0,0.0,0.0,1.0,0.0,1.0,0.0,0.0,1,9781.0
telnet,SF,1143,38864,1,0.0,0.0,1.0,0.0,0.0,0.0,0.0,0,60802.0
http,SF,219,1899,1,0.0,0.0,1.0,0.0,0.05,0.0,0.0,0,95735.0
urp_i,SF,183,0,0,0.0,0.0,0.5,1.0,0.0,0.0,0.0,0,18629.0
netbios_ssn,REJ,0,0,0,0.0,0.0,0.01,0.08,0.0,0.0,0.0,1,42159.0
http,SF,270,276,1,0.0,0.0,1.0,0.0,0.0,0.0,0.0,0,93690.0
mtp,S0,0,0,0,1.0,1.0,0.05,0.07,0.0,1.0,1.0,1,53828.0
domain_u,SF,82,42,0,0.0,0.0,1.0,0.0,0.0,0.0,0.0,0,119026.0
smtp,SF,594,325,1,0.0,0.0,1.0,0.0,0.0,0.0,0.0,0,2858.0
private,REJ,0,0,0,0.1,0.0,0.01,1.0,0.0,0.07,0.0,1,67018.0
eco_i,SF,8,0,0,0.0,0.0,1.0,0.0,0.51,0.0,0.0,1,86020.0
http,SF,212,1370,1,0.0,0.0,1.0,0.0,0.01,0.0,0.0,0,107966.0
time,SF,0,4,0,0.0,0.0,1.0,0.0,0.0,0.12,0.12,0,125432.0
http,SF,54540,8314,1,0.0,0.0,1.0,0.0,0.0,0.0,0.0,1,7659.0
http,SF,320,1234,1,0.0,0.0,1.0,0.0,0.03,0.0,0.0,0,92197.0
domain_u,SF,45,115,0,0.0,0.0,1.0,0.0,0.0,0.0,0.0,0,104201.0
http,SF,228,1380,1,0.0,0.0,1.0,0.0,0.0,0.0,0.0,0,100888.0
http,SF,194,14496,1,0.0,0.0,1.0,0.0,0.02,0.0,0.0,0,56180.0
http,REJ,0,0,0,0.0,0.0,1.0,0.0,0.25,0.0,0.0,0,20306.0
http,SF,282,821,1,0.0,0.0,1.0,0.0,0.06,0.0,0.0,0,2804.0
http,SF,221,1026,1,0.0,0.0,1.0,0.0,0.0,0.0,0.0,0,82962.0
private,RSTR,1,0,0,0.0,0.0,1.0,0.0,0.0,0.0,0.0,1,52020.0
http,SF,245,491,1,0.0,0.0,1.0,0.0,0.0,0.0,0.0,0,33777.0
smtp,SF,572,330,1,0.0,0.0,1.0,0.0,0.01,0.0,0.0,0,18686.0
netbios_ns,S0,0,0,0,1.0,1.0,0.04,0.06,0.0,1.0,1.0,1,101900.0
domain_u,SF,44,130,0,0.0,0.0,1.0,0.0,0.0,0.0,0.0,0,14973.0
finger,SF,7,491,0,0.0,0.0,1.0,0.0,0.22,0.0,0.0,0,21297.0
http,SF,214,5512,1,0.0,0.0,1.0,0.0,0.03,0.0,0.0,0,27599.0
link,S0,0,0,0,1.0,1.0,0.08,0.04,0.0,1.0,1.0,1,51038.0
http,REJ,0,0,0,0.0,0.0,1.0,0.0,0.0,0.0,0.0,0,85684.0
http,SF,251,2033,1,0.0,0.0,1.0,0.0,0.03,0.0,0.0,0,60279.0
http,SF,230,2288,1,0.0,0.0,1.0,0.0,0.06,0.0,0.01,0,90361.0
http,SF,237,1738,1,0.0,0.0,1.0,0.0,0.0,0.0,0.0,0,72285.0
sunrpc,S0,0,0,0,1.0,1.0,0.06,0.06,0.0,1.0,1.0,1,58439.0
Z39_50,S0,0,0,0,1.0,1.0,0.0,0.06,0.0,1.0,1.0,1,100470.0
http,SF,210,3047,1,0.0,0.0,1.0,0.0,0.02,0.0,0.0,0,122492.0
private,SF,1,0,0,0.0,0.0,0.38,0.31,0.0,0.0,0.0,1,76848.0
domain_u,SF,44,70,0,0.0,0.0,1.0,0.0,0.0,0.0,0.0,0,82289.0
http,SF,491,9852,1,0.06,0.06,1.0,0.0,0.0,0.0,0.0,0,54126.0
ftp_data,S0,0,0,0,0.97,1.0,0.24,0.17,0.0,1.0,1.0,1,99896.0
domain_u,SF,45,125,0,0.0,0.0,0.99,0.01,0.0,0.0,0.0,0,125749.0
ftp_data,SF,1874,0,1,0.0,0.0,1.0,0.0,0.0,0.0,0.0,0,10513.0
http,SF,338,398,1,0.0,0.0,1.0,0.0,0.0,0.0,0.0,0,66855.0
exec,S0,0,0,0,1.0,1.0,0.12,0.12,0.0,1.0,1.0,1,41393.0
http,SF,320,745,1,0.0,0.0,1.0,0.0,0.05,0.0,0.0,0,52648.0
sunrpc,S0,0,0,0,1.0,1.0,0.09,0.06,0.0,1.0,1.0,1,8313.0
http,SF,209,2789,1,0.0,0.0,1.0,0.0,0.0,0.0,0.0,0,97283.0
domain_u,SF,136,45,0,0.0,0.0,1.0,0.01,0.0,0.0,0.0,0,88031.0
private,S0,0,0,0,1.0,1.0,0.02,0.06,0.0,1.0,1.0,1,103853.0
X11,RSTR,3660,2016,1,0.0,0.0,1.0,0.0,0.0,0.17,0.17,0,78185.0
time,RSTO,0,0,0,0.0,0.0,0.14,0.06,0.0,0.0,0.0,1,77535.0
private,REJ,0,0,0,0.0,0.0,0.07,0.07,0.0,0.0,0.0,1,16293.0
domain,S0,0,0,0,1.0,1.0,0.05,0.06,0.0,1.0,1.0,1,24007.0
discard,S0,0,0,0,1.0,1.0,0.06,0.06,0.0,1.0,1.0,1,15214.0
http,SF,178,2563,1,0.0,0.0,1.0,0.0,0.02,0.0,0.0,0,18749.0
other,SF,3775,0,1,0.15,0.0,0.05,0.65,0.0,0.05,0.0,0,51692.0
urp_i,SF,181,0,0,0.0,0.0,0.5,1.0,0.0,0.0,0.0,0,65691.0
http,SF,339,397,1,0.0,0.0,1.0,0.0,0.0,0.0,0.0,0,124594.0
http,SF,278,17424,1,0.0,0.0,1.0,0.0,0.03,0.0,0.0,0,94502.0
ftp_data,SF,252,0,0,0.0,0.0,1.0,0.0,0.04,0.0,0.0,0,69591.0
ftp,S0,0,0,0,1.0,1.0,0.01,0.06,0.0,1.0,1.0,1,91757.0
csnet_ns,S0,0,0,0,1.0,1.0,0.02,0.06,0.0,1.0,1.0,1,95008.0
eco_i,SF,8,0,0,0.0,0.0,1.0,0.0,0.5,0.0,0.0,1,83338.0
other,RSTR,0,0,0,0.0,0.0,1.0,0.0,0.0,0.0,0.0,1,106275.0
private,S0,0,0,0,1.0,1.0,0.02,0.06,0.0,1.0,1.0,1,115527.0
uucp,S0,0,0,0,1.0,1.0,0.15,0.05,0.0,1.0,1.0,1,71620.0
private,S0,0,0,0,1.0,1.0,0.06,0.06,0.0,1.0,1.0,1,124641.0
http,SF,239,8784,1,0.0,0.0,1.0,0.0,0.01,0.0,0.0,0,1654.0
private,S0,0,0,0,1.0,1.0,0.03,0.05,0.0,1.0,1.0,1,45136.0
private,S0,0,0,0,1.0,1.0,0.06,0.06,0.0,1.0,1.0,1,24301.0
private,S0,0,0,0,1.0,1.0,0.08,0.05,0.0,1.0,1.0,1,87500.0
domain_u,SF,45,73,0,0.0,0.0,1.0,0.01,0.0,0.0,0.0,0,96605.0
http,S0,0,0,0,1.0,0.46,0.03,0.07,0.0,1.0,1.0,1,17126.0
discard,S0,0,0,0,1.0,1.0,0.01,0.05,0.0,1.0,1.0,1,77619.0
finger,S0,0,0,0,1.0,1.0,0.32,0.09,0.0,1.0,1.0,1,66780.0
ftp_data,SF,1010,0,0,0.0,0.0,1.0,0.0,0.0,0.0,0.0,0,116650.0
uucp,S0,0,0,0,1.0,1.0,0.09,0.06,0.0,1.0,1.0,1,107846.0
http,SF,292,7829,1,0.2,0.2,1.0,0.0,0.0,0.0,0.0,0,96268.0
name,S0,0,0,0,1.0,1.0,0.01,0.06,0.0,1.0,1.0,1,18922.0
domain_u,SF,46,137,0,0.0,0.0,0.98,0.03,0.0,0.0,0.0,0,46022.0
http,S1,204,14600,1,1.0,1.0,1.0,0.0,0.0,0.0,0.0,0,44265.0
finger,SF,8,139,0,0.0,0.0,1.0,0.0,0.5,0.03,0.0,0,106992.0
http,SF,339,1035,1,0.0,0.0,1.0,0.0,0.0,0.0,0.0,0,19773.0
http,SF,218,4741,1,0.0,0.0,1.0,0.0,0.0,0.0,0.0,0,10753.0
Z39_50,S0,0,0,0,1.0,1.0,0.07,0.06,0.0,1.0,1.0,1,47430.0
http,REJ,0,0,0,0.0,0.0,0.05,0.05,0.0,0.0,0.0,1,85305.0
nntp,RSTO,0,0,0,0.0,0.0,0.03,0.06,0.0,0.0,0.0,1,9230.0
http,S0,0,0,0,1.0,1.0,1.0,0.0,0.0,1.0,1.0,1,38099.0
private,S0,0,0,0,1.0,1.0,0.02,0.13,0.0,1.0,1.0,1,40301.0
private,S0,0,0,0,1.0,1.0,0.04,0.06,0.0,1.0,1.0,1,119573.0
nnsp,S0,0,0,0,1.0,1.0,0.07,0.06,0.0,1.0,1.0,1,52643.0
private,S0,0,0,0,1.0,1.0,0.01,0.07,0.0,1.0,1.0,1,22957.0
ftp_data,SF,10073,0,1,0.0,0.0,1.0,0.0,0.04,0.0,0.0,0,67737.0
http,SF,228,990,1,0.0,0.0,1.0,0.0,0.02,0.0,0.0,0,4341.0
private,S0,0,0,0,1.0,1.0,0.04,0.05,0.0,1.0,1.0,1,52713.0
domain,REJ,0,0,0,0.0,0.0,0.06,0.07,0.0,0.0,0.0,1,52909.0
private,REJ,0,0,0,0.03,0.0,0.0,1.0,0.0,0.03,0.0,1,117950.0
telnet,SF,114,3052,1,0.0,0.0,0.5,1.0,0.0,0.01,0.0,0,101338.0
domain_u,SF,44,72,0,0.0,0.0,1.0,0.0,0.0,0.0,0.0,0,67963.0
exec,S0,0,0,0,1.0,1.0,0.42,0.17,0.0,1.0,1.0,1,7561.0
private,SF,1,0,0,0.0,0.0,0.9,0.1,0.0,0.0,0.0,1,25290.0
uucp_path,S0,0,0,0,1.0,1.0,0.11,0.04,0.0,1.0,1.0,1,58520.0
finger,S0,0,0,0,1.0,1.0,0.08,0.07,0.0,1.0,1.0,1,123599.0
http,SF,214,1233,1,0.0,0.0,1.0,0.0,0.02,0.0,0.0,0,15301.0
ftp_data,SF,245,0,1,0.0,0.0,1.0,0.0,0.03,0.0,0.0,0,72601.0
finger,S0,0,0,0,1.0,1.0,0.08,0.04,0.0,1.0,1.0,1,4817.0
eco_i,SF,8,0,0,0.0,0.0,1.0,0.0,0.25,0.0,0.0,1,101990.0
uucp,RSTO,0,0,0,0.0,0.0,0.07,0.07,0.0,0.0,0.0,1,32133.0
private,SF,105,145,0,0.0,0.0,0.25,0.5,0.0,0.0,0.0,0,115734.0
http,SF,221,3125,1,0.0,0.0,1.0,0.0,0.02,0.0,0.0,0,13561.0
ftp_data,S1,1342,0,1,0.25,0.25,1.0,0.0,0.05,0.01,0.03,0,85578.0
domain_u,SF,45,45,0,0.0,0.0,1.0,0.01,0.0,0.0,0.0,0,58163.0
ftp_data,SF,7422,0,1,0.0,0.0,1.0,0.0,0.02,0.01,0.01,0,3597.0
http,SF,195,14515,1,0.0,0.0,1.0,0.0,0.02,0.0,0.0,0,115117.0
ftp_data,SF,15377,0,0,0.0,0.0,1.0,0.0,0.02,0.0,0.0,0,96472.0
telnet,S0,0,0,0,1.0,1.0,0.23,0.06,0.0,1.0,1.0,1,106933.0
private,S0,0,0,0,1.0,1.0,0.08,0.08,0.0,1.0,1.0,1,104428.0
http,SF,284,1395,1,0.0,0.0,1.0,0.0,0.02,0.0,0.0,0,108905.0
private,SF,105,146,0,0.0,0.0,1.0,0.0,0.0,0.0,0.0,0,1809.0
urp_i,SF,182,0,0,0.0,0.0,0.33,1.0,0.0,0.0,0.0,0,82964.0
private,REJ,0,0,0,0.0,0.0,0.11,0.05,0.0,0.0,0.0,1,95368.0
ftp_data,SF,748,0,0,0.0,0.0,1.0,0.0,0.0,0.0,0.01,0,41290.0
private,RSTR,1,0,0,0.0,0.0,1.0,0.0,0.0,0.0,0.0,1,118087.0
ftp,SF,334,1063,1,0.0,0.0,1.0,0.0,0.0,0.0,0.0,0,34100.0
discard,RSTO,0,0,0,0.0,0.0,0.14,0.06,0.0,0.0,0.0,1,12622.0
imap4,S0,0,0,0,1.0,1.0,0.04,0.06,0.0,1.0,1.0,1,17390.0
http,SF,364,255,1,0.0,0.0,1.0,0.0,0.0,0.0,0.0,0,105653.0
http,REJ,0,0,0,0.0,0.0,1.0,0.0,0.04,0.0,0.0,0,14269.0
smtp,SF,857,338,1,0.0,0.0,1.0,0.0,0.02,0.0,0.0,0,37365.0
ftp_data,SF,3482,0,0,0.0,0.0,1.0,0.0,0.07,0.0,0.0,0,12931.0
domain_u,SF,43,82,0,0.0,0.0,1.0,0.0,0.0,0.0,0.0,0,28396.0
private,REJ,0,0,0,0.01,0.0,0.01,1.0,0.0,0.0,0.0,1,93528.0
http,SF,211,5357,1,0.0,0.0,1.0,0.0,0.02,0.0,0.0,0,59104.0
ftp_data,SF,383,0,1,0.0,0.0,1.0,0.0,0.0,0.01,0.0,0,120199.0
http,SF,247,930,1,0.0,0.0,1.0,0.0,0.0,0.0,0.0,0,52069.0
private,S0,0,0,0,1.0,1.0,0.14,0.05,0.0,1.0,1.0,1,24603.0
exec,S0,0,0,0,1.0,1.0,0.1,0.06,0.0,1.0,1.0,1,90823.0
http,SF,224,8889,1,0.0,0.0,1.0,0.0,0.03,0.0,0.0,0,11749.0
iso_tsap,S0,0,0,0,1.0,1.0,0.04,0.06,0.0,1.0,1.0,1,106750.0
http,SF,167,4528,1,0.0,0.0,1.0,0.0,0.01,0.0,0.0,0,45507.0
private,S0,0,0,0,1.0,1.0,0.03,0.06,0.0,1.0,1.0,1,100490.0
nnsp,S0,0,0,0,1.0,1.0,0.03,0.06,0.0,1.0,1.0,1,81357.0
http,SF,337,4819,1,0.17,0.17,1.0,0.0,0.01,0.01,0.01,0,78713.0
vmnet,S0,0,0,0,1.0,1.0,0.03,0.06,0.0,1.0,1.0,1,53843.0
private,SH,0,0,0,1.0,1.0,1.0,0.0,0.0,0.94,1.0,1,88193.0
http,SF,236,261,1,0.0,0.0,1.0,0.0,0.0,0.0,0.0,0,120706.0
domain_u,SF,29,29,0,0.0,0.0,1.0,0.0,0.0,0.0,0.0,0,40056.0
private,REJ,0,0,0,0.0,0.0,0.0,0.51,0.0,0.0,0.0,1,37781.0
telnet,S0,0,0,0,1.0,1.0,0.22,0.07,0.06,0.99,0.91,1,12192.0
domain_u,SF,45,71,0,0.0,0.0,1.0,0.0,0.0,0.0,0.0,0,96522.0
private,S0,0,0,0,1.0,1.0,0.04,0.06,0.0,1.0,1.0,1,22596.0
private,S0,0,0,0,1.0,1.0,0.11,0.06,0.0,1.0,1.0,1,66492.0
http,SF,193,2859,1,0.0,0.0,1.0,0.0,0.03,0.0,0.0,0,46209.0
eco_i,SF,8,0,0,0.0,0.0,1.0,0.0,0.5,0.0,0.0,1,88722.0
http,SF,222,660,1,0.0,0.0,1.0,0.0,0.01,0.0,0.0,0,102476.0
finger,SF,8,137,0,0.0,0.0,1.0,0.0,0.11,0.0,0.0,0,69381.0
mtp,REJ,0,0,0,0.0,0.0,0.05,0.07,0.0,0.0,0.0,1,56292.0
IRC,S1,251,1070,1,1.0,1.0,1.0,0.0,0.0,0.02,0.07,0,23612.0
private,REJ,0,0,0,0.0,0.0,0.5,1.0,0.0,0.0,0.0,1,72273.0
http,REJ,0,0,0,0.0,0.0,0.2,1.0,0.0,0.0,0.0,1,43601.0
private,S0,0,0,0,1.0,1.0,0.02,0.06,0.0,1.0,1.0,1,90643.0
systat,S0,0,0,0,1.0,1.0,0.0,0.07,0.0,1.0,1.0,1,31900.0
private,S0,0,0,0,1.0,1.0,0.06,0.06,0.0,1.0,1.0,1,26385.0
imap4,S0,0,0,0,1.0,1.0,0.31,0.19,0.0,1.0,1.0,1,101909.0
csnet_ns,S0,0,0,0,1.0,1.0,0.14,0.04,0.0,1.0,1.0,1,4184.0
link,S0,0,0,0,1.0,1.0,0.04,0.05,0.0,1.0,1.0,1,15333.0
ftp_data,SF,439,0,1,0.0,0.0,1.0,0.0,0.0,0.0,0.0,0,21354.0
nnsp,S0,0,0,0,1.0,1.0,0.1,0.06,0.0,1.0,1.0,1,66945.0
http,SF,332,400,1,0.0,0.0,1.0,0.0,0.01,0.0,0.0,0,16474.0
private,S0,0,0,0,1.0,1.0,0.01,0.06,0.0,0.65,1.0,1,117416.0
private,REJ,0,0,0,0.0,0.0,1.0,0.0,1.0,0.0,0.0,1,27032.0
private,REJ,0,0,0,0.01,0.0,0.01,1.0,0.0,0.0,0.0,1,37013.0
other,SF,1,0,0,0.0,0.0,0.07,0.5,0.0,0.0,0.0,1,26467.0
ftp_data,S0,0,0,0,1.0,1.0,0.01,0.07,0.0,1.0,1.0,1,60130.0
domain_u,SF,46,129,0,0.0,0.0,1.0,0.01,0.0,0.0,0.0,0,116676.0
private,S0,0,0,0,1.0,1.0,0.04,0.05,0.0,1.0,1.0,1,87271.0
http,SF,315,737,1,0.0,0.0,1.0,0.0,0.03,0.0,0.0,0,57591.0
private,S0,0,0,0,1.0,1.0,0.07,0.05,0.0,0.99,1.0,1,107112.0
http,SF,297,7732,1,0.0,0.0,1.0,0.0,0.05,0.0,0.0,0,65912.0
http,SF,294,1783,1,0.0,0.0,1.0,0.0,0.03,0.0,0.0,0,95630.0
http,RSTO,0,0,1,0.0,0.0,1.0,0.0,0.07,0.0,0.0,0,11857.0
eco_i,SF,8,0,0,0.0,0.0,1.0,0.0,0.5,0.0,0.0,1,25899.0
http,SF,207,267,1,0.0,0.0,1.0,0.0,0.0,0.0,0.0,0,39536.0
private,REJ,0,0,0,0.0,0.0,0.11,0.06,0.0,0.0,0.0,1,114480.0
http,SF,212,2290,1,0.0,0.0,1.0,0.0,0.01,0.0,0.0,0,32782.0
private,REJ,0,0,0,0.0,0.0,0.33,1.0,0.0,0.0,0.0,1,78076.0
http,SF,235,952,1,0.0,0.0,1.0,0.0,0.01,0.0,0.0,0,121448.0
private,REJ,0,0,0,0.0,0.0,0.12,0.07,0.0,0.0,0.0,1,110419.0
smtp,SF,2606,328,1,0.0,0.0,1.0,0.0,0.0,0.0,0.0,0,92476.0
http,SF,294,1367,1,0.0,0.0,1.0,0.0,0.03,0.0,0.0,0,46393.0
http,SF,207,1275,1,0.0,0.0,1.0,0.0,0.05,0.0,0.0,0,91201.0
http,SF,297,738,1,0.0,0.0,1.0,0.0,0.02,0.0,0.0,0,92030.0
finger,S0,0,0,0,1.0,1.0,0.27,0.08,0.0,1.0,1.0,1,120909.0
other,SF,1,0,0,0.0,0.0,0.08,0.83,0.0,0.0,0.0,1,8776.0
domain_u,SF,44,128,0,0.0,0.0,1.0,0.0,0.0,0.0,0.0,0,57213.0
other,SF,1,0,0,0.0,0.0,1.0,0.0,0.0,0.0,0.0,1,83767.0
other,SF,146,0,0,0.0,0.0,0.33,0.67,0.0,0.0,0.0,0,2970.0
http,SF,232,3846,1,0.0,0.0,1.0,0.0,0.08,0.0,0.0,0,103810.0
http,SF,305,9373,1,0.0,0.0,1.0,0.0,0.02,0.0,0.0,0,49144.0
http,SF,343,614,1,0.0,0.0,1.0,0.0,0.04,0.0,0.0,0,80411.0
http,SF,209,1690,1,0.0,0.0,1.0,0.0,0.04,0.0,0.0,0,52464.0
http,SF,257,349,1,0.0,0.0,1.0,0.0,0.02,0.0,0.01,0,45599.0
private,S0,0,0,0,1.0,1.0,0.07,0.06,0.0,1.0,1.0,1,59305.0
http,SF,230,3644,1,0.0,0.0,1.0,0.0,0.0,0.0,0.0,0,69200.0
http,SF,212,3426,1,0.0,0.0,1.0,0.0,0.04,0.0,0.0,0,47937.0
ecr_i,SF,1032,0,0,0.0,0.0,1.0,0.0,0.0,0.0,0.0,1,59443.0
other,SF,147,0,0,0.0,0.0,1.0,0.0,0.0,0.0,0.0,0,42566.0
domain_u,SF,45,83,0,0.0,0.0,1.0,0.0,0.0,0.0,0.0,0,65464.0
private,SF,215,0,0,0.0,0.0,1.0,0.0,0.0,0.0,0.0,1,37606.0
http,REJ,0,0,0,0.0,0.0,1.0,0.0,0.01,0.0,0.0,0,53000.0
http,SF,206,3712,1,0.0,0.0,1.0,0.0,0.0,0.0,0.0,0,45911.0
http,SF,244,2295,1,0.0,0.0,1.0,0.0,0.0,0.0,0.0,0,5500.0
imap4,S0,0,0,0,1.0,1.0,0.04,0.06,0.0,1.0,1.0,1,27847.0
http,SF,227,340,1,0.0,0.0,1.0,0.0,0.12,0.0,0.0,0,51450.0
finger,S0,0,0,0,1.0,1.0,0.21,0.29,0.0,1.0,1.0,1,72182.0
http,SF,341,604,1,0.17,0.06,1.0,0.0,0.0,0.0,0.0,0,16143.0
private,S0,0,0,0,1.0,1.0,0.18,0.08,0.0,1.0,1.0,1,35629.0
telnet,SF,153,8323,1,0.0,0.0,1.0,0.0,0.0,0.0,0.0,0,25822.0
http,SF,210,1024,1,0.0,0.0,1.0,0.0,0.0,0.0,0.0,0,40581.0
smtp,SF,556,336,1,0.0,0.0,1.0,0.0,0.01,0.0,0.0,0,17124.0
ftp_data,SF,12,0,0,0.0,0.0,1.0,0.0,0.03,0.0,0.0,0,108061.0
smtp,SF,1425,370,1,0.0,0.0,1.0,0.0,0.02,0.0,0.01,0,55410.0
http,SF,364,462,1,0.0,0.0,1.0,0.0,0.02,0.0,0.0,0,58587.0
smtp,SF,949,333,1,0.0,0.0,1.0,0.0,0.0,0.0,0.0,0,102061.0
eco_i,SF,8,0,0,0.0,0.0,1.0,0.0,0.26,0.0,0.0,1,104232.0
private,S0,0,0,0,1.0,1.0,0.01,0.06,0.0,1.0,1.0,1,114282.0
courier,REJ,0,0,0,0.0,0.0,0.1,0.07,0.0,0.0,0.0,1,11354.0
http,SF,228,2676,1,0.0,0.0,1.0,0.0,0.02,0.01,0.0,0,14141.0
private,REJ,0,0,0,0.0,0.0,0.5,1.0,0.0,0.0,0.0,1,82991.0
whois,S0,0,0,0,1.0,1.0,0.01,0.06,0.0,1.0,1.0,1,110470.0
http,SF,54540,8314,1,0.0,0.0,1.0,0.0,0.0,0.0,0.0,1,103357.0
http,SF,338,11045,1,0.0,0.0,1.0,0.0,0.0,0.0,0.0,0,120494.0
http,SF,220,308,1,0.0,0.0,1.0,0.0,0.02,0.0,0.0,0,113435.0
telnet,SF,0,15,0,0.0,0.0,1.0,0.0,0.0,0.0,0.0,1,95804.0
ftp_data,SF,567,0,0,0.0,0.0,1.0,0.0,0.0,0.0,0.0,0,11427.0
http,SF,157,41901,1,0.0,0.0,1.0,0.0,0.0,0.0,0.0,0,20506.0
smtp,SF,604,279,1,0.0,0.0,1.0,0.0,0.0,0.0,0.01,0,110021.0
netbios_ns,S0,0,0,0,1.0,1.0,0.03,0.06,0.0,1.0,1.0,1,90646.0
ecr_i,SF,1032,0,0,0.0,0.0,1.0,0.0,0.0,0.0,0.0,1,100079.0
private,S0,0,0,0,1.0,1.0,0.03,0.06,0.0,1.0,1.0,1,38649.0
http,SF,314,1010,1,0.0,0.0,1.0,0.0,0.05,0.0,0.0,0,85522.0
link,S0,0,0,0,1.0,1.0,0.05,0.06,0.0,1.0,1.0,1,20527.0
http,SF,208,464,1,0.0,0.0,1.0,0.0,0.05,0.0,0.0,0,47458.0
http,SF,335,661,1,0.0,0.0,1.0,0.0,0.01,0.0,0.0,0,61302.0
ftp,SF,1180,2447,1,0.0,0.0,1.0,0.0,0.0,0.04,0.0,1,95918.0
telnet,SF,727,2737,1,0.0,0.0,1.0,0.0,0.0,0.65,0.21,0,53083.0
domain_u,SF,44,110,0,0.0,0.0,1.0,0.0,0.01,0.0,0.0,0,41942.0
private,S0,0,0,0,1.0,1.0,0.03,0.07,0.0,1.0,1.0,1,71260.0
domain_u,SF,42,132,0,0.0,0.0,1.0,0.0,0.0,0.0,0.0,0,42326.0
http,SF,223,1415,1,0.0,0.0,1.0,0.0,0.0,0.0,0.0,0,33558.0
other,REJ,0,0,0,0.13,0.0,0.0,1.0,0.0,0.12,0.0,1,36249.0
http,SF,329,2396,1,0.0,0.0,1.0,0.0,0.0,0.0,0.0,0,81047.0
http,SF,349,263,1,0.0,0.0,1.0,0.0,0.11,0.0,0.0,0,27148.0
http,SF,321,581,1,0.0,0.0,1.0,0.0,0.0,0.0,0.0,0,83109.0
domain_u,SF,44,80,0,0.0,0.0,1.0,0.0,0.0,0.0,0.0,0,97996.0
private,REJ,0,0,0,0.03,0.0,0.0,1.0,0.0,0.04,0.0,1,1741.0
domain_u,SF,44,110,0,0.0,0.0,1.0,0.0,0.0,0.0,0.0,0,92616.0
other,REJ,0,0,0,0.09,0.0,0.0,1.0,0.0,0.07,0.0,1,23385.0
echo,RSTO,0,0,0,0.0,0.0,0.03,0.07,0.0,0.0,0.0,1,70531.0
auth,S0,0,0,0,1.0,1.0,0.1,0.05,0.0,1.0,1.0,1,42296.0
private,RSTR,0,0,0,0.0,0.0,1.0,0.0,0.0,0.03,0.0,1,76633.0
bgp,S0,0,0,0,1.0,1.0,0.07,0.06,0.0,1.0,1.0,1,28061.0
domain_u,SF,44,131,0,0.0,0.0,0.99,0.03,0.0,0.0,0.0,0,79684.0
ftp,SF,240,774,1,0.0,0.0,1.0,0.0,0.0,0.0,0.0,0,96715.0
ftp_data,SF,203,0,0,0.0,0.0,1.0,0.0,0.05,0.0,0.0,0,89405.0
smtp,SF,750,329,1,0.0,0.0,1.0,0.0,0.0,0.0,0.0,0,89404.0
mtp,S0,0,0,0,1.0,1.0,0.15,0.06,0.0,1.0,1.0,1,78115.0
eco_i,SF,8,0,0,0.0,0.0,1.0,0.0,0.5,0.0,0.0,1,72686.0
http,SF,246,1600,1,0.0,0.0,1.0,0.0,0.02,0.0,0.0,0,1126.0
ftp_data,S0,0,0,0,1.0,1.0,0.22,0.22,0.04,0.98,0.43,1,35161.0
finger,SF,6,264,0,0.0,0.0,1.0,0.0,0.25,0.0,0.0,0,110221.0
http,SF,292,2463,1,0.0,0.0,1.0,0.0,0.03,0.0,0.0,0,50259.0
http,SF,211,566,1,0.0,0.0,1.0,0.0,0.04,0.0,0.0,0,124210.0
finger,S0,0,0,0,1.0,1.0,0.26,0.07,0.18,0.97,0.64,1,81900.0
private,S0,0,0,0,1.0,1.0,0.1,0.05,0.0,0.83,1.0,1,104954.0
domain_u,SF,45,126,0,0.0,0.0,0.98,0.03,0.0,0.0,0.0,0,74536.0
domain_u,SF,46,46,0,0.0,0.0,1.0,0.0,0.0,0.0,0.0,0,108559.0
private,S0,0,0,0,1.0,1.0,0.07,0.06,0.0,1.0,1.0,1,64216.0
uucp,RSTO,0,0,0,0.0,0.0,0.14,0.07,0.0,0.0,0.0,1,20310.0
private,RSTR,1,0,0,0.0,0.0,1.0,0.0,0.0,0.0,0.0,1,56404.0
http,S0,0,0,0,1.0,1.0,0.06,0.06,0.0,1.0,1.0,1,78364.0
ftp_data,SF,10261,0,1,0.0,0.0,1.0,0.0,0.0,0.0,0.01,0,118482.0
private,S0,0,0,0,1.0,1.0,0.04,0.07,0.0,1.0,1.0,1,10939.0
link,S0,0,0,0,1.0,1.0,0.08,0.05,0.0,1.0,1.0,1,102111.0
supdup,S0,0,0,0,1.0,1.0,0.07,0.06,0.0,1.0,1.0,1,55440.0
private,SF,1,0,0,0.0,0.0,0.29,0.11,0.0,0.16,0.0,1,57366.0
http,SF,217,280,1,0.0,0.0,1.0,0.0,0.01,0.0,0.0,0,37488.0
http,SF,300,12736,1,0.0,0.0,1.0,0.0,0.03,0.0,0.0,0,103297.0
private,S0,0,0,0,1.0,1.0,0.07,0.07,0.0,1.0,1.0,1,27557.0
daytime,RSTR,1,0,0,0.0,0.0,1.0,0.0,0.0,0.0,0.0,1,73770.0
finger,SF,8,172,0,0.0,0.0,1.0,0.0,0.14,0.0,0.0,0,92239.0
bgp,S0,0,0,0,1.0,1.0,0.09,0.06,0.0,1.0,1.0,1,86602.0
http,SF,316,3957,1,0.0,0.0,1.0,0.0,0.0,0.0,0.0,0,20693.0
http,SF,206,9562,1,0.0,0.0,1.0,0.0,0.0,0.0,0.0,0,107986.0
http,SF,329,2080,1,0.0,0.0,1.0,0.0,0.01,0.0,0.0,0,51833.0
ldap,S0,0,0,0,1.0,1.0,0.01,0.06,0.0,1.0,1.0,1,28850.0
ecr_i,SF,1032,0,0,0.0,0.0,1.0,0.0,0.0,0.0,0.0,1,54315.0
ecr_i,SF,1480,0,0,0.0,0.0,1.0,0.0,0.14,0.0,0.0,1,63467.0
ftp_data,SF,641,0,1,0.0,0.0,1.0,0.0,0.02,0.0,0.0,0,12142.0
http,REJ,0,0,0,0.0,0.0,1.0,0.0,0.17,0.0,0.0,0,86323.0
private,S0,0,0,0,1.0,1.0,0.03,0.06,0.0,1.0,1.0,1,28142.0
smtp,SF,1163,362,1,0.0,0.0,1.0,0.0,0.01,0.0,0.0,0,32553.0
whois,S0,0,0,0,1.0,1.0,0.15,0.05,0.0,1.0,1.0,1,78832.0
private,REJ,0,0,0,0.0,0.0,0.04,0.06,0.0,0.0,0.0,1,7362.0
http,SF,271,14846,1,0.0,0.0,1.0,0.0,0.02,0.0,0.0,0,80140.0
http,SF,267,4930,1,0.0,0.0,1.0,0.0,0.06,0.0,0.01,0,28764.0
private,S0,0,0,0,1.0,1.0,0.06,0.06,0.0,1.0,1.0,1,67238.0
private,S0,0,0,0,1.0,1.0,0.11,0.06,0.0,1.0,1.0,1,46127.0
http,SF,233,1374,1,0.14,0.14,1.0,0.0,0.0,0.0,0.0,0,109355.0
http,SF,54540,8314,1,0.0,0.0,1.0,0.0,0.0,0.0,0.0,1,40082.0
http,SF,234,1191,1,0.0,0.0,1.0,0.0,0.06,0.0,0.0,0,52319.0
http,SF,206,955,1,0.0,0.0,1.0,0.0,0.03,0.0,0.0,0,1702.0
finger,SF,10,140,0,0.0,0.0,1.0,0.0,0.21,0.0,0.0,0,55914.0
smtp,SF,1843,391,1,0.0,0.0,1.0,0.0,0.0,0.44,0.0,0,115503.0
domain_u,SF,45,137,0,0.0,0.0,0.98,0.03,0.0,0.0,0.0,0,124917.0
http,REJ,0,0,0,0.0,0.0,1.0,0.0,0.18,0.0,0.01,0,31370.0
ftp_data,SF,334,0,1,0.0,0.0,1.0,0.0,0.08,0.0,0.0,1,73499.0
http,REJ,0,0,0,0.0,0.0,1.0,0.0,0.14,0.0,0.0,0,45804.0
private,S0,0,0,0,1.0,1.0,0.13,0.05,0.0,1.0,1.0,1,57841.0
http,SF,326,1084,1,0.0,0.0,1.0,0.0,0.02,0.0,0.0,0,112593.0
smtp,SF,2876,336,1,0.0,0.0,0.5,1.0,0.0,0.0,0.01,0,95635.0
http,SF,352,1701,1,0.0,0.0,1.0,0.0,0.02,0.0,0.0,0,79860.0
http,REJ,0,0,0,0.0,0.0,1.0,0.0,0.14,0.0,0.0,0,18978.0
uucp,S0,0,0,0,1.0,1.0,0.01,0.08,0.0,1.0,1.0,1,17572.0
http,SF,285,8955,1,0.0,0.0,1.0,0.0,0.01,0.0,0.0,0,4853.0
private,S0,0,0,0,1.0,1.0,0.07,0.07,0.0,1.0,1.0,1,48497.0
daytime,S0,0,0,0,1.0,1.0,0.08,0.06,0.0,1.0,1.0,1,20797.0
Z39_50,S0,0,0,0,1.0,1.0,0.05,0.06,0.0,1.0,1.0,1,122860.0
ftp_data,SF,334,0,1,0.0,0.0,1.0,0.0,0.08,0.0,0.0,1,75509.0
ctf,S0,0,0,0,1.0,1.0,0.05,0.05,0.0,1.0,1.0,1,84081.0
ftp,SF,1491,4152,1,0.0,0.0,1.0,0.0,0.0,0.0,0.0,0,112715.0
domain_u,SF,32,94,0,0.0,0.0,1.0,0.0,0.0,0.0,0.0,0,102106.0
http,S0,0,0,0,1.0,1.0,0.12,0.06,0.0,1.0,1.0,1,80514.0
domain,REJ,0,0,0,0.0,0.0,0.05,0.06,0.0,0.0,0.0,1,116592.0
http,SF,218,983,1,0.0,0.0,1.0,0.0,0.19,0.0,0.0,0,18265.0
shell,RSTO,0,0,0,0.0,0.0,0.13,0.06,0.0,0.0,0.0,1,113963.0
http,SF,314,18265,1,0.0,0.0,1.0,0.0,0.01,0.0,0.0,0,117360.0
private,S0,0,0,0,1.0,1.0,0.18,0.06,0.0,1.0,1.0,1,6314.0
private,S0,0,0,0,1.0,1.0,0.15,0.05,0.0,1.0,1.0,1,19059.0
http,SF,293,12334,1,0.0,0.0,1.0,0.0,0.01,0.01,0.0,0,70249.0
http,SF,383,345,1,0.0,0.0,1.0,0.0,0.21,0.0,0.0,0,111543.0
http,SF,297,312,1,0.0,0.0,1.0,0.0,0.03,0.0,0.02,0,110228.0
eco_i,SF,8,0,0,0.0,0.0,1.0,0.0,0.5,0.0,0.0,1,80061.0
ecr_i,SF,1032,0,0,0.0,0.0,1.0,0.0,0.0,0.0,0.0,1,59296.0
http,SF,235,930,1,0.0,0.0,1.0,0.0,0.02,0.0,0.0,0,98554.0
http,SF,312,1165,1,0.0,0.0,1.0,0.0,0.03,0.0,0.0,0,124803.0
http,REJ,0,0,0,0.0,0.0,1.0,0.0,0.08,0.0,0.0,0,115280.0
private,SF,1,0,0,0.0,0.0,0.92,0.02,0.0,0.0,0.0,1,54428.0
telnet,S0,0,0,0,1.0,1.0,0.09,0.05,0.0,1.0,1.0,1,121287.0
kshell,S0,0,0,0,1.0,1.0,0.14,0.05,0.0,1.0,1.0,1,8142.0
http,SF,213,17753,1,0.0,0.0,1.0,0.0,0.02,0.0,0.0,0,76856.0
private,S0,0,0,0,1.0,1.0,0.02,0.06,0.0,1.0,1.0,1,19473.0
private,SH,0,0,0,1.0,1.0,1.0,0.0,0.0,0.96,1.0,1,16081.0
telnet,SF,92,780,0,0.0,0.0,1.0,0.0,0.0,0.0,0.0,0,30846.0
http,REJ,0,0,0,0.0,0.0,1.0,0.0,0.73,0.0,0.09,0,25267.0
domain_u,SF,44,82,0,0.0,0.0,1.0,0.0,0.0,0.0,0.0,0,64953.0
eco_i,SF,8,0,0,0.0,0.0,1.0,0.0,0.52,0.0,0.0,1,85529.0
http,SF,180,1977,1,0.0,0.0,1.0,0.0,0.0,0.03,0.03,0,51426.0
private,S0,0,0,0,1.0,1.0,0.04,0.06,0.0,1.0,1.0,1,80085.0
http,SF,299,455,1,0.0,0.0,1.0,0.0,0.03,0.0,0.0,0,3934.0
http,SF,206,16132,1,0.0,0.0,1.0,0.0,0.0,0.0,0.0,0,89073.0
private,SF,1,0,0,0.0,0.0,0.33,0.24,0.0,0.0,0.0,1,48986.0
finger,SF,10,140,0,0.0,0.0,1.0,0.0,0.0,0.0,0.0,0,113788.0
ftp_data,SF,4539,0,0,0.0,0.0,1.0,0.0,0.0,0.0,0.0,0,69421.0
private,S0,0,0,0,1.0,1.0,0.09,0.06,0.0,1.0,1.0,1,42506.0
domain_u,SF,46,133,0,0.0,0.0,1.0,0.0,0.0,0.0,0.0,0,17877.0
smtp,S0,0,0,0,0.5,0.5,1.0,0.0,0.01,0.0,0.01,0,125510.0
http,S0,0,0,0,1.0,1.0,0.01,0.07,0.0,1.0,1.0,1,121976.0
http,SF,307,731,1,0.0,0.0,1.0,0.0,0.05,0.0,0.0,0,68037.0
telnet,S0,0,0,0,1.0,1.0,0.17,0.33,0.0,1.0,1.0,1,118011.0
private,S0,0,0,0,1.0,1.0,0.07,0.05,0.0,1.0,1.0,1,2142.0
http,SF,220,866,1,0.0,0.0,1.0,0.0,0.03,0.04,0.0,0,7859.0
domain_u,SF,42,129,0,0.0,0.0,1.0,0.0,0.0,0.0,0.0,0,34291.0
http,SF,212,11193,1,0.0,0.0,1.0,0.0,0.0,0.0,0.0,0,10039.0
netstat,S0,0,0,0,1.0,1.0,0.03,0.06,0.0,1.0,1.0,1,14826.0
ftp_data,SF,59,0,1,0.95,0.0,0.05,0.06,0.0,0.95,0.0,0,123483.0
http,SF,256,734,1,0.0,0.0,1.0,0.0,0.0,0.0,0.0,0,33114.0
telnet,S0,0,0,0,1.0,1.0,0.22,0.06,0.0,1.0,1.0,1,12457.0
login,S0,0,0,0,1.0,1.0,0.03,0.07,0.0,1.0,1.0,1,221.0
eco_i,SF,18,0,0,0.0,0.0,1.0,0.0,1.0,0.0,0.0,1,95119.0
http,SF,338,5363,1,0.0,0.0,1.0,0.0,0.06,0.0,0.0,0,50776.0
whois,S0,0,0,0,1.0,1.0,0.02,0.06,0.0,1.0,1.0,1,29823.0
domain_u,SF,29,0,0,0.0,0.0,1.0,0.0,0.06,0.0,0.0,0,89088.0
http,SF,200,19271,1,0.0,0.0,1.0,0.0,0.07,0.0,0.0,0,82242.0
smtp,S0,0,0,0,1.0,1.0,1.0,0.0,0.01,0.97,0.25,1,111608.0
smtp,SF,1362,334,1,0.0,0.0,1.0,0.0,0.0,0.0,0.0,0,99108.0
domain_u,SF,43,80,0,0.0,0.0,1.0,0.0,0.0,0.0,0.0,0,82866.0
finger,SF,7,138,0,0.0,0.0,1.0,0.0,0.29,0.0,0.0,0,35621.0
private,S0,0,0,0,1.0,1.0,0.11,0.05,0.0,1.0,1.0,1,105895.0
private,S0,0,0,0,1.0,1.0,0.1,0.07,0.0,1.0,1.0,1,23093.0
domain_u,SF,45,73,0,0.0,0.0,1.0,0.0,0.0,0.0,0.0,0,89977.0
http,SF,261,15455,1,0.0,0.0,1.0,0.0,0.0,0.0,0.0,0,327.0
domain_u,SF,43,127,0,0.0,0.0,1.0,0.0,0.0,0.0,0.0,0,33868.0
private,S0,0,0,0,1.0,1.0,0.45,0.15,0.0,1.0,1.0,1,46670.0
uucp_path,S0,0,0,0,1.0,1.0,0.02,0.06,0.0,1.0,1.0,1,33575.0
private,S0,0,0,0,1.0,1.0,0.03,0.06,0.0,1.0,1.0,1,79192.0
telnet,SF,104,1351,1,0.0,0.0,1.0,0.0,0.75,0.0,0.0,0,34485.0
http,SF,195,26977,1,0.0,0.0,1.0,0.0,0.02,0.02,0.0,0,73742.0
finger,RSTO,0,0,0,0.0,0.0,0.5,1.0,0.0,0.0,0.0,1,65515.0
private,S0,0,0,0,1.0,1.0,0.04,0.06,0.0,1.0,1.0,1,33426.0
klogin,REJ,0,0,0,0.0,0.0,0.14,0.06,0.0,0.0,0.0,1,113343.0
private,S0,0,0,0,1.0,1.0,0.02,0.06,0.0,1.0,1.0,1,113416.0
http,SF,300,292,1,0.0,0.0,1.0,0.0,0.01,0.0,0.0,0,48983.0
http,SF,54540,8314,1,0.0,0.0,1.0,0.0,0.0,0.0,0.0,1,20125.0
ftp_data,SF,1470,0,1,0.0,0.0,1.0,0.0,0.05,0.0,0.0,0,23601.0
nntp,S0,0,0,0,1.0,1.0,0.11,0.06,0.0,1.0,1.0,1,107774.0
private,S0,0,0,0,1.0,1.0,0.14,0.06,0.0,1.0,1.0,1,62997.0
other,RSTR,1,0,0,0.0,0.0,1.0,0.0,0.0,0.0,0.0,1,45504.0
private,SF,1,0,0,0.0,0.0,0.92,0.05,0.0,0.0,0.0,1,114376.0
http,SF,215,1728,1,0.0,0.0,1.0,0.0,0.0,0.0,0.0,0,45597.0
http,SF,327,1165,1,0.0,0.0,1.0,0.0,0.04,0.0,0.0,0,9837.0
netbios_ns,S0,0,0,0,1.0,1.0,0.03,0.07,0.0,1.0,1.0,1,20558.0
other,REJ,0,0,0,0.18,0.0,0.0,1.0,0.0,0.2,0.0,1,120104.0
http,SF,303,2698,1,0.0,0.0,1.0,0.0,0.0,0.0,0.0,0,26902.0
iso_tsap,S0,0,0,0,1.0,1.0,0.06,0.06,0.0,1.0,1.0,1,68669.0
auth,S0,0,0,0,1.0,1.0,0.07,0.04,0.0,1.0,1.0,1,4170.0
ftp,SF,1496,4152,1,0.0,0.0,1.0,0.0,0.0,0.0,0.0,0,14443.0
courier,S0,0,0,0,1.0,1.0,0.14,0.06,0.0,1.0,1.0,1,7472.0
http,SF,200,313,1,0.0,0.0,1.0,0.0,0.0,0.0,0.0,0,117855.0
ftp_data,SF,11,0,1,0.0,0.0,1.0,0.0,0.02,0.0,0.0,0,92743.0
domain_u,SF,46,76,0,0.0,0.0,0.99,0.01,0.0,0.0,0.0,0,86984.0
http,S0,0,0,0,1.0,1.0,0.27,0.08,0.0,1.0,1.0,1,69228.0
vmnet,S0,0,0,0,1.0,1.0,0.0,0.07,0.0,1.0,1.0,1,25277.0
private,S0,0,0,0,1.0,1.0,0.09,0.05,0.0,1.0,1.0,1,48279.0
ecr_i,SF,1032,0,0,0.0,0.0,1.0,0.0,0.0,0.0,0.0,1,116027.0
smtp,SF,848,328,1,0.0,0.0,1.0,0.0,0.02,0.01,0.01,0,43377.0
private,REJ,0,0,0,0.0,0.0,0.07,0.06,0.0,0.0,0.0,1,70983.0
http,SF,162,24486,1,0.0,0.0,1.0,0.0,0.01,0.03,0.01,0,93205.0
smtp,SF,967,335,1,0.0,0.0,0.5,1.0,0.03,0.0,0.0,0,93249.0
ftp_data,S0,0,0,0,1.0,1.0,0.04,0.06,0.0,1.0,1.0,1,103318.0
private,REJ,0,0,0,0.0,0.0,0.5,1.0,0.0,0.0,0.0,1,109272.0
http,S0,0,0,0,0.94,1.0,0.94,0.12,0.0,1.0,1.0,1,74511.0
ftp,SF,1194,2449,1,0.0,0.0,1.0,0.0,0.0,0.02,0.0,1,29434.0
http,SF,244,630,1,0.0,0.0,1.0,0.0,0.0,0.0,0.0,0,47391.0
http,REJ,0,0,0,0.0,0.0,1.0,0.0,0.01,0.02,0.0,0,67902.0
http,REJ,0,0,0,0.0,0.0,1.0,0.0,0.18,0.0,0.01,0,115943.0
http,SF,328,289,1,0.0,0.0,1.0,0.0,0.03,0.0,0.0,0,85342.0
ftp_data,SF,88382,0,1,0.0,0.0,1.0,0.0,0.0,0.0,0.0,0,104401.0
private,REJ,0,0,0,0.0,0.0,1.0,0.0,1.0,0.0,0.0,1,119194.0
http,SF,293,1193,1,0.0,0.0,1.0,0.0,0.02,0.0,0.0,0,8378.0
private,S0,0,0,0,1.0,1.0,0.26,0.05,0.0,1.0,1.0,1,87744.0
http,REJ,0,0,0,0.0,0.0,1.0,0.0,0.11,0.0,0.0,0,110961.0
smtp,SF,1424,329,1,0.0,0.0,1.0,0.0,0.01,0.0,0.0,0,42606.0
telnet,S0,0,0,0,1.0,1.0,0.1,0.19,0.0,1.0,1.0,1,42181.0
ecr_i,SF,1032,0,0,0.0,0.0,1.0,0.0,0.0,0.0,0.0,1,79979.0
private,S0,0,0,0,1.0,1.0,0.04,0.06,0.0,1.0,1.0,1,38901.0
http,SF,296,512,1,0.0,0.0,1.0,0.0,0.04,0.0,0.0,0,38123.0
http,REJ,0,0,0,0.0,0.0,1.0,0.0,0.23,0.0,0.0,0,886.0
private,SF,105,147,0,0.0,0.0,1.0,0.0,0.0,0.0,0.0,0,119721.0
telnet,SF,165,4216,1,0.0,0.0,1.0,0.0,0.0,1.0,0.0,0,67669.0
ldap,REJ,0,0,0,0.0,0.0,0.05,0.07,0.0,0.0,0.0,1,66548.0
private,REJ,0,0,0,0.0,0.0,0.03,0.06,0.0,0.0,0.0,1,118476.0
private,S0,0,0,0,1.0,1.0,0.01,0.09,0.0,1.0,1.0,1,10467.0
private,REJ,0,0,0,0.06,0.0,0.0,1.0,0.0,0.1,0.0,1,21162.0
http,SF,218,307,1,0.0,0.0,1.0,0.0,0.0,0.01,0.01,0,90635.0
http,SF,332,281,1,0.0,0.0,1.0,0.0,0.0,0.0,0.0,0,55979.0
ftp_data,SF,1339,0,1,0.0,0.0,1.0,0.0,0.0,0.0,0.0,0,73455.0
bgp,S0,0,0,0,1.0,1.0,0.02,0.07,0.0,1.0,1.0,1,78334.0
domain_u,SF,42,108,0,0.0,0.0,1.0,0.0,0.0,0.0,0.0,0,55703.0
domain,S0,0,0,0,1.0,1.0,0.09,0.06,0.0,1.0,1.0,1,78469.0
http,SF,298,8083,1,0.0,0.0,1.0,0.0,0.04,0.02,0.0,0,125247.0
smtp,SF,1086,452,1,0.0,0.0,1.0,0.0,0.0,0.96,0.0,0,60337.0
domain_u,SF,30,0,0,0.0,0.0,1.0,0.0,0.0,0.0,0.0,0,6259.0
smtp,SF,794,337,1,0.0,0.0,1.0,0.0,0.01,0.0,0.0,0,85272.0
private,REJ,0,0,0,0.0,0.0,0.18,0.07,0.0,0.0,0.0,1,12499.0
other,SF,146,105,0,0.0,0.0,1.0,0.0,0.0,0.0,0.0,0,32818.0
http,REJ,0,0,0,0.0,0.0,1.0,0.0,0.0,0.0,0.0,0,59535.0
http,SF,298,4540,1,0.0,0.0,1.0,0.0,0.05,0.0,0.0,0,74496.0
http,S2,152,0,1,1.0,0.29,1.0,0.0,0.03,0.2,0.02,0,59509.0
http,SF,210,627,1,0.0,0.0,1.0,0.0,0.05,0.0,0.0,0,86293.0
domain_u,SF,44,44,0,0.0,0.0,1.0,0.0,0.0,0.0,0.0,0,98899.0
http,SF,189,687,1,0.0,0.0,1.0,0.0,0.02,0.0,0.0,0,67864.0
http,SF,300,7189,1,0.0,0.0,1.0,0.0,0.01,0.0,0.0,0,51227.0
http,SF,307,290,1,0.0,0.0,1.0,0.0,0.0,0.0,0.0,0,80293.0
http,SF,337,1112,1,0.0,0.0,1.0,0.0,0.0,0.0,0.0,0,32104.0
other,SF,147,105,0,0.0,0.0,0.2,0.6,0.0,0.0,0.0,0,18695.0
http,SF,270,13171,1,0.0,0.0,1.0,0.0,0.01,0.0,0.0,0,70852.0
http,SF,204,1896,1,0.0,0.12,1.0,0.0,0.04,0.0,0.0,0,72929.0
private,REJ,0,0,0,0.09,0.0,0.0,1.0,0.0,0.07,0.0,1,123485.0
private,SF,1,0,0,0.0,0.0,0.07,0.11,0.0,0.05,0.0,1,96655.0
private,S0,0,0,0,1.0,1.0,0.07,0.06,0.0,1.0,1.0,1,125801.0
http,SF,289,8052,1,0.0,0.0,1.0,0.0,0.02,0.0,0.01,0,124672.0
ecr_i,SF,1032,0,0,0.0,0.0,1.0,0.0,0.0,0.0,0.0,1,36119.0
private,S0,0,0,0,1.0,1.0,0.24,0.04,0.0,1.0,1.0,1,6667.0
urp_i,SF,78,0,0,0.0,0.0,0.4,0.1,0.0,0.0,0.0,0,345.0
finger,SF,8,147,0,0.0,0.0,1.0,0.0,0.0,0.69,0.91,0,15904.0
sunrpc,S0,0,0,0,1.0,1.0,0.01,0.06,0.0,1.0,1.0,1,53166.0
http,SF,338,557,1,0.0,0.0,1.0,0.0,0.0,0.0,0.0,0,97282.0
private,S0,0,0,0,1.0,1.0,0.1,0.06,0.0,1.0,1.0,1,26442.0
http,SF,344,1396,1,0.0,0.0,1.0,0.0,0.0,0.01,0.01,0,3212.0
private,SF,28,0,0,0.0,0.0,1.0,0.0,0.0,0.01,0.0,1,34888.0
smtp,SF,1179,337,1,0.0,0.0,1.0,0.0,0.01,0.0,0.0,0,94367.0
domain_u,SF,46,132,0,0.0,0.0,1.0,0.0,0.0,0.0,0.0,0,112954.0
http,SF,287,5200,1,0.0,0.0,1.0,0.0,0.0,0.0,0.0,0,56417.0
ftp_data,S1,8760,0,0,0.14,0.17,0.86,0.29,0.0,0.01,0.02,0,81643.0
mtp,S0,0,0,0,1.0,1.0,0.07,0.06,0.0,1.0,1.0,1,63947.0
private,S0,0,0,0,1.0,1.0,0.05,0.06,0.0,1.0,1.0,1,98934.0
discard,S0,0,0,0,1.0,1.0,0.05,0.07,0.0,1.0,1.0,1,36181.0
http,SF,323,1529,1,0.0,0.0,1.0,0.0,0.0,0.0,0.0,0,120523.0
domain_u,SF,44,129,0,0.0,0.0,0.99,0.03,0.0,0.0,0.0,0,62557.0
smtp,SF,576,333,1,0.0,0.0,1.0,0.0,0.02,0.0,0.0,0,70859.0
other,SF,516,4,0,0.0,0.0,1.0,0.0,0.0,0.0,0.0,0,53017.0
http,SF,54540,8314,1,0.0,0.0,1.0,0.0,0.0,0.0,0.0,1,108503.0
other,SF,147,105,0,0.0,0.0,1.0,0.0,0.0,0.0,0.0,0,98853.0
other,SF,516,4,0,0.0,0.0,1.0,0.0,0.0,0.0,0.0,0,62122.0
smtp,SF,2206,331,1,0.0,0.0,1.0,0.0,0.0,0.01,0.0,0,120641.0
netbios_ssn,S0,0,0,0,1.0,1.0,0.04,0.07,0.0,1.0,1.0,1,8077.0
private,S0,0,0,0,1.0,1.0,0.12,0.05,0.0,1.0,1.0,1,13526.0
http,SF,242,607,1,0.0,0.0,1.0,0.0,0.0,0.0,0.0,0,81142.0
IRC,RSTR,188,8462,1,0.0,0.0,1.0,0.0,0.0,0.0,0.0,0,107730.0
http,SF,209,717,1,0.0,0.0,1.0,0.0,0.04,0.0,0.0,0,84660.0
ftp_data,SF,960,0,1,0.0,0.0,1.0,0.0,0.0,0.0,0.01,0,22925.0
link,S0,0,0,0,1.0,1.0,0.02,0.06,0.0,1.0,1.0,1,6330.0
echo,S0,0,0,0,1.0,1.0,0.04,0.06,0.0,1.0,1.0,1,105869.0
domain_u,SF,126,44,0,0.0,0.0,1.0,0.01,0.0,0.0,0.0,0,10698.0
supdup,S0,0,0,0,1.0,1.0,0.1,0.07,0.0,1.0,1.0,1,75652.0
private,SF,28,0,0,0.0,0.0,1.0,0.0,0.0,0.09,0.0,1,78424.0
ftp_data,S0,0,0,0,1.0,1.0,0.22,0.1,0.0,1.0,1.0,1,107442.0
ftp_data,SH,0,0,0,1.0,1.0,1.0,0.0,0.0,1.0,1.0,1,77536.0
smtp,SF,822,335,1,0.0,0.0,1.0,0.0,0.01,0.0,0.0,0,94156.0
http,SF,236,2514,1,0.0,0.0,1.0,0.0,0.02,0.01,0.0,0,111158.0
private,S0,0,0,0,1.0,1.0,0.06,0.06,0.0,1.0,1.0,1,21262.0
private,S0,0,0,0,1.0,1.0,0.01,0.06,0.0,1.0,1.0,1,106805.0
http,SF,152,8718,1,0.0,0.0,1.0,0.0,0.02,0.0,0.0,0,120222.0
auth,REJ,0,0,0,0.0,0.0,1.0,0.0,0.0,0.05,0.0,0,58260.0
http,SF,264,988,1,0.0,0.0,1.0,0.0,0.05,0.0,0.0,0,80349.0
private,RSTR,1,0,0,0.0,0.0,1.0,0.0,0.0,0.0,0.0,1,64081.0
http,SF,318,2649,1,0.0,0.0,1.0,0.0,0.09,0.0,0.0,0,479.0
sunrpc,S0,0,0,0,1.0,1.0,0.03,0.06,0.0,1.0,1.0,1,92009.0
private,S0,0,0,0,1.0,1.0,0.05,0.06,0.0,1.0,1.0,1,96800.0
courier,S0,0,0,0,1.0,1.0,0.1,0.06,0.0,1.0,1.0,1,102702.0
supdup,S0,0,0,0,1.0,1.0,0.09,0.07,0.0,1.0,1.0,1,58562.0
vmnet,S0,0,0,0,1.0,1.0,0.04,0.06,0.0,1.0,1.0,1,115590.0
private,S0,0,0,0,1.0,1.0,0.04,0.06,0.0,1.0,1.0,1,78169.0
http,SF,213,2019,1,0.0,0.0,1.0,0.0,0.02,0.0,0.0,0,73971.0
ecr_i,SF,30,0,0,0.0,0.0,1.0,0.0,0.0,0.0,0.0,0,113723.0
http,SF,247,6534,1,0.0,0.0,1.0,0.0,0.04,0.0,0.0,0,45157.0
http,SF,218,839,1,0.0,0.0,1.0,0.0,0.06,0.0,0.0,0,4635.0
IRC,RSTR,922,6393,0,0.0,0.0,1.0,0.0,0.0,0.02,0.06,0,9086.0
http,SF,320,484,1,0.0,0.0,1.0,0.0,0.0,0.0,0.0,0,61849.0
domain_u,SF,44,44,0,0.0,0.0,1.0,0.0,0.0,0.0,0.0,0,21410.0
http,SF,297,784,1,0.0,0.0,1.0,0.0,0.02,0.0,0.0,0,23083.0
http,SF,229,684,1,0.0,0.0,1.0,0.0,0.01,0.0,0.0,0,17232.0
http,REJ,0,0,0,0.0,0.0,1.0,0.0,0.12,0.0,0.0,0,65081.0
eco_i,SF,8,0,0,0.0,0.0,1.0,0.0,0.5,0.0,0.0,1,103733.0
http,SF,216,1154,1,0.0,0.0,1.0,0.0,0.07,0.0,0.0,0,42167.0
private,S0,0,0,0,1.0,1.0,0.06,0.05,0.0,1.0,1.0,1,96848.0
ecr_i,SF,1032,0,0,0.0,0.0,1.0,0.0,0.0,0.0,0.0,1,58667.0
ftp_data,SF,1699,0,1,0.0,0.0,1.0,0.0,0.0,0.02,0.03,0,113541.0
Z39_50,S0,0,0,0,1.0,1.0,0.09,0.08,0.0,1.0,1.0,1,36178.0
ldap,S0,0,0,0,1.0,1.0,0.08,0.05,0.0,1.0,1.0,1,35558.0
uucp_path,S0,0,0,0,1.0,1.0,0.04,0.06,0.0,1.0,1.0,1,18465.0
http,SF,199,3632,1,0.0,0.0,1.0,0.0,0.05,0.0,0.0,0,58856.0
domain_u,SF,43,72,0,0.0,0.0,1.0,0.0,0.0,0.0,0.0,0,36262.0
http,SF,233,25519,1,0.0,0.0,1.0,0.0,0.0,0.0,0.0,0,65502.0
private,S0,0,0,0,1.0,1.0,0.02,0.05,0.0,0.97,1.0,1,26702.0
telnet,SF,127,1303,1,0.0,0.0,1.0,0.0,0.0,0.01,0.04,0,55540.0
vmnet,REJ,0,0,0,0.0,0.0,0.01,0.07,0.0,0.0,0.0,1,93370.0
domain_u,SF,46,74,0,0.0,0.0,0.99,0.02,0.0,0.0,0.0,0,102277.0
http,SF,241,4359,1,0.0,0.0,1.0,0.0,0.0,0.0,0.0,0,78940.0
hostnames,S0,0,0,0,1.0,1.0,0.24,0.29,0.0,1.0,1.0,1,92853.0
netbios_dgm,S0,0,0,0,1.0,1.0,0.16,0.07,0.0,1.0,1.0,1,52058.0
other,RSTR,1,0,0,0.0,0.0,1.0,0.0,0.0,0.0,0.0,1,8178.0
http,REJ,0,0,0,0.0,0.0,0.06,0.07,0.0,0.0,0.0,1,95055.0
courier,S0,0,0,0,1.0,1.0,0.16,0.05,0.0,1.0,1.0,1,110959.0
ftp_data,SF,276,0,0,0.0,0.0,1.0,0.0,0.08,0.0,0.0,0,98971.0
http,SF,153,1572,1,0.0,0.0,1.0,0.0,0.05,0.0,0.02,0,15396.0
http,SF,262,5320,1,0.0,0.0,1.0,0.0,0.0,0.0,0.0,0,82018.0
bgp,S0,0,0,0,1.0,1.0,0.07,0.06,0.0,1.0,1.0,1,15788.0
http,REJ,0,0,0,0.0,0.0,0.04,0.07,0.0,0.0,0.0,1,25299.0
private,SH,0,0,0,1.0,1.0,1.0,0.0,0.0,0.62,1.0,1,56481.0
discard,S0,0,0,0,1.0,1.0,0.17,0.83,0.0,1.0,1.0,1,114402.0
http,SF,245,263,1,0.08,0.08,1.0,0.0,0.0,0.01,0.01,0,106339.0
http,SF,157,405,1,0.0,0.0,1.0,0.0,0.02,0.0,0.0,0,97900.0
http,SF,54540,8314,1,0.0,0.0,1.0,0.0,0.0,0.03,0.03,1,84715.0
http,SF,201,712,1,0.0,0.0,1.0,0.0,0.04,0.0,0.0,0,85007.0
http,SF,325,15928,1,0.0,0.0,1.0,0.0,0.02,0.0,0.0,0,87918.0
eco_i,SF,18,0,0,0.0,0.0,1.0,0.0,0.25,0.0,0.0,1,106525.0
iso_tsap,S0,0,0,0,1.0,1.0,0.08,0.07,0.0,1.0,1.0,1,38803.0
http,REJ,0,0,0,0.0,0.0,1.0,0.0,0.1,0.0,0.0,0,60898.0
other,SF,146,105,0,0.0,0.0,1.0,0.0,0.0,0.0,0.0,0,12932.0
domain_u,SF,44,137,0,0.0,0.0,0.99,0.03,0.0,0.0,0.0,0,10983.0
private,S0,0,0,0,1.0,1.0,0.06,0.07,0.0,1.0,1.0,1,74737.0
http,SF,345,1610,1,0.0,0.0,1.0,0.0,0.01,0.0,0.0,0,109412.0
efs,S0,0,0,0,1.0,1.0,0.09,0.06,0.0,1.0,1.0,1,105737.0
http,SF,332,2344,1,0.0,0.0,1.0,0.0,0.03,0.0,0.0,0,24074.0
http,SF,207,960,1,0.0,0.0,1.0,0.0,0.05,0.0,0.0,0,58630.0
smtp,SF,1255,331,1,0.0,0.0,1.0,0.0,0.01,0.0,0.0,0,25073.0
systat,S0,0,0,0,1.0,1.0,0.04,0.08,0.0,1.0,1.0,1,3925.0
eco_i,SF,8,0,0,0.0,0.0,1.0,0.0,0.5,0.0,0.0,1,68610.0
http,SF,316,1376,1,0.0,0.0,1.0,0.0,0.0,0.0,0.0,0,77246.0
ftp_data,S0,0,0,0,1.0,1.0,0.4,0.6,0.0,1.0,1.0,1,31544.0
http,SF,215,1644,1,0.0,0.0,1.0,0.0,0.04,0.0,0.0,0,9343.0
ecr_i,SF,1032,0,0,0.0,0.0,1.0,0.0,0.0,0.0,0.0,1,75653.0
private,S0,0,0,0,1.0,1.0,0.01,0.07,0.0,1.0,1.0,1,12084.0
http,SF,165,4357,1,0.0,0.0,1.0,0.0,0.02,0.0,0.01,0,5159.0
whois,REJ,0,0,0,0.0,0.0,0.01,0.07,0.0,0.0,0.0,1,74372.0
login,S0,0,0,0,1.0,1.0,0.12,0.06,0.0,1.0,1.0,1,70532.0
ftp_data,SF,748,0,1,0.0,0.0,1.0,0.0,0.0,0.0,0.0,0,70367.0
private,S0,0,0,0,1.0,1.0,0.14,0.05,0.0,1.0,1.0,1,81056.0
uucp,S0,0,0,0,1.0,1.0,0.06,0.06,0.0,1.0,1.0,1,116099.0
http,REJ,0,0,0,0.0,0.0,1.0,0.0,0.14,0.0,0.0,0,124712.0
private,REJ,0,0,0,0.0,0.0,0.72,0.12,0.0,0.0,0.0,1,43372.0
private,S0,0,0,0,1.0,1.0,0.1,0.06,0.0,1.0,1.0,1,47540.0
private,REJ,0,0,0,0.0,0.0,0.06,0.07,0.0,0.0,0.0,1,22752.0
gopher,S0,0,0,0,1.0,1.0,0.06,0.08,0.0,1.0,1.0,1,4890.0
http,REJ,0,0,0,0.0,0.0,1.0,0.0,0.05,0.0,0.0,0,90456.0
private,S0,0,0,0,1.0,1.0,0.15,0.05,0.0,1.0,1.0,1,75194.0
http,SF,252,9514,1,0.0,0.0,1.0,0.0,0.05,0.0,0.0,0,102442.0
http,SF,306,511,1,0.0,0.0,1.0,0.0,0.0,0.0,0.0,0,44596.0
http,SF,308,253,1,0.0,0.0,1.0,0.0,0.01,0.0,0.0,0,40489.0
private,S0,0,0,0,1.0,1.0,0.03,0.08,0.0,1.0,1.0,1,70763.0
private,S0,0,0,0,1.0,1.0,0.23,0.05,0.0,1.0,1.0,1,19077.0
private,S0,0,0,0,1.0,1.0,0.2,0.06,0.0,1.0,1.0,1,15950.0
telnet,SF,113,4070,1,0.0,0.0,1.0,0.0,0.0,0.0,0.0,0,100767.0
smtp,SF,768,332,1,0.0,0.0,1.0,0.0,0.01,0.01,0.01,0,93975.0
eco_i,SF,18,0,0,0.0,0.0,1.0,0.0,1.0,0.0,0.0,1,80995.0
private,S0,0,0,0,1.0,1.0,0.07,0.06,0.0,1.0,1.0,1,79404.0
http,SF,327,787,1,0.0,0.0,1.0,0.0,0.02,0.0,0.01,0,104206.0
time,S0,0,0,0,1.0,1.0,0.05,0.06,0.0,1.0,1.0,1,71343.0
http,SF,337,474,1,0.0,0.0,1.0,0.0,0.03,0.0,0.0,0,15951.0
smtp,SF,692,328,1,0.0,0.0,1.0,0.0,0.0,0.01,0.0,0,32616.0
http,SF,226,2630,1,0.0,0.0,1.0,0.0,0.07,0.0,0.0,0,25097.0
http,SF,220,341,1,0.0,0.0,1.0,0.0,0.0,0.0,0.0,0,102646.0
http,SF,268,970,1,0.0,0.0,1.0,0.0,0.05,0.0,0.0,0,14217.0
http,SF,217,1371,1,0.0,0.0,1.0,0.0,0.0,0.0,0.0,0,53780.0
systat,S0,0,0,0,1.0,1.0,0.16,0.16,0.0,1.0,1.0,1,115192.0
http,SF,212,1951,1,0.0,0.0,1.0,0.0,0.02,0.0,0.01,0,70772.0
http,SF,217,706,1,0.0,0.0,1.0,0.0,0.0,0.0,0.0,0,63299.0
whois,RSTOS0,0,0,0,0.69,0.5,0.01,0.39,0.0,0.44,0.5,1,106083.0
http,SF,247,9324,1,0.0,0.0,1.0,0.0,0.17,0.0,0.0,0,14325.0
finger,S0,0,0,0,1.0,1.0,0.05,0.07,0.0,1.0,1.0,1,4123.0
domain_u,SF,46,86,0,0.0,0.0,1.0,0.0,0.0,0.0,0.0,0,40708.0
http,SF,315,318,1,0.0,0.0,1.0,0.0,0.02,0.01,0.0,0,41469.0
ftp_data,SF,9,0,1,0.0,0.0,1.0,0.0,0.03,0.0,0.0,0,80718.0
http,SF,356,2254,1,0.0,0.0,1.0,0.0,0.04,0.0,0.0,0,36438.0
smtp,SF,12418,1431,1,0.0,0.0,1.0,0.0,0.01,0.0,0.0,0,17854.0
http,SF,305,1651,1,0.0,0.0,1.0,0.0,0.04,0.0,0.0,0,111261.0
private,S0,0,0,0,1.0,1.0,0.06,0.06,0.0,1.0,1.0,1,31326.0
domain_u,SF,44,70,0,0.0,0.0,0.99,0.01,0.0,0.0,0.0,0,33155.0
private,S0,0,0,0,1.0,1.0,0.06,0.07,0.0,1.0,1.0,1,1163.0
finger,S0,0,0,0,0.91,1.0,0.45,0.36,0.0,1.0,1.0,1,77345.0
private,SF,105,0,0,0.0,0.0,1.0,0.0,0.0,0.0,0.0,0,8327.0
supdup,S0,0,0,0,1.0,1.0,0.04,0.08,0.0,1.0,1.0,1,42892.0
http,SF,308,3222,1,0.0,0.0,1.0,0.0,0.0,0.0,0.0,0,118608.0
domain_u,SF,1,0,0,0.0,0.0,0.25,0.12,0.0,0.03,0.0,1,34273.0
private,REJ,0,0,0,0.0,0.0,0.03,0.07,0.0,0.0,0.0,1,67589.0
http,SF,155,8768,1,0.0,0.0,1.0,0.0,0.01,0.0,0.01,0,84439.0
time,S0,0,0,0,1.0,1.0,0.0,0.07,0.0,1.0,1.0,1,72699.0
smtp,SF,1113,334,1,0.0,0.0,1.0,0.0,0.01,0.01,0.01,0,114529.0
private,S0,0,0,0,1.0,1.0,0.09,0.08,0.0,1.0,1.0,1,22502.0
telnet,S0,0,0,0,1.0,1.0,0.33,0.33,0.0,1.0,1.0,1,17100.0
supdup,S0,0,0,0,1.0,1.0,0.08,0.06,0.0,1.0,1.0,1,116746.0
smtp,SF,1331,330,1,0.0,0.0,1.0,0.0,0.01,0.0,0.0,0,50545.0
http,SF,322,270,1,0.0,0.0,1.0,0.0,0.0,0.0,0.0,0,14402.0
http,SF,225,616,1,0.0,0.0,1.0,0.0,0.02,0.0,0.0,0,31767.0
private,SF,105,145,0,0.0,0.0,0.25,0.5,0.0,0.0,0.0,0,55123.0
http,REJ,0,0,0,0.0,0.0,1.0,0.0,0.08,0.0,0.0,0,83888.0
mtp,REJ,0,0,0,0.0,0.0,0.18,0.08,0.0,0.0,0.0,1,44571.0
http,REJ,0,0,0,0.0,0.0,1.0,0.0,0.07,0.0,0.0,0,93886.0
Z39_50,S0,0,0,0,1.0,1.0,0.11,0.07,0.0,1.0,1.0,1,79232.0
whois,S0,0,0,0,1.0,1.0,0.0,0.07,0.0,1.0,1.0,1,101103.0
http,SF,211,391,1,0.0,0.0,1.0,0.0,0.0,0.0,0.0,0,67118.0
ftp_data,SF,26,0,1,0.0,0.0,1.0,0.0,0.0,0.0,0.0,0,38617.0
smtp,SF,1095,328,1,0.0,0.0,1.0,0.0,0.02,0.0,0.0,0,43195.0
ftp,S0,0,0,0,1.0,1.0,0.02,0.06,0.0,1.0,1.0,1,120119.0
private,S0,0,0,0,1.0,1.0,0.09,0.07,0.0,1.0,1.0,1,17256.0
uucp,RSTO,0,0,0,0.0,0.0,0.02,0.07,0.0,0.0,0.0,1,76003.0
http,SF,224,26956,1,0.0,0.0,1.0,0.0,0.05,0.0,0.0,0,35586.0
ctf,REJ,0,0,0,0.0,0.0,0.05,0.06,0.0,0.0,0.0,1,70905.0
eco_i,SF,8,0,0,0.0,0.0,1.0,0.0,0.53,0.0,0.0,1,121512.0
telnet,RSTO,1,15,0,0.0,0.0,1.0,0.0,0.0,0.0,0.0,0,48950.0
telnet,S0,0,0,0,1.0,1.0,0.06,0.05,0.0,1.0,1.0,1,52235.0
other,REJ,0,0,0,0.05,0.0,0.0,0.96,0.0,0.02,0.0,1,9931.0
http,REJ,0,0,0,0.0,0.0,1.0,0.0,0.18,0.0,0.0,0,25293.0
private,S0,0,0,0,1.0,1.0,0.01,0.06,0.0,1.0,1.0,1,19894.0
telnet,S0,0,0,0,1.0,1.0,0.27,0.18,0.0,1.0,1.0,1,25941.0
smtp,SF,1676,337,1,0.0,0.0,1.0,0.0,0.04,0.0,0.0,0,32045.0
http,SF,228,1512,1,0.0,0.0,1.0,0.0,0.0,0.0,0.0,0,62897.0
private,S0,0,0,0,1.0,1.0,0.1,0.08,0.0,1.0,1.0,1,11806.0
http,SF,267,666,1,0.0,0.0,1.0,0.0,0.01,0.0,0.0,0,13603.0
http,SF,306,304,1,0.0,0.0,1.0,0.0,0.02,0.0,0.0,0,16379.0
smtp,SF,900,337,1,0.0,0.0,1.0,0.0,0.01,0.0,0.0,0,6577.0
http,SF,201,736,1,0.0,0.0,1.0,0.0,0.02,0.0,0.0,0,72653.0
private,S0,0,0,0,1.0,1.0,0.02,0.09,0.0,1.0,1.0,1,70730.0
imap4,S0,0,0,0,1.0,1.0,0.01,0.06,0.0,1.0,1.0,1,113028.0
gopher,S0,0,0,0,1.0,1.0,0.09,0.05,0.0,1.0,1.0,1,109035.0
http,SF,328,253,1,0.0,0.0,1.0,0.0,0.0,0.0,0.0,0,64405.0
nnsp,S0,0,0,0,1.0,1.0,0.13,0.06,0.0,1.0,1.0,1,67809.0
http,SF,235,2688,1,0.0,0.0,1.0,0.0,0.0,0.0,0.0,0,42844.0
eco_i,SF,18,0,0,0.0,0.0,1.0,0.0,1.0,0.0,0.0,1,9189.0
http,SF,200,1450,1,0.0,0.0,1.0,0.0,0.03,0.0,0.0,0,25425.0
ecr_i,SF,520,0,0,0.0,0.0,1.0,0.0,0.0,0.0,0.0,1,48452.0
smtp,SF,1140,330,1,0.0,0.0,1.0,0.0,0.01,0.0,0.0,0,90699.0
http,SF,217,2431,1,0.0,0.0,1.0,0.0,0.02,0.0,0.0,0,51423.0
http,SF,285,478,1,0.0,0.0,1.0,0.0,0.03,0.0,0.0,0,102645.0
http,SF,301,511,1,0.0,0.0,1.0,0.0,0.0,0.0,0.0,0,23990.0
other,SF,1,0,0,0.0,0.0,0.18,0.64,0.0,0.0,0.0,1,35090.0
finger,S0,0,0,0,1.0,1.0,0.39,0.17,0.0,1.0,1.0,1,54637.0
http,SF,222,278,1,0.0,0.0,1.0,0.0,0.0,0.0,0.0,0,19595.0
private,S0,0,0,0,1.0,1.0,0.08,0.05,0.0,1.0,1.0,1,114389.0
http,SF,222,453,1,0.0,0.0,1.0,0.0,0.06,0.0,0.0,0,110628.0
ecr_i,SF,1032,0,0,0.0,0.0,1.0,0.0,0.0,0.0,0.0,1,2258.0
other,SF,147,0,0,0.0,0.0,0.5,1.0,0.0,0.0,0.0,0,113252.0
private,S0,0,0,0,1.0,1.0,0.02,0.06,0.0,1.0,1.0,1,5235.0
private,S0,0,0,0,1.0,1.0,0.03,0.06,0.0,1.0,1.0,1,50827.0
telnet,S0,0,0,0,1.0,1.0,0.06,0.07,0.0,1.0,1.0,1,83435.0
http,SF,209,25167,1,0.0,0.0,1.0,0.0,0.04,0.0,0.0,0,30515.0
smtp,SF,22532,1437,1,0.0,0.0,1.0,0.0,0.01,0.0,0.0,0,49425.0
ecr_i,SF,1032,0,0,0.0,0.0,1.0,0.0,0.0,0.01,0.0,1,104084.0
telnet,SF,1357,227537,1,0.0,0.0,1.0,0.0,1.0,0.0,0.0,0,31166.0
ftp,SF,57,170,0,0.0,0.0,1.0,0.0,0.0,0.0,0.0,0,68525.0
auth,S0,0,0,0,1.0,1.0,0.08,0.04,0.0,1.0,1.0,1,34076.0
http,SF,302,1015,1,0.0,0.0,1.0,0.0,0.02,0.0,0.0,0,61061.0
ftp_data,SF,3690,0,1,0.0,0.0,1.0,0.0,0.0,0.0,0.0,0,43512.0
netbios_ns,S0,0,0,0,1.0,1.0,0.04,0.05,0.0,1.0,1.0,1,97343.0
private,SF,105,147,0,0.0,0.0,1.0,0.0,0.0,0.0,0.0,0,50273.0
private,REJ,0,0,0,0.0,0.0,0.5,1.0,0.0,0.0,0.0,1,107603.0
http,SF,173,2486,1,0.0,0.0,1.0,0.0,0.03,0.02,0.0,0,77999.0
domain_u,SF,46,46,0,0.0,0.0,0.99,0.01,0.0,0.0,0.0,0,70178.0
domain,S0,0,0,0,1.0,1.0,0.04,0.06,0.0,1.0,1.0,1,92295.0
ecr_i,SF,1480,0,0,0.0,0.0,1.0,0.0,0.0,0.55,0.0,1,101637.0
http,SF,297,1423,1,0.0,0.0,1.0,0.0,0.02,0.0,0.0,0,1710.0
private,S0,0,0,0,1.0,1.0,0.02,0.05,0.0,1.0,1.0,1,96738.0
private,SF,28,0,0,0.0,0.0,1.0,0.0,0.0,0.02,0.0,1,115796.0
domain_u,SF,44,92,0,0.0,0.0,1.0,0.0,0.0,0.0,0.0,0,125555.0
http,SF,362,1297,1,0.0,0.0,1.0,0.0,0.05,0.0,0.0,0,118607.0
http,REJ,0,0,0,0.0,0.0,1.0,0.0,0.0,0.04,0.0,0,41164.0
http,SF,201,9544,1,0.0,0.0,1.0,0.0,0.02,0.0,0.0,0,50476.0
http,SF,313,2249,1,0.0,0.0,1.0,0.0,0.0,0.0,0.0,0,85196.0
urp_i,SF,78,0,0,0.0,0.0,0.12,0.08,0.0,0.0,0.0,0,92641.0
http,SF,307,5280,1,0.0,0.0,1.0,0.0,0.0,0.0,0.0,0,34693.0
netbios_ssn,S0,0,0,0,1.0,1.0,0.03,0.07,0.0,1.0,1.0,1,71611.0
urp_i,SF,130,0,0,0.0,0.0,1.0,0.0,0.0,0.0,0.0,0,47761.0
domain_u,SF,44,119,0,0.0,0.0,1.0,0.0,0.0,0.0,0.0,0,80446.0
auth,SF,10,39,1,0.0,0.0,1.0,0.0,0.25,0.0,0.0,0,20211.0
smtp,SF,2136,404,1,0.0,0.0,1.0,0.0,0.01,0.0,0.0,0,71169.0
private,S0,0,0,0,1.0,1.0,0.14,0.06,0.0,1.0,1.0,1,25143.0
smtp,SF,1188,333,1,0.0,0.0,1.0,0.0,0.01,0.0,0.0,0,13306.0
http,SF,231,1545,1,0.0,0.0,1.0,0.0,0.02,0.0,0.0,0,57774.0
http,SF,303,757,1,0.0,0.0,1.0,0.0,0.0,0.0,0.0,0,68116.0
gopher,S0,0,0,0,1.0,1.0,0.11,0.05,0.0,1.0,1.0,1,69726.0
http,SF,293,1875,1,0.0,0.0,1.0,0.0,0.0,0.0,0.0,0,14112.0
private,SF,28,0,0,0.0,0.0,1.0,0.0,0.0,0.0,0.0,1,122451.0
domain_u,SF,43,69,0,0.0,0.0,1.0,0.0,0.0,0.0,0.0,0,97069.0
gopher,S0,0,0,0,1.0,1.0,0.13,0.06,0.0,1.0,1.0,1,19570.0
private,SF,105,147,0,0.0,0.0,0.22,0.22,0.0,0.0,0.0,0,4877.0
domain_u,SF,46,46,0,0.0,0.0,1.0,0.0,0.0,0.0,0.0,0,13717.0
other,SF,146,105,0,0.0,0.0,0.5,0.5,0.0,0.0,0.0,0,43.0
private,REJ,0,0,0,0.0,0.0,1.0,0.0,1.0,0.0,0.0,1,125833.0
supdup,S0,0,0,0,1.0,1.0,0.05,0.06,0.0,1.0,1.0,1,46852.0
private,S0,0,0,0,1.0,1.0,0.02,0.07,0.0,1.0,1.0,1,41785.0
bgp,S0,0,0,0,1.0,1.0,0.02,0.06,0.0,1.0,1.0,1,7750.0
http,SF,304,2869,1,0.0,0.0,1.0,0.0,0.01,0.0,0.0,0,92939.0
finger,SF,8,138,0,0.0,0.0,0.5,1.0,0.0,0.01,0.0,0,112510.0
http,SF,328,426,1,0.0,0.0,1.0,0.0,0.0,0.0,0.0,0,85006.0
ecr_i,SF,1032,0,0,0.0,0.0,1.0,0.0,0.0,0.06,0.0,1,11872.0
domain_u,SF,33,93,0,0.0,0.0,1.0,0.0,0.01,0.0,0.0,0,104027.0
http,SF,398,6126,1,0.0,0.0,1.0,0.0,0.0,0.0,0.0,0,26687.0
echo,S0,0,0,0,1.0,1.0,0.05,0.06,0.0,1.0,1.0,1,47425.0
http,SF,191,805,1,0.0,0.0,1.0,0.0,0.04,0.0,0.0,0,119816.0
sql_net,REJ,0,0,0,0.0,0.0,0.07,0.06,0.0,0.0,0.0,1,4332.0
Z39_50,REJ,0,0,0,0.0,0.0,0.05,0.06,0.0,0.0,0.0,1,38015.0
eco_i,SF,18,0,0,0.0,0.0,1.0,0.0,0.29,0.0,0.0,1,25519.0
http,SF,231,2304,1,0.0,0.0,1.0,0.0,0.0,0.01,0.01,0,34675.0
http,SF,256,696,1,0.0,0.0,1.0,0.0,0.02,0.0,0.0,0,116776.0
eco_i,SF,8,0,0,0.0,0.0,1.0,0.0,0.51,0.0,0.0,1,64161.0
http,SF,278,622,1,0.0,0.0,1.0,0.0,0.0,0.0,0.0,0,44274.0
login,S0,0,0,0,1.0,1.0,0.04,0.05,0.0,1.0,1.0,1,80245.0
ftp_data,SF,607,0,1,0.0,0.0,1.0,0.0,0.02,0.0,0.0,0,20086.0
domain_u,SF,45,75,0,0.0,0.0,1.0,0.01,0.0,0.0,0.0,0,21757.0
http,SF,276,80498,1,0.0,0.0,1.0,0.0,0.0,0.0,0.0,0,109084.0
ftp_data,SF,7940,0,0,0.0,0.0,1.0,0.0,0.02,0.0,0.0,0,38207.0
ecr_i,SF,1032,0,0,0.0,0.0,1.0,0.0,0.0,0.0,0.0,1,81514.0
http,SF,298,608,1,0.0,0.0,1.0,0.0,0.01,0.0,0.0,0,39940.0
smtp,SF,13823,1874,1,0.0,0.0,1.0,0.0,0.01,0.0,0.0,0,116726.0
domain_u,SF,44,138,0,0.0,0.0,1.0,0.0,0.0,0.0,0.0,0,28334.0
ftp_data,SF,383,0,1,0.0,0.0,1.0,0.0,0.03,0.02,0.0,0,75568.0
private,S0,0,0,0,1.0,1.0,0.01,0.06,0.0,1.0,1.0,1,16669.0
uucp,S0,0,0,0,1.0,1.0,0.03,0.07,0.0,1.0,1.0,1,83619.0
auth,SF,13,37,1,0.0,0.0,1.0,0.0,0.0,0.0,0.0,0,120211.0
http,SF,200,11406,1,0.0,0.0,1.0,0.0,0.0,0.0,0.0,0,104124.0
eco_i,SF,8,0,0,0.0,0.0,1.0,0.0,0.25,0.0,0.0,1,123263.0
other,REJ,0,0,0,0.0,0.0,1.0,0.0,0.0,0.0,0.0,0,75982.0
eco_i,SF,8,0,0,0.0,0.0,1.0,0.0,0.25,0.0,0.0,1,31506.0
ftp_data,S0,0,0,0,1.0,1.0,0.25,0.08,0.0,1.0,1.0,1,31028.0
http,REJ,0,0,0,0.0,0.0,1.0,0.0,0.18,0.0,0.0,0,71491.0
smtp,SF,1225,330,1,0.0,0.0,1.0,0.0,0.01,0.0,0.0,0,46495.0
eco_i,SF,8,0,0,0.0,0.0,1.0,0.0,0.5,0.0,0.0,1,75080.0
domain_u,SF,43,131,0,0.0,0.0,1.0,0.0,0.0,0.0,0.0,0,70487.0
http_443,REJ,0,0,0,0.0,0.0,0.1,0.06,0.0,0.0,0.0,1,52361.0
eco_i,SF,8,0,0,0.0,0.0,1.0,0.0,0.52,0.0,0.0,1,51123.0
domain_u,SF,42,42,0,0.0,0.0,1.0,0.0,0.0,0.0,0.0,0,15217.0
http,SF,204,10055,1,0.0,0.0,1.0,0.0,0.05,0.0,0.0,0,31131.0
private,REJ,0,0,0,0.0,0.0,0.5,1.0,0.0,0.19,0.0,1,53528.0
private,S0,0,0,0,1.0,1.0,0.05,0.06,0.0,1.0,1.0,1,60566.0
http,SF,290,1745,1,0.0,0.0,1.0,0.0,0.01,0.0,0.0,0,63259.0
gopher,REJ,0,0,0,0.0,0.0,0.08,0.07,0.0,0.0,0.0,1,65910.0
domain_u,SF,46,46,0,0.0,0.0,1.0,0.0,0.0,0.0,0.0,0,15739.0
nnsp,REJ,0,0,0,0.0,0.0,0.12,0.06,0.0,0.0,0.0,1,43363.0
http,SF,245,26438,1,0.0,0.0,1.0,0.0,0.0,0.01,0.01,0,78508.0
domain_u,SF,44,71,0,0.0,0.0,1.0,0.0,0.0,0.0,0.0,0,96856.0
http,SF,218,12202,1,0.0,0.0,1.0,0.0,0.04,0.0,0.0,0,100535.0
http,SF,237,976,1,0.0,0.0,1.0,0.0,0.0,0.0,0.0,0,87040.0
http,SF,317,682,1,0.0,0.0,1.0,0.0,0.06,0.0,0.0,0,23289.0
http,SF,317,366,1,0.0,0.0,1.0,0.0,0.05,0.0,0.0,0,47385.0
systat,S0,0,0,0,1.0,1.0,0.02,0.06,0.0,1.0,1.0,1,102886.0
ecr_i,SF,1032,0,0,0.0,0.0,1.0,0.0,0.0,0.0,0.0,1,79128.0
http,S0,0,0,0,1.0,0.59,0.04,0.07,0.0,1.0,1.0,1,17499.0
private,SF,28,0,0,0.0,0.0,1.0,0.0,0.0,0.0,0.0,1,3119.0
uucp_path,S0,0,0,0,1.0,1.0,0.03,0.05,0.0,1.0,1.0,1,5692.0
auth,S0,0,0,0,1.0,1.0,0.07,0.06,0.0,1.0,1.0,1,11483.0
discard,S0,0,0,0,1.0,1.0,0.02,0.05,0.0,1.0,1.0,1,84786.0
login,S0,0,0,0,1.0,1.0,0.08,0.05,0.0,1.0,1.0,1,33974.0
http,SF,186,3512,1,0.0,0.0,1.0,0.0,0.04,0.0,0.0,0,36225.0
http,SF,227,25728,1,0.0,0.0,1.0,0.0,0.03,0.0,0.0,0,19354.0
http,SF,304,675,1,0.0,0.0,1.0,0.0,0.02,0.0,0.0,0,50797.0
private,S0,0,0,0,1.0,1.0,0.07,0.07,0.0,1.0,1.0,1,109594.0
telnet,S0,0,0,0,1.0,1.0,0.27,0.15,0.0,1.0,1.0,1,52596.0
http,SF,303,662,1,0.0,0.0,1.0,0.0,0.0,0.0,0.0,0,12305.0
telnet,SF,116,1194,1,0.0,0.0,1.0,0.0,0.0,0.73,0.27,0,66502.0
private,S0,0,0,0,1.0,1.0,0.08,0.06,0.0,1.0,1.0,1,21508.0
http,S0,0,0,0,1.0,1.0,0.02,0.06,0.0,1.0,1.0,1,110368.0
eco_i,SF,8,0,0,0.0,0.0,1.0,0.0,0.5,0.0,0.0,1,30617.0
smtp,SF,1307,331,1,0.0,0.0,1.0,0.0,0.03,0.0,0.0,0,28043.0
eco_i,SF,8,0,0,0.0,0.0,1.0,0.0,0.5,0.0,0.0,1,109101.0
supdup,S0,0,0,0,1.0,1.0,0.1,0.05,0.0,1.0,1.0,1,33869.0
private,S0,0,0,0,1.0,1.0,0.02,0.07,0.0,1.0,1.0,1,113312.0
ftp_data,SF,245,0,1,0.0,0.0,1.0,0.0,0.13,0.0,0.0,0,8859.0
http,SF,203,277,1,0.0,0.0,1.0,0.0,0.02,0.0,0.0,0,31592.0
domain_u,SF,46,135,0,0.0,0.0,1.0,0.0,0.0,0.0,0.0,0,120750.0
private,RSTR,1,0,0,0.0,0.0,1.0,0.0,0.0,0.0,0.0,1,8905.0
private,S0,0,0,0,1.0,1.0,0.01,0.07,0.0,1.0,1.0,1,47670.0
finger,S0,0,0,0,1.0,1.0,0.33,0.27,0.0,1.0,1.0,1,23617.0
domain_u,SF,44,73,0,0.0,0.0,1.0,0.0,0.0,0.0,0.0,0,1709.0
private,S0,0,0,0,1.0,1.0,0.44,0.25,0.0,1.0,1.0,1,47203.0
smtp,SF,2613,373,1,0.0,0.0,1.0,0.0,0.01,0.0,0.01,0,21998.0
supdup,S0,0,0,0,1.0,1.0,0.05,0.07,0.0,1.0,1.0,1,71870.0
http,SF,54540,8314,1,0.0,0.0,1.0,0.0,0.0,0.01,0.01,1,94782.0
http,SF,216,310,1,0.0,0.0,1.0,0.0,0.02,0.0,0.0,0,125616.0
ftp_data,SF,3909,0,0,0.0,0.0,1.0,0.0,0.02,0.0,0.0,0,14260.0
courier,S0,0,0,0,1.0,1.0,0.04,0.07,0.0,1.0,1.0,1,23388.0
domain_u,SF,29,0,0,0.0,0.0,1.0,0.0,0.05,0.0,0.0,0,13985.0
smtp,SF,1448,366,1,0.0,0.0,1.0,0.0,0.0,0.0,0.0,0,81797.0
domain_u,SF,43,125,0,0.0,0.0,1.0,0.0,0.0,0.0,0.0,0,36893.0
ftp_data,SF,12324,0,1,0.0,0.0,1.0,0.0,0.0,0.0,0.0,0,33139.0
http,SF,54540,8314,1,0.0,0.0,0.8,0.4,0.0,0.0,0.0,1,10844.0
http,REJ,0,0,0,0.0,0.0,1.0,0.0,0.12,0.0,0.0,0,8411.0
http,SF,315,2006,1,0.0,0.0,1.0,0.0,0.03,0.0,0.0,0,73956.0
private,S0,0,0,0,1.0,1.0,0.05,0.06,0.0,1.0,1.0,1,117526.0
smtp,SF,837,370,1,0.0,0.0,1.0,0.0,0.01,0.0,0.0,0,28585.0
discard,S0,0,0,0,1.0,1.0,0.08,0.06,0.0,1.0,1.0,1,58150.0
http,SF,241,2017,1,0.0,0.0,1.0,0.0,0.0,0.0,0.0,0,115321.0
http,SF,210,1048,1,0.0,0.0,1.0,0.0,0.04,0.0,0.0,0,112001.0
http,SF,224,26083,1,0.0,0.0,1.0,0.0,0.02,0.0,0.0,0,70571.0
ftp_data,SF,5133876,0,1,0.0,0.0,1.0,0.0,0.0,0.0,0.0,1,40601.0
private,SF,28,0,0,0.0,0.0,1.0,0.0,0.0,0.01,0.0,1,70215.0
http,SF,209,551,1,0.0,0.0,1.0,0.0,0.04,0.0,0.0,0,64290.0
private,S0,0,0,0,1.0,1.0,0.02,0.06,0.0,1.0,1.0,1,98382.0
sunrpc,S0,0,0,0,1.0,1.0,0.1,0.06,0.0,1.0,1.0,1,22851.0
http,SF,207,771,1,0.0,0.0,1.0,0.0,0.0,0.0,0.0,0,125666.0
kshell,S0,0,0,0,1.0,1.0,0.15,0.05,0.0,1.0,1.0,1,116113.0
ftp,S1,414,1286,1,1.0,1.0,1.0,0.0,0.0,0.03,0.08,0,83547.0
private,S0,0,0,0,1.0,1.0,0.05,0.06,0.0,1.0,1.0,1,100480.0
domain_u,SF,44,44,0,0.0,0.0,0.99,0.02,0.0,0.0,0.0,0,50821.0
http,SF,249,3323,1,0.0,0.0,1.0,0.0,0.0,0.0,0.0,0,30536.0
domain_u,SF,42,128,0,0.0,0.0,1.0,0.0,0.01,0.01,0.0,0,103483.0
other,SF,147,105,0,0.0,0.0,1.0,0.0,0.0,0.0,0.0,0,9337.0
http,SF,339,3932,1,0.0,0.0,1.0,0.0,0.0,0.0,0.0,0,65652.0
private,REJ,0,0,0,0.0,0.0,0.1,0.06,0.0,0.0,0.0,1,35697.0
private,SF,105,0,0,0.0,0.0,1.0,0.0,0.0,0.0,0.0,0,24867.0
mtp,S0,0,0,0,1.0,1.0,0.07,0.06,0.0,1.0,1.0,1,63981.0
smtp,SF,1095,328,1,0.0,0.0,1.0,0.0,0.02,0.0,0.0,0,113991.0
http,SF,224,458,1,0.0,0.0,1.0,0.0,0.07,0.0,0.0,0,8337.0
http,SF,355,3201,1,0.0,0.0,1.0,0.0,0.04,0.0,0.0,0,47255.0
link,S0,0,0,0,1.0,1.0,0.01,0.05,0.0,1.0,1.0,1,122159.0
http,SF,293,2446,1,0.0,0.0,1.0,0.0,0.0,0.0,0.0,0,51829.0
private,S0,0,0,0,1.0,1.0,0.01,0.06,0.0,1.0,1.0,1,80298.0
ftp,SF,1236,2451,1,0.0,0.0,1.0,0.0,0.0,0.02,0.0,1,44369.0
domain_u,SF,45,70,0,0.0,0.0,1.0,0.01,0.0,0.0,0.0,0,107130.0
netbios_ns,REJ,0,0,0,0.0,0.0,0.02,0.06,0.0,0.0,0.0,1,42604.0
telnet,SF,324,10957,1,0.0,0.0,1.0,0.0,0.0,0.76,0.65,0,24180.0
eco_i,SF,8,0,0,0.0,0.0,1.0,0.0,0.5,0.0,0.0,1,74664.0
http,SF,336,1222,1,0.0,0.0,1.0,0.0,0.06,0.0,0.0,0,33380.0
http,SF,206,24315,1,0.0,0.0,1.0,0.0,0.01,0.0,0.0,0,111820.0
http,SF,54540,8314,1,0.0,0.0,1.0,0.0,0.0,0.0,0.0,1,63775.0
efs,S0,0,0,0,1.0,1.0,0.18,0.05,0.0,1.0,1.0,1,122505.0
eco_i,SF,8,0,0,0.0,0.0,1.0,0.0,0.5,0.0,0.0,1,76544.0
ecr_i,SF,1032,0,0,0.0,0.0,1.0,0.0,0.0,0.01,0.0,1,82163.0
ecr_i,SF,1032,0,0,0.0,0.0,1.0,0.0,0.0,0.0,0.0,1,1019.0
domain_u,SF,45,45,0,0.0,0.0,1.0,0.0,0.0,0.0,0.0,0,46937.0
http,SF,188,3484,1,0.0,0.0,1.0,0.0,0.03,0.0,0.0,0,78676.0
http,SF,289,16978,1,0.0,0.0,1.0,0.0,0.02,0.0,0.0,0,21369.0
private,REJ,0,0,0,0.03,0.0,0.0,1.0,0.0,0.04,0.0,1,90207.0
other,REJ,0,0,0,0.07,0.0,0.0,1.0,0.0,0.03,0.0,1,110727.0
hostnames,S0,0,0,0,1.0,1.0,0.02,0.06,0.0,1.0,1.0,1,56813.0
http,REJ,0,0,0,0.0,0.0,0.0,0.07,0.0,0.0,0.0,1,80317.0
gopher,REJ,0,0,0,0.0,0.0,0.01,0.07,0.0,0.0,0.0,1,39636.0
private,RSTR,0,0,0,0.0,0.0,1.0,0.0,0.0,0.0,0.0,1,119712.0
ecr_i,SF,1032,0,0,0.0,0.0,1.0,0.0,0.0,0.01,0.0,1,121605.0
http,SF,282,531,1,0.0,0.0,1.0,0.0,0.01,0.0,0.0,0,45494.0
private,REJ,0,0,0,0.0,0.0,0.5,1.0,0.0,0.0,0.0,1,96289.0
supdup,S0,0,0,0,0.06,1.0,0.01,0.58,0.0,0.04,1.0,1,24183.0
private,S0,0,0,0,1.0,1.0,0.07,0.06,0.0,1.0,1.0,1,85765.0
ftp_data,S0,0,0,0,1.0,1.0,0.19,0.25,0.0,0.99,1.0,1,37456.0
http,SF,258,3419,1,0.0,0.0,1.0,0.0,0.02,0.0,0.0,0,125057.0
http,SF,165,14328,1,0.0,0.0,1.0,0.0,0.1,0.0,0.01,0,4149.0
other,SF,147,105,0,0.0,0.0,1.0,0.0,0.0,0.0,0.0,0,40947.0
ftp_data,SF,567,0,0,0.0,0.0,1.0,0.0,0.03,0.0,0.0,0,109449.0
smtp,SF,560,331,1,0.0,0.0,1.0,0.0,0.0,0.0,0.0,0,109223.0
private,S0,0,0,0,1.0,1.0,0.09,0.05,0.0,1.0,1.0,1,36696.0
eco_i,SF,8,0,0,0.0,0.0,1.0,0.0,0.52,0.0,0.0,1,67415.0
private,S0,0,0,0,1.0,1.0,0.04,0.07,0.0,1.0,1.0,1,59030.0
http,SF,243,188,1,0.0,0.0,1.0,0.0,0.02,0.0,0.0,0,27338.0
smtp,SF,1705,328,1,0.0,0.0,0.25,0.75,0.02,0.0,0.0,0,113452.0
private,S0,0,0,0,1.0,1.0,0.08,0.06,0.0,1.0,1.0,1,63587.0
uucp,RSTO,0,0,0,0.0,0.0,0.12,0.07,0.0,0.0,0.0,1,42519.0
telnet,S0,0,0,0,1.0,1.0,0.07,0.06,0.0,1.0,1.0,1,11164.0
private,REJ,0,0,0,0.0,0.0,0.17,0.06,0.0,0.0,0.0,1,101392.0
private,S0,0,0,0,1.0,1.0,0.13,0.05,0.0,1.0,1.0,1,35420.0
http,SF,307,1380,1,0.0,0.0,1.0,0.0,0.0,0.0,0.0,0,14741.0
ftp_data,SF,3676,0,1,0.0,0.0,1.0,0.0,0.02,0.02,0.04,0,82706.0
private,REJ,0,0,0,0.0,0.0,0.19,0.06,0.0,0.0,0.0,1,43220.0
ftp,SF,1488,4152,1,0.0,0.0,1.0,0.0,0.0,0.0,0.0,0,60733.0
private,S0,0,0,0,1.0,1.0,0.14,0.05,0.0,1.0,1.0,1,6061.0
http,SF,223,2592,1,0.0,0.0,1.0,0.0,0.0,0.0,0.0,0,114109.0
auth,S0,0,0,0,1.0,1.0,0.02,0.07,0.0,1.0,1.0,1,85959.0
other,SF,147,0,0,0.0,0.0,0.2,0.6,0.0,0.0,0.0,0,62750.0
http,SF,299,21519,1,0.0,0.0,1.0,0.0,0.05,0.0,0.0,0,29995.0
http,SF,271,10898,1,0.0,0.0,1.0,0.0,0.05,0.0,0.0,0,115692.0
domain_u,SF,44,44,0,0.0,0.0,1.0,0.0,0.0,0.0,0.0,0,94575.0
ecr_i,SF,520,0,0,0.0,0.0,1.0,0.0,0.0,0.0,0.0,1,74935.0
finger,SF,9,224,0,0.0,0.0,1.0,0.0,0.22,0.0,0.0,0,94689.0
private,S0,0,0,0,1.0,1.0,0.07,0.06,0.0,1.0,1.0,1,75856.0
eco_i,SF,8,0,0,0.0,0.0,1.0,0.0,0.5,0.0,0.0,1,22287.0
finger,S0,0,0,0,1.0,1.0,0.15,0.05,0.0,1.0,1.0,1,11041.0
ftp_data,SF,35,0,1,0.0,0.0,1.0,0.0,0.02,0.0,0.0,0,113588.0
private,S0,0,0,0,1.0,1.0,0.03,0.07,0.0,1.0,1.0,1,77439.0
private,S0,0,0,0,1.0,1.0,0.1,0.06,0.0,1.0,1.0,1,53820.0
uucp_path,S0,0,0,0,1.0,1.0,0.03,0.08,0.0,1.0,1.0,1,120437.0
Z39_50,S0,0,0,0,1.0,1.0,0.04,0.05,0.0,1.0,1.0,1,82368.0
echo,S0,0,0,0,1.0,1.0,0.03,0.06,0.0,1.0,1.0,1,122472.0
http,SF,246,497,1,0.0,0.0,1.0,0.0,0.02,0.25,0.0,0,51651.0
eco_i,SF,18,0,0,0.0,0.0,1.0,0.0,1.0,0.0,0.0,1,107387.0
Z39_50,S0,0,0,0,1.0,1.0,0.07,0.05,0.0,1.0,1.0,1,123441.0
http,SF,208,22996,1,0.0,0.0,1.0,0.0,0.0,0.0,0.0,0,50726.0
ftp_data,SF,192,0,0,0.0,0.0,1.0,0.0,0.0,0.0,0.0,0,34275.0
imap4,REJ,0,0,0,0.0,0.0,0.03,0.07,0.0,0.0,0.0,1,9502.0
http,SF,283,259,1,0.0,0.0,1.0,0.0,0.0,0.0,0.0,0,109621.0
ecr_i,SF,1032,0,0,0.0,0.0,1.0,0.0,0.0,0.0,0.0,1,27154.0
private,REJ,0,0,0,0.0,0.0,0.14,0.06,0.0,0.0,0.0,1,14484.0
http,SF,316,5212,1,0.0,0.0,1.0,0.0,0.02,0.0,0.0,0,85345.0
http,SF,226,245,1,0.0,0.0,1.0,0.0,0.01,0.0,0.0,0,13165.0
private,S0,0,0,0,1.0,1.0,0.06,0.06,0.0,1.0,1.0,1,10352.0
ftp_data,S0,0,0,0,1.0,1.0,0.16,0.13,0.0,1.0,1.0,1,96729.0
ecr_i,SF,1480,0,0,0.0,0.0,1.0,0.0,0.0,0.0,0.0,1,34373.0
private,SF,28,0,0,0.0,0.0,1.0,0.0,0.0,0.0,0.0,1,97316.0
http,SF,251,272,1,0.0,0.0,1.0,0.0,0.0,0.0,0.0,0,6513.0
imap4,S0,0,0,0,1.0,1.0,0.05,0.06,0.0,1.0,1.0,1,8895.0
http,SF,251,14936,1,0.0,0.0,1.0,0.0,0.0,0.0,0.0,0,61430.0
private,REJ,0,0,0,0.0,0.0,0.05,0.08,0.0,0.0,0.0,1,58124.0
smtp,SF,1298,331,1,0.0,0.0,1.0,0.0,0.0,0.0,0.0,0,74579.0
hostnames,REJ,0,0,0,0.0,0.0,0.11,0.07,0.0,0.0,0.0,1,34256.0
private,RSTO,0,0,0,0.0,0.0,0.09,0.06,0.0,0.0,0.0,1,25540.0
http,SF,334,657,1,0.0,0.0,1.0,0.0,0.01,0.0,0.0,0,110660.0
efs,S0,0,0,0,1.0,1.0,0.03,0.06,0.0,1.0,1.0,1,31378.0
private,SF,1,0,0,0.0,0.0,0.07,0.53,0.0,0.1,0.0,1,118406.0
private,S0,0,0,0,1.0,1.0,0.06,0.04,0.0,0.93,1.0,1,89929.0
eco_i,SF,8,0,0,0.0,0.0,1.0,0.0,0.26,0.0,0.0,1,86354.0
http,REJ,0,0,0,0.0,0.0,1.0,0.0,0.06,0.0,0.0,0,108075.0
eco_i,SF,8,0,0,0.0,0.0,1.0,0.0,0.5,0.0,0.0,1,72718.0
other,SF,516,4,0,0.0,0.0,1.0,0.0,0.0,0.0,0.0,0,14193.0
ftp_data,SF,88382,0,0,0.0,0.0,1.0,0.0,0.0,0.01,0.0,0,94924.0
private,S0,0,0,0,1.0,1.0,0.1,0.07,0.0,1.0,1.0,1,10082.0
http,SF,209,3878,1,0.0,0.0,1.0,0.0,0.03,0.0,0.0,0,100108.0
domain_u,SF,44,133,0,0.0,0.0,1.0,0.0,0.0,0.0,0.0,0,56126.0
imap4,S0,0,0,0,1.0,1.0,0.06,0.06,0.0,1.0,1.0,1,13109.0
http,SF,162,1310,1,0.0,0.0,1.0,0.0,0.05,0.0,0.0,0,50872.0
csnet_ns,REJ,0,0,0,0.0,0.0,0.03,0.07,0.0,0.0,0.0,1,50159.0
private,RSTO,0,0,0,0.0,0.0,0.03,0.07,0.0,0.0,0.0,1,52167.0
time,S0,0,0,0,1.0,1.0,0.07,0.06,0.0,1.0,1.0,1,18672.0
http,SF,238,1471,1,0.0,0.0,1.0,0.0,0.02,0.0,0.0,0,122121.0
ftp_data,SF,1556,0,0,0.0,0.0,1.0,0.0,0.02,0.0,0.0,0,124283.0
private,RSTR,0,0,0,0.0,0.0,1.0,0.0,0.0,0.0,0.0,1,56019.0
http,SF,334,1065,1,0.0,0.0,1.0,0.0,0.01,0.0,0.0,0,108984.0
netbios_ns,S0,0,0,0,1.0,1.0,0.08,0.06,0.0,1.0,1.0,1,54908.0
echo,RSTO,0,0,0,0.0,0.0,0.04,0.06,0.0,0.0,0.0,1,54086.0
telnet,SF,268,2364,1,0.0,0.0,1.0,0.0,0.0,0.0,0.0,1,101585.0
name,S0,0,0,0,1.0,1.0,0.08,0.07,0.0,1.0,1.0,1,15886.0
http,SF,206,313,1,0.0,0.0,1.0,0.0,0.04,0.0,0.0,0,105308.0
eco_i,SF,8,0,0,0.0,0.0,1.0,0.0,0.27,0.0,0.0,1,115524.0
other,SF,146,105,0,0.0,0.0,0.5,0.5,0.0,0.0,0.0,0,63954.0
eco_i,SF,8,0,0,0.0,0.0,1.0,0.0,0.5,0.0,0.0,1,93688.0
other,REJ,0,0,0,0.13,0.0,0.0,1.0,0.0,0.14,0.0,1,18129.0
sql_net,S0,0,0,0,1.0,1.0,0.07,0.07,0.0,1.0,1.0,1,95177.0
other,SF,147,105,0,0.0,0.0,1.0,0.0,0.0,0.0,0.0,0,111690.0
private,S0,0,0,0,1.0,1.0,0.15,0.05,0.0,1.0,1.0,1,541.0
private,S0,0,0,0,1.0,1.0,0.08,0.07,0.0,1.0,1.0,1,93289.0
http,SF,303,3222,1,0.0,0.0,1.0,0.0,0.0,0.0,0.0,0,66034.0
domain_u,SF,45,109,0,0.0,0.0,1.0,0.0,0.0,0.0,0.0,0,17223.0
ftp_data,SF,852,0,0,0.0,0.0,1.0,0.0,0.0,0.0,0.0,0,111152.0
private,S0,0,0,0,1.0,1.0,0.16,0.06,0.0,1.0,1.0,1,18391.0
smtp,SF,2524,332,1,0.0,0.0,1.0,0.0,0.02,0.0,0.0,0,17977.0
http,SF,198,27266,1,0.0,0.0,1.0,0.0,0.03,0.0,0.0,0,72864.0
domain_u,SF,44,71,0,0.0,0.0,1.0,0.0,0.0,0.0,0.0,0,3090.0
klogin,S0,0,0,0,1.0,1.0,0.01,0.07,0.0,1.0,1.0,1,104278.0
private,S0,0,0,0,1.0,1.0,0.06,0.05,0.0,1.0,1.0,1,35833.0
private,REJ,0,0,0,0.0,0.0,0.16,0.07,0.0,0.0,0.0,1,116706.0
discard,RSTO,0,0,0,0.0,0.0,0.02,0.07,0.0,0.0,0.0,1,64845.0
http,SF,0,13246,0,0.17,0.17,1.0,0.0,0.04,0.17,0.01,0,3630.0
ftp_data,REJ,0,0,0,0.0,0.0,0.01,1.0,0.18,0.0,0.09,1,24730.0
smtp,SF,925,360,1,0.0,0.0,1.0,0.0,0.0,0.0,0.0,0,15130.0
ftp_data,S0,0,0,0,1.0,1.0,0.03,0.06,0.0,1.0,1.0,1,20037.0
http,SF,304,1412,1,0.0,0.0,1.0,0.0,0.04,0.0,0.0,0,22420.0
http,SF,295,2531,1,0.0,0.0,1.0,0.0,0.0,0.0,0.0,0,92683.0
eco_i,SF,8,0,0,0.0,0.0,1.0,0.0,0.26,0.0,0.0,1,35704.0
daytime,S0,0,0,0,1.0,1.0,0.02,0.07,0.0,1.0,1.0,1,121136.0
http,SF,207,1244,1,0.0,0.0,1.0,0.0,0.0,0.0,0.0,0,113228.0
smtp,SF,2577,330,1,0.0,0.0,1.0,0.0,0.02,0.0,0.0,0,9583.0
http,SF,217,2794,1,0.0,0.0,1.0,0.0,0.04,0.0,0.0,0,30075.0
klogin,S0,0,0,0,1.0,1.0,0.08,0.06,0.0,1.0,1.0,1,37082.0
eco_i,SF,8,0,0,0.0,0.0,1.0,0.0,0.25,0.0,0.0,1,51495.0
http,SF,54540,8314,1,0.0,0.0,1.0,0.0,0.0,0.0,0.0,1,42025.0
domain_u,SF,44,73,0,0.0,0.0,1.0,0.0,0.0,0.0,0.0,0,71661.0
ftp_data,SF,10073,0,0,0.0,0.0,1.0,0.0,0.0,0.0,0.0,0,119442.0
http,SF,324,6534,1,0.0,0.0,1.0,0.0,0.0,0.0,0.0,0,109384.0
http,S0,0,0,0,1.0,1.0,0.06,0.05,0.0,1.0,1.0,1,73444.0
Z39_50,S0,0,0,0,1.0,1.0,0.09,0.06,0.0,1.0,1.0,1,26285.0
http,SF,242,391,1,0.0,0.0,1.0,0.0,0.0,0.01,0.01,0,94057.0
other,SF,146,105,0,0.0,0.0,0.2,0.6,0.0,0.0,0.0,0,82387.0
http,REJ,0,0,0,0.0,0.0,1.0,0.0,0.19,0.0,0.0,0,77036.0
http,SF,217,2654,1,0.0,0.0,1.0,0.0,0.12,0.0,0.0,0,94442.0
other,RSTR,0,0,0,0.0,0.0,1.0,0.0,0.0,0.0,0.0,1,51353.0
http,SF,288,475,1,0.0,0.0,1.0,0.0,0.0,0.0,0.0,0,43965.0
private,REJ,0,0,0,0.0,0.0,1.0,0.0,0.0,0.0,0.0,1,83001.0
imap4,S0,0,0,0,1.0,1.0,0.1,0.07,0.0,1.0,1.0,1,24430.0
vmnet,S0,0,0,0,1.0,1.0,0.02,0.05,0.0,1.0,1.0,1,19788.0
http,SF,266,7546,1,0.0,0.0,1.0,0.0,0.0,0.0,0.0,0,20198.0
http,SF,54540,8314,1,0.0,0.0,1.0,0.0,0.0,0.0,0.0,1,70061.0
private,RSTR,0,0,0,0.0,0.0,1.0,0.0,0.0,0.0,0.0,1,77256.0
http,REJ,0,0,0,0.0,0.0,1.0,0.0,0.22,0.0,0.0,0,56444.0
domain_u,SF,44,126,0,0.0,0.0,1.0,0.0,0.0,0.0,0.0,0,42315.0
private,S0,0,0,0,1.0,1.0,0.02,0.06,0.0,1.0,1.0,1,65856.0
http,SF,309,103,1,0.0,0.0,1.0,0.0,0.05,0.0,0.0,0,97848.0
private,RSTR,1,0,0,0.0,0.0,1.0,0.0,0.0,0.0,0.0,1,103425.0
http,SF,205,283,1,0.0,0.0,1.0,0.0,0.02,0.0,0.0,0,62690.0
private,RSTR,1,0,0,0.0,0.0,1.0,0.0,0.0,0.0,0.0,1,68924.0
http,S0,0,0,0,1.0,1.0,0.08,0.05,0.0,1.0,1.0,1,98817.0
csnet_ns,REJ,0,0,0,0.0,0.0,0.07,0.07,0.0,0.0,0.0,1,52370.0
private,SH,0,0,0,1.0,1.0,1.0,0.0,0.0,0.93,1.0,1,38482.0
http,SF,199,1102,1,0.0,0.0,1.0,0.0,0.02,0.0,0.0,0,82485.0
mtp,S0,0,0,0,1.0,1.0,0.03,0.04,0.0,1.0,1.0,1,11535.0
smtp,SF,1987,332,1,0.0,0.0,1.0,0.0,0.01,0.0,0.0,0,91118.0
smtp,SF,11402,1569,1,0.0,0.0,1.0,0.0,0.0,0.03,0.0,0,120506.0
http,SF,255,493,1,0.22,0.22,1.0,0.0,0.0,0.0,0.0,0,1590.0
private,S0,0,0,0,1.0,1.0,0.03,0.06,0.0,1.0,1.0,1,70623.0
http,SF,206,3159,1,0.0,0.0,1.0,0.0,0.0,0.0,0.0,0,100365.0
ecr_i,SF,1032,0,0,0.0,0.0,1.0,0.0,0.0,0.0,0.0,1,80904.0
ftp_data,SF,10389,0,1,0.11,0.11,1.0,0.0,0.0,0.01,0.02,0,43344.0
http,SF,320,2233,1,0.0,0.0,1.0,0.0,0.04,0.0,0.0,0,114127.0
ctf,S0,0,0,0,1.0,1.0,0.03,0.07,0.0,1.0,1.0,1,1445.0
domain_u,SF,45,71,0,0.0,0.0,1.0,0.0,0.0,0.0,0.0,0,43930.0
ftp_data,SF,10073,0,1,0.0,0.0,1.0,0.0,0.0,0.0,0.0,0,123350.0
ecr_i,SF,1032,0,0,0.0,0.0,1.0,0.0,0.0,0.0,0.0,1,16719.0
http,SF,244,688,1,0.0,0.0,1.0,0.0,0.06,0.0,0.0,0,30315.0
domain_u,SF,42,42,0,0.0,0.0,1.0,0.0,0.0,0.0,0.0,0,35084.0
private,S0,0,0,0,1.0,1.0,0.01,0.06,0.0,1.0,1.0,1,60127.0
smtp,SF,1109,334,1,0.0,0.0,1.0,0.0,0.0,0.0,0.0,0,95385.0
kshell,S0,0,0,0,1.0,1.0,0.07,0.06,0.0,1.0,1.0,1,12196.0
private,S0,0,0,0,1.0,1.0,0.26,0.05,0.0,1.0,1.0,1,80370.0
urp_i,SF,78,0,0,0.0,0.0,0.08,0.08,0.0,0.0,0.0,0,20810.0
http,REJ,0,0,0,0.0,0.0,1.0,0.0,0.17,0.0,0.0,0,115559.0
domain_u,SF,46,129,0,0.0,0.0,1.0,0.0,0.0,0.0,0.0,0,91208.0
netbios_dgm,REJ,0,0,0,0.0,0.0,0.03,0.06,0.0,0.0,0.0,1,81676.0
private,REJ,0,0,0,0.0,0.0,1.0,0.0,0.0,0.0,0.0,1,85547.0
private,SF,28,0,0,0.0,0.0,1.0,0.0,0.0,0.0,0.0,1,11640.0
http,SF,302,734,1,0.0,0.0,1.0,0.0,0.03,0.0,0.0,0,6121.0
efs,S0,0,0,0,1.0,1.0,0.23,0.06,0.0,1.0,1.0,1,104658.0
netbios_dgm,S0,0,0,0,1.0,1.0,0.02,0.07,0.0,1.0,1.0,1,87658.0
telnet,S0,0,0,0,1.0,1.0,0.23,0.15,0.0,1.0,1.0,1,99949.0
http,SF,286,421,1,0.0,0.0,1.0,0.0,0.0,0.0,0.0,0,85467.0
http,SF,326,332,1,0.0,0.0,1.0,0.0,0.0,0.0,0.0,0,21330.0
http,SF,208,412,1,0.0,0.0,1.0,0.0,0.02,0.0,0.0,0,114252.0
domain_u,SF,45,133,0,0.0,0.0,1.0,0.0,0.0,0.0,0.0,0,103260.0
http,SF,293,1193,1,0.0,0.0,1.0,0.0,0.0,0.0,0.0,0,27961.0
eco_i,SF,8,0,0,0.0,0.0,1.0,0.0,0.54,0.0,0.0,1,93760.0
http,SF,54540,8314,1,0.0,0.0,1.0,0.0,0.0,0.0,0.0,1,118119.0
http,SF,235,434,1,0.0,0.0,1.0,0.0,0.0,0.0,0.0,0,105922.0
http,SF,252,1423,1,0.0,0.0,1.0,0.0,0.0,0.0,0.0,0,42009.0
private,SF,1,0,0,0.0,0.0,0.68,0.26,0.0,0.1,0.0,1,48897.0
http,SF,310,3222,1,0.0,0.1,1.0,0.0,0.0,0.0,0.0,0,6668.0
private,SF,215,0,0,0.0,0.0,1.0,0.0,0.0,0.0,0.0,1,62363.0
ldap,S0,0,0,0,1.0,1.0,0.1,0.05,0.0,1.0,1.0,1,102382.0
eco_i,SF,18,0,0,0.0,0.0,1.0,0.0,0.25,0.0,0.0,1,117918.0
eco_i,SF,8,0,0,0.0,0.0,1.0,0.0,0.5,0.0,0.0,1,94022.0
http,SF,256,1033,1,0.0,0.0,1.0,0.0,0.0,0.0,0.0,0,122238.0
eco_i,SF,8,0,0,0.0,0.0,1.0,0.0,0.51,0.0,0.0,1,75620.0
smtp,SF,1073,329,1,0.0,0.0,1.0,0.0,0.0,0.0,0.0,0,34783.0
domain,S0,0,0,0,1.0,1.0,0.1,0.06,0.0,1.0,1.0,1,93669.0
smtp,SF,619,326,1,0.0,0.0,1.0,0.0,0.0,0.0,0.0,0,91506.0
http,SF,246,2315,1,0.0,0.0,1.0,0.0,0.07,0.0,0.0,0,30881.0
http,SF,244,3262,1,0.0,0.0,1.0,0.0,0.0,0.0,0.0,0,81107.0
http,SF,244,248,1,0.0,0.0,1.0,0.0,0.02,0.0,0.0,0,32897.0
private,REJ,0,0,0,0.0,0.0,0.14,0.06,0.0,0.0,0.0,1,122934.0
http,SF,299,1404,1,0.07,0.07,1.0,0.0,0.0,0.0,0.0,0,121152.0
private,S0,0,0,0,1.0,1.0,0.08,0.06,0.0,1.0,1.0,1,60141.0
auth,S0,0,0,0,1.0,1.0,0.04,0.06,0.0,1.0,1.0,1,16971.0
private,S0,0,0,0,1.0,1.0,0.03,0.06,0.0,1.0,1.0,1,81539.0
auth,S0,0,0,0,1.0,1.0,0.04,0.07,0.0,1.0,1.0,1,111618.0
private,S0,0,0,0,1.0,1.0,0.04,0.07,0.0,1.0,1.0,1,81536.0
discard,S0,0,0,0,1.0,1.0,0.06,0.06,0.0,1.0,1.0,1,86406.0
domain_u,SF,44,75,0,0.0,0.0,1.0,0.01,0.0,0.0,0.0,0,55659.0
http,SF,333,5589,1,0.0,0.0,1.0,0.0,0.0,0.0,0.0,0,84772.0
http,SF,320,1886,1,0.0,0.0,1.0,0.0,0.04,0.0,0.0,0,51416.0
private,SF,28,0,0,0.75,0.0,0.25,0.05,0.0,0.09,0.0,1,33621.0
Z39_50,S0,0,0,0,1.0,1.0,0.09,0.06,0.0,1.0,1.0,1,69057.0
http,SF,330,337,1,0.0,0.0,1.0,0.0,0.0,0.0,0.0,0,86903.0
eco_i,SF,18,0,0,0.0,0.0,1.0,0.0,0.25,0.0,0.0,1,398.0
http,SF,225,188,1,0.0,0.0,1.0,0.0,0.13,0.0,0.0,0,96286.0
auth,S0,0,0,0,1.0,1.0,0.04,0.05,0.0,1.0,1.0,1,112825.0
http,SF,220,17282,1,0.0,0.0,1.0,0.0,0.04,0.0,0.0,0,124376.0
http,SF,299,25796,1,0.0,0.0,1.0,0.0,0.0,0.0,0.0,0,22928.0
gopher,S0,0,0,0,1.0,1.0,0.09,0.05,0.0,1.0,1.0,1,32985.0
ftp_data,SF,740,0,0,0.0,0.0,1.0,0.0,0.06,0.0,0.0,0,34505.0
other,SF,145,0,0,0.0,0.0,1.0,0.0,0.0,0.0,0.0,0,43651.0
ftp_data,SF,15722,0,1,0.2,0.2,1.0,0.0,0.0,0.01,0.02,0,15755.0
domain_u,SF,46,139,0,0.0,0.0,1.0,0.0,0.0,0.0,0.0,0,46216.0
http,SF,330,1724,1,0.0,0.0,1.0,0.0,0.0,0.0,0.0,0,52011.0
http,SF,218,2839,1,0.0,0.0,1.0,0.0,0.0,0.0,0.0,0,1483.0
smtp,SF,1095,336,1,0.0,0.0,1.0,0.0,0.02,0.0,0.0,0,104941.0
hostnames,REJ,0,0,0,0.0,0.0,0.03,0.06,0.0,0.0,0.0,1,24067.0
finger,S0,0,0,0,1.0,1.0,0.27,0.07,0.05,1.0,0.88,1,36230.0
private,SF,105,147,0,0.0,0.0,1.0,0.0,0.0,0.0,0.0,0,58214.0
private,S0,0,0,0,1.0,1.0,0.1,0.06,0.0,1.0,1.0,1,104449.0
http,SF,353,7262,1,0.0,0.0,1.0,0.0,0.02,0.0,0.0,0,15674.0
http,SF,294,9524,1,0.0,0.0,1.0,0.0,0.01,0.01,0.0,0,98226.0
http,SF,296,1761,1,0.0,0.0,1.0,0.0,0.0,0.0,0.0,0,72198.0
private,SF,105,143,0,0.0,0.0,1.0,0.0,0.0,0.0,0.0,0,99880.0
smtp,SF,1092,326,1,0.0,0.0,1.0,0.0,0.0,0.0,0.0,0,79916.0
efs,S0,0,0,0,1.0,1.0,0.03,0.06,0.0,1.0,1.0,1,35793.0
http_443,S0,0,0,0,1.0,1.0,0.14,0.06,0.0,1.0,1.0,1,91130.0
ecr_i,SF,1032,0,0,0.0,0.0,1.0,0.0,0.0,0.0,0.0,1,67052.0
domain_u,SF,42,0,0,0.0,0.0,1.0,0.0,0.0,0.0,0.0,0,107092.0
daytime,S0,0,0,0,1.0,1.0,0.01,0.05,0.0,1.0,1.0,1,109388.0
ftp,SF,1496,4152,1,0.0,0.0,1.0,0.0,0.0,0.0,0.0,0,3023.0
http,SF,323,7355,1,0.0,0.0,1.0,0.0,0.01,0.0,0.0,0,11090.0
other,SF,147,0,0,0.14,0.0,0.14,0.57,0.0,0.0,0.0,0,78166.0
http,SF,331,908,1,0.0,0.0,1.0,0.0,0.0,0.0,0.0,0,27529.0
domain_u,SF,44,44,0,0.0,0.0,1.0,0.0,0.0,0.0,0.0,0,116404.0
http,SF,152,7822,1,0.0,0.22,1.0,0.0,0.04,0.1,0.01,0,86212.0
http,SF,322,1380,1,0.0,0.0,1.0,0.0,0.0,0.0,0.0,0,95151.0
private,S0,0,0,0,1.0,1.0,0.04,0.05,0.0,0.87,1.0,1,95032.0
http,SF,249,484,1,0.0,0.0,1.0,0.0,0.0,0.0,0.0,0,3142.0
http,SF,207,321,1,0.0,0.0,1.0,0.0,0.0,0.0,0.0,0,104134.0
name,REJ,0,0,0,0.0,0.0,0.02,0.07,0.0,0.0,0.0,1,85313.0
finger,SF,10,178,0,0.0,0.0,1.0,0.0,0.07,0.0,0.93,0,48560.0
smtp,SF,1173,361,1,0.0,0.0,1.0,0.0,0.02,0.0,0.0,0,110825.0
klogin,S0,0,0,0,1.0,1.0,0.01,0.06,0.0,1.0,1.0,1,37342.0
http,SF,288,844,1,0.0,0.0,1.0,0.0,0.01,0.0,0.0,0,72060.0
http,SF,233,7355,1,0.0,0.0,1.0,0.0,0.0,0.0,0.0,0,14463.0
time,S3,1,4,0,1.0,1.0,1.0,0.0,0.0,0.05,0.05,0,6469.0
private,S0,0,0,0,1.0,1.0,0.13,0.07,0.0,1.0,1.0,1,67225.0
http,SF,212,846,1,0.0,0.0,1.0,0.0,0.0,0.0,0.0,0,116526.0
http,SF,216,10861,1,0.0,0.0,1.0,0.0,0.01,0.0,0.0,0,45966.0
private,REJ,0,0,0,0.11,0.0,0.0,1.0,0.0,0.13,0.0,1,13551.0
http,SF,348,387,1,0.0,0.0,1.0,0.0,0.0,0.0,0.0,0,120215.0
efs,S0,0,0,0,1.0,1.0,0.17,0.05,0.0,1.0,1.0,1,47572.0
http,SF,326,11202,1,0.33,0.33,1.0,0.0,0.01,0.0,0.0,0,101752.0
eco_i,SF,8,0,0,0.0,0.0,1.0,0.0,0.51,0.0,0.0,1,1659.0
private,S0,0,0,0,1.0,1.0,0.05,0.05,0.0,1.0,1.0,1,78548.0
domain_u,SF,46,79,0,0.0,0.0,1.0,0.0,0.0,0.0,0.0,0,37224.0
private,SF,6,0,1,0.09,0.0,0.0,1.0,0.0,0.14,0.0,1,48880.0
http,SF,206,658,1,0.0,0.0,1.0,0.0,0.03,0.0,0.0,0,4849.0
domain_u,SF,44,153,0,0.0,0.0,1.0,0.0,0.0,0.0,0.0,0,50187.0
private,RSTR,0,0,0,0.0,0.0,1.0,0.0,0.0,0.0,0.0,1,80729.0
sql_net,REJ,0,0,0,0.0,0.0,0.07,0.06,0.0,0.0,0.0,1,108609.0
vmnet,S0,0,0,0,1.0,1.0,0.05,0.06,0.0,1.0,1.0,1,28157.0
http,SF,236,779,1,0.0,0.0,1.0,0.0,0.05,0.0,0.0,0,20172.0
domain_u,SF,44,133,0,0.0,0.0,0.99,0.03,0.0,0.0,0.0,0,69720.0
bgp,REJ,0,0,0,0.0,0.0,0.17,0.06,0.0,0.0,0.0,1,87247.0
uucp_path,S0,0,0,0,1.0,1.0,0.0,0.06,0.0,1.0,1.0,1,105617.0
courier,S0,0,0,0,1.0,1.0,0.03,0.07,0.0,1.0,1.0,1,111570.0
http,SF,211,467,1,0.0,0.0,1.0,0.0,0.05,0.0,0.0,0,32999.0
http,SF,302,1985,1,0.0,0.0,1.0,0.0,0.0,0.0,0.0,0,89727.0
http,SF,290,383,1,0.0,0.0,1.0,0.0,0.01,0.0,0.0,0,44404.0
other,REJ,0,0,0,0.19,0.0,0.0,1.0,0.0,0.21,0.0,1,50761.0
http,SF,0,18407,0,0.1,0.1,1.0,0.0,0.0,0.0,0.0,0,27393.0
name,S0,0,0,0,1.0,1.0,0.01,0.06,0.0,1.0,1.0,1,24699.0
imap4,REJ,0,0,0,0.0,0.0,0.13,0.06,0.0,0.0,0.0,1,101607.0
private,S0,0,0,0,1.0,1.0,0.01,0.06,0.0,1.0,1.0,1,31641.0
netbios_ssn,REJ,0,0,0,0.0,0.0,0.02,0.07,0.0,0.0,0.0,1,6418.0
http,SF,316,406,1,0.0,0.0,1.0,0.0,0.0,0.0,0.0,0,56158.0
hostnames,S0,0,0,0,1.0,1.0,0.1,0.06,0.0,1.0,1.0,1,87556.0
ftp_data,SF,334,0,1,0.0,0.0,1.0,0.0,0.44,0.0,0.0,1,8987.0
smtp,SF,698,333,1,0.0,0.0,1.0,0.0,0.01,0.0,0.0,0,94208.0
http,REJ,0,0,0,0.0,0.0,1.0,0.0,0.0,0.0,0.0,0,90408.0
http,SF,307,7355,1,0.0,0.0,1.0,0.0,0.02,0.0,0.0,0,53049.0
private,S0,0,0,0,1.0,1.0,0.02,0.07,0.0,1.0,1.0,1,62451.0
ftp_data,S0,0,0,0,1.0,1.0,0.16,0.04,0.0,1.0,1.0,1,49985.0
http,SF,324,1415,1,0.0,0.0,1.0,0.0,0.0,0.0,0.0,0,115020.0
eco_i,SF,8,0,0,0.0,0.0,1.0,0.0,0.54,0.0,0.0,1,52003.0
http,SF,151,787,1,0.0,0.0,1.0,0.0,0.04,0.0,0.0,0,78451.0
http,SF,286,659,1,0.0,0.0,1.0,0.0,0.0,0.0,0.0,0,40225.0
http,SF,319,983,1,0.0,0.0,1.0,0.0,0.01,0.0,0.0,0,62159.0
echo,S0,0,0,0,1.0,1.0,0.05,0.06,0.0,1.0,1.0,1,38841.0
private,SF,1,0,0,0.0,0.0,0.32,0.12,0.0,0.03,0.0,1,37885.0
remote_job,S0,0,0,0,1.0,1.0,0.03,0.06,0.0,1.0,1.0,1,71632.0
smtp,SF,1599,330,1,0.0,0.0,1.0,0.0,0.02,0.0,0.02,0,5663.0
private,S0,0,0,0,1.0,1.0,0.1,0.07,0.0,1.0,1.0,1,21449.0
systat,S0,0,0,0,1.0,1.0,0.14,0.06,0.0,1.0,1.0,1,113345.0
klogin,S0,0,0,0,1.0,1.0,0.01,0.06,0.0,1.0,1.0,1,46067.0
eco_i,SF,8,0,0,0.0,0.0,1.0,0.0,0.52,0.0,0.0,1,18732.0
telnet,S0,0,0,0,1.0,1.0,0.31,0.07,0.0,1.0,1.0,1,15664.0
eco_i,SF,64,0,0,0.0,0.0,1.0,0.0,0.0,0.0,0.0,0,29929.0
http,SF,266,2424,1,0.0,0.0,1.0,0.0,0.0,0.0,0.0,0,13246.0
private,S0,0,0,0,1.0,1.0,0.07,0.05,0.0,1.0,1.0,1,16154.0
ecr_i,SF,1032,0,0,0.0,0.0,1.0,0.0,0.0,0.0,0.0,1,84758.0
uucp_path,S0,0,0,0,1.0,1.0,0.0,0.07,0.0,1.0,1.0,1,1273.0
http,SF,345,584,1,0.0,0.0,1.0,0.0,0.03,0.0,0.0,0,100898.0
exec,S0,0,0,0,1.0,1.0,0.13,0.06,0.0,1.0,1.0,1,94833.0
login,RSTO,0,0,0,0.0,0.0,0.01,0.07,0.0,0.0,0.0,1,103774.0
http,SF,257,1978,1,0.0,0.0,1.0,0.0,0.03,0.0,0.0,0,67958.0
http,SF,339,6437,1,0.0,0.0,1.0,0.0,0.0,0.0,0.0,0,55791.0
pm_dump,SF,44,556,0,0.0,0.0,0.17,1.0,0.0,0.0,0.0,1,19187.0
netstat,S0,0,0,0,1.0,1.0,0.16,0.08,0.0,1.0,1.0,1,9127.0
private,S0,0,0,0,1.0,1.0,0.05,0.07,0.0,1.0,1.0,1,33952.0
smtp,SF,885,388,1,0.0,0.0,1.0,0.0,0.0,0.13,0.0,0,3132.0
domain_u,SF,132,44,0,0.0,0.0,1.0,0.01,0.0,0.0,0.0,0,65390.0
private,S0,0,0,0,1.0,1.0,0.17,0.1,0.0,1.0,1.0,1,91942.0
smtp,SF,1119,327,1,0.0,0.0,1.0,0.0,0.0,0.0,0.0,0,79853.0
iso_tsap,REJ,0,0,0,0.0,0.0,0.04,0.07,0.0,0.0,0.0,1,2240.0
domain_u,SF,46,143,0,0.0,0.0,1.0,0.0,0.0,0.0,0.0,0,70449.0
other,REJ,0,0,0,0.07,0.0,0.0,1.0,0.0,0.1,0.0,1,117904.0
private,SF,105,0,0,0.0,0.0,1.0,0.0,0.0,0.0,0.0,0,92636.0
private,S0,0,0,0,1.0,1.0,0.05,0.06,0.0,1.0,1.0,1,23770.0
kshell,S0,0,0,0,1.0,1.0,0.17,0.05,0.0,1.0,1.0,1,26441.0
http,SF,340,7802,1,0.0,0.0,1.0,0.0,0.03,0.0,0.0,0,74330.0
private,S0,0,0,0,1.0,1.0,0.16,0.06,0.0,1.0,1.0,1,27002.0
smtp,SF,1388,327,1,0.0,0.0,1.0,0.0,0.0,0.0,0.12,0,10734.0
http,SF,298,710,1,0.0,0.0,1.0,0.0,0.05,0.0,0.0,0,35802.0
smtp,S0,0,0,0,0.5,0.5,1.0,0.0,0.02,0.01,0.01,0,34200.0
bgp,S0,0,0,0,1.0,1.0,0.1,0.05,0.0,1.0,1.0,1,111457.0
supdup,S0,0,0,0,1.0,1.0,0.06,0.06,0.0,1.0,1.0,1,8044.0
http,SF,257,1065,1,0.0,0.0,1.0,0.0,0.0,0.0,0.0,0,3332.0
courier,S0,0,0,0,1.0,1.0,0.04,0.07,0.0,1.0,1.0,1,125508.0
smtp,SF,557,325,1,0.0,0.0,1.0,0.0,0.01,0.01,0.0,0,84765.0
private,S0,0,0,0,1.0,1.0,0.02,0.06,0.0,1.0,1.0,1,64202.0
private,SF,1,0,0,0.0,0.0,0.27,0.14,0.0,0.05,0.0,1,77899.0
ecr_i,SF,1032,0,0,0.0,0.0,1.0,0.0,0.0,0.0,0.0,1,90682.0
smtp,S0,0,0,0,1.0,0.9,1.0,0.0,0.01,0.95,0.12,1,33245.0
netbios_dgm,S0,0,0,0,1.0,1.0,0.02,0.05,0.0,1.0,1.0,1,117961.0
private,S0,0,0,0,1.0,1.0,0.07,0.08,0.0,1.0,1.0,1,96406.0
http,SF,333,2271,1,0.0,0.0,1.0,0.0,0.03,0.0,0.01,0,113456.0
http,SF,222,321,1,0.0,0.0,1.0,0.0,0.0,0.0,0.0,0,56783.0
http,SF,311,1302,1,0.0,0.0,1.0,0.0,0.05,0.0,0.0,0,36935.0
ftp_data,SF,192,0,1,0.0,0.0,1.0,0.0,0.04,0.0,0.0,0,22849.0
auth,S0,0,0,0,1.0,1.0,0.04,0.06,0.0,1.0,1.0,1,22649.0
http,REJ,0,0,0,0.0,0.0,1.0,0.0,0.06,0.0,0.0,0,109231.0
other,REJ,0,0,0,0.12,0.0,0.0,1.0,0.0,0.16,0.0,1,125184.0
private,S0,0,0,0,1.0,1.0,0.07,0.06,0.0,1.0,1.0,1,36339.0
login,S0,0,0,0,1.0,1.0,0.08,0.06,0.0,1.0,1.0,1,57973.0
login,S0,0,0,0,1.0,1.0,0.04,0.05,0.0,1.0,1.0,1,105379.0
http,SF,215,5971,1,0.0,0.0,1.0,0.0,0.0,0.0,0.0,0,115293.0
http,SF,369,6193,1,0.0,0.0,1.0,0.0,0.0,0.0,0.0,0,4327.0
eco_i,SF,8,0,0,0.0,0.0,1.0,0.0,0.5,0.0,0.0,1,21880.0
private,S0,0,0,0,1.0,1.0,0.09,0.06,0.0,1.0,1.0,1,95213.0
domain_u,SF,45,45,0,0.0,0.0,1.0,0.0,0.0,0.0,0.0,0,96489.0
sql_net,S0,0,0,0,1.0,1.0,0.07,0.06,0.0,1.0,1.0,1,85838.0
http,SF,210,1084,1,0.0,0.0,1.0,0.0,0.05,0.0,0.0,0,44595.0
private,S0,0,0,0,1.0,1.0,0.04,0.06,0.0,1.0,1.0,1,3812.0
other,SF,146,0,0,0.0,0.0,1.0,0.0,0.0,0.0,0.0,0,66361.0
pop_2,S0,0,0,0,1.0,1.0,0.03,0.06,0.0,1.0,1.0,1,61321.0
ftp,S0,0,0,0,1.0,1.0,0.01,0.07,0.0,1.0,1.0,1,74951.0
http,SF,206,14952,1,0.0,0.0,1.0,0.0,0.0,0.0,0.0,0,55833.0
smtp,SF,812,327,1,0.0,0.0,1.0,0.0,0.02,0.0,0.0,0,116300.0
systat,S0,0,0,0,1.0,1.0,0.04,0.08,0.0,1.0,1.0,1,82370.0
http,SF,243,2026,1,0.0,0.0,1.0,0.0,0.01,0.0,0.0,0,78511.0
private,S0,0,0,0,1.0,1.0,0.08,0.06,0.0,1.0,1.0,1,94774.0
ecr_i,SF,1032,0,0,0.0,0.0,1.0,0.0,0.0,0.01,0.0,1,26857.0
finger,S0,0,0,0,1.0,1.0,0.29,0.07,0.0,1.0,1.0,1,109083.0
http,SF,218,2750,1,0.0,0.0,1.0,0.0,0.0,0.0,0.0,0,111202.0
ssh,S0,0,0,0,1.0,1.0,0.07,0.07,0.0,1.0,1.0,1,62954.0
private,SF,105,147,0,0.0,0.0,1.0,0.0,0.0,0.0,0.0,0,82357.0
ecr_i,SF,1032,0,0,0.0,0.0,1.0,0.0,0.0,0.0,0.0,1,2646.0
whois,S0,0,0,0,1.0,1.0,0.07,0.06,0.0,1.0,1.0,1,16319.0
http,SF,293,1199,1,0.0,0.0,1.0,0.0,0.04,0.0,0.0,0,75116.0
smtp,SF,1532,406,1,0.0,0.0,1.0,0.0,0.01,0.27,0.0,0,69236.0
http,SF,319,1147,1,0.0,0.0,1.0,0.0,0.07,0.0,0.0,0,81648.0
http,SF,151,8719,1,0.0,0.0,1.0,0.0,0.0,0.0,0.0,0,9120.0
private,S0,0,0,0,1.0,1.0,0.01,0.06,0.0,1.0,1.0,1,54825.0
other,RSTR,1,0,0,0.0,0.0,1.0,0.0,0.0,0.0,0.0,1,41256.0
http,SF,276,622,1,0.0,0.0,1.0,0.0,0.01,0.0,0.0,0,25164.0
telnet,SF,482,354790,1,0.0,0.0,1.0,0.0,0.0,0.0,0.0,0,116414.0
other,RSTR,1,0,0,0.0,0.0,1.0,0.0,0.0,0.0,0.0,1,107053.0
telnet,SF,11487,20777,1,0.0,0.0,1.0,0.0,0.22,0.01,0.11,0,75079.0
http,SF,307,1432,1,0.0,0.0,1.0,0.0,0.0,0.0,0.0,0,60892.0
ftp,RSTO,0,133,0,0.0,0.0,1.0,0.0,0.0,0.0,0.0,1,12162.0
http,S0,0,0,0,1.0,1.0,0.37,0.08,0.0,1.0,1.0,1,67.0
http,SF,246,707,1,0.0,0.0,1.0,0.0,0.02,0.0,0.0,0,8317.0
domain_u,SF,29,29,0,0.0,0.0,1.0,0.0,0.0,0.0,0.0,0,17130.0
private,REJ,0,0,0,0.06,0.0,0.0,1.0,0.0,0.05,0.0,1,104568.0
private,S0,0,0,0,1.0,1.0,0.03,0.07,0.0,1.0,1.0,1,77481.0
http,SF,217,940,1,0.0,0.0,1.0,0.0,0.0,0.0,0.0,0,47780.0
http,SF,306,1075,1,0.0,0.0,1.0,0.0,0.0,0.0,0.0,0,18018.0
http,SF,284,2280,1,0.0,0.0,1.0,0.0,0.02,0.0,0.0,0,7583.0
ecr_i,SF,30,0,0,0.0,0.0,1.0,0.0,0.0,0.0,0.0,0,10449.0
nnsp,S0,0,0,0,1.0,1.0,0.11,0.05,0.0,1.0,1.0,1,118946.0
discard,S0,0,0,0,1.0,1.0,0.02,0.06,0.0,1.0,1.0,1,48892.0
domain_u,SF,46,138,0,0.0,0.0,0.99,0.03,0.0,0.0,0.0,0,3446.0
netbios_dgm,S0,0,0,0,1.0,1.0,0.09,0.05,0.0,1.0,1.0,1,123020.0
other,SF,146,105,0,0.0,0.0,0.5,0.5,0.0,0.0,0.0,0,121436.0
ftp_data,SF,5131424,0,1,0.0,0.0,0.5,1.0,0.0,0.02,0.01,1,100297.0
http,SF,252,10982,1,0.0,0.0,1.0,0.0,0.04,0.0,0.0,0,120005.0
eco_i,SF,20,0,0,0.0,0.0,1.0,0.0,0.0,0.0,0.0,1,25885.0
http,SF,252,1800,1,0.0,0.0,1.0,0.0,0.0,0.0,0.0,0,87015.0
bgp,S0,0,0,0,1.0,1.0,0.05,0.06,0.0,1.0,1.0,1,16473.0
private,REJ,0,0,0,0.0,0.0,0.31,0.05,0.0,0.0,0.0,1,124067.0
http,SF,234,1931,1,0.0,0.0,1.0,0.0,0.0,0.0,0.0,0,65285.0
hostnames,REJ,0,0,0,0.0,0.0,0.07,0.06,0.0,0.0,0.0,1,55322.0
ftp_data,SF,12165,0,1,0.0,0.0,1.0,0.0,0.01,0.0,0.0,0,61055.0
smtp,SF,783,331,1,0.0,0.0,1.0,0.0,0.01,0.0,0.0,0,69618.0
smtp,SF,1132,329,1,0.0,0.0,1.0,0.0,0.02,0.0,0.0,0,105197.0
http,SF,205,1359,1,0.0,0.0,1.0,0.0,0.02,0.0,0.0,0,39193.0
ftp,S0,0,0,0,1.0,1.0,0.0,0.06,0.0,1.0,1.0,1,28704.0
private,S0,0,0,0,1.0,1.0,0.01,0.06,0.0,1.0,1.0,1,64050.0
ecr_i,SF,1032,0,0,0.0,0.0,1.0,0.0,0.0,0.0,0.0,1,72412.0
link,S0,0,0,0,1.0,1.0,0.09,0.07,0.0,1.0,1.0,1,122895.0
urp_i,SF,181,0,0,0.0,0.0,0.5,1.0,0.0,0.0,0.0,0,55938.0
http,SF,346,6371,1,0.0,0.0,1.0,0.0,0.01,0.0,0.0,0,109057.0
netbios_ns,S0,0,0,0,1.0,1.0,0.17,0.05,0.0,1.0,1.0,1,108213.0
domain_u,SF,44,110,0,0.0,0.0,1.0,0.0,0.0,0.0,0.0,0,48752.0
private,S0,0,0,0,1.0,1.0,0.03,0.06,0.0,1.0,1.0,1,108353.0
domain,S0,0,0,0,1.0,1.0,0.14,0.06,0.0,1.0,1.0,1,1387.0
private,S0,0,0,0,1.0,1.0,0.41,0.08,0.0,1.0,1.0,1,88245.0
http,SF,325,1817,1,0.0,0.0,1.0,0.0,0.03,0.0,0.0,0,13118.0
private,S0,0,0,0,1.0,1.0,0.18,0.13,0.0,1.0,1.0,1,22207.0
echo,S0,0,0,0,1.0,1.0,0.01,0.06,0.0,1.0,1.0,1,78352.0
exec,S0,0,0,0,1.0,1.0,0.21,0.11,0.0,1.0,1.0,1,74571.0
http,SF,230,1694,1,0.0,0.0,1.0,0.0,0.0,0.0,0.0,0,92593.0
http,SF,299,362,1,0.0,0.0,1.0,0.0,0.01,0.0,0.01,0,116035.0
private,SF,28,0,0,0.94,0.0,0.06,0.07,0.0,0.09,0.0,1,123721.0
http,SF,245,1493,1,0.0,0.0,1.0,0.0,0.0,0.0,0.0,0,82509.0
http,SF,350,1183,1,0.0,0.0,1.0,0.0,0.0,0.0,0.0,0,13015.0
smtp,SF,731,388,1,0.0,0.0,1.0,0.0,0.0,0.98,0.0,0,49379.0
ftp_data,S0,0,0,0,1.0,1.0,1.0,0.0,0.0,1.0,1.0,1,40451.0
private,RSTR,0,0,0,0.0,0.0,0.03,0.54,0.0,0.01,0.0,1,82894.0
supdup,S0,0,0,0,1.0,1.0,0.02,0.07,0.0,1.0,1.0,1,41883.0
http,SF,214,313,1,0.0,0.0,1.0,0.0,0.0,0.0,0.0,0,22159.0
ftp_data,S0,0,0,0,1.0,1.0,0.16,0.21,0.05,1.0,0.56,1,104485.0
http,REJ,0,0,0,0.0,0.0,1.0,0.0,0.29,0.0,0.0,0,107652.0
whois,REJ,0,0,0,0.0,0.0,0.06,0.07,0.0,0.0,0.0,1,11611.0
http,SF,54540,8314,1,0.0,0.0,1.0,0.0,0.0,0.0,0.0,1,96974.0
domain_u,SF,45,140,0,0.0,0.0,1.0,0.0,0.0,0.0,0.0,0,96536.0
http,SF,268,5032,1,0.0,0.0,1.0,0.0,0.0,0.0,0.0,0,103491.0
http,SF,321,1010,1,0.0,0.0,1.0,0.0,0.05,0.0,0.0,0,20319.0
http,SF,249,17905,1,0.0,0.0,1.0,0.0,0.0,0.0,0.0,0,49058.0
private,S0,0,0,0,1.0,1.0,0.03,0.07,0.0,1.0,1.0,1,72148.0
ftp_data,SF,63,0,0,0.0,0.0,1.0,0.0,0.0,0.84,0.0,0,88554.0
private,S0,0,0,0,1.0,1.0,0.13,0.06,0.0,1.0,1.0,1,54335.0
ftp_data,S1,83220,0,1,0.2,0.2,1.0,0.0,0.0,0.01,0.03,0,32421.0
name,REJ,0,0,0,0.0,0.0,0.02,0.06,0.0,0.0,0.0,1,86314.0
private,S0,0,0,0,1.0,1.0,0.13,0.05,0.0,1.0,1.0,1,30469.0
finger,S0,0,0,0,0.83,1.0,0.33,0.5,0.0,1.0,1.0,1,11740.0
smtp,SF,2371,335,1,0.0,0.0,1.0,0.0,0.02,0.0,0.0,0,30163.0
smtp,SF,1105,331,1,0.0,0.0,1.0,0.0,0.01,0.0,0.01,0,43479.0
smtp,SF,948,334,1,0.0,0.0,1.0,0.0,0.01,0.0,0.0,0,121098.0
http,SF,331,1694,1,0.0,0.0,1.0,0.0,0.02,0.0,0.0,0,3120.0
http,SF,293,2530,1,0.0,0.0,1.0,0.0,0.0,0.0,0.0,0,108135.0
smtp,SF,3373,330,1,0.0,0.0,1.0,0.0,0.01,0.0,0.0,0,81337.0
http,SF,327,54490,1,0.0,0.0,1.0,0.0,0.02,0.0,0.01,0,58491.0
http,SF,241,2182,1,0.0,0.0,1.0,0.0,0.03,0.0,0.0,0,84593.0
http,SF,240,535,1,0.0,0.0,1.0,0.0,0.0,0.0,0.0,0,51727.0
private,S0,0,0,0,1.0,1.0,0.01,0.07,0.0,1.0,1.0,1,125631.0
private,SF,105,147,0,0.0,0.0,0.25,0.5,0.0,0.0,0.0,0,84749.0
http,SF,334,387,1,0.0,0.0,1.0,0.0,0.04,0.0,0.0,0,116041.0
ecr_i,SF,1032,0,0,0.0,0.0,1.0,0.0,0.0,0.0,0.0,1,97913.0
http,SF,211,3355,1,0.0,0.0,1.0,0.0,0.04,0.0,0.0,0,73114.0
http,SF,196,6136,1,0.0,0.0,1.0,0.0,0.0,0.0,0.0,0,102074.0
login,S0,0,0,0,1.0,1.0,0.1,0.05,0.0,1.0,1.0,1,58218.0
efs,S0,0,0,0,1.0,1.0,0.12,0.06,0.0,1.0,1.0,1,99923.0
other,SF,147,105,0,0.0,0.0,1.0,0.0,0.0,0.0,0.0,0,79311.0
http,SF,204,8774,1,0.0,0.0,1.0,0.0,0.01,0.0,0.0,0,91991.0
private,SF,215,0,0,0.0,0.0,1.0,0.0,0.0,0.0,0.0,1,3194.0
http,SF,210,4907,1,0.0,0.0,1.0,0.0,0.05,0.0,0.0,0,70442.0
private,S0,0,0,0,1.0,1.0,0.24,0.06,0.0,1.0,1.0,1,11075.0
http,SF,190,622,1,0.0,0.0,1.0,0.0,0.0,0.0,0.0,0,109526.0
private,S0,0,0,0,1.0,1.0,0.07,0.06,0.0,1.0,1.0,1,86978.0
http,SF,291,13599,1,0.0,0.0,1.0,0.0,0.0,0.0,0.0,0,7625.0
domain_u,SF,44,79,0,0.0,0.0,1.0,0.01,0.0,0.0,0.0,0,33070.0
http,SF,228,955,1,0.0,0.0,1.0,0.0,0.02,0.0,0.0,0,45849.0
ftp_data,S0,0,0,0,1.0,1.0,0.49,0.05,0.0,1.0,1.0,1,62986.0
link,S0,0,0,0,1.0,1.0,0.07,0.07,0.0,1.0,1.0,1,73736.0
private,REJ,0,0,0,0.0,0.0,0.02,0.08,0.0,0.0,0.0,1,58071.0
http,SF,309,3222,1,0.0,0.0,1.0,0.0,0.0,0.0,0.0,0,22141.0
http,SF,208,770,1,0.0,0.0,1.0,0.0,0.0,0.0,0.0,0,124959.0
http,SF,210,678,1,0.0,0.0,1.0,0.0,0.0,0.0,0.0,0,50578.0
http_443,S0,0,0,0,1.0,1.0,0.17,0.06,0.0,1.0,1.0,1,43122.0
http,SF,220,1248,1,0.0,0.0,1.0,0.0,0.0,0.0,0.0,0,88441.0
private,SF,1,0,0,0.0,0.0,1.0,0.0,0.0,0.0,0.0,1,21135.0
private,S0,0,0,0,1.0,1.0,0.01,0.06,0.0,1.0,1.0,1,713.0
smtp,SF,985,331,1,0.0,0.0,1.0,0.0,0.01,0.0,0.0,0,52963.0
eco_i,SF,30,0,0,0.0,0.0,1.0,0.0,0.47,0.0,0.0,0,97977.0
private,S0,0,0,0,1.0,1.0,0.05,0.06,0.0,1.0,1.0,1,59763.0
http,SF,218,1752,1,0.0,0.0,1.0,0.0,0.0,0.0,0.0,0,88758.0
smtp,SF,712,325,1,0.0,0.0,1.0,0.0,0.0,0.0,0.0,0,108512.0
ftp_data,S0,0,0,0,1.0,1.0,0.08,0.05,0.0,1.0,1.0,1,63654.0
ldap,REJ,0,0,0,0.03,0.0,0.0,1.0,0.0,0.04,0.0,1,70870.0
http,REJ,0,0,0,0.0,0.0,1.0,0.0,0.04,0.0,0.0,0,63479.0
mtp,S0,0,0,0,1.0,1.0,0.01,0.07,0.0,1.0,1.0,1,31526.0
ecr_i,SF,1032,0,0,0.0,0.0,1.0,0.0,0.0,0.0,0.0,1,53857.0
link,S0,0,0,0,1.0,1.0,0.02,0.08,0.0,1.0,1.0,1,68262.0
imap4,S0,0,0,0,1.0,1.0,0.05,0.06,0.0,1.0,1.0,1,119121.0
netbios_dgm,S0,0,0,0,1.0,1.0,0.01,0.06,0.0,1.0,1.0,1,29644.0
http,SF,294,885,1,0.0,0.0,1.0,0.0,0.0,0.0,0.0,0,24681.0
ftp_data,S0,0,0,0,1.0,1.0,0.5,0.06,0.0,1.0,1.0,1,31015.0
http,REJ,0,0,0,0.0,0.0,1.0,0.0,0.01,0.0,0.0,0,24906.0
http,SF,338,238,1,0.0,0.0,1.0,0.0,0.07,0.0,0.0,0,117428.0
http,SF,346,1591,1,0.0,0.0,1.0,0.0,0.05,0.0,0.0,0,97631.0
telnet,SF,104,2085,1,0.0,0.0,1.0,0.0,0.0,0.0,0.0,0,20873.0
private,RSTR,0,0,0,0.0,0.0,1.0,0.0,0.0,0.0,0.0,1,107471.0
private,SF,1,0,0,0.0,0.0,0.07,0.14,0.0,0.0,0.0,1,97753.0
http,REJ,0,0,0,0.0,0.0,1.0,0.0,0.15,0.0,0.0,0,3847.0
private,S0,0,0,0,1.0,1.0,0.12,0.06,0.0,1.0,1.0,1,38985.0
ftp_data,S0,0,0,0,1.0,1.0,0.07,0.05,0.0,1.0,1.0,1,71488.0
private,S0,0,0,0,1.0,1.0,0.1,0.07,0.0,1.0,1.0,1,69385.0
ecr_i,SF,1032,0,0,0.0,0.0,1.0,0.0,0.0,0.0,0.0,1,6554.0
telnet,S0,0,0,0,1.0,1.0,0.03,0.07,0.0,1.0,1.0,1,120533.0
smtp,SF,5518,471,1,0.0,0.0,1.0,0.0,0.02,0.03,0.0,0,4369.0
http,SF,250,8467,1,0.0,0.0,1.0,0.0,0.04,0.0,0.0,0,20659.0
smtp,SF,978,504,1,0.0,0.0,1.0,0.0,0.0,0.0,0.0,0,48384.0
private,S0,0,0,0,1.0,1.0,0.01,0.07,0.0,1.0,1.0,1,41744.0
smtp,SF,1006,344,1,0.0,0.0,1.0,0.0,0.0,0.0,0.0,0,121928.0
eco_i,SF,18,0,0,0.0,0.0,1.0,0.0,1.0,0.0,0.0,1,64323.0
private,REJ,0,0,0,0.0,0.0,0.08,0.06,0.0,0.0,0.0,1,30106.0
ecr_i,SF,1032,0,0,0.0,0.0,1.0,0.0,0.0,0.0,0.0,1,3232.0
http,SF,294,7590,1,0.0,0.0,1.0,0.0,0.02,0.0,0.0,0,17784.0
telnet,SF,696,89306,1,0.0,0.0,1.0,0.0,0.33,0.0,0.0,0,59657.0
http,SF,306,2543,1,0.0,0.0,1.0,0.0,0.0,0.0,0.0,0,125191.0
eco_i,SF,8,0,0,0.0,0.0,1.0,0.0,0.51,0.0,0.0,1,5262.0
uucp_path,S0,0,0,0,1.0,1.0,0.29,0.08,0.0,1.0,1.0,1,65312.0
private,SF,1,0,0,0.0,0.0,0.47,0.08,0.0,0.0,0.0,1,36892.0
http,SF,415,7270,1,0.0,0.0,1.0,0.0,0.0,0.0,0.0,0,52620.0
private,S0,0,0,0,1.0,1.0,0.07,0.06,0.0,1.0,1.0,1,13890.0
http_443,S0,0,0,0,1.0,1.0,0.23,0.06,0.0,1.0,1.0,1,101287.0
smtp,SF,1780,326,1,0.0,0.0,1.0,0.0,0.0,0.0,0.0,0,84117.0
smtp,SF,952,330,1,0.0,0.0,1.0,0.0,0.02,0.0,0.0,0,120962.0
private,REJ,0,0,0,0.0,0.0,0.06,0.07,0.0,0.0,0.0,1,36244.0
efs,S0,0,0,0,1.0,1.0,0.17,0.06,0.0,1.0,1.0,1,45336.0
private,S0,0,0,0,1.0,1.0,0.05,0.05,0.0,1.0,1.0,1,93324.0
ftp,S0,0,0,0,1.0,1.0,0.01,0.06,0.0,1.0,1.0,1,70168.0
smtp,SF,1450,333,1,0.0,0.0,1.0,0.0,0.01,0.0,0.0,0,85933.0
ftp,SF,306,1043,1,0.0,0.0,1.0,0.0,0.0,0.01,0.0,0,15099.0
http,REJ,0,0,0,0.0,0.0,1.0,0.0,0.13,0.0,0.0,0,9180.0
pop_3,SF,48,251,1,0.0,0.0,1.0,0.0,0.0,0.0,0.0,0,31521.0
other,SF,7196,0,0,0.12,0.0,0.12,0.38,0.0,0.0,0.0,0,47770.0
private,SF,1,0,0,0.0,0.0,0.07,0.67,0.0,0.03,0.0,1,46892.0
smtp,SF,805,328,1,0.0,0.0,1.0,0.0,0.01,0.0,0.0,0,49441.0
private,S0,0,0,0,1.0,1.0,0.13,0.06,0.0,1.0,1.0,1,63327.0
http,SF,224,2121,1,0.0,0.0,1.0,0.0,0.03,0.0,0.0,0,62048.0
http,SF,285,17602,1,0.0,0.0,1.0,0.0,0.0,0.0,0.0,0,86881.0
http,SF,244,5061,1,0.0,0.0,1.0,0.0,0.0,0.0,0.0,0,78150.0
private,RSTO,0,0,0,0.0,0.0,0.08,0.06,0.0,0.0,0.0,1,119956.0
finger,S0,0,0,0,1.0,1.0,0.22,0.1,0.0,1.0,1.0,1,37687.0
private,RSTR,0,0,0,0.0,0.0,0.01,0.52,0.0,0.0,0.0,1,3515.0
private,S0,0,0,0,1.0,1.0,0.07,0.07,0.0,1.0,1.0,1,26709.0
efs,S0,0,0,0,1.0,1.0,0.18,0.07,0.0,1.0,1.0,1,54839.0
private,S0,0,0,0,1.0,1.0,0.02,0.06,0.0,1.0,1.0,1,102329.0
domain_u,SF,44,80,0,0.0,0.0,1.0,0.0,0.0,0.0,0.0,0,80234.0
nntp,S0,0,0,0,1.0,1.0,0.15,0.06,0.0,1.0,1.0,1,116120.0
uucp,S0,0,0,0,1.0,1.0,0.07,0.06,0.0,1.0,1.0,1,61034.0
ftp_data,SF,15876,0,0,0.0,0.0,1.0,0.0,0.0,0.0,0.0,0,14416.0
smtp,SF,809,401,1,0.0,0.0,1.0,0.0,0.0,0.23,0.0,0,105273.0
http,SF,175,6850,1,0.0,0.0,1.0,0.0,0.02,0.0,0.0,0,116494.0
other,SF,6601,0,1,0.17,0.0,0.06,0.61,0.0,0.05,0.0,0,72424.0
ftp_data,SF,16787,0,0,0.0,0.0,1.0,0.0,0.0,0.46,0.0,0,13073.0
http,SF,305,3115,1,0.0,0.0,1.0,0.0,0.01,0.0,0.0,0,105080.0
domain_u,SF,43,116,0,0.0,0.0,0.96,0.08,0.0,0.0,0.0,0,1247.0
time,S0,0,0,0,1.0,1.0,0.03,0.07,0.0,1.0,1.0,1,89776.0
http,SF,221,199,1,0.0,0.0,1.0,0.0,0.03,0.0,0.0,0,99062.0
http,SF,286,337,1,0.0,0.0,1.0,0.0,0.01,0.0,0.0,0,66644.0
imap4,S0,0,0,0,1.0,1.0,0.04,0.06,0.0,1.0,1.0,1,24616.0
http,SF,259,5170,1,0.0,0.0,1.0,0.0,0.04,0.0,0.0,0,6990.0
http,SF,238,1179,1,0.0,0.0,1.0,0.0,0.04,0.0,0.0,0,81172.0
private,S0,0,0,0,1.0,1.0,0.0,0.06,0.0,1.0,1.0,1,111539.0
http,SF,217,1324,1,0.0,0.0,1.0,0.0,0.02,0.0,0.01,0,96961.0
domain_u,SF,46,131,0,0.0,0.0,0.99,0.02,0.0,0.0,0.0,0,110532.0
smtp,SF,821,332,1,0.0,0.0,1.0,0.0,0.01,0.0,0.0,0,27042.0
http,SF,277,313,1,0.0,0.0,1.0,0.0,0.0,0.0,0.0,0,18112.0
http,SF,265,2659,1,0.5,0.5,1.0,0.0,0.02,0.0,0.0,0,41277.0
http,REJ,0,0,0,0.0,0.0,1.0,0.0,0.03,0.01,0.01,0,96722.0
time,S0,0,0,0,1.0,1.0,0.07,0.04,0.0,1.0,1.0,1,35246.0
Z39_50,S0,0,0,0,1.0,1.0,0.02,0.06,0.0,1.0,1.0,1,102670.0
http,SF,243,2015,1,0.0,0.0,1.0,0.0,0.0,0.0,0.0,0,54765.0
http,SF,260,1596,1,0.0,0.0,1.0,0.0,0.03,0.0,0.01,0,4606.0
http,SF,350,3098,1,0.0,0.0,1.0,0.0,0.01,0.01,0.0,0,17345.0
private,S0,0,0,0,1.0,1.0,0.05,0.06,0.0,1.0,1.0,1,18835.0
eco_i,SF,8,0,0,0.0,0.0,1.0,0.0,0.51,0.0,0.0,1,69276.0
telnet,S0,0,0,0,1.0,1.0,0.05,0.06,0.0,1.0,1.0,1,5842.0
iso_tsap,S0,0,0,0,1.0,1.0,0.07,0.06,0.0,1.0,1.0,1,77043.0
http,SF,326,296,1,0.0,0.0,1.0,0.0,0.0,0.0,0.0,0,29524.0
domain_u,SF,42,128,0,0.0,0.0,1.0,0.0,0.0,0.0,0.0,0,12496.0
private,SF,105,0,0,0.0,0.0,1.0,0.0,0.0,0.0,0.0,0,51040.0
telnet,S0,0,0,0,1.0,1.0,1.0,0.0,0.0,0.99,0.98,1,58932.0
hostnames,S0,0,0,0,1.0,1.0,0.01,0.06,0.0,1.0,1.0,1,110773.0
uucp_path,S0,0,0,0,1.0,1.0,0.1,0.06,0.0,1.0,1.0,1,73545.0
eco_i,SF,8,0,0,0.0,0.0,1.0,0.0,0.52,0.0,0.0,1,28298.0
private,SF,1,0,0,0.0,0.0,0.75,0.17,0.0,0.02,0.0,1,30407.0
Z39_50,REJ,0,0,0,0.0,0.0,0.05,0.06,0.0,0.0,0.0,1,122868.0
domain_u,SF,42,42,0,0.0,0.0,1.0,0.0,0.0,0.0,0.0,0,47732.0
private,S0,0,0,0,1.0,1.0,0.09,0.06,0.0,1.0,1.0,1,71839.0
domain_u,SF,44,73,0,0.0,0.0,1.0,0.0,0.0,0.0,0.0,0,23469.0
ntp_u,SF,48,48,0,0.0,0.0,1.0,0.0,0.0,0.0,0.0,0,8844.0
private,SF,1,0,0,0.0,0.0,0.15,0.15,0.0,0.03,0.0,1,6941.0
domain_u,SF,45,70,0,0.0,0.0,1.0,0.0,0.0,0.0,0.0,0,107061.0
domain_u,SF,44,74,0,0.0,0.0,1.0,0.0,0.0,0.0,0.0,0,62850.0
vmnet,REJ,0,0,0,0.0,0.0,0.11,0.06,0.0,0.0,0.0,1,93031.0
domain_u,SF,43,67,0,0.0,0.0,1.0,0.0,0.0,0.0,0.0,0,76981.0
private,RSTR,1,0,0,0.0,0.0,1.0,0.0,0.0,0.0,0.0,1,111720.0
http,S0,0,0,0,0.5,0.25,1.0,0.0,0.04,0.17,0.01,0,119882.0
domain_u,SF,45,115,0,0.0,0.0,1.0,0.0,0.0,0.0,0.0,0,98874.0
private,S0,0,0,0,1.0,1.0,0.04,0.07,0.0,1.0,1.0,1,35152.0
private,S0,0,0,0,1.0,1.0,0.03,0.06,0.0,1.0,1.0,1,46124.0
http,SF,215,3030,1,0.0,0.0,1.0,0.0,0.04,0.0,0.0,0,99881.0
ftp_data,SF,30,0,1,0.0,0.0,1.0,0.0,0.12,0.0,0.0,1,65165.0
other,SF,145,105,0,0.0,0.0,1.0,0.0,0.0,0.0,0.0,0,121057.0
vmnet,S0,0,0,0,1.0,1.0,0.07,0.06,0.0,1.0,1.0,1,1434.0
ftp_data,SF,3468,0,1,0.0,0.0,1.0,0.0,0.0,0.0,0.0,0,76680.0
private,S0,0,0,0,1.0,1.0,0.03,0.06,0.0,1.0,1.0,1,101253.0
other,SF,145,0,0,0.0,0.0,0.33,0.67,0.0,0.0,0.0,0,58471.0
http,SF,306,1750,1,0.0,0.0,1.0,0.0,0.02,0.0,0.0,0,17156.0
other,RSTR,1,0,0,0.0,0.0,1.0,0.0,0.0,0.0,0.0,1,89147.0
http,SF,229,855,1,0.0,0.0,1.0,0.0,0.0,0.0,0.0,0,91993.0
http,SF,224,1075,1,0.0,0.0,1.0,0.0,0.08,0.0,0.0,0,69314.0
ecr_i,SF,1032,0,0,0.0,0.0,1.0,0.0,0.0,0.0,0.0,1,77353.0
domain_u,SF,43,76,0,0.0,0.0,1.0,0.0,0.0,0.0,0.0,0,4069.0
private,S0,0,0,0,1.0,1.0,0.31,0.07,0.0,1.0,1.0,1,117203.0
ftp_data,SF,1153,0,1,0.0,0.0,1.0,0.0,0.0,0.0,0.0,0,68362.0
http,SF,207,2529,1,0.0,0.0,1.0,0.0,0.03,0.0,0.0,0,49161.0
http,SF,342,2631,1,0.0,0.0,1.0,0.0,0.04,0.0,0.0,0,74400.0
http,SF,189,9692,1,0.0,0.0,1.0,0.0,0.0,0.0,0.0,0,117857.0
private,SF,28,0,0,0.01,0.0,0.99,0.02,0.0,0.0,0.0,1,4239.0
ftp_data,S0,0,0,0,1.0,1.0,0.21,0.05,0.0,1.0,1.0,1,77939.0
http,SF,255,2450,1,0.0,0.0,1.0,0.0,0.04,0.0,0.0,0,8870.0
sunrpc,S0,0,0,0,1.0,1.0,0.03,0.06,0.0,1.0,1.0,1,54605.0
private,REJ,0,0,0,0.0,0.0,1.0,0.0,1.0,0.0,0.0,1,45976.0
http,SF,323,10293,1,0.0,0.0,1.0,0.0,0.05,0.0,0.0,0,100560.0
eco_i,SF,30,0,0,0.0,0.0,1.0,0.0,0.16,0.0,0.0,0,99389.0
http,SF,238,818,1,0.0,0.0,1.0,0.0,0.01,0.0,0.0,0,84649.0
echo,S0,0,0,0,1.0,1.0,0.07,0.06,0.0,1.0,1.0,1,22093.0
http,SF,210,178,1,0.0,0.0,1.0,0.0,0.04,0.0,0.0,0,30711.0
ecr_i,SF,1032,0,0,0.0,0.0,1.0,0.0,0.0,0.0,0.0,1,110848.0
netbios_dgm,S0,0,0,0,1.0,1.0,0.08,0.06,0.0,1.0,1.0,1,117266.0
private,S0,0,0,0,1.0,1.0,0.01,0.07,0.0,1.0,1.0,1,826.0
http,SF,343,1434,1,0.0,0.0,1.0,0.0,0.02,0.0,0.0,0,50507.0
http,SF,276,313,1,0.25,0.05,1.0,0.0,0.0,0.0,0.0,0,107147.0
http,SF,304,3222,1,0.0,0.0,1.0,0.0,0.0,0.0,0.0,0,41553.0
http,SF,202,302,1,0.0,0.0,1.0,0.0,0.05,0.01,0.0,0,83787.0
ecr_i,SF,1032,0,0,0.0,0.0,1.0,0.0,0.0,0.01,0.0,1,63865.0
netstat,S0,0,0,0,1.0,1.0,0.06,0.06,0.0,1.0,1.0,1,58335.0
other,SF,516,4,0,0.0,0.0,1.0,0.0,0.0,0.0,0.0,0,122062.0
private,S0,0,0,0,1.0,1.0,0.03,0.07,0.0,1.0,1.0,1,96409.0
private,REJ,0,0,0,0.0,0.0,0.73,0.12,0.0,0.0,0.0,1,107410.0
http,SF,197,2909,1,0.0,0.0,1.0,0.0,0.02,0.0,0.0,0,48652.0
systat,S0,0,0,0,1.0,1.0,0.05,0.05,0.0,1.0,1.0,1,55234.0
private,S0,0,0,0,1.0,1.0,0.12,0.06,0.0,1.0,1.0,1,121599.0
private,REJ,0,0,0,0.0,0.0,0.26,0.07,0.0,0.0,0.0,1,44570.0
nntp,S0,0,0,0,1.0,1.0,0.11,0.06,0.0,1.0,1.0,1,63139.0
finger,SF,10,186,0,0.0,0.0,1.0,0.0,0.0,0.0,0.0,1,80754.0
ecr_i,SF,1032,0,0,0.0,0.0,1.0,0.0,0.0,0.01,0.0,1,30917.0
http,SF,283,1260,1,0.0,0.0,1.0,0.0,0.04,0.0,0.0,0,73831.0
ftp_data,S0,0,0,0,1.0,1.0,0.25,0.07,0.0,1.0,1.0,1,18083.0
http,SF,243,4975,1,0.0,0.0,1.0,0.0,0.03,0.0,0.0,0,45431.0
http,REJ,0,0,0,0.0,0.0,1.0,0.0,0.05,0.0,0.0,0,48293.0
private,S0,0,0,0,1.0,1.0,0.03,0.06,0.0,1.0,1.0,1,111267.0
http,SF,284,7121,1,0.0,0.0,1.0,0.0,0.02,0.0,0.0,0,35682.0
other,SF,516,4,0,0.0,0.0,1.0,0.0,0.0,0.0,0.0,0,91451.0
private,RSTR,0,0,0,0.0,0.0,1.0,0.0,0.0,0.1,0.0,1,107285.0
http,SF,323,598,1,0.0,0.0,1.0,0.0,0.02,0.0,0.0,0,4078.0
time,S0,0,0,0,1.0,1.0,0.01,0.07,0.0,1.0,1.0,1,100109.0
uucp,S0,0,0,0,1.0,1.0,0.04,0.07,0.0,1.0,1.0,1,45667.0
http,SF,242,1579,1,0.0,0.0,1.0,0.0,0.0,0.0,0.0,0,79323.0
http,SF,268,3970,1,0.0,0.0,1.0,0.0,0.04,0.0,0.0,0,91895.0
ftp,S0,0,0,0,1.0,1.0,0.0,0.07,0.0,1.0,1.0,1,121573.0
http,SF,312,544,1,0.0,0.0,1.0,0.0,0.02,0.0,0.0,0,34533.0
private,S0,0,0,0,1.0,1.0,0.03,0.06,0.0,1.0,1.0,1,72467.0
http,SF,254,388,1,0.0,0.0,1.0,0.0,0.0,0.0,0.0,0,2488.0
private,S0,0,0,0,1.0,1.0,0.02,0.1,0.0,1.0,1.0,1,37322.0
http,SF,54540,8314,1,0.0,0.0,1.0,0.0,0.0,0.0,0.0,1,84055.0
smtp,SF,1463,388,1,0.0,0.0,1.0,0.0,0.0,0.2,0.0,0,52135.0
http,SF,316,1078,1,0.0,0.0,1.0,0.0,0.02,0.0,0.0,0,8008.0
link,S0,0,0,0,1.0,1.0,0.14,0.06,0.0,1.0,1.0,1,47861.0
http,SF,246,1782,1,0.0,0.0,1.0,0.0,0.0,0.0,0.0,0,115272.0
private,S0,0,0,0,1.0,1.0,0.15,0.06,0.0,1.0,1.0,1,124469.0
http,SF,229,4039,1,0.0,0.0,1.0,0.0,0.0,0.0,0.0,0,13667.0
http,SF,248,3112,1,0.0,0.0,1.0,0.0,0.0,0.0,0.0,0,19581.0
private,S0,0,0,0,1.0,1.0,0.1,0.06,0.0,1.0,1.0,1,118563.0
ctf,S0,0,0,0,1.0,1.0,0.18,0.05,0.0,1.0,1.0,1,120058.0
domain_u,SF,43,84,0,0.0,0.0,1.0,0.0,0.0,0.0,0.0,0,95026.0
http,SF,251,255,1,0.25,0.2,1.0,0.0,0.0,0.0,0.0,0,20023.0
private,S0,0,0,0,1.0,1.0,0.01,0.06,0.0,1.0,1.0,1,2571.0
telnet,SF,141,2515,1,0.0,0.0,1.0,0.0,0.8,0.0,0.0,0,95266.0
ecr_i,SF,1032,0,0,0.0,0.0,1.0,0.0,0.0,0.21,0.0,1,66118.0
domain_u,SF,44,44,0,0.0,0.0,0.83,0.33,0.0,0.0,0.0,0,72936.0
private,SF,28,0,0,0.0,0.0,1.0,0.0,0.0,0.0,0.0,1,77460.0
other,SF,15876,0,1,0.06,0.0,0.06,0.28,0.0,0.01,0.0,0,102950.0
netbios_dgm,S0,0,0,0,1.0,1.0,0.02,0.06,0.0,1.0,1.0,1,14942.0
http,SF,312,1386,1,0.0,0.0,1.0,0.0,0.03,0.0,0.0,0,96642.0
private,SF,1,0,0,0.0,0.0,0.18,0.06,0.0,0.0,0.0,1,29213.0
ecr_i,SF,1032,0,0,0.0,0.0,1.0,0.0,0.0,0.0,0.0,1,40841.0
http,SF,219,12705,1,0.0,0.0,1.0,0.0,0.05,0.0,0.0,0,105703.0
smtp,SF,2697,331,1,0.0,0.0,1.0,0.0,0.0,0.01,0.02,0,850.0
other,REJ,0,0,0,0.08,0.0,0.0,1.0,0.0,0.12,0.0,1,75273.0
http,SF,215,337,1,0.0,0.0,1.0,0.0,0.04,0.0,0.0,0,68268.0
http,REJ,0,0,0,0.0,0.0,1.0,0.0,0.2,0.0,0.0,0,4311.0
uucp_path,S0,0,0,0,1.0,1.0,0.06,0.07,0.0,1.0,1.0,1,57274.0
smtp,SF,1804,333,1,0.0,0.0,1.0,0.0,0.0,0.02,0.01,0,101241.0
ssh,S0,0,0,0,1.0,1.0,0.16,0.06,0.0,1.0,1.0,1,104541.0
other,SF,147,105,0,0.0,0.0,1.0,0.0,0.0,0.0,0.0,0,104102.0
domain_u,SF,45,134,0,0.0,0.0,0.99,0.03,0.0,0.0,0.0,0,17693.0
ftp_data,SF,1830,0,0,0.0,0.0,1.0,0.0,0.02,0.0,0.0,0,116507.0
http,SF,228,45263,1,0.0,0.0,1.0,0.0,0.02,0.0,0.01,0,46570.0
private,REJ,0,0,0,0.0,0.0,0.07,0.06,0.0,0.0,0.0,1,77407.0
supdup,S0,0,0,0,1.0,1.0,0.08,0.05,0.0,1.0,1.0,1,113308.0
http,SF,243,2090,1,0.0,0.0,1.0,0.0,0.03,0.0,0.0,0,50598.0
smtp,SF,2225,364,1,0.0,0.0,1.0,0.0,0.01,0.0,0.0,0,9665.0
private,REJ,0,0,0,0.0,0.0,0.12,1.0,0.0,0.0,0.0,1,116296.0
domain_u,SF,45,138,0,0.0,0.0,1.0,0.01,0.0,0.0,0.0,0,73925.0
http,S0,0,0,0,1.0,0.89,0.04,0.07,0.0,1.0,1.0,1,17721.0
http,SF,215,845,1,0.0,0.0,1.0,0.0,0.0,0.0,0.0,0,28432.0
private,S0,0,0,0,1.0,1.0,0.04,0.05,0.0,1.0,1.0,1,23260.0
http,SF,226,6265,1,0.0,0.0,1.0,0.0,0.02,0.0,0.0,0,70764.0
ftp_data,SF,7321,0,0,0.0,0.0,1.0,0.0,0.03,0.0,0.0,0,7254.0
ctf,S0,0,0,0,1.0,1.0,0.08,0.06,0.0,1.0,1.0,1,34972.0
http,SF,244,2140,1,0.0,0.0,1.0,0.0,0.0,0.0,0.0,0,106680.0
smtp,SF,1403,412,1,0.0,0.0,1.0,0.0,0.01,0.0,0.0,0,67192.0
private,RSTR,1,0,0,0.0,0.0,1.0,0.0,0.0,0.0,0.0,1,18582.0
http,SF,192,9385,1,0.0,0.0,1.0,0.0,0.02,0.0,0.0,0,57301.0
http,SF,263,3112,1,0.0,0.0,1.0,0.0,0.0,0.0,0.0,0,35854.0
http,SF,287,868,1,0.0,0.0,1.0,0.0,0.02,0.0,0.0,0,83275.0
auth,REJ,0,0,0,0.0,0.0,0.02,0.07,0.0,0.0,0.0,1,121501.0
http,SF,217,13082,1,0.0,0.0,1.0,0.0,0.04,0.0,0.0,0,49125.0
nnsp,S0,0,0,0,1.0,1.0,0.16,0.05,0.0,1.0,1.0,1,90667.0
smtp,SF,1405,333,1,0.0,0.0,1.0,0.0,0.0,0.0,0.0,0,50793.0
eco_i,SF,18,0,0,0.0,0.0,1.0,0.0,1.0,0.0,0.0,1,26009.0
http,SF,230,1380,1,0.0,0.0,1.0,0.0,0.0,0.0,0.0,0,96441.0
http,SF,171,166,1,0.0,0.0,1.0,0.0,0.0,0.0,0.0,0,122419.0
smtp,SF,782,330,1,0.0,0.0,1.0,0.0,0.0,0.0,0.0,0,121665.0
http,SF,325,746,1,0.0,0.0,1.0,0.0,0.03,0.0,0.0,0,75352.0
ftp_data,SF,63,0,0,0.0,0.0,1.0,0.0,0.04,0.0,0.0,0,66065.0
http,SF,202,6546,1,0.0,0.0,1.0,0.0,0.03,0.0,0.0,0,19927.0
other,REJ,0,0,0,0.23,0.0,0.0,1.0,0.0,0.25,0.0,1,29730.0
http,SF,240,294,1,0.0,0.0,1.0,0.0,0.02,0.0,0.0,0,43450.0
iso_tsap,S0,0,0,0,1.0,1.0,0.09,0.05,0.0,1.0,1.0,1,55994.0
ftp_data,SF,748,0,1,0.0,0.0,1.0,0.0,0.03,0.0,0.0,0,81522.0
ecr_i,SF,520,0,0,0.0,0.0,1.0,0.0,0.0,0.0,0.0,1,51114.0
http,SF,200,1081,1,0.0,0.0,1.0,0.0,0.03,0.01,0.0,0,123591.0
http,SF,355,657,1,0.0,0.0,1.0,0.0,0.0,0.0,0.0,0,604.0
other,SF,146,105,0,0.0,0.0,1.0,0.0,0.0,0.0,0.0,0,89521.0
domain_u,SF,44,44,0,0.0,0.0,1.0,0.0,0.0,0.0,0.0,0,38844.0
eco_i,SF,8,0,0,0.0,0.0,1.0,0.0,0.5,0.0,0.0,1,13512.0
other,RSTR,1,0,0,0.0,0.0,1.0,0.0,0.0,0.0,0.0,1,17696.0
ftp_data,SF,334,0,1,0.0,0.0,1.0,0.0,0.19,0.0,0.04,1,35858.0
smtp,SF,2377,324,1,0.0,0.0,1.0,0.0,0.02,0.0,0.0,0,61554.0
ftp_data,SF,5135678,0,1,0.0,0.0,1.0,0.0,0.09,0.0,0.0,1,108841.0
other,SF,146,105,0,0.0,0.0,1.0,0.0,0.0,0.0,0.0,0,87560.0
http,SF,209,3410,1,0.0,0.0,1.0,0.0,0.0,0.0,0.0,0,62208.0
other,SF,59,0,0,0.0,0.0,0.1,0.2,0.0,0.0,0.0,0,37660.0
eco_i,SF,8,0,0,0.0,0.0,1.0,0.0,0.51,0.0,0.0,1,107174.0
http,SF,229,9920,1,0.0,0.0,1.0,0.0,0.04,0.0,0.0,0,73192.0
eco_i,SF,8,0,0,0.0,0.0,1.0,0.0,0.5,0.0,0.0,1,68944.0
http,SF,332,3473,1,0.0,0.0,1.0,0.0,0.02,0.0,0.0,0,39331.0
finger,SF,10,225,0,0.0,0.0,1.0,0.0,0.3,0.0,0.1,0,73290.0
smtp,SF,1987,327,1,0.0,0.0,1.0,0.0,0.01,0.0,0.0,0,105190.0
http,SF,242,396,1,0.0,0.0,1.0,0.0,0.0,0.0,0.0,0,25960.0
private,SF,1,0,0,0.0,0.0,0.87,0.03,0.0,0.0,0.0,1,68822.0
netbios_ssn,REJ,0,0,0,0.0,0.0,0.08,0.07,0.0,0.0,0.0,1,73440.0
eco_i,SF,8,0,0,0.0,0.0,1.0,0.0,0.51,0.0,0.0,1,43282.0
http,SF,241,975,1,0.0,0.0,1.0,0.0,0.0,0.0,0.0,0,81298.0
uucp_path,S0,0,0,0,1.0,1.0,0.05,0.06,0.0,1.0,1.0,1,85988.0
http,SF,294,313,1,0.0,0.0,1.0,0.0,0.0,0.0,0.0,0,110973.0
echo,REJ,0,0,0,0.01,0.0,0.01,1.0,0.0,0.0,0.0,1,38405.0
ecr_i,SF,520,0,0,0.0,0.0,1.0,0.0,0.0,0.0,0.0,1,88369.0
http,SF,243,389,1,0.0,0.0,1.0,0.0,0.0,0.0,0.0,0,83163.0
private,RSTR,0,0,0,0.0,0.0,0.0,0.52,0.0,0.0,0.0,1,118643.0
private,REJ,0,0,0,0.0,0.0,0.05,0.06,0.0,0.0,0.0,1,26246.0
http,SF,233,1532,1,0.0,0.0,1.0,0.0,0.01,0.0,0.0,0,66030.0
private,RSTR,1,0,0,0.0,0.0,1.0,0.0,0.0,0.0,0.0,1,124126.0
private,RSTR,0,0,0,0.0,0.0,1.0,0.0,0.0,0.0,0.0,1,46212.0
http,SF,296,1044,1,0.0,0.0,1.0,0.0,0.03,0.0,0.0,0,83881.0
private,REJ,0,0,0,0.0,0.0,0.15,0.06,0.0,0.0,0.0,1,20590.0
http,SF,226,28076,1,0.0,0.0,1.0,0.0,0.02,0.01,0.0,0,49032.0
eco_i,SF,8,0,0,0.0,0.0,1.0,0.0,0.25,0.0,0.0,1,9877.0
ftp_data,SF,854,0,0,0.0,0.0,1.0,0.0,0.0,0.01,0.0,0,46842.0
domain_u,SF,45,132,0,0.0,0.0,1.0,0.0,0.0,0.0,0.0,0,103023.0
other,SF,146,105,0,0.0,0.0,1.0,0.0,0.0,0.0,0.0,0,105126.0
http,SF,321,13965,1,0.0,0.0,1.0,0.0,0.06,0.0,0.0,0,107540.0
http,REJ,0,0,0,0.0,0.0,1.0,0.0,0.07,0.0,0.0,0,120868.0
hostnames,S0,0,0,0,1.0,1.0,0.0,0.05,0.0,1.0,1.0,1,22877.0
smtp,SF,882,332,1,0.0,0.0,1.0,0.0,0.02,0.0,0.0,0,62442.0
ftp_data,SF,749,0,1,0.0,0.0,1.0,0.0,0.0,0.0,0.0,0,9893.0
private,S0,0,0,0,1.0,1.0,0.11,0.07,0.0,1.0,1.0,1,94230.0
http,SF,309,2239,1,0.0,0.0,1.0,0.0,0.0,0.0,0.0,0,124363.0
http,SF,336,3211,1,0.0,0.0,1.0,0.0,0.0,0.0,0.0,0,12286.0
http,SF,244,6068,1,0.0,0.0,1.0,0.0,0.0,0.0,0.0,0,9408.0
http,SF,231,236,1,0.0,0.0,1.0,0.0,0.05,0.0,0.0,0,106743.0
private,S0,0,0,0,1.0,1.0,0.08,0.04,0.0,0.95,1.0,1,6819.0
http,SF,293,566,1,0.0,0.0,1.0,0.0,0.04,0.0,0.0,0,53126.0
http,S1,199,27740,1,0.33,0.33,1.0,0.0,0.03,0.33,0.01,0,101548.0
http,SF,474,5017,1,0.0,0.0,1.0,0.0,0.11,0.0,0.0,0,90626.0
supdup,REJ,0,0,0,0.0,0.0,0.03,0.06,0.0,0.0,0.0,1,73161.0
ftp_data,SF,15377,0,1,0.0,0.0,1.0,0.0,0.05,0.0,0.0,0,1945.0
private,SF,28,0,0,0.02,0.0,0.98,0.03,0.0,0.0,0.0,1,75626.0
link,REJ,0,0,0,0.0,0.0,0.06,0.06,0.0,0.0,0.0,1,12575.0
http,SF,210,4046,1,0.0,0.0,1.0,0.0,0.03,0.0,0.02,0,23250.0
other,SF,146,0,0,0.0,0.0,1.0,0.0,0.0,0.0,0.0,0,98636.0
private,RSTR,0,0,0,0.0,0.0,1.0,0.0,0.0,0.06,0.0,1,118154.0
ldap,S0,0,0,0,1.0,1.0,0.12,0.06,0.0,1.0,1.0,1,77205.0
http,SF,313,2041,1,0.0,0.0,1.0,0.0,0.06,0.0,0.0,0,71586.0
http,SF,234,9969,1,0.0,0.0,1.0,0.0,0.01,0.0,0.0,0,96449.0
http,SF,228,274,1,0.0,0.0,1.0,0.0,0.0,0.01,0.01,0,83294.0
other,SF,147,105,0,0.0,0.0,0.5,0.5,0.0,0.0,0.0,0,40617.0
smtp,SF,1424,332,1,0.0,0.0,1.0,0.0,0.01,0.0,0.0,0,86125.0
private,S0,0,0,0,1.0,1.0,0.03,0.08,0.0,1.0,1.0,1,103368.0
private,S0,0,0,0,1.0,1.0,0.05,0.06,0.0,1.0,1.0,1,44963.0
http,REJ,0,0,0,0.0,0.0,1.0,0.0,0.07,0.0,0.0,0,90858.0
ecr_i,SF,1032,0,0,0.0,0.0,1.0,0.0,0.0,0.22,0.0,1,10312.0
private,S0,0,0,0,1.0,1.0,0.03,0.06,0.0,1.0,1.0,1,84580.0
http,SF,315,515,1,0.0,0.0,1.0,0.0,0.06,0.0,0.0,0,28791.0
http,SF,205,304,1,0.0,0.0,1.0,0.0,0.0,0.0,0.0,0,51518.0
private,S0,0,0,0,1.0,1.0,0.05,0.05,0.0,1.0,1.0,1,50262.0
http,SF,216,448,1,0.0,0.0,1.0,0.0,0.03,0.0,0.0,0,56177.0
ftp_data,SF,567,0,0,0.0,0.0,0.33,0.67,0.06,0.0,0.0,0,85075.0
private,SF,28,0,0,0.0,0.0,1.0,0.0,0.0,0.0,0.0,1,110774.0
pop_3,SF,80,3962,1,0.0,0.0,1.0,0.0,0.0,0.01,0.0,0,25504.0
other,SF,147,105,0,0.0,0.0,1.0,0.0,0.0,0.0,0.0,0,87786.0
other,SF,147,105,0,0.0,0.0,1.0,0.0,0.0,0.0,0.0,0,31928.0
smtp,SF,1641,340,1,0.0,0.0,1.0,0.0,0.01,0.0,0.0,0,56212.0
http,SF,333,1688,1,0.0,0.0,1.0,0.0,0.02,0.0,0.0,0,24974.0
smtp,SF,1933,411,1,0.0,0.0,1.0,0.0,0.0,0.0,0.0,0,2840.0
http,SF,235,7333,1,0.0,0.0,1.0,0.0,0.0,0.0,0.0,0,70912.0
uucp_path,S0,0,0,0,1.0,1.0,0.02,0.06,0.0,1.0,1.0,1,123674.0
ftp_data,SF,245,0,1,0.0,0.0,1.0,0.0,0.04,0.0,0.0,0,123072.0
http,SF,219,12922,1,0.0,0.0,1.0,0.0,0.0,0.0,0.0,0,70563.0
smtp,SF,2363,325,1,0.0,0.0,1.0,0.0,0.0,0.01,0.01,0,106696.0
smtp,SF,1762,331,1,0.0,0.0,1.0,0.0,0.02,0.0,0.0,0,8590.0
http,SF,280,1288,1,0.0,0.0,1.0,0.0,0.05,0.0,0.0,0,12634.0
http,REJ,0,0,0,0.0,0.0,1.0,0.0,0.1,0.0,0.0,0,23684.0
uucp,S0,0,0,0,1.0,1.0,0.1,0.06,0.0,1.0,1.0,1,97227.0
domain_u,SF,44,134,0,0.0,0.0,1.0,0.0,0.0,0.0,0.0,0,119486.0
other,REJ,0,0,0,0.18,0.0,0.0,1.0,0.0,0.17,0.0,1,101221.0
private,S0,0,0,0,1.0,1.0,0.24,0.09,0.0,1.0,1.0,1,81587.0
private,S0,0,0,0,1.0,1.0,0.14,0.06,0.0,1.0,1.0,1,76341.0
domain_u,SF,45,114,0,0.0,0.0,1.0,0.0,0.0,0.0,0.0,0,36960.0
ftp_data,SF,495,0,1,0.0,0.0,1.0,0.0,0.03,0.0,0.0,0,26878.0
http,SF,300,2701,1,0.5,0.1,1.0,0.0,0.03,0.17,0.0,0,124456.0
http,SF,322,2097,1,0.0,0.0,1.0,0.0,0.0,0.0,0.0,0,52997.0
http,SF,348,1280,1,0.0,0.0,1.0,0.0,0.0,0.0,0.0,0,53689.0
http,REJ,0,0,0,0.0,0.0,1.0,0.0,0.13,0.0,0.0,0,53701.0
ecr_i,SF,1032,0,0,0.0,0.0,1.0,0.0,0.0,0.0,0.0,1,60176.0
telnet,S0,0,0,0,1.0,1.0,0.22,0.05,0.0,1.0,1.0,1,90181.0
auth,S0,0,0,0,1.0,1.0,0.07,0.05,0.0,1.0,1.0,1,88802.0
private,S0,0,0,0,1.0,1.0,0.08,0.08,0.0,1.0,1.0,1,5866.0
ftp_data,SF,71,0,0,0.0,0.0,1.0,0.0,0.0,0.83,0.0,0,96744.0
mtp,S0,0,0,0,1.0,1.0,0.08,0.08,0.0,1.0,1.0,1,124986.0
http,SF,292,1256,1,0.0,0.0,1.0,0.0,0.06,0.0,0.0,0,109304.0
http,S0,0,0,0,1.0,1.0,0.5,0.4,0.0,1.0,1.0,1,20133.0
domain_u,SF,45,138,0,0.0,0.0,1.0,0.01,0.0,0.0,0.0,0,24164.0
eco_i,SF,8,0,0,0.0,0.0,1.0,0.0,0.51,0.0,0.0,1,102934.0
sunrpc,S0,0,0,0,1.0,1.0,0.5,0.19,0.0,1.0,1.0,1,36156.0
private,SF,105,147,0,0.0,0.0,1.0,0.0,0.0,0.0,0.0,0,35.0
http,SF,229,263,1,0.0,0.0,1.0,0.0,0.02,0.0,0.0,0,55642.0
http,SF,210,259,1,0.0,0.0,1.0,0.0,0.0,0.0,0.0,0,37575.0
ftp_data,SF,276,0,1,0.0,0.0,1.0,0.0,0.0,0.0,0.0,0,33563.0
other,REJ,0,0,0,0.06,0.0,0.0,1.0,0.0,0.08,0.0,1,32845.0
pop_3,SF,35,130,1,0.0,0.0,1.0,0.0,0.5,0.0,0.0,0,71138.0
whois,S0,0,0,0,1.0,1.0,0.01,0.07,0.0,1.0,1.0,1,110003.0
private,S0,0,0,0,1.0,1.0,0.01,0.06,0.0,1.0,1.0,1,14687.0
eco_i,SF,18,0,0,0.0,0.0,1.0,0.0,1.0,0.0,0.0,1,91229.0
Z39_50,REJ,0,0,0,0.0,0.0,0.01,0.07,0.0,0.0,0.0,1,122613.0
http,SF,352,943,1,0.0,0.0,1.0,0.0,0.01,0.0,0.0,0,30818.0
http,SF,250,768,1,0.0,0.0,1.0,0.0,0.0,0.0,0.0,0,67741.0
http,SF,327,3276,1,0.0,0.0,1.0,0.0,0.04,0.0,0.0,0,4613.0
http,SF,228,1483,1,0.0,0.0,1.0,0.0,0.0,0.0,0.0,0,110554.0
smtp,SF,2188,334,1,0.0,0.0,1.0,0.0,0.02,0.0,0.01,0,65641.0
eco_i,SF,8,0,0,0.0,0.0,1.0,0.0,0.26,0.0,0.0,1,116900.0
smtp,SF,1671,331,1,0.0,0.0,1.0,0.0,0.02,0.0,0.0,0,71463.0
http,REJ,0,0,0,0.0,0.0,1.0,0.0,0.2,0.0,0.0,0,102536.0
ftp_data,SF,1766,0,0,0.0,0.0,1.0,0.0,0.02,0.0,0.0,0,49136.0
http,SF,333,670,1,0.0,0.0,1.0,0.0,0.04,0.0,0.0,0,53365.0
private,REJ,0,0,0,0.0,0.0,0.01,0.08,0.0,0.0,0.0,1,8763.0
http,SF,308,1512,1,0.0,0.0,1.0,0.0,0.0,0.0,0.0,0,31934.0
http,SF,287,857,1,0.0,0.0,1.0,0.0,0.05,0.01,0.0,0,92267.0
smtp,SF,1185,334,1,0.0,0.0,1.0,0.0,0.02,0.0,0.11,0,45194.0
http,SF,310,2730,1,0.0,0.0,1.0,0.0,0.05,0.0,0.0,0,18570.0
http,SF,217,2436,1,0.0,0.0,1.0,0.0,0.03,0.0,0.0,0,58505.0
gopher,S0,0,0,0,1.0,1.0,0.08,0.06,0.0,1.0,1.0,1,96807.0
nnsp,REJ,0,0,0,0.0,0.0,0.13,0.05,0.0,0.0,0.0,1,108851.0
klogin,S0,0,0,0,1.0,1.0,0.15,0.06,0.0,1.0,1.0,1,35657.0
private,S0,0,0,0,1.0,1.0,0.02,0.05,0.0,1.0,1.0,1,29227.0
eco_i,SF,8,0,0,0.0,0.0,1.0,0.0,0.51,0.0,0.0,1,37109.0
http,SF,54540,8314,1,0.0,0.0,1.0,0.0,0.0,0.0,0.0,1,31419.0
ftp_data,SF,88382,0,1,0.0,0.0,1.0,0.0,0.0,0.0,0.0,0,79151.0
http,REJ,0,0,0,0.0,0.0,1.0,0.0,0.14,0.0,0.0,0,21901.0
finger,S0,0,0,0,1.0,1.0,0.03,0.06,0.0,1.0,1.0,1,33046.0
domain_u,SF,34,0,0,0.0,0.0,1.0,0.0,0.03,0.0,0.0,0,19954.0
http,SF,216,2132,1,0.0,0.0,1.0,0.0,0.04,0.0,0.0,0,54116.0
ecr_i,SF,520,0,0,0.0,0.0,1.0,0.0,0.0,0.0,0.0,1,17123.0
http,SF,302,4509,1,0.0,0.0,1.0,0.0,0.02,0.0,0.0,0,95701.0
http,SF,222,397,1,0.0,0.0,1.0,0.0,0.07,0.0,0.0,0,26450.0
domain_u,SF,46,75,0,0.0,0.0,1.0,0.0,0.0,0.0,0.0,0,8999.0
http,SF,226,298,1,0.0,0.0,1.0,0.0,0.01,0.0,0.0,0,22318.0
private,S0,0,0,0,1.0,1.0,0.14,0.06,0.0,1.0,1.0,1,120090.0
http,SF,302,3233,1,0.0,0.0,1.0,0.0,0.0,0.0,0.0,0,8195.0
domain_u,SF,48,114,0,0.0,0.0,1.0,0.0,0.0,0.0,0.0,0,102887.0
smtp,SF,4209,328,1,0.0,0.0,1.0,0.0,0.01,0.0,0.0,0,17801.0
IRC,RSTR,2601,11245,1,0.0,0.0,1.0,0.0,0.0,0.01,0.05,0,26812.0
finger,S0,0,0,0,1.0,1.0,0.55,0.18,0.0,1.0,1.0,1,104792.0
supdup,S0,0,0,0,1.0,1.0,0.16,0.08,0.0,1.0,1.0,1,67496.0
private,S0,0,0,0,1.0,1.0,0.04,0.06,0.0,1.0,1.0,1,74863.0
ecr_i,SF,1032,0,0,0.0,0.0,1.0,0.0,0.0,0.02,0.0,1,116425.0
private,REJ,0,0,0,0.12,0.0,0.02,1.0,0.0,0.03,0.0,1,56468.0
telnet,S0,0,0,0,1.0,1.0,1.0,0.0,0.05,1.0,0.98,1,34265.0
smtp,SF,1405,328,1,0.0,0.0,1.0,0.0,0.01,0.0,0.0,0,109007.0
urp_i,SF,181,0,0,0.0,0.0,0.5,1.0,0.0,0.0,0.0,0,86277.0
http,SF,233,3140,1,0.0,0.0,1.0,0.0,0.09,0.0,0.0,0,106639.0
finger,RSTO,0,0,0,0.0,0.0,0.04,0.06,0.0,0.0,0.0,1,24724.0
http,SF,307,2507,1,0.0,0.0,1.0,0.0,0.0,0.0,0.0,0,68739.0
ssh,REJ,0,0,0,0.0,0.0,0.05,0.08,0.0,0.0,0.0,1,118998.0
private,S0,0,0,0,1.0,1.0,0.12,0.05,0.0,1.0,1.0,1,26918.0
private,RSTR,0,0,0,0.0,0.0,1.0,0.0,0.0,0.0,0.0,1,67553.0
eco_i,SF,8,0,0,0.0,0.0,1.0,0.0,0.26,0.0,0.0,1,119363.0
whois,S0,0,0,0,1.0,1.0,0.08,0.06,0.0,1.0,1.0,1,62957.0
http,SF,265,1858,1,0.0,0.0,1.0,0.0,0.05,0.0,0.0,0,37045.0
smtp,SF,1716,491,1,0.0,0.0,1.0,0.0,0.0,0.0,0.0,0,122436.0
other,REJ,0,0,0,0.06,0.0,0.0,1.0,0.0,0.08,0.0,1,7034.0
http,SF,54540,8314,1,0.0,0.0,1.0,0.0,0.0,0.0,0.0,1,71676.0
http,SF,323,1680,1,0.0,0.0,1.0,0.0,0.02,0.01,0.0,0,8803.0
private,S0,0,0,0,1.0,1.0,0.04,0.06,0.0,1.0,1.0,1,58002.0
uucp,RSTO,0,0,0,0.0,0.0,0.14,0.05,0.0,0.0,0.0,1,121921.0
ecr_i,SF,1032,0,0,0.0,0.0,1.0,0.0,0.0,0.0,0.0,1,88033.0
http,SF,163,35147,1,0.0,0.0,1.0,0.0,0.01,0.0,0.0,0,68007.0
uucp,S0,0,0,0,1.0,1.0,0.08,0.07,0.0,1.0,1.0,1,31167.0
private,S0,0,0,0,1.0,1.0,0.03,0.07,0.0,1.0,1.0,1,115653.0
http,SF,287,690,1,0.0,0.0,1.0,0.0,0.0,0.0,0.0,0,99443.0
http,REJ,0,0,0,0.0,0.0,1.0,0.0,0.09,0.0,0.0,0,26419.0
telnet,S0,0,0,0,1.0,1.0,1.0,0.0,0.0,0.98,0.96,1,82291.0
ntp_u,SF,48,48,0,0.0,0.0,0.14,0.29,0.0,0.0,0.0,0,111228.0
eco_i,SF,8,0,0,0.0,0.0,1.0,0.0,0.26,0.0,0.0,1,10295.0
private,SF,105,147,0,0.0,0.0,0.25,0.25,0.0,0.0,0.0,0,77263.0
netbios_dgm,S0,0,0,0,1.0,1.0,0.19,0.06,0.0,1.0,1.0,1,9381.0
domain_u,SF,43,71,0,0.0,0.0,1.0,0.0,0.0,0.0,0.0,0,88253.0
http,SF,251,4482,1,0.0,0.0,1.0,0.0,0.05,0.0,0.0,0,115658.0
ssh,S0,0,0,0,1.0,1.0,0.07,0.05,0.0,1.0,1.0,1,101831.0
ftp_data,SF,768,0,1,0.0,0.0,1.0,0.0,0.0,0.0,0.0,0,49247.0
hostnames,S0,0,0,0,1.0,1.0,0.06,0.06,0.0,1.0,1.0,1,61978.0
domain_u,SF,45,79,0,0.0,0.0,0.99,0.01,0.0,0.0,0.0,0,101597.0
link,S0,0,0,0,1.0,1.0,0.0,0.07,0.0,1.0,1.0,1,87078.0
ecr_i,SF,1032,0,0,0.0,0.0,1.0,0.0,0.0,0.0,0.0,1,6769.0
smtp,SF,1241,327,1,0.0,0.0,1.0,0.0,0.02,0.0,0.0,0,7620.0
ftp_data,SF,7280,0,1,0.0,0.0,1.0,0.0,0.0,0.0,0.0,0,81844.0
http,SF,205,997,1,0.0,0.0,1.0,0.0,0.0,0.0,0.0,0,30819.0
private,S0,0,0,0,1.0,1.0,0.07,0.06,0.0,1.0,1.0,1,8025.0
echo,RSTO,0,0,0,0.0,0.0,0.02,0.07,0.0,0.0,0.0,1,42377.0
other,SF,516,4,0,0.0,0.0,1.0,0.0,0.0,0.0,0.0,0,11079.0
domain_u,SF,45,79,0,0.0,0.0,1.0,0.0,0.0,0.0,0.0,0,84726.0
ftp_data,SF,567,0,1,0.0,0.0,1.0,0.0,0.02,0.0,0.0,0,65608.0
http,SF,209,925,1,0.0,0.0,1.0,0.0,0.0,0.0,0.0,0,38179.0
ftp_data,SF,6932,0,1,0.0,0.0,1.0,0.0,0.06,0.01,0.03,0,28456.0
smtp,SF,1195,406,1,0.0,0.0,1.0,0.0,0.0,0.56,0.0,0,7410.0
domain_u,SF,43,132,0,0.0,0.0,1.0,0.0,0.0,0.0,0.0,0,75892.0
other,SF,146,105,0,0.0,0.0,1.0,0.0,0.0,0.0,0.0,0,98139.0
private,S0,0,0,0,1.0,1.0,0.11,0.06,0.0,1.0,1.0,1,21328.0
ecr_i,SF,1032,0,0,0.0,0.0,1.0,0.0,0.0,0.35,0.0,1,79688.0
private,S0,0,0,0,1.0,1.0,0.04,0.06,0.0,1.0,1.0,1,102870.0
telnet,S1,91,2832,1,1.0,1.0,1.0,0.0,0.0,0.09,0.48,0,14371.0
ftp_data,SF,567,0,0,0.0,0.0,0.33,1.0,0.0,0.0,0.0,0,104732.0
eco_i,SF,64,0,0,0.0,0.0,1.0,0.0,0.0,0.0,0.0,0,84966.0
login,S0,0,0,0,1.0,1.0,0.17,0.05,0.0,1.0,1.0,1,77022.0
domain_u,SF,45,45,0,0.0,0.0,1.0,0.0,0.0,0.0,0.0,0,1176.0
http,SF,291,437,1,0.0,0.0,1.0,0.0,0.04,0.0,0.0,0,39375.0
supdup,S0,0,0,0,1.0,1.0,0.02,0.05,0.0,1.0,1.0,1,38583.0
http,SF,328,888,1,0.0,0.0,1.0,0.0,0.19,0.0,0.0,0,44550.0
csnet_ns,S0,0,0,0,1.0,1.0,0.01,0.06,0.0,1.0,1.0,1,79545.0
domain_u,SF,45,129,0,0.0,0.0,1.0,0.0,0.0,0.0,0.0,0,31912.0
private,SF,1,26,0,0.0,0.0,0.05,0.21,0.0,0.16,0.0,1,111920.0
csnet_ns,REJ,0,0,0,0.0,0.0,0.04,0.07,0.0,0.0,0.0,1,91511.0
auth,S0,0,0,0,1.0,1.0,0.04,0.07,0.0,1.0,1.0,1,51233.0
http,SF,201,6873,1,0.0,0.0,1.0,0.0,0.03,0.0,0.0,0,122596.0
http,SF,310,1481,1,0.0,0.0,1.0,0.0,0.0,0.0,0.0,0,89961.0
http,SF,213,1498,1,0.0,0.0,1.0,0.0,0.04,0.0,0.0,0,28816.0
pop_3,RSTO,0,0,0,0.0,0.0,0.02,0.07,0.0,0.0,0.0,1,97041.0
ftp_data,S0,0,0,0,1.0,1.0,0.01,0.06,0.0,1.0,1.0,1,10788.0
private,REJ,0,0,0,0.0,0.0,0.05,1.0,0.0,0.0,0.0,1,46160.0
ecr_i,SF,1032,0,0,0.0,0.0,1.0,0.0,0.0,0.0,0.0,1,60764.0
other,SF,146,105,0,0.0,0.0,1.0,0.0,0.0,0.0,0.0,0,119883.0
smtp,SF,1174,330,1,0.0,0.0,1.0,0.0,0.01,0.0,0.0,0,39776.0
ecr_i,SF,1032,0,0,0.0,0.0,1.0,0.0,0.0,0.0,0.0,1,112631.0
systat,REJ,0,0,0,0.0,0.0,0.06,0.06,0.0,0.0,0.0,1,69249.0
http,SF,287,674,1,0.0,0.0,1.0,0.0,0.02,0.0,0.0,0,40108.0
smtp,S0,0,0,0,1.0,0.89,1.0,0.0,0.01,0.99,0.56,1,81191.0
ftp_data,SF,7162,0,0,0.0,0.0,1.0,0.0,0.03,0.0,0.0,0,82804.0
smtp,SF,645,331,1,0.0,0.0,1.0,0.0,0.02,0.0,0.0,0,2214.0
http,SF,334,382,1,0.0,0.0,1.0,0.0,0.0,0.0,0.0,0,22651.0
http,SF,294,992,1,0.0,0.0,1.0,0.0,0.09,0.0,0.01,0,97622.0
ecr_i,SF,1032,0,0,0.0,0.0,1.0,0.0,0.0,0.0,0.0,1,52895.0
private,S0,0,0,0,1.0,1.0,0.04,0.05,0.0,1.0,1.0,1,100446.0
link,S0,0,0,0,1.0,1.0,0.1,0.06,0.0,1.0,1.0,1,61294.0
private,REJ,0,0,0,0.0,0.0,0.03,0.07,0.0,0.0,0.0,1,101830.0
eco_i,SF,8,0,0,0.0,0.0,1.0,0.0,0.51,0.0,0.0,1,97841.0
auth,S0,0,0,0,1.0,1.0,0.07,0.06,0.0,1.0,1.0,1,38670.0
ecr_i,SF,1032,0,0,0.0,0.0,1.0,0.0,0.0,0.0,0.0,1,68492.0
private,SF,1,0,0,0.0,0.0,1.0,0.0,0.0,0.0,0.0,1,60606.0
http,SF,350,2597,1,0.0,0.0,1.0,0.0,0.03,0.0,0.0,0,23407.0
smtp,RSTO,0,0,0,0.0,0.0,0.02,0.07,0.0,0.0,0.0,1,68907.0
domain_u,SF,43,129,0,0.0,0.0,1.0,0.0,0.01,0.0,0.0,0,27496.0
private,S0,0,0,0,1.0,1.0,0.09,0.05,0.0,1.0,1.0,1,60533.0
mtp,S0,0,0,0,1.0,1.0,0.02,0.06,0.0,1.0,1.0,1,94101.0
private,S0,0,0,0,1.0,1.0,0.08,0.07,0.0,1.0,1.0,1,14150.0
private,S0,0,0,0,1.0,1.0,0.01,0.06,0.0,1.0,1.0,1,46253.0
ftp,S0,0,0,0,1.0,1.0,0.03,0.06,0.0,1.0,1.0,1,63959.0
ftp_data,SF,748,0,1,0.0,0.0,0.5,1.0,0.03,0.0,0.0,0,44594.0
domain_u,SF,44,74,0,0.0,0.0,1.0,0.01,0.0,0.0,0.0,0,71197.0
private,S0,0,0,0,1.0,1.0,0.05,0.06,0.0,1.0,1.0,1,36258.0
ftp,SF,1222,2451,1,0.0,0.0,1.0,0.0,0.0,0.0,0.0,1,58417.0
domain_u,SF,17,70,0,0.0,0.0,1.0,0.0,0.0,0.0,0.0,0,113816.0
http,SF,266,771,1,0.0,0.0,1.0,0.0,0.0,0.0,0.0,0,7074.0
http,SF,292,2420,1,0.0,0.0,1.0,0.0,0.07,0.0,0.0,0,73278.0
http,REJ,0,0,0,0.0,0.0,1.0,0.0,0.23,0.0,0.0,0,47658.0
smtp,SF,4991,401,1,0.0,0.0,1.0,0.0,0.01,0.0,0.0,0,84588.0
http,SF,295,1215,1,0.0,0.0,1.0,0.0,0.03,0.0,0.0,0,57802.0
private,S0,0,0,0,1.0,1.0,0.03,0.06,0.0,1.0,1.0,1,100634.0
http,SF,328,864,1,0.0,0.0,1.0,0.0,0.0,0.0,0.0,0,78749.0
private,REJ,0,0,0,0.01,0.0,0.01,1.0,0.0,0.0,0.0,1,91692.0
other,RSTR,1,0,0,0.0,0.0,1.0,0.0,0.0,0.0,0.0,1,9468.0
ssh,S0,0,0,0,1.0,1.0,0.47,0.2,0.0,1.0,1.0,1,62991.0
bgp,REJ,0,0,0,0.0,0.0,0.06,0.07,0.0,0.0,0.0,1,50983.0
telnet,RSTR,449,16294,1,0.0,0.0,1.0,0.0,0.0,0.33,0.0,0,50413.0
private,S0,0,0,0,1.0,1.0,0.02,0.06,0.0,1.0,1.0,1,117520.0
domain_u,SF,43,128,0,0.0,0.0,1.0,0.0,0.0,0.0,0.0,0,98623.0
private,S0,0,0,0,1.0,1.0,0.05,0.06,0.0,1.0,1.0,1,50685.0
http,SF,212,11836,1,0.0,0.0,1.0,0.0,0.05,0.0,0.0,0,13077.0
http,SF,226,753,1,0.0,0.0,1.0,0.0,0.0,0.0,0.0,0,113457.0
private,S0,0,0,0,1.0,1.0,0.05,0.06,0.0,1.0,1.0,1,34630.0
http,SF,290,5759,1,0.0,0.0,1.0,0.0,0.06,0.0,0.0,0,94130.0
ftp_data,SF,884,0,1,0.0,0.0,1.0,0.0,0.0,0.0,0.0,0,6524.0
ecr_i,SF,520,0,0,0.0,0.0,1.0,0.0,0.0,0.0,0.0,1,106356.0
domain_u,SF,45,70,0,0.0,0.0,1.0,0.0,0.0,0.0,0.0,0,10762.0
domain_u,SF,36,52,0,0.0,0.0,1.0,0.0,0.0,0.0,0.0,0,94775.0
eco_i,SF,30,0,0,0.0,0.0,0.0,0.0,0.0,0.0,0.0,0,70788.0
http,SF,341,279,1,0.0,0.0,1.0,0.0,0.0,0.0,0.0,0,58144.0
private,S0,0,0,0,1.0,1.0,0.01,0.06,0.0,1.0,1.0,1,113525.0
csnet_ns,S0,0,0,0,1.0,1.0,0.03,0.07,0.0,1.0,1.0,1,53483.0
time,S0,0,0,0,1.0,1.0,0.06,0.05,0.0,1.0,1.0,1,116223.0
private,S0,0,0,0,1.0,1.0,0.08,0.04,0.0,0.99,1.0,1,98982.0
private,S0,0,0,0,1.0,1.0,0.06,0.06,0.0,1.0,1.0,1,60718.0
ecr_i,SF,1032,0,0,0.0,0.0,1.0,0.0,0.0,0.0,0.0,1,7049.0
private,S0,0,0,0,1.0,1.0,0.08,0.06,0.0,1.0,1.0,1,24894.0
private,S0,0,0,0,1.0,1.0,0.11,0.06,0.0,1.0,1.0,1,111306.0
http,S0,0,0,0,1.0,1.0,0.36,0.08,0.0,1.0,1.0,1,110320.0
http,SF,329,2576,1,0.0,0.0,1.0,0.0,0.07,0.0,0.0,0,63577.0
private,REJ,0,0,0,0.0,0.0,1.0,0.0,0.0,0.0,0.0,1,86821.0
ftp,SF,1505,4152,1,0.0,0.0,1.0,0.0,0.0,0.0,0.0,0,18660.0
http,SF,230,615,1,0.0,0.0,1.0,0.0,0.02,0.0,0.0,0,59436.0
private,S0,0,0,0,1.0,1.0,0.02,0.06,0.0,1.0,1.0,1,117546.0
http,SF,297,1964,1,0.0,0.0,1.0,0.0,0.1,0.0,0.0,0,103123.0
smtp,SF,128,242,1,0.0,0.0,1.0,0.0,0.02,0.0,0.0,0,95396.0
ftp_data,S0,0,0,0,1.0,1.0,0.14,0.14,0.0,1.0,1.0,1,8406.0
private,S0,0,0,0,1.0,1.0,0.11,0.06,0.0,1.0,1.0,1,88105.0
http,SF,246,7498,1,0.0,0.0,1.0,0.0,0.05,0.0,0.0,0,30264.0
http,SF,317,1587,1,0.0,0.0,1.0,0.0,0.04,0.0,0.0,0,53106.0
ftp_data,SF,1363,0,1,0.0,0.0,1.0,0.0,0.0,0.0,0.0,0,16678.0
netbios_dgm,S0,0,0,0,1.0,1.0,0.21,0.11,0.0,1.0,1.0,1,47705.0
http,SF,314,455,1,0.0,0.0,1.0,0.0,0.0,0.0,0.0,0,8583.0
domain_u,SF,1,0,0,0.0,0.0,0.14,0.14,0.0,0.03,0.0,1,22262.0
domain_u,SF,44,72,0,0.0,0.0,0.99,0.02,0.0,0.0,0.0,0,93500.0
smtp,SF,645,329,1,0.0,0.0,1.0,0.0,0.0,0.0,0.0,0,73745.0
http,SF,218,392,1,0.0,0.0,1.0,0.0,0.0,0.0,0.0,0,115292.0
http,SF,253,745,1,0.0,0.0,1.0,0.0,0.01,0.0,0.0,0,124932.0
domain_u,SF,44,74,0,0.0,0.0,1.0,0.0,0.0,0.0,0.0,0,39946.0
exec,RSTO,0,0,0,0.0,0.0,0.13,0.06,0.0,0.0,0.0,1,91345.0
http,SF,262,13277,1,0.0,0.0,1.0,0.0,0.0,0.0,0.0,0,50548.0
whois,S0,0,0,0,1.0,1.0,0.07,0.06,0.0,1.0,1.0,1,48219.0
private,REJ,0,0,0,0.0,0.0,0.04,0.07,0.0,0.0,0.0,1,91119.0
private,SF,105,146,0,0.0,0.0,0.2,0.6,0.0,0.0,0.0,0,49238.0
finger,RSTO,0,0,0,0.0,0.0,0.01,0.07,0.0,0.0,0.0,1,9941.0
http,SF,285,1670,1,0.0,0.0,1.0,0.0,0.02,0.0,0.0,0,124865.0
http,SF,259,396,1,0.0,0.0,1.0,0.0,0.0,0.0,0.0,0,48505.0
http,SF,319,5496,1,0.0,0.0,1.0,0.0,0.05,0.0,0.0,0,114723.0
http,SF,282,8222,1,0.0,0.0,1.0,0.0,0.02,0.0,0.0,0,32011.0
uucp_path,S0,0,0,0,1.0,1.0,0.03,0.07,0.0,1.0,1.0,1,72729.0
smtp,SF,3724,330,1,0.0,0.0,1.0,0.0,0.02,0.01,0.02,0,11285.0
private,REJ,0,0,0,0.03,0.0,0.0,1.0,0.0,0.03,0.0,1,54952.0
http_443,S0,0,0,0,1.0,1.0,0.05,0.05,0.0,1.0,1.0,1,49421.0
private,S0,0,0,0,1.0,1.0,0.04,0.06,0.0,1.0,1.0,1,65384.0
domain_u,SF,45,129,0,0.0,0.0,1.0,0.0,0.0,0.0,0.0,0,94245.0
http,S0,0,0,0,1.0,1.0,1.0,0.0,0.0,1.0,1.0,1,52863.0
http,S0,0,0,0,1.0,1.0,0.13,0.06,0.0,1.0,1.0,1,34655.0
http,SF,227,9165,1,0.0,0.0,1.0,0.0,0.06,0.0,0.0,0,39344.0
domain_u,SF,42,132,0,0.0,0.0,1.0,0.0,0.0,0.0,0.0,0,84764.0
http,SF,320,392,1,0.0,0.0,1.0,0.0,0.0,0.0,0.0,0,88715.0
domain_u,SF,44,69,0,0.0,0.0,1.0,0.0,0.0,0.0,0.0,0,106093.0
ftp_data,S0,0,0,0,1.0,1.0,0.04,0.06,0.0,1.0,1.0,1,94949.0
http,SF,346,1211,1,0.09,0.09,1.0,0.0,0.02,0.01,0.01,0,125260.0
http,SF,339,993,1,0.0,0.0,1.0,0.0,0.0,0.0,0.0,0,7974.0
domain_u,SF,46,46,0,0.0,0.0,1.0,0.0,0.0,0.0,0.0,0,119510.0
private,SF,1,0,0,0.0,0.0,0.18,0.18,0.0,0.0,0.0,1,46838.0
smtp,SF,1396,335,1,0.0,0.0,1.0,0.0,0.01,0.0,0.0,0,24529.0
link,S0,0,0,0,1.0,1.0,0.09,0.05,0.0,1.0,1.0,1,107750.0
ftp_data,SF,3834,0,0,0.0,0.0,1.0,0.0,0.03,0.0,0.0,0,41644.0
ecr_i,SF,1032,0,0,0.0,0.0,1.0,0.0,0.0,0.0,0.0,1,115851.0
smtp,SF,1413,386,1,0.0,0.0,1.0,0.0,0.0,0.49,0.55,0,22173.0
private,S0,0,0,0,1.0,1.0,0.27,0.07,0.0,1.0,1.0,1,72943.0
auth,S0,0,0,0,1.0,1.0,0.01,0.06,0.0,1.0,1.0,1,33367.0
domain_u,SF,44,72,0,0.0,0.0,1.0,0.0,0.0,0.0,0.0,0,6618.0
domain_u,SF,43,43,0,0.0,0.0,1.0,0.0,0.0,0.0,0.0,0,11628.0
http_443,REJ,0,0,0,0.0,0.0,0.07,0.08,0.0,0.0,0.0,1,1390.0
http,SF,285,1286,1,0.0,0.0,1.0,0.0,0.02,0.0,0.0,0,97235.0
private,S0,0,0,0,1.0,1.0,0.01,0.07,0.0,1.0,1.0,1,117793.0
bgp,S0,0,0,0,1.0,1.0,0.06,0.06,0.0,1.0,1.0,1,85659.0
ecr_i,SF,1032,0,0,0.0,0.0,1.0,0.0,0.0,0.0,0.0,1,61266.0
ftp_data,S0,0,0,0,1.0,1.0,0.27,0.06,0.0,1.0,1.0,1,28754.0
http,SF,314,1490,1,0.0,0.0,1.0,0.0,0.04,0.0,0.0,0,39467.0
http,SF,164,19085,1,0.0,0.0,1.0,0.0,0.0,0.0,0.0,0,43605.0
eco_i,SF,8,0,0,0.0,0.0,1.0,0.0,0.52,0.0,0.0,1,7512.0
telnet,SF,84,153,0,0.0,0.0,1.0,0.0,0.0,0.0,0.0,0,34563.0
http,SF,328,1441,1,0.0,0.0,1.0,0.0,0.09,0.0,0.0,0,74690.0
ecr_i,SF,1032,0,0,0.0,0.0,1.0,0.0,0.0,0.0,0.0,1,113822.0
ecr_i,SF,1032,0,0,0.0,0.0,1.0,0.0,0.0,0.0,0.0,1,119805.0
http,S1,275,13140,1,0.33,0.33,1.0,0.0,0.02,0.01,0.01,0,95681.0
http,REJ,0,0,0,0.0,0.0,1.0,0.0,0.22,0.0,0.0,0,35659.0
private,S0,0,0,0,1.0,1.0,0.05,0.06,0.0,1.0,1.0,1,93597.0
auth,S0,0,0,0,1.0,1.0,0.08,0.06,0.0,1.0,1.0,1,5674.0
private,S0,0,0,0,1.0,1.0,0.01,0.07,0.0,1.0,1.0,1,3725.0
http,SF,231,655,1,0.0,0.0,1.0,0.0,0.0,0.0,0.0,0,6856.0
ntp_u,SF,48,48,0,0.0,0.0,1.0,0.0,0.0,0.0,0.0,0,5928.0
http,SF,277,1993,1,0.0,0.0,1.0,0.0,0.02,0.0,0.0,0,25087.0
eco_i,SF,8,0,0,0.0,0.0,1.0,0.0,0.5,0.0,0.0,1,54199.0
http,SF,199,770,1,0.0,0.0,1.0,0.0,0.0,0.0,0.0,0,14740.0
auth,S0,0,0,0,1.0,1.0,0.01,0.05,0.0,1.0,1.0,1,27646.0
auth,REJ,0,0,0,0.0,0.0,0.07,0.06,0.0,0.0,0.0,1,77933.0
domain_u,SF,44,92,0,0.0,0.0,1.0,0.01,0.0,0.0,0.0,0,87950.0
smtp,SF,1611,331,1,0.0,0.0,1.0,0.0,0.01,0.0,0.0,0,21498.0
domain_u,SF,43,127,0,0.0,0.0,1.0,0.0,0.0,0.0,0.0,0,68903.0
systat,REJ,0,0,0,0.0,0.0,0.11,0.06,0.0,0.0,0.0,1,79550.0
http,SF,334,5430,1,0.0,0.0,1.0,0.0,0.03,0.0,0.0,0,101771.0
uucp,S0,0,0,0,1.0,1.0,0.11,0.06,0.0,1.0,1.0,1,12674.0
sql_net,S0,0,0,0,1.0,1.0,0.02,0.08,0.0,1.0,1.0,1,107489.0
http,SF,256,481,1,0.0,0.0,1.0,0.0,0.0,0.0,0.0,0,119163.0
http,SF,218,20076,1,0.0,0.0,1.0,0.0,0.04,0.0,0.0,0,86732.0
http,SF,294,871,1,0.0,0.0,1.0,0.0,0.03,0.0,0.02,0,74575.0
domain_u,SF,45,97,0,0.0,0.0,1.0,0.0,0.0,0.0,0.0,0,36739.0
private,S0,0,0,0,1.0,1.0,0.05,0.07,0.0,1.0,1.0,1,18725.0
link,S0,0,0,0,1.0,1.0,0.07,0.06,0.0,1.0,1.0,1,69711.0
nnsp,S0,0,0,0,1.0,1.0,0.12,0.06,0.0,1.0,1.0,1,88498.0
http,SF,196,16493,1,0.0,0.0,1.0,0.0,0.0,0.0,0.0,0,83678.0
private,SF,105,0,0,0.0,0.0,1.0,0.0,0.0,0.0,0.0,0,1479.0
http,SF,317,10722,1,0.0,0.0,1.0,0.0,0.0,0.0,0.0,0,65704.0
domain_u,SF,43,131,0,0.0,0.0,1.0,0.0,0.0,0.0,0.0,0,91921.0
http,SF,290,335,1,0.0,0.0,1.0,0.0,0.04,0.0,0.0,0,30445.0
private,S0,0,0,0,1.0,1.0,0.05,0.07,0.0,1.0,1.0,1,47315.0
private,S0,0,0,0,1.0,1.0,0.1,0.05,0.0,1.0,1.0,1,60202.0
http,SF,251,11485,1,0.0,0.0,1.0,0.0,0.0,0.0,0.0,0,37778.0
http,REJ,0,0,0,0.0,0.0,1.0,0.0,0.02,0.0,0.0,0,73973.0
domain_u,SF,43,70,0,0.0,0.0,1.0,0.0,0.0,0.0,0.0,0,3322.0
ecr_i,SF,1032,0,0,0.0,0.0,1.0,0.0,0.0,0.01,0.0,1,59020.0
http,SF,230,1155,1,0.0,0.0,1.0,0.0,0.09,0.0,0.0,0,116175.0
http,REJ,0,0,0,0.0,0.0,1.0,0.0,0.01,0.0,0.0,0,42329.0
http,SF,166,8578,1,0.0,0.0,1.0,0.0,0.07,0.0,0.01,0,73446.0
http_443,REJ,0,0,0,0.0,0.0,0.06,0.07,0.0,0.0,0.0,1,107759.0
ldap,S0,0,0,0,1.0,1.0,0.06,0.1,0.0,1.0,1.0,1,30612.0
private,SF,28,0,0,0.0,0.0,1.0,0.0,0.0,0.0,0.0,1,68939.0
domain_u,SF,44,44,0,0.0,0.0,1.0,0.0,0.0,0.0,0.0,0,125464.0
smtp,SF,1407,331,1,0.0,0.0,1.0,0.0,0.0,0.0,0.0,0,63240.0
private,SF,1,0,0,0.0,0.0,0.9,0.1,0.0,0.0,0.0,1,100879.0
smtp,SF,2019,328,1,0.0,0.0,1.0,0.0,0.01,0.0,0.0,0,62537.0
private,SF,105,146,0,0.0,0.0,1.0,0.0,0.0,0.0,0.0,0,26332.0
discard,S0,0,0,0,1.0,1.0,0.03,0.07,0.0,1.0,1.0,1,40337.0
eco_i,SF,8,0,0,0.0,0.0,1.0,0.0,0.52,0.0,0.0,1,124549.0
other,REJ,0,0,0,0.08,0.0,0.0,1.0,0.0,0.06,0.0,1,39831.0
private,S0,0,0,0,1.0,1.0,0.12,0.1,0.0,1.0,1.0,1,14480.0
smtp,SF,1721,388,1,0.0,0.0,1.0,0.0,0.01,0.01,0.0,0,98725.0
iso_tsap,REJ,0,0,0,0.0,0.0,0.07,0.06,0.0,0.0,0.0,1,94607.0
domain_u,SF,46,73,0,0.0,0.0,1.0,0.0,0.0,0.0,0.0,0,12060.0
ftp_data,SF,334,0,1,0.0,0.0,1.0,0.0,0.09,0.0,0.0,1,62973.0
http,REJ,0,0,0,0.0,0.0,0.07,0.06,0.0,0.0,0.0,1,104515.0
netbios_ssn,S0,0,0,0,1.0,1.0,0.02,0.05,0.0,1.0,1.0,1,36323.0
ecr_i,SF,1032,0,0,0.0,0.0,1.0,0.0,0.0,0.0,0.0,1,109393.0
netbios_dgm,S0,0,0,0,1.0,1.0,0.19,0.11,0.0,1.0,1.0,1,58349.0
smtp,SF,131,247,1,0.0,0.0,1.0,0.0,0.03,0.01,0.0,0,118485.0
http,SF,169,1483,1,0.0,0.0,1.0,0.0,0.0,0.0,0.0,0,68271.0
http,SF,322,1938,1,0.0,0.0,1.0,0.0,0.06,0.0,0.0,0,124264.0
ecr_i,SF,520,0,0,0.0,0.0,1.0,0.0,0.0,0.0,0.0,1,63476.0
http,SF,216,9211,1,0.0,0.0,1.0,0.0,0.0,0.0,0.0,0,87784.0
http,SF,202,18347,1,0.33,0.14,1.0,0.0,0.02,0.02,0.0,0,61928.0
http,SF,279,11355,1,0.0,0.0,1.0,0.0,0.0,0.0,0.0,0,75164.0
eco_i,SF,8,0,0,0.0,0.0,1.0,0.0,0.51,0.0,0.0,1,91161.0
private,S0,0,0,0,1.0,1.0,0.02,0.1,0.0,1.0,1.0,1,23564.0
smtp,SF,741,333,1,0.0,0.0,1.0,0.0,0.0,0.0,0.0,0,98750.0
bgp,S0,0,0,0,1.0,1.0,0.06,0.05,0.0,1.0,1.0,1,16939.0
private,S0,0,0,0,1.0,1.0,0.05,0.07,0.0,1.0,1.0,1,96307.0
private,S0,0,0,0,1.0,1.0,0.05,0.06,0.0,1.0,1.0,1,75045.0
link,S0,0,0,0,1.0,1.0,0.13,0.06,0.0,1.0,1.0,1,27807.0
ecr_i,SF,1032,0,0,0.0,0.0,1.0,0.0,0.0,0.0,0.0,1,16104.0
http,SF,302,1408,1,0.0,0.0,1.0,0.0,0.02,0.0,0.0,0,21314.0
domain_u,SF,44,85,0,0.0,0.0,1.0,0.0,0.0,0.0,0.0,0,76370.0
private,S0,0,0,0,1.0,1.0,0.03,0.06,0.0,1.0,1.0,1,38350.0
gopher,S0,0,0,0,1.0,1.0,0.0,0.07,0.0,1.0,1.0,1,3521.0
finger,S0,0,0,0,1.0,1.0,0.29,0.21,0.0,1.0,1.0,1,119891.0
domain_u,SF,44,126,0,0.0,0.0,1.0,0.0,0.0,0.0,0.0,0,101051.0
ftp_data,SF,12,0,1,0.0,0.0,1.0,0.0,0.04,0.0,0.0,0,113421.0
private,REJ,0,0,0,0.0,0.0,0.02,0.09,0.0,0.0,0.0,1,125758.0
ftp_data,SF,5133876,0,1,0.0,0.0,1.0,0.0,0.04,0.0,0.02,1,116033.0
http,SF,189,12948,1,0.0,0.0,1.0,0.0,0.01,0.0,0.0,0,30652.0
smtp,SF,1194,391,1,0.0,0.0,1.0,0.0,0.0,0.97,0.0,0,106212.0
private,SF,28,0,0,0.76,0.0,0.24,0.05,0.0,0.09,0.0,1,55611.0
telnet,S0,0,0,0,1.0,1.0,0.24,0.07,0.0,1.0,1.0,1,4505.0
http,SF,198,181,1,0.0,0.0,1.0,0.0,0.0,0.0,0.0,0,3201.0
whois,REJ,0,0,0,0.0,0.0,0.03,0.07,0.0,0.0,0.0,1,40400.0
daytime,RSTO,0,0,0,0.0,0.0,0.04,0.06,0.0,0.0,0.0,1,57788.0
other,SF,147,0,0,0.0,0.0,1.0,0.0,0.0,0.0,0.0,0,112227.0
ftp_data,S0,0,0,0,1.0,1.0,0.24,0.11,0.0,1.0,1.0,1,94436.0
http,SF,54540,8314,1,0.0,0.0,1.0,0.0,0.0,0.0,0.0,1,5822.0
ftp_data,S0,0,0,0,1.0,1.0,0.38,0.25,0.04,1.0,0.91,1,77006.0
http,SF,242,2109,1,0.0,0.0,1.0,0.0,0.04,0.01,0.0,0,101696.0
http,REJ,0,0,0,0.0,0.0,0.02,0.07,0.0,0.0,0.0,1,98556.0
private,REJ,0,0,0,0.0,0.0,0.02,0.06,0.0,0.0,0.0,1,42481.0
smtp,SF,1508,329,1,0.0,0.0,0.5,1.0,0.02,0.0,0.0,0,45758.0
efs,S0,0,0,0,1.0,1.0,0.15,0.06,0.0,1.0,1.0,1,10176.0
smtp,SF,1199,369,1,0.0,0.0,1.0,0.0,0.01,0.0,0.0,0,108639.0
http,SF,331,1718,1,0.0,0.0,1.0,0.0,0.0,0.0,0.0,0,72318.0
other,SF,516,4,0,0.0,0.0,1.0,0.0,0.0,0.0,0.0,0,117120.0
ftp_data,SF,11376,0,1,0.0,0.0,1.0,0.0,0.0,0.01,0.01,0,66831.0
domain_u,SF,45,71,0,0.0,0.0,1.0,0.0,0.0,0.0,0.0,0,5765.0
http,SF,216,1519,1,0.0,0.0,1.0,0.0,0.0,0.0,0.0,0,113257.0
http,SF,207,10679,1,0.0,0.0,1.0,0.0,0.02,0.0,0.01,0,8650.0
http,SF,228,4148,1,0.0,0.0,1.0,0.0,0.03,0.0,0.0,0,58612.0
ftp_data,SF,373,0,1,0.0,0.0,1.0,0.0,0.05,0.02,0.0,0,79082.0
ftp_data,S0,0,0,0,1.0,1.0,0.26,0.06,0.0,1.0,1.0,1,47329.0
domain_u,SF,46,143,0,0.0,0.0,1.0,0.0,0.0,0.0,0.0,0,117670.0
private,RSTR,0,0,0,0.0,0.0,1.0,0.0,0.0,0.0,0.0,1,112084.0
http,REJ,0,0,0,0.0,0.0,0.0,0.0,0.0,0.0,0.0,0,120895.0
smtp,SF,1814,329,1,0.0,0.0,1.0,0.0,0.0,0.0,0.01,0,63009.0
private,S0,0,0,0,1.0,1.0,0.05,0.06,0.0,1.0,1.0,1,70461.0
smtp,SF,958,335,1,0.0,0.0,1.0,0.0,0.01,0.0,0.0,0,45012.0
http,SF,238,397,1,0.12,0.12,1.0,0.0,0.0,0.0,0.0,0,103493.0
http,SF,225,9284,1,0.0,0.0,1.0,0.0,0.02,0.01,0.0,0,82847.0
http,SF,306,1927,1,0.0,0.0,1.0,0.0,0.02,0.0,0.0,0,98349.0
http,SF,370,288,1,0.0,0.0,1.0,0.0,0.03,0.0,0.0,0,40142.0
http_443,S0,0,0,0,1.0,1.0,0.14,0.06,0.0,1.0,1.0,1,85098.0
supdup,S0,0,0,0,1.0,1.0,0.04,0.06,0.0,1.0,1.0,1,117281.0
netbios_ssn,S0,0,0,0,1.0,1.0,0.08,0.07,0.0,1.0,1.0,1,70503.0
http,SF,344,2851,1,0.0,0.0,1.0,0.0,0.0,0.0,0.0,0,109366.0
netbios_ssn,S0,0,0,0,1.0,1.0,0.02,0.06,0.0,1.0,1.0,1,61239.0
urp_i,SF,182,0,0,0.0,0.0,1.0,0.0,0.0,0.0,0.0,0,68059.0
smtp,SF,3247,407,1,0.0,0.0,1.0,0.0,0.02,0.0,0.0,0,33568.0
http,SF,222,7462,1,0.0,0.0,1.0,0.0,0.04,0.0,0.02,0,51206.0
http,SF,317,6866,1,0.0,0.0,1.0,0.0,0.05,0.0,0.0,0,110868.0
supdup,S0,0,0,0,1.0,1.0,0.08,0.07,0.0,1.0,1.0,1,22346.0
private,S0,0,0,0,1.0,1.0,0.08,0.05,0.0,1.0,1.0,1,62779.0
http,SF,344,398,1,0.0,0.0,1.0,0.0,0.0,0.0,0.0,0,72722.0
urh_i,SF,36,0,0,0.0,0.0,1.0,0.0,0.0,0.0,0.0,0,122076.0
finger,SF,10,223,0,0.0,0.0,1.0,0.0,0.0,0.0,0.0,0,57698.0
domain_u,SF,46,132,0,0.0,0.0,1.0,0.0,0.0,0.0,0.0,0,32569.0
http,SF,345,394,1,0.0,0.0,1.0,0.0,0.05,0.0,0.0,0,80775.0
exec,S0,0,0,0,1.0,1.0,0.01,0.06,0.0,1.0,1.0,1,114425.0
ecr_i,SF,1480,0,0,0.0,0.0,1.0,0.0,0.67,0.0,0.0,1,67889.0
http,SF,207,2302,1,0.0,0.0,1.0,0.0,0.0,0.0,0.0,0,93993.0
private,S0,0,0,0,1.0,1.0,0.06,0.06,0.0,1.0,1.0,1,111023.0
ctf,S0,0,0,0,1.0,1.0,0.05,0.05,0.0,1.0,1.0,1,67037.0
domain_u,SF,33,93,0,0.0,0.0,1.0,0.0,0.0,0.0,0.0,0,44207.0
other,SF,516,4,0,0.0,0.0,1.0,0.0,0.0,0.0,0.0,0,20271.0
echo,S0,0,0,0,1.0,1.0,0.03,0.06,0.0,1.0,1.0,1,64727.0
eco_i,SF,8,0,0,0.0,0.0,1.0,0.0,0.51,0.0,0.0,1,9327.0
private,REJ,0,0,0,0.0,0.0,0.04,1.0,0.0,0.0,0.0,1,107351.0
http,SF,224,2172,1,0.0,0.0,1.0,0.0,0.0,0.0,0.0,0,39196.0
ecr_i,SF,1032,0,0,0.0,0.0,1.0,0.0,0.0,0.01,0.0,1,83075.0
private,S0,0,0,0,1.0,1.0,0.04,0.06,0.0,1.0,1.0,1,90912.0
private,S0,0,0,0,1.0,1.0,0.05,0.05,0.0,1.0,1.0,1,106754.0
http,SF,315,3091,1,0.0,0.0,1.0,0.0,0.02,0.0,0.0,0,71758.0
ecr_i,SF,30,0,0,0.0,0.0,1.0,0.0,0.0,0.0,0.0,0,22509.0
smtp,SF,1737,441,1,0.0,0.0,1.0,0.0,0.02,0.0,0.0,0,2190.0
private,S0,0,0,0,1.0,1.0,1.0,0.0,0.0,1.0,1.0,1,69602.0
finger,S0,0,0,0,1.0,1.0,0.04,0.06,0.0,1.0,1.0,1,87789.0
link,S0,0,0,0,1.0,1.0,0.05,0.06,0.0,1.0,1.0,1,94796.0
private,S0,0,0,0,1.0,1.0,0.12,0.07,0.0,1.0,1.0,1,21189.0
http,SF,200,1678,1,0.0,0.0,1.0,0.0,0.03,0.0,0.0,0,120877.0
ftp_data,SF,0,5014,1,0.0,0.0,0.67,0.67,0.5,0.0,0.0,1,41716.0
ftp_data,SF,15876,0,0,0.0,0.0,1.0,0.0,0.0,0.0,0.0,0,85105.0
ftp,S0,0,0,0,1.0,1.0,0.07,0.13,0.0,1.0,1.0,1,88199.0
nntp,S0,0,0,0,1.0,1.0,0.05,0.06,0.0,1.0,1.0,1,40166.0
http,SF,282,2684,1,0.0,0.0,1.0,0.0,0.06,0.0,0.0,0,29272.0
exec,RSTO,0,0,0,0.0,0.0,0.05,0.07,0.0,0.0,0.0,1,35252.0
ntp_u,SF,48,48,0,0.0,0.0,0.33,0.67,0.0,0.0,0.0,0,123854.0
private,S0,0,0,0,1.0,1.0,0.03,0.06,0.0,1.0,1.0,1,80887.0
http,SF,305,5381,1,0.0,0.0,1.0,0.0,0.0,0.0,0.0,0,28101.0
supdup,REJ,0,0,0,0.0,0.0,0.0,0.07,0.0,0.0,0.0,1,9519.0
systat,S0,0,0,0,1.0,1.0,0.12,0.06,0.0,1.0,1.0,1,19424.0
http,SF,219,426,1,0.0,0.0,1.0,0.0,0.03,0.0,0.0,0,76756.0
http,SF,249,1378,1,0.0,0.0,1.0,0.0,0.02,0.0,0.0,0,102796.0
http,SF,314,4330,1,0.0,0.0,1.0,0.0,0.04,0.0,0.0,0,2848.0
smtp,SF,789,327,1,0.0,0.0,1.0,0.0,0.0,0.0,0.0,0,1712.0
http,SF,158,6861,1,0.0,0.0,1.0,0.0,0.03,0.01,0.0,0,47411.0
netstat,S0,0,0,0,1.0,1.0,0.01,0.05,0.0,1.0,1.0,1,84349.0
other,REJ,0,0,0,0.0,0.0,1.0,0.0,0.0,0.0,0.0,0,35537.0
http,SF,319,483,1,0.0,0.0,1.0,0.0,0.0,0.0,0.0,0,110004.0
private,S0,0,0,0,1.0,1.0,0.16,0.05,0.0,1.0,1.0,1,54966.0
ecr_i,SF,1032,0,0,0.0,0.0,1.0,0.0,0.0,0.0,0.0,1,55357.0
http,SF,237,275,1,0.0,0.0,1.0,0.0,0.02,0.0,0.0,0,123354.0
efs,REJ,0,0,0,0.0,0.0,0.04,0.06,0.0,0.0,0.0,1,107935.0
other,SF,1,0,0,0.0,0.0,1.0,0.0,0.0,0.0,0.0,1,21963.0
http,SF,211,12922,1,0.0,0.0,1.0,0.0,0.0,0.0,0.0,0,112790.0
http,SF,257,572,1,0.14,0.12,1.0,0.0,0.06,0.14,0.0,0,83672.0
http,S0,0,0,0,0.5,0.5,1.0,0.0,0.01,0.01,0.01,0,72437.0
ftp_data,SF,1030,0,0,0.0,0.0,1.0,0.0,0.02,0.0,0.0,0,9087.0
http,S0,0,0,0,1.0,1.0,0.44,0.25,0.0,1.0,1.0,1,4716.0
http,SF,314,1585,1,0.0,0.0,1.0,0.0,0.0,0.01,0.01,0,68876.0
ctf,S0,0,0,0,1.0,1.0,0.07,0.06,0.0,1.0,1.0,1,13715.0
private,S0,0,0,0,1.0,1.0,0.06,0.05,0.0,1.0,1.0,1,89580.0
http,SF,204,2457,1,0.0,0.0,1.0,0.0,0.0,0.0,0.0,0,9441.0
smtp,SF,4508,331,1,0.0,0.0,1.0,0.0,0.0,0.0,0.0,0,25788.0
urp_i,SF,78,0,0,0.0,0.0,0.21,0.04,0.0,0.0,0.0,0,32143.0
http,SF,195,2063,1,0.0,0.2,1.0,0.0,0.04,0.0,0.0,0,93643.0
smtp,SF,1834,365,1,0.0,0.0,1.0,0.0,0.01,0.0,0.0,0,80750.0
courier,S0,0,0,0,1.0,1.0,0.14,0.06,0.0,1.0,1.0,1,72983.0
smtp,SF,2053,537,1,0.0,0.0,0.12,0.25,0.0,0.0,0.0,0,91265.0
http,SF,243,1247,1,0.17,0.17,1.0,0.0,0.05,0.01,0.0,0,124166.0
http,SF,207,1529,1,0.0,0.0,1.0,0.0,0.04,0.0,0.0,0,52246.0
domain_u,SF,44,78,0,0.0,0.0,1.0,0.0,0.0,0.0,0.0,0,98933.0
ftp_data,SF,192,0,1,0.0,0.0,1.0,0.0,0.02,0.0,0.0,0,5526.0
smtp,SF,11737,1549,1,0.0,0.0,1.0,0.0,0.0,0.36,0.42,0,10530.0
domain_u,SF,45,72,0,0.0,0.0,1.0,0.0,0.0,0.0,0.0,0,110923.0
ftp_data,SF,95,0,1,0.0,0.0,1.0,0.0,0.0,0.0,0.0,0,73532.0
http,REJ,0,0,0,0.0,0.0,0.03,0.07,0.0,0.0,0.0,1,80359.0
discard,S0,0,0,0,1.0,1.0,0.1,0.06,0.0,1.0,1.0,1,45598.0
uucp,S0,0,0,0,1.0,1.0,0.02,0.07,0.0,1.0,1.0,1,17288.0
http,SF,222,398,1,0.0,0.0,1.0,0.0,0.0,0.0,0.0,0,86213.0
private,SF,28,0,0,0.0,0.0,1.0,0.0,0.0,0.09,0.0,1,122902.0
domain_u,SF,29,29,0,0.0,0.0,1.0,0.0,0.0,0.0,0.0,0,1099.0
http,SF,212,2534,1,0.0,0.0,1.0,0.0,0.04,0.0,0.0,0,120469.0
link,S0,0,0,0,1.0,1.0,0.07,0.04,0.0,1.0,1.0,1,25819.0
private,S0,0,0,0,1.0,1.0,0.01,0.07,0.0,1.0,1.0,1,48108.0
http,SF,344,3446,1,0.0,0.0,1.0,0.0,0.02,0.01,0.01,0,72210.0
courier,S0,0,0,0,1.0,1.0,0.05,0.07,0.0,1.0,1.0,1,71796.0
domain_u,SF,45,123,0,0.0,0.0,1.0,0.0,0.0,0.0,0.0,0,23876.0
efs,S0,0,0,0,1.0,1.0,0.19,0.06,0.0,1.0,1.0,1,100356.0
http,SF,345,771,1,0.0,0.0,1.0,0.0,0.0,0.0,0.0,0,81794.0
uucp,S0,0,0,0,1.0,1.0,0.14,0.06,0.0,1.0,1.0,1,95103.0
ecr_i,SF,1032,0,0,0.0,0.0,1.0,0.0,0.0,0.37,0.0,1,113442.0
private,S0,0,0,0,1.0,1.0,0.07,0.06,0.0,1.0,1.0,1,56030.0
domain_u,SF,91,0,0,0.0,0.0,1.0,0.0,0.0,0.0,0.0,0,27197.0
eco_i,SF,8,0,0,0.0,0.0,1.0,0.0,0.0,0.0,0.0,1,26923.0
http,SF,301,38684,1,0.0,0.0,1.0,0.0,0.04,0.0,0.0,0,77848.0
eco_i,SF,8,0,0,0.0,0.0,1.0,0.0,0.5,0.0,0.0,1,124220.0
http,SF,323,1215,1,0.0,0.0,1.0,0.0,0.0,0.0,0.0,0,91508.0
http,SF,209,59540,1,0.17,0.27,1.0,0.0,0.04,0.17,0.01,0,106282.0
http,SF,261,1738,1,0.0,0.0,1.0,0.0,0.0,0.0,0.0,0,59975.0
http,SF,238,8718,1,0.0,0.0,1.0,0.0,0.0,0.0,0.0,0,100280.0
domain_u,SF,42,42,0,0.0,0.0,1.0,0.0,0.0,0.0,0.0,0,23629.0
http,SF,240,633,1,0.0,0.0,1.0,0.0,0.03,0.0,0.0,0,123141.0
domain_u,SF,46,82,0,0.0,0.0,1.0,0.0,0.0,0.0,0.0,0,83304.0
smtp,SF,2368,332,1,0.0,0.0,1.0,0.0,0.01,0.0,0.0,0,75423.0
ftp_data,SF,246,0,1,0.0,0.0,1.0,0.0,0.14,0.0,0.0,1,108166.0
http,SF,208,762,1,0.0,0.0,1.0,0.0,0.01,0.0,0.0,0,57809.0
http,SF,54540,8314,1,0.0,0.0,0.67,0.67,0.0,0.0,0.0,1,102907.0
private,S0,0,0,0,1.0,1.0,0.02,0.07,0.0,1.0,1.0,1,45537.0
imap4,S0,0,0,0,1.0,1.0,0.06,0.06,0.0,1.0,1.0,1,78349.0
http,SF,217,1885,1,0.0,0.0,1.0,0.0,0.0,0.0,0.0,0,105460.0
domain_u,SF,42,70,0,0.0,0.0,1.0,0.0,0.0,0.0,0.0,0,51524.0
private,REJ,0,0,0,0.0,0.0,0.01,0.07,0.0,0.0,0.0,1,97912.0
ftp,SF,1074,3081,1,0.0,0.0,1.0,0.0,0.0,0.0,0.0,0,116352.0
http,SF,321,1321,1,0.0,0.0,1.0,0.0,0.04,0.0,0.0,0,31132.0
http,SF,249,1059,1,0.0,0.0,1.0,0.0,0.01,0.0,0.0,0,17768.0
netbios_dgm,S0,0,0,0,1.0,1.0,0.01,0.09,0.0,1.0,1.0,1,53804.0
http,SF,239,1337,1,0.0,0.0,1.0,0.0,0.0,0.0,0.0,0,71778.0
http,SF,254,294,1,0.0,0.0,1.0,0.0,0.0,0.0,0.0,0,44414.0
other,SF,146,105,0,0.0,0.0,1.0,0.0,0.0,0.0,0.0,0,85311.0
urp_i,SF,181,0,0,0.0,0.0,1.0,0.0,0.0,0.0,0.0,0,120239.0
nnsp,S0,0,0,0,1.0,1.0,0.13,0.06,0.0,1.0,1.0,1,103780.0
daytime,S0,0,0,0,1.0,1.0,0.02,0.05,0.0,1.0,1.0,1,42645.0
http,SF,256,1259,1,0.0,0.0,1.0,0.0,0.0,0.0,0.0,0,89871.0
private,REJ,0,0,0,0.0,0.0,0.09,0.07,0.0,0.0,0.0,1,110686.0
http,SF,205,1346,1,0.0,0.0,1.0,0.0,0.0,0.0,0.0,0,57188.0
http,SF,162,8265,1,0.0,0.0,1.0,0.0,0.04,0.0,0.0,0,70085.0
private,S0,0,0,0,1.0,1.0,0.04,0.06,0.0,1.0,1.0,1,76495.0
http,SF,299,6534,1,0.0,0.0,1.0,0.0,0.04,0.0,0.0,0,108652.0
eco_i,SF,8,0,0,0.0,0.0,1.0,0.0,0.25,0.0,0.0,1,125746.0
eco_i,SF,8,0,0,0.0,0.0,1.0,0.0,0.52,0.0,0.0,1,116874.0
smtp,SF,621,277,1,0.0,0.0,1.0,0.0,0.01,0.0,0.01,0,51053.0
private,S0,0,0,0,1.0,1.0,0.01,0.07,0.0,1.0,1.0,1,27825.0
smtp,SF,1671,366,1,0.0,0.0,1.0,0.0,0.0,0.0,0.0,0,112547.0
http,SF,232,12682,1,0.0,0.0,1.0,0.0,0.0,0.0,0.0,0,98519.0
http,SF,235,1026,1,0.0,0.0,1.0,0.0,0.0,0.0,0.0,0,43249.0
private,REJ,0,0,0,0.0,0.0,0.07,0.07,0.0,0.0,0.0,1,5790.0
http,REJ,0,0,0,0.0,0.33,1.0,0.0,0.0,0.0,0.0,0,123582.0
domain_u,SF,45,137,0,0.0,0.0,1.0,0.0,0.0,0.0,0.0,0,122110.0
ftp_data,SF,245,0,1,0.0,0.0,1.0,0.0,0.0,0.0,0.0,0,54677.0
ftp_data,SF,748,0,1,0.0,0.0,1.0,0.0,0.02,0.0,0.0,0,76631.0
http,SF,223,10318,1,0.0,0.0,1.0,0.0,0.01,0.0,0.0,0,110566.0
exec,S0,0,0,0,1.0,1.0,0.05,0.06,0.0,1.0,1.0,1,98424.0
http,SF,302,316,1,0.0,0.0,1.0,0.0,0.04,0.0,0.0,0,34828.0
other,RSTR,0,0,0,0.0,0.0,1.0,0.0,0.0,0.0,0.0,1,88703.0
http,SF,298,11960,1,0.0,0.0,1.0,0.0,0.0,0.0,0.0,0,101062.0
http_443,REJ,0,0,0,0.0,0.0,0.08,0.07,0.0,0.0,0.0,1,51710.0
http,SF,227,2138,1,0.0,0.0,1.0,0.0,0.03,0.0,0.0,0,107123.0
smtp,SF,124,241,1,0.0,0.0,1.0,0.0,0.03,0.0,0.0,0,82701.0
finger,SF,6,309,0,0.0,0.0,1.0,0.0,0.25,0.0,0.0,0,45891.0
ftp_data,SF,9178,0,0,0.0,0.0,1.0,0.0,0.0,0.0,0.0,0,107391.0
nntp,S0,0,0,0,1.0,1.0,0.01,0.06,0.0,1.0,1.0,1,2648.0
private,REJ,0,0,0,0.07,0.0,0.0,1.0,0.0,0.1,0.0,1,4527.0
http,SF,331,354,1,0.0,0.0,1.0,0.0,0.01,0.0,0.0,0,61892.0
http,SF,470,7497,1,0.0,0.0,1.0,0.0,0.11,0.0,0.0,0,115935.0
http,S0,0,0,0,1.0,1.0,0.29,0.07,0.0,1.0,1.0,1,13451.0
sql_net,S0,0,0,0,1.0,1.0,0.15,0.05,0.0,1.0,1.0,1,80134.0
courier,REJ,0,0,0,0.0,0.0,0.06,0.07,0.0,0.0,0.0,1,64684.0
exec,RSTO,0,0,0,0.0,0.0,0.1,0.06,0.0,0.0,0.0,1,13225.0
http,SF,311,5021,1,0.0,0.0,1.0,0.0,0.01,0.0,0.0,0,68447.0
ecr_i,SF,1032,0,0,0.0,0.0,1.0,0.0,0.0,0.0,0.0,1,25982.0
http,SF,290,394,1,0.0,0.0,1.0,0.0,0.05,0.0,0.0,0,3125.0
private,RSTR,0,0,0,0.0,0.0,1.0,0.0,0.0,0.0,0.0,1,80800.0
domain_u,SF,45,79,0,0.0,0.0,1.0,0.01,0.0,0.0,0.0,0,61324.0
http,SF,230,488,1,0.17,0.17,1.0,0.0,0.0,0.0,0.0,0,51728.0
http,SF,338,11271,1,0.0,0.0,1.0,0.0,0.07,0.0,0.0,0,9727.0
eco_i,SF,30,0,0,0.0,0.0,0.5,1.0,0.5,0.0,0.0,0,99786.0
http,SF,245,1578,1,0.0,0.0,1.0,0.0,0.02,0.0,0.0,0,118360.0
http,SF,240,1150,1,0.0,0.0,1.0,0.0,0.02,0.0,0.0,0,94970.0
ftp_data,SF,491,0,1,0.0,0.0,1.0,0.0,0.02,0.0,0.0,0,83502.0
domain_u,SF,44,150,0,0.0,0.0,1.0,0.0,0.0,0.0,0.0,0,117269.0
smtp,SF,766,331,1,0.0,0.0,1.0,0.0,0.02,0.0,0.0,0,6979.0
http,SF,320,270,1,0.0,0.0,1.0,0.0,0.0,0.0,0.0,0,66860.0
other,SF,146,105,0,0.0,0.0,1.0,0.0,0.0,0.0,0.0,0,41464.0
private,REJ,0,0,0,0.0,0.0,0.04,0.07,0.0,0.0,0.0,1,106559.0
domain_u,SF,44,115,0,0.0,0.0,0.67,0.67,0.0,0.0,0.0,0,25921.0
ftp_data,SF,832,0,1,0.0,0.0,1.0,0.0,0.12,0.0,0.0,1,39258.0
http,SF,251,261,1,0.0,0.0,1.0,0.0,0.0,0.0,0.0,0,59622.0
http,SF,314,2641,1,0.0,0.0,1.0,0.0,0.02,0.0,0.0,0,44073.0
ecr_i,SF,1032,0,0,0.0,0.0,1.0,0.0,0.0,0.0,0.0,1,2928.0
http,SF,271,520,1,0.0,0.0,1.0,0.0,0.06,0.0,0.0,0,62508.0
smtp,SF,2571,327,1,0.0,0.0,1.0,0.0,0.0,0.01,0.01,0,16900.0
http,REJ,0,0,0,0.0,0.0,1.0,0.0,0.01,0.0,0.01,0,85841.0
http,SF,215,778,1,0.0,0.0,1.0,0.0,0.05,0.0,0.0,0,59277.0
http,SF,317,923,1,0.0,0.0,1.0,0.0,0.05,0.0,0.0,0,56494.0
eco_i,SF,8,0,0,0.0,0.0,1.0,0.0,0.27,0.0,0.0,1,32215.0
discard,S0,0,0,0,1.0,1.0,0.07,0.06,0.0,1.0,1.0,1,42072.0
http,SF,305,7066,1,0.0,0.0,1.0,0.0,0.04,0.0,0.01,0,15195.0
domain_u,SF,42,42,0,0.0,0.0,1.0,0.0,0.0,0.0,0.0,0,108252.0
domain_u,SF,45,74,0,0.0,0.0,1.0,0.01,0.0,0.0,0.0,0,45580.0
domain_u,SF,44,44,0,0.0,0.0,1.0,0.0,0.0,0.0,0.0,0,113642.0
http,SF,208,1618,1,0.0,0.0,1.0,0.0,0.16,0.0,0.0,0,69469.0
http,SF,345,895,1,0.0,0.03,1.0,0.0,0.0,0.0,0.0,0,66864.0
private,S0,0,0,0,1.0,1.0,0.01,0.06,0.0,1.0,1.0,1,29565.0
ftp_data,S0,0,0,0,1.0,0.5,0.0,0.06,0.0,1.0,1.0,1,47345.0
smtp,SF,1129,332,1,0.0,0.0,1.0,0.0,0.01,0.0,0.0,0,64001.0
private,S0,0,0,0,1.0,1.0,0.12,0.05,0.0,1.0,1.0,1,2833.0
mtp,S0,0,0,0,1.0,1.0,0.04,0.06,0.0,1.0,1.0,1,80773.0
private,RSTR,0,0,0,0.0,0.0,1.0,0.0,0.0,0.03,0.0,1,115587.0
http,SF,193,26829,1,0.0,0.0,1.0,0.0,0.02,0.0,0.0,0,27386.0
private,REJ,0,0,0,0.0,0.0,0.06,0.07,0.0,0.0,0.0,1,35292.0
http,SF,310,3368,1,0.0,0.0,1.0,0.0,0.01,0.0,0.0,0,38856.0
private,S0,0,0,0,1.0,1.0,0.12,0.06,0.0,1.0,1.0,1,2603.0
private,SF,1,0,0,0.0,0.0,0.19,0.09,0.0,0.13,0.0,1,79013.0
private,S0,0,0,0,1.0,1.0,0.12,0.06,0.0,1.0,1.0,1,4390.0
http,SF,205,3480,1,0.0,0.0,1.0,0.0,0.0,0.0,0.0,0,115540.0
http,SF,323,1483,1,0.0,0.0,1.0,0.0,0.0,0.0,0.0,0,30537.0
private,SF,28,0,0,0.0,0.0,1.0,0.0,0.0,0.09,0.0,1,14547.0
ftp_data,SF,5558,0,0,0.0,0.0,1.0,0.0,0.0,0.0,0.0,0,94453.0
http,SF,279,11100,1,0.0,0.0,1.0,0.0,0.03,0.0,0.0,0,53363.0
domain_u,SF,43,68,0,0.0,0.0,1.0,0.0,0.0,0.0,0.0,0,77449.0
private,S0,0,0,0,1.0,1.0,0.04,0.06,0.0,1.0,1.0,1,45466.0
http,SF,212,323,1,0.0,0.0,1.0,0.0,0.04,0.0,0.0,0,124978.0
private,S0,0,0,0,1.0,1.0,0.02,0.07,0.0,1.0,1.0,1,30990.0
http,SF,351,725,1,0.0,0.0,1.0,0.0,0.0,0.0,0.0,0,6619.0
http,SF,332,334,1,0.0,0.0,1.0,0.0,0.0,0.0,0.0,0,50812.0
private,SF,1,0,0,0.0,0.0,0.29,0.12,0.0,0.0,0.0,1,24828.0
http,SF,323,608,1,0.0,0.0,1.0,0.0,0.0,0.0,0.0,0,9136.0
eco_i,SF,30,0,0,0.0,0.0,1.0,0.0,0.21,0.0,0.0,0,66176.0
private,S0,0,0,0,1.0,1.0,0.03,0.05,0.0,0.93,1.0,1,28011.0
domain_u,SF,46,76,0,0.0,0.0,1.0,0.0,0.0,0.0,0.0,0,11092.0
nntp,S0,0,0,0,1.0,1.0,0.03,0.07,0.0,1.0,1.0,1,38038.0
domain_u,SF,43,43,0,0.0,0.0,1.0,0.0,0.0,0.0,0.0,0,123407.0
http,SF,208,759,1,0.0,0.0,1.0,0.0,0.0,0.0,0.0,0,91245.0
private,S0,0,0,0,1.0,1.0,0.05,0.07,0.0,1.0,1.0,1,94588.0
nntp,S0,0,0,0,1.0,1.0,0.02,0.05,0.0,1.0,1.0,1,66428.0
http,SF,316,1160,1,0.0,0.0,1.0,0.0,0.0,0.0,0.0,0,56425.0
private,SF,1,0,0,0.0,0.0,0.27,0.13,0.0,0.16,0.0,1,26720.0
private,S0,0,0,0,1.0,1.0,0.09,0.06,0.0,1.0,1.0,1,65194.0
private,REJ,0,0,0,0.0,0.0,0.02,1.0,0.0,0.0,0.0,1,11579.0
http,SF,54540,8314,1,0.0,0.0,1.0,0.0,0.0,0.0,0.0,1,18498.0
nntp,S0,0,0,0,1.0,1.0,0.09,0.08,0.0,1.0,1.0,1,24605.0
private,SF,1,0,0,0.0,0.0,0.11,0.22,0.0,0.0,0.0,1,78996.0
http,SF,290,1745,1,0.0,0.0,1.0,0.0,0.0,0.0,0.0,0,63034.0
private,REJ,0,0,0,0.0,0.0,0.5,1.0,0.0,0.0,0.0,1,61619.0
smtp,SF,1424,404,1,0.0,0.0,1.0,0.0,0.01,0.0,0.0,0,121240.0
private,S0,0,0,0,1.0,1.0,0.01,0.06,0.0,1.0,1.0,1,82040.0
ftp,SF,1245,2451,1,0.0,0.0,1.0,0.0,0.0,0.0,0.0,1,86928.0
ldap,REJ,0,0,0,0.0,0.0,0.05,0.06,0.0,0.0,0.0,1,23248.0
exec,S0,0,0,0,1.0,1.0,0.04,0.07,0.0,1.0,1.0,1,36546.0
private,S0,0,0,0,1.0,1.0,0.19,0.06,0.0,1.0,1.0,1,8444.0
discard,S0,0,0,0,1.0,1.0,0.02,0.07,0.0,1.0,1.0,1,121391.0
private,S0,0,0,0,1.0,1.0,0.01,0.06,0.0,1.0,1.0,1,124671.0
http,SF,253,1487,1,0.0,0.0,1.0,0.0,0.0,0.0,0.0,0,21358.0
courier,S0,0,0,0,1.0,1.0,0.03,0.07,0.0,1.0,1.0,1,93944.0
pop_2,REJ,0,0,0,0.0,0.0,0.04,0.06,0.0,0.0,0.0,1,57006.0
http,SF,201,1474,1,0.0,0.0,1.0,0.0,0.06,0.0,0.0,0,2269.0
eco_i,SF,8,0,0,0.0,0.0,1.0,0.0,0.52,0.0,0.0,1,60531.0
klogin,S0,0,0,0,1.0,1.0,0.76,0.1,0.0,1.0,1.0,1,117143.0
http,REJ,0,0,0,0.0,0.0,1.0,0.0,0.0,0.0,0.0,0,18255.0
ftp_data,SF,2194619,0,1,0.0,0.0,0.5,1.0,0.04,0.0,0.0,0,96105.0
eco_i,SF,8,0,0,0.0,0.0,1.0,0.0,0.5,0.0,0.0,1,93967.0
smtp,SF,1745,444,1,0.0,0.0,1.0,0.0,0.03,0.0,0.0,0,14755.0
smtp,SF,763,326,1,0.0,0.0,1.0,0.0,0.01,0.0,0.0,0,67817.0
private,SF,1,0,0,0.0,0.0,0.03,0.14,0.0,0.0,0.0,1,91151.0
http,REJ,0,0,0,0.0,0.0,1.0,0.0,0.27,0.0,0.0,0,40607.0
private,S0,0,0,0,1.0,1.0,0.09,0.06,0.0,1.0,1.0,1,17111.0
private,S0,0,0,0,1.0,1.0,0.11,0.08,0.0,1.0,1.0,1,79700.0
domain_u,SF,45,150,0,0.0,0.0,1.0,0.0,0.0,0.0,0.0,0,40650.0
http,SF,220,253,1,0.0,0.0,1.0,0.0,0.01,0.0,0.0,0,578.0
domain_u,SF,43,128,0,0.0,0.0,1.0,0.0,0.0,0.0,0.0,0,97214.0
private,S0,0,0,0,1.0,1.0,0.11,0.05,0.0,1.0,1.0,1,36065.0
bgp,REJ,0,0,0,0.0,0.0,0.03,0.07,0.0,0.0,0.0,1,118292.0
http,S3,309,3222,1,1.0,1.0,1.0,0.0,0.0,0.01,0.01,0,10494.0
http,SF,310,4423,1,0.0,0.0,1.0,0.0,0.04,0.0,0.0,0,93770.0
http,SF,223,1425,1,0.0,0.0,1.0,0.0,0.02,0.0,0.0,0,86184.0
http,SF,338,263,1,0.0,0.0,1.0,0.0,0.0,0.0,0.0,0,63718.0
http,SF,208,892,1,0.0,0.0,1.0,0.0,0.0,0.0,0.0,0,84521.0
private,REJ,0,0,0,0.0,0.0,0.13,0.06,0.0,0.0,0.0,1,31631.0
private,S0,0,0,0,1.0,1.0,0.02,0.07,0.0,1.0,1.0,1,32735.0
ftp,S0,0,0,0,1.0,1.0,0.07,0.06,0.0,1.0,1.0,1,109909.0
smtp,SF,1591,372,1,0.0,0.0,1.0,0.0,0.0,0.0,0.0,0,42.0
http,SF,313,2083,1,0.0,0.0,1.0,0.0,0.02,0.0,0.0,0,92975.0
Z39_50,S0,0,0,0,1.0,1.0,0.02,0.06,0.0,1.0,1.0,1,41203.0
iso_tsap,S0,0,0,0,1.0,1.0,0.04,0.07,0.0,1.0,1.0,1,109820.0
http,SF,283,9644,1,0.0,0.0,1.0,0.0,0.02,0.0,0.0,0,124688.0
smtp,SF,2904,328,1,0.0,0.0,1.0,0.0,0.03,0.0,0.0,0,64897.0
http,SF,237,44673,1,0.0,0.0,1.0,0.0,0.03,0.0,0.0,0,62926.0
nnsp,S0,0,0,0,1.0,1.0,0.09,0.06,0.0,1.0,1.0,1,36069.0
ecr_i,SF,1032,0,0,0.0,0.0,1.0,0.0,0.0,0.0,0.0,1,40783.0
http,SF,228,1712,1,0.0,0.0,1.0,0.0,0.05,0.0,0.0,0,8652.0
finger,RSTO,0,0,0,0.0,0.0,0.01,0.07,0.0,0.0,0.0,1,19063.0
other,REJ,0,0,0,0.14,0.0,0.0,1.0,0.0,0.13,0.0,1,11834.0
http,SF,321,3731,1,0.0,0.0,1.0,0.0,0.0,0.0,0.0,0,103761.0
smtp,S0,0,0,0,0.5,0.33,1.0,0.0,0.02,0.01,0.01,0,107950.0
http,SF,260,283,1,0.0,0.0,1.0,0.0,0.0,0.0,0.0,0,939.0
domain_u,SF,30,30,0,0.0,0.0,1.0,0.0,0.0,0.0,0.0,0,88071.0
vmnet,REJ,0,0,0,0.0,0.0,0.06,0.07,0.0,0.0,0.0,1,90166.0
ldap,S0,0,0,0,1.0,1.0,0.03,0.07,0.0,1.0,1.0,1,124201.0
http,SF,209,935,1,0.0,0.0,1.0,0.0,0.0,0.0,0.0,0,84944.0
login,S0,0,0,0,1.0,1.0,1.0,0.0,0.0,1.0,1.0,1,7710.0
http,SF,361,870,1,0.0,0.0,1.0,0.0,0.19,0.0,0.01,0,65517.0
private,SF,1,0,0,0.0,0.0,1.0,0.0,0.0,0.0,0.0,1,77392.0
http,SF,168,1823,1,0.0,0.0,1.0,0.0,0.05,0.0,0.0,0,121201.0
iso_tsap,S0,0,0,0,1.0,1.0,0.07,0.06,0.0,1.0,1.0,1,39713.0
http,SF,317,756,1,0.0,0.0,1.0,0.0,0.02,0.0,0.0,0,23891.0
finger,SF,10,139,0,0.0,0.0,1.0,0.0,0.15,0.0,0.0,0,55615.0
other,REJ,0,0,0,0.08,0.0,0.0,1.0,0.0,0.08,0.0,1,69336.0
ftp_data,SF,641,0,1,0.0,0.0,0.5,0.75,0.0,0.0,0.0,0,24388.0
http,SF,229,1400,1,0.0,0.0,1.0,0.0,0.0,0.0,0.0,0,51248.0
smtp,SF,945,335,1,0.0,0.0,1.0,0.0,0.02,0.0,0.0,0,27995.0
time,RSTO,0,0,0,0.0,0.0,0.03,0.07,0.0,0.0,0.0,1,77241.0
http,SF,312,296,1,0.0,0.0,1.0,0.0,0.04,0.0,0.0,0,15588.0
sunrpc,RSTO,0,0,0,0.0,0.0,0.0,0.07,0.0,0.0,0.0,1,60438.0
http,SF,329,492,1,0.02,0.02,1.0,0.0,0.0,0.0,0.0,0,116508.0
smtp,SF,839,326,1,0.0,0.0,1.0,0.0,0.0,0.0,0.0,0,85067.0
private,REJ,0,0,0,0.0,0.0,1.0,0.0,0.0,0.0,0.0,1,82312.0
private,RSTR,1,0,0,0.0,0.0,1.0,0.0,0.0,0.0,0.0,1,24119.0
bgp,S0,0,0,0,1.0,1.0,0.02,0.07,0.0,1.0,1.0,1,66888.0
domain_u,SF,44,112,0,0.0,0.0,1.0,0.0,0.0,0.0,0.0,0,46624.0
ftp_data,SF,3690,0,1,0.0,0.0,1.0,0.0,0.08,0.0,0.0,0,101016.0
private,RSTR,1,0,0,0.0,0.0,1.0,0.0,0.0,0.0,0.0,1,13011.0
private,REJ,0,0,0,0.0,0.0,1.0,0.0,0.0,0.0,0.0,1,104795.0
smtp,SF,902,338,1,0.0,0.0,1.0,0.0,0.02,0.0,0.0,0,59314.0
smtp,SF,1277,331,1,0.0,0.0,1.0,0.0,0.0,0.0,0.0,0,60615.0
domain_u,SF,91,0,0,0.0,0.0,1.0,0.0,0.0,0.0,0.0,0,12229.0
http,SF,296,554,1,0.0,0.0,1.0,0.0,0.06,0.0,0.0,0,17349.0
csnet_ns,S0,0,0,0,1.0,1.0,0.02,0.05,0.0,1.0,1.0,1,65293.0
private,REJ,0,0,0,0.0,0.0,0.12,0.06,0.0,0.0,0.0,1,61676.0
ftp_data,SF,2191,0,1,0.0,0.0,1.0,0.0,0.0,0.0,0.0,0,101533.0
smtp,SF,1221,334,1,0.0,0.0,1.0,0.0,0.01,0.0,0.01,0,107786.0
http,SF,212,321,1,0.0,0.0,1.0,0.0,0.02,0.0,0.0,0,62402.0
private,S0,0,0,0,0.99,1.0,0.02,0.08,0.0,1.0,1.0,1,101475.0
domain_u,SF,45,128,0,0.0,0.0,1.0,0.0,0.0,0.0,0.0,0,26494.0
http,SF,228,31609,1,0.0,0.0,1.0,0.0,0.0,0.0,0.0,0,98657.0
http,SF,222,946,1,0.0,0.0,1.0,0.0,0.01,0.0,0.0,0,13903.0
private,REJ,0,0,0,0.11,0.0,0.0,1.0,0.0,0.1,0.0,1,112658.0
urp_i,SF,128,0,0,0.0,0.0,0.29,0.29,0.09,0.0,0.0,0,107218.0
domain_u,SF,110,31,0,0.0,0.0,1.0,0.0,0.0,0.0,0.0,0,120397.0
other,SF,1363,0,1,0.05,0.0,0.05,0.45,0.0,0.01,0.0,0,25681.0
private,SF,28,0,0,0.0,0.0,1.0,0.0,0.0,0.0,0.0,1,86433.0
domain_u,SF,34,87,0,0.0,0.0,0.25,0.25,0.0,0.0,0.0,0,30739.0
ftp_data,SF,190,0,1,0.0,0.0,1.0,0.0,0.0,0.0,0.0,0,57686.0
bgp,REJ,0,0,0,0.0,0.0,0.03,0.06,0.0,0.0,0.0,1,112397.0
smtp,SF,589,333,1,0.0,0.0,1.0,0.0,0.0,0.0,0.0,0,36874.0
smtp,SF,973,333,1,0.0,0.0,1.0,0.0,0.02,0.0,0.0,0,28719.0
vmnet,S0,0,0,0,1.0,1.0,0.03,0.07,0.0,1.0,1.0,1,14583.0
http,SF,229,856,1,0.0,0.0,1.0,0.0,0.02,0.03,0.0,0,101678.0
auth,S0,0,0,0,1.0,1.0,0.02,0.06,0.0,1.0,1.0,1,62025.0
domain_u,SF,36,101,0,0.0,0.0,1.0,0.0,0.0,0.0,0.0,0,14673.0
domain_u,SF,32,48,0,0.0,0.0,1.0,0.0,0.0,0.0,0.0,0,89441.0
private,REJ,0,0,0,0.03,0.0,0.0,1.0,0.0,0.03,0.0,1,80120.0
ecr_i,SF,520,0,0,0.0,0.0,1.0,0.0,0.0,0.0,0.0,1,41456.0
eco_i,SF,8,0,0,0.0,0.0,1.0,0.0,0.5,0.0,0.0,1,92572.0
ftp_data,SF,567,0,0,0.0,0.0,0.25,0.5,0.03,0.0,0.0,0,48650.0
private,REJ,0,0,0,0.03,0.0,0.0,1.0,0.0,0.04,0.0,1,113302.0
efs,S0,0,0,0,1.0,1.0,0.13,0.05,0.0,1.0,1.0,1,99604.0
telnet,SF,449,2261,1,0.0,0.0,1.0,0.0,0.0,0.82,0.33,0,125807.0
other,SF,147,105,0,0.0,0.0,1.0,0.0,0.0,0.0,0.0,0,107241.0
http,SF,153,22627,1,0.0,0.0,1.0,0.0,0.0,0.0,0.0,0,50986.0
http,SF,314,1028,1,0.0,0.0,1.0,0.0,0.01,0.0,0.0,0,110209.0
http,SF,211,2625,1,0.0,0.0,1.0,0.0,0.07,0.0,0.0,0,79876.0
courier,S0,0,0,0,1.0,1.0,0.15,0.05,0.0,1.0,1.0,1,121531.0
http,SF,334,9701,1,0.0,0.0,1.0,0.0,0.03,0.0,0.0,0,90994.0
ecr_i,SF,1032,0,0,0.0,0.0,1.0,0.0,0.0,0.0,0.0,1,53139.0
http,SF,199,1054,1,0.0,0.0,1.0,0.0,0.02,0.0,0.0,0,96360.0
http,SF,236,891,1,0.0,0.0,1.0,0.0,0.03,0.0,0.0,0,60378.0
private,SF,1,0,0,0.0,0.0,0.46,0.08,0.0,0.0,0.0,1,52220.0
systat,S0,0,0,0,1.0,1.0,0.07,0.06,0.0,1.0,1.0,1,68491.0
http,SF,303,1651,1,0.0,0.0,1.0,0.0,0.02,0.0,0.0,0,87593.0
auth,SF,10,39,1,0.0,0.0,0.33,0.67,0.15,0.0,0.0,0,95188.0
mtp,S0,0,0,0,1.0,1.0,0.02,0.06,0.0,1.0,1.0,1,39322.0
ftp_data,SF,2056,0,1,0.0,0.0,1.0,0.0,0.0,0.0,0.0,0,43625.0
ntp_u,SF,48,48,0,0.0,0.0,1.0,0.0,0.0,0.0,0.0,0,48530.0
domain_u,SF,45,123,0,0.0,0.0,1.0,0.0,0.0,0.0,0.0,0,64565.0
http,SF,322,1721,1,0.0,0.0,1.0,0.0,0.0,0.0,0.0,0,85440.0
http,SF,330,10233,1,0.17,0.17,1.0,0.0,0.01,0.01,0.0,0,44973.0
domain_u,SF,29,0,0,0.0,0.0,1.0,0.0,0.12,0.0,0.0,0,75709.0
ftp_data,SF,4892,0,0,0.0,0.0,1.0,0.0,0.02,0.0,0.0,0,62320.0
pop_3,SF,35,130,1,0.0,0.0,0.5,1.0,0.22,0.01,0.0,0,87778.0
domain_u,SF,33,0,0,0.0,0.0,1.0,0.0,0.0,0.01,0.0,0,7889.0
private,REJ,0,0,0,0.0,0.0,0.33,0.1,0.0,0.0,0.0,1,112822.0
name,S0,0,0,0,1.0,1.0,0.07,0.07,0.0,1.0,1.0,1,67825.0
Z39_50,REJ,0,0,0,0.0,0.0,0.07,0.07,0.0,0.0,0.0,1,29575.0
ecr_i,SF,1032,0,0,0.0,0.0,1.0,0.0,0.0,0.0,0.0,1,77113.0
http,RSTR,51100,4380,1,0.0,0.0,1.0,0.0,0.0,0.0,0.0,1,97225.0
ftp,S0,0,0,0,1.0,1.0,0.12,0.05,0.0,1.0,1.0,1,66418.0
http,S0,0,0,0,1.0,1.0,0.5,0.38,0.0,1.0,1.0,1,97819.0
http,SF,317,2536,1,0.0,0.0,1.0,0.0,0.01,0.0,0.0,0,29189.0
csnet_ns,S0,0,0,0,1.0,1.0,0.15,0.05,0.0,1.0,1.0,1,102412.0
IRC,RSTO,132,1247,1,0.0,0.0,1.0,0.0,0.0,0.01,0.05,0,68927.0
http,SF,243,4005,1,0.0,0.0,1.0,0.0,0.0,0.0,0.0,0,33875.0
http,SF,265,254,1,0.0,0.0,1.0,0.0,0.02,0.0,0.0,0,51235.0
http,SF,200,4213,1,0.0,0.0,1.0,0.0,0.02,0.0,0.0,0,26269.0
http,SF,300,189,1,0.0,0.0,1.0,0.0,0.0,0.0,0.0,0,28824.0
http,SF,184,2653,1,0.0,0.0,1.0,0.0,0.05,0.0,0.0,0,52359.0
ecr_i,SF,30,0,0,0.0,0.0,1.0,0.0,0.1,0.0,0.0,0,95469.0
other,SF,147,0,0,0.0,0.0,1.0,0.0,0.0,0.0,0.0,0,25817.0
http,SF,238,794,1,0.0,0.0,1.0,0.0,0.03,0.0,0.0,0,16502.0
auth,S0,0,0,0,1.0,1.0,0.07,0.06,0.0,1.0,1.0,1,106934.0
private,REJ,0,0,0,0.0,0.0,0.12,0.05,0.0,0.0,0.0,1,93.0
vmnet,S0,0,0,0,1.0,1.0,0.03,0.07,0.0,1.0,1.0,1,4270.0
private,S0,0,0,0,1.0,1.0,0.07,0.06,0.0,1.0,1.0,1,30534.0
http,SF,280,3615,1,0.0,0.0,1.0,0.0,0.08,0.0,0.01,0,53773.0
ecr_i,SF,1032,0,0,0.0,0.0,1.0,0.0,0.0,0.01,0.0,1,122756.0
http,SF,214,307,1,0.0,0.0,1.0,0.0,0.0,0.0,0.0,0,124746.0
http,SF,201,24716,1,0.0,0.0,1.0,0.0,0.04,0.0,0.0,0,3588.0
http,SF,332,1394,1,0.0,0.0,1.0,0.0,0.02,0.01,0.0,0,1463.0
http,SF,281,1395,1,0.0,0.0,1.0,0.0,0.0,0.0,0.0,0,101740.0
smtp,SF,926,331,1,0.0,0.0,1.0,0.0,0.0,0.0,0.0,0,51434.0
private,RSTR,1,0,0,0.0,0.0,1.0,0.0,0.0,0.0,0.0,1,35059.0
domain_u,SF,43,107,0,0.0,0.0,1.0,0.0,0.0,0.0,0.0,0,74816.0
http,SF,227,2047,1,0.0,0.0,1.0,0.0,0.0,0.01,0.01,0,1850.0
ftp_data,SF,641,0,1,0.0,0.0,0.67,0.67,0.0,0.0,0.0,0,111768.0
smtp,SF,2147,386,1,0.0,0.0,1.0,0.0,0.0,0.47,0.49,0,108649.0
http,SF,240,2496,1,0.0,0.0,1.0,0.0,0.03,0.0,0.0,0,70594.0
smtp,SF,807,330,1,0.0,0.0,1.0,0.0,0.02,0.0,0.0,0,123126.0
http,SF,213,454,1,0.0,0.0,1.0,0.0,0.01,0.0,0.0,0,108134.0
netbios_ns,REJ,0,0,0,0.0,0.0,0.01,0.07,0.0,0.0,0.0,1,111862.0
name,S0,0,0,0,1.0,1.0,0.02,0.07,0.0,1.0,1.0,1,111979.0
domain_u,SF,44,69,0,0.0,0.0,1.0,0.0,0.0,0.0,0.0,0,66911.0
private,RSTR,1,0,0,0.0,0.0,1.0,0.0,0.0,0.0,0.0,1,47953.0
http,SF,251,1700,1,0.0,0.0,1.0,0.0,0.0,0.0,0.0,0,52429.0
domain_u,SF,43,72,0,0.0,0.0,1.0,0.01,0.0,0.0,0.0,0,65751.0
domain_u,SF,44,75,0,0.0,0.0,1.0,0.0,0.0,0.0,0.0,0,84918.0
other,S0,0,0,0,1.0,1.0,0.09,0.04,0.0,1.0,1.0,1,70819.0
private,REJ,0,0,0,0.05,0.0,0.0,1.0,0.0,0.08,0.0,1,46438.0
uucp_path,S0,0,0,0,1.0,1.0,0.07,0.06,0.0,1.0,1.0,1,50980.0
domain_u,SF,43,132,0,0.0,0.0,1.0,0.0,0.0,0.0,0.0,0,51188.0
smtp,SF,2072,394,1,0.0,0.0,1.0,0.0,0.01,0.01,0.0,0,109225.0
hostnames,REJ,0,0,0,0.0,0.0,0.13,0.06,0.0,0.0,0.0,1,86716.0
http,SF,317,6495,1,0.0,0.0,1.0,0.0,0.02,0.0,0.0,0,108411.0
domain_u,SF,44,110,0,0.0,0.0,1.0,0.0,0.0,0.0,0.0,0,100449.0
http,SF,293,1676,1,0.0,0.0,1.0,0.0,0.02,0.0,0.0,0,49167.0
http,SF,215,282,1,0.0,0.0,1.0,0.0,0.01,0.0,0.0,0,88012.0
csnet_ns,REJ,0,0,0,0.0,0.0,0.01,0.08,0.0,0.0,0.0,1,42799.0
whois,S0,0,0,0,1.0,1.0,0.01,0.05,0.0,1.0,1.0,1,116895.0
smtp,SF,2764,334,1,0.0,0.0,0.33,0.67,0.01,0.0,0.0,0,6522.0
uucp_path,S0,0,0,0,1.0,1.0,0.07,0.06,0.0,1.0,1.0,1,36823.0
eco_i,SF,8,0,0,0.0,0.0,1.0,0.0,0.26,0.0,0.0,1,17723.0
http,SF,359,20214,1,0.0,0.0,1.0,0.0,0.06,0.0,0.0,0,37503.0
smtp,SF,886,326,1,0.0,0.0,1.0,0.0,0.0,0.0,0.0,0,613.0
http,SF,220,1112,1,0.0,0.0,1.0,0.0,0.0,0.0,0.0,0,87503.0
http,SF,3836,4026,1,0.0,0.0,1.0,0.0,0.07,0.0,0.01,0,27379.0
private,RSTR,0,0,0,0.0,0.0,1.0,0.0,0.0,0.08,0.0,1,102036.0
private,REJ,0,0,0,0.0,0.0,0.04,0.08,0.0,0.0,0.0,1,48801.0
telnet,SF,285,392735,1,0.0,0.0,1.0,0.0,0.0,0.0,0.0,0,59153.0
http,SF,193,3101,1,0.0,0.0,1.0,0.0,0.0,0.0,0.0,0,46827.0
telnet,S0,0,0,0,1.0,1.0,0.24,0.08,0.0,1.0,1.0,1,13869.0
ftp_data,S0,0,0,0,1.0,1.0,0.51,0.06,0.0,1.0,1.0,1,101007.0
smtp,SF,801,329,1,0.0,0.0,1.0,0.0,0.0,0.0,0.0,0,2820.0
http,SF,231,561,1,0.0,0.0,1.0,0.0,0.06,0.0,0.0,0,51074.0
http,SF,242,622,1,0.0,0.0,1.0,0.0,0.0,0.0,0.0,0,44241.0
smtp,SF,2389,333,1,0.0,0.0,1.0,0.0,0.0,0.0,0.0,0,36625.0
ftp_data,SF,567,0,0,0.0,0.0,1.0,0.0,0.08,0.0,0.0,0,76765.0
ftp_data,SF,192,0,0,0.0,0.0,1.0,0.0,0.07,0.0,0.0,0,14203.0
domain_u,SF,45,138,0,0.0,0.0,1.0,0.0,0.0,0.0,0.0,0,98983.0
private,S0,0,0,0,1.0,1.0,0.03,0.06,0.0,1.0,1.0,1,65278.0
domain_u,SF,44,137,0,0.0,0.0,0.99,0.01,0.0,0.0,0.0,0,70592.0
http,SF,214,1047,1,0.0,0.0,1.0,0.0,0.06,0.0,0.0,0,22523.0
private,S0,0,0,0,1.0,1.0,0.04,0.07,0.0,1.0,1.0,1,39590.0
http,SF,260,398,1,0.0,0.0,1.0,0.0,0.0,0.0,0.0,0,95404.0
ecr_i,SF,520,0,0,0.0,0.0,1.0,0.0,0.0,0.0,0.0,1,22431.0
domain_u,SF,43,43,0,0.0,0.0,1.0,0.0,0.0,0.0,0.0,0,112905.0
http,REJ,0,0,0,0.0,0.0,1.0,0.0,0.12,0.0,0.0,0,46982.0
private,S0,0,0,0,1.0,1.0,0.08,0.06,0.0,1.0,1.0,1,34724.0
private,S0,0,0,0,1.0,1.0,0.02,0.07,0.0,1.0,1.0,1,68598.0
http,SF,264,6268,1,0.0,0.0,1.0,0.0,0.05,0.0,0.0,0,112102.0
other,SF,146,105,0,0.0,0.0,1.0,0.0,0.0,0.0,0.0,0,96831.0
private,S0,0,0,0,1.0,1.0,0.15,0.06,0.0,1.0,1.0,1,98967.0
ctf,S0,0,0,0,1.0,1.0,0.02,0.06,0.0,1.0,1.0,1,91210.0
http,SF,329,1262,1,0.0,0.0,1.0,0.0,0.03,0.0,0.0,0,112413.0
supdup,S0,0,0,0,1.0,1.0,0.07,0.05,0.0,1.0,1.0,1,36138.0
domain_u,SF,43,127,0,0.0,0.0,1.0,0.0,0.0,0.0,0.0,0,117567.0
private,S0,0,0,0,1.0,1.0,0.21,0.05,0.0,1.0,1.0,1,88036.0
http,SF,151,21714,1,0.0,0.0,1.0,0.0,0.0,0.0,0.0,0,72399.0
other,SF,146,105,0,0.0,0.0,0.33,0.67,0.0,0.0,0.0,0,112392.0
http,SF,233,211,1,0.0,0.0,1.0,0.0,0.01,0.0,0.0,0,106444.0
http,REJ,0,0,0,0.0,0.0,1.0,0.0,0.09,0.0,0.0,0,71987.0
http,SF,240,1735,1,0.0,0.0,1.0,0.0,0.03,0.0,0.01,0,55215.0
private,SF,207,0,0,0.0,0.0,1.0,0.0,0.0,0.0,0.0,1,97854.0
http,SF,232,969,1,0.0,0.0,1.0,0.0,0.02,0.0,0.0,0,47822.0
domain_u,SF,30,30,0,0.0,0.0,1.0,0.0,0.0,0.0,0.0,0,125827.0
csnet_ns,S0,0,0,0,1.0,1.0,0.08,0.06,0.0,1.0,1.0,1,92852.0
http,SF,246,789,1,0.0,0.0,1.0,0.0,0.03,0.0,0.0,0,105596.0
domain_u,SF,46,139,0,0.0,0.0,1.0,0.0,0.0,0.0,0.0,0,81646.0
netbios_dgm,S0,0,0,0,1.0,1.0,0.04,0.07,0.0,1.0,1.0,1,120177.0
http,SF,205,5435,1,0.0,0.0,1.0,0.0,0.03,0.0,0.0,0,90954.0
http,SF,221,965,1,0.0,0.0,1.0,0.0,0.02,0.0,0.0,0,82844.0
iso_tsap,S0,0,0,0,1.0,1.0,0.03,0.05,0.0,1.0,1.0,1,125130.0
courier,S0,0,0,0,1.0,1.0,0.16,0.05,0.0,1.0,1.0,1,54615.0
domain_u,SF,46,46,0,0.0,0.0,1.0,0.0,0.0,0.0,0.0,0,105209.0
http,REJ,0,0,0,0.0,0.0,1.0,0.0,0.15,0.0,0.0,0,100631.0
eco_i,SF,8,0,0,0.0,0.0,1.0,0.0,0.5,0.0,0.0,1,34206.0
http,SF,214,3184,1,0.5,0.5,1.0,0.0,0.12,0.5,0.01,0,19545.0
ftp_data,SF,10272,0,1,0.0,0.0,1.0,0.0,0.02,0.0,0.0,0,79055.0
whois,S0,0,0,0,1.0,1.0,0.06,0.06,0.0,1.0,1.0,1,13033.0
ecr_i,SF,520,0,0,0.0,0.0,1.0,0.0,0.0,0.0,0.0,1,119757.0
http,SF,218,438,1,0.0,0.0,1.0,0.0,0.0,0.0,0.0,0,125785.0
private,SF,1,0,0,0.0,0.0,0.27,0.14,0.0,0.0,0.0,1,10038.0
private,SF,105,147,0,0.0,0.0,1.0,0.0,0.0,0.0,0.0,0,76436.0
private,SF,105,147,0,0.0,0.0,1.0,0.0,0.0,0.0,0.0,0,46895.0
http,SF,309,1762,1,0.05,0.04,1.0,0.0,0.08,0.05,0.01,0,113295.0
http,SF,215,11161,1,0.0,0.0,1.0,0.0,0.0,0.0,0.0,0,45439.0
http,SF,165,6279,1,0.0,0.0,1.0,0.0,0.04,0.0,0.0,0,46177.0
private,S0,0,0,0,1.0,1.0,0.13,0.05,0.0,1.0,1.0,1,9659.0
http,SF,54540,8314,1,0.0,0.0,1.0,0.0,0.0,0.0,0.0,1,52514.0
domain_u,SF,44,44,0,0.0,0.0,0.99,0.01,0.0,0.0,0.0,0,24623.0
http,SF,290,16199,1,0.0,0.0,1.0,0.0,0.03,0.0,0.0,0,32025.0
ftp_data,SF,252,0,1,0.0,0.0,1.0,0.0,0.02,0.0,0.0,0,3006.0
http,SF,153,12767,1,0.0,0.0,1.0,0.0,0.05,0.0,0.0,0,103406.0
netstat,S0,0,0,0,1.0,1.0,0.04,0.06,0.0,1.0,1.0,1,94426.0
http,SF,204,333,1,0.0,0.0,1.0,0.0,0.01,0.0,0.01,0,104315.0
private,S0,0,0,0,1.0,1.0,0.1,0.06,0.0,1.0,1.0,1,33921.0
http,SF,377,9949,1,0.0,0.0,1.0,0.0,0.03,0.0,0.0,0,35842.0
echo,S0,0,0,0,1.0,1.0,0.01,0.07,0.0,1.0,1.0,1,82130.0
http,REJ,0,0,0,0.0,0.0,1.0,0.0,0.13,0.0,0.0,0,40653.0
http,SF,219,519,1,0.0,0.0,1.0,0.0,0.07,0.0,0.0,0,19634.0
private,REJ,0,0,0,0.0,0.0,0.04,0.07,0.0,0.0,0.0,1,108304.0
http,SF,223,397,1,0.0,0.0,1.0,0.0,0.02,0.0,0.0,0,38967.0
ftp_data,SF,884,0,0,0.0,0.0,1.0,0.0,0.03,0.0,0.0,0,9093.0
private,S0,0,0,0,1.0,1.0,0.05,0.06,0.0,1.0,1.0,1,9304.0
private,S0,0,0,0,1.0,1.0,0.04,0.12,0.0,1.0,1.0,1,37711.0
domain_u,SF,46,76,0,0.0,0.0,1.0,0.01,0.0,0.0,0.0,0,76485.0
private,S0,0,0,0,1.0,1.0,0.03,0.06,0.0,1.0,1.0,1,70104.0
smtp,SF,618,330,1,0.0,0.0,1.0,0.0,0.01,0.0,0.0,0,85400.0
http,SF,336,279,1,0.0,0.0,1.0,0.0,0.0,0.0,0.0,0,60277.0
http,SF,217,2819,1,0.0,0.0,1.0,0.0,0.07,0.0,0.0,0,93366.0
http,SF,268,3889,1,0.0,0.0,1.0,0.0,0.0,0.0,0.0,0,95986.0
private,REJ,0,0,0,0.0,0.0,0.01,0.08,0.0,0.0,0.0,1,38942.0
private,S0,0,0,0,1.0,1.0,0.01,0.07,0.0,1.0,1.0,1,56251.0
domain_u,SF,43,72,0,0.0,0.0,1.0,0.0,0.0,0.0,0.0,0,50144.0
http,REJ,0,0,0,0.0,0.0,1.0,0.0,0.11,0.0,0.0,0,30284.0
http,SF,209,2445,1,0.0,0.0,1.0,0.0,0.01,0.0,0.0,0,32224.0
private,SF,215,0,0,0.0,0.0,1.0,0.0,0.0,0.0,0.0,1,11398.0
domain_u,SF,46,75,0,0.0,0.0,1.0,0.0,0.0,0.0,0.0,0,72287.0
ftp_data,S0,0,0,0,0.97,1.0,0.22,0.09,0.0,1.0,1.0,1,120206.0
private,SH,0,0,0,1.0,1.0,1.0,0.0,0.0,0.64,1.0,1,7524.0
private,REJ,0,0,0,0.01,0.0,0.01,1.0,0.0,0.0,0.0,1,7031.0
private,SF,28,0,0,0.9,0.0,0.1,0.06,0.0,0.09,0.0,1,81305.0
courier,S0,0,0,0,1.0,1.0,0.11,0.05,0.0,1.0,1.0,1,50763.0
vmnet,REJ,0,0,0,0.0,0.0,0.08,0.07,0.0,0.0,0.0,1,97762.0
http,SF,205,1208,1,0.0,0.0,1.0,0.0,0.0,0.0,0.0,0,100063.0
courier,S0,0,0,0,1.0,1.0,0.03,0.07,0.0,1.0,1.0,1,109280.0
http,SF,54540,8314,1,0.0,0.0,1.0,0.0,0.0,0.0,0.0,1,86828.0
smtp,SF,777,324,1,0.0,0.0,1.0,0.0,0.01,0.0,0.0,0,87818.0
http,SF,299,1695,1,0.0,0.0,1.0,0.0,0.01,0.0,0.0,0,73593.0
ecr_i,SF,1032,0,0,0.0,0.0,1.0,0.0,0.0,0.0,0.0,1,48700.0
http,SF,275,2860,1,0.0,0.0,1.0,0.0,0.07,0.0,0.0,0,85003.0
http,SF,197,365,1,0.0,0.0,1.0,0.0,0.0,0.0,0.0,0,60539.0
http,SF,239,2632,1,0.0,0.0,1.0,0.0,0.01,0.0,0.0,0,121354.0
ssh,REJ,0,0,0,0.0,0.0,0.08,0.08,0.0,0.0,0.0,1,5738.0
private,S0,0,0,0,1.0,1.0,0.07,0.07,0.0,1.0,1.0,1,3674.0
http,SF,316,540,1,0.0,0.0,1.0,0.0,0.02,0.0,0.0,0,6745.0
smtp,SF,1208,334,1,0.0,0.0,0.5,1.0,0.02,0.0,0.0,0,75065.0
smtp,SF,1001,330,1,0.0,0.0,1.0,0.0,0.02,0.0,0.0,0,9703.0
http,SF,228,1928,1,0.0,0.0,1.0,0.0,0.0,0.0,0.0,0,62952.0
finger,S0,0,0,0,1.0,1.0,0.36,0.27,0.0,1.0,1.0,1,32036.0
private,S0,0,0,0,1.0,1.0,0.11,0.06,0.0,1.0,1.0,1,93513.0
ftp_data,SF,334,0,1,0.0,0.0,1.0,0.0,0.09,0.0,0.0,1,96720.0
name,S0,0,0,0,1.0,1.0,0.08,0.06,0.0,1.0,1.0,1,53048.0
private,S0,0,0,0,1.0,1.0,0.1,0.05,0.0,1.0,1.0,1,19598.0
ftp,SF,362,1202,1,0.0,0.0,1.0,0.0,0.0,0.21,0.0,1,113440.0
private,SF,28,0,0,0.0,0.0,1.0,0.0,0.0,0.0,0.0,1,123392.0
ftp_data,SF,192,0,1,0.0,0.0,1.0,0.0,0.0,0.0,0.0,0,12333.0
private,S0,0,0,0,1.0,1.0,0.11,0.05,0.0,1.0,1.0,1,19958.0
private,REJ,0,0,0,0.04,0.0,0.0,1.0,0.0,0.04,0.0,1,108269.0
ecr_i,SF,520,0,0,0.0,0.0,1.0,0.0,0.0,0.0,0.0,1,101739.0
ftp,SF,1233,2451,1,0.0,0.0,1.0,0.0,0.0,0.0,0.0,1,6855.0
private,S0,0,0,0,1.0,1.0,0.09,0.07,0.0,1.0,1.0,1,97964.0
ecr_i,SF,1480,0,0,0.0,0.0,1.0,0.0,0.03,0.2,0.0,1,34584.0
other,SF,146,105,0,0.0,0.0,1.0,0.0,0.0,0.0,0.0,0,17573.0
http,REJ,0,0,0,0.0,0.0,1.0,0.0,0.08,0.0,0.0,0,115779.0
http,SF,246,9934,1,0.0,0.0,1.0,0.0,0.0,0.0,0.0,0,120756.0
http,S0,0,0,0,0.1,0.1,1.0,0.0,0.0,0.0,0.0,0,109520.0
private,SF,207,0,0,0.0,0.0,1.0,0.0,0.0,0.0,0.0,1,104411.0
domain_u,SF,30,0,0,0.0,0.0,1.0,0.0,0.08,0.0,0.0,0,1256.0
csnet_ns,S0,0,0,0,1.0,1.0,0.09,0.06,0.0,1.0,1.0,1,88342.0
ecr_i,SF,1032,0,0,0.0,0.0,1.0,0.0,0.0,0.0,0.0,1,40135.0
http,SF,236,10012,1,0.0,0.0,1.0,0.0,0.03,0.0,0.0,0,50654.0
private,S0,0,0,0,1.0,1.0,0.06,0.06,0.0,1.0,1.0,1,44307.0
http,S2,256,15968,1,1.0,0.04,1.0,0.0,0.01,0.01,0.0,0,20003.0
private,S0,0,0,0,1.0,1.0,0.01,0.06,0.0,1.0,1.0,1,66934.0
http,SF,230,984,1,0.0,0.0,1.0,0.0,0.0,0.0,0.0,0,46040.0
private,S0,0,0,0,1.0,1.0,0.04,0.05,0.0,1.0,1.0,1,27556.0
private,SF,1,0,0,0.0,0.0,0.36,0.23,0.0,0.0,0.0,1,62432.0
ftp,SF,234,774,1,0.0,0.0,1.0,0.0,0.0,0.0,0.0,0,51410.0
private,REJ,0,0,0,0.0,0.0,0.03,0.07,0.0,0.0,0.0,1,35731.0
smtp,SF,2150,372,1,0.0,0.0,1.0,0.0,0.01,0.01,0.0,0,100398.0
ftp_data,SF,641,0,1,0.0,0.0,1.0,0.0,0.04,0.0,0.0,0,95197.0
http,SF,195,1993,1,0.0,0.0,1.0,0.0,0.04,0.0,0.0,0,5449.0
courier,S0,0,0,0,1.0,1.0,0.13,0.05,0.0,1.0,1.0,1,106547.0
eco_i,SF,8,0,0,0.0,0.0,1.0,0.0,0.25,0.0,0.0,1,97245.0
smtp,SF,1952,336,1,0.0,0.0,1.0,0.0,0.01,0.0,0.0,0,37874.0
http,S0,0,0,0,1.0,0.95,0.07,0.07,0.0,1.0,1.0,1,122082.0
whois,REJ,0,0,0,0.0,0.0,0.05,0.07,0.0,0.0,0.0,1,1530.0
private,REJ,0,0,0,0.0,0.0,1.0,0.0,1.0,0.0,0.0,1,97556.0
private,SF,1,0,0,0.0,0.0,0.43,0.11,0.0,0.0,0.0,1,26242.0
http,REJ,0,0,0,0.0,0.0,1.0,0.0,0.04,0.0,0.0,0,111400.0
http,SF,321,741,1,0.0,0.0,1.0,0.0,0.0,0.0,0.0,0,67235.0
http,SF,308,566,1,0.0,0.0,1.0,0.0,0.02,0.01,0.01,0,56615.0
http,SF,364,531,1,0.0,0.0,1.0,0.0,0.0,0.0,0.0,0,107175.0
Z39_50,S0,0,0,0,1.0,1.0,0.03,0.06,0.0,1.0,1.0,1,101618.0
login,SF,6,0,0,0.2,0.0,0.0,1.0,0.0,0.19,0.0,1,37474.0
domain_u,SF,43,127,0,0.0,0.0,1.0,0.0,0.0,0.0,0.0,0,37087.0
http,SF,328,14150,1,0.0,0.0,1.0,0.0,0.0,0.0,0.0,0,103161.0
private,S0,0,0,0,1.0,1.0,0.06,0.06,0.0,1.0,1.0,1,122223.0
private,S0,0,0,0,1.0,1.0,0.08,0.06,0.0,1.0,1.0,1,39902.0
http,SF,292,482,1,0.0,0.0,1.0,0.0,0.04,0.0,0.0,0,85296.0
private,SF,1,0,0,0.0,0.0,0.36,0.1,0.0,0.16,0.0,1,68351.0
http,SF,290,6105,1,0.0,0.0,1.0,0.0,0.05,0.0,0.0,0,108439.0
http,SF,147,3253,1,0.0,0.0,1.0,0.0,0.04,0.0,0.0,0,93836.0
other,SF,146,105,0,0.0,0.0,1.0,0.0,0.0,0.0,0.0,0,18671.0
http,SF,340,2613,1,0.0,0.0,1.0,0.0,0.0,0.0,0.0,0,114811.0
http,SF,208,2401,1,0.0,0.0,1.0,0.0,0.0,0.0,0.0,0,59201.0
http,SF,230,2013,1,0.0,0.0,1.0,0.0,0.0,0.0,0.0,0,109576.0
private,S0,0,0,0,1.0,1.0,0.07,0.05,0.0,1.0,1.0,1,108122.0
supdup,S0,0,0,0,1.0,1.0,0.0,0.07,0.0,1.0,1.0,1,5839.0
hostnames,S0,0,0,0,1.0,1.0,0.07,0.05,0.0,1.0,1.0,1,17934.0
http,REJ,0,0,0,0.0,0.0,1.0,0.0,0.16,0.0,0.0,0,52781.0
private,REJ,0,0,0,0.0,0.0,0.15,0.06,0.0,0.0,0.0,1,112981.0
http,SF,236,244,1,0.0,0.0,1.0,0.0,0.02,0.0,0.0,0,62602.0
http,SF,366,4084,1,0.0,0.0,1.0,0.0,0.0,0.0,0.0,0,1043.0
domain_u,SF,43,131,0,0.0,0.0,1.0,0.0,0.0,0.0,0.0,0,113217.0
ftp_data,S0,0,0,0,1.0,1.0,0.22,0.11,0.0,0.99,1.0,1,8183.0
ftp_data,SF,8737,0,0,0.0,0.0,1.0,0.0,0.06,0.0,0.0,0,35535.0
whois,S0,0,0,0,1.0,1.0,0.07,0.06,0.0,1.0,1.0,1,58020.0
http,SF,213,6924,1,0.0,0.0,1.0,0.0,0.0,0.0,0.0,0,30476.0
http,SF,417,3294,1,0.0,0.0,1.0,0.0,0.11,0.0,0.0,0,19767.0
http,SF,320,2762,1,0.0,0.0,1.0,0.0,0.0,0.0,0.0,0,74034.0
finger,SF,9,140,0,0.0,0.0,1.0,0.0,0.0,0.0,0.0,0,122642.0
http,SF,284,1415,1,0.2,0.2,1.0,0.0,0.0,0.01,0.01,0,89757.0
systat,S0,0,0,0,1.0,1.0,0.17,0.04,0.0,1.0,1.0,1,62671.0
telnet,S0,0,0,0,1.0,1.0,0.06,0.05,0.0,1.0,1.0,1,111194.0
http,SF,54540,8314,1,0.0,0.0,1.0,0.0,0.0,0.0,0.0,1,55434.0
http,SF,218,670,1,0.0,0.0,1.0,0.0,0.0,0.0,0.0,0,6242.0
ftp,SF,1064,2284,1,0.0,0.0,1.0,0.0,0.0,0.12,0.0,1,78139.0
smtp,SF,1058,337,1,0.0,0.0,1.0,0.0,0.01,0.0,0.0,0,116090.0
private,SF,28,0,0,0.0,0.0,1.0,0.0,0.0,0.0,0.0,1,94911.0
http,SF,245,19559,1,0.0,0.0,1.0,0.0,0.01,0.0,0.0,0,67002.0
iso_tsap,REJ,0,0,0,0.0,0.0,0.08,0.06,0.0,0.0,0.0,1,41180.0
eco_i,SF,8,0,0,0.0,0.0,1.0,0.0,0.5,0.0,0.0,1,80472.0
http,S0,263,0,0,0.5,0.33,1.0,0.0,0.02,0.12,0.01,0,72914.0
http,SF,200,1308,1,0.0,0.0,1.0,0.0,0.04,0.0,0.0,0,2186.0
http,SF,298,626,1,0.0,0.0,1.0,0.0,0.0,0.0,0.0,0,103702.0
klogin,REJ,0,0,0,0.0,0.0,0.12,0.06,0.0,0.0,0.0,1,99127.0
ecr_i,SF,1032,0,0,0.0,0.0,1.0,0.0,0.0,0.0,0.0,1,63379.0
sunrpc,S0,0,0,0,1.0,1.0,0.06,0.06,0.0,1.0,1.0,1,30241.0
bgp,REJ,0,0,0,0.0,0.0,0.04,0.07,0.0,0.0,0.0,1,84345.0
http,SF,247,2414,1,0.0,0.0,1.0,0.0,0.04,0.0,0.0,0,88044.0
domain_u,SF,42,42,0,0.0,0.0,1.0,0.0,0.0,0.0,0.0,0,54910.0
domain_u,SF,44,44,0,0.0,0.0,1.0,0.0,0.0,0.0,0.0,0,89128.0
http,RSTR,53452,2920,1,0.0,0.0,1.0,0.0,0.0,0.0,0.0,1,50464.0
http_443,REJ,0,0,0,0.0,0.0,0.01,0.09,0.0,0.0,0.0,1,28722.0
private,S0,0,0,0,1.0,1.0,0.1,0.06,0.0,1.0,1.0,1,27326.0
ftp_data,SF,2194619,0,1,0.0,0.0,1.0,0.0,0.07,0.0,0.0,0,90582.0
smtp,SF,759,334,1,0.0,0.0,1.0,0.0,0.0,0.0,0.0,0,88597.0
private,S0,0,0,0,1.0,1.0,0.05,0.05,0.0,1.0,1.0,1,32947.0
http,SF,316,2698,1,0.0,0.0,1.0,0.0,0.0,0.0,0.0,0,88039.0
exec,S0,0,0,0,1.0,1.0,0.14,0.05,0.0,1.0,1.0,1,51041.0
ftp_data,S0,0,0,0,0.97,1.0,0.21,0.1,0.0,1.0,1.0,1,40292.0
sunrpc,RSTO,0,0,0,0.0,0.0,0.04,0.06,0.0,0.0,0.0,1,108812.0
ftp_data,SF,192,0,1,0.0,0.0,1.0,0.0,0.03,0.0,0.27,0,32411.0
http,SF,287,1509,1,0.0,0.0,1.0,0.0,0.0,0.0,0.0,0,16908.0
private,S0,0,0,0,1.0,1.0,0.07,0.07,0.0,1.0,1.0,1,29044.0
mtp,S0,0,0,0,1.0,1.0,0.09,0.04,0.0,1.0,1.0,1,74533.0
other,RSTR,1,0,0,0.0,0.0,1.0,0.0,0.0,0.0,0.0,1,42086.0
private,S0,0,0,0,1.0,1.0,0.14,0.05,0.0,1.0,1.0,1,121563.0
http,SF,176,38534,1,0.0,0.0,1.0,0.0,0.0,0.0,0.0,0,57440.0
domain_u,SF,45,167,0,0.0,0.0,1.0,0.0,0.0,0.0,0.0,0,74289.0
http,SF,300,253,1,0.0,0.0,1.0,0.0,0.02,0.0,0.0,0,119642.0
http,SF,318,798,1,0.0,0.0,1.0,0.0,0.0,0.0,0.0,0,15053.0
smtp,SF,833,285,1,0.0,0.0,1.0,0.0,0.01,0.0,0.01,0,3150.0
private,REJ,0,0,0,0.0,0.0,0.11,0.06,0.0,0.0,0.0,1,113781.0
domain_u,SF,43,108,0,0.0,0.0,1.0,0.0,0.0,0.0,0.0,0,84852.0
http,SF,329,1541,1,0.0,0.0,1.0,0.0,0.03,0.0,0.0,0,82606.0
private,S0,0,0,0,1.0,1.0,0.03,0.06,0.0,1.0,1.0,1,39476.0
ecr_i,SF,1032,0,0,0.0,0.0,1.0,0.0,0.0,0.02,0.0,1,52852.0
bgp,S0,0,0,0,1.0,1.0,0.01,0.07,0.0,1.0,1.0,1,100836.0
uucp_path,S0,0,0,0,1.0,1.0,0.11,0.07,0.0,1.0,1.0,1,92405.0
bgp,REJ,0,0,0,0.0,0.0,0.06,0.07,0.0,0.0,0.0,1,50767.0
http,SF,333,5734,1,0.0,0.0,1.0,0.0,0.05,0.0,0.0,0,113120.0
telnet,S0,0,0,0,1.0,1.0,0.18,0.24,0.0,1.0,1.0,1,88438.0
Z39_50,S0,0,0,0,1.0,1.0,0.06,0.06,0.0,1.0,1.0,1,115671.0
imap4,S0,0,0,0,1.0,1.0,0.06,0.07,0.0,1.0,1.0,1,39060.0
http,SF,287,5480,1,0.0,0.0,1.0,0.0,0.02,0.0,0.0,0,74158.0
http,SF,205,539,1,0.0,0.0,1.0,0.0,0.0,0.0,0.0,0,121087.0
http,SF,170,10160,1,0.0,0.0,1.0,0.0,0.0,0.0,0.0,0,87742.0
ftp_data,REJ,0,0,0,0.0,0.0,0.08,0.07,0.0,0.0,0.0,1,125609.0
smtp,SF,1103,331,1,0.0,0.0,1.0,0.0,0.0,0.0,0.0,0,86082.0
http,SF,312,8819,1,0.0,0.0,1.0,0.0,0.03,0.0,0.0,0,6290.0
mtp,REJ,0,0,0,0.0,0.0,0.05,0.06,0.0,0.0,0.0,1,48375.0
http,SF,385,5381,1,0.0,0.0,1.0,0.0,0.0,0.0,0.0,0,76329.0
private,SF,1,0,0,0.0,0.0,1.0,0.0,0.0,0.0,0.0,1,29404.0
http,SF,306,1694,1,0.0,0.0,1.0,0.0,0.04,0.0,0.0,0,49368.0
http,SF,223,9124,1,0.0,0.0,1.0,0.0,0.02,0.0,0.0,0,91342.0
http,SF,54540,8314,1,0.0,0.0,1.0,0.0,0.0,0.0,0.0,1,115743.0
private,RSTR,1,0,0,0.0,0.0,1.0,0.0,0.0,0.0,0.0,1,106477.0
private,S0,0,0,0,1.0,1.0,0.07,0.07,0.0,1.0,1.0,1,79383.0
private,REJ,0,0,0,0.0,0.0,0.5,1.0,0.0,0.0,0.0,1,64214.0
http,SF,300,15934,1,0.0,0.0,1.0,0.0,0.02,0.0,0.0,0,114944.0
domain_u,SF,33,88,0,0.0,0.0,1.0,0.0,0.03,0.0,0.0,0,45005.0
http,SF,241,1711,1,0.0,0.0,1.0,0.0,0.0,0.01,0.01,0,102793.0
eco_i,SF,8,0,0,0.0,0.0,1.0,0.0,0.5,0.0,0.0,1,78428.0
http,S0,0,0,0,1.0,1.0,0.54,0.23,0.0,1.0,1.0,1,111316.0
http,SF,224,2005,1,0.0,0.0,1.0,0.0,0.01,0.0,0.0,0,98999.0
ftp,SF,333,1072,1,0.0,0.0,1.0,0.0,0.0,0.04,0.09,0,108023.0
http,SF,241,1302,1,0.0,0.0,1.0,0.0,0.03,0.0,0.0,0,79003.0
time,S0,0,0,0,1.0,1.0,0.09,0.07,0.0,1.0,1.0,1,44525.0
ftp_data,S0,0,0,0,1.0,1.0,0.09,0.06,0.0,1.0,1.0,1,30875.0
http,SF,279,761,1,0.0,0.0,1.0,0.0,0.02,0.0,0.0,0,56160.0
private,S0,0,0,0,1.0,1.0,0.11,0.06,0.0,1.0,1.0,1,29260.0
http,SF,222,741,1,0.0,0.0,1.0,0.0,0.0,0.0,0.0,0,40146.0
nnsp,S0,0,0,0,1.0,1.0,0.02,0.06,0.0,1.0,1.0,1,56426.0
telnet,SF,383,7385,1,0.0,0.0,1.0,0.0,0.0,0.73,0.87,0,52233.0
imap4,S0,0,0,0,1.0,1.0,0.12,0.06,0.0,1.0,1.0,1,77983.0
Z39_50,S0,0,0,0,1.0,1.0,0.03,0.06,0.0,1.0,1.0,1,52045.0
ftp_data,SF,383,0,1,0.0,0.0,1.0,0.0,0.0,0.0,0.0,0,7090.0
http,SF,223,4109,1,0.0,0.0,1.0,0.0,0.04,0.0,0.0,0,82287.0
smtp,SF,1411,388,1,0.0,0.0,1.0,0.0,0.0,0.53,0.0,0,113793.0
private,SF,1,0,0,0.0,0.0,0.83,0.03,0.0,0.0,0.0,1,8013.0
ftp_data,SF,59,0,0,0.0,0.0,1.0,0.0,0.07,0.0,0.0,0,22412.0
ftp_data,SF,7422,0,1,0.0,0.0,1.0,0.0,0.02,0.0,0.0,0,86355.0
auth,S0,0,0,0,1.0,1.0,0.03,0.06,0.0,1.0,1.0,1,42614.0
http,SF,330,2445,1,0.0,0.0,1.0,0.0,0.02,0.01,0.0,0,7225.0
http,REJ,0,0,0,0.0,0.0,1.0,0.0,0.2,0.0,0.0,0,69212.0
private,RSTR,1,0,0,0.0,0.0,1.0,0.0,0.0,0.0,0.0,1,12532.0
nntp,S0,0,0,0,1.0,1.0,0.06,0.06,0.0,1.0,1.0,1,112081.0
domain_u,SF,44,113,0,0.0,0.0,1.0,0.0,0.0,0.0,0.0,0,92884.0
ecr_i,SF,1032,0,0,0.0,0.0,1.0,0.0,0.0,0.05,0.0,1,28799.0
http,SF,202,8104,1,0.0,0.0,1.0,0.0,0.03,0.0,0.0,0,12462.0
nnsp,REJ,0,0,0,0.0,0.0,0.13,0.06,0.0,0.0,0.0,1,39268.0
domain_u,SF,45,78,0,0.0,0.0,1.0,0.0,0.0,0.0,0.0,0,43861.0
http,SF,346,646195,1,0.0,0.0,1.0,0.0,0.08,0.0,0.0,0,110175.0
http,SF,225,2043,1,0.0,0.0,1.0,0.0,0.0,0.0,0.0,0,37881.0
ecr_i,SF,1032,0,0,0.0,0.0,1.0,0.0,0.0,0.0,0.0,1,22986.0
http,SF,325,582,1,0.0,0.0,1.0,0.0,0.02,0.0,0.01,0,77145.0
http,SF,295,443,1,0.0,0.0,1.0,0.0,0.04,0.0,0.0,0,66756.0
domain_u,SF,33,33,0,0.0,0.0,1.0,0.0,0.0,0.0,0.0,0,24958.0
private,REJ,0,0,0,0.07,0.0,0.01,0.99,0.0,0.05,0.0,1,92488.0
private,RSTOS0,0,0,0,0.66,0.5,0.01,0.4,0.0,0.49,0.5,1,123567.0
private,S0,0,0,0,1.0,1.0,0.01,0.06,0.0,1.0,1.0,1,32534.0
private,S0,0,0,0,1.0,1.0,0.1,0.06,0.0,1.0,1.0,1,18635.0
private,REJ,0,0,0,0.0,0.0,0.05,0.07,0.0,0.0,0.0,1,109312.0
http,SF,237,4428,1,0.0,0.0,1.0,0.0,0.04,0.0,0.0,0,24368.0
ftp_data,S0,0,0,0,1.0,1.0,0.23,0.09,0.0,1.0,1.0,1,73596.0
other,SF,145,105,0,0.0,0.0,1.0,0.0,0.0,0.0,0.0,0,87276.0
urp_i,SF,78,0,0,0.0,0.0,0.21,0.11,0.0,0.0,0.0,0,2623.0
eco_i,SF,8,0,0,0.0,0.0,1.0,0.0,0.51,0.0,0.0,1,27102.0
domain_u,SF,44,44,0,0.0,0.0,1.0,0.0,0.0,0.0,0.0,0,19218.0
finger,S0,0,0,0,1.0,1.0,0.08,0.05,0.0,1.0,1.0,1,59323.0
http,REJ,0,0,0,0.0,0.0,1.0,0.0,0.16,0.0,0.0,0,20682.0
http,SF,296,1999,1,0.0,0.0,1.0,0.0,0.0,0.0,0.0,0,6169.0
private,RSTR,0,0,0,0.0,0.0,0.08,0.52,0.0,0.01,0.0,1,484.0
ftp_data,S0,0,0,0,1.0,1.0,0.2,0.11,0.0,1.0,1.0,1,31195.0
login,S0,0,0,0,1.0,1.0,0.1,0.06,0.0,1.0,1.0,1,123681.0
private,S0,0,0,0,1.0,1.0,0.04,0.06,0.0,1.0,1.0,1,125808.0
Z39_50,REJ,0,0,0,0.0,0.0,0.02,0.06,0.0,0.0,0.0,1,72177.0
private,S0,0,0,0,1.0,1.0,0.03,0.06,0.0,1.0,1.0,1,59348.0
sunrpc,S0,0,0,0,1.0,1.0,0.02,0.07,0.0,1.0,1.0,1,9501.0
finger,S0,0,0,0,1.0,1.0,0.08,0.06,0.0,1.0,1.0,1,84830.0
http,SF,228,1075,1,0.0,0.0,1.0,0.0,0.0,0.0,0.0,0,49941.0
whois,REJ,0,0,0,0.0,0.0,0.06,0.06,0.0,0.0,0.0,1,125825.0
http,SF,296,30361,1,0.0,0.0,1.0,0.0,0.04,0.0,0.0,0,34096.0
domain_u,SF,35,100,0,0.0,0.0,1.0,0.0,0.0,0.0,0.0,0,122425.0
http,SF,188,1291,1,0.0,0.0,1.0,0.0,0.0,0.04,0.04,0,31849.0
http,SF,213,3276,1,0.0,0.0,1.0,0.0,0.0,0.0,0.0,0,4536.0
http,SF,199,1376,1,0.0,0.0,1.0,0.0,0.05,0.01,0.0,0,105943.0
ntp_u,SF,48,48,0,0.0,0.0,1.0,0.0,0.0,0.0,0.0,0,96824.0
ftp_data,SF,7162,0,0,0.0,0.0,1.0,0.0,0.0,0.37,0.0,0,24231.0
private,S0,0,0,0,1.0,1.0,0.04,0.09,0.0,1.0,1.0,1,72052.0
http,SF,350,603,1,0.0,0.0,1.0,0.0,0.01,0.0,0.0,0,122283.0
ftp,SF,1255,2451,1,0.0,0.0,1.0,0.0,0.0,0.0,0.0,1,19883.0
ftp_data,SF,3746,0,1,0.0,0.0,1.0,0.0,0.02,0.0,0.0,0,48458.0
Z39_50,S0,0,0,0,1.0,1.0,0.01,0.06,0.0,1.0,1.0,1,116361.0
private,SF,28,0,0,0.0,0.0,1.0,0.0,0.0,0.09,0.0,1,105928.0
discard,RSTO,0,0,0,0.0,0.0,0.05,0.06,0.0,0.0,0.0,1,39048.0
private,SF,105,146,0,0.0,0.0,1.0,0.0,0.0,0.0,0.0,0,58727.0
http,SF,305,502,1,0.0,0.0,1.0,0.0,0.04,0.0,0.0,0,9594.0
csnet_ns,S0,0,0,0,1.0,1.0,0.04,0.06,0.0,1.0,1.0,1,107371.0
http,SF,222,3621,1,0.33,0.07,1.0,0.0,0.0,0.01,0.01,0,92797.0
http,SF,248,17905,1,0.0,0.0,1.0,0.0,0.02,0.0,0.0,0,118459.0
eco_i,SF,8,0,0,0.0,0.0,1.0,0.0,0.5,0.0,0.0,1,92894.0
private,S0,0,0,0,1.0,1.0,0.06,0.06,0.0,1.0,1.0,1,52490.0
other,REJ,0,0,0,0.0,0.0,1.0,0.0,0.0,0.0,0.0,0,110771.0
http,S2,182,9443,1,0.33,0.33,1.0,0.0,0.04,0.01,0.0,0,109464.0
http,SF,282,2013,1,0.0,0.0,1.0,0.0,0.04,0.0,0.0,0,58480.0
hostnames,REJ,0,0,0,0.0,0.0,0.06,0.07,0.0,0.0,0.0,1,60914.0
private,S0,0,0,0,1.0,1.0,0.02,0.06,0.0,1.0,1.0,1,111619.0
http,SF,348,379,1,0.0,0.0,1.0,0.0,0.02,0.0,0.0,0,79278.0
uucp_path,S0,0,0,0,1.0,1.0,0.07,0.06,0.0,1.0,1.0,1,57230.0
private,REJ,0,0,0,0.05,0.0,0.0,1.0,0.0,0.08,0.0,1,43401.0
http,SF,247,4922,1,0.0,0.0,1.0,0.0,0.02,0.0,0.0,0,111879.0
private,S0,0,0,0,1.0,1.0,0.08,0.04,0.0,0.99,1.0,1,3966.0
private,S0,0,0,0,1.0,1.0,0.05,0.06,0.0,0.58,1.0,1,122687.0
http,SF,222,406,1,0.0,0.0,1.0,0.0,0.0,0.0,0.0,0,98792.0
domain_u,SF,44,130,0,0.0,0.0,1.0,0.0,0.0,0.0,0.0,0,105323.0
ftp_data,SF,567,0,1,0.0,0.0,1.0,0.0,0.02,0.0,0.01,0,2692.0
csnet_ns,S0,0,0,0,1.0,1.0,0.01,0.06,0.0,1.0,1.0,1,23232.0
http,SF,208,8856,1,0.0,0.0,1.0,0.0,0.09,0.0,0.0,0,120300.0
private,S0,0,0,0,1.0,1.0,0.09,0.06,0.0,1.0,1.0,1,28870.0
private,S0,0,0,0,1.0,1.0,0.36,0.05,0.0,1.0,1.0,1,107905.0
time,RSTO,0,0,0,0.0,0.0,0.1,0.06,0.0,0.0,0.0,1,15752.0
ecr_i,SF,1032,0,0,0.0,0.0,1.0,0.0,0.0,0.02,0.0,1,111673.0
http,SF,267,1619,1,0.0,0.0,1.0,0.0,0.0,0.0,0.0,0,101535.0
http,SF,340,1165,1,0.0,0.0,1.0,0.0,0.0,0.0,0.0,0,77039.0
http,SF,208,12640,1,0.33,0.33,1.0,0.0,0.0,0.0,0.0,0,44257.0
finger,S0,0,0,0,1.0,1.0,0.05,0.06,0.0,1.0,1.0,1,89361.0
http,SF,266,3607,1,0.0,0.0,1.0,0.0,0.05,0.0,0.0,0,31128.0
http,SF,201,330,1,0.0,0.0,1.0,0.0,0.0,0.0,0.0,0,51073.0
finger,S0,0,0,0,1.0,1.0,0.23,0.09,0.0,1.0,1.0,1,102337.0
http,SF,279,759,1,0.0,0.22,1.0,0.0,0.02,0.0,0.0,0,104058.0
netbios_ns,S0,0,0,0,1.0,1.0,0.1,0.06,0.0,1.0,1.0,1,100202.0
private,REJ,0,0,0,0.11,0.0,0.0,1.0,0.0,0.12,0.0,1,51793.0
ecr_i,SF,64,0,0,0.0,0.0,1.0,0.0,0.0,0.0,0.0,0,40427.0
http,SF,282,260,1,0.0,0.0,1.0,0.0,0.04,0.02,0.0,0,38944.0
ftp_data,SF,245,0,1,0.0,0.0,1.0,0.0,0.03,0.0,0.01,0,71445.0
http,SF,219,1024,1,0.0,0.0,1.0,0.0,0.01,0.0,0.0,0,64246.0
private,S0,0,0,0,1.0,1.0,0.42,0.12,0.0,1.0,1.0,1,50796.0
eco_i,SF,8,0,0,0.0,0.0,1.0,0.0,0.5,0.0,0.0,1,84219.0
smtp,SF,1549,337,1,0.0,0.0,1.0,0.0,0.0,0.0,0.0,0,78264.0
eco_i,SF,8,0,0,0.0,0.0,1.0,0.0,0.5,0.0,0.0,1,104661.0
http,S1,274,12505,1,0.33,0.12,1.0,0.0,0.06,0.01,0.0,0,28840.0
private,S0,0,0,0,1.0,1.0,0.02,0.07,0.0,1.0,1.0,1,111961.0
http,SF,215,4086,1,0.0,0.0,1.0,0.0,0.05,0.0,0.0,0,40307.0
domain_u,SF,41,73,0,0.0,0.0,1.0,0.0,0.0,0.0,0.0,0,14240.0
domain_u,SF,42,42,0,0.0,0.0,1.0,0.0,0.0,0.0,0.0,0,51108.0
domain_u,SF,42,42,0,0.0,0.0,1.0,0.0,0.0,0.0,0.0,0,24399.0
http,SF,283,466,1,0.0,0.0,1.0,0.0,0.05,0.0,0.01,0,103944.0
courier,S0,0,0,0,1.0,1.0,0.14,0.05,0.0,1.0,1.0,1,83515.0
domain_u,SF,44,133,0,0.0,0.0,1.0,0.0,0.01,0.0,0.0,0,55.0
auth,SF,10,35,0,0.0,0.0,0.5,1.0,0.0,0.0,0.0,1,79489.0
http,SF,200,260,1,0.0,0.0,1.0,0.0,0.02,0.0,0.0,0,100141.0
telnet,SF,851,131431,1,0.0,0.0,1.0,0.0,0.0,0.01,0.09,0,88489.0
http,SF,348,561,1,0.0,0.0,1.0,0.0,0.03,0.0,0.0,0,115861.0
ftp_data,SF,2194619,0,1,0.0,0.0,1.0,0.0,0.04,0.0,0.0,0,65437.0
http,SF,312,4339,1,0.0,0.0,1.0,0.0,0.04,0.0,0.0,0,117306.0
http,SF,217,926,1,0.0,0.0,1.0,0.0,0.01,0.0,0.0,0,101090.0
smtp,SF,2932,327,1,0.0,0.0,1.0,0.0,0.0,0.0,0.0,0,15863.0
telnet,S0,0,0,0,1.0,1.0,0.09,0.06,0.0,1.0,1.0,1,16069.0
telnet,S0,0,0,0,1.0,1.0,0.02,0.05,0.0,1.0,1.0,1,21933.0
http,SF,312,327,1,0.0,0.0,1.0,0.0,0.01,0.0,0.0,0,23032.0
private,RSTR,0,0,0,0.0,0.0,1.0,0.0,0.0,0.0,0.0,1,81336.0
ftp_data,S0,0,0,0,1.0,1.0,0.5,0.5,0.0,1.0,1.0,1,70638.0
http,SF,320,2367,1,0.0,0.0,1.0,0.0,0.07,0.0,0.0,0,73937.0
http,SF,433,8113,1,0.0,0.0,1.0,0.0,0.0,0.0,0.0,0,49218.0
discard,S0,0,0,0,1.0,1.0,0.07,0.05,0.0,1.0,1.0,1,56364.0
eco_i,SF,18,0,0,0.0,0.0,1.0,0.0,1.0,0.0,0.0,1,69604.0
http,SF,179,1654,1,0.0,0.0,1.0,0.0,0.06,0.0,0.0,0,103815.0
private,REJ,0,0,0,0.0,0.0,0.08,0.07,0.0,0.0,0.0,1,69532.0
private,REJ,0,0,0,0.0,0.0,0.06,0.06,0.0,0.0,0.0,1,15799.0
gopher,S0,0,0,0,1.0,1.0,0.04,0.06,0.0,1.0,1.0,1,71032.0
ftp,S0,0,0,0,1.0,1.0,0.01,0.06,0.0,1.0,1.0,1,89057.0
eco_i,SF,8,0,0,0.0,0.0,1.0,0.0,0.5,0.0,0.0,1,116710.0
ftp_data,SF,22,0,0,0.0,0.0,1.0,0.0,0.0,0.0,0.0,0,10809.0
ftp_data,SF,8737,0,1,0.0,0.0,1.0,0.0,0.03,0.05,0.0,0,102415.0
domain_u,SF,45,45,0,0.0,0.0,1.0,0.0,0.0,0.0,0.0,0,124151.0
http,SF,297,1519,1,0.0,0.0,1.0,0.0,0.03,0.0,0.0,0,62190.0
login,S0,0,0,0,1.0,1.0,0.01,0.07,0.0,1.0,1.0,1,96364.0
private,S0,0,0,0,1.0,1.0,0.22,0.06,0.0,1.0,1.0,1,71351.0
http,S0,0,0,0,1.0,1.0,0.38,0.25,0.0,1.0,1.0,1,77729.0
ftp_data,SF,1139,0,0,0.0,0.0,1.0,0.0,0.0,0.73,0.0,0,68741.0
private,S0,0,0,0,1.0,1.0,0.02,0.08,0.0,1.0,1.0,1,20455.0
http,SF,223,3555,1,0.0,0.0,1.0,0.0,0.04,0.0,0.0,0,51069.0
finger,S0,0,0,0,1.0,1.0,0.42,0.17,0.0,1.0,1.0,1,92098.0
http,SF,224,1551,1,0.0,0.0,1.0,0.0,0.02,0.0,0.0,0,13027.0
nnsp,S0,0,0,0,1.0,1.0,0.11,0.06,0.0,1.0,1.0,1,101770.0
private,S0,0,0,0,1.0,1.0,0.14,0.05,0.0,1.0,1.0,1,56995.0
private,S0,0,0,0,1.0,1.0,0.05,0.06,0.0,1.0,1.0,1,69184.0
ftp_data,SF,12165,0,1,0.0,0.0,1.0,0.0,0.0,0.0,0.0,0,78504.0
finger,S0,0,0,0,1.0,1.0,0.07,0.04,0.0,1.0,1.0,1,121683.0
csnet_ns,S0,0,0,0,1.0,1.0,0.09,0.06,0.0,1.0,1.0,1,73208.0
http,SF,318,1861,1,0.0,0.0,1.0,0.0,0.0,0.0,0.0,0,17578.0
daytime,RSTO,0,0,0,0.0,0.0,0.05,0.07,0.0,0.0,0.0,1,95626.0
http,SF,196,6194,1,0.0,0.0,1.0,0.0,0.05,0.0,0.0,0,12641.0
http,SF,306,308,1,0.0,0.0,1.0,0.0,0.02,0.0,0.0,0,64794.0
http,SF,235,1452,1,0.0,0.0,1.0,0.0,0.02,0.0,0.0,0,72500.0
exec,RSTO,0,0,0,0.0,0.0,0.03,0.07,0.0,0.0,0.0,1,80929.0
private,REJ,0,0,0,0.0,0.0,1.0,0.0,1.0,0.0,0.0,1,112166.0
ecr_i,SF,1032,0,0,0.0,0.0,1.0,0.0,0.0,0.0,0.0,1,44052.0
uucp_path,S0,0,0,0,1.0,1.0,0.02,0.07,0.0,1.0,1.0,1,14974.0
link,REJ,0,0,0,0.0,0.0,0.07,0.06,0.0,0.0,0.0,1,59789.0
private,REJ,0,0,0,0.0,0.0,0.05,0.06,0.0,0.0,0.0,1,8446.0
http,SF,191,13667,1,0.0,0.0,1.0,0.0,0.02,0.0,0.0,0,2122.0
csnet_ns,S0,0,0,0,1.0,1.0,0.0,0.07,0.0,1.0,1.0,1,57293.0
http,SF,312,2113,1,0.0,0.0,1.0,0.0,0.0,0.0,0.0,0,86491.0
whois,S0,0,0,0,1.0,1.0,0.06,0.06,0.0,1.0,1.0,1,14039.0
http,SF,324,1063,1,0.0,0.0,1.0,0.0,0.05,0.0,0.0,0,92511.0
telnet,S0,0,0,0,1.0,1.0,1.0,0.0,0.0,0.96,0.94,1,41699.0
http,SF,205,315,1,0.0,0.0,1.0,0.0,0.0,0.0,0.0,0,91301.0
auth,S0,0,0,0,1.0,1.0,0.02,0.06,0.0,1.0,1.0,1,64467.0
ftp_data,SF,641,0,0,0.0,0.0,1.0,0.0,0.02,0.0,0.0,0,115887.0
ldap,REJ,0,0,0,0.0,0.0,0.13,0.06,0.0,0.0,0.0,1,17780.0
http,SF,54540,8314,1,0.0,0.0,1.0,0.0,0.0,0.0,0.0,1,118851.0
http,SF,333,1948,1,0.0,0.0,1.0,0.0,0.06,0.0,0.0,0,5529.0
imap4,S0,0,0,0,1.0,1.0,0.02,0.06,0.0,1.0,1.0,1,60705.0
whois,S0,0,0,0,1.0,1.0,0.02,0.08,0.0,1.0,1.0,1,97572.0
http,SF,207,986,1,0.0,0.0,1.0,0.0,0.04,0.0,0.0,0,119472.0
ecr_i,SF,1032,0,0,0.0,0.0,1.0,0.0,0.0,0.0,0.0,1,28169.0
ftp_data,SF,190,0,1,0.0,0.0,0.5,1.0,0.0,0.0,0.0,0,34292.0
http,SF,285,5930,1,0.33,0.25,1.0,0.0,0.0,0.0,0.0,0,57824.0
private,REJ,0,0,0,0.0,0.0,1.0,0.0,0.0,0.0,0.0,1,121660.0
exec,S0,0,0,0,1.0,1.0,0.1,0.06,0.0,1.0,1.0,1,85060.0
http,SF,226,2070,1,0.33,0.22,1.0,0.0,0.04,0.01,0.0,0,85701.0
eco_i,SF,8,0,0,0.0,0.0,1.0,0.0,0.51,0.0,0.0,1,10260.0
http_443,S0,0,0,0,1.0,1.0,0.1,0.05,0.0,1.0,1.0,1,11667.0
http,RSTO,0,0,1,0.0,0.0,1.0,0.0,0.0,0.0,0.0,0,74701.0
domain_u,SF,44,71,0,0.0,0.0,1.0,0.0,0.0,0.0,0.0,0,113662.0
private,S0,0,0,0,1.0,1.0,0.06,0.06,0.0,1.0,1.0,1,86852.0
login,S0,0,0,0,1.0,1.0,0.14,0.05,0.0,1.0,1.0,1,88494.0
http,SF,247,3876,1,0.0,0.0,1.0,0.0,0.0,0.0,0.0,0,43011.0
http,SF,215,449,1,0.0,0.06,1.0,0.0,0.02,0.0,0.0,0,63618.0
finger,SF,9,269,0,0.0,0.0,1.0,0.0,0.0,0.0,0.0,0,71542.0
http,SF,192,581,1,0.0,0.0,1.0,0.0,0.06,0.0,0.0,0,29027.0
http,SF,205,3227,1,0.0,0.0,1.0,0.0,0.03,0.01,0.01,0,75846.0
http,SF,328,2243,1,0.0,0.0,1.0,0.0,0.04,0.0,0.0,0,108.0
http,SF,254,26928,1,0.0,0.0,1.0,0.0,0.0,0.0,0.0,0,58203.0
http,SF,343,388,1,0.0,0.0,1.0,0.0,0.0,0.0,0.0,0,33212.0
domain_u,SF,43,137,0,0.0,0.0,1.0,0.0,0.0,0.0,0.0,0,44159.0
private,S0,0,0,0,1.0,1.0,0.13,0.06,0.0,1.0,1.0,1,100219.0
courier,REJ,0,0,0,0.0,0.0,0.15,0.07,0.0,0.0,0.0,1,75716.0
http,SF,300,1396,1,0.0,0.0,1.0,0.0,0.05,0.0,0.0,0,85908.0
private,S0,0,0,0,1.0,1.0,0.01,0.06,0.0,1.0,1.0,1,84893.0
ftp_data,SF,334,0,1,0.0,0.0,1.0,0.0,0.13,0.0,0.0,1,117458.0
telnet,SF,136,383,1,0.0,0.0,1.0,0.0,0.78,0.0,0.0,0,103959.0
eco_i,SF,8,0,0,0.0,0.0,1.0,0.0,0.5,0.0,0.0,1,110043.0
eco_i,SF,18,0,0,0.0,0.0,1.0,0.0,1.0,0.0,0.0,1,34374.0
domain_u,SF,44,128,0,0.0,0.0,0.99,0.03,0.0,0.0,0.0,0,39939.0
private,SF,105,145,0,0.0,0.0,1.0,0.0,0.0,0.0,0.0,0,11303.0
uucp_path,S0,0,0,0,1.0,1.0,0.03,0.05,0.0,1.0,1.0,1,29337.0
smtp,SF,840,336,1,0.0,0.0,1.0,0.0,0.01,0.0,0.0,0,45879.0
http,SF,313,14665,1,0.0,0.0,1.0,0.0,0.03,0.0,0.0,0,48056.0
private,S0,0,0,0,1.0,1.0,0.06,0.05,0.0,1.0,1.0,1,23654.0
finger,RSTO,0,0,0,0.0,0.0,0.07,0.06,0.0,0.0,0.0,1,18661.0
private,SF,28,0,0,0.0,0.0,0.98,0.04,0.0,0.0,0.0,1,34281.0
telnet,S0,0,0,0,1.0,1.0,0.26,0.06,0.0,1.0,1.0,1,75270.0
http,SF,198,3978,1,0.0,0.0,1.0,0.0,0.0,0.0,0.0,0,124999.0
sunrpc,RSTO,0,0,0,0.0,0.0,0.09,0.06,0.0,0.0,0.0,1,43398.0
daytime,RSTO,0,0,0,0.0,0.0,0.13,0.05,0.0,0.0,0.0,1,120661.0
mtp,REJ,0,0,0,0.0,0.0,0.02,0.06,0.0,0.0,0.0,1,25319.0
domain_u,SF,46,78,0,0.0,0.0,1.0,0.0,0.0,0.0,0.0,0,57521.0
private,S0,0,0,0,1.0,1.0,0.08,0.06,0.0,1.0,1.0,1,105394.0
ftp_data,SF,748,0,1,0.0,0.0,1.0,0.0,0.02,0.0,0.0,0,9054.0
http,SF,54540,8314,1,0.0,0.0,1.0,0.0,0.0,0.0,0.0,1,3701.0
daytime,S0,0,0,0,1.0,1.0,0.09,0.06,0.0,1.0,1.0,1,100853.0
http,SF,312,9284,1,0.08,0.05,1.0,0.0,0.0,0.01,0.01,0,19868.0
ctf,S0,0,0,0,1.0,1.0,0.02,0.06,0.0,1.0,1.0,1,117876.0
telnet,RSTO,0,15,0,0.0,0.0,1.0,0.0,0.0,0.0,0.0,0,86994.0
private,RSTR,0,0,0,0.0,0.0,1.0,0.0,0.0,0.0,0.0,1,71719.0
private,S0,0,0,0,1.0,1.0,0.08,0.06,0.0,1.0,1.0,1,32906.0
private,S0,0,0,0,1.0,1.0,0.15,0.06,0.0,1.0,1.0,1,60087.0
private,S0,0,0,0,1.0,1.0,0.0,0.06,0.0,1.0,1.0,1,34740.0
private,SF,1,0,0,0.0,0.0,0.92,0.02,0.0,0.0,0.0,1,57737.0
smtp,SF,1288,370,1,0.0,0.0,1.0,0.0,0.02,0.0,0.0,0,83754.0
eco_i,SF,8,0,0,0.0,0.0,1.0,0.0,0.26,0.0,0.0,1,1275.0
vmnet,S0,0,0,0,1.0,1.0,0.05,0.05,0.0,1.0,1.0,1,116391.0
http,SF,168,3030,1,0.0,0.0,1.0,0.0,0.02,0.01,0.0,0,20947.0
other,REJ,0,0,0,0.06,0.0,0.0,0.96,0.0,0.04,0.0,1,98948.0
ftp_data,SF,607,0,1,0.0,0.0,1.0,0.0,0.08,0.0,0.0,0,27561.0
eco_i,SF,30,0,0,0.0,0.0,1.0,0.0,0.41,0.0,0.0,0,30581.0
smtp,SF,1834,331,1,0.0,0.0,1.0,0.0,0.01,0.0,0.0,0,40499.0
http,S0,0,0,0,0.5,0.5,1.0,0.0,0.04,0.05,0.01,0,6110.0
http,SF,281,4768,1,0.0,0.0,1.0,0.0,0.01,0.0,0.0,0,14034.0
ecr_i,SF,1032,0,0,0.0,0.0,1.0,0.0,0.0,0.0,0.0,1,19797.0
http,SF,54540,8314,1,0.0,0.0,1.0,0.0,0.0,0.0,0.0,1,62226.0
courier,REJ,0,0,0,0.0,0.0,0.15,0.06,0.0,0.0,0.0,1,4856.0
domain_u,SF,45,78,0,0.0,0.0,1.0,0.01,0.0,0.0,0.0,0,47328.0
private,REJ,0,0,0,0.06,0.0,0.01,1.0,0.0,0.03,0.0,1,42510.0
smtp,SF,1110,334,1,0.0,0.0,1.0,0.0,0.01,0.0,0.0,0,31085.0
http,SF,258,7569,1,0.0,0.0,1.0,0.0,0.02,0.01,0.0,0,97221.0
telnet,S0,0,0,0,1.0,1.0,0.25,0.05,0.0,1.0,1.0,1,103787.0
private,S0,0,0,0,1.0,1.0,0.02,0.07,0.0,1.0,1.0,1,86376.0
systat,S0,0,0,0,1.0,1.0,0.12,0.18,0.0,1.0,1.0,1,120307.0
http,SF,194,1274,1,0.0,0.0,1.0,0.0,0.01,0.0,0.0,0,12617.0
http,SF,199,5647,1,0.0,0.0,1.0,0.0,0.04,0.0,0.0,0,36657.0
smtp,SF,918,366,1,0.0,0.0,1.0,0.0,0.01,0.0,0.0,0,67361.0
http,REJ,0,0,0,0.0,0.0,1.0,0.0,0.12,0.0,0.0,0,107346.0
netbios_ns,S0,0,0,0,1.0,1.0,0.02,0.07,0.0,1.0,1.0,1,12366.0
other,SF,147,105,0,0.0,0.0,1.0,0.0,0.0,0.0,0.0,0,17493.0
iso_tsap,REJ,0,0,0,0.0,0.0,0.05,0.06,0.0,0.0,0.0,1,47758.0
http,SF,213,1773,1,0.0,0.0,1.0,0.0,0.0,0.0,0.0,0,109702.0
domain_u,SF,44,133,0,0.0,0.0,1.0,0.0,0.0,0.0,0.0,0,94172.0
private,SF,105,146,0,0.0,0.0,1.0,0.0,0.0,0.0,0.0,0,101117.0
http,REJ,0,0,0,0.0,0.0,1.0,0.0,0.09,0.0,0.0,0,86709.0
smtp,SF,609,330,1,0.0,0.0,1.0,0.0,0.01,0.0,0.0,0,36638.0
http,SF,327,686,1,0.0,0.0,1.0,0.0,0.07,0.0,0.0,0,79270.0
private,S0,0,0,0,1.0,1.0,0.03,0.06,0.0,1.0,1.0,1,16429.0
http,SF,305,2057,1,0.0,0.0,1.0,0.0,0.0,0.0,0.0,0,86254.0
domain_u,SF,45,132,0,0.0,0.0,1.0,0.0,0.0,0.0,0.0,0,80396.0
domain_u,SF,45,137,0,0.0,0.0,1.0,0.0,0.0,0.0,0.0,0,61101.0
telnet,S0,0,0,0,1.0,1.0,0.23,0.07,0.0,1.0,1.0,1,26376.0
uucp,RSTO,0,0,0,0.0,0.0,0.11,0.06,0.0,0.0,0.0,1,103685.0
http,SF,314,1451,1,0.0,0.0,1.0,0.0,0.02,0.0,0.0,0,2612.0
http,SF,204,248,1,0.0,0.0,1.0,0.0,0.02,0.0,0.0,0,93291.0
domain_u,SF,46,135,0,0.0,0.0,1.0,0.01,0.0,0.0,0.0,0,50620.0
http,SF,317,2989,1,0.0,0.0,1.0,0.0,0.0,0.0,0.0,0,20383.0
uucp_path,S0,0,0,0,1.0,1.0,0.09,0.06,0.0,1.0,1.0,1,56145.0
http,SF,369,6968,1,0.0,0.0,1.0,0.0,0.01,0.0,0.0,0,118220.0
ftp_data,S0,0,0,0,1.0,1.0,0.23,0.1,0.0,1.0,1.0,1,60830.0
private,S0,0,0,0,1.0,1.0,0.03,0.06,0.0,1.0,1.0,1,91499.0
other,SF,147,105,0,0.0,0.0,1.0,0.0,0.0,0.0,0.0,0,96282.0
http,SF,268,768,1,0.0,0.0,1.0,0.0,0.02,0.0,0.0,0,38307.0
http,S0,0,0,0,0.98,0.93,0.31,0.12,0.0,1.0,1.0,1,112328.0
ecr_i,SF,1032,0,0,0.0,0.0,1.0,0.0,0.0,0.0,0.0,1,15343.0
http,SF,225,921,1,0.0,0.0,1.0,0.0,0.04,0.0,0.0,0,65513.0
private,S0,0,0,0,1.0,1.0,0.02,0.06,0.0,1.0,1.0,1,100298.0
http,SF,192,1516,1,0.0,0.0,1.0,0.0,0.09,0.0,0.0,0,90121.0
private,S0,0,0,0,1.0,1.0,0.21,0.06,0.0,1.0,1.0,1,25296.0
http,SF,288,1745,1,0.25,0.25,1.0,0.0,0.0,0.0,0.0,0,40904.0
eco_i,SF,8,0,0,0.0,0.0,1.0,0.0,0.5,0.0,0.0,1,7140.0
ecr_i,SF,1032,0,0,0.0,0.0,1.0,0.0,0.0,0.0,0.0,1,46880.0
sunrpc,S0,0,0,0,1.0,1.0,0.04,0.05,0.0,1.0,1.0,1,117540.0
smtp,SF,1434,327,1,0.0,0.0,1.0,0.0,0.01,0.0,0.0,0,42901.0
http,SF,242,9621,1,0.0,0.0,1.0,0.0,0.0,0.0,0.0,0,71073.0
ecr_i,SF,1032,0,0,0.0,0.0,1.0,0.0,0.0,0.0,0.0,1,84743.0
http,SF,296,9308,1,0.0,0.0,1.0,0.0,0.03,0.0,0.0,0,26189.0
http,SF,242,397,1,0.0,0.0,1.0,0.0,0.0,0.0,0.0,0,45779.0
http,SF,205,4557,1,0.0,0.0,1.0,0.0,0.02,0.0,0.0,0,104906.0
http,S0,0,0,0,1.0,1.0,1.0,0.0,0.0,1.0,1.0,1,45398.0
http,SF,241,1400,1,0.0,0.0,1.0,0.0,0.0,0.0,0.0,0,29.0
netbios_dgm,S0,0,0,0,1.0,1.0,0.02,0.06,0.0,1.0,1.0,1,78047.0
other,SF,146,0,0,0.0,0.0,0.33,0.67,0.0,0.0,0.0,0,106467.0
domain_u,SF,47,38,0,0.0,0.0,1.0,0.0,0.0,0.0,0.0,0,90610.0
finger,S0,0,0,0,1.0,1.0,0.26,0.07,0.0,1.0,1.0,1,39752.0
http,S0,0,0,0,1.0,0.88,0.03,0.06,0.0,1.0,1.0,1,87773.0
smtp,SF,106,407,1,0.0,0.0,1.0,0.0,0.0,0.0,0.0,0,46782.0
http,REJ,0,0,0,0.0,0.0,0.02,0.07,0.0,0.0,0.0,1,15894.0
http,SF,191,261,1,0.0,0.0,1.0,0.0,0.07,0.0,0.0,0,107018.0
private,S0,0,0,0,1.0,1.0,0.03,0.07,0.0,1.0,1.0,1,44236.0
http,SF,338,897,1,0.0,0.0,1.0,0.0,0.01,0.0,0.0,0,38989.0
domain_u,SF,44,126,0,0.0,0.0,1.0,0.0,0.0,0.0,0.0,0,62960.0
domain_u,SF,45,137,0,0.0,0.0,1.0,0.0,0.0,0.0,0.0,0,54364.0
domain_u,SF,45,111,0,0.0,0.0,1.0,0.0,0.0,0.0,0.0,0,82713.0
discard,S0,0,0,0,1.0,1.0,0.03,0.07,0.0,1.0,1.0,1,97075.0
private,REJ,0,0,0,0.06,0.0,0.0,1.0,0.0,0.09,0.0,1,106007.0
nnsp,S0,0,0,0,1.0,1.0,0.12,0.05,0.0,1.0,1.0,1,5934.0
netbios_dgm,S0,0,0,0,1.0,1.0,0.0,0.06,0.0,1.0,1.0,1,65762.0
eco_i,SF,8,0,0,0.0,0.0,1.0,0.0,0.27,0.0,0.0,1,115143.0
ftp_data,SF,12,0,1,0.0,0.0,1.0,0.0,0.04,0.0,0.02,0,12591.0
ftp_data,SF,6932,0,1,0.0,0.0,1.0,0.0,0.03,0.0,0.0,0,47040.0
telnet,SF,718,23661,1,0.0,0.0,1.0,0.0,0.0,0.98,0.0,0,67627.0
ftp_data,SF,59,0,1,0.0,0.0,1.0,0.0,0.02,0.0,0.0,0,56077.0
http,SF,240,31639,1,0.0,0.0,1.0,0.0,0.03,0.0,0.0,0,7273.0
private,S0,0,0,0,1.0,1.0,0.47,0.2,0.0,1.0,1.0,1,60416.0
exec,RSTO,0,0,0,0.0,0.0,0.12,0.06,0.0,0.0,0.0,1,94379.0
finger,S0,0,0,0,1.0,1.0,0.24,0.11,0.06,0.98,0.91,1,7355.0
private,S0,0,0,0,1.0,1.0,0.07,0.05,0.0,1.0,1.0,1,102158.0
auth,S0,0,0,0,1.0,1.0,0.14,0.04,0.0,1.0,1.0,1,61375.0
private,SF,105,145,0,0.0,0.0,1.0,0.0,0.0,0.0,0.0,0,95661.0
eco_i,SF,8,0,0,0.0,0.0,1.0,0.0,0.5,0.0,0.0,1,89747.0
uucp,S0,0,0,0,1.0,1.0,0.04,0.07,0.0,1.0,1.0,1,46339.0
eco_i,SF,8,0,0,0.0,0.0,1.0,0.0,0.5,0.0,0.0,1,37804.0
private,S0,0,0,0,1.0,1.0,0.06,0.06,0.0,1.0,1.0,1,118940.0
smtp,SF,1251,373,1,0.0,0.0,1.0,0.0,0.02,0.0,0.0,0,79285.0
netstat,REJ,0,0,0,0.01,0.0,0.01,1.0,0.0,0.0,0.0,1,119514.0
finger,SF,8,0,0,0.0,0.0,1.0,0.0,0.25,0.01,0.12,0,6963.0
domain_u,SF,43,43,0,0.0,0.0,1.0,0.0,0.0,0.0,0.0,0,47001.0
http,REJ,0,0,0,0.0,0.0,1.0,0.0,0.18,0.0,0.0,0,122780.0
private,SF,100,0,0,0.0,0.0,1.0,0.0,0.0,0.0,0.0,1,23984.0
ecr_i,SF,1032,0,0,0.0,0.0,1.0,0.0,0.0,0.25,0.0,1,98705.0
private,S0,0,0,0,1.0,1.0,0.01,0.06,0.0,1.0,1.0,1,12584.0
http,SF,337,307,1,0.0,0.0,1.0,0.0,0.05,0.0,0.02,0,69135.0
http,SF,373,870,1,0.0,0.0,1.0,0.0,0.22,0.0,0.0,0,118653.0
smtp,SF,1330,329,1,0.0,0.0,1.0,0.0,0.02,0.0,0.02,0,27395.0
other,SF,147,105,0,0.0,0.0,1.0,0.0,0.0,0.0,0.0,0,44821.0
ftp_data,S0,0,0,0,1.0,1.0,0.23,0.09,0.03,0.98,0.49,1,103247.0
http,SF,275,3183,1,0.0,0.0,1.0,0.0,0.02,0.0,0.0,0,5904.0
private,REJ,0,0,0,0.0,0.0,0.18,0.09,0.0,0.0,0.0,1,9663.0
domain_u,SF,46,71,0,0.0,0.0,1.0,0.0,0.0,0.0,0.0,0,53960.0
private,RSTR,0,0,0,0.0,0.0,1.0,0.0,0.0,0.0,0.0,1,75157.0
other,REJ,0,0,0,0.14,0.0,0.0,1.0,0.0,0.25,0.0,1,108405.0
other,SF,147,105,0,0.0,0.0,0.2,0.6,0.0,0.0,0.0,0,5422.0
netbios_ssn,SH,0,0,0,1.0,1.0,1.0,0.0,0.0,1.0,1.0,1,84469.0
http,SF,306,7950,1,0.0,0.0,1.0,0.0,0.07,0.0,0.01,0,51575.0
private,S0,0,0,0,1.0,1.0,0.06,0.06,0.0,1.0,1.0,1,25954.0
http,SF,207,1030,1,0.0,0.0,1.0,0.0,0.03,0.0,0.0,0,89497.0
telnet,S0,0,0,0,1.0,1.0,0.23,0.05,0.0,1.0,1.0,1,83825.0
private,S0,0,0,0,1.0,1.0,0.06,0.06,0.0,1.0,1.0,1,123319.0
smtp,SF,1489,332,1,0.0,0.0,1.0,0.0,0.0,0.0,0.0,0,116714.0
ecr_i,SF,520,0,0,0.0,0.0,1.0,0.0,0.0,0.0,0.0,1,40462.0
http,SF,203,1367,1,0.0,0.0,1.0,0.0,0.01,0.0,0.0,0,125173.0
http,SF,208,747,1,0.0,0.0,1.0,0.0,0.03,0.0,0.0,0,67954.0
private,SF,1,0,0,0.0,0.0,0.29,0.14,0.0,0.03,0.0,1,47045.0
http,SF,298,450,1,0.0,0.0,1.0,0.0,0.03,0.0,0.0,0,48363.0
http,SF,296,5623,1,0.0,0.0,1.0,0.0,0.02,0.0,0.0,0,58528.0
private,S0,0,0,0,1.0,1.0,0.07,0.06,0.0,1.0,1.0,1,87048.0
private,SF,105,0,0,0.0,0.0,1.0,0.0,0.0,0.0,0.0,0,118029.0
http,SF,346,338,1,0.0,0.0,1.0,0.0,0.04,0.02,0.01,0,86061.0
http,REJ,0,0,0,0.0,0.0,1.0,0.0,0.19,0.0,0.0,0,48994.0
private,S0,0,0,0,1.0,1.0,0.09,0.07,0.0,1.0,1.0,1,13964.0
http,SF,328,540,1,0.0,0.0,1.0,0.0,0.0,0.0,0.0,0,86652.0
domain_u,SF,44,75,0,0.0,0.0,1.0,0.0,0.0,0.0,0.0,0,52290.0
eco_i,SF,8,0,0,0.0,0.0,1.0,0.0,0.5,0.0,0.0,1,124929.0
ftp_data,SF,7422,0,1,0.0,0.0,1.0,0.0,0.03,0.0,0.0,0,80238.0
http,SF,230,3184,1,0.0,0.0,1.0,0.0,0.12,0.2,0.01,0,79493.0
ldap,S0,0,0,0,1.0,1.0,0.13,0.05,0.0,1.0,1.0,1,9729.0
http,SF,277,1533,1,0.0,0.0,1.0,0.0,0.01,0.0,0.0,0,83549.0
private,S0,0,0,0,1.0,1.0,0.01,0.06,0.0,1.0,1.0,1,8886.0
courier,S0,0,0,0,1.0,1.0,0.09,0.06,0.0,1.0,1.0,1,29369.0
ssh,S0,0,0,0,1.0,1.0,0.07,0.06,0.0,1.0,1.0,1,81200.0
private,S0,0,0,0,1.0,1.0,0.04,0.06,0.0,1.0,1.0,1,44405.0
domain_u,SF,41,117,0,0.0,0.0,1.0,0.0,0.0,0.0,0.0,0,579.0
domain_u,SF,46,132,0,0.0,0.0,1.0,0.0,0.0,0.0,0.0,0,99348.0
ftp_data,SF,641,0,1,0.0,0.0,1.0,0.0,0.04,0.0,0.0,0,107266.0
systat,S0,0,0,0,1.0,1.0,0.08,0.06,0.0,1.0,1.0,1,8263.0
private,S0,0,0,0,1.0,1.0,0.08,0.06,0.0,1.0,1.0,1,9018.0
private,REJ,0,0,0,0.0,0.0,1.0,0.0,0.0,0.0,0.0,1,29912.0
domain_u,SF,44,73,0,0.0,0.0,1.0,0.01,0.0,0.0,0.0,0,15766.0
domain_u,SF,45,129,0,0.0,0.0,1.0,0.0,0.0,0.0,0.0,0,74156.0
name,S0,0,0,0,1.0,1.0,0.04,0.06,0.0,1.0,1.0,1,49905.0
http,SF,218,318,1,0.0,0.0,1.0,0.0,0.04,0.0,0.0,0,29118.0
http,SF,198,12161,1,0.0,0.0,1.0,0.0,0.0,0.0,0.0,0,67125.0
ssh,S0,0,0,0,1.0,1.0,0.02,0.05,0.0,1.0,1.0,1,44649.0
domain,S0,0,0,0,1.0,1.0,0.06,0.06,0.0,1.0,1.0,1,47038.0
private,S0,0,0,0,1.0,1.0,0.13,0.12,0.0,1.0,1.0,1,31389.0
http,SF,268,191,1,0.0,0.0,1.0,0.0,0.02,0.0,0.0,0,85273.0
uucp,S0,0,0,0,1.0,1.0,0.12,0.07,0.0,1.0,1.0,1,40778.0
smtp,SF,127,236,1,0.0,0.0,1.0,0.0,0.0,0.0,0.0,0,64537.0
private,S0,0,0,0,1.0,1.0,0.15,0.07,0.0,1.0,1.0,1,110383.0
private,S0,0,0,0,1.0,1.0,0.14,0.05,0.0,1.0,1.0,1,119355.0
imap4,S0,0,0,0,1.0,1.0,0.03,0.06,0.0,1.0,1.0,1,81761.0
http,SF,227,1422,1,0.0,0.0,1.0,0.0,0.07,0.14,0.0,0,28478.0
urp_i,SF,181,0,0,0.0,0.0,0.5,1.0,0.0,0.0,0.0,0,103821.0
ftp_data,SF,2194619,0,1,0.0,0.0,0.67,0.67,0.06,0.0,0.02,0,68003.0
smtp,SF,60868,331,1,0.0,0.0,1.0,0.0,0.01,0.0,0.0,0,66063.0
private,S0,0,0,0,1.0,1.0,0.06,0.06,0.0,1.0,1.0,1,89018.0
http,SF,326,14483,1,0.0,0.0,1.0,0.0,0.02,0.01,0.0,0,24086.0
private,S0,0,0,0,1.0,1.0,0.15,0.15,0.0,1.0,1.0,1,119093.0
private,SF,105,146,0,0.0,0.0,0.25,0.5,0.0,0.0,0.0,0,121961.0
private,S0,0,0,0,1.0,1.0,0.06,0.06,0.0,1.0,1.0,1,84015.0
private,REJ,0,0,0,0.0,0.0,0.05,0.06,0.0,0.0,0.0,1,54017.0
domain_u,SF,46,83,0,0.0,0.0,1.0,0.0,0.0,0.0,0.0,0,9195.0
private,S0,0,0,0,1.0,1.0,0.07,0.06,0.0,1.0,1.0,1,32002.0
http,SF,223,1046,1,0.0,0.0,1.0,0.0,0.02,0.0,0.0,0,83056.0
nntp,RSTO,0,0,0,0.0,0.0,0.03,0.07,0.0,0.0,0.0,1,39092.0
ftp_data,SF,252,0,1,0.0,0.0,1.0,0.0,0.0,0.0,0.0,0,7148.0
link,S0,0,0,0,1.0,1.0,0.07,0.07,0.0,1.0,1.0,1,793.0
http,SF,315,1566,1,0.0,0.0,1.0,0.0,0.05,0.0,0.0,0,17042.0
private,S0,0,0,0,1.0,1.0,0.12,0.06,0.0,1.0,1.0,1,25386.0
ftp_data,SF,6601,0,0,0.0,0.0,1.0,0.0,0.0,0.0,0.0,0,44578.0
mtp,S0,0,0,0,1.0,1.0,0.02,0.06,0.0,1.0,1.0,1,15089.0
private,S0,0,0,0,1.0,1.0,0.03,0.06,0.0,1.0,1.0,1,78733.0
http,SF,229,7399,1,0.0,0.0,1.0,0.0,0.0,0.0,0.0,0,121549.0
http,SF,292,312,1,0.05,0.05,1.0,0.0,0.02,0.0,0.0,0,123557.0
netbios_ns,S0,0,0,0,1.0,1.0,0.12,0.06,0.0,1.0,1.0,1,103441.0
efs,S0,0,0,0,1.0,1.0,0.09,0.06,0.0,1.0,1.0,1,65365.0
iso_tsap,S0,0,0,0,1.0,1.0,0.06,0.07,0.0,1.0,1.0,1,53227.0
smtp,SF,1545,524,1,0.0,0.0,1.0,0.0,0.0,0.02,0.0,0,98835.0
http,SF,398,10851,1,0.0,0.0,1.0,0.0,0.0,0.0,0.0,0,95881.0
http,SF,224,1785,1,0.0,0.0,1.0,0.0,0.04,0.0,0.0,0,112359.0
ecr_i,SF,1032,0,0,0.0,0.0,1.0,0.0,0.0,0.0,0.0,1,28941.0
http,SF,234,1049,1,0.0,0.0,1.0,0.0,0.07,0.0,0.01,0,27723.0
eco_i,SF,18,0,0,0.0,0.0,1.0,0.0,0.25,0.0,0.0,1,65534.0
other,S0,0,0,0,1.0,1.0,0.15,0.05,0.0,1.0,1.0,1,112390.0
http,SF,306,489,1,0.0,0.0,1.0,0.0,0.0,0.0,0.0,0,58821.0
courier,REJ,0,0,0,0.0,0.0,0.05,0.07,0.0,0.0,0.0,1,60083.0
http,SF,320,8263,1,0.0,0.0,1.0,0.0,0.05,0.0,0.01,0,7419.0
private,REJ,0,0,0,0.0,0.0,0.1,0.07,0.0,0.0,0.0,1,12135.0
http,SF,252,1426,1,0.0,0.0,1.0,0.0,0.02,0.0,0.0,0,37861.0
private,REJ,0,0,0,0.0,0.0,1.0,0.0,0.0,0.0,0.0,1,22338.0
time,S0,0,0,0,1.0,1.0,0.0,0.06,0.0,1.0,1.0,1,3164.0
ecr_i,SF,520,0,0,0.0,0.0,1.0,0.0,0.0,0.0,0.0,1,25096.0
ftp_data,SF,383,0,0,0.0,0.0,1.0,0.0,0.02,0.0,0.0,0,15208.0
mtp,S0,0,0,0,1.0,1.0,0.02,0.06,0.0,1.0,1.0,1,100557.0
http,SF,221,656,1,0.0,0.0,1.0,0.0,0.0,0.0,0.0,0,78415.0
exec,S0,0,0,0,1.0,1.0,0.16,0.06,0.0,1.0,1.0,1,124893.0
http,SF,220,5167,1,0.0,0.0,1.0,0.0,0.02,0.0,0.0,0,43024.0
smtp,SF,975,330,1,0.0,0.0,1.0,0.0,0.01,0.0,0.0,0,98614.0
domain_u,SF,43,125,0,0.0,0.0,1.0,0.0,0.0,0.0,0.0,0,15699.0
other,SF,1,0,0,0.0,0.0,0.08,0.67,0.0,0.0,0.0,1,98846.0
ftp_data,SF,26408,0,1,0.0,0.0,1.0,0.0,0.0,0.0,0.01,0,37411.0
private,REJ,0,0,0,0.0,0.0,0.18,0.07,0.0,0.0,0.0,1,79165.0
domain_u,SF,46,129,0,0.0,0.0,0.99,0.02,0.0,0.0,0.0,0,61098.0
http,SF,196,2013,1,0.0,0.0,1.0,0.0,0.04,0.0,0.0,0,77201.0
iso_tsap,S0,0,0,0,1.0,1.0,0.07,0.06,0.0,1.0,1.0,1,39841.0
http,SF,325,2006,1,0.0,0.0,1.0,0.0,0.0,0.0,0.0,0,93492.0
http,SF,54540,8314,1,0.0,0.0,1.0,0.0,0.0,0.01,0.01,1,97994.0
private,S0,0,0,0,1.0,1.0,0.07,0.08,0.0,1.0,1.0,1,85309.0
http,SF,288,4993,1,0.0,0.0,1.0,0.0,0.04,0.0,0.0,0,36348.0
echo,S0,0,0,0,1.0,1.0,0.08,0.05,0.0,1.0,1.0,1,125007.0
iso_tsap,S0,0,0,0,1.0,1.0,0.06,0.06,0.0,1.0,1.0,1,22038.0
http,SF,327,729,1,0.0,0.0,1.0,0.0,0.02,0.0,0.0,0,108098.0
shell,S0,0,0,0,1.0,1.0,0.09,0.06,0.0,1.0,1.0,1,98106.0
http,SF,214,10350,1,0.0,0.0,1.0,0.0,0.0,0.0,0.0,0,76338.0
http,SF,209,171,1,0.0,0.0,1.0,0.0,0.01,0.0,0.0,0,18868.0
domain_u,SF,45,133,0,0.0,0.0,1.0,0.01,0.0,0.0,0.0,0,21264.0
ftp_data,SF,10073,0,1,0.0,0.0,1.0,0.0,0.05,0.0,0.0,0,102060.0
time,S0,0,0,0,1.0,1.0,0.08,0.04,0.0,1.0,1.0,1,26755.0
http,SF,222,458,1,0.0,0.0,1.0,0.0,0.0,0.0,0.0,0,113136.0
netstat,REJ,0,0,0,0.0,0.0,0.02,0.06,0.0,0.0,0.0,1,78716.0
http,SF,209,770,1,0.0,0.0,1.0,0.0,0.0,0.0,0.0,0,24898.0
http,SF,309,2507,1,0.0,0.0,1.0,0.0,0.0,0.0,0.0,0,79616.0
csnet_ns,S0,0,0,0,1.0,1.0,0.16,0.07,0.0,1.0,1.0,1,71490.0
http,SF,290,2560,1,0.0,0.0,1.0,0.0,0.05,0.0,0.0,0,86501.0
private,S0,0,0,0,1.0,1.0,0.12,0.06,0.0,1.0,1.0,1,72888.0
other,SF,146,0,0,0.0,0.0,1.0,0.0,0.0,0.0,0.0,0,10866.0
smtp,SF,1406,412,1,0.0,0.0,1.0,0.0,0.0,0.0,0.0,0,25956.0
finger,SF,9,170,0,0.0,0.0,1.0,0.0,0.25,0.0,0.0,0,7807.0
login,RSTR,0,0,0,0.0,0.0,1.0,0.0,0.0,0.0,0.0,1,117056.0
domain_u,SF,42,42,0,0.0,0.0,1.0,0.0,0.0,0.0,0.0,0,63719.0
other,SF,1,0,0,0.0,0.0,0.27,0.1,0.0,0.0,0.0,1,662.0
http,SF,226,2006,1,0.0,0.0,1.0,0.0,0.02,0.0,0.0,0,19178.0
http,SF,303,1000,1,0.0,0.0,1.0,0.0,0.0,0.0,0.0,0,36857.0
link,S0,0,0,0,1.0,1.0,0.06,0.06,0.0,1.0,1.0,1,78255.0
finger,SF,7,361,0,0.0,0.0,1.0,0.0,0.4,0.01,0.0,0,55955.0
iso_tsap,S0,0,0,0,1.0,1.0,0.06,0.06,0.0,1.0,1.0,1,106322.0
smtp,SF,1592,340,1,0.0,0.0,1.0,0.0,0.01,0.0,0.0,0,29567.0
http,SF,239,298,1,0.0,0.0,1.0,0.0,0.01,0.0,0.0,0,94402.0
smtp,SF,862,332,1,0.0,0.0,1.0,0.0,0.0,0.0,0.0,0,109866.0
http,SF,185,21365,1,0.0,0.0,1.0,0.0,0.0,0.0,0.0,0,92723.0
domain_u,SF,44,77,0,0.0,0.0,1.0,0.0,0.0,0.0,0.0,0,4099.0
http,S0,0,0,0,1.0,1.0,0.09,0.05,0.0,1.0,1.0,1,23518.0
efs,S0,0,0,0,1.0,1.0,0.13,0.06,0.0,1.0,1.0,1,22417.0
eco_i,SF,8,0,0,0.0,0.0,1.0,0.0,0.5,0.0,0.0,1,76119.0
smtp,SF,1030,331,1,0.0,0.0,1.0,0.0,0.01,0.0,0.0,0,2816.0
nnsp,S0,0,0,0,1.0,1.0,0.01,0.06,0.0,1.0,1.0,1,100049.0
other,SF,3888,0,0,0.11,0.0,0.11,0.44,0.0,0.0,0.0,0,64131.0
private,S0,0,0,0,1.0,1.0,0.16,0.05,0.0,1.0,1.0,1,123682.0
vmnet,S0,0,0,0,1.0,1.0,0.02,0.06,0.0,1.0,1.0,1,100260.0
http,SF,330,11882,1,0.0,0.0,1.0,0.0,0.19,0.0,0.0,0,117430.0
nnsp,S0,0,0,0,1.0,1.0,0.13,0.05,0.0,1.0,1.0,1,121012.0
private,RSTR,0,0,0,0.0,0.0,1.0,0.0,0.0,0.0,0.0,1,67360.0
http_443,S0,0,0,0,1.0,1.0,0.08,0.05,0.0,1.0,1.0,1,115556.0
daytime,S0,0,0,0,1.0,1.0,0.02,0.05,0.0,1.0,1.0,1,17063.0
supdup,REJ,0,0,0,0.0,0.0,0.01,0.07,0.0,0.0,0.0,1,119570.0
systat,S0,0,0,0,1.0,1.0,0.03,0.06,0.0,1.0,1.0,1,84137.0
ecr_i,SF,18,0,0,0.0,0.0,1.0,0.0,0.0,0.0,0.0,1,95714.0
ftp_data,SF,5133876,0,1,0.0,0.0,1.0,0.0,0.07,0.0,0.02,1,13060.0
other,REJ,0,0,0,0.08,0.0,0.0,1.0,0.0,0.1,0.0,1,102720.0
http,SF,301,10392,1,0.0,0.0,1.0,0.0,0.0,0.0,0.0,0,73233.0
eco_i,SF,8,0,0,0.0,0.0,1.0,0.0,0.5,0.0,0.0,1,100999.0
private,S0,0,0,0,1.0,1.0,0.09,0.06,0.0,1.0,1.0,1,74190.0
domain_u,SF,42,127,0,0.0,0.0,1.0,0.0,0.01,0.0,0.0,0,111333.0
private,S0,0,0,0,1.0,1.0,0.03,0.06,0.0,1.0,1.0,1,109959.0
http,SF,142,5894,1,0.0,0.0,1.0,0.0,0.04,0.0,0.01,0,97074.0
private,S0,0,0,0,1.0,1.0,0.13,0.07,0.0,1.0,1.0,1,74025.0
http,SF,285,323,1,0.5,0.5,1.0,0.0,0.09,0.01,0.0,0,115626.0
efs,S0,0,0,0,1.0,1.0,0.01,0.07,0.0,1.0,1.0,1,99381.0
private,SF,105,146,0,0.0,0.0,0.14,0.29,0.0,0.0,0.0,0,101916.0
smtp,SF,704,362,1,0.0,0.0,1.0,0.0,0.01,0.0,0.0,0,61526.0
ftp_data,S0,0,0,0,1.0,1.0,0.11,0.06,0.0,1.0,1.0,1,80918.0
http_443,S0,0,0,0,1.0,1.0,0.1,0.07,0.0,1.0,1.0,1,9244.0
http,SF,214,1721,1,0.0,0.0,1.0,0.0,0.0,0.0,0.0,0,74930.0
smtp,SF,914,370,1,0.0,0.0,1.0,0.0,0.01,0.0,0.0,0,5802.0
ecr_i,SF,520,0,0,0.0,0.0,1.0,0.0,0.0,0.0,0.0,1,69688.0
private,S0,0,0,0,1.0,1.0,0.02,0.06,0.0,1.0,1.0,1,58872.0
private,REJ,0,0,0,0.0,0.0,0.12,0.06,0.0,0.0,0.0,1,69201.0
smtp,SF,567,328,1,0.0,0.0,1.0,0.0,0.01,0.0,0.0,0,40825.0
http,SF,337,188,1,0.0,0.0,1.0,0.0,0.05,0.0,0.0,0,2155.0
ssh,S0,0,0,0,1.0,1.0,0.02,0.06,0.0,1.0,1.0,1,65401.0
http,REJ,0,0,0,0.0,0.0,1.0,0.0,0.16,0.0,0.0,0,117948.0
ecr_i,SF,1032,0,0,0.0,0.0,1.0,0.0,0.0,0.0,0.0,1,79485.0
http,REJ,0,0,0,0.0,0.0,1.0,0.0,0.23,0.0,0.0,0,111215.0
http,SF,191,5965,1,0.0,0.0,1.0,0.0,0.02,0.0,0.01,0,84458.0
link,REJ,0,0,0,0.0,0.0,0.02,0.06,0.0,0.0,0.0,1,76582.0
http,SF,163,30113,1,0.0,0.0,1.0,0.0,0.0,0.01,0.01,0,107070.0
bgp,S0,0,0,0,1.0,1.0,0.01,0.06,0.0,1.0,1.0,1,93800.0
ntp_u,SF,48,48,0,0.0,0.0,1.0,0.0,0.0,0.0,0.0,0,51611.0
private,REJ,0,0,0,0.07,0.0,0.0,1.0,0.0,0.08,0.0,1,19709.0
other,SF,146,0,0,0.0,0.0,0.33,0.67,0.0,0.0,0.0,0,51256.0
daytime,S0,0,0,0,1.0,1.0,0.0,0.07,0.0,1.0,1.0,1,85319.0
domain_u,SF,45,73,0,0.0,0.0,1.0,0.0,0.0,0.0,0.0,0,118983.0
ecr_i,SF,1032,0,0,0.0,0.0,1.0,0.0,0.0,0.01,0.0,1,7115.0
smtp,SF,866,331,1,0.0,0.0,1.0,0.0,0.01,0.0,0.0,0,20322.0
http,SF,187,1042,1,0.0,0.0,1.0,0.0,0.0,0.0,0.0,0,84459.0
smtp,SF,743,359,1,0.0,0.0,1.0,0.0,0.0,0.0,0.0,0,72553.0
http,REJ,0,0,0,0.0,0.0,1.0,0.0,0.17,0.0,0.0,0,27352.0
http,REJ,0,0,0,0.0,0.0,1.0,0.0,0.12,0.0,0.0,0,55356.0
http,SF,351,1261,1,0.0,0.0,1.0,0.0,0.08,0.0,0.0,0,86939.0
smtp,S0,0,0,0,1.0,1.0,1.0,0.0,0.01,0.99,0.68,1,50897.0
http,SF,347,2288,1,0.0,0.0,1.0,0.0,0.02,0.0,0.0,0,77067.0
http,SF,236,3106,1,0.0,0.0,1.0,0.0,0.0,0.0,0.0,0,108050.0
domain,REJ,0,0,0,0.0,0.0,0.01,0.07,0.0,0.0,0.0,1,56835.0
private,SF,28,0,0,0.0,0.0,1.0,0.0,0.0,0.02,0.0,1,125150.0
http,SF,217,1092,1,0.0,0.0,1.0,0.0,0.04,0.0,0.0,0,77773.0
http,SF,186,4841,1,0.0,0.0,1.0,0.0,0.01,0.0,0.0,0,117912.0
telnet,S0,0,0,0,1.0,1.0,0.06,0.07,0.0,1.0,1.0,1,1565.0
http,SF,208,4541,1,0.0,0.0,1.0,0.0,0.06,0.0,0.01,0,113167.0
eco_i,SF,8,0,0,0.0,0.0,1.0,0.0,0.5,0.0,0.0,1,91335.0
http,SF,210,762,1,0.0,0.06,1.0,0.0,0.02,0.0,0.0,0,105639.0
http,SF,217,2445,1,0.0,0.0,1.0,0.0,0.01,0.0,0.0,0,74347.0
private,RSTR,0,0,0,0.0,0.0,0.01,0.5,0.0,0.0,0.0,1,104423.0
private,S0,0,0,0,1.0,1.0,0.02,0.07,0.0,1.0,1.0,1,48807.0
urp_i,SF,182,0,0,0.0,0.0,0.5,1.0,0.0,0.0,0.0,0,32672.0
ftp,SF,1479,4152,1,0.0,0.0,1.0,0.0,0.0,0.0,0.0,0,39130.0
ftp_data,SF,0,2072,1,0.0,0.0,1.0,0.0,0.02,0.0,0.0,1,53301.0
http,REJ,0,0,0,0.0,0.0,1.0,0.0,0.09,0.0,0.0,0,116617.0
http,SF,229,3222,1,0.0,0.0,0.86,0.29,0.0,0.0,0.0,0,104243.0
smtp,SF,2273,335,1,0.0,0.0,1.0,0.0,0.01,0.0,0.01,0,14577.0
http,SF,168,3344,1,0.0,0.0,1.0,0.0,0.22,0.0,0.0,0,97541.0
other,REJ,0,0,0,0.2,0.0,0.0,1.0,0.0,0.27,0.0,1,19832.0
private,S0,0,0,0,1.0,1.0,0.02,0.06,0.0,1.0,1.0,1,41071.0
telnet,SF,485,237720,1,0.0,0.0,1.0,0.0,0.0,0.0,0.0,0,77539.0
ftp,SF,1481,4152,1,0.0,0.0,1.0,0.0,0.22,0.0,0.0,0,6466.0
http,SF,325,11905,1,0.0,0.0,1.0,0.0,0.05,0.0,0.0,0,17536.0
other,SF,147,105,0,0.0,0.0,0.2,0.6,0.0,0.0,0.0,0,2992.0
domain_u,SF,44,74,0,0.0,0.0,1.0,0.0,0.0,0.0,0.0,0,25199.0
domain,S0,0,0,0,1.0,1.0,0.07,0.06,0.0,1.0,1.0,1,39725.0
ftp,S0,0,0,0,1.0,1.0,0.07,0.05,0.0,1.0,1.0,1,93870.0
eco_i,SF,8,0,0,0.0,0.0,1.0,0.0,0.51,0.0,0.0,1,20952.0
gopher,S0,0,0,0,1.0,1.0,0.0,0.06,0.0,1.0,1.0,1,11328.0
smtp,SF,1006,364,1,0.0,0.0,1.0,0.0,0.01,0.01,0.01,0,3693.0
smtp,SF,2569,332,1,0.0,0.0,1.0,0.0,0.0,0.0,0.0,0,112388.0
private,REJ,0,0,0,0.0,0.0,1.0,0.0,1.0,0.0,0.0,1,119308.0
http,SF,243,435,1,0.0,0.0,1.0,0.0,0.0,0.0,0.0,0,76161.0
http,SF,293,7740,1,0.0,0.0,1.0,0.0,0.05,0.0,0.0,0,37115.0
http,SF,334,13892,1,0.0,0.0,1.0,0.0,0.06,0.0,0.0,0,89201.0
efs,S0,0,0,0,1.0,1.0,0.19,0.04,0.0,1.0,1.0,1,26087.0
eco_i,SF,8,0,0,0.0,0.0,1.0,0.0,0.5,0.0,0.0,1,77811.0
private,S0,0,0,0,1.0,1.0,0.03,0.05,0.0,1.0,1.0,1,15759.0
http,SF,326,2510,1,0.0,0.0,1.0,0.0,0.04,0.0,0.0,0,21489.0
telnet,S0,0,0,0,1.0,1.0,0.06,0.06,0.0,1.0,1.0,1,118640.0
link,S0,0,0,0,1.0,1.0,0.03,0.05,0.0,1.0,1.0,1,1762.0
domain_u,SF,46,46,0,0.0,0.0,0.2,0.4,0.0,0.0,0.0,0,102823.0
private,REJ,0,0,0,0.03,0.0,0.0,1.0,0.0,0.04,0.0,1,2743.0
other,SF,147,105,0,0.0,0.0,1.0,0.0,0.0,0.0,0.0,0,4214.0
http,SF,312,3966,1,0.0,0.0,1.0,0.0,0.04,0.01,0.01,0,1662.0
http,SF,316,607,1,0.0,0.0,1.0,0.0,0.03,0.01,0.01,0,52473.0
http,REJ,0,0,0,0.0,0.0,1.0,0.0,0.16,0.0,0.0,0,32683.0
http,SF,281,7478,1,0.0,0.0,1.0,0.0,0.03,0.0,0.0,0,62629.0
csnet_ns,S0,0,0,0,1.0,1.0,0.03,0.06,0.0,1.0,1.0,1,90316.0
eco_i,SF,8,0,0,0.0,0.0,1.0,0.0,0.52,0.0,0.0,1,114275.0
domain_u,SF,111,33,0,0.0,0.0,1.0,0.0,0.0,0.0,0.0,0,123622.0
http,SF,288,597,1,0.0,0.0,1.0,0.0,0.01,0.0,0.0,0,116376.0
http,SF,329,3675,1,0.0,0.0,1.0,0.0,0.0,0.0,0.0,0,82535.0
netbios_ssn,S0,0,0,0,1.0,1.0,0.07,0.06,0.0,1.0,1.0,1,114639.0
eco_i,SF,30,0,0,0.0,0.0,1.0,0.0,0.0,0.0,0.0,0,88740.0
http,SF,54540,8314,1,0.0,0.0,1.0,0.0,0.0,0.0,0.0,1,47121.0
http,SF,54540,8314,1,0.0,0.0,1.0,0.0,0.0,0.0,0.0,1,101817.0
uucp,S0,0,0,0,1.0,1.0,0.13,0.05,0.0,1.0,1.0,1,45635.0
ecr_i,SF,1480,0,0,0.0,0.0,1.0,0.0,0.0,0.61,0.0,1,33383.0
private,S0,0,0,0,1.0,1.0,0.04,0.06,0.0,1.0,1.0,1,1548.0
ftp_data,SF,748,0,0,0.0,0.0,1.0,0.0,0.0,0.0,0.0,0,107399.0
domain_u,SF,46,77,0,0.0,0.0,1.0,0.01,0.0,0.0,0.0,0,50994.0
echo,S0,0,0,0,1.0,1.0,0.1,0.05,0.0,1.0,1.0,1,125479.0
private,S0,0,0,0,1.0,1.0,0.07,0.06,0.0,1.0,1.0,1,119734.0
private,S0,0,0,0,1.0,1.0,0.03,0.06,0.0,1.0,1.0,1,61372.0
netbios_dgm,S0,0,0,0,1.0,1.0,0.01,0.07,0.0,1.0,1.0,1,56131.0
private,REJ,0,0,0,0.03,0.0,0.0,1.0,0.0,0.03,0.0,1,58643.0
link,S0,0,0,0,1.0,1.0,0.1,0.05,0.0,1.0,1.0,1,110612.0
telnet,SF,251,38322,1,0.0,0.0,1.0,0.0,0.0,0.5,0.6,0,4930.0
http,SF,294,183,1,0.0,0.0,1.0,0.0,0.0,0.0,0.0,0,68435.0
http,SF,289,670,1,0.0,0.0,1.0,0.0,0.0,0.0,0.0,0,28784.0
private,REJ,0,0,0,0.0,0.0,0.06,0.07,0.0,0.0,0.0,1,26262.0
Z39_50,S0,0,0,0,1.0,1.0,0.03,0.07,0.0,1.0,1.0,1,27535.0
http,SF,160,11378,1,0.0,0.0,1.0,0.0,0.02,0.0,0.0,0,100596.0
other,SF,147,105,0,0.0,0.0,1.0,0.0,0.0,0.0,0.0,0,38499.0
netbios_ssn,S0,0,0,0,1.0,1.0,0.16,0.04,0.0,1.0,1.0,1,27958.0
http,SF,319,1528,1,0.0,0.0,1.0,0.0,0.02,0.0,0.0,0,107253.0
http,SF,218,361,1,0.0,0.0,1.0,0.0,0.0,0.0,0.0,0,73625.0
http,SF,208,16287,1,0.0,0.0,1.0,0.0,0.01,0.0,0.0,0,42526.0
http,SF,341,390,1,0.0,0.0,1.0,0.0,0.0,0.0,0.0,0,55243.0
http,SF,236,1367,1,0.0,0.0,1.0,0.0,0.04,0.0,0.0,0,120124.0
http,S0,0,0,0,1.0,0.92,0.52,0.09,0.0,1.0,1.0,1,10208.0
http,SF,307,1380,1,0.0,0.0,1.0,0.0,0.0,0.0,0.0,0,65404.0
courier,S0,0,0,0,1.0,1.0,0.08,0.06,0.0,1.0,1.0,1,117824.0
http,SF,235,2115,1,0.0,0.0,1.0,0.0,0.01,0.0,0.0,0,5444.0
domain,REJ,0,0,0,0.0,0.0,0.07,0.07,0.0,0.0,0.0,1,17305.0
private,S0,0,0,0,1.0,1.0,0.06,0.05,0.0,1.0,1.0,1,69721.0
ftp_data,S0,0,0,0,1.0,1.0,0.09,0.05,0.0,1.0,1.0,1,74475.0
ecr_i,SF,1032,0,0,0.0,0.0,1.0,0.0,0.0,0.0,0.0,1,81931.0
ftp,RSTO,0,0,0,0.0,0.0,0.01,0.06,0.0,0.0,0.0,1,43762.0
telnet,S0,0,0,0,1.0,1.0,0.16,0.21,0.07,0.98,0.85,1,103449.0
domain_u,SF,43,68,0,0.0,0.0,1.0,0.0,0.0,0.0,0.0,0,89955.0
private,SF,28,0,0,0.0,0.0,1.0,0.0,0.0,0.0,0.0,1,89568.0
courier,S0,0,0,0,1.0,1.0,0.12,0.05,0.0,1.0,1.0,1,32110.0
private,S0,0,0,0,1.0,1.0,0.07,0.06,0.0,1.0,1.0,1,22496.0
eco_i,SF,8,0,0,0.0,0.0,1.0,0.0,0.5,0.0,0.0,1,42217.0
ftp_data,SF,439,0,1,0.0,0.0,1.0,0.0,0.05,0.0,0.0,0,28618.0
ftp_data,SF,71,0,0,0.0,0.0,1.0,0.0,0.0,0.85,0.0,0,53387.0
ftp_data,S3,2194620,0,1,0.5,0.5,1.0,0.0,0.06,0.01,0.03,0,16976.0
sunrpc,S0,0,0,0,1.0,1.0,0.01,0.06,0.0,1.0,1.0,1,75370.0
private,S0,0,0,0,1.0,1.0,0.11,0.05,0.0,1.0,1.0,1,23223.0
http,SF,54540,8314,1,0.0,0.0,1.0,0.0,0.0,0.0,0.0,1,52211.0
domain_u,SF,46,46,0,0.0,0.0,1.0,0.0,0.0,0.0,0.0,0,23764.0
netstat,S0,0,0,0,1.0,1.0,0.11,0.06,0.0,1.0,1.0,1,118302.0
http,SF,295,471,1,0.0,0.0,1.0,0.0,0.03,0.0,0.0,0,94656.0
telnet,RSTOS0,381709090,0,0,0.0,0.0,1.0,0.0,0.0,0.0,0.0,1,1038.0
http_443,REJ,0,0,0,0.0,0.0,0.12,0.05,0.0,0.0,0.0,1,6461.0
http,SF,308,304,1,0.0,0.0,1.0,0.0,0.0,0.0,0.0,0,95669.0
iso_tsap,S0,0,0,0,1.0,1.0,0.01,0.07,0.0,1.0,1.0,1,47896.0
smtp,SF,821,333,1,0.0,0.0,1.0,0.0,0.0,0.01,0.0,0,99904.0
http,SF,321,391,1,0.0,0.0,1.0,0.0,0.03,0.0,0.0,0,28249.0
http,SF,224,1425,1,0.0,0.0,1.0,0.0,0.02,0.0,0.0,0,123925.0
private,SF,207,0,0,0.0,0.0,1.0,0.0,0.0,0.0,0.0,1,55623.0
http,SF,217,931,1,0.0,0.0,1.0,0.0,0.03,0.0,0.0,0,15841.0
finger,RSTO,0,0,0,0.0,0.0,1.0,0.0,0.27,0.0,0.0,0,84256.0
time,S0,0,0,0,1.0,1.0,0.0,0.07,0.0,1.0,1.0,1,118539.0
private,S0,0,0,0,1.0,1.0,0.05,0.06,0.0,1.0,1.0,1,49658.0
http,SF,214,307,1,0.0,0.0,1.0,0.0,0.0,0.0,0.0,0,21701.0
http,SF,212,1010,1,0.0,0.0,1.0,0.0,0.02,0.0,0.0,0,109798.0
http,SF,281,7205,1,0.0,0.0,1.0,0.0,0.02,0.0,0.0,0,109824.0
http,SF,237,275,1,0.0,0.0,1.0,0.0,0.0,0.0,0.0,0,56600.0
http,SF,292,1247,1,0.0,0.0,1.0,0.0,0.0,0.0,0.0,0,51950.0
http,SF,223,327,1,0.0,0.0,1.0,0.0,0.04,0.0,0.0,0,116263.0
private,REJ,0,0,0,0.0,0.0,0.03,1.0,0.0,0.0,0.0,1,92724.0
http,SF,489,6794,1,0.0,0.0,1.0,0.0,0.0,0.0,0.0,0,48221.0
uucp_path,S0,0,0,0,1.0,1.0,0.05,0.06,0.0,1.0,1.0,1,39312.0
smtp,SF,1325,332,1,0.0,0.0,1.0,0.0,0.0,0.01,0.01,0,87236.0
domain_u,SF,45,132,0,0.0,0.0,1.0,0.0,0.0,0.0,0.0,0,41936.0
http,SF,198,2175,1,0.0,0.0,1.0,0.0,0.04,0.0,0.0,0,61540.0
domain_u,SF,42,42,0,0.0,0.0,1.0,0.0,0.0,0.0,0.0,0,8251.0
domain_u,SF,44,76,0,0.0,0.0,1.0,0.01,0.0,0.0,0.0,0,53437.0
ctf,S0,0,0,0,1.0,1.0,0.07,0.06,0.0,1.0,1.0,1,113163.0
Z39_50,S0,0,0,0,1.0,1.0,0.01,0.07,0.0,1.0,1.0,1,118919.0
http,SF,373,2289,1,0.0,0.0,1.0,0.0,0.02,0.0,0.01,0,8714.0
domain_u,SF,42,42,0,0.0,0.0,1.0,0.0,0.0,0.0,0.0,0,70486.0
domain_u,SF,43,66,0,0.0,0.0,0.99,0.01,0.0,0.0,0.0,0,111322.0
ftp,SF,1223,3380,1,0.0,0.0,1.0,0.0,0.0,0.0,0.0,0,74898.0
http,SF,251,608,1,0.0,0.0,1.0,0.0,0.0,0.0,0.0,0,72048.0
domain_u,SF,44,110,0,0.0,0.0,1.0,0.0,0.0,0.0,0.0,0,102639.0
http,REJ,0,0,0,0.0,0.0,1.0,0.0,0.25,0.0,0.0,0,121250.0
ftp,SF,1241,2451,1,0.0,0.0,1.0,0.0,0.0,0.0,0.0,1,86894.0
private,S0,0,0,0,1.0,1.0,0.04,0.06,0.0,1.0,1.0,1,18455.0
smtp,SF,11378,1474,1,0.0,0.5,1.0,0.0,0.01,0.0,0.01,0,22436.0
http,SF,223,2370,1,0.0,0.0,1.0,0.0,0.02,0.0,0.0,0,87587.0
http,SF,309,7355,1,0.0,0.0,1.0,0.0,0.0,0.0,0.0,0,27768.0
http,SF,267,619,1,0.0,0.0,1.0,0.0,0.0,0.0,0.0,0,107037.0
http,SF,146,4928,1,0.0,0.0,1.0,0.0,0.04,0.0,0.0,0,37633.0
http,REJ,0,0,0,0.0,0.0,1.0,0.0,0.06,0.0,0.0,0,77343.0
domain_u,SF,44,80,0,0.0,0.0,1.0,0.0,0.0,0.0,0.0,0,112890.0
name,S0,0,0,0,1.0,1.0,0.02,0.06,0.0,1.0,1.0,1,116437.0
eco_i,SF,18,0,0,0.0,0.0,1.0,0.0,0.25,0.0,0.0,1,5346.0
private,REJ,0,0,0,0.0,0.0,0.14,0.05,0.0,0.0,0.0,1,88384.0
http,SF,231,1344,1,0.0,0.0,1.0,0.0,0.0,0.0,0.0,0,119916.0
smtp,SF,716,332,1,0.0,0.0,1.0,0.0,0.01,0.01,0.01,0,110201.0
domain_u,SF,44,44,0,0.0,0.0,1.0,0.0,0.0,0.0,0.0,0,102805.0
private,S0,0,0,0,1.0,1.0,0.11,0.05,0.0,1.0,1.0,1,35977.0
smtp,SF,1012,329,1,0.0,0.0,1.0,0.0,0.0,0.0,0.0,0,90504.0
other,SF,146,0,0,0.0,0.0,0.5,1.0,0.0,0.0,0.0,0,32861.0
http,SF,347,1521,1,0.0,0.0,1.0,0.0,0.0,0.0,0.0,0,107520.0
nnsp,S0,0,0,0,1.0,1.0,0.19,0.06,0.0,1.0,1.0,1,67805.0
telnet,S3,125,179,0,1.0,1.0,1.0,0.0,0.0,1.0,1.0,1,35434.0
private,REJ,0,0,0,0.0,0.0,0.09,0.07,0.0,0.0,0.0,1,100852.0
smtp,SF,1153,329,1,0.0,0.0,1.0,0.0,0.0,0.0,0.0,0,114996.0
http,SF,153,14580,1,0.0,0.0,1.0,0.0,0.04,0.0,0.0,0,36518.0
Z39_50,REJ,0,0,0,0.0,0.0,0.01,0.08,0.0,0.0,0.0,1,117674.0
http,RSTR,42340,1460,1,0.0,0.0,1.0,0.0,0.0,0.0,0.0,1,92185.0
http,SF,200,8421,1,0.0,0.0,1.0,0.0,0.0,0.0,0.0,0,45061.0
private,S0,0,0,0,1.0,1.0,0.03,0.05,0.0,1.0,1.0,1,87273.0
ftp_data,SF,245,0,1,0.0,0.0,1.0,0.0,0.0,0.0,0.0,0,90745.0
ldap,S0,0,0,0,1.0,1.0,0.08,0.05,0.0,1.0,1.0,1,5351.0
private,SF,105,147,0,0.0,0.0,1.0,0.0,0.0,0.0,0.0,0,66454.0
gopher,S0,0,0,0,1.0,1.0,0.04,0.05,0.0,1.0,1.0,1,43083.0
http,SF,54540,8314,1,0.0,0.0,1.0,0.0,0.0,0.0,0.0,1,58306.0
http,S0,0,0,0,0.5,0.5,1.0,0.0,0.02,0.01,0.0,0,34402.0
http,SF,202,421,1,0.0,0.0,1.0,0.0,0.0,0.0,0.0,0,6957.0
private,SF,215,0,0,0.0,0.0,1.0,0.0,0.0,0.0,0.0,1,69342.0
http,SF,218,509,1,0.0,0.0,1.0,0.0,0.04,0.0,0.0,0,103807.0
http,SF,219,2488,1,0.0,0.0,1.0,0.0,0.0,0.0,0.0,0,68737.0
http,SF,215,764,1,0.0,0.0,1.0,0.0,0.03,0.0,0.0,0,44896.0
http,SF,336,1454,1,0.0,0.0,1.0,0.0,0.07,0.0,0.01,0,23721.0
http,SF,330,1183,1,0.0,0.0,1.0,0.0,0.04,0.0,0.0,0,60172.0
netstat,S0,0,0,0,1.0,1.0,0.01,0.07,0.0,1.0,1.0,1,39900.0
bgp,S0,0,0,0,1.0,1.0,0.05,0.06,0.0,1.0,1.0,1,27877.0
other,SF,146,105,0,0.0,0.0,1.0,0.0,0.0,0.0,0.0,0,86021.0
http,SF,247,391,1,0.0,0.0,1.0,0.0,0.0,0.0,0.0,0,85235.0
ftp,S0,0,0,0,1.0,1.0,0.07,0.06,0.0,1.0,1.0,1,10189.0
eco_i,SF,8,0,0,0.0,0.0,1.0,0.0,0.5,0.0,0.0,1,95185.0
http,SF,186,204,1,0.0,0.0,1.0,0.0,0.04,0.0,0.0,0,120676.0
http,SF,235,4393,1,0.0,0.0,1.0,0.0,0.03,0.01,0.0,0,26312.0
http,SF,167,2619,1,0.0,0.0,1.0,0.0,0.03,0.0,0.0,0,12108.0
domain_u,SF,45,73,0,0.0,0.0,1.0,0.0,0.0,0.0,0.0,0,11808.0
http,SF,208,759,1,0.0,0.0,1.0,0.0,0.02,0.0,0.0,0,110068.0
echo,RSTO,0,0,0,0.0,0.0,0.08,0.06,0.0,0.0,0.0,1,109102.0
http,SF,196,781,1,0.0,0.0,1.0,0.0,0.09,0.0,0.0,0,57638.0
private,S0,0,0,0,1.0,1.0,0.01,0.06,0.0,1.0,1.0,1,56657.0
http,S0,0,0,0,1.0,1.0,0.83,0.33,0.0,1.0,1.0,1,77056.0
http,SF,251,1687,1,0.0,0.0,1.0,0.0,0.0,0.0,0.0,0,83385.0
Z39_50,S0,0,0,0,1.0,1.0,0.05,0.06,0.0,1.0,1.0,1,87911.0
http,SF,203,657,1,0.0,0.0,1.0,0.0,0.01,0.0,0.0,0,7769.0
ecr_i,SF,1480,0,0,0.0,0.0,1.0,0.0,0.57,0.0,0.0,1,41623.0
telnet,S0,0,0,0,1.0,1.0,0.07,0.06,0.0,1.0,1.0,1,77186.0
nntp,S0,0,0,0,1.0,1.0,0.44,0.31,0.0,1.0,1.0,1,29077.0
uucp,S0,0,0,0,1.0,1.0,0.02,0.06,0.0,1.0,1.0,1,79546.0
private,S0,0,0,0,1.0,1.0,0.18,0.05,0.0,1.0,1.0,1,2900.0
http,SF,174,6044,1,0.0,0.0,1.0,0.0,0.03,0.0,0.0,0,36082.0
http,SF,54540,8314,1,0.0,0.0,1.0,0.0,0.0,0.0,0.0,1,113401.0
domain_u,SF,128,44,0,0.0,0.0,1.0,0.01,0.0,0.0,0.0,0,41146.0
private,S0,0,0,0,1.0,1.0,0.01,0.06,0.0,1.0,1.0,1,51022.0
private,RSTR,0,0,0,0.0,0.0,1.0,0.0,0.0,0.0,0.0,1,99315.0
ecr_i,SF,1032,0,0,0.0,0.0,1.0,0.0,0.0,0.01,0.0,1,43314.0
http,SF,297,1817,1,0.33,0.33,1.0,0.0,0.01,0.01,0.0,0,64782.0
private,S0,0,0,0,0.99,1.0,0.12,0.07,0.0,1.0,1.0,1,51632.0
kshell,S0,0,0,0,1.0,1.0,0.12,0.05,0.0,1.0,1.0,1,92800.0
finger,SF,6,135,0,0.0,0.0,1.0,0.0,0.2,0.0,0.0,0,22563.0
http,SF,344,359,1,0.0,0.0,1.0,0.0,0.04,0.0,0.0,0,26681.0
ecr_i,SF,1032,0,0,0.0,0.0,1.0,0.0,0.0,0.0,0.0,1,18895.0
private,S0,0,0,0,1.0,1.0,0.12,0.05,0.0,1.0,1.0,1,77279.0
http,SF,217,2226,1,0.0,0.0,1.0,0.0,0.0,0.0,0.0,0,110850.0
http,S0,0,0,0,1.0,1.0,0.32,0.08,0.0,1.0,1.0,1,54382.0
whois,S0,0,0,0,1.0,1.0,0.03,0.07,0.0,1.0,1.0,1,98018.0
mtp,S0,0,0,0,1.0,1.0,0.11,0.06,0.0,1.0,1.0,1,28569.0
name,S0,0,0,0,1.0,1.0,0.02,0.06,0.0,1.0,1.0,1,122513.0
ftp_data,SF,5133876,0,1,0.0,0.0,1.0,0.0,0.15,0.0,0.03,1,36709.0
http,SF,233,2507,1,0.0,0.0,1.0,0.0,0.0,0.02,0.02,0,123512.0
ecr_i,SF,1032,0,0,0.0,0.0,1.0,0.0,0.0,0.0,0.0,1,975.0
http,SF,248,1875,1,0.0,0.0,1.0,0.0,0.0,0.0,0.0,0,68926.0
http,SF,247,1187,1,0.0,0.0,1.0,0.0,0.05,0.0,0.0,0,28616.0
http,SF,243,1404,1,0.0,0.0,1.0,0.0,0.0,0.0,0.0,0,103597.0
http,SF,203,321,1,0.0,0.0,1.0,0.0,0.01,0.0,0.0,0,117889.0
http,REJ,0,0,0,0.0,0.0,1.0,0.0,0.13,0.0,0.0,0,15862.0
private,SF,1,0,0,0.0,0.0,0.14,0.5,0.0,0.03,0.0,1,39626.0
http,SF,234,5280,1,0.0,0.0,1.0,0.0,0.01,0.0,0.0,0,6787.0
private,RSTR,0,0,0,0.0,0.0,1.0,0.0,0.0,0.0,0.0,1,18778.0
private,S0,0,0,0,1.0,1.0,0.04,0.05,0.0,0.93,1.0,1,2252.0
smtp,SF,1895,336,1,0.0,0.0,1.0,0.0,0.01,0.0,0.0,0,24611.0
http,SF,249,486,1,0.0,0.0,1.0,0.0,0.07,0.0,0.0,0,95085.0
http,SF,283,25262,1,0.0,0.0,1.0,0.0,0.02,0.0,0.0,0,16840.0
sql_net,S0,0,0,0,1.0,1.0,0.04,0.06,0.0,1.0,1.0,1,72152.0
mtp,S0,0,0,0,1.0,1.0,0.02,0.06,0.0,1.0,1.0,1,35065.0
ftp_data,SF,2194619,0,1,0.0,0.0,1.0,0.0,0.05,0.0,0.0,0,36565.0
ldap,S0,0,0,0,1.0,1.0,0.04,0.07,0.0,1.0,1.0,1,3228.0
domain_u,SF,46,132,0,0.0,0.0,1.0,0.0,0.0,0.0,0.0,0,73055.0
http,SF,309,1008,1,0.0,0.0,1.0,0.0,0.01,0.0,0.0,0,63990.0
private,SF,1,0,0,0.0,0.0,0.6,0.2,0.0,0.03,0.0,1,9921.0
http,SF,202,798,1,0.0,0.0,1.0,0.0,0.04,0.0,0.0,0,76731.0
http,SF,211,1405,1,0.0,0.0,1.0,0.0,0.05,0.0,0.0,0,108326.0
http,SF,211,1335,1,0.0,0.0,1.0,0.0,0.02,0.0,0.0,0,66347.0
http,SF,186,4445,1,0.0,0.0,1.0,0.0,0.03,0.0,0.0,0,33664.0
smtp,S0,0,0,0,1.0,1.0,1.0,0.0,0.01,0.98,0.28,1,107415.0
private,REJ,0,0,0,0.0,0.0,0.14,0.07,0.0,0.0,0.0,1,83958.0
http,SF,196,2820,1,0.0,0.0,1.0,0.0,0.02,0.0,0.0,0,65717.0
netbios_dgm,S0,0,0,0,1.0,1.0,0.09,0.05,0.0,1.0,1.0,1,11736.0
gopher,REJ,0,0,0,0.0,0.0,0.1,0.06,0.0,0.0,0.0,1,9175.0
domain_u,SF,44,73,0,0.0,0.0,1.0,0.0,0.0,0.0,0.0,0,4046.0
ftp_data,SF,245,0,1,0.0,0.0,1.0,0.0,0.0,0.0,0.0,0,41316.0
http,REJ,0,0,0,0.0,0.0,1.0,0.0,0.08,0.0,0.0,0,70342.0
http,SF,224,3644,1,0.0,0.0,1.0,0.0,0.01,0.0,0.0,0,36003.0
whois,REJ,0,0,0,0.0,0.0,0.08,0.07,0.0,0.0,0.0,1,14221.0
private,SF,215,0,0,0.0,0.0,1.0,0.0,0.0,0.0,0.0,0,36302.0
eco_i,SF,8,0,0,0.0,0.0,1.0,0.0,0.25,0.0,0.0,1,117580.0
http,SF,294,1694,1,0.0,0.0,1.0,0.0,0.03,0.02,0.0,0,50770.0
urp_i,SF,78,0,0,0.0,0.0,0.14,0.14,0.0,0.0,0.0,0,92136.0
login,S0,0,0,0,1.0,1.0,0.17,0.04,0.0,1.0,1.0,1,25769.0
http,SF,372,606,1,0.0,0.0,1.0,0.0,0.01,0.0,0.0,0,68614.0
private,REJ,0,0,0,0.0,0.0,0.1,1.0,0.0,0.0,0.0,1,69255.0
private,S0,0,0,0,1.0,1.0,0.06,0.06,0.0,1.0,1.0,1,88319.0
http,SF,193,1639,1,0.0,0.0,1.0,0.0,0.0,0.0,0.0,0,83486.0
ftp_data,S0,0,0,0,1.0,1.0,0.05,0.06,0.0,1.0,1.0,1,46571.0
ctf,S0,0,0,0,1.0,1.0,0.07,0.06,0.0,1.0,1.0,1,6553.0
urp_i,SF,181,0,0,0.0,0.0,0.67,0.67,0.0,0.0,0.0,0,83797.0
domain_u,SF,44,44,0,0.0,0.0,1.0,0.0,0.0,0.0,0.0,0,6016.0
http,SF,298,10384,1,0.0,0.0,1.0,0.0,0.04,0.0,0.01,0,116073.0
ftp_data,SF,252,0,1,0.0,0.0,1.0,0.0,0.03,0.25,0.0,0,23042.0
ftp_data,SF,175337,0,0,0.0,0.0,1.0,0.0,0.0,0.0,0.0,0,7965.0
http,SF,203,335,1,0.0,0.0,1.0,0.0,0.02,0.0,0.0,0,82883.0
finger,SF,10,277,0,0.0,0.0,1.0,0.0,0.15,0.0,0.0,0,90949.0
private,S0,0,0,0,1.0,1.0,0.21,0.36,0.0,1.0,1.0,1,75636.0
domain_u,SF,45,114,0,0.0,0.0,1.0,0.0,0.0,0.0,0.0,0,108459.0
Z39_50,S0,0,0,0,1.0,1.0,0.07,0.05,0.0,1.0,1.0,1,125654.0
mtp,S0,0,0,0,1.0,1.0,0.07,0.06,0.0,1.0,1.0,1,26963.0
http_443,S0,0,0,0,1.0,1.0,0.1,0.06,0.0,1.0,1.0,1,46657.0
other,REJ,0,0,0,0.0,0.0,1.0,0.0,0.0,0.0,0.0,0,94996.0
other,SF,147,105,0,0.0,0.0,0.5,0.5,0.0,0.0,0.0,0,115988.0
private,SF,1,0,0,0.0,0.0,1.0,0.0,0.0,0.0,0.0,1,103484.0
http,SF,343,7644,1,0.0,0.0,1.0,0.0,0.03,0.01,0.0,0,52380.0
telnet,SF,2336,4201,1,0.0,0.0,0.5,1.0,0.0,0.0,0.0,1,69476.0
http_443,REJ,0,0,0,0.0,0.0,0.04,0.06,0.0,0.0,0.0,1,75044.0
ftp_data,SF,334,0,1,0.0,0.0,1.0,0.0,0.14,0.0,0.0,1,37901.0
time,RSTO,0,0,0,0.0,0.0,0.08,0.07,0.0,0.0,0.0,1,1487.0
eco_i,SF,8,0,0,0.0,0.0,1.0,0.0,0.5,0.0,0.0,1,97671.0
telnet,S1,725,114518,0,1.0,1.0,1.0,0.0,0.0,0.91,0.5,0,75862.0
time,RSTO,0,0,0,0.0,0.0,0.02,0.07,0.0,0.0,0.0,1,103204.0
domain_u,SF,45,133,0,0.0,0.0,1.0,0.01,0.0,0.0,0.0,0,110795.0
ftp_data,SF,2194619,0,1,0.0,0.0,1.0,0.0,0.03,0.0,0.0,0,107985.0
ftp_data,S0,0,0,0,1.0,1.0,0.01,0.05,0.0,1.0,1.0,1,7576.0
http,SF,236,313,1,0.0,0.0,1.0,0.0,0.01,0.0,0.0,0,49132.0
http,SF,228,31614,1,0.0,0.0,1.0,0.0,0.01,0.0,0.0,0,13203.0
private,S0,0,0,0,1.0,1.0,0.06,0.05,0.0,0.84,1.0,1,69608.0
smtp,SF,2980,329,1,0.0,0.0,1.0,0.0,0.03,0.0,0.0,0,80123.0
http,SF,297,1433,1,0.0,0.0,1.0,0.0,0.0,0.0,0.0,0,5292.0
domain_u,SF,43,126,0,0.0,0.0,1.0,0.0,0.0,0.0,0.0,0,78458.0
http,SF,233,1690,1,0.0,0.0,1.0,0.0,0.05,0.0,0.0,0,11893.0
eco_i,SF,8,0,0,0.0,0.0,1.0,0.0,0.51,0.0,0.0,1,81977.0
ftp_data,SF,35195,0,1,0.0,0.0,1.0,0.0,0.04,0.0,0.0,0,99654.0
netbios_ssn,S0,0,0,0,1.0,1.0,0.02,0.07,0.0,1.0,1.0,1,111279.0
private,S0,0,0,0,0.99,1.0,0.01,0.09,0.0,1.0,1.0,1,31851.0
http,SF,304,3488,1,0.0,0.0,1.0,0.0,0.04,0.0,0.0,0,49176.0
private,SF,28,0,0,0.75,0.0,0.25,0.05,0.0,0.09,0.0,1,8934.0
private,S0,0,0,0,1.0,1.0,0.06,0.06,0.0,1.0,1.0,1,54671.0
private,S0,0,0,0,1.0,1.0,0.14,0.05,0.0,1.0,1.0,1,81229.0
http,SF,302,2507,1,0.0,0.0,1.0,0.0,0.0,0.01,0.0,0,122841.0
http,SF,144,193,1,0.0,0.0,1.0,0.0,0.07,0.0,0.0,0,32176.0
http,SF,256,418,1,0.0,0.0,1.0,0.0,0.0,0.0,0.0,0,89642.0
Z39_50,S0,0,0,0,1.0,1.0,0.07,0.06,0.0,1.0,1.0,1,89338.0
private,S0,0,0,0,1.0,1.0,0.33,0.13,0.0,1.0,1.0,1,22532.0
http,SF,235,6281,1,0.0,0.0,1.0,0.0,0.08,0.0,0.0,0,125648.0
http,SF,324,1566,1,0.0,0.0,1.0,0.0,0.01,0.0,0.0,0,93808.0
http,REJ,0,0,0,0.0,0.0,1.0,0.0,0.18,0.0,0.0,0,108441.0
http,SF,224,260,1,0.0,0.0,1.0,0.0,0.03,0.02,0.02,0,42203.0
netstat,S0,0,0,0,1.0,1.0,0.13,0.08,0.0,1.0,1.0,1,94104.0
http,REJ,0,0,0,0.0,0.0,1.0,0.0,0.02,0.0,0.0,0,24418.0
auth,RSTR,0,0,0,0.0,0.0,1.0,0.0,0.0,0.0,0.0,1,96069.0
auth,S0,0,0,0,1.0,1.0,0.04,0.06,0.0,1.0,1.0,1,37860.0
http,SF,236,331,1,0.0,0.54,1.0,0.0,0.02,0.0,0.0,0,51506.0
private,S0,0,0,0,1.0,1.0,0.09,0.07,0.0,1.0,1.0,1,91466.0
other,SF,147,105,0,0.0,0.0,0.5,0.5,0.0,0.0,0.0,0,55557.0
other,SF,147,105,0,0.0,0.0,1.0,0.0,0.0,0.0,0.0,0,43807.0
private,REJ,0,0,0,0.08,0.0,0.0,1.0,0.0,0.08,0.0,1,71190.0
private,S0,0,0,0,1.0,1.0,0.04,0.08,0.0,1.0,1.0,1,27926.0
netbios_dgm,S0,0,0,0,1.0,1.0,0.17,0.12,0.0,1.0,1.0,1,118130.0
ftp_data,SF,7012,0,1,0.0,0.0,1.0,0.0,0.04,0.03,0.02,0,98080.0
ftp_data,SF,19,0,1,0.0,0.0,1.0,0.0,0.03,0.0,0.0,0,60387.0
ecr_i,SF,1032,0,0,0.0,0.0,1.0,0.0,0.0,0.01,0.0,1,9544.0
http,SF,54540,8314,1,0.0,0.0,1.0,0.0,0.0,0.01,0.01,1,53316.0
http,SF,54540,8314,1,0.0,0.0,1.0,0.0,0.0,0.0,0.0,1,29041.0
smtp,SF,2597,331,1,0.0,0.0,1.0,0.0,0.01,0.02,0.0,0,1064.0
private,REJ,0,0,0,0.0,0.0,1.0,0.0,1.0,0.0,0.0,1,94795.0
private,REJ,0,0,0,0.0,0.0,0.27,0.12,0.0,0.0,0.0,1,45513.0
private,SF,28,0,0,0.01,0.0,0.99,0.02,0.0,0.0,0.0,1,26169.0
ftp_data,S0,0,0,0,1.0,1.0,0.02,0.06,0.0,1.0,1.0,1,122232.0
http,SF,325,2554,1,0.0,0.0,1.0,0.0,0.09,0.0,0.0,0,104132.0
private,S0,0,0,0,1.0,1.0,0.09,0.06,0.0,1.0,1.0,1,10932.0
supdup,S0,0,0,0,1.0,1.0,0.14,0.05,0.0,1.0,1.0,1,64547.0
other,RSTR,1,0,0,0.0,0.0,1.0,0.0,0.0,0.0,0.0,1,98281.0
csnet_ns,S0,0,0,0,1.0,1.0,0.02,0.05,0.0,1.0,1.0,1,74976.0
netbios_ssn,RSTR,0,0,0,0.0,0.0,1.0,0.0,0.0,0.0,0.0,1,23173.0
http,SF,226,5357,1,0.0,0.0,1.0,0.0,0.0,0.03,0.0,0,123412.0
private,S0,0,0,0,1.0,1.0,0.12,0.06,0.0,1.0,1.0,1,83934.0
http,SF,253,1092,1,0.0,0.0,1.0,0.0,0.02,0.0,0.0,0,105909.0
private,S0,0,0,0,1.0,1.0,0.03,0.06,0.0,1.0,1.0,1,107437.0
http,S0,0,0,0,1.0,0.32,0.03,0.07,0.0,1.0,1.0,1,73407.0
private,SF,105,146,0,0.0,0.0,1.0,0.0,0.0,0.0,0.0,0,79720.0
finger,S0,0,0,0,1.0,1.0,0.05,0.06,0.0,1.0,1.0,1,125946.0
http,SF,226,2435,1,0.0,0.0,1.0,0.0,0.01,0.0,0.0,0,52571.0
ctf,S0,0,0,0,1.0,1.0,0.0,0.07,0.0,1.0,1.0,1,24425.0
domain_u,SF,33,0,0,0.0,0.0,1.0,0.0,0.0,0.0,0.0,0,117770.0
ecr_i,SF,520,0,0,0.0,0.0,1.0,0.0,0.0,0.0,0.0,1,102622.0
private,S0,0,0,0,1.0,1.0,0.07,0.07,0.0,1.0,1.0,1,110046.0
private,S0,0,0,0,1.0,1.0,0.04,0.05,0.0,1.0,1.0,1,73375.0
ftp_data,S0,0,0,0,0.97,1.0,0.22,0.08,0.0,1.0,1.0,1,14003.0
private,SF,105,146,0,0.0,0.0,1.0,0.0,0.0,0.0,0.0,0,125685.0
eco_i,SF,8,0,0,0.0,0.0,1.0,0.0,0.5,0.0,0.0,1,33122.0
http_443,REJ,0,0,0,0.0,0.0,0.13,0.06,0.0,0.0,0.0,1,44895.0
domain_u,SF,44,114,0,0.0,0.0,1.0,0.0,0.0,0.0,0.0,0,85584.0
domain_u,SF,42,42,0,0.0,0.0,1.0,0.0,0.0,0.0,0.0,0,69290.0
link,REJ,0,0,0,0.0,0.0,0.04,0.07,0.0,0.0,0.0,1,88381.0
http,SF,240,791,1,0.0,0.0,1.0,0.0,0.05,0.0,0.0,0,10402.0
domain_u,SF,45,45,0,0.0,0.0,1.0,0.01,0.0,0.0,0.0,0,107742.0
domain_u,SF,45,77,0,0.0,0.0,1.0,0.0,0.0,0.0,0.0,0,43022.0
private,S0,0,0,0,1.0,1.0,0.05,0.07,0.0,1.0,1.0,1,83884.0
http,SF,209,6992,1,0.0,0.0,1.0,0.0,0.02,0.0,0.0,0,13946.0
uucp_path,S0,0,0,0,1.0,1.0,0.0,0.05,0.0,1.0,1.0,1,1321.0
http_443,S0,0,0,0,1.0,1.0,0.13,0.06,0.0,1.0,1.0,1,25738.0
eco_i,SF,30,0,0,0.0,0.0,0.2,0.6,0.0,0.0,0.0,0,19806.0
private,S0,0,0,0,1.0,1.0,0.03,0.06,0.0,1.0,1.0,1,27861.0
private,REJ,0,0,0,0.0,0.0,0.14,0.07,0.0,0.0,0.0,1,21691.0
http,SF,326,5131,1,0.0,0.0,1.0,0.0,0.05,0.0,0.0,0,57041.0
ftp,RSTO,0,0,0,0.0,0.0,0.08,0.06,0.0,0.0,0.0,1,41649.0
domain_u,SF,46,46,0,0.0,0.0,0.99,0.01,0.0,0.0,0.0,0,110565.0
http,SF,309,1284,1,0.0,0.0,1.0,0.0,0.03,0.0,0.0,0,30248.0
csnet_ns,S0,0,0,0,1.0,1.0,0.0,0.07,0.0,1.0,1.0,1,7569.0
http,SF,327,1469,1,0.33,0.33,1.0,0.0,0.04,0.01,0.0,0,19076.0
http,REJ,0,0,0,0.0,0.0,1.0,0.0,0.03,0.0,0.0,0,76475.0
private,S0,0,0,0,1.0,1.0,0.07,0.06,0.0,1.0,1.0,1,69660.0
private,S0,0,0,0,1.0,1.0,0.07,0.06,0.0,1.0,1.0,1,89663.0
http,SF,239,11221,1,0.0,0.0,1.0,0.0,0.0,0.0,0.0,0,125315.0
ctf,S0,0,0,0,1.0,1.0,0.0,0.06,0.0,1.0,1.0,1,74547.0
http,SF,247,238,1,0.0,0.0,1.0,0.0,0.07,0.0,0.0,0,101612.0
finger,SF,9,140,0,0.0,0.0,1.0,0.0,0.33,0.0,0.0,0,24614.0
http,REJ,0,0,0,0.0,0.0,0.05,0.06,0.0,0.0,0.0,1,49106.0
ftp_data,SF,2194619,0,1,0.0,0.0,1.0,0.0,0.04,0.0,0.0,0,2428.0
csnet_ns,S0,0,0,0,0.99,1.0,0.12,0.08,0.0,1.0,1.0,1,118744.0
uucp_path,S0,0,0,0,1.0,1.0,0.09,0.06,0.0,1.0,1.0,1,34431.0
http,SF,54540,8314,1,0.0,0.0,1.0,0.0,0.0,0.0,0.0,1,119201.0
http,SF,223,436,1,0.0,0.0,1.0,0.0,0.0,0.0,0.0,0,14064.0
http,SF,292,2420,1,0.0,0.0,1.0,0.0,0.02,0.0,0.0,0,123836.0
private,SF,1,0,0,0.0,0.0,0.27,0.14,0.0,0.0,0.0,1,110406.0
private,S0,0,0,0,1.0,1.0,0.06,0.07,0.0,1.0,1.0,1,106250.0
http,SF,212,171,1,0.0,0.0,1.0,0.0,0.05,0.0,0.0,0,110131.0
domain_u,SF,43,134,0,0.0,0.0,1.0,0.0,0.01,0.0,0.0,0,27270.0
uucp,RSTO,0,0,0,0.0,0.0,0.06,0.07,0.0,0.0,0.0,1,122471.0
http,REJ,0,0,0,0.0,0.0,1.0,0.0,0.07,0.0,0.0,0,73905.0
http,SF,260,193,1,0.0,0.0,1.0,0.0,0.04,0.0,0.0,0,75106.0
Z39_50,S0,0,0,0,1.0,1.0,0.01,0.08,0.0,1.0,1.0,1,110195.0
ssh,S0,0,0,0,1.0,1.0,0.08,0.05,0.0,1.0,1.0,1,71158.0
ftp,SF,59,189,0,0.0,0.0,1.0,0.0,0.0,0.0,0.0,0,121097.0
other,SF,146,0,0,0.0,0.0,0.5,1.0,0.0,0.0,0.0,0,20360.0
http,SF,211,1040,1,0.0,0.0,1.0,0.0,0.03,0.0,0.0,0,30390.0
http,SF,204,1769,1,0.0,0.0,1.0,0.0,0.0,0.0,0.0,0,49788.0
ftp_data,SF,3888,0,0,0.0,0.0,1.0,0.0,0.03,0.0,0.0,0,76230.0
http,SF,337,441,1,0.0,0.0,1.0,0.0,0.04,0.0,0.0,0,15346.0
eco_i,SF,8,0,0,0.0,0.0,1.0,0.0,0.0,0.0,0.0,1,49382.0
eco_i,SF,30,0,0,0.0,0.0,0.2,0.6,0.0,0.0,0.0,0,98172.0
http,SF,305,928,1,0.0,0.06,1.0,0.0,0.01,0.01,0.0,0,106130.0
http,SF,219,15255,1,0.0,0.0,1.0,0.0,0.02,0.0,0.0,0,77761.0
ecr_i,SF,1032,0,0,0.0,0.0,1.0,0.0,0.0,0.0,0.0,1,39721.0
ecr_i,SF,1480,0,0,0.0,0.0,1.0,0.0,0.5,0.0,0.0,1,97045.0
ftp_data,SF,3888,0,1,0.0,0.0,1.0,0.0,0.03,0.0,0.18,0,106242.0
auth,SF,10,38,1,0.0,0.0,1.0,0.0,0.13,0.0,0.0,0,87416.0
bgp,REJ,0,0,0,0.0,0.0,0.06,0.05,0.0,0.0,0.0,1,65008.0
http,SF,214,392,1,0.0,0.0,1.0,0.0,0.01,0.0,0.0,0,32753.0
ldap,REJ,0,0,0,0.0,0.0,0.03,0.06,0.0,0.0,0.0,1,93677.0
ftp_data,SF,252,0,1,0.0,0.0,1.0,0.0,0.0,0.0,0.0,0,16622.0
private,S0,0,0,0,1.0,1.0,0.03,0.05,0.0,1.0,1.0,1,23344.0
private,S0,0,0,0,1.0,1.0,0.1,0.06,0.0,1.0,1.0,1,28905.0
http,SF,264,9339,1,0.0,0.0,1.0,0.0,0.05,0.0,0.01,0,30099.0
other,RSTO,0,0,0,0.0,0.0,0.04,0.06,0.0,0.0,0.0,1,20642.0
private,S0,0,0,0,1.0,1.0,0.13,0.05,0.0,1.0,1.0,1,30606.0
ftp_data,SF,567,0,1,0.0,0.0,1.0,0.0,0.03,0.0,0.0,0,10858.0
ssh,S0,0,0,0,1.0,1.0,0.0,0.06,0.0,1.0,1.0,1,7507.0
other,REJ,0,0,0,0.1,0.0,0.0,1.0,0.0,0.1,0.0,1,50914.0
ftp_data,SF,10272,0,0,0.0,0.0,1.0,0.0,0.02,0.02,0.0,0,67622.0
private,S0,0,0,0,1.0,1.0,0.07,0.04,0.0,0.98,1.0,1,61977.0
private,REJ,0,0,0,0.08,0.0,0.0,1.0,0.0,0.08,0.0,1,48788.0
bgp,REJ,0,0,0,0.0,0.0,0.0,0.07,0.0,0.0,0.0,1,100408.0
ftp_data,SF,192,0,1,0.0,0.0,1.0,0.0,0.04,0.0,0.0,0,108935.0
smtp,SF,976,326,1,0.0,0.0,1.0,0.0,0.0,0.01,0.0,0,78315.0
domain_u,SF,43,76,0,0.0,0.0,1.0,0.0,0.0,0.0,0.0,0,119644.0
imap4,S0,0,0,0,1.0,1.0,0.1,0.07,0.0,1.0,1.0,1,99181.0
http,SF,282,272,1,0.0,0.0,1.0,0.0,0.04,0.0,0.0,0,50942.0
http,SF,219,24676,1,0.0,0.0,1.0,0.0,0.04,0.0,0.0,0,96513.0
private,SF,1,0,0,0.0,0.0,1.0,0.0,0.0,0.21,0.0,1,36497.0
http,SF,263,354,1,0.0,0.0,1.0,0.0,0.06,0.0,0.0,0,71843.0
http,SF,220,9034,1,0.0,0.0,1.0,0.0,0.0,0.0,0.0,0,89403.0
mtp,S0,0,0,0,1.0,1.0,0.02,0.06,0.0,1.0,1.0,1,17647.0
auth,S0,0,0,0,1.0,1.0,0.16,0.04,0.0,1.0,1.0,1,31192.0
smtp,SF,932,327,1,0.0,0.0,1.0,0.0,0.01,0.0,0.0,0,30797.0
domain_u,SF,46,46,0,0.0,0.0,1.0,0.0,0.0,0.0,0.0,0,5437.0
time,S0,0,0,0,1.0,1.0,0.06,0.07,0.0,1.0,1.0,1,125409.0
private,S0,0,0,0,1.0,1.0,0.01,0.06,0.0,1.0,1.0,1,41864.0
http,SF,237,15298,1,0.0,0.0,1.0,0.0,0.0,0.0,0.0,0,38734.0
private,REJ,0,0,0,0.0,0.0,0.01,0.08,0.0,0.0,0.0,1,15044.0
ftp,SF,285,892,1,0.0,0.0,1.0,0.0,0.0,0.0,0.0,0,89263.0
bgp,S0,0,0,0,1.0,1.0,0.06,0.05,0.0,1.0,1.0,1,27372.0
http,SF,185,13635,1,0.0,0.0,1.0,0.0,0.02,0.01,0.0,0,23772.0
private,REJ,0,0,0,0.0,0.0,0.03,0.08,0.0,0.0,0.0,1,103686.0
http,SF,270,279,1,0.0,0.0,1.0,0.0,0.0,0.0,0.0,0,65822.0
sunrpc,S0,0,0,0,1.0,1.0,0.07,0.05,0.0,1.0,1.0,1,43915.0
domain_u,SF,32,0,0,0.0,0.0,1.0,0.0,0.0,0.0,0.0,0,37654.0
domain_u,SF,42,72,0,0.0,0.0,0.99,0.01,0.0,0.0,0.0,0,61334.0
finger,S0,0,0,0,1.0,1.0,0.08,0.05,0.0,1.0,1.0,1,120243.0
http,SF,348,1805,1,0.0,0.0,1.0,0.0,0.0,0.0,0.0,0,83717.0
http,SF,215,20502,1,0.0,0.0,1.0,0.0,0.01,0.0,0.0,0,102299.0
private,RSTR,1,0,0,0.0,0.0,1.0,0.0,0.0,0.0,0.0,1,81386.0
private,S0,0,0,0,1.0,1.0,0.07,0.06,0.0,1.0,1.0,1,67326.0
smtp,SF,2202,339,1,0.0,0.0,1.0,0.0,0.02,0.0,0.0,0,56347.0
http,SF,54540,8314,1,0.0,0.0,1.0,0.0,0.0,0.0,0.0,1,120940.0
http,SF,289,2949,1,0.0,0.0,1.0,0.0,0.02,0.0,0.0,0,90088.0
http,SF,200,321,1,0.0,0.0,1.0,0.0,0.02,0.0,0.0,0,55948.0
domain_u,SF,45,77,0,0.0,0.0,0.99,0.03,0.0,0.0,0.0,0,34311.0
http,SF,198,715,1,0.0,0.0,1.0,0.0,0.0,0.0,0.0,0,103286.0
finger,SF,9,223,0,0.0,0.0,1.0,0.0,0.15,0.0,0.0,0,72068.0
discard,S0,0,0,0,1.0,1.0,0.02,0.06,0.0,1.0,1.0,1,117773.0
http,SF,304,6208,1,0.0,0.0,1.0,0.0,0.0,0.0,0.0,0,68239.0
private,S0,0,0,0,1.0,1.0,0.02,0.06,0.0,1.0,1.0,1,25473.0
eco_i,SF,8,0,0,0.0,0.0,1.0,0.0,0.51,0.0,0.0,1,51901.0
private,S0,0,0,0,1.0,1.0,0.1,0.06,0.0,1.0,1.0,1,116255.0
private,SF,1,0,0,0.0,0.0,0.48,0.09,0.0,0.0,0.0,1,32448.0
private,REJ,0,0,0,0.0,0.0,0.15,0.07,0.0,0.0,0.0,1,124079.0
domain_u,SF,45,81,0,0.0,0.0,0.99,0.01,0.0,0.0,0.0,0,122528.0
telnet,RSTO,0,0,0,0.0,0.0,0.07,0.07,0.0,0.0,0.0,1,93599.0
private,SF,28,0,0,0.0,0.0,1.0,0.0,0.0,0.09,0.0,1,105540.0
finger,S0,0,0,0,1.0,1.0,0.29,0.07,0.0,1.0,1.0,1,48082.0
http,SF,230,2507,1,0.0,0.0,1.0,0.0,0.0,0.0,0.0,0,19830.0
private,SF,105,146,0,0.0,0.0,0.14,0.29,0.0,0.0,0.0,0,18307.0
http,SF,324,1425,1,0.0,0.0,1.0,0.0,0.05,0.0,0.0,0,112556.0
ldap,S0,0,0,0,1.0,1.0,0.11,0.06,0.0,1.0,1.0,1,79929.0
ftp_data,SF,1199,0,1,0.0,0.0,1.0,0.0,0.03,0.0,0.0,0,120636.0
http,SF,314,6552,1,0.0,0.0,1.0,0.0,0.0,0.0,0.0,0,95663.0
http,SF,304,2507,1,0.0,0.0,1.0,0.0,0.0,0.0,0.0,0,57718.0
http,REJ,0,0,0,0.0,0.0,1.0,0.0,0.08,0.0,0.0,0,44699.0
http,REJ,0,0,0,0.0,0.0,1.0,0.0,0.12,0.0,0.0,0,28573.0
ftp_data,SF,1153,0,1,0.0,0.0,1.0,0.0,0.06,0.0,0.0,0,1866.0
ftp_data,S0,0,0,0,1.0,1.0,0.24,0.08,0.0,1.0,1.0,1,63449.0
http,SF,54540,8314,1,0.0,0.0,1.0,0.0,0.0,0.0,0.0,1,49534.0
http,SF,258,9720,1,0.0,0.0,1.0,0.0,0.06,0.0,0.0,0,16264.0
http,SF,161,128,1,0.0,0.0,1.0,0.0,0.05,0.0,0.0,0,105152.0
private,SF,207,0,0,0.0,0.0,1.0,0.0,0.0,0.0,0.0,1,49888.0
urp_i,SF,78,0,0,0.0,0.0,0.43,0.14,0.0,0.0,0.0,0,106742.0
ntp_u,SF,48,48,0,0.0,0.0,1.0,0.0,0.0,0.0,0.0,0,82404.0
private,S0,0,0,0,1.0,1.0,0.04,0.06,0.0,1.0,1.0,1,118032.0
ftp,SF,1488,4152,1,0.0,0.0,1.0,0.0,0.0,0.0,0.0,0,123738.0
http,SF,373,4777,1,0.0,0.0,1.0,0.0,0.04,0.0,0.0,0,125959.0
private,S0,0,0,0,1.0,1.0,0.12,0.07,0.0,1.0,1.0,1,59707.0
http,REJ,0,0,0,0.0,0.0,1.0,0.0,0.16,0.0,0.0,0,91413.0
http,SF,239,2431,1,0.0,0.0,1.0,0.0,0.01,0.0,0.0,0,116687.0
netstat,S0,0,0,0,1.0,1.0,0.09,0.05,0.0,1.0,1.0,1,106345.0
smtp,SF,1411,337,1,0.0,0.0,1.0,0.0,0.01,0.01,0.0,0,118669.0
http,SF,204,1106,1,0.0,0.0,1.0,0.0,0.02,0.0,0.0,0,106368.0
private,S0,0,0,0,1.0,1.0,0.03,0.06,0.0,1.0,1.0,1,5381.0
http,SF,368,789,1,0.0,0.0,1.0,0.0,0.05,0.0,0.0,0,34900.0
ftp_data,SF,14052,0,1,0.0,0.0,1.0,0.0,0.01,0.0,0.0,0,14367.0
http,SF,332,538,1,0.0,0.0,1.0,0.0,0.04,0.0,0.0,0,55415.0
private,S0,0,0,0,1.0,1.0,0.07,0.06,0.0,1.0,1.0,1,65523.0
private,S0,0,0,0,1.0,1.0,0.01,0.06,0.0,1.0,1.0,1,98464.0
nntp,S0,0,0,0,1.0,1.0,0.06,0.06,0.0,1.0,1.0,1,50504.0
http,SF,258,392,1,0.0,0.0,1.0,0.0,0.03,0.01,0.01,0,44449.0
name,S0,0,0,0,1.0,1.0,0.12,0.05,0.0,1.0,1.0,1,88178.0
systat,S0,0,0,0,1.0,1.0,0.14,0.04,0.0,1.0,1.0,1,44204.0
http,SF,232,2012,1,0.0,0.0,1.0,0.0,0.03,0.0,0.0,0,11931.0
private,REJ,0,0,0,0.0,0.0,0.03,0.06,0.0,0.0,0.0,1,64420.0
ecr_i,SF,1032,0,0,0.0,0.0,1.0,0.0,0.0,0.01,0.0,1,82337.0
discard,S0,0,0,0,1.0,1.0,0.03,0.07,0.0,1.0,1.0,1,72156.0
domain_u,SF,42,71,0,0.0,0.0,1.0,0.01,0.0,0.0,0.0,0,42127.0
http,SF,245,188,1,0.0,0.0,1.0,0.0,0.04,0.03,0.01,0,14501.0
http,SF,193,383,1,0.0,0.0,1.0,0.0,0.03,0.0,0.0,0,9945.0
other,SF,147,0,0,0.0,0.0,0.2,0.6,0.0,0.0,0.0,0,30036.0
urp_i,SF,182,0,0,0.0,0.0,0.5,1.0,0.0,0.0,0.0,0,113542.0
http,SF,245,2698,1,0.0,0.0,1.0,0.0,0.0,0.0,0.0,0,74454.0
telnet,SF,517,48341,1,0.0,0.0,1.0,0.0,0.0,0.02,0.0,0,120354.0
private,S0,0,0,0,1.0,1.0,0.04,0.07,0.0,1.0,1.0,1,118506.0
iso_tsap,S0,0,0,0,1.0,1.0,0.06,0.07,0.0,1.0,1.0,1,48846.0
other,REJ,0,0,0,0.09,0.0,0.0,1.0,0.0,0.08,0.0,1,39117.0
http,SF,360,1738,1,0.0,0.0,1.0,0.0,0.0,0.0,0.0,0,1339.0
supdup,S0,0,0,0,1.0,1.0,0.01,0.06,0.0,1.0,1.0,1,45569.0
private,S0,0,0,0,1.0,1.0,0.03,0.08,0.0,1.0,1.0,1,92515.0
http,SF,296,301,1,0.0,0.0,1.0,0.0,0.07,0.0,0.0,0,24632.0
http,SF,307,819,1,0.0,0.0,1.0,0.0,0.0,0.0,0.0,0,92436.0
smtp,SF,1716,481,1,0.0,0.0,1.0,0.0,0.01,0.0,0.0,0,59954.0
whois,S0,0,0,0,1.0,1.0,0.04,0.06,0.0,1.0,1.0,1,108922.0
http,SF,218,1213,1,0.0,0.0,1.0,0.0,0.0,0.0,0.0,0,58229.0
http,SF,0,584,0,0.25,0.25,1.0,0.0,0.33,0.25,0.17,0,113282.0
private,S0,0,0,0,1.0,1.0,0.1,0.06,0.0,1.0,1.0,1,44838.0
ftp,SF,1236,2450,1,0.0,0.0,1.0,0.0,0.0,0.0,0.0,1,21735.0
private,S0,0,0,0,1.0,1.0,0.1,0.07,0.0,1.0,1.0,1,76647.0
domain_u,SF,45,127,0,0.0,0.0,1.0,0.0,0.0,0.0,0.0,0,116615.0
http,SF,209,2894,1,0.0,0.0,1.0,0.0,0.0,0.0,0.0,0,11921.0
http,SF,231,595,1,0.0,0.0,1.0,0.0,0.0,0.01,0.01,0,35391.0
uucp,S0,0,0,0,1.0,1.0,0.03,0.06,0.0,1.0,1.0,1,68840.0
private,S0,0,0,0,1.0,1.0,0.13,0.06,0.0,1.0,1.0,1,78090.0
smtp,SF,777,330,1,0.0,0.0,1.0,0.0,0.01,0.0,0.0,0,90757.0
whois,S0,0,0,0,1.0,1.0,0.0,0.07,0.0,1.0,1.0,1,37331.0
http,SF,282,449,1,0.0,0.0,1.0,0.0,0.01,0.0,0.0,0,59949.0
domain_u,SF,45,129,0,0.0,0.0,1.0,0.0,0.0,0.0,0.0,0,76015.0
domain_u,SF,46,46,0,0.0,0.0,0.43,0.29,0.0,0.0,0.0,0,8063.0
mtp,S0,0,0,0,1.0,1.0,0.06,0.09,0.0,1.0,1.0,1,120768.0
http,SF,260,250,1,0.0,0.0,1.0,0.0,0.01,0.0,0.0,0,39953.0
other,SF,516,4,0,0.0,0.0,1.0,0.0,0.0,0.0,0.0,0,121974.0
eco_i,SF,18,0,0,0.0,0.0,1.0,0.0,1.0,0.0,0.0,1,44434.0
http,S0,0,0,0,0.93,1.0,0.93,0.14,0.0,1.0,1.0,1,94952.0
pop_3,SF,80,3971,1,0.0,0.0,1.0,0.0,1.0,0.02,0.0,0,69196.0
private,SF,28,0,0,0.0,0.0,1.0,0.0,0.0,0.02,0.0,1,25888.0
kshell,S0,0,0,0,1.0,1.0,0.16,0.05,0.0,1.0,1.0,1,6079.0
private,S0,0,0,0,1.0,1.0,0.02,0.06,0.0,1.0,1.0,1,24474.0
http,SF,187,13920,1,0.0,0.0,1.0,0.0,0.05,0.0,0.0,0,52453.0
private,SH,0,0,0,1.0,1.0,1.0,0.0,0.0,0.86,1.0,1,24675.0
smtp,SF,1498,328,1,0.0,0.0,1.0,0.0,0.01,0.0,0.0,0,61254.0
http,SF,159,8442,1,0.0,0.0,1.0,0.0,0.03,0.0,0.0,0,92921.0
smtp,SF,2069,483,1,0.0,0.0,1.0,0.0,0.0,0.0,0.0,0,78983.0
private,SF,28,0,0,0.61,0.0,0.39,0.04,0.0,0.09,0.0,1,22003.0
finger,S0,0,0,0,1.0,1.0,0.26,0.17,0.0,1.0,1.0,1,119855.0
domain_u,SF,42,128,0,0.0,0.0,1.0,0.0,0.01,0.0,0.0,0,101970.0
http,SF,206,3127,1,0.25,0.25,1.0,0.0,0.0,0.01,0.01,0,90513.0
other,RSTR,1,0,0,0.0,0.0,1.0,0.0,0.0,0.0,0.0,1,77542.0
http,SF,310,11593,1,0.0,0.0,1.0,0.0,0.04,0.0,0.01,0,83720.0
other,SF,1,0,0,0.0,0.0,0.12,0.5,0.0,0.0,0.0,1,53755.0
http,SF,290,4017,1,0.0,0.0,1.0,0.0,0.07,0.0,0.0,0,19086.0
http,SF,326,9416,1,0.0,0.0,1.0,0.0,0.11,0.0,0.0,0,123882.0
eco_i,SF,8,0,0,0.0,0.0,1.0,0.0,0.51,0.0,0.0,1,18781.0
bgp,REJ,0,0,0,0.0,0.0,0.16,0.07,0.0,0.0,0.0,1,59721.0
http,SF,167,12933,1,0.0,0.0,1.0,0.0,0.05,0.0,0.0,0,111942.0
smtp,SF,3711,362,1,0.0,0.0,1.0,0.0,0.0,0.0,0.0,0,110036.0
http,SF,286,9216,1,0.0,0.0,1.0,0.0,0.0,0.0,0.0,0,99212.0
http,SF,315,283,1,0.0,0.0,1.0,0.0,0.04,0.0,0.0,0,96241.0
private,S0,0,0,0,1.0,1.0,0.14,0.06,0.0,1.0,1.0,1,7029.0
ecr_i,SF,1032,0,0,0.0,0.0,1.0,0.0,0.0,0.0,0.0,1,96386.0
discard,S0,0,0,0,1.0,1.0,0.09,0.07,0.0,1.0,1.0,1,2487.0
http,SF,318,382,1,0.0,0.0,1.0,0.0,0.04,0.0,0.0,0,70281.0
ftp_data,SF,2194619,0,1,0.0,0.0,1.0,0.0,0.05,0.0,0.0,0,70269.0
ftp,SF,311,1052,1,0.0,0.0,1.0,0.0,0.0,0.0,0.0,0,85248.0
imap4,S0,0,0,0,1.0,1.0,0.06,0.06,0.0,1.0,1.0,1,35817.0
domain_u,SF,46,142,0,0.0,0.0,1.0,0.0,0.0,0.0,0.0,0,57248.0
http,REJ,0,0,0,0.0,0.0,1.0,0.0,0.17,0.0,0.0,0,76156.0
domain_u,SF,44,131,0,0.0,0.0,0.96,0.09,0.0,0.0,0.0,0,9823.0
private,REJ,0,0,0,0.0,0.0,0.05,0.06,0.0,0.0,0.0,1,33284.0
private,S0,0,0,0,1.0,1.0,0.03,0.05,0.0,1.0,1.0,1,14539.0
http,SF,231,520,1,0.0,0.0,1.0,0.0,0.0,0.0,0.0,0,60906.0
ftp,SF,1212,2449,1,0.0,0.0,1.0,0.0,0.0,0.0,0.0,1,75421.0
eco_i,SF,8,0,0,0.0,0.0,1.0,0.0,0.26,0.0,0.0,1,79482.0
http,SF,352,5551,1,0.0,0.0,1.0,0.0,0.0,0.0,0.0,0,113593.0
private,RSTR,0,0,0,0.0,0.0,0.0,0.52,0.0,0.0,0.0,1,36683.0
private,S0,0,0,0,1.0,1.0,0.45,0.25,0.0,1.0,1.0,1,78558.0
eco_i,SF,8,0,0,0.0,0.0,1.0,0.0,0.5,0.0,0.0,1,73359.0
smtp,SF,790,334,1,0.0,0.0,1.0,0.0,0.02,0.0,0.02,0,79140.0
private,S0,0,0,0,1.0,1.0,0.01,0.07,0.0,1.0,1.0,1,22703.0
ecr_i,SF,1032,0,0,0.0,0.0,1.0,0.0,0.0,0.0,0.0,1,46655.0
domain_u,SF,44,77,0,0.0,0.0,1.0,0.0,0.0,0.0,0.0,0,73729.0
http,SF,318,236,1,0.0,0.0,1.0,0.0,0.05,0.0,0.0,0,108895.0
nntp,S0,0,0,0,1.0,1.0,0.09,0.04,0.0,1.0,1.0,1,61642.0
ftp_data,SF,9178,0,1,0.0,0.0,1.0,0.0,0.02,0.0,0.01,0,119799.0
http,SF,234,14602,1,0.0,0.0,1.0,0.0,0.0,0.0,0.0,0,59730.0
private,S0,0,0,0,1.0,1.0,0.12,0.06,0.0,1.0,1.0,1,125924.0
smtp,SF,1759,335,1,0.0,0.0,1.0,0.0,0.01,0.0,0.0,0,74793.0
private,S0,0,0,0,1.0,1.0,0.02,0.06,0.0,1.0,1.0,1,93002.0
telnet,SF,2225,35841,1,0.0,0.0,1.0,0.0,0.0,0.0,0.0,0,4915.0
eco_i,SF,8,0,0,0.0,0.0,1.0,0.0,0.5,0.0,0.0,1,40974.0
domain_u,SF,45,134,0,0.0,0.0,1.0,0.0,0.0,0.0,0.0,0,41034.0
domain_u,SF,44,75,0,0.0,0.0,1.0,0.01,0.0,0.0,0.0,0,55798.0
http,SF,216,1808,1,0.0,0.0,1.0,0.0,0.0,0.0,0.0,0,61270.0
private,S0,0,0,0,1.0,1.0,0.13,0.06,0.0,1.0,1.0,1,32310.0
other,RSTR,1,0,0,0.0,0.0,1.0,0.0,0.0,0.0,0.0,1,25734.0
http,REJ,0,0,0,0.0,0.0,1.0,0.0,0.1,0.0,0.0,0,5105.0
http,SF,198,29308,1,0.0,0.0,1.0,0.0,0.05,0.0,0.01,0,38145.0
http,SF,54540,8314,1,0.0,0.0,1.0,0.0,0.0,0.0,0.0,1,125574.0
private,S0,0,0,0,1.0,1.0,0.03,0.08,0.0,1.0,1.0,1,97362.0
private,S0,0,0,0,1.0,1.0,0.13,0.06,0.0,1.0,1.0,1,2797.0
link,S0,0,0,0,1.0,1.0,0.08,0.07,0.0,1.0,1.0,1,24521.0
http,SF,171,3070,1,0.0,0.0,1.0,0.0,0.01,0.0,0.0,0,24598.0
domain_u,SF,45,128,0,0.0,0.0,0.99,0.01,0.0,0.0,0.0,0,67839.0
http,REJ,0,0,0,0.0,0.0,1.0,0.0,0.12,0.0,0.0,0,45314.0
http,SF,332,7509,1,0.0,0.0,1.0,0.0,0.05,0.0,0.0,0,43713.0
ecr_i,SF,1032,0,0,0.0,0.0,1.0,0.0,0.0,0.0,0.0,1,65997.0
private,S0,0,0,0,1.0,1.0,0.01,0.06,0.0,1.0,1.0,1,120764.0
private,SF,105,146,0,0.0,0.0,0.25,0.5,0.0,0.0,0.0,0,1632.0
name,S0,0,0,0,1.0,1.0,0.01,0.06,0.0,1.0,1.0,1,83106.0
domain_u,SF,45,130,0,0.0,0.0,1.0,0.0,0.0,0.0,0.0,0,1300.0
smtp,SF,2166,373,1,0.0,0.0,1.0,0.0,0.01,0.0,0.0,0,115912.0
http,S1,336,13140,1,1.0,1.0,1.0,0.0,0.06,0.14,0.0,0,64698.0
private,S0,0,0,0,1.0,1.0,0.05,0.06,0.0,1.0,1.0,1,98129.0
netbios_dgm,S0,0,0,0,1.0,1.0,0.03,0.06,0.0,1.0,1.0,1,65877.0
http,SF,329,1284,1,0.0,0.0,1.0,0.0,0.04,0.0,0.0,0,88020.0
http,SF,278,1074,1,0.0,0.0,1.0,0.0,0.05,0.0,0.0,0,69822.0
login,S0,0,0,0,1.0,1.0,0.03,0.07,0.0,1.0,1.0,1,89579.0
http,SF,349,16411,1,0.0,0.0,1.0,0.0,0.02,0.0,0.0,0,81513.0
private,S0,0,0,0,1.0,1.0,0.04,0.07,0.0,1.0,1.0,1,13270.0
eco_i,SF,8,0,0,0.0,0.0,1.0,0.0,0.53,0.0,0.0,1,67477.0
eco_i,SF,8,0,0,0.0,0.0,1.0,0.0,0.25,0.0,0.0,1,66569.0
other,REJ,0,0,0,0.13,0.0,0.0,1.0,0.0,0.13,0.0,1,107050.0
telnet,S0,0,0,0,1.0,1.0,1.0,0.0,0.0,0.97,0.95,1,83479.0
domain_u,SF,41,124,0,0.0,0.0,1.0,0.0,0.0,0.0,0.0,0,51439.0
http,REJ,0,0,0,0.0,0.0,1.0,0.0,0.18,0.0,0.0,0,74028.0
http,REJ,0,0,0,0.0,0.0,1.0,0.0,0.22,0.0,0.0,0,3960.0
http,SF,241,750,1,0.0,0.0,1.0,0.0,0.04,0.0,0.0,0,53280.0
other,SF,146,0,0,0.0,0.0,0.33,1.0,0.0,0.0,0.0,0,54068.0
imap4,S0,0,0,0,1.0,1.0,0.05,0.07,0.0,1.0,1.0,1,65881.0
telnet,S0,0,0,0,1.0,1.0,1.0,0.0,0.1,1.0,0.95,1,39751.0
domain_u,SF,46,135,0,0.0,0.0,0.99,0.01,0.0,0.0,0.0,0,123669.0
other,SF,147,105,0,0.0,0.0,1.0,0.0,0.0,0.0,0.0,0,23944.0
domain_u,SF,46,72,0,0.0,0.0,0.99,0.02,0.0,0.0,0.0,0,77174.0
http,SF,290,320,1,0.0,0.0,1.0,0.0,0.02,0.0,0.0,0,91669.0
telnet,RSTO,0,0,0,0.0,0.0,0.06,0.06,0.0,0.0,0.0,1,115307.0
http,SF,205,5989,1,0.0,0.0,1.0,0.0,0.0,0.0,0.0,0,38254.0
http,SF,218,1211,1,0.0,0.0,1.0,0.0,0.01,0.0,0.0,0,42770.0
private,S0,0,0,0,1.0,1.0,0.02,0.06,0.0,1.0,1.0,1,114797.0
eco_i,SF,30,0,0,0.0,0.0,1.0,0.0,0.34,0.0,0.0,0,6387.0
iso_tsap,S0,0,0,0,1.0,1.0,0.06,0.07,0.0,1.0,1.0,1,109311.0
eco_i,SF,18,0,0,0.0,0.0,1.0,0.0,0.26,0.0,0.0,1,45386.0
bgp,S0,0,0,0,1.0,1.0,0.08,0.06,0.0,1.0,1.0,1,114270.0
domain_u,SF,43,129,0,0.0,0.0,1.0,0.0,0.0,0.0,0.0,0,20104.0
http,REJ,0,0,0,0.0,0.0,1.0,0.0,0.16,0.0,0.0,0,79623.0
ftp,RSTO,0,0,0,0.0,0.0,0.04,0.06,0.0,0.0,0.0,1,76132.0
http,SF,287,11974,1,0.0,0.0,1.0,0.0,0.03,0.0,0.0,0,46173.0
eco_i,SF,8,0,0,0.0,0.0,1.0,0.0,0.5,0.0,0.0,1,10221.0
smtp,SF,16661,390,1,0.0,0.0,1.0,0.0,0.01,0.0,0.0,0,109995.0
ftp_data,S0,0,0,0,1.0,1.0,0.09,0.05,0.0,1.0,1.0,1,65484.0
http,SF,272,742,1,0.0,0.0,1.0,0.0,0.08,0.0,0.0,0,27916.0
http,SF,307,895,1,0.0,0.0,1.0,0.0,0.02,0.0,0.0,0,115059.0
private,S0,0,0,0,1.0,1.0,0.31,0.05,0.0,1.0,1.0,1,13017.0
http,SF,228,12645,1,0.0,0.0,1.0,0.0,0.03,0.0,0.0,0,102066.0
ldap,S0,0,0,0,1.0,1.0,0.06,0.07,0.0,1.0,1.0,1,71723.0
private,RSTR,1,0,0,0.0,0.0,1.0,0.0,0.0,0.0,0.0,1,83956.0
http,REJ,0,0,0,0.0,0.0,1.0,0.0,0.04,0.0,0.0,0,30453.0
http,SF,54540,8314,1,0.0,0.0,1.0,0.0,0.0,0.0,0.0,1,102436.0
private,S0,0,0,0,1.0,1.0,0.03,0.06,0.0,1.0,1.0,1,77771.0
http,SF,276,1851,1,0.0,0.0,1.0,0.0,0.04,0.0,0.02,0,103584.0
http,SF,267,666,1,0.0,0.0,1.0,0.0,0.01,0.0,0.0,0,18874.0
ldap,S0,0,0,0,1.0,1.0,0.13,0.07,0.0,1.0,1.0,1,57340.0
private,RSTR,1,0,0,0.0,0.0,1.0,0.0,0.0,0.0,0.0,1,43281.0
http,SF,177,2661,1,0.0,0.0,1.0,0.0,0.16,0.0,0.0,0,63817.0
private,S0,0,0,0,1.0,1.0,0.05,0.06,0.0,1.0,1.0,1,106437.0
ctf,REJ,0,0,0,0.0,0.0,0.02,0.07,0.0,0.0,0.0,1,10076.0
private,S0,0,0,0,1.0,1.0,0.03,0.06,0.0,1.0,1.0,1,93160.0
private,S0,0,0,0,1.0,1.0,0.07,0.07,0.0,1.0,1.0,1,102592.0
http,SF,212,2531,1,0.0,0.0,1.0,0.0,0.01,0.01,0.01,0,35448.0
http,SF,211,313,1,0.03,0.03,1.0,0.0,0.0,0.0,0.0,0,124859.0
other,SF,147,105,0,0.0,0.0,1.0,0.0,0.0,0.0,0.0,0,46911.0
auth,REJ,0,0,0,0.0,0.0,0.05,0.06,0.0,0.0,0.0,1,72229.0
domain_u,SF,43,69,0,0.0,0.0,1.0,0.0,0.0,0.0,0.0,0,113512.0
http,SF,299,1380,1,0.0,0.0,1.0,0.0,0.0,0.0,0.0,0,52219.0
login,RSTO,0,0,0,0.0,0.0,0.14,0.05,0.0,0.0,0.0,1,56487.0
domain_u,SF,46,135,0,0.0,0.0,1.0,0.0,0.0,0.0,0.0,0,116389.0
http,SF,315,3074,1,0.0,0.0,1.0,0.0,0.02,0.0,0.0,0,106968.0
daytime,S0,0,0,0,1.0,1.0,0.17,0.05,0.0,1.0,1.0,1,59602.0
private,S0,0,0,0,1.0,1.0,0.01,0.07,0.0,1.0,1.0,1,72511.0
http,SF,199,419,1,0.0,0.0,1.0,0.0,0.05,0.0,0.0,0,51629.0
netbios_ssn,REJ,0,0,0,0.0,0.0,0.03,0.07,0.0,0.0,0.0,1,11828.0
domain_u,SF,43,135,0,0.0,0.0,1.0,0.0,0.0,0.0,0.0,0,115576.0
http,SF,209,753,1,0.0,0.0,1.0,0.0,0.04,0.0,0.0,0,116711.0
private,S0,0,0,0,1.0,1.0,0.05,0.05,0.0,1.0,1.0,1,78010.0
ftp_data,SF,12,0,1,0.0,0.0,1.0,0.0,0.06,0.0,0.02,0,115053.0
http,SF,230,660,1,0.0,0.0,1.0,0.0,0.02,0.0,0.0,0,114268.0
eco_i,SF,8,0,0,0.0,0.0,1.0,0.0,0.51,0.0,0.0,1,32216.0
domain_u,SF,45,78,0,0.0,0.0,1.0,0.0,0.0,0.0,0.0,0,85717.0
other,REJ,0,0,0,0.06,0.0,0.0,1.0,0.0,0.08,0.0,1,60236.0
smtp,SF,1782,330,1,0.0,0.0,1.0,0.0,0.01,0.01,0.01,0,20259.0
http,SF,222,7280,1,0.0,0.0,1.0,0.0,0.0,0.0,0.0,0,52711.0
http,SF,223,391,1,0.0,0.0,1.0,0.0,0.05,0.0,0.0,0,25948.0
eco_i,SF,8,0,0,0.0,0.0,1.0,0.0,0.26,0.0,0.0,1,10774.0
mtp,S0,0,0,0,1.0,1.0,0.02,0.07,0.0,1.0,1.0,1,3384.0
iso_tsap,S0,0,0,0,1.0,1.0,0.04,0.05,0.0,1.0,1.0,1,44809.0
domain_u,SF,44,71,0,0.0,0.0,1.0,0.0,0.0,0.0,0.0,0,52653.0
daytime,S0,0,0,0,1.0,1.0,0.05,0.07,0.0,1.0,1.0,1,22195.0
domain_u,SF,46,129,0,0.0,0.0,1.0,0.0,0.0,0.0,0.0,0,117097.0
http,SF,316,367,1,0.0,0.0,1.0,0.0,0.0,0.0,0.0,0,91552.0
ecr_i,SF,1032,0,0,0.0,0.0,1.0,0.0,0.0,0.0,0.0,1,28707.0
other,SF,4539,0,1,0.0,0.0,1.0,0.0,0.0,0.0,0.0,0,102190.0
uucp,S0,0,0,0,1.0,1.0,0.09,0.05,0.0,1.0,1.0,1,20144.0
vmnet,S0,0,0,0,1.0,1.0,0.07,0.06,0.0,1.0,1.0,1,28469.0
private,S0,0,0,0,1.0,1.0,0.13,0.06,0.0,1.0,1.0,1,66225.0
ftp_data,SF,884,0,1,0.0,0.0,1.0,0.0,0.03,0.0,0.01,0,34433.0
private,S0,0,0,0,1.0,1.0,0.0,0.07,0.0,1.0,1.0,1,13373.0
ftp_data,SF,9198,0,1,0.0,0.0,1.0,0.0,0.02,0.0,0.0,0,30043.0
domain_u,SF,46,143,0,0.0,0.0,1.0,0.0,0.0,0.0,0.0,0,43439.0
http,SF,223,2459,1,0.0,0.0,1.0,0.0,0.03,0.0,0.0,0,124366.0
domain_u,SF,46,81,0,0.0,0.0,0.99,0.02,0.0,0.0,0.0,0,5199.0
private,S0,0,0,0,1.0,1.0,0.07,0.06,0.0,1.0,1.0,1,83030.0
http,SF,239,511,1,0.0,0.0,1.0,0.0,0.04,0.0,0.0,0,101753.0
http,REJ,0,0,0,0.0,0.0,1.0,0.0,0.1,0.0,0.0,0,11143.0
smtp,SF,743,333,1,0.0,0.0,0.5,1.0,0.02,0.0,0.0,0,18529.0
http,SF,214,882,1,0.0,0.0,1.0,0.0,0.03,0.0,0.0,0,20758.0
eco_i,SF,8,0,0,0.0,0.0,1.0,0.0,0.51,0.0,0.0,1,63172.0
http,SF,188,12446,1,0.0,0.0,1.0,0.0,0.04,0.0,0.0,0,115180.0
domain,SF,48,496,1,0.0,0.0,0.02,0.03,0.0,0.0,0.0,0,72468.0
http,SF,54540,8314,1,0.0,0.0,1.0,0.0,0.0,0.0,0.0,1,37988.0
domain,S0,0,0,0,1.0,1.0,0.1,0.06,0.0,1.0,1.0,1,94259.0
ftp_data,SF,334,0,1,0.0,0.0,1.0,0.0,0.1,0.0,0.0,1,101680.0
http,SF,224,2043,1,0.0,0.0,1.0,0.0,0.0,0.0,0.0,0,74316.0
http,SF,292,987,1,0.0,0.0,1.0,0.0,0.05,0.0,0.0,0,28903.0
sunrpc,RSTO,0,0,0,0.0,0.0,0.06,0.06,0.0,0.0,0.0,1,107546.0
private,S0,0,0,0,1.0,1.0,0.1,0.13,0.0,1.0,1.0,1,63493.0
http,SF,311,2617,1,0.0,0.0,1.0,0.0,0.02,0.0,0.0,0,8718.0
domain_u,SF,43,134,0,0.0,0.0,0.99,0.02,0.0,0.0,0.0,0,98857.0
ftp_data,SF,63,0,0,0.0,0.0,1.0,0.0,0.0,0.93,0.0,0,15947.0
domain_u,SF,45,45,0,0.0,0.0,1.0,0.0,0.0,0.0,0.0,0,13762.0
http,SF,356,526,1,0.0,0.0,1.0,0.0,0.06,0.04,0.01,0,118664.0
smtp,SF,1306,335,1,0.0,0.0,1.0,0.0,0.02,0.03,0.0,0,77959.0
http,SF,239,3648,1,0.0,0.0,1.0,0.0,0.0,0.0,0.0,0,83643.0
smtp,SF,978,439,1,0.0,0.0,1.0,0.0,0.0,0.88,0.0,0,105115.0
http,S0,0,0,0,1.0,1.0,0.18,0.05,0.0,1.0,1.0,1,124474.0
http,S0,0,0,0,1.0,1.0,1.0,0.0,0.0,1.0,1.0,1,119072.0
private,S0,0,0,0,1.0,1.0,0.05,0.07,0.0,1.0,1.0,1,10949.0
ftp_data,SF,71,0,0,0.0,0.0,1.0,0.0,0.0,0.64,0.0,0,49500.0
ftp_data,SF,567,0,1,0.0,0.0,1.0,0.0,0.05,0.0,0.02,0,16157.0
whois,S0,0,0,0,1.0,1.0,0.04,0.06,0.0,1.0,1.0,1,50235.0
domain_u,SF,43,129,0,0.0,0.0,1.0,0.0,0.0,0.0,0.0,0,24497.0
http,SF,293,2457,1,0.0,0.0,1.0,0.0,0.0,0.0,0.0,0,46263.0
http,SF,236,2507,1,0.0,0.0,1.0,0.0,0.0,0.0,0.0,0,10315.0
http,SF,284,810,1,0.0,0.0,1.0,0.0,0.0,0.0,0.0,0,123550.0
http,SF,234,5280,1,0.0,0.0,1.0,0.0,0.0,0.0,0.0,0,51470.0
smtp,SF,888,331,1,0.0,0.0,1.0,0.0,0.01,0.01,0.01,0,116360.0
gopher,S0,0,0,0,1.0,1.0,0.02,0.08,0.0,1.0,1.0,1,75130.0
http,SF,147,438,1,0.0,0.0,1.0,0.0,0.02,0.0,0.0,0,76959.0
http,SF,305,1088,1,0.0,0.0,1.0,0.0,0.03,0.0,0.01,0,90362.0
private,REJ,0,0,0,0.0,0.0,0.17,0.07,0.0,0.0,0.0,1,23163.0
ftp_data,SF,201,0,0,0.0,0.0,1.0,0.0,0.0,0.0,0.0,0,118123.0
uucp,S0,0,0,0,1.0,1.0,0.06,0.06,0.0,1.0,1.0,1,25740.0
supdup,S0,0,0,0,1.0,1.0,0.23,0.1,0.0,1.0,1.0,1,13721.0
domain_u,SF,42,67,0,0.0,0.0,0.99,0.01,0.0,0.0,0.0,0,103692.0
netbios_ssn,S0,0,0,0,1.0,1.0,0.04,0.07,0.0,1.0,1.0,1,44938.0
discard,S0,0,0,0,1.0,1.0,0.14,0.06,0.0,1.0,1.0,1,101882.0
http,SF,322,272,1,0.0,0.0,1.0,0.0,0.0,0.0,0.0,0,31319.0
eco_i,SF,8,0,0,0.0,0.0,1.0,0.0,0.5,0.0,0.0,1,30097.0
time,S0,0,0,0,0.5,0.5,1.0,0.0,0.0,0.08,0.08,0,16373.0
domain_u,SF,45,119,0,0.0,0.0,1.0,0.0,0.0,0.0,0.0,0,99094.0
other,SF,147,105,0,0.0,0.0,0.33,0.5,0.0,0.0,0.0,0,110280.0
domain_u,SF,33,0,0,0.0,0.0,1.0,0.0,0.09,0.0,0.0,0,74449.0
http,SF,228,3749,1,0.0,0.0,1.0,0.0,0.04,0.0,0.0,0,6760.0
ecr_i,SF,1032,0,0,0.0,0.0,1.0,0.0,0.0,0.0,0.0,1,86481.0
http,SF,316,4056,1,0.0,0.0,1.0,0.0,0.03,0.0,0.0,0,45485.0
other,SF,59,0,1,0.14,0.0,0.14,1.0,0.0,0.03,0.0,0,124645.0
http,SF,54540,8314,1,0.0,0.0,1.0,0.0,0.0,0.0,0.0,1,52275.0
ctf,REJ,0,0,0,0.0,0.0,0.03,0.06,0.0,0.0,0.0,1,62567.0
private,S0,0,0,0,1.0,1.0,0.12,0.06,0.0,1.0,1.0,1,51526.0
private,S0,0,0,0,1.0,1.0,0.0,0.07,0.0,1.0,1.0,1,5621.0
telnet,S0,0,0,0,1.0,1.0,0.08,0.05,0.0,1.0,1.0,1,90290.0
whois,S0,0,0,0,1.0,1.0,0.06,0.06,0.0,1.0,1.0,1,38010.0
http,RSTR,15492,8314,1,0.0,0.0,1.0,0.0,0.0,0.0,0.0,1,115021.0
eco_i,SF,8,0,0,0.0,0.0,1.0,0.0,0.5,0.0,0.0,1,120137.0
http,SF,363,4815,1,0.0,0.0,1.0,0.0,0.02,0.0,0.0,0,119769.0
daytime,RSTO,0,0,0,0.0,0.0,0.06,0.06,0.0,0.0,0.0,1,119439.0
private,S0,0,0,0,1.0,1.0,0.06,0.06,0.0,1.0,1.0,1,66549.0
Z39_50,S0,0,0,0,1.0,1.0,0.04,0.06,0.0,1.0,1.0,1,90387.0
private,S0,0,0,0,1.0,1.0,0.03,0.06,0.0,1.0,1.0,1,96545.0
private,SF,1,0,0,0.0,0.0,1.0,0.0,0.0,0.0,0.0,1,29650.0
ftp_data,S0,0,0,0,1.0,1.0,0.23,0.13,0.0,1.0,1.0,1,61695.0
private,S0,0,0,0,1.0,1.0,0.01,0.06,0.0,1.0,1.0,1,16329.0
smtp,SF,1809,330,1,0.0,0.0,1.0,0.0,0.01,0.0,0.0,0,36057.0
ftp_data,SF,637,0,0,0.0,0.0,1.0,0.0,0.0,0.01,0.0,0,66876.0
smtp,SF,4200,340,1,0.0,0.0,1.0,0.0,0.0,0.0,0.0,0,116632.0
http,REJ,0,0,0,0.0,0.0,1.0,0.0,0.17,0.0,0.0,0,95358.0
http,SF,207,885,1,0.0,0.0,1.0,0.0,0.0,0.0,0.0,0,71613.0
http,SF,181,5721,1,0.0,0.0,1.0,0.0,0.0,0.0,0.0,0,71766.0
ldap,S0,0,0,0,1.0,1.0,0.11,0.08,0.0,1.0,1.0,1,37294.0
telnet,S0,0,0,0,1.0,1.0,0.12,0.06,0.0,1.0,1.0,1,63967.0
ftp,SF,342,1063,1,0.0,0.0,1.0,0.0,0.0,0.0,0.0,0,54774.0
login,S0,0,0,0,1.0,1.0,0.02,0.05,0.0,1.0,1.0,1,44837.0
domain_u,SF,46,77,0,0.0,0.0,1.0,0.0,0.0,0.0,0.0,0,75720.0
ftp_data,S0,0,0,0,1.0,1.0,0.01,0.05,0.0,1.0,1.0,1,42080.0
smtp,SF,860,330,1,0.0,0.0,1.0,0.0,0.01,0.01,0.01,0,47764.0
private,S0,0,0,0,1.0,1.0,0.07,0.06,0.0,1.0,1.0,1,69581.0
efs,S0,0,0,0,1.0,1.0,0.09,0.06,0.0,1.0,1.0,1,81565.0
other,SF,147,105,0,0.0,0.0,1.0,0.0,0.0,0.0,0.0,0,87984.0
exec,S0,0,0,0,1.0,1.0,0.07,0.06,0.0,1.0,1.0,1,68713.0
private,SF,28,0,0,0.01,0.0,0.98,0.04,0.0,0.0,0.0,1,18466.0
domain_u,SF,46,84,0,0.0,0.0,1.0,0.0,0.0,0.0,0.0,0,111938.0
private,S0,0,0,0,1.0,1.0,0.02,0.07,0.0,1.0,1.0,1,117225.0
private,SF,105,147,0,0.0,0.0,1.0,0.0,0.0,0.0,0.0,0,67256.0
domain_u,SF,46,46,0,0.0,0.0,1.0,0.0,0.0,0.0,0.0,0,68380.0
smtp,SF,1166,329,1,0.0,0.0,1.0,0.0,0.0,0.0,0.0,0,110263.0
private,SF,28,0,0,0.0,0.0,1.0,0.0,0.0,0.0,0.0,1,90265.0
csnet_ns,S0,0,0,0,1.0,1.0,0.07,0.07,0.0,1.0,1.0,1,37887.0
private,SH,0,0,0,1.0,1.0,1.0,0.0,0.0,0.96,1.0,1,2579.0
domain_u,SF,45,79,0,0.0,0.0,1.0,0.0,0.0,0.0,0.0,0,36925.0
http,SF,316,6224,1,0.0,0.0,1.0,0.0,0.04,0.0,0.0,0,123125.0
private,S0,0,0,0,1.0,1.0,0.04,0.05,0.0,1.0,1.0,1,9225.0
ftp_data,SF,334,0,1,0.0,0.0,1.0,0.0,0.12,0.0,0.0,1,111837.0
http,SF,222,488,1,0.0,0.0,1.0,0.0,0.0,0.0,0.0,0,5306.0
sunrpc,RSTO,0,0,0,0.0,0.0,0.06,0.06,0.0,0.0,0.0,1,106872.0
private,S0,0,0,0,1.0,1.0,0.2,0.08,0.0,1.0,1.0,1,123481.0
private,S0,0,0,0,1.0,1.0,0.18,0.06,0.0,1.0,1.0,1,114800.0
domain_u,SF,45,75,0,0.0,0.0,1.0,0.0,0.0,0.0,0.0,0,36421.0
other,REJ,0,0,0,0.05,0.0,0.0,0.96,0.0,0.03,0.0,1,2032.0
http,SF,307,2698,1,0.0,0.0,1.0,0.0,0.0,0.0,0.0,0,66873.0
eco_i,SF,8,0,0,0.0,0.0,1.0,0.0,0.25,0.0,0.0,1,35701.0
other,SF,145,105,0,0.0,0.0,1.0,0.0,0.0,0.0,0.0,0,29423.0
private,SF,1,0,0,0.0,0.0,0.19,0.11,0.0,0.0,0.0,1,40464.0
http,SF,190,327,1,0.0,0.0,1.0,0.0,0.06,0.0,0.0,0,67143.0
http,SF,147,8678,1,0.0,0.0,1.0,0.0,0.02,0.0,0.0,0,63410.0
smtp,SF,1971,329,1,0.0,0.0,1.0,0.0,0.0,0.0,0.0,0,61586.0
http,SF,214,5200,1,0.0,0.0,1.0,0.0,0.0,0.0,0.0,0,13046.0
private,S0,0,0,0,1.0,1.0,0.05,0.07,0.0,1.0,1.0,1,109608.0
exec,S0,0,0,0,1.0,1.0,0.5,0.12,0.0,1.0,1.0,1,71497.0
private,S0,0,0,0,1.0,1.0,0.12,0.05,0.0,1.0,1.0,1,59852.0
bgp,S0,0,0,0,1.0,1.0,0.04,0.06,0.0,1.0,1.0,1,30949.0
http,SF,209,770,1,0.0,0.0,1.0,0.0,0.0,0.0,0.0,0,108810.0
http,SF,257,1978,1,0.0,0.0,1.0,0.0,0.04,0.0,0.0,0,69350.0
ftp_data,S0,0,0,0,1.0,1.0,0.01,0.07,0.0,1.0,1.0,1,70272.0
ldap,S0,0,0,0,1.0,1.0,0.08,0.06,0.0,1.0,1.0,1,19895.0
http,S0,0,0,0,1.0,1.0,0.01,0.07,0.0,1.0,1.0,1,49855.0
http,SF,217,15560,1,0.0,0.0,1.0,0.0,0.01,0.0,0.0,0,2284.0
http,SF,327,822,1,0.0,0.0,1.0,0.0,0.06,0.0,0.0,0,106657.0
private,S0,0,0,0,1.0,1.0,0.14,0.05,0.0,1.0,1.0,1,62571.0
http,SF,284,281,1,0.0,0.0,1.0,0.0,0.01,0.0,0.0,0,89083.0
http,SF,301,1364,1,0.0,0.0,1.0,0.0,0.02,0.0,0.0,0,18188.0
other,SF,7280,0,0,0.08,0.0,0.08,0.62,0.0,0.01,0.0,0,113283.0
courier,S0,0,0,0,1.0,1.0,0.18,0.06,0.0,1.0,1.0,1,109547.0
http,S0,0,0,0,1.0,1.0,0.2,0.2,0.0,1.0,1.0,1,18793.0
http,SF,322,2999,1,0.0,0.0,1.0,0.0,0.04,0.0,0.0,0,69785.0
private,REJ,0,0,0,0.0,0.0,0.07,0.05,0.0,0.0,0.0,1,113322.0
http,SF,215,5212,1,0.0,0.0,1.0,0.0,0.02,0.0,0.0,0,88312.0
private,S0,0,0,0,1.0,1.0,0.17,0.06,0.0,1.0,1.0,1,24479.0
domain_u,SF,36,0,0,0.0,0.0,1.0,0.0,0.01,0.0,0.0,0,47406.0
http,SF,226,370,1,0.0,0.0,1.0,0.0,0.0,0.0,0.0,0,89340.0
http,SF,291,3377,1,0.0,0.0,1.0,0.0,0.04,0.0,0.0,0,93448.0
time,RSTO,0,0,0,0.0,0.0,0.05,0.07,0.0,0.0,0.0,1,123498.0
http,SF,244,1847,1,0.0,0.0,1.0,0.0,0.04,0.0,0.0,0,29601.0
ecr_i,SF,1032,0,0,0.0,0.0,1.0,0.0,0.0,0.0,0.0,1,77788.0
exec,S0,0,0,0,1.0,1.0,0.12,0.06,0.0,1.0,1.0,1,103322.0
smtp,SF,1055,334,1,0.0,0.0,1.0,0.0,0.02,0.0,0.0,0,87518.0
http,SF,257,2616,1,0.0,0.0,1.0,0.0,0.01,0.0,0.0,0,22881.0
private,REJ,0,0,0,0.0,0.0,0.03,1.0,0.0,0.0,0.0,1,26293.0
time,S0,0,0,0,1.0,1.0,0.14,0.05,0.0,1.0,1.0,1,7252.0
IRC,RSTR,4568,14677,0,0.0,0.0,1.0,0.0,0.0,0.0,0.0,0,103935.0
http,SF,54540,8314,1,0.0,0.0,1.0,0.0,0.0,0.0,0.0,1,48956.0
private,SF,105,0,0,0.0,0.0,1.0,0.0,0.0,0.0,0.0,0,23851.0
private,S0,0,0,0,1.0,1.0,0.06,0.05,0.0,1.0,1.0,1,9204.0
http,SF,219,321,1,0.25,0.1,1.0,0.0,0.0,0.0,0.0,0,66877.0
ftp_data,SF,1699,0,0,0.0,0.0,1.0,0.0,0.02,0.0,0.0,0,71765.0
http,SF,367,388,1,0.0,0.0,1.0,0.0,0.0,0.0,0.0,0,6178.0
mtp,REJ,0,0,0,0.0,0.0,0.03,0.07,0.0,0.0,0.0,1,31442.0
domain_u,SF,45,83,0,0.0,0.0,1.0,0.01,0.0,0.0,0.0,0,123608.0
finger,SF,9,366,0,0.0,0.0,1.0,0.0,0.0,0.0,0.0,0,73105.0
private,S0,0,0,0,1.0,1.0,0.0,0.06,0.0,1.0,1.0,1,106109.0
sunrpc,RSTO,0,0,0,0.0,0.0,0.06,0.07,0.0,0.0,0.0,1,99400.0
private,S0,0,0,0,1.0,1.0,0.1,0.07,0.0,1.0,1.0,1,34337.0
domain_u,SF,44,117,0,0.0,0.0,1.0,0.0,0.0,0.0,0.0,0,30102.0
private,SF,1,0,0,0.0,0.0,0.62,0.25,0.0,0.03,0.0,1,17651.0
ftp,SF,338,1072,1,0.0,0.0,1.0,0.0,0.0,0.0,0.0,0,62359.0
http,S0,0,0,0,1.0,0.75,1.0,0.0,0.04,1.0,0.04,0,29361.0
domain_u,SF,43,70,0,0.0,0.0,1.0,0.0,0.0,0.0,0.0,0,24907.0
http,SF,207,771,1,0.0,0.0,1.0,0.0,0.0,0.0,0.0,0,72135.0
domain,REJ,0,0,0,0.0,0.0,0.02,0.07,0.0,0.0,0.0,1,27539.0
vmnet,S0,0,0,0,1.0,1.0,0.01,0.09,0.0,1.0,1.0,1,64538.0
smtp,SF,1717,328,1,0.0,0.0,1.0,0.0,0.01,0.01,0.0,0,40365.0
uucp_path,REJ,0,0,0,0.0,0.0,0.06,0.07,0.0,0.0,0.0,1,92349.0
http,SF,269,191,1,0.0,0.0,1.0,0.0,0.1,0.0,0.0,0,61655.0
http,SF,252,11485,1,0.0,0.0,1.0,0.0,0.0,0.0,0.0,0,86911.0
ftp_data,SF,37,0,1,0.0,0.0,1.0,0.0,0.02,0.07,0.0,0,99816.0
other,RSTR,1,0,0,0.0,0.0,1.0,0.0,0.0,0.0,0.0,1,13599.0
private,REJ,0,0,0,0.0,0.0,0.16,0.07,0.0,0.0,0.0,1,52859.0
http,SF,311,1352,1,0.0,0.0,1.0,0.0,0.0,0.0,0.0,0,103894.0
private,REJ,0,0,0,0.0,0.0,1.0,0.0,0.0,0.0,0.0,1,48079.0
link,S0,0,0,0,1.0,1.0,0.04,0.07,0.0,1.0,1.0,1,24172.0
other,REJ,0,0,0,0.11,0.0,0.0,1.0,0.0,0.0,0.0,1,41743.0
http,RSTR,53168,7300,1,0.0,0.0,1.0,0.0,0.0,0.0,0.0,1,123745.0
domain_u,SF,44,125,0,0.0,0.0,1.0,0.0,0.0,0.0,0.0,0,69734.0
time,SF,0,4,0,0.0,0.0,1.0,0.0,0.0,0.0,0.0,0,20819.0
http,SF,205,1736,1,0.0,0.0,1.0,0.0,0.05,0.0,0.0,0,31892.0
ecr_i,SF,1032,0,0,0.0,0.0,1.0,0.0,0.0,0.0,0.0,1,19064.0
other,SF,145,105,0,0.0,0.0,1.0,0.0,0.0,0.0,0.0,0,100026.0
http,SF,160,428,1,0.5,0.5,1.0,0.0,0.0,0.0,0.0,0,79417.0
telnet,S0,0,0,0,1.0,1.0,0.11,0.05,0.0,1.0,1.0,1,110979.0
uucp_path,S0,0,0,0,1.0,1.0,0.1,0.06,0.0,1.0,1.0,1,91731.0
http,SF,0,1101,0,0.17,0.17,1.0,0.0,0.08,0.17,0.0,0,72880.0
ftp_data,SF,334,0,1,0.0,0.0,1.0,0.0,0.17,0.0,0.0,1,13968.0
http,SF,209,35200,1,0.0,0.0,1.0,0.0,0.05,0.0,0.0,0,92298.0
smtp,SF,977,331,1,0.0,0.0,1.0,0.0,0.0,0.0,0.0,0,86674.0
http,SF,228,18255,1,0.0,0.0,1.0,0.0,0.02,0.0,0.0,0,56791.0
http,SF,231,2239,1,0.0,0.0,1.0,0.0,0.0,0.0,0.0,0,115952.0
http,REJ,0,0,0,0.0,0.0,1.0,0.0,0.0,0.0,0.0,0,76120.0
login,S0,0,0,0,1.0,1.0,0.02,0.07,0.0,1.0,1.0,1,3461.0
ftp_data,SF,0,1690,0,0.0,0.25,1.0,0.0,0.03,0.0,0.01,0,94456.0
http,S0,0,0,0,1.0,1.0,0.29,0.06,0.0,0.99,1.0,1,46586.0
domain_u,SF,46,139,0,0.0,0.0,1.0,0.0,0.0,0.0,0.0,0,73392.0
ftp_data,S0,0,0,0,1.0,1.0,0.0,0.07,0.0,1.0,1.0,1,113042.0
http,SF,307,3531,1,0.0,0.0,1.0,0.0,0.02,0.0,0.0,0,69784.0
iso_tsap,S0,0,0,0,1.0,1.0,0.18,0.05,0.0,1.0,1.0,1,25804.0
http,SF,192,759,1,0.0,0.0,1.0,0.0,0.02,0.0,0.0,0,43032.0
auth,S0,0,0,0,1.0,1.0,0.12,0.06,0.0,1.0,1.0,1,76820.0
http,SF,238,688,1,0.0,0.0,1.0,0.0,0.08,0.0,0.0,0,104861.0
private,SF,1,0,0,0.0,0.0,0.41,0.09,0.0,0.0,0.0,1,102903.0
ctf,S0,0,0,0,1.0,1.0,0.03,0.06,0.0,1.0,1.0,1,16530.0
private,SF,105,147,0,0.0,0.0,1.0,0.0,0.0,0.0,0.0,0,19322.0
http,SF,332,821,1,0.0,0.0,1.0,0.0,0.0,0.0,0.0,0,30983.0
eco_i,SF,30,0,0,0.0,0.0,1.0,0.0,0.0,0.0,0.0,0,15291.0
private,REJ,0,0,0,0.01,0.0,0.01,1.0,0.0,0.0,0.0,1,32311.0
private,REJ,0,0,0,0.0,0.0,0.06,0.08,0.0,0.0,0.0,1,20267.0
http,SF,337,471,1,0.0,0.0,1.0,0.0,0.04,0.0,0.01,0,110595.0
private,S0,0,0,0,1.0,1.0,0.04,0.06,0.0,1.0,1.0,1,73313.0
private,REJ,0,0,0,0.0,0.0,0.36,0.11,0.0,0.0,0.0,1,47988.0
private,S0,0,0,0,1.0,1.0,0.05,0.06,0.0,1.0,1.0,1,125800.0
private,S0,0,0,0,1.0,1.0,0.05,0.06,0.0,1.0,1.0,1,48562.0
http,SF,334,15650,1,0.0,0.0,1.0,0.0,0.04,0.0,0.0,0,66364.0
http,SF,198,3487,1,0.0,0.0,1.0,0.0,0.06,0.0,0.0,0,4675.0
eco_i,SF,8,0,0,0.0,0.0,1.0,0.0,0.51,0.0,0.0,1,58333.0
http,SF,316,362,1,0.0,0.0,1.0,0.0,0.03,0.0,0.0,0,81720.0
uucp_path,S0,0,0,0,1.0,1.0,0.1,0.06,0.0,1.0,1.0,1,121233.0
supdup,S0,0,0,0,1.0,1.0,0.07,0.07,0.0,1.0,1.0,1,64525.0
http,SF,317,1156,1,0.0,0.0,1.0,0.0,0.03,0.0,0.0,0,2759.0
pop_3,S0,0,0,0,1.0,1.0,0.03,0.06,0.0,1.0,1.0,1,80169.0
domain_u,SF,112,36,0,0.0,0.0,1.0,0.0,0.0,0.0,0.0,0,106152.0
Z39_50,S0,0,0,0,1.0,1.0,0.29,0.43,0.0,1.0,1.0,1,81061.0
private,RSTR,1,0,0,0.0,0.0,1.0,0.0,0.0,0.0,0.0,1,25889.0
private,S0,0,0,0,1.0,1.0,0.05,0.06,0.0,1.0,1.0,1,50344.0
login,S0,0,0,0,1.0,1.0,0.18,0.06,0.0,1.0,1.0,1,95002.0
ftp,SF,233,774,1,0.0,0.0,1.0,0.0,0.0,0.0,0.0,0,75322.0
discard,S0,0,0,0,1.0,1.0,0.08,0.07,0.0,1.0,1.0,1,93275.0
uucp,S0,0,0,0,1.0,1.0,0.13,0.06,0.0,1.0,1.0,1,104556.0
other,SF,147,105,0,0.0,0.0,0.4,0.6,0.0,0.0,0.0,0,73255.0
telnet,SF,277,693,0,0.0,0.0,1.0,0.0,0.0,0.0,0.0,1,108500.0
ctf,S0,0,0,0,1.0,1.0,0.01,0.06,0.0,1.0,1.0,1,110905.0
domain_u,SF,46,117,0,0.0,0.0,1.0,0.0,0.0,0.0,0.0,0,44553.0
systat,S0,0,0,0,1.0,1.0,0.02,0.07,0.0,1.0,1.0,1,124527.0
systat,S0,0,0,0,1.0,1.0,0.09,0.05,0.0,1.0,1.0,1,110815.0
smtp,SF,656,327,1,0.0,0.0,1.0,0.0,0.01,0.01,0.01,0,107838.0
http,SF,272,194,1,0.0,0.0,1.0,0.0,0.0,0.0,0.0,0,61777.0
uucp,S0,0,0,0,1.0,1.0,0.07,0.06,0.0,1.0,1.0,1,61971.0
http,SF,331,278,1,0.0,0.0,1.0,0.0,0.0,0.0,0.0,0,18177.0
domain_u,SF,45,132,0,0.0,0.0,1.0,0.0,0.0,0.0,0.0,0,62956.0
pop_2,REJ,0,0,0,0.0,0.0,0.04,0.07,0.0,0.0,0.0,1,93950.0
private,REJ,0,0,0,0.0,0.0,0.04,0.07,0.0,0.0,0.0,1,82049.0
supdup,REJ,0,0,0,0.0,0.0,0.06,0.05,0.0,0.0,0.0,1,64359.0
http,SF,219,181,1,0.0,0.0,1.0,0.0,0.0,0.0,0.0,0,39354.0
private,S0,0,0,0,1.0,1.0,0.12,0.05,0.0,1.0,1.0,1,91267.0
private,REJ,0,0,0,0.0,0.0,0.03,0.06,0.0,0.0,0.0,1,93651.0
private,S0,0,0,0,1.0,1.0,0.06,0.06,0.0,1.0,1.0,1,22441.0
private,S0,0,0,0,1.0,1.0,0.13,0.05,0.0,1.0,1.0,1,88580.0
smtp,SF,1885,330,1,0.0,0.0,1.0,0.0,0.0,0.0,0.0,0,122686.0
http,SF,270,3889,1,0.0,0.0,1.0,0.0,0.0,0.0,0.0,0,83072.0
domain_u,SF,45,109,0,0.0,0.0,1.0,0.0,0.0,0.0,0.0,0,73242.0
smtp,SF,2240,330,1,0.0,0.0,1.0,0.0,0.01,0.0,0.0,0,79435.0
http,SF,196,552,1,0.0,0.0,1.0,0.0,0.02,0.0,0.0,0,64474.0
other,SF,146,105,0,0.0,0.0,1.0,0.0,0.0,0.0,0.0,0,101573.0
finger,SF,9,0,0,0.0,0.0,1.0,0.0,0.33,0.0,0.0,0,44180.0
http,SF,219,2865,1,0.0,0.0,1.0,0.0,0.01,0.0,0.0,0,48724.0
smtp,SF,2006,372,1,0.0,0.0,1.0,0.0,0.0,0.0,0.0,0,3022.0
ftp_data,S0,0,0,0,1.0,1.0,0.0,0.07,0.0,1.0,1.0,1,4577.0
http,SF,335,14638,1,0.0,0.0,1.0,0.0,0.0,0.0,0.0,0,27862.0
http,SF,237,481,1,0.0,0.0,1.0,0.0,0.04,0.0,0.01,0,121133.0
netstat,S0,0,0,0,1.0,1.0,0.05,0.06,0.0,1.0,1.0,1,2940.0
uucp,S0,0,0,0,1.0,1.0,0.09,0.06,0.0,1.0,1.0,1,119041.0
other,REJ,0,0,0,0.09,0.0,0.0,1.0,0.0,0.06,0.0,1,70898.0
uucp_path,S0,0,0,0,1.0,1.0,0.16,0.04,0.0,1.0,1.0,1,108080.0
http,SF,242,3569,1,0.0,0.0,1.0,0.0,0.03,0.0,0.0,0,8782.0
private,S0,0,0,0,1.0,1.0,0.03,0.06,0.0,1.0,1.0,1,29396.0
http,SF,329,2576,1,0.0,0.0,1.0,0.0,0.05,0.0,0.0,0,20791.0
eco_i,SF,8,0,0,0.0,0.0,1.0,0.0,0.5,0.0,0.0,1,24713.0
telnet,S0,0,0,0,1.0,1.0,0.26,0.05,0.0,1.0,1.0,1,55983.0
ecr_i,SF,1032,0,0,0.0,0.0,1.0,0.0,0.0,0.0,0.0,1,115384.0
http,SF,238,1112,1,0.0,0.0,1.0,0.0,0.02,0.0,0.01,0,89655.0
private,S0,0,0,0,1.0,1.0,0.07,0.06,0.0,1.0,1.0,1,92199.0
eco_i,SF,30,0,0,0.0,0.0,0.33,0.67,0.0,0.0,0.0,0,71062.0
IRC,RSTR,732,8354,0,0.0,0.0,1.0,0.0,0.0,0.0,0.0,0,110622.0
smtp,SF,1543,336,1,0.0,0.0,1.0,0.0,0.02,0.01,0.0,0,79912.0
http,SF,226,2038,1,0.0,0.0,1.0,0.0,0.0,0.0,0.0,0,120113.0
http,SF,187,5276,1,0.0,0.0,1.0,0.0,0.02,0.0,0.0,0,54287.0
ecr_i,SF,520,0,0,0.0,0.0,1.0,0.0,0.0,0.0,0.0,1,13148.0
private,REJ,0,0,0,0.0,0.0,0.06,0.06,0.0,0.0,0.0,1,55676.0
ecr_i,SF,520,0,0,0.0,0.0,1.0,0.0,0.0,0.0,0.0,1,110257.0
http,SF,227,449,1,0.0,0.0,1.0,0.0,0.0,0.0,0.0,0,97353.0
ftp_data,SF,16115,0,1,0.0,0.0,1.0,0.0,0.03,0.0,0.0,0,47876.0
ftp_data,SF,1339,0,1,0.0,0.0,1.0,0.0,0.0,0.0,0.0,0,67670.0
finger,SF,10,142,0,0.0,0.0,1.0,0.0,0.0,0.01,0.0,0,124173.0
domain_u,SF,45,129,0,0.0,0.0,1.0,0.0,0.0,0.0,0.0,0,121854.0
eco_i,SF,8,0,0,0.0,0.0,1.0,0.0,0.25,0.0,0.0,1,56964.0
http,SF,207,3018,1,0.0,0.0,1.0,0.0,0.05,0.0,0.0,0,15052.0
exec,S0,0,0,0,1.0,1.0,0.01,0.07,0.0,1.0,1.0,1,89925.0
netstat,REJ,0,0,0,0.0,0.0,0.06,0.06,0.0,0.0,0.0,1,23165.0
name,S0,0,0,0,1.0,1.0,0.01,0.08,0.0,1.0,1.0,1,23615.0
domain_u,SF,46,72,0,0.0,0.0,1.0,0.0,0.0,0.0,0.0,0,25483.0
finger,SF,9,285,0,0.0,0.0,1.0,0.0,0.33,0.0,0.0,0,14510.0
efs,REJ,0,0,0,0.0,0.0,0.02,0.07,0.0,0.0,0.0,1,92291.0
http,SF,212,313,1,0.0,0.0,1.0,0.0,0.0,0.0,0.0,0,88490.0
http,SF,235,4076,1,0.0,0.0,1.0,0.0,0.02,0.0,0.0,0,70966.0
http,SF,189,1260,1,0.0,0.0,1.0,0.0,0.02,0.0,0.0,0,58977.0
http,SF,244,1856,1,0.0,0.0,1.0,0.0,0.0,0.0,0.0,0,11050.0
domain_u,SF,45,132,0,0.0,0.0,1.0,0.0,0.0,0.0,0.0,0,66350.0
ftp,S0,0,0,0,1.0,1.0,0.0,0.07,0.0,1.0,1.0,1,2854.0
private,SF,1,0,0,0.0,0.0,0.14,0.64,0.0,0.03,0.0,1,97049.0
private,S0,0,0,0,1.0,1.0,0.04,0.06,0.0,1.0,1.0,1,97001.0
private,S0,0,0,0,1.0,1.0,0.05,0.06,0.0,1.0,1.0,1,3410.0
private,S0,0,0,0,1.0,1.0,0.05,0.07,0.0,1.0,1.0,1,101170.0
systat,S0,0,0,0,1.0,1.0,0.07,0.06,0.0,1.0,1.0,1,42323.0
smtp,SF,2941,329,1,0.0,0.0,1.0,0.0,0.0,0.0,0.0,0,82608.0
bgp,REJ,0,0,0,0.0,0.0,0.07,0.08,0.0,0.0,0.0,1,102445.0
eco_i,SF,8,0,0,0.0,0.0,1.0,0.0,0.5,0.0,0.0,1,22714.0
domain_u,SF,42,42,0,0.0,0.0,1.0,0.0,0.0,0.0,0.0,0,90787.0
ftp_data,SF,9178,0,0,0.0,0.0,1.0,0.0,0.03,0.0,0.0,0,72649.0
private,REJ,0,0,0,0.0,0.0,0.08,0.07,0.0,0.0,0.0,1,91635.0
smtp,SF,1364,334,1,0.0,0.0,1.0,0.0,0.01,0.0,0.0,0,17697.0
http,SF,223,1008,1,0.0,0.0,1.0,0.0,0.04,0.0,0.0,0,71483.0
private,S0,0,0,0,1.0,1.0,0.08,0.07,0.0,1.0,1.0,1,86034.0
kshell,S0,0,0,0,1.0,1.0,0.12,0.06,0.0,1.0,1.0,1,52834.0
http,SF,211,15142,1,0.0,0.0,1.0,0.0,0.04,0.0,0.0,0,82276.0
smtp,SF,2020,337,1,0.0,0.0,1.0,0.0,0.0,0.0,0.0,0,58772.0
http,SF,227,7783,1,0.0,0.0,1.0,0.0,0.04,0.0,0.0,0,105526.0
http,REJ,0,0,0,0.0,0.0,0.0,0.0,0.0,0.0,0.0,0,14228.0
http,SF,54540,8314,1,0.0,0.0,1.0,0.0,0.0,0.0,0.0,1,67766.0
http,SF,292,269,1,0.0,0.09,1.0,0.0,0.0,0.0,0.0,0,54739.0
ftp_data,SF,1376,0,0,0.0,0.0,1.0,0.0,0.0,0.0,0.0,0,50112.0
supdup,S0,0,0,0,1.0,1.0,0.04,0.09,0.0,1.0,1.0,1,77697.0
eco_i,SF,8,0,0,0.0,0.0,1.0,0.0,0.27,0.0,0.0,1,105756.0
private,REJ,0,0,0,0.0,0.0,0.06,0.05,0.0,0.0,0.0,1,34978.0
smtp,SF,2940,326,1,0.0,0.0,1.0,0.0,0.02,0.0,0.0,0,55840.0
ftp_data,S0,0,0,0,1.0,1.0,0.27,0.11,0.0,1.0,1.0,1,7635.0
http,SF,254,1149,1,0.0,0.0,1.0,0.0,0.01,0.0,0.0,0,33616.0
http,SF,240,8718,1,0.0,0.0,1.0,0.0,0.0,0.0,0.0,0,71992.0
private,S0,0,0,0,1.0,1.0,0.12,0.07,0.0,1.0,1.0,1,775.0
http,SF,207,2055,1,0.0,0.0,1.0,0.0,0.0,0.0,0.0,0,78411.0
auth,SF,10,38,1,0.0,0.0,1.0,0.0,0.0,0.0,0.0,0,73683.0
ftp,SF,320,1054,1,0.0,0.0,1.0,0.0,0.0,0.0,0.0,0,74820.0
eco_i,SF,8,0,0,0.0,0.0,1.0,0.0,0.25,0.0,0.0,1,3069.0
other,REJ,0,0,0,0.09,0.0,0.0,1.0,0.0,0.09,0.0,1,124630.0
eco_i,SF,8,0,0,0.0,0.0,1.0,0.0,0.5,0.0,0.0,1,15234.0
ftp,SF,236,769,1,0.0,0.0,1.0,0.0,0.0,0.01,0.0,0,112425.0
telnet,S0,0,0,0,1.0,1.0,0.02,0.05,0.0,1.0,1.0,1,51870.0
domain_u,SF,42,129,0,0.0,0.0,0.99,0.01,0.0,0.0,0.0,0,56771.0
private,REJ,0,0,0,0.0,0.0,1.0,0.0,1.0,0.0,0.0,1,94660.0
http,SF,322,2716,1,0.0,0.0,1.0,0.0,0.0,0.0,0.0,0,29651.0
http,S0,0,0,0,0.33,0.33,1.0,0.0,0.0,0.0,0.0,0,85632.0
http,SF,298,2209,1,0.0,0.0,1.0,0.0,0.02,0.0,0.0,0,37195.0
http_443,REJ,0,0,0,0.0,0.0,0.11,0.06,0.0,0.0,0.0,1,9977.0
private,S0,0,0,0,1.0,1.0,0.01,0.08,0.0,1.0,1.0,1,40848.0
ntp_u,SF,48,48,0,0.0,0.0,1.0,0.0,0.0,0.0,0.0,0,6244.0
uucp,S0,0,0,0,1.0,1.0,0.08,0.15,0.0,1.0,1.0,1,84828.0
domain_u,SF,43,128,0,0.0,0.0,0.99,0.03,0.0,0.0,0.0,0,51838.0
imap4,S0,0,0,0,1.0,1.0,0.02,0.06,0.0,1.0,1.0,1,27625.0
http,SF,336,1543,1,0.0,0.0,1.0,0.0,0.03,0.0,0.0,0,34842.0
private,S0,0,0,0,1.0,1.0,0.05,0.05,0.0,1.0,1.0,1,16357.0
time,SF,0,4,0,0.0,0.0,1.0,0.0,0.0,0.0,0.0,0,39655.0
http,SF,210,2159,1,0.33,0.33,1.0,0.0,0.04,0.01,0.01,0,85707.0
private,REJ,0,0,0,0.0,0.0,0.04,1.0,0.0,0.0,0.0,1,102758.0
http,SF,260,1288,1,0.0,0.0,1.0,0.0,0.0,0.0,0.0,0,63122.0
domain_u,SF,45,121,0,0.0,0.0,1.0,0.0,0.0,0.0,0.0,0,112244.0
private,S0,0,0,0,1.0,1.0,0.02,0.08,0.0,1.0,1.0,1,99166.0
http,SF,241,361,1,0.0,0.0,1.0,0.0,0.0,0.0,0.0,0,18984.0
http,SF,216,706,1,0.0,0.0,1.0,0.0,0.0,0.0,0.0,0,44461.0
private,S0,0,0,0,1.0,1.0,0.5,0.25,0.0,1.0,1.0,1,81504.0
other,SF,146,105,0,0.0,0.0,1.0,0.0,0.0,0.0,0.0,0,5762.0
smtp,SF,1002,332,1,0.0,0.0,1.0,0.0,0.01,0.0,0.0,0,123962.0
systat,S0,0,0,0,1.0,1.0,0.06,0.05,0.0,1.0,1.0,1,91512.0
ecr_i,SF,1032,0,0,0.0,0.0,1.0,0.0,0.0,0.0,0.0,1,31248.0
telnet,S0,0,0,0,1.0,1.0,0.21,0.09,0.06,0.98,0.91,1,9286.0
http,SF,231,1499,1,0.0,0.0,1.0,0.0,0.05,0.0,0.0,0,75793.0
ssh,REJ,0,0,0,0.0,0.0,0.01,0.07,0.0,0.0,0.0,1,28018.0
private,S0,0,0,0,1.0,1.0,0.02,0.06,0.0,1.0,1.0,1,120056.0
ftp_data,S0,0,0,0,1.0,1.0,0.08,0.06,0.0,1.0,1.0,1,113770.0
http,SF,242,419,1,0.0,0.0,1.0,0.0,0.0,0.0,0.0,0,107619.0
http,SF,221,8487,1,0.0,0.0,1.0,0.0,0.0,0.0,0.0,0,27803.0
http,SF,276,342,1,0.0,0.0,1.0,0.0,0.02,0.0,0.0,0,36158.0
private,S0,0,0,0,1.0,1.0,0.07,0.06,0.0,1.0,1.0,1,85858.0
smtp,SF,937,327,1,0.0,0.0,1.0,0.0,0.01,0.0,0.0,0,69788.0
http,SF,203,331,1,0.0,0.0,1.0,0.0,0.0,0.0,0.0,0,5925.0
other,RSTR,1,0,0,0.0,0.0,1.0,0.0,0.0,0.0,0.0,1,121747.0
nntp,RSTO,0,0,0,0.0,0.0,0.09,0.07,0.0,0.0,0.0,1,89317.0
private,S0,0,0,0,1.0,1.0,0.02,0.08,0.0,1.0,1.0,1,116294.0
uucp_path,S0,0,0,0,1.0,1.0,0.0,0.07,0.0,1.0,1.0,1,8566.0
private,SH,0,0,0,1.0,1.0,1.0,0.0,0.0,0.96,1.0,1,40182.0
sunrpc,S0,0,0,0,1.0,1.0,0.04,0.07,0.0,1.0,1.0,1,55024.0
domain_u,SF,44,134,0,0.0,0.0,1.0,0.0,0.0,0.0,0.0,0,125580.0
private,S0,0,0,0,1.0,1.0,0.13,0.07,0.0,1.0,1.0,1,74001.0
name,S0,0,0,0,1.0,1.0,0.06,0.1,0.0,1.0,1.0,1,81411.0
uucp,RSTO,0,0,0,0.0,0.0,0.11,0.08,0.0,0.0,0.0,1,1835.0
ecr_i,SF,1032,0,0,0.0,0.0,1.0,0.0,0.0,0.0,0.0,1,30479.0
http,SF,152,11753,1,0.0,0.0,1.0,0.0,0.03,0.0,0.0,0,57117.0
http_443,S0,0,0,0,1.0,1.0,0.02,0.06,0.0,1.0,1.0,1,63559.0
private,S0,0,0,0,1.0,1.0,0.08,0.05,0.0,1.0,1.0,1,122873.0
http,SF,210,566,1,0.0,0.0,1.0,0.0,0.01,0.0,0.0,0,1199.0
private,S0,0,0,0,1.0,1.0,0.05,0.07,0.0,1.0,1.0,1,14156.0
finger,S0,0,0,0,1.0,1.0,0.52,0.06,0.0,1.0,1.0,1,54257.0
domain_u,SF,44,75,0,0.0,0.0,1.0,0.0,0.0,0.0,0.0,0,112641.0
http,S0,0,0,0,1.0,0.36,0.06,0.06,0.0,1.0,1.0,1,4581.0
http,REJ,0,0,0,0.0,0.0,1.0,0.0,0.03,0.0,0.0,0,28853.0
private,S0,0,0,0,1.0,1.0,0.13,0.04,0.0,1.0,1.0,1,1257.0
ftp_data,SF,192,0,1,0.0,0.0,1.0,0.0,0.0,0.0,0.01,0,11591.0
private,S0,0,0,0,1.0,1.0,0.16,0.14,0.0,1.0,1.0,1,45721.0
http,REJ,0,0,0,0.0,0.0,0.05,0.07,0.0,0.0,0.0,1,59664.0
exec,RSTO,0,0,0,0.0,0.0,0.01,0.07,0.0,0.0,0.0,1,116730.0
http,SF,195,11030,1,0.0,0.0,1.0,0.0,0.02,0.0,0.0,0,79243.0
courier,S0,0,0,0,1.0,1.0,0.11,0.06,0.0,1.0,1.0,1,73046.0
http,SF,213,2605,1,0.0,0.0,1.0,0.0,0.0,0.0,0.0,0,113073.0
private,S0,0,0,0,1.0,1.0,0.05,0.06,0.0,1.0,1.0,1,44693.0
http,SF,233,710,1,0.0,0.0,1.0,0.0,0.06,0.0,0.0,0,36079.0
ecr_i,SF,520,0,0,0.0,0.0,1.0,0.0,0.0,0.0,0.0,1,118599.0
http,SF,251,977,1,0.0,0.0,1.0,0.0,0.0,0.0,0.0,0,53077.0
pop_3,RSTO,0,0,0,0.0,0.0,0.05,0.07,0.0,0.0,0.0,1,93650.0
http,SF,203,930,1,0.0,0.0,1.0,0.0,0.0,0.0,0.0,0,119930.0
http,S0,0,0,0,0.94,1.0,0.25,0.31,0.0,1.0,1.0,1,95003.0
http,SF,285,2213,1,0.0,0.0,1.0,0.0,0.02,0.0,0.01,0,78046.0
http,SF,144,9567,1,0.0,0.0,1.0,0.0,0.01,0.0,0.0,0,25434.0
http,SF,221,481,1,0.0,0.0,1.0,0.0,0.0,0.0,0.0,0,94907.0
smtp,SF,125,240,1,0.0,0.0,1.0,0.0,0.03,0.0,0.0,0,53914.0
uucp,S0,0,0,0,1.0,1.0,0.14,0.06,0.0,1.0,1.0,1,114838.0
ldap,S0,0,0,0,1.0,1.0,0.03,0.06,0.0,1.0,1.0,1,116716.0
http,REJ,0,0,0,0.0,0.0,1.0,0.0,0.1,0.0,0.0,0,116048.0
http,SF,201,667,1,0.0,0.0,1.0,0.0,0.04,0.0,0.0,0,79739.0
other,SF,8173,0,1,0.08,0.0,0.08,0.83,0.0,0.01,0.0,0,79193.0
http,S0,0,0,0,1.0,1.0,1.0,0.0,0.0,1.0,1.0,1,24849.0
other,SF,146,105,0,0.0,0.0,0.67,0.67,0.0,0.0,0.0,0,68449.0
smtp,SF,1858,334,1,0.0,0.0,1.0,0.0,0.01,0.0,0.0,0,9074.0
http,SF,300,748,1,0.0,0.0,1.0,0.0,0.0,0.0,0.0,0,38578.0
ecr_i,SF,1032,0,0,0.0,0.0,1.0,0.0,0.0,0.0,0.0,1,91293.0
private,SF,1,0,0,0.0,0.0,0.85,0.03,0.0,0.0,0.0,1,79024.0
other,SF,147,105,0,0.0,0.0,0.5,0.5,0.0,0.0,0.0,0,44147.0
http,SF,327,1041,1,0.0,0.0,1.0,0.0,0.0,0.01,0.01,0,23619.0
http,SF,304,349,1,0.0,0.0,1.0,0.0,0.0,0.0,0.0,0,101061.0
urp_i,SF,78,0,0,0.0,0.0,0.33,0.11,0.0,0.0,0.0,0,34081.0
eco_i,SF,8,0,0,0.0,0.0,1.0,0.0,0.5,0.0,0.0,1,82986.0
http,SF,244,2090,1,0.0,0.0,1.0,0.0,0.0,0.01,0.01,0,86067.0
private,REJ,0,0,0,0.0,0.0,0.05,0.08,0.0,0.0,0.0,1,80506.0
http,SF,324,2702,1,0.0,0.0,1.0,0.0,0.04,0.0,0.0,0,13185.0
ftp_data,SF,334,0,1,0.0,0.0,1.0,0.0,0.02,0.0,0.0,1,75944.0
netbios_ssn,S0,0,0,0,1.0,1.0,0.01,0.05,0.0,1.0,1.0,1,44086.0
private,S0,0,0,0,1.0,1.0,0.01,0.08,0.0,1.0,1.0,1,25283.0
http,SF,222,1427,1,0.0,0.0,1.0,0.0,0.5,0.0,0.0,0,36671.0
http,SF,297,798,1,0.0,0.0,1.0,0.0,0.05,0.0,0.0,0,21776.0
other,SF,147,105,0,0.0,0.0,0.33,0.5,0.0,0.0,0.0,0,4725.0
name,S0,0,0,0,1.0,1.0,0.06,0.07,0.0,1.0,1.0,1,19371.0
http,SF,244,511,1,0.0,0.0,1.0,0.0,0.02,0.0,0.0,0,94890.0
domain_u,SF,45,130,0,0.0,0.0,1.0,0.0,0.0,0.0,0.0,0,46072.0
http,SF,292,1412,1,0.0,0.0,1.0,0.0,0.05,0.0,0.0,0,34872.0
other,S0,0,0,0,0.33,1.0,0.0,1.0,0.0,0.46,1.0,1,123199.0
domain_u,SF,42,42,0,0.0,0.0,1.0,0.0,0.0,0.0,0.0,0,98131.0
ecr_i,SF,1032,0,0,0.0,0.0,1.0,0.0,0.0,0.01,0.0,1,56555.0
private,S0,0,0,0,1.0,1.0,0.1,0.06,0.0,1.0,1.0,1,105244.0
finger,SF,10,175,0,0.0,0.0,1.0,0.0,0.07,0.0,0.97,0,84119.0
private,S0,0,0,0,1.0,1.0,0.04,0.06,0.0,1.0,1.0,1,13834.0
ftp_data,SF,852,0,0,0.0,0.0,1.0,0.0,0.0,0.0,0.0,0,26448.0
private,S0,0,0,0,1.0,1.0,0.02,0.07,0.0,1.0,1.0,1,25393.0
private,S0,0,0,0,1.0,1.0,0.2,0.15,0.0,1.0,1.0,1,115853.0
time,S0,0,0,0,1.0,1.0,0.0,0.07,0.0,1.0,1.0,1,89085.0
private,REJ,0,0,0,0.0,0.0,0.11,0.05,0.0,0.0,0.0,1,58344.0
telnet,SF,129,132,0,0.0,0.0,1.0,0.0,0.0,0.0,0.0,0,29293.0
netbios_dgm,S0,0,0,0,1.0,1.0,0.03,0.06,0.0,1.0,1.0,1,84868.0
finger,S0,0,0,0,1.0,1.0,0.44,0.44,0.0,1.0,1.0,1,50402.0
domain_u,SF,45,77,0,0.0,0.0,1.0,0.0,0.0,0.0,0.0,0,32428.0
http,SF,274,1313,1,0.0,0.0,1.0,0.0,0.04,0.0,0.0,0,37307.0
http,SF,227,1362,1,0.0,0.0,1.0,0.0,0.0,0.0,0.0,0,69089.0
http,SF,222,1179,1,0.0,0.0,1.0,0.0,0.05,0.0,0.0,0,65720.0
private,REJ,0,0,0,0.0,0.0,0.13,0.07,0.0,0.0,0.0,1,22526.0
ftp_data,SF,3676,0,1,0.0,0.0,1.0,0.0,0.04,0.0,0.0,0,36116.0
pop_3,SF,35,130,1,0.0,0.0,1.0,0.0,0.4,0.0,0.0,0,4027.0
domain_u,SF,44,126,0,0.0,0.0,1.0,0.0,0.0,0.0,0.0,0,57375.0
private,S0,0,0,0,1.0,1.0,0.1,0.06,0.0,1.0,1.0,1,38376.0
ftp,SF,1469,4152,1,0.0,0.0,1.0,0.0,0.0,0.0,0.0,0,111737.0
other,SF,516,4,0,0.0,0.0,1.0,0.0,0.0,0.0,0.0,0,59643.0
bgp,S0,0,0,0,1.0,1.0,0.03,0.06,0.0,1.0,1.0,1,9650.0
http,SF,297,1969,1,0.0,0.0,1.0,0.0,0.0,0.0,0.0,0,53033.0
uucp,RSTO,0,0,0,0.0,0.0,0.14,0.06,0.0,0.0,0.0,1,82460.0
discard,S0,0,0,0,1.0,1.0,0.06,0.06,0.0,1.0,1.0,1,64655.0
ftp,SF,337,1069,1,0.0,0.0,1.0,0.0,0.0,0.0,0.0,0,69863.0
link,REJ,0,0,0,0.0,0.0,0.05,0.07,0.0,0.0,0.0,1,8951.0
private,S0,0,0,0,1.0,1.0,0.09,0.07,0.0,1.0,1.0,1,8807.0
link,REJ,0,0,0,0.0,0.0,0.13,0.08,0.0,0.0,0.0,1,120816.0
http,SF,242,3102,1,0.0,0.0,1.0,0.0,0.03,0.0,0.0,0,42945.0
eco_i,SF,8,0,0,0.0,0.0,1.0,0.0,0.25,0.0,0.0,1,50109.0
http,SF,325,5881,1,0.0,0.0,1.0,0.0,0.02,0.0,0.0,0,112718.0
ecr_i,SF,1032,0,0,0.0,0.0,1.0,0.0,0.0,0.0,0.0,1,108316.0
http,SF,240,2230,1,0.0,0.0,1.0,0.0,0.0,0.0,0.0,0,20674.0
time,S0,0,0,0,1.0,1.0,0.02,0.06,0.0,1.0,1.0,1,22863.0
finger,S0,0,0,0,1.0,1.0,0.09,0.05,0.0,1.0,1.0,1,3632.0
mtp,S0,0,0,0,1.0,1.0,0.04,0.07,0.0,1.0,1.0,1,121350.0
domain_u,SF,43,134,0,0.0,0.0,1.0,0.0,0.0,0.0,0.0,0,57353.0
http,SF,219,370,1,0.0,0.0,1.0,0.0,0.0,0.0,0.0,0,62470.0
private,S0,0,0,0,1.0,1.0,0.04,0.07,0.0,1.0,1.0,1,53674.0
http,SF,241,613,1,0.0,0.0,1.0,0.0,0.01,0.0,0.0,0,66384.0
http,SF,290,6178,1,0.0,0.0,1.0,0.0,0.02,0.0,0.0,0,91621.0
telnet,SF,151,6412,1,0.0,0.0,1.0,0.0,0.57,0.0,0.0,0,87053.0
domain_u,SF,45,45,0,0.0,0.0,1.0,0.0,0.0,0.0,0.0,0,4612.0
http,SF,369,5849,1,0.0,0.0,1.0,0.0,0.02,0.0,0.0,0,69279.0
private,S0,0,0,0,1.0,1.0,0.06,0.06,0.0,1.0,1.0,1,96816.0
http,SF,213,457,1,0.0,0.0,1.0,0.0,0.02,0.01,0.0,0,42170.0
ctf,S0,0,0,0,1.0,1.0,0.04,0.05,0.0,1.0,1.0,1,10914.0
http,SF,302,280,1,0.0,0.0,1.0,0.0,0.0,0.0,0.0,0,62355.0
private,SF,28,0,0,0.0,0.0,1.0,0.0,0.0,0.0,0.0,1,122767.0
http,SF,234,338,1,0.0,0.0,1.0,0.0,0.0,0.0,0.0,0,91777.0
domain_u,SF,45,45,0,0.0,0.0,1.0,0.0,0.0,0.0,0.0,0,14857.0
private,REJ,0,0,0,0.0,0.0,0.0,0.07,0.0,0.0,0.0,1,95530.0
smtp,SF,627,334,1,0.0,0.0,1.0,0.0,0.01,0.0,0.0,0,121561.0
private,S0,0,0,0,1.0,1.0,0.16,0.06,0.0,1.0,1.0,1,74904.0
http,SF,337,1178,1,0.0,0.0,1.0,0.0,0.01,0.0,0.0,0,100868.0
domain_u,SF,43,43,0,0.0,0.0,1.0,0.0,0.0,0.0,0.0,0,33976.0
private,S0,0,0,0,1.0,1.0,0.03,0.08,0.0,1.0,1.0,1,61599.0
ftp_data,SF,879,0,1,0.0,0.0,1.0,0.0,0.0,0.0,0.0,0,121917.0
ftp_data,SF,212,0,1,0.0,0.0,1.0,0.0,0.03,0.0,0.0,0,60747.0
ssh,S0,0,0,0,1.0,1.0,0.37,0.15,0.0,1.0,1.0,1,117543.0
http,SF,268,26977,1,0.0,0.0,1.0,0.0,0.02,0.01,0.0,0,91952.0
ecr_i,SF,520,0,0,0.0,0.0,1.0,0.0,0.0,0.0,0.0,1,37511.0
http,REJ,0,0,0,0.0,0.0,0.0,0.0,0.0,0.0,0.0,0,43836.0
domain_u,SF,44,133,0,0.0,0.0,1.0,0.0,0.0,0.0,0.0,0,73129.0
efs,S0,0,0,0,1.0,1.0,0.14,0.05,0.0,1.0,1.0,1,9338.0
ftp_data,SF,748,0,1,0.0,0.0,1.0,0.0,0.0,0.0,0.0,0,1226.0
private,REJ,0,0,0,0.0,0.0,0.5,1.0,0.0,0.0,0.0,1,35247.0
ftp_data,S0,0,0,0,0.98,1.0,0.22,0.08,0.0,1.0,1.0,1,68334.0
ldap,REJ,0,0,0,0.0,0.0,0.04,0.07,0.0,0.0,0.0,1,55330.0
private,S0,0,0,0,1.0,1.0,0.05,0.24,0.0,1.0,1.0,1,46210.0
http,SF,223,397,1,0.0,0.0,1.0,0.0,0.0,0.0,0.0,0,77671.0
supdup,REJ,0,0,0,0.0,0.0,0.05,0.07,0.0,0.0,0.0,1,11046.0
http,SF,302,967,1,0.0,0.0,1.0,0.0,0.0,0.0,0.0,0,5880.0
domain_u,SF,33,0,0,0.0,0.0,1.0,0.0,0.0,0.0,0.0,0,100465.0
private,RSTR,0,0,0,0.0,0.0,1.0,0.0,0.0,0.0,0.0,1,22922.0
smtp,SF,1152,502,1,0.0,0.0,1.0,0.0,0.03,0.0,0.0,0,78982.0
http,SF,191,6577,1,0.0,0.0,1.0,0.0,0.06,0.0,0.01,0,112297.0
link,S0,0,0,0,1.0,1.0,0.0,0.07,0.0,1.0,1.0,1,99714.0
http,SF,301,1591,1,0.0,0.0,1.0,0.0,0.03,0.0,0.0,0,57969.0
time,SF,0,4,0,0.0,0.0,1.0,0.0,0.0,0.0,0.0,0,50046.0
ftp_data,SF,334,0,1,0.0,0.0,1.0,0.0,0.16,0.0,0.0,1,80195.0
name,S0,0,0,0,1.0,1.0,0.01,0.07,0.0,1.0,1.0,1,8954.0
http,SF,233,396,1,0.0,0.0,1.0,0.0,0.0,0.0,0.0,0,28250.0
private,S0,0,0,0,1.0,1.0,0.05,0.07,0.0,1.0,1.0,1,1660.0
private,S0,0,0,0,1.0,1.0,0.11,0.06,0.0,1.0,1.0,1,69945.0
private,S0,0,0,0,1.0,1.0,0.03,0.07,0.0,1.0,1.0,1,56775.0
ecr_i,SF,1032,0,0,0.0,0.0,1.0,0.0,0.0,0.0,0.0,1,11555.0
telnet,S1,490,3525,1,1.0,1.0,1.0,0.0,0.12,0.26,0.94,0,124327.0
http,SF,298,1197,1,0.0,0.0,1.0,0.0,0.01,0.0,0.01,0,85948.0
http,SF,240,774,1,0.0,0.0,1.0,0.0,0.0,0.0,0.0,0,107510.0
ftp_data,SF,71,0,1,0.0,0.0,0.5,1.0,0.0,0.18,0.0,0,125205.0
http,SF,323,1769,1,0.0,0.0,1.0,0.0,0.03,0.0,0.0,0,68432.0
ecr_i,SF,1032,0,0,0.0,0.0,1.0,0.0,0.0,0.0,0.0,1,51177.0
private,S0,0,0,0,1.0,1.0,0.07,0.06,0.0,1.0,1.0,1,71962.0
http,SF,295,2168,1,0.0,0.0,1.0,0.0,0.06,0.0,0.0,0,31662.0
echo,RSTO,0,0,0,0.0,0.0,0.07,0.07,0.0,0.0,0.0,1,105011.0
echo,S0,0,0,0,1.0,1.0,0.12,0.05,0.0,1.0,1.0,1,29761.0
ftp_data,S0,0,0,0,1.0,1.0,0.08,0.06,0.0,1.0,1.0,1,55531.0
ecr_i,SF,1032,0,0,0.0,0.0,1.0,0.0,0.0,0.0,0.0,1,99297.0
smtp,SF,1134,368,1,0.0,0.0,1.0,0.0,0.02,0.0,0.01,0,120977.0
eco_i,SF,8,0,0,0.0,0.0,1.0,0.0,0.25,0.0,0.0,1,77073.0
private,S0,0,0,0,1.0,1.0,0.04,0.06,0.0,1.0,1.0,1,99413.0
printer,RSTR,0,0,0,0.0,0.0,1.0,0.0,0.0,0.0,0.0,1,67182.0
other,RSTR,1,0,0,0.0,0.0,1.0,0.0,0.0,0.0,0.0,1,107041.0
vmnet,S0,0,0,0,1.0,1.0,0.05,0.06,0.0,1.0,1.0,1,52712.0
smtp,SF,722,334,1,0.0,0.0,1.0,0.0,0.01,0.02,0.01,0,90424.0
login,S0,0,0,0,1.0,1.0,0.02,0.06,0.0,1.0,1.0,1,69214.0
discard,S0,0,0,0,1.0,1.0,0.1,0.06,0.0,1.0,1.0,1,84116.0
http,SF,316,293,1,0.0,0.0,1.0,0.0,0.0,0.0,0.0,0,68997.0
smtp,SF,1561,327,1,0.0,0.0,1.0,0.0,0.0,0.0,0.0,0,87499.0
other,REJ,0,0,0,0.44,0.0,0.0,1.0,0.0,0.52,0.0,1,22622.0
private,REJ,0,0,0,0.0,0.0,1.0,0.0,1.0,0.0,0.0,1,99167.0
http,SF,339,11529,1,0.0,0.0,1.0,0.0,0.07,0.0,0.0,0,33819.0
finger,S0,0,0,0,1.0,1.0,0.33,0.17,0.0,1.0,1.0,1,39930.0
http,SF,187,1856,1,0.0,0.0,1.0,0.0,0.06,0.0,0.0,0,118516.0
systat,REJ,0,0,0,0.0,0.0,0.04,0.06,0.0,0.0,0.0,1,111367.0
other,SF,516,4,0,0.0,0.0,1.0,0.0,0.0,0.0,0.0,0,25609.0
netbios_ns,S0,0,0,0,1.0,1.0,0.09,0.06,0.0,1.0,1.0,1,87501.0
http,SF,298,188,1,0.0,0.0,1.0,0.0,0.03,0.0,0.0,0,32767.0
ftp_data,SF,334,0,1,0.0,0.0,1.0,0.0,0.3,0.0,0.0,1,40971.0
http,SF,225,301,1,0.0,0.0,1.0,0.0,0.0,0.0,0.0,0,25310.0
private,S0,0,0,0,1.0,1.0,0.08,0.06,0.0,1.0,1.0,1,93393.0
uucp_path,S0,0,0,0,1.0,1.0,0.04,0.07,0.0,1.0,1.0,1,20471.0
private,S0,0,0,0,1.0,1.0,0.03,0.06,0.0,1.0,1.0,1,84598.0
other,SF,147,105,0,0.0,0.0,1.0,0.0,0.0,0.0,0.0,0,44482.0
http,SF,244,15334,1,0.0,0.0,1.0,0.0,0.02,0.0,0.0,0,103382.0
smtp,SF,1161,338,1,0.0,0.0,1.0,0.0,0.0,0.0,0.0,0,90376.0
private,S0,0,0,0,1.0,1.0,0.05,0.06,0.0,1.0,1.0,1,62404.0
ftp_data,SF,334,0,1,0.0,0.0,1.0,0.0,0.45,0.0,0.0,1,78479.0
telnet,S0,0,0,0,1.0,1.0,0.18,0.14,0.0,1.0,1.0,1,75704.0
domain_u,SF,43,136,0,0.0,0.0,1.0,0.0,0.0,0.0,0.0,0,53422.0
http,SF,202,1032,1,0.0,0.0,1.0,0.0,0.04,0.0,0.0,0,24124.0
http,SF,160,497,1,0.0,0.0,1.0,0.0,0.02,0.02,0.0,0,88798.0
http,REJ,0,0,0,0.0,0.0,1.0,0.0,0.03,0.0,0.0,0,109911.0
ftp_data,S0,0,0,0,1.0,1.0,1.0,0.0,0.0,1.0,1.0,1,6055.0
private,RSTR,0,0,0,0.0,0.0,1.0,0.0,0.0,0.0,0.0,1,42547.0
http,SF,288,546,1,0.0,0.0,1.0,0.0,0.0,0.0,0.0,0,16914.0
http,SF,224,1065,1,0.2,0.17,1.0,0.0,0.0,0.01,0.01,0,41083.0
http,SF,231,403,1,0.0,0.0,1.0,0.0,0.0,0.0,0.0,0,73059.0
telnet,RSTO,0,0,0,0.0,0.0,0.01,0.08,0.0,0.0,0.0,1,111340.0
http,SF,297,2584,1,0.0,0.0,1.0,0.0,0.03,0.0,0.0,0,47888.0
domain_u,SF,45,45,0,0.0,0.0,1.0,0.0,0.0,0.0,0.0,0,79087.0
http,SF,185,5754,1,0.0,0.0,1.0,0.0,0.0,0.01,0.01,0,80639.0
private,S0,0,0,0,1.0,1.0,0.06,0.06,0.0,1.0,1.0,1,28102.0
other,SF,516,4,0,0.0,0.0,1.0,0.0,0.0,0.0,0.0,0,67155.0
http,REJ,0,0,0,0.0,0.0,1.0,0.0,0.15,0.0,0.0,0,27450.0
private,RSTR,1,0,0,0.0,0.0,1.0,0.0,0.0,0.0,0.0,1,71841.0
http,SF,338,1587,1,0.0,0.0,1.0,0.0,0.03,0.0,0.0,0,53504.0
http,SF,199,749,1,0.0,0.0,1.0,0.0,0.05,0.0,0.0,0,1138.0
telnet,S0,0,0,0,1.0,1.0,0.24,0.05,0.05,0.99,0.93,1,123032.0
smtp,SF,1281,443,1,0.0,0.0,1.0,0.0,0.01,0.0,0.0,0,5423.0
http,SF,54540,8314,1,0.0,0.0,1.0,0.0,0.0,0.0,0.0,1,115259.0
echo,RSTOS0,0,0,0,0.63,0.5,0.01,0.42,0.0,0.57,0.5,1,6156.0
private,S0,0,0,0,1.0,1.0,0.15,0.05,0.0,1.0,1.0,1,99151.0
http,SF,346,2251,1,0.0,0.0,1.0,0.0,0.02,0.01,0.01,0,109286.0
http,SF,227,349,1,0.0,0.0,1.0,0.0,0.05,0.0,0.0,0,12163.0
private,S0,0,0,0,1.0,1.0,0.03,0.06,0.0,1.0,1.0,1,75544.0
smtp,SF,708,331,1,0.0,0.0,0.5,1.0,0.0,0.0,0.0,0,30409.0
private,S0,0,0,0,1.0,1.0,0.05,0.07,0.0,1.0,1.0,1,114522.0
http,SF,324,12922,1,0.0,0.0,1.0,0.0,0.0,0.0,0.0,0,85472.0
private,SF,1,0,0,0.0,0.0,1.0,0.0,0.0,0.0,0.0,1,95044.0
http,SF,222,2226,1,0.0,0.0,1.0,0.0,0.0,0.0,0.0,0,89115.0
http,REJ,0,0,0,0.0,0.0,1.0,0.0,0.21,0.0,0.0,0,89651.0
domain_u,SF,45,144,0,0.0,0.0,1.0,0.0,0.0,0.0,0.0,0,55884.0
http,REJ,0,0,0,0.0,0.0,1.0,0.0,0.16,0.0,0.0,0,95243.0
http,SF,325,12722,1,0.0,0.0,1.0,0.0,0.02,0.0,0.0,0,89118.0
http,REJ,0,0,0,0.0,0.0,1.0,0.0,0.13,0.0,0.0,0,12101.0
ecr_i,SF,520,0,0,0.0,0.0,1.0,0.0,0.0,0.0,0.0,1,115526.0
vmnet,S0,0,0,0,1.0,1.0,0.08,0.05,0.0,1.0,1.0,1,61711.0
http,SF,305,2219,1,0.0,0.0,1.0,0.0,0.08,0.0,0.0,0,68002.0
ftp_data,SF,965,0,1,0.0,0.0,1.0,0.0,0.03,0.0,0.01,0,57840.0
http,SF,221,1215,1,0.25,0.25,1.0,0.0,0.05,0.02,0.0,0,52503.0
discard,S0,0,0,0,1.0,1.0,0.08,0.07,0.0,1.0,1.0,1,28564.0
http,SF,285,6356,1,0.0,0.0,1.0,0.0,0.07,0.0,0.0,0,57972.0
Z39_50,S0,0,0,0,1.0,1.0,0.28,0.2,0.0,1.0,1.0,1,64227.0
http,SF,211,304,1,0.0,0.0,1.0,0.0,0.0,0.0,0.0,0,118436.0
finger,S0,0,0,0,1.0,1.0,0.02,0.05,0.0,1.0,1.0,1,98220.0
http,S0,0,0,0,1.0,1.0,0.14,0.06,0.0,1.0,1.0,1,50822.0
smtp,SF,1441,330,1,0.0,0.0,1.0,0.0,0.01,0.0,0.0,0,93388.0
private,S0,0,0,0,1.0,1.0,0.09,0.05,0.0,1.0,1.0,1,18242.0
http,SF,224,251,1,0.0,0.0,1.0,0.0,0.02,0.0,0.0,0,71112.0
nnsp,S0,0,0,0,1.0,1.0,0.04,0.07,0.0,1.0,1.0,1,74531.0
other,SF,1,0,0,0.0,0.0,1.0,0.0,0.0,0.0,0.0,1,15512.0
private,REJ,0,0,0,0.0,0.0,0.15,0.07,0.0,0.0,0.0,1,83812.0
other,SF,146,105,0,0.0,0.0,1.0,0.0,0.0,0.0,0.0,0,87156.0
private,REJ,0,0,0,0.03,0.0,0.0,1.0,0.0,0.04,0.0,1,36091.0
http,SF,289,7384,1,0.0,0.0,1.0,0.0,0.0,0.0,0.0,0,26984.0
eco_i,SF,8,0,0,0.0,0.0,1.0,0.0,0.5,0.0,0.0,1,75373.0
smtp,SF,966,387,1,0.0,0.0,1.0,0.0,0.01,0.0,0.0,0,64573.0
private,SF,215,0,0,0.0,0.0,1.0,0.0,0.0,0.0,0.0,1,88481.0
domain_u,SF,45,79,0,0.0,0.0,1.0,0.0,0.0,0.0,0.0,0,30464.0
private,RSTR,0,0,0,0.0,0.0,1.0,0.0,0.0,0.0,0.0,1,78620.0
smtp,SF,945,334,1,0.0,0.0,1.0,0.0,0.01,0.01,0.01,0,105792.0
private,S0,0,0,0,1.0,1.0,0.06,0.06,0.0,1.0,1.0,1,86598.0
private,S0,0,0,0,1.0,1.0,0.05,0.06,0.0,1.0,1.0,1,93057.0
bgp,S0,0,0,0,1.0,1.0,0.0,0.07,0.0,1.0,1.0,1,52031.0
http,SF,248,2746,1,0.0,0.0,1.0,0.0,0.0,0.0,0.0,0,52245.0
private,S0,0,0,0,1.0,1.0,0.11,0.05,0.0,1.0,1.0,1,14053.0
ftp_data,SF,2194619,0,1,0.0,0.0,1.0,0.0,0.02,0.0,0.0,0,80731.0
ftp_data,SF,5336,0,0,0.0,0.0,1.0,0.0,0.0,0.0,0.0,0,67358.0
http,SF,237,1562,1,0.0,0.0,1.0,0.0,0.0,0.0,0.0,0,70825.0
http,SF,267,1471,1,0.0,0.0,1.0,0.0,0.07,0.0,0.0,0,51987.0
http,SF,229,2698,1,0.0,0.0,1.0,0.0,0.0,0.0,0.0,0,44631.0
eco_i,SF,8,0,0,0.0,0.0,1.0,0.0,0.5,0.0,0.0,1,72850.0
smtp,SF,1969,328,1,0.0,0.0,1.0,0.0,0.0,0.0,0.0,0,101483.0
bgp,S0,0,0,0,1.0,1.0,0.07,0.06,0.0,1.0,1.0,1,107632.0
ftp_data,SF,12241,0,0,0.0,0.0,1.0,0.0,0.0,0.01,0.0,0,65784.0
http,SF,222,368,1,0.0,0.0,1.0,0.0,0.03,0.0,0.0,0,19406.0
gopher,S0,0,0,0,1.0,1.0,0.13,0.13,0.0,1.0,1.0,1,85401.0
private,S0,0,0,0,1.0,1.0,0.01,0.06,0.0,1.0,1.0,1,5059.0
private,S0,0,0,0,1.0,1.0,0.05,0.06,0.0,1.0,1.0,1,51792.0
private,SF,105,146,0,0.0,0.0,0.5,1.0,0.0,0.0,0.0,0,123610.0
http,SF,344,487,1,0.0,0.0,1.0,0.0,0.04,0.0,0.01,0,51756.0
telnet,S0,0,0,0,1.0,1.0,0.08,0.06,0.0,1.0,1.0,1,84802.0
time,RSTO,0,0,0,0.0,0.0,0.07,0.07,0.0,0.0,0.0,1,62977.0
http,SF,235,1075,1,0.0,0.0,1.0,0.0,0.0,0.0,0.0,0,4268.0
http,SF,305,188,1,0.0,0.0,1.0,0.0,0.0,0.0,0.0,0,110531.0
domain_u,SF,49,115,0,0.0,0.0,1.0,0.0,0.0,0.0,0.0,0,22560.0
ftp_data,SF,641,0,1,0.0,0.0,1.0,0.0,0.0,0.0,0.0,0,125107.0
name,S0,0,0,0,1.0,1.0,0.13,0.05,0.0,1.0,1.0,1,39079.0
link,S0,0,0,0,1.0,1.0,0.1,0.07,0.0,1.0,1.0,1,116218.0
http,REJ,0,0,0,0.0,0.0,0.02,0.07,0.0,0.0,0.0,1,40449.0
http,RSTR,160,0,1,0.0,0.0,1.0,0.0,0.06,0.0,0.0,0,76220.0
auth,SF,10,35,1,0.0,0.0,1.0,0.0,0.22,0.0,0.0,0,102225.0
private,REJ,0,0,0,0.05,0.0,0.0,1.0,0.0,0.08,0.0,1,52710.0
http,SF,319,468,1,0.0,0.0,1.0,0.0,0.0,0.01,0.01,0,69440.0
http,SF,229,280,1,0.0,0.0,1.0,0.0,0.0,0.0,0.0,0,13629.0
private,REJ,0,0,0,0.13,0.0,0.02,1.0,0.0,0.03,0.0,1,1144.0
smtp,SF,936,334,1,0.0,0.0,0.5,1.0,0.0,0.0,0.0,0,91903.0
private,S0,0,0,0,1.0,1.0,0.08,0.06,0.0,1.0,1.0,1,12023.0
http,SF,263,155,1,0.0,0.0,1.0,0.0,0.05,0.0,0.01,0,53833.0
private,S0,0,0,0,1.0,1.0,0.02,0.06,0.0,1.0,1.0,1,46167.0
private,REJ,0,0,0,0.0,0.0,0.05,0.06,0.0,0.0,0.0,1,36788.0
http,SF,318,762,1,0.0,0.0,1.0,0.0,0.0,0.0,0.0,0,17642.0
supdup,S0,0,0,0,1.0,1.0,0.05,0.09,0.0,1.0,1.0,1,99480.0
private,S0,0,0,0,1.0,1.0,0.02,0.07,0.0,1.0,1.0,1,10115.0
http,SF,246,3200,1,0.0,0.0,1.0,0.0,0.01,0.0,0.0,0,85894.0
smtp,SF,1140,330,1,0.0,0.0,1.0,0.0,0.04,0.0,0.0,0,66827.0
http,S0,0,0,0,1.0,1.0,0.11,0.06,0.0,1.0,1.0,1,47664.0
private,S0,0,0,0,1.0,1.0,0.12,0.05,0.0,1.0,1.0,1,92233.0
ftp_data,SF,12,0,1,0.0,0.0,0.5,1.0,0.03,0.0,0.0,0,64168.0
http,S0,0,0,0,1.0,1.0,0.31,0.23,0.0,1.0,1.0,1,45305.0
private,S0,0,0,0,1.0,1.0,0.38,0.07,0.0,1.0,1.0,1,25516.0
http,REJ,0,0,0,0.0,0.0,1.0,0.0,0.08,0.0,0.0,0,68745.0
http,SF,223,447,1,0.0,0.0,1.0,0.0,0.0,0.0,0.0,0,58266.0
domain_u,SF,43,43,0,0.0,0.0,0.99,0.01,0.0,0.0,0.0,0,112501.0
domain_u,SF,91,45,0,0.0,0.0,1.0,0.0,0.0,0.0,0.0,0,66303.0
http_443,S0,0,0,0,1.0,1.0,0.01,0.07,0.0,1.0,1.0,1,76971.0
gopher,S0,0,0,0,1.0,1.0,0.05,0.06,0.0,1.0,1.0,1,111364.0
other,SF,147,105,0,0.0,0.0,1.0,0.0,0.0,0.0,0.0,0,42436.0
eco_i,SF,8,0,0,0.0,0.0,1.0,0.0,0.25,0.0,0.0,1,102762.0
exec,S0,0,0,0,1.0,1.0,0.03,0.06,0.0,1.0,1.0,1,97880.0
domain_u,SF,46,46,0,0.0,0.0,1.0,0.0,0.0,0.0,0.0,0,117511.0
other,SF,1,0,0,0.0,0.0,0.38,0.19,0.0,0.0,0.0,1,120083.0
private,S0,0,0,0,1.0,1.0,0.07,0.06,0.0,1.0,1.0,1,45063.0
http,SF,274,17,1,0.0,0.0,1.0,0.0,0.04,0.0,0.0,0,33548.0
private,S0,0,0,0,1.0,1.0,0.01,0.06,0.0,1.0,1.0,1,46487.0
hostnames,RSTR,0,0,0,0.0,0.0,1.0,0.0,0.0,0.0,0.0,1,40795.0
domain_u,SF,44,134,0,0.0,0.0,0.99,0.03,0.0,0.0,0.0,0,47947.0
domain_u,SF,46,86,0,0.0,0.0,1.0,0.0,0.0,0.0,0.0,0,1972.0
domain_u,SF,44,128,0,0.0,0.0,1.0,0.0,0.0,0.0,0.0,0,108029.0
http,SF,207,1695,1,0.0,0.0,1.0,0.0,0.03,0.0,0.0,0,77395.0
ftp_data,S0,0,0,0,1.0,1.0,0.35,0.06,0.0,1.0,1.0,1,100142.0
http,SF,201,1865,1,0.0,0.0,1.0,0.0,0.0,0.0,0.0,0,7247.0
http,SF,212,458,1,0.0,0.0,1.0,0.0,0.02,0.0,0.01,0,117747.0
http,SF,201,5578,1,0.0,0.0,1.0,0.0,0.04,0.0,0.0,0,108359.0
http,S0,0,0,0,1.0,1.0,0.02,0.06,0.0,1.0,1.0,1,78804.0
http,SF,222,370,1,0.0,0.0,1.0,0.0,0.0,0.0,0.0,0,42902.0
hostnames,REJ,0,0,0,0.0,0.0,0.01,0.06,0.0,0.0,0.0,1,88331.0
nnsp,S0,0,0,0,1.0,1.0,0.01,0.06,0.0,1.0,1.0,1,114438.0
http,SF,319,1135,1,0.0,0.0,1.0,0.0,0.02,0.0,0.0,0,94219.0
eco_i,SF,30,0,0,0.0,0.0,0.25,0.5,0.0,0.0,0.0,0,86561.0
private,S0,0,0,0,1.0,1.0,0.07,0.06,0.0,1.0,1.0,1,90719.0
private,REJ,0,0,0,0.06,0.0,0.0,1.0,0.0,0.05,0.0,1,28266.0
private,S0,0,0,0,1.0,1.0,0.07,0.06,0.0,1.0,1.0,1,69787.0
eco_i,SF,8,0,0,0.0,0.0,1.0,0.0,0.52,0.0,0.0,1,95219.0
private,SF,1,0,0,0.0,0.0,1.0,0.0,0.0,0.02,0.0,1,32620.0
http,SF,317,3370,1,0.0,0.0,1.0,0.0,0.08,0.0,0.0,0,119973.0
http,SF,205,175,1,0.0,0.0,1.0,0.0,0.04,0.0,0.0,0,50032.0
daytime,S0,0,0,0,1.0,1.0,0.02,0.06,0.0,1.0,1.0,1,15059.0
http_443,S0,0,0,0,0.99,1.0,0.08,0.08,0.0,1.0,1.0,1,43042.0
systat,S0,0,0,0,1.0,1.0,0.01,0.06,0.0,1.0,1.0,1,101318.0
http,SF,312,321,1,0.0,0.0,1.0,0.0,0.02,0.0,0.0,0,125765.0
ecr_i,SF,1032,0,0,0.0,0.0,1.0,0.0,0.0,0.0,0.0,1,31168.0
time,S0,0,0,0,1.0,1.0,0.06,0.05,0.0,1.0,1.0,1,69878.0
ecr_i,SF,520,0,0,0.0,0.0,1.0,0.0,0.0,0.0,0.0,1,7929.0
http,SF,208,421,1,0.0,0.0,1.0,0.0,0.0,0.0,0.0,0,6062.0
ftp_data,S0,0,0,0,1.0,1.0,0.24,0.1,0.0,1.0,1.0,1,31643.0
ftp_data,S1,2192552,0,1,0.5,0.5,1.0,0.0,0.03,0.02,0.01,0,41638.0
http,SF,226,396,1,0.0,0.0,1.0,0.0,0.0,0.0,0.0,0,62582.0
domain_u,SF,31,0,0,0.0,0.0,1.0,0.0,0.05,0.0,0.0,0,116957.0
private,S0,0,0,0,1.0,1.0,0.05,0.07,0.0,1.0,1.0,1,30180.0
http,REJ,0,0,0,0.0,0.0,1.0,0.0,0.08,0.01,0.0,0,19987.0
ftp_data,S0,0,0,0,1.0,1.0,0.07,0.06,0.0,1.0,1.0,1,58311.0
vmnet,REJ,0,0,0,0.0,0.0,0.02,0.06,0.0,0.0,0.0,1,82247.0
http,SF,192,654,1,0.0,0.0,1.0,0.0,0.0,0.0,0.0,0,19359.0
ftp_data,SF,3321,0,1,0.0,0.0,1.0,0.0,0.02,0.0,0.0,0,90852.0
http,SF,287,261,1,0.0,0.0,1.0,0.0,0.01,0.0,0.0,0,8149.0
telnet,S0,0,0,0,1.0,1.0,0.25,0.05,0.0,1.0,1.0,1,111765.0
klogin,S0,0,0,0,1.0,1.0,0.14,0.07,0.0,1.0,1.0,1,42278.0
private,S0,0,0,0,1.0,1.0,0.05,0.05,0.0,1.0,1.0,1,7085.0
finger,S0,0,0,0,1.0,1.0,0.03,0.05,0.0,1.0,1.0,1,106645.0
other,REJ,0,0,0,0.06,0.0,0.0,1.0,0.0,0.08,0.0,1,57714.0
http,SF,54540,8314,1,0.0,0.0,1.0,0.0,0.0,0.0,0.0,1,29389.0
http,S0,0,0,0,1.0,0.23,0.02,0.07,0.0,1.0,1.0,1,29464.0
ctf,REJ,0,0,0,0.0,0.0,0.08,0.07,0.0,0.0,0.0,1,23741.0
ftp,SF,1206,2449,1,0.0,0.0,1.0,0.0,0.0,0.0,0.0,1,33742.0
imap4,S0,0,0,0,1.0,1.0,0.05,0.05,0.0,1.0,1.0,1,16901.0
courier,S0,0,0,0,1.0,1.0,0.6,0.4,0.0,1.0,1.0,1,26101.0
http,SF,256,1107,1,0.0,0.0,1.0,0.0,0.0,0.0,0.0,0,121608.0
smtp,SF,1557,333,1,0.0,0.0,1.0,0.0,0.02,0.0,0.0,0,87103.0
http,SF,348,245,1,0.0,0.0,1.0,0.0,0.01,0.0,0.0,0,122012.0
eco_i,SF,8,0,0,0.0,0.0,1.0,0.0,0.51,0.0,0.0,1,56742.0
uucp,S0,0,0,0,1.0,1.0,0.09,0.06,0.0,1.0,1.0,1,12425.0
http,SF,345,188,1,0.0,0.0,1.0,0.0,0.02,0.0,0.0,0,25698.0
domain_u,SF,44,132,0,0.0,0.0,1.0,0.0,0.0,0.0,0.0,0,6700.0
http,SF,222,602,1,0.0,0.0,1.0,0.0,0.0,0.0,0.0,0,29374.0
http,SF,302,258,1,0.0,0.0,1.0,0.0,0.0,0.0,0.0,0,65995.0
http,SF,225,839,1,0.0,0.0,1.0,0.0,0.05,0.0,0.0,0,106450.0
private,RSTR,1,0,0,0.0,0.0,0.67,0.67,0.0,0.0,0.0,1,71064.0
Z39_50,S0,0,0,0,1.0,1.0,0.04,0.05,0.0,1.0,1.0,1,116622.0
imap4,REJ,0,0,0,0.0,0.0,0.02,0.06,0.0,0.0,0.0,1,56991.0
private,S0,0,0,0,1.0,1.0,0.13,0.06,0.0,1.0,1.0,1,86754.0
private,RSTR,0,0,0,0.0,0.0,1.0,0.0,0.0,0.0,0.0,1,28343.0
shell,S0,0,0,0,1.0,1.0,0.07,0.07,0.0,1.0,1.0,1,83296.0
bgp,S0,0,0,0,1.0,1.0,0.01,0.06,0.0,1.0,1.0,1,60845.0
ldap,S0,0,0,0,1.0,1.0,0.03,0.05,0.0,1.0,1.0,1,31511.0
Z39_50,S0,0,0,0,1.0,1.0,0.1,0.06,0.0,1.0,1.0,1,68790.0
ftp_data,S0,0,0,0,1.0,1.0,0.03,0.07,0.0,1.0,1.0,1,110515.0
private,REJ,0,0,0,0.0,0.0,0.06,0.05,0.0,0.0,0.0,1,4128.0
ftp_data,SF,59,0,1,0.0,0.0,1.0,0.0,0.0,0.01,0.0,0,42196.0
http,S0,0,0,0,1.0,1.0,0.25,0.05,0.0,1.0,1.0,1,120554.0
eco_i,SF,8,0,0,0.0,0.0,1.0,0.0,0.5,0.0,0.0,1,64873.0
http,SF,235,7542,1,0.0,0.0,1.0,0.0,0.01,0.0,0.0,0,53977.0
smtp,SF,2028,329,1,0.0,0.0,1.0,0.0,0.01,0.01,0.01,0,75635.0
supdup,S0,0,0,0,1.0,1.0,0.1,0.06,0.0,1.0,1.0,1,97428.0
private,S0,0,0,0,1.0,1.0,0.1,0.06,0.0,1.0,1.0,1,121656.0
private,S0,0,0,0,1.0,1.0,0.14,0.07,0.0,1.0,1.0,1,119880.0
login,RSTO,0,0,0,0.0,0.0,0.02,0.07,0.0,0.0,0.0,1,119447.0
ecr_i,SF,1032,0,0,0.0,0.0,1.0,0.0,0.0,0.0,0.0,1,44513.0
http,SF,344,255,1,0.0,0.0,1.0,0.0,0.03,0.0,0.0,0,55853.0
domain_u,SF,81,33,0,0.0,0.0,1.0,0.0,0.0,0.0,0.0,0,46494.0
http,SF,332,4088,1,0.0,0.0,1.0,0.0,0.03,0.0,0.0,0,31187.0
other,RSTR,1,0,0,0.0,0.0,1.0,0.0,0.0,0.0,0.0,1,32554.0
other,SF,146,0,0,0.0,0.0,0.33,0.67,0.0,0.0,0.0,0,64870.0
ftp_data,SF,383,0,1,0.0,0.0,1.0,0.0,0.15,0.0,0.0,0,100680.0
discard,S0,0,0,0,1.0,1.0,0.05,0.07,0.0,1.0,1.0,1,2330.0
private,SF,1,0,0,0.0,0.0,0.88,0.08,0.0,0.05,0.0,1,85597.0
ssh,S0,0,0,0,1.0,1.0,0.02,0.05,0.0,1.0,1.0,1,115632.0
ftp_data,SF,334,0,1,0.0,0.0,1.0,0.0,0.09,0.0,0.0,1,31046.0
iso_tsap,REJ,0,0,0,0.0,0.0,0.05,0.06,0.0,0.0,0.0,1,103841.0
auth,S0,0,0,0,1.0,1.0,0.05,0.06,0.0,1.0,1.0,1,117476.0
private,SF,28,0,0,0.0,0.0,1.0,0.0,0.0,0.0,0.0,1,91897.0
ftp_data,S0,0,0,0,1.0,1.0,0.09,0.06,0.0,1.0,1.0,1,22120.0
http,SF,220,2105,1,0.0,0.0,1.0,0.0,0.0,0.0,0.0,0,53646.0
private,S0,0,0,0,1.0,1.0,0.04,0.07,0.0,1.0,1.0,1,45753.0
http,SF,317,7523,1,0.0,0.0,1.0,0.0,0.0,0.0,0.0,0,56595.0
private,S0,0,0,0,1.0,1.0,0.16,0.05,0.0,1.0,1.0,1,76814.0
iso_tsap,S0,0,0,0,1.0,1.0,0.01,0.07,0.0,1.0,1.0,1,34235.0
http,SF,317,912,1,0.0,0.0,1.0,0.0,0.01,0.0,0.0,0,79753.0
smtp,SF,2111,339,1,0.0,0.0,1.0,0.0,0.01,0.0,0.0,0,83503.0
http,SF,281,2382,1,0.0,0.0,1.0,0.0,0.02,0.0,0.0,0,60960.0
eco_i,SF,8,0,0,0.0,0.0,1.0,0.0,0.5,0.0,0.0,1,9552.0
smtp,SF,1429,364,1,0.0,0.0,1.0,0.0,0.0,0.0,0.0,0,8458.0
private,S0,0,0,0,1.0,1.0,0.02,0.06,0.0,1.0,1.0,1,85328.0
private,S0,0,0,0,0.85,1.0,0.13,0.05,0.0,1.0,1.0,1,86427.0
eco_i,SF,8,0,0,0.0,0.0,1.0,0.0,0.97,0.0,0.0,1,9807.0
exec,S0,0,0,0,1.0,1.0,0.02,0.06,0.0,1.0,1.0,1,67145.0
http,SF,273,5189,1,0.0,0.0,1.0,0.0,0.04,0.03,0.0,0,4946.0
smtp,SF,1053,394,1,0.0,0.0,1.0,0.0,0.0,0.98,0.0,0,48841.0
http,S0,0,0,0,1.0,1.0,0.36,0.16,0.0,1.0,1.0,1,13729.0
sunrpc,S0,0,0,0,1.0,1.0,0.47,0.16,0.0,1.0,1.0,1,41682.0
ftp,RSTO,0,0,0,0.0,0.0,0.02,0.07,0.0,0.0,0.0,1,7064.0
nnsp,S0,0,0,0,1.0,1.0,0.1,0.06,0.0,1.0,1.0,1,62381.0
http,SF,233,294,1,0.0,0.0,1.0,0.0,0.01,0.0,0.0,0,36555.0
http,SF,289,1301,1,0.0,0.0,1.0,0.0,0.05,0.0,0.0,0,99079.0
netbios_ns,S0,0,0,0,1.0,1.0,0.02,0.06,0.0,1.0,1.0,1,47475.0
domain_u,SF,44,111,0,0.0,0.0,0.99,0.01,0.0,0.0,0.0,0,4584.0
ftp_data,SF,7280,0,0,0.0,0.0,1.0,0.0,0.0,0.0,0.0,0,106952.0
klogin,S0,0,0,0,1.0,1.0,0.12,0.06,0.0,1.0,1.0,1,77229.0
http,SF,225,19550,1,0.0,0.0,1.0,0.0,0.02,0.0,0.0,0,115409.0
ftp,S0,0,0,0,1.0,1.0,0.03,0.06,0.0,1.0,1.0,1,43597.0
http,SF,281,7936,1,0.0,0.0,1.0,0.0,0.0,0.0,0.0,0,55765.0
http,SF,299,1291,1,0.0,0.0,1.0,0.0,0.02,0.0,0.0,0,50850.0
private,S0,0,0,0,1.0,1.0,0.04,0.07,0.0,1.0,1.0,1,89314.0
telnet,SF,301,9133,1,0.0,0.0,1.0,0.0,0.0,0.02,0.1,0,121001.0
private,S0,0,0,0,1.0,1.0,0.05,0.05,0.0,1.0,1.0,1,5596.0
http,SF,205,276,1,0.0,0.0,1.0,0.0,0.01,0.0,0.0,0,100515.0
http,SF,249,2429,1,0.0,0.0,1.0,0.0,0.03,0.0,0.0,0,68897.0
http,SF,231,8861,1,0.0,0.0,1.0,0.0,0.04,0.0,0.0,0,87646.0
ftp,S0,0,0,0,1.0,1.0,0.01,0.06,0.0,1.0,1.0,1,23264.0
http,SF,293,3186,1,0.0,0.0,1.0,0.0,0.02,0.0,0.0,0,42777.0
smtp,SF,2926,335,1,0.0,0.0,1.0,0.0,0.01,0.0,0.0,0,78234.0
eco_i,SF,8,0,0,0.0,0.0,1.0,0.0,0.25,0.0,0.0,1,74773.0
private,S0,0,0,0,1.0,1.0,0.11,0.06,0.0,1.0,1.0,1,100358.0
http,SF,210,2445,1,0.0,0.0,1.0,0.0,0.0,0.0,0.0,0,85410.0
http,SF,291,837,1,0.5,0.29,1.0,0.0,0.08,0.01,0.0,0,115530.0
private,REJ,0,0,0,0.0,0.0,0.04,0.08,0.0,0.0,0.0,1,1004.0
nnsp,S0,0,0,0,1.0,1.0,0.12,0.07,0.0,1.0,1.0,1,88375.0
ecr_i,SF,1480,0,0,0.0,0.0,1.0,0.0,0.12,0.0,0.0,1,15381.0
http,SF,293,1113,1,0.0,0.0,1.0,0.0,0.01,0.0,0.0,0,8006.0
http,SF,295,6120,1,0.0,0.0,1.0,0.0,0.04,0.0,0.0,0,47429.0
private,S0,0,0,0,1.0,1.0,0.11,0.06,0.0,1.0,1.0,1,69093.0
domain_u,SF,36,0,0,0.0,0.0,1.0,0.0,0.01,0.0,0.0,0,100263.0
domain,S0,0,0,0,1.0,1.0,0.02,0.07,0.0,1.0,1.0,1,22374.0
ctf,S0,0,0,0,1.0,1.0,0.08,0.06,0.0,1.0,1.0,1,35221.0
http,SF,217,14219,1,0.0,0.0,1.0,0.0,0.05,0.0,0.0,0,96382.0
domain_u,SF,45,76,0,0.0,0.0,1.0,0.01,0.0,0.0,0.0,0,22561.0
http,SF,203,1299,1,0.0,0.0,1.0,0.0,0.03,0.0,0.0,0,88274.0
private,S0,0,0,0,1.0,1.0,0.3,0.17,0.0,1.0,1.0,1,103795.0
private,REJ,0,0,0,0.0,0.0,0.11,0.05,0.0,0.0,0.0,1,121442.0
ecr_i,SF,1032,0,0,0.0,0.0,1.0,0.0,0.0,0.0,0.0,1,109297.0
private,S0,0,0,0,1.0,1.0,0.12,0.05,0.0,1.0,1.0,1,59737.0
other,SF,147,105,0,0.0,0.0,0.33,0.5,0.0,0.0,0.0,0,74363.0
private,RSTR,1,0,0,0.0,0.0,1.0,0.0,0.0,0.0,0.0,1,19030.0
http,SF,247,392,1,0.0,0.0,1.0,0.0,0.0,0.0,0.0,0,30216.0
domain_u,SF,43,43,0,0.0,0.0,1.0,0.0,0.0,0.0,0.0,0,105255.0
eco_i,SF,8,0,0,0.0,0.0,1.0,0.0,0.5,0.0,0.0,1,84166.0
ctf,S0,0,0,0,1.0,1.0,0.08,0.06,0.0,1.0,1.0,1,109487.0
ecr_i,SF,1032,0,0,0.0,0.0,1.0,0.0,0.0,0.0,0.0,1,93559.0
ecr_i,SF,1032,0,0,0.0,0.0,1.0,0.0,0.0,0.0,0.0,1,107996.0
other,SF,4,0,0,0.0,0.0,1.0,0.0,0.0,0.0,0.0,1,16983.0
domain_u,SF,46,129,0,0.0,0.0,1.0,0.0,0.0,0.0,0.0,0,63533.0
daytime,S0,0,0,0,1.0,1.0,0.09,0.06,0.0,1.0,1.0,1,19762.0
http,SF,190,4918,1,0.0,0.0,1.0,0.0,0.0,0.0,0.0,0,15896.0
http,SF,244,2730,1,0.0,0.0,1.0,0.0,0.04,0.0,0.0,0,49021.0
mtp,S0,0,0,0,1.0,1.0,0.04,0.05,0.0,1.0,1.0,1,29321.0
private,S0,0,0,0,1.0,1.0,0.06,0.05,0.0,1.0,1.0,1,101809.0
ftp_data,SF,5319,0,1,0.0,0.0,1.0,0.0,0.0,0.0,0.0,0,23045.0
http,SF,205,1002,1,0.0,0.0,1.0,0.0,0.04,0.0,0.0,0,73057.0
nnsp,S0,0,0,0,1.0,1.0,0.07,0.07,0.0,1.0,1.0,1,36434.0
systat,S0,0,0,0,1.0,1.0,0.09,0.06,0.0,1.0,1.0,1,37710.0
ftp_data,SF,12,0,1,0.99,0.0,0.01,0.07,0.0,0.77,0.0,0,123807.0
telnet,S0,0,0,0,1.0,1.0,1.0,0.0,0.0,0.99,0.98,1,73080.0
http,SF,215,267,1,0.0,0.0,1.0,0.0,0.01,0.0,0.0,0,110497.0
http,SF,309,578,1,0.0,0.0,1.0,0.0,0.02,0.0,0.0,0,67406.0
finger,S0,0,0,0,1.0,1.0,0.26,0.11,0.06,1.0,0.85,1,4939.0
smtp,SF,776,329,1,0.0,0.0,1.0,0.0,0.02,0.0,0.0,0,49679.0
domain_u,SF,45,130,0,0.0,0.0,0.99,0.02,0.0,0.0,0.0,0,20049.0
http,REJ,0,0,0,0.0,0.0,1.0,0.0,0.22,0.0,0.0,0,74088.0
http,REJ,0,0,0,0.0,0.0,1.0,0.0,0.1,0.0,0.0,0,37306.0
http,SF,334,4367,1,0.0,0.0,1.0,0.0,0.05,0.0,0.0,0,6566.0
http_443,REJ,0,0,0,0.0,0.0,0.03,0.09,0.0,0.0,0.0,1,109136.0
private,RSTR,1,0,0,0.0,0.0,1.0,0.0,0.0,0.0,0.0,1,50534.0
auth,RSTO,0,0,0,0.0,0.0,1.0,0.0,0.0,0.01,0.0,0,115094.0
klogin,S0,0,0,0,1.0,1.0,0.11,0.05,0.0,1.0,1.0,1,36260.0
domain_u,SF,36,36,0,0.0,0.0,1.0,0.0,0.0,0.0,0.0,0,73696.0
exec,S0,0,0,0,1.0,1.0,0.17,0.06,0.0,1.0,1.0,1,79812.0
http,SF,290,326,1,0.0,0.0,1.0,0.0,0.06,0.0,0.0,0,107205.0
private,SF,105,147,0,0.0,0.0,1.0,0.0,0.0,0.0,0.0,0,106835.0
telnet,SF,442,12679,1,0.0,0.0,1.0,0.0,0.0,0.55,0.69,0,9658.0
private,RSTR,1,0,0,0.0,0.0,1.0,0.0,0.0,0.0,0.0,1,61479.0
nnsp,REJ,0,0,0,0.0,0.0,0.5,1.0,0.0,0.0,0.0,1,93287.0
uucp_path,S0,0,0,0,1.0,1.0,0.07,0.06,0.0,1.0,1.0,1,87004.0
smtp,SF,2220,396,1,0.0,0.0,1.0,0.0,0.01,0.02,0.01,0,108032.0
private,SF,105,146,0,0.0,0.0,1.0,0.0,0.0,0.0,0.0,0,58288.0
domain_u,SF,31,91,0,0.0,0.0,1.0,0.0,0.0,0.0,0.0,0,118448.0
ftp_data,SF,641,0,0,0.0,0.0,1.0,0.0,0.0,0.0,0.0,0,71328.0
private,S0,0,0,0,1.0,1.0,0.15,0.05,0.0,1.0,1.0,1,70853.0
ftp,S0,0,0,0,1.0,1.0,0.08,0.05,0.0,1.0,1.0,1,120109.0
telnet,SF,137,3084,1,0.0,0.0,1.0,0.0,1.0,0.0,0.0,0,29605.0
http,SF,221,2058,1,0.0,0.0,1.0,0.0,0.02,0.0,0.0,0,19160.0
private,S0,0,0,0,1.0,1.0,0.05,0.06,0.0,1.0,1.0,1,10880.0
http,SF,218,3118,1,0.0,0.0,1.0,0.0,0.07,0.0,0.01,0,17939.0
private,S0,0,0,0,1.0,1.0,0.08,0.06,0.0,1.0,1.0,1,20559.0
domain_u,SF,46,76,0,0.0,0.0,1.0,0.01,0.0,0.0,0.0,0,5926.0
http,SF,353,2011,1,0.0,0.0,1.0,0.0,0.02,0.03,0.0,0,21086.0
login,S0,0,0,0,1.0,1.0,0.1,0.06,0.0,1.0,1.0,1,62137.0
http,SF,303,1719,1,0.0,0.0,1.0,0.0,0.02,0.01,0.0,0,21752.0
http,SF,164,4383,1,0.5,0.5,1.0,0.0,0.03,0.0,0.0,0,41391.0
smtp,SF,819,332,1,0.0,0.0,0.5,1.0,0.01,0.0,0.0,0,56751.0
http,SF,304,3264,1,0.0,0.0,1.0,0.0,0.04,0.0,0.0,0,106098.0
smtp,SF,906,332,1,0.0,0.0,0.5,1.0,0.0,0.01,0.01,0,41877.0
ldap,S0,0,0,0,1.0,1.0,0.05,0.06,0.0,1.0,1.0,1,73428.0
http,SF,208,1227,1,0.25,0.25,1.0,0.0,0.01,0.25,0.0,0,71792.0
private,S0,0,0,0,1.0,1.0,0.2,0.06,0.0,1.0,1.0,1,66828.0
http,SF,250,379,1,0.0,0.0,1.0,0.0,0.0,0.0,0.0,0,106454.0
http,SF,308,843,1,0.0,0.0,1.0,0.0,0.05,0.0,0.0,0,94990.0
private,SF,105,147,0,0.0,0.0,1.0,0.0,0.0,0.0,0.0,0,16880.0
http,S0,0,0,0,1.0,1.0,0.07,0.06,0.0,1.0,1.0,1,53465.0
http,S0,0,0,0,1.0,1.0,0.33,0.27,0.0,1.0,1.0,1,46861.0
http,SF,429,490,1,0.0,0.0,1.0,0.0,0.01,0.0,0.0,0,81670.0
finger,SF,5,27,0,0.0,0.0,1.0,0.0,0.0,0.0,0.0,0,50367.0
domain_u,SF,42,42,0,0.0,0.0,1.0,0.0,0.0,0.0,0.0,0,89465.0
private,S0,0,0,0,1.0,1.0,0.28,0.07,0.0,1.0,1.0,1,121358.0
kshell,S0,0,0,0,1.0,1.0,0.15,0.06,0.0,1.0,1.0,1,103315.0
domain_u,SF,44,113,0,0.0,0.0,1.0,0.0,0.0,0.0,0.0,0,90516.0
smtp,SF,250777,379,1,0.0,0.0,1.0,0.0,0.0,0.0,0.0,0,53339.0
http,SF,312,313,1,0.0,0.0,1.0,0.0,0.0,0.0,0.0,0,65239.0
private,S0,0,0,0,1.0,1.0,0.04,0.06,0.0,1.0,1.0,1,105767.0
echo,S0,0,0,0,1.0,1.0,0.06,0.06,0.0,1.0,1.0,1,63945.0
private,S0,0,0,0,1.0,1.0,0.06,0.06,0.0,1.0,1.0,1,17307.0
http,SF,330,3501,1,0.0,0.0,1.0,0.0,0.02,0.0,0.0,0,67096.0
domain_u,SF,44,131,0,0.0,0.0,1.0,0.0,0.0,0.0,0.0,0,50388.0
finger,SF,7,271,0,0.0,0.0,1.0,0.0,0.0,0.0,0.0,0,124876.0
http,SF,213,2445,1,0.0,0.0,1.0,0.0,0.01,0.0,0.0,0,18817.0
vmnet,S0,0,0,0,1.0,1.0,0.01,0.06,0.0,1.0,1.0,1,242.0
domain_u,SF,44,130,0,0.0,0.0,1.0,0.01,0.0,0.0,0.0,0,63547.0
discard,S0,0,0,0,1.0,1.0,0.05,0.06,0.0,1.0,1.0,1,1149.0
smtp,SF,759,387,1,0.0,0.0,1.0,0.0,0.0,0.19,0.0,0,88848.0
domain_u,SF,77,44,0,0.0,0.0,1.0,0.0,0.0,0.0,0.0,0,100533.0
telnet,S0,0,0,0,1.0,1.0,0.23,0.08,0.0,1.0,1.0,1,68207.0
domain_u,SF,45,154,0,0.0,0.0,1.0,0.0,0.0,0.0,0.0,0,104889.0
http,SF,194,3563,1,0.0,0.0,1.0,0.0,0.0,0.0,0.0,0,22110.0
mtp,REJ,0,0,0,0.0,0.0,0.07,0.06,0.0,0.0,0.0,1,92870.0
http,SF,227,315,1,0.0,0.0,1.0,0.0,0.02,0.0,0.0,0,64487.0
private,S0,0,0,0,1.0,1.0,0.01,0.06,0.0,1.0,1.0,1,60350.0
private,S0,0,0,0,1.0,1.0,0.04,0.07,0.0,1.0,1.0,1,72001.0
ftp_data,SF,334,0,1,0.0,0.0,1.0,0.0,0.2,0.0,0.0,1,26230.0
eco_i,SF,8,0,0,0.0,0.0,1.0,0.0,0.5,0.0,0.0,1,43437.0
http,SF,208,22260,1,0.0,0.0,1.0,0.0,0.0,0.0,0.0,0,8544.0
http,SF,226,2431,1,0.0,0.0,1.0,0.0,0.02,0.0,0.0,0,71141.0
iso_tsap,RSTR,1,0,0,0.0,0.0,1.0,0.0,0.0,0.0,0.0,1,102894.0
iso_tsap,S0,0,0,0,1.0,1.0,0.07,0.06,0.0,1.0,1.0,1,115314.0
http,SF,253,362,1,0.0,0.0,1.0,0.0,0.02,0.0,0.0,0,28978.0
http,SF,210,1707,1,0.0,0.0,1.0,0.0,0.02,0.0,0.0,0,57920.0
http,RSTR,36256,8314,1,0.0,0.0,1.0,0.0,0.0,0.01,0.01,1,87211.0
private,SF,1,0,0,0.0,0.0,0.06,0.13,0.0,0.0,0.0,1,46757.0
telnet,SF,6198,12045,1,0.0,0.0,1.0,0.0,0.0,0.73,0.3,0,82999.0
bgp,REJ,0,0,0,0.0,0.0,0.07,0.06,0.0,0.0,0.0,1,75366.0
name,S0,0,0,0,1.0,1.0,0.03,0.06,0.0,1.0,1.0,1,99432.0
ecr_i,SF,520,0,0,0.0,0.0,1.0,0.0,0.0,0.0,0.0,1,24170.0
uucp_path,S0,0,0,0,1.0,1.0,0.02,0.06,0.0,1.0,1.0,1,115145.0
http,SF,228,1319,1,0.0,0.0,1.0,0.0,0.02,0.0,0.0,0,5404.0
finger,S0,0,0,0,1.0,1.0,0.21,0.17,0.0,1.0,1.0,1,20450.0
ftp_data,SF,2194619,0,1,0.0,0.0,1.0,0.0,0.0,0.0,0.0,0,63347.0
http,SF,241,136339,1,0.0,0.0,1.0,0.0,0.0,0.0,0.0,0,49593.0
private,S0,0,0,0,1.0,1.0,0.08,0.08,0.0,1.0,1.0,1,16684.0
http,SF,167,20578,1,0.0,0.0,1.0,0.0,0.04,0.0,0.0,0,36728.0
other,SF,12983,0,1,0.0,0.0,1.0,0.0,0.0,0.0,0.0,0,32368.0
smtp,SF,1400,331,1,0.0,0.0,1.0,0.0,0.01,0.0,0.0,0,63624.0
smtp,SF,1979,396,1,0.0,0.0,1.0,0.0,0.02,0.0,0.0,0,12551.0
ftp_data,SF,1830,0,1,0.0,0.0,1.0,0.0,0.02,0.0,0.01,0,55370.0
http,SF,276,3801,1,0.0,0.0,1.0,0.0,0.09,0.0,0.0,0,31763.0
ftp_data,SF,11,0,1,0.0,0.0,1.0,0.0,0.03,0.0,0.01,0,121964.0
ecr_i,SF,1032,0,0,0.0,0.0,1.0,0.0,0.0,0.0,0.0,1,112756.0
systat,S0,0,0,0,1.0,1.0,0.04,0.06,0.0,1.0,1.0,1,19902.0
private,SH,0,0,0,1.0,1.0,1.0,0.0,0.0,0.91,1.0,1,114166.0
private,S0,0,0,0,1.0,1.0,0.12,0.06,0.0,1.0,1.0,1,70273.0
http,SF,320,535,1,0.0,0.0,1.0,0.0,0.04,0.0,0.0,0,65803.0
private,S0,0,0,0,1.0,1.0,0.02,0.06,0.0,1.0,1.0,1,40407.0
http,SF,222,310,1,0.0,0.0,1.0,0.0,0.01,0.0,0.01,0,20979.0
http,SF,160,21611,1,0.0,0.0,1.0,0.0,0.03,0.0,0.0,0,39911.0
private,REJ,0,0,0,0.0,0.0,0.04,0.07,0.0,0.0,0.0,1,103183.0
http,S0,0,0,0,0.03,1.0,0.01,0.58,0.0,0.02,1.0,1,45867.0
smtp,SF,836,331,1,0.0,0.0,1.0,0.0,0.0,0.0,0.0,0,34198.0
hostnames,S0,0,0,0,1.0,1.0,0.15,0.07,0.0,1.0,1.0,1,67034.0
domain_u,SF,91,0,0,0.0,0.0,1.0,0.0,0.0,0.0,0.0,0,107960.0
ecr_i,SF,1032,0,0,0.0,0.0,1.0,0.0,0.0,0.0,0.0,1,27141.0
private,S0,0,0,0,0.84,1.0,0.02,0.06,0.0,1.0,1.0,1,63274.0
http,SF,186,619,1,0.0,0.0,1.0,0.0,0.03,0.0,0.0,0,24391.0
echo,S0,0,0,0,1.0,1.0,0.16,0.05,0.0,1.0,1.0,1,55961.0
ecr_i,SF,8,0,0,0.0,0.0,1.0,0.0,0.0,0.0,0.0,1,13278.0
eco_i,SF,8,0,0,0.0,0.0,1.0,0.0,0.54,0.0,0.0,1,85493.0
http,SF,200,706,1,0.0,0.0,1.0,0.0,0.0,0.0,0.0,0,105226.0
ftp_data,SF,334,0,1,0.0,0.0,1.0,0.0,0.11,0.0,0.0,1,84515.0
http,SF,54540,8314,1,0.0,0.0,1.0,0.0,0.0,0.0,0.0,1,71280.0
http,SF,229,354,1,0.0,0.0,1.0,0.0,0.04,0.0,0.0,0,111921.0
private,SF,28,0,0,0.0,0.0,1.0,0.0,0.0,0.02,0.0,1,110392.0
http,SF,346,835,1,0.0,0.0,1.0,0.0,0.02,0.0,0.0,0,56891.0
Z39_50,S0,0,0,0,1.0,1.0,0.07,0.06,0.0,1.0,1.0,1,119889.0
http,SF,195,124,1,0.0,0.14,1.0,0.0,0.02,0.0,0.0,0,108489.0
domain_u,SF,43,123,0,0.0,0.0,1.0,0.0,0.0,0.0,0.0,0,97860.0
private,S0,0,0,0,1.0,1.0,0.01,0.07,0.0,1.0,1.0,1,3419.0
smtp,SF,645,325,1,0.0,0.0,1.0,0.0,0.01,0.01,0.0,0,122160.0
ldap,S0,0,0,0,1.0,1.0,0.05,0.06,0.0,1.0,1.0,1,60992.0
uucp,S0,0,0,0,1.0,1.0,0.05,0.06,0.0,1.0,1.0,1,92250.0
private,SF,28,0,0,0.0,0.0,1.0,0.0,0.0,0.0,0.0,1,95391.0
imap4,REJ,0,0,0,0.0,0.0,0.5,1.0,0.0,0.0,0.0,1,93973.0
eco_i,SF,8,0,0,0.0,0.0,1.0,0.0,0.51,0.0,0.0,1,67690.0
http,SF,352,790,1,0.0,0.0,1.0,0.0,0.04,0.0,0.0,0,43687.0
ftp_data,SF,6932,0,1,0.0,0.0,1.0,0.0,0.0,0.0,0.0,0,97329.0
private,SF,215,0,0,0.0,0.0,1.0,0.0,0.0,0.0,0.0,1,20096.0
link,REJ,0,0,0,0.0,0.0,0.01,0.06,0.0,0.0,0.0,1,64907.0
http,SF,362,457,1,0.0,0.0,1.0,0.0,0.0,0.0,0.0,0,100520.0
http,SF,299,392,1,0.0,0.0,1.0,0.0,0.02,0.0,0.0,0,15804.0
private,S0,0,0,0,1.0,1.0,0.07,0.06,0.0,1.0,1.0,1,3155.0
eco_i,SF,18,0,0,0.0,0.0,1.0,0.0,0.25,0.0,0.0,1,43038.0
http,REJ,0,0,0,0.0,0.0,1.0,0.0,0.01,0.04,0.0,0,81112.0
domain_u,SF,45,71,0,0.0,0.0,1.0,0.0,0.0,0.0,0.0,0,37453.0
Z39_50,S0,0,0,0,1.0,1.0,0.07,0.06,0.0,1.0,1.0,1,7234.0
http,SF,205,11277,1,0.0,0.0,1.0,0.0,0.0,0.0,0.0,0,110996.0
ecr_i,SF,1032,0,0,0.0,0.0,1.0,0.0,0.0,0.01,0.0,1,60263.0
private,REJ,0,0,0,0.0,0.0,0.04,0.06,0.0,0.0,0.0,1,46400.0
http,SF,280,3727,1,0.0,0.0,1.0,0.0,0.06,0.0,0.0,0,22446.0
ftp_data,S0,0,0,0,1.0,1.0,0.24,0.14,0.0,1.0,1.0,1,98964.0
uucp,S0,0,0,0,1.0,1.0,0.07,0.06,0.0,1.0,1.0,1,99045.0
domain_u,SF,44,110,0,0.0,0.0,1.0,0.0,0.0,0.0,0.0,0,62706.0
private,S0,0,0,0,1.0,1.0,0.02,0.06,0.0,1.0,1.0,1,52170.0
http,SF,301,1870,1,0.0,0.0,1.0,0.0,0.05,0.0,0.01,0,84338.0
http,SF,247,1943,1,0.0,0.0,1.0,0.0,0.0,0.0,0.0,0,33804.0
efs,S0,0,0,0,1.0,1.0,0.03,0.06,0.0,1.0,1.0,1,8827.0
domain_u,SF,46,126,0,0.0,0.0,1.0,0.0,0.0,0.0,0.0,0,47424.0
http,SF,347,298,1,0.0,0.0,1.0,0.0,0.0,0.0,0.0,0,14962.0
private,S0,0,0,0,1.0,1.0,0.15,0.15,0.0,1.0,1.0,1,29318.0
smtp,SF,2222,327,1,0.0,0.0,1.0,0.0,0.0,0.0,0.0,0,52787.0
private,S0,0,0,0,1.0,1.0,0.11,0.05,0.0,1.0,1.0,1,97160.0
imap4,REJ,0,0,0,0.0,0.0,0.04,0.07,0.0,0.0,0.0,1,99494.0
private,S0,0,0,0,1.0,1.0,0.12,0.07,0.0,1.0,1.0,1,41948.0
private,REJ,0,0,0,0.15,0.0,0.03,1.0,0.0,0.02,0.0,1,118180.0
ftp_data,SF,259,0,1,0.0,0.0,1.0,0.0,0.03,0.0,0.0,0,125804.0
other,SF,146,105,0,0.0,0.0,1.0,0.0,0.0,0.0,0.0,0,29734.0
name,S0,0,0,0,1.0,1.0,0.05,0.05,0.0,1.0,1.0,1,50457.0
ftp,SF,339,1072,1,0.0,0.0,1.0,0.0,0.0,0.0,0.0,0,34072.0
http,REJ,0,0,0,0.0,0.0,1.0,0.0,0.0,0.05,0.0,0,9975.0
telnet,SF,93,3042,1,0.0,0.0,1.0,0.0,0.0,0.0,0.0,0,47536.0
ftp_data,SF,383,0,1,0.0,0.0,1.0,0.0,0.03,0.0,0.0,0,113507.0
eco_i,SF,8,0,0,0.0,0.0,1.0,0.0,0.5,0.0,0.0,1,119265.0
bgp,S0,0,0,0,1.0,1.0,0.08,0.05,0.0,1.0,1.0,1,121818.0
eco_i,SF,8,0,0,0.0,0.0,1.0,0.0,0.5,0.0,0.0,1,15087.0
netbios_ns,S0,0,0,0,1.0,1.0,0.17,0.05,0.0,1.0,1.0,1,15.0
private,S0,0,0,0,1.0,1.0,0.19,0.07,0.0,1.0,1.0,1,36435.0
domain_u,SF,45,134,0,0.0,0.0,1.0,0.0,0.0,0.0,0.0,0,68605.0
auth,SF,10,38,0,0.0,0.0,0.33,0.67,0.0,0.0,0.0,0,81987.0
http,SF,295,2056,1,0.0,0.0,1.0,0.0,0.05,0.0,0.0,0,14727.0
eco_i,SF,8,0,0,0.0,0.0,1.0,0.0,0.54,0.0,0.0,1,15882.0
ecr_i,SF,1032,0,0,0.0,0.0,1.0,0.0,0.0,0.0,0.0,1,33443.0
private,REJ,0,0,0,0.0,0.0,0.04,1.0,0.0,0.0,0.0,1,31701.0
http,SF,234,7355,1,0.0,0.0,1.0,0.0,0.0,0.0,0.0,0,40162.0
smtp,SF,1185,330,1,0.0,0.0,1.0,0.0,0.01,0.0,0.0,0,119790.0
http,SF,234,744,1,0.0,0.0,1.0,0.0,0.06,0.0,0.0,0,40530.0
ftp_data,SF,151,0,0,0.0,0.0,1.0,0.0,0.05,0.0,0.0,0,21871.0
other,SF,516,4,0,0.0,0.0,1.0,0.0,0.0,0.0,0.0,0,107934.0
http,SF,220,506,1,0.0,0.0,1.0,0.0,0.0,0.0,0.0,0,33013.0
eco_i,SF,18,0,0,0.0,0.0,1.0,0.0,0.28,0.0,0.0,1,46686.0
private,S0,0,0,0,1.0,1.0,0.09,0.07,0.0,1.0,1.0,1,120066.0
ftp,SF,248,781,1,0.0,0.0,1.0,0.0,0.0,0.0,0.0,0,72098.0
private,REJ,0,0,0,0.0,0.0,0.07,0.08,0.0,0.0,0.0,1,79041.0
http,SF,322,1969,1,0.0,0.0,1.0,0.0,0.05,0.0,0.0,0,123056.0
discard,S0,0,0,0,1.0,1.0,0.02,0.07,0.0,1.0,1.0,1,121777.0
ctf,S0,0,0,0,1.0,1.0,0.01,0.06,0.0,1.0,1.0,1,101779.0
ftp_data,SF,2194619,0,1,0.0,0.0,1.0,0.0,0.03,0.0,0.0,0,90706.0
ssh,REJ,0,0,0,0.0,0.0,0.01,0.08,0.0,0.0,0.0,1,70939.0
http,SF,238,2073,1,0.0,0.0,1.0,0.0,0.02,0.0,0.0,0,25694.0
link,S0,0,0,0,1.0,1.0,0.01,0.05,0.0,1.0,1.0,1,8318.0
vmnet,REJ,0,0,0,0.0,0.0,0.04,0.06,0.0,0.0,0.0,1,101351.0
private,S0,0,0,0,1.0,1.0,0.09,0.06,0.0,1.0,1.0,1,56886.0
private,SF,1,0,0,0.0,0.0,0.17,0.67,0.0,0.0,0.0,1,46830.0
domain_u,SF,36,0,0,0.0,0.0,1.0,0.0,0.01,0.0,0.0,0,31809.0
ftp,S0,0,0,0,1.0,1.0,0.05,0.05,0.0,1.0,1.0,1,65248.0
ftp_data,S0,0,0,0,1.0,1.0,0.03,0.06,0.0,1.0,1.0,1,31198.0
http,SF,303,8720,1,0.04,0.04,1.0,0.0,0.0,0.0,0.0,0,123261.0
eco_i,SF,8,0,0,0.0,0.0,1.0,0.0,0.53,0.0,0.0,1,120827.0
private,S0,0,0,0,1.0,1.0,0.06,0.06,0.0,1.0,1.0,1,25171.0
private,REJ,0,0,0,0.0,0.0,0.3,0.07,0.0,0.0,0.0,1,45886.0
private,S0,0,0,0,1.0,1.0,0.3,0.06,0.0,1.0,1.0,1,37866.0
private,SF,1,0,0,0.0,0.0,1.0,0.0,0.0,0.03,0.0,1,47277.0
uucp_path,REJ,0,0,0,0.0,0.0,0.05,0.07,0.0,0.0,0.0,1,81.0
imap4,S0,0,0,0,1.0,1.0,0.06,0.05,0.0,1.0,1.0,1,26617.0
finger,RSTO,0,0,0,0.0,0.0,1.0,0.0,0.0,0.0,0.0,0,66255.0
smtp,SF,2063,334,1,0.0,0.0,1.0,0.0,0.0,0.0,0.0,0,38043.0
Z39_50,S0,0,0,0,1.0,1.0,0.07,0.07,0.0,1.0,1.0,1,27712.0
efs,S0,0,0,0,1.0,1.0,0.16,0.05,0.0,1.0,1.0,1,5454.0
domain_u,SF,46,132,0,0.0,0.0,1.0,0.0,0.0,0.0,0.0,0,81054.0
nntp,S0,0,0,0,1.0,1.0,0.03,0.06,0.0,1.0,1.0,1,79255.0
http,SF,258,8134,1,0.0,0.0,1.0,0.0,0.0,0.0,0.0,0,10438.0
http,SF,206,261,1,0.0,0.0,1.0,0.0,0.05,0.0,0.0,0,63420.0
http,SF,352,636,1,0.0,0.0,1.0,0.0,0.02,0.0,0.0,0,52274.0
http,SF,209,4601,1,0.08,0.08,1.0,0.0,0.02,0.01,0.01,0,67017.0
private,SH,0,0,0,1.0,1.0,1.0,0.0,0.0,0.97,1.0,1,89789.0
ftp_data,SF,334,0,1,0.0,0.0,1.0,0.0,0.25,0.0,0.0,1,24935.0
private,REJ,0,0,0,0.0,0.0,0.05,0.06,0.0,0.0,0.0,1,37981.0
private,S0,0,0,0,1.0,1.0,0.01,0.06,0.0,1.0,1.0,1,106016.0
http,SF,209,1068,1,0.0,0.0,1.0,0.0,0.03,0.0,0.0,0,36312.0
smtp,SF,2043,338,1,0.0,0.0,1.0,0.0,0.01,0.0,0.0,0,86519.0
smtp,SF,1555,331,1,0.0,0.0,1.0,0.0,0.0,0.0,0.0,0,28181.0
kshell,S0,0,0,0,1.0,1.0,0.14,0.06,0.0,1.0,1.0,1,89105.0
eco_i,SF,30,0,0,0.0,0.0,1.0,0.0,0.0,0.0,0.0,0,8912.0
http,SF,236,3586,1,0.0,0.0,1.0,0.0,0.04,0.0,0.0,0,66863.0
http,SF,237,7542,1,0.0,0.0,1.0,0.0,0.02,0.0,0.0,0,46460.0
smtp,SF,250700,333,1,0.0,0.0,1.0,0.0,0.02,0.0,0.0,0,70488.0
smtp,SF,2578,369,1,0.0,0.0,1.0,0.0,0.0,0.0,0.0,0,48266.0
http,SF,241,5976,1,0.0,0.0,1.0,0.0,0.02,0.0,0.0,0,41274.0
http,SF,266,1866,1,0.0,0.0,1.0,0.0,0.03,0.0,0.0,0,29511.0
http,SF,415,4167,1,0.0,0.0,1.0,0.0,0.17,0.0,0.0,0,68456.0
http,SF,234,1807,1,0.0,0.0,1.0,0.0,0.0,0.0,0.0,0,73110.0
kshell,S0,0,0,0,1.0,1.0,0.18,0.08,0.0,1.0,1.0,1,125468.0
private,S0,0,0,0,1.0,1.0,0.11,0.06,0.0,1.0,1.0,1,111160.0
Z39_50,S0,0,0,0,1.0,1.0,0.07,0.06,0.0,1.0,1.0,1,3058.0
iso_tsap,REJ,0,0,0,0.0,0.0,0.04,0.07,0.0,0.0,0.0,1,57168.0
ftp_data,SF,334,0,1,0.0,0.0,1.0,0.0,0.57,0.0,0.0,1,83924.0
http,SF,248,2481,1,0.0,0.0,1.0,0.0,0.03,0.0,0.0,0,70135.0
smtp,SF,1983,326,1,0.0,0.0,1.0,0.0,0.0,0.0,0.0,0,80288.0
smtp,SF,612,335,1,0.0,0.0,1.0,0.0,0.01,0.0,0.0,0,63229.0
http,SF,185,11437,1,0.0,0.0,1.0,0.0,0.02,0.0,0.0,0,121810.0
IRC,RSTR,790,8250,0,0.0,0.0,1.0,0.0,0.0,0.0,0.0,0,51096.0
IRC,SF,77,17,0,0.0,0.0,1.0,0.0,0.0,0.0,0.0,0,33244.0
http,S0,0,0,0,1.0,1.0,0.33,0.1,0.0,1.0,1.0,1,82033.0
domain_u,SF,46,46,0,0.0,0.0,1.0,0.0,0.0,0.0,0.0,0,34776.0
eco_i,SF,8,0,0,0.0,0.0,1.0,0.0,0.51,0.0,0.0,1,11836.0
ecr_i,SF,64,0,0,0.0,0.0,1.0,0.0,0.0,0.0,0.0,0,56766.0
ftp_data,SF,748,0,1,0.0,0.0,1.0,0.0,0.02,0.0,0.0,0,106799.0
private,S0,0,0,0,1.0,1.0,0.12,0.06,0.0,1.0,1.0,1,44615.0
ecr_i,SF,520,0,0,0.0,0.0,1.0,0.0,0.0,0.0,0.0,1,5549.0
domain_u,SF,45,77,0,0.0,0.0,1.0,0.0,0.0,0.0,0.0,0,26538.0
http,SF,160,2746,1,0.0,0.0,1.0,0.0,0.0,0.0,0.0,0,71506.0
smtp,SF,754,327,1,0.0,0.0,1.0,0.0,0.01,0.0,0.0,0,74751.0
http,SF,234,1486,1,0.0,0.0,1.0,0.0,0.02,0.0,0.0,0,67879.0
other,SF,422,4,0,0.0,0.0,1.0,0.0,0.0,0.0,0.0,0,39852.0
http,SF,331,2518,1,0.0,0.0,1.0,0.0,0.02,0.0,0.0,0,20083.0
ftp_data,SF,59,0,1,0.0,0.0,1.0,0.0,0.0,0.0,0.01,0,77436.0
domain_u,SF,43,43,0,0.0,0.0,1.0,0.0,0.0,0.0,0.0,0,36427.0
smtp,SF,861,331,1,0.0,0.0,1.0,0.0,0.01,0.0,0.0,0,5612.0
http,SF,317,4767,1,0.0,0.0,1.0,0.0,0.04,0.0,0.0,0,44002.0
ftp_data,SF,71,0,0,0.0,0.0,1.0,0.0,0.0,0.57,0.0,0,67101.0
whois,S0,0,0,0,1.0,1.0,0.06,0.12,0.0,1.0,1.0,1,14013.0
http,SF,226,434,1,0.0,0.0,1.0,0.0,0.0,0.0,0.0,0,37206.0
http,SF,287,4066,1,0.0,0.0,1.0,0.0,0.08,0.0,0.0,0,53921.0
http,SF,200,430,1,0.0,0.0,1.0,0.0,0.0,0.0,0.0,0,101009.0
private,S0,0,0,0,1.0,1.0,0.02,0.07,0.0,1.0,1.0,1,75724.0
courier,S0,0,0,0,1.0,1.0,0.13,0.06,0.0,1.0,1.0,1,98609.0
private,S0,0,0,0,1.0,1.0,0.04,0.06,0.0,1.0,1.0,1,123492.0
private,S0,0,0,0,1.0,1.0,0.13,0.07,0.0,1.0,1.0,1,37217.0
http,RSTR,54540,7300,1,0.0,0.0,1.0,0.0,0.0,0.0,0.0,1,108942.0
http,SF,319,6534,1,0.0,0.0,1.0,0.0,0.0,0.0,0.0,0,87799.0
private,REJ,0,0,0,0.0,0.0,0.1,0.08,0.0,0.0,0.0,1,43310.0
private,RSTR,0,0,0,0.0,0.0,1.0,0.0,0.0,0.0,0.0,1,45832.0
domain_u,SF,44,44,0,0.0,0.0,1.0,0.0,0.0,0.0,0.0,0,68934.0
domain_u,SF,46,46,0,0.0,0.0,1.0,0.0,0.0,0.0,0.0,0,92528.0
http,SF,257,5989,1,0.0,0.0,1.0,0.0,0.0,0.0,0.0,0,28168.0
http,SF,200,1697,1,0.0,0.0,1.0,0.0,0.03,0.0,0.0,0,76020.0
http,SF,54540,8314,1,0.0,0.0,1.0,0.0,0.0,0.0,0.0,1,71147.0
ftp_data,SF,1030,0,0,0.0,0.0,1.0,0.0,0.0,0.0,0.0,0,117348.0
ecr_i,SF,520,0,0,0.0,0.0,1.0,0.0,0.0,0.0,0.0,1,6485.0
private,S0,0,0,0,1.0,1.0,0.04,0.07,0.0,1.0,1.0,1,3200.0
ftp_data,SF,641,0,1,0.0,0.0,1.0,0.0,0.01,0.0,0.0,0,91473.0
private,S0,0,0,0,1.0,1.0,0.01,0.06,0.0,1.0,1.0,1,105491.0
shell,S0,0,0,0,1.0,1.0,0.09,0.05,0.0,1.0,1.0,1,14742.0
eco_i,SF,8,0,0,0.0,0.0,1.0,0.0,0.25,0.0,0.0,1,52526.0
http,SF,275,546,1,0.0,0.0,1.0,0.0,0.05,0.0,0.0,0,23628.0
vmnet,S0,0,0,0,1.0,1.0,0.01,0.06,0.0,1.0,1.0,1,93314.0
http,SF,192,17750,1,0.0,0.0,1.0,0.0,0.09,0.0,0.01,0,28207.0
smtp,SF,9784,325,1,0.0,0.0,1.0,0.0,0.01,0.0,0.0,0,23921.0
private,S0,0,0,0,1.0,1.0,0.12,0.07,0.0,1.0,1.0,1,91686.0
domain_u,SF,43,125,0,0.0,0.0,1.0,0.0,0.0,0.0,0.0,0,46164.0
echo,RSTO,0,0,0,0.0,0.0,0.14,0.06,0.0,0.0,0.0,1,9697.0
efs,REJ,0,0,0,0.0,0.0,0.12,0.06,0.0,0.0,0.0,1,63200.0
smtp,SF,2895,329,1,0.0,0.0,1.0,0.0,0.0,0.0,0.01,0,19104.0
private,SF,28,0,0,0.0,0.0,1.0,0.0,0.0,0.02,0.0,1,105702.0
domain_u,SF,46,75,0,0.0,0.0,1.0,0.0,0.0,0.0,0.0,0,111467.0
other,SF,7940,0,1,0.11,0.0,0.11,0.22,0.0,0.02,0.0,0,23867.0
ecr_i,SF,1032,0,0,0.0,0.0,1.0,0.0,0.0,0.0,0.0,1,15776.0
smtp,SF,920,338,1,0.0,0.0,1.0,0.0,0.02,0.0,0.0,0,83455.0
http,S0,0,0,0,1.0,1.0,0.67,0.22,0.0,1.0,1.0,1,55613.0
http,SF,312,7654,1,0.0,0.0,1.0,0.0,0.03,0.0,0.0,0,10687.0
http,SF,212,285,1,0.0,0.0,1.0,0.0,0.01,0.0,0.0,0,102532.0
http,SF,200,2536,1,0.0,0.0,1.0,0.0,0.0,0.0,0.0,0,54434.0
http,SF,206,365,1,0.0,0.0,1.0,0.0,0.0,0.0,0.0,0,18960.0
eco_i,SF,30,0,0,0.0,0.0,0.25,0.5,0.0,0.0,0.0,0,51780.0
finger,S0,0,0,0,1.0,1.0,0.06,0.07,0.0,1.0,1.0,1,110993.0
sql_net,S0,0,0,0,1.0,1.0,0.07,0.07,0.0,1.0,1.0,1,112779.0
finger,S0,0,0,0,1.0,1.0,0.3,0.2,0.0,1.0,1.0,1,97727.0
ftp_data,SF,3888,0,0,0.0,0.0,1.0,0.0,0.0,0.0,0.0,0,47827.0
http,SF,368,200,1,0.0,0.0,1.0,0.0,0.02,0.0,0.0,0,5624.0
other,SF,147,105,0,0.0,0.0,1.0,0.0,0.0,0.0,0.0,0,96350.0
domain_u,SF,46,71,0,0.0,0.0,0.99,0.01,0.0,0.0,0.0,0,17148.0
http,SF,214,22841,1,0.0,0.0,1.0,0.0,0.01,0.0,0.0,0,16972.0
http,SF,189,2542,1,0.0,0.0,1.0,0.0,0.03,0.0,0.0,0,43863.0
domain_u,SF,43,43,0,0.0,0.0,1.0,0.0,0.0,0.0,0.0,0,32739.0
http,SF,232,406,1,0.0,0.0,1.0,0.0,0.0,0.0,0.0,0,114177.0
private,S0,0,0,0,1.0,1.0,0.06,0.06,0.0,1.0,1.0,1,34166.0
private,REJ,0,0,0,0.05,0.0,0.0,1.0,0.0,0.08,0.0,1,67709.0
private,SH,0,0,0,1.0,1.0,1.0,0.0,0.0,0.87,1.0,1,66468.0
private,S0,0,0,0,1.0,1.0,0.06,0.07,0.0,1.0,1.0,1,13184.0
ntp_u,SF,48,48,0,0.0,0.0,0.33,0.67,0.0,0.0,0.0,0,99454.0
eco_i,SF,18,0,0,0.0,0.0,1.0,0.0,0.25,0.0,0.0,1,93820.0
http,SF,301,354,1,0.0,0.0,1.0,0.0,0.01,0.0,0.01,0,18174.0
private,S0,0,0,0,1.0,1.0,0.05,0.05,0.0,1.0,1.0,1,101360.0
http,SF,227,2507,1,0.0,0.0,1.0,0.0,0.0,0.0,0.0,0,49940.0
http,SF,233,1065,1,0.0,0.0,1.0,0.0,0.0,0.0,0.0,0,63932.0
other,SF,146,105,0,0.0,0.0,1.0,0.0,0.0,0.0,0.0,0,67798.0
time,S0,0,0,0,1.0,1.0,0.01,0.07,0.0,1.0,1.0,1,26836.0
private,S0,0,0,0,1.0,1.0,0.09,0.05,0.0,1.0,1.0,1,74698.0
ftp,SF,324,1054,1,0.0,0.0,1.0,0.0,0.0,0.0,0.0,0,105832.0
http,SF,293,2530,1,0.0,0.0,1.0,0.0,0.0,0.0,0.0,0,41592.0
private,SF,105,146,0,0.0,0.0,0.17,0.33,0.0,0.0,0.0,0,39292.0
http,REJ,0,0,0,0.0,0.0,1.0,0.0,0.0,0.0,0.0,0,44538.0
http,SF,201,3796,1,0.0,0.0,1.0,0.0,0.04,0.0,0.0,0,5487.0
http,SF,332,1298,1,0.0,0.0,1.0,0.0,0.03,0.0,0.0,0,110316.0
http,SF,164,37746,1,0.0,0.0,1.0,0.0,0.01,0.0,0.0,0,60439.0
smtp,SF,1653,328,1,0.0,0.0,1.0,0.0,0.0,0.01,0.0,0,72158.0
http,SF,207,464,1,0.0,0.0,1.0,0.0,0.04,0.0,0.0,0,95373.0
http,SF,213,3327,1,0.0,0.0,1.0,0.0,0.01,0.0,0.0,0,65757.0
eco_i,SF,8,0,0,0.0,0.0,1.0,0.0,0.5,0.0,0.0,1,34785.0
smtp,SF,2549,325,1,0.0,0.0,1.0,0.0,0.01,0.0,0.0,0,98642.0
ftp,S0,0,0,0,1.0,1.0,0.0,0.07,0.0,1.0,1.0,1,32525.0
http,SF,219,1651,1,0.0,0.0,1.0,0.0,0.0,0.0,0.0,0,84334.0
efs,S0,0,0,0,1.0,1.0,0.12,0.05,0.0,1.0,1.0,1,113639.0
http,SF,294,2702,1,0.0,0.0,1.0,0.0,0.03,0.0,0.0,0,64883.0
domain_u,SF,44,130,0,0.0,0.0,1.0,0.0,0.0,0.0,0.0,0,70970.0
private,S0,0,0,0,1.0,1.0,0.09,0.05,0.0,1.0,1.0,1,4922.0
private,SF,105,147,0,0.0,0.0,0.12,0.25,0.0,0.0,0.0,0,72980.0
http,SF,204,394,1,0.0,0.0,1.0,0.0,0.04,0.0,0.0,0,20088.0
http,SF,165,1553,1,0.0,0.0,1.0,0.0,0.04,0.0,0.01,0,120861.0
netstat,S0,0,0,0,1.0,1.0,0.01,0.07,0.0,1.0,1.0,1,59613.0
http,SF,228,6687,1,0.0,0.0,1.0,0.0,0.04,0.0,0.0,0,106856.0
private,RSTR,1,0,0,0.0,0.0,1.0,0.0,0.0,0.0,0.0,1,785.0
systat,REJ,0,0,0,0.0,0.0,0.0,0.07,0.0,0.0,0.0,1,15625.0
domain_u,SF,43,69,0,0.0,0.0,1.0,0.0,0.0,0.0,0.0,0,65135.0
domain_u,SF,46,78,0,0.0,0.0,0.99,0.01,0.0,0.0,0.0,0,32891.0
other,SF,147,105,0,0.0,0.0,0.2,0.6,0.0,0.0,0.0,0,29262.0
private,S0,0,0,0,1.0,1.0,0.06,0.07,0.0,1.0,1.0,1,99057.0
smtp,SF,1527,522,1,0.0,0.0,1.0,0.0,0.01,0.0,0.0,0,2605.0
domain_u,SF,45,129,0,0.0,0.0,1.0,0.0,0.0,0.0,0.0,0,105075.0
http,SF,200,2637,1,0.0,0.0,1.0,0.0,0.03,0.0,0.0,0,56685.0
uucp,S0,0,0,0,1.0,1.0,0.17,0.07,0.0,1.0,1.0,1,85232.0
supdup,S0,0,0,0,1.0,1.0,0.06,0.07,0.0,1.0,1.0,1,96616.0
http,SF,304,3146,1,0.0,0.0,1.0,0.0,0.03,0.0,0.0,0,92117.0
ecr_i,SF,520,0,0,0.0,0.0,1.0,0.0,0.0,0.0,0.0,1,62663.0
http,SF,260,301,1,0.0,0.0,1.0,0.0,0.06,0.0,0.0,0,7850.0
domain_u,SF,46,134,0,0.0,0.0,1.0,0.0,0.0,0.0,0.0,0,49780.0
private,S0,0,0,0,1.0,1.0,0.03,0.06,0.0,1.0,1.0,1,33566.0
smtp,SF,1509,329,1,0.0,0.0,1.0,0.0,0.02,0.0,0.02,0,104276.0
http,SF,313,9458,1,0.0,0.0,1.0,0.0,0.03,0.0,0.0,0,14688.0
http,SF,229,11388,1,0.0,0.0,1.0,0.0,0.0,0.0,0.0,0,91372.0
http,SF,296,667,1,0.0,0.0,1.0,0.0,0.0,0.01,0.01,0,68234.0
http,SF,307,2698,1,0.0,0.0,1.0,0.0,0.0,0.0,0.0,0,116135.0
other,SF,146,105,0,0.0,0.0,1.0,0.0,0.0,0.0,0.0,0,100569.0
smtp,SF,818,329,1,0.0,0.0,1.0,0.0,0.0,0.0,0.0,0,119071.0
Z39_50,S0,0,0,0,1.0,1.0,0.03,0.06,0.0,1.0,1.0,1,568.0
http,SF,218,802,1,0.0,0.0,1.0,0.0,0.02,0.0,0.0,0,41506.0
private,S0,0,0,0,1.0,1.0,0.16,0.06,0.0,1.0,1.0,1,43204.0
private,S0,0,0,0,1.0,1.0,0.05,0.06,0.0,1.0,1.0,1,10908.0
http,SF,262,926,1,0.0,0.0,1.0,0.0,0.0,0.0,0.0,0,6586.0
private,S0,0,0,0,1.0,1.0,0.15,0.07,0.0,1.0,1.0,1,34652.0
domain_u,SF,46,46,0,0.0,0.0,1.0,0.0,0.0,0.0,0.0,0,111926.0
efs,S0,0,0,0,1.0,1.0,0.03,0.06,0.0,1.0,1.0,1,27307.0
http,SF,300,1380,1,0.0,0.0,0.05,0.11,0.0,0.0,0.0,0,29123.0
ftp,SF,1206,3380,1,0.0,0.0,1.0,0.0,0.0,0.02,0.0,0,12320.0
private,SF,28,0,0,0.81,0.0,0.19,0.06,0.0,0.09,0.0,1,64237.0
auth,S0,0,0,0,1.0,1.0,0.01,0.06,0.0,1.0,1.0,1,15518.0
http,SF,220,912,1,0.0,0.0,1.0,0.0,0.02,0.0,0.0,0,116446.0
private,S0,0,0,0,1.0,1.0,0.14,0.05,0.0,1.0,1.0,1,65865.0
http,SF,227,2576,1,0.0,0.0,1.0,0.0,0.0,0.0,0.0,0,86257.0
http,S0,0,0,0,1.0,1.0,0.08,0.04,0.0,1.0,1.0,1,63475.0
private,S0,0,0,0,1.0,1.0,0.03,0.06,0.0,1.0,1.0,1,99419.0
X11,SF,312876,22784,1,0.0,0.0,1.0,0.0,0.0,0.02,0.03,0,8894.0
private,REJ,0,0,0,0.0,0.0,1.0,0.0,0.0,0.0,0.0,1,19985.0
ctf,S0,0,0,0,1.0,1.0,0.02,0.06,0.0,1.0,1.0,1,9608.0
http,SF,323,462,1,0.0,0.0,1.0,0.0,0.02,0.0,0.0,0,61699.0
klogin,S0,0,0,0,1.0,1.0,0.17,0.07,0.0,1.0,1.0,1,119603.0
private,S0,0,0,0,1.0,1.0,0.07,0.04,0.0,0.99,1.0,1,34629.0
private,REJ,0,0,0,0.01,0.0,0.01,1.0,0.0,0.0,0.0,1,96946.0
private,SF,1,0,0,0.0,0.0,0.13,0.13,0.0,0.16,0.0,1,11187.0
bgp,REJ,0,0,0,0.0,0.0,0.01,0.07,0.0,0.0,0.0,1,110695.0
klogin,S0,0,0,0,1.0,1.0,0.12,0.06,0.0,1.0,1.0,1,71749.0
http,REJ,0,0,0,0.0,0.0,1.0,0.0,0.16,0.0,0.0,0,48199.0
private,S0,0,0,0,1.0,1.0,0.03,0.07,0.0,1.0,1.0,1,100992.0
private,S0,0,0,0,1.0,1.0,0.02,0.07,0.0,1.0,1.0,1,48813.0
http,SF,348,7703,1,0.0,0.0,1.0,0.0,0.01,0.0,0.0,0,53591.0
private,RSTR,1,0,0,0.0,0.0,1.0,0.0,0.0,0.0,0.0,1,16824.0
other,RSTR,1,0,0,0.0,0.0,1.0,0.0,0.0,0.0,0.0,1,9974.0
http,SF,223,337,1,0.0,0.0,1.0,0.0,0.0,0.0,0.0,0,21825.0
http,SF,291,996,1,0.0,0.0,1.0,0.0,0.04,0.0,0.0,0,120071.0
ftp_data,S0,0,0,0,1.0,1.0,0.19,0.13,0.0,1.0,1.0,1,11459.0
telnet,S0,0,0,0,1.0,1.0,0.04,0.07,0.0,1.0,1.0,1,16065.0
ftp_data,SF,1699,0,1,0.0,0.0,1.0,0.0,0.02,0.0,0.0,0,51311.0
http,SF,318,3355,1,0.0,0.0,1.0,0.0,0.02,0.01,0.0,0,105096.0
smtp,SF,2456,479,1,0.0,0.0,0.5,1.0,0.0,0.0,0.0,0,40223.0
efs,S0,0,0,0,1.0,1.0,0.12,0.05,0.0,1.0,1.0,1,27483.0
other,S0,0,0,0,0.07,1.0,0.0,1.0,0.0,0.1,1.0,1,36703.0
http,SF,189,622,1,0.05,0.05,1.0,0.0,0.0,0.0,0.0,0,113885.0
other,REJ,0,0,0,0.15,0.0,0.0,1.0,0.0,0.12,0.0,1,8324.0
other,S0,0,0,0,1.0,1.0,0.03,0.06,0.0,1.0,1.0,1,92745.0
eco_i,SF,8,0,0,0.0,0.0,1.0,0.0,0.5,0.0,0.0,1,107086.0
private,S0,0,0,0,1.0,1.0,0.04,0.06,0.0,1.0,1.0,1,122731.0
http,SF,307,5592,1,0.0,0.0,1.0,0.0,0.0,0.0,0.0,0,122373.0
http,SF,322,6882,1,0.0,0.0,1.0,0.0,0.03,0.02,0.01,0,49249.0
http,SF,322,998,1,0.0,0.0,1.0,0.0,0.0,0.0,0.0,0,45055.0
http,SF,210,4995,1,0.0,0.0,1.0,0.0,0.04,0.0,0.0,0,75541.0
smtp,SF,627,327,1,0.0,0.0,1.0,0.0,0.0,0.0,0.0,0,37283.0
http,SF,208,364,1,0.0,0.0,1.0,0.0,0.06,0.0,0.0,0,98310.0
http,SF,232,128,1,0.0,0.0,1.0,0.0,0.04,0.0,0.0,0,114380.0
http,SF,289,2217,1,0.0,0.0,1.0,0.0,0.04,0.0,0.0,0,83207.0
private,REJ,0,0,0,0.09,0.0,0.0,1.0,0.0,0.1,0.0,1,112838.0
http,S0,0,0,0,1.0,1.0,0.35,0.07,0.0,1.0,1.0,1,108361.0
private,S0,0,0,0,1.0,1.0,0.02,0.08,0.0,1.0,1.0,1,101834.0
eco_i,SF,8,0,0,0.0,0.0,1.0,0.0,0.25,0.0,0.0,1,11455.0
http,SF,338,269,1,0.0,0.0,1.0,0.0,0.02,0.0,0.0,0,104487.0
telnet,RSTO,126,179,0,0.0,0.0,1.0,0.0,0.0,0.04,0.04,1,26413.0
smtp,SF,5688,331,1,0.0,0.0,1.0,0.0,0.02,0.0,0.0,0,68499.0
http,SF,235,1075,1,0.0,0.0,1.0,0.0,0.0,0.0,0.0,0,109302.0
private,S0,0,0,0,1.0,1.0,0.05,0.05,0.0,1.0,1.0,1,95790.0
ftp_data,OTH,0,33580,0,0.0,0.11,1.0,0.0,0.29,0.0,0.0,0,35719.0
private,RSTR,0,0,0,0.0,0.0,1.0,0.0,0.0,0.09,0.0,1,756.0
domain_u,SF,45,45,0,0.0,0.0,1.0,0.0,0.0,0.0,0.0,0,112339.0
domain_u,SF,44,70,0,0.0,0.0,1.0,0.0,0.0,0.0,0.0,0,110196.0
ftp_data,SF,1214,0,0,0.0,0.0,1.0,0.0,0.0,0.0,0.01,0,74692.0
nntp,S0,0,0,0,1.0,1.0,0.09,0.04,0.0,1.0,1.0,1,121793.0
http,SF,283,1556,1,0.0,0.0,1.0,0.0,0.04,0.0,0.0,0,62660.0
ftp_data,SF,740,0,1,0.0,0.0,1.0,0.0,0.03,0.0,0.0,0,27786.0
private,SF,1,0,0,0.0,0.0,0.31,0.1,0.0,0.16,0.0,1,32682.0
http,SF,215,6208,1,0.0,0.0,1.0,0.0,0.04,0.0,0.0,0,81323.0
http,SF,327,274,1,0.0,0.0,1.0,0.0,0.0,0.0,0.0,0,4742.0
http,SF,237,474,1,0.0,0.0,1.0,0.0,0.05,0.0,0.0,0,87938.0
http,S0,0,0,0,1.0,0.65,0.05,0.07,0.0,1.0,1.0,1,19401.0
http,SF,317,403,1,0.0,0.0,1.0,0.0,0.03,0.0,0.0,0,117447.0
domain,S0,0,0,0,1.0,1.0,0.09,0.06,0.0,1.0,1.0,1,108235.0
private,S0,0,0,0,1.0,1.0,0.03,0.06,0.0,1.0,1.0,1,83501.0
finger,SF,8,0,0,0.0,0.0,1.0,0.0,0.25,0.0,0.0,0,80672.0
http,SF,226,1811,1,0.0,0.0,1.0,0.0,0.04,0.0,0.0,0,76016.0
echo,S0,0,0,0,1.0,1.0,0.08,0.05,0.0,1.0,1.0,1,31228.0
uucp_path,S0,0,0,0,1.0,1.0,0.13,0.04,0.0,1.0,1.0,1,79795.0
private,S0,0,0,0,1.0,1.0,0.04,0.06,0.0,1.0,1.0,1,77376.0
http,SF,209,2640,1,0.0,0.0,1.0,0.0,0.05,0.0,0.0,0,98394.0
http,SF,54540,8314,1,0.0,0.0,1.0,0.0,0.0,0.0,0.0,1,43781.0
http,SF,252,11316,1,0.0,0.0,1.0,0.0,0.02,0.0,0.0,0,109158.0
http,SF,165,11868,1,0.0,0.0,1.0,0.0,0.0,0.0,0.0,0,33218.0
auth,S0,0,0,0,1.0,1.0,0.02,0.06,0.0,1.0,1.0,1,108937.0
private,SF,28,0,0,0.0,0.0,1.0,0.0,0.0,0.0,0.0,1,53562.0
ftp,SF,241,777,1,0.0,0.0,0.5,1.0,0.0,0.01,0.0,0,23659.0
login,S0,0,0,0,1.0,1.0,0.67,0.33,0.0,1.0,1.0,1,123911.0
http,SF,305,458,1,0.0,0.0,1.0,0.0,0.06,0.0,0.0,0,24789.0
gopher,S0,0,0,0,1.0,1.0,0.0,0.07,0.0,1.0,1.0,1,32604.0
ftp_data,SF,12,0,1,0.0,0.0,1.0,0.0,0.0,0.0,0.0,0,96136.0
supdup,S0,0,0,0,1.0,1.0,0.05,0.06,0.0,1.0,1.0,1,42646.0
systat,S0,0,0,0,1.0,1.0,0.04,0.06,0.0,1.0,1.0,1,16191.0
ecr_i,SF,1032,0,0,0.0,0.0,1.0,0.0,0.0,0.0,0.0,1,62172.0
telnet,RSTO,0,0,0,0.0,0.0,0.06,0.59,0.0,0.0,0.0,1,34190.0
private,S0,0,0,0,1.0,1.0,0.05,0.06,0.0,1.0,1.0,1,87724.0
http,SF,300,2507,1,0.0,0.0,1.0,0.0,0.0,0.03,0.05,0,83739.0
http,SF,232,2280,1,0.0,0.0,1.0,0.0,0.0,0.0,0.0,0,106244.0
http,SF,191,3011,1,0.0,0.0,1.0,0.0,0.0,0.0,0.0,0,98418.0
http,SF,268,564,1,0.0,0.0,1.0,0.0,0.0,0.0,0.0,0,58444.0
http,SF,332,930,1,0.0,0.0,1.0,0.0,0.0,0.0,0.0,0,19698.0
domain_u,SF,42,42,0,0.0,0.0,1.0,0.0,0.0,0.0,0.0,0,8529.0
smtp,SF,971,367,1,0.0,0.0,1.0,0.0,0.01,0.0,0.0,0,12205.0
smtp,SF,573,283,1,0.0,0.0,1.0,0.0,0.02,0.0,0.0,0,5514.0
http,SF,251,16118,1,0.0,0.56,1.0,0.0,0.02,0.0,0.0,0,123376.0
bgp,REJ,0,0,0,0.0,0.0,0.1,0.06,0.0,0.0,0.0,1,33018.0
http,REJ,0,0,0,0.0,0.0,1.0,0.0,0.09,0.0,0.09,0,113204.0
discard,S0,0,0,0,1.0,1.0,0.07,0.06,0.0,1.0,1.0,1,89943.0
time,S0,0,0,0,1.0,1.0,0.09,0.05,0.0,1.0,1.0,1,83017.0
name,S0,0,0,0,1.0,1.0,0.12,0.05,0.0,1.0,1.0,1,64922.0
http,SF,264,760,1,0.0,0.0,1.0,0.0,0.0,0.0,0.0,0,120835.0
other,RSTR,1,0,0,0.0,0.0,1.0,0.0,0.0,0.0,0.0,1,66563.0
http,S0,0,0,0,1.0,1.0,0.07,0.06,0.0,1.0,1.0,1,32470.0
ftp_data,SF,7422,0,1,0.0,0.0,1.0,0.0,0.02,0.0,0.0,0,76933.0
http,SF,54540,8314,1,0.5,0.5,1.0,0.0,0.0,0.01,0.01,1,48089.0
private,S0,0,0,0,1.0,1.0,0.04,0.06,0.0,1.0,1.0,1,31127.0
auth,SF,14,39,1,0.0,0.0,1.0,0.0,0.0,0.0,0.0,0,105753.0
http,SF,299,2033,1,0.0,0.0,1.0,0.0,0.04,0.0,0.0,0,59759.0
ftp,SF,1469,4152,1,0.0,0.0,1.0,0.0,0.0,0.0,0.0,0,36517.0
ecr_i,SF,1032,0,0,0.0,0.0,1.0,0.0,0.0,0.0,0.0,1,16773.0
domain_u,SF,42,71,0,0.0,0.0,1.0,0.0,0.0,0.0,0.0,0,97042.0
ftp_data,S1,2162260,0,1,1.0,1.0,1.0,0.0,0.0,0.01,0.02,0,121650.0
private,S0,0,0,0,1.0,1.0,0.07,0.05,0.0,1.0,1.0,1,87181.0
private,SF,28,0,0,0.0,0.0,1.0,0.0,0.0,0.09,0.0,1,44259.0
private,RSTR,0,0,0,0.0,0.0,1.0,0.0,0.0,0.0,0.0,1,44704.0
http,SF,277,45760,1,0.0,0.0,1.0,0.0,0.04,0.0,0.0,0,72709.0
http,SF,318,2256,1,0.0,0.0,1.0,0.0,0.03,0.0,0.02,0,56132.0
http,SF,344,1484,1,0.0,0.0,1.0,0.0,0.0,0.0,0.0,0,68304.0
time,S0,0,0,0,1.0,1.0,0.11,0.06,0.0,1.0,1.0,1,70241.0
domain_u,SF,42,42,0,0.0,0.0,1.0,0.0,0.0,0.0,0.0,0,60649.0
domain_u,SF,44,72,0,0.0,0.0,1.0,0.0,0.0,0.0,0.0,0,11860.0
domain_u,SF,46,46,0,0.0,0.0,1.0,0.0,0.0,0.0,0.0,0,10593.0
http,SF,224,1415,1,0.0,0.0,1.0,0.0,0.0,0.0,0.0,0,58694.0
other,SF,146,105,0,0.0,0.0,0.5,0.5,0.0,0.0,0.0,0,18073.0
http,SF,271,10615,1,0.0,0.0,1.0,0.0,0.03,0.0,0.0,0,24454.0
private,S0,0,0,0,1.0,1.0,0.18,0.05,0.0,1.0,1.0,1,19355.0
auth,REJ,0,0,0,0.0,0.0,0.04,0.07,0.0,0.0,0.0,1,37269.0
http,SF,366,9979,1,0.0,0.0,1.0,0.0,0.04,0.0,0.0,0,6509.0
private,S0,0,0,0,1.0,1.0,0.07,0.06,0.0,1.0,1.0,1,110309.0
netstat,S0,0,0,0,1.0,1.0,0.05,0.07,0.0,1.0,1.0,1,53233.0
http,SF,224,975,1,0.0,0.0,1.0,0.0,0.05,0.0,0.0,0,32366.0
smtp,SF,1616,321,1,0.0,0.0,1.0,0.0,0.0,0.0,0.0,0,64954.0
http,SF,241,2113,1,0.0,0.0,1.0,0.0,0.0,0.0,0.0,0,1983.0
netbios_dgm,S0,0,0,0,1.0,1.0,0.02,0.06,0.0,1.0,1.0,1,54858.0
auth,SF,10,37,0,0.0,0.0,1.0,0.0,0.0,0.0,0.0,0,58348.0
private,S0,0,0,0,1.0,1.0,0.1,0.06,0.0,1.0,1.0,1,77480.0
ftp,SF,705,2077,1,0.0,0.0,1.0,0.0,0.0,0.0,0.0,0,82742.0
http,SF,241,1383,1,0.0,0.0,1.0,0.0,0.02,0.0,0.04,0,58709.0
supdup,S0,0,0,0,1.0,1.0,0.09,0.06,0.0,1.0,1.0,1,94153.0
private,S0,0,0,0,1.0,1.0,0.05,0.06,0.0,1.0,1.0,1,7575.0
other,SF,146,0,0,0.0,0.0,0.33,0.67,0.0,0.0,0.0,0,87892.0
private,SF,28,0,0,0.01,0.0,0.98,0.03,0.0,0.0,0.0,1,62149.0
smtp,SF,1261,330,1,0.0,0.0,1.0,0.0,0.03,0.01,0.01,0,53697.0
private,S0,0,0,0,1.0,1.0,0.02,0.08,0.0,1.0,1.0,1,92574.0
eco_i,SF,8,0,0,0.0,0.0,1.0,0.0,0.5,0.0,0.0,1,77038.0
domain_u,SF,46,83,0,0.0,0.0,1.0,0.0,0.0,0.0,0.0,0,66633.0
private,S0,0,0,0,1.0,1.0,0.09,0.06,0.0,1.0,1.0,1,81527.0
pop_2,S0,0,0,0,1.0,1.0,0.06,0.06,0.0,1.0,1.0,1,10387.0
domain_u,SF,45,74,0,0.0,0.0,0.99,0.01,0.0,0.0,0.0,0,76558.0
ftp,SF,242,773,1,0.0,0.0,1.0,0.0,0.0,0.0,0.0,0,3699.0
imap4,S0,0,0,0,1.0,1.0,0.02,0.06,0.0,1.0,1.0,1,105104.0
http,SF,196,578,1,0.0,0.0,1.0,0.0,0.0,0.0,0.0,0,54183.0
auth,S0,0,0,0,1.0,1.0,0.07,0.06,0.0,1.0,1.0,1,121468.0
smtp,SF,1822,375,1,0.0,0.0,1.0,0.0,0.0,0.0,0.0,0,68163.0
http,SF,292,2312,1,0.0,0.0,1.0,0.0,0.0,0.0,0.0,0,109675.0
http,SF,278,13950,1,0.0,0.0,1.0,0.0,0.01,0.0,0.0,0,72143.0
private,REJ,0,0,0,0.0,0.0,0.5,0.11,0.0,0.0,0.0,1,108255.0
http,SF,240,2170,1,0.0,0.0,1.0,0.0,0.02,0.0,0.0,0,77686.0
private,SF,1,0,0,0.0,0.0,1.0,0.0,0.0,0.0,0.0,1,42903.0
http,SF,318,2208,1,0.0,0.0,1.0,0.0,0.0,0.0,0.0,0,114577.0
smtp,SF,980,384,1,0.0,0.0,1.0,0.0,0.0,0.76,0.0,0,41842.0
private,RSTR,1,0,0,0.0,0.0,1.0,0.0,0.0,0.0,0.0,1,19930.0
eco_i,SF,8,0,0,0.0,0.0,1.0,0.0,0.26,0.0,0.0,1,48808.0
http,REJ,0,0,0,0.0,0.0,1.0,0.0,0.15,0.0,0.0,0,8746.0
private,S0,0,0,0,1.0,1.0,0.08,0.06,0.0,1.0,1.0,1,38571.0
time,S0,0,0,0,1.0,1.0,0.04,0.06,0.0,1.0,1.0,1,90739.0
http,SF,241,389,1,0.0,0.0,1.0,0.0,0.01,0.0,0.0,0,124871.0
http,S0,0,0,0,0.78,0.88,0.78,0.33,0.0,1.0,1.0,1,118056.0
http,SF,144,27576,1,0.0,0.0,1.0,0.0,0.0,0.0,0.0,0,30952.0
private,RSTR,0,0,0,0.0,0.0,1.0,0.0,0.0,0.0,0.0,1,114008.0
auth,S0,0,0,0,1.0,1.0,0.04,0.06,0.0,1.0,1.0,1,23405.0
smtp,SF,2553,397,1,0.0,0.0,1.0,0.0,0.0,0.0,0.0,0,86062.0
telnet,S0,0,0,0,1.0,1.0,1.0,0.0,0.0,0.6,0.6,1,42576.0
other,SF,1363,0,1,0.05,0.0,0.05,0.32,0.0,0.01,0.0,0,99446.0
eco_i,SF,8,0,0,0.0,0.0,1.0,0.0,0.25,0.0,0.0,1,41614.0
private,SF,207,0,0,0.0,0.0,1.0,0.0,0.0,0.0,0.0,1,80993.0
http,SF,301,634,1,0.0,0.0,1.0,0.0,0.07,0.0,0.01,0,6621.0
ftp_data,SF,2194619,0,1,0.0,0.0,1.0,0.0,0.02,0.0,0.0,0,93197.0
private,S0,0,0,0,1.0,1.0,0.08,0.06,0.0,1.0,1.0,1,102220.0
