service,flag,src_bytes,dst_bytes,wrong_fragment,logged_in,count,serror_rate,srv_serror_rate,same_srv_rate,diff_srv_rate,srv_diff_host_rate,dst_host_count,dst_host_srv_count,dst_host_same_srv_rate,dst_host_diff_srv_rate,dst_host_srv_diff_host_rate,dst_host_serror_rate,dst_host_srv_serror_rate,dst_host_srv_rerror_rate,classe,posicaoOriginal
39,5,0,0,0,0,293,1.0,1.0,0.07,0.05,0.0,255,21,0.08,0.05,0.0,1.0,1.0,0.0,1,71931.0
40,9,48,48,0,0,1,0.0,0.0,1.0,0.0,0.0,22,20,0.91,0.09,0.0,0.0,0.0,0.0,0,79061.0
49,9,1928,331,0,1,1,0.0,0.0,1.0,0.0,0.0,255,17,0.07,0.45,0.0,0.0,0.0,0.0,0,94406.0
22,9,197,289,0,1,2,0.0,0.0,1.0,0.0,0.0,2,255,1.0,0.0,0.03,0.0,0.0,0.0,0,33093.0
3,5,0,0,0,0,274,1.0,1.0,0.06,0.05,0.0,255,16,0.06,0.05,0.0,1.0,1.0,0.0,1,89199.0
19,9,14,0,0,1,2,0.0,0.0,1.0,0.0,0.0,43,87,0.05,0.09,0.02,0.0,0.0,0.0,0,93999.0
18,2,0,0,0,0,253,0.0,0.0,0.03,0.07,0.0,255,8,0.03,0.08,0.0,0.0,0.0,1.0,1,104974.0
31,5,0,0,0,0,123,1.0,1.0,0.01,0.07,0.0,255,1,0.0,0.07,0.0,1.0,1.0,0.0,1,11062.0
11,9,46,77,0,0,224,0.0,0.0,1.0,0.0,0.01,255,254,1.0,0.01,0.0,0.0,0.0,0.0,0,18670.0
32,5,0,0,0,0,198,1.0,1.0,0.08,0.08,0.0,255,16,0.06,0.09,0.0,1.0,1.0,0.0,1,124986.0
22,9,233,1374,0,1,7,0.14,0.14,1.0,0.0,0.0,255,255,1.0,0.0,0.0,0.0,0.0,0.0,0,109355.0
22,9,205,649,0,1,9,0.0,0.0,1.0,0.0,0.14,255,255,1.0,0.0,0.0,0.01,0.01,0.02,0,22661.0
22,9,201,511,0,1,10,0.0,0.0,1.0,0.0,0.19,255,255,1.0,0.0,0.0,0.0,0.0,0.0,0,17965.0
45,5,0,0,0,0,137,1.0,1.0,0.01,0.06,0.0,255,15,0.06,0.07,0.0,1.0,1.0,0.0,1,27596.0
19,9,491,0,0,1,2,0.0,0.0,1.0,0.0,0.0,6,65,0.33,0.33,0.03,0.0,0.0,0.0,0,125943.0
11,9,44,125,0,0,76,0.0,0.0,1.0,0.0,0.01,255,254,1.0,0.01,0.0,0.0,0.0,0.0,0,67686.0
32,5,0,0,0,0,243,1.0,1.0,0.02,0.06,0.0,255,6,0.02,0.07,0.0,1.0,1.0,0.0,1,113487.0
13,9,8,0,0,0,1,0.0,0.0,1.0,0.0,1.0,1,143,1.0,0.0,0.5,0.0,0.0,0.0,1,115224.0
22,9,325,1481,0,1,8,0.0,0.0,1.0,0.0,0.0,255,255,1.0,0.0,0.0,0.0,0.0,0.0,0,46407.0
16,5,0,0,0,0,99,1.0,1.0,0.09,0.06,0.0,255,19,0.07,0.07,0.0,1.0,1.0,0.0,1,113327.0
22,9,248,1667,0,1,8,0.0,0.0,1.0,0.0,0.22,255,255,1.0,0.0,0.0,0.0,0.0,0.0,0,46502.0
22,9,271,294,0,1,2,0.5,0.33,1.0,0.0,0.67,20,255,1.0,0.0,0.08,0.05,0.0,0.0,0,17229.0
45,5,0,0,0,0,112,1.0,1.0,0.12,0.05,0.0,168,13,0.08,0.06,0.0,1.0,1.0,0.0,1,14082.0
13,9,8,0,0,0,1,0.0,0.0,1.0,0.0,1.0,1,141,1.0,0.0,0.5,0.0,0.0,0.0,1,42489.0
45,1,0,0,0,0,216,0.0,0.0,0.06,0.06,0.0,255,12,0.05,0.08,0.0,0.0,0.0,1.0,1,116182.0
49,9,864,330,0,1,1,0.0,0.0,1.0,0.0,0.0,19,16,0.84,0.11,0.0,0.0,0.0,0.0,0,28185.0
4,5,0,0,0,0,115,1.0,1.0,0.06,0.06,0.0,255,7,0.03,0.05,0.0,1.0,1.0,0.0,1,557.0
11,9,45,97,0,0,270,0.0,0.0,1.0,0.0,0.01,255,222,0.87,0.01,0.0,0.0,0.0,0.0,0,45451.0
19,9,491,0,0,1,2,0.0,0.0,1.0,0.0,0.0,13,84,0.15,0.15,0.02,0.0,0.0,0.0,0,3170.0
9,5,0,0,0,0,271,1.0,1.0,0.01,0.06,0.0,255,4,0.02,0.07,0.0,1.0,1.0,0.0,1,49353.0
57,2,0,0,0,0,260,0.0,0.0,0.08,0.07,0.0,255,20,0.08,0.07,0.0,0.0,0.0,1.0,1,30715.0
22,9,267,977,0,1,25,0.0,0.0,1.0,0.0,0.0,255,255,1.0,0.0,0.0,0.0,0.0,0.0,0,64712.0
22,9,214,5320,0,1,32,0.0,0.0,1.0,0.0,0.0,255,255,1.0,0.0,0.0,0.0,0.0,0.0,0,21535.0
15,1,0,0,0,0,107,0.0,0.0,0.19,0.06,0.0,255,20,0.08,0.06,0.0,0.0,0.0,1.0,1,85642.0
8,5,0,0,0,0,277,1.0,1.0,0.06,0.06,0.0,255,17,0.07,0.07,0.0,1.0,1.0,0.0,1,74635.0
22,9,205,1408,0,1,9,0.0,0.0,1.0,0.0,0.0,69,255,1.0,0.0,0.01,0.0,0.0,0.0,0,102850.0
62,5,0,0,0,0,282,1.0,1.0,0.05,0.05,0.0,255,14,0.05,0.05,0.0,1.0,1.0,0.0,1,69621.0
22,9,214,6251,0,1,8,0.0,0.0,1.0,0.0,0.0,83,255,1.0,0.0,0.01,0.01,0.0,0.09,0,107778.0
45,9,1,0,0,0,9,0.0,0.0,0.11,0.33,0.0,255,1,0.0,0.31,0.0,0.0,0.0,0.0,1,35846.0
41,9,145,105,0,0,1,0.0,0.0,1.0,0.0,0.0,255,1,0.0,0.84,0.0,0.0,0.0,0.0,0,40288.0
25,5,0,0,0,0,36,1.0,1.0,0.19,0.17,0.0,255,7,0.03,0.09,0.0,1.0,1.0,0.0,1,83505.0
45,5,0,0,0,0,141,1.0,1.0,0.06,0.06,0.0,255,17,0.07,0.07,0.0,1.0,1.0,0.0,1,111179.0
16,5,0,0,0,0,141,1.0,1.0,0.13,0.06,0.0,255,12,0.05,0.07,0.0,1.0,1.0,0.0,1,25735.0
22,9,307,2507,0,1,6,0.0,0.0,0.83,0.33,0.33,255,246,0.96,0.01,0.0,0.0,0.0,0.0,0,38660.0
22,9,289,10913,0,1,16,0.0,0.0,1.0,0.0,0.0,16,255,1.0,0.0,0.01,0.0,0.0,0.0,0,13181.0
13,9,8,0,0,0,1,0.0,0.0,1.0,0.0,1.0,1,129,1.0,0.0,0.26,0.0,0.0,0.0,1,38554.0
15,5,0,0,0,0,134,1.0,1.0,0.01,0.06,0.0,255,1,0.0,0.07,0.0,1.0,1.0,0.0,1,56936.0
13,9,8,0,0,0,1,0.0,0.0,1.0,0.0,1.0,1,35,1.0,0.0,0.51,0.0,0.0,0.0,1,51080.0
11,9,42,42,0,0,6,0.0,0.0,1.0,0.0,0.22,70,67,0.96,0.04,0.0,0.0,0.0,0.0,0,66703.0
55,9,555,11235,0,1,1,0.0,0.0,1.0,0.0,0.0,98,8,0.07,0.73,0.25,0.01,0.12,0.25,0,69938.0
22,9,224,10861,0,1,13,0.0,0.0,1.0,0.0,0.0,51,255,1.0,0.0,0.01,0.0,0.0,0.0,0,92708.0
41,9,145,105,0,0,1,0.0,0.0,1.0,0.0,0.0,255,2,0.01,0.63,0.0,0.0,0.0,0.0,0,106663.0
25,5,0,0,0,0,271,1.0,1.0,0.05,0.06,0.0,255,14,0.05,0.06,0.0,1.0,1.0,0.0,1,1537.0
22,9,332,279,0,1,2,0.0,0.0,1.0,0.0,0.0,255,251,0.98,0.01,0.0,0.0,0.0,0.0,0,42914.0
19,9,7940,0,0,0,10,0.0,0.0,1.0,0.0,0.0,46,58,0.48,0.09,0.03,0.0,0.0,0.0,0,101428.0
22,9,291,375,0,1,4,0.0,0.0,1.0,0.0,0.0,255,255,1.0,0.0,0.0,0.0,0.0,0.0,0,1730.0
45,5,0,0,0,0,111,1.0,1.0,0.14,0.05,0.0,255,3,0.01,0.06,0.0,1.0,1.0,0.0,1,75621.0
18,9,270,909,0,1,1,0.0,0.0,1.0,0.0,0.0,90,39,0.43,0.07,0.0,0.0,0.0,0.0,0,102521.0
41,9,146,105,0,0,1,0.0,0.0,1.0,0.0,0.0,255,1,0.0,0.66,0.0,0.0,0.0,0.0,0,115806.0
19,9,6932,0,0,1,2,0.0,0.0,1.0,0.0,0.67,255,73,0.29,0.02,0.0,0.0,0.0,0.0,0,97329.0
17,5,0,0,0,0,258,1.0,1.0,0.03,0.06,0.0,255,7,0.03,0.06,0.0,1.0,1.0,0.0,1,11488.0
22,9,219,283,0,1,21,0.0,0.0,1.0,0.0,0.0,21,255,1.0,0.0,0.03,0.0,0.0,0.0,0,17097.0
55,9,372,258229,0,1,1,0.0,0.0,1.0,0.0,0.0,1,2,1.0,0.0,1.0,0.0,0.0,0.0,0,84875.0
45,5,0,0,0,0,192,1.0,1.0,0.02,0.06,0.0,255,6,0.02,0.07,0.0,1.0,1.0,0.0,1,2282.0
14,9,1032,0,0,0,509,0.0,0.0,1.0,0.0,0.0,255,151,0.59,0.17,0.0,0.0,0.0,0.0,1,112361.0
22,1,0,0,0,0,2,0.0,0.0,1.0,0.0,0.0,186,255,1.0,0.0,0.07,0.0,0.0,0.53,0,25578.0
22,9,209,683,0,1,17,0.0,0.0,1.0,0.0,0.0,255,255,1.0,0.0,0.0,0.0,0.0,0.0,0,97199.0
13,9,8,0,0,0,46,0.0,0.0,0.02,0.04,1.0,4,28,1.0,0.0,0.25,0.0,0.0,0.0,1,10661.0
19,9,0,7153,0,0,3,0.0,0.0,0.33,1.0,0.15,255,89,0.35,0.03,0.0,0.01,0.02,0.0,0,56859.0
45,1,0,0,0,0,2,0.0,0.0,0.5,1.0,0.0,255,1,0.0,0.41,0.0,0.0,0.0,1.0,1,93450.0
45,1,0,0,0,0,195,0.0,0.0,0.1,0.06,0.0,255,20,0.08,0.08,0.0,0.0,0.0,1.0,1,109111.0
22,9,241,2429,0,1,4,0.0,0.0,1.0,0.0,0.0,44,255,1.0,0.0,0.04,0.0,0.0,0.0,0,82961.0
52,5,0,0,0,0,143,1.0,1.0,0.1,0.06,0.0,255,8,0.03,0.06,0.0,1.0,1.0,0.0,1,49772.0
22,5,0,0,0,0,50,1.0,1.0,0.3,0.08,0.0,212,55,0.26,0.02,0.0,0.99,1.0,0.0,1,111191.0
22,5,0,0,0,0,15,0.93,1.0,0.93,0.13,0.0,255,15,0.06,0.06,0.0,1.0,1.0,0.0,1,8648.0
45,1,0,0,0,0,87,0.0,0.0,0.13,0.08,0.0,255,11,0.04,0.07,0.0,0.0,0.0,1.0,1,73951.0
19,9,190,0,0,0,2,0.0,0.0,1.0,0.0,0.0,27,6,0.22,0.07,0.0,0.0,0.0,0.0,0,112858.0
4,1,0,0,0,0,279,0.0,0.0,0.04,0.06,0.0,255,12,0.05,0.07,0.0,0.0,0.0,1.0,1,121817.0
22,9,202,692,0,1,13,0.08,0.03,1.0,0.0,0.1,60,255,1.0,0.0,0.05,0.02,0.01,0.0,0,30129.0
22,1,0,0,0,0,1,0.0,0.0,1.0,0.0,1.0,86,255,1.0,0.0,0.13,0.0,0.01,0.99,0,83645.0
2,5,0,0,0,0,245,1.0,1.0,0.09,0.05,0.0,255,21,0.08,0.06,0.0,1.0,1.0,0.0,1,27286.0
45,9,105,146,0,0,6,0.0,0.0,0.17,0.33,0.0,255,241,0.95,0.01,0.0,0.0,0.0,0.0,0,71974.0
45,5,0,0,0,0,168,1.0,1.0,0.14,0.05,0.0,255,24,0.09,0.05,0.0,1.0,1.0,0.0,1,78060.0
11,9,45,78,0,0,212,0.0,0.0,1.0,0.01,0.01,255,254,1.0,0.01,0.0,0.0,0.0,0.0,0,77969.0
22,9,294,12909,0,1,13,0.0,0.0,1.0,0.0,0.13,255,255,1.0,0.0,0.0,0.0,0.0,0.0,0,30543.0
13,9,8,0,0,0,1,0.0,0.0,1.0,0.0,1.0,1,105,1.0,0.0,0.5,0.0,0.0,0.0,1,56819.0
11,9,44,44,0,0,5,0.0,0.0,1.0,0.0,0.25,255,255,1.0,0.0,0.0,0.0,0.0,0.0,0,125464.0
49,9,1684,282,0,1,1,0.0,0.0,1.0,0.0,0.0,15,164,0.67,0.27,0.01,0.0,0.02,0.0,0,51185.0
55,2,0,15,0,0,1,0.0,0.0,1.0,0.0,0.0,227,2,0.0,0.03,1.0,0.0,0.0,0.5,0,1571.0
38,1,0,0,0,0,116,0.0,0.0,0.09,0.07,0.0,255,10,0.04,0.07,0.0,0.0,0.0,1.0,1,2662.0
45,1,0,0,0,0,81,0.0,0.0,0.1,0.07,0.0,255,8,0.03,0.07,0.0,0.0,0.0,1.0,1,76073.0
41,9,1,0,0,0,2,0.0,0.0,1.0,0.0,0.0,255,2,0.01,0.2,0.0,0.0,0.0,0.0,1,53872.0
18,9,293,903,0,1,1,0.0,0.0,1.0,0.0,0.0,59,23,0.39,0.07,0.0,0.0,0.0,0.0,0,55551.0
22,9,205,12615,0,1,8,0.0,0.0,1.0,0.0,0.0,255,255,1.0,0.0,0.0,0.0,0.0,0.0,0,105377.0
45,10,0,0,0,0,1,1.0,1.0,1.0,0.0,0.0,129,1,0.01,0.92,0.0,0.94,1.0,0.0,1,4764.0
11,9,45,132,0,0,2,0.0,0.0,1.0,0.0,0.12,77,27,0.35,0.03,0.0,0.0,0.0,0.0,0,95273.0
45,5,0,0,0,0,262,1.0,1.0,0.02,0.06,0.0,255,6,0.02,0.08,0.0,1.0,1.0,0.0,1,72926.0
14,9,520,0,0,0,102,0.0,0.0,1.0,0.0,0.0,255,255,1.0,0.0,0.0,0.0,0.0,0.0,1,104065.0
45,9,105,145,0,0,4,0.0,0.0,0.25,0.5,0.0,255,241,0.95,0.01,0.0,0.0,0.0,0.0,0,125457.0
49,9,1324,330,0,1,1,0.0,0.0,1.0,0.0,1.0,70,137,0.36,0.1,0.01,0.0,0.0,0.0,0,54169.0
63,1,0,0,0,0,1,0.0,0.0,1.0,0.0,0.0,24,2,0.04,1.0,1.0,0.0,0.0,1.0,1,110073.0
22,9,144,50154,0,1,1,0.0,0.0,1.0,0.0,0.67,255,255,1.0,0.0,0.0,0.0,0.0,0.0,0,67175.0
22,9,340,2118,0,1,7,0.0,0.0,1.0,0.0,0.0,40,255,1.0,0.0,0.03,0.0,0.0,0.0,0,110469.0
45,5,0,0,0,0,224,1.0,1.0,0.0,0.07,0.0,255,1,0.0,0.06,0.0,1.0,1.0,0.0,1,121927.0
22,5,0,0,0,0,214,1.0,1.0,0.01,0.07,0.0,255,3,0.01,0.07,0.0,1.0,1.0,0.0,1,43750.0
22,9,229,303,0,1,14,0.0,0.0,1.0,0.0,0.0,40,255,1.0,0.0,0.05,0.0,0.0,0.0,0,85221.0
49,9,1122,323,0,1,1,0.0,0.0,1.0,0.0,1.0,255,94,0.37,0.03,0.0,0.0,0.0,0.0,0,35935.0
22,9,352,6207,0,1,7,0.0,0.0,1.0,0.0,0.0,255,255,1.0,0.0,0.0,0.0,0.0,0.0,0,83663.0
49,9,1233,335,0,1,1,0.0,0.0,1.0,0.0,0.0,108,125,0.78,0.03,0.02,0.0,0.0,0.0,0,65597.0
45,5,0,0,0,0,286,1.0,1.0,0.02,0.06,0.0,255,7,0.03,0.06,0.0,1.0,1.0,0.0,1,37965.0
22,9,284,281,0,1,2,0.0,0.0,1.0,0.0,0.5,38,255,1.0,0.0,0.01,0.0,0.0,0.0,0,89083.0
63,5,0,0,0,0,286,1.0,1.0,0.01,0.05,0.0,255,2,0.01,0.05,0.0,1.0,1.0,0.0,1,119621.0
49,9,1732,333,0,1,1,0.0,0.0,1.0,0.0,1.0,255,134,0.53,0.02,0.0,0.0,0.0,0.0,0,76026.0
22,9,248,474,0,1,9,0.0,0.0,1.0,0.0,0.0,216,255,1.0,0.0,0.02,0.0,0.0,0.0,0,70331.0
45,5,0,0,0,0,144,1.0,1.0,0.03,0.06,0.0,255,5,0.02,0.05,0.0,1.0,1.0,0.0,1,52533.0
22,9,218,2073,0,1,13,0.0,0.0,1.0,0.0,0.0,45,255,1.0,0.0,0.05,0.0,0.0,0.0,0,113715.0
52,5,0,0,0,0,163,1.0,1.0,0.02,0.07,0.0,255,4,0.02,0.08,0.0,1.0,1.0,0.0,1,31076.0
22,1,0,0,0,0,1,0.0,0.0,1.0,0.0,1.0,44,219,1.0,0.0,0.18,0.0,0.0,0.94,0,38874.0
45,5,0,0,0,0,25,1.0,1.0,0.04,0.16,0.0,255,14,0.05,0.07,0.0,1.0,1.0,0.0,1,66616.0
22,9,308,1821,0,1,2,0.0,0.0,1.0,0.0,0.0,164,255,1.0,0.0,0.02,0.0,0.0,0.0,0,83784.0
19,9,192,0,0,1,2,0.0,0.0,1.0,0.0,0.0,5,66,0.8,0.4,0.03,0.0,0.0,0.0,0,46722.0
19,9,7321,0,0,1,1,0.0,0.0,1.0,0.0,0.0,42,58,0.07,0.12,0.05,0.0,0.0,0.0,0,4729.0
11,9,42,75,0,0,244,0.0,0.0,1.0,0.0,0.0,255,254,1.0,0.01,0.0,0.0,0.0,0.0,0,80197.0
45,5,0,0,0,0,39,1.0,1.0,0.03,0.13,0.0,255,10,0.04,0.07,0.0,1.0,1.0,0.0,1,94001.0
45,5,0,0,0,0,125,1.0,1.0,0.15,0.06,0.0,255,7,0.03,0.07,0.0,1.0,1.0,0.0,1,106424.0
22,9,325,453,0,1,17,0.0,0.0,1.0,0.0,0.0,255,255,1.0,0.0,0.0,0.0,0.0,0.0,0,96852.0
22,9,301,456,0,1,6,0.0,0.0,1.0,0.0,0.0,13,255,1.0,0.0,0.06,0.0,0.0,0.0,0,100492.0
22,9,208,468,0,1,3,0.33,0.25,1.0,0.0,0.5,45,255,1.0,0.0,0.02,0.02,0.02,0.0,0,9233.0
45,5,0,0,0,0,299,1.0,1.0,0.05,0.05,0.0,255,1,0.0,0.08,0.0,1.0,1.0,0.0,1,63372.0
45,1,0,0,0,0,159,0.0,0.0,0.01,0.08,0.0,255,2,0.01,0.07,0.0,0.0,0.0,1.0,1,7642.0
45,5,0,0,0,0,101,1.0,1.0,0.02,0.06,0.0,255,5,0.02,0.07,0.0,1.0,1.0,0.0,1,50070.0
22,9,219,6374,0,1,3,0.0,0.0,1.0,0.0,0.0,22,255,1.0,0.0,0.02,0.05,0.0,0.0,0,121321.0
22,9,215,2599,0,1,1,0.0,0.0,1.0,0.0,0.75,34,255,1.0,0.0,0.02,0.0,0.01,0.0,0,58460.0
34,5,0,0,0,0,281,1.0,1.0,0.07,0.05,0.0,255,3,0.01,0.07,0.0,1.0,1.0,0.0,1,83914.0
45,5,0,0,0,0,116,1.0,1.0,0.05,0.05,0.0,255,6,0.02,0.05,0.0,1.0,1.0,0.0,1,111757.0
45,5,0,0,0,0,87,1.0,1.0,0.16,0.07,0.0,255,5,0.02,0.07,0.0,1.0,1.0,0.0,1,89160.0
41,9,147,105,0,0,5,0.0,0.0,0.2,0.6,0.0,255,1,0.0,0.47,0.0,0.0,0.0,0.0,0,81458.0
22,9,285,247,0,1,3,0.0,0.0,1.0,0.0,0.25,26,255,1.0,0.0,0.01,0.0,0.0,0.0,0,57914.0
13,9,8,0,0,0,1,0.0,0.0,1.0,0.0,1.0,2,255,1.0,0.0,0.5,0.0,0.0,0.0,1,55730.0
17,9,7,147,0,0,1,0.0,0.0,1.0,0.0,0.0,255,43,0.17,0.02,0.0,0.61,0.88,0.0,0,26203.0
17,5,0,0,0,0,39,1.0,1.0,0.51,0.05,0.0,255,75,0.29,0.02,0.0,1.0,1.0,0.0,1,9730.0
11,9,44,133,0,0,89,0.0,0.0,1.0,0.0,0.01,255,255,1.0,0.0,0.0,0.0,0.0,0.0,0,21390.0
12,5,0,0,0,0,237,1.0,1.0,0.01,0.06,0.0,255,2,0.01,0.07,0.0,1.0,1.0,0.0,1,49166.0
49,9,2017,487,0,1,1,0.0,0.0,1.0,0.0,0.0,255,77,0.3,0.05,0.0,0.44,0.0,0.0,0,43742.0
45,5,0,0,0,0,180,1.0,1.0,0.02,0.05,0.0,255,4,0.02,0.05,0.0,1.0,1.0,0.0,1,68344.0
22,9,279,602,0,1,26,0.0,0.0,1.0,0.0,0.07,255,255,1.0,0.0,0.0,0.0,0.0,0.0,0,12637.0
45,1,0,0,0,0,122,0.0,0.0,0.02,0.08,0.0,255,3,0.01,0.07,0.0,0.0,0.0,1.0,1,18504.0
22,9,277,11830,0,1,2,0.0,0.0,1.0,0.0,0.36,4,255,1.0,0.0,0.01,0.0,0.0,0.0,0,1685.0
11,9,45,78,0,0,3,0.0,0.0,1.0,0.0,0.0,247,226,0.91,0.01,0.0,0.0,0.0,0.0,0,96809.0
45,5,0,0,0,0,133,1.0,1.0,0.04,0.06,0.0,255,16,0.06,0.07,0.0,1.0,1.0,0.0,1,27133.0
13,9,8,0,0,0,1,0.0,0.0,1.0,0.0,1.0,1,20,1.0,0.0,0.55,0.0,0.0,0.0,1,39929.0
4,5,0,0,0,0,255,1.0,1.0,0.04,0.05,0.0,255,9,0.04,0.05,0.0,1.0,1.0,0.0,1,35064.0
22,9,347,2313,0,1,18,0.0,0.0,1.0,0.0,0.0,255,255,1.0,0.0,0.0,0.0,0.0,0.0,0,93480.0
19,9,11,0,0,1,2,0.0,0.0,1.0,0.0,0.0,147,119,0.4,0.48,0.02,0.0,0.0,0.01,0,14990.0
11,9,44,71,0,0,268,0.0,0.0,1.0,0.0,0.0,255,254,1.0,0.01,0.0,0.0,0.0,0.0,0,121559.0
22,9,373,870,0,1,10,0.0,0.0,1.0,0.0,0.0,73,231,1.0,0.0,0.19,0.0,0.0,0.71,0,100255.0
54,1,0,0,0,0,130,0.0,0.0,0.03,0.07,0.0,255,2,0.01,0.07,0.0,0.0,0.0,1.0,1,22419.0
19,9,59,0,0,1,12,0.0,0.0,1.0,0.0,0.0,23,102,0.96,0.09,0.03,0.0,0.0,0.0,0,46531.0
22,9,317,3089,0,1,2,0.0,0.0,1.0,0.0,0.0,78,255,1.0,0.0,0.02,0.0,0.0,0.0,0,118626.0
22,9,278,17424,0,1,4,0.0,0.0,1.0,0.0,0.0,119,255,1.0,0.0,0.03,0.0,0.0,0.0,0,94502.0
22,9,258,12876,0,1,2,0.0,0.0,1.0,0.0,0.27,24,68,1.0,0.0,0.1,0.0,0.0,0.0,0,125043.0
14,9,1032,0,0,0,509,0.0,0.0,1.0,0.0,0.0,255,166,0.65,0.16,0.0,0.0,0.0,0.0,1,33914.0
22,9,246,11889,0,1,6,0.0,0.0,1.0,0.0,0.0,226,226,1.0,0.0,0.0,0.0,0.0,0.0,0,21524.0
41,5,0,0,0,0,511,0.14,1.0,0.0,1.0,0.0,255,1,0.0,1.0,0.0,0.19,1.0,0.0,1,68210.0
22,9,54540,8314,0,1,5,0.2,0.2,1.0,0.0,0.0,255,255,1.0,0.0,0.0,0.01,0.01,0.04,1,72521.0
19,9,14052,0,0,0,17,0.0,0.0,1.0,0.0,0.0,51,83,0.45,0.04,0.02,0.0,0.0,0.0,0,48243.0
45,5,0,0,0,0,148,1.0,1.0,0.12,0.06,0.0,255,2,0.01,0.07,0.0,1.0,1.0,0.0,1,41189.0
22,9,228,5223,0,1,4,0.0,0.0,1.0,0.0,0.4,6,142,1.0,0.0,0.08,0.0,0.0,0.0,0,27937.0
45,1,0,0,0,0,2,0.0,0.0,0.5,1.0,0.0,255,1,0.0,0.77,0.0,0.0,0.0,1.0,1,14664.0
45,9,105,147,0,0,8,0.0,0.0,0.12,0.25,0.0,255,205,0.8,0.01,0.0,0.0,0.0,0.0,0,41472.0
49,9,1721,387,0,1,1,0.0,0.0,1.0,0.0,0.0,255,65,0.25,0.02,0.0,0.52,0.0,0.0,0,12472.0
22,9,204,12922,0,1,27,0.0,0.0,1.0,0.0,0.0,229,255,1.0,0.0,0.01,0.0,0.0,0.0,0,96701.0
13,9,8,0,0,0,1,0.0,0.0,1.0,0.0,1.0,1,149,1.0,0.0,0.5,0.0,0.0,0.0,1,100033.0
45,5,0,0,0,0,216,1.0,1.0,0.07,0.06,0.0,255,2,0.01,0.08,0.0,1.0,1.0,0.0,1,79956.0
61,5,0,0,0,0,267,1.0,1.0,0.03,0.06,0.0,255,14,0.05,0.07,0.0,1.0,1.0,0.0,1,68784.0
45,5,0,0,0,0,290,1.0,1.0,0.05,0.06,0.0,255,14,0.05,0.08,0.0,1.0,1.0,0.0,1,103050.0
45,4,0,0,0,0,1,0.0,0.0,1.0,0.0,0.0,255,1,0.0,1.0,0.0,0.0,0.0,1.0,1,100138.0
45,9,1,0,0,0,20,0.0,0.0,0.4,0.1,0.0,255,53,0.21,0.2,0.0,0.0,0.0,0.0,1,67562.0
41,1,0,0,0,0,510,0.12,0.0,0.0,1.0,0.0,255,1,0.0,1.0,0.0,0.19,0.0,1.0,1,3589.0
22,9,300,296,0,1,1,0.0,0.0,1.0,0.0,0.0,63,255,1.0,0.0,0.05,0.0,0.0,0.0,0,120438.0
45,10,0,0,0,0,1,1.0,1.0,1.0,0.0,0.0,159,1,0.01,0.94,0.0,0.95,1.0,0.0,1,109017.0
22,9,187,5384,0,1,1,0.0,0.0,1.0,0.0,0.5,255,240,0.94,0.02,0.0,0.0,0.0,0.0,0,101331.0
22,9,165,28382,0,1,1,0.0,0.0,1.0,0.0,0.0,48,255,1.0,0.0,0.03,0.06,0.01,0.0,0,55333.0
55,5,0,0,0,0,282,1.0,1.0,0.01,0.05,0.0,255,2,0.01,0.05,0.0,1.0,1.0,0.0,1,62890.0
18,5,0,0,0,0,239,1.0,1.0,0.03,0.06,0.0,255,7,0.03,0.06,0.0,1.0,1.0,0.0,1,15690.0
45,5,0,0,0,0,146,1.0,1.0,0.08,0.05,0.0,255,9,0.04,0.07,0.0,1.0,1.0,0.0,1,54941.0
11,9,44,115,0,0,158,0.0,0.0,1.0,0.0,0.0,255,255,1.0,0.0,0.0,0.0,0.0,0.0,0,12489.0
45,5,0,0,0,0,237,1.0,1.0,0.05,0.05,0.0,255,10,0.04,0.06,0.0,1.0,1.0,0.0,1,28126.0
55,5,0,0,0,0,28,1.0,1.0,0.21,0.14,0.0,255,64,0.25,0.02,0.0,1.0,1.0,0.0,1,2575.0
22,1,0,0,0,0,1,0.0,0.0,1.0,0.0,1.0,78,255,1.0,0.0,0.06,0.0,0.0,1.0,0,117859.0
49,9,917,326,0,1,1,0.0,0.0,1.0,0.0,1.0,226,179,0.79,0.02,0.0,0.0,0.0,0.0,0,116938.0
22,9,343,1408,0,1,1,0.0,0.0,1.0,0.0,0.0,128,255,1.0,0.0,0.02,0.0,0.0,0.0,0,10538.0
22,9,311,299,0,1,7,0.0,0.0,1.0,0.0,0.26,255,255,1.0,0.0,0.0,0.0,0.0,0.0,0,57709.0
59,9,181,0,0,0,2,0.0,0.0,0.5,1.0,0.0,255,132,0.52,0.01,0.0,0.0,0.0,0.0,0,98582.0
17,9,6,360,0,0,1,0.0,0.0,1.0,0.0,0.0,129,7,0.04,0.04,0.29,0.0,0.0,0.0,0,33009.0
22,9,203,8502,0,1,1,0.0,0.0,1.0,0.0,0.0,6,255,1.0,0.0,0.07,0.0,0.0,0.0,0,62946.0
54,5,0,0,0,0,297,1.0,1.0,0.08,0.05,0.0,255,23,0.09,0.05,0.0,1.0,1.0,0.0,1,105005.0
45,5,0,0,0,0,131,1.0,1.0,0.11,0.06,0.0,255,4,0.02,0.06,0.0,1.0,1.0,0.0,1,80533.0
61,5,0,0,0,0,200,1.0,1.0,0.0,0.05,0.0,255,1,0.0,0.05,0.0,1.0,1.0,0.0,1,119323.0
22,9,315,1092,0,1,5,0.0,0.0,1.0,0.0,0.29,27,255,1.0,0.0,0.05,0.0,0.0,0.0,0,59497.0
19,9,637,0,0,0,16,0.0,0.0,1.0,0.0,0.0,124,30,0.24,0.03,0.0,0.0,0.0,0.0,0,81717.0
33,1,0,0,0,0,198,0.0,0.0,0.08,0.07,0.0,255,15,0.06,0.07,0.0,0.0,0.0,1.0,1,76553.0
13,9,30,0,0,0,8,0.0,0.0,0.12,0.38,0.0,255,4,0.02,0.01,0.0,0.0,0.0,0.0,0,11160.0
11,9,44,130,0,0,318,0.0,0.0,1.0,0.0,0.0,255,251,0.98,0.01,0.0,0.0,0.0,0.0,0,31615.0
29,5,0,0,0,0,247,1.0,1.0,0.06,0.05,0.0,255,15,0.06,0.06,0.0,1.0,1.0,0.0,1,73686.0
13,9,8,0,0,0,1,0.0,0.0,1.0,0.0,1.0,4,80,1.0,0.0,0.25,0.0,0.0,0.0,1,6100.0
22,9,232,280,0,1,6,0.0,0.0,1.0,0.0,0.0,255,255,1.0,0.0,0.0,0.0,0.0,0.0,0,37658.0
22,9,309,804,0,1,7,0.0,0.0,1.0,0.0,0.0,255,255,1.0,0.0,0.0,0.0,0.0,0.0,0,112775.0
49,9,2476,330,0,1,1,0.0,0.0,1.0,0.0,0.0,255,11,0.04,0.6,0.0,0.0,0.09,0.0,0,31795.0
49,9,949,328,0,1,1,0.0,0.0,1.0,0.0,1.0,72,50,0.69,0.06,0.0,0.0,0.0,0.0,0,68612.0
18,9,1507,4152,0,1,1,0.0,0.0,1.0,0.0,0.0,96,17,0.18,0.05,0.0,0.0,0.0,0.0,0,26520.0
25,5,0,0,0,0,254,1.0,1.0,0.02,0.06,0.0,255,6,0.02,0.06,0.0,1.0,1.0,0.0,1,51957.0
22,9,182,7321,0,1,3,0.33,0.33,1.0,0.0,0.0,163,255,1.0,0.0,0.02,0.01,0.0,0.0,0,33435.0
45,5,0,0,0,0,123,1.0,1.0,0.07,0.06,0.0,255,16,0.06,0.07,0.0,1.0,1.0,0.0,1,24599.0
22,9,235,609,0,1,24,0.0,0.0,1.0,0.0,0.0,255,255,1.0,0.0,0.0,0.0,0.0,0.0,0,37646.0
45,4,0,0,0,0,1,0.0,0.0,1.0,0.0,0.0,255,1,0.0,0.74,0.0,0.0,0.0,1.0,1,82481.0
13,9,18,0,0,0,1,0.0,0.0,1.0,0.0,0.0,1,8,1.0,0.0,1.0,0.0,0.0,0.0,1,46252.0
45,5,0,0,0,0,121,1.0,1.0,0.04,0.07,0.0,255,9,0.04,0.06,0.0,1.0,1.0,0.0,1,9174.0
55,2,126,179,0,0,1,0.0,0.0,1.0,0.0,0.0,31,31,1.0,0.0,0.0,0.06,0.06,0.94,1,125118.0
22,9,325,1047,0,1,31,0.0,0.0,1.0,0.0,0.0,255,255,1.0,0.0,0.0,0.0,0.0,0.0,0,41635.0
10,5,0,0,0,0,232,1.0,1.0,0.08,0.06,0.0,255,18,0.07,0.07,0.0,1.0,1.0,0.0,1,29561.0
15,5,0,0,0,0,28,1.0,1.0,0.11,0.11,0.0,255,15,0.06,0.07,0.0,1.0,1.0,0.0,1,119654.0
45,5,0,0,0,0,186,1.0,1.0,0.12,0.05,0.0,127,22,0.17,0.08,0.0,0.89,1.0,0.0,1,73722.0
25,5,0,0,0,0,276,1.0,1.0,0.07,0.06,0.0,255,9,0.04,0.06,0.0,1.0,1.0,0.0,1,26920.0
22,9,54540,8314,0,1,2,0.0,0.0,1.0,0.0,0.0,193,193,1.0,0.0,0.0,0.0,0.0,0.01,1,63074.0
11,9,45,45,0,0,139,0.0,0.0,0.99,0.01,0.01,255,254,1.0,0.01,0.0,0.0,0.0,0.0,0,124769.0
55,5,0,0,0,0,62,1.0,1.0,0.23,0.06,0.0,255,62,0.24,0.02,0.0,1.0,1.0,0.0,1,48246.0
2,5,0,0,0,0,203,1.0,1.0,0.01,0.07,0.0,255,2,0.01,0.08,0.0,1.0,1.0,0.0,1,114469.0
14,9,1032,0,0,0,511,0.0,0.0,1.0,0.0,0.0,255,216,0.85,0.01,0.0,0.0,0.0,0.0,1,16117.0
45,1,0,0,0,0,1,0.0,0.0,1.0,0.0,0.0,7,2,0.14,1.0,1.0,0.0,0.0,1.0,1,107817.0
41,4,1,0,0,0,2,0.0,0.0,1.0,0.0,0.0,255,2,0.01,0.73,0.0,0.0,0.0,1.0,1,58926.0
41,9,879,0,0,1,3,0.0,0.0,0.33,1.0,0.0,219,1,0.0,0.08,0.0,0.0,0.0,0.0,0,76165.0
22,9,305,1075,0,1,1,0.0,0.0,1.0,0.0,0.0,255,245,0.96,0.01,0.0,0.0,0.0,0.0,0,19408.0
15,1,0,0,0,0,90,0.0,0.0,0.14,0.07,0.0,255,13,0.05,0.06,0.0,0.0,0.0,1.0,1,71030.0
45,1,0,0,0,0,128,0.0,0.0,0.13,0.06,0.0,255,17,0.07,0.06,0.0,0.0,0.0,1.0,1,19430.0
49,9,980,328,0,1,1,0.0,0.0,1.0,0.0,1.0,237,160,0.68,0.02,0.0,0.0,0.0,0.0,0,56123.0
45,5,0,0,0,0,115,1.0,1.0,0.03,0.06,0.0,255,17,0.07,0.07,0.0,1.0,1.0,0.0,1,111267.0
22,9,163,36920,0,1,1,0.0,0.0,1.0,0.0,1.0,79,255,1.0,0.0,0.02,0.0,0.0,0.0,0,121664.0
45,5,0,0,0,0,263,1.0,1.0,0.1,0.05,0.0,255,25,0.1,0.05,0.0,1.0,1.0,0.0,1,70404.0
4,5,0,0,0,0,264,1.0,1.0,0.01,0.05,0.0,255,3,0.01,0.05,0.0,1.0,1.0,0.0,1,72294.0
45,5,0,0,0,0,192,1.0,1.0,0.13,0.07,0.0,255,25,0.1,0.06,0.0,1.0,1.0,0.0,1,28687.0
11,9,42,42,0,0,2,0.0,0.0,1.0,0.0,0.0,255,227,0.89,0.01,0.0,0.0,0.0,0.0,0,61433.0
45,4,0,0,0,0,321,0.0,0.0,0.01,0.5,0.0,255,2,0.01,0.51,0.0,0.0,0.0,1.0,1,31044.0
17,9,9,0,0,0,1,0.0,0.0,1.0,0.0,0.0,56,8,0.04,0.05,0.25,0.0,0.0,0.0,0,93190.0
38,5,0,0,0,0,19,1.0,1.0,0.32,0.21,0.0,255,6,0.02,0.08,0.0,1.0,1.0,0.0,1,59762.0
45,5,0,0,0,0,201,1.0,1.0,0.01,0.05,0.0,5,2,0.4,0.6,0.0,0.6,1.0,0.0,1,13668.0
22,9,243,1247,0,1,6,0.17,0.17,1.0,0.0,0.0,135,255,1.0,0.0,0.05,0.01,0.0,0.6,0,124166.0
22,9,203,1379,0,1,8,0.0,0.0,1.0,0.0,0.23,8,255,1.0,0.0,0.02,0.0,0.0,0.0,0,25826.0
13,9,8,0,0,0,1,0.0,0.0,1.0,0.0,1.0,1,31,1.0,0.0,0.52,0.0,0.0,0.0,1,2402.0
55,2,0,0,0,0,263,0.0,0.0,0.01,0.06,0.0,255,2,0.01,0.07,0.0,0.0,0.0,1.0,1,59772.0
13,9,8,0,0,0,1,0.0,0.0,1.0,0.0,1.0,1,153,1.0,0.0,0.5,0.0,0.0,0.0,1,86726.0
45,1,0,0,0,0,295,0.11,0.0,0.0,1.0,0.0,255,1,0.0,1.0,0.0,0.1,0.0,1.0,1,112658.0
49,9,1409,330,0,1,1,0.0,0.0,1.0,0.0,0.0,144,190,0.76,0.03,0.01,0.0,0.0,0.0,0,66573.0
22,9,219,5976,0,1,1,0.0,0.0,1.0,0.0,0.0,1,255,1.0,0.0,0.06,0.0,0.0,0.0,0,73838.0
45,5,0,0,0,0,146,1.0,1.0,0.05,0.05,0.0,255,5,0.02,0.06,0.0,1.0,1.0,0.0,1,117988.0
19,5,0,0,0,0,69,1.0,1.0,0.25,0.06,0.0,149,55,0.25,0.03,0.04,1.0,0.67,0.0,1,91152.0
50,1,0,0,0,0,102,0.0,0.0,0.02,0.07,0.0,255,2,0.01,0.07,0.0,0.0,0.0,1.0,1,49901.0
22,9,329,15416,0,1,29,0.0,0.0,1.0,0.0,0.0,68,255,1.0,0.0,0.04,0.0,0.01,0.0,0,17399.0
11,9,45,132,0,0,125,0.0,0.0,1.0,0.0,0.01,255,255,1.0,0.0,0.0,0.0,0.0,0.0,0,119073.0
55,9,284,8734,0,1,1,0.0,0.0,1.0,0.0,0.0,255,19,0.07,0.07,0.0,0.66,0.0,0.11,0,2450.0
22,9,265,7542,0,1,1,0.0,0.0,1.0,0.0,0.0,1,255,1.0,0.0,0.05,0.0,0.01,0.0,0,119316.0
45,1,0,0,0,0,144,0.0,0.0,0.01,0.08,0.0,255,2,0.01,0.07,0.0,0.0,0.0,1.0,1,30336.0
41,4,1,0,0,0,2,0.0,0.0,1.0,0.0,0.0,255,2,0.01,0.73,0.0,0.0,0.0,1.0,1,91675.0
22,9,249,1875,0,1,4,0.0,0.0,1.0,0.0,0.0,255,240,0.94,0.01,0.0,0.0,0.0,0.0,0,84089.0
52,5,0,0,0,0,275,1.0,1.0,0.03,0.06,0.0,255,9,0.04,0.06,0.0,1.0,1.0,0.0,1,112622.0
45,4,1,0,0,0,2,0.0,0.0,1.0,0.0,0.0,255,2,0.01,0.78,0.0,0.0,0.0,1.0,1,125243.0
22,9,241,9626,0,1,4,0.0,0.0,1.0,0.0,0.0,4,255,1.0,0.0,0.06,0.0,0.0,0.0,0,56812.0
41,1,0,0,0,0,511,0.14,0.0,0.0,1.0,0.0,255,1,0.0,1.0,0.0,0.17,0.0,1.0,1,115010.0
45,9,28,0,3,0,167,0.6,0.0,0.4,0.04,0.0,255,67,0.26,0.74,0.0,0.09,0.0,0.0,1,23370.0
45,5,0,0,0,0,94,1.0,1.0,0.06,0.07,0.0,146,6,0.04,0.08,0.0,1.0,1.0,0.0,1,111241.0
14,9,1032,0,0,0,511,0.0,0.0,1.0,0.0,0.0,255,146,0.57,0.02,0.0,0.0,0.0,0.0,1,76159.0
63,5,0,0,0,0,224,1.0,1.0,0.03,0.07,0.0,255,7,0.03,0.08,0.0,1.0,1.0,0.0,1,11086.0
22,9,376,642,0,1,6,0.0,0.0,1.0,0.0,0.0,78,255,1.0,0.0,0.02,0.0,0.0,0.0,0,12352.0
22,9,193,2446,0,1,8,0.0,0.0,1.0,0.0,0.0,255,255,1.0,0.0,0.0,0.0,0.0,0.0,0,105778.0
22,9,249,1408,0,1,8,0.0,0.0,1.0,0.0,0.0,255,255,1.0,0.0,0.0,0.0,0.0,0.0,0,109769.0
26,1,0,0,0,0,244,0.0,0.0,0.07,0.06,0.0,255,17,0.07,0.07,0.0,0.0,0.0,1.0,1,667.0
45,5,0,0,0,0,281,1.0,1.0,0.07,0.06,0.0,255,35,0.14,0.05,0.0,1.0,1.0,0.0,1,103081.0
22,1,0,0,0,0,1,0.0,0.0,1.0,0.0,0.0,155,255,1.0,0.0,0.06,0.0,0.0,0.97,0,83933.0
13,9,8,0,0,0,1,0.0,0.0,1.0,0.0,1.0,2,129,1.0,0.0,0.5,0.0,0.0,0.0,1,21517.0
22,9,226,4512,0,1,5,0.0,0.0,1.0,0.0,0.0,18,255,1.0,0.0,0.03,0.0,0.0,0.0,0,8303.0
22,9,325,1227,0,1,13,0.0,0.0,1.0,0.0,0.14,255,255,1.0,0.0,0.0,0.0,0.0,0.0,0,109138.0
4,5,0,0,0,0,247,1.0,1.0,0.1,0.06,0.0,255,24,0.09,0.06,0.0,1.0,1.0,0.0,1,38221.0
11,9,45,138,0,0,69,0.0,0.0,1.0,0.0,0.01,255,234,0.92,0.01,0.0,0.0,0.0,0.0,0,89069.0
49,9,13743,1390,0,1,1,0.0,0.0,1.0,0.0,0.0,80,173,0.98,0.03,0.01,0.0,0.0,0.0,0,79802.0
54,1,0,0,0,0,149,0.0,0.0,0.13,0.06,0.0,255,17,0.07,0.07,0.0,0.0,0.0,1.0,1,109152.0
22,9,230,2481,0,1,9,0.0,0.0,1.0,0.0,0.2,255,255,1.0,0.0,0.0,0.0,0.0,0.0,0,72037.0
22,9,222,255,0,1,7,0.0,0.0,1.0,0.0,0.33,255,254,1.0,0.01,0.0,0.0,0.0,0.0,0,105341.0
22,9,304,3222,0,1,2,0.0,0.0,1.0,0.0,0.24,255,255,1.0,0.0,0.0,0.0,0.0,0.0,0,78242.0
22,9,292,642,0,1,14,0.0,0.0,1.0,0.0,0.19,255,255,1.0,0.0,0.0,0.0,0.0,0.0,0,50845.0
22,9,224,2913,0,1,9,0.0,0.0,1.0,0.0,0.0,255,255,1.0,0.0,0.0,0.0,0.0,0.0,0,123573.0
11,9,44,73,0,0,235,0.0,0.0,1.0,0.01,0.0,255,247,0.97,0.01,0.0,0.0,0.0,0.0,0,15766.0
22,9,230,1862,0,1,5,0.0,0.0,1.0,0.0,0.38,14,255,1.0,0.0,0.08,0.0,0.0,0.0,0,103431.0
13,9,8,0,0,0,1,0.0,0.0,1.0,0.0,1.0,3,103,1.0,0.0,0.25,0.0,0.0,0.0,1,101958.0
22,1,0,0,0,0,1,0.0,0.0,1.0,0.0,0.0,1,255,1.0,0.0,0.15,0.0,0.0,0.49,0,29380.0
15,5,0,0,0,0,146,1.0,1.0,0.14,0.06,0.0,255,20,0.08,0.06,0.0,1.0,1.0,0.0,1,124365.0
45,5,0,0,0,0,98,0.99,1.0,0.14,0.08,0.0,255,14,0.05,0.06,0.0,1.0,1.0,0.0,1,59546.0
19,5,0,0,0,0,26,1.0,1.0,0.19,0.15,0.0,255,63,0.25,0.02,0.0,1.0,1.0,0.0,1,14186.0
41,9,146,105,0,0,1,0.0,0.0,1.0,0.0,0.0,255,1,0.0,0.85,0.0,0.0,0.0,0.0,0,100990.0
12,5,0,0,0,0,191,1.0,1.0,0.01,0.07,0.0,255,2,0.01,0.07,0.0,1.0,1.0,0.0,1,15385.0
49,5,0,0,0,0,14,1.0,0.88,1.0,0.0,0.19,156,138,0.47,0.01,0.01,0.99,0.54,0.0,1,82903.0
45,5,0,0,0,0,158,1.0,1.0,0.11,0.06,0.0,255,17,0.07,0.05,0.0,1.0,1.0,0.0,1,87248.0
22,9,217,547,0,1,4,0.0,0.0,1.0,0.0,0.0,6,255,1.0,0.0,0.01,0.0,0.0,0.0,0,120120.0
30,5,0,0,0,0,6,1.0,1.0,0.33,0.33,0.0,255,4,0.02,0.09,0.0,1.0,1.0,0.0,1,50107.0
45,9,215,0,0,0,1,0.0,0.0,1.0,0.0,0.0,193,161,0.83,0.01,0.0,0.0,0.0,0.0,1,16246.0
19,9,383,0,0,1,3,0.0,0.0,0.67,0.67,0.67,18,70,0.17,0.22,0.03,0.0,0.01,0.0,0,45633.0
45,5,0,0,0,0,216,1.0,1.0,0.05,0.07,0.0,255,12,0.05,0.07,0.0,1.0,1.0,0.0,1,113914.0
45,5,0,0,0,0,80,1.0,1.0,0.03,0.09,0.0,255,2,0.01,0.07,0.0,1.0,1.0,0.0,1,26637.0
14,9,520,0,0,0,395,0.0,0.0,1.0,0.0,0.0,255,255,1.0,0.0,0.0,0.0,0.0,0.0,1,89232.0
22,9,408,4158,0,1,6,0.0,0.0,1.0,0.0,0.0,255,255,1.0,0.0,0.0,0.0,0.0,0.0,0,54248.0
22,9,266,7882,0,1,16,0.0,0.0,1.0,0.0,0.0,16,255,1.0,0.0,0.04,0.0,0.0,0.0,0,42290.0
11,9,42,127,0,0,153,0.0,0.0,1.0,0.0,0.02,255,198,0.78,0.01,0.0,0.0,0.0,0.0,0,104150.0
22,9,265,3762,0,1,14,0.0,0.0,1.0,0.0,0.06,14,255,1.0,0.0,0.06,0.0,0.0,0.0,0,47812.0
5,5,0,0,0,0,127,1.0,1.0,0.02,0.06,0.0,255,3,0.01,0.07,0.0,1.0,1.0,0.0,1,87382.0
22,9,324,12909,0,1,23,0.0,0.0,1.0,0.0,0.12,255,255,1.0,0.0,0.0,0.0,0.0,0.0,0,38992.0
19,9,17,0,0,1,1,0.0,0.0,1.0,0.0,0.0,86,109,0.81,0.03,0.02,0.0,0.0,0.0,0,3598.0
18,9,1181,3380,0,1,1,0.0,0.0,1.0,0.0,0.0,255,46,0.18,0.03,0.0,0.0,0.0,0.0,0,10555.0
22,9,307,2216,0,1,24,0.0,0.0,1.0,0.0,0.12,255,255,1.0,0.0,0.0,0.0,0.0,0.0,0,105667.0
45,5,0,0,0,0,223,1.0,1.0,0.04,0.07,0.0,255,9,0.04,0.07,0.0,1.0,1.0,0.0,1,86095.0
13,9,8,0,0,0,1,0.0,0.0,1.0,0.0,1.0,1,7,1.0,0.0,0.57,0.0,0.0,0.0,1,96820.0
6,5,0,0,0,0,118,1.0,1.0,0.08,0.06,0.0,255,4,0.02,0.07,0.0,1.0,1.0,0.0,1,16037.0
19,9,11,0,0,1,2,0.0,0.0,1.0,0.0,0.0,20,53,0.75,0.1,0.06,0.0,0.02,0.0,0,99244.0
22,9,162,8448,0,1,1,0.0,0.0,1.0,0.0,0.0,42,255,1.0,0.0,0.04,0.0,0.0,0.0,0,3306.0
45,1,0,0,0,0,130,0.0,0.0,0.08,0.07,0.0,255,10,0.04,0.07,0.0,0.0,0.0,1.0,1,91504.0
29,5,0,0,0,0,100,1.0,1.0,0.1,0.06,0.0,255,3,0.01,0.09,0.0,1.0,1.0,0.0,1,125702.0
18,9,286,903,0,1,1,0.0,0.0,1.0,0.0,0.0,155,41,0.26,0.05,0.0,0.0,0.0,0.0,0,21696.0
53,5,0,0,0,0,196,1.0,1.0,0.01,0.06,0.0,255,1,0.0,0.06,0.0,1.0,1.0,0.0,1,45460.0
49,9,928,363,0,1,1,0.0,0.0,1.0,0.0,0.0,98,74,0.76,0.05,0.0,0.01,0.01,0.0,0,18196.0
2,5,0,0,0,0,236,1.0,1.0,0.07,0.07,0.0,255,16,0.06,0.07,0.0,1.0,1.0,0.0,1,27712.0
22,9,301,1917,0,1,10,0.0,0.0,1.0,0.0,0.17,66,255,1.0,0.0,0.02,0.0,0.0,0.0,0,87261.0
52,5,0,0,0,0,294,1.0,1.0,0.08,0.05,0.0,255,23,0.09,0.05,0.0,1.0,1.0,0.0,1,97296.0
45,5,0,0,0,0,197,1.0,1.0,0.04,0.06,0.0,255,8,0.03,0.06,0.0,1.0,1.0,0.0,1,108956.0
45,5,0,0,0,0,126,1.0,1.0,0.02,0.06,0.0,255,4,0.02,0.08,0.0,1.0,1.0,0.0,1,49329.0
45,5,0,0,0,0,127,1.0,1.0,0.14,0.07,0.0,72,18,0.25,0.11,0.0,1.0,1.0,0.0,1,9256.0
22,7,54540,8315,0,1,2,0.5,0.5,1.0,0.0,0.0,255,255,1.0,0.0,0.0,0.01,0.01,0.05,1,5457.0
19,9,192,0,0,1,2,0.0,0.0,1.0,0.0,0.0,76,12,0.11,0.07,0.17,0.0,0.0,0.0,0,125430.0
22,9,288,293,0,1,7,0.0,0.0,1.0,0.0,0.16,161,255,1.0,0.0,0.02,0.0,0.0,0.0,0,9459.0
45,5,0,0,0,0,292,1.0,1.0,0.01,0.06,0.0,255,4,0.02,0.08,0.0,1.0,1.0,0.0,1,95160.0
22,9,236,3106,0,1,2,0.0,0.0,1.0,0.0,0.0,198,255,1.0,0.0,0.02,0.0,0.0,0.0,0,53639.0
45,4,0,0,0,0,1,0.0,0.0,1.0,0.0,0.0,219,1,0.0,0.26,0.0,0.0,0.0,1.0,1,31089.0
13,9,8,0,0,0,1,0.0,0.0,1.0,0.0,1.0,3,80,1.0,0.0,0.26,0.0,0.0,0.0,1,897.0
19,9,12983,0,0,1,2,0.0,0.0,1.0,0.0,0.0,6,3,0.5,0.5,0.0,0.0,0.0,0.0,0,119506.0
22,1,0,0,0,0,1,0.0,0.0,1.0,0.0,0.0,2,235,1.0,0.0,0.2,0.0,0.0,0.99,0,124540.0
13,9,8,0,0,0,1,0.0,0.0,1.0,0.0,1.0,3,123,1.0,0.0,0.25,0.0,0.0,0.0,1,69514.0
22,9,223,1246,0,1,6,0.0,0.0,1.0,0.0,0.29,28,255,1.0,0.0,0.04,0.0,0.0,0.0,0,60951.0
22,9,329,354,0,1,16,0.0,0.0,1.0,0.0,0.12,255,255,1.0,0.0,0.0,0.0,0.0,0.0,0,81767.0
11,9,43,43,0,0,133,0.0,0.0,1.0,0.0,0.0,255,247,0.97,0.01,0.0,0.0,0.0,0.0,0,99342.0
45,4,0,0,0,0,316,0.0,0.0,0.01,0.5,0.0,255,2,0.01,0.5,0.0,0.0,0.0,1.0,1,73365.0
22,9,190,5847,0,1,5,0.0,0.0,1.0,0.0,0.33,189,255,1.0,0.0,0.04,0.0,0.0,0.0,0,27290.0
45,1,0,0,0,0,114,0.0,0.0,0.17,0.06,0.0,255,28,0.11,0.06,0.0,0.0,0.0,1.0,1,119629.0
19,9,334,0,0,1,1,0.0,0.0,1.0,0.0,0.0,1,23,1.0,0.0,0.17,0.0,0.0,0.0,1,46243.0
31,5,0,0,0,0,134,1.0,1.0,0.14,0.07,0.0,255,2,0.01,0.07,0.0,1.0,1.0,0.0,1,1738.0
4,1,0,0,0,0,2,0.0,0.0,0.5,1.0,0.0,255,1,0.0,0.7,0.0,0.0,0.0,1.0,1,112553.0
19,9,373,0,0,1,14,0.07,0.07,1.0,0.0,0.0,55,68,0.36,0.09,0.03,0.02,0.01,0.0,0,82414.0
9,5,0,0,0,0,11,1.0,1.0,0.27,0.55,0.0,255,11,0.04,0.09,0.0,1.0,1.0,0.0,1,80330.0
45,5,0,0,0,0,181,1.0,1.0,0.14,0.05,0.0,255,25,0.1,0.05,0.0,1.0,1.0,0.0,1,100171.0
49,9,1561,327,0,1,1,0.0,0.0,1.0,0.0,1.0,145,127,0.88,0.03,0.0,0.0,0.0,0.0,0,87499.0
45,5,0,0,0,0,232,1.0,1.0,0.09,0.06,0.0,255,19,0.07,0.06,0.0,1.0,1.0,0.0,1,115716.0
22,9,222,278,0,1,3,0.0,0.0,1.0,0.0,0.0,255,255,1.0,0.0,0.0,0.0,0.0,0.0,0,38040.0
22,9,234,3222,0,1,1,0.0,0.0,1.0,0.0,0.0,255,250,0.98,0.01,0.0,0.0,0.0,0.0,0,93479.0
45,5,0,0,0,0,100,1.0,1.0,0.11,0.06,0.0,255,34,0.13,0.05,0.0,1.0,1.0,0.0,1,66492.0
22,9,324,469,0,1,7,0.0,0.0,1.0,0.0,0.21,7,255,1.0,0.0,0.05,0.0,0.0,0.0,0,97397.0
45,5,0,0,0,0,246,1.0,1.0,0.06,0.07,0.0,255,14,0.05,0.06,0.0,1.0,1.0,0.0,1,110613.0
22,9,333,5369,0,1,18,0.0,0.0,1.0,0.0,0.0,255,255,1.0,0.0,0.0,0.0,0.0,0.0,0,3843.0
45,1,0,0,0,0,269,0.0,0.0,0.06,0.05,0.0,255,15,0.06,0.06,0.0,0.0,0.0,1.0,1,4128.0
11,9,42,42,0,0,9,0.0,0.0,1.0,0.0,0.27,255,233,0.91,0.01,0.0,0.0,0.0,0.0,0,19233.0
37,5,0,0,0,0,231,1.0,1.0,0.01,0.07,0.0,255,2,0.01,0.08,0.0,1.0,1.0,0.0,1,59613.0
22,9,187,913,0,1,19,0.0,0.0,1.0,0.0,0.1,19,255,1.0,0.0,0.03,0.0,0.0,0.0,0,53904.0
22,9,301,253,0,1,9,0.0,0.0,1.0,0.0,0.0,34,255,1.0,0.0,0.02,0.0,0.0,0.0,0,51768.0
45,5,0,0,0,0,80,1.0,1.0,0.16,0.08,0.0,255,13,0.05,0.05,0.0,1.0,1.0,0.0,1,42052.0
13,9,18,0,0,0,1,0.0,0.0,1.0,0.0,0.0,1,140,1.0,0.0,1.0,0.0,0.0,0.0,1,22960.0
17,5,0,0,0,0,68,1.0,1.0,0.29,0.06,0.0,255,61,0.24,0.02,0.0,1.0,1.0,0.0,1,59390.0
27,5,0,0,0,0,48,1.0,1.0,0.25,0.06,0.0,255,12,0.05,0.05,0.0,1.0,1.0,0.0,1,24182.0
63,5,0,0,0,0,205,1.0,1.0,0.02,0.06,0.0,255,16,0.06,0.07,0.0,1.0,1.0,0.0,1,89153.0
30,5,0,0,0,0,205,1.0,1.0,0.0,0.06,0.0,255,1,0.0,0.07,0.0,1.0,1.0,0.0,1,57797.0
11,9,44,127,0,0,311,0.0,0.0,1.0,0.0,0.0,255,254,1.0,0.01,0.0,0.0,0.0,0.0,0,7574.0
41,9,147,105,0,0,7,0.0,0.0,0.14,0.57,0.0,255,1,0.0,0.48,0.0,0.0,0.0,0.0,0,120322.0
55,9,88,1753,0,1,1,0.0,0.0,1.0,0.0,0.0,7,2,0.29,0.29,0.0,0.0,0.0,0.0,0,4719.0
22,9,284,9418,0,1,11,0.0,0.0,1.0,0.0,0.0,199,255,1.0,0.0,0.01,0.0,0.0,0.0,0,12088.0
49,9,6005,339,0,1,1,0.0,0.0,1.0,0.0,1.0,188,189,0.75,0.02,0.01,0.0,0.0,0.0,0,71318.0
22,9,276,359,0,1,2,0.0,0.0,1.0,0.0,0.0,2,14,1.0,0.0,0.14,0.0,0.0,0.0,0,19997.0
45,5,0,0,0,0,137,0.99,1.0,0.07,0.07,0.0,255,1,0.0,0.06,0.0,1.0,1.0,0.0,1,80318.0
22,9,198,283,0,1,2,0.0,0.0,1.0,0.0,0.33,56,255,1.0,0.0,0.04,0.0,0.0,0.0,0,107457.0
22,9,239,12615,0,1,12,0.0,0.0,1.0,0.0,0.2,255,255,1.0,0.0,0.0,0.0,0.0,0.0,0,123024.0
11,9,44,135,0,0,192,0.0,0.0,1.0,0.0,0.01,255,253,0.99,0.01,0.0,0.0,0.0,0.0,0,77638.0
5,5,0,0,0,0,120,1.0,1.0,0.07,0.07,0.0,255,8,0.03,0.07,0.0,1.0,1.0,0.0,1,113797.0
41,9,146,105,0,0,1,0.0,0.0,1.0,0.0,0.0,255,1,0.0,0.84,0.0,0.0,0.0,0.0,0,88945.0
49,9,623,334,0,1,1,0.0,0.0,1.0,0.0,0.0,228,137,0.59,0.02,0.01,0.0,0.0,0.0,0,20369.0
22,9,220,1721,0,1,3,0.0,0.0,1.0,0.0,0.4,163,255,1.0,0.0,0.03,0.0,0.0,0.0,0,44833.0
22,1,0,0,0,0,1,0.0,0.0,1.0,0.0,0.0,74,255,1.0,0.0,0.07,0.0,0.0,0.85,0,46948.0
22,9,286,1651,0,1,41,0.0,0.0,1.0,0.0,0.0,47,255,1.0,0.0,0.02,0.0,0.0,0.0,0,34841.0
19,9,2194619,0,0,1,1,0.0,0.0,1.0,0.0,0.0,146,116,0.6,0.03,0.02,0.0,0.01,0.0,0,65466.0
45,1,0,0,0,0,343,0.03,0.0,0.0,1.0,0.0,255,1,0.0,1.0,0.0,0.03,0.0,1.0,1,89044.0
22,9,386,840,0,1,32,0.0,0.0,1.0,0.0,0.0,255,255,1.0,0.0,0.0,0.0,0.0,0.0,0,32080.0
11,9,32,32,0,0,1,0.0,0.0,1.0,0.0,0.67,50,36,0.72,0.06,0.0,0.0,0.0,0.0,0,60535.0
13,9,8,0,0,0,1,0.0,0.0,1.0,0.0,0.0,2,28,1.0,0.0,0.54,0.0,0.0,0.0,1,59755.0
22,9,237,651,0,1,1,0.0,0.0,1.0,0.0,0.0,10,255,1.0,0.0,0.05,0.0,0.01,0.0,0,93998.0
22,9,227,1748,0,1,7,0.0,0.0,1.0,0.0,0.0,31,204,1.0,0.0,0.05,0.0,0.0,0.0,0,37441.0
19,9,2194619,0,0,1,2,0.0,0.0,1.0,0.0,0.0,113,86,0.47,0.04,0.02,0.03,0.0,0.0,0,38725.0
11,9,44,110,0,0,194,0.0,0.0,1.0,0.0,0.0,255,255,1.0,0.0,0.0,0.0,0.0,0.0,0,120992.0
17,5,0,0,0,0,47,0.98,1.0,0.36,0.09,0.0,255,8,0.03,0.07,0.0,1.0,1.0,0.0,1,2305.0
9,5,0,0,0,0,247,1.0,1.0,0.03,0.07,0.0,255,8,0.03,0.08,0.0,1.0,1.0,0.0,1,84890.0
22,9,352,1319,0,1,5,0.0,0.0,1.0,0.0,0.33,255,255,1.0,0.0,0.0,0.0,0.0,0.0,0,103226.0
22,1,0,0,0,0,1,0.0,0.0,1.0,0.0,1.0,1,255,1.0,0.0,0.25,0.0,0.0,0.95,0,22313.0
22,9,239,474,0,1,1,0.0,0.0,1.0,0.0,0.0,6,255,1.0,0.0,0.02,0.0,0.0,0.0,0,66313.0
0,4,115,1567,0,1,1,0.0,0.0,1.0,0.0,0.0,4,3,0.75,0.5,0.0,0.25,0.33,0.67,0,1725.0
11,9,45,129,0,0,181,0.0,0.0,0.99,0.01,0.0,70,37,0.53,0.03,0.0,0.0,0.0,0.0,0,118137.0
55,5,0,0,0,0,263,1.0,1.0,0.07,0.06,0.0,255,18,0.07,0.08,0.0,1.0,1.0,0.0,1,9239.0
19,9,0,11269,0,0,2,0.0,0.0,0.5,1.0,0.22,201,74,0.37,0.03,0.0,0.01,0.03,0.0,0,18854.0
45,5,0,0,0,0,262,1.0,1.0,0.05,0.05,0.0,255,14,0.05,0.07,0.0,1.0,1.0,0.0,1,41450.0
22,9,347,721,0,1,37,0.0,0.0,1.0,0.0,0.05,255,255,1.0,0.0,0.0,0.0,0.0,0.0,0,106570.0
5,1,0,0,0,0,118,0.0,0.0,0.14,0.07,0.0,255,16,0.06,0.07,0.0,0.0,0.0,1.0,1,29224.0
22,9,322,330,0,1,6,0.0,0.0,1.0,0.0,0.0,30,90,1.0,0.0,0.04,0.0,0.0,0.0,0,111660.0
45,5,0,0,0,0,102,1.0,1.0,0.13,0.06,0.0,255,4,0.02,0.07,0.0,1.0,1.0,0.0,1,71157.0
45,5,0,0,0,0,15,1.0,1.0,0.2,0.2,0.0,255,19,0.07,0.09,0.0,1.0,1.0,0.0,1,88120.0
41,9,145,105,0,0,1,0.0,0.0,1.0,0.0,0.0,255,3,0.01,0.59,0.0,0.0,0.0,0.0,0,50676.0
19,5,0,0,0,0,275,1.0,1.0,0.09,0.05,0.0,255,25,0.1,0.05,0.0,1.0,1.0,0.0,1,23812.0
49,9,1833,334,0,1,1,0.0,0.0,1.0,0.0,0.0,116,191,0.7,0.04,0.01,0.0,0.0,0.0,0,27164.0
57,5,0,0,0,0,206,1.0,1.0,0.1,0.05,0.0,255,21,0.08,0.05,0.0,1.0,1.0,0.0,1,18034.0
22,9,210,392,0,1,10,0.0,0.0,1.0,0.0,0.0,255,255,1.0,0.0,0.0,0.0,0.0,0.0,0,89138.0
20,5,0,0,0,0,290,1.0,1.0,0.07,0.05,0.0,255,21,0.08,0.05,0.0,1.0,1.0,0.0,1,43370.0
19,9,334,0,0,1,1,0.0,0.0,1.0,0.0,0.0,3,13,1.0,0.0,0.31,0.0,0.0,0.0,1,72426.0
2,5,0,0,0,0,243,1.0,1.0,0.06,0.07,0.0,255,14,0.05,0.07,0.0,1.0,1.0,0.0,1,9940.0
19,9,2194619,0,0,1,2,0.0,0.0,1.0,0.0,0.0,32,58,0.19,0.09,0.05,0.0,0.0,0.0,0,36565.0
45,5,0,0,0,0,281,1.0,1.0,0.06,0.06,0.0,255,3,0.01,0.07,0.0,1.0,1.0,0.0,1,27564.0
45,5,0,0,0,0,207,0.63,1.0,0.07,0.05,0.0,255,1,0.0,0.06,0.0,1.0,1.0,0.0,1,112194.0
22,9,215,1796,0,1,3,0.33,0.5,1.0,0.0,0.5,15,255,1.0,0.0,0.02,0.07,0.0,0.0,0,8185.0
45,5,0,0,0,0,126,1.0,1.0,0.11,0.06,0.0,255,7,0.03,0.06,0.0,1.0,1.0,0.0,1,15944.0
19,6,11680,0,0,1,9,0.11,0.33,0.33,0.78,0.0,132,49,0.07,0.08,0.04,0.01,0.02,0.0,0,68569.0
22,9,305,3008,0,1,7,0.0,0.0,1.0,0.0,0.0,198,255,1.0,0.0,0.01,0.0,0.0,0.0,0,121800.0
43,9,38,130,0,1,1,0.0,0.0,1.0,0.0,0.0,104,6,0.04,0.06,0.33,0.0,0.0,0.0,0,15191.0
57,5,0,0,0,0,178,1.0,1.0,0.01,0.08,0.0,255,1,0.0,0.07,0.0,1.0,1.0,0.0,1,8354.0
22,9,322,322,0,1,6,0.17,0.17,1.0,0.0,0.0,255,255,1.0,0.0,0.0,0.0,0.0,0.0,0,7032.0
22,9,200,283,0,1,4,0.25,0.25,1.0,0.0,0.0,19,255,1.0,0.0,0.03,0.05,0.0,0.0,0,95187.0
22,9,202,2747,0,1,3,0.0,0.0,1.0,0.0,0.5,18,255,1.0,0.0,0.07,0.0,0.0,0.0,0,109645.0
22,9,182,2991,0,1,2,0.0,0.0,1.0,0.0,0.33,51,255,1.0,0.0,0.01,0.0,0.0,0.0,0,52583.0
41,9,10272,0,0,1,8,0.12,0.0,0.12,0.75,0.0,80,1,0.01,0.1,0.0,0.03,0.0,0.0,0,62353.0
18,5,0,0,0,0,235,1.0,1.0,0.02,0.06,0.0,255,5,0.02,0.06,0.0,1.0,1.0,0.0,1,101632.0
38,5,0,0,0,0,226,1.0,1.0,0.05,0.06,0.0,255,12,0.05,0.07,0.0,1.0,1.0,0.0,1,125572.0
22,2,234,0,0,1,1,0.0,0.0,1.0,0.0,0.0,255,255,1.0,0.0,0.0,0.0,0.0,0.0,0,37512.0
22,1,0,0,0,0,1,0.0,0.0,1.0,0.0,0.0,2,255,1.0,0.0,0.16,0.0,0.0,0.78,0,95243.0
22,9,305,54886,0,1,19,0.0,0.0,1.0,0.0,0.0,19,255,1.0,0.0,0.05,0.0,0.0,0.0,0,43749.0
22,9,381,6418,0,1,9,0.0,0.0,1.0,0.0,0.18,255,255,1.0,0.0,0.0,0.0,0.0,0.0,0,3116.0
19,5,0,0,0,0,75,1.0,1.0,0.24,0.05,0.0,255,78,0.31,0.02,0.0,1.0,1.0,0.0,1,61005.0
22,9,260,772,0,1,32,0.0,0.0,1.0,0.0,0.0,255,255,1.0,0.0,0.0,0.0,0.0,0.0,0,55950.0
49,9,888,327,0,1,1,0.0,0.0,1.0,0.0,0.0,160,148,0.55,0.02,0.01,0.0,0.0,0.0,0,19718.0
4,5,0,0,0,0,264,1.0,1.0,0.03,0.06,0.0,255,7,0.03,0.07,0.0,1.0,1.0,0.0,1,29175.0
45,9,105,146,0,0,2,0.0,0.0,1.0,0.0,0.0,255,235,0.92,0.01,0.0,0.0,0.0,0.0,0,13231.0
49,9,1320,339,0,1,1,0.0,0.0,1.0,0.0,1.0,60,234,0.93,0.03,0.01,0.0,0.0,0.0,0,114732.0
49,9,204819,334,0,1,1,0.0,0.0,1.0,0.0,0.0,74,37,0.5,0.07,0.0,0.0,0.0,0.0,0,76303.0
9,5,0,0,0,0,93,1.0,1.0,0.04,0.08,0.0,255,4,0.02,0.07,0.0,1.0,1.0,0.0,1,68515.0
19,9,11,0,0,1,2,0.0,0.0,1.0,0.0,0.0,255,62,0.24,0.02,0.0,0.73,0.79,0.0,0,70346.0
22,9,144,1821,0,1,1,0.0,0.0,1.0,0.0,0.0,1,255,1.0,0.0,0.08,0.0,0.0,0.0,0,58862.0
11,9,44,44,0,0,104,0.0,0.0,1.0,0.0,0.01,255,254,1.0,0.01,0.0,0.0,0.0,0.0,0,118841.0
9,2,0,0,0,0,275,0.0,0.0,0.07,0.06,0.0,255,19,0.07,0.07,0.0,0.0,0.0,1.0,1,43417.0
35,5,0,0,0,0,31,1.0,1.0,0.45,0.16,0.0,255,14,0.05,0.07,0.0,1.0,1.0,0.0,1,78992.0
22,9,321,866,0,1,13,0.0,0.0,1.0,0.0,0.1,32,255,1.0,0.0,0.01,0.0,0.0,0.07,0,125575.0
9,5,0,0,0,0,241,1.0,1.0,0.01,0.06,0.0,255,3,0.01,0.07,0.0,1.0,1.0,0.0,1,83577.0
45,10,0,0,0,0,1,1.0,1.0,1.0,0.0,0.0,104,1,0.01,0.9,0.0,0.92,1.0,0.0,1,101656.0
5,5,0,0,0,0,103,1.0,1.0,0.1,0.05,0.0,255,10,0.04,0.05,0.0,1.0,1.0,0.0,1,11508.0
22,9,315,255,0,1,27,0.0,0.0,1.0,0.0,0.0,255,255,1.0,0.0,0.0,0.0,0.0,0.0,0,45625.0
45,1,0,0,0,0,158,0.0,0.0,0.05,0.08,0.0,255,8,0.03,0.08,0.0,0.0,0.0,1.0,1,9400.0
14,9,1032,0,0,0,511,0.0,0.0,1.0,0.0,0.0,255,157,0.62,0.02,0.0,0.0,0.0,0.0,1,43647.0
22,9,319,1704,0,1,16,0.0,0.0,1.0,0.0,0.12,255,255,1.0,0.0,0.0,0.0,0.0,0.0,0,61785.0
22,9,300,2780,0,1,13,0.0,0.0,1.0,0.0,0.0,255,255,1.0,0.0,0.0,0.0,0.0,0.0,0,55087.0
22,9,315,664,0,1,10,0.0,0.0,1.0,0.0,0.0,176,255,1.0,0.0,0.02,0.0,0.0,0.0,0,96296.0
17,9,6,309,0,0,1,0.0,0.0,1.0,0.0,0.0,228,8,0.03,0.01,0.25,0.0,0.0,0.0,0,45891.0
45,5,0,0,0,0,166,1.0,1.0,0.09,0.07,0.0,255,5,0.02,0.08,0.0,1.0,1.0,0.0,1,91930.0
45,5,0,0,0,0,297,1.0,1.0,0.06,0.06,0.0,255,1,0.0,0.08,0.0,1.0,1.0,0.0,1,96309.0
13,9,8,0,0,0,1,0.0,0.0,1.0,0.0,1.0,1,205,1.0,0.0,0.25,0.0,0.0,0.0,1,25792.0
22,9,314,2698,0,1,2,0.0,0.2,1.0,0.0,0.6,43,38,0.88,0.05,0.0,0.0,0.0,0.0,0,97620.0
22,9,480,5485,0,1,20,0.0,0.0,1.0,0.0,0.08,255,255,1.0,0.0,0.0,0.0,0.0,0.0,0,50087.0
22,9,238,752,0,1,1,0.0,0.0,1.0,0.0,0.2,110,255,1.0,0.0,0.02,0.0,0.0,0.0,0,114894.0
22,9,321,580,0,1,1,0.0,0.0,1.0,0.0,1.0,5,255,1.0,0.0,0.01,0.0,0.0,0.0,0,51027.0
11,9,46,46,0,0,11,0.0,0.0,1.0,0.0,0.15,255,255,1.0,0.0,0.0,0.0,0.0,0.0,0,407.0
61,1,0,0,0,0,238,0.0,0.0,0.01,0.06,0.0,255,2,0.01,0.07,0.0,0.0,0.0,1.0,1,120411.0
55,9,499,3551,0,1,1,0.0,0.0,1.0,0.0,0.0,255,53,0.21,0.02,0.0,0.58,0.74,0.0,0,20151.0
45,5,0,0,0,0,95,1.0,1.0,0.05,0.06,0.0,255,21,0.08,0.06,0.0,1.0,1.0,0.0,1,88393.0
63,5,0,0,0,0,234,1.0,1.0,0.08,0.06,0.0,255,18,0.07,0.07,0.0,1.0,1.0,0.0,1,27804.0
22,9,313,1540,0,1,2,0.0,0.0,1.0,0.0,0.11,2,255,1.0,0.0,0.02,0.0,0.0,0.0,0,85637.0
45,9,1,0,0,0,21,0.0,0.0,0.05,0.24,0.0,255,1,0.0,0.39,0.0,0.02,0.0,0.0,1,30946.0
22,9,339,5775,0,1,6,0.0,0.0,1.0,0.0,0.0,14,255,1.0,0.0,0.04,0.0,0.0,0.0,0,18043.0
22,9,309,10223,0,1,1,0.0,0.0,1.0,0.0,0.22,2,255,1.0,0.0,0.04,0.0,0.0,0.0,0,115897.0
49,9,1147,388,0,1,1,0.0,0.0,1.0,0.0,1.0,253,126,0.49,0.01,0.02,0.79,0.79,0.0,0,72715.0
54,5,0,0,0,0,198,1.0,1.0,0.04,0.07,0.0,255,14,0.05,0.05,0.0,1.0,1.0,0.0,1,29183.0
52,2,0,0,0,0,167,0.0,0.0,0.01,0.08,0.0,255,1,0.0,0.08,0.0,0.0,0.0,1.0,1,108069.0
22,9,292,2762,0,1,30,0.0,0.0,1.0,0.0,0.0,255,255,1.0,0.0,0.0,0.0,0.0,0.0,0,24241.0
22,9,235,9986,0,1,10,0.0,0.0,1.0,0.0,0.05,10,255,1.0,0.0,0.02,0.0,0.0,0.0,0,124730.0
39,5,0,0,0,0,123,1.0,1.0,0.19,0.04,0.0,255,23,0.09,0.04,0.0,1.0,1.0,0.0,1,112681.0
11,9,42,42,0,0,6,0.0,0.0,1.0,0.0,0.22,255,214,0.84,0.01,0.0,0.0,0.0,0.0,0,115116.0
22,9,194,2446,0,1,7,0.0,0.0,1.0,0.0,0.25,255,255,1.0,0.0,0.0,0.0,0.0,0.0,0,51654.0
11,9,45,82,0,0,228,0.0,0.0,1.0,0.01,0.01,255,254,1.0,0.01,0.0,0.0,0.0,0.0,0,66127.0
22,9,256,418,0,1,7,0.0,0.0,1.0,0.0,0.0,255,255,1.0,0.0,0.0,0.0,0.0,0.0,0,89642.0
45,9,105,145,0,0,2,0.0,0.0,1.0,0.0,0.0,255,243,0.95,0.01,0.0,0.0,0.0,0.0,0,53441.0
22,9,204,12334,0,1,3,0.0,0.0,1.0,0.0,0.6,105,255,1.0,0.0,0.01,0.01,0.0,0.0,0,122056.0
14,9,1032,0,0,0,511,0.0,0.0,1.0,0.0,0.0,255,130,0.51,0.04,0.0,0.0,0.0,0.0,1,60943.0
45,5,0,0,0,0,116,1.0,1.0,0.14,0.05,0.0,255,20,0.08,0.05,0.0,1.0,1.0,0.0,1,29182.0
3,9,9,35,0,1,1,0.0,0.0,1.0,0.0,0.0,35,2,0.03,0.17,1.0,0.0,0.0,0.0,0,52699.0
22,9,311,2283,0,1,29,0.0,0.0,1.0,0.0,0.1,255,255,1.0,0.0,0.0,0.0,0.0,0.0,0,33348.0
45,5,0,0,0,0,116,1.0,1.0,0.07,0.06,0.0,255,6,0.02,0.07,0.0,1.0,1.0,0.0,1,97563.0
22,9,54540,8314,0,1,2,0.0,0.0,1.0,0.0,0.67,255,255,1.0,0.0,0.0,0.0,0.0,0.05,1,48854.0
19,9,2194619,0,0,1,2,0.0,0.0,1.0,0.0,0.0,13,80,0.46,0.15,0.03,0.0,0.0,0.0,0,90706.0
15,5,0,0,0,0,139,1.0,1.0,0.06,0.06,0.0,255,2,0.01,0.07,0.0,1.0,1.0,0.0,1,93746.0
49,9,1189,334,0,1,1,0.0,0.0,1.0,0.0,0.0,162,196,0.86,0.02,0.01,0.0,0.0,0.0,0,56930.0
22,1,0,0,0,0,1,0.0,0.0,1.0,0.0,0.0,8,255,1.0,0.0,0.09,0.0,0.0,0.69,0,71311.0
41,9,516,4,0,0,443,0.0,0.0,1.0,0.0,0.0,255,255,1.0,0.0,0.0,0.0,0.0,0.0,0,82041.0
45,5,0,0,0,0,215,1.0,1.0,0.05,0.06,0.0,255,15,0.06,0.07,0.0,1.0,1.0,0.0,1,67751.0
45,9,100,0,0,0,1,0.0,0.0,1.0,0.0,0.0,127,17,0.13,0.02,0.0,0.0,0.0,0.0,1,89797.0
22,9,336,2128,0,1,16,0.0,0.0,1.0,0.0,0.12,255,255,1.0,0.0,0.0,0.0,0.0,0.0,0,83740.0
60,5,0,0,0,0,102,1.0,1.0,0.01,0.07,0.0,255,1,0.0,0.05,0.0,1.0,1.0,0.0,1,71718.0
2,5,0,0,0,0,250,1.0,1.0,0.03,0.06,0.0,255,7,0.03,0.07,0.0,1.0,1.0,0.0,1,84958.0
11,9,44,131,0,0,179,0.0,0.0,1.0,0.0,0.0,255,255,1.0,0.0,0.0,0.0,0.0,0.0,0,74896.0
18,9,1490,4152,0,1,2,0.0,0.0,0.5,1.0,0.0,112,25,0.22,0.06,0.0,0.0,0.0,0.0,0,84355.0
18,9,227,768,0,1,1,0.0,0.0,1.0,0.0,0.0,255,49,0.19,0.02,0.0,0.0,0.0,0.0,0,43846.0
49,9,1031,337,0,1,1,0.0,0.0,1.0,0.0,0.0,92,35,0.38,0.05,0.0,0.0,0.0,0.0,0,86265.0
22,9,324,12922,0,1,12,0.0,0.0,1.0,0.0,0.19,255,255,1.0,0.0,0.0,0.0,0.0,0.0,0,85472.0
22,9,361,758,0,1,10,0.0,0.0,1.0,0.0,0.0,255,255,1.0,0.0,0.0,0.0,0.0,0.0,0,103995.0
22,9,217,16835,0,1,3,0.0,0.0,1.0,0.0,0.5,3,255,1.0,0.0,0.02,0.0,0.0,0.0,0,114168.0
22,9,303,6224,0,1,4,0.0,0.0,1.0,0.0,0.0,9,255,1.0,0.0,0.02,0.0,0.0,0.0,0,100388.0
19,9,2194619,0,0,1,2,0.0,0.0,1.0,0.0,0.0,186,121,0.58,0.02,0.02,0.0,0.0,0.0,0,53656.0
45,5,0,0,0,0,510,0.2,1.0,0.0,1.0,0.0,255,1,0.0,1.0,0.0,0.17,1.0,0.0,1,119293.0
17,9,7,363,0,0,1,0.0,0.0,1.0,0.0,0.0,83,5,0.04,0.05,0.4,0.0,0.0,0.2,0,14785.0
11,9,45,128,0,0,133,0.0,0.0,1.0,0.0,0.01,255,255,1.0,0.0,0.0,0.0,0.0,0.0,0,26494.0
4,5,0,0,0,0,239,1.0,1.0,0.06,0.06,0.0,255,7,0.03,0.08,0.0,1.0,1.0,0.0,1,83556.0
4,5,0,0,0,0,222,1.0,1.0,0.05,0.06,0.0,255,20,0.08,0.08,0.0,1.0,1.0,0.0,1,96573.0
22,9,239,510,0,1,8,0.0,0.0,1.0,0.0,0.2,64,255,1.0,0.0,0.02,0.0,0.0,0.0,0,105499.0
45,5,0,0,0,0,95,1.0,1.0,0.01,0.07,0.0,255,17,0.07,0.07,0.0,1.0,1.0,0.0,1,43514.0
9,2,0,0,0,0,128,0.0,0.0,0.1,0.06,0.0,255,13,0.05,0.06,0.0,0.0,0.0,1.0,1,119791.0
22,9,326,1105,0,1,16,0.0,0.0,1.0,0.0,0.12,255,255,1.0,0.0,0.0,0.0,0.0,0.0,0,122298.0
45,5,0,0,0,0,204,1.0,1.0,0.0,0.06,0.0,255,20,0.08,0.08,0.0,1.0,1.0,0.0,1,19606.0
22,9,276,365,0,1,27,0.0,0.0,1.0,0.0,0.07,255,255,1.0,0.0,0.0,0.0,0.0,0.0,0,45445.0
45,1,0,0,0,0,1,0.0,0.0,1.0,0.0,0.0,21,1,0.05,1.0,0.0,0.0,0.0,1.0,1,110343.0
45,9,28,0,3,0,14,0.0,0.0,1.0,0.0,0.0,255,81,0.32,0.01,0.0,0.0,0.0,0.0,1,115896.0
11,9,46,137,0,0,73,0.0,0.0,1.0,0.0,0.01,255,207,0.81,0.02,0.0,0.0,0.0,0.0,0,27604.0
41,9,3468,0,0,1,16,0.06,0.0,0.06,0.19,0.0,168,1,0.01,0.04,0.0,0.01,0.0,0.0,0,120577.0
14,9,1032,0,0,0,34,0.0,0.0,1.0,0.0,0.0,255,34,0.13,0.02,0.0,0.0,0.0,0.0,1,78802.0
14,9,1032,0,0,0,511,0.0,0.0,1.0,0.0,0.0,255,209,0.82,0.11,0.0,0.0,0.0,0.0,1,62351.0
19,9,852,0,0,1,5,0.0,0.0,1.0,0.0,0.0,255,41,0.16,0.02,0.0,0.0,0.0,0.0,0,23875.0
22,9,302,1366,0,1,4,0.0,0.0,1.0,0.0,0.0,42,255,1.0,0.0,0.03,0.0,0.0,0.0,0,110699.0
22,9,268,666,0,1,13,0.0,0.0,1.0,0.0,0.12,188,255,1.0,0.0,0.01,0.0,0.0,0.0,0,121737.0
45,4,1,0,0,0,2,0.0,0.0,1.0,0.0,0.0,255,2,0.01,0.73,0.0,0.0,0.0,1.0,1,4943.0
22,9,54540,8314,0,1,3,0.0,0.0,1.0,0.0,0.5,255,255,1.0,0.0,0.0,0.01,0.01,0.03,1,53316.0
45,1,0,0,0,0,196,0.0,0.0,0.1,0.06,0.0,255,20,0.08,0.06,0.0,0.0,0.0,1.0,1,42014.0
14,9,1032,0,0,0,511,0.0,0.0,1.0,0.0,0.0,255,160,0.63,0.01,0.0,0.0,0.0,0.0,1,76649.0
22,9,239,10914,0,1,8,0.0,0.0,1.0,0.0,0.3,255,255,1.0,0.0,0.0,0.0,0.0,0.0,0,51121.0
22,9,307,9910,0,1,12,0.0,0.0,1.0,0.0,0.15,13,255,1.0,0.0,0.03,0.0,0.0,0.0,0,11002.0
22,9,233,547,0,1,11,0.0,0.0,1.0,0.0,0.13,35,255,1.0,0.0,0.03,0.0,0.0,0.0,0,84367.0
22,9,205,1597,0,1,35,0.0,0.0,1.0,0.0,0.08,255,255,1.0,0.0,0.0,0.0,0.0,0.0,0,7762.0
41,9,146,105,0,0,1,0.0,0.0,1.0,0.0,0.0,255,1,0.0,0.75,0.0,0.0,0.0,0.0,0,29780.0
1,1,0,0,0,0,7,0.0,0.0,0.14,1.0,0.0,114,1,0.01,0.11,0.0,0.0,0.0,1.0,0,123232.0
55,9,272,1866,0,1,1,0.0,0.0,1.0,0.0,0.0,48,15,0.31,0.08,0.0,0.02,0.07,0.0,0,52118.0
22,9,218,1189,0,1,22,0.0,0.0,1.0,0.0,0.09,99,255,1.0,0.0,0.01,0.0,0.0,0.0,0,75329.0
33,1,0,0,0,0,205,0.0,0.0,0.01,0.07,0.0,255,20,0.08,0.07,0.0,0.0,0.0,1.0,1,4800.0
45,1,0,0,0,0,217,0.0,0.0,0.03,0.07,0.0,255,7,0.03,0.09,0.0,0.0,0.0,1.0,1,36022.0
22,9,319,838,0,1,3,0.0,0.0,1.0,0.0,0.0,7,255,1.0,0.0,0.03,0.0,0.01,0.0,0,30761.0
22,9,198,12149,0,1,5,0.0,0.0,1.0,0.0,0.0,105,255,1.0,0.0,0.03,0.0,0.0,0.0,0,54118.0
22,5,0,0,0,0,21,1.0,1.0,0.52,0.19,0.0,255,51,0.2,0.03,0.0,1.0,1.0,0.0,1,29103.0
45,1,0,0,0,0,77,0.01,0.0,0.01,1.0,0.0,255,1,0.0,0.33,0.0,0.0,0.0,1.0,1,68922.0
18,9,1277,2451,0,1,1,0.0,0.0,1.0,0.0,0.0,255,137,0.54,0.02,0.0,0.0,0.0,0.0,1,31908.0
18,9,1443,4152,0,1,1,0.0,0.0,1.0,0.0,0.0,2,2,1.0,0.0,0.0,0.0,0.0,0.0,0,74098.0
11,9,46,78,0,0,76,0.0,0.0,1.0,0.0,0.01,255,248,0.97,0.01,0.0,0.0,0.0,0.0,0,87199.0
11,9,46,132,0,0,62,0.0,0.0,1.0,0.0,0.02,202,196,0.8,0.01,0.01,0.0,0.0,0.0,0,2649.0
22,9,54540,8314,0,1,3,0.0,0.0,1.0,0.0,0.0,82,82,1.0,0.0,0.0,0.0,0.0,0.17,1,17545.0
45,5,0,0,0,0,46,1.0,1.0,0.15,0.07,0.0,255,7,0.03,0.05,0.0,1.0,1.0,0.0,1,98421.0
11,9,44,131,0,0,282,0.0,0.0,1.0,0.0,0.0,255,253,0.99,0.01,0.0,0.0,0.0,0.0,0,117232.0
45,5,0,0,0,0,298,1.0,1.0,0.01,0.06,0.0,255,6,0.02,0.07,0.0,1.0,1.0,0.0,1,40375.0
42,1,0,0,0,0,278,0.0,0.0,0.06,0.06,0.0,255,18,0.07,0.07,0.0,0.0,0.0,1.0,1,11607.0
22,9,307,3222,0,1,1,0.0,0.0,1.0,0.0,0.0,255,254,1.0,0.01,0.0,0.0,0.0,0.0,0,31141.0
45,1,0,0,0,0,197,0.1,0.0,0.01,1.0,0.0,255,1,0.0,0.89,0.0,0.07,0.0,1.0,1,15981.0
22,9,421,667,0,1,24,0.0,0.0,1.0,0.0,0.07,255,255,1.0,0.0,0.0,0.0,0.0,0.0,0,38720.0
22,9,195,1139,0,1,8,0.0,0.0,1.0,0.0,0.14,56,255,1.0,0.0,0.05,0.0,0.0,0.0,0,41451.0
55,6,93,2832,0,1,1,1.0,1.0,1.0,0.0,0.0,128,22,0.17,0.55,0.0,0.05,0.27,0.05,0,26012.0
60,2,0,0,0,0,101,0.0,0.0,0.01,0.07,0.0,255,1,0.0,0.07,0.0,0.0,0.0,1.0,1,21500.0
19,9,383,0,0,1,2,0.0,0.0,1.0,0.0,0.0,184,58,0.32,0.02,0.0,0.0,0.0,0.0,0,81348.0
11,9,43,59,0,0,3,0.0,0.0,1.0,0.0,0.5,255,240,0.94,0.01,0.0,0.0,0.0,0.0,0,118671.0
22,9,258,453,0,1,22,0.0,0.0,1.0,0.0,0.0,255,255,1.0,0.0,0.0,0.0,0.0,0.0,0,34708.0
22,9,230,3184,0,1,1,0.0,0.0,1.0,0.0,0.0,10,255,1.0,0.0,0.04,0.0,0.0,0.0,0,92938.0
49,9,1747,333,0,1,1,0.0,0.0,1.0,0.0,0.0,6,111,1.0,0.0,0.03,0.0,0.0,0.0,0,47089.0
5,1,0,0,0,0,133,0.0,0.0,0.03,0.06,0.0,255,4,0.02,0.06,0.0,0.0,0.0,1.0,1,101923.0
22,9,222,472,0,1,2,0.0,0.0,1.0,0.0,0.0,3,230,1.0,0.0,0.07,0.33,0.0,0.0,0,11428.0
45,5,0,0,0,0,141,1.0,1.0,0.04,0.06,0.0,255,23,0.09,0.06,0.0,1.0,1.0,0.0,1,103079.0
22,9,214,788,0,1,38,0.0,0.0,1.0,0.0,0.0,255,255,1.0,0.0,0.0,0.0,0.0,0.0,0,15910.0
22,9,294,256,0,1,3,0.0,0.0,1.0,0.0,0.0,255,232,0.91,0.01,0.0,0.0,0.0,0.0,0,87257.0
22,9,221,1719,0,1,9,0.0,0.0,1.0,0.0,0.0,255,255,1.0,0.0,0.0,0.0,0.0,0.0,0,82175.0
54,1,0,0,0,0,225,0.0,0.0,0.06,0.07,0.0,255,13,0.05,0.08,0.0,0.0,0.0,1.0,1,56806.0
57,5,0,0,0,0,296,1.0,1.0,0.08,0.05,0.0,255,24,0.09,0.05,0.0,1.0,1.0,0.0,1,20875.0
13,9,8,0,0,0,1,0.0,0.0,1.0,0.0,1.0,2,43,1.0,0.0,0.51,0.0,0.0,0.0,1,101040.0
22,9,305,589,0,1,10,0.0,0.0,1.0,0.0,0.0,105,255,1.0,0.0,0.04,0.0,0.0,0.0,0,21889.0
49,9,811,332,0,1,1,0.0,0.0,1.0,0.0,0.0,104,167,0.54,0.07,0.01,0.0,0.0,0.0,0,94982.0
13,9,8,0,0,0,1,0.0,0.0,1.0,0.0,1.0,2,49,1.0,0.0,0.51,0.0,0.0,0.0,1,45436.0
11,9,44,136,0,0,179,0.0,0.0,0.99,0.01,0.01,181,142,0.78,0.02,0.0,0.0,0.0,0.0,0,46129.0
14,9,1032,0,0,0,511,0.0,0.0,1.0,0.0,0.0,255,112,0.44,0.01,0.0,0.0,0.0,0.0,1,70523.0
41,1,0,0,0,0,511,0.24,0.0,0.0,1.0,0.0,255,1,0.0,1.0,0.0,0.18,0.0,1.0,1,76147.0
14,9,1032,0,0,0,511,0.0,0.0,1.0,0.0,0.0,255,28,0.11,0.24,0.0,0.0,0.0,0.0,1,16785.0
45,1,0,0,0,0,115,0.0,0.0,0.1,0.08,0.0,255,12,0.05,0.09,0.0,0.0,0.0,1.0,1,102730.0
49,9,2239,481,0,1,1,0.0,0.0,1.0,0.0,0.0,251,38,0.14,0.02,0.05,0.0,0.0,0.0,0,70320.0
10,5,0,0,0,0,17,1.0,1.0,0.35,0.29,0.0,255,6,0.02,0.08,0.0,1.0,1.0,0.0,1,3895.0
22,9,211,2570,0,1,36,0.0,0.0,1.0,0.0,0.06,144,255,1.0,0.0,0.03,0.0,0.0,0.0,0,20330.0
19,9,748,0,0,0,1,0.0,0.0,1.0,0.0,0.0,58,27,0.12,0.07,0.07,0.0,0.0,0.0,0,25176.0
49,9,925,360,0,1,1,0.0,0.0,1.0,0.0,0.0,255,201,0.79,0.02,0.0,0.0,0.0,0.0,0,15130.0
17,5,0,0,0,0,31,1.0,1.0,0.32,0.1,0.0,255,62,0.24,0.02,0.0,1.0,1.0,0.0,1,15748.0
14,9,520,0,0,0,484,0.0,0.0,1.0,0.0,0.0,85,85,1.0,0.0,0.0,0.0,0.0,0.0,1,6485.0
22,9,302,1075,0,1,5,0.0,0.0,1.0,0.0,0.0,255,247,0.97,0.02,0.0,0.0,0.0,0.0,0,123361.0
19,9,192,0,0,1,1,0.0,0.0,1.0,0.0,0.0,62,124,0.35,0.06,0.02,0.0,0.0,0.0,0,8329.0
19,9,2194619,0,0,1,2,0.0,0.0,1.0,0.0,0.0,206,104,0.3,0.01,0.02,0.0,0.0,0.0,0,7300.0
45,5,0,0,0,0,250,1.0,1.0,0.06,0.06,0.0,255,20,0.08,0.07,0.0,1.0,1.0,0.0,1,90573.0
49,5,0,0,0,0,2,0.5,0.5,1.0,0.0,0.0,160,101,0.4,0.05,0.02,0.01,0.02,0.0,0,306.0
46,5,0,0,0,0,24,1.0,1.0,0.08,0.17,0.0,255,3,0.01,0.09,0.0,1.0,1.0,0.0,1,70890.0
45,5,0,0,0,0,139,1.0,1.0,0.1,0.08,0.0,255,7,0.03,0.08,0.0,1.0,1.0,0.0,1,95981.0
22,5,0,0,0,0,2,0.5,0.5,1.0,0.0,0.0,81,255,1.0,0.0,0.03,0.01,0.0,0.0,0,48761.0
40,9,48,48,0,0,1,0.0,0.0,1.0,0.0,0.0,77,26,0.34,0.05,0.0,0.0,0.0,0.0,0,93389.0
22,9,322,4009,0,1,16,0.0,0.0,1.0,0.0,0.12,36,255,1.0,0.0,0.04,0.0,0.0,0.0,0,110539.0
22,9,235,1075,0,1,7,0.0,0.0,1.0,0.0,0.0,255,251,0.98,0.01,0.0,0.0,0.0,0.0,0,5696.0
22,9,286,263,0,1,19,0.0,0.0,1.0,0.0,0.0,255,255,1.0,0.0,0.0,0.0,0.0,0.0,0,83051.0
45,5,0,0,0,0,42,1.0,1.0,0.17,0.12,0.0,255,16,0.06,0.08,0.0,1.0,1.0,0.0,1,44448.0
45,5,0,0,0,0,110,1.0,1.0,0.02,0.07,0.0,255,12,0.05,0.06,0.0,1.0,1.0,0.0,1,24114.0
17,5,0,0,0,0,36,1.0,1.0,0.19,0.11,0.0,255,54,0.21,0.04,0.0,1.0,1.0,0.0,1,74603.0
45,9,105,145,0,0,7,0.0,0.0,0.14,0.29,0.0,255,235,0.92,0.01,0.0,0.0,0.0,0.0,0,29239.0
22,9,264,310,0,1,1,0.0,0.0,1.0,0.0,0.0,4,255,1.0,0.0,0.03,0.0,0.0,0.0,0,112036.0
6,5,0,0,0,0,281,1.0,1.0,0.08,0.05,0.0,255,23,0.09,0.05,0.0,1.0,1.0,0.0,1,106508.0
45,5,0,0,0,0,146,1.0,1.0,0.11,0.06,0.0,255,10,0.04,0.06,0.0,1.0,1.0,0.0,1,52483.0
19,9,740,0,0,0,2,0.0,0.0,1.0,0.0,0.0,205,52,0.25,0.02,0.0,0.0,0.0,0.0,0,11678.0
20,5,0,0,0,0,234,1.0,1.0,0.0,0.07,0.0,255,1,0.0,0.08,0.0,1.0,1.0,0.0,1,19890.0
45,5,0,0,0,0,270,1.0,1.0,0.02,0.06,0.0,255,4,0.02,0.07,0.0,1.0,1.0,0.0,1,84019.0
22,9,226,2040,0,1,4,0.25,0.25,1.0,0.0,0.25,58,255,1.0,0.0,0.05,0.02,0.0,0.0,0,44944.0
19,9,11,0,0,0,1,0.0,0.0,1.0,0.0,0.0,255,25,0.1,0.01,0.0,0.69,0.0,0.0,0,10860.0
22,5,0,0,0,0,1,1.0,1.0,1.0,0.0,0.0,1,6,1.0,0.0,0.67,1.0,0.17,0.83,0,39548.0
45,5,0,0,0,0,117,1.0,1.0,0.13,0.07,0.0,255,5,0.02,0.07,0.0,1.0,1.0,0.0,1,10898.0
19,9,192,0,0,1,2,0.0,0.0,1.0,0.0,0.0,70,25,0.2,0.04,0.08,0.0,0.0,0.0,0,71667.0
22,9,239,980,0,1,5,0.0,0.0,1.0,0.0,0.23,23,255,1.0,0.0,0.02,0.0,0.0,0.0,0,68260.0
13,9,8,0,0,0,1,0.0,0.0,1.0,0.0,1.0,2,36,1.0,0.0,0.5,0.0,0.0,0.0,1,121079.0
17,5,0,0,0,0,45,1.0,1.0,0.27,0.09,0.0,255,61,0.24,0.02,0.0,1.0,1.0,0.0,1,59330.0
22,1,0,0,0,0,280,0.0,0.0,0.04,0.06,0.0,255,11,0.04,0.06,0.0,0.0,0.0,1.0,1,46851.0
14,9,1032,0,0,0,511,0.0,0.0,1.0,0.0,0.0,255,105,0.41,0.19,0.0,0.0,0.0,0.0,1,66757.0
22,9,197,440,0,1,13,0.0,0.0,1.0,0.0,0.19,255,255,1.0,0.0,0.0,0.0,0.0,0.0,0,55974.0
22,5,0,0,0,0,12,1.0,1.0,0.58,0.33,0.0,94,27,0.29,0.04,0.0,0.98,1.0,0.0,1,49594.0
19,9,12,0,0,0,1,0.0,0.0,1.0,0.0,0.0,82,56,0.15,0.06,0.04,0.0,0.0,0.0,0,62857.0
49,9,1148,336,0,1,1,0.0,0.0,1.0,0.0,0.0,140,190,0.76,0.03,0.01,0.0,0.0,0.03,0,118487.0
19,1,0,0,0,0,273,0.0,0.0,0.04,0.06,0.0,255,10,0.04,0.07,0.0,0.0,0.0,1.0,1,2542.0
49,5,0,0,0,0,298,1.0,1.0,0.02,0.06,0.0,255,4,0.02,0.09,0.0,1.0,1.0,0.0,1,113802.0
22,9,306,2730,0,1,6,0.0,0.0,1.0,0.0,0.29,15,255,1.0,0.0,0.02,0.0,0.0,0.0,0,10512.0
45,5,0,0,0,0,108,1.0,1.0,0.07,0.06,0.0,255,27,0.11,0.06,0.0,1.0,1.0,0.0,1,108638.0
45,5,0,0,0,0,147,1.0,1.0,0.17,0.05,0.0,255,3,0.01,0.05,0.0,1.0,1.0,0.0,1,100662.0
22,9,229,4287,0,1,4,0.0,0.0,1.0,0.0,0.0,88,223,1.0,0.0,0.03,0.0,0.0,0.0,0,115086.0
11,9,45,45,0,0,96,0.0,0.0,1.0,0.0,0.03,255,255,1.0,0.0,0.0,0.0,0.0,0.0,0,66175.0
11,9,46,75,0,0,152,0.0,0.0,1.0,0.0,0.02,255,227,0.89,0.01,0.0,0.0,0.0,0.0,0,20975.0
22,9,227,5835,0,1,6,0.0,0.0,1.0,0.0,0.0,255,255,1.0,0.0,0.0,0.0,0.0,0.0,0,32214.0
63,5,0,0,0,0,214,1.0,1.0,0.0,0.07,0.0,255,1,0.0,0.08,0.0,1.0,1.0,0.0,1,101491.0
19,9,26408,0,0,1,5,0.0,0.0,1.0,0.0,0.33,17,38,0.65,0.12,0.08,0.0,0.0,0.0,0,51855.0
22,9,227,2507,0,1,4,0.0,0.0,1.0,0.0,0.0,234,226,0.97,0.01,0.0,0.0,0.0,0.0,0,92427.0
45,4,1,0,0,0,2,0.0,0.0,1.0,0.0,0.0,255,2,0.01,0.7,0.0,0.0,0.0,1.0,1,123280.0
63,5,0,0,0,0,104,1.0,1.0,0.13,0.06,0.0,255,6,0.02,0.07,0.0,1.0,1.0,0.0,1,120572.0
22,9,227,31189,0,1,8,0.0,0.0,1.0,0.0,0.18,255,255,1.0,0.0,0.0,0.0,0.0,0.0,0,53653.0
22,9,333,2072,0,1,18,0.0,0.0,1.0,0.0,0.09,124,255,1.0,0.0,0.02,0.0,0.0,0.0,0,68699.0
17,9,8,147,0,0,1,0.0,0.0,1.0,0.0,0.0,255,2,0.01,0.89,0.0,0.88,0.5,0.0,0,105303.0
45,5,0,0,0,0,289,1.0,1.0,0.03,0.06,0.0,255,13,0.05,0.07,0.0,1.0,1.0,0.0,1,56622.0
2,5,0,0,0,0,235,1.0,1.0,0.06,0.06,0.0,255,7,0.03,0.09,0.0,1.0,1.0,0.0,1,28795.0
22,9,201,1263,0,1,9,0.0,0.0,1.0,0.0,0.17,33,255,1.0,0.0,0.02,0.0,0.0,0.0,0,103475.0
49,9,1461,329,0,1,1,0.0,0.0,1.0,0.0,0.0,116,87,0.28,0.61,0.02,0.0,0.0,0.0,0,29307.0
22,9,236,9549,0,1,2,0.0,0.07,1.0,0.0,0.27,112,255,1.0,0.0,0.01,0.0,0.0,0.0,0,70498.0
22,9,266,1287,0,1,4,0.0,0.0,1.0,0.0,0.0,255,255,1.0,0.0,0.0,0.0,0.0,0.0,0,54772.0
45,5,0,0,0,0,193,1.0,1.0,0.04,0.06,0.0,255,20,0.08,0.07,0.0,1.0,1.0,0.0,1,73579.0
49,9,3239,327,0,1,3,0.0,0.0,0.33,0.67,0.0,255,142,0.56,0.03,0.0,0.0,0.0,0.0,0,112704.0
22,9,242,691,0,1,11,0.0,0.0,1.0,0.0,0.15,77,255,1.0,0.0,0.05,0.0,0.0,0.0,0,33672.0
22,9,284,9462,0,1,6,0.0,0.0,1.0,0.0,0.0,255,255,1.0,0.0,0.0,0.0,0.0,0.0,0,78398.0
17,5,0,0,0,0,27,0.96,0.88,0.26,0.19,0.25,255,49,0.19,0.04,0.0,1.0,1.0,0.0,1,96008.0
59,9,182,0,0,0,1,0.0,0.0,1.0,0.0,0.0,4,1,0.25,0.5,0.0,0.0,0.0,0.0,0,2043.0
22,9,294,3559,0,1,1,0.0,0.0,1.0,0.0,0.1,81,255,1.0,0.0,0.08,0.0,0.0,0.57,0,59217.0
45,10,0,0,0,0,1,1.0,1.0,1.0,0.0,0.0,137,1,0.01,0.93,0.0,0.94,1.0,0.0,1,12504.0
11,9,46,78,0,0,127,0.0,0.0,0.99,0.02,0.02,255,254,1.0,0.01,0.0,0.0,0.0,0.0,0,115176.0
22,9,289,295,0,1,10,0.0,0.0,1.0,0.0,0.15,255,255,1.0,0.0,0.0,0.0,0.0,0.0,0,6773.0
35,1,0,0,0,0,197,0.0,0.0,0.01,0.07,0.0,255,1,0.0,0.07,0.0,0.0,0.0,1.0,1,77501.0
53,1,0,0,0,0,248,0.0,0.0,0.08,0.06,0.0,255,20,0.08,0.08,0.0,0.0,0.0,1.0,1,110931.0
41,9,147,105,0,0,4,0.0,0.0,0.5,0.5,0.0,255,2,0.01,0.85,0.0,0.0,0.0,0.0,0,17315.0
55,2,0,15,0,0,1,0.0,0.0,1.0,0.0,0.0,4,7,0.25,1.0,0.43,0.0,0.0,0.29,1,119301.0
19,9,12,0,0,1,1,0.0,0.0,1.0,0.0,0.0,24,48,0.38,0.12,0.06,0.0,0.0,0.0,0,87373.0
22,9,326,1471,0,1,11,0.0,0.0,1.0,0.0,0.0,255,255,1.0,0.0,0.0,0.0,0.0,0.0,0,124346.0
45,1,0,0,0,0,98,0.0,0.0,0.16,0.06,0.0,255,16,0.06,0.06,0.0,0.0,0.0,1.0,1,67540.0
45,4,1,0,0,0,2,0.0,0.0,1.0,0.0,0.0,255,2,0.01,0.5,0.0,0.0,0.0,1.0,1,13751.0
19,9,11,0,0,1,2,0.0,0.0,1.0,0.0,0.0,88,83,0.12,0.81,0.02,0.0,0.0,0.01,0,113123.0
31,2,0,0,0,0,136,0.0,0.0,0.14,0.07,0.0,255,19,0.07,0.06,0.0,0.0,0.0,1.0,1,58462.0
13,9,30,0,0,0,2,0.0,0.0,0.5,1.0,0.0,255,15,0.06,0.01,0.0,0.0,0.0,0.0,0,98741.0
49,9,1286,327,0,1,1,0.0,0.0,1.0,0.0,0.0,5,1,0.2,0.6,0.0,0.0,0.0,0.0,0,21478.0
22,9,210,1761,0,1,2,0.0,0.0,1.0,0.0,0.0,22,255,1.0,0.0,0.04,0.0,0.0,0.0,0,84315.0
62,5,0,0,0,0,237,1.0,1.0,0.01,0.07,0.0,255,2,0.01,0.07,0.0,1.0,1.0,0.0,1,17769.0
22,9,289,4894,0,1,35,0.0,0.0,1.0,0.0,0.0,255,255,1.0,0.0,0.0,0.0,0.0,0.0,0,114439.0
22,9,210,3783,0,1,3,0.0,0.0,1.0,0.0,0.0,13,255,1.0,0.0,0.08,0.0,0.0,0.0,0,6954.0
49,9,6,123,0,1,8,0.0,0.0,0.12,1.0,0.0,115,166,0.51,0.1,0.01,0.0,0.01,0.0,0,1039.0
30,1,0,0,0,0,273,0.0,0.0,0.03,0.06,0.0,255,9,0.04,0.07,0.0,0.0,0.0,1.0,1,61584.0
22,9,194,2446,0,1,11,0.0,0.0,1.0,0.0,0.17,255,255,1.0,0.0,0.0,0.0,0.0,0.0,0,61988.0
55,5,0,0,0,0,60,1.0,1.0,0.23,0.07,0.0,255,63,0.25,0.02,0.0,1.0,1.0,0.0,1,55836.0
22,9,54540,8314,0,1,2,0.0,0.0,1.0,0.0,0.0,127,127,1.0,0.0,0.0,0.0,0.0,0.02,1,18675.0
22,9,258,349,0,1,6,0.0,0.0,1.0,0.0,0.0,124,255,1.0,0.0,0.02,0.0,0.0,0.0,0,43219.0
14,9,1032,0,0,0,240,0.0,0.0,1.0,0.0,0.0,255,255,1.0,0.0,0.0,0.0,0.0,0.0,1,6769.0
25,5,0,0,0,0,249,1.0,1.0,0.01,0.06,0.0,255,2,0.01,0.08,0.0,1.0,1.0,0.0,1,61644.0
45,9,28,0,3,0,91,0.01,0.0,0.99,0.02,0.0,255,90,0.35,0.01,0.0,0.0,0.0,0.0,1,48835.0
49,9,779,326,0,1,1,0.0,0.0,1.0,0.0,1.0,34,184,0.79,0.09,0.03,0.0,0.0,0.0,0,92907.0
22,9,281,7148,0,1,8,0.0,0.0,1.0,0.0,0.0,24,255,1.0,0.0,0.06,0.0,0.0,0.0,0,106925.0
41,1,0,0,0,0,309,0.1,0.0,0.0,1.0,0.0,255,1,0.0,1.0,0.0,0.09,0.0,1.0,1,70984.0
45,4,0,0,0,0,314,0.0,0.0,0.01,0.52,0.0,255,2,0.01,0.52,0.0,0.0,0.0,1.0,1,65450.0
22,1,0,0,0,0,1,0.0,0.0,1.0,0.0,0.0,44,254,1.0,0.0,0.18,0.0,0.0,0.94,0,58469.0
18,9,1233,2449,0,1,1,0.0,0.0,1.0,0.0,0.0,255,29,0.11,0.02,0.0,0.11,0.0,0.0,1,7623.0
40,9,48,48,0,0,1,0.0,0.0,1.0,0.0,0.0,226,126,0.56,0.01,0.0,0.0,0.0,0.0,0,95818.0
49,9,1619,333,0,1,1,0.0,0.0,1.0,0.0,1.0,113,199,0.88,0.04,0.01,0.0,0.0,0.0,0,30588.0
14,9,1032,0,0,0,511,0.0,0.0,1.0,0.0,0.0,255,153,0.6,0.02,0.0,0.0,0.0,0.0,1,125927.0
49,9,1482,327,0,1,1,0.0,0.0,1.0,0.0,1.0,255,145,0.57,0.02,0.0,0.0,0.01,0.0,0,74636.0
11,9,45,167,0,0,76,0.0,0.0,1.0,0.0,0.01,255,208,0.82,0.02,0.0,0.0,0.0,0.0,0,118321.0
26,5,0,0,0,0,251,1.0,1.0,0.08,0.06,0.0,255,19,0.07,0.07,0.0,1.0,1.0,0.0,1,62724.0
22,9,227,1383,0,1,11,0.0,0.0,1.0,0.0,0.0,58,255,1.0,0.0,0.02,0.0,0.0,0.0,0,100550.0
13,9,8,0,0,0,1,0.0,0.0,1.0,0.0,1.0,1,155,1.0,0.0,0.5,0.0,0.0,0.0,1,16438.0
19,5,0,0,0,0,2,1.0,1.0,0.5,1.0,0.0,82,48,0.26,0.05,0.04,1.0,0.44,0.0,1,46708.0
22,9,216,8320,0,1,6,0.0,0.0,1.0,0.0,0.17,13,255,1.0,0.0,0.05,0.0,0.0,0.0,0,77505.0
22,9,236,614,0,1,19,0.0,0.0,1.0,0.0,0.0,255,255,1.0,0.0,0.0,0.0,0.0,0.0,0,54226.0
22,1,0,0,0,0,10,0.0,0.0,1.0,0.0,0.0,39,125,1.0,0.0,0.15,0.0,0.01,0.86,0,60276.0
13,9,30,0,0,0,2,0.0,0.0,0.5,1.0,0.0,255,25,0.1,0.01,0.0,0.0,0.0,0.0,0,42518.0
45,5,0,0,0,0,262,1.0,1.0,0.06,0.05,0.0,255,11,0.04,0.07,0.0,1.0,1.0,0.0,1,99213.0
49,9,1057,372,0,1,1,0.0,0.0,1.0,0.0,0.0,194,124,0.57,0.02,0.02,0.0,0.0,0.0,0,7110.0
49,9,1407,388,0,1,1,0.0,0.0,1.0,0.0,1.0,255,6,0.02,0.06,0.0,0.0,0.0,0.0,0,47598.0
22,9,300,281,0,1,2,0.5,0.2,1.0,0.0,0.6,255,255,1.0,0.0,0.0,0.0,0.0,0.0,0,26768.0
14,9,1032,0,0,0,511,0.0,0.0,1.0,0.0,0.0,155,10,0.06,0.02,0.0,0.0,0.0,0.0,1,24236.0
45,5,0,0,0,0,260,1.0,1.0,0.04,0.05,0.0,255,10,0.04,0.07,0.0,1.0,1.0,0.0,1,93493.0
22,9,341,4526,0,1,1,0.0,0.0,1.0,0.0,0.0,14,255,1.0,0.0,0.02,0.0,0.0,0.0,0,70923.0
22,1,0,0,0,0,1,0.0,0.0,1.0,0.0,1.0,4,141,1.0,0.0,0.18,0.0,0.0,0.88,0,46538.0
22,5,0,0,0,0,33,1.0,0.94,0.52,0.06,0.11,193,57,0.3,0.02,0.0,1.0,1.0,0.0,1,82874.0
11,9,43,142,0,0,65,0.0,0.0,1.0,0.0,0.01,255,216,0.85,0.01,0.0,0.0,0.0,0.0,0,68357.0
38,4,0,0,0,0,1,0.0,0.0,1.0,0.0,0.0,255,1,0.0,1.0,0.0,0.0,0.0,1.0,1,14404.0
19,9,641,0,0,1,2,0.0,0.0,1.0,0.0,0.67,238,44,0.18,0.13,0.0,0.03,0.02,0.0,0,119550.0
11,9,46,157,0,0,159,0.0,0.0,0.99,0.01,0.01,255,232,0.91,0.02,0.0,0.0,0.0,0.0,0,68430.0
41,9,516,4,0,0,200,0.0,0.0,1.0,0.0,0.0,200,200,1.0,0.0,0.0,0.0,0.0,0.0,0,113356.0
17,5,0,0,0,0,2,0.5,0.5,1.0,0.0,0.0,191,10,0.04,0.03,0.2,0.01,0.1,0.0,0,59682.0
22,9,217,940,0,1,6,0.0,0.0,1.0,0.0,0.15,255,255,1.0,0.0,0.0,0.0,0.0,0.0,0,47780.0
22,9,208,1227,0,1,6,0.0,0.0,1.0,0.0,0.0,85,85,1.0,0.0,0.0,0.0,0.0,0.0,0,99639.0
38,5,0,0,0,0,106,1.0,1.0,0.08,0.06,0.0,255,8,0.03,0.07,0.0,1.0,1.0,0.0,1,117462.0
22,9,229,3782,0,1,4,0.0,0.0,1.0,0.0,0.0,31,255,1.0,0.0,0.04,0.0,0.0,0.0,0,104994.0
14,9,1032,0,0,0,278,0.0,0.0,1.0,0.0,0.0,255,255,1.0,0.0,0.0,0.0,0.0,0.0,1,50197.0
55,9,438,14074,0,1,1,0.0,0.0,1.0,0.0,0.0,255,35,0.14,0.3,0.0,0.3,0.11,0.03,0,88852.0
22,9,213,9879,0,1,3,0.0,0.0,1.0,0.0,0.0,24,255,1.0,0.0,0.04,0.0,0.0,0.0,0,118392.0
11,9,43,43,0,0,80,0.0,0.0,1.0,0.0,0.01,255,246,0.96,0.01,0.0,0.0,0.0,0.0,0,58555.0
11,9,46,81,0,0,137,0.0,0.0,1.0,0.0,0.01,255,223,0.87,0.01,0.0,0.0,0.0,0.0,0,114685.0
22,9,230,7745,0,1,19,0.0,0.0,1.0,0.0,0.08,69,255,1.0,0.0,0.03,0.0,0.0,0.0,0,17534.0
22,9,240,2698,0,1,2,0.0,0.0,1.0,0.0,0.0,255,254,1.0,0.01,0.0,0.0,0.0,0.0,0,112404.0
11,9,43,43,0,0,141,0.0,0.0,1.0,0.0,0.0,255,255,1.0,0.0,0.0,0.0,0.0,0.0,0,58855.0
40,9,48,48,0,0,2,0.0,0.0,0.5,1.0,0.0,32,13,0.41,0.06,0.0,0.0,0.0,0.0,0,57421.0
49,9,792,393,0,1,1,0.0,0.0,1.0,0.0,0.0,38,173,0.74,0.05,0.01,0.0,0.0,0.0,0,16704.0
11,9,70,44,0,0,3,0.0,0.0,1.0,0.0,0.5,255,252,0.99,0.01,0.0,0.0,0.0,0.0,0,26762.0
22,9,223,7355,0,1,1,0.0,0.0,1.0,0.0,0.4,255,255,1.0,0.0,0.0,0.0,0.0,0.0,0,70280.0
35,1,0,0,0,0,245,0.0,0.0,0.07,0.07,0.0,255,17,0.07,0.08,0.0,0.0,0.0,1.0,1,121704.0
11,9,44,115,0,0,4,0.0,0.0,1.0,0.0,0.29,255,248,0.97,0.01,0.0,0.0,0.0,0.0,0,112352.0
45,5,0,0,0,0,110,1.0,1.0,0.15,0.08,0.0,255,14,0.05,0.08,0.0,1.0,1.0,0.0,1,98342.0
45,1,0,0,0,0,378,0.06,0.0,0.0,1.0,0.0,255,1,0.0,1.0,0.0,0.09,0.0,1.0,1,56514.0
13,9,30,0,0,0,1,0.0,0.0,1.0,0.0,0.0,26,26,1.0,0.0,0.0,0.0,0.0,0.0,0,88243.0
45,9,105,147,0,0,1,0.0,0.0,1.0,0.0,0.0,50,49,0.98,0.04,0.0,0.0,0.0,0.0,0,111205.0
23,5,0,0,0,0,278,1.0,1.0,0.09,0.05,0.0,255,24,0.09,0.07,0.0,1.0,1.0,0.0,1,110772.0
22,5,0,0,0,0,2,0.5,0.05,1.0,0.0,0.2,129,255,1.0,0.0,0.02,0.01,0.01,0.0,0,93537.0
45,1,0,0,0,0,111,0.0,0.0,0.18,0.08,0.0,255,20,0.08,0.06,0.0,0.0,0.0,1.0,1,36977.0
49,9,1412,326,0,1,1,0.0,0.0,1.0,0.0,0.0,197,107,0.54,0.04,0.0,0.01,0.01,0.0,0,3278.0
22,9,216,1302,0,1,12,0.0,0.0,1.0,0.0,0.0,42,255,1.0,0.0,0.05,0.0,0.0,0.0,0,45300.0
27,1,0,0,0,0,143,0.0,0.0,0.03,0.06,0.0,255,5,0.02,0.06,0.0,0.0,0.0,1.0,1,123486.0
45,9,1,0,0,0,59,0.0,0.0,0.36,0.08,0.0,255,55,0.22,0.18,0.0,0.0,0.0,0.0,1,75482.0
22,9,324,258,0,1,19,0.0,0.0,1.0,0.0,0.09,138,255,1.0,0.0,0.04,0.0,0.0,0.0,0,55127.0
22,9,364,658,0,1,4,0.0,0.0,1.0,0.0,0.33,43,255,1.0,0.0,0.04,0.0,0.0,0.0,0,123793.0
45,5,0,0,0,0,189,1.0,1.0,0.01,0.06,0.0,255,11,0.04,0.07,0.0,1.0,1.0,0.0,1,93466.0
16,5,0,0,0,0,100,1.0,1.0,0.01,0.06,0.0,255,1,0.0,0.05,0.0,1.0,1.0,0.0,1,43026.0
19,9,2194619,0,0,1,4,0.0,0.0,0.5,0.5,0.0,255,53,0.21,0.35,0.0,0.0,0.0,0.0,0,6918.0
22,9,204,285,0,1,7,0.0,0.0,1.0,0.0,0.0,255,255,1.0,0.0,0.0,0.0,0.0,0.0,0,82383.0
33,5,0,0,0,0,286,1.0,1.0,0.05,0.06,0.0,255,3,0.01,0.07,0.0,1.0,1.0,0.0,1,77250.0
22,9,204,1667,0,1,8,0.0,0.0,1.0,0.0,0.0,21,255,1.0,0.0,0.05,0.0,0.0,0.0,0,28441.0
41,9,516,4,0,0,233,0.0,0.0,1.0,0.0,0.0,233,233,1.0,0.0,0.0,0.0,0.0,0.0,0,117082.0
22,9,178,13294,0,1,10,0.0,0.0,1.0,0.0,0.0,58,255,1.0,0.0,0.04,0.0,0.0,0.0,0,19225.0
22,9,260,567,0,1,7,0.0,0.0,1.0,0.0,0.25,36,255,1.0,0.0,0.02,0.0,0.0,0.0,0,70426.0
14,9,1032,0,0,0,511,0.0,0.0,1.0,0.0,0.0,255,110,0.43,0.19,0.0,0.0,0.0,0.0,1,11564.0
22,9,330,5924,0,1,9,0.0,0.0,1.0,0.0,0.0,131,255,1.0,0.0,0.02,0.0,0.01,0.0,0,105716.0
57,5,0,0,0,0,293,1.0,1.0,0.08,0.05,0.0,255,23,0.09,0.05,0.0,1.0,1.0,0.0,1,28296.0
11,9,43,107,0,0,2,0.0,0.0,1.0,0.0,0.5,255,251,0.98,0.01,0.0,0.0,0.0,0.0,0,46410.0
19,9,172,0,0,1,2,0.0,0.0,1.0,0.0,0.0,255,45,0.18,0.05,0.0,0.4,0.0,0.0,0,3733.0
41,5,0,0,0,0,508,0.07,1.0,0.0,1.0,0.0,255,1,0.0,1.0,0.0,0.11,1.0,0.0,1,25328.0
45,1,0,0,0,0,107,0.0,0.0,0.02,0.07,0.0,255,2,0.01,0.08,0.0,0.0,0.0,1.0,1,20214.0
22,9,54540,8314,0,1,5,0.0,0.0,1.0,0.0,0.0,40,40,1.0,0.0,0.0,0.03,0.03,0.03,1,107631.0
22,9,205,3254,0,1,9,0.0,0.0,1.0,0.0,0.17,57,255,1.0,0.0,0.03,0.02,0.01,0.0,0,40979.0
45,4,1,0,0,0,2,0.0,0.0,1.0,0.0,0.0,255,2,0.01,0.74,0.0,0.0,0.0,1.0,1,2654.0
49,9,1015,335,0,1,1,0.0,0.0,1.0,0.0,1.0,26,88,0.88,0.15,0.02,0.0,0.0,0.0,0,62098.0
22,9,248,2242,0,1,25,0.0,0.0,1.0,0.0,0.0,126,255,1.0,0.0,0.03,0.01,0.0,0.0,0,19508.0
22,9,216,280,0,1,3,0.33,0.33,1.0,0.0,0.0,255,255,1.0,0.0,0.0,0.0,0.0,0.0,0,93713.0
13,9,8,0,0,0,1,0.0,0.0,1.0,0.0,1.0,1,153,1.0,0.0,0.5,0.0,0.0,0.0,1,920.0
45,5,0,0,0,0,109,1.0,1.0,0.06,0.06,0.0,255,6,0.02,0.05,0.0,1.0,1.0,0.0,1,85114.0
55,9,138,3233,0,1,1,0.0,0.0,1.0,0.0,0.0,1,6,1.0,0.0,1.0,0.0,0.0,0.0,0,64186.0
22,9,231,8790,0,1,2,0.0,0.0,1.0,0.0,0.17,12,255,1.0,0.0,0.02,0.0,0.0,0.0,0,92144.0
22,9,344,3446,0,1,14,0.0,0.0,1.0,0.0,0.0,196,255,1.0,0.0,0.02,0.01,0.01,0.08,0,72210.0
22,9,295,2794,0,1,26,0.0,0.0,1.0,0.0,0.0,255,255,1.0,0.0,0.0,0.0,0.0,0.0,0,68078.0
19,9,1010,0,0,1,2,0.0,0.0,0.5,1.0,0.0,255,56,0.22,0.31,0.0,0.0,0.0,0.0,0,43615.0
22,1,0,0,0,0,1,0.0,0.0,1.0,0.0,0.0,2,206,1.0,0.0,0.19,0.0,0.0,0.74,0,60760.0
45,5,0,0,0,0,130,1.0,1.0,0.06,0.06,0.0,33,8,0.24,0.12,0.0,1.0,1.0,0.0,1,47335.0
26,5,0,0,0,0,280,1.0,1.0,0.01,0.06,0.0,255,17,0.07,0.06,0.0,1.0,1.0,0.0,1,14555.0
41,1,0,0,0,0,511,0.15,0.0,0.0,1.0,0.0,255,1,0.0,1.0,0.0,0.15,0.0,1.0,1,81335.0
49,9,1025,333,0,1,1,0.0,0.0,1.0,0.0,0.0,9,200,0.89,0.22,0.01,0.0,0.0,0.0,0,10383.0
15,5,0,0,0,0,139,1.0,1.0,0.06,0.06,0.0,255,9,0.04,0.07,0.0,1.0,1.0,0.0,1,60852.0
22,9,218,1169,0,1,8,0.0,0.0,1.0,0.0,0.0,27,255,1.0,0.0,0.04,0.0,0.01,0.01,0,107962.0
22,9,205,5435,0,1,4,0.0,0.0,1.0,0.0,0.0,21,255,1.0,0.0,0.03,0.0,0.0,0.01,0,90954.0
45,9,1,0,0,0,31,0.0,0.0,0.13,0.13,0.0,255,4,0.02,0.49,0.0,0.16,0.0,0.0,1,11187.0
19,1,0,0,0,0,249,0.0,0.0,0.05,0.06,0.0,255,13,0.05,0.07,0.0,0.0,0.0,1.0,1,13193.0
22,9,322,998,0,1,9,0.0,0.0,1.0,0.0,0.0,255,255,1.0,0.0,0.0,0.0,0.0,0.0,0,69286.0
41,1,0,0,0,0,511,0.1,0.0,0.0,1.0,0.0,255,1,0.0,1.0,0.0,0.11,0.0,1.0,1,99672.0
14,9,30,0,0,0,1,0.0,0.0,1.0,0.0,0.0,161,161,1.0,0.0,0.0,0.0,0.0,0.0,0,115641.0
22,6,174,10220,0,1,3,0.33,0.12,1.0,0.0,0.25,255,255,1.0,0.0,0.0,0.01,0.01,0.0,0,9833.0
53,5,0,0,0,0,260,1.0,1.0,0.06,0.05,0.0,255,15,0.06,0.05,0.0,1.0,1.0,0.0,1,18754.0
41,9,147,105,0,0,2,0.0,0.0,1.0,0.0,0.0,255,2,0.01,0.66,0.0,0.0,0.0,0.0,0,29691.0
49,9,1505,336,0,1,1,0.0,0.0,1.0,0.0,1.0,7,134,1.0,0.0,0.01,0.0,0.0,0.0,0,18687.0
41,1,0,0,0,0,395,0.09,0.0,0.0,1.0,0.0,255,1,0.0,1.0,0.0,0.11,0.0,1.0,1,33332.0
14,9,520,0,0,0,480,0.0,0.0,1.0,0.0,0.0,104,104,1.0,0.0,0.0,0.0,0.0,0.0,1,63217.0
13,9,8,0,0,0,1,0.0,0.0,1.0,0.0,1.0,1,107,1.0,0.0,0.5,0.0,0.0,0.0,1,50048.0
11,9,44,72,0,0,179,0.0,0.0,0.99,0.01,0.0,255,254,1.0,0.01,0.0,0.0,0.0,0.0,0,102349.0
12,5,0,0,0,0,198,1.0,1.0,0.03,0.07,0.0,255,5,0.02,0.07,0.0,1.0,1.0,0.0,1,98679.0
45,4,0,0,0,0,42,0.0,0.0,0.05,0.55,0.0,212,2,0.01,0.11,0.0,0.01,0.0,1.0,1,23569.0
19,9,245,0,0,1,2,0.0,0.0,1.0,0.0,0.0,74,10,0.08,0.07,0.2,0.0,0.0,0.0,0,48747.0
22,9,223,777,0,1,12,0.0,0.0,1.0,0.0,0.0,75,255,1.0,0.0,0.01,0.0,0.0,0.0,0,8964.0
22,9,246,2038,0,1,14,0.0,0.0,1.0,0.0,0.07,255,255,1.0,0.0,0.0,0.01,0.01,0.0,0,4802.0
63,5,0,0,0,0,268,1.0,1.0,0.07,0.05,0.0,255,20,0.08,0.05,0.0,1.0,1.0,0.0,1,66645.0
49,9,729,327,0,1,1,0.0,0.0,1.0,0.0,0.0,150,95,0.63,0.04,0.0,0.0,0.0,0.0,0,76944.0
45,1,0,0,0,0,147,0.0,0.0,0.05,0.07,0.0,255,8,0.03,0.09,0.0,0.0,0.0,1.0,1,51332.0
49,9,742,329,0,1,1,0.0,0.0,1.0,0.0,1.0,150,208,0.82,0.04,0.01,0.0,0.0,0.0,0,12646.0
22,9,215,337,0,1,23,0.0,0.0,1.0,0.0,0.0,106,255,1.0,0.0,0.04,0.0,0.0,0.0,0,68268.0
1,1,0,0,0,0,1,0.0,0.0,1.0,0.0,0.0,255,1,0.0,0.33,0.0,0.0,0.0,1.0,0,13538.0
45,9,28,0,3,0,88,0.0,0.0,1.0,0.0,0.0,255,88,0.35,0.04,0.0,0.02,0.0,0.0,1,62462.0
22,9,298,567,0,1,15,0.0,0.0,1.0,0.0,0.0,34,255,1.0,0.0,0.02,0.0,0.0,0.0,0,83562.0
17,5,0,0,0,0,24,1.0,1.0,0.5,0.08,0.0,255,59,0.23,0.04,0.0,1.0,1.0,0.0,1,58.0
19,9,2194619,0,0,0,1,0.0,0.0,1.0,0.0,0.0,40,41,0.25,0.1,0.05,0.0,0.0,0.0,0,92540.0
22,9,326,1502,0,1,8,0.0,0.0,1.0,0.0,0.0,8,255,1.0,0.0,0.01,0.0,0.0,0.0,0,110530.0
11,9,45,130,0,0,79,0.0,0.0,1.0,0.0,0.01,255,255,1.0,0.0,0.0,0.0,0.0,0.0,0,114969.0
41,9,516,4,0,0,264,0.0,0.0,1.0,0.0,0.0,255,255,1.0,0.0,0.0,0.0,0.0,0.0,0,108526.0
19,9,7045,0,0,1,2,0.0,0.0,1.0,0.0,0.0,2,37,1.0,0.0,0.16,0.0,0.03,0.0,0,116441.0
14,9,1032,0,0,0,148,0.0,0.0,1.0,0.0,0.0,255,148,0.58,0.01,0.0,0.0,0.0,0.0,1,50754.0
22,9,54540,8314,0,1,1,0.0,0.0,1.0,0.0,0.0,69,69,1.0,0.0,0.0,0.0,0.0,0.01,1,63029.0
22,9,193,8856,0,1,11,0.0,0.0,1.0,0.0,0.08,28,255,1.0,0.0,0.04,0.0,0.0,0.01,0,35226.0
45,5,0,0,0,0,237,1.0,1.0,0.02,0.06,0.0,255,5,0.02,0.06,0.0,1.0,1.0,0.0,1,2883.0
57,2,0,0,0,0,121,0.0,0.0,0.05,0.07,0.0,255,6,0.02,0.07,0.0,0.0,0.0,1.0,1,114570.0
22,9,334,1066,0,1,9,0.0,0.0,1.0,0.0,0.2,225,255,1.0,0.0,0.01,0.0,0.0,0.13,0,89211.0
55,2,0,36,0,0,1,0.0,0.0,1.0,0.0,0.0,143,2,0.01,0.04,1.0,0.0,0.0,0.5,0,113726.0
11,9,42,125,0,0,151,0.0,0.0,1.0,0.0,0.02,255,255,1.0,0.0,0.0,0.0,0.0,0.0,0,73115.0
22,9,235,1046,0,1,5,0.0,0.0,1.0,0.0,0.0,137,255,1.0,0.0,0.01,0.0,0.0,0.0,0,90761.0
45,1,0,0,0,0,141,0.0,0.0,0.06,0.06,0.0,255,8,0.03,0.05,0.0,0.0,0.0,1.0,1,105172.0
22,9,274,8497,0,1,8,0.0,0.0,1.0,0.0,0.22,255,255,1.0,0.0,0.0,0.0,0.0,0.0,0,80251.0
52,5,0,0,0,0,207,1.0,1.0,0.09,0.06,0.0,255,19,0.07,0.07,0.0,1.0,1.0,0.0,1,103026.0
23,5,0,0,0,0,148,1.0,1.0,0.15,0.05,0.0,255,22,0.09,0.05,0.0,1.0,1.0,0.0,1,90017.0
13,9,8,0,0,0,1,0.0,0.0,1.0,0.0,1.0,1,85,1.0,0.0,0.51,0.0,0.0,0.0,1,33892.0
45,1,0,0,0,0,2,0.0,0.0,0.5,1.0,0.0,255,1,0.0,0.66,0.0,0.0,0.0,1.0,1,109272.0
22,9,210,4089,0,1,38,0.0,0.0,1.0,0.0,0.0,38,255,1.0,0.0,0.04,0.0,0.0,0.0,0,45075.0
59,9,70,0,0,0,21,0.0,0.0,0.24,0.14,0.0,255,24,0.09,0.01,0.0,0.0,0.0,0.0,0,39550.0
11,9,43,133,0,0,80,0.0,0.0,0.99,0.03,0.01,255,243,0.95,0.01,0.0,0.0,0.0,0.0,0,55713.0
22,5,0,0,0,0,191,1.0,1.0,0.01,0.08,0.0,255,1,0.0,0.07,0.0,1.0,1.0,0.0,1,102235.0
19,5,0,0,0,0,267,1.0,1.0,0.02,0.06,0.0,255,7,0.03,0.09,0.0,1.0,1.0,0.0,1,79077.0
22,9,219,19309,0,1,2,0.0,0.0,1.0,0.0,0.29,2,255,1.0,0.0,0.04,0.0,0.0,0.0,0,20093.0
22,9,285,823,0,1,2,0.0,0.0,1.0,0.0,0.25,255,255,1.0,0.0,0.0,0.0,0.0,0.0,0,98304.0
14,9,1032,0,0,0,510,0.0,0.0,1.0,0.0,0.0,255,144,0.56,0.02,0.0,0.01,0.0,0.0,1,46800.0
11,9,46,117,0,0,1,0.0,0.0,1.0,0.0,1.0,255,250,0.98,0.01,0.0,0.0,0.0,0.0,0,41678.0
59,9,37,0,0,0,2,0.0,0.0,1.0,0.0,0.0,5,2,0.4,0.6,0.0,0.0,0.0,0.0,1,117625.0
45,5,0,0,0,0,117,1.0,1.0,0.16,0.05,0.0,255,4,0.02,0.06,0.0,1.0,1.0,0.0,1,102383.0
22,9,280,1940,0,1,1,0.0,0.0,1.0,0.0,0.0,255,255,1.0,0.0,0.0,0.0,0.0,0.0,0,46190.0
2,5,0,0,0,0,286,1.0,1.0,0.05,0.06,0.0,255,1,0.0,0.08,0.0,1.0,1.0,0.0,1,107601.0
45,5,0,0,0,0,285,1.0,1.0,0.04,0.06,0.0,255,10,0.04,0.06,0.0,1.0,1.0,0.0,1,123492.0
55,5,0,0,0,0,80,0.99,1.0,0.25,0.06,0.0,255,38,0.15,0.05,0.0,1.0,1.0,0.0,1,82046.0
22,5,0,0,0,0,248,1.0,0.95,0.07,0.06,0.11,255,18,0.07,0.07,0.0,1.0,1.0,0.0,1,19315.0
55,9,105,1479,0,1,1,0.0,0.0,1.0,0.0,0.0,3,1,0.33,0.67,0.0,0.0,0.0,0.0,0,11842.0
22,9,293,728,0,1,23,0.0,0.0,1.0,0.0,0.08,255,255,1.0,0.0,0.0,0.0,0.0,0.0,0,47422.0
22,9,373,24684,0,1,10,0.0,0.0,1.0,0.0,0.0,21,97,1.0,0.0,0.07,0.0,0.0,0.0,0,116956.0
22,9,224,608,0,1,41,0.0,0.0,1.0,0.0,0.03,255,255,1.0,0.0,0.0,0.0,0.0,0.0,0,46268.0
11,9,43,43,0,0,78,0.0,0.0,1.0,0.0,0.01,255,255,1.0,0.0,0.0,0.0,0.0,0.0,0,8580.0
45,1,0,0,0,0,106,0.0,0.0,0.06,0.07,0.0,255,26,0.1,0.08,0.0,0.0,0.0,1.0,1,74175.0
22,9,232,1394,0,1,5,0.0,0.0,1.0,0.0,0.11,214,255,1.0,0.0,0.01,0.0,0.0,0.0,0,119199.0
27,5,0,0,0,0,113,1.0,1.0,0.01,0.06,0.0,255,1,0.0,0.06,0.0,1.0,1.0,0.0,1,20159.0
22,9,260,301,0,1,4,0.0,0.0,1.0,0.0,0.0,26,255,1.0,0.0,0.06,0.0,0.0,0.0,0,7850.0
49,9,1045,482,0,1,1,0.0,0.0,1.0,0.0,1.0,255,40,0.16,0.02,0.0,0.0,0.0,0.0,0,32320.0
16,5,0,0,0,0,148,1.0,1.0,0.09,0.05,0.0,255,13,0.05,0.06,0.0,1.0,1.0,0.0,1,65184.0
45,5,0,0,0,0,143,1.0,1.0,0.14,0.05,0.0,255,12,0.05,0.05,0.0,1.0,1.0,0.0,1,23115.0
45,5,0,0,0,0,205,1.0,1.0,0.02,0.06,0.0,255,19,0.07,0.07,0.0,1.0,1.0,0.0,1,102455.0
21,1,0,0,0,0,272,0.0,0.0,0.06,0.06,0.0,255,15,0.06,0.07,0.0,0.0,0.0,1.0,1,13289.0
60,2,0,0,0,0,115,0.0,0.0,0.09,0.07,0.0,255,10,0.04,0.06,0.0,0.0,0.0,1.0,1,55644.0
59,9,182,0,0,0,5,0.0,0.0,0.6,0.4,0.0,255,17,0.07,0.01,0.0,0.0,0.0,0.0,0,88677.0
22,9,325,274,0,1,2,0.0,0.0,1.0,0.0,0.0,255,249,0.98,0.01,0.0,0.0,0.0,0.0,0,31746.0
22,9,211,3357,0,1,7,0.0,0.0,1.0,0.0,0.0,7,255,1.0,0.0,0.04,0.0,0.0,0.01,0,89025.0
22,9,307,3928,0,1,10,0.0,0.0,1.0,0.0,0.0,19,117,1.0,0.0,0.02,0.0,0.0,0.0,0,61426.0
22,9,254,1565,0,1,5,0.0,0.0,1.0,0.0,0.09,255,255,1.0,0.0,0.0,0.0,0.0,0.0,0,121580.0
22,9,54540,8314,0,1,1,0.0,0.0,1.0,0.0,0.0,175,175,1.0,0.0,0.0,0.0,0.0,0.01,1,28466.0
17,9,12,368,0,0,1,0.0,0.0,1.0,0.0,0.0,2,18,0.5,1.0,0.39,0.0,0.0,0.0,0,59109.0
45,1,0,0,0,0,112,0.0,0.0,0.01,0.09,0.0,255,1,0.0,0.09,0.0,0.0,0.0,1.0,1,111282.0
54,5,0,0,0,0,257,1.0,1.0,0.09,0.05,0.0,255,23,0.09,0.05,0.0,1.0,1.0,0.0,1,17013.0
8,5,0,0,0,0,105,1.0,1.0,0.15,0.06,0.0,255,5,0.02,0.07,0.0,1.0,1.0,0.0,1,113555.0
13,9,18,0,0,0,1,0.0,0.0,1.0,0.0,0.0,4,200,1.0,0.0,0.25,0.0,0.0,0.0,1,398.0
11,9,42,42,0,0,3,0.0,0.0,1.0,0.0,0.33,255,240,0.94,0.02,0.0,0.0,0.0,0.0,0,43384.0
45,9,28,0,3,0,175,0.57,0.0,0.43,0.04,0.0,255,75,0.29,0.71,0.0,0.09,0.0,0.0,1,86871.0
11,9,42,74,0,0,125,0.0,0.0,1.0,0.0,0.0,255,254,1.0,0.01,0.0,0.0,0.0,0.0,0,24543.0
49,9,3495,326,0,1,1,0.0,0.0,1.0,0.0,0.0,98,138,0.5,0.07,0.01,0.0,0.0,0.0,0,57617.0
55,9,612,235008,0,1,1,0.0,0.0,1.0,0.0,0.0,76,5,0.07,0.28,0.0,0.01,0.2,0.0,0,49470.0
11,9,44,79,0,0,186,0.0,0.0,1.0,0.0,0.0,255,255,1.0,0.0,0.0,0.0,0.0,0.0,0,69511.0
22,9,212,1197,0,1,2,0.0,0.0,1.0,0.0,0.0,77,255,1.0,0.0,0.01,0.0,0.0,0.0,0,114551.0
45,1,0,0,0,0,2,0.0,0.0,0.5,1.0,0.0,255,1,0.0,0.54,0.0,0.0,0.0,1.0,1,63861.0
49,9,1052,334,0,1,1,0.0,0.0,1.0,0.0,0.0,98,126,0.36,0.06,0.02,0.0,0.0,0.0,0,56934.0
37,4,0,0,0,0,1,0.0,0.0,1.0,0.0,0.0,202,1,0.0,0.19,0.0,0.0,0.0,1.0,1,112317.0
22,9,54540,8314,0,1,4,0.0,0.0,1.0,0.0,0.5,255,255,1.0,0.0,0.0,0.0,0.0,0.05,1,64815.0
2,5,0,0,0,0,121,1.0,1.0,0.15,0.06,0.0,255,15,0.06,0.07,0.0,1.0,1.0,0.0,1,120002.0
17,9,9,0,0,0,1,0.0,0.0,1.0,0.0,0.0,9,15,0.22,0.33,0.33,0.0,0.0,0.0,0,44180.0
45,5,0,0,0,0,101,1.0,1.0,0.02,0.06,0.0,255,3,0.01,0.08,0.0,1.0,1.0,0.0,1,55572.0
30,5,0,0,0,0,262,1.0,1.0,0.08,0.05,0.0,255,22,0.09,0.05,0.0,1.0,1.0,0.0,1,102812.0
19,9,26,0,0,0,2,0.0,0.0,1.0,0.0,0.0,239,14,0.06,0.01,0.0,0.84,0.0,0.0,0,99960.0
22,9,281,1410,0,1,14,0.0,0.0,1.0,0.0,0.0,14,255,1.0,0.0,0.07,0.0,0.0,0.0,0,58078.0
46,5,0,0,0,0,273,1.0,1.0,0.03,0.06,0.0,255,9,0.04,0.07,0.0,1.0,1.0,0.0,1,13080.0
45,5,0,0,0,0,121,1.0,1.0,0.05,0.07,0.0,255,15,0.06,0.07,0.0,1.0,1.0,0.0,1,111065.0
49,9,1415,336,0,1,1,0.0,0.0,1.0,0.0,0.0,184,201,0.75,0.02,0.01,0.0,0.0,0.0,0,121212.0
12,5,0,0,0,0,191,1.0,1.0,0.06,0.06,0.0,255,12,0.05,0.07,0.0,1.0,1.0,0.0,1,114943.0
31,5,0,0,0,0,113,1.0,1.0,0.19,0.06,0.0,255,22,0.09,0.05,0.0,1.0,1.0,0.0,1,29827.0
14,9,30,0,0,0,2,0.0,0.0,1.0,0.0,0.0,223,223,1.0,0.0,0.0,0.0,0.0,0.0,0,80605.0
22,9,236,3211,0,1,6,0.0,0.0,1.0,0.0,0.0,255,255,1.0,0.0,0.0,0.0,0.0,0.0,0,81393.0
49,9,997,331,0,1,1,0.0,0.0,1.0,0.0,1.0,79,65,0.82,0.04,0.0,0.0,0.0,0.0,0,92285.0
63,5,0,0,0,0,52,1.0,1.0,0.1,0.12,0.0,255,13,0.05,0.08,0.0,1.0,1.0,0.0,1,17083.0
22,9,253,1423,0,1,9,0.0,0.0,1.0,0.0,0.0,255,255,1.0,0.0,0.0,0.0,0.0,0.0,0,95190.0
13,9,8,0,0,0,1,0.0,0.0,1.0,0.0,1.0,2,160,1.0,0.0,0.5,0.0,0.0,0.0,1,95941.0
3,5,0,0,0,0,239,1.0,1.0,0.08,0.05,0.0,255,20,0.08,0.05,0.0,1.0,1.0,0.0,1,56215.0
41,1,0,0,0,0,510,0.26,0.0,0.0,1.0,0.0,255,1,0.0,1.0,0.0,0.25,0.0,1.0,1,73354.0
45,4,1,0,0,0,2,0.0,0.0,1.0,0.0,0.0,255,2,0.01,0.74,0.0,0.0,0.0,1.0,1,37252.0
22,9,221,4060,0,1,2,0.0,0.29,1.0,0.0,0.43,255,255,1.0,0.0,0.0,0.0,0.0,0.0,0,118200.0
45,5,0,0,0,0,247,1.0,1.0,0.04,0.06,0.0,255,19,0.07,0.08,0.0,1.0,1.0,0.0,1,17048.0
45,5,0,0,0,0,140,1.0,1.0,0.03,0.06,0.0,255,7,0.03,0.06,0.0,1.0,1.0,0.0,1,52048.0
49,9,688,438,0,1,1,0.0,0.0,1.0,0.0,0.0,154,66,0.16,0.03,0.03,0.0,0.0,0.0,0,117257.0
22,9,147,2632,0,1,1,0.0,0.0,1.0,0.0,0.0,1,255,1.0,0.0,0.04,0.0,0.0,0.0,0,91272.0
49,9,2032,332,0,1,1,0.0,0.0,1.0,0.0,1.0,136,142,0.48,0.04,0.01,0.0,0.0,0.0,0,118830.0
59,9,78,0,0,0,14,0.0,0.0,0.21,0.14,0.0,255,15,0.06,0.01,0.0,0.0,0.0,0.0,0,113717.0
49,9,48,284,0,1,1,0.0,0.0,1.0,0.0,0.0,164,138,0.67,0.04,0.01,0.0,0.0,0.0,0,63924.0
45,5,0,0,0,0,111,1.0,1.0,0.18,0.05,0.0,255,20,0.08,0.07,0.0,1.0,1.0,0.0,1,119591.0
47,1,0,0,0,0,1,0.0,0.0,1.0,0.0,0.0,58,2,0.02,1.0,1.0,0.0,0.0,1.0,1,79663.0
45,5,0,0,0,0,102,1.0,1.0,0.02,0.07,0.0,99,2,0.02,0.09,0.0,1.0,1.0,0.0,1,84809.0
11,9,43,72,0,0,297,0.0,0.0,1.0,0.01,0.0,255,254,1.0,0.01,0.0,0.0,0.0,0.0,0,65751.0
22,1,0,0,0,0,1,0.0,0.0,1.0,0.0,0.0,6,251,1.0,0.0,0.2,0.0,0.0,0.97,0,54413.0
9,5,0,0,0,0,142,1.0,1.0,0.15,0.04,0.0,255,11,0.04,0.05,0.0,1.0,1.0,0.0,1,20866.0
22,9,211,709,0,1,9,0.0,0.0,1.0,0.0,0.0,173,255,1.0,0.0,0.01,0.0,0.0,0.0,0,125336.0
45,1,0,0,0,0,295,0.0,0.0,0.07,0.06,0.0,255,20,0.08,0.07,0.0,0.0,0.0,1.0,1,52213.0
22,1,0,0,0,0,1,0.0,0.0,1.0,0.0,0.0,141,126,0.89,0.03,0.0,0.0,0.0,1.0,0,45740.0
11,9,44,73,0,0,179,0.0,0.0,1.0,0.0,0.0,255,197,0.77,0.01,0.0,0.0,0.0,0.0,0,93004.0
22,1,0,0,0,0,8,0.0,0.0,1.0,0.0,0.0,24,171,1.0,0.0,0.19,0.0,0.0,0.98,0,1900.0
29,5,0,0,0,0,235,1.0,1.0,0.09,0.05,0.0,255,22,0.09,0.06,0.0,1.0,1.0,0.0,1,66498.0
22,9,232,2558,0,1,2,0.0,0.0,1.0,0.0,0.0,255,255,1.0,0.0,0.0,0.0,0.0,0.0,0,111651.0
5,5,0,0,0,0,126,1.0,1.0,0.14,0.06,0.0,255,18,0.07,0.06,0.0,1.0,1.0,0.0,1,17888.0
45,9,207,0,0,0,2,0.0,0.0,1.0,0.0,0.0,140,116,0.83,0.01,0.0,0.0,0.0,0.0,1,10096.0
22,9,217,928,0,1,12,0.0,0.0,1.0,0.0,0.0,255,255,1.0,0.0,0.0,0.0,0.0,0.0,0,105169.0
55,2,0,0,0,0,263,0.0,0.0,0.03,0.06,0.0,255,8,0.03,0.07,0.0,0.0,0.0,1.0,1,66871.0
53,5,0,0,0,0,205,1.0,1.0,0.08,0.06,0.0,255,17,0.07,0.07,0.0,1.0,1.0,0.0,1,37.0
61,5,0,0,0,0,101,1.0,1.0,0.02,0.06,0.0,255,15,0.06,0.06,0.0,1.0,1.0,0.0,1,6732.0
22,9,183,3376,0,1,9,0.0,0.0,1.0,0.0,0.0,30,255,1.0,0.0,0.02,0.0,0.0,0.0,0,90687.0
22,9,205,5688,0,1,1,0.0,0.0,1.0,0.0,0.0,7,255,1.0,0.0,0.02,0.0,0.0,0.0,0,64688.0
45,9,28,0,3,0,3,0.0,0.0,1.0,0.0,0.0,75,3,0.04,0.05,0.0,0.0,0.0,0.0,1,122451.0
22,9,236,2412,0,1,9,0.0,0.0,1.0,0.0,0.0,97,255,1.0,0.0,0.02,0.0,0.0,0.0,0,21896.0
17,5,0,0,0,0,72,1.0,1.0,0.28,0.06,0.0,255,60,0.24,0.04,0.0,1.0,1.0,0.0,1,121899.0
49,9,654,334,0,1,3,0.0,0.0,0.33,0.67,0.0,50,31,0.62,0.12,0.0,0.0,0.0,0.0,0,110355.0
22,9,217,6690,0,1,1,0.0,0.0,1.0,0.0,0.0,57,255,1.0,0.0,0.03,0.0,0.0,0.0,0,54592.0
14,9,520,0,0,0,316,0.0,0.0,1.0,0.0,0.0,255,255,1.0,0.0,0.0,0.0,0.0,0.0,1,57319.0
30,1,0,0,0,0,243,0.0,0.0,0.03,0.07,0.0,255,7,0.03,0.08,0.0,0.0,0.0,1.0,1,27970.0
37,5,0,0,0,0,273,1.0,1.0,0.03,0.06,0.0,255,13,0.05,0.06,0.0,1.0,1.0,0.0,1,92602.0
45,5,0,0,0,0,52,1.0,1.0,0.1,0.12,0.0,255,11,0.04,0.08,0.0,1.0,1.0,0.0,1,46514.0
22,9,312,487,0,1,13,0.0,0.0,1.0,0.0,0.19,255,255,1.0,0.0,0.0,0.0,0.0,0.0,0,77083.0
22,9,295,2727,0,1,9,0.0,0.0,1.0,0.0,0.0,255,255,1.0,0.0,0.0,0.0,0.0,0.0,0,102516.0
45,9,1,0,0,0,17,0.0,0.0,0.35,0.41,0.0,255,6,0.02,0.22,0.0,0.0,0.0,0.0,1,15783.0
45,5,0,0,0,0,292,1.0,1.0,0.07,0.06,0.0,255,18,0.07,0.08,0.0,1.0,1.0,0.0,1,19239.0
22,9,220,619,0,1,13,0.0,0.0,1.0,0.0,0.12,255,255,1.0,0.0,0.0,0.0,0.0,0.0,0,52693.0
19,9,35195,0,0,1,24,0.0,0.0,1.0,0.0,0.0,57,77,0.84,0.04,0.03,0.0,0.0,0.0,0,61811.0
45,5,0,0,0,0,282,1.0,1.0,0.07,0.06,0.0,255,35,0.14,0.06,0.0,1.0,1.0,0.0,1,94151.0
14,9,520,0,0,0,480,0.0,0.0,1.0,0.0,0.0,73,73,1.0,0.0,0.0,0.0,0.0,0.0,1,48042.0
22,9,227,626,0,1,17,0.0,0.0,1.0,0.0,0.11,255,255,1.0,0.0,0.0,0.0,0.0,0.0,0,85824.0
22,9,210,240,0,1,3,0.33,0.25,1.0,0.0,0.5,82,255,1.0,0.0,0.07,0.01,0.01,0.0,0,105659.0
16,5,0,0,0,0,103,1.0,1.0,0.17,0.06,0.0,255,17,0.07,0.06,0.0,1.0,1.0,0.0,1,60003.0
19,9,12,0,0,1,1,0.0,0.0,1.0,0.0,0.0,232,41,0.18,0.02,0.0,0.0,0.0,0.0,0,54830.0
6,5,0,0,0,0,202,1.0,1.0,0.01,0.06,0.0,255,8,0.03,0.07,0.0,1.0,1.0,0.0,1,458.0
22,9,242,13490,0,1,4,0.0,0.0,1.0,0.0,0.0,4,80,1.0,0.0,0.09,0.0,0.0,0.0,0,100057.0
22,1,0,0,0,0,1,0.0,0.0,1.0,0.0,0.0,22,74,1.0,0.0,0.08,0.0,0.0,1.0,0,68745.0
22,9,313,2698,0,1,2,0.0,0.0,1.0,0.0,0.0,255,241,0.95,0.01,0.0,0.0,0.0,0.0,0,65120.0
22,9,289,1075,0,1,24,0.0,0.0,1.0,0.0,0.0,85,255,1.0,0.0,0.02,0.0,0.0,0.0,0,82796.0
34,5,0,0,0,0,198,1.0,1.0,0.1,0.06,0.0,255,19,0.07,0.06,0.0,1.0,1.0,0.0,1,103367.0
35,5,0,0,0,0,89,1.0,1.0,0.1,0.06,0.0,255,16,0.06,0.07,0.0,1.0,1.0,0.0,1,100202.0
22,9,224,850,0,1,4,0.0,0.0,1.0,0.0,0.0,255,255,1.0,0.0,0.0,0.0,0.0,0.0,0,61045.0
61,5,0,0,0,0,155,1.0,1.0,0.09,0.07,0.0,255,19,0.07,0.07,0.0,1.0,1.0,0.0,1,69002.0
22,9,216,7925,0,1,4,0.0,0.0,1.0,0.0,0.27,145,255,1.0,0.0,0.03,0.0,0.0,0.0,0,106147.0
22,9,371,327,0,1,2,0.0,0.0,1.0,0.0,0.14,14,255,1.0,0.0,0.01,0.0,0.0,0.01,0,25285.0
41,4,1,0,0,0,2,0.0,0.0,1.0,0.0,0.0,255,2,0.01,0.73,0.0,0.0,0.0,1.0,1,59260.0
49,9,907,342,0,1,1,0.0,0.0,1.0,0.0,1.0,37,200,0.46,0.08,0.01,0.0,0.0,0.0,0,97423.0
22,9,195,467,0,1,13,0.0,0.0,1.0,0.0,0.14,30,255,1.0,0.0,0.04,0.0,0.0,0.0,0,74047.0
22,9,253,3030,0,1,5,0.0,0.0,1.0,0.0,0.36,15,255,1.0,0.0,0.04,0.0,0.0,0.0,0,16121.0
38,5,0,0,0,0,145,1.0,1.0,0.01,0.06,0.0,255,1,0.0,0.05,0.0,1.0,1.0,0.0,1,105319.0
22,9,295,1563,0,1,9,0.0,0.0,1.0,0.0,0.0,39,255,1.0,0.0,0.04,0.0,0.0,0.0,0,31111.0
2,5,0,0,0,0,276,1.0,1.0,0.07,0.06,0.0,255,18,0.07,0.06,0.0,1.0,1.0,0.0,1,54565.0
22,9,186,833,0,1,6,0.0,0.0,1.0,0.0,0.0,6,255,1.0,0.0,0.02,0.0,0.0,0.0,0,88255.0
22,9,239,255,0,1,19,0.0,0.0,1.0,0.0,0.2,255,255,1.0,0.0,0.0,0.0,0.0,0.0,0,675.0
49,9,954,329,0,1,1,0.0,0.0,1.0,0.0,0.0,161,176,0.78,0.03,0.02,0.01,0.01,0.0,0,96247.0
22,1,0,0,0,0,1,0.0,0.0,1.0,0.0,0.0,2,237,1.0,0.0,0.21,0.0,0.0,0.75,0,41934.0
22,9,204,1418,0,1,8,0.0,0.0,1.0,0.0,0.0,67,255,1.0,0.0,0.06,0.0,0.0,0.0,0,60889.0
60,5,0,0,0,0,146,1.0,1.0,0.11,0.06,0.0,255,16,0.06,0.07,0.0,1.0,1.0,0.0,1,73895.0
22,9,289,2400,0,1,24,0.0,0.0,1.0,0.0,0.12,36,255,1.0,0.0,0.02,0.0,0.0,0.0,0,58591.0
45,5,0,0,0,0,259,1.0,1.0,0.05,0.05,0.0,255,14,0.05,0.07,0.0,1.0,1.0,0.0,1,27823.0
49,9,722,330,0,1,2,0.0,0.0,0.5,1.0,0.0,150,169,0.65,0.02,0.01,0.0,0.0,0.0,0,77493.0
9,5,0,0,0,0,124,1.0,1.0,0.01,0.07,0.0,255,1,0.0,0.07,0.0,1.0,1.0,0.0,1,35349.0
22,9,292,2572,0,1,27,0.0,0.0,1.0,0.0,0.0,255,255,1.0,0.0,0.0,0.0,0.0,0.0,0,122559.0
41,9,147,0,0,0,5,0.0,0.0,0.2,0.6,0.0,255,1,0.0,0.26,0.0,0.0,0.0,0.0,0,43666.0
6,5,0,0,0,0,104,1.0,1.0,0.07,0.07,0.0,255,5,0.02,0.08,0.0,1.0,1.0,0.0,1,109543.0
49,9,1143,329,0,1,1,0.0,0.0,1.0,0.0,0.0,162,119,0.6,0.03,0.02,0.0,0.0,0.0,0,22820.0
41,1,0,0,0,0,511,0.25,0.0,0.0,1.0,0.0,255,1,0.0,1.0,0.0,0.26,0.0,1.0,1,67678.0
22,9,289,2833,0,1,2,0.0,0.0,1.0,0.0,0.0,38,255,1.0,0.0,0.04,0.0,0.0,0.0,0,24936.0
22,9,303,304,0,1,2,0.0,0.0,1.0,0.0,0.0,75,255,1.0,0.0,0.01,0.0,0.0,0.0,0,81115.0
55,5,0,0,0,0,3,1.0,1.0,0.67,0.67,0.0,83,23,0.27,0.05,0.09,1.0,0.96,0.0,1,22686.0
45,9,105,147,0,0,1,0.0,0.0,1.0,0.0,0.0,184,140,0.76,0.02,0.0,0.0,0.0,0.0,0,75260.0
22,5,0,0,0,0,2,0.5,0.5,1.0,0.0,0.0,124,255,1.0,0.0,0.02,0.01,0.0,0.0,0,20185.0
22,5,0,0,0,0,62,1.0,1.0,0.29,0.06,0.0,224,58,0.26,0.02,0.0,0.99,1.0,0.0,1,46586.0
19,9,15722,0,0,1,12,0.0,0.0,1.0,0.0,0.0,222,96,0.41,0.03,0.02,0.0,0.0,0.0,0,64523.0
11,9,44,131,0,0,130,0.0,0.0,1.0,0.0,0.0,255,254,1.0,0.01,0.0,0.0,0.0,0.0,0,78784.0
45,5,0,0,0,0,57,1.0,1.0,0.35,0.05,0.0,255,18,0.07,0.06,0.0,1.0,1.0,0.0,1,7695.0
22,9,293,2582,0,1,16,0.0,0.0,1.0,0.0,0.0,16,255,1.0,0.0,0.02,0.0,0.0,0.0,0,66622.0
22,9,301,3276,0,1,18,0.0,0.0,1.0,0.0,0.0,18,255,1.0,0.0,0.01,0.0,0.0,0.0,0,118437.0
14,9,520,0,0,0,449,0.0,0.0,1.0,0.0,0.0,173,173,1.0,0.0,0.0,0.0,0.0,0.0,1,21031.0
45,5,0,0,0,0,226,1.0,1.0,0.07,0.06,0.0,255,14,0.05,0.08,0.0,1.0,1.0,0.0,1,80258.0
22,1,0,0,0,0,20,0.0,0.0,0.05,0.1,0.0,33,29,0.88,0.09,0.0,0.0,0.0,1.0,1,58030.0
22,9,239,531,0,1,7,0.0,0.0,1.0,0.0,0.0,203,255,1.0,0.0,0.01,0.0,0.0,0.0,0,24825.0
41,9,146,105,0,0,1,0.0,0.0,1.0,0.0,0.0,255,3,0.01,0.65,0.0,0.0,0.0,0.0,0,58169.0
17,2,0,0,0,0,246,0.0,0.0,0.08,0.07,0.0,255,20,0.08,0.07,0.0,0.0,0.0,1.0,1,123070.0
22,9,354,824,0,1,4,0.0,0.0,1.0,0.0,0.0,255,255,1.0,0.0,0.0,0.0,0.0,0.0,0,111795.0
22,2,0,0,0,1,3,0.0,0.0,1.0,0.0,0.0,53,255,1.0,0.0,0.03,0.0,0.0,0.01,0,108690.0
21,5,0,0,0,0,280,1.0,1.0,0.04,0.06,0.0,255,11,0.04,0.08,0.0,1.0,1.0,0.0,1,28715.0
22,9,278,934,0,1,8,0.0,0.0,1.0,0.0,0.18,218,255,1.0,0.0,0.02,0.0,0.0,0.0,0,3184.0
49,9,2168,402,0,1,1,0.0,0.0,1.0,0.0,1.0,255,17,0.07,0.02,0.0,0.93,0.0,0.0,0,95596.0
19,9,0,3079,0,0,1,0.0,0.05,1.0,0.0,0.1,255,119,0.47,0.02,0.0,0.0,0.0,0.0,0,85095.0
22,9,323,1543,0,1,12,0.0,0.0,1.0,0.0,0.0,27,255,1.0,0.0,0.01,0.0,0.0,0.0,0,108440.0
11,9,46,72,0,0,74,0.0,0.0,1.0,0.0,0.01,255,247,0.97,0.01,0.0,0.0,0.0,0.0,0,85966.0
19,9,6932,0,0,0,2,0.0,0.0,1.0,0.0,0.0,132,46,0.35,0.05,0.0,0.0,0.0,0.0,0,69488.0
49,9,1830,332,0,1,1,0.0,0.0,1.0,0.0,0.0,148,103,0.64,0.03,0.02,0.0,0.0,0.0,0,49339.0
11,9,43,129,0,0,71,0.0,0.0,1.0,0.0,0.01,255,245,0.96,0.01,0.0,0.0,0.0,0.0,0,79144.0
14,9,520,0,0,0,10,0.0,0.0,1.0,0.0,0.0,255,255,1.0,0.0,0.0,0.0,0.0,0.0,1,59780.0
55,9,722,24313,0,1,1,0.0,0.0,1.0,0.0,0.0,255,28,0.11,0.06,0.0,0.73,0.54,0.11,0,26291.0
22,9,329,1179,0,1,2,0.0,0.0,1.0,0.0,0.0,18,18,1.0,0.0,0.0,0.0,0.0,0.0,0,100422.0
45,9,1,0,0,0,40,0.0,0.0,0.12,0.1,0.0,255,5,0.02,0.08,0.0,0.0,0.0,0.0,1,18730.0
22,9,277,6228,0,1,1,0.0,0.0,1.0,0.0,0.0,3,255,1.0,0.0,0.06,0.0,0.01,0.0,0,58712.0
10,5,0,0,0,0,281,1.0,1.0,0.04,0.06,0.0,255,4,0.02,0.08,0.0,1.0,1.0,0.0,1,15201.0
45,5,0,0,0,0,286,1.0,1.0,0.06,0.06,0.0,255,18,0.07,0.09,0.0,1.0,1.0,0.0,1,116577.0
26,5,0,0,0,0,277,1.0,1.0,0.06,0.05,0.0,255,17,0.07,0.07,0.0,1.0,1.0,0.0,1,212.0
22,9,241,415,0,1,32,0.0,0.0,1.0,0.0,0.05,56,255,1.0,0.0,0.03,0.0,0.0,0.0,0,86835.0
45,10,0,0,0,0,1,1.0,1.0,1.0,0.0,0.0,197,1,0.01,0.95,0.0,0.96,1.0,0.0,1,40182.0
22,9,214,7148,0,1,19,0.0,0.0,1.0,0.0,0.1,255,255,1.0,0.0,0.0,0.0,0.0,0.0,0,121550.0
11,9,42,79,0,0,71,0.0,0.0,1.0,0.0,0.01,255,254,1.0,0.01,0.0,0.0,0.0,0.0,0,37437.0
14,9,1032,0,0,0,227,0.0,0.0,1.0,0.0,0.0,255,227,0.89,0.01,0.0,0.0,0.0,0.0,1,92047.0
12,5,0,0,0,0,142,1.0,1.0,0.13,0.06,0.0,255,8,0.03,0.07,0.0,1.0,1.0,0.0,1,85929.0
22,9,54540,8314,0,1,2,0.0,0.0,1.0,0.0,0.75,255,255,1.0,0.0,0.0,0.0,0.0,0.03,1,20142.0
45,5,0,0,0,0,209,1.0,1.0,0.01,0.06,0.0,255,3,0.01,0.09,0.0,1.0,1.0,0.0,1,1259.0
19,9,192,0,0,1,2,0.0,0.0,1.0,0.0,0.0,255,15,0.06,0.02,0.0,0.0,0.0,0.0,0,122145.0
45,9,1,26,0,0,28,0.0,0.0,0.54,0.11,0.0,255,15,0.06,0.81,0.0,0.16,0.0,0.0,1,28864.0
11,9,43,82,0,0,104,0.0,0.0,1.0,0.0,0.0,255,255,1.0,0.0,0.0,0.0,0.0,0.0,0,28396.0
22,9,315,283,0,1,5,0.0,0.0,1.0,0.0,0.0,15,255,1.0,0.0,0.04,0.0,0.0,0.0,0,25131.0
45,5,0,0,0,0,274,1.0,1.0,0.03,0.05,0.0,255,6,0.02,0.09,0.0,1.0,1.0,0.0,1,68256.0
54,5,0,0,0,0,158,1.0,1.0,0.09,0.06,0.0,255,14,0.05,0.06,0.0,1.0,1.0,0.0,1,84397.0
11,9,43,130,0,0,231,0.0,0.0,1.0,0.0,0.0,255,250,0.98,0.01,0.0,0.0,0.0,0.0,0,59240.0
22,9,295,351,0,1,27,0.0,0.0,1.0,0.0,0.07,78,255,1.0,0.0,0.01,0.0,0.0,0.0,0,31560.0
45,5,0,0,0,0,113,1.0,1.0,0.08,0.06,0.0,255,3,0.01,0.06,0.0,1.0,1.0,0.0,1,93951.0
45,5,0,0,0,0,215,1.0,1.0,0.04,0.07,0.0,255,7,0.03,0.08,0.0,1.0,1.0,0.0,1,13270.0
22,5,0,0,0,0,6,1.0,1.0,0.5,0.33,0.0,255,58,0.23,0.04,0.0,1.0,1.0,0.0,1,9595.0
22,9,242,1086,0,1,7,0.0,0.0,1.0,0.0,0.0,255,255,1.0,0.0,0.0,0.0,0.0,0.0,0,115586.0
45,5,0,0,0,0,212,1.0,1.0,0.08,0.06,0.0,255,17,0.07,0.07,0.0,1.0,1.0,0.0,1,46137.0
19,9,9311,0,0,1,8,0.0,0.0,1.0,0.0,0.0,17,110,0.82,0.24,0.02,0.0,0.0,0.0,0,55799.0
49,9,669,280,0,1,1,0.0,0.0,1.0,0.0,0.0,3,142,0.67,0.67,0.01,0.0,0.0,0.0,0,96209.0
41,9,147,105,0,0,1,0.0,0.0,1.0,0.0,0.0,255,1,0.0,0.83,0.0,0.0,0.0,0.0,0,55885.0
49,9,2848,329,0,1,1,0.0,0.0,1.0,0.0,0.0,255,48,0.19,0.5,0.0,0.0,0.0,0.0,0,122746.0
17,9,12,147,0,0,1,0.0,0.0,1.0,0.0,0.0,49,2,0.02,0.12,1.0,0.02,0.0,0.0,0,103495.0
22,9,314,269,0,1,18,0.0,0.02,1.0,0.0,0.1,255,255,1.0,0.0,0.0,0.0,0.0,0.0,0,79850.0
13,9,8,0,0,0,1,0.0,0.0,1.0,0.0,1.0,1,229,1.0,0.0,0.5,0.0,0.0,0.0,1,63937.0
22,9,203,1410,0,1,25,0.0,0.0,1.0,0.0,0.08,25,255,1.0,0.0,0.04,0.0,0.0,0.0,0,56767.0
18,9,942,2720,0,1,1,0.0,0.0,1.0,0.0,0.0,233,40,0.17,0.02,0.0,0.0,0.0,0.0,0,30753.0
45,5,0,0,0,0,131,1.0,1.0,0.13,0.05,0.0,255,10,0.04,0.07,0.0,1.0,1.0,0.0,1,95102.0
14,9,1032,0,0,0,511,0.0,0.0,1.0,0.0,0.0,255,107,0.42,0.02,0.0,0.01,0.0,0.0,1,7994.0
45,5,0,0,0,0,144,0.99,1.0,0.01,0.08,0.0,255,18,0.07,0.07,0.0,1.0,1.0,0.0,1,107339.0
15,5,0,0,0,0,135,1.0,1.0,0.13,0.05,0.0,255,18,0.07,0.06,0.0,1.0,1.0,0.0,1,115711.0
22,9,214,944,0,1,17,0.0,0.0,1.0,0.0,0.15,74,255,1.0,0.0,0.05,0.0,0.0,0.0,0,99863.0
19,9,2194619,0,0,0,2,0.0,0.0,1.0,0.0,0.0,40,30,0.3,0.08,0.07,0.0,0.0,0.0,0,83078.0
36,5,0,0,0,0,239,1.0,1.0,0.01,0.07,0.0,255,19,0.07,0.07,0.0,1.0,1.0,0.0,1,34369.0
45,5,0,0,0,0,112,1.0,1.0,0.12,0.05,0.0,255,14,0.05,0.05,0.0,1.0,1.0,0.0,1,77549.0
22,9,197,1349,0,1,31,0.0,0.0,1.0,0.0,0.09,255,255,1.0,0.0,0.0,0.0,0.0,0.0,0,45416.0
22,9,296,11509,0,1,2,0.0,0.0,1.0,0.0,0.67,255,255,1.0,0.0,0.0,0.0,0.0,0.0,0,54733.0
22,9,205,318,0,1,5,0.0,0.0,1.0,0.0,0.33,255,255,1.0,0.0,0.0,0.0,0.0,0.0,0,4506.0
22,9,248,3368,0,1,4,0.0,0.0,1.0,0.0,0.0,50,255,1.0,0.0,0.02,0.0,0.0,0.0,0,31066.0
55,5,0,0,0,0,16,1.0,1.0,0.44,0.12,0.0,255,47,0.18,0.04,0.0,1.0,1.0,0.0,1,10371.0
32,5,0,0,0,0,237,1.0,1.0,0.01,0.06,0.0,255,3,0.01,0.07,0.0,1.0,1.0,0.0,1,83135.0
22,2,0,0,0,1,3,0.0,0.0,1.0,0.0,0.0,3,255,1.0,0.0,0.01,0.0,0.0,0.02,0,49448.0
60,5,0,0,0,0,143,1.0,1.0,0.1,0.06,0.0,255,14,0.05,0.07,0.0,1.0,1.0,0.0,1,116335.0
11,9,44,126,0,0,191,0.0,0.0,1.0,0.0,0.0,255,251,0.98,0.01,0.0,0.0,0.0,0.0,0,7768.0
41,7,1376,0,0,0,1,1.0,1.0,1.0,0.0,0.0,249,1,0.0,0.04,0.0,0.0,1.0,0.0,0,87940.0
49,9,819,329,0,1,1,0.0,0.0,1.0,0.0,1.0,255,21,0.08,0.64,0.0,0.0,0.0,0.0,0,13941.0
22,9,295,2966,0,1,6,0.0,0.0,1.0,0.0,0.38,255,255,1.0,0.0,0.0,0.0,0.0,0.0,0,11782.0
22,9,255,33119,0,1,1,0.0,0.0,1.0,0.0,0.0,255,251,0.98,0.01,0.0,0.0,0.0,0.0,0,118737.0
41,9,145,105,0,0,6,0.0,0.0,0.33,0.5,0.0,255,2,0.01,0.69,0.0,0.0,0.0,0.0,0,10611.0
45,1,0,0,0,0,1,0.0,0.0,1.0,0.0,0.0,49,2,0.02,1.0,1.0,0.0,0.0,1.0,1,41148.0
11,9,30,0,0,0,1,0.0,0.0,1.0,0.0,1.0,163,28,0.17,0.04,0.0,0.0,0.0,0.0,0,109373.0
19,9,1342,0,0,1,5,0.0,0.0,1.0,0.0,0.0,255,57,0.22,0.02,0.0,0.0,0.0,0.0,0,84963.0
22,9,218,9347,0,1,6,0.0,0.0,1.0,0.0,0.0,43,255,1.0,0.0,0.02,0.0,0.0,0.0,0,27479.0
22,9,224,919,0,1,8,0.0,0.0,1.0,0.0,0.0,190,255,1.0,0.0,0.02,0.0,0.0,0.0,0,24911.0
41,9,113,0,0,0,16,0.0,0.0,0.94,0.12,0.0,255,15,0.06,0.56,0.0,0.0,0.0,0.0,0,19396.0
55,5,0,0,0,0,289,1.0,1.0,0.02,0.06,0.0,255,10,0.04,0.07,0.0,1.0,1.0,0.0,1,27461.0
41,9,147,105,0,0,1,0.0,0.0,1.0,0.0,0.0,255,3,0.01,0.61,0.0,0.0,0.0,0.0,0,105012.0
13,9,8,0,0,0,1,0.0,0.0,1.0,0.0,1.0,2,240,1.0,0.0,0.5,0.0,0.0,0.0,1,83148.0
22,9,254,5184,0,1,9,0.0,0.0,1.0,0.0,0.0,51,51,1.0,0.0,0.0,0.0,0.0,0.0,0,71802.0
41,9,516,4,0,0,262,0.0,0.0,1.0,0.0,0.0,255,255,1.0,0.0,0.0,0.0,0.0,0.0,0,46421.0
45,5,0,0,0,0,226,1.0,1.0,0.04,0.06,0.0,255,18,0.07,0.07,0.0,1.0,1.0,0.0,1,72047.0
22,9,243,335,0,1,4,0.0,0.0,1.0,0.0,0.17,255,255,1.0,0.0,0.0,0.0,0.0,0.0,0,15467.0
49,9,1223,329,0,1,1,0.0,0.0,1.0,0.0,1.0,86,76,0.88,0.03,0.0,0.0,0.0,0.0,0,9752.0
22,9,54540,8314,0,1,4,0.0,0.0,1.0,0.0,0.0,33,33,1.0,0.0,0.0,0.0,0.0,0.06,1,50604.0
41,1,0,0,0,0,365,0.1,0.0,0.0,1.0,0.0,255,1,0.0,1.0,0.0,0.11,0.0,1.0,1,1395.0
11,9,44,131,0,0,84,0.0,0.0,1.0,0.0,0.01,255,255,1.0,0.0,0.0,0.0,0.0,0.0,0,36757.0
49,9,1149,337,0,1,1,0.0,0.0,1.0,0.0,0.0,214,119,0.43,0.04,0.02,0.0,0.0,0.0,0,89660.0
45,4,0,0,0,0,1,0.0,0.0,1.0,0.0,0.0,116,1,0.01,0.59,0.0,0.05,0.0,1.0,1,23848.0
41,9,147,105,0,0,6,0.0,0.0,0.33,0.5,0.0,255,2,0.01,0.36,0.0,0.0,0.0,0.0,0,115642.0
45,5,0,0,0,0,108,1.0,1.0,0.12,0.06,0.0,255,10,0.04,0.07,0.0,1.0,1.0,0.0,1,125265.0
22,9,176,944,0,1,3,0.0,0.0,1.0,0.0,0.5,3,255,1.0,0.0,0.02,0.0,0.0,0.0,0,17354.0
22,9,221,942,0,1,2,0.0,0.0,1.0,0.0,0.0,255,255,1.0,0.0,0.0,0.0,0.0,0.0,0,73209.0
22,9,208,2050,0,1,10,0.1,0.1,1.0,0.0,0.1,15,255,1.0,0.0,0.03,0.07,0.0,0.0,0,51095.0
45,5,0,0,0,0,109,1.0,1.0,0.15,0.06,0.0,255,16,0.06,0.06,0.0,1.0,1.0,0.0,1,112585.0
22,9,314,369,0,1,3,0.0,0.0,1.0,0.0,0.0,3,122,1.0,0.0,0.07,0.0,0.0,0.01,0,19330.0
45,5,0,0,0,0,144,1.0,1.0,0.08,0.06,0.0,255,14,0.05,0.05,0.0,1.0,1.0,0.0,1,86539.0
22,9,263,13332,0,1,3,0.0,0.0,1.0,0.0,0.5,255,245,0.96,0.02,0.0,0.0,0.0,0.0,0,99013.0
41,9,516,4,0,0,195,0.0,0.0,1.0,0.0,0.0,195,195,1.0,0.0,0.0,0.0,0.0,0.0,0,1921.0
59,9,130,0,0,0,1,0.0,0.0,1.0,0.0,0.0,32,2,0.06,0.06,0.0,0.0,0.0,0.0,0,47761.0
51,5,0,0,0,0,230,1.0,1.0,0.03,0.06,0.0,255,8,0.03,0.06,0.0,1.0,1.0,0.0,1,109011.0
11,9,42,67,0,0,141,0.0,0.0,1.0,0.0,0.0,255,254,1.0,0.01,0.0,0.0,0.0,0.0,0,87265.0
19,9,383,0,0,1,2,0.0,0.0,1.0,0.0,0.0,172,78,0.31,0.03,0.03,0.0,0.0,0.0,0,38403.0
22,9,248,5638,0,1,8,0.0,0.0,1.0,0.0,0.0,8,255,1.0,0.0,0.06,0.0,0.0,0.0,0,115295.0
22,9,239,3222,0,1,2,0.0,0.0,1.0,0.0,0.0,255,248,0.97,0.01,0.0,0.0,0.0,0.0,0,93829.0
45,1,0,0,0,0,121,0.0,0.0,0.17,0.07,0.0,255,20,0.08,0.06,0.0,0.0,0.0,1.0,1,5702.0
14,9,1032,0,0,0,511,0.0,0.0,1.0,0.0,0.0,255,42,0.16,0.06,0.0,0.05,0.0,0.0,1,107301.0
11,9,45,123,0,0,54,0.0,0.0,0.98,0.04,0.0,255,162,0.64,0.01,0.0,0.0,0.0,0.0,0,6193.0
9,5,0,0,0,0,243,1.0,1.0,0.01,0.05,0.0,255,2,0.01,0.06,0.0,1.0,1.0,0.0,1,7083.0
22,9,218,1737,0,1,1,0.0,0.0,1.0,0.0,0.0,7,255,1.0,0.0,0.05,0.0,0.0,0.0,0,123369.0
45,1,0,0,0,0,161,0.0,0.0,0.06,0.06,0.0,255,9,0.04,0.07,0.0,0.0,0.0,1.0,1,11601.0
45,1,0,0,0,0,153,0.01,0.0,0.01,1.0,0.0,255,1,0.0,0.63,0.0,0.0,0.0,1.0,1,80727.0
55,5,0,0,0,0,43,1.0,1.0,0.16,0.09,0.0,255,67,0.26,0.02,0.0,1.0,1.0,0.0,1,11024.0
22,9,310,2402,0,1,15,0.0,0.0,1.0,0.0,0.08,86,255,1.0,0.0,0.02,0.0,0.0,0.0,0,6431.0
22,9,294,8766,0,1,8,0.0,0.0,1.0,0.0,0.22,8,255,1.0,0.0,0.05,0.0,0.0,0.0,0,74126.0
22,9,344,261,0,1,2,0.0,0.0,1.0,0.0,0.0,159,255,1.0,0.0,0.03,0.0,0.0,0.0,0,107903.0
11,9,45,114,0,0,4,0.0,0.0,1.0,0.0,0.27,255,235,0.92,0.01,0.0,0.0,0.0,0.0,0,39392.0
18,9,320,1054,0,1,1,0.0,0.0,1.0,0.0,0.0,100,20,0.2,0.02,0.0,0.0,0.0,0.0,0,74820.0
54,1,0,0,0,0,297,0.0,0.0,0.06,0.06,0.0,255,19,0.07,0.07,0.0,0.0,0.0,1.0,1,46395.0
10,1,0,0,0,0,250,0.0,0.0,0.02,0.07,0.0,255,5,0.02,0.08,0.0,0.0,0.0,1.0,1,27539.0
12,5,0,0,0,0,110,1.0,1.0,0.08,0.06,0.0,255,9,0.04,0.07,0.0,1.0,1.0,0.0,1,20546.0
45,5,0,0,0,0,85,1.0,1.0,0.22,0.06,0.0,255,2,0.01,0.06,0.0,1.0,1.0,0.0,1,31148.0
13,9,8,0,0,0,1,0.0,0.0,1.0,0.0,1.0,2,38,1.0,0.0,0.5,0.0,0.0,0.0,1,64625.0
11,9,46,46,0,0,4,0.0,0.0,0.25,0.5,0.5,64,61,0.95,0.03,0.0,0.0,0.0,0.0,0,50941.0
45,5,0,0,0,0,222,1.0,1.0,0.02,0.06,0.0,255,7,0.03,0.07,0.0,1.0,1.0,0.0,1,42644.0
49,9,868,333,0,1,1,0.0,0.0,1.0,0.0,1.0,130,61,0.47,0.02,0.0,0.0,0.0,0.0,0,67260.0
19,5,0,0,0,0,75,1.0,1.0,0.25,0.05,0.0,155,57,0.25,0.03,0.04,1.0,0.68,0.0,1,27776.0
54,5,0,0,0,0,261,1.0,1.0,0.07,0.05,0.0,255,18,0.07,0.05,0.0,1.0,1.0,0.0,1,33222.0
22,9,293,1293,0,1,24,0.0,0.0,1.0,0.0,0.08,135,255,1.0,0.0,0.05,0.0,0.0,0.0,0,8365.0
18,9,848,2586,0,1,1,0.0,0.0,1.0,0.0,0.0,255,37,0.15,0.02,0.0,0.0,0.0,0.0,0,5689.0
22,9,242,1989,0,1,15,0.0,0.0,1.0,0.0,0.08,255,255,1.0,0.0,0.0,0.0,0.0,0.0,0,39133.0
45,5,0,0,0,0,124,1.0,1.0,0.12,0.06,0.0,255,19,0.07,0.07,0.0,1.0,1.0,0.0,1,65318.0
11,9,44,125,0,0,76,0.0,0.0,1.0,0.0,0.01,255,246,0.96,0.01,0.0,0.0,0.0,0.0,0,94979.0
45,5,0,0,0,0,280,1.0,1.0,0.05,0.06,0.0,255,14,0.05,0.08,0.0,1.0,1.0,0.0,1,21918.0
45,5,0,0,0,0,288,1.0,1.0,0.07,0.06,0.0,255,19,0.07,0.05,0.0,1.0,1.0,0.0,1,13166.0
30,5,0,0,0,0,217,1.0,1.0,0.08,0.05,0.0,255,17,0.07,0.06,0.0,1.0,1.0,0.0,1,67455.0
57,2,0,0,0,0,256,0.0,0.0,0.02,0.06,0.0,255,4,0.02,0.07,0.0,0.0,0.0,1.0,1,7490.0
49,9,950,479,0,1,1,0.0,0.0,1.0,0.0,0.0,255,37,0.15,0.02,0.0,0.0,0.0,0.0,0,13295.0
14,9,1032,0,0,0,511,0.0,0.0,1.0,0.0,0.0,255,123,0.48,0.01,0.0,0.0,0.0,0.0,1,47608.0
25,5,0,0,0,0,284,1.0,1.0,0.07,0.05,0.0,255,20,0.08,0.07,0.0,1.0,1.0,0.0,1,69797.0
19,9,36530,0,0,1,1,0.0,0.0,1.0,0.0,0.0,255,69,0.27,0.02,0.0,0.93,0.87,0.0,0,34108.0
19,5,0,0,0,0,47,0.98,1.0,0.21,0.11,0.0,255,31,0.12,0.05,0.0,1.0,1.0,0.0,1,112813.0
45,1,0,0,0,0,192,0.07,0.0,0.01,0.99,0.0,255,1,0.0,0.76,0.0,0.05,0.0,1.0,1,105749.0
11,9,30,30,0,0,4,0.0,0.0,1.0,0.0,0.3,255,249,0.98,0.01,0.0,0.0,0.0,0.0,0,125827.0
16,5,0,0,0,0,132,1.0,1.0,0.03,0.07,0.0,255,4,0.02,0.07,0.0,1.0,1.0,0.0,1,29915.0
22,9,306,6015,0,1,1,0.0,0.0,1.0,0.0,0.67,10,255,1.0,0.0,0.03,0.0,0.0,0.0,0,8116.0
40,9,48,48,0,0,1,0.0,0.0,1.0,0.0,0.0,255,8,0.03,0.01,0.0,0.0,0.0,0.0,0,65695.0
8,2,0,0,0,0,248,0.0,0.0,0.08,0.06,0.0,255,20,0.08,0.08,0.0,0.0,0.0,1.0,1,49197.0
45,1,0,0,0,0,244,0.1,0.0,0.0,1.0,0.0,255,1,0.0,0.99,0.0,0.1,0.0,1.0,1,125382.0
50,5,0,0,0,0,104,1.0,1.0,0.04,0.07,0.0,255,18,0.07,0.07,0.0,1.0,1.0,0.0,1,292.0
45,9,1,0,0,0,53,0.0,0.0,0.13,0.09,0.0,255,7,0.03,0.24,0.0,0.02,0.0,0.0,1,42220.0
49,9,1012,376,0,1,1,0.0,0.0,1.0,0.0,0.0,204,170,0.65,0.06,0.01,0.0,0.0,0.0,0,100336.0
22,9,323,310,0,1,15,0.0,0.0,1.0,0.0,0.07,255,255,1.0,0.0,0.0,0.0,0.0,0.0,0,107687.0
49,9,1434,430,0,1,1,0.0,0.0,1.0,0.0,1.0,17,178,0.94,0.12,0.01,0.06,0.0,0.0,0,87001.0
22,9,206,2769,0,1,14,0.0,0.0,1.0,0.0,0.12,255,255,1.0,0.0,0.0,0.0,0.0,0.0,0,64362.0
22,9,289,468,0,1,3,0.0,0.0,1.0,0.0,0.5,99,255,1.0,0.0,0.02,0.01,0.01,0.01,0,46363.0
22,9,349,1911,0,1,13,0.0,0.0,1.0,0.0,0.2,99,255,1.0,0.0,0.01,0.0,0.0,0.0,0,114989.0
18,9,332,1063,0,1,1,0.0,0.0,1.0,0.0,0.0,105,14,0.12,0.68,0.14,0.0,0.0,0.14,0,52055.0
11,9,45,138,0,0,68,0.0,0.0,1.0,0.0,0.01,255,254,1.0,0.01,0.0,0.0,0.0,0.0,0,83655.0
5,5,0,0,0,0,139,1.0,1.0,0.06,0.06,0.0,255,19,0.07,0.06,0.0,1.0,1.0,0.0,1,72909.0
22,1,0,0,0,0,1,0.0,0.0,1.0,0.0,0.0,1,255,1.0,0.0,0.03,0.0,0.0,0.01,0,62616.0
19,9,245,0,0,0,2,0.0,0.0,1.0,0.0,0.0,66,21,0.03,0.08,0.1,0.0,0.0,0.0,0,71764.0
11,9,44,72,0,0,140,0.0,0.0,1.0,0.0,0.0,255,254,1.0,0.01,0.0,0.0,0.0,0.0,0,67963.0
45,1,0,0,0,0,171,0.0,0.0,0.08,0.07,0.0,255,14,0.05,0.07,0.0,0.0,0.0,1.0,1,28892.0
49,9,1232,335,0,1,1,0.0,0.0,1.0,0.0,0.0,215,160,0.63,0.02,0.01,0.0,0.0,0.0,0,100476.0
49,9,941,283,0,1,1,0.0,0.0,1.0,0.0,0.0,100,114,0.74,0.07,0.02,0.01,0.01,0.0,0,62520.0
45,5,0,0,0,0,203,1.0,1.0,0.08,0.06,0.0,255,18,0.07,0.07,0.0,1.0,1.0,0.0,1,76835.0
22,9,240,9518,0,1,4,0.0,0.0,1.0,0.0,0.18,5,255,1.0,0.0,0.02,0.0,0.0,0.0,0,40679.0
45,9,105,147,0,0,1,0.0,0.0,1.0,0.0,0.0,152,150,0.99,0.01,0.0,0.0,0.0,0.0,0,65107.0
13,9,8,0,0,0,1,0.0,0.0,1.0,0.0,1.0,2,255,1.0,0.0,0.5,0.0,0.0,0.0,1,107991.0
22,9,204,405,0,1,1,0.0,0.0,1.0,0.0,0.13,4,255,1.0,0.0,0.06,0.0,0.0,0.0,0,101021.0
37,1,0,0,0,0,244,0.0,0.0,0.08,0.07,0.0,255,19,0.07,0.07,0.0,0.0,0.0,1.0,1,104024.0
45,4,0,0,0,0,329,0.0,0.0,0.01,0.52,0.0,255,2,0.01,0.52,0.0,0.0,0.0,1.0,1,82149.0
45,5,0,0,0,0,102,1.0,1.0,0.07,0.06,0.0,255,15,0.06,0.06,0.0,1.0,1.0,0.0,1,7183.0
22,9,195,2063,0,1,3,0.0,0.2,1.0,0.0,0.4,56,255,1.0,0.0,0.04,0.0,0.0,0.02,0,93643.0
22,1,0,0,0,0,1,0.0,0.0,1.0,0.0,1.0,2,255,1.0,0.0,0.13,0.0,0.0,0.8,0,102718.0
22,9,350,370,0,1,5,0.0,0.0,1.0,0.0,0.2,255,255,1.0,0.0,0.0,0.0,0.0,0.0,0,116988.0
45,5,0,0,0,0,273,1.0,1.0,0.07,0.07,0.0,255,20,0.08,0.08,0.0,1.0,1.0,0.0,1,79383.0
45,1,0,0,0,0,102,0.0,0.0,0.01,0.08,0.0,226,1,0.0,0.07,0.0,0.0,0.0,1.0,1,69926.0
22,9,299,474,0,1,14,0.0,0.0,1.0,0.0,0.17,38,255,1.0,0.0,0.05,0.0,0.0,0.0,0,60171.0
22,9,210,564,0,1,10,0.0,0.0,1.0,0.0,0.0,60,255,1.0,0.0,0.02,0.0,0.0,0.0,0,31575.0
45,10,0,0,0,0,1,1.0,1.0,1.0,0.0,0.0,183,1,0.01,0.95,0.0,0.96,1.0,0.0,1,34680.0
49,9,1184,482,0,1,1,0.0,0.0,1.0,0.0,0.0,255,31,0.12,0.02,0.0,0.0,0.0,0.0,0,95066.0
11,9,42,117,0,0,74,0.0,0.0,1.0,0.0,0.01,255,254,1.0,0.01,0.0,0.0,0.0,0.0,0,119801.0
45,5,0,0,0,0,288,1.0,1.0,0.03,0.06,0.0,255,4,0.02,0.08,0.0,1.0,1.0,0.0,1,23320.0
22,9,328,301,0,1,3,0.0,0.0,1.0,0.0,0.0,25,255,1.0,0.0,0.05,0.0,0.0,0.0,0,82913.0
11,9,43,69,0,0,142,0.0,0.0,1.0,0.0,0.0,255,249,0.98,0.01,0.0,0.0,0.0,0.0,0,97069.0
22,9,240,1359,0,1,70,0.0,0.0,1.0,0.0,0.0,125,255,1.0,0.0,0.02,0.0,0.0,0.0,0,101564.0
27,5,0,0,0,0,148,1.0,1.0,0.14,0.05,0.0,255,11,0.04,0.07,0.0,1.0,1.0,0.0,1,116328.0
11,9,44,77,0,0,192,0.0,0.0,1.0,0.0,0.0,255,254,1.0,0.01,0.0,0.0,0.0,0.0,0,123218.0
45,9,105,146,0,0,2,0.0,0.0,1.0,0.0,0.0,150,134,0.89,0.02,0.0,0.0,0.0,0.0,0,5882.0
22,9,308,942,0,1,9,0.0,0.0,1.0,0.0,0.2,73,255,1.0,0.0,0.04,0.0,0.0,0.0,0,35808.0
45,4,0,0,0,0,1,0.0,0.0,1.0,0.0,0.0,220,1,0.0,0.55,0.0,0.0,0.0,1.0,1,74010.0
17,9,8,207,0,0,1,0.0,0.0,1.0,0.0,0.0,30,2,0.03,0.2,1.0,0.0,0.0,0.0,0,99842.0
45,9,1,0,0,0,124,0.0,0.0,0.84,0.03,0.0,255,154,0.6,0.05,0.0,0.0,0.0,0.0,1,53167.0
22,9,228,608,0,1,9,0.0,0.0,1.0,0.0,0.0,9,255,1.0,0.0,0.01,0.0,0.0,0.0,0,83449.0
45,1,0,0,0,0,148,0.0,0.0,0.14,0.05,0.0,223,20,0.09,0.06,0.0,0.0,0.0,1.0,1,13980.0
13,9,8,0,0,0,1,0.0,0.0,1.0,0.0,1.0,2,61,1.0,0.0,0.51,0.0,0.0,0.0,1,88101.0
22,9,320,1377,0,1,1,0.0,0.0,1.0,0.0,0.0,1,255,1.0,0.0,0.03,0.0,0.0,0.0,0,95676.0
59,9,182,0,0,0,5,0.0,0.0,0.8,0.4,0.0,255,13,0.05,0.01,0.0,0.0,0.0,0.0,0,40652.0
22,1,0,0,0,0,1,0.0,0.0,1.0,0.0,0.0,11,254,1.0,0.0,0.19,0.0,0.0,1.0,0,3083.0
45,5,0,0,0,0,82,1.0,1.0,0.12,0.09,0.0,255,10,0.04,0.08,0.0,1.0,1.0,0.0,1,97502.0
38,5,0,0,0,0,120,1.0,1.0,0.04,0.08,0.0,255,5,0.02,0.06,0.0,1.0,1.0,0.0,1,75070.0
22,9,316,751,0,1,4,0.0,0.0,1.0,0.0,0.07,18,255,1.0,0.0,0.02,0.0,0.0,0.0,0,44048.0
38,5,0,0,0,0,121,1.0,1.0,0.02,0.06,0.0,255,7,0.03,0.07,0.0,1.0,1.0,0.0,1,29790.0
22,9,214,771,0,1,14,0.0,0.0,1.0,0.0,0.0,255,255,1.0,0.0,0.0,0.0,0.0,0.0,0,27731.0
18,5,0,0,0,0,280,1.0,1.0,0.04,0.06,0.0,255,10,0.04,0.07,0.0,1.0,1.0,0.0,1,55582.0
55,5,0,0,0,0,107,1.0,1.0,0.07,0.07,0.0,255,24,0.09,0.06,0.0,1.0,1.0,0.0,1,29450.0
22,9,213,5989,0,1,2,0.0,0.0,1.0,0.0,0.67,255,255,1.0,0.0,0.0,0.0,0.0,0.0,0,26767.0
22,9,230,9568,0,1,3,0.0,0.0,1.0,0.0,0.0,243,255,1.0,0.0,0.01,0.0,0.0,0.0,0,30092.0
45,5,0,0,0,0,108,1.0,1.0,0.14,0.06,0.0,255,5,0.02,0.06,0.0,1.0,1.0,0.0,1,10894.0
11,9,33,88,0,0,2,0.0,0.0,1.0,0.0,0.75,255,241,0.95,0.01,0.0,0.0,0.0,0.0,0,61396.0
14,9,520,0,0,0,482,0.0,0.0,1.0,0.0,0.0,83,83,1.0,0.0,0.0,0.0,0.0,0.0,1,103010.0
22,9,219,2828,0,1,16,0.0,0.0,1.0,0.0,0.12,255,255,1.0,0.0,0.0,0.0,0.0,0.0,0,12964.0
11,9,44,134,0,0,278,0.0,0.0,1.0,0.0,0.0,255,253,0.99,0.01,0.0,0.0,0.0,0.0,0,125580.0
55,9,626,22509,0,1,1,0.0,0.0,1.0,0.0,0.0,255,69,0.27,0.02,0.0,0.89,0.87,0.0,0,125149.0
22,9,281,296,0,1,12,0.0,0.0,1.0,0.0,0.21,255,255,1.0,0.0,0.0,0.0,0.0,0.0,0,66021.0
45,10,0,0,0,0,1,1.0,1.0,1.0,0.0,0.0,228,1,0.0,0.96,0.0,0.96,1.0,0.0,1,120529.0
13,9,8,0,0,0,1,0.0,0.0,1.0,0.0,1.0,1,77,1.0,0.0,0.51,0.0,0.0,0.0,1,11836.0
22,9,227,1971,0,1,2,0.0,0.0,1.0,0.0,0.75,126,255,1.0,0.0,0.01,0.0,0.0,0.0,0,11404.0
22,1,0,0,0,0,1,0.0,0.0,1.0,0.0,0.0,42,123,1.0,0.0,0.04,0.0,0.0,0.66,0,14461.0
11,9,45,115,0,0,1,0.0,0.0,1.0,0.0,0.0,20,13,0.65,0.15,0.0,0.0,0.0,0.0,0,73409.0
45,1,0,0,0,0,123,0.0,0.0,0.11,0.06,0.0,255,14,0.05,0.08,0.0,0.0,0.0,1.0,1,98442.0
22,9,219,8379,0,1,4,0.25,0.25,1.0,0.0,0.0,255,255,1.0,0.0,0.0,0.0,0.0,0.0,0,51301.0
45,5,0,0,0,0,175,1.0,1.0,0.06,0.07,0.0,255,20,0.08,0.07,0.0,1.0,1.0,0.0,1,26418.0
22,9,321,1161,0,1,23,0.0,0.0,1.0,0.0,0.09,23,255,1.0,0.0,0.02,0.0,0.0,0.0,0,64183.0
19,9,259,0,0,0,2,0.0,0.0,1.0,0.0,0.0,255,110,0.43,0.02,0.0,0.0,0.0,0.0,0,60695.0
13,9,8,0,0,0,1,0.0,0.0,1.0,0.0,1.0,3,107,1.0,0.0,0.25,0.0,0.0,0.0,1,56242.0
13,9,8,0,0,0,1,0.0,0.0,1.0,0.0,1.0,3,119,1.0,0.0,0.25,0.0,0.0,0.0,1,99999.0
19,9,11,0,0,1,2,0.0,0.0,1.0,0.0,0.0,37,58,0.38,0.14,0.03,0.0,0.0,0.0,0,94912.0
45,9,105,0,0,0,2,0.0,0.0,1.0,0.0,0.0,255,116,0.45,0.01,0.0,0.0,0.0,0.0,0,76342.0
22,9,347,696,0,1,10,0.0,0.0,1.0,0.0,0.18,250,255,1.0,0.0,0.01,0.0,0.0,0.0,0,101600.0
19,9,334,0,0,1,2,0.0,0.0,1.0,0.0,0.0,10,10,1.0,0.0,0.0,0.0,0.0,0.0,1,90208.0
22,9,235,1694,0,1,2,0.0,0.14,1.0,0.0,0.43,182,255,1.0,0.0,0.02,0.01,0.01,0.0,0,23052.0
11,9,43,73,0,0,120,0.0,0.0,1.0,0.0,0.0,255,255,1.0,0.0,0.0,0.0,0.0,0.0,0,74326.0
41,4,1,0,0,0,2,0.0,0.0,1.0,0.0,0.0,255,2,0.01,0.68,0.0,0.0,0.0,1.0,1,33927.0
45,5,0,0,0,0,144,1.0,1.0,0.11,0.06,0.0,91,16,0.18,0.09,0.0,1.0,1.0,0.0,1,85846.0
49,9,1357,406,0,1,1,0.0,0.0,1.0,0.0,0.0,9,158,0.89,0.22,0.02,0.0,0.0,0.0,0,2619.0
22,9,342,269,0,1,19,0.0,0.0,1.0,0.0,0.0,255,255,1.0,0.0,0.0,0.0,0.0,0.0,0,2322.0
13,9,8,0,0,0,1,0.0,0.0,1.0,0.0,1.0,2,43,1.0,0.0,0.51,0.0,0.0,0.0,1,51675.0
13,9,30,0,0,0,2,0.0,0.0,1.0,0.0,0.0,193,193,1.0,0.0,0.0,0.0,0.0,0.0,0,54834.0
9,5,0,0,0,0,126,1.0,1.0,0.14,0.06,0.0,255,12,0.05,0.06,0.0,1.0,1.0,0.0,1,11491.0
22,9,206,671,0,1,6,0.0,0.0,1.0,0.0,0.29,255,255,1.0,0.0,0.0,0.0,0.0,0.0,0,104599.0
49,9,1451,323,0,1,1,0.0,0.0,1.0,0.0,1.0,212,191,0.72,0.02,0.01,0.0,0.0,0.0,0,38086.0
32,5,0,0,0,0,271,1.0,1.0,0.02,0.06,0.0,255,6,0.02,0.09,0.0,1.0,1.0,0.0,1,7579.0
22,9,328,405,0,1,5,0.0,0.0,1.0,0.0,0.0,255,255,1.0,0.0,0.0,0.0,0.0,0.0,0,10101.0
60,5,0,0,0,0,130,1.0,1.0,0.15,0.05,0.0,255,19,0.07,0.06,0.0,1.0,1.0,0.0,1,36393.0
14,9,520,0,0,0,271,0.0,0.0,1.0,0.0,0.0,255,255,1.0,0.0,0.0,0.0,0.0,0.0,1,118616.0
14,9,1032,0,0,0,511,0.0,0.0,1.0,0.0,0.0,255,242,0.95,0.01,0.0,0.0,0.0,0.0,1,91687.0
22,9,276,4719,0,1,19,0.0,0.0,1.0,0.0,0.0,66,255,1.0,0.0,0.02,0.0,0.0,0.0,0,103268.0
54,5,0,0,0,0,261,1.0,1.0,0.05,0.05,0.0,255,12,0.05,0.05,0.0,1.0,1.0,0.0,1,48237.0
11,9,43,73,0,0,162,0.0,0.0,1.0,0.0,0.0,255,255,1.0,0.0,0.0,0.0,0.0,0.0,0,30084.0
22,9,231,17235,0,1,47,0.0,0.0,1.0,0.0,0.04,62,255,1.0,0.0,0.03,0.0,0.0,0.0,0,69239.0
37,5,0,0,0,0,234,1.0,1.0,0.09,0.04,0.0,255,20,0.08,0.05,0.0,1.0,1.0,0.0,1,70871.0
49,2,0,0,0,0,201,0.0,0.0,0.0,0.06,0.0,255,1,0.0,0.09,0.0,0.0,0.0,1.0,1,121257.0
45,5,0,0,0,0,54,1.0,1.0,0.04,0.09,0.0,255,14,0.05,0.07,0.0,1.0,1.0,0.0,1,72052.0
22,9,318,1885,0,1,13,0.0,0.0,1.0,0.0,0.0,255,255,1.0,0.0,0.0,0.0,0.0,0.0,0,7703.0
45,5,0,0,0,0,267,1.0,1.0,0.04,0.06,0.0,255,9,0.04,0.08,0.0,1.0,1.0,0.0,1,16711.0
22,9,248,21006,0,1,1,0.0,0.0,1.0,0.0,1.0,255,255,1.0,0.0,0.0,0.0,0.0,0.0,0,99858.0
22,9,309,2698,0,1,2,0.0,0.0,1.0,0.0,0.0,255,228,0.89,0.01,0.0,0.0,0.0,0.0,0,10380.0
11,9,44,44,0,0,84,0.0,0.0,1.0,0.0,0.01,255,246,0.96,0.01,0.0,0.0,0.0,0.0,0,2027.0
43,9,35,130,0,1,1,0.0,0.0,1.0,0.0,0.0,138,7,0.02,0.04,0.29,0.0,0.0,0.0,0,34639.0
45,9,215,0,0,0,1,0.0,0.0,1.0,0.0,0.0,141,117,0.83,0.01,0.0,0.0,0.0,0.0,1,74408.0
49,9,776,329,0,1,1,0.0,0.0,1.0,0.0,0.0,58,130,0.24,0.07,0.02,0.0,0.0,0.0,0,49679.0
22,9,239,354,0,1,13,0.08,0.08,1.0,0.0,0.0,255,255,1.0,0.0,0.0,0.0,0.0,0.0,0,111010.0
29,5,0,0,0,0,118,1.0,1.0,0.08,0.07,0.0,255,2,0.01,0.07,0.0,1.0,1.0,0.0,1,104853.0
11,9,45,137,0,0,98,0.0,0.0,0.99,0.02,0.01,255,254,1.0,0.01,0.0,0.0,0.0,0.0,0,6448.0
22,9,282,2469,0,1,10,0.0,0.0,1.0,0.0,0.13,255,255,1.0,0.0,0.0,0.0,0.0,0.0,0,13036.0
45,5,0,0,0,0,199,1.0,1.0,0.12,0.06,0.0,255,24,0.09,0.05,0.0,1.0,1.0,0.0,1,16240.0
22,9,338,1422,0,1,22,0.0,0.0,1.0,0.0,0.07,255,255,1.0,0.0,0.0,0.0,0.0,0.0,0,75887.0
45,5,0,0,0,0,242,1.0,1.0,0.06,0.06,0.0,255,11,0.04,0.07,0.0,1.0,1.0,0.0,1,120419.0
45,9,1,0,0,0,18,0.0,0.0,0.17,0.28,0.0,255,3,0.01,0.22,0.0,0.0,0.0,0.0,1,44446.0
22,9,246,424,0,1,13,0.0,0.0,1.0,0.0,0.0,255,255,1.0,0.0,0.0,0.0,0.0,0.0,0,41319.0
45,5,0,0,0,0,178,1.0,1.0,0.14,0.06,0.0,255,25,0.1,0.06,0.0,1.0,1.0,0.0,1,40705.0
45,1,0,0,0,0,397,0.06,0.0,0.0,1.0,0.0,255,1,0.0,1.0,0.0,0.09,0.0,1.0,1,20092.0
22,9,207,2302,0,1,15,0.0,0.0,1.0,0.0,0.11,15,255,1.0,0.0,0.01,0.0,0.0,0.0,0,74549.0
22,9,314,2971,0,1,26,0.0,0.0,1.0,0.0,0.0,255,255,1.0,0.0,0.0,0.0,0.0,0.0,0,104789.0
41,4,1,0,0,0,2,0.0,0.0,1.0,0.0,0.0,255,2,0.01,0.73,0.0,0.0,0.0,1.0,1,6947.0
14,9,30,0,0,0,2,0.0,0.0,1.0,0.0,0.0,234,234,1.0,0.0,0.0,0.0,0.0,0.0,0,29934.0
22,1,0,0,0,0,1,0.0,0.0,1.0,0.0,0.0,2,39,1.0,0.0,0.33,0.0,0.0,1.0,0,39837.0
13,9,8,0,0,0,1,0.0,0.0,1.0,0.0,1.0,4,61,1.0,0.0,0.26,0.0,0.0,0.0,1,24582.0
22,9,253,976,0,1,8,0.0,0.0,1.0,0.0,0.22,255,255,1.0,0.0,0.0,0.0,0.0,0.0,0,113928.0
22,9,168,2944,0,1,1,0.0,0.0,1.0,0.0,0.0,98,255,1.0,0.0,0.05,0.0,0.0,0.0,0,6617.0
45,5,0,0,0,0,222,1.0,1.0,0.0,0.06,0.0,255,5,0.02,0.08,0.0,1.0,1.0,0.0,1,42469.0
22,1,0,0,0,0,1,0.0,0.0,1.0,0.0,1.0,33,105,1.0,0.0,0.04,0.0,0.01,0.99,0,93312.0
18,9,888,2586,0,1,1,0.0,0.0,1.0,0.0,0.0,68,28,0.41,0.07,0.0,0.0,0.0,0.0,0,97503.0
45,5,0,0,0,0,149,1.0,1.0,0.05,0.06,0.0,169,7,0.04,0.09,0.0,1.0,1.0,0.0,1,34630.0
19,9,12165,0,0,1,2,0.0,0.0,1.0,0.0,0.67,52,8,0.15,0.08,0.0,0.0,0.0,0.0,0,68200.0
11,9,45,81,0,0,170,0.0,0.0,1.0,0.0,0.01,255,231,0.91,0.01,0.0,0.0,0.0,0.0,0,24798.0
45,4,1,0,0,0,2,0.0,0.0,1.0,0.0,0.0,255,2,0.01,0.5,0.0,0.0,0.0,1.0,1,4620.0
49,9,1414,329,0,1,1,0.0,0.0,1.0,0.0,1.0,12,159,0.92,0.17,0.01,0.0,0.0,0.0,0,100597.0
49,9,2736,392,0,1,1,0.0,0.0,1.0,0.0,0.0,28,194,0.79,0.07,0.02,0.0,0.02,0.0,0,10365.0
19,9,1010,0,0,1,2,0.0,0.0,1.0,0.0,0.0,6,116,0.67,0.5,0.02,0.0,0.01,0.0,0,76817.0
13,9,8,0,0,0,1,0.0,0.0,1.0,0.0,1.0,1,58,1.0,0.0,0.52,0.0,0.0,0.0,1,125346.0
60,5,0,0,0,0,134,1.0,1.0,0.16,0.04,0.0,255,21,0.08,0.04,0.0,1.0,1.0,0.0,1,41170.0
22,9,361,250,0,1,6,0.0,0.0,1.0,0.0,0.0,8,255,1.0,0.0,0.03,0.0,0.0,0.0,0,77209.0
11,9,43,43,0,0,2,0.0,0.0,1.0,0.0,0.67,255,255,1.0,0.0,0.0,0.0,0.0,0.0,0,57960.0
22,6,290,14600,0,1,1,1.0,1.0,1.0,0.0,0.0,255,255,1.0,0.0,0.0,0.0,0.0,0.0,0,69515.0
13,9,30,0,0,0,2,0.0,0.0,1.0,0.0,0.0,229,229,1.0,0.0,0.0,0.0,0.0,0.0,0,124728.0
13,9,30,0,0,0,7,0.0,0.0,0.14,0.29,0.0,255,4,0.02,0.01,0.0,0.0,0.0,0.0,0,41193.0
18,2,0,96,0,0,1,0.0,0.0,1.0,0.0,0.0,2,1,0.5,1.0,0.0,0.0,0.0,1.0,1,70225.0
20,5,0,0,0,0,210,1.0,1.0,0.09,0.07,0.0,255,19,0.07,0.06,0.0,1.0,1.0,0.0,1,99366.0
23,5,0,0,0,0,240,1.0,1.0,0.09,0.05,0.0,255,21,0.08,0.06,0.0,1.0,1.0,0.0,1,75355.0
6,5,0,0,0,0,266,1.0,1.0,0.06,0.06,0.0,255,20,0.08,0.07,0.0,1.0,1.0,0.0,1,88463.0
45,5,0,0,0,0,285,1.0,1.0,0.04,0.06,0.0,255,12,0.05,0.08,0.0,1.0,1.0,0.0,1,48230.0
16,2,0,0,0,0,119,0.0,0.0,0.04,0.07,0.0,255,5,0.02,0.06,0.0,0.0,0.0,1.0,1,77941.0
22,9,216,4368,0,1,15,0.0,0.0,1.0,0.0,0.12,19,255,1.0,0.0,0.08,0.0,0.0,0.0,0,122689.0
11,9,43,43,0,0,179,0.0,0.0,1.0,0.0,0.0,255,255,1.0,0.0,0.0,0.0,0.0,0.0,0,114737.0
10,1,0,0,0,0,277,0.0,0.0,0.04,0.06,0.0,255,10,0.04,0.07,0.0,0.0,0.0,1.0,1,80650.0
9,5,0,0,0,0,9,1.0,1.0,0.22,0.67,0.0,255,10,0.04,0.09,0.0,1.0,1.0,0.0,1,83288.0
45,1,0,0,0,0,118,0.0,0.0,0.03,0.07,0.0,255,4,0.02,0.09,0.0,0.0,0.0,1.0,1,116131.0
59,9,78,0,0,0,15,0.0,0.0,0.2,0.13,0.0,255,13,0.05,0.01,0.0,0.0,0.0,0.0,0,111755.0
22,9,304,2507,0,1,5,0.0,0.0,1.0,0.0,0.0,255,245,0.96,0.01,0.0,0.0,0.0,0.0,0,13789.0
27,5,0,0,0,0,7,1.0,1.0,1.0,0.0,0.0,255,7,0.03,0.07,0.0,1.0,1.0,0.0,1,39610.0
6,5,0,0,0,0,223,1.0,1.0,0.08,0.07,0.0,255,18,0.07,0.08,0.0,1.0,1.0,0.0,1,88351.0
45,1,0,0,0,0,100,0.0,0.0,0.01,0.07,0.0,1,1,1.0,0.0,0.0,0.0,0.0,1.0,1,26165.0
22,9,54540,8314,0,1,1,0.0,0.0,1.0,0.0,0.0,186,186,1.0,0.0,0.0,0.0,0.0,0.01,1,47531.0
26,5,0,0,0,0,233,1.0,1.0,0.06,0.06,0.0,255,14,0.05,0.06,0.0,1.0,1.0,0.0,1,118222.0
45,5,0,0,0,0,284,1.0,1.0,0.05,0.05,0.0,255,15,0.06,0.05,0.0,1.0,1.0,0.0,1,22179.0
11,9,111,39,0,0,1,0.0,0.0,1.0,0.0,0.0,15,15,1.0,0.0,0.0,0.0,0.0,0.0,0,86253.0
28,5,0,0,0,0,130,1.0,1.0,0.15,0.05,0.0,255,20,0.08,0.05,0.0,1.0,1.0,0.0,1,116113.0
45,5,0,0,0,0,114,1.0,1.0,0.15,0.05,0.0,255,17,0.07,0.07,0.0,1.0,1.0,0.0,1,114186.0
11,9,45,141,0,0,323,0.0,0.0,1.0,0.0,0.0,255,251,0.98,0.01,0.0,0.0,0.0,0.0,0,14654.0
41,9,147,0,0,0,5,0.0,0.0,0.2,0.6,0.0,255,1,0.0,0.71,0.0,0.0,0.0,0.0,0,100871.0
45,5,0,0,0,0,118,1.0,1.0,0.04,0.07,0.0,255,16,0.06,0.07,0.0,1.0,1.0,0.0,1,39893.0
22,9,288,337,0,1,24,0.0,0.0,1.0,0.0,0.0,23,255,1.0,0.0,0.05,0.0,0.0,0.03,0,21681.0
22,9,184,3763,0,1,12,0.0,0.0,1.0,0.0,0.12,41,255,1.0,0.0,0.02,0.0,0.0,0.0,0,48203.0
15,5,0,0,0,0,143,1.0,1.0,0.03,0.06,0.0,255,5,0.02,0.06,0.0,1.0,1.0,0.0,1,108419.0
22,9,341,390,0,1,5,0.0,0.0,1.0,0.0,0.0,255,255,1.0,0.0,0.0,0.0,0.0,0.0,0,55243.0
22,9,227,355,0,1,2,0.0,0.0,1.0,0.0,0.0,2,255,1.0,0.0,0.04,0.0,0.0,0.0,0,47008.0
32,5,0,0,0,0,230,1.0,1.0,0.01,0.06,0.0,255,13,0.05,0.09,0.0,1.0,1.0,0.0,1,17432.0
13,9,8,0,0,0,1,0.0,0.0,1.0,0.0,1.0,1,113,1.0,0.0,0.5,0.0,0.0,0.0,1,17815.0
13,9,8,0,0,0,1,0.0,0.0,1.0,0.0,1.0,2,44,1.0,0.0,0.5,0.0,0.0,0.0,1,110683.0
22,9,236,1872,0,1,1,0.0,0.0,1.0,0.0,0.0,171,255,1.0,0.0,0.02,0.0,0.0,0.0,0,72634.0
14,9,520,0,0,0,399,0.0,0.0,1.0,0.0,0.0,255,255,1.0,0.0,0.0,0.0,0.0,0.0,1,17738.0
19,9,7162,0,0,1,6,0.0,0.0,1.0,0.0,0.0,12,99,1.0,0.0,0.02,0.0,0.0,0.0,0,74809.0
22,9,220,2467,0,1,14,0.0,0.0,1.0,0.0,0.0,47,255,1.0,0.0,0.01,0.0,0.0,0.0,0,48037.0
45,1,0,0,0,0,191,0.0,0.0,0.01,0.07,0.0,255,1,0.0,0.08,0.0,0.0,0.0,1.0,1,58571.0
45,5,0,0,0,0,179,1.0,1.0,0.05,0.07,0.0,255,20,0.08,0.07,0.0,1.0,1.0,0.0,1,93462.0
22,9,226,3480,0,1,2,0.0,0.0,1.0,0.0,0.18,255,255,1.0,0.0,0.0,0.0,0.0,0.0,0,50785.0
22,9,348,255,0,1,32,0.0,0.0,1.0,0.0,0.0,255,255,1.0,0.0,0.0,0.0,0.0,0.0,0,84193.0
19,1,0,0,0,0,223,0.0,0.0,0.06,0.07,0.0,255,13,0.05,0.08,0.0,0.0,0.0,1.0,1,11928.0
45,1,0,0,0,0,119,0.07,0.0,0.01,1.0,0.0,255,1,0.0,0.69,0.0,0.03,0.0,1.0,1,72459.0
11,9,44,44,0,0,132,0.0,0.0,1.0,0.0,0.0,255,181,0.71,0.01,0.0,0.0,0.0,0.0,0,78953.0
10,9,48,487,0,1,42,0.0,0.0,0.02,0.05,0.0,255,1,0.0,0.01,0.0,0.0,0.0,0.0,0,86527.0
41,9,146,105,0,0,1,0.0,0.0,1.0,0.0,0.0,255,5,0.02,0.5,0.0,0.0,0.0,0.0,0,18671.0
22,9,157,26903,0,1,1,0.0,0.0,1.0,0.0,1.0,255,255,1.0,0.0,0.0,0.0,0.0,0.0,0,93578.0
19,9,12,0,0,0,2,0.0,0.0,1.0,0.0,0.0,231,94,0.4,0.03,0.02,0.0,0.0,0.0,0,36053.0
18,9,1506,4145,0,1,2,0.0,0.0,1.0,0.0,0.0,85,16,0.19,0.07,0.0,0.0,0.0,0.0,0,103842.0
19,5,0,0,0,0,46,1.0,1.0,0.24,0.09,0.0,255,65,0.25,0.02,0.0,1.0,1.0,0.0,1,21013.0
22,9,214,620,0,1,1,0.0,0.0,1.0,0.0,0.5,2,255,1.0,0.0,0.04,0.0,0.0,0.0,0,89222.0
45,5,0,0,0,0,202,1.0,1.0,0.07,0.05,0.0,255,2,0.01,0.07,0.0,1.0,1.0,0.0,1,40047.0
11,9,42,42,0,0,14,0.0,0.0,1.0,0.0,0.11,255,240,0.94,0.01,0.0,0.0,0.0,0.0,0,67875.0
17,9,7,136,0,0,1,0.0,0.0,1.0,0.0,0.0,209,5,0.01,0.03,0.4,0.0,0.0,0.0,0,101537.0
48,5,0,0,0,0,104,1.0,1.0,0.04,0.07,0.0,255,4,0.02,0.07,0.0,1.0,1.0,0.0,1,61912.0
45,5,0,0,0,0,291,1.0,1.0,0.07,0.06,0.0,255,7,0.03,0.07,0.0,1.0,1.0,0.0,1,56319.0
22,9,360,1738,0,1,19,0.0,0.0,1.0,0.0,0.0,255,255,1.0,0.0,0.0,0.0,0.0,0.0,0,17577.0
22,9,278,24971,0,1,4,0.0,0.0,1.0,0.0,0.4,62,255,1.0,0.0,0.02,0.0,0.0,0.01,0,29081.0
22,9,203,2323,0,1,5,0.0,0.0,1.0,0.0,0.0,27,255,1.0,0.0,0.04,0.0,0.04,0.0,0,122751.0
17,5,0,0,0,0,3,0.67,1.0,0.67,0.67,0.0,255,4,0.02,0.08,0.0,1.0,1.0,0.0,1,106229.0
19,5,0,0,0,0,207,1.0,1.0,0.09,0.06,0.0,255,19,0.07,0.07,0.0,1.0,1.0,0.0,1,37828.0
22,9,268,9518,0,1,3,0.0,0.0,1.0,0.0,0.43,27,255,1.0,0.0,0.04,0.0,0.0,0.0,0,33848.0
13,9,18,0,0,0,1,0.0,0.0,1.0,0.0,0.0,4,184,1.0,0.0,0.25,0.0,0.0,0.0,1,117918.0
41,9,147,105,0,0,1,0.0,0.0,1.0,0.0,0.0,255,1,0.0,0.64,0.0,0.0,0.0,0.0,0,114684.0
22,9,225,682,0,1,20,0.0,0.0,1.0,0.0,0.0,255,255,1.0,0.0,0.0,0.0,0.0,0.02,0,39561.0
45,5,0,0,0,0,169,1.0,1.0,0.07,0.07,0.0,255,1,0.0,0.07,0.0,1.0,1.0,0.0,1,33081.0
45,5,0,0,0,0,172,1.0,1.0,0.08,0.06,0.0,255,5,0.02,0.07,0.0,1.0,1.0,0.0,1,17343.0
49,9,1599,330,0,1,1,0.0,0.0,1.0,0.0,0.0,39,131,0.69,0.13,0.02,0.0,0.02,0.0,0,5663.0
22,9,309,4200,0,1,18,0.0,0.0,1.0,0.0,0.11,18,255,1.0,0.0,0.05,0.0,0.0,0.0,0,8708.0
25,5,0,0,0,0,230,1.0,1.0,0.04,0.07,0.0,255,11,0.04,0.07,0.0,1.0,1.0,0.0,1,37198.0
45,1,0,0,0,0,2,0.0,0.0,0.5,1.0,0.0,255,1,0.0,0.54,0.0,0.04,0.0,1.0,1,33578.0
11,9,44,132,0,0,195,0.0,0.0,0.99,0.01,0.01,255,255,1.0,0.0,0.0,0.0,0.0,0.0,0,22813.0
41,4,1,0,0,0,2,0.0,0.0,1.0,0.0,0.0,255,2,0.01,0.68,0.0,0.0,0.0,1.0,1,87290.0
11,9,42,42,0,0,140,0.0,0.0,1.0,0.0,0.02,255,193,0.76,0.01,0.0,0.0,0.0,0.0,0,2634.0
45,5,0,0,0,0,6,1.0,1.0,0.17,0.83,0.0,255,1,0.0,0.1,0.0,1.0,1.0,0.0,1,29243.0
45,5,0,0,0,0,160,1.0,1.0,0.01,0.07,0.0,255,13,0.05,0.07,0.0,1.0,1.0,0.0,1,98756.0
22,9,273,406,0,1,3,0.0,0.0,1.0,0.0,0.0,3,255,1.0,0.0,0.08,0.0,0.0,0.0,0,88627.0
45,2,0,0,0,0,142,0.0,0.0,0.13,0.06,0.0,255,18,0.07,0.07,0.0,0.0,0.0,1.0,1,49110.0
22,9,231,2304,0,1,13,0.0,0.0,1.0,0.0,0.0,255,255,1.0,0.0,0.0,0.0,0.0,0.0,0,588.0
13,9,18,0,0,0,1,0.0,0.0,1.0,0.0,0.0,2,42,1.0,0.0,0.26,0.0,0.0,0.0,1,105732.0
4,5,0,0,0,0,142,1.0,1.0,0.14,0.06,0.0,255,19,0.07,0.07,0.0,1.0,1.0,0.0,1,63657.0
49,9,1293,327,0,1,4,0.0,0.0,0.5,0.5,0.75,80,61,0.76,0.08,0.0,0.0,0.0,0.0,0,83910.0
22,9,314,3508,0,1,2,0.0,0.0,1.0,0.0,0.0,68,255,1.0,0.0,0.06,0.0,0.0,0.0,0,107378.0
49,9,920,330,0,1,1,0.0,0.0,1.0,0.0,1.0,90,134,0.53,0.07,0.01,0.0,0.0,0.0,0,125329.0
22,9,255,6734,0,1,23,0.0,0.0,1.0,0.0,0.0,39,255,1.0,0.0,0.04,0.0,0.0,0.0,0,15464.0
22,9,198,1533,0,1,4,0.0,0.0,1.0,0.0,0.33,4,255,1.0,0.0,0.01,0.0,0.0,0.0,0,42490.0
22,9,205,1226,0,1,10,0.0,0.0,1.0,0.0,0.0,166,255,1.0,0.0,0.02,0.0,0.0,0.0,0,2980.0
22,9,293,306,0,1,16,0.0,0.0,1.0,0.0,0.19,255,255,1.0,0.0,0.0,0.0,0.0,0.0,0,73592.0
55,5,0,0,0,0,56,1.0,1.0,0.29,0.07,0.0,255,75,0.29,0.02,0.0,1.0,1.0,0.0,1,39028.0
19,9,192,0,0,0,2,0.0,0.0,1.0,0.0,0.0,101,65,0.26,0.05,0.03,0.0,0.0,0.0,0,64344.0
11,9,44,44,0,0,88,0.0,0.0,1.0,0.0,0.01,255,255,1.0,0.0,0.0,0.0,0.0,0.0,0,99303.0
22,9,231,609,0,1,37,0.0,0.0,1.0,0.0,0.0,255,255,1.0,0.0,0.0,0.0,0.0,0.0,0,58680.0
22,9,229,1032,0,1,11,0.0,0.0,1.0,0.0,0.0,32,255,1.0,0.0,0.07,0.0,0.0,0.0,0,67826.0
34,5,0,0,0,0,238,1.0,1.0,0.01,0.07,0.0,255,2,0.01,0.07,0.0,1.0,1.0,0.0,1,18545.0
11,9,46,134,0,0,68,0.0,0.0,1.0,0.0,0.01,255,195,0.76,0.02,0.0,0.0,0.0,0.0,0,79303.0
22,9,295,17703,0,1,1,0.0,0.0,1.0,0.0,0.0,58,255,1.0,0.0,0.04,0.0,0.0,0.0,0,63173.0
15,5,0,0,0,0,144,1.0,1.0,0.1,0.06,0.0,255,7,0.03,0.07,0.0,1.0,1.0,0.0,1,105300.0
45,5,0,0,0,0,171,1.0,1.0,0.03,0.06,0.0,255,13,0.05,0.07,0.0,1.0,1.0,0.0,1,123355.0
22,9,284,681,0,1,5,0.0,0.0,1.0,0.0,0.33,13,255,1.0,0.0,0.01,0.0,0.01,0.0,0,15746.0
22,9,305,1286,0,1,3,0.0,0.0,1.0,0.0,0.0,44,255,1.0,0.0,0.04,0.0,0.01,0.0,0,105404.0
53,5,0,0,0,0,114,1.0,1.0,0.04,0.06,0.0,255,2,0.01,0.08,0.0,1.0,1.0,0.0,1,108487.0
22,9,219,2420,0,1,3,0.0,0.0,1.0,0.0,0.0,92,255,1.0,0.0,0.07,0.0,0.0,0.0,0,30419.0
14,9,1480,0,1,0,13,0.0,0.0,1.0,0.0,0.0,255,15,0.06,0.02,0.0,0.0,0.0,0.0,1,115783.0
57,5,0,0,0,0,253,1.0,1.0,0.01,0.07,0.0,255,3,0.01,0.07,0.0,1.0,1.0,0.0,1,55490.0
22,9,309,398,0,1,5,0.0,0.0,1.0,0.0,0.12,255,255,1.0,0.0,0.0,0.0,0.0,0.0,0,122422.0
8,5,0,0,0,0,197,1.0,1.0,0.02,0.07,0.0,255,3,0.01,0.07,0.0,1.0,1.0,0.0,1,121497.0
45,5,0,0,0,0,120,1.0,1.0,0.03,0.07,0.0,54,18,0.33,0.13,0.0,1.0,1.0,0.0,1,120231.0
49,9,0,85,0,1,1,0.0,0.0,1.0,0.0,0.0,6,66,0.17,1.0,0.03,0.0,0.0,0.0,1,39820.0
13,9,18,0,0,0,1,0.0,0.0,1.0,0.0,0.0,1,67,1.0,0.0,1.0,0.0,0.0,0.0,1,26009.0
45,5,0,0,0,0,104,1.0,1.0,0.05,0.08,0.0,255,5,0.02,0.06,0.0,1.0,1.0,0.0,1,124058.0
17,5,0,0,0,0,46,1.0,1.0,0.26,0.09,0.0,255,21,0.08,0.06,0.0,1.0,1.0,0.0,1,35361.0
45,9,1,0,0,0,28,0.0,0.0,0.43,0.11,0.0,255,12,0.05,0.27,0.0,0.0,0.0,0.0,1,26242.0
22,6,201,10220,0,1,3,0.33,0.33,1.0,0.0,0.0,3,255,1.0,0.0,0.05,0.33,0.0,0.0,0,46583.0
22,9,318,1748,0,1,7,0.0,0.0,1.0,0.0,0.25,8,99,1.0,0.0,0.12,0.0,0.0,0.0,0,10554.0
45,5,0,0,0,0,208,1.0,1.0,0.04,0.06,0.0,255,18,0.07,0.06,0.0,1.0,1.0,0.0,1,39012.0
13,9,18,0,0,0,1,0.0,0.0,1.0,0.0,0.0,1,173,1.0,0.0,0.25,0.0,0.0,0.0,1,45795.0
34,5,0,0,0,0,191,1.0,1.0,0.07,0.06,0.0,255,13,0.05,0.07,0.0,1.0,1.0,0.0,1,106259.0
22,1,0,0,0,0,1,0.0,0.0,1.0,0.0,0.0,2,255,1.0,0.0,0.06,0.0,0.0,0.84,0,102259.0
41,9,516,4,0,0,187,0.0,0.0,1.0,0.0,0.0,187,187,1.0,0.0,0.0,0.0,0.0,0.0,0,98340.0
22,9,323,667,0,1,1,0.0,0.0,1.0,0.0,0.11,255,255,1.0,0.0,0.0,0.0,0.0,0.0,0,81550.0
45,5,0,0,0,0,300,1.0,1.0,0.02,0.06,0.0,255,4,0.02,0.08,0.0,1.0,1.0,0.0,1,51005.0
22,9,210,1531,0,1,7,0.0,0.0,1.0,0.0,0.0,7,255,1.0,0.0,0.04,0.0,0.0,0.0,0,121222.0
22,9,141,40380,0,1,1,0.0,0.0,1.0,0.0,0.5,255,255,1.0,0.0,0.0,0.0,0.0,0.0,0,14505.0
45,5,0,0,0,0,112,1.0,1.0,0.13,0.04,0.0,255,15,0.06,0.05,0.0,1.0,1.0,0.0,1,1257.0
22,9,239,285,0,1,29,0.0,0.0,1.0,0.0,0.0,29,255,1.0,0.0,0.02,0.0,0.0,0.0,0,26244.0
22,9,317,779,0,1,3,0.0,0.0,1.0,0.0,0.36,36,255,1.0,0.0,0.04,0.0,0.0,0.0,0,36947.0
22,9,244,2688,0,1,13,0.0,0.0,1.0,0.0,0.0,255,255,1.0,0.0,0.0,0.0,0.0,0.0,0,95042.0
13,9,8,0,0,0,1,0.0,0.0,1.0,0.0,1.0,2,40,1.0,0.0,0.5,0.0,0.0,0.0,1,75587.0
45,5,0,0,0,0,145,1.0,1.0,0.11,0.06,0.0,255,34,0.13,0.06,0.0,1.0,1.0,0.0,1,74303.0
45,5,0,0,0,0,203,1.0,1.0,0.09,0.05,0.0,144,19,0.13,0.08,0.0,0.9,1.0,0.0,1,51186.0
11,9,43,127,0,0,70,0.0,0.0,1.0,0.0,0.01,255,253,0.99,0.01,0.0,0.0,0.0,0.0,0,26344.0
7,5,0,0,0,0,200,1.0,1.0,0.09,0.05,0.0,255,19,0.07,0.05,0.0,1.0,1.0,0.0,1,60776.0
57,4,1,0,0,0,2,0.0,0.0,1.0,0.0,0.0,194,2,0.01,0.2,0.0,0.0,0.0,1.0,1,92978.0
45,1,0,0,0,0,48,0.15,0.0,0.02,1.0,0.0,255,1,0.0,0.48,0.0,0.03,0.0,1.0,1,43922.0
49,9,1396,326,0,1,1,0.0,0.0,1.0,0.0,1.0,127,245,0.95,0.02,0.01,0.0,0.0,0.0,0,102328.0
19,9,12,0,0,1,2,0.0,0.0,1.0,0.0,0.67,45,107,0.56,0.09,0.02,0.0,0.0,0.0,0,84091.0
22,9,294,1425,0,1,6,0.17,0.17,1.0,0.0,0.0,248,255,1.0,0.0,0.01,0.0,0.0,0.0,0,88173.0
22,1,0,0,0,0,1,0.0,0.0,1.0,0.0,0.0,2,250,1.0,0.0,0.27,0.0,0.0,0.94,0,95400.0
45,9,105,146,0,0,5,0.0,0.0,0.2,0.4,0.0,255,230,0.9,0.01,0.0,0.0,0.0,0.0,0,57976.0
13,9,8,0,0,0,1,0.0,0.0,1.0,0.0,1.0,2,108,1.0,0.0,0.5,0.0,0.0,0.0,1,12580.0
55,5,0,0,0,0,15,1.0,1.0,0.4,0.13,0.0,255,46,0.18,0.04,0.0,1.0,1.0,0.0,1,14596.0
22,1,0,0,0,0,1,0.0,0.0,1.0,0.0,1.0,81,255,1.0,0.0,0.09,0.0,0.0,1.0,0,20150.0
62,5,0,0,0,0,203,1.0,1.0,0.09,0.05,0.0,255,18,0.07,0.05,0.0,1.0,1.0,0.0,1,29255.0
14,9,1032,0,0,0,208,0.0,0.0,1.0,0.0,0.0,255,208,0.82,0.01,0.0,0.0,0.0,0.0,1,18738.0
22,9,307,3531,0,1,1,0.0,0.0,1.0,0.0,0.0,173,255,1.0,0.0,0.02,0.0,0.0,0.03,0,69784.0
22,9,201,633,0,1,1,0.0,0.0,1.0,0.0,0.0,79,255,1.0,0.0,0.04,0.0,0.01,0.02,0,83580.0
13,9,8,0,0,0,1,0.0,0.0,1.0,0.0,1.0,1,129,1.0,0.0,0.51,0.0,0.0,0.0,1,14042.0
61,5,0,0,0,0,212,1.0,1.0,0.04,0.05,0.0,255,9,0.04,0.05,0.0,1.0,1.0,0.0,1,62215.0
45,1,0,0,0,0,263,0.08,0.0,0.0,1.0,0.0,255,1,0.0,1.0,0.0,0.08,0.0,1.0,1,62872.0
49,9,2482,330,0,1,1,0.0,0.0,1.0,0.0,0.0,255,134,0.53,0.03,0.0,0.01,0.02,0.0,0,50458.0
45,5,0,0,0,0,117,1.0,1.0,0.15,0.05,0.0,255,17,0.07,0.05,0.0,1.0,1.0,0.0,1,61640.0
22,9,232,1966,0,1,17,0.0,0.0,1.0,0.0,0.0,30,255,1.0,0.0,0.06,0.0,0.0,0.0,0,120871.0
22,9,224,2778,0,1,5,0.0,0.0,1.0,0.0,0.0,5,255,1.0,0.0,0.02,0.0,0.0,0.0,0,54027.0
22,1,0,0,0,0,1,0.0,0.0,1.0,0.0,1.0,28,255,1.0,0.0,0.06,0.0,0.0,0.8,0,89892.0
25,5,0,0,0,0,193,1.0,1.0,0.08,0.06,0.0,255,16,0.06,0.06,0.0,1.0,1.0,0.0,1,99293.0
26,5,0,0,0,0,207,1.0,1.0,0.09,0.06,0.0,255,19,0.07,0.06,0.0,1.0,1.0,0.0,1,87852.0
22,9,206,891,0,1,6,0.0,0.0,1.0,0.0,0.0,22,255,1.0,0.0,0.03,0.0,0.0,0.0,0,16510.0
37,5,0,0,0,0,205,1.0,1.0,0.1,0.06,0.0,255,14,0.05,0.09,0.0,1.0,1.0,0.0,1,107564.0
45,4,0,0,0,0,78,0.0,0.0,0.03,0.54,0.0,248,2,0.01,0.17,0.0,0.01,0.0,1.0,1,34391.0
22,9,345,1694,0,1,5,0.0,0.0,1.0,0.0,0.33,170,255,1.0,0.0,0.02,0.0,0.0,0.0,0,79644.0
13,9,18,0,0,0,1,0.0,0.0,1.0,0.0,0.0,1,111,1.0,0.0,1.0,0.0,0.0,0.0,1,70347.0
37,1,0,0,0,0,221,0.0,0.0,0.02,0.07,0.0,255,4,0.02,0.09,0.0,0.0,0.0,1.0,1,6471.0
22,9,269,33054,0,1,1,0.0,0.0,1.0,0.0,0.0,86,255,1.0,0.0,0.04,0.0,0.0,0.0,0,119476.0
45,5,0,0,0,0,137,1.0,1.0,0.05,0.07,0.0,255,15,0.06,0.07,0.0,1.0,1.0,0.0,1,103203.0
21,5,0,0,0,0,245,1.0,1.0,0.0,0.06,0.0,255,1,0.0,0.06,0.0,1.0,1.0,0.0,1,93019.0
22,1,0,0,0,0,23,0.0,0.0,1.0,0.0,0.0,42,122,1.0,0.0,0.16,0.0,0.0,0.97,0,101688.0
45,4,0,0,0,0,1,0.0,0.0,1.0,0.0,0.0,199,1,0.01,0.18,0.0,0.0,0.0,1.0,1,8633.0
22,9,193,2148,0,1,6,0.0,0.0,1.0,0.0,0.0,83,255,1.0,0.0,0.01,0.0,0.0,0.0,0,82642.0
22,9,302,744,0,1,6,0.0,0.0,1.0,0.0,0.0,255,255,1.0,0.0,0.0,0.0,0.0,0.0,0,62696.0
19,9,1363,0,0,0,17,0.0,0.0,1.0,0.0,0.0,214,59,0.28,0.02,0.0,0.0,0.0,0.0,0,92814.0
45,5,0,0,0,0,52,1.0,1.0,0.19,0.12,0.0,255,10,0.04,0.09,0.0,1.0,1.0,0.0,1,125529.0
45,9,105,146,0,0,7,0.0,0.0,0.14,0.29,0.0,255,232,0.91,0.01,0.0,0.0,0.0,0.0,0,76492.0
19,9,252,0,0,1,2,0.0,0.0,1.0,0.0,0.0,26,9,0.35,0.12,0.0,0.0,0.0,0.0,0,96529.0
22,9,312,2288,0,1,6,0.0,0.0,1.0,0.0,0.0,140,244,1.0,0.0,0.01,0.0,0.0,0.02,0,32067.0
5,1,0,0,0,0,2,0.0,0.0,0.5,1.0,0.0,255,1,0.0,0.98,0.0,0.0,0.0,1.0,1,20021.0
22,9,54540,8314,0,1,4,0.0,0.0,1.0,0.0,0.0,192,192,1.0,0.0,0.0,0.0,0.0,0.05,1,97680.0
22,9,305,2698,0,1,3,0.0,0.0,1.0,0.0,0.6,255,238,0.93,0.01,0.0,0.0,0.0,0.0,0,14750.0
22,9,235,2131,0,1,29,0.0,0.0,1.0,0.0,0.06,120,255,1.0,0.0,0.01,0.0,0.0,0.0,0,34195.0
45,5,0,0,0,0,22,1.0,1.0,0.14,0.14,0.0,255,16,0.06,0.07,0.0,1.0,1.0,0.0,1,68982.0
21,1,0,0,0,0,160,0.0,0.0,0.1,0.08,0.0,255,16,0.06,0.07,0.0,0.0,0.0,1.0,1,33002.0
19,9,12,0,0,1,2,0.0,0.0,1.0,0.0,0.0,125,41,0.15,0.57,0.05,0.0,0.0,0.02,0,79965.0
10,5,0,0,0,0,263,1.0,1.0,0.09,0.05,0.0,255,23,0.09,0.05,0.0,1.0,1.0,0.0,1,18776.0
55,5,0,0,0,0,74,1.0,1.0,0.23,0.05,0.0,255,57,0.22,0.04,0.0,1.0,1.0,0.0,1,62401.0
45,9,1,0,0,0,38,0.0,0.0,0.08,0.11,0.0,255,3,0.01,0.67,0.0,0.16,0.0,0.0,1,102485.0
19,9,501760,0,0,0,2,0.0,0.0,1.0,0.0,0.0,220,91,0.34,0.02,0.02,0.0,0.0,0.0,0,43006.0
54,4,0,0,0,0,1,0.0,0.0,1.0,0.0,0.0,255,1,0.0,1.0,0.0,0.0,0.0,1.0,1,122862.0
13,9,8,0,0,0,1,0.0,0.0,1.0,0.0,1.0,2,255,1.0,0.0,0.5,0.0,0.0,0.0,1,113004.0
13,9,8,0,0,0,1,0.0,0.0,1.0,0.0,1.0,2,78,1.0,0.0,0.51,0.0,0.0,0.0,1,103664.0
22,9,224,3867,0,1,8,0.0,0.0,1.0,0.0,0.0,255,255,1.0,0.0,0.0,0.0,0.0,0.0,0,5633.0
22,9,298,1007,0,1,19,0.0,0.0,1.0,0.0,0.1,255,255,1.0,0.0,0.0,0.0,0.0,0.0,0,77053.0
22,9,217,701,0,1,10,0.0,0.0,1.0,0.0,0.0,255,255,1.0,0.0,0.0,0.0,0.0,0.0,0,101783.0
13,9,8,0,0,0,1,0.0,0.0,1.0,0.0,1.0,3,71,1.0,0.0,0.25,0.0,0.0,0.0,1,105602.0
45,5,0,0,0,0,147,1.0,1.0,0.03,0.06,0.0,255,7,0.03,0.06,0.0,1.0,1.0,0.0,1,43009.0
8,5,0,0,0,0,203,1.0,1.0,0.01,0.06,0.0,255,20,0.08,0.07,0.0,1.0,1.0,0.0,1,51265.0
45,5,0,0,0,0,298,1.0,1.0,0.03,0.06,0.0,255,1,0.0,0.08,0.0,1.0,1.0,0.0,1,110778.0
60,5,0,0,0,0,19,1.0,1.0,0.26,0.11,0.0,255,5,0.02,0.07,0.0,1.0,1.0,0.0,1,6663.0
45,5,0,0,0,0,141,1.0,1.0,0.13,0.06,0.0,255,14,0.05,0.07,0.0,1.0,1.0,0.0,1,125050.0
19,5,0,0,0,0,194,1.0,1.0,0.01,0.06,0.0,255,2,0.01,0.06,0.0,1.0,1.0,0.0,1,67026.0
45,5,0,0,0,0,127,1.0,1.0,0.03,0.06,0.0,255,1,0.0,0.06,0.0,1.0,1.0,0.0,1,83791.0
49,9,568,285,0,1,1,0.0,0.0,1.0,0.0,0.0,39,175,0.82,0.1,0.02,0.0,0.0,0.0,0,37399.0
22,9,231,2698,0,1,5,0.0,0.0,1.0,0.0,0.0,255,249,0.98,0.01,0.0,0.0,0.0,0.0,0,117267.0
22,9,209,2445,0,1,21,0.0,0.0,1.0,0.0,0.06,255,255,1.0,0.0,0.0,0.0,0.0,0.0,0,19191.0
22,9,317,300,0,1,6,0.0,0.0,1.0,0.0,0.0,86,253,1.0,0.0,0.07,0.0,0.0,0.91,0,48035.0
19,5,0,0,0,0,65,1.0,1.0,0.26,0.06,0.0,255,57,0.22,0.03,0.0,1.0,1.0,0.0,1,92957.0
11,9,43,129,0,0,73,0.0,0.0,1.0,0.0,0.01,255,255,1.0,0.0,0.0,0.0,0.0,0.0,0,108939.0
22,9,148,684,0,1,1,0.0,0.0,1.0,0.0,0.33,19,255,1.0,0.0,0.02,0.0,0.0,0.0,0,77120.0
45,5,0,0,0,0,126,1.0,1.0,0.13,0.06,0.0,255,4,0.02,0.07,0.0,1.0,1.0,0.0,1,67951.0
61,1,0,0,0,0,126,0.0,0.0,0.02,0.08,0.0,255,3,0.01,0.07,0.0,0.0,0.0,1.0,1,99380.0
41,4,1,0,0,0,2,0.0,0.0,1.0,0.0,0.0,255,2,0.01,0.67,0.0,0.0,0.0,1.0,1,53057.0
22,9,215,1598,0,1,3,0.0,0.0,1.0,0.0,0.0,255,255,1.0,0.0,0.0,0.0,0.0,0.0,0,21146.0
19,9,748,0,0,0,1,0.0,0.0,1.0,0.0,0.0,255,134,0.53,0.01,0.0,0.0,0.01,0.0,0,20122.0
49,9,2374,333,0,1,1,0.0,0.0,1.0,0.0,0.0,93,111,0.47,0.05,0.02,0.0,0.0,0.0,0,70635.0
57,5,0,0,0,0,202,1.0,1.0,0.0,0.07,0.0,255,1,0.0,0.09,0.0,1.0,1.0,0.0,1,72699.0
49,9,1408,332,0,1,1,0.0,0.0,1.0,0.0,0.0,108,190,0.82,0.05,0.01,0.0,0.01,0.0,0,123100.0
22,9,265,1030,0,1,1,0.0,0.0,1.0,0.0,0.75,1,255,1.0,0.0,0.02,0.0,0.0,0.0,0,45054.0
45,5,0,0,0,0,155,1.0,1.0,0.03,0.08,0.0,255,5,0.02,0.07,0.0,1.0,1.0,0.0,1,102808.0
22,9,227,318,0,1,8,0.0,0.0,1.0,0.0,0.14,255,255,1.0,0.0,0.0,0.0,0.0,0.0,0,107225.0
45,5,0,0,0,0,267,1.0,1.0,0.06,0.06,0.0,255,12,0.05,0.08,0.0,1.0,1.0,0.0,1,66803.0
9,2,0,0,0,0,254,0.0,0.0,0.02,0.07,0.0,255,4,0.02,0.07,0.0,0.0,0.0,1.0,1,107890.0
22,9,323,1680,0,1,4,0.0,0.0,1.0,0.0,0.0,194,255,1.0,0.0,0.02,0.01,0.0,0.0,0,8803.0
45,9,28,0,3,0,147,0.68,0.0,0.32,0.05,0.0,255,47,0.18,0.82,0.0,0.09,0.0,0.0,1,104797.0
13,9,8,0,0,0,1,0.0,0.0,1.0,0.0,1.0,2,86,1.0,0.0,0.5,0.0,0.0,0.0,1,56935.0
19,5,0,0,0,0,67,1.0,1.0,0.18,0.06,0.0,255,65,0.25,0.02,0.0,1.0,1.0,0.0,1,26512.0
22,9,293,455,0,1,3,0.0,0.0,1.0,0.0,0.0,17,255,1.0,0.0,0.02,0.0,0.01,0.0,0,87353.0
26,5,0,0,0,0,285,1.0,1.0,0.02,0.06,0.0,255,1,0.0,0.07,0.0,1.0,1.0,0.0,1,85903.0
22,9,192,885,0,1,6,0.0,0.0,1.0,0.0,0.29,61,255,1.0,0.0,0.04,0.02,0.01,0.0,0,30703.0
18,9,306,1043,0,1,1,0.0,0.0,1.0,0.0,0.0,52,18,0.35,0.1,0.0,0.0,0.0,0.0,0,45109.0
41,1,0,0,0,0,325,0.1,0.0,0.0,1.0,0.0,255,1,0.0,1.0,0.0,0.09,0.0,1.0,1,78420.0
22,9,289,4743,0,1,17,0.0,0.0,1.0,0.0,0.0,82,255,1.0,0.0,0.01,0.0,0.0,0.01,0,70039.0
43,5,0,0,0,0,281,1.0,1.0,0.05,0.06,0.0,255,4,0.02,0.07,0.0,1.0,1.0,0.0,1,60333.0
19,9,192,0,0,0,1,0.0,0.0,1.0,0.0,0.0,255,125,0.49,0.02,0.0,0.0,0.0,0.0,0,2406.0
45,5,0,0,0,0,266,1.0,1.0,0.08,0.06,0.0,255,19,0.07,0.06,0.0,1.0,1.0,0.0,1,122951.0
22,9,332,6700,0,1,3,0.0,0.0,1.0,0.0,0.11,180,255,1.0,0.0,0.01,0.0,0.0,0.0,0,110364.0
22,9,307,2698,0,1,2,0.0,0.0,1.0,0.0,0.0,255,254,1.0,0.01,0.0,0.0,0.0,0.0,0,44778.0
14,9,1032,0,0,0,511,0.0,0.0,1.0,0.0,0.0,201,56,0.28,0.01,0.0,0.0,0.0,0.0,1,101761.0
22,9,264,19085,0,1,14,0.07,0.07,1.0,0.0,0.0,255,255,1.0,0.0,0.0,0.0,0.0,0.0,0,20351.0
22,9,210,3502,0,1,7,0.29,0.23,1.0,0.0,0.31,25,255,1.0,0.0,0.02,0.08,0.01,0.01,0,120907.0
22,1,0,0,0,0,1,0.0,0.0,1.0,0.0,1.0,11,255,1.0,0.0,0.16,0.0,0.0,1.0,0,59930.0
19,9,1690,0,0,1,3,0.0,0.0,1.0,0.0,0.0,43,92,0.91,0.05,0.03,0.0,0.0,0.0,0,7564.0
22,9,333,1242,0,1,12,0.0,0.0,1.0,0.0,0.0,251,255,1.0,0.0,0.01,0.0,0.0,0.0,0,58034.0
45,5,0,0,0,0,144,1.0,1.0,0.14,0.06,0.0,255,20,0.08,0.08,0.0,1.0,1.0,0.0,1,32433.0
13,9,8,0,0,0,1,0.0,0.0,1.0,0.0,1.0,1,157,1.0,0.0,0.5,0.0,0.0,0.0,1,97478.0
45,9,105,147,0,0,2,0.0,0.0,1.0,0.0,0.0,73,72,0.99,0.03,0.0,0.0,0.0,0.0,0,56246.0
45,5,0,0,0,0,160,1.0,1.0,0.01,0.08,0.0,255,1,0.0,0.08,0.0,1.0,1.0,0.0,1,28848.0
45,1,0,0,0,0,155,0.01,0.0,0.01,1.0,0.0,255,1,0.0,0.64,0.0,0.0,0.0,1.0,1,45411.0
45,5,0,0,0,0,127,1.0,1.0,0.06,0.06,0.0,255,8,0.03,0.07,0.0,1.0,1.0,0.0,1,73450.0
13,9,30,0,0,0,2,0.0,0.0,0.5,1.0,0.0,213,2,0.01,0.01,0.0,0.0,0.0,0.0,0,35859.0
49,9,1196,331,0,1,1,0.0,0.0,1.0,0.0,0.67,21,75,0.71,0.1,0.03,0.0,0.0,0.0,0,81105.0
22,9,261,545,0,1,7,0.0,0.0,1.0,0.0,0.0,20,20,1.0,0.0,0.0,0.0,0.0,0.0,0,119024.0
22,9,305,660,0,1,13,0.0,0.0,1.0,0.0,0.0,13,255,1.0,0.0,0.09,0.0,0.0,0.0,0,2083.0
22,9,309,336,0,1,1,0.0,0.0,1.0,0.0,1.0,25,255,1.0,0.0,0.07,0.0,0.0,0.0,0,47575.0
45,1,0,0,0,0,119,0.0,0.0,0.15,0.06,0.0,255,18,0.07,0.07,0.0,0.0,0.0,1.0,1,27342.0
22,9,323,279,0,1,2,0.0,0.05,1.0,0.0,0.18,48,255,1.0,0.0,0.03,0.0,0.0,0.0,0,21153.0
22,9,179,28586,0,1,1,0.0,0.0,1.0,0.0,0.5,77,255,1.0,0.0,0.04,0.0,0.0,0.0,0,67662.0
17,5,0,0,0,0,263,1.0,1.0,0.06,0.06,0.0,255,16,0.06,0.06,0.0,1.0,1.0,0.0,1,70208.0
55,5,0,0,0,0,277,1.0,1.0,0.02,0.06,0.0,255,6,0.02,0.07,0.0,1.0,1.0,0.0,1,52860.0
22,9,194,2729,0,1,12,0.0,0.0,1.0,0.0,0.0,12,255,1.0,0.0,0.04,0.0,0.01,0.0,0,47389.0
45,1,0,0,0,0,139,0.0,0.0,0.02,0.06,0.0,255,3,0.01,0.07,0.0,0.0,0.0,1.0,1,15014.0
45,5,0,0,0,0,259,1.0,1.0,0.06,0.07,0.0,255,16,0.06,0.09,0.0,1.0,1.0,0.0,1,111414.0
22,9,304,2239,0,1,1,0.0,0.0,1.0,0.0,0.0,255,255,1.0,0.0,0.0,0.0,0.0,0.0,0,80666.0
22,9,335,20,0,1,42,0.0,0.0,1.0,0.0,0.0,255,255,1.0,0.0,0.0,0.01,0.01,0.0,0,123802.0
45,5,0,0,0,0,177,1.0,1.0,0.07,0.06,0.0,255,1,0.0,0.07,0.0,1.0,1.0,0.0,1,97927.0
22,9,330,772,0,1,16,0.0,0.0,1.0,0.0,0.0,255,255,1.0,0.0,0.0,0.0,0.0,0.0,0,1440.0
51,4,1,0,0,0,2,0.0,0.0,1.0,0.0,0.0,164,2,0.01,0.15,0.0,0.0,0.0,1.0,1,27073.0
13,9,8,0,0,0,1,0.0,0.0,1.0,0.0,1.0,2,60,1.0,0.0,0.5,0.0,0.0,0.0,1,73639.0
22,9,287,13410,0,1,7,0.0,0.0,1.0,0.0,0.0,7,255,1.0,0.0,0.04,0.0,0.0,0.0,0,114901.0
55,9,596,339045,0,1,1,0.0,0.0,1.0,0.0,0.0,191,20,0.1,0.02,0.0,0.0,0.0,0.0,0,73249.0
22,9,197,1612,0,1,18,0.0,0.0,1.0,0.0,0.14,62,255,1.0,0.0,0.01,0.0,0.0,0.0,0,103884.0
22,9,322,405,0,1,25,0.0,0.0,1.0,0.0,0.11,255,255,1.0,0.0,0.0,0.0,0.0,0.0,0,83794.0
22,9,155,916,0,1,2,0.0,0.0,1.0,0.0,0.08,2,255,1.0,0.0,0.02,0.0,0.0,0.0,0,79548.0
28,5,0,0,0,0,34,1.0,1.0,0.21,0.09,0.0,255,7,0.03,0.07,0.0,1.0,1.0,0.0,1,59413.0
45,4,1,0,0,0,2,0.0,0.0,1.0,0.0,0.0,255,2,0.01,0.73,0.0,0.0,0.0,1.0,1,109704.0
18,9,1205,2447,0,1,1,0.0,0.0,1.0,0.0,0.0,255,78,0.31,0.02,0.0,0.0,0.0,0.0,1,99928.0
45,5,0,0,0,0,228,1.0,1.0,0.06,0.05,0.0,89,14,0.16,0.11,0.0,0.84,1.0,0.0,1,4537.0
22,1,0,0,0,0,1,0.0,0.0,1.0,0.0,0.0,40,255,1.0,0.0,0.1,0.0,0.0,0.91,0,37306.0
9,2,0,0,0,0,241,0.0,0.0,0.02,0.07,0.0,255,4,0.02,0.07,0.0,0.0,0.0,1.0,1,77037.0
45,5,0,0,0,0,81,1.0,1.0,0.25,0.06,0.0,255,6,0.02,0.06,0.0,1.0,1.0,0.0,1,34468.0
49,9,663,328,0,1,1,0.0,0.0,1.0,0.0,0.0,251,138,0.55,0.02,0.0,0.0,0.0,0.0,0,66839.0
19,9,5891,0,0,0,15,0.0,0.0,1.0,0.0,0.0,236,51,0.22,0.02,0.0,0.0,0.0,0.0,0,16966.0
45,9,1,0,0,0,163,0.0,0.0,0.88,0.02,0.0,255,177,0.69,0.04,0.0,0.0,0.0,0.0,1,50936.0
49,9,1377,278,0,1,1,0.0,0.0,1.0,0.0,0.0,36,2,0.06,0.14,0.0,0.0,0.0,0.0,0,53694.0
45,5,0,0,0,0,211,1.0,1.0,0.01,0.07,0.0,255,9,0.04,0.08,0.0,1.0,1.0,0.0,1,20808.0
11,9,45,76,0,0,273,0.0,0.0,1.0,0.01,0.01,255,254,1.0,0.01,0.0,0.0,0.0,0.0,0,32608.0
45,9,105,147,0,0,1,0.0,0.0,1.0,0.0,0.0,26,25,0.96,0.08,0.0,0.0,0.0,0.0,0,52832.0
45,1,0,0,0,0,271,0.0,0.0,0.03,0.06,0.0,255,9,0.04,0.07,0.0,0.0,0.0,1.0,1,116897.0
45,5,0,0,0,0,121,1.0,1.0,0.16,0.06,0.0,24,19,0.79,0.12,0.0,1.0,1.0,0.0,1,36926.0
18,9,1240,2451,0,1,1,0.0,0.0,1.0,0.0,0.0,255,118,0.46,0.02,0.0,0.0,0.0,0.0,1,61527.0
49,9,1225,330,0,1,1,0.0,0.0,1.0,0.0,1.0,67,177,0.72,0.06,0.01,0.0,0.0,0.0,0,46495.0
13,9,8,0,0,0,1,0.0,0.0,1.0,0.0,1.0,1,29,1.0,0.0,0.55,0.0,0.0,0.0,1,61019.0
41,4,1,0,0,0,2,0.0,0.0,1.0,0.0,0.0,255,2,0.01,0.73,0.0,0.0,0.0,1.0,1,36024.0
42,1,0,0,0,0,250,0.0,0.0,0.02,0.06,0.0,255,4,0.02,0.07,0.0,0.0,0.0,1.0,1,102015.0
22,1,0,0,0,0,1,0.0,0.0,1.0,0.0,0.0,1,254,1.0,0.0,0.13,0.0,0.0,1.0,0,99061.0
14,9,1032,0,0,0,510,0.0,0.0,1.0,0.0,0.0,255,161,0.63,0.02,0.0,0.0,0.0,0.0,1,69579.0
19,9,37,0,0,1,151,0.99,0.0,0.01,0.07,0.0,255,3,0.01,0.06,0.0,0.99,0.0,0.0,0,2297.0
41,1,0,0,0,0,1,0.0,0.0,1.0,0.0,0.0,32,32,1.0,0.0,0.0,0.0,0.0,1.0,0,18440.0
22,9,287,9875,0,1,9,0.0,0.0,1.0,0.0,0.0,9,255,1.0,0.0,0.02,0.0,0.0,0.0,0,81288.0
4,5,0,0,0,0,288,1.0,1.0,0.04,0.06,0.0,255,10,0.04,0.07,0.0,1.0,1.0,0.0,1,19242.0
45,1,0,0,0,0,1,0.0,0.0,1.0,0.0,0.0,48,2,0.02,1.0,1.0,0.0,0.0,1.0,1,83232.0
19,9,12983,0,0,1,2,0.0,0.0,1.0,0.0,0.0,50,109,0.06,0.06,0.02,0.0,0.0,0.0,0,68679.0
22,9,200,1308,0,1,23,0.0,0.0,1.0,0.0,0.11,143,255,1.0,0.0,0.04,0.0,0.0,0.0,0,2186.0
22,9,178,1553,0,1,28,0.0,0.0,1.0,0.0,0.0,253,255,1.0,0.0,0.01,0.0,0.0,0.0,0,13809.0
22,9,218,802,0,1,11,0.0,0.0,1.0,0.0,0.26,12,255,1.0,0.0,0.02,0.0,0.0,0.0,0,41506.0
22,9,313,2252,0,1,7,0.0,0.0,1.0,0.0,0.0,199,255,1.0,0.0,0.04,0.0,0.0,0.0,0,10975.0
45,1,0,0,0,0,208,0.01,0.0,0.0,1.0,0.0,255,1,0.0,0.84,0.0,0.01,0.0,1.0,1,112366.0
22,9,220,1753,0,1,35,0.03,0.03,1.0,0.0,0.0,34,255,1.0,0.0,0.02,0.0,0.0,0.0,0,23013.0
49,9,878,327,0,1,1,0.0,0.0,1.0,0.0,1.0,79,110,0.46,0.35,0.03,0.0,0.0,0.0,0,42781.0
45,5,0,0,0,0,155,1.0,1.0,0.09,0.07,0.0,255,14,0.05,0.08,0.0,1.0,1.0,0.0,1,93962.0
22,9,232,2192,0,1,15,0.0,0.0,1.0,0.0,0.0,15,255,1.0,0.0,0.04,0.0,0.0,0.0,0,78107.0
40,9,48,48,0,0,1,0.0,0.0,1.0,0.0,0.0,255,118,0.46,0.01,0.0,0.0,0.0,0.0,0,100399.0
22,9,54540,8314,0,1,3,0.0,0.0,1.0,0.0,0.0,33,33,1.0,0.0,0.0,0.03,0.03,0.03,1,44856.0
11,9,45,81,0,0,249,0.0,0.0,1.0,0.01,0.01,255,254,1.0,0.01,0.0,0.0,0.0,0.0,0,106706.0
49,9,1074,332,0,1,1,0.0,0.0,1.0,0.0,1.0,249,181,0.7,0.07,0.01,0.0,0.0,0.0,0,48152.0
22,9,226,526,0,1,18,0.0,0.0,1.0,0.0,0.11,255,255,1.0,0.0,0.0,0.0,0.0,0.0,0,73954.0
45,5,0,0,0,0,122,1.0,1.0,0.13,0.05,0.0,255,16,0.06,0.06,0.0,1.0,1.0,0.0,1,8297.0
49,9,1077,404,0,1,1,0.0,0.0,1.0,0.0,0.0,45,169,0.82,0.07,0.02,0.0,0.0,0.0,0,52739.0
41,9,5150,0,0,0,1,0.0,0.0,1.0,0.0,0.0,29,1,0.03,0.1,0.0,0.03,0.0,0.0,0,111904.0
45,1,0,0,0,0,511,0.16,0.0,0.0,1.0,0.0,255,1,0.0,1.0,0.0,0.17,0.0,1.0,1,43794.0
13,9,8,0,0,0,1,0.0,0.0,1.0,0.0,1.0,2,156,1.0,0.0,0.5,0.0,0.0,0.0,1,94654.0
22,9,205,3978,0,1,3,0.0,0.0,1.0,0.0,0.0,65,255,1.0,0.0,0.01,0.0,0.0,0.0,0,21653.0
22,1,0,0,0,0,1,0.0,0.0,1.0,0.0,0.0,12,255,1.0,0.0,0.1,0.0,0.0,1.0,0,45717.0
15,5,0,0,0,0,123,1.0,1.0,0.05,0.06,0.0,255,6,0.02,0.06,0.0,1.0,1.0,0.0,1,107251.0
22,9,182,1805,0,1,15,0.0,0.0,1.0,0.0,0.0,34,255,1.0,0.0,0.01,0.0,0.0,0.0,0,4707.0
45,1,0,0,0,0,2,0.0,0.0,0.5,1.0,0.0,255,1,0.0,0.35,0.0,0.24,0.0,1.0,1,29984.0
14,9,1032,0,0,0,1,0.0,0.0,1.0,0.0,0.0,255,1,0.0,0.18,0.0,0.0,0.0,0.0,1,78638.0
13,9,8,0,0,0,1,0.0,0.0,1.0,0.0,1.0,1,81,1.0,0.0,0.51,0.0,0.0,0.0,1,108962.0
22,9,203,940,0,1,10,0.0,0.0,1.0,0.0,0.0,10,255,1.0,0.0,0.02,0.0,0.0,0.0,0,121207.0
45,1,0,0,0,0,101,0.07,0.0,0.01,1.0,0.0,255,1,0.0,0.66,0.0,0.03,0.0,1.0,1,85279.0
49,9,1779,408,0,1,1,0.0,0.0,1.0,0.0,0.0,255,62,0.24,0.05,0.0,0.49,0.0,0.0,0,57691.0
22,9,308,1587,0,1,4,0.0,0.0,1.0,0.0,0.4,255,255,1.0,0.0,0.0,0.0,0.0,0.0,0,110378.0
48,5,0,0,0,0,123,1.0,1.0,0.16,0.07,0.0,255,20,0.08,0.07,0.0,1.0,1.0,0.0,1,61828.0
22,9,213,37327,0,1,3,0.0,0.0,1.0,0.0,0.5,3,255,1.0,0.0,0.01,0.0,0.0,0.0,0,663.0
22,9,214,947,0,1,20,0.0,0.0,1.0,0.0,0.0,157,255,1.0,0.0,0.01,0.0,0.0,0.0,0,78244.0
19,1,0,0,0,0,511,0.07,0.0,0.0,1.0,0.0,255,1,0.0,1.0,0.0,0.13,0.0,1.0,1,51730.0
22,9,218,2750,0,1,14,0.0,0.0,1.0,0.0,0.0,255,255,1.0,0.0,0.0,0.0,0.0,0.0,0,111202.0
45,5,0,0,0,0,276,1.0,1.0,0.04,0.07,0.0,255,11,0.04,0.06,0.0,1.0,1.0,0.0,1,47460.0
13,9,8,0,0,0,1,0.0,0.0,1.0,0.0,1.0,1,113,1.0,0.0,0.5,0.0,0.0,0.0,1,77041.0
14,9,1032,0,0,0,200,0.0,0.0,1.0,0.0,0.0,255,255,1.0,0.0,0.0,0.0,0.0,0.0,1,13283.0
45,9,1,4,0,0,25,0.0,0.0,0.32,0.12,0.0,255,8,0.03,0.71,0.0,0.16,0.0,0.0,1,15083.0
62,5,0,0,0,0,284,1.0,1.0,0.03,0.05,0.0,255,8,0.03,0.05,0.0,1.0,1.0,0.0,1,2898.0
41,9,147,105,0,0,4,0.25,0.0,0.5,0.5,0.0,255,2,0.01,0.07,0.0,0.0,0.0,0.0,0,99412.0
45,5,0,0,0,0,128,1.0,1.0,0.15,0.06,0.0,255,18,0.07,0.07,0.0,1.0,1.0,0.0,1,4359.0
45,5,0,0,0,0,138,1.0,1.0,0.09,0.08,0.0,255,16,0.06,0.07,0.0,1.0,1.0,0.0,1,31903.0
49,9,814,334,0,1,1,0.0,0.0,1.0,0.0,1.0,128,162,0.5,0.04,0.01,0.0,0.0,0.0,0,113552.0
11,9,45,75,0,0,191,0.0,0.0,1.0,0.0,0.0,255,255,1.0,0.0,0.0,0.0,0.0,0.0,0,24757.0
11,9,45,138,0,0,142,0.0,0.0,0.99,0.01,0.01,255,224,0.88,0.02,0.0,0.0,0.0,0.0,0,48114.0
49,9,3312,481,0,1,1,0.0,0.0,1.0,0.0,1.0,255,30,0.12,0.02,0.0,0.0,0.0,0.0,0,76270.0
17,9,10,139,0,0,1,0.0,0.0,1.0,0.0,0.0,218,6,0.03,0.02,0.0,0.0,0.0,0.0,0,70219.0
45,1,0,0,0,0,146,0.0,0.0,0.11,0.05,0.0,255,9,0.04,0.07,0.0,0.0,0.0,1.0,1,121442.0
11,9,44,132,0,0,26,0.0,0.0,1.0,0.0,0.03,255,254,1.0,0.01,0.0,0.0,0.0,0.0,0,125811.0
45,5,0,0,0,0,227,1.0,1.0,0.11,0.05,0.0,88,23,0.26,0.11,0.0,0.84,1.0,0.0,1,73503.0
3,5,0,0,0,0,281,1.0,1.0,0.04,0.06,0.0,255,11,0.04,0.07,0.0,1.0,1.0,0.0,1,33356.0
22,9,189,277,0,1,1,0.0,0.0,1.0,0.0,0.6,5,255,1.0,0.0,0.07,0.0,0.01,0.0,0,4481.0
45,1,0,0,0,0,215,0.0,0.0,0.01,0.08,0.0,255,3,0.01,0.09,0.0,0.0,0.0,1.0,1,52945.0
19,9,8737,0,0,1,6,0.0,0.0,1.0,0.0,0.0,191,68,0.32,0.02,0.03,0.0,0.0,0.0,0,122799.0
22,9,304,1412,0,1,18,0.0,0.0,1.0,0.0,0.0,96,255,1.0,0.0,0.04,0.0,0.0,0.0,0,22420.0
45,5,0,0,0,0,215,1.0,1.0,0.09,0.06,0.0,255,6,0.02,0.07,0.0,1.0,1.0,0.0,1,99409.0
22,9,291,4204,0,1,11,0.0,0.0,1.0,0.0,0.0,188,255,1.0,0.0,0.02,0.0,0.0,0.0,0,9385.0
22,9,214,3128,0,1,5,0.0,0.0,1.0,0.0,0.0,130,255,1.0,0.0,0.03,0.0,0.0,0.0,0,66144.0
20,5,0,0,0,0,168,1.0,1.0,0.09,0.07,0.0,255,15,0.06,0.06,0.0,1.0,1.0,0.0,1,43784.0
7,5,0,0,0,0,237,1.0,1.0,0.08,0.06,0.0,255,19,0.07,0.07,0.0,1.0,1.0,0.0,1,22429.0
49,9,711,336,0,1,1,0.0,0.0,1.0,0.0,0.0,60,130,0.42,0.05,0.02,0.0,0.0,0.0,0,895.0
22,9,211,22075,0,1,2,0.0,0.0,1.0,0.0,0.0,2,2,1.0,0.0,0.0,0.0,0.0,0.0,0,8456.0
11,9,44,72,0,0,214,0.0,0.0,1.0,0.0,0.0,255,254,1.0,0.01,0.0,0.0,0.0,0.0,0,61158.0
45,1,0,0,0,0,324,0.06,0.0,0.0,1.0,0.0,255,1,0.0,1.0,0.0,0.08,0.0,1.0,1,45078.0
22,9,191,887,0,1,4,0.0,0.0,1.0,0.0,0.0,255,255,1.0,0.0,0.0,0.0,0.0,0.0,0,68948.0
22,9,229,314,0,1,5,0.0,0.0,1.0,0.0,0.0,255,255,1.0,0.0,0.0,0.0,0.0,0.0,0,38431.0
36,4,0,0,0,0,1,0.0,0.0,1.0,0.0,0.0,255,1,0.0,1.0,0.0,0.0,0.0,1.0,1,100403.0
22,9,314,2387,0,1,15,0.0,0.0,1.0,0.0,0.12,139,255,1.0,0.0,0.05,0.01,0.01,0.0,0,13992.0
22,9,300,2239,0,1,11,0.0,0.0,1.0,0.0,0.0,255,254,1.0,0.01,0.0,0.0,0.0,0.0,0,46849.0
22,1,0,0,0,0,19,0.0,0.0,1.0,0.0,0.0,38,118,1.0,0.0,0.17,0.0,0.0,0.97,0,6166.0
45,9,1,0,0,0,57,0.0,0.0,0.02,0.16,0.0,255,1,0.0,0.03,0.0,0.0,0.0,0.0,1,111386.0
22,9,305,469,0,1,16,0.0,0.0,1.0,0.0,0.15,64,255,1.0,0.0,0.04,0.0,0.0,0.0,0,87541.0
45,4,1,0,0,0,2,0.0,0.0,1.0,0.0,0.0,255,2,0.01,0.73,0.0,0.0,0.0,1.0,1,55821.0
22,9,235,411,0,1,22,0.0,0.0,1.0,0.0,0.0,25,255,1.0,0.0,0.04,0.0,0.0,0.01,0,53043.0
2,5,0,0,0,0,256,1.0,1.0,0.01,0.07,0.0,255,3,0.01,0.07,0.0,1.0,1.0,0.0,1,65279.0
17,5,0,0,0,0,269,1.0,1.0,0.07,0.06,0.0,255,19,0.07,0.06,0.0,1.0,1.0,0.0,1,64364.0
22,9,256,6094,0,1,1,0.0,0.0,1.0,0.0,0.5,9,255,1.0,0.0,0.04,0.0,0.01,0.0,0,17682.0
22,6,215,27265,0,1,1,1.0,0.04,1.0,0.0,0.08,17,255,1.0,0.0,0.03,0.06,0.0,0.0,0,37665.0
11,9,46,135,0,0,77,0.0,0.0,1.0,0.0,0.01,255,255,1.0,0.0,0.0,0.0,0.0,0.0,0,36540.0
13,9,8,0,0,0,1,0.0,0.0,1.0,0.0,1.0,2,118,1.0,0.0,0.5,0.0,0.0,0.0,1,43499.0
45,5,0,0,0,0,209,1.0,1.0,0.03,0.06,0.0,255,14,0.05,0.07,0.0,1.0,1.0,0.0,1,54703.0
22,5,0,0,0,0,73,1.0,1.0,0.25,0.05,0.0,255,58,0.23,0.02,0.0,1.0,1.0,0.0,1,23809.0
22,9,256,6384,0,1,1,0.0,0.0,1.0,0.0,0.0,12,255,1.0,0.0,0.06,0.0,0.0,0.0,0,108863.0
41,9,145,0,0,0,3,0.0,0.0,0.33,0.67,0.0,3,1,0.33,0.67,0.0,0.0,0.0,0.0,0,15672.0
49,9,1842,506,0,1,1,0.0,0.0,1.0,0.0,1.0,255,64,0.25,0.05,0.0,0.48,0.0,0.0,0,104261.0
22,9,307,835,0,1,14,0.0,0.0,1.0,0.0,0.11,255,255,1.0,0.0,0.0,0.0,0.0,0.0,0,83349.0
45,5,0,0,0,0,50,1.0,1.0,0.06,0.12,0.0,255,15,0.06,0.09,0.0,1.0,1.0,0.0,1,49469.0
49,9,1800,333,0,1,1,0.0,0.0,1.0,0.0,1.0,89,157,0.44,0.06,0.02,0.0,0.0,0.0,0,58055.0
11,9,44,136,0,0,70,0.0,0.0,0.97,0.04,0.01,255,237,0.93,0.01,0.0,0.0,0.0,0.0,0,44041.0
22,9,236,870,0,1,8,0.0,0.0,1.0,0.0,0.0,255,255,1.0,0.0,0.0,0.0,0.0,0.0,0,81542.0
28,5,0,0,0,0,129,1.0,1.0,0.16,0.05,0.0,255,20,0.08,0.07,0.0,1.0,1.0,0.0,1,57081.0
22,9,228,990,0,1,32,0.0,0.0,1.0,0.0,0.06,74,255,1.0,0.0,0.02,0.0,0.0,0.0,0,4341.0
15,5,0,0,0,0,140,1.0,1.0,0.07,0.06,0.0,255,3,0.01,0.07,0.0,1.0,1.0,0.0,1,55285.0
49,9,1702,575,0,1,1,0.0,0.0,1.0,0.0,0.0,60,166,0.55,0.07,0.01,0.0,0.0,0.0,0,21058.0
22,9,252,1597,0,1,4,0.0,0.0,1.0,0.0,0.0,255,252,0.99,0.01,0.0,0.0,0.0,0.0,0,38637.0
22,9,250,5159,0,1,7,0.0,0.0,1.0,0.0,0.0,255,253,0.99,0.01,0.0,0.0,0.0,0.03,0,74939.0
22,9,222,44673,0,1,6,0.0,0.0,1.0,0.0,0.0,34,255,1.0,0.0,0.03,0.0,0.0,0.0,0,61172.0
45,1,0,0,0,0,79,0.0,0.0,0.01,0.54,0.0,249,1,0.0,0.18,0.0,0.01,0.0,1.0,1,29054.0
30,5,0,0,0,0,248,1.0,1.0,0.07,0.07,0.0,255,18,0.07,0.08,0.0,1.0,1.0,0.0,1,73736.0
22,9,357,732,0,1,1,0.0,0.0,1.0,0.0,0.0,6,255,1.0,0.0,0.06,0.0,0.0,0.0,0,118686.0
22,9,308,4762,0,1,4,0.0,0.0,1.0,0.0,0.0,43,255,1.0,0.0,0.02,0.0,0.0,0.0,0,35082.0
45,9,1,74,0,0,29,0.0,0.0,0.52,0.1,0.0,255,15,0.06,0.75,0.0,0.16,0.0,0.0,1,3975.0
22,9,299,38617,0,1,8,0.0,0.0,1.0,0.0,0.0,145,255,1.0,0.0,0.02,0.0,0.0,0.0,0,104498.0
13,9,8,0,0,0,1,0.0,0.0,1.0,0.0,1.0,1,209,1.0,0.0,0.25,0.0,0.0,0.0,1,68102.0
49,9,2127,586,0,1,1,0.0,0.0,1.0,0.0,0.0,14,151,0.5,0.21,0.02,0.0,0.0,0.0,0,76382.0
22,9,235,486,0,1,9,0.0,0.0,1.0,0.0,0.24,27,255,1.0,0.0,0.04,0.0,0.01,0.01,0,17384.0
14,9,520,0,0,0,372,0.0,0.0,1.0,0.0,0.0,255,255,1.0,0.0,0.0,0.0,0.0,0.0,1,30748.0
22,5,0,0,0,0,37,1.0,1.0,0.22,0.11,0.0,255,19,0.07,0.05,0.0,1.0,1.0,0.0,1,73828.0
11,9,109,44,0,0,1,0.0,0.0,1.0,0.0,0.0,71,50,0.7,0.04,0.0,0.0,0.0,0.0,0,73994.0
55,9,1065,64054,0,1,1,0.0,0.0,1.0,0.0,0.0,133,27,0.2,0.03,0.0,0.01,0.04,0.07,0,67092.0
14,9,1032,0,0,0,220,0.0,0.0,1.0,0.0,0.0,255,220,0.86,0.01,0.0,0.0,0.0,0.0,1,92021.0
22,6,241,10669,0,1,1,1.0,1.0,1.0,0.0,0.0,1,255,1.0,0.0,0.04,1.0,0.01,0.0,0,14345.0
22,9,215,1190,0,1,12,0.0,0.0,1.0,0.0,0.0,150,255,1.0,0.0,0.02,0.0,0.0,0.0,0,20373.0
45,1,0,0,0,0,509,0.02,0.0,0.0,1.0,0.0,255,1,0.0,1.0,0.0,0.02,0.0,1.0,1,51102.0
22,9,256,7396,0,1,11,0.0,0.0,1.0,0.0,0.08,173,255,1.0,0.0,0.03,0.0,0.0,0.0,0,28878.0
8,5,0,0,0,0,101,1.0,1.0,0.02,0.07,0.0,255,8,0.03,0.07,0.0,1.0,1.0,0.0,1,99174.0
11,9,42,130,0,0,308,0.0,0.0,1.0,0.01,0.0,197,164,0.83,0.01,0.0,0.0,0.0,0.0,0,30744.0
11,9,45,76,0,0,222,0.0,0.0,1.0,0.0,0.01,255,254,1.0,0.01,0.0,0.0,0.0,0.0,0,23657.0
45,5,0,0,0,0,104,0.99,1.0,0.02,0.08,0.0,255,2,0.01,0.06,0.0,1.0,1.0,0.0,1,14661.0
2,5,0,0,0,0,192,1.0,1.0,0.03,0.07,0.0,255,6,0.02,0.07,0.0,1.0,1.0,0.0,1,40446.0
22,9,247,1068,0,1,19,0.0,0.0,1.0,0.0,0.1,255,255,1.0,0.0,0.0,0.0,0.0,0.0,0,31343.0
22,9,321,1074,0,1,13,0.0,0.0,1.0,0.0,0.0,27,255,1.0,0.0,0.04,0.0,0.0,0.0,0,121363.0
11,9,45,117,0,0,112,0.0,0.0,1.0,0.0,0.0,255,255,1.0,0.0,0.0,0.0,0.0,0.0,0,92880.0
11,9,46,46,0,0,104,0.0,0.0,1.0,0.0,0.0,255,223,0.87,0.01,0.0,0.0,0.0,0.0,0,100894.0
41,4,1,0,0,0,2,0.0,0.0,1.0,0.0,0.0,255,2,0.01,0.68,0.0,0.0,0.0,1.0,1,97806.0
22,9,184,563,0,1,9,0.0,0.0,1.0,0.0,0.0,9,255,1.0,0.0,0.03,0.0,0.0,0.0,0,100830.0
22,1,0,0,0,0,1,0.0,0.0,1.0,0.0,1.0,33,255,1.0,0.0,0.06,0.0,0.0,1.0,0,59564.0
22,9,313,190,0,1,40,0.0,0.0,1.0,0.0,0.09,255,255,1.0,0.0,0.0,0.0,0.0,0.0,0,27132.0
19,9,88382,0,0,1,11,0.0,0.0,1.0,0.0,0.0,193,104,0.41,0.02,0.02,0.0,0.0,0.0,0,88373.0
55,9,738,111026,0,1,1,0.0,0.0,1.0,0.0,0.0,32,15,0.16,0.09,0.13,0.0,0.0,0.0,0,123880.0
34,5,0,0,0,0,275,1.0,1.0,0.03,0.05,0.0,255,7,0.03,0.05,0.0,1.0,1.0,0.0,1,52983.0
55,2,0,0,0,0,211,0.0,0.0,0.01,0.07,0.0,255,2,0.01,0.08,0.0,0.0,0.0,1.0,1,112950.0
45,5,0,0,0,0,210,1.0,1.0,0.02,0.07,0.0,255,1,0.0,0.07,0.0,1.0,1.0,0.0,1,106715.0
14,9,1032,0,0,0,398,0.0,0.0,1.0,0.0,0.0,255,197,0.77,0.02,0.0,0.0,0.0,0.0,1,109802.0
62,5,0,0,0,0,227,1.0,1.0,0.0,0.07,0.0,255,1,0.0,0.08,0.0,1.0,1.0,0.0,1,25277.0
22,9,245,4425,0,1,7,0.0,0.0,1.0,0.0,0.33,255,255,1.0,0.0,0.0,0.0,0.0,0.0,0,98441.0
14,9,30,0,0,0,2,0.0,0.0,1.0,0.0,0.0,151,151,1.0,0.0,0.0,0.0,0.0,0.0,0,56568.0
45,1,0,0,0,0,1,0.0,0.0,1.0,0.0,0.0,19,1,0.05,1.0,0.0,0.0,0.0,1.0,1,101273.0
62,5,0,0,0,0,127,1.0,1.0,0.13,0.06,0.0,255,16,0.06,0.05,0.0,1.0,1.0,0.0,1,92829.0
13,9,8,0,0,0,1,0.0,0.0,1.0,0.0,1.0,1,45,1.0,0.0,0.51,0.0,0.0,0.0,1,38666.0
59,9,78,0,0,0,27,0.0,0.0,0.15,0.07,0.0,255,14,0.05,0.01,0.0,0.0,0.0,0.0,0,100106.0
11,9,46,46,0,0,129,0.0,0.0,1.0,0.0,0.01,255,254,1.0,0.01,0.0,0.0,0.0,0.0,0,73501.0
22,1,0,0,0,0,1,0.0,0.0,1.0,0.0,0.0,18,255,1.0,0.0,0.14,0.0,0.0,1.0,0,65542.0
22,9,288,347,0,1,1,0.0,0.0,1.0,0.0,1.0,2,255,1.0,0.0,0.07,0.0,0.01,0.0,0,49145.0
49,9,1042,329,0,1,1,0.0,0.0,1.0,0.0,0.0,170,163,0.82,0.03,0.01,0.0,0.0,0.0,0,32400.0
49,7,1013,334,0,1,1,1.0,0.5,1.0,0.0,1.0,70,98,0.84,0.04,0.02,0.01,0.01,0.0,0,107650.0
32,5,0,0,0,0,254,1.0,1.0,0.0,0.07,0.0,255,1,0.0,0.08,0.0,1.0,1.0,0.0,1,94541.0
2,5,0,0,0,0,249,1.0,1.0,0.04,0.05,0.0,255,11,0.04,0.06,0.0,1.0,1.0,0.0,1,58493.0
22,9,233,544,0,1,1,0.0,0.0,1.0,0.0,0.0,1,255,1.0,0.0,0.01,0.0,0.0,0.0,0,101399.0
22,9,223,2760,0,1,5,0.0,0.0,1.0,0.0,0.0,255,255,1.0,0.0,0.0,0.0,0.0,0.0,0,105294.0
11,9,44,131,0,0,135,0.0,0.0,0.99,0.01,0.01,255,221,0.87,0.02,0.0,0.0,0.0,0.0,0,23913.0
53,1,0,0,0,0,295,0.0,0.0,0.06,0.06,0.0,255,18,0.07,0.07,0.0,0.0,0.0,1.0,1,42631.0
22,9,321,1481,0,1,6,0.0,0.0,1.0,0.0,0.0,255,255,1.0,0.0,0.0,0.0,0.0,0.0,0,96595.0
11,9,33,0,0,0,1,0.0,0.0,1.0,0.0,1.0,155,32,0.07,0.05,0.06,0.0,0.0,0.0,0,70949.0
19,9,1153,0,0,1,2,0.0,0.0,1.0,0.0,0.0,39,121,0.15,0.13,0.02,0.0,0.01,0.0,0,103942.0
49,9,1095,331,0,1,1,0.0,0.0,1.0,0.0,1.0,141,184,0.78,0.03,0.01,0.0,0.0,0.0,0,44067.0
22,9,296,280,0,1,8,0.0,0.0,1.0,0.0,0.22,255,255,1.0,0.0,0.0,0.0,0.0,0.0,0,125861.0
19,9,0,2416,0,0,1,0.0,0.08,1.0,0.0,0.17,237,89,0.33,0.06,0.02,0.02,0.04,0.0,0,92758.0
4,5,0,0,0,0,259,1.0,1.0,0.01,0.06,0.0,255,3,0.01,0.07,0.0,1.0,1.0,0.0,1,56457.0
45,1,0,0,0,0,74,0.0,0.0,0.09,0.07,0.0,255,7,0.03,0.05,0.0,0.0,0.0,1.0,1,3027.0
11,9,43,126,0,0,73,0.0,0.0,1.0,0.0,0.01,255,254,1.0,0.01,0.0,0.0,0.0,0.0,0,85531.0
45,5,0,0,0,0,116,1.0,1.0,0.09,0.06,0.0,255,9,0.04,0.08,0.0,1.0,1.0,0.0,1,65817.0
41,9,516,4,0,0,259,0.0,0.0,1.0,0.0,0.0,255,255,1.0,0.0,0.0,0.0,0.0,0.0,0,39943.0
19,9,641,0,0,1,1,0.0,0.0,1.0,0.0,1.0,29,71,0.17,0.1,0.03,0.0,0.0,0.0,0,108450.0
22,9,301,1274,0,1,3,0.0,0.0,1.0,0.0,0.5,255,255,1.0,0.0,0.0,0.0,0.0,0.0,0,48734.0
22,9,343,1178,0,1,9,0.0,0.0,1.0,0.0,0.2,157,255,1.0,0.0,0.04,0.0,0.0,0.0,0,19.0
52,5,0,0,0,0,15,1.0,1.0,0.47,0.2,0.0,255,7,0.03,0.08,0.0,1.0,1.0,0.0,1,61615.0
11,9,44,129,0,0,219,0.0,0.0,1.0,0.01,0.0,108,75,0.69,0.02,0.0,0.0,0.0,0.0,0,63867.0
55,2,126,179,0,0,2,0.0,0.0,1.0,0.0,0.0,43,43,1.0,0.0,0.0,0.05,0.05,0.95,1,36148.0
22,1,0,0,0,0,1,0.0,0.0,1.0,0.0,0.0,10,24,1.0,0.0,0.29,0.0,0.0,1.0,0,40837.0
17,5,0,0,0,0,28,1.0,1.0,0.39,0.18,0.0,255,12,0.05,0.08,0.0,1.0,1.0,0.0,1,5168.0
22,9,217,2769,0,1,5,0.0,0.0,1.0,0.0,0.29,103,255,1.0,0.0,0.03,0.0,0.0,0.0,0,25405.0
21,5,0,0,0,0,274,1.0,1.0,0.01,0.06,0.0,255,4,0.02,0.08,0.0,1.0,1.0,0.0,1,113137.0
11,9,45,138,0,0,66,0.0,0.0,1.0,0.0,0.01,255,244,0.96,0.01,0.0,0.0,0.0,0.0,0,99722.0
45,9,105,147,0,0,9,0.0,0.0,0.22,0.22,0.0,193,181,0.94,0.02,0.0,0.0,0.0,0.0,0,32346.0
17,5,0,0,0,0,245,1.0,1.0,0.07,0.06,0.0,255,18,0.07,0.06,0.0,1.0,1.0,0.0,1,35215.0
16,2,0,0,0,0,138,0.0,0.0,0.07,0.06,0.0,255,4,0.02,0.07,0.0,0.0,0.0,1.0,1,9787.0
22,9,308,2067,0,1,10,0.0,0.0,1.0,0.0,0.27,10,255,1.0,0.0,0.02,0.0,0.0,0.0,0,112062.0
45,5,0,0,0,0,103,1.0,1.0,0.04,0.06,0.0,255,2,0.01,0.07,0.0,1.0,1.0,0.0,1,5161.0
19,5,0,0,0,0,286,1.0,1.0,0.08,0.05,0.0,255,24,0.09,0.05,0.0,1.0,1.0,0.0,1,65482.0
19,9,3888,0,0,1,7,0.0,0.0,1.0,0.0,0.0,255,135,0.53,0.02,0.0,0.0,0.01,0.0,0,112596.0
19,9,383,0,0,1,2,0.0,0.0,1.0,0.0,0.0,193,118,0.44,0.03,0.02,0.0,0.0,0.0,0,67378.0
22,9,221,1721,0,1,12,0.0,0.0,1.0,0.0,0.0,226,255,1.0,0.0,0.01,0.0,0.0,0.03,0,60423.0
13,9,8,0,0,0,1,0.0,0.0,1.0,0.0,1.0,1,43,1.0,0.0,0.51,0.0,0.0,0.0,1,59646.0
41,9,147,105,0,0,2,0.0,0.0,1.0,0.0,0.0,255,2,0.01,0.57,0.0,0.0,0.0,0.0,0,31415.0
11,9,43,126,0,0,72,0.0,0.0,0.99,0.03,0.01,255,236,0.93,0.02,0.0,0.0,0.0,0.0,0,37239.0
23,5,0,0,0,0,115,1.0,1.0,0.15,0.05,0.0,255,6,0.02,0.06,0.0,1.0,1.0,0.0,1,11966.0
11,9,44,44,0,0,5,0.0,0.0,0.2,0.4,0.33,25,24,0.96,0.08,0.0,0.0,0.0,0.0,0,23100.0
49,9,512,307,0,1,1,0.0,0.0,1.0,0.0,0.0,240,67,0.24,0.3,0.03,0.0,0.0,0.0,0,2285.0
37,5,0,0,0,0,136,1.0,1.0,0.11,0.05,0.0,255,14,0.05,0.07,0.0,1.0,1.0,0.0,1,122723.0
49,9,3007,334,0,1,1,0.0,0.0,1.0,0.0,1.0,39,124,0.85,0.08,0.02,0.0,0.0,0.0,0,12861.0
22,1,0,0,0,0,1,0.0,0.0,1.0,0.0,0.0,18,122,1.0,0.0,0.02,0.0,0.0,1.0,0,47476.0
13,9,8,0,0,0,1,0.0,0.0,1.0,0.0,1.0,2,31,1.0,0.0,0.52,0.0,0.0,0.0,1,75350.0
22,1,0,0,0,0,1,0.0,0.0,1.0,0.0,0.0,2,137,1.0,0.0,0.23,0.0,0.0,1.0,0,110621.0
22,9,255,3605,0,1,8,0.0,0.0,1.0,0.0,0.0,117,255,1.0,0.0,0.02,0.0,0.0,0.0,0,59783.0
22,9,170,5057,0,1,1,0.0,0.0,1.0,0.0,0.0,18,255,1.0,0.0,0.02,0.0,0.0,0.0,0,34338.0
22,9,229,5558,0,1,22,0.0,0.0,1.0,0.0,0.0,22,255,1.0,0.0,0.04,0.0,0.0,0.0,0,41647.0
55,5,0,0,0,0,288,1.0,1.0,0.07,0.06,0.0,255,17,0.07,0.07,0.0,1.0,1.0,0.0,1,11164.0
22,9,216,320,0,1,5,0.0,0.0,1.0,0.0,0.33,95,255,1.0,0.0,0.02,0.0,0.0,0.0,0,115048.0
18,9,1213,3380,0,1,2,0.0,0.0,1.0,0.0,0.0,252,57,0.23,0.02,0.0,0.0,0.0,0.0,0,94108.0
11,9,44,131,0,0,78,0.0,0.0,1.0,0.0,0.01,192,161,0.84,0.01,0.0,0.0,0.0,0.0,0,49514.0
45,9,1,1,0,0,10,0.0,0.0,0.7,0.2,0.0,255,7,0.03,0.97,0.0,0.18,0.0,0.0,1,76594.0
17,5,0,0,0,0,4,1.0,1.0,0.5,0.5,0.0,255,55,0.22,0.03,0.0,1.0,1.0,0.0,1,111486.0
45,5,0,0,0,0,137,1.0,1.0,0.06,0.06,0.0,140,8,0.06,0.06,0.0,1.0,1.0,0.0,1,54307.0
62,5,0,0,0,0,279,1.0,1.0,0.06,0.06,0.0,255,17,0.07,0.07,0.0,1.0,1.0,0.0,1,74977.0
22,9,251,276,0,1,4,0.0,0.0,0.75,0.5,0.0,255,248,0.97,0.01,0.0,0.0,0.0,0.0,0,25494.0
14,9,1032,0,0,0,511,0.0,0.0,1.0,0.0,0.0,255,188,0.74,0.01,0.0,0.0,0.0,0.0,1,21559.0
13,9,8,0,0,0,1,0.0,0.0,1.0,0.0,1.0,2,2,1.0,0.0,0.0,0.0,0.0,0.0,1,79815.0
22,9,238,2698,0,1,7,0.0,0.0,1.0,0.0,0.33,255,251,0.98,0.01,0.0,0.0,0.0,0.0,0,45192.0
22,9,186,690,0,1,9,0.0,0.0,1.0,0.0,0.0,9,255,1.0,0.0,0.01,0.0,0.0,0.0,0,18122.0
22,1,0,0,0,0,1,0.0,0.0,1.0,0.0,0.0,12,255,1.0,0.0,0.18,0.0,0.0,0.97,0,48103.0
49,9,1301,333,0,1,1,0.0,0.0,1.0,0.0,1.0,240,76,0.28,0.03,0.03,0.0,0.0,0.0,0,27218.0
22,9,215,1425,0,1,15,0.0,0.0,1.0,0.0,0.0,255,255,1.0,0.0,0.0,0.0,0.0,0.0,0,3139.0
14,9,1032,0,0,0,511,0.0,0.0,1.0,0.0,0.0,212,118,0.56,0.03,0.0,0.01,0.0,0.0,1,38354.0
38,5,0,0,0,0,103,1.0,1.0,0.06,0.06,0.0,255,6,0.02,0.07,0.0,1.0,1.0,0.0,1,118892.0
22,9,325,828,0,1,4,0.0,0.0,1.0,0.0,0.0,13,239,1.0,0.0,0.05,0.0,0.0,0.0,0,33983.0
22,9,178,15011,0,1,2,0.0,0.0,1.0,0.0,0.25,4,255,1.0,0.0,0.07,0.0,0.0,0.0,0,97073.0
8,5,0,0,0,0,280,1.0,1.0,0.08,0.05,0.0,255,22,0.09,0.05,0.0,1.0,1.0,0.0,1,35503.0
25,5,0,0,0,0,254,1.0,1.0,0.0,0.06,0.0,255,2,0.01,0.08,0.0,1.0,1.0,0.0,1,106160.0
45,4,0,0,0,0,1,0.0,0.0,1.0,0.0,0.0,255,1,0.0,0.77,0.0,0.0,0.0,1.0,1,2911.0
22,7,364,646196,0,1,2,0.5,0.07,1.0,0.0,0.13,110,255,1.0,0.0,0.08,0.01,0.0,0.52,0,19771.0
45,5,0,0,0,0,166,1.0,1.0,0.07,0.07,0.0,255,20,0.08,0.08,0.0,1.0,1.0,0.0,1,26709.0
19,9,12324,0,0,1,2,0.0,0.0,1.0,0.0,0.0,255,10,0.04,0.02,0.0,0.0,0.0,0.0,0,95774.0
23,5,0,0,0,0,127,1.0,1.0,0.02,0.07,0.0,255,3,0.01,0.06,0.0,1.0,1.0,0.0,1,94536.0
45,5,0,0,0,0,287,1.0,1.0,0.06,0.06,0.0,255,35,0.14,0.06,0.0,1.0,1.0,0.0,1,26508.0
1,9,5097472,87532,0,1,1,0.0,0.0,1.0,0.0,0.0,34,21,0.62,0.09,0.0,0.03,0.05,0.05,0,20648.0
34,5,0,0,0,0,246,1.0,1.0,0.02,0.06,0.0,255,4,0.02,0.07,0.0,1.0,1.0,0.0,1,112326.0
45,5,0,0,0,0,13,1.0,1.0,0.77,0.23,0.0,255,10,0.04,0.07,0.0,1.0,1.0,0.0,1,10786.0
10,1,0,0,0,0,265,0.0,0.0,0.07,0.06,0.0,255,19,0.07,0.07,0.0,0.0,0.0,1.0,1,75363.0
45,10,0,0,0,0,1,1.0,1.0,1.0,0.0,0.0,184,1,0.01,0.95,0.0,0.96,1.0,0.0,1,56286.0
11,9,44,132,0,0,76,0.0,0.0,1.0,0.0,0.01,255,254,1.0,0.01,0.0,0.0,0.0,0.0,0,62752.0
10,2,0,0,0,0,95,0.0,0.0,0.01,0.55,0.0,255,1,0.0,0.21,0.0,0.0,0.0,1.0,1,124821.0
45,1,0,0,0,0,51,0.14,0.0,0.02,1.0,0.0,255,1,0.0,0.49,0.0,0.03,0.0,1.0,1,58057.0
55,5,0,0,0,0,38,1.0,1.0,0.11,0.11,0.0,255,64,0.25,0.02,0.0,1.0,1.0,0.0,1,3590.0
49,9,645,325,0,1,1,0.0,0.0,1.0,0.0,0.0,185,157,0.63,0.1,0.01,0.01,0.0,0.0,0,122160.0
19,9,10261,0,0,1,8,0.0,0.0,1.0,0.0,0.22,239,82,0.34,0.05,0.0,0.0,0.01,0.0,0,118482.0
45,1,0,0,0,0,201,0.0,0.0,0.06,0.07,0.0,255,13,0.05,0.08,0.0,0.0,0.0,1.0,1,65642.0
62,5,0,0,0,0,106,1.0,1.0,0.14,0.06,0.0,255,14,0.05,0.07,0.0,1.0,1.0,0.0,1,33447.0
22,9,329,3308,0,1,26,0.0,0.0,1.0,0.0,0.13,50,255,1.0,0.0,0.03,0.0,0.01,0.0,0,20804.0
11,9,46,76,0,0,246,0.0,0.0,1.0,0.0,0.01,255,254,1.0,0.01,0.0,0.0,0.0,0.0,0,16340.0
22,9,239,13380,0,1,4,0.0,0.0,1.0,0.0,0.4,111,255,1.0,0.0,0.01,0.01,0.0,0.07,0,76095.0
22,9,281,20175,0,1,10,0.0,0.0,1.0,0.0,0.0,10,47,1.0,0.0,0.09,0.0,0.0,0.0,0,57832.0
22,9,260,9728,0,1,1,0.0,0.0,1.0,0.0,0.0,6,255,1.0,0.0,0.07,0.0,0.0,0.0,0,5003.0
19,9,14052,0,0,1,13,0.0,0.0,1.0,0.0,0.0,114,99,0.22,0.04,0.02,0.0,0.0,0.0,0,116876.0
45,5,0,0,0,0,282,1.0,1.0,0.0,0.06,0.0,255,4,0.02,0.07,0.0,1.0,1.0,0.0,1,124258.0
22,9,239,635,0,1,4,0.0,0.0,1.0,0.0,0.17,29,255,1.0,0.0,0.03,0.0,0.0,0.0,0,53748.0
41,9,147,105,0,0,2,0.0,0.0,1.0,0.0,0.0,255,2,0.01,0.91,0.0,0.0,0.0,0.0,0,33172.0
49,9,1937,339,0,1,1,0.0,0.0,1.0,0.0,0.0,118,201,0.76,0.03,0.01,0.0,0.0,0.0,0,80580.0
14,9,1032,0,0,0,143,0.0,0.0,1.0,0.0,0.0,255,226,0.89,0.02,0.0,0.0,0.0,0.0,1,77634.0
11,9,44,70,0,0,204,0.0,0.0,1.0,0.0,0.0,255,255,1.0,0.0,0.0,0.0,0.0,0.0,0,53743.0
62,1,0,0,0,0,209,0.0,0.0,0.02,0.07,0.0,255,5,0.02,0.08,0.0,0.0,0.0,1.0,1,122312.0
19,5,0,0,0,0,279,1.0,1.0,0.07,0.06,0.0,255,20,0.08,0.06,0.0,1.0,1.0,0.0,1,41224.0
42,5,0,0,0,0,279,1.0,1.0,0.06,0.06,0.0,255,18,0.07,0.08,0.0,1.0,1.0,0.0,1,121888.0
22,9,285,6483,0,1,9,0.0,0.0,1.0,0.0,0.0,66,255,1.0,0.0,0.05,0.0,0.0,0.0,0,89689.0
35,5,0,0,0,0,243,1.0,1.0,0.08,0.05,0.0,255,20,0.08,0.07,0.0,1.0,1.0,0.0,1,90981.0
45,5,0,0,0,0,53,1.0,1.0,0.04,0.09,0.0,255,13,0.05,0.08,0.0,1.0,1.0,0.0,1,1928.0
22,9,200,17733,0,1,31,0.0,0.0,1.0,0.0,0.0,255,255,1.0,0.0,0.0,0.0,0.0,0.0,0,101620.0
22,9,223,347,0,1,12,0.0,0.0,1.0,0.0,0.0,76,255,1.0,0.0,0.02,0.0,0.0,0.0,0,14172.0
22,9,236,18275,0,1,6,0.0,0.0,1.0,0.0,0.2,255,255,1.0,0.0,0.0,0.0,0.0,0.0,0,7378.0
11,9,53,119,0,0,1,0.0,0.0,1.0,0.0,0.0,255,251,0.98,0.01,0.0,0.0,0.0,0.0,0,106196.0
22,9,294,1600,0,1,6,0.0,0.0,1.0,0.0,0.0,255,255,1.0,0.0,0.0,0.0,0.0,0.0,0,12382.0
22,9,259,4567,0,1,16,0.0,0.0,1.0,0.0,0.05,255,255,1.0,0.0,0.0,0.0,0.0,0.0,0,13301.0
45,5,0,0,0,0,196,1.0,1.0,0.1,0.06,0.0,255,3,0.01,0.06,0.0,1.0,1.0,0.0,1,120468.0
45,4,0,0,0,0,114,0.0,0.0,0.02,0.56,0.0,255,2,0.01,0.25,0.0,0.0,0.0,1.0,1,56222.0
55,5,0,0,0,0,27,1.0,1.0,0.59,0.07,0.0,227,57,0.25,0.02,0.04,1.0,0.98,0.0,1,95110.0
14,9,1032,0,0,0,67,0.0,0.0,1.0,0.0,0.0,179,85,0.47,0.04,0.0,0.01,0.0,0.0,1,42314.0
41,1,0,0,0,0,511,0.12,0.0,0.0,1.0,0.0,255,1,0.0,1.0,0.0,0.13,0.0,1.0,1,78587.0
14,9,1480,0,1,0,1,0.0,0.0,1.0,0.0,0.0,4,155,0.75,0.5,0.01,0.25,0.0,0.0,1,75407.0
22,9,228,1344,0,1,32,0.0,0.0,1.0,0.0,0.0,255,255,1.0,0.0,0.0,0.0,0.0,0.0,0,110190.0
19,9,1556,0,0,0,5,0.0,0.0,1.0,0.0,0.0,255,112,0.44,0.03,0.0,0.0,0.0,0.0,0,99885.0
45,5,0,0,0,0,204,1.0,1.0,0.01,0.06,0.0,255,5,0.02,0.08,0.0,1.0,1.0,0.0,1,21755.0
45,1,0,0,0,0,132,0.0,0.0,0.02,0.09,0.0,255,2,0.01,0.08,0.0,0.0,0.0,1.0,1,92388.0
17,5,0,0,0,0,17,1.0,1.0,0.24,0.24,0.0,99,27,0.24,0.04,0.07,0.98,0.89,0.0,1,122997.0
11,9,45,130,0,0,35,0.0,0.0,0.97,0.06,0.02,255,216,0.85,0.02,0.0,0.0,0.0,0.0,0,104312.0
22,9,212,1863,0,1,9,0.0,0.0,1.0,0.0,0.24,37,255,1.0,0.0,0.02,0.0,0.0,0.0,0,41252.0
11,9,45,130,0,0,129,0.0,0.0,1.0,0.0,0.01,255,254,1.0,0.01,0.0,0.0,0.0,0.0,0,95730.0
11,9,44,99,0,0,109,0.0,0.0,1.0,0.0,0.0,255,172,0.67,0.01,0.0,0.0,0.0,0.0,0,40273.0
22,1,0,0,0,0,2,0.0,0.0,1.0,0.0,0.0,76,253,1.0,0.0,0.16,0.0,0.0,1.0,0,91813.0
22,9,343,2666,0,1,7,0.0,0.0,1.0,0.0,0.0,177,255,1.0,0.0,0.01,0.0,0.0,0.0,0,89947.0
38,5,0,0,0,0,123,1.0,1.0,0.01,0.07,0.0,255,1,0.0,0.07,0.0,1.0,1.0,0.0,1,92315.0
22,9,228,1712,0,1,6,0.0,0.0,1.0,0.0,0.0,22,195,1.0,0.0,0.05,0.0,0.0,0.0,0,8652.0
22,9,323,2025,0,1,6,0.0,0.0,1.0,0.0,0.38,6,255,1.0,0.0,0.02,0.0,0.01,0.01,0,20713.0
45,5,0,0,0,0,297,1.0,1.0,0.03,0.05,0.0,255,2,0.01,0.07,0.0,1.0,1.0,0.0,1,47042.0
45,9,28,0,3,0,32,0.0,0.0,0.97,0.06,0.0,255,31,0.12,0.02,0.0,0.0,0.0,0.0,1,124613.0
22,9,259,426,0,1,1,0.0,0.0,1.0,0.0,0.0,37,255,1.0,0.0,0.02,0.0,0.0,0.0,0,89461.0
22,9,311,3222,0,1,6,0.0,0.0,1.0,0.0,0.0,255,255,1.0,0.0,0.0,0.0,0.0,0.0,0,102004.0
14,9,520,0,0,0,13,0.0,0.0,1.0,0.0,0.0,255,255,1.0,0.0,0.0,0.0,0.0,0.0,1,51509.0
45,9,105,146,0,0,6,0.0,0.0,0.17,0.33,0.0,5,5,1.0,0.0,0.0,0.0,0.0,0.0,0,97359.0
45,1,0,0,0,0,103,0.0,0.0,0.02,0.07,0.0,28,2,0.07,0.14,0.0,0.0,0.0,1.0,1,20326.0
11,9,41,41,0,0,2,0.0,0.0,1.0,0.0,0.5,255,241,0.95,0.01,0.0,0.0,0.0,0.0,0,55217.0
22,9,245,485,0,1,2,0.0,0.0,1.0,0.0,0.55,255,255,1.0,0.0,0.0,0.0,0.0,0.0,0,112868.0
19,9,334,0,0,1,2,0.0,0.0,1.0,0.0,0.0,4,18,1.0,0.0,0.17,0.0,0.0,0.0,1,62476.0
11,9,45,160,0,0,70,0.0,0.0,1.0,0.0,0.01,255,255,1.0,0.0,0.0,0.0,0.0,0.0,0,72897.0
45,5,0,0,0,0,299,1.0,1.0,0.04,0.06,0.0,255,5,0.02,0.07,0.0,1.0,1.0,0.0,1,28051.0
22,9,317,2269,0,1,14,0.0,0.0,1.0,0.0,0.0,14,255,1.0,0.0,0.03,0.0,0.0,0.0,0,92480.0
11,9,45,45,0,0,124,0.0,0.0,1.0,0.0,0.0,255,254,1.0,0.01,0.0,0.0,0.0,0.0,0,91027.0
38,5,0,0,0,0,106,1.0,1.0,0.03,0.07,0.0,255,3,0.01,0.05,0.0,1.0,1.0,0.0,1,94927.0
22,9,220,2079,0,1,12,0.0,0.0,1.0,0.0,0.0,12,255,1.0,0.0,0.1,0.0,0.0,0.0,0,36216.0
22,9,355,820,0,1,9,0.11,0.12,1.0,0.0,0.12,117,255,1.0,0.0,0.08,0.01,0.0,0.52,0,77833.0
45,5,0,0,0,0,131,1.0,1.0,0.15,0.07,0.0,255,30,0.12,0.05,0.0,1.0,1.0,0.0,1,11797.0
55,5,0,0,0,0,10,1.0,1.0,1.0,0.0,0.0,12,12,1.0,0.0,0.0,0.83,0.83,0.0,1,124486.0
7,5,0,0,0,0,126,1.0,1.0,0.13,0.06,0.0,255,16,0.06,0.06,0.0,1.0,1.0,0.0,1,117241.0
22,9,265,15111,0,1,5,0.0,0.0,1.0,0.0,0.0,255,255,1.0,0.0,0.0,0.0,0.0,0.0,0,28571.0
22,9,298,1515,0,1,8,0.0,0.0,1.0,0.0,0.0,35,255,1.0,0.0,0.03,0.0,0.0,0.0,0,5034.0
41,9,147,0,0,0,1,0.0,0.0,1.0,0.0,0.0,255,2,0.01,0.62,0.0,0.0,0.0,0.0,0,3877.0
45,5,0,0,0,0,126,0.99,1.0,0.02,0.08,0.0,255,2,0.01,0.07,0.0,1.0,1.0,0.0,1,61129.0
11,9,44,44,0,0,2,0.0,0.0,1.0,0.0,0.67,186,182,0.98,0.01,0.0,0.0,0.0,0.0,0,20789.0
22,9,223,310,0,1,12,0.0,0.0,1.0,0.0,0.11,255,255,1.0,0.0,0.0,0.0,0.0,0.0,0,7406.0
14,9,1032,0,0,0,511,0.0,0.0,1.0,0.0,0.0,255,56,0.22,0.15,0.0,0.0,0.0,0.0,1,74822.0
14,9,1032,0,0,0,164,0.0,0.0,1.0,0.0,0.0,255,164,0.64,0.01,0.0,0.0,0.0,0.0,1,35900.0
45,5,0,0,0,0,214,1.0,1.0,0.03,0.05,0.0,172,6,0.03,0.07,0.0,0.99,1.0,0.0,1,68645.0
55,9,9941,41006,0,1,1,0.0,0.0,1.0,0.0,0.0,255,25,0.1,0.43,0.0,0.43,0.12,0.04,0,114075.0
41,9,147,105,0,0,1,0.0,0.0,1.0,0.0,0.0,41,1,0.02,0.66,0.0,0.0,0.0,0.0,0,51086.0
22,9,215,4823,0,1,41,0.0,0.0,1.0,0.0,0.0,255,255,1.0,0.0,0.0,0.0,0.0,0.0,0,113913.0
22,9,161,30205,0,1,10,0.0,0.0,1.0,0.0,0.0,255,255,1.0,0.0,0.0,0.0,0.0,0.0,0,22322.0
45,5,0,0,0,0,291,1.0,1.0,0.08,0.04,0.0,255,24,0.09,0.05,0.0,1.0,1.0,0.0,1,99439.0
31,5,0,0,0,0,74,1.0,1.0,0.04,0.08,0.0,255,3,0.01,0.06,0.0,1.0,1.0,0.0,1,109916.0
2,5,0,0,0,0,294,1.0,1.0,0.06,0.05,0.0,255,9,0.04,0.08,0.0,1.0,1.0,0.0,1,75666.0
19,9,6601,0,0,0,20,0.0,0.0,1.0,0.0,0.0,131,102,0.61,0.02,0.02,0.0,0.0,0.0,0,27584.0
45,1,0,0,0,0,117,0.0,0.0,0.17,0.05,0.0,255,20,0.08,0.06,0.0,0.0,0.0,1.0,1,79372.0
22,9,209,485,0,1,1,0.0,0.0,1.0,0.0,0.0,20,255,1.0,0.0,0.04,0.0,0.0,0.0,0,123002.0
22,9,211,6806,0,1,1,0.0,0.0,1.0,0.0,0.29,15,255,1.0,0.0,0.09,0.0,0.0,0.0,0,51557.0
22,9,225,1044,0,1,34,0.0,0.0,1.0,0.0,0.11,255,255,1.0,0.0,0.0,0.0,0.0,0.0,0,120023.0
49,9,995,334,0,1,1,0.0,0.0,1.0,0.0,1.0,78,102,0.86,0.04,0.02,0.01,0.01,0.0,0,103239.0
41,9,146,105,0,0,1,0.0,0.0,1.0,0.0,0.0,255,1,0.0,0.66,0.0,0.0,0.0,0.0,0,117076.0
13,9,8,0,0,0,1,0.0,0.0,1.0,0.0,1.0,2,4,1.0,0.0,0.5,0.0,0.0,0.0,1,48686.0
17,5,0,0,0,0,30,1.0,1.0,0.27,0.13,0.0,255,63,0.25,0.02,0.0,1.0,1.0,0.0,1,28837.0
19,9,374,0,0,1,3,0.0,0.0,1.0,0.0,0.0,255,102,0.4,0.02,0.0,0.0,0.0,0.0,0,72971.0
49,9,975,333,0,1,1,0.0,0.0,1.0,0.0,0.0,223,171,0.77,0.02,0.0,0.0,0.0,0.0,0,32135.0
11,9,33,93,0,0,3,0.0,0.0,0.67,0.67,0.25,34,28,0.82,0.09,0.0,0.0,0.0,0.0,0,72741.0
14,9,1032,0,0,0,29,0.0,0.0,1.0,0.0,0.0,255,29,0.11,0.02,0.0,0.0,0.0,0.0,1,89570.0
33,5,0,0,0,0,277,1.0,1.0,0.03,0.06,0.0,255,9,0.04,0.08,0.0,1.0,1.0,0.0,1,62013.0
45,5,0,0,0,0,230,1.0,1.0,0.04,0.05,0.0,171,9,0.05,0.07,0.0,0.92,1.0,0.0,1,100873.0
22,9,182,805,0,1,1,0.0,0.0,1.0,0.0,0.0,255,255,1.0,0.0,0.0,0.0,0.0,0.0,0,81786.0
22,9,282,9161,0,1,1,0.0,0.0,1.0,0.0,0.0,229,255,1.0,0.0,0.02,0.0,0.0,0.0,0,39364.0
22,9,247,171,0,1,3,0.33,0.2,1.0,0.0,0.4,10,255,1.0,0.0,0.05,0.1,0.0,0.0,0,6705.0
11,9,43,43,0,0,148,0.0,0.0,1.0,0.0,0.01,255,212,0.83,0.01,0.0,0.0,0.0,0.0,0,41377.0
45,5,0,0,0,0,252,1.0,1.0,0.0,0.06,0.0,255,1,0.0,0.05,0.0,1.0,1.0,0.0,1,31901.0
41,9,1,0,0,0,41,0.0,0.0,0.05,0.2,0.0,255,2,0.01,0.1,0.0,0.0,0.0,0.0,1,120824.0
22,9,204,2531,0,1,7,0.0,0.0,1.0,0.0,0.2,189,189,1.0,0.0,0.0,0.0,0.0,0.0,0,32169.0
22,9,278,168,0,1,3,0.0,0.0,1.0,0.0,0.0,3,255,1.0,0.0,0.01,0.0,0.0,0.0,0,30530.0
22,9,283,1528,0,1,6,0.0,0.0,1.0,0.0,0.0,6,255,1.0,0.0,0.04,0.0,0.0,0.0,0,121592.0
11,9,42,42,0,0,197,0.0,0.0,1.0,0.0,0.0,255,255,1.0,0.0,0.0,0.0,0.0,0.0,0,51438.0
45,5,0,0,0,0,132,1.0,1.0,0.11,0.07,0.0,255,8,0.03,0.07,0.0,1.0,1.0,0.0,1,72240.0
54,5,0,0,0,0,258,1.0,1.0,0.09,0.05,0.0,255,24,0.09,0.05,0.0,1.0,1.0,0.0,1,84560.0
11,9,46,46,0,0,104,0.0,0.0,1.0,0.0,0.0,255,170,0.67,0.01,0.0,0.0,0.0,0.0,0,73054.0
16,5,0,0,0,0,120,1.0,1.0,0.21,0.04,0.0,255,25,0.1,0.04,0.0,1.0,1.0,0.0,1,59096.0
57,5,0,0,0,0,263,1.0,1.0,0.06,0.05,0.0,255,15,0.06,0.05,0.0,1.0,1.0,0.0,1,103890.0
17,5,0,0,0,0,14,1.0,1.0,0.21,0.29,0.0,255,63,0.25,0.02,0.0,1.0,1.0,0.0,1,123084.0
19,9,0,5151154,0,0,1,0.0,0.0,1.0,0.0,0.0,16,16,1.0,0.0,0.0,0.0,0.0,0.0,0,59961.0
22,9,218,307,0,1,2,0.0,0.0,1.0,0.0,0.29,255,255,1.0,0.0,0.0,0.0,0.0,0.0,0,54553.0
22,1,0,0,0,0,1,0.0,0.0,1.0,0.0,0.0,30,255,1.0,0.0,0.06,0.0,0.0,0.54,0,88757.0
45,5,0,0,0,0,134,1.0,1.0,0.02,0.06,0.0,255,1,0.0,0.08,0.0,1.0,1.0,0.0,1,43798.0
45,5,0,0,0,0,239,1.0,1.0,0.06,0.06,0.0,255,15,0.06,0.07,0.0,1.0,1.0,0.0,1,6339.0
22,5,0,0,0,0,144,1.0,1.0,0.1,0.06,0.0,255,15,0.06,0.06,0.0,1.0,1.0,0.0,1,51774.0
49,9,2968,328,0,1,3,0.33,0.33,1.0,0.0,0.0,154,119,0.51,0.04,0.02,0.01,0.01,0.0,0,77007.0
19,9,5171,0,0,1,1,0.0,0.0,1.0,0.0,0.0,129,43,0.15,0.05,0.05,0.01,0.0,0.0,0,27609.0
11,9,46,46,0,0,5,0.0,0.0,0.2,0.4,0.4,87,84,0.97,0.02,0.0,0.0,0.0,0.0,0,108266.0
22,9,221,758,0,1,17,0.0,0.0,1.0,0.0,0.0,255,255,1.0,0.0,0.0,0.0,0.0,0.0,0,39651.0
22,9,196,6356,0,1,17,0.0,0.0,1.0,0.0,0.1,255,255,1.0,0.0,0.0,0.0,0.0,0.0,0,12247.0
11,9,42,42,0,0,3,0.0,0.0,1.0,0.0,0.4,255,238,0.93,0.02,0.0,0.0,0.0,0.0,0,82274.0
22,9,209,2071,0,1,6,0.0,0.0,1.0,0.0,0.29,255,255,1.0,0.0,0.0,0.0,0.0,0.0,0,14584.0
9,5,0,0,0,0,276,1.0,1.0,0.01,0.06,0.0,255,2,0.01,0.08,0.0,1.0,1.0,0.0,1,16253.0
22,9,297,267,0,1,7,0.0,0.0,1.0,0.0,0.43,65,255,1.0,0.0,0.02,0.0,0.0,0.0,0,40145.0
13,9,8,0,0,0,1,0.0,0.0,1.0,0.0,1.0,1,86,1.0,0.0,0.51,0.0,0.0,0.0,1,91290.0
22,9,231,281,0,1,16,0.0,0.0,1.0,0.0,0.12,207,255,1.0,0.0,0.01,0.0,0.0,0.0,0,44632.0
11,9,46,71,0,0,216,0.0,0.0,1.0,0.0,0.0,255,250,0.98,0.01,0.0,0.0,0.0,0.0,0,53960.0
22,9,229,9920,0,1,1,0.0,0.0,1.0,0.0,0.15,10,46,1.0,0.0,0.04,0.0,0.0,0.0,0,73192.0
49,9,1789,331,0,1,1,0.0,0.0,1.0,0.0,1.0,48,157,0.75,0.08,0.01,0.0,0.0,0.0,0,65164.0
22,9,219,2097,0,1,2,0.0,0.0,1.0,0.0,0.67,2,255,1.0,0.0,0.07,0.0,0.0,0.0,0,3901.0
61,5,0,0,0,0,206,1.0,1.0,0.05,0.06,0.0,255,20,0.08,0.07,0.0,1.0,1.0,0.0,1,106439.0
5,5,0,0,0,0,109,1.0,1.0,0.06,0.07,0.0,255,7,0.03,0.08,0.0,1.0,1.0,0.0,1,16490.0
22,9,344,1697,0,1,4,0.0,0.0,1.0,0.0,0.0,44,223,1.0,0.0,0.14,0.0,0.0,0.95,0,82213.0
13,9,8,0,0,0,1,0.0,0.0,1.0,0.0,1.0,2,13,1.0,0.0,0.54,0.0,0.0,0.0,1,16391.0
45,5,0,0,0,0,102,1.0,1.0,0.13,0.06,0.0,3,2,0.67,0.67,0.0,1.0,1.0,0.0,1,113898.0
41,9,146,105,0,0,3,0.0,0.0,0.67,0.67,0.0,255,2,0.01,0.86,0.0,0.0,0.0,0.0,0,35673.0
45,5,0,0,0,0,122,1.0,1.0,0.07,0.07,0.0,255,10,0.04,0.06,0.0,1.0,1.0,0.0,1,72280.0
11,9,43,43,0,0,98,0.0,0.0,1.0,0.0,0.01,255,255,1.0,0.0,0.0,0.0,0.0,0.0,0,123479.0
45,4,0,0,0,0,1,0.0,0.0,1.0,0.0,0.0,189,1,0.01,0.48,0.0,0.0,0.0,1.0,1,68762.0
11,9,46,142,0,0,76,0.0,0.0,1.0,0.0,0.01,255,239,0.94,0.01,0.0,0.0,0.0,0.0,0,57248.0
22,9,274,4089,0,1,7,0.0,0.0,1.0,0.0,0.0,20,255,1.0,0.0,0.05,0.0,0.0,0.0,0,32714.0
14,9,1032,0,0,0,510,0.0,0.0,1.0,0.0,0.0,255,242,0.95,0.01,0.0,0.0,0.0,0.0,1,18895.0
11,9,42,42,0,0,181,0.0,0.0,1.0,0.0,0.0,255,254,1.0,0.01,0.0,0.0,0.0,0.0,0,61340.0
49,9,2181,448,0,1,1,0.0,0.0,1.0,0.0,1.0,138,151,0.61,0.03,0.01,0.0,0.0,0.0,0,67368.0
8,5,0,0,0,0,269,1.0,1.0,0.02,0.06,0.0,255,6,0.02,0.08,0.0,1.0,1.0,0.0,1,89761.0
11,9,45,45,0,0,136,0.0,0.0,1.0,0.0,0.01,255,255,1.0,0.0,0.0,0.0,0.0,0.0,0,58722.0
45,4,0,0,0,0,1,0.0,0.0,1.0,0.0,0.0,255,1,0.0,0.82,0.0,0.0,0.0,1.0,1,44704.0
22,9,336,331,0,1,23,0.0,0.0,1.0,0.0,0.12,255,255,1.0,0.0,0.0,0.0,0.0,0.0,0,102583.0
19,9,501760,0,0,1,1,0.0,0.0,1.0,0.0,0.0,117,37,0.32,0.03,0.0,0.0,0.0,0.0,0,52730.0
22,9,200,1299,0,1,12,0.0,0.0,1.0,0.0,0.0,12,255,1.0,0.0,0.03,0.0,0.0,0.0,0,107406.0
22,9,195,8104,0,1,4,0.0,0.0,1.0,0.0,0.4,15,255,1.0,0.0,0.03,0.0,0.0,0.0,0,115777.0
45,9,28,0,3,0,22,0.0,0.0,1.0,0.0,0.0,94,22,0.23,0.04,0.0,0.0,0.0,0.0,1,68488.0
13,9,8,0,0,0,1,0.0,0.0,1.0,0.0,1.0,1,39,1.0,0.0,0.51,0.0,0.0,0.0,1,91161.0
27,5,0,0,0,0,95,1.0,1.0,0.11,0.06,0.0,255,10,0.04,0.06,0.0,1.0,1.0,0.0,1,9949.0
5,5,0,0,0,0,127,1.0,1.0,0.05,0.05,0.0,255,6,0.02,0.05,0.0,1.0,1.0,0.0,1,58255.0
11,9,44,133,0,0,70,0.0,0.0,0.99,0.03,0.01,255,239,0.94,0.01,0.0,0.0,0.0,0.0,0,63040.0
22,9,336,269,0,1,11,0.0,0.0,1.0,0.0,0.0,154,255,1.0,0.0,0.04,0.0,0.0,0.0,0,89394.0
22,9,352,1695,0,1,7,0.0,0.0,1.0,0.0,0.0,255,255,1.0,0.0,0.0,0.0,0.0,0.0,0,18004.0
22,9,232,5309,0,1,21,0.0,0.0,1.0,0.0,0.0,23,255,1.0,0.0,0.01,0.0,0.0,0.0,0,1706.0
22,9,213,285,0,1,20,0.0,0.0,1.0,0.0,0.0,163,255,1.0,0.0,0.01,0.0,0.0,0.0,0,57697.0
22,9,226,422,0,1,7,0.0,0.0,1.0,0.0,0.25,43,255,1.0,0.0,0.01,0.0,0.0,0.0,0,35369.0
22,9,225,12922,0,1,10,0.0,0.0,1.0,0.0,0.0,255,255,1.0,0.0,0.0,0.0,0.0,0.0,0,17981.0
22,9,231,37654,0,1,1,0.0,0.0,1.0,0.0,0.0,255,255,1.0,0.0,0.0,0.0,0.0,0.0,0,2878.0
22,9,224,308,0,1,9,0.0,0.0,1.0,0.0,0.17,255,255,1.0,0.0,0.0,0.0,0.0,0.0,0,28965.0
22,9,316,2345,0,1,1,0.0,0.03,1.0,0.0,0.07,1,255,1.0,0.0,0.04,0.0,0.01,0.0,0,10710.0
22,9,277,50694,0,1,6,0.0,0.0,1.0,0.0,0.0,32,255,1.0,0.0,0.05,0.0,0.0,0.0,0,69478.0
22,9,252,273525,0,1,1,0.0,0.0,1.0,0.0,0.05,255,226,0.89,0.01,0.0,0.0,0.0,0.0,0,101685.0
49,9,1219,399,0,1,1,0.0,0.0,1.0,0.0,1.0,49,128,0.51,0.08,0.02,0.0,0.0,0.0,0,59596.0
49,9,749,334,0,1,1,0.0,0.0,1.0,0.0,1.0,91,68,0.56,0.02,0.03,0.0,0.0,0.0,0,114180.0
9,5,0,0,0,0,235,1.0,1.0,0.02,0.07,0.0,255,7,0.03,0.07,0.0,1.0,1.0,0.0,1,101881.0
49,9,6531,326,0,1,1,0.0,0.0,1.0,0.0,0.0,48,119,0.96,0.04,0.03,0.0,0.0,0.0,0,72262.0
45,5,0,0,0,0,205,1.0,1.0,0.03,0.07,0.0,255,6,0.02,0.07,0.0,1.0,1.0,0.0,1,122178.0
17,5,0,0,0,0,1,1.0,1.0,1.0,0.0,0.0,1,6,1.0,0.0,0.33,1.0,0.17,0.0,0,113810.0
49,9,618,330,0,1,1,0.0,0.0,1.0,0.0,0.0,20,229,0.95,0.1,0.01,0.0,0.0,0.0,0,85400.0
49,9,989,334,0,1,1,0.0,0.0,1.0,0.0,1.0,15,170,0.47,0.27,0.02,0.0,0.0,0.0,0,93414.0
22,9,217,1024,0,1,6,0.0,0.0,1.0,0.0,0.0,6,255,1.0,0.0,0.03,0.0,0.0,0.0,0,37815.0
11,9,44,133,0,0,11,0.0,0.0,1.0,0.0,0.01,69,200,0.78,0.03,0.01,0.0,0.0,0.0,0,70684.0
22,9,306,457,0,1,27,0.0,0.0,1.0,0.0,0.09,255,255,1.0,0.0,0.0,0.0,0.0,0.0,0,110692.0
45,1,0,0,0,0,185,0.02,0.0,0.01,1.0,0.0,255,1,0.0,0.75,0.0,0.01,0.0,1.0,1,35514.0
22,9,180,4386,0,1,2,0.0,0.0,1.0,0.0,0.0,4,255,1.0,0.0,0.07,0.0,0.0,0.0,0,93030.0
22,9,54540,8314,0,1,4,0.0,0.0,1.0,0.0,0.0,255,255,1.0,0.0,0.0,0.0,0.0,0.06,1,29389.0
45,5,0,0,0,0,45,1.0,1.0,0.44,0.09,0.0,255,20,0.08,0.07,0.0,1.0,1.0,0.0,1,69928.0
22,1,0,0,0,0,13,0.0,0.0,1.0,0.0,0.0,48,251,1.0,0.0,0.18,0.0,0.0,0.98,0,17620.0
16,2,0,0,0,0,116,0.0,0.0,0.02,0.07,0.0,255,2,0.01,0.06,0.0,0.0,0.0,1.0,1,76381.0
45,9,28,0,3,0,88,0.01,0.0,0.98,0.03,0.0,255,86,0.34,0.02,0.0,0.0,0.0,0.0,1,6500.0
11,9,45,79,0,0,277,0.0,0.0,1.0,0.01,0.0,255,254,1.0,0.01,0.0,0.0,0.0,0.0,0,29886.0
31,5,0,0,0,0,102,1.0,1.0,0.2,0.06,0.0,255,19,0.07,0.06,0.0,1.0,1.0,0.0,1,116416.0
2,5,0,0,0,0,264,1.0,1.0,0.05,0.06,0.0,255,13,0.05,0.07,0.0,1.0,1.0,0.0,1,57557.0
19,9,276,0,0,0,12,0.0,0.0,1.0,0.0,0.0,255,132,0.52,0.01,0.0,0.0,0.01,0.0,0,67345.0
49,9,1158,334,0,1,1,0.0,0.0,1.0,0.0,0.0,27,138,0.85,0.11,0.01,0.0,0.0,0.0,0,96828.0
26,5,0,0,0,0,272,1.0,1.0,0.06,0.06,0.0,255,17,0.07,0.07,0.0,1.0,1.0,0.0,1,28509.0
21,5,0,0,0,0,268,1.0,1.0,0.01,0.06,0.0,255,2,0.01,0.07,0.0,1.0,1.0,0.0,1,109458.0
19,9,245,0,0,1,2,0.0,0.0,0.5,1.0,0.0,2,2,1.0,0.0,0.0,0.0,0.0,0.0,0,87313.0
45,4,0,0,0,0,1,0.0,0.0,1.0,0.0,0.0,167,1,0.01,0.71,0.0,0.04,0.0,1.0,1,91113.0
41,9,146,105,0,0,1,0.0,0.0,1.0,0.0,0.0,255,2,0.01,0.56,0.0,0.0,0.0,0.0,0,118611.0
22,9,185,11380,0,1,1,0.0,0.0,1.0,0.0,0.0,255,253,0.99,0.01,0.0,0.0,0.0,0.0,0,69416.0
62,5,0,0,0,0,220,1.0,1.0,0.06,0.06,0.0,255,13,0.05,0.07,0.0,1.0,1.0,0.0,1,104566.0
22,1,0,0,0,0,1,0.0,0.0,1.0,0.0,0.0,4,243,1.0,0.0,0.25,0.0,0.0,0.98,0,74304.0
32,5,0,0,0,0,290,1.0,1.0,0.02,0.04,0.0,255,6,0.02,0.05,0.0,1.0,1.0,0.0,1,54246.0
7,5,0,0,0,0,197,1.0,1.0,0.03,0.08,0.0,255,5,0.02,0.08,0.0,1.0,1.0,0.0,1,111165.0
45,5,0,0,0,0,62,1.0,1.0,0.29,0.05,0.0,255,18,0.07,0.04,0.0,1.0,1.0,0.0,1,5824.0
17,5,0,0,0,0,54,1.0,1.0,0.37,0.07,0.0,255,80,0.31,0.02,0.0,1.0,1.0,0.0,1,73431.0
11,9,42,123,0,0,186,0.0,0.0,0.99,0.01,0.0,75,42,0.56,0.03,0.0,0.0,0.0,0.0,0,26369.0
39,9,6,0,0,1,3,0.0,0.0,0.33,1.0,0.0,255,1,0.0,0.33,0.0,0.0,0.0,0.0,1,36396.0
22,9,322,1564,0,1,18,0.0,0.0,1.0,0.0,0.0,214,255,1.0,0.0,0.01,0.0,0.0,0.0,0,37148.0
22,9,312,581,0,1,11,0.0,0.0,1.0,0.0,0.17,56,106,1.0,0.0,0.03,0.0,0.0,0.01,0,37596.0
22,9,306,573,0,1,9,0.0,0.0,1.0,0.0,0.2,255,255,1.0,0.0,0.0,0.0,0.0,0.0,0,53507.0
45,1,0,0,0,0,149,0.0,0.0,0.13,0.06,0.0,255,20,0.08,0.05,0.0,0.0,0.0,1.0,1,38037.0
1,9,14600,15900,0,1,1,0.0,0.0,1.0,0.0,0.0,19,16,0.84,0.11,0.0,0.05,0.06,0.06,0,86690.0
49,9,2077,328,0,1,1,0.0,0.0,1.0,0.0,1.0,211,133,0.55,0.03,0.02,0.01,0.02,0.0,0,15789.0
22,9,230,3864,0,1,6,0.0,0.0,1.0,0.0,0.0,25,255,1.0,0.0,0.04,0.0,0.01,0.01,0,100564.0
63,5,0,0,0,0,249,1.0,1.0,0.04,0.06,0.0,255,9,0.04,0.07,0.0,1.0,1.0,0.0,1,73604.0
11,9,43,131,0,0,172,0.0,0.0,1.0,0.0,0.0,255,255,1.0,0.0,0.0,0.0,0.0,0.0,0,107248.0
45,5,0,0,0,0,243,1.0,1.0,0.01,0.06,0.0,255,8,0.03,0.09,0.0,1.0,1.0,0.0,1,50985.0
52,5,0,0,0,0,300,1.0,1.0,0.08,0.05,0.0,255,25,0.1,0.05,0.0,1.0,1.0,0.0,1,84352.0
19,9,334,0,0,1,1,0.0,0.0,1.0,0.0,0.0,1,19,1.0,0.0,0.26,0.0,0.0,0.0,1,65810.0
22,9,246,1791,0,1,4,0.0,0.0,1.0,0.0,0.0,71,255,1.0,0.0,0.05,0.0,0.0,0.02,0,57986.0
39,4,0,0,0,0,1,0.0,0.0,1.0,0.0,0.0,255,1,0.0,0.47,0.0,0.0,0.0,1.0,1,124758.0
22,9,233,4296,0,1,1,0.0,0.0,1.0,0.0,1.0,1,255,1.0,0.0,0.02,0.0,0.0,0.0,0,13856.0
19,5,0,0,0,0,60,1.0,1.0,0.2,0.07,0.0,255,53,0.21,0.04,0.0,1.0,1.0,0.0,1,47004.0
45,5,0,0,0,0,232,1.0,1.0,0.03,0.07,0.0,255,8,0.03,0.08,0.0,1.0,1.0,0.0,1,52019.0
19,9,71,0,0,0,1,0.0,0.0,1.0,0.0,0.0,236,11,0.05,0.01,0.0,0.85,0.0,0.0,0,53387.0
19,9,10389,0,0,1,7,0.0,0.0,1.0,0.0,0.22,255,95,0.37,0.02,0.0,0.0,0.0,0.0,0,66296.0
22,9,202,277,0,1,15,0.0,0.0,1.0,0.0,0.0,152,255,1.0,0.0,0.02,0.0,0.0,0.0,0,32007.0
45,9,28,0,3,0,52,0.0,0.0,1.0,0.0,0.0,255,152,0.6,0.41,0.0,0.09,0.0,0.0,1,6400.0
45,9,28,0,3,0,27,0.0,0.0,1.0,0.0,0.0,255,27,0.11,0.01,0.0,0.0,0.0,0.0,1,64923.0
22,9,322,753,0,1,3,0.0,0.0,1.0,0.0,0.0,255,255,1.0,0.0,0.0,0.0,0.0,0.0,0,124694.0
38,5,0,0,0,0,149,1.0,1.0,0.13,0.06,0.0,255,20,0.08,0.05,0.0,1.0,1.0,0.0,1,119153.0
22,9,267,703,0,1,2,0.0,0.0,1.0,0.0,0.0,255,255,1.0,0.0,0.0,0.0,0.0,0.01,0,118336.0
45,5,0,0,0,0,122,1.0,1.0,0.11,0.07,0.0,66,13,0.2,0.12,0.0,1.0,1.0,0.0,1,119999.0
49,9,517,282,0,1,1,0.0,0.0,1.0,0.0,0.0,110,98,0.46,0.06,0.02,0.0,0.0,0.0,0,77049.0
45,1,0,0,0,0,104,0.0,0.0,0.04,0.08,0.0,255,4,0.02,0.06,0.0,0.0,0.0,1.0,1,67613.0
22,9,233,33730,0,1,6,0.0,0.0,1.0,0.0,0.0,255,255,1.0,0.0,0.0,0.0,0.0,0.0,0,119015.0
49,9,904,330,0,1,1,0.0,0.0,1.0,0.0,1.0,2,184,1.0,0.0,0.01,0.0,0.0,0.0,0,2799.0
11,9,44,161,0,0,294,0.0,0.0,1.0,0.01,0.0,255,222,0.87,0.01,0.0,0.0,0.0,0.0,0,18705.0
11,9,43,127,0,0,1,0.0,0.0,1.0,0.0,0.1,255,255,1.0,0.0,0.0,0.0,0.0,0.0,0,96074.0
22,9,241,9177,0,1,7,0.0,0.0,1.0,0.0,0.0,16,255,1.0,0.0,0.02,0.0,0.0,0.0,0,39218.0
18,9,1449,4152,0,1,1,0.0,0.0,1.0,0.0,0.0,138,32,0.23,0.03,0.0,0.0,0.0,0.0,0,78540.0
45,5,0,0,0,0,240,1.0,1.0,0.04,0.07,0.0,255,9,0.04,0.07,0.0,1.0,1.0,0.0,1,11543.0
54,5,0,0,0,0,126,1.0,1.0,0.02,0.07,0.0,255,3,0.01,0.08,0.0,1.0,1.0,0.0,1,124527.0
22,9,306,701,0,1,14,0.0,0.0,1.0,0.0,0.0,14,255,1.0,0.0,0.06,0.0,0.01,0.0,0,31376.0
22,9,355,1091,0,1,4,0.0,0.0,1.0,0.0,0.0,41,255,1.0,0.0,0.01,0.0,0.0,0.0,0,16072.0
22,9,291,18022,0,1,9,0.0,0.0,1.0,0.0,0.0,9,228,1.0,0.0,0.03,0.0,0.0,0.0,0,74134.0
45,5,0,0,0,0,97,1.0,1.0,0.18,0.05,0.0,255,17,0.07,0.05,0.0,1.0,1.0,0.0,1,62908.0
26,5,0,0,0,0,292,1.0,1.0,0.03,0.05,0.0,255,9,0.04,0.07,0.0,1.0,1.0,0.0,1,60317.0
22,9,223,10541,0,1,2,0.0,0.0,1.0,0.0,0.0,9,255,1.0,0.0,0.04,0.0,0.0,0.0,0,109695.0
19,9,11376,0,0,0,1,0.0,0.0,1.0,0.0,0.0,134,50,0.1,0.03,0.04,0.0,0.0,0.0,0,65967.0
22,9,164,9286,0,1,16,0.0,0.0,1.0,0.0,0.0,69,255,1.0,0.0,0.02,0.0,0.0,0.0,0,106922.0
45,5,0,0,0,0,228,1.0,1.0,0.05,0.07,0.0,255,5,0.02,0.09,0.0,1.0,1.0,0.0,1,65136.0
49,9,978,331,0,1,1,0.0,0.0,1.0,0.0,0.0,69,183,0.87,0.07,0.01,0.0,0.0,0.0,0,13129.0
22,9,336,3141,0,1,3,0.0,0.0,1.0,0.0,0.33,74,255,1.0,0.0,0.02,0.0,0.0,0.0,0,93959.0
22,9,214,128,0,1,16,0.0,0.0,1.0,0.0,0.0,16,255,1.0,0.0,0.01,0.0,0.0,0.0,0,62120.0
22,1,0,0,0,0,1,0.0,0.0,1.0,0.0,0.33,61,194,0.02,1.0,0.04,0.0,0.0,0.01,0,124512.0
22,9,204,253,0,1,22,0.0,0.0,1.0,0.0,0.05,255,255,1.0,0.0,0.0,0.0,0.0,0.0,0,102568.0
45,9,1,0,0,0,8,0.0,0.0,1.0,0.0,0.0,255,8,0.03,0.53,0.0,0.04,0.0,0.0,1,62293.0
41,1,0,0,0,0,511,0.21,0.0,0.0,1.0,0.0,255,1,0.0,1.0,0.0,0.21,0.0,1.0,1,59299.0
20,1,0,0,0,0,211,0.0,0.0,0.02,0.07,0.0,255,4,0.02,0.08,0.0,0.0,0.0,1.0,1,71123.0
33,5,0,0,0,0,233,1.0,1.0,0.03,0.06,0.0,255,8,0.03,0.07,0.0,1.0,1.0,0.0,1,47432.0
22,9,201,1623,0,1,25,0.0,0.0,1.0,0.0,0.0,80,255,1.0,0.0,0.01,0.0,0.0,0.0,0,81551.0
49,9,1160,330,0,1,1,0.0,0.0,1.0,0.0,0.0,70,129,0.57,0.06,0.02,0.0,0.1,0.0,0,97311.0
55,2,0,0,0,0,224,0.0,0.0,0.05,0.07,0.0,255,12,0.05,0.09,0.0,0.0,0.0,1.0,1,6720.0
45,5,0,0,0,0,110,1.0,1.0,0.04,0.07,0.0,108,4,0.04,0.09,0.0,1.0,1.0,0.0,1,51165.0
63,5,0,0,0,0,267,1.0,1.0,0.09,0.05,0.0,255,23,0.09,0.05,0.0,1.0,1.0,0.0,1,76504.0
22,9,330,4751,0,1,2,0.0,0.0,1.0,0.0,0.2,4,255,1.0,0.0,0.04,0.0,0.0,0.0,0,102197.0
22,9,318,645,0,1,21,0.0,0.0,1.0,0.0,0.0,255,255,1.0,0.0,0.0,0.0,0.0,0.0,0,31449.0
55,5,0,0,0,0,64,0.98,1.0,0.23,0.08,0.0,255,35,0.14,0.05,0.0,1.0,1.0,0.0,1,102262.0
55,5,0,0,0,0,229,1.0,1.0,0.06,0.07,0.0,255,19,0.07,0.07,0.0,1.0,1.0,0.0,1,90744.0
45,9,1,0,0,0,125,0.0,0.0,0.84,0.03,0.0,255,155,0.61,0.05,0.0,0.0,0.0,0.0,1,84437.0
45,5,0,0,0,0,177,1.0,1.0,0.05,0.07,0.0,255,8,0.03,0.08,0.0,1.0,1.0,0.0,1,55834.0
22,9,313,17950,0,1,5,0.0,0.0,1.0,0.0,0.33,36,255,1.0,0.0,0.05,0.0,0.0,0.0,0,120054.0
45,5,0,0,0,0,31,1.0,1.0,0.45,0.13,0.0,255,14,0.05,0.07,0.0,1.0,1.0,0.0,1,104373.0
22,9,288,5669,0,1,9,0.0,0.0,1.0,0.0,0.0,9,255,1.0,0.0,0.03,0.0,0.0,0.0,0,88863.0
22,9,285,1757,0,1,22,0.0,0.0,1.0,0.0,0.11,167,237,1.0,0.0,0.05,0.01,0.0,0.0,0,14735.0
22,9,223,338,0,1,7,0.0,0.0,1.0,0.0,0.0,28,255,1.0,0.0,0.05,0.0,0.0,0.0,0,91069.0
17,5,0,0,0,0,249,1.0,1.0,0.05,0.06,0.0,255,12,0.05,0.06,0.0,1.0,1.0,0.0,1,101998.0
45,5,0,0,0,0,133,1.0,1.0,0.03,0.06,0.0,136,4,0.03,0.07,0.0,1.0,1.0,0.0,1,101253.0
28,1,0,0,0,0,144,0.0,0.0,0.14,0.06,0.0,255,20,0.08,0.05,0.0,0.0,0.0,1.0,1,27162.0
45,5,0,0,0,0,143,1.0,1.0,0.13,0.06,0.0,255,4,0.02,0.06,0.0,1.0,1.0,0.0,1,384.0
22,9,206,608,0,1,1,0.0,0.0,1.0,0.0,0.0,1,255,1.0,0.0,0.06,0.0,0.0,0.0,0,34578.0
19,9,334,0,0,1,2,0.0,0.0,1.0,0.0,0.0,9,36,1.0,0.0,0.08,0.0,0.0,0.0,1,11550.0
22,9,299,3560,0,1,24,0.0,0.0,1.0,0.0,0.0,45,255,1.0,0.0,0.06,0.0,0.0,0.0,0,47722.0
22,9,146,1793,0,1,1,0.0,0.0,1.0,0.0,0.0,7,255,1.0,0.0,0.06,0.0,0.0,0.0,0,76333.0
45,5,0,0,0,0,120,1.0,1.0,0.06,0.06,0.0,255,3,0.01,0.06,0.0,1.0,1.0,0.0,1,54346.0
22,9,300,24786,0,1,9,0.0,0.0,1.0,0.0,0.0,255,255,1.0,0.0,0.0,0.0,0.0,0.0,0,124852.0
63,5,0,0,0,0,231,1.0,1.0,0.0,0.07,0.0,255,1,0.0,0.08,0.0,1.0,1.0,0.0,1,101103.0
22,9,348,336,0,1,10,0.0,0.0,1.0,0.0,0.11,255,255,1.0,0.0,0.0,0.0,0.0,0.0,0,51254.0
19,9,88382,0,0,0,12,0.0,0.0,1.0,0.0,0.0,18,83,1.0,0.0,0.02,0.0,0.0,0.0,0,51238.0
22,6,231,321,0,1,3,0.33,0.25,1.0,0.0,0.5,255,255,1.0,0.0,0.0,0.0,0.0,0.0,0,5438.0
45,5,0,0,0,0,98,1.0,1.0,0.14,0.06,0.0,255,3,0.01,0.07,0.0,1.0,1.0,0.0,1,88118.0
60,5,0,0,0,0,139,1.0,1.0,0.09,0.06,0.0,255,7,0.03,0.07,0.0,1.0,1.0,0.0,1,10572.0
19,5,0,0,0,0,258,1.0,1.0,0.01,0.07,0.0,255,3,0.01,0.07,0.0,1.0,1.0,0.0,1,50141.0
16,5,0,0,0,0,130,1.0,1.0,0.02,0.07,0.0,255,2,0.01,0.07,0.0,1.0,1.0,0.0,1,117551.0
13,9,8,0,0,0,1,0.0,0.0,1.0,0.0,1.0,1,129,1.0,0.0,0.51,0.0,0.0,0.0,1,27329.0
45,9,105,0,0,0,1,0.0,0.0,1.0,0.0,0.0,186,169,0.91,0.02,0.0,0.0,0.0,0.0,0,63364.0
34,5,0,0,0,0,130,1.0,1.0,0.02,0.05,0.0,255,3,0.01,0.05,0.0,1.0,1.0,0.0,1,117961.0
45,5,0,0,0,0,122,1.0,1.0,0.07,0.06,0.0,255,14,0.05,0.06,0.0,1.0,1.0,0.0,1,42070.0
49,9,737,330,0,1,1,0.0,0.0,1.0,0.0,0.0,172,85,0.49,0.04,0.0,0.0,0.0,0.0,0,71230.0
14,9,1032,0,0,0,30,0.0,0.0,1.0,0.0,0.0,255,30,0.12,0.02,0.0,0.0,0.0,0.0,1,112751.0
22,9,208,367,0,1,19,0.0,0.0,1.0,0.0,0.14,19,255,1.0,0.0,0.02,0.0,0.0,0.0,0,59043.0
22,9,272,392,0,1,1,0.0,0.0,1.0,0.0,0.0,1,255,1.0,0.0,0.01,0.0,0.0,0.0,0,10351.0
49,9,918,476,0,1,1,0.0,0.0,1.0,0.0,0.0,169,130,0.4,0.02,0.02,0.01,0.0,0.0,0,74740.0
22,1,0,0,0,0,1,0.0,0.0,1.0,0.0,1.0,12,255,1.0,0.0,0.2,0.0,0.0,0.95,0,40752.0
22,9,213,1321,0,1,2,0.0,0.0,1.0,0.0,0.67,76,255,1.0,0.0,0.04,0.01,0.0,0.0,0,47306.0
22,9,219,10179,0,1,3,0.0,0.0,1.0,0.0,0.5,37,255,1.0,0.0,0.03,0.03,0.01,0.0,0,90780.0
38,1,0,0,0,0,118,0.0,0.0,0.07,0.07,0.0,255,8,0.03,0.07,0.0,0.0,0.0,1.0,1,20929.0
13,9,8,0,0,0,1,0.0,0.0,1.0,0.0,1.0,2,146,1.0,0.0,0.5,0.0,0.0,0.0,1,56570.0
22,9,298,316,0,1,10,0.0,0.0,1.0,0.0,0.25,255,255,1.0,0.0,0.0,0.0,0.0,0.0,0,83316.0
22,9,337,1173,0,1,2,0.5,0.25,1.0,0.0,0.75,255,255,1.0,0.0,0.0,0.01,0.01,0.0,0,13752.0
22,9,209,619,0,1,9,0.0,0.0,1.0,0.0,0.0,29,255,1.0,0.0,0.04,0.0,0.0,0.0,0,59488.0
62,5,0,0,0,0,236,1.0,1.0,0.07,0.06,0.0,255,5,0.02,0.07,0.0,1.0,1.0,0.0,1,123912.0
11,9,44,137,0,0,262,0.0,0.0,1.0,0.01,0.0,255,251,0.98,0.01,0.0,0.0,0.0,0.0,0,50723.0
45,10,0,0,0,0,1,1.0,1.0,1.0,0.0,0.0,152,1,0.01,0.93,0.0,0.95,1.0,0.0,1,66760.0
9,2,0,0,0,0,266,0.0,0.0,0.03,0.06,0.0,255,9,0.04,0.07,0.0,0.0,0.0,1.0,1,26279.0
19,9,26408,0,0,0,9,0.0,0.0,1.0,0.0,0.0,49,15,0.31,0.06,0.0,0.0,0.0,0.0,0,7503.0
36,5,0,0,0,0,275,1.0,1.0,0.09,0.05,0.0,255,25,0.1,0.05,0.0,1.0,1.0,0.0,1,82465.0
19,9,192,0,0,1,1,0.0,0.0,1.0,0.0,0.0,136,34,0.22,0.02,0.06,0.0,0.0,0.0,0,54639.0
22,9,288,3921,0,1,24,0.0,0.0,1.0,0.0,0.12,64,255,1.0,0.0,0.02,0.0,0.0,0.0,0,99363.0
22,9,169,1483,0,1,1,0.0,0.0,1.0,0.0,0.0,255,255,1.0,0.0,0.0,0.0,0.0,0.01,0,68271.0
49,9,619,334,0,1,1,0.0,0.0,1.0,0.0,0.0,194,199,0.87,0.02,0.01,0.0,0.0,0.0,0,26182.0
45,5,0,0,0,0,41,1.0,1.0,0.1,0.12,0.0,255,16,0.06,0.08,0.0,1.0,1.0,0.0,1,79290.0
22,9,204,1581,0,1,18,0.0,0.0,1.0,0.0,0.0,18,255,1.0,0.0,0.08,0.0,0.0,0.0,0,51375.0
49,9,1278,338,0,1,1,0.0,0.0,1.0,0.0,0.0,159,190,0.83,0.03,0.01,0.0,0.0,0.0,0,29468.0
22,9,226,312,0,1,14,0.0,0.0,1.0,0.0,0.13,78,255,1.0,0.0,0.05,0.0,0.0,0.0,0,2668.0
55,9,3219,34378,0,1,1,0.0,0.0,1.0,0.0,0.0,44,9,0.2,0.09,0.0,0.02,0.0,0.22,0,122182.0
22,9,211,1197,0,1,3,0.33,0.33,1.0,0.0,0.0,147,255,1.0,0.0,0.01,0.01,0.01,0.0,0,120432.0
22,1,0,0,0,0,1,0.0,0.0,1.0,0.0,0.0,3,233,1.0,0.0,0.09,0.0,0.0,0.98,0,29215.0
22,9,168,35008,0,1,1,0.0,0.0,1.0,0.0,0.0,222,255,1.0,0.0,0.01,0.0,0.0,0.0,0,79020.0
45,1,0,0,0,0,123,0.0,0.0,0.02,0.07,0.0,255,3,0.01,0.05,0.0,0.0,0.0,1.0,1,124284.0
13,9,8,0,0,0,1,0.0,0.0,1.0,0.0,1.0,1,117,1.0,0.0,0.5,0.0,0.0,0.0,1,96560.0
22,9,322,1214,0,1,10,0.0,0.0,1.0,0.0,0.21,73,255,1.0,0.0,0.03,0.0,0.0,0.0,0,125706.0
22,9,256,32755,0,1,15,0.0,0.0,1.0,0.0,0.0,137,255,1.0,0.0,0.02,0.0,0.0,0.0,0,57761.0
63,5,0,0,0,0,141,1.0,1.0,0.09,0.06,0.0,255,10,0.04,0.06,0.0,1.0,1.0,0.0,1,52612.0
45,5,0,0,0,0,251,1.0,1.0,0.01,0.05,0.0,255,2,0.01,0.05,0.0,1.0,1.0,0.0,1,101278.0
22,9,210,707,0,1,27,0.0,0.0,1.0,0.0,0.0,30,255,1.0,0.0,0.02,0.0,0.0,0.0,0,60424.0
6,5,0,0,0,0,253,1.0,1.0,0.0,0.06,0.0,255,2,0.01,0.06,0.0,1.0,1.0,0.0,1,8520.0
59,9,78,0,0,0,28,0.0,0.0,0.18,0.07,0.0,255,14,0.05,0.01,0.0,0.0,0.0,0.0,0,35044.0
8,5,0,0,0,0,293,1.0,1.0,0.03,0.05,0.0,255,8,0.03,0.08,0.0,1.0,1.0,0.0,1,18526.0
30,5,0,0,0,0,265,1.0,1.0,0.02,0.06,0.0,255,4,0.02,0.07,0.0,1.0,1.0,0.0,1,19301.0
45,5,0,0,0,0,74,1.0,1.0,0.07,0.07,0.0,255,16,0.06,0.06,0.0,1.0,1.0,0.0,1,75364.0
22,9,301,1574,0,1,6,0.0,0.0,1.0,0.0,0.0,32,255,1.0,0.0,0.04,0.0,0.0,0.0,0,76564.0
11,9,17,17,0,0,1,0.0,0.0,1.0,0.0,1.0,4,3,0.75,0.5,0.0,0.0,0.0,0.0,0,14679.0
49,9,1672,369,0,1,1,0.0,0.0,1.0,0.0,0.0,213,160,0.75,0.02,0.0,0.0,0.0,0.0,0,85968.0
22,9,212,293,0,1,8,0.0,0.0,1.0,0.0,0.22,255,255,1.0,0.0,0.0,0.0,0.0,0.0,0,98386.0
38,1,0,0,0,0,120,0.0,0.0,0.08,0.07,0.0,255,10,0.04,0.07,0.0,0.0,0.0,1.0,1,78055.0
6,5,0,0,0,0,206,1.0,1.0,0.07,0.06,0.0,255,15,0.06,0.08,0.0,1.0,1.0,0.0,1,59616.0
22,9,321,1565,0,1,9,0.0,0.0,1.0,0.0,0.0,255,255,1.0,0.0,0.0,0.0,0.0,0.0,0,37424.0
52,2,0,0,0,0,210,0.0,0.0,0.02,0.07,0.0,255,5,0.02,0.07,0.0,0.0,0.0,1.0,1,20557.0
45,5,0,0,0,0,115,1.0,1.0,0.13,0.06,0.0,255,35,0.14,0.06,0.0,1.0,1.0,0.0,1,63327.0
55,9,208,2719,0,1,1,0.0,0.0,1.0,0.0,0.0,255,19,0.07,0.07,0.0,1.0,0.95,0.0,1,27744.0
45,5,0,0,0,0,290,1.0,1.0,0.03,0.06,0.0,255,6,0.02,0.07,0.0,1.0,1.0,0.0,1,112389.0
45,1,0,0,0,0,129,0.0,0.0,0.07,0.07,0.0,255,9,0.04,0.07,0.0,0.0,0.0,1.0,1,58013.0
45,3,0,0,0,0,112,0.74,0.67,0.03,0.37,0.0,255,3,0.01,0.16,0.0,0.33,0.67,0.33,1,33968.0
13,9,20,0,0,0,1,0.0,0.0,1.0,0.0,0.0,212,3,0.01,0.76,0.0,0.03,0.0,0.0,1,40175.0
12,5,0,0,0,0,262,1.0,1.0,0.05,0.06,0.0,255,13,0.05,0.08,0.0,1.0,1.0,0.0,1,99471.0
49,9,551,333,0,1,1,0.0,0.0,1.0,0.0,1.0,130,92,0.71,0.08,0.0,0.01,0.0,0.0,0,110112.0
11,9,46,46,0,0,114,0.0,0.0,1.0,0.0,0.01,255,255,1.0,0.0,0.0,0.0,0.0,0.0,0,5437.0
15,1,0,0,0,0,142,0.0,0.0,0.11,0.06,0.0,255,15,0.06,0.06,0.0,0.0,0.0,1.0,1,44994.0
22,9,270,10333,0,1,3,0.0,0.0,1.0,0.0,0.12,157,255,1.0,0.0,0.03,0.01,0.01,0.0,0,113340.0
22,9,237,1481,0,1,14,0.0,0.0,1.0,0.0,0.0,182,255,1.0,0.0,0.01,0.0,0.0,0.0,0,45711.0
22,9,318,2649,0,1,5,0.0,0.0,1.0,0.0,0.0,5,255,1.0,0.0,0.09,0.0,0.0,0.0,0,479.0
45,5,0,0,0,0,186,1.0,1.0,0.1,0.06,0.0,255,19,0.07,0.06,0.0,1.0,1.0,0.0,1,33190.0
49,9,1637,338,0,1,1,0.0,0.0,1.0,0.0,1.0,188,144,0.62,0.03,0.01,0.02,0.02,0.0,0,1248.0
25,5,0,0,0,0,275,1.0,1.0,0.0,0.06,0.0,255,9,0.04,0.07,0.0,1.0,1.0,0.0,1,124869.0
20,5,0,0,0,0,206,1.0,1.0,0.07,0.07,0.0,255,16,0.06,0.06,0.0,1.0,1.0,0.0,1,86045.0
57,5,0,0,0,0,118,1.0,1.0,0.11,0.07,0.0,255,13,0.05,0.06,0.0,1.0,1.0,0.0,1,58431.0
45,4,0,0,0,0,1,0.0,0.0,1.0,0.0,0.0,103,1,0.01,0.54,0.0,0.06,0.0,1.0,1,6633.0
19,5,0,0,0,0,76,1.0,1.0,0.24,0.05,0.0,255,58,0.23,0.04,0.0,1.0,1.0,0.0,1,101076.0
49,9,2091,333,0,1,3,0.33,0.33,1.0,0.0,0.0,106,173,0.63,0.06,0.01,0.01,0.01,0.0,0,21493.0
22,9,239,365,0,1,27,0.0,0.0,1.0,0.0,0.0,255,255,1.0,0.0,0.0,0.0,0.0,0.0,0,61758.0
45,5,0,0,0,0,129,1.0,1.0,0.09,0.06,0.0,44,9,0.2,0.16,0.0,1.0,1.0,0.0,1,28553.0
11,9,45,133,0,0,64,0.0,0.0,1.0,0.0,0.01,255,254,1.0,0.01,0.0,0.0,0.0,0.0,0,114553.0
45,5,0,0,0,0,246,1.0,1.0,0.06,0.07,0.0,255,15,0.06,0.07,0.0,1.0,1.0,0.0,1,1618.0
34,5,0,0,0,0,258,1.0,1.0,0.02,0.07,0.0,255,6,0.02,0.07,0.0,1.0,1.0,0.0,1,125337.0
6,5,0,0,0,0,201,1.0,1.0,0.05,0.06,0.0,255,9,0.04,0.07,0.0,1.0,1.0,0.0,1,74757.0
45,5,0,0,0,0,42,1.0,1.0,0.31,0.12,0.0,255,13,0.05,0.09,0.0,1.0,1.0,0.0,1,102540.0
22,1,0,0,0,0,1,0.0,0.0,1.0,0.0,0.0,115,219,1.0,0.0,0.03,0.0,0.0,1.0,0,91321.0
22,9,323,955,0,1,12,0.0,0.0,1.0,0.0,0.11,255,255,1.0,0.0,0.0,0.0,0.0,0.0,0,112557.0
45,5,0,0,0,0,83,1.0,1.0,0.04,0.06,0.0,255,19,0.07,0.07,0.0,1.0,1.0,0.0,1,94882.0
43,5,0,0,0,0,248,1.0,1.0,0.06,0.06,0.0,255,15,0.06,0.05,0.0,1.0,1.0,0.0,1,64631.0
17,5,0,0,0,0,78,1.0,1.0,0.26,0.05,0.0,255,57,0.22,0.03,0.0,1.0,1.0,0.0,1,97688.0
22,9,244,1610,0,1,3,0.33,0.33,1.0,0.0,0.0,255,255,1.0,0.0,0.0,0.0,0.0,0.0,0,102318.0
19,9,6601,0,0,0,16,0.0,0.0,1.0,0.0,0.0,233,101,0.43,0.02,0.0,0.0,0.0,0.0,0,23644.0
22,9,232,885,0,1,22,0.0,0.0,1.0,0.0,0.0,117,255,1.0,0.0,0.05,0.0,0.0,0.0,0,37103.0
3,5,0,0,0,0,147,1.0,1.0,0.12,0.05,0.0,255,8,0.03,0.07,0.0,1.0,1.0,0.0,1,69508.0
55,9,106,2229,0,1,1,0.0,0.0,1.0,0.0,0.0,50,7,0.14,0.06,0.0,0.0,0.0,0.0,0,112983.0
2,1,0,0,0,0,269,0.0,0.0,0.06,0.06,0.0,255,16,0.06,0.08,0.0,0.0,0.0,1.0,1,119682.0
22,9,272,1178,0,1,3,0.0,0.0,1.0,0.0,0.29,156,255,1.0,0.0,0.04,0.01,0.01,0.0,0,119134.0
52,5,0,0,0,0,227,1.0,1.0,0.05,0.06,0.0,255,12,0.05,0.07,0.0,1.0,1.0,0.0,1,76138.0
11,9,44,75,0,0,228,0.0,0.0,1.0,0.0,0.0,255,255,1.0,0.0,0.0,0.0,0.0,0.0,0,113500.0
12,4,0,0,0,0,21,0.0,0.0,0.1,0.52,0.0,191,2,0.01,0.07,0.0,0.01,0.0,1.0,1,87891.0
17,5,0,0,0,0,26,1.0,1.0,0.38,0.15,0.0,255,70,0.27,0.02,0.0,1.0,1.0,0.0,1,46742.0
25,5,0,0,0,0,264,1.0,1.0,0.09,0.05,0.0,255,23,0.09,0.05,0.0,1.0,1.0,0.0,1,33224.0
22,5,0,0,0,0,246,1.0,0.71,0.07,0.07,0.08,255,17,0.07,0.06,0.0,1.0,1.0,0.0,1,121185.0
22,9,229,19395,0,1,5,0.0,0.0,1.0,0.0,0.0,50,255,1.0,0.0,0.06,0.0,0.0,0.0,0,71288.0
18,9,1187,3380,0,1,1,0.0,0.0,1.0,0.0,0.0,229,61,0.27,0.02,0.0,0.0,0.0,0.0,0,77136.0
17,5,0,0,0,0,61,0.98,1.0,0.26,0.08,0.0,255,36,0.14,0.05,0.0,1.0,1.0,0.0,1,36894.0
39,5,0,0,0,0,121,1.0,1.0,0.17,0.04,0.0,255,21,0.08,0.04,0.0,1.0,1.0,0.0,1,121620.0
22,9,233,406,0,1,1,0.0,0.0,1.0,0.0,0.0,255,255,1.0,0.0,0.0,0.0,0.0,0.0,0,123378.0
45,5,0,0,0,0,174,1.0,1.0,0.04,0.07,0.0,255,17,0.07,0.07,0.0,1.0,1.0,0.0,1,25572.0
22,5,0,0,0,0,283,1.0,1.0,0.07,0.06,0.0,255,19,0.07,0.07,0.0,1.0,1.0,0.0,1,120142.0
4,1,0,0,0,0,264,0.0,0.0,0.02,0.06,0.0,255,5,0.02,0.07,0.0,0.0,0.0,1.0,1,103339.0
22,9,294,1408,0,1,4,0.0,0.0,1.0,0.0,0.0,39,255,1.0,0.0,0.04,0.0,0.0,0.0,0,63953.0
19,9,641,0,0,0,2,0.0,0.0,1.0,0.0,0.67,115,91,0.34,0.05,0.02,0.03,0.0,0.0,0,37014.0
17,9,8,138,0,0,1,0.0,0.0,1.0,0.0,0.0,176,10,0.05,0.03,0.2,0.0,0.0,0.0,0,31386.0
45,1,0,0,0,0,511,0.08,0.0,0.0,1.0,0.0,255,1,0.0,1.0,0.0,0.09,0.0,1.0,1,101460.0
22,9,301,18376,0,1,3,0.0,0.0,1.0,0.0,0.0,7,255,1.0,0.0,0.04,0.0,0.0,0.0,0,68321.0
22,1,0,0,0,0,1,0.0,0.0,1.0,0.0,1.0,1,255,1.0,0.0,0.08,0.0,0.0,0.05,0,50014.0
41,9,147,0,0,0,1,0.0,0.0,1.0,0.0,0.0,255,1,0.0,0.38,0.0,0.0,0.0,0.0,0,65929.0
19,9,641,0,0,1,2,0.0,0.0,1.0,0.0,0.0,5,5,1.0,0.0,0.0,0.0,0.0,0.0,0,124588.0
11,9,44,131,0,0,12,0.0,0.0,1.0,0.0,0.02,255,221,0.87,0.02,0.0,0.0,0.0,0.0,0,121213.0
22,9,226,753,0,1,7,0.0,0.0,1.0,0.0,0.0,255,255,1.0,0.0,0.0,0.0,0.0,0.0,0,113457.0
45,5,0,0,0,0,49,1.0,1.0,0.27,0.12,0.0,255,15,0.06,0.09,0.0,1.0,1.0,0.0,1,104188.0
22,1,0,0,0,0,1,0.0,0.0,1.0,0.0,1.0,37,255,1.0,0.0,0.3,0.0,0.0,1.0,0,46828.0
19,9,491,0,0,0,2,0.0,0.0,1.0,0.0,0.0,223,48,0.14,0.02,0.04,0.0,0.0,0.0,0,99568.0
22,9,294,9763,0,1,41,0.0,0.0,1.0,0.0,0.0,255,255,1.0,0.0,0.0,0.0,0.0,0.05,0,15566.0
11,9,45,72,0,0,234,0.0,0.0,1.0,0.0,0.0,255,254,1.0,0.01,0.0,0.0,0.0,0.0,0,110923.0
49,9,1580,330,0,1,1,0.0,0.0,1.0,0.0,0.0,126,49,0.39,0.04,0.0,0.0,0.0,0.0,0,94586.0
22,9,346,3359,0,1,5,0.0,0.0,1.0,0.0,0.09,255,255,1.0,0.0,0.0,0.0,0.0,0.0,0,122328.0
22,1,0,0,0,0,8,0.0,0.0,1.0,0.0,0.0,21,101,1.0,0.0,0.2,0.0,0.0,0.96,0,86594.0
22,1,0,0,0,0,1,0.0,0.0,1.0,0.0,0.0,6,255,1.0,0.0,0.19,0.0,0.0,0.82,0,25825.0
22,9,297,655,0,1,14,0.0,0.0,1.0,0.0,0.13,255,255,1.0,0.0,0.0,0.0,0.0,0.0,0,119704.0
45,5,0,0,0,0,171,1.0,1.0,0.04,0.07,0.0,255,7,0.03,0.06,0.0,1.0,1.0,0.0,1,43165.0
22,9,209,2006,0,1,15,0.0,0.0,1.0,0.0,0.0,255,255,1.0,0.0,0.0,0.0,0.0,0.0,0,121390.0
45,5,0,0,0,0,98,1.0,1.0,0.05,0.06,0.0,255,5,0.02,0.07,0.0,1.0,1.0,0.0,1,4338.0
57,5,0,0,0,0,203,1.0,1.0,0.05,0.06,0.0,255,11,0.04,0.06,0.0,1.0,1.0,0.0,1,95718.0
2,5,0,0,0,0,274,1.0,1.0,0.07,0.06,0.0,255,20,0.08,0.06,0.0,1.0,1.0,0.0,1,11101.0
22,9,215,2318,0,1,3,0.0,0.0,1.0,0.0,0.0,99,255,1.0,0.0,0.03,0.0,0.0,0.0,0,115007.0
22,9,225,4186,0,1,1,0.0,0.0,1.0,0.0,0.0,1,255,1.0,0.0,0.04,0.0,0.0,0.0,0,62177.0
53,1,0,0,0,0,140,0.0,0.0,0.07,0.06,0.0,255,5,0.02,0.06,0.0,0.0,0.0,1.0,1,70509.0
49,9,1334,333,0,1,1,0.0,0.0,1.0,0.0,0.0,81,171,0.78,0.05,0.01,0.0,0.0,0.05,0,101202.0
59,9,78,0,0,0,14,0.0,0.0,0.07,0.14,0.0,255,21,0.08,0.01,0.0,0.0,0.0,0.0,0,6603.0
0,2,0,0,0,0,1,0.0,0.0,1.0,0.0,0.0,176,23,0.13,0.01,0.0,0.01,0.04,0.74,0,98774.0
49,9,4660,370,0,1,1,0.0,0.0,1.0,0.0,1.0,4,243,0.75,0.5,0.02,0.0,0.0,0.0,0,7673.0
23,5,0,0,0,0,124,1.0,1.0,0.01,0.07,0.0,255,1,0.0,0.07,0.0,1.0,1.0,0.0,1,57937.0
22,9,209,4624,0,1,18,0.0,0.0,1.0,0.0,0.15,211,255,1.0,0.0,0.01,0.0,0.0,0.0,0,107914.0
11,9,46,136,0,0,81,0.0,0.0,1.0,0.0,0.01,255,254,1.0,0.01,0.0,0.0,0.0,0.0,0,113088.0
41,9,147,0,0,0,5,0.0,0.0,0.2,0.6,0.0,43,1,0.02,0.6,0.0,0.0,0.0,0.0,0,33995.0
45,4,1,0,0,0,2,0.0,0.0,1.0,0.0,0.0,255,2,0.01,0.73,0.0,0.0,0.0,1.0,1,62275.0
22,9,336,334,0,1,14,0.0,0.0,1.0,0.0,0.19,255,255,1.0,0.0,0.0,0.0,0.0,0.0,0,106298.0
49,9,977,333,0,1,1,0.0,0.0,1.0,0.0,0.0,126,161,0.78,0.03,0.01,0.0,0.0,0.0,0,17301.0
22,9,321,314,0,1,12,0.0,0.0,1.0,0.0,0.0,255,255,1.0,0.0,0.0,0.0,0.0,0.0,0,69529.0
19,9,676,0,0,0,1,0.0,0.0,1.0,0.0,0.0,1,4,1.0,0.0,0.5,0.0,0.0,0.0,0,77534.0
22,9,199,4166,0,1,3,0.0,0.0,1.0,0.0,0.29,3,255,1.0,0.0,0.04,0.0,0.0,0.04,0,101556.0
22,5,0,0,0,0,2,0.5,0.25,1.0,0.0,0.5,8,255,1.0,0.0,0.02,0.12,0.0,0.0,0,35798.0
11,9,45,76,0,0,118,0.0,0.0,1.0,0.0,0.0,255,245,0.96,0.01,0.0,0.0,0.0,0.0,0,67331.0
55,5,0,0,0,0,247,1.0,1.0,0.06,0.06,0.0,255,5,0.02,0.07,0.0,1.0,1.0,0.0,1,62536.0
15,5,0,0,0,0,125,1.0,1.0,0.15,0.06,0.0,255,19,0.07,0.06,0.0,1.0,1.0,0.0,1,44807.0
55,9,387,2134,0,1,150,0.99,0.0,0.01,0.06,0.0,255,15,0.06,0.08,0.0,0.62,0.2,0.13,0,7648.0
45,5,0,0,0,0,193,1.0,1.0,0.13,0.06,0.0,255,25,0.1,0.05,0.0,1.0,1.0,0.0,1,71246.0
3,1,0,0,0,0,126,0.0,0.0,0.05,0.07,0.0,255,6,0.02,0.07,0.0,0.0,0.0,1.0,1,52807.0
49,9,942,331,0,1,1,0.0,0.0,1.0,0.0,1.0,189,159,0.63,0.03,0.01,0.01,0.01,0.0,0,12824.0
22,9,217,10655,0,1,3,0.0,0.0,1.0,0.0,0.0,3,255,1.0,0.0,0.04,0.0,0.0,0.0,0,78785.0
3,5,0,0,0,0,270,1.0,1.0,0.07,0.06,0.0,255,20,0.08,0.07,0.0,1.0,1.0,0.0,1,16213.0
6,5,0,0,0,0,121,1.0,1.0,0.12,0.07,0.0,255,14,0.05,0.07,0.0,1.0,1.0,0.0,1,90422.0
45,5,0,0,0,0,173,1.0,1.0,0.05,0.07,0.0,255,9,0.04,0.07,0.0,1.0,1.0,0.0,1,88095.0
22,9,334,1251,0,1,1,0.0,0.0,1.0,0.0,0.5,129,255,1.0,0.0,0.01,0.0,0.0,0.0,0,25929.0
13,9,8,0,0,0,1,0.0,0.0,1.0,0.0,1.0,1,93,1.0,0.0,0.51,0.0,0.0,0.0,1,77990.0
8,10,0,0,0,0,1,1.0,1.0,1.0,0.0,0.0,255,1,0.0,1.0,0.0,1.0,1.0,0.0,1,55018.0
18,9,1505,4152,0,1,2,0.0,0.0,1.0,0.0,0.0,22,7,0.32,0.23,0.0,0.0,0.0,0.0,0,117148.0
22,9,235,342,0,1,1,0.0,0.0,1.0,0.0,0.0,1,255,1.0,0.0,0.05,0.0,0.0,0.0,0,85810.0
3,9,13,36,0,0,2,0.0,0.0,1.0,0.0,0.0,255,4,0.02,0.02,0.0,0.0,0.0,0.0,0,80925.0
19,9,203,0,0,0,2,0.0,0.0,1.0,0.0,0.0,7,4,0.57,0.29,0.0,0.0,0.0,0.0,0,75256.0
22,9,240,345,0,1,13,0.0,0.0,1.0,0.0,0.1,109,255,1.0,0.0,0.02,0.0,0.0,0.0,0,102219.0
17,5,0,0,0,0,18,1.0,1.0,0.06,0.22,0.0,255,52,0.2,0.04,0.0,1.0,1.0,0.0,1,110953.0
11,9,43,132,0,0,77,0.0,0.0,1.0,0.0,0.01,255,240,0.94,0.01,0.0,0.0,0.0,0.0,0,22545.0
22,9,255,2226,0,1,18,0.0,0.0,1.0,0.0,0.0,117,255,1.0,0.0,0.01,0.0,0.0,0.0,0,46229.0
19,9,246,0,0,1,2,0.0,0.0,1.0,0.0,0.0,6,36,1.0,0.0,0.14,0.0,0.0,0.0,1,109026.0
32,5,0,0,0,0,223,1.0,1.0,0.1,0.05,0.0,255,23,0.09,0.05,0.0,1.0,1.0,0.0,1,20.0
60,5,0,0,0,0,122,1.0,1.0,0.14,0.06,0.0,255,17,0.07,0.06,0.0,1.0,1.0,0.0,1,118006.0
30,5,0,0,0,0,279,1.0,1.0,0.07,0.05,0.0,255,2,0.01,0.07,0.0,1.0,1.0,0.0,1,104771.0
50,5,0,0,0,0,121,1.0,1.0,0.17,0.05,0.0,255,21,0.08,0.05,0.0,1.0,1.0,0.0,1,20167.0
41,9,146,105,0,0,2,0.0,0.0,1.0,0.0,0.0,255,2,0.01,0.83,0.0,0.0,0.0,0.0,0,36028.0
45,5,0,0,0,0,220,1.0,1.0,0.08,0.07,0.0,255,17,0.07,0.08,0.0,1.0,1.0,0.0,1,93928.0
32,5,0,0,0,0,236,1.0,1.0,0.04,0.06,0.0,255,7,0.03,0.09,0.0,1.0,1.0,0.0,1,91595.0
22,9,378,364,0,1,1,0.0,0.0,1.0,0.0,0.0,137,255,1.0,0.0,0.01,0.0,0.0,0.0,0,76644.0
16,5,0,0,0,0,147,1.0,1.0,0.07,0.05,0.0,255,11,0.04,0.05,0.0,1.0,1.0,0.0,1,15103.0
45,9,105,146,0,0,1,0.0,0.0,1.0,0.0,0.0,27,23,0.85,0.07,0.0,0.0,0.0,0.0,0,115361.0
11,9,44,78,0,0,156,0.0,0.0,0.99,0.01,0.01,255,255,1.0,0.0,0.0,0.0,0.0,0.0,0,92952.0
53,5,0,0,0,0,233,1.0,1.0,0.06,0.06,0.0,255,14,0.05,0.07,0.0,1.0,1.0,0.0,1,24008.0
17,4,0,0,0,0,1,0.0,0.0,1.0,0.0,1.0,255,2,0.01,0.32,0.0,0.0,0.0,0.5,1,44605.0
45,9,28,0,3,0,55,0.0,0.0,1.0,0.0,0.0,255,55,0.22,0.01,0.0,0.0,0.0,0.0,1,17178.0
5,5,0,0,0,0,148,1.0,1.0,0.16,0.04,0.0,255,24,0.09,0.05,0.0,1.0,1.0,0.0,1,30428.0
11,9,24,30,0,0,1,0.0,0.0,1.0,0.0,0.0,255,230,0.9,0.01,0.0,0.0,0.0,0.0,0,98897.0
22,9,484,7122,0,1,8,0.0,0.0,1.0,0.0,0.0,60,255,1.0,0.0,0.04,0.0,0.01,0.0,0,26656.0
45,5,0,0,0,0,210,1.0,1.0,0.01,0.06,0.0,255,19,0.07,0.07,0.0,1.0,1.0,0.0,1,109737.0
22,9,231,421,0,1,2,0.0,0.0,1.0,0.0,0.75,57,255,1.0,0.0,0.03,0.0,0.0,0.0,0,21490.0
49,9,1350,441,0,1,1,0.0,0.0,1.0,0.0,0.0,255,4,0.02,0.09,0.0,0.89,0.0,0.0,0,114105.0
22,9,144,3686,0,1,2,0.0,0.0,1.0,0.0,0.0,253,255,1.0,0.0,0.01,0.0,0.0,0.0,0,111132.0
15,5,0,0,0,0,12,1.0,1.0,0.92,0.17,0.0,255,11,0.04,0.07,0.0,1.0,1.0,0.0,1,17521.0
19,9,960,0,0,1,1,0.0,0.0,1.0,0.0,0.0,51,33,0.22,0.06,0.06,0.0,0.0,0.0,0,53124.0
14,9,1032,0,0,0,143,0.0,0.0,1.0,0.0,0.0,255,143,0.56,0.01,0.0,0.0,0.0,0.0,1,93893.0
49,9,732,391,0,1,1,0.0,0.0,1.0,0.0,0.0,255,30,0.12,0.06,0.0,0.0,0.0,0.0,0,84308.0
19,9,7233,0,0,1,3,0.0,0.0,1.0,0.0,0.0,217,86,0.4,0.02,0.0,0.0,0.0,0.0,0,9410.0
60,5,0,0,0,0,102,1.0,1.0,0.16,0.07,0.0,255,16,0.06,0.07,0.0,1.0,1.0,0.0,1,79101.0
22,9,357,933,0,1,12,0.0,0.0,1.0,0.0,0.15,100,219,1.0,0.0,0.03,0.0,0.0,0.0,0,83386.0
45,5,0,0,0,0,150,1.0,1.0,0.02,0.08,0.0,255,3,0.01,0.07,0.0,1.0,1.0,0.0,1,40727.0
45,4,1,0,0,0,2,0.0,0.0,1.0,0.0,0.0,255,2,0.01,0.73,0.0,0.0,0.0,1.0,1,27827.0
13,9,8,0,0,0,1,0.0,0.0,1.0,0.0,1.0,2,38,1.0,0.0,0.5,0.0,0.0,0.0,1,97953.0
22,9,231,320,0,1,1,0.0,0.0,1.0,0.0,0.09,1,255,1.0,0.0,0.04,0.0,0.01,0.0,0,80185.0
49,9,1212,334,0,1,1,0.0,0.0,1.0,0.0,0.0,82,142,0.39,0.05,0.01,0.0,0.0,0.0,0,76748.0
11,9,97,35,0,0,3,0.0,0.0,1.0,0.0,0.0,156,109,0.7,0.02,0.0,0.0,0.0,0.0,0,121039.0
45,5,0,0,0,0,167,1.0,1.0,0.12,0.07,0.0,255,8,0.03,0.08,0.0,1.0,1.0,0.0,1,16634.0
22,9,296,275,0,1,8,0.0,0.0,1.0,0.0,0.0,27,255,1.0,0.0,0.03,0.0,0.0,0.0,0,25216.0
22,9,246,294,0,1,33,0.0,0.0,1.0,0.0,0.0,255,255,1.0,0.0,0.0,0.0,0.0,0.0,0,62397.0
45,5,0,0,0,0,203,1.0,1.0,0.02,0.06,0.0,255,18,0.07,0.06,0.0,1.0,1.0,0.0,1,43315.0
45,1,0,0,0,0,272,0.0,0.0,0.07,0.06,0.0,255,20,0.08,0.09,0.0,0.0,0.0,1.0,1,92547.0
3,9,10,39,0,0,1,0.0,0.0,1.0,0.0,0.0,136,10,0.06,0.04,0.2,0.0,0.0,0.0,0,121759.0
22,9,333,5734,0,1,5,0.0,0.0,1.0,0.0,0.14,5,255,1.0,0.0,0.05,0.0,0.0,0.0,0,113120.0
45,5,0,0,0,0,193,1.0,1.0,0.02,0.06,0.0,255,19,0.07,0.06,0.0,1.0,1.0,0.0,1,78211.0
22,9,255,3026,0,1,9,0.0,0.0,1.0,0.0,0.22,9,255,1.0,0.0,0.03,0.0,0.0,0.01,0,10819.0
22,9,207,24293,0,1,2,0.0,0.0,1.0,0.0,0.0,255,255,1.0,0.0,0.0,0.0,0.0,0.0,0,122379.0
10,9,32,4993,0,1,5,0.0,0.0,0.2,0.4,0.0,255,1,0.0,0.01,0.0,0.0,0.0,0.0,0,53279.0
41,9,147,105,0,0,6,0.0,0.0,0.33,0.5,0.0,255,2,0.01,0.42,0.0,0.0,0.0,0.0,0,21538.0
45,9,28,0,3,0,43,0.0,0.0,1.0,0.0,0.0,255,43,0.17,0.01,0.0,0.0,0.0,0.0,1,8441.0
13,9,8,0,0,0,1,0.0,0.0,1.0,0.0,1.0,2,122,1.0,0.0,0.5,0.0,0.0,0.0,1,41305.0
49,9,1313,283,0,1,2,0.0,0.0,0.5,1.0,0.0,244,145,0.56,0.03,0.01,0.0,0.01,0.0,0,30497.0
45,1,0,0,0,0,19,0.0,0.0,0.53,0.11,0.0,255,30,0.12,0.06,0.0,0.0,0.0,1.0,1,69906.0
41,9,147,105,0,0,1,0.0,0.0,1.0,0.0,0.0,255,1,0.0,0.64,0.0,0.0,0.0,0.0,0,23338.0
55,9,383,7385,0,1,1,0.0,0.0,1.0,0.0,0.0,255,60,0.24,0.02,0.0,0.73,0.87,0.0,0,52233.0
22,9,235,1694,0,1,12,0.0,0.0,1.0,0.0,0.0,234,255,1.0,0.0,0.01,0.0,0.0,0.0,0,44563.0
45,4,0,0,0,0,1,0.0,0.0,1.0,0.0,0.0,255,1,0.0,0.81,0.0,0.0,0.0,1.0,1,94368.0
19,9,1830,0,0,0,5,0.0,0.0,1.0,0.0,0.0,223,75,0.2,0.03,0.03,0.0,0.0,0.0,0,93248.0
19,9,2191,0,0,0,13,0.0,0.0,1.0,0.0,0.0,255,73,0.29,0.02,0.0,0.0,0.0,0.0,0,24919.0
63,5,0,0,0,0,254,1.0,1.0,0.08,0.06,0.0,255,20,0.08,0.07,0.0,1.0,1.0,0.0,1,39833.0
11,9,43,71,0,0,138,0.0,0.0,1.0,0.0,0.0,255,254,1.0,0.01,0.0,0.0,0.0,0.0,0,19298.0
11,9,44,70,0,0,248,0.0,0.0,1.0,0.01,0.01,255,254,1.0,0.01,0.0,0.0,0.0,0.0,0,36852.0
45,5,0,0,0,0,152,1.0,1.0,0.03,0.07,0.0,255,18,0.07,0.06,0.0,1.0,1.0,0.0,1,47775.0
0,4,1603,8195,0,0,1,0.0,0.0,1.0,0.0,0.0,148,20,0.14,0.01,0.0,0.0,0.0,0.65,0,123170.0
22,9,190,1069,0,1,6,0.0,0.0,1.0,0.0,0.0,70,255,1.0,0.0,0.04,0.0,0.0,0.01,0,56841.0
22,9,220,2105,0,1,1,0.0,0.0,1.0,0.0,0.0,255,255,1.0,0.0,0.0,0.0,0.0,0.0,0,53646.0
14,9,1032,0,0,0,510,0.0,0.0,1.0,0.0,0.0,255,220,0.86,0.02,0.0,0.0,0.0,0.0,1,77020.0
22,9,259,1270,0,1,18,0.0,0.0,1.0,0.0,0.0,255,255,1.0,0.0,0.0,0.0,0.0,0.0,0,85656.0
45,5,0,0,0,0,237,1.0,1.0,0.07,0.08,0.0,255,17,0.07,0.08,0.0,1.0,1.0,0.0,1,31197.0
45,5,0,0,0,0,56,0.98,1.0,0.02,0.09,0.0,255,1,0.0,1.0,0.0,0.02,1.0,0.0,1,108618.0
22,9,317,526,0,1,15,0.0,0.0,1.0,0.0,0.17,51,255,1.0,0.0,0.03,0.0,0.0,0.0,0,54274.0
22,9,54540,8314,0,1,4,0.0,0.0,1.0,0.0,0.4,57,57,1.0,0.0,0.0,0.0,0.0,0.04,1,36398.0
19,9,175337,0,0,1,2,0.0,0.0,1.0,0.0,0.0,255,101,0.4,0.02,0.0,0.0,0.0,0.0,0,35411.0
45,5,0,0,0,0,233,1.0,1.0,0.04,0.07,0.0,255,9,0.04,0.08,0.0,1.0,1.0,0.0,1,41065.0
22,9,176,11008,0,1,3,0.0,0.0,1.0,0.0,0.0,29,255,1.0,0.0,0.03,0.0,0.0,0.0,0,17726.0
41,1,0,0,0,0,511,0.05,0.0,0.0,0.96,0.0,255,1,0.0,0.95,0.0,0.03,0.0,1.0,1,10628.0
45,9,28,0,3,0,80,0.01,0.0,0.98,0.04,0.0,255,78,0.31,0.02,0.0,0.0,0.0,0.0,1,69403.0
22,1,0,0,0,0,1,0.0,0.0,1.0,0.0,0.0,9,255,1.0,0.0,0.22,0.0,0.0,0.94,0,67813.0
22,9,330,1047,0,1,2,0.0,0.0,1.0,0.0,0.18,62,255,1.0,0.0,0.04,0.0,0.0,0.0,0,16876.0
11,9,45,118,0,0,231,0.0,0.0,1.0,0.0,0.01,255,188,0.74,0.01,0.0,0.0,0.0,0.0,0,46509.0
22,9,201,7980,0,1,3,0.0,0.0,1.0,0.0,0.29,24,255,1.0,0.0,0.04,0.0,0.0,0.0,0,1467.0
22,9,240,4359,0,1,13,0.0,0.0,1.0,0.0,0.0,86,255,1.0,0.0,0.02,0.0,0.01,0.04,0,34278.0
11,9,42,42,0,0,14,0.0,0.0,1.0,0.0,0.15,255,239,0.94,0.01,0.0,0.0,0.0,0.0,0,75144.0
41,4,1,0,0,0,2,0.0,0.0,1.0,0.0,0.0,255,2,0.01,0.69,0.0,0.0,0.0,1.0,1,103745.0
31,5,0,0,0,0,130,1.0,1.0,0.08,0.06,0.0,255,2,0.01,0.07,0.0,1.0,1.0,0.0,1,57973.0
22,9,230,488,0,1,17,0.0,0.0,1.0,0.0,0.0,63,255,1.0,0.0,0.02,0.0,0.0,0.0,0,70815.0
15,5,0,0,0,0,121,1.0,1.0,0.02,0.06,0.0,255,19,0.07,0.07,0.0,1.0,1.0,0.0,1,104886.0
55,2,0,0,0,0,124,0.0,0.0,0.06,0.06,0.0,255,2,0.01,0.07,0.0,0.0,0.0,1.0,1,122725.0
45,5,0,0,0,0,102,1.0,1.0,0.12,0.07,0.0,103,12,0.12,0.08,0.0,1.0,1.0,0.0,1,29646.0
22,9,310,3222,0,1,2,0.0,0.0,1.0,0.0,0.0,185,176,0.95,0.02,0.0,0.0,0.0,0.0,0,57961.0
45,1,0,0,0,0,199,0.0,0.0,0.04,0.06,0.0,255,8,0.03,0.08,0.0,0.0,0.0,1.0,1,61118.0
49,9,1086,329,0,1,1,0.0,0.0,1.0,0.0,0.0,18,179,0.67,0.22,0.02,0.0,0.0,0.0,0,89860.0
22,9,314,6232,0,1,4,0.0,0.0,1.0,0.0,0.4,4,255,1.0,0.0,0.01,0.0,0.0,0.0,0,92764.0
14,9,1032,0,0,0,79,0.0,0.0,1.0,0.0,0.0,255,255,1.0,0.0,0.0,0.0,0.0,0.0,1,97602.0
22,9,215,6830,0,1,25,0.0,0.0,1.0,0.0,0.0,54,255,1.0,0.0,0.05,0.0,0.0,0.0,0,106985.0
53,5,0,0,0,0,293,1.0,1.0,0.06,0.06,0.0,255,4,0.02,0.11,0.0,1.0,1.0,0.0,1,28680.0
22,9,315,7613,0,1,6,0.0,0.0,1.0,0.0,0.0,6,255,1.0,0.0,0.02,0.0,0.0,0.0,0,40941.0
11,9,42,108,0,0,69,0.0,0.0,1.0,0.0,0.01,255,254,1.0,0.01,0.0,0.0,0.0,0.0,0,112567.0
45,1,0,0,0,0,240,0.04,0.0,0.0,1.0,0.0,255,1,0.0,0.96,0.0,0.04,0.0,1.0,1,73987.0
11,9,44,44,0,0,114,0.0,0.0,1.0,0.0,0.01,255,255,1.0,0.0,0.0,0.0,0.0,0.0,0,4258.0
53,5,0,0,0,0,234,1.0,1.0,0.07,0.06,0.0,255,17,0.07,0.07,0.0,1.0,1.0,0.0,1,76335.0
11,9,43,134,0,0,54,0.0,0.0,1.0,0.0,0.01,112,200,0.87,0.02,0.01,0.0,0.0,0.0,0,27270.0
22,5,0,0,0,0,38,1.0,1.0,0.29,0.11,0.0,200,51,0.25,0.02,0.0,0.99,1.0,0.0,1,78487.0
50,5,0,0,0,0,170,1.0,1.0,0.04,0.08,0.0,255,6,0.02,0.08,0.0,1.0,1.0,0.0,1,110585.0
22,9,333,2526,0,1,11,0.0,0.0,1.0,0.0,0.23,255,255,1.0,0.0,0.0,0.0,0.0,0.0,0,12424.0
19,9,5133876,0,0,1,1,0.0,0.0,1.0,0.0,0.11,18,53,1.0,0.0,0.11,0.0,0.02,0.0,0,103988.0
45,1,0,0,0,0,478,0.06,0.0,0.0,1.0,0.0,255,1,0.0,1.0,0.0,0.08,0.0,1.0,1,52868.0
22,9,334,5369,0,1,18,0.0,0.0,1.0,0.0,0.1,255,255,1.0,0.0,0.0,0.0,0.0,0.0,0,73817.0
11,9,43,76,0,0,73,0.0,0.0,1.0,0.0,0.01,255,254,1.0,0.01,0.0,0.0,0.0,0.0,0,16402.0
22,9,324,1425,0,1,5,0.0,0.0,1.0,0.0,0.0,79,255,1.0,0.0,0.02,0.0,0.0,0.0,0,118663.0
22,9,216,920,0,1,17,0.0,0.0,1.0,0.0,0.0,92,255,1.0,0.0,0.01,0.0,0.01,0.0,0,49505.0
5,5,0,0,0,0,144,1.0,1.0,0.1,0.06,0.0,255,15,0.06,0.05,0.0,1.0,1.0,0.0,1,65814.0
45,5,0,0,0,0,175,1.0,1.0,0.1,0.06,0.0,255,3,0.01,0.08,0.0,1.0,1.0,0.0,1,82689.0
22,9,287,1856,0,1,22,0.0,0.0,1.0,0.0,0.12,255,255,1.0,0.0,0.0,0.0,0.0,0.0,0,77103.0
22,9,260,774,0,1,13,0.0,0.0,1.0,0.0,0.12,255,255,1.0,0.0,0.0,0.0,0.0,0.0,0,24342.0
22,9,252,1512,0,1,6,0.0,0.0,1.0,0.0,0.25,255,255,1.0,0.0,0.0,0.0,0.0,0.0,0,95560.0
38,5,0,0,0,0,120,1.0,1.0,0.1,0.06,0.0,255,12,0.05,0.07,0.0,1.0,1.0,0.0,1,119356.0
13,9,8,0,0,0,1,0.0,0.0,1.0,0.0,1.0,2,255,1.0,0.0,0.5,0.0,0.0,0.0,1,12954.0
13,9,8,0,0,0,1,0.0,0.0,1.0,0.0,1.0,1,121,1.0,0.0,0.5,0.0,0.0,0.0,1,36347.0
22,9,234,2748,0,1,1,0.0,0.0,1.0,0.0,0.14,138,255,1.0,0.0,0.04,0.0,0.0,0.0,0,47236.0
41,9,146,105,0,0,4,0.0,0.0,0.5,0.5,0.0,255,2,0.01,0.84,0.0,0.0,0.0,0.0,0,73388.0
49,9,1500,388,0,1,1,0.0,0.0,1.0,0.0,0.0,255,28,0.11,0.09,0.0,0.76,0.0,0.0,0,120014.0
22,1,0,0,0,0,1,0.0,0.0,1.0,0.0,0.0,119,255,1.0,0.0,0.08,0.0,0.0,0.72,0,83888.0
45,5,0,0,0,0,109,1.0,1.0,0.07,0.07,0.0,255,8,0.03,0.08,0.0,1.0,1.0,0.0,1,29085.0
49,9,1055,447,0,1,1,0.0,0.0,1.0,0.0,1.0,72,194,0.69,0.06,0.01,0.0,0.0,0.0,0,113796.0
55,5,0,0,0,0,291,1.0,1.0,0.03,0.05,0.0,255,12,0.05,0.07,0.0,1.0,1.0,0.0,1,86210.0
49,9,2785,389,0,1,1,0.0,0.0,1.0,0.0,0.0,255,97,0.38,0.25,0.0,0.25,0.0,0.0,0,55003.0
45,5,0,0,0,0,119,1.0,1.0,0.04,0.07,0.0,255,8,0.03,0.07,0.0,1.0,1.0,0.0,1,61387.0
11,9,43,43,0,0,163,0.0,0.0,1.0,0.0,0.0,255,255,1.0,0.0,0.0,0.0,0.0,0.0,0,105884.0
29,5,0,0,0,0,253,1.0,1.0,0.09,0.05,0.0,255,22,0.09,0.05,0.0,1.0,1.0,0.0,1,3356.0
11,9,44,70,0,0,195,0.0,0.0,1.0,0.0,0.01,255,234,0.92,0.01,0.0,0.0,0.0,0.0,0,332.0
18,9,238,772,0,1,1,0.0,0.0,1.0,0.0,0.0,79,29,0.37,0.04,0.0,0.0,0.0,0.0,0,7288.0
45,5,0,0,0,0,34,1.0,1.0,0.21,0.18,0.0,255,7,0.03,0.09,0.0,1.0,1.0,0.0,1,30931.0
13,9,8,0,0,0,1,0.0,0.0,1.0,0.0,1.0,1,28,1.0,0.0,0.54,0.0,0.0,0.0,1,551.0
19,9,59,0,0,1,16,0.0,0.0,1.0,0.0,0.12,112,58,0.52,0.04,0.0,0.0,0.0,0.0,0,89464.0
45,5,0,0,0,0,266,1.0,1.0,0.03,0.06,0.0,255,8,0.03,0.06,0.0,1.0,1.0,0.0,1,81547.0
33,5,0,0,0,0,293,1.0,1.0,0.08,0.05,0.0,255,23,0.09,0.05,0.0,1.0,1.0,0.0,1,27227.0
13,9,30,0,0,0,2,0.0,0.0,0.5,1.0,0.0,255,8,0.03,0.01,0.0,0.0,0.0,0.0,0,43509.0
49,9,1390,334,0,1,1,0.0,0.0,1.0,0.0,0.0,232,148,0.57,0.01,0.01,0.0,0.0,0.0,0,110082.0
53,5,0,0,0,0,204,1.0,1.0,0.07,0.06,0.0,255,13,0.05,0.07,0.0,1.0,1.0,0.0,1,8345.0
22,1,0,0,0,0,1,0.0,0.0,1.0,0.0,0.0,199,174,0.87,0.03,0.0,0.0,0.0,1.0,0,6164.0
18,5,0,0,0,0,282,1.0,1.0,0.04,0.06,0.0,255,11,0.04,0.08,0.0,1.0,1.0,0.0,1,12614.0
45,1,0,0,0,0,104,0.0,0.0,0.02,0.08,0.0,79,2,0.03,0.1,0.0,0.0,0.0,1.0,1,14192.0
22,1,0,0,0,0,1,0.0,0.0,1.0,0.0,0.0,83,255,1.0,0.0,0.16,0.0,0.0,1.0,0,104346.0
22,9,358,3781,0,1,4,0.0,0.0,1.0,0.0,0.4,255,255,1.0,0.0,0.0,0.0,0.0,0.0,0,3524.0
22,4,40636,2920,0,1,4,0.0,0.0,1.0,0.0,0.4,255,255,1.0,0.0,0.0,0.0,0.0,0.04,1,50176.0
11,9,30,30,0,0,2,0.0,0.0,1.0,0.0,0.6,255,248,0.97,0.01,0.0,0.0,0.0,0.0,0,110845.0
49,2,0,0,0,0,1,0.0,0.0,1.0,0.0,0.0,255,41,0.16,0.07,0.0,0.71,0.0,0.02,1,31684.0
13,9,8,0,0,0,1,0.0,0.0,1.0,0.0,1.0,2,64,1.0,0.0,0.5,0.0,0.0,0.0,1,114197.0
25,1,0,0,0,0,221,0.0,0.0,0.03,0.06,0.0,255,6,0.02,0.07,0.0,0.0,0.0,1.0,1,14170.0
41,9,146,105,0,0,1,0.0,0.0,1.0,0.0,0.0,255,2,0.01,0.74,0.0,0.0,0.0,0.0,0,54215.0
45,9,1,0,0,0,9,0.0,0.0,0.11,0.78,0.0,255,1,0.0,0.29,0.0,0.0,0.0,0.0,1,98285.0
22,9,240,2994,0,1,3,0.0,0.0,1.0,0.0,0.0,90,255,1.0,0.0,0.03,0.0,0.0,0.0,0,104733.0
53,5,0,0,0,0,150,1.0,1.0,0.02,0.07,0.0,255,3,0.01,0.06,0.0,1.0,1.0,0.0,1,118821.0
41,9,145,105,0,0,1,0.0,0.0,1.0,0.0,0.0,255,1,0.0,0.47,0.0,0.0,0.0,0.0,0,98989.0
11,9,46,80,0,0,109,0.0,0.0,1.0,0.0,0.02,255,227,0.89,0.01,0.0,0.0,0.0,0.0,0,102564.0
22,9,289,7384,0,1,22,0.0,0.0,1.0,0.0,0.0,255,255,1.0,0.0,0.0,0.0,0.0,0.0,0,26984.0
37,5,0,0,0,0,140,1.0,1.0,0.14,0.05,0.0,255,18,0.07,0.06,0.0,1.0,1.0,0.0,1,98450.0
41,9,102,102,0,0,1,0.0,0.0,1.0,0.0,0.0,7,1,0.14,0.29,0.0,0.0,0.0,0.0,0,96.0
11,9,41,115,0,0,204,0.0,0.0,1.0,0.01,0.01,255,255,1.0,0.0,0.0,0.0,0.0,0.0,0,27368.0
22,4,54540,8314,0,1,3,0.0,0.0,1.0,0.0,0.5,255,255,1.0,0.0,0.0,0.0,0.0,0.03,1,39499.0
49,9,1086,277,0,1,2,0.0,0.0,1.0,0.0,0.0,122,94,0.77,0.03,0.0,0.0,0.0,0.0,0,101307.0
45,5,0,0,0,0,118,1.0,1.0,0.01,0.08,0.0,255,3,0.01,0.06,0.0,1.0,1.0,0.0,1,40848.0
45,1,0,0,0,0,95,0.07,0.0,0.01,1.0,0.0,255,1,0.0,0.64,0.0,0.03,0.0,1.0,1,60340.0
11,9,44,86,0,0,174,0.0,0.0,1.0,0.0,0.0,255,196,0.77,0.01,0.0,0.0,0.0,0.0,0,62109.0
22,9,217,926,0,1,6,0.0,0.0,1.0,0.0,0.0,128,255,1.0,0.0,0.01,0.0,0.0,0.0,0,101090.0
22,9,249,4156,0,1,20,0.0,0.0,1.0,0.0,0.0,115,255,1.0,0.0,0.01,0.0,0.0,0.0,0,57371.0
22,9,316,594,0,1,9,0.0,0.0,1.0,0.0,0.15,119,255,1.0,0.0,0.02,0.01,0.0,0.0,0,42660.0
45,5,0,0,0,0,181,1.0,1.0,0.07,0.07,0.0,255,12,0.05,0.06,0.0,1.0,1.0,0.0,1,90389.0
45,5,0,0,0,0,243,1.0,1.0,0.04,0.07,0.0,255,11,0.04,0.09,0.0,1.0,1.0,0.0,1,118506.0
49,9,730,326,0,1,1,0.0,0.0,1.0,0.0,0.0,10,49,1.0,0.0,0.04,0.0,0.0,0.0,0,40134.0
49,9,683,331,0,1,1,0.0,0.0,1.0,0.0,1.0,213,163,0.7,0.03,0.01,0.0,0.0,0.0,0,116537.0
53,5,0,0,0,0,264,1.0,1.0,0.05,0.06,0.0,255,10,0.04,0.08,0.0,1.0,1.0,0.0,1,78899.0
22,9,474,7168,0,1,10,0.0,0.0,1.0,0.0,0.07,255,255,1.0,0.0,0.0,0.0,0.0,0.0,0,79134.0
41,9,516,4,0,0,179,0.0,0.0,1.0,0.0,0.0,179,179,1.0,0.0,0.0,0.0,0.0,0.0,0,47218.0
13,9,8,0,0,0,1,0.0,0.0,1.0,0.0,1.0,4,76,1.0,0.0,0.25,0.0,0.0,0.0,1,45405.0
45,5,0,0,0,0,210,1.0,1.0,0.03,0.06,0.0,255,12,0.05,0.07,0.0,1.0,1.0,0.0,1,90040.0
45,9,1,0,0,0,116,0.0,0.0,0.91,0.02,0.0,255,180,0.71,0.04,0.0,0.0,0.0,0.0,1,52664.0
45,5,0,0,0,0,136,1.0,1.0,0.15,0.06,0.0,255,20,0.08,0.05,0.0,1.0,1.0,0.0,1,35855.0
22,9,326,283,0,1,3,0.33,0.25,1.0,0.0,0.5,255,255,1.0,0.0,0.0,0.01,0.01,0.0,0,119462.0
11,9,32,0,0,0,1,0.0,0.0,1.0,0.0,1.0,171,22,0.12,0.04,0.09,0.0,0.0,0.0,0,59900.0
21,5,0,0,0,0,224,1.0,1.0,0.05,0.07,0.0,255,11,0.04,0.08,0.0,1.0,1.0,0.0,1,105396.0
22,5,0,0,0,0,247,1.0,1.0,0.07,0.06,0.0,255,17,0.07,0.06,0.0,1.0,1.0,0.0,1,9641.0
11,9,43,74,0,0,176,0.0,0.0,1.0,0.0,0.0,255,254,1.0,0.01,0.0,0.0,0.0,0.0,0,82019.0
8,5,0,0,0,0,283,1.0,1.0,0.05,0.05,0.0,255,8,0.03,0.08,0.0,1.0,1.0,0.0,1,68624.0
22,1,0,0,0,0,1,0.0,0.0,1.0,0.0,1.0,8,255,1.0,0.0,0.13,0.0,0.0,0.99,0,6578.0
20,5,0,0,0,0,215,1.0,1.0,0.08,0.06,0.0,255,16,0.06,0.08,0.0,1.0,1.0,0.0,1,14607.0
45,5,0,0,0,0,267,1.0,1.0,0.06,0.06,0.0,255,23,0.09,0.06,0.0,1.0,1.0,0.0,1,77816.0
49,9,1272,326,0,1,1,0.0,0.0,1.0,0.0,0.0,79,67,0.41,0.06,0.03,0.01,0.0,0.0,0,14839.0
26,1,0,0,0,0,242,0.0,0.0,0.03,0.07,0.0,255,7,0.03,0.07,0.0,0.0,0.0,1.0,1,93863.0
45,4,0,0,0,0,1,0.0,0.0,1.0,0.0,0.0,240,1,0.0,0.32,0.0,0.0,0.0,1.0,1,27517.0
53,5,0,0,0,0,228,1.0,1.0,0.04,0.07,0.0,255,9,0.04,0.09,0.0,1.0,1.0,0.0,1,54859.0
49,5,0,0,0,0,3,1.0,1.0,1.0,0.0,0.0,105,125,0.41,0.02,0.02,0.98,0.34,0.0,1,113041.0
22,9,217,702,0,1,5,0.0,0.14,1.0,0.0,0.43,5,13,1.0,0.0,0.23,0.0,0.08,0.0,1,91225.0
45,5,0,0,0,0,18,1.0,1.0,0.22,0.22,0.0,255,4,0.02,0.07,0.0,1.0,1.0,0.0,1,51645.0
49,9,844,334,0,1,1,0.0,0.0,1.0,0.0,0.0,74,126,0.41,0.08,0.02,0.01,0.02,0.0,0,22930.0
45,1,0,0,0,0,158,0.0,0.0,0.01,0.09,0.0,255,2,0.01,0.08,0.0,0.0,0.0,1.0,1,121328.0
22,9,458,5783,0,1,1,0.0,0.0,1.0,0.0,0.36,4,255,1.0,0.0,0.06,0.0,0.0,0.0,0,120987.0
22,9,316,21778,0,1,5,0.0,0.0,1.0,0.0,0.2,38,255,1.0,0.0,0.02,0.0,0.01,0.0,0,16364.0
22,9,209,280,0,1,13,0.0,0.0,1.0,0.0,0.0,255,255,1.0,0.0,0.0,0.0,0.0,0.0,0,105484.0
45,5,0,0,0,0,262,1.0,1.0,0.01,0.07,0.0,255,4,0.02,0.07,0.0,1.0,1.0,0.0,1,40655.0
22,9,228,505,0,1,25,0.0,0.0,1.0,0.0,0.08,119,255,1.0,0.0,0.02,0.0,0.0,0.0,0,58665.0
49,9,956,369,0,1,1,0.0,0.0,1.0,0.0,1.0,197,191,0.7,0.02,0.01,0.0,0.0,0.0,0,92284.0
31,5,0,0,0,0,150,1.0,1.0,0.13,0.05,0.0,255,20,0.08,0.06,0.0,1.0,1.0,0.0,1,97510.0
22,9,144,193,0,1,1,0.0,0.0,1.0,0.0,0.33,2,255,1.0,0.0,0.07,0.0,0.0,0.0,0,60808.0
22,9,327,442,0,1,4,0.0,0.0,1.0,0.0,0.0,214,255,1.0,0.0,0.01,0.01,0.01,0.0,0,117858.0
22,9,233,2298,0,1,5,0.0,0.0,1.0,0.0,0.29,222,255,1.0,0.0,0.01,0.0,0.0,0.0,0,31451.0
11,9,45,131,0,0,196,0.0,0.0,0.99,0.01,0.0,85,52,0.61,0.02,0.0,0.0,0.0,0.0,0,83196.0
22,9,212,3692,0,1,1,0.0,0.0,1.0,0.0,0.0,241,255,1.0,0.0,0.01,0.0,0.0,0.0,0,122036.0
45,4,0,0,0,0,1,0.0,0.0,1.0,0.0,0.0,255,1,0.0,0.68,0.0,0.0,0.0,1.0,1,53005.0
49,9,2222,327,0,1,1,0.0,0.0,1.0,0.0,0.0,139,122,0.88,0.03,0.0,0.0,0.0,0.0,0,52787.0
22,9,225,982,0,1,3,0.0,0.25,1.0,0.0,0.38,74,255,1.0,0.0,0.07,0.0,0.0,0.0,0,54887.0
11,9,45,75,0,0,190,0.0,0.0,1.0,0.0,0.0,255,254,1.0,0.01,0.0,0.0,0.0,0.0,0,45409.0
22,9,360,3103,0,1,4,0.0,0.0,1.0,0.0,0.18,51,255,1.0,0.0,0.09,0.0,0.0,0.0,0,48496.0
51,5,0,0,0,0,116,1.0,1.0,0.01,0.07,0.0,255,21,0.08,0.07,0.0,1.0,1.0,0.0,1,74438.0
20,1,0,0,0,0,168,0.0,0.0,0.06,0.07,0.0,255,10,0.04,0.08,0.0,0.0,0.0,1.0,1,49576.0
22,9,234,3550,0,1,30,0.0,0.0,1.0,0.0,0.06,63,255,1.0,0.0,0.04,0.0,0.0,0.0,0,61117.0
55,9,201,43347,0,1,1,0.0,0.0,1.0,0.0,0.0,255,32,0.13,0.04,0.0,0.2,0.0,0.12,0,23987.0
41,9,145,105,0,0,12,0.0,0.0,0.17,0.25,0.0,255,2,0.01,0.61,0.0,0.0,0.0,0.0,0,12548.0
18,9,1435,4152,0,1,1,0.0,0.0,1.0,0.0,0.0,228,60,0.26,0.02,0.0,0.0,0.0,0.0,0,72422.0
22,9,205,525,0,1,2,0.0,0.0,1.0,0.0,0.0,2,2,1.0,0.0,0.0,0.0,0.0,0.0,0,17653.0
45,5,0,0,0,0,202,1.0,1.0,0.11,0.06,0.0,255,23,0.09,0.06,0.0,1.0,1.0,0.0,1,106628.0
14,9,520,0,0,0,293,0.0,0.0,1.0,0.0,0.0,255,255,1.0,0.0,0.0,0.0,0.0,0.0,1,46058.0
22,9,204,622,0,1,37,0.0,0.0,1.0,0.0,0.0,255,255,1.0,0.0,0.0,0.0,0.0,0.0,0,87750.0
22,9,236,2698,0,1,3,0.0,0.0,1.0,0.0,0.15,255,220,0.86,0.01,0.0,0.0,0.0,0.0,0,71915.0
9,5,0,0,0,0,232,1.0,1.0,0.03,0.07,0.0,255,8,0.03,0.07,0.0,1.0,1.0,0.0,1,119455.0
49,9,13510,1361,0,1,1,0.0,0.0,1.0,0.0,0.0,150,159,0.42,0.03,0.01,0.0,0.0,0.0,0,60756.0
14,9,520,0,0,0,238,0.0,0.0,1.0,0.0,0.0,255,255,1.0,0.0,0.0,0.0,0.0,0.0,1,7539.0
22,9,329,3276,0,1,15,0.0,0.0,1.0,0.0,0.12,255,255,1.0,0.0,0.0,0.0,0.0,0.0,0,40491.0
22,9,286,1267,0,1,4,0.0,0.0,1.0,0.0,0.0,4,255,1.0,0.0,0.04,0.0,0.0,0.0,0,9505.0
22,9,290,10608,0,1,3,0.0,0.0,1.0,0.0,0.2,128,255,1.0,0.0,0.02,0.01,0.0,0.04,0,104712.0
22,9,393,255,0,1,5,0.0,0.0,1.0,0.0,0.0,255,255,1.0,0.0,0.0,0.0,0.0,0.0,0,109123.0
22,9,215,2288,0,1,6,0.0,0.0,1.0,0.0,0.0,42,176,1.0,0.0,0.06,0.0,0.0,0.0,0,23254.0
22,9,203,1777,0,1,1,0.0,0.0,1.0,0.0,0.0,11,255,1.0,0.0,0.03,0.0,0.0,0.0,0,4732.0
22,9,324,258,0,1,28,0.0,0.0,1.0,0.0,0.07,255,255,1.0,0.0,0.0,0.0,0.0,0.0,0,52449.0
29,1,0,0,0,0,141,0.0,0.0,0.08,0.06,0.0,255,7,0.03,0.07,0.0,0.0,0.0,1.0,1,5885.0
33,1,0,0,0,0,245,0.0,0.0,0.02,0.07,0.0,255,6,0.02,0.07,0.0,0.0,0.0,1.0,1,64171.0
41,9,145,105,0,0,1,0.0,0.0,1.0,0.0,0.0,119,3,0.03,0.61,0.0,0.0,0.0,0.0,0,87342.0
46,5,0,0,0,0,80,0.79,1.0,0.03,0.38,0.0,255,2,0.01,0.12,0.0,0.25,1.0,0.0,1,111847.0
22,9,207,314,0,1,11,0.0,0.0,1.0,0.0,0.0,96,254,1.0,0.0,0.14,0.0,0.0,0.77,0,105915.0
22,9,303,800,0,1,2,0.0,0.0,1.0,0.0,0.0,20,255,1.0,0.0,0.06,0.0,0.0,0.0,0,85568.0
45,9,28,0,3,0,13,0.0,0.0,1.0,0.0,0.0,255,13,0.05,0.01,0.0,0.0,0.0,0.0,1,20056.0
22,9,349,6773,0,1,4,0.0,0.0,1.0,0.0,0.0,106,255,1.0,0.0,0.03,0.0,0.01,0.03,0,37215.0
22,9,207,294,0,1,4,0.0,0.0,1.0,0.0,0.0,246,255,1.0,0.0,0.01,0.0,0.0,0.0,0,21954.0
22,9,252,531,0,1,15,0.0,0.0,1.0,0.0,0.12,52,255,1.0,0.0,0.05,0.0,0.0,0.0,0,100817.0
55,5,0,0,0,0,264,1.0,1.0,0.03,0.06,0.0,255,8,0.03,0.07,0.0,1.0,1.0,0.0,1,110511.0
22,9,230,1556,0,1,2,0.0,0.0,1.0,0.0,0.75,125,255,1.0,0.0,0.04,0.0,0.0,0.0,0,41731.0
19,9,212,0,0,1,1,0.0,0.0,1.0,0.0,0.0,152,62,0.13,0.03,0.03,0.0,0.0,0.0,0,1892.0
22,9,1306,1566,0,1,11,0.0,0.0,1.0,0.0,0.0,13,255,1.0,0.0,0.07,0.0,0.0,0.0,0,31612.0
22,9,246,1394,0,1,6,0.0,0.0,1.0,0.0,0.0,56,255,1.0,0.0,0.01,0.0,0.0,0.0,0,60241.0
61,1,0,0,0,0,264,0.0,0.0,0.06,0.06,0.0,255,17,0.07,0.07,0.0,0.0,0.0,1.0,1,103822.0
22,9,238,390,0,1,13,0.0,0.0,1.0,0.0,0.14,29,29,1.0,0.0,0.0,0.0,0.0,0.0,0,121794.0
22,9,213,1628,0,1,13,0.0,0.0,1.0,0.0,0.0,13,255,1.0,0.0,0.04,0.0,0.0,0.0,0,93594.0
22,9,306,261,0,1,3,0.0,0.0,1.0,0.0,0.0,8,108,1.0,0.0,0.08,0.0,0.01,0.0,0,26647.0
19,9,95,0,0,1,2,0.0,0.0,1.0,0.0,0.0,81,18,0.1,0.06,0.11,0.0,0.0,0.0,0,120128.0
60,5,0,0,0,0,137,1.0,1.0,0.11,0.06,0.0,255,6,0.02,0.07,0.0,1.0,1.0,0.0,1,8092.0
19,9,1874,0,0,0,12,0.0,0.0,0.92,0.17,0.0,49,102,0.67,0.14,0.02,0.0,0.0,0.0,0,14423.0
22,9,324,369,0,1,1,0.0,0.0,1.0,0.0,0.25,73,255,1.0,0.0,0.02,0.0,0.0,0.0,0,98887.0
22,9,309,1075,0,1,6,0.0,0.0,1.0,0.0,0.29,255,244,0.96,0.02,0.0,0.0,0.0,0.0,0,92721.0
22,9,192,35496,0,1,1,0.0,0.0,1.0,0.0,0.0,255,255,1.0,0.0,0.0,0.0,0.0,0.0,0,62171.0
60,5,0,0,0,0,16,1.0,1.0,0.38,0.19,0.0,255,6,0.02,0.08,0.0,1.0,1.0,0.0,1,116325.0
22,9,236,34500,0,1,1,0.0,0.0,1.0,0.0,0.0,255,255,1.0,0.0,0.0,0.0,0.0,0.0,0,88808.0
45,5,0,0,0,0,279,1.0,1.0,0.02,0.06,0.0,255,19,0.07,0.07,0.0,1.0,1.0,0.0,1,67159.0
2,5,0,0,0,0,107,1.0,1.0,0.01,0.07,0.0,255,1,0.0,0.06,0.0,1.0,1.0,0.0,1,61480.0
22,9,270,2133,0,1,4,0.0,0.0,1.0,0.0,0.08,17,255,1.0,0.0,0.05,0.0,0.0,0.0,0,72717.0
13,9,8,0,0,0,1,0.0,0.0,1.0,0.0,1.0,1,201,1.0,0.0,0.25,0.0,0.0,0.0,1,90522.0
22,9,229,2239,0,1,5,0.0,0.0,1.0,0.0,0.0,255,247,0.97,0.01,0.0,0.0,0.0,0.0,0,61671.0
45,9,105,145,0,0,1,0.0,0.0,1.0,0.0,0.0,67,58,0.87,0.04,0.0,0.0,0.0,0.0,0,118484.0
22,9,148,14506,0,1,17,0.0,0.0,1.0,0.0,0.0,255,255,1.0,0.0,0.0,0.0,0.0,0.0,0,20528.0
19,9,607,0,0,0,1,0.0,0.0,1.0,0.0,0.0,255,104,0.41,0.02,0.0,0.0,0.0,0.0,0,121347.0
12,2,0,0,0,0,215,0.0,0.0,0.07,0.07,0.0,255,14,0.05,0.06,0.0,0.0,0.0,1.0,1,31361.0
22,9,311,1472,0,1,14,0.0,0.0,1.0,0.0,0.0,255,255,1.0,0.0,0.0,0.0,0.0,0.0,0,35899.0
45,5,0,0,0,0,146,1.0,1.0,0.12,0.05,0.0,255,19,0.07,0.07,0.0,1.0,1.0,0.0,1,112137.0
11,9,46,46,0,0,19,0.0,0.0,1.0,0.0,0.16,255,255,1.0,0.0,0.0,0.0,0.0,0.0,0,119510.0
49,9,1858,334,0,1,1,0.0,0.0,1.0,0.0,1.0,30,168,0.97,0.07,0.01,0.0,0.0,0.04,0,9074.0
55,5,0,0,0,0,11,1.0,1.0,0.55,0.27,0.0,255,26,0.1,0.07,0.0,1.0,1.0,0.0,1,11675.0
22,9,212,679,0,1,12,0.0,0.0,1.0,0.0,0.0,12,255,1.0,0.0,0.09,0.0,0.0,0.0,0,96426.0
22,9,272,7357,0,1,1,0.0,0.0,1.0,0.0,0.0,53,255,1.0,0.0,0.02,0.0,0.0,0.0,0,103568.0
22,9,215,1195,0,1,17,0.0,0.0,1.0,0.0,0.09,17,255,1.0,0.0,0.02,0.0,0.0,0.0,0,113663.0
45,5,0,0,0,0,128,1.0,1.0,0.14,0.05,0.0,255,8,0.03,0.07,0.0,1.0,1.0,0.0,1,41125.0
45,5,0,0,0,0,62,1.0,1.0,0.19,0.1,0.0,255,21,0.08,0.09,0.0,1.0,1.0,0.0,1,102431.0
22,9,288,12040,0,1,7,0.0,0.0,1.0,0.0,0.0,7,255,1.0,0.0,0.04,0.0,0.0,0.0,0,21225.0
11,9,46,46,0,0,5,0.0,0.0,1.0,0.0,0.25,255,254,1.0,0.01,0.0,0.0,0.0,0.0,0,37197.0
19,9,334,0,0,1,2,0.0,0.0,1.0,0.0,0.0,4,26,1.0,0.0,0.15,0.0,0.0,0.0,1,103922.0
22,9,222,3423,0,1,3,0.0,0.0,1.0,0.0,0.5,165,255,1.0,0.0,0.04,0.01,0.01,0.01,0,76851.0
22,9,295,9591,0,1,7,0.0,0.0,1.0,0.0,0.0,7,255,1.0,0.0,0.02,0.0,0.0,0.0,0,88486.0
27,5,0,0,0,0,137,1.0,1.0,0.01,0.06,0.0,255,8,0.03,0.07,0.0,1.0,1.0,0.0,1,46067.0
13,9,30,0,0,0,2,0.0,0.0,1.0,0.0,0.0,255,5,0.02,0.01,0.0,0.0,0.0,0.0,0,59498.0
11,9,44,172,0,0,280,0.0,0.0,1.0,0.01,0.0,255,251,0.98,0.01,0.0,0.0,0.0,0.0,0,84389.0
45,1,0,0,0,0,147,0.0,0.0,0.12,0.05,0.0,255,11,0.04,0.07,0.0,0.0,0.0,1.0,1,88082.0
22,9,160,4437,0,1,7,0.0,0.0,1.0,0.0,0.09,44,255,1.0,0.0,0.01,0.0,0.0,0.0,0,21395.0
22,9,224,481,0,1,9,0.0,0.0,1.0,0.0,0.2,255,255,1.0,0.0,0.0,0.0,0.0,0.0,0,104740.0
11,9,43,43,0,0,149,0.0,0.0,0.99,0.01,0.01,255,254,1.0,0.01,0.0,0.0,0.0,0.0,0,26933.0
45,5,0,0,0,0,107,1.0,1.0,0.17,0.06,0.0,255,2,0.01,0.06,0.0,1.0,1.0,0.0,1,39910.0
45,9,1,0,0,0,32,0.0,0.0,0.78,0.09,0.0,255,25,0.1,0.56,0.0,0.05,0.0,0.0,1,73602.0
41,9,516,4,0,0,488,0.0,0.0,1.0,0.0,0.0,255,255,1.0,0.0,0.0,0.0,0.0,0.0,0,108425.0
13,9,18,0,0,0,1,0.0,0.0,1.0,0.0,0.0,1,5,1.0,0.0,1.0,0.0,0.0,0.0,1,108890.0
46,1,0,0,0,0,250,0.0,0.0,0.04,0.06,0.0,255,9,0.04,0.07,0.0,0.0,0.0,1.0,1,7384.0
22,9,254,791,0,1,1,0.0,0.0,1.0,0.0,0.67,255,251,0.98,0.01,0.0,0.0,0.0,0.0,0,21050.0
22,9,209,24698,0,1,8,0.0,0.0,1.0,0.0,0.0,8,255,1.0,0.0,0.05,0.0,0.0,0.0,0,57134.0
11,9,43,69,0,0,233,0.0,0.0,1.0,0.01,0.0,255,247,0.97,0.01,0.0,0.0,0.0,0.0,0,49699.0
4,5,0,0,0,0,289,1.0,1.0,0.04,0.06,0.0,255,9,0.04,0.07,0.0,1.0,1.0,0.0,1,97452.0
13,9,8,0,0,0,1,0.0,0.0,1.0,0.0,1.0,2,84,1.0,0.0,0.5,0.0,0.0,0.0,1,96881.0
22,9,298,13020,0,1,2,0.0,0.0,1.0,0.0,0.0,255,255,1.0,0.0,0.0,0.0,0.0,0.0,0,100606.0
17,5,0,0,0,0,295,1.0,1.0,0.05,0.06,0.0,255,3,0.01,0.07,0.0,1.0,1.0,0.0,1,89100.0
55,5,0,0,0,0,19,1.0,1.0,1.0,0.0,0.0,61,41,0.67,0.03,0.0,0.97,0.95,0.0,1,91284.0
45,5,0,0,0,0,52,1.0,1.0,0.02,0.12,0.0,255,1,0.0,0.09,0.0,1.0,1.0,0.0,1,104164.0
19,1,0,0,0,0,1,0.0,0.0,1.0,0.0,0.0,1,80,1.0,0.0,0.03,0.0,0.0,0.03,0,101335.0
17,5,0,0,0,0,52,1.0,1.0,0.27,0.08,0.0,132,39,0.26,0.03,0.05,1.0,0.87,0.0,1,9226.0
22,9,208,4321,0,1,9,0.0,0.0,1.0,0.0,0.0,22,255,1.0,0.0,0.02,0.0,0.0,0.0,0,29755.0
22,9,300,4728,0,1,21,0.0,0.0,1.0,0.0,0.0,56,255,1.0,0.0,0.03,0.0,0.0,0.0,0,110801.0
22,9,358,256,0,1,3,0.0,0.0,1.0,0.0,0.5,216,255,1.0,0.0,0.01,0.0,0.0,0.0,0,60220.0
13,9,8,0,0,0,1,0.0,0.0,1.0,0.0,1.0,1,19,1.0,0.0,0.53,0.0,0.0,0.0,1,56616.0
61,5,0,0,0,0,296,1.0,1.0,0.07,0.05,0.0,255,20,0.08,0.05,0.0,1.0,1.0,0.0,1,61116.0
45,5,0,0,0,0,132,1.0,1.0,0.08,0.05,0.0,255,11,0.04,0.04,0.0,1.0,1.0,0.0,1,64889.0
45,1,0,0,0,0,129,0.0,0.0,0.11,0.05,0.0,255,14,0.05,0.06,0.0,0.0,0.0,1.0,1,58344.0
22,9,162,27576,0,1,10,0.0,0.0,1.0,0.0,0.14,255,255,1.0,0.0,0.0,0.0,0.0,0.0,0,62720.0
41,9,146,0,0,0,1,0.0,0.0,1.0,0.0,0.0,255,1,0.0,0.55,0.0,0.0,0.0,0.0,0,100386.0
39,5,0,0,0,0,287,1.0,1.0,0.02,0.06,0.0,255,7,0.03,0.07,0.0,1.0,1.0,0.0,1,38581.0
21,5,0,0,0,0,188,1.0,1.0,0.05,0.07,0.0,255,10,0.04,0.07,0.0,1.0,1.0,0.0,1,83997.0
36,5,0,0,0,0,218,1.0,1.0,0.09,0.06,0.0,255,20,0.08,0.06,0.0,1.0,1.0,0.0,1,120516.0
55,5,0,0,0,0,41,1.0,1.0,0.24,0.1,0.0,255,69,0.27,0.02,0.0,1.0,1.0,0.0,1,94969.0
49,9,1492,336,0,1,1,0.0,0.0,1.0,0.0,1.0,244,165,0.63,0.02,0.01,0.0,0.0,0.0,0,1116.0
49,9,2492,391,0,1,1,0.0,0.0,1.0,0.0,0.0,255,4,0.02,0.06,0.0,0.0,0.0,0.0,0,28420.0
11,9,45,115,0,0,106,0.0,0.0,1.0,0.0,0.0,255,255,1.0,0.0,0.0,0.0,0.0,0.0,0,11809.0
22,9,238,3127,0,1,5,0.0,0.0,1.0,0.0,0.0,11,255,1.0,0.0,0.04,0.0,0.0,0.0,0,58000.0
31,5,0,0,0,0,117,1.0,1.0,0.02,0.08,0.0,255,19,0.07,0.07,0.0,1.0,1.0,0.0,1,94579.0
54,5,0,0,0,0,297,1.0,1.0,0.06,0.06,0.0,255,19,0.07,0.07,0.0,1.0,1.0,0.0,1,103277.0
61,5,0,0,0,0,182,1.0,1.0,0.1,0.07,0.0,255,15,0.06,0.08,0.0,1.0,1.0,0.0,1,87901.0
11,9,44,115,0,0,1,0.0,0.0,1.0,0.0,0.75,255,247,0.97,0.01,0.0,0.0,0.0,0.0,0,11392.0
19,9,7196,0,0,0,2,0.0,0.0,1.0,0.0,0.0,81,89,0.27,0.04,0.02,0.0,0.0,0.0,0,5232.0
19,5,0,0,0,0,50,1.0,1.0,0.24,0.08,0.0,132,64,0.24,0.03,0.03,0.98,0.5,0.0,1,32641.0
22,9,250,7931,0,1,3,0.0,0.0,1.0,0.0,0.0,255,251,0.98,0.01,0.0,0.0,0.0,0.01,0,102344.0
22,9,330,748,0,1,20,0.0,0.0,1.0,0.0,0.1,255,255,1.0,0.0,0.0,0.0,0.0,0.0,0,9755.0
45,5,0,0,0,0,294,1.0,1.0,0.02,0.05,0.0,255,1,0.0,0.08,0.0,1.0,1.0,0.0,1,118493.0
16,5,0,0,0,0,105,1.0,1.0,0.19,0.06,0.0,255,15,0.06,0.06,0.0,1.0,1.0,0.0,1,35874.0
22,9,315,3626,0,1,7,0.0,0.0,1.0,0.0,0.08,7,255,1.0,0.0,0.04,0.0,0.0,0.0,0,61241.0
45,9,215,0,0,0,1,0.0,0.0,1.0,0.0,0.0,77,69,0.9,0.03,0.0,0.0,0.0,0.0,1,84840.0
22,9,195,10849,0,1,2,0.0,0.0,1.0,0.0,0.67,5,255,1.0,0.0,0.06,0.0,0.0,0.0,0,22982.0
49,5,0,0,0,0,238,1.0,1.0,0.02,0.06,0.0,255,17,0.07,0.07,0.0,1.0,1.0,0.0,1,70747.0
41,9,1,0,0,0,5,0.0,0.0,1.0,0.0,0.0,255,5,0.02,0.15,0.0,0.0,0.0,0.0,1,27296.0
19,5,0,0,0,0,26,1.0,1.0,0.19,0.15,0.0,255,65,0.25,0.03,0.0,1.0,1.0,0.0,1,72704.0
22,9,288,6935,0,1,3,0.33,0.33,1.0,0.0,0.0,255,255,1.0,0.0,0.0,0.0,0.0,0.0,0,56562.0
57,5,0,0,0,0,277,1.0,1.0,0.09,0.05,0.0,255,24,0.09,0.05,0.0,1.0,1.0,0.0,1,89930.0
22,9,284,12095,0,1,2,0.0,0.0,1.0,0.0,0.18,2,255,1.0,0.0,0.02,0.0,0.0,0.0,0,36958.0
22,1,0,0,0,0,2,0.0,0.0,1.0,0.0,0.0,216,178,0.82,0.02,0.0,0.0,0.0,1.0,0,41166.0
31,2,0,0,0,0,134,0.0,0.0,0.14,0.06,0.0,255,19,0.07,0.06,0.0,0.0,0.0,1.0,1,101345.0
11,9,44,70,0,0,19,0.0,0.0,1.0,0.0,0.03,255,254,1.0,0.01,0.0,0.0,0.0,0.0,0,16646.0
19,9,192,0,0,1,2,0.0,0.0,1.0,0.0,0.0,255,69,0.27,0.02,0.0,0.0,0.0,0.0,0,37959.0
63,1,0,0,0,0,222,0.0,0.0,0.04,0.06,0.0,255,9,0.04,0.07,0.0,0.0,0.0,1.0,1,110259.0
13,9,8,0,0,0,1,0.0,0.0,1.0,0.0,1.0,2,20,1.0,0.0,0.5,0.0,0.0,0.0,1,14823.0
22,9,318,266,0,1,1,0.0,0.0,1.0,0.0,0.0,255,253,0.99,0.01,0.0,0.0,0.0,0.03,0,55421.0
45,4,0,0,0,0,1,0.0,0.0,1.0,0.0,0.0,178,1,0.01,0.73,0.0,0.03,0.0,1.0,1,66427.0
45,5,0,0,0,0,129,1.0,1.0,0.12,0.05,0.0,255,11,0.04,0.06,0.0,1.0,1.0,0.0,1,13526.0
22,9,220,18912,0,1,3,0.0,0.0,1.0,0.0,0.0,30,255,1.0,0.0,0.01,0.0,0.0,0.0,0,8664.0
17,5,0,0,0,0,230,1.0,1.0,0.01,0.06,0.0,255,3,0.01,0.08,0.0,1.0,1.0,0.0,1,123026.0
22,9,291,2457,0,1,27,0.0,0.0,1.0,0.0,0.07,149,255,1.0,0.0,0.01,0.0,0.0,0.0,0,28017.0
41,9,147,0,0,0,5,0.0,0.0,0.2,0.6,0.0,255,1,0.0,0.47,0.0,0.0,0.0,0.0,0,19443.0
45,1,0,0,0,0,103,0.0,0.0,0.09,0.07,0.0,255,9,0.04,0.06,0.0,0.0,0.0,1.0,1,86006.0
22,9,217,674,0,1,2,0.0,0.0,1.0,0.0,0.0,255,255,1.0,0.0,0.0,0.0,0.0,0.0,0,73356.0
22,9,222,11223,0,1,5,0.0,0.0,1.0,0.0,0.0,20,255,1.0,0.0,0.04,0.0,0.0,0.0,0,49102.0
41,9,146,0,0,0,3,0.0,0.0,0.33,0.67,0.0,255,1,0.0,0.56,0.0,0.0,0.0,0.0,0,106467.0
22,1,0,0,0,0,1,0.0,0.0,1.0,0.0,0.0,1,255,1.0,0.0,0.05,0.0,0.0,0.05,0,120191.0
22,9,258,8705,0,1,1,0.0,0.0,1.0,0.0,0.0,3,255,1.0,0.0,0.05,0.0,0.0,0.0,0,23845.0
22,9,221,756,0,1,27,0.0,0.0,1.0,0.0,0.07,255,255,1.0,0.0,0.0,0.0,0.0,0.0,0,15675.0
38,5,0,0,0,0,145,1.0,1.0,0.1,0.06,0.0,255,15,0.06,0.07,0.0,1.0,1.0,0.0,1,34727.0
13,9,8,0,0,0,1,0.0,0.0,1.0,0.0,1.0,2,255,1.0,0.0,0.5,0.0,0.0,0.0,1,1693.0
22,9,208,1073,0,1,5,0.0,0.0,1.0,0.0,0.0,5,255,1.0,0.0,0.03,0.0,0.0,0.0,0,121172.0
22,9,275,29434,0,1,1,0.0,0.0,1.0,0.0,0.0,238,255,1.0,0.0,0.02,0.0,0.0,0.01,0,30682.0
14,9,1032,0,0,0,90,0.0,0.0,1.0,0.0,0.0,255,255,1.0,0.0,0.0,0.0,0.0,0.0,1,85675.0
11,9,45,130,0,0,201,0.0,0.0,1.0,0.0,0.0,255,255,1.0,0.0,0.0,0.0,0.0,0.0,0,69736.0
55,5,0,0,0,0,41,1.0,1.0,0.22,0.1,0.0,255,64,0.25,0.02,0.0,1.0,1.0,0.0,1,29406.0
11,9,102,0,0,0,1,0.0,0.0,1.0,0.0,0.0,255,249,0.98,0.01,0.0,0.0,0.0,0.0,0,80413.0
45,1,0,0,0,0,70,0.0,0.0,0.14,0.07,0.0,255,10,0.04,0.07,0.0,0.0,0.0,1.0,1,21691.0
45,5,0,0,0,0,117,1.0,1.0,0.06,0.06,0.0,255,7,0.03,0.09,0.0,1.0,1.0,0.0,1,84791.0
22,9,334,7950,0,1,23,0.0,0.0,1.0,0.0,0.08,24,255,1.0,0.0,0.07,0.0,0.0,0.0,0,69980.0
19,9,245,0,0,1,2,0.0,0.0,1.0,0.0,0.0,210,2,0.01,0.48,0.0,0.0,0.0,0.0,0,4396.0
57,5,0,0,0,0,293,1.0,1.0,0.04,0.05,0.0,255,6,0.02,0.09,0.0,1.0,1.0,0.0,1,57931.0
11,9,46,77,0,0,317,0.0,0.0,1.0,0.0,0.0,255,255,1.0,0.0,0.0,0.0,0.0,0.0,0,38067.0
22,9,201,1938,0,1,19,0.0,0.0,1.0,0.0,0.06,44,255,1.0,0.0,0.03,0.0,0.0,0.0,0,194.0
22,9,308,2698,0,1,4,0.0,0.0,1.0,0.0,0.0,255,250,0.98,0.01,0.0,0.0,0.0,0.0,0,118380.0
49,6,0,0,0,0,1,1.0,1.0,1.0,0.0,0.0,87,157,0.39,0.03,0.01,0.02,0.01,0.0,0,9449.0
19,5,0,0,0,0,289,1.0,1.0,0.09,0.05,0.0,255,25,0.1,0.05,0.0,1.0,1.0,0.0,1,65222.0
22,9,343,2432,0,1,12,0.0,0.0,1.0,0.0,0.21,56,255,1.0,0.0,0.02,0.0,0.0,0.0,0,94272.0
19,5,0,0,0,0,193,1.0,1.0,0.03,0.06,0.0,255,5,0.02,0.07,0.0,1.0,1.0,0.0,1,9908.0
49,9,1733,330,0,1,1,0.0,0.0,1.0,0.0,1.0,110,142,0.58,0.04,0.01,0.0,0.0,0.0,0,84317.0
45,5,0,0,0,0,128,1.0,1.0,0.01,0.06,0.0,255,1,0.0,0.05,0.0,1.0,1.0,0.0,1,82040.0
17,5,0,0,0,0,3,1.0,1.0,0.67,0.67,0.0,243,63,0.26,0.02,0.03,1.0,0.98,0.0,1,79095.0
13,9,18,0,0,0,1,0.0,0.0,1.0,0.0,0.0,1,192,1.0,0.0,1.0,0.0,0.0,0.0,1,86175.0
45,5,0,0,0,0,112,1.0,1.0,0.05,0.07,0.0,110,6,0.05,0.09,0.0,1.0,1.0,0.0,1,30691.0
22,9,153,34719,0,1,1,0.0,0.0,1.0,0.0,0.0,255,255,1.0,0.0,0.0,0.0,0.0,0.0,0,65823.0
19,9,2194619,0,0,0,2,0.0,0.0,1.0,0.0,0.0,163,53,0.33,0.04,0.0,0.0,0.0,0.0,0,70780.0
49,9,833,336,0,1,1,0.0,0.0,1.0,0.0,1.0,75,169,0.67,0.05,0.01,0.0,0.0,0.0,0,90084.0
60,2,0,0,0,0,131,0.0,0.0,0.08,0.06,0.0,255,11,0.04,0.07,0.0,0.0,0.0,1.0,1,52404.0
22,7,196,22793,0,1,1,1.0,0.17,1.0,0.0,0.33,161,255,1.0,0.0,0.02,0.01,0.0,0.0,0,54686.0
45,5,0,0,0,0,274,1.0,1.0,0.01,0.06,0.0,255,4,0.02,0.07,0.0,1.0,1.0,0.0,1,117016.0
22,9,159,230,0,1,2,0.0,0.0,1.0,0.0,0.0,11,255,1.0,0.0,0.07,0.0,0.0,0.0,0,62555.0
22,9,290,9627,0,1,16,0.0,0.0,1.0,0.0,0.0,16,23,1.0,0.0,0.09,0.0,0.0,0.0,0,112012.0
45,5,0,0,0,0,224,1.0,1.0,0.07,0.06,0.0,255,20,0.08,0.04,0.0,1.0,1.0,0.0,1,4013.0
9,2,0,0,0,0,205,0.0,0.0,0.03,0.08,0.0,255,7,0.03,0.09,0.0,0.0,0.0,1.0,1,85333.0
0,8,147,1244,0,0,1,1.0,1.0,1.0,0.0,0.0,6,4,0.67,0.33,0.0,0.17,0.25,0.75,0,28300.0
43,9,150,9972,0,1,1,0.0,0.0,1.0,0.0,0.0,181,4,0.02,0.03,0.5,0.0,0.0,0.0,0,115845.0
22,9,205,1651,0,1,5,0.0,0.0,1.0,0.0,0.33,255,255,1.0,0.0,0.0,0.0,0.0,0.0,0,79399.0
22,9,260,16811,0,1,2,0.0,0.0,1.0,0.0,0.0,59,194,1.0,0.0,0.03,0.0,0.0,0.0,0,76966.0
22,9,236,1109,0,1,11,0.0,0.0,1.0,0.0,0.12,145,255,1.0,0.0,0.02,0.0,0.0,0.0,0,61658.0
19,5,0,0,0,0,142,1.0,1.0,0.09,0.06,0.0,255,6,0.02,0.07,0.0,1.0,1.0,0.0,1,13157.0
22,1,0,0,0,0,1,0.0,0.0,1.0,0.0,0.0,14,216,1.0,0.0,0.01,0.0,0.0,0.06,0,92070.0
11,9,44,126,0,0,13,0.0,0.0,1.0,0.0,0.0,255,254,1.0,0.01,0.0,0.0,0.0,0.0,0,13335.0
22,9,305,2219,0,1,2,0.0,0.0,1.0,0.0,0.67,4,255,1.0,0.0,0.08,0.0,0.0,0.0,0,68002.0
45,5,0,0,0,0,110,1.0,1.0,0.17,0.05,0.0,109,14,0.13,0.11,0.0,1.0,1.0,0.0,1,101481.0
22,5,0,0,0,0,23,1.0,1.0,0.43,0.17,0.0,255,67,0.26,0.02,0.0,1.0,1.0,0.0,1,76378.0
45,1,0,0,0,0,101,0.0,0.0,0.12,0.06,0.0,255,2,0.01,0.08,0.0,0.0,0.0,1.0,1,14297.0
22,9,288,711,0,1,15,0.0,0.0,1.0,0.0,0.15,44,255,1.0,0.0,0.05,0.0,0.0,0.0,0,106108.0
22,9,350,579,0,1,10,0.0,0.0,1.0,0.0,0.17,255,255,1.0,0.0,0.0,0.0,0.0,0.0,0,81770.0
45,5,0,0,0,0,245,1.0,1.0,0.0,0.05,0.0,105,1,0.01,0.1,0.0,0.98,1.0,0.0,1,32903.0
22,9,242,3322,0,1,1,0.0,0.0,1.0,0.0,1.0,22,22,1.0,0.0,0.0,0.0,0.0,0.0,0,1948.0
22,9,144,584,0,1,1,0.0,0.0,1.0,0.0,0.0,5,255,1.0,0.0,0.04,0.0,0.0,0.0,0,120075.0
13,9,30,0,0,0,1,0.0,0.0,1.0,0.0,0.0,33,131,1.0,0.0,0.38,0.0,0.0,0.0,0,52539.0
22,9,233,379,0,1,3,0.0,0.0,1.0,0.0,0.0,255,255,1.0,0.0,0.0,0.0,0.0,0.0,0,122847.0
22,9,243,15374,0,1,15,0.0,0.0,1.0,0.0,0.0,15,255,1.0,0.0,0.03,0.0,0.0,0.0,0,50263.0
41,9,113,0,0,0,28,0.0,0.0,0.96,0.07,0.0,255,27,0.11,0.53,0.0,0.0,0.0,0.0,0,22355.0
22,9,233,6084,0,1,22,0.0,0.0,1.0,0.0,0.0,255,255,1.0,0.0,0.0,0.0,0.0,0.01,0,113090.0
18,9,330,1052,0,1,1,0.0,0.0,1.0,0.0,0.0,9,5,0.56,0.33,0.0,0.0,0.0,0.0,0,120593.0
13,9,8,0,0,0,1,0.0,0.0,1.0,0.0,1.0,2,62,1.0,0.0,0.52,0.0,0.0,0.0,1,124318.0
22,9,281,751,0,1,4,0.0,0.0,1.0,0.0,0.15,59,255,1.0,0.0,0.02,0.0,0.0,0.0,0,62808.0
22,9,276,6874,0,1,1,0.0,0.0,1.0,0.0,0.14,49,255,1.0,0.0,0.02,0.0,0.0,0.0,0,88908.0
16,5,0,0,0,0,136,1.0,1.0,0.01,0.06,0.0,255,12,0.05,0.06,0.0,1.0,1.0,0.0,1,75577.0
22,9,217,6163,0,1,10,0.0,0.0,1.0,0.0,0.0,45,255,1.0,0.0,0.02,0.02,0.0,0.09,0,17218.0
11,9,46,137,0,0,218,0.0,0.0,1.0,0.0,0.01,143,104,0.73,0.02,0.0,0.0,0.0,0.0,0,36462.0
19,9,15,0,0,1,1,0.0,0.0,1.0,0.0,0.0,21,62,0.38,0.14,0.03,0.0,0.0,0.0,0,96527.0
11,9,42,42,0,0,11,0.0,0.0,1.0,0.0,0.19,255,239,0.94,0.01,0.0,0.0,0.0,0.0,0,57621.0
23,5,0,0,0,0,143,1.0,1.0,0.07,0.06,0.0,255,10,0.04,0.06,0.0,1.0,1.0,0.0,1,75257.0
11,9,42,125,0,0,76,0.0,0.0,1.0,0.0,0.01,255,255,1.0,0.0,0.0,0.0,0.0,0.0,0,57829.0
49,9,1261,365,0,1,1,0.0,0.0,1.0,0.0,1.0,255,170,0.67,0.02,0.0,0.0,0.0,0.0,0,51613.0
49,9,2932,334,0,1,1,0.0,0.0,1.0,0.0,0.0,36,213,0.78,0.08,0.01,0.0,0.0,0.0,0,110762.0
22,9,229,1041,0,1,22,0.0,0.0,1.0,0.0,0.0,116,255,1.0,0.0,0.02,0.0,0.0,0.0,0,100056.0
13,9,18,0,0,0,1,0.0,0.0,1.0,0.0,0.0,1,38,1.0,0.0,1.0,0.0,0.0,0.0,1,51859.0
55,9,127,12525,0,1,1,0.0,0.0,1.0,0.0,0.0,194,2,0.01,0.04,0.0,0.01,0.0,0.0,0,17361.0
26,5,0,0,0,0,198,1.0,1.0,0.01,0.07,0.0,255,1,0.0,0.08,0.0,1.0,1.0,0.0,1,64755.0
45,5,0,0,0,0,88,1.0,1.0,0.05,0.07,0.0,255,1,0.0,0.08,0.0,1.0,1.0,0.0,1,26330.0
11,9,88,0,0,0,1,0.0,0.0,1.0,0.0,0.0,29,17,0.59,0.07,0.0,0.0,0.0,0.0,0,30635.0
25,1,0,0,0,0,246,0.0,0.0,0.08,0.06,0.0,255,19,0.07,0.07,0.0,0.0,0.0,1.0,1,72518.0
22,9,335,14638,0,1,10,0.0,0.0,1.0,0.0,0.12,255,255,1.0,0.0,0.0,0.0,0.0,0.0,0,16161.0
41,9,147,0,0,0,3,0.0,0.0,0.33,0.67,0.0,255,1,0.0,0.67,0.0,0.0,0.0,0.0,0,298.0
22,9,344,1484,0,1,9,0.0,0.0,1.0,0.0,0.0,255,255,1.0,0.0,0.0,0.0,0.0,0.0,0,68304.0
19,5,0,0,0,0,59,1.0,1.0,0.22,0.07,0.0,255,63,0.25,0.03,0.0,1.0,1.0,0.0,1,106513.0
22,9,214,2815,0,1,19,0.0,0.0,1.0,0.0,0.1,255,255,1.0,0.0,0.0,0.0,0.0,0.0,0,30138.0
3,5,0,0,0,0,199,1.0,1.0,0.01,0.06,0.0,255,1,0.0,0.05,0.0,1.0,1.0,0.0,1,75774.0
5,5,0,0,0,0,117,1.0,1.0,0.08,0.06,0.0,255,9,0.04,0.05,0.0,1.0,1.0,0.0,1,72827.0
5,5,0,0,0,0,124,1.0,1.0,0.02,0.07,0.0,255,2,0.01,0.06,0.0,1.0,1.0,0.0,1,20444.0
45,5,0,0,0,0,88,1.0,1.0,0.2,0.07,0.0,197,18,0.09,0.07,0.0,1.0,1.0,0.0,1,22738.0
52,5,0,0,0,0,100,1.0,1.0,0.04,0.07,0.0,255,4,0.02,0.07,0.0,1.0,1.0,0.0,1,55024.0
22,9,209,25736,0,1,2,0.0,0.0,1.0,0.0,0.12,255,255,1.0,0.0,0.0,0.0,0.0,0.0,0,59159.0
22,9,332,484,0,1,5,0.0,0.0,1.0,0.0,0.0,255,255,1.0,0.0,0.0,0.0,0.0,0.0,0,83669.0
11,9,45,111,0,0,9,0.0,0.0,1.0,0.0,0.03,199,140,0.7,0.02,0.0,0.0,0.0,0.0,0,111519.0
22,9,321,1262,0,1,9,0.0,0.0,1.0,0.0,0.38,161,255,1.0,0.0,0.03,0.0,0.0,0.0,0,115399.0
22,9,305,1075,0,1,2,0.0,0.0,1.0,0.0,0.67,255,253,0.99,0.01,0.0,0.0,0.0,0.0,0,97792.0
19,9,383,0,0,0,2,0.0,0.0,1.0,0.0,0.67,28,7,0.25,0.14,0.0,0.0,0.0,0.0,0,27565.0
13,9,18,0,0,0,1,0.0,0.0,1.0,0.0,0.0,1,105,1.0,0.0,0.26,0.0,0.0,0.0,1,28813.0
14,9,1032,0,0,0,511,0.0,0.0,1.0,0.0,0.0,255,134,0.53,0.02,0.0,0.01,0.0,0.0,1,26857.0
21,5,0,0,0,0,257,1.0,1.0,0.03,0.05,0.0,255,7,0.03,0.05,0.0,1.0,1.0,0.0,1,90036.0
13,9,30,0,0,0,2,0.0,0.0,1.0,0.0,0.0,139,139,1.0,0.0,0.0,0.0,0.0,0.0,0,84449.0
2,1,0,0,0,0,115,0.0,0.0,0.09,0.06,0.0,255,10,0.04,0.06,0.0,0.0,0.0,1.0,1,124278.0
55,5,0,0,0,0,84,1.0,1.0,0.18,0.05,0.0,255,13,0.05,0.07,0.0,1.0,1.0,0.0,1,47971.0
49,9,1092,282,0,1,1,0.0,0.0,1.0,0.0,1.0,33,132,0.73,0.09,0.02,0.0,0.0,0.0,0,101868.0
22,9,288,466,0,1,18,0.0,0.0,1.0,0.0,0.11,255,255,1.0,0.0,0.0,0.0,0.0,0.0,0,10714.0
22,9,335,4898,0,1,5,0.0,0.0,1.0,0.0,0.0,32,255,1.0,0.0,0.01,0.0,0.0,0.0,0,12279.0
54,5,0,0,0,0,34,1.0,1.0,0.12,0.18,0.0,255,10,0.04,0.09,0.0,1.0,1.0,0.0,1,120307.0
11,9,122,44,0,0,272,0.0,0.0,1.0,0.01,0.0,161,128,0.8,0.01,0.0,0.0,0.0,0.0,0,103638.0
6,1,0,0,0,0,225,0.0,0.0,0.03,0.07,0.0,255,6,0.02,0.09,0.0,0.0,0.0,1.0,1,21441.0
22,9,302,707,0,1,21,0.0,0.0,1.0,0.0,0.0,255,255,1.0,0.0,0.0,0.0,0.0,0.0,0,72004.0
13,9,8,0,0,0,1,0.0,0.0,1.0,0.0,1.0,2,255,1.0,0.0,0.25,0.0,0.0,0.0,1,102849.0
22,9,357,3125,0,1,9,0.0,0.0,1.0,0.0,0.27,36,255,1.0,0.0,0.03,0.0,0.0,0.0,0,50258.0
11,9,44,44,0,0,21,0.0,0.0,1.0,0.0,0.12,255,255,1.0,0.0,0.0,0.0,0.0,0.0,0,7403.0
7,5,0,0,0,0,270,1.0,1.0,0.03,0.06,0.0,255,9,0.04,0.07,0.0,1.0,1.0,0.0,1,121905.0
11,9,45,131,0,0,1,0.0,0.0,1.0,0.0,0.0,109,78,0.72,0.04,0.0,0.0,0.0,0.0,0,91291.0
45,5,0,0,0,0,113,1.0,1.0,0.12,0.06,0.0,255,4,0.02,0.07,0.0,1.0,1.0,0.0,1,113701.0
22,9,223,6872,0,1,3,0.0,0.0,1.0,0.0,0.0,21,255,1.0,0.0,0.04,0.0,0.0,0.0,0,74666.0
45,5,0,0,0,0,33,1.0,1.0,0.45,0.15,0.0,255,15,0.06,0.08,0.0,1.0,1.0,0.0,1,46670.0
22,9,319,1792,0,1,9,0.0,0.0,1.0,0.0,0.0,108,255,1.0,0.0,0.01,0.0,0.0,0.0,0,31042.0
22,9,266,1587,0,1,2,0.0,0.0,1.0,0.0,0.13,142,255,1.0,0.0,0.03,0.0,0.0,0.0,0,57308.0
59,9,181,0,0,0,5,0.0,0.0,1.0,0.0,0.0,255,27,0.11,0.01,0.0,0.0,0.0,0.0,0,5186.0
45,4,0,0,0,0,1,0.0,0.0,1.0,0.0,0.0,255,1,0.0,1.0,0.0,0.0,0.0,1.0,1,125082.0
22,9,328,516,0,1,13,0.0,0.0,1.0,0.0,0.14,234,255,1.0,0.0,0.01,0.0,0.0,0.0,0,92795.0
53,5,0,0,0,0,275,1.0,1.0,0.08,0.05,0.0,255,21,0.08,0.05,0.0,1.0,1.0,0.0,1,69996.0
22,9,219,2112,0,1,11,0.0,0.0,1.0,0.0,0.0,82,255,1.0,0.0,0.03,0.0,0.0,0.0,0,59845.0
45,1,0,0,0,0,160,0.0,0.0,0.05,0.07,0.0,255,8,0.03,0.06,0.0,0.0,0.0,1.0,1,102284.0
22,9,206,622,0,1,4,0.0,0.0,1.0,0.0,0.0,190,255,1.0,0.0,0.01,0.0,0.0,0.0,0,119918.0
19,9,501760,0,0,1,2,0.0,0.0,1.0,0.0,0.67,245,63,0.26,0.02,0.0,0.0,0.0,0.0,0,84695.0
25,5,0,0,0,0,212,1.0,1.0,0.06,0.08,0.0,255,12,0.05,0.08,0.0,1.0,1.0,0.0,1,19462.0
41,9,516,4,0,0,426,0.0,0.0,1.0,0.0,0.0,255,255,1.0,0.0,0.0,0.0,0.0,0.0,0,115079.0
19,9,7280,0,0,1,8,0.0,0.0,1.0,0.0,0.0,218,48,0.22,0.02,0.0,0.0,0.0,0.0,0,52884.0
22,9,193,8163,0,1,13,0.0,0.0,1.0,0.0,0.2,75,255,1.0,0.0,0.04,0.0,0.01,0.01,0,121465.0
14,9,1032,0,0,0,511,0.0,0.0,1.0,0.0,0.0,255,75,0.29,0.2,0.0,0.0,0.0,0.0,1,67965.0
49,9,1950,331,0,1,1,0.0,0.0,1.0,0.0,1.0,115,200,0.94,0.03,0.01,0.0,0.0,0.0,0,100329.0
34,5,0,0,0,0,150,1.0,1.0,0.11,0.05,0.0,255,2,0.01,0.08,0.0,1.0,1.0,0.0,1,3076.0
20,1,0,0,0,0,254,0.0,0.0,0.04,0.07,0.0,255,9,0.04,0.08,0.0,0.0,0.0,1.0,1,63671.0
45,1,0,0,0,0,119,0.0,0.0,0.13,0.08,0.0,255,16,0.06,0.09,0.0,0.0,0.0,1.0,1,87241.0
22,9,203,930,0,1,13,0.0,0.0,1.0,0.0,0.0,255,255,1.0,0.0,0.0,0.0,0.0,0.0,0,119274.0
57,5,0,0,0,0,268,1.0,1.0,0.02,0.06,0.0,255,5,0.02,0.07,0.0,1.0,1.0,0.0,1,50600.0
14,9,1032,0,0,0,511,0.0,0.0,1.0,0.0,0.0,255,78,0.31,0.02,0.0,0.02,0.0,0.0,1,30605.0
22,9,216,1722,0,1,8,0.0,0.0,1.0,0.0,0.0,255,255,1.0,0.0,0.0,0.0,0.0,0.0,0,11737.0
22,9,302,1103,0,1,3,0.0,0.0,1.0,0.0,0.0,89,255,1.0,0.0,0.02,0.0,0.0,0.0,0,20987.0
15,5,0,0,0,0,127,1.0,1.0,0.02,0.06,0.0,255,19,0.07,0.07,0.0,1.0,1.0,0.0,1,72688.0
17,5,0,0,0,0,34,1.0,1.0,0.44,0.06,0.0,255,15,0.06,0.07,0.0,1.0,1.0,0.0,1,549.0
19,9,5558,0,0,1,15,0.0,0.0,1.0,0.0,0.0,255,69,0.27,0.02,0.0,0.0,0.0,0.0,0,49000.0
11,9,45,77,0,0,188,0.0,0.0,1.0,0.0,0.0,255,250,0.98,0.01,0.0,0.0,0.0,0.0,0,124492.0
45,9,28,0,3,0,29,0.0,0.0,1.0,0.0,0.0,255,96,0.38,0.01,0.0,0.0,0.0,0.0,1,46857.0
30,5,0,0,0,0,180,1.0,1.0,0.06,0.06,0.0,255,13,0.05,0.07,0.0,1.0,1.0,0.0,1,38506.0
22,9,212,253,0,1,20,0.0,0.0,1.0,0.0,0.1,255,255,1.0,0.0,0.0,0.0,0.0,0.01,0,97233.0
41,1,0,0,0,0,511,0.12,0.0,0.0,1.0,0.0,255,1,0.0,1.0,0.0,0.14,0.0,1.0,1,39701.0
45,10,0,0,0,0,1,1.0,1.0,1.0,0.0,0.0,21,1,0.05,0.76,0.0,0.62,1.0,0.0,1,56481.0
22,9,222,566,0,1,16,0.0,0.0,1.0,0.0,0.12,85,253,1.0,0.0,0.03,0.0,0.0,0.0,0,41654.0
55,5,0,0,0,0,33,0.97,1.0,0.36,0.09,0.0,255,16,0.06,0.06,0.0,1.0,1.0,0.0,1,29577.0
32,5,0,0,0,0,236,1.0,1.0,0.01,0.07,0.0,255,3,0.01,0.08,0.0,1.0,1.0,0.0,1,57532.0
22,9,203,1436,0,1,15,0.0,0.0,1.0,0.0,0.0,15,255,1.0,0.0,0.03,0.0,0.0,0.0,0,36578.0
55,9,69,906,0,1,1,0.0,0.0,1.0,0.0,0.0,53,12,0.23,0.06,0.0,0.0,0.0,0.17,0,76874.0
19,9,9311,0,0,1,7,0.0,0.0,1.0,0.0,0.0,21,20,0.62,0.14,0.15,0.0,0.0,0.0,0,119149.0
45,5,0,0,0,0,148,1.0,1.0,0.1,0.05,0.0,255,16,0.06,0.07,0.0,1.0,1.0,0.0,1,55159.0
28,5,0,0,0,0,131,1.0,1.0,0.15,0.06,0.0,255,19,0.07,0.07,0.0,1.0,1.0,0.0,1,2859.0
42,5,0,0,0,0,295,1.0,1.0,0.06,0.06,0.0,255,19,0.07,0.07,0.0,1.0,1.0,0.0,1,100374.0
14,9,1032,0,0,0,510,0.0,0.0,1.0,0.0,0.0,255,154,0.6,0.03,0.0,0.0,0.0,0.0,1,20474.0
12,5,0,0,0,0,241,1.0,1.0,0.03,0.07,0.0,255,7,0.03,0.07,0.0,1.0,1.0,0.0,1,63666.0
45,9,105,146,0,0,3,0.0,0.0,0.33,1.0,0.0,255,236,0.93,0.01,0.0,0.0,0.0,0.0,0,97551.0
22,9,300,4505,0,1,2,0.0,0.0,1.0,0.0,0.0,37,255,1.0,0.0,0.03,0.0,0.0,0.0,0,74639.0
22,9,252,11335,0,1,1,0.0,0.0,1.0,0.0,1.0,53,99,1.0,0.0,0.05,0.0,0.0,0.0,0,113432.0
45,1,0,0,0,0,201,0.0,0.0,0.07,0.06,0.0,255,14,0.05,0.06,0.0,0.0,0.0,1.0,1,124029.0
22,5,0,0,0,0,59,1.0,1.0,0.25,0.07,0.0,255,55,0.22,0.03,0.0,1.0,1.0,0.0,1,44161.0
22,9,196,2820,0,1,9,0.0,0.0,1.0,0.0,0.0,9,255,1.0,0.0,0.02,0.0,0.0,0.0,0,65717.0
41,9,1,0,0,0,3,0.0,0.0,1.0,0.0,0.0,255,3,0.01,0.15,0.0,0.0,0.0,0.0,1,90094.0
22,9,54540,8314,0,1,2,0.0,0.0,1.0,0.0,0.0,228,228,1.0,0.0,0.0,0.0,0.0,0.01,1,77778.0
19,9,2194619,0,0,0,1,0.0,0.0,1.0,0.0,0.0,116,27,0.23,0.05,0.0,0.02,0.0,0.0,0,64383.0
41,9,147,105,0,0,2,0.0,0.0,1.0,0.0,0.0,255,2,0.01,0.85,0.0,0.0,0.0,0.0,0,20505.0
22,9,193,2408,0,1,6,0.0,0.0,1.0,0.0,0.19,255,255,1.0,0.0,0.0,0.0,0.0,0.0,0,75155.0
9,5,0,0,0,0,275,1.0,1.0,0.01,0.06,0.0,255,11,0.04,0.07,0.0,1.0,1.0,0.0,1,80646.0
11,9,45,138,0,0,13,0.0,0.0,1.0,0.0,0.09,255,255,1.0,0.0,0.0,0.0,0.0,0.0,0,80229.0
22,1,0,0,0,0,1,0.0,0.0,1.0,0.0,0.0,9,195,1.0,0.0,0.09,0.0,0.0,1.0,0,125326.0
19,9,374,0,0,1,5,0.0,0.0,1.0,0.0,0.0,12,88,0.92,0.17,0.02,0.0,0.0,0.0,0,13777.0
49,5,0,0,0,0,6,1.0,0.75,1.0,0.0,0.38,28,140,0.21,0.07,0.01,0.93,0.04,0.0,1,91852.0
23,5,0,0,0,0,141,1.0,1.0,0.06,0.06,0.0,255,8,0.03,0.06,0.0,1.0,1.0,0.0,1,108790.0
22,9,226,9284,0,1,19,0.0,0.0,1.0,0.0,0.0,223,255,1.0,0.0,0.01,0.0,0.0,0.0,0,115827.0
45,5,0,0,0,0,108,1.0,1.0,0.15,0.05,0.0,255,16,0.06,0.04,0.0,1.0,1.0,0.0,1,85534.0
45,9,105,145,0,0,2,0.0,0.0,1.0,0.0,0.0,45,36,0.8,0.07,0.0,0.0,0.0,0.0,0,24312.0
60,5,0,0,0,0,119,1.0,1.0,0.01,0.06,0.0,255,2,0.01,0.06,0.0,1.0,1.0,0.0,1,75779.0
13,9,8,0,0,0,1,0.0,0.0,1.0,0.0,1.0,1,255,1.0,0.0,0.5,0.0,0.0,0.0,1,47127.0
22,5,0,0,0,0,31,1.0,1.0,0.39,0.13,0.0,255,66,0.26,0.02,0.0,1.0,1.0,0.0,1,14882.0
55,9,301,9133,0,1,1,0.0,0.0,1.0,0.0,0.0,177,20,0.11,0.03,0.0,0.02,0.1,0.0,0,121001.0
16,4,0,0,0,0,1,0.0,0.0,1.0,0.0,0.0,255,1,0.0,1.0,0.0,0.0,0.0,1.0,1,46975.0
22,9,290,1148,0,1,15,0.0,0.0,1.0,0.0,0.15,36,90,1.0,0.0,0.04,0.0,0.0,0.0,0,27220.0
22,9,240,2446,0,1,20,0.0,0.0,1.0,0.0,0.1,255,255,1.0,0.0,0.0,0.0,0.0,0.0,0,3852.0
22,9,232,2105,0,1,4,0.0,0.0,1.0,0.0,0.0,59,255,1.0,0.0,0.04,0.0,0.01,0.0,0,75927.0
22,9,333,1651,0,1,11,0.0,0.0,1.0,0.0,0.0,119,255,1.0,0.0,0.03,0.0,0.0,0.0,0,84997.0
49,9,760,339,0,1,2,0.0,0.0,1.0,0.0,0.67,233,166,0.65,0.01,0.01,0.0,0.01,0.0,0,87159.0
11,9,45,79,0,0,71,0.0,0.0,1.0,0.0,0.01,255,254,1.0,0.01,0.0,0.0,0.0,0.0,0,56539.0
49,9,639,327,0,1,1,0.0,0.0,1.0,0.0,1.0,78,147,0.79,0.08,0.01,0.01,0.01,0.0,0,54855.0
13,9,8,0,0,0,1,0.0,0.0,1.0,0.0,1.0,4,76,1.0,0.0,0.25,0.0,0.0,0.0,1,21516.0
40,9,48,48,0,0,8,0.0,0.0,0.12,0.25,0.0,255,6,0.02,0.01,0.0,0.0,0.0,0.0,0,107944.0
45,5,0,0,0,0,48,1.0,1.0,0.27,0.12,0.0,255,13,0.05,0.07,0.0,1.0,1.0,0.0,1,120480.0
55,9,115,6133,0,1,1,0.0,0.0,1.0,0.0,0.0,216,1,0.0,0.03,0.0,0.0,0.0,0.0,0,18966.0
49,9,1760,330,0,1,1,0.0,0.0,1.0,0.0,0.0,62,188,0.87,0.05,0.01,0.0,0.01,0.0,0,103570.0
11,9,44,129,0,0,53,0.0,0.0,1.0,0.0,0.02,255,254,1.0,0.01,0.0,0.0,0.0,0.0,0,43661.0
14,9,1032,0,0,0,27,0.0,0.0,1.0,0.0,0.0,255,27,0.11,0.02,0.0,0.0,0.0,0.0,1,51464.0
11,9,30,0,0,0,1,0.0,0.0,1.0,0.0,1.0,90,27,0.3,0.06,0.0,0.0,0.0,0.0,0,13309.0
22,9,276,13283,0,1,28,0.0,0.0,1.0,0.0,0.06,28,255,1.0,0.0,0.04,0.0,0.0,0.0,0,41245.0
22,9,224,260,0,1,16,0.0,0.0,1.0,0.0,0.0,58,68,1.0,0.0,0.04,0.02,0.01,0.0,0,73601.0
37,1,0,0,0,0,269,0.0,0.0,0.02,0.06,0.0,255,5,0.02,0.08,0.0,0.0,0.0,1.0,1,82433.0
45,5,0,0,0,0,138,1.0,1.0,0.09,0.06,0.0,255,6,0.02,0.07,0.0,1.0,1.0,0.0,1,61761.0
22,9,231,2775,0,1,15,0.0,0.0,1.0,0.0,0.12,100,255,1.0,0.0,0.02,0.0,0.0,0.01,0,22315.0
45,5,0,0,0,0,246,1.0,1.0,0.01,0.06,0.0,255,2,0.01,0.05,0.0,1.0,1.0,0.0,1,22309.0
22,9,257,1978,0,1,15,0.0,0.0,1.0,0.0,0.12,46,255,1.0,0.0,0.03,0.0,0.0,0.0,0,67958.0
22,9,328,290,0,1,11,0.0,0.0,1.0,0.0,0.0,30,255,1.0,0.0,0.05,0.0,0.0,0.0,0,28089.0
20,1,0,0,0,0,269,0.0,0.0,0.06,0.07,0.0,255,16,0.06,0.07,0.0,0.0,0.0,1.0,1,116478.0
49,9,876,332,0,1,2,0.0,0.0,0.5,1.0,1.0,154,136,0.46,0.03,0.01,0.0,0.0,0.0,0,3806.0
22,9,245,263,0,1,12,0.08,0.08,1.0,0.0,0.15,255,255,1.0,0.0,0.0,0.01,0.01,0.02,0,106339.0
22,9,222,398,0,1,21,0.0,0.0,1.0,0.0,0.09,255,255,1.0,0.0,0.0,0.0,0.0,0.0,0,86213.0
55,9,437,14421,0,1,1,0.0,0.0,1.0,0.0,0.0,255,25,0.1,0.05,0.0,0.53,0.0,0.16,0,25.0
22,9,228,259,0,1,7,0.0,0.0,1.0,0.0,0.0,27,255,1.0,0.0,0.06,0.0,0.0,0.0,0,55319.0
22,9,254,380,0,1,45,0.0,0.0,1.0,0.0,0.0,255,255,1.0,0.0,0.0,0.0,0.0,0.0,0,123052.0
45,1,0,0,0,0,51,0.0,0.0,0.37,0.08,0.0,255,19,0.07,0.07,0.0,0.0,0.0,1.0,1,66380.0
22,9,281,758,0,1,3,0.0,0.0,1.0,0.0,0.36,255,255,1.0,0.0,0.0,0.0,0.0,0.0,0,89121.0
17,5,0,0,0,0,26,1.0,1.0,0.27,0.15,0.0,106,32,0.25,0.04,0.06,1.0,0.84,0.0,1,79582.0
22,9,245,1205,0,1,3,0.0,0.0,1.0,0.0,0.0,255,255,1.0,0.0,0.0,0.0,0.0,0.0,0,4931.0
45,4,1,0,0,0,2,0.0,0.0,1.0,0.0,0.0,255,2,0.01,0.5,0.0,0.0,0.0,1.0,1,77348.0
22,9,338,336,0,1,3,0.0,0.0,1.0,0.0,0.18,25,255,1.0,0.0,0.04,0.0,0.0,0.0,0,93645.0
45,5,0,0,0,0,277,1.0,1.0,0.01,0.06,0.0,255,20,0.08,0.06,0.0,1.0,1.0,0.0,1,36532.0
22,9,331,943,0,1,15,0.0,0.06,1.0,0.0,0.12,255,255,1.0,0.0,0.0,0.0,0.0,0.0,0,96488.0
45,9,1,74,0,0,30,0.0,0.0,0.3,0.13,0.0,255,9,0.04,0.77,0.0,0.16,0.0,0.0,1,72448.0
45,5,0,0,0,0,215,1.0,1.0,0.07,0.07,0.0,255,15,0.06,0.09,0.0,1.0,1.0,0.0,1,84125.0
23,5,0,0,0,0,123,1.0,1.0,0.02,0.06,0.0,255,2,0.01,0.07,0.0,1.0,1.0,0.0,1,124756.0
23,1,0,0,0,0,111,0.0,0.0,0.15,0.06,0.0,255,17,0.07,0.05,0.0,0.0,0.0,1.0,1,53720.0
45,4,0,0,0,0,1,0.0,0.0,1.0,0.0,0.0,238,1,0.0,0.59,0.0,0.0,0.0,1.0,1,32931.0
51,5,0,0,0,0,266,1.0,1.0,0.07,0.05,0.0,255,19,0.07,0.05,0.0,1.0,1.0,0.0,1,84233.0
11,9,45,138,0,0,132,0.0,0.0,0.99,0.02,0.01,255,254,1.0,0.01,0.0,0.0,0.0,0.0,0,83861.0
55,5,0,0,0,0,17,1.0,1.0,0.18,0.24,0.0,255,62,0.24,0.02,0.0,1.0,1.0,0.0,1,102027.0
45,5,0,0,0,0,219,1.0,1.0,0.05,0.06,0.0,255,12,0.05,0.06,0.0,1.0,1.0,0.0,1,38358.0
45,1,0,0,0,0,117,0.0,0.0,0.03,0.06,0.0,255,4,0.02,0.07,0.0,0.0,0.0,1.0,1,54230.0
22,9,289,738,0,1,15,0.0,0.0,1.0,0.0,0.11,72,255,1.0,0.0,0.04,0.0,0.0,0.0,0,21911.0
55,5,0,0,0,0,74,1.0,1.0,0.26,0.05,0.0,255,52,0.2,0.05,0.0,1.0,1.0,0.0,1,35515.0
45,5,0,0,0,0,242,1.0,1.0,0.07,0.07,0.0,255,16,0.06,0.07,0.0,1.0,1.0,0.0,1,87360.0
41,9,146,105,0,0,2,0.0,0.0,1.0,0.0,0.0,255,2,0.01,0.85,0.0,0.0,0.0,0.0,0,28448.0
27,5,0,0,0,0,136,1.0,1.0,0.17,0.05,0.0,255,23,0.09,0.05,0.0,1.0,1.0,0.0,1,9521.0
22,9,233,1426,0,1,34,0.0,0.0,1.0,0.0,0.0,255,255,1.0,0.0,0.0,0.0,0.0,0.0,0,104007.0
22,9,282,392,0,1,22,0.0,0.0,1.0,0.0,0.09,255,255,1.0,0.0,0.0,0.0,0.0,0.0,0,97807.0
11,9,45,74,0,0,226,0.0,0.0,1.0,0.01,0.01,255,254,1.0,0.01,0.0,0.0,0.0,0.0,0,90847.0
19,9,884,0,0,0,2,0.0,0.0,1.0,0.0,0.0,10,6,0.6,0.3,0.0,0.0,0.0,0.0,0,27431.0
22,9,301,3128,0,1,19,0.0,0.0,1.0,0.0,0.0,94,255,1.0,0.0,0.03,0.0,0.0,0.0,0,38452.0
22,9,213,259,0,1,7,0.0,0.0,1.0,0.0,0.18,255,255,1.0,0.0,0.0,0.0,0.0,0.0,0,833.0
11,9,44,44,0,0,86,0.0,0.0,1.0,0.0,0.01,255,248,0.97,0.01,0.0,0.0,0.0,0.0,0,25971.0
22,9,197,6924,0,1,17,0.0,0.0,1.0,0.0,0.14,155,255,1.0,0.0,0.01,0.0,0.0,0.0,0,109233.0
45,9,1,0,0,0,137,0.0,0.0,0.85,0.03,0.0,255,159,0.62,0.05,0.0,0.0,0.0,0.0,1,94604.0
45,9,28,0,3,0,37,0.0,0.0,1.0,0.0,0.0,255,37,0.15,0.02,0.0,0.0,0.0,0.0,1,45002.0
22,9,189,296,0,1,16,0.0,0.0,1.0,0.0,0.17,224,255,1.0,0.0,0.02,0.0,0.0,0.0,0,11020.0
41,9,147,105,0,0,1,0.0,0.0,1.0,0.0,0.0,176,1,0.01,0.57,0.0,0.0,0.0,0.0,0,87612.0
7,5,0,0,0,0,145,1.0,1.0,0.04,0.06,0.0,255,5,0.02,0.07,0.0,1.0,1.0,0.0,1,1833.0
45,4,0,0,0,0,1,0.0,0.0,1.0,0.0,0.0,151,1,0.01,0.13,0.0,0.0,0.0,1.0,1,115438.0
45,5,0,0,0,0,71,1.0,1.0,0.01,0.07,0.0,255,14,0.05,0.07,0.0,1.0,1.0,0.0,1,33940.0
22,9,237,5549,0,1,2,0.0,0.0,1.0,0.0,0.0,83,255,1.0,0.0,0.03,0.0,0.0,0.0,0,103955.0
22,9,280,320,0,1,6,0.0,0.0,1.0,0.0,0.0,67,255,1.0,0.0,0.05,0.01,0.0,0.0,0,120780.0
22,9,196,863,0,1,12,0.0,0.0,1.0,0.0,0.14,134,255,1.0,0.0,0.04,0.0,0.0,0.0,0,41082.0
22,9,322,2750,0,1,2,0.0,0.0,1.0,0.0,0.24,56,255,1.0,0.0,0.03,0.0,0.0,0.0,0,77907.0
22,9,162,4992,0,1,1,0.0,0.0,1.0,0.0,0.0,37,255,1.0,0.0,0.04,0.0,0.0,0.0,0,72315.0
22,9,303,479,0,1,5,0.0,0.0,1.0,0.0,0.18,255,255,1.0,0.0,0.0,0.0,0.0,0.0,0,26940.0
45,1,0,0,0,0,149,0.0,0.0,0.13,0.05,0.0,255,38,0.15,0.05,0.0,0.0,0.0,1.0,1,40327.0
17,9,9,229,0,0,1,0.0,0.0,1.0,0.0,0.0,53,12,0.04,0.04,0.25,0.0,0.0,0.0,0,117090.0
13,9,30,0,0,0,3,0.0,0.0,0.33,0.67,0.0,255,4,0.02,0.01,0.0,0.0,0.0,0.0,0,81988.0
45,9,1,0,0,0,10,0.0,0.0,1.0,0.0,0.0,255,10,0.04,0.52,0.0,0.03,0.0,0.0,1,117574.0
52,5,0,0,0,0,112,1.0,1.0,0.05,0.07,0.0,255,6,0.02,0.07,0.0,1.0,1.0,0.0,1,62443.0
22,5,0,0,0,0,1,1.0,0.5,1.0,0.0,1.0,1,255,1.0,0.0,0.04,1.0,0.0,0.0,0,95694.0
11,9,43,43,0,0,197,0.0,0.0,1.0,0.0,0.0,255,255,1.0,0.0,0.0,0.0,0.0,0.0,0,112905.0
22,9,207,2302,0,1,3,0.0,0.0,1.0,0.0,0.0,95,255,1.0,0.0,0.01,0.0,0.0,0.0,0,118842.0
18,5,0,0,0,0,265,1.0,1.0,0.02,0.06,0.0,255,17,0.07,0.07,0.0,1.0,1.0,0.0,1,573.0
19,5,0,0,0,0,239,1.0,1.0,0.02,0.07,0.0,255,4,0.02,0.07,0.0,1.0,1.0,0.0,1,28540.0
49,9,838,332,0,1,1,0.0,0.0,1.0,0.0,1.0,127,193,0.69,0.02,0.01,0.0,0.0,0.0,0,109008.0
22,9,242,715,0,1,15,0.0,0.0,1.0,0.0,0.0,15,255,1.0,0.0,0.06,0.0,0.0,0.0,0,97780.0
60,5,0,0,0,0,122,1.0,1.0,0.02,0.07,0.0,255,2,0.01,0.06,0.0,1.0,1.0,0.0,1,79238.0
45,1,0,0,0,0,162,0.0,0.0,0.02,0.09,0.0,255,4,0.02,0.08,0.0,0.0,0.0,1.0,1,120565.0
61,5,0,0,0,0,126,1.0,1.0,0.09,0.06,0.0,255,11,0.04,0.06,0.0,1.0,1.0,0.0,1,107264.0
8,5,0,0,0,0,134,1.0,1.0,0.15,0.06,0.0,255,18,0.07,0.07,0.0,1.0,1.0,0.0,1,58404.0
22,9,205,4496,0,1,28,0.0,0.0,1.0,0.0,0.0,255,255,1.0,0.0,0.0,0.0,0.0,0.0,0,64304.0
10,5,0,0,0,0,292,1.0,1.0,0.05,0.06,0.0,255,11,0.04,0.06,0.0,1.0,1.0,0.0,1,638.0
11,9,45,118,0,0,148,0.0,0.0,1.0,0.0,0.0,255,255,1.0,0.0,0.0,0.0,0.0,0.0,0,113208.0
45,9,105,0,0,0,2,0.0,0.0,1.0,0.0,0.0,38,2,0.05,0.05,0.0,0.0,0.0,0.0,0,58300.0
43,9,35,130,0,1,1,0.0,0.0,1.0,0.0,0.0,71,3,0.03,0.07,0.67,0.0,0.0,0.0,0,124911.0
45,9,28,0,3,0,25,0.0,0.0,1.0,0.0,0.0,255,25,0.1,0.01,0.0,0.0,0.0,0.0,1,22731.0
22,9,257,770,0,1,17,0.0,0.0,1.0,0.0,0.0,255,255,1.0,0.0,0.0,0.0,0.0,0.0,0,36856.0
18,9,1077,2284,0,1,1,0.0,0.0,1.0,0.0,0.0,255,17,0.07,0.02,0.0,0.15,0.0,0.0,1,54914.0
45,1,0,0,0,0,114,0.0,0.0,0.06,0.08,0.0,255,7,0.03,0.08,0.0,0.0,0.0,1.0,1,76090.0
63,5,0,0,0,0,275,1.0,1.0,0.01,0.06,0.0,255,6,0.02,0.06,0.0,1.0,1.0,0.0,1,36134.0
11,9,45,106,0,0,204,0.0,0.0,1.0,0.0,0.01,255,216,0.85,0.01,0.0,0.0,0.0,0.0,0,90082.0
22,9,262,15065,0,1,6,0.0,0.0,1.0,0.0,0.0,255,255,1.0,0.0,0.0,0.0,0.0,0.0,0,114664.0
21,5,0,0,0,0,269,1.0,1.0,0.08,0.05,0.0,255,21,0.08,0.05,0.0,1.0,1.0,0.0,1,103700.0
22,9,224,406,0,1,34,0.0,0.0,1.0,0.0,0.1,255,255,1.0,0.0,0.0,0.0,0.0,0.0,0,105382.0
22,9,227,369,0,1,16,0.0,0.0,1.0,0.0,0.0,66,255,1.0,0.0,0.03,0.0,0.0,0.0,0,75796.0
49,9,978,339,0,1,1,0.0,0.0,1.0,0.0,1.0,8,166,0.62,0.38,0.01,0.0,0.0,0.0,0,15224.0
45,5,0,0,0,0,130,1.0,1.0,0.12,0.07,0.0,255,13,0.05,0.07,0.0,1.0,1.0,0.0,1,96882.0
22,9,226,1007,0,1,8,0.0,0.0,1.0,0.0,0.0,20,255,1.0,0.0,0.02,0.0,0.0,0.0,0,56454.0
19,9,1363,0,0,1,5,0.0,0.0,1.0,0.0,0.0,255,11,0.04,0.33,0.0,0.0,0.0,0.0,0,16678.0
22,9,232,7166,0,1,19,0.0,0.0,1.0,0.0,0.0,255,255,1.0,0.0,0.0,0.0,0.0,0.0,0,105769.0
62,5,0,0,0,0,279,1.0,1.0,0.02,0.06,0.0,255,5,0.02,0.06,0.0,1.0,1.0,0.0,1,92707.0
11,9,46,46,0,0,148,0.0,0.0,1.0,0.0,0.02,255,254,1.0,0.01,0.0,0.0,0.0,0.0,0,88826.0
13,9,8,0,0,0,1,0.0,0.0,1.0,0.0,1.0,1,35,1.0,0.0,0.51,0.0,0.0,0.0,1,95824.0
54,5,0,0,0,0,247,1.0,1.0,0.0,0.07,0.0,255,1,0.0,0.07,0.0,1.0,1.0,0.0,1,116967.0
49,9,764,332,0,1,1,0.0,0.0,1.0,0.0,0.0,187,182,0.67,0.03,0.01,0.0,0.0,0.0,0,70511.0
62,5,0,0,0,0,253,1.0,1.0,0.08,0.06,0.0,255,2,0.01,0.09,0.0,1.0,1.0,0.0,1,121286.0
45,1,0,0,0,0,26,0.0,0.0,0.73,0.12,0.0,255,19,0.07,0.07,0.0,0.0,0.0,1.0,1,107410.0
14,9,520,0,0,0,223,0.0,0.0,1.0,0.0,0.0,255,255,1.0,0.0,0.0,0.0,0.0,0.0,1,92207.0
27,5,0,0,0,0,132,1.0,1.0,0.12,0.06,0.0,255,4,0.02,0.07,0.0,1.0,1.0,0.0,1,17978.0
45,9,1,0,0,0,117,0.0,0.0,0.68,0.05,0.0,255,137,0.54,0.05,0.0,0.0,0.0,0.0,1,57746.0
22,9,150,5056,0,1,6,0.0,0.0,1.0,0.0,0.0,14,255,1.0,0.0,0.02,0.0,0.0,0.0,0,49910.0
55,9,259,7770,0,1,1,0.0,0.0,1.0,0.0,0.0,255,68,0.27,0.02,0.0,0.85,0.85,0.0,0,90575.0
55,5,0,0,0,0,9,1.0,1.0,0.22,0.22,0.0,255,45,0.18,0.04,0.0,1.0,1.0,0.0,1,114532.0
22,9,336,1454,0,1,8,0.0,0.0,1.0,0.0,0.07,18,255,1.0,0.0,0.07,0.0,0.01,0.0,0,23721.0
45,5,0,0,0,0,126,1.0,1.0,0.07,0.06,0.0,48,12,0.25,0.15,0.0,1.0,1.0,0.0,1,31831.0
11,9,43,158,0,0,64,0.0,0.0,1.0,0.0,0.01,255,254,1.0,0.01,0.0,0.0,0.0,0.0,0,61417.0
12,5,0,0,0,0,205,1.0,1.0,0.08,0.07,0.0,255,16,0.06,0.07,0.0,1.0,1.0,0.0,1,33545.0
45,1,0,0,0,0,2,0.0,0.0,0.5,1.0,0.0,255,1,0.0,0.82,0.0,0.0,0.0,1.0,1,82991.0
22,9,241,174,0,1,17,0.0,0.0,1.0,0.0,0.11,118,255,1.0,0.0,0.02,0.0,0.0,0.01,0,79508.0
22,9,295,1509,0,1,5,0.0,0.0,1.0,0.0,0.0,255,255,1.0,0.0,0.0,0.0,0.0,0.0,0,113074.0
45,5,0,0,0,0,189,1.0,1.0,0.04,0.07,0.0,255,7,0.03,0.09,0.0,1.0,1.0,0.0,1,99327.0
54,5,0,0,0,0,261,1.0,1.0,0.03,0.07,0.0,255,14,0.05,0.08,0.0,1.0,1.0,0.0,1,55433.0
22,9,155,2884,0,1,1,0.0,0.0,1.0,0.0,0.0,3,255,1.0,0.0,0.06,0.0,0.01,0.0,0,25987.0
22,9,166,4517,0,1,3,0.0,0.0,1.0,0.0,0.0,3,255,1.0,0.0,0.04,0.0,0.0,0.0,0,37298.0
45,4,1,0,0,0,2,0.0,0.0,1.0,0.0,0.0,255,2,0.01,0.71,0.0,0.0,0.0,1.0,1,100628.0
11,9,46,46,0,0,215,0.0,0.0,1.0,0.0,0.0,255,250,0.98,0.01,0.0,0.0,0.0,0.0,0,450.0
53,5,0,0,0,0,230,1.0,1.0,0.07,0.07,0.0,255,15,0.06,0.08,0.0,1.0,1.0,0.0,1,116323.0
41,9,516,4,0,0,401,0.0,0.0,1.0,0.0,0.0,255,255,1.0,0.0,0.0,0.0,0.0,0.0,0,99424.0
45,9,1,4,0,0,22,0.0,0.0,0.23,0.14,0.0,255,5,0.02,0.73,0.0,0.16,0.0,0.0,1,105340.0
45,1,0,0,0,0,274,0.0,0.0,0.04,0.07,0.0,255,23,0.09,0.07,0.0,0.0,0.0,1.0,1,103183.0
57,5,0,0,0,0,300,1.0,1.0,0.04,0.05,0.0,255,11,0.04,0.06,0.0,1.0,1.0,0.0,1,79653.0
45,9,1,0,0,0,11,0.0,0.0,0.09,0.45,0.0,255,1,0.0,0.75,0.0,0.03,0.0,0.0,1,121475.0
22,9,307,2119,0,1,14,0.0,0.0,1.0,0.0,0.0,85,255,1.0,0.0,0.04,0.0,0.0,0.0,0,66332.0
22,9,237,4017,0,1,3,0.0,0.0,1.0,0.0,0.4,77,255,1.0,0.0,0.02,0.0,0.0,0.0,0,52929.0
8,5,0,0,0,0,201,1.0,1.0,0.0,0.06,0.0,255,9,0.04,0.08,0.0,1.0,1.0,0.0,1,105849.0
19,5,0,0,0,0,37,1.0,1.0,0.24,0.11,0.0,255,49,0.19,0.04,0.0,1.0,1.0,0.0,1,25907.0
41,9,146,105,0,0,2,0.0,0.0,1.0,0.0,0.0,89,2,0.02,0.72,0.0,0.0,0.0,0.0,0,42156.0
45,5,0,0,0,0,265,1.0,1.0,0.06,0.06,0.0,255,4,0.02,0.09,0.0,1.0,1.0,0.0,1,1603.0
41,1,0,0,0,0,465,0.08,0.0,0.0,1.0,0.0,255,1,0.0,1.0,0.0,0.06,0.0,1.0,1,115689.0
33,1,0,0,0,0,2,0.0,0.0,0.5,1.0,0.0,255,1,0.0,1.0,0.0,0.0,0.0,1.0,1,90820.0
11,9,34,88,0,0,1,0.0,0.0,1.0,0.0,0.75,255,237,0.93,0.01,0.0,0.0,0.0,0.0,0,14199.0
38,5,0,0,0,0,103,1.0,1.0,0.18,0.07,0.0,255,19,0.07,0.06,0.0,1.0,1.0,0.0,1,64584.0
45,5,0,0,0,0,282,1.0,1.0,0.01,0.06,0.0,255,1,0.0,0.09,0.0,1.0,1.0,0.0,1,80298.0
19,9,567,0,0,0,1,0.0,0.0,1.0,0.0,0.0,1,66,1.0,0.0,0.03,0.0,0.0,0.0,0,34845.0
19,9,12,0,0,1,2,0.0,0.0,1.0,0.0,0.67,135,87,0.33,0.03,0.02,0.01,0.0,0.0,0,115507.0
45,5,0,0,0,0,290,1.0,1.0,0.06,0.06,0.0,255,16,0.06,0.08,0.0,1.0,1.0,0.0,1,69067.0
22,9,280,2062,0,1,3,0.0,0.0,1.0,0.0,0.5,255,255,1.0,0.0,0.0,0.0,0.0,0.0,0,122462.0
22,9,287,1276,0,1,14,0.0,0.0,1.0,0.0,0.1,200,255,1.0,0.0,0.01,0.0,0.0,0.0,0,102855.0
19,9,383,0,0,1,1,0.0,0.0,1.0,0.0,0.0,73,65,0.1,0.05,0.05,0.0,0.0,0.0,0,41143.0
22,1,0,0,0,0,1,0.0,0.0,1.0,0.0,0.0,8,255,1.0,0.0,0.06,0.0,0.0,0.41,0,54448.0
54,5,0,0,0,0,270,1.0,1.0,0.03,0.06,0.0,255,20,0.08,0.07,0.0,1.0,1.0,0.0,1,7235.0
22,5,0,0,0,0,5,1.0,1.0,0.4,0.4,0.0,255,62,0.24,0.02,0.0,1.0,1.0,0.0,1,20784.0
13,9,20,0,0,0,1,0.0,0.0,1.0,0.0,0.0,145,3,0.02,0.04,0.0,0.01,0.0,0.0,1,77734.0
22,9,54540,8314,0,1,5,0.0,0.0,0.8,0.4,0.0,74,74,1.0,0.0,0.0,0.0,0.0,0.04,1,10844.0
23,5,0,0,0,0,101,1.0,1.0,0.03,0.06,0.0,255,19,0.07,0.06,0.0,1.0,1.0,0.0,1,101630.0
20,1,0,0,0,0,1,0.0,0.0,1.0,0.0,0.0,51,2,0.02,1.0,1.0,0.0,0.0,0.5,1,8688.0
45,5,0,0,0,0,19,1.0,1.0,0.42,0.26,0.0,255,8,0.03,0.1,0.0,1.0,1.0,0.0,1,82351.0
26,5,0,0,0,0,273,1.0,1.0,0.07,0.06,0.0,255,18,0.07,0.07,0.0,1.0,1.0,0.0,1,39841.0
14,9,1032,0,0,0,511,0.0,0.0,1.0,0.0,0.0,255,6,0.02,0.2,0.0,0.2,0.0,0.0,1,57331.0
26,5,0,0,0,0,268,1.0,1.0,0.07,0.06,0.0,255,20,0.08,0.06,0.0,1.0,1.0,0.0,1,18446.0
55,5,0,0,0,0,46,0.98,1.0,0.33,0.09,0.0,255,8,0.03,0.07,0.0,1.0,1.0,0.0,1,55012.0
22,9,204,1395,0,1,10,0.0,0.0,1.0,0.0,0.18,71,255,1.0,0.0,0.03,0.01,0.0,0.0,0,65580.0
22,1,0,0,0,0,1,0.0,0.0,1.0,0.0,1.0,9,255,1.0,0.0,0.06,0.0,0.0,1.0,0,79467.0
45,4,0,0,0,0,1,0.0,0.0,1.0,0.0,0.0,255,1,0.0,0.75,0.0,0.0,0.0,1.0,1,103149.0
22,9,191,24971,0,1,3,0.0,0.0,1.0,0.0,0.5,57,255,1.0,0.0,0.03,0.0,0.0,0.0,0,107104.0
17,5,0,0,0,0,113,1.0,1.0,0.01,0.06,0.0,255,1,0.0,0.07,0.0,1.0,1.0,0.0,1,18612.0
49,9,664,330,0,1,1,0.0,0.0,1.0,0.0,0.0,17,144,0.76,0.12,0.02,0.0,0.0,0.0,0,49890.0
45,9,1,0,0,0,20,0.0,0.0,0.2,0.15,0.0,255,4,0.02,0.62,0.0,0.0,0.0,0.0,1,79952.0
11,9,45,45,0,0,112,0.0,0.0,1.0,0.0,0.01,255,255,1.0,0.0,0.0,0.0,0.0,0.0,0,123419.0
11,9,43,131,0,0,80,0.0,0.0,1.0,0.0,0.01,255,235,0.92,0.01,0.0,0.0,0.0,0.0,0,99970.0
49,9,1105,331,0,1,1,0.0,0.0,1.0,0.0,1.0,166,141,0.49,0.04,0.01,0.0,0.01,0.0,0,43479.0
41,9,516,4,0,0,415,0.0,0.0,1.0,0.0,0.0,255,255,1.0,0.0,0.0,0.0,0.0,0.0,0,103985.0
45,5,0,0,0,0,293,1.0,1.0,0.04,0.06,0.0,255,11,0.04,0.08,0.0,1.0,1.0,0.0,1,54700.0
45,5,0,0,0,0,251,1.0,1.0,0.07,0.05,0.0,255,17,0.07,0.05,0.0,1.0,1.0,0.0,1,123719.0
22,9,212,4405,0,1,2,0.0,0.0,1.0,0.0,0.0,2,255,1.0,0.0,0.02,0.0,0.0,0.0,0,14723.0
52,5,0,0,0,0,205,1.0,1.0,0.03,0.05,0.0,255,7,0.03,0.06,0.0,1.0,1.0,0.0,1,30239.0
61,5,0,0,0,0,264,1.0,1.0,0.06,0.05,0.0,255,15,0.06,0.05,0.0,1.0,1.0,0.0,1,90201.0
25,5,0,0,0,0,204,1.0,1.0,0.03,0.06,0.0,255,13,0.05,0.08,0.0,1.0,1.0,0.0,1,123270.0
36,5,0,0,0,0,271,1.0,1.0,0.08,0.05,0.0,255,23,0.09,0.05,0.0,1.0,1.0,0.0,1,2076.0
45,5,0,0,0,0,14,1.0,1.0,0.36,0.29,0.0,255,5,0.02,0.08,0.0,1.0,1.0,0.0,1,81545.0
45,1,0,0,0,0,145,0.0,0.0,0.09,0.06,0.0,255,13,0.05,0.06,0.0,0.0,0.0,1.0,1,119358.0
48,5,0,0,0,0,143,1.0,1.0,0.13,0.06,0.0,255,13,0.05,0.06,0.0,1.0,1.0,0.0,1,19754.0
49,9,1619,334,0,1,1,0.0,0.0,1.0,0.0,0.0,183,244,0.97,0.01,0.01,0.0,0.0,0.0,0,125080.0
49,9,1495,325,0,1,1,0.0,0.0,1.0,0.0,0.0,125,100,0.24,0.03,0.02,0.0,0.0,0.0,0,60497.0
22,9,306,1319,0,1,8,0.0,0.0,1.0,0.0,0.31,218,255,1.0,0.0,0.02,0.0,0.0,0.0,0,1204.0
41,1,0,0,0,0,509,0.19,0.0,0.0,1.0,0.0,255,1,0.0,1.0,0.0,0.16,0.0,1.0,1,20241.0
22,9,227,2809,0,1,3,0.0,0.0,1.0,0.0,0.29,113,255,1.0,0.0,0.01,0.0,0.0,0.0,0,49204.0
45,1,0,0,0,0,118,0.0,0.0,0.09,0.08,0.0,143,11,0.08,0.08,0.0,0.0,0.0,1.0,1,99883.0
22,9,288,15621,0,1,8,0.0,0.0,1.0,0.0,0.0,191,255,1.0,0.0,0.03,0.0,0.0,0.0,0,21658.0
28,5,0,0,0,0,142,1.0,1.0,0.14,0.06,0.0,255,20,0.08,0.07,0.0,1.0,1.0,0.0,1,24693.0
13,9,8,0,0,0,1,0.0,0.0,1.0,0.0,1.0,2,52,1.0,0.0,0.5,0.0,0.0,0.0,1,58814.0
4,1,0,0,0,0,150,0.0,0.0,0.09,0.05,0.0,255,10,0.04,0.07,0.0,0.0,0.0,1.0,1,91455.0
19,9,1010,0,0,0,2,0.0,0.0,1.0,0.0,0.0,4,3,0.75,0.5,0.0,0.0,0.0,0.0,0,115522.0
7,5,0,0,0,0,114,1.0,1.0,0.05,0.06,0.0,255,6,0.02,0.06,0.0,1.0,1.0,0.0,1,57328.0
22,9,338,8354,0,1,6,0.0,0.0,1.0,0.0,0.06,255,255,1.0,0.0,0.0,0.0,0.0,0.0,0,105274.0
22,9,276,490,0,1,2,0.0,0.0,1.0,0.0,0.0,54,255,1.0,0.0,0.04,0.0,0.0,0.0,0,91304.0
45,5,0,0,0,0,28,1.0,1.0,0.14,0.11,0.0,255,18,0.07,0.07,0.0,1.0,1.0,0.0,1,29414.0
45,5,0,0,0,0,161,1.0,1.0,0.06,0.07,0.0,255,10,0.04,0.07,0.0,1.0,1.0,0.0,1,48425.0
17,5,0,0,0,0,2,0.5,1.0,0.5,1.0,0.0,255,5,0.02,0.08,0.0,1.0,1.0,0.0,1,70446.0
13,9,8,0,0,0,1,0.0,0.0,1.0,0.0,1.0,2,46,1.0,0.0,0.52,0.0,0.0,0.0,1,49653.0
22,9,216,1752,0,1,5,0.0,0.0,1.0,0.0,0.33,73,255,1.0,0.0,0.04,0.0,0.0,0.0,0,60000.0
22,9,251,5199,0,1,15,0.0,0.0,1.0,0.0,0.0,15,255,1.0,0.0,0.01,0.0,0.01,0.0,0,23351.0
11,9,30,0,0,0,1,0.0,0.0,1.0,0.0,1.0,255,31,0.12,0.03,0.0,0.0,0.0,0.0,0,23616.0
14,9,520,0,0,0,369,0.0,0.0,1.0,0.0,0.0,255,255,1.0,0.0,0.0,0.0,0.0,0.0,1,32733.0
13,9,30,0,0,0,1,0.0,0.0,1.0,0.0,0.0,42,131,1.0,0.0,0.35,0.0,0.0,0.0,0,46413.0
22,9,149,657,0,1,1,0.0,0.0,1.0,0.0,1.0,2,255,1.0,0.0,0.01,0.0,0.0,0.0,0,58620.0
54,5,0,0,0,0,280,1.0,1.0,0.01,0.06,0.0,255,1,0.0,0.04,0.0,1.0,1.0,0.0,1,121197.0
22,9,230,660,0,1,16,0.0,0.0,1.0,0.0,0.17,233,255,1.0,0.0,0.01,0.0,0.0,0.0,0,67673.0
14,9,520,0,0,0,477,0.0,0.0,1.0,0.0,0.0,92,92,1.0,0.0,0.0,0.0,0.0,0.0,1,22431.0
22,9,238,488,0,1,1,0.0,0.0,1.0,0.0,0.0,147,255,1.0,0.0,0.02,0.0,0.01,0.04,0,56597.0
22,9,295,3810,0,1,7,0.0,0.0,1.0,0.0,0.22,7,255,1.0,0.0,0.07,0.0,0.01,0.0,0,78215.0
22,9,230,302,0,1,7,0.0,0.0,1.0,0.0,0.08,114,255,1.0,0.0,0.04,0.0,0.0,0.01,0,5984.0
22,9,206,351,0,1,6,0.0,0.0,1.0,0.0,0.0,6,255,1.0,0.0,0.05,0.0,0.0,0.0,0,36824.0
22,9,302,560,0,1,19,0.0,0.0,1.0,0.0,0.0,19,255,1.0,0.0,0.01,0.0,0.0,0.0,0,27081.0
22,9,292,1307,0,1,1,0.0,0.0,1.0,0.0,0.0,202,255,1.0,0.0,0.01,0.0,0.0,0.0,0,53569.0
22,9,312,668,0,1,16,0.0,0.0,1.0,0.0,0.0,51,255,1.0,0.0,0.07,0.0,0.01,0.01,0,29656.0
22,9,208,1126,0,1,25,0.0,0.0,1.0,0.0,0.17,255,255,1.0,0.0,0.0,0.0,0.0,0.0,0,123124.0
11,9,31,0,0,0,1,0.0,0.0,1.0,0.0,1.0,51,33,0.16,0.08,0.06,0.0,0.0,0.0,0,117328.0
22,9,284,3724,0,1,4,0.0,0.0,1.0,0.0,0.3,255,255,1.0,0.0,0.0,0.0,0.0,0.0,0,125444.0
22,9,139,31614,0,1,2,0.0,0.0,1.0,0.0,0.0,35,255,1.0,0.0,0.03,0.0,0.0,0.0,0,122338.0
13,9,8,0,0,0,1,0.0,0.0,1.0,0.0,1.0,2,66,1.0,0.0,0.5,0.0,0.0,0.0,1,57855.0
51,5,0,0,0,0,232,1.0,1.0,0.03,0.06,0.0,255,7,0.03,0.07,0.0,1.0,1.0,0.0,1,84864.0
52,5,0,0,0,0,239,1.0,1.0,0.03,0.07,0.0,255,15,0.06,0.08,0.0,1.0,1.0,0.0,1,16010.0
59,9,78,0,0,0,17,0.0,0.0,0.29,0.12,0.0,255,13,0.05,0.01,0.0,0.0,0.0,0.0,0,98184.0
22,9,491,9852,0,1,16,0.06,0.06,1.0,0.0,0.0,255,255,1.0,0.0,0.0,0.0,0.0,0.0,0,54126.0
41,1,0,0,0,0,511,0.09,0.0,0.0,1.0,0.0,255,1,0.0,1.0,0.0,0.05,0.0,1.0,1,60625.0
11,9,29,0,0,0,1,0.0,0.0,1.0,0.0,1.0,11,2,0.18,0.36,0.0,0.0,0.0,0.0,0,40433.0
49,9,853,280,0,1,1,0.0,0.0,1.0,0.0,0.0,120,118,0.45,0.23,0.03,0.0,0.0,0.0,0,81366.0
45,1,0,0,0,0,117,0.0,0.0,0.07,0.08,0.0,42,8,0.19,0.14,0.0,0.0,0.0,1.0,1,90097.0
22,9,323,10293,0,1,2,0.0,0.0,1.0,0.0,0.0,3,255,1.0,0.0,0.05,0.0,0.0,0.0,0,100560.0
22,9,314,2440,0,1,12,0.0,0.0,1.0,0.0,0.15,57,107,1.0,0.0,0.03,0.0,0.0,0.01,0,108430.0
62,5,0,0,0,0,300,1.0,1.0,0.07,0.06,0.0,255,20,0.08,0.07,0.0,1.0,1.0,0.0,1,81032.0
22,9,221,944,0,1,7,0.0,0.0,1.0,0.0,0.33,255,255,1.0,0.0,0.0,0.0,0.0,0.0,0,52973.0
45,4,0,0,0,0,1,0.0,0.0,1.0,0.0,0.0,255,1,0.0,1.0,0.0,0.0,0.0,1.0,1,29032.0
55,9,74,20598,0,1,1,0.0,0.0,1.0,0.0,0.0,255,2,0.01,0.88,0.0,0.87,0.0,0.0,0,45475.0
25,5,0,0,0,0,275,1.0,1.0,0.06,0.06,0.0,255,17,0.07,0.07,0.0,1.0,1.0,0.0,1,14743.0
45,9,28,0,3,0,68,0.0,0.0,1.0,0.0,0.0,255,68,0.27,0.64,0.0,0.01,0.0,0.0,1,70215.0
45,1,0,0,0,0,10,0.0,0.0,0.1,0.2,0.0,255,13,0.05,0.06,0.0,0.0,0.0,1.0,1,30218.0
11,9,46,129,0,0,31,0.0,0.0,1.0,0.0,0.01,89,200,0.83,0.02,0.01,0.0,0.0,0.0,0,69227.0
22,9,202,2886,0,1,3,0.0,0.0,1.0,0.0,0.38,3,255,1.0,0.0,0.04,0.0,0.0,0.0,0,71782.0
19,5,0,0,0,0,36,1.0,1.0,0.44,0.06,0.0,255,56,0.22,0.04,0.0,1.0,1.0,0.0,1,78267.0
49,5,0,0,0,0,237,1.0,1.0,0.0,0.07,0.0,255,1,0.0,0.08,0.0,1.0,1.0,0.0,1,106688.0
45,5,0,0,0,0,274,1.0,1.0,0.06,0.06,0.0,255,17,0.07,0.06,0.0,1.0,1.0,0.0,1,76179.0
22,9,337,1579,0,1,34,0.0,0.0,1.0,0.0,0.0,255,255,1.0,0.0,0.0,0.0,0.0,0.0,0,63962.0
22,9,237,374,0,1,29,0.0,0.0,1.0,0.0,0.0,113,255,1.0,0.0,0.02,0.0,0.0,0.0,0,23327.0
41,9,516,4,0,0,132,0.0,0.0,1.0,0.0,0.0,132,132,1.0,0.0,0.0,0.0,0.0,0.0,0,26072.0
45,1,0,0,0,0,99,0.0,0.0,0.09,0.07,0.0,255,21,0.08,0.05,0.0,0.0,0.0,1.0,1,61507.0
45,5,0,0,0,0,217,1.0,1.0,0.04,0.06,0.0,255,7,0.03,0.09,0.0,1.0,1.0,0.0,1,62530.0
45,1,0,0,0,0,214,0.09,0.0,0.0,1.0,0.0,255,1,0.0,0.93,0.0,0.07,0.0,1.0,1,55879.0
45,5,0,0,0,0,115,1.0,1.0,0.02,0.07,0.0,255,19,0.07,0.07,0.0,1.0,1.0,0.0,1,1180.0
41,1,0,0,0,0,509,0.16,0.0,0.0,1.0,0.0,255,1,0.0,1.0,0.0,0.2,0.0,1.0,1,90188.0
22,9,226,655,0,1,2,0.0,0.0,1.0,0.0,0.0,3,255,1.0,0.0,0.04,0.0,0.0,0.0,0,26458.0
19,5,0,0,0,0,263,1.0,1.0,0.01,0.06,0.0,255,19,0.07,0.09,0.0,1.0,1.0,0.0,1,97000.0
14,9,1032,0,0,0,486,0.0,0.0,1.0,0.0,0.0,255,255,1.0,0.0,0.0,0.0,0.0,0.0,1,426.0
22,9,214,2337,0,1,6,0.0,0.0,1.0,0.0,0.0,179,255,1.0,0.0,0.02,0.01,0.0,0.0,0,103994.0
22,9,317,263,0,1,6,0.0,0.0,1.0,0.0,0.38,255,255,1.0,0.0,0.0,0.0,0.0,0.0,0,64109.0
19,9,9311,0,0,1,7,0.0,0.0,1.0,0.0,0.0,13,13,1.0,0.0,0.0,0.0,0.0,0.0,0,124755.0
49,9,617,330,0,1,1,0.0,0.0,1.0,0.0,1.0,26,152,0.62,0.19,0.01,0.0,0.0,0.0,0,69439.0
3,5,0,0,0,0,253,1.0,1.0,0.04,0.07,0.0,255,9,0.04,0.08,0.0,1.0,1.0,0.0,1,89471.0
14,9,1032,0,0,0,511,0.0,0.0,1.0,0.0,0.0,255,136,0.53,0.04,0.0,0.0,0.0,0.0,1,68284.0
45,9,28,0,3,0,64,0.0,0.0,1.0,0.0,0.0,255,31,0.12,0.01,0.0,0.0,0.0,0.0,1,83367.0
11,9,44,76,0,0,116,0.0,0.0,1.0,0.0,0.0,255,255,1.0,0.0,0.0,0.0,0.0,0.0,0,9360.0
22,9,327,638,0,1,7,0.0,0.0,1.0,0.0,0.0,25,255,1.0,0.0,0.05,0.0,0.0,0.0,0,62393.0
22,9,214,1568,0,1,44,0.0,0.0,1.0,0.0,0.0,45,255,1.0,0.0,0.05,0.0,0.0,0.0,0,77631.0
22,9,227,20719,0,1,1,0.0,0.0,1.0,0.0,0.0,255,255,1.0,0.0,0.0,0.0,0.0,0.0,0,25870.0
45,5,0,0,0,0,128,1.0,1.0,0.12,0.07,0.0,255,15,0.06,0.08,0.0,1.0,1.0,0.0,1,2403.0
49,9,992,329,0,1,1,0.0,0.0,1.0,0.0,0.0,74,120,0.74,0.05,0.02,0.0,0.0,0.0,0,7582.0
11,9,43,66,0,0,199,0.0,0.0,0.99,0.01,0.0,255,254,1.0,0.01,0.0,0.0,0.0,0.0,0,111322.0
30,5,0,0,0,0,146,1.0,1.0,0.03,0.05,0.0,255,5,0.02,0.05,0.0,1.0,1.0,0.0,1,24540.0
45,5,0,0,0,0,96,1.0,1.0,0.06,0.06,0.0,255,22,0.09,0.06,0.0,1.0,1.0,0.0,1,45149.0
22,9,358,4480,0,1,13,0.0,0.0,1.0,0.0,0.14,255,255,1.0,0.0,0.0,0.0,0.0,0.0,0,39027.0
23,5,0,0,0,0,149,1.0,1.0,0.17,0.05,0.0,255,25,0.1,0.05,0.0,1.0,1.0,0.0,1,95723.0
13,9,8,0,0,0,1,0.0,0.0,1.0,0.0,1.0,1,149,1.0,0.0,0.5,0.0,0.0,0.0,1,51602.0
13,9,8,0,0,0,1,0.0,0.0,1.0,0.0,1.0,2,7,1.0,0.0,0.57,0.0,0.0,0.0,1,106319.0
45,5,0,0,0,0,173,1.0,1.0,0.02,0.07,0.0,255,18,0.07,0.06,0.0,1.0,1.0,0.0,1,109926.0
45,5,0,0,0,0,185,1.0,1.0,0.02,0.06,0.0,255,18,0.07,0.07,0.0,1.0,1.0,0.0,1,47344.0
22,9,243,9386,0,1,1,0.0,0.0,1.0,0.0,1.0,77,255,1.0,0.0,0.07,0.0,0.0,0.0,0,47897.0
10,5,0,0,0,0,244,1.0,1.0,0.06,0.07,0.0,255,15,0.06,0.07,0.0,1.0,1.0,0.0,1,37712.0
3,5,0,0,0,0,274,1.0,1.0,0.08,0.05,0.0,255,22,0.09,0.05,0.0,1.0,1.0,0.0,1,42201.0
22,9,337,623,0,1,2,0.0,0.0,1.0,0.0,0.11,6,255,1.0,0.0,0.05,0.0,0.0,0.0,0,57367.0
22,9,210,761,0,1,2,0.0,0.0,1.0,0.0,0.5,175,255,1.0,0.0,0.01,0.0,0.0,0.0,0,58682.0
41,1,0,0,0,0,511,0.18,0.0,0.0,1.0,0.0,255,1,0.0,1.0,0.0,0.05,0.0,1.0,1,60104.0
22,9,299,294,0,1,9,0.0,0.0,1.0,0.0,0.0,9,255,1.0,0.0,0.06,0.0,0.0,0.0,0,54123.0
11,9,42,42,0,0,10,0.0,0.0,1.0,0.0,0.24,255,234,0.92,0.01,0.0,0.0,0.0,0.0,0,105278.0
22,9,191,21636,0,1,1,0.0,0.0,1.0,0.0,0.0,255,255,1.0,0.0,0.0,0.0,0.0,0.0,0,77565.0
12,5,0,0,0,0,216,1.0,1.0,0.0,0.07,0.0,255,1,0.0,0.09,0.0,1.0,1.0,0.0,1,56969.0
11,9,44,73,0,0,136,0.0,0.0,1.0,0.0,0.0,255,202,0.79,0.01,0.0,0.0,0.0,0.0,0,97856.0
45,5,0,0,0,0,190,1.0,1.0,0.06,0.05,0.0,131,12,0.09,0.08,0.0,0.89,1.0,0.0,1,13416.0
49,9,1068,335,0,1,2,0.0,0.0,1.0,0.0,0.0,70,192,0.93,0.06,0.01,0.0,0.0,0.0,0,58251.0
45,5,0,0,0,0,111,1.0,1.0,0.17,0.08,0.0,255,19,0.07,0.07,0.0,1.0,1.0,0.0,1,23988.0
12,5,0,0,0,0,141,1.0,1.0,0.12,0.06,0.0,255,7,0.03,0.07,0.0,1.0,1.0,0.0,1,30128.0
19,9,12,0,0,1,1,0.0,0.0,1.0,0.0,0.0,228,5,0.02,0.03,0.0,0.0,0.0,0.0,1,63461.0
41,9,35195,0,0,1,21,0.05,0.0,0.05,0.14,0.0,186,1,0.01,0.04,0.0,0.01,0.0,0.0,0,110104.0
22,9,314,315,0,1,27,0.0,0.0,1.0,0.0,0.0,27,255,1.0,0.0,0.04,0.0,0.0,0.0,0,113057.0
11,9,45,45,0,0,80,0.0,0.0,1.0,0.0,0.01,255,254,1.0,0.01,0.0,0.0,0.0,0.0,0,84353.0
22,9,257,13507,0,1,5,0.0,0.0,1.0,0.0,0.0,159,255,1.0,0.0,0.02,0.0,0.0,0.0,0,84431.0
45,5,0,0,0,0,2,1.0,1.0,0.5,1.0,0.0,255,13,0.05,0.07,0.0,1.0,1.0,0.0,1,74760.0
45,5,0,0,0,0,210,1.0,1.0,0.09,0.05,0.0,255,16,0.06,0.07,0.0,1.0,1.0,0.0,1,93924.0
36,5,0,0,0,0,286,1.0,1.0,0.02,0.06,0.0,255,14,0.05,0.07,0.0,1.0,1.0,0.0,1,5903.0
45,1,0,0,0,0,138,0.0,0.0,0.07,0.06,0.0,113,9,0.08,0.07,0.0,0.0,0.0,1.0,1,13833.0
3,5,0,0,0,0,230,1.0,1.0,0.01,0.06,0.0,255,3,0.01,0.07,0.0,1.0,1.0,0.0,1,15450.0
45,10,0,0,0,0,1,1.0,1.0,1.0,0.0,0.0,178,1,0.01,0.94,0.0,0.96,1.0,0.0,1,122047.0
18,2,0,0,0,0,275,0.0,0.0,0.03,0.06,0.0,255,8,0.03,0.07,0.0,0.0,0.0,1.0,1,59356.0
26,5,0,0,0,0,284,1.0,1.0,0.08,0.05,0.0,255,24,0.09,0.05,0.0,1.0,1.0,0.0,1,92425.0
13,9,8,0,0,0,1,0.0,0.0,1.0,0.0,1.0,4,160,1.0,0.0,0.25,0.0,0.0,0.0,1,51307.0
45,5,0,0,0,0,32,1.0,1.0,0.28,0.16,0.0,255,9,0.04,0.08,0.0,1.0,1.0,0.0,1,105374.0
41,1,0,0,0,0,509,0.16,0.0,0.0,1.0,0.0,255,1,0.0,1.0,0.0,0.25,0.0,1.0,1,69017.0
22,9,251,1978,0,1,5,0.0,0.53,1.0,0.0,0.08,58,255,1.0,0.0,0.02,0.0,0.0,0.0,0,4301.0
22,9,163,552,0,1,4,0.0,0.0,1.0,0.0,0.0,39,255,1.0,0.0,0.07,0.0,0.0,0.0,0,42029.0
14,9,1032,0,0,0,153,0.0,0.0,1.0,0.0,0.0,255,255,1.0,0.0,0.0,0.0,0.0,0.0,1,69208.0
22,9,215,1308,0,1,5,0.0,0.0,1.0,0.0,0.0,54,255,1.0,0.0,0.03,0.0,0.0,0.0,0,71191.0
22,9,225,1875,0,1,5,0.0,0.0,1.0,0.0,0.0,255,255,1.0,0.0,0.0,0.0,0.0,0.0,0,73776.0
22,9,54540,8314,0,1,2,0.0,0.0,1.0,0.0,0.0,142,142,1.0,0.0,0.0,0.0,0.0,0.01,1,61512.0
22,9,320,1381,0,1,3,0.0,0.0,1.0,0.0,0.5,52,255,1.0,0.0,0.05,0.0,0.0,0.0,0,125349.0
45,5,0,0,0,0,114,1.0,1.0,0.04,0.07,0.0,255,4,0.02,0.06,0.0,1.0,1.0,0.0,1,21142.0
22,9,197,412,0,1,11,0.0,0.0,1.0,0.0,0.0,197,255,1.0,0.0,0.02,0.0,0.0,0.0,0,125822.0
22,9,224,7491,0,1,3,0.0,0.0,1.0,0.0,0.0,74,254,1.0,0.0,0.16,0.0,0.0,0.86,0,71887.0
55,2,0,0,0,0,1,0.0,0.0,1.0,0.0,0.0,238,22,0.09,0.02,0.0,0.0,0.0,0.18,0,7321.0
22,1,0,0,0,0,1,0.0,0.0,1.0,0.0,0.0,2,255,1.0,0.0,0.17,0.0,0.0,0.89,0,34242.0
12,5,0,0,0,0,284,1.0,1.0,0.08,0.05,0.0,255,24,0.09,0.05,0.0,1.0,1.0,0.0,1,125007.0
19,9,637,0,0,1,3,0.0,0.0,1.0,0.0,0.0,255,39,0.15,0.02,0.0,0.0,0.0,0.0,0,95143.0
19,9,245,0,0,1,1,0.0,0.0,1.0,0.0,0.0,114,71,0.31,0.05,0.03,0.0,0.0,0.0,0,90369.0
22,9,283,1346,0,1,31,0.0,0.0,1.0,0.0,0.0,255,255,1.0,0.0,0.0,0.0,0.0,0.0,0,12640.0
22,9,297,324,0,1,10,0.0,0.0,1.0,0.0,0.09,49,255,1.0,0.0,0.02,0.0,0.0,0.0,0,21063.0
22,9,313,13210,0,1,10,0.0,0.0,1.0,0.0,0.0,255,255,1.0,0.0,0.0,0.0,0.0,0.0,0,74959.0
22,6,228,21900,0,1,1,1.0,1.0,1.0,0.0,0.0,243,255,1.0,0.0,0.01,0.0,0.0,0.0,0,34899.0
45,5,0,0,0,0,231,1.0,1.0,0.05,0.06,0.0,255,11,0.04,0.08,0.0,1.0,1.0,0.0,1,24726.0
22,9,254,5172,0,1,1,0.0,0.0,1.0,0.0,1.0,32,255,1.0,0.0,0.07,0.0,0.0,0.0,0,11821.0
29,5,0,0,0,0,147,1.0,1.0,0.13,0.05,0.0,255,1,0.0,0.08,0.0,1.0,1.0,0.0,1,124266.0
11,9,45,131,0,0,72,0.0,0.0,1.0,0.0,0.01,255,252,0.99,0.01,0.0,0.0,0.0,0.0,0,74272.0
22,9,54540,8314,0,1,4,0.0,0.0,1.0,0.0,0.0,19,19,1.0,0.0,0.0,0.0,0.0,0.42,1,20600.0
45,9,207,0,0,0,2,0.0,0.0,1.0,0.0,0.0,188,156,0.83,0.01,0.0,0.0,0.0,0.0,1,107973.0
22,1,0,0,0,0,510,0.0,0.0,0.0,0.0,0.0,242,202,0.83,0.01,0.0,0.0,0.0,1.0,0,123915.0
45,9,1,0,0,0,67,0.0,0.0,0.6,0.06,0.0,255,104,0.41,0.06,0.0,0.0,0.0,0.0,1,91194.0
11,9,43,107,0,0,1,0.0,0.0,1.0,0.0,1.0,255,233,0.91,0.01,0.0,0.0,0.0,0.0,0,27472.0
22,9,322,4320,0,1,3,0.0,0.0,1.0,0.0,0.0,3,255,1.0,0.0,0.03,0.0,0.0,0.0,0,57013.0
18,2,0,0,0,0,284,0.0,0.0,0.07,0.06,0.0,255,20,0.08,0.06,0.0,0.0,0.0,1.0,1,32539.0
49,9,1424,369,0,1,1,0.0,0.0,1.0,0.0,0.0,143,182,0.77,0.03,0.01,0.0,0.0,0.0,0,79320.0
45,5,0,0,0,0,117,1.0,1.0,0.15,0.05,0.0,173,18,0.1,0.06,0.0,1.0,1.0,0.0,1,38914.0
45,5,0,0,0,0,159,1.0,1.0,0.12,0.07,0.0,255,10,0.04,0.08,0.0,1.0,1.0,0.0,1,121365.0
22,9,231,6106,0,1,23,0.0,0.0,1.0,0.0,0.08,255,255,1.0,0.0,0.0,0.0,0.0,0.0,0,34944.0
16,5,0,0,0,0,122,1.0,1.0,0.17,0.06,0.0,255,21,0.08,0.05,0.0,1.0,1.0,0.0,1,18527.0
19,9,2194619,0,0,1,1,0.0,0.0,1.0,0.0,0.0,132,65,0.49,0.03,0.0,0.0,0.0,0.0,0,71455.0
11,9,42,42,0,0,10,0.0,0.0,1.0,0.0,0.14,255,244,0.96,0.01,0.0,0.0,0.0,0.0,0,78980.0
41,9,147,0,0,0,3,0.0,0.0,0.33,0.67,0.0,255,1,0.0,0.61,0.0,0.0,0.0,0.0,0,136.0
22,9,240,1423,0,1,7,0.0,0.0,1.0,0.0,0.25,255,255,1.0,0.0,0.0,0.0,0.0,0.0,0,42392.0
22,9,197,2142,0,1,15,0.0,0.0,1.0,0.0,0.16,15,255,1.0,0.0,0.05,0.0,0.01,0.0,0,99475.0
22,9,224,1584,0,1,22,0.0,0.0,1.0,0.0,0.09,22,255,1.0,0.0,0.05,0.0,0.0,0.0,0,112474.0
22,9,308,6503,0,1,5,0.0,0.0,1.0,0.0,0.0,62,255,1.0,0.0,0.03,0.0,0.0,0.0,0,36840.0
55,6,539,44731,0,0,1,1.0,1.0,1.0,0.0,0.0,1,3,1.0,0.0,1.0,1.0,0.33,0.0,0,122227.0
23,5,0,0,0,0,97,1.0,1.0,0.13,0.06,0.0,255,13,0.05,0.07,0.0,1.0,1.0,0.0,1,91502.0
61,1,0,0,0,0,219,0.0,0.0,0.05,0.07,0.0,255,10,0.04,0.07,0.0,0.0,0.0,1.0,1,32476.0
22,9,170,1618,0,1,14,0.0,0.0,1.0,0.0,0.0,15,255,1.0,0.0,0.02,0.0,0.0,0.0,0,36195.0
22,9,203,1367,0,1,3,0.0,0.0,1.0,0.0,0.5,57,255,1.0,0.0,0.01,0.0,0.0,0.0,0,125173.0
22,9,232,431,0,1,1,0.0,0.0,1.0,0.0,0.4,1,145,1.0,0.0,0.1,0.0,0.01,0.0,0,24925.0
45,5,0,0,0,0,90,1.0,1.0,0.22,0.06,0.0,255,20,0.08,0.06,0.0,1.0,1.0,0.0,1,41559.0
55,5,0,0,0,0,66,1.0,1.0,0.23,0.06,0.0,148,38,0.25,0.03,0.05,0.99,0.92,0.0,1,107916.0
49,9,2106,365,0,1,1,0.0,0.0,1.0,0.0,1.0,104,200,0.69,0.03,0.01,0.0,0.0,0.0,0,120730.0
45,5,0,0,0,0,2,1.0,1.0,0.5,1.0,0.0,255,15,0.06,0.09,0.0,1.0,1.0,0.0,1,48643.0
62,5,0,0,0,0,69,1.0,1.0,0.01,0.09,0.0,255,7,0.03,0.09,0.0,1.0,1.0,0.0,1,64538.0
22,1,0,0,0,0,1,0.0,0.0,1.0,0.0,0.0,9,255,1.0,0.0,0.31,0.0,0.0,0.94,0,104800.0
45,5,0,0,0,0,171,1.0,1.0,0.08,0.06,0.0,255,19,0.07,0.07,0.0,1.0,1.0,0.0,1,112375.0
13,9,8,0,0,0,1,0.0,0.0,1.0,0.0,1.0,2,37,1.0,0.0,0.51,0.0,0.0,0.0,1,35800.0
22,9,288,2307,0,1,9,0.0,0.0,1.0,0.0,0.11,112,255,1.0,0.0,0.03,0.01,0.01,0.0,0,100247.0
18,5,0,0,0,0,274,1.0,1.0,0.03,0.07,0.0,255,7,0.03,0.08,0.0,1.0,1.0,0.0,1,88785.0
45,5,0,0,0,0,109,1.0,1.0,0.08,0.06,0.0,188,12,0.06,0.1,0.0,1.0,1.0,0.0,1,89009.0
49,9,1116,335,0,1,1,0.0,0.0,1.0,0.0,0.0,125,116,0.61,0.05,0.02,0.0,0.0,0.0,0,39456.0
22,9,306,405,0,1,16,0.0,0.0,1.0,0.0,0.0,255,255,1.0,0.0,0.0,0.01,0.01,0.02,0,124890.0
30,5,0,0,0,0,142,1.0,1.0,0.01,0.05,0.0,255,1,0.0,0.05,0.0,1.0,1.0,0.0,1,61226.0
22,9,246,1721,0,1,9,0.0,0.0,1.0,0.0,0.27,255,255,1.0,0.0,0.0,0.0,0.0,0.0,0,24744.0
41,1,0,0,0,0,510,0.1,0.0,0.0,1.0,0.0,255,1,0.0,1.0,0.0,0.11,0.0,1.0,1,104292.0
22,9,277,13083,0,1,16,0.0,0.0,1.0,0.0,0.17,255,255,1.0,0.0,0.0,0.0,0.0,0.0,0,22759.0
45,5,0,0,0,0,265,1.0,1.0,0.02,0.06,0.0,255,4,0.02,0.09,0.0,1.0,1.0,0.0,1,123476.0
22,9,281,752,0,1,1,0.0,0.0,1.0,0.0,1.0,175,255,1.0,0.0,0.03,0.0,0.0,0.0,0,43245.0
3,4,0,0,0,0,1,0.0,0.0,1.0,0.0,0.0,157,3,0.01,0.69,0.67,0.04,0.0,0.33,1,117512.0
22,9,165,13974,0,1,1,0.0,0.0,1.0,0.0,0.0,108,255,1.0,0.0,0.01,0.0,0.0,0.0,0,59465.0
16,2,0,0,0,0,147,0.0,0.0,0.13,0.05,0.0,255,12,0.05,0.06,0.0,0.0,0.0,1.0,1,39818.0
41,9,516,4,0,0,446,0.0,0.0,1.0,0.0,0.0,255,255,1.0,0.0,0.0,0.0,0.0,0.0,0,117057.0
22,9,282,754,0,1,17,0.0,0.0,1.0,0.0,0.15,46,255,1.0,0.0,0.05,0.0,0.0,0.0,0,115601.0
36,5,0,0,0,0,123,1.0,1.0,0.08,0.05,0.0,255,10,0.04,0.05,0.0,1.0,1.0,0.0,1,99078.0
22,9,204,319,0,1,25,0.0,0.04,1.0,0.0,0.09,25,255,1.0,0.0,0.05,0.0,0.01,0.0,0,61378.0
22,9,347,12518,0,1,11,0.0,0.0,1.0,0.0,0.1,37,255,1.0,0.0,0.02,0.0,0.0,0.01,0,28024.0
22,9,247,2073,0,1,29,0.0,0.0,1.0,0.0,0.12,181,255,1.0,0.0,0.01,0.0,0.0,0.02,0,108502.0
22,9,225,9921,0,1,13,0.0,0.0,1.0,0.0,0.0,33,255,1.0,0.0,0.05,0.0,0.0,0.0,0,87733.0
14,9,1032,0,0,0,511,0.0,0.0,1.0,0.0,0.0,224,79,0.35,0.01,0.0,0.0,0.0,0.0,1,82023.0
19,9,8737,0,0,1,11,0.0,0.0,1.0,0.0,0.0,102,71,0.21,0.05,0.03,0.0,0.0,0.0,0,71622.0
45,1,0,0,0,0,144,0.0,0.0,0.09,0.07,0.0,255,13,0.05,0.09,0.0,0.0,0.0,1.0,1,105880.0
22,9,230,193,0,1,1,0.0,0.0,1.0,0.0,0.0,94,255,1.0,0.0,0.02,0.0,0.0,0.0,0,103126.0
60,5,0,0,0,0,136,1.0,1.0,0.04,0.07,0.0,255,1,0.0,0.06,0.0,1.0,1.0,0.0,1,7529.0
13,9,8,0,0,0,1,0.0,0.0,1.0,0.0,1.0,4,61,1.0,0.0,0.26,0.0,0.0,0.0,1,63960.0
11,9,36,0,0,0,1,0.0,0.0,1.0,0.0,1.0,255,33,0.13,0.08,0.0,0.01,0.0,0.0,0,125024.0
45,5,0,0,0,0,112,1.0,1.0,0.08,0.06,0.0,255,2,0.01,0.07,0.0,1.0,1.0,0.0,1,25005.0
60,5,0,0,0,0,135,1.0,1.0,0.1,0.06,0.0,255,8,0.03,0.07,0.0,1.0,1.0,0.0,1,97436.0
49,9,874,330,0,1,1,0.0,0.0,1.0,0.0,1.0,247,164,0.63,0.02,0.01,0.0,0.0,0.0,0,30725.0
45,1,0,0,0,0,135,0.0,0.0,0.04,0.07,0.0,60,5,0.08,0.1,0.0,0.0,0.0,1.0,1,12914.0
22,9,194,2684,0,1,10,0.0,0.0,1.0,0.0,0.0,36,255,1.0,0.0,0.05,0.0,0.0,0.0,0,38553.0
13,9,8,0,0,0,1,0.0,0.0,1.0,0.0,1.0,1,105,1.0,0.0,0.26,0.0,0.0,0.0,1,35397.0
22,9,241,934,0,1,7,0.0,0.0,1.0,0.0,0.0,40,255,1.0,0.0,0.07,0.0,0.0,0.0,0,13202.0
45,1,0,0,0,0,36,0.0,0.0,0.36,0.08,0.0,255,10,0.04,0.07,0.0,0.0,0.0,1.0,1,33521.0
17,9,6,147,0,0,1,0.0,0.0,1.0,0.0,0.0,255,1,0.0,0.07,0.0,0.67,0.0,0.0,0,3972.0
11,9,44,130,0,0,241,0.0,0.0,1.0,0.0,0.01,255,253,0.99,0.01,0.0,0.0,0.0,0.0,0,5379.0
22,9,241,418,0,1,27,0.0,0.0,1.0,0.0,0.0,255,255,1.0,0.0,0.0,0.0,0.0,0.0,0,102975.0
49,9,1428,341,0,1,1,0.0,0.0,1.0,0.0,1.0,184,168,0.64,0.02,0.01,0.0,0.0,0.0,0,39163.0
45,9,28,0,3,0,28,0.0,0.0,1.0,0.0,0.0,255,95,0.37,0.01,0.0,0.0,0.0,0.0,1,111923.0
19,9,334,0,0,1,1,0.0,0.0,1.0,0.0,0.0,7,41,1.0,0.0,0.15,0.0,0.0,0.0,1,39420.0
45,5,0,0,0,0,269,1.0,1.0,0.07,0.06,0.0,255,19,0.07,0.06,0.0,1.0,1.0,0.0,1,87444.0
22,9,316,1298,0,1,5,0.0,0.0,1.0,0.0,0.0,5,255,1.0,0.0,0.04,0.0,0.0,0.0,0,55079.0
29,5,0,0,0,0,251,1.0,1.0,0.02,0.06,0.0,255,4,0.02,0.06,0.0,1.0,1.0,0.0,1,67538.0
22,9,337,2086,0,1,10,0.0,0.0,1.0,0.0,0.11,146,255,1.0,0.0,0.02,0.0,0.0,0.04,0,117937.0
22,5,0,0,0,0,2,0.5,0.2,1.0,0.0,0.4,255,255,1.0,0.0,0.0,0.0,0.0,0.0,0,26063.0
22,9,197,377,0,1,4,0.0,0.0,1.0,0.0,0.0,40,255,1.0,0.0,0.03,0.03,0.01,0.0,0,84354.0
22,9,252,6117,0,1,2,0.0,0.0,1.0,0.0,0.0,21,255,1.0,0.0,0.01,0.0,0.0,0.0,0,78574.0
63,5,0,0,0,0,176,1.0,1.0,0.03,0.06,0.0,255,8,0.03,0.06,0.0,1.0,1.0,0.0,1,89779.0
13,9,8,0,0,0,1,0.0,0.0,1.0,0.0,1.0,1,171,1.0,0.0,0.5,0.0,0.0,0.0,1,87878.0
22,9,454,2779,0,1,1,0.0,0.0,1.0,0.0,1.0,5,255,1.0,0.0,0.04,0.0,0.0,0.0,0,62852.0
22,9,239,1165,0,1,2,0.0,0.0,1.0,0.0,0.0,255,255,1.0,0.0,0.0,0.0,0.0,0.0,0,52946.0
22,9,222,1273,0,1,4,0.0,0.0,1.0,0.0,0.0,4,255,1.0,0.0,0.06,0.0,0.0,0.0,0,14558.0
53,1,0,0,0,0,476,0.06,0.0,0.0,1.0,0.0,255,1,0.0,1.0,0.0,0.08,0.0,1.0,1,117128.0
22,9,264,2367,0,1,5,0.0,0.0,1.0,0.0,0.33,163,255,1.0,0.0,0.02,0.0,0.0,0.0,0,93417.0
23,1,0,0,0,0,142,0.0,0.0,0.09,0.06,0.0,255,13,0.05,0.06,0.0,0.0,0.0,1.0,1,27018.0
11,9,44,70,0,0,178,0.0,0.0,0.99,0.01,0.01,255,237,0.93,0.01,0.0,0.0,0.0,0.0,0,56203.0
22,9,274,475,0,1,4,0.0,0.03,1.0,0.0,0.06,4,255,1.0,0.0,0.04,0.0,0.01,0.0,0,86850.0
22,9,310,267,0,1,5,0.0,0.0,1.0,0.0,0.0,255,255,1.0,0.0,0.0,0.0,0.0,0.0,0,26347.0
8,5,0,0,0,0,183,1.0,1.0,0.02,0.07,0.0,255,3,0.01,0.07,0.0,1.0,1.0,0.0,1,121136.0
19,5,0,0,0,0,245,1.0,1.0,0.02,0.06,0.0,255,18,0.07,0.07,0.0,1.0,1.0,0.0,1,63731.0
19,9,567,0,0,0,1,0.0,0.0,1.0,0.0,0.0,65,11,0.17,0.09,0.0,0.0,0.0,0.0,0,55470.0
22,9,155,6536,0,1,1,0.0,0.0,1.0,0.0,1.0,12,255,1.0,0.0,0.02,0.0,0.0,0.0,0,54514.0
41,1,0,0,0,0,508,0.1,0.0,0.0,1.0,0.0,255,1,0.0,1.0,0.0,0.07,0.0,1.0,1,47113.0
25,1,0,0,0,0,232,0.0,0.0,0.05,0.06,0.0,255,12,0.05,0.08,0.0,0.0,0.0,1.0,1,56716.0
22,9,196,7203,0,1,25,0.0,0.0,1.0,0.0,0.0,188,255,1.0,0.0,0.02,0.0,0.0,0.35,0,73402.0
22,1,0,0,0,0,1,0.0,0.0,1.0,0.0,1.0,3,255,1.0,0.0,0.29,0.0,0.0,0.94,0,122483.0
45,9,28,0,3,0,96,0.0,0.0,1.0,0.0,0.0,255,96,0.38,0.04,0.0,0.02,0.0,0.0,1,97609.0
49,9,918,333,0,1,1,0.0,0.0,1.0,0.0,1.0,72,175,0.65,0.04,0.01,0.0,0.0,0.0,0,80564.0
22,9,218,4452,0,1,7,0.0,0.0,1.0,0.0,0.25,227,255,1.0,0.0,0.01,0.0,0.0,0.0,0,37036.0
19,9,567,0,0,0,1,0.0,0.0,1.0,0.0,0.0,78,75,0.4,0.04,0.03,0.0,0.0,0.0,0,4490.0
49,9,4094,330,0,1,2,0.0,0.0,0.5,1.0,0.0,101,118,0.33,0.07,0.02,0.0,0.0,0.0,0,117248.0
45,5,0,0,0,0,229,1.0,1.0,0.11,0.05,0.0,255,25,0.1,0.05,0.0,1.0,1.0,0.0,1,18000.0
45,5,0,0,0,0,240,1.0,1.0,0.02,0.06,0.0,255,7,0.03,0.08,0.0,1.0,1.0,0.0,1,60827.0
22,9,276,296,0,1,9,0.0,0.0,1.0,0.0,0.18,186,255,1.0,0.0,0.02,0.0,0.0,0.02,0,18237.0
55,9,119,6449,0,1,1,0.0,0.0,1.0,0.0,0.0,255,3,0.01,0.03,0.0,0.0,0.0,0.33,0,13447.0
2,5,0,0,0,0,129,1.0,1.0,0.14,0.05,0.0,255,18,0.07,0.05,0.0,1.0,1.0,0.0,1,769.0
49,9,2540,323,0,1,1,0.0,0.0,1.0,0.0,0.0,255,124,0.49,0.02,0.0,0.0,0.0,0.0,0,1971.0
22,9,195,1428,0,1,8,0.0,0.0,1.0,0.0,0.0,52,255,1.0,0.0,0.04,0.0,0.0,0.0,0,117868.0
22,9,191,15272,0,1,2,0.0,0.0,1.0,0.0,0.0,255,255,1.0,0.0,0.0,0.0,0.0,0.0,0,6208.0
22,9,230,3222,0,1,6,0.0,0.0,1.0,0.0,0.0,255,238,0.93,0.01,0.0,0.0,0.0,0.0,0,67611.0
45,5,0,0,0,0,100,1.0,1.0,0.01,0.06,0.0,21,6,0.29,0.24,0.0,1.0,1.0,0.0,1,84149.0
22,9,242,255,0,1,26,0.0,0.0,1.0,0.0,0.1,255,255,1.0,0.0,0.0,0.0,0.0,0.0,0,37915.0
45,5,0,0,0,0,139,1.0,1.0,0.08,0.06,0.0,255,8,0.03,0.06,0.0,1.0,1.0,0.0,1,63795.0
31,5,0,0,0,0,143,1.0,1.0,0.07,0.05,0.0,255,10,0.04,0.05,0.0,1.0,1.0,0.0,1,38347.0
49,9,730,339,0,1,1,0.0,0.0,1.0,0.0,0.0,150,197,0.74,0.03,0.01,0.0,0.0,0.0,0,101004.0
22,9,340,337,0,1,8,0.0,0.0,1.0,0.0,0.12,64,255,1.0,0.0,0.01,0.0,0.0,0.0,0,72484.0
22,9,258,660,0,1,9,0.0,0.02,1.0,0.0,0.13,69,255,1.0,0.0,0.02,0.01,0.0,0.0,0,102999.0
22,9,329,575,0,1,4,0.25,0.25,1.0,0.0,0.0,255,255,1.0,0.0,0.0,0.0,0.0,0.0,0,72455.0
22,9,329,821,0,1,12,0.0,0.0,1.0,0.0,0.0,255,255,1.0,0.0,0.0,0.0,0.0,0.0,0,90670.0
7,1,0,0,0,0,252,0.0,0.0,0.01,0.07,0.0,255,3,0.01,0.07,0.0,0.0,0.0,1.0,1,90765.0
11,9,44,75,0,0,208,0.0,0.0,1.0,0.0,0.0,255,255,1.0,0.0,0.0,0.0,0.0,0.0,0,64647.0
11,9,45,74,0,0,204,0.0,0.0,1.0,0.01,0.01,255,254,1.0,0.01,0.0,0.0,0.0,0.0,0,2988.0
11,9,42,71,0,0,246,0.0,0.0,1.0,0.01,0.01,255,254,1.0,0.01,0.0,0.0,0.0,0.0,0,57161.0
53,5,0,0,0,0,251,1.0,1.0,0.02,0.06,0.0,255,4,0.02,0.07,0.0,1.0,1.0,0.0,1,7386.0
45,5,0,0,0,0,137,1.0,1.0,0.15,0.05,0.0,255,40,0.16,0.05,0.0,1.0,1.0,0.0,1,10074.0
41,9,146,0,0,0,3,0.0,0.0,0.33,0.67,0.0,255,3,0.01,0.54,0.0,0.0,0.0,0.0,0,25641.0
22,9,270,9442,0,1,4,0.0,0.0,1.0,0.0,0.22,4,255,1.0,0.0,0.06,0.0,0.0,0.0,0,105221.0
45,1,0,0,0,0,264,0.03,0.0,0.0,1.0,0.0,255,1,0.0,0.97,0.0,0.04,0.0,1.0,1,84646.0
45,5,0,0,0,0,219,1.0,1.0,0.01,0.06,0.0,255,8,0.03,0.07,0.0,1.0,1.0,0.0,1,32722.0
34,5,0,0,0,0,90,1.0,1.0,0.16,0.07,0.0,255,9,0.04,0.07,0.0,1.0,1.0,0.0,1,52058.0
11,9,84,43,0,0,133,0.0,0.0,1.0,0.0,0.0,255,166,0.65,0.01,0.0,0.0,0.0,0.0,0,111260.0
36,5,0,0,0,0,289,1.0,1.0,0.0,0.06,0.0,255,4,0.02,0.07,0.0,1.0,1.0,0.0,1,53509.0
63,5,0,0,0,0,201,1.0,1.0,0.0,0.06,0.0,255,20,0.08,0.07,0.0,1.0,1.0,0.0,1,38206.0
19,9,2191,0,0,1,13,0.0,0.0,1.0,0.0,0.0,255,112,0.44,0.02,0.0,0.0,0.0,0.0,0,97007.0
45,5,0,0,0,0,259,1.0,1.0,0.07,0.06,0.0,255,3,0.01,0.07,0.0,1.0,1.0,0.0,1,97640.0
4,5,0,0,0,0,204,1.0,1.0,0.02,0.07,0.0,255,4,0.02,0.08,0.0,1.0,1.0,0.0,1,65775.0
61,5,0,0,0,0,202,1.0,1.0,0.0,0.07,0.0,255,1,0.0,0.08,0.0,1.0,1.0,0.0,1,8566.0
26,5,0,0,0,0,257,1.0,1.0,0.04,0.06,0.0,255,10,0.04,0.07,0.0,1.0,1.0,0.0,1,26584.0
45,5,0,0,0,0,211,1.0,1.0,0.03,0.07,0.0,255,17,0.07,0.07,0.0,1.0,1.0,0.0,1,54157.0
54,5,0,0,0,0,113,1.0,1.0,0.08,0.06,0.0,255,11,0.04,0.07,0.0,1.0,1.0,0.0,1,94506.0
11,9,46,72,0,0,184,0.0,0.0,1.0,0.0,0.0,255,255,1.0,0.0,0.0,0.0,0.0,0.0,0,19440.0
26,5,0,0,0,0,299,1.0,1.0,0.05,0.05,0.0,255,16,0.06,0.07,0.0,1.0,1.0,0.0,1,87428.0
41,9,147,105,0,0,2,0.0,0.0,1.0,0.0,0.0,255,2,0.01,0.65,0.0,0.0,0.0,0.0,0,8686.0
54,5,0,0,0,0,119,1.0,1.0,0.11,0.06,0.0,255,7,0.03,0.07,0.0,1.0,1.0,0.0,1,19256.0
45,1,0,0,0,0,121,0.0,0.0,0.07,0.08,0.0,255,9,0.04,0.07,0.0,0.0,0.0,1.0,1,44061.0
45,5,0,0,0,0,212,1.0,1.0,0.03,0.07,0.0,255,19,0.07,0.07,0.0,1.0,1.0,0.0,1,23784.0
45,1,0,0,0,0,105,0.0,0.0,0.17,0.07,0.0,255,18,0.07,0.05,0.0,0.0,0.0,1.0,1,59142.0
31,9,6,0,0,0,510,0.2,0.0,0.0,1.0,0.0,255,2,0.01,1.0,0.0,0.19,0.0,0.0,1,37474.0
45,1,0,0,0,0,208,0.0,0.0,0.08,0.06,0.0,255,16,0.06,0.07,0.0,0.0,0.0,1.0,1,121411.0
45,1,0,0,0,0,63,0.11,0.0,0.02,1.0,0.0,255,1,0.0,0.53,0.0,0.03,0.0,1.0,1,43613.0
63,5,0,0,0,0,296,1.0,1.0,0.07,0.06,0.0,255,20,0.08,0.08,0.0,1.0,1.0,0.0,1,58020.0
11,9,30,0,0,0,1,0.0,0.0,1.0,0.0,1.0,8,3,0.38,0.38,0.0,0.0,0.0,0.0,0,56134.0
5,5,0,0,0,0,102,1.0,1.0,0.01,0.06,0.0,255,1,0.0,0.05,0.0,1.0,1.0,0.0,1,76629.0
54,5,0,0,0,0,279,1.0,1.0,0.06,0.06,0.0,255,4,0.02,0.08,0.0,1.0,1.0,0.0,1,63111.0
11,9,44,84,0,0,293,0.0,0.0,1.0,0.0,0.0,255,254,1.0,0.01,0.0,0.0,0.0,0.0,0,15267.0
41,9,516,4,0,0,305,0.0,0.0,1.0,0.0,0.0,255,255,1.0,0.0,0.0,0.0,0.0,0.0,0,4688.0
22,9,276,662,0,1,25,0.0,0.0,1.0,0.0,0.0,25,255,1.0,0.0,0.05,0.0,0.0,0.0,0,88227.0
26,5,0,0,0,0,235,1.0,1.0,0.02,0.06,0.0,255,5,0.02,0.07,0.0,1.0,1.0,0.0,1,82543.0
17,5,0,0,0,0,37,1.0,1.0,0.3,0.11,0.0,255,31,0.12,0.06,0.0,1.0,1.0,0.0,1,106190.0
14,9,1032,0,0,0,509,0.0,0.0,1.0,0.0,0.0,255,153,0.6,0.17,0.0,0.0,0.0,0.0,1,117220.0
22,9,263,27619,0,1,8,0.0,0.0,1.0,0.0,0.22,255,255,1.0,0.0,0.0,0.0,0.0,0.0,0,6132.0
22,9,214,2612,0,1,17,0.0,0.0,1.0,0.0,0.0,17,255,1.0,0.0,0.04,0.0,0.0,0.0,0,98267.0
13,9,8,0,0,0,1,0.0,0.0,1.0,0.0,1.0,1,93,1.0,0.0,0.51,0.0,0.0,0.0,1,30966.0
45,5,0,0,0,0,216,1.0,1.0,0.08,0.07,0.0,255,20,0.08,0.07,0.0,1.0,1.0,0.0,1,12161.0
14,9,1032,0,0,0,511,0.0,0.0,1.0,0.0,0.0,189,95,0.5,0.04,0.0,0.01,0.0,0.0,1,31174.0
55,5,0,0,0,0,44,1.0,1.0,0.23,0.09,0.0,255,46,0.18,0.04,0.0,1.0,1.0,0.0,1,115627.0
45,5,0,0,0,0,181,1.0,1.0,0.08,0.06,0.0,255,14,0.05,0.07,0.0,1.0,1.0,0.0,1,116420.0
19,9,175337,0,0,1,2,0.0,0.0,1.0,0.0,0.0,255,90,0.35,0.02,0.0,0.0,0.0,0.0,0,50708.0
22,9,162,20622,0,1,12,0.0,0.0,1.0,0.0,0.14,167,255,1.0,0.0,0.02,0.0,0.0,0.0,0,51388.0
11,9,45,74,0,0,74,0.0,0.0,1.0,0.0,0.01,255,254,1.0,0.01,0.0,0.0,0.0,0.0,0,86328.0
45,5,0,0,0,0,81,1.0,1.0,0.06,0.06,0.0,255,18,0.07,0.05,0.0,1.0,1.0,0.0,1,28102.0
41,4,1,0,0,0,2,0.0,0.0,1.0,0.0,0.0,255,2,0.01,0.73,0.0,0.0,0.0,1.0,1,107427.0
22,9,54540,8314,0,1,2,0.0,0.0,1.0,0.0,0.67,255,255,1.0,0.0,0.0,0.01,0.01,0.05,1,7839.0
61,5,0,0,0,0,1,1.0,1.0,1.0,0.0,0.0,255,1,0.0,0.07,0.0,1.0,1.0,0.0,0,110809.0
57,5,0,0,0,0,299,1.0,1.0,0.07,0.06,0.0,255,20,0.08,0.07,0.0,1.0,1.0,0.0,1,70630.0
22,9,224,1423,0,1,8,0.0,0.0,1.0,0.0,0.08,255,255,1.0,0.0,0.0,0.0,0.0,0.0,0,68119.0
22,9,216,2100,0,1,4,0.0,0.0,1.0,0.0,0.21,4,252,1.0,0.0,0.05,0.0,0.0,0.0,0,10374.0
63,5,0,0,0,0,118,1.0,1.0,0.08,0.06,0.0,255,10,0.04,0.06,0.0,1.0,1.0,0.0,1,62957.0
45,5,0,0,0,0,222,1.0,1.0,0.02,0.06,0.0,255,10,0.04,0.07,0.0,1.0,1.0,0.0,1,97388.0
11,9,45,136,0,0,312,0.0,0.0,1.0,0.01,0.0,201,168,0.84,0.01,0.0,0.0,0.0,0.0,0,47135.0
21,5,0,0,0,0,249,1.0,1.0,0.04,0.06,0.0,255,10,0.04,0.07,0.0,1.0,1.0,0.0,1,46918.0
49,9,2588,405,0,1,1,0.0,0.0,1.0,0.0,1.0,212,145,0.56,0.01,0.01,0.0,0.0,0.0,0,101114.0
11,9,42,108,0,0,1,0.0,0.0,1.0,0.0,0.0,146,204,0.84,0.01,0.01,0.0,0.0,0.0,0,33402.0
45,5,0,0,0,0,149,1.0,1.0,0.07,0.05,0.0,255,4,0.02,0.08,0.0,1.0,1.0,0.0,1,115034.0
22,9,230,15121,0,1,5,0.0,0.0,1.0,0.0,0.06,26,255,1.0,0.0,0.07,0.0,0.0,0.0,0,7054.0
49,9,1643,522,0,1,1,0.0,0.0,1.0,0.0,0.0,144,113,0.3,0.03,0.02,0.01,0.0,0.0,0,95786.0
19,9,7196,0,0,1,8,0.0,0.0,1.0,0.0,0.0,255,69,0.27,0.02,0.0,0.69,0.67,0.0,0,96609.0
45,5,0,0,0,0,271,1.0,1.0,0.04,0.05,0.0,229,12,0.05,0.06,0.0,0.99,1.0,0.0,1,58625.0
57,5,0,0,0,0,206,1.0,1.0,0.03,0.06,0.0,255,10,0.04,0.07,0.0,1.0,1.0,0.0,1,16915.0
11,9,32,0,0,0,1,0.0,0.0,1.0,0.0,0.67,60,47,0.23,0.08,0.09,0.0,0.0,0.0,0,38344.0
22,9,270,691,0,1,2,0.0,0.0,1.0,0.0,0.0,114,255,1.0,0.0,0.04,0.0,0.0,0.0,0,61726.0
4,1,0,0,0,0,236,0.0,0.0,0.0,0.08,0.0,255,1,0.0,0.08,0.0,0.0,0.0,1.0,1,18997.0
45,1,0,0,0,0,132,0.0,0.0,0.11,0.06,0.0,255,12,0.05,0.07,0.0,0.0,0.0,1.0,1,21021.0
13,9,30,0,0,0,2,0.0,0.0,1.0,0.0,0.0,197,197,1.0,0.0,0.0,0.0,0.0,0.0,0,101371.0
41,9,516,4,0,0,425,0.0,0.0,1.0,0.0,0.0,255,255,1.0,0.0,0.0,0.0,0.0,0.0,0,123810.0
32,1,0,0,0,0,280,0.0,0.0,0.04,0.06,0.0,255,11,0.04,0.07,0.0,0.0,0.0,1.0,1,263.0
45,9,207,0,0,0,2,0.0,0.0,1.0,0.0,0.0,26,26,1.0,0.0,0.0,0.0,0.0,0.0,1,29937.0
19,5,0,0,0,0,202,1.0,1.0,0.07,0.06,0.0,255,14,0.05,0.07,0.0,1.0,1.0,0.0,1,8152.0
34,5,0,0,0,0,80,1.0,1.0,0.06,0.08,0.0,255,1,0.0,0.08,0.0,1.0,1.0,0.0,1,101447.0
22,9,160,278,0,1,1,0.0,0.0,1.0,0.0,1.0,4,33,1.0,0.0,0.09,0.0,0.0,0.0,0,81347.0
57,5,0,0,0,0,263,1.0,1.0,0.03,0.06,0.0,255,8,0.03,0.07,0.0,1.0,1.0,0.0,1,39066.0
45,5,0,0,0,0,26,1.0,1.0,0.15,0.19,0.0,255,13,0.05,0.09,0.0,1.0,1.0,0.0,1,2690.0
3,9,9,38,0,1,1,0.0,0.0,1.0,0.0,0.0,255,7,0.03,0.03,0.0,0.0,0.0,0.0,0,22279.0
11,9,45,92,0,0,133,0.0,0.0,1.0,0.0,0.0,255,255,1.0,0.0,0.0,0.0,0.0,0.0,0,74476.0
22,9,296,312,0,1,18,0.0,0.0,1.0,0.0,0.16,60,254,1.0,0.0,0.06,0.0,0.0,0.0,0,78096.0
11,9,46,132,0,0,238,0.0,0.0,1.0,0.01,0.01,241,201,0.83,0.01,0.0,0.0,0.0,0.0,0,75222.0
17,9,9,0,0,0,1,0.0,0.0,1.0,0.0,0.0,35,9,0.09,0.09,0.22,0.03,0.11,0.0,0,15377.0
14,9,520,0,0,0,156,0.0,0.0,1.0,0.0,0.0,255,255,1.0,0.0,0.0,0.0,0.0,0.0,1,118845.0
22,5,0,0,0,0,13,0.92,1.0,0.92,0.15,0.0,255,13,0.05,0.06,0.0,1.0,1.0,0.0,1,20998.0
22,9,236,309,0,1,13,0.0,0.0,1.0,0.0,0.12,255,255,1.0,0.0,0.0,0.01,0.01,0.0,0,5827.0
57,5,0,0,0,0,283,1.0,1.0,0.03,0.06,0.0,255,4,0.02,0.08,0.0,1.0,1.0,0.0,1,94854.0
17,5,0,0,0,0,146,1.0,1.0,0.16,0.05,0.0,255,11,0.04,0.05,0.0,1.0,1.0,0.0,1,41460.0
22,9,219,5839,0,1,18,0.0,0.0,1.0,0.0,0.08,80,255,1.0,0.0,0.01,0.0,0.0,0.0,0,42572.0
22,9,168,10004,0,1,2,0.0,0.0,1.0,0.0,0.0,10,255,1.0,0.0,0.05,0.0,0.0,0.0,0,118556.0
45,9,105,147,0,0,10,0.0,0.0,0.1,0.2,0.0,248,197,0.79,0.01,0.0,0.0,0.0,0.0,0,60843.0
17,9,7,312,0,0,1,0.0,0.0,1.0,0.0,0.0,207,9,0.03,0.02,0.22,0.0,0.0,0.0,0,39301.0
8,2,0,0,0,0,264,0.0,0.0,0.05,0.06,0.0,255,13,0.05,0.06,0.0,0.0,0.0,1.0,1,5865.0
22,1,0,0,0,0,1,0.0,0.0,1.0,0.0,0.0,3,165,1.0,0.0,0.24,0.0,0.0,1.0,0,82635.0
54,5,0,0,0,0,124,1.0,1.0,0.15,0.06,0.0,255,12,0.05,0.06,0.0,1.0,1.0,0.0,1,91223.0
41,9,6601,0,0,1,20,0.05,0.0,0.05,0.25,0.0,255,1,0.0,0.03,0.0,0.0,0.0,0.0,0,67346.0
55,9,7784,14630,0,1,1,0.0,0.0,1.0,0.0,0.0,255,44,0.17,0.02,0.0,0.24,0.36,0.0,0,32144.0
22,9,301,1380,0,1,5,0.0,0.0,1.0,0.0,0.0,255,247,0.97,0.01,0.0,0.0,0.0,0.0,0,1528.0
11,9,45,127,0,0,157,0.0,0.0,0.99,0.01,0.01,255,231,0.91,0.02,0.0,0.0,0.0,0.0,0,93606.0
45,4,1,0,0,0,2,0.0,0.0,1.0,0.0,0.0,255,2,0.01,0.74,0.0,0.0,0.0,1.0,1,21676.0
45,5,0,0,0,0,216,1.0,1.0,0.06,0.06,0.0,255,3,0.01,0.07,0.0,1.0,1.0,0.0,1,81365.0
19,9,11,0,0,0,2,0.0,0.0,1.0,0.0,0.0,188,50,0.27,0.03,0.0,0.02,0.0,0.0,0,16858.0
22,1,0,0,0,0,1,0.0,0.0,1.0,0.0,1.0,2,214,1.0,0.0,0.2,0.0,0.0,0.78,0,30835.0
11,9,111,33,0,0,1,0.0,0.0,1.0,0.0,0.0,165,156,0.95,0.01,0.0,0.0,0.0,0.0,0,123622.0
22,1,0,0,0,0,1,0.0,0.0,1.0,0.0,0.0,13,19,1.0,0.0,0.26,0.0,0.0,1.0,0,18037.0
22,9,338,1564,0,1,3,0.0,0.0,1.0,0.0,0.22,255,255,1.0,0.0,0.0,0.0,0.0,0.0,0,106456.0
45,5,0,0,0,0,123,1.0,1.0,0.03,0.06,0.0,255,4,0.02,0.08,0.0,1.0,1.0,0.0,1,8053.0
19,9,59,0,0,0,11,0.0,0.0,1.0,0.0,0.0,255,111,0.44,0.02,0.0,0.0,0.0,0.0,0,6519.0
19,5,0,0,0,0,14,1.0,1.0,1.0,0.0,0.0,255,60,0.24,0.02,0.0,1.0,1.0,0.0,1,40451.0
43,9,35,130,0,1,1,0.0,0.0,1.0,0.0,0.0,230,5,0.02,0.02,0.0,0.01,0.0,0.0,0,67005.0
22,9,311,447,0,1,1,0.0,0.0,1.0,0.0,0.75,1,2,1.0,0.0,1.0,0.0,0.0,0.0,0,48362.0
11,9,44,80,0,0,238,0.0,0.0,1.0,0.0,0.0,255,255,1.0,0.0,0.0,0.0,0.0,0.0,0,42408.0
5,5,0,0,0,0,101,1.0,1.0,0.01,0.06,0.0,255,1,0.0,0.06,0.0,1.0,1.0,0.0,1,60988.0
22,9,258,12037,0,1,10,0.0,0.0,1.0,0.0,0.0,255,255,1.0,0.0,0.0,0.0,0.0,0.0,0,1124.0
22,9,277,2701,0,1,2,0.0,0.0,1.0,0.0,0.5,9,255,1.0,0.0,0.05,0.0,0.0,0.0,0,86073.0
22,1,0,0,0,0,17,0.0,0.0,1.0,0.0,0.0,52,251,1.0,0.0,0.18,0.0,0.0,0.98,0,51809.0
50,1,0,0,0,0,165,0.0,0.0,0.04,0.07,0.0,255,7,0.03,0.07,0.0,0.0,0.0,1.0,1,20850.0
20,1,0,0,0,0,4,0.0,0.0,0.25,0.5,0.0,157,1,0.01,0.06,0.0,0.01,0.0,1.0,1,89235.0
45,1,0,0,0,0,10,0.0,0.0,0.1,1.0,0.0,128,1,0.01,0.19,0.0,0.0,0.0,1.0,1,69255.0
45,4,1,0,0,0,2,0.0,0.0,1.0,0.0,0.0,254,2,0.01,0.27,0.0,0.0,0.0,1.0,1,31240.0
7,5,0,0,0,0,105,1.0,1.0,0.03,0.08,0.0,45,3,0.07,0.13,0.0,1.0,1.0,0.0,1,3571.0
41,1,0,0,0,0,511,0.16,0.0,0.0,1.0,0.0,255,1,0.0,1.0,0.0,0.13,0.0,1.0,1,25957.0
41,9,1,0,0,0,98,0.0,0.0,0.02,0.06,0.0,255,2,0.01,0.06,0.0,0.0,0.0,0.0,1,82530.0
45,1,0,0,0,0,509,0.02,0.0,0.0,1.0,0.0,255,1,0.0,1.0,0.0,0.02,0.0,1.0,1,97673.0
45,9,105,147,0,0,1,0.0,0.0,1.0,0.0,0.0,186,184,0.99,0.01,0.0,0.0,0.0,0.0,0,96396.0
45,5,0,0,0,0,260,1.0,1.0,0.04,0.05,0.0,255,11,0.04,0.08,0.0,1.0,1.0,0.0,1,119360.0
22,9,223,4214,0,1,11,0.0,0.0,1.0,0.0,0.0,255,255,1.0,0.0,0.0,0.0,0.0,0.0,0,87902.0
11,9,45,143,0,0,40,0.0,0.0,1.0,0.0,0.02,255,254,1.0,0.01,0.0,0.0,0.0,0.0,0,42615.0
49,5,0,0,0,0,263,1.0,1.0,0.08,0.06,0.0,255,20,0.08,0.07,0.0,1.0,1.0,0.0,1,76824.0
32,5,0,0,0,0,271,1.0,1.0,0.09,0.04,0.0,255,24,0.09,0.05,0.0,1.0,1.0,0.0,1,92142.0
22,6,170,11680,0,1,4,0.25,0.25,1.0,0.0,0.0,43,255,1.0,0.0,0.02,0.07,0.01,0.0,0,4548.0
22,9,316,2965,0,1,6,0.0,0.0,1.0,0.0,0.0,255,255,1.0,0.0,0.0,0.0,0.0,0.0,0,4804.0
45,1,0,0,0,0,510,0.08,0.0,0.0,1.0,0.0,255,1,0.0,1.0,0.0,0.13,0.0,1.0,1,45631.0
45,5,0,0,0,0,284,1.0,1.0,0.05,0.06,0.0,255,4,0.02,0.07,0.0,1.0,1.0,0.0,1,18835.0
22,5,0,0,0,0,11,0.09,0.06,1.0,0.0,0.11,59,255,1.0,0.0,0.04,0.02,0.0,0.0,0,77649.0
31,2,0,0,0,0,140,0.0,0.0,0.08,0.06,0.0,255,11,0.04,0.06,0.0,0.0,0.0,1.0,1,57191.0
14,9,1032,0,0,0,511,0.0,0.0,1.0,0.0,0.0,255,167,0.65,0.01,0.0,0.0,0.0,0.0,1,100620.0
12,5,0,0,0,0,297,1.0,1.0,0.08,0.05,0.0,255,25,0.1,0.05,0.0,1.0,1.0,0.0,1,117217.0
45,5,0,0,0,0,220,1.0,1.0,0.05,0.08,0.0,255,12,0.05,0.09,0.0,1.0,1.0,0.0,1,90163.0
22,9,231,339,0,1,21,0.0,0.0,1.0,0.0,0.07,67,255,1.0,0.0,0.02,0.0,0.0,0.0,0,124924.0
35,5,0,0,0,0,220,1.0,1.0,0.02,0.06,0.0,255,4,0.02,0.09,0.0,1.0,1.0,0.0,1,31041.0
22,9,323,999,0,1,13,0.0,0.0,1.0,0.0,0.14,32,255,1.0,0.0,0.01,0.0,0.0,0.0,0,61931.0
19,9,37,0,0,1,2,0.0,0.0,1.0,0.0,0.0,255,63,0.25,0.02,0.0,0.87,0.95,0.0,0,2873.0
3,5,0,0,0,0,148,1.0,1.0,0.12,0.05,0.0,255,7,0.03,0.08,0.0,1.0,1.0,0.0,1,9509.0
22,1,0,0,0,0,1,0.0,0.0,1.0,0.0,1.0,4,255,1.0,0.0,0.02,0.0,0.01,0.04,0,111513.0
11,9,43,73,0,0,227,0.0,0.0,1.0,0.0,0.0,255,224,0.88,0.01,0.0,0.0,0.0,0.0,0,101689.0
22,9,326,1013,0,1,8,0.0,0.0,1.0,0.0,0.0,113,255,1.0,0.0,0.02,0.0,0.0,0.0,0,68462.0
53,5,0,0,0,0,267,1.0,1.0,0.07,0.04,0.0,255,18,0.07,0.05,0.0,1.0,1.0,0.0,1,85496.0
22,9,218,358,0,1,11,0.0,0.0,1.0,0.0,0.15,11,255,1.0,0.0,0.05,0.0,0.0,0.0,0,731.0
11,9,45,70,0,0,292,0.0,0.0,1.0,0.0,0.0,255,212,0.83,0.01,0.0,0.0,0.0,0.0,0,95476.0
61,5,0,0,0,0,45,1.0,1.0,0.2,0.11,0.0,255,9,0.04,0.08,0.0,1.0,1.0,0.0,1,9409.0
13,9,8,0,0,0,1,0.0,0.0,1.0,0.0,1.0,1,181,1.0,0.0,0.25,0.0,0.0,0.0,1,5948.0
22,1,0,0,0,0,1,0.0,0.0,1.0,0.0,0.0,48,128,1.0,0.0,0.04,0.0,0.0,1.0,0,50297.0
19,9,7280,0,0,1,5,0.0,0.0,1.0,0.0,0.0,12,53,0.92,0.17,0.04,0.0,0.0,0.0,0,68831.0
11,9,45,45,0,0,163,0.0,0.0,1.0,0.0,0.0,255,254,1.0,0.01,0.0,0.0,0.0,0.0,0,122222.0
19,5,0,0,0,0,12,1.0,1.0,0.25,0.33,0.0,255,66,0.26,0.02,0.0,1.0,1.0,0.0,1,35437.0
11,9,45,45,0,0,218,0.0,0.0,1.0,0.0,0.01,255,175,0.69,0.01,0.0,0.0,0.0,0.0,0,35569.0
11,9,43,43,0,0,167,0.0,0.0,0.99,0.01,0.0,255,254,1.0,0.01,0.0,0.0,0.0,0.0,0,64529.0
45,5,0,0,0,0,80,1.0,1.0,0.11,0.06,0.0,255,6,0.02,0.06,0.0,1.0,1.0,0.0,1,38484.0
13,9,8,0,0,0,1,0.0,0.0,1.0,0.0,1.0,1,19,1.0,0.0,0.58,0.0,0.0,0.0,1,95711.0
11,9,36,0,0,0,7,0.0,0.0,1.0,0.0,0.0,72,120,1.0,0.0,0.02,0.0,0.0,0.0,0,45511.0
22,9,152,10004,0,1,1,0.0,0.0,1.0,0.0,0.23,1,255,1.0,0.0,0.03,0.0,0.0,0.0,0,57981.0
45,5,0,0,0,0,101,1.0,1.0,0.08,0.06,0.0,255,15,0.06,0.06,0.0,1.0,1.0,0.0,1,67691.0
22,9,337,2055,0,1,28,0.0,0.0,1.0,0.0,0.07,255,255,1.0,0.0,0.0,0.0,0.0,0.0,0,30714.0
45,1,0,0,0,0,176,0.02,0.0,0.01,1.0,0.0,255,1,0.0,0.72,0.0,0.01,0.0,1.0,1,2712.0
45,5,0,0,0,0,271,1.0,1.0,0.02,0.06,0.0,255,9,0.04,0.08,0.0,1.0,1.0,0.0,1,114797.0
11,9,45,111,0,0,70,0.0,0.0,1.0,0.0,0.01,255,235,0.92,0.01,0.0,0.0,0.0,0.0,0,83810.0
22,9,295,616,0,1,12,0.08,0.08,1.0,0.0,0.0,72,255,1.0,0.0,0.02,0.0,0.0,0.0,0,74756.0
22,9,330,10233,0,1,6,0.17,0.17,1.0,0.0,0.0,134,255,1.0,0.0,0.01,0.01,0.0,0.0,0,44973.0
14,9,1032,0,0,0,511,0.0,0.0,1.0,0.0,0.0,186,92,0.49,0.04,0.0,0.01,0.0,0.0,1,82310.0
10,1,0,0,0,0,280,0.0,0.0,0.07,0.06,0.0,255,20,0.08,0.08,0.0,0.0,0.0,1.0,1,19635.0
45,1,0,0,0,0,151,0.0,0.0,0.06,0.07,0.0,255,9,0.04,0.08,0.0,0.0,0.0,1.0,1,90417.0
45,5,0,0,0,0,108,1.0,1.0,0.03,0.06,0.0,255,13,0.05,0.07,0.0,1.0,1.0,0.0,1,63250.0
63,5,0,0,0,0,276,1.0,1.0,0.09,0.05,0.0,255,24,0.09,0.05,0.0,1.0,1.0,0.0,1,40086.0
11,9,45,111,0,0,246,0.0,0.0,1.0,0.0,0.0,255,251,0.98,0.01,0.0,0.0,0.0,0.0,0,5682.0
22,9,324,1664,0,1,25,0.0,0.0,1.0,0.0,0.11,78,231,1.0,0.0,0.02,0.0,0.0,0.0,0,90796.0
22,9,333,16139,0,1,25,0.0,0.0,1.0,0.0,0.08,255,255,1.0,0.0,0.0,0.0,0.0,0.0,0,85034.0
11,9,44,136,0,0,41,0.0,0.0,1.0,0.0,0.02,255,225,0.88,0.01,0.0,0.0,0.0,0.0,0,38353.0
14,9,1032,0,0,0,317,0.0,0.0,1.0,0.0,0.0,220,75,0.34,0.01,0.0,0.0,0.0,0.0,1,34520.0
22,9,212,1769,0,1,40,0.0,0.0,1.0,0.0,0.05,255,255,1.0,0.0,0.0,0.0,0.0,0.02,0,67229.0
41,9,146,105,0,0,1,0.0,0.0,1.0,0.0,0.0,255,1,0.0,0.65,0.0,0.0,0.0,0.0,0,42054.0
22,9,224,7775,0,1,24,0.0,0.0,1.0,0.0,0.0,24,255,1.0,0.0,0.04,0.0,0.0,0.0,0,9714.0
10,5,0,0,0,0,205,1.0,1.0,0.02,0.06,0.0,255,16,0.06,0.07,0.0,1.0,1.0,0.0,1,84665.0
19,9,11376,0,0,1,10,0.0,0.0,1.0,0.0,0.0,228,123,0.54,0.02,0.0,0.0,0.0,0.0,0,50073.0
19,9,192,0,0,1,1,0.0,0.0,1.0,0.0,0.0,87,74,0.32,0.05,0.03,0.0,0.0,0.0,0,25221.0
22,9,242,2415,0,1,5,0.0,0.0,1.0,0.0,0.33,255,255,1.0,0.0,0.0,0.0,0.0,0.0,0,37581.0
45,1,0,0,0,0,73,0.0,0.0,0.16,0.07,0.0,255,2,0.01,0.06,0.0,0.0,0.0,1.0,1,52859.0
19,5,0,0,0,0,20,1.0,1.0,0.4,0.1,0.0,220,52,0.22,0.02,0.04,1.0,0.92,0.0,1,122390.0
19,1,0,0,0,0,1,0.0,0.0,1.0,0.0,0.0,1,77,1.0,0.0,0.04,0.0,0.0,0.03,0,41168.0
22,9,213,12596,0,1,3,0.0,0.0,1.0,0.0,0.0,64,255,1.0,0.0,0.05,0.0,0.0,0.0,0,70992.0
45,5,0,0,0,0,92,1.0,1.0,0.02,0.08,0.0,255,19,0.07,0.05,0.0,1.0,1.0,0.0,1,76151.0
11,9,36,101,0,0,4,0.0,0.0,1.0,0.0,0.0,255,253,0.99,0.01,0.0,0.0,0.0,0.0,0,96160.0
41,9,4753,0,0,1,13,0.08,0.0,0.08,0.23,0.0,126,1,0.01,0.06,0.0,0.03,0.0,0.0,0,97385.0
45,5,0,0,0,0,259,1.0,1.0,0.03,0.06,0.0,255,17,0.07,0.07,0.0,1.0,1.0,0.0,1,89844.0
22,9,287,392,0,1,32,0.0,0.0,1.0,0.0,0.12,202,219,1.0,0.0,0.01,0.0,0.0,0.0,0,120858.0
61,1,0,0,0,0,276,0.0,0.0,0.05,0.06,0.0,255,13,0.05,0.08,0.0,0.0,0.0,1.0,1,111214.0
51,5,0,0,0,0,75,1.0,1.0,0.23,0.05,0.0,255,8,0.03,0.07,0.0,1.0,1.0,0.0,1,74859.0
22,9,221,48336,0,1,2,0.0,0.0,1.0,0.0,0.0,4,255,1.0,0.0,0.02,0.0,0.0,0.0,0,73485.0
13,9,8,0,0,0,1,0.0,0.0,1.0,0.0,1.0,1,85,1.0,0.0,0.51,0.0,0.0,0.0,1,124200.0
22,1,0,0,0,0,284,0.0,0.0,0.06,0.06,0.0,255,18,0.07,0.07,0.0,0.0,0.0,1.0,1,98779.0
63,5,0,0,0,0,186,1.0,1.0,0.09,0.06,0.0,255,20,0.08,0.06,0.0,1.0,1.0,0.0,1,108989.0
45,5,0,0,0,0,120,1.0,1.0,0.03,0.07,0.0,255,4,0.02,0.05,0.0,1.0,1.0,0.0,1,17902.0
22,9,360,5550,0,1,8,0.0,0.0,1.0,0.0,0.0,196,255,1.0,0.0,0.01,0.01,0.0,0.0,0,70502.0
45,5,0,0,0,0,121,1.0,1.0,0.14,0.06,0.0,255,16,0.06,0.07,0.0,1.0,1.0,0.0,1,104117.0
49,9,2223,334,0,1,1,0.0,0.0,1.0,0.0,1.0,22,150,0.09,0.14,0.02,0.0,0.0,0.0,0,55053.0
19,9,1376,0,0,0,3,0.0,0.0,1.0,0.0,0.0,255,9,0.04,0.07,0.0,0.9,0.0,0.0,0,6000.0
49,9,871,336,0,1,1,0.0,0.0,1.0,0.0,0.0,222,240,0.95,0.01,0.01,0.0,0.0,0.0,0,104293.0
59,9,183,0,0,0,5,0.0,0.0,0.8,0.4,0.0,62,5,0.08,0.03,0.0,0.0,0.0,0.0,0,111857.0
26,5,0,0,0,0,230,1.0,1.0,0.04,0.07,0.0,255,10,0.04,0.09,0.0,1.0,1.0,0.0,1,84500.0
25,5,0,0,0,0,276,1.0,1.0,0.06,0.06,0.0,255,16,0.06,0.06,0.0,1.0,1.0,0.0,1,47011.0
45,9,105,0,0,0,2,0.0,0.0,1.0,0.0,0.0,255,105,0.41,0.01,0.0,0.0,0.0,0.0,0,21203.0
49,9,766,337,0,1,1,0.0,0.0,1.0,0.0,1.0,41,198,0.73,0.1,0.02,0.0,0.0,0.0,0,5640.0
18,5,0,0,0,0,247,1.0,1.0,0.07,0.06,0.0,255,18,0.07,0.08,0.0,1.0,1.0,0.0,1,59640.0
45,5,0,0,0,0,129,1.0,1.0,0.14,0.05,0.0,255,4,0.02,0.06,0.0,1.0,1.0,0.0,1,58118.0
0,4,1526,7561,0,1,1,0.0,0.0,1.0,0.0,0.0,1,1,1.0,0.0,0.0,0.0,0.0,1.0,0,65286.0
22,9,237,10892,0,1,2,0.0,0.0,1.0,0.0,0.0,35,255,1.0,0.0,0.06,0.0,0.0,0.0,0,26853.0
22,9,241,1952,0,1,22,0.0,0.0,1.0,0.0,0.11,180,255,1.0,0.0,0.02,0.0,0.0,0.0,0,75420.0
22,9,247,2955,0,1,3,0.33,0.33,1.0,0.0,0.0,130,255,1.0,0.0,0.05,0.01,0.0,0.59,0,22148.0
22,9,276,3801,0,1,13,0.0,0.0,1.0,0.0,0.1,74,255,1.0,0.0,0.09,0.0,0.0,0.6,0,31763.0
19,5,0,0,0,0,62,1.0,1.0,0.21,0.06,0.0,255,53,0.21,0.02,0.0,1.0,1.0,0.0,1,65330.0
45,1,0,0,0,0,438,0.0,0.0,0.0,0.52,0.0,255,1,0.0,0.51,0.0,0.0,0.0,1.0,1,60949.0
45,5,0,0,0,0,145,1.0,1.0,0.1,0.06,0.0,72,6,0.08,0.15,0.0,1.0,1.0,0.0,1,55294.0
45,5,0,0,0,0,293,1.0,1.0,0.06,0.06,0.0,255,17,0.07,0.06,0.0,1.0,1.0,0.0,1,27163.0
14,9,520,0,0,0,364,0.0,0.0,1.0,0.0,0.0,255,255,1.0,0.0,0.0,0.0,0.0,0.0,1,75184.0
11,9,46,128,0,0,305,0.0,0.0,1.0,0.01,0.0,194,161,0.83,0.01,0.0,0.0,0.0,0.0,0,55458.0
45,5,0,0,0,0,138,1.0,1.0,0.13,0.07,0.0,255,38,0.15,0.05,0.0,1.0,1.0,0.0,1,88406.0
45,1,0,0,0,0,120,0.0,0.0,0.03,0.06,0.0,255,3,0.01,0.05,0.0,0.0,0.0,1.0,1,24002.0
41,9,1,0,0,0,10,0.0,0.0,0.1,0.8,0.0,255,1,0.0,0.2,0.0,0.0,0.0,0.0,1,71005.0
22,9,296,2138,0,1,4,0.25,0.25,1.0,0.0,0.0,4,255,1.0,0.0,0.04,0.25,0.0,0.0,0,68869.0
23,1,0,0,0,0,121,0.0,0.0,0.07,0.07,0.0,255,8,0.03,0.08,0.0,0.0,0.0,1.0,1,54198.0
45,3,0,0,0,0,133,0.73,0.67,0.02,0.36,0.0,255,3,0.01,0.19,0.0,0.38,0.67,0.33,1,99189.0
5,10,0,0,0,0,1,1.0,1.0,1.0,0.0,0.0,142,1,0.01,0.93,0.0,0.94,1.0,0.0,1,113350.0
21,5,0,0,0,0,130,1.0,1.0,0.05,0.07,0.0,255,5,0.02,0.06,0.0,1.0,1.0,0.0,1,25077.0
22,9,257,8708,0,1,1,0.0,0.03,1.0,0.0,0.11,2,255,1.0,0.0,0.04,0.0,0.0,0.0,0,83236.0
45,10,0,0,0,0,1,1.0,1.0,1.0,0.0,0.0,131,1,0.01,0.92,0.0,0.94,1.0,0.0,1,86834.0
49,9,1328,329,0,1,2,0.0,0.0,0.5,1.0,1.0,255,15,0.06,0.59,0.0,0.0,0.0,0.0,0,104907.0
11,9,42,42,0,0,5,0.0,0.0,1.0,0.0,0.38,255,240,0.94,0.01,0.0,0.0,0.0,0.0,0,44320.0
41,9,7196,0,0,0,10,0.1,0.0,0.1,0.5,0.0,182,1,0.01,0.04,0.0,0.01,0.0,0.0,0,92309.0
45,1,0,0,0,0,248,0.0,0.0,0.05,0.06,0.0,255,13,0.05,0.08,0.0,0.0,0.0,1.0,1,70435.0
45,1,0,0,0,0,122,0.0,0.0,0.07,0.07,0.0,97,8,0.08,0.08,0.0,0.0,0.0,1.0,1,49156.0
55,9,138,3127,0,1,1,0.0,0.0,1.0,0.0,0.0,155,5,0.01,0.02,0.4,0.0,0.4,0.0,0,97713.0
27,5,0,0,0,0,111,1.0,1.0,0.13,0.07,0.0,255,3,0.01,0.08,0.0,1.0,1.0,0.0,1,27597.0
22,9,323,1215,0,1,13,0.0,0.0,1.0,0.0,0.14,255,255,1.0,0.0,0.0,0.0,0.0,0.0,0,41050.0
45,5,0,0,0,0,207,1.0,1.0,0.0,0.06,0.0,255,1,0.0,0.09,0.0,1.0,1.0,0.0,1,59085.0
45,5,0,0,0,0,208,1.0,1.0,0.02,0.06,0.0,255,10,0.04,0.08,0.0,1.0,1.0,0.0,1,123226.0
45,9,207,0,0,0,2,0.0,0.0,1.0,0.0,0.0,46,38,0.83,0.04,0.0,0.0,0.0,0.0,1,37661.0
38,5,0,0,0,0,117,1.0,1.0,0.08,0.06,0.0,255,9,0.04,0.07,0.0,1.0,1.0,0.0,1,70553.0
45,1,0,0,0,0,50,0.14,0.0,0.02,1.0,0.0,255,1,0.0,0.48,0.0,0.03,0.0,1.0,1,64165.0
19,9,1199,0,0,1,15,0.0,0.0,1.0,0.0,0.0,136,64,0.18,0.02,0.03,0.0,0.0,0.0,0,41407.0
22,9,151,8719,0,1,2,0.0,0.0,1.0,0.0,0.0,196,255,1.0,0.0,0.02,0.0,0.0,0.0,0,69126.0
22,1,0,0,0,0,1,0.0,0.0,1.0,0.0,0.0,6,1,0.17,0.33,0.0,0.0,0.0,1.0,0,123307.0
49,9,911,434,0,1,1,0.0,0.0,1.0,0.0,1.0,252,126,0.49,0.01,0.02,0.79,0.79,0.0,0,57808.0
5,1,0,0,0,0,126,0.0,0.0,0.1,0.06,0.0,255,13,0.05,0.07,0.0,0.0,0.0,1.0,1,43980.0
45,1,0,0,0,0,511,0.08,0.0,0.0,1.0,0.0,255,1,0.0,1.0,0.0,0.11,0.0,1.0,1,96045.0
45,5,0,0,0,0,141,1.0,1.0,0.18,0.05,0.0,255,15,0.06,0.05,0.0,1.0,1.0,0.0,1,47782.0
11,9,33,0,0,0,2,0.0,0.0,1.0,0.0,0.0,123,18,0.15,0.05,0.0,0.01,0.0,0.0,0,106426.0
22,9,311,598,0,1,1,0.0,0.0,1.0,0.0,1.0,39,255,1.0,0.0,0.04,0.0,0.0,0.0,0,38724.0
45,1,0,0,0,0,129,0.0,0.0,0.13,0.07,0.0,255,17,0.07,0.06,0.0,0.0,0.0,1.0,1,65836.0
23,5,0,0,0,0,270,1.0,1.0,0.07,0.05,0.0,255,20,0.08,0.07,0.0,1.0,1.0,0.0,1,104205.0
41,9,147,105,0,0,1,0.0,0.0,1.0,0.0,0.0,255,2,0.01,0.79,0.0,0.0,0.0,0.0,0,90828.0
45,5,0,0,0,0,255,1.0,1.0,0.02,0.05,0.0,115,5,0.04,0.09,0.0,0.98,1.0,0.0,1,100073.0
22,9,211,923,0,1,7,0.0,0.0,1.0,0.0,0.07,25,255,1.0,0.0,0.02,0.0,0.0,0.0,0,35947.0
45,5,0,0,0,0,85,1.0,1.0,0.22,0.06,0.0,255,6,0.02,0.07,0.0,1.0,1.0,0.0,1,6150.0
22,9,298,888,0,1,7,0.0,0.0,1.0,0.0,0.0,255,255,1.0,0.0,0.0,0.0,0.0,0.0,0,97522.0
49,9,1163,340,0,1,1,0.0,0.0,1.0,0.0,0.0,19,208,0.84,0.16,0.01,0.0,0.0,0.0,0,25541.0
49,9,2053,325,0,1,1,0.0,0.0,1.0,0.0,0.0,75,53,0.71,0.05,0.0,0.0,0.0,0.0,0,64887.0
18,9,1488,4152,0,1,2,0.0,0.0,1.0,0.0,0.0,255,41,0.16,0.02,0.0,0.0,0.0,0.0,0,123738.0
22,9,311,2022,0,1,7,0.0,0.0,1.0,0.0,0.0,10,255,1.0,0.0,0.04,0.0,0.0,0.0,0,92914.0
36,1,0,0,0,0,158,0.0,0.0,0.1,0.07,0.0,255,16,0.06,0.07,0.0,0.0,0.0,1.0,1,32487.0
62,5,0,0,0,0,269,1.0,1.0,0.07,0.07,0.0,255,20,0.08,0.07,0.0,1.0,1.0,0.0,1,112031.0
45,5,0,0,0,0,144,1.0,1.0,0.02,0.07,0.0,255,3,0.01,0.07,0.0,1.0,1.0,0.0,1,123671.0
41,9,147,105,0,0,1,0.0,0.0,1.0,0.0,0.0,122,2,0.02,0.58,0.0,0.0,0.0,0.0,0,6788.0
22,9,217,1145,0,1,4,0.0,0.0,1.0,0.0,0.0,72,255,1.0,0.0,0.03,0.0,0.0,0.0,0,50440.0
22,9,490,4997,0,1,14,0.0,0.0,1.0,0.0,0.0,255,255,1.0,0.0,0.0,0.0,0.0,0.0,0,114912.0
22,9,319,725,0,1,4,0.25,0.25,1.0,0.0,0.0,4,255,1.0,0.0,0.05,0.25,0.01,0.0,0,83402.0
61,5,0,0,0,0,249,1.0,1.0,0.08,0.07,0.0,255,20,0.08,0.08,0.0,1.0,1.0,0.0,1,48798.0
22,9,54540,8314,0,1,3,0.0,0.0,1.0,0.0,0.0,24,24,1.0,0.0,0.0,0.0,0.0,0.04,1,8282.0
2,5,0,0,0,0,244,1.0,1.0,0.02,0.07,0.0,255,4,0.02,0.07,0.0,1.0,1.0,0.0,1,93658.0
20,5,0,0,0,0,284,1.0,1.0,0.07,0.06,0.0,255,20,0.08,0.08,0.0,1.0,1.0,0.0,1,125571.0
49,9,13372,323,0,1,1,0.0,0.0,1.0,0.0,1.0,157,145,0.92,0.01,0.0,0.0,0.0,0.0,0,88422.0
45,9,105,0,0,0,2,0.0,0.0,1.0,0.0,0.0,187,171,0.91,0.02,0.0,0.0,0.0,0.0,0,22818.0
22,9,336,1135,0,1,7,0.0,0.0,1.0,0.0,0.0,178,255,1.0,0.0,0.02,0.0,0.0,0.0,0,113651.0
3,9,9,35,0,1,1,0.0,0.0,1.0,0.0,0.0,83,3,0.01,0.05,0.67,0.0,0.0,0.0,0,50408.0
41,1,0,0,0,0,511,0.23,0.0,0.0,1.0,0.0,255,1,0.0,1.0,0.0,0.22,0.0,1.0,1,120401.0
39,5,0,0,0,0,181,1.0,1.0,0.12,0.06,0.0,255,21,0.08,0.05,0.0,1.0,1.0,0.0,1,41921.0
22,9,216,6329,0,1,32,0.0,0.0,1.0,0.0,0.0,255,255,1.0,0.0,0.0,0.0,0.0,0.0,0,14107.0
45,5,0,0,0,0,216,1.0,1.0,0.06,0.06,0.0,255,10,0.04,0.07,0.0,1.0,1.0,0.0,1,19838.0
41,9,147,105,0,0,1,0.0,0.0,1.0,0.0,0.0,255,2,0.01,0.56,0.0,0.0,0.0,0.0,0,4966.0
11,9,46,112,0,0,188,0.0,0.0,0.99,0.01,0.01,190,151,0.79,0.02,0.0,0.0,0.0,0.0,0,78061.0
45,9,1,0,0,0,113,0.0,0.0,0.91,0.02,0.0,255,180,0.71,0.04,0.0,0.0,0.0,0.0,1,22055.0
19,9,373,0,0,1,7,0.0,0.0,1.0,0.0,0.0,255,13,0.05,0.02,0.0,0.0,0.0,0.0,0,43302.0
22,9,185,11380,0,1,2,0.0,0.0,0.5,1.0,0.0,255,249,0.98,0.01,0.0,0.0,0.0,0.0,0,24409.0
41,9,146,105,0,0,2,0.0,0.0,1.0,0.0,0.0,255,2,0.01,0.65,0.0,0.0,0.0,0.0,0,60125.0
3,5,0,0,0,0,257,1.0,1.0,0.02,0.07,0.0,255,6,0.02,0.07,0.0,1.0,1.0,0.0,1,40395.0
13,9,8,0,0,0,1,0.0,0.0,1.0,0.0,1.0,3,95,1.0,0.0,0.25,0.0,0.0,0.0,1,7628.0
45,9,105,0,0,0,2,0.0,0.0,1.0,0.0,0.0,255,235,0.92,0.01,0.0,0.0,0.0,0.0,0,38210.0
18,9,58,189,0,0,1,0.0,0.0,1.0,0.0,0.0,124,28,0.23,0.03,0.0,0.03,0.07,0.0,0,37782.0
49,9,700,325,0,1,1,0.0,0.0,1.0,0.0,1.0,110,129,0.58,0.04,0.02,0.0,0.0,0.0,0,6854.0
22,9,247,807,0,1,14,0.0,0.0,1.0,0.0,0.0,255,255,1.0,0.0,0.0,0.0,0.0,0.0,0,6337.0
45,1,0,0,0,0,271,0.0,0.0,0.05,0.06,0.0,255,13,0.05,0.08,0.0,0.0,0.0,1.0,1,28572.0
55,5,0,0,0,0,19,1.0,1.0,0.21,0.26,0.0,255,14,0.05,0.08,0.0,1.0,1.0,0.0,1,22578.0
45,1,0,0,0,0,129,0.06,0.0,0.01,1.0,0.0,255,1,0.0,0.71,0.0,0.03,0.0,1.0,1,54165.0
49,9,894,327,0,1,1,0.0,0.0,1.0,0.0,0.0,70,101,0.39,0.04,0.02,0.01,0.02,0.0,0,117221.0
19,5,0,0,0,0,42,1.0,1.0,0.24,0.1,0.0,255,56,0.22,0.04,0.0,1.0,1.0,0.0,1,72999.0
45,1,0,0,0,0,59,0.0,0.0,0.14,0.07,0.0,255,8,0.03,0.07,0.0,0.0,0.0,1.0,1,9253.0
21,5,0,0,0,0,283,1.0,1.0,0.07,0.05,0.0,255,19,0.07,0.07,0.0,1.0,1.0,0.0,1,75753.0
19,9,40494,0,0,1,13,0.0,0.0,1.0,0.0,0.0,255,67,0.26,0.02,0.0,0.0,0.0,0.0,0,38857.0
63,5,0,0,0,0,218,1.0,1.0,0.08,0.06,0.0,255,3,0.01,0.08,0.0,1.0,1.0,0.0,1,23965.0
41,1,0,0,0,0,332,0.06,0.0,0.0,1.0,0.0,255,1,0.0,1.0,0.0,0.08,0.0,1.0,1,108260.0
11,9,46,46,0,0,5,0.0,0.0,0.2,0.4,0.25,116,111,0.96,0.02,0.0,0.0,0.0,0.0,0,2891.0
45,5,0,0,0,0,181,1.0,1.0,0.05,0.07,0.0,255,20,0.08,0.06,0.0,1.0,1.0,0.0,1,88525.0
15,5,0,0,0,0,119,1.0,1.0,0.03,0.06,0.0,255,4,0.02,0.06,0.0,1.0,1.0,0.0,1,85002.0
52,5,0,0,0,0,139,1.0,1.0,0.07,0.06,0.0,255,4,0.02,0.06,0.0,1.0,1.0,0.0,1,60290.0
45,9,28,0,3,0,119,0.84,0.0,0.16,0.06,0.0,255,19,0.07,0.93,0.0,0.09,0.0,0.0,1,93939.0
49,9,2828,325,0,1,1,0.0,0.0,1.0,0.0,0.0,255,194,0.76,0.02,0.0,0.0,0.0,0.0,0,29616.0
22,9,238,343,0,1,15,0.0,0.0,1.0,0.0,0.04,255,255,1.0,0.0,0.0,0.0,0.0,0.0,0,104162.0
45,5,0,0,0,0,175,1.0,1.0,0.03,0.07,0.0,255,16,0.06,0.06,0.0,1.0,1.0,0.0,1,86486.0
22,9,306,3222,0,1,2,0.0,0.0,1.0,0.0,0.0,255,242,0.95,0.01,0.0,0.0,0.0,0.02,0,44506.0
45,9,105,145,0,0,2,0.0,0.0,1.0,0.0,0.0,255,240,0.94,0.01,0.0,0.0,0.0,0.0,0,87792.0
62,5,0,0,0,0,290,1.0,1.0,0.07,0.05,0.0,255,21,0.08,0.05,0.0,1.0,1.0,0.0,1,70816.0
55,2,0,0,0,0,208,0.0,0.0,0.0,0.07,0.0,255,1,0.0,0.07,0.0,0.0,0.0,1.0,1,49194.0
45,5,0,0,0,0,257,1.0,1.0,0.08,0.06,0.0,255,1,0.0,0.09,0.0,1.0,1.0,0.0,1,31607.0
13,9,8,0,0,0,1,0.0,0.0,1.0,0.0,0.0,1,47,1.0,0.0,0.51,0.0,0.0,0.0,1,67848.0
22,9,194,316,0,1,4,0.0,0.0,1.0,0.0,0.4,255,255,1.0,0.0,0.0,0.0,0.0,0.0,0,81127.0
5,5,0,0,0,0,133,1.0,1.0,0.05,0.06,0.0,255,6,0.02,0.06,0.0,1.0,1.0,0.0,1,66555.0
60,5,0,0,0,0,60,1.0,1.0,0.15,0.07,0.0,255,9,0.04,0.04,0.0,1.0,1.0,0.0,1,109822.0
22,9,204,6356,0,1,21,0.0,0.0,1.0,0.0,0.0,255,255,1.0,0.0,0.0,0.0,0.0,0.0,0,51700.0
22,9,294,5495,0,1,9,0.0,0.0,1.0,0.0,0.0,26,255,1.0,0.0,0.04,0.0,0.0,0.0,0,25841.0
22,1,0,0,0,0,1,0.0,0.0,1.0,0.0,0.0,9,144,1.0,0.0,0.2,0.0,0.0,1.0,0,90786.0
24,1,0,0,0,0,510,0.13,0.0,0.0,1.0,0.0,255,1,0.0,1.0,0.0,0.19,0.0,1.0,1,68909.0
22,9,232,3222,0,1,3,0.0,0.0,1.0,0.0,0.0,255,234,0.92,0.02,0.0,0.0,0.0,0.0,0,13404.0
17,5,0,0,0,0,44,1.0,1.0,0.23,0.09,0.0,255,55,0.22,0.04,0.0,1.0,1.0,0.0,1,81343.0
41,2,0,0,0,0,103,0.0,0.0,0.04,0.06,0.0,255,4,0.02,0.07,0.0,0.0,0.0,1.0,1,20642.0
45,5,0,0,0,0,131,1.0,1.0,0.02,0.06,0.0,255,11,0.04,0.07,0.0,1.0,1.0,0.0,1,117405.0
45,5,0,0,0,0,115,1.0,1.0,0.15,0.05,0.0,255,20,0.08,0.07,0.0,1.0,1.0,0.0,1,78654.0
22,1,0,0,0,0,2,0.0,0.0,1.0,0.0,0.67,12,255,1.0,0.0,0.22,0.0,0.0,1.0,0,24609.0
22,9,290,10550,0,1,1,0.0,0.0,1.0,0.0,0.4,1,255,1.0,0.0,0.06,0.0,0.0,0.0,0,107702.0
61,1,0,0,0,0,131,0.0,0.0,0.05,0.08,0.0,255,6,0.02,0.07,0.0,0.0,0.0,1.0,1,41481.0
9,5,0,0,0,0,232,1.0,1.0,0.02,0.06,0.0,255,4,0.02,0.09,0.0,1.0,1.0,0.0,1,80143.0
45,9,1,0,0,0,7,0.0,0.0,1.0,0.0,0.0,255,7,0.03,0.53,0.0,0.04,0.0,0.0,1,25751.0
22,9,324,324,0,1,1,0.0,0.0,1.0,0.0,0.0,1,255,1.0,0.0,0.03,0.0,0.0,0.0,0,34814.0
45,5,0,0,0,0,114,1.0,1.0,0.12,0.06,0.0,255,34,0.13,0.05,0.0,1.0,1.0,0.0,1,99777.0
45,5,0,0,0,0,225,1.0,1.0,0.05,0.06,0.0,255,14,0.05,0.08,0.0,1.0,1.0,0.0,1,88474.0
25,5,0,0,0,0,288,1.0,1.0,0.08,0.05,0.0,255,23,0.09,0.05,0.0,1.0,1.0,0.0,1,115787.0
45,5,0,0,0,0,181,1.0,1.0,0.02,0.06,0.0,255,16,0.06,0.06,0.0,1.0,1.0,0.0,1,86078.0
41,9,146,105,0,0,1,0.0,0.0,1.0,0.0,0.0,255,2,0.01,0.68,0.0,0.0,0.0,0.0,0,95498.0
22,9,269,255,0,1,16,0.0,0.0,1.0,0.0,0.0,255,255,1.0,0.0,0.0,0.0,0.0,0.0,0,31298.0
45,5,0,0,0,0,132,1.0,1.0,0.01,0.06,0.0,86,19,0.22,0.13,0.0,1.0,1.0,0.0,1,29767.0
45,1,0,0,0,0,214,0.0,0.0,0.01,0.07,0.0,255,2,0.01,0.08,0.0,0.0,0.0,1.0,1,115982.0
41,9,146,105,0,0,4,0.0,0.0,0.5,0.5,0.0,255,2,0.01,0.87,0.0,0.0,0.0,0.0,0,12335.0
11,9,30,30,0,0,1,0.0,0.0,1.0,0.0,1.0,48,243,1.0,0.0,0.01,0.0,0.0,0.0,0,100851.0
45,5,0,0,0,0,131,1.0,1.0,0.01,0.06,0.0,255,15,0.06,0.07,0.0,1.0,1.0,0.0,1,120557.0
22,5,0,0,0,0,3,0.33,0.08,1.0,0.0,0.15,8,11,1.0,0.0,0.18,0.12,0.09,0.0,0,121850.0
49,9,1112,331,0,1,1,0.0,0.0,1.0,0.0,1.0,90,57,0.48,0.07,0.04,0.0,0.0,0.0,0,121294.0
4,1,0,0,0,0,261,0.0,0.0,0.04,0.07,0.0,255,11,0.04,0.07,0.0,0.0,0.0,1.0,1,115515.0
45,5,0,0,0,0,254,1.0,1.0,0.08,0.06,0.0,255,8,0.03,0.06,0.0,1.0,1.0,0.0,1,88868.0
2,1,0,0,0,0,241,0.0,0.0,0.0,0.07,0.0,255,1,0.0,0.07,0.0,0.0,0.0,1.0,1,8348.0
22,1,0,0,0,0,1,0.0,0.0,1.0,0.0,0.0,1,155,1.0,0.0,0.06,0.0,0.0,0.73,0,19752.0
11,9,45,80,0,0,199,0.0,0.0,1.0,0.0,0.01,255,166,0.65,0.01,0.0,0.0,0.0,0.0,0,45309.0
45,4,1,0,0,0,2,0.0,0.0,1.0,0.0,0.0,255,2,0.01,0.73,0.0,0.0,0.0,1.0,1,108498.0
13,9,8,0,0,0,1,0.0,0.0,1.0,0.0,1.0,2,118,1.0,0.0,0.25,0.0,0.0,0.0,1,62667.0
22,9,151,632,0,1,12,0.0,0.0,1.0,0.0,0.0,12,255,1.0,0.0,0.06,0.0,0.0,0.0,0,71034.0
34,5,0,0,0,0,253,1.0,1.0,0.0,0.07,0.0,255,1,0.0,0.08,0.0,1.0,1.0,0.0,1,120452.0
22,9,283,13700,0,1,6,0.0,0.0,1.0,0.0,0.0,49,255,1.0,0.0,0.07,0.0,0.0,0.0,0,89137.0
41,9,147,105,0,0,3,0.0,0.0,0.67,0.67,0.0,255,2,0.01,0.84,0.0,0.0,0.0,0.0,0,123667.0
60,5,0,0,0,0,124,1.0,1.0,0.1,0.06,0.0,255,13,0.05,0.06,0.0,1.0,1.0,0.0,1,2769.0
11,9,46,76,0,0,139,0.0,0.0,1.0,0.0,0.01,255,228,0.89,0.01,0.0,0.0,0.0,0.0,0,4150.0
28,1,0,0,0,0,131,0.0,0.0,0.15,0.06,0.0,255,19,0.07,0.07,0.0,0.0,0.0,1.0,1,54304.0
45,5,0,0,0,0,173,1.0,1.0,0.09,0.06,0.0,255,11,0.04,0.07,0.0,1.0,1.0,0.0,1,69101.0
5,5,0,0,0,0,142,1.0,1.0,0.13,0.06,0.0,255,18,0.07,0.06,0.0,1.0,1.0,0.0,1,40369.0
49,9,808,330,0,1,1,0.0,0.0,1.0,0.0,0.0,33,24,0.73,0.09,0.0,0.0,0.0,0.0,0,91039.0
45,5,0,0,0,0,103,1.0,1.0,0.03,0.07,0.0,255,3,0.01,0.09,0.0,1.0,1.0,0.0,1,4166.0
13,9,8,0,0,0,1,0.0,0.0,1.0,0.0,1.0,1,57,1.0,0.0,0.51,0.0,0.0,0.0,1,71648.0
22,9,246,1026,0,1,26,0.0,0.0,1.0,0.0,0.06,255,255,1.0,0.0,0.0,0.0,0.0,0.0,0,71267.0
41,9,146,105,0,0,1,0.0,0.0,1.0,0.0,0.0,255,2,0.01,0.53,0.0,0.0,0.0,0.0,0,56563.0
41,1,0,0,0,0,511,0.14,0.0,0.0,1.0,0.0,255,1,0.0,1.0,0.0,0.22,0.0,1.0,1,70030.0
22,9,209,957,0,1,3,0.0,0.0,1.0,0.0,0.5,42,255,1.0,0.0,0.03,0.0,0.0,0.0,0,5442.0
22,9,334,13892,0,1,3,0.0,0.0,1.0,0.0,0.14,55,255,1.0,0.0,0.06,0.0,0.0,0.0,0,53364.0
45,5,0,0,0,0,86,1.0,1.0,0.17,0.06,0.0,255,2,0.01,0.07,0.0,1.0,1.0,0.0,1,104654.0
45,5,0,0,0,0,234,1.0,1.0,0.06,0.06,0.0,255,7,0.03,0.09,0.0,1.0,1.0,0.0,1,37841.0
22,5,0,0,0,0,192,1.0,1.0,0.01,0.07,0.0,255,2,0.01,0.08,0.0,1.0,1.0,0.0,1,4539.0
20,5,0,0,0,0,167,1.0,1.0,0.08,0.07,0.0,255,14,0.05,0.06,0.0,1.0,1.0,0.0,1,11948.0
17,5,0,0,0,0,32,1.0,1.0,0.28,0.12,0.0,255,29,0.11,0.07,0.0,1.0,1.0,0.0,1,30249.0
61,5,0,0,0,0,230,1.0,1.0,0.05,0.07,0.0,255,12,0.05,0.08,0.0,1.0,1.0,0.0,1,105405.0
41,1,0,0,0,0,511,0.09,0.0,0.0,1.0,0.0,255,1,0.0,1.0,0.0,0.16,0.0,1.0,1,31927.0
19,9,12286,0,0,1,3,0.0,0.0,1.0,0.0,0.0,14,95,0.93,0.14,0.03,0.0,0.0,0.0,0,9285.0
22,9,209,616,0,1,2,0.0,0.0,1.0,0.0,0.0,255,255,1.0,0.0,0.0,0.0,0.0,0.0,0,59416.0
45,5,0,0,0,0,237,1.0,1.0,0.07,0.06,0.0,255,17,0.07,0.08,0.0,1.0,1.0,0.0,1,57918.0
7,5,0,0,0,0,232,1.0,1.0,0.01,0.06,0.0,255,1,0.0,0.07,0.0,1.0,1.0,0.0,1,38862.0
34,1,0,0,0,0,206,0.0,0.0,0.03,0.08,0.0,255,6,0.02,0.09,0.0,0.0,0.0,1.0,1,82935.0
19,1,0,0,0,0,465,0.07,0.0,0.02,0.98,0.0,255,10,0.04,0.96,0.0,0.08,0.0,1.0,1,28729.0
13,9,8,0,0,0,1,0.0,0.0,1.0,0.0,1.0,2,18,1.0,0.0,0.5,0.0,0.0,0.0,1,33254.0
49,9,11944,1398,0,1,1,0.0,0.0,1.0,0.0,1.0,30,148,0.83,0.1,0.01,0.0,0.0,0.0,0,119620.0
19,9,334,0,0,1,1,0.0,0.0,1.0,0.0,0.0,6,38,1.0,0.0,0.13,0.0,0.0,0.0,1,98975.0
45,9,105,147,0,0,1,0.0,0.0,1.0,0.0,0.0,239,237,0.99,0.01,0.0,0.0,0.0,0.0,0,32687.0
19,9,1342,0,0,1,5,0.0,0.0,1.0,0.0,0.0,111,67,0.18,0.05,0.03,0.0,0.0,0.0,0,104611.0
41,1,0,0,0,0,496,0.08,0.0,0.0,0.95,0.0,255,1,0.0,0.91,0.0,0.08,0.0,1.0,1,38298.0
4,5,0,0,0,0,203,1.0,1.0,0.01,0.07,0.0,255,3,0.01,0.08,0.0,1.0,1.0,0.0,1,36727.0
11,9,43,129,0,0,129,0.0,0.0,1.0,0.0,0.02,249,184,0.74,0.02,0.0,0.0,0.0,0.0,0,110479.0
13,9,8,0,0,0,1,0.0,0.0,1.0,0.0,1.0,3,235,1.0,0.0,0.25,0.0,0.0,0.0,1,30851.0
13,9,8,0,0,0,1,0.0,0.0,1.0,0.0,1.0,1,59,1.0,0.0,0.53,0.0,0.0,0.0,1,77327.0
45,5,0,0,0,0,65,1.0,1.0,0.05,0.08,0.0,255,17,0.07,0.07,0.0,1.0,1.0,0.0,1,80109.0
59,9,78,0,0,0,8,0.0,0.0,0.12,0.25,0.0,255,28,0.11,0.01,0.0,0.0,0.0,0.0,0,50615.0
25,1,0,0,0,0,285,0.0,0.0,0.05,0.06,0.0,255,13,0.05,0.07,0.0,0.0,0.0,1.0,1,96678.0
58,9,83,0,0,0,1,0.0,0.0,1.0,0.0,0.0,255,1,0.0,0.48,0.0,0.0,0.0,0.0,0,111529.0
38,5,0,0,0,0,109,1.0,1.0,0.14,0.06,0.0,217,15,0.07,0.06,0.0,1.0,1.0,0.0,1,40610.0
2,1,0,0,0,0,205,0.0,0.0,0.02,0.07,0.0,255,4,0.02,0.07,0.0,0.0,0.0,1.0,1,75497.0
22,9,283,456,0,1,20,0.0,0.0,1.0,0.0,0.1,20,255,1.0,0.0,0.04,0.0,0.0,0.0,0,26485.0
40,9,48,48,0,0,1,0.0,0.0,1.0,0.0,0.0,49,11,0.22,0.06,0.0,0.0,0.0,0.0,0,46478.0
45,5,0,0,0,0,109,1.0,1.0,0.1,0.05,0.0,255,11,0.04,0.04,0.0,1.0,1.0,0.0,1,62423.0
22,1,0,0,0,0,1,0.0,0.0,1.0,0.0,1.0,111,215,1.0,0.0,0.03,0.0,0.0,1.0,0,6822.0
22,9,324,468,0,1,10,0.0,0.0,1.0,0.0,0.0,40,255,1.0,0.0,0.07,0.0,0.0,0.0,0,55077.0
13,9,8,0,0,0,1,0.0,0.0,1.0,0.0,1.0,1,45,1.0,0.0,0.51,0.0,0.0,0.0,1,103595.0
22,9,299,10627,0,1,4,0.0,0.0,1.0,0.0,0.0,255,255,1.0,0.0,0.0,0.0,0.0,0.0,0,78498.0
45,1,0,0,0,0,9,0.0,0.0,1.0,0.0,0.0,255,27,0.11,0.06,0.0,0.0,0.0,1.0,1,17323.0
22,9,181,2365,0,1,6,0.0,0.0,1.0,0.0,0.0,255,255,1.0,0.0,0.0,0.0,0.0,0.0,0,101702.0
49,9,1299,333,0,1,1,0.0,0.0,1.0,0.0,1.0,87,141,0.57,0.05,0.02,0.0,0.0,0.0,0,24971.0
19,1,0,0,0,0,137,0.0,0.0,0.12,0.07,0.0,255,1,0.0,0.07,0.0,0.0,0.0,1.0,1,27659.0
22,9,309,303,0,1,1,0.0,0.0,1.0,0.0,0.0,9,255,1.0,0.0,0.03,0.0,0.0,0.0,0,69510.0
22,9,199,749,0,1,4,0.25,0.25,1.0,0.0,0.0,227,255,1.0,0.0,0.01,0.0,0.0,0.0,0,11501.0
45,5,0,0,0,0,190,1.0,1.0,0.1,0.07,0.0,255,19,0.07,0.07,0.0,1.0,1.0,0.0,1,22553.0
22,9,253,1001,0,1,2,0.5,0.5,1.0,0.0,0.0,255,255,1.0,0.0,0.0,0.01,0.01,0.0,0,24593.0
55,9,2336,4194,0,1,1,0.0,0.0,1.0,0.0,0.0,9,9,1.0,0.0,0.0,0.0,0.0,0.11,1,61466.0
45,5,0,0,0,0,68,1.0,1.0,0.13,0.07,0.0,218,9,0.04,0.06,0.0,1.0,1.0,0.0,1,79541.0
38,5,0,0,0,0,102,1.0,1.0,0.09,0.06,0.0,255,16,0.06,0.05,0.0,1.0,1.0,0.0,1,119404.0
27,1,0,0,0,0,150,0.0,0.0,0.08,0.05,0.0,255,12,0.05,0.06,0.0,0.0,0.0,1.0,1,99428.0
39,5,0,0,0,0,299,1.0,1.0,0.08,0.05,0.0,255,24,0.09,0.05,0.0,1.0,1.0,0.0,1,33151.0
11,9,44,44,0,0,179,0.0,0.0,1.0,0.0,0.0,255,255,1.0,0.0,0.0,0.0,0.0,0.0,0,30164.0
7,5,0,0,0,0,245,1.0,1.0,0.07,0.06,0.0,255,3,0.01,0.07,0.0,1.0,1.0,0.0,1,13085.0
22,9,236,1556,0,1,5,0.2,0.2,1.0,0.0,0.0,5,15,1.0,0.0,0.2,0.2,0.07,0.0,0,70121.0
22,1,0,0,0,0,1,0.0,0.0,1.0,0.0,0.0,37,255,1.0,0.0,0.13,0.0,0.0,0.98,0,42579.0
14,9,1032,0,0,0,511,0.0,0.0,1.0,0.0,0.0,255,207,0.81,0.02,0.0,0.0,0.0,0.0,1,15343.0
22,9,269,1180,0,1,4,0.0,0.0,1.0,0.0,0.0,26,255,1.0,0.0,0.05,0.0,0.0,0.0,0,62167.0
22,9,252,398,0,1,4,0.0,0.0,1.0,0.0,0.32,255,255,1.0,0.0,0.0,0.0,0.0,0.0,0,78787.0
22,9,311,5381,0,1,6,0.0,0.0,1.0,0.0,0.0,255,255,1.0,0.0,0.0,0.01,0.01,0.0,0,85900.0
22,9,205,8892,0,1,2,0.5,0.5,1.0,0.0,0.0,88,255,1.0,0.0,0.02,0.01,0.01,0.0,0,11094.0
22,9,229,1489,0,1,23,0.0,0.0,1.0,0.0,0.08,23,255,1.0,0.0,0.04,0.0,0.0,0.0,0,52670.0
13,9,8,0,0,0,1,0.0,0.0,1.0,0.0,1.0,1,20,1.0,0.0,0.55,0.0,0.0,0.0,1,39309.0
22,9,211,2273,0,1,8,0.0,0.0,1.0,0.0,0.0,8,8,1.0,0.0,0.0,0.0,0.0,0.0,0,55456.0
22,9,251,3810,0,1,12,0.0,0.0,1.0,0.0,0.15,255,255,1.0,0.0,0.0,0.0,0.0,0.0,0,17421.0
22,9,298,3393,0,1,6,0.0,0.0,1.0,0.0,0.2,84,255,1.0,0.0,0.04,0.0,0.0,0.0,0,94194.0
19,9,13239,0,0,0,1,0.0,0.0,1.0,0.0,0.0,206,29,0.14,0.03,0.0,0.0,0.0,0.0,0,7971.0
13,9,30,0,0,0,2,0.0,0.0,0.5,1.0,0.0,255,5,0.02,0.01,0.0,0.0,0.0,0.0,0,124275.0
22,1,0,0,0,0,1,0.0,0.0,1.0,0.0,0.0,45,255,1.0,0.0,0.13,0.0,0.0,0.96,0,99169.0
22,9,185,13635,0,1,4,0.0,0.0,1.0,0.0,0.2,161,255,1.0,0.0,0.02,0.01,0.0,0.0,0,23772.0
22,9,303,857,0,1,3,0.0,0.0,1.0,0.0,0.0,75,255,1.0,0.0,0.02,0.0,0.0,0.0,0,9044.0
41,9,145,105,0,0,1,0.0,0.0,1.0,0.0,0.0,255,1,0.0,0.62,0.0,0.0,0.0,0.0,0,41152.0
41,1,0,0,0,0,397,0.09,0.0,0.0,1.0,0.0,255,1,0.0,1.0,0.0,0.11,0.0,1.0,1,105295.0
22,1,0,0,0,0,1,0.0,0.0,1.0,0.0,0.0,4,77,1.0,0.0,0.22,0.0,0.0,1.0,0,95562.0
57,5,0,0,0,0,115,1.0,1.0,0.09,0.07,0.0,255,10,0.04,0.07,0.0,1.0,1.0,0.0,1,95339.0
55,9,393,11280,0,1,1,0.0,0.0,1.0,0.0,0.0,255,5,0.02,0.07,0.0,0.95,0.0,0.0,0,23396.0
22,1,0,0,0,0,270,0.0,0.0,0.04,0.06,0.0,255,10,0.04,0.07,0.0,0.0,0.0,1.0,1,10697.0
11,9,44,110,0,0,124,0.0,0.0,1.0,0.0,0.0,255,254,1.0,0.01,0.0,0.0,0.0,0.0,0,54433.0
17,9,5,136,0,0,1,0.0,0.0,1.0,0.0,0.0,244,11,0.05,0.02,0.0,0.01,0.09,0.0,0,79856.0
22,9,214,1400,0,1,38,0.0,0.0,1.0,0.0,0.04,255,255,1.0,0.0,0.0,0.0,0.0,0.0,0,51349.0
22,9,227,626,0,1,9,0.0,0.0,1.0,0.0,0.18,255,255,1.0,0.0,0.0,0.0,0.0,0.0,0,44456.0
57,5,0,0,0,0,296,1.0,1.0,0.06,0.06,0.0,255,19,0.07,0.07,0.0,1.0,1.0,0.0,1,123433.0
45,5,0,0,0,0,109,1.0,1.0,0.15,0.06,0.0,255,10,0.04,0.06,0.0,1.0,1.0,0.0,1,49611.0
22,9,192,509,0,1,5,0.0,0.0,1.0,0.0,0.43,5,255,1.0,0.0,0.04,0.0,0.0,0.0,0,39237.0
22,9,217,260,0,1,5,0.0,0.0,1.0,0.0,0.0,15,255,1.0,0.0,0.01,0.0,0.0,0.0,0,5496.0
22,9,302,4896,0,1,14,0.0,0.0,1.0,0.0,0.0,72,255,1.0,0.0,0.04,0.0,0.0,0.0,0,91877.0
41,9,516,4,0,0,474,0.0,0.0,1.0,0.0,0.0,255,255,1.0,0.0,0.0,0.0,0.0,0.0,0,50239.0
45,5,0,0,0,0,240,1.0,1.0,0.1,0.04,0.0,255,23,0.09,0.05,0.0,1.0,1.0,0.0,1,118505.0
13,9,8,0,0,0,1,0.0,0.0,1.0,0.0,1.0,1,207,1.0,0.0,0.5,0.0,0.0,0.0,1,9532.0
22,9,340,362,0,1,41,0.0,0.0,1.0,0.0,0.08,255,255,1.0,0.0,0.0,0.0,0.0,0.0,0,82020.0
22,9,269,807,0,1,20,0.0,0.0,1.0,0.0,0.08,255,255,1.0,0.0,0.0,0.0,0.0,0.0,0,38919.0
22,9,252,10982,0,1,1,0.0,0.0,1.0,0.0,0.0,77,255,1.0,0.0,0.04,0.0,0.0,0.0,0,120005.0
22,9,303,882,0,1,19,0.0,0.0,1.0,0.0,0.0,255,255,1.0,0.0,0.0,0.0,0.0,0.0,0,95053.0
19,9,7196,0,0,0,8,0.0,0.0,1.0,0.0,0.0,255,98,0.38,0.02,0.0,0.0,0.0,0.0,0,73635.0
22,9,298,498,0,1,11,0.0,0.0,1.0,0.0,0.17,83,255,1.0,0.0,0.03,0.0,0.0,0.0,0,5312.0
22,9,309,1425,0,1,11,0.0,0.0,1.0,0.0,0.0,255,255,1.0,0.0,0.0,0.0,0.0,0.0,0,111129.0
14,9,520,0,0,0,177,0.0,0.0,1.0,0.0,0.0,255,255,1.0,0.0,0.0,0.0,0.0,0.0,1,1933.0
23,10,0,0,0,0,1,1.0,1.0,1.0,0.0,0.0,255,1,0.0,1.0,0.0,1.0,1.0,0.0,1,14552.0
25,9,0,0,0,0,4,0.5,0.58,1.0,0.0,0.28,4,4,1.0,0.0,0.0,0.5,0.5,0.0,1,103765.0
45,9,215,0,0,0,1,0.0,0.0,1.0,0.0,0.0,163,139,0.85,0.01,0.0,0.0,0.0,0.0,1,20096.0
41,1,0,0,0,0,511,0.08,0.0,0.0,1.0,0.0,255,1,0.0,1.0,0.0,0.15,0.0,1.0,1,56749.0
49,9,1428,364,0,1,1,0.0,0.0,1.0,0.0,0.0,52,162,0.58,0.12,0.01,0.0,0.0,0.0,0,111180.0
45,5,0,0,0,0,206,1.0,1.0,0.03,0.06,0.0,255,4,0.02,0.08,0.0,1.0,1.0,0.0,1,31286.0
22,9,236,3791,0,1,17,0.0,0.0,1.0,0.0,0.0,255,255,1.0,0.0,0.0,0.0,0.0,0.0,0,87473.0
12,5,0,0,0,0,200,1.0,1.0,0.05,0.06,0.0,255,11,0.04,0.07,0.0,1.0,1.0,0.0,1,117336.0
13,9,8,0,0,0,1,0.0,0.0,1.0,0.0,1.0,1,45,1.0,0.0,0.51,0.0,0.0,0.0,1,109724.0
22,9,302,4841,0,1,2,0.0,0.0,1.0,0.0,0.0,38,255,1.0,0.0,0.04,0.0,0.0,0.0,0,71816.0
22,9,206,14927,0,1,2,0.0,0.0,1.0,0.0,0.0,13,255,1.0,0.0,0.03,0.0,0.0,0.0,0,10797.0
3,5,0,0,0,0,239,1.0,1.0,0.1,0.05,0.0,255,23,0.09,0.05,0.0,1.0,1.0,0.0,1,17969.0
22,5,0,0,0,0,226,1.0,1.0,0.03,0.06,0.0,255,6,0.02,0.07,0.0,1.0,1.0,0.0,1,81845.0
49,9,554,333,0,1,1,0.0,0.0,1.0,0.0,0.0,206,124,0.52,0.02,0.02,0.0,0.0,0.0,0,64054.0
14,9,1032,0,0,0,511,0.0,0.0,1.0,0.0,0.0,115,21,0.18,0.06,0.0,0.02,0.0,0.0,1,30267.0
49,9,1640,326,0,1,1,0.0,0.0,1.0,0.0,0.0,194,121,0.62,0.06,0.0,0.01,0.01,0.0,0,50811.0
49,9,1808,331,0,1,1,0.0,0.0,1.0,0.0,1.0,255,150,0.59,0.03,0.0,0.0,0.01,0.0,0,123128.0
55,5,0,0,0,0,65,1.0,1.0,0.09,0.06,0.0,255,6,0.02,0.05,0.0,1.0,1.0,0.0,1,3492.0
45,9,28,0,3,0,34,0.0,0.0,1.0,0.0,0.0,255,34,0.13,0.01,0.0,0.0,0.0,0.0,1,30550.0
22,9,325,753,0,1,16,0.0,0.0,1.0,0.0,0.17,255,255,1.0,0.0,0.0,0.0,0.0,0.0,0,46696.0
45,1,0,0,0,0,111,0.0,0.0,0.08,0.06,0.0,12,3,0.25,0.17,0.0,0.0,0.0,1.0,1,77506.0
5,1,0,0,0,0,125,0.0,0.0,0.02,0.07,0.0,255,2,0.01,0.07,0.0,0.0,0.0,1.0,1,64009.0
45,5,0,0,0,0,287,1.0,1.0,0.01,0.06,0.0,255,14,0.05,0.07,0.0,1.0,1.0,0.0,1,25573.0
22,9,319,1792,0,1,1,0.0,0.0,1.0,0.0,0.0,255,255,1.0,0.0,0.0,0.0,0.0,0.0,0,91173.0
22,9,216,1560,0,1,26,0.0,0.0,1.0,0.0,0.0,255,255,1.0,0.0,0.0,0.0,0.0,0.0,0,71302.0
45,5,0,0,0,0,290,1.0,1.0,0.04,0.06,0.0,255,11,0.04,0.07,0.0,1.0,1.0,0.0,1,68595.0
45,5,0,0,0,0,69,1.0,1.0,0.29,0.07,0.0,255,3,0.01,0.07,0.0,1.0,1.0,0.0,1,22599.0
49,9,2370,366,0,1,1,0.0,0.0,1.0,0.0,1.0,185,133,0.42,0.04,0.02,0.0,0.0,0.0,0,2478.0
5,5,0,0,0,0,150,1.0,1.0,0.13,0.06,0.0,255,8,0.03,0.06,0.0,1.0,1.0,0.0,1,107628.0
22,5,0,0,0,0,6,1.0,1.0,0.83,0.33,0.0,255,65,0.25,0.02,0.0,1.0,1.0,0.0,1,77056.0
45,5,0,0,0,0,241,1.0,1.0,0.02,0.07,0.0,255,6,0.02,0.09,0.0,1.0,1.0,0.0,1,18254.0
22,9,175,1856,0,1,1,0.0,0.0,1.0,0.0,0.0,255,250,0.98,0.01,0.0,0.0,0.0,0.0,0,13405.0
17,5,0,0,0,0,286,1.0,1.0,0.07,0.06,0.0,255,20,0.08,0.06,0.0,1.0,1.0,0.0,1,14879.0
49,9,3475,329,0,1,2,0.0,0.0,0.5,1.0,0.0,255,111,0.44,0.14,0.0,0.0,0.0,0.0,0,91070.0
45,9,1,0,0,0,11,0.0,0.0,0.18,0.73,0.0,255,2,0.01,0.06,0.0,0.0,0.0,0.0,1,123416.0
41,1,0,0,0,0,475,0.07,0.0,0.0,0.96,0.0,255,1,0.0,0.93,0.0,0.08,0.0,1.0,1,88144.0
22,9,363,496,0,1,1,0.0,0.25,1.0,0.0,1.0,110,255,1.0,0.0,0.02,0.0,0.0,0.0,0,117844.0
13,9,8,0,0,0,1,0.0,0.0,1.0,0.0,1.0,1,28,1.0,0.0,0.54,0.0,0.0,0.0,1,98343.0
13,9,8,0,0,0,1,0.0,0.0,1.0,0.0,1.0,1,133,1.0,0.0,0.26,0.0,0.0,0.0,1,98868.0
45,10,0,0,0,0,1,1.0,1.0,1.0,0.0,0.0,209,1,0.0,0.95,0.0,0.96,1.0,0.0,1,123298.0
22,9,298,702,0,1,13,0.0,0.0,1.0,0.0,0.19,255,255,1.0,0.0,0.0,0.01,0.01,0.0,0,2313.0
4,5,0,0,0,0,277,1.0,1.0,0.04,0.05,0.0,255,11,0.04,0.05,0.0,1.0,1.0,0.0,1,25429.0
22,9,314,810,0,1,18,0.0,0.0,1.0,0.0,0.0,255,255,1.0,0.0,0.0,0.0,0.0,0.0,0,101109.0
19,9,501760,0,0,1,2,0.0,0.0,1.0,0.0,0.0,255,73,0.29,0.07,0.0,0.0,0.01,0.0,0,91917.0
45,5,0,0,0,0,162,1.0,1.0,0.04,0.09,0.0,255,7,0.03,0.08,0.0,1.0,1.0,0.0,1,90063.0
22,9,231,3817,0,1,10,0.0,0.0,1.0,0.0,0.0,255,255,1.0,0.0,0.0,0.0,0.0,0.0,0,43015.0
13,9,8,0,0,0,1,0.0,0.0,1.0,0.0,1.0,1,21,1.0,0.0,0.52,0.0,0.0,0.0,1,21604.0
11,9,44,120,0,0,191,0.0,0.0,1.0,0.0,0.0,255,255,1.0,0.0,0.0,0.0,0.0,0.0,0,19093.0
11,9,45,74,0,0,177,0.0,0.0,1.0,0.0,0.0,255,255,1.0,0.0,0.0,0.0,0.0,0.0,0,4002.0
45,4,1,0,0,0,2,0.0,0.0,1.0,0.0,0.0,255,2,0.01,0.73,0.0,0.0,0.0,1.0,1,3650.0
45,1,0,0,0,0,124,0.0,0.0,0.08,0.06,0.0,199,10,0.05,0.07,0.0,0.0,0.0,1.0,1,87615.0
41,9,147,105,0,0,5,0.0,0.0,0.2,0.6,0.0,90,1,0.01,0.69,0.0,0.0,0.0,0.0,0,112918.0
0,4,188,8462,0,1,1,0.0,0.0,1.0,0.0,0.0,35,9,0.26,0.09,0.0,0.0,0.0,1.0,0,107730.0
22,5,0,0,0,0,22,1.0,1.0,0.41,0.18,0.0,255,66,0.26,0.02,0.0,1.0,1.0,0.0,1,92635.0
22,1,0,0,0,0,1,0.0,0.0,1.0,0.0,1.0,28,255,1.0,0.0,0.08,0.0,0.0,0.89,0,36837.0
11,9,44,71,0,0,136,0.0,0.0,1.0,0.0,0.0,255,247,0.97,0.01,0.0,0.0,0.0,0.0,0,108484.0
18,9,56,189,0,0,1,0.0,0.0,1.0,0.0,0.0,92,19,0.21,0.04,0.0,0.04,0.11,0.0,0,79191.0
22,9,279,2165,0,1,9,0.0,0.0,1.0,0.0,0.12,45,255,1.0,0.0,0.01,0.0,0.0,0.0,0,108027.0
45,5,0,0,0,0,100,1.0,1.0,0.08,0.06,0.0,255,8,0.03,0.05,0.0,1.0,1.0,0.0,1,68101.0
22,9,220,438,0,1,15,0.0,0.0,1.0,0.0,0.12,255,255,1.0,0.0,0.0,0.0,0.0,0.0,0,50989.0
11,9,43,64,0,0,257,0.0,0.0,1.0,0.01,0.01,255,254,1.0,0.01,0.0,0.0,0.0,0.0,0,27629.0
22,9,292,1896,0,1,3,0.0,0.0,1.0,0.0,0.0,3,255,1.0,0.0,0.01,0.0,0.0,0.0,0,43608.0
32,5,0,0,0,0,231,1.0,1.0,0.03,0.06,0.0,255,6,0.02,0.07,0.0,1.0,1.0,0.0,1,23334.0
53,5,0,0,0,0,130,1.0,1.0,0.12,0.08,0.0,255,16,0.06,0.07,0.0,1.0,1.0,0.0,1,66661.0
22,9,236,6940,0,1,14,0.0,0.0,1.0,0.0,0.0,255,255,1.0,0.0,0.0,0.0,0.0,0.0,0,113400.0
27,5,0,0,0,0,101,1.0,1.0,0.12,0.07,0.0,255,6,0.02,0.07,0.0,1.0,1.0,0.0,1,86146.0
14,9,1032,0,0,0,511,0.0,0.0,1.0,0.0,0.0,255,165,0.65,0.02,0.0,0.0,0.0,0.0,1,88782.0
22,9,211,10992,0,1,10,0.0,0.0,1.0,0.0,0.0,10,255,1.0,0.0,0.01,0.0,0.0,0.0,0,57719.0
41,9,19,0,0,1,1,0.0,0.0,1.0,0.0,0.0,78,1,0.01,0.1,0.0,0.0,0.0,0.0,1,106238.0
18,9,1239,2449,0,1,1,0.0,0.0,1.0,0.0,0.0,255,83,0.33,0.02,0.0,0.0,0.0,0.0,1,88688.0
22,9,207,1215,0,1,8,0.0,0.0,1.0,0.0,0.0,142,255,1.0,0.0,0.02,0.0,0.0,0.0,0,117728.0
19,9,9178,0,0,1,5,0.0,0.0,1.0,0.0,0.0,46,47,0.24,0.15,0.04,0.0,0.0,0.0,0,64814.0
19,5,0,0,0,0,197,1.0,1.0,0.06,0.06,0.0,255,12,0.05,0.07,0.0,1.0,1.0,0.0,1,37894.0
14,9,1032,0,0,0,248,0.0,0.0,1.0,0.0,0.0,255,255,1.0,0.0,0.0,0.0,0.0,0.0,1,7916.0
45,5,0,0,0,0,257,1.0,1.0,0.07,0.06,0.0,255,3,0.01,0.09,0.0,1.0,1.0,0.0,1,44873.0
45,4,1,0,0,0,2,0.0,0.0,1.0,0.0,0.0,202,2,0.01,0.21,0.0,0.0,0.0,1.0,1,120324.0
15,5,0,0,0,0,133,1.0,1.0,0.07,0.06,0.0,255,9,0.04,0.06,0.0,1.0,1.0,0.0,1,122325.0
22,5,0,0,0,0,256,1.0,1.0,0.02,0.07,0.0,255,6,0.02,0.08,0.0,1.0,1.0,0.0,1,12815.0
33,5,0,0,0,0,234,1.0,1.0,0.01,0.07,0.0,255,3,0.01,0.07,0.0,1.0,1.0,0.0,1,11523.0
45,5,0,0,0,0,76,1.0,1.0,0.01,0.08,0.0,255,14,0.05,0.07,0.0,1.0,1.0,0.0,1,15442.0
41,9,147,105,0,0,1,0.0,0.0,1.0,0.0,0.0,255,1,0.0,0.84,0.0,0.0,0.0,0.0,0,48006.0
22,9,398,10851,0,1,2,0.0,0.0,1.0,0.0,0.0,255,255,1.0,0.0,0.0,0.0,0.0,0.0,0,95881.0
22,9,307,10687,0,1,2,0.0,0.0,1.0,0.0,0.22,6,255,1.0,0.0,0.04,0.0,0.0,0.0,0,11435.0
22,9,274,1046,0,1,4,0.0,0.0,1.0,0.0,0.29,255,255,1.0,0.0,0.0,0.0,0.0,0.0,0,98946.0
45,1,0,0,0,0,142,0.0,0.0,0.1,0.06,0.0,255,5,0.02,0.07,0.0,0.0,0.0,1.0,1,65899.0
19,9,192,0,0,0,2,0.0,0.0,1.0,0.0,0.0,192,69,0.27,0.02,0.03,0.0,0.0,0.0,0,84232.0
55,5,0,0,0,0,63,1.0,1.0,0.21,0.06,0.0,255,55,0.22,0.04,0.0,1.0,1.0,0.0,1,63278.0
38,5,0,0,0,0,148,1.0,1.0,0.01,0.06,0.0,255,1,0.0,0.07,0.0,1.0,1.0,0.0,1,70618.0
56,9,564,0,0,0,1,0.0,0.0,1.0,0.0,0.0,1,1,1.0,0.0,0.0,0.0,0.0,0.0,0,1143.0
22,9,257,4611,0,1,1,0.0,0.0,1.0,0.0,0.0,255,239,0.94,0.01,0.0,0.0,0.0,0.0,0,105026.0
22,9,307,7355,0,1,1,0.0,0.0,1.0,0.0,0.0,57,255,1.0,0.0,0.02,0.0,0.0,0.0,0,53049.0
38,5,0,0,0,0,66,1.0,1.0,0.05,0.08,0.0,255,3,0.01,0.07,0.0,1.0,1.0,0.0,1,52923.0
6,5,0,0,0,0,112,1.0,1.0,0.12,0.06,0.0,255,12,0.05,0.06,0.0,1.0,1.0,0.0,1,79839.0
45,9,1,0,0,0,23,0.0,0.0,0.87,0.09,0.0,255,33,0.13,0.67,0.0,0.05,0.0,0.0,1,86172.0
22,9,321,3760,0,1,10,0.0,0.0,1.0,0.0,0.0,40,255,1.0,0.0,0.04,0.0,0.0,0.0,0,125810.0
45,4,1,0,0,0,2,0.0,0.0,1.0,0.0,0.0,255,2,0.01,0.36,0.0,0.0,0.0,1.0,1,15993.0
45,9,1,0,0,0,133,0.0,0.0,0.85,0.03,0.0,255,155,0.61,0.05,0.0,0.0,0.0,0.0,1,79024.0
45,9,105,146,0,0,1,0.0,0.0,1.0,0.0,0.0,7,3,0.43,0.29,0.0,0.0,0.0,0.0,0,35108.0
45,5,0,0,0,0,122,1.0,1.0,0.15,0.07,0.0,255,19,0.07,0.07,0.0,1.0,1.0,0.0,1,61697.0
22,9,291,576,0,1,18,0.0,0.0,1.0,0.0,0.0,190,255,1.0,0.0,0.02,0.0,0.0,0.0,0,57071.0
45,9,215,0,0,0,1,0.0,0.0,1.0,0.0,0.0,111,95,0.86,0.02,0.0,0.0,0.0,0.0,1,121123.0
22,9,305,10506,0,1,1,0.0,0.0,1.0,0.0,1.0,6,192,1.0,0.0,0.02,0.0,0.01,0.01,0,120594.0
22,9,323,3346,0,1,4,0.0,0.0,1.0,0.0,0.0,48,255,1.0,0.0,0.01,0.0,0.0,0.0,0,103653.0
14,9,1032,0,0,0,511,0.0,0.0,1.0,0.0,0.0,255,209,0.82,0.02,0.0,0.0,0.0,0.0,1,5603.0
28,5,0,0,0,0,113,1.0,1.0,0.09,0.06,0.0,255,8,0.03,0.05,0.0,1.0,1.0,0.0,1,123914.0
53,5,0,0,0,0,263,1.0,1.0,0.06,0.05,0.0,255,16,0.06,0.05,0.0,1.0,1.0,0.0,1,2683.0
22,9,298,2507,0,1,4,0.0,0.0,1.0,0.0,0.0,255,252,0.99,0.01,0.0,0.0,0.0,0.0,0,14840.0
22,9,185,811,0,1,5,0.0,0.0,1.0,0.0,0.0,24,255,1.0,0.0,0.01,0.0,0.0,0.0,0,25695.0
35,5,0,0,0,0,207,1.0,1.0,0.02,0.06,0.0,255,20,0.08,0.06,0.0,1.0,1.0,0.0,1,62848.0
49,9,1670,333,0,1,1,0.0,0.0,1.0,0.0,0.0,70,230,0.94,0.03,0.01,0.0,0.0,0.0,0,46071.0
22,9,228,289,0,1,9,0.0,0.0,1.0,0.0,0.13,34,255,1.0,0.0,0.01,0.0,0.0,0.0,0,48016.0
45,9,105,146,0,0,6,0.0,0.0,0.17,0.5,0.0,255,240,0.94,0.01,0.0,0.0,0.0,0.0,0,121729.0
51,5,0,0,0,0,217,1.0,1.0,0.07,0.06,0.0,255,16,0.06,0.07,0.0,1.0,1.0,0.0,1,76109.0
45,9,105,105,0,0,1,0.0,0.0,1.0,0.0,0.0,255,249,0.98,0.01,0.0,0.0,0.0,0.0,0,120930.0
13,9,30,0,0,0,1,0.0,0.0,1.0,0.0,0.0,42,90,0.98,0.05,0.29,0.0,0.0,0.0,0,79791.0
22,9,242,3222,0,1,4,0.0,0.0,1.0,0.0,0.0,255,251,0.98,0.01,0.0,0.0,0.0,0.0,0,92259.0
22,5,0,0,0,0,56,1.0,1.0,0.27,0.07,0.0,136,35,0.26,0.03,0.0,1.0,1.0,0.0,1,58820.0
41,9,1,0,0,0,18,0.0,0.0,0.06,0.5,0.0,255,1,0.0,0.18,0.0,0.0,0.0,0.0,1,123336.0
45,10,0,0,0,0,1,1.0,1.0,1.0,0.0,0.0,35,1,0.03,0.74,0.0,0.77,1.0,0.0,1,1228.0
55,9,315,201030,0,1,1,0.0,0.0,1.0,0.0,0.0,173,14,0.08,0.03,0.0,0.0,0.0,0.07,0,37853.0
45,5,0,0,0,0,219,1.0,1.0,0.0,0.05,0.0,255,1,0.0,0.06,0.0,1.0,1.0,0.0,1,105222.0
11,9,46,46,0,0,150,0.0,0.0,1.0,0.0,0.0,255,224,0.88,0.01,0.0,0.0,0.0,0.0,0,62259.0
19,9,334,0,0,1,2,0.0,0.0,1.0,0.0,0.0,8,34,1.0,0.0,0.15,0.0,0.0,0.0,1,56027.0
22,9,306,2692,0,1,4,0.0,0.0,1.0,0.0,0.0,125,255,1.0,0.0,0.04,0.0,0.0,0.0,0,48459.0
45,5,0,0,0,0,144,1.0,1.0,0.12,0.06,0.0,255,4,0.02,0.07,0.0,1.0,1.0,0.0,1,35310.0
19,9,2194619,0,0,1,1,0.0,0.0,1.0,0.0,0.0,255,5,0.02,0.55,0.0,0.0,0.0,0.0,0,52565.0
63,5,0,0,0,0,104,1.0,1.0,0.04,0.07,0.0,255,4,0.02,0.07,0.0,1.0,1.0,0.0,1,90254.0
22,9,220,1032,0,1,27,0.0,0.0,1.0,0.0,0.07,151,255,1.0,0.0,0.01,0.0,0.0,0.0,0,16382.0
22,9,301,1380,0,1,6,0.0,0.0,1.0,0.0,0.0,255,231,0.91,0.02,0.0,0.0,0.0,0.0,0,110641.0
18,5,0,0,0,0,218,1.0,1.0,0.0,0.06,0.0,255,1,0.0,0.07,0.0,1.0,1.0,0.0,1,101949.0
41,9,146,0,0,0,4,0.0,0.0,0.25,0.75,0.0,11,1,0.09,0.73,0.0,0.0,0.0,0.0,0,118067.0
45,5,0,0,0,0,223,1.0,1.0,0.03,0.07,0.0,255,8,0.03,0.08,0.0,1.0,1.0,0.0,1,105879.0
22,9,225,2913,0,1,12,0.0,0.0,1.0,0.0,0.0,255,255,1.0,0.0,0.0,0.0,0.0,0.0,0,123908.0
22,9,233,777,0,1,16,0.0,0.0,1.0,0.0,0.12,236,255,1.0,0.0,0.01,0.0,0.0,0.0,0,49211.0
14,9,8,0,0,0,1,0.0,0.0,1.0,0.0,0.0,6,6,1.0,0.0,0.0,0.0,0.0,0.0,1,13272.0
61,5,0,0,0,0,275,1.0,1.0,0.05,0.06,0.0,255,7,0.03,0.07,0.0,1.0,1.0,0.0,1,14923.0
61,5,0,0,0,0,120,1.0,1.0,0.04,0.07,0.0,255,5,0.02,0.07,0.0,1.0,1.0,0.0,1,42430.0
2,5,0,0,0,0,281,1.0,1.0,0.07,0.05,0.0,255,20,0.08,0.05,0.0,1.0,1.0,0.0,1,63500.0
22,9,200,296,0,1,5,0.0,0.0,1.0,0.0,0.21,188,255,1.0,0.0,0.02,0.0,0.0,0.0,0,97243.0
22,9,285,10993,0,1,4,0.0,0.0,1.0,0.0,0.0,79,255,1.0,0.0,0.03,0.0,0.0,0.0,0,3135.0
11,9,43,92,0,0,269,0.0,0.0,1.0,0.0,0.01,255,226,0.89,0.01,0.0,0.0,0.0,0.0,0,32835.0
3,9,10,37,0,1,1,0.0,0.0,1.0,0.0,0.0,118,3,0.03,0.04,0.0,0.0,0.0,0.0,0,34310.0
11,9,46,131,0,0,193,0.0,0.0,1.0,0.0,0.01,255,253,0.99,0.01,0.0,0.0,0.0,0.0,0,85046.0
25,1,0,0,0,0,262,0.0,0.0,0.07,0.06,0.0,255,18,0.07,0.07,0.0,0.0,0.0,1.0,1,97203.0
22,9,232,9534,0,1,1,0.0,0.0,1.0,0.0,0.0,237,255,1.0,0.0,0.01,0.0,0.0,0.0,0,16931.0
57,5,0,0,0,0,203,1.0,1.0,0.1,0.06,0.0,255,20,0.08,0.07,0.0,1.0,1.0,0.0,1,112620.0
22,9,222,2778,0,1,9,0.0,0.0,1.0,0.0,0.0,9,255,1.0,0.0,0.05,0.0,0.01,0.0,0,115456.0
3,5,0,0,0,0,272,1.0,1.0,0.06,0.04,0.0,255,17,0.07,0.05,0.0,1.0,1.0,0.0,1,78228.0
22,9,248,851,0,1,42,0.0,0.0,1.0,0.0,0.0,255,255,1.0,0.0,0.0,0.0,0.0,0.0,0,68228.0
52,5,0,0,0,0,284,1.0,1.0,0.06,0.06,0.0,255,18,0.07,0.08,0.0,1.0,1.0,0.0,1,30241.0
45,9,1,0,0,0,14,0.0,0.0,0.79,0.14,0.0,255,11,0.04,0.94,0.0,0.03,0.0,0.0,1,84499.0
3,5,0,0,0,0,254,1.0,1.0,0.04,0.07,0.0,255,10,0.04,0.08,0.0,1.0,1.0,0.0,1,51233.0
10,5,0,0,0,0,210,1.0,1.0,0.06,0.05,0.0,255,12,0.05,0.06,0.0,1.0,1.0,0.0,1,85189.0
11,9,36,0,0,0,11,0.0,0.0,1.0,0.0,0.0,50,79,1.0,0.0,0.03,0.0,0.0,0.0,0,42753.0
53,1,0,0,0,0,218,0.0,0.0,0.0,0.07,0.0,255,1,0.0,0.09,0.0,0.0,0.0,1.0,1,9519.0
13,9,8,0,0,0,1,0.0,0.0,1.0,0.0,1.0,1,67,1.0,0.0,0.51,0.0,0.0,0.0,1,17842.0
49,9,1810,370,0,1,1,0.0,0.0,1.0,0.0,0.0,74,129,0.59,0.05,0.02,0.0,0.07,0.0,0,25302.0
22,9,158,4493,0,1,12,0.0,0.0,1.0,0.0,0.0,17,255,1.0,0.0,0.03,0.0,0.0,0.0,0,46014.0
11,9,45,75,0,0,61,0.0,0.0,1.0,0.0,0.0,255,251,0.98,0.01,0.0,0.0,0.0,0.0,0,24674.0
14,9,1032,0,0,0,511,0.0,0.0,1.0,0.0,0.0,255,165,0.65,0.02,0.0,0.0,0.0,0.0,1,113708.0
22,9,322,1000,0,1,4,0.0,0.0,1.0,0.0,0.08,143,255,1.0,0.0,0.01,0.0,0.0,0.0,0,36674.0
45,9,28,0,3,0,67,0.01,0.0,0.99,0.03,0.0,255,66,0.26,0.01,0.0,0.0,0.0,0.0,1,1974.0
22,1,0,0,0,0,1,0.0,0.0,1.0,0.0,0.0,10,217,1.0,0.0,0.15,0.0,0.0,0.97,0,76962.0
22,9,237,7262,0,1,1,0.0,0.0,1.0,0.0,0.33,22,255,1.0,0.0,0.02,0.0,0.0,0.0,0,27986.0
49,9,1248,332,0,1,1,0.0,0.0,1.0,0.0,1.0,144,101,0.7,0.03,0.0,0.0,0.0,0.0,0,99953.0
19,9,501760,0,0,1,2,0.0,0.0,1.0,0.0,0.0,247,125,0.51,0.02,0.0,0.0,0.0,0.0,0,100938.0
41,9,147,105,0,0,1,0.0,0.0,1.0,0.0,0.0,255,2,0.01,0.58,0.0,0.0,0.0,0.0,0,111690.0
22,9,192,22458,0,1,1,0.0,0.0,1.0,0.0,0.0,6,255,1.0,0.0,0.04,0.0,0.0,0.0,0,41670.0
25,5,0,0,0,0,292,1.0,1.0,0.06,0.05,0.0,255,5,0.02,0.07,0.0,1.0,1.0,0.0,1,121315.0
19,9,167,0,0,1,2,0.0,0.0,1.0,0.0,0.67,255,74,0.29,0.02,0.0,0.49,0.43,0.0,0,60640.0
45,5,0,0,0,0,200,1.0,1.0,0.0,0.06,0.0,255,6,0.02,0.07,0.0,1.0,1.0,0.0,1,20170.0
41,9,4763,0,0,1,10,0.1,0.0,0.1,0.2,0.0,223,1,0.0,0.02,0.0,0.0,0.0,0.0,0,21198.0
14,9,1032,0,0,0,276,0.0,0.0,1.0,0.0,0.0,255,255,1.0,0.0,0.0,0.0,0.0,0.0,1,18701.0
19,5,0,0,0,0,146,1.0,1.0,0.12,0.05,0.0,255,11,0.04,0.07,0.0,1.0,1.0,0.0,1,52337.0
14,9,1480,0,1,0,2,0.0,0.0,1.0,0.0,0.5,2,151,1.0,0.0,0.12,0.0,0.0,0.0,1,15381.0
11,9,41,137,0,0,64,0.0,0.0,1.0,0.0,0.01,255,254,1.0,0.01,0.0,0.0,0.0,0.0,0,36520.0
63,5,0,0,0,0,205,1.0,1.0,0.0,0.06,0.0,255,1,0.0,0.07,0.0,1.0,1.0,0.0,1,31160.0
45,5,0,0,0,0,103,1.0,1.0,0.05,0.07,0.0,255,5,0.02,0.06,0.0,1.0,1.0,0.0,1,117222.0
45,5,0,0,0,0,245,1.0,1.0,0.02,0.06,0.0,255,17,0.07,0.08,0.0,1.0,1.0,0.0,1,39883.0
11,9,44,74,0,0,168,0.0,0.0,1.0,0.0,0.0,255,194,0.76,0.01,0.0,0.0,0.0,0.0,0,38636.0
41,1,0,0,0,0,509,0.21,0.0,0.0,1.0,0.0,255,1,0.0,1.0,0.0,0.23,0.0,1.0,1,111767.0
19,9,2890,0,0,1,10,0.0,0.0,1.0,0.0,0.0,109,34,0.28,0.26,0.06,0.0,0.0,0.0,0,10649.0
22,9,226,667,0,1,10,0.0,0.0,1.0,0.0,0.17,255,255,1.0,0.0,0.0,0.0,0.0,0.0,0,71512.0
51,1,0,0,0,0,238,0.0,0.0,0.07,0.06,0.0,255,17,0.07,0.07,0.0,0.0,0.0,1.0,1,93696.0
22,1,0,0,0,0,1,0.0,0.0,1.0,0.0,0.0,17,237,1.0,0.0,0.19,0.0,0.0,1.0,0,6147.0
45,1,0,0,0,0,2,0.0,0.0,0.5,1.0,0.0,255,1,0.0,0.44,0.0,0.15,0.0,1.0,1,93348.0
5,5,0,0,0,0,126,1.0,1.0,0.13,0.06,0.0,255,17,0.07,0.05,0.0,1.0,1.0,0.0,1,17475.0
45,5,0,0,0,0,148,1.0,1.0,0.07,0.05,0.0,255,31,0.12,0.05,0.0,1.0,1.0,0.0,1,30124.0
10,5,0,0,0,0,98,1.0,1.0,0.08,0.06,0.0,255,7,0.03,0.07,0.0,1.0,1.0,0.0,1,125589.0
22,9,197,365,0,1,28,0.0,0.0,1.0,0.0,0.0,255,255,1.0,0.0,0.0,0.0,0.0,0.0,0,41090.0
43,9,35,130,0,1,1,0.0,0.0,1.0,0.0,0.0,103,5,0.04,0.07,0.4,0.0,0.0,0.0,0,109739.0
14,9,520,0,0,0,137,0.0,0.0,1.0,0.0,0.0,255,255,1.0,0.0,0.0,0.0,0.0,0.0,1,22246.0
31,5,0,0,0,0,111,1.0,1.0,0.11,0.06,0.0,255,20,0.08,0.06,0.0,1.0,1.0,0.0,1,63429.0
19,9,7162,0,0,1,7,0.0,0.0,1.0,0.0,0.25,61,23,0.38,0.05,0.0,0.0,0.0,0.0,0,110048.0
13,9,18,0,0,0,1,0.0,0.0,1.0,0.0,0.0,1,9,1.0,0.0,1.0,0.0,0.0,0.0,1,97392.0
45,5,0,0,0,0,204,1.0,1.0,0.01,0.07,0.0,255,2,0.01,0.1,0.0,1.0,1.0,0.0,1,68521.0
22,9,54540,8314,0,1,2,0.0,0.0,1.0,0.0,0.0,30,30,1.0,0.0,0.0,0.0,0.0,0.0,1,90133.0
22,9,298,3579,0,1,11,0.0,0.0,1.0,0.0,0.11,255,255,1.0,0.0,0.0,0.0,0.0,0.0,0,3369.0
45,5,0,0,0,0,156,1.0,1.0,0.07,0.08,0.0,255,11,0.04,0.08,0.0,1.0,1.0,0.0,1,55542.0
45,5,0,0,0,0,188,1.0,1.0,0.03,0.05,0.0,255,5,0.02,0.05,0.0,1.0,1.0,0.0,1,79086.0
19,9,7196,0,0,1,4,0.0,0.0,1.0,0.0,0.0,4,69,1.0,0.0,0.03,0.0,0.01,0.0,0,108735.0
22,9,182,29290,0,1,1,0.0,0.0,1.0,0.0,0.0,255,255,1.0,0.0,0.0,0.0,0.0,0.0,0,64635.0
14,9,520,0,0,0,290,0.0,0.0,1.0,0.0,0.0,255,255,1.0,0.0,0.0,0.0,0.0,0.0,1,50027.0
11,9,131,44,0,0,277,0.0,0.0,1.0,0.01,0.0,166,133,0.8,0.01,0.0,0.0,0.0,0.0,0,76712.0
13,9,30,0,0,0,5,0.0,0.0,0.2,0.6,0.0,255,4,0.02,0.01,0.0,0.0,0.0,0.0,0,101297.0
41,9,146,105,0,0,1,0.0,0.0,1.0,0.0,0.0,255,1,0.0,0.83,0.0,0.0,0.0,0.0,0,17702.0
17,5,0,0,0,0,65,1.0,1.0,0.29,0.06,0.0,255,59,0.23,0.02,0.0,1.0,1.0,0.0,1,50018.0
41,1,0,0,0,0,509,0.08,0.0,0.0,1.0,0.0,255,1,0.0,1.0,0.0,0.14,0.0,1.0,1,95408.0
41,9,516,4,0,0,311,0.0,0.0,1.0,0.0,0.0,255,255,1.0,0.0,0.0,0.0,0.0,0.0,0,114972.0
45,5,0,0,0,0,229,1.0,1.0,0.03,0.05,0.0,170,8,0.05,0.07,0.0,0.92,1.0,0.0,1,20208.0
20,1,0,0,0,0,132,0.0,0.0,0.02,0.09,0.0,255,3,0.01,0.09,0.0,0.0,0.0,1.0,1,68730.0
45,9,28,0,3,0,11,0.0,0.0,1.0,0.0,0.0,255,78,0.31,0.01,0.0,0.0,0.0,0.0,1,9350.0
22,9,243,25728,0,1,12,0.0,0.0,1.0,0.0,0.0,255,255,1.0,0.0,0.0,0.01,0.01,0.0,0,83127.0
4,5,0,0,0,0,274,1.0,1.0,0.04,0.06,0.0,255,12,0.05,0.07,0.0,1.0,1.0,0.0,1,87697.0
22,9,221,1528,0,1,5,0.0,0.0,1.0,0.0,0.0,182,255,1.0,0.0,0.02,0.0,0.0,0.0,0,125423.0
22,9,324,431,0,1,5,0.0,0.0,1.0,0.0,0.0,255,255,1.0,0.0,0.0,0.0,0.0,0.0,0,24835.0
14,9,1032,0,0,0,380,0.0,0.0,1.0,0.0,0.0,121,27,0.22,0.06,0.0,0.02,0.0,0.0,1,99729.0
51,5,0,0,0,0,253,1.0,1.0,0.07,0.06,0.0,255,18,0.07,0.07,0.0,1.0,1.0,0.0,1,63617.0
19,9,4892,0,0,0,18,0.0,0.0,1.0,0.0,0.0,255,105,0.41,0.03,0.0,0.0,0.0,0.0,0,44681.0
22,9,222,6060,0,1,5,0.0,0.0,1.0,0.0,0.0,5,255,1.0,0.0,0.04,0.0,0.0,0.0,0,87090.0
49,9,10578,882,0,1,1,0.0,0.0,1.0,0.0,0.0,34,200,0.82,0.06,0.01,0.0,0.01,0.0,0,63875.0
3,5,0,0,0,0,299,1.0,1.0,0.07,0.06,0.0,255,20,0.08,0.08,0.0,1.0,1.0,0.0,1,74288.0
49,9,1194,327,0,1,1,0.0,0.0,1.0,0.0,0.0,167,121,0.58,0.04,0.02,0.0,0.0,0.0,0,82925.0
11,9,46,132,0,0,77,0.0,0.0,1.0,0.0,0.01,255,252,0.99,0.01,0.0,0.0,0.0,0.0,0,78590.0
11,9,34,0,0,0,1,0.0,0.0,1.0,0.0,1.0,255,73,0.29,0.03,0.0,0.0,0.0,0.0,0,86935.0
13,9,8,0,0,0,1,0.0,0.0,1.0,0.0,0.0,1,43,1.0,0.0,0.51,0.0,0.0,0.0,1,79440.0
49,9,1084,334,0,1,1,0.0,0.0,1.0,0.0,0.0,29,75,0.79,0.1,0.03,0.0,0.0,0.0,0,77675.0
22,9,208,364,0,1,16,0.0,0.0,1.0,0.0,0.0,67,255,1.0,0.0,0.06,0.0,0.0,0.0,0,98310.0
45,5,0,0,0,0,79,1.0,1.0,0.24,0.05,0.0,68,1,0.01,0.16,0.0,1.0,1.0,0.0,1,32972.0
15,5,0,0,0,0,140,1.0,1.0,0.11,0.06,0.0,255,16,0.06,0.06,0.0,1.0,1.0,0.0,1,79736.0
13,9,8,0,0,0,1,0.0,0.0,1.0,0.0,1.0,2,80,1.0,0.0,0.5,0.0,0.0,0.0,1,34785.0
14,9,1032,0,0,0,511,0.0,0.0,1.0,0.0,0.0,193,48,0.25,0.02,0.0,0.0,0.0,0.0,1,109039.0
22,9,253,6596,0,1,13,0.0,0.0,1.0,0.0,0.17,38,255,1.0,0.0,0.05,0.0,0.0,0.0,0,99848.0
14,9,520,0,0,0,183,0.0,0.0,1.0,0.0,0.0,255,255,1.0,0.0,0.0,0.0,0.0,0.0,1,103490.0
19,9,10073,0,0,0,15,0.0,0.0,1.0,0.0,0.0,207,69,0.33,0.03,0.0,0.0,0.0,0.0,0,14261.0
22,1,0,0,0,0,227,0.0,0.0,0.05,0.07,0.0,255,11,0.04,0.08,0.0,0.0,0.0,1.0,1,8413.0
21,1,0,0,0,0,289,0.0,0.0,0.05,0.06,0.0,255,15,0.06,0.07,0.0,0.0,0.0,1.0,1,117264.0
25,10,0,0,0,0,1,1.0,0.58,1.0,0.0,0.28,1,1,1.0,0.0,0.0,1.0,1.0,0.0,1,64553.0
22,9,258,11394,0,1,3,0.0,0.0,1.0,0.0,0.0,12,255,1.0,0.0,0.05,0.0,0.0,0.0,0,26846.0
38,1,0,0,0,0,113,0.0,0.0,0.03,0.07,0.0,255,3,0.01,0.07,0.0,0.0,0.0,1.0,1,16300.0
45,5,0,0,0,0,199,1.0,1.0,0.07,0.09,0.0,255,13,0.05,0.08,0.0,1.0,1.0,0.0,1,31480.0
11,9,45,151,0,0,203,0.0,0.0,1.0,0.0,0.01,255,253,0.99,0.01,0.0,0.0,0.0,0.0,0,67760.0
49,9,1650,327,0,1,1,0.0,0.0,1.0,0.0,0.0,19,124,0.95,0.11,0.02,0.0,0.0,0.0,0,51289.0
45,9,105,147,0,0,3,0.0,0.0,0.67,0.67,0.0,255,235,0.92,0.01,0.0,0.0,0.0,0.0,0,115843.0
55,9,396,11791,0,1,1,0.0,0.0,1.0,0.0,0.0,255,5,0.02,0.84,0.0,0.83,0.0,0.0,0,98656.0
30,1,0,0,0,0,255,0.0,0.0,0.05,0.07,0.0,255,14,0.05,0.08,0.0,0.0,0.0,1.0,1,8951.0
12,5,0,0,0,0,198,1.0,1.0,0.01,0.06,0.0,255,12,0.05,0.07,0.0,1.0,1.0,0.0,1,20921.0
13,9,8,0,0,0,1,0.0,0.0,1.0,0.0,1.0,2,68,1.0,0.0,0.5,0.0,0.0,0.0,1,38787.0
45,1,0,0,0,0,266,0.08,0.0,0.0,1.0,0.0,255,1,0.0,1.0,0.0,0.08,0.0,1.0,1,10930.0
11,9,33,0,0,0,2,0.0,0.0,0.5,1.0,1.0,255,28,0.11,0.05,0.0,0.01,0.0,0.0,0,48304.0
45,9,1,0,0,0,51,0.0,0.0,0.22,0.08,0.0,255,22,0.09,0.59,0.0,0.16,0.0,0.0,1,88414.0
45,5,0,0,0,0,132,1.0,1.0,0.15,0.07,0.0,255,2,0.01,0.08,0.0,1.0,1.0,0.0,1,83118.0
22,9,204,873,0,1,21,0.0,0.0,1.0,0.0,0.09,70,255,1.0,0.0,0.02,0.0,0.0,0.0,0,115444.0
14,9,30,0,0,0,2,0.0,0.0,1.0,0.0,0.0,175,175,1.0,0.0,0.0,0.0,0.0,0.0,0,123398.0
34,5,0,0,0,0,198,1.0,1.0,0.04,0.07,0.0,255,7,0.03,0.07,0.0,1.0,1.0,0.0,1,4000.0
45,5,0,0,0,0,138,1.0,1.0,0.04,0.06,0.0,255,13,0.05,0.06,0.0,1.0,1.0,0.0,1,77968.0
49,9,1500,391,0,1,1,0.0,0.0,1.0,0.0,0.0,255,5,0.02,0.02,0.0,0.98,0.0,0.0,0,113630.0
11,9,46,78,0,0,31,0.0,0.0,1.0,0.0,0.0,255,255,1.0,0.0,0.0,0.0,0.0,0.0,0,82182.0
52,5,0,0,0,0,140,1.0,1.0,0.08,0.06,0.0,255,5,0.02,0.06,0.0,1.0,1.0,0.0,1,83480.0
22,9,209,7355,0,1,4,0.0,0.0,1.0,0.0,0.33,255,255,1.0,0.0,0.0,0.0,0.0,0.0,0,74605.0
45,5,0,0,0,0,105,1.0,1.0,0.12,0.06,0.0,255,12,0.05,0.07,0.0,1.0,1.0,0.0,1,38985.0
19,9,641,0,0,1,2,0.0,0.0,1.0,0.0,0.0,61,64,0.08,0.05,0.03,0.0,0.25,0.0,0,34336.0
22,9,325,14864,0,1,1,0.0,0.0,1.0,0.0,0.0,146,250,1.0,0.0,0.07,0.0,0.0,0.74,0,60063.0
45,1,0,0,0,0,1,0.0,0.0,1.0,0.0,0.0,255,1,0.0,0.34,0.0,0.0,0.0,1.0,1,13860.0
59,9,182,0,0,0,2,0.0,0.0,1.0,0.0,0.0,255,22,0.09,0.01,0.0,0.0,0.0,0.0,0,89834.0
45,4,1,0,0,0,2,0.0,0.0,1.0,0.0,0.0,255,2,0.01,0.75,0.0,0.0,0.0,1.0,1,82927.0
51,5,0,0,0,0,237,1.0,1.0,0.04,0.06,0.0,255,10,0.04,0.07,0.0,1.0,1.0,0.0,1,14628.0
45,5,0,0,0,0,105,1.0,1.0,0.05,0.07,0.0,103,5,0.05,0.09,0.0,1.0,1.0,0.0,1,94588.0
49,9,1868,363,0,1,1,0.0,0.0,1.0,0.0,0.0,54,31,0.57,0.11,0.0,0.0,0.0,0.0,0,97017.0
28,5,0,0,0,0,104,1.0,1.0,0.01,0.07,0.0,255,19,0.07,0.05,0.0,1.0,1.0,0.0,1,15589.0
11,9,46,74,0,0,159,0.0,0.0,1.0,0.0,0.01,255,229,0.9,0.01,0.0,0.0,0.0,0.0,0,60538.0
45,5,0,0,0,0,116,1.0,1.0,0.15,0.07,0.0,255,17,0.07,0.07,0.0,1.0,1.0,0.0,1,73761.0
15,5,0,0,0,0,98,1.0,1.0,0.01,0.05,0.0,255,1,0.0,0.05,0.0,1.0,1.0,0.0,1,120904.0
18,9,1049,2274,0,1,1,0.0,0.0,1.0,0.0,0.0,255,26,0.1,0.02,0.0,0.12,0.0,0.0,1,12201.0
19,9,22,0,0,1,2,0.0,0.0,1.0,0.0,0.0,255,67,0.26,0.02,0.0,0.94,0.9,0.0,0,82637.0
22,9,54540,8314,0,1,3,0.0,0.0,1.0,0.0,0.5,255,255,1.0,0.0,0.0,0.01,0.01,0.02,1,23103.0
43,9,38,130,0,1,1,0.0,0.0,1.0,0.0,0.0,210,2,0.01,0.03,0.0,0.0,0.0,0.0,0,27831.0
22,9,324,2948,0,1,8,0.0,0.0,1.0,0.0,0.0,130,255,1.0,0.0,0.02,0.0,0.01,0.0,0,29686.0
45,1,0,0,0,0,2,0.0,0.0,0.5,1.0,0.0,255,1,0.0,0.93,0.0,0.0,0.0,1.0,1,120238.0
11,9,43,126,0,0,190,0.0,0.0,1.0,0.0,0.0,255,251,0.98,0.01,0.0,0.0,0.0,0.0,0,17774.0
11,9,44,126,0,0,57,0.0,0.0,1.0,0.0,0.0,255,188,0.74,0.01,0.0,0.0,0.0,0.0,0,78575.0
22,9,208,5940,0,1,1,0.0,0.0,1.0,0.0,1.0,31,255,1.0,0.0,0.07,0.0,0.0,0.0,0,113917.0
22,9,258,285,0,1,20,0.0,0.0,1.0,0.0,0.0,255,255,1.0,0.0,0.0,0.0,0.0,0.0,0,111406.0
11,9,42,42,0,0,9,0.0,0.0,1.0,0.0,0.2,255,148,0.58,0.01,0.0,0.0,0.0,0.0,0,114219.0
55,9,518,17680,0,1,1,0.0,0.0,1.0,0.0,0.0,204,103,0.5,0.01,0.0,0.98,0.97,0.0,0,59892.0
13,9,8,0,0,0,1,0.0,0.0,1.0,0.0,1.0,1,81,1.0,0.0,0.51,0.0,0.0,0.0,1,66353.0
14,9,8,0,0,0,2,0.0,0.0,1.0,0.0,0.0,2,2,1.0,0.0,0.0,0.0,0.0,0.0,1,23632.0
12,5,0,0,0,0,40,1.0,1.0,0.03,0.12,0.0,255,12,0.05,0.07,0.0,1.0,1.0,0.0,1,82063.0
40,9,48,48,0,0,1,0.0,0.0,1.0,0.0,0.0,203,103,0.51,0.01,0.0,0.0,0.0,0.0,0,5928.0
22,9,302,2430,0,1,2,0.0,0.6,1.0,0.0,0.4,41,255,1.0,0.0,0.03,0.0,0.01,0.0,0,32217.0
41,9,147,0,0,0,1,0.0,0.0,1.0,0.0,0.0,255,1,0.0,0.79,0.0,0.0,0.0,0.0,0,25817.0
22,9,222,238,0,1,1,0.0,0.0,1.0,0.0,0.0,79,255,1.0,0.0,0.07,0.0,0.0,0.02,0,1684.0
45,5,0,0,0,0,75,1.0,1.0,0.31,0.07,0.0,255,23,0.09,0.05,0.0,1.0,1.0,0.0,1,124274.0
45,5,0,0,0,0,201,1.0,1.0,0.06,0.07,0.0,255,12,0.05,0.06,0.0,1.0,1.0,0.0,1,62917.0
16,2,0,0,0,0,148,0.0,0.0,0.14,0.05,0.0,255,13,0.05,0.07,0.0,0.0,0.0,1.0,1,97094.0
45,1,0,0,0,0,231,0.11,0.0,0.0,1.0,0.0,255,1,0.0,0.96,0.0,0.1,0.0,1.0,1,90120.0
45,1,0,0,0,0,273,0.0,0.0,0.05,0.07,0.0,255,13,0.05,0.09,0.0,0.0,0.0,1.0,1,77444.0
62,5,0,0,0,0,267,1.0,1.0,0.08,0.05,0.0,255,21,0.08,0.05,0.0,1.0,1.0,0.0,1,43476.0
22,9,204,564,0,1,4,0.0,0.0,1.0,0.0,0.12,4,255,1.0,0.0,0.01,0.0,0.0,0.0,0,90100.0
45,9,28,0,3,0,169,0.59,0.0,0.41,0.04,0.0,255,69,0.27,0.73,0.0,0.09,0.0,0.0,1,121006.0
23,1,0,0,0,0,124,0.0,0.0,0.09,0.06,0.0,255,11,0.04,0.08,0.0,0.0,0.0,1.0,1,117579.0
22,9,317,2823,0,1,12,0.0,0.0,1.0,0.0,0.09,12,255,1.0,0.0,0.01,0.0,0.0,0.0,0,52613.0
49,9,735,336,0,1,1,0.0,0.0,1.0,0.0,1.0,212,181,0.69,0.02,0.01,0.0,0.0,0.0,0,52656.0
22,9,229,406,0,1,17,0.0,0.0,1.0,0.0,0.0,91,255,1.0,0.0,0.02,0.0,0.0,0.0,0,121307.0
22,5,0,0,0,0,264,1.0,1.0,0.07,0.05,0.0,255,19,0.07,0.05,0.0,1.0,1.0,0.0,1,38189.0
22,9,246,242,0,1,1,0.0,0.0,1.0,0.0,0.0,98,255,1.0,0.0,0.02,0.0,0.0,0.0,0,20708.0
59,9,182,0,0,0,4,0.0,0.0,0.5,0.5,0.67,255,10,0.04,0.01,0.0,0.0,0.0,0.0,0,94519.0
14,9,520,0,0,0,3,0.0,0.0,1.0,0.0,0.0,255,255,1.0,0.0,0.0,0.0,0.0,0.0,1,39951.0
19,9,59,0,0,1,8,0.0,0.0,1.0,0.0,0.0,255,14,0.05,0.07,0.0,0.88,0.0,0.0,0,115425.0
45,4,1,0,0,0,2,0.0,0.0,1.0,0.0,0.0,255,2,0.01,0.81,0.0,0.0,0.0,1.0,1,124387.0
3,9,9,34,0,0,7,0.0,0.0,0.14,0.29,0.0,255,1,0.0,0.01,0.0,0.0,0.0,0.0,0,44925.0
11,9,45,138,0,0,302,0.0,0.0,1.0,0.01,0.0,255,224,0.88,0.01,0.0,0.0,0.0,0.0,0,24164.0
14,9,1032,0,0,0,511,0.0,0.0,1.0,0.0,0.0,255,111,0.44,0.19,0.0,0.0,0.0,0.0,1,65971.0
22,9,316,1100,0,1,15,0.0,0.0,1.0,0.0,0.12,255,255,1.0,0.0,0.0,0.0,0.0,0.0,0,71886.0
2,5,0,0,0,0,260,1.0,1.0,0.04,0.06,0.0,255,11,0.04,0.07,0.0,1.0,1.0,0.0,1,38889.0
27,5,0,0,0,0,119,1.0,1.0,0.05,0.06,0.0,255,6,0.02,0.05,0.0,1.0,1.0,0.0,1,96808.0
45,9,207,0,0,0,2,0.0,0.0,1.0,0.0,0.0,126,110,0.87,0.02,0.0,0.0,0.0,0.0,1,37858.0
49,9,1940,437,0,1,1,0.0,0.0,1.0,0.0,1.0,98,176,0.79,0.03,0.01,0.01,0.0,0.0,0,55917.0
22,1,0,0,0,0,1,0.0,0.0,1.0,0.0,0.0,1,255,1.0,0.0,0.19,0.0,0.0,0.93,0,17480.0
45,9,207,0,0,0,2,0.0,0.0,1.0,0.0,0.0,88,72,0.82,0.02,0.0,0.0,0.0,0.0,1,45313.0
13,9,8,0,0,0,1,0.0,0.0,1.0,0.0,0.0,1,129,1.0,0.0,0.51,0.0,0.0,0.0,1,103705.0
55,5,0,0,0,0,228,1.0,1.0,0.03,0.07,0.0,255,9,0.04,0.07,0.0,1.0,1.0,0.0,1,56881.0
49,9,726,330,0,1,1,0.0,0.0,1.0,0.0,1.0,114,130,0.64,0.05,0.02,0.0,0.0,0.0,0,60686.0
45,9,105,146,0,0,1,0.0,0.0,1.0,0.0,0.0,255,252,0.99,0.01,0.0,0.0,0.0,0.0,0,42136.0
19,9,383,0,0,0,2,0.0,0.0,1.0,0.0,0.0,43,73,0.07,0.09,0.03,0.0,0.0,0.0,0,15127.0
45,4,0,0,0,0,1,0.0,0.0,1.0,0.0,0.0,255,1,0.0,0.32,0.0,0.0,0.0,1.0,1,47130.0
13,9,8,0,0,0,1,0.0,0.0,1.0,0.0,1.0,1,85,1.0,0.0,0.51,0.0,0.0,0.0,1,6920.0
22,9,211,1438,0,1,2,0.0,0.0,1.0,0.0,0.08,255,255,1.0,0.0,0.0,0.0,0.0,0.0,0,31448.0
45,1,0,0,0,0,94,0.07,0.0,0.01,1.0,0.0,255,1,0.0,0.64,0.0,0.03,0.0,1.0,1,5128.0
41,9,147,147,0,0,2,0.0,0.0,1.0,0.0,0.0,255,2,0.01,0.59,0.0,0.0,0.0,0.0,0,2049.0
53,5,0,0,0,0,150,1.0,1.0,0.07,0.07,0.0,255,11,0.04,0.06,0.0,1.0,1.0,0.0,1,81103.0
53,5,0,0,0,0,171,1.0,1.0,0.05,0.07,0.0,255,8,0.03,0.07,0.0,1.0,1.0,0.0,1,71870.0
11,9,46,46,0,0,92,0.0,0.0,1.0,0.0,0.01,255,255,1.0,0.0,0.0,0.0,0.0,0.0,0,44144.0
22,9,298,1380,0,1,7,0.0,0.0,1.0,0.0,0.0,255,248,0.97,0.01,0.0,0.0,0.0,0.0,0,21043.0
45,4,1,0,0,0,2,0.0,0.0,1.0,0.0,0.0,255,2,0.01,0.33,0.0,0.0,0.0,1.0,1,34245.0
53,5,0,0,0,0,231,1.0,1.0,0.06,0.06,0.0,255,14,0.05,0.07,0.0,1.0,1.0,0.0,1,83036.0
39,5,0,0,0,0,95,1.0,1.0,0.06,0.06,0.0,255,3,0.01,0.07,0.0,1.0,1.0,0.0,1,8188.0
22,9,316,337,0,1,24,0.0,0.0,1.0,0.0,0.0,55,255,1.0,0.0,0.01,0.0,0.0,0.0,0,25638.0
36,1,0,0,0,0,221,0.0,0.0,0.05,0.07,0.0,255,11,0.04,0.07,0.0,0.0,0.0,1.0,1,86141.0
22,9,360,409,0,1,41,0.0,0.0,1.0,0.0,0.0,255,255,1.0,0.0,0.0,0.0,0.0,0.0,0,47796.0
11,9,44,131,0,0,129,0.0,0.0,1.0,0.0,0.01,255,255,1.0,0.0,0.0,0.0,0.0,0.0,0,54783.0
13,9,18,0,0,0,1,0.0,0.0,1.0,0.0,0.0,4,16,1.0,0.0,0.25,0.0,0.0,0.0,1,43038.0
49,9,2610,324,0,1,1,0.0,0.0,1.0,0.0,1.0,28,248,1.0,0.0,0.01,0.0,0.0,0.0,0,24930.0
14,9,1032,0,0,0,511,0.0,0.0,1.0,0.0,0.0,255,210,0.82,0.01,0.0,0.0,0.0,0.0,1,99241.0
22,9,290,313,0,1,8,0.0,0.0,1.0,0.0,0.0,255,255,1.0,0.0,0.0,0.0,0.0,0.0,0,108377.0
22,1,0,0,0,0,1,0.0,0.0,1.0,0.0,1.0,45,255,1.0,0.0,0.1,0.0,0.0,0.95,0,90054.0
41,4,1,0,0,0,2,0.0,0.0,1.0,0.0,0.0,255,2,0.01,0.73,0.0,0.0,0.0,1.0,1,31289.0
22,9,156,1493,0,1,1,0.0,0.0,1.0,0.0,0.17,255,255,1.0,0.0,0.0,0.0,0.0,0.0,0,10527.0
22,9,231,17143,0,1,20,0.0,0.0,1.0,0.0,0.07,188,255,1.0,0.0,0.01,0.0,0.0,0.0,0,114563.0
45,1,0,0,0,0,2,0.0,0.0,0.5,1.0,0.0,255,1,0.0,0.59,0.0,0.0,0.0,1.0,1,53724.0
6,5,0,0,0,0,239,1.0,1.0,0.03,0.07,0.0,255,6,0.02,0.08,0.0,1.0,1.0,0.0,1,69710.0
22,9,308,368,0,1,5,0.0,0.0,1.0,0.0,0.33,5,255,1.0,0.0,0.03,0.0,0.0,0.0,0,74804.0
45,5,0,0,0,0,124,1.0,1.0,0.08,0.06,0.0,255,6,0.02,0.07,0.0,1.0,1.0,0.0,1,64193.0
22,9,309,10929,0,1,1,0.0,0.0,1.0,0.0,0.0,40,255,1.0,0.0,0.03,0.0,0.0,0.01,0,23942.0
19,9,383,0,0,0,2,0.0,0.0,1.0,0.0,0.0,166,18,0.05,0.02,0.11,0.01,0.0,0.0,0,1378.0
22,9,338,10111,0,1,1,0.0,0.0,1.0,0.0,0.0,4,255,1.0,0.0,0.03,0.0,0.0,0.0,0,10002.0
55,9,427,47657,0,1,1,0.0,0.0,1.0,0.0,0.0,1,1,1.0,0.0,0.0,0.0,0.0,0.0,0,9952.0
18,5,0,0,0,0,289,1.0,1.0,0.07,0.05,0.0,255,20,0.08,0.05,0.0,1.0,1.0,0.0,1,6219.0
61,5,0,0,0,0,259,1.0,1.0,0.03,0.06,0.0,255,7,0.03,0.07,0.0,1.0,1.0,0.0,1,55390.0
45,5,0,0,0,0,217,1.0,1.0,0.08,0.06,0.0,255,19,0.07,0.05,0.0,1.0,1.0,0.0,1,95297.0
11,9,45,123,0,0,29,0.0,0.0,1.0,0.0,0.03,255,255,1.0,0.0,0.0,0.0,0.0,0.0,0,12400.0
22,9,149,3991,0,1,6,0.0,0.04,1.0,0.0,0.09,18,255,1.0,0.0,0.03,0.0,0.0,0.0,0,9525.0
23,5,0,0,0,0,217,1.0,1.0,0.11,0.05,0.0,255,23,0.09,0.05,0.0,1.0,1.0,0.0,1,113966.0
54,5,0,0,0,0,285,1.0,1.0,0.05,0.06,0.0,255,5,0.02,0.05,0.0,1.0,1.0,0.0,1,21224.0
13,9,8,0,0,0,1,0.0,0.0,1.0,0.0,1.0,2,144,1.0,0.0,0.5,0.0,0.0,0.0,1,63470.0
45,1,0,0,0,0,167,0.0,0.0,0.04,0.07,0.0,255,6,0.02,0.09,0.0,0.0,0.0,1.0,1,96452.0
45,1,0,0,0,0,134,0.0,0.0,0.1,0.06,0.0,255,13,0.05,0.07,0.0,0.0,0.0,1.0,1,68794.0
22,9,340,851,0,1,11,0.0,0.0,1.0,0.0,0.11,12,255,1.0,0.0,0.03,0.0,0.0,0.0,0,102858.0
43,9,92,12629,0,1,1,0.0,0.0,1.0,0.0,0.0,2,1,0.5,1.0,0.0,0.0,0.0,0.0,0,122785.0
22,9,198,1018,0,1,5,0.0,0.0,1.0,0.0,0.3,173,255,1.0,0.0,0.01,0.0,0.0,0.0,0,119720.0
13,9,8,0,0,0,1,0.0,0.0,1.0,0.0,1.0,2,196,1.0,0.0,0.5,0.0,0.0,0.0,1,40973.0
22,9,305,309,0,1,9,0.0,0.0,1.0,0.0,0.0,255,255,1.0,0.0,0.0,0.0,0.0,0.0,0,43418.0
17,5,0,0,0,0,55,1.0,1.0,0.27,0.07,0.0,255,29,0.11,0.05,0.0,1.0,1.0,0.0,1,27214.0
19,9,57763,0,0,1,1,0.0,0.0,1.0,0.0,0.0,97,27,0.28,0.51,0.0,0.0,0.0,0.0,0,51815.0
14,9,520,0,0,0,120,0.0,0.0,1.0,0.0,0.0,255,255,1.0,0.0,0.0,0.0,0.0,0.0,1,21708.0
22,9,321,536,0,1,1,0.0,0.0,1.0,0.0,0.6,24,255,1.0,0.0,0.06,0.0,0.0,0.0,0,6308.0
22,1,0,0,0,0,1,0.0,0.0,1.0,0.0,0.0,14,1,0.07,0.36,0.0,0.07,0.0,1.0,0,110602.0
14,9,1032,0,0,0,511,0.0,0.0,1.0,0.0,0.0,192,47,0.24,0.02,0.0,0.0,0.0,0.0,1,66213.0
22,9,220,2432,0,1,1,0.0,0.0,1.0,0.0,0.0,1,255,1.0,0.0,0.04,0.0,0.0,0.0,0,10964.0
11,9,43,129,0,0,234,0.0,0.0,1.0,0.0,0.01,255,253,0.99,0.01,0.0,0.0,0.0,0.0,0,2780.0
55,5,0,0,0,0,27,1.0,1.0,0.26,0.07,0.0,49,11,0.18,0.06,0.18,0.96,0.64,0.0,1,105230.0
22,9,274,5894,0,1,6,0.0,0.0,1.0,0.0,0.0,255,255,1.0,0.0,0.0,0.0,0.0,0.0,0,2905.0
4,5,0,0,0,0,259,1.0,1.0,0.01,0.05,0.0,255,2,0.01,0.05,0.0,1.0,1.0,0.0,1,117954.0
22,9,316,7978,0,1,25,0.0,0.0,1.0,0.0,0.1,25,255,1.0,0.0,0.04,0.0,0.0,0.0,0,115484.0
45,4,0,0,0,0,451,0.0,0.0,0.0,0.52,0.0,255,2,0.01,0.51,0.0,0.0,0.0,1.0,1,41064.0
31,5,0,0,0,0,125,1.0,1.0,0.1,0.07,0.0,255,1,0.0,0.07,0.0,1.0,1.0,0.0,1,87993.0
22,9,322,1491,0,1,14,0.0,0.0,1.0,0.0,0.0,250,255,1.0,0.0,0.01,0.0,0.0,0.0,0,37147.0
21,5,0,0,0,0,172,1.0,1.0,0.01,0.08,0.0,255,1,0.0,0.07,0.0,1.0,1.0,0.0,1,81041.0
23,5,0,0,0,0,92,1.0,1.0,0.08,0.08,0.0,255,7,0.03,0.06,0.0,1.0,1.0,0.0,1,32335.0
60,2,0,0,0,0,80,0.0,0.0,0.11,0.08,0.0,255,9,0.04,0.08,0.0,0.0,0.0,1.0,1,47831.0
38,1,0,0,0,0,145,0.0,0.0,0.11,0.06,0.0,255,15,0.06,0.06,0.0,0.0,0.0,1.0,1,19204.0
54,5,0,0,0,0,217,1.0,1.0,0.05,0.06,0.0,255,19,0.07,0.06,0.0,1.0,1.0,0.0,1,12823.0
19,5,0,0,0,0,248,1.0,1.0,0.0,0.06,0.0,255,17,0.07,0.07,0.0,1.0,1.0,0.0,1,73253.0
22,9,288,788,0,1,12,0.0,0.0,1.0,0.0,0.1,114,255,1.0,0.0,0.01,0.0,0.0,0.0,0,44262.0
22,9,211,581,0,1,36,0.0,0.0,1.0,0.0,0.05,255,255,1.0,0.0,0.0,0.0,0.0,0.0,0,63425.0
17,9,6,32,0,0,4,0.0,0.0,0.75,0.5,0.5,255,3,0.01,0.31,0.0,0.0,0.0,0.0,1,76229.0
22,9,233,530,0,1,3,0.0,0.0,1.0,0.0,0.5,91,255,1.0,0.0,0.02,0.0,0.0,0.0,0,9825.0
22,9,307,673,0,1,9,0.0,0.0,1.0,0.0,0.17,188,237,1.0,0.0,0.04,0.01,0.0,0.0,0,2832.0
33,5,0,0,0,0,274,1.0,1.0,0.03,0.06,0.0,255,7,0.03,0.07,0.0,1.0,1.0,0.0,1,77777.0
22,1,0,0,0,0,1,0.0,0.0,1.0,0.0,0.0,26,254,1.0,0.0,0.16,0.0,0.0,0.98,0,97433.0
22,1,0,0,0,0,1,0.0,0.0,1.0,0.0,0.0,14,255,1.0,0.0,0.07,0.0,0.0,0.99,0,120868.0
22,9,339,836,0,1,2,0.0,0.0,1.0,0.0,0.75,255,255,1.0,0.0,0.0,0.0,0.0,0.0,0,107744.0
45,5,0,0,0,0,115,1.0,1.0,0.15,0.06,0.0,255,37,0.15,0.05,0.0,1.0,1.0,0.0,1,47774.0
22,9,209,25167,0,1,1,0.0,0.0,1.0,0.0,1.0,34,255,1.0,0.0,0.04,0.0,0.0,0.0,0,30515.0
45,5,0,0,0,0,89,1.0,1.0,0.17,0.06,0.0,255,1,0.0,0.07,0.0,1.0,1.0,0.0,1,62683.0
22,9,319,274,0,1,26,0.0,0.0,1.0,0.0,0.0,27,255,1.0,0.0,0.02,0.0,0.0,0.0,0,1911.0
14,9,1032,0,0,0,511,0.0,0.0,1.0,0.0,0.0,255,146,0.57,0.02,0.0,0.01,0.0,0.0,1,100819.0
13,9,8,0,0,0,1,0.0,0.0,1.0,0.0,1.0,2,10,1.0,0.0,0.3,0.0,0.0,0.0,1,1808.0
11,9,46,46,0,0,104,0.0,0.0,1.0,0.0,0.01,255,255,1.0,0.0,0.0,0.0,0.0,0.0,0,36109.0
22,9,271,8819,0,1,7,0.0,0.0,1.0,0.0,0.0,22,255,1.0,0.0,0.01,0.0,0.0,0.02,0,79659.0
22,9,234,433,0,1,1,0.0,0.0,1.0,0.0,0.0,3,255,1.0,0.0,0.07,0.33,0.01,0.0,0,27779.0
19,9,88382,0,0,0,20,0.0,0.0,1.0,0.0,0.0,85,92,0.47,0.06,0.02,0.0,0.0,0.0,0,107139.0
45,5,0,0,0,0,32,1.0,1.0,0.06,0.12,0.0,255,2,0.01,0.07,0.0,1.0,1.0,0.0,1,45510.0
49,9,3591,449,0,1,1,0.0,0.0,1.0,0.0,1.0,108,230,0.95,0.02,0.01,0.0,0.0,0.0,0,21025.0
22,1,0,0,0,0,1,0.0,0.0,1.0,0.0,0.0,1,187,1.0,0.0,0.03,0.0,0.0,1.0,0,93644.0
22,9,228,4781,0,1,12,0.0,0.0,1.0,0.0,0.0,255,255,1.0,0.0,0.0,0.0,0.0,0.0,0,22839.0
55,5,0,0,0,0,14,1.0,1.0,1.0,0.0,0.0,16,16,1.0,0.0,0.0,0.88,0.88,0.0,1,53822.0
22,9,340,698,0,1,1,0.0,0.0,1.0,0.0,0.67,30,255,1.0,0.0,0.02,0.0,0.0,0.0,0,17603.0
22,9,305,1380,0,1,10,0.0,0.0,1.0,0.0,0.0,255,244,0.96,0.02,0.0,0.0,0.0,0.0,0,33288.0
19,9,12,0,0,1,2,0.0,0.0,1.0,0.0,0.0,11,88,0.36,0.27,0.02,0.0,0.01,0.0,0,282.0
32,5,0,0,0,0,292,1.0,1.0,0.01,0.05,0.0,255,4,0.02,0.05,0.0,1.0,1.0,0.0,1,16036.0
49,9,1266,329,0,1,1,0.0,0.0,1.0,0.0,1.0,3,133,0.67,0.67,0.02,0.0,0.02,0.01,0,88781.0
11,9,45,45,0,0,105,0.0,0.0,1.0,0.0,0.02,255,254,1.0,0.01,0.0,0.0,0.0,0.0,0,65734.0
22,9,294,3005,0,1,4,0.0,0.0,1.0,0.0,0.15,4,255,1.0,0.0,0.01,0.0,0.0,0.0,0,78014.0
14,9,1032,0,0,0,511,0.0,0.0,1.0,0.0,0.0,163,18,0.11,0.02,0.0,0.0,0.0,0.0,1,81283.0
57,5,0,0,0,0,229,1.0,1.0,0.03,0.07,0.0,255,14,0.05,0.07,0.0,1.0,1.0,0.0,1,49201.0
22,9,300,1416,0,1,15,0.0,0.0,1.0,0.0,0.0,175,255,1.0,0.0,0.02,0.0,0.0,0.0,0,52750.0
3,5,0,0,0,0,271,1.0,1.0,0.06,0.06,0.0,255,17,0.07,0.07,0.0,1.0,1.0,0.0,1,33471.0
17,5,0,0,0,0,299,1.0,1.0,0.04,0.05,0.0,255,11,0.04,0.05,0.0,1.0,1.0,0.0,1,44530.0
22,9,204,1370,0,1,21,0.0,0.0,1.0,0.0,0.0,22,255,1.0,0.0,0.04,0.0,0.0,0.0,0,69876.0
18,9,947,2720,0,1,1,0.0,0.0,1.0,0.0,0.0,20,5,0.25,0.15,0.0,0.0,0.0,0.0,0,30913.0
22,9,227,467,0,1,8,0.0,0.0,1.0,0.0,0.23,123,255,1.0,0.0,0.02,0.0,0.0,0.0,0,86677.0
22,9,251,4266,0,1,1,0.0,0.0,1.0,0.0,1.0,1,255,1.0,0.0,0.03,0.0,0.0,0.0,0,45128.0
5,5,0,0,0,0,108,1.0,1.0,0.04,0.06,0.0,255,4,0.02,0.06,0.0,1.0,1.0,0.0,1,106520.0
22,9,238,441,0,1,2,0.0,0.0,1.0,0.0,0.0,91,139,1.0,0.0,0.03,0.0,0.0,0.0,0,83182.0
22,9,227,2850,0,1,5,0.0,0.0,1.0,0.0,0.0,5,255,1.0,0.0,0.04,0.0,0.0,0.0,0,119078.0
45,5,0,0,0,0,190,1.0,1.0,0.13,0.05,0.0,255,25,0.1,0.05,0.0,1.0,1.0,0.0,1,125857.0
22,9,287,28967,0,1,5,0.0,0.0,1.0,0.0,0.0,11,255,1.0,0.0,0.01,0.0,0.0,0.0,0,123874.0
22,9,316,268,0,1,1,0.0,0.0,1.0,0.0,0.0,255,248,0.97,0.01,0.0,0.0,0.0,0.01,0,107240.0
32,5,0,0,0,0,202,1.0,1.0,0.03,0.06,0.0,255,7,0.03,0.07,0.0,1.0,1.0,0.0,1,115791.0
39,2,0,0,0,0,274,0.0,0.0,0.03,0.06,0.0,255,7,0.03,0.07,0.0,0.0,0.0,1.0,1,16944.0
22,9,54540,8314,0,1,3,0.0,0.0,0.67,0.67,0.67,255,255,1.0,0.0,0.0,0.0,0.0,0.02,1,102907.0
51,1,0,0,0,0,246,0.0,0.0,0.07,0.07,0.0,255,16,0.06,0.07,0.0,0.0,0.0,1.0,1,22555.0
22,9,225,770,0,1,5,0.0,0.0,1.0,0.0,0.31,255,255,1.0,0.0,0.0,0.0,0.0,0.0,0,8599.0
22,9,292,805,0,1,13,0.0,0.0,1.0,0.0,0.05,141,255,1.0,0.0,0.02,0.0,0.0,0.0,0,38462.0
45,5,0,0,0,0,193,1.0,1.0,0.03,0.06,0.0,255,15,0.06,0.07,0.0,1.0,1.0,0.0,1,57511.0
19,5,0,0,0,0,26,1.0,1.0,0.23,0.15,0.0,255,52,0.2,0.04,0.0,1.0,1.0,0.0,1,67962.0
22,9,293,398,0,1,10,0.2,0.18,1.0,0.0,0.18,255,255,1.0,0.0,0.0,0.01,0.01,0.0,0,40754.0
45,5,0,0,0,0,196,1.0,1.0,0.12,0.06,0.0,57,17,0.3,0.16,0.0,0.75,1.0,0.0,1,62464.0
60,5,0,0,0,0,134,1.0,1.0,0.06,0.06,0.0,255,8,0.03,0.06,0.0,1.0,1.0,0.0,1,82769.0
11,9,44,44,0,0,209,0.0,0.0,1.0,0.0,0.0,255,255,1.0,0.0,0.0,0.0,0.0,0.0,0,21629.0
45,5,0,0,0,0,144,1.0,1.0,0.1,0.06,0.0,255,14,0.05,0.08,0.0,1.0,1.0,0.0,1,27448.0
22,9,201,7384,0,1,11,0.09,0.09,1.0,0.0,0.0,73,255,1.0,0.0,0.01,0.0,0.0,0.0,0,113521.0
13,9,8,0,0,0,1,0.0,0.0,1.0,0.0,1.0,1,86,1.0,0.0,0.51,0.0,0.0,0.0,1,13504.0
22,9,224,3073,0,1,2,0.0,0.0,1.0,0.0,0.45,50,255,1.0,0.0,0.05,0.0,0.0,0.0,0,42221.0
4,5,0,0,0,0,215,1.0,1.0,0.07,0.06,0.0,255,6,0.02,0.09,0.0,1.0,1.0,0.0,1,49908.0
22,9,349,343,0,1,19,0.0,0.0,1.0,0.0,0.18,255,255,1.0,0.0,0.0,0.0,0.0,0.0,0,7525.0
22,9,314,1018,0,1,16,0.0,0.0,1.0,0.0,0.1,255,255,1.0,0.0,0.0,0.0,0.0,0.0,0,58798.0
45,1,0,0,0,0,169,0.0,0.0,0.04,0.07,0.0,255,7,0.03,0.07,0.0,0.0,0.0,1.0,1,50602.0
45,1,0,0,0,0,272,0.0,0.0,0.04,0.06,0.0,255,10,0.04,0.07,0.0,0.0,0.0,1.0,1,59176.0
22,9,297,373,0,1,6,0.0,0.0,1.0,0.0,0.0,97,255,1.0,0.0,0.04,0.0,0.0,0.0,0,63690.0
45,9,1,0,0,0,30,0.0,0.0,0.03,0.13,0.0,255,1,0.0,0.08,0.0,0.0,0.0,0.0,1,35483.0
13,9,8,0,0,0,1,0.0,0.0,1.0,0.0,1.0,1,61,1.0,0.0,0.51,0.0,0.0,0.0,1,64161.0
5,5,0,0,0,0,131,1.0,1.0,0.15,0.05,0.0,255,19,0.07,0.05,0.0,1.0,1.0,0.0,1,86917.0
14,9,520,0,0,0,26,0.0,0.0,1.0,0.0,0.0,255,255,1.0,0.0,0.0,0.0,0.0,0.0,1,88652.0
18,9,1512,4152,0,1,1,0.0,0.0,1.0,0.0,0.0,172,59,0.34,0.03,0.0,0.0,0.0,0.0,0,39065.0
41,9,516,4,0,0,113,0.0,0.0,1.0,0.0,0.0,113,113,1.0,0.0,0.0,0.0,0.0,0.0,0,71635.0
22,9,223,4285,0,1,3,0.0,0.0,1.0,0.0,0.0,255,255,1.0,0.0,0.0,0.0,0.0,0.0,0,55362.0
50,5,0,0,0,0,270,1.0,1.0,0.07,0.06,0.0,255,8,0.03,0.08,0.0,1.0,1.0,0.0,1,10396.0
29,5,0,0,0,0,300,1.0,1.0,0.08,0.05,0.0,255,25,0.1,0.05,0.0,1.0,1.0,0.0,1,35558.0
14,9,1032,0,0,0,47,0.0,0.0,1.0,0.0,0.0,240,146,0.61,0.03,0.0,0.01,0.0,0.0,1,7115.0
11,9,45,126,0,0,192,0.0,0.0,0.99,0.01,0.0,81,48,0.59,0.02,0.0,0.0,0.0,0.0,0,3639.0
41,9,146,105,0,0,1,0.0,0.0,1.0,0.0,0.0,255,1,0.0,0.68,0.0,0.0,0.0,0.0,0,11017.0
22,9,309,2698,0,1,1,0.0,0.0,1.0,0.0,1.0,255,242,0.95,0.02,0.0,0.0,0.0,0.0,0,47697.0
19,5,0,0,0,0,31,1.0,1.0,0.35,0.06,0.0,255,51,0.2,0.04,0.0,1.0,1.0,0.0,1,76435.0
22,9,313,1707,0,1,7,0.0,0.0,1.0,0.0,0.13,7,185,1.0,0.0,0.05,0.0,0.01,0.0,0,50640.0
7,5,0,0,0,0,37,1.0,1.0,0.16,0.11,0.0,255,6,0.02,0.08,0.0,1.0,1.0,0.0,1,48553.0
22,9,219,11394,0,1,21,0.0,0.0,1.0,0.0,0.11,87,255,1.0,0.0,0.03,0.0,0.0,0.06,0,47715.0
19,9,8325,0,0,0,16,0.0,0.0,1.0,0.0,0.0,36,28,0.78,0.06,0.0,0.0,0.0,0.0,0,42410.0
22,9,268,1324,0,1,10,0.0,0.0,1.0,0.0,0.0,58,255,1.0,0.0,0.03,0.0,0.0,0.0,0,27054.0
22,9,327,392,0,1,14,0.0,0.0,1.0,0.0,0.13,82,255,1.0,0.0,0.05,0.01,0.01,0.0,0,110349.0
13,9,8,0,0,0,1,0.0,0.0,1.0,0.0,1.0,2,162,1.0,0.0,0.25,0.0,0.0,0.0,1,27669.0
22,9,218,3966,0,1,11,0.0,0.0,1.0,0.0,0.0,11,255,1.0,0.0,0.05,0.0,0.0,0.0,0,78095.0
11,9,42,42,0,0,2,0.0,0.0,1.0,0.0,0.5,255,238,0.93,0.01,0.0,0.0,0.0,0.0,0,92550.0
19,8,12984,0,0,1,2,0.5,0.5,1.0,0.0,0.0,191,47,0.1,0.06,0.04,0.03,0.06,0.0,0,21638.0
54,5,0,0,0,0,283,1.0,1.0,0.05,0.06,0.0,255,7,0.03,0.05,0.0,1.0,1.0,0.0,1,89896.0
55,9,102,3741,0,1,1,0.0,0.0,1.0,0.0,0.0,14,1,0.07,0.21,0.0,0.0,0.0,0.0,0,22285.0
22,9,161,4521,0,1,1,0.0,0.0,1.0,0.0,1.0,15,255,1.0,0.0,0.03,0.0,0.0,0.0,0,64444.0
45,9,1,0,0,0,33,0.0,0.0,0.52,0.09,0.0,255,17,0.07,0.6,0.0,0.05,0.0,0.0,1,53180.0
11,9,45,133,0,0,75,0.0,0.0,1.0,0.0,0.01,255,255,1.0,0.0,0.0,0.0,0.0,0.0,0,2410.0
45,5,0,0,0,0,127,1.0,1.0,0.13,0.07,0.0,255,14,0.05,0.08,0.0,1.0,1.0,0.0,1,47399.0
13,9,8,0,0,0,1,0.0,0.0,1.0,0.0,1.0,4,196,1.0,0.0,0.25,0.0,0.0,0.0,1,30700.0
22,9,317,2099,0,1,1,0.0,0.0,1.0,0.0,0.0,255,255,1.0,0.0,0.0,0.0,0.0,0.0,0,50158.0
19,9,4316,0,0,1,1,0.0,0.0,1.0,0.0,0.0,99,48,0.07,0.07,0.04,0.0,0.0,0.0,0,34654.0
19,9,19,0,0,0,2,0.0,0.0,1.0,0.0,0.0,6,30,1.0,0.0,0.07,0.0,0.0,0.0,1,100305.0
22,9,292,458,0,1,8,0.0,0.0,1.0,0.0,0.16,255,255,1.0,0.0,0.0,0.0,0.0,0.0,0,98433.0
22,9,332,1930,0,1,11,0.0,0.0,1.0,0.0,0.17,11,255,1.0,0.0,0.06,0.0,0.0,0.0,0,84924.0
43,9,35,130,0,1,1,0.0,0.0,1.0,0.0,0.0,154,6,0.03,0.05,0.33,0.0,0.0,0.0,0,48197.0
45,5,0,0,0,0,103,1.0,1.0,0.02,0.08,0.0,255,14,0.05,0.07,0.0,1.0,1.0,0.0,1,43472.0
22,9,232,1481,0,1,2,0.0,0.0,1.0,0.0,0.11,255,255,1.0,0.0,0.0,0.0,0.0,0.0,0,120790.0
45,1,0,0,0,0,217,0.0,0.0,0.07,0.06,0.0,255,16,0.06,0.08,0.0,0.0,0.0,1.0,1,54393.0
45,5,0,0,0,0,206,1.0,1.0,0.0,0.07,0.0,255,14,0.05,0.06,0.0,1.0,1.0,0.0,1,61709.0
22,9,298,324,0,1,11,0.0,0.0,1.0,0.0,0.0,45,255,1.0,0.0,0.05,0.0,0.0,0.0,0,67266.0
5,5,0,0,0,0,108,1.0,1.0,0.03,0.07,0.0,255,3,0.01,0.06,0.0,1.0,1.0,0.0,1,46303.0
11,9,45,131,0,0,182,0.0,0.0,0.99,0.01,0.0,71,38,0.54,0.03,0.0,0.0,0.0,0.0,0,26155.0
11,9,43,78,0,0,276,0.0,0.0,1.0,0.01,0.01,255,248,0.97,0.01,0.0,0.0,0.0,0.0,0,33945.0
41,9,145,105,0,0,1,0.0,0.0,1.0,0.0,0.0,255,1,0.0,0.13,0.0,0.0,0.0,0.0,0,10054.0
11,9,45,132,0,0,240,0.0,0.0,1.0,0.0,0.01,255,253,0.99,0.01,0.0,0.0,0.0,0.0,0,65296.0
22,9,285,6356,0,1,6,0.0,0.0,1.0,0.0,0.0,255,255,1.0,0.0,0.0,0.0,0.0,0.0,0,4071.0
13,9,8,0,0,0,1,0.0,0.0,1.0,0.0,1.0,1,173,1.0,0.0,0.25,0.0,0.0,0.0,1,12063.0
45,9,105,147,0,0,1,0.0,0.0,1.0,0.0,0.0,199,197,0.99,0.01,0.0,0.0,0.0,0.0,0,106350.0
22,9,328,2169,0,1,4,0.0,0.2,1.0,0.0,0.4,142,255,1.0,0.0,0.02,0.01,0.0,0.0,0,99586.0
22,9,272,1402,0,1,3,0.0,0.0,1.0,0.0,0.6,255,255,1.0,0.0,0.0,0.0,0.0,0.0,0,97178.0
22,9,230,3244,0,1,2,0.0,0.0,1.0,0.0,0.67,23,255,1.0,0.0,0.04,0.0,0.0,0.0,0,71842.0
25,5,0,0,0,0,255,1.0,1.0,0.04,0.06,0.0,255,11,0.04,0.07,0.0,1.0,1.0,0.0,1,44205.0
22,9,298,439,0,1,1,0.0,0.0,1.0,0.0,0.0,63,255,1.0,0.0,0.06,0.0,0.0,0.01,0,123110.0
45,5,0,0,0,0,147,1.0,1.0,0.1,0.05,0.0,255,17,0.07,0.07,0.0,1.0,1.0,0.0,1,59672.0
22,9,340,821,0,1,2,0.0,0.0,1.0,0.0,0.8,105,255,1.0,0.0,0.02,0.0,0.0,0.01,0,116892.0
23,5,0,0,0,0,124,1.0,1.0,0.05,0.06,0.0,255,14,0.05,0.07,0.0,1.0,1.0,0.0,1,88614.0
60,5,0,0,0,0,137,1.0,1.0,0.08,0.06,0.0,255,11,0.04,0.06,0.0,1.0,1.0,0.0,1,3573.0
22,9,218,2839,0,1,8,0.0,0.0,1.0,0.0,0.0,255,255,1.0,0.0,0.0,0.0,0.0,0.0,0,1483.0
45,5,0,0,0,0,167,1.0,1.0,0.15,0.04,0.0,255,25,0.1,0.05,0.0,1.0,1.0,0.0,1,81877.0
13,9,8,0,0,0,1,0.0,0.0,1.0,0.0,1.0,1,161,1.0,0.0,0.25,0.0,0.0,0.0,1,56422.0
36,5,0,0,0,0,235,1.0,1.0,0.0,0.07,0.0,255,1,0.0,0.08,0.0,1.0,1.0,0.0,1,30410.0
55,9,103,1448,0,0,1,0.0,0.0,1.0,0.0,0.0,146,4,0.03,0.05,0.0,0.0,0.0,0.0,0,36440.0
41,9,146,105,0,0,2,0.0,0.0,1.0,0.0,0.0,255,2,0.01,0.62,0.0,0.0,0.0,0.0,0,29509.0
22,9,292,318,0,1,3,0.0,0.0,1.0,0.0,0.16,255,255,1.0,0.0,0.0,0.0,0.0,0.0,0,7622.0
22,9,202,7535,0,1,12,0.0,0.0,1.0,0.0,0.15,84,255,1.0,0.0,0.01,0.0,0.0,0.0,0,121669.0
11,9,43,129,0,0,123,0.0,0.0,1.0,0.0,0.01,255,255,1.0,0.0,0.0,0.0,0.0,0.0,0,80262.0
22,9,238,1585,0,1,11,0.0,0.0,1.0,0.0,0.1,93,122,1.0,0.0,0.02,0.0,0.01,0.07,0,119718.0
45,9,105,147,0,0,1,0.0,0.0,1.0,0.0,0.0,133,132,0.99,0.02,0.0,0.0,0.0,0.0,0,40176.0
22,9,340,2009,0,1,5,0.0,0.0,1.0,0.0,0.0,47,255,1.0,0.0,0.02,0.0,0.0,0.0,0,114741.0
11,9,44,110,0,0,75,0.0,0.0,1.0,0.0,0.01,255,255,1.0,0.0,0.0,0.0,0.0,0.0,0,14958.0
45,5,0,0,0,0,132,1.0,1.0,0.09,0.07,0.0,255,32,0.13,0.05,0.0,1.0,1.0,0.0,1,105118.0
45,5,0,0,0,0,90,1.0,1.0,0.01,0.07,0.0,255,18,0.07,0.05,0.0,1.0,1.0,0.0,1,16863.0
19,9,190,0,0,1,2,0.0,0.0,1.0,0.0,0.0,25,2,0.08,0.12,0.0,0.0,0.0,0.0,0,35722.0
47,5,0,0,0,0,246,1.0,1.0,0.05,0.07,0.0,255,13,0.05,0.07,0.0,1.0,1.0,0.0,1,105621.0
55,5,0,0,0,0,29,1.0,1.0,0.21,0.14,0.0,255,63,0.25,0.02,0.0,1.0,1.0,0.0,1,119829.0
49,9,11070,922,0,1,1,0.0,0.0,1.0,0.0,0.0,255,13,0.05,0.01,0.0,0.0,0.0,0.0,0,3591.0
14,9,1032,0,0,0,511,0.0,0.0,1.0,0.0,0.0,255,63,0.25,0.04,0.0,0.17,0.0,0.0,1,39105.0
49,9,594,331,0,1,1,0.0,0.0,1.0,0.0,0.0,192,158,0.58,0.02,0.01,0.01,0.01,0.0,0,95739.0
17,5,0,0,0,0,102,1.0,1.0,0.13,0.06,0.0,255,6,0.02,0.07,0.0,1.0,1.0,0.0,1,98231.0
51,5,0,0,0,0,192,1.0,1.0,0.02,0.07,0.0,255,4,0.02,0.07,0.0,1.0,1.0,0.0,1,89768.0
22,9,301,2431,0,1,4,0.0,0.0,1.0,0.0,0.25,181,255,1.0,0.0,0.02,0.01,0.01,0.0,0,116293.0
2,5,0,0,0,0,224,1.0,1.0,0.05,0.06,0.0,255,12,0.05,0.07,0.0,1.0,1.0,0.0,1,23116.0
35,5,0,0,0,0,98,1.0,1.0,0.07,0.06,0.0,255,7,0.03,0.05,0.0,1.0,1.0,0.0,1,90867.0
45,5,0,0,0,0,201,1.0,1.0,0.1,0.06,0.0,255,5,0.02,0.08,0.0,1.0,1.0,0.0,1,104178.0
22,9,252,2362,0,1,8,0.0,0.0,1.0,0.0,0.22,235,255,1.0,0.0,0.02,0.0,0.0,0.0,0,84425.0
45,9,105,147,0,0,1,0.0,0.0,1.0,0.0,0.0,181,179,0.99,0.01,0.0,0.0,0.0,0.0,0,65097.0
22,1,0,0,0,0,1,0.0,0.0,1.0,0.0,0.0,35,253,1.0,0.0,0.21,0.0,0.0,0.9,0,102634.0
19,9,0,988002,0,0,1,0.0,0.0,1.0,0.0,1.0,3,3,1.0,0.0,0.0,0.0,0.0,0.0,0,102107.0
22,9,233,263,0,1,12,0.0,0.0,1.0,0.0,0.26,255,255,1.0,0.0,0.0,0.0,0.0,0.0,0,65726.0
22,9,324,1444,0,1,9,0.11,0.11,1.0,0.0,0.0,255,255,1.0,0.0,0.0,0.0,0.0,0.0,0,36472.0
55,9,138,1693,0,1,1,0.0,0.0,1.0,0.0,0.0,1,3,1.0,0.0,0.67,0.0,0.0,0.0,0,48622.0
41,9,146,105,0,0,1,0.0,0.0,1.0,0.0,0.0,255,1,0.0,0.79,0.0,0.0,0.0,0.0,0,14382.0
19,9,172,0,0,1,6,0.0,0.0,1.0,0.0,0.0,178,114,0.42,0.03,0.02,0.0,0.0,0.0,0,66851.0
3,1,0,0,0,0,205,0.0,0.0,0.01,0.07,0.0,255,3,0.01,0.07,0.0,0.0,0.0,1.0,1,21924.0
22,9,209,8422,0,1,40,0.0,0.0,1.0,0.0,0.04,255,255,1.0,0.0,0.0,0.0,0.0,0.0,0,106527.0
18,2,0,0,0,0,279,0.0,0.0,0.06,0.06,0.0,255,18,0.07,0.08,0.0,0.0,0.0,1.0,1,94834.0
4,5,0,0,0,0,270,1.0,1.0,0.04,0.06,0.0,255,12,0.05,0.07,0.0,1.0,1.0,0.0,1,77851.0
11,9,44,73,0,0,267,0.0,0.0,1.0,0.0,0.0,255,239,0.94,0.01,0.0,0.0,0.0,0.0,0,1152.0
41,9,147,0,0,0,5,0.0,0.0,0.2,0.6,0.0,255,1,0.0,0.34,0.0,0.0,0.0,0.0,0,23989.0
50,5,0,0,0,0,229,1.0,1.0,0.02,0.06,0.0,255,20,0.08,0.06,0.0,1.0,1.0,0.0,1,5029.0
22,9,265,2780,0,1,2,0.0,0.0,1.0,0.0,0.07,168,255,1.0,0.0,0.01,0.0,0.0,0.0,0,38352.0
11,9,31,31,0,0,2,0.0,0.0,1.0,0.0,0.67,255,242,0.95,0.01,0.0,0.0,0.0,0.0,0,97242.0
41,1,0,0,0,0,511,0.1,0.0,0.0,1.0,0.0,255,1,0.0,1.0,0.0,0.1,0.0,1.0,1,109674.0
22,9,233,1380,0,1,4,0.0,0.0,1.0,0.0,0.0,255,219,0.86,0.04,0.0,0.02,0.0,0.0,0,73636.0
45,5,0,0,0,0,211,1.0,1.0,0.02,0.06,0.0,255,10,0.04,0.07,0.0,1.0,1.0,0.0,1,17976.0
45,1,0,0,0,0,2,0.0,0.0,0.5,1.0,0.0,255,1,0.0,0.44,0.0,0.0,0.0,1.0,1,20371.0
22,9,315,7736,0,1,5,0.0,0.0,1.0,0.0,0.0,140,255,1.0,0.0,0.01,0.0,0.0,0.0,0,34395.0
49,9,1376,399,0,1,1,0.0,0.0,1.0,0.0,1.0,52,213,0.96,0.04,0.01,0.0,0.0,0.0,0,120965.0
19,5,0,0,0,0,263,1.0,1.0,0.03,0.06,0.0,255,7,0.03,0.08,0.0,1.0,1.0,0.0,1,16254.0
22,9,249,6443,0,1,1,0.0,0.0,1.0,0.0,0.08,12,255,1.0,0.0,0.02,0.0,0.0,0.0,0,69668.0
55,5,0,0,0,0,295,1.0,1.0,0.04,0.05,0.0,255,16,0.06,0.07,0.0,1.0,1.0,0.0,1,51913.0
13,9,8,0,0,0,1,0.0,0.0,1.0,0.0,1.0,2,108,1.0,0.0,0.5,0.0,0.0,0.0,1,75520.0
22,9,219,17367,0,1,28,0.0,0.0,1.0,0.0,0.0,255,255,1.0,0.0,0.0,0.0,0.0,0.0,0,48372.0
22,1,0,0,0,0,1,0.0,0.0,1.0,0.0,0.0,10,251,1.0,0.0,0.09,0.0,0.0,0.48,0,54891.0
17,5,0,0,0,0,276,1.0,1.0,0.07,0.06,0.0,255,19,0.07,0.07,0.0,1.0,1.0,0.0,1,1938.0
14,9,1032,0,0,0,509,0.0,0.0,1.0,0.0,0.0,255,246,0.96,0.03,0.0,0.0,0.0,0.0,1,58500.0
13,9,8,0,0,0,1,0.0,0.0,1.0,0.0,1.0,2,32,1.0,0.0,0.5,0.0,0.0,0.0,1,39790.0
19,1,0,0,0,0,287,0.0,0.0,0.07,0.06,0.0,255,20,0.08,0.06,0.0,0.0,0.0,1.0,1,11718.0
45,5,0,0,0,0,147,1.0,1.0,0.12,0.05,0.0,25,9,0.36,0.24,0.0,1.0,1.0,0.0,1,59852.0
22,9,243,2006,0,1,25,0.0,0.0,1.0,0.0,0.08,255,255,1.0,0.0,0.0,0.0,0.0,0.0,0,40490.0
45,5,0,0,0,0,287,1.0,1.0,0.06,0.06,0.0,255,12,0.05,0.07,0.0,1.0,1.0,0.0,1,117665.0
11,9,46,46,0,0,6,0.0,0.0,1.0,0.0,0.0,255,169,0.66,0.01,0.0,0.0,0.0,0.0,0,103009.0
13,9,30,0,0,0,1,0.0,0.0,1.0,0.0,0.0,45,90,0.98,0.04,0.27,0.0,0.0,0.0,0,72747.0
11,9,44,128,0,0,80,0.0,0.0,1.0,0.0,0.01,255,254,1.0,0.01,0.0,0.0,0.0,0.0,0,77280.0
19,1,0,0,0,0,125,0.0,0.0,0.09,0.06,0.0,255,11,0.04,0.07,0.0,0.0,0.0,1.0,1,9844.0
11,9,44,44,0,0,100,0.0,0.0,1.0,0.0,0.01,255,255,1.0,0.0,0.0,0.0,0.0,0.0,0,8973.0
49,9,728,331,0,1,1,0.0,0.0,1.0,0.0,1.0,202,127,0.53,0.03,0.02,0.0,0.0,0.0,0,98740.0
22,9,320,1592,0,1,15,0.0,0.0,1.0,0.0,0.17,255,255,1.0,0.0,0.0,0.0,0.0,0.0,0,107305.0
4,5,0,0,0,0,245,1.0,1.0,0.07,0.06,0.0,255,4,0.02,0.08,0.0,1.0,1.0,0.0,1,28061.0
45,5,0,0,0,0,121,0.98,1.0,0.12,0.07,0.0,255,13,0.05,0.05,0.0,1.0,1.0,0.0,1,58074.0
22,9,291,397,0,1,3,0.0,0.0,1.0,0.0,0.0,101,255,1.0,0.0,0.04,0.0,0.0,0.0,0,121798.0
45,4,0,0,0,0,1,0.0,0.0,1.0,0.0,0.0,233,1,0.0,0.58,0.0,0.0,0.0,1.0,1,8120.0
16,5,0,0,0,0,130,1.0,1.0,0.01,0.06,0.0,255,3,0.01,0.07,0.0,1.0,1.0,0.0,1,46843.0
13,9,8,0,0,0,1,0.0,0.0,1.0,0.0,1.0,3,41,1.0,0.0,0.27,0.0,0.0,0.0,1,100559.0
22,9,54540,8314,0,1,7,0.0,0.0,1.0,0.0,0.0,255,255,1.0,0.0,0.0,0.0,0.0,0.06,1,96137.0
22,9,154,2898,0,1,3,0.0,0.0,1.0,0.0,0.0,79,255,1.0,0.0,0.05,0.0,0.0,0.0,0,42686.0
22,9,198,1328,0,1,41,0.0,0.0,1.0,0.0,0.0,255,255,1.0,0.0,0.0,0.0,0.0,0.0,0,21163.0
22,9,223,3992,0,1,22,0.0,0.0,1.0,0.0,0.09,255,255,1.0,0.0,0.0,0.0,0.0,0.0,0,118404.0
45,5,0,0,0,0,42,1.0,1.0,0.19,0.12,0.0,255,8,0.03,0.08,0.0,1.0,1.0,0.0,1,108817.0
22,9,334,2840,0,1,8,0.0,0.0,1.0,0.0,0.0,8,255,1.0,0.0,0.02,0.0,0.0,0.01,0,1803.0
22,9,226,4046,0,1,3,0.33,0.05,1.0,0.0,0.14,43,255,1.0,0.0,0.03,0.07,0.01,0.0,0,21860.0
45,9,28,0,3,0,75,0.01,0.0,0.97,0.04,0.0,255,73,0.29,0.02,0.0,0.0,0.0,0.0,1,114722.0
50,5,0,0,0,0,115,1.0,1.0,0.12,0.07,0.0,255,14,0.05,0.07,0.0,1.0,1.0,0.0,1,90454.0
22,9,319,2876,0,1,25,0.0,0.0,1.0,0.0,0.0,184,255,1.0,0.0,0.02,0.01,0.01,0.0,0,60562.0
45,9,1,0,0,0,23,0.0,0.0,0.35,0.13,0.0,255,8,0.03,0.9,0.0,0.16,0.0,0.0,1,77616.0
41,4,1,0,0,0,2,0.0,0.0,1.0,0.0,0.0,255,2,0.01,0.68,0.0,0.0,0.0,1.0,1,16616.0
45,4,0,0,0,0,1,0.0,0.0,1.0,0.0,0.0,255,1,0.0,0.96,0.0,0.0,0.0,1.0,1,89893.0
22,9,306,466,0,1,22,0.0,0.0,1.0,0.0,0.11,255,255,1.0,0.0,0.0,0.0,0.0,0.0,0,79674.0
22,9,243,4864,0,1,13,0.0,0.0,1.0,0.0,0.0,70,255,1.0,0.0,0.04,0.0,0.0,0.0,0,55813.0
22,9,226,30634,0,1,5,0.0,0.0,1.0,0.0,0.33,7,255,1.0,0.0,0.03,0.0,0.0,0.0,0,118717.0
22,9,229,1278,0,1,43,0.0,0.0,1.0,0.0,0.0,43,255,1.0,0.0,0.04,0.0,0.0,0.0,0,47062.0
19,9,245,0,0,1,2,0.0,0.0,1.0,0.0,0.5,17,66,0.71,0.18,0.03,0.0,0.0,0.0,0,52095.0
45,5,0,0,0,0,212,1.0,1.0,0.11,0.06,0.0,255,23,0.09,0.05,0.0,1.0,1.0,0.0,1,4254.0
13,9,8,0,0,0,1,0.0,0.0,1.0,0.0,1.0,2,106,1.0,0.0,0.5,0.0,0.0,0.0,1,62192.0
22,9,191,2241,0,1,9,0.0,0.0,1.0,0.0,0.17,230,255,1.0,0.0,0.02,0.0,0.0,0.0,0,77821.0
22,9,305,2507,0,1,5,0.0,0.0,1.0,0.0,0.0,255,238,0.93,0.01,0.0,0.0,0.0,0.01,0,38380.0
22,9,230,13542,0,1,2,0.0,0.0,1.0,0.0,0.17,24,255,1.0,0.0,0.01,0.0,0.0,0.0,0,62361.0
45,5,0,0,0,0,247,1.0,1.0,0.07,0.05,0.0,255,18,0.07,0.05,0.0,1.0,1.0,0.0,1,43711.0
19,9,1363,0,0,0,19,0.0,0.0,1.0,0.0,0.0,159,69,0.43,0.03,0.0,0.0,0.0,0.0,0,14123.0
45,5,0,0,0,0,192,1.0,1.0,0.09,0.06,0.0,255,2,0.01,0.09,0.0,1.0,1.0,0.0,1,88177.0
55,5,0,0,0,0,13,1.0,1.0,0.31,0.15,0.0,255,44,0.17,0.04,0.0,1.0,1.0,0.0,1,81652.0
5,5,0,0,0,0,122,1.0,1.0,0.05,0.06,0.0,255,6,0.02,0.05,0.0,1.0,1.0,0.0,1,28593.0
45,9,28,0,3,0,36,0.0,0.0,1.0,0.0,0.0,255,36,0.14,0.01,0.0,0.0,0.0,0.0,1,4937.0
5,5,0,0,0,0,123,1.0,1.0,0.01,0.07,0.0,255,19,0.07,0.07,0.0,1.0,1.0,0.0,1,50208.0
22,9,296,212,0,1,1,0.0,0.0,1.0,0.0,1.0,185,255,1.0,0.0,0.02,0.0,0.0,0.0,0,124395.0
22,9,340,541,0,1,7,0.29,0.25,1.0,0.0,0.25,255,255,1.0,0.0,0.0,0.01,0.01,0.0,0,101372.0
11,9,44,74,0,0,123,0.0,0.0,0.99,0.02,0.02,255,254,1.0,0.01,0.0,0.0,0.0,0.0,0,18530.0
22,9,271,591,0,1,2,0.0,0.0,1.0,0.0,0.0,33,255,1.0,0.0,0.03,0.0,0.0,0.0,0,94675.0
22,9,325,1031,0,1,5,0.0,0.0,1.0,0.0,0.0,42,255,1.0,0.0,0.05,0.0,0.0,0.0,0,26652.0
11,9,42,129,0,0,306,0.0,0.0,1.0,0.0,0.0,255,254,1.0,0.01,0.0,0.0,0.0,0.0,0,52104.0
22,9,346,4227,0,1,2,0.0,0.0,1.0,0.0,0.29,72,255,1.0,0.0,0.02,0.0,0.0,0.0,0,113523.0
45,1,0,0,0,0,303,0.03,0.0,0.0,1.0,0.0,255,1,0.0,0.97,0.0,0.04,0.0,1.0,1,5641.0
20,5,0,0,0,0,237,1.0,1.0,0.03,0.06,0.0,255,6,0.02,0.06,0.0,1.0,1.0,0.0,1,71268.0
45,5,0,0,0,0,74,1.0,1.0,0.3,0.07,0.0,255,22,0.09,0.05,0.0,1.0,1.0,0.0,1,7441.0
45,5,0,0,0,0,134,1.0,1.0,0.07,0.07,0.0,255,13,0.05,0.07,0.0,1.0,1.0,0.0,1,34117.0
13,9,8,0,0,0,1,0.0,0.0,1.0,0.0,1.0,3,191,1.0,0.0,0.25,0.0,0.0,0.0,1,98428.0
22,9,263,281,0,1,1,0.0,0.0,1.0,0.0,1.0,255,253,0.99,0.01,0.0,0.0,0.0,0.02,0,32796.0
13,9,8,0,0,0,1,0.0,0.0,1.0,0.0,1.0,3,159,1.0,0.0,0.25,0.0,0.0,0.0,1,88215.0
22,9,222,18540,0,1,5,0.0,0.0,1.0,0.0,0.0,53,255,1.0,0.0,0.01,0.0,0.0,0.0,0,33716.0
22,9,303,1540,0,1,18,0.0,0.0,1.0,0.0,0.11,255,255,1.0,0.0,0.0,0.0,0.0,0.0,0,110335.0
16,5,0,0,0,0,30,1.0,1.0,0.27,0.1,0.0,255,8,0.03,0.07,0.0,1.0,1.0,0.0,1,21271.0
45,5,0,0,0,0,207,1.0,1.0,0.01,0.07,0.0,255,20,0.08,0.07,0.0,1.0,1.0,0.0,1,1771.0
22,9,306,622,0,1,8,0.0,0.0,1.0,0.0,0.0,130,255,1.0,0.0,0.02,0.0,0.0,0.0,0,79334.0
45,10,0,0,0,0,1,1.0,1.0,1.0,0.0,0.0,43,1,0.02,0.77,0.0,0.81,1.0,0.0,1,89798.0
22,9,232,4146,0,1,7,0.0,0.0,1.0,0.0,0.1,92,255,1.0,0.0,0.04,0.0,0.0,0.0,0,79355.0
45,5,0,0,0,0,295,1.0,1.0,0.04,0.05,0.0,255,12,0.05,0.08,0.0,1.0,1.0,0.0,1,108722.0
45,5,0,0,0,0,169,1.0,1.0,0.02,0.07,0.0,255,18,0.07,0.08,0.0,1.0,1.0,0.0,1,41577.0
17,9,7,222,0,0,1,0.0,0.0,1.0,0.0,0.0,59,13,0.07,0.08,0.15,0.05,0.15,0.0,0,72967.0
33,5,0,0,0,0,244,1.0,1.0,0.01,0.06,0.0,255,2,0.01,0.06,0.0,1.0,1.0,0.0,1,824.0
41,9,147,0,0,0,5,0.0,0.0,0.2,0.6,0.0,255,1,0.0,0.45,0.0,0.0,0.0,0.0,0,73088.0
59,9,78,0,0,0,44,0.0,0.0,0.16,0.05,0.0,255,12,0.05,0.01,0.0,0.0,0.0,0.0,0,106780.0
11,9,43,134,0,0,67,0.0,0.0,1.0,0.0,0.01,255,254,1.0,0.01,0.0,0.0,0.0,0.0,0,26064.0
45,5,0,0,0,0,236,1.0,1.0,0.05,0.06,0.0,255,11,0.04,0.07,0.0,1.0,1.0,0.0,1,31598.0
22,9,297,799,0,1,11,0.0,0.0,1.0,0.0,0.21,255,255,1.0,0.0,0.0,0.01,0.01,0.0,0,72249.0
13,9,8,0,0,0,1,0.0,0.0,1.0,0.0,1.0,1,129,1.0,0.0,0.51,0.0,0.0,0.0,1,96871.0
45,1,0,0,0,0,112,0.0,0.0,0.08,0.06,0.0,255,9,0.04,0.08,0.0,0.0,0.0,1.0,1,40647.0
22,9,213,1767,0,1,11,0.0,0.0,1.0,0.0,0.15,192,255,1.0,0.0,0.01,0.01,0.01,0.0,0,48777.0
45,1,0,0,0,0,71,0.0,0.0,0.01,0.08,0.0,255,1,0.0,0.07,0.0,0.0,0.0,1.0,1,75771.0
11,9,43,130,0,0,67,0.0,0.0,1.0,0.0,0.01,255,189,0.74,0.02,0.0,0.0,0.0,0.0,0,89436.0
49,9,1809,327,0,1,1,0.0,0.0,1.0,0.0,1.0,181,196,0.77,0.02,0.02,0.0,0.0,0.0,0,13780.0
55,5,0,0,0,0,5,1.0,1.0,0.4,0.8,0.0,255,61,0.24,0.04,0.0,1.0,1.0,0.0,1,106294.0
22,9,318,501,0,1,13,0.0,0.0,1.0,0.0,0.0,28,255,1.0,0.0,0.02,0.0,0.0,0.0,0,121730.0
22,9,331,774,0,1,5,0.0,0.0,1.0,0.0,0.0,33,255,1.0,0.0,0.01,0.0,0.0,0.0,0,68731.0
3,9,9,35,0,1,1,0.0,0.0,1.0,0.0,0.0,52,1,0.02,0.12,0.0,0.0,0.0,0.0,0,50482.0
14,9,1032,0,0,0,511,0.0,0.0,1.0,0.0,0.0,255,242,0.95,0.01,0.0,0.0,0.0,0.0,1,119263.0
34,5,0,0,0,0,102,1.0,1.0,0.14,0.05,0.0,255,14,0.05,0.05,0.0,1.0,1.0,0.0,1,22980.0
19,9,2194619,0,0,1,2,0.0,0.0,1.0,0.0,0.0,74,80,0.46,0.08,0.03,0.0,0.0,0.0,0,106070.0
3,5,0,0,0,0,300,1.0,1.0,0.05,0.05,0.0,255,1,0.0,0.08,0.0,1.0,1.0,0.0,1,96044.0
22,9,234,2507,0,1,8,0.0,0.0,1.0,0.0,0.0,255,254,1.0,0.01,0.0,0.0,0.0,0.0,0,40246.0
55,5,0,0,0,0,59,1.0,1.0,0.25,0.07,0.0,255,48,0.19,0.04,0.0,1.0,1.0,0.0,1,34187.0
18,5,0,0,0,0,222,1.0,1.0,0.0,0.06,0.0,255,1,0.0,0.06,0.0,1.0,1.0,0.0,1,392.0
19,5,0,0,0,0,67,1.0,1.0,0.25,0.06,0.0,255,58,0.23,0.03,0.0,1.0,1.0,0.0,1,20657.0
22,9,207,288,0,1,16,0.0,0.0,1.0,0.0,0.0,140,255,1.0,0.0,0.03,0.0,0.0,0.0,0,96300.0
22,9,206,788,0,1,15,0.0,0.0,1.0,0.0,0.0,255,255,1.0,0.0,0.0,0.0,0.0,0.0,0,37490.0
22,9,203,2557,0,1,16,0.0,0.0,1.0,0.0,0.13,85,255,1.0,0.0,0.01,0.0,0.0,0.0,0,22956.0
18,9,1508,4152,0,1,1,0.0,0.0,1.0,0.0,0.0,138,34,0.25,0.03,0.0,0.0,0.0,0.0,0,115111.0
22,9,332,481,0,1,29,0.0,0.0,1.0,0.0,0.1,255,255,1.0,0.0,0.0,0.0,0.0,0.0,0,22033.0
45,4,0,0,0,0,1,0.0,0.0,1.0,0.0,0.0,163,1,0.01,0.4,0.0,0.0,0.0,1.0,1,5536.0
60,5,0,0,0,0,134,1.0,1.0,0.04,0.07,0.0,255,5,0.02,0.08,0.0,1.0,1.0,0.0,1,103695.0
14,9,1032,0,0,0,511,0.0,0.0,1.0,0.0,0.0,255,173,0.68,0.02,0.0,0.0,0.0,0.0,1,36503.0
22,9,251,1543,0,1,9,0.0,0.0,1.0,0.0,0.11,95,255,1.0,0.0,0.03,0.0,0.0,0.0,0,35451.0
22,9,204,334,0,1,34,0.0,0.0,1.0,0.0,0.0,255,255,1.0,0.0,0.0,0.0,0.0,0.0,0,60578.0
33,5,0,0,0,0,116,1.0,1.0,0.11,0.05,0.0,255,13,0.05,0.06,0.0,1.0,1.0,0.0,1,8838.0
45,5,0,0,0,0,233,1.0,1.0,0.06,0.06,0.0,255,15,0.06,0.08,0.0,1.0,1.0,0.0,1,30932.0
45,1,0,0,0,0,132,0.0,0.0,0.1,0.06,0.0,255,13,0.05,0.06,0.0,0.0,0.0,1.0,1,41158.0
41,1,0,0,0,0,335,0.06,0.0,0.0,1.0,0.0,255,1,0.0,1.0,0.0,0.08,0.0,1.0,1,90105.0
19,9,0,1159100,0,0,1,0.0,0.0,1.0,0.0,0.0,18,18,1.0,0.0,0.0,0.0,0.0,0.0,0,40216.0
23,5,0,0,0,0,119,1.0,1.0,0.17,0.05,0.0,255,14,0.05,0.06,0.0,1.0,1.0,0.0,1,9777.0
8,5,0,0,0,0,294,1.0,1.0,0.05,0.06,0.0,255,2,0.01,0.08,0.0,1.0,1.0,0.0,1,37676.0
22,9,378,364,0,1,2,0.0,0.0,1.0,0.0,0.0,20,231,1.0,0.0,0.22,0.0,0.0,0.82,0,34441.0
22,9,147,18932,0,1,1,0.0,0.0,1.0,0.0,0.0,255,255,1.0,0.0,0.0,0.0,0.0,0.0,0,108501.0
25,1,0,0,0,0,284,0.0,0.0,0.04,0.06,0.0,255,12,0.05,0.07,0.0,0.0,0.0,1.0,1,103378.0
49,9,1293,325,0,1,1,0.0,0.0,1.0,0.0,1.0,172,93,0.54,0.03,0.0,0.0,0.0,0.0,0,10574.0
49,9,1713,336,0,1,1,0.0,0.0,1.0,0.0,0.0,31,167,0.77,0.13,0.01,0.0,0.01,0.0,0,19078.0
22,9,216,1709,0,1,3,0.0,0.0,1.0,0.0,0.0,3,255,1.0,0.0,0.05,0.0,0.0,0.0,0,110694.0
22,9,218,1448,0,1,7,0.0,0.0,1.0,0.0,0.0,159,255,1.0,0.0,0.01,0.0,0.0,0.0,0,42865.0
45,1,0,0,0,0,125,0.0,0.0,0.09,0.06,0.0,255,26,0.1,0.07,0.0,0.0,0.0,1.0,1,30431.0
15,5,0,0,0,0,126,1.0,1.0,0.14,0.06,0.0,255,18,0.07,0.07,0.0,1.0,1.0,0.0,1,117963.0
22,9,309,38960,0,1,4,0.0,0.0,1.0,0.0,0.0,8,255,1.0,0.0,0.02,0.0,0.0,0.0,0,124835.0
22,1,0,0,0,0,1,0.0,0.0,1.0,0.0,0.0,13,76,1.0,0.0,0.26,0.0,0.0,1.0,0,76041.0
14,9,1032,0,0,0,170,0.0,0.0,1.0,0.0,0.0,255,170,0.67,0.01,0.0,0.0,0.0,0.0,1,75403.0
61,1,0,0,0,0,203,0.0,0.0,0.0,0.07,0.0,255,1,0.0,0.07,0.0,0.0,0.0,1.0,1,123322.0
45,5,0,0,0,0,132,1.0,1.0,0.01,0.07,0.0,255,1,0.0,0.08,0.0,1.0,1.0,0.0,1,26322.0
11,9,43,43,0,0,106,0.0,0.0,1.0,0.0,0.01,255,255,1.0,0.0,0.0,0.0,0.0,0.0,0,96707.0
2,5,0,0,0,0,231,1.0,1.0,0.03,0.07,0.0,255,7,0.03,0.07,0.0,1.0,1.0,0.0,1,74922.0
45,5,0,0,0,0,150,1.0,1.0,0.07,0.05,0.0,255,1,0.0,0.06,0.0,1.0,1.0,0.0,1,108655.0
22,9,212,460,0,1,1,0.0,0.0,1.0,0.0,0.22,20,255,1.0,0.0,0.05,0.0,0.0,0.0,0,71597.0
45,5,0,0,0,0,266,1.0,1.0,0.06,0.06,0.0,255,17,0.07,0.07,0.0,1.0,1.0,0.0,1,98540.0
49,9,941,327,0,1,3,0.33,0.33,1.0,0.0,0.0,91,136,0.48,0.07,0.01,0.03,0.02,0.0,0,109815.0
45,1,0,0,0,0,18,0.0,0.0,0.06,1.0,0.0,255,1,0.0,0.11,0.0,0.0,0.0,1.0,1,43299.0
22,9,281,322,0,1,23,0.0,0.0,1.0,0.0,0.08,62,255,1.0,0.0,0.03,0.0,0.0,0.0,0,113078.0
49,9,949,337,0,1,1,0.0,0.0,1.0,0.0,1.0,247,158,0.64,0.02,0.0,0.0,0.0,0.0,0,105983.0
22,9,214,5515,0,1,6,0.0,0.09,1.0,0.0,0.27,104,255,1.0,0.0,0.02,0.01,0.01,0.0,0,107078.0
41,1,0,0,0,0,511,0.17,0.0,0.0,1.0,0.0,255,1,0.0,1.0,0.0,0.0,0.0,1.0,1,83016.0
22,1,0,0,0,0,1,0.0,0.0,1.0,0.0,1.0,38,27,0.71,0.05,0.0,0.0,0.0,1.0,0,20089.0
13,9,8,0,0,0,1,0.0,0.0,1.0,0.0,1.0,2,208,1.0,0.0,0.5,0.0,0.0,0.0,1,69970.0
45,5,0,0,0,0,218,1.0,1.0,0.06,0.06,0.0,255,8,0.03,0.09,0.0,1.0,1.0,0.0,1,96387.0
17,5,0,0,0,0,20,1.0,1.0,0.3,0.2,0.0,255,66,0.26,0.02,0.0,1.0,1.0,0.0,1,73979.0
22,9,296,1761,0,1,18,0.0,0.0,1.0,0.0,0.17,255,255,1.0,0.0,0.0,0.0,0.0,0.0,0,36731.0
23,5,0,0,0,0,124,1.0,1.0,0.04,0.06,0.0,255,14,0.05,0.06,0.0,1.0,1.0,0.0,1,17359.0
37,5,0,0,0,0,294,1.0,1.0,0.06,0.06,0.0,255,18,0.07,0.07,0.0,1.0,1.0,0.0,1,75117.0
22,9,345,3874,0,1,7,0.0,0.0,1.0,0.0,0.0,255,255,1.0,0.0,0.0,0.0,0.0,0.0,0,45185.0
45,4,0,0,0,0,1,0.0,0.0,1.0,0.0,0.0,255,1,0.0,0.5,0.0,0.0,0.0,1.0,1,117173.0
22,9,250,4137,0,1,28,0.0,0.0,1.0,0.0,0.0,255,255,1.0,0.0,0.0,0.0,0.0,0.0,0,4425.0
22,9,330,2445,0,1,5,0.0,0.0,1.0,0.0,0.0,33,254,1.0,0.0,0.08,0.0,0.0,0.0,0,114412.0
17,9,7,138,0,0,1,0.0,0.0,1.0,0.0,0.0,53,8,0.08,0.06,0.25,0.0,0.0,0.0,0,51790.0
22,9,307,3222,0,1,1,0.0,0.0,1.0,0.0,0.0,255,253,0.99,0.01,0.0,0.0,0.0,0.0,0,82260.0
17,5,0,0,0,0,41,1.0,1.0,0.27,0.1,0.0,255,44,0.17,0.04,0.0,1.0,1.0,0.0,1,89885.0
62,1,0,0,0,0,300,0.0,0.0,0.07,0.06,0.0,255,20,0.08,0.07,0.0,0.0,0.0,1.0,1,41347.0
22,9,300,13788,0,1,7,0.0,0.0,1.0,0.0,0.0,149,255,1.0,0.0,0.02,0.01,0.0,0.0,0,43086.0
45,1,0,0,0,0,145,0.01,0.0,0.01,1.0,0.0,255,1,0.0,0.6,0.0,0.0,0.0,1.0,1,17733.0
45,5,0,0,0,0,20,1.0,1.0,0.85,0.1,0.0,255,17,0.07,0.07,0.0,1.0,1.0,0.0,1,63504.0
45,1,0,0,0,0,489,0.06,0.0,0.0,1.0,0.0,255,1,0.0,1.0,0.0,0.08,0.0,1.0,1,28325.0
22,9,321,2431,0,1,19,0.0,0.0,1.0,0.0,0.14,40,72,1.0,0.0,0.03,0.0,0.0,0.0,0,82780.0
45,5,0,0,0,0,103,1.0,1.0,0.1,0.06,0.0,255,34,0.13,0.06,0.0,1.0,1.0,0.0,1,74720.0
11,9,97,0,0,0,1,0.0,0.0,1.0,0.0,1.0,255,166,0.65,0.01,0.0,0.0,0.0,0.0,0,55931.0
46,1,0,0,0,0,188,0.0,0.0,0.04,0.06,0.0,255,7,0.03,0.07,0.0,0.0,0.0,1.0,1,124046.0
13,9,8,0,0,0,1,0.0,0.0,1.0,0.0,1.0,1,255,1.0,0.0,0.5,0.0,0.0,0.0,1,1611.0
45,10,0,0,0,0,1,1.0,1.0,1.0,0.0,0.0,147,1,0.01,0.93,0.0,0.95,1.0,0.0,1,30461.0
45,5,0,0,0,0,120,1.0,1.0,0.08,0.06,0.0,255,13,0.05,0.05,0.0,1.0,1.0,0.0,1,25508.0
22,9,352,2212,0,1,2,0.0,0.0,1.0,0.0,0.0,30,37,1.0,0.0,0.05,0.0,0.0,0.0,0,49913.0
2,1,0,0,0,0,148,0.0,0.0,0.01,0.07,0.0,255,2,0.01,0.07,0.0,0.0,0.0,1.0,1,91575.0
22,9,244,495,0,1,7,0.0,0.0,1.0,0.0,0.09,255,255,1.0,0.0,0.0,0.0,0.0,0.0,0,103989.0
60,5,0,0,0,0,118,1.0,1.0,0.08,0.06,0.0,255,9,0.04,0.05,0.0,1.0,1.0,0.0,1,106074.0
13,9,18,0,0,0,1,0.0,0.0,1.0,0.0,1.0,1,38,1.0,0.0,1.0,0.0,0.0,0.0,1,112277.0
13,9,8,0,0,0,1,0.0,0.0,1.0,0.0,1.0,1,203,1.0,0.0,0.5,0.0,0.0,0.0,1,114767.0
22,9,241,397,0,1,17,0.0,0.0,1.0,0.0,0.0,255,255,1.0,0.0,0.0,0.0,0.0,0.0,0,102138.0
49,9,1095,282,0,1,1,0.0,0.0,1.0,0.0,1.0,120,124,0.57,0.07,0.02,0.01,0.0,0.0,0,21279.0
22,9,317,6866,0,1,27,0.0,0.0,1.0,0.0,0.0,27,255,1.0,0.0,0.05,0.0,0.0,0.0,0,110868.0
45,9,1,0,0,0,34,0.0,0.0,0.15,0.12,0.0,255,34,0.13,0.56,0.0,0.0,0.0,0.0,1,34207.0
14,9,1032,0,0,0,511,0.0,0.0,1.0,0.0,0.0,255,106,0.42,0.02,0.0,0.01,0.0,0.0,1,6743.0
49,9,722,326,0,1,1,0.0,0.25,1.0,0.0,0.75,24,172,0.71,0.17,0.02,0.0,0.0,0.0,0,58156.0
37,5,0,0,0,0,229,1.0,1.0,0.01,0.06,0.0,255,2,0.01,0.07,0.0,1.0,1.0,0.0,1,58422.0
49,9,922,330,0,1,1,0.0,0.0,1.0,0.0,0.0,224,170,0.64,0.04,0.01,0.0,0.01,0.0,0,53456.0
22,9,330,667,0,1,3,0.0,0.0,1.0,0.0,0.5,255,255,1.0,0.0,0.0,0.0,0.0,0.0,0,59927.0
49,9,1448,331,0,1,1,0.0,0.0,1.0,0.0,0.0,64,130,0.55,0.05,0.02,0.0,0.15,0.0,0,86997.0
9,2,0,0,0,0,257,0.0,0.0,0.07,0.06,0.0,255,17,0.07,0.07,0.0,0.0,0.0,1.0,1,60096.0
22,9,207,1227,0,1,3,0.0,0.0,1.0,0.0,0.0,3,7,1.0,0.0,0.29,0.0,0.0,0.0,0,29485.0
11,9,43,69,0,0,107,0.0,0.0,1.0,0.0,0.0,255,254,1.0,0.01,0.0,0.0,0.0,0.0,0,37009.0
22,9,220,593,0,1,2,0.0,0.0,1.0,0.0,0.0,2,255,1.0,0.0,0.02,0.0,0.0,0.0,0,113289.0
22,9,214,500,0,1,31,0.0,0.0,1.0,0.0,0.09,168,215,1.0,0.0,0.02,0.0,0.0,0.0,0,50125.0
22,1,0,0,0,0,1,0.0,0.0,1.0,0.0,0.0,21,152,1.0,0.0,0.12,0.0,0.0,0.86,0,13330.0
11,9,44,138,0,0,290,0.0,0.0,1.0,0.0,0.0,255,253,0.99,0.01,0.0,0.0,0.0,0.0,0,102121.0
49,9,677,331,0,1,1,0.0,0.0,1.0,0.0,1.0,118,149,0.47,0.04,0.01,0.0,0.0,0.0,0,83340.0
41,9,145,105,0,0,4,0.0,0.0,0.5,0.5,0.0,103,2,0.02,0.65,0.0,0.0,0.0,0.0,0,84411.0
22,9,191,3011,0,1,1,0.0,0.0,1.0,0.0,0.0,255,254,1.0,0.01,0.0,0.0,0.0,0.0,0,98418.0
49,9,1055,331,0,1,1,0.0,0.0,1.0,0.0,1.0,150,165,0.7,0.03,0.01,0.0,0.0,0.0,0,14738.0
22,9,306,7950,0,1,21,0.0,0.0,1.0,0.0,0.09,21,255,1.0,0.0,0.07,0.0,0.01,0.0,0,51575.0
32,5,0,0,0,0,242,1.0,1.0,0.06,0.06,0.0,255,16,0.06,0.07,0.0,1.0,1.0,0.0,1,44927.0
35,5,0,0,0,0,9,1.0,1.0,0.56,0.22,0.0,255,5,0.02,0.07,0.0,1.0,1.0,0.0,1,76794.0
41,1,0,0,0,0,326,0.06,0.0,0.0,1.0,0.0,255,1,0.0,1.0,0.0,0.08,0.0,1.0,1,118619.0
53,5,0,0,0,0,8,1.0,1.0,0.38,0.5,0.0,255,4,0.02,0.09,0.0,1.0,1.0,0.0,1,49180.0
22,9,311,2083,0,1,18,0.0,0.0,1.0,0.0,0.0,18,255,1.0,0.0,0.05,0.0,0.0,0.0,0,85182.0
19,9,334,0,0,1,2,0.0,0.0,1.0,0.0,0.0,179,58,0.19,0.06,0.03,0.01,0.03,0.0,0,80740.0
62,5,0,0,0,0,211,1.0,1.0,0.1,0.05,0.0,255,22,0.09,0.05,0.0,1.0,1.0,0.0,1,260.0
45,9,105,147,0,0,1,0.0,0.0,1.0,0.0,0.0,119,118,0.99,0.02,0.0,0.0,0.0,0.0,0,30723.0
45,5,0,0,0,0,116,1.0,1.0,0.11,0.07,0.0,255,3,0.01,0.07,0.0,1.0,1.0,0.0,1,58688.0
22,9,479,6839,0,1,7,0.0,0.0,1.0,0.0,0.0,87,249,1.0,0.0,0.11,0.0,0.0,0.78,0,43272.0
54,1,0,0,0,0,243,0.0,0.0,0.01,0.07,0.0,255,2,0.01,0.08,0.0,0.0,0.0,1.0,1,68618.0
55,5,0,0,0,0,7,1.0,1.0,0.71,0.29,0.0,207,46,0.22,0.02,0.04,1.0,0.98,0.0,1,22395.0
45,5,0,0,0,0,163,1.0,1.0,0.01,0.06,0.0,255,2,0.01,0.08,0.0,1.0,1.0,0.0,1,32425.0
22,9,318,7113,0,1,5,0.0,0.0,1.0,0.0,0.0,53,255,1.0,0.0,0.02,0.0,0.01,0.0,0,79600.0
22,9,54540,8314,0,1,3,0.0,0.0,1.0,0.0,0.0,150,150,1.0,0.0,0.0,0.0,0.0,0.01,1,46080.0
13,9,18,0,0,0,1,0.0,0.0,1.0,0.0,0.0,3,199,1.0,0.0,0.25,0.0,0.0,0.0,1,77857.0
22,9,336,1352,0,1,9,0.0,0.0,1.0,0.0,0.06,75,255,1.0,0.0,0.04,0.0,0.0,0.0,0,7010.0
45,5,0,0,0,0,105,1.0,1.0,0.18,0.06,0.0,255,20,0.08,0.06,0.0,1.0,1.0,0.0,1,55631.0
45,5,0,0,0,0,279,1.0,1.0,0.07,0.06,0.0,255,20,0.08,0.07,0.0,1.0,1.0,0.0,1,4464.0
11,9,46,46,0,0,112,0.0,0.0,1.0,0.0,0.0,255,254,1.0,0.01,0.0,0.0,0.0,0.0,0,77841.0
45,1,0,0,0,0,155,0.0,0.0,0.03,0.06,0.0,255,4,0.02,0.06,0.0,0.0,0.0,1.0,1,23587.0
17,5,0,0,0,0,287,1.0,1.0,0.03,0.05,0.0,255,8,0.03,0.05,0.0,1.0,1.0,0.0,1,71662.0
45,5,0,0,0,0,134,1.0,1.0,0.13,0.06,0.0,39,4,0.1,0.18,0.0,1.0,1.0,0.0,1,13173.0
41,9,145,105,0,0,1,0.0,0.0,1.0,0.0,0.0,255,1,0.0,0.54,0.0,0.0,0.0,0.0,0,42119.0
18,9,1194,2447,0,1,1,0.0,0.0,1.0,0.0,0.0,255,89,0.35,0.02,0.0,0.0,0.0,0.0,1,62932.0
22,9,196,3946,0,1,28,0.0,0.0,1.0,0.0,0.0,150,255,1.0,0.0,0.03,0.0,0.0,0.0,0,106882.0
45,1,0,0,0,0,1,0.0,0.0,1.0,0.0,0.0,9,2,0.11,1.0,1.0,0.0,0.0,1.0,1,71500.0
11,9,44,66,0,0,125,0.0,0.0,1.0,0.0,0.02,255,255,1.0,0.0,0.0,0.0,0.0,0.0,0,33157.0
45,5,0,0,0,0,285,1.0,1.0,0.01,0.06,0.0,255,6,0.02,0.07,0.0,1.0,1.0,0.0,1,70152.0
9,2,0,0,0,0,250,0.0,0.0,0.08,0.06,0.0,255,20,0.08,0.08,0.0,0.0,0.0,1.0,1,41598.0
45,5,0,0,0,0,296,1.0,1.0,0.04,0.05,0.0,255,4,0.02,0.09,0.0,1.0,1.0,0.0,1,2711.0
22,9,200,42747,0,1,4,0.0,0.0,1.0,0.0,0.0,38,255,1.0,0.0,0.06,0.0,0.0,0.0,0,98701.0
22,9,240,1890,0,1,2,0.0,0.0,1.0,0.0,0.0,255,255,1.0,0.0,0.0,0.0,0.0,0.0,0,26914.0
26,5,0,0,0,0,237,1.0,1.0,0.03,0.06,0.0,255,6,0.02,0.07,0.0,1.0,1.0,0.0,1,70550.0
49,9,1826,329,0,1,1,0.0,0.0,1.0,0.0,1.0,1,1,1.0,0.0,0.0,0.0,0.0,0.0,0,31937.0
45,5,0,0,0,0,212,1.0,1.0,0.08,0.07,0.0,255,15,0.06,0.07,0.0,1.0,1.0,0.0,1,55949.0
11,9,44,44,0,0,122,0.0,0.0,1.0,0.0,0.01,255,255,1.0,0.0,0.0,0.0,0.0,0.0,0,95567.0
22,9,163,9605,0,1,1,0.0,0.0,1.0,0.0,0.0,3,255,1.0,0.0,0.03,0.0,0.0,0.0,0,29251.0
2,1,0,0,0,0,102,0.0,0.0,0.02,0.07,0.0,255,2,0.01,0.07,0.0,0.0,0.0,1.0,1,50270.0
22,9,257,255,0,1,14,0.0,0.0,1.0,0.0,0.0,255,255,1.0,0.0,0.0,0.0,0.0,0.0,0,81168.0
22,5,0,0,0,0,9,0.78,0.88,0.78,0.33,0.25,255,48,0.19,0.04,0.0,1.0,1.0,0.0,1,118056.0
49,9,2074,331,0,1,1,0.0,0.0,1.0,0.0,0.0,132,165,0.54,0.05,0.01,0.0,0.0,0.0,0,23022.0
45,5,0,0,0,0,270,1.0,1.0,0.03,0.06,0.0,255,24,0.09,0.06,0.0,1.0,1.0,0.0,1,81539.0
22,9,195,1316,0,1,12,0.0,0.0,1.0,0.0,0.0,34,255,1.0,0.0,0.03,0.0,0.01,0.0,0,106758.0
61,5,0,0,0,0,148,1.0,1.0,0.06,0.07,0.0,255,11,0.04,0.08,0.0,1.0,1.0,0.0,1,114003.0
30,5,0,0,0,0,271,1.0,1.0,0.07,0.06,0.0,255,20,0.08,0.07,0.0,1.0,1.0,0.0,1,48901.0
11,9,44,127,0,0,67,0.0,0.0,1.0,0.0,0.01,125,200,0.88,0.02,0.01,0.0,0.0,0.0,0,89367.0
22,9,327,2825,0,1,2,0.0,0.0,1.0,0.0,0.0,234,255,1.0,0.0,0.01,0.0,0.0,0.0,0,37341.0
21,5,0,0,0,0,259,1.0,1.0,0.02,0.06,0.0,255,6,0.02,0.07,0.0,1.0,1.0,0.0,1,91439.0
49,9,890,331,0,1,1,0.0,0.0,1.0,0.0,1.0,22,39,1.0,0.0,0.05,0.0,0.0,0.0,0,26881.0
22,1,0,0,0,0,1,0.0,0.5,1.0,0.0,1.0,43,56,1.0,0.0,0.11,0.0,0.0,1.0,0,55094.0
22,9,327,1415,0,1,14,0.0,0.0,1.0,0.0,0.13,255,255,1.0,0.0,0.0,0.0,0.0,0.0,0,10342.0
57,5,0,0,0,0,246,1.0,1.0,0.08,0.07,0.0,255,20,0.08,0.08,0.0,1.0,1.0,0.0,1,94395.0
17,5,0,0,0,0,246,1.0,1.0,0.08,0.06,0.0,255,20,0.08,0.07,0.0,1.0,1.0,0.0,1,223.0
7,5,0,0,0,0,273,1.0,1.0,0.01,0.06,0.0,255,2,0.01,0.07,0.0,1.0,1.0,0.0,1,104558.0
22,9,293,807,0,1,5,0.0,0.0,1.0,0.0,0.0,227,255,1.0,0.0,0.01,0.0,0.0,0.0,0,8857.0
49,9,1645,332,0,1,1,0.0,0.0,1.0,0.0,0.0,216,78,0.29,0.33,0.03,0.0,0.0,0.0,0,11760.0
49,9,2857,330,0,1,1,0.0,0.0,1.0,0.0,0.0,125,199,0.82,0.03,0.02,0.0,0.0,0.01,0,85981.0
11,9,45,111,0,0,65,0.0,0.0,1.0,0.0,0.01,186,132,0.71,0.02,0.0,0.0,0.0,0.0,0,119136.0
26,5,0,0,0,0,271,1.0,1.0,0.09,0.05,0.0,255,24,0.09,0.05,0.0,1.0,1.0,0.0,1,87222.0
22,9,301,38684,0,1,4,0.0,0.0,1.0,0.0,0.0,26,255,1.0,0.0,0.04,0.0,0.0,0.01,0,77848.0
45,9,105,0,0,0,2,0.0,0.0,1.0,0.0,0.0,23,19,0.83,0.09,0.0,0.0,0.0,0.0,0,108824.0
53,1,0,0,0,0,14,0.0,0.0,0.07,1.0,0.0,255,1,0.0,0.09,0.0,0.0,0.0,1.0,1,76163.0
22,9,226,9284,0,1,16,0.0,0.0,1.0,0.0,0.15,255,255,1.0,0.0,0.0,0.0,0.0,0.0,0,82334.0
22,9,342,1555,0,1,21,0.05,0.05,1.0,0.0,0.09,255,255,1.0,0.0,0.0,0.0,0.0,0.0,0,22907.0
45,5,0,0,0,0,103,1.0,1.0,0.04,0.07,0.0,255,17,0.07,0.07,0.0,1.0,1.0,0.0,1,59030.0
22,9,251,13968,0,1,10,0.0,0.0,1.0,0.0,0.0,255,255,1.0,0.0,0.0,0.0,0.0,0.0,0,121037.0
32,1,0,0,0,0,210,0.0,0.0,0.03,0.07,0.0,255,6,0.02,0.09,0.0,0.0,0.0,1.0,1,6315.0
55,9,542,36605,0,1,1,0.0,0.0,1.0,0.0,0.0,239,52,0.22,0.02,0.0,0.0,0.0,0.0,0,92510.0
33,5,0,0,0,0,278,1.0,1.0,0.03,0.06,0.0,255,9,0.04,0.07,0.0,1.0,1.0,0.0,1,90153.0
49,9,760,333,0,1,1,0.0,0.0,1.0,0.0,1.0,6,25,0.5,0.67,0.08,0.0,0.0,0.0,0,95805.0
22,9,201,4841,0,1,3,0.0,0.0,1.0,0.0,0.5,16,255,1.0,0.0,0.09,0.0,0.0,0.0,0,79503.0
32,5,0,0,0,0,208,1.0,1.0,0.1,0.07,0.0,255,19,0.07,0.07,0.0,1.0,1.0,0.0,1,87036.0
18,5,0,0,0,0,249,1.0,1.0,0.03,0.06,0.0,255,7,0.03,0.07,0.0,1.0,1.0,0.0,1,93151.0
22,1,0,0,0,0,1,0.0,0.0,1.0,0.0,1.0,8,132,1.0,0.0,0.03,0.0,0.0,1.0,0,76010.0
14,9,1032,0,0,0,511,0.0,0.0,1.0,0.0,0.0,255,5,0.02,0.2,0.0,0.2,0.0,0.0,1,96768.0
14,9,520,0,0,0,317,0.0,0.0,1.0,0.0,0.0,255,255,1.0,0.0,0.0,0.0,0.0,0.0,1,34478.0
22,9,200,3820,0,1,12,0.0,0.0,1.0,0.0,0.0,70,255,1.0,0.0,0.02,0.0,0.0,0.0,0,65944.0
22,9,256,870,0,1,5,0.0,0.0,1.0,0.0,0.0,144,255,1.0,0.0,0.02,0.0,0.0,0.0,0,24350.0
45,5,0,0,0,0,110,0.99,1.0,0.05,0.09,0.0,255,5,0.02,0.07,0.0,1.0,1.0,0.0,1,50580.0
11,9,45,70,0,0,154,0.0,0.0,1.0,0.0,0.0,255,254,1.0,0.01,0.0,0.0,0.0,0.0,0,112534.0
3,5,0,0,0,0,254,1.0,1.0,0.02,0.05,0.0,255,6,0.02,0.05,0.0,1.0,1.0,0.0,1,13543.0
22,1,0,0,0,0,1,0.0,0.0,1.0,0.0,0.0,4,238,1.0,0.0,0.26,0.0,0.0,1.0,0,57902.0
45,4,0,0,0,0,1,0.0,0.0,1.0,0.0,0.0,255,1,0.0,0.72,0.0,0.0,0.0,1.0,1,112176.0
22,9,209,1690,0,1,21,0.0,0.0,1.0,0.0,0.09,21,255,1.0,0.0,0.04,0.0,0.0,0.0,0,52464.0
49,9,125,236,0,1,1,0.0,0.0,1.0,0.0,0.0,102,88,0.29,0.7,0.02,0.0,0.0,0.0,0,7007.0
22,1,0,0,0,0,1,0.0,0.0,1.0,0.0,1.0,69,255,1.0,0.0,0.12,0.0,0.0,1.0,0,42367.0
22,1,0,0,0,0,1,0.0,0.0,1.0,0.0,0.0,4,255,1.0,0.0,0.2,0.0,0.0,0.83,0,106618.0
22,1,0,0,0,0,29,0.0,0.0,1.0,0.0,0.0,64,253,1.0,0.0,0.15,0.0,0.0,0.98,0,36072.0
45,1,0,0,0,0,76,0.0,0.0,0.14,0.07,0.0,255,11,0.04,0.06,0.0,0.0,0.0,1.0,1,42248.0
22,9,304,2147,0,1,2,0.0,0.0,1.0,0.0,0.0,5,255,1.0,0.0,0.04,0.0,0.01,0.0,0,35421.0
45,5,0,0,0,0,104,1.0,1.0,0.05,0.06,0.0,159,5,0.03,0.06,0.0,1.0,1.0,0.0,1,28880.0
22,6,233,24820,0,1,2,0.5,0.33,1.0,0.0,0.33,56,255,1.0,0.0,0.05,0.02,0.0,0.0,0,26971.0
11,9,42,42,0,0,2,0.0,0.0,1.0,0.0,0.0,255,245,0.96,0.01,0.0,0.0,0.0,0.0,0,18315.0
22,9,205,267,0,1,21,0.0,0.03,1.0,0.0,0.1,119,255,1.0,0.0,0.01,0.0,0.0,0.0,0,101974.0
45,5,0,0,0,0,118,1.0,1.0,0.15,0.06,0.0,255,8,0.03,0.07,0.0,1.0,1.0,0.0,1,70144.0
22,9,240,4600,0,1,12,0.0,0.0,1.0,0.0,0.0,255,255,1.0,0.0,0.0,0.0,0.0,0.0,0,71485.0
45,9,105,147,0,0,1,0.0,0.0,1.0,0.0,0.0,11,11,1.0,0.0,0.0,0.0,0.0,0.0,0,75904.0
45,5,0,0,0,0,7,1.0,1.0,0.43,0.43,0.0,255,4,0.02,0.08,0.0,1.0,1.0,0.0,1,66119.0
49,9,1157,333,0,1,1,0.0,0.0,1.0,0.0,1.0,143,193,0.8,0.02,0.01,0.0,0.0,0.0,0,18421.0
22,9,242,2074,0,1,2,0.0,0.0,1.0,0.0,0.0,2,255,1.0,0.0,0.09,0.0,0.0,0.0,0,50637.0
61,5,0,0,0,0,253,1.0,1.0,0.03,0.06,0.0,255,14,0.05,0.07,0.0,1.0,1.0,0.0,1,85111.0
19,9,334,0,0,1,1,0.0,0.0,1.0,0.0,0.0,6,46,1.0,0.0,0.04,0.0,0.02,0.0,1,101248.0
31,2,0,0,0,0,148,0.0,0.0,0.13,0.06,0.0,255,19,0.07,0.06,0.0,0.0,0.0,1.0,1,111590.0
39,5,0,0,0,0,94,1.0,1.0,0.04,0.06,0.0,255,1,0.0,0.07,0.0,1.0,1.0,0.0,1,12334.0
22,9,201,2560,0,1,2,0.0,0.0,1.0,0.0,0.0,42,255,1.0,0.0,0.04,0.0,0.0,0.0,0,89982.0
22,9,161,9534,0,1,1,0.0,0.0,1.0,0.0,0.0,255,255,1.0,0.0,0.0,0.0,0.0,0.0,0,107359.0
22,1,0,0,0,0,2,0.0,0.0,1.0,0.0,0.67,2,10,1.0,0.0,0.3,0.0,0.0,1.0,0,5334.0
22,9,211,1227,0,1,3,0.33,0.33,1.0,0.0,0.0,35,35,1.0,0.0,0.0,0.03,0.03,0.91,0,102378.0
22,9,229,679,0,1,11,0.0,0.0,1.0,0.0,0.12,152,255,1.0,0.0,0.02,0.0,0.0,0.0,0,105121.0
14,9,1032,0,0,0,510,0.0,0.0,1.0,0.0,0.0,255,71,0.28,0.04,0.0,0.14,0.0,0.0,1,7864.0
41,4,1,0,0,0,2,0.0,0.0,1.0,0.0,0.0,255,2,0.01,0.74,0.0,0.0,0.0,1.0,1,109856.0
53,5,0,0,0,0,190,1.0,1.0,0.13,0.05,0.0,255,24,0.09,0.06,0.0,1.0,1.0,0.0,1,100155.0
11,9,45,138,0,0,71,0.0,0.0,1.0,0.0,0.01,255,255,1.0,0.0,0.0,0.0,0.0,0.0,0,62272.0
45,5,0,0,0,0,109,1.0,1.0,0.17,0.06,0.0,255,18,0.07,0.06,0.0,1.0,1.0,0.0,1,39990.0
22,9,272,1145,0,1,15,0.0,0.0,1.0,0.0,0.0,57,255,1.0,0.0,0.04,0.0,0.0,0.0,0,112853.0
49,9,753,332,0,1,1,0.0,0.0,1.0,0.0,0.0,159,139,0.67,0.04,0.01,0.01,0.01,0.0,0,108356.0
54,5,0,0,0,0,258,1.0,1.0,0.02,0.07,0.0,255,17,0.07,0.08,0.0,1.0,1.0,0.0,1,37524.0
25,5,0,0,0,0,276,1.0,1.0,0.05,0.05,0.0,255,15,0.06,0.05,0.0,1.0,1.0,0.0,1,118712.0
15,5,0,0,0,0,142,1.0,1.0,0.13,0.05,0.0,255,18,0.07,0.05,0.0,1.0,1.0,0.0,1,47595.0
40,9,48,48,0,0,2,0.0,0.0,0.5,1.0,0.0,255,41,0.16,0.01,0.0,0.0,0.0,0.0,0,116674.0
44,5,0,0,0,0,121,1.0,1.0,0.06,0.06,0.0,255,7,0.03,0.05,0.0,1.0,1.0,0.0,1,31981.0
55,2,0,0,0,0,226,0.0,0.0,0.04,0.07,0.0,255,8,0.03,0.09,0.0,0.0,0.0,1.0,1,47505.0
49,9,722,330,0,1,1,0.0,0.0,1.0,0.0,1.0,68,49,0.72,0.07,0.0,0.01,0.0,0.0,0,124446.0
45,5,0,0,0,0,287,1.0,1.0,0.0,0.05,0.0,255,1,0.0,0.05,0.0,1.0,1.0,0.0,1,89572.0
19,9,192,0,0,1,1,0.0,0.0,1.0,0.0,0.0,37,89,0.49,0.08,0.02,0.0,0.01,0.0,0,16144.0
41,1,0,0,0,0,461,0.08,0.0,0.0,1.0,0.0,255,1,0.0,1.0,0.0,0.06,0.0,1.0,1,58691.0
22,9,54540,8314,0,1,3,0.0,0.0,1.0,0.0,0.0,229,229,1.0,0.0,0.0,0.0,0.0,0.01,1,76616.0
22,9,218,983,0,1,24,0.0,0.0,1.0,0.0,0.0,52,179,1.0,0.0,0.19,0.0,0.0,0.89,0,18265.0
45,5,0,0,0,0,174,1.0,1.0,0.03,0.07,0.0,255,20,0.08,0.06,0.0,1.0,1.0,0.0,1,88997.0
19,5,0,0,0,0,77,1.0,1.0,0.25,0.05,0.0,255,77,0.3,0.02,0.0,1.0,1.0,0.0,1,69223.0
13,9,8,0,0,0,1,0.0,0.0,1.0,0.0,1.0,2,130,1.0,0.0,0.5,0.0,0.0,0.0,1,37628.0
22,9,308,3672,0,1,2,0.0,0.0,1.0,0.0,0.67,128,255,1.0,0.0,0.02,0.0,0.0,0.0,0,30984.0
27,5,0,0,0,0,137,1.0,1.0,0.17,0.05,0.0,255,23,0.09,0.05,0.0,1.0,1.0,0.0,1,116186.0
51,1,0,0,0,0,1,0.0,0.0,1.0,0.0,0.0,3,2,0.33,1.0,1.0,0.0,0.0,1.0,0,2256.0
61,1,0,0,0,0,138,0.0,0.0,0.09,0.07,0.0,255,1,0.0,0.07,0.0,0.0,0.0,1.0,1,119847.0
19,5,0,0,0,0,75,1.0,1.0,0.23,0.05,0.0,255,69,0.27,0.02,0.0,1.0,1.0,0.0,1,38193.0
41,9,146,105,0,0,1,0.0,0.0,1.0,0.0,0.0,255,3,0.01,0.68,0.0,0.0,0.0,0.0,0,29977.0
3,1,0,0,0,0,232,0.0,0.0,0.07,0.06,0.0,255,17,0.07,0.07,0.0,0.0,0.0,1.0,1,83409.0
22,9,312,1165,0,1,5,0.0,0.0,1.0,0.0,0.0,5,255,1.0,0.0,0.03,0.0,0.0,0.0,0,124803.0
22,9,275,1335,0,1,7,0.0,0.0,1.0,0.0,0.25,77,250,1.0,0.0,0.1,0.0,0.0,0.34,0,56821.0
22,9,54540,8314,0,1,1,0.0,0.0,1.0,0.0,1.0,255,255,1.0,0.0,0.0,0.0,0.0,0.02,1,66509.0
22,9,144,893,0,1,1,0.0,0.0,1.0,0.0,0.0,1,255,1.0,0.0,0.04,0.0,0.02,0.0,0,100058.0
61,5,0,0,0,0,281,1.0,1.0,0.07,0.06,0.0,255,19,0.07,0.07,0.0,1.0,1.0,0.0,1,70478.0
28,5,0,0,0,0,132,1.0,1.0,0.15,0.05,0.0,255,20,0.08,0.05,0.0,1.0,1.0,0.0,1,117561.0
11,9,32,32,0,0,2,0.0,0.0,1.0,0.0,0.6,255,235,0.92,0.01,0.0,0.0,0.0,0.0,0,40881.0
11,9,43,109,0,0,122,0.0,0.0,0.99,0.02,0.01,255,215,0.84,0.02,0.0,0.0,0.0,0.0,0,88093.0
34,1,0,0,0,0,267,0.0,0.0,0.07,0.06,0.0,255,19,0.07,0.07,0.0,0.0,0.0,1.0,1,102782.0
37,1,0,0,0,0,103,0.0,0.0,0.01,0.08,0.0,255,1,0.0,0.07,0.0,0.0,0.0,1.0,1,25708.0
7,1,0,0,0,0,481,0.06,0.0,0.0,1.0,0.0,255,1,0.0,1.0,0.0,0.08,0.0,1.0,1,62458.0
45,9,28,0,3,0,193,0.52,0.0,0.48,0.04,0.0,255,93,0.36,0.64,0.0,0.09,0.0,0.0,1,86187.0
18,9,1224,2449,0,1,1,0.0,0.0,1.0,0.0,0.0,255,42,0.16,0.02,0.0,0.05,0.0,0.0,1,57441.0
22,1,0,0,0,0,28,0.0,0.0,1.0,0.0,0.0,63,253,1.0,0.0,0.15,0.0,0.0,0.98,0,108245.0
22,9,265,608,0,1,1,0.0,0.0,1.0,0.0,0.0,19,255,1.0,0.0,0.02,0.0,0.0,0.0,0,108112.0
22,9,232,784,0,1,2,0.0,0.0,1.0,0.0,0.67,36,255,1.0,0.0,0.02,0.0,0.0,0.0,0,61481.0
22,9,316,171,0,1,3,0.0,0.0,1.0,0.0,0.0,3,255,1.0,0.0,0.13,0.0,0.0,0.36,0,99723.0
17,5,0,0,0,0,235,1.0,1.0,0.0,0.07,0.0,255,2,0.01,0.07,0.0,1.0,1.0,0.0,1,70482.0
49,9,2023,376,0,1,1,0.0,0.0,1.0,0.0,1.0,46,245,0.98,0.04,0.01,0.0,0.0,0.0,0,39957.0
14,9,1032,0,0,0,88,0.0,0.0,1.0,0.0,0.0,230,136,0.59,0.03,0.0,0.01,0.0,0.0,1,9544.0
41,9,59,0,0,1,17,0.06,0.0,0.06,0.41,0.0,176,1,0.01,0.06,0.0,0.01,0.0,0.0,0,3107.0
19,9,334,0,0,1,1,0.0,0.0,1.0,0.0,0.0,255,68,0.27,0.08,0.0,0.01,0.01,0.0,0,55339.0
62,5,0,0,0,0,248,1.0,1.0,0.01,0.06,0.0,255,18,0.07,0.07,0.0,1.0,1.0,0.0,1,108087.0
45,9,100,0,0,0,1,0.0,0.0,1.0,0.0,0.0,251,41,0.16,0.01,0.0,0.0,0.0,0.0,0,36099.0
19,9,383,0,0,1,2,0.0,0.0,1.0,0.0,0.0,26,63,0.85,0.12,0.05,0.0,0.02,0.0,0,112757.0
45,9,28,0,3,0,98,0.0,0.0,1.0,0.0,0.0,255,98,0.38,0.04,0.0,0.02,0.0,0.0,1,36635.0
13,9,8,0,0,0,1,0.0,0.0,1.0,0.0,1.0,1,185,1.0,0.0,0.25,0.0,0.0,0.0,1,35478.0
22,9,233,1842,0,1,11,0.0,0.0,1.0,0.0,0.0,11,255,1.0,0.0,0.04,0.0,0.0,0.0,0,109699.0
11,9,42,68,0,0,204,0.0,0.0,1.0,0.0,0.0,255,250,0.98,0.01,0.0,0.0,0.0,0.0,0,59848.0
22,9,256,396,0,1,1,0.0,0.0,1.0,0.0,0.3,17,255,1.0,0.0,0.04,0.0,0.0,0.0,0,96431.0
22,9,204,1896,0,1,7,0.0,0.0,1.0,0.0,0.0,255,255,1.0,0.0,0.0,0.0,0.0,0.0,0,115087.0
21,5,0,0,0,0,201,1.0,1.0,0.08,0.07,0.0,255,17,0.07,0.07,0.0,1.0,1.0,0.0,1,87849.0
19,9,965,0,0,1,11,0.0,0.0,1.0,0.0,0.0,27,56,0.59,0.11,0.05,0.15,0.0,0.0,0,55958.0
27,5,0,0,0,0,32,1.0,1.0,0.16,0.09,0.0,255,5,0.02,0.07,0.0,1.0,1.0,0.0,1,119191.0
57,5,0,0,0,0,229,1.0,1.0,0.03,0.05,0.0,255,8,0.03,0.06,0.0,1.0,1.0,0.0,1,43198.0
22,9,213,1498,0,1,20,0.0,0.0,1.0,0.0,0.08,72,255,1.0,0.0,0.04,0.0,0.0,0.0,0,28816.0
49,9,882,329,0,1,1,0.0,0.0,1.0,0.0,1.0,4,89,0.75,0.5,0.03,0.0,0.0,0.0,0,98578.0
22,9,230,1342,0,1,6,0.0,0.0,1.0,0.0,0.0,24,255,1.0,0.0,0.05,0.0,0.0,0.0,0,108247.0
40,9,48,48,0,0,2,0.0,0.0,1.0,0.0,0.0,255,15,0.06,0.01,0.0,0.0,0.0,0.0,0,88363.0
45,5,0,0,0,0,185,0.99,1.0,0.04,0.06,0.0,255,7,0.03,0.07,0.0,1.0,1.0,0.0,1,58523.0
26,5,0,0,0,0,105,1.0,1.0,0.17,0.07,0.0,255,5,0.02,0.07,0.0,1.0,1.0,0.0,1,72861.0
11,9,45,45,0,0,185,0.0,0.0,1.0,0.0,0.0,255,255,1.0,0.0,0.0,0.0,0.0,0.0,0,59881.0
22,9,251,1678,0,1,3,0.0,0.0,1.0,0.0,0.0,223,217,0.97,0.01,0.0,0.0,0.0,0.0,0,122320.0
41,9,146,105,0,0,5,0.0,0.0,0.2,0.6,0.0,255,3,0.01,0.66,0.0,0.0,0.0,0.0,0,62207.0
45,4,0,0,0,0,1,0.0,0.0,1.0,0.0,0.0,196,1,0.01,0.5,0.0,0.0,0.0,1.0,1,3401.0
49,9,1137,332,0,1,1,0.0,0.0,1.0,0.0,1.0,255,137,0.54,0.06,0.0,0.02,0.02,0.0,0,24775.0
22,9,203,4841,0,1,1,0.0,0.0,1.0,0.0,1.0,159,255,1.0,0.0,0.04,0.0,0.0,0.0,0,108680.0
45,1,0,0,0,0,95,0.01,0.0,0.01,1.0,0.0,220,1,0.0,0.46,0.0,0.0,0.0,1.0,1,18713.0
22,9,226,2540,0,1,14,0.0,0.0,1.0,0.0,0.13,51,255,1.0,0.0,0.02,0.0,0.0,0.0,0,26367.0
22,9,303,990,0,1,1,0.0,0.0,1.0,0.0,0.0,1,255,1.0,0.0,0.03,0.0,0.0,0.0,0,100203.0
55,9,286,1965,0,1,1,0.0,0.0,1.0,0.0,0.0,46,13,0.28,0.09,0.0,0.02,0.08,0.0,0,52279.0
22,9,297,894,0,1,8,0.0,0.0,1.0,0.0,0.0,255,255,1.0,0.0,0.0,0.0,0.0,0.0,0,11977.0
18,9,1183,2447,0,1,1,0.0,0.0,1.0,0.0,0.0,255,130,0.51,0.02,0.0,0.0,0.0,0.0,1,11468.0
45,5,0,0,0,0,267,1.0,1.0,0.01,0.06,0.0,255,10,0.04,0.07,0.0,1.0,1.0,0.0,1,113573.0
22,9,289,8841,0,1,17,0.0,0.0,1.0,0.0,0.0,17,255,1.0,0.0,0.02,0.0,0.0,0.0,0,47606.0
22,9,321,283,0,1,23,0.0,0.0,1.0,0.0,0.0,255,255,1.0,0.0,0.0,0.0,0.0,0.0,0,91040.0
22,9,306,3862,0,1,6,0.0,0.0,1.0,0.0,0.42,13,255,1.0,0.0,0.01,0.0,0.0,0.0,0,13474.0
45,5,0,0,0,0,204,1.0,1.0,0.07,0.06,0.0,255,13,0.05,0.07,0.0,1.0,1.0,0.0,1,19270.0
22,9,146,21206,0,1,8,0.0,0.0,1.0,0.0,0.0,197,255,1.0,0.0,0.04,0.0,0.0,0.0,0,79775.0
63,5,0,0,0,0,259,1.0,1.0,0.02,0.06,0.0,255,4,0.02,0.06,0.0,1.0,1.0,0.0,1,59247.0
11,9,42,42,0,0,11,0.0,0.0,1.0,0.0,0.18,255,238,0.93,0.01,0.0,0.0,0.0,0.0,0,67373.0
26,5,0,0,0,0,120,1.0,1.0,0.01,0.08,0.0,255,1,0.0,0.07,0.0,1.0,1.0,0.0,1,74117.0
60,5,0,0,0,0,138,1.0,1.0,0.07,0.07,0.0,255,9,0.04,0.07,0.0,1.0,1.0,0.0,1,10394.0
45,5,0,0,0,0,189,1.0,1.0,0.02,0.07,0.0,255,14,0.05,0.05,0.0,1.0,1.0,0.0,1,57830.0
6,5,0,0,0,0,284,1.0,1.0,0.04,0.06,0.0,255,12,0.05,0.06,0.0,1.0,1.0,0.0,1,123175.0
41,1,0,0,0,0,511,0.1,0.0,0.0,1.0,0.0,255,1,0.0,1.0,0.0,0.11,0.0,1.0,1,73898.0
11,9,42,42,0,0,7,0.0,0.0,1.0,0.0,0.25,255,246,0.96,0.01,0.0,0.0,0.0,0.0,0,55661.0
22,9,192,581,0,1,10,0.0,0.0,1.0,0.0,0.0,10,255,1.0,0.0,0.06,0.0,0.0,0.0,0,29027.0
22,9,197,777,0,1,10,0.0,0.0,1.0,0.0,0.0,10,64,1.0,0.0,0.06,0.0,0.0,0.0,0,11639.0
22,1,0,0,0,0,1,0.0,0.95,1.0,0.0,0.1,2,199,1.0,0.0,0.27,0.0,0.0,1.0,0,20105.0
30,1,0,0,0,0,247,0.0,0.0,0.06,0.06,0.0,255,15,0.06,0.07,0.0,0.0,0.0,1.0,1,94561.0
55,9,248,40076,0,1,1,0.0,0.0,1.0,0.0,0.0,143,24,0.17,0.03,0.0,0.0,0.0,0.04,0,109686.0
45,5,0,0,0,0,119,1.0,1.0,0.09,0.06,0.0,255,7,0.03,0.06,0.0,1.0,1.0,0.0,1,81527.0
22,9,276,9988,0,1,4,0.0,0.0,1.0,0.0,0.0,226,255,1.0,0.0,0.01,0.0,0.0,0.0,0,47558.0
22,9,54540,8314,0,1,4,0.0,0.0,1.0,0.0,0.0,28,28,1.0,0.0,0.0,0.0,0.0,0.07,1,22880.0
22,9,286,588,0,1,18,0.0,0.0,1.0,0.0,0.11,18,255,1.0,0.0,0.03,0.0,0.0,0.0,0,44767.0
22,9,314,27264,0,1,3,0.0,0.0,1.0,0.0,0.06,33,255,1.0,0.0,0.02,0.0,0.01,0.0,0,83912.0
22,9,263,10939,0,1,1,0.0,0.0,1.0,0.0,1.0,10,255,1.0,0.0,0.05,0.0,0.0,0.0,0,32692.0
2,5,0,0,0,0,236,1.0,1.0,0.06,0.06,0.0,255,6,0.02,0.09,0.0,1.0,1.0,0.0,1,26003.0
22,9,287,1660,0,1,32,0.0,0.0,1.0,0.0,0.0,246,255,1.0,0.0,0.01,0.0,0.0,0.0,0,104847.0
45,9,105,147,0,0,8,0.0,0.0,0.12,0.25,0.0,255,205,0.8,0.01,0.0,0.0,0.0,0.0,0,76699.0
52,2,0,0,0,0,232,0.0,0.0,0.07,0.07,0.0,255,16,0.06,0.07,0.0,0.0,0.0,1.0,1,57835.0
45,5,0,0,0,0,145,1.0,1.0,0.08,0.06,0.0,255,15,0.06,0.05,0.0,1.0,1.0,0.0,1,66520.0
55,5,0,0,0,0,146,1.0,1.0,0.05,0.05,0.0,255,8,0.03,0.06,0.0,1.0,1.0,0.0,1,88780.0
49,9,1006,332,0,1,1,0.0,0.0,1.0,0.0,1.0,51,38,0.75,0.06,0.0,0.0,0.0,0.0,0,46009.0
33,1,0,0,0,0,236,0.0,0.0,0.08,0.07,0.0,255,20,0.08,0.08,0.0,0.0,0.0,1.0,1,44577.0
22,9,312,839,0,1,5,0.0,0.0,1.0,0.0,0.29,223,255,1.0,0.0,0.02,0.0,0.0,0.01,0,15957.0
22,9,242,342,0,1,14,0.0,0.0,1.0,0.0,0.13,101,255,1.0,0.0,0.02,0.0,0.0,0.04,0,12860.0
10,5,0,0,0,0,233,1.0,1.0,0.08,0.06,0.0,255,19,0.07,0.07,0.0,1.0,1.0,0.0,1,23777.0
45,5,0,0,0,0,133,1.0,1.0,0.04,0.08,0.0,255,5,0.02,0.06,0.0,1.0,1.0,0.0,1,28507.0
11,9,45,82,0,0,206,0.0,0.0,1.0,0.0,0.0,255,255,1.0,0.0,0.0,0.0,0.0,0.0,0,104032.0
11,9,45,134,0,0,75,0.0,0.0,0.99,0.03,0.02,255,197,0.77,0.02,0.0,0.0,0.0,0.0,0,90119.0
11,9,42,108,0,0,66,0.0,0.0,1.0,0.0,0.01,255,204,0.8,0.01,0.0,0.0,0.0,0.0,0,50246.0
53,1,0,0,0,0,237,0.0,0.0,0.08,0.06,0.0,255,18,0.07,0.07,0.0,0.0,0.0,1.0,1,61515.0
22,9,212,1416,0,1,1,0.0,0.0,1.0,0.0,0.0,36,255,1.0,0.0,0.08,0.0,0.01,0.01,0,31956.0
45,9,1,0,0,0,12,0.0,0.0,1.0,0.0,0.0,255,12,0.05,0.95,0.0,0.13,0.0,0.0,1,100812.0
19,9,1766,0,0,0,1,0.0,0.0,1.0,0.0,0.0,6,71,1.0,0.0,0.03,0.0,0.0,0.0,0,21298.0
51,5,0,0,0,0,270,1.0,1.0,0.07,0.06,0.0,255,19,0.07,0.07,0.0,1.0,1.0,0.0,1,82029.0
18,9,1077,3081,0,1,1,0.0,0.0,1.0,0.0,0.0,25,4,0.16,0.12,0.0,0.0,0.0,0.0,0,69360.0
45,5,0,0,0,0,148,1.0,1.0,0.06,0.05,0.0,255,10,0.04,0.08,0.0,1.0,1.0,0.0,1,109898.0
22,1,0,0,0,0,1,0.0,0.0,1.0,0.0,0.0,1,60,1.0,0.0,0.18,0.0,0.0,1.0,0,114342.0
60,5,0,0,0,0,112,1.0,1.0,0.12,0.07,0.0,255,14,0.05,0.07,0.0,1.0,1.0,0.0,1,40778.0
49,9,1628,329,0,1,1,0.0,0.0,1.0,0.0,0.0,255,12,0.05,0.6,0.0,0.0,0.08,0.0,0,69727.0
2,5,0,0,0,0,218,1.0,1.0,0.04,0.08,0.0,255,8,0.03,0.09,0.0,1.0,1.0,0.0,1,61133.0
2,5,0,0,0,0,231,1.0,1.0,0.03,0.06,0.0,255,8,0.03,0.07,0.0,1.0,1.0,0.0,1,52045.0
11,9,45,130,0,0,15,0.0,0.0,1.0,0.0,0.02,255,254,1.0,0.01,0.0,0.0,0.0,0.0,0,24346.0
22,9,159,21375,0,1,2,0.0,0.0,1.0,0.0,0.16,2,255,1.0,0.0,0.01,0.0,0.0,0.0,0,7900.0
11,9,43,43,0,0,98,0.0,0.0,1.0,0.0,0.03,255,255,1.0,0.0,0.0,0.0,0.0,0.0,0,39521.0
5,5,0,0,0,0,114,1.0,1.0,0.16,0.05,0.0,255,18,0.07,0.06,0.0,1.0,1.0,0.0,1,84574.0
45,5,0,0,0,0,109,1.0,1.0,0.23,0.05,0.0,255,25,0.1,0.05,0.0,1.0,1.0,0.0,1,57660.0
11,9,33,0,0,0,1,0.0,0.0,1.0,0.0,1.0,255,3,0.01,0.53,0.0,0.0,0.0,0.0,0,84373.0
19,5,0,0,0,0,29,1.0,1.0,0.28,0.14,0.0,255,48,0.19,0.05,0.0,1.0,1.0,0.0,1,70425.0
52,5,0,0,0,0,234,1.0,1.0,0.06,0.06,0.0,255,14,0.05,0.06,0.0,1.0,1.0,0.0,1,16230.0
49,9,652,337,0,1,1,0.0,0.0,1.0,0.0,1.0,199,213,0.84,0.02,0.01,0.0,0.0,0.0,0,45999.0
45,9,1,5,0,0,39,0.0,0.0,0.36,0.1,0.0,255,14,0.05,0.62,0.0,0.16,0.0,0.0,1,50056.0
19,9,14052,0,0,0,3,0.0,0.0,1.0,0.0,0.0,30,76,0.43,0.1,0.03,0.0,0.0,0.0,0,55163.0
11,9,45,45,0,0,186,0.0,0.0,0.99,0.01,0.0,255,254,1.0,0.01,0.0,0.0,0.0,0.0,0,104054.0
22,9,368,451,0,1,5,0.0,0.0,1.0,0.0,0.0,255,255,1.0,0.0,0.0,0.0,0.0,0.0,0,32488.0
22,1,0,0,0,0,1,0.0,0.83,1.0,0.0,0.33,133,255,1.0,0.0,0.07,0.0,0.0,0.97,0,113979.0
22,9,308,511,0,1,3,0.0,0.0,1.0,0.0,0.27,255,255,1.0,0.0,0.0,0.0,0.0,0.0,0,28982.0
45,5,0,0,0,0,125,1.0,1.0,0.03,0.06,0.0,255,3,0.01,0.07,0.0,1.0,1.0,0.0,1,83984.0
22,9,297,4929,0,1,6,0.0,0.0,1.0,0.0,0.0,255,255,1.0,0.0,0.0,0.0,0.0,0.0,0,29740.0
18,5,0,0,0,0,247,1.0,1.0,0.04,0.06,0.0,255,11,0.04,0.06,0.0,1.0,1.0,0.0,1,116029.0
22,9,232,2239,0,1,3,0.0,0.0,1.0,0.0,0.0,255,249,0.98,0.01,0.0,0.0,0.0,0.0,0,8532.0
22,9,193,1030,0,1,16,0.0,0.0,1.0,0.0,0.0,72,255,1.0,0.0,0.05,0.0,0.0,0.0,0,123748.0
49,9,965,332,0,1,1,0.0,0.0,1.0,0.0,1.0,121,112,0.4,0.07,0.02,0.0,0.0,0.0,0,93174.0
6,1,0,0,0,0,209,0.0,0.0,0.01,0.08,0.0,255,3,0.01,0.1,0.0,0.0,0.0,1.0,1,42799.0
45,5,0,0,0,0,122,1.0,1.0,0.02,0.07,0.0,255,2,0.01,0.09,0.0,1.0,1.0,0.0,1,85850.0
11,9,45,137,0,0,310,0.0,0.0,1.0,0.0,0.0,255,254,1.0,0.01,0.0,0.0,0.0,0.0,0,91101.0
22,9,291,2669,0,1,18,0.0,0.0,1.0,0.0,0.0,255,255,1.0,0.0,0.0,0.0,0.0,0.0,0,65053.0
11,9,45,87,0,0,203,0.0,0.0,1.0,0.0,0.01,255,216,0.85,0.01,0.0,0.0,0.0,0.0,0,60757.0
11,9,46,112,0,0,72,0.0,0.0,1.0,0.0,0.01,255,254,1.0,0.01,0.0,0.0,0.0,0.0,0,65056.0
22,9,304,1870,0,1,5,0.0,0.0,1.0,0.0,0.5,22,255,1.0,0.0,0.03,0.0,0.0,0.0,0,73557.0
14,9,520,0,0,0,434,0.0,0.0,1.0,0.0,0.0,31,31,1.0,0.0,0.0,0.0,0.0,0.0,1,77601.0
11,9,43,82,0,0,27,0.0,0.0,1.0,0.0,0.0,255,255,1.0,0.0,0.0,0.0,0.0,0.0,0,111064.0
22,9,258,486,0,1,5,0.0,0.0,1.0,0.0,0.25,170,255,1.0,0.0,0.01,0.0,0.0,0.0,0,39528.0
19,5,0,0,0,0,275,1.0,1.0,0.03,0.06,0.0,255,8,0.03,0.07,0.0,1.0,1.0,0.0,1,89272.0
22,9,230,241,0,1,4,0.0,0.0,1.0,0.0,0.12,43,255,1.0,0.0,0.05,0.0,0.0,0.0,0,45211.0
57,5,0,0,0,0,253,1.0,1.0,0.0,0.06,0.0,255,1,0.0,0.07,0.0,1.0,1.0,0.0,1,17458.0
13,9,8,0,0,0,1,0.0,0.0,1.0,0.0,1.0,1,99,1.0,0.0,0.51,0.0,0.0,0.0,1,73874.0
19,5,0,0,0,0,124,1.0,1.0,0.08,0.05,0.0,255,7,0.03,0.08,0.0,1.0,1.0,0.0,1,88186.0
19,9,259,0,0,0,2,0.0,0.0,1.0,0.0,0.0,20,118,0.8,0.15,0.02,0.0,0.0,0.0,0,32910.0
13,9,8,0,0,0,1,0.0,0.0,1.0,0.0,1.0,1,93,1.0,0.0,0.51,0.0,0.0,0.0,1,36266.0
22,9,323,380,0,1,28,0.0,0.0,1.0,0.0,0.07,104,255,1.0,0.0,0.03,0.0,0.0,0.0,0,69271.0
11,9,44,44,0,0,104,0.0,0.0,1.0,0.0,0.02,255,255,1.0,0.0,0.0,0.0,0.0,0.0,0,78497.0
45,9,105,146,0,0,1,0.0,0.0,1.0,0.0,0.0,18,15,0.83,0.11,0.0,0.0,0.0,0.0,0,87705.0
4,5,0,0,0,0,116,1.0,1.0,0.07,0.06,0.0,255,8,0.03,0.05,0.0,1.0,1.0,0.0,1,124494.0
22,9,54540,8314,0,1,4,0.0,0.0,1.0,0.0,0.0,30,30,1.0,0.0,0.0,0.0,0.0,0.07,1,72350.0
11,9,111,44,0,0,1,0.0,0.0,1.0,0.0,0.0,255,237,0.93,0.01,0.0,0.0,0.0,0.0,0,22789.0
45,4,0,0,0,0,50,0.0,0.0,0.04,0.54,0.0,220,2,0.01,0.13,0.0,0.01,0.0,1.0,1,63767.0
45,5,0,0,0,0,208,1.0,1.0,0.0,0.06,0.0,255,19,0.07,0.08,0.0,1.0,1.0,0.0,1,89771.0
45,5,0,0,0,0,143,1.0,1.0,0.06,0.06,0.0,255,5,0.02,0.08,0.0,1.0,1.0,0.0,1,41634.0
49,9,1117,330,0,1,1,0.0,0.0,1.0,0.0,0.0,255,124,0.49,0.02,0.0,0.0,0.01,0.0,0,100008.0
54,5,0,0,0,0,262,1.0,1.0,0.06,0.06,0.0,255,16,0.06,0.07,0.0,1.0,1.0,0.0,1,50218.0
22,9,253,2445,0,1,9,0.0,0.0,1.0,0.0,0.0,255,255,1.0,0.0,0.0,0.0,0.0,0.0,0,3907.0
7,1,0,0,0,0,262,0.0,0.0,0.07,0.06,0.0,255,18,0.07,0.07,0.0,0.0,0.0,1.0,1,119300.0
22,9,237,607,0,1,5,0.2,0.2,1.0,0.0,0.0,255,255,1.0,0.0,0.0,0.0,0.0,0.01,0,3062.0
22,9,305,2229,0,1,3,0.0,0.0,1.0,0.0,0.0,23,23,1.0,0.0,0.0,0.0,0.0,0.0,0,46988.0
19,9,383,0,0,1,2,0.0,0.0,1.0,0.0,0.0,109,110,0.78,0.03,0.02,0.0,0.0,0.0,0,31121.0
49,9,760,333,0,1,1,0.0,0.0,1.0,0.0,1.0,158,151,0.63,0.12,0.01,0.01,0.0,0.0,0,36078.0
3,5,0,0,0,0,200,1.0,1.0,0.01,0.05,0.0,255,2,0.01,0.05,0.0,1.0,1.0,0.0,1,25019.0
45,9,1,0,0,0,40,0.0,0.0,0.1,0.05,0.0,255,47,0.18,0.23,0.0,0.0,0.0,0.0,1,49189.0
22,9,192,10723,0,1,3,0.0,0.0,1.0,0.0,0.0,3,255,1.0,0.0,0.02,0.0,0.0,0.0,0,10375.0
41,9,516,4,0,0,64,0.0,0.0,1.0,0.0,0.0,64,64,1.0,0.0,0.0,0.0,0.0,0.0,0,53836.0
45,5,0,0,0,0,117,1.0,1.0,0.08,0.07,0.0,255,13,0.05,0.06,0.0,1.0,1.0,0.0,1,29440.0
22,9,297,1445,0,1,12,0.0,0.0,1.0,0.0,0.0,91,255,1.0,0.0,0.05,0.0,0.0,0.0,0,67248.0
22,9,346,556,0,1,1,0.0,0.0,1.0,0.0,0.0,15,255,1.0,0.0,0.01,0.07,0.0,0.0,0,35580.0
19,9,748,0,0,1,1,0.0,0.0,1.0,0.0,0.0,255,75,0.29,0.02,0.0,0.0,0.0,0.0,0,26825.0
49,9,1424,332,0,1,2,0.0,0.0,1.0,0.0,0.67,243,163,0.65,0.02,0.01,0.0,0.0,0.0,0,86125.0
22,9,282,451,0,1,13,0.0,0.0,1.0,0.0,0.0,13,255,1.0,0.0,0.05,0.0,0.0,0.0,0,61925.0
19,9,2194619,0,0,1,2,0.0,0.0,1.0,0.0,0.0,220,64,0.27,0.01,0.03,0.0,0.0,0.0,0,82159.0
41,1,0,0,0,0,401,0.07,0.0,0.0,1.0,0.0,255,1,0.0,1.0,0.0,0.08,0.0,1.0,1,95892.0
45,5,0,0,0,0,138,1.0,1.0,0.09,0.06,0.0,255,10,0.04,0.06,0.0,1.0,1.0,0.0,1,76627.0
41,9,147,105,0,0,5,0.0,0.0,0.4,0.6,0.0,255,2,0.01,0.6,0.0,0.0,0.0,0.0,0,116516.0
45,5,0,0,0,0,288,1.0,1.0,0.02,0.06,0.0,255,12,0.05,0.09,0.0,1.0,1.0,0.0,1,83265.0
22,9,298,3420,0,1,7,0.0,0.0,1.0,0.0,0.14,255,255,1.0,0.0,0.0,0.0,0.0,0.0,0,27192.0
45,4,0,0,0,0,369,0.0,0.0,0.01,0.52,0.0,255,2,0.01,0.52,0.0,0.0,0.0,1.0,1,117377.0
5,5,0,0,0,0,113,1.0,1.0,0.04,0.07,0.0,255,5,0.02,0.07,0.0,1.0,1.0,0.0,1,116295.0
22,9,214,1718,0,1,15,0.0,0.0,1.0,0.0,0.12,66,98,1.0,0.0,0.02,0.0,0.0,0.0,0,109964.0
11,9,46,71,0,0,203,0.0,0.0,1.0,0.01,0.0,255,254,1.0,0.01,0.0,0.0,0.0,0.0,0,97698.0
22,9,345,1556,0,1,13,0.0,0.0,1.0,0.0,0.04,13,255,1.0,0.0,0.03,0.0,0.0,0.0,0,19351.0
45,9,28,0,3,0,40,0.0,0.0,1.0,0.0,0.0,243,40,0.16,0.05,0.0,0.02,0.0,0.0,1,23668.0
49,9,1314,328,0,1,1,0.0,0.0,1.0,0.0,1.0,27,167,0.93,0.11,0.02,0.0,0.0,0.01,0,34930.0
22,9,263,279,0,1,29,0.0,0.0,1.0,0.0,0.0,255,228,0.89,0.01,0.0,0.0,0.0,0.0,0,13719.0
18,9,1506,4152,0,1,1,0.0,0.0,1.0,0.0,0.0,69,13,0.19,0.07,0.0,0.0,0.0,0.0,0,28007.0
22,9,223,6534,0,1,12,0.0,0.0,1.0,0.0,0.0,255,255,1.0,0.0,0.0,0.0,0.0,0.0,0,75334.0
22,9,197,659,0,1,25,0.0,0.0,1.0,0.0,0.09,255,255,1.0,0.0,0.0,0.0,0.0,0.0,0,94227.0
19,9,383,0,0,0,2,0.0,0.0,1.0,0.0,0.0,37,37,0.08,0.08,0.08,0.0,0.0,0.0,0,115184.0
3,5,0,0,0,0,120,1.0,1.0,0.04,0.07,0.0,255,4,0.02,0.07,0.0,1.0,1.0,0.0,1,62989.0
22,9,226,4658,0,1,1,0.0,0.0,1.0,0.0,0.0,32,255,1.0,0.0,0.04,0.0,0.0,0.0,0,107622.0
45,1,0,0,0,0,275,0.0,0.0,0.06,0.06,0.0,255,16,0.06,0.08,0.0,0.0,0.0,1.0,1,81939.0
43,9,35,130,0,1,1,0.0,0.0,1.0,0.0,0.0,29,1,0.03,0.14,0.0,0.0,0.0,0.0,0,34106.0
33,5,0,0,0,0,265,1.0,1.0,0.09,0.05,0.0,255,24,0.09,0.05,0.0,1.0,1.0,0.0,1,45978.0
22,1,0,0,0,0,1,0.0,0.0,1.0,0.0,1.0,39,130,1.0,0.0,0.22,0.0,0.0,1.0,0,9881.0
45,9,1,0,0,0,62,0.0,0.0,0.39,0.08,0.0,255,58,0.23,0.18,0.0,0.0,0.0,0.0,1,108789.0
22,1,0,0,0,0,1,0.0,0.0,1.0,0.0,0.0,8,95,1.0,0.0,0.25,0.0,0.0,1.0,0,96165.0
49,9,1291,389,0,1,1,0.0,0.0,1.0,0.0,0.0,153,165,0.58,0.02,0.01,0.0,0.0,0.0,0,49764.0
45,4,1,0,0,0,2,0.0,0.0,1.0,0.0,0.0,255,2,0.01,0.73,0.0,0.0,0.0,1.0,1,32728.0
41,9,146,105,0,0,2,0.0,0.0,1.0,0.0,0.0,66,2,0.03,0.52,0.0,0.0,0.0,0.0,0,117774.0
22,9,246,525,0,1,9,0.0,0.0,1.0,0.0,0.04,255,255,1.0,0.0,0.0,0.0,0.0,0.0,0,79788.0
22,9,306,2698,0,1,4,0.0,0.0,1.0,0.0,0.0,255,228,0.89,0.02,0.0,0.0,0.0,0.0,0,30463.0
22,9,241,5408,0,1,3,0.0,0.0,1.0,0.0,0.17,3,255,1.0,0.0,0.07,0.0,0.0,0.0,0,100957.0
11,9,44,134,0,0,10,0.0,0.0,1.0,0.0,0.02,255,255,1.0,0.0,0.0,0.0,0.0,0.0,0,113032.0
22,6,274,2920,0,1,2,0.5,0.67,1.0,0.0,0.67,168,255,1.0,0.0,0.02,0.01,0.01,0.0,0,6410.0
13,9,30,0,0,0,2,0.0,0.0,0.5,1.0,0.0,255,16,0.06,0.01,0.0,0.0,0.0,0.0,0,67645.0
22,9,200,654,0,1,21,0.05,0.03,1.0,0.0,0.05,255,255,1.0,0.0,0.0,0.0,0.0,0.0,0,51694.0
61,5,0,0,0,0,282,1.0,1.0,0.06,0.06,0.0,255,18,0.07,0.06,0.0,1.0,1.0,0.0,1,36287.0
22,9,303,662,0,1,36,0.0,0.0,1.0,0.0,0.05,255,255,1.0,0.0,0.0,0.0,0.0,0.0,0,12305.0
55,9,140,2166,0,1,1,0.0,0.0,1.0,0.0,0.0,1,2,1.0,0.0,1.0,0.0,0.0,0.0,0,76640.0
45,5,0,0,0,0,110,1.0,1.0,0.12,0.05,0.0,255,5,0.02,0.07,0.0,1.0,1.0,0.0,1,59837.0
49,9,1532,338,0,1,1,0.0,0.0,1.0,0.0,0.0,182,243,0.96,0.01,0.01,0.0,0.0,0.0,0,83780.0
22,9,257,874,0,1,10,0.0,0.0,1.0,0.0,0.1,73,255,1.0,0.0,0.01,0.0,0.0,0.0,0,71752.0
45,5,0,0,0,0,85,1.0,1.0,0.11,0.06,0.0,255,14,0.05,0.06,0.0,1.0,1.0,0.0,1,40672.0
11,9,94,34,0,0,5,0.0,0.0,1.0,0.0,0.33,64,40,0.62,0.03,0.0,0.0,0.0,0.0,0,27966.0
32,5,0,0,0,0,231,1.0,1.0,0.03,0.07,0.0,255,7,0.03,0.07,0.0,1.0,1.0,0.0,1,26446.0
45,5,0,0,0,0,76,1.0,1.0,0.32,0.05,0.0,255,21,0.08,0.05,0.0,1.0,1.0,0.0,1,7552.0
19,9,334,0,0,1,1,0.0,0.0,1.0,0.0,0.0,3,9,1.0,0.0,0.44,0.0,0.0,0.0,1,8987.0
33,5,0,0,0,0,298,1.0,1.0,0.08,0.05,0.0,255,25,0.1,0.05,0.0,1.0,1.0,0.0,1,20892.0
22,9,226,1588,0,1,20,0.0,0.0,1.0,0.0,0.0,255,255,1.0,0.0,0.0,0.0,0.0,0.0,0,65066.0
45,5,0,0,0,0,129,1.0,1.0,0.05,0.06,0.0,255,14,0.05,0.07,0.0,1.0,1.0,0.0,1,12877.0
36,1,0,0,0,0,156,0.0,0.0,0.1,0.06,0.0,255,15,0.06,0.07,0.0,0.0,0.0,1.0,1,50870.0
20,5,0,0,0,0,199,1.0,1.0,0.01,0.07,0.0,255,9,0.04,0.07,0.0,1.0,1.0,0.0,1,102679.0
22,9,295,2077,0,1,6,0.0,0.0,1.0,0.0,0.0,42,255,1.0,0.0,0.02,0.0,0.0,0.0,0,125577.0
22,9,368,5939,0,1,15,0.0,0.0,1.0,0.0,0.17,136,148,1.0,0.0,0.03,0.01,0.01,0.01,0,8883.0
41,9,147,105,0,0,1,0.0,0.0,1.0,0.0,0.0,255,1,0.0,0.57,0.0,0.0,0.0,0.0,0,92173.0
11,9,136,43,0,0,279,0.0,0.0,1.0,0.01,0.0,168,135,0.8,0.01,0.0,0.0,0.0,0.0,0,83627.0
22,9,160,10873,0,1,1,0.0,0.0,1.0,0.0,0.0,1,255,1.0,0.0,0.01,0.0,0.0,0.0,0,101272.0
39,5,0,0,0,0,241,1.0,1.0,0.06,0.06,0.0,255,6,0.02,0.07,0.0,1.0,1.0,0.0,1,30764.0
49,9,1243,366,0,1,1,0.0,0.0,1.0,0.0,0.0,163,115,0.71,0.02,0.0,0.0,0.0,0.0,0,1242.0
41,9,145,105,0,0,5,0.0,0.0,0.4,0.6,0.0,255,2,0.01,0.83,0.0,0.0,0.0,0.0,0,96915.0
22,9,213,27264,0,1,3,0.0,0.0,1.0,0.0,0.5,49,255,1.0,0.0,0.02,0.02,0.02,0.0,0,4997.0
45,4,0,0,0,0,445,0.0,0.0,0.0,0.52,0.0,255,2,0.01,0.51,0.0,0.0,0.0,1.0,1,9417.0
3,1,0,0,0,0,269,0.0,0.0,0.07,0.06,0.0,255,20,0.08,0.07,0.0,0.0,0.0,1.0,1,18561.0
11,9,43,76,0,0,311,0.0,0.0,1.0,0.0,0.0,255,254,1.0,0.01,0.0,0.0,0.0,0.0,0,28668.0
60,2,0,0,0,0,113,0.0,0.0,0.06,0.07,0.0,255,7,0.03,0.06,0.0,0.0,0.0,1.0,1,8875.0
31,5,0,0,0,0,117,1.0,1.0,0.1,0.06,0.0,255,6,0.02,0.06,0.0,1.0,1.0,0.0,1,89180.0
22,9,54540,8314,0,1,3,0.0,0.0,1.0,0.0,0.0,255,255,1.0,0.0,0.0,0.01,0.01,0.02,1,83782.0
51,5,0,0,0,0,7,1.0,1.0,0.43,0.43,0.0,255,3,0.01,0.09,0.0,1.0,1.0,0.0,1,1726.0
13,9,8,0,0,0,1,0.0,0.0,1.0,0.0,1.0,2,34,1.0,0.0,0.5,0.0,0.0,0.0,1,61981.0
26,5,0,0,0,0,227,1.0,1.0,0.05,0.07,0.0,255,11,0.04,0.07,0.0,1.0,1.0,0.0,1,14746.0
19,9,40494,0,0,1,13,0.0,0.0,1.0,0.0,0.0,255,81,0.32,0.02,0.0,0.0,0.0,0.0,0,107749.0
45,10,0,0,0,0,1,1.0,1.0,1.0,0.0,0.0,148,1,0.01,0.93,0.0,0.95,1.0,0.0,1,59921.0
45,5,0,0,0,0,144,1.0,1.0,0.1,0.06,0.0,255,15,0.06,0.07,0.0,1.0,1.0,0.0,1,55072.0
22,1,0,0,0,0,1,0.0,0.0,1.0,0.0,0.0,31,255,1.0,0.0,0.16,0.0,0.0,0.98,0,44385.0
22,9,249,548,0,1,23,0.0,0.0,1.0,0.0,0.11,255,255,1.0,0.0,0.0,0.0,0.0,0.0,0,78569.0
22,9,341,447,0,1,3,0.0,0.0,1.0,0.0,0.5,255,255,1.0,0.0,0.0,0.0,0.0,0.0,0,86231.0
45,5,0,0,0,0,121,0.99,1.0,0.09,0.07,0.0,255,2,0.01,0.07,0.0,1.0,1.0,0.0,1,22175.0
61,5,0,0,0,0,290,1.0,1.0,0.03,0.06,0.0,255,9,0.04,0.06,0.0,1.0,1.0,0.0,1,122378.0
45,5,0,0,0,0,101,1.0,1.0,0.04,0.06,0.0,255,18,0.07,0.07,0.0,1.0,1.0,0.0,1,97001.0
22,9,209,1155,0,1,28,0.0,0.0,1.0,0.0,0.13,52,255,1.0,0.0,0.04,0.0,0.0,0.0,0,53902.0
22,1,0,0,0,0,1,0.0,0.0,1.0,0.0,0.0,38,254,1.0,0.0,0.14,0.0,0.0,0.98,0,97861.0
22,9,235,2710,0,1,3,0.0,0.0,1.0,0.0,0.0,28,255,1.0,0.0,0.03,0.0,0.0,0.0,0,17152.0
52,5,0,0,0,0,96,1.0,1.0,0.01,0.06,0.0,255,1,0.0,0.07,0.0,1.0,1.0,0.0,1,38143.0
45,9,105,0,0,0,2,0.0,0.0,1.0,0.0,0.0,255,179,0.7,0.01,0.0,0.0,0.0,0.0,0,92395.0
22,9,333,342,0,1,2,0.0,0.0,1.0,0.0,0.18,12,255,1.0,0.0,0.01,0.0,0.0,0.01,0,14597.0
19,9,11376,0,0,1,3,0.0,0.0,1.0,0.0,0.0,228,85,0.35,0.09,0.02,0.01,0.02,0.0,0,20721.0
3,5,0,0,0,0,273,1.0,1.0,0.05,0.05,0.0,255,15,0.06,0.05,0.0,1.0,1.0,0.0,1,105554.0
22,9,348,5599,0,1,5,0.0,0.0,1.0,0.0,0.0,10,255,1.0,0.0,0.05,0.0,0.0,0.0,0,46105.0
45,5,0,0,0,0,105,1.0,1.0,0.12,0.06,0.0,255,13,0.05,0.08,0.0,1.0,1.0,0.0,1,121449.0
11,9,46,132,0,0,282,0.0,0.0,1.0,0.01,0.0,247,212,0.86,0.01,0.0,0.0,0.0,0.0,0,84817.0
45,5,0,0,0,0,239,1.0,1.0,0.07,0.06,0.0,255,5,0.02,0.08,0.0,1.0,1.0,0.0,1,68941.0
22,9,293,1680,0,1,8,0.0,0.0,1.0,0.0,0.17,65,255,1.0,0.0,0.02,0.02,0.02,0.0,0,82362.0
23,5,0,0,0,0,45,1.0,1.0,0.18,0.11,0.0,255,8,0.03,0.08,0.0,1.0,1.0,0.0,1,11100.0
14,9,30,0,0,0,1,0.0,0.0,1.0,0.0,0.0,62,62,1.0,0.0,0.0,0.0,0.0,0.0,0,74466.0
47,4,0,0,0,0,1,0.0,0.0,1.0,0.0,0.0,175,1,0.01,0.45,0.0,0.0,0.0,1.0,1,80985.0
11,9,46,498,0,0,28,0.0,0.0,0.96,0.07,0.02,255,209,0.82,0.01,0.0,0.0,0.0,0.0,0,69603.0
49,9,2256,497,0,1,1,0.0,0.0,1.0,0.0,1.0,249,39,0.14,0.02,0.05,0.0,0.0,0.0,0,4983.0
8,2,0,0,0,0,105,0.0,0.0,0.03,0.08,0.0,255,3,0.01,0.08,0.0,0.0,0.0,1.0,1,101971.0
45,5,0,0,0,0,279,1.0,1.0,0.04,0.06,0.0,255,12,0.05,0.09,0.0,1.0,1.0,0.0,1,40951.0
31,5,0,0,0,0,141,1.0,1.0,0.13,0.05,0.0,255,19,0.07,0.05,0.0,1.0,1.0,0.0,1,35637.0
49,5,0,0,0,0,6,1.0,1.0,1.0,0.0,0.0,68,136,0.38,0.03,0.01,0.97,0.19,0.0,1,77564.0
11,9,46,75,0,0,132,0.0,0.0,1.0,0.0,0.0,255,254,1.0,0.01,0.0,0.0,0.0,0.0,0,47462.0
25,5,0,0,0,0,243,1.0,1.0,0.01,0.06,0.0,255,3,0.01,0.07,0.0,1.0,1.0,0.0,1,29001.0
42,5,0,0,0,0,261,1.0,1.0,0.06,0.06,0.0,255,16,0.06,0.07,0.0,1.0,1.0,0.0,1,79062.0
45,5,0,0,0,0,96,1.0,1.0,0.08,0.07,0.0,148,8,0.05,0.07,0.0,1.0,1.0,0.0,1,74378.0
45,5,0,0,0,0,227,1.0,1.0,0.11,0.05,0.0,255,25,0.1,0.05,0.0,1.0,1.0,0.0,1,62740.0
45,9,28,0,3,0,48,0.0,0.0,1.0,0.0,0.0,255,15,0.06,0.01,0.0,0.0,0.0,0.0,1,96897.0
45,9,28,0,3,0,22,0.0,0.0,0.95,0.09,0.0,255,21,0.08,0.02,0.0,0.0,0.0,0.0,1,121113.0
22,9,333,106411,0,1,2,0.0,0.0,1.0,0.0,0.25,95,95,1.0,0.0,0.0,0.0,0.0,0.0,0,124962.0
22,9,243,317,0,1,9,0.0,0.0,1.0,0.0,0.0,255,255,1.0,0.0,0.0,0.0,0.0,0.0,0,83521.0
63,5,0,0,0,0,226,1.0,1.0,0.03,0.06,0.0,255,6,0.02,0.08,0.0,1.0,1.0,0.0,1,98065.0
13,9,8,0,0,0,1,0.0,0.0,1.0,0.0,1.0,1,59,1.0,0.0,0.51,0.0,0.0,0.0,1,26633.0
38,5,0,0,0,0,151,1.0,1.0,0.13,0.05,0.0,255,19,0.07,0.05,0.0,1.0,1.0,0.0,1,20887.0
22,9,239,516,0,1,8,0.0,0.0,1.0,0.0,0.23,255,255,1.0,0.0,0.0,0.0,0.0,0.0,0,122301.0
45,5,0,0,0,0,87,1.0,1.0,0.21,0.06,0.0,255,4,0.02,0.07,0.0,1.0,1.0,0.0,1,27520.0
55,5,0,0,0,0,39,1.0,1.0,0.13,0.1,0.0,255,65,0.25,0.02,0.0,1.0,1.0,0.0,1,106572.0
22,1,0,0,0,0,1,0.0,0.0,1.0,0.0,0.0,1,179,1.0,0.0,0.25,0.0,0.0,1.0,0,5576.0
26,5,0,0,0,0,171,1.0,1.0,0.04,0.07,0.0,255,7,0.03,0.07,0.0,1.0,1.0,0.0,1,114941.0
11,9,46,46,0,0,137,0.0,0.0,0.99,0.01,0.0,255,254,1.0,0.01,0.0,0.0,0.0,0.0,0,34398.0
29,5,0,0,0,0,99,1.0,1.0,0.12,0.06,0.0,255,20,0.08,0.07,0.0,1.0,1.0,0.0,1,26725.0
19,9,74,0,0,0,2,0.0,0.0,1.0,0.0,0.0,255,26,0.1,0.01,0.0,0.68,0.0,0.0,0,63856.0
45,9,28,0,3,0,82,0.0,0.0,1.0,0.0,0.0,255,82,0.32,0.01,0.0,0.0,0.0,0.0,1,85180.0
45,1,0,0,0,0,239,0.0,0.0,0.07,0.07,0.0,255,16,0.06,0.08,0.0,0.0,0.0,1.0,1,97732.0
45,5,0,0,0,0,233,1.0,1.0,0.04,0.06,0.0,255,3,0.01,0.09,0.0,1.0,1.0,0.0,1,60062.0
49,9,799,331,0,1,1,0.0,0.0,1.0,0.0,0.0,6,87,0.83,0.33,0.02,0.0,0.0,0.0,0,104329.0
38,1,0,0,0,0,109,0.0,0.0,0.17,0.07,0.0,255,18,0.07,0.07,0.0,0.0,0.0,1.0,1,25590.0
19,9,19,0,0,0,3,0.0,0.0,0.67,0.67,0.0,255,72,0.28,0.03,0.0,0.01,0.0,0.0,0,95208.0
45,9,28,0,3,0,22,0.0,0.0,1.0,0.0,0.0,255,122,0.48,0.53,0.0,0.09,0.0,0.0,1,120632.0
22,9,339,993,0,1,6,0.0,0.0,1.0,0.0,0.0,255,255,1.0,0.0,0.0,0.0,0.0,0.0,0,7974.0
4,5,0,0,0,0,215,1.0,1.0,0.01,0.07,0.0,255,19,0.07,0.07,0.0,1.0,1.0,0.0,1,47454.0
25,1,0,0,0,0,277,0.0,0.0,0.04,0.06,0.0,255,12,0.05,0.08,0.0,0.0,0.0,1.0,1,26686.0
22,9,224,262,0,1,9,0.0,0.0,1.0,0.0,0.0,36,255,1.0,0.0,0.02,0.0,0.0,0.0,0,52310.0
5,5,0,0,0,0,134,1.0,1.0,0.01,0.06,0.0,255,2,0.01,0.07,0.0,1.0,1.0,0.0,1,40787.0
9,5,0,0,0,0,209,1.0,1.0,0.09,0.06,0.0,255,18,0.07,0.07,0.0,1.0,1.0,0.0,1,84832.0
22,9,245,19314,0,1,2,0.0,0.0,1.0,0.0,0.0,255,255,1.0,0.0,0.0,0.0,0.0,0.0,0,105022.0
15,5,0,0,0,0,104,1.0,1.0,0.15,0.06,0.0,255,16,0.06,0.06,0.0,1.0,1.0,0.0,1,32878.0
19,9,12,0,0,0,1,0.0,0.0,1.0,0.0,0.0,115,59,0.04,0.03,0.03,0.0,0.0,0.0,0,108061.0
45,5,0,0,0,0,257,1.0,1.0,0.03,0.05,0.0,255,12,0.05,0.07,0.0,1.0,1.0,0.0,1,24533.0
2,5,0,0,0,0,275,1.0,1.0,0.01,0.06,0.0,255,4,0.02,0.06,0.0,1.0,1.0,0.0,1,90160.0
45,9,1,0,0,0,9,0.0,0.0,0.56,0.22,0.0,255,5,0.02,0.43,0.0,0.03,0.0,0.0,1,70778.0
38,5,0,0,0,0,135,1.0,1.0,0.13,0.05,0.0,255,13,0.05,0.07,0.0,1.0,1.0,0.0,1,21169.0
45,5,0,0,0,0,143,1.0,1.0,0.02,0.07,0.0,255,3,0.01,0.06,0.0,1.0,1.0,0.0,1,11839.0
22,9,239,655,0,1,21,0.0,0.0,1.0,0.0,0.11,187,255,1.0,0.0,0.03,0.0,0.0,0.0,0,13257.0
11,9,43,128,0,0,219,0.0,0.0,1.0,0.0,0.01,144,105,0.73,0.02,0.0,0.0,0.0,0.0,0,80510.0
9,4,0,0,0,0,1,0.0,0.0,1.0,0.0,0.0,255,1,0.0,0.05,0.0,0.0,0.0,1.0,1,13838.0
22,9,321,3109,0,1,4,0.0,0.0,1.0,0.0,0.4,56,255,1.0,0.0,0.02,0.0,0.01,0.0,0,106542.0
45,4,0,0,0,0,353,0.0,0.0,0.01,0.52,0.0,255,2,0.01,0.52,0.0,0.0,0.0,1.0,1,117586.0
45,2,0,0,0,0,127,0.0,0.0,0.02,0.07,0.0,255,3,0.01,0.08,0.0,0.0,0.0,1.0,1,28347.0
22,9,161,423,0,1,1,0.0,0.0,1.0,0.0,0.0,20,20,1.0,0.0,0.0,0.0,0.0,0.2,0,70699.0
22,9,371,336,0,1,9,0.0,0.0,1.0,0.0,0.25,29,231,1.0,0.0,0.21,0.0,0.0,0.78,0,16875.0
22,9,216,706,0,1,21,0.0,0.0,1.0,0.0,0.0,255,255,1.0,0.0,0.0,0.0,0.0,0.0,0,44461.0
45,9,105,147,0,0,1,0.0,0.0,1.0,0.0,0.0,112,111,0.99,0.02,0.0,0.0,0.0,0.0,0,75797.0
22,9,300,2355,0,1,8,0.0,0.0,1.0,0.0,0.22,255,255,1.0,0.0,0.0,0.0,0.0,0.0,0,92275.0
8,5,0,0,0,0,298,1.0,1.0,0.05,0.05,0.0,255,3,0.01,0.08,0.0,1.0,1.0,0.0,1,101075.0
19,9,192,0,0,1,1,0.0,0.0,1.0,0.0,0.0,255,144,0.56,0.03,0.0,0.0,0.01,0.0,0,11591.0
19,1,0,0,0,0,222,0.0,0.0,0.05,0.07,0.0,255,11,0.04,0.07,0.0,0.0,0.0,1.0,1,73721.0
22,9,157,405,0,1,1,0.0,0.0,1.0,0.0,0.0,16,255,1.0,0.0,0.02,0.0,0.0,0.0,0,97900.0
11,9,46,143,0,0,64,0.0,0.0,1.0,0.0,0.01,255,236,0.93,0.02,0.0,0.0,0.0,0.0,0,17999.0
11,9,45,139,0,0,237,0.0,0.0,1.0,0.0,0.01,255,253,0.99,0.01,0.0,0.0,0.0,0.0,0,17113.0
22,9,221,262,0,1,17,0.0,0.0,1.0,0.0,0.0,55,255,1.0,0.0,0.03,0.0,0.0,0.0,0,63863.0
11,9,42,42,0,0,13,0.0,0.0,1.0,0.0,0.25,255,245,0.96,0.01,0.0,0.0,0.0,0.0,0,105914.0
59,9,123,0,0,0,6,0.0,0.0,0.33,0.33,0.0,204,31,0.15,0.01,0.0,0.0,0.0,0.0,0,24606.0
22,9,197,873,0,1,22,0.0,0.0,1.0,0.0,0.06,22,255,1.0,0.0,0.03,0.0,0.0,0.0,0,17135.0
19,9,259,0,0,1,2,0.0,0.0,1.0,0.0,0.0,122,39,0.2,0.58,0.05,0.0,0.0,0.03,0,19065.0
12,5,0,0,0,0,144,1.0,1.0,0.14,0.06,0.0,255,20,0.08,0.07,0.0,1.0,1.0,0.0,1,88476.0
11,9,51,42,0,0,1,0.0,0.0,1.0,0.0,0.0,53,52,0.98,0.04,0.0,0.0,0.0,0.0,0,114368.0
49,9,739,360,0,1,1,0.0,0.0,1.0,0.0,0.0,78,136,0.26,0.06,0.01,0.0,0.01,0.0,0,105865.0
26,5,0,0,0,0,238,1.0,1.0,0.05,0.06,0.0,255,11,0.04,0.07,0.0,1.0,1.0,0.0,1,73885.0
22,9,307,891,0,1,17,0.0,0.0,1.0,0.0,0.0,255,255,1.0,0.0,0.0,0.0,0.0,0.0,0,20376.0
22,9,253,42438,0,1,1,0.0,0.0,1.0,0.0,0.3,255,247,0.97,0.01,0.0,0.0,0.0,0.0,0,51003.0
9,5,0,0,0,0,245,1.0,1.0,0.01,0.06,0.0,255,3,0.01,0.06,0.0,1.0,1.0,0.0,1,4319.0
57,5,0,0,0,0,239,1.0,1.0,0.09,0.05,0.0,255,21,0.08,0.06,0.0,1.0,1.0,0.0,1,94509.0
14,9,1480,0,1,0,2,0.0,0.0,1.0,0.0,0.5,4,151,1.0,0.0,0.13,0.0,0.0,0.0,1,110943.0
45,9,105,147,0,0,1,0.0,0.0,1.0,0.0,0.0,103,102,0.99,0.02,0.0,0.0,0.0,0.0,0,82317.0
18,9,1431,4152,0,1,1,0.0,0.0,1.0,0.0,0.0,137,39,0.28,0.03,0.0,0.01,0.03,0.0,0,122816.0
29,5,0,0,0,0,136,1.0,1.0,0.13,0.05,0.0,255,4,0.02,0.07,0.0,1.0,1.0,0.0,1,60508.0
22,9,294,341,0,1,1,0.0,0.0,1.0,0.0,0.0,10,255,1.0,0.0,0.05,0.0,0.0,0.0,0,73298.0
22,9,231,807,0,1,38,0.0,0.0,1.0,0.0,0.07,255,255,1.0,0.0,0.0,0.0,0.0,0.0,0,119414.0
22,9,309,5251,0,1,4,0.0,0.0,1.0,0.0,0.0,4,255,1.0,0.0,0.02,0.0,0.0,0.0,0,37701.0
22,9,305,577,0,1,12,0.0,0.0,1.0,0.0,0.14,255,255,1.0,0.0,0.0,0.0,0.0,0.0,0,124097.0
19,9,2194619,0,0,1,1,0.0,0.0,1.0,0.0,0.0,54,58,0.09,0.11,0.03,0.0,0.0,0.0,0,84903.0
17,5,0,0,0,0,14,1.0,1.0,0.29,0.29,0.0,255,44,0.17,0.05,0.0,1.0,1.0,0.0,1,68943.0
22,9,223,538,0,1,34,0.0,0.0,1.0,0.0,0.0,255,255,1.0,0.0,0.0,0.0,0.0,0.0,0,87602.0
57,5,0,0,0,0,208,1.0,1.0,0.06,0.06,0.0,255,12,0.05,0.06,0.0,1.0,1.0,0.0,1,5770.0
22,9,226,578,0,1,5,0.0,0.0,1.0,0.0,0.09,5,255,1.0,0.0,0.01,0.0,0.0,0.0,0,119109.0
3,9,9,38,0,0,1,0.0,0.0,1.0,0.0,0.0,115,8,0.03,0.04,0.25,0.01,0.0,0.0,0,30314.0
45,5,0,0,0,0,214,1.0,1.0,0.09,0.06,0.0,255,17,0.07,0.06,0.0,1.0,1.0,0.0,1,29604.0
11,9,43,134,0,0,246,0.0,0.0,1.0,0.0,0.0,255,252,0.99,0.01,0.0,0.0,0.0,0.0,0,93740.0
45,5,0,0,0,0,60,1.0,1.0,0.35,0.07,0.0,255,21,0.08,0.05,0.0,1.0,1.0,0.0,1,63893.0
45,1,0,0,0,0,218,0.0,0.0,0.02,0.06,0.0,255,4,0.02,0.06,0.0,0.0,0.0,1.0,1,59864.0
45,1,0,0,0,0,105,0.0,0.0,0.01,0.09,0.0,255,1,0.0,0.07,0.0,0.0,0.0,1.0,1,23704.0
45,9,215,0,0,0,1,0.0,0.0,1.0,0.0,0.0,63,55,0.87,0.03,0.0,0.0,0.0,0.0,1,37606.0
22,9,202,297,0,1,7,0.0,0.0,1.0,0.0,0.25,45,255,1.0,0.0,0.05,0.0,0.0,0.0,0,10194.0
22,9,327,15416,0,1,32,0.0,0.0,1.0,0.0,0.05,72,255,1.0,0.0,0.04,0.0,0.01,0.0,0,84746.0
49,9,1502,341,0,1,3,0.0,0.0,0.33,0.67,1.0,198,134,0.56,0.03,0.01,0.0,0.0,0.0,0,10356.0
45,9,28,0,3,0,198,0.51,0.0,0.49,0.04,0.0,255,98,0.38,0.62,0.0,0.09,0.0,0.0,1,99787.0
22,9,200,260,0,1,8,0.0,0.0,1.0,0.0,0.0,84,255,1.0,0.0,0.02,0.0,0.0,0.0,0,100141.0
11,9,42,42,0,0,170,0.0,0.0,1.0,0.0,0.01,255,229,0.9,0.01,0.0,0.0,0.0,0.0,0,8217.0
11,9,44,44,0,0,147,0.0,0.0,0.99,0.01,0.01,255,254,1.0,0.01,0.0,0.0,0.0,0.0,0,17215.0
45,10,0,0,0,0,1,1.0,1.0,1.0,0.0,0.0,53,1,0.02,0.81,0.0,0.85,1.0,0.0,1,109279.0
13,9,18,0,0,0,1,0.0,0.0,1.0,0.0,0.0,3,255,1.0,0.0,0.25,0.0,0.0,0.0,1,3358.0
14,9,1032,0,0,0,511,0.0,0.0,1.0,0.0,0.0,255,55,0.22,0.16,0.0,0.0,0.0,0.0,1,67567.0
13,9,8,0,0,0,1,0.0,0.0,1.0,0.0,1.0,2,51,1.0,0.0,0.51,0.0,0.0,0.0,1,20853.0
22,9,193,325,0,1,7,0.0,0.0,1.0,0.0,0.0,255,255,1.0,0.0,0.0,0.0,0.0,0.0,0,119915.0
22,9,211,9683,0,1,1,0.0,0.0,1.0,0.0,0.0,28,255,1.0,0.0,0.02,0.0,0.0,0.0,0,88277.0
45,9,105,146,0,0,1,0.0,0.0,1.0,0.0,0.0,255,253,0.99,0.01,0.0,0.0,0.0,0.0,0,86474.0
22,9,305,2271,0,1,10,0.0,0.0,1.0,0.0,0.0,10,255,1.0,0.0,0.03,0.0,0.0,0.0,0,111491.0
11,9,45,71,0,0,239,0.0,0.0,1.0,0.01,0.0,255,248,0.97,0.01,0.0,0.0,0.0,0.0,0,92972.0
22,9,217,9557,0,1,3,0.0,0.0,1.0,0.0,0.6,12,255,1.0,0.0,0.07,0.0,0.0,0.0,0,91666.0
22,9,320,429,0,1,5,0.0,0.0,1.0,0.0,0.0,68,141,1.0,0.0,0.06,0.0,0.0,0.01,0,34490.0
11,9,46,138,0,0,7,0.0,0.0,1.0,0.0,0.02,255,254,1.0,0.01,0.0,0.0,0.0,0.0,0,14224.0
22,9,272,477,0,1,3,0.0,0.0,1.0,0.0,0.0,56,255,1.0,0.0,0.01,0.0,0.0,0.0,0,87522.0
22,9,219,3100,0,1,1,0.0,0.0,1.0,0.0,1.0,9,255,1.0,0.0,0.09,0.0,0.0,0.0,0,24075.0
22,9,194,315,0,1,14,0.0,0.0,1.0,0.0,0.0,135,255,1.0,0.0,0.02,0.0,0.0,0.0,0,79846.0
45,4,0,0,0,0,1,0.0,0.0,1.0,0.0,0.0,255,1,0.0,0.45,0.0,0.0,0.0,1.0,1,108799.0
22,9,221,1968,0,1,5,0.0,0.0,1.0,0.0,0.0,40,255,1.0,0.0,0.04,0.0,0.0,0.0,0,7888.0
19,9,334,0,0,1,2,0.0,0.0,1.0,0.0,0.0,2,36,1.0,0.0,0.14,0.0,0.0,0.0,1,29130.0
11,9,44,76,0,0,163,0.0,0.0,1.0,0.0,0.0,255,255,1.0,0.0,0.0,0.0,0.0,0.0,0,89090.0
22,9,210,945,0,1,1,0.0,0.0,1.0,0.0,0.0,255,255,1.0,0.0,0.0,0.0,0.0,0.0,0,24768.0
22,9,186,1259,0,1,10,0.0,0.0,1.0,0.0,0.1,255,255,1.0,0.0,0.0,0.0,0.0,0.0,0,90589.0
12,5,0,0,0,0,234,1.0,1.0,0.01,0.06,0.0,255,2,0.01,0.07,0.0,1.0,1.0,0.0,1,70737.0
13,9,8,0,0,0,1,0.0,0.0,1.0,0.0,1.0,1,61,1.0,0.0,0.26,0.0,0.0,0.0,1,46535.0
19,9,501760,0,0,1,1,0.0,0.0,1.0,0.0,0.0,44,42,0.66,0.07,0.05,0.0,0.02,0.0,0,88666.0
4,5,0,0,0,0,197,1.0,1.0,0.03,0.06,0.0,255,15,0.06,0.09,0.0,1.0,1.0,0.0,1,121155.0
11,9,44,76,0,0,262,0.0,0.0,1.0,0.01,0.01,255,254,1.0,0.01,0.0,0.0,0.0,0.0,0,11981.0
19,9,252,0,0,1,2,0.0,0.0,1.0,0.0,0.0,3,27,1.0,0.0,0.07,0.0,0.0,0.0,1,57549.0
22,9,54540,8314,0,1,5,0.0,0.0,1.0,0.0,0.0,82,82,1.0,0.0,0.0,0.0,0.0,0.04,1,92441.0
55,9,86,183,0,0,1,0.0,0.0,1.0,0.0,0.0,255,1,0.0,0.02,0.0,0.0,0.0,0.0,0,65086.0
11,9,43,126,0,0,66,0.0,0.0,1.0,0.0,0.01,255,254,1.0,0.01,0.0,0.0,0.0,0.0,0,75948.0
22,9,222,5953,0,1,4,0.0,0.0,1.0,0.0,0.0,214,255,1.0,0.0,0.01,0.0,0.0,0.0,0,27069.0
22,9,164,30880,0,1,1,0.0,0.0,1.0,0.0,0.0,255,255,1.0,0.0,0.0,0.0,0.0,0.0,0,105482.0
22,9,266,5032,0,1,1,0.0,0.0,1.0,0.0,0.0,255,250,0.98,0.01,0.0,0.0,0.0,0.0,0,81834.0
11,9,44,44,0,0,4,0.0,0.0,0.25,0.5,0.67,122,117,0.96,0.02,0.0,0.0,0.0,0.0,0,123104.0
13,9,8,0,0,0,1,0.0,0.0,1.0,0.0,1.0,2,144,1.0,0.0,0.5,0.0,0.0,0.0,1,112513.0
22,9,225,2117,0,1,2,0.0,0.0,1.0,0.0,0.0,7,255,1.0,0.0,0.06,0.0,0.0,0.0,0,10127.0
22,9,345,515,0,1,15,0.0,0.0,1.0,0.0,0.0,188,255,1.0,0.0,0.02,0.0,0.0,0.0,0,82169.0
17,5,0,0,0,0,54,1.0,1.0,0.28,0.07,0.0,255,65,0.25,0.02,0.0,1.0,1.0,0.0,1,95900.0
6,1,0,0,0,0,137,0.0,0.0,0.05,0.06,0.0,255,2,0.01,0.07,0.0,0.0,0.0,1.0,1,22047.0
22,9,298,1108,0,1,18,0.0,0.0,1.0,0.0,0.11,21,255,1.0,0.0,0.04,0.0,0.0,0.0,0,23849.0
31,5,0,0,0,0,140,1.0,1.0,0.08,0.06,0.0,255,11,0.04,0.06,0.0,1.0,1.0,0.0,1,1442.0
45,1,0,0,0,0,108,0.0,0.0,0.03,0.07,0.0,255,7,0.03,0.05,0.0,0.0,0.0,1.0,1,8535.0
61,5,0,0,0,0,263,1.0,1.0,0.03,0.06,0.0,255,9,0.04,0.07,0.0,1.0,1.0,0.0,1,107765.0
22,5,0,0,0,0,248,1.0,1.0,0.04,0.06,0.0,255,11,0.04,0.07,0.0,1.0,1.0,0.0,1,2629.0
11,9,33,93,0,0,1,0.0,0.0,1.0,0.0,0.0,149,217,0.87,0.01,0.01,0.0,0.0,0.0,0,104027.0
22,9,228,457,0,1,1,0.0,0.0,1.0,0.0,0.0,2,255,1.0,0.0,0.04,0.0,0.0,0.0,0,70775.0
22,9,145,32395,0,1,3,0.0,0.0,1.0,0.0,0.0,255,255,1.0,0.0,0.0,0.0,0.0,0.0,0,23658.0
45,5,0,0,0,0,102,1.0,1.0,0.16,0.06,0.0,255,26,0.1,0.05,0.0,1.0,1.0,0.0,1,24315.0
22,9,316,6552,0,1,8,0.0,0.0,1.0,0.0,0.0,255,255,1.0,0.0,0.0,0.0,0.0,0.0,0,33787.0
43,9,80,5505,0,1,2,0.0,0.0,0.5,1.0,0.0,16,2,0.06,0.31,1.0,0.0,0.0,0.0,0,67685.0
22,9,321,18619,0,1,3,0.0,0.0,1.0,0.0,0.0,13,255,1.0,0.0,0.04,0.0,0.0,0.0,0,17290.0
22,9,213,3158,0,1,21,0.0,0.0,1.0,0.0,0.0,255,255,1.0,0.0,0.0,0.0,0.0,0.0,0,67792.0
18,5,0,0,0,0,250,1.0,1.0,0.06,0.06,0.0,255,1,0.0,0.09,0.0,1.0,1.0,0.0,1,112869.0
22,9,335,12202,0,1,5,0.0,0.0,1.0,0.0,0.33,116,255,1.0,0.0,0.01,0.0,0.0,0.0,0,35114.0
45,5,0,0,0,0,250,1.0,1.0,0.08,0.06,0.0,255,17,0.07,0.07,0.0,1.0,1.0,0.0,1,46693.0
22,9,273,11943,0,1,21,0.0,0.0,1.0,0.0,0.1,126,255,1.0,0.0,0.01,0.0,0.0,0.0,0,56122.0
22,9,201,280,0,1,3,0.0,0.0,1.0,0.0,0.0,255,255,1.0,0.0,0.0,0.0,0.0,0.0,0,94491.0
49,9,893,331,0,1,1,0.0,0.0,1.0,0.0,0.0,93,88,0.76,0.05,0.02,0.0,0.0,0.0,0,60965.0
22,9,320,1529,0,1,11,0.0,0.0,1.0,0.0,0.0,255,255,1.0,0.0,0.0,0.0,0.0,0.0,0,36274.0
45,5,0,0,0,0,129,1.0,1.0,0.05,0.06,0.0,255,1,0.0,0.07,0.0,1.0,1.0,0.0,1,80033.0
45,5,0,0,0,0,153,1.0,1.0,0.05,0.07,0.0,255,8,0.03,0.07,0.0,1.0,1.0,0.0,1,41818.0
11,9,45,81,0,0,179,0.0,0.0,1.0,0.0,0.0,255,255,1.0,0.0,0.0,0.0,0.0,0.0,0,30395.0
45,9,215,0,0,0,1,0.0,0.0,1.0,0.0,0.0,49,41,0.84,0.04,0.0,0.0,0.0,0.0,1,11398.0
11,9,43,75,0,0,199,0.0,0.0,1.0,0.0,0.01,255,215,0.84,0.01,0.0,0.0,0.0,0.0,0,89889.0
49,9,1687,368,0,1,1,0.0,0.0,1.0,0.0,0.0,117,103,0.88,0.03,0.0,0.0,0.0,0.0,0,109716.0
49,9,1232,326,0,1,1,0.0,0.0,1.0,0.0,0.0,255,12,0.05,0.55,0.0,0.0,0.0,0.0,0,118080.0
27,5,0,0,0,0,141,1.0,1.0,0.13,0.06,0.0,255,18,0.07,0.06,0.0,1.0,1.0,0.0,1,101784.0
19,9,749,0,0,1,3,0.0,0.0,1.0,0.0,0.0,78,89,0.18,0.04,0.02,0.0,0.0,0.0,0,57622.0
4,5,0,0,0,0,287,1.0,1.0,0.03,0.06,0.0,255,11,0.04,0.07,0.0,1.0,1.0,0.0,1,87535.0
22,9,166,34720,0,1,1,0.0,0.0,1.0,0.0,0.0,255,255,1.0,0.0,0.0,0.0,0.0,0.0,0,119432.0
22,9,272,4145,0,1,9,0.0,0.0,1.0,0.0,0.0,225,225,1.0,0.0,0.0,0.0,0.0,0.0,0,79106.0
14,9,30,0,0,0,2,0.0,0.0,1.0,0.0,0.0,97,97,1.0,0.0,0.0,0.0,0.0,0.0,0,36842.0
22,1,0,0,0,0,1,0.0,0.0,1.0,0.0,0.0,41,255,1.0,0.0,0.06,0.0,0.0,1.0,0,71220.0
51,5,0,0,0,0,291,1.0,1.0,0.01,0.05,0.0,255,4,0.02,0.05,0.0,1.0,1.0,0.0,1,49954.0
45,5,0,0,0,0,262,1.0,1.0,0.06,0.06,0.0,255,2,0.01,0.06,0.0,1.0,1.0,0.0,1,116515.0
19,9,491,0,0,0,2,0.0,0.0,1.0,0.0,0.0,255,131,0.51,0.01,0.0,0.0,0.01,0.0,0,41515.0
19,9,2194619,0,0,1,1,0.0,0.0,1.0,0.0,0.0,6,56,0.83,0.33,0.04,0.0,0.0,0.0,0,2428.0
45,5,0,0,0,0,281,1.0,1.0,0.05,0.06,0.0,255,8,0.03,0.08,0.0,1.0,1.0,0.0,1,55156.0
22,9,244,15334,0,1,9,0.0,0.0,1.0,0.0,0.0,166,255,1.0,0.0,0.02,0.0,0.0,0.0,0,103382.0
22,9,296,260,0,1,20,0.0,0.0,1.0,0.0,0.0,157,255,1.0,0.0,0.01,0.0,0.0,0.0,0,61606.0
19,9,7321,0,0,0,2,0.0,0.0,1.0,0.0,0.0,14,7,0.5,0.14,0.0,0.0,0.0,0.0,0,61934.0
27,5,0,0,0,0,105,1.0,1.0,0.09,0.07,0.0,255,9,0.04,0.07,0.0,1.0,1.0,0.0,1,12688.0
22,9,207,2045,0,1,1,0.0,0.0,1.0,0.0,0.0,1,255,1.0,0.0,0.04,0.0,0.0,0.01,0,106845.0
22,9,181,8240,0,1,8,0.0,0.0,1.0,0.0,0.0,63,255,1.0,0.0,0.07,0.0,0.0,0.0,0,47461.0
22,9,212,6806,0,1,2,0.0,0.0,1.0,0.0,0.0,2,2,1.0,0.0,0.0,0.0,0.0,0.0,0,17102.0
28,5,0,0,0,0,61,1.0,1.0,0.02,0.07,0.0,255,1,0.0,0.05,0.0,1.0,1.0,0.0,1,4831.0
19,9,9311,0,0,0,8,0.0,0.0,1.0,0.0,0.0,136,55,0.4,0.02,0.0,0.0,0.0,0.0,0,14951.0
49,9,12500,1427,0,1,1,0.0,0.0,1.0,0.0,0.0,131,129,0.37,0.02,0.02,0.02,0.02,0.0,0,32670.0
11,9,34,91,0,0,12,0.0,0.0,1.0,0.0,0.09,255,249,0.98,0.01,0.0,0.0,0.0,0.0,0,8866.0
11,9,43,131,0,0,76,0.0,0.0,0.99,0.03,0.01,255,241,0.95,0.01,0.0,0.0,0.0,0.0,0,48596.0
54,5,0,0,0,0,109,1.0,1.0,0.08,0.06,0.0,255,9,0.04,0.07,0.0,1.0,1.0,0.0,1,80575.0
55,9,10287,16696,0,1,1,0.0,0.0,1.0,0.0,0.0,255,12,0.05,0.06,0.0,0.87,0.0,0.17,0,24903.0
62,1,0,0,0,0,130,0.0,0.0,0.02,0.07,0.0,255,2,0.01,0.08,0.0,0.0,0.0,1.0,1,109496.0
22,9,217,1818,0,1,16,0.0,0.0,1.0,0.0,0.0,255,255,1.0,0.0,0.0,0.0,0.0,0.0,0,88675.0
45,5,0,0,0,0,127,1.0,1.0,0.13,0.06,0.0,205,16,0.08,0.09,0.0,1.0,1.0,0.0,1,65714.0
59,9,181,0,0,0,2,0.0,0.0,0.5,1.0,0.0,255,8,0.03,0.01,0.0,0.0,0.0,0.0,0,57677.0
22,1,0,0,0,0,1,0.0,0.0,1.0,0.0,0.0,101,255,1.0,0.0,0.08,0.0,0.0,0.97,0,42590.0
22,9,371,1511,0,1,2,0.0,0.0,1.0,0.0,0.5,37,255,1.0,0.0,0.04,0.0,0.0,0.0,0,25358.0
45,9,1,0,0,0,23,0.0,0.0,0.48,0.09,0.0,255,56,0.22,0.19,0.0,0.0,0.0,0.0,1,32448.0
22,9,231,13408,0,1,12,0.0,0.0,1.0,0.0,0.0,32,255,1.0,0.0,0.04,0.0,0.0,0.0,0,80144.0
22,9,316,2698,0,1,2,0.0,0.0,1.0,0.0,0.67,24,23,0.96,0.08,0.0,0.0,0.0,0.0,0,88039.0
54,5,0,0,0,0,265,1.0,1.0,0.02,0.06,0.0,255,5,0.02,0.06,0.0,1.0,1.0,0.0,1,42677.0
26,5,0,0,0,0,294,1.0,1.0,0.03,0.05,0.0,255,11,0.04,0.07,0.0,1.0,1.0,0.0,1,125130.0
13,9,8,0,0,0,1,0.0,0.0,1.0,0.0,1.0,4,192,1.0,0.0,0.25,0.0,0.0,0.0,1,53293.0
60,5,0,0,0,0,146,1.0,1.0,0.14,0.05,0.0,255,20,0.08,0.07,0.0,1.0,1.0,0.0,1,11926.0
19,9,14189,0,0,1,3,0.0,0.0,1.0,0.0,0.0,9,9,1.0,0.0,0.0,0.0,0.0,0.0,0,28015.0
45,1,0,0,0,0,55,0.0,0.0,0.33,0.07,0.0,255,18,0.07,0.06,0.0,0.0,0.0,1.0,1,52441.0
13,9,8,0,0,0,1,0.0,0.0,1.0,0.0,1.0,3,61,1.0,0.0,0.26,0.0,0.0,0.0,1,22670.0
22,9,219,4177,0,1,4,0.0,0.0,1.0,0.0,0.0,7,255,1.0,0.0,0.09,0.0,0.0,0.0,0,86136.0
13,9,8,0,0,0,1,0.0,0.0,1.0,0.0,1.0,1,13,1.0,0.0,0.54,0.0,0.0,0.0,1,41780.0
49,9,2242,390,0,1,1,0.0,0.0,1.0,0.0,0.0,255,128,0.5,0.02,0.0,0.58,0.62,0.0,0,120006.0
19,9,383,0,0,0,2,0.0,0.0,1.0,0.0,0.0,125,23,0.18,0.04,0.0,0.0,0.0,0.0,0,115637.0
22,9,293,11243,0,1,12,0.0,0.0,1.0,0.0,0.0,255,255,1.0,0.0,0.0,0.0,0.0,0.0,0,43832.0
22,9,206,1477,0,1,39,0.0,0.0,1.0,0.0,0.0,123,255,1.0,0.0,0.05,0.0,0.0,0.0,0,50919.0
22,9,222,259,0,1,1,0.0,0.0,1.0,0.0,0.0,255,232,0.91,0.01,0.0,0.0,0.0,0.0,0,56473.0
49,9,523,331,0,1,1,0.0,0.0,1.0,0.0,0.0,35,28,0.8,0.09,0.0,0.0,0.0,0.0,0,54678.0
41,4,1,0,0,0,2,0.0,0.0,1.0,0.0,0.0,255,2,0.01,0.74,0.0,0.0,0.0,1.0,1,88405.0
13,9,8,0,0,0,1,0.0,0.0,1.0,0.0,1.0,1,61,1.0,0.0,0.26,0.0,0.0,0.0,1,43918.0
11,9,43,122,0,0,10,0.0,0.0,1.0,0.0,0.02,255,254,1.0,0.01,0.0,0.0,0.0,0.0,0,103660.0
22,1,0,0,0,0,1,0.0,0.0,1.0,0.0,0.0,3,255,1.0,0.0,0.13,0.0,0.0,0.37,0,93441.0
22,9,169,38951,0,1,4,0.0,0.0,1.0,0.0,0.0,255,255,1.0,0.0,0.0,0.0,0.0,0.0,0,59599.0
22,9,349,1483,0,1,4,0.0,0.0,1.0,0.0,0.29,154,254,1.0,0.0,0.02,0.01,0.0,0.0,0,39356.0
45,2,0,0,0,0,111,0.0,0.0,0.17,0.06,0.0,255,19,0.07,0.05,0.0,0.0,0.0,1.0,1,64665.0
53,5,0,0,0,0,237,1.0,1.0,0.02,0.07,0.0,255,5,0.02,0.07,0.0,1.0,1.0,0.0,1,55045.0
45,4,0,0,0,0,1,0.0,0.0,1.0,0.0,0.0,186,1,0.01,0.12,0.0,0.0,0.0,1.0,1,32030.0
34,5,0,0,0,0,230,1.0,1.0,0.01,0.07,0.0,255,2,0.01,0.08,0.0,1.0,1.0,0.0,1,53472.0
11,9,45,143,0,0,69,0.0,0.0,1.0,0.0,0.03,255,255,1.0,0.0,0.0,0.0,0.0,0.0,0,46451.0
11,9,42,108,0,0,1,0.0,0.0,1.0,0.0,0.0,137,197,0.79,0.01,0.01,0.0,0.0,0.0,0,76024.0
55,5,0,0,0,0,262,1.0,1.0,0.04,0.06,0.0,255,11,0.04,0.08,0.0,1.0,1.0,0.0,1,125085.0
45,1,0,0,0,0,509,0.09,0.0,0.0,1.0,0.0,255,1,0.0,1.0,0.0,0.14,0.0,1.0,1,40819.0
22,9,265,3781,0,1,13,0.0,0.0,1.0,0.0,0.0,255,255,1.0,0.0,0.0,0.0,0.0,0.0,0,49275.0
13,9,30,0,0,0,7,0.0,0.0,0.14,0.29,0.0,255,5,0.02,0.01,0.0,0.0,0.0,0.0,0,117127.0
18,9,332,1072,0,1,1,0.0,0.0,1.0,0.0,0.0,147,24,0.16,0.48,0.0,0.0,0.0,0.04,0,38091.0
22,9,246,1304,0,1,2,0.0,0.0,1.0,0.0,0.5,148,255,1.0,0.0,0.02,0.0,0.0,0.0,0,35627.0
53,5,0,0,0,0,110,1.0,1.0,0.05,0.09,0.0,255,6,0.02,0.08,0.0,1.0,1.0,0.0,1,99480.0
2,5,0,0,0,0,269,1.0,1.0,0.08,0.05,0.0,255,22,0.09,0.05,0.0,1.0,1.0,0.0,1,57894.0
45,1,0,0,0,0,27,0.0,0.0,0.04,1.0,0.0,145,1,0.01,0.28,0.0,0.0,0.0,1.0,1,28708.0
22,9,210,2396,0,1,20,0.0,0.0,1.0,0.0,0.0,190,255,1.0,0.0,0.02,0.0,0.0,0.0,0,86793.0
22,9,352,188,0,1,1,0.0,0.0,1.0,0.0,0.22,55,255,1.0,0.0,0.03,0.0,0.02,0.02,0,50800.0
49,9,2342,283,0,1,1,0.0,0.0,1.0,0.0,1.0,91,177,0.8,0.05,0.01,0.0,0.0,0.0,0,50414.0
49,9,1526,332,0,1,1,0.0,0.0,1.0,0.0,1.0,78,69,0.74,0.08,0.03,0.0,0.0,0.0,0,66521.0
4,1,0,0,0,0,228,0.0,0.0,0.06,0.07,0.0,255,14,0.05,0.07,0.0,0.0,0.0,1.0,1,50983.0
11,9,46,134,0,0,101,0.0,0.0,1.0,0.0,0.01,255,254,1.0,0.01,0.0,0.0,0.0,0.0,0,119052.0
27,5,0,0,0,0,107,1.0,1.0,0.23,0.05,0.0,255,25,0.1,0.05,0.0,1.0,1.0,0.0,1,17594.0
22,1,0,0,0,0,1,0.0,0.0,1.0,0.0,0.0,3,250,1.0,0.0,0.12,0.0,0.0,1.0,0,51491.0
22,9,210,1888,0,1,15,0.0,0.0,1.0,0.0,0.0,36,255,1.0,0.0,0.05,0.0,0.0,0.0,0,7813.0
22,9,243,1072,0,1,9,0.0,0.0,1.0,0.0,0.0,59,255,1.0,0.0,0.01,0.0,0.0,0.0,0,24800.0
22,9,351,3518,0,1,22,0.0,0.0,1.0,0.0,0.0,101,255,1.0,0.0,0.02,0.0,0.0,0.0,0,26238.0
19,5,0,0,0,0,45,1.0,1.0,0.22,0.09,0.0,255,47,0.18,0.05,0.0,1.0,1.0,0.0,1,110933.0
19,1,0,0,0,0,219,0.0,0.0,0.05,0.07,0.0,255,10,0.04,0.07,0.0,0.0,0.0,1.0,1,109377.0
22,9,236,14506,0,1,1,0.0,0.0,1.0,0.0,0.0,188,255,1.0,0.0,0.01,0.0,0.0,0.0,0,43913.0
49,9,1362,380,0,1,1,0.0,0.0,1.0,0.0,0.0,143,191,0.73,0.03,0.01,0.0,0.0,0.0,0,42746.0
22,9,305,809,0,1,6,0.0,0.0,1.0,0.0,0.0,255,255,1.0,0.0,0.0,0.0,0.0,0.0,0,88052.0
49,9,902,337,0,1,1,0.0,0.0,1.0,0.0,0.0,154,126,0.52,0.04,0.02,0.0,0.0,0.0,0,67708.0
16,5,0,0,0,0,128,1.0,1.0,0.12,0.05,0.0,255,5,0.02,0.06,0.0,1.0,1.0,0.0,1,43189.0
45,1,0,0,0,0,180,0.11,0.0,0.01,1.0,0.0,255,1,0.0,0.85,0.0,0.07,0.0,1.0,1,80694.0
22,9,153,1078,0,1,1,0.0,0.0,1.0,0.0,0.0,15,255,1.0,0.0,0.01,0.0,0.0,0.0,0,45882.0
13,9,8,0,0,0,1,0.0,0.0,1.0,0.0,1.0,2,56,1.0,0.0,0.5,0.0,0.0,0.0,1,38003.0
22,9,224,26956,0,1,20,0.0,0.0,1.0,0.0,0.08,20,255,1.0,0.0,0.05,0.0,0.0,0.0,0,35586.0
49,9,1430,336,0,1,2,0.0,0.0,0.5,1.0,1.0,255,120,0.47,0.03,0.0,0.0,0.0,0.0,0,16829.0
14,9,1032,0,0,0,511,0.0,0.0,1.0,0.0,0.0,255,75,0.29,0.04,0.0,0.13,0.0,0.0,1,46334.0
19,9,501760,0,0,1,1,0.0,0.0,1.0,0.0,0.0,32,11,0.34,0.06,0.0,0.0,0.0,0.0,0,3104.0
22,9,222,1408,0,1,6,0.0,0.0,1.0,0.0,0.0,255,255,1.0,0.0,0.0,0.0,0.0,0.0,0,123142.0
22,9,336,1282,0,1,11,0.0,0.0,1.0,0.0,0.16,23,255,1.0,0.0,0.05,0.0,0.0,0.0,0,2319.0
27,5,0,0,0,0,102,1.0,1.0,0.13,0.07,0.0,255,7,0.03,0.07,0.0,1.0,1.0,0.0,1,45447.0
11,9,43,43,0,0,102,0.0,0.0,1.0,0.0,0.01,255,255,1.0,0.0,0.0,0.0,0.0,0.0,0,19502.0
45,4,1,0,0,0,2,0.0,0.0,1.0,0.0,0.0,255,2,0.01,0.73,0.0,0.0,0.0,1.0,1,24119.0
22,9,241,6693,0,1,15,0.0,0.0,1.0,0.0,0.0,104,255,1.0,0.0,0.02,0.0,0.0,0.0,0,125513.0
11,9,45,138,0,0,129,0.0,0.0,1.0,0.0,0.0,255,205,0.8,0.01,0.0,0.0,0.0,0.0,0,77137.0
3,5,0,0,0,0,222,1.0,1.0,0.07,0.05,0.0,255,15,0.06,0.05,0.0,1.0,1.0,0.0,1,21048.0
19,9,7280,0,0,1,1,0.0,0.0,1.0,0.0,0.0,7,36,1.0,0.0,0.08,0.0,0.0,0.0,0,108276.0
22,9,321,14962,0,1,8,0.0,0.0,1.0,0.0,0.0,255,255,1.0,0.0,0.0,0.0,0.0,0.0,0,11841.0
14,9,1032,0,0,0,511,0.0,0.0,1.0,0.0,0.0,255,101,0.4,0.02,0.0,0.02,0.0,0.0,1,118659.0
22,9,360,5886,0,1,16,0.0,0.0,1.0,0.0,0.12,255,255,1.0,0.0,0.0,0.0,0.0,0.0,0,64163.0
13,9,8,0,0,0,1,0.0,0.0,1.0,0.0,1.0,2,90,1.0,0.0,0.5,0.0,0.0,0.0,1,15702.0
3,1,0,0,0,0,254,0.0,0.0,0.01,0.07,0.0,255,3,0.01,0.07,0.0,0.0,0.0,1.0,1,34161.0
22,9,244,2687,0,1,11,0.0,0.0,1.0,0.0,0.15,85,121,1.0,0.0,0.03,0.0,0.01,0.0,0,119967.0
22,9,303,1555,0,1,6,0.0,0.0,1.0,0.0,0.29,88,255,1.0,0.0,0.03,0.0,0.0,0.0,0,87016.0
45,5,0,0,0,0,133,1.0,1.0,0.02,0.07,0.0,255,9,0.04,0.09,0.0,1.0,1.0,0.0,1,41785.0
22,9,139,9618,0,1,1,0.0,0.0,1.0,0.0,0.33,30,255,1.0,0.0,0.01,0.03,0.01,0.0,0,87252.0
25,5,0,0,0,0,290,1.0,1.0,0.06,0.06,0.0,255,3,0.01,0.07,0.0,1.0,1.0,0.0,1,73136.0
19,9,6062,0,0,1,5,0.0,0.0,1.0,0.0,0.0,255,11,0.04,0.02,0.0,0.0,0.0,0.0,0,34817.0
19,9,245,0,0,1,2,0.0,0.0,1.0,0.0,0.0,181,75,0.31,0.03,0.03,0.0,0.0,0.0,0,94603.0
22,9,170,5313,0,1,3,0.0,0.0,1.0,0.0,0.0,36,255,1.0,0.0,0.03,0.0,0.0,0.0,0,120746.0
41,4,1,0,0,0,2,0.0,0.0,1.0,0.0,0.0,255,2,0.01,0.68,0.0,0.0,0.0,1.0,1,4836.0
22,9,225,434,0,1,26,0.0,0.0,1.0,0.0,0.06,255,255,1.0,0.0,0.0,0.0,0.0,0.0,0,29415.0
45,5,0,0,0,0,245,1.0,1.0,0.04,0.05,0.0,255,10,0.04,0.06,0.0,1.0,1.0,0.0,1,4179.0
22,9,219,303,0,1,8,0.0,0.0,1.0,0.0,0.0,238,255,1.0,0.0,0.02,0.0,0.0,0.0,0,125495.0
45,1,0,0,0,0,146,0.0,0.0,0.11,0.06,0.0,71,16,0.23,0.08,0.0,0.0,0.0,1.0,1,93626.0
13,9,8,0,0,0,1,0.0,0.0,1.0,0.0,1.0,1,61,1.0,0.0,0.51,0.0,0.0,0.0,1,68896.0
49,9,1037,332,0,1,2,0.0,0.0,1.0,0.0,0.0,138,55,0.4,0.05,0.0,0.0,0.0,0.0,0,97743.0
22,9,238,289,0,1,16,0.0,0.0,1.0,0.0,0.12,255,255,1.0,0.0,0.0,0.0,0.0,0.0,0,8539.0
19,9,2194619,0,0,1,1,0.0,0.0,1.0,0.0,0.0,190,87,0.29,0.02,0.02,0.0,0.0,0.0,0,65754.0
22,9,228,1462,0,1,5,0.2,0.2,1.0,0.0,0.0,255,255,1.0,0.0,0.0,0.0,0.0,0.0,0,78678.0
22,1,0,0,0,0,1,0.0,0.0,1.0,0.0,0.0,4,95,1.0,0.0,0.24,0.0,0.0,1.0,0,30641.0
22,9,212,2526,0,1,21,0.0,0.0,1.0,0.0,0.09,255,255,1.0,0.0,0.0,0.0,0.0,0.0,0,76691.0
45,9,1,0,0,0,5,0.0,0.0,1.0,0.0,0.0,255,5,0.02,0.21,0.0,0.0,0.0,0.0,1,13275.0
55,9,298,9085,0,1,1,0.0,0.0,1.0,0.0,0.0,255,56,0.22,0.02,0.0,0.69,0.84,0.0,0,70194.0
41,1,0,0,0,0,348,0.06,0.0,0.0,1.0,0.0,255,1,0.0,1.0,0.0,0.08,0.0,1.0,1,108366.0
22,9,334,436,0,1,11,0.0,0.0,1.0,0.0,0.0,255,255,1.0,0.0,0.0,0.0,0.0,0.0,0,11202.0
18,5,0,0,0,0,274,1.0,1.0,0.04,0.06,0.0,255,10,0.04,0.07,0.0,1.0,1.0,0.0,1,22621.0
11,9,44,44,0,0,115,0.0,0.0,1.0,0.0,0.0,255,255,1.0,0.0,0.0,0.0,0.0,0.0,0,80633.0
11,9,45,93,0,0,244,0.0,0.0,1.0,0.01,0.01,255,255,1.0,0.0,0.0,0.0,0.0,0.0,0,25146.0
22,9,230,1645,0,1,2,0.0,0.0,1.0,0.0,0.5,255,255,1.0,0.0,0.0,0.0,0.0,0.0,0,97702.0
45,5,0,0,0,0,191,1.0,1.0,0.03,0.07,0.0,255,6,0.02,0.09,0.0,1.0,1.0,0.0,1,125494.0
45,5,0,0,0,0,284,1.0,1.0,0.04,0.06,0.0,255,10,0.04,0.06,0.0,1.0,1.0,0.0,1,79836.0
19,9,259,0,0,1,2,0.0,0.0,1.0,0.0,0.0,7,2,0.29,0.43,0.0,0.0,0.0,0.0,0,65548.0
22,9,157,27062,0,1,4,0.0,0.0,1.0,0.0,0.17,255,255,1.0,0.0,0.0,0.0,0.0,0.0,0,5518.0
3,5,0,0,0,0,189,1.0,1.0,0.01,0.06,0.0,255,1,0.0,0.07,0.0,1.0,1.0,0.0,1,6803.0
19,5,0,0,0,0,17,1.0,1.0,0.06,0.24,0.0,255,60,0.24,0.03,0.0,1.0,1.0,0.0,1,72341.0
13,9,8,0,0,0,1,0.0,0.0,1.0,0.0,1.0,4,44,1.0,0.0,0.25,0.0,0.0,0.0,1,8939.0
49,9,816,330,0,1,1,0.0,0.0,1.0,0.0,0.0,2,2,1.0,0.0,0.0,0.0,0.0,0.0,0,72617.0
13,9,8,0,0,0,1,0.0,0.0,1.0,0.0,1.0,2,62,1.0,0.0,0.5,0.0,0.0,0.0,1,106670.0
45,1,0,0,0,0,211,0.0,0.0,0.07,0.07,0.0,255,15,0.06,0.07,0.0,0.0,0.0,1.0,1,38877.0
22,1,0,0,0,0,1,0.0,0.5,1.0,0.0,1.0,7,8,1.0,0.0,0.25,0.0,0.0,1.0,0,26449.0
41,9,4763,0,0,0,10,0.1,0.0,0.1,0.2,0.0,226,1,0.0,0.04,0.0,0.02,0.0,0.0,0,124955.0
59,9,78,0,0,0,12,0.0,0.0,0.25,0.17,0.0,255,3,0.01,0.01,0.0,0.0,0.0,0.0,0,51893.0
22,9,338,392,0,1,3,0.0,0.0,1.0,0.0,0.0,255,255,1.0,0.0,0.0,0.0,0.0,0.0,0,22548.0
25,5,0,0,0,0,202,1.0,1.0,0.02,0.06,0.0,255,11,0.04,0.08,0.0,1.0,1.0,0.0,1,1612.0
45,4,0,0,0,0,2,0.0,0.0,0.5,1.0,0.0,255,1,0.0,0.51,0.0,0.0,0.0,1.0,1,101275.0
45,5,0,0,0,0,124,1.0,1.0,0.16,0.06,0.0,255,20,0.08,0.05,0.0,1.0,1.0,0.0,1,43204.0
22,9,218,706,0,1,27,0.0,0.0,1.0,0.0,0.0,255,255,1.0,0.0,0.0,0.0,0.0,0.0,0,9759.0
60,5,0,0,0,0,126,1.0,1.0,0.13,0.06,0.0,255,16,0.06,0.05,0.0,1.0,1.0,0.0,1,96637.0
28,5,0,0,0,0,137,1.0,1.0,0.18,0.04,0.0,255,24,0.09,0.05,0.0,1.0,1.0,0.0,1,9284.0
62,5,0,0,0,0,257,1.0,1.0,0.04,0.05,0.0,255,10,0.04,0.05,0.0,1.0,1.0,0.0,1,80698.0
22,9,381,769,0,1,2,0.0,0.0,1.0,0.0,0.67,3,255,1.0,0.0,0.02,0.0,0.0,0.0,0,108549.0
22,9,327,983,0,1,5,0.0,0.0,1.0,0.0,0.0,255,255,1.0,0.0,0.0,0.0,0.0,0.0,0,60681.0
22,5,0,0,0,0,2,0.5,0.5,1.0,0.0,0.0,3,255,1.0,0.0,0.01,0.33,0.0,0.0,0,117522.0
22,9,204,700,0,1,4,0.0,0.0,1.0,0.0,0.0,161,255,1.0,0.0,0.02,0.01,0.01,0.0,0,105825.0
11,9,44,123,0,0,271,0.0,0.0,1.0,0.0,0.0,255,251,0.98,0.01,0.0,0.0,0.0,0.0,0,97758.0
43,9,35,130,0,1,1,0.0,0.0,1.0,0.0,0.0,84,5,0.04,0.07,0.4,0.0,0.0,0.0,0,17150.0
45,5,0,0,0,0,106,1.0,1.0,0.16,0.06,0.0,255,5,0.02,0.08,0.0,1.0,1.0,0.0,1,69547.0
49,9,1254,335,0,1,2,0.0,0.0,0.5,1.0,0.0,255,32,0.13,0.47,0.0,0.0,0.0,0.0,0,36895.0
31,5,0,0,0,0,138,1.0,1.0,0.07,0.06,0.0,255,8,0.03,0.06,0.0,1.0,1.0,0.0,1,32803.0
11,9,43,126,0,0,141,0.0,0.0,0.99,0.01,0.01,255,224,0.88,0.02,0.0,0.0,0.0,0.0,0,120925.0
11,9,45,138,0,0,36,0.0,0.0,0.97,0.06,0.02,232,200,0.86,0.01,0.0,0.0,0.0,0.0,0,43736.0
43,5,0,0,0,0,254,1.0,1.0,0.01,0.07,0.0,255,2,0.01,0.07,0.0,1.0,1.0,0.0,1,51860.0
36,5,0,0,0,0,188,1.0,1.0,0.01,0.07,0.0,255,1,0.0,0.07,0.0,1.0,1.0,0.0,1,62221.0
49,9,889,332,0,1,1,0.0,0.0,1.0,0.0,1.0,72,129,0.49,0.1,0.02,0.0,0.0,0.0,0,71059.0
22,5,0,0,0,0,12,0.92,1.0,0.92,0.17,0.0,255,51,0.2,0.04,0.0,1.0,1.0,0.0,1,77574.0
22,9,342,3303,0,1,13,0.0,0.0,1.0,0.0,0.08,255,255,1.0,0.0,0.0,0.0,0.0,0.0,0,74477.0
6,5,0,0,0,0,202,1.0,1.0,0.01,0.06,0.0,255,20,0.08,0.07,0.0,1.0,1.0,0.0,1,23232.0
22,9,265,213,0,1,1,0.0,0.0,1.0,0.0,0.0,19,255,1.0,0.0,0.06,0.0,0.0,0.0,0,89940.0
45,1,0,0,0,0,177,0.02,0.0,0.01,1.0,0.0,255,1,0.0,0.72,0.0,0.01,0.0,1.0,1,101497.0
22,9,232,755,0,1,15,0.0,0.0,1.0,0.0,0.0,48,255,1.0,0.0,0.04,0.0,0.0,0.0,0,11835.0
7,5,0,0,0,0,238,1.0,1.0,0.04,0.07,0.0,255,9,0.04,0.07,0.0,1.0,1.0,0.0,1,35214.0
45,5,0,0,0,0,117,1.0,1.0,0.15,0.06,0.0,255,15,0.06,0.07,0.0,1.0,1.0,0.0,1,104187.0
49,9,746,332,0,1,1,0.0,0.0,1.0,0.0,0.0,255,121,0.47,0.02,0.0,0.0,0.01,0.0,0,64949.0
45,1,0,0,0,0,209,0.0,0.0,0.08,0.07,0.0,255,16,0.06,0.07,0.0,0.0,0.0,1.0,1,3346.0
22,9,385,333,0,1,9,0.0,0.0,1.0,0.0,0.0,89,255,1.0,0.0,0.06,0.01,0.02,0.0,0,100708.0
22,9,250,700,0,1,31,0.0,0.0,1.0,0.0,0.0,255,255,1.0,0.0,0.0,0.0,0.0,0.0,0,61323.0
22,9,345,7734,0,1,2,0.0,0.0,1.0,0.0,0.5,54,255,1.0,0.0,0.03,0.0,0.0,0.0,0,74943.0
45,4,1,0,0,0,2,0.0,0.0,1.0,0.0,0.0,140,2,0.01,0.09,0.0,0.0,0.0,1.0,1,31043.0
45,1,0,0,0,0,125,0.0,0.0,0.13,0.06,0.0,255,16,0.06,0.08,0.0,0.0,0.0,1.0,1,82091.0
41,5,0,0,0,0,510,0.27,1.0,0.0,1.0,0.0,255,1,0.0,1.0,0.0,0.27,1.0,0.0,1,32240.0
16,5,0,0,0,0,100,1.0,1.0,0.1,0.06,0.0,255,20,0.08,0.07,0.0,1.0,1.0,0.0,1,103295.0
45,9,28,0,3,0,57,0.0,0.0,1.0,0.0,0.0,129,57,0.44,0.03,0.0,0.0,0.0,0.0,1,88937.0
22,9,237,1483,0,1,2,0.0,0.0,1.0,0.0,0.0,108,255,1.0,0.0,0.01,0.0,0.0,0.0,0,112368.0
22,9,310,3222,0,1,3,0.0,0.1,1.0,0.0,0.2,255,250,0.98,0.01,0.0,0.0,0.0,0.0,0,6668.0
13,9,8,0,0,0,1,0.0,0.0,1.0,0.0,1.0,2,255,1.0,0.0,0.5,0.0,0.0,0.0,1,48283.0
22,1,0,0,0,0,1,0.0,0.0,1.0,0.0,0.0,8,34,1.0,0.0,0.15,0.0,0.0,1.0,0,33818.0
22,9,302,1748,0,1,1,0.0,0.0,1.0,0.0,0.0,1,255,1.0,0.0,0.03,0.0,0.0,0.0,0,35288.0
22,9,246,1610,0,1,12,0.0,0.0,1.0,0.0,0.0,255,255,1.0,0.0,0.0,0.0,0.0,0.0,0,81737.0
57,5,0,0,0,0,239,1.0,1.0,0.07,0.06,0.0,255,5,0.02,0.08,0.0,1.0,1.0,0.0,1,107798.0
22,5,0,0,0,0,49,1.0,1.0,0.24,0.12,0.0,255,12,0.05,0.08,0.0,1.0,1.0,0.0,1,123471.0
13,9,8,0,0,0,1,0.0,0.0,1.0,0.0,1.0,2,78,1.0,0.0,0.5,0.0,0.0,0.0,1,39209.0
19,9,879,0,0,0,8,0.0,0.0,1.0,0.0,0.0,73,84,0.38,0.07,0.02,0.0,0.0,0.0,0,39098.0
22,9,261,339,0,1,9,0.0,0.0,1.0,0.0,0.0,35,255,1.0,0.0,0.02,0.0,0.0,0.0,0,110712.0
41,9,146,105,0,0,1,0.0,0.0,1.0,0.0,0.0,255,1,0.0,0.88,0.0,0.0,0.0,0.0,0,87560.0
22,9,209,1958,0,1,2,0.0,0.0,1.0,0.0,0.09,104,255,1.0,0.0,0.02,0.0,0.0,0.0,0,11145.0
31,5,0,0,0,0,66,1.0,1.0,0.05,0.08,0.0,255,3,0.01,0.06,0.0,1.0,1.0,0.0,1,71126.0
41,6,11680,0,0,1,6,0.33,1.0,0.17,0.67,0.0,178,1,0.01,0.03,0.0,0.01,1.0,0.0,0,80882.0
22,9,54540,8314,0,1,2,0.0,0.0,1.0,0.0,0.0,99,99,1.0,0.0,0.0,0.0,0.0,0.01,1,113023.0
63,5,0,0,0,0,247,1.0,1.0,0.04,0.06,0.0,255,9,0.04,0.07,0.0,1.0,1.0,0.0,1,114936.0
22,9,252,1628,0,1,1,0.0,0.0,1.0,0.0,1.0,41,40,0.98,0.05,0.0,0.0,0.0,0.0,0,15965.0
45,5,0,0,0,0,220,1.0,1.0,0.06,0.06,0.0,255,14,0.05,0.06,0.0,1.0,1.0,0.0,1,81653.0
22,9,341,1588,0,1,5,0.0,0.0,1.0,0.0,0.25,173,255,1.0,0.0,0.01,0.0,0.0,0.0,0,73436.0
1,9,20492,15564,0,1,1,0.0,0.0,1.0,0.0,0.0,7,7,1.0,0.0,0.0,0.14,0.14,0.14,0,8299.0
21,1,0,0,0,0,277,0.0,0.0,0.03,0.06,0.0,255,9,0.04,0.07,0.0,0.0,0.0,1.0,1,46227.0
45,5,0,0,0,0,90,1.0,1.0,0.02,0.08,0.0,255,2,0.01,0.08,0.0,1.0,1.0,0.0,1,72754.0
45,5,0,0,0,0,142,1.0,1.0,0.08,0.06,0.0,255,12,0.05,0.09,0.0,1.0,1.0,0.0,1,1458.0
22,9,276,1767,0,1,2,0.0,0.0,1.0,0.0,0.33,29,255,1.0,0.0,0.01,0.0,0.0,0.0,0,587.0
63,1,0,0,0,0,231,0.0,0.0,0.05,0.06,0.0,255,11,0.04,0.07,0.0,0.0,0.0,1.0,1,99367.0
51,1,0,0,0,0,111,0.0,0.0,0.01,0.08,0.0,255,1,0.0,0.08,0.0,0.0,0.0,1.0,1,70939.0
45,5,0,0,0,0,200,1.0,1.0,0.05,0.08,0.0,255,10,0.04,0.07,0.0,1.0,1.0,0.0,1,118889.0
5,5,0,0,0,0,113,1.0,1.0,0.16,0.05,0.0,255,18,0.07,0.06,0.0,1.0,1.0,0.0,1,107197.0
14,9,520,0,0,0,352,0.0,0.0,1.0,0.0,0.0,255,255,1.0,0.0,0.0,0.0,0.0,0.0,1,27563.0
19,5,0,0,0,0,77,1.0,1.0,0.22,0.05,0.0,255,64,0.25,0.02,0.0,1.0,1.0,0.0,1,114330.0
22,9,249,431,0,1,8,0.0,0.0,1.0,0.0,0.22,255,255,1.0,0.0,0.0,0.0,0.0,0.0,0,121404.0
22,9,249,7213,0,1,6,0.0,0.0,1.0,0.0,0.0,58,255,1.0,0.0,0.07,0.0,0.0,0.0,0,74656.0
19,5,0,0,0,0,210,1.0,1.0,0.08,0.06,0.0,255,17,0.07,0.06,0.0,1.0,1.0,0.0,1,124974.0
45,5,0,0,0,0,119,1.0,1.0,0.03,0.07,0.0,255,4,0.02,0.06,0.0,1.0,1.0,0.0,1,66043.0
45,9,105,146,0,0,1,0.0,0.0,1.0,0.0,0.0,24,24,1.0,0.0,0.0,0.0,0.0,0.0,0,4424.0
22,9,230,1856,0,1,13,0.0,0.0,1.0,0.0,0.0,13,255,1.0,0.0,0.05,0.0,0.0,0.0,0,34524.0
19,9,1030,0,0,1,3,0.0,0.0,1.0,0.0,0.0,122,39,0.07,0.03,0.05,0.0,0.0,0.0,0,104636.0
45,5,0,0,0,0,129,1.0,1.0,0.11,0.06,0.0,255,13,0.05,0.06,0.0,1.0,1.0,0.0,1,69093.0
57,5,0,0,0,0,62,1.0,1.0,0.1,0.1,0.0,255,6,0.02,0.09,0.0,1.0,1.0,0.0,1,116368.0
19,9,607,0,0,0,2,0.0,0.0,1.0,0.0,0.0,128,26,0.2,0.04,0.0,0.0,0.0,0.0,0,53627.0
22,9,192,1695,0,1,22,0.0,0.0,1.0,0.0,0.09,22,255,1.0,0.0,0.02,0.0,0.0,0.0,0,111870.0
61,1,0,0,0,0,241,0.0,0.0,0.01,0.07,0.0,255,3,0.01,0.07,0.0,0.0,0.0,1.0,1,358.0
8,5,0,0,0,0,243,1.0,1.0,0.01,0.05,0.0,255,3,0.01,0.05,0.0,1.0,1.0,0.0,1,53865.0
22,9,200,430,0,1,1,0.0,0.0,1.0,0.0,0.0,255,255,1.0,0.0,0.0,0.0,0.0,0.0,0,101009.0
49,9,2704,331,0,1,1,0.0,0.0,1.0,0.0,1.0,227,115,0.47,0.03,0.02,0.01,0.01,0.0,0,91395.0
55,5,0,0,0,0,80,0.98,1.0,0.25,0.08,0.0,255,45,0.18,0.04,0.0,1.0,1.0,0.0,1,38808.0
45,1,0,0,0,0,14,0.0,0.0,0.36,0.14,0.0,255,25,0.1,0.06,0.0,0.0,0.0,1.0,1,83614.0
45,1,0,0,0,0,124,0.0,0.0,0.15,0.06,0.0,255,2,0.01,0.07,0.0,0.0,0.0,1.0,1,44447.0
22,9,204,1024,0,1,14,0.0,0.0,1.0,0.0,0.08,49,255,1.0,0.0,0.08,0.0,0.01,0.01,0,91823.0
22,9,303,1713,0,1,15,0.0,0.0,1.0,0.0,0.0,97,255,1.0,0.0,0.04,0.0,0.0,0.0,0,119911.0
22,9,296,2442,0,1,7,0.0,0.0,1.0,0.0,0.17,255,255,1.0,0.0,0.0,0.0,0.0,0.0,0,109558.0
13,9,18,0,0,0,1,0.0,0.0,1.0,0.0,0.0,2,174,1.0,0.0,0.25,0.0,0.0,0.0,1,26823.0
7,1,0,0,0,0,263,0.0,0.0,0.03,0.06,0.0,255,8,0.03,0.07,0.0,0.0,0.0,1.0,1,94750.0
11,9,44,115,0,0,2,0.0,0.0,0.5,1.0,1.0,60,55,0.92,0.03,0.0,0.0,0.0,0.0,0,21635.0
19,9,334,0,0,1,1,0.0,0.0,1.0,0.0,0.0,1,44,1.0,0.0,0.11,0.0,0.0,0.0,1,121305.0
14,9,1032,0,0,0,509,0.0,0.0,1.0,0.0,0.0,255,8,0.03,0.05,0.0,0.39,0.0,0.0,1,81277.0
45,5,0,0,0,0,176,1.0,1.0,0.04,0.06,0.0,255,15,0.06,0.07,0.0,1.0,1.0,0.0,1,18608.0
22,5,0,0,0,0,255,1.0,1.0,0.08,0.05,0.0,255,21,0.08,0.05,0.0,1.0,1.0,0.0,1,104482.0
45,5,0,0,0,0,94,1.0,1.0,0.05,0.06,0.0,255,20,0.08,0.07,0.0,1.0,1.0,0.0,1,74434.0
22,1,0,0,0,0,1,0.0,0.0,1.0,0.0,1.0,16,255,1.0,0.0,0.09,0.0,0.0,0.33,0,44859.0
14,9,1032,0,0,0,511,0.0,0.0,1.0,0.0,0.0,255,70,0.27,0.02,0.0,0.02,0.0,0.0,1,65767.0
22,9,294,6264,0,1,22,0.0,0.0,1.0,0.0,0.0,50,255,1.0,0.0,0.05,0.0,0.0,0.0,0,13971.0
49,6,913,309,0,1,1,1.0,1.0,1.0,0.0,0.0,21,165,0.81,0.19,0.01,0.05,0.01,0.0,0,60450.0
45,5,0,0,0,0,126,1.0,1.0,0.08,0.07,0.0,255,10,0.04,0.08,0.0,1.0,1.0,0.0,1,61341.0
22,1,0,0,0,0,11,0.0,0.0,1.0,0.0,0.0,32,179,1.0,0.0,0.18,0.0,0.0,0.98,0,38471.0
45,1,0,0,0,0,146,0.0,0.0,0.12,0.05,0.0,255,17,0.07,0.06,0.0,0.0,0.0,1.0,1,87958.0
11,9,45,78,0,0,73,0.0,0.0,1.0,0.0,0.01,255,247,0.97,0.01,0.0,0.0,0.0,0.0,0,58717.0
55,6,82,2374,0,1,1,1.0,1.0,1.0,0.0,0.0,255,10,0.04,0.68,0.0,0.68,0.2,0.0,0,21127.0
55,5,0,0,0,0,6,1.0,1.0,1.0,0.0,0.0,128,68,0.53,0.02,0.0,0.98,0.97,0.0,1,5476.0
22,1,0,0,0,0,7,0.0,0.0,1.0,0.0,0.0,7,255,1.0,0.0,0.01,0.0,0.0,0.03,0,113938.0
7,1,0,0,0,0,228,0.0,0.0,0.07,0.07,0.0,255,15,0.06,0.07,0.0,0.0,0.0,1.0,1,98243.0
19,9,334,0,0,1,2,0.0,0.0,1.0,0.0,0.0,2,15,1.0,0.0,0.2,0.0,0.0,0.0,1,104421.0
22,9,249,1841,0,1,2,0.0,0.0,1.0,0.0,0.0,12,255,1.0,0.0,0.05,0.0,0.0,0.0,0,32102.0
45,9,105,147,0,0,9,0.0,0.0,0.22,0.22,0.0,255,245,0.96,0.01,0.0,0.0,0.0,0.0,0,122189.0
22,9,191,381,0,1,6,0.0,0.0,1.0,0.0,0.0,14,255,1.0,0.0,0.04,0.0,0.0,0.0,0,113585.0
22,9,255,2134,0,1,8,0.0,0.0,1.0,0.0,0.0,17,255,1.0,0.0,0.04,0.0,0.0,0.0,0,111198.0
38,1,0,0,0,0,111,0.0,0.0,0.01,0.07,0.0,255,1,0.0,0.07,0.0,0.0,0.0,1.0,1,103354.0
22,9,232,1944,0,1,19,0.0,0.0,1.0,0.0,0.0,79,255,1.0,0.0,0.05,0.0,0.0,0.0,0,123054.0
59,9,183,0,0,0,3,0.0,0.0,0.33,1.0,0.0,255,13,0.05,0.01,0.0,0.0,0.0,0.0,0,37378.0
28,5,0,0,0,0,134,1.0,1.0,0.01,0.06,0.0,255,2,0.01,0.06,0.0,1.0,1.0,0.0,1,95891.0
33,5,0,0,0,0,123,1.0,1.0,0.07,0.07,0.0,255,8,0.03,0.07,0.0,1.0,1.0,0.0,1,67825.0
28,5,0,0,0,0,136,1.0,1.0,0.17,0.04,0.0,255,23,0.09,0.05,0.0,1.0,1.0,0.0,1,625.0
45,5,0,0,0,0,278,1.0,1.0,0.02,0.06,0.0,255,14,0.05,0.08,0.0,1.0,1.0,0.0,1,98134.0
28,5,0,0,0,0,36,1.0,1.0,0.25,0.08,0.0,255,9,0.04,0.07,0.0,1.0,1.0,0.0,1,112892.0
45,5,0,0,0,0,235,1.0,1.0,0.06,0.05,0.0,255,14,0.05,0.05,0.0,1.0,1.0,0.0,1,99321.0
22,9,281,3725,0,1,1,0.0,0.0,1.0,0.0,0.0,41,255,1.0,0.0,0.02,0.0,0.02,0.0,0,29557.0
22,9,326,271,0,1,17,0.0,0.0,1.0,0.0,0.11,255,238,0.93,0.02,0.0,0.0,0.0,0.0,0,51293.0
60,5,0,0,0,0,121,1.0,1.0,0.1,0.06,0.0,255,12,0.05,0.05,0.0,1.0,1.0,0.0,1,35533.0
45,9,1,0,0,0,35,0.0,0.0,0.14,0.09,0.0,255,49,0.19,0.2,0.0,0.0,0.0,0.0,1,30956.0
22,9,233,4721,0,1,1,0.0,0.0,1.0,0.0,0.0,67,254,1.0,0.0,0.03,0.0,0.0,0.01,0,51964.0
33,5,0,0,0,0,295,1.0,1.0,0.08,0.05,0.0,255,24,0.09,0.05,0.0,1.0,1.0,0.0,1,58601.0
45,9,1,0,0,0,24,0.0,0.0,0.29,0.17,0.0,255,21,0.08,0.16,0.0,0.0,0.0,0.0,1,64851.0
5,5,0,0,0,0,124,1.0,1.0,0.06,0.06,0.0,255,8,0.03,0.05,0.0,1.0,1.0,0.0,1,41605.0
22,9,334,13892,0,1,3,0.0,0.0,1.0,0.0,0.29,3,255,1.0,0.0,0.06,0.0,0.0,0.0,0,89201.0
45,5,0,0,0,0,108,1.0,1.0,0.07,0.06,0.0,255,36,0.14,0.06,0.0,1.0,1.0,0.0,1,7650.0
22,9,155,443,0,1,1,0.0,0.17,1.0,0.0,0.5,137,137,1.0,0.0,0.0,0.01,0.01,0.01,0,104657.0
41,5,0,0,0,0,383,0.07,1.0,0.0,1.0,0.0,255,1,0.0,1.0,0.0,0.1,1.0,0.0,1,38112.0
22,9,298,3127,0,1,42,0.0,0.0,1.0,0.0,0.0,255,255,1.0,0.0,0.0,0.0,0.0,0.05,0,30729.0
22,9,312,3327,0,1,1,0.0,0.0,1.0,0.0,1.0,141,255,1.0,0.0,0.02,0.0,0.01,0.03,0,12508.0
45,9,100,0,0,0,2,0.0,0.0,1.0,0.0,0.0,84,14,0.17,0.02,0.0,0.0,0.0,0.0,1,110696.0
13,9,8,0,0,0,1,0.0,0.0,1.0,0.0,1.0,2,94,1.0,0.0,0.5,0.0,0.0,0.0,1,30346.0
55,9,248,8082,0,1,1,0.0,0.0,1.0,0.0,0.0,15,4,0.27,0.2,0.0,0.07,0.0,0.5,0,25148.0
13,9,8,0,0,0,1,0.0,0.0,1.0,0.0,1.0,4,24,1.0,0.0,0.25,0.0,0.0,0.0,1,14460.0
22,9,249,513,0,1,20,0.0,0.0,1.0,0.0,0.0,193,255,1.0,0.0,0.02,0.0,0.0,0.0,0,65942.0
19,9,12241,0,0,1,7,0.0,0.0,1.0,0.0,0.0,198,111,0.44,0.02,0.02,0.0,0.0,0.0,0,63847.0
2,5,0,0,0,0,268,1.0,1.0,0.06,0.06,0.0,255,4,0.02,0.08,0.0,1.0,1.0,0.0,1,51750.0
45,5,0,0,0,0,105,1.0,1.0,0.07,0.06,0.0,255,2,0.01,0.07,0.0,1.0,1.0,0.0,1,29273.0
45,5,0,0,0,0,215,1.0,1.0,0.04,0.06,0.0,255,12,0.05,0.07,0.0,1.0,1.0,0.0,1,75859.0
19,9,2881,0,0,1,6,0.0,0.0,1.0,0.0,0.0,206,65,0.21,0.02,0.03,0.0,0.0,0.0,0,114893.0
13,9,8,0,0,0,1,0.0,0.0,1.0,0.0,1.0,2,30,1.0,0.0,0.5,0.0,0.0,0.0,1,122827.0
11,9,45,45,0,0,181,0.0,0.0,0.99,0.01,0.0,255,254,1.0,0.01,0.0,0.0,0.0,0.0,0,8361.0
22,9,202,601,0,1,5,0.0,0.0,1.0,0.0,0.33,5,255,1.0,0.0,0.04,0.0,0.0,0.0,0,29113.0
22,9,313,265,0,1,10,0.0,0.0,1.0,0.0,0.18,255,246,0.96,0.02,0.0,0.0,0.0,0.01,0,92102.0
45,5,0,0,0,0,269,1.0,1.0,0.04,0.06,0.0,255,17,0.07,0.07,0.0,1.0,1.0,0.0,1,62014.0
11,9,42,98,0,0,211,0.0,0.0,1.0,0.0,0.0,255,255,1.0,0.0,0.0,0.0,0.0,0.0,0,58389.0
45,9,1,0,0,0,18,0.0,0.0,0.22,0.17,0.0,255,53,0.21,0.31,0.0,0.0,0.0,0.0,1,112509.0
54,1,0,0,0,0,299,0.0,0.0,0.07,0.06,0.0,255,20,0.08,0.07,0.0,0.0,0.0,1.0,1,13492.0
62,5,0,0,0,0,234,1.0,1.0,0.06,0.06,0.0,255,7,0.03,0.07,0.0,1.0,1.0,0.0,1,37627.0
11,9,43,78,0,0,147,0.0,0.0,1.0,0.0,0.0,255,254,1.0,0.01,0.0,0.0,0.0,0.0,0,35823.0
49,7,12252,1400,0,1,1,1.0,1.0,1.0,0.0,0.0,175,175,0.69,0.02,0.01,0.01,0.01,0.03,0,34424.0
22,9,305,759,0,1,1,0.0,0.11,1.0,0.0,0.33,84,255,1.0,0.0,0.01,0.0,0.0,0.0,0,114540.0
45,1,0,0,0,0,319,0.03,0.0,0.0,1.0,0.0,255,1,0.0,1.0,0.0,0.04,0.0,1.0,1,5246.0
22,9,314,2926,0,1,2,0.0,0.0,1.0,0.0,0.0,18,255,1.0,0.0,0.05,0.0,0.0,0.0,0,49157.0
22,9,239,1588,0,1,10,0.0,0.0,1.0,0.0,0.0,255,255,1.0,0.0,0.0,0.0,0.0,0.0,0,43018.0
22,9,227,853,0,1,7,0.0,0.0,1.0,0.0,0.0,255,255,1.0,0.0,0.0,0.0,0.0,0.0,0,23026.0
22,9,176,604,0,1,1,0.0,0.0,1.0,0.0,0.0,24,255,1.0,0.0,0.05,0.0,0.0,0.0,0,68874.0
22,9,205,9594,0,1,8,0.0,0.0,1.0,0.0,0.0,25,255,1.0,0.0,0.05,0.0,0.0,0.0,0,108806.0
22,9,305,466,0,1,10,0.0,0.0,1.0,0.0,0.18,88,255,1.0,0.0,0.02,0.0,0.0,0.0,0,84999.0
22,9,216,15353,0,1,29,0.0,0.0,1.0,0.0,0.05,255,255,1.0,0.0,0.0,0.0,0.0,0.0,0,107193.0
46,5,0,0,0,0,265,1.0,1.0,0.04,0.07,0.0,255,11,0.04,0.08,0.0,1.0,1.0,0.0,1,76792.0
22,9,218,1019,0,1,8,0.0,0.0,1.0,0.0,0.18,149,255,1.0,0.0,0.03,0.0,0.0,0.0,0,67568.0
14,9,1032,0,0,0,511,0.0,0.0,1.0,0.0,0.0,255,171,0.67,0.03,0.0,0.0,0.0,0.0,1,37333.0
11,9,44,128,0,0,80,0.0,0.0,0.99,0.03,0.01,255,254,1.0,0.01,0.0,0.0,0.0,0.0,0,21851.0
22,9,293,253,0,1,6,0.0,0.0,1.0,0.0,0.29,255,255,1.0,0.0,0.0,0.0,0.0,0.0,0,92639.0
22,9,192,758,0,1,3,0.0,0.0,1.0,0.0,0.25,122,255,1.0,0.0,0.01,0.0,0.0,0.0,0,1669.0
22,1,0,0,0,0,1,0.0,0.0,1.0,0.0,0.0,11,191,1.0,0.0,0.23,0.0,0.0,1.0,0,71753.0
22,9,218,434,0,1,19,0.0,0.0,1.0,0.0,0.21,255,255,1.0,0.0,0.0,0.0,0.0,0.0,0,87872.0
22,9,365,458,0,1,29,0.0,0.0,1.0,0.0,0.09,255,255,1.0,0.0,0.0,0.0,0.0,0.0,0,26394.0
22,9,255,322,0,1,18,0.0,0.0,1.0,0.0,0.0,38,249,1.0,0.0,0.07,0.0,0.0,0.0,0,74520.0
22,5,0,0,0,0,42,1.0,1.0,0.33,0.1,0.0,255,63,0.25,0.02,0.0,1.0,1.0,0.0,1,82033.0
22,9,221,1730,0,1,11,0.0,0.0,1.0,0.0,0.0,11,255,1.0,0.0,0.05,0.0,0.0,0.0,0,87561.0
37,5,0,0,0,0,240,1.0,1.0,0.01,0.07,0.0,255,2,0.01,0.07,0.0,1.0,1.0,0.0,1,35357.0
22,9,252,893,0,1,3,0.33,0.33,1.0,0.0,0.0,110,237,1.0,0.0,0.05,0.01,0.0,0.0,0,99429.0
14,9,1032,0,0,0,40,0.0,0.0,1.0,0.0,0.0,255,40,0.16,0.02,0.0,0.0,0.0,0.0,1,31719.0
22,9,207,1115,0,1,1,0.0,0.0,1.0,0.0,0.0,28,255,1.0,0.0,0.05,0.0,0.0,0.0,0,106423.0
13,9,18,0,0,0,1,0.0,0.0,1.0,0.0,0.0,1,143,1.0,0.0,1.0,0.0,0.0,0.0,1,15406.0
18,9,58,189,0,0,1,0.0,0.0,1.0,0.0,0.0,67,18,0.27,0.04,0.0,0.0,0.0,0.0,0,120182.0
19,9,2194619,0,0,1,2,0.0,0.0,1.0,0.0,0.0,247,74,0.3,0.03,0.0,0.0,0.0,0.0,0,119213.0
45,5,0,0,0,0,199,1.0,1.0,0.02,0.06,0.0,255,20,0.08,0.07,0.0,1.0,1.0,0.0,1,56424.0
45,5,0,0,0,0,258,1.0,1.0,0.05,0.06,0.0,255,12,0.05,0.06,0.0,1.0,1.0,0.0,1,97150.0
22,1,0,0,0,0,1,0.0,0.0,1.0,0.0,0.75,27,183,1.0,0.0,0.16,0.0,0.0,1.0,0,117948.0
22,9,358,321,0,1,5,0.0,0.0,1.0,0.0,0.33,255,255,1.0,0.0,0.0,0.0,0.0,0.0,0,9346.0
22,9,232,12682,0,1,8,0.0,0.0,1.0,0.0,0.0,255,255,1.0,0.0,0.0,0.0,0.0,0.0,0,98519.0
19,5,0,0,0,0,12,1.0,1.0,0.92,0.17,0.0,255,66,0.26,0.04,0.0,1.0,1.0,0.0,1,98559.0
22,6,214,1460,0,1,10,0.1,0.1,1.0,0.0,0.0,53,255,1.0,0.0,0.05,0.02,0.0,0.0,0,6829.0
22,9,195,1419,0,1,4,0.0,0.0,1.0,0.0,0.0,12,255,1.0,0.0,0.04,0.0,0.0,0.0,0,73219.0
55,5,0,0,0,0,59,1.0,1.0,0.24,0.07,0.0,255,58,0.23,0.03,0.0,1.0,1.0,0.0,1,119815.0
13,9,18,0,0,0,1,0.0,0.0,1.0,0.0,0.0,1,181,1.0,0.0,0.25,0.0,0.0,0.0,1,52461.0
45,1,0,0,0,0,434,0.0,0.0,0.0,0.52,0.0,255,1,0.0,0.51,0.0,0.0,0.0,1.0,1,79312.0
22,9,200,940,0,1,6,0.0,0.0,1.0,0.0,0.0,198,255,1.0,0.0,0.01,0.0,0.0,0.0,0,922.0
6,5,0,0,0,0,122,1.0,1.0,0.11,0.06,0.0,255,10,0.04,0.08,0.0,1.0,1.0,0.0,1,40962.0
18,9,1225,2449,0,1,1,0.0,0.0,1.0,0.0,0.0,255,130,0.51,0.02,0.0,0.0,0.0,0.0,1,19756.0
41,4,1,0,0,0,2,0.0,0.0,1.0,0.0,0.0,255,2,0.01,0.73,0.0,0.0,0.0,1.0,1,15136.0
22,9,249,678,0,1,16,0.0,0.0,1.0,0.0,0.0,250,255,1.0,0.0,0.01,0.0,0.0,0.0,0,15347.0
13,9,8,0,0,0,1,0.0,0.0,1.0,0.0,1.0,2,6,1.0,0.0,0.5,0.0,0.0,0.0,1,18338.0
61,1,0,0,0,0,230,0.0,0.0,0.0,0.07,0.0,255,1,0.0,0.07,0.0,0.0,0.0,1.0,1,52686.0
41,4,1,0,0,0,2,0.0,0.0,1.0,0.0,0.0,255,2,0.01,0.74,0.0,0.0,0.0,1.0,1,30619.0
13,9,8,0,0,0,1,0.0,0.0,1.0,0.0,1.0,2,78,1.0,0.0,0.5,0.0,0.0,0.0,1,101568.0
11,9,45,78,0,0,84,0.0,0.0,1.0,0.0,0.0,255,252,0.99,0.01,0.0,0.0,0.0,0.0,0,70988.0
55,9,141,1310,0,1,1,0.0,0.0,1.0,0.0,0.0,16,1,0.06,0.12,0.0,0.0,0.0,0.0,0,21141.0
60,5,0,0,0,0,141,1.0,1.0,0.09,0.06,0.0,255,12,0.05,0.06,0.0,1.0,1.0,0.0,1,81245.0
45,5,0,0,0,0,176,1.0,1.0,0.1,0.06,0.0,255,8,0.03,0.06,0.0,1.0,1.0,0.0,1,79242.0
45,5,0,0,0,0,8,1.0,1.0,0.38,0.5,0.0,255,3,0.01,0.09,0.0,1.0,1.0,0.0,1,18314.0
45,4,1,0,0,0,2,0.0,0.0,1.0,0.0,0.0,255,2,0.01,0.74,0.0,0.0,0.0,1.0,1,74173.0
13,9,8,0,0,0,1,0.0,0.0,1.0,0.0,1.0,2,206,1.0,0.0,0.25,0.0,0.0,0.0,1,91026.0
22,9,307,819,0,1,14,0.0,0.0,1.0,0.0,0.11,255,255,1.0,0.0,0.0,0.0,0.0,0.0,0,92436.0
22,9,324,3330,0,1,6,0.0,0.0,1.0,0.0,0.0,8,9,1.0,0.0,0.22,0.0,0.0,0.0,0,87721.0
49,9,651,480,0,1,1,0.0,0.0,1.0,0.0,0.0,255,36,0.14,0.02,0.0,0.0,0.0,0.0,0,22855.0
60,2,0,0,0,0,111,0.0,0.0,0.05,0.08,0.0,255,6,0.02,0.07,0.0,0.0,0.0,1.0,1,84313.0
22,9,245,15255,0,1,1,0.0,0.0,1.0,0.0,0.14,7,255,1.0,0.0,0.04,0.0,0.0,0.0,0,1925.0
22,9,373,2289,0,1,6,0.0,0.0,1.0,0.0,0.0,28,255,1.0,0.0,0.02,0.0,0.01,0.0,0,8714.0
22,1,0,0,0,0,14,0.0,0.0,1.0,0.0,0.0,31,117,1.0,0.0,0.16,0.0,0.01,0.85,0,48177.0
19,9,832,0,0,1,1,0.0,0.0,1.0,0.0,0.0,3,30,1.0,0.0,0.13,0.0,0.0,0.0,1,124531.0
49,9,790,332,0,1,1,0.0,0.0,1.0,0.0,1.0,54,164,0.61,0.06,0.02,0.0,0.0,0.0,0,115599.0
0,4,1010,6365,0,1,3,0.0,0.0,1.0,0.0,0.0,35,15,0.43,0.06,0.0,0.11,0.27,0.6,0,47657.0
45,5,0,0,0,0,212,1.0,1.0,0.03,0.05,0.0,255,6,0.02,0.06,0.0,1.0,1.0,0.0,1,28854.0
11,9,45,129,0,0,70,0.0,0.0,1.0,0.0,0.01,255,255,1.0,0.0,0.0,0.0,0.0,0.0,0,10231.0
13,9,8,0,0,0,1,0.0,0.0,1.0,0.0,1.0,2,40,1.0,0.0,0.5,0.0,0.0,0.0,1,88958.0
41,9,146,0,0,0,5,0.0,0.0,0.2,0.6,0.0,255,1,0.0,0.85,0.0,0.0,0.0,0.0,0,94644.0
22,9,285,17602,0,1,39,0.0,0.0,1.0,0.0,0.0,255,255,1.0,0.0,0.0,0.0,0.0,0.0,0,86881.0
45,5,0,0,0,0,140,1.0,1.0,0.16,0.06,0.0,255,23,0.09,0.07,0.0,1.0,1.0,0.0,1,110810.0
45,5,0,0,0,0,102,1.0,1.0,0.11,0.06,0.0,116,20,0.17,0.11,0.0,1.0,1.0,0.0,1,26255.0
45,5,0,0,0,0,117,1.0,1.0,0.09,0.06,0.0,255,1,0.0,0.07,0.0,1.0,1.0,0.0,1,45759.0
13,9,8,0,0,0,1,0.0,0.0,1.0,0.0,1.0,2,102,1.0,0.0,0.5,0.0,0.0,0.0,1,35034.0
49,9,1146,329,0,1,1,0.0,0.0,1.0,0.0,0.0,13,194,0.85,0.23,0.02,0.0,0.0,0.0,0,94626.0
49,9,1827,325,0,1,1,0.0,0.0,1.0,0.0,0.0,127,183,0.69,0.04,0.01,0.0,0.0,0.0,0,110449.0
22,9,208,744,0,1,4,0.0,0.0,1.0,0.0,0.18,126,255,1.0,0.0,0.02,0.0,0.0,0.0,0,31587.0
22,9,220,412,0,1,2,0.0,0.0,1.0,0.0,0.0,255,255,1.0,0.0,0.0,0.0,0.0,0.0,0,107418.0
22,9,274,3189,0,1,2,0.0,0.0,1.0,0.0,0.0,2,252,1.0,0.0,0.06,0.0,0.01,0.0,0,109690.0
19,9,637,0,0,1,7,0.0,0.0,1.0,0.0,0.0,255,121,0.47,0.03,0.0,0.0,0.0,0.0,0,94849.0
22,9,274,8497,0,1,8,0.0,0.0,1.0,0.0,0.17,255,255,1.0,0.0,0.0,0.0,0.0,0.0,0,82144.0
22,9,300,1396,0,1,8,0.0,0.0,1.0,0.0,0.0,13,255,1.0,0.0,0.05,0.0,0.0,0.0,0,85908.0
45,9,1,0,0,0,39,0.0,0.0,0.31,0.1,0.0,255,40,0.16,0.45,0.0,0.16,0.0,0.0,1,32682.0
22,9,307,5280,0,1,9,0.0,0.0,1.0,0.0,0.0,255,255,1.0,0.0,0.0,0.0,0.0,0.0,0,7846.0
22,9,341,281,0,1,4,0.0,0.0,1.0,0.0,0.0,255,243,0.95,0.01,0.0,0.0,0.0,0.0,0,861.0
22,9,248,1374,0,1,3,0.0,0.0,1.0,0.0,0.0,82,255,1.0,0.0,0.05,0.0,0.0,0.0,0,51442.0
31,5,0,0,0,0,146,1.0,1.0,0.06,0.05,0.0,255,9,0.04,0.04,0.0,1.0,1.0,0.0,1,28154.0
45,4,0,0,0,0,1,0.0,0.0,1.0,0.0,0.0,148,1,0.01,0.34,0.0,0.0,0.0,1.0,1,55893.0
11,9,44,137,0,0,73,0.0,0.0,1.0,0.0,0.01,207,159,0.77,0.01,0.0,0.0,0.0,0.0,0,89444.0
22,9,320,2265,0,1,16,0.0,0.0,1.0,0.0,0.0,255,255,1.0,0.0,0.0,0.0,0.0,0.0,0,29101.0
22,9,291,6924,0,1,15,0.0,0.0,1.0,0.0,0.16,50,255,1.0,0.0,0.02,0.0,0.0,0.0,0,56101.0
13,9,8,0,0,0,1,0.0,0.0,1.0,0.0,1.0,3,131,1.0,0.0,0.25,0.0,0.0,0.0,1,53349.0
22,9,206,576,0,1,14,0.0,0.0,1.0,0.0,0.0,147,255,1.0,0.0,0.01,0.0,0.0,0.0,0,18032.0
19,9,491,0,0,0,2,0.0,0.0,1.0,0.0,0.0,203,63,0.31,0.02,0.0,0.0,0.0,0.0,0,38559.0
22,5,0,0,0,0,1,1.0,0.12,1.0,0.0,0.38,4,255,1.0,0.0,0.04,1.0,0.02,0.0,0,91312.0
11,9,42,42,0,0,6,0.0,0.0,1.0,0.0,0.27,255,233,0.91,0.01,0.0,0.0,0.0,0.0,0,39664.0
13,9,8,0,0,0,1,0.0,0.0,1.0,0.0,1.0,1,11,1.0,0.0,0.55,0.0,0.0,0.0,1,110744.0
22,9,238,1471,0,1,14,0.0,0.0,1.0,0.0,0.0,255,255,1.0,0.0,0.0,0.0,0.0,0.0,0,34857.0
45,5,0,0,0,0,129,1.0,1.0,0.09,0.08,0.0,255,6,0.02,0.08,0.0,1.0,1.0,0.0,1,42807.0
22,9,250,379,0,1,7,0.0,0.0,1.0,0.0,0.0,255,255,1.0,0.0,0.0,0.0,0.0,0.0,0,106454.0
22,9,265,260,0,1,4,0.0,0.0,1.0,0.0,0.0,81,255,1.0,0.0,0.03,0.0,0.0,0.0,0,22906.0
60,2,0,0,0,0,108,0.0,0.0,0.03,0.08,0.0,255,3,0.01,0.07,0.0,0.0,0.0,1.0,1,35497.0
49,9,923,325,0,1,1,0.0,0.0,1.0,0.0,0.0,160,189,0.64,0.03,0.01,0.02,0.02,0.0,0,88850.0
45,5,0,0,0,0,38,1.0,1.0,0.16,0.16,0.0,255,6,0.02,0.09,0.0,1.0,1.0,0.0,1,114261.0
45,9,1,0,0,0,12,0.0,0.0,0.08,0.75,0.0,255,1,0.0,0.07,0.0,0.0,0.0,0.0,1,36535.0
22,1,0,0,0,0,259,0.0,0.0,0.03,0.07,0.0,255,9,0.04,0.08,0.0,0.0,0.0,1.0,1,34244.0
22,9,223,273,0,1,4,0.0,0.22,1.0,0.0,0.33,75,255,1.0,0.0,0.07,0.0,0.0,0.0,0,38325.0
49,9,1229,332,0,1,1,0.0,0.0,1.0,0.0,0.0,39,39,0.97,0.05,0.05,0.0,0.0,0.05,0,55643.0
20,5,0,0,0,0,300,1.0,1.0,0.07,0.05,0.0,255,20,0.08,0.06,0.0,1.0,1.0,0.0,1,3043.0
22,9,248,2783,0,1,6,0.0,0.0,1.0,0.0,0.0,15,255,1.0,0.0,0.04,0.0,0.0,0.0,0,46846.0
5,5,0,0,0,0,105,1.0,1.0,0.05,0.07,0.0,255,5,0.02,0.07,0.0,1.0,1.0,0.0,1,71796.0
30,4,0,0,0,0,1,0.0,0.0,1.0,0.0,0.0,255,1,0.0,0.35,0.0,0.0,0.0,1.0,1,40129.0
38,5,0,0,0,0,121,1.0,1.0,0.17,0.07,0.0,255,20,0.08,0.06,0.0,1.0,1.0,0.0,1,44914.0
49,9,1631,330,0,1,1,0.0,0.0,1.0,0.0,0.0,18,33,0.78,0.17,0.06,0.0,0.0,0.0,0,66003.0
22,1,0,0,0,0,1,0.0,0.0,1.0,0.0,0.0,12,93,1.0,0.0,0.34,0.0,0.0,1.0,0,71814.0
19,9,175337,0,0,1,3,0.0,0.0,0.67,0.67,0.0,18,102,0.33,0.33,0.02,0.0,0.0,0.0,0,116896.0
22,9,338,649,0,1,5,0.0,0.0,1.0,0.0,0.0,19,255,1.0,0.0,0.03,0.0,0.0,0.0,0,6371.0
11,9,42,42,0,0,1,0.0,0.0,1.0,0.0,0.25,1,237,1.0,0.0,0.01,0.0,0.0,0.0,0,47597.0
31,5,0,0,0,0,128,1.0,1.0,0.13,0.06,0.0,255,5,0.02,0.08,0.0,1.0,1.0,0.0,1,48001.0
22,9,331,7334,0,1,7,0.0,0.0,1.0,0.0,0.0,70,255,1.0,0.0,0.06,0.0,0.0,0.0,0,66601.0
18,9,1197,3380,0,1,1,0.0,0.0,1.0,0.0,0.0,216,22,0.1,0.03,0.0,0.0,0.0,0.0,0,105021.0
14,9,520,0,0,0,486,0.0,0.0,1.0,0.0,0.0,98,98,1.0,0.0,0.0,0.0,0.0,0.0,1,117290.0
19,5,0,0,0,0,137,1.0,1.0,0.01,0.06,0.0,255,1,0.0,0.06,0.0,1.0,1.0,0.0,1,2529.0
11,9,46,149,0,0,64,0.0,0.0,1.0,0.0,0.01,255,234,0.92,0.01,0.0,0.0,0.0,0.0,0,106116.0
57,5,0,0,0,0,187,1.0,1.0,0.03,0.07,0.0,255,6,0.02,0.07,0.0,1.0,1.0,0.0,1,41690.0
18,9,245,773,0,1,1,0.0,0.0,1.0,0.0,0.0,230,66,0.29,0.03,0.0,0.0,0.0,0.0,0,77330.0
45,5,0,0,0,0,119,1.0,1.0,0.05,0.07,0.0,255,14,0.05,0.07,0.0,1.0,1.0,0.0,1,83267.0
22,9,294,256,0,1,3,0.0,0.0,1.0,0.0,0.0,147,255,1.0,0.0,0.03,0.0,0.0,0.0,0,96789.0
11,9,44,127,0,0,138,0.0,0.0,0.99,0.01,0.01,255,223,0.87,0.02,0.0,0.0,0.0,0.0,0,47202.0
13,9,8,0,0,0,1,0.0,0.0,1.0,0.0,1.0,1,31,1.0,0.0,0.52,0.0,0.0,0.0,1,25965.0
22,9,224,1819,0,1,29,0.0,0.0,1.0,0.0,0.0,255,255,1.0,0.0,0.0,0.0,0.0,0.0,0,108829.0
45,9,1,0,0,0,15,0.0,0.0,0.27,0.13,0.0,255,49,0.19,0.38,0.0,0.16,0.0,0.0,1,101419.0
13,9,18,0,0,0,1,0.0,0.0,1.0,0.0,0.0,1,43,1.0,0.0,1.0,0.0,0.0,0.0,1,120642.0
45,5,0,0,0,0,151,1.0,1.0,0.07,0.05,0.0,255,10,0.04,0.05,0.0,1.0,1.0,0.0,1,20707.0
38,5,0,0,0,0,104,1.0,1.0,0.04,0.09,0.0,255,4,0.02,0.06,0.0,1.0,1.0,0.0,1,74428.0
45,5,0,0,0,0,202,1.0,1.0,0.1,0.05,0.0,255,19,0.07,0.07,0.0,1.0,1.0,0.0,1,75308.0
55,5,0,0,0,0,5,1.0,1.0,1.0,0.0,0.0,167,87,0.52,0.01,0.0,0.99,0.98,0.0,1,63514.0
4,1,0,0,0,0,141,0.0,0.0,0.03,0.06,0.0,255,1,0.0,0.08,0.0,0.0,0.0,1.0,1,82552.0
14,9,1032,0,0,0,511,0.0,0.0,1.0,0.0,0.0,255,51,0.2,0.21,0.0,0.0,0.0,0.0,1,68587.0
45,5,0,0,0,0,254,1.0,1.0,0.07,0.06,0.0,255,17,0.07,0.06,0.0,1.0,1.0,0.0,1,15387.0
22,9,306,1380,0,1,4,0.0,0.0,1.0,0.0,0.0,255,249,0.98,0.01,0.0,0.0,0.0,0.01,0,55863.0
22,9,217,475,0,1,14,0.0,0.0,1.0,0.0,0.24,255,255,1.0,0.0,0.0,0.0,0.0,0.0,0,67061.0
49,9,13247,1430,0,1,1,0.0,0.0,1.0,0.0,0.0,126,244,0.96,0.02,0.01,0.0,0.0,0.0,0,98484.0
17,9,6,138,0,0,1,0.0,0.0,1.0,0.0,0.0,83,8,0.04,0.04,0.38,0.0,0.0,0.0,0,50629.0
53,5,0,0,0,0,102,1.0,1.0,0.02,0.1,0.0,255,2,0.01,0.08,0.0,1.0,1.0,0.0,1,96153.0
26,5,0,0,0,0,237,1.0,1.0,0.01,0.06,0.0,255,2,0.01,0.07,0.0,1.0,1.0,0.0,1,65983.0
22,9,269,2232,0,1,16,0.0,0.0,1.0,0.0,0.18,255,255,1.0,0.0,0.0,0.0,0.0,0.0,0,36511.0
41,4,1,0,0,0,2,0.0,0.0,1.0,0.0,0.0,255,2,0.01,0.72,0.0,0.0,0.0,1.0,1,37396.0
49,9,1221,336,0,1,1,0.0,0.0,1.0,0.0,1.0,55,147,0.33,0.09,0.01,0.0,0.0,0.0,0,33606.0
22,9,198,6707,0,1,14,0.0,0.05,1.0,0.0,0.16,162,255,1.0,0.0,0.02,0.0,0.0,0.0,0,64754.0
32,5,0,0,0,0,221,1.0,1.0,0.02,0.06,0.0,255,4,0.02,0.06,0.0,1.0,1.0,0.0,1,96477.0
22,9,294,2199,0,1,12,0.0,0.0,1.0,0.0,0.0,29,255,1.0,0.0,0.05,0.0,0.01,0.0,0,57072.0
15,5,0,0,0,0,148,1.0,1.0,0.01,0.05,0.0,255,2,0.01,0.05,0.0,1.0,1.0,0.0,1,35135.0
38,5,0,0,0,0,134,1.0,1.0,0.04,0.06,0.0,255,2,0.01,0.07,0.0,1.0,1.0,0.0,1,41555.0
22,5,0,0,0,0,15,1.0,1.0,0.13,0.33,0.0,255,2,0.01,0.09,0.0,1.0,1.0,0.0,1,39468.0
55,5,0,0,0,0,60,0.98,1.0,0.23,0.08,0.0,255,34,0.13,0.05,0.0,1.0,1.0,0.0,1,58848.0
45,1,0,0,0,0,1,0.0,0.0,1.0,0.0,0.0,37,1,0.03,1.0,0.0,0.0,0.0,1.0,1,85606.0
45,1,0,0,0,0,1,0.0,0.0,1.0,0.0,0.0,255,1,0.0,0.22,0.0,0.0,0.0,1.0,1,104504.0
22,9,255,407,0,1,7,0.0,0.0,1.0,0.0,0.2,22,255,1.0,0.0,0.05,0.0,0.0,0.0,0,49248.0
26,5,0,0,0,0,273,1.0,1.0,0.09,0.05,0.0,255,24,0.09,0.05,0.0,1.0,1.0,0.0,1,94322.0
11,9,44,137,0,0,77,0.0,0.0,1.0,0.0,0.01,255,243,0.95,0.01,0.0,0.0,0.0,0.0,0,39316.0
22,5,0,0,0,0,147,1.0,1.0,0.12,0.05,0.0,255,18,0.07,0.08,0.0,1.0,1.0,0.0,1,22788.0
22,9,344,795,0,1,2,0.0,0.0,1.0,0.0,0.67,234,255,1.0,0.0,0.01,0.0,0.0,0.0,0,66805.0
22,9,228,294,0,1,21,0.0,0.0,1.0,0.0,0.0,88,255,1.0,0.0,0.05,0.0,0.0,0.02,0,22868.0
49,9,800,331,0,1,1,0.0,0.0,1.0,0.0,1.0,255,155,0.61,0.02,0.0,0.0,0.0,0.0,0,49560.0
22,9,311,248,0,1,7,0.0,0.0,1.0,0.0,0.0,159,195,1.0,0.0,0.02,0.0,0.01,0.0,0,10619.0
45,5,0,0,0,0,107,1.0,1.0,0.11,0.07,0.0,255,15,0.06,0.07,0.0,1.0,1.0,0.0,1,83656.0
53,5,0,0,0,0,186,1.0,1.0,0.08,0.06,0.0,255,15,0.06,0.07,0.0,1.0,1.0,0.0,1,77188.0
22,9,226,1075,0,1,8,0.0,0.0,1.0,0.0,0.0,255,227,0.89,0.01,0.0,0.0,0.0,0.0,0,120969.0
45,5,0,0,0,0,238,1.0,1.0,0.0,0.06,0.0,255,12,0.05,0.07,0.0,1.0,1.0,0.0,1,32507.0
19,5,0,0,0,0,226,1.0,1.0,0.11,0.06,0.0,255,25,0.1,0.06,0.0,1.0,1.0,0.0,1,110338.0
22,9,264,1237,0,1,9,0.0,0.0,1.0,0.0,0.2,255,255,1.0,0.0,0.0,0.0,0.0,0.0,0,108067.0
11,9,45,76,0,0,199,0.0,0.0,1.0,0.0,0.0,255,255,1.0,0.0,0.0,0.0,0.0,0.0,0,12059.0
45,5,0,0,0,0,245,1.0,1.0,0.02,0.06,0.0,255,6,0.02,0.06,0.0,1.0,1.0,0.0,1,20215.0
49,9,1351,329,0,1,1,0.0,0.0,1.0,0.0,0.0,33,180,1.0,0.0,0.02,0.0,0.0,0.0,0,90059.0
45,5,0,0,0,0,211,1.0,1.0,0.09,0.07,0.0,255,20,0.08,0.08,0.0,1.0,1.0,0.0,1,87209.0
22,9,234,14570,0,1,1,0.0,0.0,1.0,0.0,1.0,255,255,1.0,0.0,0.0,0.0,0.0,0.0,0,37772.0
11,9,45,75,0,0,206,0.0,0.0,1.0,0.0,0.0,255,255,1.0,0.0,0.0,0.0,0.0,0.0,0,93580.0
22,9,229,846,0,1,27,0.0,0.0,1.0,0.0,0.0,255,255,1.0,0.0,0.0,0.0,0.0,0.0,0,89641.0
22,9,215,4320,0,1,5,0.0,0.0,1.0,0.0,0.54,14,255,1.0,0.0,0.04,0.0,0.0,0.0,0,51079.0
49,9,2372,408,0,1,1,0.0,0.0,1.0,0.0,1.0,125,224,0.86,0.03,0.01,0.0,0.0,0.0,0,60824.0
22,9,290,6396,0,1,6,0.0,0.0,1.0,0.0,0.0,107,248,1.0,0.0,0.03,0.0,0.0,0.0,0,83670.0
22,9,218,1211,0,1,6,0.0,0.0,1.0,0.0,0.29,6,255,1.0,0.0,0.05,0.0,0.0,0.0,0,35636.0
19,9,5133876,0,0,1,1,0.0,0.0,1.0,0.0,0.0,4,46,1.0,0.0,0.04,0.0,0.02,0.0,0,116033.0
22,9,235,4280,0,1,7,0.0,0.0,1.0,0.0,0.06,14,255,1.0,0.0,0.04,0.0,0.0,0.0,0,36363.0
22,9,316,425,0,1,35,0.0,0.0,1.0,0.0,0.0,36,255,1.0,0.0,0.04,0.0,0.0,0.0,0,44551.0
23,5,0,0,0,0,120,1.0,1.0,0.03,0.07,0.0,255,4,0.02,0.07,0.0,1.0,1.0,0.0,1,115155.0
49,9,1403,440,0,1,1,0.0,0.0,1.0,0.0,1.0,55,238,0.91,0.05,0.01,0.0,0.0,0.0,0,36177.0
22,9,331,304,0,1,4,0.25,0.25,1.0,0.0,0.0,255,255,1.0,0.0,0.0,0.0,0.0,0.0,0,121922.0
15,5,0,0,0,0,128,1.0,1.0,0.17,0.05,0.0,255,22,0.09,0.06,0.0,1.0,1.0,0.0,1,11519.0
45,5,0,0,0,0,245,1.0,1.0,0.02,0.06,0.0,255,13,0.05,0.09,0.0,1.0,1.0,0.0,1,55500.0
12,5,0,0,0,0,148,1.0,1.0,0.16,0.05,0.0,255,11,0.04,0.05,0.0,1.0,1.0,0.0,1,55961.0
17,5,0,0,0,0,213,1.0,1.0,0.07,0.05,0.0,255,15,0.06,0.05,0.0,1.0,1.0,0.0,1,119203.0
22,9,294,1815,0,1,10,0.0,0.0,1.0,0.0,0.0,10,255,1.0,0.0,0.06,0.0,0.0,0.0,0,42439.0
14,9,1032,0,0,0,395,0.0,0.0,1.0,0.0,0.0,255,255,1.0,0.0,0.0,0.0,0.0,0.0,1,89074.0
11,9,45,82,0,0,289,0.0,0.0,1.0,0.01,0.0,255,254,1.0,0.01,0.0,0.0,0.0,0.0,0,30524.0
19,9,5319,0,0,1,9,0.0,0.0,1.0,0.0,0.0,251,63,0.25,0.02,0.0,0.0,0.0,0.0,0,111270.0
49,9,1160,328,0,1,1,0.0,0.0,1.0,0.0,0.0,136,88,0.63,0.04,0.02,0.0,0.0,0.0,0,116284.0
45,9,1,0,0,0,42,0.0,0.0,0.4,0.1,0.0,255,62,0.24,0.28,0.0,0.06,0.0,0.0,1,85348.0
45,5,0,0,0,0,117,1.0,1.0,0.14,0.06,0.0,255,15,0.06,0.07,0.0,1.0,1.0,0.0,1,7.0
19,9,15722,0,0,1,3,0.0,0.0,1.0,0.0,0.5,147,72,0.33,0.02,0.03,0.0,0.0,0.0,0,52451.0
16,5,0,0,0,0,63,1.0,1.0,0.3,0.06,0.0,255,19,0.07,0.05,0.0,1.0,1.0,0.0,1,27052.0
30,5,0,0,0,0,223,1.0,1.0,0.02,0.07,0.0,255,4,0.02,0.08,0.0,1.0,1.0,0.0,1,108149.0
22,9,295,5072,0,1,2,0.0,0.0,1.0,0.0,0.19,2,255,1.0,0.0,0.04,0.0,0.0,0.0,0,122901.0
22,9,213,605,0,1,30,0.0,0.0,1.0,0.0,0.06,167,215,1.0,0.0,0.02,0.0,0.0,0.0,0,66932.0
19,9,276,0,0,0,4,0.0,0.0,1.0,0.0,0.0,255,106,0.42,0.02,0.0,0.0,0.0,0.0,0,102166.0
11,9,44,44,0,0,126,0.0,0.0,1.0,0.0,0.01,255,255,1.0,0.0,0.0,0.0,0.0,0.0,0,97409.0
22,9,227,1724,0,1,18,0.0,0.0,1.0,0.0,0.0,134,255,1.0,0.0,0.01,0.0,0.0,0.0,0,107505.0
45,1,0,0,0,0,132,0.0,0.0,0.02,0.06,0.0,255,3,0.01,0.07,0.0,0.0,0.0,1.0,1,36084.0
22,9,220,3749,0,1,10,0.0,0.0,1.0,0.0,0.09,255,255,1.0,0.0,0.0,0.0,0.0,0.0,0,105113.0
41,9,147,105,0,0,1,0.0,0.0,1.0,0.0,0.0,255,2,0.01,0.74,0.0,0.0,0.0,0.0,0,14078.0
45,9,1,0,0,0,140,0.0,0.0,0.93,0.01,0.0,255,198,0.78,0.03,0.0,0.0,0.0,0.0,1,44885.0
13,9,8,0,0,0,1,0.0,0.0,1.0,0.0,1.0,1,237,1.0,0.0,0.5,0.0,0.0,0.0,1,23520.0
49,9,1236,393,0,1,1,0.0,0.0,1.0,0.0,1.0,40,186,0.82,0.12,0.01,0.03,0.0,0.05,0,60579.0
45,5,0,0,0,0,251,1.0,1.0,0.05,0.06,0.0,255,18,0.07,0.07,0.0,1.0,1.0,0.0,1,122813.0
45,9,28,0,3,0,69,0.0,0.0,1.0,0.0,0.0,255,69,0.27,0.01,0.0,0.0,0.0,0.0,1,67298.0
20,5,0,0,0,0,213,1.0,1.0,0.07,0.06,0.0,255,14,0.05,0.08,0.0,1.0,1.0,0.0,1,83874.0
17,5,0,0,0,0,20,1.0,1.0,0.4,0.15,0.0,255,68,0.27,0.02,0.0,1.0,1.0,0.0,1,45687.0
11,9,44,139,0,0,77,0.0,0.0,1.0,0.0,0.01,255,242,0.95,0.01,0.0,0.0,0.0,0.0,0,403.0
45,5,0,0,0,0,137,1.0,1.0,0.14,0.05,0.0,255,35,0.14,0.06,0.0,1.0,1.0,0.0,1,62681.0
45,5,0,0,0,0,254,1.0,1.0,0.07,0.05,0.0,255,19,0.07,0.07,0.0,1.0,1.0,0.0,1,41216.0
60,5,0,0,0,0,148,1.0,1.0,0.03,0.06,0.0,255,4,0.02,0.06,0.0,1.0,1.0,0.0,1,53051.0
19,9,7279,0,0,0,1,0.0,0.0,1.0,0.0,0.0,144,25,0.15,0.03,0.08,0.0,0.0,0.0,0,53731.0
22,9,248,9986,0,1,10,0.0,0.0,1.0,0.0,0.0,255,255,1.0,0.0,0.0,0.0,0.0,0.0,0,38147.0
22,9,216,16129,0,1,3,0.0,0.0,1.0,0.0,0.2,255,255,1.0,0.0,0.0,0.0,0.0,0.0,0,38580.0
22,9,54540,8314,0,1,3,0.0,0.0,1.0,0.0,0.0,7,7,1.0,0.0,0.0,0.0,0.0,0.0,1,107186.0
19,9,194,0,0,1,2,0.0,0.0,1.0,0.0,0.0,4,47,1.0,0.0,0.04,0.0,0.02,0.0,0,35962.0
22,9,234,10012,0,1,3,0.0,0.0,1.0,0.0,0.06,40,255,1.0,0.0,0.07,0.0,0.0,0.0,0,13350.0
22,9,352,1010,0,1,33,0.0,0.0,1.0,0.0,0.0,255,255,1.0,0.0,0.0,0.0,0.0,0.0,0,5732.0
19,9,245,0,0,1,2,0.0,0.0,1.0,0.0,0.0,198,16,0.04,0.08,0.12,0.02,0.06,0.0,0,46486.0
32,5,0,0,0,0,103,1.0,1.0,0.02,0.06,0.0,255,2,0.01,0.05,0.0,1.0,1.0,0.0,1,6232.0
14,9,20,0,0,0,1,0.0,0.0,1.0,0.0,0.0,255,1,0.0,0.02,0.0,0.0,0.0,0.0,1,16789.0
60,5,0,0,0,0,116,1.0,1.0,0.01,0.07,0.0,255,17,0.07,0.07,0.0,1.0,1.0,0.0,1,58019.0
29,5,0,0,0,0,143,1.0,1.0,0.14,0.06,0.0,255,20,0.08,0.06,0.0,1.0,1.0,0.0,1,44951.0
22,9,293,1701,0,1,10,0.0,0.0,1.0,0.0,0.17,90,255,1.0,0.0,0.02,0.0,0.0,0.0,0,26141.0
17,5,0,0,0,0,2,0.5,0.5,1.0,0.0,0.0,124,17,0.06,0.04,0.12,0.01,0.06,0.0,0,9704.0
22,9,207,652,0,1,3,0.0,0.0,1.0,0.0,0.0,255,255,1.0,0.0,0.0,0.0,0.0,0.0,0,111915.0
45,9,28,0,3,0,32,0.0,0.0,1.0,0.0,0.0,104,32,0.31,0.04,0.0,0.0,0.0,0.0,1,17054.0
22,9,302,2365,0,1,2,0.0,0.0,1.0,0.0,0.0,255,255,1.0,0.0,0.0,0.0,0.0,0.0,0,114584.0
19,9,740,0,0,1,2,0.0,0.0,1.0,0.0,0.0,174,45,0.09,0.02,0.04,0.0,0.0,0.0,0,51151.0
45,5,0,0,0,0,170,1.0,1.0,0.01,0.06,0.0,255,1,0.0,0.07,0.0,1.0,1.0,0.0,1,25054.0
45,5,0,0,0,0,268,1.0,1.0,0.03,0.06,0.0,255,11,0.04,0.07,0.0,1.0,1.0,0.0,1,20413.0
19,9,18,0,0,1,1,0.0,0.0,1.0,0.0,0.0,5,58,0.8,0.4,0.03,0.0,0.0,0.0,0,113613.0
45,5,0,0,0,0,216,1.0,1.0,0.07,0.06,0.0,255,16,0.06,0.08,0.0,1.0,1.0,0.0,1,85697.0
45,5,0,0,0,0,247,1.0,1.0,0.08,0.04,0.0,255,20,0.08,0.05,0.0,1.0,1.0,0.0,1,37099.0
11,9,42,42,0,0,7,0.0,0.0,1.0,0.0,0.18,255,248,0.97,0.01,0.0,0.0,0.0,0.0,0,29102.0
49,9,1085,338,0,1,1,0.0,0.0,1.0,0.0,0.0,87,177,0.61,0.06,0.02,0.01,0.01,0.0,0,51016.0
49,9,2231,483,0,1,1,0.0,0.0,1.0,0.0,0.0,167,128,0.39,0.02,0.02,0.01,0.0,0.0,0,57175.0
22,9,308,632,0,1,5,0.0,0.0,1.0,0.0,0.0,5,255,1.0,0.0,0.05,0.0,0.0,0.0,0,64609.0
55,5,0,0,0,0,99,1.0,1.0,0.25,0.05,0.0,255,1,0.0,0.05,0.0,1.0,1.0,0.0,1,22840.0
11,9,44,44,0,0,90,0.0,0.0,1.0,0.0,0.03,255,255,1.0,0.0,0.0,0.0,0.0,0.0,0,86048.0
45,1,0,0,0,0,104,0.0,0.0,0.17,0.08,0.0,255,18,0.07,0.06,0.0,0.0,0.0,1.0,1,8576.0
22,9,225,17,0,1,39,0.0,0.0,1.0,0.0,0.0,255,255,1.0,0.0,0.0,0.0,0.0,0.0,0,16639.0
45,5,0,0,0,0,282,1.0,1.0,0.02,0.06,0.0,255,13,0.05,0.07,0.0,1.0,1.0,0.0,1,83434.0
51,5,0,0,0,0,272,1.0,1.0,0.08,0.04,0.0,255,22,0.09,0.05,0.0,1.0,1.0,0.0,1,32816.0
19,9,59,0,0,1,13,0.0,0.0,1.0,0.0,0.14,126,129,0.42,0.05,0.02,0.0,0.01,0.0,0,99060.0
22,9,207,50694,0,1,10,0.0,0.0,1.0,0.0,0.0,255,255,1.0,0.0,0.0,0.0,0.0,0.0,0,79647.0
60,5,0,0,0,0,122,1.0,1.0,0.09,0.06,0.0,255,11,0.04,0.06,0.0,1.0,1.0,0.0,1,738.0
22,1,0,0,0,0,1,0.0,0.0,1.0,0.0,0.0,20,238,1.0,0.0,0.21,0.0,0.0,1.0,0,88324.0
22,9,229,18676,0,1,6,0.0,0.0,1.0,0.0,0.0,34,255,1.0,0.0,0.04,0.0,0.0,0.0,0,123399.0
14,9,1032,0,0,0,511,0.0,0.0,1.0,0.0,0.0,255,236,0.93,0.04,0.0,0.0,0.0,0.0,1,2124.0
11,9,46,126,0,0,77,0.0,0.0,1.0,0.0,0.01,255,218,0.85,0.01,0.0,0.0,0.0,0.0,0,17630.0
49,5,0,0,0,0,19,1.0,0.9,1.0,0.0,0.14,41,153,0.46,0.05,0.01,0.95,0.12,0.0,1,19108.0
22,9,278,5651,0,1,8,0.0,0.0,1.0,0.0,0.0,8,255,1.0,0.0,0.02,0.0,0.0,0.0,0,16641.0
13,9,8,0,0,0,1,0.0,0.0,1.0,0.0,1.0,4,184,1.0,0.0,0.25,0.0,0.0,0.0,1,96598.0
13,9,8,0,0,0,1,0.0,0.0,1.0,0.0,1.0,2,126,1.0,0.0,0.5,0.0,0.0,0.0,1,36953.0
11,9,43,43,0,0,52,0.0,0.0,1.0,0.0,0.02,255,229,0.9,0.01,0.0,0.0,0.0,0.0,0,56268.0
22,9,294,2144,0,1,18,0.0,0.0,1.0,0.0,0.0,30,255,1.0,0.0,0.05,0.0,0.0,0.0,0,32165.0
45,4,1,0,0,0,2,0.0,0.0,1.0,0.0,0.0,152,2,0.01,0.12,0.0,0.0,0.0,1.0,1,109341.0
22,9,291,1098,0,1,3,0.0,0.0,1.0,0.0,0.0,112,255,1.0,0.0,0.03,0.0,0.0,0.0,0,22167.0
19,9,1214,0,0,0,13,0.0,0.0,1.0,0.0,0.0,120,105,0.32,0.03,0.03,0.0,0.0,0.0,0,36009.0
45,5,0,0,0,0,224,1.0,1.0,0.08,0.06,0.0,255,19,0.07,0.07,0.0,1.0,1.0,0.0,1,66244.0
22,9,233,9678,0,1,1,0.0,0.0,1.0,0.0,0.0,1,255,1.0,0.0,0.04,0.0,0.0,0.0,0,54619.0
36,5,0,0,0,0,291,1.0,1.0,0.05,0.06,0.0,255,16,0.06,0.07,0.0,1.0,1.0,0.0,1,84570.0
45,5,0,0,0,0,113,1.0,1.0,0.12,0.07,0.0,255,13,0.05,0.07,0.0,1.0,1.0,0.0,1,100101.0
6,5,0,0,0,0,220,1.0,1.0,0.08,0.06,0.0,255,18,0.07,0.08,0.0,1.0,1.0,0.0,1,92852.0
22,5,0,0,0,0,235,1.0,1.0,0.05,0.06,0.0,255,11,0.04,0.06,0.0,1.0,1.0,0.0,1,69916.0
22,1,0,0,0,0,1,0.0,0.0,1.0,0.0,0.0,2,190,1.0,0.0,0.04,0.0,0.01,0.74,0,62348.0
25,5,0,0,0,0,260,1.0,1.0,0.02,0.06,0.0,255,5,0.02,0.08,0.0,1.0,1.0,0.0,1,25341.0
45,9,105,146,0,0,7,0.0,0.0,0.14,0.29,0.0,255,244,0.96,0.01,0.0,0.0,0.0,0.0,0,95559.0
22,9,299,8186,0,1,4,0.0,0.0,1.0,0.0,0.18,4,255,1.0,0.0,0.03,0.0,0.0,0.0,0,83359.0
62,5,0,0,0,0,290,1.0,1.0,0.09,0.05,0.0,255,25,0.1,0.05,0.0,1.0,1.0,0.0,1,35160.0
22,5,0,0,0,0,192,1.0,1.0,0.09,0.05,0.0,255,17,0.07,0.05,0.0,1.0,1.0,0.0,1,21660.0
22,9,324,1668,0,1,1,0.0,0.0,1.0,0.0,0.0,10,13,1.0,0.0,0.15,0.0,0.15,0.08,0,5555.0
49,9,1975,326,0,1,1,0.0,0.0,1.0,0.0,0.0,57,241,0.98,0.04,0.02,0.0,0.0,0.0,0,29282.0
22,9,216,4896,0,1,5,0.0,0.0,1.0,0.0,0.0,255,255,1.0,0.0,0.0,0.0,0.0,0.0,0,61067.0
36,1,0,0,0,0,102,0.01,0.0,0.01,1.0,0.0,227,1,0.0,0.48,0.0,0.0,0.0,1.0,1,50923.0
45,4,0,0,0,0,1,0.0,0.0,1.0,0.0,0.0,255,1,0.0,0.87,0.0,0.0,0.0,1.0,1,100036.0
19,9,12,0,0,1,1,0.0,0.0,1.0,0.0,0.0,163,46,0.1,0.04,0.04,0.0,0.0,0.0,0,82641.0
11,9,32,0,0,0,1,0.0,0.0,1.0,0.0,1.0,32,82,0.28,0.09,0.04,0.0,0.0,0.0,0,89957.0
22,9,275,3310,0,1,4,0.0,0.0,1.0,0.0,0.0,25,255,1.0,0.0,0.05,0.0,0.0,0.0,0,114208.0
45,1,0,0,0,0,1,0.0,0.0,1.0,0.0,0.0,31,2,0.03,1.0,1.0,0.0,0.0,1.0,1,99167.0
19,9,2056,0,0,1,12,0.0,0.0,1.0,0.0,0.0,255,102,0.4,0.01,0.0,0.0,0.0,0.0,0,108167.0
45,5,0,0,0,0,98,1.0,1.0,0.08,0.06,0.0,255,25,0.1,0.07,0.0,1.0,1.0,0.0,1,45239.0
22,9,202,1761,0,1,12,0.0,0.0,1.0,0.0,0.15,255,255,1.0,0.0,0.0,0.0,0.0,0.0,0,3092.0
22,9,176,2309,0,1,17,0.0,0.0,1.0,0.0,0.06,105,255,1.0,0.0,0.03,0.0,0.0,0.0,0,28392.0
22,9,204,394,0,1,4,0.0,0.0,1.0,0.0,0.0,28,255,1.0,0.0,0.04,0.0,0.0,0.0,0,20088.0
45,1,0,0,0,0,1,0.0,0.0,1.0,0.0,0.0,255,1,0.0,0.06,0.0,0.0,0.0,1.0,1,48678.0
22,9,346,349,0,1,17,0.0,0.0,1.0,0.0,0.0,74,255,1.0,0.0,0.03,0.0,0.0,0.0,0,10168.0
22,9,235,5129,0,1,25,0.0,0.0,1.0,0.0,0.0,255,255,1.0,0.0,0.0,0.0,0.0,0.0,0,105074.0
25,5,0,0,0,0,259,1.0,1.0,0.02,0.07,0.0,255,4,0.02,0.09,0.0,1.0,1.0,0.0,1,15734.0
11,9,45,131,0,0,3,0.0,0.0,1.0,0.0,0.01,61,200,0.75,0.03,0.01,0.0,0.0,0.0,0,102333.0
19,9,192,0,0,1,2,0.0,0.0,1.0,0.0,0.67,143,15,0.03,0.03,0.13,0.0,0.0,0.0,0,75204.0
41,9,516,4,0,0,356,0.0,0.0,1.0,0.0,0.0,255,255,1.0,0.0,0.0,0.0,0.0,0.0,0,98668.0
45,1,0,0,0,0,195,0.07,0.0,0.01,0.99,0.0,255,1,0.0,0.77,0.0,0.05,0.0,1.0,1,117908.0
57,5,0,0,0,0,264,1.0,1.0,0.05,0.06,0.0,255,13,0.05,0.07,0.0,1.0,1.0,0.0,1,47477.0
22,9,319,978,0,1,13,0.0,0.0,1.0,0.0,0.0,141,255,1.0,0.0,0.02,0.0,0.0,0.0,0,63298.0
22,9,164,4367,0,1,12,0.0,0.0,1.0,0.0,0.0,91,255,1.0,0.0,0.04,0.0,0.01,0.01,0,81422.0
49,9,1403,360,0,1,1,0.0,0.0,1.0,0.0,0.0,94,50,0.53,0.05,0.0,0.02,0.02,0.0,0,57968.0
45,1,0,0,0,0,127,0.0,0.0,0.1,0.06,0.0,102,13,0.13,0.08,0.0,0.0,0.0,1.0,1,40757.0
22,9,217,1800,0,1,21,0.0,0.0,1.0,0.0,0.0,255,255,1.0,0.0,0.0,0.0,0.0,0.0,0,25039.0
35,5,0,0,0,0,100,1.0,1.0,0.09,0.06,0.0,255,9,0.04,0.05,0.0,1.0,1.0,0.0,1,14352.0
15,5,0,0,0,0,107,1.0,1.0,0.02,0.07,0.0,255,2,0.01,0.06,0.0,1.0,1.0,0.0,1,15590.0
13,9,18,0,0,0,1,0.0,0.0,1.0,0.0,0.0,1,48,1.0,0.0,1.0,0.0,0.0,0.0,1,106723.0
38,1,0,0,0,0,105,0.0,0.0,0.04,0.07,0.0,255,4,0.02,0.06,0.0,0.0,0.0,1.0,1,74209.0
22,9,142,43464,0,1,1,0.0,0.0,1.0,0.0,1.0,98,255,1.0,0.0,0.02,0.0,0.0,0.0,0,123017.0
45,5,0,0,0,0,28,1.0,1.0,0.11,0.11,0.0,255,15,0.06,0.07,0.0,1.0,1.0,0.0,1,27310.0
23,5,0,0,0,0,19,1.0,1.0,0.47,0.16,0.0,255,9,0.04,0.08,0.0,1.0,1.0,0.0,1,41778.0
49,9,1386,328,0,1,1,0.0,0.0,1.0,0.0,1.0,183,99,0.54,0.02,0.0,0.0,0.0,0.0,0,2395.0
16,5,0,0,0,0,145,1.0,1.0,0.07,0.06,0.0,255,13,0.05,0.06,0.0,1.0,1.0,0.0,1,97594.0
23,5,0,0,0,0,245,1.0,1.0,0.1,0.05,0.0,255,25,0.1,0.05,0.0,1.0,1.0,0.0,1,11667.0
31,5,0,0,0,0,141,1.0,1.0,0.09,0.06,0.0,255,11,0.04,0.06,0.0,1.0,1.0,0.0,1,45890.0
11,9,44,115,0,0,1,0.0,0.0,1.0,0.0,1.0,35,33,0.94,0.06,0.0,0.0,0.0,0.0,0,83721.0
49,9,250760,364,0,1,1,0.0,0.0,1.0,0.0,0.0,34,105,0.68,0.15,0.03,0.0,0.0,0.0,0,99634.0
5,5,0,0,0,0,106,1.0,1.0,0.11,0.06,0.0,255,16,0.06,0.07,0.0,1.0,1.0,0.0,1,15559.0
22,9,289,1080,0,1,3,0.0,0.0,1.0,0.0,0.0,255,255,1.0,0.0,0.0,0.0,0.0,0.0,0,14563.0
41,1,0,0,0,0,509,0.21,0.0,0.0,1.0,0.0,255,1,0.0,1.0,0.0,0.21,0.0,1.0,1,120499.0
13,9,30,0,0,0,2,0.0,0.0,0.5,1.0,0.0,255,13,0.05,0.01,0.0,0.0,0.0,0.0,0,45076.0
45,5,0,0,0,0,111,1.0,1.0,0.16,0.05,0.0,255,11,0.04,0.06,0.0,1.0,1.0,0.0,1,19774.0
49,9,759,335,0,1,1,0.0,0.0,1.0,0.0,1.0,34,199,1.0,0.0,0.02,0.0,0.0,0.0,0,55930.0
22,9,266,6229,0,1,1,0.0,0.0,1.0,0.0,0.33,1,5,1.0,0.0,0.8,0.0,0.0,0.0,0,30679.0
11,9,68,24,0,0,2,0.0,0.0,1.0,0.0,0.67,255,255,1.0,0.0,0.0,0.0,0.0,0.0,0,122470.0
11,9,43,75,0,0,243,0.0,0.0,1.0,0.0,0.0,255,230,0.9,0.01,0.0,0.0,0.0,0.0,0,56655.0
22,9,224,413,0,1,8,0.0,0.0,1.0,0.0,0.0,255,255,1.0,0.0,0.0,0.0,0.0,0.0,0,93473.0
22,9,211,14568,0,1,4,0.0,0.0,1.0,0.0,0.0,49,255,1.0,0.0,0.02,0.0,0.0,0.0,0,16796.0
22,9,332,334,0,1,5,0.0,0.0,1.0,0.0,0.12,255,255,1.0,0.0,0.0,0.0,0.0,0.0,0,50812.0
11,9,45,73,0,0,313,0.0,0.0,1.0,0.01,0.0,255,254,1.0,0.01,0.0,0.0,0.0,0.0,0,96605.0
14,9,1032,0,0,0,65,0.0,0.0,1.0,0.0,0.0,255,65,0.25,0.02,0.0,0.0,0.0,0.0,1,20544.0
21,5,0,0,0,0,295,1.0,1.0,0.06,0.06,0.0,255,6,0.02,0.08,0.0,1.0,1.0,0.0,1,77856.0
49,9,1887,332,0,1,1,0.0,0.0,1.0,0.0,1.0,162,177,0.78,0.03,0.02,0.01,0.01,0.0,0,54955.0
22,9,191,5322,0,1,5,0.0,0.0,1.0,0.0,0.0,6,255,1.0,0.0,0.02,0.0,0.0,0.0,0,71412.0
11,9,97,37,0,0,2,0.0,0.0,1.0,0.0,0.0,38,15,0.39,0.05,0.0,0.0,0.0,0.0,0,102713.0
22,9,211,74546,0,1,8,0.0,0.0,1.0,0.0,0.0,19,255,1.0,0.0,0.04,0.0,0.0,0.0,0,89975.0
22,9,229,309,0,1,1,0.0,0.0,1.0,0.0,0.0,255,255,1.0,0.0,0.0,0.0,0.0,0.02,0,63105.0
22,9,200,626,0,1,18,0.0,0.0,1.0,0.0,0.0,255,255,1.0,0.0,0.0,0.0,0.0,0.0,0,94889.0
26,5,0,0,0,0,137,1.0,1.0,0.05,0.06,0.0,255,10,0.04,0.06,0.0,1.0,1.0,0.0,1,45937.0
13,9,30,0,0,0,2,0.0,0.0,0.5,1.0,0.0,255,2,0.01,0.01,0.0,0.0,0.0,0.0,0,116598.0
22,9,200,15698,0,1,11,0.0,0.0,1.0,0.0,0.0,119,255,1.0,0.0,0.04,0.0,0.0,0.0,0,18534.0
49,9,675,331,0,1,1,0.0,0.0,1.0,0.0,0.0,86,177,0.67,0.05,0.01,0.0,0.0,0.0,0,120405.0
18,9,1143,2445,0,1,1,0.0,0.0,1.0,0.0,0.0,255,128,0.5,0.02,0.0,0.0,0.0,0.0,1,89422.0
22,9,320,279,0,1,3,0.0,0.0,1.0,0.0,0.0,102,255,1.0,0.0,0.03,0.0,0.0,0.0,0,78599.0
49,9,990,334,0,1,1,0.0,0.0,1.0,0.0,1.0,150,154,0.74,0.05,0.01,0.01,0.01,0.0,0,106124.0
13,9,8,0,0,0,1,0.0,0.0,1.0,0.0,1.0,2,28,1.0,0.0,0.54,0.0,0.0,0.0,1,8552.0
19,9,74,0,0,0,2,0.0,0.0,1.0,0.0,0.0,6,101,0.83,0.33,0.02,0.0,0.0,0.0,0,84231.0
22,9,230,9534,0,1,1,0.0,0.0,1.0,0.0,1.0,120,255,1.0,0.0,0.01,0.0,0.0,0.0,0,114869.0
22,9,323,12722,0,1,4,0.0,0.0,1.0,0.0,0.0,64,255,1.0,0.0,0.02,0.0,0.0,0.0,0,50719.0
22,5,0,0,0,0,53,1.0,1.0,0.26,0.08,0.0,133,34,0.26,0.03,0.0,1.0,1.0,0.0,1,16071.0
22,9,243,863,0,1,2,0.0,0.0,1.0,0.0,0.0,2,2,1.0,0.0,0.0,0.0,0.0,0.0,0,40964.0
22,9,300,11379,0,1,5,0.0,0.0,1.0,0.0,0.0,13,255,1.0,0.0,0.04,0.0,0.0,0.0,0,53267.0
45,5,0,0,0,0,106,1.0,1.0,0.08,0.07,0.0,255,21,0.08,0.06,0.0,1.0,1.0,0.0,1,15691.0
22,9,189,1613,0,1,10,0.0,0.0,1.0,0.0,0.12,27,255,1.0,0.0,0.01,0.0,0.0,0.0,0,83192.0
22,9,219,1479,0,1,4,0.0,0.0,1.0,0.0,0.0,4,255,1.0,0.0,0.04,0.0,0.0,0.0,0,42193.0
45,5,0,0,0,0,207,1.0,1.0,0.04,0.06,0.0,255,19,0.07,0.07,0.0,1.0,1.0,0.0,1,44057.0
22,9,299,667,0,1,12,0.0,0.0,1.0,0.0,0.15,255,255,1.0,0.0,0.0,0.0,0.0,0.0,0,44850.0
45,1,0,0,0,0,1,0.0,0.0,1.0,0.0,0.0,11,2,0.09,1.0,1.0,0.0,0.0,1.0,1,76791.0
45,9,105,147,0,0,1,0.0,0.0,1.0,0.0,0.0,170,168,0.99,0.01,0.0,0.0,0.0,0.0,0,123647.0
55,5,0,0,0,0,6,0.83,1.0,0.83,0.33,0.0,5,6,1.0,0.0,0.33,1.0,0.83,0.0,1,49885.0
13,9,8,0,0,0,1,0.0,0.0,1.0,0.0,1.0,1,81,1.0,0.0,0.51,0.0,0.0,0.0,1,104369.0
30,1,0,0,0,0,263,0.0,0.0,0.07,0.06,0.0,255,18,0.07,0.07,0.0,0.0,0.0,1.0,1,91411.0
22,9,296,589,0,1,6,0.0,0.0,1.0,0.0,0.0,255,255,1.0,0.0,0.0,0.0,0.0,0.0,0,96291.0
22,5,0,0,0,0,1,1.0,1.0,1.0,0.0,0.0,2,255,1.0,0.0,0.07,1.0,0.01,0.0,0,60851.0
19,9,854,0,0,0,2,0.0,0.0,1.0,0.0,0.0,90,32,0.36,0.07,0.0,0.0,0.0,0.0,0,43870.0
22,9,295,2727,0,1,21,0.0,0.0,1.0,0.0,0.11,255,255,1.0,0.0,0.0,0.0,0.0,0.0,0,34115.0
22,9,286,363,0,1,4,0.0,0.0,1.0,0.0,0.2,4,255,1.0,0.0,0.05,0.0,0.0,0.0,0,110703.0
22,9,294,1043,0,1,6,0.0,0.0,1.0,0.0,0.14,39,255,1.0,0.0,0.07,0.0,0.0,0.0,0,46727.0
22,9,255,531,0,1,11,0.0,0.0,1.0,0.0,0.0,255,255,1.0,0.0,0.0,0.0,0.0,0.0,0,106234.0
49,9,805,339,0,1,1,0.0,0.0,1.0,0.0,1.0,29,159,0.52,0.07,0.01,0.0,0.0,0.06,0,46678.0
45,5,0,0,0,0,286,1.0,1.0,0.07,0.06,0.0,255,12,0.05,0.07,0.0,1.0,1.0,0.0,1,120164.0
62,1,0,0,0,0,172,0.0,0.0,0.05,0.07,0.0,255,9,0.04,0.09,0.0,0.0,0.0,1.0,1,104060.0
14,9,1032,0,0,0,189,0.0,0.0,1.0,0.0,0.0,255,189,0.74,0.01,0.0,0.0,0.0,0.0,1,16039.0
7,1,0,0,0,0,262,0.0,0.0,0.05,0.06,0.0,255,12,0.05,0.07,0.0,0.0,0.0,1.0,1,67850.0
22,9,313,1000,0,1,9,0.0,0.0,1.0,0.0,0.17,21,231,1.0,0.0,0.01,0.0,0.0,0.0,0,123373.0
45,5,0,0,0,0,131,1.0,1.0,0.06,0.06,0.0,255,1,0.0,0.06,0.0,1.0,1.0,0.0,1,125411.0
12,2,0,0,0,0,125,0.0,0.0,0.04,0.08,0.0,255,5,0.02,0.07,0.0,0.0,0.0,1.0,1,65849.0
22,9,54540,8314,0,1,3,0.0,0.0,1.0,0.0,0.0,11,11,1.0,0.0,0.0,0.0,0.0,0.0,1,17718.0
22,9,54540,8314,0,1,4,0.0,0.0,1.0,0.0,0.4,56,56,1.0,0.0,0.0,0.0,0.0,0.04,1,112540.0
22,9,244,4498,0,1,1,0.0,0.0,1.0,0.0,1.0,31,31,1.0,0.0,0.0,0.0,0.0,0.0,0,59831.0
22,9,252,1800,0,1,1,0.0,0.0,1.0,0.0,0.14,255,248,0.97,0.01,0.0,0.0,0.0,0.0,0,28027.0
31,2,0,0,0,0,99,0.0,0.0,0.04,0.06,0.0,255,4,0.02,0.07,0.0,0.0,0.0,1.0,1,49423.0
11,9,44,71,0,0,168,0.0,0.0,1.0,0.0,0.0,255,234,0.92,0.01,0.0,0.0,0.0,0.0,0,48549.0
15,1,0,0,0,0,120,0.0,0.0,0.09,0.06,0.0,255,11,0.04,0.07,0.0,0.0,0.0,1.0,1,35319.0
11,9,44,138,0,0,12,0.0,0.0,0.92,0.17,0.03,255,254,1.0,0.01,0.0,0.0,0.0,0.0,0,79236.0
45,1,0,0,0,0,23,0.0,0.0,0.04,1.0,0.0,255,1,0.0,0.42,0.0,0.0,0.0,1.0,1,88038.0
45,5,0,0,0,0,73,1.0,1.0,0.18,0.05,0.0,255,7,0.03,0.06,0.0,1.0,1.0,0.0,1,59216.0
49,9,2097,333,0,1,1,0.0,0.0,1.0,0.0,0.0,61,209,0.84,0.07,0.01,0.0,0.0,0.0,0,9186.0
45,5,0,0,0,0,206,1.0,1.0,0.08,0.06,0.0,255,17,0.07,0.09,0.0,1.0,1.0,0.0,1,66439.0
45,4,1,0,0,0,2,0.0,0.0,1.0,0.0,0.0,255,2,0.01,0.5,0.0,0.0,0.0,1.0,1,32887.0
11,9,46,134,0,0,31,0.0,0.0,1.0,0.0,0.0,152,98,0.64,0.02,0.0,0.0,0.0,0.0,0,102026.0
19,9,172,0,0,1,5,0.0,0.0,1.0,0.0,0.33,181,43,0.24,0.06,0.0,0.01,0.02,0.0,0,71111.0
45,5,0,0,0,0,110,1.0,1.0,0.11,0.06,0.0,255,32,0.13,0.05,0.0,1.0,1.0,0.0,1,106874.0
14,9,520,0,0,0,335,0.0,0.0,1.0,0.0,0.0,255,255,1.0,0.0,0.0,0.0,0.0,0.0,1,93938.0
60,5,0,0,0,0,141,1.0,1.0,0.08,0.06,0.0,255,6,0.02,0.06,0.0,1.0,1.0,0.0,1,42790.0
47,5,0,0,0,0,129,1.0,1.0,0.01,0.07,0.0,255,1,0.0,0.06,0.0,1.0,1.0,0.0,1,77247.0
45,9,1,0,0,0,15,0.0,0.0,0.2,0.13,0.0,255,42,0.16,0.28,0.0,0.0,0.0,0.0,1,34371.0
22,9,201,1660,0,1,23,0.0,0.0,1.0,0.0,0.0,255,255,1.0,0.0,0.0,0.0,0.0,0.0,0,110787.0
22,9,315,788,0,1,34,0.0,0.0,1.0,0.0,0.06,255,255,1.0,0.0,0.0,0.0,0.0,0.0,0,54063.0
25,5,0,0,0,0,206,1.0,1.0,0.03,0.06,0.0,255,18,0.07,0.07,0.0,1.0,1.0,0.0,1,125452.0
55,5,0,0,0,0,18,1.0,1.0,0.28,0.22,0.0,255,64,0.25,0.02,0.0,1.0,1.0,0.0,1,40939.0
14,9,520,0,0,0,455,0.0,0.0,1.0,0.0,0.0,39,39,1.0,0.0,0.0,0.0,0.0,0.0,1,91222.0
59,9,182,0,0,0,2,0.0,0.0,0.5,1.0,0.0,255,13,0.05,0.01,0.0,0.0,0.0,0.0,0,92826.0
11,9,35,0,0,0,1,0.0,0.0,1.0,0.0,1.0,246,31,0.13,0.02,0.0,0.0,0.0,0.0,0,38367.0
41,9,516,4,0,0,279,0.0,0.0,1.0,0.0,0.0,255,255,1.0,0.0,0.0,0.0,0.0,0.0,0,66802.0
49,9,667,327,0,1,1,0.0,0.0,1.0,0.0,0.0,255,164,0.64,0.02,0.0,0.0,0.0,0.0,0,27196.0
18,5,0,0,0,0,250,1.0,1.0,0.04,0.07,0.0,255,19,0.07,0.06,0.0,1.0,1.0,0.0,1,40017.0
11,9,138,44,0,0,275,0.0,0.0,1.0,0.01,0.0,164,131,0.8,0.01,0.0,0.0,0.0,0.0,0,18963.0
22,9,218,2474,0,1,7,0.0,0.0,1.0,0.0,0.22,41,255,1.0,0.0,0.15,0.0,0.0,0.92,0,112848.0
49,9,772,333,0,1,1,0.0,0.0,1.0,0.0,0.0,66,129,0.55,0.06,0.02,0.0,0.13,0.0,0,37913.0
41,9,146,105,0,0,4,0.0,0.0,0.5,0.5,0.0,255,2,0.01,0.52,0.0,0.0,0.0,0.0,0,52460.0
49,9,11732,1435,0,1,1,0.0,0.0,1.0,0.0,1.0,2,125,1.0,0.0,0.02,0.0,0.0,0.0,0,71695.0
11,9,45,128,0,0,49,0.0,0.0,1.0,0.0,0.02,124,74,0.6,0.02,0.0,0.0,0.0,0.0,0,47377.0
45,9,1,0,0,0,117,0.0,0.0,0.91,0.02,0.0,255,180,0.71,0.04,0.0,0.0,0.0,0.0,1,33969.0
19,9,383,0,0,1,3,0.0,0.0,0.67,0.67,0.0,135,42,0.31,0.04,0.0,0.0,0.0,0.0,0,63096.0
22,9,299,1266,0,1,19,0.0,0.0,1.0,0.0,0.0,19,255,1.0,0.0,0.1,0.0,0.0,0.0,0,85737.0
63,5,0,0,0,0,229,1.0,1.0,0.03,0.07,0.0,255,8,0.03,0.08,0.0,1.0,1.0,0.0,1,111705.0
22,9,279,10585,0,1,2,0.0,0.0,1.0,0.0,0.75,46,255,1.0,0.0,0.02,0.0,0.01,0.0,0,70080.0
7,5,0,0,0,0,203,1.0,1.0,0.04,0.06,0.0,255,17,0.07,0.07,0.0,1.0,1.0,0.0,1,35550.0
45,5,0,0,0,0,129,1.0,1.0,0.11,0.06,0.0,255,3,0.01,0.06,0.0,1.0,1.0,0.0,1,58541.0
22,1,0,0,0,0,1,0.0,0.0,1.0,0.0,0.0,4,255,1.0,0.0,0.07,0.0,0.0,0.92,0,73905.0
22,9,268,745,0,1,2,0.0,0.0,1.0,0.0,0.5,97,255,1.0,0.0,0.03,0.0,0.0,0.0,0,91139.0
57,5,0,0,0,0,264,1.0,1.0,0.08,0.05,0.0,255,21,0.08,0.05,0.0,1.0,1.0,0.0,1,123096.0
22,9,228,312,0,1,11,0.0,0.0,1.0,0.0,0.17,255,255,1.0,0.0,0.0,0.0,0.0,0.0,0,36991.0
22,9,329,3765,0,1,23,0.0,0.0,1.0,0.0,0.0,23,255,1.0,0.0,0.01,0.0,0.0,0.0,0,6152.0
22,9,295,1155,0,1,28,0.0,0.0,1.0,0.0,0.1,255,255,1.0,0.0,0.0,0.0,0.0,0.0,0,103737.0
13,9,8,0,0,0,1,0.0,0.0,1.0,0.0,1.0,2,74,1.0,0.0,0.5,0.0,0.0,0.0,1,8841.0
45,9,28,0,3,0,35,0.0,0.0,1.0,0.0,0.0,248,35,0.14,0.66,0.0,0.02,0.0,0.0,1,13993.0
22,9,289,18885,0,1,10,0.0,0.0,1.0,0.0,0.18,10,255,1.0,0.0,0.05,0.0,0.0,0.0,0,79347.0
55,5,0,0,0,0,20,1.0,1.0,1.0,0.0,0.0,182,102,0.56,0.01,0.0,0.99,0.98,0.0,1,67122.0
22,9,323,268,0,1,13,0.0,0.0,1.0,0.0,0.0,255,249,0.98,0.01,0.0,0.0,0.0,0.0,0,73264.0
9,5,0,0,0,0,197,1.0,1.0,0.05,0.07,0.0,255,10,0.04,0.06,0.0,1.0,1.0,0.0,1,36181.0
22,9,209,4325,0,1,13,0.0,0.0,1.0,0.0,0.12,65,255,1.0,0.0,0.04,0.0,0.0,0.0,0,87448.0
22,9,219,430,0,1,13,0.0,0.0,1.0,0.0,0.0,137,255,1.0,0.0,0.01,0.0,0.0,0.05,0,36643.0
41,9,147,105,0,0,1,0.0,0.0,1.0,0.0,0.0,255,3,0.01,0.41,0.0,0.0,0.0,0.0,0,19484.0
17,5,0,0,0,0,14,1.0,1.0,0.36,0.21,0.0,255,55,0.22,0.03,0.0,1.0,1.0,0.0,1,124807.0
11,9,88,0,0,0,8,0.0,0.0,1.0,0.0,0.26,255,223,0.87,0.01,0.0,0.0,0.0,0.0,0,67112.0
23,5,0,0,0,0,150,1.0,1.0,0.07,0.05,0.0,255,1,0.0,0.07,0.0,1.0,1.0,0.0,1,44301.0
19,9,567,0,0,1,1,0.0,0.0,1.0,0.0,0.0,150,57,0.38,0.03,0.0,0.0,0.0,0.0,0,18449.0
63,5,0,0,0,0,121,1.0,1.0,0.01,0.06,0.0,255,1,0.0,0.06,0.0,1.0,1.0,0.0,1,85030.0
45,1,0,0,0,0,137,0.0,0.0,0.08,0.07,0.0,255,9,0.04,0.08,0.0,0.0,0.0,1.0,1,71610.0
22,9,228,4556,0,1,5,0.0,0.0,1.0,0.0,0.0,19,255,1.0,0.0,0.18,0.0,0.0,0.97,0,38253.0
6,5,0,0,0,0,104,1.0,1.0,0.03,0.06,0.0,255,3,0.01,0.05,0.0,1.0,1.0,0.0,1,38423.0
22,9,315,1640,0,1,2,0.0,0.0,1.0,0.0,0.08,75,255,1.0,0.0,0.02,0.0,0.0,0.0,0,77741.0
14,9,520,0,0,0,342,0.0,0.0,1.0,0.0,0.0,255,255,1.0,0.0,0.0,0.0,0.0,0.0,1,65025.0
41,9,147,0,0,0,5,0.2,0.0,0.2,0.6,0.0,255,1,0.0,0.53,0.0,0.0,0.0,0.0,0,111567.0
45,4,1,0,0,0,2,0.0,0.0,1.0,0.0,0.0,255,2,0.01,0.75,0.0,0.0,0.0,1.0,1,122165.0
2,5,0,0,0,0,275,1.0,1.0,0.01,0.05,0.0,255,3,0.01,0.05,0.0,1.0,1.0,0.0,1,91447.0
19,9,245,0,0,1,2,0.0,0.0,1.0,0.0,0.0,33,12,0.24,0.15,0.17,0.0,0.0,0.0,0,63880.0
22,9,344,349,0,1,1,0.0,0.0,1.0,0.0,0.0,164,255,1.0,0.0,0.02,0.0,0.0,0.0,0,103413.0
45,5,0,0,0,0,284,1.0,1.0,0.01,0.06,0.0,255,5,0.02,0.08,0.0,1.0,1.0,0.0,1,125473.0
22,9,293,178,0,1,14,0.0,0.0,1.0,0.0,0.0,80,255,1.0,0.0,0.04,0.0,0.0,0.0,0,64674.0
45,5,0,0,0,0,102,1.0,1.0,0.11,0.06,0.0,177,12,0.07,0.1,0.0,1.0,1.0,0.0,1,44477.0
22,9,321,365,0,1,10,0.0,0.0,1.0,0.0,0.0,83,255,1.0,0.0,0.01,0.0,0.0,0.0,0,99276.0
22,9,286,7266,0,1,14,0.0,0.0,1.0,0.0,0.0,30,255,1.0,0.0,0.05,0.0,0.0,0.0,0,109080.0
41,1,0,0,0,0,510,0.24,0.0,0.0,1.0,0.0,255,1,0.0,1.0,0.0,0.25,0.0,1.0,1,42152.0
11,9,45,45,0,0,166,0.0,0.0,1.0,0.0,0.01,255,229,0.9,0.01,0.0,0.0,0.0,0.0,0,45907.0
22,9,323,278,0,1,3,0.0,0.0,1.0,0.0,0.5,255,255,1.0,0.0,0.0,0.0,0.0,0.0,0,43067.0
11,9,36,101,0,0,2,0.0,0.0,1.0,0.0,0.0,255,236,0.93,0.01,0.0,0.0,0.0,0.0,0,101192.0
49,9,1021,329,0,1,3,0.33,0.33,1.0,0.0,0.0,11,140,0.45,0.18,0.01,0.09,0.02,0.0,0,121407.0
22,9,313,13379,0,1,26,0.0,0.0,1.0,0.0,0.0,251,255,1.0,0.0,0.01,0.0,0.0,0.0,0,107791.0
19,5,0,0,0,0,243,1.0,1.0,0.01,0.06,0.0,255,4,0.02,0.07,0.0,1.0,1.0,0.0,1,89741.0
22,9,200,1618,0,1,5,0.0,0.0,1.0,0.0,0.0,5,255,1.0,0.0,0.05,0.0,0.0,0.0,0,85394.0
22,9,332,2873,0,1,3,0.0,0.0,1.0,0.0,0.0,31,255,1.0,0.0,0.03,0.0,0.0,0.0,0,62436.0
22,9,187,1188,0,1,10,0.0,0.0,1.0,0.0,0.0,10,255,1.0,0.0,0.04,0.0,0.0,0.0,0,107191.0
45,5,0,0,0,0,143,1.0,1.0,0.13,0.06,0.0,255,4,0.02,0.08,0.0,1.0,1.0,0.0,1,13245.0
11,9,46,139,0,0,274,0.0,0.0,1.0,0.0,0.0,255,251,0.98,0.01,0.0,0.0,0.0,0.0,0,112502.0
19,9,63,0,0,0,1,0.0,0.0,1.0,0.0,0.0,255,2,0.01,0.07,0.0,0.0,0.0,0.0,0,71810.0
22,9,353,1409,0,1,13,0.0,0.0,1.0,0.0,0.0,255,255,1.0,0.0,0.0,0.0,0.0,0.0,0,107961.0
22,9,185,9525,0,1,2,0.0,0.0,1.0,0.0,0.0,69,255,1.0,0.0,0.04,0.0,0.0,0.0,0,56878.0
19,9,854,0,0,1,3,0.0,0.0,1.0,0.0,0.0,255,10,0.04,0.63,0.0,0.0,0.0,0.0,0,68846.0
38,5,0,0,0,0,149,1.0,1.0,0.13,0.06,0.0,255,19,0.07,0.07,0.0,1.0,1.0,0.0,1,16238.0
22,9,262,2790,0,1,2,0.0,0.0,1.0,0.0,0.29,48,255,1.0,0.0,0.04,0.0,0.01,0.0,0,60855.0
30,5,0,0,0,0,9,1.0,1.0,0.33,0.22,0.0,255,5,0.02,0.09,0.0,1.0,1.0,0.0,1,40542.0
55,9,1154,176690,0,1,1,0.0,0.0,1.0,0.0,0.0,15,4,0.2,0.13,0.5,0.0,0.0,0.0,0,22990.0
45,5,0,0,0,0,22,1.0,1.0,0.41,0.18,0.0,255,9,0.04,0.08,0.0,1.0,1.0,0.0,1,18667.0
22,1,0,0,0,0,231,0.0,0.0,0.03,0.06,0.0,255,6,0.02,0.07,0.0,0.0,0.0,1.0,1,28676.0
22,9,205,188,0,1,13,0.0,0.0,1.0,0.0,0.11,255,255,1.0,0.0,0.0,0.0,0.0,0.0,0,81946.0
22,9,54540,8314,0,1,3,0.0,0.0,1.0,0.0,0.0,255,255,1.0,0.0,0.0,0.01,0.01,0.05,1,107620.0
17,9,8,228,0,0,1,0.0,0.0,1.0,0.0,0.0,255,2,0.01,0.07,0.0,0.65,0.0,0.0,0,38986.0
22,9,293,406,0,1,16,0.0,0.0,1.0,0.0,0.2,255,255,1.0,0.0,0.0,0.0,0.0,0.0,0,36420.0
45,5,0,0,0,0,113,1.0,1.0,0.04,0.06,0.0,255,14,0.05,0.06,0.0,1.0,1.0,0.0,1,11137.0
22,9,54540,8314,0,1,4,0.0,0.0,1.0,0.0,0.0,84,84,1.0,0.0,0.0,0.01,0.01,0.01,1,21423.0
45,9,105,0,0,0,2,0.0,0.0,1.0,0.0,0.0,255,167,0.65,0.01,0.0,0.0,0.0,0.0,0,44371.0
22,1,0,0,0,0,1,0.0,0.0,1.0,0.0,1.0,10,216,1.0,0.0,0.16,0.0,0.0,0.97,0,59926.0
22,9,207,288,0,1,6,0.0,0.0,1.0,0.0,0.2,255,255,1.0,0.0,0.0,0.0,0.0,0.0,0,97457.0
32,1,0,0,0,0,237,0.0,0.0,0.0,0.07,0.0,255,1,0.0,0.08,0.0,0.0,0.0,1.0,1,122348.0
22,9,344,590,0,1,5,0.0,0.0,1.0,0.0,0.26,255,255,1.0,0.0,0.0,0.0,0.0,0.0,0,30734.0
40,9,48,48,0,0,4,0.0,0.0,0.5,0.5,0.0,49,13,0.27,0.04,0.0,0.0,0.0,0.0,0,125217.0
22,9,226,12884,0,1,2,0.0,0.0,1.0,0.0,0.0,255,255,1.0,0.0,0.0,0.0,0.0,0.0,0,19800.0
22,9,263,451,0,1,5,0.0,0.0,1.0,0.0,0.0,134,255,1.0,0.0,0.02,0.0,0.0,0.0,0,100122.0
45,1,0,0,0,0,207,0.0,0.0,0.04,0.06,0.0,255,9,0.04,0.07,0.0,0.0,0.0,1.0,1,117739.0
22,9,311,799,0,1,33,0.03,0.03,1.0,0.0,0.0,93,255,1.0,0.0,0.04,0.01,0.0,0.0,0,116378.0
22,9,342,2263,0,1,2,0.0,0.0,1.0,0.0,0.0,27,255,1.0,0.0,0.03,0.0,0.0,0.0,0,22151.0
11,9,42,42,0,0,5,0.0,0.0,1.0,0.0,0.3,255,241,0.95,0.01,0.0,0.0,0.0,0.0,0,114041.0
22,9,279,2122,0,1,1,0.0,0.0,1.0,0.0,0.0,1,14,1.0,0.0,0.29,0.0,0.07,0.0,0,17826.0
11,9,44,75,0,0,167,0.0,0.0,1.0,0.0,0.0,255,227,0.89,0.01,0.0,0.0,0.0,0.0,0,42413.0
19,9,334,0,0,1,1,0.0,0.0,1.0,0.0,0.0,5,38,0.6,0.4,0.16,0.0,0.0,0.0,1,97976.0
22,9,218,406,0,1,10,0.0,0.0,1.0,0.0,0.19,255,255,1.0,0.0,0.0,0.0,0.0,0.0,0,96481.0
22,9,324,3410,0,1,9,0.0,0.0,1.0,0.0,0.0,11,255,1.0,0.0,0.14,0.0,0.0,0.85,0,33897.0
45,1,0,0,0,0,207,0.09,0.0,0.0,1.0,0.0,255,1,0.0,0.91,0.0,0.07,0.0,1.0,1,15215.0
49,9,1353,326,0,1,1,0.0,0.0,1.0,0.0,1.0,156,151,0.47,0.04,0.01,0.0,0.0,0.0,0,67197.0
22,9,162,3672,0,1,3,0.0,0.0,1.0,0.0,0.0,16,255,1.0,0.0,0.03,0.0,0.0,0.0,0,11481.0
22,9,207,2446,0,1,10,0.0,0.0,1.0,0.0,0.18,255,255,1.0,0.0,0.0,0.0,0.0,0.0,0,51131.0
59,9,181,0,0,0,3,0.0,0.0,0.67,0.67,0.0,255,58,0.23,0.01,0.0,0.0,0.0,0.0,0,64340.0
14,9,1032,0,0,0,60,0.0,0.0,1.0,0.0,0.0,255,255,1.0,0.0,0.0,0.0,0.0,0.0,1,72022.0
17,9,6,28,0,0,30,0.03,0.0,0.03,1.0,0.0,255,7,0.03,0.15,0.0,0.0,0.0,0.0,0,62529.0
35,5,0,0,0,0,228,1.0,1.0,0.07,0.06,0.0,255,6,0.02,0.07,0.0,1.0,1.0,0.0,1,50887.0
19,9,12,0,0,1,1,0.0,0.0,1.0,0.0,1.0,100,109,0.61,0.03,0.02,0.02,0.0,0.0,0,34915.0
49,9,1186,339,0,1,1,0.0,0.0,1.0,0.0,1.0,116,192,0.75,0.03,0.01,0.0,0.0,0.0,0,57370.0
2,1,0,0,0,0,103,0.0,0.0,0.1,0.06,0.0,255,10,0.04,0.07,0.0,0.0,0.0,1.0,1,2876.0
49,9,1107,325,0,1,1,0.0,0.0,1.0,0.0,1.0,193,123,0.64,0.06,0.0,0.01,0.01,0.0,0,64832.0
22,9,225,556,0,1,8,0.0,0.0,1.0,0.0,0.22,26,255,1.0,0.0,0.04,0.0,0.0,0.0,0,106730.0
22,9,285,266,0,1,10,0.0,0.0,1.0,0.0,0.31,255,255,1.0,0.0,0.0,0.0,0.0,0.0,0,112517.0
13,9,18,0,0,0,1,0.0,0.0,1.0,0.0,0.0,1,113,1.0,0.0,0.26,0.0,0.0,0.0,1,62665.0
11,9,46,72,0,0,57,0.0,0.0,1.0,0.0,0.0,255,255,1.0,0.0,0.0,0.0,0.0,0.0,0,39396.0
55,9,4734,54623,0,1,1,0.0,0.0,1.0,0.0,0.0,255,19,0.07,0.57,0.0,0.57,0.16,0.05,0,124987.0
19,9,334,0,0,1,1,0.0,0.0,1.0,0.0,0.0,9,19,1.0,0.0,0.16,0.0,0.0,0.0,1,123658.0
11,9,30,30,0,0,1,0.0,0.0,1.0,0.0,0.67,255,250,0.98,0.01,0.0,0.0,0.0,0.0,0,90250.0
43,9,38,130,0,1,1,0.0,0.0,1.0,0.0,0.0,120,5,0.03,0.06,0.4,0.01,0.0,0.0,0,26136.0
45,5,0,0,0,0,99,1.0,1.0,0.02,0.07,0.0,255,6,0.02,0.06,0.0,1.0,1.0,0.0,1,95089.0
45,9,105,147,0,0,8,0.0,0.0,0.12,0.25,0.0,255,229,0.9,0.01,0.0,0.0,0.0,0.0,0,3265.0
11,9,30,0,0,0,1,0.0,0.0,1.0,0.0,1.0,57,28,0.14,0.09,0.07,0.0,0.0,0.0,0,60969.0
19,9,259,0,0,0,2,0.0,0.0,1.0,0.0,0.0,67,93,0.22,0.07,0.02,0.0,0.0,0.0,0,72922.0
45,9,28,0,3,0,41,0.0,0.0,0.98,0.05,0.0,255,40,0.16,0.02,0.0,0.0,0.0,0.0,1,11262.0
14,9,64,0,0,0,2,0.0,0.0,1.0,0.0,0.0,42,2,0.05,0.07,0.0,0.0,0.0,0.0,0,80403.0
22,9,284,1043,0,1,27,0.0,0.0,1.0,0.0,0.0,124,255,1.0,0.0,0.01,0.0,0.0,0.0,0,35744.0
22,9,230,9542,0,1,1,0.0,0.0,1.0,0.0,0.0,136,255,1.0,0.0,0.02,0.01,0.0,0.0,0,18204.0
30,5,0,0,0,0,286,1.0,1.0,0.06,0.06,0.0,255,2,0.01,0.07,0.0,1.0,1.0,0.0,1,45760.0
45,5,0,0,0,0,119,1.0,1.0,0.01,0.08,0.0,255,1,0.0,0.07,0.0,1.0,1.0,0.0,1,115027.0
38,1,0,0,0,0,144,0.0,0.0,0.1,0.06,0.0,255,14,0.05,0.06,0.0,0.0,0.0,1.0,1,92087.0
13,9,8,0,0,0,1,0.0,0.0,1.0,0.0,1.0,2,92,1.0,0.0,0.51,0.0,0.0,0.0,1,30077.0
20,3,0,0,0,0,84,0.77,0.67,0.04,0.37,0.0,255,3,0.01,0.12,0.0,0.25,0.67,0.33,1,18067.0
22,9,231,2239,0,1,6,0.0,0.0,1.0,0.0,0.38,255,253,0.99,0.01,0.0,0.0,0.0,0.0,0,115952.0
55,5,0,0,0,0,2,1.0,1.0,0.5,1.0,0.0,255,61,0.24,0.03,0.0,1.0,1.0,0.0,1,119003.0
31,2,0,0,0,0,149,0.0,0.0,0.09,0.05,0.0,255,14,0.05,0.07,0.0,0.0,0.0,1.0,1,6540.0
14,9,520,0,0,0,34,0.0,0.0,1.0,0.0,0.0,255,255,1.0,0.0,0.0,0.0,0.0,0.0,1,112406.0
22,9,271,668,0,1,37,0.0,0.0,1.0,0.0,0.0,255,255,1.0,0.0,0.0,0.0,0.0,0.0,0,59856.0
22,9,223,321,0,1,41,0.0,0.0,1.0,0.0,0.0,255,255,1.0,0.0,0.0,0.0,0.0,0.02,0,8921.0
11,9,46,46,0,0,5,0.0,0.0,1.0,0.0,0.3,255,255,1.0,0.0,0.0,0.0,0.0,0.0,0,45434.0
22,9,309,7732,0,1,11,0.0,0.0,1.0,0.0,0.0,11,255,1.0,0.0,0.02,0.0,0.0,0.0,0,8482.0
11,9,30,83,0,0,1,0.0,0.0,1.0,0.0,0.0,1,220,1.0,0.0,0.01,0.0,0.0,0.0,0,21057.0
22,9,213,1538,0,1,23,0.0,0.0,1.0,0.0,0.1,87,255,1.0,0.0,0.05,0.01,0.01,0.0,0,57396.0
45,5,0,0,0,0,121,1.0,1.0,0.08,0.06,0.0,255,2,0.01,0.09,0.0,1.0,1.0,0.0,1,46012.0
41,9,147,105,0,0,1,0.0,0.0,1.0,0.0,0.0,255,2,0.01,0.71,0.0,0.0,0.0,0.0,0,114662.0
45,1,0,0,0,0,296,0.0,0.0,0.05,0.05,0.0,255,15,0.06,0.07,0.0,0.0,0.0,1.0,1,17430.0
19,9,59,0,0,1,10,0.0,0.0,1.0,0.0,0.0,255,129,0.51,0.03,0.0,0.0,0.01,0.0,0,26218.0
49,9,2181,330,0,1,1,0.0,0.0,1.0,0.0,0.0,11,10,0.91,0.18,0.0,0.0,0.0,0.0,0,8497.0
35,5,0,0,0,0,280,1.0,1.0,0.01,0.05,0.0,255,3,0.01,0.05,0.0,1.0,1.0,0.0,1,121260.0
22,9,54540,8314,0,1,2,0.0,0.0,1.0,0.0,0.0,255,255,1.0,0.0,0.0,0.01,0.01,0.05,1,80937.0
22,1,0,0,0,0,1,0.0,0.0,1.0,0.0,0.0,81,255,1.0,0.0,0.15,0.0,0.0,0.98,0,7680.0
13,9,8,0,0,0,1,0.0,0.0,1.0,0.0,1.0,3,255,1.0,0.0,0.25,0.0,0.0,0.0,1,74895.0
17,5,0,0,0,0,52,1.0,1.0,0.25,0.08,0.0,255,56,0.22,0.02,0.0,1.0,1.0,0.0,1,93684.0
45,5,0,0,0,0,112,1.0,1.0,0.04,0.07,0.0,14,5,0.36,0.21,0.0,1.0,1.0,0.0,1,83946.0
45,5,0,0,0,0,56,1.0,1.0,0.36,0.07,0.0,255,20,0.08,0.06,0.0,1.0,1.0,0.0,1,72726.0
45,5,0,0,0,0,105,1.0,1.0,0.14,0.06,0.0,255,33,0.13,0.07,0.0,1.0,1.0,0.0,1,63565.0
49,9,766,331,0,1,1,0.0,0.0,1.0,0.0,1.0,81,126,0.47,0.05,0.02,0.0,0.0,0.02,0,6979.0
30,5,0,0,0,0,272,1.0,1.0,0.08,0.04,0.0,255,22,0.09,0.05,0.0,1.0,1.0,0.0,1,82394.0
22,9,245,392,0,1,15,0.0,0.0,1.0,0.0,0.08,43,255,1.0,0.0,0.05,0.0,0.01,0.0,0,43854.0
22,9,293,655,0,1,14,0.0,0.0,1.0,0.0,0.0,35,255,1.0,0.0,0.04,0.0,0.0,0.0,0,77066.0
45,1,0,0,0,0,2,0.0,0.0,0.5,1.0,0.0,255,1,0.0,0.65,0.0,0.0,0.0,1.0,1,1207.0
59,9,183,0,0,0,6,0.0,0.0,0.83,0.33,0.0,255,11,0.04,0.01,0.0,0.0,0.0,0.0,0,50579.0
45,5,0,0,0,0,215,1.0,1.0,0.07,0.06,0.0,255,7,0.03,0.07,0.0,1.0,1.0,0.0,1,119734.0
13,9,8,0,0,0,1,0.0,0.0,1.0,0.0,1.0,1,93,1.0,0.0,0.51,0.0,0.0,0.0,1,62883.0
14,9,520,0,0,0,446,0.0,0.0,1.0,0.0,0.0,195,195,1.0,0.0,0.0,0.0,0.0,0.0,1,100880.0
55,5,0,0,0,0,78,1.0,1.0,0.24,0.05,0.0,158,40,0.25,0.03,0.05,1.0,0.98,0.0,1,33381.0
22,9,204,1418,0,1,10,0.0,0.0,1.0,0.0,0.0,51,255,1.0,0.0,0.06,0.0,0.0,0.0,0,44120.0
45,1,0,0,0,0,137,0.0,0.0,0.07,0.06,0.0,255,7,0.03,0.06,0.0,0.0,0.0,1.0,1,124013.0
11,9,111,44,0,0,1,0.0,0.0,1.0,0.0,0.0,34,11,0.32,0.06,0.0,0.0,0.0,0.0,0,122295.0
45,9,28,0,3,0,85,0.0,0.0,1.0,0.0,0.0,157,85,0.54,0.03,0.0,0.0,0.0,0.0,1,111560.0
46,5,0,0,0,0,261,1.0,1.0,0.03,0.05,0.0,255,7,0.03,0.05,0.0,1.0,1.0,0.0,1,41244.0
22,9,300,3486,0,1,4,0.0,0.0,1.0,0.0,0.0,4,255,1.0,0.0,0.04,0.0,0.0,0.0,0,63797.0
45,5,0,0,0,0,115,1.0,1.0,0.16,0.06,0.0,255,29,0.11,0.05,0.0,1.0,1.0,0.0,1,107668.0
45,1,0,0,0,0,248,0.0,0.0,0.07,0.06,0.0,255,18,0.07,0.07,0.0,0.0,0.0,1.0,1,65469.0
45,9,1,0,0,0,151,0.0,0.0,0.87,0.03,0.0,255,168,0.66,0.04,0.0,0.0,0.0,0.0,1,2667.0
22,9,237,666,0,1,4,0.0,0.0,1.0,0.0,0.0,151,255,1.0,0.0,0.02,0.0,0.0,0.0,0,99063.0
28,5,0,0,0,0,30,1.0,1.0,0.47,0.1,0.0,255,14,0.05,0.07,0.0,1.0,1.0,0.0,1,70691.0
55,5,0,0,0,0,260,1.0,1.0,0.05,0.06,0.0,255,8,0.03,0.07,0.0,1.0,1.0,0.0,1,95843.0
60,2,0,0,0,0,113,0.0,0.0,0.08,0.07,0.0,255,9,0.04,0.07,0.0,0.0,0.0,1.0,1,117191.0
63,5,0,0,0,0,206,1.0,1.0,0.03,0.06,0.0,255,15,0.06,0.07,0.0,1.0,1.0,0.0,1,35123.0
45,5,0,0,0,0,132,1.0,1.0,0.17,0.05,0.0,255,23,0.09,0.05,0.0,1.0,1.0,0.0,1,79559.0
22,9,222,3438,0,1,13,0.0,0.0,1.0,0.0,0.09,30,255,1.0,0.0,0.04,0.0,0.0,0.0,0,117790.0
22,9,315,283,0,1,9,0.0,0.0,1.0,0.0,0.0,108,255,1.0,0.0,0.04,0.0,0.0,0.0,0,96241.0
45,9,105,146,0,0,6,0.0,0.0,0.33,0.33,0.0,255,228,0.89,0.01,0.0,0.0,0.0,0.0,0,45766.0
22,9,158,4049,0,1,3,0.0,0.0,1.0,0.0,0.33,255,255,1.0,0.0,0.0,0.0,0.0,0.0,0,13256.0
22,1,0,0,0,0,1,0.0,0.0,1.0,0.0,0.0,25,237,1.0,0.0,0.17,0.0,0.0,1.0,0,101490.0
19,9,190,0,0,1,2,0.0,0.0,1.0,0.0,0.0,244,8,0.03,0.02,0.0,0.0,0.0,0.0,0,20984.0
22,9,311,11417,0,1,3,0.0,0.0,1.0,0.0,0.67,58,255,1.0,0.0,0.04,0.0,0.0,0.0,0,40707.0
49,9,927,323,0,1,1,0.0,0.0,1.0,0.0,0.0,208,174,0.78,0.02,0.01,0.0,0.0,0.0,0,47037.0
55,5,0,0,0,0,67,1.0,1.0,0.25,0.06,0.0,255,37,0.15,0.06,0.0,1.0,1.0,0.0,1,1051.0
11,9,45,136,0,0,77,0.0,0.0,1.0,0.0,0.01,255,255,1.0,0.0,0.0,0.0,0.0,0.0,0,1823.0
22,1,0,0,0,0,1,0.0,0.0,1.0,0.0,0.0,161,130,0.81,0.03,0.0,0.0,0.0,1.0,0,87715.0
19,9,12983,0,0,1,2,0.0,0.0,1.0,0.0,0.0,123,16,0.13,0.02,0.0,0.01,0.0,0.0,0,59458.0
22,9,321,2055,0,1,23,0.0,0.0,1.0,0.0,0.07,50,255,1.0,0.0,0.01,0.0,0.0,0.0,0,120611.0
45,5,0,0,0,0,250,1.0,1.0,0.05,0.07,0.0,255,12,0.05,0.08,0.0,1.0,1.0,0.0,1,122183.0
45,9,105,146,0,0,5,0.0,0.0,0.2,0.4,0.0,255,234,0.92,0.01,0.0,0.0,0.0,0.0,0,76035.0
45,5,0,0,0,0,154,1.0,1.0,0.05,0.05,0.0,255,7,0.03,0.05,0.0,1.0,1.0,0.0,1,63004.0
19,5,0,0,0,0,273,1.0,1.0,0.04,0.05,0.0,255,10,0.04,0.05,0.0,1.0,1.0,0.0,1,87308.0
2,1,0,0,0,0,366,0.0,0.0,0.0,0.52,0.0,255,1,0.0,0.52,0.0,0.0,0.0,1.0,1,807.0
22,9,233,2507,0,1,5,0.0,0.0,1.0,0.0,0.0,255,221,0.87,0.04,0.0,0.02,0.0,0.0,0,68940.0
4,5,0,0,0,0,141,1.0,1.0,0.02,0.07,0.0,255,3,0.01,0.07,0.0,1.0,1.0,0.0,1,124816.0
12,2,0,0,0,0,198,0.0,0.0,0.01,0.06,0.0,255,2,0.01,0.06,0.0,0.0,0.0,1.0,1,17942.0
49,9,641,334,0,1,1,0.0,0.0,1.0,0.0,0.0,145,163,0.54,0.05,0.01,0.0,0.0,0.0,0,19680.0
45,5,0,0,0,0,189,1.0,1.0,0.01,0.06,0.0,255,18,0.07,0.08,0.0,1.0,1.0,0.0,1,104744.0
19,9,334,0,0,1,1,0.0,0.0,1.0,0.0,0.0,1,55,1.0,0.0,0.11,0.0,0.0,0.0,1,25611.0
22,9,295,770,0,1,13,0.0,0.0,1.0,0.0,0.17,13,255,1.0,0.0,0.05,0.0,0.0,0.0,0,8971.0
19,9,175337,0,0,0,1,0.0,0.0,1.0,0.0,0.0,234,82,0.35,0.03,0.0,0.0,0.0,0.0,0,77047.0
45,5,0,0,0,0,253,1.0,1.0,0.01,0.06,0.0,255,6,0.02,0.06,0.0,1.0,1.0,0.0,1,119419.0
41,9,516,4,0,0,493,0.0,0.0,1.0,0.0,0.0,255,255,1.0,0.0,0.0,0.0,0.0,0.0,0,56111.0
19,9,11,0,0,0,1,0.0,0.0,1.0,0.0,0.0,131,32,0.24,0.05,0.0,0.02,0.0,0.0,0,79996.0
19,9,2194619,0,0,1,1,0.0,0.0,1.0,0.0,0.0,255,81,0.32,0.02,0.0,0.0,0.0,0.0,0,17498.0
13,9,8,0,0,0,1,0.0,0.0,1.0,0.0,1.0,1,37,1.0,0.0,0.51,0.0,0.0,0.0,1,5262.0
19,9,854,0,0,0,2,0.0,0.0,1.0,0.0,0.0,135,36,0.27,0.04,0.0,0.01,0.0,0.0,0,46842.0
13,9,8,0,0,0,1,0.0,0.0,1.0,0.0,1.0,1,27,1.0,0.0,0.52,0.0,0.0,0.0,1,80448.0
45,5,0,0,0,0,193,0.62,1.0,0.1,0.04,0.0,255,2,0.01,0.06,0.0,1.0,1.0,0.0,1,15883.0
22,9,207,513,0,1,4,0.25,0.25,1.0,0.0,0.0,16,255,1.0,0.0,0.02,0.06,0.01,0.0,0,115925.0
20,5,0,0,0,0,265,1.0,1.0,0.08,0.05,0.0,255,20,0.08,0.05,0.0,1.0,1.0,0.0,1,29040.0
45,1,0,0,0,0,119,0.0,0.0,0.08,0.08,0.0,44,10,0.23,0.14,0.0,0.0,0.0,1.0,1,75418.0
15,5,0,0,0,0,114,1.0,1.0,0.04,0.07,0.0,255,4,0.02,0.07,0.0,1.0,1.0,0.0,1,12953.0
14,9,30,0,0,0,2,0.0,0.0,1.0,0.0,0.0,202,202,1.0,0.0,0.0,0.0,0.0,0.0,0,5418.0
22,9,258,508,0,1,29,0.0,0.0,1.0,0.0,0.07,158,255,1.0,0.0,0.01,0.01,0.0,0.0,0,103615.0
22,9,221,1694,0,1,4,0.0,0.0,1.0,0.0,0.0,218,255,1.0,0.0,0.01,0.0,0.0,0.03,0,111988.0
22,9,239,8435,0,1,10,0.0,0.0,1.0,0.0,0.0,238,255,1.0,0.0,0.01,0.0,0.0,0.0,0,29717.0
22,9,332,274,0,1,24,0.0,0.0,1.0,0.0,0.08,255,255,1.0,0.0,0.0,0.0,0.0,0.0,0,55597.0
22,1,0,0,0,0,1,0.0,0.0,1.0,0.0,0.0,6,86,1.0,0.0,0.2,0.0,0.0,1.0,0,5898.0
60,5,0,0,0,0,140,1.0,1.0,0.07,0.06,0.0,255,5,0.02,0.06,0.0,1.0,1.0,0.0,1,63102.0
22,5,0,0,0,0,123,1.0,1.0,0.11,0.06,0.0,255,4,0.02,0.07,0.0,1.0,1.0,0.0,1,64908.0
13,9,8,0,0,0,1,0.0,0.0,1.0,0.0,1.0,1,28,1.0,0.0,0.54,0.0,0.0,0.0,1,61551.0
22,9,322,2015,0,1,19,0.0,0.0,1.0,0.0,0.0,255,255,1.0,0.0,0.0,0.0,0.0,0.0,0,83077.0
11,9,44,133,0,0,73,0.0,0.0,1.0,0.0,0.01,255,254,1.0,0.01,0.0,0.0,0.0,0.0,0,116305.0
45,5,0,0,0,0,192,0.62,1.0,0.09,0.04,0.0,255,3,0.01,0.06,0.0,1.0,1.0,0.0,1,97184.0
49,9,1265,438,0,1,1,0.0,0.0,1.0,0.0,0.0,77,100,0.56,0.03,0.02,0.0,0.0,0.0,0,55262.0
45,1,0,0,0,0,227,0.0,0.0,0.06,0.06,0.0,255,13,0.05,0.08,0.0,0.0,0.0,1.0,1,54330.0
55,5,0,0,0,0,262,1.0,1.0,0.04,0.06,0.0,255,11,0.04,0.06,0.0,1.0,1.0,0.0,1,75542.0
13,9,30,0,0,0,1,0.0,0.0,1.0,0.0,0.0,55,90,0.98,0.04,0.21,0.0,0.0,0.0,0,38069.0
17,5,0,0,0,0,64,1.0,1.0,0.27,0.06,0.0,255,62,0.24,0.02,0.0,1.0,1.0,0.0,1,96512.0
34,5,0,0,0,0,264,1.0,1.0,0.02,0.06,0.0,255,1,0.0,0.08,0.0,1.0,1.0,0.0,1,110172.0
49,9,796,372,0,1,1,0.0,0.0,1.0,0.0,0.0,255,99,0.39,0.02,0.0,0.0,0.0,0.0,0,88145.0
18,9,246,774,0,1,1,0.0,0.0,1.0,0.0,0.0,241,42,0.17,0.02,0.0,0.0,0.0,0.0,0,116413.0
55,5,0,0,0,0,51,1.0,1.0,0.22,0.08,0.0,255,45,0.18,0.04,0.0,1.0,1.0,0.0,1,37716.0
13,9,8,0,0,0,1,0.0,0.0,1.0,0.0,1.0,1,157,1.0,0.0,0.25,0.0,0.0,0.0,1,114484.0
45,5,0,0,0,0,131,1.0,1.0,0.08,0.06,0.0,244,10,0.04,0.08,0.0,1.0,1.0,0.0,1,94263.0
22,9,303,10861,0,1,20,0.0,0.0,1.0,0.0,0.09,142,255,1.0,0.0,0.02,0.0,0.0,0.0,0,56605.0
45,1,0,0,0,0,246,0.04,0.0,0.0,1.0,0.0,255,1,0.0,0.97,0.0,0.04,0.0,1.0,1,10526.0
45,5,0,0,0,0,104,1.0,1.0,0.02,0.08,0.0,255,1,0.0,0.07,0.0,1.0,1.0,0.0,1,48000.0
29,5,0,0,0,0,48,1.0,1.0,0.17,0.12,0.0,255,8,0.03,0.09,0.0,1.0,1.0,0.0,1,12981.0
49,9,1699,334,0,1,1,0.0,0.0,1.0,0.0,0.0,104,204,0.76,0.03,0.01,0.0,0.0,0.0,0,65294.0
55,9,176,3846,0,1,1,0.0,0.0,1.0,0.0,0.0,214,22,0.1,0.02,0.0,0.0,0.0,0.0,0,63539.0
22,9,334,277,0,1,14,0.0,0.0,1.0,0.0,0.0,255,229,0.9,0.01,0.0,0.0,0.0,0.0,0,81012.0
22,9,54540,8314,0,1,1,0.0,0.0,1.0,0.0,0.0,255,255,1.0,0.0,0.0,0.01,0.01,0.02,1,99162.0
22,9,288,955,0,1,3,0.0,0.0,1.0,0.0,0.0,239,255,1.0,0.0,0.01,0.0,0.0,0.0,0,49283.0
22,9,309,2446,0,1,10,0.0,0.0,1.0,0.0,0.26,255,255,1.0,0.0,0.0,0.0,0.0,0.0,0,56320.0
45,5,0,0,0,0,202,1.0,1.0,0.01,0.05,0.0,62,2,0.03,0.13,0.0,0.97,1.0,0.0,1,55947.0
54,1,0,0,0,0,246,0.0,0.0,0.01,0.07,0.0,255,3,0.01,0.07,0.0,0.0,0.0,1.0,1,118382.0
49,9,782,327,0,1,1,0.0,0.0,1.0,0.0,0.0,26,141,0.23,0.12,0.01,0.0,0.0,0.0,0,36745.0
45,5,0,0,0,0,223,1.0,1.0,0.05,0.04,0.0,27,12,0.44,0.11,0.0,0.93,1.0,0.0,1,104999.0
18,9,284,903,0,1,1,0.0,0.0,1.0,0.0,0.0,131,37,0.28,0.03,0.0,0.0,0.0,0.0,0,10501.0
49,9,1325,331,0,1,1,0.0,0.0,1.0,0.0,0.0,22,21,0.95,0.09,0.0,0.0,0.0,0.0,0,10547.0
19,9,151,0,0,1,3,0.0,0.0,1.0,0.0,0.0,148,17,0.06,0.03,0.12,0.0,0.0,0.0,0,120996.0
13,9,8,0,0,0,1,0.0,0.0,1.0,0.0,1.0,4,24,1.0,0.0,0.25,0.0,0.0,0.0,1,44654.0
26,5,0,0,0,0,120,1.0,1.0,0.18,0.05,0.0,255,22,0.09,0.05,0.0,1.0,1.0,0.0,1,107512.0
45,9,1,1,0,0,17,0.0,0.0,0.94,0.12,0.0,255,16,0.06,0.93,0.0,0.16,0.0,0.0,1,73900.0
22,9,338,831,0,1,27,0.0,0.0,1.0,0.0,0.0,146,253,1.0,0.0,0.06,0.0,0.0,0.69,0,79637.0
45,5,0,0,0,0,263,1.0,1.0,0.02,0.06,0.0,255,2,0.01,0.07,0.0,1.0,1.0,0.0,1,73708.0
22,9,232,596,0,1,2,0.0,0.0,1.0,0.0,0.15,215,255,1.0,0.0,0.01,0.0,0.0,0.0,0,44687.0
45,5,0,0,0,0,120,1.0,1.0,0.07,0.08,0.0,255,10,0.04,0.07,0.0,1.0,1.0,0.0,1,89502.0
22,9,224,2950,0,1,1,0.0,0.0,1.0,0.0,0.0,255,255,1.0,0.0,0.0,0.0,0.0,0.0,0,114000.0
27,5,0,0,0,0,115,1.0,1.0,0.09,0.07,0.0,255,10,0.04,0.06,0.0,1.0,1.0,0.0,1,109550.0
49,2,0,0,0,0,1,0.0,0.0,1.0,0.0,1.0,105,115,0.4,0.04,0.02,0.0,0.0,0.03,0,49257.0
22,9,341,1099,0,1,19,0.0,0.0,1.0,0.0,0.0,183,255,1.0,0.0,0.04,0.0,0.0,0.0,0,114609.0
11,9,45,133,0,0,68,0.0,0.0,0.99,0.03,0.01,255,234,0.92,0.01,0.0,0.0,0.0,0.0,0,55399.0
22,5,0,0,0,0,234,1.0,0.61,0.05,0.07,0.11,255,11,0.04,0.06,0.0,1.0,1.0,0.0,1,105562.0
22,9,240,369,0,1,4,0.0,0.0,1.0,0.0,0.0,4,255,1.0,0.0,0.01,0.0,0.0,0.0,0,9708.0
45,1,0,0,0,0,275,0.0,0.0,0.07,0.06,0.0,255,20,0.08,0.06,0.0,0.0,0.0,1.0,1,111305.0
57,5,0,0,0,0,298,1.0,1.0,0.03,0.06,0.0,255,9,0.04,0.06,0.0,1.0,1.0,0.0,1,61575.0
45,1,0,0,0,0,46,0.0,0.0,0.43,0.07,0.0,255,17,0.07,0.07,0.0,0.0,0.0,1.0,1,37799.0
49,9,723,333,0,1,1,0.0,0.0,1.0,0.0,1.0,85,105,0.68,0.04,0.02,0.0,0.0,0.0,0,41005.0
22,9,250,1107,0,1,2,0.0,0.0,1.0,0.0,0.75,255,255,1.0,0.0,0.0,0.0,0.0,0.0,0,36962.0
19,9,3909,0,0,1,10,0.0,0.0,1.0,0.0,0.18,185,120,0.61,0.02,0.02,0.0,0.0,0.0,0,37017.0
55,4,518,16116,0,1,2,0.0,0.0,1.0,0.0,0.0,102,19,0.19,0.04,0.0,0.01,0.0,0.21,0,35605.0
19,9,167,0,0,0,2,0.0,0.0,1.0,0.0,0.0,255,41,0.16,0.06,0.0,0.64,0.0,0.0,0,7194.0
14,9,1032,0,0,0,510,0.0,0.0,1.0,0.0,0.0,255,176,0.69,0.01,0.0,0.0,0.0,0.0,1,30479.0
22,9,341,1541,0,1,14,0.0,0.0,1.0,0.0,0.0,255,255,1.0,0.0,0.0,0.0,0.0,0.0,0,27274.0
60,5,0,0,0,0,14,1.0,1.0,0.14,0.14,0.0,255,8,0.03,0.07,0.0,1.0,1.0,0.0,1,17866.0
22,9,199,4061,0,1,15,0.0,0.0,1.0,0.0,0.0,255,255,1.0,0.0,0.0,0.0,0.0,0.0,0,123577.0
11,9,43,125,0,0,217,0.0,0.0,1.0,0.0,0.01,142,103,0.73,0.02,0.0,0.0,0.0,0.0,0,75889.0
22,9,327,4029,0,1,1,0.0,0.0,1.0,0.0,0.11,125,255,1.0,0.0,0.04,0.0,0.0,0.0,0,76760.0
11,9,46,46,0,0,66,0.0,0.0,1.0,0.0,0.01,255,255,1.0,0.0,0.0,0.0,0.0,0.0,0,60066.0
11,9,46,137,0,0,65,0.0,0.0,1.0,0.0,0.01,255,255,1.0,0.0,0.0,0.0,0.0,0.0,0,36705.0
18,9,1464,4152,0,1,1,0.0,0.0,1.0,0.0,0.0,21,9,0.43,0.1,0.0,0.0,0.0,0.0,0,96920.0
49,9,642,331,0,1,1,0.0,0.0,1.0,0.0,1.0,252,148,0.59,0.02,0.0,0.01,0.01,0.0,0,12436.0
36,5,0,0,0,0,284,1.0,1.0,0.07,0.06,0.0,255,2,0.01,0.08,0.0,1.0,1.0,0.0,1,114639.0
49,9,1529,332,0,1,1,0.0,0.0,1.0,0.0,1.0,154,183,0.65,0.08,0.01,0.01,0.0,0.04,0,113536.0
22,9,224,832,0,1,34,0.0,0.0,1.0,0.0,0.0,255,255,1.0,0.0,0.0,0.0,0.0,0.0,0,7527.0
26,5,0,0,0,0,264,1.0,1.0,0.05,0.06,0.0,255,13,0.05,0.07,0.0,1.0,1.0,0.0,1,124448.0
22,9,241,35215,0,1,3,0.0,0.0,1.0,0.0,0.0,255,255,1.0,0.0,0.0,0.0,0.0,0.0,0,97661.0
45,5,0,0,0,0,170,0.08,1.0,0.01,1.0,0.0,255,1,0.0,0.82,0.0,0.05,1.0,0.0,1,105352.0
45,5,0,0,0,0,129,1.0,1.0,0.09,0.05,0.0,255,16,0.06,0.06,0.0,1.0,1.0,0.0,1,21230.0
22,9,388,6349,0,1,16,0.0,0.0,1.0,0.0,0.0,255,255,1.0,0.0,0.0,0.0,0.0,0.0,0,33189.0
14,9,1032,0,0,0,365,0.0,0.0,1.0,0.0,0.0,255,255,1.0,0.0,0.0,0.0,0.0,0.0,1,5694.0
11,9,43,76,0,0,119,0.0,0.0,0.99,0.02,0.0,255,254,1.0,0.01,0.0,0.0,0.0,0.0,0,109265.0
18,9,287,903,0,1,1,0.0,0.0,1.0,0.0,0.0,43,14,0.33,0.09,0.0,0.0,0.0,0.0,0,39769.0
22,9,229,479,0,1,6,0.0,0.0,1.0,0.0,0.0,255,255,1.0,0.0,0.0,0.0,0.0,0.0,0,19297.0
45,5,0,0,0,0,270,1.0,1.0,0.04,0.07,0.0,255,10,0.04,0.06,0.0,1.0,1.0,0.0,1,18305.0
45,5,0,0,0,0,209,1.0,1.0,0.01,0.07,0.0,255,2,0.01,0.06,0.0,1.0,1.0,0.0,1,88125.0
14,9,1032,0,0,0,511,0.0,0.0,1.0,0.0,0.0,255,119,0.47,0.02,0.0,0.02,0.0,0.0,1,65112.0
22,4,54540,8314,0,1,1,0.0,0.0,1.0,0.0,0.0,231,231,1.0,0.0,0.0,0.0,0.0,0.02,1,118932.0
49,9,130,240,0,1,1,0.0,0.0,1.0,0.0,0.0,98,88,0.28,0.72,0.02,0.0,0.0,0.0,0,9531.0
45,1,0,0,0,0,103,0.0,0.0,0.17,0.07,0.0,255,18,0.07,0.06,0.0,0.0,0.0,1.0,1,40994.0
45,5,0,0,0,0,64,1.0,1.0,0.22,0.06,0.0,255,14,0.05,0.06,0.0,1.0,1.0,0.0,1,38334.0
32,5,0,0,0,0,199,1.0,1.0,0.04,0.07,0.0,255,7,0.03,0.08,0.0,1.0,1.0,0.0,1,19259.0
16,5,0,0,0,0,91,1.0,1.0,0.09,0.08,0.0,255,8,0.03,0.06,0.0,1.0,1.0,0.0,1,66149.0
55,9,588,20138,0,1,1,0.0,0.0,1.0,0.0,0.0,255,31,0.12,0.37,0.0,0.37,0.1,0.03,0,4838.0
22,9,290,2782,0,1,11,0.0,0.0,1.0,0.0,0.15,48,255,1.0,0.0,0.03,0.0,0.0,0.0,0,82664.0
17,9,9,269,0,0,1,0.0,0.0,1.0,0.0,0.0,254,6,0.02,0.02,0.0,0.0,0.0,0.0,0,5949.0
22,9,356,1125,0,1,3,0.0,0.0,1.0,0.0,0.0,36,255,1.0,0.0,0.03,0.0,0.0,0.0,0,512.0
55,5,0,0,0,0,8,0.88,1.0,0.12,0.5,0.0,255,22,0.09,0.06,0.0,1.0,1.0,0.0,1,50406.0
62,1,0,0,0,0,234,0.0,0.0,0.01,0.07,0.0,255,2,0.01,0.08,0.0,0.0,0.0,1.0,1,122740.0
22,9,229,12598,0,1,6,0.0,0.0,1.0,0.0,0.0,6,255,1.0,0.0,0.04,0.0,0.01,0.0,0,3496.0
45,5,0,0,0,0,271,1.0,1.0,0.04,0.06,0.0,255,9,0.04,0.06,0.0,1.0,1.0,0.0,1,13733.0
8,5,0,0,0,0,204,1.0,1.0,0.04,0.06,0.0,255,17,0.07,0.08,0.0,1.0,1.0,0.0,1,74329.0
45,1,0,0,0,0,158,0.0,0.0,0.02,0.08,0.0,255,3,0.01,0.09,0.0,0.0,0.0,1.0,1,67941.0
22,1,0,0,0,0,1,0.0,0.5,1.0,0.0,1.0,1,255,1.0,0.0,0.18,0.0,0.0,1.0,0,19345.0
11,9,45,83,0,0,200,0.0,0.0,1.0,0.0,0.0,255,254,1.0,0.01,0.0,0.0,0.0,0.0,0,97845.0
45,5,0,0,0,0,138,1.0,1.0,0.05,0.07,0.0,255,7,0.03,0.06,0.0,1.0,1.0,0.0,1,47315.0
22,9,234,6494,0,1,30,0.0,0.0,1.0,0.0,0.06,30,255,1.0,0.0,0.05,0.0,0.0,0.0,0,93524.0
49,9,693,327,0,1,1,0.0,0.0,1.0,0.0,0.0,245,185,0.71,0.02,0.01,0.0,0.0,0.0,0,40678.0
11,9,1,0,0,0,24,0.0,0.0,0.25,0.12,0.0,255,6,0.02,0.91,0.0,0.03,0.0,0.0,1,34273.0
10,5,0,0,0,0,240,1.0,1.0,0.01,0.06,0.0,255,2,0.01,0.07,0.0,1.0,1.0,0.0,1,115768.0
54,5,0,0,0,0,244,1.0,1.0,0.09,0.05,0.0,255,22,0.09,0.06,0.0,1.0,1.0,0.0,1,31618.0
22,9,296,1875,0,1,4,0.0,0.0,1.0,0.0,0.0,91,255,1.0,0.0,0.01,0.0,0.0,0.0,0,93371.0
17,5,0,0,0,0,63,1.0,1.0,0.25,0.06,0.0,255,65,0.25,0.02,0.0,1.0,1.0,0.0,1,59449.0
49,9,965,326,0,1,1,0.0,0.0,1.0,0.0,0.0,166,161,0.62,0.03,0.01,0.0,0.0,0.0,0,113673.0
49,9,1428,328,0,1,1,0.0,0.0,1.0,0.0,0.0,150,128,0.59,0.05,0.02,0.01,0.01,0.0,0,59902.0
22,9,296,1227,0,1,2,0.0,0.0,1.0,0.0,0.0,147,147,1.0,0.0,0.0,0.0,0.0,0.0,0,61148.0
45,1,0,0,0,0,273,0.11,0.0,0.0,1.0,0.0,255,1,0.0,1.0,0.0,0.12,0.0,1.0,1,90372.0
22,9,223,1540,0,1,36,0.0,0.0,1.0,0.0,0.12,255,255,1.0,0.0,0.0,0.0,0.0,0.0,0,118499.0
63,5,0,0,0,0,248,1.0,1.0,0.08,0.06,0.0,255,19,0.07,0.07,0.0,1.0,1.0,0.0,1,102943.0
22,9,264,487,0,1,1,0.0,0.0,1.0,0.0,0.18,1,255,1.0,0.0,0.07,0.0,0.01,0.0,0,34738.0
4,5,0,0,0,0,279,1.0,1.0,0.04,0.05,0.0,255,10,0.04,0.05,0.0,1.0,1.0,0.0,1,8824.0
9,5,0,0,0,0,217,1.0,1.0,0.08,0.06,0.0,255,19,0.07,0.07,0.0,1.0,1.0,0.0,1,58657.0
11,9,32,0,0,0,3,0.0,0.0,1.0,0.0,0.38,33,31,0.12,0.15,0.06,0.0,0.0,0.0,0,26329.0
11,9,43,113,0,0,65,0.0,0.0,1.0,0.0,0.0,255,213,0.84,0.01,0.0,0.0,0.0,0.0,0,37071.0
45,9,105,146,0,0,3,0.0,0.0,0.33,0.67,0.0,255,219,0.86,0.01,0.0,0.0,0.0,0.0,0,3994.0
22,9,223,431,0,1,9,0.0,0.0,1.0,0.0,0.2,112,255,1.0,0.0,0.04,0.01,0.02,0.0,0,79828.0
22,9,493,9142,0,1,7,0.0,0.0,1.0,0.0,0.25,255,255,1.0,0.0,0.0,0.0,0.0,0.0,0,2814.0
22,9,225,188,0,1,1,0.0,0.0,1.0,0.0,0.14,36,255,1.0,0.0,0.05,0.0,0.0,0.0,0,104991.0
45,4,0,0,0,0,1,0.0,0.0,1.0,0.0,0.0,135,1,0.01,0.08,0.0,0.0,0.0,1.0,1,5554.0
29,5,0,0,0,0,148,1.0,1.0,0.13,0.05,0.0,255,4,0.02,0.07,0.0,1.0,1.0,0.0,1,14754.0
11,9,41,130,0,0,67,0.0,0.0,1.0,0.0,0.01,255,235,0.92,0.01,0.0,0.0,0.0,0.0,0,1962.0
22,9,394,272,0,1,12,0.0,0.0,1.0,0.0,0.0,255,255,1.0,0.0,0.0,0.0,0.0,0.0,0,29148.0
2,5,0,0,0,0,296,1.0,1.0,0.06,0.05,0.0,255,19,0.07,0.06,0.0,1.0,1.0,0.0,1,6437.0
11,9,44,44,0,0,116,0.0,0.0,1.0,0.0,0.01,255,255,1.0,0.0,0.0,0.0,0.0,0.0,0,94575.0
45,1,0,0,0,0,111,0.0,0.0,0.16,0.06,0.0,255,18,0.07,0.07,0.0,0.0,0.0,1.0,1,57543.0
22,9,196,8271,0,1,1,0.0,0.0,1.0,0.0,0.0,6,255,1.0,0.0,0.04,0.0,0.0,0.0,0,53826.0
19,5,0,0,0,0,38,1.0,1.0,0.24,0.11,0.0,255,9,0.04,0.08,0.0,1.0,1.0,0.0,1,94436.0
22,9,261,1394,0,1,33,0.0,0.0,1.0,0.0,0.0,255,255,1.0,0.0,0.0,0.0,0.0,0.0,0,116504.0
22,9,265,4095,0,1,3,0.0,0.0,1.0,0.0,0.0,8,39,1.0,0.0,0.05,0.0,0.0,0.0,0,108016.0
19,9,12,0,0,0,1,0.0,0.0,1.0,0.0,0.0,255,103,0.4,0.02,0.0,0.0,0.0,0.0,0,100788.0
22,9,159,685,0,1,3,0.33,0.33,1.0,0.0,0.0,2,255,1.0,0.0,0.06,0.0,0.0,0.0,0,71063.0
22,9,330,1651,0,1,8,0.0,0.0,1.0,0.0,0.0,255,255,1.0,0.0,0.0,0.0,0.0,0.0,0,97512.0
7,5,0,0,0,0,202,1.0,1.0,0.04,0.07,0.0,255,8,0.03,0.08,0.0,1.0,1.0,0.0,1,109673.0
45,1,0,0,0,0,256,0.0,0.0,0.04,0.07,0.0,255,22,0.09,0.07,0.0,0.0,0.0,1.0,1,38623.0
45,1,0,0,0,0,511,0.07,0.0,0.0,1.0,0.0,255,1,0.0,1.0,0.0,0.13,0.0,1.0,1,76238.0
45,5,0,0,0,0,224,1.0,1.0,0.01,0.06,0.0,255,9,0.04,0.08,0.0,1.0,1.0,0.0,1,118958.0
19,5,0,0,0,0,225,1.0,1.0,0.02,0.06,0.0,255,4,0.02,0.06,0.0,1.0,1.0,0.0,1,50061.0
22,1,0,0,0,0,1,0.0,0.0,1.0,0.0,0.0,2,179,1.0,0.0,0.07,0.0,0.0,1.0,0,22206.0
16,4,1,0,0,0,2,0.0,0.0,1.0,0.0,0.0,255,2,0.01,0.77,0.0,0.0,0.0,1.0,1,75411.0
22,1,0,0,0,0,1,0.0,0.0,1.0,0.0,0.0,3,255,1.0,0.0,0.23,0.0,0.0,0.94,0,124922.0
49,9,1065,328,0,1,1,0.0,0.88,1.0,0.0,0.25,182,129,0.53,0.03,0.02,0.0,0.0,0.02,0,15354.0
22,5,0,0,0,0,10,1.0,1.0,0.5,0.4,0.0,255,65,0.25,0.02,0.0,1.0,1.0,0.0,1,75822.0
22,9,217,11880,0,1,1,0.0,0.0,1.0,0.0,0.0,15,255,1.0,0.0,0.02,0.0,0.0,0.0,0,113618.0
22,9,317,334,0,1,5,0.0,0.0,1.0,0.0,0.0,44,255,1.0,0.0,0.05,0.0,0.0,0.0,0,41060.0
14,9,1032,0,0,0,511,0.0,0.0,1.0,0.0,0.0,255,107,0.42,0.02,0.0,0.02,0.0,0.0,1,100352.0
19,5,0,0,0,0,22,1.0,1.0,0.23,0.18,0.0,255,64,0.25,0.02,0.0,1.0,1.0,0.0,1,50666.0
19,9,748,0,0,0,1,0.0,0.0,1.0,0.0,0.0,158,61,0.13,0.03,0.03,0.0,0.0,0.0,0,72427.0
45,5,0,0,0,0,238,1.0,1.0,0.03,0.06,0.0,255,9,0.04,0.07,0.0,1.0,1.0,0.0,1,25886.0
10,5,0,0,0,0,118,1.0,1.0,0.19,0.06,0.0,255,10,0.04,0.06,0.0,1.0,1.0,0.0,1,18144.0
2,5,0,0,0,0,207,1.0,1.0,0.09,0.05,0.0,255,12,0.05,0.07,0.0,1.0,1.0,0.0,1,99168.0
13,9,8,0,0,0,1,0.0,0.0,1.0,0.0,1.0,1,121,1.0,0.0,0.26,0.0,0.0,0.0,1,5049.0
45,5,0,0,0,0,242,1.0,1.0,0.05,0.06,0.0,255,9,0.04,0.08,0.0,1.0,1.0,0.0,1,15423.0
22,1,0,0,0,0,27,0.0,0.0,1.0,0.0,0.0,62,253,1.0,0.0,0.16,0.0,0.0,0.98,0,91645.0
45,5,0,0,0,0,202,1.0,1.0,0.01,0.06,0.0,255,19,0.07,0.08,0.0,1.0,1.0,0.0,1,120596.0
45,9,28,0,3,0,97,0.0,0.0,1.0,0.0,0.0,255,97,0.38,0.01,0.0,0.0,0.0,0.0,1,87306.0
45,4,0,0,0,0,325,0.0,0.0,0.01,0.52,0.0,255,2,0.01,0.52,0.0,0.0,0.0,1.0,1,52026.0
22,9,200,2345,0,1,6,0.0,0.0,1.0,0.0,0.0,255,255,1.0,0.0,0.0,0.0,0.0,0.0,0,17281.0
22,9,307,433,0,1,19,0.0,0.0,1.0,0.0,0.0,65,255,1.0,0.0,0.06,0.0,0.0,0.0,0,80138.0
22,9,54540,8314,0,1,4,0.0,0.0,1.0,0.0,0.0,97,97,1.0,0.0,0.0,0.0,0.0,0.15,1,57187.0
16,5,0,0,0,0,143,1.0,1.0,0.13,0.06,0.0,255,18,0.07,0.07,0.0,1.0,1.0,0.0,1,111941.0
45,3,0,0,0,0,145,0.71,0.5,0.01,0.37,0.0,255,2,0.01,0.21,0.0,0.4,0.5,0.5,1,36524.0
14,9,1032,0,0,0,511,0.0,0.0,1.0,0.0,0.0,255,14,0.05,0.17,0.0,0.16,0.0,0.0,1,81385.0
43,5,0,0,0,0,229,1.0,1.0,0.01,0.07,0.0,255,2,0.01,0.08,0.0,1.0,1.0,0.0,1,110584.0
9,2,0,0,0,0,201,0.0,0.0,0.0,0.06,0.0,255,1,0.0,0.06,0.0,0.0,0.0,1.0,1,46428.0
11,9,45,138,0,0,78,0.0,0.0,1.0,0.0,0.01,255,248,0.97,0.01,0.0,0.0,0.0,0.0,0,82772.0
13,9,30,0,0,0,8,0.0,0.0,0.12,0.38,0.0,255,5,0.02,0.01,0.0,0.0,0.0,0.0,0,43116.0
45,5,0,0,0,0,127,1.0,1.0,0.13,0.06,0.0,237,16,0.07,0.07,0.0,1.0,1.0,0.0,1,54373.0
22,9,215,597,0,1,10,0.0,0.0,1.0,0.0,0.18,255,255,1.0,0.0,0.0,0.0,0.0,0.0,0,3649.0
26,5,0,0,0,0,278,1.0,1.0,0.07,0.06,0.0,255,20,0.08,0.06,0.0,1.0,1.0,0.0,1,15924.0
22,9,219,1547,0,1,44,0.0,0.0,1.0,0.0,0.04,116,116,1.0,0.0,0.0,0.0,0.0,0.0,0,46560.0
45,1,0,0,0,0,211,0.09,0.0,0.0,1.0,0.0,255,1,0.0,0.92,0.0,0.07,0.0,1.0,1,46594.0
49,9,978,439,0,1,1,0.0,0.0,1.0,0.0,0.0,255,12,0.05,0.02,0.0,0.88,0.0,0.0,0,105115.0
22,9,200,1886,0,1,8,0.0,0.0,1.0,0.0,0.17,27,255,1.0,0.0,0.05,0.0,0.0,0.0,0,81484.0
22,1,0,0,0,0,1,0.0,0.0,1.0,0.0,0.0,20,254,1.0,0.0,0.16,0.0,0.0,0.98,0,43949.0
22,9,324,2225,0,1,3,0.0,0.1,1.0,0.0,0.3,255,255,1.0,0.0,0.0,0.0,0.0,0.0,0,90960.0
45,5,0,0,0,0,215,1.0,1.0,0.09,0.06,0.0,255,7,0.03,0.07,0.0,1.0,1.0,0.0,1,107220.0
11,9,46,130,0,0,207,0.0,0.0,1.0,0.0,0.0,132,93,0.7,0.02,0.0,0.0,0.0,0.0,0,65454.0
45,5,0,0,0,0,2,1.0,1.0,1.0,0.0,0.0,255,4,0.02,0.07,0.0,1.0,1.0,0.0,1,34819.0
49,9,1869,347,0,1,1,0.0,0.0,1.0,0.0,0.0,174,100,0.44,0.41,0.02,0.0,0.0,0.04,0,77805.0
22,9,221,813,0,1,14,0.0,0.0,1.0,0.0,0.13,255,255,1.0,0.0,0.0,0.0,0.0,0.0,0,99892.0
22,9,224,2778,0,1,9,0.0,0.0,1.0,0.0,0.0,9,255,1.0,0.0,0.05,0.0,0.0,0.0,0,103040.0
5,5,0,0,0,0,145,1.0,1.0,0.14,0.04,0.0,255,21,0.08,0.05,0.0,1.0,1.0,0.0,1,21305.0
13,9,8,0,0,0,1,0.0,0.0,1.0,0.0,1.0,2,174,1.0,0.0,0.25,0.0,0.0,0.0,1,89038.0
13,9,8,0,0,0,1,0.0,0.0,1.0,0.0,1.0,1,59,1.0,0.0,0.51,0.0,0.0,0.0,1,14863.0
18,9,1221,2449,0,1,1,0.0,0.0,1.0,0.0,0.0,255,139,0.55,0.02,0.0,0.0,0.0,0.0,1,17649.0
22,9,207,1382,0,1,9,0.0,0.0,1.0,0.0,0.17,71,255,1.0,0.0,0.03,0.0,0.0,0.0,0,63322.0
22,9,189,9345,0,1,3,0.0,0.0,1.0,0.0,0.5,3,255,1.0,0.0,0.04,0.0,0.0,0.0,0,22721.0
23,5,0,0,0,0,103,1.0,1.0,0.01,0.07,0.0,255,12,0.05,0.06,0.0,1.0,1.0,0.0,1,37730.0
11,9,46,46,0,0,4,0.0,0.0,0.25,0.5,0.33,24,23,0.96,0.08,0.0,0.0,0.0,0.0,0,74953.0
22,1,0,0,0,0,1,0.0,0.0,1.0,0.0,0.0,12,201,1.0,0.0,0.12,0.0,0.0,0.72,0,5990.0
45,1,0,0,0,0,169,0.0,0.0,0.09,0.07,0.0,255,15,0.06,0.07,0.0,0.0,0.0,1.0,1,5226.0
17,9,6,220,0,0,1,0.0,0.0,1.0,0.0,0.0,1,4,1.0,0.0,0.5,0.0,0.0,0.0,0,96843.0
45,5,0,0,0,0,144,1.0,1.0,0.09,0.06,0.0,73,7,0.1,0.15,0.0,1.0,1.0,0.0,1,87879.0
22,9,240,3222,0,1,2,0.0,0.0,1.0,0.0,0.0,255,249,0.98,0.01,0.0,0.0,0.0,0.0,0,79581.0
19,9,334,0,0,1,1,0.0,0.0,1.0,0.0,0.0,1,19,1.0,0.0,0.21,0.0,0.0,0.0,1,22497.0
36,5,0,0,0,0,271,1.0,1.0,0.01,0.05,0.0,255,4,0.02,0.05,0.0,1.0,1.0,0.0,1,94533.0
54,5,0,0,0,0,275,1.0,1.0,0.05,0.07,0.0,255,6,0.02,0.08,0.0,1.0,1.0,0.0,1,5474.0
50,5,0,0,0,0,246,1.0,1.0,0.06,0.07,0.0,255,15,0.06,0.08,0.0,1.0,1.0,0.0,1,11385.0
49,9,1982,332,0,1,1,0.0,0.0,1.0,0.0,1.0,57,76,0.6,0.04,0.03,0.0,0.0,0.0,0,58754.0
19,9,607,0,0,1,2,0.0,0.0,1.0,0.0,0.0,255,17,0.07,0.02,0.0,0.0,0.0,0.0,0,76330.0
22,9,287,2253,0,1,7,0.0,0.0,1.0,0.0,0.25,33,255,1.0,0.0,0.03,0.0,0.0,0.0,0,12002.0
22,9,278,2655,0,1,7,0.0,0.0,1.0,0.0,0.0,112,255,1.0,0.0,0.04,0.0,0.0,0.0,0,49316.0
22,7,0,0,0,0,4,0.5,0.5,1.0,0.0,0.0,255,255,1.0,0.0,0.0,0.01,0.01,0.0,0,99411.0
45,5,0,0,0,0,257,1.0,1.0,0.06,0.06,0.0,255,16,0.06,0.08,0.0,1.0,1.0,0.0,1,106344.0
49,2,0,0,0,0,1,0.0,0.0,1.0,0.0,0.0,193,165,0.69,0.03,0.01,0.0,0.0,0.07,0,121761.0
22,5,0,0,0,0,291,1.0,1.0,0.08,0.05,0.0,255,24,0.09,0.05,0.0,1.0,1.0,0.0,1,70192.0
11,9,42,42,0,0,2,0.0,0.0,1.0,0.0,0.0,255,227,0.89,0.01,0.0,0.0,0.0,0.0,0,37266.0
49,9,3304,333,0,1,2,0.0,0.0,0.5,1.0,0.0,136,141,0.49,0.04,0.01,0.0,0.0,0.0,0,94581.0
27,5,0,0,0,0,143,1.0,1.0,0.1,0.06,0.0,255,8,0.03,0.07,0.0,1.0,1.0,0.0,1,97968.0
22,9,309,1643,0,1,2,0.0,0.0,1.0,0.0,0.67,9,254,1.0,0.0,0.03,0.0,0.0,0.01,0,60298.0
22,6,236,14600,0,1,1,1.0,1.0,1.0,0.0,0.0,255,255,1.0,0.0,0.0,0.0,0.0,0.0,0,120080.0
45,9,1,0,0,0,18,0.0,0.0,0.22,0.44,0.0,255,4,0.02,0.8,0.0,0.1,0.0,0.0,1,103412.0
22,9,144,9524,0,1,1,0.0,0.0,1.0,0.0,0.0,113,255,1.0,0.0,0.04,0.0,0.0,0.0,0,64838.0
35,1,0,0,0,0,236,0.0,0.0,0.04,0.06,0.0,255,10,0.04,0.07,0.0,0.0,0.0,1.0,1,82930.0
59,9,181,0,0,0,2,0.0,0.0,0.5,1.0,0.0,255,15,0.06,0.01,0.0,0.0,0.0,0.0,0,13745.0
11,9,45,139,0,0,70,0.0,0.0,1.0,0.0,0.01,255,245,0.96,0.01,0.0,0.0,0.0,0.0,0,114837.0
11,9,42,131,0,0,63,0.0,0.0,1.0,0.0,0.01,255,196,0.77,0.01,0.0,0.0,0.0,0.0,0,120483.0
45,5,0,0,0,0,130,1.0,1.0,0.08,0.07,0.0,255,11,0.04,0.06,0.0,1.0,1.0,0.0,1,8033.0
22,9,333,1202,0,1,24,0.0,0.0,1.0,0.0,0.0,108,255,1.0,0.0,0.03,0.0,0.0,0.0,0,31572.0
22,9,352,755,0,1,24,0.0,0.0,1.0,0.0,0.0,24,255,1.0,0.0,0.04,0.0,0.0,0.0,0,121848.0
11,9,46,139,0,0,314,0.0,0.0,1.0,0.0,0.0,255,251,0.98,0.01,0.0,0.0,0.0,0.0,0,51120.0
22,9,205,648,0,1,15,0.0,0.0,1.0,0.0,0.17,255,255,1.0,0.0,0.0,0.0,0.0,0.0,0,107814.0
22,9,335,11209,0,1,7,0.0,0.0,1.0,0.0,0.0,75,255,1.0,0.0,0.02,0.0,0.0,0.0,0,26249.0
11,9,46,75,0,0,200,0.0,0.0,1.0,0.0,0.01,255,215,0.84,0.01,0.0,0.0,0.0,0.0,0,19409.0
22,9,279,1857,0,1,20,0.05,0.05,1.0,0.0,0.09,255,255,1.0,0.0,0.0,0.0,0.0,0.0,0,116799.0
5,5,0,0,0,0,135,1.0,1.0,0.01,0.06,0.0,255,3,0.01,0.07,0.0,1.0,1.0,0.0,1,91796.0
17,5,0,0,0,0,290,1.0,1.0,0.03,0.05,0.0,255,10,0.04,0.05,0.0,1.0,1.0,0.0,1,58479.0
22,9,308,5645,0,1,3,0.0,0.0,1.0,0.0,0.0,35,255,1.0,0.0,0.07,0.0,0.0,0.0,0,32106.0
55,9,1093,18740,0,1,1,0.0,0.0,1.0,0.0,0.0,108,21,0.19,0.05,0.0,0.01,0.05,0.0,0,99251.0
12,5,0,0,0,0,275,1.0,1.0,0.03,0.06,0.0,255,8,0.03,0.07,0.0,1.0,1.0,0.0,1,53585.0
22,9,316,893,0,1,5,0.0,0.0,1.0,0.0,0.33,255,255,1.0,0.0,0.0,0.0,0.0,0.0,0,56706.0
55,6,0,0,0,0,2,0.5,1.0,0.5,1.0,0.0,255,1,0.0,0.85,0.0,0.0,1.0,0.0,1,7353.0
22,9,256,5567,0,1,20,0.05,0.05,1.0,0.0,0.0,255,255,1.0,0.0,0.0,0.0,0.0,0.0,0,69872.0
27,5,0,0,0,0,140,1.0,1.0,0.14,0.06,0.0,255,19,0.07,0.06,0.0,1.0,1.0,0.0,1,86800.0
22,9,207,259,0,1,2,0.0,0.0,1.0,0.0,0.67,9,255,1.0,0.0,0.05,0.0,0.0,0.0,0,55029.0
22,9,172,2595,0,1,1,0.0,0.0,1.0,0.0,0.2,31,255,1.0,0.0,0.02,0.0,0.0,0.0,0,60300.0
22,9,216,1424,0,1,8,0.0,0.0,1.0,0.0,0.0,93,255,1.0,0.0,0.03,0.0,0.0,0.0,0,70546.0
49,9,1195,542,0,1,1,0.0,0.0,1.0,0.0,0.0,127,89,0.17,0.03,0.02,0.0,0.0,0.0,0,98871.0
45,5,0,0,0,0,172,1.0,1.0,0.01,0.07,0.0,255,12,0.05,0.07,0.0,1.0,1.0,0.0,1,5754.0
18,9,888,2579,0,1,1,0.0,0.0,1.0,0.0,0.0,188,30,0.16,0.04,0.0,0.0,0.0,0.07,0,125866.0
49,9,1496,326,0,1,1,0.0,0.0,1.0,0.0,1.0,202,156,0.61,0.02,0.01,0.0,0.0,0.0,0,86275.0
45,5,0,0,0,0,141,1.0,1.0,0.04,0.06,0.0,255,10,0.04,0.06,0.0,1.0,1.0,0.0,1,102571.0
19,5,0,0,0,0,31,1.0,1.0,0.19,0.13,0.0,255,66,0.26,0.02,0.0,1.0,1.0,0.0,1,76500.0
22,1,0,0,0,0,1,0.0,0.0,1.0,0.0,0.0,118,118,1.0,0.0,0.0,0.0,0.0,1.0,0,32858.0
22,9,249,770,0,1,17,0.0,0.0,1.0,0.0,0.05,255,255,1.0,0.0,0.0,0.0,0.0,0.0,0,120477.0
22,9,302,25397,0,1,6,0.0,0.0,1.0,0.0,0.05,25,230,1.0,0.0,0.01,0.0,0.01,0.01,0,115555.0
22,9,354,2997,0,1,1,0.0,0.0,1.0,0.0,1.0,90,255,1.0,0.0,0.02,0.0,0.0,0.0,0,62874.0
51,4,0,0,0,0,1,0.0,0.0,1.0,0.0,0.0,255,1,0.0,0.42,0.0,0.0,0.0,1.0,1,29543.0
49,9,947,330,0,1,1,0.0,0.0,1.0,0.0,0.0,37,28,0.76,0.08,0.0,0.0,0.0,0.0,0,20606.0
2,5,0,0,0,0,18,1.0,1.0,0.22,0.28,0.0,255,10,0.04,0.08,0.0,1.0,1.0,0.0,1,75170.0
45,5,0,0,0,0,147,1.0,1.0,0.07,0.05,0.0,255,11,0.04,0.08,0.0,1.0,1.0,0.0,1,121422.0
22,9,230,561,0,1,3,0.0,0.0,1.0,0.0,0.0,8,133,1.0,0.0,0.04,0.0,0.0,0.0,0,61559.0
33,5,0,0,0,0,290,1.0,1.0,0.06,0.06,0.0,255,5,0.02,0.07,0.0,1.0,1.0,0.0,1,54053.0
45,5,0,0,0,0,194,1.0,1.0,0.1,0.06,0.0,255,2,0.01,0.07,0.0,1.0,1.0,0.0,1,100591.0
45,5,0,0,0,0,275,1.0,1.0,0.05,0.05,0.0,255,16,0.06,0.09,0.0,1.0,1.0,0.0,1,40985.0
11,9,45,125,0,0,50,0.0,0.0,0.98,0.04,0.02,255,225,0.88,0.02,0.0,0.0,0.0,0.0,0,24927.0
13,9,8,0,0,0,1,0.0,0.0,1.0,0.0,1.0,1,195,1.0,0.0,0.5,0.0,0.0,0.0,1,47257.0
13,9,8,0,0,0,1,0.0,0.0,1.0,0.0,1.0,2,20,1.0,0.0,0.5,0.0,0.0,0.0,1,18045.0
11,9,44,126,0,0,255,0.0,0.0,1.0,0.0,0.0,255,252,0.99,0.01,0.0,0.0,0.0,0.0,0,9997.0
22,9,227,2080,0,1,20,0.0,0.0,1.0,0.0,0.1,74,255,1.0,0.0,0.06,0.0,0.01,0.0,0,107528.0
45,1,0,0,0,0,106,0.0,0.0,0.06,0.06,0.0,255,26,0.1,0.05,0.0,0.0,0.0,1.0,1,102642.0
19,9,637,0,0,0,16,0.0,0.0,1.0,0.0,0.0,237,52,0.22,0.02,0.0,0.0,0.0,0.0,0,109427.0
49,9,1941,338,0,1,1,0.0,0.0,1.0,0.0,1.0,167,190,0.75,0.02,0.01,0.0,0.0,0.0,0,54641.0
17,5,0,0,0,0,18,1.0,1.0,0.28,0.22,0.0,255,63,0.25,0.02,0.0,1.0,1.0,0.0,1,29291.0
55,9,99,2171,0,1,1,0.0,0.0,1.0,0.0,0.0,117,20,0.17,0.03,0.0,0.0,0.0,0.1,0,26947.0
17,9,6,0,0,0,1,0.0,0.0,1.0,0.0,0.0,7,9,0.14,0.29,0.33,0.0,0.0,0.0,0,40324.0
45,9,1,0,0,0,19,0.0,0.0,0.74,0.21,0.0,255,14,0.05,0.22,0.0,0.0,0.0,0.0,1,88871.0
45,5,0,0,0,0,116,1.0,1.0,0.09,0.07,0.0,18,11,0.61,0.17,0.0,1.0,1.0,0.0,1,69534.0
22,9,330,3883,0,1,8,0.0,0.0,1.0,0.0,0.0,255,255,1.0,0.0,0.0,0.0,0.0,0.0,0,43746.0
59,9,182,0,0,0,5,0.0,0.0,0.8,0.4,0.0,255,18,0.07,0.01,0.0,0.0,0.0,0.0,0,14623.0
14,9,1032,0,0,0,134,0.0,0.0,1.0,0.0,0.0,255,134,0.53,0.01,0.0,0.0,0.0,0.0,1,1019.0
22,9,203,402,0,1,17,0.0,0.0,1.0,0.0,0.0,255,255,1.0,0.0,0.0,0.0,0.0,0.0,0,76029.0
19,9,641,0,0,1,2,0.0,0.0,1.0,0.0,0.0,39,88,0.9,0.05,0.03,0.0,0.0,0.0,0,17684.0
22,9,240,412,0,1,15,0.07,0.07,1.0,0.0,0.0,196,255,1.0,0.0,0.03,0.01,0.0,0.0,0,20877.0
22,9,207,622,0,1,22,0.0,0.0,1.0,0.0,0.05,255,255,1.0,0.0,0.0,0.0,0.0,0.0,0,68637.0
19,9,383,0,0,1,2,0.0,0.0,1.0,0.0,0.0,255,107,0.42,0.02,0.0,0.0,0.0,0.0,0,28040.0
19,5,0,0,0,0,27,1.0,1.0,0.22,0.15,0.0,255,59,0.23,0.03,0.0,1.0,1.0,0.0,1,112446.0
22,5,0,0,0,0,206,1.0,1.0,0.07,0.06,0.0,255,15,0.06,0.07,0.0,1.0,1.0,0.0,1,27917.0
45,5,0,0,0,0,208,1.0,1.0,0.04,0.06,0.0,255,8,0.03,0.06,0.0,1.0,1.0,0.0,1,17224.0
22,9,345,545,0,1,9,0.0,0.0,1.0,0.0,0.27,255,255,1.0,0.0,0.0,0.0,0.0,0.0,0,3587.0
22,9,252,1483,0,1,8,0.0,0.0,1.0,0.0,0.15,255,255,1.0,0.0,0.0,0.0,0.0,0.0,0,13785.0
45,5,0,0,0,0,102,1.0,1.0,0.02,0.07,0.0,3,2,0.67,0.67,0.0,1.0,1.0,0.0,1,30990.0
49,9,668,334,0,1,1,0.0,0.0,1.0,0.0,1.0,165,96,0.58,0.07,0.0,0.01,0.01,0.0,0,63829.0
22,9,373,1699,0,1,1,0.0,0.0,1.0,0.0,1.0,6,255,1.0,0.0,0.05,0.0,0.0,0.0,0,79531.0
45,5,0,0,0,0,76,1.0,1.0,0.01,0.07,0.0,255,10,0.04,0.05,0.0,1.0,1.0,0.0,1,34547.0
49,9,1852,327,0,1,1,0.0,0.0,1.0,0.0,0.0,255,144,0.56,0.02,0.0,0.0,0.01,0.0,0,85289.0
22,9,306,6615,0,1,6,0.0,0.0,1.0,0.0,0.0,42,255,1.0,0.0,0.04,0.0,0.0,0.0,0,62334.0
11,9,42,42,0,0,4,0.0,0.0,1.0,0.0,0.33,255,249,0.98,0.01,0.0,0.0,0.0,0.0,0,117446.0
45,2,0,0,0,0,266,0.0,0.0,0.02,0.06,0.0,255,4,0.02,0.07,0.0,0.0,0.0,1.0,1,57634.0
22,9,335,2370,0,1,10,0.0,0.0,1.0,0.0,0.0,135,255,1.0,0.0,0.02,0.0,0.0,0.0,0,22687.0
31,5,0,0,0,0,3,1.0,1.0,1.0,0.0,0.0,255,3,0.01,0.07,0.0,1.0,1.0,0.0,1,114343.0
19,9,641,0,0,0,1,0.0,0.0,1.0,0.0,0.0,171,57,0.33,0.02,0.0,0.0,0.0,0.0,0,85728.0
3,5,0,0,0,0,228,1.0,1.0,0.01,0.07,0.0,255,3,0.01,0.07,0.0,1.0,1.0,0.0,1,58795.0
49,9,1785,404,0,1,1,0.0,0.0,1.0,0.0,1.0,255,60,0.24,0.05,0.0,0.49,0.0,0.0,0,106174.0
22,1,0,0,0,0,2,0.0,0.0,1.0,0.0,0.0,255,212,0.83,0.02,0.0,0.0,0.0,1.0,0,97745.0
19,9,192,0,0,0,2,0.0,0.0,1.0,0.0,0.0,162,110,0.4,0.02,0.02,0.0,0.0,0.0,0,52740.0
22,9,202,1990,0,1,4,0.0,0.0,1.0,0.0,0.27,18,255,1.0,0.0,0.02,0.0,0.0,0.0,0,114098.0
49,9,1120,332,0,1,1,0.0,0.0,1.0,0.0,0.0,223,137,0.49,0.01,0.01,0.0,0.0,0.0,0,124841.0
22,9,220,2408,0,1,16,0.0,0.0,1.0,0.0,0.0,32,255,1.0,0.0,0.03,0.0,0.0,0.0,0,42842.0
22,9,238,9536,0,1,1,0.0,0.0,1.0,0.0,0.0,31,255,1.0,0.0,0.02,0.0,0.0,0.0,0,57713.0
45,5,0,0,0,0,26,1.0,1.0,0.04,0.12,0.0,255,13,0.05,0.07,0.0,1.0,1.0,0.0,1,91961.0
11,9,43,128,0,0,195,0.0,0.0,1.0,0.0,0.01,255,253,0.99,0.01,0.0,0.0,0.0,0.0,0,18244.0
22,9,233,6703,0,1,1,0.0,0.0,1.0,0.0,0.29,21,255,1.0,0.0,0.04,0.0,0.0,0.0,0,110698.0
45,5,0,0,0,0,150,1.0,1.0,0.11,0.05,0.0,255,10,0.04,0.07,0.0,1.0,1.0,0.0,1,53557.0
19,9,748,0,0,1,2,0.0,0.0,0.5,1.0,0.0,145,78,0.25,0.03,0.03,0.0,0.0,0.0,0,44594.0
10,5,0,0,0,0,197,1.0,1.0,0.08,0.07,0.0,255,16,0.06,0.07,0.0,1.0,1.0,0.0,1,33872.0
49,9,2061,325,0,1,1,0.0,0.0,1.0,0.0,0.0,255,138,0.54,0.03,0.0,0.0,0.01,0.0,0,105708.0
49,9,1054,339,0,1,2,0.0,0.0,0.5,1.0,0.0,40,148,0.77,0.08,0.01,0.0,0.0,0.04,0,62497.0
22,9,232,538,0,1,24,0.0,0.0,1.0,0.0,0.0,255,255,1.0,0.0,0.0,0.0,0.0,0.0,0,34626.0
22,9,199,181,0,1,8,0.0,0.0,1.0,0.0,0.11,255,255,1.0,0.0,0.0,0.0,0.0,0.0,0,113158.0
41,9,147,105,0,0,1,0.0,0.0,1.0,0.0,0.0,255,1,0.0,0.41,0.0,0.0,0.0,0.0,0,35055.0
30,5,0,0,0,0,248,1.0,1.0,0.01,0.06,0.0,255,2,0.01,0.07,0.0,1.0,1.0,0.0,1,85802.0
55,5,0,0,0,0,233,1.0,1.0,0.01,0.06,0.0,255,2,0.01,0.06,0.0,1.0,1.0,0.0,1,45825.0
22,9,319,5496,0,1,1,0.0,0.0,1.0,0.0,0.0,60,255,1.0,0.0,0.05,0.0,0.0,0.0,0,114723.0
45,5,0,0,0,0,149,1.0,1.0,0.13,0.06,0.0,255,13,0.05,0.06,0.0,1.0,1.0,0.0,1,96615.0
8,2,0,0,0,0,202,0.0,0.0,0.01,0.07,0.0,255,2,0.01,0.08,0.0,0.0,0.0,1.0,1,89903.0
19,9,9178,0,0,1,6,0.0,0.0,1.0,0.0,0.0,255,94,0.37,0.01,0.0,0.0,0.0,0.0,0,74339.0
22,9,343,255,0,1,27,0.0,0.0,1.0,0.0,0.06,27,255,1.0,0.0,0.06,0.0,0.0,0.0,0,78399.0
22,1,0,0,0,0,1,0.0,0.0,1.0,0.0,0.0,25,124,1.0,0.0,0.23,0.0,0.0,1.0,0,106550.0
18,9,243,776,0,1,1,0.0,0.0,1.0,0.0,0.0,22,11,0.5,0.18,0.0,0.0,0.0,0.0,0,4985.0
45,4,0,0,0,0,1,0.0,0.0,1.0,0.0,0.0,187,1,0.01,0.13,0.0,0.0,0.0,1.0,1,115862.0
3,1,0,0,0,0,217,0.0,0.0,0.04,0.06,0.0,255,9,0.04,0.08,0.0,0.0,0.0,1.0,1,113572.0
45,5,0,0,0,0,213,1.0,1.0,0.02,0.06,0.0,255,17,0.07,0.08,0.0,1.0,1.0,0.0,1,98292.0
41,9,146,0,0,0,4,0.0,0.0,0.25,0.75,0.0,255,1,0.0,0.58,0.0,0.0,0.0,0.0,0,124276.0
57,5,0,0,0,0,283,1.0,1.0,0.01,0.06,0.0,255,16,0.06,0.07,0.0,1.0,1.0,0.0,1,7603.0
45,5,0,0,0,0,202,1.0,1.0,0.01,0.06,0.0,255,5,0.02,0.06,0.0,1.0,1.0,0.0,1,105597.0
22,9,206,1749,0,1,2,0.0,0.0,1.0,0.0,0.0,2,255,1.0,0.0,0.05,0.0,0.0,0.0,0,79483.0
55,9,599,2414928,0,1,1,0.0,0.0,1.0,0.0,0.0,234,70,0.3,0.02,0.0,0.0,0.0,0.0,0,73072.0
49,9,551,327,0,1,1,0.0,0.0,1.0,0.0,1.0,150,122,0.65,0.03,0.02,0.0,0.0,0.0,0,106886.0
49,9,987,334,0,1,1,0.0,0.0,1.0,0.0,0.0,206,132,0.53,0.03,0.02,0.0,0.0,0.0,0,48228.0
50,5,0,0,0,0,163,1.0,1.0,0.02,0.08,0.0,255,3,0.01,0.08,0.0,1.0,1.0,0.0,1,55247.0
8,5,0,0,0,0,201,1.0,1.0,0.07,0.06,0.0,255,18,0.07,0.05,0.0,1.0,1.0,0.0,1,63729.0
11,9,44,132,0,0,197,0.0,0.0,0.99,0.01,0.01,255,255,1.0,0.0,0.0,0.0,0.0,0.0,0,30058.0
22,9,403,4355,0,1,8,0.0,0.0,1.0,0.0,0.0,255,255,1.0,0.0,0.0,0.0,0.0,0.0,0,20425.0
19,9,192,0,0,1,2,0.0,0.0,1.0,0.0,0.0,17,9,0.24,0.12,0.22,0.0,0.0,0.0,0,67986.0
22,9,206,5200,0,1,5,0.0,0.0,1.0,0.0,0.0,255,255,1.0,0.0,0.0,0.0,0.0,0.0,0,125907.0
22,9,237,666,0,1,5,0.0,0.0,1.0,0.0,0.0,128,255,1.0,0.0,0.02,0.0,0.0,0.0,0,83869.0
41,4,1,0,0,0,2,0.0,0.0,1.0,0.0,0.0,255,2,0.01,0.73,0.0,0.0,0.0,1.0,1,19377.0
11,9,43,43,0,0,127,0.0,0.0,0.99,0.02,0.0,255,254,1.0,0.01,0.0,0.0,0.0,0.0,0,49344.0
45,5,0,0,0,0,277,1.0,1.0,0.06,0.06,0.0,255,14,0.05,0.07,0.0,1.0,1.0,0.0,1,9922.0
59,9,78,0,0,0,32,0.0,0.0,0.16,0.06,0.0,255,21,0.08,0.01,0.0,0.0,0.0,0.0,0,115883.0
17,5,0,0,0,0,49,1.0,1.0,0.27,0.08,0.0,255,44,0.17,0.04,0.0,1.0,1.0,0.0,1,17836.0
22,9,291,303,0,1,5,0.0,0.0,1.0,0.0,0.07,79,255,1.0,0.0,0.03,0.0,0.01,0.0,0,116958.0
22,9,320,29710,0,1,13,0.0,0.0,1.0,0.0,0.0,59,255,1.0,0.0,0.01,0.0,0.0,0.0,0,52814.0
22,9,294,317,0,1,11,0.0,0.0,1.0,0.0,0.0,26,255,1.0,0.0,0.02,0.0,0.0,0.0,0,107255.0
22,9,203,256,0,1,7,0.0,0.0,1.0,0.0,0.25,47,255,1.0,0.0,0.03,0.0,0.0,0.0,0,109835.0
18,9,1238,2451,0,1,1,0.0,0.0,1.0,0.0,0.0,255,120,0.47,0.02,0.0,0.0,0.0,0.0,1,70002.0
11,9,44,72,0,0,43,0.0,0.0,1.0,0.0,0.0,255,254,1.0,0.01,0.0,0.0,0.0,0.0,0,74202.0
22,9,368,789,0,1,1,0.0,0.0,1.0,0.0,0.19,13,255,1.0,0.0,0.05,0.0,0.0,0.0,0,34900.0
45,5,0,0,0,0,178,1.0,1.0,0.02,0.07,0.0,255,12,0.05,0.07,0.0,1.0,1.0,0.0,1,12182.0
11,9,36,52,0,0,2,0.0,0.0,1.0,0.0,0.19,102,88,0.86,0.03,0.0,0.0,0.0,0.0,0,94129.0
57,5,0,0,0,0,2,0.5,0.5,1.0,0.0,0.0,11,11,1.0,0.0,0.0,0.09,0.09,0.0,0,53499.0
22,9,220,1695,0,1,15,0.0,0.0,1.0,0.0,0.0,255,255,1.0,0.0,0.0,0.0,0.0,0.0,0,105207.0
37,1,0,0,0,0,105,0.0,0.0,0.03,0.08,0.0,255,3,0.01,0.07,0.0,0.0,0.0,1.0,1,110581.0
22,9,294,495,0,1,42,0.0,0.0,1.0,0.0,0.0,255,255,1.0,0.0,0.0,0.0,0.0,0.0,0,83282.0
22,9,386,852,0,1,10,0.0,0.0,1.0,0.0,0.0,255,255,1.0,0.0,0.0,0.0,0.0,0.0,0,76466.0
17,5,0,0,0,0,57,0.98,1.0,0.26,0.09,0.0,255,35,0.14,0.05,0.0,1.0,1.0,0.0,1,62340.0
22,9,218,390,0,1,5,0.0,0.0,1.0,0.0,0.0,84,255,1.0,0.0,0.01,0.0,0.0,0.0,0,21557.0
45,5,0,0,0,0,150,1.0,1.0,0.03,0.06,0.0,255,2,0.01,0.07,0.0,1.0,1.0,0.0,1,46501.0
22,9,195,313,0,1,30,0.0,0.0,1.0,0.0,0.05,30,255,1.0,0.0,0.03,0.0,0.0,0.0,0,97105.0
45,5,0,0,0,0,278,1.0,1.0,0.01,0.06,0.0,255,3,0.01,0.08,0.0,1.0,1.0,0.0,1,12835.0
22,9,294,3989,0,1,11,0.0,0.0,1.0,0.0,0.0,11,255,1.0,0.0,0.05,0.0,0.0,0.0,0,16461.0
22,9,268,1431,0,1,32,0.0,0.0,1.0,0.0,0.0,255,255,1.0,0.0,0.0,0.0,0.0,0.0,0,96422.0
11,9,45,111,0,0,1,0.0,0.0,1.0,0.0,0.0,180,229,1.0,0.0,0.01,0.0,0.0,0.0,0,21794.0
41,9,1,0,0,0,16,0.0,0.0,0.25,0.25,0.0,255,4,0.02,0.26,0.0,0.0,0.0,0.0,1,81754.0
52,5,0,0,0,0,231,1.0,1.0,0.03,0.07,0.0,255,8,0.03,0.07,0.0,1.0,1.0,0.0,1,33946.0
22,9,305,920,0,1,17,0.0,0.0,1.0,0.0,0.0,207,255,1.0,0.0,0.02,0.0,0.0,0.0,0,29822.0
45,1,0,0,0,0,322,0.0,0.0,0.0,0.52,0.0,255,1,0.0,0.52,0.0,0.0,0.0,1.0,1,90439.0
22,9,230,8702,0,1,3,0.33,0.33,1.0,0.0,0.0,3,255,1.0,0.0,0.08,0.33,0.0,0.0,0,20408.0
41,9,146,105,0,0,1,0.0,0.0,1.0,0.0,0.0,255,1,0.0,0.51,0.0,0.0,0.0,0.0,0,56079.0
22,9,221,2058,0,1,10,0.0,0.0,1.0,0.0,0.18,10,255,1.0,0.0,0.02,0.0,0.0,0.0,0,19160.0
22,9,198,1018,0,1,7,0.0,0.0,1.0,0.0,0.0,91,255,1.0,0.0,0.01,0.0,0.0,0.0,0,28198.0
22,9,253,4066,0,1,2,0.5,0.5,1.0,0.0,0.0,82,255,1.0,0.0,0.03,0.01,0.01,0.0,0,114826.0
49,9,1261,327,0,1,1,0.0,0.0,1.0,0.0,0.0,255,139,0.55,0.02,0.0,0.0,0.0,0.06,0,72142.0
22,9,212,6529,0,1,4,0.0,0.0,1.0,0.0,0.19,10,255,1.0,0.0,0.01,0.0,0.0,0.0,0,42879.0
19,9,749,0,0,1,8,0.0,0.0,1.0,0.0,0.0,169,120,0.46,0.02,0.02,0.0,0.0,0.0,0,28538.0
45,5,0,0,0,0,115,1.0,1.0,0.02,0.06,0.0,255,2,0.01,0.05,0.0,1.0,1.0,0.0,1,121960.0
45,5,0,0,0,0,175,1.0,1.0,0.06,0.07,0.0,255,10,0.04,0.06,0.0,1.0,1.0,0.0,1,90936.0
22,9,249,976,0,1,19,0.0,0.0,1.0,0.0,0.18,255,255,1.0,0.0,0.0,0.0,0.0,0.0,0,16426.0
19,9,334,0,0,1,2,0.0,0.0,1.0,0.0,0.0,2,42,1.0,0.0,0.07,0.0,0.0,0.0,1,19105.0
22,9,317,504,0,1,17,0.0,0.0,1.0,0.0,0.06,36,255,1.0,0.0,0.03,0.0,0.0,0.0,0,90917.0
22,1,0,0,0,0,1,0.0,0.0,1.0,0.0,1.0,1,229,1.0,0.0,0.07,0.0,0.0,0.55,0,102260.0
31,5,0,0,0,0,148,1.0,1.0,0.13,0.05,0.0,255,2,0.01,0.07,0.0,1.0,1.0,0.0,1,41538.0
19,9,190,0,0,1,1,0.0,0.0,1.0,0.0,0.0,2,26,1.0,0.0,0.08,0.0,0.0,0.0,0,86920.0
29,1,0,0,0,0,135,0.0,0.0,0.04,0.06,0.0,255,1,0.0,0.07,0.0,0.0,0.0,1.0,1,131.0
45,5,0,0,0,0,101,1.0,1.0,0.04,0.06,0.0,255,1,0.0,0.07,0.0,1.0,1.0,0.0,1,90185.0
39,5,0,0,0,0,115,1.0,1.0,0.04,0.09,0.0,255,16,0.06,0.07,0.0,1.0,1.0,0.0,1,59193.0
49,9,1447,334,0,1,1,0.0,0.0,1.0,0.0,0.0,133,92,0.69,0.04,0.0,0.0,0.0,0.0,0,4501.0
22,9,210,423,0,1,6,0.0,0.0,1.0,0.0,0.0,82,255,1.0,0.0,0.04,0.0,0.0,0.0,0,94174.0
13,9,8,0,0,0,1,0.0,0.0,1.0,0.0,1.0,3,39,1.0,0.0,0.26,0.0,0.0,0.0,1,24968.0
22,5,0,0,0,0,214,1.0,1.0,0.07,0.06,0.0,255,20,0.08,0.08,0.0,1.0,1.0,0.0,1,102162.0
55,6,90,2832,0,1,1,1.0,1.0,1.0,0.0,0.0,155,29,0.19,0.46,0.0,0.08,0.45,0.03,0,12883.0
3,9,14,41,0,1,2,0.0,0.0,1.0,0.0,0.0,234,10,0.04,0.03,0.2,0.0,0.0,0.0,0,65070.0
19,9,748,0,0,0,1,0.0,0.0,1.0,0.0,0.0,140,35,0.18,0.03,0.06,0.0,0.0,0.0,0,6306.0
22,9,224,5756,0,1,2,0.0,0.0,1.0,0.0,0.0,15,255,1.0,0.0,0.03,0.0,0.0,0.0,0,42494.0
22,9,303,9882,0,1,1,0.0,0.0,1.0,0.0,0.0,15,255,1.0,0.0,0.06,0.07,0.0,0.0,0,68564.0
55,5,0,0,0,0,45,1.0,1.0,0.24,0.09,0.0,255,65,0.25,0.02,0.0,1.0,1.0,0.0,1,77905.0
45,5,0,0,0,0,151,1.0,1.0,0.07,0.06,0.0,255,6,0.02,0.08,0.0,1.0,1.0,0.0,1,89672.0
22,9,198,2168,0,1,25,0.0,0.0,1.0,0.0,0.0,91,255,1.0,0.0,0.05,0.0,0.0,0.0,0,93776.0
45,10,0,0,0,0,1,1.0,1.0,1.0,0.0,0.0,156,1,0.01,0.94,0.0,0.95,1.0,0.0,1,22570.0
22,9,312,7764,0,1,2,0.0,0.0,1.0,0.0,0.4,11,255,1.0,0.0,0.05,0.0,0.0,0.0,0,23661.0
41,9,516,4,0,0,453,0.0,0.0,1.0,0.0,0.0,255,255,1.0,0.0,0.0,0.0,0.0,0.0,0,49755.0
55,9,9933,14772,0,1,1,0.0,0.0,1.0,0.0,0.0,255,113,0.44,0.01,0.0,0.78,0.88,0.0,0,121942.0
22,9,263,2787,0,1,28,0.0,0.0,1.0,0.0,0.0,255,255,1.0,0.0,0.0,0.0,0.0,0.0,0,115319.0
14,9,1032,0,0,0,237,0.0,0.0,1.0,0.0,0.0,255,237,0.93,0.01,0.0,0.0,0.0,0.0,1,96531.0
49,9,1473,335,0,1,1,0.0,0.0,1.0,0.0,1.0,177,161,0.63,0.04,0.01,0.0,0.0,0.0,0,121826.0
41,4,1,0,0,0,2,0.0,0.0,1.0,0.0,0.0,255,2,0.01,0.73,0.0,0.0,0.0,1.0,1,25734.0
49,9,1399,328,0,1,1,0.0,0.0,1.0,0.0,1.0,122,113,0.47,0.04,0.02,0.0,0.0,0.03,0,107929.0
45,5,0,0,0,0,133,1.0,1.0,0.11,0.06,0.0,255,16,0.06,0.07,0.0,1.0,1.0,0.0,1,61103.0
45,3,0,0,0,0,32,0.78,0.67,0.09,0.41,0.0,255,3,0.01,0.05,0.0,0.1,0.67,0.33,1,47253.0
11,9,34,0,0,0,2,0.0,0.0,1.0,0.0,0.0,184,31,0.17,0.03,0.0,0.0,0.0,0.0,0,53209.0
22,9,300,972,0,1,3,0.0,0.0,1.0,0.0,0.5,3,255,1.0,0.0,0.05,0.0,0.0,0.0,0,28975.0
22,1,0,0,0,0,1,0.0,0.0,1.0,0.0,0.0,4,23,1.0,0.0,0.3,0.0,0.0,1.0,0,92738.0
45,5,0,0,0,0,102,1.0,1.0,0.1,0.06,0.0,255,6,0.02,0.07,0.0,1.0,1.0,0.0,1,3814.0
41,9,1,0,0,0,37,0.0,0.0,0.11,0.11,0.0,255,4,0.02,0.07,0.0,0.0,0.0,0.0,1,4388.0
22,9,349,508,0,1,9,0.0,0.0,1.0,0.0,0.0,23,255,1.0,0.0,0.05,0.0,0.0,0.0,0,110119.0
41,1,0,0,0,0,511,0.05,0.0,0.0,1.0,0.0,255,1,0.0,1.0,0.0,0.05,0.0,1.0,1,12206.0
17,5,0,0,0,0,2,1.0,1.0,0.5,1.0,0.0,162,45,0.25,0.02,0.04,1.0,0.91,0.0,1,7012.0
14,9,1032,0,0,0,297,0.0,0.0,1.0,0.0,0.0,255,255,1.0,0.0,0.0,0.0,0.0,0.0,1,53691.0
22,9,214,961,0,1,13,0.0,0.0,1.0,0.0,0.25,13,255,1.0,0.0,0.06,0.0,0.0,0.0,0,72039.0
45,5,0,0,0,0,192,1.0,1.0,0.03,0.06,0.0,255,12,0.05,0.07,0.0,1.0,1.0,0.0,1,40471.0
52,5,0,0,0,0,179,1.0,1.0,0.1,0.06,0.0,255,15,0.06,0.06,0.0,1.0,1.0,0.0,1,31678.0
45,9,1,0,0,0,28,0.0,0.0,0.57,0.11,0.0,255,16,0.06,0.19,0.0,0.0,0.0,0.0,1,62574.0
11,9,44,77,0,0,216,0.0,0.0,1.0,0.0,0.0,255,255,1.0,0.0,0.0,0.0,0.0,0.0,0,102845.0
22,9,292,2367,0,1,7,0.0,0.0,1.0,0.0,0.2,255,255,1.0,0.0,0.0,0.0,0.0,0.0,0,64060.0
22,9,176,925,0,1,24,0.0,0.0,1.0,0.0,0.08,45,255,1.0,0.0,0.02,0.0,0.0,0.0,0,22735.0
22,9,238,780,0,1,17,0.0,0.0,1.0,0.0,0.11,70,83,1.0,0.0,0.04,0.0,0.0,0.0,0,116525.0
17,5,0,0,0,0,22,1.0,1.0,0.23,0.18,0.0,255,48,0.19,0.03,0.0,1.0,1.0,0.0,1,17427.0
22,9,307,2239,0,1,7,0.0,0.0,1.0,0.0,0.0,184,170,0.92,0.02,0.0,0.0,0.0,0.0,0,114507.0
17,9,0,0,0,0,1,0.0,0.0,1.0,0.0,0.0,60,7,0.02,1.0,0.29,0.0,0.0,0.0,1,86586.0
22,9,226,753,0,1,11,0.0,0.0,1.0,0.0,0.0,255,255,1.0,0.0,0.0,0.0,0.0,0.0,0,42471.0
14,9,1032,0,0,0,509,0.0,0.0,1.0,0.0,0.0,255,240,0.94,0.04,0.0,0.0,0.0,0.0,1,118389.0
19,9,13239,0,0,1,8,0.0,0.0,1.0,0.0,0.0,92,55,0.4,0.1,0.04,0.01,0.02,0.0,0,103383.0
53,5,0,0,0,0,229,1.0,1.0,0.06,0.06,0.0,255,2,0.01,0.06,0.0,1.0,1.0,0.0,1,5744.0
22,9,158,6917,0,1,2,0.0,0.0,1.0,0.0,0.67,23,255,1.0,0.0,0.06,0.0,0.0,0.0,0,18664.0
52,2,0,0,0,0,1,0.0,0.0,1.0,0.0,0.0,255,1,0.0,1.0,0.0,0.0,0.0,1.0,1,106580.0
11,9,91,0,0,0,2,0.0,0.0,1.0,0.0,0.5,68,68,1.0,0.0,0.0,0.0,0.0,0.0,0,27197.0
14,9,1032,0,0,0,510,0.0,0.0,1.0,0.0,0.0,255,126,0.49,0.05,0.0,0.0,0.0,0.0,1,36068.0
45,9,28,0,3,0,73,0.0,0.0,1.0,0.0,0.0,255,40,0.16,0.01,0.0,0.0,0.0,0.0,1,70265.0
22,9,271,1543,0,1,4,0.0,0.0,1.0,0.0,0.0,11,255,1.0,0.0,0.05,0.0,0.0,0.0,0,95069.0
49,9,888,333,0,1,1,0.0,0.0,1.0,0.0,1.0,207,158,0.76,0.02,0.0,0.0,0.0,0.0,0,85781.0
22,9,375,327,0,1,2,0.0,0.0,1.0,0.0,0.21,250,255,1.0,0.0,0.01,0.0,0.0,0.01,0,46556.0
22,9,292,1247,0,1,16,0.0,0.0,1.0,0.0,0.12,255,255,1.0,0.0,0.0,0.0,0.0,0.0,0,51950.0
22,9,209,362,0,1,8,0.0,0.0,1.0,0.0,0.22,255,255,1.0,0.0,0.0,0.0,0.0,0.0,0,61315.0
42,5,0,0,0,0,203,1.0,1.0,0.01,0.07,0.0,255,2,0.01,0.07,0.0,1.0,1.0,0.0,1,100522.0
22,9,231,64786,0,1,2,0.0,0.0,1.0,0.0,0.0,27,255,1.0,0.0,0.05,0.0,0.0,0.0,0,73096.0
22,9,197,2044,0,1,16,0.0,0.0,1.0,0.0,0.12,53,255,1.0,0.0,0.04,0.0,0.0,0.0,0,40524.0
22,9,322,248,0,1,11,0.0,0.0,1.0,0.0,0.17,217,255,1.0,0.0,0.02,0.0,0.0,0.0,0,25970.0
22,9,228,8625,0,1,2,0.0,0.0,1.0,0.0,0.0,255,255,1.0,0.0,0.0,0.0,0.0,0.0,0,44762.0
45,4,0,0,0,0,1,0.0,0.0,1.0,0.0,0.0,178,1,0.01,0.08,0.0,0.0,0.0,1.0,1,29135.0
22,9,216,1487,0,1,6,0.0,0.0,1.0,0.0,0.0,6,255,1.0,0.0,0.04,0.0,0.0,0.0,0,120173.0
38,5,0,0,0,0,156,1.0,1.0,0.15,0.05,0.0,255,24,0.09,0.05,0.0,1.0,1.0,0.0,1,79910.0
14,9,1032,0,0,0,511,0.0,0.0,1.0,0.0,0.0,255,135,0.53,0.17,0.0,0.0,0.0,0.0,1,76598.0
22,9,259,279,0,1,2,0.0,0.0,1.0,0.0,0.44,255,235,0.92,0.01,0.0,0.0,0.0,0.0,0,103546.0
1,6,873728,299236,0,1,1,1.0,1.0,1.0,0.0,0.0,11,2,0.18,0.45,0.0,0.09,0.5,0.0,0,34437.0
49,9,11524,921,0,1,1,0.0,0.0,1.0,0.0,0.0,4,173,0.75,0.5,0.01,0.25,0.01,0.0,0,12290.0
27,5,0,0,0,0,138,1.0,1.0,0.02,0.06,0.0,255,2,0.01,0.06,0.0,1.0,1.0,0.0,1,30529.0
7,5,0,0,0,0,198,1.0,1.0,0.02,0.07,0.0,255,4,0.02,0.06,0.0,1.0,1.0,0.0,1,115799.0
13,9,8,0,0,0,1,0.0,0.0,1.0,0.0,1.0,1,71,1.0,0.0,0.51,0.0,0.0,0.0,1,31941.0
22,9,224,280,0,1,10,0.0,0.0,1.0,0.0,0.17,255,255,1.0,0.0,0.0,0.0,0.0,0.0,0,50403.0
19,5,0,0,0,0,256,1.0,1.0,0.02,0.06,0.0,255,14,0.05,0.07,0.0,1.0,1.0,0.0,1,118911.0
45,5,0,0,0,0,276,1.0,1.0,0.06,0.04,0.0,136,16,0.12,0.07,0.0,0.99,1.0,0.0,1,65037.0
11,9,43,43,0,0,165,0.0,0.0,1.0,0.0,0.0,255,255,1.0,0.0,0.0,0.0,0.0,0.0,0,18319.0
17,5,0,0,0,0,20,1.0,1.0,0.5,0.1,0.0,255,59,0.23,0.04,0.0,1.0,1.0,0.0,1,79338.0
62,5,0,0,0,0,226,1.0,1.0,0.02,0.07,0.0,255,5,0.02,0.09,0.0,1.0,1.0,0.0,1,39291.0
22,9,319,55155,0,1,1,0.0,0.0,1.0,0.0,0.0,6,255,1.0,0.0,0.03,0.0,0.0,0.0,0,66840.0
27,5,0,0,0,0,145,1.0,1.0,0.14,0.05,0.0,255,21,0.08,0.05,0.0,1.0,1.0,0.0,1,864.0
22,9,365,1558,0,1,3,0.33,0.06,1.0,0.0,0.12,111,255,1.0,0.0,0.08,0.01,0.0,0.52,0,92790.0
49,9,815,478,0,1,1,0.0,0.0,1.0,0.0,0.0,255,40,0.16,0.02,0.0,0.0,0.0,0.0,0,105202.0
49,9,1243,406,0,1,1,0.0,0.0,1.0,0.0,0.0,2,191,1.0,0.0,0.02,0.0,0.0,0.0,0,71793.0
49,9,11178,922,0,1,511,0.0,0.0,0.0,0.0,0.0,241,52,0.16,0.01,0.04,0.0,0.0,0.0,0,94282.0
22,9,307,421,0,1,6,0.0,0.0,1.0,0.0,0.35,255,255,1.0,0.0,0.0,0.0,0.0,0.0,0,9970.0
22,9,316,343,0,1,10,0.0,0.0,1.0,0.0,0.0,188,255,1.0,0.0,0.01,0.0,0.0,0.0,0,53464.0
22,9,350,284,0,1,12,0.0,0.0,1.0,0.0,0.0,255,255,1.0,0.0,0.0,0.0,0.0,0.0,0,22036.0
45,5,0,0,0,0,143,1.0,1.0,0.1,0.06,0.0,90,15,0.17,0.09,0.0,1.0,1.0,0.0,1,48332.0
22,9,164,30570,0,1,1,0.0,0.0,1.0,0.0,0.0,61,107,1.0,0.0,0.07,0.0,0.0,0.0,0,42300.0
14,9,1032,0,0,0,511,0.0,0.0,1.0,0.0,0.0,255,185,0.73,0.02,0.0,0.0,0.0,0.0,1,85068.0
13,9,8,0,0,0,1,0.0,0.0,1.0,0.0,1.0,1,83,1.0,0.0,0.51,0.0,0.0,0.0,1,51600.0
49,9,1411,388,0,1,1,0.0,0.0,1.0,0.0,0.0,255,64,0.25,0.06,0.0,0.53,0.0,0.03,0,113793.0
11,9,43,132,0,0,33,0.0,0.0,1.0,0.0,0.03,255,217,0.85,0.01,0.0,0.0,0.0,0.0,0,105698.0
22,9,222,481,0,1,3,0.0,0.0,1.0,0.0,0.5,164,255,1.0,0.0,0.01,0.0,0.0,0.0,0,75310.0
45,1,0,0,0,0,283,0.07,0.0,0.0,1.0,0.0,255,1,0.0,1.0,0.0,0.08,0.0,1.0,1,19709.0
22,9,208,1227,0,1,7,0.0,0.0,1.0,0.0,0.0,176,176,1.0,0.0,0.0,0.01,0.01,0.01,0,73336.0
51,1,0,0,0,0,234,0.0,0.0,0.03,0.06,0.0,255,8,0.03,0.07,0.0,0.0,0.0,1.0,1,123720.0
22,9,255,1270,0,1,6,0.0,0.0,1.0,0.0,0.0,255,255,1.0,0.0,0.0,0.0,0.0,0.0,0,88204.0
22,9,310,662,0,1,51,0.0,0.0,1.0,0.0,0.04,255,255,1.0,0.0,0.0,0.0,0.0,0.0,0,118156.0
22,9,54540,8314,0,1,3,0.0,0.0,1.0,0.0,0.0,79,79,1.0,0.0,0.0,0.0,0.0,0.18,1,86489.0
45,1,0,0,0,0,3,0.0,0.0,0.33,0.67,0.0,173,1,0.01,0.03,0.0,0.01,0.0,1.0,1,100776.0
22,9,294,16407,0,1,3,0.0,0.0,1.0,0.0,0.06,21,253,1.0,0.0,0.05,0.0,0.0,0.0,0,20644.0
35,5,0,0,0,0,85,1.0,1.0,0.06,0.06,0.0,255,10,0.04,0.07,0.0,1.0,1.0,0.0,1,54707.0
22,9,256,406,0,1,7,0.0,0.0,1.0,0.0,0.17,255,255,1.0,0.0,0.0,0.0,0.0,0.0,0,73126.0
22,9,299,1075,0,1,11,0.0,0.0,1.0,0.0,0.12,255,232,0.91,0.02,0.0,0.0,0.0,0.0,0,46664.0
22,9,155,7972,0,1,2,0.0,0.0,1.0,0.0,0.0,2,255,1.0,0.0,0.06,0.0,0.0,0.0,0,79244.0
45,5,0,0,0,0,118,1.0,1.0,0.17,0.05,0.0,255,19,0.07,0.06,0.0,1.0,1.0,0.0,1,88535.0
11,9,45,45,0,0,82,0.0,0.0,1.0,0.0,0.0,255,255,1.0,0.0,0.0,0.0,0.0,0.0,0,116527.0
2,5,0,0,0,0,103,1.0,1.0,0.03,0.07,0.0,255,3,0.01,0.07,0.0,1.0,1.0,0.0,1,24573.0
13,9,8,0,0,0,1,0.0,0.0,1.0,0.0,1.0,1,80,1.0,0.0,0.26,0.0,0.0,0.0,1,6900.0
22,9,265,272,0,1,1,0.0,0.0,1.0,0.0,0.4,7,255,1.0,0.0,0.06,0.0,0.0,0.0,0,9191.0
22,9,283,1366,0,1,25,0.0,0.0,1.0,0.0,0.11,94,255,1.0,0.0,0.03,0.0,0.0,0.0,0,4692.0
22,9,168,1476,0,1,2,0.0,0.0,1.0,0.0,0.0,8,255,1.0,0.0,0.04,0.0,0.0,0.0,0,118490.0
45,5,0,0,0,0,294,1.0,1.0,0.06,0.05,0.0,255,8,0.03,0.08,0.0,1.0,1.0,0.0,1,112135.0
63,5,0,0,0,0,269,1.0,1.0,0.0,0.06,0.0,255,3,0.01,0.06,0.0,1.0,1.0,0.0,1,12077.0
45,5,0,0,0,0,34,1.0,1.0,0.32,0.18,0.0,255,11,0.04,0.08,0.0,1.0,1.0,0.0,1,97224.0
31,5,0,0,0,0,111,1.0,1.0,0.01,0.06,0.0,255,20,0.08,0.07,0.0,1.0,1.0,0.0,1,125883.0
54,5,0,0,0,0,277,1.0,1.0,0.09,0.05,0.0,255,24,0.09,0.05,0.0,1.0,1.0,0.0,1,58759.0
6,5,0,0,0,0,25,1.0,1.0,0.2,0.2,0.0,255,6,0.02,0.08,0.0,1.0,1.0,0.0,1,78419.0
50,5,0,0,0,0,183,1.0,1.0,0.07,0.07,0.0,255,13,0.05,0.08,0.0,1.0,1.0,0.0,1,19405.0
2,5,0,0,0,0,230,1.0,1.0,0.01,0.06,0.0,255,2,0.01,0.07,0.0,1.0,1.0,0.0,1,83161.0
22,9,309,757,0,1,2,0.0,0.0,1.0,0.0,0.2,2,255,1.0,0.0,0.04,0.0,0.0,0.0,0,3442.0
18,9,1242,2451,0,1,1,0.0,0.0,1.0,0.0,0.0,255,32,0.13,0.02,0.0,0.09,0.0,0.0,1,102969.0
41,5,0,0,0,0,510,0.1,1.0,0.0,1.0,0.0,255,1,0.0,1.0,0.0,0.14,1.0,0.0,1,121010.0
22,9,290,3606,0,1,8,0.0,0.0,1.0,0.0,0.0,255,255,1.0,0.0,0.0,0.0,0.0,0.0,0,89729.0
22,9,214,591,0,1,21,0.0,0.0,1.0,0.0,0.13,255,255,1.0,0.0,0.0,0.0,0.0,0.0,0,103693.0
22,9,226,396,0,1,5,0.0,0.0,1.0,0.0,0.0,255,255,1.0,0.0,0.0,0.0,0.0,0.02,0,98976.0
22,9,367,349,0,1,14,0.0,0.0,1.0,0.0,0.13,195,255,1.0,0.0,0.01,0.0,0.0,0.0,0,78625.0
22,9,255,1727,0,1,7,0.0,0.0,1.0,0.0,0.0,255,253,0.99,0.01,0.0,0.0,0.0,0.0,0,44881.0
55,9,375,6252,0,1,1,0.0,0.0,1.0,0.0,0.0,255,104,0.41,0.01,0.0,0.75,0.87,0.0,0,123868.0
19,1,0,0,0,0,261,0.0,0.0,0.01,0.07,0.0,255,2,0.01,0.09,0.0,0.0,0.0,1.0,1,64691.0
22,9,324,3461,0,1,5,0.0,0.0,1.0,0.0,0.14,26,255,1.0,0.0,0.04,0.0,0.0,0.0,0,43905.0
22,9,164,12311,0,1,1,0.0,0.0,1.0,0.0,0.0,18,255,1.0,0.0,0.07,0.11,0.01,0.0,0,32860.0
45,5,0,0,0,0,148,1.0,1.0,0.14,0.05,0.0,255,3,0.01,0.07,0.0,1.0,1.0,0.0,1,17832.0
22,9,316,1823,0,1,6,0.0,0.0,1.0,0.0,0.21,35,253,1.0,0.0,0.05,0.0,0.0,0.0,0,100493.0
22,9,327,3200,0,1,3,0.0,0.0,1.0,0.0,0.0,255,255,1.0,0.0,0.0,0.0,0.0,0.0,0,4511.0
13,9,8,0,0,0,1,0.0,0.0,1.0,0.0,1.0,2,198,1.0,0.0,0.5,0.0,0.0,0.0,1,115013.0
4,1,0,0,0,0,104,0.0,0.0,0.13,0.07,0.0,255,11,0.04,0.08,0.0,0.0,0.0,1.0,1,26751.0
22,5,0,0,0,0,127,1.0,1.0,0.15,0.06,0.0,255,19,0.07,0.05,0.0,1.0,1.0,0.0,1,41351.0
11,9,46,135,0,0,313,0.0,0.0,1.0,0.0,0.0,255,251,0.98,0.01,0.0,0.0,0.0,0.0,0,29956.0
45,5,0,0,0,0,283,1.0,1.0,0.02,0.06,0.0,255,5,0.02,0.08,0.0,1.0,1.0,0.0,1,107309.0
22,9,330,233,0,1,5,0.0,0.0,1.0,0.0,0.12,5,255,1.0,0.0,0.04,0.0,0.0,0.0,0,72968.0
8,5,0,0,0,0,277,1.0,1.0,0.03,0.06,0.0,255,9,0.04,0.07,0.0,1.0,1.0,0.0,1,31203.0
19,9,172,0,0,0,1,0.0,0.0,1.0,0.0,0.0,155,39,0.25,0.03,0.0,0.0,0.0,0.0,0,89949.0
45,1,0,0,0,0,179,0.0,0.0,0.11,0.06,0.0,255,20,0.08,0.07,0.0,0.0,0.0,1.0,1,41415.0
13,9,8,0,0,0,1,0.0,0.0,1.0,0.0,1.0,2,118,1.0,0.0,0.5,0.0,0.0,0.0,1,58108.0
22,9,200,313,0,1,33,0.0,0.0,1.0,0.0,0.0,255,255,1.0,0.0,0.0,0.0,0.0,0.0,0,94836.0
19,9,63,0,0,1,1,0.0,0.0,1.0,0.0,0.0,255,70,0.27,0.04,0.0,0.17,0.0,0.0,0,18797.0
61,5,0,0,0,0,257,1.0,1.0,0.04,0.06,0.0,255,11,0.04,0.07,0.0,1.0,1.0,0.0,1,35908.0
14,9,1032,0,0,0,511,0.0,0.0,1.0,0.0,0.0,255,97,0.38,0.02,0.0,0.02,0.0,0.0,1,74177.0
49,9,3304,327,0,1,1,0.0,0.0,1.0,0.0,0.0,18,99,0.94,0.11,0.02,0.0,0.0,0.0,0,85162.0
13,9,8,0,0,0,1,0.0,0.0,1.0,0.0,1.0,1,169,1.0,0.0,0.25,0.0,0.0,0.0,1,58428.0
45,5,0,0,0,0,277,1.0,1.0,0.05,0.05,0.0,255,14,0.05,0.08,0.0,1.0,1.0,0.0,1,10716.0
22,9,215,4132,0,1,12,0.0,0.0,1.0,0.0,0.0,26,255,1.0,0.0,0.05,0.0,0.0,0.0,0,98776.0
14,9,520,0,0,0,414,0.0,0.0,1.0,0.0,0.0,255,255,1.0,0.0,0.0,0.0,0.0,0.0,1,40555.0
22,9,488,10161,0,1,7,0.0,0.0,1.0,0.0,0.0,223,255,1.0,0.0,0.02,0.01,0.01,0.08,0,12582.0
22,1,0,0,0,0,1,0.0,0.0,1.0,0.0,0.0,6,119,1.0,0.0,0.2,0.0,0.0,1.0,0,75126.0
55,4,573,17335,0,1,2,0.0,0.0,1.0,0.0,0.0,255,30,0.12,0.05,0.0,0.41,0.07,0.2,0,50876.0
35,5,0,0,0,0,227,1.0,1.0,0.08,0.06,0.0,255,19,0.07,0.07,0.0,1.0,1.0,0.0,1,43492.0
3,5,0,0,0,0,207,1.0,1.0,0.02,0.06,0.0,255,4,0.02,0.05,0.0,1.0,1.0,0.0,1,41365.0
22,9,54540,8314,0,1,4,0.0,0.0,1.0,0.0,0.0,71,71,1.0,0.0,0.0,0.01,0.01,0.01,1,89547.0
11,9,42,71,0,0,248,0.0,0.0,1.0,0.01,0.0,255,254,1.0,0.01,0.0,0.0,0.0,0.0,0,99658.0
3,5,0,0,0,0,257,1.0,1.0,0.07,0.06,0.0,255,19,0.07,0.07,0.0,1.0,1.0,0.0,1,46048.0
29,5,0,0,0,0,85,1.0,1.0,0.07,0.07,0.0,255,6,0.02,0.06,0.0,1.0,1.0,0.0,1,101180.0
22,9,222,1600,0,1,10,0.0,0.0,1.0,0.0,0.0,224,255,1.0,0.0,0.01,0.0,0.0,0.0,0,90904.0
23,5,0,0,0,0,110,1.0,1.0,0.09,0.06,0.0,255,10,0.04,0.08,0.0,1.0,1.0,0.0,1,62266.0
22,9,252,809,0,1,16,0.0,0.0,1.0,0.0,0.0,255,255,1.0,0.0,0.0,0.0,0.0,0.0,0,27643.0
45,9,28,0,3,0,74,0.0,0.0,1.0,0.0,0.0,255,74,0.29,0.64,0.0,0.01,0.0,0.0,1,23377.0
22,5,0,0,0,0,141,1.0,1.0,0.09,0.06,0.0,255,6,0.02,0.06,0.0,1.0,1.0,0.0,1,116176.0
22,9,357,767,0,1,11,0.0,0.0,1.0,0.0,0.0,31,255,1.0,0.0,0.02,0.0,0.0,0.0,0,11431.0
45,5,0,0,0,0,112,1.0,1.0,0.1,0.06,0.0,255,16,0.06,0.07,0.0,1.0,1.0,0.0,1,71290.0
63,5,0,0,0,0,206,1.0,1.0,0.1,0.05,0.0,255,20,0.08,0.05,0.0,1.0,1.0,0.0,1,26884.0
22,9,362,9375,0,1,1,0.0,0.0,1.0,0.0,0.33,255,255,1.0,0.0,0.0,0.0,0.0,0.0,0,124502.0
23,5,0,0,0,0,142,1.0,1.0,0.09,0.06,0.0,255,1,0.0,0.08,0.0,1.0,1.0,0.0,1,46839.0
10,5,0,0,0,0,256,1.0,1.0,0.03,0.07,0.0,255,7,0.03,0.08,0.0,1.0,1.0,0.0,1,30971.0
22,9,227,2052,0,1,7,0.0,0.0,1.0,0.0,0.0,45,255,1.0,0.0,0.03,0.02,0.0,0.0,0,43901.0
45,5,0,0,0,0,102,1.0,1.0,0.14,0.06,0.0,255,20,0.08,0.06,0.0,1.0,1.0,0.0,1,73775.0
22,9,187,15028,0,1,9,0.0,0.0,1.0,0.0,0.11,255,255,1.0,0.0,0.0,0.0,0.0,0.0,0,37492.0
41,9,145,105,0,0,1,0.0,0.0,1.0,0.0,0.0,255,1,0.0,0.87,0.0,0.0,0.0,0.0,0,58466.0
22,9,291,1400,0,1,2,0.0,0.0,1.0,0.0,0.25,121,255,1.0,0.0,0.02,0.0,0.0,0.0,0,100969.0
22,1,0,0,0,0,1,0.0,0.0,1.0,0.0,0.0,49,131,1.0,0.0,0.21,0.0,0.0,1.0,0,11474.0
49,9,813,329,0,1,1,0.0,0.0,1.0,0.0,1.0,255,141,0.55,0.06,0.0,0.02,0.02,0.0,0,103927.0
22,1,0,0,0,0,1,0.0,0.0,1.0,0.0,0.0,9,227,1.0,0.0,0.11,0.0,0.0,1.0,0,62116.0
22,9,159,584,0,1,1,0.0,0.0,1.0,0.0,0.0,57,255,1.0,0.0,0.04,0.0,0.0,0.0,0,109310.0
22,9,197,1286,0,1,10,0.0,0.0,1.0,0.0,0.0,30,255,1.0,0.0,0.03,0.0,0.0,0.0,0,38773.0
45,10,0,0,0,0,1,1.0,1.0,1.0,0.0,0.0,213,1,0.0,0.95,0.0,0.96,1.0,0.0,1,91420.0
45,9,105,145,0,0,1,0.0,0.0,1.0,0.0,0.0,255,223,0.87,0.01,0.0,0.0,0.0,0.0,0,98495.0
22,9,206,1619,0,1,7,0.0,0.0,1.0,0.0,0.0,13,81,1.0,0.0,0.04,0.0,0.0,0.0,0,38292.0
22,9,213,1047,0,1,14,0.0,0.0,1.0,0.0,0.0,14,255,1.0,0.0,0.04,0.0,0.0,0.0,0,110422.0
22,9,187,781,0,1,7,0.0,0.0,1.0,0.0,0.0,55,255,1.0,0.0,0.03,0.0,0.0,0.0,0,100582.0
4,1,0,0,0,0,225,0.0,0.0,0.06,0.07,0.0,255,13,0.05,0.07,0.0,0.0,0.0,1.0,1,50767.0
22,9,54540,8314,0,1,2,0.0,0.0,1.0,0.0,0.0,36,36,1.0,0.0,0.0,0.0,0.0,0.0,1,71287.0
2,5,0,0,0,0,225,1.0,1.0,0.06,0.05,0.0,255,13,0.05,0.06,0.0,1.0,1.0,0.0,1,32946.0
22,9,339,241,0,1,1,0.0,0.0,1.0,0.0,0.0,68,255,1.0,0.0,0.02,0.0,0.0,0.0,0,463.0
11,9,43,137,0,0,65,0.0,0.0,0.98,0.03,0.01,255,236,0.93,0.01,0.0,0.0,0.0,0.0,0,39599.0
57,5,0,0,0,0,285,1.0,1.0,0.01,0.06,0.0,255,3,0.01,0.06,0.0,1.0,1.0,0.0,1,6041.0
22,5,0,0,0,0,2,0.5,0.5,1.0,0.0,0.0,2,255,1.0,0.0,0.05,0.5,0.0,0.0,0,39520.0
62,5,0,0,0,0,202,1.0,1.0,0.07,0.05,0.0,255,15,0.06,0.05,0.0,1.0,1.0,0.0,1,6726.0
26,1,0,0,0,0,221,0.0,0.0,0.0,0.08,0.0,255,1,0.0,0.09,0.0,0.0,0.0,1.0,1,55674.0
22,9,188,308,0,1,10,0.0,0.0,1.0,0.0,0.15,231,255,1.0,0.0,0.02,0.0,0.0,0.0,0,57454.0
15,5,0,0,0,0,1,1.0,1.0,1.0,0.0,0.0,255,1,0.0,0.07,0.0,1.0,1.0,0.0,1,41991.0
13,9,18,0,0,0,1,0.0,0.0,1.0,0.0,0.0,1,45,1.0,0.0,1.0,0.0,0.0,0.0,1,100892.0
45,9,28,0,3,0,40,0.0,0.0,0.98,0.05,0.0,255,39,0.15,0.02,0.0,0.0,0.0,0.0,1,84565.0
22,9,186,312,0,1,9,0.0,0.0,1.0,0.0,0.11,255,255,1.0,0.0,0.0,0.0,0.0,0.0,0,75719.0
22,9,250,707,0,1,19,0.0,0.0,1.0,0.0,0.12,255,255,1.0,0.0,0.0,0.0,0.0,0.0,0,122157.0
22,9,452,7931,0,1,19,0.0,0.0,1.0,0.0,0.1,255,255,1.0,0.0,0.0,0.0,0.0,0.0,0,42434.0
22,9,174,33979,0,1,1,0.0,0.0,1.0,0.0,0.0,52,255,1.0,0.0,0.06,0.0,0.0,0.0,0,124351.0
22,9,212,294,0,1,15,0.0,0.0,1.0,0.0,0.0,255,255,1.0,0.0,0.0,0.0,0.0,0.0,0,52378.0
22,1,0,0,0,0,1,0.0,0.0,1.0,0.0,0.0,6,49,1.0,0.0,0.31,0.0,0.0,1.0,0,81098.0
11,9,43,131,0,0,69,0.0,0.0,1.0,0.0,0.01,255,254,1.0,0.01,0.0,0.0,0.0,0.0,0,91921.0
22,9,297,334,0,1,2,0.0,0.0,1.0,0.0,0.0,17,255,1.0,0.0,0.04,0.0,0.0,0.0,0,36642.0
14,9,1032,0,0,0,511,0.0,0.0,1.0,0.0,0.0,255,37,0.15,0.18,0.0,0.0,0.0,0.0,1,61749.0
22,9,351,3675,0,1,18,0.0,0.0,1.0,0.0,0.06,255,255,1.0,0.0,0.0,0.0,0.0,0.0,0,15626.0
45,1,0,0,0,0,143,0.0,0.0,0.1,0.06,0.0,168,15,0.09,0.07,0.0,0.0,0.0,1.0,1,120421.0
52,9,6,0,0,0,511,0.07,0.0,0.0,1.0,0.0,255,1,0.0,1.0,0.0,0.07,0.0,0.0,1,105142.0
41,9,147,105,0,0,1,0.0,0.0,1.0,0.0,0.0,255,2,0.01,0.53,0.0,0.0,0.0,0.0,0,7495.0
19,9,383,0,0,0,1,0.0,0.0,1.0,0.0,0.0,62,118,0.84,0.05,0.02,0.0,0.0,0.0,0,65298.0
18,9,1479,4152,0,1,1,0.0,0.0,1.0,0.0,0.0,47,18,0.38,0.06,0.0,0.0,0.0,0.0,0,83893.0
45,9,105,145,0,0,2,0.0,0.0,1.0,0.0,0.0,255,105,0.41,0.01,0.0,0.0,0.0,0.0,0,80749.0
22,9,328,321,0,1,15,0.07,0.07,1.0,0.0,0.0,255,255,1.0,0.0,0.0,0.0,0.0,0.0,0,51224.0
4,5,0,0,0,0,272,1.0,1.0,0.03,0.05,0.0,255,7,0.03,0.05,0.0,1.0,1.0,0.0,1,51014.0
54,5,0,0,0,0,137,1.0,1.0,0.1,0.07,0.0,255,14,0.05,0.08,0.0,1.0,1.0,0.0,1,31318.0
63,5,0,0,0,0,222,1.0,1.0,0.09,0.06,0.0,255,19,0.07,0.08,0.0,1.0,1.0,0.0,1,98327.0
22,9,213,188,0,1,3,0.0,0.0,1.0,0.0,0.0,255,255,1.0,0.0,0.0,0.0,0.0,0.0,0,12682.0
45,9,105,0,0,0,2,0.0,0.0,1.0,0.0,0.0,200,191,0.95,0.01,0.0,0.0,0.0,0.0,0,92606.0
2,5,0,0,0,0,203,1.0,1.0,0.01,0.06,0.0,255,2,0.01,0.06,0.0,1.0,1.0,0.0,1,40197.0
18,9,1140,2445,0,1,1,0.0,0.0,1.0,0.0,0.0,255,116,0.45,0.02,0.0,0.0,0.0,0.0,1,67959.0
49,5,0,0,0,0,2,0.5,0.5,1.0,0.0,0.0,132,165,0.61,0.04,0.01,0.01,0.01,0.0,0,23663.0
57,5,0,0,0,0,217,1.0,1.0,0.03,0.07,0.0,255,6,0.02,0.07,0.0,1.0,1.0,0.0,1,63519.0
13,9,8,0,0,0,1,0.0,0.0,1.0,0.0,1.0,2,90,1.0,0.0,0.26,0.0,0.0,0.0,1,76473.0
41,9,147,105,0,0,1,0.0,0.0,1.0,0.0,0.0,255,1,0.0,0.63,0.0,0.0,0.0,0.0,0,2890.0
22,9,228,1728,0,1,1,0.0,0.0,1.0,0.0,0.24,255,255,1.0,0.0,0.0,0.0,0.0,0.0,0,1993.0
19,9,334,0,0,1,2,0.0,0.0,1.0,0.0,0.0,6,24,1.0,0.0,0.21,0.0,0.0,0.0,1,121966.0
45,5,0,0,0,0,122,1.0,1.0,0.04,0.06,0.0,255,6,0.02,0.08,0.0,1.0,1.0,0.0,1,75760.0
18,5,0,0,0,0,240,1.0,1.0,0.02,0.07,0.0,255,5,0.02,0.07,0.0,1.0,1.0,0.0,1,96930.0
22,9,259,5071,0,1,6,0.17,0.17,1.0,0.0,0.0,255,255,1.0,0.0,0.0,0.0,0.0,0.0,0,117882.0
22,9,143,9567,0,1,1,0.0,0.0,1.0,0.0,0.0,61,255,1.0,0.0,0.01,0.0,0.0,0.0,0,47627.0
55,9,87,2002,0,1,1,0.0,0.0,1.0,0.0,0.0,119,11,0.09,0.04,0.0,0.03,0.27,0.0,0,79279.0
22,9,215,3157,0,1,13,0.0,0.0,1.0,0.0,0.0,21,255,1.0,0.0,0.04,0.0,0.0,0.0,0,86837.0
45,5,0,0,0,0,276,1.0,1.0,0.05,0.06,0.0,255,6,0.02,0.07,0.0,1.0,1.0,0.0,1,104995.0
11,9,44,110,0,0,101,0.0,0.0,1.0,0.0,0.01,255,255,1.0,0.0,0.0,0.0,0.0,0.0,0,67029.0
11,9,33,0,0,0,1,0.0,0.0,1.0,0.0,1.0,114,33,0.29,0.04,0.0,0.0,0.0,0.0,0,24866.0
22,9,145,13985,0,1,1,0.0,0.0,1.0,0.0,0.0,255,255,1.0,0.0,0.0,0.01,0.01,0.0,0,73920.0
22,9,144,4141,0,1,1,0.0,0.0,1.0,0.0,0.0,1,255,1.0,0.0,0.05,0.0,0.0,0.0,0,87919.0
8,5,0,0,0,0,238,1.0,1.0,0.07,0.08,0.0,255,17,0.07,0.08,0.0,1.0,1.0,0.0,1,77575.0
41,9,146,105,0,0,4,0.0,0.0,0.5,0.5,0.0,255,2,0.01,0.88,0.0,0.0,0.0,0.0,0,102785.0
13,9,8,0,0,0,1,0.0,0.0,1.0,0.0,1.0,2,5,1.0,0.0,0.6,0.0,0.0,0.0,1,120339.0
22,9,296,3334,0,1,16,0.0,0.0,1.0,0.0,0.0,96,255,1.0,0.0,0.02,0.0,0.0,0.0,0,122915.0
13,9,8,0,0,0,1,0.0,0.0,1.0,0.0,1.0,2,186,1.0,0.0,0.25,0.0,0.0,0.0,1,49461.0
22,9,203,2066,0,1,2,0.0,0.0,1.0,0.0,0.0,2,255,1.0,0.0,0.04,0.0,0.0,0.0,0,67937.0
45,9,1,0,0,0,17,0.0,0.0,0.71,0.24,0.0,255,12,0.05,0.22,0.0,0.0,0.0,0.0,1,13056.0
22,9,323,3805,0,1,8,0.0,0.0,1.0,0.0,0.0,8,255,1.0,0.0,0.05,0.0,0.0,0.0,0,20251.0
22,9,337,2055,0,1,41,0.0,0.0,1.0,0.0,0.06,255,255,1.0,0.0,0.0,0.0,0.0,0.0,0,12563.0
14,9,520,0,0,0,205,0.0,0.0,1.0,0.0,0.0,255,255,1.0,0.0,0.0,0.0,0.0,0.0,1,58096.0
8,5,0,0,0,0,294,1.0,1.0,0.03,0.05,0.0,255,10,0.04,0.05,0.0,1.0,1.0,0.0,1,1745.0
22,9,218,1721,0,1,12,0.0,0.0,1.0,0.0,0.0,255,255,1.0,0.0,0.0,0.0,0.0,0.0,0,24294.0
22,9,244,18246,0,1,1,0.0,0.0,1.0,0.0,0.0,255,247,0.97,0.01,0.0,0.0,0.0,0.0,0,33165.0
22,9,334,1498,0,1,33,0.03,0.03,1.0,0.0,0.0,33,250,1.0,0.0,0.01,0.03,0.0,0.0,0,63293.0
45,1,0,0,0,0,117,0.01,0.0,0.01,1.0,0.0,242,1,0.0,0.51,0.0,0.0,0.0,1.0,1,57672.0
48,5,0,0,0,0,142,1.0,1.0,0.08,0.06,0.0,255,1,0.0,0.08,0.0,1.0,1.0,0.0,1,16318.0
22,1,0,0,0,0,1,0.0,0.0,1.0,0.0,0.0,4,255,1.0,0.0,0.17,0.0,0.0,0.85,0,125063.0
22,9,248,16626,0,1,2,0.0,0.0,1.0,0.0,0.67,255,255,1.0,0.0,0.0,0.0,0.0,0.0,0,15973.0
45,9,28,0,3,0,71,0.0,0.0,1.0,0.0,0.0,255,71,0.28,0.04,0.0,0.02,0.0,0.0,1,69830.0
3,5,0,0,0,0,145,1.0,1.0,0.1,0.06,0.0,255,10,0.04,0.08,0.0,1.0,1.0,0.0,1,49334.0
22,9,214,2251,0,1,6,0.0,0.0,1.0,0.0,0.33,255,255,1.0,0.0,0.0,0.0,0.0,0.0,0,80015.0
22,9,200,337,0,1,17,0.0,0.0,1.0,0.0,0.0,255,255,1.0,0.0,0.0,0.0,0.0,0.0,0,118183.0
45,5,0,0,0,0,69,1.0,1.0,0.03,0.07,0.0,255,14,0.05,0.06,0.0,1.0,1.0,0.0,1,51270.0
11,9,42,42,0,0,4,0.0,0.0,1.0,0.0,0.29,255,244,0.96,0.01,0.0,0.0,0.0,0.0,0,18348.0
22,1,0,0,0,0,16,0.0,0.0,1.0,0.0,0.0,39,186,1.0,0.0,0.18,0.0,0.0,0.97,0,74870.0
45,5,0,0,0,0,162,1.0,1.0,0.05,0.06,0.0,255,8,0.03,0.07,0.0,1.0,1.0,0.0,1,15389.0
49,9,809,401,0,1,1,0.0,0.0,1.0,0.0,0.0,255,96,0.38,0.05,0.0,0.23,0.0,0.0,0,105273.0
19,9,334,0,0,1,1,0.0,0.0,1.0,0.0,0.0,1,54,1.0,0.0,0.13,0.0,0.02,0.0,1,1021.0
22,1,0,0,0,0,10,0.0,0.0,1.0,0.0,0.0,29,176,1.0,0.0,0.19,0.0,0.0,0.98,0,121639.0
22,9,210,2904,0,1,5,0.0,0.0,1.0,0.0,0.0,71,255,1.0,0.0,0.05,0.0,0.0,0.0,0,70556.0
22,9,217,11902,0,1,4,0.0,0.0,1.0,0.0,0.31,24,231,1.0,0.0,0.03,0.0,0.0,0.0,0,35595.0
45,5,0,0,0,0,191,1.0,1.0,0.02,0.07,0.0,255,3,0.01,0.06,0.0,1.0,1.0,0.0,1,55619.0
19,5,0,0,0,0,139,1.0,1.0,0.14,0.06,0.0,255,7,0.03,0.06,0.0,1.0,1.0,0.0,1,61415.0
41,9,147,105,0,0,1,0.0,0.0,1.0,0.0,0.0,255,1,0.0,0.53,0.0,0.0,0.0,0.0,0,73753.0
27,5,0,0,0,0,138,1.0,1.0,0.01,0.05,0.0,255,2,0.01,0.05,0.0,1.0,1.0,0.0,1,80439.0
41,9,146,105,0,0,1,0.0,0.0,1.0,0.0,0.0,255,4,0.02,0.68,0.0,0.0,0.0,0.0,0,33441.0
45,5,0,0,0,0,233,1.0,1.0,0.01,0.06,0.0,255,2,0.01,0.05,0.0,1.0,1.0,0.0,1,93193.0
22,9,222,724,0,1,27,0.0,0.0,1.0,0.0,0.0,87,255,1.0,0.0,0.02,0.0,0.0,0.0,0,22605.0
41,9,147,105,0,0,7,0.0,0.0,0.14,0.57,0.0,255,1,0.0,0.6,0.0,0.0,0.0,0.0,0,73401.0
22,9,235,671,0,1,2,0.0,0.0,1.0,0.0,0.0,239,255,1.0,0.0,0.01,0.0,0.0,0.03,0,72770.0
11,9,43,85,0,0,166,0.0,0.0,1.0,0.0,0.0,255,255,1.0,0.0,0.0,0.0,0.0,0.0,0,3662.0
22,9,300,42747,0,1,3,0.0,0.0,1.0,0.0,0.0,12,255,1.0,0.0,0.05,0.0,0.0,0.0,0,63454.0
22,9,217,1484,0,1,1,0.0,0.0,1.0,0.0,0.0,26,255,1.0,0.0,0.02,0.0,0.0,0.0,0,54062.0
45,5,0,0,0,0,139,1.0,1.0,0.14,0.06,0.0,255,17,0.07,0.07,0.0,1.0,1.0,0.0,1,30201.0
49,9,4095,368,0,1,1,0.0,0.0,1.0,0.0,1.0,50,203,1.0,0.0,0.01,0.0,0.0,0.0,0,35504.0
10,1,0,0,0,0,279,0.0,0.0,0.07,0.06,0.0,255,19,0.07,0.08,0.0,0.0,0.0,1.0,1,97788.0
22,9,242,3855,0,1,6,0.0,0.0,1.0,0.0,0.11,22,22,1.0,0.0,0.0,0.0,0.0,0.0,0,40896.0
14,9,1032,0,0,0,511,0.0,0.0,1.0,0.0,0.0,141,47,0.33,0.05,0.0,0.01,0.0,0.0,1,117066.0
22,9,313,5294,0,1,4,0.0,0.0,1.0,0.0,0.0,42,255,1.0,0.0,0.03,0.0,0.0,0.0,0,117107.0
62,5,0,0,0,0,104,1.0,1.0,0.04,0.07,0.0,255,4,0.02,0.07,0.0,1.0,1.0,0.0,1,88089.0
22,9,235,1452,0,1,6,0.0,0.0,1.0,0.0,0.0,23,255,1.0,0.0,0.02,0.0,0.0,0.0,0,72500.0
10,5,0,0,0,0,11,1.0,1.0,0.27,0.45,0.0,255,3,0.01,0.08,0.0,1.0,1.0,0.0,1,61989.0
22,9,312,139,0,1,1,0.0,0.0,1.0,0.0,1.0,2,169,1.0,0.0,0.22,0.0,0.0,0.96,0,43670.0
22,9,254,26928,0,1,1,0.0,0.0,1.0,0.0,0.16,255,255,1.0,0.0,0.0,0.0,0.0,0.0,0,58203.0
6,5,0,0,0,0,247,1.0,1.0,0.02,0.06,0.0,255,6,0.02,0.07,0.0,1.0,1.0,0.0,1,38888.0
13,9,8,0,0,0,1,0.0,0.0,1.0,0.0,1.0,1,109,1.0,0.0,0.5,0.0,0.0,0.0,1,57239.0
14,9,30,0,0,0,1,0.0,0.0,1.0,0.0,0.0,215,215,1.0,0.0,0.0,0.0,0.0,0.0,0,55463.0
22,9,316,280,0,1,2,0.0,0.0,1.0,0.0,0.0,255,255,1.0,0.0,0.0,0.0,0.0,0.0,0,100768.0
12,1,0,0,0,0,101,0.0,0.0,0.01,0.53,0.0,255,1,0.0,0.22,0.0,0.0,0.0,1.0,1,111002.0
22,9,226,527,0,1,4,0.0,0.0,1.0,0.0,0.4,255,255,1.0,0.0,0.0,0.0,0.0,0.0,0,79524.0
45,5,0,0,0,0,89,1.0,1.0,0.18,0.06,0.0,255,8,0.03,0.06,0.0,1.0,1.0,0.0,1,99916.0
57,5,0,0,0,0,214,1.0,1.0,0.0,0.07,0.0,255,20,0.08,0.06,0.0,1.0,1.0,0.0,1,89085.0
59,9,181,0,0,0,2,0.0,0.0,0.5,1.0,0.0,255,108,0.42,0.01,0.0,0.0,0.0,0.0,0,28608.0
11,9,43,131,0,0,149,0.0,0.0,1.0,0.0,0.01,255,255,1.0,0.0,0.0,0.0,0.0,0.0,0,115643.0
57,5,0,0,0,0,221,1.0,1.0,0.05,0.06,0.0,255,20,0.08,0.06,0.0,1.0,1.0,0.0,1,86126.0
22,9,300,910,0,1,14,0.0,0.0,1.0,0.0,0.0,104,255,1.0,0.0,0.04,0.0,0.0,0.0,0,122648.0
22,6,215,1024,0,1,4,0.25,0.25,1.0,0.0,0.0,141,255,1.0,0.0,0.02,0.01,0.01,0.0,0,45692.0
25,5,0,0,0,0,122,1.0,1.0,0.19,0.05,0.0,255,23,0.09,0.05,0.0,1.0,1.0,0.0,1,115514.0
52,5,0,0,0,0,272,1.0,1.0,0.06,0.07,0.0,255,16,0.06,0.09,0.0,1.0,1.0,0.0,1,54423.0
22,9,201,798,0,1,8,0.0,0.0,1.0,0.0,0.11,255,255,1.0,0.0,0.0,0.0,0.0,0.0,0,119766.0
13,9,8,0,0,0,1,0.0,0.0,1.0,0.0,1.0,4,48,1.0,0.0,0.25,0.0,0.0,0.0,1,24752.0
19,9,374,0,0,1,5,0.0,0.0,1.0,0.0,0.0,197,84,0.4,0.03,0.02,0.0,0.0,0.0,0,27258.0
6,1,0,0,0,0,251,0.0,0.0,0.02,0.07,0.0,255,6,0.02,0.08,0.0,0.0,0.0,1.0,1,55861.0
45,5,0,0,0,0,94,1.0,1.0,0.01,0.06,0.0,255,18,0.07,0.07,0.0,1.0,1.0,0.0,1,4596.0
11,9,44,44,0,0,140,0.0,0.0,1.0,0.0,0.01,255,254,1.0,0.01,0.0,0.0,0.0,0.0,0,35521.0
19,9,1470,0,0,0,2,0.0,0.0,1.0,0.0,0.0,255,111,0.44,0.03,0.0,0.0,0.0,0.0,0,72785.0
11,9,44,112,0,0,65,0.0,0.0,1.0,0.0,0.0,255,162,0.64,0.01,0.0,0.0,0.0,0.0,0,46624.0
13,9,8,0,0,0,1,0.0,0.0,1.0,0.0,1.0,1,29,1.0,0.0,0.52,0.0,0.0,0.0,1,105507.0
45,1,0,0,0,0,96,0.0,0.0,0.09,0.06,0.0,255,9,0.04,0.05,0.0,0.0,0.0,1.0,1,8343.0
19,5,0,0,0,0,59,1.0,1.0,0.24,0.07,0.0,255,50,0.2,0.05,0.0,1.0,1.0,0.0,1,57050.0
45,9,28,0,3,0,65,0.0,0.0,1.0,0.0,0.0,137,65,0.47,0.03,0.0,0.0,0.0,0.0,1,125322.0
9,5,0,0,0,0,237,1.0,1.0,0.03,0.06,0.0,255,8,0.03,0.07,0.0,1.0,1.0,0.0,1,89479.0
22,9,238,542,0,1,13,0.0,0.0,1.0,0.0,0.0,27,255,1.0,0.0,0.07,0.0,0.0,0.0,0,66891.0
13,9,64,0,0,0,3,0.0,0.0,1.0,0.0,0.0,97,3,0.03,0.07,0.0,0.0,0.0,0.0,0,58140.0
45,9,28,0,3,0,16,0.0,0.0,1.0,0.0,0.0,255,16,0.06,0.02,0.0,0.0,0.0,0.0,1,42004.0
52,5,0,0,0,0,292,1.0,1.0,0.04,0.06,0.0,255,8,0.03,0.09,0.0,1.0,1.0,0.0,1,54286.0
11,9,45,73,0,0,321,0.0,0.0,1.0,0.01,0.0,255,251,0.98,0.01,0.0,0.0,0.0,0.0,0,100457.0
22,9,344,504,0,1,4,0.0,0.0,1.0,0.0,0.0,26,255,1.0,0.0,0.03,0.0,0.0,0.0,0,122631.0
45,1,0,0,0,0,121,0.0,0.0,0.14,0.06,0.0,255,17,0.07,0.06,0.0,0.0,0.0,1.0,1,14855.0
19,5,0,0,0,0,30,1.0,1.0,0.23,0.13,0.0,255,65,0.25,0.02,0.0,1.0,1.0,0.0,1,61695.0
22,9,211,321,0,1,2,0.0,0.0,1.0,0.0,0.0,249,255,1.0,0.0,0.01,0.0,0.0,0.0,0,109679.0
22,1,0,0,0,0,1,0.0,0.0,1.0,0.0,0.0,10,255,1.0,0.0,0.06,0.0,0.0,0.41,0,1831.0
14,9,1032,0,0,0,511,0.0,0.0,1.0,0.0,0.0,180,86,0.48,0.04,0.0,0.01,0.0,0.0,1,11728.0
22,9,246,1249,0,1,5,0.0,0.0,1.0,0.0,0.33,255,255,1.0,0.0,0.0,0.0,0.0,0.0,0,9177.0
11,9,77,44,0,0,152,0.0,0.0,1.0,0.0,0.0,255,162,0.64,0.01,0.0,0.0,0.0,0.0,0,100533.0
9,5,0,0,0,0,253,1.0,1.0,0.07,0.06,0.0,255,4,0.02,0.08,0.0,1.0,1.0,0.0,1,1027.0
22,9,263,267,0,1,10,0.1,0.1,1.0,0.0,0.1,255,255,1.0,0.0,0.0,0.0,0.0,0.0,0,63571.0
22,9,293,2486,0,1,29,0.0,0.0,1.0,0.0,0.0,255,255,1.0,0.0,0.0,0.0,0.0,0.0,0,106040.0
6,5,0,0,0,0,104,1.0,1.0,0.04,0.07,0.0,255,4,0.02,0.07,0.0,1.0,1.0,0.0,1,92779.0
22,9,313,2083,0,1,2,0.0,0.0,1.0,0.0,0.0,82,255,1.0,0.0,0.02,0.0,0.0,0.0,0,92975.0
22,9,247,2431,0,1,8,0.0,0.0,1.0,0.0,0.22,255,255,1.0,0.0,0.0,0.0,0.0,0.0,0,20577.0
45,5,0,0,0,0,296,1.0,1.0,0.01,0.06,0.0,255,8,0.03,0.07,0.0,1.0,1.0,0.0,1,59701.0
3,1,0,0,0,0,259,0.0,0.0,0.02,0.07,0.0,255,6,0.02,0.07,0.0,0.0,0.0,1.0,1,81166.0
22,9,263,8822,0,1,17,0.0,0.0,1.0,0.0,0.11,81,255,1.0,0.0,0.03,0.0,0.0,0.0,0,29341.0
45,5,0,0,0,0,106,1.0,1.0,0.07,0.06,0.0,255,14,0.05,0.07,0.0,1.0,1.0,0.0,1,13524.0
13,9,8,0,0,0,1,0.0,0.0,1.0,0.0,1.0,2,178,1.0,0.0,0.5,0.0,0.0,0.0,1,102635.0
22,9,296,706,0,1,2,0.5,0.33,1.0,0.0,0.67,255,255,1.0,0.0,0.0,0.0,0.0,0.0,0,49796.0
22,9,326,2073,0,1,1,0.0,0.0,1.0,0.0,0.0,255,255,1.0,0.0,0.0,0.0,0.0,0.0,0,96679.0
22,9,279,32099,0,1,13,0.0,0.0,1.0,0.0,0.0,41,255,1.0,0.0,0.07,0.0,0.0,0.0,0,43441.0
49,9,2404,330,0,1,1,0.0,0.0,1.0,0.0,1.0,216,134,0.54,0.01,0.01,0.0,0.0,0.0,0,110267.0
45,9,105,0,0,0,2,0.0,0.0,1.0,0.0,0.0,60,22,0.37,0.05,0.0,0.0,0.0,0.0,0,48154.0
45,5,0,0,0,0,174,1.0,1.0,0.07,0.07,0.0,255,12,0.05,0.06,0.0,1.0,1.0,0.0,1,1538.0
13,9,8,0,0,0,1,0.0,0.0,1.0,0.0,1.0,1,81,1.0,0.0,0.51,0.0,0.0,0.0,1,9860.0
33,1,0,0,0,0,191,0.0,0.0,0.06,0.07,0.0,255,12,0.05,0.07,0.0,0.0,0.0,1.0,1,26970.0
22,9,303,8720,0,1,41,0.0,0.0,1.0,0.0,0.0,255,255,1.0,0.0,0.0,0.0,0.0,0.0,0,34151.0
45,4,0,0,0,0,1,0.0,0.0,1.0,0.0,0.0,246,1,0.0,0.6,0.0,0.0,0.0,1.0,1,99315.0
22,9,181,2467,0,1,2,0.0,0.0,1.0,0.0,0.0,255,250,0.98,0.01,0.0,0.0,0.0,0.0,0,19012.0
45,5,0,0,0,0,103,1.0,1.0,0.03,0.06,0.0,255,6,0.02,0.06,0.0,1.0,1.0,0.0,1,47439.0
2,1,0,0,0,0,292,0.0,0.0,0.06,0.06,0.0,255,17,0.07,0.07,0.0,0.0,0.0,1.0,1,43835.0
45,4,1,0,0,0,2,0.0,0.0,1.0,0.0,0.0,255,2,0.01,0.66,0.0,0.0,0.0,1.0,1,90685.0
22,9,210,910,0,1,30,0.0,0.0,1.0,0.0,0.0,255,255,1.0,0.0,0.0,0.0,0.0,0.0,0,15568.0
22,9,227,2367,0,1,13,0.0,0.0,1.0,0.0,0.14,255,255,1.0,0.0,0.0,0.0,0.0,0.0,0,27471.0
55,9,124,11058,0,1,1,0.0,0.0,1.0,0.0,0.0,255,1,0.0,0.55,0.0,0.0,0.0,0.0,0,7763.0
22,1,0,0,0,0,1,0.0,0.0,1.0,0.0,0.0,7,251,1.0,0.0,0.09,0.0,0.0,0.96,0,113728.0
14,9,520,0,0,0,447,0.0,0.0,1.0,0.0,0.0,240,240,1.0,0.0,0.0,0.0,0.0,0.0,1,48791.0
22,9,256,2255,0,1,15,0.0,0.0,1.0,0.0,0.0,255,255,1.0,0.0,0.0,0.0,0.0,0.02,0,45702.0
18,9,1498,4152,0,1,1,0.0,0.0,1.0,0.0,0.0,104,23,0.22,0.03,0.0,0.0,0.0,0.0,0,57561.0
54,5,0,0,0,0,267,1.0,1.0,0.02,0.06,0.0,255,2,0.01,0.09,0.0,1.0,1.0,0.0,1,16436.0
20,5,0,0,0,0,232,1.0,1.0,0.07,0.06,0.0,255,5,0.02,0.07,0.0,1.0,1.0,0.0,1,69374.0
22,9,310,1331,0,1,6,0.0,0.0,1.0,0.0,0.0,6,255,1.0,0.0,0.04,0.0,0.0,0.0,0,6651.0
31,2,0,0,0,0,142,0.0,0.0,0.05,0.06,0.0,255,7,0.03,0.07,0.0,0.0,0.0,1.0,1,49554.0
22,9,287,3147,0,1,17,0.0,0.0,1.0,0.0,0.09,63,255,1.0,0.0,0.02,0.0,0.0,0.0,0,46770.0
22,9,343,388,0,1,12,0.0,0.0,1.0,0.0,0.0,255,255,1.0,0.0,0.0,0.0,0.0,0.0,0,33212.0
45,5,0,0,0,0,107,1.0,1.0,0.07,0.06,0.0,255,14,0.05,0.07,0.0,1.0,1.0,0.0,1,54843.0
22,9,233,3387,0,1,3,0.0,0.0,1.0,0.0,0.0,114,255,1.0,0.0,0.01,0.0,0.0,0.0,0,106982.0
28,5,0,0,0,0,123,1.0,1.0,0.18,0.05,0.0,255,22,0.09,0.05,0.0,1.0,1.0,0.0,1,48355.0
22,9,231,17995,0,1,17,0.0,0.0,1.0,0.0,0.0,19,255,1.0,0.0,0.08,0.0,0.0,0.0,0,50844.0
45,1,0,0,0,0,2,0.0,0.0,0.5,1.0,0.0,255,1,0.0,0.17,0.0,0.0,0.0,1.0,1,48471.0
41,9,145,105,0,0,1,0.0,0.0,1.0,0.0,0.0,255,1,0.0,0.84,0.0,0.0,0.0,0.0,0,24525.0
25,1,0,0,0,0,259,0.0,0.0,0.03,0.07,0.0,255,8,0.03,0.07,0.0,0.0,0.0,1.0,1,26268.0
22,1,0,0,0,0,215,0.0,0.0,0.03,0.07,0.0,255,7,0.03,0.07,0.0,0.0,0.0,1.0,1,2007.0
22,9,195,3968,0,1,2,0.0,0.0,1.0,0.0,0.0,23,41,1.0,0.0,0.05,0.0,0.0,0.0,0,109154.0
19,8,88383,0,0,1,18,0.06,0.06,1.0,0.0,0.0,50,83,0.48,0.06,0.02,0.02,0.02,0.0,0,58066.0
45,1,0,0,0,0,1,0.0,0.0,1.0,0.0,0.0,255,1,0.0,0.68,0.0,0.0,0.0,1.0,1,109315.0
25,5,0,0,0,0,289,1.0,1.0,0.03,0.06,0.0,255,4,0.02,0.07,0.0,1.0,1.0,0.0,1,84673.0
45,5,0,0,0,0,113,1.0,1.0,0.12,0.05,0.0,255,14,0.05,0.05,0.0,1.0,1.0,0.0,1,114954.0
14,9,520,0,0,0,486,0.0,0.0,1.0,0.0,0.0,140,140,1.0,0.0,0.0,0.0,0.0,0.0,1,86743.0
13,9,8,0,0,0,1,0.0,0.0,1.0,0.0,1.0,4,192,1.0,0.0,0.25,0.0,0.0,0.0,1,106417.0
11,9,45,45,0,0,77,0.0,0.0,1.0,0.0,0.03,255,253,0.99,0.01,0.0,0.0,0.0,0.0,0,63554.0
22,9,224,2994,0,1,23,0.0,0.0,1.0,0.0,0.1,241,255,1.0,0.0,0.01,0.0,0.0,0.0,0,38183.0
19,9,748,0,0,0,1,0.0,0.0,1.0,0.0,0.0,111,1,0.01,0.04,0.0,0.01,0.0,0.0,0,103778.0
53,5,0,0,0,0,126,1.0,1.0,0.13,0.06,0.0,255,14,0.05,0.07,0.0,1.0,1.0,0.0,1,38141.0
22,9,240,1221,0,1,14,0.0,0.0,1.0,0.0,0.13,255,255,1.0,0.0,0.0,0.0,0.0,0.0,0,115733.0
19,9,4763,0,0,1,11,0.0,0.0,1.0,0.0,0.0,110,51,0.21,0.03,0.04,0.0,0.0,0.0,0,72944.0
45,9,1,0,0,0,29,0.0,0.0,0.03,0.14,0.0,255,1,0.0,0.58,0.0,0.0,0.0,0.0,1,91151.0
45,1,0,0,0,0,93,0.0,0.0,0.04,0.06,0.0,255,4,0.02,0.07,0.0,0.0,0.0,1.0,1,70834.0
55,9,592,19205,0,1,1,0.0,0.0,1.0,0.0,0.0,9,3,0.33,0.22,0.0,0.0,0.0,0.0,0,111584.0
45,4,1,0,0,0,2,0.0,0.0,1.0,0.0,0.0,255,2,0.01,0.49,0.0,0.0,0.0,1.0,1,17309.0
13,9,8,0,0,0,1,0.0,0.0,1.0,0.0,1.0,3,183,1.0,0.0,0.25,0.0,0.0,0.0,1,26780.0
55,9,101,3195,0,1,1,0.0,0.0,1.0,0.0,0.0,40,7,0.17,0.1,0.0,0.03,0.0,0.29,0,58315.0
49,9,1444,398,0,1,1,0.0,0.0,1.0,0.0,1.0,142,124,0.6,0.04,0.02,0.0,0.0,0.0,0,110893.0
22,9,303,4705,0,1,12,0.0,0.0,1.0,0.0,0.21,37,255,1.0,0.0,0.01,0.0,0.0,0.0,0,100405.0
22,9,279,10886,0,1,14,0.0,0.0,1.0,0.0,0.0,50,255,1.0,0.0,0.02,0.0,0.0,0.0,0,51795.0
36,5,0,0,0,0,288,1.0,1.0,0.02,0.06,0.0,255,10,0.04,0.08,0.0,1.0,1.0,0.0,1,65216.0
22,9,221,1268,0,1,10,0.0,0.0,1.0,0.0,0.0,255,255,1.0,0.0,0.0,0.0,0.0,0.0,0,42065.0
22,9,218,643,0,1,1,0.0,0.17,1.0,0.0,0.5,1,1,1.0,0.0,0.0,0.0,0.0,0.0,1,62322.0
45,5,0,0,0,0,67,1.0,1.0,0.06,0.09,0.0,255,17,0.07,0.07,0.0,1.0,1.0,0.0,1,87759.0
14,9,520,0,0,0,171,0.0,0.0,1.0,0.0,0.0,255,255,1.0,0.0,0.0,0.0,0.0,0.0,1,23983.0
19,9,1830,0,0,1,1,0.0,0.0,1.0,0.0,0.0,255,8,0.03,0.63,0.0,0.0,0.0,0.0,0,97734.0
41,9,146,105,0,0,1,0.0,0.0,1.0,0.0,0.0,255,1,0.0,0.66,0.0,0.0,0.0,0.0,0,19567.0
45,4,0,0,0,0,1,0.0,0.0,1.0,0.0,0.0,253,1,0.0,0.27,0.0,0.0,0.0,1.0,1,110051.0
31,2,0,0,0,0,100,0.0,0.0,0.01,0.07,0.0,255,1,0.0,0.06,0.0,0.0,0.0,1.0,1,111435.0
50,1,0,0,0,0,152,0.0,0.0,0.01,0.07,0.0,255,1,0.0,0.07,0.0,0.0,0.0,1.0,1,37788.0
14,9,520,0,0,0,454,0.0,0.0,1.0,0.0,0.0,159,159,1.0,0.0,0.0,0.0,0.0,0.0,1,68039.0
51,5,0,0,0,0,233,1.0,1.0,0.1,0.05,0.0,255,23,0.09,0.05,0.0,1.0,1.0,0.0,1,61661.0
26,1,0,0,0,0,205,0.0,0.0,0.07,0.06,0.0,255,14,0.05,0.07,0.0,0.0,0.0,1.0,1,96689.0
22,9,219,1056,0,1,4,0.25,0.3,1.0,0.0,0.4,14,255,1.0,0.0,0.08,0.07,0.01,0.01,0,116125.0
45,4,1,0,0,0,2,0.0,0.0,1.0,0.0,0.0,255,2,0.01,0.51,0.0,0.0,0.0,1.0,1,42232.0
22,9,247,365,0,1,2,0.0,0.0,1.0,0.0,0.0,255,255,1.0,0.0,0.0,0.0,0.0,0.0,0,48745.0
22,9,298,1042,0,1,9,0.0,0.0,1.0,0.0,0.0,255,255,1.0,0.0,0.0,0.0,0.0,0.0,0,73049.0
19,5,0,0,0,0,71,1.0,1.0,0.23,0.06,0.0,255,76,0.3,0.02,0.0,1.0,1.0,0.0,1,121741.0
11,9,43,126,0,0,225,0.0,0.0,1.0,0.0,0.01,150,111,0.74,0.02,0.0,0.0,0.0,0.0,0,110965.0
22,9,241,1283,0,1,28,0.0,0.0,1.0,0.0,0.09,28,30,1.0,0.0,0.07,0.0,0.0,0.0,0,65780.0
19,9,491,0,0,0,2,0.0,0.0,1.0,0.0,0.0,65,30,0.12,0.06,0.07,0.0,0.0,0.0,0,3402.0
4,5,0,0,0,0,256,1.0,1.0,0.02,0.07,0.0,255,4,0.02,0.07,0.0,1.0,1.0,0.0,1,119345.0
22,9,341,604,0,1,6,0.17,0.06,1.0,0.0,0.12,255,255,1.0,0.0,0.0,0.0,0.0,0.0,0,16143.0
22,9,54540,8314,0,1,7,0.0,0.0,1.0,0.0,0.25,255,255,1.0,0.0,0.0,0.0,0.0,0.06,1,12982.0
49,9,1102,333,0,1,1,0.0,0.0,1.0,0.0,1.0,185,168,0.65,0.03,0.01,0.0,0.0,0.0,0,10879.0
22,9,244,20941,0,1,4,0.0,0.0,1.0,0.0,0.0,255,255,1.0,0.0,0.0,0.0,0.0,0.0,0,105146.0
22,1,0,0,0,0,18,0.0,0.0,1.0,0.0,0.0,18,255,1.0,0.0,0.01,0.0,0.0,0.07,0,121277.0
22,9,315,471,0,1,12,0.0,0.0,1.0,0.0,0.0,255,255,1.0,0.0,0.0,0.0,0.0,0.0,0,109342.0
22,9,285,14576,0,1,8,0.0,0.0,1.0,0.0,0.0,8,255,1.0,0.0,0.02,0.0,0.0,0.0,0,117073.0
22,9,296,1415,0,1,16,0.0,0.0,1.0,0.0,0.0,255,255,1.0,0.0,0.0,0.0,0.0,0.0,0,7124.0
11,9,45,79,0,0,93,0.0,0.0,1.0,0.0,0.0,255,254,1.0,0.01,0.0,0.0,0.0,0.0,0,21769.0
22,9,205,1694,0,1,12,0.0,0.0,1.0,0.0,0.0,73,255,1.0,0.0,0.02,0.0,0.0,0.0,0,32028.0
45,5,0,0,0,0,262,1.0,1.0,0.03,0.06,0.0,255,14,0.05,0.06,0.0,1.0,1.0,0.0,1,95643.0
49,9,632,374,0,1,1,0.0,0.0,1.0,0.0,1.0,11,194,0.91,0.18,0.02,0.0,0.0,0.0,0,76101.0
41,9,147,105,0,0,3,0.0,0.0,0.67,0.67,0.0,255,2,0.01,0.57,0.0,0.0,0.0,0.0,0,42401.0
45,9,1,0,0,0,25,0.0,0.0,0.36,0.12,0.0,255,9,0.04,0.6,0.0,0.0,0.0,0.0,1,31636.0
22,9,253,1261,0,1,16,0.0,0.0,1.0,0.0,0.0,255,255,1.0,0.0,0.0,0.0,0.0,0.0,0,59063.0
49,9,1484,335,0,1,1,0.0,0.0,1.0,0.0,0.0,78,123,0.45,0.05,0.02,0.0,0.0,0.02,0,4169.0
45,5,0,0,0,0,80,1.0,1.0,0.14,0.06,0.0,231,11,0.05,0.06,0.0,1.0,1.0,0.0,1,31740.0
14,9,1032,0,0,0,381,0.0,0.0,1.0,0.0,0.0,255,172,0.67,0.02,0.0,0.0,0.0,0.0,1,20077.0
22,9,247,2073,0,1,18,0.0,0.0,1.0,0.0,0.0,255,255,1.0,0.0,0.0,0.0,0.0,0.0,0,83237.0
18,2,0,0,0,0,266,0.0,0.0,0.02,0.06,0.0,255,6,0.02,0.07,0.0,0.0,0.0,1.0,1,15980.0
25,5,0,0,0,0,277,1.0,1.0,0.04,0.06,0.0,255,10,0.04,0.08,0.0,1.0,1.0,0.0,1,24616.0
19,6,65700,0,0,1,1,1.0,1.0,1.0,0.0,0.0,42,61,0.17,0.12,0.03,0.02,0.02,0.0,0,59995.0
41,9,147,0,0,0,1,0.0,0.0,1.0,0.0,0.0,255,2,0.01,0.57,0.0,0.0,0.0,0.0,0,52277.0
22,9,281,3147,0,1,4,0.0,0.0,1.0,0.0,0.0,108,255,1.0,0.0,0.04,0.0,0.0,0.0,0,47129.0
22,9,299,2058,0,1,16,0.0,0.0,1.0,0.0,0.12,255,255,1.0,0.0,0.0,0.0,0.0,0.0,0,61523.0
45,5,0,0,0,0,9,1.0,1.0,0.22,0.33,0.0,255,2,0.01,0.08,0.0,1.0,1.0,0.0,1,104531.0
22,9,270,745,0,1,2,0.0,0.0,1.0,0.0,0.67,117,255,1.0,0.0,0.02,0.0,0.0,0.0,0,50021.0
25,5,0,0,0,0,267,1.0,1.0,0.04,0.06,0.0,255,18,0.07,0.06,0.0,1.0,1.0,0.0,1,26716.0
45,5,0,0,0,0,181,1.0,1.0,0.01,0.06,0.0,255,9,0.04,0.08,0.0,1.0,1.0,0.0,1,28326.0
49,9,1533,472,0,1,3,0.0,0.0,0.33,0.67,0.0,255,14,0.05,0.01,0.0,0.0,0.0,0.0,0,46949.0
22,9,234,907,0,1,22,0.0,0.0,1.0,0.0,0.0,255,255,1.0,0.0,0.0,0.0,0.0,0.0,0,123047.0
51,1,0,0,0,0,127,0.0,0.0,0.13,0.07,0.0,255,17,0.07,0.07,0.0,0.0,0.0,1.0,1,18983.0
20,5,0,0,0,0,212,1.0,1.0,0.07,0.06,0.0,255,13,0.05,0.08,0.0,1.0,1.0,0.0,1,10456.0
11,9,33,0,0,0,1,0.0,0.0,1.0,0.0,1.0,225,26,0.12,0.03,0.0,0.0,0.0,0.0,0,86311.0
22,1,0,0,0,0,1,0.0,0.0,1.0,0.0,0.0,36,140,1.0,0.0,0.04,0.0,0.0,1.0,0,78207.0
22,9,216,384,0,1,10,0.0,0.0,1.0,0.0,0.0,93,255,1.0,0.0,0.03,0.0,0.0,0.0,0,124442.0
22,9,316,3222,0,1,2,0.0,0.0,1.0,0.0,0.0,255,244,0.96,0.02,0.0,0.0,0.0,0.0,0,62198.0
29,5,0,0,0,0,195,1.0,1.0,0.05,0.05,0.0,255,10,0.04,0.05,0.0,1.0,1.0,0.0,1,16570.0
45,1,0,0,0,0,296,0.07,0.0,0.0,1.0,0.0,255,1,0.0,1.0,0.0,0.08,0.0,1.0,1,85928.0
10,5,0,0,0,0,234,1.0,1.0,0.09,0.06,0.0,255,20,0.08,0.07,0.0,1.0,1.0,0.0,1,60603.0
25,5,0,0,0,0,251,1.0,1.0,0.07,0.05,0.0,255,18,0.07,0.05,0.0,1.0,1.0,0.0,1,9471.0
22,9,241,4359,0,1,13,0.0,0.0,1.0,0.0,0.0,255,255,1.0,0.0,0.0,0.0,0.0,0.0,0,71642.0
45,5,0,0,0,0,248,1.0,1.0,0.1,0.05,0.0,109,24,0.22,0.09,0.0,0.87,1.0,0.0,1,50918.0
11,9,45,78,0,0,79,0.0,0.0,1.0,0.0,0.01,255,254,1.0,0.01,0.0,0.0,0.0,0.0,0,38588.0
49,9,1333,363,0,1,1,0.0,0.0,1.0,0.0,0.0,55,167,0.95,0.04,0.01,0.0,0.0,0.0,0,16620.0
19,6,12324,0,0,1,2,0.5,0.33,1.0,0.0,0.67,64,66,0.19,0.05,0.03,0.02,0.02,0.0,0,60064.0
19,9,334,0,0,1,1,0.0,0.0,1.0,0.0,0.0,5,40,1.0,0.0,0.15,0.0,0.0,0.0,1,39457.0
13,9,8,0,0,0,1,0.0,0.0,1.0,0.0,1.0,2,70,1.0,0.0,0.5,0.0,0.0,0.0,1,115698.0
22,9,207,283,0,1,2,0.0,0.0,1.0,0.0,0.0,236,255,1.0,0.0,0.01,0.0,0.0,0.0,0,119785.0
18,9,335,1054,0,1,1,0.0,0.0,1.0,0.0,0.0,190,76,0.4,0.03,0.0,0.0,0.0,0.0,0,7774.0
51,5,0,0,0,0,121,1.0,1.0,0.05,0.07,0.0,255,26,0.1,0.07,0.0,1.0,1.0,0.0,1,44098.0
45,5,0,0,0,0,265,1.0,1.0,0.06,0.07,0.0,255,16,0.06,0.09,0.0,1.0,1.0,0.0,1,117329.0
45,1,0,0,0,0,316,0.07,0.0,0.0,1.0,0.0,255,1,0.0,1.0,0.0,0.08,0.0,1.0,1,50025.0
26,5,0,0,0,0,258,1.0,1.0,0.06,0.06,0.0,255,15,0.06,0.06,0.0,1.0,1.0,0.0,1,54133.0
2,5,0,0,0,0,296,1.0,1.0,0.08,0.05,0.0,255,23,0.09,0.05,0.0,1.0,1.0,0.0,1,4178.0
11,9,42,42,0,0,15,0.0,0.0,1.0,0.0,0.17,255,236,0.93,0.01,0.0,0.0,0.0,0.0,0,125660.0
22,9,343,3040,0,1,10,0.0,0.0,1.0,0.0,0.0,255,255,1.0,0.0,0.0,0.0,0.0,0.0,0,90857.0
22,9,293,14542,0,1,33,0.03,0.03,1.0,0.0,0.0,94,255,1.0,0.0,0.03,0.01,0.01,0.0,0,36394.0
45,5,0,0,0,0,46,1.0,1.0,0.2,0.13,0.0,255,18,0.07,0.09,0.0,1.0,1.0,0.0,1,79080.0
22,9,304,481,0,1,1,0.0,0.0,1.0,0.0,0.0,11,255,1.0,0.0,0.09,0.0,0.0,0.0,0,101148.0
45,5,0,0,0,0,149,1.0,1.0,0.04,0.06,0.0,255,2,0.01,0.07,0.0,1.0,1.0,0.0,1,106001.0
22,9,233,493,0,1,3,0.0,0.0,1.0,0.0,0.0,20,255,1.0,0.0,0.06,0.0,0.0,0.0,0,125708.0
14,9,1032,0,0,0,511,0.0,0.0,1.0,0.0,0.0,255,144,0.56,0.01,0.0,0.0,0.0,0.0,1,61266.0
16,5,0,0,0,0,149,1.0,1.0,0.09,0.05,0.0,255,13,0.05,0.05,0.0,1.0,1.0,0.0,1,2364.0
19,5,0,0,0,0,25,1.0,1.0,0.2,0.08,0.0,27,51,0.19,0.11,0.04,0.93,0.1,0.0,1,760.0
22,5,0,0,0,0,53,1.0,1.0,0.36,0.08,0.0,255,59,0.23,0.02,0.0,1.0,1.0,0.0,1,110320.0
22,9,300,476,0,1,11,0.0,0.0,1.0,0.0,0.0,11,255,1.0,0.0,0.06,0.0,0.0,0.0,0,9638.0
45,9,28,0,3,0,60,0.0,0.0,1.0,0.0,0.0,132,60,0.45,0.03,0.0,0.0,0.0,0.0,1,27968.0
22,9,310,5340,0,1,10,0.0,0.0,1.0,0.0,0.0,255,255,1.0,0.0,0.0,0.0,0.0,0.0,0,93620.0
45,5,0,0,0,0,255,1.0,1.0,0.05,0.06,0.0,255,20,0.08,0.06,0.0,1.0,1.0,0.0,1,125023.0
45,4,1,0,0,0,2,0.0,0.0,1.0,0.0,0.0,255,2,0.01,0.82,0.0,0.0,0.0,1.0,1,13011.0
14,9,1032,0,0,0,510,0.0,0.0,1.0,0.0,0.0,255,229,0.9,0.02,0.0,0.0,0.0,0.0,1,114849.0
49,9,2432,333,0,1,1,0.0,0.0,1.0,0.0,1.0,74,70,0.86,0.05,0.03,0.0,0.0,0.0,0,62970.0
9,2,0,0,0,0,242,0.0,0.0,0.02,0.07,0.0,255,5,0.02,0.07,0.0,0.0,0.0,1.0,1,108872.0
60,5,0,0,0,0,116,1.0,1.0,0.1,0.07,0.0,255,12,0.05,0.06,0.0,1.0,1.0,0.0,1,54261.0
17,9,7,360,0,0,1,0.0,0.0,1.0,0.0,0.0,50,2,0.02,0.08,1.0,0.0,0.0,0.0,0,108274.0
22,1,0,0,0,0,1,0.0,0.0,1.0,0.0,0.0,1,163,1.0,0.0,0.18,0.0,0.0,1.0,0,102839.0
45,9,105,145,0,0,1,0.0,0.0,1.0,0.0,0.0,8,8,1.0,0.0,0.0,0.0,0.0,0.0,0,63606.0
45,5,0,0,0,0,23,1.0,1.0,0.87,0.09,0.0,255,20,0.08,0.07,0.0,1.0,1.0,0.0,1,36290.0
29,5,0,0,0,0,134,1.0,1.0,0.01,0.06,0.0,255,18,0.07,0.06,0.0,1.0,1.0,0.0,1,28850.0
45,1,0,0,0,0,113,0.0,0.0,0.07,0.07,0.0,255,28,0.11,0.05,0.0,0.0,0.0,1.0,1,66363.0
11,9,33,0,0,0,1,0.0,0.0,1.0,0.0,0.67,247,38,0.15,0.02,0.05,0.0,0.0,0.0,0,1946.0
22,9,340,388,0,1,20,0.0,0.0,1.0,0.0,0.0,255,255,1.0,0.0,0.0,0.0,0.0,0.0,0,8395.0
22,9,285,7203,0,1,5,0.0,0.0,1.0,0.0,0.0,255,255,1.0,0.0,0.0,0.0,0.0,0.0,0,79619.0
33,5,0,0,0,0,135,1.0,1.0,0.13,0.06,0.0,255,18,0.07,0.08,0.0,1.0,1.0,0.0,1,71558.0
45,1,0,0,0,0,433,0.05,0.0,0.0,1.0,0.0,255,1,0.0,1.0,0.0,0.08,0.0,1.0,1,23919.0
36,5,0,0,0,0,137,1.0,1.0,0.18,0.04,0.0,255,24,0.09,0.05,0.0,1.0,1.0,0.0,1,24089.0
40,9,48,48,0,0,1,0.0,0.0,1.0,0.0,0.0,255,14,0.05,0.01,0.0,0.0,0.0,0.0,0,82404.0
8,5,0,0,0,0,232,1.0,1.0,0.09,0.06,0.0,255,20,0.08,0.07,0.0,1.0,1.0,0.0,1,83973.0
26,5,0,0,0,0,126,1.0,1.0,0.09,0.06,0.0,255,11,0.04,0.07,0.0,1.0,1.0,0.0,1,18015.0
3,5,0,0,0,0,21,1.0,1.0,0.38,0.19,0.0,255,8,0.03,0.07,0.0,1.0,1.0,0.0,1,31023.0
49,9,2268,282,0,1,1,0.0,0.0,1.0,0.0,0.0,1,88,1.0,0.0,0.03,0.0,0.0,0.0,0,94364.0
22,9,323,6015,0,1,1,0.0,0.0,1.0,0.0,0.17,21,255,1.0,0.0,0.01,0.0,0.0,0.0,0,48167.0
22,9,221,188,0,1,4,0.25,0.25,1.0,0.0,0.0,255,255,1.0,0.0,0.0,0.0,0.0,0.0,0,95107.0
35,5,0,0,0,0,1,1.0,1.0,1.0,0.0,0.0,255,1,0.0,0.07,0.0,1.0,1.0,0.0,1,87287.0
22,9,301,1380,0,1,1,0.0,0.0,1.0,0.0,0.0,255,249,0.98,0.02,0.0,0.0,0.0,0.0,0,96187.0
45,1,0,0,0,0,441,0.05,0.0,0.0,1.0,0.0,255,1,0.0,1.0,0.0,0.08,0.0,1.0,1,74903.0
17,5,0,0,0,0,20,0.95,1.0,0.4,0.2,0.0,255,15,0.06,0.06,0.0,1.0,1.0,0.0,1,96017.0
11,9,33,0,0,0,1,0.0,0.0,1.0,0.0,0.33,167,29,0.13,0.08,0.07,0.02,0.0,0.0,0,100434.0
22,9,237,247,0,1,10,0.0,0.0,1.0,0.0,0.0,178,255,1.0,0.0,0.02,0.0,0.0,0.0,0,120976.0
19,9,172,0,0,1,13,0.0,0.0,1.0,0.0,0.0,116,52,0.2,0.03,0.06,0.0,0.02,0.0,0,57358.0
3,5,0,0,0,0,269,1.0,1.0,0.06,0.06,0.0,255,15,0.06,0.06,0.0,1.0,1.0,0.0,1,5627.0
11,9,43,43,0,0,114,0.0,0.0,1.0,0.0,0.03,234,169,0.72,0.02,0.0,0.0,0.0,0.0,0,5368.0
22,9,289,14060,0,1,14,0.0,0.0,1.0,0.0,0.12,255,255,1.0,0.0,0.0,0.0,0.0,0.0,0,114206.0
22,9,229,5082,0,1,6,0.0,0.0,1.0,0.0,0.0,6,255,1.0,0.0,0.02,0.0,0.0,0.0,0,41643.0
45,5,0,0,0,0,138,0.8,1.0,0.14,0.05,0.0,255,19,0.07,0.06,0.0,1.0,1.0,0.0,1,108129.0
41,9,146,105,0,0,1,0.0,0.0,1.0,0.0,0.0,255,1,0.0,0.85,0.0,0.0,0.0,0.0,0,26968.0
11,9,43,126,0,0,177,0.0,0.0,1.0,0.0,0.0,255,255,1.0,0.0,0.0,0.0,0.0,0.0,0,18450.0
14,9,520,0,0,0,487,0.0,0.0,1.0,0.0,0.0,129,129,1.0,0.0,0.0,0.0,0.0,0.0,1,6736.0
45,5,0,0,0,0,209,1.0,1.0,0.02,0.07,0.0,255,6,0.02,0.08,0.0,1.0,1.0,0.0,1,102272.0
22,9,187,16414,0,1,1,0.0,0.0,1.0,0.0,0.0,212,255,1.0,0.0,0.01,0.0,0.0,0.0,0,122685.0
22,9,205,538,0,1,18,0.0,0.0,1.0,0.0,0.15,255,255,1.0,0.0,0.0,0.0,0.0,0.0,0,34840.0
41,9,147,105,0,0,0,0.0,0.0,0.0,0.0,0.0,255,1,0.0,0.87,0.0,0.0,0.0,0.0,0,76451.0
19,5,0,0,0,0,255,1.0,1.0,0.05,0.05,0.0,255,8,0.03,0.07,0.0,1.0,1.0,0.0,1,57048.0
22,9,236,1112,0,1,8,0.0,0.0,1.0,0.0,0.0,255,255,1.0,0.0,0.0,0.0,0.0,0.0,0,72104.0
50,1,0,0,0,0,271,0.0,0.0,0.06,0.06,0.0,255,16,0.06,0.08,0.0,0.0,0.0,1.0,1,61762.0
55,5,0,0,0,0,48,1.0,1.0,0.23,0.08,0.0,255,22,0.09,0.06,0.0,1.0,1.0,0.0,1,93465.0
22,9,306,1425,0,1,22,0.0,0.0,1.0,0.0,0.0,255,255,1.0,0.0,0.0,0.0,0.0,0.0,0,90630.0
22,9,255,432,0,1,6,0.0,0.0,1.0,0.0,0.0,31,255,1.0,0.0,0.02,0.0,0.0,0.0,0,74510.0
20,5,0,0,0,0,270,1.0,1.0,0.09,0.05,0.0,255,23,0.09,0.05,0.0,1.0,1.0,0.0,1,32985.0
19,5,0,0,0,0,47,1.0,1.0,0.21,0.09,0.0,255,50,0.2,0.03,0.0,1.0,1.0,0.0,1,93906.0
45,5,0,0,0,0,274,1.0,1.0,0.04,0.05,0.0,255,8,0.03,0.08,0.0,1.0,1.0,0.0,1,73272.0
22,9,231,15516,0,1,5,0.0,0.0,1.0,0.0,0.0,15,255,1.0,0.0,0.03,0.0,0.0,0.0,0,48641.0
19,9,1214,0,0,1,4,0.0,0.0,1.0,0.0,0.0,255,119,0.47,0.03,0.0,0.0,0.0,0.0,0,74157.0
17,5,0,0,0,0,245,1.0,1.0,0.05,0.06,0.0,255,3,0.01,0.09,0.0,1.0,1.0,0.0,1,104718.0
17,5,0,0,0,0,1,1.0,1.0,1.0,0.0,1.0,1,6,1.0,0.0,1.0,1.0,0.83,0.0,1,64190.0
55,5,0,0,0,0,11,1.0,1.0,1.0,0.0,0.0,53,33,0.62,0.04,0.0,0.96,0.94,0.0,1,3441.0
22,9,280,2446,0,1,2,0.0,0.0,1.0,0.0,0.0,255,255,1.0,0.0,0.0,0.0,0.0,0.0,0,90818.0
22,9,288,2153,0,1,44,0.0,0.0,1.0,0.0,0.0,184,255,1.0,0.0,0.01,0.0,0.0,0.0,0,15496.0
11,9,43,43,0,0,116,0.0,0.0,1.0,0.0,0.0,255,255,1.0,0.0,0.0,0.0,0.0,0.0,0,85187.0
55,5,0,0,0,0,290,1.0,1.0,0.05,0.05,0.0,255,14,0.05,0.05,0.0,1.0,1.0,0.0,1,88251.0
22,9,300,19046,0,1,4,0.0,0.0,1.0,0.0,0.07,16,255,1.0,0.0,0.02,0.0,0.0,0.0,0,123709.0
22,9,164,14875,0,1,25,0.0,0.0,1.0,0.0,0.14,255,255,1.0,0.0,0.0,0.0,0.0,0.0,0,12211.0
41,9,147,105,0,0,3,0.0,0.0,0.33,0.67,0.0,255,1,0.0,0.64,0.0,0.0,0.0,0.0,0,79384.0
22,9,332,24732,0,1,7,0.0,0.0,1.0,0.0,0.0,168,255,1.0,0.0,0.05,0.0,0.0,0.0,0,108848.0
22,1,0,0,0,0,1,0.0,0.0,1.0,0.0,1.0,44,255,1.0,0.0,0.13,0.0,0.0,0.83,0,46518.0
45,5,0,0,0,0,148,1.0,1.0,0.05,0.06,0.0,229,3,0.01,0.08,0.0,1.0,1.0,0.0,1,104644.0
52,5,0,0,0,0,203,1.0,1.0,0.07,0.06,0.0,255,13,0.05,0.07,0.0,1.0,1.0,0.0,1,102200.0
30,5,0,0,0,0,199,1.0,1.0,0.04,0.06,0.0,255,8,0.03,0.06,0.0,1.0,1.0,0.0,1,67926.0
21,5,0,0,0,0,233,1.0,1.0,0.09,0.06,0.0,255,20,0.08,0.07,0.0,1.0,1.0,0.0,1,50128.0
27,5,0,0,0,0,147,1.0,1.0,0.07,0.05,0.0,255,11,0.04,0.05,0.0,1.0,1.0,0.0,1,79881.0
11,9,43,109,0,0,174,0.0,0.0,0.99,0.01,0.0,63,30,0.48,0.03,0.0,0.0,0.0,0.0,0,104313.0
49,9,4998,416,0,1,1,0.0,0.0,1.0,0.0,1.0,59,164,0.58,0.07,0.01,0.0,0.0,0.0,0,11615.0
22,9,310,32330,0,1,2,0.0,0.0,1.0,0.0,0.29,107,255,1.0,0.0,0.05,0.0,0.0,0.0,0,71468.0
22,9,244,2291,0,1,9,0.0,0.0,1.0,0.0,0.27,22,255,1.0,0.0,0.03,0.0,0.0,0.0,0,63367.0
45,1,0,0,0,0,129,0.01,0.0,0.01,1.0,0.0,255,1,0.0,0.52,0.0,0.0,0.0,1.0,1,119047.0
45,5,0,0,0,0,111,1.0,1.0,0.09,0.06,0.0,255,3,0.01,0.06,0.0,1.0,1.0,0.0,1,7617.0
45,5,0,0,0,0,139,0.99,1.0,0.02,0.06,0.0,255,4,0.02,0.06,0.0,1.0,1.0,0.0,1,95897.0
53,1,0,0,0,0,261,0.0,0.0,0.01,0.06,0.0,255,2,0.01,0.08,0.0,0.0,0.0,1.0,1,33694.0
22,5,0,0,0,0,79,1.0,1.0,0.25,0.05,0.0,255,60,0.24,0.02,0.0,1.0,1.0,0.0,1,57003.0
17,9,7,0,0,0,1,0.0,0.0,1.0,0.0,0.0,25,9,0.04,0.08,0.33,0.0,0.0,0.0,0,54777.0
19,9,501760,0,0,1,1,0.0,0.0,1.0,0.0,0.0,191,52,0.27,0.04,0.0,0.02,0.04,0.0,0,125316.0
18,9,1485,4152,0,1,1,0.0,0.0,1.0,0.0,0.0,10,6,0.6,0.3,0.0,0.0,0.0,0.0,0,109850.0
22,1,0,0,0,0,1,0.0,0.0,1.0,0.0,1.0,9,255,1.0,0.0,0.09,0.0,0.0,0.66,0,121371.0
22,9,348,412,0,1,4,0.0,0.0,1.0,0.0,0.4,14,255,1.0,0.0,0.05,0.0,0.0,0.0,0,67872.0
17,5,0,0,0,0,42,1.0,1.0,0.21,0.1,0.0,255,54,0.21,0.04,0.0,1.0,1.0,0.0,1,73626.0
22,9,312,1568,0,1,28,0.0,0.0,1.0,0.0,0.0,255,255,1.0,0.0,0.0,0.0,0.0,0.0,0,29322.0
38,5,0,0,0,0,85,1.0,1.0,0.19,0.07,0.0,255,16,0.06,0.07,0.0,1.0,1.0,0.0,1,20748.0
11,9,45,117,0,0,110,0.0,0.0,1.0,0.0,0.0,255,255,1.0,0.0,0.0,0.0,0.0,0.0,0,119935.0
11,9,45,115,0,0,1,0.0,0.0,1.0,0.0,1.0,218,203,0.93,0.01,0.0,0.0,0.0,0.0,0,88914.0
45,5,0,0,0,0,287,1.0,1.0,0.01,0.06,0.0,255,14,0.05,0.06,0.0,1.0,1.0,0.0,1,82636.0
45,5,0,0,0,0,207,1.0,1.0,0.05,0.06,0.0,255,10,0.04,0.08,0.0,1.0,1.0,0.0,1,103760.0
13,9,8,0,0,0,1,0.0,0.0,1.0,0.0,1.0,1,129,1.0,0.0,0.51,0.0,0.0,0.0,1,118638.0
22,9,217,3712,0,1,5,0.0,0.0,1.0,0.0,0.0,217,255,1.0,0.0,0.02,0.0,0.0,0.0,0,123108.0
22,9,337,441,0,1,11,0.0,0.0,1.0,0.0,0.0,36,255,1.0,0.0,0.04,0.0,0.0,0.0,0,15346.0
60,5,0,0,0,0,98,1.0,1.0,0.16,0.06,0.0,255,16,0.06,0.06,0.0,1.0,1.0,0.0,1,95512.0
22,9,235,1552,0,1,19,0.0,0.0,1.0,0.0,0.09,70,255,1.0,0.0,0.02,0.0,0.0,0.0,0,64209.0
22,9,333,2346,0,1,5,0.0,0.0,1.0,0.0,0.0,122,158,1.0,0.0,0.03,0.0,0.01,0.0,0,10705.0
49,9,1804,330,0,1,1,0.0,0.0,1.0,0.0,1.0,143,129,0.5,0.03,0.02,0.0,0.0,0.0,0,85577.0
13,9,8,0,0,0,1,0.0,0.0,1.0,0.0,1.0,1,199,1.0,0.0,0.5,0.0,0.0,0.0,1,10867.0
45,9,105,145,0,0,2,0.0,0.0,1.0,0.0,0.0,255,244,0.96,0.01,0.0,0.0,0.0,0.0,0,125969.0
13,9,30,0,0,0,1,0.0,0.0,1.0,0.0,0.0,1,91,1.0,0.0,0.51,0.0,0.0,0.0,0,55838.0
22,9,306,164,0,1,1,0.0,0.0,1.0,0.0,0.0,5,255,1.0,0.0,0.01,0.0,0.0,0.0,0,9589.0
11,9,44,126,0,0,122,0.0,0.0,0.99,0.02,0.01,255,254,1.0,0.01,0.0,0.0,0.0,0.0,0,18042.0
22,9,0,1478,0,0,6,0.17,0.14,1.0,0.0,0.29,35,255,1.0,0.0,0.04,0.03,0.0,0.0,0,98103.0
45,5,0,0,0,0,206,1.0,1.0,0.04,0.06,0.0,255,17,0.07,0.07,0.0,1.0,1.0,0.0,1,28979.0
9,5,0,0,0,0,242,1.0,1.0,0.02,0.07,0.0,255,4,0.02,0.07,0.0,1.0,1.0,0.0,1,34448.0
22,9,304,1860,0,1,4,0.0,0.0,1.0,0.0,0.0,9,87,1.0,0.0,0.05,0.0,0.0,0.0,0,2501.0
14,9,1032,0,0,0,168,0.0,0.0,1.0,0.0,0.0,255,168,0.66,0.01,0.0,0.0,0.0,0.0,1,89501.0
45,1,0,0,0,0,159,0.0,0.0,0.05,0.06,0.0,255,8,0.03,0.07,0.0,0.0,0.0,1.0,1,38641.0
22,9,299,4498,0,1,3,0.0,0.0,1.0,0.0,0.0,3,255,1.0,0.0,0.03,0.0,0.0,0.0,0,33611.0
19,9,641,0,0,0,1,0.0,0.0,1.0,0.0,0.0,69,15,0.22,0.09,0.0,0.0,0.0,0.0,0,74827.0
45,5,0,0,0,0,119,1.0,1.0,0.06,0.06,0.0,255,7,0.03,0.07,0.0,1.0,1.0,0.0,1,63712.0
55,5,0,0,0,0,75,1.0,1.0,0.24,0.05,0.0,255,64,0.25,0.02,0.0,1.0,1.0,0.0,1,74987.0
22,9,223,1053,0,1,27,0.0,0.0,1.0,0.0,0.07,255,255,1.0,0.0,0.0,0.0,0.0,0.0,0,92615.0
49,9,1033,337,0,1,1,0.0,0.0,1.0,0.0,0.0,150,175,0.81,0.04,0.01,0.0,0.0,0.0,0,33639.0
2,5,0,0,0,0,236,1.0,1.0,0.0,0.07,0.0,255,1,0.0,0.07,0.0,1.0,1.0,0.0,1,16006.0
11,9,36,0,0,0,1,0.0,0.0,1.0,0.0,1.0,197,53,0.2,0.02,0.04,0.0,0.0,0.0,0,63207.0
14,9,520,0,0,0,331,0.0,0.0,1.0,0.0,0.0,255,255,1.0,0.0,0.0,0.0,0.0,0.0,1,76721.0
7,5,0,0,0,0,131,1.0,1.0,0.18,0.05,0.0,255,23,0.09,0.05,0.0,1.0,1.0,0.0,1,120058.0
22,9,220,4912,0,1,2,0.0,0.0,1.0,0.0,0.0,2,255,1.0,0.0,0.02,0.0,0.0,0.0,0,33937.0
61,5,0,0,0,0,226,1.0,1.0,0.09,0.06,0.0,255,20,0.08,0.07,0.0,1.0,1.0,0.0,1,113359.0
22,9,207,5593,0,1,17,0.0,0.0,1.0,0.0,0.1,109,255,1.0,0.0,0.04,0.0,0.0,0.0,0,8192.0
22,9,324,1319,0,1,1,0.0,0.0,1.0,0.0,0.0,255,255,1.0,0.0,0.0,0.0,0.0,0.0,0,60059.0
22,9,225,284,0,1,18,0.0,0.0,1.0,0.0,0.18,255,255,1.0,0.0,0.0,0.0,0.0,0.0,0,104138.0
41,9,147,105,0,0,1,0.0,0.0,1.0,0.0,0.0,255,2,0.01,0.65,0.0,0.0,0.0,0.0,0,16349.0
37,4,1,0,0,0,2,0.0,0.0,1.0,0.0,0.0,150,2,0.01,0.12,0.0,0.0,0.0,1.0,1,84201.0
11,9,44,72,0,0,302,0.0,0.0,1.0,0.0,0.0,255,254,1.0,0.01,0.0,0.0,0.0,0.0,0,11155.0
49,9,1419,397,0,1,1,0.0,0.0,1.0,0.0,0.0,43,232,0.63,0.07,0.01,0.35,0.0,0.0,0,14797.0
22,9,220,1241,0,1,14,0.0,0.0,1.0,0.0,0.0,14,255,1.0,0.0,0.06,0.0,0.0,0.0,0,102310.0
22,9,221,1408,0,1,9,0.0,0.0,1.0,0.0,0.0,255,255,1.0,0.0,0.0,0.0,0.0,0.0,0,121205.0
55,5,0,0,0,0,73,1.0,1.0,0.25,0.05,0.0,255,58,0.23,0.03,0.0,1.0,1.0,0.0,1,111765.0
22,9,54540,8314,0,1,3,0.0,0.0,1.0,0.0,0.0,210,210,1.0,0.0,0.0,0.0,0.0,0.05,1,59677.0
49,9,748,332,0,1,1,0.0,0.0,1.0,0.0,0.0,233,130,0.48,0.03,0.02,0.0,0.01,0.0,0,6462.0
17,5,0,0,0,0,266,1.0,1.0,0.07,0.06,0.0,255,19,0.07,0.08,0.0,1.0,1.0,0.0,1,20629.0
45,5,0,0,0,0,140,1.0,1.0,0.09,0.06,0.0,255,29,0.11,0.06,0.0,1.0,1.0,0.0,1,1534.0
49,9,1504,332,0,1,1,0.0,0.0,1.0,0.0,0.0,119,104,0.63,0.04,0.02,0.0,0.0,0.0,0,17134.0
45,5,0,0,0,0,149,1.0,1.0,0.13,0.06,0.0,255,38,0.15,0.05,0.0,1.0,1.0,0.0,1,24044.0
22,9,293,657,0,1,30,0.0,0.0,1.0,0.0,0.0,30,255,1.0,0.0,0.04,0.0,0.0,0.0,0,63245.0
22,9,220,2265,0,1,11,0.0,0.0,1.0,0.0,0.0,255,255,1.0,0.0,0.0,0.0,0.0,0.0,0,88923.0
45,5,0,0,0,0,253,1.0,1.0,0.02,0.06,0.0,255,2,0.01,0.07,0.0,1.0,1.0,0.0,1,87066.0
19,5,0,0,0,0,47,1.0,1.0,0.17,0.09,0.0,255,56,0.22,0.02,0.0,1.0,1.0,0.0,1,64320.0
45,5,0,0,0,0,257,1.0,1.0,0.05,0.07,0.0,255,14,0.05,0.07,0.0,1.0,1.0,0.0,1,18633.0
22,9,210,2131,0,1,19,0.0,0.0,1.0,0.0,0.0,68,255,1.0,0.0,0.03,0.0,0.0,0.0,0,59339.0
57,5,0,0,0,0,270,1.0,1.0,0.01,0.05,0.0,255,3,0.01,0.05,0.0,1.0,1.0,0.0,1,4316.0
3,5,0,0,0,0,226,1.0,1.0,0.02,0.06,0.0,255,5,0.02,0.08,0.0,1.0,1.0,0.0,1,67244.0
17,5,0,0,0,0,289,1.0,1.0,0.04,0.05,0.0,255,11,0.04,0.05,0.0,1.0,1.0,0.0,1,37750.0
45,4,0,0,0,0,1,0.0,0.0,1.0,0.0,0.0,129,1,0.01,0.63,0.0,0.05,0.0,1.0,1,103567.0
8,5,0,0,0,0,281,1.0,1.0,0.01,0.06,0.0,255,16,0.06,0.07,0.0,1.0,1.0,0.0,1,5107.0
45,9,105,146,0,0,6,0.0,0.0,0.33,0.33,0.0,255,243,0.95,0.01,0.0,0.0,0.0,0.0,0,73921.0
45,5,0,0,0,0,260,1.0,1.0,0.06,0.06,0.0,255,16,0.06,0.07,0.0,1.0,1.0,0.0,1,47456.0
18,9,1484,4152,0,1,1,0.0,0.0,1.0,0.0,0.0,187,42,0.22,0.04,0.0,0.01,0.0,0.0,0,70934.0
59,9,70,0,0,0,23,0.0,0.0,0.3,0.13,0.0,255,26,0.1,0.01,0.0,0.0,0.0,0.0,0,93090.0
18,5,0,0,0,0,298,1.0,1.0,0.02,0.06,0.0,255,2,0.01,0.1,0.0,1.0,1.0,0.0,1,62071.0
22,1,0,0,0,0,1,0.0,0.0,1.0,0.0,1.0,88,255,1.0,0.0,0.13,0.0,0.01,0.99,0,102014.0
22,9,276,791,0,1,5,0.0,0.0,1.0,0.0,0.12,255,255,1.0,0.0,0.0,0.0,0.0,0.0,0,82488.0
22,9,54540,8314,0,1,5,0.0,0.0,1.0,0.0,0.0,91,91,1.0,0.0,0.0,0.0,0.0,0.15,1,115936.0
22,1,0,0,0,0,1,0.0,0.0,1.0,0.0,0.0,81,255,1.0,0.0,0.14,0.0,0.0,0.93,0,32612.0
41,1,0,0,0,0,509,0.21,0.0,0.0,1.0,0.0,255,1,0.0,1.0,0.0,0.23,0.0,1.0,1,36361.0
45,9,105,147,0,0,2,0.0,0.0,1.0,0.0,0.0,255,242,0.95,0.01,0.0,0.0,0.0,0.0,0,65866.0
22,9,200,364,0,1,8,0.0,0.0,1.0,0.0,0.0,120,255,1.0,0.0,0.01,0.0,0.0,0.0,0,94530.0
22,1,0,0,0,0,1,0.0,0.0,1.0,0.0,1.0,3,35,1.0,0.0,0.26,0.0,0.0,1.0,0,115274.0
22,9,284,4595,0,1,39,0.0,0.0,1.0,0.0,0.07,150,255,1.0,0.0,0.02,0.0,0.01,0.0,0,70860.0
22,9,217,2445,0,1,14,0.0,0.0,1.0,0.0,0.0,42,255,1.0,0.0,0.01,0.0,0.0,0.0,0,74347.0
62,5,0,0,0,0,285,1.0,1.0,0.02,0.06,0.0,255,7,0.03,0.08,0.0,1.0,1.0,0.0,1,59024.0
45,4,0,0,0,0,1,0.0,0.0,1.0,0.0,0.0,255,1,0.0,0.56,0.0,0.0,0.0,1.0,1,20334.0
11,9,44,79,0,0,122,0.0,0.0,1.0,0.0,0.0,255,224,0.88,0.01,0.0,0.0,0.0,0.0,0,114749.0
36,5,0,0,0,0,240,1.0,1.0,0.01,0.07,0.0,255,2,0.01,0.07,0.0,1.0,1.0,0.0,1,8945.0
22,9,302,11161,0,1,6,0.0,0.0,1.0,0.0,0.29,255,255,1.0,0.0,0.0,0.0,0.0,0.0,0,102675.0
22,9,204,283,0,1,19,0.0,0.0,1.0,0.0,0.1,89,255,1.0,0.0,0.02,0.01,0.0,0.0,0,37724.0
11,9,36,0,0,0,1,0.0,0.0,1.0,0.0,0.0,79,121,1.0,0.0,0.02,0.0,0.0,0.0,0,22921.0
45,1,0,0,0,0,78,0.0,0.0,0.14,0.06,0.0,255,11,0.04,0.05,0.0,0.0,0.0,1.0,1,68751.0
22,9,258,676,0,1,31,0.0,0.0,1.0,0.0,0.0,255,255,1.0,0.0,0.0,0.0,0.0,0.0,0,21148.0
45,5,0,0,0,0,268,1.0,1.0,0.03,0.06,0.0,255,14,0.05,0.07,0.0,1.0,1.0,0.0,1,96206.0
19,9,965,0,0,1,13,0.0,0.0,1.0,0.0,0.0,99,120,0.75,0.05,0.02,0.0,0.0,0.0,0,54490.0
11,9,44,110,0,0,5,0.0,0.0,1.0,0.0,0.0,246,236,0.96,0.01,0.0,0.0,0.0,0.0,0,9436.0
58,9,36,0,0,0,1,0.0,0.0,1.0,0.0,0.0,255,57,0.22,0.03,0.0,0.0,0.0,0.0,1,57861.0
22,1,0,0,0,0,1,0.0,0.0,1.0,0.0,0.0,11,255,1.0,0.0,0.17,0.0,0.0,0.97,0,108444.0
45,1,0,0,0,0,189,0.0,0.0,0.05,0.08,0.0,255,10,0.04,0.08,0.0,0.0,0.0,1.0,1,116724.0
45,5,0,0,0,0,296,1.0,1.0,0.05,0.05,0.0,255,7,0.03,0.07,0.0,1.0,1.0,0.0,1,115664.0
22,9,317,1040,0,1,9,0.0,0.0,1.0,0.0,0.0,9,255,1.0,0.0,0.02,0.0,0.0,0.0,0,6591.0
34,5,0,0,0,0,27,1.0,1.0,0.04,0.19,0.0,255,1,0.0,0.07,0.0,1.0,1.0,0.0,1,49710.0
45,5,0,0,0,0,246,1.0,1.0,0.08,0.07,0.0,255,20,0.08,0.07,0.0,1.0,1.0,0.0,1,88671.0
45,5,0,0,0,0,237,1.0,1.0,0.03,0.06,0.0,255,13,0.05,0.07,0.0,1.0,1.0,0.0,1,99419.0
0,4,1809,4143,0,0,1,0.0,0.0,1.0,0.0,0.0,23,11,0.48,0.09,0.0,0.04,0.09,0.91,0,96304.0
45,5,0,0,0,0,80,1.0,1.0,0.17,0.06,0.0,255,20,0.08,0.06,0.0,1.0,1.0,0.0,1,10539.0
49,9,834,330,0,1,1,0.0,0.0,1.0,0.0,1.0,139,150,0.76,0.05,0.01,0.01,0.01,0.0,0,13944.0
45,1,0,0,0,0,195,0.0,0.0,0.09,0.07,0.0,255,18,0.07,0.08,0.0,0.0,0.0,1.0,1,107283.0
22,9,232,2698,0,1,4,0.0,0.0,1.0,0.0,0.0,255,245,0.96,0.01,0.0,0.0,0.0,0.0,0,122352.0
45,5,0,0,0,0,106,0.99,1.0,0.12,0.07,0.0,255,11,0.04,0.06,0.0,1.0,1.0,0.0,1,124023.0
45,5,0,0,0,0,243,1.0,1.0,0.07,0.06,0.0,255,16,0.06,0.05,0.0,1.0,1.0,0.0,1,62601.0
38,5,0,0,0,0,138,1.0,1.0,0.1,0.07,0.0,255,14,0.05,0.06,0.0,1.0,1.0,0.0,1,57222.0
22,9,305,260,0,1,2,0.0,0.0,1.0,0.0,0.16,255,232,0.91,0.02,0.0,0.0,0.0,0.0,0,83696.0
7,5,0,0,0,0,201,1.0,1.0,0.08,0.07,0.0,255,16,0.06,0.07,0.0,1.0,1.0,0.0,1,28458.0
38,1,0,0,0,0,137,0.0,0.0,0.06,0.07,0.0,255,7,0.03,0.07,0.0,0.0,0.0,1.0,1,16048.0
22,9,213,1512,0,1,5,0.0,0.0,1.0,0.0,0.11,173,202,1.0,0.0,0.01,0.0,0.0,0.04,0,94468.0
18,9,333,1054,0,1,1,0.0,0.0,1.0,0.0,0.0,6,1,0.17,0.33,0.0,0.0,0.0,0.0,0,77930.0
19,5,0,0,0,0,131,1.0,1.0,0.02,0.06,0.0,255,4,0.02,0.07,0.0,1.0,1.0,0.0,1,122232.0
55,5,0,0,0,0,41,1.0,1.0,0.15,0.1,0.0,255,66,0.26,0.02,0.0,1.0,1.0,0.0,1,104881.0
41,9,146,105,0,0,1,0.0,0.0,1.0,0.0,0.0,255,2,0.01,0.69,0.0,0.0,0.0,0.0,0,39673.0
22,9,327,1259,0,1,5,0.2,0.2,1.0,0.0,0.0,255,255,1.0,0.0,0.0,0.0,0.0,0.0,0,73321.0
22,9,225,1566,0,1,17,0.0,0.0,1.0,0.0,0.0,17,255,1.0,0.0,0.01,0.0,0.0,0.0,0,122230.0
19,5,0,0,0,0,33,1.0,1.0,0.27,0.12,0.0,255,19,0.07,0.06,0.0,1.0,1.0,0.0,1,99018.0
22,9,343,2661,0,1,9,0.0,0.0,1.0,0.0,0.2,42,78,1.0,0.0,0.12,0.0,0.0,0.0,0,86214.0
22,9,307,5280,0,1,4,0.0,0.0,1.0,0.0,0.0,52,175,1.0,0.0,0.03,0.0,0.0,0.98,0,109091.0
41,9,516,4,0,0,342,0.0,0.0,1.0,0.0,0.0,255,255,1.0,0.0,0.0,0.0,0.0,0.0,0,58279.0
22,9,240,2279,0,1,19,0.0,0.0,1.0,0.0,0.0,46,255,1.0,0.0,0.07,0.0,0.02,0.0,0,51715.0
21,5,0,0,0,0,208,1.0,1.0,0.1,0.07,0.0,255,20,0.08,0.07,0.0,1.0,1.0,0.0,1,79468.0
22,9,332,311,0,1,3,0.0,0.0,1.0,0.0,0.0,190,255,1.0,0.0,0.01,0.0,0.0,0.0,0,54935.0
13,9,8,0,0,0,1,0.0,0.0,1.0,0.0,1.0,1,159,1.0,0.0,0.5,0.0,0.0,0.0,1,113003.0
57,5,0,0,0,0,276,1.0,1.0,0.07,0.06,0.0,255,20,0.08,0.07,0.0,1.0,1.0,0.0,1,105024.0
22,9,235,1380,0,1,3,0.0,0.0,1.0,0.0,0.0,255,248,0.97,0.01,0.0,0.0,0.0,0.0,0,6144.0
60,5,0,0,0,0,107,1.0,1.0,0.07,0.07,0.0,255,7,0.03,0.07,0.0,1.0,1.0,0.0,1,28263.0
22,9,255,42438,0,1,1,0.0,0.0,1.0,0.0,0.0,255,239,0.94,0.01,0.0,0.0,0.0,0.0,0,38391.0
22,9,328,1643,0,1,15,0.0,0.0,1.0,0.0,0.12,97,255,1.0,0.0,0.02,0.0,0.0,0.0,0,61093.0
45,1,0,0,0,0,123,0.01,0.0,0.01,1.0,0.0,255,1,0.0,0.49,0.0,0.0,0.0,1.0,1,108293.0
22,9,251,426,0,1,3,0.0,0.0,1.0,0.0,0.0,255,255,1.0,0.0,0.0,0.0,0.0,0.0,0,70362.0
19,9,5891,0,0,0,7,0.0,0.0,1.0,0.0,0.0,1,53,1.0,0.0,0.04,0.0,0.0,0.0,0,114980.0
49,9,1956,335,0,1,1,0.0,0.0,1.0,0.0,1.0,249,126,0.51,0.01,0.0,0.0,0.0,0.0,0,23376.0
45,5,0,0,0,0,92,1.0,1.0,0.17,0.05,0.0,255,16,0.06,0.05,0.0,1.0,1.0,0.0,1,24637.0
41,9,146,105,0,0,2,0.0,0.0,1.0,0.0,0.0,255,2,0.01,0.61,0.0,0.0,0.0,0.0,0,25513.0
45,1,0,0,0,0,136,0.0,0.0,0.13,0.06,0.0,255,16,0.06,0.07,0.0,0.0,0.0,1.0,1,31631.0
11,9,44,133,0,0,73,0.0,0.0,0.99,0.03,0.01,255,237,0.93,0.01,0.0,0.0,0.0,0.0,0,69720.0
45,5,0,0,0,0,207,1.0,1.0,0.09,0.05,0.0,255,4,0.02,0.08,0.0,1.0,1.0,0.0,1,5910.0
18,9,1187,2447,0,1,1,0.0,0.0,1.0,0.0,0.0,255,100,0.39,0.02,0.0,0.0,0.0,0.0,1,33941.0
41,1,0,0,0,0,510,0.1,0.0,0.0,1.0,0.0,255,1,0.0,1.0,0.0,0.1,0.0,1.0,1,40356.0
45,9,105,145,0,0,1,0.0,0.0,1.0,0.0,0.0,12,12,1.0,0.0,0.0,0.0,0.0,0.0,0,49009.0
4,5,0,0,0,0,239,1.0,1.0,0.0,0.06,0.0,255,1,0.0,0.05,0.0,1.0,1.0,0.0,1,71244.0
49,9,204822,331,0,1,1,0.0,0.0,1.0,0.0,0.0,23,30,0.96,0.09,0.07,0.0,0.0,0.03,0,77511.0
45,1,0,0,0,0,171,0.0,0.0,0.04,0.08,0.0,255,7,0.03,0.08,0.0,0.0,0.0,1.0,1,48801.0
41,9,146,105,0,0,1,0.0,0.0,1.0,0.0,0.0,255,1,0.0,0.8,0.0,0.0,0.0,0.0,0,33292.0
11,9,45,70,0,0,117,0.0,0.0,1.0,0.0,0.02,255,254,1.0,0.01,0.0,0.0,0.0,0.0,0,76459.0
19,9,151,0,0,1,11,0.0,0.0,1.0,0.0,0.0,170,26,0.15,0.03,0.0,0.0,0.0,0.0,0,33970.0
22,9,316,274,0,1,24,0.0,0.0,1.0,0.0,0.0,255,255,1.0,0.0,0.0,0.0,0.0,0.0,0,40759.0
45,5,0,0,0,0,145,1.0,1.0,0.1,0.06,0.0,255,1,0.0,0.08,0.0,1.0,1.0,0.0,1,93687.0
22,9,238,10378,0,1,15,0.0,0.0,1.0,0.0,0.0,15,255,1.0,0.0,0.04,0.0,0.0,0.0,0,67425.0
45,5,0,0,0,0,85,1.0,1.0,0.04,0.08,0.0,255,10,0.04,0.06,0.0,1.0,1.0,0.0,1,26948.0
22,9,254,1699,0,1,1,0.0,0.0,1.0,0.0,0.0,255,244,0.96,0.02,0.0,0.0,0.0,0.0,0,39412.0
22,4,54540,8314,0,1,4,0.0,0.0,1.0,0.0,0.0,7,7,1.0,0.0,0.0,0.0,0.0,0.14,1,96041.0
60,5,0,0,0,0,112,1.0,1.0,0.11,0.06,0.0,255,3,0.01,0.07,0.0,1.0,1.0,0.0,1,59693.0
22,9,299,1380,0,1,7,0.0,0.0,1.0,0.0,0.0,255,235,0.92,0.02,0.0,0.0,0.0,0.0,0,52219.0
45,5,0,0,0,0,127,1.0,1.0,0.05,0.06,0.0,255,1,0.0,0.06,0.0,1.0,1.0,0.0,1,26854.0
11,9,45,126,0,0,258,0.0,0.0,1.0,0.0,0.0,255,251,0.98,0.01,0.0,0.0,0.0,0.0,0,119848.0
23,5,0,0,0,0,138,1.0,1.0,0.06,0.07,0.0,255,7,0.03,0.05,0.0,1.0,1.0,0.0,1,54371.0
32,5,0,0,0,0,274,1.0,1.0,0.06,0.06,0.0,255,5,0.02,0.08,0.0,1.0,1.0,0.0,1,84246.0
38,5,0,0,0,0,136,1.0,1.0,0.13,0.05,0.0,255,10,0.04,0.06,0.0,1.0,1.0,0.0,1,121012.0
11,9,45,45,0,0,74,0.0,0.0,1.0,0.0,0.0,255,254,1.0,0.01,0.0,0.0,0.0,0.0,0,110129.0
22,9,294,313,0,1,17,0.0,0.0,1.0,0.0,0.15,255,255,1.0,0.0,0.0,0.0,0.0,0.0,0,110973.0
22,9,230,3432,0,1,12,0.0,0.0,1.0,0.0,0.0,255,255,1.0,0.0,0.0,0.0,0.0,0.0,0,96461.0
10,5,0,0,0,0,238,1.0,1.0,0.03,0.07,0.0,255,6,0.02,0.07,0.0,1.0,1.0,0.0,1,74261.0
14,9,520,0,0,0,436,0.0,0.0,1.0,0.0,0.0,180,180,1.0,0.0,0.0,0.0,0.0,0.0,1,51532.0
30,5,0,0,0,0,159,1.0,1.0,0.02,0.08,0.0,255,3,0.01,0.07,0.0,1.0,1.0,0.0,1,68262.0
55,5,0,0,0,0,78,1.0,1.0,0.19,0.06,0.0,255,15,0.06,0.06,0.0,1.0,1.0,0.0,1,21109.0
11,9,42,42,0,0,4,0.0,0.0,1.0,0.0,0.33,255,225,0.88,0.01,0.0,0.0,0.0,0.0,0,32732.0
45,9,28,0,3,0,91,0.0,0.0,1.0,0.0,0.0,163,91,0.56,0.02,0.0,0.0,0.0,0.0,1,48180.0
22,9,340,1396,0,1,15,0.0,0.0,1.0,0.0,0.08,25,255,1.0,0.0,0.04,0.0,0.0,0.0,0,125632.0
22,1,0,0,0,0,1,0.0,0.0,1.0,0.0,0.0,255,255,1.0,0.0,0.0,0.0,0.0,0.21,0,8111.0
45,3,0,0,0,0,91,0.0,0.0,0.01,0.54,0.0,255,1,0.0,0.2,0.0,0.0,0.0,1.0,1,71258.0
22,9,192,318,0,1,8,0.0,0.0,1.0,0.0,0.0,255,255,1.0,0.0,0.0,0.0,0.0,0.0,0,90484.0
45,5,0,0,0,0,251,1.0,1.0,0.08,0.06,0.0,255,19,0.07,0.09,0.0,1.0,1.0,0.0,1,99853.0
22,9,315,978,0,1,5,0.0,0.0,1.0,0.0,0.0,5,255,1.0,0.0,0.02,0.0,0.0,0.0,0,76885.0
6,5,0,0,0,0,203,1.0,1.0,0.01,0.07,0.0,255,5,0.02,0.07,0.0,1.0,1.0,0.0,1,123016.0
31,5,0,0,0,0,142,1.0,1.0,0.13,0.06,0.0,255,19,0.07,0.06,0.0,1.0,1.0,0.0,1,89377.0
11,9,42,42,0,0,8,0.0,0.0,1.0,0.0,0.28,255,255,1.0,0.0,0.0,0.0,0.0,0.0,0,90982.0
22,9,347,1410,0,1,10,0.0,0.0,1.0,0.0,0.0,135,205,1.0,0.0,0.02,0.01,0.0,0.0,0,82062.0
11,9,45,133,0,0,78,0.0,0.0,1.0,0.0,0.01,255,198,0.78,0.02,0.0,0.0,0.0,0.0,0,95433.0
11,9,42,132,0,0,33,0.0,0.0,1.0,0.0,0.01,91,200,0.84,0.02,0.01,0.0,0.0,0.0,0,89136.0
18,9,1258,2451,0,1,1,0.0,0.0,1.0,0.0,0.0,255,131,0.51,0.02,0.0,0.0,0.0,0.0,1,46035.0
11,9,45,75,0,0,236,0.0,0.0,1.0,0.0,0.0,255,255,1.0,0.0,0.0,0.0,0.0,0.0,0,70773.0
19,9,501760,0,0,1,2,0.0,0.0,1.0,0.0,0.0,7,108,0.86,0.29,0.02,0.0,0.0,0.0,0,49936.0
11,9,45,77,0,0,154,0.0,0.0,1.0,0.0,0.02,255,232,0.91,0.01,0.0,0.0,0.0,0.0,0,38657.0
45,5,0,0,0,0,212,1.0,1.0,0.07,0.06,0.0,255,4,0.02,0.07,0.0,1.0,1.0,0.0,1,49143.0
45,5,0,0,0,0,205,1.0,1.0,0.04,0.06,0.0,255,16,0.06,0.06,0.0,1.0,1.0,0.0,1,97954.0
22,9,313,9204,0,1,3,0.0,0.0,1.0,0.0,0.0,33,255,1.0,0.0,0.11,0.0,0.0,0.51,0,16555.0
22,9,235,3222,0,1,6,0.0,0.0,1.0,0.0,0.0,255,255,1.0,0.0,0.0,0.0,0.0,0.0,0,26858.0
9,2,0,0,0,0,256,0.0,0.0,0.02,0.07,0.0,255,4,0.02,0.07,0.0,0.0,0.0,1.0,1,64845.0
13,9,8,0,0,0,1,0.0,0.0,1.0,0.0,1.0,3,135,1.0,0.0,0.25,0.0,0.0,0.0,1,66068.0
22,9,327,5939,0,1,3,0.0,0.0,1.0,0.0,0.5,255,255,1.0,0.0,0.0,0.0,0.0,0.0,0,44847.0
7,5,0,0,0,0,223,1.0,1.0,0.09,0.06,0.0,255,19,0.07,0.07,0.0,1.0,1.0,0.0,1,86050.0
45,4,1,0,0,0,2,0.0,0.0,1.0,0.0,0.0,255,2,0.01,0.5,0.0,0.0,0.0,1.0,1,46434.0
22,9,352,1701,0,1,7,0.0,0.0,1.0,0.0,0.25,154,255,1.0,0.0,0.02,0.0,0.0,0.0,0,79860.0
14,9,1032,0,0,0,508,0.0,0.0,1.0,0.0,0.0,255,255,1.0,0.0,0.0,0.0,0.0,0.0,1,10154.0
14,9,520,0,0,0,457,0.0,0.0,1.0,0.0,0.0,223,223,1.0,0.0,0.0,0.0,0.0,0.0,1,14989.0
18,9,1070,3081,0,1,1,0.0,0.0,1.0,0.0,0.0,255,43,0.17,0.02,0.0,0.0,0.0,0.0,0,80578.0
45,5,0,0,0,0,292,1.0,1.0,0.05,0.06,0.0,255,2,0.01,0.11,0.0,1.0,1.0,0.0,1,75045.0
49,9,1143,358,0,1,1,0.0,0.0,1.0,0.0,1.0,194,85,0.44,0.03,0.0,0.0,0.0,0.0,0,117495.0
45,9,105,147,0,0,1,0.0,0.0,1.0,0.0,0.0,187,185,0.99,0.01,0.0,0.0,0.0,0.0,0,16886.0
45,9,1,0,0,0,30,0.0,0.0,0.6,0.1,0.0,255,18,0.07,0.18,0.0,0.0,0.0,0.0,1,18985.0
22,9,181,9317,0,1,6,0.0,0.0,1.0,0.0,0.0,6,255,1.0,0.0,0.05,0.0,0.0,0.0,0,50407.0
20,5,0,0,0,0,216,1.0,1.0,0.0,0.07,0.0,255,1,0.0,0.09,0.0,1.0,1.0,0.0,1,32604.0
53,5,0,0,0,0,123,1.0,1.0,0.16,0.07,0.0,255,20,0.08,0.07,0.0,1.0,1.0,0.0,1,116254.0
4,5,0,0,0,0,282,1.0,1.0,0.02,0.06,0.0,255,16,0.06,0.07,0.0,1.0,1.0,0.0,1,52992.0
45,5,0,0,0,0,251,1.0,1.0,0.01,0.07,0.0,255,3,0.01,0.08,0.0,1.0,1.0,0.0,1,99796.0
49,9,1351,331,0,1,2,0.0,0.0,0.5,1.0,0.67,9,8,0.89,0.22,0.0,0.0,0.0,0.0,0,90318.0
11,9,46,75,0,0,203,0.0,0.0,1.0,0.0,0.0,255,232,0.91,0.01,0.0,0.0,0.0,0.0,0,21732.0
45,5,0,0,0,0,244,1.0,1.0,0.03,0.06,0.0,255,8,0.03,0.07,0.0,1.0,1.0,0.0,1,79590.0
13,9,8,0,0,0,1,0.0,0.0,1.0,0.0,1.0,2,56,1.0,0.0,0.5,0.0,0.0,0.0,1,45745.0
51,5,0,0,0,0,93,1.0,1.0,0.15,0.06,0.0,255,13,0.05,0.08,0.0,1.0,1.0,0.0,1,53778.0
45,1,0,0,0,0,282,0.0,0.0,0.05,0.06,0.0,255,13,0.05,0.06,0.0,0.0,0.0,1.0,1,3046.0
53,5,0,0,0,0,272,1.0,1.0,0.07,0.06,0.0,255,19,0.07,0.07,0.0,1.0,1.0,0.0,1,84553.0
22,9,226,255,0,1,3,0.0,0.0,1.0,0.0,0.0,255,255,1.0,0.0,0.0,0.0,0.0,0.01,0,118597.0
22,9,324,366,0,1,7,0.0,0.0,1.0,0.0,0.36,255,255,1.0,0.0,0.0,0.0,0.0,0.0,0,3216.0
55,2,0,0,0,0,104,0.0,0.0,0.01,0.08,0.0,255,1,0.0,0.07,0.0,0.0,0.0,1.0,1,111340.0
61,5,0,0,0,0,15,1.0,1.0,0.4,0.33,0.0,255,6,0.02,0.08,0.0,1.0,1.0,0.0,1,114472.0
19,9,192,0,0,0,2,0.0,0.0,1.0,0.0,0.0,60,10,0.17,0.07,0.0,0.0,0.0,0.0,0,82852.0
22,9,200,354,0,1,17,0.0,0.0,1.0,0.0,0.07,255,255,1.0,0.0,0.0,0.0,0.0,0.0,0,94133.0
45,5,0,0,0,0,130,1.0,1.0,0.12,0.06,0.0,255,26,0.1,0.06,0.0,1.0,1.0,0.0,1,11969.0
45,9,1,4,0,0,27,0.0,0.0,0.37,0.11,0.0,255,10,0.04,0.71,0.0,0.16,0.0,0.0,1,31050.0
45,1,0,0,0,0,186,0.0,0.0,0.07,0.07,0.0,255,13,0.05,0.08,0.0,0.0,0.0,1.0,1,5790.0
22,9,284,3792,0,1,12,0.0,0.0,1.0,0.0,0.0,91,255,1.0,0.0,0.01,0.0,0.0,0.0,0,101760.0
13,9,18,0,0,0,1,0.0,0.0,1.0,0.0,0.0,3,223,1.0,0.0,0.25,0.0,0.0,0.0,1,36724.0
22,9,215,602,0,1,39,0.0,0.0,1.0,0.0,0.09,255,255,1.0,0.0,0.0,0.0,0.0,0.0,0,13370.0
22,9,260,4671,0,1,1,0.0,0.0,1.0,0.0,0.0,6,255,1.0,0.0,0.03,0.0,0.0,0.0,0,17864.0
22,9,316,4675,0,1,6,0.0,0.0,1.0,0.0,0.14,10,255,1.0,0.0,0.03,0.0,0.0,0.0,0,84542.0
41,1,0,0,0,0,399,0.09,0.0,0.0,1.0,0.0,255,1,0.0,1.0,0.0,0.11,0.0,1.0,1,8392.0
33,1,0,0,0,0,224,0.0,0.0,0.01,0.07,0.0,255,2,0.01,0.07,0.0,0.0,0.0,1.0,1,93074.0
32,5,0,0,0,0,61,1.0,1.0,0.1,0.08,0.0,255,6,0.02,0.07,0.0,1.0,1.0,0.0,1,70386.0
22,9,239,3222,0,1,2,0.5,0.5,1.0,0.0,0.0,11,11,1.0,0.0,0.0,0.09,0.09,0.0,0,4047.0
22,5,0,0,0,0,227,1.0,0.91,0.04,0.07,0.18,255,10,0.04,0.09,0.0,1.0,1.0,0.0,1,4035.0
45,5,0,0,0,0,249,1.0,1.0,0.05,0.06,0.0,255,14,0.05,0.06,0.0,1.0,1.0,0.0,1,109841.0
60,5,0,0,0,0,138,1.0,1.0,0.06,0.07,0.0,255,1,0.0,0.07,0.0,1.0,1.0,0.0,1,71924.0
22,1,0,0,0,0,1,0.0,0.0,1.0,0.0,0.0,142,255,1.0,0.0,0.06,0.0,0.0,0.7,0,10113.0
45,5,0,0,0,0,45,1.0,1.0,0.33,0.13,0.0,255,15,0.06,0.08,0.0,1.0,1.0,0.0,1,22532.0
13,9,8,0,0,0,1,0.0,0.0,1.0,0.0,1.0,1,173,1.0,0.0,0.25,0.0,0.0,0.0,1,53793.0
49,9,883,330,0,1,1,0.0,0.0,1.0,0.0,0.0,63,55,0.87,0.05,0.0,0.0,0.0,0.0,0,64197.0
22,9,226,334,0,1,4,0.0,0.0,1.0,0.0,0.0,255,255,1.0,0.0,0.0,0.0,0.0,0.0,0,123277.0
55,9,207,1586,0,1,1,0.0,0.0,1.0,0.0,0.0,53,11,0.21,0.08,0.0,0.02,0.0,0.18,0,25966.0
13,9,18,0,0,0,1,0.0,0.0,1.0,0.0,0.0,1,129,1.0,0.0,1.0,0.0,0.0,0.0,1,69149.0
14,9,1480,0,1,0,2,0.0,0.0,1.0,0.0,0.5,2,22,1.0,0.0,0.5,0.0,0.0,0.0,1,72845.0
18,9,1251,2453,0,1,1,0.0,0.0,1.0,0.0,0.0,255,111,0.44,0.02,0.0,0.0,0.0,0.0,1,26456.0
2,5,0,0,0,0,258,1.0,1.0,0.07,0.05,0.0,255,17,0.07,0.05,0.0,1.0,1.0,0.0,1,54085.0
11,9,46,132,0,0,93,0.0,0.0,1.0,0.0,0.02,255,254,1.0,0.01,0.0,0.0,0.0,0.0,0,73055.0
14,9,520,0,0,0,377,0.0,0.0,1.0,0.0,0.0,255,255,1.0,0.0,0.0,0.0,0.0,0.0,1,30860.0
19,9,334,0,0,1,2,0.0,0.0,1.0,0.0,0.0,5,5,1.0,0.0,0.0,0.0,0.0,0.0,1,110755.0
55,2,0,0,0,0,255,0.0,0.0,0.02,0.07,0.0,255,4,0.02,0.07,0.0,0.0,0.0,1.0,1,99512.0
22,9,235,19688,0,1,4,0.0,0.0,1.0,0.0,0.0,16,255,1.0,0.0,0.02,0.0,0.0,0.0,0,118690.0
30,5,0,0,0,0,219,1.0,1.0,0.02,0.06,0.0,255,5,0.02,0.06,0.0,1.0,1.0,0.0,1,76986.0
4,5,0,0,0,0,272,1.0,1.0,0.04,0.06,0.0,255,11,0.04,0.07,0.0,1.0,1.0,0.0,1,87649.0
13,9,8,0,0,0,1,0.0,0.0,1.0,0.0,1.0,2,76,1.0,0.0,0.5,0.0,0.0,0.0,1,30862.0
45,5,0,0,0,0,108,1.0,1.0,0.02,0.06,0.0,255,13,0.05,0.06,0.0,1.0,1.0,0.0,1,46167.0
22,9,316,2772,0,1,13,0.0,0.0,1.0,0.0,0.0,64,255,1.0,0.0,0.05,0.0,0.0,0.0,0,47312.0
22,9,232,375,0,1,27,0.0,0.0,1.0,0.0,0.0,111,255,1.0,0.0,0.03,0.0,0.0,0.0,0,65584.0
63,1,0,0,0,0,216,0.0,0.0,0.06,0.07,0.0,255,13,0.05,0.07,0.0,0.0,0.0,1.0,1,15549.0
45,9,207,0,0,0,2,0.0,0.0,1.0,0.0,0.0,248,208,0.84,0.01,0.0,0.0,0.0,0.0,1,79613.0
22,9,261,1022,0,1,5,0.0,0.0,1.0,0.0,0.0,61,255,1.0,0.0,0.02,0.0,0.0,0.0,0,115578.0
36,5,0,0,0,0,127,1.0,1.0,0.02,0.07,0.0,255,2,0.01,0.08,0.0,1.0,1.0,0.0,1,82439.0
22,9,291,1183,0,1,17,0.0,0.0,1.0,0.0,0.0,17,255,1.0,0.0,0.06,0.0,0.0,0.0,0,40106.0
22,9,211,529,0,1,20,0.0,0.0,1.0,0.0,0.0,42,255,1.0,0.0,0.08,0.0,0.0,0.0,0,86860.0
22,9,223,1425,0,1,21,0.0,0.0,1.0,0.0,0.0,42,255,1.0,0.0,0.02,0.0,0.0,0.0,0,21295.0
22,9,383,397,0,1,8,0.0,0.0,1.0,0.0,0.0,255,255,1.0,0.0,0.0,0.0,0.0,0.0,0,37234.0
9,5,0,0,0,0,284,1.0,1.0,0.04,0.06,0.0,255,12,0.05,0.08,0.0,1.0,1.0,0.0,1,109413.0
11,9,43,134,0,0,72,0.0,0.0,1.0,0.0,0.01,255,237,0.93,0.01,0.0,0.0,0.0,0.0,0,96403.0
22,9,291,12334,0,1,6,0.0,0.0,1.0,0.0,0.33,192,255,1.0,0.0,0.01,0.0,0.0,0.0,0,91279.0
49,9,856,330,0,1,1,0.0,0.0,1.0,0.0,1.0,167,131,0.76,0.02,0.02,0.0,0.0,0.0,0,75913.0
22,9,199,267,0,1,7,0.0,0.0,1.0,0.0,0.25,144,255,1.0,0.0,0.02,0.0,0.0,0.0,0,107660.0
13,9,8,0,0,0,1,0.0,0.0,1.0,0.0,1.0,2,8,1.0,0.0,0.5,0.0,0.0,0.0,1,20194.0
49,9,768,389,0,1,1,0.0,0.0,1.0,0.0,0.0,255,78,0.31,0.05,0.0,0.44,0.0,0.03,0,56529.0
11,9,45,125,0,0,206,0.0,0.0,1.0,0.01,0.01,255,255,1.0,0.0,0.0,0.0,0.0,0.0,0,84595.0
22,1,0,0,0,0,1,0.0,0.0,1.0,0.0,0.0,36,255,1.0,0.0,0.12,0.0,0.0,0.8,0,107936.0
22,9,301,960,0,1,37,0.0,0.0,1.0,0.0,0.0,82,255,1.0,0.0,0.05,0.0,0.0,0.0,0,22094.0
45,1,0,0,0,0,257,0.04,0.0,0.0,1.0,0.0,255,1,0.0,0.97,0.0,0.04,0.0,1.0,1,103662.0
41,1,0,0,0,0,507,0.08,0.0,0.0,0.95,0.0,255,1,0.0,0.91,0.0,0.08,0.0,1.0,1,102207.0
22,9,397,11326,0,1,5,0.0,0.0,1.0,0.0,0.12,23,255,1.0,0.0,0.02,0.0,0.0,0.0,0,80394.0
11,9,43,130,0,0,80,0.0,0.0,1.0,0.0,0.01,255,255,1.0,0.0,0.0,0.0,0.0,0.0,0,108557.0
45,9,1,0,0,0,28,0.0,0.0,0.04,0.25,0.0,255,1,0.0,0.04,0.0,0.0,0.0,0.0,1,98152.0
22,9,312,9284,0,1,13,0.0,0.0,1.0,0.0,0.06,255,255,1.0,0.0,0.0,0.0,0.0,0.0,0,119074.0
13,9,8,0,0,0,1,0.0,0.0,1.0,0.0,1.0,2,104,1.0,0.0,0.5,0.0,0.0,0.0,1,33214.0
22,9,222,1558,0,1,9,0.0,0.0,1.0,0.0,0.0,9,255,1.0,0.0,0.05,0.0,0.0,0.0,0,104495.0
45,1,0,0,0,0,322,0.0,0.0,0.0,0.51,0.0,255,1,0.0,0.51,0.0,0.0,0.0,1.0,1,42975.0
22,9,245,1342,0,1,11,0.0,0.0,1.0,0.0,0.14,255,255,1.0,0.0,0.0,0.0,0.0,0.0,0,66136.0
41,1,0,0,0,0,509,0.04,0.0,0.0,0.96,0.0,255,1,0.0,1.0,0.0,0.04,0.0,1.0,1,9504.0
36,5,0,0,0,0,228,1.0,1.0,0.03,0.06,0.0,255,12,0.05,0.07,0.0,1.0,1.0,0.0,1,109474.0
45,5,0,0,0,0,117,1.0,1.0,0.03,0.07,0.0,255,7,0.03,0.07,0.0,1.0,1.0,0.0,1,121474.0
45,9,28,0,3,0,22,0.0,0.0,1.0,0.0,0.0,255,22,0.09,0.02,0.0,0.0,0.0,0.0,1,22994.0
45,5,0,0,0,0,213,1.0,1.0,0.07,0.05,0.0,255,14,0.05,0.06,0.0,1.0,1.0,0.0,1,2142.0
14,9,1032,0,0,0,509,0.0,0.0,1.0,0.0,0.0,255,152,0.6,0.17,0.0,0.0,0.0,0.0,1,59814.0
52,5,0,0,0,0,272,1.0,1.0,0.06,0.06,0.0,255,9,0.04,0.06,0.0,1.0,1.0,0.0,1,63392.0
19,9,641,0,0,1,2,0.0,0.0,1.0,0.0,0.0,108,49,0.19,0.06,0.04,0.0,0.0,0.0,0,21316.0
22,9,224,1546,0,1,4,0.0,0.0,1.0,0.0,0.15,4,255,1.0,0.0,0.06,0.0,0.01,0.0,0,12302.0
11,9,44,73,0,0,156,0.0,0.0,1.0,0.0,0.02,255,227,0.89,0.01,0.0,0.0,0.0,0.0,0,88634.0
49,9,925,335,0,1,1,0.0,0.0,1.0,0.0,1.0,106,184,0.75,0.04,0.01,0.0,0.0,0.0,0,114385.0
11,9,46,46,0,0,64,0.0,0.0,1.0,0.0,0.01,255,254,1.0,0.01,0.0,0.0,0.0,0.0,0,106430.0
49,9,1267,412,0,1,1,0.0,0.0,1.0,0.0,0.0,136,93,0.68,0.02,0.0,0.0,0.0,0.0,0,125403.0
63,5,0,0,0,0,229,1.0,1.0,0.07,0.07,0.0,255,15,0.06,0.07,0.0,1.0,1.0,0.0,1,67845.0
45,5,0,0,0,0,74,1.0,1.0,0.15,0.08,0.0,255,11,0.04,0.06,0.0,1.0,1.0,0.0,1,60682.0
19,9,12,0,0,1,2,0.0,0.0,1.0,0.0,0.0,156,48,0.27,0.03,0.04,0.0,0.0,0.0,0,51119.0
45,5,0,0,0,0,113,1.0,1.0,0.18,0.05,0.0,255,17,0.07,0.06,0.0,1.0,1.0,0.0,1,13872.0
39,5,0,0,0,0,281,1.0,1.0,0.05,0.06,0.0,255,3,0.01,0.07,0.0,1.0,1.0,0.0,1,80617.0
41,2,0,0,0,0,205,0.0,0.0,0.01,0.06,0.0,255,3,0.01,0.07,0.0,0.0,0.0,1.0,1,80857.0
19,5,0,0,0,0,59,1.0,1.0,0.22,0.07,0.0,255,71,0.28,0.02,0.0,1.0,1.0,0.0,1,115953.0
60,5,0,0,0,0,129,1.0,1.0,0.15,0.05,0.0,255,19,0.07,0.05,0.0,1.0,1.0,0.0,1,87505.0
49,9,11624,1551,0,1,1,0.0,0.0,1.0,0.0,0.0,255,79,0.31,0.05,0.0,0.44,0.0,0.03,0,10363.0
49,9,1670,329,0,1,1,0.0,0.0,1.0,0.0,0.0,252,180,0.71,0.02,0.0,0.0,0.0,0.0,0,64251.0
45,10,0,0,0,0,1,1.0,1.0,1.0,0.0,0.0,146,1,0.01,0.93,0.0,0.95,1.0,0.0,1,42593.0
22,9,236,3222,0,1,3,0.0,0.0,1.0,0.0,0.5,255,251,0.98,0.01,0.0,0.0,0.0,0.0,0,68787.0
7,5,0,0,0,0,102,1.0,1.0,0.13,0.06,0.0,255,6,0.02,0.07,0.0,1.0,1.0,0.0,1,48382.0
22,9,290,599,0,1,2,0.0,0.0,1.0,0.0,0.0,1,1,1.0,0.0,0.0,0.0,0.0,0.0,0,9887.0
11,9,46,46,0,0,158,0.0,0.0,1.0,0.0,0.01,255,229,0.9,0.01,0.0,0.0,0.0,0.0,0,8918.0
19,9,2194619,0,0,1,2,0.0,0.0,1.0,0.0,0.0,236,50,0.19,0.02,0.04,0.0,0.0,0.0,0,3623.0
16,5,0,0,0,0,149,1.0,1.0,0.08,0.05,0.0,255,6,0.02,0.07,0.0,1.0,1.0,0.0,1,79801.0
22,9,324,3373,0,1,11,0.0,0.0,1.0,0.0,0.0,23,255,1.0,0.0,0.07,0.0,0.0,0.0,0,30484.0
22,9,336,180,0,1,1,0.0,0.0,1.0,0.0,0.0,138,255,1.0,0.0,0.03,0.0,0.0,0.0,0,30388.0
49,9,1105,369,0,1,1,0.0,0.0,1.0,0.0,0.0,163,116,0.71,0.03,0.0,0.0,0.0,0.0,0,58271.0
45,5,0,0,0,0,142,1.0,1.0,0.1,0.06,0.0,255,20,0.08,0.07,0.0,1.0,1.0,0.0,1,7039.0
11,9,44,117,0,0,113,0.0,0.0,1.0,0.0,0.02,255,253,0.99,0.01,0.0,0.0,0.0,0.0,0,30102.0
22,9,243,349,0,1,13,0.0,0.0,1.0,0.0,0.0,255,255,1.0,0.0,0.0,0.0,0.0,0.0,0,46382.0
22,9,54540,8314,0,1,6,0.0,0.0,1.0,0.0,0.0,255,255,1.0,0.0,0.0,0.0,0.0,0.04,1,63775.0
45,5,0,0,0,0,120,1.0,1.0,0.13,0.05,0.0,255,16,0.06,0.05,0.0,1.0,1.0,0.0,1,61252.0
49,9,1299,333,0,1,1,0.0,0.0,1.0,0.0,0.0,128,114,0.52,0.04,0.02,0.0,0.0,0.0,0,9667.0
2,5,0,0,0,0,253,1.0,1.0,0.09,0.05,0.0,255,22,0.09,0.05,0.0,1.0,1.0,0.0,1,32635.0
11,9,43,127,0,0,107,0.0,0.0,1.0,0.0,0.01,255,255,1.0,0.0,0.0,0.0,0.0,0.0,0,68903.0
45,5,0,0,0,0,143,1.0,1.0,0.01,0.06,0.0,118,2,0.02,0.12,0.0,1.0,1.0,0.0,1,72985.0
14,9,520,0,0,0,388,0.0,0.0,1.0,0.0,0.0,255,255,1.0,0.0,0.0,0.0,0.0,0.0,1,106785.0
45,9,28,0,3,0,22,0.0,0.0,1.0,0.0,0.0,235,22,0.09,0.69,0.0,0.03,0.0,0.0,1,33464.0
15,1,0,0,0,0,132,0.0,0.0,0.05,0.06,0.0,255,6,0.02,0.07,0.0,0.0,0.0,1.0,1,105904.0
22,9,218,12202,0,1,6,0.0,0.0,1.0,0.0,0.25,56,255,1.0,0.0,0.04,0.0,0.0,0.0,0,100535.0
22,9,292,17367,0,1,30,0.0,0.0,1.0,0.0,0.0,255,255,1.0,0.0,0.0,0.0,0.0,0.0,0,118052.0
13,9,8,0,0,0,1,0.0,0.0,1.0,0.0,1.0,2,128,1.0,0.0,0.5,0.0,0.0,0.0,1,62288.0
62,5,0,0,0,0,254,1.0,1.0,0.06,0.06,0.0,255,14,0.05,0.06,0.0,1.0,1.0,0.0,1,77707.0
57,5,0,0,0,0,275,1.0,1.0,0.07,0.05,0.0,255,19,0.07,0.05,0.0,1.0,1.0,0.0,1,51105.0
45,1,0,0,0,0,104,0.0,0.0,0.01,0.08,0.0,29,1,0.03,0.17,0.0,0.0,0.0,1.0,1,22943.0
41,1,0,0,0,0,511,0.21,0.0,0.0,1.0,0.0,255,1,0.0,1.0,0.0,0.19,0.0,1.0,1,108928.0
22,1,0,0,0,0,1,0.0,0.0,1.0,0.0,1.0,157,126,0.8,0.03,0.0,0.0,0.0,1.0,0,104943.0
22,9,344,12009,0,1,6,0.0,0.0,1.0,0.0,0.25,255,255,1.0,0.0,0.0,0.0,0.0,0.0,0,15889.0
11,9,44,132,0,0,131,0.0,0.0,0.99,0.02,0.01,255,219,0.86,0.02,0.0,0.0,0.0,0.0,0,47169.0
5,1,0,0,0,0,148,0.0,0.0,0.13,0.06,0.0,255,19,0.07,0.07,0.0,0.0,0.0,1.0,1,28400.0
41,9,147,0,0,0,5,0.0,0.0,0.2,0.6,0.0,255,4,0.02,0.51,0.0,0.0,0.0,0.0,0,14637.0
11,9,46,116,0,0,145,0.0,0.0,1.0,0.0,0.0,255,186,0.73,0.01,0.0,0.0,0.0,0.0,0,80075.0
13,9,8,0,0,0,1,0.0,0.0,1.0,0.0,1.0,2,10,1.0,0.0,0.5,0.0,0.0,0.0,1,50712.0
22,9,203,6696,0,1,7,0.0,0.0,1.0,0.0,0.22,100,255,1.0,0.0,0.02,0.0,0.0,0.0,0,16456.0
49,9,929,326,0,1,1,0.0,0.0,1.0,0.0,1.0,75,151,0.59,0.07,0.01,0.0,0.0,0.0,0,63634.0
23,1,0,0,0,0,142,0.0,0.0,0.1,0.06,0.0,255,7,0.03,0.07,0.0,0.0,0.0,1.0,1,20137.0
19,9,3888,0,0,0,21,0.0,0.0,1.0,0.0,0.0,255,27,0.11,0.45,0.0,0.0,0.0,0.0,0,57941.0
22,9,303,316,0,1,7,0.0,0.0,1.0,0.0,0.14,255,255,1.0,0.0,0.0,0.0,0.0,0.0,0,83085.0
22,9,322,1214,0,1,6,0.0,0.0,1.0,0.0,0.0,47,255,1.0,0.0,0.04,0.0,0.0,0.0,0,65356.0
11,9,44,44,0,0,163,0.0,0.0,1.0,0.0,0.0,255,249,0.98,0.01,0.0,0.0,0.0,0.0,0,19084.0
45,1,0,0,0,0,114,0.0,0.0,0.06,0.08,0.0,139,7,0.05,0.08,0.0,0.0,0.0,1.0,1,68535.0
17,5,0,0,0,0,121,1.0,1.0,0.05,0.07,0.0,255,6,0.02,0.07,0.0,1.0,1.0,0.0,1,121142.0
60,5,0,0,0,0,125,1.0,1.0,0.02,0.06,0.0,255,3,0.01,0.05,0.0,1.0,1.0,0.0,1,58546.0
5,1,0,0,0,0,124,0.0,0.0,0.09,0.06,0.0,255,11,0.04,0.08,0.0,0.0,0.0,1.0,1,125610.0
22,9,316,3792,0,1,12,0.0,0.0,1.0,0.0,0.11,156,255,1.0,0.0,0.02,0.0,0.0,0.0,0,3230.0
13,9,8,0,0,0,1,0.0,0.0,1.0,0.0,1.0,2,60,1.0,0.0,0.5,0.0,0.0,0.0,1,93365.0
22,1,0,0,0,0,13,0.0,0.0,1.0,0.0,0.0,23,198,1.0,0.0,0.2,0.0,0.0,0.94,0,76637.0
14,9,1480,0,1,0,2,0.0,0.0,1.0,0.0,0.5,2,18,1.0,0.0,0.5,0.0,0.0,0.0,1,114716.0
46,1,0,0,0,0,37,0.0,0.0,0.03,1.0,0.0,155,1,0.01,0.32,0.0,0.0,0.0,1.0,1,56732.0
52,5,0,0,0,0,208,1.0,1.0,0.1,0.06,0.0,255,20,0.08,0.07,0.0,1.0,1.0,0.0,1,22851.0
49,2,0,0,0,0,1,0.0,0.0,1.0,0.0,0.0,125,71,0.57,0.05,0.0,0.02,0.0,0.03,0,42583.0
22,9,193,2408,0,1,15,0.0,0.0,1.0,0.0,0.15,255,255,1.0,0.0,0.0,0.0,0.0,0.0,0,25167.0
45,9,28,0,3,0,131,0.76,0.0,0.24,0.05,0.0,255,31,0.12,0.88,0.0,0.09,0.0,0.0,1,55611.0
54,1,0,0,0,0,300,0.0,0.0,0.07,0.05,0.0,255,20,0.08,0.06,0.0,0.0,0.0,1.0,1,54119.0
53,5,0,0,0,0,227,1.0,1.0,0.04,0.06,0.0,255,10,0.04,0.07,0.0,1.0,1.0,0.0,1,77681.0
41,9,147,105,0,0,1,0.0,0.0,1.0,0.0,0.0,255,1,0.0,0.63,0.0,0.0,0.0,0.0,0,48201.0
5,5,0,0,0,0,146,1.0,1.0,0.15,0.05,0.0,255,22,0.09,0.06,0.0,1.0,1.0,0.0,1,121531.0
19,9,567,0,0,0,1,0.0,0.0,1.0,0.0,0.0,60,116,0.83,0.05,0.02,0.0,0.0,0.0,0,113603.0
22,9,222,576,0,1,5,0.0,0.0,1.0,0.0,0.0,32,255,1.0,0.0,0.05,0.0,0.01,0.0,0,120544.0
22,9,210,9548,0,1,25,0.0,0.0,1.0,0.0,0.05,255,255,1.0,0.0,0.0,0.0,0.0,0.0,0,69198.0
45,5,0,0,0,0,58,1.0,1.0,0.34,0.1,0.0,255,20,0.08,0.09,0.0,1.0,1.0,0.0,1,106944.0
8,5,0,0,0,0,137,1.0,1.0,0.15,0.05,0.0,255,10,0.04,0.06,0.0,1.0,1.0,0.0,1,121725.0
45,5,0,0,0,0,27,1.0,1.0,0.3,0.11,0.0,255,8,0.03,0.08,0.0,1.0,1.0,0.0,1,79250.0
22,9,305,525,0,1,1,0.0,0.0,1.0,0.0,1.0,34,255,1.0,0.0,0.03,0.0,0.0,0.0,0,94329.0
14,9,1480,0,1,0,2,0.0,0.0,1.0,0.0,0.0,2,18,1.0,0.0,0.5,0.0,0.0,0.0,1,109767.0
45,1,0,0,0,0,216,0.0,0.0,0.03,0.06,0.0,255,7,0.03,0.08,0.0,0.0,0.0,1.0,1,82898.0
16,5,0,0,0,0,140,1.0,1.0,0.02,0.06,0.0,255,12,0.05,0.06,0.0,1.0,1.0,0.0,1,48322.0
45,1,0,0,0,0,297,0.0,0.0,0.06,0.06,0.0,255,17,0.07,0.08,0.0,0.0,0.0,1.0,1,2123.0
22,5,0,0,0,0,13,1.0,0.88,0.54,0.15,0.25,173,47,0.27,0.02,0.0,1.0,1.0,0.0,1,86705.0
45,5,0,0,0,0,169,1.0,1.0,0.15,0.06,0.0,255,25,0.1,0.05,0.0,1.0,1.0,0.0,1,107748.0
22,9,316,1452,0,1,10,0.0,0.0,1.0,0.0,0.18,255,255,1.0,0.0,0.0,0.0,0.0,0.0,0,2887.0
45,5,0,0,0,0,235,1.0,1.0,0.04,0.05,0.0,255,10,0.04,0.06,0.0,1.0,1.0,0.0,1,63300.0
22,9,288,588,0,1,11,0.0,0.0,1.0,0.0,0.0,255,255,1.0,0.0,0.0,0.0,0.0,0.0,0,101655.0
49,5,0,0,0,0,14,1.0,1.0,1.0,0.0,0.0,196,144,0.48,0.01,0.01,0.99,0.65,0.0,1,31897.0
22,9,192,1482,0,1,8,0.0,0.0,1.0,0.0,0.0,75,228,1.0,0.0,0.03,0.0,0.0,0.0,0,73451.0
34,5,0,0,0,0,99,1.0,1.0,0.11,0.05,0.0,255,11,0.04,0.05,0.0,1.0,1.0,0.0,1,77679.0
49,9,1065,331,0,1,1,0.0,0.0,1.0,0.0,0.0,115,189,0.84,0.03,0.01,0.0,0.0,0.0,0,86129.0
2,5,0,0,0,0,271,1.0,1.0,0.06,0.05,0.0,255,16,0.06,0.05,0.0,1.0,1.0,0.0,1,96688.0
22,9,201,535,0,1,10,0.0,0.0,1.0,0.0,0.25,255,255,1.0,0.0,0.0,0.0,0.0,0.0,0,51657.0
17,9,9,141,0,0,1,0.0,0.0,1.0,0.0,0.0,255,14,0.05,0.03,0.0,0.0,0.0,0.0,0,38945.0
13,9,64,0,0,0,2,0.0,0.0,1.0,0.0,0.0,76,1,0.01,0.08,0.0,0.01,0.0,0.0,0,100549.0
25,5,0,0,0,0,108,1.0,1.0,0.11,0.06,0.0,255,2,0.01,0.07,0.0,1.0,1.0,0.0,1,85969.0
22,9,227,2507,0,1,3,0.0,0.0,1.0,0.0,0.43,255,245,0.96,0.01,0.0,0.0,0.0,0.0,0,8172.0
41,9,145,105,0,0,1,0.0,0.0,1.0,0.0,0.0,255,2,0.01,0.62,0.0,0.0,0.0,0.0,0,55244.0
55,4,0,0,0,0,1,0.0,0.0,1.0,0.0,1.0,255,1,0.0,0.11,0.0,0.0,0.0,1.0,1,47591.0
49,9,942,332,0,1,2,0.0,0.0,1.0,0.0,0.0,207,117,0.44,0.03,0.02,0.0,0.0,0.0,0,84759.0
22,9,246,789,0,1,1,0.0,0.0,1.0,0.0,0.0,11,255,1.0,0.0,0.03,0.0,0.0,0.0,0,105596.0
19,9,7280,0,0,0,12,0.0,0.0,1.0,0.0,0.0,205,57,0.28,0.03,0.0,0.0,0.0,0.0,0,30369.0
11,9,45,130,0,0,77,0.0,0.0,1.0,0.0,0.01,255,255,1.0,0.0,0.0,0.0,0.0,0.0,0,71709.0
21,1,0,0,0,0,273,0.0,0.0,0.03,0.06,0.0,255,7,0.03,0.07,0.0,0.0,0.0,1.0,1,105728.0
45,1,0,0,0,0,146,0.0,0.0,0.13,0.05,0.0,255,11,0.04,0.06,0.0,0.0,0.0,1.0,1,22158.0
30,5,0,0,0,0,237,1.0,1.0,0.04,0.06,0.0,255,10,0.04,0.07,0.0,1.0,1.0,0.0,1,75149.0
45,5,0,0,0,0,224,1.0,1.0,0.03,0.07,0.0,255,15,0.06,0.06,0.0,1.0,1.0,0.0,1,30289.0
22,9,252,1680,0,1,3,0.0,0.0,1.0,0.0,0.0,253,255,1.0,0.0,0.01,0.0,0.0,0.0,0,120776.0
22,9,182,9424,0,1,5,0.0,0.0,1.0,0.0,0.0,213,255,1.0,0.0,0.01,0.0,0.0,0.0,0,68393.0
2,5,0,0,0,0,293,1.0,1.0,0.06,0.05,0.0,255,17,0.07,0.05,0.0,1.0,1.0,0.0,1,2222.0
27,5,0,0,0,0,103,1.0,1.0,0.17,0.07,0.0,255,17,0.07,0.06,0.0,1.0,1.0,0.0,1,119603.0
16,5,0,0,0,0,14,1.0,1.0,0.21,0.21,0.0,255,17,0.07,0.07,0.0,1.0,1.0,0.0,1,2091.0
45,1,0,0,0,0,68,0.0,0.0,0.12,0.09,0.0,255,8,0.03,0.07,0.0,0.0,0.0,1.0,1,93472.0
22,9,265,630,0,1,1,0.0,0.0,1.0,0.0,0.0,214,209,0.98,0.01,0.0,0.0,0.0,0.0,0,46541.0
4,5,0,0,0,0,212,1.0,1.0,0.08,0.07,0.0,255,13,0.05,0.08,0.0,1.0,1.0,0.0,1,123234.0
14,9,1032,0,0,0,511,0.0,0.0,1.0,0.0,0.0,216,71,0.33,0.01,0.0,0.0,0.0,0.0,1,115836.0
22,9,313,3947,0,1,1,0.0,0.0,1.0,0.0,0.5,41,255,1.0,0.0,0.05,0.0,0.0,0.0,0,124081.0
45,1,0,0,0,0,136,0.0,0.0,0.13,0.06,0.0,255,38,0.15,0.07,0.0,0.0,0.0,1.0,1,121536.0
55,5,0,0,0,0,5,0.8,1.0,0.8,0.4,0.0,4,5,1.0,0.0,0.4,1.0,0.8,0.0,1,114504.0
62,1,0,0,0,0,175,0.0,0.0,0.09,0.06,0.0,255,15,0.06,0.07,0.0,0.0,0.0,1.0,1,55869.0
45,5,0,0,0,0,183,1.0,1.0,0.02,0.08,0.0,255,17,0.07,0.06,0.0,1.0,1.0,0.0,1,51372.0
45,1,0,0,0,0,129,0.0,0.0,0.16,0.07,0.0,54,20,0.37,0.11,0.0,0.0,0.0,1.0,1,110671.0
49,5,0,0,0,0,15,1.0,0.88,1.0,0.0,0.18,157,138,0.48,0.01,0.01,0.99,0.54,0.0,1,125152.0
17,9,6,357,0,0,1,0.0,0.0,1.0,0.0,0.0,1,1,1.0,0.0,0.0,0.0,0.0,0.0,0,20837.0
19,9,748,0,0,1,1,0.0,0.0,1.0,0.0,0.0,5,94,0.2,0.4,0.02,0.0,0.0,0.0,0,71366.0
19,5,0,0,0,0,2,0.5,1.0,0.5,1.0,0.0,255,43,0.17,0.05,0.0,1.0,1.0,0.0,1,35045.0
10,5,0,0,0,0,234,1.0,1.0,0.03,0.06,0.0,255,8,0.03,0.05,0.0,1.0,1.0,0.0,1,103319.0
14,9,520,0,0,0,231,0.0,0.0,1.0,0.0,0.0,255,255,1.0,0.0,0.0,0.0,0.0,0.0,1,123612.0
62,5,0,0,0,0,226,1.0,1.0,0.05,0.07,0.0,255,12,0.05,0.07,0.0,1.0,1.0,0.0,1,86905.0
11,9,42,42,0,0,10,0.0,0.0,1.0,0.0,0.13,255,244,0.96,0.01,0.0,0.0,0.0,0.0,0,94146.0
18,9,1419,4152,0,1,1,0.0,0.0,1.0,0.0,0.0,123,37,0.3,0.04,0.0,0.0,0.0,0.0,0,122037.0
55,2,0,15,0,0,1,0.0,0.0,1.0,0.0,0.0,255,1,0.0,0.56,0.0,0.0,0.0,1.0,0,33666.0
17,5,0,0,0,0,45,1.0,1.0,0.29,0.09,0.0,255,68,0.27,0.03,0.0,1.0,1.0,0.0,1,101938.0
49,9,919,334,0,1,1,0.0,0.0,1.0,0.0,0.0,40,32,0.8,0.08,0.0,0.0,0.0,0.0,0,65582.0
25,5,0,0,0,0,50,1.0,1.0,0.28,0.12,0.0,255,14,0.05,0.09,0.0,1.0,1.0,0.0,1,10516.0
22,9,324,1714,0,1,3,0.0,0.0,1.0,0.0,0.11,14,255,1.0,0.0,0.02,0.0,0.01,0.0,0,85871.0
11,9,43,107,0,0,3,0.0,0.0,1.0,0.0,0.43,248,227,0.92,0.01,0.0,0.0,0.0,0.0,0,112480.0
13,9,8,0,0,0,1,0.0,0.0,1.0,0.0,1.0,2,224,1.0,0.0,0.5,0.0,0.0,0.0,1,92722.0
22,9,217,1324,0,1,2,0.0,0.0,1.0,0.0,0.0,17,255,1.0,0.0,0.02,0.0,0.0,0.0,0,11799.0
45,9,215,0,0,0,1,0.0,0.0,1.0,0.0,0.0,255,214,0.84,0.01,0.0,0.0,0.0,0.0,0,30909.0
45,5,0,0,0,0,182,1.0,1.0,0.03,0.08,0.0,255,5,0.02,0.08,0.0,1.0,1.0,0.0,1,6401.0
5,5,0,0,0,0,139,1.0,1.0,0.17,0.05,0.0,255,23,0.09,0.05,0.0,1.0,1.0,0.0,1,96174.0
22,9,344,1416,0,1,24,0.0,0.0,1.0,0.0,0.0,255,255,1.0,0.0,0.0,0.0,0.0,0.0,0,61335.0
45,5,0,0,0,0,283,1.0,1.0,0.06,0.06,0.0,255,8,0.03,0.07,0.0,1.0,1.0,0.0,1,29165.0
45,5,0,0,0,0,94,1.0,1.0,0.04,0.06,0.0,255,20,0.08,0.07,0.0,1.0,1.0,0.0,1,120525.0
45,5,0,0,0,0,199,1.0,1.0,0.02,0.07,0.0,255,4,0.02,0.05,0.0,1.0,1.0,0.0,1,113312.0
49,9,2926,334,0,1,1,0.0,0.0,1.0,0.0,0.0,87,95,0.52,0.07,0.02,0.0,0.0,0.0,0,12306.0
22,5,0,0,0,0,233,1.0,1.0,0.01,0.06,0.0,255,3,0.01,0.06,0.0,1.0,1.0,0.0,1,78556.0
22,5,0,0,0,0,2,0.5,0.5,1.0,0.0,0.0,101,255,1.0,0.0,0.01,0.01,0.0,0.0,0,111599.0
11,9,46,46,0,0,6,0.0,0.0,0.17,0.33,0.25,103,100,0.97,0.02,0.0,0.0,0.0,0.0,0,54992.0
45,5,0,0,0,0,133,1.0,1.0,0.11,0.06,0.0,255,14,0.05,0.07,0.0,1.0,1.0,0.0,1,44201.0
41,4,1,0,0,0,2,0.0,0.0,1.0,0.0,0.0,255,2,0.01,0.73,0.0,0.0,0.0,1.0,1,31466.0
49,9,911,325,0,1,2,0.0,0.0,0.5,1.0,0.0,18,161,0.83,0.17,0.01,0.0,0.0,0.0,0,537.0
49,9,920,338,0,1,1,0.0,0.0,1.0,0.0,1.0,55,127,0.36,0.05,0.02,0.0,0.0,0.0,0,83455.0
45,5,0,0,0,0,271,1.0,1.0,0.03,0.06,0.0,255,1,0.0,0.08,0.0,1.0,1.0,0.0,1,32664.0
41,9,147,105,0,0,4,0.25,0.0,0.5,0.5,0.0,255,2,0.01,0.63,0.0,0.0,0.0,0.0,0,84042.0
22,9,266,208,0,1,1,0.0,0.0,1.0,0.0,0.0,2,255,1.0,0.0,0.03,0.0,0.0,0.0,0,102982.0
22,9,322,5808,0,1,2,0.0,0.0,1.0,0.0,0.17,72,255,1.0,0.0,0.02,0.0,0.0,0.0,0,68819.0
45,5,0,0,0,0,218,1.0,1.0,0.06,0.06,0.0,255,20,0.08,0.06,0.0,1.0,1.0,0.0,1,104077.0
19,9,740,0,0,1,2,0.0,0.0,0.5,1.0,0.0,60,79,0.83,0.03,0.03,0.0,0.0,0.0,0,77664.0
45,5,0,0,0,0,93,1.0,1.0,0.02,0.06,0.0,255,18,0.07,0.06,0.0,1.0,1.0,0.0,1,41552.0
52,5,0,0,0,0,297,1.0,1.0,0.0,0.06,0.0,255,4,0.02,0.07,0.0,1.0,1.0,0.0,1,87582.0
45,5,0,0,0,0,200,1.0,1.0,0.01,0.05,0.0,255,3,0.01,0.05,0.0,1.0,1.0,0.0,1,107390.0
18,5,0,0,0,0,272,1.0,1.0,0.08,0.05,0.0,255,22,0.09,0.05,0.0,1.0,1.0,0.0,1,53758.0
22,9,324,1227,0,1,2,0.0,0.0,1.0,0.0,0.0,127,127,1.0,0.0,0.0,0.0,0.0,0.0,0,124682.0
17,5,0,0,0,0,3,1.0,1.0,0.67,0.67,0.0,255,58,0.23,0.02,0.0,1.0,1.0,0.0,1,105347.0
19,9,95,0,0,0,2,0.0,0.0,1.0,0.0,0.0,82,18,0.22,0.05,0.0,0.0,0.0,0.0,0,80946.0
11,9,44,68,0,0,25,0.0,0.0,1.0,0.0,0.0,255,255,1.0,0.0,0.0,0.0,0.0,0.0,0,50692.0
55,5,0,0,0,0,19,1.0,1.0,1.0,0.0,0.0,141,81,0.57,0.01,0.0,0.99,0.98,0.0,1,54860.0
22,9,250,125,0,1,1,0.0,0.0,1.0,0.0,1.0,5,255,1.0,0.0,0.03,0.0,0.0,0.0,0,55628.0
49,9,1176,331,0,1,1,0.0,0.0,1.0,0.0,0.0,4,157,1.0,0.0,0.02,0.0,0.0,0.0,0,53355.0
22,9,229,338,0,1,2,0.0,0.0,1.0,0.0,0.6,45,255,1.0,0.0,0.04,0.02,0.01,0.0,0,87235.0
22,9,298,947,0,1,6,0.0,0.0,1.0,0.0,0.0,17,255,1.0,0.0,0.09,0.0,0.01,0.0,0,12485.0
22,9,286,588,0,1,3,0.0,0.0,1.0,0.0,0.0,255,255,1.0,0.0,0.0,0.0,0.0,0.0,0,100718.0
41,9,146,105,0,0,1,0.0,0.0,1.0,0.0,0.0,255,1,0.0,0.69,0.0,0.0,0.0,0.0,0,41730.0
54,4,0,0,0,0,1,0.0,0.0,1.0,0.0,0.0,141,1,0.01,0.1,0.0,0.0,0.0,1.0,1,28030.0
11,9,43,70,0,0,194,0.0,0.0,0.99,0.01,0.0,255,254,1.0,0.01,0.0,0.0,0.0,0.0,0,54731.0
22,9,301,4210,0,1,2,0.0,0.0,1.0,0.0,0.0,30,255,1.0,0.0,0.05,0.0,0.0,0.0,0,124667.0
32,5,0,0,0,0,211,1.0,1.0,0.06,0.06,0.0,255,12,0.05,0.07,0.0,1.0,1.0,0.0,1,70545.0
11,9,43,135,0,0,65,0.0,0.0,1.0,0.0,0.01,255,253,0.99,0.01,0.0,0.0,0.0,0.0,0,5002.0
22,9,226,280,0,1,5,0.0,0.0,1.0,0.0,0.0,255,255,1.0,0.0,0.0,0.0,0.0,0.0,0,65453.0
13,9,30,0,0,0,1,0.0,0.0,1.0,0.0,0.0,201,201,1.0,0.0,0.0,0.0,0.0,0.0,0,68847.0
41,4,1,0,0,0,2,0.0,0.0,1.0,0.0,0.0,255,2,0.01,0.73,0.0,0.0,0.0,1.0,1,64709.0
55,5,0,0,0,0,40,1.0,1.0,0.28,0.1,0.0,255,46,0.18,0.05,0.0,1.0,1.0,0.0,1,103218.0
45,5,0,0,0,0,178,1.0,1.0,0.02,0.06,0.0,255,17,0.07,0.07,0.0,1.0,1.0,0.0,1,22122.0
41,9,146,105,0,0,4,0.0,0.0,0.5,0.5,0.0,73,2,0.03,0.73,0.0,0.0,0.0,0.0,0,17346.0
22,9,222,2279,0,1,16,0.0,0.0,1.0,0.0,0.0,97,255,1.0,0.0,0.01,0.0,0.0,0.0,0,95098.0
10,1,0,0,0,0,271,0.0,0.0,0.03,0.06,0.0,255,7,0.03,0.07,0.0,0.0,0.0,1.0,1,28053.0
22,9,226,2471,0,1,26,0.0,0.0,1.0,0.0,0.07,255,255,1.0,0.0,0.0,0.0,0.0,0.0,0,12498.0
14,9,520,0,0,0,198,0.0,0.0,1.0,0.0,0.0,255,255,1.0,0.0,0.0,0.0,0.0,0.0,1,52089.0
17,5,0,0,0,0,247,1.0,1.0,0.07,0.06,0.0,255,18,0.07,0.07,0.0,1.0,1.0,0.0,1,18206.0
37,5,0,0,0,0,221,1.0,1.0,0.05,0.06,0.0,255,10,0.04,0.06,0.0,1.0,1.0,0.0,1,120457.0
45,1,0,0,0,0,198,0.07,0.0,0.01,0.99,0.0,255,1,0.0,0.78,0.0,0.05,0.0,1.0,1,124172.0
13,9,30,0,0,0,1,0.0,0.0,1.0,0.0,0.0,195,195,1.0,0.0,0.0,0.0,0.0,0.0,0,57265.0
46,5,0,0,0,0,270,1.0,1.0,0.05,0.07,0.0,255,14,0.05,0.08,0.0,1.0,1.0,0.0,1,7535.0
14,9,1032,0,0,0,129,0.0,0.0,1.0,0.0,0.0,255,129,0.51,0.01,0.0,0.0,0.0,0.0,1,56100.0
22,9,297,392,0,1,10,0.0,0.0,1.0,0.0,0.0,71,255,1.0,0.0,0.05,0.0,0.01,0.04,0,116790.0
45,1,0,0,0,0,116,0.0,0.0,0.12,0.07,0.0,191,14,0.07,0.07,0.0,0.0,0.0,1.0,1,41685.0
45,5,0,0,0,0,279,1.0,1.0,0.05,0.06,0.0,255,32,0.13,0.07,0.0,1.0,1.0,0.0,1,55976.0
22,1,0,0,0,0,1,0.0,0.0,1.0,0.0,1.0,3,56,1.0,0.0,0.21,0.0,0.0,1.0,0,46481.0
22,9,294,873,0,1,8,0.0,0.0,1.0,0.0,0.3,48,255,1.0,0.0,0.04,0.02,0.0,0.0,0,45032.0
14,9,520,0,0,0,254,0.0,0.0,1.0,0.0,0.0,255,255,1.0,0.0,0.0,0.0,0.0,0.0,1,52769.0
55,5,0,0,0,0,228,1.0,1.0,0.08,0.06,0.0,255,16,0.06,0.08,0.0,1.0,1.0,0.0,1,27576.0
45,5,0,0,0,0,132,1.0,1.0,0.14,0.06,0.0,187,19,0.1,0.06,0.0,1.0,1.0,0.0,1,38323.0
22,9,309,3925,0,1,3,0.0,0.0,1.0,0.0,0.5,134,255,1.0,0.0,0.03,0.0,0.0,0.01,0,53595.0
9,5,0,0,0,0,271,1.0,1.0,0.04,0.06,0.0,255,10,0.04,0.08,0.0,1.0,1.0,0.0,1,28092.0
45,5,0,0,0,0,123,1.0,1.0,0.13,0.06,0.0,255,18,0.07,0.07,0.0,1.0,1.0,0.0,1,30525.0
13,9,8,0,0,0,1,0.0,0.0,1.0,0.0,1.0,1,135,1.0,0.0,0.5,0.0,0.0,0.0,1,24713.0
22,9,233,5166,0,1,5,0.0,0.0,1.0,0.0,0.0,15,255,1.0,0.0,0.04,0.0,0.0,0.0,0,85555.0
46,5,0,0,0,0,280,1.0,1.0,0.05,0.05,0.0,255,13,0.05,0.05,0.0,1.0,1.0,0.0,1,39574.0
45,1,0,0,0,0,146,0.0,0.0,0.12,0.05,0.0,255,7,0.03,0.06,0.0,0.0,0.0,1.0,1,125228.0
22,1,0,0,0,0,1,0.0,0.0,1.0,0.0,0.0,53,255,1.0,0.0,0.12,0.0,0.0,0.73,0,63035.0
3,5,0,0,0,0,243,1.0,1.0,0.02,0.07,0.0,255,6,0.02,0.07,0.0,1.0,1.0,0.0,1,117576.0
61,5,0,0,0,0,251,1.0,1.0,0.01,0.06,0.0,255,3,0.01,0.07,0.0,1.0,1.0,0.0,1,58881.0
45,5,0,0,0,0,139,1.0,1.0,0.07,0.06,0.0,255,16,0.06,0.06,0.0,1.0,1.0,0.0,1,90719.0
22,9,223,1296,0,1,41,0.0,0.0,1.0,0.0,0.0,255,255,1.0,0.0,0.0,0.0,0.0,0.0,0,96905.0
19,9,383,0,0,1,2,0.0,0.0,1.0,0.0,0.67,88,114,0.35,0.09,0.02,0.01,0.0,0.0,0,2311.0
41,1,0,0,0,0,511,0.13,0.0,0.0,1.0,0.0,255,1,0.0,1.0,0.0,0.13,0.0,1.0,1,85821.0
49,9,1833,333,0,1,1,0.0,0.0,1.0,0.0,0.0,110,203,0.82,0.04,0.01,0.0,0.0,0.0,0,51652.0
22,9,346,3085,0,1,5,0.0,0.0,1.0,0.0,0.0,5,255,1.0,0.0,0.03,0.0,0.0,0.0,0,118871.0
14,9,520,0,0,0,298,0.0,0.0,1.0,0.0,0.0,255,255,1.0,0.0,0.0,0.0,0.0,0.0,1,103109.0
22,9,295,313,0,1,11,0.0,0.0,1.0,0.0,0.0,47,255,1.0,0.0,0.11,0.0,0.0,0.96,0,67282.0
19,9,151,0,0,0,4,0.0,0.0,1.0,0.0,0.0,111,29,0.2,0.04,0.07,0.0,0.0,0.0,0,80248.0
45,0,0,0,0,0,1,0.0,0.0,1.0,0.0,0.0,156,1,0.01,0.69,0.0,0.04,0.0,0.0,1,104489.0
23,1,0,0,0,0,2,0.0,0.0,0.5,1.0,0.0,255,1,0.0,1.0,0.0,0.0,0.0,1.0,1,12629.0
22,9,278,1747,0,1,2,0.5,0.67,1.0,0.0,0.67,105,255,1.0,0.0,0.01,0.01,0.0,0.0,0,23610.0
4,5,0,0,0,0,267,1.0,1.0,0.02,0.06,0.0,255,6,0.02,0.07,0.0,1.0,1.0,0.0,1,84058.0
29,5,0,0,0,0,150,1.0,1.0,0.12,0.05,0.0,255,3,0.01,0.06,0.0,1.0,1.0,0.0,1,70722.0
22,9,236,2514,0,1,12,0.0,0.0,1.0,0.0,0.12,155,255,1.0,0.0,0.02,0.01,0.0,0.0,0,111158.0
60,2,0,0,0,0,147,0.0,0.0,0.12,0.06,0.0,255,18,0.07,0.06,0.0,0.0,0.0,1.0,1,78214.0
13,9,8,0,0,0,1,0.0,0.0,1.0,0.0,1.0,1,58,1.0,0.0,0.52,0.0,0.0,0.0,1,51607.0
45,1,0,0,0,0,257,0.0,0.0,0.07,0.07,0.0,255,18,0.07,0.08,0.0,0.0,0.0,1.0,1,95100.0
2,5,0,0,0,0,230,1.0,1.0,0.03,0.07,0.0,255,7,0.03,0.08,0.0,1.0,1.0,0.0,1,82808.0
22,9,269,958,0,1,14,0.0,0.0,1.0,0.0,0.11,255,255,1.0,0.0,0.0,0.0,0.0,0.0,0,17200.0
22,9,193,2408,0,1,3,0.0,0.0,1.0,0.0,0.38,255,255,1.0,0.0,0.0,0.01,0.01,0.0,0,86085.0
22,9,336,1791,0,1,12,0.0,0.0,1.0,0.0,0.0,12,255,1.0,0.0,0.01,0.0,0.0,0.0,0,55882.0
49,9,982,391,0,1,1,0.0,0.0,1.0,0.0,0.0,45,177,0.42,0.04,0.02,0.0,0.0,0.0,0,60295.0
45,9,28,0,3,0,42,0.0,0.0,1.0,0.0,0.0,114,42,0.37,0.04,0.0,0.0,0.0,0.0,1,7548.0
45,5,0,0,0,0,143,1.0,1.0,0.09,0.06,0.0,255,9,0.04,0.05,0.0,1.0,1.0,0.0,1,110797.0
41,9,147,105,0,0,2,0.0,0.0,1.0,0.0,0.0,255,2,0.01,0.42,0.0,0.0,0.0,0.0,0,98.0
19,9,3888,0,0,0,1,0.0,0.0,1.0,0.0,0.0,7,72,1.0,0.0,0.03,0.0,0.0,0.0,0,76230.0
45,9,105,147,0,0,2,0.0,0.0,1.0,0.0,0.0,255,249,0.98,0.01,0.0,0.0,0.0,0.0,0,100570.0
41,1,0,0,0,0,426,0.06,0.0,0.0,1.0,0.0,255,1,0.0,1.0,0.0,0.08,0.0,1.0,1,97230.0
55,2,125,179,0,0,1,0.0,0.0,1.0,0.0,0.0,4,4,1.0,0.0,0.0,0.25,0.25,0.75,1,689.0
41,5,0,0,0,0,509,0.23,1.0,0.0,1.0,0.0,255,1,0.0,1.0,0.0,0.29,1.0,0.0,1,46141.0
45,5,0,0,0,0,172,1.0,1.0,0.11,0.06,0.0,255,2,0.01,0.07,0.0,1.0,1.0,0.0,1,113560.0
16,5,0,0,0,0,97,1.0,1.0,0.07,0.06,0.0,255,17,0.07,0.07,0.0,1.0,1.0,0.0,1,92495.0
45,5,0,0,0,0,222,1.0,1.0,0.05,0.06,0.0,255,13,0.05,0.09,0.0,1.0,1.0,0.0,1,70461.0
45,5,0,0,0,0,192,1.0,1.0,0.09,0.05,0.0,255,18,0.07,0.05,0.0,1.0,1.0,0.0,1,101334.0
11,9,42,127,0,0,64,0.0,0.0,1.0,0.0,0.01,255,213,0.84,0.02,0.0,0.0,0.0,0.0,0,16333.0
23,5,0,0,0,0,133,1.0,1.0,0.16,0.05,0.0,255,21,0.08,0.05,0.0,1.0,1.0,0.0,1,94956.0
26,1,0,0,0,0,231,0.0,0.0,0.01,0.07,0.0,255,2,0.01,0.07,0.0,0.0,0.0,1.0,1,92435.0
45,5,0,0,0,0,121,1.0,1.0,0.12,0.05,0.0,255,14,0.05,0.05,0.0,1.0,1.0,0.0,1,20431.0
17,9,9,593,0,0,1,0.0,0.0,1.0,0.0,0.0,178,6,0.02,0.02,0.33,0.0,0.0,0.0,0,8680.0
22,9,234,694,0,1,6,0.0,0.0,1.0,0.0,0.19,129,255,1.0,0.0,0.03,0.0,0.0,0.0,0,41950.0
22,9,54540,8314,0,1,6,0.0,0.0,1.0,0.0,0.0,215,215,1.0,0.0,0.0,0.0,0.0,0.06,1,104301.0
22,9,215,1949,0,1,10,0.0,0.0,1.0,0.0,0.0,10,255,1.0,0.0,0.05,0.0,0.0,0.0,0,71119.0
27,5,0,0,0,0,150,1.0,1.0,0.13,0.05,0.0,255,20,0.08,0.06,0.0,1.0,1.0,0.0,1,48621.0
5,5,0,0,0,0,150,1.0,1.0,0.17,0.05,0.0,255,25,0.1,0.05,0.0,1.0,1.0,0.0,1,99197.0
19,9,5319,0,0,1,2,0.0,0.0,1.0,0.0,0.0,225,139,0.58,0.02,0.01,0.0,0.0,0.0,0,101599.0
45,5,0,0,0,0,73,1.0,1.0,0.03,0.07,0.0,255,12,0.05,0.06,0.0,1.0,1.0,0.0,1,93375.0
19,9,12,0,0,1,1,0.0,0.0,1.0,0.0,1.0,168,64,0.27,0.03,0.03,0.0,0.0,0.0,0,73488.0
22,5,0,0,0,0,261,1.0,1.0,0.07,0.05,0.0,255,17,0.07,0.07,0.0,1.0,1.0,0.0,1,65663.0
45,1,0,0,0,0,135,0.0,0.0,0.11,0.07,0.0,255,13,0.05,0.07,0.0,0.0,0.0,1.0,1,91058.0
22,9,201,14183,0,1,2,0.0,0.0,1.0,0.0,0.4,133,255,1.0,0.0,0.02,0.01,0.0,0.0,0,36424.0
22,9,198,659,0,1,27,0.0,0.0,1.0,0.0,0.06,255,255,1.0,0.0,0.0,0.0,0.0,0.0,0,39339.0
12,5,0,0,0,0,263,1.0,1.0,0.08,0.06,0.0,255,20,0.08,0.06,0.0,1.0,1.0,0.0,1,88759.0
8,5,0,0,0,0,227,1.0,1.0,0.08,0.06,0.0,255,18,0.07,0.06,0.0,1.0,1.0,0.0,1,100927.0
22,9,231,1225,0,1,1,0.0,0.0,1.0,0.0,0.0,176,255,1.0,0.0,0.01,0.01,0.0,0.0,0,1341.0
41,9,516,4,0,0,154,0.0,0.0,1.0,0.0,0.0,154,154,1.0,0.0,0.0,0.0,0.0,0.0,0,69165.0
11,9,45,45,0,0,60,0.0,0.0,1.0,0.0,0.01,255,255,1.0,0.0,0.0,0.0,0.0,0.0,0,86440.0
41,1,0,0,0,0,510,0.2,0.0,0.0,1.0,0.0,255,1,0.0,1.0,0.0,0.15,0.0,1.0,1,39433.0
22,9,225,770,0,1,12,0.0,0.0,1.0,0.0,0.0,255,255,1.0,0.0,0.0,0.0,0.0,0.02,0,52813.0
22,9,303,1075,0,1,7,0.0,0.0,1.0,0.0,0.0,125,114,0.91,0.02,0.0,0.0,0.0,0.0,0,49154.0
49,5,0,0,0,0,213,1.0,1.0,0.0,0.05,0.0,255,1,0.0,0.05,0.0,1.0,1.0,0.0,1,86327.0
43,9,80,5636,0,1,1,0.0,0.0,1.0,0.0,0.0,253,4,0.02,0.02,0.0,0.0,0.0,0.0,0,100750.0
37,5,0,0,0,0,123,1.0,1.0,0.02,0.06,0.0,255,2,0.01,0.07,0.0,1.0,1.0,0.0,1,77666.0
14,9,1032,0,0,0,511,0.0,0.0,1.0,0.0,0.0,255,1,0.0,0.22,0.0,0.22,0.0,0.0,1,69989.0
45,5,0,0,0,0,93,1.0,1.0,0.09,0.06,0.0,255,8,0.03,0.06,0.0,1.0,1.0,0.0,1,52793.0
55,5,0,0,0,0,37,1.0,1.0,0.46,0.05,0.0,255,17,0.07,0.07,0.0,1.0,1.0,0.0,1,19000.0
41,1,0,0,0,0,474,0.07,0.0,0.0,1.0,0.0,255,1,0.0,1.0,0.0,0.04,0.0,1.0,1,32076.0
22,9,227,771,0,1,3,0.0,0.0,1.0,0.0,0.0,255,255,1.0,0.0,0.0,0.0,0.0,0.0,0,79950.0
11,9,44,132,0,0,64,0.0,0.0,1.0,0.0,0.01,255,255,1.0,0.0,0.0,0.0,0.0,0.0,0,84197.0
45,5,0,0,0,0,11,1.0,1.0,0.73,0.27,0.0,255,11,0.04,0.07,0.0,1.0,1.0,0.0,1,106880.0
45,1,0,0,0,0,2,0.0,0.0,0.5,1.0,0.0,255,1,0.0,0.33,0.0,0.25,0.0,1.0,1,36550.0
23,1,0,0,0,0,78,0.0,0.0,0.15,0.08,0.0,255,12,0.05,0.06,0.0,0.0,0.0,1.0,1,86730.0
45,5,0,0,0,0,166,1.0,1.0,0.07,0.06,0.0,255,20,0.08,0.07,0.0,1.0,1.0,0.0,1,85765.0
5,1,0,0,0,0,100,0.0,0.0,0.01,0.07,0.0,255,1,0.0,0.06,0.0,0.0,0.0,1.0,1,60655.0
22,9,316,4861,0,1,6,0.0,0.0,1.0,0.0,0.0,66,255,1.0,0.0,0.02,0.0,0.0,0.0,0,99437.0
13,9,8,0,0,0,1,0.0,0.0,1.0,0.0,1.0,2,134,1.0,0.0,0.25,0.0,0.0,0.0,1,59968.0
22,9,191,270,0,1,7,0.0,0.0,1.0,0.0,0.25,255,250,0.98,0.01,0.0,0.0,0.0,0.0,0,48667.0
45,5,0,0,0,0,127,1.0,1.0,0.11,0.08,0.0,255,14,0.05,0.07,0.0,1.0,1.0,0.0,1,79700.0
52,5,0,0,0,0,199,1.0,1.0,0.04,0.06,0.0,255,20,0.08,0.06,0.0,1.0,1.0,0.0,1,6615.0
45,5,0,0,0,0,283,1.0,1.0,0.07,0.04,0.0,143,19,0.13,0.07,0.0,0.99,1.0,0.0,1,16954.0
22,9,315,1148,0,1,7,0.0,0.0,1.0,0.0,0.09,255,255,1.0,0.0,0.0,0.0,0.0,0.0,0,92538.0
41,4,1,0,0,0,2,0.0,0.0,1.0,0.0,0.0,255,2,0.01,0.67,0.0,0.0,0.0,1.0,1,92066.0
23,5,0,0,0,0,266,1.0,1.0,0.07,0.05,0.0,255,18,0.07,0.07,0.0,1.0,1.0,0.0,1,64072.0
45,1,0,0,0,0,39,0.0,0.0,0.49,0.08,0.0,255,19,0.07,0.06,0.0,0.0,0.0,1.0,1,118414.0
18,5,0,0,0,0,120,1.0,1.0,0.16,0.07,0.0,255,19,0.07,0.06,0.0,1.0,1.0,0.0,1,74591.0
19,9,3690,0,0,1,1,0.0,0.0,1.0,0.0,0.0,110,56,0.12,0.15,0.04,0.03,0.02,0.0,0,71746.0
22,9,249,1296,0,1,3,0.0,0.0,1.0,0.0,0.07,255,255,1.0,0.0,0.0,0.0,0.0,0.0,0,78840.0
22,9,283,8818,0,1,17,0.0,0.0,1.0,0.0,0.11,131,255,1.0,0.0,0.05,0.0,0.0,0.0,0,43290.0
57,2,0,0,0,0,165,0.0,0.0,0.04,0.07,0.0,255,7,0.03,0.08,0.0,0.0,0.0,1.0,1,38419.0
45,5,0,0,0,0,212,1.0,1.0,0.01,0.06,0.0,255,5,0.02,0.07,0.0,1.0,1.0,0.0,1,31736.0
49,9,694,330,0,1,1,0.0,0.0,1.0,0.0,0.0,18,10,0.56,0.28,0.0,0.0,0.0,0.0,0,92556.0
12,5,0,0,0,0,256,1.0,1.0,0.08,0.05,0.0,255,21,0.08,0.05,0.0,1.0,1.0,0.0,1,25530.0
45,9,1,0,0,0,2,0.0,0.0,1.0,0.0,0.0,255,9,0.04,0.89,0.0,0.03,0.0,0.0,1,113693.0
49,9,2069,369,0,1,1,0.0,0.0,1.0,0.0,0.0,170,245,0.95,0.02,0.01,0.0,0.0,0.0,0,51008.0
11,9,43,66,0,0,267,0.0,0.0,1.0,0.01,0.0,255,254,1.0,0.01,0.0,0.0,0.0,0.0,0,121161.0
45,5,0,0,0,0,280,1.0,1.0,0.02,0.06,0.0,255,7,0.03,0.08,0.0,1.0,1.0,0.0,1,22937.0
45,9,1,0,0,0,13,0.0,0.0,0.08,0.77,0.0,255,1,0.0,0.43,0.0,0.0,0.0,0.0,1,87874.0
25,5,0,0,0,0,265,1.0,1.0,0.03,0.05,0.0,255,9,0.04,0.05,0.0,1.0,1.0,0.0,1,75879.0
22,9,217,4290,0,1,5,0.0,0.0,1.0,0.0,0.0,5,255,1.0,0.0,0.03,0.0,0.0,0.0,0,117936.0
22,9,318,392,0,1,11,0.0,0.0,1.0,0.0,0.0,255,255,1.0,0.0,0.0,0.0,0.0,0.0,0,39917.0
45,1,0,0,0,0,150,0.0,0.0,0.07,0.05,0.0,255,8,0.03,0.07,0.0,0.0,0.0,1.0,1,119433.0
22,9,310,1194,0,1,3,0.0,0.0,1.0,0.0,0.25,3,255,1.0,0.0,0.02,0.0,0.0,0.0,0,49011.0
22,9,218,483,0,1,5,0.0,0.0,1.0,0.0,0.38,255,255,1.0,0.0,0.0,0.0,0.0,0.0,0,58613.0
19,9,192,0,0,1,2,0.0,0.0,1.0,0.0,0.5,97,14,0.1,0.03,0.14,0.0,0.0,0.0,0,118468.0
18,9,55,170,0,0,1,0.0,0.0,1.0,0.0,0.0,24,7,0.29,0.12,0.0,0.0,0.0,0.0,0,19061.0
45,1,0,0,0,0,1,0.0,0.0,1.0,0.0,0.0,7,2,0.14,1.0,1.0,0.0,0.0,1.0,1,26756.0
19,9,383,0,0,0,2,0.0,0.0,1.0,0.0,0.0,61,49,0.05,0.08,0.04,0.0,0.0,0.0,0,50901.0
11,9,42,71,0,0,288,0.0,0.0,1.0,0.0,0.0,255,247,0.97,0.01,0.0,0.0,0.0,0.0,0,10948.0
17,9,8,0,0,0,1,0.0,0.0,1.0,0.0,0.0,76,9,0.04,0.04,0.22,0.0,0.0,0.0,0,88983.0
45,5,0,0,0,0,274,1.0,1.0,0.08,0.05,0.0,255,22,0.09,0.06,0.0,1.0,1.0,0.0,1,93459.0
38,5,0,0,0,0,124,1.0,1.0,0.13,0.06,0.0,255,16,0.06,0.07,0.0,1.0,1.0,0.0,1,103780.0
45,5,0,0,0,0,170,1.0,1.0,0.09,0.06,0.0,255,15,0.06,0.05,0.0,1.0,1.0,0.0,1,8129.0
41,5,0,0,0,0,278,1.0,1.0,0.04,0.05,0.0,255,5,0.02,0.09,0.0,1.0,1.0,0.0,1,75091.0
19,9,383,0,0,1,2,0.0,0.0,1.0,0.0,0.0,156,90,0.37,0.03,0.02,0.01,0.0,0.0,0,97366.0
41,9,146,105,0,0,3,0.0,0.0,0.67,0.67,0.0,255,2,0.01,0.64,0.0,0.0,0.0,0.0,0,22646.0
13,9,8,0,0,0,1,0.0,0.0,1.0,0.0,1.0,1,86,1.0,0.0,0.51,0.0,0.0,0.0,1,44074.0
22,9,218,3195,0,1,11,0.0,0.0,1.0,0.0,0.0,255,255,1.0,0.0,0.0,0.0,0.0,0.0,0,64768.0
22,9,305,1380,0,1,3,0.0,0.0,1.0,0.0,0.0,255,239,0.94,0.02,0.0,0.0,0.0,0.0,0,44030.0
22,9,54540,8314,0,1,5,0.0,0.0,1.0,0.0,0.0,69,69,1.0,0.0,0.0,0.01,0.01,0.01,1,55776.0
0,4,1921,10470,0,0,1,0.0,0.0,1.0,0.0,0.0,8,2,0.25,0.25,0.0,0.0,0.0,1.0,0,9224.0
31,5,0,0,0,0,134,1.0,1.0,0.04,0.06,0.0,255,16,0.06,0.07,0.0,1.0,1.0,0.0,1,56587.0
7,5,0,0,0,0,212,1.0,1.0,0.08,0.06,0.0,255,17,0.07,0.07,0.0,1.0,1.0,0.0,1,124109.0
5,5,0,0,0,0,22,1.0,1.0,0.32,0.14,0.0,255,7,0.03,0.07,0.0,1.0,1.0,0.0,1,30057.0
22,5,0,0,0,0,30,1.0,1.0,0.4,0.13,0.0,110,32,0.29,0.04,0.0,1.0,1.0,0.0,1,27492.0
49,9,845,332,0,1,1,0.0,0.0,1.0,0.0,0.0,147,82,0.56,0.05,0.0,0.0,0.0,0.0,0,34041.0
49,9,2764,367,0,1,1,0.0,0.0,1.0,0.0,0.0,255,182,0.71,0.02,0.0,0.0,0.0,0.0,0,12141.0
11,9,43,80,0,0,141,0.0,0.0,1.0,0.0,0.0,255,254,1.0,0.01,0.0,0.0,0.0,0.0,0,58092.0
15,5,0,0,0,0,113,1.0,1.0,0.17,0.05,0.0,255,17,0.07,0.06,0.0,1.0,1.0,0.0,1,60592.0
19,9,740,0,0,1,3,0.0,0.0,1.0,0.0,0.0,253,31,0.12,0.02,0.0,0.0,0.0,0.0,0,122347.0
22,9,54540,8314,0,1,3,0.0,0.0,1.0,0.0,0.0,75,75,1.0,0.0,0.0,0.01,0.01,0.01,1,21913.0
22,9,299,6534,0,1,22,0.0,0.0,1.0,0.0,0.0,55,255,1.0,0.0,0.04,0.0,0.0,0.0,0,108652.0
45,5,0,0,0,0,264,1.0,1.0,0.06,0.06,0.0,255,14,0.05,0.07,0.0,1.0,1.0,0.0,1,103388.0
5,1,0,0,0,0,145,0.0,0.0,0.11,0.06,0.0,255,16,0.06,0.05,0.0,0.0,0.0,1.0,1,71397.0
22,9,147,10063,0,1,2,0.0,0.0,1.0,0.0,0.0,86,255,1.0,0.0,0.03,0.0,0.0,0.0,0,61805.0
40,9,48,48,0,0,1,0.0,0.0,1.0,0.0,0.0,255,15,0.06,0.01,0.0,0.0,0.0,0.0,0,70786.0
13,9,8,0,0,0,1,0.0,0.0,1.0,0.0,1.0,2,21,1.0,0.0,0.52,0.0,0.0,0.0,1,46797.0
22,9,297,8422,0,1,21,0.0,0.0,1.0,0.0,0.09,255,255,1.0,0.0,0.0,0.0,0.0,0.0,0,17503.0
45,5,0,0,0,0,220,1.0,1.0,0.05,0.05,0.0,24,11,0.46,0.12,0.0,0.92,1.0,0.0,1,941.0
25,5,0,0,0,0,279,1.0,1.0,0.06,0.06,0.0,255,16,0.06,0.06,0.0,1.0,1.0,0.0,1,118561.0
57,2,0,0,0,0,117,0.0,0.0,0.02,0.07,0.0,255,2,0.01,0.08,0.0,0.0,0.0,1.0,1,106144.0
22,9,238,373,0,1,2,0.0,0.0,1.0,0.0,0.08,69,255,1.0,0.0,0.05,0.0,0.0,0.0,0,120367.0
14,9,1032,0,0,0,511,0.0,0.0,1.0,0.0,0.0,255,181,0.71,0.02,0.0,0.0,0.0,0.0,1,83813.0
49,9,1187,332,0,1,1,0.0,0.0,1.0,0.0,0.0,90,70,0.78,0.04,0.0,0.0,0.0,0.0,0,71791.0
22,9,261,8914,0,1,1,0.0,0.0,1.0,0.0,0.0,1,255,1.0,0.0,0.04,0.0,0.0,0.0,0,86949.0
22,9,263,243,0,1,12,0.0,0.0,1.0,0.0,0.15,88,255,1.0,0.0,0.03,0.0,0.0,0.0,0,25315.0
19,9,12165,0,0,1,5,0.0,0.0,1.0,0.0,0.0,251,123,0.48,0.02,0.02,0.0,0.0,0.0,0,69943.0
45,5,0,0,0,0,254,1.0,1.0,0.02,0.06,0.0,255,2,0.01,0.08,0.0,1.0,1.0,0.0,1,28141.0
22,5,0,0,0,0,2,0.5,0.08,1.0,0.0,0.31,18,216,1.0,0.0,0.01,0.06,0.0,0.07,0,122745.0
62,5,0,0,0,0,81,1.0,1.0,0.16,0.07,0.0,255,14,0.05,0.07,0.0,1.0,1.0,0.0,1,42000.0
49,9,1116,286,0,1,1,0.0,0.0,1.0,0.0,0.0,103,145,0.78,0.05,0.01,0.0,0.0,0.0,0,88679.0
55,9,137,3084,0,1,1,0.0,0.0,1.0,0.0,0.0,1,3,1.0,0.0,1.0,0.0,0.0,0.0,0,29605.0
22,9,152,450,0,1,1,0.0,0.0,1.0,0.0,0.0,255,255,1.0,0.0,0.0,0.0,0.0,0.0,0,37969.0
22,9,231,12538,0,1,6,0.0,0.0,1.0,0.0,0.0,51,255,1.0,0.0,0.06,0.0,0.0,0.0,0,31335.0
45,5,0,0,0,0,130,1.0,1.0,0.07,0.05,0.0,255,6,0.02,0.06,0.0,1.0,1.0,0.0,1,25660.0
19,9,2194619,0,0,1,2,0.0,0.0,1.0,0.0,0.0,163,44,0.15,0.02,0.05,0.0,0.0,0.0,0,63661.0
22,9,202,2377,0,1,1,0.0,0.0,1.0,0.0,0.0,7,255,1.0,0.0,0.06,0.0,0.0,0.0,0,81454.0
49,9,553,331,0,1,1,0.0,0.0,1.0,0.0,0.0,255,152,0.6,0.03,0.0,0.0,0.0,0.0,0,69382.0
22,1,0,0,0,0,1,0.0,0.0,1.0,0.0,0.0,58,255,1.0,0.0,0.03,0.0,0.0,0.03,0,29792.0
41,9,965,0,0,0,10,0.1,0.0,0.1,0.5,0.0,249,1,0.0,0.03,0.0,0.0,0.0,0.0,0,67342.0
11,9,45,75,0,0,113,0.0,0.0,1.0,0.0,0.0,255,224,0.88,0.01,0.0,0.0,0.0,0.0,0,73549.0
26,5,0,0,0,0,228,1.0,1.0,0.09,0.05,0.0,255,21,0.08,0.06,0.0,1.0,1.0,0.0,1,37785.0
60,2,0,0,0,0,149,0.0,0.0,0.13,0.06,0.0,255,20,0.08,0.07,0.0,0.0,0.0,1.0,1,98051.0
55,5,0,0,0,0,202,1.0,1.0,0.01,0.07,0.0,255,20,0.08,0.07,0.0,1.0,1.0,0.0,1,5056.0
33,5,0,0,0,0,236,1.0,1.0,0.02,0.07,0.0,255,4,0.02,0.07,0.0,1.0,1.0,0.0,1,73083.0
11,9,45,111,0,0,76,0.0,0.0,0.99,0.03,0.01,255,241,0.95,0.01,0.0,0.0,0.0,0.0,0,38322.0
45,9,1,0,0,0,49,0.0,0.0,0.06,0.1,0.0,255,3,0.01,0.02,0.0,0.0,0.0,0.0,1,39556.0
4,5,0,0,0,0,265,1.0,1.0,0.03,0.06,0.0,255,9,0.04,0.06,0.0,1.0,1.0,0.0,1,875.0
22,9,54540,8314,0,1,4,0.0,0.0,1.0,0.0,0.0,92,92,1.0,0.0,0.0,0.01,0.01,0.01,1,21115.0
41,9,146,105,0,0,1,0.0,0.0,1.0,0.0,0.0,255,3,0.01,0.62,0.0,0.0,0.0,0.0,0,94976.0
49,9,1064,332,0,1,1,0.0,0.0,1.0,0.0,1.0,109,170,0.79,0.05,0.02,0.0,0.0,0.0,0,88841.0
30,5,0,0,0,0,184,1.0,1.0,0.08,0.07,0.0,255,15,0.06,0.07,0.0,1.0,1.0,0.0,1,24521.0
49,9,894,332,0,1,1,0.0,0.0,1.0,0.0,1.0,255,105,0.41,0.03,0.0,0.0,0.0,0.0,0,28306.0
11,9,43,74,0,0,216,0.0,0.0,1.0,0.0,0.0,255,255,1.0,0.0,0.0,0.0,0.0,0.0,0,11269.0
22,9,326,234,0,1,4,0.0,0.0,1.0,0.0,0.4,60,255,1.0,0.0,0.03,0.0,0.0,0.0,0,117327.0
45,5,0,0,0,0,245,1.0,1.0,0.08,0.07,0.0,255,20,0.08,0.06,0.0,1.0,1.0,0.0,1,76325.0
57,5,0,0,0,0,277,1.0,1.0,0.07,0.05,0.0,255,19,0.07,0.07,0.0,1.0,1.0,0.0,1,3737.0
18,5,0,0,0,0,231,1.0,1.0,0.04,0.07,0.0,255,10,0.04,0.08,0.0,1.0,1.0,0.0,1,91211.0
19,9,10389,0,0,0,20,0.0,0.0,1.0,0.0,0.0,248,124,0.5,0.02,0.0,0.0,0.0,0.0,0,115110.0
22,9,232,930,0,1,11,0.0,0.0,1.0,0.0,0.17,255,255,1.0,0.0,0.0,0.0,0.0,0.0,0,95783.0
22,9,324,1227,0,1,4,0.0,0.0,1.0,0.0,0.0,15,15,1.0,0.0,0.0,0.0,0.0,0.0,0,58486.0
22,9,266,7782,0,1,15,0.0,0.0,1.0,0.0,0.0,87,221,1.0,0.0,0.02,0.0,0.0,0.0,0,49012.0
22,9,160,2436,0,1,3,0.0,0.0,1.0,0.0,0.0,17,255,1.0,0.0,0.05,0.0,0.0,0.0,0,79698.0
45,1,0,0,0,0,142,0.0,0.0,0.08,0.06,0.0,67,12,0.18,0.09,0.0,0.0,0.0,1.0,1,15259.0
41,1,0,0,0,0,511,0.18,0.0,0.0,1.0,0.0,255,1,0.0,1.0,0.0,0.2,0.0,1.0,1,120104.0
45,5,0,0,0,0,123,1.0,1.0,0.13,0.06,0.0,255,16,0.06,0.06,0.0,1.0,1.0,0.0,1,32127.0
22,9,302,2507,0,1,5,0.0,0.0,1.0,0.0,0.33,48,37,0.77,0.06,0.0,0.0,0.0,0.0,0,4959.0
19,9,641,0,0,1,2,0.0,0.0,1.0,0.0,0.0,141,49,0.19,0.04,0.04,0.0,0.0,0.0,0,79022.0
22,9,305,528,0,1,2,0.0,0.0,1.0,0.0,0.14,41,255,1.0,0.0,0.09,0.0,0.0,0.0,0,73170.0
45,4,0,0,0,0,1,0.0,0.0,1.0,0.0,0.0,255,1,0.0,0.57,0.0,0.0,0.0,1.0,1,43276.0
49,9,1353,360,0,1,1,0.0,0.0,1.0,0.0,1.0,255,17,0.07,0.56,0.0,0.0,0.0,0.0,0,122387.0
45,9,28,0,3,0,19,0.0,0.0,1.0,0.0,0.0,255,19,0.07,0.02,0.0,0.0,0.0,0.0,1,68267.0
45,5,0,0,0,0,214,1.0,1.0,0.09,0.06,0.0,255,9,0.04,0.06,0.0,1.0,1.0,0.0,1,27180.0
22,9,227,1242,0,1,9,0.0,0.0,1.0,0.0,0.0,255,255,1.0,0.0,0.0,0.0,0.0,0.0,0,83986.0
49,9,2232,333,0,1,1,0.0,0.0,1.0,0.0,0.0,176,144,0.61,0.04,0.01,0.02,0.01,0.0,0,36212.0
22,9,245,30881,0,1,12,0.0,0.0,1.0,0.0,0.0,255,255,1.0,0.0,0.0,0.0,0.0,0.0,0,106376.0
22,9,308,1098,0,1,22,0.0,0.0,1.0,0.0,0.09,255,255,1.0,0.0,0.0,0.0,0.0,0.0,0,54933.0
45,9,1,0,0,0,35,0.0,0.0,0.17,0.11,0.0,255,35,0.14,0.56,0.0,0.0,0.0,0.0,1,89113.0
22,9,330,713,0,1,7,0.0,0.0,1.0,0.0,0.11,250,255,1.0,0.0,0.01,0.0,0.0,0.0,0,38767.0
55,9,118,6182,0,1,1,0.0,0.0,1.0,0.0,0.0,88,2,0.01,0.08,1.0,0.0,0.0,0.0,0,62856.0
45,9,1,0,0,0,16,0.0,0.0,0.19,0.12,0.0,255,32,0.13,0.63,0.0,0.0,0.0,0.0,1,103075.0
2,1,0,0,0,0,215,0.0,0.0,0.03,0.07,0.0,255,7,0.03,0.08,0.0,0.0,0.0,1.0,1,35734.0
17,9,5,19,0,0,2,0.0,0.0,0.5,1.0,0.0,255,1,0.0,0.31,0.0,0.0,0.0,0.0,1,25739.0
14,9,1032,0,0,0,77,0.0,0.0,1.0,0.0,0.0,255,255,1.0,0.0,0.0,0.0,0.0,0.0,1,93392.0
22,9,244,848,0,1,15,0.0,0.0,1.0,0.0,0.12,255,255,1.0,0.0,0.0,0.0,0.0,0.0,0,91525.0
22,9,255,861,0,1,44,0.02,0.02,1.0,0.0,0.0,255,255,1.0,0.0,0.0,0.0,0.0,0.0,0,47.0
45,1,0,0,0,0,100,0.0,0.0,0.02,0.07,0.0,255,2,0.01,0.08,0.0,0.0,0.0,1.0,1,57744.0
45,4,1,0,0,0,2,0.0,0.0,1.0,0.0,0.0,255,2,0.01,0.67,0.0,0.0,0.0,1.0,1,96660.0
45,4,1,0,0,0,2,0.0,0.0,1.0,0.0,0.0,255,2,0.01,0.73,0.0,0.0,0.0,1.0,1,37520.0
62,5,0,0,0,0,296,1.0,1.0,0.06,0.05,0.0,255,18,0.07,0.06,0.0,1.0,1.0,0.0,1,105002.0
13,9,18,0,0,0,1,0.0,0.0,1.0,0.0,0.0,4,168,1.0,0.0,0.25,0.0,0.0,0.0,1,60833.0
27,5,0,0,0,0,5,1.0,1.0,1.0,0.0,0.0,255,5,0.02,0.07,0.0,1.0,1.0,0.0,1,47916.0
45,5,0,0,0,0,285,1.0,1.0,0.02,0.06,0.0,255,1,0.0,0.07,0.0,1.0,1.0,0.0,1,92377.0
45,2,0,0,0,0,248,0.0,0.0,0.08,0.06,0.0,255,20,0.08,0.07,0.0,0.0,0.0,1.0,1,41380.0
45,5,0,0,0,0,190,1.0,1.0,0.01,0.07,0.0,255,2,0.01,0.09,0.0,1.0,1.0,0.0,1,90367.0
33,5,0,0,0,0,201,1.0,1.0,0.08,0.07,0.0,255,17,0.07,0.08,0.0,1.0,1.0,0.0,1,15886.0
22,9,225,4291,0,1,5,0.0,0.0,1.0,0.0,0.33,16,255,1.0,0.0,0.05,0.0,0.0,0.0,0,117274.0
13,9,8,0,0,0,1,0.0,0.0,1.0,0.0,1.0,2,10,1.0,0.0,0.5,0.0,0.0,0.0,1,21737.0
45,5,0,0,0,0,51,1.0,1.0,0.27,0.1,0.0,255,14,0.05,0.07,0.0,1.0,1.0,0.0,1,29312.0
22,9,218,27872,0,1,3,0.0,0.0,1.0,0.0,0.0,3,255,1.0,0.0,0.06,0.0,0.0,0.0,0,90437.0
55,5,0,0,0,0,218,1.0,1.0,0.01,0.07,0.0,255,12,0.05,0.07,0.0,1.0,1.0,0.0,1,57073.0
49,9,785,332,0,1,1,0.0,0.0,1.0,0.0,1.0,66,154,0.73,0.09,0.01,0.0,0.0,0.0,0,102002.0
22,9,302,2610,0,1,19,0.0,0.0,1.0,0.0,0.1,29,255,1.0,0.0,0.05,0.0,0.01,0.0,0,53744.0
22,9,228,24786,0,1,14,0.0,0.0,1.0,0.0,0.0,99,255,1.0,0.0,0.01,0.0,0.0,0.0,0,1214.0
26,5,0,0,0,0,231,1.0,1.0,0.06,0.07,0.0,255,1,0.0,0.08,0.0,1.0,1.0,0.0,1,32701.0
45,5,0,0,0,0,160,1.0,1.0,0.16,0.06,0.0,255,25,0.1,0.05,0.0,1.0,1.0,0.0,1,3910.0
45,10,0,0,0,0,1,1.0,1.0,1.0,0.0,0.0,177,1,0.01,0.94,0.0,0.95,1.0,0.0,1,42394.0
45,5,0,0,0,0,120,1.0,1.0,0.08,0.07,0.0,174,10,0.06,0.07,0.0,1.0,1.0,0.0,1,7466.0
3,9,14,37,0,0,1,0.0,0.0,1.0,0.0,0.0,255,2,0.01,0.69,0.0,0.0,0.0,0.0,0,20488.0
10,5,0,0,0,0,262,1.0,1.0,0.05,0.05,0.0,255,14,0.05,0.05,0.0,1.0,1.0,0.0,1,20174.0
4,5,0,0,0,0,267,1.0,1.0,0.01,0.05,0.0,255,4,0.02,0.05,0.0,1.0,1.0,0.0,1,74653.0
22,9,221,9675,0,1,7,0.0,0.0,1.0,0.0,0.0,105,255,1.0,0.0,0.03,0.01,0.0,0.0,0,72284.0
22,9,448,549,0,1,1,0.0,0.0,1.0,0.0,0.22,22,255,1.0,0.0,0.05,0.0,0.0,0.0,0,7707.0
49,9,11975,1384,0,1,1,0.0,0.0,1.0,0.0,1.0,198,177,0.69,0.08,0.01,0.01,0.0,0.0,0,38961.0
19,5,0,0,0,0,41,1.0,1.0,0.22,0.1,0.0,255,49,0.19,0.05,0.0,1.0,1.0,0.0,1,107442.0
22,9,307,254,0,1,5,0.0,0.0,1.0,0.0,0.0,35,255,1.0,0.0,0.02,0.0,0.0,0.0,0,51190.0
49,9,1140,330,0,1,1,0.0,0.0,1.0,0.0,0.0,154,76,0.49,0.02,0.0,0.0,0.0,0.0,0,19410.0
45,5,0,0,0,0,123,1.0,1.0,0.12,0.06,0.0,255,1,0.0,0.07,0.0,1.0,1.0,0.0,1,104870.0
41,7,15876,1,0,1,1,1.0,1.0,1.0,0.0,0.0,227,1,0.0,0.11,0.0,0.01,1.0,0.0,0,29939.0
6,1,0,0,0,0,184,0.0,0.0,0.02,0.07,0.0,255,4,0.02,0.08,0.0,0.0,0.0,1.0,1,12692.0
32,1,0,0,0,0,264,0.0,0.0,0.02,0.06,0.0,255,5,0.02,0.08,0.0,0.0,0.0,1.0,1,25319.0
22,9,235,18003,0,1,6,0.0,0.0,1.0,0.0,0.0,6,255,1.0,0.0,0.09,0.0,0.01,0.0,0,125641.0
11,9,45,45,0,0,209,0.0,0.0,1.0,0.0,0.0,255,255,1.0,0.0,0.0,0.0,0.0,0.0,0,47854.0
13,9,18,0,0,0,1,0.0,0.0,1.0,0.0,0.0,2,62,1.0,0.0,0.26,0.0,0.0,0.0,1,120033.0
45,1,0,0,0,0,215,0.0,0.0,0.09,0.07,0.0,255,19,0.07,0.07,0.0,0.0,0.0,1.0,1,41006.0
13,9,8,0,0,0,1,0.0,0.0,1.0,0.0,1.0,1,25,1.0,0.0,0.52,0.0,0.0,0.0,1,59594.0
45,4,1,0,0,0,2,0.0,0.0,1.0,0.0,0.0,174,2,0.01,0.16,0.0,0.0,0.0,1.0,1,110424.0
11,9,43,125,0,0,72,0.0,0.0,1.0,0.0,0.01,255,207,0.81,0.02,0.0,0.0,0.0,0.0,0,52512.0
45,9,105,146,0,0,4,0.0,0.0,0.25,0.5,0.0,255,243,0.95,0.01,0.0,0.0,0.0,0.0,0,105250.0
45,5,0,0,0,0,104,1.0,1.0,0.1,0.06,0.0,255,10,0.04,0.05,0.0,1.0,1.0,0.0,1,877.0
55,5,0,0,0,0,40,1.0,1.0,0.5,0.05,0.0,255,20,0.08,0.07,0.0,1.0,1.0,0.0,1,109124.0
22,9,281,3232,0,1,17,0.0,0.0,1.0,0.0,0.2,255,255,1.0,0.0,0.0,0.0,0.0,0.0,0,47364.0
14,9,1032,0,0,0,479,0.0,0.0,1.0,0.0,0.0,255,255,1.0,0.0,0.0,0.0,0.0,0.0,1,58464.0
22,9,233,651,0,1,2,0.0,0.0,1.0,0.0,0.67,177,255,1.0,0.0,0.01,0.0,0.0,0.0,0,77508.0
16,2,0,0,0,0,119,0.0,0.0,0.05,0.07,0.0,255,6,0.02,0.07,0.0,0.0,0.0,1.0,1,89968.0
51,5,0,0,0,0,195,1.0,1.0,0.01,0.07,0.0,255,1,0.0,0.07,0.0,1.0,1.0,0.0,1,88775.0
49,9,1666,330,0,1,1,0.0,0.0,1.0,0.0,1.0,28,21,0.75,0.11,0.0,0.0,0.0,0.0,0,88747.0
11,9,45,71,0,0,148,0.0,0.0,1.0,0.0,0.0,255,255,1.0,0.0,0.0,0.0,0.0,0.0,0,43930.0
45,10,0,0,0,0,1,1.0,1.0,1.0,0.0,0.0,80,1,0.01,0.88,0.0,0.9,1.0,0.0,1,26213.0
22,9,227,308,0,1,11,0.0,0.0,1.0,0.0,0.0,11,255,1.0,0.0,0.02,0.0,0.0,0.0,0,105366.0
22,9,320,4624,0,1,22,0.0,0.0,1.0,0.0,0.0,255,255,1.0,0.0,0.0,0.01,0.01,0.0,0,5295.0
13,9,8,0,0,0,1,0.0,0.0,1.0,0.0,1.0,1,62,1.0,0.0,0.52,0.0,0.0,0.0,1,84275.0
22,9,149,2314,0,1,1,0.0,0.0,1.0,0.0,0.0,9,255,1.0,0.0,0.04,0.0,0.0,0.0,0,45615.0
22,9,305,4803,0,1,6,0.0,0.0,1.0,0.0,0.27,12,255,1.0,0.0,0.03,0.0,0.0,0.0,0,68833.0
14,9,18,0,0,0,1,0.0,0.0,1.0,0.0,0.0,2,2,1.0,0.0,0.0,0.0,0.0,0.0,1,35936.0
45,5,0,0,0,0,104,1.0,1.0,0.13,0.06,0.0,255,11,0.04,0.05,0.0,1.0,1.0,0.0,1,111871.0
45,9,28,0,3,0,49,0.0,0.0,1.0,0.0,0.0,255,16,0.06,0.01,0.0,0.0,0.0,0.0,1,111963.0
13,9,8,0,0,0,1,0.0,0.0,1.0,0.0,1.0,2,68,1.0,0.0,0.5,0.0,0.0,0.0,1,9492.0
45,5,0,0,0,0,198,1.0,1.0,0.1,0.06,0.0,255,4,0.02,0.07,0.0,1.0,1.0,0.0,1,86999.0
55,5,0,0,0,0,33,1.0,1.0,0.52,0.06,0.0,255,65,0.25,0.02,0.0,1.0,1.0,0.0,1,10760.0
45,9,28,0,3,0,50,0.0,0.0,1.0,0.0,0.0,122,50,0.41,0.03,0.0,0.0,0.0,0.0,1,104148.0
41,5,0,0,0,0,510,0.28,1.0,0.0,1.0,0.0,255,1,0.0,1.0,0.0,0.27,1.0,0.0,1,72952.0
22,1,0,0,0,0,208,0.0,0.0,0.02,0.07,0.0,255,4,0.02,0.08,0.0,0.0,0.0,1.0,1,98556.0
22,9,339,397,0,1,8,0.0,0.0,1.0,0.0,0.0,255,255,1.0,0.0,0.0,0.0,0.0,0.0,0,124594.0
11,9,33,0,0,0,4,0.0,0.0,1.0,0.0,0.22,255,31,0.12,0.05,0.0,0.01,0.0,0.0,0,94044.0
51,5,0,0,0,0,300,1.0,1.0,0.07,0.06,0.0,255,20,0.08,0.06,0.0,1.0,1.0,0.0,1,16591.0
22,9,327,5402,0,1,10,0.0,0.0,1.0,0.0,0.18,11,255,1.0,0.0,0.08,0.0,0.0,0.0,0,87135.0
45,1,0,0,0,0,210,0.0,0.0,0.03,0.07,0.0,255,9,0.04,0.07,0.0,0.0,0.0,1.0,1,41260.0
22,9,296,3751,0,1,2,0.0,0.0,1.0,0.0,0.19,23,255,1.0,0.0,0.06,0.0,0.0,0.0,0,12491.0
22,9,276,12105,0,1,1,0.0,0.0,1.0,0.0,1.0,5,255,1.0,0.0,0.02,0.0,0.0,0.0,0,109878.0
19,9,1470,0,0,0,9,0.0,0.0,1.0,0.0,0.0,15,80,1.0,0.0,0.03,0.0,0.0,0.0,0,3599.0
25,1,0,0,0,0,276,0.0,0.0,0.06,0.06,0.0,255,17,0.07,0.07,0.0,0.0,0.0,1.0,1,102201.0
22,9,342,2631,0,1,4,0.25,0.25,1.0,0.0,0.0,136,255,1.0,0.0,0.04,0.01,0.0,0.08,0,91765.0
52,5,0,0,0,0,295,1.0,1.0,0.05,0.06,0.0,255,5,0.02,0.09,0.0,1.0,1.0,0.0,1,57781.0
22,9,217,7173,0,1,11,0.0,0.0,1.0,0.0,0.0,58,255,1.0,0.0,0.02,0.0,0.0,0.0,0,120774.0
45,4,0,0,0,0,18,0.0,0.0,0.11,0.5,0.0,188,2,0.01,0.06,0.0,0.01,0.0,1.0,1,3266.0
7,1,0,0,0,0,2,0.0,0.0,0.5,1.0,0.0,255,1,0.0,0.71,0.0,0.0,0.0,1.0,1,50702.0
22,9,242,669,0,1,8,0.0,0.0,1.0,0.0,0.0,255,255,1.0,0.0,0.0,0.0,0.0,0.0,0,11449.0
45,5,0,0,0,0,257,1.0,1.0,0.04,0.07,0.0,255,11,0.04,0.08,0.0,1.0,1.0,0.0,1,106228.0
45,5,0,0,0,0,119,1.0,1.0,0.03,0.06,0.0,255,20,0.08,0.07,0.0,1.0,1.0,0.0,1,39370.0
60,2,0,0,0,0,120,0.0,0.0,0.13,0.07,0.0,255,16,0.06,0.06,0.0,0.0,0.0,1.0,1,55727.0
22,9,285,283,0,1,17,0.0,0.0,1.0,0.0,0.11,17,255,1.0,0.0,0.03,0.0,0.0,0.0,0,125940.0
45,9,105,147,0,0,2,0.0,0.0,0.5,1.0,0.0,255,248,0.97,0.01,0.0,0.0,0.0,0.0,0,67210.0
22,9,305,8549,0,1,1,0.0,0.0,1.0,0.0,0.11,1,255,1.0,0.0,0.05,0.0,0.0,0.0,0,79001.0
11,9,44,73,0,0,33,0.0,0.0,1.0,0.0,0.0,97,79,0.81,0.02,0.0,0.0,0.0,0.0,0,55574.0
55,5,0,0,0,0,6,1.0,1.0,0.17,0.5,0.0,255,61,0.24,0.02,0.0,1.0,1.0,0.0,1,65366.0
45,9,207,0,0,0,2,0.0,0.0,1.0,0.0,0.0,70,62,0.89,0.03,0.0,0.0,0.0,0.0,1,94538.0
49,9,1102,324,0,1,1,0.0,0.0,1.0,0.0,0.0,72,187,0.99,0.03,0.02,0.0,0.0,0.0,0,48341.0
45,5,0,0,0,0,185,1.0,1.0,0.14,0.06,0.0,255,25,0.1,0.05,0.0,1.0,1.0,0.0,1,71170.0
49,9,1998,331,0,1,1,0.0,0.0,1.0,0.0,0.0,172,145,0.53,0.03,0.01,0.0,0.0,0.0,0,56824.0
25,9,0,0,0,0,3,0.67,0.58,1.0,0.0,0.28,3,3,1.0,0.0,0.0,0.67,0.67,0.0,1,64805.0
22,9,299,331,0,1,13,0.0,0.0,1.0,0.0,0.13,166,255,1.0,0.0,0.01,0.0,0.0,0.0,0,60131.0
22,9,233,1075,0,1,5,0.0,0.0,1.0,0.0,0.0,255,252,0.99,0.01,0.0,0.0,0.0,0.0,0,24607.0
19,1,0,0,0,0,78,0.0,0.0,0.01,1.0,0.0,203,11,0.03,0.43,0.18,0.0,0.09,0.09,1,24730.0
19,9,192,0,0,1,2,0.0,0.0,1.0,0.0,0.0,7,45,0.57,0.43,0.07,0.0,0.02,0.0,0,99340.0
45,5,0,0,0,0,133,1.0,1.0,0.09,0.06,0.0,255,10,0.04,0.06,0.0,1.0,1.0,0.0,1,43795.0
45,1,0,0,0,0,208,0.0,0.0,0.0,0.08,0.0,255,1,0.0,0.1,0.0,0.0,0.0,1.0,1,77298.0
45,1,0,0,0,0,306,0.1,0.0,0.0,1.0,0.0,255,1,0.0,1.0,0.0,0.09,0.0,1.0,1,97163.0
4,5,0,0,0,0,180,1.0,1.0,0.1,0.06,0.0,255,18,0.07,0.05,0.0,1.0,1.0,0.0,1,41422.0
19,9,495,0,0,1,1,0.0,0.0,1.0,0.0,0.0,100,37,0.37,0.04,0.0,0.0,0.0,0.0,0,108310.0
22,9,290,520,0,1,13,0.0,0.0,1.0,0.0,0.2,255,255,1.0,0.0,0.0,0.0,0.0,0.0,0,7551.0
13,9,8,0,0,0,1,0.0,0.0,1.0,0.0,1.0,2,14,1.0,0.0,0.5,0.0,0.0,0.0,1,90636.0
22,9,286,1854,0,1,15,0.0,0.0,1.0,0.0,0.15,15,255,1.0,0.0,0.02,0.0,0.0,0.0,0,35387.0
22,9,239,668,0,1,37,0.0,0.0,1.0,0.0,0.05,255,255,1.0,0.0,0.0,0.0,0.0,0.0,0,99461.0
22,9,323,426,0,1,15,0.0,0.0,1.0,0.0,0.0,77,186,1.0,0.0,0.03,0.0,0.0,0.0,0,118955.0
11,9,44,113,0,0,1,0.0,0.0,1.0,0.0,1.0,65,42,0.65,0.05,0.0,0.0,0.0,0.0,0,37225.0
4,1,0,0,0,0,136,0.0,0.0,0.09,0.07,0.0,255,12,0.05,0.07,0.0,0.0,0.0,1.0,1,44929.0
9,5,0,0,0,0,273,1.0,1.0,0.03,0.06,0.0,255,8,0.03,0.06,0.0,1.0,1.0,0.0,1,85787.0
45,5,0,0,0,0,215,1.0,1.0,0.09,0.05,0.0,255,19,0.07,0.07,0.0,1.0,1.0,0.0,1,60533.0
22,9,218,1588,0,1,10,0.0,0.0,1.0,0.0,0.0,10,255,1.0,0.0,0.02,0.0,0.0,0.0,0,37797.0
5,1,0,0,0,0,146,0.0,0.0,0.13,0.06,0.0,255,19,0.07,0.06,0.0,0.0,0.0,1.0,1,8038.0
11,9,44,44,0,0,78,0.0,0.0,1.0,0.0,0.03,255,254,1.0,0.01,0.0,0.0,0.0,0.0,0,6406.0
11,9,32,0,0,0,1,0.0,0.0,1.0,0.0,1.0,124,15,0.04,0.1,0.13,0.02,0.0,0.0,0,83483.0
15,5,0,0,0,0,98,1.0,1.0,0.08,0.06,0.0,255,8,0.03,0.06,0.0,1.0,1.0,0.0,1,107256.0
4,5,0,0,0,0,220,1.0,1.0,0.05,0.05,0.0,178,11,0.06,0.07,0.0,0.99,1.0,0.0,1,68786.0
45,5,0,0,0,0,284,1.0,1.0,0.08,0.04,0.0,255,24,0.09,0.05,0.0,1.0,1.0,0.0,1,28150.0
19,9,501760,0,0,1,2,0.0,0.0,1.0,0.0,0.0,32,108,0.56,0.12,0.02,0.0,0.0,0.0,0,125032.0
45,10,0,0,0,0,1,1.0,1.0,1.0,0.0,0.0,205,1,0.0,0.95,0.0,0.96,1.0,0.0,1,93398.0
45,9,1,0,0,0,28,0.0,0.0,0.75,0.11,0.0,255,21,0.08,0.58,0.0,0.05,0.0,0.0,1,45851.0
22,9,321,485,0,1,1,0.0,0.0,1.0,0.0,0.0,95,255,1.0,0.0,0.02,0.0,0.02,0.01,0,91328.0
45,4,0,0,0,0,1,0.0,0.0,1.0,0.0,0.0,182,1,0.01,0.1,0.0,0.0,0.0,1.0,1,51820.0
49,9,2200,336,0,1,1,0.0,0.0,1.0,0.0,0.0,79,121,0.72,0.04,0.02,0.0,0.0,0.0,0,12363.0
11,9,42,72,0,0,278,0.0,0.0,1.0,0.0,0.0,255,242,0.95,0.01,0.0,0.0,0.0,0.0,0,71278.0
55,2,0,0,0,0,145,0.0,0.0,0.12,0.06,0.0,255,11,0.04,0.06,0.0,0.0,0.0,1.0,1,31856.0
13,9,18,0,0,0,1,0.0,0.0,1.0,0.0,0.0,4,208,1.0,0.0,0.25,0.0,0.0,0.0,1,5346.0
22,9,307,895,0,1,17,0.0,0.0,1.0,0.0,0.0,82,255,1.0,0.0,0.02,0.0,0.0,0.0,0,115059.0
62,5,0,0,0,0,298,1.0,1.0,0.08,0.05,0.0,255,25,0.1,0.05,0.0,1.0,1.0,0.0,1,116336.0
22,9,298,2833,0,1,3,0.0,0.0,1.0,0.0,0.0,255,255,1.0,0.0,0.0,0.0,0.0,0.0,0,84060.0
49,9,1744,411,0,1,1,0.0,0.0,1.0,0.0,0.0,107,199,0.95,0.04,0.01,0.03,0.02,0.0,0,113730.0
45,1,0,0,0,0,282,0.11,0.0,0.0,1.0,0.0,255,1,0.0,1.0,0.0,0.12,0.0,1.0,1,64406.0
11,9,42,73,0,0,164,0.0,0.0,1.0,0.0,0.0,255,255,1.0,0.0,0.0,0.0,0.0,0.0,0,25369.0
25,5,0,0,0,0,109,1.0,1.0,0.12,0.06,0.0,255,1,0.0,0.06,0.0,1.0,1.0,0.0,1,42369.0
22,9,209,2768,0,1,12,0.0,0.0,1.0,0.0,0.14,255,255,1.0,0.0,0.0,0.0,0.0,0.0,0,15056.0
47,5,0,0,0,0,187,1.0,1.0,0.13,0.05,0.0,255,24,0.09,0.05,0.0,1.0,1.0,0.0,1,85428.0
4,5,0,0,0,0,224,1.0,1.0,0.05,0.06,0.0,255,17,0.07,0.08,0.0,1.0,1.0,0.0,1,61510.0
45,5,0,0,0,0,277,1.0,1.0,0.07,0.05,0.0,255,19,0.07,0.07,0.0,1.0,1.0,0.0,1,119372.0
45,5,0,0,0,0,76,1.0,1.0,0.32,0.05,0.0,255,24,0.09,0.04,0.0,1.0,1.0,0.0,1,120694.0
45,5,0,0,0,0,267,1.0,1.0,0.06,0.06,0.0,255,5,0.02,0.08,0.0,1.0,1.0,0.0,1,17316.0
41,9,147,0,0,0,5,0.0,0.0,0.2,0.6,0.0,143,1,0.01,0.69,0.0,0.0,0.0,0.0,0,120169.0
22,9,164,1926,0,1,1,0.0,0.0,1.0,0.0,0.0,8,255,1.0,0.0,0.06,0.0,0.0,0.0,0,32493.0
12,5,0,0,0,0,220,1.0,1.0,0.06,0.06,0.0,255,13,0.05,0.07,0.0,1.0,1.0,0.0,1,18794.0
21,5,0,0,0,0,260,1.0,1.0,0.01,0.06,0.0,255,14,0.05,0.06,0.0,1.0,1.0,0.0,1,71161.0
22,9,322,1691,0,1,1,0.0,0.0,1.0,0.0,0.0,255,255,1.0,0.0,0.0,0.0,0.0,0.0,0,94791.0
41,9,146,105,0,0,1,0.0,0.0,1.0,0.0,0.0,255,2,0.01,0.72,0.0,0.0,0.0,0.0,0,87156.0
22,9,264,377,0,1,3,0.0,0.0,1.0,0.0,0.0,35,255,1.0,0.0,0.05,0.0,0.0,0.0,0,124964.0
55,9,1481,7668,0,1,1,0.0,0.0,1.0,0.0,0.0,255,2,0.01,0.06,0.0,0.95,0.0,0.0,0,80822.0
11,9,44,44,0,0,183,0.0,0.0,1.0,0.0,0.0,255,255,1.0,0.0,0.0,0.0,0.0,0.0,0,8989.0
7,5,0,0,0,0,239,1.0,1.0,0.03,0.06,0.0,255,7,0.03,0.07,0.0,1.0,1.0,0.0,1,41824.0
22,9,233,285,0,1,12,0.0,0.0,1.0,0.0,0.0,63,255,1.0,0.0,0.01,0.0,0.0,0.0,0,103629.0
41,9,516,4,0,0,392,0.0,0.0,1.0,0.0,0.0,255,255,1.0,0.0,0.0,0.0,0.0,0.0,0,68494.0
11,9,45,45,0,0,110,0.0,0.0,1.0,0.0,0.0,255,201,0.79,0.01,0.0,0.0,0.0,0.0,0,4703.0
49,5,0,0,0,0,2,0.5,0.5,1.0,0.0,0.0,255,10,0.04,0.53,0.0,0.0,0.1,0.0,1,21336.0
45,9,1,0,0,0,15,0.0,0.0,0.07,0.67,0.0,255,1,0.0,0.46,0.0,0.03,0.0,0.0,1,46892.0
59,9,78,0,0,0,17,0.0,0.0,0.12,0.12,0.0,255,14,0.05,0.01,0.0,0.0,0.0,0.0,0,78093.0
22,9,301,2507,0,1,5,0.0,0.0,1.0,0.0,0.0,255,240,0.94,0.02,0.0,0.0,0.0,0.0,0,92607.0
22,1,0,0,0,0,1,0.0,0.0,1.0,0.0,0.0,140,255,1.0,0.0,0.06,0.0,0.0,0.97,0,56296.0
22,9,225,1075,0,1,3,0.0,0.0,0.67,0.67,0.0,255,249,0.98,0.01,0.0,0.0,0.0,0.0,0,87630.0
22,9,320,1092,0,1,5,0.0,0.0,1.0,0.0,0.0,255,255,1.0,0.0,0.0,0.0,0.0,0.0,0,4323.0
11,9,42,42,0,0,3,0.0,0.0,1.0,0.0,0.5,201,195,0.97,0.01,0.0,0.0,0.0,0.0,0,59405.0
45,5,0,0,0,0,79,1.0,1.0,0.01,0.06,0.0,255,20,0.08,0.07,0.0,1.0,1.0,0.0,1,42741.0
22,9,321,322,0,1,7,0.0,0.0,1.0,0.0,0.0,255,255,1.0,0.0,0.0,0.0,0.0,0.0,0,18481.0
22,9,326,1639,0,1,6,0.0,0.0,1.0,0.0,0.0,76,255,1.0,0.0,0.05,0.0,0.0,0.0,0,19318.0
13,9,8,0,0,0,1,0.0,0.0,1.0,0.0,1.0,4,80,1.0,0.0,0.25,0.0,0.0,0.0,1,66417.0
22,9,198,1204,0,1,2,0.0,0.0,1.0,0.0,0.0,2,255,1.0,0.0,0.05,0.0,0.0,0.0,0,85173.0
49,9,665,332,0,1,1,0.0,0.0,1.0,0.0,0.0,92,143,0.33,0.05,0.01,0.0,0.0,0.0,0,19172.0
19,9,246,0,0,1,2,0.0,0.0,1.0,0.0,0.0,7,32,1.0,0.0,0.16,0.0,0.03,0.0,1,112972.0
24,5,0,0,0,0,510,0.13,1.0,0.0,1.0,0.0,255,1,0.0,1.0,0.0,0.13,1.0,0.0,1,11124.0
54,5,0,0,0,0,216,1.0,1.0,0.04,0.06,0.0,255,11,0.04,0.07,0.0,1.0,1.0,0.0,1,101781.0
45,1,0,0,0,0,1,0.0,0.0,1.0,0.0,0.0,45,2,0.02,1.0,1.0,0.0,0.0,1.0,1,77471.0
22,9,298,37236,0,1,4,0.0,0.0,1.0,0.0,0.0,11,255,1.0,0.0,0.04,0.0,0.0,0.0,0,87063.0
25,5,0,0,0,0,270,1.0,1.0,0.05,0.06,0.0,255,15,0.06,0.06,0.0,1.0,1.0,0.0,1,45026.0
45,5,0,0,0,0,142,1.0,1.0,0.06,0.06,0.0,255,8,0.03,0.07,0.0,1.0,1.0,0.0,1,91641.0
11,9,44,44,0,0,125,0.0,0.0,1.0,0.0,0.0,255,253,0.99,0.01,0.0,0.0,0.0,0.0,0,112418.0
63,5,0,0,0,0,264,1.0,1.0,0.07,0.06,0.0,255,19,0.07,0.08,0.0,1.0,1.0,0.0,1,45414.0
6,5,0,0,0,0,110,1.0,1.0,0.01,0.06,0.0,255,4,0.02,0.07,0.0,1.0,1.0,0.0,1,104937.0
22,9,213,774,0,1,26,0.0,0.0,1.0,0.0,0.1,148,255,1.0,0.0,0.02,0.0,0.0,0.33,0,112291.0
22,9,278,2488,0,1,13,0.0,0.0,1.0,0.0,0.0,27,255,1.0,0.0,0.02,0.0,0.0,0.0,0,108322.0
48,5,0,0,0,0,108,1.0,1.0,0.09,0.06,0.0,255,10,0.04,0.07,0.0,1.0,1.0,0.0,1,66593.0
10,9,48,497,0,1,45,0.0,0.0,0.02,0.04,0.0,255,1,0.0,0.02,0.0,0.0,0.0,0.0,0,29634.0
22,9,322,1721,0,1,8,0.0,0.0,1.0,0.0,0.06,255,255,1.0,0.0,0.0,0.0,0.0,0.0,0,123335.0
22,9,219,1039,0,1,8,0.0,0.0,1.0,0.0,0.18,43,255,1.0,0.0,0.01,0.0,0.0,0.0,0,57612.0
49,9,604,279,0,1,1,0.0,0.0,1.0,0.0,0.0,224,137,0.61,0.03,0.0,0.0,0.01,0.0,0,110021.0
13,9,8,0,0,0,1,0.0,0.0,1.0,0.0,1.0,1,5,1.0,0.0,0.6,0.0,0.0,0.0,1,47579.0
19,9,1199,0,0,1,16,0.0,0.0,1.0,0.0,0.0,255,155,0.61,0.03,0.0,0.0,0.01,0.0,0,68806.0
13,9,8,0,0,0,1,0.0,0.0,1.0,0.0,1.0,2,29,1.0,0.0,0.52,0.0,0.0,0.0,1,95023.0
22,9,227,1098,0,1,14,0.0,0.0,1.0,0.0,0.0,255,255,1.0,0.0,0.0,0.0,0.0,0.0,0,39815.0
22,9,197,2543,0,1,23,0.0,0.0,1.0,0.0,0.0,255,255,1.0,0.0,0.0,0.0,0.0,0.0,0,63433.0
45,4,0,0,0,0,397,0.0,0.0,0.01,0.52,0.0,255,2,0.01,0.52,0.0,0.0,0.0,1.0,1,87739.0
22,9,325,835,0,1,19,0.0,0.0,1.0,0.0,0.18,189,215,1.0,0.0,0.01,0.0,0.0,0.0,0,83059.0
14,9,1032,0,0,0,511,0.0,0.0,1.0,0.0,0.0,255,73,0.29,0.04,0.0,0.13,0.0,0.0,1,60962.0
59,9,78,0,0,0,37,0.0,0.0,0.19,0.05,0.0,255,25,0.1,0.01,0.0,0.0,0.0,0.0,0,20765.0
45,1,0,0,0,0,2,0.0,0.0,0.5,1.0,0.0,255,1,0.0,0.5,0.0,0.09,0.0,1.0,1,92072.0
32,5,0,0,0,0,206,1.0,1.0,0.04,0.06,0.0,255,9,0.04,0.07,0.0,1.0,1.0,0.0,1,57858.0
38,5,0,0,0,0,124,1.0,1.0,0.07,0.07,0.0,255,9,0.04,0.06,0.0,1.0,1.0,0.0,1,93618.0
11,9,42,124,0,0,314,0.0,0.0,1.0,0.0,0.0,255,254,1.0,0.01,0.0,0.0,0.0,0.0,0,122792.0
22,9,211,4624,0,1,40,0.0,0.0,1.0,0.0,0.0,255,255,1.0,0.0,0.0,0.0,0.0,0.0,0,106240.0
19,9,832,0,0,1,1,0.0,0.0,1.0,0.0,0.0,16,43,1.0,0.0,0.07,0.0,0.0,0.0,1,93091.0
22,9,330,1541,0,1,1,0.0,0.0,1.0,0.0,0.4,157,255,1.0,0.0,0.04,0.0,0.0,0.0,0,47609.0
10,9,48,496,0,1,82,0.0,0.0,0.01,0.04,0.0,255,1,0.0,0.02,0.0,0.0,0.0,0.0,0,54984.0
22,9,328,1125,0,1,5,0.0,0.0,1.0,0.0,0.0,140,255,1.0,0.0,0.02,0.0,0.0,0.0,0,50295.0
22,9,236,6037,0,1,10,0.0,0.0,1.0,0.0,0.0,83,255,1.0,0.0,0.02,0.0,0.0,0.0,0,122931.0
45,5,0,0,0,0,133,1.0,1.0,0.08,0.08,0.0,255,14,0.05,0.07,0.0,1.0,1.0,0.0,1,8075.0
25,5,0,0,0,0,262,1.0,1.0,0.05,0.05,0.0,255,14,0.05,0.05,0.0,1.0,1.0,0.0,1,102698.0
45,5,0,0,0,0,87,1.0,1.0,0.18,0.06,0.0,255,8,0.03,0.06,0.0,1.0,1.0,0.0,1,91500.0
19,9,2890,0,0,0,9,0.0,0.0,1.0,0.0,0.0,29,45,0.52,0.14,0.04,0.0,0.0,0.0,0,36880.0
11,9,43,80,0,0,112,0.0,0.0,1.0,0.0,0.0,255,254,1.0,0.01,0.0,0.0,0.0,0.0,0,125805.0
14,9,520,0,0,0,82,0.0,0.0,1.0,0.0,0.0,255,255,1.0,0.0,0.0,0.0,0.0,0.0,1,73942.0
22,9,308,3222,0,1,5,0.0,0.0,1.0,0.0,0.43,255,248,0.97,0.01,0.0,0.0,0.0,0.0,0,22138.0
22,9,235,128,0,1,25,0.0,0.0,1.0,0.0,0.08,116,255,1.0,0.0,0.02,0.0,0.0,0.0,0,22640.0
14,9,520,0,0,0,482,0.0,0.0,1.0,0.0,0.0,90,90,1.0,0.0,0.0,0.0,0.0,0.0,1,2622.0
45,5,0,0,0,0,239,1.0,1.0,0.01,0.06,0.0,255,18,0.07,0.08,0.0,1.0,1.0,0.0,1,65886.0
22,9,282,23239,0,1,3,0.0,0.0,1.0,0.0,0.0,48,255,1.0,0.0,0.02,0.0,0.0,0.0,0,74383.0
22,9,201,2968,0,1,1,0.0,0.0,1.0,0.0,0.0,1,255,1.0,0.0,0.08,0.0,0.0,0.0,0,105138.0
22,9,216,2332,0,1,22,0.0,0.0,1.0,0.0,0.09,165,255,1.0,0.0,0.01,0.0,0.0,0.0,0,114497.0
45,9,28,0,3,0,2,0.0,0.0,1.0,0.0,0.0,255,2,0.01,0.01,0.0,0.0,0.0,0.0,1,107811.0
23,5,0,0,0,0,14,1.0,1.0,0.43,0.21,0.0,255,6,0.02,0.08,0.0,1.0,1.0,0.0,1,35016.0
55,5,0,0,0,0,14,0.93,1.0,0.29,0.36,0.0,255,47,0.18,0.04,0.0,1.0,1.0,0.0,1,92762.0
49,9,1005,336,0,1,1,0.0,0.0,1.0,0.0,0.0,225,138,0.61,0.02,0.0,0.0,0.0,0.0,0,15414.0
22,9,234,2275,0,1,9,0.0,0.0,1.0,0.0,0.0,9,255,1.0,0.0,0.01,0.0,0.0,0.0,0,20932.0
45,5,0,0,0,0,148,1.0,1.0,0.1,0.05,0.0,255,7,0.03,0.06,0.0,1.0,1.0,0.0,1,57102.0
35,1,0,0,0,0,139,0.0,0.0,0.07,0.06,0.0,255,2,0.01,0.07,0.0,0.0,0.0,1.0,1,48640.0
45,1,0,0,0,0,136,0.0,0.0,0.15,0.06,0.0,255,20,0.08,0.06,0.0,0.0,0.0,1.0,1,67246.0
49,9,3178,404,0,1,1,0.0,0.0,1.0,0.0,0.0,255,57,0.22,0.06,0.0,0.52,0.0,0.0,0,81828.0
45,5,0,0,0,0,252,1.0,1.0,0.03,0.06,0.0,255,14,0.05,0.08,0.0,1.0,1.0,0.0,1,7314.0
41,1,0,0,0,0,510,0.1,0.0,0.0,1.0,0.0,255,1,0.0,1.0,0.0,0.05,0.0,1.0,1,29084.0
21,5,0,0,0,0,143,1.0,1.0,0.1,0.06,0.0,255,9,0.04,0.07,0.0,1.0,1.0,0.0,1,92992.0
41,1,0,0,0,0,511,0.12,0.0,0.0,1.0,0.0,255,1,0.0,1.0,0.0,0.12,0.0,1.0,1,116533.0
49,7,1070,327,0,1,1,1.0,1.0,1.0,0.0,0.0,67,98,0.36,0.04,0.02,0.01,0.02,0.0,0,79133.0
49,9,725,332,0,1,1,0.0,0.0,1.0,0.0,1.0,143,129,0.78,0.03,0.02,0.0,0.0,0.0,0,53129.0
45,1,0,0,0,0,234,0.0,0.0,0.07,0.07,0.0,255,17,0.07,0.08,0.0,0.0,0.0,1.0,1,76203.0
19,9,9,0,0,1,2,0.0,0.0,1.0,0.0,0.0,19,54,0.32,0.11,0.06,0.0,0.0,0.0,0,98696.0
45,5,0,0,0,0,202,1.0,1.0,0.01,0.05,0.0,6,3,0.5,0.5,0.0,0.67,1.0,0.0,1,76601.0
53,5,0,0,0,0,110,1.0,1.0,0.01,0.06,0.0,255,1,0.0,0.07,0.0,1.0,1.0,0.0,1,25120.0
22,9,192,44107,0,1,12,0.0,0.0,1.0,0.0,0.0,12,36,1.0,0.0,0.06,0.0,0.0,0.0,0,82055.0
22,9,198,659,0,1,20,0.0,0.0,1.0,0.0,0.0,255,255,1.0,0.0,0.0,0.0,0.0,0.0,0,89775.0
22,9,155,19085,0,1,1,0.0,0.0,1.0,0.0,0.0,255,255,1.0,0.0,0.0,0.0,0.0,0.0,0,46564.0
22,9,263,1228,0,1,35,0.0,0.0,1.0,0.0,0.0,38,255,1.0,0.0,0.02,0.0,0.0,0.0,0,32291.0
26,5,0,0,0,0,246,1.0,1.0,0.07,0.07,0.0,255,18,0.07,0.09,0.0,1.0,1.0,0.0,1,120296.0
45,9,1,0,0,0,21,0.0,0.0,0.1,0.14,0.0,255,5,0.02,0.92,0.0,0.16,0.0,0.0,1,115606.0
45,1,0,0,0,0,107,0.0,0.0,0.09,0.07,0.0,255,10,0.04,0.08,0.0,0.0,0.0,1.0,1,112247.0
57,2,0,0,0,0,133,0.0,0.0,0.02,0.08,0.0,255,3,0.01,0.07,0.0,0.0,0.0,1.0,1,111092.0
33,5,0,0,0,0,290,1.0,1.0,0.04,0.06,0.0,255,5,0.02,0.07,0.0,1.0,1.0,0.0,1,24332.0
19,9,334,0,0,1,2,0.0,0.0,1.0,0.0,0.0,4,38,1.0,0.0,0.13,0.0,0.0,0.0,1,51990.0
41,1,0,0,0,0,509,0.09,0.0,0.0,1.0,0.0,255,1,0.0,1.0,0.0,0.11,0.0,1.0,1,12357.0
41,1,0,0,0,0,338,0.06,0.0,0.0,1.0,0.0,255,1,0.0,1.0,0.0,0.08,0.0,1.0,1,26018.0
14,9,64,0,0,0,2,0.0,0.0,1.0,0.0,0.0,255,2,0.01,0.02,0.0,0.0,0.0,0.0,0,45912.0
45,5,0,0,0,0,291,1.0,1.0,0.02,0.05,0.0,255,9,0.04,0.07,0.0,1.0,1.0,0.0,1,40274.0
41,9,147,0,0,0,1,0.0,0.0,1.0,0.0,0.0,255,1,0.0,0.6,0.0,0.0,0.0,0.0,0,35301.0
45,1,0,0,0,0,134,0.0,0.0,0.03,0.07,0.0,59,4,0.07,0.1,0.0,0.0,0.0,1.0,1,61441.0
7,5,0,0,0,0,240,1.0,1.0,0.04,0.06,0.0,255,8,0.03,0.07,0.0,1.0,1.0,0.0,1,79948.0
45,9,105,0,0,0,1,0.0,0.0,1.0,0.0,0.0,40,4,0.1,0.05,0.0,0.0,0.0,0.0,0,12430.0
55,9,162,13628,0,1,1,0.0,0.0,1.0,0.0,0.0,1,4,1.0,0.0,0.5,0.0,0.0,0.0,0,54185.0
22,9,225,2043,0,1,15,0.0,0.0,1.0,0.0,0.0,255,255,1.0,0.0,0.0,0.0,0.0,0.0,0,37881.0
49,9,1860,335,0,1,1,0.0,0.0,1.0,0.0,1.0,46,165,0.67,0.07,0.01,0.0,0.0,0.0,0,31961.0
22,9,299,744,0,1,13,0.0,0.0,1.0,0.0,0.0,49,255,1.0,0.0,0.05,0.0,0.0,0.0,0,107807.0
13,9,8,0,0,0,1,0.0,0.0,1.0,0.0,1.0,1,255,1.0,0.0,0.5,0.0,0.0,0.0,1,29534.0
11,9,42,42,0,0,7,0.0,0.0,1.0,0.0,0.23,53,226,0.87,0.04,0.01,0.09,0.0,0.0,0,54142.0
11,9,45,129,0,0,71,0.0,0.0,1.0,0.0,0.01,129,200,0.88,0.02,0.01,0.0,0.0,0.0,0,87638.0
22,9,241,1162,0,1,8,0.0,0.0,1.0,0.0,0.22,109,255,1.0,0.0,0.02,0.0,0.0,0.01,0,25395.0
11,9,105,45,0,0,2,0.0,0.0,1.0,0.0,0.0,34,22,0.65,0.09,0.0,0.0,0.0,0.0,0,48027.0
49,9,1103,287,0,1,1,0.0,0.0,1.0,0.0,0.0,144,123,0.5,0.04,0.02,0.0,0.0,0.0,0,87449.0
35,5,0,0,0,0,99,1.0,1.0,0.19,0.05,0.0,255,7,0.03,0.07,0.0,1.0,1.0,0.0,1,27037.0
45,1,0,0,0,0,374,0.06,0.0,0.0,1.0,0.0,255,1,0.0,1.0,0.0,0.09,0.0,1.0,1,57799.0
22,9,212,261,0,1,8,0.0,0.0,1.0,0.0,0.0,111,255,1.0,0.0,0.03,0.0,0.0,0.0,0,98271.0
29,1,0,0,0,0,138,0.0,0.0,0.06,0.06,0.0,255,4,0.02,0.08,0.0,0.0,0.0,1.0,1,33637.0
19,9,1339,0,0,1,2,0.0,0.0,1.0,0.0,0.0,194,78,0.4,0.37,0.0,0.0,0.0,0.01,0,45770.0
22,9,297,2531,0,1,7,0.0,0.0,1.0,0.0,0.0,255,255,1.0,0.0,0.0,0.0,0.0,0.0,0,61731.0
59,9,182,0,0,0,3,0.0,0.0,1.0,0.0,0.0,255,6,0.02,0.01,0.0,0.0,0.0,0.0,0,105356.0
3,5,0,0,0,0,288,1.0,1.0,0.06,0.06,0.0,255,16,0.06,0.07,0.0,1.0,1.0,0.0,1,36273.0
45,5,0,0,0,0,255,1.0,1.0,0.01,0.07,0.0,255,6,0.02,0.09,0.0,1.0,1.0,0.0,1,34908.0
16,5,0,0,0,0,101,1.0,1.0,0.01,0.07,0.0,255,1,0.0,0.07,0.0,1.0,1.0,0.0,1,67231.0
45,5,0,0,0,0,128,1.0,1.0,0.07,0.06,0.0,255,6,0.02,0.07,0.0,1.0,1.0,0.0,1,118894.0
45,5,0,0,0,0,118,1.0,1.0,0.03,0.07,0.0,255,4,0.02,0.08,0.0,1.0,1.0,0.0,1,59088.0
22,9,273,5320,0,1,16,0.0,0.0,1.0,0.0,0.0,255,255,1.0,0.0,0.0,0.0,0.0,0.0,0,22636.0
19,5,0,0,0,0,7,1.0,1.0,1.0,0.0,0.0,255,55,0.22,0.02,0.0,1.0,1.0,0.0,1,4167.0
22,9,237,256,0,1,1,0.0,0.0,1.0,0.0,0.12,1,255,1.0,0.0,0.04,0.0,0.0,0.01,0,57496.0
18,9,6,54,0,0,79,0.0,0.0,0.01,1.0,0.0,204,3,0.01,0.43,0.0,0.0,0.0,0.0,1,64733.0
22,5,0,0,0,0,43,1.0,1.0,0.35,0.09,0.0,255,62,0.24,0.02,0.0,1.0,1.0,0.0,1,105775.0
19,9,2890,0,0,1,7,0.0,0.0,1.0,0.0,0.0,175,87,0.5,0.03,0.0,0.0,0.0,0.0,0,30332.0
45,5,0,0,0,0,150,1.0,1.0,0.02,0.07,0.0,255,17,0.07,0.06,0.0,1.0,1.0,0.0,1,100072.0
59,9,78,0,0,0,38,0.0,0.0,0.18,0.05,0.25,255,31,0.12,0.01,0.0,0.0,0.0,0.0,0,36166.0
13,9,30,0,0,0,1,0.0,0.0,1.0,0.0,0.0,249,249,1.0,0.0,0.0,0.0,0.0,0.0,0,125935.0
22,9,209,1126,0,1,34,0.0,0.0,1.0,0.0,0.11,255,255,1.0,0.0,0.0,0.0,0.0,0.0,0,74779.0
22,9,219,726,0,1,12,0.0,0.0,1.0,0.0,0.17,255,255,1.0,0.0,0.0,0.0,0.0,0.0,0,118509.0
22,1,0,0,0,0,1,0.0,0.0,1.0,0.0,0.0,4,84,1.0,0.0,0.24,0.0,0.0,1.0,0,71819.0
11,9,46,46,0,0,3,0.0,0.0,0.33,0.67,0.4,99,96,0.97,0.02,0.0,0.0,0.0,0.0,0,43000.0
45,1,0,0,0,0,227,0.0,0.0,0.03,0.07,0.0,255,6,0.02,0.07,0.0,0.0,0.0,1.0,1,15899.0
51,5,0,0,0,0,218,1.0,1.0,0.08,0.06,0.0,255,17,0.07,0.07,0.0,1.0,1.0,0.0,1,61824.0
15,5,0,0,0,0,118,1.0,1.0,0.17,0.04,0.0,255,20,0.08,0.04,0.0,1.0,1.0,0.0,1,51673.0
61,5,0,0,0,0,222,1.0,1.0,0.08,0.06,0.0,255,18,0.07,0.07,0.0,1.0,1.0,0.0,1,2695.0
22,9,245,779,0,1,8,0.0,0.0,1.0,0.0,0.2,69,255,1.0,0.0,0.03,0.0,0.0,0.0,0,33179.0
19,9,192,0,0,0,2,0.0,0.0,1.0,0.0,0.0,36,4,0.11,0.08,0.0,0.0,0.0,0.0,0,33999.0
55,9,489,3368,0,1,1,0.0,0.0,1.0,0.0,0.0,28,7,0.25,0.14,0.0,0.0,0.0,0.0,0,41891.0
22,9,271,350,0,1,14,0.0,0.0,1.0,0.0,0.0,255,255,1.0,0.0,0.0,0.0,0.0,0.02,0,36713.0
22,9,248,330,0,1,17,0.0,0.0,1.0,0.0,0.0,255,255,1.0,0.0,0.0,0.0,0.0,0.0,0,56456.0
11,9,37,102,0,0,2,0.0,0.0,0.5,1.0,0.0,13,229,0.46,0.23,0.01,0.0,0.0,0.0,0,72648.0
22,9,248,942,0,1,10,0.0,0.0,1.0,0.0,0.0,255,255,1.0,0.0,0.0,0.0,0.0,0.0,0,70188.0
23,5,0,0,0,0,112,1.0,1.0,0.12,0.05,0.0,255,20,0.08,0.06,0.0,1.0,1.0,0.0,1,3248.0
22,9,297,6007,0,1,4,0.0,0.0,1.0,0.0,0.0,146,255,1.0,0.0,0.02,0.0,0.0,0.0,0,99614.0
49,9,11575,1360,0,1,1,0.0,0.0,1.0,0.0,1.0,81,205,0.79,0.05,0.01,0.0,0.0,0.0,0,123692.0
13,9,8,0,0,0,1,0.0,0.0,1.0,0.0,1.0,3,219,1.0,0.0,0.25,0.0,0.0,0.0,1,117944.0
45,5,0,0,0,0,220,1.0,1.0,0.08,0.05,0.0,255,4,0.02,0.08,0.0,1.0,1.0,0.0,1,63099.0
22,9,279,11355,0,1,11,0.0,0.0,1.0,0.0,0.0,255,255,1.0,0.0,0.0,0.0,0.0,0.0,0,75164.0
13,9,20,0,0,0,1,0.0,0.0,1.0,0.0,0.0,255,1,0.0,0.02,0.0,0.0,0.0,0.0,1,91098.0
45,5,0,0,0,0,124,1.0,1.0,0.1,0.06,0.0,175,3,0.02,0.1,0.0,1.0,1.0,0.0,1,102577.0
19,9,5198,0,0,1,1,0.0,0.0,1.0,0.0,0.0,5,29,1.0,0.0,0.07,0.0,0.0,0.0,0,100059.0
45,5,0,0,0,0,197,1.0,1.0,0.02,0.07,0.0,255,8,0.03,0.07,0.0,1.0,1.0,0.0,1,56092.0
19,5,0,0,0,0,76,1.0,1.0,0.25,0.05,0.0,255,59,0.23,0.03,0.0,1.0,1.0,0.0,1,50099.0
22,9,358,2764,0,1,25,0.0,0.0,1.0,0.0,0.0,255,255,1.0,0.0,0.0,0.0,0.0,0.0,0,7185.0
22,9,219,1684,0,1,9,0.0,0.0,1.0,0.0,0.2,255,255,1.0,0.0,0.0,0.0,0.0,0.0,0,97209.0
22,9,307,1242,0,1,8,0.0,0.0,1.0,0.0,0.0,48,255,1.0,0.0,0.06,0.0,0.0,0.0,0,45308.0
49,9,1206,328,0,1,1,0.0,0.0,1.0,0.0,0.0,35,11,0.14,0.09,0.18,0.0,0.09,0.0,0,120983.0
22,9,336,600,0,1,2,0.0,0.0,1.0,0.0,0.0,103,255,1.0,0.0,0.02,0.0,0.0,0.0,0,119271.0
54,1,0,0,0,0,264,0.0,0.0,0.02,0.06,0.0,255,4,0.02,0.07,0.0,0.0,0.0,1.0,1,47034.0
10,5,0,0,0,0,221,1.0,1.0,0.01,0.06,0.0,255,3,0.01,0.06,0.0,1.0,1.0,0.0,1,23519.0
49,9,1248,324,0,1,1,0.0,0.0,1.0,0.0,0.0,120,245,0.97,0.02,0.01,0.0,0.0,0.0,0,100150.0
49,9,3559,515,0,1,1,0.0,0.0,1.0,0.0,1.0,128,244,0.95,0.02,0.01,0.0,0.0,0.0,0,25098.0
22,9,192,1903,0,1,2,0.0,0.0,1.0,0.0,0.0,255,255,1.0,0.0,0.0,0.0,0.0,0.0,0,38096.0
22,9,161,257,0,1,1,0.0,0.0,1.0,0.0,1.0,4,255,1.0,0.0,0.08,0.0,0.01,0.0,0,11956.0
45,1,0,0,0,0,265,0.0,0.0,0.02,0.06,0.0,255,4,0.02,0.09,0.0,0.0,0.0,1.0,1,61865.0
11,9,46,76,0,0,173,0.0,0.0,1.0,0.0,0.01,255,229,0.9,0.01,0.0,0.0,0.0,0.0,0,60654.0
49,9,785,328,0,1,1,0.0,0.0,1.0,0.0,0.0,176,143,0.81,0.03,0.0,0.0,0.0,0.0,0,77629.0
41,4,1,0,0,0,2,0.0,0.0,1.0,0.0,0.0,255,2,0.01,0.73,0.0,0.0,0.0,1.0,1,37883.0
49,9,1312,328,0,1,1,0.0,0.0,1.0,0.0,0.0,123,127,0.7,0.03,0.02,0.0,0.0,0.0,0,71523.0
22,1,0,0,0,0,1,0.0,0.0,1.0,0.0,0.0,1,214,1.0,0.0,0.04,0.0,0.0,0.44,0,63479.0
22,9,286,332,0,1,17,0.0,0.0,1.0,0.0,0.1,178,255,1.0,0.0,0.01,0.0,0.0,0.0,0,17985.0
22,9,339,286,0,1,2,0.0,0.0,1.0,0.0,0.67,255,237,0.93,0.02,0.0,0.0,0.0,0.0,0,80261.0
61,5,0,0,0,0,283,1.0,1.0,0.07,0.05,0.0,255,21,0.08,0.05,0.0,1.0,1.0,0.0,1,110000.0
22,9,207,2241,0,1,1,0.0,0.0,1.0,0.0,0.27,172,255,1.0,0.0,0.02,0.0,0.0,0.0,0,118223.0
61,1,0,0,0,0,285,0.0,0.0,0.06,0.06,0.0,255,18,0.07,0.07,0.0,0.0,0.0,1.0,1,116587.0
45,5,0,0,0,0,141,1.0,1.0,0.15,0.05,0.0,255,21,0.08,0.05,0.0,1.0,1.0,0.0,1,85576.0
49,9,1697,330,0,1,1,0.0,0.0,1.0,0.0,1.0,255,170,0.67,0.02,0.0,0.0,0.0,0.0,0,66784.0
11,9,45,134,0,0,64,0.0,0.0,1.0,0.0,0.01,255,215,0.84,0.01,0.0,0.0,0.0,0.0,0,17928.0
41,9,8325,0,0,1,18,0.06,0.0,0.06,0.22,0.0,200,1,0.0,0.09,0.0,0.02,0.0,0.0,0,91320.0
22,9,236,1461,0,1,8,0.0,0.0,1.0,0.0,0.0,255,255,1.0,0.0,0.0,0.0,0.0,0.0,0,55888.0
59,9,78,0,0,0,18,0.0,0.0,0.22,0.11,0.0,255,13,0.05,0.01,0.0,0.0,0.0,0.0,0,64325.0
59,9,78,0,0,0,13,0.0,0.0,0.08,0.15,0.0,255,26,0.1,0.01,0.0,0.0,0.0,0.0,0,92421.0
45,5,0,0,0,0,192,1.0,1.0,0.02,0.06,0.0,255,14,0.05,0.07,0.0,1.0,1.0,0.0,1,100298.0
18,9,286,903,0,1,1,0.0,0.0,1.0,0.0,0.0,255,42,0.16,0.02,0.0,0.0,0.0,0.0,0,90640.0
19,9,2194619,0,0,0,1,0.0,0.0,1.0,0.0,0.0,115,104,0.36,0.05,0.02,0.0,0.0,0.0,0,109890.0
22,9,275,313,0,1,9,0.0,0.0,1.0,0.0,0.15,255,255,1.0,0.0,0.0,0.0,0.0,0.0,0,9535.0
16,5,0,0,0,0,150,1.0,1.0,0.17,0.05,0.0,255,25,0.1,0.04,0.0,1.0,1.0,0.0,1,38592.0
19,9,35195,0,0,0,22,0.0,0.0,1.0,0.0,0.0,92,51,0.55,0.03,0.0,0.0,0.0,0.0,0,114677.0
22,9,204,1229,0,1,4,0.0,0.0,1.0,0.0,0.0,54,255,1.0,0.0,0.04,0.0,0.0,0.0,0,307.0
14,9,1032,0,0,0,17,0.0,0.0,1.0,0.0,0.0,255,255,1.0,0.0,0.0,0.0,0.0,0.0,1,31168.0
18,9,1248,2451,0,1,1,0.0,0.0,1.0,0.0,0.0,255,114,0.45,0.02,0.0,0.0,0.0,0.0,1,8134.0
45,5,0,0,0,0,255,1.0,1.0,0.03,0.05,0.0,196,7,0.04,0.07,0.0,0.93,1.0,0.0,1,32827.0
22,1,0,0,0,0,1,0.0,0.0,1.0,0.0,0.0,72,206,1.0,0.0,0.01,0.0,0.0,1.0,0,118907.0
22,9,295,1768,0,1,19,0.0,0.0,1.0,0.0,0.14,255,255,1.0,0.0,0.0,0.0,0.0,0.0,0,23491.0
22,9,276,1587,0,1,4,0.0,0.0,1.0,0.0,0.0,255,255,1.0,0.0,0.0,0.0,0.0,0.0,0,29583.0
45,5,0,0,0,0,206,1.0,1.0,0.08,0.06,0.0,255,10,0.04,0.08,0.0,1.0,1.0,0.0,1,13134.0
22,9,190,1925,0,1,1,0.0,0.0,1.0,0.0,0.29,255,255,1.0,0.0,0.0,0.0,0.0,0.0,0,17262.0
49,5,0,0,0,0,105,1.0,1.0,0.24,0.06,0.0,255,6,0.02,0.06,0.0,1.0,1.0,0.0,1,76899.0
49,9,635,330,0,1,1,0.0,0.0,1.0,0.0,0.0,89,166,0.67,0.06,0.01,0.0,0.01,0.0,0,32502.0
22,9,353,453,0,1,11,0.0,0.0,1.0,0.0,0.0,33,255,1.0,0.0,0.05,0.0,0.0,0.0,0,105183.0
22,9,240,493,0,1,9,0.0,0.0,1.0,0.0,0.18,29,255,1.0,0.0,0.06,0.0,0.0,0.0,0,8030.0
13,9,8,0,0,0,1,0.0,0.0,1.0,0.0,1.0,2,12,1.0,0.0,0.5,0.0,0.0,0.0,1,23579.0
45,5,0,0,0,0,231,1.0,1.0,0.11,0.06,0.0,255,25,0.1,0.07,0.0,1.0,1.0,0.0,1,30566.0
17,5,0,0,0,0,16,1.0,1.0,0.31,0.25,0.0,255,45,0.18,0.04,0.0,1.0,1.0,0.0,1,86575.0
45,5,0,0,0,0,165,1.0,1.0,0.08,0.06,0.0,255,13,0.05,0.07,0.0,1.0,1.0,0.0,1,56269.0
45,5,0,0,0,0,21,1.0,1.0,0.14,0.14,0.0,255,16,0.06,0.07,0.0,1.0,1.0,0.0,1,103370.0
45,1,0,0,0,0,434,0.05,0.0,0.0,1.0,0.0,255,1,0.0,1.0,0.0,0.08,0.0,1.0,1,54125.0
22,9,219,2281,0,1,19,0.0,0.0,1.0,0.0,0.0,46,255,1.0,0.0,0.05,0.0,0.0,0.0,0,63186.0
22,9,54540,8314,0,1,4,0.0,0.0,1.0,0.0,0.4,235,235,1.0,0.0,0.0,0.0,0.0,0.02,1,122030.0
22,5,0,0,0,1,52,0.81,1.0,0.02,0.4,0.0,255,204,0.8,0.08,0.0,0.16,0.0,0.0,1,29078.0
45,5,0,0,0,0,118,1.0,1.0,0.15,0.05,0.0,145,8,0.06,0.11,0.0,1.0,1.0,0.0,1,78009.0
22,9,395,760,0,1,8,0.0,0.0,1.0,0.0,0.0,228,255,1.0,0.0,0.01,0.0,0.0,0.0,0,19999.0
19,5,0,0,0,0,58,1.0,1.0,0.19,0.07,0.0,255,51,0.2,0.02,0.0,1.0,1.0,0.0,1,65149.0
30,1,0,0,0,0,284,0.0,0.0,0.05,0.06,0.0,255,14,0.05,0.07,0.0,0.0,0.0,1.0,1,125730.0
22,9,241,397,0,1,5,0.0,0.0,1.0,0.0,0.0,255,255,1.0,0.0,0.0,0.0,0.0,0.0,0,116411.0
45,5,0,0,0,0,102,1.0,1.0,0.01,0.07,0.0,255,20,0.08,0.07,0.0,1.0,1.0,0.0,1,83726.0
45,5,0,0,0,0,122,1.0,1.0,0.13,0.06,0.0,255,31,0.12,0.05,0.0,1.0,1.0,0.0,1,65675.0
22,9,292,246,0,1,12,0.0,0.0,1.0,0.0,0.0,142,255,1.0,0.0,0.04,0.0,0.0,0.0,0,93741.0
13,9,30,0,0,0,4,0.0,0.0,0.25,0.5,0.0,255,29,0.11,0.01,0.0,0.0,0.0,0.0,0,719.0
45,5,0,0,0,0,246,1.0,1.0,0.02,0.06,0.0,255,16,0.06,0.07,0.0,1.0,1.0,0.0,1,37674.0
55,9,117,8172,0,1,1,0.0,0.0,1.0,0.0,0.0,255,1,0.0,0.03,0.0,0.0,0.0,0.0,0,21165.0
55,9,104,1313,0,0,1,0.0,0.0,1.0,0.0,0.0,172,5,0.03,0.04,0.0,0.0,0.0,0.0,0,44173.0
20,5,0,0,0,0,232,1.0,1.0,0.03,0.07,0.0,255,8,0.03,0.07,0.0,1.0,1.0,0.0,1,63242.0
41,9,147,0,0,0,2,0.0,0.0,0.5,1.0,0.0,255,1,0.0,0.84,0.0,0.0,0.0,0.0,0,7382.0
22,9,54540,8314,0,1,2,0.0,0.0,1.0,0.0,0.0,255,255,1.0,0.0,0.0,0.0,0.0,0.04,1,86524.0
22,9,242,7886,0,1,12,0.0,0.0,1.0,0.0,0.0,110,255,1.0,0.0,0.01,0.0,0.0,0.0,0,41079.0
22,9,295,1215,0,1,14,0.0,0.0,1.0,0.0,0.12,162,255,1.0,0.0,0.01,0.0,0.0,0.0,0,105385.0
22,9,220,26098,0,1,1,0.0,0.0,1.0,0.0,0.0,220,255,1.0,0.0,0.02,0.0,0.0,0.0,0,15484.0
7,5,0,0,0,0,266,1.0,1.0,0.06,0.06,0.0,255,6,0.02,0.08,0.0,1.0,1.0,0.0,1,48105.0
18,2,0,0,0,0,230,0.0,0.0,0.0,0.07,0.0,255,1,0.0,0.07,0.0,0.0,0.0,1.0,1,38980.0
45,5,0,0,0,0,168,1.0,1.0,0.1,0.06,0.0,255,4,0.02,0.07,0.0,1.0,1.0,0.0,1,53428.0
38,5,0,0,0,0,272,1.0,1.0,0.01,0.05,0.0,255,3,0.01,0.05,0.0,1.0,1.0,0.0,1,51405.0
7,5,0,0,0,0,234,1.0,1.0,0.03,0.06,0.0,255,7,0.03,0.06,0.0,1.0,1.0,0.0,1,115908.0
22,9,325,277,0,1,2,0.0,0.0,1.0,0.0,0.0,255,248,0.97,0.01,0.0,0.0,0.0,0.01,0,6793.0
52,2,0,0,0,0,170,0.0,0.0,0.01,0.08,0.0,255,2,0.01,0.08,0.0,0.0,0.0,1.0,1,39408.0
22,9,166,928,0,1,1,0.0,0.0,1.0,0.0,0.4,23,255,1.0,0.0,0.02,0.0,0.0,0.0,0,116786.0
22,9,269,11460,0,1,6,0.0,0.0,1.0,0.0,0.0,54,112,1.0,0.0,0.04,0.0,0.0,0.0,0,82729.0
22,9,315,2006,0,1,5,0.0,0.0,1.0,0.0,0.15,181,255,1.0,0.0,0.03,0.0,0.0,0.0,0,73956.0
49,9,1194,330,0,1,1,0.0,0.0,1.0,0.0,0.0,115,180,0.75,0.04,0.01,0.0,0.0,0.0,0,82476.0
22,9,213,1344,0,1,1,0.0,0.0,1.0,0.0,0.0,1,255,1.0,0.0,0.03,0.0,0.0,0.0,0,118944.0
19,9,383,0,0,1,2,0.0,0.0,1.0,0.0,0.0,3,32,1.0,0.0,0.09,0.0,0.0,0.0,0,54934.0
22,9,236,267,0,1,11,0.0,0.0,1.0,0.0,0.27,255,255,1.0,0.0,0.0,0.0,0.0,0.0,0,4654.0
22,9,254,268,0,1,11,0.0,0.0,1.0,0.0,0.0,255,248,0.97,0.01,0.0,0.0,0.0,0.0,0,89815.0
22,9,301,1620,0,1,5,0.0,0.0,1.0,0.0,0.0,100,255,1.0,0.0,0.04,0.0,0.0,0.0,0,47801.0
22,9,305,1120,0,1,7,0.0,0.0,1.0,0.0,0.0,7,255,1.0,0.0,0.04,0.0,0.0,0.0,0,38343.0
11,9,35,91,0,0,1,0.0,0.0,1.0,0.0,0.8,71,51,0.72,0.04,0.0,0.0,0.0,0.0,0,74680.0
22,9,192,1533,0,1,6,0.0,0.0,1.0,0.0,0.25,36,255,1.0,0.0,0.02,0.0,0.0,0.0,0,61659.0
41,9,879,0,0,1,4,0.0,0.0,0.25,1.0,0.0,58,1,0.02,0.24,0.0,0.0,0.0,0.0,0,94691.0
45,5,0,0,0,0,156,1.0,1.0,0.06,0.06,0.0,255,9,0.04,0.09,0.0,1.0,1.0,0.0,1,73352.0
11,9,44,74,0,0,144,0.0,0.0,1.0,0.0,0.0,255,166,0.65,0.01,0.0,0.0,0.0,0.0,0,111816.0
45,1,0,0,0,0,307,0.1,0.0,0.0,1.0,0.0,255,1,0.0,1.0,0.0,0.09,0.0,1.0,1,29578.0
49,2,0,0,0,0,252,0.0,0.0,0.0,0.07,0.0,255,1,0.0,0.07,0.0,0.0,0.0,1.0,1,125845.0
55,6,0,0,0,0,1,1.0,1.0,1.0,0.0,0.0,39,1,0.03,0.1,0.0,0.03,1.0,0.0,0,45410.0
22,9,226,1645,0,1,19,0.0,0.0,1.0,0.0,0.0,255,255,1.0,0.0,0.0,0.0,0.0,0.0,0,116306.0
18,9,1023,2197,0,1,1,0.0,0.0,1.0,0.0,0.0,255,10,0.04,0.02,0.0,0.18,0.0,0.0,1,102282.0
22,9,239,1429,0,1,32,0.0,0.0,1.0,0.0,0.0,255,255,1.0,0.0,0.0,0.0,0.0,0.33,0,42056.0
45,5,0,0,0,0,227,1.0,1.0,0.01,0.07,0.0,255,3,0.01,0.06,0.0,1.0,1.0,0.0,1,4483.0
49,9,1501,399,0,1,1,0.0,0.0,1.0,0.0,1.0,241,210,0.81,0.01,0.01,0.0,0.0,0.0,0,41087.0
18,9,1268,2451,0,1,1,0.0,0.0,1.0,0.0,0.0,254,82,0.32,0.02,0.0,0.0,0.0,0.0,1,4655.0
22,9,218,974,0,1,6,0.0,0.0,1.0,0.0,0.0,6,255,1.0,0.0,0.02,0.0,0.01,0.0,0,118.0
45,5,0,0,0,0,58,1.0,1.0,0.26,0.1,0.0,255,18,0.07,0.07,0.0,1.0,1.0,0.0,1,108811.0
18,9,1512,4152,0,1,1,0.0,0.0,1.0,0.0,1.0,125,27,0.22,0.04,0.0,0.0,0.0,0.0,0,125351.0
49,9,797,392,0,1,1,0.0,0.0,1.0,0.0,1.0,255,12,0.05,0.06,0.0,0.0,0.0,0.0,0,72736.0
22,9,54540,8314,0,1,5,0.0,0.0,1.0,0.0,0.0,69,69,1.0,0.0,0.0,0.0,0.0,0.03,1,40082.0
22,9,337,290,0,1,22,0.0,0.0,1.0,0.0,0.11,255,255,1.0,0.0,0.0,0.0,0.0,0.0,0,34686.0
27,5,0,0,0,0,100,1.0,1.0,0.18,0.05,0.0,255,18,0.07,0.05,0.0,1.0,1.0,0.0,1,5590.0
22,1,0,0,0,0,1,0.0,0.0,1.0,0.0,0.0,76,219,1.0,0.0,0.15,0.0,0.0,1.0,0,58047.0
22,9,201,1021,0,1,3,0.0,0.0,1.0,0.0,0.0,166,255,1.0,0.0,0.02,0.0,0.0,0.0,0,59056.0
45,5,0,0,0,0,26,1.0,1.0,0.08,0.12,0.0,255,15,0.06,0.07,0.0,1.0,1.0,0.0,1,20304.0
11,9,45,129,0,0,77,0.0,0.0,1.0,0.0,0.01,255,254,1.0,0.01,0.0,0.0,0.0,0.0,0,94058.0
41,9,147,105,0,0,4,0.0,0.0,0.5,0.5,0.0,255,2,0.01,0.78,0.0,0.0,0.0,0.0,0,42580.0
22,1,0,0,0,0,1,0.0,0.0,1.0,0.0,0.0,30,255,1.0,0.0,0.22,0.0,0.0,0.95,0,112414.0
22,9,215,3139,0,1,8,0.0,0.0,1.0,0.0,0.0,24,255,1.0,0.0,0.15,0.0,0.0,0.63,0,97420.0
19,9,567,0,0,0,4,0.0,0.0,0.25,0.5,0.0,196,65,0.31,0.03,0.03,0.0,0.0,0.0,0,48650.0
45,5,0,0,0,0,134,1.0,1.0,0.06,0.06,0.0,255,6,0.02,0.06,0.0,1.0,1.0,0.0,1,67366.0
21,5,0,0,0,0,106,1.0,1.0,0.01,0.08,0.0,255,1,0.0,0.07,0.0,1.0,1.0,0.0,1,7061.0
55,2,126,179,0,0,2,0.0,0.0,1.0,0.0,0.0,11,11,1.0,0.0,0.0,0.09,0.09,0.91,1,54606.0
45,5,0,0,0,0,126,1.0,1.0,0.06,0.07,0.0,255,15,0.06,0.06,0.0,1.0,1.0,0.0,1,5342.0
22,9,287,2308,0,1,7,0.0,0.0,1.0,0.0,0.0,39,255,1.0,0.0,0.04,0.0,0.0,0.0,0,52292.0
22,9,167,8157,0,1,13,0.0,0.0,1.0,0.0,0.0,119,255,1.0,0.0,0.01,0.0,0.0,0.0,0,122942.0
11,9,44,159,0,0,118,0.0,0.0,0.99,0.02,0.01,254,213,0.84,0.02,0.0,0.0,0.0,0.0,0,114103.0
22,9,244,7333,0,1,12,0.0,0.0,1.0,0.0,0.0,255,255,1.0,0.0,0.0,0.0,0.0,0.0,0,65218.0
13,9,18,0,0,0,1,0.0,0.0,1.0,0.0,0.0,1,56,1.0,0.0,1.0,0.0,0.0,0.0,1,63986.0
49,9,621,327,0,1,1,0.0,0.0,1.0,0.0,0.0,177,135,0.66,0.02,0.01,0.0,0.0,0.0,0,108697.0
22,9,234,4073,0,1,2,0.0,0.0,1.0,0.0,0.4,255,255,1.0,0.0,0.0,0.0,0.0,0.0,0,84245.0
22,9,319,18765,0,1,8,0.0,0.0,1.0,0.0,0.0,22,255,1.0,0.0,0.02,0.0,0.0,0.0,0,122635.0
45,5,0,0,0,0,113,1.0,1.0,0.01,0.07,0.0,255,1,0.0,0.07,0.0,1.0,1.0,0.0,1,31281.0
9,2,0,0,0,0,255,0.0,0.0,0.02,0.07,0.0,255,5,0.02,0.07,0.0,0.0,0.0,1.0,1,122893.0
22,9,216,326,0,1,13,0.0,0.0,1.0,0.0,0.0,118,255,1.0,0.0,0.02,0.0,0.0,0.0,0,121987.0
22,9,256,9066,0,1,1,0.0,0.0,1.0,0.0,0.0,255,242,0.95,0.02,0.0,0.0,0.0,0.0,0,58295.0
22,9,216,12212,0,1,3,0.0,0.0,1.0,0.0,0.0,255,255,1.0,0.0,0.0,0.0,0.0,0.0,0,89649.0
45,1,0,0,0,0,146,0.0,0.0,0.14,0.06,0.0,255,1,0.0,0.07,0.0,0.0,0.0,1.0,1,121489.0
11,9,44,135,0,0,85,0.0,0.0,1.0,0.0,0.01,255,247,0.97,0.01,0.0,0.0,0.0,0.0,0,125003.0
22,9,215,12884,0,1,2,0.0,0.0,1.0,0.0,0.0,255,255,1.0,0.0,0.0,0.0,0.0,0.0,0,81035.0
45,1,0,0,0,0,128,0.0,0.0,0.04,0.07,0.0,255,2,0.01,0.07,0.0,0.0,0.0,1.0,1,24908.0
38,1,0,0,0,0,138,0.0,0.0,0.12,0.06,0.0,255,16,0.06,0.05,0.0,0.0,0.0,1.0,1,43363.0
22,9,197,5790,0,1,17,0.0,0.0,1.0,0.0,0.0,17,255,1.0,0.0,0.02,0.0,0.0,0.0,0,48857.0
45,5,0,0,0,0,298,1.0,1.0,0.03,0.05,0.0,255,10,0.04,0.07,0.0,1.0,1.0,0.0,1,10558.0
45,9,28,0,3,0,177,0.56,0.0,0.44,0.04,0.0,255,77,0.3,0.7,0.0,0.09,0.0,0.0,1,73504.0
22,9,352,1564,0,1,4,0.0,0.0,1.0,0.0,0.0,255,255,1.0,0.0,0.0,0.0,0.0,0.0,0,52229.0
13,9,8,0,0,0,1,0.0,0.0,1.0,0.0,1.0,2,66,1.0,0.0,0.5,0.0,0.0,0.0,1,64873.0
45,5,0,0,0,0,267,1.0,1.0,0.04,0.06,0.0,255,10,0.04,0.06,0.0,1.0,1.0,0.0,1,73853.0
45,5,0,0,0,0,107,1.0,1.0,0.03,0.08,0.0,255,3,0.01,0.08,0.0,1.0,1.0,0.0,1,42666.0
22,1,0,0,0,0,112,0.0,0.0,0.15,0.06,0.0,255,15,0.06,0.07,0.0,0.0,0.0,1.0,1,77144.0
14,9,1032,0,0,0,511,0.0,0.0,1.0,0.0,0.0,255,199,0.78,0.02,0.0,0.0,0.0,0.0,1,113132.0
11,9,43,107,0,0,1,0.0,0.0,1.0,0.0,1.0,255,248,0.97,0.01,0.0,0.0,0.0,0.0,0,120578.0
3,5,0,0,0,0,283,1.0,1.0,0.05,0.06,0.0,255,13,0.05,0.07,0.0,1.0,1.0,0.0,1,122671.0
63,1,0,0,0,0,264,0.0,0.0,0.05,0.07,0.0,255,14,0.05,0.09,0.0,0.0,0.0,1.0,1,124039.0
45,5,0,0,0,0,122,1.0,1.0,0.02,0.07,0.0,70,2,0.03,0.1,0.0,1.0,1.0,0.0,1,3359.0
49,9,655,334,0,1,1,0.0,0.0,1.0,0.0,1.0,133,83,0.62,0.1,0.0,0.01,0.0,0.0,0,121343.0
22,9,253,395,0,1,24,0.0,0.0,1.0,0.0,0.08,255,255,1.0,0.0,0.0,0.0,0.0,0.0,0,102341.0
49,9,1647,329,0,1,1,0.0,0.0,1.0,0.0,0.0,36,163,0.81,0.08,0.02,0.0,0.0,0.0,0,48610.0
22,9,327,686,0,1,21,0.0,0.0,1.0,0.0,0.0,130,255,1.0,0.0,0.07,0.0,0.0,0.0,0,79270.0
22,9,319,2452,0,1,11,0.0,0.0,1.0,0.0,0.14,83,255,1.0,0.0,0.01,0.0,0.01,0.0,0,31305.0
22,9,313,25519,0,1,2,0.0,0.0,1.0,0.0,0.67,251,255,1.0,0.0,0.01,0.0,0.0,0.0,0,27647.0
11,9,43,69,0,0,131,0.0,0.0,1.0,0.0,0.02,255,225,0.88,0.01,0.0,0.0,0.0,0.0,0,119211.0
22,9,330,10857,0,1,3,0.0,0.0,1.0,0.0,0.0,255,255,1.0,0.0,0.0,0.0,0.0,0.0,0,89692.0
37,5,0,0,0,0,205,1.0,1.0,0.09,0.07,0.0,255,18,0.07,0.08,0.0,1.0,1.0,0.0,1,95492.0
22,9,409,4167,0,1,15,0.0,0.0,1.0,0.0,0.0,117,245,1.0,0.0,0.14,0.0,0.0,0.57,0,107373.0
45,9,1,0,0,0,45,0.0,0.0,0.47,0.07,0.0,255,21,0.08,0.23,0.0,0.0,0.0,0.0,1,79586.0
40,9,48,48,0,0,1,0.0,0.0,1.0,0.0,0.0,255,210,0.82,0.01,0.0,0.0,0.0,0.0,0,15638.0
22,9,335,870,0,1,23,0.0,0.0,1.0,0.0,0.0,255,255,1.0,0.0,0.0,0.0,0.0,0.0,0,64790.0
41,9,147,0,0,0,2,0.0,0.0,0.5,1.0,0.0,255,1,0.0,0.84,0.0,0.0,0.0,0.0,0,42131.0
22,9,242,5320,0,1,16,0.0,0.0,1.0,0.0,0.0,255,255,1.0,0.0,0.0,0.0,0.0,0.0,0,61605.0
37,5,0,0,0,0,272,1.0,1.0,0.0,0.06,0.0,255,2,0.01,0.08,0.0,1.0,1.0,0.0,1,12805.0
45,5,0,0,0,0,221,1.0,1.0,0.04,0.06,0.0,255,7,0.03,0.07,0.0,1.0,1.0,0.0,1,53841.0
45,5,0,0,0,0,18,1.0,1.0,0.28,0.11,0.0,255,5,0.02,0.07,0.0,1.0,1.0,0.0,1,70176.0
13,9,8,0,0,0,1,0.0,0.0,1.0,0.0,1.0,1,129,1.0,0.0,0.51,0.0,0.0,0.0,1,32287.0
3,9,10,38,0,1,1,0.0,0.0,1.0,0.0,0.0,255,4,0.02,0.02,0.0,0.0,0.0,0.0,0,53636.0
22,5,0,0,0,0,281,1.0,1.0,0.07,0.06,0.0,255,19,0.07,0.06,0.0,1.0,1.0,0.0,1,113105.0
22,1,0,0,0,0,6,0.0,0.0,1.0,0.0,0.0,16,191,1.0,0.0,0.21,0.0,0.0,0.94,0,94813.0
45,5,0,0,0,0,242,1.0,1.0,0.03,0.06,0.0,255,2,0.01,0.08,0.0,1.0,1.0,0.0,1,37963.0
22,9,335,3490,0,1,5,0.0,0.0,1.0,0.0,0.33,14,255,1.0,0.0,0.05,0.0,0.0,0.0,0,2924.0
22,1,0,0,0,0,1,0.0,0.0,1.0,0.0,0.0,1,87,1.0,0.0,0.22,0.0,0.0,1.0,0,74669.0
22,9,311,612,0,1,9,0.0,0.0,1.0,0.0,0.0,28,255,1.0,0.0,0.02,0.0,0.0,0.0,0,93107.0
11,9,46,46,0,0,115,0.0,0.0,1.0,0.0,0.0,255,255,1.0,0.0,0.0,0.0,0.0,0.0,0,122324.0
45,1,0,0,0,0,251,0.0,0.0,0.02,0.07,0.0,255,4,0.02,0.08,0.0,0.0,0.0,1.0,1,60484.0
22,9,277,5200,0,1,18,0.0,0.0,1.0,0.0,0.0,141,255,1.0,0.0,0.02,0.0,0.0,0.0,0,51212.0
45,5,0,0,0,0,140,1.0,1.0,0.13,0.06,0.0,255,36,0.14,0.07,0.0,1.0,1.0,0.0,1,2803.0
13,9,8,0,0,0,1,0.0,0.0,1.0,0.0,1.0,2,81,1.0,0.0,0.51,0.0,0.0,0.0,1,109732.0
22,9,194,8287,0,1,8,0.0,0.0,1.0,0.0,0.0,8,255,1.0,0.0,0.11,0.0,0.0,0.0,0,105310.0
16,5,0,0,0,0,126,1.0,1.0,0.03,0.06,0.0,255,3,0.01,0.07,0.0,1.0,1.0,0.0,1,1563.0
3,9,10,36,0,1,1,0.0,0.0,1.0,0.0,0.0,183,7,0.04,0.03,0.0,0.0,0.0,0.0,0,31505.0
11,9,41,73,0,0,128,0.0,0.0,0.99,0.02,0.02,255,254,1.0,0.01,0.0,0.0,0.0,0.0,0,39461.0
17,9,9,0,0,0,4,0.0,0.0,1.0,0.0,0.0,105,8,0.04,0.06,0.25,0.0,0.0,0.0,1,30255.0
15,5,0,0,0,0,134,1.0,1.0,0.14,0.05,0.0,255,19,0.07,0.05,0.0,1.0,1.0,0.0,1,94984.0
22,9,284,396,0,1,3,0.0,0.0,1.0,0.0,0.0,5,255,1.0,0.0,0.04,0.0,0.0,0.0,0,118225.0
22,9,237,2395,0,1,3,0.0,0.0,1.0,0.0,0.5,5,255,1.0,0.0,0.04,0.0,0.0,0.0,0,120536.0
49,9,645,331,0,1,1,0.0,0.0,1.0,0.0,1.0,119,131,0.5,0.06,0.02,0.0,0.0,0.0,0,2214.0
22,9,220,239,0,1,28,0.0,0.0,1.0,0.0,0.09,194,255,1.0,0.0,0.03,0.0,0.0,0.0,0,120213.0
45,9,1,0,0,0,29,0.0,0.0,0.07,0.14,0.0,255,2,0.01,0.49,0.0,0.16,0.0,0.0,1,34844.0
5,5,0,0,0,0,118,1.0,1.0,0.06,0.06,0.0,255,7,0.03,0.05,0.0,1.0,1.0,0.0,1,63411.0
22,9,226,283,0,1,17,0.0,0.0,1.0,0.0,0.0,255,255,1.0,0.0,0.0,0.0,0.0,0.0,0,98154.0
10,5,0,0,0,0,297,1.0,1.0,0.04,0.05,0.0,255,11,0.04,0.07,0.0,1.0,1.0,0.0,1,92210.0
22,9,213,985,0,1,23,0.0,0.0,1.0,0.0,0.0,23,255,1.0,0.0,0.04,0.0,0.0,0.0,0,53993.0
22,9,195,1635,0,1,20,0.0,0.0,1.0,0.0,0.1,20,255,1.0,0.0,0.05,0.0,0.0,0.0,0,66736.0
2,5,0,0,0,0,291,1.0,1.0,0.07,0.05,0.0,255,4,0.02,0.07,0.0,1.0,1.0,0.0,1,112010.0
19,9,192,0,0,1,2,0.0,0.0,1.0,0.0,0.0,255,117,0.46,0.02,0.0,0.0,0.0,0.0,0,74828.0
14,9,1032,0,0,0,511,0.0,0.0,1.0,0.0,0.0,255,60,0.24,0.02,0.0,0.02,0.0,0.0,1,11004.0
22,9,308,4533,0,1,20,0.0,0.0,1.0,0.0,0.0,79,255,1.0,0.0,0.01,0.0,0.0,0.0,0,55306.0
55,9,127,2103,0,1,1,0.0,0.0,1.0,0.0,0.0,217,1,0.0,0.01,0.0,0.0,0.0,0.0,0,37159.0
29,5,0,0,0,0,278,1.0,1.0,0.06,0.05,0.0,255,18,0.07,0.05,0.0,1.0,1.0,0.0,1,75249.0
60,5,0,0,0,0,123,1.0,1.0,0.01,0.07,0.0,255,20,0.08,0.07,0.0,1.0,1.0,0.0,1,68626.0
17,5,0,0,0,0,141,1.0,1.0,0.13,0.05,0.0,255,8,0.03,0.05,0.0,1.0,1.0,0.0,1,89171.0
45,5,0,0,0,0,202,1.0,1.0,0.08,0.06,0.0,255,15,0.06,0.07,0.0,1.0,1.0,0.0,1,32017.0
57,2,0,0,0,0,172,0.0,0.0,0.02,0.07,0.0,255,4,0.02,0.07,0.0,0.0,0.0,1.0,1,103204.0
45,5,0,0,0,0,136,1.0,1.0,0.14,0.05,0.0,255,39,0.15,0.05,0.0,1.0,1.0,0.0,1,102296.0
18,9,878,2586,0,1,1,0.0,0.0,1.0,0.0,0.0,255,49,0.19,0.02,0.0,0.0,0.0,0.0,0,110083.0
45,5,0,0,0,0,210,1.0,1.0,0.06,0.07,0.0,255,9,0.04,0.06,0.0,1.0,1.0,0.0,1,121758.0
45,9,105,147,0,0,1,0.0,0.0,1.0,0.0,0.0,136,134,0.99,0.01,0.0,0.0,0.0,0.0,0,54586.0
16,5,0,0,0,0,125,1.0,1.0,0.02,0.06,0.0,255,4,0.02,0.07,0.0,1.0,1.0,0.0,1,98143.0
19,9,276,0,0,0,1,0.0,0.0,1.0,0.0,0.0,90,56,0.12,0.03,0.05,0.0,0.0,0.0,0,71592.0
17,9,7,147,0,0,1,0.0,0.0,1.0,0.0,0.0,38,7,0.03,0.08,0.29,0.39,0.0,0.0,0,18454.0
22,9,287,3413,0,1,13,0.0,0.0,1.0,0.0,0.0,255,255,1.0,0.0,0.0,0.0,0.0,0.0,0,87259.0
14,9,1032,0,0,0,511,0.0,0.0,1.0,0.0,0.0,255,102,0.4,0.09,0.0,0.0,0.0,0.0,1,3438.0
22,9,325,338,0,1,1,0.0,0.0,1.0,0.0,1.0,1,44,1.0,0.0,0.25,0.0,0.0,0.0,0,113609.0
22,9,290,179,0,1,13,0.0,0.0,1.0,0.0,0.0,255,255,1.0,0.0,0.0,0.0,0.0,0.0,0,109214.0
45,5,0,0,0,0,107,1.0,1.0,0.07,0.07,0.0,255,8,0.03,0.05,0.0,1.0,1.0,0.0,1,3240.0
11,9,44,96,0,0,175,0.0,0.0,1.0,0.0,0.0,255,255,1.0,0.0,0.0,0.0,0.0,0.0,0,48896.0
49,9,1116,403,0,1,1,0.0,0.0,1.0,0.0,0.0,131,177,0.82,0.03,0.01,0.0,0.0,0.0,0,120683.0
22,9,216,6717,0,1,9,0.0,0.0,1.0,0.0,0.0,255,255,1.0,0.0,0.0,0.0,0.0,0.0,0,33609.0
4,5,0,0,0,0,173,1.0,1.0,0.09,0.06,0.0,255,15,0.06,0.06,0.0,1.0,1.0,0.0,1,103758.0
55,5,0,0,0,0,48,1.0,1.0,0.23,0.08,0.0,255,46,0.18,0.04,0.0,1.0,1.0,0.0,1,93452.0
20,5,0,0,0,0,239,1.0,1.0,0.02,0.07,0.0,255,4,0.02,0.08,0.0,1.0,1.0,0.0,1,48202.0
22,9,331,1972,0,1,8,0.0,0.0,1.0,0.0,0.0,255,255,1.0,0.0,0.0,0.0,0.0,0.0,0,70044.0
49,9,2764,329,0,1,1,0.0,0.0,1.0,0.0,0.0,46,164,0.85,0.09,0.02,0.0,0.0,0.0,0,35764.0
62,5,0,0,0,0,243,1.0,1.0,0.04,0.07,0.0,255,20,0.08,0.07,0.0,1.0,1.0,0.0,1,25180.0
19,9,3468,0,0,1,22,0.0,0.0,1.0,0.0,0.0,147,173,0.67,0.05,0.01,0.01,0.01,0.0,0,70334.0
22,9,233,4698,0,1,5,0.0,0.0,1.0,0.0,0.0,255,255,1.0,0.0,0.0,0.0,0.0,0.0,0,78350.0
8,5,0,0,0,0,234,1.0,1.0,0.01,0.07,0.0,255,3,0.01,0.07,0.0,1.0,1.0,0.0,1,98564.0
11,9,45,135,0,0,32,0.0,0.0,0.97,0.06,0.02,255,210,0.82,0.01,0.0,0.0,0.0,0.0,0,43336.0
22,9,196,5132,0,1,1,0.0,0.0,1.0,0.0,0.0,1,255,1.0,0.0,0.03,0.0,0.0,0.0,0,52295.0
22,9,265,2862,0,1,18,0.0,0.0,1.0,0.0,0.0,255,255,1.0,0.0,0.0,0.0,0.0,0.0,0,3940.0
17,5,0,0,0,0,38,1.0,1.0,0.29,0.11,0.0,255,60,0.24,0.04,0.0,1.0,1.0,0.0,1,64882.0
11,9,44,134,0,0,137,0.0,0.0,1.0,0.0,0.01,255,255,1.0,0.0,0.0,0.0,0.0,0.0,0,86032.0
45,5,0,0,0,0,201,1.0,1.0,0.04,0.06,0.0,255,10,0.04,0.07,0.0,1.0,1.0,0.0,1,108138.0
22,9,301,259,0,1,2,0.0,0.0,1.0,0.0,0.0,170,156,0.92,0.02,0.0,0.0,0.0,0.0,0,47164.0
22,9,54540,8314,0,1,2,0.0,0.0,1.0,0.0,0.0,37,37,1.0,0.0,0.0,0.0,0.0,0.0,1,125736.0
45,5,0,0,0,0,167,1.0,1.0,0.1,0.05,0.0,255,6,0.02,0.06,0.0,1.0,1.0,0.0,1,58736.0
22,9,148,33067,0,1,1,0.0,0.0,1.0,0.0,0.0,1,255,1.0,0.0,0.03,0.0,0.01,0.0,0,62383.0
22,9,315,10360,0,1,1,0.0,0.0,1.0,0.0,0.67,102,254,1.0,0.0,0.02,0.0,0.0,0.0,0,97751.0
22,9,239,3252,0,1,19,0.0,0.05,1.0,0.0,0.1,255,255,1.0,0.0,0.0,0.0,0.0,0.0,0,6614.0
22,1,0,0,0,0,19,0.0,0.0,1.0,0.0,0.0,22,175,1.0,0.0,0.22,0.0,0.0,0.98,0,29803.0
49,6,11991,1328,0,1,1,1.0,0.5,1.0,0.0,1.0,36,196,0.75,0.06,0.02,0.03,0.01,0.0,0,115042.0
45,1,0,0,0,0,511,0.11,0.0,0.0,1.0,0.0,255,1,0.0,1.0,0.0,0.08,0.0,1.0,1,65790.0
13,9,8,0,0,0,1,0.0,0.0,1.0,0.0,1.0,1,185,1.0,0.0,0.5,0.0,0.0,0.0,1,110830.0
23,5,0,0,0,0,130,1.0,1.0,0.14,0.05,0.0,255,18,0.07,0.05,0.0,1.0,1.0,0.0,1,82207.0
22,9,308,261,0,1,8,0.0,0.0,1.0,0.0,0.0,255,255,1.0,0.0,0.0,0.0,0.0,0.0,0,39781.0
52,5,0,0,0,0,231,1.0,1.0,0.02,0.06,0.0,255,4,0.02,0.07,0.0,1.0,1.0,0.0,1,66452.0
4,5,0,0,0,0,296,1.0,1.0,0.08,0.05,0.0,255,24,0.09,0.05,0.0,1.0,1.0,0.0,1,8158.0
31,5,0,0,0,0,101,1.0,1.0,0.17,0.05,0.0,255,17,0.07,0.05,0.0,1.0,1.0,0.0,1,46528.0
45,9,1,0,0,0,69,0.0,0.0,0.33,0.07,0.0,255,46,0.18,0.22,0.0,0.0,0.0,0.0,1,101400.0
49,9,964,331,0,1,1,0.0,0.0,1.0,0.0,1.0,8,76,0.75,0.38,0.03,0.0,0.0,0.0,0,89326.0
22,9,165,7527,0,1,1,0.0,0.0,1.0,0.0,1.0,84,246,1.0,0.0,0.13,0.0,0.0,0.51,0,10027.0
19,9,7045,0,0,1,2,0.0,0.0,1.0,0.0,0.0,2,36,1.0,0.0,0.17,0.0,0.03,0.0,0,82617.0
13,9,8,0,0,0,1,0.0,0.0,1.0,0.0,1.0,2,3,1.0,0.0,0.67,0.0,0.0,0.0,1,65071.0
19,6,83220,0,0,1,5,0.2,0.2,1.0,0.0,0.0,157,40,0.25,0.03,0.0,0.01,0.03,0.0,0,32421.0
22,9,247,3929,0,1,7,0.0,0.0,1.0,0.0,0.2,50,255,1.0,0.0,0.05,0.0,0.0,0.0,0,88222.0
22,9,257,3973,0,1,1,0.0,0.0,1.0,0.0,0.0,255,255,1.0,0.0,0.0,0.0,0.0,0.0,0,47925.0
49,9,1208,368,0,1,1,0.0,0.0,1.0,0.0,1.0,197,196,0.72,0.02,0.01,0.0,0.0,0.0,0,95671.0
22,5,0,0,0,0,1,1.0,1.0,1.0,0.0,0.0,20,255,1.0,0.0,0.18,0.05,0.0,0.98,0,40895.0
62,5,0,0,0,0,278,1.0,1.0,0.02,0.05,0.0,255,5,0.02,0.05,0.0,1.0,1.0,0.0,1,74113.0
22,9,338,672,0,1,4,0.0,0.0,1.0,0.0,0.0,108,255,1.0,0.0,0.01,0.0,0.0,0.01,0,111832.0
22,9,321,1576,0,1,11,0.0,0.0,1.0,0.0,0.0,25,243,1.0,0.0,0.02,0.0,0.0,0.0,0,52777.0
17,5,0,0,0,0,40,1.0,1.0,0.32,0.1,0.0,255,73,0.29,0.02,0.0,1.0,1.0,0.0,1,25859.0
45,5,0,0,0,0,225,1.0,1.0,0.03,0.07,0.0,255,17,0.07,0.08,0.0,1.0,1.0,0.0,1,102576.0
19,9,245,0,0,1,2,0.0,0.0,0.5,1.0,0.0,25,62,0.84,0.12,0.05,0.0,0.02,0.0,0,100547.0
54,1,0,0,0,0,141,0.0,0.0,0.08,0.06,0.0,255,9,0.04,0.07,0.0,0.0,0.0,1.0,1,62103.0
22,9,200,759,0,1,3,0.0,0.0,1.0,0.0,0.29,9,255,1.0,0.0,0.01,0.0,0.0,0.01,0,47871.0
45,5,0,0,0,0,248,1.0,1.0,0.07,0.06,0.0,255,16,0.06,0.06,0.0,1.0,1.0,0.0,1,112298.0
2,1,0,0,0,0,279,0.0,0.0,0.04,0.06,0.0,255,12,0.05,0.07,0.0,0.0,0.0,1.0,1,71022.0
45,1,0,0,0,0,301,0.03,0.0,0.0,1.0,0.0,255,1,0.0,0.97,0.0,0.04,0.0,1.0,1,97274.0
50,1,0,0,0,0,163,0.0,0.0,0.04,0.07,0.0,255,6,0.02,0.07,0.0,0.0,0.0,1.0,1,65681.0
45,1,0,0,0,0,479,0.06,0.0,0.0,1.0,0.0,255,1,0.0,1.0,0.0,0.08,0.0,1.0,1,118641.0
57,5,0,0,0,0,265,1.0,1.0,0.08,0.05,0.0,255,22,0.09,0.05,0.0,1.0,1.0,0.0,1,117187.0
45,1,0,0,0,0,139,0.0,0.0,0.08,0.06,0.0,214,11,0.05,0.06,0.0,0.0,0.0,1.0,1,44783.0
22,9,190,12948,0,1,4,0.0,0.0,1.0,0.0,0.0,56,255,1.0,0.0,0.01,0.0,0.0,0.01,0,61073.0
22,9,308,24964,0,1,2,0.0,0.0,1.0,0.0,0.67,3,255,1.0,0.0,0.05,0.0,0.0,0.0,0,86100.0
18,9,1222,2451,0,1,1,0.0,0.0,1.0,0.0,0.0,212,40,0.19,0.02,0.0,0.0,0.0,0.0,1,60939.0
13,9,8,0,0,0,1,0.0,0.0,1.0,0.0,1.0,2,20,1.0,0.0,0.5,0.0,0.0,0.0,1,110537.0
14,9,1032,0,0,0,511,0.0,0.0,1.0,0.0,0.0,255,88,0.35,0.02,0.0,0.02,0.0,0.0,1,49317.0
49,9,1192,331,0,1,1,0.0,0.0,1.0,0.0,1.0,64,176,0.84,0.06,0.01,0.0,0.0,0.0,0,87468.0
7,5,0,0,0,0,220,1.0,1.0,0.1,0.06,0.0,255,21,0.08,0.07,0.0,1.0,1.0,0.0,1,46929.0
22,9,223,369,0,1,19,0.0,0.0,1.0,0.0,0.13,255,255,1.0,0.0,0.0,0.0,0.0,0.0,0,46572.0
61,5,0,0,0,0,148,1.0,1.0,0.17,0.04,0.0,255,25,0.1,0.04,0.0,1.0,1.0,0.0,1,61672.0
45,1,0,0,0,0,188,0.0,0.0,0.01,0.07,0.0,255,2,0.01,0.08,0.0,0.0,0.0,1.0,1,63184.0
16,5,0,0,0,0,116,1.0,1.0,0.17,0.08,0.0,255,20,0.08,0.07,0.0,1.0,1.0,0.0,1,71513.0
45,5,0,0,0,0,114,1.0,1.0,0.05,0.07,0.0,255,9,0.04,0.05,0.0,1.0,1.0,0.0,1,103883.0
41,1,0,0,0,0,511,0.11,0.0,0.0,1.0,0.0,255,1,0.0,1.0,0.0,0.14,0.0,1.0,1,83804.0
26,5,0,0,0,0,209,1.0,1.0,0.01,0.07,0.0,255,13,0.05,0.09,0.0,1.0,1.0,0.0,1,77168.0
45,5,0,0,0,0,275,1.0,1.0,0.03,0.06,0.0,255,11,0.04,0.08,0.0,1.0,1.0,0.0,1,107025.0
19,9,740,0,0,1,2,0.0,0.0,1.0,0.0,0.0,80,43,0.08,0.04,0.05,0.0,0.0,0.0,0,80156.0
22,9,222,1007,0,1,11,0.0,0.0,1.0,0.0,0.0,40,255,1.0,0.0,0.04,0.0,0.0,0.0,0,44277.0
22,9,54540,8314,0,1,2,0.0,0.0,1.0,0.0,0.0,75,75,1.0,0.0,0.0,0.0,0.0,0.01,1,22654.0
22,1,0,0,0,0,1,0.0,0.0,1.0,0.0,0.0,32,255,1.0,0.0,0.07,0.0,0.0,0.99,0,84307.0
22,9,235,3710,0,1,12,0.0,0.0,1.0,0.0,0.0,70,255,1.0,0.0,0.04,0.0,0.0,0.0,0,29791.0
22,9,208,589,0,1,17,0.0,0.0,1.0,0.0,0.07,206,255,1.0,0.0,0.01,0.0,0.01,0.0,0,88200.0
60,5,0,0,0,0,101,1.0,1.0,0.01,0.07,0.0,255,1,0.0,0.06,0.0,1.0,1.0,0.0,1,87470.0
22,9,301,1411,0,1,18,0.0,0.0,1.0,0.0,0.0,255,255,1.0,0.0,0.0,0.0,0.0,0.0,0,55608.0
6,5,0,0,0,0,220,1.0,1.0,0.05,0.05,0.0,255,12,0.05,0.06,0.0,1.0,1.0,0.0,1,119846.0
22,9,308,960,0,1,12,0.0,0.0,1.0,0.0,0.0,127,255,1.0,0.0,0.01,0.0,0.0,0.0,0,17618.0
22,5,0,0,0,0,3,1.0,0.3,1.0,0.0,0.3,6,255,1.0,0.0,0.04,1.0,0.02,0.0,0,82869.0
14,9,1032,0,0,0,511,0.0,0.0,1.0,0.0,0.0,255,32,0.13,0.05,0.0,0.29,0.0,0.0,1,117417.0
14,9,1032,0,0,0,511,0.0,0.0,1.0,0.0,0.0,238,93,0.39,0.01,0.0,0.0,0.0,0.0,1,31936.0
22,9,206,11795,0,1,4,0.0,0.0,1.0,0.0,0.0,36,255,1.0,0.0,0.02,0.0,0.0,0.0,0,121331.0
14,9,1032,0,0,0,161,0.0,0.0,1.0,0.0,0.0,255,161,0.63,0.01,0.0,0.0,0.0,0.0,1,64142.0
49,9,811,338,0,1,1,0.0,0.0,1.0,0.0,0.0,119,136,0.54,0.04,0.01,0.0,0.0,0.0,0,36590.0
22,9,193,1745,0,1,2,0.0,0.0,1.0,0.0,0.0,15,255,1.0,0.0,0.07,0.0,0.0,0.0,0,124984.0
45,5,0,0,0,0,298,1.0,1.0,0.03,0.05,0.0,255,7,0.03,0.07,0.0,1.0,1.0,0.0,1,50423.0
10,5,0,0,0,0,260,1.0,1.0,0.08,0.06,0.0,255,20,0.08,0.06,0.0,1.0,1.0,0.0,1,48005.0
29,5,0,0,0,0,142,1.0,1.0,0.14,0.06,0.0,255,19,0.07,0.07,0.0,1.0,1.0,0.0,1,75337.0
22,9,333,261,0,1,6,0.0,0.0,1.0,0.0,0.0,255,255,1.0,0.0,0.0,0.01,0.01,0.02,0,97292.0
22,9,200,6329,0,1,9,0.0,0.0,1.0,0.0,0.18,255,255,1.0,0.0,0.0,0.0,0.0,0.0,0,110496.0
22,9,216,2055,0,1,9,0.0,0.0,1.0,0.0,0.0,51,255,1.0,0.0,0.03,0.0,0.0,0.0,0,101119.0
45,5,0,0,0,0,83,1.0,1.0,0.04,0.07,0.0,255,3,0.01,0.06,0.0,1.0,1.0,0.0,1,39718.0
22,9,202,3810,0,1,8,0.0,0.0,1.0,0.0,0.0,8,14,1.0,0.0,0.21,0.0,0.0,0.0,0,12347.0
52,5,0,0,0,0,297,1.0,1.0,0.08,0.05,0.0,255,25,0.1,0.05,0.0,1.0,1.0,0.0,1,43948.0
19,9,334,0,0,1,1,0.0,0.0,1.0,0.0,0.0,252,102,0.4,0.02,0.0,0.0,0.0,0.0,0,121564.0
45,5,0,0,0,0,134,1.0,1.0,0.07,0.06,0.0,255,9,0.04,0.07,0.0,1.0,1.0,0.0,1,23544.0
41,1,0,0,0,0,510,0.14,0.0,0.0,1.0,0.0,255,1,0.0,1.0,0.0,0.15,0.0,1.0,1,7059.0
22,9,328,11514,0,1,5,0.0,0.0,1.0,0.0,0.0,255,255,1.0,0.0,0.0,0.0,0.0,0.0,0,104080.0
55,2,0,0,0,0,141,0.0,0.0,0.09,0.06,0.0,255,7,0.03,0.06,0.0,0.0,0.0,1.0,1,116771.0
22,1,0,0,0,0,1,0.0,0.0,1.0,0.0,0.0,23,255,1.0,0.0,0.08,0.0,0.0,0.84,0,37816.0
22,9,295,8422,0,1,34,0.0,0.0,1.0,0.0,0.06,170,255,1.0,0.0,0.03,0.0,0.0,0.0,0,7149.0
22,9,182,10920,0,1,4,0.0,0.0,1.0,0.0,0.23,53,215,1.0,0.0,0.15,0.0,0.0,0.59,0,31333.0
45,5,0,0,0,0,215,1.0,1.0,0.07,0.06,0.0,255,14,0.05,0.07,0.0,1.0,1.0,0.0,1,48390.0
22,5,0,0,0,0,134,0.02,1.0,0.01,0.58,0.0,255,1,0.0,0.31,0.0,0.01,1.0,0.0,1,47676.0
17,5,0,0,0,0,259,1.0,1.0,0.02,0.07,0.0,255,5,0.02,0.08,0.0,1.0,1.0,0.0,1,86833.0
6,5,0,0,0,0,287,1.0,1.0,0.03,0.06,0.0,255,7,0.03,0.07,0.0,1.0,1.0,0.0,1,107507.0
45,1,0,0,0,0,125,0.01,0.0,0.01,1.0,0.0,255,1,0.0,0.5,0.0,0.0,0.0,1.0,1,105625.0
3,1,0,0,0,0,132,0.0,0.0,0.09,0.07,0.0,255,12,0.05,0.06,0.0,0.0,0.0,1.0,1,26828.0
13,9,30,0,0,0,1,0.0,0.0,1.0,0.0,0.0,56,90,0.98,0.04,0.21,0.0,0.0,0.0,0,66176.0
45,1,0,0,0,0,198,0.0,0.0,0.04,0.06,0.0,255,7,0.03,0.08,0.0,0.0,0.0,1.0,1,7362.0
45,1,0,0,0,0,263,0.0,0.0,0.03,0.07,0.0,255,7,0.03,0.09,0.0,0.0,0.0,1.0,1,68766.0
45,9,28,0,3,0,14,0.0,0.0,1.0,0.0,0.0,255,14,0.05,0.02,0.0,0.0,0.0,0.0,1,54231.0
20,5,0,0,0,0,249,1.0,1.0,0.04,0.06,0.0,255,11,0.04,0.07,0.0,1.0,1.0,0.0,1,68715.0
2,5,0,0,0,0,256,1.0,1.0,0.05,0.06,0.0,255,13,0.05,0.07,0.0,1.0,1.0,0.0,1,45809.0
22,9,216,25078,0,1,3,0.0,0.0,1.0,0.0,0.05,9,254,1.0,0.0,0.07,0.0,0.0,0.0,0,8768.0
49,9,924,325,0,1,1,0.0,0.0,1.0,0.0,1.0,68,170,0.78,0.06,0.01,0.0,0.0,0.0,0,100060.0
19,9,12165,0,0,1,8,0.0,0.0,1.0,0.0,0.0,215,75,0.24,0.03,0.03,0.0,0.0,0.0,0,7119.0
38,5,0,0,0,0,27,1.0,1.0,0.07,0.15,0.0,255,11,0.04,0.09,0.0,1.0,1.0,0.0,1,87210.0
19,9,748,0,0,1,1,0.0,0.0,1.0,0.0,0.0,95,81,0.37,0.04,0.04,0.0,0.0,0.0,0,23417.0
18,9,1224,2451,0,1,1,0.0,0.0,1.0,0.0,0.0,222,50,0.23,0.02,0.0,0.0,0.0,0.0,1,8253.0
4,5,0,0,0,0,248,1.0,1.0,0.02,0.06,0.0,255,5,0.02,0.05,0.0,1.0,1.0,0.0,1,115940.0
45,5,0,0,0,0,39,1.0,1.0,0.13,0.15,0.0,255,5,0.02,0.07,0.0,1.0,1.0,0.0,1,30362.0
45,4,1,0,0,0,2,0.0,0.0,1.0,0.0,0.0,255,2,0.01,0.65,0.0,0.0,0.0,1.0,1,85986.0
22,9,227,5770,0,1,29,0.0,0.0,1.0,0.0,0.0,255,255,1.0,0.0,0.0,0.0,0.0,0.0,0,59597.0
19,9,607,0,0,0,2,0.0,0.0,1.0,0.0,0.0,223,68,0.3,0.02,0.0,0.0,0.0,0.0,0,6605.0
22,9,316,274,0,1,15,0.0,0.04,1.0,0.0,0.09,255,255,1.0,0.0,0.0,0.0,0.0,0.0,0,125936.0
41,1,0,0,0,0,509,0.23,0.0,0.0,1.0,0.0,255,1,0.0,1.0,0.0,0.27,0.0,1.0,1,40460.0
22,9,179,7137,0,1,1,0.0,0.0,1.0,0.0,0.0,101,255,1.0,0.0,0.07,0.0,0.0,0.0,0,97207.0
22,4,41772,2920,0,1,6,0.0,0.0,1.0,0.0,0.0,255,255,1.0,0.0,0.0,0.0,0.0,0.05,1,108765.0
19,9,2194619,0,0,1,1,0.0,0.0,1.0,0.0,0.0,125,89,0.51,0.05,0.02,0.0,0.0,0.0,0,28916.0
45,9,105,0,0,0,1,0.0,0.0,1.0,0.0,0.0,1,1,1.0,0.0,0.0,0.0,0.0,0.0,0,88805.0
45,5,0,0,0,0,124,1.0,1.0,0.11,0.06,0.0,255,5,0.02,0.07,0.0,1.0,1.0,0.0,1,119156.0
49,9,847,333,0,1,1,0.0,0.0,1.0,0.0,1.0,22,149,0.86,0.14,0.02,0.0,0.0,0.0,0,28285.0
22,9,214,2861,0,1,5,0.0,0.0,1.0,0.0,0.0,255,255,1.0,0.0,0.0,0.0,0.0,0.0,0,64812.0
22,9,311,296,0,1,2,0.0,0.0,1.0,0.0,0.67,18,255,1.0,0.0,0.03,0.0,0.0,0.0,0,71231.0
27,5,0,0,0,0,148,1.0,1.0,0.11,0.05,0.0,255,17,0.07,0.06,0.0,1.0,1.0,0.0,1,22549.0
53,5,0,0,0,0,111,1.0,1.0,0.06,0.09,0.0,255,7,0.03,0.07,0.0,1.0,1.0,0.0,1,90035.0
61,4,1,0,0,0,2,0.0,0.0,1.0,0.0,0.0,255,2,0.01,0.46,0.0,0.0,0.0,1.0,1,60766.0
22,9,309,317,0,1,8,0.0,0.0,1.0,0.0,0.0,41,255,1.0,0.0,0.05,0.0,0.0,0.0,0,62632.0
22,9,335,661,0,1,5,0.0,0.0,1.0,0.0,0.0,121,206,1.0,0.0,0.01,0.0,0.0,0.0,0,61302.0
49,9,1513,324,0,1,1,0.0,0.0,1.0,0.0,0.0,112,226,0.86,0.04,0.01,0.0,0.0,0.0,0,68097.0
38,1,0,0,0,0,112,0.0,0.0,0.02,0.07,0.0,255,2,0.01,0.07,0.0,0.0,0.0,1.0,1,44466.0
22,9,284,6015,0,1,2,0.5,0.5,1.0,0.0,0.0,7,255,1.0,0.0,0.04,0.14,0.0,0.0,0,122011.0
22,9,54540,8314,0,1,4,0.0,0.0,1.0,0.0,0.0,180,180,1.0,0.0,0.0,0.0,0.0,0.06,1,26590.0
45,10,0,0,0,0,1,1.0,1.0,1.0,0.0,0.0,233,1,0.0,0.96,0.0,0.97,1.0,0.0,1,85731.0
22,9,308,2919,0,1,2,0.0,0.0,1.0,0.0,0.0,255,244,0.96,0.01,0.0,0.0,0.0,0.0,0,17989.0
19,5,0,0,0,0,203,0.65,1.0,0.0,0.41,0.0,255,1,0.0,0.33,0.0,0.52,1.0,0.0,1,59899.0
13,9,8,0,0,0,1,0.0,0.0,1.0,0.0,1.0,2,50,1.0,0.0,0.5,0.0,0.0,0.0,1,56377.0
22,9,217,180,0,1,27,0.0,0.0,1.0,0.0,0.0,27,255,1.0,0.0,0.03,0.0,0.0,0.0,0,117357.0
5,5,0,0,0,0,100,1.0,1.0,0.07,0.05,0.0,255,7,0.03,0.05,0.0,1.0,1.0,0.0,1,48376.0
14,9,520,0,0,0,458,0.0,0.0,1.0,0.0,0.0,227,227,1.0,0.0,0.0,0.0,0.0,0.0,1,33633.0
49,9,2039,335,0,1,2,0.0,0.0,0.5,1.0,0.0,134,146,0.71,0.04,0.01,0.0,0.0,0.0,0,21080.0
13,9,8,0,0,0,1,0.0,0.0,1.0,0.0,1.0,2,74,1.0,0.0,0.5,0.0,0.0,0.0,1,116695.0
41,9,146,105,0,0,1,0.0,0.0,1.0,0.0,0.0,255,4,0.02,0.42,0.0,0.0,0.0,0.0,0,18202.0
61,5,0,0,0,0,252,1.0,1.0,0.01,0.06,0.0,255,15,0.06,0.07,0.0,1.0,1.0,0.0,1,14025.0
11,9,45,77,0,0,6,0.0,0.0,1.0,0.0,0.0,255,253,0.99,0.01,0.0,0.0,0.0,0.0,0,95902.0
11,9,42,82,0,0,184,0.0,0.0,1.0,0.0,0.0,255,255,1.0,0.0,0.0,0.0,0.0,0.0,0,27624.0
31,5,0,0,0,0,50,1.0,1.0,0.4,0.08,0.0,255,20,0.08,0.06,0.0,1.0,1.0,0.0,1,80458.0
5,5,0,0,0,0,103,1.0,1.0,0.08,0.06,0.0,255,8,0.03,0.06,0.0,1.0,1.0,0.0,1,79930.0
37,5,0,0,0,0,261,1.0,1.0,0.01,0.06,0.0,255,11,0.04,0.07,0.0,1.0,1.0,0.0,1,24475.0
4,5,0,0,0,0,232,1.0,1.0,0.07,0.05,0.0,190,17,0.09,0.06,0.0,0.99,1.0,0.0,1,75087.0
22,9,310,2698,0,1,3,0.0,0.0,1.0,0.0,0.0,255,243,0.95,0.01,0.0,0.0,0.0,0.01,0,36525.0
22,9,177,35813,0,1,1,0.0,0.0,1.0,0.0,1.0,38,255,1.0,0.0,0.1,0.0,0.0,0.91,0,100372.0
22,9,285,572,0,1,10,0.0,0.0,1.0,0.0,0.18,163,255,1.0,0.0,0.02,0.0,0.0,0.0,0,108369.0
11,9,44,115,0,0,2,0.0,0.0,1.0,0.0,0.4,255,235,0.92,0.01,0.0,0.0,0.0,0.0,0,41467.0
13,9,8,0,0,0,1,0.0,0.0,1.0,0.0,1.0,2,138,1.0,0.0,0.5,0.0,0.0,0.0,1,78588.0
9,5,0,0,0,0,124,1.0,1.0,0.12,0.06,0.0,255,15,0.06,0.07,0.0,1.0,1.0,0.0,1,41032.0
22,9,200,321,0,1,16,0.0,0.0,1.0,0.0,0.0,16,255,1.0,0.0,0.02,0.0,0.0,0.0,0,55948.0
45,9,28,0,3,0,13,0.0,0.0,1.0,0.0,0.0,85,13,0.15,0.05,0.0,0.0,0.0,0.0,1,51717.0
4,5,0,0,0,0,212,1.0,1.0,0.08,0.06,0.0,255,18,0.07,0.06,0.0,1.0,1.0,0.0,1,3171.0
13,9,8,0,0,0,1,0.0,0.0,1.0,0.0,1.0,2,156,1.0,0.0,0.5,0.0,0.0,0.0,1,85748.0
22,9,237,1461,0,1,3,0.0,0.0,1.0,0.0,0.0,59,255,1.0,0.0,0.02,0.0,0.0,0.0,0,367.0
22,9,340,2431,0,1,3,0.0,0.0,1.0,0.0,0.5,145,255,1.0,0.0,0.01,0.0,0.0,0.0,0,119946.0
51,4,0,0,0,0,1,0.0,0.0,1.0,0.0,0.0,120,1,0.01,0.21,0.0,0.0,0.0,1.0,1,55031.0
4,1,0,0,0,0,269,0.0,0.0,0.06,0.07,0.0,255,15,0.06,0.07,0.0,0.0,0.0,1.0,1,121169.0
45,9,105,146,0,0,1,0.0,0.0,1.0,0.0,0.0,53,44,0.83,0.04,0.0,0.0,0.0,0.0,0,73066.0
45,9,105,147,0,0,2,0.0,0.0,1.0,0.0,0.0,255,212,0.83,0.01,0.0,0.0,0.0,0.0,0,54327.0
49,9,1785,328,0,1,1,0.0,0.0,1.0,0.0,0.0,169,115,0.36,0.02,0.02,0.0,0.0,0.0,0,77912.0
25,5,0,0,0,0,277,1.0,1.0,0.04,0.06,0.0,255,10,0.04,0.06,0.0,1.0,1.0,0.0,1,52414.0
18,9,1238,2451,0,1,1,0.0,0.0,1.0,0.0,0.0,255,107,0.42,0.02,0.0,0.0,0.0,0.0,1,103172.0
55,5,0,0,0,0,2,1.0,1.0,0.5,1.0,0.0,255,66,0.26,0.02,0.0,1.0,1.0,0.0,1,35024.0
11,9,46,46,0,0,194,0.0,0.0,1.0,0.0,0.0,255,255,1.0,0.0,0.0,0.0,0.0,0.0,0,8817.0
22,9,288,421,0,1,22,0.0,0.0,1.0,0.0,0.13,192,219,1.0,0.0,0.01,0.0,0.0,0.0,0,117627.0
22,9,480,6001,0,1,4,0.0,0.0,1.0,0.0,0.0,220,255,1.0,0.0,0.02,0.01,0.01,0.08,0,125792.0
45,1,0,0,0,0,382,0.06,0.0,0.0,1.0,0.0,255,1,0.0,1.0,0.0,0.09,0.0,1.0,1,73179.0
22,9,323,3080,0,1,5,0.0,0.0,1.0,0.0,0.23,114,255,1.0,0.0,0.01,0.0,0.0,0.0,0,102842.0
38,5,0,0,0,0,149,1.0,1.0,0.13,0.06,0.0,255,19,0.07,0.06,0.0,1.0,1.0,0.0,1,107494.0
49,9,3844,377,0,1,1,0.0,0.0,1.0,0.0,1.0,109,152,0.55,0.06,0.01,0.0,0.0,0.0,0,104257.0
11,9,45,75,0,0,257,0.0,0.0,1.0,0.0,0.0,255,236,0.93,0.01,0.0,0.0,0.0,0.0,0,38407.0
45,5,0,0,0,0,251,1.0,1.0,0.01,0.06,0.0,255,19,0.07,0.08,0.0,1.0,1.0,0.0,1,92187.0
45,1,0,0,0,0,1,0.0,0.0,1.0,0.0,0.0,255,1,0.0,0.27,0.0,0.0,0.0,1.0,1,4475.0
17,5,0,0,0,0,48,1.0,1.0,0.25,0.08,0.0,255,58,0.23,0.04,0.0,1.0,1.0,0.0,1,9307.0
19,5,0,0,0,0,66,1.0,1.0,0.15,0.06,0.0,255,30,0.12,0.06,0.0,1.0,1.0,0.0,1,38552.0
45,4,0,0,0,0,1,0.0,0.0,1.0,0.0,0.0,249,1,0.0,0.34,0.0,0.0,0.0,1.0,1,74011.0
41,1,0,0,0,0,483,0.07,0.0,0.0,1.0,0.0,255,1,0.0,1.0,0.0,0.04,0.0,1.0,1,115696.0
45,5,0,0,0,0,236,1.0,1.0,0.06,0.08,0.0,255,15,0.06,0.08,0.0,1.0,1.0,0.0,1,42272.0
22,9,355,1645,0,1,2,0.0,0.0,1.0,0.0,0.43,246,255,1.0,0.0,0.01,0.0,0.0,0.0,0,86378.0
45,5,0,0,0,0,121,1.0,1.0,0.14,0.07,0.0,221,1,0.0,0.07,0.0,1.0,1.0,0.0,1,67506.0
45,5,0,0,0,0,101,1.0,1.0,0.21,0.05,0.0,255,21,0.08,0.06,0.0,1.0,1.0,0.0,1,48691.0
14,9,520,0,0,0,451,0.0,0.0,1.0,0.0,0.0,204,204,1.0,0.0,0.0,0.0,0.0,0.0,1,96349.0
45,5,0,0,0,0,263,1.0,1.0,0.03,0.06,0.0,255,3,0.01,0.09,0.0,1.0,1.0,0.0,1,82060.0
11,9,41,151,0,0,64,0.0,0.0,1.0,0.0,0.01,255,254,1.0,0.01,0.0,0.0,0.0,0.0,0,67177.0
19,5,0,0,0,0,257,1.0,1.0,0.07,0.05,0.0,255,19,0.07,0.05,0.0,1.0,1.0,0.0,1,118749.0
22,9,244,7207,0,1,5,0.0,0.0,1.0,0.0,0.0,255,255,1.0,0.0,0.0,0.0,0.0,0.0,0,3036.0
41,9,147,105,0,0,1,0.0,0.0,1.0,0.0,0.0,255,1,0.0,0.76,0.0,0.0,0.0,0.0,0,44821.0
22,9,221,392,0,1,5,0.0,0.0,1.0,0.0,0.27,255,255,1.0,0.0,0.0,0.0,0.0,0.0,0,82842.0
22,9,309,412,0,1,19,0.0,0.0,1.0,0.0,0.14,211,255,1.0,0.0,0.01,0.0,0.0,0.0,0,62666.0
13,9,8,0,0,0,1,0.0,0.0,1.0,0.0,1.0,1,63,1.0,0.0,0.51,0.0,0.0,0.0,1,60911.0
22,9,237,2698,0,1,5,0.0,0.0,1.0,0.0,0.0,255,249,0.98,0.01,0.0,0.0,0.0,0.0,0,114017.0
22,8,306,2698,0,1,2,1.0,1.0,1.0,0.0,0.0,255,248,0.97,0.01,0.0,0.02,0.02,0.0,0,37900.0
41,9,147,105,0,0,1,0.0,0.0,1.0,0.0,0.0,255,2,0.01,0.53,0.0,0.0,0.0,0.0,0,76570.0
45,5,0,0,0,0,165,1.0,1.0,0.03,0.05,0.0,255,5,0.02,0.06,0.0,1.0,1.0,0.0,1,121017.0
11,9,43,135,0,0,237,0.0,0.0,1.0,0.01,0.01,255,245,0.96,0.01,0.0,0.0,0.0,0.0,0,49326.0
11,9,44,44,0,0,177,0.0,0.0,1.0,0.0,0.0,255,254,1.0,0.01,0.0,0.0,0.0,0.0,0,58481.0
49,9,1447,328,0,1,1,0.0,0.0,1.0,0.0,1.0,47,138,0.3,0.04,0.01,0.0,0.0,0.0,0,12098.0
22,9,220,1398,0,1,26,0.0,0.0,1.0,0.0,0.05,26,255,1.0,0.0,0.03,0.0,0.0,0.0,0,53.0
55,5,0,0,0,0,38,1.0,1.0,0.13,0.11,0.0,255,47,0.18,0.03,0.0,1.0,1.0,0.0,1,84191.0
22,9,338,555,0,1,20,0.0,0.0,1.0,0.0,0.09,255,255,1.0,0.0,0.0,0.0,0.0,0.0,0,50269.0
22,9,370,203,0,1,25,0.0,0.0,1.0,0.0,0.12,146,158,1.0,0.0,0.03,0.01,0.01,0.01,0,6441.0
11,9,43,43,0,0,203,0.0,0.0,1.0,0.0,0.0,255,255,1.0,0.0,0.0,0.0,0.0,0.0,0,98440.0
49,9,707,343,0,1,1,0.0,0.0,1.0,0.0,0.0,144,194,0.83,0.02,0.01,0.0,0.0,0.0,0,69257.0
14,9,30,0,0,0,2,0.0,0.0,1.0,0.0,0.0,244,244,1.0,0.0,0.0,0.0,0.0,0.0,0,113723.0
18,9,1519,4152,0,1,1,0.0,0.0,1.0,0.0,0.0,72,38,0.53,0.07,0.0,0.0,0.0,0.0,0,11011.0
22,9,308,2698,0,1,4,0.25,0.25,1.0,0.0,0.0,255,236,0.93,0.02,0.0,0.01,0.01,0.0,0,38152.0
19,9,14052,0,0,1,1,0.0,0.0,1.0,0.0,0.0,255,50,0.2,0.02,0.0,0.34,0.44,0.0,0,11772.0
14,9,1032,0,0,0,384,0.0,0.0,1.0,0.0,0.0,255,255,1.0,0.0,0.0,0.0,0.0,0.0,1,11864.0
63,5,0,0,0,0,174,1.0,1.0,0.02,0.06,0.0,255,6,0.02,0.06,0.0,1.0,1.0,0.0,1,63509.0
22,9,308,785,0,1,13,0.0,0.0,1.0,0.0,0.13,255,255,1.0,0.0,0.0,0.0,0.0,0.0,0,5318.0
22,1,0,0,0,0,1,0.0,0.0,1.0,0.0,0.0,17,253,1.0,0.0,0.16,0.0,0.0,0.98,0,61154.0
41,9,516,4,0,0,185,0.0,0.0,1.0,0.0,0.0,185,185,1.0,0.0,0.0,0.0,0.0,0.0,0,92316.0
45,5,0,0,0,0,284,1.0,1.0,0.05,0.06,0.0,255,16,0.06,0.08,0.0,1.0,1.0,0.0,1,7575.0
45,5,0,0,0,0,118,1.0,1.0,0.07,0.08,0.0,255,8,0.03,0.08,0.0,1.0,1.0,0.0,1,114060.0
49,9,2940,385,0,1,1,0.0,0.0,1.0,0.0,0.0,255,85,0.33,0.05,0.0,0.31,0.0,0.0,0,22063.0
45,1,0,0,0,0,112,0.0,0.0,0.11,0.06,0.0,255,13,0.05,0.07,0.0,0.0,0.0,1.0,1,90747.0
17,9,8,138,0,0,1,0.0,0.0,1.0,0.0,0.0,73,4,0.05,0.04,0.0,0.0,0.0,0.0,0,60008.0
11,9,44,150,0,0,133,0.0,0.0,1.0,0.0,0.02,255,254,1.0,0.01,0.0,0.0,0.0,0.0,0,4858.0
41,9,147,0,0,0,3,0.0,0.0,0.33,0.67,0.0,255,1,0.0,0.58,0.0,0.0,0.0,0.0,0,113396.0
19,9,245,0,0,1,2,0.0,0.0,0.5,1.0,0.0,137,42,0.08,0.05,0.05,0.01,0.0,0.0,0,14692.0
22,9,221,849,0,1,15,0.13,0.14,1.0,0.0,0.14,38,255,1.0,0.0,0.07,0.05,0.01,0.0,0,83703.0
8,5,0,0,0,0,124,1.0,1.0,0.09,0.06,0.0,255,9,0.04,0.07,0.0,1.0,1.0,0.0,1,80320.0
19,5,0,0,0,0,64,1.0,1.0,0.23,0.06,0.0,226,55,0.24,0.02,0.0,0.99,1.0,0.0,1,53423.0
55,5,0,0,0,0,37,1.0,1.0,0.16,0.11,0.0,255,65,0.25,0.03,0.0,1.0,1.0,0.0,1,13738.0
17,5,0,0,0,0,11,0.91,1.0,0.45,0.36,0.0,255,1,0.0,0.07,0.0,1.0,1.0,0.0,1,77345.0
22,9,235,12623,0,1,4,0.0,0.0,1.0,0.0,0.0,28,255,1.0,0.0,0.04,0.0,0.0,0.06,0,888.0
11,9,46,46,0,0,6,0.0,0.0,1.0,0.0,0.25,255,255,1.0,0.0,0.0,0.0,0.0,0.0,0,77928.0
45,5,0,0,0,0,102,1.0,1.0,0.18,0.08,0.0,255,18,0.07,0.07,0.0,1.0,1.0,0.0,1,106479.0
19,9,246,0,0,1,1,0.0,0.0,1.0,0.0,0.0,1,33,1.0,0.0,0.15,0.0,0.0,0.0,1,77630.0
19,9,1766,0,0,1,2,0.0,0.0,1.0,0.0,0.0,79,52,0.35,0.06,0.04,0.0,0.0,0.0,0,81434.0
11,9,44,115,0,0,1,0.0,0.0,1.0,0.0,1.0,84,78,0.93,0.02,0.0,0.0,0.0,0.0,0,101089.0
52,2,0,0,0,0,141,0.0,0.0,0.11,0.06,0.0,255,15,0.06,0.07,0.0,0.0,0.0,1.0,1,50202.0
45,5,0,0,0,0,28,1.0,1.0,0.79,0.07,0.0,255,22,0.09,0.06,0.0,1.0,1.0,0.0,1,1234.0
11,9,44,118,0,0,112,0.0,0.0,0.99,0.02,0.0,255,254,1.0,0.01,0.0,0.0,0.0,0.0,0,14238.0
11,9,46,132,0,0,143,0.0,0.0,1.0,0.0,0.01,255,255,1.0,0.0,0.0,0.0,0.0,0.0,0,27720.0
45,5,0,0,0,0,300,1.0,1.0,0.03,0.05,0.0,255,8,0.03,0.06,0.0,1.0,1.0,0.0,1,112867.0
49,9,1043,331,0,1,1,0.0,0.0,1.0,0.0,1.0,169,99,0.59,0.07,0.0,0.01,0.01,0.0,0,68947.0
13,9,8,0,0,0,1,0.0,0.0,1.0,0.0,1.0,2,96,1.0,0.0,0.5,0.0,0.0,0.0,1,19955.0
41,9,147,105,0,0,7,0.0,0.0,0.29,0.57,0.0,255,2,0.01,0.65,0.0,0.0,0.0,0.0,0,59446.0
11,9,44,78,0,0,155,0.0,0.0,1.0,0.0,0.02,255,232,0.91,0.01,0.0,0.0,0.0,0.0,0,63215.0
22,9,211,564,0,1,27,0.0,0.0,1.0,0.0,0.12,255,255,1.0,0.0,0.0,0.0,0.0,0.0,0,3860.0
2,1,0,0,0,0,225,0.0,0.0,0.02,0.07,0.0,255,5,0.02,0.07,0.0,0.0,0.0,1.0,1,54262.0
13,9,8,0,0,0,1,0.0,0.0,1.0,0.0,1.0,2,46,1.0,0.0,0.5,0.0,0.0,0.0,1,54496.0
22,9,276,3857,0,1,9,0.0,0.0,1.0,0.0,0.0,23,255,1.0,0.0,0.04,0.0,0.01,0.0,0,94501.0
45,1,0,0,0,0,41,0.0,0.0,0.27,0.07,0.0,255,2,0.01,0.07,0.0,0.0,0.0,1.0,1,46714.0
26,5,0,0,0,0,248,1.0,1.0,0.05,0.06,0.0,255,13,0.05,0.05,0.0,1.0,1.0,0.0,1,51343.0
22,9,296,1892,0,1,3,0.0,0.0,1.0,0.0,0.0,255,255,1.0,0.0,0.0,0.0,0.0,0.0,0,58114.0
19,5,0,0,0,0,248,1.0,1.0,0.03,0.06,0.0,255,7,0.03,0.07,0.0,1.0,1.0,0.0,1,121647.0
11,9,29,79,0,0,1,0.0,0.0,1.0,0.0,1.0,15,233,1.0,0.0,0.01,0.0,0.0,0.0,0,35928.0
22,1,0,0,0,0,31,0.0,0.0,1.0,0.0,0.0,184,195,1.0,0.0,0.03,0.01,0.01,0.38,0,91474.0
5,1,0,0,0,0,101,0.0,0.0,0.01,0.07,0.0,255,1,0.0,0.07,0.0,0.0,0.0,1.0,1,125097.0
22,9,319,31512,0,1,28,0.0,0.0,1.0,0.0,0.0,28,255,1.0,0.0,0.05,0.0,0.0,0.0,0,31652.0
11,9,33,0,0,0,1,0.0,0.0,1.0,0.0,0.4,255,16,0.06,0.02,0.0,0.0,0.0,0.0,0,76724.0
22,1,0,0,0,0,1,0.0,0.0,1.0,0.0,0.0,12,246,1.0,0.0,0.15,0.0,0.0,0.98,0,112275.0
45,9,215,0,0,0,1,0.0,0.0,1.0,0.0,0.0,97,81,0.84,0.02,0.0,0.0,0.0,0.0,1,22116.0
22,9,254,2806,0,1,6,0.0,0.0,1.0,0.0,0.29,6,255,1.0,0.0,0.02,0.0,0.0,0.0,0,75756.0
45,5,0,0,0,0,218,1.0,1.0,0.03,0.07,0.0,255,1,0.0,0.07,0.0,1.0,1.0,0.0,1,73842.0
55,5,0,0,0,0,48,1.0,1.0,0.27,0.08,0.0,255,62,0.24,0.02,0.0,1.0,1.0,0.0,1,102775.0
19,5,0,0,0,0,36,1.0,1.0,0.22,0.11,0.0,198,48,0.24,0.02,0.0,0.99,1.0,0.0,1,8183.0
18,9,336,1069,0,1,1,0.0,0.0,1.0,0.0,0.0,87,9,0.1,0.08,0.0,0.0,0.0,0.0,0,88995.0
11,9,45,123,0,0,67,0.0,0.0,1.0,0.0,0.01,255,203,0.8,0.02,0.0,0.0,0.0,0.0,0,12513.0
55,9,99,2797,0,1,1,0.0,0.0,1.0,0.0,0.0,40,7,0.17,0.12,0.0,0.0,0.0,0.0,0,104452.0
21,5,0,0,0,0,227,1.0,1.0,0.08,0.06,0.0,255,19,0.07,0.07,0.0,1.0,1.0,0.0,1,101516.0
63,5,0,0,0,0,106,1.0,1.0,0.06,0.07,0.0,255,6,0.02,0.08,0.0,1.0,1.0,0.0,1,91801.0
11,9,35,0,0,0,2,0.0,0.0,1.0,0.0,0.29,126,14,0.11,0.05,0.0,0.0,0.0,0.0,0,57940.0
19,9,12,0,0,1,1,0.0,0.0,1.0,0.0,0.0,25,95,0.72,0.08,0.02,0.0,0.0,0.0,0,2369.0
22,9,192,1069,0,1,11,0.0,0.0,1.0,0.0,0.0,31,255,1.0,0.0,0.03,0.0,0.0,0.0,0,11411.0
50,5,0,0,0,0,230,1.0,1.0,0.03,0.06,0.0,255,19,0.07,0.06,0.0,1.0,1.0,0.0,1,71233.0
19,9,11,0,0,0,2,0.0,0.0,1.0,0.0,0.0,20,59,0.5,0.1,0.05,0.0,0.0,0.0,0,89635.0
22,1,0,0,0,0,1,0.0,0.0,1.0,0.0,0.0,18,230,1.0,0.0,0.15,0.0,0.0,1.0,0,68221.0
13,9,18,0,0,0,1,0.0,0.0,1.0,0.0,0.0,1,39,1.0,0.0,1.0,0.0,0.0,0.0,1,97015.0
9,5,0,0,0,0,271,1.0,1.0,0.07,0.06,0.0,255,20,0.08,0.07,0.0,1.0,1.0,0.0,1,115006.0
45,5,0,0,0,0,248,1.0,1.0,0.02,0.06,0.0,255,4,0.02,0.09,0.0,1.0,1.0,0.0,1,38527.0
14,9,1032,0,0,0,510,0.0,0.0,1.0,0.0,0.0,255,53,0.21,0.16,0.0,0.0,0.0,0.0,1,8106.0
22,5,0,0,0,0,2,0.5,0.5,1.0,0.0,0.0,50,255,1.0,0.0,0.02,0.02,0.01,0.0,0,114039.0
45,9,105,145,0,0,4,0.0,0.0,0.25,0.5,0.0,137,122,0.89,0.02,0.0,0.0,0.0,0.0,0,9629.0
21,5,0,0,0,0,239,1.0,1.0,0.01,0.06,0.0,255,2,0.01,0.07,0.0,1.0,1.0,0.0,1,53380.0
22,9,205,308,0,1,1,0.0,0.0,1.0,0.0,0.29,3,255,1.0,0.0,0.04,0.0,0.0,0.0,0,14111.0
22,9,214,294,0,1,15,0.0,0.0,1.0,0.0,0.0,21,255,1.0,0.0,0.09,0.0,0.0,0.87,0,78462.0
22,9,303,2698,0,1,2,0.0,0.0,1.0,0.0,0.0,255,222,0.87,0.01,0.0,0.0,0.0,0.0,0,52216.0
7,1,0,0,0,0,267,0.0,0.0,0.04,0.06,0.0,255,11,0.04,0.07,0.0,0.0,0.0,1.0,1,13646.0
15,5,0,0,0,0,141,1.0,1.0,0.11,0.06,0.0,255,16,0.06,0.06,0.0,1.0,1.0,0.0,1,1216.0
22,5,0,0,0,0,15,1.0,1.0,1.0,0.0,0.0,17,15,0.88,0.12,0.0,0.88,1.0,0.0,1,81099.0
11,9,43,125,0,0,26,0.0,0.0,1.0,0.0,0.03,216,157,0.73,0.01,0.0,0.0,0.0,0.0,0,84161.0
20,5,0,0,0,0,235,1.0,1.0,0.03,0.06,0.0,255,6,0.02,0.06,0.0,1.0,1.0,0.0,1,61275.0
45,5,0,0,0,0,132,1.0,1.0,0.12,0.05,0.0,255,29,0.11,0.05,0.0,1.0,1.0,0.0,1,18048.0
22,9,326,633,0,1,3,0.0,0.0,1.0,0.0,0.0,142,255,1.0,0.0,0.03,0.0,0.0,0.01,0,49926.0
56,9,564,0,0,0,2,0.0,0.0,1.0,0.0,0.0,45,2,0.04,0.09,0.0,0.0,0.0,0.0,0,93260.0
62,5,0,0,0,0,284,1.0,1.0,0.07,0.04,0.0,255,15,0.06,0.05,0.0,1.0,1.0,0.0,1,101429.0
22,9,325,5888,0,1,1,0.0,0.0,1.0,0.0,0.0,82,255,1.0,0.0,0.03,0.01,0.0,0.0,0,22904.0
33,1,0,0,0,0,245,0.0,0.0,0.04,0.07,0.0,255,11,0.04,0.07,0.0,0.0,0.0,1.0,1,45962.0
22,9,242,622,0,1,11,0.0,0.0,1.0,0.0,0.0,255,255,1.0,0.0,0.0,0.0,0.0,0.0,0,44241.0
41,1,0,0,0,0,1,0.0,0.0,1.0,0.0,0.0,10,10,1.0,0.0,0.0,0.0,0.0,1.0,0,93812.0
22,9,179,118,0,1,2,0.0,0.0,1.0,0.0,0.14,187,255,1.0,0.0,0.02,0.0,0.0,0.0,0,86204.0
19,9,3775,0,0,0,21,0.0,0.0,1.0,0.0,0.0,213,75,0.35,0.03,0.0,0.0,0.0,0.0,0,98867.0
45,5,0,0,0,0,28,1.0,1.0,0.11,0.18,0.0,255,3,0.01,0.08,0.0,1.0,1.0,0.0,1,85546.0
49,9,1194,328,0,1,1,0.0,0.0,1.0,0.0,1.0,168,140,0.69,0.03,0.01,0.0,0.0,0.0,0,79198.0
11,9,46,120,0,0,69,0.0,0.0,0.99,0.03,0.0,255,236,0.93,0.01,0.0,0.0,0.0,0.0,0,20009.0
45,5,0,0,0,0,105,1.0,1.0,0.19,0.05,0.0,255,20,0.08,0.05,0.0,1.0,1.0,0.0,1,95971.0
45,5,0,0,0,0,295,1.0,1.0,0.05,0.06,0.0,255,19,0.07,0.09,0.0,1.0,1.0,0.0,1,49658.0
45,5,0,0,0,0,186,1.0,1.0,0.1,0.06,0.0,255,6,0.02,0.07,0.0,1.0,1.0,0.0,1,26663.0
7,1,0,0,0,0,214,0.0,0.0,0.03,0.07,0.0,255,7,0.03,0.08,0.0,0.0,0.0,1.0,1,108043.0
45,4,0,0,0,0,1,0.0,0.0,1.0,0.0,0.0,88,1,0.01,0.47,0.0,0.07,0.0,1.0,1,108694.0
55,2,0,15,0,0,1,0.0,0.0,1.0,0.0,0.0,4,2,0.25,1.0,1.0,0.0,0.0,0.5,1,94207.0
38,5,0,0,0,0,103,1.0,1.0,0.06,0.07,0.0,255,6,0.02,0.06,0.0,1.0,1.0,0.0,1,18907.0
20,5,0,0,0,0,223,1.0,1.0,0.02,0.07,0.0,255,4,0.02,0.09,0.0,1.0,1.0,0.0,1,105536.0
22,9,381,7279,0,1,2,0.0,0.0,1.0,0.0,0.13,2,255,1.0,0.0,0.04,0.0,0.0,0.0,0,64438.0
39,5,0,0,0,0,189,1.0,1.0,0.01,0.07,0.0,255,1,0.0,0.08,0.0,1.0,1.0,0.0,1,7211.0
13,9,8,0,0,0,1,0.0,0.0,1.0,0.0,1.0,1,69,1.0,0.0,0.26,0.0,0.0,0.0,1,104444.0
21,5,0,0,0,0,259,1.0,1.0,0.02,0.07,0.0,255,4,0.02,0.07,0.0,1.0,1.0,0.0,1,41042.0
11,9,46,86,0,0,234,0.0,0.0,1.0,0.01,0.0,255,254,1.0,0.01,0.0,0.0,0.0,0.0,0,15962.0
13,9,8,0,0,0,1,0.0,0.0,1.0,0.0,1.0,2,84,1.0,0.0,0.5,0.0,0.0,0.0,1,2795.0
61,5,0,0,0,0,205,1.0,1.0,0.04,0.06,0.0,255,9,0.04,0.07,0.0,1.0,1.0,0.0,1,65321.0
14,9,1480,0,1,0,2,0.0,0.0,1.0,0.0,0.5,2,28,1.0,0.0,0.5,0.0,0.0,0.0,1,122281.0
55,2,0,0,0,0,226,0.0,0.0,0.04,0.07,0.0,255,9,0.04,0.08,0.0,0.0,0.0,1.0,1,118685.0
36,5,0,0,0,0,124,1.0,1.0,0.15,0.06,0.0,255,19,0.07,0.07,0.0,1.0,1.0,0.0,1,59947.0
19,9,852,0,0,1,2,0.0,0.0,1.0,0.0,0.0,255,51,0.2,0.02,0.0,0.33,0.43,0.0,0,57063.0
57,9,0,4,0,0,1,0.0,0.0,1.0,0.0,0.0,2,2,1.0,0.0,0.0,0.0,0.0,0.5,1,50046.0
45,4,0,0,0,0,1,0.0,0.0,1.0,0.0,0.0,162,1,0.01,0.4,0.0,0.0,0.0,1.0,1,43830.0
22,9,292,27919,0,1,2,0.0,0.0,1.0,0.0,0.0,255,255,1.0,0.0,0.0,0.0,0.0,0.0,0,68852.0
20,5,0,0,0,0,145,1.0,1.0,0.14,0.06,0.0,255,20,0.08,0.07,0.0,1.0,1.0,0.0,1,18887.0
45,5,0,0,0,0,288,1.0,1.0,0.06,0.06,0.0,255,5,0.02,0.09,0.0,1.0,1.0,0.0,1,31955.0
49,9,1682,329,0,1,1,0.0,0.0,1.0,0.0,1.0,165,131,0.51,0.02,0.02,0.0,0.02,0.0,0,106710.0
41,9,147,105,0,0,7,0.0,0.0,0.14,0.57,0.0,255,1,0.0,0.45,0.0,0.0,0.0,0.0,0,35766.0
11,9,46,77,0,0,179,0.0,0.0,1.0,0.0,0.0,255,255,1.0,0.0,0.0,0.0,0.0,0.0,0,65428.0
22,9,312,1195,0,1,14,0.0,0.0,1.0,0.0,0.0,255,255,1.0,0.0,0.0,0.0,0.0,0.0,0,13974.0
23,5,0,0,0,0,137,1.0,1.0,0.03,0.06,0.0,255,4,0.02,0.06,0.0,1.0,1.0,0.0,1,104689.0
19,9,203,0,0,0,2,0.0,0.0,1.0,0.0,0.0,73,39,0.38,0.07,0.05,0.0,0.0,0.0,0,89405.0
13,9,18,0,0,0,1,0.0,0.0,1.0,0.0,0.0,1,170,1.0,0.0,1.0,0.0,0.0,0.0,1,33700.0
45,1,0,0,0,0,147,0.04,0.0,0.01,0.99,0.0,255,1,0.0,0.58,0.0,0.02,0.0,1.0,1,96943.0
45,1,0,0,0,0,68,0.0,0.0,0.01,1.0,0.0,193,1,0.01,0.41,0.0,0.0,0.0,1.0,1,69866.0
28,5,0,0,0,0,23,1.0,1.0,0.3,0.13,0.0,255,7,0.03,0.07,0.0,1.0,1.0,0.0,1,46086.0
45,5,0,0,0,0,127,1.0,1.0,0.12,0.06,0.0,255,7,0.03,0.06,0.0,1.0,1.0,0.0,1,96271.0
19,9,740,0,0,0,1,0.0,0.0,1.0,0.0,0.0,52,60,0.04,0.06,0.03,0.0,0.0,0.0,0,42998.0
22,9,238,17068,0,1,11,0.0,0.0,1.0,0.0,0.15,11,255,1.0,0.0,0.01,0.0,0.0,0.0,0,35718.0
19,9,1874,0,0,1,12,0.0,0.0,1.0,0.0,0.0,35,24,0.51,0.14,0.08,0.0,0.0,0.0,0,78163.0
22,9,311,6304,0,1,9,0.0,0.0,1.0,0.0,0.0,18,255,1.0,0.0,0.01,0.0,0.0,0.0,0,104250.0
45,5,0,0,0,0,268,1.0,1.0,0.08,0.05,0.0,255,21,0.08,0.07,0.0,1.0,1.0,0.0,1,78296.0
45,9,105,146,0,0,4,0.0,0.0,0.25,0.5,0.0,255,245,0.96,0.01,0.0,0.0,0.0,0.0,0,71339.0
45,1,0,0,0,0,2,0.0,0.0,0.5,1.0,0.0,255,1,0.0,0.53,0.0,0.05,0.0,1.0,1,52545.0
19,9,8737,0,0,1,12,0.0,0.0,0.92,0.17,0.0,28,17,0.61,0.14,0.0,0.0,0.0,0.0,0,23446.0
22,9,219,962,0,1,8,0.0,0.0,1.0,0.0,0.14,34,186,1.0,0.0,0.05,0.0,0.0,0.0,0,75735.0
49,9,1241,327,0,1,5,0.0,0.0,0.2,0.6,1.0,255,13,0.05,0.6,0.0,0.0,0.0,0.0,0,8777.0
49,5,0,0,0,0,2,0.5,0.5,1.0,0.0,0.0,150,139,0.6,0.09,0.01,0.03,0.02,0.0,0,76017.0
8,5,0,0,0,0,230,1.0,1.0,0.08,0.04,0.0,255,19,0.07,0.05,0.0,1.0,1.0,0.0,1,97531.0
45,5,0,0,0,0,168,1.0,1.0,0.02,0.08,0.0,255,3,0.01,0.08,0.0,1.0,1.0,0.0,1,379.0
4,5,0,0,0,0,261,1.0,1.0,0.05,0.05,0.0,255,12,0.05,0.05,0.0,1.0,1.0,0.0,1,92835.0
45,1,0,0,0,0,89,0.0,0.0,0.17,0.07,0.0,255,28,0.11,0.05,0.0,0.0,0.0,1.0,1,100396.0
19,9,201,0,0,1,4,0.0,0.0,1.0,0.0,0.0,23,15,0.43,0.09,0.13,0.0,0.0,0.0,0,13427.0
45,9,105,147,0,0,8,0.0,0.0,0.12,0.25,0.0,255,208,0.82,0.01,0.0,0.0,0.0,0.0,0,37908.0
61,5,0,0,0,0,290,1.0,1.0,0.09,0.05,0.0,255,25,0.1,0.05,0.0,1.0,1.0,0.0,1,101973.0
22,9,318,762,0,1,13,0.0,0.0,1.0,0.0,0.0,255,255,1.0,0.0,0.0,0.0,0.0,0.0,0,123631.0
11,9,43,43,0,0,2,0.0,0.0,1.0,0.0,0.67,127,124,0.98,0.02,0.0,0.0,0.0,0.0,0,5310.0
39,5,0,0,0,0,187,1.0,1.0,0.08,0.06,0.0,255,11,0.04,0.08,0.0,1.0,1.0,0.0,1,82255.0
45,5,0,0,0,0,146,1.0,1.0,0.05,0.05,0.0,96,7,0.07,0.07,0.0,1.0,1.0,0.0,1,78003.0
45,1,0,0,0,0,50,0.0,0.0,0.24,0.06,0.0,255,2,0.01,0.07,0.0,0.0,0.0,1.0,1,124880.0
13,9,8,0,0,0,1,0.0,0.0,1.0,0.0,1.0,1,7,1.0,0.0,0.57,0.0,0.0,0.0,1,7309.0
29,1,0,0,0,0,131,0.0,0.0,0.15,0.06,0.0,255,19,0.07,0.06,0.0,0.0,0.0,1.0,1,27189.0
45,5,0,0,0,0,81,1.0,1.0,0.14,0.06,0.0,255,14,0.05,0.08,0.0,1.0,1.0,0.0,1,69352.0
45,5,0,0,0,0,227,1.0,1.0,0.07,0.05,0.0,255,16,0.06,0.05,0.0,1.0,1.0,0.0,1,88637.0
45,1,0,0,0,0,100,0.0,0.0,0.1,0.07,0.0,255,22,0.09,0.05,0.0,0.0,0.0,1.0,1,49983.0
11,9,34,94,0,0,8,0.0,0.0,0.75,0.25,0.07,255,237,0.93,0.01,0.0,0.0,0.0,0.0,0,54270.0
6,5,0,0,0,0,142,1.0,1.0,0.02,0.06,0.0,255,1,0.0,0.07,0.0,1.0,1.0,0.0,1,42694.0
22,9,227,1528,0,1,3,0.33,0.33,1.0,0.0,0.0,210,239,1.0,0.0,0.01,0.0,0.01,0.03,0,89337.0
22,9,260,784,0,1,2,0.0,0.0,1.0,0.0,0.0,169,255,1.0,0.0,0.01,0.01,0.0,0.03,0,62210.0
22,9,217,1324,0,1,1,0.0,0.0,1.0,0.0,0.0,1,255,1.0,0.0,0.02,0.0,0.01,0.0,0,96961.0
25,5,0,0,0,0,263,1.0,1.0,0.06,0.05,0.0,255,15,0.06,0.05,0.0,1.0,1.0,0.0,1,31227.0
19,9,567,0,0,0,1,0.0,0.0,1.0,0.0,0.0,255,109,0.43,0.02,0.0,0.0,0.0,0.0,0,58952.0
3,9,14,41,0,1,1,0.0,0.0,1.0,0.0,0.0,1,6,1.0,0.0,0.33,0.0,0.0,0.0,0,11645.0
62,5,0,0,0,0,238,1.0,1.0,0.08,0.05,0.0,255,3,0.01,0.07,0.0,1.0,1.0,0.0,1,64289.0
14,9,1032,0,0,0,511,0.0,0.0,1.0,0.0,0.0,202,108,0.53,0.03,0.0,0.01,0.0,0.0,1,108210.0
11,9,44,74,0,0,264,0.0,0.0,1.0,0.01,0.01,255,243,0.95,0.01,0.0,0.0,0.0,0.0,0,50621.0
22,9,218,4729,0,1,20,0.0,0.0,1.0,0.0,0.09,49,255,1.0,0.0,0.01,0.0,0.0,0.0,0,58857.0
22,9,327,660,0,1,8,0.0,0.0,1.0,0.0,0.0,8,252,1.0,0.0,0.04,0.0,0.0,0.0,0,1478.0
49,9,778,330,0,1,1,0.0,0.0,1.0,0.0,0.0,11,41,0.91,0.18,0.05,0.0,0.0,0.0,0,122540.0
45,9,1,0,0,0,62,0.0,0.0,0.26,0.08,0.0,255,39,0.15,0.22,0.0,0.0,0.0,0.0,1,79099.0
45,5,0,0,0,0,2,0.5,1.0,0.5,1.0,0.0,255,1,0.0,1.0,0.0,0.02,1.0,0.0,1,73007.0
63,1,0,0,0,0,230,0.0,0.0,0.06,0.06,0.0,255,13,0.05,0.07,0.0,0.0,0.0,1.0,1,87551.0
22,9,334,277,0,1,10,0.0,0.0,1.0,0.0,0.0,67,63,0.94,0.03,0.0,0.0,0.0,0.0,0,18760.0
22,9,310,4899,0,1,4,0.0,0.0,1.0,0.0,0.0,18,255,1.0,0.0,0.04,0.0,0.0,0.0,0,120762.0
14,9,30,0,0,0,1,0.0,0.0,1.0,0.0,0.0,209,209,1.0,0.0,0.0,0.0,0.0,0.0,0,52593.0
41,9,146,105,0,0,1,0.0,0.0,1.0,0.0,0.0,255,1,0.0,0.79,0.0,0.0,0.0,0.0,0,18247.0
49,9,1130,329,0,1,1,0.0,0.0,1.0,0.0,1.0,66,142,0.58,0.06,0.02,0.0,0.0,0.0,0,26622.0
14,9,1032,0,0,0,510,0.0,0.0,1.0,0.0,0.0,255,244,0.96,0.01,0.0,0.0,0.0,0.0,1,37800.0
17,5,0,0,0,0,23,1.0,1.0,0.26,0.17,0.0,255,47,0.18,0.05,0.0,1.0,1.0,0.0,1,91120.0
49,9,2712,328,0,1,1,0.0,0.0,1.0,0.0,0.0,165,243,0.98,0.02,0.01,0.0,0.0,0.0,0,110080.0
22,9,321,36644,0,1,4,0.0,0.0,1.0,0.0,0.0,36,255,1.0,0.0,0.02,0.0,0.0,0.0,0,26739.0
22,9,322,1695,0,1,10,0.0,0.0,1.0,0.0,0.1,58,255,1.0,0.0,0.07,0.0,0.0,0.88,0,84990.0
45,4,1,0,0,0,2,0.0,0.0,1.0,0.0,0.0,255,2,0.01,0.5,0.0,0.0,0.0,1.0,1,11253.0
22,9,184,783,0,1,17,0.0,0.0,1.0,0.0,0.09,17,255,1.0,0.0,0.01,0.0,0.0,0.0,0,1518.0
22,9,203,1072,0,1,4,0.0,0.0,1.0,0.0,0.0,26,165,1.0,0.0,0.04,0.0,0.0,0.0,0,49814.0
34,1,0,0,0,0,243,0.0,0.0,0.03,0.07,0.0,255,7,0.03,0.07,0.0,0.0,0.0,1.0,1,44031.0
45,5,0,0,0,0,145,1.0,1.0,0.1,0.06,0.0,255,14,0.05,0.06,0.0,1.0,1.0,0.0,1,107261.0
22,9,308,8485,0,1,9,0.0,0.0,1.0,0.0,0.0,255,255,1.0,0.0,0.0,0.0,0.0,0.0,0,53910.0
19,9,854,0,0,0,2,0.0,0.0,1.0,0.0,0.0,108,13,0.12,0.05,0.0,0.0,0.0,0.0,0,54630.0
31,2,0,0,0,0,148,0.0,0.0,0.14,0.06,0.0,255,20,0.08,0.06,0.0,0.0,0.0,1.0,1,60237.0
45,5,0,0,0,0,149,1.0,1.0,0.09,0.05,0.0,255,5,0.02,0.07,0.0,1.0,1.0,0.0,1,61662.0
22,9,240,1315,0,1,25,0.0,0.0,1.0,0.0,0.1,255,255,1.0,0.0,0.0,0.0,0.0,0.0,0,80923.0
13,9,8,0,0,0,1,0.0,0.0,1.0,0.0,1.0,2,180,1.0,0.0,0.5,0.0,0.0,0.0,1,99721.0
22,9,310,16090,0,1,12,0.0,0.0,1.0,0.0,0.0,25,255,1.0,0.0,0.05,0.0,0.0,0.0,0,27808.0
22,9,310,3222,0,1,5,0.0,0.0,1.0,0.0,0.0,255,234,0.92,0.01,0.0,0.01,0.01,0.0,0,17535.0
45,5,0,0,0,0,284,1.0,1.0,0.07,0.06,0.0,255,10,0.04,0.07,0.0,1.0,1.0,0.0,1,64685.0
22,9,294,885,0,1,14,0.0,0.0,1.0,0.0,0.0,255,255,1.0,0.0,0.0,0.0,0.0,0.0,0,78248.0
13,9,30,0,0,0,9,0.0,0.0,0.11,0.33,0.0,255,5,0.02,0.01,0.0,0.0,0.0,0.0,0,115998.0
18,5,0,0,0,0,209,1.0,1.0,0.09,0.06,0.0,255,17,0.07,0.06,0.0,1.0,1.0,0.0,1,113830.0
19,9,334,0,0,1,1,0.0,0.0,1.0,0.0,0.0,3,45,1.0,0.0,0.16,0.0,0.0,0.0,1,19608.0
22,5,0,0,0,0,39,1.0,1.0,0.31,0.1,0.0,201,52,0.26,0.02,0.0,0.99,1.0,0.0,1,17786.0
21,1,0,0,0,0,145,0.0,0.0,0.13,0.06,0.0,255,18,0.07,0.06,0.0,0.0,0.0,1.0,1,86716.0
19,9,383,0,0,1,2,0.0,0.0,1.0,0.0,0.0,222,81,0.36,0.03,0.0,0.0,0.01,0.0,0,119834.0
45,5,0,0,0,0,466,0.06,1.0,0.0,1.0,0.0,255,1,0.0,1.0,0.0,0.09,1.0,0.0,1,101730.0
22,9,318,645,0,1,15,0.0,0.0,1.0,0.0,0.14,255,255,1.0,0.0,0.0,0.0,0.0,0.0,0,88893.0
22,9,279,2034,0,1,3,0.0,0.0,1.0,0.0,0.4,73,255,1.0,0.0,0.04,0.0,0.0,0.0,0,34770.0
22,9,187,316,0,1,5,0.0,0.0,1.0,0.0,0.29,255,255,1.0,0.0,0.0,0.0,0.0,0.0,0,98037.0
33,5,0,0,0,0,190,1.0,1.0,0.03,0.06,0.0,255,5,0.02,0.06,0.0,1.0,1.0,0.0,1,106946.0
14,9,520,0,0,0,464,0.0,0.0,1.0,0.0,0.0,34,34,1.0,0.0,0.0,0.0,0.0,0.0,1,105515.0
20,5,0,0,0,0,238,1.0,1.0,0.01,0.07,0.0,255,3,0.01,0.08,0.0,1.0,1.0,0.0,1,7060.0
13,9,30,0,0,0,5,0.0,0.0,0.2,0.6,0.0,255,5,0.02,0.01,0.0,0.0,0.0,0.0,0,100163.0
22,9,197,8673,0,1,2,0.0,0.0,1.0,0.0,0.0,255,255,1.0,0.0,0.0,0.0,0.0,0.0,0,64226.0
17,5,0,0,0,0,26,0.92,1.0,0.15,0.15,0.0,255,5,0.02,0.06,0.0,1.0,1.0,0.0,1,12592.0
45,1,0,0,0,0,147,0.0,0.0,0.03,0.06,0.0,255,5,0.02,0.06,0.0,0.0,0.0,1.0,1,43902.0
22,9,263,1296,0,1,8,0.0,0.0,1.0,0.0,0.0,255,255,1.0,0.0,0.0,0.0,0.0,0.0,0,92041.0
22,9,236,1109,0,1,12,0.0,0.0,1.0,0.0,0.0,180,255,1.0,0.0,0.01,0.0,0.0,0.0,0,49722.0
41,9,146,105,0,0,2,0.0,0.0,1.0,0.0,0.0,182,2,0.01,0.49,0.0,0.0,0.0,0.0,0,39416.0
8,5,0,0,0,0,109,1.0,1.0,0.08,0.06,0.0,255,9,0.04,0.07,0.0,1.0,1.0,0.0,1,82848.0
22,9,218,303,0,1,2,0.0,0.0,1.0,0.0,0.0,147,255,1.0,0.0,0.03,0.0,0.0,0.0,0,110617.0
20,5,0,0,0,0,207,1.0,1.0,0.01,0.08,0.0,255,3,0.01,0.08,0.0,1.0,1.0,0.0,1,104122.0
45,1,0,0,0,0,114,0.0,0.0,0.04,0.08,0.0,39,5,0.13,0.15,0.0,0.0,0.0,1.0,1,118364.0
55,9,81,1226,0,1,1,0.0,0.0,1.0,0.0,0.0,47,14,0.3,0.09,0.0,0.02,0.07,0.0,0,8287.0
11,9,44,126,0,0,74,0.0,0.0,1.0,0.0,0.01,255,237,0.93,0.01,0.0,0.0,0.0,0.0,0,57375.0
22,9,198,1111,0,1,3,0.0,0.0,1.0,0.0,0.0,63,255,1.0,0.0,0.05,0.0,0.0,0.0,0,12753.0
22,9,318,1460,0,1,16,0.0,0.0,1.0,0.0,0.06,89,255,1.0,0.0,0.02,0.0,0.0,0.0,0,71908.0
45,5,0,0,0,0,106,1.0,1.0,0.06,0.07,0.0,255,2,0.01,0.09,0.0,1.0,1.0,0.0,1,66538.0
22,9,214,253,0,1,18,0.0,0.0,1.0,0.0,0.1,114,255,1.0,0.0,0.02,0.0,0.0,0.0,0,19802.0
45,5,0,0,0,0,271,1.0,1.0,0.06,0.06,0.0,255,15,0.06,0.07,0.0,1.0,1.0,0.0,1,34815.0
4,5,0,0,0,0,275,1.0,1.0,0.04,0.05,0.0,255,10,0.04,0.05,0.0,1.0,1.0,0.0,1,51141.0
13,9,8,0,0,0,1,0.0,0.0,1.0,0.0,1.0,4,32,1.0,0.0,0.25,0.0,0.0,0.0,1,47969.0
55,5,0,0,0,0,70,1.0,1.0,0.27,0.06,0.0,255,39,0.15,0.06,0.0,1.0,1.0,0.0,1,36086.0
22,9,161,760,0,1,2,0.0,0.0,1.0,0.0,0.0,2,255,1.0,0.0,0.02,0.0,0.0,0.0,0,14897.0
57,2,0,0,0,0,119,0.0,0.0,0.03,0.07,0.0,255,4,0.02,0.07,0.0,0.0,0.0,1.0,1,55075.0
14,9,520,0,0,0,445,0.0,0.0,1.0,0.0,0.0,209,209,1.0,0.0,0.0,0.0,0.0,0.0,1,19948.0
45,5,0,0,0,0,205,1.0,1.0,0.01,0.07,0.0,255,17,0.07,0.07,0.0,1.0,1.0,0.0,1,67535.0
45,5,0,0,0,0,198,1.0,1.0,0.05,0.07,0.0,255,10,0.04,0.06,0.0,1.0,1.0,0.0,1,80939.0
19,9,172,0,0,0,1,0.0,0.0,1.0,0.0,0.0,123,55,0.4,0.05,0.04,0.01,0.02,0.0,0,95916.0
41,9,147,105,0,0,1,0.0,0.0,1.0,0.0,0.0,255,1,0.0,0.86,0.0,0.0,0.0,0.0,0,64763.0
22,9,163,1510,0,1,3,0.0,0.0,1.0,0.0,0.29,3,255,1.0,0.0,0.01,0.0,0.0,0.0,0,22576.0
26,5,0,0,0,0,262,1.0,1.0,0.06,0.06,0.0,255,16,0.06,0.07,0.0,1.0,1.0,0.0,1,60020.0
22,9,239,358,0,1,1,0.0,0.0,1.0,0.0,0.0,44,255,1.0,0.0,0.04,0.0,0.0,0.0,0,112827.0
45,1,0,0,0,0,162,0.05,0.0,0.01,1.0,0.0,255,1,0.0,0.8,0.0,0.03,0.0,1.0,1,210.0
45,5,0,0,0,0,141,1.0,1.0,0.09,0.06,0.0,255,13,0.05,0.08,0.0,1.0,1.0,0.0,1,88526.0
49,9,2571,327,0,1,1,0.0,0.0,1.0,0.0,0.0,255,135,0.53,0.03,0.0,0.01,0.01,0.0,0,16900.0
22,9,233,2226,0,1,45,0.0,0.0,1.0,0.0,0.0,255,255,1.0,0.0,0.0,0.0,0.0,0.0,0,83514.0
19,9,5558,0,0,1,13,0.0,0.0,1.0,0.0,0.0,152,46,0.19,0.03,0.04,0.01,0.02,0.0,0,56905.0
45,5,0,0,0,0,62,1.0,1.0,0.05,0.08,0.0,211,3,0.01,0.07,0.0,1.0,1.0,0.0,1,63589.0
45,1,0,0,0,0,234,0.0,0.0,0.08,0.06,0.0,255,19,0.07,0.08,0.0,0.0,0.0,1.0,1,16965.0
49,9,1172,329,0,1,2,0.0,0.0,0.5,1.0,0.0,17,180,0.82,0.18,0.02,0.0,0.01,0.0,0,32677.0
22,9,251,4214,0,1,4,0.0,0.0,1.0,0.0,0.0,255,255,1.0,0.0,0.0,0.0,0.0,0.0,0,110549.0
22,9,305,951,0,1,10,0.0,0.0,1.0,0.0,0.15,211,255,1.0,0.0,0.02,0.0,0.0,0.0,0,48781.0
54,5,0,0,0,0,219,1.0,1.0,0.08,0.06,0.0,255,17,0.07,0.06,0.0,1.0,1.0,0.0,1,64992.0
22,9,191,2241,0,1,4,0.0,0.0,1.0,0.0,0.31,255,255,1.0,0.0,0.0,0.0,0.0,0.0,0,84038.0
5,5,0,0,0,0,145,1.0,1.0,0.11,0.06,0.0,255,16,0.06,0.05,0.0,1.0,1.0,0.0,1,73169.0
22,5,0,0,0,0,5,0.8,1.0,0.8,0.4,0.0,255,5,0.02,0.07,0.0,1.0,1.0,0.0,1,67882.0
55,5,0,0,0,0,110,1.0,1.0,0.09,0.06,0.0,255,29,0.11,0.06,0.0,1.0,1.0,0.0,1,16069.0
45,1,0,0,0,0,124,0.0,0.0,0.06,0.07,0.0,255,8,0.03,0.06,0.0,0.0,0.0,1.0,1,116183.0
3,5,0,0,0,0,240,1.0,1.0,0.03,0.07,0.0,255,8,0.03,0.07,0.0,1.0,1.0,0.0,1,91729.0
11,9,45,66,0,0,72,0.0,0.0,1.0,0.0,0.01,255,254,1.0,0.01,0.0,0.0,0.0,0.0,0,87190.0
29,5,0,0,0,0,235,1.0,1.0,0.05,0.06,0.0,255,12,0.05,0.06,0.0,1.0,1.0,0.0,1,54929.0
22,9,219,767,0,1,13,0.0,0.0,1.0,0.0,0.0,135,255,1.0,0.0,0.02,0.0,0.0,0.0,0,14492.0
11,9,42,42,0,0,3,0.0,0.0,1.0,0.0,0.6,72,68,0.94,0.04,0.0,0.0,0.0,0.0,0,8553.0
22,9,374,289,0,1,13,0.0,0.0,1.0,0.0,0.14,250,255,1.0,0.0,0.01,0.0,0.0,0.0,0,64524.0
49,9,1348,322,0,1,1,0.0,0.0,1.0,0.0,0.0,220,245,0.96,0.01,0.01,0.0,0.0,0.0,0,107192.0
10,5,0,0,0,0,217,1.0,1.0,0.11,0.06,0.0,255,23,0.09,0.05,0.0,1.0,1.0,0.0,1,88887.0
32,1,0,0,0,0,277,0.0,0.0,0.03,0.06,0.0,255,9,0.04,0.07,0.0,0.0,0.0,1.0,1,21703.0
19,9,1470,0,0,1,2,0.0,0.0,1.0,0.0,0.0,8,37,1.0,0.0,0.08,0.0,0.0,0.0,1,56671.0
27,5,0,0,0,0,98,1.0,1.0,0.12,0.06,0.0,255,15,0.06,0.06,0.0,1.0,1.0,0.0,1,71749.0
19,9,2878,0,0,1,2,0.0,0.0,0.5,1.0,0.0,30,28,0.93,0.1,0.0,0.0,0.0,0.0,0,117994.0
55,2,0,15,0,0,1,0.0,0.0,1.0,0.0,0.0,4,2,0.25,1.0,1.0,0.0,0.0,0.5,1,76813.0
62,5,0,0,0,0,204,1.0,1.0,0.01,0.06,0.0,255,2,0.01,0.06,0.0,1.0,1.0,0.0,1,121638.0
22,9,297,753,0,1,24,0.0,0.0,1.0,0.0,0.08,255,255,1.0,0.0,0.0,0.0,0.0,0.0,0,1270.0
13,9,8,0,0,0,1,0.0,0.0,1.0,0.0,1.0,1,44,1.0,0.0,0.52,0.0,0.0,0.0,1,94064.0
55,5,0,0,0,0,71,1.0,1.0,0.28,0.06,0.0,255,40,0.16,0.06,0.0,1.0,1.0,0.0,1,10250.0
22,9,208,762,0,1,4,0.0,0.0,1.0,0.0,0.17,16,255,1.0,0.0,0.01,0.0,0.0,0.0,0,57809.0
17,5,0,0,0,0,235,1.0,1.0,0.05,0.07,0.0,255,12,0.05,0.07,0.0,1.0,1.0,0.0,1,72594.0
22,9,269,686,0,1,24,0.0,0.0,1.0,0.0,0.0,96,255,1.0,0.0,0.04,0.0,0.0,0.0,0,47035.0
45,5,0,0,0,0,219,1.0,1.0,0.02,0.06,0.0,255,6,0.02,0.08,0.0,1.0,1.0,0.0,1,31991.0
22,9,54540,8314,0,1,4,0.0,0.0,1.0,0.0,0.0,101,101,1.0,0.0,0.0,0.0,0.0,0.15,1,44172.0
11,9,45,138,0,0,56,0.0,0.0,1.0,0.0,0.01,114,200,0.87,0.02,0.01,0.0,0.0,0.0,0,14816.0
19,9,1010,0,0,0,2,0.0,0.0,1.0,0.0,0.0,255,134,0.53,0.01,0.0,0.0,0.01,0.0,0,56820.0
33,5,0,0,0,0,175,1.0,1.0,0.02,0.07,0.0,255,4,0.02,0.07,0.0,1.0,1.0,0.0,1,11341.0
49,9,1095,328,0,1,1,0.0,0.0,1.0,0.0,1.0,83,128,0.49,0.06,0.02,0.0,0.0,0.0,0,43195.0
22,9,192,5424,0,1,20,0.0,0.0,1.0,0.0,0.0,67,255,1.0,0.0,0.04,0.0,0.0,0.0,0,125903.0
41,9,146,105,0,0,1,0.0,0.0,1.0,0.0,0.0,255,3,0.01,0.54,0.0,0.0,0.0,0.0,0,37760.0
22,9,328,2175,0,1,8,0.0,0.0,1.0,0.0,0.22,26,255,1.0,0.0,0.02,0.0,0.0,0.0,0,109927.0
62,1,0,0,0,0,182,0.0,0.0,0.11,0.06,0.0,255,20,0.08,0.07,0.0,0.0,0.0,1.0,1,75077.0
45,1,0,0,0,0,127,0.01,0.0,0.01,1.0,0.0,252,1,0.0,0.53,0.0,0.0,0.0,1.0,1,18167.0
19,9,151,0,0,1,17,0.0,0.0,1.0,0.0,0.0,6,73,1.0,0.0,0.04,0.0,0.0,0.0,0,38934.0
45,1,0,0,0,0,34,0.18,0.0,0.03,1.0,0.0,255,1,0.0,0.46,0.0,0.02,0.0,1.0,1,66476.0
41,9,1,0,0,0,2,0.0,0.0,1.0,0.0,0.0,255,2,0.01,0.16,0.0,0.0,0.0,0.0,1,83767.0
45,4,0,0,0,0,1,0.0,0.0,1.0,0.0,0.0,250,1,0.0,0.34,0.0,0.0,0.0,1.0,1,29657.0
19,9,6062,0,0,1,4,0.0,0.0,1.0,0.0,0.0,11,52,0.91,0.18,0.04,0.0,0.0,0.0,0,5797.0
27,5,0,0,0,0,140,1.0,1.0,0.04,0.06,0.0,255,4,0.02,0.05,0.0,1.0,1.0,0.0,1,99464.0
34,5,0,0,0,0,263,1.0,1.0,0.0,0.06,0.0,255,20,0.08,0.07,0.0,1.0,1.0,0.0,1,15459.0
22,9,285,3083,0,1,3,0.0,0.0,1.0,0.0,0.0,10,255,1.0,0.0,0.02,0.0,0.0,0.0,0,80613.0
49,9,977,336,0,1,1,0.0,0.0,1.0,0.0,0.0,91,139,0.48,0.05,0.02,0.0,0.0,0.0,0,36356.0
22,9,204,1337,0,1,30,0.0,0.0,1.0,0.0,0.06,255,255,1.0,0.0,0.0,0.0,0.0,0.0,0,68555.0
45,1,0,0,0,0,1,0.0,0.0,1.0,0.0,0.0,33,1,0.03,1.0,0.0,0.0,0.0,1.0,1,47712.0
49,9,1754,363,0,1,1,0.0,0.0,1.0,0.0,1.0,69,159,0.65,0.06,0.02,0.0,0.01,0.0,0,89149.0
34,5,0,0,0,0,103,1.0,1.0,0.03,0.07,0.0,255,3,0.01,0.08,0.0,1.0,1.0,0.0,1,113157.0
19,9,245,0,0,0,1,0.0,0.0,1.0,0.0,0.0,73,49,0.03,0.08,0.04,0.0,0.0,0.0,0,24979.0
21,5,0,0,0,0,266,1.0,1.0,0.08,0.06,0.0,255,20,0.08,0.07,0.0,1.0,1.0,0.0,1,124951.0
11,9,35,95,0,0,1,0.0,0.0,1.0,0.0,0.0,55,39,0.71,0.07,0.0,0.0,0.0,0.0,0,48661.0
41,1,0,0,0,0,509,0.06,0.0,0.0,0.96,0.0,255,1,0.0,1.0,0.0,0.04,0.0,1.0,1,20742.0
22,9,278,296,0,1,3,0.33,0.06,1.0,0.0,0.25,255,255,1.0,0.0,0.0,0.0,0.0,0.0,0,77533.0
22,9,315,1175,0,1,3,0.0,0.0,1.0,0.0,0.0,3,255,1.0,0.0,0.02,0.0,0.0,0.0,0,27689.0
19,9,9,0,0,1,2,0.0,0.0,1.0,0.0,0.0,18,66,0.33,0.17,0.03,0.0,0.0,0.0,0,80718.0
22,9,279,10726,0,1,11,0.0,0.0,1.0,0.0,0.11,11,255,1.0,0.0,0.06,0.0,0.0,0.0,0,21431.0
22,9,279,1026,0,1,30,0.0,0.0,1.0,0.0,0.06,255,255,1.0,0.0,0.0,0.0,0.0,0.0,0,23857.0
22,9,330,3983,0,1,12,0.0,0.0,1.0,0.0,0.0,90,255,1.0,0.0,0.07,0.0,0.01,0.0,0,48391.0
22,9,248,11732,0,1,1,0.0,0.0,1.0,0.0,0.0,13,255,1.0,0.0,0.04,0.0,0.0,0.0,0,3819.0
45,1,0,0,0,0,129,0.0,0.0,0.05,0.07,0.0,255,3,0.01,0.06,0.0,0.0,0.0,1.0,1,18523.0
45,5,0,0,0,0,269,1.0,1.0,0.01,0.07,0.0,255,4,0.02,0.09,0.0,1.0,1.0,0.0,1,58913.0
22,9,368,327,0,1,1,0.0,0.0,1.0,0.0,0.19,13,255,1.0,0.0,0.01,0.0,0.0,0.0,0,81500.0
22,9,214,1502,0,1,13,0.0,0.0,1.0,0.0,0.12,92,255,1.0,0.0,0.04,0.0,0.04,0.0,0,67249.0
22,1,0,0,0,0,1,0.0,0.0,1.0,0.0,0.0,200,175,0.88,0.03,0.0,0.0,0.0,1.0,0,3366.0
22,9,54540,8314,0,1,2,0.0,0.0,1.0,0.0,0.0,203,203,1.0,0.0,0.0,0.0,0.0,0.05,1,70126.0
54,5,0,0,0,0,230,1.0,1.0,0.03,0.06,0.0,255,6,0.02,0.06,0.0,1.0,1.0,0.0,1,50318.0
45,5,0,0,0,0,258,1.0,1.0,0.08,0.05,0.0,255,20,0.08,0.07,0.0,1.0,1.0,0.0,1,82595.0
22,9,305,633,0,1,2,0.0,0.0,1.0,0.0,0.67,113,255,1.0,0.0,0.03,0.0,0.0,0.0,0,108783.0
11,9,42,42,0,0,8,0.0,0.0,1.0,0.0,0.27,255,230,0.9,0.01,0.0,0.0,0.0,0.0,0,106341.0
22,1,0,0,0,0,1,0.0,0.0,1.0,0.0,0.0,17,151,1.0,0.0,0.03,0.0,0.0,1.0,0,109911.0
40,9,48,48,0,0,1,0.0,0.0,1.0,0.0,0.0,249,16,0.06,0.01,0.0,0.0,0.0,0.0,0,79672.0
11,9,46,112,0,0,77,0.0,0.0,1.0,0.0,0.01,233,183,0.79,0.01,0.0,0.0,0.0,0.0,0,91745.0
15,1,0,0,0,0,71,0.0,0.0,0.04,0.07,0.0,255,3,0.01,0.07,0.0,0.0,0.0,1.0,1,86031.0
22,9,220,3010,0,1,7,0.0,0.0,1.0,0.0,0.14,34,255,1.0,0.0,0.01,0.0,0.0,0.01,0,80791.0
22,9,228,882,0,1,28,0.0,0.0,1.0,0.0,0.07,98,255,1.0,0.0,0.05,0.0,0.0,0.0,0,108673.0
19,5,0,0,0,0,1,1.0,1.0,1.0,0.0,0.0,255,55,0.22,0.04,0.0,1.0,1.0,0.0,1,56879.0
22,9,235,434,0,1,19,0.0,0.0,1.0,0.0,0.0,255,255,1.0,0.0,0.0,0.0,0.0,0.0,0,69755.0
22,1,0,0,0,0,1,0.0,0.0,1.0,0.0,0.0,1,149,1.0,0.0,0.04,0.0,0.0,0.48,0,100173.0
49,9,1351,372,0,1,1,0.0,0.0,1.0,0.0,0.0,11,21,0.45,0.27,0.1,0.0,0.0,0.0,0,55868.0
12,5,0,0,0,0,142,1.0,1.0,0.12,0.05,0.0,255,5,0.02,0.05,0.0,1.0,1.0,0.0,1,29761.0
55,9,344,10452,0,1,1,0.0,0.0,1.0,0.0,0.0,255,35,0.14,0.06,0.0,0.63,0.34,0.11,0,41334.0
10,5,0,0,0,0,239,1.0,1.0,0.08,0.06,0.0,255,20,0.08,0.07,0.0,1.0,1.0,0.0,1,91012.0
13,9,8,0,0,0,1,0.0,0.0,1.0,0.0,1.0,1,111,1.0,0.0,0.5,0.0,0.0,0.0,1,87171.0
19,9,8325,0,0,0,18,0.0,0.0,1.0,0.0,0.0,255,56,0.22,0.02,0.0,0.0,0.0,0.0,0,93540.0
45,5,0,0,0,0,101,1.0,1.0,0.16,0.06,0.0,255,20,0.08,0.06,0.0,1.0,1.0,0.0,1,67618.0
22,9,193,761,0,1,4,0.0,0.0,1.0,0.0,0.12,17,255,1.0,0.0,0.02,0.0,0.0,0.0,0,7612.0
10,9,48,495,0,1,41,0.0,0.0,0.02,0.05,0.0,255,1,0.0,0.02,0.0,0.0,0.0,0.0,0,37158.0
7,5,0,0,0,0,272,1.0,1.0,0.03,0.06,0.0,255,8,0.03,0.08,0.0,1.0,1.0,0.0,1,10170.0
47,5,0,0,0,0,208,1.0,1.0,0.08,0.06,0.0,255,14,0.05,0.07,0.0,1.0,1.0,0.0,1,62325.0
11,9,44,44,0,0,123,0.0,0.0,1.0,0.0,0.02,255,227,0.89,0.01,0.0,0.0,0.0,0.0,0,6083.0
45,9,105,147,0,0,3,0.0,0.0,0.67,0.67,0.0,255,245,0.96,0.01,0.0,0.0,0.0,0.0,0,10484.0
14,9,1480,0,1,0,1,0.0,0.0,1.0,0.0,0.67,3,31,0.33,0.67,0.52,0.0,0.0,0.0,1,106355.0
22,9,254,1628,0,1,4,0.0,0.0,1.0,0.0,0.0,255,252,0.99,0.01,0.0,0.0,0.0,0.0,0,76158.0
55,9,109,5573,0,1,1,0.0,0.0,1.0,0.0,0.0,156,3,0.02,0.04,0.0,0.01,0.0,0.0,0,18532.0
45,5,0,0,0,0,178,1.0,1.0,0.07,0.06,0.0,255,13,0.05,0.07,0.0,1.0,1.0,0.0,1,106711.0
11,9,17,70,0,0,1,0.0,0.0,1.0,0.0,1.0,26,228,1.0,0.0,0.01,0.0,0.0,0.0,0,100850.0
45,5,0,0,0,0,299,1.0,1.0,0.04,0.05,0.0,255,2,0.01,0.08,0.0,1.0,1.0,0.0,1,39813.0
53,5,0,0,0,0,296,1.0,1.0,0.06,0.06,0.0,255,19,0.07,0.07,0.0,1.0,1.0,0.0,1,104642.0
18,9,290,903,0,1,2,0.0,0.0,0.5,1.0,0.0,19,1,0.05,0.26,0.0,0.0,0.0,0.0,0,41331.0
41,9,146,105,0,0,1,0.0,0.0,1.0,0.0,0.0,255,1,0.0,0.82,0.0,0.0,0.0,0.0,0,35275.0
22,9,296,5419,0,1,6,0.0,0.0,1.0,0.0,0.0,251,255,1.0,0.0,0.01,0.0,0.0,0.0,0,45660.0
22,9,224,261,0,1,4,0.0,0.0,1.0,0.0,0.0,255,255,1.0,0.0,0.0,0.0,0.0,0.0,0,17181.0
45,5,0,0,0,0,124,1.0,1.0,0.07,0.06,0.0,255,9,0.04,0.05,0.0,1.0,1.0,0.0,1,89409.0
6,5,0,0,0,0,276,1.0,1.0,0.04,0.05,0.0,255,10,0.04,0.05,0.0,1.0,1.0,0.0,1,60056.0
22,9,254,1019,0,1,1,0.0,0.0,1.0,0.0,0.0,255,255,1.0,0.0,0.0,0.0,0.0,0.0,0,115181.0
22,9,296,1999,0,1,16,0.0,0.0,1.0,0.0,0.17,255,255,1.0,0.0,0.0,0.0,0.0,0.0,0,6169.0
22,9,247,236,0,1,3,0.0,0.0,1.0,0.0,0.0,6,255,1.0,0.0,0.07,0.0,0.0,0.0,0,90315.0
45,1,0,0,0,0,346,0.03,0.0,0.0,1.0,0.0,255,1,0.0,1.0,0.0,0.03,0.0,1.0,1,60532.0
57,5,0,0,0,0,224,1.0,1.0,0.06,0.05,0.0,255,14,0.05,0.06,0.0,1.0,1.0,0.0,1,120340.0
45,4,1,0,0,0,2,0.0,0.0,1.0,0.0,0.0,255,2,0.01,0.51,0.0,0.0,0.0,1.0,1,6391.0
18,9,1223,2451,0,1,1,0.0,0.0,1.0,0.0,0.0,219,47,0.21,0.02,0.0,0.0,0.0,0.0,1,121223.0
11,9,44,133,0,0,320,0.0,0.0,1.0,0.01,0.0,255,231,0.91,0.01,0.0,0.0,0.0,0.0,0,92413.0
22,9,164,3583,0,1,10,0.0,0.0,1.0,0.0,0.0,30,255,1.0,0.0,0.04,0.0,0.0,0.0,0,9723.0
11,9,44,70,0,0,178,0.0,0.0,1.0,0.0,0.0,255,254,1.0,0.01,0.0,0.0,0.0,0.0,0,24834.0
49,9,3130,328,0,1,1,0.0,0.0,1.0,0.0,1.0,95,166,0.43,0.05,0.01,0.0,0.0,0.03,0,51036.0
22,1,0,0,0,0,1,0.0,0.0,1.0,0.0,0.0,31,135,1.0,0.0,0.02,0.0,0.0,1.0,0,75119.0
9,5,0,0,0,0,117,1.0,1.0,0.08,0.06,0.0,255,3,0.01,0.06,0.0,1.0,1.0,0.0,1,17827.0
11,9,44,157,0,0,59,0.0,0.0,1.0,0.0,0.01,255,254,1.0,0.01,0.0,0.0,0.0,0.0,0,55972.0
12,5,0,0,0,0,168,1.0,1.0,0.06,0.07,0.0,255,10,0.04,0.06,0.0,1.0,1.0,0.0,1,51836.0
22,1,0,0,0,0,1,0.0,0.0,1.0,0.0,0.0,43,253,1.0,0.0,0.16,0.0,0.0,0.98,0,89071.0
22,9,289,16639,0,1,7,0.0,0.0,1.0,0.0,0.0,44,255,1.0,0.0,0.04,0.0,0.0,0.0,0,17932.0
22,9,206,867,0,1,1,0.0,0.0,1.0,0.0,0.0,13,255,1.0,0.0,0.03,0.0,0.0,0.0,0,2360.0
49,9,801,329,0,1,1,0.0,0.0,1.0,0.0,0.0,255,7,0.03,0.67,0.0,0.0,0.0,0.0,0,2820.0
45,5,0,0,0,0,228,1.0,1.0,0.05,0.07,0.0,255,12,0.05,0.07,0.0,1.0,1.0,0.0,1,46765.0
45,9,105,145,0,0,1,0.0,0.0,1.0,0.0,0.0,18,10,0.56,0.17,0.0,0.0,0.0,0.0,0,106241.0
22,9,144,1569,0,1,5,0.0,0.0,1.0,0.0,0.0,5,255,1.0,0.0,0.05,0.0,0.0,0.0,0,123454.0
11,9,17,70,0,0,1,0.0,0.0,1.0,0.0,1.0,4,2,0.5,0.5,0.0,0.0,0.0,0.0,0,112765.0
27,5,0,0,0,0,150,1.0,1.0,0.09,0.05,0.0,255,14,0.05,0.06,0.0,1.0,1.0,0.0,1,98366.0
22,9,309,435,0,1,20,0.0,0.0,1.0,0.0,0.0,252,255,1.0,0.0,0.01,0.0,0.0,0.0,0,81469.0
45,9,1,0,0,0,29,0.0,0.0,0.07,0.24,0.0,255,2,0.01,0.04,0.0,0.0,0.0,0.0,1,51589.0
45,9,105,146,0,0,3,0.0,0.0,0.33,1.0,0.0,255,233,0.91,0.01,0.0,0.0,0.0,0.0,0,24194.0
45,5,0,0,0,0,254,1.0,1.0,0.07,0.05,0.0,255,17,0.07,0.06,0.0,1.0,1.0,0.0,1,319.0
18,9,1210,2449,0,1,1,0.0,0.0,1.0,0.0,0.0,208,36,0.17,0.02,0.0,0.0,0.0,0.0,1,124396.0
22,9,185,2143,0,1,11,0.0,0.0,1.0,0.0,0.15,255,255,1.0,0.0,0.0,0.0,0.0,0.0,0,96868.0
22,9,304,10393,0,1,9,0.0,0.0,1.0,0.0,0.23,9,255,1.0,0.0,0.02,0.0,0.0,0.0,0,38489.0
45,1,0,0,0,0,144,0.0,0.0,0.1,0.06,0.0,255,11,0.04,0.06,0.0,0.0,0.0,1.0,1,119508.0
22,9,272,60397,0,1,19,0.0,0.0,1.0,0.0,0.0,19,255,1.0,0.0,0.01,0.0,0.0,0.0,0,76188.0
62,5,0,0,0,0,199,1.0,1.0,0.1,0.07,0.0,255,19,0.07,0.08,0.0,1.0,1.0,0.0,1,53439.0
45,5,0,0,0,0,179,1.0,1.0,0.04,0.07,0.0,255,19,0.07,0.07,0.0,1.0,1.0,0.0,1,87370.0
35,1,0,0,0,0,101,0.0,0.0,0.01,0.07,0.0,255,1,0.0,0.07,0.0,0.0,0.0,1.0,1,67053.0
33,5,0,0,0,0,150,1.0,1.0,0.17,0.05,0.0,255,9,0.04,0.06,0.0,1.0,1.0,0.0,1,73855.0
40,9,48,48,0,0,1,0.0,0.0,1.0,0.0,0.0,83,73,0.88,0.04,0.0,0.0,0.0,0.0,0,72508.0
49,9,852,330,0,1,1,0.0,0.0,1.0,0.0,1.0,255,197,0.77,0.02,0.0,0.0,0.0,0.0,0,13793.0
45,5,0,0,0,0,118,1.0,1.0,0.17,0.07,0.0,255,38,0.15,0.06,0.0,1.0,1.0,0.0,1,101100.0
22,9,212,296,0,1,4,0.0,0.0,1.0,0.0,0.0,246,255,1.0,0.0,0.01,0.0,0.0,0.0,0,117402.0
49,9,604,335,0,1,1,0.0,0.0,1.0,0.0,0.0,134,182,0.74,0.05,0.01,0.01,0.0,0.0,0,112606.0
19,9,1874,0,0,1,12,0.0,0.0,1.0,0.0,0.0,255,81,0.32,0.02,0.0,0.0,0.0,0.0,0,97926.0
13,9,8,0,0,0,1,0.0,0.0,1.0,0.0,1.0,2,24,1.0,0.0,0.5,0.0,0.0,0.0,1,81439.0
22,1,0,0,0,0,1,0.0,0.0,1.0,0.0,1.0,4,255,1.0,0.0,0.15,0.0,0.0,0.93,0,88631.0
13,9,8,0,0,0,1,0.0,0.0,1.0,0.0,1.0,1,93,1.0,0.0,0.51,0.0,0.0,0.0,1,118489.0
45,5,0,0,0,0,251,1.0,1.0,0.02,0.05,0.0,255,5,0.02,0.06,0.0,1.0,1.0,0.0,1,87320.0
22,9,262,4816,0,1,8,0.0,0.0,1.0,0.0,0.0,99,255,1.0,0.0,0.03,0.0,0.0,0.0,0,57029.0
45,5,0,0,0,0,222,1.0,1.0,0.0,0.07,0.0,255,1,0.0,0.1,0.0,1.0,1.0,0.0,1,51885.0
19,9,0,482,0,0,1,0.0,0.0,1.0,0.0,0.0,27,62,0.37,0.15,0.03,0.0,0.0,0.0,0,99486.0
19,5,0,0,0,0,218,1.0,0.75,0.01,0.06,0.5,255,18,0.07,0.06,0.0,1.0,1.0,0.0,1,48408.0
22,9,314,1237,0,1,7,0.0,0.0,1.0,0.0,0.0,48,255,1.0,0.0,0.03,0.0,0.0,0.0,0,26909.0
19,9,319,0,0,0,3,0.0,0.0,0.67,0.67,0.0,20,10,0.1,0.2,0.2,0.0,0.0,0.0,0,2291.0
19,9,3909,0,0,1,6,0.0,0.0,1.0,0.0,0.0,255,12,0.05,0.62,0.0,0.0,0.0,0.0,0,33106.0
41,9,146,0,0,0,3,0.0,0.0,0.33,0.67,0.0,255,1,0.0,0.62,0.0,0.0,0.0,0.0,0,2970.0
22,9,319,2876,0,1,14,0.07,0.03,1.0,0.0,0.13,129,255,1.0,0.0,0.02,0.01,0.01,0.0,0,35317.0
17,9,6,136,0,0,3,0.0,0.0,0.33,1.0,0.0,255,2,0.01,0.55,0.0,0.0,0.0,0.0,0,1822.0
22,9,369,370,0,1,7,0.0,0.0,1.0,0.0,0.0,255,255,1.0,0.0,0.0,0.0,0.0,0.0,0,33785.0
45,5,0,0,0,0,87,1.0,1.0,0.13,0.08,0.0,255,11,0.04,0.06,0.0,1.0,1.0,0.0,1,41434.0
40,9,48,48,0,0,6,0.0,0.0,0.17,0.33,0.0,66,28,0.42,0.05,0.0,0.0,0.0,0.0,0,23498.0
11,9,45,138,0,0,67,0.0,0.0,1.0,0.0,0.01,255,230,0.9,0.01,0.0,0.0,0.0,0.0,0,113619.0
22,9,215,315,0,1,32,0.0,0.0,1.0,0.0,0.05,255,255,1.0,0.0,0.0,0.0,0.0,0.0,0,26000.0
49,9,2662,333,0,1,1,0.0,0.0,1.0,0.0,0.0,11,122,0.55,0.27,0.02,0.0,0.33,0.0,0,98230.0
25,5,0,0,0,0,229,1.0,1.0,0.03,0.06,0.0,255,7,0.03,0.05,0.0,1.0,1.0,0.0,1,102589.0
13,9,8,0,0,0,1,0.0,0.0,1.0,0.0,1.0,1,255,1.0,0.0,0.5,0.0,0.0,0.0,1,42283.0
45,5,0,0,0,0,121,1.0,1.0,0.08,0.06,0.0,255,6,0.02,0.07,0.0,1.0,1.0,0.0,1,88984.0
13,9,8,0,0,0,1,0.0,0.0,1.0,0.0,1.0,1,249,1.0,0.0,0.5,0.0,0.0,0.0,1,4045.0
45,5,0,0,0,0,117,1.0,1.0,0.13,0.06,0.0,19,15,0.79,0.16,0.0,1.0,1.0,0.0,1,119314.0
62,5,0,0,0,0,262,1.0,1.0,0.02,0.07,0.0,255,6,0.02,0.08,0.0,1.0,1.0,0.0,1,40578.0
12,5,0,0,0,0,141,1.0,1.0,0.11,0.05,0.0,255,4,0.02,0.05,0.0,1.0,1.0,0.0,1,107352.0
17,9,8,445,0,0,1,0.0,0.0,1.0,0.0,0.0,48,5,0.06,0.08,0.4,0.0,0.0,0.0,0,115684.0
19,9,334,0,0,1,1,0.0,0.0,1.0,0.0,0.0,7,26,1.0,0.0,0.12,0.0,0.0,0.0,1,40444.0
21,5,0,0,0,0,266,1.0,1.0,0.07,0.06,0.0,255,19,0.07,0.06,0.0,1.0,1.0,0.0,1,72837.0
22,9,296,431,0,1,6,0.0,0.0,1.0,0.0,0.11,190,255,1.0,0.0,0.01,0.0,0.0,0.0,0,31708.0
14,9,1032,0,0,0,511,0.0,0.0,1.0,0.0,0.0,255,198,0.78,0.02,0.0,0.0,0.0,0.0,1,122340.0
45,5,0,0,0,0,125,1.0,1.0,0.08,0.05,0.0,255,10,0.04,0.06,0.0,1.0,1.0,0.0,1,86339.0
22,9,279,608,0,1,27,0.0,0.0,1.0,0.0,0.0,255,255,1.0,0.0,0.0,0.01,0.01,0.0,0,112008.0
45,5,0,0,0,0,139,1.0,1.0,0.14,0.06,0.0,255,16,0.06,0.05,0.0,1.0,1.0,0.0,1,25143.0
45,4,1,0,0,0,2,0.0,0.0,1.0,0.0,0.0,216,2,0.01,0.23,0.0,0.0,0.0,1.0,1,1235.0
2,5,0,0,0,0,255,1.0,1.0,0.03,0.06,0.0,255,8,0.03,0.07,0.0,1.0,1.0,0.0,1,16267.0
11,9,45,128,0,0,72,0.0,0.0,1.0,0.0,0.01,255,254,1.0,0.01,0.0,0.0,0.0,0.0,0,53779.0
63,5,0,0,0,0,131,1.0,1.0,0.08,0.05,0.0,255,11,0.04,0.06,0.0,1.0,1.0,0.0,1,32577.0
51,5,0,0,0,0,125,1.0,1.0,0.08,0.06,0.0,255,30,0.12,0.07,0.0,1.0,1.0,0.0,1,65758.0
4,5,0,0,0,0,268,1.0,1.0,0.03,0.06,0.0,255,9,0.04,0.07,0.0,1.0,1.0,0.0,1,124749.0
22,9,331,1010,0,1,26,0.0,0.0,1.0,0.0,0.0,255,255,1.0,0.0,0.0,0.0,0.0,0.0,0,60074.0
22,9,199,601,0,1,4,0.0,0.0,1.0,0.0,0.0,90,101,1.0,0.0,0.02,0.0,0.0,0.0,0,22784.0
45,5,0,0,0,0,227,1.0,1.0,0.08,0.06,0.0,255,20,0.08,0.07,0.0,1.0,1.0,0.0,1,51428.0
8,5,0,0,0,0,276,1.0,1.0,0.08,0.05,0.0,255,23,0.09,0.05,0.0,1.0,1.0,0.0,1,22643.0
22,9,321,506,0,1,2,0.0,0.0,1.0,0.0,0.5,2,255,1.0,0.0,0.03,0.0,0.01,0.01,0,68209.0
19,9,245,0,0,1,2,0.0,0.0,1.0,0.0,0.5,2,22,1.0,0.0,0.09,0.0,0.0,0.0,1,54481.0
22,9,270,471,0,1,7,0.0,0.0,1.0,0.0,0.33,21,255,1.0,0.0,0.02,0.0,0.0,0.0,0,49623.0
22,9,319,7498,0,1,1,0.0,0.0,1.0,0.0,0.33,9,255,1.0,0.0,0.04,0.0,0.01,0.0,0,86442.0
8,2,0,0,0,0,248,0.0,0.0,0.02,0.06,0.0,255,5,0.02,0.07,0.0,0.0,0.0,1.0,1,114006.0
22,9,200,4061,0,1,4,0.0,0.0,1.0,0.0,0.0,3,255,1.0,0.0,0.04,0.0,0.0,0.0,0,33543.0
41,9,145,105,0,0,1,0.0,0.0,1.0,0.0,0.0,255,1,0.0,0.87,0.0,0.0,0.0,0.0,0,9490.0
22,9,314,659,0,1,25,0.0,0.0,1.0,0.0,0.0,255,255,1.0,0.0,0.0,0.0,0.0,0.0,0,26676.0
22,9,225,3191,0,1,2,0.0,0.0,1.0,0.0,0.5,22,255,1.0,0.0,0.03,0.0,0.0,0.0,0,16587.0
22,9,418,6227,0,1,18,0.0,0.0,1.0,0.0,0.0,102,245,1.0,0.0,0.17,0.0,0.0,0.63,0,116142.0
45,10,0,0,0,0,1,1.0,1.0,1.0,0.0,0.0,252,1,0.0,0.96,0.0,0.97,1.0,0.0,1,64070.0
19,9,0,5129964,0,0,1,0.0,0.0,1.0,0.0,0.0,255,64,0.25,0.02,0.0,0.76,0.88,0.0,0,68905.0
22,9,310,1529,0,1,12,0.0,0.0,1.0,0.0,0.0,51,128,1.0,0.0,0.03,0.0,0.0,0.91,0,86317.0
22,9,216,4591,0,1,12,0.0,0.0,1.0,0.0,0.2,41,255,1.0,0.0,0.04,0.0,0.0,0.0,0,99878.0
22,9,152,39243,0,1,1,0.0,0.0,1.0,0.0,0.15,44,255,1.0,0.0,0.04,0.02,0.01,0.0,0,33505.0
22,9,243,389,0,1,15,0.0,0.0,1.0,0.0,0.0,255,255,1.0,0.0,0.0,0.0,0.0,0.0,0,83163.0
45,5,0,0,0,0,100,1.0,1.0,0.11,0.06,0.0,255,17,0.07,0.07,0.0,1.0,1.0,0.0,1,68060.0
47,5,0,0,0,0,277,1.0,1.0,0.05,0.05,0.0,255,15,0.06,0.05,0.0,1.0,1.0,0.0,1,76751.0
13,9,8,0,0,0,1,0.0,0.0,1.0,0.0,1.0,2,34,1.0,0.0,0.53,0.0,0.0,0.0,1,40151.0
19,9,334,0,0,1,2,0.0,0.0,1.0,0.0,0.0,255,71,0.28,0.13,0.0,0.02,0.01,0.0,0,62490.0
41,9,146,105,0,0,4,0.0,0.0,0.5,0.5,0.0,255,4,0.02,0.62,0.0,0.0,0.0,0.0,0,63204.0
22,9,464,10134,0,1,12,0.0,0.0,1.0,0.0,0.0,79,255,1.0,0.0,0.09,0.0,0.0,0.56,0,20085.0
23,5,0,0,0,0,136,1.0,1.0,0.1,0.07,0.0,255,13,0.05,0.06,0.0,1.0,1.0,0.0,1,9244.0
16,5,0,0,0,0,129,1.0,1.0,0.16,0.05,0.0,255,19,0.07,0.07,0.0,1.0,1.0,0.0,1,29492.0
11,9,45,45,0,0,149,0.0,0.0,1.0,0.0,0.0,255,255,1.0,0.0,0.0,0.0,0.0,0.0,0,8771.0
22,9,288,1775,0,1,10,0.0,0.05,1.0,0.0,0.14,34,255,1.0,0.0,0.13,0.0,0.0,0.51,0,81417.0
45,5,0,0,0,0,115,1.0,1.0,0.09,0.06,0.0,255,12,0.05,0.07,0.0,1.0,1.0,0.0,1,16457.0
45,1,0,0,0,0,190,0.0,0.0,0.01,0.08,0.0,255,1,0.0,0.08,0.0,0.0,0.0,1.0,1,99488.0
45,5,0,0,0,0,134,1.0,1.0,0.05,0.06,0.0,255,19,0.07,0.07,0.0,1.0,1.0,0.0,1,31357.0
11,9,46,46,0,0,152,0.0,0.0,0.99,0.01,0.0,255,254,1.0,0.01,0.0,0.0,0.0,0.0,0,27080.0
22,9,234,17010,0,1,1,0.0,0.0,1.0,0.0,0.0,12,255,1.0,0.0,0.04,0.0,0.0,0.0,0,32841.0
45,1,0,0,0,0,87,0.0,0.0,0.08,0.07,0.0,255,7,0.03,0.06,0.0,0.0,0.0,1.0,1,111206.0
4,5,0,0,0,0,300,1.0,1.0,0.04,0.05,0.0,255,12,0.05,0.07,0.0,1.0,1.0,0.0,1,32355.0
49,2,0,0,0,0,107,0.0,0.0,0.02,0.07,0.0,255,2,0.01,0.08,0.0,0.0,0.0,1.0,1,68907.0
45,5,0,0,0,0,266,1.0,1.0,0.07,0.06,0.0,255,10,0.04,0.06,0.0,1.0,1.0,0.0,1,32295.0
14,9,1480,0,1,0,13,0.0,0.0,1.0,0.0,0.0,255,14,0.05,0.08,0.0,0.56,0.0,0.0,1,121464.0
8,5,0,0,0,0,111,1.0,1.0,0.09,0.06,0.0,255,10,0.04,0.06,0.0,1.0,1.0,0.0,1,100853.0
22,9,209,2311,0,1,1,0.0,0.0,1.0,0.0,0.67,14,255,1.0,0.0,0.02,0.0,0.0,0.0,0,9838.0
45,9,207,0,0,0,2,0.0,0.0,1.0,0.0,0.0,142,118,0.83,0.01,0.0,0.0,0.0,0.0,1,12884.0
11,9,45,45,0,0,122,0.0,0.0,1.0,0.0,0.0,255,254,1.0,0.01,0.0,0.0,0.0,0.0,0,39113.0
8,5,0,0,0,0,226,1.0,1.0,0.08,0.04,0.0,255,17,0.07,0.05,0.0,1.0,1.0,0.0,1,7508.0
41,9,146,105,0,0,2,0.0,0.0,1.0,0.0,0.0,255,3,0.01,0.77,0.0,0.0,0.0,0.0,0,77806.0
2,1,0,0,0,0,509,0.05,0.0,0.0,1.0,0.0,255,1,0.0,1.0,0.0,0.06,0.0,1.0,1,6888.0
41,9,146,105,0,0,3,0.0,0.0,0.33,0.67,0.0,255,1,0.0,0.81,0.0,0.0,0.0,0.0,0,79280.0
22,9,310,1686,0,1,4,0.25,0.25,1.0,0.0,0.0,84,255,1.0,0.0,0.03,0.01,0.01,0.0,0,23889.0
45,9,105,146,0,0,2,0.0,0.0,1.0,0.0,0.0,255,253,0.99,0.01,0.0,0.0,0.0,0.0,0,115772.0
45,4,1,0,0,0,2,0.0,0.0,1.0,0.0,0.0,255,2,0.01,0.64,0.0,0.0,0.0,1.0,1,39793.0
22,9,309,12001,0,1,1,0.0,0.0,1.0,0.0,1.0,7,255,1.0,0.0,0.04,0.0,0.0,0.0,0,59532.0
22,9,210,4046,0,1,2,0.0,0.0,1.0,0.0,0.22,2,255,1.0,0.0,0.03,0.0,0.02,0.02,0,23250.0
49,9,722,334,0,1,1,0.0,0.0,1.0,0.0,0.0,137,116,0.47,0.03,0.02,0.0,0.0,0.04,0,822.0
11,9,44,72,0,0,206,0.0,0.0,1.0,0.0,0.0,255,255,1.0,0.0,0.0,0.0,0.0,0.0,0,10850.0
61,5,0,0,0,0,243,1.0,1.0,0.08,0.06,0.0,255,20,0.08,0.07,0.0,1.0,1.0,0.0,1,58958.0
22,9,313,6356,0,1,28,0.0,0.0,1.0,0.0,0.0,255,255,1.0,0.0,0.0,0.0,0.0,0.0,0,87343.0
45,5,0,0,0,0,145,1.0,1.0,0.14,0.06,0.0,255,19,0.07,0.06,0.0,1.0,1.0,0.0,1,53704.0
11,9,122,43,0,0,253,0.0,0.0,1.0,0.01,0.0,142,109,0.77,0.01,0.0,0.0,0.0,0.0,0,54898.0
3,5,0,0,0,0,245,1.0,1.0,0.01,0.05,0.0,255,2,0.01,0.05,0.0,1.0,1.0,0.0,1,11832.0
49,9,724,331,0,1,1,0.0,0.0,1.0,0.0,0.0,123,155,0.54,0.02,0.02,0.0,0.0,0.0,0,55786.0
11,9,42,42,0,0,18,0.0,0.0,1.0,0.0,0.13,255,255,1.0,0.0,0.0,0.0,0.0,0.0,0,78874.0
22,9,287,392,0,1,17,0.0,0.0,1.0,0.0,0.11,255,255,1.0,0.0,0.0,0.0,0.0,0.0,0,98263.0
3,5,0,0,0,0,141,1.0,1.0,0.08,0.06,0.0,255,14,0.05,0.07,0.0,1.0,1.0,0.0,1,5674.0
2,5,0,0,0,0,256,1.0,1.0,0.04,0.06,0.0,255,11,0.04,0.07,0.0,1.0,1.0,0.0,1,81764.0
45,5,0,0,0,0,127,1.0,1.0,0.09,0.06,0.0,255,8,0.03,0.07,0.0,1.0,1.0,0.0,1,116439.0
22,9,2044,2234,0,1,13,0.0,0.0,1.0,0.0,0.0,57,255,1.0,0.0,0.07,0.0,0.01,0.0,0,32950.0
22,9,316,337,0,1,2,0.0,0.0,1.0,0.0,0.19,255,255,1.0,0.0,0.0,0.0,0.0,0.0,0,91716.0
22,5,0,0,0,0,53,1.0,1.0,0.32,0.08,0.0,255,66,0.26,0.02,0.0,1.0,1.0,0.0,1,70141.0
19,1,0,0,0,0,272,0.0,0.0,0.03,0.06,0.0,255,9,0.04,0.07,0.0,0.0,0.0,1.0,1,8919.0
33,5,0,0,0,0,287,1.0,1.0,0.02,0.06,0.0,255,13,0.05,0.07,0.0,1.0,1.0,0.0,1,27856.0
17,5,0,0,0,0,24,1.0,1.0,0.5,0.08,0.0,184,55,0.28,0.02,0.04,1.0,0.95,0.0,1,35131.0
18,9,1487,4152,0,1,1,0.0,0.0,1.0,0.0,0.0,12,10,0.83,0.17,0.0,0.0,0.0,0.0,0,111821.0
19,9,192,0,0,0,2,0.0,0.0,1.0,0.0,0.0,255,102,0.4,0.02,0.0,0.0,0.0,0.0,0,115967.0
19,9,15876,0,0,1,15,0.0,0.0,1.0,0.0,0.0,255,73,0.29,0.02,0.0,0.66,0.59,0.0,0,102857.0
22,9,330,976,0,1,7,0.0,0.0,1.0,0.0,0.1,255,255,1.0,0.0,0.0,0.0,0.0,0.0,0,34728.0
0,2,0,0,0,0,1,0.0,0.0,1.0,0.0,0.0,177,24,0.14,0.01,0.0,0.01,0.04,0.75,0,94215.0
11,9,46,131,0,0,71,0.0,0.0,0.99,0.03,0.01,255,240,0.94,0.01,0.0,0.0,0.0,0.0,0,79686.0
11,9,42,42,0,0,18,0.0,0.0,1.0,0.0,0.17,255,210,0.82,0.01,0.0,0.0,0.0,0.0,0,100763.0
17,9,9,0,0,0,1,0.0,0.0,1.0,0.0,0.0,35,10,0.09,0.09,0.3,0.0,0.0,0.0,0,22763.0
17,5,0,0,0,0,190,1.0,1.0,0.04,0.08,0.0,255,8,0.03,0.08,0.0,1.0,1.0,0.0,1,51813.0
45,9,100,0,0,0,2,0.0,0.0,1.0,0.0,0.0,36,6,0.17,0.06,0.0,0.0,0.0,0.0,1,83928.0
22,9,364,255,0,1,17,0.0,0.0,1.0,0.0,0.11,255,255,1.0,0.0,0.0,0.0,0.0,0.0,0,105653.0
45,5,0,0,0,0,210,1.0,1.0,0.01,0.06,0.0,255,2,0.01,0.05,0.0,1.0,1.0,0.0,1,84380.0
33,5,0,0,0,0,149,1.0,1.0,0.16,0.05,0.0,255,8,0.03,0.06,0.0,1.0,1.0,0.0,1,25106.0
54,1,0,0,0,0,263,0.0,0.0,0.06,0.06,0.0,255,17,0.07,0.06,0.0,0.0,0.0,1.0,1,67374.0
18,5,0,0,0,0,273,1.0,1.0,0.03,0.06,0.0,255,8,0.03,0.08,0.0,1.0,1.0,0.0,1,61903.0
45,1,0,0,0,0,62,0.0,0.0,0.02,0.55,0.0,232,1,0.0,0.15,0.0,0.01,0.0,1.0,1,77657.0
13,9,8,0,0,0,1,0.0,0.0,1.0,0.0,1.0,2,88,1.0,0.0,0.5,0.0,0.0,0.0,1,99234.0
45,1,0,0,0,0,146,0.0,0.0,0.08,0.07,0.0,255,11,0.04,0.07,0.0,0.0,0.0,1.0,1,53955.0
11,9,46,80,0,0,181,0.0,0.0,0.99,0.01,0.01,255,240,0.94,0.01,0.0,0.0,0.0,0.0,0,120651.0
22,1,0,0,0,0,1,0.0,0.0,1.0,0.0,0.0,123,255,1.0,0.0,0.08,0.0,0.0,1.0,0,115280.0
20,5,0,0,0,0,289,1.0,1.0,0.09,0.05,0.0,255,25,0.1,0.05,0.0,1.0,1.0,0.0,1,53134.0
22,9,191,2536,0,1,7,0.0,0.0,1.0,0.0,0.0,107,255,1.0,0.0,0.05,0.0,0.0,0.0,0,21952.0
22,9,194,365,0,1,18,0.0,0.0,1.0,0.0,0.0,255,255,1.0,0.0,0.0,0.0,0.0,0.0,0,16761.0
22,9,180,9287,0,1,4,0.0,0.0,1.0,0.0,0.0,120,255,1.0,0.0,0.08,0.01,0.0,0.47,0,42241.0
52,5,0,0,0,0,139,1.0,1.0,0.07,0.06,0.0,255,10,0.04,0.06,0.0,1.0,1.0,0.0,1,88030.0
45,1,0,0,0,0,83,0.08,0.0,0.01,1.0,0.0,255,1,0.0,0.6,0.0,0.03,0.0,1.0,1,95571.0
45,5,0,0,0,0,77,1.0,1.0,0.25,0.05,0.0,255,7,0.03,0.06,0.0,1.0,1.0,0.0,1,123417.0
60,5,0,0,0,0,116,1.0,1.0,0.14,0.06,0.0,255,18,0.07,0.05,0.0,1.0,1.0,0.0,1,24101.0
41,1,0,0,0,0,357,0.06,0.0,0.0,1.0,0.0,255,1,0.0,1.0,0.0,0.08,0.0,1.0,1,57714.0
15,5,0,0,0,0,32,1.0,1.0,0.38,0.09,0.0,255,12,0.05,0.07,0.0,1.0,1.0,0.0,1,16568.0
18,5,0,0,0,0,247,1.0,1.0,0.08,0.06,0.0,255,20,0.08,0.07,0.0,1.0,1.0,0.0,1,48561.0
49,9,885,333,0,1,1,0.0,0.0,1.0,0.0,0.0,62,186,0.68,0.03,0.01,0.0,0.0,0.0,0,57229.0
22,9,218,1617,0,1,18,0.0,0.0,1.0,0.0,0.11,120,255,1.0,0.0,0.04,0.0,0.0,0.0,0,43206.0
22,9,225,4017,0,1,9,0.0,0.0,1.0,0.0,0.0,161,255,1.0,0.0,0.03,0.0,0.0,0.0,0,120946.0
45,1,0,0,0,0,509,0.02,0.0,0.0,1.0,0.0,255,1,0.0,1.0,0.0,0.02,0.0,1.0,1,3765.0
22,9,291,1410,0,1,11,0.0,0.0,1.0,0.0,0.17,46,255,1.0,0.0,0.04,0.0,0.0,0.0,0,70095.0
22,9,345,2345,0,1,4,0.0,0.0,1.0,0.0,0.0,98,255,1.0,0.0,0.02,0.01,0.0,0.0,0,56103.0
14,9,1032,0,0,0,511,0.0,0.0,1.0,0.0,0.0,255,168,0.66,0.02,0.0,0.0,0.0,0.0,1,75661.0
45,5,0,0,0,0,86,1.0,1.0,0.1,0.07,0.0,255,13,0.05,0.06,0.0,1.0,1.0,0.0,1,24319.0
22,9,195,1017,0,1,7,0.0,0.0,1.0,0.0,0.25,7,255,1.0,0.0,0.03,0.0,0.0,0.0,0,56744.0
11,9,44,80,0,0,121,0.0,0.0,1.0,0.0,0.0,255,255,1.0,0.0,0.0,0.0,0.0,0.0,0,6182.0
55,5,0,0,0,0,34,1.0,1.0,0.41,0.06,0.0,255,14,0.05,0.07,0.0,1.0,1.0,0.0,1,15791.0
45,5,0,0,0,0,263,1.0,1.0,0.02,0.05,0.0,255,7,0.03,0.08,0.0,1.0,1.0,0.0,1,29576.0
45,5,0,0,0,0,139,1.0,1.0,0.09,0.06,0.0,255,10,0.04,0.07,0.0,1.0,1.0,0.0,1,92971.0
49,9,250726,336,0,1,1,0.0,0.0,1.0,0.0,0.0,50,163,0.52,0.08,0.01,0.0,0.0,0.0,0,82594.0
29,5,0,0,0,0,109,1.0,1.0,0.01,0.07,0.0,255,11,0.04,0.07,0.0,1.0,1.0,0.0,1,60381.0
22,9,318,590,0,1,12,0.0,0.0,1.0,0.0,0.0,40,255,1.0,0.0,0.01,0.0,0.0,0.0,0,53695.0
19,9,26,0,0,1,1,0.0,0.0,1.0,0.0,0.0,6,54,0.83,0.33,0.06,0.0,0.0,0.0,0,43650.0
19,9,13239,0,0,1,3,0.0,0.0,1.0,0.0,0.0,195,82,0.42,0.03,0.02,0.01,0.0,0.0,0,125569.0
13,9,8,0,0,0,1,0.0,0.0,1.0,0.0,1.0,1,10,1.0,0.0,0.6,0.0,0.0,0.0,1,86943.0
25,1,0,0,0,0,233,0.0,0.0,0.01,0.07,0.0,255,3,0.01,0.07,0.0,0.0,0.0,1.0,1,118188.0
19,9,63,0,0,1,3,0.0,0.0,0.67,0.67,0.0,255,6,0.02,0.06,0.0,0.86,0.0,0.0,0,46000.0
22,9,238,6344,0,1,3,0.0,0.0,1.0,0.0,0.29,68,255,1.0,0.0,0.04,0.0,0.02,0.0,0,73357.0
26,5,0,0,0,0,250,1.0,1.0,0.04,0.07,0.0,255,12,0.05,0.07,0.0,1.0,1.0,0.0,1,11078.0
45,5,0,0,0,0,127,1.0,1.0,0.06,0.06,0.0,255,13,0.05,0.07,0.0,1.0,1.0,0.0,1,24351.0
11,9,45,82,0,0,137,0.0,0.0,1.0,0.0,0.01,255,254,1.0,0.01,0.0,0.0,0.0,0.0,0,120112.0
49,9,784,330,0,1,1,0.0,0.0,1.0,0.0,0.0,169,88,0.52,0.04,0.0,0.0,0.0,0.0,0,76949.0
23,5,0,0,0,0,119,1.0,1.0,0.06,0.07,0.0,255,7,0.03,0.07,0.0,1.0,1.0,0.0,1,49016.0
22,9,319,261,0,1,8,0.0,0.0,1.0,0.0,0.0,255,255,1.0,0.0,0.0,0.0,0.0,0.0,0,93923.0
49,9,1410,333,0,1,1,0.0,0.0,1.0,0.0,1.0,255,152,0.6,0.02,0.0,0.0,0.0,0.0,0,84314.0
41,9,147,105,0,0,5,0.0,0.0,0.2,0.6,0.0,63,2,0.03,0.52,0.0,0.0,0.0,0.0,0,7875.0
45,9,28,0,3,0,70,0.0,0.0,1.0,0.0,0.0,142,70,0.49,0.03,0.0,0.0,0.0,0.0,1,97659.0
62,5,0,0,0,0,241,1.0,1.0,0.08,0.05,0.0,255,19,0.07,0.06,0.0,1.0,1.0,0.0,1,79234.0
26,5,0,0,0,0,215,1.0,1.0,0.05,0.06,0.0,255,11,0.04,0.05,0.0,1.0,1.0,0.0,1,101127.0
22,9,204,36111,0,1,8,0.0,0.0,1.0,0.0,0.12,8,255,1.0,0.0,0.04,0.0,0.0,0.0,0,84554.0
41,9,147,0,0,0,3,0.0,0.0,0.33,0.67,0.0,255,1,0.0,0.82,0.0,0.0,0.0,0.0,0,59067.0
22,9,333,920,0,1,17,0.0,0.0,1.0,0.0,0.0,17,255,1.0,0.0,0.04,0.0,0.0,0.0,0,70698.0
19,9,5133876,0,0,1,1,0.0,0.0,1.0,0.0,0.0,4,31,1.0,0.0,0.13,0.0,0.0,0.0,0,88124.0
13,9,8,0,0,0,1,0.0,0.0,1.0,0.0,1.0,1,245,1.0,0.0,0.5,0.0,0.0,0.0,1,97455.0
6,5,0,0,0,0,224,1.0,1.0,0.03,0.07,0.0,255,7,0.03,0.08,0.0,1.0,1.0,0.0,1,53483.0
45,1,0,0,0,0,1,0.0,0.0,1.0,0.0,0.0,32,1,0.03,1.0,0.0,0.0,0.0,1.0,1,42553.0
45,9,1,0,0,0,27,0.0,0.0,0.11,0.11,0.0,255,6,0.02,0.88,0.0,0.16,0.0,0.0,1,30618.0
26,5,0,0,0,0,205,1.0,1.0,0.01,0.07,0.0,255,3,0.01,0.07,0.0,1.0,1.0,0.0,1,33134.0
26,1,0,0,0,0,238,0.0,0.0,0.02,0.07,0.0,255,5,0.02,0.07,0.0,0.0,0.0,1.0,1,77389.0
18,9,1072,3081,0,1,1,0.0,0.0,1.0,0.0,0.0,255,59,0.23,0.02,0.0,0.0,0.0,0.0,0,50322.0
63,5,0,0,0,0,231,1.0,1.0,0.01,0.07,0.0,255,2,0.01,0.08,0.0,1.0,1.0,0.0,1,58362.0
45,9,1,0,0,0,32,0.0,0.0,0.34,0.09,0.0,255,11,0.04,0.86,0.0,0.1,0.0,0.0,1,17297.0
45,1,0,0,0,0,97,0.0,0.0,0.01,0.07,0.0,255,1,0.0,0.07,0.0,0.0,0.0,1.0,1,9943.0
41,1,0,0,0,0,510,0.15,0.0,0.0,1.0,0.0,255,1,0.0,1.0,0.0,0.17,0.0,1.0,1,18646.0
3,1,0,0,0,0,279,0.0,0.0,0.04,0.06,0.0,255,10,0.04,0.07,0.0,0.0,0.0,1.0,1,12013.0
49,9,1722,333,0,1,1,0.0,0.0,1.0,0.0,1.0,66,125,0.59,0.08,0.02,0.0,0.0,0.0,0,122580.0
22,9,221,1043,0,1,30,0.0,0.0,1.0,0.0,0.0,30,255,1.0,0.0,0.07,0.0,0.0,0.0,0,104523.0
22,9,262,744605,0,1,1,0.0,0.0,1.0,0.0,0.0,68,255,1.0,0.0,0.03,0.0,0.0,0.0,0,122920.0
22,9,299,12471,0,1,15,0.0,0.0,1.0,0.0,0.0,255,255,1.0,0.0,0.0,0.0,0.0,0.0,0,1037.0
22,1,0,0,0,0,1,0.0,0.0,1.0,0.0,1.0,18,255,1.0,0.0,0.08,0.0,0.0,1.0,0,44915.0
11,9,46,46,0,0,212,0.0,0.0,1.0,0.0,0.0,255,255,1.0,0.0,0.0,0.0,0.0,0.0,0,6342.0
11,9,45,45,0,0,207,0.0,0.0,1.0,0.0,0.0,255,255,1.0,0.0,0.0,0.0,0.0,0.0,0,85166.0
45,5,0,0,0,0,170,1.0,1.0,0.02,0.06,0.0,255,13,0.05,0.08,0.0,1.0,1.0,0.0,1,65547.0
22,9,249,269,0,1,2,0.0,0.0,1.0,0.0,0.0,255,231,0.91,0.02,0.0,0.0,0.0,0.0,0,99766.0
57,5,0,0,0,0,292,1.0,1.0,0.02,0.05,0.0,255,7,0.03,0.06,0.0,1.0,1.0,0.0,1,108927.0
18,5,0,0,0,0,254,1.0,1.0,0.03,0.06,0.0,255,8,0.03,0.05,0.0,1.0,1.0,0.0,1,93504.0
45,5,0,0,0,0,229,1.0,1.0,0.01,0.07,0.0,255,16,0.06,0.07,0.0,1.0,1.0,0.0,1,37922.0
13,9,8,0,0,0,1,0.0,0.0,1.0,0.0,1.0,3,103,1.0,0.0,0.25,0.0,0.0,0.0,1,65383.0
2,5,0,0,0,0,205,1.0,1.0,0.06,0.06,0.0,255,17,0.07,0.07,0.0,1.0,1.0,0.0,1,2447.0
13,9,8,0,0,0,1,0.0,0.0,1.0,0.0,1.0,1,35,1.0,0.0,0.51,0.0,0.0,0.0,1,21744.0
18,2,0,133,0,0,1,0.0,0.0,1.0,0.0,0.0,2,41,0.5,1.0,0.07,0.0,0.0,0.05,1,88724.0
32,5,0,0,0,0,294,1.0,1.0,0.09,0.05,0.0,255,25,0.1,0.05,0.0,1.0,1.0,0.0,1,104420.0
22,9,243,258,0,1,27,0.0,0.0,1.0,0.0,0.07,255,255,1.0,0.0,0.0,0.0,0.0,0.0,0,95171.0
45,1,0,0,0,0,173,0.0,0.0,0.06,0.07,0.0,255,10,0.04,0.08,0.0,0.0,0.0,1.0,1,65305.0
63,5,0,0,0,0,230,1.0,1.0,0.05,0.07,0.0,255,12,0.05,0.07,0.0,1.0,1.0,0.0,1,7685.0
49,9,1257,367,0,1,1,0.0,0.0,1.0,0.0,0.0,34,182,0.74,0.09,0.02,0.0,0.01,0.0,0,92097.0
34,5,0,0,0,0,221,1.0,1.0,0.08,0.06,0.0,255,18,0.07,0.07,0.0,1.0,1.0,0.0,1,125657.0
49,9,16369,387,0,1,1,0.0,0.0,1.0,0.0,0.0,255,46,0.18,0.67,0.0,0.67,0.0,0.0,0,55002.0
22,9,229,175,0,1,39,0.0,0.0,1.0,0.0,0.05,54,255,1.0,0.0,0.03,0.0,0.0,0.0,0,7553.0
11,9,44,128,0,0,313,0.0,0.0,1.0,0.01,0.0,255,251,0.98,0.01,0.0,0.0,0.0,0.0,0,40946.0
4,1,0,0,0,0,128,0.0,0.0,0.04,0.07,0.0,255,5,0.02,0.07,0.0,0.0,0.0,1.0,1,75785.0
45,5,0,0,0,0,12,1.0,1.0,0.5,0.33,0.0,255,6,0.02,0.1,0.0,1.0,1.0,0.0,1,67401.0
22,1,0,0,0,0,1,0.0,0.0,1.0,0.0,0.0,9,255,1.0,0.0,0.13,0.0,0.0,0.84,0,53011.0
12,5,0,0,0,0,150,1.0,1.0,0.01,0.07,0.0,255,1,0.0,0.06,0.0,1.0,1.0,0.0,1,51404.0
22,9,334,281,0,1,1,0.0,0.0,1.0,0.0,0.0,255,245,0.96,0.01,0.0,0.0,0.0,0.03,0,116857.0
22,9,233,1380,0,1,3,0.33,0.33,1.0,0.0,0.0,255,241,0.95,0.01,0.0,0.0,0.0,0.0,0,122771.0
6,1,0,0,0,0,200,0.0,0.0,0.03,0.07,0.0,255,5,0.02,0.07,0.0,0.0,0.0,1.0,1,24473.0
22,9,197,2280,0,1,21,0.0,0.0,1.0,0.0,0.08,62,115,1.0,0.0,0.09,0.0,0.0,0.0,0,109667.0
11,9,78,44,0,0,106,0.0,0.0,1.0,0.0,0.0,255,166,0.65,0.01,0.0,0.0,0.0,0.0,0,1246.0
22,1,0,0,0,0,1,0.0,0.0,1.0,0.0,0.0,1,247,1.0,0.0,0.17,0.0,0.0,0.98,0,49930.0
62,1,0,0,0,0,177,0.0,0.0,0.1,0.06,0.0,255,17,0.07,0.07,0.0,0.0,0.0,1.0,1,103466.0
22,9,256,8708,0,1,1,0.0,0.0,1.0,0.0,0.11,40,255,1.0,0.0,0.04,0.0,0.0,0.0,0,110736.0
14,9,30,0,0,0,1,0.0,0.0,1.0,0.0,0.0,9,10,1.0,0.0,0.2,0.0,0.0,0.0,0,68300.0
22,9,54540,8314,0,1,5,0.0,0.0,1.0,0.0,0.33,255,255,1.0,0.0,0.0,0.0,0.0,0.04,1,101341.0
11,9,43,74,0,0,30,0.0,0.0,1.0,0.0,0.0,255,255,1.0,0.0,0.0,0.0,0.0,0.0,0,59722.0
19,9,15876,0,0,0,16,0.0,0.0,1.0,0.0,0.0,213,58,0.27,0.02,0.0,0.0,0.0,0.0,0,43271.0
45,2,0,0,0,0,125,0.0,0.0,0.04,0.06,0.0,255,5,0.02,0.06,0.0,0.0,0.0,1.0,1,106162.0
55,6,157,5338,0,1,1,1.0,1.0,1.0,0.0,0.0,185,1,0.01,0.02,0.0,0.01,1.0,0.0,0,44039.0
19,9,10073,0,0,1,15,0.0,0.0,1.0,0.0,0.0,79,98,0.62,0.04,0.02,0.0,0.0,0.0,0,100795.0
45,5,0,0,0,0,137,1.0,1.0,0.06,0.06,0.0,255,26,0.1,0.05,0.0,1.0,1.0,0.0,1,64208.0
41,1,0,0,0,0,509,0.21,0.0,0.0,1.0,0.0,255,1,0.0,1.0,0.0,0.27,0.0,1.0,1,123729.0
41,4,1,0,0,0,2,0.0,0.0,1.0,0.0,0.0,255,2,0.01,0.74,0.0,0.0,0.0,1.0,1,102958.0
13,9,8,0,0,0,1,0.0,0.0,1.0,0.0,1.0,2,154,1.0,0.0,0.25,0.0,0.0,0.0,1,20968.0
13,9,8,0,0,0,1,0.0,0.0,1.0,0.0,1.0,1,85,1.0,0.0,0.51,0.0,0.0,0.0,1,48670.0
0,4,2182,9386,0,0,1,0.0,0.0,1.0,0.0,0.0,7,4,0.57,0.29,0.0,0.0,0.0,1.0,0,94717.0
22,9,199,3067,0,1,14,0.0,0.0,1.0,0.0,0.0,44,255,1.0,0.0,0.02,0.0,0.0,0.0,0,96338.0
22,9,230,2239,0,1,4,0.0,0.0,1.0,0.0,0.2,255,228,0.89,0.01,0.0,0.0,0.0,0.0,0,94411.0
22,9,308,6452,0,1,12,0.0,0.0,1.0,0.0,0.2,32,255,1.0,0.0,0.04,0.0,0.0,0.0,0,8100.0
45,1,0,0,0,0,269,0.0,0.0,0.06,0.06,0.0,255,16,0.06,0.06,0.0,0.0,0.0,1.0,1,67240.0
22,9,297,29678,0,1,3,0.33,0.33,1.0,0.0,0.0,105,255,1.0,0.0,0.02,0.01,0.0,0.0,0,64120.0
49,9,1494,440,0,1,1,0.0,0.0,1.0,0.0,1.0,126,149,0.65,0.02,0.01,0.01,0.0,0.0,0,103735.0
45,5,0,0,0,0,211,1.0,1.0,0.09,0.06,0.0,255,19,0.07,0.07,0.0,1.0,1.0,0.0,1,1815.0
18,9,953,2720,0,1,1,0.0,0.0,1.0,0.0,0.0,255,50,0.2,0.02,0.0,0.0,0.0,0.0,0,58567.0
22,9,311,7656,0,1,14,0.0,0.0,1.0,0.0,0.0,14,255,1.0,0.0,0.07,0.0,0.0,0.0,0,48443.0
19,5,0,0,0,0,261,1.0,1.0,0.01,0.06,0.0,255,10,0.04,0.09,0.0,1.0,1.0,0.0,1,10788.0
41,0,0,0,0,0,1,0.0,0.0,1.0,0.0,0.0,255,1,0.0,1.0,0.0,0.0,0.0,0.0,1,63799.0
45,5,0,0,0,0,101,1.0,1.0,0.01,0.06,0.0,255,6,0.02,0.07,0.0,1.0,1.0,0.0,1,20400.0
43,9,35,130,0,1,1,0.0,0.0,1.0,0.0,0.0,30,4,0.03,0.17,0.5,0.0,0.0,0.0,0,30662.0
13,9,30,0,0,0,2,0.0,0.0,1.0,0.0,0.0,235,235,1.0,0.0,0.0,0.0,0.0,0.0,0,63966.0
11,9,46,112,0,0,73,0.0,0.0,1.0,0.0,0.01,255,174,0.68,0.02,0.0,0.0,0.0,0.0,0,97590.0
49,9,1031,391,0,1,1,0.0,0.0,1.0,0.0,1.0,255,26,0.1,0.06,0.0,0.0,0.0,0.0,0,21662.0
45,1,0,0,0,0,144,0.0,0.0,0.11,0.06,0.0,219,16,0.07,0.06,0.0,0.0,0.0,1.0,1,48173.0
13,9,8,0,0,0,1,0.0,0.0,1.0,0.0,1.0,3,61,1.0,0.0,0.26,0.0,0.0,0.0,1,63249.0
19,9,7162,0,0,0,4,0.0,0.0,1.0,0.0,0.0,67,96,0.45,0.07,0.02,0.01,0.0,0.0,0,118190.0
49,9,1101,338,0,1,1,0.0,0.0,1.0,0.0,1.0,152,99,0.65,0.02,0.0,0.0,0.0,0.0,0,20490.0
19,9,7077,0,0,1,5,0.0,0.0,1.0,0.0,0.0,11,11,1.0,0.0,0.0,0.0,0.0,0.0,0,96252.0
22,9,308,318,0,1,3,0.0,0.0,1.0,0.0,0.45,255,255,1.0,0.0,0.0,0.0,0.0,0.0,0,55684.0
13,9,8,0,0,0,1,0.0,0.0,1.0,0.0,1.0,2,150,1.0,0.0,0.5,0.0,0.0,0.0,1,10966.0
22,9,296,327,0,1,24,0.0,0.0,1.0,0.0,0.0,255,255,1.0,0.0,0.0,0.0,0.0,0.0,0,22176.0
22,9,226,497,0,1,1,0.0,0.0,1.0,0.0,0.5,6,255,1.0,0.0,0.02,0.0,0.0,0.0,0,34145.0
45,5,0,0,0,0,269,1.0,1.0,0.02,0.06,0.0,255,5,0.02,0.09,0.0,1.0,1.0,0.0,1,23978.0
22,9,236,327,0,1,3,0.0,0.0,1.0,0.0,0.31,132,255,1.0,0.0,0.02,0.0,0.0,0.0,0,14916.0
11,9,45,111,0,0,115,0.0,0.0,1.0,0.0,0.03,235,170,0.72,0.02,0.0,0.0,0.0,0.0,0,60819.0
22,9,204,11713,0,1,8,0.0,0.0,1.0,0.0,0.0,8,255,1.0,0.0,0.01,0.0,0.0,0.0,0,43578.0
22,9,255,1723,0,1,1,0.0,0.0,1.0,0.0,0.13,255,255,1.0,0.0,0.0,0.0,0.0,0.0,0,117490.0
22,5,0,0,0,0,51,1.0,1.0,0.24,0.08,0.0,255,52,0.2,0.02,0.0,1.0,1.0,0.0,1,63852.0
22,9,160,497,0,1,2,0.0,0.0,1.0,0.0,0.4,74,255,1.0,0.0,0.01,0.03,0.01,0.0,0,107915.0
22,5,0,0,0,0,2,0.5,0.5,1.0,0.0,0.0,34,211,1.0,0.0,0.05,0.03,0.0,0.0,0,16232.0
11,9,35,51,0,0,3,0.0,0.0,1.0,0.0,0.5,255,240,0.94,0.01,0.0,0.0,0.0,0.0,0,33727.0
35,1,0,0,0,0,241,0.0,0.0,0.07,0.07,0.0,255,17,0.07,0.07,0.0,0.0,0.0,1.0,1,27788.0
13,9,8,0,0,0,1,0.0,0.0,1.0,0.0,1.0,2,224,1.0,0.0,0.5,0.0,0.0,0.0,1,40974.0
49,9,20529,373,0,1,1,0.0,0.0,1.0,0.0,1.0,92,173,0.57,0.03,0.01,0.0,0.0,0.0,0,109908.0
22,9,298,17071,0,1,4,0.0,0.0,1.0,0.0,0.0,9,241,1.0,0.0,0.05,0.0,0.0,0.0,0,48419.0
22,9,290,269,0,1,39,0.0,0.0,1.0,0.0,0.08,255,255,1.0,0.0,0.0,0.0,0.0,0.0,0,96645.0
45,5,0,0,0,0,140,1.0,1.0,0.03,0.06,0.0,255,24,0.09,0.06,0.0,1.0,1.0,0.0,1,15682.0
22,5,0,0,0,0,10,1.0,1.0,0.6,0.3,0.0,255,56,0.22,0.02,0.0,1.0,1.0,0.0,1,27100.0
45,5,0,0,0,0,274,1.0,1.0,0.01,0.06,0.0,255,2,0.01,0.06,0.0,1.0,1.0,0.0,1,70021.0
11,9,30,0,0,0,1,0.0,0.0,1.0,0.0,1.0,22,7,0.32,0.14,0.0,0.0,0.0,0.0,0,95306.0
22,9,320,15080,0,1,3,0.0,0.0,1.0,0.0,0.0,255,255,1.0,0.0,0.0,0.0,0.0,0.0,0,116259.0
45,5,0,0,0,0,143,1.0,1.0,0.06,0.06,0.0,255,9,0.04,0.07,0.0,1.0,1.0,0.0,1,108571.0
22,9,232,391,0,1,1,0.0,0.0,1.0,0.0,0.0,6,255,1.0,0.0,0.02,0.0,0.0,0.03,0,11593.0
13,9,8,0,0,0,1,0.0,0.0,1.0,0.0,1.0,2,190,1.0,0.0,0.25,0.0,0.0,0.0,1,87745.0
45,5,0,0,0,0,92,1.0,1.0,0.27,0.07,0.0,255,25,0.1,0.05,0.0,1.0,1.0,0.0,1,113012.0
18,9,1047,3081,0,1,1,0.0,0.0,1.0,0.0,0.0,199,35,0.18,0.04,0.0,0.02,0.0,0.0,0,7484.0
22,7,234,0,0,1,1,1.0,1.0,1.0,0.0,0.0,30,255,1.0,0.0,0.02,0.07,0.01,0.0,0,53781.0
41,9,146,105,0,0,1,0.0,0.0,1.0,0.0,0.0,255,1,0.0,0.76,0.0,0.0,0.0,0.0,0,102905.0
49,9,559,335,0,1,1,0.0,0.0,1.0,0.0,0.0,166,161,0.69,0.02,0.01,0.0,0.01,0.0,0,69753.0
22,9,308,370,0,1,9,0.0,0.0,1.0,0.0,0.0,144,255,1.0,0.0,0.02,0.0,0.0,0.0,0,99641.0
45,1,0,0,0,0,105,0.0,0.0,0.08,0.06,0.0,255,8,0.03,0.07,0.0,0.0,0.0,1.0,1,122748.0
30,5,0,0,0,0,188,1.0,1.0,0.08,0.06,0.0,255,17,0.07,0.07,0.0,1.0,1.0,0.0,1,36602.0
22,9,207,9816,0,1,25,0.0,0.0,1.0,0.0,0.0,255,255,1.0,0.0,0.0,0.0,0.0,0.0,0,43161.0
22,9,316,2676,0,1,6,0.0,0.0,1.0,0.0,0.15,255,255,1.0,0.0,0.0,0.0,0.0,0.0,0,13436.0
17,5,0,0,0,0,37,0.97,1.0,0.27,0.14,0.0,255,29,0.11,0.05,0.0,1.0,1.0,0.0,1,50157.0
22,9,308,897,0,1,7,0.0,0.0,1.0,0.0,0.0,37,255,1.0,0.0,0.04,0.0,0.0,0.0,0,23190.0
22,9,297,2507,0,1,7,0.0,0.0,1.0,0.0,0.0,34,33,0.97,0.06,0.0,0.0,0.0,0.0,0,36471.0
9,5,0,0,0,0,276,1.0,1.0,0.03,0.06,0.0,255,9,0.04,0.06,0.0,1.0,1.0,0.0,1,98628.0
45,5,0,0,0,0,131,1.0,1.0,0.02,0.06,0.0,134,2,0.01,0.07,0.0,1.0,1.0,0.0,1,51029.0
45,5,0,0,0,0,110,1.0,1.0,0.09,0.06,0.0,255,2,0.01,0.08,0.0,1.0,1.0,0.0,1,3544.0
22,1,0,0,0,0,1,0.0,0.0,1.0,0.0,0.0,1,255,1.0,0.0,0.15,0.0,0.0,0.83,0,14953.0
22,9,308,1461,0,1,10,0.0,0.0,1.0,0.0,0.0,255,255,1.0,0.0,0.0,0.0,0.0,0.0,0,9427.0
19,9,3676,0,0,1,7,0.0,0.0,1.0,0.0,0.0,94,62,0.44,0.06,0.03,0.0,0.0,0.0,0,46576.0
45,9,215,0,0,0,1,0.0,0.0,1.0,0.0,0.0,143,119,0.83,0.01,0.0,0.0,0.0,0.0,1,3194.0
22,5,0,0,0,0,16,1.0,1.0,1.0,0.0,0.0,18,16,0.89,0.11,0.0,0.89,1.0,0.0,1,123584.0
22,1,0,0,0,0,1,0.0,0.0,1.0,0.0,1.0,8,254,1.0,0.0,0.23,0.0,0.01,0.97,0,41352.0
41,9,146,105,0,0,4,0.0,0.0,0.5,0.5,0.0,255,2,0.01,0.64,0.0,0.0,0.0,0.0,0,3510.0
13,9,18,0,0,0,1,0.0,0.0,1.0,0.0,0.0,1,197,1.0,0.0,1.0,0.0,0.0,0.0,1,77997.0
49,9,893,330,0,1,1,0.0,0.0,1.0,0.0,0.0,99,17,0.17,0.58,0.0,0.0,0.0,0.0,0,78991.0
61,0,0,0,0,0,1,0.0,0.0,1.0,0.0,0.0,161,1,0.01,0.7,0.0,0.04,0.0,0.0,1,24143.0
49,9,807,339,0,1,1,0.0,0.0,1.0,0.0,0.0,218,145,0.6,0.03,0.01,0.0,0.0,0.0,0,2394.0
53,5,0,0,0,0,259,1.0,1.0,0.03,0.06,0.0,255,15,0.06,0.07,0.0,1.0,1.0,0.0,1,15834.0
11,9,45,114,0,0,1,0.0,0.0,1.0,0.0,1.0,255,234,0.92,0.01,0.0,0.0,0.0,0.0,0,36960.0
22,9,244,990,0,1,33,0.0,0.0,1.0,0.0,0.0,71,255,1.0,0.0,0.01,0.0,0.0,0.07,0,73423.0
22,9,207,1925,0,1,17,0.0,0.0,1.0,0.0,0.14,255,255,1.0,0.0,0.0,0.0,0.0,0.0,0,14208.0
43,2,0,0,0,0,1,0.0,0.0,1.0,0.0,0.0,135,1,0.01,0.21,0.0,0.0,0.0,1.0,1,72369.0
54,5,0,0,0,0,230,1.0,1.0,0.05,0.06,0.0,255,9,0.04,0.08,0.0,1.0,1.0,0.0,1,16625.0
59,9,181,0,0,0,2,0.0,0.0,0.5,1.0,1.0,255,21,0.08,0.01,0.0,0.0,0.0,0.0,0,84926.0
19,9,19,0,0,0,1,0.0,0.0,1.0,0.0,0.0,137,43,0.23,0.03,0.05,0.0,0.0,0.0,0,68161.0
22,9,265,1533,0,1,7,0.0,0.0,1.0,0.0,0.0,7,255,1.0,0.0,0.06,0.0,0.0,0.0,0,3840.0
45,5,0,0,0,0,208,1.0,1.0,0.0,0.06,0.0,255,2,0.01,0.07,0.0,1.0,1.0,0.0,1,34385.0
22,9,226,1158,0,1,11,0.0,0.0,1.0,0.0,0.0,123,255,1.0,0.0,0.02,0.0,0.0,0.0,0,35626.0
35,1,0,0,0,0,252,0.0,0.0,0.0,0.06,0.0,255,1,0.0,0.08,0.0,0.0,0.0,1.0,1,111538.0
33,5,0,0,0,0,203,1.0,1.0,0.01,0.07,0.0,255,13,0.05,0.08,0.0,1.0,1.0,0.0,1,73198.0
11,9,44,150,0,0,66,0.0,0.0,1.0,0.0,0.01,255,255,1.0,0.0,0.0,0.0,0.0,0.0,0,74928.0
45,9,1,0,0,0,46,0.0,0.0,0.46,0.09,0.0,255,66,0.26,0.27,0.0,0.05,0.0,0.0,1,111912.0
22,9,256,273,0,1,3,0.0,0.0,1.0,0.0,0.11,158,255,1.0,0.0,0.02,0.0,0.0,0.0,0,28227.0
22,9,212,6912,0,1,23,0.0,0.0,1.0,0.0,0.0,255,255,1.0,0.0,0.0,0.0,0.0,0.0,0,72331.0
22,9,236,2731,0,1,3,0.0,0.0,1.0,0.0,0.0,6,255,1.0,0.0,0.05,0.0,0.0,0.01,0,4523.0
30,1,0,0,0,0,272,0.0,0.0,0.03,0.06,0.0,255,8,0.03,0.07,0.0,0.0,0.0,1.0,1,71243.0
22,9,223,1415,0,1,4,0.25,0.25,1.0,0.0,0.0,225,225,1.0,0.0,0.0,0.01,0.01,0.0,0,64999.0
30,5,0,0,0,0,278,1.0,1.0,0.09,0.04,0.0,255,25,0.1,0.05,0.0,1.0,1.0,0.0,1,83796.0
22,9,320,3639,0,1,2,0.0,0.0,1.0,0.0,0.5,22,255,1.0,0.0,0.02,0.0,0.01,0.0,0,96504.0
49,9,997,326,0,1,1,0.0,0.0,1.0,0.0,0.0,102,78,0.76,0.04,0.0,0.0,0.0,0.0,0,106410.0
11,9,29,29,0,0,4,0.0,0.0,1.0,0.0,0.5,125,125,1.0,0.0,0.0,0.0,0.0,0.0,0,17130.0
45,5,0,0,0,0,5,1.0,1.0,0.6,0.4,0.0,255,4,0.02,0.07,0.0,1.0,1.0,0.0,1,68034.0
9,5,0,0,0,0,111,1.0,1.0,0.03,0.06,0.0,255,4,0.02,0.07,0.0,1.0,1.0,0.0,1,69677.0
22,9,307,468,0,1,2,0.0,0.0,1.0,0.0,0.0,212,255,1.0,0.0,0.02,0.0,0.0,0.0,0,58807.0
11,9,42,42,0,0,7,0.0,0.0,1.0,0.0,0.0,255,249,0.98,0.01,0.0,0.0,0.0,0.0,0,106071.0
55,5,0,0,0,0,39,1.0,1.0,0.26,0.1,0.0,255,44,0.17,0.04,0.0,1.0,1.0,0.0,1,40686.0
19,5,0,0,0,0,266,1.0,1.0,0.01,0.06,0.0,255,2,0.01,0.08,0.0,1.0,1.0,0.0,1,104986.0
19,9,4892,0,0,0,18,0.0,0.0,1.0,0.0,0.0,249,106,0.43,0.02,0.0,0.0,0.0,0.0,0,25659.0
59,9,127,0,0,0,3,0.0,0.0,0.33,0.67,0.0,166,21,0.12,0.02,0.1,0.0,0.0,0.0,0,109721.0
22,9,307,2358,0,1,15,0.0,0.0,1.0,0.0,0.0,33,255,1.0,0.0,0.06,0.0,0.0,0.0,0,72675.0
18,9,1232,2451,0,1,1,0.0,0.0,1.0,0.0,0.0,255,122,0.48,0.02,0.0,0.0,0.0,0.0,1,103302.0
22,9,298,710,0,1,9,0.0,0.0,1.0,0.0,0.0,127,255,1.0,0.0,0.05,0.0,0.0,0.0,0,35802.0
43,9,49,2553,0,1,1,0.0,0.0,1.0,0.0,0.0,226,6,0.03,0.03,0.0,0.0,0.0,0.0,0,41581.0
45,5,0,0,0,0,245,1.0,1.0,0.05,0.06,0.0,255,11,0.04,0.06,0.0,1.0,1.0,0.0,1,90526.0
41,9,147,0,0,0,1,0.0,0.0,1.0,0.0,0.0,1,1,1.0,0.0,0.0,0.0,0.0,0.0,0,7376.0
10,1,0,0,0,0,285,0.0,0.0,0.05,0.06,0.0,255,14,0.05,0.07,0.0,0.0,0.0,1.0,1,61281.0
13,9,8,0,0,0,1,0.0,0.0,1.0,0.0,1.0,1,105,1.0,0.0,0.26,0.0,0.0,0.0,1,104326.0
11,9,1,0,0,0,20,0.0,0.0,0.1,0.15,0.0,255,2,0.01,0.92,0.0,0.03,0.0,0.0,1,99773.0
22,9,236,22344,0,1,1,0.0,0.0,1.0,0.0,0.0,255,255,1.0,0.0,0.0,0.0,0.0,0.0,0,45045.0
31,5,0,0,0,0,22,1.0,1.0,0.41,0.09,0.0,255,9,0.04,0.07,0.0,1.0,1.0,0.0,1,67566.0
16,5,0,0,0,0,114,1.0,1.0,0.17,0.07,0.0,255,20,0.08,0.07,0.0,1.0,1.0,0.0,1,63078.0
26,5,0,0,0,0,218,1.0,1.0,0.0,0.07,0.0,255,1,0.0,0.08,0.0,1.0,1.0,0.0,1,100315.0
27,5,0,0,0,0,142,1.0,1.0,0.03,0.06,0.0,255,4,0.02,0.07,0.0,1.0,1.0,0.0,1,58130.0
14,9,1032,0,0,0,511,0.0,0.0,1.0,0.0,0.0,255,185,0.73,0.02,0.0,0.0,0.0,0.0,1,93665.0
22,9,320,516,0,1,12,0.0,0.0,1.0,0.0,0.17,255,255,1.0,0.0,0.0,0.0,0.0,0.0,0,112259.0
45,5,0,0,0,0,241,1.0,1.0,0.01,0.06,0.0,255,2,0.01,0.09,0.0,1.0,1.0,0.0,1,67126.0
19,9,7233,0,0,1,11,0.0,0.0,1.0,0.0,0.0,184,100,0.37,0.03,0.02,0.0,0.0,0.0,0,44507.0
6,5,0,0,0,0,116,1.0,1.0,0.08,0.08,0.0,255,9,0.04,0.07,0.0,1.0,1.0,0.0,1,70161.0
22,1,0,0,0,0,111,0.0,0.0,0.14,0.06,0.0,255,14,0.05,0.07,0.0,0.0,0.0,1.0,1,41280.0
32,1,0,0,0,0,230,0.0,0.0,0.01,0.07,0.0,255,3,0.01,0.08,0.0,0.0,0.0,1.0,1,91835.0
13,9,8,0,0,0,1,0.0,0.0,1.0,0.0,1.0,1,66,1.0,0.0,0.52,0.0,0.0,0.0,1,102638.0
11,9,46,74,0,0,275,0.0,0.0,1.0,0.01,0.0,255,254,1.0,0.01,0.0,0.0,0.0,0.0,0,7729.0
49,9,850,386,0,1,1,0.0,0.0,1.0,0.0,1.0,255,115,0.45,0.04,0.0,0.11,0.0,0.0,0,12542.0
19,9,245,0,0,1,2,0.0,0.0,1.0,0.0,0.0,103,136,0.75,0.04,0.01,0.01,0.0,0.0,0,104309.0
22,9,232,650,0,1,10,0.0,0.0,1.0,0.0,0.15,144,255,1.0,0.0,0.05,0.0,0.0,0.0,0,80161.0
11,9,17,73,0,0,1,0.0,0.0,1.0,0.0,0.0,255,234,0.92,0.01,0.0,0.0,0.0,0.0,0,11103.0
22,9,322,530,0,1,2,0.0,0.0,1.0,0.0,0.0,43,255,1.0,0.0,0.04,0.0,0.0,0.0,0,97197.0
14,9,1032,0,0,0,511,0.0,0.0,1.0,0.0,0.0,255,147,0.58,0.02,0.0,0.01,0.0,0.0,1,83075.0
22,9,227,573,0,1,17,0.0,0.0,1.0,0.0,0.04,255,255,1.0,0.0,0.0,0.0,0.0,0.0,0,6951.0
49,9,1489,332,0,1,1,0.0,0.0,1.0,0.0,0.0,51,49,0.96,0.04,0.0,0.0,0.0,0.0,0,119952.0
55,9,104,996,0,1,1,0.0,0.0,1.0,0.0,0.0,19,3,0.11,0.26,0.67,0.0,0.0,0.0,0,91540.0
45,9,28,0,3,0,70,0.0,0.0,1.0,0.0,0.0,255,70,0.27,0.02,0.0,0.0,0.0,0.0,1,29884.0
22,9,298,7299,0,1,1,0.0,0.0,1.0,0.0,0.0,255,255,1.0,0.0,0.0,0.0,0.0,0.0,0,1776.0
19,9,6932,0,0,1,2,0.0,0.0,1.0,0.0,0.0,28,10,0.36,0.11,0.0,0.0,0.0,0.0,0,103005.0
45,1,0,0,0,0,2,0.0,0.0,0.5,1.0,0.0,255,1,0.0,0.98,0.0,0.0,0.0,1.0,1,96547.0
22,9,231,1619,0,1,14,0.0,0.0,1.0,0.0,0.0,14,255,1.0,0.0,0.05,0.0,0.0,0.0,0,38582.0
19,9,12,0,0,1,1,0.0,0.0,1.0,0.0,0.0,119,14,0.12,0.03,0.0,0.0,0.0,0.0,0,50520.0
22,9,272,269,0,1,13,0.0,0.0,1.0,0.0,0.0,255,255,1.0,0.0,0.0,0.0,0.0,0.0,0,70180.0
45,5,0,0,0,0,248,1.0,1.0,0.03,0.04,0.0,255,8,0.03,0.05,0.0,1.0,1.0,0.0,1,65125.0
45,5,0,0,0,0,130,1.0,1.0,0.13,0.05,0.0,255,20,0.08,0.05,0.0,1.0,1.0,0.0,1,16517.0
22,9,216,1302,0,1,3,0.0,0.0,1.0,0.0,0.0,3,255,1.0,0.0,0.05,0.0,0.0,0.0,0,18479.0
45,5,0,0,0,0,272,1.0,1.0,0.03,0.06,0.0,255,13,0.05,0.08,0.0,1.0,1.0,0.0,1,59711.0
22,9,208,3861,0,1,3,0.0,0.0,1.0,0.0,0.0,255,255,1.0,0.0,0.0,0.0,0.0,0.0,0,96541.0
45,1,0,0,0,0,272,0.0,0.0,0.03,0.06,0.0,255,7,0.03,0.08,0.0,0.0,0.0,1.0,1,92698.0
19,9,7321,0,0,1,3,0.0,0.0,0.67,0.67,0.0,254,73,0.29,0.02,0.0,0.0,0.0,0.0,0,61041.0
19,9,12,0,0,0,1,0.0,0.0,1.0,0.0,0.0,73,45,0.4,0.04,0.04,0.0,0.0,0.0,0,70748.0
41,4,1,0,0,0,2,0.0,0.0,1.0,0.0,0.0,255,2,0.01,0.73,0.0,0.0,0.0,1.0,1,114903.0
11,9,42,0,0,0,1,0.0,0.0,1.0,0.0,0.0,227,225,0.99,0.01,0.0,0.0,0.0,0.0,0,18084.0
22,9,315,2456,0,1,23,0.04,0.04,1.0,0.0,0.0,23,255,1.0,0.0,0.05,0.04,0.01,0.0,0,40510.0
18,9,1192,3373,0,1,1,0.0,0.0,1.0,0.0,0.0,217,23,0.11,0.03,0.0,0.0,0.0,0.0,0,95634.0
14,9,1032,0,0,0,195,0.0,0.0,1.0,0.0,0.0,255,255,1.0,0.0,0.0,0.0,0.0,0.0,1,81931.0
22,9,311,168,0,1,6,0.0,0.0,1.0,0.0,0.29,8,255,1.0,0.0,0.05,0.0,0.01,0.0,0,95812.0
4,5,0,0,0,0,279,1.0,1.0,0.06,0.06,0.0,255,17,0.07,0.07,0.0,1.0,1.0,0.0,1,19269.0
22,9,305,1380,0,1,2,0.0,0.0,1.0,0.0,0.67,255,223,0.87,0.01,0.0,0.0,0.0,0.0,0,8266.0
22,9,340,2275,0,1,12,0.0,0.0,1.0,0.0,0.11,106,255,1.0,0.0,0.05,0.0,0.0,0.0,0,116903.0
22,9,335,18840,0,1,12,0.0,0.0,1.0,0.0,0.0,255,255,1.0,0.0,0.0,0.0,0.0,0.0,0,6846.0
22,9,350,299,0,1,13,0.0,0.0,1.0,0.0,0.0,255,255,1.0,0.0,0.0,0.0,0.0,0.0,0,73474.0
23,5,0,0,0,0,150,1.0,1.0,0.11,0.05,0.0,255,17,0.07,0.06,0.0,1.0,1.0,0.0,1,2251.0
11,9,44,132,0,0,204,0.0,0.0,1.0,0.0,0.0,129,90,0.7,0.02,0.0,0.0,0.0,0.0,0,95832.0
39,5,0,0,0,0,98,1.0,1.0,0.08,0.06,0.0,255,5,0.02,0.07,0.0,1.0,1.0,0.0,1,23450.0
41,9,147,105,0,0,1,0.0,0.0,1.0,0.0,0.0,255,2,0.01,0.59,0.0,0.0,0.0,0.0,0,115080.0
11,9,45,75,0,0,31,0.0,0.0,1.0,0.0,0.0,106,66,0.62,0.02,0.0,0.0,0.0,0.0,0,88926.0
45,5,0,0,0,0,220,1.0,1.0,0.03,0.07,0.0,255,5,0.02,0.08,0.0,1.0,1.0,0.0,1,33368.0
8,5,0,0,0,0,108,1.0,1.0,0.06,0.06,0.0,255,7,0.03,0.07,0.0,1.0,1.0,0.0,1,107593.0
22,9,199,594,0,1,3,0.0,0.0,1.0,0.0,0.0,146,255,1.0,0.0,0.01,0.0,0.0,0.0,0,121110.0
19,9,203,0,0,0,2,0.0,0.0,1.0,0.0,0.0,4,28,1.0,0.0,0.07,0.0,0.0,0.0,0,39738.0
62,5,0,0,0,0,295,1.0,1.0,0.06,0.06,0.0,255,19,0.07,0.07,0.0,1.0,1.0,0.0,1,96774.0
14,9,1032,0,0,0,16,0.0,0.0,1.0,0.0,0.0,255,16,0.06,0.02,0.0,0.0,0.0,0.0,1,17101.0
45,5,0,0,0,0,221,1.0,1.0,0.04,0.08,0.0,255,9,0.04,0.08,0.0,1.0,1.0,0.0,1,27360.0
45,9,28,0,3,0,23,0.0,0.0,1.0,0.0,0.0,255,23,0.09,0.01,0.0,0.0,0.0,0.0,1,60029.0
22,1,0,0,0,0,1,0.0,0.0,1.0,0.0,0.0,1,14,1.0,0.0,0.29,0.0,0.0,1.0,0,52530.0
45,4,1,0,0,0,2,0.0,0.0,1.0,0.0,0.0,255,2,0.01,0.73,0.0,0.0,0.0,1.0,1,24764.0
11,9,44,78,0,0,133,0.0,0.0,1.0,0.0,0.0,255,254,1.0,0.01,0.0,0.0,0.0,0.0,0,97882.0
22,9,239,2265,0,1,5,0.0,0.0,1.0,0.0,0.0,5,255,1.0,0.0,0.01,0.0,0.0,0.0,0,54077.0
22,2,0,0,0,1,1,0.0,0.0,1.0,0.0,0.0,1,255,1.0,0.0,0.01,0.0,0.0,0.02,0,21917.0
22,9,221,1556,0,1,8,0.0,0.0,1.0,0.0,0.22,255,255,1.0,0.0,0.0,0.0,0.0,0.0,0,35643.0
19,9,0,5150938,0,0,1,0.0,0.0,1.0,0.0,0.0,15,15,1.0,0.0,0.0,0.0,0.0,0.0,0,79530.0
45,1,0,0,0,0,272,0.0,0.0,0.03,0.06,0.0,255,24,0.09,0.07,0.0,0.0,0.0,1.0,1,19916.0
45,9,28,0,3,0,20,0.0,0.0,1.0,0.0,0.0,92,20,0.22,0.04,0.0,0.0,0.0,0.0,1,61690.0
22,9,200,4091,0,1,1,0.0,0.0,1.0,0.0,1.0,255,249,0.98,0.01,0.0,0.0,0.0,0.0,0,105550.0
54,5,0,0,0,0,139,1.0,1.0,0.13,0.04,0.0,255,6,0.02,0.06,0.0,1.0,1.0,0.0,1,2163.0
22,9,216,1651,0,1,10,0.0,0.0,1.0,0.0,0.18,255,255,1.0,0.0,0.0,0.0,0.0,0.0,0,16281.0
31,5,0,0,0,0,145,1.0,1.0,0.14,0.06,0.0,255,20,0.08,0.06,0.0,1.0,1.0,0.0,1,71555.0
19,9,245,0,0,0,2,0.0,0.0,0.5,1.0,0.0,255,55,0.22,0.02,0.0,0.0,0.0,0.0,0,56898.0
45,5,0,0,0,0,258,1.0,1.0,0.01,0.06,0.0,255,18,0.07,0.07,0.0,1.0,1.0,0.0,1,16669.0
22,9,332,936,0,1,3,0.0,0.0,1.0,0.0,0.5,255,255,1.0,0.0,0.0,0.0,0.0,0.01,0,123075.0
22,9,290,1820,0,1,14,0.0,0.0,1.0,0.0,0.12,37,250,1.0,0.0,0.06,0.0,0.0,0.0,0,59746.0
49,9,1220,337,0,1,1,0.0,0.0,1.0,0.0,1.0,95,91,0.77,0.03,0.02,0.0,0.0,0.0,0,40829.0
22,9,218,5381,0,1,1,0.0,0.0,1.0,0.0,0.0,109,255,1.0,0.0,0.03,0.0,0.0,0.0,0,69852.0
22,9,234,1580,0,1,18,0.0,0.0,1.0,0.0,0.0,217,255,1.0,0.0,0.01,0.0,0.0,0.0,0,24576.0
2,5,0,0,0,0,213,1.0,1.0,0.02,0.08,0.0,255,5,0.02,0.09,0.0,1.0,1.0,0.0,1,119307.0
22,9,316,331,0,1,12,0.0,0.0,1.0,0.0,0.0,50,255,1.0,0.0,0.04,0.0,0.0,0.0,0,64578.0
23,1,0,0,0,0,144,0.0,0.0,0.11,0.06,0.0,255,9,0.04,0.07,0.0,0.0,0.0,1.0,1,9977.0
11,9,44,44,0,0,166,0.0,0.0,1.0,0.0,0.0,255,255,1.0,0.0,0.0,0.0,0.0,0.0,0,79304.0
41,9,146,105,0,0,4,0.0,0.0,0.5,0.5,0.0,255,2,0.01,0.58,0.0,0.0,0.0,0.0,0,26126.0
29,5,0,0,0,0,296,1.0,1.0,0.04,0.05,0.0,255,12,0.05,0.05,0.0,1.0,1.0,0.0,1,111193.0
45,5,0,0,0,0,131,1.0,1.0,0.11,0.05,0.0,255,14,0.05,0.07,0.0,1.0,1.0,0.0,1,9748.0
22,9,293,1873,0,1,2,0.0,0.0,1.0,0.0,0.0,146,255,1.0,0.0,0.03,0.0,0.0,0.0,0,46668.0
22,5,0,0,0,0,255,1.0,1.0,0.04,0.06,0.0,255,10,0.04,0.07,0.0,1.0,1.0,0.0,1,83660.0
13,9,8,0,0,0,1,0.0,0.0,1.0,0.0,1.0,2,61,1.0,0.0,0.26,0.0,0.0,0.0,1,18360.0
22,9,230,6827,0,1,14,0.0,0.0,1.0,0.0,0.12,255,255,1.0,0.0,0.0,0.0,0.0,0.0,0,65177.0
22,9,233,1749,0,1,10,0.0,0.0,1.0,0.0,0.0,126,255,1.0,0.0,0.01,0.0,0.0,0.0,0,4201.0
19,9,641,0,0,1,1,0.0,0.0,1.0,0.0,0.0,255,87,0.34,0.02,0.0,0.0,0.0,0.0,0,114860.0
22,9,220,9034,0,1,7,0.0,0.0,1.0,0.0,0.0,255,255,1.0,0.0,0.0,0.0,0.0,0.0,0,89403.0
44,5,0,0,0,0,123,1.0,1.0,0.15,0.06,0.0,255,19,0.07,0.06,0.0,1.0,1.0,0.0,1,35761.0
45,9,28,0,3,0,99,0.0,0.0,1.0,0.0,0.0,255,99,0.39,0.01,0.0,0.0,0.0,0.0,1,48739.0
11,9,46,78,0,0,157,0.0,0.0,1.0,0.0,0.0,255,254,1.0,0.01,0.0,0.0,0.0,0.0,0,57521.0
22,9,152,8159,0,1,1,0.0,0.0,1.0,0.0,0.0,29,255,1.0,0.0,0.02,0.0,0.0,0.0,0,106778.0
22,9,330,3501,0,1,8,0.0,0.0,1.0,0.0,0.0,111,255,1.0,0.0,0.02,0.0,0.0,0.0,0,67096.0
19,9,383,0,0,0,1,0.0,0.0,1.0,0.0,0.0,61,12,0.2,0.05,0.0,0.0,0.0,0.0,0,112209.0
22,9,320,4624,0,1,39,0.0,0.0,1.0,0.0,0.0,255,255,1.0,0.0,0.0,0.0,0.0,0.0,0,72255.0
22,9,276,10861,0,1,3,0.33,0.2,1.0,0.0,0.4,5,255,1.0,0.0,0.03,0.2,0.0,0.0,0,4883.0
22,9,276,299,0,1,4,0.25,0.25,1.0,0.0,0.38,255,255,1.0,0.0,0.0,0.0,0.0,0.0,0,114836.0
45,5,0,0,0,0,141,1.0,1.0,0.13,0.06,0.0,45,19,0.42,0.09,0.0,1.0,1.0,0.0,1,94126.0
61,1,0,0,0,0,234,0.0,0.0,0.03,0.06,0.0,255,6,0.02,0.07,0.0,0.0,0.0,1.0,1,38971.0
14,9,1032,0,0,0,511,0.0,0.0,1.0,0.0,0.0,255,114,0.45,0.19,0.0,0.0,0.0,0.0,1,3162.0
45,5,0,0,0,0,144,1.0,1.0,0.08,0.06,0.0,255,12,0.05,0.06,0.0,1.0,1.0,0.0,1,105488.0
22,9,288,4768,0,1,13,0.0,0.0,1.0,0.0,0.0,255,255,1.0,0.0,0.0,0.0,0.0,0.01,0,47392.0
45,1,0,0,0,0,229,0.0,0.0,0.07,0.06,0.0,255,15,0.06,0.06,0.0,0.0,0.0,1.0,1,46412.0
18,9,1209,2447,0,1,1,0.0,0.0,1.0,0.0,0.0,255,64,0.25,0.02,0.0,0.0,0.0,0.0,1,75688.0
45,5,0,0,0,0,241,1.0,1.0,0.07,0.06,0.0,255,5,0.02,0.08,0.0,1.0,1.0,0.0,1,29134.0
22,9,164,38237,0,1,1,0.0,0.0,1.0,0.0,0.0,255,255,1.0,0.0,0.0,0.0,0.0,0.0,0,99697.0
45,9,28,0,3,0,63,0.0,0.0,1.0,0.0,0.0,255,30,0.12,0.01,0.0,0.0,0.0,0.0,1,59803.0
22,9,142,277,0,1,1,0.0,0.0,1.0,0.0,0.0,255,255,1.0,0.0,0.0,0.0,0.0,0.0,0,114215.0
19,5,0,0,0,0,227,1.0,1.0,0.02,0.06,0.0,255,4,0.02,0.06,0.0,1.0,1.0,0.0,1,111780.0
51,5,0,0,0,0,227,1.0,1.0,0.07,0.06,0.0,255,20,0.08,0.06,0.0,1.0,1.0,0.0,1,72460.0
26,5,0,0,0,0,134,1.0,1.0,0.14,0.06,0.0,255,19,0.07,0.06,0.0,1.0,1.0,0.0,1,59274.0
22,9,197,4082,0,1,20,0.0,0.0,1.0,0.0,0.0,20,255,1.0,0.0,0.04,0.0,0.0,0.01,0,60112.0
22,9,204,5226,0,1,11,0.0,0.0,1.0,0.0,0.0,178,255,1.0,0.0,0.01,0.01,0.0,0.0,0,26112.0
18,9,871,2579,0,1,1,0.0,0.0,1.0,0.0,0.0,177,47,0.27,0.03,0.0,0.0,0.0,0.02,0,43961.0
33,5,0,0,0,0,197,0.99,1.0,0.08,0.07,0.0,255,15,0.06,0.08,0.0,1.0,1.0,0.0,1,49643.0
45,5,0,0,0,0,180,1.0,1.0,0.07,0.06,0.0,255,1,0.0,0.09,0.0,1.0,1.0,0.0,1,109253.0
45,5,0,0,0,0,76,1.0,1.0,0.28,0.07,0.0,255,21,0.08,0.05,0.0,1.0,1.0,0.0,1,121358.0
11,9,45,134,0,0,66,0.0,0.0,1.0,0.0,0.01,255,229,0.9,0.01,0.0,0.0,0.0,0.0,0,94623.0
22,9,210,1303,0,1,9,0.0,0.0,1.0,0.0,0.0,9,255,1.0,0.0,0.01,0.0,0.0,0.0,0,111715.0
3,5,0,0,0,0,219,1.0,1.0,0.08,0.06,0.0,255,18,0.07,0.07,0.0,1.0,1.0,0.0,1,114687.0
13,9,8,0,0,0,1,0.0,0.0,1.0,0.0,1.0,2,248,1.0,0.0,0.5,0.0,0.0,0.0,1,104273.0
17,5,0,0,0,0,4,1.0,1.0,0.75,0.5,0.0,255,43,0.17,0.05,0.0,1.0,1.0,0.0,1,107355.0
22,9,271,343,0,1,11,0.0,0.0,1.0,0.0,0.0,54,255,1.0,0.0,0.01,0.02,0.0,0.0,0,42772.0
45,5,0,0,0,0,217,1.0,1.0,0.05,0.05,0.0,21,10,0.48,0.14,0.0,0.9,1.0,0.0,1,41787.0
22,9,209,770,0,1,7,0.0,0.0,1.0,0.0,0.0,255,255,1.0,0.0,0.0,0.0,0.0,0.0,0,58697.0
45,1,0,0,0,0,84,0.0,0.0,0.18,0.06,0.0,255,15,0.06,0.05,0.0,0.0,0.0,1.0,1,62492.0
14,9,30,0,0,0,2,0.0,0.0,1.0,0.0,0.0,233,233,1.0,0.0,0.0,0.0,0.0,0.0,0,52803.0
19,9,11,0,0,1,1,0.0,0.0,1.0,0.0,0.0,184,101,0.49,0.02,0.02,0.0,0.0,0.0,0,63944.0
22,9,200,9337,0,1,5,0.0,0.0,1.0,0.0,0.0,5,255,1.0,0.0,0.02,0.0,0.0,0.0,0,57170.0
22,9,364,6504,0,1,4,0.0,0.0,1.0,0.0,0.0,255,255,1.0,0.0,0.0,0.0,0.0,0.0,0,57828.0
22,9,143,17463,0,1,3,0.33,0.1,1.0,0.0,0.3,13,255,1.0,0.0,0.05,0.08,0.01,0.0,0,86628.0
22,9,189,313,0,1,10,0.0,0.0,1.0,0.0,0.14,255,255,1.0,0.0,0.0,0.0,0.0,0.0,0,100417.0
32,1,0,0,0,0,245,0.0,0.0,0.02,0.07,0.0,255,5,0.02,0.08,0.0,0.0,0.0,1.0,1,93033.0
49,9,3146,400,0,1,1,0.0,0.0,1.0,0.0,0.0,64,177,0.83,0.05,0.02,0.0,0.01,0.0,0,74341.0
49,9,879,400,0,1,1,0.0,0.0,1.0,0.0,1.0,103,123,0.73,0.06,0.02,0.01,0.0,0.0,0,103621.0
49,9,780,333,0,1,1,0.0,0.0,1.0,0.0,0.0,255,189,0.74,0.02,0.0,0.0,0.0,0.0,0,124879.0
45,1,0,0,0,0,215,0.0,0.0,0.07,0.07,0.0,255,16,0.06,0.08,0.0,0.0,0.0,1.0,1,53308.0
49,9,1049,328,0,1,1,0.0,0.0,1.0,0.0,1.0,84,195,0.7,0.06,0.01,0.0,0.0,0.0,0,88830.0
22,9,54540,8314,0,1,3,0.0,0.0,1.0,0.0,0.0,62,62,1.0,0.0,0.0,0.02,0.02,0.02,1,72471.0
5,5,0,0,0,0,117,1.0,1.0,0.02,0.07,0.0,255,15,0.06,0.08,0.0,1.0,1.0,0.0,1,104246.0
45,9,28,0,3,0,79,0.0,0.0,1.0,0.0,0.0,255,79,0.31,0.04,0.0,0.02,0.0,0.0,1,40232.0
55,9,179,24566,0,1,1,0.0,0.0,1.0,0.0,0.0,1,6,1.0,0.0,0.5,0.0,0.17,0.17,0,22107.0
22,9,467,5876,0,1,8,0.0,0.0,1.0,0.0,0.0,255,255,1.0,0.0,0.0,0.0,0.0,0.0,0,28814.0
49,9,2352,333,0,1,1,0.0,0.0,1.0,0.0,0.0,215,106,0.46,0.03,0.02,0.0,0.0,0.0,0,18269.0
45,5,0,0,0,0,296,1.0,1.0,0.02,0.05,0.0,255,11,0.04,0.08,0.0,1.0,1.0,0.0,1,37872.0
41,9,147,0,0,0,1,0.0,0.0,1.0,0.0,0.0,255,1,0.0,0.61,0.0,0.0,0.0,0.0,0,73123.0
22,9,244,1088,0,1,24,0.0,0.0,1.0,0.0,0.05,255,255,1.0,0.0,0.0,0.0,0.0,0.0,0,4444.0
23,5,0,0,0,0,255,1.0,1.0,0.05,0.05,0.0,255,13,0.05,0.07,0.0,1.0,1.0,0.0,1,11610.0
19,9,501760,0,0,1,2,0.0,0.0,1.0,0.0,0.0,8,6,0.75,0.25,0.0,0.0,0.0,0.0,0,96377.0
22,9,278,3468,0,1,11,0.0,0.0,1.0,0.0,0.0,255,255,1.0,0.0,0.0,0.0,0.0,0.0,0,123672.0
22,1,0,0,0,0,1,0.0,0.0,1.0,0.0,1.0,106,249,1.0,0.0,0.1,0.0,0.0,0.7,0,102541.0
63,5,0,0,0,0,248,1.0,1.0,0.08,0.06,0.0,255,20,0.08,0.07,0.0,1.0,1.0,0.0,1,64105.0
63,1,0,0,0,0,244,0.0,0.0,0.02,0.07,0.0,255,4,0.02,0.09,0.0,0.0,0.0,1.0,1,85542.0
22,9,365,870,0,1,14,0.0,0.0,1.0,0.0,0.19,255,255,1.0,0.0,0.0,0.0,0.0,0.01,0,73413.0
22,9,212,1998,0,1,20,0.0,0.0,1.0,0.0,0.0,255,255,1.0,0.0,0.0,0.0,0.0,0.0,0,45708.0
45,1,0,0,0,0,35,0.03,0.0,0.03,1.0,0.0,255,1,0.0,0.17,0.0,0.0,0.0,1.0,1,85103.0
3,5,0,0,0,0,279,1.0,1.0,0.04,0.06,0.0,255,11,0.04,0.06,0.0,1.0,1.0,0.0,1,78876.0
45,5,0,0,0,0,209,1.0,1.0,0.01,0.06,0.0,255,3,0.01,0.05,0.0,1.0,1.0,0.0,1,120764.0
45,5,0,0,0,0,278,1.0,1.0,0.05,0.05,0.0,255,14,0.05,0.05,0.0,1.0,1.0,0.0,1,109468.0
18,2,0,0,0,0,238,0.0,0.0,0.05,0.06,0.0,255,12,0.05,0.07,0.0,0.0,0.0,1.0,1,41508.0
22,9,199,893,0,1,18,0.0,0.0,1.0,0.0,0.14,255,255,1.0,0.0,0.0,0.0,0.0,0.0,0,94758.0
41,1,0,0,0,0,391,0.09,0.0,0.0,1.0,0.0,255,1,0.0,1.0,0.0,0.11,0.0,1.0,1,20712.0
22,9,228,2739,0,1,7,0.0,0.0,1.0,0.0,0.0,255,255,1.0,0.0,0.0,0.0,0.0,0.0,0,111485.0
11,9,45,115,0,0,3,0.0,0.0,1.0,0.0,0.2,255,243,0.95,0.01,0.0,0.0,0.0,0.0,0,87142.0
22,1,0,0,0,0,1,0.0,0.0,1.0,0.0,0.0,5,32,1.0,0.0,0.34,0.0,0.0,1.0,0,30400.0
22,9,225,2445,0,1,4,0.0,0.0,1.0,0.0,0.4,255,255,1.0,0.0,0.0,0.0,0.0,0.0,0,199.0
45,5,0,0,0,0,217,1.0,1.0,0.05,0.06,0.0,255,20,0.08,0.07,0.0,1.0,1.0,0.0,1,122321.0
11,9,45,166,0,0,74,0.0,0.0,1.0,0.0,0.01,255,255,1.0,0.0,0.0,0.0,0.0,0.0,0,81721.0
60,5,0,0,0,0,116,1.0,1.0,0.13,0.06,0.0,255,15,0.06,0.07,0.0,1.0,1.0,0.0,1,69244.0
41,1,0,0,0,0,1,0.0,0.0,1.0,0.0,0.0,6,4,0.67,0.33,0.0,0.0,0.0,1.0,0,115688.0
22,9,162,4528,0,1,2,0.0,0.0,1.0,0.0,0.0,1,1,1.0,0.0,0.0,0.0,0.0,0.0,0,102882.0
28,1,0,0,0,0,152,0.05,0.0,0.01,1.0,0.0,255,1,0.0,0.78,0.0,0.03,0.0,1.0,1,104708.0
45,5,0,0,0,0,11,1.0,1.0,0.27,0.36,0.0,255,3,0.01,0.09,0.0,1.0,1.0,0.0,1,124168.0
49,9,1282,390,0,1,1,0.0,0.0,1.0,0.0,0.0,34,176,0.44,0.12,0.01,0.03,0.0,0.0,0,113399.0
60,5,0,0,0,0,102,1.0,1.0,0.02,0.07,0.0,255,4,0.02,0.08,0.0,1.0,1.0,0.0,1,28985.0
11,9,44,116,0,0,172,0.0,0.0,1.0,0.0,0.0,255,227,0.89,0.01,0.0,0.0,0.0,0.0,0,91530.0
13,9,8,0,0,0,1,0.0,0.0,1.0,0.0,1.0,1,135,1.0,0.0,0.5,0.0,0.0,0.0,1,7157.0
30,5,0,0,0,0,262,1.0,1.0,0.02,0.06,0.0,255,6,0.02,0.08,0.0,1.0,1.0,0.0,1,122418.0
10,5,0,0,0,0,251,1.0,1.0,0.1,0.06,0.0,255,25,0.1,0.06,0.0,1.0,1.0,0.0,1,68085.0
13,9,8,0,0,0,1,0.0,0.0,1.0,0.0,1.0,1,113,1.0,0.0,0.5,0.0,0.0,0.0,1,15515.0
22,9,307,9717,0,1,1,0.0,0.0,1.0,0.0,0.09,1,255,1.0,0.0,0.05,0.0,0.0,0.0,0,76608.0
22,1,0,0,0,0,1,0.0,0.0,1.0,0.0,0.0,4,251,1.0,0.0,0.06,0.0,0.0,0.45,0,107384.0
49,9,1034,330,0,1,1,0.0,0.0,1.0,0.0,0.0,106,150,0.53,0.03,0.02,0.0,0.0,0.0,0,42866.0
22,9,316,14067,0,1,9,0.0,0.0,1.0,0.0,0.0,255,255,1.0,0.0,0.0,0.0,0.0,0.0,0,82385.0
28,5,0,0,0,0,133,1.0,1.0,0.15,0.05,0.0,255,20,0.08,0.05,0.0,1.0,1.0,0.0,1,30027.0
49,9,2371,335,0,1,1,0.0,0.0,1.0,0.0,1.0,125,163,0.74,0.03,0.02,0.0,0.0,0.0,0,30163.0
45,5,0,0,0,0,212,1.0,1.0,0.09,0.06,0.0,255,18,0.07,0.06,0.0,1.0,1.0,0.0,1,45106.0
45,5,0,0,0,0,228,1.0,1.0,0.08,0.06,0.0,255,17,0.07,0.09,0.0,1.0,1.0,0.0,1,68215.0
19,9,8737,0,0,1,10,0.0,0.0,1.0,0.0,0.0,18,16,0.89,0.11,0.0,0.0,0.0,0.0,0,95414.0
22,9,291,6672,0,1,7,0.0,0.0,1.0,0.0,0.0,49,255,1.0,0.0,0.05,0.0,0.0,0.0,0,61799.0
49,9,1106,325,0,1,1,0.0,0.0,1.0,0.0,0.0,181,100,0.55,0.03,0.0,0.01,0.01,0.0,0,111237.0
18,9,699,2077,0,1,1,0.0,0.0,1.0,0.0,0.0,197,32,0.16,0.04,0.0,0.0,0.0,0.06,0,118025.0
26,5,0,0,0,0,173,1.0,1.0,0.05,0.07,0.0,255,8,0.03,0.06,0.0,1.0,1.0,0.0,1,28612.0
11,9,42,108,0,0,1,0.0,0.0,1.0,0.0,0.0,1,224,1.0,0.0,0.01,0.0,0.0,0.0,0,56865.0
13,9,8,0,0,0,1,0.0,0.0,1.0,0.0,0.0,3,255,1.0,0.0,0.25,0.0,0.0,0.0,1,35527.0
41,9,147,105,0,0,1,0.0,0.0,1.0,0.0,0.0,255,1,0.0,0.53,0.0,0.0,0.0,0.0,0,78080.0
22,9,315,181,0,1,13,0.0,0.0,1.0,0.0,0.0,255,255,1.0,0.0,0.0,0.0,0.0,0.0,0,14724.0
11,9,33,95,0,0,161,0.0,0.0,1.0,0.0,0.0,52,20,0.38,0.04,0.0,0.0,0.0,0.0,0,73693.0
49,9,929,332,0,1,1,0.0,0.0,1.0,0.0,0.0,121,92,0.76,0.04,0.0,0.0,0.0,0.0,0,120882.0
7,5,0,0,0,0,208,1.0,1.0,0.03,0.08,0.0,255,6,0.02,0.09,0.0,1.0,1.0,0.0,1,34719.0
55,9,104,2253,0,1,1,0.0,0.0,1.0,0.0,0.0,6,5,0.17,0.5,0.4,0.0,0.0,0.0,0,27440.0
2,5,0,0,0,0,230,1.0,1.0,0.0,0.07,0.0,255,1,0.0,0.07,0.0,1.0,1.0,0.0,1,8037.0
22,9,226,2648,0,1,14,0.0,0.0,1.0,0.0,0.0,151,255,1.0,0.0,0.01,0.0,0.0,0.0,0,18435.0
27,5,0,0,0,0,144,1.0,1.0,0.06,0.05,0.0,255,8,0.03,0.05,0.0,1.0,1.0,0.0,1,125971.0
49,9,673,327,0,1,1,0.0,0.0,1.0,0.0,1.0,201,130,0.61,0.03,0.02,0.0,0.0,0.0,0,117006.0
11,9,46,77,0,0,75,0.0,0.0,1.0,0.0,0.0,255,253,0.99,0.01,0.0,0.0,0.0,0.0,0,42754.0
5,5,0,0,0,0,97,1.0,1.0,0.04,0.05,0.0,255,4,0.02,0.05,0.0,1.0,1.0,0.0,1,76671.0
22,9,327,1738,0,1,32,0.0,0.0,1.0,0.0,0.0,87,255,1.0,0.0,0.03,0.0,0.0,0.0,0,85556.0
49,9,2420,332,0,1,1,0.0,0.0,1.0,0.0,0.0,215,186,0.78,0.02,0.01,0.0,0.0,0.0,0,120274.0
11,9,44,44,0,0,11,0.0,0.0,1.0,0.0,0.19,255,254,1.0,0.01,0.0,0.0,0.0,0.0,0,123687.0
22,9,222,955,0,1,7,0.0,0.0,1.0,0.0,0.0,101,255,1.0,0.0,0.06,0.0,0.0,0.0,0,2561.0
50,5,0,0,0,0,174,1.0,1.0,0.05,0.07,0.0,255,8,0.03,0.08,0.0,1.0,1.0,0.0,1,61625.0
22,9,269,1621,0,1,1,0.0,0.0,1.0,0.0,0.67,87,255,1.0,0.0,0.05,0.0,0.0,0.0,0,86002.0
50,5,0,0,0,0,121,1.0,1.0,0.12,0.07,0.0,255,15,0.06,0.09,0.0,1.0,1.0,0.0,1,36142.0
41,9,147,105,0,0,2,0.0,0.0,1.0,0.0,0.0,255,3,0.01,0.69,0.0,0.0,0.0,0.0,0,24689.0
19,9,1363,0,0,1,24,0.0,0.0,1.0,0.0,0.0,255,79,0.31,0.02,0.0,0.62,0.51,0.0,0,33966.0
49,9,1525,338,0,1,1,0.0,0.0,1.0,0.0,0.0,175,176,0.66,0.02,0.01,0.0,0.0,0.0,0,78332.0
22,9,225,2542,0,1,6,0.0,0.0,1.0,0.0,0.0,67,255,1.0,0.0,0.02,0.01,0.0,0.0,0,102970.0
45,2,0,0,0,0,121,0.0,0.0,0.05,0.07,0.0,255,6,0.02,0.08,0.0,0.0,0.0,1.0,1,43260.0
22,9,264,18957,0,1,1,0.0,0.0,1.0,0.0,0.0,255,255,1.0,0.0,0.0,0.0,0.0,0.0,0,70676.0
13,9,18,0,0,0,1,0.0,0.0,1.0,0.0,0.0,4,56,1.0,0.0,0.25,0.0,0.0,0.0,1,5825.0
22,9,292,1651,0,1,4,0.0,0.0,1.0,0.0,0.33,97,255,1.0,0.0,0.02,0.0,0.0,0.0,0,107825.0
60,2,0,0,0,0,85,0.0,0.0,0.16,0.07,0.0,255,14,0.05,0.06,0.0,0.0,0.0,1.0,1,17835.0
22,9,163,30328,0,1,12,0.0,0.0,1.0,0.0,0.0,255,255,1.0,0.0,0.0,0.0,0.0,0.0,0,112246.0
22,9,189,10561,0,1,6,0.0,0.0,1.0,0.0,0.0,245,255,1.0,0.0,0.01,0.0,0.0,0.0,0,15330.0
45,1,0,0,0,0,86,0.0,0.0,0.19,0.06,0.0,255,16,0.06,0.06,0.0,0.0,0.0,1.0,1,49437.0
22,9,277,1702,0,1,5,0.0,0.0,1.0,0.0,0.0,23,255,1.0,0.0,0.02,0.0,0.0,0.0,0,104600.0
4,5,0,0,0,0,297,1.0,1.0,0.07,0.06,0.0,255,6,0.02,0.07,0.0,1.0,1.0,0.0,1,52255.0
22,9,213,10350,0,1,10,0.0,0.0,1.0,0.0,0.0,255,255,1.0,0.0,0.0,0.0,0.0,0.0,0,91583.0
45,4,0,0,0,0,1,0.0,0.0,1.0,0.0,0.0,255,1,0.0,0.63,0.0,0.0,0.0,1.0,1,85594.0
22,9,237,2698,0,1,3,0.33,0.33,1.0,0.0,0.0,255,253,0.99,0.01,0.0,0.0,0.0,0.0,0,103978.0
45,1,0,0,0,0,109,0.07,0.0,0.01,1.0,0.0,255,1,0.0,0.68,0.0,0.03,0.0,1.0,1,38538.0
22,9,220,406,0,1,6,0.17,0.17,1.0,0.0,0.0,255,255,1.0,0.0,0.0,0.0,0.0,0.0,0,2456.0
22,9,296,4903,0,1,3,0.0,0.0,1.0,0.0,0.0,61,255,1.0,0.0,0.03,0.0,0.0,0.0,0,99359.0
7,5,0,0,0,0,265,1.0,1.0,0.03,0.06,0.0,255,8,0.03,0.07,0.0,1.0,1.0,0.0,1,12564.0
22,5,0,0,0,0,280,1.0,1.0,0.03,0.06,0.0,255,9,0.04,0.07,0.0,1.0,1.0,0.0,1,37054.0
11,9,44,126,0,0,73,0.0,0.0,1.0,0.0,0.01,255,254,1.0,0.01,0.0,0.0,0.0,0.0,0,5956.0
22,9,327,10407,0,1,2,0.0,0.0,1.0,0.0,0.0,255,255,1.0,0.0,0.0,0.0,0.0,0.0,0,103791.0
19,9,26,0,0,1,2,0.0,0.0,1.0,0.0,0.0,108,77,0.33,0.04,0.03,0.0,0.0,0.0,0,36317.0
45,1,0,0,0,0,1,0.0,0.0,1.0,0.0,0.0,67,1,0.01,1.0,0.0,0.0,0.0,1.0,1,59429.0
45,5,0,0,0,0,129,1.0,1.0,0.05,0.06,0.0,255,3,0.01,0.07,0.0,1.0,1.0,0.0,1,89553.0
62,5,0,0,0,0,102,1.0,1.0,0.02,0.07,0.0,255,2,0.01,0.07,0.0,1.0,1.0,0.0,1,92968.0
41,9,1,0,0,0,21,0.0,0.0,0.05,0.24,0.0,255,1,0.0,0.21,0.0,0.0,0.0,0.0,1,73342.0
45,9,105,147,0,0,8,0.0,0.0,0.25,0.25,0.0,255,232,0.91,0.01,0.0,0.0,0.0,0.0,0,77263.0
22,9,226,2402,0,1,30,0.0,0.0,1.0,0.0,0.0,255,255,1.0,0.0,0.0,0.0,0.0,0.0,0,102781.0
45,4,1,0,0,0,2,0.0,0.0,1.0,0.0,0.0,255,2,0.01,0.51,0.0,0.0,0.0,1.0,1,100818.0
55,9,176,3335,0,1,1,0.0,0.0,1.0,0.0,0.0,255,29,0.11,0.02,0.0,0.0,0.0,0.0,0,38866.0
11,9,39,99,0,0,1,0.0,0.0,1.0,0.0,0.0,255,248,0.97,0.01,0.0,0.0,0.0,0.0,0,96152.0
59,9,78,0,0,0,7,0.0,0.0,0.14,0.29,0.4,255,23,0.09,0.01,0.0,0.0,0.0,0.0,0,21728.0
22,9,203,269,0,1,10,0.0,0.0,1.0,0.0,0.36,10,255,1.0,0.0,0.04,0.0,0.0,0.01,0,23530.0
14,9,1032,0,0,0,511,0.0,0.0,1.0,0.0,0.0,209,64,0.31,0.01,0.0,0.0,0.0,0.0,1,110215.0
22,9,359,1960,0,1,26,0.0,0.0,1.0,0.0,0.0,255,255,1.0,0.0,0.0,0.0,0.0,0.0,0,10234.0
22,9,428,2659,0,1,1,0.0,0.0,1.0,0.0,0.0,6,255,1.0,0.0,0.04,0.0,0.0,0.0,0,26657.0
11,9,45,119,0,0,148,0.0,0.0,0.99,0.01,0.0,255,254,1.0,0.01,0.0,0.0,0.0,0.0,0,722.0
14,9,1032,0,0,0,175,0.0,0.0,1.0,0.0,0.0,255,175,0.69,0.01,0.0,0.0,0.0,0.0,1,20268.0
49,9,1388,327,0,1,1,0.0,0.0,1.0,0.0,0.0,169,168,0.61,0.19,0.01,0.04,0.01,0.0,0,3218.0
13,9,8,0,0,0,1,0.0,0.0,1.0,0.0,0.0,2,26,1.0,0.0,0.5,0.0,0.0,0.0,1,57040.0
11,9,45,135,0,0,204,0.0,0.0,1.0,0.01,0.0,93,60,0.65,0.02,0.0,0.0,0.0,0.0,0,17598.0
49,9,1052,329,0,1,1,0.0,0.0,1.0,0.0,0.0,255,169,0.66,0.01,0.0,0.0,0.0,0.0,0,55138.0
22,9,224,295,0,1,11,0.0,0.0,1.0,0.0,0.0,109,255,1.0,0.0,0.02,0.01,0.01,0.0,0,29797.0
22,9,230,466,0,1,8,0.0,0.0,1.0,0.0,0.0,255,255,1.0,0.0,0.0,0.0,0.0,0.0,0,102960.0
22,9,334,1065,0,1,7,0.0,0.0,1.0,0.0,0.0,24,255,1.0,0.0,0.19,0.0,0.01,0.91,0,113279.0
22,9,323,1399,0,1,11,0.0,0.0,1.0,0.0,0.0,72,255,1.0,0.0,0.03,0.0,0.0,0.0,0,78843.0
22,7,147,0,0,1,2,0.5,0.5,1.0,0.0,0.0,255,255,1.0,0.0,0.0,0.01,0.01,0.02,0,72520.0
45,5,0,0,0,0,155,1.0,1.0,0.11,0.06,0.0,255,10,0.04,0.07,0.0,1.0,1.0,0.0,1,48122.0
11,9,46,133,0,0,64,0.0,0.0,1.0,0.0,0.01,122,200,0.88,0.02,0.01,0.0,0.0,0.0,0,7975.0
14,9,1032,0,0,0,53,0.0,0.0,1.0,0.0,0.0,171,77,0.45,0.04,0.0,0.01,0.0,0.0,1,10409.0
22,1,0,0,0,0,1,0.0,0.0,1.0,0.0,0.0,3,253,1.0,0.0,0.34,0.0,0.0,1.0,0,93878.0
25,5,0,0,0,0,235,1.0,1.0,0.04,0.07,0.0,255,10,0.04,0.07,0.0,1.0,1.0,0.0,1,27387.0
22,9,329,1443,0,1,25,0.0,0.0,1.0,0.0,0.0,47,255,1.0,0.0,0.02,0.0,0.02,0.0,0,72630.0
11,9,46,78,0,0,296,0.0,0.0,1.0,0.0,0.0,255,215,0.84,0.01,0.0,0.0,0.0,0.0,0,50150.0
13,9,8,0,0,0,1,0.0,0.0,1.0,0.0,1.0,1,79,1.0,0.0,0.51,0.0,0.0,0.0,1,95683.0
22,9,214,4835,0,1,3,0.0,0.0,1.0,0.0,0.0,50,255,1.0,0.0,0.04,0.0,0.0,0.0,0,53834.0
11,9,45,45,0,0,165,0.0,0.0,1.0,0.0,0.01,255,229,0.9,0.01,0.0,0.0,0.0,0.0,0,90174.0
22,9,232,1722,0,1,17,0.0,0.0,1.0,0.0,0.0,255,255,1.0,0.0,0.0,0.0,0.0,0.0,0,86388.0
22,1,0,0,0,0,7,0.0,0.0,1.0,0.0,0.0,10,163,1.0,0.0,0.23,0.0,0.0,0.99,0,3906.0
45,5,0,0,0,0,264,1.0,1.0,0.01,0.06,0.0,255,3,0.01,0.07,0.0,1.0,1.0,0.0,1,104476.0
22,9,284,1086,0,1,4,0.25,0.25,1.0,0.0,0.0,4,255,1.0,0.0,0.04,0.25,0.01,0.0,0,56684.0
0,4,1028,8476,0,0,1,0.0,0.0,1.0,0.0,0.0,4,2,0.5,0.5,0.0,0.0,0.0,1.0,0,85844.0
22,9,215,921,0,1,18,0.0,0.0,1.0,0.0,0.11,255,255,1.0,0.0,0.0,0.0,0.0,0.0,0,99984.0
22,9,303,403,0,1,3,0.0,0.0,1.0,0.0,0.22,10,255,1.0,0.0,0.03,0.0,0.0,0.0,0,37667.0
41,9,147,0,0,0,3,0.0,0.0,0.33,0.67,0.0,255,1,0.0,0.45,0.0,0.0,0.0,0.0,0,116558.0
45,5,0,0,0,0,185,1.0,1.0,0.11,0.08,0.0,255,20,0.08,0.07,0.0,1.0,1.0,0.0,1,1549.0
22,1,0,0,0,0,1,0.0,0.0,1.0,0.0,1.0,3,255,1.0,0.0,0.2,0.0,0.0,1.0,0,45678.0
22,9,166,24084,0,1,2,0.0,0.0,1.0,0.0,0.0,2,255,1.0,0.0,0.05,0.0,0.0,0.0,0,22841.0
45,5,0,0,0,0,108,1.0,1.0,0.07,0.06,0.0,255,31,0.12,0.05,0.0,1.0,1.0,0.0,1,103958.0
45,5,0,0,0,0,234,1.0,1.0,0.03,0.06,0.0,255,15,0.06,0.08,0.0,1.0,1.0,0.0,1,6539.0
45,5,0,0,0,0,130,1.0,1.0,0.07,0.06,0.0,245,11,0.04,0.08,0.0,1.0,1.0,0.0,1,108011.0
22,9,227,1374,0,1,18,0.0,0.0,1.0,0.0,0.0,255,255,1.0,0.0,0.0,0.0,0.0,0.0,0,82430.0
22,9,169,12555,0,1,1,0.0,0.0,1.0,0.0,0.25,1,255,1.0,0.0,0.06,0.0,0.0,0.0,0,94056.0
45,5,0,0,0,0,131,1.0,1.0,0.09,0.06,0.0,255,5,0.02,0.08,0.0,1.0,1.0,0.0,1,73229.0
14,9,1032,0,0,0,95,0.0,0.0,1.0,0.0,0.0,255,95,0.37,0.02,0.0,0.0,0.0,0.0,1,59609.0
22,9,330,9320,0,1,6,0.0,0.0,1.0,0.0,0.0,29,255,1.0,0.0,0.05,0.0,0.0,0.0,0,9817.0
19,9,748,0,0,1,1,0.0,0.0,1.0,0.0,0.0,18,109,0.39,0.17,0.02,0.0,0.0,0.0,0,81473.0
45,5,0,0,0,0,136,1.0,1.0,0.09,0.06,0.0,255,2,0.01,0.08,0.0,1.0,1.0,0.0,1,3802.0
22,9,235,1580,0,1,16,0.0,0.0,1.0,0.0,0.0,16,255,1.0,0.0,0.03,0.0,0.0,0.0,0,61727.0
45,9,215,0,0,0,1,0.0,0.0,1.0,0.0,0.0,139,115,0.83,0.01,0.0,0.0,0.0,0.0,1,87206.0
3,5,0,0,0,0,257,1.0,1.0,0.04,0.05,0.0,255,10,0.04,0.05,0.0,1.0,1.0,0.0,1,15558.0
22,9,235,1249,0,1,2,0.0,0.0,1.0,0.0,0.0,120,255,1.0,0.0,0.03,0.0,0.0,0.0,0,27499.0
18,9,321,1063,0,1,1,0.0,0.0,1.0,0.0,0.0,184,31,0.17,0.02,0.0,0.0,0.0,0.0,0,67773.0
22,9,210,9076,0,1,6,0.0,0.0,1.0,0.0,0.0,89,255,1.0,0.0,0.05,0.01,0.0,0.0,0,22143.0
22,9,214,2251,0,1,22,0.0,0.0,1.0,0.0,0.12,255,255,1.0,0.0,0.0,0.0,0.0,0.0,0,37494.0
47,5,0,0,0,0,229,1.0,1.0,0.04,0.07,0.0,255,10,0.04,0.08,0.0,1.0,1.0,0.0,1,112318.0
45,1,0,0,0,0,253,0.0,0.0,0.03,0.07,0.0,255,8,0.03,0.09,0.0,0.0,0.0,1.0,1,6333.0
45,4,0,0,0,0,1,0.0,0.0,1.0,0.0,0.0,172,1,0.01,0.72,0.0,0.03,0.0,1.0,1,101361.0
62,5,0,0,0,0,101,1.0,1.0,0.1,0.06,0.0,255,9,0.04,0.06,0.0,1.0,1.0,0.0,1,97040.0
22,9,297,2098,0,1,9,0.0,0.0,1.0,0.0,0.27,255,255,1.0,0.0,0.0,0.0,0.0,0.0,0,51523.0
2,5,0,0,0,0,230,1.0,1.0,0.03,0.07,0.0,255,6,0.02,0.07,0.0,1.0,1.0,0.0,1,5061.0
6,5,0,0,0,0,123,1.0,1.0,0.11,0.06,0.0,255,9,0.04,0.07,0.0,1.0,1.0,0.0,1,77380.0
50,5,0,0,0,0,12,1.0,1.0,0.08,0.5,0.0,255,12,0.05,0.09,0.0,1.0,1.0,0.0,1,124415.0
22,5,0,0,0,0,2,0.5,0.5,1.0,0.0,0.0,67,254,1.0,0.0,0.02,0.01,0.0,0.0,0,34402.0
13,9,8,0,0,0,1,0.0,0.0,1.0,0.0,1.0,1,93,1.0,0.0,0.51,0.0,0.0,0.0,1,122633.0
22,9,214,20414,0,1,2,0.0,0.0,1.0,0.0,0.0,2,27,1.0,0.0,0.15,0.0,0.0,0.04,0,90001.0
45,5,0,0,0,0,77,1.0,1.0,0.16,0.06,0.0,255,20,0.08,0.06,0.0,1.0,1.0,0.0,1,103385.0
14,9,1032,0,0,0,358,0.0,0.0,1.0,0.0,0.0,193,99,0.51,0.04,0.0,0.01,0.0,0.0,1,10434.0
49,9,725,333,0,1,2,0.0,0.0,0.5,1.0,1.0,100,120,0.47,0.07,0.02,0.0,0.0,0.0,0,80579.0
22,9,231,6178,0,1,2,0.5,0.5,1.0,0.0,0.0,1,255,1.0,0.0,0.06,0.0,0.0,0.0,0,94346.0
11,9,44,119,0,0,6,0.0,0.0,1.0,0.0,0.0,255,255,1.0,0.0,0.0,0.0,0.0,0.0,0,92287.0
22,1,0,0,0,0,1,0.0,0.0,1.0,0.0,0.0,76,255,1.0,0.0,0.12,0.0,0.0,0.78,0,102143.0
22,9,234,1191,0,1,1,0.0,0.0,1.0,0.0,0.0,56,195,1.0,0.0,0.05,0.0,0.0,0.05,0,56036.0
41,9,146,105,0,0,1,0.0,0.0,1.0,0.0,0.0,255,3,0.01,0.54,0.0,0.0,0.0,0.0,0,85961.0
41,4,1,0,0,0,2,0.0,0.0,1.0,0.0,0.0,255,2,0.01,0.68,0.0,0.0,0.0,1.0,1,3486.0
13,9,8,0,0,0,1,0.0,0.0,1.0,0.0,1.0,3,99,1.0,0.0,0.25,0.0,0.0,0.0,1,26544.0
19,5,0,0,0,0,21,1.0,1.0,0.24,0.19,0.0,255,64,0.25,0.02,0.0,1.0,1.0,0.0,1,117914.0
22,9,222,188,0,1,3,0.0,0.0,1.0,0.0,0.33,255,255,1.0,0.0,0.0,0.0,0.0,0.0,0,74008.0
34,1,0,0,0,0,200,0.0,0.0,0.09,0.06,0.0,255,18,0.07,0.07,0.0,0.0,0.0,1.0,1,52130.0
45,5,0,0,0,0,141,0.99,1.0,0.04,0.06,0.0,255,7,0.03,0.06,0.0,1.0,1.0,0.0,1,44683.0
22,9,290,199,0,1,2,0.0,0.0,1.0,0.0,0.5,39,255,1.0,0.0,0.05,0.0,0.0,0.0,0,103171.0
22,9,256,29868,0,1,1,0.0,0.0,1.0,0.0,0.0,255,255,1.0,0.0,0.0,0.0,0.0,0.0,0,90161.0
11,9,44,73,0,0,213,0.0,0.0,1.0,0.0,0.01,255,254,1.0,0.01,0.0,0.0,0.0,0.0,0,53100.0
45,5,0,0,0,0,69,1.0,1.0,0.14,0.07,0.0,219,10,0.05,0.06,0.0,1.0,1.0,0.0,1,74275.0
0,9,4271,11554,0,1,1,0.0,0.0,1.0,0.0,0.0,48,13,0.27,0.04,0.0,0.0,0.0,0.62,0,119827.0
45,5,0,0,0,0,101,1.0,1.0,0.1,0.06,0.0,69,11,0.16,0.16,0.0,1.0,1.0,0.0,1,82463.0
22,9,297,362,0,1,4,0.0,0.0,1.0,0.0,0.0,4,255,1.0,0.0,0.04,0.0,0.0,0.0,0,32759.0
45,5,0,0,0,0,296,1.0,1.0,0.02,0.05,0.0,255,5,0.02,0.08,0.0,1.0,1.0,0.0,1,105789.0
7,5,0,0,0,0,178,1.0,1.0,0.04,0.06,0.0,255,8,0.03,0.05,0.0,1.0,1.0,0.0,1,32830.0
45,1,0,0,0,0,220,0.0,0.0,0.02,0.07,0.0,255,5,0.02,0.07,0.0,0.0,0.0,1.0,1,30788.0
45,9,1,0,0,0,22,0.0,0.0,0.91,0.09,0.0,255,29,0.11,0.22,0.0,0.0,0.0,0.0,1,101231.0
3,5,0,0,0,0,266,1.0,1.0,0.02,0.06,0.0,255,4,0.02,0.08,0.0,1.0,1.0,0.0,1,62025.0
22,9,260,2499,0,1,23,0.0,0.0,1.0,0.0,0.0,255,255,1.0,0.0,0.0,0.0,0.0,0.0,0,57887.0
11,9,42,42,0,0,12,0.0,0.0,1.0,0.0,0.11,61,60,0.98,0.03,0.0,0.0,0.0,0.0,0,46289.0
61,5,0,0,0,0,230,1.0,1.0,0.03,0.07,0.0,255,3,0.01,0.07,0.0,1.0,1.0,0.0,1,72729.0
22,9,358,1247,0,1,7,0.0,0.0,1.0,0.0,0.0,85,255,1.0,0.0,0.05,0.0,0.0,0.0,0,109268.0
14,9,1480,0,1,0,1,0.0,0.0,1.0,0.0,0.67,3,151,1.0,0.0,0.13,0.0,0.0,0.0,1,115070.0
22,9,295,4673,0,1,15,0.0,0.0,1.0,0.0,0.05,255,255,1.0,0.0,0.0,0.0,0.0,0.0,0,70397.0
11,9,43,121,0,0,31,0.0,0.0,1.0,0.0,0.0,255,206,0.81,0.01,0.0,0.0,0.0,0.0,0,112327.0
55,5,0,0,0,0,62,1.0,1.0,0.24,0.06,0.0,255,46,0.18,0.04,0.0,1.0,1.0,0.0,1,22103.0
11,9,44,70,0,0,254,0.0,0.0,1.0,0.0,0.0,255,225,0.88,0.01,0.0,0.0,0.0,0.0,0,98659.0
19,9,252,0,0,1,1,0.0,0.0,1.0,0.0,0.0,245,9,0.04,0.02,0.0,0.0,0.0,0.0,0,16622.0
22,9,317,1719,0,1,6,0.0,0.0,1.0,0.0,0.0,10,255,1.0,0.0,0.05,0.0,0.0,0.0,0,41802.0
22,9,219,520,0,1,1,0.0,0.0,1.0,0.0,0.25,19,255,1.0,0.0,0.02,0.0,0.0,0.0,0,98240.0
45,9,1,0,0,0,8,0.0,0.0,0.5,0.25,0.0,255,4,0.02,0.87,0.0,0.03,0.0,0.0,1,64181.0
45,5,0,0,0,0,103,1.0,1.0,0.05,0.06,0.0,255,5,0.02,0.06,0.0,1.0,1.0,0.0,1,113589.0
22,9,222,685,0,1,10,0.0,0.0,1.0,0.0,0.19,102,255,1.0,0.0,0.03,0.0,0.0,0.0,0,82228.0
45,1,0,0,0,0,128,0.0,0.0,0.03,0.07,0.0,255,3,0.01,0.07,0.0,0.0,0.0,1.0,1,116164.0
19,9,3775,0,0,1,22,0.0,0.0,1.0,0.0,0.0,84,82,0.33,0.04,0.02,0.0,0.13,0.0,0,59598.0
22,9,225,649,0,1,1,0.0,0.0,1.0,0.0,0.09,4,255,1.0,0.0,0.02,0.0,0.0,0.0,0,44069.0
45,9,28,0,3,0,98,0.0,0.0,1.0,0.0,0.0,170,98,0.58,0.02,0.0,0.0,0.0,0.0,1,109290.0
18,5,0,0,0,0,268,1.0,1.0,0.06,0.05,0.0,255,17,0.07,0.05,0.0,1.0,1.0,0.0,1,36521.0
22,9,293,4658,0,1,3,0.0,0.0,1.0,0.0,0.17,3,255,1.0,0.0,0.01,0.0,0.0,0.0,0,84974.0
45,5,0,0,0,0,126,1.0,1.0,0.17,0.06,0.0,255,22,0.09,0.05,0.0,1.0,1.0,0.0,1,29430.0
14,9,1032,0,0,0,511,0.0,0.0,1.0,0.0,0.0,255,147,0.58,0.02,0.0,0.0,0.0,0.0,1,95216.0
11,9,44,44,0,0,106,0.0,0.0,1.0,0.0,0.0,255,254,1.0,0.01,0.0,0.0,0.0,0.0,0,44263.0
13,9,8,0,0,0,1,0.0,0.0,1.0,0.0,1.0,1,15,1.0,0.0,0.53,0.0,0.0,0.0,1,73309.0
22,9,193,1678,0,1,7,0.0,0.0,1.0,0.0,0.0,7,255,1.0,0.0,0.03,0.0,0.0,0.0,0,29209.0
49,9,1268,333,0,1,1,0.0,0.0,1.0,0.0,0.0,21,166,0.95,0.1,0.01,0.0,0.0,0.04,0,82308.0
14,9,1032,0,0,0,511,0.0,0.0,1.0,0.0,0.0,156,62,0.4,0.04,0.0,0.01,0.0,0.0,1,2351.0
54,1,0,0,0,0,227,0.0,0.0,0.01,0.07,0.0,255,2,0.01,0.07,0.0,0.0,0.0,1.0,1,113216.0
22,9,194,3751,0,1,8,0.0,0.0,1.0,0.0,0.0,8,255,1.0,0.0,0.03,0.0,0.0,0.0,0,72885.0
22,9,296,6559,0,1,22,0.0,0.0,1.0,0.0,0.0,22,255,1.0,0.0,0.01,0.0,0.0,0.0,0,57906.0
44,5,0,0,0,0,136,1.0,1.0,0.11,0.05,0.0,255,15,0.06,0.05,0.0,1.0,1.0,0.0,1,75907.0
45,5,0,0,0,0,136,1.0,1.0,0.13,0.06,0.0,255,27,0.11,0.06,0.0,1.0,1.0,0.0,1,81077.0
49,9,1180,329,0,1,1,0.0,0.0,1.0,0.0,0.0,34,160,0.79,0.09,0.02,0.0,0.0,0.0,0,111696.0
45,5,0,0,0,0,299,1.0,1.0,0.03,0.06,0.0,255,6,0.02,0.09,0.0,1.0,1.0,0.0,1,30083.0
45,5,0,0,0,0,140,1.0,1.0,0.08,0.06,0.0,61,20,0.33,0.13,0.0,1.0,1.0,0.0,1,53765.0
45,5,0,0,0,0,86,1.0,1.0,0.1,0.08,0.0,255,9,0.04,0.06,0.0,1.0,1.0,0.0,1,40033.0
22,9,310,5467,0,1,6,0.0,0.0,1.0,0.0,0.0,83,255,1.0,0.0,0.04,0.0,0.0,0.0,0,70792.0
18,9,1212,2449,0,1,1,0.0,0.0,1.0,0.0,0.0,255,98,0.38,0.02,0.0,0.0,0.0,0.0,1,75421.0
17,9,10,142,0,0,1,0.0,0.0,1.0,0.0,0.0,255,6,0.02,0.03,0.0,0.0,0.0,0.0,0,87545.0
22,9,255,321,0,1,1,0.0,0.0,1.0,0.0,0.0,2,255,1.0,0.0,0.05,0.0,0.0,0.0,0,92481.0
22,9,159,1822,0,1,5,0.0,0.0,1.0,0.0,0.0,36,255,1.0,0.0,0.03,0.0,0.0,0.0,0,105262.0
7,1,0,0,0,0,141,0.0,0.0,0.12,0.06,0.0,255,17,0.07,0.07,0.0,0.0,0.0,1.0,1,17983.0
57,9,0,4,0,0,1,0.0,0.0,1.0,0.0,0.0,10,10,1.0,0.0,0.0,0.0,0.0,0.0,0,14101.0
59,9,183,0,0,0,2,0.0,0.0,0.5,1.0,0.0,255,14,0.05,0.01,0.0,0.0,0.0,0.0,0,77637.0
13,9,8,0,0,0,1,0.0,0.0,1.0,0.0,1.0,2,76,1.0,0.0,0.5,0.0,0.0,0.0,1,82000.0
22,9,161,374,0,1,1,0.0,0.0,1.0,0.0,0.0,1,255,1.0,0.0,0.03,0.0,0.0,0.0,0,108531.0
41,4,1,0,0,0,2,0.0,0.0,1.0,0.0,0.0,255,2,0.01,0.7,0.0,0.0,0.0,1.0,1,8454.0
22,9,235,460,0,1,6,0.17,0.17,1.0,0.0,0.0,6,16,1.0,0.0,0.19,0.17,0.06,0.0,0,2604.0
22,9,454,3177,0,1,1,0.0,0.0,1.0,0.0,0.2,4,255,1.0,0.0,0.06,0.0,0.01,0.0,0,105160.0
28,5,0,0,0,0,135,1.0,1.0,0.16,0.04,0.0,255,22,0.09,0.05,0.0,1.0,1.0,0.0,1,26763.0
55,5,0,0,0,0,79,1.0,1.0,0.25,0.05,0.0,255,52,0.2,0.04,0.0,1.0,1.0,0.0,1,18954.0
19,5,0,0,0,0,63,1.0,1.0,0.24,0.06,0.0,255,43,0.17,0.05,0.0,1.0,1.0,0.0,1,17936.0
55,5,0,0,0,0,265,1.0,1.0,0.06,0.06,0.0,255,6,0.02,0.07,0.0,1.0,1.0,0.0,1,118640.0
49,9,2606,328,0,1,1,0.0,0.0,1.0,0.0,0.0,255,149,0.58,0.02,0.0,0.0,0.0,0.0,0,92476.0
19,9,9178,0,0,0,19,0.0,0.0,1.0,0.0,0.0,247,123,0.5,0.02,0.0,0.0,0.0,0.0,0,107391.0
39,5,0,0,0,0,297,1.0,1.0,0.03,0.05,0.0,255,8,0.03,0.05,0.0,1.0,1.0,0.0,1,117940.0
45,5,0,0,0,0,146,1.0,1.0,0.12,0.06,0.0,255,12,0.05,0.06,0.0,1.0,1.0,0.0,1,12734.0
45,5,0,0,0,0,66,1.0,1.0,0.06,0.09,0.0,255,4,0.02,0.07,0.0,1.0,1.0,0.0,1,21313.0
19,9,3676,0,0,1,6,0.0,0.0,0.83,0.33,0.0,213,54,0.2,0.03,0.04,0.0,0.0,0.0,0,109852.0
31,5,0,0,0,0,109,1.0,1.0,0.13,0.05,0.0,255,14,0.05,0.04,0.0,1.0,1.0,0.0,1,97652.0
45,9,28,0,3,0,38,0.0,0.0,1.0,0.0,0.0,110,38,0.35,0.04,0.0,0.0,0.0,0.0,1,93659.0
45,5,0,0,0,0,129,1.0,1.0,0.14,0.05,0.0,255,18,0.07,0.05,0.0,1.0,1.0,0.0,1,46817.0
22,9,325,2531,0,1,3,0.0,0.0,1.0,0.0,0.0,255,255,1.0,0.0,0.0,0.0,0.0,0.0,0,57237.0
45,1,0,0,0,0,150,0.0,0.0,0.13,0.06,0.0,255,11,0.04,0.07,0.0,0.0,0.0,1.0,1,85206.0
49,9,1259,332,0,1,1,0.0,0.0,1.0,0.0,0.0,27,138,0.74,0.11,0.01,0.0,0.0,0.0,0,101045.0
45,5,0,0,0,0,142,1.0,1.0,0.03,0.06,0.0,255,9,0.04,0.07,0.0,1.0,1.0,0.0,1,5381.0
49,9,787,388,0,1,1,0.0,0.0,1.0,0.0,0.0,255,5,0.02,0.02,0.0,0.98,0.0,0.0,0,1707.0
20,5,0,0,0,0,225,1.0,1.0,0.01,0.06,0.0,255,3,0.01,0.06,0.0,1.0,1.0,0.0,1,59340.0
49,5,0,0,0,0,202,1.0,1.0,0.0,0.07,0.0,255,1,0.0,0.07,0.0,1.0,1.0,0.0,1,42317.0
49,5,0,0,0,0,104,1.0,1.0,0.04,0.07,0.0,255,4,0.02,0.09,0.0,1.0,1.0,0.0,1,109974.0
25,5,0,0,0,0,264,1.0,1.0,0.02,0.06,0.0,255,4,0.02,0.08,0.0,1.0,1.0,0.0,1,3905.0
19,9,5558,0,0,1,12,0.0,0.0,1.0,0.0,0.0,255,103,0.4,0.02,0.0,0.0,0.0,0.0,0,101742.0
22,9,198,1215,0,1,2,0.5,0.5,1.0,0.0,0.0,37,255,1.0,0.0,0.05,0.0,0.0,0.0,0,32419.0
39,5,0,0,0,0,298,1.0,1.0,0.03,0.05,0.0,255,9,0.04,0.05,0.0,1.0,1.0,0.0,1,77789.0
45,5,0,0,0,0,203,1.0,1.0,0.11,0.05,0.0,255,23,0.09,0.06,0.0,1.0,1.0,0.0,1,71612.0
62,5,0,0,0,0,231,1.0,1.0,0.03,0.06,0.0,255,6,0.02,0.07,0.0,1.0,1.0,0.0,1,78273.0
22,9,231,482,0,1,11,0.0,0.0,1.0,0.0,0.18,255,255,1.0,0.0,0.0,0.0,0.0,0.0,0,25076.0
22,9,277,1274,0,1,34,0.0,0.0,1.0,0.0,0.07,255,255,1.0,0.0,0.0,0.0,0.0,0.0,0,39125.0
11,9,33,0,0,0,2,0.0,0.0,0.5,1.0,1.0,255,2,0.01,0.78,0.0,0.0,0.0,0.0,0,86740.0
22,9,215,1483,0,1,4,0.0,0.0,1.0,0.0,0.33,97,192,1.0,0.0,0.03,0.0,0.0,0.0,0,43510.0
5,5,0,0,0,0,102,1.0,1.0,0.09,0.05,0.0,255,9,0.04,0.05,0.0,1.0,1.0,0.0,1,122995.0
45,1,0,0,0,0,31,0.0,0.0,0.03,1.0,0.0,149,1,0.01,0.3,0.0,0.0,0.0,1.0,1,79109.0
45,1,0,0,0,0,141,0.0,0.0,0.07,0.07,0.0,255,10,0.04,0.07,0.0,0.0,0.0,1.0,1,33913.0
22,9,333,1345,0,1,8,0.0,0.0,1.0,0.0,0.0,28,255,1.0,0.0,0.06,0.0,0.0,0.0,0,116068.0
22,9,312,1211,0,1,4,0.0,0.0,1.0,0.0,0.15,4,255,1.0,0.0,0.03,0.0,0.01,0.0,0,30878.0
10,5,0,0,0,0,297,1.0,1.0,0.08,0.04,0.0,255,24,0.09,0.05,0.0,1.0,1.0,0.0,1,90512.0
22,9,303,8720,0,1,21,0.0,0.0,1.0,0.0,0.0,255,255,1.0,0.0,0.0,0.0,0.0,0.0,0,115173.0
59,9,78,0,0,0,22,0.0,0.0,0.18,0.09,0.38,255,8,0.03,0.01,0.0,0.0,0.0,0.0,0,71385.0
22,9,301,3010,0,1,10,0.0,0.0,1.0,0.0,0.19,92,255,1.0,0.0,0.01,0.0,0.0,0.01,0,4242.0
45,4,0,0,0,0,1,0.0,0.0,1.0,0.0,0.0,255,1,0.0,0.67,0.0,0.0,0.0,1.0,1,10474.0
14,9,1032,0,0,0,246,0.0,0.0,1.0,0.0,0.0,255,246,0.96,0.01,0.0,0.0,0.0,0.0,1,61994.0
22,9,232,2778,0,1,4,0.0,0.0,1.0,0.0,0.0,21,255,1.0,0.0,0.02,0.0,0.0,0.0,0,111275.0
22,9,265,825,0,1,23,0.0,0.0,1.0,0.0,0.0,255,255,1.0,0.0,0.0,0.0,0.0,0.0,0,115817.0
45,9,1,0,0,0,29,0.0,0.0,0.14,0.1,0.0,255,4,0.02,0.65,0.0,0.05,0.0,0.0,1,44036.0
45,5,0,0,0,0,276,1.0,1.0,0.04,0.05,0.0,255,19,0.07,0.06,0.0,1.0,1.0,0.0,1,94848.0
22,1,0,0,0,0,1,0.0,0.0,1.0,0.0,0.0,5,255,1.0,0.0,0.11,0.0,0.0,0.39,0,112617.0
11,9,46,131,0,0,151,0.0,0.0,0.99,0.01,0.01,255,229,0.9,0.02,0.0,0.0,0.0,0.0,0,29336.0
49,9,1263,337,0,1,1,0.0,0.0,1.0,0.0,0.0,159,136,0.4,0.04,0.01,0.0,0.0,0.0,0,28065.0
45,9,28,0,3,0,54,0.0,0.0,1.0,0.0,0.0,255,54,0.21,0.01,0.0,0.0,0.0,0.0,1,107544.0
41,1,0,0,0,0,439,0.08,0.0,0.0,1.0,0.0,255,1,0.0,1.0,0.0,0.06,0.0,1.0,1,60464.0
62,1,0,0,0,0,229,0.0,0.0,0.07,0.07,0.0,255,15,0.06,0.07,0.0,0.0,0.0,1.0,1,25442.0
19,9,748,0,0,0,1,0.0,0.0,1.0,0.0,0.0,212,80,0.38,0.02,0.0,0.0,0.0,0.0,0,54991.0
16,5,0,0,0,0,119,1.0,1.0,0.06,0.06,0.0,255,19,0.07,0.06,0.0,1.0,1.0,0.0,1,97445.0
22,9,207,176,0,1,17,0.06,0.06,1.0,0.0,0.0,17,255,1.0,0.0,0.05,0.06,0.01,0.0,0,47974.0
45,5,0,0,0,0,289,1.0,1.0,0.01,0.06,0.0,255,11,0.04,0.09,0.0,1.0,1.0,0.0,1,86077.0
49,8,705,328,0,1,1,1.0,1.0,1.0,0.0,0.0,232,153,0.66,0.03,0.0,0.0,0.01,0.0,0,69839.0
45,1,0,0,0,0,233,0.0,0.0,0.02,0.06,0.0,255,5,0.02,0.07,0.0,0.0,0.0,1.0,1,28260.0
55,5,0,0,0,0,4,1.0,1.0,1.0,0.0,0.0,166,86,0.52,0.01,0.0,0.99,0.98,0.0,1,94074.0
22,9,212,12596,0,1,2,0.0,0.0,1.0,0.0,0.0,26,255,1.0,0.0,0.05,0.0,0.0,0.0,0,40117.0
45,9,105,145,0,0,2,0.0,0.0,1.0,0.0,0.0,255,218,0.85,0.01,0.0,0.0,0.0,0.0,0,105919.0
3,9,9,37,0,1,1,0.0,0.0,1.0,0.0,0.0,248,7,0.03,0.03,0.0,0.0,0.0,0.0,0,81250.0
14,9,1032,0,0,0,511,0.0,0.0,1.0,0.0,0.0,255,98,0.38,0.02,0.0,0.04,0.0,0.0,1,82084.0
33,5,0,0,0,0,217,1.0,1.0,0.08,0.06,0.0,255,17,0.07,0.07,0.0,1.0,1.0,0.0,1,61119.0
59,9,78,0,0,0,26,0.0,0.0,0.08,0.08,0.0,255,12,0.05,0.01,0.0,0.0,0.0,0.0,0,24394.0
23,5,0,0,0,0,146,1.0,1.0,0.12,0.05,0.0,255,17,0.07,0.06,0.0,1.0,1.0,0.0,1,103682.0
45,5,0,0,0,0,190,1.0,1.0,0.02,0.07,0.0,255,19,0.07,0.07,0.0,1.0,1.0,0.0,1,116119.0
22,9,340,3329,0,1,1,0.0,0.0,1.0,0.0,0.22,45,255,1.0,0.0,0.05,0.0,0.0,0.0,0,16593.0
14,9,1032,0,0,0,511,0.0,0.0,1.0,0.0,0.0,255,180,0.71,0.02,0.0,0.0,0.0,0.0,1,42442.0
45,9,28,0,3,0,12,0.0,0.0,1.0,0.0,0.0,255,79,0.31,0.01,0.0,0.0,0.0,0.0,1,55800.0
60,5,0,0,0,0,128,1.0,1.0,0.02,0.06,0.0,255,18,0.07,0.07,0.0,1.0,1.0,0.0,1,115923.0
48,5,0,0,0,0,19,1.0,1.0,0.42,0.16,0.0,255,8,0.03,0.07,0.0,1.0,1.0,0.0,1,66516.0
22,9,381,1139,0,1,15,0.0,0.0,1.0,0.0,0.0,140,255,1.0,0.0,0.01,0.0,0.0,0.0,0,9812.0
22,9,194,10994,0,1,1,0.0,0.0,1.0,0.0,0.67,1,255,1.0,0.0,0.04,0.0,0.0,0.01,0,18704.0
49,9,1133,330,0,1,1,0.0,0.0,1.0,0.0,0.0,231,165,0.71,0.02,0.0,0.0,0.0,0.0,0,59070.0
11,9,44,44,0,0,17,0.0,0.0,1.0,0.0,0.11,255,255,1.0,0.0,0.0,0.0,0.0,0.0,0,61110.0
22,9,279,2337,0,1,9,0.11,0.12,1.0,0.0,0.19,134,255,1.0,0.0,0.01,0.01,0.01,0.0,0,65406.0
14,9,520,0,0,0,267,0.0,0.0,1.0,0.0,0.0,255,255,1.0,0.0,0.0,0.0,0.0,0.0,1,43816.0
58,9,36,0,0,0,2,0.0,0.0,0.5,1.0,0.0,195,81,0.25,0.04,0.02,0.0,0.0,0.0,0,10553.0
13,9,18,0,0,0,1,0.0,0.0,1.0,0.0,0.0,1,125,1.0,0.0,0.26,0.0,0.0,0.0,1,2787.0
18,9,244,776,0,1,1,0.0,0.0,1.0,0.0,0.0,255,52,0.2,0.02,0.0,0.0,0.0,0.0,0,103634.0
22,9,220,365,0,1,10,0.0,0.0,1.0,0.0,0.0,10,255,1.0,0.0,0.02,0.0,0.0,0.0,0,122026.0
29,1,0,0,0,0,285,0.0,0.0,0.05,0.06,0.0,255,14,0.05,0.07,0.0,0.0,0.0,1.0,1,12793.0
22,9,201,4080,0,1,4,0.0,0.0,1.0,0.0,0.0,158,255,1.0,0.0,0.03,0.0,0.0,0.0,0,24320.0
14,9,520,0,0,0,78,0.0,0.0,1.0,0.0,0.0,255,255,1.0,0.0,0.0,0.0,0.0,0.0,1,50634.0
22,9,221,2144,0,1,4,0.0,0.0,1.0,0.0,0.0,255,255,1.0,0.0,0.0,0.0,0.0,0.0,0,100144.0
49,9,2696,330,0,1,1,0.0,0.0,1.0,0.0,0.0,2,178,1.0,0.0,0.02,0.0,0.0,0.0,0,28592.0
19,9,14052,0,0,1,1,0.0,0.0,1.0,0.0,0.0,78,63,0.21,0.06,0.03,0.0,0.0,0.0,0,8208.0
11,9,44,68,0,0,155,0.0,0.0,1.0,0.0,0.0,255,166,0.65,0.01,0.0,0.0,0.0,0.0,0,108290.0
22,9,292,188,0,1,3,0.33,0.33,1.0,0.0,0.0,255,255,1.0,0.0,0.0,0.0,0.0,0.0,0,36058.0
17,5,0,0,0,0,37,1.0,1.0,0.27,0.11,0.0,255,62,0.24,0.02,0.0,1.0,1.0,0.0,1,55880.0
11,9,33,93,0,0,1,0.0,0.0,1.0,0.0,0.0,36,194,1.0,0.0,0.01,0.0,0.0,0.0,0,85144.0
45,5,0,0,0,0,117,1.0,1.0,0.15,0.06,0.0,255,37,0.15,0.05,0.0,1.0,1.0,0.0,1,60087.0
41,4,1,0,0,0,2,0.0,0.0,1.0,0.0,0.0,255,2,0.01,0.74,0.0,0.0,0.0,1.0,1,83652.0
2,1,0,0,0,0,277,0.0,0.0,0.05,0.06,0.0,255,15,0.06,0.08,0.0,0.0,0.0,1.0,1,59511.0
22,9,210,188,0,1,1,0.0,0.0,1.0,0.0,0.5,49,255,1.0,0.0,0.03,0.0,0.02,0.02,0,17501.0
3,1,0,0,0,0,228,0.0,0.0,0.07,0.06,0.0,255,15,0.06,0.07,0.0,0.0,0.0,1.0,1,70089.0
22,9,225,1411,0,1,32,0.03,0.03,1.0,0.0,0.09,69,255,1.0,0.0,0.02,0.01,0.0,0.0,0,108037.0
22,1,0,0,0,0,1,0.0,0.0,1.0,0.0,1.0,7,255,1.0,0.0,0.15,0.0,0.0,1.0,0,121148.0
57,2,0,0,0,0,207,0.0,0.0,0.01,0.07,0.0,255,3,0.01,0.07,0.0,0.0,0.0,1.0,1,90677.0
22,1,0,0,0,0,1,0.0,0.0,1.0,0.0,0.0,138,255,1.0,0.0,0.05,0.01,0.01,0.99,0,51517.0
18,5,0,0,0,0,290,1.0,1.0,0.01,0.06,0.0,255,3,0.01,0.06,0.0,1.0,1.0,0.0,1,70168.0
13,9,8,0,0,0,1,0.0,0.0,1.0,0.0,1.0,2,57,1.0,0.0,0.51,0.0,0.0,0.0,1,89433.0
14,9,1032,0,0,0,234,0.0,0.0,1.0,0.0,0.0,255,5,0.02,0.26,0.0,0.0,0.0,0.0,1,105739.0
18,5,0,0,0,0,276,1.0,1.0,0.03,0.06,0.0,255,8,0.03,0.07,0.0,1.0,1.0,0.0,1,41350.0
22,9,293,12389,0,1,3,0.0,0.0,1.0,0.0,0.0,24,255,1.0,0.0,0.05,0.0,0.0,0.0,0,76390.0
12,5,0,0,0,0,183,1.0,1.0,0.1,0.06,0.0,255,18,0.07,0.06,0.0,1.0,1.0,0.0,1,74803.0
19,9,59,0,0,1,16,0.0,0.0,1.0,0.0,0.0,253,65,0.26,0.02,0.0,0.0,0.0,0.0,0,21103.0
38,5,0,0,0,0,118,1.0,1.0,0.05,0.06,0.0,255,15,0.06,0.07,0.0,1.0,1.0,0.0,1,94327.0
6,5,0,0,0,0,143,1.0,1.0,0.14,0.04,0.0,255,20,0.08,0.05,0.0,1.0,1.0,0.0,1,125439.0
22,9,214,310,0,1,13,0.0,0.0,1.0,0.0,0.0,255,255,1.0,0.0,0.0,0.0,0.0,0.0,0,99112.0
13,9,8,0,0,0,1,0.0,0.0,1.0,0.0,1.0,3,171,1.0,0.0,0.25,0.0,0.0,0.0,1,69920.0
22,9,301,587,0,1,40,0.0,0.0,1.0,0.0,0.0,40,255,1.0,0.0,0.03,0.0,0.0,0.0,0,24638.0
49,9,9418,331,0,1,1,0.0,0.0,1.0,0.0,0.0,4,135,1.0,0.0,0.02,0.0,0.0,0.0,0,99637.0
2,1,0,0,0,0,135,0.0,0.0,0.03,0.08,0.0,255,4,0.02,0.08,0.0,0.0,0.0,1.0,1,85759.0
22,9,331,660,0,1,8,0.0,0.0,1.0,0.0,0.0,255,255,1.0,0.0,0.0,0.0,0.0,0.0,0,61965.0
13,9,8,0,0,0,1,0.0,0.0,1.0,0.0,1.0,2,129,1.0,0.0,0.5,0.0,0.0,0.0,1,829.0
45,5,0,0,0,0,204,1.0,1.0,0.01,0.06,0.0,255,7,0.03,0.08,0.0,1.0,1.0,0.0,1,115981.0
22,9,218,267,0,1,4,0.0,0.0,1.0,0.0,0.0,24,255,1.0,0.0,0.07,0.0,0.0,0.0,0,42860.0
5,5,0,0,0,0,142,1.0,1.0,0.13,0.06,0.0,255,3,0.01,0.06,0.0,1.0,1.0,0.0,1,98609.0
33,1,0,0,0,0,100,0.0,0.0,0.02,0.08,0.0,255,2,0.01,0.08,0.0,0.0,0.0,1.0,1,72267.0
45,1,0,0,0,0,147,0.0,0.0,0.09,0.05,0.0,255,13,0.05,0.05,0.0,0.0,0.0,1.0,1,115690.0
22,9,221,1353,0,1,18,0.0,0.0,1.0,0.0,0.11,18,255,1.0,0.0,0.01,0.0,0.0,0.0,0,115188.0
22,9,260,1215,0,1,10,0.0,0.0,1.0,0.0,0.0,19,255,1.0,0.0,0.05,0.0,0.0,0.0,0,103887.0
41,9,146,105,0,0,3,0.0,0.0,0.67,0.67,0.0,255,3,0.01,0.55,0.0,0.0,0.0,0.0,0,80074.0
14,9,1032,0,0,0,223,0.0,0.0,1.0,0.0,0.0,255,223,0.87,0.01,0.0,0.0,0.0,0.0,1,51371.0
13,9,8,0,0,0,1,0.0,0.0,1.0,0.0,1.0,1,255,1.0,0.0,0.5,0.0,0.0,0.0,1,118765.0
22,6,140,16060,0,1,1,1.0,1.0,1.0,0.0,0.0,23,34,1.0,0.0,0.18,0.04,0.03,0.94,0,40619.0
22,5,0,0,0,0,1,1.0,1.0,1.0,0.0,0.0,255,59,0.23,0.04,0.0,1.0,1.0,0.0,1,20503.0
22,9,256,468,0,1,10,0.0,0.0,1.0,0.0,0.0,149,255,1.0,0.0,0.02,0.0,0.0,0.0,0,31247.0
49,9,1241,334,0,1,1,0.0,0.0,1.0,0.0,1.0,92,185,0.96,0.02,0.01,0.0,0.0,0.0,0,104686.0
22,9,333,2354,0,1,11,0.0,0.0,1.0,0.0,0.0,31,255,1.0,0.0,0.02,0.0,0.0,0.0,0,38477.0
14,9,1032,0,0,0,511,0.0,0.0,1.0,0.0,0.0,255,23,0.09,0.25,0.0,0.0,0.0,0.0,1,3060.0
45,5,0,0,0,0,256,1.0,1.0,0.02,0.06,0.0,255,14,0.05,0.07,0.0,1.0,1.0,0.0,1,89410.0
45,1,0,0,0,0,1,0.0,0.0,1.0,0.0,0.0,50,2,0.02,1.0,1.0,0.0,0.0,1.0,1,72076.0
22,9,227,2759,0,1,9,0.0,0.0,1.0,0.0,0.18,14,25,1.0,0.0,0.08,0.0,0.0,0.0,0,49665.0
59,9,182,0,0,0,2,0.0,0.0,0.5,1.0,0.0,255,22,0.09,0.01,0.0,0.0,0.0,0.0,0,87488.0
49,9,724,327,0,1,2,0.0,0.0,1.0,0.0,0.0,26,70,0.73,0.12,0.03,0.0,0.0,0.0,0,81260.0
11,9,88,0,0,0,1,0.0,0.0,1.0,0.0,1.0,76,54,0.71,0.04,0.0,0.0,0.0,0.0,0,47308.0
18,5,0,0,0,0,234,1.0,1.0,0.03,0.06,0.0,255,8,0.03,0.07,0.0,1.0,1.0,0.0,1,78190.0
35,5,0,0,0,0,139,1.0,1.0,0.01,0.06,0.0,255,1,0.0,0.06,0.0,1.0,1.0,0.0,1,45791.0
51,5,0,0,0,0,149,1.0,1.0,0.13,0.05,0.0,255,10,0.04,0.07,0.0,1.0,1.0,0.0,1,76484.0
11,9,46,130,0,0,70,0.0,0.0,0.99,0.03,0.02,255,195,0.76,0.02,0.0,0.0,0.0,0.0,0,98108.0
11,9,46,46,0,0,129,0.0,0.0,1.0,0.0,0.0,255,245,0.96,0.01,0.0,0.0,0.0,0.0,0,87847.0
45,4,1,0,0,0,2,0.0,0.0,1.0,0.0,0.0,255,2,0.01,0.34,0.0,0.0,0.0,1.0,1,35956.0
22,5,0,0,0,0,231,1.0,0.15,0.01,0.07,0.1,255,3,0.01,0.07,0.0,1.0,1.0,0.0,1,94844.0
19,9,252,0,0,1,2,0.0,0.0,1.0,0.0,0.0,255,111,0.44,0.03,0.0,0.0,0.01,0.0,0,111423.0
11,9,46,117,0,0,1,0.0,0.0,1.0,0.0,1.0,255,235,0.92,0.01,0.0,0.0,0.0,0.0,0,1316.0
14,9,64,0,0,0,1,0.0,0.0,1.0,0.0,0.0,102,1,0.01,0.03,0.0,0.0,0.0,0.0,0,108730.0
22,9,216,2147,0,1,19,0.0,0.0,1.0,0.0,0.14,255,255,1.0,0.0,0.0,0.0,0.0,0.0,0,17843.0
22,9,330,1840,0,1,7,0.0,0.0,1.0,0.0,0.0,68,255,1.0,0.0,0.06,0.0,0.0,0.0,0,62795.0
51,5,0,0,0,0,299,1.0,1.0,0.06,0.05,0.0,255,19,0.07,0.06,0.0,1.0,1.0,0.0,1,27252.0
41,9,16787,0,0,1,12,0.08,0.0,0.08,0.5,0.0,60,1,0.02,0.17,0.0,0.02,0.0,0.0,0,19016.0
14,9,1032,0,0,0,511,0.0,0.0,1.0,0.0,0.0,255,61,0.24,0.15,0.0,0.0,0.0,0.0,1,115511.0
45,4,0,0,0,0,1,0.0,0.0,1.0,0.0,0.0,222,1,0.0,0.56,0.0,0.0,0.0,1.0,1,61542.0
22,9,307,3222,0,1,7,0.0,0.0,1.0,0.0,0.25,47,46,0.98,0.04,0.0,0.0,0.0,0.0,0,125160.0
49,9,1036,328,0,1,1,0.0,0.0,1.0,0.0,1.0,184,178,0.97,0.01,0.0,0.0,0.0,0.0,0,74216.0
22,1,0,0,0,0,1,0.0,0.0,1.0,0.0,0.0,3,226,1.0,0.0,0.16,0.0,0.0,1.0,0,85495.0
11,9,86,0,0,0,2,0.0,0.0,1.0,0.0,0.75,255,241,0.95,0.01,0.0,0.0,0.0,0.0,0,119250.0
22,9,347,4960,0,1,12,0.0,0.0,1.0,0.0,0.08,255,255,1.0,0.0,0.0,0.0,0.0,0.0,0,24219.0
49,9,699,335,0,1,1,0.0,0.0,1.0,0.0,0.0,185,151,0.82,0.02,0.0,0.0,0.0,0.0,0,67442.0
11,9,46,130,0,0,76,0.0,0.0,0.97,0.04,0.01,255,240,0.94,0.01,0.0,0.0,0.0,0.0,0,79875.0
41,9,146,0,0,0,1,0.0,0.0,1.0,0.0,0.0,255,1,0.0,0.51,0.0,0.0,0.0,0.0,0,12632.0
22,9,313,1650,0,1,8,0.0,0.0,1.0,0.0,0.22,23,255,1.0,0.0,0.04,0.0,0.0,0.0,0,43093.0
13,9,8,0,0,0,1,0.0,0.0,1.0,0.0,1.0,2,38,1.0,0.0,0.53,0.0,0.0,0.0,1,83926.0
22,9,221,398,0,1,1,0.0,0.0,1.0,0.0,0.0,40,255,1.0,0.0,0.05,0.03,0.01,0.0,0,10111.0
22,9,310,5165,0,1,6,0.0,0.0,1.0,0.0,0.21,6,9,1.0,0.0,0.22,0.0,0.22,0.11,0,36502.0
11,9,45,131,0,0,81,0.0,0.0,0.99,0.02,0.01,255,245,0.96,0.01,0.0,0.0,0.0,0.0,0,80402.0
22,9,232,13593,0,1,27,0.0,0.0,1.0,0.0,0.08,255,255,1.0,0.0,0.0,0.0,0.0,0.0,0,85116.0
22,9,236,3222,0,1,7,0.0,0.0,1.0,0.0,0.0,255,248,0.97,0.01,0.0,0.0,0.0,0.01,0,15029.0
55,9,114,9527,0,1,1,0.0,0.0,1.0,0.0,0.0,50,1,0.02,0.74,0.0,0.0,0.0,0.0,0,31718.0
3,5,0,0,0,0,272,1.0,1.0,0.04,0.06,0.0,255,11,0.04,0.07,0.0,1.0,1.0,0.0,1,86310.0
22,9,212,7203,0,1,13,0.0,0.0,1.0,0.0,0.12,255,255,1.0,0.0,0.0,0.0,0.0,0.0,0,44815.0
57,10,0,0,0,0,1,1.0,1.0,1.0,0.0,0.0,255,1,0.0,1.0,0.0,1.0,1.0,0.0,1,34765.0
11,9,43,133,0,0,80,0.0,0.0,1.0,0.0,0.01,255,209,0.82,0.02,0.0,0.0,0.0,0.0,0,48665.0
45,5,0,0,0,0,129,1.0,1.0,0.13,0.05,0.0,255,3,0.01,0.07,0.0,1.0,1.0,0.0,1,109633.0
52,5,0,0,0,0,252,1.0,1.0,0.03,0.06,0.0,255,18,0.07,0.06,0.0,1.0,1.0,0.0,1,54605.0
20,5,0,0,0,0,243,1.0,1.0,0.02,0.07,0.0,255,6,0.02,0.08,0.0,1.0,1.0,0.0,1,118294.0
22,9,208,3399,0,1,6,0.0,0.0,1.0,0.0,0.0,19,255,1.0,0.0,0.04,0.0,0.0,0.0,0,43322.0
45,1,0,0,0,0,498,0.06,0.0,0.0,1.0,0.0,255,1,0.0,1.0,0.0,0.08,0.0,1.0,1,90347.0
22,9,202,4841,0,1,3,0.0,0.0,1.0,0.0,0.5,195,255,1.0,0.0,0.03,0.0,0.0,0.0,0,111639.0
49,9,1245,330,0,1,2,0.0,0.0,0.5,1.0,0.0,255,131,0.51,0.03,0.0,0.0,0.0,0.0,0,43515.0
11,9,130,44,0,0,232,0.0,0.0,1.0,0.01,0.0,121,88,0.73,0.02,0.0,0.0,0.0,0.0,0,98195.0
43,9,35,130,0,1,2,0.0,0.0,0.5,1.0,0.0,52,5,0.06,0.1,0.4,0.02,0.0,0.0,0,42502.0
14,9,1032,0,0,0,285,0.0,0.0,1.0,0.0,0.0,255,255,1.0,0.0,0.0,0.0,0.0,0.0,1,81514.0
22,5,0,0,0,0,2,0.5,0.18,1.0,0.0,0.27,16,255,1.0,0.0,0.01,0.06,0.0,0.0,0,105709.0
45,5,0,0,0,0,247,1.0,1.0,0.07,0.06,0.0,255,2,0.01,0.08,0.0,1.0,1.0,0.0,1,36339.0
14,9,1032,0,0,0,469,0.0,0.0,1.0,0.0,0.0,255,255,1.0,0.0,0.0,0.0,0.0,0.0,1,36996.0
49,9,1205,333,0,1,1,0.0,0.0,1.0,0.0,0.0,104,178,0.7,0.03,0.01,0.0,0.0,0.0,0,2159.0
49,9,3525,330,0,1,1,0.0,0.0,1.0,0.0,1.0,255,67,0.26,0.02,0.0,0.0,0.0,0.0,0,83382.0
22,5,0,0,0,0,2,0.5,0.25,1.0,0.0,0.5,3,255,1.0,0.0,0.04,0.33,0.0,0.0,0,121438.0
45,1,0,0,0,0,85,0.0,0.0,0.2,0.06,0.0,255,13,0.05,0.07,0.0,0.0,0.0,1.0,1,107860.0
22,5,0,0,0,0,50,1.0,1.0,0.34,0.08,0.0,255,64,0.25,0.02,0.0,1.0,1.0,0.0,1,67371.0
45,5,0,0,0,0,221,1.0,1.0,0.09,0.06,0.0,255,17,0.07,0.06,0.0,1.0,1.0,0.0,1,22100.0
41,4,1,0,0,0,2,0.0,0.0,1.0,0.0,0.0,255,2,0.01,0.74,0.0,0.0,0.0,1.0,1,10606.0
45,5,0,0,0,0,175,1.0,1.0,0.06,0.06,0.0,255,19,0.07,0.07,0.0,1.0,1.0,0.0,1,82371.0
55,5,0,0,0,0,102,1.0,1.0,0.02,0.07,0.0,255,2,0.01,0.06,0.0,1.0,1.0,0.0,1,29310.0
16,5,0,0,0,0,95,1.0,1.0,0.02,0.06,0.0,255,2,0.01,0.06,0.0,1.0,1.0,0.0,1,41729.0
11,9,44,44,0,0,128,0.0,0.0,1.0,0.0,0.02,255,255,1.0,0.0,0.0,0.0,0.0,0.0,0,124930.0
18,9,1471,4152,0,1,1,0.0,0.0,1.0,0.0,1.0,91,18,0.2,0.04,0.0,0.04,0.11,0.0,0,110535.0
22,9,185,25618,0,1,1,0.0,0.0,1.0,0.0,0.0,14,255,1.0,0.0,0.01,0.0,0.0,0.0,0,14690.0
22,9,336,2102,0,1,10,0.0,0.0,1.0,0.0,0.0,255,255,1.0,0.0,0.0,0.0,0.0,0.0,0,16352.0
45,1,0,0,0,0,32,0.0,0.0,0.03,0.53,0.0,202,1,0.0,0.1,0.0,0.01,0.0,1.0,1,86787.0
49,5,0,0,0,0,235,1.0,1.0,0.0,0.07,0.0,255,1,0.0,0.07,0.0,1.0,1.0,0.0,1,79378.0
11,9,45,128,0,0,119,0.0,0.0,1.0,0.0,0.01,255,255,1.0,0.0,0.0,0.0,0.0,0.0,0,5455.0
19,9,1699,0,0,0,1,0.0,0.0,1.0,0.0,0.0,63,33,0.17,0.03,0.06,0.0,0.0,0.0,0,33086.0
8,5,0,0,0,0,227,1.0,1.0,0.0,0.07,0.0,255,2,0.01,0.08,0.0,1.0,1.0,0.0,1,43066.0
45,1,0,0,0,0,2,0.0,0.0,0.5,1.0,0.0,255,1,0.0,0.57,0.0,0.0,0.0,1.0,1,66057.0
11,9,42,34,0,0,2,0.0,0.0,1.0,0.0,0.31,255,244,0.96,0.01,0.0,0.0,0.0,0.0,0,14529.0
22,9,295,2147,0,1,16,0.06,0.06,1.0,0.0,0.12,232,255,1.0,0.0,0.01,0.01,0.01,0.0,0,73591.0
45,5,0,0,0,0,221,1.0,1.0,0.0,0.06,0.0,255,20,0.08,0.07,0.0,1.0,1.0,0.0,1,10285.0
22,9,233,2239,0,1,5,0.0,0.0,1.0,0.0,0.0,255,243,0.95,0.02,0.0,0.0,0.0,0.0,0,82379.0
19,9,334,0,0,1,1,0.0,0.0,1.0,0.0,0.0,250,100,0.4,0.02,0.0,0.0,0.0,0.0,0,106219.0
22,9,227,1404,0,1,37,0.0,0.0,1.0,0.0,0.0,255,255,1.0,0.0,0.0,0.0,0.0,0.0,0,52965.0
22,9,54540,8314,0,1,3,0.0,0.0,1.0,0.0,0.0,34,34,1.0,0.0,0.0,0.03,0.03,0.03,1,51440.0
49,9,1596,392,0,1,1,0.0,0.0,1.0,0.0,0.0,36,173,0.72,0.06,0.01,0.0,0.0,0.0,0,31482.0
22,1,0,0,0,0,1,0.0,0.0,1.0,0.0,0.0,2,251,1.0,0.0,0.15,0.0,0.0,1.0,0,55100.0
62,5,0,0,0,0,205,1.0,1.0,0.01,0.07,0.0,255,2,0.01,0.08,0.0,1.0,1.0,0.0,1,63957.0
41,9,145,0,0,0,1,0.0,0.0,1.0,0.0,0.0,255,3,0.01,0.68,0.0,0.0,0.0,0.0,0,33657.0
19,9,11,0,0,1,2,0.0,0.0,1.0,0.0,0.0,255,48,0.19,0.02,0.0,0.35,0.48,0.0,0,122125.0
22,9,288,294,0,1,12,0.0,0.0,1.0,0.0,0.0,12,255,1.0,0.0,0.01,0.0,0.0,0.0,0,48129.0
45,5,0,0,0,0,200,1.0,1.0,0.04,0.06,0.0,239,7,0.03,0.07,0.0,0.94,1.0,0.0,1,122659.0
22,1,0,0,0,0,227,0.0,0.0,0.06,0.07,0.0,255,13,0.05,0.07,0.0,0.0,0.0,1.0,1,124788.0
49,9,557,325,0,1,1,0.0,0.0,1.0,0.0,1.0,80,154,0.56,0.19,0.01,0.01,0.0,0.0,0,84765.0
32,5,0,0,0,0,203,1.0,1.0,0.04,0.06,0.0,255,8,0.03,0.07,0.0,1.0,1.0,0.0,1,124906.0
27,5,0,0,0,0,15,1.0,1.0,0.67,0.13,0.0,255,15,0.06,0.07,0.0,1.0,1.0,0.0,1,56740.0
14,9,1032,0,0,0,511,0.0,0.0,1.0,0.0,0.0,199,54,0.27,0.02,0.0,0.0,0.0,0.0,1,59220.0
2,1,0,0,0,0,228,0.0,0.0,0.05,0.07,0.0,255,12,0.05,0.07,0.0,0.0,0.0,1.0,1,115907.0
18,9,231,770,0,1,1,0.0,0.0,1.0,0.0,0.0,175,38,0.22,0.04,0.0,0.0,0.0,0.03,0,73157.0
60,2,0,0,0,0,128,0.0,0.0,0.06,0.06,0.0,255,8,0.03,0.07,0.0,0.0,0.0,1.0,1,3651.0
29,1,0,0,0,0,141,0.0,0.0,0.13,0.06,0.0,255,19,0.07,0.06,0.0,0.0,0.0,1.0,1,85538.0
22,9,332,880,0,1,23,0.0,0.0,1.0,0.0,0.1,255,255,1.0,0.0,0.0,0.0,0.0,0.0,0,38333.0
62,5,0,0,0,0,298,1.0,1.0,0.06,0.05,0.0,255,1,0.0,0.07,0.0,1.0,1.0,0.0,1,36154.0
22,9,186,1089,0,1,5,0.0,0.0,1.0,0.0,0.0,45,255,1.0,0.0,0.06,0.0,0.0,0.0,0,28882.0
11,9,44,157,0,0,74,0.0,0.0,1.0,0.0,0.01,255,253,0.99,0.01,0.0,0.0,0.0,0.0,0,76711.0
62,5,0,0,0,0,123,1.0,1.0,0.1,0.06,0.0,255,12,0.05,0.05,0.0,1.0,1.0,0.0,1,99404.0
22,9,230,469,0,1,7,0.0,0.0,1.0,0.0,0.0,80,255,1.0,0.0,0.02,0.01,0.0,0.0,0,15561.0
22,1,0,0,0,0,1,0.0,0.0,1.0,0.0,0.0,1,255,1.0,0.0,0.06,0.0,0.0,0.55,0,71574.0
22,9,308,3249,0,1,3,0.0,0.0,1.0,0.0,0.0,87,255,1.0,0.0,0.02,0.0,0.0,0.0,0,35119.0
11,9,43,74,0,0,46,0.0,0.0,1.0,0.0,0.0,255,255,1.0,0.0,0.0,0.0,0.0,0.0,0,47981.0
62,5,0,0,0,0,265,1.0,1.0,0.05,0.05,0.0,255,6,0.02,0.05,0.0,1.0,1.0,0.0,1,120396.0
45,5,0,0,0,0,121,1.0,1.0,0.06,0.07,0.0,255,7,0.03,0.07,0.0,1.0,1.0,0.0,1,9116.0
17,2,0,0,0,0,274,0.0,0.0,0.03,0.06,0.0,255,7,0.03,0.07,0.0,0.0,0.0,1.0,1,119943.0
49,9,2117,328,0,1,1,0.0,0.0,1.0,0.0,1.0,67,57,0.85,0.06,0.0,0.0,0.0,0.0,0,24070.0
19,9,567,0,0,1,1,0.0,0.0,1.0,0.0,1.0,177,51,0.27,0.09,0.04,0.02,0.02,0.0,0,100825.0
22,9,193,3468,0,1,18,0.0,0.0,1.0,0.0,0.0,18,255,1.0,0.0,0.03,0.0,0.01,0.01,0,68563.0
22,9,215,337,0,1,20,0.0,0.0,1.0,0.0,0.1,255,255,1.0,0.0,0.0,0.0,0.0,0.0,0,19306.0
45,5,0,0,0,0,90,1.0,1.0,0.09,0.07,0.0,255,20,0.08,0.06,0.0,1.0,1.0,0.0,1,47856.0
45,5,0,0,0,0,148,1.0,1.0,0.05,0.05,0.0,255,10,0.04,0.06,0.0,1.0,1.0,0.0,1,80964.0
45,5,0,0,0,0,131,1.0,1.0,0.03,0.06,0.0,255,16,0.06,0.08,0.0,1.0,1.0,0.0,1,32970.0
22,9,324,14804,0,1,11,0.0,0.0,1.0,0.0,0.1,28,243,1.0,0.0,0.04,0.0,0.0,0.46,0,93204.0
22,9,234,997,0,1,28,0.0,0.0,1.0,0.0,0.0,255,255,1.0,0.0,0.0,0.0,0.0,0.0,0,412.0
45,5,0,0,0,0,178,1.0,1.0,0.14,0.06,0.0,255,25,0.1,0.05,0.0,1.0,1.0,0.0,1,78294.0
22,9,229,774,0,1,24,0.0,0.0,1.0,0.0,0.08,255,255,1.0,0.0,0.0,0.0,0.0,0.0,0,105055.0
22,9,233,2698,0,1,4,0.0,0.0,1.0,0.0,0.0,255,245,0.96,0.02,0.0,0.0,0.0,0.0,0,94922.0
11,9,46,46,0,0,9,0.0,0.0,1.0,0.0,0.13,255,253,0.99,0.01,0.0,0.0,0.0,0.0,0,91880.0
37,5,0,0,0,0,137,1.0,1.0,0.06,0.06,0.0,255,14,0.05,0.07,0.0,1.0,1.0,0.0,1,49067.0
3,1,0,0,0,0,158,0.0,0.0,0.09,0.06,0.0,255,14,0.05,0.07,0.0,0.0,0.0,1.0,1,19102.0
11,9,45,139,0,0,72,0.0,0.0,0.99,0.03,0.01,255,237,0.93,0.01,0.0,0.0,0.0,0.0,0,44627.0
41,9,147,105,0,0,1,0.0,0.0,1.0,0.0,0.0,255,1,0.0,0.67,0.0,0.0,0.0,0.0,0,116909.0
22,9,303,5168,0,1,8,0.0,0.0,1.0,0.0,0.0,8,255,1.0,0.0,0.02,0.0,0.0,0.0,0,71217.0
36,5,0,0,0,0,209,1.0,1.0,0.05,0.06,0.0,255,11,0.04,0.07,0.0,1.0,1.0,0.0,1,75097.0
13,9,18,0,0,0,1,0.0,0.0,1.0,0.0,0.0,1,77,1.0,0.0,0.26,0.0,0.0,0.0,1,47852.0
45,5,0,0,0,0,89,1.0,1.0,0.01,0.07,0.0,255,18,0.07,0.07,0.0,1.0,1.0,0.0,1,88548.0
22,9,294,256,0,1,3,0.0,0.0,1.0,0.0,0.0,255,240,0.94,0.01,0.0,0.0,0.0,0.02,0,78939.0
19,9,10389,0,0,1,2,0.0,0.0,1.0,0.0,0.0,161,54,0.34,0.04,0.0,0.0,0.0,0.0,0,4592.0
45,5,0,0,0,0,20,1.0,1.0,0.05,0.25,0.0,255,1,0.0,0.08,0.0,1.0,1.0,0.0,1,18123.0
45,5,0,0,0,0,220,1.0,1.0,0.02,0.07,0.0,255,5,0.02,0.09,0.0,1.0,1.0,0.0,1,111672.0
60,5,0,0,0,0,147,1.0,1.0,0.13,0.06,0.0,255,19,0.07,0.07,0.0,1.0,1.0,0.0,1,104769.0
53,5,0,0,0,0,290,1.0,1.0,0.02,0.05,0.0,255,5,0.02,0.05,0.0,1.0,1.0,0.0,1,38583.0
49,9,2098,441,0,1,1,0.0,0.0,1.0,0.0,1.0,4,96,0.75,0.5,0.02,0.0,0.0,0.0,0,111404.0
6,5,0,0,0,0,193,1.0,1.0,0.02,0.07,0.0,255,3,0.01,0.08,0.0,1.0,1.0,0.0,1,88151.0
45,10,0,0,0,0,1,1.0,1.0,1.0,0.0,0.0,22,2,0.09,0.73,0.0,0.64,1.0,0.0,1,7524.0
60,5,0,0,0,0,116,1.0,1.0,0.09,0.07,0.0,255,10,0.04,0.07,0.0,1.0,1.0,0.0,1,65815.0
63,5,0,0,0,0,85,1.0,1.0,0.01,0.07,0.0,255,1,0.0,0.06,0.0,1.0,1.0,0.0,1,102001.0
13,9,8,0,0,0,1,0.0,0.0,1.0,0.0,1.0,3,147,1.0,0.0,0.25,0.0,0.0,0.0,1,70878.0
11,9,44,110,0,0,12,0.0,0.0,1.0,0.0,0.06,255,255,1.0,0.0,0.0,0.0,0.0,0.0,0,107331.0
22,9,260,9981,0,1,1,0.0,0.0,1.0,0.0,0.06,1,142,1.0,0.0,0.2,0.0,0.0,0.65,0,13131.0
13,9,8,0,0,0,1,0.0,0.0,1.0,0.0,1.0,2,255,1.0,0.0,0.5,0.0,0.0,0.0,1,44003.0
19,9,641,0,0,1,1,0.0,0.0,1.0,0.0,0.0,67,76,0.16,0.09,0.03,0.0,0.01,0.0,0,79966.0
16,5,0,0,0,0,141,1.0,1.0,0.12,0.05,0.0,255,17,0.07,0.05,0.0,1.0,1.0,0.0,1,44702.0
22,9,302,258,0,1,3,0.0,0.0,1.0,0.0,0.0,255,254,1.0,0.01,0.0,0.0,0.0,0.0,0,65995.0
55,9,112,5362,0,1,1,0.0,0.0,1.0,0.0,0.0,184,1,0.01,0.04,0.0,0.0,0.0,0.0,0,116865.0
19,9,641,0,0,0,2,0.0,0.0,1.0,0.0,0.0,255,125,0.49,0.02,0.0,0.0,0.0,0.0,0,101681.0
49,9,588,330,0,1,1,0.0,0.0,1.0,0.0,1.0,71,176,0.96,0.03,0.01,0.03,0.02,0.0,0,44824.0
18,5,0,0,0,0,136,1.0,1.0,0.06,0.06,0.0,255,2,0.01,0.07,0.0,1.0,1.0,0.0,1,107509.0
22,1,0,0,0,0,1,0.0,0.0,1.0,0.0,0.0,6,225,1.0,0.0,0.2,0.0,0.0,0.98,0,78383.0
22,9,275,4049,0,1,1,0.0,0.0,1.0,0.0,0.0,143,255,1.0,0.0,0.03,0.01,0.01,0.0,0,98136.0
11,9,45,72,0,0,56,0.0,0.0,1.0,0.0,0.0,212,172,0.81,0.01,0.0,0.0,0.0,0.0,0,15296.0
45,5,0,0,0,0,184,1.0,1.0,0.03,0.07,0.0,255,5,0.02,0.06,0.0,1.0,1.0,0.0,1,35326.0
22,9,328,5388,0,1,10,0.0,0.0,1.0,0.0,0.18,39,255,1.0,0.0,0.02,0.0,0.0,0.0,0,64588.0
22,9,216,810,0,1,4,0.0,0.0,1.0,0.0,0.0,241,241,1.0,0.0,0.0,0.0,0.0,0.0,0,30291.0
14,9,1032,0,0,0,511,0.0,0.0,1.0,0.0,0.0,255,123,0.48,0.02,0.0,0.02,0.0,0.0,1,92165.0
22,9,216,1487,0,1,2,0.0,0.0,1.0,0.0,0.0,137,255,1.0,0.0,0.01,0.0,0.0,0.0,0,75533.0
11,9,45,71,0,0,139,0.0,0.0,1.0,0.0,0.0,255,224,0.88,0.01,0.0,0.0,0.0,0.0,0,26243.0
22,9,229,542,0,1,4,0.0,0.0,1.0,0.0,0.0,255,255,1.0,0.0,0.0,0.0,0.0,0.0,0,17081.0
55,9,398,11542,0,1,1,0.0,0.0,1.0,0.0,0.0,249,111,0.45,0.01,0.0,0.8,0.9,0.0,0,31764.0
22,9,304,3200,0,1,6,0.0,0.0,1.0,0.0,0.0,255,255,1.0,0.0,0.0,0.0,0.0,0.01,0,101342.0
45,5,0,0,0,0,278,1.0,1.0,0.0,0.06,0.0,255,15,0.06,0.07,0.0,1.0,1.0,0.0,1,22785.0
11,9,44,69,0,0,278,0.0,0.0,1.0,0.0,0.01,255,235,0.92,0.01,0.0,0.0,0.0,0.0,0,7847.0
8,5,0,0,0,0,136,1.0,1.0,0.15,0.05,0.0,255,9,0.04,0.07,0.0,1.0,1.0,0.0,1,64643.0
45,5,0,0,0,0,113,1.0,1.0,0.13,0.06,0.0,255,35,0.14,0.05,0.0,1.0,1.0,0.0,1,64786.0
22,9,242,2042,0,1,16,0.0,0.0,1.0,0.0,0.0,255,255,1.0,0.0,0.0,0.0,0.0,0.0,0,90810.0
22,9,152,8156,0,1,6,0.0,0.0,1.0,0.0,0.0,255,255,1.0,0.0,0.0,0.0,0.0,0.0,0,32145.0
22,9,220,1596,0,1,6,0.0,0.0,1.0,0.0,0.0,26,26,1.0,0.0,0.0,0.0,0.0,0.0,0,94050.0
61,5,0,0,0,0,260,1.0,1.0,0.08,0.06,0.0,255,20,0.08,0.07,0.0,1.0,1.0,0.0,1,47829.0
11,9,43,90,0,0,223,0.0,0.0,1.0,0.01,0.01,255,254,1.0,0.01,0.0,0.0,0.0,0.0,0,80095.0
16,2,0,0,0,0,120,0.0,0.0,0.05,0.06,0.0,255,6,0.02,0.07,0.0,0.0,0.0,1.0,1,4161.0
19,9,192,0,0,0,2,0.0,0.0,1.0,0.0,0.0,126,24,0.19,0.04,0.0,0.0,0.0,0.0,0,96148.0
22,9,224,1160,0,1,7,0.0,0.0,1.0,0.0,0.0,255,255,1.0,0.0,0.0,0.0,0.0,0.0,0,66774.0
22,9,210,1630,0,1,4,0.0,0.0,1.0,0.0,0.05,255,255,1.0,0.0,0.0,0.0,0.0,0.0,0,104165.0
41,9,147,0,0,0,7,0.14,0.0,0.14,0.57,0.0,255,1,0.0,0.56,0.0,0.0,0.0,0.0,0,78166.0
22,9,54540,8314,0,1,1,0.0,0.0,1.0,0.0,0.0,255,255,1.0,0.0,0.0,0.0,0.0,0.03,1,84523.0
11,9,45,74,0,0,156,0.0,0.0,1.0,0.0,0.0,255,254,1.0,0.01,0.0,0.0,0.0,0.0,0,10055.0
11,9,44,134,0,0,69,0.0,0.0,0.99,0.03,0.01,255,213,0.84,0.02,0.0,0.0,0.0,0.0,0,18210.0
45,5,0,0,0,0,163,1.0,1.0,0.08,0.07,0.0,255,3,0.01,0.08,0.0,1.0,1.0,0.0,1,22095.0
45,9,1,0,0,0,70,0.0,0.0,0.21,0.06,0.0,255,37,0.15,0.23,0.0,0.0,0.0,0.0,1,35715.0
45,5,0,0,0,0,135,1.0,1.0,0.14,0.06,0.0,255,19,0.07,0.08,0.0,1.0,1.0,0.0,1,63294.0
45,5,0,0,0,0,223,1.0,1.0,0.06,0.06,0.0,255,12,0.05,0.08,0.0,1.0,1.0,0.0,1,24733.0
22,9,315,2186,0,1,5,0.0,0.0,1.0,0.0,0.0,255,255,1.0,0.0,0.0,0.0,0.0,0.0,0,57915.0
13,9,8,0,0,0,1,0.0,0.0,1.0,0.0,1.0,1,201,1.0,0.0,0.5,0.0,0.0,0.0,1,30005.0
53,5,0,0,0,0,115,1.0,1.0,0.08,0.07,0.0,255,9,0.04,0.07,0.0,1.0,1.0,0.0,1,30868.0
49,9,796,377,0,1,1,0.0,0.0,1.0,0.0,0.0,31,197,0.87,0.06,0.01,0.0,0.0,0.0,0,1643.0
49,9,970,328,0,1,1,0.0,0.0,1.0,0.0,0.0,133,242,0.95,0.02,0.01,0.0,0.0,0.0,0,60522.0
22,9,180,255639,0,1,1,0.0,0.0,1.0,0.0,0.0,255,255,1.0,0.0,0.0,0.0,0.0,0.0,0,22345.0
45,5,0,0,0,0,134,1.0,1.0,0.13,0.07,0.0,255,19,0.07,0.07,0.0,1.0,1.0,0.0,1,38935.0
22,9,351,427,0,1,7,0.0,0.0,1.0,0.0,0.12,26,255,1.0,0.0,0.03,0.0,0.0,0.0,0,102459.0
45,5,0,0,0,0,132,1.0,1.0,0.05,0.06,0.0,255,7,0.03,0.06,0.0,1.0,1.0,0.0,1,448.0
22,9,234,18046,0,1,10,0.0,0.0,1.0,0.0,0.0,255,255,1.0,0.0,0.0,0.01,0.01,0.0,0,50747.0
49,9,1171,328,0,1,1,0.0,0.0,1.0,0.0,1.0,204,167,0.82,0.01,0.0,0.0,0.0,0.0,0,75326.0
22,9,307,8792,0,1,7,0.0,0.0,1.0,0.0,0.33,23,96,1.0,0.0,0.08,0.0,0.0,0.02,0,25152.0
22,9,225,8036,0,1,2,0.0,0.0,1.0,0.0,0.0,2,255,1.0,0.0,0.05,0.0,0.0,0.0,0,93096.0
10,5,0,0,0,0,285,1.0,1.0,0.05,0.06,0.0,255,8,0.03,0.09,0.0,1.0,1.0,0.0,1,89534.0
9,2,0,0,0,0,256,0.0,0.0,0.07,0.07,0.0,255,19,0.07,0.08,0.0,0.0,0.0,1.0,1,69425.0
45,1,0,0,0,0,254,0.0,0.0,0.04,0.07,0.0,255,11,0.04,0.07,0.0,0.0,0.0,1.0,1,6069.0
59,9,78,0,0,0,44,0.0,0.0,0.09,0.05,0.0,255,20,0.08,0.01,0.0,0.0,0.0,0.0,0,90659.0
22,9,303,828,0,1,15,0.0,0.0,1.0,0.0,0.17,72,255,1.0,0.0,0.03,0.0,0.0,0.0,0,70326.0
19,9,567,0,0,1,1,0.0,0.0,1.0,0.0,0.0,127,74,0.31,0.05,0.03,0.0,0.0,0.0,0,63398.0
11,9,42,135,0,0,78,0.0,0.0,1.0,0.0,0.01,255,255,1.0,0.0,0.0,0.0,0.0,0.0,0,122567.0
49,9,883,327,0,1,1,0.0,0.0,1.0,0.0,0.0,144,194,0.74,0.03,0.01,0.01,0.0,0.0,0,71603.0
22,9,213,17996,0,1,2,0.0,0.0,1.0,0.0,0.67,6,255,1.0,0.0,0.03,0.0,0.0,0.0,0,80034.0
13,9,30,0,0,0,1,0.0,0.0,1.0,0.0,0.0,79,131,1.0,0.0,0.21,0.0,0.0,0.0,0,32107.0
22,9,177,14571,0,1,2,0.0,0.0,1.0,0.0,0.33,17,255,1.0,0.0,0.04,0.0,0.0,0.0,0,14670.0
22,9,229,612,0,1,28,0.0,0.0,1.0,0.0,0.0,28,255,1.0,0.0,0.11,0.0,0.0,0.67,0,107691.0
22,9,318,1251,0,1,7,0.0,0.0,1.0,0.0,0.0,59,255,1.0,0.0,0.03,0.0,0.0,0.0,0,55301.0
22,9,238,6178,0,1,9,0.0,0.0,1.0,0.0,0.2,94,255,1.0,0.0,0.02,0.0,0.0,0.0,0,106145.0
45,1,0,0,0,0,338,0.03,0.0,0.0,1.0,0.0,255,1,0.0,1.0,0.0,0.03,0.0,1.0,1,58643.0
22,9,345,9146,0,1,6,0.0,0.08,1.0,0.0,0.15,255,255,1.0,0.0,0.0,0.0,0.0,0.0,0,9223.0
45,9,1,0,0,0,11,0.0,0.0,0.27,0.36,0.0,255,3,0.01,0.22,0.0,0.0,0.0,0.0,1,116645.0
45,5,0,0,0,0,254,1.0,1.0,0.02,0.06,0.0,255,1,0.0,0.07,0.0,1.0,1.0,0.0,1,55583.0
45,5,0,0,0,0,132,1.0,1.0,0.03,0.06,0.0,255,11,0.04,0.06,0.0,1.0,1.0,0.0,1,7706.0
7,5,0,0,0,0,274,1.0,1.0,0.04,0.06,0.0,255,11,0.04,0.08,0.0,1.0,1.0,0.0,1,6038.0
11,9,45,76,0,0,136,0.0,0.0,1.0,0.0,0.0,255,224,0.88,0.01,0.0,0.0,0.0,0.0,0,54846.0
41,9,113,0,0,0,10,0.0,0.0,0.9,0.2,0.0,255,9,0.04,0.58,0.0,0.0,0.0,0.0,0,77827.0
19,9,95,0,0,0,2,0.0,0.0,1.0,0.0,0.0,255,55,0.22,0.02,0.0,0.4,0.0,0.0,0,119892.0
49,9,895,327,0,1,1,0.0,0.0,1.0,0.0,1.0,169,144,0.41,0.02,0.01,0.0,0.0,0.0,0,58919.0
14,9,1032,0,0,0,511,0.0,0.0,1.0,0.0,0.0,154,9,0.06,0.02,0.0,0.0,0.0,0.0,1,122906.0
22,1,0,0,0,0,1,0.0,0.0,1.0,0.0,0.0,25,253,1.0,0.0,0.12,0.0,0.0,0.98,0,71748.0
22,9,221,7473,0,1,8,0.0,0.0,1.0,0.0,0.22,40,255,1.0,0.0,0.03,0.0,0.0,0.0,0,1527.0
22,9,232,2698,0,1,3,0.0,0.0,1.0,0.0,0.0,42,34,0.81,0.07,0.0,0.0,0.0,0.0,0,33510.0
3,5,0,0,0,0,275,1.0,1.0,0.03,0.06,0.0,255,9,0.04,0.08,0.0,1.0,1.0,0.0,1,7155.0
41,9,147,0,0,0,5,0.0,0.0,0.2,0.6,0.0,255,2,0.01,0.63,0.0,0.0,0.0,0.0,0,42721.0
19,9,12286,0,0,1,3,0.0,0.0,1.0,0.0,0.4,80,44,0.32,0.06,0.05,0.0,0.0,0.0,0,85137.0
22,9,152,511,0,1,1,0.0,0.0,1.0,0.0,1.0,2,255,1.0,0.0,0.02,0.0,0.0,0.0,0,73773.0
5,5,0,0,0,0,110,1.0,1.0,0.04,0.06,0.0,255,4,0.02,0.07,0.0,1.0,1.0,0.0,1,45638.0
22,9,225,370,0,1,21,0.0,0.0,1.0,0.0,0.0,132,255,1.0,0.0,0.05,0.0,0.0,0.0,0,8448.0
22,9,193,6002,0,1,6,0.0,0.0,1.0,0.0,0.22,7,255,1.0,0.0,0.08,0.0,0.0,0.49,0,79429.0
22,9,221,313,0,1,4,0.0,0.09,1.0,0.0,0.36,234,255,1.0,0.0,0.02,0.0,0.0,0.0,0,111649.0
41,9,147,0,0,0,5,0.0,0.0,0.2,0.6,0.0,255,1,0.0,0.59,0.0,0.0,0.0,0.0,0,62750.0
49,5,0,0,0,0,11,1.0,1.0,1.0,0.0,0.0,193,144,0.47,0.01,0.01,0.99,0.63,0.0,1,64313.0
53,5,0,0,0,0,128,1.0,1.0,0.02,0.08,0.0,255,2,0.01,0.07,0.0,1.0,1.0,0.0,1,101096.0
22,9,221,1721,0,1,13,0.0,0.0,1.0,0.0,0.0,255,255,1.0,0.0,0.0,0.0,0.0,0.0,0,28415.0
22,9,346,3477,0,1,8,0.0,0.0,1.0,0.0,0.0,8,255,1.0,0.0,0.03,0.0,0.0,0.0,0,3688.0
19,9,59,0,0,1,14,0.0,0.0,1.0,0.0,0.0,255,61,0.24,0.02,0.0,0.29,0.33,0.0,0,48232.0
22,9,370,837,0,1,4,0.0,0.0,1.0,0.0,0.0,120,227,1.0,0.0,0.06,0.0,0.0,0.0,0,17104.0
22,9,232,1423,0,1,6,0.0,0.0,1.0,0.0,0.0,141,255,1.0,0.0,0.01,0.0,0.0,0.0,0,104978.0
22,1,0,0,0,0,2,0.0,0.0,1.0,0.0,0.0,4,255,1.0,0.0,0.05,0.0,0.0,0.58,0,77342.0
22,9,256,1073,0,1,17,0.0,0.0,1.0,0.0,0.16,255,255,1.0,0.0,0.0,0.0,0.0,0.0,0,86889.0
15,5,0,0,0,0,97,1.0,1.0,0.07,0.06,0.0,255,7,0.03,0.06,0.0,1.0,1.0,0.0,1,90353.0
15,5,0,0,0,0,29,1.0,1.0,0.31,0.1,0.0,255,9,0.04,0.07,0.0,1.0,1.0,0.0,1,44590.0
3,5,0,0,0,0,241,1.0,1.0,0.1,0.05,0.0,255,24,0.09,0.05,0.0,1.0,1.0,0.0,1,41096.0
19,9,29079,0,0,0,1,0.0,0.0,1.0,0.0,0.0,255,9,0.04,0.01,0.0,0.0,0.0,0.0,0,34386.0
49,9,4657,334,0,1,1,0.0,0.0,1.0,0.0,1.0,147,94,0.64,0.02,0.0,0.0,0.0,0.0,0,12155.0
17,9,6,266,0,0,1,0.0,0.0,1.0,0.0,0.0,27,3,0.04,0.15,0.67,0.0,0.0,0.0,0,27978.0
22,9,293,283,0,1,2,0.0,0.0,1.0,0.0,0.67,255,255,1.0,0.0,0.0,0.0,0.0,0.0,0,94553.0
11,9,46,130,0,0,319,0.0,0.0,1.0,0.01,0.0,255,251,0.98,0.01,0.0,0.0,0.0,0.0,0,117750.0
35,5,0,0,0,0,239,1.0,1.0,0.03,0.07,0.0,255,7,0.03,0.08,0.0,1.0,1.0,0.0,1,20558.0
49,9,1019,333,0,1,1,0.0,0.0,1.0,0.0,1.0,178,193,0.76,0.02,0.01,0.0,0.0,0.0,0,4734.0
45,1,0,0,0,0,238,0.04,0.0,0.0,1.0,0.0,255,1,0.0,0.95,0.0,0.04,0.0,1.0,1,115656.0
53,1,0,0,0,0,230,0.0,0.0,0.0,0.07,0.0,255,1,0.0,0.08,0.0,0.0,0.0,1.0,1,81100.0
19,9,3909,0,0,1,6,0.0,0.0,1.0,0.0,0.0,23,94,0.52,0.09,0.02,0.0,0.0,0.0,0,87378.0
45,5,0,0,0,0,137,1.0,1.0,0.04,0.06,0.0,255,17,0.07,0.06,0.0,1.0,1.0,0.0,1,27265.0
22,9,197,3970,0,1,6,0.0,0.0,1.0,0.0,0.0,73,255,1.0,0.0,0.02,0.0,0.0,0.0,0,111818.0
45,5,0,0,0,0,138,1.0,1.0,0.1,0.06,0.0,255,8,0.03,0.06,0.0,1.0,1.0,0.0,1,50419.0
22,9,331,1722,0,1,9,0.0,0.0,1.0,0.0,0.2,255,255,1.0,0.0,0.0,0.0,0.0,0.0,0,100112.0
8,2,0,0,0,0,206,0.0,0.0,0.0,0.07,0.0,255,1,0.0,0.08,0.0,0.0,0.0,1.0,1,43535.0
45,9,28,0,3,0,7,0.0,0.0,1.0,0.0,0.0,255,107,0.42,0.58,0.0,0.09,0.0,0.0,1,123208.0
22,9,222,1719,0,1,11,0.0,0.0,1.0,0.0,0.0,255,255,1.0,0.0,0.0,0.0,0.0,0.0,0,24620.0
22,9,286,337,0,1,33,0.0,0.0,1.0,0.0,0.09,255,255,1.0,0.0,0.0,0.0,0.0,0.0,0,107706.0
22,9,219,579,0,1,4,0.0,0.0,1.0,0.0,0.0,45,211,1.0,0.0,0.06,0.0,0.0,0.0,0,115041.0
45,4,0,0,0,0,1,0.0,0.0,1.0,0.0,0.0,213,1,0.0,0.54,0.0,0.0,0.0,1.0,1,29839.0
57,5,0,0,0,0,289,1.0,1.0,0.07,0.05,0.0,255,21,0.08,0.05,0.0,1.0,1.0,0.0,1,94269.0
22,9,247,771,0,1,13,0.0,0.0,1.0,0.0,0.0,255,255,1.0,0.0,0.0,0.0,0.0,0.0,0,72276.0
54,5,0,0,0,0,267,1.0,1.0,0.01,0.06,0.0,255,4,0.02,0.08,0.0,1.0,1.0,0.0,1,112511.0
4,5,0,0,0,0,257,1.0,1.0,0.04,0.05,0.0,255,10,0.04,0.05,0.0,1.0,1.0,0.0,1,120210.0
22,9,149,13592,0,1,1,0.0,0.0,1.0,0.0,1.0,1,255,1.0,0.0,0.04,0.0,0.0,0.0,0,1421.0
19,6,20440,0,0,0,8,0.12,0.12,1.0,0.0,0.0,224,88,0.39,0.03,0.0,0.02,0.01,0.0,0,43007.0
11,9,43,135,0,0,68,0.0,0.0,1.0,0.0,0.01,255,254,1.0,0.01,0.0,0.0,0.0,0.0,0,23238.0
45,4,1,0,0,0,2,0.0,0.0,1.0,0.0,0.0,255,2,0.01,0.81,0.0,0.0,0.0,1.0,1,80336.0
18,9,1241,2451,0,1,1,0.0,0.0,1.0,0.0,0.0,255,112,0.44,0.02,0.0,0.0,0.0,0.0,1,86894.0
25,5,0,0,0,0,254,1.0,1.0,0.01,0.06,0.0,255,7,0.03,0.06,0.0,1.0,1.0,0.0,1,118005.0
45,1,0,0,0,0,159,0.0,0.0,0.02,0.08,0.0,255,3,0.01,0.08,0.0,0.0,0.0,1.0,1,7557.0
22,9,222,12656,0,1,3,0.0,0.0,1.0,0.0,0.21,43,255,1.0,0.0,0.03,0.0,0.01,0.0,0,32704.0
22,9,357,2576,0,1,17,0.0,0.0,1.0,0.0,0.0,23,255,1.0,0.0,0.05,0.0,0.0,0.0,0,33837.0
22,9,212,5396,0,1,1,0.0,0.0,1.0,0.0,0.18,6,255,1.0,0.0,0.05,0.0,0.0,0.0,0,72523.0
41,1,0,0,0,0,510,0.19,0.0,0.0,1.0,0.0,255,1,0.0,1.0,0.0,0.16,0.0,1.0,1,90749.0
13,9,30,0,0,0,1,0.0,0.0,1.0,0.0,0.0,53,90,0.98,0.04,0.22,0.0,0.0,0.0,0,90884.0
45,5,0,0,0,0,283,1.0,1.0,0.03,0.06,0.0,255,9,0.04,0.06,0.0,1.0,1.0,0.0,1,12653.0
22,9,220,2714,0,1,25,0.0,0.0,1.0,0.0,0.07,255,255,1.0,0.0,0.0,0.0,0.0,0.0,0,41830.0
11,9,43,116,0,0,24,0.0,0.0,0.96,0.08,0.0,255,162,0.64,0.01,0.0,0.0,0.0,0.0,0,1247.0
45,4,0,0,0,0,1,0.0,0.0,1.0,0.0,0.0,144,1,0.01,0.33,0.0,0.0,0.0,1.0,1,93616.0
45,5,0,0,0,0,38,1.0,1.0,0.08,0.16,0.0,255,19,0.07,0.09,0.0,1.0,1.0,0.0,1,107476.0
14,9,1032,0,0,0,511,0.0,0.0,1.0,0.0,0.0,255,237,0.93,0.04,0.0,0.0,0.0,0.0,1,31325.0
22,9,237,44673,0,1,5,0.0,0.0,1.0,0.0,0.0,94,255,1.0,0.0,0.03,0.0,0.0,0.0,0,58885.0
17,5,0,0,0,0,30,1.0,1.0,0.33,0.13,0.0,255,50,0.2,0.04,0.0,1.0,1.0,0.0,1,109965.0
22,9,185,3254,0,1,1,0.0,0.0,1.0,0.0,0.0,44,231,1.0,0.0,0.05,0.0,0.0,0.0,0,51570.0
59,9,78,0,0,0,9,0.0,0.0,0.33,0.22,0.0,255,20,0.08,0.01,0.0,0.0,0.0,0.0,0,105898.0
36,5,0,0,0,0,209,1.0,1.0,0.02,0.07,0.0,255,20,0.08,0.06,0.0,1.0,1.0,0.0,1,100572.0
11,9,44,77,0,0,197,0.0,0.0,1.0,0.0,0.0,255,236,0.93,0.01,0.0,0.0,0.0,0.0,0,105243.0
22,9,323,5340,0,1,2,0.0,0.0,1.0,0.0,0.0,2,255,1.0,0.0,0.03,0.0,0.0,0.0,0,23844.0
14,9,18,0,0,0,1,0.0,0.0,1.0,0.0,0.0,3,3,1.0,0.0,0.0,0.0,0.0,0.0,1,69870.0
45,5,0,0,0,0,176,1.0,1.0,0.09,0.06,0.0,255,16,0.06,0.06,0.0,1.0,1.0,0.0,1,10731.0
22,5,0,0,0,0,212,1.0,1.0,0.06,0.06,0.0,255,18,0.07,0.08,0.0,1.0,1.0,0.0,1,77012.0
22,9,309,1109,0,1,4,0.0,0.0,1.0,0.0,0.33,54,255,1.0,0.0,0.02,0.0,0.0,0.0,0,29795.0
17,5,0,0,0,0,300,1.0,1.0,0.05,0.05,0.0,255,16,0.06,0.05,0.0,1.0,1.0,0.0,1,119399.0
23,1,0,0,0,0,149,0.0,0.0,0.13,0.05,0.0,255,19,0.07,0.07,0.0,0.0,0.0,1.0,1,57275.0
45,4,1,0,0,0,2,0.0,0.0,1.0,0.0,0.0,246,2,0.01,0.26,0.0,0.0,0.0,1.0,1,18593.0
30,1,0,0,0,0,285,0.0,0.0,0.05,0.06,0.0,255,15,0.06,0.07,0.0,0.0,0.0,1.0,1,91944.0
22,9,299,1912,0,1,10,0.0,0.0,1.0,0.0,0.18,38,255,1.0,0.0,0.04,0.0,0.01,0.0,0,83748.0
63,5,0,0,0,0,294,1.0,1.0,0.06,0.06,0.0,255,19,0.07,0.07,0.0,1.0,1.0,0.0,1,107658.0
18,9,923,2720,0,1,1,0.0,0.0,1.0,0.0,0.0,255,61,0.24,0.02,0.0,0.0,0.0,0.0,0,30172.0
22,9,241,1734,0,1,12,0.0,0.0,1.0,0.0,0.0,12,255,1.0,0.0,0.04,0.0,0.0,0.0,0,58579.0
2,5,0,0,0,0,120,1.0,1.0,0.13,0.06,0.0,255,16,0.06,0.07,0.0,1.0,1.0,0.0,1,106583.0
22,9,192,4500,0,1,9,0.0,0.0,1.0,0.0,0.17,9,255,1.0,0.0,0.01,0.0,0.0,0.0,0,8970.0
45,5,0,0,0,0,181,1.0,1.0,0.08,0.07,0.0,255,12,0.05,0.07,0.0,1.0,1.0,0.0,1,1385.0
15,5,0,0,0,0,86,1.0,1.0,0.01,0.07,0.0,255,1,0.0,0.06,0.0,1.0,1.0,0.0,1,24131.0
13,9,8,0,0,0,1,0.0,0.0,1.0,0.0,1.0,2,255,1.0,0.0,0.5,0.0,0.0,0.0,1,58375.0
22,1,0,0,0,0,1,0.0,0.0,1.0,0.0,0.0,46,250,1.0,0.0,0.14,0.0,0.0,1.0,0,25255.0
49,9,733,332,0,1,1,0.0,0.0,1.0,0.0,0.0,116,165,0.73,0.03,0.01,0.0,0.0,0.0,0,53673.0
45,5,0,0,0,0,64,1.0,1.0,0.2,0.09,0.0,255,22,0.09,0.07,0.0,1.0,1.0,0.0,1,60740.0
22,9,222,453,0,1,3,0.0,0.0,1.0,0.0,0.0,3,255,1.0,0.0,0.06,0.0,0.0,0.0,0,110628.0
22,9,314,7331,0,1,3,0.0,0.0,1.0,0.0,0.33,11,255,1.0,0.0,0.04,0.0,0.0,0.0,0,120717.0
11,9,43,133,0,0,193,0.0,0.0,1.0,0.0,0.0,118,79,0.67,0.03,0.0,0.0,0.0,0.0,0,112000.0
35,5,0,0,0,0,192,1.0,1.0,0.03,0.07,0.0,255,5,0.02,0.07,0.0,1.0,1.0,0.0,1,124715.0
14,9,1032,0,0,0,460,0.0,0.0,1.0,0.0,0.0,255,255,1.0,0.0,0.0,0.0,0.0,0.0,1,79081.0
13,9,8,0,0,0,1,0.0,0.0,1.0,0.0,0.0,1,131,1.0,0.0,0.5,0.0,0.0,0.0,1,3177.0
22,9,280,526,0,1,11,0.0,0.0,1.0,0.0,0.0,66,255,1.0,0.0,0.06,0.0,0.0,0.06,0,70954.0
55,2,1,15,0,0,3,0.0,0.0,0.33,0.67,0.0,244,1,0.0,0.03,0.0,0.0,0.0,1.0,0,63527.0
22,9,300,1075,0,1,2,0.0,0.0,1.0,0.0,0.0,255,241,0.95,0.01,0.0,0.0,0.0,0.0,0,14030.0
22,9,210,455,0,1,3,0.33,0.04,1.0,0.0,0.15,3,255,1.0,0.0,0.06,0.33,0.0,0.0,0,50493.0
22,9,247,1423,0,1,6,0.0,0.0,1.0,0.0,0.0,127,255,1.0,0.0,0.01,0.0,0.0,0.0,0,89531.0
45,5,0,0,0,0,246,1.0,1.0,0.02,0.06,0.0,255,1,0.0,0.06,0.0,1.0,1.0,0.0,1,75214.0
45,5,0,0,0,0,248,1.0,1.0,0.03,0.06,0.0,255,19,0.07,0.07,0.0,1.0,1.0,0.0,1,19787.0
22,9,197,7643,0,1,2,0.0,0.0,1.0,0.0,0.0,46,255,1.0,0.0,0.05,0.0,0.0,0.0,0,72664.0
19,5,0,0,0,0,284,1.0,1.0,0.07,0.06,0.0,255,18,0.07,0.06,0.0,1.0,1.0,0.0,1,23278.0
45,1,0,0,0,0,1,0.0,0.0,1.0,0.0,0.0,63,1,0.02,1.0,0.0,0.0,0.0,1.0,1,102076.0
49,9,779,339,0,1,1,0.0,0.0,1.0,0.0,0.0,208,158,0.61,0.01,0.01,0.0,0.01,0.0,0,116817.0
22,9,279,307,0,1,5,0.0,0.0,1.0,0.0,0.0,255,255,1.0,0.0,0.0,0.0,0.0,0.0,0,13737.0
22,9,299,12605,0,1,10,0.0,0.0,1.0,0.0,0.17,34,255,1.0,0.0,0.03,0.03,0.0,0.0,0,53508.0
11,9,45,81,0,0,211,0.0,0.0,1.0,0.01,0.01,255,254,1.0,0.01,0.0,0.0,0.0,0.0,0,65776.0
27,5,0,0,0,0,140,1.0,1.0,0.03,0.05,0.0,255,4,0.02,0.05,0.0,1.0,1.0,0.0,1,20178.0
45,5,0,0,0,0,266,1.0,1.0,0.05,0.06,0.0,255,13,0.05,0.08,0.0,1.0,1.0,0.0,1,4119.0
22,9,224,2442,0,1,16,0.0,0.0,1.0,0.0,0.0,255,255,1.0,0.0,0.0,0.0,0.0,0.0,0,33556.0
38,5,0,0,0,0,136,1.0,1.0,0.1,0.07,0.0,255,14,0.05,0.07,0.0,1.0,1.0,0.0,1,109999.0
22,9,208,1011,0,1,12,0.0,0.0,1.0,0.0,0.1,95,255,1.0,0.0,0.03,0.0,0.0,0.0,0,47174.0
22,9,235,2015,0,1,6,0.0,0.0,1.0,0.0,0.0,255,255,1.0,0.0,0.0,0.0,0.0,0.0,0,41701.0
22,9,329,2833,0,1,1,0.0,0.0,1.0,0.0,0.33,21,255,1.0,0.0,0.04,0.0,0.0,0.0,0,84976.0
22,9,320,639,0,1,3,0.0,0.0,1.0,0.0,0.0,15,255,1.0,0.0,0.03,0.0,0.0,0.0,0,4652.0
22,9,362,901,0,1,8,0.0,0.0,1.0,0.0,0.22,94,255,1.0,0.0,0.02,0.0,0.0,0.0,0,100488.0
22,9,345,529,0,1,11,0.0,0.0,1.0,0.0,0.17,110,255,1.0,0.0,0.01,0.0,0.0,0.0,0,84296.0
13,9,30,0,0,0,1,0.0,0.0,1.0,0.0,0.0,59,90,0.98,0.03,0.19,0.0,0.0,0.0,0,110571.0
19,9,2194619,0,0,0,1,0.0,0.0,1.0,0.0,0.0,17,79,0.59,0.12,0.03,0.06,0.0,0.0,0,62762.0
45,5,0,0,0,0,250,1.0,1.0,0.04,0.06,0.0,255,20,0.08,0.06,0.0,1.0,1.0,0.0,1,51242.0
53,1,0,0,0,0,241,0.0,0.0,0.02,0.07,0.0,255,4,0.02,0.07,0.0,0.0,0.0,1.0,1,103799.0
49,9,765,279,0,1,1,0.0,0.0,1.0,0.0,0.0,234,131,0.56,0.02,0.02,0.0,0.0,0.0,0,93634.0
45,9,105,0,0,0,1,0.0,0.0,1.0,0.0,0.0,12,10,0.83,0.17,0.0,0.0,0.0,0.0,0,102428.0
45,1,0,0,0,0,2,0.0,0.0,0.5,1.0,0.0,255,1,0.0,1.0,0.0,0.0,0.0,1.0,1,92088.0
22,9,231,807,0,1,26,0.0,0.0,1.0,0.0,0.0,255,255,1.0,0.0,0.0,0.0,0.0,0.0,0,27702.0
22,1,0,0,0,0,1,0.0,0.0,1.0,0.0,0.0,10,255,1.0,0.0,0.17,0.0,0.0,0.99,0,111897.0
45,5,0,0,0,0,108,1.0,1.0,0.07,0.06,0.0,255,3,0.01,0.09,0.0,1.0,1.0,0.0,1,28667.0
45,4,0,0,0,0,1,0.0,0.0,1.0,0.0,0.0,117,1,0.01,0.2,0.0,0.0,0.0,1.0,1,37460.0
45,5,0,0,0,0,199,1.0,1.0,0.09,0.06,0.0,255,18,0.07,0.07,0.0,1.0,1.0,0.0,1,120912.0
22,9,232,1075,0,1,1,0.0,0.0,1.0,0.0,0.0,255,253,0.99,0.01,0.0,0.0,0.0,0.0,0,59909.0
55,9,780,1593580,0,1,1,0.0,0.0,1.0,0.0,0.0,179,28,0.16,0.03,0.0,0.0,0.0,0.0,0,8702.0
20,5,0,0,0,0,245,1.0,1.0,0.08,0.07,0.0,255,19,0.07,0.08,0.0,1.0,1.0,0.0,1,78425.0
22,9,200,752,0,1,1,0.0,0.0,1.0,0.0,0.25,159,255,1.0,0.0,0.03,0.0,0.0,0.0,0,97152.0
13,9,8,0,0,0,1,0.0,0.0,1.0,0.0,1.0,2,38,1.0,0.0,0.5,0.0,0.0,0.0,1,120135.0
12,5,0,0,0,0,277,1.0,1.0,0.08,0.05,0.0,255,22,0.09,0.05,0.0,1.0,1.0,0.0,1,31228.0
45,5,0,0,0,0,11,1.0,1.0,0.45,0.27,0.0,255,8,0.03,0.07,0.0,1.0,1.0,0.0,1,86338.0
17,9,8,414,0,0,1,0.0,0.0,1.0,0.0,0.0,240,2,0.01,0.02,0.0,0.0,0.0,0.0,0,53493.0
55,5,0,0,0,0,264,1.0,1.0,0.06,0.06,0.0,255,2,0.01,0.07,0.0,1.0,1.0,0.0,1,93322.0
22,9,246,2229,0,1,2,0.0,0.0,1.0,0.0,0.0,74,255,1.0,0.0,0.04,0.01,0.01,0.0,0,80319.0
22,9,188,5002,0,1,8,0.0,0.0,1.0,0.0,0.0,26,255,1.0,0.0,0.01,0.0,0.0,0.01,0,115854.0
54,5,0,0,0,0,243,1.0,1.0,0.08,0.06,0.0,255,19,0.07,0.06,0.0,1.0,1.0,0.0,1,90028.0
45,5,0,0,0,0,258,1.0,1.0,0.03,0.06,0.0,255,10,0.04,0.09,0.0,1.0,1.0,0.0,1,21236.0
22,9,205,14313,0,1,2,0.0,0.0,1.0,0.0,0.0,6,255,1.0,0.0,0.02,0.0,0.0,0.01,0,81729.0
45,1,0,0,0,0,309,0.0,0.0,0.0,0.5,0.0,255,1,0.0,0.51,0.0,0.0,0.0,1.0,1,87829.0
33,5,0,0,0,0,194,1.0,1.0,0.04,0.06,0.0,255,7,0.03,0.06,0.0,1.0,1.0,0.0,1,71733.0
45,5,0,0,0,0,190,1.0,1.0,0.01,0.06,0.0,255,20,0.08,0.08,0.0,1.0,1.0,0.0,1,114282.0
39,5,0,0,0,0,96,1.0,1.0,0.07,0.06,0.0,255,7,0.03,0.06,0.0,1.0,1.0,0.0,1,107289.0
49,9,6979,328,0,1,1,0.0,0.0,1.0,0.0,0.0,161,77,0.16,0.44,0.03,0.0,0.0,0.0,0,45345.0
53,5,0,0,0,0,229,1.0,1.0,0.05,0.07,0.0,255,12,0.05,0.08,0.0,1.0,1.0,0.0,1,103173.0
49,9,1945,389,0,1,1,0.0,0.0,1.0,0.0,1.0,255,79,0.31,0.05,0.0,0.34,0.0,0.0,0,107732.0
45,9,1,0,0,0,20,0.0,0.0,0.3,0.25,0.0,255,44,0.17,0.46,0.0,0.0,0.0,0.0,1,88298.0
22,9,327,698,0,1,11,0.0,0.0,1.0,0.0,0.1,11,255,1.0,0.0,0.02,0.0,0.0,0.0,0,34882.0
38,5,0,0,0,0,104,1.0,1.0,0.13,0.06,0.0,255,19,0.07,0.07,0.0,1.0,1.0,0.0,1,78141.0
45,1,0,0,0,0,219,0.0,0.0,0.08,0.07,0.0,255,17,0.07,0.08,0.0,0.0,0.0,1.0,1,100719.0
22,9,219,153,0,1,1,0.0,0.0,1.0,0.0,0.0,1,255,1.0,0.0,0.07,0.0,0.0,0.0,0,105995.0
45,5,0,0,0,0,262,1.0,1.0,0.03,0.05,0.0,220,7,0.03,0.06,0.0,0.99,1.0,0.0,1,95341.0
14,9,1032,0,0,0,511,0.0,0.0,1.0,0.0,0.0,140,46,0.33,0.05,0.0,0.01,0.0,0.0,1,27105.0
22,9,217,720,0,1,3,0.0,0.0,1.0,0.0,0.0,77,255,1.0,0.0,0.05,0.0,0.0,0.0,0,63342.0
22,9,361,4023,0,1,6,0.0,0.0,1.0,0.0,0.22,255,255,1.0,0.0,0.0,0.0,0.0,0.0,0,78489.0
19,9,319,0,0,1,2,0.0,0.0,0.5,1.0,0.0,128,68,0.34,0.04,0.03,0.0,0.0,0.0,0,30760.0
22,9,238,397,0,1,8,0.12,0.12,1.0,0.0,0.0,255,255,1.0,0.0,0.0,0.0,0.0,0.0,0,103493.0
22,9,330,458,0,1,9,0.0,0.0,1.0,0.0,0.2,9,84,1.0,0.0,0.11,0.0,0.0,0.0,0,90617.0
22,9,288,1663,0,1,18,0.0,0.0,1.0,0.0,0.05,18,255,1.0,0.0,0.05,0.0,0.0,0.0,0,102185.0
49,9,2393,402,0,1,1,0.0,0.0,1.0,0.0,0.0,255,56,0.22,0.06,0.0,0.52,0.0,0.0,0,33401.0
11,9,45,74,0,0,75,0.0,0.0,1.0,0.0,0.01,255,218,0.85,0.01,0.0,0.0,0.0,0.0,0,62170.0
11,9,43,43,0,0,195,0.0,0.0,1.0,0.0,0.0,255,255,1.0,0.0,0.0,0.0,0.0,0.0,0,110331.0
19,9,7045,0,0,1,2,0.0,0.0,1.0,0.0,0.0,6,62,1.0,0.0,0.11,0.17,0.02,0.0,0,108826.0
0,4,861,8193,0,1,1,0.0,0.0,1.0,0.0,0.0,31,12,0.39,0.06,0.0,0.13,0.33,0.5,0,40455.0
5,5,0,0,0,0,130,1.0,1.0,0.02,0.07,0.0,255,3,0.01,0.06,0.0,1.0,1.0,0.0,1,99642.0
19,9,8325,0,0,0,18,0.0,0.0,1.0,0.0,0.0,247,70,0.28,0.02,0.0,0.0,0.0,0.0,0,99265.0
22,9,249,5163,0,1,1,0.0,0.0,1.0,0.0,0.0,255,252,0.99,0.01,0.0,0.0,0.0,0.0,0,59137.0
18,5,0,0,0,0,281,1.0,1.0,0.07,0.05,0.0,255,19,0.07,0.05,0.0,1.0,1.0,0.0,1,5870.0
22,9,211,2873,0,1,7,0.0,0.0,1.0,0.0,0.2,124,255,1.0,0.0,0.01,0.0,0.01,0.0,0,31841.0
22,5,0,0,0,0,8,1.0,1.0,0.62,0.38,0.0,255,56,0.22,0.02,0.0,1.0,1.0,0.0,1,16979.0
22,9,212,1709,0,1,9,0.0,0.0,1.0,0.0,0.25,32,255,1.0,0.0,0.01,0.0,0.0,0.0,0,18180.0
13,9,8,0,0,0,1,0.0,0.0,1.0,0.0,1.0,2,46,1.0,0.0,0.5,0.0,0.0,0.0,1,22287.0
22,9,304,1268,0,1,22,0.0,0.0,1.0,0.0,0.08,250,255,1.0,0.0,0.02,0.0,0.0,0.0,0,74981.0
57,5,0,0,0,0,172,0.68,1.0,0.01,0.4,0.0,255,1,0.0,0.27,0.0,0.46,1.0,0.0,1,38200.0
22,9,322,3125,0,1,6,0.0,0.0,1.0,0.0,0.29,20,255,1.0,0.0,0.02,0.0,0.0,0.0,0,69065.0
45,1,0,0,0,0,138,0.0,0.0,0.1,0.06,0.0,255,14,0.05,0.07,0.0,0.0,0.0,1.0,1,35697.0
45,9,28,0,3,0,8,0.0,0.0,1.0,0.0,0.0,255,8,0.03,0.02,0.0,0.0,0.0,0.0,1,35933.0
2,5,0,0,0,0,246,1.0,1.0,0.02,0.07,0.0,255,5,0.02,0.07,0.0,1.0,1.0,0.0,1,118184.0
38,1,0,0,0,0,101,0.0,0.0,0.01,0.06,0.0,255,1,0.0,0.05,0.0,0.0,0.0,1.0,1,78449.0
45,5,0,0,0,0,100,1.0,1.0,0.12,0.05,0.0,255,12,0.05,0.04,0.0,1.0,1.0,0.0,1,86522.0
19,9,203,0,0,0,1,0.0,0.0,1.0,0.0,0.0,255,131,0.51,0.01,0.0,0.0,0.01,0.0,0,82717.0
49,9,798,329,0,1,1,0.0,0.0,1.0,0.0,1.0,234,169,0.65,0.02,0.01,0.0,0.0,0.0,0,57031.0
19,9,2194619,0,0,1,2,0.0,0.0,1.0,0.0,0.0,120,77,0.43,0.03,0.03,0.0,0.0,0.0,0,12133.0
19,5,0,0,0,0,270,1.0,1.0,0.09,0.05,0.0,255,24,0.09,0.05,0.0,1.0,1.0,0.0,1,34621.0
22,9,332,1464,0,1,16,0.0,0.0,1.0,0.0,0.14,58,255,1.0,0.0,0.06,0.0,0.0,0.29,0,54693.0
49,9,1393,333,0,1,1,0.0,0.0,1.0,0.0,1.0,102,166,0.47,0.04,0.01,0.0,0.0,0.0,0,98330.0
45,5,0,0,0,0,147,1.0,1.0,0.13,0.06,0.0,94,19,0.2,0.09,0.0,1.0,1.0,0.0,1,93412.0
22,9,340,487,0,1,34,0.0,0.0,1.0,0.0,0.1,255,255,1.0,0.0,0.0,0.0,0.0,0.0,0,78751.0
26,5,0,0,0,0,36,1.0,1.0,0.22,0.14,0.0,255,8,0.03,0.08,0.0,1.0,1.0,0.0,1,85123.0
22,9,215,2996,0,1,22,0.0,0.0,1.0,0.0,0.08,255,255,1.0,0.0,0.0,0.01,0.01,0.0,0,63193.0
45,5,0,0,0,0,240,1.0,1.0,0.08,0.05,0.0,101,20,0.2,0.1,0.0,0.86,1.0,0.0,1,90742.0
22,9,234,2239,0,1,7,0.0,0.0,1.0,0.0,0.0,255,254,1.0,0.01,0.0,0.0,0.0,0.0,0,43422.0
11,9,44,44,0,0,94,0.0,0.0,1.0,0.0,0.01,255,255,1.0,0.0,0.0,0.0,0.0,0.0,0,77888.0
60,5,0,0,0,0,132,1.0,1.0,0.06,0.05,0.0,255,8,0.03,0.05,0.0,1.0,1.0,0.0,1,386.0
22,9,248,1875,0,1,12,0.0,0.0,1.0,0.0,0.0,55,255,1.0,0.0,0.04,0.0,0.0,0.0,0,105251.0
22,9,206,2543,0,1,2,0.0,0.0,1.0,0.0,0.0,188,255,1.0,0.0,0.01,0.0,0.0,0.0,0,17446.0
49,9,735,324,0,1,1,0.0,0.0,1.0,0.0,0.0,56,155,0.48,0.05,0.01,0.0,0.0,0.0,0,57566.0
49,9,2805,335,0,1,1,0.0,0.0,1.0,0.0,1.0,255,122,0.48,0.03,0.0,0.0,0.0,0.0,0,8302.0
45,5,0,0,0,0,117,1.0,1.0,0.1,0.06,0.0,255,12,0.05,0.08,0.0,1.0,1.0,0.0,1,65896.0
45,5,0,0,0,0,262,1.0,1.0,0.01,0.07,0.0,255,2,0.01,0.09,0.0,1.0,1.0,0.0,1,105681.0
22,9,319,3930,0,1,3,0.0,0.0,1.0,0.0,0.38,11,255,1.0,0.0,0.07,0.0,0.0,0.0,0,103840.0
22,9,235,6225,0,1,11,0.0,0.15,1.0,0.0,0.23,63,255,1.0,0.0,0.11,0.0,0.0,0.68,0,24657.0
45,5,0,0,0,0,115,1.0,1.0,0.04,0.06,0.0,255,14,0.05,0.07,0.0,1.0,1.0,0.0,1,35486.0
17,9,7,222,0,0,1,0.0,0.0,1.0,0.0,0.0,125,11,0.02,0.04,0.18,0.0,0.0,0.0,0,73084.0
22,5,0,0,0,0,2,1.0,1.0,0.5,1.0,0.0,255,61,0.24,0.02,0.0,1.0,1.0,0.0,1,116454.0
45,5,0,0,0,0,108,1.0,1.0,0.15,0.05,0.0,255,13,0.05,0.05,0.0,1.0,1.0,0.0,1,99151.0
41,9,147,105,0,0,1,0.0,0.0,1.0,0.0,0.0,255,1,0.0,0.77,0.0,0.0,0.0,0.0,0,77231.0
7,5,0,0,0,0,296,1.0,1.0,0.01,0.05,0.0,255,4,0.02,0.05,0.0,1.0,1.0,0.0,1,89966.0
49,5,0,0,0,0,19,1.0,1.0,1.0,0.0,0.0,81,140,0.48,0.02,0.01,0.98,0.28,0.0,1,107415.0
22,9,323,1722,0,1,21,0.0,0.0,1.0,0.0,0.15,255,255,1.0,0.0,0.0,0.0,0.0,0.0,0,85181.0
11,9,44,128,0,0,57,0.0,0.0,1.0,0.0,0.01,115,200,0.87,0.02,0.01,0.0,0.0,0.0,0,64321.0
22,9,54540,8314,0,1,2,0.0,0.0,1.0,0.0,0.0,36,36,1.0,0.0,0.0,0.0,0.0,0.31,1,18288.0
49,9,1465,327,0,1,1,0.0,0.0,1.0,0.0,1.0,174,126,0.72,0.02,0.0,0.01,0.01,0.0,0,66288.0
11,9,46,86,0,0,65,0.0,0.0,1.0,0.0,0.01,255,217,0.85,0.01,0.0,0.0,0.0,0.0,0,124573.0
45,5,0,0,0,0,203,1.0,1.0,0.04,0.06,0.0,255,16,0.06,0.06,0.0,1.0,1.0,0.0,1,41625.0
11,9,45,78,0,0,290,0.0,0.0,1.0,0.0,0.0,255,249,0.98,0.01,0.0,0.0,0.0,0.0,0,3361.0
41,1,0,0,0,0,509,0.21,0.0,0.0,1.0,0.0,255,1,0.0,1.0,0.0,0.16,0.0,1.0,1,63343.0
11,9,46,112,0,0,75,0.0,0.0,1.0,0.0,0.01,255,254,1.0,0.01,0.0,0.0,0.0,0.0,0,62675.0
11,9,44,44,0,0,158,0.0,0.0,1.0,0.0,0.01,255,217,0.85,0.01,0.0,0.0,0.0,0.0,0,105799.0
45,5,0,0,0,0,235,1.0,1.0,0.01,0.07,0.0,255,6,0.02,0.06,0.0,1.0,1.0,0.0,1,10877.0
49,9,12749,1393,0,1,1,0.0,0.0,1.0,0.0,0.0,84,75,0.64,0.04,0.03,0.0,0.0,0.0,0,74589.0
55,9,98,2294,0,0,1,0.0,0.0,1.0,0.0,0.0,110,3,0.01,0.02,0.67,0.0,0.33,0.33,0,67460.0
45,4,0,0,0,0,1,0.0,0.0,1.0,0.0,0.0,237,1,0.0,0.25,0.0,0.0,0.0,1.0,1,110234.0
22,1,0,0,0,0,1,0.0,0.0,1.0,0.0,0.5,4,255,1.0,0.0,0.08,0.0,0.0,0.82,0,66659.0
19,9,334,0,0,1,1,0.0,0.0,1.0,0.0,0.0,1,7,1.0,0.0,0.57,0.0,0.0,0.0,1,83924.0
39,5,0,0,0,0,119,1.0,1.0,0.06,0.08,0.0,255,13,0.05,0.08,0.0,1.0,1.0,0.0,1,7187.0
49,9,1409,328,0,1,1,0.0,0.0,1.0,0.0,1.0,41,132,0.73,0.1,0.02,0.0,0.0,0.0,0,80598.0
45,5,0,0,0,0,279,1.0,1.0,0.06,0.05,0.0,237,16,0.07,0.06,0.0,0.99,1.0,0.0,1,36903.0
11,9,29,0,0,0,1,0.0,0.0,1.0,0.0,1.0,32,17,0.06,0.09,0.12,0.0,0.0,0.0,0,75709.0
22,9,261,2050,0,1,3,0.33,0.25,1.0,0.0,0.5,255,255,1.0,0.0,0.0,0.0,0.0,0.0,0,30746.0
45,4,0,0,0,0,1,0.0,0.0,1.0,0.0,0.0,255,1,0.0,0.92,0.0,0.0,0.0,1.0,1,73509.0
45,5,0,0,0,0,113,1.0,1.0,0.07,0.08,0.0,255,13,0.05,0.07,0.0,1.0,1.0,0.0,1,3943.0
22,9,160,21611,0,1,2,0.0,0.0,1.0,0.0,0.0,80,255,1.0,0.0,0.03,0.0,0.0,0.0,0,39911.0
45,4,0,0,0,0,1,0.0,0.0,1.0,0.0,0.0,255,1,0.0,1.0,0.0,0.0,0.0,1.0,1,78937.0
22,9,291,4317,0,1,13,0.0,0.0,1.0,0.0,0.0,13,255,1.0,0.0,0.02,0.0,0.0,0.01,0,93710.0
45,5,0,0,0,0,147,1.0,1.0,0.05,0.05,0.0,255,1,0.0,0.07,0.0,1.0,1.0,0.0,1,97722.0
45,1,0,0,0,0,116,0.0,0.0,0.03,0.06,0.0,255,3,0.01,0.08,0.0,0.0,0.0,1.0,1,63830.0
3,9,10,37,0,1,3,0.0,0.0,0.33,1.0,0.0,159,10,0.06,0.06,0.2,0.0,0.0,0.0,0,106620.0
13,9,8,0,0,0,1,0.0,0.0,1.0,0.0,1.0,1,59,1.0,0.0,0.51,0.0,0.0,0.0,1,109972.0
19,9,3888,0,0,0,10,0.0,0.0,1.0,0.0,0.0,22,103,0.73,0.18,0.03,0.0,0.0,0.0,0,43867.0
22,9,234,710,0,1,9,0.0,0.0,1.0,0.0,0.0,255,255,1.0,0.0,0.0,0.0,0.0,0.0,0,78848.0
22,9,177,7483,0,1,7,0.0,0.0,1.0,0.0,0.0,7,255,1.0,0.0,0.05,0.0,0.0,0.0,0,50045.0
22,9,189,965,0,1,8,0.0,0.0,1.0,0.0,0.0,8,255,1.0,0.0,0.01,0.0,0.0,0.0,0,83238.0
49,9,0,84,0,1,1,0.0,0.0,1.0,0.0,0.0,6,78,0.17,1.0,0.04,0.0,0.0,0.0,1,106335.0
22,9,211,4073,0,1,2,0.0,0.0,1.0,0.0,0.0,19,255,1.0,0.0,0.04,0.05,0.01,0.0,0,27841.0
19,5,0,0,0,0,229,1.0,1.0,0.02,0.06,0.0,255,5,0.02,0.07,0.0,1.0,1.0,0.0,1,22508.0
22,9,193,761,0,1,1,0.0,0.0,1.0,0.0,0.0,25,255,1.0,0.0,0.02,0.0,0.0,0.0,0,88570.0
8,5,0,0,0,0,149,1.0,1.0,0.07,0.05,0.0,255,2,0.01,0.06,0.0,1.0,1.0,0.0,1,16005.0
6,5,0,0,0,0,273,1.0,1.0,0.07,0.05,0.0,255,19,0.07,0.05,0.0,1.0,1.0,0.0,1,32936.0
22,5,0,0,0,0,31,1.0,1.0,0.39,0.13,0.0,255,65,0.25,0.02,0.0,1.0,1.0,0.0,1,39389.0
22,9,242,3156,0,1,3,0.0,0.0,1.0,0.0,0.0,255,255,1.0,0.0,0.0,0.0,0.0,0.0,0,107829.0
49,9,1339,322,0,1,1,0.0,0.0,1.0,0.0,1.0,255,114,0.45,0.02,0.0,0.0,0.0,0.0,0,16991.0
45,5,0,0,0,0,103,1.0,1.0,0.14,0.06,0.0,255,14,0.05,0.05,0.0,1.0,1.0,0.0,1,51891.0
22,9,207,343,0,1,9,0.0,0.0,1.0,0.0,0.16,21,255,1.0,0.0,0.02,0.0,0.0,0.31,0,43385.0
22,9,336,13637,0,1,1,0.0,0.0,1.0,0.0,0.0,7,255,1.0,0.0,0.04,0.0,0.0,0.0,0,9309.0
45,2,0,0,0,0,113,0.0,0.0,0.02,0.07,0.0,255,2,0.01,0.07,0.0,0.0,0.0,1.0,1,114114.0
22,1,0,0,0,0,31,0.0,0.0,1.0,0.0,0.0,66,253,1.0,0.0,0.15,0.0,0.0,0.98,0,34258.0
22,9,292,940,0,1,3,0.0,0.0,1.0,0.0,0.0,3,248,1.0,0.0,0.04,0.0,0.0,0.0,0,47028.0
16,2,0,0,0,0,142,0.0,0.0,0.12,0.06,0.0,255,17,0.07,0.05,0.0,0.0,0.0,1.0,1,74568.0
11,9,45,128,0,0,74,0.0,0.0,1.0,0.0,0.01,255,254,1.0,0.01,0.0,0.0,0.0,0.0,0,17874.0
45,5,0,0,0,0,109,1.0,1.0,0.12,0.06,0.0,255,11,0.04,0.07,0.0,1.0,1.0,0.0,1,51526.0
22,9,330,1232,0,1,30,0.0,0.0,1.0,0.0,0.08,255,255,1.0,0.0,0.0,0.0,0.0,0.0,0,71978.0
45,5,0,0,0,0,122,1.0,1.0,0.1,0.07,0.0,255,12,0.05,0.08,0.0,1.0,1.0,0.0,1,10072.0
49,9,1352,390,0,1,1,0.0,0.0,1.0,0.0,1.0,255,123,0.48,0.02,0.0,0.62,0.65,0.0,0,45908.0
49,9,755,340,0,1,1,0.0,0.0,1.0,0.0,0.0,248,145,0.56,0.02,0.01,0.0,0.0,0.03,0,64281.0
15,5,0,0,0,0,144,1.0,1.0,0.14,0.05,0.0,255,20,0.08,0.05,0.0,1.0,1.0,0.0,1,62607.0
22,9,223,3677,0,1,18,0.0,0.0,1.0,0.0,0.06,210,255,1.0,0.0,0.01,0.0,0.0,0.0,0,103090.0
11,9,30,0,0,0,2,0.0,0.0,0.5,1.0,1.0,102,10,0.1,0.07,0.0,0.0,0.0,0.0,0,42993.0
13,9,8,0,0,0,1,0.0,0.0,1.0,0.0,1.0,2,170,1.0,0.0,0.25,0.0,0.0,0.0,1,69520.0
49,9,980,330,0,1,1,0.0,0.0,1.0,0.0,1.0,77,201,0.78,0.04,0.01,0.01,0.0,0.0,0,83436.0
38,5,0,0,0,0,147,1.0,1.0,0.03,0.06,0.0,255,5,0.02,0.06,0.0,1.0,1.0,0.0,1,18602.0
11,9,43,155,0,0,78,0.0,0.0,1.0,0.0,0.01,255,254,1.0,0.01,0.0,0.0,0.0,0.0,0,107076.0
22,9,369,4154,0,1,7,0.0,0.0,1.0,0.0,0.0,255,255,1.0,0.0,0.0,0.0,0.0,0.0,0,12468.0
45,5,0,0,0,0,275,1.0,1.0,0.05,0.05,0.0,255,18,0.07,0.06,0.0,1.0,1.0,0.0,1,86360.0
22,9,220,1243,0,1,5,0.0,0.0,1.0,0.0,0.29,9,255,1.0,0.0,0.1,0.0,0.0,0.0,0,54033.0
22,9,341,1531,0,1,8,0.0,0.0,1.0,0.0,0.0,30,204,1.0,0.0,0.1,0.0,0.0,0.72,0,19676.0
63,5,0,0,0,0,142,1.0,1.0,0.01,0.06,0.0,255,2,0.01,0.07,0.0,1.0,1.0,0.0,1,87314.0
22,9,343,300,0,1,24,0.0,0.0,1.0,0.0,0.0,255,255,1.0,0.0,0.0,0.0,0.0,0.0,0,85299.0
22,9,54540,8314,0,1,1,0.0,0.0,1.0,0.0,1.0,255,255,1.0,0.0,0.0,0.01,0.01,0.05,1,50840.0
45,5,0,0,0,0,125,0.99,1.0,0.14,0.06,0.0,255,3,0.01,0.06,0.0,1.0,1.0,0.0,1,5074.0
11,9,44,83,0,0,240,0.0,0.0,1.0,0.01,0.0,255,249,0.98,0.01,0.0,0.0,0.0,0.0,0,113315.0
22,9,354,10311,0,1,1,0.0,0.0,1.0,0.0,1.0,24,255,1.0,0.0,0.03,0.0,0.0,0.0,0,65351.0
22,9,272,1309,0,1,18,0.0,0.0,1.0,0.0,0.0,233,255,1.0,0.0,0.01,0.0,0.0,0.0,0,97138.0
22,9,203,434,0,1,1,0.0,0.0,1.0,0.0,0.0,221,255,1.0,0.0,0.02,0.0,0.0,0.0,0,16561.0
22,9,178,3015,0,1,2,0.0,0.0,1.0,0.0,0.0,5,255,1.0,0.0,0.02,0.0,0.0,0.0,0,117278.0
22,9,253,4580,0,1,3,0.33,0.25,1.0,0.0,0.5,255,255,1.0,0.0,0.0,0.01,0.01,0.02,0,64153.0
7,5,0,0,0,0,289,1.0,1.0,0.04,0.05,0.0,255,13,0.05,0.05,0.0,1.0,1.0,0.0,1,118897.0
22,9,237,44673,0,1,5,0.0,0.0,1.0,0.0,0.0,105,255,1.0,0.0,0.03,0.0,0.0,0.0,0,62926.0
22,9,302,4509,0,1,9,0.0,0.0,1.0,0.0,0.0,9,255,1.0,0.0,0.02,0.0,0.0,0.0,0,95701.0
15,1,0,0,0,0,136,0.0,0.0,0.12,0.05,0.0,255,5,0.02,0.06,0.0,0.0,0.0,1.0,1,62067.0
53,5,0,0,0,0,123,1.0,1.0,0.14,0.07,0.0,255,17,0.07,0.06,0.0,1.0,1.0,0.0,1,6493.0
22,1,0,0,0,0,1,0.0,0.0,1.0,0.0,0.0,12,216,1.0,0.0,0.16,0.0,0.0,0.97,0,52781.0
14,9,1480,0,1,0,4,0.0,0.0,1.0,0.0,0.0,255,4,0.02,0.02,0.0,0.0,0.0,0.0,1,114229.0
22,9,269,1283,0,1,1,0.0,0.0,1.0,0.0,0.0,255,232,0.91,0.01,0.0,0.0,0.0,0.0,0,70909.0
45,4,0,0,0,0,1,0.0,0.0,1.0,0.0,0.0,167,1,0.01,0.16,0.0,0.0,0.0,1.0,1,81418.0
14,9,1032,0,0,0,196,0.0,0.0,1.0,0.0,0.0,255,255,1.0,0.0,0.0,0.0,0.0,0.0,1,21850.0
22,9,252,331,0,1,4,0.0,0.0,1.0,0.0,0.33,17,255,1.0,0.0,0.04,0.06,0.01,0.0,0,24558.0
22,9,196,1540,0,1,11,0.0,0.0,1.0,0.0,0.23,11,255,1.0,0.0,0.01,0.0,0.0,0.0,0,34034.0
22,9,297,784,0,1,17,0.0,0.0,1.0,0.0,0.0,105,255,1.0,0.0,0.02,0.0,0.0,0.0,0,23083.0
45,1,0,0,0,0,106,0.0,0.0,0.08,0.06,0.0,255,9,0.04,0.07,0.0,0.0,0.0,1.0,1,23097.0
19,9,2194619,0,0,1,2,0.0,0.0,1.0,0.0,0.0,126,33,0.26,0.06,0.0,0.0,0.0,0.0,0,82820.0
22,9,199,2107,0,1,17,0.0,0.0,1.0,0.0,0.11,100,255,1.0,0.0,0.04,0.0,0.0,0.0,0,63153.0
59,9,181,0,0,0,2,0.0,0.0,0.5,1.0,0.0,255,17,0.07,0.01,0.0,0.0,0.0,0.0,0,71694.0
22,9,310,8924,0,1,2,0.0,0.0,1.0,0.0,0.0,16,255,1.0,0.0,0.04,0.0,0.0,0.0,0,92306.0
49,9,784,333,0,1,1,0.0,0.0,1.0,0.0,1.0,67,213,0.93,0.04,0.01,0.0,0.0,0.0,0,84102.0
49,9,2940,402,0,1,1,0.0,0.0,1.0,0.0,0.0,255,61,0.24,0.05,0.0,0.49,0.0,0.0,0,29306.0
45,1,0,0,0,0,245,0.0,0.0,0.02,0.06,0.0,255,5,0.02,0.06,0.0,0.0,0.0,1.0,1,38285.0
20,1,0,0,0,0,223,0.0,0.0,0.04,0.07,0.0,255,10,0.04,0.08,0.0,0.0,0.0,1.0,1,54876.0
8,2,0,0,0,0,137,0.0,0.0,0.06,0.06,0.0,255,2,0.01,0.07,0.0,0.0,0.0,1.0,1,67439.0
45,1,0,0,0,0,89,0.0,0.0,0.03,0.07,0.0,255,3,0.01,0.06,0.0,0.0,0.0,1.0,1,8182.0
14,9,30,0,0,0,1,0.0,0.0,1.0,0.0,0.0,78,79,1.0,0.0,0.03,0.0,0.0,0.0,0,110800.0
22,9,212,917,0,1,3,0.0,0.0,1.0,0.0,0.5,100,255,1.0,0.0,0.02,0.0,0.0,0.0,0,10764.0
45,5,0,0,0,0,170,1.0,1.0,0.08,0.06,0.0,255,1,0.0,0.07,0.0,1.0,1.0,0.0,1,122166.0
49,9,721,336,0,1,1,0.0,0.0,1.0,0.0,0.0,122,120,0.67,0.02,0.02,0.0,0.0,0.0,0,103326.0
49,9,1056,334,0,1,1,0.0,0.0,1.0,0.0,0.0,61,126,0.61,0.08,0.02,0.0,0.0,0.0,0,24993.0
49,9,1151,337,0,1,1,0.0,0.0,1.0,0.0,1.0,207,132,0.53,0.03,0.02,0.0,0.0,0.0,0,71863.0
22,9,326,600,0,1,8,0.0,0.0,1.0,0.0,0.0,84,255,1.0,0.0,0.04,0.0,0.0,0.0,0,123235.0
22,9,215,293,0,1,12,0.0,0.0,1.0,0.0,0.12,102,255,1.0,0.0,0.04,0.01,0.02,0.0,0,50775.0
13,9,8,0,0,0,1,0.0,0.0,1.0,0.0,1.0,1,79,1.0,0.0,0.51,0.0,0.0,0.0,1,103707.0
22,9,216,292,0,1,11,0.0,0.0,1.0,0.0,0.0,255,255,1.0,0.0,0.0,0.0,0.0,0.0,0,48925.0
62,5,0,0,0,0,277,1.0,1.0,0.07,0.05,0.0,255,19,0.07,0.05,0.0,1.0,1.0,0.0,1,72733.0
45,5,0,0,0,0,18,1.0,1.0,0.06,0.28,0.0,255,16,0.06,0.08,0.0,1.0,1.0,0.0,1,104465.0
14,9,1032,0,0,0,344,0.0,0.0,1.0,0.0,0.0,255,255,1.0,0.0,0.0,0.0,0.0,0.0,1,28941.0
22,9,274,1201,0,1,18,0.0,0.0,1.0,0.0,0.0,19,255,1.0,0.0,0.03,0.0,0.0,0.0,0,82625.0
22,9,316,421,0,1,15,0.0,0.0,1.0,0.0,0.12,255,255,1.0,0.0,0.0,0.0,0.0,0.0,0,100273.0
11,9,44,70,0,0,174,0.0,0.0,1.0,0.0,0.0,255,234,0.92,0.01,0.0,0.0,0.0,0.0,0,110196.0
11,9,35,0,0,0,1,0.0,0.0,1.0,0.0,0.75,56,10,0.18,0.09,0.0,0.0,0.0,0.0,0,69245.0
45,1,0,0,0,0,86,0.0,0.0,0.01,0.08,0.0,255,1,0.0,0.06,0.0,0.0,0.0,1.0,1,9822.0
49,5,0,0,0,0,4,0.25,0.5,0.5,0.5,0.0,49,131,0.29,0.08,0.02,0.02,0.02,0.0,0,15246.0
19,9,641,0,0,0,2,0.0,0.0,1.0,0.0,0.0,255,15,0.06,0.03,0.0,0.0,0.0,0.0,0,18225.0
62,5,0,0,0,0,212,1.0,1.0,0.11,0.05,0.0,255,23,0.09,0.05,0.0,1.0,1.0,0.0,1,40219.0
45,5,0,0,0,0,175,1.0,1.0,0.02,0.07,0.0,255,4,0.02,0.07,0.0,1.0,1.0,0.0,1,91146.0
22,1,0,0,0,0,1,0.0,0.0,1.0,0.0,0.0,55,255,1.0,0.0,0.16,0.0,0.0,0.96,0,10391.0
22,9,269,2753,0,1,20,0.0,0.0,1.0,0.0,0.0,41,255,1.0,0.0,0.02,0.0,0.0,0.0,0,114283.0
45,5,0,0,0,0,131,1.0,1.0,0.11,0.06,0.0,42,7,0.17,0.17,0.0,1.0,1.0,0.0,1,28405.0
13,9,8,0,0,0,1,0.0,0.0,1.0,0.0,1.0,4,200,1.0,0.0,0.25,0.0,0.0,0.0,1,89152.0
22,9,210,180,0,1,21,0.0,0.0,1.0,0.0,0.06,110,255,1.0,0.0,0.01,0.0,0.0,0.0,0,63608.0
45,9,1,0,0,0,13,0.0,0.0,0.69,0.15,0.0,255,9,0.04,0.41,0.0,0.02,0.0,0.0,1,103235.0
19,9,4539,0,0,0,17,0.0,0.0,1.0,0.0,0.0,157,67,0.43,0.03,0.0,0.0,0.0,0.0,0,32500.0
45,4,0,0,0,0,1,0.0,0.0,1.0,0.0,0.0,147,1,0.01,0.34,0.0,0.0,0.0,1.0,1,104202.0
11,9,46,112,0,0,221,0.0,0.0,1.0,0.01,0.0,110,77,0.7,0.02,0.0,0.0,0.0,0.0,0,120356.0
22,1,0,0,0,0,1,0.0,0.0,1.0,0.0,0.0,255,221,0.87,0.01,0.0,0.0,0.0,1.0,0,97490.0
18,5,0,0,0,0,242,1.0,1.0,0.08,0.07,0.0,255,20,0.08,0.07,0.0,1.0,1.0,0.0,1,93343.0
62,5,0,0,0,0,285,1.0,1.0,0.08,0.04,0.0,255,24,0.09,0.05,0.0,1.0,1.0,0.0,1,3080.0
29,5,0,0,0,0,46,1.0,1.0,0.15,0.13,0.0,255,7,0.03,0.09,0.0,1.0,1.0,0.0,1,85262.0
30,5,0,0,0,0,13,1.0,1.0,0.46,0.23,0.0,255,8,0.03,0.09,0.0,1.0,1.0,0.0,1,124697.0
19,9,12,0,0,1,1,0.0,0.0,1.0,0.0,0.0,173,50,0.15,0.03,0.04,0.0,0.02,0.0,0,82853.0
49,9,2481,388,0,1,1,0.0,0.0,1.0,0.0,0.0,15,142,0.47,0.2,0.01,0.0,0.0,0.0,0,43168.0
22,1,0,0,0,0,267,0.0,0.0,0.05,0.07,0.0,255,13,0.05,0.07,0.0,0.0,0.0,1.0,1,13140.0
13,9,8,0,0,0,1,0.0,0.0,1.0,0.0,1.0,2,78,1.0,0.0,0.5,0.0,0.0,0.0,1,43710.0
22,9,209,1320,0,1,5,0.0,0.0,1.0,0.0,0.0,37,255,1.0,0.0,0.03,0.0,0.0,0.0,0,27177.0
45,1,0,0,0,0,263,0.0,0.0,0.07,0.06,0.0,255,18,0.07,0.08,0.0,0.0,0.0,1.0,1,49795.0
14,9,1032,0,0,0,10,0.0,0.0,1.0,0.0,0.0,255,10,0.04,0.02,0.0,0.0,0.0,0.0,1,67593.0
4,5,0,0,0,0,266,1.0,1.0,0.03,0.06,0.0,255,8,0.03,0.07,0.0,1.0,1.0,0.0,1,55428.0
41,4,1,0,0,0,2,0.0,0.0,1.0,0.0,0.0,255,2,0.01,0.73,0.0,0.0,0.0,1.0,1,113156.0
62,1,0,0,0,0,173,0.0,0.0,0.01,0.06,0.0,255,1,0.0,0.08,0.0,0.0,0.0,1.0,1,16393.0
45,5,0,0,0,0,123,1.0,1.0,0.04,0.09,0.0,255,5,0.02,0.07,0.0,1.0,1.0,0.0,1,57882.0
19,9,167,0,0,1,2,0.0,0.0,1.0,0.0,0.0,255,71,0.28,0.04,0.0,0.17,0.0,0.0,0,98167.0
22,9,223,1279,0,1,9,0.0,0.0,1.0,0.0,0.0,52,255,1.0,0.0,0.01,0.0,0.0,0.0,0,93246.0
28,1,0,0,0,0,94,0.0,0.0,0.04,0.09,0.0,255,4,0.02,0.06,0.0,0.0,0.0,1.0,1,33227.0
63,5,0,0,0,0,226,1.0,1.0,0.02,0.07,0.0,255,6,0.02,0.08,0.0,1.0,1.0,0.0,1,104183.0
22,9,255,2450,0,1,6,0.0,0.0,1.0,0.0,0.29,16,255,1.0,0.0,0.04,0.0,0.0,0.0,0,8870.0
45,9,105,0,0,0,2,0.0,0.0,1.0,0.0,0.0,255,117,0.46,0.01,0.0,0.0,0.0,0.0,0,31494.0
22,9,307,290,0,1,19,0.0,0.0,1.0,0.0,0.12,255,255,1.0,0.0,0.0,0.0,0.0,0.0,0,80293.0
31,5,0,0,0,0,114,1.0,1.0,0.04,0.06,0.0,255,17,0.07,0.07,0.0,1.0,1.0,0.0,1,93214.0
11,9,44,138,0,0,91,0.0,0.0,1.0,0.0,0.01,255,255,1.0,0.0,0.0,0.0,0.0,0.0,0,70138.0
22,9,286,622,0,1,26,0.0,0.0,1.0,0.0,0.07,179,255,1.0,0.0,0.01,0.0,0.0,0.0,0,11622.0
45,5,0,0,0,0,150,1.0,1.0,0.05,0.06,0.0,255,7,0.03,0.07,0.0,1.0,1.0,0.0,1,115142.0
22,9,194,622,0,1,9,0.0,0.0,1.0,0.0,0.0,255,255,1.0,0.0,0.0,0.0,0.0,0.0,0,44032.0
22,9,253,4849,0,1,13,0.0,0.0,1.0,0.0,0.0,81,255,1.0,0.0,0.03,0.0,0.0,0.0,0,31316.0
45,4,0,0,0,0,333,0.0,0.0,0.01,0.51,0.0,255,2,0.01,0.51,0.0,0.0,0.0,1.0,1,49597.0
19,9,71,0,0,1,1,0.0,0.04,1.0,0.0,0.08,255,58,0.23,0.02,0.0,0.67,0.79,0.0,0,6103.0
62,5,0,0,0,0,204,1.0,1.0,0.09,0.05,0.0,255,19,0.07,0.05,0.0,1.0,1.0,0.0,1,121099.0
55,9,947,506468,0,1,1,0.0,0.0,1.0,0.0,0.0,147,16,0.11,0.03,0.0,0.0,0.0,0.0,0,78758.0
19,9,246,0,0,1,2,0.0,0.0,1.0,0.0,0.0,2,10,1.0,0.0,0.2,0.0,0.0,0.0,1,39395.0
55,9,2225,35841,0,1,1,0.0,0.0,1.0,0.0,0.0,255,1,0.0,0.02,0.0,0.0,0.0,0.0,0,4915.0
19,9,59,0,0,1,12,0.0,0.0,1.0,0.0,0.0,255,110,0.43,0.02,0.0,0.0,0.0,0.0,0,52534.0
22,9,217,1701,0,1,9,0.0,0.0,1.0,0.0,0.0,56,255,1.0,0.0,0.02,0.0,0.0,0.0,0,75812.0
45,5,0,0,0,0,132,1.0,1.0,0.02,0.08,0.0,255,3,0.01,0.07,0.0,1.0,1.0,0.0,1,78430.0
22,9,215,893,0,1,3,0.0,0.0,1.0,0.0,0.0,255,255,1.0,0.0,0.0,0.0,0.0,0.0,0,110862.0
45,5,0,0,0,0,129,1.0,1.0,0.12,0.06,0.0,255,11,0.04,0.06,0.0,1.0,1.0,0.0,1,10758.0
31,5,0,0,0,0,124,1.0,1.0,0.15,0.06,0.0,255,3,0.01,0.06,0.0,1.0,1.0,0.0,1,116462.0
19,9,192,0,0,1,2,0.0,0.0,1.0,0.0,0.0,189,36,0.19,0.02,0.0,0.0,0.0,0.0,0,35465.0
22,9,326,7161,0,1,1,0.0,0.0,1.0,0.0,0.0,128,255,1.0,0.0,0.01,0.01,0.0,0.0,0,123944.0
11,9,44,110,0,0,41,0.0,0.0,1.0,0.0,0.01,99,200,0.85,0.02,0.01,0.0,0.0,0.0,0,11537.0
22,9,228,496,0,1,17,0.0,0.0,1.0,0.0,0.0,17,178,1.0,0.0,0.09,0.0,0.0,0.0,0,86818.0
35,5,0,0,0,0,189,1.0,1.0,0.04,0.07,0.0,255,8,0.03,0.07,0.0,1.0,1.0,0.0,1,110363.0
54,5,0,0,0,0,297,1.0,1.0,0.06,0.06,0.0,255,18,0.07,0.07,0.0,1.0,1.0,0.0,1,21124.0
11,9,42,42,0,0,5,0.0,0.0,1.0,0.0,0.22,163,161,0.99,0.01,0.0,0.0,0.0,0.0,0,14713.0
23,5,0,0,0,0,140,1.0,1.0,0.14,0.05,0.0,255,20,0.08,0.06,0.0,1.0,1.0,0.0,1,10713.0
45,5,0,0,0,0,172,1.0,1.0,0.03,0.06,0.0,255,15,0.06,0.08,0.0,1.0,1.0,0.0,1,83715.0
41,4,0,0,0,0,1,0.0,0.0,1.0,0.0,0.0,255,1,0.0,0.64,0.0,0.0,0.0,1.0,1,51353.0
22,9,298,702,0,1,18,0.0,0.0,1.0,0.0,0.22,255,255,1.0,0.0,0.0,0.0,0.0,0.0,0,17558.0
22,9,317,406,0,1,15,0.0,0.0,1.0,0.0,0.12,255,255,1.0,0.0,0.0,0.0,0.0,0.0,0,27103.0
22,9,153,7033,0,1,2,0.0,0.0,1.0,0.0,0.19,2,255,1.0,0.0,0.04,0.0,0.0,0.0,0,51138.0
11,9,35,100,0,0,4,0.0,0.0,1.0,0.0,0.0,255,253,0.99,0.01,0.0,0.0,0.0,0.0,0,98872.0
41,9,147,105,0,0,3,0.0,0.0,0.67,0.67,0.0,255,2,0.01,0.63,0.0,0.0,0.0,0.0,0,34892.0
45,5,0,0,0,0,57,1.0,1.0,0.21,0.11,0.0,255,13,0.05,0.08,0.0,1.0,1.0,0.0,1,86396.0
11,9,46,46,0,0,209,0.0,0.0,1.0,0.01,0.0,255,254,1.0,0.01,0.0,0.0,0.0,0.0,0,68297.0
22,9,288,294,0,1,5,0.2,0.2,1.0,0.0,0.0,255,255,1.0,0.0,0.0,0.0,0.0,0.0,0,91572.0
22,9,143,9567,0,1,1,0.0,0.0,1.0,0.0,1.0,3,255,1.0,0.0,0.02,0.0,0.0,0.0,0,108515.0
18,9,1494,4152,0,1,1,0.0,0.0,1.0,0.0,0.0,119,52,0.44,0.04,0.0,0.0,0.0,0.0,0,101178.0
41,9,147,105,0,0,1,0.0,0.0,1.0,0.0,0.0,255,1,0.0,0.84,0.0,0.0,0.0,0.0,0,125675.0
11,9,44,44,0,0,163,0.0,0.0,1.0,0.0,0.0,255,255,1.0,0.0,0.0,0.0,0.0,0.0,0,16181.0
19,9,334,0,0,1,2,0.0,0.0,1.0,0.0,0.0,11,23,1.0,0.0,0.17,0.0,0.0,0.0,1,30182.0
45,5,0,0,0,0,111,1.0,1.0,0.07,0.06,0.0,255,11,0.04,0.07,0.0,1.0,1.0,0.0,1,52372.0
50,5,0,0,0,0,18,1.0,1.0,0.44,0.22,0.0,255,8,0.03,0.08,0.0,1.0,1.0,0.0,1,120074.0
49,9,817,327,0,1,1,0.0,0.0,1.0,0.0,0.0,124,188,0.75,0.03,0.01,0.0,0.0,0.0,0,5366.0
15,5,0,0,0,0,103,1.0,1.0,0.03,0.06,0.0,255,3,0.01,0.06,0.0,1.0,1.0,0.0,1,51163.0
22,9,248,2499,0,1,8,0.0,0.0,1.0,0.0,0.25,255,255,1.0,0.0,0.0,0.0,0.0,0.0,0,46348.0
49,9,11226,1551,0,1,1,0.0,0.0,1.0,0.0,0.0,255,29,0.11,0.02,0.0,0.85,0.0,0.0,0,72121.0
0,4,191,1923,0,0,1,0.0,0.0,1.0,0.0,0.0,5,3,0.6,0.4,0.0,0.0,0.0,1.0,0,34092.0
22,9,251,1745,0,1,5,0.0,0.0,1.0,0.0,0.33,255,252,0.99,0.01,0.0,0.0,0.0,0.0,0,113176.0
53,5,0,0,0,0,87,1.0,1.0,0.07,0.07,0.0,255,6,0.02,0.07,0.0,1.0,1.0,0.0,1,103741.0
63,1,0,0,0,0,8,0.0,0.0,0.12,1.0,0.0,126,1,0.01,0.17,0.0,0.0,0.0,1.0,0,92235.0
19,9,30,0,0,1,1,0.0,0.0,1.0,0.0,0.0,5,42,1.0,0.0,0.12,0.0,0.0,0.0,1,1277.0
49,9,1635,392,0,1,1,0.0,0.0,1.0,0.0,0.0,255,100,0.39,0.23,0.0,0.23,0.0,0.0,0,38410.0
22,9,277,12591,0,1,7,0.0,0.0,1.0,0.0,0.0,7,255,1.0,0.0,0.06,0.0,0.0,0.0,0,48071.0
32,5,0,0,0,0,201,1.0,1.0,0.0,0.06,0.0,255,14,0.05,0.06,0.0,1.0,1.0,0.0,1,83860.0
22,9,238,5234,0,1,1,0.0,0.0,1.0,0.0,0.0,1,121,1.0,0.0,0.09,0.0,0.01,0.0,0,62010.0
18,2,0,0,0,0,241,0.0,0.0,0.01,0.07,0.0,255,2,0.01,0.08,0.0,0.0,0.0,1.0,1,99947.0
63,5,0,0,0,0,233,1.0,1.0,0.06,0.06,0.0,255,15,0.06,0.07,0.0,1.0,1.0,0.0,1,55812.0
61,1,0,0,0,0,300,0.0,0.0,0.07,0.06,0.0,255,20,0.08,0.06,0.0,0.0,0.0,1.0,1,28442.0
49,9,872,329,0,1,1,0.0,0.0,1.0,0.0,1.0,100,119,0.34,0.06,0.02,0.01,0.02,0.0,0,99334.0
11,9,45,81,0,0,137,0.0,0.0,1.0,0.0,0.0,255,254,1.0,0.01,0.0,0.0,0.0,0.0,0,119970.0
49,9,2876,336,0,1,2,0.0,0.0,0.5,1.0,0.0,206,129,0.63,0.03,0.0,0.0,0.01,0.0,0,95635.0
38,5,0,0,0,0,9,1.0,1.0,0.33,0.44,0.0,255,3,0.01,0.09,0.0,1.0,1.0,0.0,1,25452.0
13,9,8,0,0,0,1,0.0,0.0,1.0,0.0,1.0,1,81,1.0,0.0,0.51,0.0,0.0,0.0,1,114082.0
26,5,0,0,0,0,291,1.0,1.0,0.02,0.05,0.0,255,8,0.03,0.07,0.0,1.0,1.0,0.0,1,9453.0
45,5,0,0,0,0,71,1.0,1.0,0.01,0.07,0.0,255,15,0.06,0.05,0.0,1.0,1.0,0.0,1,93383.0
28,1,0,0,0,0,127,0.0,0.0,0.02,0.07,0.0,255,2,0.01,0.07,0.0,0.0,0.0,1.0,1,3577.0
11,9,44,75,0,0,106,0.0,0.0,1.0,0.0,0.02,255,254,1.0,0.01,0.0,0.0,0.0,0.0,0,36083.0
13,9,8,0,0,0,1,0.0,0.0,1.0,0.0,1.0,2,24,1.0,0.0,0.54,0.0,0.0,0.0,1,48080.0
22,9,354,2085,0,1,7,0.0,0.0,1.0,0.0,0.3,139,255,1.0,0.0,0.05,0.0,0.0,0.0,0,14934.0
45,5,0,0,0,0,225,1.0,1.0,0.07,0.06,0.0,255,11,0.04,0.06,0.0,1.0,1.0,0.0,1,93272.0
22,9,201,1803,0,1,16,0.0,0.0,1.0,0.0,0.0,16,255,1.0,0.0,0.03,0.0,0.0,0.0,0,92007.0
19,9,192,0,0,1,2,0.0,0.0,1.0,0.0,0.0,73,33,0.38,0.04,0.06,0.0,0.0,0.0,0,59051.0
45,5,0,0,0,0,104,1.0,1.0,0.02,0.07,0.0,5,2,0.4,0.6,0.0,1.0,1.0,0.0,1,98675.0
3,5,0,0,0,0,121,1.0,1.0,0.05,0.07,0.0,255,5,0.02,0.07,0.0,1.0,1.0,0.0,1,95744.0
22,9,309,306,0,1,1,0.0,0.0,1.0,0.0,0.0,66,255,1.0,0.0,0.02,0.0,0.0,0.0,0,101.0
55,9,353,18600,0,1,1,0.0,0.0,1.0,0.0,0.0,255,1,0.0,0.37,0.0,0.0,0.0,0.0,0,48702.0
11,9,46,141,0,0,166,0.0,0.0,1.0,0.0,0.0,91,52,0.57,0.03,0.0,0.0,0.0,0.0,0,18334.0
26,5,0,0,0,0,234,1.0,1.0,0.05,0.06,0.0,255,11,0.04,0.07,0.0,1.0,1.0,0.0,1,105043.0
45,5,0,0,0,0,183,1.0,1.0,0.06,0.07,0.0,255,19,0.07,0.07,0.0,1.0,1.0,0.0,1,34723.0
22,9,329,12047,0,1,1,0.0,0.0,1.0,0.0,0.5,4,255,1.0,0.0,0.02,0.0,0.0,0.0,0,8561.0
2,1,0,0,0,0,264,0.0,0.0,0.02,0.06,0.0,255,4,0.02,0.07,0.0,0.0,0.0,1.0,1,65530.0
45,5,0,0,0,0,204,1.0,1.0,0.01,0.05,0.0,255,2,0.01,0.07,0.0,1.0,1.0,0.0,1,92714.0
59,9,182,0,0,0,2,0.0,0.0,0.5,1.0,0.0,255,30,0.12,0.01,0.0,0.0,0.0,0.0,0,63025.0
45,5,0,0,0,0,206,1.0,1.0,0.05,0.06,0.0,255,13,0.05,0.07,0.0,1.0,1.0,0.0,1,24207.0
22,9,224,24698,0,1,9,0.0,0.0,1.0,0.0,0.0,255,255,1.0,0.0,0.0,0.0,0.0,0.0,0,28110.0
11,9,44,44,0,0,194,0.0,0.0,1.0,0.0,0.0,255,255,1.0,0.0,0.0,0.0,0.0,0.0,0,59495.0
13,9,8,0,0,0,1,0.0,0.0,1.0,0.0,1.0,2,126,1.0,0.0,0.25,0.0,0.0,0.0,1,98256.0
19,5,0,0,0,0,35,1.0,1.0,0.43,0.06,0.0,255,55,0.22,0.04,0.0,1.0,1.0,0.0,1,112934.0
49,9,816,327,0,1,1,0.0,0.0,1.0,0.0,0.0,15,158,0.93,0.13,0.02,0.0,0.0,0.0,0,4148.0
45,5,0,0,0,0,239,1.0,1.0,0.08,0.05,0.0,255,3,0.01,0.08,0.0,1.0,1.0,0.0,1,8872.0
22,9,341,2499,0,1,39,0.0,0.0,1.0,0.0,0.0,72,255,1.0,0.0,0.03,0.0,0.0,0.0,0,104985.0
23,1,0,0,0,0,147,0.0,0.0,0.04,0.06,0.0,255,6,0.02,0.06,0.0,0.0,0.0,1.0,1,75044.0
22,9,418,6726,0,1,5,0.0,0.0,1.0,0.0,0.0,89,245,1.0,0.0,0.17,0.0,0.0,0.69,0,21800.0
14,9,1032,0,0,0,510,0.0,0.0,1.0,0.0,0.0,255,241,0.95,0.02,0.0,0.0,0.0,0.0,1,80250.0
45,5,0,0,0,0,267,1.0,1.0,0.06,0.06,0.0,255,6,0.02,0.07,0.0,1.0,1.0,0.0,1,62243.0
7,5,0,0,0,0,237,1.0,1.0,0.07,0.06,0.0,255,16,0.06,0.06,0.0,1.0,1.0,0.0,1,39246.0
13,9,8,0,0,0,1,0.0,0.0,1.0,0.0,1.0,2,255,1.0,0.0,0.5,0.0,0.0,0.0,1,68400.0
7,5,0,0,0,0,276,1.0,1.0,0.05,0.07,0.0,255,14,0.05,0.09,0.0,1.0,1.0,0.0,1,19835.0
62,5,0,0,0,0,107,1.0,1.0,0.15,0.06,0.0,255,15,0.06,0.07,0.0,1.0,1.0,0.0,1,38180.0
10,5,0,0,0,0,209,1.0,1.0,0.09,0.06,0.0,255,19,0.07,0.05,0.0,1.0,1.0,0.0,1,39802.0
18,9,293,903,0,1,1,0.0,0.0,1.0,0.0,0.0,1,1,1.0,0.0,0.0,0.0,0.0,0.0,0,110078.0
19,9,61298,0,0,1,11,0.0,0.0,1.0,0.0,0.0,255,84,0.33,0.1,0.0,0.02,0.02,0.0,0,91053.0
45,10,0,0,0,0,1,1.0,1.0,1.0,0.0,0.0,196,1,0.01,0.95,0.0,0.96,1.0,0.0,1,99616.0
45,5,0,0,0,0,122,1.0,1.0,0.14,0.06,0.0,255,12,0.05,0.08,0.0,1.0,1.0,0.0,1,82384.0
41,9,146,105,0,0,1,0.0,0.0,1.0,0.0,0.0,255,2,0.01,0.53,0.0,0.0,0.0,0.0,0,117205.0
22,9,217,23622,0,1,8,0.0,0.0,1.0,0.0,0.0,8,255,1.0,0.0,0.04,0.0,0.0,0.0,0,16632.0
45,5,0,0,0,0,103,1.0,1.0,0.16,0.05,0.0,255,16,0.06,0.04,0.0,1.0,1.0,0.0,1,45579.0
49,9,1287,366,0,1,1,0.0,0.0,1.0,0.0,0.0,8,239,1.0,0.0,0.02,0.0,0.0,0.0,0,23158.0
14,9,1032,0,0,0,511,0.0,0.0,1.0,0.0,0.0,255,209,0.82,0.01,0.0,0.0,0.0,0.0,1,121232.0
2,1,0,0,0,0,261,0.0,0.0,0.01,0.07,0.0,255,3,0.01,0.07,0.0,0.0,0.0,1.0,1,106255.0
11,9,91,0,0,0,1,0.0,0.0,1.0,0.0,0.0,103,79,0.77,0.02,0.0,0.0,0.0,0.0,0,123122.0
11,9,44,44,0,0,239,0.0,0.0,1.0,0.0,0.0,255,255,1.0,0.0,0.0,0.0,0.0,0.0,0,64723.0
19,9,2881,0,0,0,8,0.0,0.0,0.88,0.25,0.0,26,89,0.73,0.15,0.02,0.04,0.0,0.0,0,103757.0
22,9,336,27988,0,1,2,0.0,0.0,1.0,0.0,0.67,79,255,1.0,0.0,0.03,0.0,0.0,0.0,0,117794.0
22,9,165,22064,0,1,1,0.0,0.0,1.0,0.0,1.0,65,255,1.0,0.0,0.05,0.0,0.0,0.0,0,106097.0
9,5,0,0,0,0,140,1.0,1.0,0.14,0.04,0.0,255,9,0.04,0.06,0.0,1.0,1.0,0.0,1,93772.0
45,5,0,0,0,0,209,1.0,1.0,0.09,0.06,0.0,255,20,0.08,0.08,0.0,1.0,1.0,0.0,1,13846.0
11,9,46,157,0,0,79,0.0,0.0,0.99,0.03,0.01,255,244,0.96,0.01,0.0,0.0,0.0,0.0,0,44309.0
22,5,0,0,0,0,282,1.0,1.0,0.01,0.06,0.0,255,2,0.01,0.07,0.0,1.0,1.0,0.0,1,85628.0
62,5,0,0,0,0,248,1.0,1.0,0.06,0.06,0.0,255,7,0.03,0.09,0.0,1.0,1.0,0.0,1,101529.0
22,9,341,1507,0,1,14,0.0,0.0,1.0,0.0,0.15,178,255,1.0,0.0,0.03,0.0,0.0,0.0,0,104129.0
14,9,1032,0,0,0,423,0.0,0.0,1.0,0.0,0.0,255,255,1.0,0.0,0.0,0.0,0.0,0.0,1,4750.0
16,2,0,0,0,0,100,0.0,0.0,0.07,0.07,0.0,255,7,0.03,0.06,0.0,0.0,0.0,1.0,1,25187.0
49,9,1352,332,0,1,1,0.0,0.0,1.0,0.0,0.0,103,136,0.53,0.02,0.01,0.0,0.0,0.0,0,52830.0
45,5,0,0,0,0,108,1.0,1.0,0.03,0.06,0.0,255,18,0.07,0.06,0.0,1.0,1.0,0.0,1,87474.0
49,9,1330,331,0,1,1,0.0,0.0,1.0,0.0,1.0,71,137,0.38,0.07,0.02,0.0,0.0,0.0,0,115763.0
11,9,42,76,0,0,24,0.0,0.0,1.0,0.0,0.0,255,253,0.99,0.01,0.0,0.0,0.0,0.0,0,96383.0
2,5,0,0,0,0,248,1.0,1.0,0.09,0.05,0.0,255,22,0.09,0.06,0.0,1.0,1.0,0.0,1,50435.0
25,5,0,0,0,0,238,1.0,1.0,0.01,0.07,0.0,255,2,0.01,0.07,0.0,1.0,1.0,0.0,1,19288.0
11,9,44,44,0,0,92,0.0,0.0,1.0,0.0,0.01,255,255,1.0,0.0,0.0,0.0,0.0,0.0,0,118304.0
45,9,1,0,0,0,18,0.0,0.0,0.17,0.22,0.0,255,47,0.18,0.29,0.0,0.0,0.0,0.0,1,39746.0
27,5,0,0,0,0,130,1.0,1.0,0.15,0.06,0.0,255,20,0.08,0.06,0.0,1.0,1.0,0.0,1,15574.0
22,9,284,2280,0,1,33,0.0,0.0,1.0,0.0,0.06,105,255,1.0,0.0,0.02,0.0,0.0,0.0,0,7583.0
45,9,28,0,3,0,79,0.0,0.0,1.0,0.0,0.0,255,46,0.18,0.01,0.0,0.0,0.0,0.0,1,72486.0
13,9,8,0,0,0,1,0.0,0.0,1.0,0.0,1.0,1,255,1.0,0.0,0.25,0.0,0.0,0.0,1,117124.0
11,9,42,42,0,0,12,0.0,0.0,1.0,0.0,0.18,255,255,1.0,0.0,0.0,0.0,0.0,0.0,0,28633.0
22,9,213,998,0,1,13,0.0,0.0,1.0,0.0,0.0,255,255,1.0,0.0,0.0,0.0,0.0,0.0,0,8323.0
45,5,0,0,0,0,264,1.0,1.0,0.04,0.06,0.0,255,25,0.1,0.06,0.0,1.0,1.0,0.0,1,58383.0
22,1,0,0,0,0,1,0.0,0.0,1.0,0.0,0.0,73,54,0.74,0.03,0.0,0.0,0.0,1.0,0,92813.0
17,9,10,139,0,0,1,0.0,0.0,1.0,0.0,0.0,126,5,0.04,0.03,0.0,0.0,0.0,0.0,0,543.0
43,9,38,130,0,1,3,0.0,0.0,0.33,1.0,0.0,182,4,0.02,0.04,0.5,0.0,0.0,0.0,0,50769.0
22,9,289,504,0,1,11,0.0,0.0,1.0,0.0,0.0,66,255,1.0,0.0,0.03,0.0,0.0,0.0,0,80721.0
22,1,0,0,0,0,1,0.0,0.0,1.0,0.0,1.0,103,255,1.0,0.0,0.13,0.0,0.0,1.0,0,14356.0
22,9,256,6343,0,1,1,0.0,0.0,1.0,0.0,0.24,73,255,1.0,0.0,0.02,0.0,0.0,0.0,0,44014.0
22,9,269,9317,0,1,6,0.0,0.0,1.0,0.0,0.0,25,255,1.0,0.0,0.05,0.0,0.0,0.0,0,23585.0
22,9,213,3051,0,1,1,0.0,0.0,1.0,0.0,0.07,3,255,1.0,0.0,0.02,0.0,0.0,0.0,0,11280.0
45,5,0,0,0,0,240,1.0,1.0,0.0,0.06,0.0,255,2,0.01,0.07,0.0,1.0,1.0,0.0,1,107389.0
14,9,1032,0,0,0,511,0.0,0.0,1.0,0.0,0.0,241,147,0.61,0.03,0.0,0.01,0.0,0.0,1,43147.0
45,5,0,0,0,0,201,1.0,1.0,0.03,0.06,0.0,255,6,0.02,0.08,0.0,1.0,1.0,0.0,1,123645.0
41,9,147,0,0,0,5,0.0,0.0,0.2,0.6,0.0,255,1,0.0,0.37,0.0,0.0,0.0,0.0,0,117819.0
45,9,28,0,3,0,52,0.0,0.0,1.0,0.0,0.0,255,19,0.07,0.01,0.0,0.0,0.0,0.0,1,125333.0
19,9,3468,0,0,0,24,0.0,0.0,1.0,0.0,0.0,216,78,0.36,0.03,0.0,0.0,0.0,0.0,0,124504.0
55,6,437,46777,0,1,1,1.0,1.0,1.0,0.0,0.0,90,10,0.11,0.06,0.0,0.03,0.3,0.0,0,74650.0
22,9,288,3353,0,1,17,0.0,0.0,1.0,0.0,0.11,255,255,1.0,0.0,0.0,0.0,0.0,0.0,0,118834.0
13,9,8,0,0,0,1,0.0,0.0,1.0,0.0,1.0,2,129,1.0,0.0,0.5,0.0,0.0,0.0,1,20336.0
22,9,230,7943,0,1,10,0.0,0.0,1.0,0.0,0.18,255,255,1.0,0.0,0.0,0.0,0.0,0.0,0,76941.0
55,9,102,1442,0,0,1,0.0,0.0,1.0,0.0,0.0,28,1,0.04,0.18,0.0,0.0,0.0,0.0,0,1690.0
45,5,0,0,0,0,286,1.0,1.0,0.06,0.06,0.0,255,5,0.02,0.08,0.0,1.0,1.0,0.0,1,44985.0
19,9,201,0,0,1,1,0.0,0.0,1.0,0.0,0.0,174,53,0.3,0.03,0.0,0.0,0.0,0.0,0,43345.0
45,1,0,0,0,0,117,0.0,0.0,0.13,0.07,0.0,255,12,0.05,0.09,0.0,0.0,0.0,1.0,1,36501.0
22,9,208,6078,0,1,8,0.0,0.0,1.0,0.0,0.0,8,255,1.0,0.0,0.04,0.0,0.0,0.0,0,88957.0
13,9,18,0,0,0,1,0.0,0.0,1.0,0.0,0.0,3,15,1.0,0.0,0.27,0.0,0.0,0.0,1,52628.0
55,5,0,0,0,0,2,1.0,1.0,0.5,1.0,0.0,255,61,0.24,0.02,0.0,1.0,1.0,0.0,1,114253.0
22,1,0,0,0,0,1,0.0,0.0,1.0,0.0,0.0,13,133,1.0,0.0,0.2,0.0,0.0,1.0,0,65411.0
45,5,0,0,0,0,154,0.85,1.0,0.13,0.05,0.0,255,1,0.0,0.05,0.0,1.0,1.0,0.0,1,86427.0
45,5,0,0,0,0,41,1.0,1.0,0.49,0.07,0.0,255,20,0.08,0.07,0.0,1.0,1.0,0.0,1,7475.0
22,9,209,784,0,1,4,0.0,0.0,1.0,0.0,0.4,255,255,1.0,0.0,0.0,0.0,0.0,0.0,0,29035.0
19,9,334,0,0,1,2,0.0,0.0,1.0,0.0,0.0,226,87,0.37,0.02,0.02,0.0,0.0,0.0,0,20764.0
57,9,0,4,0,0,1,0.0,0.0,1.0,0.0,0.0,5,5,1.0,0.0,0.0,0.0,0.0,0.0,1,82693.0
45,9,1,0,0,0,10,0.0,0.0,0.6,0.2,0.0,255,6,0.02,0.86,0.0,0.03,0.0,0.0,1,9921.0
11,9,46,132,0,0,207,0.0,0.0,1.0,0.01,0.01,209,170,0.81,0.01,0.0,0.0,0.0,0.0,0,34067.0
49,9,3069,639,0,1,1,0.0,0.0,1.0,0.0,1.0,203,144,0.5,0.01,0.01,0.99,0.69,0.0,0,107842.0
11,9,36,0,0,0,5,0.0,0.0,1.0,0.0,0.0,18,79,1.0,0.0,0.03,0.0,0.0,0.0,0,116409.0
22,9,221,508,0,1,16,0.0,0.0,1.0,0.0,0.12,16,255,1.0,0.0,0.03,0.0,0.0,0.0,0,111662.0
45,5,0,0,0,0,121,1.0,1.0,0.04,0.06,0.0,255,7,0.03,0.07,0.0,1.0,1.0,0.0,1,20956.0
22,9,223,685,0,1,3,0.0,0.0,1.0,0.0,0.0,128,255,1.0,0.0,0.03,0.0,0.0,0.01,0,85825.0
2,1,0,0,0,0,104,0.0,0.0,0.04,0.07,0.0,255,4,0.02,0.07,0.0,0.0,0.0,1.0,1,18041.0
45,9,105,147,0,0,1,0.0,0.0,1.0,0.0,0.0,248,246,0.99,0.01,0.0,0.0,0.0,0.0,0,111056.0
41,1,0,0,0,0,404,0.09,0.0,0.0,1.0,0.0,255,1,0.0,1.0,0.0,0.11,0.0,1.0,1,29402.0
22,9,267,606,0,1,2,0.5,0.33,1.0,0.0,0.67,255,255,1.0,0.0,0.0,0.0,0.0,0.0,0,74541.0
22,9,211,2283,0,1,24,0.0,0.0,1.0,0.0,0.0,255,255,1.0,0.0,0.0,0.0,0.0,0.0,0,46298.0
45,9,105,145,0,0,7,0.0,0.0,0.14,0.29,0.0,255,229,0.9,0.01,0.0,0.0,0.0,0.0,0,14627.0
11,9,45,74,0,0,274,0.0,0.0,1.0,0.0,0.0,255,242,0.95,0.01,0.0,0.0,0.0,0.0,0,109804.0
22,9,223,1966,0,1,10,0.0,0.0,1.0,0.0,0.0,10,255,1.0,0.0,0.06,0.0,0.0,0.0,0,121238.0
41,9,147,105,0,0,1,0.0,0.0,1.0,0.0,0.0,255,1,0.0,0.73,0.0,0.0,0.0,0.0,0,122265.0
13,9,8,0,0,0,1,0.0,0.0,1.0,0.0,1.0,1,86,1.0,0.0,0.51,0.0,0.0,0.0,1,98714.0
22,9,250,1206,0,1,12,0.0,0.0,1.0,0.0,0.18,255,255,1.0,0.0,0.0,0.0,0.0,0.0,0,33770.0
41,9,147,105,0,0,2,0.0,0.0,1.0,0.0,0.0,255,2,0.01,0.57,0.0,0.0,0.0,0.0,0,91353.0
55,9,39,121,0,0,4,0.0,0.0,0.25,1.0,0.0,255,2,0.01,0.03,0.0,0.0,0.0,0.0,1,53766.0
19,9,74,0,0,1,1,0.0,0.0,1.0,0.0,0.0,121,46,0.14,0.05,0.04,0.01,0.0,0.0,0,44380.0
45,9,1,0,0,0,30,0.0,0.0,0.13,0.1,0.0,255,47,0.18,0.22,0.0,0.0,0.0,0.0,1,33512.0
22,9,329,332,0,1,3,0.0,0.0,1.0,0.0,0.16,255,255,1.0,0.0,0.0,0.0,0.0,0.0,0,42923.0
22,9,222,2486,0,1,29,0.0,0.0,1.0,0.0,0.0,255,255,1.0,0.0,0.0,0.0,0.0,0.0,0,44794.0
22,9,290,511,0,1,19,0.0,0.0,1.0,0.0,0.14,107,231,1.0,0.0,0.02,0.0,0.0,0.0,0,124295.0
45,5,0,0,0,0,297,1.0,1.0,0.06,0.06,0.0,255,14,0.05,0.07,0.0,1.0,1.0,0.0,1,63970.0
22,9,193,2859,0,1,22,0.0,0.0,1.0,0.0,0.0,51,255,1.0,0.0,0.03,0.0,0.0,0.0,0,46209.0
13,9,8,0,0,0,1,0.0,0.0,1.0,0.0,0.0,2,2,1.0,0.0,0.0,0.0,0.0,0.0,1,21231.0
22,9,300,3218,0,1,24,0.0,0.0,1.0,0.0,0.0,255,255,1.0,0.0,0.0,0.0,0.0,0.0,0,98297.0
41,4,1,0,0,0,2,0.0,0.0,1.0,0.0,0.0,255,2,0.01,0.68,0.0,0.0,0.0,1.0,1,118964.0
22,9,54540,8314,0,1,1,0.0,0.0,1.0,0.0,0.0,169,169,1.0,0.0,0.0,0.0,0.0,0.01,1,4295.0
49,6,23,85,0,1,1,1.0,1.0,1.0,0.0,0.0,229,182,0.69,0.01,0.01,0.0,0.01,0.0,0,33984.0
45,9,105,147,0,0,11,0.0,0.0,0.18,0.18,0.0,255,238,0.93,0.01,0.0,0.0,0.0,0.0,0,69085.0
45,5,0,0,0,0,287,1.0,1.0,0.05,0.06,0.0,255,8,0.03,0.09,0.0,1.0,1.0,0.0,1,100376.0
22,9,232,1075,0,1,7,0.0,0.0,1.0,0.0,0.0,255,253,0.99,0.01,0.0,0.0,0.0,0.0,0,35243.0
2,5,0,0,0,0,251,1.0,1.0,0.05,0.06,0.0,255,12,0.05,0.07,0.0,1.0,1.0,0.0,1,88185.0
45,9,207,0,0,0,2,0.0,0.0,1.0,0.0,0.0,66,58,0.88,0.03,0.0,0.0,0.0,0.0,1,76991.0
22,9,302,2281,0,1,3,0.0,0.0,1.0,0.0,0.0,3,255,1.0,0.0,0.04,0.0,0.0,0.0,0,89173.0
22,9,216,3166,0,1,9,0.0,0.0,1.0,0.0,0.18,255,255,1.0,0.0,0.0,0.0,0.0,0.0,0,40294.0
45,4,0,0,0,0,1,0.0,0.0,1.0,0.0,0.0,255,1,0.0,0.98,0.0,0.0,0.0,1.0,1,104672.0
22,9,197,293,0,1,2,0.0,0.0,1.0,0.0,0.67,255,255,1.0,0.0,0.0,0.0,0.0,0.0,0,19945.0
11,9,43,69,0,0,255,0.0,0.0,1.0,0.01,0.0,255,254,1.0,0.01,0.0,0.0,0.0,0.0,0,106187.0
57,9,0,4,0,0,1,0.0,0.0,1.0,0.0,0.0,18,2,0.06,1.0,1.0,0.0,0.0,0.0,1,103742.0
45,5,0,0,0,0,101,1.0,1.0,0.01,0.07,0.0,255,2,0.01,0.05,0.0,1.0,1.0,0.0,1,114846.0
25,1,0,0,0,0,282,0.0,0.0,0.06,0.06,0.0,255,18,0.07,0.07,0.0,0.0,0.0,1.0,1,113601.0
22,9,219,437,0,1,2,0.0,0.0,1.0,0.0,0.0,228,255,1.0,0.0,0.02,0.0,0.0,0.0,0,105704.0
22,9,311,1471,0,1,7,0.0,0.0,1.0,0.0,0.0,255,255,1.0,0.0,0.0,0.0,0.0,0.0,0,91691.0
41,4,0,0,0,0,2,0.0,0.0,1.0,0.0,0.0,255,2,0.01,0.68,0.0,0.0,0.0,1.0,1,91046.0
45,5,0,0,0,0,267,1.0,1.0,0.06,0.06,0.0,255,20,0.08,0.06,0.0,1.0,1.0,0.0,1,6746.0
22,9,305,2239,0,1,2,0.0,0.0,1.0,0.0,0.0,255,249,0.98,0.01,0.0,0.0,0.0,0.0,0,39677.0
22,9,320,2874,0,1,11,0.0,0.0,1.0,0.0,0.0,177,255,1.0,0.0,0.02,0.0,0.0,0.0,0,32853.0
22,9,197,1410,0,1,2,0.0,0.0,1.0,0.0,0.12,255,255,1.0,0.0,0.0,0.0,0.0,0.0,0,4335.0
45,9,1,1,0,0,5,0.0,0.0,0.4,0.4,0.0,255,2,0.01,0.99,0.0,0.2,0.0,0.0,1,74295.0
22,9,205,6692,0,1,1,0.0,0.0,1.0,0.0,0.0,255,255,1.0,0.0,0.0,0.0,0.0,0.0,0,90915.0
49,9,1029,326,0,1,1,0.0,0.0,1.0,0.0,1.0,135,136,0.65,0.03,0.02,0.0,0.0,0.0,0,11727.0
22,9,310,803,0,1,7,0.0,0.0,1.0,0.0,0.0,255,255,1.0,0.0,0.0,0.0,0.0,0.0,0,114819.0
45,9,207,0,0,0,2,0.0,0.0,1.0,0.0,0.0,172,148,0.86,0.01,0.0,0.0,0.0,0.0,1,62637.0
22,9,323,1119,0,1,19,0.0,0.0,1.0,0.0,0.1,67,255,1.0,0.0,0.03,0.0,0.0,0.0,0,22916.0
14,9,1032,0,0,0,510,0.0,0.0,1.0,0.0,0.0,255,138,0.54,0.17,0.0,0.0,0.0,0.0,1,121834.0
22,9,229,1702,0,1,34,0.0,0.0,1.0,0.0,0.0,142,255,1.0,0.0,0.03,0.0,0.0,0.0,0,39642.0
45,5,0,0,0,0,218,1.0,1.0,0.06,0.06,0.0,255,12,0.05,0.08,0.0,1.0,1.0,0.0,1,86623.0
11,9,45,120,0,0,38,0.0,0.0,1.0,0.0,0.05,255,255,1.0,0.0,0.0,0.0,0.0,0.0,0,88276.0
22,9,192,933,0,1,1,0.0,0.0,1.0,0.0,0.11,255,255,1.0,0.0,0.0,0.0,0.0,0.0,0,65013.0
49,9,1736,328,0,1,1,0.0,0.0,1.0,0.0,0.0,212,114,0.54,0.02,0.0,0.0,0.0,0.0,0,39923.0
22,9,296,431,0,1,2,0.0,0.0,1.0,0.0,0.29,255,255,1.0,0.0,0.0,0.0,0.0,0.0,0,26035.0
11,9,34,34,0,0,1,0.0,0.0,1.0,0.0,0.8,88,42,0.48,0.03,0.0,0.0,0.0,0.0,0,2235.0
20,5,0,0,0,0,252,1.0,1.0,0.04,0.06,0.0,255,11,0.04,0.07,0.0,1.0,1.0,0.0,1,84083.0
45,5,0,0,0,0,195,1.0,1.0,0.04,0.06,0.0,255,20,0.08,0.06,0.0,1.0,1.0,0.0,1,56252.0
53,1,0,0,0,0,138,0.0,0.0,0.06,0.06,0.0,255,3,0.01,0.07,0.0,0.0,0.0,1.0,1,26976.0
11,9,44,145,0,0,123,0.0,0.0,1.0,0.0,0.01,255,254,1.0,0.01,0.0,0.0,0.0,0.0,0,64924.0
19,5,0,0,0,0,66,1.0,1.0,0.21,0.06,0.0,255,52,0.2,0.04,0.0,1.0,1.0,0.0,1,88090.0
19,5,0,0,0,0,25,1.0,1.0,0.2,0.08,0.0,255,5,0.02,0.07,0.0,1.0,1.0,0.0,1,114244.0
22,9,54540,8314,0,1,4,0.0,0.0,1.0,0.0,0.0,255,255,1.0,0.0,0.0,0.0,0.0,0.03,1,5563.0
15,5,0,0,0,0,128,1.0,1.0,0.16,0.05,0.0,255,20,0.08,0.07,0.0,1.0,1.0,0.0,1,24753.0
11,9,36,0,0,0,12,0.0,0.0,1.0,0.0,0.0,38,142,1.0,0.0,0.01,0.0,0.0,0.0,0,116580.0
22,9,346,1969,0,1,25,0.0,0.0,1.0,0.0,0.0,255,255,1.0,0.0,0.0,0.0,0.0,0.0,0,122521.0
22,7,211,24573,0,1,2,0.5,0.5,1.0,0.0,0.0,124,255,1.0,0.0,0.01,0.01,0.0,0.03,0,38266.0
19,5,0,0,0,0,65,1.0,1.0,0.25,0.06,0.0,147,64,0.24,0.03,0.03,0.99,0.56,0.0,1,53385.0
45,5,0,0,0,0,225,1.0,1.0,0.06,0.07,0.0,255,27,0.11,0.07,0.0,1.0,1.0,0.0,1,99325.0
16,5,0,0,0,0,147,1.0,1.0,0.16,0.05,0.0,255,23,0.09,0.05,0.0,1.0,1.0,0.0,1,66111.0
22,9,198,181,0,1,7,0.0,0.0,1.0,0.0,0.18,255,255,1.0,0.0,0.0,0.0,0.0,0.0,0,3201.0
55,9,2375,163542,0,1,83,0.99,0.0,0.01,0.08,0.0,255,36,0.14,0.06,0.0,0.58,0.31,0.11,0,77902.0
19,9,884,0,0,0,2,0.0,0.0,1.0,0.0,0.0,50,6,0.12,0.08,0.0,0.0,0.0,0.0,0,88839.0
22,9,208,278,0,1,4,0.0,0.0,1.0,0.0,0.4,25,255,1.0,0.0,0.04,0.0,0.0,0.0,0,75838.0
8,5,0,0,0,0,230,1.0,1.0,0.07,0.06,0.0,255,15,0.06,0.08,0.0,1.0,1.0,0.0,1,45927.0
22,9,236,7610,0,1,14,0.0,0.0,1.0,0.0,0.13,35,255,1.0,0.0,0.04,0.0,0.0,0.01,0,6529.0
54,5,0,0,0,0,298,1.0,1.0,0.06,0.06,0.0,255,19,0.07,0.07,0.0,1.0,1.0,0.0,1,99952.0
22,9,215,4896,0,1,1,0.0,0.0,1.0,0.0,0.07,152,255,1.0,0.0,0.02,0.0,0.0,0.0,0,42146.0
11,9,43,126,0,0,198,0.0,0.0,0.99,0.01,0.01,200,161,0.81,0.01,0.0,0.0,0.0,0.0,0,10108.0
49,9,2168,402,0,1,1,0.0,0.0,1.0,0.0,0.0,255,15,0.06,0.02,0.0,0.94,0.0,0.0,0,26379.0
61,5,0,0,0,0,298,1.0,1.0,0.07,0.05,0.0,255,20,0.08,0.07,0.0,1.0,1.0,0.0,1,110327.0
25,5,0,0,0,0,228,1.0,1.0,0.04,0.06,0.0,255,20,0.08,0.07,0.0,1.0,1.0,0.0,1,14401.0
22,1,0,0,0,0,1,0.0,0.0,1.0,0.0,1.0,27,161,1.0,0.0,0.03,0.0,0.0,1.0,0,69113.0
45,5,0,0,0,0,137,1.0,1.0,0.15,0.06,0.0,255,17,0.07,0.08,0.0,1.0,1.0,0.0,1,63110.0
14,9,1480,0,1,0,1,0.0,0.0,1.0,0.0,0.67,1,33,1.0,0.0,0.52,0.0,0.0,0.0,1,45668.0
45,5,0,0,0,0,134,1.0,1.0,0.1,0.06,0.0,255,14,0.05,0.05,0.0,1.0,1.0,0.0,1,56993.0
14,9,1032,0,0,0,158,0.0,0.0,1.0,0.0,0.0,255,255,1.0,0.0,0.0,0.0,0.0,0.0,1,20278.0
31,5,0,0,0,0,75,1.0,1.0,0.05,0.08,0.0,255,4,0.02,0.06,0.0,1.0,1.0,0.0,1,36862.0
18,5,0,0,0,0,46,1.0,1.0,0.09,0.13,0.0,255,4,0.02,0.09,0.0,1.0,1.0,0.0,1,80263.0
49,9,993,334,0,1,1,0.0,0.0,1.0,0.0,1.0,6,166,0.83,0.33,0.02,0.0,0.0,0.0,0,121667.0
22,9,324,2178,0,1,1,0.0,0.0,1.0,0.0,1.0,38,255,1.0,0.0,0.07,0.03,0.01,0.0,0,9503.0
3,9,9,35,0,1,2,0.0,0.0,0.5,1.0,0.0,75,6,0.08,0.07,0.0,0.0,0.0,0.0,0,52833.0
45,1,0,0,0,0,153,0.04,0.0,0.01,0.99,0.0,255,1,0.0,0.61,0.0,0.02,0.0,1.0,1,36218.0
22,9,205,396,0,1,29,0.0,0.0,1.0,0.0,0.1,255,255,1.0,0.0,0.0,0.0,0.0,0.0,0,78660.0
0,4,1431,8588,0,0,2,0.0,0.0,0.5,1.0,0.0,59,22,0.37,0.03,0.0,0.0,0.0,0.5,0,114188.0
45,9,28,0,1,0,1,0.0,0.0,1.0,0.0,0.0,214,1,0.0,0.76,0.0,0.03,0.0,0.0,1,105855.0
45,1,0,0,0,0,2,0.0,0.0,0.5,1.0,0.0,255,1,0.0,0.4,0.0,0.0,0.0,1.0,1,57099.0
45,5,0,0,0,0,95,1.0,1.0,0.02,0.06,0.0,255,20,0.08,0.06,0.0,1.0,1.0,0.0,1,47357.0
12,5,0,0,0,0,241,1.0,1.0,0.02,0.06,0.0,255,4,0.02,0.07,0.0,1.0,1.0,0.0,1,35749.0
60,5,0,0,0,0,136,1.0,1.0,0.09,0.06,0.0,255,17,0.07,0.06,0.0,1.0,1.0,0.0,1,107846.0
25,5,0,0,0,0,258,1.0,1.0,0.05,0.07,0.0,255,12,0.05,0.08,0.0,1.0,1.0,0.0,1,49598.0
22,9,256,255,0,1,18,0.0,0.0,1.0,0.0,0.0,255,255,1.0,0.0,0.0,0.0,0.0,0.0,0,31123.0
45,5,0,0,0,0,122,1.0,1.0,0.04,0.07,0.0,52,16,0.31,0.13,0.0,1.0,1.0,0.0,1,45885.0
45,9,1,0,0,0,13,0.0,0.0,0.38,0.31,0.0,255,5,0.02,0.22,0.0,0.0,0.0,0.0,1,76848.0
45,5,0,0,0,0,75,1.0,1.0,0.03,0.07,0.0,255,12,0.05,0.05,0.0,1.0,1.0,0.0,1,49303.0
41,9,147,105,0,0,2,0.0,0.0,1.0,0.0,0.0,255,3,0.01,0.61,0.0,0.0,0.0,0.0,0,53338.0
26,1,0,0,0,0,258,0.0,0.0,0.06,0.07,0.0,255,16,0.06,0.07,0.0,0.0,0.0,1.0,1,85001.0
22,9,317,17733,0,1,26,0.0,0.0,1.0,0.0,0.0,255,255,1.0,0.0,0.0,0.0,0.0,0.0,0,22197.0
22,9,192,757,0,1,3,0.0,0.0,1.0,0.0,0.33,147,255,1.0,0.0,0.02,0.0,0.0,0.0,0,53434.0
6,5,0,0,0,0,127,1.0,1.0,0.14,0.06,0.0,255,6,0.02,0.07,0.0,1.0,1.0,0.0,1,56080.0
49,9,2024,333,0,1,1,0.0,0.0,1.0,0.0,0.0,213,177,0.7,0.02,0.01,0.0,0.0,0.0,0,77086.0
54,5,0,0,0,0,262,1.0,1.0,0.0,0.06,0.0,255,7,0.03,0.08,0.0,1.0,1.0,0.0,1,114440.0
49,9,942,332,0,1,1,0.0,0.0,1.0,0.0,1.0,195,213,0.84,0.02,0.01,0.0,0.0,0.0,0,26732.0
22,9,199,3310,0,1,1,0.0,0.0,1.0,0.0,0.0,149,255,1.0,0.0,0.04,0.0,0.0,0.0,0,94408.0
22,9,226,1537,0,1,15,0.0,0.0,1.0,0.0,0.12,65,255,1.0,0.0,0.03,0.0,0.0,0.0,0,62713.0
25,5,0,0,0,0,239,1.0,1.0,0.06,0.07,0.0,255,15,0.06,0.07,0.0,1.0,1.0,0.0,1,124662.0
22,9,188,3726,0,1,3,0.0,0.0,1.0,0.0,0.0,255,250,0.98,0.02,0.0,0.0,0.0,0.0,0,60280.0
25,5,0,0,0,0,214,1.0,1.0,0.11,0.06,0.0,255,24,0.09,0.06,0.0,1.0,1.0,0.0,1,46717.0
22,9,242,426,0,1,4,0.0,0.0,1.0,0.0,0.0,255,255,1.0,0.0,0.0,0.0,0.0,0.0,0,18927.0
22,9,272,2521,0,1,2,0.0,0.0,1.0,0.0,0.0,5,255,1.0,0.0,0.04,0.0,0.0,0.0,0,101877.0
18,5,0,0,0,0,296,1.0,1.0,0.01,0.06,0.0,255,4,0.02,0.1,0.0,1.0,1.0,0.0,1,103729.0
41,9,147,105,0,0,1,0.0,0.0,1.0,0.0,0.0,255,1,0.0,0.56,0.0,0.0,0.0,0.0,0,93985.0
41,1,0,0,0,0,511,0.05,0.0,0.0,0.96,0.0,255,1,0.0,0.92,0.0,0.03,0.0,1.0,1,65381.0
22,9,54540,8314,0,1,4,0.0,0.0,1.0,0.0,0.0,94,94,1.0,0.0,0.0,0.01,0.01,0.01,1,109741.0
22,9,258,11394,0,1,1,0.0,0.0,1.0,0.0,0.0,20,255,1.0,0.0,0.05,0.0,0.0,0.0,0,119838.0
22,9,229,986,0,1,21,0.0,0.0,1.0,0.0,0.09,255,255,1.0,0.0,0.0,0.0,0.0,0.0,0,119299.0
19,9,501760,0,0,1,2,0.0,0.0,1.0,0.0,0.0,195,58,0.28,0.02,0.03,0.0,0.0,0.0,0,35302.0
11,9,43,126,0,0,157,0.0,0.0,1.0,0.0,0.01,255,255,1.0,0.0,0.0,0.0,0.0,0.0,0,100418.0
45,5,0,0,0,0,138,1.0,1.0,0.06,0.07,0.0,255,6,0.02,0.07,0.0,1.0,1.0,0.0,1,27366.0
12,5,0,0,0,0,255,1.0,1.0,0.09,0.05,0.0,255,22,0.09,0.05,0.0,1.0,1.0,0.0,1,25601.0
22,9,314,657,0,1,1,0.0,0.0,1.0,0.0,0.21,25,255,1.0,0.0,0.01,0.0,0.0,0.0,0,4597.0
22,9,217,1514,0,1,7,0.0,0.0,1.0,0.0,0.0,25,255,1.0,0.0,0.04,0.0,0.0,0.0,0,71781.0
33,5,0,0,0,0,277,1.0,1.0,0.03,0.06,0.0,255,14,0.05,0.06,0.0,1.0,1.0,0.0,1,58291.0
45,9,28,0,3,0,11,0.0,0.0,1.0,0.0,0.0,255,11,0.04,0.01,0.0,0.0,0.0,0.0,1,19526.0
13,9,8,0,0,0,1,0.0,0.0,1.0,0.0,1.0,4,96,1.0,0.0,0.25,0.0,0.0,0.0,1,18425.0
22,9,355,535,0,1,18,0.0,0.0,1.0,0.0,0.17,155,219,1.0,0.0,0.03,0.0,0.0,0.0,0,31775.0
45,5,0,0,0,0,223,1.0,1.0,0.05,0.06,0.0,255,1,0.0,0.07,0.0,1.0,1.0,0.0,1,99688.0
11,9,43,43,0,0,160,0.0,0.0,1.0,0.0,0.01,255,255,1.0,0.0,0.0,0.0,0.0,0.0,0,34798.0
22,9,237,976,0,1,5,0.0,0.0,1.0,0.0,0.0,255,255,1.0,0.0,0.0,0.0,0.0,0.0,0,87040.0
11,9,46,46,0,0,154,0.0,0.0,1.0,0.0,0.01,255,254,1.0,0.01,0.0,0.0,0.0,0.0,0,7919.0
32,5,0,0,0,0,217,1.0,1.0,0.06,0.06,0.0,255,13,0.05,0.08,0.0,1.0,1.0,0.0,1,77794.0
20,5,0,0,0,0,209,1.0,1.0,0.09,0.06,0.0,255,14,0.05,0.07,0.0,1.0,1.0,0.0,1,39379.0
22,9,252,18992,0,1,1,0.0,0.0,1.0,0.0,0.0,13,255,1.0,0.0,0.04,0.0,0.0,0.0,0,71873.0
45,1,0,0,0,0,294,0.0,0.0,0.06,0.06,0.0,255,17,0.07,0.08,0.0,0.0,0.0,1.0,1,31481.0
22,9,214,1621,0,1,5,0.0,0.0,1.0,0.0,0.33,48,255,1.0,0.0,0.03,0.0,0.0,0.0,0,118893.0
45,5,0,0,0,0,243,1.0,1.0,0.06,0.06,0.0,255,15,0.06,0.06,0.0,1.0,1.0,0.0,1,119374.0
62,1,0,0,0,0,218,0.0,0.0,0.05,0.07,0.0,255,10,0.04,0.07,0.0,0.0,0.0,1.0,1,111702.0
11,9,46,112,0,0,75,0.0,0.0,1.0,0.0,0.01,255,241,0.95,0.01,0.0,0.0,0.0,0.0,0,125786.0
11,9,42,42,0,0,4,0.0,0.0,1.0,0.0,0.33,144,139,0.97,0.02,0.0,0.0,0.0,0.0,0,81799.0
22,9,222,3621,0,1,3,0.33,0.07,1.0,0.0,0.29,255,255,1.0,0.0,0.0,0.01,0.01,0.0,0,92797.0
22,7,225,0,0,1,1,1.0,0.5,1.0,0.0,1.0,21,255,1.0,0.0,0.05,0.05,0.0,0.0,0,37590.0
45,9,1,0,0,0,155,0.0,0.0,0.87,0.03,0.0,255,172,0.67,0.04,0.0,0.0,0.0,0.0,1,33328.0
49,9,1570,332,0,1,1,0.0,0.0,1.0,0.0,0.0,191,83,0.39,0.02,0.02,0.01,0.0,0.0,0,21783.0
22,9,202,10231,0,1,11,0.0,0.0,1.0,0.0,0.0,255,255,1.0,0.0,0.0,0.0,0.0,0.0,0,108443.0
22,9,209,7533,0,1,9,0.0,0.0,1.0,0.0,0.2,9,255,1.0,0.0,0.05,0.0,0.0,0.0,0,117111.0
22,9,510,12035,0,1,12,0.0,0.0,1.0,0.0,0.0,255,255,1.0,0.0,0.0,0.01,0.01,0.0,0,35958.0
41,1,0,0,0,0,358,0.06,0.0,0.0,1.0,0.0,255,1,0.0,1.0,0.0,0.08,0.0,1.0,1,107977.0
22,9,358,876,0,1,18,0.0,0.0,1.0,0.0,0.09,255,255,1.0,0.0,0.0,0.0,0.0,0.0,0,96320.0
13,9,30,0,0,0,1,0.0,0.0,1.0,0.0,0.0,3,3,1.0,0.0,0.0,0.0,0.0,0.0,0,27855.0
45,4,1,0,0,0,2,0.0,0.0,1.0,0.0,0.0,255,2,0.01,0.5,0.0,0.0,0.0,1.0,1,32424.0
22,1,0,0,0,0,1,0.0,0.0,1.0,0.0,0.0,68,68,1.0,0.0,0.0,0.0,0.0,1.0,0,22954.0
45,5,0,0,0,0,134,1.0,1.0,0.01,0.06,0.0,255,12,0.05,0.07,0.0,1.0,1.0,0.0,1,65633.0
22,9,246,707,0,1,11,0.0,0.0,1.0,0.0,0.0,49,255,1.0,0.0,0.03,0.02,0.0,0.0,0,101312.0
19,9,334,0,0,1,2,0.0,0.0,1.0,0.0,0.0,2,9,1.0,0.0,0.22,0.0,0.0,0.11,1,103768.0
57,5,0,0,0,0,285,1.0,1.0,0.07,0.05,0.0,255,19,0.07,0.05,0.0,1.0,1.0,0.0,1,96840.0
45,1,0,0,0,0,183,0.02,0.0,0.01,1.0,0.0,255,1,0.0,0.75,0.0,0.01,0.0,1.0,1,17754.0
22,9,161,28482,0,1,1,0.0,0.0,1.0,0.0,0.0,124,255,1.0,0.0,0.04,0.0,0.0,0.0,0,99573.0
22,9,174,2651,0,1,1,0.0,0.0,1.0,0.0,0.67,43,134,1.0,0.0,0.04,0.0,0.0,0.0,0,104659.0
45,1,0,0,0,0,102,0.0,0.0,0.03,0.07,0.0,255,1,0.0,0.07,0.0,0.0,0.0,1.0,1,472.0
22,5,0,0,0,0,289,1.0,0.34,0.05,0.06,0.07,255,15,0.06,0.08,0.0,1.0,1.0,0.0,1,51549.0
45,5,0,0,0,0,131,1.0,1.0,0.02,0.06,0.0,255,19,0.07,0.06,0.0,1.0,1.0,0.0,1,85688.0
57,2,0,0,0,0,202,0.0,0.0,0.01,0.06,0.0,255,2,0.01,0.07,0.0,0.0,0.0,1.0,1,42255.0
59,9,78,0,0,0,21,0.0,0.0,0.14,0.1,0.43,255,7,0.03,0.01,0.0,0.0,0.0,0.0,0,2212.0
17,9,9,284,0,0,1,0.0,0.0,1.0,0.0,0.0,1,16,1.0,0.0,0.12,0.0,0.0,0.0,0,51228.0
22,9,160,584,0,1,1,0.0,0.0,1.0,0.0,0.0,16,255,1.0,0.0,0.05,0.0,0.0,0.0,0,52544.0
13,9,8,0,0,0,1,0.0,0.0,1.0,0.0,1.0,4,92,1.0,0.0,0.25,0.0,0.0,0.0,1,50979.0
22,9,221,998,0,1,6,0.17,0.17,1.0,0.0,0.0,255,255,1.0,0.0,0.0,0.0,0.0,0.0,0,10645.0
55,5,0,0,0,0,13,1.0,1.0,0.08,0.23,0.0,255,57,0.22,0.04,0.0,1.0,1.0,0.0,1,73215.0
22,9,345,1610,0,1,7,0.0,0.0,1.0,0.0,0.0,255,255,1.0,0.0,0.0,0.0,0.0,0.0,0,107292.0
11,9,42,108,0,0,141,0.0,0.0,1.0,0.0,0.01,255,255,1.0,0.0,0.0,0.0,0.0,0.0,0,24403.0
49,9,766,336,0,1,1,0.0,0.0,1.0,0.0,0.0,236,168,0.64,0.03,0.01,0.0,0.0,0.0,0,26534.0
22,9,197,11312,0,1,1,0.0,0.0,1.0,0.0,0.33,2,255,1.0,0.0,0.05,0.0,0.0,0.0,0,19843.0
22,9,344,4021,0,1,13,0.0,0.0,1.0,0.0,0.14,204,255,1.0,0.0,0.02,0.0,0.0,0.0,0,111135.0
41,4,1,0,0,0,2,0.0,0.0,1.0,0.0,0.0,255,2,0.01,0.68,0.0,0.0,0.0,1.0,1,75873.0
22,9,211,662,0,1,1,0.0,0.0,1.0,0.0,0.0,1,255,1.0,0.0,0.05,0.0,0.0,0.0,0,75991.0
22,9,260,828,0,1,7,0.0,0.0,1.0,0.0,0.0,255,255,1.0,0.0,0.0,0.0,0.0,0.0,0,18439.0
11,9,44,77,0,0,159,0.0,0.0,1.0,0.0,0.0,255,225,0.88,0.01,0.0,0.0,0.0,0.0,0,39577.0
45,5,0,0,0,0,85,1.0,1.0,0.07,0.07,0.0,255,9,0.04,0.06,0.0,1.0,1.0,0.0,1,23900.0
22,9,303,2698,0,1,1,0.0,0.0,1.0,0.0,0.29,255,251,0.98,0.01,0.0,0.0,0.0,0.0,0,5249.0
22,9,248,16109,0,1,5,0.0,0.0,1.0,0.0,0.13,5,255,1.0,0.0,0.01,0.0,0.0,0.0,0,58956.0
49,9,840,328,0,1,1,0.0,0.0,1.0,0.0,1.0,83,55,0.66,0.07,0.0,0.0,0.0,0.0,0,36648.0
49,9,952,330,0,1,1,0.0,0.0,1.0,0.0,1.0,97,84,0.72,0.03,0.02,0.0,0.0,0.0,0,120962.0
45,5,0,0,0,0,9,1.0,1.0,0.44,0.22,0.0,255,17,0.07,0.07,0.0,1.0,1.0,0.0,1,105862.0
30,5,0,0,0,0,273,1.0,1.0,0.03,0.06,0.0,255,20,0.08,0.07,0.0,1.0,1.0,0.0,1,93976.0
49,9,750,330,0,1,1,0.0,0.0,1.0,0.0,0.0,199,114,0.36,0.02,0.02,0.0,0.0,0.0,0,120964.0
22,9,353,2011,0,1,2,0.0,0.0,1.0,0.0,0.67,29,255,1.0,0.0,0.02,0.03,0.0,0.0,0,21086.0
20,1,0,0,0,0,145,0.0,0.0,0.06,0.08,0.0,255,9,0.04,0.08,0.0,0.0,0.0,1.0,1,96323.0
13,9,8,0,0,0,1,0.0,0.0,1.0,0.0,1.0,2,36,1.0,0.0,0.5,0.0,0.0,0.0,1,29289.0
13,9,20,0,0,0,2,0.0,0.0,1.0,0.0,0.0,255,4,0.02,0.02,0.0,0.0,0.0,0.0,1,63968.0
45,1,0,0,0,0,149,0.0,0.0,0.13,0.06,0.0,255,34,0.13,0.05,0.0,0.0,0.0,1.0,1,118022.0
45,5,0,0,0,0,101,1.0,1.0,0.1,0.07,0.0,255,19,0.07,0.07,0.0,1.0,1.0,0.0,1,57628.0
22,9,343,3102,0,1,11,0.0,0.08,1.0,0.0,0.17,47,255,1.0,0.0,0.02,0.0,0.0,0.0,0,19794.0
22,9,249,3198,0,1,2,0.0,0.0,1.0,0.0,0.08,95,255,1.0,0.0,0.04,0.0,0.0,0.0,0,3028.0
45,5,0,0,0,0,31,1.0,1.0,0.42,0.16,0.0,255,13,0.05,0.08,0.0,1.0,1.0,0.0,1,118284.0
22,9,328,2647,0,1,15,0.0,0.0,1.0,0.0,0.0,255,255,1.0,0.0,0.0,0.0,0.0,0.0,0,61948.0
52,5,0,0,0,0,234,1.0,1.0,0.01,0.07,0.0,255,19,0.07,0.08,0.0,1.0,1.0,0.0,1,117373.0
22,9,178,21641,0,1,3,0.0,0.0,1.0,0.0,0.5,255,255,1.0,0.0,0.0,0.0,0.0,0.0,0,45786.0
45,1,0,0,0,0,186,0.1,0.0,0.01,1.0,0.0,255,1,0.0,0.87,0.0,0.07,0.0,1.0,1,115420.0
22,9,301,4556,0,1,15,0.0,0.0,1.0,0.0,0.13,169,255,1.0,0.0,0.02,0.0,0.0,0.0,0,102972.0
45,5,0,0,0,0,128,1.0,1.0,0.15,0.05,0.0,255,1,0.0,0.07,0.0,1.0,1.0,0.0,1,73304.0
60,2,0,0,0,0,104,0.0,0.0,0.01,0.08,0.0,255,1,0.0,0.07,0.0,0.0,0.0,1.0,1,53703.0
45,4,0,0,0,0,1,0.0,0.0,1.0,0.0,0.0,255,1,0.0,0.5,0.0,0.0,0.0,1.0,1,121139.0
23,5,0,0,0,0,218,1.0,1.0,0.0,0.06,0.0,255,1,0.0,0.06,0.0,1.0,1.0,0.0,1,109523.0
22,9,237,952,0,1,5,0.0,0.0,1.0,0.0,0.33,255,255,1.0,0.0,0.0,0.0,0.0,0.0,0,70301.0
18,9,341,1069,0,1,1,0.0,0.0,1.0,0.0,0.0,150,36,0.24,0.05,0.0,0.0,0.0,0.0,0,64167.0
22,9,250,273,0,1,2,0.0,0.0,1.0,0.0,0.67,255,249,0.98,0.01,0.0,0.0,0.0,0.0,0,22490.0
22,9,313,3448,0,1,3,0.0,0.0,1.0,0.0,0.0,48,255,1.0,0.0,0.04,0.0,0.0,0.0,0,16941.0
55,9,107,3790,0,1,1,0.0,0.0,1.0,0.0,0.0,93,8,0.09,0.05,0.0,0.0,0.0,0.25,0,111365.0
22,9,203,930,0,1,36,0.0,0.0,1.0,0.0,0.0,255,255,1.0,0.0,0.0,0.0,0.0,0.0,0,119930.0
22,9,238,10378,0,1,10,0.0,0.0,1.0,0.0,0.17,255,255,1.0,0.0,0.0,0.0,0.0,0.0,0,95666.0
49,9,1252,330,0,1,1,0.0,0.0,1.0,0.0,1.0,82,74,0.9,0.02,0.0,0.0,0.0,0.0,0,94394.0
45,5,0,0,0,0,208,1.0,1.0,0.05,0.05,0.0,255,11,0.04,0.06,0.0,1.0,1.0,0.0,1,65250.0
22,9,206,14358,0,1,9,0.0,0.0,1.0,0.0,0.0,9,255,1.0,0.0,0.01,0.0,0.0,0.0,0,107504.0
49,9,2374,335,0,1,1,0.0,0.0,1.0,0.0,0.0,72,205,0.92,0.04,0.01,0.0,0.0,0.0,0,88313.0
45,5,0,0,0,0,113,1.0,1.0,0.11,0.06,0.0,255,12,0.05,0.05,0.0,1.0,1.0,0.0,1,30811.0
22,9,280,1482,0,1,12,0.0,0.0,1.0,0.0,0.0,42,255,1.0,0.0,0.03,0.0,0.0,0.0,0,48888.0
22,9,266,1963,0,1,12,0.0,0.0,1.0,0.0,0.0,31,255,1.0,0.0,0.03,0.0,0.0,0.0,0,22970.0
22,9,333,2073,0,1,23,0.0,0.0,1.0,0.0,0.0,255,255,1.0,0.0,0.0,0.0,0.0,0.0,0,125537.0
9,5,0,0,0,0,16,1.0,1.0,0.38,0.38,0.0,255,14,0.05,0.09,0.0,1.0,1.0,0.0,1,26596.0
11,9,45,111,0,0,18,0.0,0.0,1.0,0.0,0.05,255,255,1.0,0.0,0.0,0.0,0.0,0.0,0,108481.0
19,9,12,0,0,1,2,0.0,0.0,1.0,0.0,0.0,173,43,0.22,0.04,0.05,0.0,0.0,0.0,0,56499.0
22,9,277,255,0,1,11,0.0,0.0,1.0,0.0,0.0,137,247,1.0,0.0,0.12,0.0,0.0,0.49,0,65853.0
22,9,337,1173,0,1,8,0.0,0.0,1.0,0.0,0.0,255,255,1.0,0.0,0.0,0.0,0.0,0.0,0,90584.0
49,9,1654,366,0,1,1,0.0,0.0,1.0,0.0,1.0,63,96,0.68,0.05,0.02,0.0,0.0,0.0,0,108466.0
13,9,18,0,0,0,1,0.0,0.0,1.0,0.0,0.0,1,145,1.0,0.0,0.26,0.0,0.0,0.0,1,59392.0
49,9,958,328,0,1,1,0.0,0.0,1.0,0.0,0.0,67,173,0.97,0.03,0.01,0.0,0.0,0.0,0,101018.0
49,5,0,0,0,0,288,1.0,1.0,0.05,0.05,0.0,255,13,0.05,0.05,0.0,1.0,1.0,0.0,1,27553.0
17,5,0,0,0,0,56,1.0,1.0,0.27,0.07,0.0,255,55,0.22,0.03,0.0,1.0,1.0,0.0,1,55468.0
45,1,0,0,0,0,119,0.0,0.0,0.13,0.07,0.0,255,15,0.06,0.07,0.0,0.0,0.0,1.0,1,107219.0
22,9,210,5511,0,1,1,0.0,0.0,1.0,0.0,0.0,67,255,1.0,0.0,0.03,0.03,0.01,0.0,0,56407.0
22,9,235,1258,0,1,10,0.0,0.0,1.0,0.0,0.0,31,255,1.0,0.0,0.01,0.0,0.0,0.0,0,123202.0
49,9,1301,332,0,1,1,0.0,0.0,1.0,0.0,1.0,246,174,0.67,0.02,0.01,0.0,0.0,0.0,0,123774.0
22,9,285,497,0,1,1,0.0,0.0,1.0,0.0,0.0,1,255,1.0,0.0,0.04,0.0,0.0,0.0,0,81266.0
19,9,11376,0,0,1,9,0.0,0.0,1.0,0.0,0.0,255,45,0.18,0.02,0.0,0.0,0.0,0.0,0,1131.0
22,9,242,2708,0,1,5,0.0,0.0,1.0,0.0,0.0,25,255,1.0,0.0,0.04,0.0,0.0,0.0,0,93974.0
45,1,0,0,0,0,176,0.0,0.0,0.1,0.07,0.0,255,18,0.07,0.07,0.0,0.0,0.0,1.0,1,101476.0
22,9,163,30113,0,1,1,0.0,0.0,1.0,0.0,0.4,255,255,1.0,0.0,0.0,0.01,0.01,0.0,0,107070.0
22,9,331,5376,0,1,8,0.0,0.0,1.0,0.0,0.22,108,255,1.0,0.0,0.02,0.0,0.0,0.0,0,10928.0
22,9,221,1109,0,1,10,0.0,0.0,1.0,0.0,0.0,66,255,1.0,0.0,0.02,0.0,0.0,0.0,0,115894.0
22,9,255,1434,0,1,8,0.0,0.0,1.0,0.0,0.14,70,255,1.0,0.0,0.03,0.0,0.0,0.0,0,89715.0
19,9,383,0,0,1,2,0.0,0.0,1.0,0.0,0.0,255,73,0.29,0.06,0.0,0.01,0.01,0.0,0,31356.0
22,9,151,21714,0,1,1,0.0,0.0,1.0,0.0,0.0,255,255,1.0,0.0,0.0,0.0,0.0,0.0,0,72399.0
8,4,0,0,0,0,49,0.0,0.0,0.04,0.55,0.0,255,2,0.01,0.11,0.0,0.0,0.0,1.0,1,48713.0
22,5,0,0,0,0,2,0.5,0.5,1.0,0.0,0.0,5,255,1.0,0.0,0.02,0.2,0.01,0.0,0,78417.0
19,9,2194619,0,0,1,2,0.0,0.0,1.0,0.0,0.0,178,72,0.27,0.02,0.03,0.0,0.0,0.0,0,44861.0
38,5,0,0,0,0,122,1.0,1.0,0.06,0.07,0.0,255,7,0.03,0.06,0.0,1.0,1.0,0.0,1,75567.0
45,5,0,0,0,0,159,1.0,1.0,0.16,0.06,0.0,255,25,0.1,0.06,0.0,1.0,1.0,0.0,1,7292.0
45,5,0,0,0,0,73,1.0,1.0,0.22,0.08,0.0,255,17,0.07,0.07,0.0,1.0,1.0,0.0,1,57411.0
22,9,299,3358,0,1,11,0.0,0.0,1.0,0.0,0.05,255,255,1.0,0.0,0.0,0.0,0.0,0.0,0,64040.0
49,9,3798,566,0,1,1,0.0,0.0,1.0,0.0,0.0,138,108,0.27,0.03,0.02,0.01,0.0,0.0,0,40850.0
22,9,143,9743,0,1,1,0.0,0.0,1.0,0.0,0.0,61,255,1.0,0.0,0.06,0.0,0.0,0.0,0,112096.0
11,9,45,45,0,0,183,0.0,0.0,0.99,0.01,0.0,255,254,1.0,0.01,0.0,0.0,0.0,0.0,0,28703.0
22,5,0,0,0,0,249,1.0,1.0,0.1,0.05,0.0,255,24,0.09,0.06,0.0,1.0,1.0,0.0,1,31285.0
45,5,0,0,0,0,252,1.0,1.0,0.0,0.06,0.0,255,16,0.06,0.07,0.0,1.0,1.0,0.0,1,78375.0
11,9,102,0,0,0,11,0.0,0.0,1.0,0.0,0.17,11,10,0.91,0.18,0.0,0.0,0.0,0.0,0,16292.0
45,5,0,0,0,0,193,1.0,1.0,0.02,0.07,0.0,255,3,0.01,0.07,0.0,1.0,1.0,0.0,1,51731.0
63,5,0,0,0,0,112,1.0,1.0,0.11,0.06,0.0,255,12,0.05,0.07,0.0,1.0,1.0,0.0,1,113290.0
14,9,1032,0,0,0,511,0.0,0.0,1.0,0.0,0.0,255,10,0.04,0.26,0.0,0.0,0.0,0.0,1,4781.0
22,9,286,338,0,1,5,0.0,0.0,1.0,0.0,0.43,28,255,1.0,0.0,0.04,0.0,0.0,0.0,0,70656.0
22,9,236,11308,0,1,35,0.0,0.0,1.0,0.0,0.05,255,255,1.0,0.0,0.0,0.0,0.0,0.0,0,67810.0
45,1,0,0,0,0,144,0.0,0.0,0.12,0.06,0.0,255,8,0.03,0.06,0.0,0.0,0.0,1.0,1,123252.0
19,9,641,0,0,0,2,0.0,0.0,1.0,0.0,0.0,64,120,0.84,0.05,0.02,0.0,0.0,0.0,0,27300.0
11,9,42,108,0,0,1,0.0,0.0,1.0,0.0,0.0,45,85,0.56,0.04,0.02,0.11,0.0,0.0,0,47504.0
17,5,0,0,0,0,31,1.0,1.0,0.52,0.06,0.0,255,73,0.29,0.02,0.0,1.0,1.0,0.0,1,54257.0
22,9,224,2302,0,1,7,0.14,0.05,1.0,0.0,0.19,255,255,1.0,0.0,0.0,0.01,0.01,0.0,0,82827.0
19,9,9,0,0,1,2,0.0,0.0,1.0,0.0,0.0,80,75,0.04,0.89,0.03,0.0,0.0,0.01,0,93395.0
22,9,324,887,0,1,6,0.0,0.0,1.0,0.0,0.0,39,255,1.0,0.0,0.02,0.0,0.0,0.0,0,71315.0
11,9,46,75,0,0,254,0.0,0.0,1.0,0.0,0.01,255,220,0.86,0.01,0.0,0.0,0.0,0.0,0,54535.0
45,5,0,0,0,0,148,1.0,1.0,0.13,0.05,0.0,255,23,0.09,0.06,0.0,1.0,1.0,0.0,1,88470.0
13,9,8,0,0,0,1,0.0,0.0,1.0,0.0,1.0,2,94,1.0,0.0,0.5,0.0,0.0,0.0,1,91145.0
11,9,43,43,0,0,195,0.0,0.0,0.99,0.01,0.0,255,254,1.0,0.01,0.0,0.0,0.0,0.0,0,18761.0
45,5,0,0,0,0,78,1.0,1.0,0.1,0.08,0.0,186,8,0.04,0.07,0.0,1.0,1.0,0.0,1,11806.0
11,9,44,69,0,0,261,0.0,0.0,1.0,0.0,0.0,255,236,0.93,0.01,0.0,0.0,0.0,0.0,0,4672.0
19,9,9198,0,0,1,6,0.0,0.0,1.0,0.0,0.0,142,56,0.25,0.04,0.04,0.0,0.0,0.0,0,101271.0
45,5,0,0,0,0,207,1.0,1.0,0.06,0.06,0.0,255,17,0.07,0.07,0.0,1.0,1.0,0.0,1,114562.0
22,9,242,1750,0,1,6,0.0,0.0,1.0,0.0,0.0,240,255,1.0,0.0,0.02,0.0,0.0,0.0,0,78406.0
19,9,201,0,0,1,14,0.0,0.0,1.0,0.0,0.0,255,104,0.41,0.01,0.0,0.0,0.0,0.0,0,94138.0
16,5,0,0,0,0,127,1.0,1.0,0.12,0.06,0.0,255,6,0.02,0.06,0.0,1.0,1.0,0.0,1,43120.0
22,9,255,1249,0,1,3,0.0,0.0,1.0,0.0,0.5,81,255,1.0,0.0,0.02,0.0,0.0,0.0,0,3432.0
22,9,375,2655,0,1,10,0.0,0.0,1.0,0.0,0.18,255,255,1.0,0.0,0.0,0.0,0.0,0.0,0,39551.0
49,9,2230,336,0,1,1,0.0,0.0,1.0,0.0,0.0,146,111,0.54,0.04,0.02,0.0,0.0,0.0,0,69023.0
22,9,227,2459,0,1,8,0.0,0.0,1.0,0.0,0.22,8,255,1.0,0.0,0.06,0.0,0.0,0.0,0,59694.0
22,9,230,9986,0,1,3,0.0,0.0,1.0,0.0,0.11,31,255,1.0,0.0,0.01,0.0,0.0,0.0,0,4762.0
8,5,0,0,0,0,244,1.0,1.0,0.0,0.06,0.0,255,12,0.05,0.06,0.0,1.0,1.0,0.0,1,18666.0
22,9,227,1522,0,1,2,0.0,0.0,1.0,0.0,0.0,114,255,1.0,0.0,0.02,0.0,0.0,0.0,0,2184.0
14,9,520,0,0,0,185,0.0,0.0,1.0,0.0,0.0,255,255,1.0,0.0,0.0,0.0,0.0,0.0,1,89300.0
45,5,0,0,0,0,148,1.0,1.0,0.02,0.06,0.0,255,1,0.0,0.08,0.0,1.0,1.0,0.0,1,47702.0
45,5,0,0,0,0,147,0.99,1.0,0.14,0.06,0.0,255,2,0.01,0.06,0.0,1.0,1.0,0.0,1,20780.0
45,1,0,0,0,0,2,0.0,0.0,0.5,1.0,0.0,255,1,0.0,0.25,0.0,0.0,0.0,1.0,1,909.0
49,9,650,336,0,1,1,0.0,0.0,1.0,0.0,0.0,70,68,0.97,0.04,0.0,0.0,0.0,0.03,0,94258.0
22,9,238,5965,0,1,9,0.0,0.0,1.0,0.0,0.14,255,255,1.0,0.0,0.0,0.0,0.0,0.0,0,31334.0
22,9,308,1380,0,1,2,0.0,0.0,1.0,0.0,0.0,255,234,0.92,0.01,0.0,0.01,0.01,0.0,0,125553.0
22,9,253,2235,0,1,1,0.0,0.0,1.0,0.0,0.67,1,255,1.0,0.0,0.07,0.0,0.0,0.0,0,97485.0
45,5,0,0,0,0,202,1.0,1.0,0.07,0.07,0.0,255,2,0.01,0.07,0.0,1.0,1.0,0.0,1,77322.0
45,1,0,0,0,0,71,0.0,0.0,0.23,0.06,0.0,255,16,0.06,0.07,0.0,0.0,0.0,1.0,1,58826.0
14,9,1032,0,0,0,511,0.0,0.0,1.0,0.0,0.0,168,23,0.14,0.02,0.0,0.0,0.0,0.0,1,39190.0
22,9,201,3557,0,1,2,0.0,0.0,1.0,0.0,0.0,255,246,0.96,0.02,0.0,0.0,0.0,0.0,0,83974.0
55,5,0,0,0,0,1,1.0,1.0,1.0,0.0,0.0,20,2,0.1,0.2,0.0,0.05,0.5,0.0,0,119566.0
1,9,299160,16764,0,1,1,0.0,0.0,1.0,0.0,0.0,255,17,0.07,0.03,0.0,0.0,0.0,0.0,0,47020.0
49,9,1287,433,0,1,1,0.0,0.0,1.0,0.0,0.0,185,53,0.29,0.03,0.0,0.0,0.0,0.0,0,70398.0
22,1,0,0,0,0,1,0.0,0.0,1.0,0.0,0.0,1,255,1.0,0.0,0.06,0.0,0.0,0.58,0,108933.0
57,2,0,0,0,0,228,0.0,0.0,0.06,0.07,0.0,255,14,0.05,0.08,0.0,0.0,0.0,1.0,1,112906.0
41,9,147,105,0,0,4,0.25,0.0,0.5,0.5,0.0,255,4,0.02,0.53,0.0,0.0,0.0,0.0,0,14011.0
14,9,1032,0,0,0,52,0.0,0.0,1.0,0.0,0.0,170,76,0.45,0.04,0.0,0.01,0.0,0.0,1,24491.0
45,5,0,0,0,0,175,1.0,1.0,0.06,0.07,0.0,255,10,0.04,0.09,0.0,1.0,1.0,0.0,1,29975.0
17,5,0,0,0,0,38,1.0,1.0,0.47,0.05,0.0,80,22,0.22,0.05,0.09,0.98,0.82,0.0,1,70455.0
41,9,147,105,0,0,4,0.0,0.0,0.5,0.5,0.0,255,2,0.01,0.83,0.0,0.0,0.0,0.0,0,8388.0
57,5,0,0,0,0,121,1.0,1.0,0.13,0.07,0.0,255,16,0.06,0.06,0.0,1.0,1.0,0.0,1,125880.0
45,4,1,0,0,0,2,0.0,0.0,1.0,0.0,0.0,255,2,0.01,0.82,0.0,0.0,0.0,1.0,1,74073.0
22,5,0,0,0,0,58,1.0,1.0,0.28,0.07,0.0,138,36,0.26,0.03,0.0,1.0,1.0,0.0,1,93237.0
55,9,106,3079,0,1,1,0.0,0.0,1.0,0.0,0.0,81,1,0.01,0.07,0.0,0.0,0.0,0.0,0,5997.0
22,9,311,1667,0,1,4,0.0,0.0,1.0,0.0,0.0,96,255,1.0,0.0,0.03,0.0,0.0,0.0,0,54518.0
11,9,44,44,0,0,117,0.0,0.0,1.0,0.0,0.0,255,224,0.88,0.01,0.0,0.0,0.0,0.0,0,41952.0
22,1,0,0,0,0,1,0.0,0.0,1.0,0.0,0.0,13,3,0.23,0.23,0.0,0.0,0.0,1.0,0,111545.0
22,9,303,6224,0,1,4,0.0,0.0,1.0,0.0,0.0,4,255,1.0,0.0,0.05,0.0,0.0,0.0,0,72146.0
22,9,214,458,0,1,4,0.0,0.0,1.0,0.0,0.4,24,255,1.0,0.0,0.01,0.0,0.0,0.0,0,119727.0
22,9,274,1725,0,1,20,0.0,0.0,1.0,0.0,0.09,255,255,1.0,0.0,0.0,0.0,0.0,0.0,0,48638.0
19,9,4763,0,0,0,1,0.0,0.0,1.0,0.0,0.0,159,27,0.17,0.08,0.0,0.01,0.04,0.0,0,89887.0
33,5,0,0,0,0,286,1.0,1.0,0.05,0.06,0.0,255,5,0.02,0.08,0.0,1.0,1.0,0.0,1,72962.0
22,9,208,567,0,1,16,0.0,0.0,1.0,0.0,0.12,16,255,1.0,0.0,0.04,0.0,0.0,0.0,0,104324.0
45,5,0,0,0,0,118,1.0,1.0,0.14,0.06,0.0,255,19,0.07,0.08,0.0,1.0,1.0,0.0,1,2002.0
22,9,220,334,0,1,7,0.0,0.0,1.0,0.0,0.2,19,255,1.0,0.0,0.08,0.0,0.0,0.0,0,121275.0
17,5,0,0,0,0,293,1.0,0.95,0.06,0.06,0.1,255,19,0.07,0.07,0.0,1.0,1.0,0.0,1,69127.0
45,9,1,0,0,0,21,0.0,0.0,0.9,0.1,0.0,255,28,0.11,0.22,0.0,0.0,0.0,0.0,1,12668.0
22,9,317,664,0,1,20,0.0,0.0,1.0,0.0,0.1,255,255,1.0,0.0,0.0,0.0,0.0,0.0,0,115435.0
41,1,0,0,0,0,509,0.2,0.0,0.0,1.0,0.0,255,1,0.0,1.0,0.0,0.24,0.0,1.0,1,36340.0
22,9,224,2113,0,1,8,0.0,0.0,1.0,0.0,0.08,255,255,1.0,0.0,0.0,0.0,0.0,0.0,0,58496.0
22,9,196,14496,0,1,7,0.0,0.0,1.0,0.0,0.25,255,255,1.0,0.0,0.0,0.0,0.0,0.0,0,51207.0
13,9,8,0,0,0,1,0.0,0.0,1.0,0.0,1.0,3,163,1.0,0.0,0.25,0.0,0.0,0.0,1,94559.0
22,9,249,796,0,1,1,0.0,0.0,1.0,0.0,0.43,15,255,1.0,0.0,0.02,0.0,0.0,0.0,0,125465.0
11,9,45,133,0,0,74,0.0,0.0,1.0,0.0,0.01,255,255,1.0,0.0,0.0,0.0,0.0,0.0,0,62037.0
11,9,45,84,0,0,237,0.0,0.0,1.0,0.0,0.0,255,254,1.0,0.01,0.0,0.0,0.0,0.0,0,85774.0
45,5,0,0,0,0,217,1.0,1.0,0.06,0.06,0.0,255,17,0.07,0.07,0.0,1.0,1.0,0.0,1,33535.0
3,5,0,0,0,0,251,1.0,1.0,0.08,0.06,0.0,255,3,0.01,0.07,0.0,1.0,1.0,0.0,1,17958.0
4,5,0,0,0,0,253,1.0,1.0,0.08,0.06,0.0,255,20,0.08,0.07,0.0,1.0,1.0,0.0,1,7001.0
60,5,0,0,0,0,149,1.0,1.0,0.17,0.05,0.0,255,25,0.1,0.04,0.0,1.0,1.0,0.0,1,37495.0
22,9,313,334,0,1,10,0.0,0.0,1.0,0.0,0.21,67,255,1.0,0.0,0.05,0.0,0.0,0.0,0,26906.0
45,5,0,0,0,0,255,1.0,1.0,0.02,0.06,0.0,255,7,0.03,0.07,0.0,1.0,1.0,0.0,1,4893.0
45,5,0,0,0,0,109,1.0,1.0,0.03,0.06,0.0,255,36,0.14,0.05,0.0,1.0,1.0,0.0,1,38350.0
22,9,221,1026,0,1,7,0.0,0.0,1.0,0.0,0.0,255,255,1.0,0.0,0.0,0.0,0.0,0.0,0,82962.0
45,1,0,0,0,0,157,0.0,0.0,0.01,0.07,0.0,255,1,0.0,0.08,0.0,0.0,0.0,1.0,1,112944.0
49,9,2694,329,0,1,1,0.0,0.0,1.0,0.0,0.0,210,109,0.46,0.03,0.02,0.0,0.0,0.0,0,110300.0
22,9,225,696,0,1,3,0.0,0.0,1.0,0.0,0.5,29,255,1.0,0.0,0.04,0.0,0.0,0.0,0,113946.0
45,5,0,0,0,0,98,1.0,1.0,0.02,0.06,0.0,255,2,0.01,0.08,0.0,1.0,1.0,0.0,1,31075.0
41,9,147,105,0,0,1,0.0,0.0,1.0,0.0,0.0,255,2,0.01,0.64,0.0,0.0,0.0,0.0,0,17084.0
13,9,30,0,0,0,1,0.0,0.0,1.0,0.0,0.0,40,131,1.0,0.0,0.36,0.0,0.0,0.0,0,41013.0
11,9,43,43,0,0,171,0.0,0.0,1.0,0.0,0.0,255,254,1.0,0.01,0.0,0.0,0.0,0.0,0,15974.0
12,2,0,0,0,0,119,0.0,0.0,0.02,0.08,0.0,255,2,0.01,0.08,0.0,0.0,0.0,1.0,1,105774.0
14,9,1032,0,0,0,511,0.0,0.0,1.0,0.0,0.0,255,118,0.46,0.01,0.0,0.0,0.0,0.0,1,740.0
19,9,14,0,0,1,1,0.0,0.0,1.0,0.0,0.0,87,82,0.26,0.03,0.02,0.0,0.0,0.0,0,51211.0
22,9,233,17905,0,1,16,0.0,0.0,1.0,0.0,0.0,76,255,1.0,0.0,0.01,0.0,0.0,0.0,0,55601.0
62,5,0,0,0,0,201,1.0,1.0,0.0,0.05,0.0,255,1,0.0,0.05,0.0,1.0,1.0,0.0,1,84760.0
19,9,7077,0,0,0,5,0.0,0.0,1.0,0.0,0.0,20,53,0.55,0.2,0.04,0.0,0.0,0.0,0,7381.0
22,9,305,895,0,1,2,0.0,0.0,1.0,0.0,0.4,203,255,1.0,0.0,0.03,0.0,0.0,0.0,0,75441.0
31,5,0,0,0,0,149,1.0,1.0,0.05,0.06,0.0,255,6,0.02,0.06,0.0,1.0,1.0,0.0,1,104453.0
22,9,322,1242,0,1,16,0.0,0.0,1.0,0.0,0.0,255,255,1.0,0.0,0.0,0.0,0.0,0.0,0,63616.0
13,9,8,0,0,0,1,0.0,0.0,1.0,0.0,1.0,1,33,1.0,0.0,0.52,0.0,0.0,0.0,1,2587.0
51,5,0,0,0,0,120,1.0,1.0,0.04,0.07,0.0,255,25,0.1,0.07,0.0,1.0,1.0,0.0,1,50289.0
22,9,220,21953,0,1,2,0.0,0.0,1.0,0.0,0.0,31,255,1.0,0.0,0.01,0.0,0.0,0.0,0,82193.0
19,9,2194619,0,0,0,3,0.0,0.0,0.67,0.67,0.0,255,36,0.14,0.47,0.0,0.0,0.0,0.0,0,12327.0
49,9,1852,333,0,1,1,0.0,0.0,1.0,0.0,0.0,175,244,0.97,0.01,0.01,0.0,0.0,0.0,0,33069.0
49,9,967,323,0,1,1,0.0,0.0,1.0,0.0,1.0,75,139,0.64,0.05,0.02,0.0,0.01,0.04,0,51479.0
22,9,199,2241,0,1,3,0.0,0.0,1.0,0.0,0.33,255,255,1.0,0.0,0.0,0.0,0.0,0.0,0,85291.0
41,9,145,105,0,0,1,0.0,0.0,1.0,0.0,0.0,255,1,0.0,0.62,0.0,0.0,0.0,0.0,0,87937.0
22,9,235,434,0,1,1,0.0,0.0,1.0,0.0,0.0,2,255,1.0,0.0,0.03,0.0,0.0,0.0,0,116531.0
22,9,211,1041,0,1,6,0.0,0.0,1.0,0.0,0.0,25,255,1.0,0.0,0.03,0.0,0.0,0.0,0,43019.0
45,1,0,0,0,0,1,0.0,0.0,1.0,0.0,0.0,11,2,0.09,1.0,1.0,0.0,0.0,1.0,1,116822.0
45,1,0,0,0,0,151,0.04,0.0,0.01,0.99,0.0,255,1,0.0,0.6,0.0,0.02,0.0,1.0,1,72868.0
22,9,297,2006,0,1,15,0.0,0.0,1.0,0.0,0.0,255,255,1.0,0.0,0.0,0.0,0.0,0.0,0,20931.0
19,9,71,0,0,0,1,0.0,0.0,1.0,0.0,0.0,255,13,0.05,0.94,0.0,0.93,0.0,0.0,0,71248.0
19,9,12,0,0,1,1,0.0,0.0,1.0,0.0,0.0,76,74,0.47,0.05,0.03,0.04,0.0,0.0,0,4398.0
45,1,0,0,0,0,139,0.06,0.0,0.01,1.0,0.0,255,1,0.0,0.74,0.0,0.03,0.0,1.0,1,77189.0
11,9,45,75,0,0,103,0.0,0.0,1.0,0.0,0.03,255,239,0.94,0.01,0.0,0.0,0.0,0.0,0,55280.0
45,9,28,0,3,0,63,0.02,0.0,0.98,0.03,0.0,255,62,0.24,0.01,0.0,0.0,0.0,0.0,1,73144.0
14,9,1032,0,0,0,511,0.0,0.0,1.0,0.0,0.0,255,27,0.11,0.05,0.0,0.31,0.0,0.0,1,20055.0
49,9,767,334,0,1,1,0.0,0.0,1.0,0.0,1.0,46,160,0.57,0.11,0.01,0.0,0.0,0.0,0,110247.0
49,9,1292,369,0,1,1,0.0,0.0,1.0,0.0,1.0,53,183,0.92,0.04,0.02,0.0,0.0,0.0,0,14236.0
5,1,0,0,0,0,2,0.0,0.0,0.5,1.0,0.0,255,1,0.0,1.0,0.0,0.0,0.0,1.0,1,59447.0
22,9,211,977,0,1,1,0.0,0.0,1.0,0.0,1.0,2,255,1.0,0.0,0.02,0.0,0.0,0.0,0,75909.0
11,9,43,43,0,0,203,0.0,0.0,1.0,0.0,0.0,255,255,1.0,0.0,0.0,0.0,0.0,0.0,0,41978.0
15,5,0,0,0,0,141,1.0,1.0,0.13,0.06,0.0,255,18,0.07,0.06,0.0,1.0,1.0,0.0,1,5721.0
45,1,0,0,0,0,297,0.07,0.0,0.0,1.0,0.0,255,1,0.0,1.0,0.0,0.08,0.0,1.0,1,44364.0
45,1,0,0,0,0,43,0.16,0.0,0.02,1.0,0.0,255,1,0.0,0.48,0.0,0.03,0.0,1.0,1,44323.0
45,5,0,0,0,0,294,1.0,1.0,0.05,0.06,0.0,255,19,0.07,0.08,0.0,1.0,1.0,0.0,1,92569.0
22,9,417,7339,0,1,13,0.0,0.0,1.0,0.0,0.17,255,255,1.0,0.0,0.0,0.0,0.0,0.0,0,24440.0
22,9,209,253,0,1,7,0.0,0.0,1.0,0.0,0.0,255,255,1.0,0.0,0.0,0.0,0.0,0.0,0,46290.0
45,5,0,0,0,0,187,1.0,1.0,0.07,0.06,0.0,255,4,0.02,0.07,0.0,1.0,1.0,0.0,1,42450.0
5,5,0,0,0,0,112,1.0,1.0,0.14,0.05,0.0,255,16,0.06,0.06,0.0,1.0,1.0,0.0,1,38493.0
11,9,29,0,0,0,1,0.0,0.0,1.0,0.0,0.18,204,40,0.2,0.03,0.0,0.0,0.0,0.0,0,118884.0
22,9,191,270,0,1,6,0.0,0.0,1.0,0.0,0.0,255,250,0.98,0.01,0.0,0.0,0.0,0.0,0,50612.0
53,5,0,0,0,0,268,1.0,1.0,0.06,0.06,0.0,255,6,0.02,0.08,0.0,1.0,1.0,0.0,1,46812.0
45,1,0,0,0,0,139,0.0,0.0,0.14,0.06,0.0,255,17,0.07,0.06,0.0,0.0,0.0,1.0,1,103663.0
41,9,147,105,0,0,1,0.0,0.0,1.0,0.0,0.0,255,1,0.0,0.85,0.0,0.0,0.0,0.0,0,108773.0
22,9,312,422,0,1,14,0.0,0.0,1.0,0.0,0.0,15,255,1.0,0.0,0.15,0.0,0.0,0.93,0,75773.0
22,9,239,1206,0,1,29,0.0,0.0,1.0,0.0,0.0,255,255,1.0,0.0,0.0,0.0,0.0,0.0,0,10144.0
22,9,222,1483,0,1,7,0.0,0.0,1.0,0.0,0.0,255,255,1.0,0.0,0.0,0.0,0.0,0.0,0,2824.0
45,9,1,0,0,0,12,0.0,0.0,0.42,0.17,0.0,255,71,0.28,0.16,0.0,0.0,0.0,0.0,1,114248.0
45,5,0,0,0,0,77,1.0,1.0,0.01,0.09,0.0,255,18,0.07,0.07,0.0,1.0,1.0,0.0,1,103409.0
19,9,259,0,0,0,2,0.0,0.0,1.0,0.0,0.0,162,60,0.32,0.03,0.03,0.0,0.0,0.0,0,58400.0
49,9,692,328,0,1,1,0.0,0.0,1.0,0.0,1.0,236,112,0.47,0.05,0.0,0.01,0.0,0.0,0,32616.0
22,1,0,0,0,0,1,0.0,0.0,1.0,0.0,0.0,25,255,1.0,0.0,0.17,0.0,0.0,0.98,0,57245.0
14,9,520,0,0,0,479,0.0,0.0,1.0,0.0,0.0,144,144,1.0,0.0,0.0,0.0,0.0,0.0,1,30154.0
38,1,0,0,0,0,128,0.0,0.0,0.15,0.07,0.0,255,19,0.07,0.07,0.0,0.0,0.0,1.0,1,22629.0
45,5,0,0,0,0,189,1.0,1.0,0.01,0.06,0.0,255,15,0.06,0.07,0.0,1.0,1.0,0.0,1,58733.0
13,9,8,0,0,0,1,0.0,0.0,1.0,0.0,1.0,2,116,1.0,0.0,0.5,0.0,0.0,0.0,1,40067.0
30,5,0,0,0,0,122,1.0,1.0,0.02,0.07,0.0,255,5,0.02,0.08,0.0,1.0,1.0,0.0,1,18438.0
41,9,113,0,0,0,30,0.0,0.0,0.97,0.07,0.0,255,29,0.11,0.53,0.0,0.0,0.0,0.0,0,58548.0
11,9,43,123,0,0,58,0.0,0.0,1.0,0.0,0.0,255,255,1.0,0.0,0.0,0.0,0.0,0.0,0,104952.0
45,5,0,0,0,0,138,1.0,1.0,0.08,0.06,0.0,255,9,0.04,0.06,0.0,1.0,1.0,0.0,1,89766.0
14,9,1032,0,0,0,511,0.0,0.0,1.0,0.0,0.0,255,251,0.98,0.02,0.0,0.0,0.0,0.0,1,93236.0
49,9,2162,334,0,1,1,0.0,0.0,1.0,0.0,0.0,70,166,0.64,0.07,0.02,0.0,0.0,0.0,0,6687.0
45,1,0,0,0,0,249,0.0,0.0,0.06,0.07,0.0,255,15,0.06,0.08,0.0,0.0,0.0,1.0,1,73961.0
45,5,0,0,0,0,137,1.0,1.0,0.15,0.06,0.0,255,19,0.07,0.06,0.0,1.0,1.0,0.0,1,72362.0
49,9,667,332,0,1,1,0.0,0.0,1.0,0.0,0.75,122,104,0.43,0.05,0.02,0.01,0.01,0.0,0,889.0
41,9,145,0,0,0,4,0.0,0.0,0.25,0.75,0.0,255,1,0.0,0.62,0.0,0.0,0.0,0.0,0,25507.0
4,5,0,0,0,0,214,1.0,1.0,0.03,0.06,0.0,255,18,0.07,0.08,0.0,1.0,1.0,0.0,1,111967.0
13,9,8,0,0,0,1,0.0,0.0,1.0,0.0,1.0,1,28,1.0,0.0,0.54,0.0,0.0,0.0,1,39949.0
22,9,208,1248,0,1,4,0.0,0.0,1.0,0.0,0.4,4,255,1.0,0.0,0.05,0.0,0.0,0.0,0,123548.0
41,4,1,0,0,0,2,0.0,0.0,1.0,0.0,0.0,255,2,0.01,0.73,0.0,0.0,0.0,1.0,1,77404.0
42,5,0,0,0,0,169,1.0,1.0,0.08,0.08,0.0,255,14,0.05,0.07,0.0,1.0,1.0,0.0,1,59958.0
11,9,46,137,0,0,36,0.0,0.0,1.0,0.0,0.01,94,200,0.84,0.02,0.01,0.0,0.0,0.0,0,105117.0
19,9,334,0,0,1,2,0.0,0.0,1.0,0.0,0.0,4,12,1.0,0.0,0.25,0.0,0.0,0.0,1,98655.0
45,4,0,0,0,0,1,0.0,0.0,1.0,0.0,0.0,240,1,0.0,0.59,0.0,0.0,0.0,1.0,1,98986.0
49,9,1917,390,0,1,1,0.0,0.0,1.0,0.0,0.0,133,120,0.58,0.04,0.02,0.01,0.0,0.0,0,107866.0
31,5,0,0,0,0,150,1.0,1.0,0.01,0.06,0.0,255,1,0.0,0.07,0.0,1.0,1.0,0.0,1,99775.0
22,9,232,1095,0,1,12,0.0,0.0,1.0,0.0,0.15,99,255,1.0,0.0,0.02,0.0,0.0,0.04,0,17937.0
45,5,0,0,0,0,102,1.0,1.0,0.16,0.06,0.0,255,19,0.07,0.07,0.0,1.0,1.0,0.0,1,70688.0
19,9,245,0,0,1,2,0.0,0.0,1.0,0.0,0.0,10,65,0.2,0.4,0.03,0.0,0.05,0.0,0,115250.0
11,9,40,106,0,0,1,0.0,0.0,1.0,0.0,0.0,255,231,0.91,0.01,0.0,0.0,0.0,0.0,0,60122.0
22,9,311,312,0,1,19,0.0,0.0,1.0,0.0,0.0,60,255,1.0,0.0,0.05,0.0,0.0,0.0,0,100700.0
49,9,1240,325,0,1,1,0.0,0.0,1.0,0.0,0.0,180,196,0.77,0.02,0.01,0.0,0.0,0.0,0,19010.0
45,5,0,0,0,0,194,1.0,1.0,0.09,0.05,0.0,255,4,0.02,0.08,0.0,1.0,1.0,0.0,1,64283.0
22,9,234,23776,0,1,3,0.0,0.0,1.0,0.0,0.0,62,236,1.0,0.0,0.01,0.0,0.0,0.0,0,24237.0
22,9,244,632,0,1,1,0.0,0.0,1.0,0.0,0.12,6,255,1.0,0.0,0.04,0.0,0.0,0.0,0,21852.0
22,9,223,1294,0,1,8,0.0,0.0,1.0,0.0,0.0,8,255,1.0,0.0,0.04,0.0,0.0,0.0,0,79174.0
22,9,242,19341,0,1,5,0.0,0.0,1.0,0.0,0.0,255,255,1.0,0.0,0.0,0.01,0.01,0.0,0,78942.0
13,9,8,0,0,0,1,0.0,0.0,1.0,0.0,1.0,1,97,1.0,0.0,0.26,0.0,0.0,0.0,1,33751.0
22,2,0,0,0,1,1,0.0,0.0,1.0,0.0,1.0,1,255,1.0,0.0,0.03,0.0,0.0,0.0,0,76331.0
13,9,8,0,0,0,1,0.0,0.0,1.0,0.0,1.0,1,101,1.0,0.0,0.26,0.0,0.0,0.0,1,117539.0
22,9,302,371,0,1,2,0.0,0.0,1.0,0.0,0.0,10,255,1.0,0.0,0.06,0.0,0.0,0.0,0,58410.0
19,9,1699,0,0,1,8,0.0,0.0,1.0,0.0,0.0,48,40,0.42,0.1,0.05,0.0,0.0,0.0,0,97871.0
7,5,0,0,0,0,117,1.0,1.0,0.13,0.07,0.0,177,15,0.08,0.07,0.0,1.0,1.0,0.0,1,99925.0
22,9,288,301,0,1,29,0.0,0.0,1.0,0.0,0.11,255,255,1.0,0.0,0.0,0.0,0.0,0.0,0,32916.0
11,9,45,80,0,0,144,0.0,0.0,1.0,0.0,0.0,255,255,1.0,0.0,0.0,0.0,0.0,0.0,0,66709.0
45,5,0,0,0,0,274,1.0,1.0,0.01,0.06,0.0,255,15,0.06,0.07,0.0,1.0,1.0,0.0,1,115412.0
22,9,211,1043,0,1,3,0.33,0.33,1.0,0.0,0.0,15,255,1.0,0.0,0.02,0.07,0.01,0.0,0,46652.0
49,9,638,339,0,1,1,0.0,0.0,1.0,0.0,0.0,229,174,0.68,0.02,0.01,0.0,0.0,0.0,0,20282.0
22,9,220,1941,0,1,8,0.0,0.0,1.0,0.0,0.0,255,255,1.0,0.0,0.0,0.0,0.0,0.0,0,45033.0
49,9,1534,384,0,1,1,0.0,0.0,1.0,0.0,0.0,255,70,0.27,0.05,0.0,0.49,0.0,0.0,0,34134.0
49,9,844,329,0,1,1,0.0,0.0,1.0,0.0,0.0,20,18,0.9,0.15,0.0,0.0,0.0,0.0,0,97036.0
55,9,697,94872,0,1,1,0.0,0.0,1.0,0.0,0.0,255,7,0.03,0.06,0.0,0.93,0.0,0.29,0,75655.0
22,9,249,290,0,1,29,0.0,0.0,1.0,0.0,0.14,255,255,1.0,0.0,0.0,0.0,0.0,0.0,0,125867.0
45,5,0,0,0,0,147,1.0,1.0,0.13,0.05,0.0,255,15,0.06,0.07,0.0,1.0,1.0,0.0,1,12386.0
22,9,320,2233,0,1,10,0.0,0.07,1.0,0.0,0.21,131,255,1.0,0.0,0.03,0.0,0.0,0.0,0,18283.0
22,9,314,2698,0,1,2,0.0,0.0,1.0,0.0,0.0,255,253,0.99,0.01,0.0,0.0,0.0,0.0,0,48594.0
55,9,590,1050583,0,1,1,0.0,0.0,1.0,0.0,0.0,175,30,0.17,0.03,0.0,0.0,0.0,0.0,0,70198.0
19,9,74,0,0,1,2,0.0,0.0,1.0,0.0,0.5,121,109,0.17,0.02,0.02,0.07,0.0,0.0,0,1240.0
51,5,0,0,0,0,265,1.0,1.0,0.07,0.06,0.0,255,19,0.07,0.07,0.0,1.0,1.0,0.0,1,99353.0
13,9,8,0,0,0,1,0.0,0.0,1.0,0.0,0.0,2,66,1.0,0.0,0.5,0.0,0.0,0.0,1,98339.0
49,9,977,365,0,1,1,0.0,0.0,1.0,0.0,0.0,45,164,0.69,0.09,0.01,0.0,0.0,0.0,0,77468.0
19,5,0,0,0,0,237,1.0,1.0,0.1,0.05,0.0,255,24,0.09,0.06,0.0,1.0,1.0,0.0,1,108417.0
22,9,215,12922,0,1,2,0.0,0.0,1.0,0.0,0.4,125,255,1.0,0.0,0.01,0.0,0.0,0.0,0,58062.0
22,9,0,2761,0,0,2,0.5,0.33,1.0,0.0,0.67,255,255,1.0,0.0,0.0,0.01,0.01,0.02,0,110708.0
45,5,0,0,0,0,206,1.0,1.0,0.04,0.06,0.0,255,20,0.08,0.06,0.0,1.0,1.0,0.0,1,80751.0
49,9,1080,329,0,1,1,0.0,0.0,1.0,0.0,0.0,65,119,0.85,0.05,0.02,0.0,0.0,0.0,0,122929.0
52,5,0,0,0,0,279,1.0,1.0,0.01,0.05,0.0,255,2,0.01,0.05,0.0,1.0,1.0,0.0,1,49296.0
19,9,12,0,0,1,1,0.0,0.0,1.0,0.0,0.0,6,103,0.83,0.33,0.03,0.0,0.01,0.0,0,20256.0
45,1,0,0,0,0,298,0.0,0.0,0.03,0.05,0.0,255,10,0.04,0.06,0.0,0.0,0.0,1.0,1,25544.0
41,9,147,0,0,0,3,0.0,0.0,0.33,0.67,0.0,255,1,0.0,0.6,0.0,0.0,0.0,0.0,0,71021.0
22,9,311,16025,0,1,9,0.0,0.0,1.0,0.0,0.0,255,255,1.0,0.0,0.0,0.0,0.0,0.0,0,8078.0
22,9,346,792,0,1,1,0.0,0.0,1.0,0.0,0.0,1,170,1.0,0.0,0.16,0.0,0.0,0.99,0,96087.0
45,5,0,0,0,0,239,1.0,1.0,0.06,0.05,0.0,255,14,0.05,0.08,0.0,1.0,1.0,0.0,1,21993.0
22,9,54540,8314,0,1,3,0.0,0.0,1.0,0.0,0.0,255,255,1.0,0.0,0.0,0.0,0.0,0.03,1,29674.0
13,9,18,0,0,0,1,0.0,0.0,1.0,0.0,0.0,1,16,1.0,0.0,1.0,0.0,0.0,0.0,1,17.0
11,9,46,137,0,0,180,0.0,0.0,1.0,0.0,0.0,255,251,0.98,0.01,0.0,0.0,0.0,0.0,0,102417.0
11,9,44,72,0,0,274,0.0,0.0,1.0,0.0,0.0,255,254,1.0,0.01,0.0,0.0,0.0,0.0,0,43969.0
11,9,44,131,0,0,226,0.0,0.0,1.0,0.0,0.01,255,253,0.99,0.01,0.0,0.0,0.0,0.0,0,95013.0
22,9,230,8728,0,1,5,0.0,0.0,1.0,0.0,0.0,5,255,1.0,0.0,0.04,0.0,0.0,0.04,0,122499.0
45,5,0,0,0,0,277,1.0,1.0,0.04,0.06,0.0,255,9,0.04,0.06,0.0,1.0,1.0,0.0,1,110719.0
22,7,322,273,0,1,1,1.0,1.0,1.0,0.0,0.0,255,248,0.97,0.01,0.0,0.03,0.03,0.0,0,59944.0
19,5,0,0,0,0,208,1.0,1.0,0.07,0.07,0.0,255,15,0.06,0.07,0.0,1.0,1.0,0.0,1,123448.0
14,9,1480,0,1,0,10,0.0,0.0,1.0,0.0,0.0,255,12,0.05,0.02,0.0,0.0,0.0,0.0,1,70868.0
22,9,215,294,0,1,16,0.0,0.0,1.0,0.0,0.0,255,255,1.0,0.0,0.0,0.0,0.0,0.0,0,96775.0
11,9,46,46,0,0,2,0.0,0.0,1.0,0.0,0.67,255,255,1.0,0.0,0.0,0.0,0.0,0.0,0,101819.0
22,9,222,938,0,1,7,0.0,0.0,1.0,0.0,0.0,255,255,1.0,0.0,0.0,0.0,0.0,0.0,0,89845.0
26,1,0,0,0,0,253,0.0,0.0,0.05,0.07,0.0,255,13,0.05,0.07,0.0,0.0,0.0,1.0,1,87003.0
45,10,0,0,0,0,1,1.0,1.0,1.0,0.0,0.0,132,1,0.01,0.92,0.0,0.94,1.0,0.0,1,22311.0
17,5,0,0,0,0,26,1.0,1.0,0.23,0.08,0.0,68,10,0.09,0.06,0.2,0.97,0.6,0.0,1,81152.0
22,9,215,10622,0,1,9,0.0,0.0,1.0,0.0,0.0,60,255,1.0,0.0,0.05,0.0,0.0,0.0,0,102753.0
29,5,0,0,0,0,133,1.0,1.0,0.15,0.06,0.0,255,20,0.08,0.06,0.0,1.0,1.0,0.0,1,7219.0
19,9,4892,0,0,1,10,0.0,0.0,1.0,0.0,0.0,72,78,0.64,0.04,0.04,0.0,0.0,0.0,0,107720.0
45,5,0,0,0,0,76,1.0,1.0,0.32,0.07,0.0,255,24,0.09,0.05,0.0,1.0,1.0,0.0,1,4281.0
19,9,192,0,0,1,2,0.0,0.0,1.0,0.0,0.0,255,78,0.31,0.02,0.0,0.0,0.0,0.0,0,88742.0
45,9,1,0,0,0,52,0.0,0.0,0.12,0.1,0.0,255,6,0.02,0.25,0.0,0.02,0.0,0.0,1,28861.0
45,5,0,0,0,0,182,0.58,1.0,0.01,0.05,0.0,255,11,0.04,0.07,0.0,1.0,1.0,0.0,1,103127.0
38,5,0,0,0,0,115,1.0,1.0,0.03,0.06,0.0,255,17,0.07,0.07,0.0,1.0,1.0,0.0,1,48930.0
22,9,252,1542,0,1,13,0.0,0.0,1.0,0.0,0.13,160,255,1.0,0.0,0.02,0.01,0.01,0.0,0,53351.0
45,5,0,0,0,0,132,1.0,1.0,0.08,0.07,0.0,255,11,0.04,0.07,0.0,1.0,1.0,0.0,1,86034.0
11,9,44,69,0,0,139,0.0,0.0,1.0,0.0,0.0,255,254,1.0,0.01,0.0,0.0,0.0,0.0,0,115464.0
22,9,200,955,0,1,1,0.0,0.0,1.0,0.0,0.0,131,255,1.0,0.0,0.03,0.0,0.0,0.0,0,6065.0
25,5,0,0,0,0,283,1.0,1.0,0.05,0.06,0.0,255,13,0.05,0.06,0.0,1.0,1.0,0.0,1,12708.0
22,1,0,0,0,0,213,0.0,0.0,0.03,0.07,0.0,255,7,0.03,0.08,0.0,0.0,0.0,1.0,1,61476.0
36,5,0,0,0,0,241,1.0,1.0,0.01,0.07,0.0,255,3,0.01,0.07,0.0,1.0,1.0,0.0,1,123888.0
22,9,332,2505,0,1,12,0.0,0.0,1.0,0.0,0.0,123,123,1.0,0.0,0.0,0.0,0.0,0.0,0,65602.0
22,9,221,37127,0,1,3,0.0,0.0,1.0,0.0,0.31,11,255,1.0,0.0,0.03,0.0,0.0,0.0,0,58256.0
13,9,8,0,0,0,1,0.0,0.0,1.0,0.0,1.0,3,211,1.0,0.0,0.25,0.0,0.0,0.0,1,31418.0
49,7,762,331,0,1,1,1.0,1.0,1.0,0.0,0.0,81,166,0.83,0.05,0.01,0.02,0.01,0.0,0,46054.0
49,9,815,385,0,1,1,0.0,0.0,1.0,0.0,0.0,255,34,0.13,0.06,0.0,0.71,0.0,0.0,0,113430.0
22,9,246,11889,0,1,6,0.0,0.0,1.0,0.0,0.0,255,255,1.0,0.0,0.0,0.0,0.0,0.0,0,67107.0
55,5,0,0,0,0,210,1.0,1.0,0.07,0.05,0.0,255,15,0.06,0.05,0.0,1.0,1.0,0.0,1,102357.0
41,9,147,0,0,0,3,0.33,0.0,0.33,0.67,0.0,255,1,0.0,0.62,0.0,0.0,0.0,0.0,0,89469.0
22,9,303,644,0,1,3,0.0,0.0,1.0,0.0,0.0,33,255,1.0,0.0,0.04,0.0,0.0,0.0,0,96107.0
22,9,517,20625,0,1,2,0.0,0.0,1.0,0.0,0.0,66,255,1.0,0.0,0.04,0.02,0.01,0.0,0,64143.0
22,9,224,11631,0,1,3,0.0,0.0,1.0,0.0,0.0,3,255,1.0,0.0,0.01,0.0,0.0,0.0,0,87330.0
49,9,1254,327,0,1,1,0.0,0.0,1.0,0.0,1.0,100,184,0.94,0.02,0.02,0.01,0.01,0.0,0,112909.0
53,5,0,0,0,0,150,1.0,1.0,0.03,0.07,0.0,255,2,0.01,0.07,0.0,1.0,1.0,0.0,1,68742.0
11,9,45,127,0,0,70,0.0,0.0,1.0,0.0,0.01,255,237,0.93,0.01,0.0,0.0,0.0,0.0,0,24564.0
22,1,0,0,0,0,224,0.0,0.0,0.01,0.07,0.0,255,3,0.01,0.07,0.0,0.0,0.0,1.0,1,101785.0
55,9,221,1549,0,1,1,0.0,0.0,1.0,0.0,0.0,128,24,0.19,0.03,0.0,0.01,0.04,0.08,0,57107.0
35,1,0,0,0,0,139,0.0,0.0,0.03,0.06,0.0,255,3,0.01,0.07,0.0,0.0,0.0,1.0,1,49799.0
49,9,1118,333,0,1,1,0.0,0.0,1.0,0.0,0.0,206,170,0.62,0.02,0.01,0.0,0.0,0.05,0,109606.0
49,9,2103,327,0,1,1,0.0,0.0,1.0,0.0,0.0,169,142,0.52,0.02,0.01,0.0,0.0,0.0,0,13671.0
60,5,0,0,0,0,125,1.0,1.0,0.08,0.06,0.0,255,18,0.07,0.07,0.0,1.0,1.0,0.0,1,12338.0
45,5,0,0,0,0,124,1.0,1.0,0.19,0.05,0.0,255,24,0.09,0.04,0.0,1.0,1.0,0.0,1,62309.0
33,5,0,0,0,0,266,1.0,1.0,0.02,0.06,0.0,255,4,0.02,0.07,0.0,1.0,1.0,0.0,1,63779.0
45,5,0,0,0,0,222,1.0,1.0,0.08,0.06,0.0,255,14,0.05,0.06,0.0,1.0,1.0,0.0,1,19739.0
22,9,220,11277,0,1,22,0.0,0.0,1.0,0.0,0.0,255,255,1.0,0.0,0.0,0.0,0.0,0.0,0,53018.0
22,9,215,354,0,1,32,0.03,0.03,1.0,0.0,0.0,255,255,1.0,0.0,0.0,0.0,0.0,0.0,0,99423.0
13,9,8,0,0,0,1,0.0,0.0,1.0,0.0,1.0,4,44,1.0,0.0,0.25,0.0,0.0,0.0,1,33049.0
45,5,0,0,0,0,191,1.0,1.0,0.13,0.05,0.0,255,25,0.1,0.05,0.0,1.0,1.0,0.0,1,28879.0
19,9,1214,0,0,1,14,0.0,0.0,1.0,0.0,0.0,255,50,0.2,0.02,0.0,0.0,0.0,0.0,0,56416.0
41,9,1,0,0,0,14,0.0,0.0,0.14,0.5,0.0,255,2,0.01,0.2,0.0,0.0,0.0,0.0,1,22031.0
22,9,332,6356,0,1,4,0.0,0.0,1.0,0.0,0.11,255,255,1.0,0.0,0.0,0.0,0.0,0.0,0,8511.0
22,9,263,2919,0,1,5,0.0,0.0,1.0,0.0,0.0,84,255,1.0,0.0,0.15,0.0,0.0,0.77,0,78978.0
22,9,187,316,0,1,7,0.0,0.0,1.0,0.0,0.17,255,255,1.0,0.0,0.0,0.0,0.0,0.0,0,34341.0
49,9,760,326,0,1,1,0.0,0.0,1.0,0.0,0.0,60,30,0.5,0.05,0.0,0.0,0.0,0.0,0,5185.0
57,2,0,0,0,0,174,0.0,0.0,0.06,0.07,0.0,255,11,0.04,0.07,0.0,0.0,0.0,1.0,1,30301.0
22,1,0,0,0,0,1,0.0,0.0,1.0,0.0,1.0,25,255,1.0,0.0,0.16,0.0,0.0,1.0,0,107992.0
45,1,0,0,0,0,1,0.0,0.0,1.0,0.0,0.0,20,2,0.05,1.0,1.0,0.0,0.0,1.0,1,93411.0
55,5,0,0,0,0,214,1.0,1.0,0.06,0.06,0.0,255,13,0.05,0.08,0.0,1.0,1.0,0.0,1,24617.0
11,9,43,130,0,0,78,0.0,0.0,1.0,0.0,0.01,255,217,0.85,0.02,0.0,0.0,0.0,0.0,0,36401.0
45,3,0,0,0,0,169,0.68,0.5,0.01,0.39,0.0,255,2,0.01,0.26,0.0,0.45,0.5,0.5,1,114603.0
22,9,242,16779,0,1,9,0.0,0.0,1.0,0.0,0.14,9,255,1.0,0.0,0.02,0.0,0.0,0.0,0,81541.0
8,5,0,0,0,0,214,1.0,1.0,0.08,0.06,0.0,255,8,0.03,0.08,0.0,1.0,1.0,0.0,1,30170.0
13,9,8,0,0,0,1,0.0,0.0,1.0,0.0,1.0,1,3,1.0,0.0,0.67,0.0,0.0,0.0,1,37343.0
22,9,220,4624,0,1,34,0.0,0.0,1.0,0.0,0.0,255,255,1.0,0.0,0.0,0.0,0.0,0.0,0,80348.0
45,5,0,0,0,0,273,1.0,1.0,0.01,0.06,0.0,255,6,0.02,0.08,0.0,1.0,1.0,0.0,1,37937.0
22,5,0,0,0,0,4,0.25,0.2,1.0,0.0,0.4,255,255,1.0,0.0,0.0,0.01,0.01,0.0,0,80645.0
50,5,0,0,0,0,276,1.0,1.0,0.02,0.06,0.0,255,5,0.02,0.08,0.0,1.0,1.0,0.0,1,23573.0
49,9,1410,331,0,1,2,0.0,0.0,0.5,1.0,1.0,82,151,0.38,0.07,0.03,0.0,0.0,0.0,0,87302.0
22,1,0,0,0,0,1,0.0,0.0,1.0,0.0,0.0,29,255,1.0,0.0,0.23,0.0,0.0,1.0,0,84518.0
45,5,0,0,0,0,240,1.0,1.0,0.07,0.05,0.0,255,17,0.07,0.05,0.0,1.0,1.0,0.0,1,99621.0
22,9,285,1347,0,1,31,0.0,0.0,1.0,0.0,0.0,255,255,1.0,0.0,0.0,0.0,0.0,0.0,0,52776.0
18,9,338,1063,0,1,1,0.0,0.0,1.0,0.0,0.0,63,7,0.11,0.1,0.0,0.0,0.0,0.0,0,61538.0
51,5,0,0,0,0,230,1.0,1.0,0.08,0.06,0.0,255,18,0.07,0.06,0.0,1.0,1.0,0.0,1,99069.0
29,5,0,0,0,0,136,1.0,1.0,0.05,0.06,0.0,255,14,0.05,0.07,0.0,1.0,1.0,0.0,1,72618.0
45,5,0,0,0,0,186,1.0,1.0,0.06,0.07,0.0,255,5,0.02,0.08,0.0,1.0,1.0,0.0,1,94832.0
10,5,0,0,0,0,122,1.0,1.0,0.01,0.07,0.0,255,2,0.01,0.07,0.0,1.0,1.0,0.0,1,107421.0
13,9,18,0,0,0,1,0.0,0.0,1.0,0.0,0.0,2,10,1.0,0.0,0.3,0.0,0.0,0.0,1,105763.0
45,9,1,0,0,0,13,0.0,0.0,0.15,0.15,0.0,255,29,0.11,0.51,0.0,0.03,0.0,0.0,1,6941.0
13,9,8,0,0,0,1,0.0,0.0,1.0,0.0,1.0,2,70,1.0,0.0,0.5,0.0,0.0,0.0,1,6498.0
19,9,71,0,0,1,149,0.99,0.0,0.01,0.06,1.0,255,15,0.06,0.09,0.0,0.78,0.0,0.0,0,84255.0
2,5,0,0,0,0,278,1.0,1.0,0.02,0.06,0.0,255,17,0.07,0.06,0.0,1.0,1.0,0.0,1,69129.0
19,9,319,0,0,0,1,0.0,0.0,1.0,0.0,0.0,168,66,0.35,0.04,0.03,0.0,0.0,0.0,0,29542.0
36,5,0,0,0,0,291,1.0,1.0,0.01,0.06,0.0,255,3,0.01,0.06,0.0,1.0,1.0,0.0,1,75895.0
18,2,0,0,0,0,134,0.0,0.0,0.07,0.07,0.0,255,4,0.02,0.06,0.0,0.0,0.0,1.0,1,111478.0
6,1,0,0,0,0,205,0.0,0.0,0.04,0.07,0.0,255,8,0.03,0.07,0.0,0.0,0.0,1.0,1,91511.0
13,9,18,0,0,0,1,0.0,0.0,1.0,0.0,0.0,1,19,1.0,0.0,1.0,0.0,0.0,0.0,1,121796.0
45,1,0,0,0,0,1,0.0,0.0,1.0,0.0,0.0,53,1,0.02,1.0,0.0,0.0,0.0,1.0,1,64839.0
15,1,0,0,0,0,73,0.0,0.0,0.07,0.07,0.0,255,5,0.02,0.07,0.0,0.0,0.0,1.0,1,74741.0
45,5,0,0,0,0,230,1.0,1.0,0.02,0.06,0.0,255,5,0.02,0.07,0.0,1.0,1.0,0.0,1,120957.0
22,1,0,0,0,0,1,0.0,0.0,1.0,0.0,0.0,1,251,1.0,0.0,0.1,0.0,0.0,0.84,0,124971.0
45,5,0,0,0,0,19,1.0,1.0,1.0,0.0,0.0,255,19,0.07,0.06,0.0,1.0,1.0,0.0,1,61438.0
22,9,323,11485,0,1,21,0.0,0.0,1.0,0.0,0.0,255,255,1.0,0.0,0.0,0.01,0.01,0.0,0,66280.0
3,1,0,0,0,0,1,0.0,0.0,1.0,0.0,0.0,106,4,0.04,0.06,0.0,0.02,0.0,1.0,0,120246.0
53,5,0,0,0,0,210,1.0,1.0,0.09,0.06,0.0,255,19,0.07,0.07,0.0,1.0,1.0,0.0,1,111645.0
45,5,0,0,0,0,225,1.0,1.0,0.06,0.06,0.0,255,12,0.05,0.07,0.0,1.0,1.0,0.0,1,61570.0
19,9,59,0,0,1,23,0.0,0.0,1.0,0.0,0.0,255,98,0.38,0.01,0.0,0.0,0.0,0.0,0,115519.0
22,9,228,1537,0,1,4,0.0,0.0,1.0,0.0,0.0,198,255,1.0,0.0,0.01,0.0,0.0,0.0,0,72230.0
45,9,28,0,3,0,32,0.0,0.0,1.0,0.0,0.0,255,32,0.13,0.01,0.0,0.0,0.0,0.0,1,93895.0
45,5,0,0,0,0,219,1.0,1.0,0.01,0.06,0.0,255,13,0.05,0.07,0.0,1.0,1.0,0.0,1,9076.0
22,9,323,2483,0,1,31,0.0,0.0,1.0,0.0,0.0,255,255,1.0,0.0,0.0,0.0,0.0,0.0,0,116129.0
14,9,1032,0,0,0,147,0.0,0.0,1.0,0.0,0.0,255,147,0.58,0.01,0.0,0.0,0.0,0.0,1,53946.0
22,9,209,15452,0,1,16,0.0,0.0,1.0,0.0,0.0,216,255,1.0,0.0,0.01,0.0,0.0,0.0,0,46787.0
45,5,0,0,0,0,209,1.0,1.0,0.05,0.06,0.0,255,17,0.07,0.07,0.0,1.0,1.0,0.0,1,10908.0
3,5,0,0,0,0,238,1.0,1.0,0.01,0.07,0.0,255,2,0.01,0.07,0.0,1.0,1.0,0.0,1,14114.0
22,9,197,5790,0,1,1,0.0,0.0,1.0,0.0,0.0,255,255,1.0,0.0,0.0,0.0,0.0,0.0,0,48305.0
49,9,590,326,0,1,1,0.0,0.0,1.0,0.0,1.0,255,25,0.1,0.62,0.0,0.0,0.0,0.0,0,35146.0
2,5,0,0,0,0,257,1.0,1.0,0.09,0.05,0.0,255,23,0.09,0.05,0.0,1.0,1.0,0.0,1,88894.0
45,5,0,0,0,0,76,1.0,1.0,0.26,0.09,0.0,255,20,0.08,0.08,0.0,1.0,1.0,0.0,1,70828.0
13,9,8,0,0,0,1,0.0,0.0,1.0,0.0,1.0,2,86,1.0,0.0,0.5,0.0,0.0,0.0,1,64037.0
45,5,0,0,0,0,191,1.0,1.0,0.1,0.06,0.0,255,1,0.0,0.08,0.0,1.0,1.0,0.0,1,6984.0
19,5,0,0,0,0,226,1.0,1.0,0.01,0.06,0.0,255,3,0.01,0.06,0.0,1.0,1.0,0.0,1,121387.0
49,9,907,341,0,1,1,0.0,0.0,1.0,0.0,1.0,212,159,0.68,0.02,0.01,0.0,0.0,0.0,0,57164.0
14,9,1032,0,0,0,335,0.0,0.0,1.0,0.0,0.0,255,255,1.0,0.0,0.0,0.0,0.0,0.0,1,20890.0
54,5,0,0,0,0,228,1.0,1.0,0.05,0.06,0.0,255,11,0.04,0.06,0.0,1.0,1.0,0.0,1,92110.0
22,9,307,2999,0,1,24,0.08,0.08,1.0,0.0,0.0,70,255,1.0,0.0,0.03,0.01,0.0,0.0,0,101596.0
60,5,0,0,0,0,129,1.0,1.0,0.05,0.06,0.0,255,6,0.02,0.07,0.0,1.0,1.0,0.0,1,105338.0
43,9,35,130,0,1,1,0.0,0.0,1.0,0.0,0.0,255,4,0.02,0.03,0.0,0.0,0.0,0.0,0,67891.0
45,5,0,0,0,0,13,1.0,1.0,0.69,0.23,0.0,255,9,0.04,0.08,0.0,1.0,1.0,0.0,1,64518.0
19,9,748,0,0,0,1,0.0,0.0,1.0,0.0,0.0,185,77,0.32,0.02,0.03,0.0,0.0,0.0,0,43445.0
11,9,42,42,0,0,5,0.0,0.0,1.0,0.0,0.23,255,234,0.92,0.01,0.0,0.0,0.0,0.0,0,114977.0
19,5,0,0,0,0,4,1.0,1.0,1.0,0.0,0.0,255,53,0.21,0.02,0.0,1.0,1.0,0.0,1,12679.0
45,5,0,0,0,0,228,1.0,1.0,0.01,0.07,0.0,255,19,0.07,0.07,0.0,1.0,1.0,0.0,1,67311.0
2,5,0,0,0,0,278,1.0,1.0,0.02,0.06,0.0,255,5,0.02,0.06,0.0,1.0,1.0,0.0,1,51137.0
18,5,0,0,0,0,278,1.0,1.0,0.06,0.05,0.0,255,5,0.02,0.09,0.0,1.0,1.0,0.0,1,1992.0
13,9,30,0,0,0,1,0.0,0.0,1.0,0.0,0.0,242,242,1.0,0.0,0.0,0.0,0.0,0.0,0,100220.0
45,9,1,0,0,0,26,0.0,0.0,0.88,0.08,0.0,255,23,0.09,0.26,0.0,0.0,0.0,0.0,1,113935.0
22,9,293,408,0,1,30,0.0,0.03,1.0,0.0,0.06,150,255,1.0,0.0,0.01,0.0,0.0,0.0,0,118991.0
19,9,852,0,0,1,1,0.0,0.0,1.0,0.0,1.0,9,11,0.78,0.22,0.18,0.0,0.0,0.0,0,62838.0
45,9,207,0,0,0,2,0.0,0.0,1.0,0.0,0.0,30,30,1.0,0.0,0.0,0.0,0.0,0.0,1,100904.0
45,9,28,0,3,0,24,0.0,0.0,1.0,0.0,0.0,255,24,0.09,0.01,0.0,0.0,0.0,0.0,1,97371.0
22,9,237,2698,0,1,5,0.0,0.0,1.0,0.0,0.0,255,252,0.99,0.01,0.0,0.0,0.0,0.0,0,39652.0
49,9,843,332,0,1,1,0.0,0.0,1.0,0.0,0.0,13,124,0.62,0.23,0.02,0.0,0.32,0.0,0,117432.0
39,5,0,0,0,0,281,1.0,1.0,0.09,0.05,0.0,255,24,0.09,0.05,0.0,1.0,1.0,0.0,1,16312.0
30,5,0,0,0,0,240,1.0,1.0,0.02,0.07,0.0,255,4,0.02,0.08,0.0,1.0,1.0,0.0,1,89452.0
61,5,0,0,0,0,231,1.0,1.0,0.03,0.06,0.0,255,7,0.03,0.08,0.0,1.0,1.0,0.0,1,106702.0
22,9,310,2350,0,1,8,0.0,0.0,1.0,0.0,0.0,8,94,1.0,0.0,0.09,0.0,0.0,0.0,0,116177.0
19,9,334,0,0,1,2,0.0,0.0,1.0,0.0,0.0,6,27,1.0,0.0,0.19,0.0,0.04,0.0,1,43648.0
22,1,0,0,0,0,1,0.0,0.0,1.0,0.0,0.0,67,255,1.0,0.0,0.27,0.0,0.0,1.0,0,56498.0
19,5,0,0,0,0,40,1.0,1.0,0.5,0.05,0.0,255,20,0.08,0.06,0.0,1.0,1.0,0.0,1,52434.0
22,1,0,0,0,0,1,0.0,0.0,1.0,0.0,1.0,1,255,1.0,0.0,0.05,0.0,0.0,0.51,0,102416.0
41,9,145,105,0,0,1,0.0,0.0,1.0,0.0,0.0,255,1,0.0,0.79,0.0,0.0,0.0,0.0,0,27246.0
45,1,0,0,0,0,1,0.0,0.0,1.0,0.0,0.0,44,2,0.02,1.0,1.0,0.0,0.0,1.0,1,100119.0
22,9,205,1246,0,1,6,0.0,0.0,1.0,0.0,0.0,255,255,1.0,0.0,0.0,0.0,0.0,0.0,0,60945.0
59,9,78,0,0,0,15,0.0,0.0,0.2,0.13,0.0,255,11,0.04,0.01,0.0,0.0,0.0,0.0,0,25961.0
49,9,1072,329,0,1,1,0.0,0.0,1.0,0.0,0.0,255,182,0.71,0.03,0.0,0.0,0.0,0.0,0,62812.0
11,9,44,129,0,0,68,0.0,0.0,1.0,0.0,0.01,255,255,1.0,0.0,0.0,0.0,0.0,0.0,0,106722.0
62,5,0,0,0,0,298,1.0,1.0,0.07,0.06,0.0,255,20,0.08,0.09,0.0,1.0,1.0,0.0,1,65133.0
14,9,1032,0,0,0,511,0.0,0.0,1.0,0.0,0.0,255,223,0.87,0.08,0.0,0.0,0.0,0.0,1,22229.0
54,5,0,0,0,0,295,1.0,1.0,0.01,0.06,0.0,255,2,0.01,0.09,0.0,1.0,1.0,0.0,1,17847.0
45,9,105,146,0,0,1,0.0,0.0,1.0,0.0,0.0,255,253,0.99,0.01,0.0,0.0,0.0,0.0,0,78342.0
22,9,280,5592,0,1,1,0.0,0.0,1.0,0.0,0.0,69,255,1.0,0.0,0.02,0.0,0.0,0.0,0,22810.0
10,5,0,0,0,0,290,1.0,1.0,0.04,0.06,0.0,255,9,0.04,0.06,0.0,1.0,1.0,0.0,1,103283.0
22,9,314,476,0,1,6,0.0,0.0,1.0,0.0,0.36,6,255,1.0,0.0,0.04,0.0,0.0,0.0,0,6698.0
13,9,8,0,0,0,1,0.0,0.0,1.0,0.0,1.0,4,216,1.0,0.0,0.25,0.0,0.0,0.0,1,28920.0
11,9,44,71,0,0,268,0.0,0.0,1.0,0.0,0.0,255,239,0.94,0.01,0.0,0.0,0.0,0.0,0,67724.0
22,9,325,2000,0,1,7,0.14,0.07,1.0,0.0,0.13,50,255,1.0,0.0,0.04,0.04,0.01,0.0,0,96073.0
49,9,1585,442,0,1,2,0.0,0.0,1.0,0.0,0.75,155,106,0.59,0.05,0.02,0.01,0.0,0.0,0,2171.0
41,9,146,105,0,0,1,0.0,0.0,1.0,0.0,0.0,255,1,0.0,0.85,0.0,0.0,0.0,0.0,0,38815.0
13,9,8,0,0,0,1,0.0,0.0,1.0,0.0,1.0,3,223,1.0,0.0,0.25,0.0,0.0,0.0,1,1370.0
38,5,0,0,0,0,100,1.0,1.0,0.03,0.06,0.0,255,4,0.02,0.07,0.0,1.0,1.0,0.0,1,87472.0
46,1,0,0,0,0,113,0.0,0.0,0.01,0.06,0.0,255,1,0.0,0.07,0.0,0.0,0.0,1.0,1,52356.0
29,5,0,0,0,0,97,1.0,1.0,0.01,0.07,0.0,255,1,0.0,0.06,0.0,1.0,1.0,0.0,1,53661.0
45,5,0,0,0,0,139,1.0,1.0,0.16,0.04,0.0,255,22,0.09,0.05,0.0,1.0,1.0,0.0,1,6515.0
19,5,0,0,0,0,286,1.0,1.0,0.01,0.05,0.0,255,4,0.02,0.05,0.0,1.0,1.0,0.0,1,73369.0
36,5,0,0,0,0,238,1.0,1.0,0.06,0.07,0.0,255,15,0.06,0.08,0.0,1.0,1.0,0.0,1,107362.0
26,5,0,0,0,0,299,1.0,1.0,0.03,0.06,0.0,255,7,0.03,0.07,0.0,1.0,1.0,0.0,1,67720.0
49,9,631,338,0,1,1,0.0,0.0,1.0,0.0,0.0,50,143,0.54,0.12,0.01,0.0,0.01,0.0,0,10239.0
22,9,203,1442,0,1,9,0.0,0.0,1.0,0.0,0.15,30,255,1.0,0.0,0.04,0.0,0.0,0.0,0,53246.0
45,5,0,0,0,0,109,1.0,1.0,0.01,0.07,0.0,255,3,0.01,0.06,0.0,1.0,1.0,0.0,1,119416.0
19,9,748,0,0,1,1,0.0,0.0,1.0,0.0,0.0,114,35,0.1,0.04,0.06,0.0,0.03,0.0,0,35308.0
11,9,42,72,0,0,180,0.0,0.0,1.0,0.0,0.0,255,198,0.78,0.01,0.0,0.0,0.0,0.0,0,109586.0
18,9,242,773,0,1,1,0.0,0.0,1.0,0.0,0.0,155,25,0.16,0.03,0.0,0.0,0.0,0.0,0,96393.0
7,5,0,0,0,0,107,1.0,1.0,0.05,0.07,0.0,67,5,0.07,0.12,0.0,1.0,1.0,0.0,1,14652.0
22,9,216,6163,0,1,10,0.0,0.0,1.0,0.0,0.14,149,255,1.0,0.0,0.01,0.0,0.0,0.0,0,50521.0
45,5,0,0,0,0,115,0.99,1.0,0.08,0.07,0.0,255,12,0.05,0.07,0.0,1.0,1.0,0.0,1,101032.0
61,5,0,0,0,0,116,1.0,1.0,0.15,0.05,0.0,255,1,0.0,0.07,0.0,1.0,1.0,0.0,1,66388.0
22,9,202,434,0,1,21,0.0,0.0,1.0,0.0,0.1,255,255,1.0,0.0,0.0,0.0,0.0,0.0,0,112581.0
22,9,197,25519,0,1,3,0.0,0.0,1.0,0.0,0.17,255,255,1.0,0.0,0.0,0.0,0.0,0.0,0,99117.0
19,5,0,0,0,0,29,0.97,1.0,0.28,0.1,0.0,255,20,0.08,0.06,0.0,1.0,1.0,0.0,1,94647.0
45,5,0,0,0,0,241,1.0,1.0,0.05,0.07,0.0,255,13,0.05,0.08,0.0,1.0,1.0,0.0,1,38597.0
38,5,0,0,0,0,94,1.0,1.0,0.09,0.06,0.0,255,8,0.03,0.05,0.0,1.0,1.0,0.0,1,29002.0
22,9,209,8419,0,1,6,0.0,0.0,1.0,0.0,0.0,173,255,1.0,0.0,0.01,0.01,0.0,0.0,0,82745.0
45,5,0,0,0,0,285,1.0,1.0,0.08,0.04,0.0,145,22,0.15,0.07,0.0,0.99,1.0,0.0,1,76684.0
22,9,319,1374,0,1,3,0.0,0.0,1.0,0.0,0.17,255,255,1.0,0.0,0.0,0.0,0.0,0.0,0,50889.0
45,5,0,0,0,0,119,1.0,1.0,0.06,0.06,0.0,255,17,0.07,0.07,0.0,1.0,1.0,0.0,1,46180.0
22,9,226,1188,0,1,7,0.0,0.0,1.0,0.0,0.0,7,255,1.0,0.0,0.04,0.0,0.0,0.0,0,108567.0
45,4,0,0,0,0,1,0.0,0.0,1.0,0.0,0.0,255,1,0.0,0.99,0.0,0.0,0.0,1.0,1,38994.0
35,5,0,0,0,0,284,1.0,1.0,0.07,0.06,0.0,255,20,0.08,0.06,0.0,1.0,1.0,0.0,1,73663.0
22,7,303,1381,0,1,1,1.0,1.0,1.0,0.0,0.0,255,248,0.97,0.01,0.0,0.02,0.02,0.0,0,7335.0
45,5,0,0,0,0,207,1.0,1.0,0.04,0.06,0.0,255,8,0.03,0.05,0.0,1.0,1.0,0.0,1,40796.0
49,9,1804,332,0,1,1,0.0,0.0,1.0,0.0,0.0,19,90,0.95,0.11,0.02,0.0,0.0,0.0,0,56809.0
45,5,0,0,0,0,174,1.0,1.0,0.01,0.06,0.0,213,1,0.0,0.07,0.0,0.93,1.0,0.0,1,73785.0
11,9,43,43,0,0,64,0.0,0.0,1.0,0.0,0.01,255,255,1.0,0.0,0.0,0.0,0.0,0.0,0,73280.0
18,9,58,189,0,0,1,0.0,0.0,1.0,0.0,0.0,116,26,0.22,0.03,0.0,0.03,0.08,0.0,0,121682.0
50,5,0,0,0,0,166,1.0,1.0,0.02,0.08,0.0,255,4,0.02,0.08,0.0,1.0,1.0,0.0,1,107489.0
22,9,314,28320,0,1,19,0.0,0.0,1.0,0.0,0.0,19,255,1.0,0.0,0.05,0.0,0.0,0.0,0,70869.0
19,9,567,0,0,1,1,0.0,0.0,1.0,0.0,0.0,220,77,0.32,0.1,0.03,0.01,0.03,0.0,0,115278.0
59,9,182,0,0,0,2,0.0,0.0,1.0,0.0,0.0,255,16,0.06,0.01,0.0,0.0,0.0,0.0,0,109126.0
11,9,46,133,0,0,145,0.0,0.0,1.0,0.0,0.01,255,255,1.0,0.0,0.0,0.0,0.0,0.0,0,16414.0
62,5,0,0,0,0,111,1.0,1.0,0.17,0.06,0.0,255,18,0.07,0.07,0.0,1.0,1.0,0.0,1,46092.0
45,9,207,0,0,0,2,0.0,0.0,1.0,0.0,0.0,234,194,0.83,0.01,0.0,0.0,0.0,0.0,1,78263.0
22,9,187,25209,0,1,7,0.0,0.0,1.0,0.0,0.0,142,255,1.0,0.0,0.01,0.0,0.01,0.0,0,55975.0
41,4,0,0,0,0,1,0.0,0.0,1.0,0.0,0.0,255,1,0.0,0.68,0.0,0.0,0.0,1.0,1,5622.0
34,5,0,0,0,0,259,1.0,1.0,0.08,0.05,0.0,255,22,0.09,0.05,0.0,1.0,1.0,0.0,1,76784.0
59,9,181,0,0,0,2,0.0,0.0,0.5,1.0,0.0,255,19,0.07,0.01,0.0,0.0,0.0,0.0,0,28440.0
28,5,0,0,0,0,127,1.0,1.0,0.16,0.06,0.0,255,20,0.08,0.07,0.0,1.0,1.0,0.0,1,13435.0
22,9,284,346,0,1,1,0.0,0.0,1.0,0.0,0.18,18,255,1.0,0.0,0.01,0.0,0.0,0.0,0,81908.0
22,9,226,2435,0,1,8,0.0,0.0,1.0,0.0,0.13,196,255,1.0,0.0,0.01,0.0,0.0,0.0,0,52571.0
22,1,0,0,0,0,284,0.0,0.0,0.05,0.06,0.0,255,13,0.05,0.06,0.0,0.0,0.0,1.0,1,84071.0
59,9,181,0,0,0,3,0.0,0.0,0.33,1.0,0.0,255,26,0.1,0.01,0.0,0.0,0.0,0.0,0,79443.0
19,9,7045,0,0,1,1,0.0,0.0,1.0,0.0,0.0,2,29,1.0,0.0,0.1,0.0,0.0,0.0,0,61384.0
22,9,260,436,0,1,5,0.0,0.0,1.0,0.0,0.0,239,255,1.0,0.0,0.01,0.0,0.0,0.0,0,101552.0
22,9,279,67069,0,1,1,0.0,0.0,1.0,0.0,1.0,7,255,1.0,0.0,0.04,0.0,0.0,0.0,0,84174.0
22,9,354,397,0,1,13,0.0,0.0,1.0,0.0,0.0,255,255,1.0,0.0,0.0,0.0,0.0,0.0,0,55089.0
13,9,8,0,0,0,1,0.0,0.0,1.0,0.0,1.0,2,86,1.0,0.0,0.5,0.0,0.0,0.0,1,9287.0
11,9,36,0,0,0,5,0.0,0.0,1.0,0.0,0.0,44,148,1.0,0.0,0.01,0.0,0.0,0.0,0,13761.0
22,9,223,8584,0,1,17,0.0,0.0,1.0,0.0,0.0,255,255,1.0,0.0,0.0,0.0,0.0,0.02,0,46261.0
22,9,301,6927,0,1,2,0.0,0.0,1.0,0.0,0.43,10,255,1.0,0.0,0.02,0.0,0.0,0.0,0,67131.0
45,5,0,0,0,0,130,1.0,1.0,0.11,0.06,0.0,255,14,0.05,0.06,0.0,1.0,1.0,0.0,1,116700.0
11,9,43,73,0,0,118,0.0,0.0,1.0,0.0,0.0,255,176,0.69,0.01,0.0,0.0,0.0,0.0,0,66971.0
45,1,0,0,0,0,109,0.0,0.0,0.06,0.06,0.0,255,6,0.02,0.05,0.0,0.0,0.0,1.0,1,107296.0
45,5,0,0,0,0,117,1.0,1.0,0.05,0.06,0.0,255,8,0.03,0.06,0.0,1.0,1.0,0.0,1,80765.0
2,5,0,0,0,0,162,1.0,1.0,0.1,0.07,0.0,255,17,0.07,0.07,0.0,1.0,1.0,0.0,1,84479.0
22,9,301,2181,0,1,7,0.0,0.0,1.0,0.0,0.0,7,255,1.0,0.0,0.01,0.0,0.0,0.0,0,123001.0
41,9,147,105,0,0,1,0.0,0.0,1.0,0.0,0.0,255,1,0.0,0.66,0.0,0.0,0.0,0.0,0,4443.0
49,9,881,336,0,1,1,0.0,0.0,1.0,0.0,1.0,27,179,0.93,0.07,0.01,0.0,0.01,0.0,0,17785.0
49,9,1114,331,0,1,1,0.0,0.0,1.0,0.0,1.0,179,193,0.76,0.02,0.01,0.0,0.0,0.0,0,98864.0
11,9,33,88,0,0,4,0.0,0.0,1.0,0.0,0.36,255,250,0.98,0.01,0.0,0.0,0.0,0.0,0,7666.0
11,9,44,44,0,0,112,0.0,0.0,1.0,0.0,0.01,255,254,1.0,0.01,0.0,0.0,0.0,0.0,0,94496.0
11,9,33,49,0,0,2,0.0,0.0,1.0,0.0,0.45,255,237,0.93,0.01,0.0,0.0,0.0,0.0,0,78984.0
45,5,0,0,0,0,100,1.0,1.0,0.2,0.07,0.0,255,20,0.08,0.07,0.0,1.0,1.0,0.0,1,98993.0
22,9,226,2507,0,1,5,0.0,0.0,1.0,0.0,0.0,255,251,0.98,0.01,0.0,0.0,0.0,0.0,0,32307.0
22,9,199,1705,0,1,30,0.0,0.0,1.0,0.0,0.0,255,255,1.0,0.0,0.0,0.0,0.0,0.0,0,23447.0
22,9,229,1070,0,1,7,0.0,0.0,1.0,0.0,0.0,7,255,1.0,0.0,0.05,0.0,0.0,0.0,0,8140.0
22,9,205,10500,0,1,27,0.0,0.0,1.0,0.0,0.0,255,255,1.0,0.0,0.0,0.0,0.0,0.0,0,83443.0
41,9,71,0,0,1,1,0.0,0.0,1.0,0.0,0.0,255,1,0.0,0.07,0.0,0.92,0.0,0.0,0,103188.0
22,9,54540,8314,0,1,3,0.0,0.0,1.0,0.0,0.0,77,77,1.0,0.0,0.0,0.0,0.0,0.04,1,84061.0
45,5,0,0,0,0,237,1.0,1.0,0.04,0.06,0.0,255,9,0.04,0.07,0.0,1.0,1.0,0.0,1,82863.0
62,1,0,0,0,0,244,0.0,0.0,0.05,0.07,0.0,255,13,0.05,0.07,0.0,0.0,0.0,1.0,1,80553.0
22,9,332,749,0,1,1,0.0,0.0,1.0,0.0,0.15,90,255,1.0,0.0,0.02,0.0,0.0,0.0,0,74007.0
41,1,0,0,0,0,511,0.07,0.0,0.0,0.96,0.0,255,1,0.0,0.91,0.0,0.03,0.0,1.0,1,72029.0
45,1,0,0,0,0,402,0.0,0.0,0.0,0.52,0.0,255,1,0.0,0.52,0.0,0.0,0.0,1.0,1,85987.0
22,9,209,798,0,1,4,0.0,0.0,1.0,0.0,0.0,255,255,1.0,0.0,0.0,0.0,0.0,0.0,0,24933.0
22,9,186,1192,0,1,5,0.0,0.0,1.0,0.0,0.0,5,255,1.0,0.0,0.02,0.0,0.0,0.0,0,96203.0
45,5,0,0,0,0,290,1.0,1.0,0.07,0.06,0.0,255,13,0.05,0.09,0.0,1.0,1.0,0.0,1,12458.0
22,9,265,8646,0,1,1,0.0,0.0,1.0,0.0,0.0,1,255,1.0,0.0,0.02,0.0,0.0,0.0,0,4885.0
14,9,1032,0,0,0,511,0.0,0.0,1.0,0.0,0.0,220,126,0.57,0.03,0.0,0.01,0.0,0.0,1,74518.0
22,9,333,1408,0,1,5,0.0,0.0,1.0,0.0,0.0,5,255,1.0,0.0,0.02,0.0,0.0,0.0,0,28531.0
45,5,0,0,0,0,245,1.0,1.0,0.07,0.05,0.0,186,16,0.09,0.07,0.0,0.92,1.0,0.0,1,46064.0
45,5,0,0,0,0,148,1.0,1.0,0.03,0.06,0.0,255,5,0.02,0.05,0.0,1.0,1.0,0.0,1,84491.0
22,9,300,1197,0,1,1,0.0,0.0,1.0,0.0,0.0,105,255,1.0,0.0,0.06,0.0,0.0,0.0,0,30695.0
45,5,0,0,0,0,104,1.0,1.0,0.16,0.07,0.0,255,17,0.07,0.06,0.0,1.0,1.0,0.0,1,32274.0
45,9,1,0,0,0,31,0.0,0.0,0.61,0.1,0.0,255,19,0.07,0.18,0.0,0.0,0.0,0.0,1,119534.0
45,4,0,0,0,0,1,0.0,0.0,1.0,0.0,0.0,143,1,0.01,0.32,0.0,0.0,0.0,1.0,1,35601.0
49,9,602,333,0,1,1,0.0,0.0,1.0,0.0,1.0,4,113,1.0,0.0,0.02,0.0,0.01,0.0,0,8613.0
11,9,45,134,0,0,64,0.0,0.0,1.0,0.0,0.01,255,172,0.67,0.02,0.0,0.0,0.0,0.0,0,103843.0
45,5,0,0,0,0,89,1.0,1.0,0.06,0.08,0.0,255,5,0.02,0.06,0.0,1.0,1.0,0.0,1,75903.0
22,1,0,0,0,0,1,0.0,0.0,1.0,0.0,0.0,30,255,1.0,0.0,0.07,0.0,0.0,0.97,0,20361.0
45,9,105,146,0,0,6,0.0,0.0,0.17,0.33,0.0,255,240,0.94,0.01,0.0,0.0,0.0,0.0,0,55073.0
14,9,1032,0,0,0,511,0.0,0.0,1.0,0.0,0.0,255,78,0.31,0.2,0.0,0.0,0.0,0.0,1,105731.0
57,2,0,0,0,0,204,0.0,0.0,0.01,0.07,0.0,255,2,0.01,0.08,0.0,0.0,0.0,1.0,1,27470.0
22,9,249,486,0,1,5,0.0,0.0,1.0,0.0,0.09,50,255,1.0,0.0,0.07,0.0,0.0,0.0,0,95085.0
45,5,0,0,0,0,110,1.0,1.0,0.18,0.06,0.0,255,20,0.08,0.06,0.0,1.0,1.0,0.0,1,90416.0
22,9,214,849,0,1,36,0.0,0.0,1.0,0.0,0.0,154,255,1.0,0.0,0.02,0.0,0.0,0.0,0,82454.0
22,9,239,2264,0,1,2,0.0,0.0,1.0,0.0,0.22,83,255,1.0,0.0,0.04,0.0,0.0,0.0,0,61556.0
45,9,1,0,0,0,61,0.0,0.0,0.56,0.07,0.0,255,99,0.39,0.06,0.0,0.0,0.0,0.0,1,84441.0
10,1,0,0,0,0,148,0.0,0.0,0.14,0.06,0.0,255,19,0.07,0.07,0.0,0.0,0.0,1.0,1,120761.0
45,5,0,0,0,0,300,1.0,1.0,0.01,0.06,0.0,255,2,0.01,0.07,0.0,1.0,1.0,0.0,1,62600.0
18,9,1458,4152,0,1,1,0.0,0.0,1.0,0.0,0.0,255,41,0.16,0.02,0.0,0.0,0.0,0.0,0,118276.0
22,9,234,1721,0,1,6,0.0,0.0,1.0,0.0,0.29,96,255,1.0,0.0,0.02,0.0,0.0,0.0,0,124094.0
8,2,0,0,0,0,276,0.0,0.0,0.07,0.06,0.0,255,19,0.07,0.06,0.0,0.0,0.0,1.0,1,85804.0
8,1,0,0,0,0,48,0.0,0.0,0.02,0.56,0.0,255,1,0.0,0.11,0.0,0.0,0.0,1.0,1,99140.0
22,9,237,804,0,1,2,0.0,0.0,1.0,0.0,0.67,7,255,1.0,0.0,0.06,0.0,0.0,0.0,0,111361.0
45,9,105,147,0,0,2,0.0,0.0,1.0,0.0,0.0,255,243,0.95,0.01,0.0,0.0,0.0,0.0,0,63436.0
22,9,260,908,0,1,13,0.0,0.0,1.0,0.0,0.11,13,255,1.0,0.0,0.03,0.0,0.0,0.0,0,87927.0
22,9,198,293,0,1,6,0.0,0.0,1.0,0.0,0.0,6,255,1.0,0.0,0.05,0.0,0.0,0.0,0,17648.0
49,9,1803,404,0,1,1,0.0,0.0,1.0,0.0,1.0,158,118,0.75,0.02,0.0,0.0,0.0,0.0,0,28397.0
11,9,43,134,0,0,173,0.0,0.0,1.0,0.0,0.01,255,253,0.99,0.01,0.0,0.0,0.0,0.0,0,120331.0
11,9,44,127,0,0,70,0.0,0.0,1.0,0.0,0.01,255,254,1.0,0.01,0.0,0.0,0.0,0.0,0,26862.0
36,5,0,0,0,0,206,1.0,1.0,0.04,0.06,0.0,255,9,0.04,0.05,0.0,1.0,1.0,0.0,1,107700.0
18,9,227,765,0,1,1,0.0,0.0,1.0,0.0,0.0,255,61,0.24,0.02,0.0,0.0,0.0,0.0,0,7022.0
22,9,299,424,0,1,4,0.0,0.0,1.0,0.0,0.0,64,255,1.0,0.0,0.04,0.0,0.0,0.0,0,79178.0
19,9,334,0,0,1,2,0.0,0.0,1.0,0.0,0.0,10,20,1.0,0.0,0.2,0.0,0.0,0.0,1,99565.0
22,1,0,0,0,0,24,0.0,0.0,1.0,0.0,0.0,158,254,1.0,0.0,0.08,0.0,0.0,0.57,0,45112.0
22,9,316,1448,0,1,7,0.0,0.0,1.0,0.0,0.0,43,255,1.0,0.0,0.02,0.0,0.0,0.0,0,43228.0
3,5,0,0,0,0,273,1.0,1.0,0.07,0.04,0.0,255,18,0.07,0.05,0.0,1.0,1.0,0.0,1,4170.0
41,9,147,105,0,0,1,0.0,0.0,1.0,0.0,0.0,255,3,0.01,0.64,0.0,0.0,0.0,0.0,0,20081.0
13,9,8,0,0,0,1,0.0,0.0,1.0,0.0,1.0,1,1,1.0,0.0,0.0,0.0,0.0,0.0,1,111575.0
22,9,228,294,0,1,2,0.0,0.0,1.0,0.0,0.0,255,255,1.0,0.0,0.0,0.0,0.0,0.0,0,56648.0
17,9,9,139,0,0,2,0.0,0.0,0.5,1.0,0.0,220,11,0.05,0.02,0.0,0.0,0.0,0.0,0,63023.0
14,9,1032,0,0,0,511,0.0,0.0,1.0,0.0,0.0,255,231,0.91,0.01,0.0,0.0,0.0,0.0,1,91316.0
19,5,0,0,0,0,195,1.0,1.0,0.04,0.06,0.0,255,7,0.03,0.07,0.0,1.0,1.0,0.0,1,63231.0
45,5,0,0,0,0,252,1.0,1.0,0.02,0.05,0.0,112,4,0.04,0.09,0.0,0.98,1.0,0.0,1,58487.0
45,5,0,0,0,0,105,1.0,1.0,0.19,0.07,0.0,255,10,0.04,0.06,0.0,1.0,1.0,0.0,1,89078.0
6,1,0,0,0,0,196,0.0,0.0,0.02,0.08,0.0,255,4,0.02,0.08,0.0,0.0,0.0,1.0,1,34681.0
22,9,215,394,0,1,9,0.0,0.0,1.0,0.0,0.1,255,255,1.0,0.0,0.0,0.0,0.0,0.0,0,61278.0
48,5,0,0,0,0,121,1.0,1.0,0.15,0.07,0.0,255,18,0.07,0.07,0.0,1.0,1.0,0.0,1,112332.0
2,5,0,0,0,0,258,1.0,1.0,0.08,0.07,0.0,255,20,0.08,0.07,0.0,1.0,1.0,0.0,1,27269.0
11,9,46,46,0,0,92,0.0,0.0,1.0,0.0,0.01,255,254,1.0,0.01,0.0,0.0,0.0,0.0,0,36669.0
41,1,0,0,0,0,413,0.07,0.0,0.0,1.0,0.0,255,1,0.0,1.0,0.0,0.08,0.0,1.0,1,119013.0
22,9,306,3981,0,1,9,0.0,0.0,1.0,0.0,0.0,42,255,1.0,0.0,0.01,0.0,0.0,0.0,0,108772.0
45,9,1,0,0,0,28,0.0,0.0,0.89,0.07,0.0,255,25,0.1,0.26,0.0,0.0,0.0,0.0,1,68349.0
22,9,215,2084,0,1,8,0.0,0.0,1.0,0.0,0.0,56,255,1.0,0.0,0.05,0.02,0.01,0.0,0,54476.0
22,9,216,1651,0,1,11,0.0,0.0,1.0,0.0,0.0,201,255,1.0,0.0,0.02,0.0,0.0,0.0,0,60244.0
11,9,44,44,0,0,160,0.0,0.0,1.0,0.0,0.0,255,255,1.0,0.0,0.0,0.0,0.0,0.0,0,118428.0
49,9,1489,475,0,1,1,0.0,0.0,1.0,0.0,0.0,238,30,0.13,0.02,0.0,0.0,0.0,0.0,0,16227.0
22,9,238,1096,0,1,2,0.0,0.0,1.0,0.0,0.0,10,255,1.0,0.0,0.05,0.0,0.0,0.0,0,69724.0
22,9,306,1075,0,1,7,0.0,0.0,1.0,0.0,0.11,179,175,0.98,0.01,0.0,0.0,0.0,0.0,0,122074.0
19,5,0,0,0,0,23,1.0,1.0,0.17,0.17,0.0,255,64,0.25,0.03,0.0,1.0,1.0,0.0,1,26892.0
45,1,0,0,0,0,511,0.1,0.0,0.0,1.0,0.0,255,1,0.0,1.0,0.0,0.11,0.0,1.0,1,53567.0
22,9,306,342,0,1,12,0.0,0.0,1.0,0.0,0.15,143,255,1.0,0.0,0.01,0.0,0.0,0.0,0,27480.0
45,5,0,0,0,0,289,1.0,1.0,0.03,0.06,0.0,255,6,0.02,0.08,0.0,1.0,1.0,0.0,1,89854.0
22,9,255,4664,0,1,24,0.0,0.0,1.0,0.0,0.0,85,255,1.0,0.0,0.01,0.0,0.0,0.0,0,87607.0
22,9,273,686,0,1,16,0.0,0.0,1.0,0.0,0.0,255,255,1.0,0.0,0.0,0.0,0.0,0.0,0,93037.0
22,9,326,498,0,1,9,0.0,0.0,1.0,0.0,0.0,255,255,1.0,0.0,0.0,0.0,0.0,0.0,0,25439.0
22,9,239,6019,0,1,1,0.0,0.0,1.0,0.0,0.67,52,255,1.0,0.0,0.01,0.0,0.0,0.0,0,62873.0
29,1,0,0,0,0,265,0.0,0.0,0.02,0.06,0.0,255,4,0.02,0.07,0.0,0.0,0.0,1.0,1,23800.0
49,9,2119,387,0,1,1,0.0,0.0,1.0,0.0,0.0,255,32,0.13,0.09,0.0,0.75,0.0,0.0,0,59770.0
17,9,8,138,0,0,1,0.0,0.0,1.0,0.0,0.0,145,10,0.04,0.04,0.2,0.01,0.1,0.0,0,97766.0
11,9,45,70,0,0,120,0.0,0.0,1.0,0.0,0.0,255,254,1.0,0.01,0.0,0.0,0.0,0.0,0,14176.0
45,5,0,0,0,0,255,1.0,1.0,0.05,0.07,0.0,255,25,0.1,0.07,0.0,1.0,1.0,0.0,1,18636.0
14,9,1032,0,0,0,421,0.0,0.0,1.0,0.0,0.0,255,255,1.0,0.0,0.0,0.0,0.0,0.0,1,33698.0
45,5,0,0,0,0,226,1.0,1.0,0.05,0.06,0.0,255,18,0.07,0.07,0.0,1.0,1.0,0.0,1,71178.0
22,9,231,655,0,1,42,0.0,0.0,1.0,0.0,0.0,255,255,1.0,0.0,0.0,0.0,0.0,0.0,0,6856.0
49,9,1175,332,0,1,1,0.0,0.0,1.0,0.0,1.0,45,216,0.98,0.04,0.01,0.0,0.0,0.0,0,16854.0
19,5,0,0,0,0,53,1.0,1.0,0.25,0.08,0.0,255,53,0.21,0.03,0.0,1.0,1.0,0.0,1,107244.0
22,9,212,1108,0,1,5,0.0,0.0,1.0,0.0,0.0,255,255,1.0,0.0,0.0,0.0,0.0,0.0,0,4752.0
49,9,2574,331,0,1,1,0.0,0.0,1.0,0.0,1.0,117,97,0.64,0.03,0.02,0.0,0.0,0.0,0,113640.0
49,9,631,326,0,1,1,0.0,0.0,1.0,0.0,0.0,5,177,0.6,0.6,0.01,0.0,0.0,0.0,0,94696.0
49,9,2679,325,0,1,1,0.0,0.0,1.0,0.0,1.0,139,154,0.45,0.04,0.01,0.0,0.0,0.0,0,60786.0
34,5,0,0,0,0,109,1.0,1.0,0.19,0.05,0.0,255,21,0.08,0.05,0.0,1.0,1.0,0.0,1,75851.0
22,9,373,1575,0,1,7,0.0,0.0,1.0,0.0,0.0,72,255,1.0,0.0,0.03,0.01,0.0,0.0,0,8649.0
31,5,0,0,0,0,7,1.0,1.0,0.86,0.29,0.0,255,6,0.02,0.07,0.0,1.0,1.0,0.0,1,108161.0
63,1,0,0,0,0,266,0.0,0.0,0.02,0.06,0.0,255,4,0.02,0.07,0.0,0.0,0.0,1.0,1,27765.0
49,9,2497,411,0,1,1,0.0,0.0,1.0,0.0,1.0,113,53,0.47,0.05,0.0,0.0,0.0,0.0,0,89322.0
11,9,131,46,0,0,300,0.0,0.0,1.0,0.01,0.0,189,156,0.83,0.01,0.0,0.0,0.0,0.0,0,39490.0
45,5,0,0,0,0,253,1.0,1.0,0.01,0.05,0.0,211,2,0.01,0.07,0.0,0.99,1.0,0.0,1,40338.0
30,1,0,0,0,0,259,0.0,0.0,0.06,0.07,0.0,255,16,0.06,0.08,0.0,0.0,0.0,1.0,1,112668.0
45,1,0,0,0,0,244,0.0,0.0,0.0,0.07,0.0,255,1,0.0,0.09,0.0,0.0,0.0,1.0,1,101841.0
8,5,0,0,0,0,279,1.0,1.0,0.07,0.06,0.0,255,19,0.07,0.06,0.0,1.0,1.0,0.0,1,35107.0
22,9,325,4673,0,1,6,0.17,0.17,1.0,0.0,0.0,255,255,1.0,0.0,0.0,0.0,0.0,0.0,0,39622.0
11,9,44,72,0,0,256,0.0,0.0,1.0,0.0,0.0,255,254,1.0,0.01,0.0,0.0,0.0,0.0,0,685.0
22,9,306,2128,0,1,10,0.0,0.0,1.0,0.0,0.18,255,255,1.0,0.0,0.0,0.0,0.0,0.0,0,103379.0
17,9,7,135,0,0,1,0.0,0.0,1.0,0.0,0.0,15,1,0.07,0.13,0.0,0.0,0.0,0.0,0,112365.0
14,9,1032,0,0,0,510,0.0,0.0,1.0,0.0,0.0,255,46,0.18,0.04,0.0,0.24,0.0,0.0,1,87729.0
14,9,520,0,0,0,446,0.0,0.0,1.0,0.0,0.0,194,194,1.0,0.0,0.0,0.0,0.0,0.0,1,4965.0
11,9,33,88,0,0,1,0.0,0.0,1.0,0.0,0.0,18,69,0.56,0.11,0.03,0.0,0.0,0.0,0,91914.0
22,9,223,4109,0,1,2,0.0,0.0,1.0,0.0,0.0,36,255,1.0,0.0,0.04,0.0,0.0,0.0,0,82287.0
22,9,286,293,0,1,3,0.0,0.0,1.0,0.0,0.5,255,255,1.0,0.0,0.0,0.0,0.0,0.0,0,12467.0
45,5,0,0,0,0,283,1.0,1.0,0.0,0.06,0.0,255,6,0.02,0.07,0.0,1.0,1.0,0.0,1,20255.0
10,5,0,0,0,0,268,1.0,1.0,0.01,0.05,0.0,255,4,0.02,0.05,0.0,1.0,1.0,0.0,1,106691.0
45,5,0,0,0,0,133,1.0,1.0,0.08,0.06,0.0,255,29,0.11,0.07,0.0,1.0,1.0,0.0,1,11962.0
48,5,0,0,0,0,133,1.0,1.0,0.02,0.06,0.0,255,9,0.04,0.07,0.0,1.0,1.0,0.0,1,106840.0
45,5,0,0,0,0,47,1.0,1.0,0.45,0.09,0.0,255,21,0.08,0.07,0.0,1.0,1.0,0.0,1,70633.0
19,9,852,0,0,0,3,0.0,0.0,1.0,0.0,0.0,255,123,0.48,0.01,0.0,0.0,0.01,0.0,0,68951.0
25,5,0,0,0,0,290,1.0,1.0,0.05,0.06,0.0,255,14,0.05,0.07,0.0,1.0,1.0,0.0,1,35036.0
22,5,0,0,0,0,12,1.0,0.92,1.0,0.0,0.15,12,12,1.0,0.0,0.0,1.0,1.0,0.0,1,13339.0
22,9,186,14496,0,1,6,0.0,0.0,1.0,0.0,0.0,255,255,1.0,0.0,0.0,0.0,0.0,0.0,0,66159.0
22,9,54540,8314,0,1,4,0.0,0.0,1.0,0.0,0.0,253,253,1.0,0.0,0.0,0.0,0.0,0.05,1,70963.0
10,5,0,0,0,0,19,1.0,1.0,0.42,0.16,0.0,255,14,0.05,0.07,0.0,1.0,1.0,0.0,1,104363.0
13,9,8,0,0,0,1,0.0,0.0,1.0,0.0,1.0,2,36,1.0,0.0,0.5,0.0,0.0,0.0,1,56882.0
17,5,0,0,0,0,236,1.0,1.0,0.08,0.06,0.0,255,20,0.08,0.06,0.0,1.0,1.0,0.0,1,4696.0
45,5,0,0,0,0,129,1.0,1.0,0.05,0.06,0.0,255,5,0.02,0.06,0.0,1.0,1.0,0.0,1,94470.0
22,9,298,1024,0,1,27,0.0,0.0,1.0,0.0,0.07,255,255,1.0,0.0,0.0,0.0,0.0,0.0,0,51362.0
45,9,1,0,0,0,14,0.0,0.0,0.07,0.71,0.0,255,1,0.0,0.31,0.0,0.0,0.0,0.0,1,44076.0
45,10,0,0,0,0,1,1.0,1.0,1.0,0.0,0.0,121,1,0.01,0.92,0.0,0.93,1.0,0.0,1,98033.0
22,1,0,0,0,0,1,0.0,0.0,1.0,0.0,0.0,123,255,1.0,0.0,0.06,0.0,0.0,1.0,0,51059.0
46,5,0,0,0,0,223,1.0,1.0,0.04,0.07,0.0,255,9,0.04,0.07,0.0,1.0,1.0,0.0,1,118319.0
41,9,516,4,0,0,112,0.0,0.0,1.0,0.0,0.0,112,112,1.0,0.0,0.0,0.0,0.0,0.0,0,9032.0
55,5,0,0,0,0,33,1.0,1.0,0.09,0.12,0.0,255,51,0.2,0.03,0.0,1.0,1.0,0.0,1,18158.0
45,5,0,0,0,0,269,1.0,1.0,0.05,0.06,0.0,255,11,0.04,0.07,0.0,1.0,1.0,0.0,1,4738.0
6,5,0,0,0,0,235,1.0,1.0,0.02,0.07,0.0,255,4,0.02,0.08,0.0,1.0,1.0,0.0,1,19124.0
11,9,30,90,0,0,1,0.0,0.0,1.0,0.0,1.0,255,234,0.92,0.01,0.0,0.0,0.0,0.0,0,23646.0
18,5,0,0,0,0,200,1.0,1.0,0.09,0.06,0.0,255,19,0.07,0.09,0.0,1.0,1.0,0.0,1,44104.0
22,9,54540,8314,0,1,5,0.0,0.0,1.0,0.0,0.33,255,255,1.0,0.0,0.0,0.01,0.01,0.02,1,22438.0
41,9,145,105,0,0,4,0.0,0.0,0.5,0.5,0.0,255,2,0.01,0.84,0.0,0.0,0.0,0.0,0,55422.0
19,9,501760,0,0,1,2,0.0,0.0,1.0,0.0,0.0,120,48,0.4,0.03,0.0,0.0,0.0,0.0,0,36780.0
22,9,233,22780,0,1,13,0.0,0.0,1.0,0.0,0.0,79,255,1.0,0.0,0.05,0.0,0.0,0.0,0,65562.0
5,5,0,0,0,0,121,1.0,1.0,0.02,0.06,0.0,255,15,0.06,0.07,0.0,1.0,1.0,0.0,1,54810.0
22,9,175,501,0,1,4,0.0,0.0,1.0,0.0,0.09,4,255,1.0,0.0,0.01,0.0,0.0,0.0,0,115156.0
22,9,266,691,0,1,6,0.0,0.0,1.0,0.0,0.0,255,255,1.0,0.0,0.0,0.0,0.0,0.0,0,23330.0
19,10,0,0,0,0,1,1.0,1.0,1.0,0.0,0.0,255,1,0.0,1.0,0.0,1.0,1.0,0.0,1,77536.0
20,1,0,0,0,0,102,0.0,0.0,0.09,0.06,0.0,255,9,0.04,0.08,0.0,0.0,0.0,1.0,1,57303.0
34,1,0,0,0,0,193,0.0,0.0,0.07,0.06,0.0,255,14,0.05,0.07,0.0,0.0,0.0,1.0,1,41231.0
23,1,0,0,0,0,102,0.0,0.0,0.02,0.07,0.0,255,2,0.01,0.07,0.0,0.0,0.0,1.0,1,102821.0
18,9,345,1063,0,1,1,0.0,0.0,1.0,0.0,0.0,255,31,0.12,0.02,0.0,0.0,0.0,0.0,0,84814.0
62,5,0,0,0,0,263,1.0,1.0,0.07,0.05,0.0,255,19,0.07,0.05,0.0,1.0,1.0,0.0,1,110521.0
33,5,0,0,0,0,260,1.0,1.0,0.08,0.05,0.0,255,21,0.08,0.05,0.0,1.0,1.0,0.0,1,27316.0
59,9,78,0,0,0,14,0.0,0.0,0.43,0.14,0.0,255,16,0.06,0.01,0.0,0.0,0.0,0.0,0,26737.0
59,9,78,0,0,0,12,0.0,0.0,0.08,0.17,0.0,255,4,0.02,0.01,0.0,0.0,0.0,0.0,0,14957.0
22,9,355,2761,0,1,2,0.5,0.5,1.0,0.0,0.0,134,255,1.0,0.0,0.04,0.01,0.0,0.08,0,25082.0
41,9,1,0,0,0,21,0.0,0.0,0.05,0.33,0.0,255,1,0.0,0.27,0.0,0.0,0.0,0.0,1,55970.0
22,9,293,1506,0,1,15,0.0,0.0,1.0,0.0,0.0,118,255,1.0,0.0,0.04,0.0,0.0,0.0,0,32181.0
11,9,43,132,0,0,79,0.0,0.0,1.0,0.0,0.01,255,255,1.0,0.0,0.0,0.0,0.0,0.0,0,23963.0
45,5,0,0,0,0,97,1.0,1.0,0.21,0.07,0.0,255,1,0.0,0.07,0.0,1.0,1.0,0.0,1,102649.0
49,9,2781,331,0,1,1,0.0,0.0,1.0,0.0,0.0,255,142,0.56,0.02,0.0,0.0,0.0,0.0,0,122151.0
11,9,44,123,0,0,51,0.0,0.0,1.0,0.0,0.05,255,243,0.95,0.01,0.0,0.0,0.0,0.0,0,117554.0
22,9,290,760,0,1,3,0.0,0.0,1.0,0.0,0.0,118,255,1.0,0.0,0.02,0.0,0.01,0.12,0,12018.0
19,9,383,0,0,1,2,0.0,0.0,1.0,0.0,0.0,237,81,0.34,0.04,0.0,0.0,0.01,0.0,0,26608.0
49,9,882,338,0,1,1,0.0,0.0,1.0,0.0,1.0,157,144,0.51,0.03,0.01,0.0,0.0,0.0,0,7941.0
11,9,42,42,0,0,3,0.0,0.0,1.0,0.0,0.4,255,237,0.93,0.01,0.0,0.0,0.0,0.0,0,26629.0
22,5,0,0,0,0,22,1.0,1.0,0.41,0.18,0.0,255,37,0.15,0.04,0.0,1.0,1.0,0.0,1,109770.0
45,5,0,0,0,0,249,1.0,1.0,0.03,0.06,0.0,255,12,0.05,0.07,0.0,1.0,1.0,0.0,1,5192.0
22,9,229,5341,0,1,1,0.0,0.0,1.0,0.0,0.75,14,255,1.0,0.0,0.03,0.0,0.0,0.0,0,29195.0
22,1,0,0,0,0,1,0.0,0.0,1.0,0.0,0.0,2,213,1.0,0.0,0.17,0.0,0.0,0.95,0,94121.0
22,9,298,23004,0,1,1,0.0,0.0,1.0,0.0,0.11,4,255,1.0,0.0,0.08,0.0,0.0,0.0,0,107125.0
60,5,0,0,0,0,126,1.0,1.0,0.1,0.05,0.0,255,13,0.05,0.04,0.0,1.0,1.0,0.0,1,47781.0
22,9,229,1484,0,1,9,0.0,0.0,1.0,0.0,0.0,184,255,1.0,0.0,0.02,0.0,0.0,0.0,0,75952.0
22,9,311,2431,0,1,2,0.0,0.0,1.0,0.0,0.67,45,255,1.0,0.0,0.03,0.0,0.0,0.0,0,90593.0
21,1,0,0,0,0,233,0.0,0.0,0.06,0.07,0.0,255,15,0.06,0.08,0.0,0.0,0.0,1.0,1,101220.0
11,9,46,117,0,0,1,0.0,0.0,1.0,0.0,1.0,255,234,0.92,0.01,0.0,0.0,0.0,0.0,0,102151.0
45,5,0,0,0,0,218,1.0,1.0,0.07,0.06,0.0,255,16,0.06,0.08,0.0,1.0,1.0,0.0,1,123848.0
45,5,0,0,0,0,181,1.0,1.0,0.01,0.07,0.0,255,20,0.08,0.07,0.0,1.0,1.0,0.0,1,94356.0
22,9,284,148,0,1,3,0.0,0.0,1.0,0.0,0.0,6,255,1.0,0.0,0.03,0.0,0.0,0.0,0,124074.0
45,5,0,0,0,0,296,1.0,1.0,0.06,0.05,0.0,255,2,0.01,0.07,0.0,1.0,1.0,0.0,1,91432.0
45,5,0,0,0,0,133,0.99,1.0,0.05,0.07,0.0,255,7,0.03,0.06,0.0,1.0,1.0,0.0,1,96652.0
11,9,46,135,0,0,77,0.0,0.0,1.0,0.0,0.01,255,254,1.0,0.01,0.0,0.0,0.0,0.0,0,15179.0
36,5,0,0,0,0,294,1.0,1.0,0.04,0.05,0.0,255,5,0.02,0.07,0.0,1.0,1.0,0.0,1,51578.0
14,9,1480,0,1,0,2,0.0,0.0,1.0,0.0,0.5,2,151,1.0,0.0,0.07,0.0,0.0,0.0,1,59120.0
15,5,0,0,0,0,141,1.0,1.0,0.03,0.06,0.0,255,4,0.02,0.06,0.0,1.0,1.0,0.0,1,49845.0
22,9,240,2810,0,1,4,0.0,0.0,1.0,0.0,0.0,14,255,1.0,0.0,0.04,0.0,0.0,0.0,0,114328.0
22,9,321,1673,0,1,7,0.0,0.0,1.0,0.0,0.25,207,255,1.0,0.0,0.03,0.0,0.0,0.0,0,106055.0
43,5,0,0,0,0,276,1.0,1.0,0.06,0.06,0.0,255,16,0.06,0.08,0.0,1.0,1.0,0.0,1,1184.0
22,9,212,1232,0,1,11,0.0,0.0,1.0,0.0,0.1,50,255,1.0,0.0,0.04,0.0,0.0,0.0,0,119853.0
14,9,1032,0,0,0,292,0.0,0.0,1.0,0.0,0.0,255,255,1.0,0.0,0.0,0.0,0.0,0.0,1,16346.0
3,5,0,0,0,0,284,1.0,1.0,0.05,0.06,0.0,255,13,0.05,0.06,0.0,1.0,1.0,0.0,1,88814.0
25,5,0,0,0,0,296,1.0,1.0,0.06,0.06,0.0,255,18,0.07,0.07,0.0,1.0,1.0,0.0,1,9596.0
18,5,0,0,0,0,252,1.0,1.0,0.04,0.06,0.0,255,11,0.04,0.07,0.0,1.0,1.0,0.0,1,28117.0
22,9,256,418,0,1,20,0.05,0.05,1.0,0.0,0.0,255,255,1.0,0.0,0.0,0.0,0.0,0.0,0,123196.0
22,9,207,3018,0,1,7,0.0,0.0,1.0,0.0,0.0,50,255,1.0,0.0,0.05,0.0,0.0,0.0,0,116932.0
49,9,1006,332,0,1,1,0.0,0.0,1.0,0.0,1.0,126,152,0.64,0.06,0.01,0.0,0.0,0.0,0,8994.0
45,5,0,0,0,0,249,1.0,1.0,0.07,0.06,0.0,255,8,0.03,0.08,0.0,1.0,1.0,0.0,1,109536.0
13,9,8,0,0,0,1,0.0,0.0,1.0,0.0,1.0,1,97,1.0,0.0,0.51,0.0,0.0,0.0,1,84062.0
22,9,338,1158,0,1,7,0.0,0.0,1.0,0.0,0.0,29,255,1.0,0.0,0.05,0.0,0.0,0.0,0,59386.0
22,9,284,666,0,1,9,0.0,0.0,1.0,0.0,0.0,9,255,1.0,0.0,0.01,0.0,0.0,0.0,0,31414.0
11,9,44,142,0,0,77,0.0,0.0,1.0,0.0,0.01,255,176,0.69,0.02,0.0,0.0,0.0,0.0,0,66367.0
49,9,797,478,0,1,1,0.0,0.0,1.0,0.0,0.0,255,14,0.05,0.02,0.0,0.0,0.0,0.07,0,122006.0
22,9,200,574,0,1,7,0.0,0.0,1.0,0.0,0.0,22,255,1.0,0.0,0.02,0.0,0.0,0.0,0,70621.0
11,9,46,46,0,0,6,0.0,0.0,0.17,0.33,0.25,27,26,0.96,0.07,0.0,0.0,0.0,0.0,0,88557.0
22,9,208,9518,0,1,1,0.0,0.0,1.0,0.0,0.0,66,255,1.0,0.0,0.01,0.0,0.0,0.0,0,7912.0
13,9,8,0,0,0,1,0.0,0.0,1.0,0.0,1.0,3,91,1.0,0.0,0.25,0.0,0.0,0.0,1,35701.0
45,9,105,146,0,0,1,0.0,0.0,1.0,0.0,0.0,1,1,1.0,0.0,0.0,0.0,0.0,0.0,0,89339.0
45,5,0,0,0,0,102,1.0,1.0,0.12,0.06,0.0,255,14,0.05,0.07,0.0,1.0,1.0,0.0,1,72888.0
22,9,299,1856,0,1,16,0.0,0.0,1.0,0.0,0.0,255,255,1.0,0.0,0.0,0.0,0.0,0.0,0,50816.0
37,5,0,0,0,0,206,1.0,1.0,0.03,0.06,0.0,255,19,0.07,0.06,0.0,1.0,1.0,0.0,1,8571.0
11,9,45,77,0,0,115,0.0,0.0,1.0,0.0,0.0,255,254,1.0,0.01,0.0,0.0,0.0,0.0,0,125383.0
41,9,146,105,0,0,1,0.0,0.0,1.0,0.0,0.0,50,1,0.02,0.68,0.0,0.0,0.0,0.0,0,116986.0
22,9,356,386,0,1,9,0.0,0.0,1.0,0.0,0.0,255,255,1.0,0.0,0.0,0.0,0.0,0.0,0,55061.0
45,5,0,0,0,0,179,1.0,1.0,0.02,0.07,0.0,25,4,0.16,0.24,0.0,0.44,1.0,0.0,1,54396.0
55,5,0,0,0,0,9,1.0,1.0,0.33,0.44,0.0,255,43,0.17,0.05,0.0,1.0,1.0,0.0,1,82331.0
22,9,285,619,0,1,5,0.0,0.0,1.0,0.0,0.0,89,255,1.0,0.0,0.03,0.0,0.0,0.0,0,24972.0
34,1,0,0,0,0,250,0.0,0.0,0.01,0.06,0.0,255,2,0.01,0.07,0.0,0.0,0.0,1.0,1,49998.0
13,9,8,0,0,0,1,0.0,0.0,1.0,0.0,1.0,3,87,1.0,0.0,0.25,0.0,0.0,0.0,1,101467.0
22,9,184,922,0,1,18,0.0,0.0,1.0,0.0,0.0,30,255,1.0,0.0,0.02,0.0,0.0,0.0,0,88506.0
63,5,0,0,0,0,273,1.0,1.0,0.03,0.06,0.0,255,7,0.03,0.08,0.0,1.0,1.0,0.0,1,48371.0
45,1,0,0,0,0,414,0.06,0.0,0.0,1.0,0.0,255,1,0.0,1.0,0.0,0.09,0.0,1.0,1,70258.0
22,9,230,480,0,1,6,0.0,0.0,1.0,0.0,0.0,255,255,1.0,0.0,0.0,0.0,0.0,0.0,0,117385.0
13,9,18,0,0,0,1,0.0,0.0,1.0,0.0,0.0,1,69,1.0,0.0,0.26,0.0,0.0,0.0,1,13575.0
11,9,45,45,0,0,158,0.0,0.0,1.0,0.0,0.01,255,255,1.0,0.0,0.0,0.0,0.0,0.0,0,9396.0
45,1,0,0,0,0,82,0.0,0.0,0.1,0.07,0.0,255,21,0.08,0.06,0.0,0.0,0.0,1.0,1,106951.0
22,9,307,506,0,1,4,0.0,0.0,1.0,0.0,0.0,28,255,1.0,0.0,0.04,0.0,0.01,0.01,0,107039.0
22,9,303,1719,0,1,8,0.0,0.0,1.0,0.0,0.0,141,255,1.0,0.0,0.02,0.01,0.0,0.0,0,21752.0
45,9,1,0,0,0,86,0.0,0.0,0.69,0.05,0.0,255,121,0.47,0.05,0.0,0.0,0.0,0.0,1,116170.0
13,9,8,0,0,0,1,0.0,0.0,1.0,0.0,1.0,1,209,1.0,0.0,0.25,0.0,0.0,0.0,1,29131.0
22,9,212,2917,0,1,6,0.0,0.0,1.0,0.0,0.1,46,255,1.0,0.0,0.04,0.0,0.0,0.0,0,120821.0
29,1,0,0,0,0,126,0.0,0.0,0.14,0.07,0.0,250,18,0.07,0.06,0.0,0.0,0.0,1.0,1,14368.0
22,9,282,821,0,1,4,0.0,0.0,1.0,0.0,0.11,4,255,1.0,0.0,0.06,0.0,0.0,0.0,0,2804.0
49,9,1383,332,0,1,1,0.0,0.0,1.0,0.0,0.0,45,115,0.96,0.04,0.02,0.0,0.0,0.0,0,19227.0
22,9,296,470,0,1,17,0.0,0.0,1.0,0.0,0.0,17,255,1.0,0.0,0.02,0.0,0.0,0.0,0,42145.0
22,9,218,1065,0,1,3,0.0,0.0,1.0,0.0,0.5,255,255,1.0,0.0,0.0,0.0,0.0,0.0,0,64503.0
29,5,0,0,0,0,2,1.0,1.0,1.0,0.0,0.0,255,2,0.01,0.07,0.0,1.0,1.0,0.0,1,83832.0
28,1,0,0,0,0,142,0.0,0.0,0.13,0.06,0.0,255,18,0.07,0.05,0.0,0.0,0.0,1.0,1,36920.0
51,5,0,0,0,0,278,1.0,1.0,0.09,0.04,0.0,255,25,0.1,0.05,0.0,1.0,1.0,0.0,1,55105.0
22,9,301,127,0,1,1,0.0,0.0,1.0,0.0,0.75,12,255,1.0,0.0,0.04,0.0,0.0,0.0,0,4617.0
55,5,0,0,0,0,266,1.0,1.0,0.02,0.06,0.0,255,5,0.02,0.07,0.0,1.0,1.0,0.0,1,115976.0
45,9,1,4,0,0,28,0.0,0.0,0.39,0.11,0.0,255,11,0.04,0.7,0.0,0.16,0.0,0.0,1,3613.0
49,9,2066,386,0,1,1,0.0,0.0,1.0,0.0,1.0,255,94,0.37,0.05,0.0,0.24,0.0,0.0,0,22268.0
22,9,196,2159,0,1,12,0.0,0.0,1.0,0.0,0.0,81,255,1.0,0.0,0.04,0.0,0.0,0.0,0,50306.0
49,9,770,334,0,1,1,0.0,0.0,1.0,0.0,1.0,124,172,0.73,0.04,0.01,0.0,0.0,0.0,0,26690.0
11,9,45,73,0,0,165,0.0,0.0,1.0,0.0,0.0,255,255,1.0,0.0,0.0,0.0,0.0,0.0,0,70673.0
3,9,9,36,0,0,1,0.0,0.0,1.0,0.0,0.0,43,8,0.02,0.09,0.25,0.0,0.0,0.0,0,32322.0
19,9,0,5131424,0,0,1,0.0,0.0,1.0,0.0,0.0,255,65,0.25,0.02,0.0,0.75,0.85,0.0,0,7429.0
22,9,197,369,0,1,4,0.25,0.33,1.0,0.0,0.33,16,135,1.0,0.0,0.06,0.06,0.01,0.01,0,106258.0
49,9,801,284,0,1,1,0.0,0.0,1.0,0.0,0.0,130,123,0.44,0.05,0.02,0.0,0.0,0.0,0,56862.0
45,5,0,0,0,0,154,1.0,1.0,0.07,0.07,0.0,255,11,0.04,0.06,0.0,1.0,1.0,0.0,1,50981.0
11,9,46,139,0,0,15,0.0,0.0,1.0,0.0,0.03,255,254,1.0,0.01,0.0,0.0,0.0,0.0,0,81646.0
2,5,0,0,0,0,124,1.0,1.0,0.16,0.06,0.0,255,20,0.08,0.07,0.0,1.0,1.0,0.0,1,81555.0
36,5,0,0,0,0,215,1.0,1.0,0.04,0.07,0.0,255,19,0.07,0.05,0.0,1.0,1.0,0.0,1,44938.0
3,5,0,0,0,0,239,1.0,1.0,0.01,0.07,0.0,255,8,0.03,0.07,0.0,1.0,1.0,0.0,1,80257.0
45,5,0,0,0,0,135,1.0,1.0,0.07,0.07,0.0,255,13,0.05,0.06,0.0,1.0,1.0,0.0,1,58399.0
60,2,0,0,0,0,114,0.0,0.0,0.08,0.07,0.0,255,9,0.04,0.06,0.0,0.0,0.0,1.0,1,111003.0
49,9,889,335,0,1,1,0.0,0.0,1.0,0.0,0.0,80,155,0.8,0.09,0.02,0.0,0.0,0.0,0,46372.0
22,9,239,1150,0,1,10,0.0,0.0,1.0,0.0,0.0,70,255,1.0,0.0,0.06,0.0,0.0,0.0,0,32844.0
22,9,297,1484,0,1,1,0.0,0.0,1.0,0.0,0.0,47,255,1.0,0.0,0.07,0.0,0.0,0.0,0,101857.0
49,9,1255,329,0,1,1,0.0,0.0,1.0,0.0,1.0,33,158,0.3,0.09,0.01,0.0,0.0,0.0,0,56680.0
49,9,1061,332,0,1,1,0.0,0.0,1.0,0.0,0.0,234,147,0.56,0.02,0.01,0.0,0.0,0.0,0,45730.0
22,9,286,1415,0,1,11,0.0,0.0,1.0,0.0,0.29,208,208,1.0,0.0,0.0,0.0,0.0,0.0,0,9718.0
22,9,236,2451,0,1,13,0.0,0.0,1.0,0.0,0.0,255,255,1.0,0.0,0.0,0.0,0.0,0.0,0,65841.0
45,5,0,0,0,0,138,1.0,1.0,0.01,0.06,0.0,255,3,0.01,0.06,0.0,1.0,1.0,0.0,1,5907.0
61,5,0,0,0,0,118,1.0,1.0,0.16,0.05,0.0,255,17,0.07,0.07,0.0,1.0,1.0,0.0,1,102742.0
20,1,0,0,0,0,241,0.0,0.0,0.06,0.06,0.0,255,15,0.06,0.07,0.0,0.0,0.0,1.0,1,19137.0
18,9,1455,4152,0,1,1,0.0,0.0,1.0,0.0,0.0,28,11,0.39,0.07,0.0,0.0,0.0,0.0,0,102348.0
45,5,0,0,0,0,250,1.0,1.0,0.02,0.06,0.0,255,10,0.04,0.08,0.0,1.0,1.0,0.0,1,13478.0
22,9,335,414,0,1,4,0.0,0.0,1.0,0.0,0.4,4,255,1.0,0.0,0.05,0.0,0.0,0.0,0,17116.0
33,5,0,0,0,0,273,1.0,1.0,0.01,0.06,0.0,255,16,0.06,0.07,0.0,1.0,1.0,0.0,1,124088.0
14,9,1032,0,0,0,511,0.0,0.0,1.0,0.0,0.0,255,109,0.43,0.19,0.0,0.0,0.0,0.0,1,63417.0
41,9,6601,0,0,1,18,0.17,0.0,0.06,0.61,0.0,127,1,0.01,0.21,0.0,0.05,0.0,0.0,0,72424.0
38,5,0,0,0,0,149,1.0,1.0,0.04,0.06,0.0,255,4,0.02,0.06,0.0,1.0,1.0,0.0,1,96471.0
22,9,238,188,0,1,1,0.0,0.0,1.0,0.0,0.17,64,255,1.0,0.0,0.04,0.02,0.01,0.01,0,92198.0
11,9,44,44,0,0,7,0.0,0.0,1.0,0.0,0.31,255,254,1.0,0.01,0.0,0.0,0.0,0.0,0,108681.0
19,9,7233,0,0,1,9,0.0,0.0,1.0,0.0,0.0,58,53,0.26,0.09,0.04,0.0,0.02,0.0,0,32262.0
19,9,10073,0,0,1,15,0.0,0.0,1.0,0.0,0.0,35,39,0.71,0.11,0.05,0.0,0.0,0.0,0,61421.0
37,5,0,0,0,0,241,1.0,1.0,0.01,0.07,0.0,255,2,0.01,0.07,0.0,1.0,1.0,0.0,1,57439.0
11,9,45,122,0,0,194,0.0,0.0,1.0,0.0,0.0,255,255,1.0,0.0,0.0,0.0,0.0,0.0,0,79054.0
55,5,0,0,0,0,7,1.0,1.0,1.0,0.0,0.0,169,89,0.53,0.01,0.0,0.99,0.98,0.0,1,102240.0
7,5,0,0,0,0,234,1.0,1.0,0.01,0.05,0.0,255,3,0.01,0.05,0.0,1.0,1.0,0.0,1,59910.0
25,5,0,0,0,0,153,1.0,1.0,0.08,0.07,0.0,255,13,0.05,0.07,0.0,1.0,1.0,0.0,1,62865.0
22,9,332,2753,0,1,4,0.0,0.0,1.0,0.0,0.0,255,255,1.0,0.0,0.0,0.0,0.0,0.0,0,19417.0
11,9,44,139,0,0,77,0.0,0.0,1.0,0.0,0.01,255,254,1.0,0.01,0.0,0.0,0.0,0.0,0,70933.0
41,1,0,0,0,0,344,0.06,0.0,0.0,1.0,0.0,255,1,0.0,1.0,0.0,0.08,0.0,1.0,1,49467.0
19,9,29,0,0,1,2,0.0,0.0,1.0,0.0,0.0,255,110,0.43,0.02,0.0,0.0,0.0,0.0,0,98335.0
45,1,0,0,0,0,511,0.08,0.0,0.0,1.0,0.0,255,1,0.0,1.0,0.0,0.14,0.0,1.0,1,33322.0
22,5,0,0,0,0,61,1.0,1.0,0.25,0.07,0.0,255,55,0.22,0.02,0.0,1.0,1.0,0.0,1,90053.0
22,9,347,3932,0,1,1,0.0,0.0,1.0,0.0,0.0,29,255,1.0,0.0,0.02,0.0,0.0,0.0,0,78196.0
45,5,0,0,0,0,129,1.0,1.0,0.12,0.05,0.0,255,5,0.02,0.07,0.0,1.0,1.0,0.0,1,111077.0
45,9,28,0,3,0,31,0.0,0.0,1.0,0.0,0.0,234,31,0.13,0.05,0.0,0.02,0.0,0.0,1,105235.0
45,5,0,0,0,0,210,1.0,1.0,0.01,0.07,0.0,255,2,0.01,0.06,0.0,1.0,1.0,0.0,1,30365.0
45,5,0,0,0,0,162,1.0,1.0,0.02,0.06,0.0,255,15,0.06,0.06,0.0,1.0,1.0,0.0,1,93369.0
49,9,880,281,0,1,2,0.0,0.0,0.5,1.0,1.0,247,131,0.53,0.03,0.0,0.01,0.02,0.01,0,56081.0
49,9,882,332,0,1,1,0.0,0.0,1.0,0.0,0.0,194,122,0.45,0.04,0.02,0.0,0.0,0.0,0,62442.0
14,9,520,0,0,0,336,0.0,0.0,1.0,0.0,0.0,255,255,1.0,0.0,0.0,0.0,0.0,0.0,1,104643.0
45,5,0,0,0,0,219,1.0,1.0,0.11,0.06,0.0,255,25,0.1,0.06,0.0,1.0,1.0,0.0,1,56497.0
19,1,0,0,0,0,284,0.0,0.0,0.06,0.06,0.0,255,18,0.07,0.06,0.0,0.0,0.0,1.0,1,36196.0
22,9,216,651,0,1,4,0.0,0.0,1.0,0.0,0.15,136,255,1.0,0.0,0.01,0.0,0.0,0.0,0,82377.0
59,9,181,0,0,0,2,0.0,0.0,0.5,1.0,0.0,255,10,0.04,0.01,0.0,0.0,0.0,0.0,0,29461.0
11,9,46,46,0,0,19,0.0,0.0,1.0,0.0,0.15,255,254,1.0,0.01,0.0,0.0,0.0,0.0,0,110261.0
45,5,0,0,0,0,239,1.0,1.0,0.03,0.05,0.0,255,7,0.03,0.07,0.0,1.0,1.0,0.0,1,15759.0
11,9,45,74,0,0,236,0.0,0.0,1.0,0.0,0.0,255,254,1.0,0.01,0.0,0.0,0.0,0.0,0,111156.0
45,5,0,0,0,0,122,1.0,1.0,0.16,0.06,0.0,25,20,0.8,0.12,0.0,1.0,1.0,0.0,1,36037.0
22,9,339,2913,0,1,16,0.0,0.0,1.0,0.0,0.0,16,255,1.0,0.0,0.01,0.0,0.0,0.0,0,49719.0
45,5,0,0,0,0,146,1.0,1.0,0.06,0.05,0.0,255,29,0.11,0.05,0.0,1.0,1.0,0.0,1,120657.0
30,5,0,0,0,0,240,1.0,1.0,0.06,0.07,0.0,255,14,0.05,0.07,0.0,1.0,1.0,0.0,1,120559.0
62,5,0,0,0,0,134,1.0,1.0,0.17,0.05,0.0,255,23,0.09,0.05,0.0,1.0,1.0,0.0,1,31186.0
36,1,0,0,0,0,242,0.0,0.0,0.02,0.07,0.0,255,4,0.02,0.07,0.0,0.0,0.0,1.0,1,37146.0
13,9,8,0,0,0,1,0.0,0.0,1.0,0.0,1.0,1,51,1.0,0.0,0.51,0.0,0.0,0.0,1,103244.0
45,5,0,0,0,0,236,1.0,1.0,0.08,0.05,0.0,97,18,0.19,0.1,0.0,0.86,1.0,0.0,1,115595.0
37,1,0,0,0,0,105,0.0,0.0,0.17,0.07,0.0,255,3,0.01,0.08,0.0,0.0,0.0,1.0,1,48836.0
22,9,334,560,0,1,9,0.0,0.0,1.0,0.0,0.0,255,255,1.0,0.0,0.0,0.0,0.0,0.0,0,9884.0
45,5,0,0,0,0,167,1.0,1.0,0.03,0.07,0.0,255,3,0.01,0.09,0.0,1.0,1.0,0.0,1,81779.0
22,9,191,15706,0,1,1,0.0,0.0,1.0,0.0,1.0,206,255,1.0,0.0,0.01,0.0,0.0,0.0,0,124894.0
49,9,1518,331,0,1,1,0.0,0.0,1.0,0.0,0.0,123,136,0.46,0.02,0.01,0.0,0.0,0.0,0,39414.0
22,9,233,676,0,1,15,0.0,0.0,1.0,0.0,0.0,111,255,1.0,0.0,0.02,0.0,0.0,0.0,0,37583.0
11,9,44,134,0,0,71,0.0,0.0,1.0,0.0,0.01,255,254,1.0,0.01,0.0,0.0,0.0,0.0,0,50687.0
11,9,44,79,0,0,110,0.0,0.0,0.99,0.02,0.0,255,254,1.0,0.01,0.0,0.0,0.0,0.0,0,44744.0
21,5,0,0,0,0,214,1.0,1.0,0.07,0.06,0.0,255,14,0.05,0.07,0.0,1.0,1.0,0.0,1,7546.0
45,5,0,0,0,0,132,1.0,1.0,0.11,0.06,0.0,132,15,0.11,0.08,0.0,1.0,1.0,0.0,1,43502.0
45,1,0,0,0,0,192,0.0,0.0,0.06,0.06,0.0,255,11,0.04,0.08,0.0,0.0,0.0,1.0,1,103896.0
22,9,202,1761,0,1,13,0.0,0.0,1.0,0.0,0.12,13,255,1.0,0.0,0.02,0.0,0.0,0.0,0,65990.0
22,9,288,864,0,1,10,0.0,0.0,1.0,0.0,0.0,28,255,1.0,0.0,0.04,0.0,0.0,0.0,0,16987.0
22,9,54540,8314,0,1,5,0.0,0.0,1.0,0.0,0.0,238,238,1.0,0.0,0.0,0.0,0.0,0.05,1,40334.0
22,5,0,0,0,0,6,1.0,1.0,0.67,0.33,0.0,255,16,0.06,0.05,0.0,1.0,1.0,0.0,1,20771.0
22,9,311,27640,0,1,27,0.0,0.0,1.0,0.0,0.0,255,255,1.0,0.0,0.0,0.0,0.0,0.0,0,33330.0
22,9,291,920,0,1,16,0.0,0.0,1.0,0.0,0.12,146,255,1.0,0.0,0.04,0.0,0.0,0.0,0,109620.0
22,1,0,0,0,0,1,0.0,0.0,1.0,0.0,0.0,34,255,1.0,0.0,0.16,0.0,0.0,0.98,0,55101.0
41,9,145,105,0,0,1,0.0,0.0,1.0,0.0,0.0,255,1,0.0,0.44,0.0,0.0,0.0,0.0,0,50353.0
19,9,12241,0,0,1,7,0.0,0.0,1.0,0.0,0.0,13,13,1.0,0.0,0.0,0.0,0.0,0.0,0,100705.0
45,5,0,0,0,0,259,1.0,1.0,0.01,0.07,0.0,255,2,0.01,0.07,0.0,1.0,1.0,0.0,1,30319.0
11,9,42,67,0,0,223,0.0,0.0,1.0,0.0,0.0,255,254,1.0,0.01,0.0,0.0,0.0,0.0,0,114089.0
11,9,44,44,0,0,84,0.0,0.0,1.0,0.0,0.03,255,255,1.0,0.0,0.0,0.0,0.0,0.0,0,54341.0
22,9,329,754,0,1,9,0.0,0.0,1.0,0.0,0.2,29,255,1.0,0.0,0.05,0.0,0.0,0.0,0,110453.0
12,2,0,0,0,0,265,0.0,0.0,0.06,0.06,0.0,255,17,0.07,0.07,0.0,0.0,0.0,1.0,1,6367.0
49,9,1591,332,0,1,1,0.0,0.0,1.0,0.0,0.0,255,5,0.02,0.71,0.0,0.0,0.0,0.0,0,19621.0
49,9,556,326,0,1,1,0.0,0.0,1.0,0.0,0.0,211,138,0.65,0.02,0.0,0.0,0.0,0.0,0,93983.0
29,1,0,0,0,0,146,0.0,0.0,0.11,0.05,0.0,255,12,0.05,0.07,0.0,0.0,0.0,1.0,1,46008.0
22,9,220,1918,0,1,11,0.0,0.0,1.0,0.0,0.0,255,255,1.0,0.0,0.0,0.0,0.0,0.0,0,22406.0
22,9,299,1380,0,1,2,0.0,0.0,1.0,0.0,0.75,255,248,0.97,0.01,0.0,0.0,0.0,0.0,0,47823.0
63,5,0,0,0,0,272,1.0,1.0,0.03,0.06,0.0,255,8,0.03,0.07,0.0,1.0,1.0,0.0,1,31884.0
45,5,0,0,0,0,297,1.0,1.0,0.05,0.06,0.0,255,3,0.01,0.09,0.0,1.0,1.0,0.0,1,57220.0
63,5,0,0,0,0,225,1.0,1.0,0.08,0.06,0.0,255,19,0.07,0.06,0.0,1.0,1.0,0.0,1,112343.0
11,9,43,134,0,0,189,0.0,0.0,0.99,0.01,0.0,220,187,0.85,0.01,0.0,0.0,0.0,0.0,0,111744.0
22,1,0,0,0,0,1,0.0,0.0,1.0,0.0,0.0,31,255,1.0,0.0,0.05,0.0,0.0,1.0,0,28355.0
59,9,78,0,0,0,33,0.0,0.0,0.09,0.06,0.0,255,21,0.08,0.01,0.0,0.0,0.0,0.0,0,121657.0
45,5,0,0,0,0,147,1.0,1.0,0.1,0.05,0.0,255,11,0.04,0.06,0.0,1.0,1.0,0.0,1,53315.0
22,9,54540,8314,0,1,2,0.0,0.0,1.0,0.0,0.0,236,236,1.0,0.0,0.0,0.0,0.0,0.02,1,70294.0
45,9,105,146,0,0,1,0.0,0.0,1.0,0.0,0.0,176,164,0.93,0.02,0.0,0.0,0.0,0.0,0,62343.0
49,9,1418,334,0,1,1,0.0,0.0,1.0,0.0,0.0,178,246,0.96,0.02,0.01,0.0,0.0,0.0,0,71747.0
22,5,0,0,0,0,3,0.33,0.33,1.0,0.0,0.0,13,255,1.0,0.0,0.02,0.08,0.01,0.0,0,78361.0
13,9,8,0,0,0,1,0.0,0.0,1.0,0.0,1.0,1,215,1.0,0.0,0.5,0.0,0.0,0.0,1,107085.0
11,9,45,111,0,0,2,0.0,0.0,1.0,0.0,0.0,22,203,0.45,0.09,0.01,0.0,0.0,0.0,0,64987.0
45,10,0,0,0,0,1,1.0,1.0,1.0,0.0,0.0,44,1,0.02,0.77,0.0,0.82,1.0,0.0,1,81419.0
19,9,884,0,0,0,2,0.0,0.0,1.0,0.0,0.0,255,125,0.49,0.02,0.0,0.0,0.0,0.0,0,53906.0
22,9,202,1420,0,1,26,0.0,0.0,1.0,0.0,0.11,146,255,1.0,0.0,0.01,0.0,0.0,0.0,0,70818.0
22,9,54540,8314,0,1,2,0.0,0.0,1.0,0.0,0.0,239,239,1.0,0.0,0.0,0.0,0.0,0.02,1,49498.0
22,9,258,6559,0,1,15,0.0,0.0,1.0,0.0,0.0,255,255,1.0,0.0,0.0,0.0,0.0,0.0,0,48921.0
22,9,233,4779,0,1,19,0.0,0.0,1.0,0.0,0.0,127,255,1.0,0.0,0.02,0.0,0.0,0.0,0,26197.0
45,10,0,0,0,0,1,1.0,1.0,1.0,0.0,0.0,64,1,0.02,0.84,0.0,0.88,1.0,0.0,1,124644.0
29,5,0,0,0,0,89,1.0,1.0,0.02,0.07,0.0,255,4,0.02,0.07,0.0,1.0,1.0,0.0,1,12938.0
45,1,0,0,0,0,113,0.0,0.0,0.12,0.06,0.0,255,14,0.05,0.08,0.0,0.0,0.0,1.0,1,104339.0
14,9,1032,0,0,0,510,0.0,0.0,1.0,0.0,0.0,255,124,0.49,0.05,0.0,0.0,0.0,0.0,1,122610.0
22,9,140,12422,0,1,1,0.0,0.0,1.0,0.0,0.0,255,255,1.0,0.0,0.0,0.0,0.0,0.0,0,106594.0
22,9,247,1342,0,1,9,0.0,0.0,1.0,0.0,0.0,255,255,1.0,0.0,0.0,0.0,0.0,0.0,0,14209.0
17,5,0,0,0,0,33,1.0,1.0,0.24,0.12,0.0,255,47,0.18,0.05,0.0,1.0,1.0,0.0,1,42035.0
22,9,241,1425,0,1,5,0.0,0.0,1.0,0.0,0.0,255,255,1.0,0.0,0.0,0.0,0.0,0.0,0,27694.0
55,9,161,4819,0,1,1,0.0,0.0,1.0,0.0,0.0,151,25,0.17,0.03,0.0,0.0,0.0,0.04,0,99525.0
19,9,12,0,0,1,1,0.0,0.0,1.0,0.0,1.0,115,126,0.47,0.03,0.02,0.0,0.0,0.0,0,37208.0
49,9,1521,325,0,1,1,0.0,0.0,1.0,0.0,0.67,255,91,0.36,0.02,0.0,0.0,0.0,0.0,0,98622.0
29,5,0,0,0,0,262,1.0,1.0,0.09,0.05,0.0,255,24,0.09,0.05,0.0,1.0,1.0,0.0,1,82107.0
22,9,322,9418,0,1,42,0.0,0.0,1.0,0.0,0.0,255,255,1.0,0.0,0.0,0.0,0.0,0.0,0,30579.0
22,9,223,17894,0,1,5,0.0,0.0,1.0,0.0,0.33,255,255,1.0,0.0,0.0,0.0,0.0,0.0,0,41209.0
19,9,3888,0,0,0,1,0.0,0.0,1.0,0.0,0.0,85,114,0.51,0.07,0.02,0.01,0.0,0.0,0,27012.0
7,5,0,0,0,0,113,1.0,1.0,0.04,0.06,0.0,255,4,0.02,0.09,0.0,1.0,1.0,0.0,1,85768.0
14,9,8,0,0,0,1,0.0,0.0,1.0,0.0,0.0,1,1,1.0,0.0,0.0,0.0,0.0,0.0,1,64513.0
49,9,856,333,0,1,1,0.0,0.0,1.0,0.0,1.0,29,179,0.97,0.07,0.01,0.0,0.0,0.0,0,11200.0
41,9,147,105,0,0,1,0.0,0.0,1.0,0.0,0.0,255,1,0.0,0.6,0.0,0.0,0.0,0.0,0,102426.0
19,9,192,0,0,1,2,0.0,0.0,1.0,0.0,0.0,255,116,0.45,0.03,0.0,0.0,0.0,0.0,0,83492.0
11,9,45,137,0,0,73,0.0,0.0,1.0,0.0,0.01,255,232,0.91,0.01,0.0,0.0,0.0,0.0,0,61101.0
36,5,0,0,0,0,84,1.0,1.0,0.14,0.07,0.0,255,7,0.03,0.07,0.0,1.0,1.0,0.0,1,69953.0
22,9,320,462,0,1,1,0.0,0.0,1.0,0.0,0.15,147,255,1.0,0.0,0.01,0.0,0.0,0.0,0,112678.0
26,5,0,0,0,0,247,1.0,1.0,0.04,0.07,0.0,255,10,0.04,0.07,0.0,1.0,1.0,0.0,1,52221.0
45,5,0,0,0,0,179,1.0,1.0,0.03,0.08,0.0,255,5,0.02,0.07,0.0,1.0,1.0,0.0,1,37904.0
13,9,8,0,0,0,1,0.0,0.0,1.0,0.0,1.0,1,153,1.0,0.0,0.25,0.0,0.0,0.0,1,70551.0
11,9,45,72,0,0,20,0.0,0.0,1.0,0.0,0.0,255,252,0.99,0.01,0.0,0.0,0.0,0.0,0,51309.0
49,9,1155,330,0,1,1,0.0,0.0,1.0,0.0,0.0,214,172,0.72,0.05,0.01,0.01,0.01,0.0,0,118866.0
22,9,231,3222,0,1,2,0.0,0.0,1.0,0.0,0.06,255,228,0.89,0.02,0.0,0.0,0.0,0.0,0,87600.0
45,5,0,0,0,0,254,1.0,1.0,0.01,0.07,0.0,255,4,0.02,0.07,0.0,1.0,1.0,0.0,1,111062.0
45,1,0,0,0,0,272,0.0,0.0,0.04,0.06,0.0,255,12,0.05,0.08,0.0,0.0,0.0,1.0,1,9712.0
22,9,291,21953,0,1,6,0.17,0.17,1.0,0.0,0.0,255,255,1.0,0.0,0.0,0.0,0.0,0.0,0,109593.0
22,5,0,0,0,0,2,0.5,0.5,1.0,0.0,0.0,23,255,1.0,0.0,0.02,0.04,0.0,0.0,0,122270.0
45,9,105,145,0,0,1,0.0,0.0,1.0,0.0,0.0,235,213,0.91,0.01,0.0,0.0,0.0,0.0,0,43191.0
49,9,789,365,0,1,1,0.0,0.0,1.0,0.0,1.0,115,104,0.47,0.11,0.02,0.03,0.0,0.0,0,75601.0
49,9,957,328,0,1,1,0.0,0.0,1.0,0.0,0.0,78,62,0.79,0.06,0.0,0.01,0.02,0.0,0,64275.0
49,9,614,330,0,1,1,0.0,0.0,1.0,0.0,1.0,166,183,0.74,0.03,0.01,0.0,0.0,0.0,0,118286.0
45,1,0,0,0,0,9,0.0,0.0,0.11,0.56,0.0,179,1,0.01,0.04,0.0,0.01,0.0,1.0,1,27050.0
45,9,28,0,3,0,65,0.0,0.0,1.0,0.0,0.0,255,65,0.25,0.04,0.0,0.02,0.0,0.0,1,78946.0
49,9,609,281,0,1,1,0.0,0.0,1.0,0.0,0.0,228,126,0.5,0.02,0.02,0.0,0.0,0.0,0,115567.0
19,9,852,0,0,0,4,0.0,0.0,1.0,0.0,0.0,255,103,0.4,0.03,0.0,0.0,0.0,0.0,0,26448.0
12,5,0,0,0,0,172,1.0,1.0,0.07,0.06,0.0,255,12,0.05,0.06,0.0,1.0,1.0,0.0,1,31537.0
45,5,0,0,0,0,43,1.0,1.0,0.16,0.14,0.0,255,11,0.04,0.07,0.0,1.0,1.0,0.0,1,45721.0
22,9,215,20502,0,1,8,0.0,0.0,1.0,0.0,0.22,74,255,1.0,0.0,0.01,0.0,0.0,0.0,0,102299.0
55,5,0,0,0,0,67,1.0,1.0,0.24,0.06,0.0,255,56,0.22,0.04,0.0,1.0,1.0,0.0,1,49266.0
22,9,300,1651,0,1,26,0.0,0.0,1.0,0.0,0.0,48,255,1.0,0.0,0.04,0.0,0.0,0.0,0,55372.0
22,1,0,0,0,0,1,0.0,0.0,1.0,0.0,0.0,20,254,1.0,0.0,0.19,0.0,0.0,1.0,0,74530.0
22,9,290,6935,0,1,21,0.0,0.0,1.0,0.0,0.09,255,255,1.0,0.0,0.0,0.0,0.0,0.0,0,80658.0
45,9,1,0,0,0,5,0.0,0.0,1.0,0.0,0.0,255,5,0.02,0.35,0.0,0.02,0.0,0.0,1,14736.0
19,9,8766,0,0,1,6,0.0,0.0,1.0,0.0,0.0,41,79,0.44,0.1,0.03,0.0,0.0,0.0,0,53715.0
22,9,235,12623,0,1,5,0.0,0.0,1.0,0.0,0.0,255,255,1.0,0.0,0.0,0.0,0.0,0.0,0,85255.0
11,9,29,42,0,0,1,0.0,0.0,1.0,0.0,0.6,246,205,0.83,0.01,0.0,0.0,0.0,0.0,0,42980.0
22,9,240,3083,0,1,27,0.0,0.0,1.0,0.0,0.04,29,31,1.0,0.0,0.06,0.0,0.0,0.0,0,62282.0
45,5,0,0,0,0,286,1.0,1.0,0.05,0.06,0.0,255,15,0.06,0.07,0.0,1.0,1.0,0.0,1,110189.0
19,9,9178,0,0,1,7,0.14,0.14,1.0,0.0,0.0,44,81,0.43,0.09,0.02,0.02,0.01,0.0,0,107624.0
8,5,0,0,0,0,15,1.0,1.0,0.33,0.4,0.0,255,9,0.04,0.1,0.0,1.0,1.0,0.0,1,67255.0
22,1,0,0,0,0,1,0.0,0.0,1.0,0.0,0.0,59,233,1.0,0.0,0.11,0.0,0.0,0.93,0,114056.0
49,5,0,0,0,0,5,1.0,1.0,1.0,0.0,0.0,187,139,0.45,0.01,0.01,0.99,0.61,0.0,1,113481.0
36,5,0,0,0,0,288,1.0,1.0,0.05,0.06,0.0,255,7,0.03,0.06,0.0,1.0,1.0,0.0,1,84436.0
19,9,641,0,0,0,2,0.0,0.0,1.0,0.0,0.0,255,119,0.47,0.01,0.0,0.0,0.01,0.0,0,45930.0
19,9,24,0,0,0,1,0.0,0.0,1.0,0.0,0.0,255,11,0.04,0.96,0.0,0.95,0.0,0.0,0,33473.0
11,9,44,127,0,0,78,0.0,0.0,1.0,0.0,0.01,255,254,1.0,0.01,0.0,0.0,0.0,0.0,0,105788.0
11,9,44,76,0,0,237,0.0,0.0,1.0,0.0,0.01,255,254,1.0,0.01,0.0,0.0,0.0,0.0,0,108564.0
8,5,0,0,0,0,246,1.0,1.0,0.01,0.06,0.0,255,14,0.05,0.06,0.0,1.0,1.0,0.0,1,122678.0
22,9,315,462,0,1,22,0.0,0.0,1.0,0.0,0.15,255,255,1.0,0.0,0.0,0.0,0.0,0.0,0,14833.0
55,5,0,0,0,0,105,1.0,1.0,0.05,0.07,0.0,255,13,0.05,0.06,0.0,1.0,1.0,0.0,1,45498.0
13,9,8,0,0,0,1,0.0,0.0,1.0,0.0,1.0,1,17,1.0,0.0,0.53,0.0,0.0,0.0,1,79932.0
14,9,64,0,0,0,1,0.0,0.0,1.0,0.0,0.0,88,1,0.01,0.05,0.0,0.0,0.0,0.0,0,69847.0
18,9,1227,2451,0,1,1,0.0,0.0,1.0,0.0,0.0,197,25,0.13,0.03,0.0,0.01,0.0,0.0,1,97034.0
45,5,0,0,0,0,148,1.0,1.0,0.01,0.07,0.0,255,16,0.06,0.06,0.0,1.0,1.0,0.0,1,54708.0
45,9,1,4,0,0,20,0.0,0.0,0.15,0.15,0.0,255,3,0.01,0.73,0.0,0.16,0.0,0.0,1,79453.0
45,5,0,0,0,0,126,1.0,1.0,0.07,0.06,0.0,255,13,0.05,0.06,0.0,1.0,1.0,0.0,1,50574.0
19,9,7012,0,0,1,8,0.0,0.0,1.0,0.0,0.0,174,82,0.32,0.41,0.02,0.0,0.0,0.01,0,103259.0
19,9,16787,0,0,1,11,0.0,0.0,1.0,0.0,0.0,48,88,0.48,0.06,0.02,0.0,0.0,0.0,0,112402.0
22,9,455,3114,0,1,1,0.0,0.0,1.0,0.0,1.0,26,255,1.0,0.0,0.03,0.0,0.0,0.0,0,34149.0
55,5,0,0,0,0,29,0.97,1.0,0.28,0.1,0.0,255,20,0.08,0.05,0.0,1.0,1.0,0.0,1,59934.0
19,1,0,0,0,0,469,0.07,0.0,0.03,0.97,0.0,255,14,0.05,0.95,0.0,0.08,0.0,1.0,1,110216.0
22,9,215,5790,0,1,7,0.0,0.0,1.0,0.0,0.0,7,255,1.0,0.0,0.05,0.0,0.0,0.0,0,117639.0
11,9,44,79,0,0,143,0.0,0.0,1.0,0.0,0.02,255,230,0.9,0.01,0.0,0.0,0.0,0.0,0,98591.0
22,9,287,1484,0,1,5,0.0,0.0,1.0,0.0,0.0,255,255,1.0,0.0,0.0,0.0,0.0,0.0,0,108969.0
45,5,0,0,0,0,264,1.0,1.0,0.05,0.06,0.0,255,16,0.06,0.07,0.0,1.0,1.0,0.0,1,40853.0
13,9,8,0,0,0,1,0.0,0.0,1.0,0.0,1.0,1,55,1.0,0.0,0.53,0.0,0.0,0.0,1,124903.0
14,9,1032,0,0,0,511,0.0,0.0,1.0,0.0,0.0,255,18,0.07,0.05,0.0,0.35,0.0,0.0,1,79688.0
54,5,0,0,0,0,104,1.0,1.0,0.04,0.06,0.0,255,4,0.02,0.07,0.0,1.0,1.0,0.0,1,21722.0
14,9,1032,0,0,0,511,0.0,0.0,1.0,0.0,0.0,255,58,0.23,0.02,0.0,0.02,0.0,0.0,1,111673.0
19,9,276,0,0,1,2,0.0,0.0,1.0,0.0,0.0,62,35,0.32,0.06,0.06,0.02,0.0,0.0,0,63660.0
32,5,0,0,0,0,286,1.0,1.0,0.03,0.05,0.0,255,9,0.04,0.05,0.0,1.0,1.0,0.0,1,48225.0
22,9,322,336,0,1,3,0.0,0.0,1.0,0.0,0.5,55,255,1.0,0.0,0.06,0.0,0.0,0.0,0,64097.0
10,1,0,0,0,0,129,0.0,0.0,0.02,0.07,0.0,255,1,0.0,0.07,0.0,0.0,0.0,1.0,1,122730.0
22,9,238,1590,0,1,1,0.0,0.0,1.0,0.0,0.09,79,255,1.0,0.0,0.04,0.0,0.0,0.0,0,77142.0
22,9,212,938,0,1,12,0.0,0.0,1.0,0.0,0.21,30,255,1.0,0.0,0.05,0.03,0.0,0.0,0,12480.0
49,9,867,330,0,1,1,0.0,0.0,1.0,0.0,0.0,188,125,0.66,0.04,0.0,0.01,0.01,0.0,0,7095.0
45,5,0,0,0,0,230,1.0,1.0,0.08,0.06,0.0,255,17,0.07,0.07,0.0,1.0,1.0,0.0,1,74569.0
22,9,278,2736,0,1,1,0.0,0.0,1.0,0.0,0.09,255,255,1.0,0.0,0.0,0.0,0.0,0.0,0,19900.0
22,9,215,1080,0,1,5,0.0,0.0,1.0,0.0,0.0,53,255,1.0,0.0,0.05,0.0,0.0,0.0,0,24519.0
2,5,0,0,0,0,250,1.0,1.0,0.02,0.06,0.0,255,5,0.02,0.07,0.0,1.0,1.0,0.0,1,48676.0
22,1,0,0,0,0,1,0.0,0.0,1.0,0.0,0.0,4,255,1.0,0.0,0.05,0.0,0.0,0.84,0,100655.0
28,5,0,0,0,0,69,1.0,1.0,0.13,0.06,0.0,255,9,0.04,0.05,0.0,1.0,1.0,0.0,1,112113.0
41,9,146,105,0,0,4,0.0,0.0,0.25,0.75,0.0,255,1,0.0,0.7,0.0,0.0,0.0,0.0,0,64833.0
22,5,0,0,0,0,237,1.0,0.26,0.03,0.07,0.09,255,6,0.02,0.07,0.0,1.0,1.0,0.0,1,12560.0
41,1,0,0,0,0,500,0.07,0.0,0.0,1.0,0.0,255,1,0.0,1.0,0.0,0.04,0.0,1.0,1,20442.0
22,9,205,728,0,1,14,0.0,0.0,1.0,0.0,0.13,255,255,1.0,0.0,0.0,0.0,0.0,0.0,0,64505.0
22,9,210,1048,0,1,4,0.0,0.0,1.0,0.0,0.4,94,255,1.0,0.0,0.04,0.0,0.0,0.0,0,112001.0
62,1,0,0,0,0,169,0.0,0.0,0.05,0.07,0.0,255,8,0.03,0.09,0.0,0.0,0.0,1.0,1,111489.0
19,9,334,0,0,1,1,0.0,0.0,1.0,0.0,0.0,3,21,1.0,0.0,0.24,0.0,0.0,0.0,1,8205.0
31,5,0,0,0,0,140,1.0,1.0,0.05,0.05,0.0,255,7,0.03,0.05,0.0,1.0,1.0,0.0,1,78225.0
19,5,0,0,0,0,243,1.0,1.0,0.05,0.06,0.0,255,12,0.05,0.06,0.0,1.0,1.0,0.0,1,35649.0
60,5,0,0,0,0,118,1.0,1.0,0.11,0.06,0.0,255,13,0.05,0.06,0.0,1.0,1.0,0.0,1,92509.0
19,9,12,0,0,1,1,0.0,0.0,1.0,0.0,0.0,255,5,0.02,0.53,0.0,0.0,0.0,0.0,0,84046.0
45,1,0,0,0,0,1,0.0,0.0,1.0,0.0,0.0,27,1,0.04,1.0,0.0,0.0,0.0,1.0,1,1649.0
5,5,0,0,0,0,109,1.0,1.0,0.05,0.06,0.0,255,5,0.02,0.06,0.0,1.0,1.0,0.0,1,2434.0
11,9,42,42,0,0,4,0.0,0.0,1.0,0.0,0.29,255,244,0.96,0.01,0.0,0.0,0.0,0.0,0,111474.0
45,5,0,0,0,0,103,1.0,1.0,0.18,0.06,0.0,255,17,0.07,0.07,0.0,1.0,1.0,0.0,1,36487.0
45,5,0,0,0,0,292,1.0,1.0,0.05,0.06,0.0,255,13,0.05,0.06,0.0,1.0,1.0,0.0,1,87825.0
33,5,0,0,0,0,282,1.0,1.0,0.09,0.05,0.0,255,25,0.1,0.05,0.0,1.0,1.0,0.0,1,105683.0
49,9,699,334,0,1,1,0.0,0.0,1.0,0.0,0.0,191,244,0.97,0.01,0.01,0.0,0.0,0.0,0,44046.0
22,9,209,1817,0,1,24,0.0,0.0,1.0,0.0,0.0,115,255,1.0,0.0,0.03,0.01,0.0,0.0,0,9610.0
11,9,44,133,0,0,47,0.0,0.0,1.0,0.0,0.02,255,226,0.89,0.01,0.0,0.0,0.0,0.0,0,18384.0
45,5,0,0,0,0,91,1.0,1.0,0.07,0.09,0.0,255,6,0.02,0.07,0.0,1.0,1.0,0.0,1,43199.0
49,9,1208,433,0,1,1,0.0,0.0,1.0,0.0,0.0,14,155,0.5,0.21,0.01,0.0,0.0,0.0,0,2511.0
19,9,37,0,0,0,2,0.0,0.0,1.0,0.0,0.0,238,13,0.05,0.01,0.0,0.84,0.0,0.0,0,14410.0
45,4,0,0,0,0,1,0.0,0.0,1.0,0.0,0.0,255,1,0.0,1.0,0.0,0.0,0.0,1.0,1,81528.0
45,4,0,0,0,0,1,0.0,0.0,1.0,0.0,0.0,207,1,0.0,0.21,0.0,0.0,0.0,1.0,1,31864.0
7,5,0,0,0,0,237,1.0,1.0,0.01,0.05,0.0,255,2,0.01,0.05,0.0,1.0,1.0,0.0,1,66964.0
14,9,1032,0,0,0,185,0.0,0.0,1.0,0.0,0.0,102,8,0.08,0.07,0.0,0.02,0.0,0.0,1,124781.0
22,9,325,1397,0,1,8,0.0,0.0,1.0,0.0,0.22,124,255,1.0,0.0,0.02,0.0,0.0,0.0,0,85831.0
55,5,0,0,0,0,247,1.0,1.0,0.1,0.05,0.0,255,24,0.09,0.06,0.0,1.0,1.0,0.0,1,105664.0
2,4,0,0,0,0,1,0.0,0.0,1.0,0.0,0.0,255,1,0.0,0.83,0.0,0.0,0.0,1.0,1,47501.0
45,1,0,0,0,0,197,0.0,0.0,0.07,0.07,0.0,255,13,0.05,0.07,0.0,0.0,0.0,1.0,1,9785.0
21,5,0,0,0,0,207,1.0,1.0,0.07,0.07,0.0,255,15,0.06,0.08,0.0,1.0,1.0,0.0,1,50137.0
22,9,249,11335,0,1,2,0.0,0.0,1.0,0.0,0.0,26,92,1.0,0.0,0.05,0.0,0.0,0.0,0,47434.0
22,9,214,465,0,1,3,0.0,0.0,1.0,0.0,0.0,3,255,1.0,0.0,0.03,0.0,0.0,0.0,0,121484.0
22,9,198,1108,0,1,1,0.0,0.0,1.0,0.0,0.0,186,255,1.0,0.0,0.01,0.0,0.0,0.0,0,51457.0
45,1,0,0,0,0,138,0.0,0.0,0.06,0.07,0.0,255,8,0.03,0.09,0.0,0.0,0.0,1.0,1,41119.0
11,9,44,134,0,0,93,0.0,0.0,1.0,0.0,0.01,255,255,1.0,0.0,0.0,0.0,0.0,0.0,0,53939.0
35,5,0,0,0,0,84,1.0,1.0,0.05,0.06,0.0,255,9,0.04,0.07,0.0,1.0,1.0,0.0,1,6606.0
47,5,0,0,0,0,282,1.0,1.0,0.07,0.06,0.0,255,20,0.08,0.08,0.0,1.0,1.0,0.0,1,21795.0
45,5,0,0,0,0,213,1.0,1.0,0.01,0.06,0.0,255,3,0.01,0.07,0.0,1.0,1.0,0.0,1,97740.0
60,5,0,0,0,0,106,1.0,1.0,0.06,0.07,0.0,255,6,0.02,0.07,0.0,1.0,1.0,0.0,1,78464.0
25,1,0,0,0,0,271,0.0,0.0,0.05,0.06,0.0,255,14,0.05,0.07,0.0,0.0,0.0,1.0,1,61932.0
19,5,0,0,0,0,34,1.0,1.0,0.41,0.12,0.0,255,64,0.25,0.04,0.0,1.0,1.0,0.0,1,43212.0
22,9,224,1785,0,1,5,0.0,0.0,1.0,0.0,0.0,120,255,1.0,0.0,0.04,0.0,0.0,0.01,0,112359.0
13,9,8,0,0,0,1,0.0,0.0,1.0,0.0,1.0,2,46,1.0,0.0,0.26,0.0,0.0,0.0,1,20493.0
12,5,0,0,0,0,216,1.0,1.0,0.01,0.06,0.0,255,2,0.01,0.06,0.0,1.0,1.0,0.0,1,124920.0
55,9,181,18836,0,1,1,0.0,0.0,1.0,0.0,0.0,1,2,1.0,0.0,1.0,0.0,0.0,0.0,0,74164.0
22,9,506,10848,0,1,13,0.0,0.0,1.0,0.0,0.0,255,255,1.0,0.0,0.0,0.01,0.01,0.0,0,20484.0
17,9,7,220,0,0,1,0.0,0.0,1.0,0.0,0.0,8,11,0.12,0.25,0.27,0.0,0.27,0.0,0,15429.0
49,9,855,575,0,1,1,0.0,0.0,1.0,0.0,0.0,255,20,0.08,0.02,0.0,0.0,0.0,0.0,0,203.0
45,5,0,0,0,0,235,1.0,1.0,0.05,0.06,0.0,255,11,0.04,0.08,0.0,1.0,1.0,0.0,1,64169.0
32,1,0,0,0,0,276,0.0,0.0,0.03,0.06,0.0,255,9,0.04,0.07,0.0,0.0,0.0,1.0,1,99701.0
51,5,0,0,0,0,298,1.0,1.0,0.06,0.05,0.0,255,19,0.07,0.06,0.0,1.0,1.0,0.0,1,16024.0
22,9,199,41018,0,1,10,0.0,0.0,1.0,0.0,0.0,20,255,1.0,0.0,0.03,0.0,0.0,0.0,0,90939.0
45,5,0,0,0,0,224,1.0,1.0,0.04,0.06,0.0,255,5,0.02,0.06,0.0,1.0,1.0,0.0,1,101166.0
15,5,0,0,0,0,146,1.0,1.0,0.06,0.05,0.0,255,9,0.04,0.06,0.0,1.0,1.0,0.0,1,24072.0
22,9,298,736,0,1,2,0.0,0.0,1.0,0.0,0.67,31,255,1.0,0.0,0.02,0.0,0.0,0.0,0,12223.0
52,5,0,0,0,0,287,1.0,1.0,0.03,0.06,0.0,255,13,0.05,0.08,0.0,1.0,1.0,0.0,1,84464.0
59,9,78,0,0,0,56,0.0,0.0,0.2,0.04,0.0,228,11,0.05,0.02,0.0,0.0,0.0,0.0,0,85282.0
26,5,0,0,0,0,264,1.0,1.0,0.07,0.05,0.0,255,19,0.07,0.05,0.0,1.0,1.0,0.0,1,100814.0
41,9,1,0,0,0,35,0.0,0.0,0.06,0.11,0.0,255,2,0.01,0.07,0.0,0.0,0.0,0.0,1,49605.0
11,9,33,0,0,0,1,0.0,0.0,1.0,0.0,1.0,182,14,0.07,0.03,0.14,0.0,0.0,0.0,0,83836.0
21,5,0,0,0,0,275,1.0,1.0,0.03,0.06,0.0,255,8,0.03,0.08,0.0,1.0,1.0,0.0,1,88662.0
45,4,1,0,0,0,2,0.0,0.0,1.0,0.0,0.0,255,2,0.01,0.69,0.0,0.0,0.0,1.0,1,115.0
30,4,1,0,0,0,2,0.0,0.0,1.0,0.0,0.0,255,2,0.01,0.35,0.0,0.0,0.0,1.0,1,110739.0
45,9,1,0,0,0,38,0.0,0.0,0.13,0.11,0.0,255,5,0.02,0.23,0.0,0.0,0.0,0.0,1,111276.0
22,9,298,529,0,1,20,0.0,0.0,1.0,0.0,0.13,20,255,1.0,0.0,0.04,0.0,0.0,0.0,0,88831.0
45,5,0,0,0,0,210,1.0,1.0,0.05,0.06,0.0,255,12,0.05,0.06,0.0,1.0,1.0,0.0,1,35164.0
23,5,0,0,0,0,134,1.0,1.0,0.13,0.06,0.0,255,18,0.07,0.06,0.0,1.0,1.0,0.0,1,112907.0
45,5,0,0,0,0,53,1.0,1.0,0.43,0.08,0.0,255,23,0.09,0.06,0.0,1.0,1.0,0.0,1,114064.0
27,5,0,0,0,0,139,1.0,1.0,0.03,0.06,0.0,255,3,0.01,0.05,0.0,1.0,1.0,0.0,1,56919.0
22,9,314,9284,0,1,16,0.0,0.0,1.0,0.0,0.0,255,255,1.0,0.0,0.0,0.0,0.0,0.0,0,32413.0
22,9,194,7197,0,1,2,0.0,0.0,1.0,0.0,0.0,2,255,1.0,0.0,0.04,0.0,0.0,0.0,0,6966.0
22,9,302,2550,0,1,6,0.0,0.0,1.0,0.0,0.0,9,255,1.0,0.0,0.05,0.0,0.0,0.0,0,5994.0
41,1,0,0,0,0,399,0.07,0.0,0.0,1.0,0.0,255,1,0.0,1.0,0.0,0.08,0.0,1.0,1,105391.0
22,9,210,1480,0,1,10,0.0,0.0,1.0,0.0,0.18,40,255,1.0,0.0,0.02,0.0,0.0,0.0,0,20898.0
22,9,330,6010,0,1,20,0.0,0.0,1.0,0.0,0.0,20,255,1.0,0.0,0.05,0.0,0.01,0.0,0,93311.0
45,1,0,0,0,0,141,0.0,0.0,0.01,0.06,0.0,255,20,0.08,0.07,0.0,0.0,0.0,1.0,1,96166.0
49,9,2633,332,0,1,1,0.0,0.0,1.0,0.0,0.0,255,115,0.45,0.02,0.0,0.0,0.0,0.0,0,122455.0
49,9,1094,329,0,1,1,0.0,0.0,1.0,0.0,1.0,138,146,0.49,0.04,0.01,0.0,0.0,0.0,0,4626.0
22,7,168,24690,0,1,3,0.33,0.08,1.0,0.0,0.23,255,255,1.0,0.0,0.0,0.0,0.0,0.0,0,43570.0
22,9,174,15647,0,1,2,0.0,0.0,1.0,0.0,0.21,14,255,1.0,0.0,0.01,0.0,0.0,0.0,0,51786.0
45,5,0,0,0,0,171,0.99,1.0,0.03,0.08,0.0,255,5,0.02,0.08,0.0,1.0,1.0,0.0,1,59115.0
45,5,0,0,0,0,109,1.0,1.0,0.08,0.06,0.0,255,11,0.04,0.07,0.0,1.0,1.0,0.0,1,53999.0
5,5,0,0,0,0,145,1.0,1.0,0.11,0.06,0.0,255,16,0.06,0.06,0.0,1.0,1.0,0.0,1,95536.0
45,1,0,0,0,0,259,0.0,0.0,0.04,0.06,0.0,255,11,0.04,0.09,0.0,0.0,0.0,1.0,1,54032.0
49,9,1729,337,0,1,1,0.0,0.0,1.0,0.0,1.0,80,175,0.95,0.03,0.01,0.0,0.0,0.0,0,111405.0
22,1,0,0,0,0,1,0.0,0.0,1.0,0.0,0.0,1,255,1.0,0.0,0.19,0.0,0.0,0.99,0,33590.0
61,5,0,0,0,0,265,1.0,1.0,0.02,0.06,0.0,255,16,0.06,0.07,0.0,1.0,1.0,0.0,1,70646.0
22,9,244,5948,0,1,8,0.0,0.0,1.0,0.0,0.12,48,255,1.0,0.0,0.04,0.0,0.0,0.0,0,118423.0
13,9,18,0,0,0,1,0.0,0.0,1.0,0.0,0.0,2,74,1.0,0.0,0.26,0.0,0.0,0.0,1,122144.0
6,5,0,0,0,0,227,1.0,1.0,0.08,0.07,0.0,255,18,0.07,0.07,0.0,1.0,1.0,0.0,1,54349.0
41,1,0,0,0,0,509,0.23,0.0,0.0,1.0,0.0,255,1,0.0,1.0,0.0,0.24,0.0,1.0,1,66096.0
45,5,0,0,0,0,132,1.0,1.0,0.08,0.06,0.0,255,12,0.05,0.06,0.0,1.0,1.0,0.0,1,13097.0
49,9,2499,338,0,1,1,0.0,0.0,1.0,0.0,1.0,59,199,0.88,0.05,0.01,0.0,0.0,0.0,0,35380.0
45,3,0,0,0,0,106,0.75,0.67,0.03,0.37,0.0,255,3,0.01,0.15,0.0,0.31,0.67,0.33,1,100741.0
14,9,1032,0,0,0,445,0.0,0.0,1.0,0.0,0.0,255,255,1.0,0.0,0.0,0.0,0.0,0.0,1,79180.0
50,4,0,0,0,0,1,0.0,0.0,1.0,0.0,0.0,255,1,0.0,1.0,0.0,0.0,0.0,1.0,1,13228.0
2,5,0,0,0,0,159,1.0,1.0,0.1,0.08,0.0,255,16,0.06,0.07,0.0,1.0,1.0,0.0,1,20138.0
22,9,305,502,0,1,3,0.0,0.0,1.0,0.0,0.4,3,255,1.0,0.0,0.03,0.0,0.0,0.0,0,54741.0
45,9,1,0,0,0,22,0.0,0.0,0.09,0.27,0.0,255,2,0.01,0.24,0.0,0.0,0.0,0.0,1,117906.0
45,1,0,0,0,0,1,0.0,0.0,1.0,0.0,0.0,57,2,0.02,1.0,1.0,0.0,0.0,1.0,1,39326.0
45,5,0,0,0,0,280,1.0,1.0,0.05,0.06,0.0,255,15,0.06,0.08,0.0,1.0,1.0,0.0,1,43405.0
3,9,13,38,0,1,2,0.0,0.0,0.5,1.0,0.0,218,3,0.01,0.02,0.0,0.0,0.0,0.0,0,78881.0
22,9,252,1315,0,1,3,0.0,0.0,1.0,0.0,0.5,255,255,1.0,0.0,0.0,0.0,0.0,0.0,0,9411.0
22,9,279,761,0,1,4,0.0,0.0,1.0,0.0,0.11,8,255,1.0,0.0,0.02,0.0,0.0,0.0,0,56160.0
19,9,3909,0,0,1,11,0.0,0.0,1.0,0.0,0.0,133,58,0.35,0.02,0.03,0.0,0.0,0.0,0,66903.0
45,5,0,0,0,0,121,1.0,1.0,0.17,0.06,0.0,144,1,0.01,0.11,0.0,1.0,1.0,0.0,1,119557.0
19,9,12,0,0,1,1,0.0,0.0,1.0,0.0,0.0,168,35,0.21,0.03,0.0,0.0,0.0,0.0,0,115903.0
0,6,43580,46746,0,1,1,1.0,1.0,1.0,0.0,0.0,45,6,0.13,0.04,0.0,0.09,0.67,0.0,0,3283.0
18,9,1211,3380,0,1,1,0.0,0.0,1.0,0.0,0.0,255,57,0.22,0.02,0.0,0.0,0.0,0.11,0,88974.0
17,5,0,0,0,0,63,0.97,1.0,0.25,0.1,0.0,255,56,0.22,0.04,0.0,1.0,1.0,0.0,1,30070.0
51,5,0,0,0,0,232,1.0,1.0,0.09,0.05,0.0,255,22,0.09,0.05,0.0,1.0,1.0,0.0,1,67999.0
49,9,617,330,0,1,1,0.0,0.0,1.0,0.0,1.0,208,164,0.74,0.03,0.01,0.0,0.0,0.0,0,92679.0
55,9,104,2124,0,1,1,0.0,0.0,1.0,0.0,0.0,187,1,0.01,0.03,0.0,0.0,0.0,0.0,0,93005.0
22,1,0,0,0,0,1,0.0,0.0,1.0,0.0,0.0,14,218,1.0,0.0,0.22,0.0,0.01,0.99,0,100248.0
31,5,0,0,0,0,114,1.0,1.0,0.2,0.06,0.0,255,23,0.09,0.05,0.0,1.0,1.0,0.0,1,60580.0
45,1,0,0,0,0,21,0.0,0.0,0.05,1.0,0.0,255,1,0.0,0.12,0.0,0.0,0.0,1.0,1,43325.0
13,9,8,0,0,0,1,0.0,0.0,1.0,0.0,1.0,2,134,1.0,0.0,0.25,0.0,0.0,0.0,1,58993.0
57,9,0,4,0,0,1,0.0,0.0,1.0,0.0,0.0,11,11,1.0,0.0,0.0,0.0,0.0,0.0,0,52187.0
22,9,225,309,0,1,5,0.0,0.0,1.0,0.0,0.0,62,255,1.0,0.0,0.02,0.0,0.0,0.0,0,111432.0
49,9,3334,332,0,1,1,0.0,0.0,1.0,0.0,1.0,108,200,0.7,0.03,0.01,0.0,0.0,0.0,0,13592.0
22,9,298,784,0,1,11,0.0,0.0,1.0,0.0,0.17,255,255,1.0,0.0,0.0,0.0,0.0,0.0,0,47966.0
22,9,306,2013,0,1,1,0.0,0.0,1.0,0.0,0.0,255,215,0.84,0.02,0.0,0.0,0.0,0.0,0,35981.0
22,9,244,2281,0,1,24,0.0,0.0,1.0,0.0,0.08,168,255,1.0,0.0,0.02,0.0,0.0,0.0,0,46788.0
22,9,252,1165,0,1,20,0.0,0.0,1.0,0.0,0.0,255,255,1.0,0.0,0.0,0.0,0.0,0.0,0,27685.0
22,9,223,923,0,1,4,0.0,0.0,1.0,0.0,0.4,205,255,1.0,0.0,0.02,0.0,0.0,0.0,0,1454.0
22,5,0,0,0,0,53,1.0,1.0,0.38,0.08,0.0,255,60,0.24,0.02,0.0,1.0,1.0,0.0,1,94881.0
22,9,299,644,0,1,6,0.0,0.0,1.0,0.0,0.0,49,255,1.0,0.0,0.04,0.0,0.0,0.0,0,98187.0
22,9,219,2000,0,1,7,0.0,0.0,1.0,0.0,0.0,163,255,1.0,0.0,0.02,0.0,0.0,0.0,0,25284.0
22,9,302,1170,0,1,4,0.0,0.0,1.0,0.0,0.0,18,255,1.0,0.0,0.03,0.0,0.0,0.0,0,87431.0
13,9,8,0,0,0,1,0.0,0.0,1.0,0.0,1.0,3,115,1.0,0.0,0.25,0.0,0.0,0.0,1,3069.0
22,9,54540,8314,0,1,2,0.0,0.0,1.0,0.0,0.0,49,49,1.0,0.0,0.0,0.0,0.0,0.02,1,12438.0
22,9,242,4145,0,1,1,0.0,0.0,1.0,0.0,0.18,194,194,1.0,0.0,0.0,0.0,0.0,0.0,0,124784.0
22,9,255,1727,0,1,7,0.0,0.0,1.0,0.0,0.03,255,226,0.89,0.01,0.0,0.0,0.0,0.0,0,84404.0
32,1,0,0,0,0,203,0.0,0.0,0.01,0.07,0.0,255,2,0.01,0.07,0.0,0.0,0.0,1.0,1,77527.0
19,9,2194619,0,0,1,2,0.0,0.0,1.0,0.0,0.67,6,75,1.0,0.0,0.04,0.0,0.0,0.0,0,101442.0
49,9,1532,406,0,1,1,0.0,0.0,1.0,0.0,0.0,56,232,0.71,0.05,0.01,0.27,0.0,0.0,0,69236.0
12,5,0,0,0,0,265,1.0,1.0,0.01,0.06,0.0,255,3,0.01,0.07,0.0,1.0,1.0,0.0,1,10020.0
19,9,2307,0,0,1,2,0.0,0.0,0.5,1.0,0.0,255,113,0.44,0.03,0.0,0.0,0.01,0.0,0,38483.0
41,9,147,0,0,0,1,0.0,0.0,1.0,0.0,0.0,255,1,0.0,0.7,0.0,0.0,0.0,0.0,0,112066.0
11,9,45,76,0,0,210,0.0,0.0,1.0,0.0,0.0,255,255,1.0,0.0,0.0,0.0,0.0,0.0,0,98293.0
18,2,0,0,0,0,242,0.0,0.0,0.01,0.07,0.0,255,3,0.01,0.08,0.0,0.0,0.0,1.0,1,20236.0
22,9,220,310,0,1,2,0.0,0.0,1.0,0.0,0.0,116,255,1.0,0.0,0.02,0.01,0.01,0.0,0,5681.0
3,1,0,0,0,0,1,0.0,0.0,1.0,0.0,0.0,178,9,0.05,0.03,0.0,0.02,0.0,1.0,0,101520.0
45,4,0,0,0,0,1,0.0,0.0,1.0,0.0,0.0,255,1,0.0,0.75,0.0,0.0,0.0,1.0,1,32959.0
55,5,0,0,0,0,7,1.0,1.0,1.0,0.0,0.0,49,29,0.59,0.04,0.0,0.96,0.93,0.0,1,1909.0
22,9,295,2623,0,1,23,0.0,0.0,1.0,0.0,0.0,255,255,1.0,0.0,0.0,0.0,0.0,0.0,0,115468.0
22,1,0,0,0,0,1,0.0,0.0,1.0,0.0,0.0,43,255,1.0,0.0,0.13,0.0,0.0,0.92,0,13841.0
22,9,230,7054,0,1,1,0.0,0.0,1.0,0.0,0.75,2,255,1.0,0.0,0.04,0.0,0.0,0.0,0,44660.0
10,5,0,0,0,0,201,1.0,1.0,0.06,0.06,0.0,255,20,0.08,0.06,0.0,1.0,1.0,0.0,1,87266.0
21,5,0,0,0,0,266,1.0,1.0,0.06,0.06,0.0,255,17,0.07,0.06,0.0,1.0,1.0,0.0,1,65076.0
11,9,45,44,0,0,2,0.0,0.0,0.5,1.0,0.0,87,60,0.69,0.02,0.0,0.0,0.0,0.0,0,20149.0
22,9,299,1321,0,1,2,0.0,0.0,1.0,0.0,0.0,53,255,1.0,0.0,0.08,0.0,0.01,0.0,0,87904.0
22,9,277,7039,0,1,13,0.0,0.0,1.0,0.0,0.0,255,255,1.0,0.0,0.0,0.0,0.0,0.0,0,113286.0
45,1,0,0,0,0,130,0.0,0.0,0.13,0.06,0.0,255,29,0.11,0.07,0.0,0.0,0.0,1.0,1,63734.0
22,2,183,10220,0,1,1,0.0,0.0,1.0,0.0,0.33,255,255,1.0,0.0,0.0,0.0,0.0,0.0,0,124743.0
45,9,1,0,0,0,68,0.0,0.0,0.19,0.06,0.0,255,37,0.15,0.23,0.0,0.0,0.0,0.0,1,7179.0
45,5,0,0,0,0,64,1.0,1.0,0.03,0.08,0.0,244,2,0.01,0.07,0.0,1.0,1.0,0.0,1,35228.0
11,9,33,88,0,0,2,0.0,0.0,1.0,0.0,0.67,255,208,0.82,0.01,0.0,0.0,0.0,0.0,0,21027.0
14,9,1032,0,0,0,511,0.0,0.0,1.0,0.0,0.0,255,239,0.94,0.01,0.0,0.0,0.0,0.0,1,12783.0
22,9,291,320,0,1,35,0.0,0.0,1.0,0.0,0.05,35,255,1.0,0.0,0.03,0.0,0.0,0.0,0,71152.0
22,9,202,5799,0,1,28,0.0,0.0,1.0,0.0,0.0,109,255,1.0,0.0,0.03,0.0,0.0,0.0,0,79263.0
49,9,1705,329,0,1,1,0.0,0.0,1.0,0.0,1.0,17,200,1.0,0.0,0.01,0.0,0.0,0.0,0,49097.0
45,5,0,0,0,0,138,1.0,1.0,0.14,0.06,0.0,255,2,0.01,0.07,0.0,1.0,1.0,0.0,1,37868.0
22,9,54540,8314,0,1,5,0.0,0.0,1.0,0.0,0.33,255,255,1.0,0.0,0.0,0.0,0.0,0.03,1,7540.0
19,9,5336,0,0,1,14,0.0,0.0,1.0,0.0,0.0,255,68,0.27,0.02,0.0,0.0,0.0,0.0,0,125396.0
22,1,0,0,0,0,1,0.0,0.0,1.0,0.0,0.0,21,114,1.0,0.0,0.04,0.0,0.0,1.0,0,5835.0
33,5,0,0,0,0,300,1.0,1.0,0.07,0.06,0.0,255,20,0.08,0.08,0.0,1.0,1.0,0.0,1,61568.0
19,9,12983,0,0,0,2,0.0,0.0,1.0,0.0,0.0,59,3,0.05,0.05,0.0,0.0,0.0,0.0,0,90762.0
22,9,312,2698,0,1,5,0.0,0.0,0.8,0.4,0.2,255,248,0.97,0.01,0.0,0.0,0.0,0.0,0,103526.0
41,9,147,105,0,0,1,0.0,0.0,1.0,0.0,0.0,255,1,0.0,0.61,0.0,0.0,0.0,0.0,0,72934.0
11,9,46,46,0,0,16,0.0,0.0,1.0,0.0,0.17,255,254,1.0,0.01,0.0,0.0,0.0,0.0,0,47837.0
31,5,0,0,0,0,140,1.0,1.0,0.08,0.06,0.0,255,10,0.04,0.07,0.0,1.0,1.0,0.0,1,103317.0
22,9,144,9813,0,1,9,0.0,0.0,1.0,0.0,0.0,209,255,1.0,0.0,0.01,0.0,0.0,0.0,0,80502.0
22,9,257,570,0,1,3,0.0,0.0,1.0,0.0,0.0,3,255,1.0,0.0,0.06,0.0,0.0,0.01,0,2960.0
49,9,1318,328,0,1,1,0.0,0.0,1.0,0.0,1.0,75,148,0.44,0.04,0.01,0.0,0.0,0.0,0,117984.0
4,5,0,0,0,0,226,1.0,1.0,0.05,0.06,0.0,255,16,0.06,0.08,0.0,1.0,1.0,0.0,1,92862.0
12,5,0,0,0,0,215,1.0,1.0,0.07,0.07,0.0,255,14,0.05,0.06,0.0,1.0,1.0,0.0,1,63708.0
22,9,350,338,0,1,3,0.0,0.0,1.0,0.0,0.0,255,255,1.0,0.0,0.0,0.0,0.0,0.0,0,100391.0
11,9,46,46,0,0,11,0.0,0.0,1.0,0.0,0.18,255,255,1.0,0.0,0.0,0.0,0.0,0.0,0,81984.0
22,9,266,771,0,1,12,0.0,0.0,1.0,0.0,0.15,255,255,1.0,0.0,0.0,0.0,0.0,0.09,0,7074.0
49,9,2701,415,0,1,1,0.0,0.0,1.0,0.0,1.0,15,143,0.73,0.2,0.01,0.0,0.0,0.0,0,77362.0
3,9,10,37,0,0,2,0.0,0.0,0.5,1.0,0.0,255,5,0.02,0.03,0.0,0.0,0.0,0.0,0,41738.0
61,1,0,0,0,0,509,0.02,0.0,0.0,1.0,0.0,255,1,0.0,1.0,0.0,0.02,0.0,1.0,1,35851.0
22,1,0,0,0,0,1,0.0,0.0,1.0,0.0,0.0,30,255,1.0,0.0,0.13,0.0,0.0,0.79,0,100601.0
45,5,0,0,0,0,10,1.0,1.0,0.4,0.4,0.0,255,4,0.02,0.08,0.0,1.0,1.0,0.0,1,55775.0
45,5,0,0,0,0,118,1.0,1.0,0.16,0.05,0.0,255,2,0.01,0.06,0.0,1.0,1.0,0.0,1,2682.0
45,1,0,0,0,0,191,0.0,0.0,0.05,0.07,0.0,255,10,0.04,0.08,0.0,0.0,0.0,1.0,1,101951.0
22,9,224,2121,0,1,3,0.0,0.0,1.0,0.0,0.6,7,255,1.0,0.0,0.03,0.0,0.0,0.0,0,62048.0
45,5,0,0,0,0,119,1.0,1.0,0.05,0.06,0.0,255,27,0.11,0.06,0.0,1.0,1.0,0.0,1,26412.0
45,10,0,0,0,0,2,0.5,1.0,0.5,1.0,0.0,218,1,0.0,0.95,0.0,0.96,1.0,0.0,1,37726.0
22,9,240,185,0,1,6,0.0,0.0,1.0,0.0,0.25,255,255,1.0,0.0,0.0,0.0,0.0,0.0,0,119177.0
22,9,180,7398,0,1,8,0.0,0.0,1.0,0.0,0.0,19,255,1.0,0.0,0.02,0.0,0.01,0.0,0,121933.0
22,9,226,4946,0,1,5,0.0,0.0,1.0,0.0,0.27,16,255,1.0,0.0,0.09,0.0,0.0,0.32,0,95541.0
22,9,339,6463,0,1,8,0.0,0.0,1.0,0.0,0.0,36,255,1.0,0.0,0.05,0.0,0.0,0.0,0,112248.0
9,5,0,0,0,0,280,1.0,1.0,0.03,0.06,0.0,255,15,0.06,0.07,0.0,1.0,1.0,0.0,1,89536.0
32,5,0,0,0,0,207,1.0,1.0,0.05,0.06,0.0,255,10,0.04,0.07,0.0,1.0,1.0,0.0,1,116066.0
22,9,202,2295,0,1,1,0.0,0.0,1.0,0.0,0.0,10,255,1.0,0.0,0.01,0.0,0.0,0.0,0,86895.0
49,9,1087,363,0,1,1,0.0,0.0,1.0,0.0,1.0,9,193,0.78,0.33,0.02,0.0,0.0,0.0,0,52018.0
49,9,751,329,0,1,1,0.0,0.0,1.0,0.0,1.0,10,186,1.0,0.0,0.02,0.0,0.0,0.0,0,124648.0
13,9,8,0,0,0,1,0.0,0.0,1.0,0.0,1.0,1,45,1.0,0.0,0.51,0.0,0.0,0.0,1,58009.0
41,4,1,0,0,0,2,0.0,0.0,1.0,0.0,0.0,255,2,0.01,0.74,0.0,0.0,0.0,1.0,1,65287.0
25,5,0,0,0,0,275,1.0,1.0,0.03,0.06,0.0,255,9,0.04,0.06,0.0,1.0,1.0,0.0,1,75132.0
45,5,0,0,0,0,212,1.0,1.0,0.03,0.07,0.0,255,19,0.07,0.08,0.0,1.0,1.0,0.0,1,66533.0
22,9,304,9067,0,1,6,0.0,0.0,1.0,0.0,0.0,6,255,1.0,0.0,0.03,0.0,0.0,0.0,0,103440.0
45,1,0,0,0,0,27,0.0,0.0,0.04,1.0,0.0,255,1,0.0,0.15,0.0,0.0,0.0,1.0,1,103536.0
45,5,0,0,0,0,283,1.0,1.0,0.06,0.06,0.0,255,2,0.01,0.09,0.0,1.0,1.0,0.0,1,117989.0
29,5,0,0,0,0,107,1.0,1.0,0.16,0.06,0.0,255,7,0.03,0.06,0.0,1.0,1.0,0.0,1,3408.0
22,9,330,273,0,1,22,0.0,0.0,1.0,0.0,0.0,79,75,0.95,0.03,0.0,0.0,0.0,0.0,0,112262.0
22,9,154,13386,0,1,4,0.0,0.0,1.0,0.0,0.0,150,255,1.0,0.0,0.03,0.0,0.0,0.01,0,22330.0
25,5,0,0,0,0,230,1.0,1.0,0.01,0.06,0.0,255,3,0.01,0.07,0.0,1.0,1.0,0.0,1,55744.0
13,9,8,0,0,0,1,0.0,0.0,1.0,0.0,1.0,4,152,1.0,0.0,0.25,0.0,0.0,0.0,1,46467.0
45,5,0,0,0,0,288,1.0,1.0,0.02,0.06,0.0,255,5,0.02,0.09,0.0,1.0,1.0,0.0,1,70164.0
19,9,495,0,0,1,1,0.0,0.0,1.0,0.0,0.0,24,77,0.21,0.17,0.03,0.0,0.0,0.0,0,26878.0
22,9,209,3073,0,1,1,0.0,0.0,1.0,0.0,0.0,132,255,1.0,0.0,0.03,0.0,0.0,0.0,0,73610.0
49,9,1011,365,0,1,1,0.0,0.0,1.0,0.0,1.0,82,126,0.78,0.05,0.02,0.0,0.0,0.0,0,118066.0
55,9,140,1249,0,0,1,0.0,0.0,1.0,0.0,0.0,155,1,0.01,0.02,0.0,0.0,0.0,0.0,0,45705.0
45,5,0,0,0,0,222,1.0,1.0,0.09,0.06,0.0,255,20,0.08,0.06,0.0,1.0,1.0,0.0,1,36849.0
14,9,1032,0,0,0,511,0.0,0.0,1.0,0.0,0.0,255,139,0.55,0.01,0.0,0.0,0.0,0.0,1,5322.0
22,9,222,278,0,1,3,0.0,0.0,1.0,0.0,0.4,255,255,1.0,0.0,0.0,0.0,0.0,0.0,0,19595.0
17,5,0,0,0,0,25,1.0,1.0,0.16,0.16,0.0,255,53,0.21,0.04,0.0,1.0,1.0,0.0,1,8435.0
45,9,1,0,0,0,15,0.0,0.0,0.13,0.67,0.0,255,2,0.01,0.31,0.0,0.0,0.0,0.0,1,71920.0
41,9,145,105,0,0,1,0.0,0.0,1.0,0.0,0.0,255,1,0.0,0.51,0.0,0.0,0.0,0.0,0,14886.0
22,9,283,1042,0,1,3,0.0,0.0,1.0,0.0,0.43,36,255,1.0,0.0,0.04,0.0,0.0,0.0,0,58039.0
22,9,206,3909,0,1,16,0.0,0.0,1.0,0.0,0.0,34,255,1.0,0.0,0.04,0.0,0.0,0.0,0,75633.0
11,9,43,129,0,0,147,0.0,0.0,1.0,0.0,0.01,255,255,1.0,0.0,0.0,0.0,0.0,0.0,0,73214.0
22,9,262,581,0,1,1,0.0,0.0,1.0,0.0,0.0,2,255,1.0,0.0,0.04,0.0,0.0,0.0,0,26916.0
59,9,181,0,0,0,4,0.0,0.0,0.75,0.5,0.0,255,133,0.52,0.01,0.0,0.0,0.0,0.0,0,61272.0
17,5,0,0,0,0,6,1.0,1.0,0.33,0.5,0.0,255,62,0.24,0.02,0.0,1.0,1.0,0.0,1,55567.0
22,9,226,640,0,1,10,0.0,0.0,1.0,0.0,0.18,125,255,1.0,0.0,0.03,0.0,0.0,0.0,0,124722.0
16,2,0,0,0,0,98,0.0,0.0,0.01,0.07,0.0,255,1,0.0,0.07,0.0,0.0,0.0,1.0,1,109859.0
45,9,28,0,3,0,95,0.0,0.0,1.0,0.0,0.0,255,95,0.37,0.01,0.0,0.0,0.0,0.0,1,69142.0
22,9,226,1372,0,1,8,0.0,0.0,1.0,0.0,0.27,58,255,1.0,0.0,0.03,0.0,0.0,0.0,0,55352.0
22,9,234,2552,0,1,23,0.0,0.0,1.0,0.0,0.0,23,255,1.0,0.0,0.04,0.0,0.0,0.0,0,45539.0
22,9,326,4325,0,1,7,0.0,0.0,1.0,0.0,0.08,7,255,1.0,0.0,0.03,0.0,0.0,0.0,0,92612.0
41,1,0,0,0,0,510,0.09,0.0,0.0,1.0,0.0,255,1,0.0,1.0,0.0,0.08,0.0,1.0,1,86016.0
0,6,45172,48614,0,1,1,1.0,1.0,1.0,0.0,0.0,1,1,1.0,0.0,0.0,1.0,1.0,0.0,0,74016.0
22,1,0,0,0,0,1,0.0,0.0,1.0,0.0,0.0,74,255,1.0,0.0,0.1,0.01,0.0,0.49,0,84516.0
22,4,0,0,0,0,1,0.0,0.0,1.0,0.0,0.0,178,1,0.01,0.45,0.0,0.0,0.0,1.0,1,123892.0
49,9,1463,481,0,1,2,0.0,0.0,0.5,1.0,0.0,255,15,0.06,0.02,0.0,0.0,0.0,0.0,0,36898.0
22,9,208,799,0,1,5,0.0,0.0,1.0,0.0,0.0,255,255,1.0,0.0,0.0,0.0,0.0,0.0,0,97390.0
22,9,212,6258,0,1,8,0.0,0.0,1.0,0.0,0.0,64,255,1.0,0.0,0.05,0.0,0.0,0.0,0,30607.0
6,5,0,0,0,0,220,1.0,1.0,0.07,0.05,0.0,255,16,0.06,0.05,0.0,1.0,1.0,0.0,1,111178.0
17,9,9,138,0,0,1,0.0,0.0,1.0,0.0,0.0,35,14,0.03,0.09,0.21,0.0,0.0,0.0,0,50459.0
11,9,44,76,0,0,170,0.0,0.0,1.0,0.0,0.0,255,255,1.0,0.0,0.0,0.0,0.0,0.0,0,4248.0
41,5,0,0,0,0,509,0.2,1.0,0.0,1.0,0.0,255,1,0.0,1.0,0.0,0.15,1.0,0.0,1,95149.0
50,5,0,0,0,0,4,1.0,1.0,0.5,0.75,0.0,255,2,0.01,0.08,0.0,1.0,1.0,0.0,1,41596.0
22,9,310,950,0,1,6,0.0,0.0,1.0,0.0,0.23,255,255,1.0,0.0,0.0,0.0,0.0,0.0,0,30236.0
60,5,0,0,0,0,115,1.0,1.0,0.05,0.06,0.0,255,6,0.02,0.05,0.0,1.0,1.0,0.0,1,61997.0
22,9,256,2625,0,1,12,0.0,0.0,1.0,0.0,0.09,97,255,1.0,0.0,0.01,0.0,0.0,0.0,0,101246.0
41,9,147,0,0,0,5,0.0,0.0,0.2,0.6,0.0,255,1,0.0,0.48,0.0,0.0,0.0,0.0,0,37318.0
13,9,8,0,0,0,1,0.0,0.0,1.0,0.0,1.0,2,72,1.0,0.0,0.5,0.0,0.0,0.0,1,34848.0
22,9,212,1400,0,1,3,0.33,0.33,1.0,0.0,0.0,255,255,1.0,0.0,0.0,0.01,0.01,0.0,0,59674.0
49,9,937,326,0,1,1,0.0,0.0,1.0,0.0,0.0,71,102,0.39,0.04,0.02,0.01,0.02,0.0,0,114084.0
35,5,0,0,0,0,234,1.0,1.0,0.01,0.07,0.0,255,2,0.01,0.07,0.0,1.0,1.0,0.0,1,98406.0
14,9,1032,0,0,0,132,0.0,0.0,1.0,0.0,0.0,137,43,0.31,0.05,0.0,0.01,0.0,0.0,1,101024.0
13,9,8,0,0,0,1,0.0,0.0,1.0,0.0,1.0,4,116,1.0,0.0,0.25,0.0,0.0,0.0,1,85134.0
22,9,212,24786,0,1,2,0.5,0.5,1.0,0.0,0.0,64,255,1.0,0.0,0.01,0.0,0.0,0.0,0,43138.0
41,1,0,0,0,0,510,0.19,0.0,0.0,1.0,0.0,255,1,0.0,1.0,0.0,0.14,0.0,1.0,1,112891.0
19,1,0,0,0,0,462,0.07,0.0,0.02,0.98,0.0,255,7,0.03,0.98,0.0,0.08,0.0,1.0,1,90901.0
22,9,291,10142,0,1,43,0.0,0.0,1.0,0.0,0.06,255,255,1.0,0.0,0.0,0.0,0.0,0.0,0,122781.0
53,5,0,0,0,0,127,1.0,1.0,0.02,0.06,0.0,255,2,0.01,0.07,0.0,1.0,1.0,0.0,1,33831.0
11,9,43,74,0,0,154,0.0,0.0,1.0,0.0,0.0,255,255,1.0,0.0,0.0,0.0,0.0,0.0,0,101116.0
49,9,719,331,0,1,1,0.0,0.0,1.0,0.0,0.0,129,99,0.26,0.03,0.02,0.0,0.0,0.0,0,87174.0
13,9,18,0,0,0,1,0.0,0.0,1.0,0.0,0.0,1,61,1.0,0.0,1.0,0.0,0.0,0.0,1,39773.0
40,9,48,48,0,0,1,0.0,0.0,1.0,0.0,0.0,4,3,0.75,0.5,0.0,0.0,0.0,0.0,0,6863.0
22,9,212,1227,0,1,6,0.0,0.0,1.0,0.0,0.0,6,6,1.0,0.0,0.0,0.0,0.0,0.0,0,23472.0
22,9,279,596,0,1,22,0.0,0.0,1.0,0.0,0.0,22,255,1.0,0.0,0.05,0.0,0.0,0.0,0,103991.0
11,9,45,132,0,0,22,0.0,0.0,1.0,0.0,0.01,80,200,0.81,0.03,0.01,0.0,0.0,0.0,0,83387.0
22,9,325,2531,0,1,7,0.0,0.0,1.0,0.0,0.0,89,89,1.0,0.0,0.0,0.0,0.0,0.0,0,39197.0
45,5,0,0,0,0,238,1.0,1.0,0.09,0.06,0.0,255,21,0.08,0.06,0.0,1.0,1.0,0.0,1,38055.0
49,9,1567,389,0,1,1,0.0,0.0,1.0,0.0,0.0,255,63,0.25,0.06,0.0,0.53,0.0,0.03,0,65543.0
22,9,149,429,0,1,1,0.0,0.0,1.0,0.0,0.0,15,118,1.0,0.0,0.02,0.0,0.0,0.0,0,70325.0
22,9,237,10246,0,1,1,0.0,0.0,1.0,0.0,0.0,1,255,1.0,0.0,0.05,0.0,0.0,0.0,0,9678.0
22,9,345,452,0,1,7,0.0,0.0,1.0,0.0,0.0,255,255,1.0,0.0,0.0,0.0,0.0,0.0,0,69565.0
40,9,48,48,0,0,1,0.0,0.0,1.0,0.0,0.0,255,4,0.02,0.01,0.0,0.0,0.0,0.0,0,99553.0
41,1,0,0,0,0,492,0.07,0.0,0.0,1.0,0.0,255,1,0.0,1.0,0.0,0.04,0.0,1.0,1,64404.0
22,9,281,1640,0,1,6,0.0,0.0,1.0,0.0,0.27,178,255,1.0,0.0,0.04,0.01,0.0,0.0,0,28147.0
19,9,4539,0,0,1,19,0.0,0.0,1.0,0.0,0.0,189,82,0.29,0.02,0.02,0.0,0.0,0.0,0,22225.0
45,5,0,0,0,0,240,1.0,1.0,0.04,0.07,0.0,255,13,0.05,0.07,0.0,1.0,1.0,0.0,1,39590.0
17,5,0,0,0,0,28,1.0,1.0,0.36,0.14,0.0,255,70,0.27,0.02,0.0,1.0,1.0,0.0,1,69732.0
49,9,1672,374,0,1,1,0.0,0.0,1.0,0.0,1.0,81,240,0.9,0.05,0.01,0.0,0.0,0.0,0,78298.0
45,9,1,0,0,0,160,0.0,0.0,0.94,0.01,0.0,255,208,0.82,0.03,0.0,0.0,0.0,0.0,1,78435.0
45,2,0,0,0,0,298,0.0,0.0,0.07,0.06,0.0,255,20,0.08,0.07,0.0,0.0,0.0,1.0,1,53757.0
11,9,44,134,0,0,37,0.0,0.0,1.0,0.0,0.02,239,185,0.77,0.01,0.0,0.0,0.0,0.0,0,30069.0
18,9,342,1069,0,1,1,0.0,0.0,1.0,0.0,0.0,255,70,0.27,0.02,0.0,0.0,0.0,0.0,0,58849.0
22,9,281,5897,0,1,3,0.0,0.0,1.0,0.0,0.5,10,255,1.0,0.0,0.02,0.0,0.0,0.0,0,92649.0
22,9,227,468,0,1,16,0.0,0.0,1.0,0.0,0.12,16,255,1.0,0.0,0.04,0.0,0.0,0.0,0,71645.0
57,5,0,0,0,0,224,1.0,1.0,0.01,0.07,0.0,255,19,0.07,0.07,0.0,1.0,1.0,0.0,1,90301.0
20,5,0,0,0,0,245,1.0,1.0,0.04,0.07,0.0,255,9,0.04,0.07,0.0,1.0,1.0,0.0,1,62144.0
45,5,0,0,0,0,122,1.0,1.0,0.16,0.06,0.0,255,1,0.0,0.07,0.0,1.0,1.0,0.0,1,2003.0
22,9,196,2318,0,1,10,0.0,0.0,1.0,0.0,0.0,132,255,1.0,0.0,0.04,0.0,0.0,0.0,0,84224.0
45,5,0,0,0,0,86,1.0,1.0,0.2,0.06,0.0,255,4,0.02,0.07,0.0,1.0,1.0,0.0,1,77019.0
13,9,8,0,0,0,1,0.0,0.0,1.0,0.0,1.0,1,209,1.0,0.0,0.5,0.0,0.0,0.0,1,73480.0
22,9,201,280,0,1,23,0.0,0.0,1.0,0.0,0.0,255,255,1.0,0.0,0.0,0.0,0.0,0.0,0,84476.0
45,9,28,0,3,0,89,0.01,0.0,0.98,0.03,0.0,255,87,0.34,0.02,0.0,0.0,0.0,0.0,1,88268.0
22,9,234,5342,0,1,5,0.0,0.0,1.0,0.0,0.0,13,255,1.0,0.0,0.02,0.0,0.0,0.0,0,25862.0
45,5,0,0,0,0,98,0.98,1.0,0.02,0.07,0.0,255,7,0.03,0.06,0.0,1.0,1.0,0.0,1,2009.0
6,5,0,0,0,0,201,1.0,1.0,0.03,0.06,0.0,255,7,0.03,0.06,0.0,1.0,1.0,0.0,1,36549.0
21,5,0,0,0,0,242,1.0,1.0,0.02,0.06,0.0,255,5,0.02,0.07,0.0,1.0,1.0,0.0,1,59649.0
45,9,28,0,3,0,44,0.0,0.0,1.0,0.0,0.0,247,44,0.18,0.04,0.0,0.02,0.0,0.0,1,61830.0
13,9,18,0,0,0,1,0.0,0.0,1.0,0.0,0.0,1,43,1.0,0.0,0.28,0.0,0.0,0.0,1,69666.0
45,5,0,0,0,0,109,1.0,1.0,0.05,0.06,0.0,255,16,0.06,0.06,0.0,1.0,1.0,0.0,1,85927.0
41,9,145,105,0,0,1,0.0,0.0,1.0,0.0,0.0,255,4,0.02,0.44,0.0,0.0,0.0,0.0,0,87276.0
19,5,0,0,0,0,55,1.0,1.0,0.24,0.07,0.0,137,65,0.24,0.03,0.03,0.99,0.51,0.0,1,57919.0
22,9,225,331,0,1,2,0.0,0.0,1.0,0.0,0.0,97,255,1.0,0.0,0.05,0.0,0.0,0.0,0,106774.0
0,4,73,16,0,1,1,0.0,0.0,1.0,0.0,0.0,73,9,0.12,0.03,0.0,0.0,0.0,0.67,0,90525.0
45,5,0,0,0,0,121,1.0,1.0,0.09,0.07,0.0,255,19,0.07,0.06,0.0,1.0,1.0,0.0,1,91384.0
11,9,44,71,0,0,113,0.0,0.0,0.99,0.02,0.03,255,241,0.95,0.01,0.0,0.0,0.0,0.0,0,113897.0
22,9,239,392,0,1,18,0.0,0.0,1.0,0.0,0.14,146,255,1.0,0.0,0.01,0.0,0.0,0.0,0,29735.0
45,1,0,0,0,0,141,0.0,0.0,0.09,0.06,0.0,255,7,0.03,0.07,0.0,0.0,0.0,1.0,1,18428.0
11,9,42,42,0,0,9,0.0,0.0,1.0,0.0,0.31,255,245,0.96,0.01,0.0,0.0,0.0,0.0,0,62816.0
22,9,333,580,0,1,9,0.0,0.0,1.0,0.0,0.0,163,255,1.0,0.0,0.01,0.0,0.0,0.0,0,26474.0
22,9,234,301,0,1,8,0.0,0.0,1.0,0.0,0.0,37,255,1.0,0.0,0.04,0.0,0.01,0.0,0,42706.0
13,9,8,0,0,0,1,0.0,0.0,1.0,0.0,1.0,1,155,1.0,0.0,0.5,0.0,0.0,0.0,1,70833.0
45,5,0,0,0,0,36,1.0,1.0,0.36,0.17,0.0,255,13,0.05,0.09,0.0,1.0,1.0,0.0,1,11132.0
22,9,229,1075,0,1,7,0.0,0.0,1.0,0.0,0.0,86,81,0.94,0.02,0.0,0.0,0.0,0.0,0,6117.0
49,9,1276,436,0,1,1,0.0,0.0,1.0,0.0,1.0,76,49,0.07,0.93,0.04,0.0,0.0,0.04,0,25709.0
22,9,227,4073,0,1,7,0.0,0.0,1.0,0.0,0.22,255,255,1.0,0.0,0.0,0.0,0.0,0.0,0,122510.0
19,9,12286,0,0,1,7,0.0,0.0,1.0,0.0,0.0,255,35,0.14,0.05,0.0,0.44,0.0,0.0,0,82475.0
45,4,0,0,0,0,1,0.0,0.0,1.0,0.0,0.0,255,1,0.0,0.07,0.0,0.0,0.0,1.0,1,63735.0
49,9,2206,331,0,1,1,0.0,0.0,1.0,0.0,0.0,99,40,0.4,0.12,0.0,0.01,0.0,0.0,0,120641.0
13,9,8,0,0,0,1,0.0,0.0,1.0,0.0,1.0,2,130,1.0,0.0,0.5,0.0,0.0,0.0,1,54975.0
22,1,0,0,0,0,1,0.0,0.0,1.0,0.0,0.0,62,255,1.0,0.0,0.02,0.0,0.01,0.03,0,57299.0
7,5,0,0,0,0,264,1.0,1.0,0.03,0.07,0.0,255,8,0.03,0.09,0.0,1.0,1.0,0.0,1,12488.0
41,1,0,0,0,0,390,0.07,0.0,0.0,1.0,0.0,255,1,0.0,1.0,0.0,0.09,0.0,1.0,1,33007.0
41,1,0,0,0,0,343,0.06,0.0,0.0,1.0,0.0,255,1,0.0,1.0,0.0,0.08,0.0,1.0,1,38165.0
17,9,8,141,0,0,1,0.0,0.0,1.0,0.0,0.0,51,5,0.08,0.08,0.4,0.0,0.0,0.0,0,6874.0
22,4,54060,7300,0,1,3,0.0,0.0,1.0,0.0,0.0,255,255,1.0,0.0,0.0,0.0,0.0,0.06,1,8786.0
31,5,0,0,0,0,128,1.0,1.0,0.03,0.07,0.0,255,4,0.02,0.06,0.0,1.0,1.0,0.0,1,11817.0
45,5,0,0,0,0,63,1.0,1.0,0.06,0.1,0.0,255,23,0.09,0.05,0.0,1.0,1.0,0.0,1,27004.0
11,9,44,132,0,0,72,0.0,0.0,1.0,0.0,0.01,255,254,1.0,0.01,0.0,0.0,0.0,0.0,0,22572.0
22,9,224,975,0,1,19,0.0,0.0,1.0,0.0,0.0,53,255,1.0,0.0,0.05,0.0,0.0,0.0,0,32366.0
22,9,286,8188,0,1,2,0.0,0.0,1.0,0.0,0.0,80,237,1.0,0.0,0.03,0.01,0.0,0.0,0,110128.0
22,9,292,2159,0,1,8,0.0,0.0,1.0,0.0,0.0,130,255,1.0,0.0,0.01,0.0,0.0,0.0,0,1912.0
5,5,0,0,0,0,131,1.0,1.0,0.17,0.05,0.0,255,22,0.09,0.05,0.0,1.0,1.0,0.0,1,91002.0
45,5,0,0,0,0,150,1.0,1.0,0.04,0.06,0.0,255,5,0.02,0.08,0.0,1.0,1.0,0.0,1,117846.0
22,9,317,4310,0,1,8,0.0,0.0,1.0,0.0,0.0,255,255,1.0,0.0,0.0,0.0,0.0,0.0,0,86585.0
22,9,277,998,0,1,14,0.0,0.0,1.0,0.0,0.0,54,255,1.0,0.0,0.02,0.0,0.01,0.0,0,74875.0
49,9,1144,336,0,1,1,0.0,0.0,1.0,0.0,0.0,26,121,0.92,0.12,0.02,0.0,0.0,0.0,0,46446.0
45,9,1,0,0,0,80,0.0,0.0,0.66,0.05,0.0,255,115,0.45,0.05,0.0,0.0,0.0,0.0,1,72065.0
22,9,309,839,0,1,6,0.0,0.0,1.0,0.0,0.0,6,255,1.0,0.0,0.02,0.0,0.0,0.0,0,54986.0
49,9,3205,331,0,1,1,0.0,0.0,1.0,0.0,1.0,57,197,0.95,0.05,0.02,0.0,0.01,0.0,0,113570.0
7,5,0,0,0,0,203,1.0,1.0,0.0,0.06,0.0,255,1,0.0,0.08,0.0,1.0,1.0,0.0,1,94873.0
41,9,146,0,0,0,15,0.0,0.0,0.07,0.2,0.0,255,1,0.0,0.6,0.0,0.0,0.0,0.0,0,57333.0
11,9,44,76,0,0,162,0.0,0.0,1.0,0.0,0.0,255,255,1.0,0.0,0.0,0.0,0.0,0.0,0,104989.0
11,9,45,46,0,0,54,0.0,0.0,1.0,0.0,0.0,255,227,0.89,0.01,0.0,0.0,0.0,0.0,0,40593.0
22,9,300,1075,0,1,3,0.0,0.0,1.0,0.0,0.0,255,225,0.88,0.01,0.0,0.0,0.0,0.0,0,47665.0
22,9,237,12636,0,1,2,0.0,0.0,1.0,0.0,0.0,2,255,1.0,0.0,0.02,0.0,0.0,0.0,0,25122.0
11,9,112,43,0,0,1,0.0,0.0,1.0,0.0,0.0,26,14,0.54,0.08,0.0,0.0,0.0,0.0,0,63895.0
22,9,230,1141,0,1,2,0.0,0.0,1.0,0.0,0.0,8,255,1.0,0.0,0.03,0.0,0.0,0.0,0,7835.0
19,9,0,20595,0,0,1,0.0,0.0,1.0,0.0,0.0,183,125,0.55,0.03,0.02,0.0,0.0,0.0,0,17583.0
11,9,45,135,0,0,79,0.0,0.0,0.99,0.03,0.02,255,200,0.78,0.02,0.0,0.0,0.0,0.0,0,48169.0
41,1,0,0,0,0,511,0.16,0.0,0.0,1.0,0.0,255,1,0.0,1.0,0.0,0.19,0.0,1.0,1,49410.0
12,5,0,0,0,0,275,1.0,1.0,0.04,0.05,0.0,255,10,0.04,0.07,0.0,1.0,1.0,0.0,1,124952.0
22,9,210,1364,0,1,13,0.0,0.0,1.0,0.0,0.14,38,255,1.0,0.0,0.04,0.0,0.0,0.0,0,26977.0
49,9,612,338,0,1,1,0.0,0.0,1.0,0.0,1.0,255,127,0.5,0.02,0.0,0.0,0.0,0.0,0,48544.0
45,9,28,0,3,0,35,0.0,0.0,1.0,0.0,0.0,255,2,0.01,0.01,0.0,0.0,0.0,0.0,1,111266.0
14,9,1032,0,0,0,511,0.0,0.0,1.0,0.0,0.0,255,110,0.43,0.09,0.0,0.0,0.0,0.0,1,82061.0
45,5,0,0,0,0,134,1.0,1.0,0.1,0.06,0.0,190,13,0.07,0.06,0.0,1.0,1.0,0.0,1,30368.0
38,5,0,0,0,0,102,1.0,1.0,0.04,0.06,0.0,255,18,0.07,0.06,0.0,1.0,1.0,0.0,1,124078.0
30,5,0,0,0,0,134,1.0,1.0,0.09,0.06,0.0,255,2,0.01,0.07,0.0,1.0,1.0,0.0,1,64211.0
22,1,0,0,0,0,1,0.0,0.0,1.0,0.0,1.0,89,255,1.0,0.0,0.13,0.0,0.01,0.99,0,79576.0
45,1,0,0,0,0,213,0.0,0.0,0.07,0.06,0.0,255,15,0.06,0.06,0.0,0.0,0.0,1.0,1,28744.0
45,5,0,0,0,0,94,1.0,1.0,0.02,0.07,0.0,255,19,0.07,0.07,0.0,1.0,1.0,0.0,1,72154.0
41,9,147,105,0,0,2,0.0,0.0,1.0,0.0,0.0,255,2,0.01,0.44,0.0,0.0,0.0,0.0,0,68733.0
22,9,0,7643,0,0,4,0.25,0.25,1.0,0.0,0.0,167,255,1.0,0.0,0.05,0.01,0.01,0.0,0,114014.0
45,5,0,0,0,0,210,1.0,1.0,0.03,0.07,0.0,255,11,0.04,0.09,0.0,1.0,1.0,0.0,1,79598.0
22,9,300,581,0,1,6,0.0,0.0,1.0,0.0,0.29,21,114,1.0,0.0,0.04,0.0,0.0,0.0,0,82972.0
55,2,126,179,0,0,3,0.0,0.0,1.0,0.0,0.0,38,38,1.0,0.0,0.0,0.05,0.05,0.95,1,90008.0
41,1,0,0,0,0,511,0.16,0.0,0.0,1.0,0.0,255,1,0.0,1.0,0.0,0.21,0.0,1.0,1,34924.0
22,9,232,27390,0,1,23,0.0,0.0,1.0,0.0,0.08,94,255,1.0,0.0,0.02,0.0,0.0,0.0,0,119036.0
36,5,0,0,0,0,217,1.0,1.0,0.11,0.06,0.0,255,23,0.09,0.06,0.0,1.0,1.0,0.0,1,112814.0
4,5,0,0,0,0,249,1.0,1.0,0.02,0.06,0.0,255,6,0.02,0.05,0.0,1.0,1.0,0.0,1,96497.0
13,9,8,0,0,0,1,0.0,0.0,1.0,0.0,1.0,4,80,1.0,0.0,0.25,0.0,0.0,0.0,1,56513.0
22,9,228,262,0,1,7,0.0,0.0,1.0,0.0,0.0,195,255,1.0,0.0,0.02,0.0,0.0,0.0,0,7670.0
2,5,0,0,0,0,270,1.0,1.0,0.02,0.06,0.0,255,6,0.02,0.06,0.0,1.0,1.0,0.0,1,118272.0
49,9,755,327,0,1,1,0.0,0.0,1.0,0.0,0.0,255,121,0.47,0.01,0.0,0.0,0.0,0.0,0,19839.0
11,9,29,29,0,0,4,0.0,0.0,1.0,0.0,0.5,255,254,1.0,0.01,0.0,0.0,0.0,0.0,0,1594.0
22,9,257,473,0,1,28,0.0,0.0,1.0,0.0,0.1,255,255,1.0,0.0,0.0,0.0,0.0,0.0,0,123353.0
35,1,0,0,0,0,143,0.0,0.0,0.1,0.06,0.0,255,6,0.02,0.07,0.0,0.0,0.0,1.0,1,75701.0
22,9,230,4937,0,1,37,0.0,0.0,1.0,0.0,0.0,253,255,1.0,0.0,0.01,0.0,0.0,0.0,0,69971.0
41,4,1,0,0,0,2,0.0,0.0,1.0,0.0,0.0,255,2,0.01,0.68,0.0,0.0,0.0,1.0,1,8687.0
22,9,266,2535,0,1,28,0.0,0.0,1.0,0.0,0.07,47,255,1.0,0.0,0.03,0.0,0.0,0.0,0,3511.0
45,5,0,0,0,0,80,1.0,1.0,0.03,0.06,0.0,255,2,0.01,0.05,0.0,1.0,1.0,0.0,1,101401.0
41,9,146,105,0,0,2,0.0,0.0,1.0,0.0,0.0,255,2,0.01,0.62,0.0,0.0,0.0,0.0,0,18184.0
21,5,0,0,0,0,288,1.0,1.0,0.07,0.05,0.0,255,21,0.08,0.05,0.0,1.0,1.0,0.0,1,108280.0
45,5,0,0,0,0,252,1.0,1.0,0.08,0.06,0.0,255,6,0.02,0.07,0.0,1.0,1.0,0.0,1,47675.0
55,2,0,15,0,0,1,0.0,0.0,1.0,0.0,0.0,4,1,0.25,1.0,0.0,0.0,0.0,1.0,1,95198.0
22,9,204,383,0,1,7,0.0,0.0,1.0,0.0,0.14,8,255,1.0,0.0,0.01,0.0,0.0,0.0,0,73741.0
11,9,44,130,0,0,78,0.0,0.0,1.0,0.0,0.01,255,255,1.0,0.0,0.0,0.0,0.0,0.0,0,12789.0
18,9,956,2720,0,1,1,0.0,0.0,1.0,0.0,0.0,6,6,1.0,0.0,0.0,0.0,0.0,0.0,0,45036.0
22,1,0,0,0,0,1,0.0,0.0,1.0,0.0,0.0,25,255,1.0,0.0,0.11,0.0,0.0,0.39,0,100020.0
19,9,334,0,0,1,2,0.0,0.0,1.0,0.0,0.0,2,22,1.0,0.0,0.23,0.0,0.0,0.0,1,29052.0
45,10,0,0,0,0,1,1.0,1.0,1.0,0.0,0.0,223,1,0.0,0.96,0.0,0.96,1.0,0.0,1,2579.0
45,5,0,0,0,0,123,1.0,1.0,0.15,0.07,0.0,243,3,0.01,0.07,0.0,1.0,1.0,0.0,1,89352.0
62,5,0,0,0,0,46,1.0,1.0,0.3,0.13,0.0,255,14,0.05,0.08,0.0,1.0,1.0,0.0,1,8578.0
27,5,0,0,0,0,119,1.0,1.0,0.01,0.08,0.0,255,1,0.0,0.07,0.0,1.0,1.0,0.0,1,44772.0
25,5,0,0,0,0,207,1.0,1.0,0.04,0.06,0.0,255,16,0.06,0.08,0.0,1.0,1.0,0.0,1,99689.0
49,9,724,328,0,1,1,0.0,0.0,1.0,0.0,0.0,177,140,0.64,0.02,0.01,0.0,0.0,0.0,0,49779.0
19,9,11,0,0,1,2,0.0,0.0,1.0,0.0,0.0,135,100,0.51,0.03,0.02,0.0,0.0,0.0,0,92743.0
22,9,346,1798,0,1,4,0.0,0.0,1.0,0.0,0.0,114,184,1.0,0.0,0.02,0.0,0.0,0.0,0,22952.0
41,1,0,0,0,0,511,0.12,0.0,0.0,1.0,0.0,255,1,0.0,1.0,0.0,0.0,0.0,1.0,1,4504.0
62,5,0,0,0,0,285,1.0,1.0,0.05,0.06,0.0,255,13,0.05,0.09,0.0,1.0,1.0,0.0,1,107121.0
49,9,740,328,0,1,1,0.0,0.0,1.0,0.0,1.0,163,191,0.77,0.02,0.01,0.0,0.0,0.0,0,33624.0
22,9,214,4704,0,1,13,0.0,0.0,1.0,0.0,0.16,68,255,1.0,0.0,0.02,0.0,0.0,0.0,0,43076.0
11,9,44,72,0,0,121,0.0,0.0,1.0,0.0,0.0,255,254,1.0,0.01,0.0,0.0,0.0,0.0,0,30181.0
45,5,0,0,0,0,122,1.0,1.0,0.13,0.07,0.0,121,16,0.13,0.08,0.0,1.0,1.0,0.0,1,34869.0
25,5,0,0,0,0,251,1.0,1.0,0.04,0.06,0.0,255,9,0.04,0.07,0.0,1.0,1.0,0.0,1,124426.0
45,9,1,0,0,0,123,0.0,0.0,0.92,0.02,0.0,255,181,0.71,0.04,0.0,0.0,0.0,0.0,1,86467.0
57,10,0,0,0,0,1,1.0,1.0,1.0,0.0,0.0,21,21,1.0,0.0,0.0,0.05,0.05,0.05,0,122532.0
13,9,8,0,0,0,1,0.0,0.0,1.0,0.0,1.0,1,3,1.0,0.0,0.67,0.0,0.0,0.0,1,87293.0
22,9,205,367,0,1,23,0.0,0.0,1.0,0.0,0.08,23,255,1.0,0.0,0.02,0.0,0.0,0.0,0,112592.0
11,9,44,44,0,0,217,0.0,0.0,1.0,0.0,0.0,255,250,0.98,0.01,0.0,0.0,0.0,0.0,0,20418.0
22,9,206,2824,0,1,2,0.0,0.0,1.0,0.0,0.67,20,255,1.0,0.0,0.03,0.0,0.0,0.0,0,75708.0
3,5,0,0,0,0,227,1.0,1.0,0.06,0.06,0.0,255,13,0.05,0.07,0.0,1.0,1.0,0.0,1,90886.0
41,1,0,0,0,0,509,0.08,0.0,0.0,1.0,0.0,255,1,0.0,1.0,0.0,0.07,0.0,1.0,1,10974.0
22,9,210,17162,0,1,16,0.0,0.0,1.0,0.0,0.0,60,255,1.0,0.0,0.05,0.0,0.0,0.0,0,107761.0
2,5,0,0,0,0,274,1.0,1.0,0.04,0.05,0.0,255,12,0.05,0.05,0.0,1.0,1.0,0.0,1,87172.0
49,9,2765,333,0,1,1,0.0,0.0,1.0,0.0,0.0,7,102,1.0,0.0,0.02,0.0,0.0,0.0,0,67683.0
22,9,256,4452,0,1,1,0.0,0.0,1.0,0.0,0.0,76,255,1.0,0.0,0.04,0.0,0.0,0.0,0,124162.0
41,9,145,105,0,0,1,0.0,0.0,1.0,0.0,0.0,255,2,0.01,0.51,0.0,0.0,0.0,0.0,0,79298.0
45,5,0,0,0,0,47,1.0,1.0,0.21,0.13,0.0,255,19,0.07,0.09,0.0,1.0,1.0,0.0,1,14072.0
41,9,147,105,0,0,2,0.0,0.0,1.0,0.0,0.0,255,2,0.01,0.6,0.0,0.0,0.0,0.0,0,7112.0
26,5,0,0,0,0,225,1.0,1.0,0.08,0.07,0.0,255,18,0.07,0.07,0.0,1.0,1.0,0.0,1,80434.0
63,5,0,0,0,0,289,1.0,1.0,0.04,0.05,0.0,255,12,0.05,0.05,0.0,1.0,1.0,0.0,1,40772.0
55,5,0,0,0,0,1,1.0,1.0,1.0,0.0,0.0,255,21,0.08,0.08,0.0,1.0,1.0,0.0,0,47800.0
45,5,0,0,0,0,298,1.0,1.0,0.07,0.06,0.0,255,20,0.08,0.06,0.0,1.0,1.0,0.0,1,20243.0
22,9,250,719,0,1,8,0.0,0.0,1.0,0.0,0.21,45,255,1.0,0.0,0.05,0.0,0.0,0.0,0,114015.0
22,9,218,6970,0,1,30,0.0,0.0,1.0,0.0,0.0,30,255,1.0,0.0,0.06,0.0,0.0,0.0,0,66718.0
45,9,28,0,3,0,103,0.97,0.0,0.03,0.07,0.0,255,3,0.01,0.99,0.0,0.09,0.0,0.0,1,94766.0
11,9,46,112,0,0,3,0.0,0.0,1.0,0.0,0.5,40,31,0.77,0.08,0.0,0.0,0.0,0.0,0,101815.0
53,5,0,0,0,0,283,1.0,1.0,0.06,0.06,0.0,255,4,0.02,0.07,0.0,1.0,1.0,0.0,1,34683.0
45,5,0,0,0,0,232,1.0,1.0,0.08,0.06,0.0,255,17,0.07,0.08,0.0,1.0,1.0,0.0,1,114372.0
11,9,44,44,0,0,140,0.0,0.0,1.0,0.0,0.02,255,255,1.0,0.0,0.0,0.0,0.0,0.0,0,49860.0
11,9,44,70,0,0,224,0.0,0.0,1.0,0.0,0.0,255,255,1.0,0.0,0.0,0.0,0.0,0.0,0,109186.0
14,9,1032,0,0,0,511,0.0,0.0,1.0,0.0,0.0,213,68,0.32,0.01,0.0,0.0,0.0,0.0,1,11555.0
22,9,301,1305,0,1,4,0.0,0.0,1.0,0.0,0.0,21,255,1.0,0.0,0.07,0.0,0.0,0.0,0,108958.0
14,9,520,0,0,0,348,0.0,0.0,1.0,0.0,0.0,255,255,1.0,0.0,0.0,0.0,0.0,0.0,1,122412.0
22,1,0,0,0,0,1,0.0,0.0,1.0,0.0,0.0,11,211,1.0,0.0,0.19,0.0,0.0,0.91,0,84031.0
45,4,0,0,0,0,306,0.0,0.0,0.01,0.5,0.0,255,2,0.01,0.5,0.0,0.0,0.0,1.0,1,63752.0
22,9,54540,8314,0,1,5,0.0,0.0,1.0,0.0,0.0,246,246,1.0,0.0,0.0,0.0,0.0,0.05,1,19156.0
22,9,323,426,0,1,7,0.0,0.0,1.0,0.0,0.0,45,154,1.0,0.0,0.04,0.0,0.0,0.0,0,59019.0
22,9,266,1474,0,1,9,0.0,0.0,1.0,0.0,0.0,255,255,1.0,0.0,0.0,0.0,0.0,0.0,0,87861.0
45,5,0,0,0,0,91,1.0,1.0,0.07,0.09,0.0,255,6,0.02,0.08,0.0,1.0,1.0,0.0,1,90775.0
45,9,105,0,0,0,1,0.0,0.0,1.0,0.0,0.0,22,14,0.64,0.14,0.0,0.0,0.0,0.0,0,10652.0
57,5,0,0,0,0,260,1.0,1.0,0.01,0.06,0.0,255,3,0.01,0.07,0.0,1.0,1.0,0.0,1,22025.0
11,9,33,0,0,0,4,0.0,0.0,0.5,0.5,0.5,62,7,0.11,0.06,0.0,0.0,0.0,0.0,0,111750.0
22,9,372,884,0,1,9,0.0,0.0,1.0,0.0,0.0,72,231,1.0,0.0,0.19,0.0,0.0,0.71,0,71651.0
34,1,0,0,0,0,213,0.0,0.0,0.0,0.07,0.0,255,1,0.0,0.07,0.0,0.0,0.0,1.0,1,64240.0
41,9,516,4,0,0,247,0.0,0.0,1.0,0.0,0.0,247,247,1.0,0.0,0.0,0.0,0.0,0.0,0,67855.0
11,9,46,75,0,0,279,0.0,0.0,1.0,0.0,0.0,255,243,0.95,0.01,0.0,0.0,0.0,0.0,0,48733.0
26,5,0,0,0,0,149,1.0,1.0,0.1,0.05,0.0,255,2,0.01,0.08,0.0,1.0,1.0,0.0,1,92563.0
22,1,0,0,0,0,1,0.0,0.0,1.0,0.0,0.0,20,255,1.0,0.0,0.15,0.0,0.0,0.94,0,110478.0
18,9,911,2720,0,1,1,0.0,0.0,1.0,0.0,0.0,255,53,0.21,0.02,0.0,0.0,0.0,0.0,0,115375.0
22,9,201,667,0,1,21,0.0,0.0,1.0,0.0,0.0,41,255,1.0,0.0,0.04,0.0,0.0,0.0,0,79739.0
13,9,30,0,0,0,1,0.0,0.0,1.0,0.0,0.0,239,239,1.0,0.0,0.0,0.0,0.0,0.0,0,57157.0
22,9,338,3584,0,1,47,0.0,0.0,1.0,0.0,0.0,255,255,1.0,0.0,0.0,0.0,0.0,0.0,0,56699.0
22,9,309,755,0,1,3,0.0,0.0,1.0,0.0,0.17,71,255,1.0,0.0,0.02,0.01,0.01,0.0,0,15556.0
22,9,317,2090,0,1,3,0.0,0.0,1.0,0.0,0.0,255,255,1.0,0.0,0.0,0.0,0.0,0.0,0,80077.0
8,2,0,0,0,0,285,0.0,0.0,0.05,0.06,0.0,255,13,0.05,0.07,0.0,0.0,0.0,1.0,1,10070.0
45,4,0,0,0,0,1,0.0,0.0,1.0,0.0,0.0,213,1,0.0,0.23,0.0,0.0,0.0,1.0,1,59388.0
11,9,45,79,0,0,151,0.0,0.0,1.0,0.0,0.02,255,227,0.89,0.01,0.0,0.0,0.0,0.0,0,86408.0
45,5,0,0,0,0,96,1.0,1.0,0.04,0.07,0.0,203,4,0.02,0.07,0.0,1.0,1.0,0.0,1,68373.0
22,9,219,1491,0,1,10,0.0,0.0,1.0,0.0,0.21,10,255,1.0,0.0,0.01,0.0,0.0,0.0,0,125815.0
17,9,10,140,0,0,1,0.0,0.0,1.0,0.0,0.0,224,14,0.06,0.03,0.0,0.0,0.0,0.0,0,113788.0
19,9,334,0,0,1,2,0.0,0.0,1.0,0.0,0.75,2,28,1.0,0.0,0.21,0.0,0.0,0.0,1,59031.0
3,5,0,0,0,0,264,1.0,1.0,0.02,0.06,0.0,255,15,0.06,0.07,0.0,1.0,1.0,0.0,1,108937.0
19,9,11,0,0,1,2,0.0,0.0,1.0,0.0,0.0,120,45,0.13,0.05,0.04,0.01,0.0,0.0,0,108278.0
22,9,297,2531,0,1,7,0.0,0.0,1.0,0.0,0.06,255,255,1.0,0.0,0.0,0.01,0.01,0.0,0,109237.0
22,9,322,4287,0,1,21,0.0,0.0,1.0,0.0,0.09,182,255,1.0,0.0,0.05,0.0,0.0,0.6,0,31750.0
22,9,149,12632,0,1,1,0.0,0.0,1.0,0.0,0.2,1,255,1.0,0.0,0.03,0.0,0.0,0.0,0,53598.0
30,5,0,0,0,0,114,1.0,1.0,0.19,0.04,0.0,255,22,0.09,0.05,0.0,1.0,1.0,0.0,1,101849.0
45,5,0,0,0,0,108,1.0,1.0,0.06,0.06,0.0,255,11,0.04,0.07,0.0,1.0,1.0,0.0,1,91257.0
55,5,0,0,0,0,65,1.0,1.0,0.25,0.06,0.0,227,58,0.26,0.02,0.0,0.99,0.97,0.0,1,105023.0
45,5,0,0,0,0,190,1.0,1.0,0.02,0.08,0.0,255,3,0.01,0.08,0.0,1.0,1.0,0.0,1,113864.0
21,5,0,0,0,0,277,1.0,1.0,0.03,0.06,0.0,255,9,0.04,0.07,0.0,1.0,1.0,0.0,1,123630.0
45,9,105,0,0,0,2,0.0,0.0,1.0,0.0,0.0,255,236,0.93,0.01,0.0,0.0,0.0,0.0,0,118029.0
45,5,0,0,0,0,84,1.0,1.0,0.17,0.07,0.0,192,14,0.07,0.07,0.0,1.0,1.0,0.0,1,38176.0
22,9,347,392,0,1,10,0.0,0.0,1.0,0.0,0.12,83,255,1.0,0.0,0.01,0.0,0.0,0.0,0,60478.0
22,9,237,10701,0,1,1,0.0,0.0,1.0,0.0,0.0,166,255,1.0,0.0,0.01,0.0,0.0,0.0,0,73460.0
26,5,0,0,0,0,252,1.0,1.0,0.05,0.06,0.0,255,12,0.05,0.06,0.0,1.0,1.0,0.0,1,64861.0
25,5,0,0,0,0,228,1.0,1.0,0.03,0.06,0.0,255,6,0.02,0.05,0.0,1.0,1.0,0.0,1,106286.0
13,9,8,0,0,0,1,0.0,0.0,1.0,0.0,1.0,1,67,1.0,0.0,0.51,0.0,0.0,0.0,1,113185.0
62,1,0,0,0,0,205,0.0,0.0,0.06,0.07,0.0,255,12,0.05,0.08,0.0,0.0,0.0,1.0,1,61416.0
22,9,208,421,0,1,23,0.0,0.0,1.0,0.0,0.08,255,255,1.0,0.0,0.0,0.0,0.0,0.0,0,28340.0
45,5,0,0,0,0,171,1.0,1.0,0.02,0.07,0.0,255,4,0.02,0.09,0.0,1.0,1.0,0.0,1,122235.0
21,5,0,0,0,0,291,1.0,1.0,0.08,0.05,0.0,255,24,0.09,0.05,0.0,1.0,1.0,0.0,1,42400.0
55,9,105,2138,0,1,1,0.0,0.0,1.0,0.0,0.0,189,2,0.01,0.03,0.0,0.0,0.0,0.0,0,71198.0
22,9,300,2056,0,1,4,0.0,0.0,1.0,0.0,0.0,52,255,1.0,0.0,0.02,0.0,0.0,0.0,0,44878.0
22,9,201,760,0,1,26,0.0,0.0,1.0,0.0,0.0,255,255,1.0,0.0,0.0,0.0,0.0,0.0,0,29710.0
17,2,0,0,0,0,253,0.0,0.0,0.05,0.06,0.0,255,12,0.05,0.07,0.0,0.0,0.0,1.0,1,15482.0
45,5,0,0,0,0,158,1.0,1.0,0.04,0.06,0.0,255,5,0.02,0.06,0.0,1.0,1.0,0.0,1,39500.0
22,9,235,7333,0,1,8,0.0,0.0,1.0,0.0,0.0,255,255,1.0,0.0,0.0,0.0,0.0,0.0,0,70912.0
6,5,0,0,0,0,109,1.0,1.0,0.17,0.08,0.0,255,19,0.07,0.08,0.0,1.0,1.0,0.0,1,49857.0
49,9,2522,326,0,1,1,0.0,0.0,1.0,0.0,0.0,255,141,0.55,0.03,0.0,0.0,0.0,0.0,0,5266.0
22,9,281,296,0,1,8,0.0,0.0,1.0,0.0,0.2,255,255,1.0,0.0,0.0,0.0,0.0,0.0,0,48312.0
10,5,0,0,0,0,275,1.0,1.0,0.01,0.06,0.0,255,2,0.01,0.06,0.0,1.0,1.0,0.0,1,53500.0
45,5,0,0,0,0,54,1.0,1.0,0.22,0.07,0.0,233,12,0.05,0.06,0.0,1.0,1.0,0.0,1,43874.0
22,9,377,2937,0,1,10,0.0,0.0,1.0,0.0,0.0,255,255,1.0,0.0,0.0,0.0,0.0,0.0,0,59400.0
11,9,45,140,0,0,123,0.0,0.0,1.0,0.0,0.0,255,254,1.0,0.01,0.0,0.0,0.0,0.0,0,18888.0
45,1,0,0,0,0,2,0.0,0.0,0.5,1.0,0.0,255,1,0.0,0.46,0.0,0.13,0.0,1.0,1,120811.0
22,9,325,2125,0,1,4,0.0,0.0,1.0,0.0,0.12,129,255,1.0,0.0,0.04,0.01,0.0,0.0,0,5227.0
19,9,74,0,0,1,1,0.0,0.0,1.0,0.0,0.0,255,9,0.04,0.06,0.0,0.84,0.0,0.0,0,38238.0
22,9,240,2277,0,1,2,0.5,0.5,1.0,0.0,0.0,146,255,1.0,0.0,0.02,0.0,0.0,0.0,0,41062.0
45,5,0,0,0,0,129,1.0,1.0,0.05,0.06,0.0,32,7,0.22,0.12,0.0,1.0,1.0,0.0,1,37533.0
11,9,33,0,0,0,1,0.0,0.0,1.0,0.0,1.0,139,24,0.17,0.05,0.0,0.0,0.0,0.0,0,66627.0
22,1,0,0,0,0,1,0.0,0.0,1.0,0.0,0.0,1,219,1.0,0.0,0.04,0.0,0.0,0.95,0,30453.0
9,5,0,0,0,0,231,1.0,1.0,0.0,0.06,0.0,255,1,0.0,0.06,0.0,1.0,1.0,0.0,1,57559.0
45,1,0,0,0,0,111,0.0,0.0,0.07,0.07,0.0,255,8,0.03,0.08,0.0,0.0,0.0,1.0,1,49902.0
49,9,1041,330,0,1,1,0.0,0.0,1.0,0.0,1.0,255,108,0.42,0.02,0.0,0.0,0.01,0.0,0,53498.0
19,9,1874,0,0,1,11,0.0,0.0,1.0,0.0,0.0,255,125,0.49,0.03,0.0,0.0,0.0,0.0,0,2494.0
22,9,202,983,0,1,18,0.0,0.0,1.0,0.0,0.0,83,255,1.0,0.0,0.01,0.0,0.0,0.0,0,58053.0
22,9,222,5255,0,1,15,0.0,0.0,1.0,0.0,0.11,44,255,1.0,0.0,0.04,0.0,0.0,0.0,0,72100.0
4,5,0,0,0,0,273,1.0,1.0,0.03,0.05,0.0,255,7,0.03,0.05,0.0,1.0,1.0,0.0,1,6424.0
45,1,0,0,0,0,182,0.03,0.0,0.01,0.99,0.0,255,1,0.0,0.72,0.0,0.02,0.0,1.0,1,65828.0
11,9,46,46,0,0,208,0.0,0.0,1.0,0.0,0.01,255,166,0.65,0.01,0.0,0.0,0.0,0.0,0,2152.0
55,2,329,205950,0,1,1,0.0,0.0,1.0,0.0,0.0,92,22,0.24,0.07,0.0,0.01,0.05,0.36,0,58705.0
19,9,748,0,0,1,1,0.0,0.0,1.0,0.0,0.0,19,68,0.05,0.11,0.04,0.0,0.01,0.0,0,65747.0
13,9,8,0,0,0,1,0.0,0.0,1.0,0.0,1.0,2,129,1.0,0.0,0.5,0.0,0.0,0.0,1,15992.0
22,5,0,0,0,0,270,1.0,1.0,0.01,0.06,0.0,255,4,0.02,0.07,0.0,1.0,1.0,0.0,1,119954.0
2,5,0,0,0,0,254,1.0,1.0,0.01,0.07,0.0,255,2,0.01,0.07,0.0,1.0,1.0,0.0,1,54560.0
22,9,196,1618,0,1,4,0.0,0.0,1.0,0.0,0.0,4,255,1.0,0.0,0.03,0.0,0.0,0.0,0,90222.0
33,5,0,0,0,0,294,1.0,1.0,0.06,0.05,0.0,255,7,0.03,0.07,0.0,1.0,1.0,0.0,1,75221.0
19,5,0,0,0,0,212,1.0,1.0,0.09,0.07,0.0,255,19,0.07,0.07,0.0,1.0,1.0,0.0,1,115245.0
11,9,45,75,0,0,71,0.0,0.0,1.0,0.0,0.01,255,246,0.96,0.01,0.0,0.0,0.0,0.0,0,2095.0
45,5,0,0,0,0,241,1.0,1.0,0.0,0.06,0.0,255,3,0.01,0.07,0.0,1.0,1.0,0.0,1,46015.0
17,9,8,221,0,0,1,0.0,0.0,1.0,0.0,0.0,159,7,0.03,0.03,0.29,0.0,0.0,0.0,0,54013.0
45,5,0,0,0,0,221,1.0,1.0,0.1,0.05,0.0,255,23,0.09,0.05,0.0,1.0,1.0,0.0,1,119567.0
3,9,10,38,0,1,1,0.0,0.0,1.0,0.0,0.0,28,9,0.04,0.07,0.22,0.0,0.0,0.0,0,71672.0
27,5,0,0,0,0,6,1.0,1.0,1.0,0.0,0.0,255,6,0.02,0.07,0.0,1.0,1.0,0.0,1,53208.0
45,9,1,0,0,0,30,0.0,0.0,0.87,0.07,0.0,255,31,0.12,0.68,0.0,0.05,0.0,0.0,1,120586.0
22,5,0,0,0,0,8,1.0,1.0,0.75,0.38,0.0,255,66,0.26,0.02,0.0,1.0,1.0,0.0,1,29920.0
45,5,0,0,0,0,212,1.0,1.0,0.09,0.05,0.0,255,1,0.0,0.07,0.0,1.0,1.0,0.0,1,120043.0
45,5,0,0,0,0,117,1.0,1.0,0.11,0.06,0.0,255,7,0.03,0.06,0.0,1.0,1.0,0.0,1,77513.0
39,5,0,0,0,0,286,1.0,1.0,0.02,0.06,0.0,255,6,0.02,0.07,0.0,1.0,1.0,0.0,1,87502.0
10,5,0,0,0,0,23,1.0,1.0,0.43,0.13,0.0,255,16,0.06,0.07,0.0,1.0,1.0,0.0,1,67722.0
22,9,332,344,0,1,14,0.0,0.0,1.0,0.0,0.0,255,255,1.0,0.0,0.0,0.0,0.0,0.0,0,84127.0
22,9,296,734,0,1,12,0.0,0.0,1.0,0.0,0.0,17,255,1.0,0.0,0.03,0.0,0.0,0.0,0,103831.0
22,9,305,280,0,1,14,0.0,0.0,1.0,0.0,0.13,255,255,1.0,0.0,0.0,0.0,0.0,0.0,0,100521.0
13,9,8,0,0,0,1,0.0,0.0,1.0,0.0,1.0,1,77,1.0,0.0,0.51,0.0,0.0,0.0,1,31352.0
19,9,10044,0,0,1,9,0.0,0.0,1.0,0.0,0.0,255,54,0.21,0.05,0.0,0.36,0.0,0.0,0,35678.0
22,9,239,10378,0,1,7,0.0,0.0,1.0,0.0,0.0,255,255,1.0,0.0,0.0,0.0,0.0,0.0,0,38959.0
37,4,0,0,0,0,4,0.0,0.0,0.5,0.5,0.0,255,2,0.01,0.02,0.0,0.0,0.0,1.0,1,122317.0
45,5,0,0,0,0,182,1.0,1.0,0.09,0.07,0.0,255,17,0.07,0.06,0.0,1.0,1.0,0.0,1,75726.0
53,5,0,0,0,0,131,1.0,1.0,0.13,0.08,0.0,255,17,0.07,0.07,0.0,1.0,1.0,0.0,1,25776.0
45,1,0,0,0,0,493,0.06,0.0,0.0,1.0,0.0,255,1,0.0,1.0,0.0,0.08,0.0,1.0,1,118348.0
45,4,0,0,0,0,1,0.0,0.0,1.0,0.0,0.0,255,1,0.0,0.37,0.0,0.0,0.0,1.0,1,69304.0
38,5,0,0,0,0,83,1.0,1.0,0.17,0.07,0.0,255,14,0.05,0.07,0.0,1.0,1.0,0.0,1,124706.0
17,9,8,147,0,0,1,0.0,0.0,1.0,0.0,0.0,255,3,0.01,0.72,0.0,0.71,0.33,0.0,0,103135.0
14,9,520,0,0,0,149,0.0,0.0,1.0,0.0,0.0,255,255,1.0,0.0,0.0,0.0,0.0,0.0,1,8865.0
22,9,225,511,0,1,12,0.0,0.0,1.0,0.0,0.21,255,255,1.0,0.0,0.0,0.0,0.0,0.0,0,43261.0
45,5,0,0,0,0,206,1.0,1.0,0.1,0.06,0.0,245,21,0.09,0.07,0.0,0.94,1.0,0.0,1,99908.0
14,9,1032,0,0,0,107,0.0,0.0,1.0,0.0,0.0,255,107,0.42,0.02,0.0,0.0,0.0,0.0,1,62978.0
11,9,45,73,0,0,235,0.0,0.0,1.0,0.01,0.01,255,255,1.0,0.0,0.0,0.0,0.0,0.0,0,1955.0
62,5,0,0,0,0,71,1.0,1.0,0.04,0.08,0.0,255,10,0.04,0.07,0.0,1.0,1.0,0.0,1,94757.0
45,5,0,0,0,0,287,1.0,1.0,0.0,0.05,0.0,255,1,0.0,0.07,0.0,1.0,1.0,0.0,1,26178.0
45,4,0,0,0,0,80,0.0,0.0,0.03,0.54,0.0,250,2,0.01,0.18,0.0,0.01,0.0,1.0,1,61620.0
41,9,147,105,0,0,1,0.0,0.0,1.0,0.0,0.0,255,2,0.01,0.68,0.0,0.0,0.0,0.0,0,50041.0
14,9,1032,0,0,0,511,0.0,0.0,1.0,0.0,0.0,255,57,0.22,0.2,0.0,0.0,0.0,0.0,1,121069.0
22,9,245,1761,0,1,3,0.0,0.0,1.0,0.0,0.5,42,255,1.0,0.0,0.02,0.0,0.0,0.0,0,22008.0
22,9,282,4584,0,1,16,0.0,0.0,1.0,0.0,0.12,16,255,1.0,0.0,0.02,0.0,0.0,0.0,0,113428.0
14,9,1032,0,0,0,511,0.0,0.0,1.0,0.0,0.0,255,40,0.16,0.21,0.0,0.0,0.0,0.0,1,80979.0
14,9,1480,0,1,0,2,0.0,0.0,1.0,0.0,0.5,2,151,1.0,0.0,0.14,0.0,0.0,0.0,1,63467.0
18,9,1496,4152,0,1,1,0.0,0.0,1.0,0.0,0.0,182,13,0.07,0.03,0.0,0.0,0.0,0.0,0,109940.0
22,9,216,10861,0,1,20,0.0,0.0,1.0,0.0,0.06,20,255,1.0,0.0,0.01,0.0,0.0,0.0,0,45966.0
11,9,44,120,0,0,64,0.0,0.0,1.0,0.0,0.01,255,254,1.0,0.01,0.0,0.0,0.0,0.0,0,93346.0
22,9,243,495,0,1,5,0.0,0.0,1.0,0.0,0.29,23,255,1.0,0.0,0.01,0.0,0.0,0.0,0,53594.0
19,9,607,0,0,1,2,0.0,0.0,1.0,0.0,0.67,243,38,0.16,0.03,0.0,0.0,0.0,0.0,0,42758.0
12,5,0,0,0,0,259,1.0,1.0,0.09,0.05,0.0,255,24,0.09,0.05,0.0,1.0,1.0,0.0,1,66231.0
0,4,155,1671,0,0,1,0.0,0.0,1.0,0.0,0.0,8,5,0.62,0.25,0.0,0.12,0.2,0.8,0,70040.0
22,9,287,7523,0,1,25,0.0,0.0,1.0,0.0,0.05,255,255,1.0,0.0,0.0,0.0,0.0,0.0,0,78775.0
22,9,326,900,0,1,6,0.0,0.0,1.0,0.0,0.0,152,188,1.0,0.0,0.01,0.0,0.0,0.0,0,62790.0
22,9,54540,8314,0,1,5,0.0,0.0,1.0,0.0,0.0,255,255,1.0,0.0,0.0,0.0,0.0,0.04,1,22972.0
45,4,0,0,0,0,1,0.0,0.0,1.0,0.0,0.0,255,1,0.0,0.68,0.0,0.0,0.0,1.0,1,112761.0
45,1,0,0,0,0,117,0.0,0.0,0.03,0.09,0.0,255,3,0.01,0.07,0.0,0.0,0.0,1.0,1,95363.0
49,9,4071,332,0,1,1,0.0,0.0,1.0,0.0,0.0,178,244,0.97,0.01,0.01,0.0,0.0,0.0,0,22856.0
22,9,207,1425,0,1,5,0.0,0.0,1.0,0.0,0.0,255,255,1.0,0.0,0.0,0.01,0.01,0.0,0,108091.0
1,9,1519900,410092,0,1,1,0.0,0.0,1.0,0.0,0.0,255,1,0.0,0.03,0.0,0.0,0.0,0.0,0,11108.0
14,9,1032,0,0,0,100,0.0,0.0,1.0,0.0,0.0,255,100,0.39,0.02,0.0,0.0,0.0,0.0,1,97449.0
37,5,0,0,0,0,283,1.0,1.0,0.04,0.05,0.0,255,12,0.05,0.05,0.0,1.0,1.0,0.0,1,54188.0
22,9,236,14616,0,1,5,0.2,0.17,1.0,0.0,0.33,217,255,1.0,0.0,0.01,0.0,0.0,0.0,0,102697.0
45,9,105,147,0,0,1,0.0,0.0,1.0,0.0,0.0,221,190,0.86,0.01,0.0,0.0,0.0,0.0,0,9100.0
49,9,550,327,0,1,1,0.0,0.0,1.0,0.0,0.0,188,148,0.79,0.02,0.0,0.0,0.0,0.0,0,82715.0
34,1,0,0,0,0,241,0.0,0.0,0.02,0.07,0.0,255,6,0.02,0.07,0.0,0.0,0.0,1.0,1,21374.0
19,9,2194619,0,0,1,1,0.0,0.0,1.0,0.0,0.0,231,9,0.04,0.45,0.0,0.0,0.0,0.0,0,9235.0
22,9,220,2714,0,1,24,0.0,0.0,1.0,0.0,0.09,255,255,1.0,0.0,0.0,0.0,0.0,0.0,0,5561.0
22,9,240,1469,0,1,7,0.0,0.0,1.0,0.0,0.25,29,255,1.0,0.0,0.02,0.0,0.0,0.0,0,73627.0
11,9,111,43,0,0,289,0.0,0.0,1.0,0.01,0.0,178,145,0.81,0.01,0.0,0.0,0.0,0.0,0,77235.0
22,9,157,4316,0,1,4,0.0,0.0,1.0,0.0,0.0,13,255,1.0,0.0,0.04,0.0,0.0,0.0,0,115672.0
22,9,294,1158,0,1,25,0.0,0.0,1.0,0.0,0.08,255,255,1.0,0.0,0.0,0.0,0.0,0.0,0,69576.0
45,5,0,0,0,0,114,1.0,1.0,0.18,0.05,0.0,255,6,0.02,0.06,0.0,1.0,1.0,0.0,1,2900.0
31,5,0,0,0,0,72,1.0,1.0,0.01,0.08,0.0,255,1,0.0,0.06,0.0,1.0,1.0,0.0,1,82188.0
22,9,354,369,0,1,22,0.0,0.0,1.0,0.0,0.0,255,255,1.0,0.0,0.0,0.0,0.0,0.0,0,44187.0
22,9,287,409,0,1,3,0.0,0.0,1.0,0.0,0.0,27,255,1.0,0.0,0.02,0.0,0.0,0.0,0,53571.0
22,9,310,1715,0,1,2,0.0,0.0,1.0,0.0,0.67,24,255,1.0,0.0,0.03,0.0,0.0,0.0,0,42485.0
10,5,0,0,0,0,267,1.0,1.0,0.09,0.05,0.0,255,25,0.1,0.05,0.0,1.0,1.0,0.0,1,70167.0
11,9,44,139,0,0,42,0.0,0.0,1.0,0.0,0.02,176,128,0.73,0.02,0.0,0.0,0.0,0.0,0,65187.0
10,1,0,0,0,0,238,0.0,0.0,0.03,0.07,0.0,255,7,0.03,0.07,0.0,0.0,0.0,1.0,1,67120.0
22,9,219,1492,0,1,8,0.0,0.0,1.0,0.0,0.17,133,255,1.0,0.0,0.01,0.0,0.0,0.0,0,119382.0
49,9,1613,331,0,1,2,0.0,0.0,1.0,0.0,0.75,169,192,0.76,0.02,0.01,0.0,0.0,0.0,0,102307.0
52,5,0,0,0,0,265,1.0,1.0,0.07,0.06,0.0,255,19,0.07,0.06,0.0,1.0,1.0,0.0,1,49928.0
17,5,0,0,0,0,35,0.94,1.0,0.37,0.11,0.0,255,13,0.05,0.06,0.0,1.0,1.0,0.0,1,122930.0
22,9,322,4083,0,1,27,0.0,0.0,1.0,0.0,0.0,255,255,1.0,0.0,0.0,0.0,0.0,0.0,0,84837.0
22,9,224,3332,0,1,3,0.0,0.0,1.0,0.0,0.0,74,255,1.0,0.0,0.04,0.0,0.0,0.0,0,45142.0
45,1,0,0,0,0,253,0.04,0.0,0.0,1.0,0.0,255,1,0.0,0.97,0.0,0.04,0.0,1.0,1,46267.0
22,1,0,0,0,0,1,0.0,0.0,1.0,0.0,0.0,9,242,1.0,0.0,0.01,0.0,0.0,0.04,0,39549.0
49,9,663,328,0,1,1,0.0,0.0,1.0,0.0,0.0,32,18,0.56,0.06,0.0,0.0,0.0,0.0,0,101223.0
22,9,253,1054,0,1,9,0.0,0.0,1.0,0.0,0.17,47,255,1.0,0.0,0.02,0.0,0.0,0.0,0,11643.0
22,9,324,369,0,1,8,0.0,0.0,1.0,0.0,0.22,8,255,1.0,0.0,0.02,0.0,0.0,0.0,0,78326.0
45,5,0,0,0,0,104,1.0,1.0,0.07,0.07,0.0,255,2,0.01,0.07,0.0,1.0,1.0,0.0,1,14807.0
10,5,0,0,0,0,27,1.0,1.0,0.44,0.11,0.0,255,18,0.07,0.07,0.0,1.0,1.0,0.0,1,87186.0
22,9,313,480,0,1,8,0.0,0.0,1.0,0.0,0.15,26,255,1.0,0.0,0.06,0.0,0.0,0.0,0,28496.0
11,9,44,80,0,0,132,0.0,0.0,1.0,0.0,0.0,255,254,1.0,0.01,0.0,0.0,0.0,0.0,0,39140.0
41,9,147,105,0,0,2,0.0,0.0,1.0,0.0,0.0,255,2,0.01,0.87,0.0,0.0,0.0,0.0,0,63333.0
11,9,42,42,0,0,10,0.0,0.0,1.0,0.0,0.24,255,255,1.0,0.0,0.0,0.0,0.0,0.0,0,4595.0
22,9,181,5622,0,1,1,0.0,0.0,1.0,0.0,1.0,9,255,1.0,0.0,0.06,0.0,0.0,0.0,0,112824.0
22,9,165,8886,0,1,1,0.0,0.0,1.0,0.0,0.0,14,255,1.0,0.0,0.04,0.0,0.01,0.0,0,120695.0
45,1,0,0,0,0,109,0.0,0.0,0.08,0.06,0.0,255,29,0.11,0.05,0.0,0.0,0.0,1.0,1,15374.0
25,5,0,0,0,0,271,1.0,1.0,0.06,0.05,0.0,255,15,0.06,0.05,0.0,1.0,1.0,0.0,1,92348.0
8,3,0,0,0,0,1,0.0,0.0,1.0,0.0,0.0,75,1,0.01,0.09,0.0,0.0,0.0,1.0,1,28258.0
22,9,313,28439,0,1,4,0.0,0.0,1.0,0.0,0.0,255,255,1.0,0.0,0.0,0.0,0.0,0.0,0,92774.0
22,9,298,356,0,1,26,0.0,0.0,1.0,0.0,0.07,46,255,1.0,0.0,0.02,0.0,0.0,0.0,0,21344.0
45,5,0,0,0,0,192,1.0,1.0,0.13,0.05,0.0,255,25,0.1,0.05,0.0,1.0,1.0,0.0,1,36299.0
22,5,0,0,0,0,10,0.9,0.83,0.5,0.4,0.33,255,22,0.09,0.06,0.0,1.0,1.0,0.0,1,77940.0
45,5,0,0,0,0,119,1.0,1.0,0.18,0.06,0.0,255,7,0.03,0.06,0.0,1.0,1.0,0.0,1,82598.0
45,1,0,0,0,0,77,0.0,0.0,0.16,0.08,0.0,255,12,0.05,0.07,0.0,0.0,0.0,1.0,1,33333.0
45,1,0,0,0,0,71,0.0,0.0,0.21,0.07,0.0,255,4,0.02,0.07,0.0,0.0,0.0,1.0,1,53096.0
19,9,245,0,0,1,3,0.0,0.0,0.67,0.67,0.0,41,37,0.05,0.15,0.05,0.0,0.0,0.0,0,64583.0
13,9,8,0,0,0,1,0.0,0.0,1.0,0.0,1.0,2,108,1.0,0.0,0.5,0.0,0.0,0.0,1,22557.0
45,5,0,0,0,0,208,1.0,1.0,0.04,0.07,0.0,255,16,0.06,0.07,0.0,1.0,1.0,0.0,1,44354.0
22,9,319,261,0,1,1,0.0,0.0,1.0,0.0,0.0,255,255,1.0,0.0,0.0,0.0,0.0,0.0,0,44575.0
45,9,105,146,0,0,4,0.0,0.0,0.25,0.5,0.0,255,234,0.92,0.01,0.0,0.0,0.0,0.0,0,1632.0
41,9,516,4,0,0,448,0.0,0.0,1.0,0.0,0.0,255,255,1.0,0.0,0.0,0.0,0.0,0.0,0,123306.0
45,5,0,0,0,0,299,1.0,1.0,0.05,0.06,0.0,255,5,0.02,0.07,0.0,1.0,1.0,0.0,1,105670.0
19,9,334,0,0,1,2,0.0,0.0,1.0,0.0,0.0,6,6,1.0,0.0,0.0,0.0,0.0,0.0,1,78410.0
22,9,234,1200,0,1,11,0.0,0.0,1.0,0.0,0.15,210,255,1.0,0.0,0.02,0.0,0.0,0.0,0,75498.0
22,9,234,2750,0,1,25,0.0,0.0,1.0,0.0,0.07,255,255,1.0,0.0,0.0,0.0,0.0,0.0,0,15989.0
49,9,1227,401,0,1,1,0.0,0.0,1.0,0.0,1.0,157,106,0.6,0.04,0.02,0.01,0.0,0.0,0,94610.0
22,9,233,2507,0,1,6,0.0,0.0,1.0,0.0,0.0,255,251,0.98,0.01,0.0,0.0,0.0,0.0,0,77119.0
22,9,202,1405,0,1,14,0.0,0.0,1.0,0.0,0.0,14,255,1.0,0.0,0.04,0.0,0.0,0.0,0,115335.0
19,5,0,0,0,0,273,1.0,1.0,0.07,0.07,0.0,255,19,0.07,0.08,0.0,1.0,1.0,0.0,1,69222.0
22,9,294,14312,0,1,5,0.0,0.0,1.0,0.0,0.0,177,255,1.0,0.0,0.02,0.0,0.0,0.0,0,90139.0
22,9,376,245,0,1,11,0.0,0.0,1.0,0.0,0.17,64,255,1.0,0.0,0.01,0.0,0.0,0.0,0,11950.0
49,9,1821,333,0,1,1,0.0,0.0,1.0,0.0,0.0,22,122,0.77,0.14,0.02,0.0,0.0,0.0,0,59999.0
45,1,0,0,0,0,1,0.0,0.0,1.0,0.0,0.0,69,1,0.01,1.0,0.0,0.0,0.0,1.0,1,65272.0
19,9,15377,0,0,1,2,0.0,0.0,1.0,0.0,0.0,157,49,0.17,0.45,0.04,0.0,0.0,0.02,0,9332.0
8,5,0,0,0,0,271,1.0,1.0,0.0,0.06,0.0,255,20,0.08,0.06,0.0,1.0,1.0,0.0,1,5193.0
22,9,219,324,0,1,7,0.0,0.0,1.0,0.0,0.0,21,255,1.0,0.0,0.03,0.0,0.02,0.02,0,70657.0
22,9,203,1046,0,1,2,0.0,0.0,1.0,0.0,0.0,18,255,1.0,0.0,0.03,0.0,0.0,0.0,0,80188.0
22,9,321,361,0,1,1,0.0,0.0,1.0,0.0,0.67,1,255,1.0,0.0,0.02,0.0,0.0,0.0,0,97767.0
22,9,338,1472,0,1,8,0.0,0.0,1.0,0.0,0.0,203,239,1.0,0.0,0.02,0.0,0.0,0.0,0,93901.0
36,5,0,0,0,0,128,1.0,1.0,0.02,0.07,0.0,255,3,0.01,0.08,0.0,1.0,1.0,0.0,1,93378.0
22,9,198,2996,0,1,7,0.0,0.0,1.0,0.0,0.0,255,255,1.0,0.0,0.0,0.0,0.0,0.0,0,108964.0
14,9,64,0,0,0,7,0.0,0.0,1.0,0.0,0.0,255,7,0.03,0.01,0.0,0.0,0.0,0.0,0,80149.0
27,5,0,0,0,0,138,1.0,1.0,0.02,0.06,0.0,255,3,0.01,0.06,0.0,1.0,1.0,0.0,1,12994.0
22,1,0,0,0,0,1,0.0,0.0,1.0,0.0,0.0,17,22,1.0,0.0,0.09,0.0,0.09,0.82,0,18958.0
19,9,212,0,0,1,2,0.0,0.0,1.0,0.0,0.0,24,8,0.17,0.21,0.25,0.0,0.0,0.0,0,97320.0
41,9,146,0,0,0,1,0.0,0.0,1.0,0.0,0.0,255,1,0.0,0.5,0.0,0.0,0.0,0.0,0,24228.0
4,5,0,0,0,0,235,1.0,1.0,0.08,0.05,0.0,193,18,0.09,0.06,0.0,0.99,1.0,0.0,1,109629.0
22,9,222,7280,0,1,2,0.0,0.0,1.0,0.0,0.0,255,255,1.0,0.0,0.0,0.0,0.0,0.0,0,52711.0
22,9,298,3960,0,1,2,0.0,0.0,1.0,0.0,0.0,163,255,1.0,0.0,0.02,0.01,0.01,0.0,0,55925.0
22,9,227,527,0,1,3,0.0,0.0,1.0,0.0,0.25,3,255,1.0,0.0,0.01,0.0,0.0,0.0,0,99130.0
11,9,44,110,0,0,42,0.0,0.0,1.0,0.0,0.02,255,254,1.0,0.01,0.0,0.0,0.0,0.0,0,64450.0
45,5,0,0,0,0,154,1.0,1.0,0.03,0.06,0.0,255,4,0.02,0.07,0.0,1.0,1.0,0.0,1,43057.0
12,2,0,0,0,0,242,0.0,0.0,0.02,0.07,0.0,255,6,0.02,0.07,0.0,0.0,0.0,1.0,1,7062.0
13,9,30,0,0,0,8,0.0,0.0,0.12,0.38,0.0,255,4,0.02,0.01,0.0,0.0,0.0,0.0,0,12728.0
45,5,0,0,0,0,276,1.0,1.0,0.01,0.07,0.0,255,17,0.07,0.07,0.0,1.0,1.0,0.0,1,118434.0
22,9,232,3222,0,1,1,0.0,0.0,1.0,0.0,0.05,255,251,0.98,0.01,0.0,0.0,0.0,0.0,0,53346.0
49,9,1635,327,0,1,1,0.0,0.0,1.0,0.0,0.0,60,129,0.57,0.07,0.02,0.0,0.01,0.04,0,121836.0
22,9,327,2566,0,1,5,0.2,0.2,1.0,0.0,0.0,22,255,1.0,0.0,0.02,0.05,0.01,0.0,0,33559.0
11,9,43,128,0,0,72,0.0,0.0,1.0,0.0,0.01,255,255,1.0,0.0,0.0,0.0,0.0,0.0,0,35321.0
8,5,0,0,0,0,291,1.0,1.0,0.02,0.05,0.0,255,7,0.03,0.07,0.0,1.0,1.0,0.0,1,70268.0
19,9,3690,0,0,1,5,0.0,0.0,1.0,0.0,0.0,40,71,0.62,0.08,0.03,0.0,0.0,0.0,0,110731.0
22,9,54540,8314,0,1,1,0.0,0.0,1.0,0.0,1.0,103,103,1.0,0.0,0.0,0.0,0.0,0.01,1,123833.0
11,9,44,128,0,0,324,0.0,0.0,1.0,0.01,0.0,255,235,0.92,0.01,0.0,0.0,0.0,0.0,0,75470.0
22,9,306,763,0,1,2,0.0,0.0,1.0,0.0,0.21,143,255,1.0,0.0,0.02,0.0,0.0,0.0,0,94168.0
22,1,0,0,0,0,1,0.0,0.0,1.0,0.0,0.0,8,55,1.0,0.0,0.31,0.0,0.0,1.0,0,16482.0
3,5,0,0,0,0,238,1.0,1.0,0.03,0.06,0.0,255,15,0.06,0.06,0.0,1.0,1.0,0.0,1,117877.0
11,9,43,109,0,0,73,0.0,0.0,1.0,0.0,0.01,255,237,0.93,0.01,0.0,0.0,0.0,0.0,0,10461.0
22,9,139,32424,0,1,1,0.0,0.0,1.0,0.0,0.0,255,255,1.0,0.0,0.0,0.0,0.0,0.0,0,12111.0
26,1,0,0,0,0,227,0.0,0.0,0.05,0.07,0.0,255,12,0.05,0.08,0.0,0.0,0.0,1.0,1,4372.0
22,4,33336,2920,0,1,5,0.0,0.0,1.0,0.0,0.0,255,255,1.0,0.0,0.0,0.0,0.0,0.06,1,10666.0
22,5,0,0,0,0,24,1.0,1.0,0.25,0.17,0.0,255,37,0.15,0.05,0.0,1.0,1.0,0.0,1,61772.0
11,9,46,142,0,0,304,0.0,0.0,1.0,0.0,0.0,255,251,0.98,0.01,0.0,0.0,0.0,0.0,0,108975.0
41,9,146,0,0,0,3,0.0,0.0,0.33,0.67,0.0,255,1,0.0,0.49,0.0,0.0,0.0,0.0,0,86255.0
22,9,205,1410,0,1,7,0.0,0.0,1.0,0.0,0.0,45,255,1.0,0.0,0.01,0.0,0.0,0.0,0,91891.0
45,9,1,0,0,0,17,0.0,0.0,0.12,0.24,0.0,255,45,0.18,0.24,0.0,0.0,0.0,0.0,1,71888.0
22,9,207,821,0,1,8,0.0,0.0,1.0,0.0,0.22,36,255,1.0,0.0,0.05,0.0,0.0,0.0,0,47268.0
22,9,213,2051,0,1,1,0.0,0.0,1.0,0.0,1.0,1,255,1.0,0.0,0.07,0.0,0.0,0.0,0,100960.0
22,9,309,7273,0,1,33,0.0,0.0,1.0,0.0,0.07,255,255,1.0,0.0,0.0,0.0,0.0,0.0,0,46194.0
22,9,54540,8314,0,1,1,0.0,0.0,1.0,0.0,0.0,223,223,1.0,0.0,0.0,0.0,0.0,0.01,1,86828.0
22,9,222,1487,0,1,3,0.0,0.0,1.0,0.0,0.0,3,255,1.0,0.0,0.01,0.0,0.01,0.0,0,56352.0
35,5,0,0,0,0,99,1.0,1.0,0.08,0.06,0.0,255,8,0.03,0.05,0.0,1.0,1.0,0.0,1,104825.0
22,9,206,656,0,1,7,0.0,0.0,1.0,0.0,0.12,255,255,1.0,0.0,0.0,0.0,0.0,0.0,0,110662.0
22,9,181,14276,0,1,1,0.0,0.0,1.0,0.0,0.0,85,255,1.0,0.0,0.04,0.0,0.0,0.0,0,22812.0
22,9,245,288,0,1,2,0.0,0.0,1.0,0.0,0.25,99,255,1.0,0.0,0.04,0.0,0.0,0.02,0,72376.0
9,5,0,0,0,0,277,1.0,1.0,0.06,0.05,0.0,255,18,0.07,0.05,0.0,1.0,1.0,0.0,1,6456.0
31,5,0,0,0,0,145,1.0,1.0,0.09,0.06,0.0,255,10,0.04,0.05,0.0,1.0,1.0,0.0,1,118452.0
45,1,0,0,0,0,270,0.0,0.0,0.07,0.07,0.0,255,20,0.08,0.08,0.0,0.0,0.0,1.0,1,12461.0
22,9,433,8113,0,1,5,0.0,0.0,1.0,0.0,0.29,255,255,1.0,0.0,0.0,0.0,0.0,0.02,0,49218.0
45,1,0,0,0,0,136,0.0,0.0,0.11,0.07,0.0,255,15,0.06,0.07,0.0,0.0,0.0,1.0,1,73294.0
22,1,0,0,0,0,1,0.0,0.0,1.0,0.0,0.0,13,22,1.0,0.0,0.09,0.0,0.09,0.64,0,99192.0
11,9,42,123,0,0,85,0.0,0.0,1.0,0.0,0.02,255,253,0.99,0.01,0.0,0.0,0.0,0.0,0,105010.0
10,9,0,0,0,0,1,0.0,0.0,1.0,0.0,0.0,34,2,0.03,1.0,1.0,0.0,0.0,0.0,1,39137.0
49,9,919,335,0,1,1,0.0,0.0,1.0,0.0,0.0,62,157,0.97,0.03,0.01,0.0,0.0,0.0,0,67445.0
22,9,231,7240,0,1,9,0.0,0.0,1.0,0.0,0.0,27,255,1.0,0.0,0.02,0.0,0.0,0.0,0,6747.0
22,9,350,1378,0,1,4,0.0,0.0,1.0,0.0,0.0,131,255,1.0,0.0,0.02,0.0,0.0,0.0,0,8056.0
3,5,0,0,0,0,229,1.0,1.0,0.03,0.06,0.0,255,6,0.02,0.07,0.0,1.0,1.0,0.0,1,68796.0
22,9,292,2367,0,1,3,0.0,0.0,1.0,0.0,0.19,4,255,1.0,0.0,0.06,0.0,0.0,0.0,0,7096.0
45,9,28,0,3,0,146,0.68,0.0,0.32,0.05,0.0,255,46,0.18,0.82,0.0,0.09,0.0,0.0,1,9620.0
63,5,0,0,0,0,136,1.0,1.0,0.12,0.05,0.0,255,16,0.06,0.06,0.0,1.0,1.0,0.0,1,47899.0
45,5,0,0,0,0,83,1.0,1.0,0.16,0.06,0.0,255,1,0.0,0.07,0.0,1.0,1.0,0.0,1,14434.0
16,5,0,0,0,0,140,1.0,1.0,0.03,0.06,0.0,255,4,0.02,0.05,0.0,1.0,1.0,0.0,1,3641.0
36,5,0,0,0,0,201,1.0,1.0,0.0,0.06,0.0,255,11,0.04,0.07,0.0,1.0,1.0,0.0,1,33421.0
22,9,349,602,0,1,27,0.0,0.0,1.0,0.0,0.05,255,255,1.0,0.0,0.0,0.0,0.0,0.0,0,69317.0
22,9,219,1758,0,1,4,0.0,0.0,1.0,0.0,0.0,22,255,1.0,0.0,0.05,0.0,0.0,0.0,0,37020.0
45,5,0,0,0,0,81,1.0,1.0,0.14,0.07,0.0,189,11,0.06,0.07,0.0,1.0,1.0,0.0,1,47497.0
11,9,43,43,0,0,133,0.0,0.0,1.0,0.0,0.0,255,254,1.0,0.01,0.0,0.0,0.0,0.0,0,97383.0
13,9,30,0,0,0,1,0.0,0.0,1.0,0.0,0.0,59,131,1.0,0.0,0.28,0.0,0.0,0.0,0,6799.0
49,9,2629,401,0,1,1,0.0,0.0,1.0,0.0,1.0,151,169,0.76,0.02,0.01,0.0,0.0,0.0,0,58973.0
19,9,172,0,0,1,1,0.0,0.0,1.0,0.0,0.0,7,7,1.0,0.0,0.0,0.0,0.0,0.0,0,18264.0
15,5,0,0,0,0,136,1.0,1.0,0.04,0.07,0.0,255,6,0.02,0.07,0.0,1.0,1.0,0.0,1,67740.0
22,9,166,386,0,1,1,0.0,0.0,1.0,0.0,1.0,33,255,1.0,0.0,0.02,0.0,0.0,0.0,0,117999.0
22,9,226,337,0,1,5,0.0,0.0,1.0,0.0,0.07,5,255,1.0,0.0,0.09,0.0,0.01,0.0,0,118147.0
41,4,0,0,0,0,1,0.0,0.0,1.0,0.0,0.0,255,1,0.0,1.0,0.0,0.0,0.0,1.0,1,125238.0
22,5,0,0,0,0,74,1.0,1.0,0.26,0.05,0.0,154,39,0.25,0.03,0.0,1.0,1.0,0.0,1,9569.0
22,9,295,2720,0,1,27,0.0,0.0,1.0,0.0,0.0,39,255,1.0,0.0,0.04,0.0,0.0,0.0,0,69530.0
45,5,0,0,0,0,219,1.0,1.0,0.07,0.05,0.0,255,15,0.06,0.06,0.0,1.0,1.0,0.0,1,102158.0
4,5,0,0,0,0,263,1.0,1.0,0.07,0.06,0.0,255,14,0.05,0.07,0.0,1.0,1.0,0.0,1,74989.0
11,9,34,87,0,0,1,0.0,0.0,1.0,0.0,0.0,19,224,0.84,0.11,0.01,0.0,0.0,0.0,0,93083.0
22,9,348,7223,0,1,6,0.0,0.0,1.0,0.0,0.0,38,255,1.0,0.0,0.02,0.0,0.0,0.0,0,26222.0
19,9,245,0,0,1,2,0.0,0.0,1.0,0.0,0.0,44,26,0.59,0.11,0.0,0.0,0.0,0.0,0,27585.0
11,9,44,76,0,0,189,0.0,0.0,0.99,0.01,0.01,255,255,1.0,0.0,0.0,0.0,0.0,0.0,0,74824.0
11,9,43,123,0,0,53,0.0,0.0,1.0,0.0,0.02,255,254,1.0,0.01,0.0,0.0,0.0,0.0,0,97860.0
11,9,33,93,0,0,1,0.0,0.0,1.0,0.0,1.0,255,247,0.97,0.01,0.0,0.0,0.0,0.0,0,12523.0
55,5,0,0,0,0,13,1.0,1.0,0.23,0.31,0.0,255,32,0.13,0.05,0.0,1.0,1.0,0.0,1,14323.0
22,1,0,0,0,0,104,0.0,0.0,0.09,0.07,0.0,255,7,0.03,0.07,0.0,0.0,0.0,1.0,1,86193.0
28,5,0,0,0,0,28,1.0,1.0,0.04,0.11,0.0,255,1,0.0,0.07,0.0,1.0,1.0,0.0,1,72828.0
22,9,199,14729,0,1,5,0.0,0.17,1.0,0.0,0.33,118,255,1.0,0.0,0.03,0.0,0.0,0.01,0,107414.0
3,9,10,36,0,0,1,0.0,0.0,1.0,0.0,0.0,194,8,0.03,0.02,0.25,0.0,0.0,0.0,0,2224.0
11,9,44,131,0,0,48,0.0,0.0,0.98,0.04,0.02,255,225,0.88,0.02,0.0,0.0,0.0,0.0,0,81783.0
45,5,0,0,0,0,75,1.0,1.0,0.07,0.07,0.0,255,20,0.08,0.05,0.0,1.0,1.0,0.0,1,110046.0
18,9,291,903,0,1,1,0.0,0.0,1.0,0.0,0.0,60,12,0.2,0.08,0.0,0.0,0.0,0.0,0,47094.0
19,5,0,0,0,0,196,1.0,1.0,0.06,0.06,0.0,255,11,0.04,0.07,0.0,1.0,1.0,0.0,1,74857.0
22,9,305,4414,0,1,3,0.0,0.0,1.0,0.0,0.4,15,255,1.0,0.0,0.04,0.0,0.0,0.0,0,38045.0
22,9,218,1023,0,1,14,0.0,0.0,1.0,0.0,0.13,54,255,1.0,0.0,0.05,0.0,0.0,0.0,0,28881.0
22,9,307,3765,0,1,5,0.0,0.0,1.0,0.0,0.25,5,255,1.0,0.0,0.05,0.0,0.0,0.0,0,48949.0
11,9,45,127,0,0,78,0.0,0.0,1.0,0.0,0.01,255,254,1.0,0.01,0.0,0.0,0.0,0.0,0,16302.0
19,9,641,0,0,1,1,0.0,0.0,1.0,0.0,0.0,32,105,0.84,0.06,0.03,0.0,0.0,0.0,0,6196.0
37,5,0,0,0,0,107,1.0,1.0,0.13,0.08,0.0,255,6,0.02,0.08,0.0,1.0,1.0,0.0,1,94104.0
35,5,0,0,0,0,93,1.0,1.0,0.14,0.05,0.0,255,13,0.05,0.07,0.0,1.0,1.0,0.0,1,110116.0
22,9,226,388,0,1,18,0.0,0.0,1.0,0.0,0.0,147,255,1.0,0.0,0.03,0.0,0.0,0.0,0,56341.0
19,9,63,0,0,0,2,0.0,0.0,1.0,0.0,0.0,237,12,0.05,0.01,0.0,0.84,0.0,0.0,0,88554.0
45,5,0,0,0,0,182,1.0,1.0,0.07,0.07,0.0,255,9,0.04,0.07,0.0,1.0,1.0,0.0,1,124044.0
13,9,8,0,0,0,1,0.0,0.0,1.0,0.0,1.0,2,108,1.0,0.0,0.5,0.0,0.0,0.0,1,31091.0
30,5,0,0,0,0,266,1.0,1.0,0.03,0.06,0.0,255,8,0.03,0.08,0.0,1.0,1.0,0.0,1,47402.0
11,9,43,43,0,0,144,0.0,0.0,1.0,0.0,0.01,255,211,0.83,0.01,0.0,0.0,0.0,0.0,0,105255.0
11,9,43,136,0,0,80,0.0,0.0,1.0,0.0,0.01,194,163,0.84,0.01,0.0,0.0,0.0,0.0,0,95792.0
49,9,620,332,0,1,1,0.0,0.0,1.0,0.0,0.0,107,159,0.58,0.04,0.02,0.0,0.0,0.0,0,78293.0
11,9,42,42,0,0,82,0.0,0.0,1.0,0.0,0.02,255,254,1.0,0.01,0.0,0.0,0.0,0.0,0,106981.0
49,9,822,330,0,1,1,0.0,0.0,1.0,0.0,0.0,212,137,0.65,0.06,0.0,0.01,0.01,0.0,0,94531.0
14,9,1032,0,0,0,22,0.0,0.0,1.0,0.0,0.0,255,22,0.09,0.02,0.0,0.0,0.0,0.0,1,5321.0
55,5,0,0,0,0,19,1.0,1.0,0.32,0.11,0.0,46,7,0.13,0.07,0.29,1.0,0.86,0.0,1,16885.0
45,1,0,0,0,0,90,0.01,0.0,0.01,1.0,0.0,215,1,0.0,0.45,0.0,0.0,0.0,1.0,1,105461.0
11,9,44,132,0,0,129,0.0,0.0,1.0,0.0,0.01,255,255,1.0,0.0,0.0,0.0,0.0,0.0,0,107995.0
22,9,298,2322,0,1,2,0.0,0.0,1.0,0.0,0.67,255,255,1.0,0.0,0.0,0.0,0.0,0.0,0,16462.0
3,5,0,0,0,0,206,1.0,1.0,0.05,0.06,0.0,255,11,0.04,0.07,0.0,1.0,1.0,0.0,1,118232.0
11,9,44,70,0,0,240,0.0,0.0,1.0,0.0,0.0,255,254,1.0,0.01,0.0,0.0,0.0,0.0,0,57554.0
45,5,0,0,0,0,191,1.0,1.0,0.02,0.06,0.0,255,13,0.05,0.07,0.0,1.0,1.0,0.0,1,25047.0
45,5,0,0,0,0,233,1.0,1.0,0.09,0.06,0.0,255,34,0.13,0.05,0.0,1.0,1.0,0.0,1,20060.0
0,4,740,9343,0,0,1,0.0,0.0,1.0,0.0,0.0,34,8,0.24,0.06,0.0,0.0,0.0,0.75,0,121403.0
22,1,0,0,0,0,250,0.0,0.0,0.02,0.07,0.0,255,4,0.02,0.07,0.0,0.0,0.0,1.0,1,31950.0
22,9,223,1432,0,1,27,0.0,0.0,1.0,0.0,0.07,100,255,1.0,0.0,0.05,0.0,0.0,0.0,0,79462.0
45,4,0,0,0,0,1,0.0,0.0,1.0,0.0,0.0,255,1,0.0,0.36,0.0,0.0,0.0,1.0,1,88249.0
55,5,0,0,0,0,28,1.0,1.0,0.29,0.07,0.0,255,8,0.03,0.07,0.0,1.0,1.0,0.0,1,100028.0
21,1,0,0,0,0,199,0.0,0.0,0.01,0.07,0.0,255,1,0.0,0.07,0.0,0.0,0.0,1.0,1,19547.0
22,9,271,2851,0,1,35,0.0,0.0,1.0,0.0,0.0,255,255,1.0,0.0,0.0,0.0,0.0,0.0,0,40101.0
7,5,0,0,0,0,42,1.0,1.0,0.21,0.12,0.0,255,9,0.04,0.08,0.0,1.0,1.0,0.0,1,15119.0
22,5,0,0,0,0,204,1.0,1.0,0.04,0.05,0.0,255,8,0.03,0.05,0.0,1.0,1.0,0.0,1,91970.0
22,9,270,1095,0,1,31,0.0,0.0,1.0,0.0,0.0,255,255,1.0,0.0,0.0,0.0,0.0,0.0,0,43113.0
18,5,0,0,0,0,209,1.0,1.0,0.1,0.07,0.0,255,21,0.08,0.06,0.0,1.0,1.0,0.0,1,34074.0
63,5,0,0,0,0,202,1.0,1.0,0.01,0.06,0.0,255,19,0.07,0.07,0.0,1.0,1.0,0.0,1,15058.0
45,1,0,0,0,0,201,0.0,0.0,0.09,0.06,0.0,255,19,0.07,0.07,0.0,0.0,0.0,1.0,1,17219.0
22,9,307,1215,0,1,10,0.0,0.0,1.0,0.0,0.17,51,255,1.0,0.0,0.02,0.0,0.0,0.0,0,98845.0
11,9,44,134,0,0,200,0.0,0.0,1.0,0.0,0.0,125,86,0.69,0.02,0.0,0.0,0.0,0.0,0,49681.0
22,9,240,1087,0,1,15,0.0,0.0,1.0,0.0,0.12,255,255,1.0,0.0,0.0,0.0,0.0,0.0,0,118774.0
13,9,8,0,0,0,1,0.0,0.0,1.0,0.0,1.0,3,80,1.0,0.0,0.26,0.0,0.0,0.0,1,42920.0
