duration,protocol_type,service,flag,src_bytes,dst_bytes,wrong_fragment,hot,logged_in,num_compromised,su_attempted,num_root,num_access_files,count,serror_rate,srv_serror_rate,rerror_rate,srv_rerror_rate,same_srv_rate,diff_srv_rate,srv_diff_host_rate,dst_host_count,dst_host_srv_count,dst_host_same_srv_rate,dst_host_diff_srv_rate,dst_host_same_src_port_rate,dst_host_srv_diff_host_rate,dst_host_serror_rate,dst_host_srv_serror_rate,dst_host_srv_rerror_rate,classe,posicaoOriginal
0,1,46,5,0,0,0,0,0,0,0,0,0,241,1.0,1.0,0.0,0.0,0.02,0.07,0.0,255,6,0.02,0.06,0.0,0.0,1.0,1.0,0.0,1,6851.0
0,2,11,9,44,154,0,0,0,0,0,0,0,70,0.0,0.0,0.0,0.0,1.0,0.0,0.01,255,255,1.0,0.0,0.0,0.0,0.0,0.0,0.0,0,105478.0
0,1,27,5,0,0,0,0,0,0,0,0,0,135,1.0,1.0,0.0,0.0,0.16,0.05,0.0,255,21,0.08,0.05,0.0,0.0,1.0,1.0,0.0,1,37554.0
0,1,60,5,0,0,0,0,0,0,0,0,0,240,1.0,1.0,0.0,0.0,0.05,0.06,0.0,255,12,0.05,0.07,0.0,0.0,1.0,1.0,0.0,1,87161.0
0,1,22,9,237,706,0,0,1,0,0,0,0,21,0.0,0.0,0.0,0.0,1.0,0.0,0.11,107,255,1.0,0.0,0.01,0.02,0.0,0.0,0.0,0,105046.0
0,0,13,9,8,0,0,0,0,0,0,0,0,1,0.0,0.0,0.0,0.0,1.0,0.0,1.0,4,128,1.0,0.0,1.0,0.25,0.0,0.0,0.0,1,38485.0
5,1,51,9,908,364,0,0,1,0,0,0,0,2,0.0,0.0,0.0,0.0,1.0,0.0,0.75,199,148,0.74,0.03,0.01,0.0,0.0,0.0,0.0,0,87498.0
0,1,19,9,19,0,0,0,1,0,0,0,0,1,0.0,0.0,0.0,0.0,1.0,0.0,0.0,73,102,0.74,0.05,0.74,0.03,0.0,0.0,0.0,0,80534.0
0,0,14,9,520,0,0,0,0,0,0,0,0,79,0.0,0.0,0.0,0.0,1.0,0.0,0.0,255,255,1.0,0.0,1.0,0.0,0.0,0.0,0.0,1,44251.0
0,1,53,1,0,0,0,0,0,0,0,0,0,117,0.0,0.0,1.0,1.0,0.06,0.08,0.0,255,7,0.03,0.07,0.0,0.0,0.0,0.0,1.0,1,94763.0
0,1,55,5,0,0,0,0,0,0,0,0,0,119,1.0,1.0,0.0,0.0,0.08,0.06,0.0,255,7,0.03,0.08,0.0,0.0,1.0,1.0,0.0,1,102566.0
0,1,19,5,0,0,0,0,0,0,0,0,0,66,1.0,1.0,0.0,0.0,0.21,0.06,0.0,255,54,0.21,0.02,0.02,0.0,1.0,1.0,0.0,1,112697.0
0,1,19,9,15377,0,0,0,1,0,0,0,0,4,0.0,0.0,0.0,0.0,1.0,0.0,0.33,255,92,0.36,0.02,0.36,0.0,0.0,0.0,0.0,0,75067.0
0,1,51,9,2512,329,0,0,1,0,0,0,0,1,0.0,0.0,0.0,0.0,1.0,0.0,0.0,255,132,0.52,0.01,0.0,0.0,0.0,0.0,0.0,0,29177.0
0,1,46,5,0,0,0,0,0,0,0,0,0,211,1.0,1.0,0.0,0.0,0.08,0.06,0.0,255,11,0.04,0.06,0.0,0.0,1.0,1.0,0.0,1,118112.0
0,1,10,5,0,0,0,0,0,0,0,0,0,287,1.0,1.0,0.0,0.0,0.06,0.06,0.0,255,10,0.04,0.09,0.0,0.0,1.0,1.0,0.0,1,765.0
0,1,19,9,95,0,0,0,1,0,0,0,0,4,0.0,0.0,0.0,0.0,1.0,0.0,0.0,255,10,0.04,0.07,0.04,0.0,0.9,0.0,0.0,0,78157.0
0,1,18,5,0,0,0,0,0,0,0,0,0,284,1.0,1.0,0.0,0.0,0.06,0.06,0.0,255,17,0.07,0.07,0.0,0.0,1.0,1.0,0.0,1,68857.0
0,1,22,9,223,4109,0,0,1,0,0,0,0,2,0.0,0.0,0.0,0.0,1.0,0.0,0.0,36,255,1.0,0.0,0.03,0.04,0.0,0.0,0.0,0,82287.0
0,1,22,9,222,6083,0,0,1,0,0,0,0,4,0.0,0.0,0.0,0.0,1.0,0.0,0.0,4,255,1.0,0.0,0.25,0.04,0.0,0.0,0.0,0,28513.0
0,0,13,9,8,0,0,0,0,0,0,0,0,1,0.0,0.0,0.0,0.0,1.0,0.0,1.0,2,44,1.0,0.0,1.0,0.5,0.0,0.0,0.0,1,15546.0
0,1,22,9,282,8936,0,0,1,0,0,0,0,2,0.0,0.0,0.0,0.0,1.0,0.0,0.0,5,255,1.0,0.0,0.2,0.05,0.0,0.0,0.0,0,87932.0
0,1,46,5,0,0,0,0,0,0,0,0,0,256,1.0,1.0,0.0,0.0,0.01,0.06,0.0,255,13,0.05,0.07,0.0,0.0,1.0,1.0,0.0,1,101174.0
0,1,22,1,0,0,0,0,0,0,0,0,0,1,0.0,0.0,1.0,1.0,1.0,0.0,1.0,38,29,0.76,0.05,0.03,0.0,0.0,0.0,1.0,0,99326.0
0,1,22,9,266,771,0,0,1,0,0,0,0,12,0.0,0.0,0.0,0.0,1.0,0.0,0.15,255,255,1.0,0.0,0.0,0.0,0.0,0.0,0.09,0,7074.0
0,2,11,9,88,0,0,0,0,0,0,0,0,1,0.0,0.0,0.0,0.0,1.0,0.0,0.0,113,68,0.6,0.03,0.6,0.0,0.0,0.0,0.0,0,12652.0
0,1,22,9,309,675,0,0,1,0,0,0,0,13,0.0,0.0,0.0,0.0,1.0,0.0,0.0,71,255,1.0,0.0,0.01,0.01,0.0,0.0,0.0,0,2825.0
0,2,11,9,43,70,0,0,0,0,0,0,0,150,0.0,0.0,0.0,0.0,1.0,0.0,0.0,255,254,1.0,0.01,0.0,0.0,0.0,0.0,0.0,0,27760.0
0,1,22,9,280,318,0,0,1,0,0,0,0,12,0.0,0.0,0.0,0.0,1.0,0.0,0.14,255,255,1.0,0.0,0.0,0.0,0.01,0.01,0.0,0,51060.0
0,2,11,9,88,0,0,0,0,0,0,0,0,1,0.0,0.0,0.0,0.0,1.0,0.0,1.0,5,3,0.6,0.6,0.6,0.0,0.0,0.0,0.0,0,67102.0
0,1,31,5,0,0,0,0,0,0,0,0,0,109,1.0,1.0,0.0,0.0,0.04,0.06,0.0,255,13,0.05,0.06,0.0,0.0,1.0,1.0,0.0,1,78628.0
0,1,22,9,256,412,0,0,1,0,0,0,0,19,0.0,0.0,0.0,0.0,1.0,0.0,0.06,255,255,1.0,0.0,0.01,0.0,0.0,0.0,0.0,0,99592.0
0,0,13,9,8,0,0,0,0,0,0,0,0,1,0.0,0.0,0.0,0.0,1.0,0.0,1.0,4,61,1.0,0.0,1.0,0.26,0.0,0.0,0.0,1,125136.0
0,1,3,5,0,0,0,0,0,0,0,0,0,194,1.0,1.0,0.0,0.0,0.01,0.05,0.0,255,1,0.0,0.05,0.0,0.0,1.0,1.0,0.0,1,74615.0
0,1,22,9,193,1565,0,0,1,0,0,0,0,1,0.0,0.0,0.0,0.0,1.0,0.0,0.0,183,183,1.0,0.0,0.01,0.0,0.01,0.01,0.01,0,82293.0
0,1,22,9,227,456,0,0,1,0,0,0,0,5,0.0,0.0,0.0,0.0,1.0,0.0,0.0,149,255,1.0,0.0,0.01,0.05,0.0,0.0,0.01,0,75778.0
0,1,46,5,0,0,0,0,0,0,0,0,0,138,1.0,1.0,0.0,0.0,0.14,0.06,0.0,42,12,0.29,0.12,0.02,0.0,1.0,1.0,0.0,1,91215.0
1,1,17,9,6,1405,0,0,0,0,0,0,0,8,0.0,0.0,0.0,0.0,0.25,0.62,0.0,152,4,0.03,0.06,0.01,0.0,0.01,0.0,0.0,0,20635.0
0,1,22,9,171,6909,0,0,1,0,0,0,0,1,0.0,0.0,0.0,0.0,1.0,0.0,0.6,9,255,1.0,0.0,0.11,0.02,0.0,0.0,0.0,0,91514.0
0,1,46,1,0,0,0,0,0,0,0,0,0,1,0.0,0.0,1.0,1.0,1.0,0.0,0.0,26,2,0.04,1.0,0.04,1.0,0.0,0.0,1.0,1,22354.0
0,1,51,9,1061,326,0,0,1,0,0,0,0,1,0.0,0.0,0.0,0.0,1.0,0.0,0.0,77,241,0.97,0.03,0.01,0.01,0.0,0.0,0.0,0,119991.0
5,1,51,9,1296,330,0,0,1,0,0,0,0,1,0.0,0.0,0.0,0.0,1.0,0.0,0.0,109,243,0.96,0.02,0.01,0.01,0.0,0.0,0.0,0,31786.0
0,1,9,2,0,0,0,0,0,0,0,0,0,276,0.0,0.0,1.0,1.0,0.05,0.06,0.0,255,14,0.05,0.07,0.0,0.0,0.0,0.0,1.0,1,53554.0
0,2,46,9,215,0,0,0,0,0,0,0,0,1,0.0,0.0,0.0,0.0,1.0,0.0,0.0,13,13,1.0,0.0,1.0,0.0,0.0,0.0,0.0,1,92381.0
0,1,46,4,0,0,0,0,0,0,0,0,0,1,0.0,0.0,1.0,1.0,1.0,0.0,0.0,255,1,0.0,0.29,0.28,0.0,0.0,0.0,1.0,1,82658.0
0,0,14,9,1032,0,0,0,0,0,0,0,0,424,0.0,0.0,0.0,0.0,1.0,0.0,0.0,255,255,1.0,0.0,1.0,0.0,0.0,0.0,0.0,1,79128.0
0,0,14,9,1032,0,0,0,0,0,0,0,0,23,0.0,0.0,0.0,0.0,1.0,0.0,0.0,255,255,1.0,0.0,1.0,0.0,0.0,0.0,0.0,1,43800.0
0,1,32,1,0,0,0,0,0,0,0,0,0,244,0.0,0.0,1.0,1.0,0.07,0.07,0.0,255,17,0.07,0.07,0.0,0.0,0.0,0.0,1.0,1,124782.0
0,1,22,9,317,646,0,0,1,0,0,0,0,17,0.0,0.0,0.0,0.0,1.0,0.0,0.0,69,255,1.0,0.0,0.01,0.04,0.0,0.0,0.0,0,117721.0
0,2,41,9,516,4,0,0,0,0,0,0,0,272,0.0,0.0,0.0,0.0,1.0,0.0,0.0,255,255,1.0,0.0,1.0,0.0,0.0,0.0,0.0,0,59643.0
0,1,46,5,0,0,0,0,0,0,0,0,0,140,1.0,1.0,0.0,0.0,0.14,0.06,0.0,255,19,0.07,0.05,0.0,0.0,1.0,1.0,0.0,1,44911.0
0,1,46,5,0,0,0,0,0,0,0,0,0,278,1.0,1.0,0.0,0.0,0.06,0.05,0.0,255,15,0.06,0.06,0.0,0.0,1.0,1.0,0.0,1,106511.0
19,2,11,9,42,42,0,0,0,0,0,0,0,4,0.0,0.0,0.0,0.0,1.0,0.0,0.0,255,242,0.95,0.01,0.0,0.0,0.0,0.0,0.0,0,20318.0
2470,2,41,9,147,105,0,0,0,0,0,0,0,1,0.0,0.0,0.0,0.0,1.0,0.0,0.0,255,1,0.0,0.9,1.0,0.0,0.0,0.0,0.0,0,60899.0
0,1,46,1,0,0,0,0,0,0,0,0,0,142,0.0,0.0,1.0,1.0,0.11,0.08,0.0,255,15,0.06,0.07,0.0,0.0,0.0,0.0,1.0,1,51237.0
5056,1,19,9,5135678,0,0,5,1,0,0,0,0,1,0.0,0.0,0.0,0.0,1.0,0.0,0.0,5,40,1.0,0.0,1.0,0.15,0.0,0.03,0.0,0,73038.0
0,1,22,9,228,2945,0,0,1,0,0,0,0,11,0.0,0.0,0.0,0.0,1.0,0.0,0.33,255,255,1.0,0.0,0.0,0.0,0.0,0.0,0.0,0,43424.0
0,1,22,9,237,788,0,0,1,0,0,0,0,18,0.0,0.0,0.0,0.0,1.0,0.0,0.11,18,255,1.0,0.0,0.06,0.03,0.0,0.0,0.0,0,93890.0
0,1,22,9,342,255,0,0,1,0,0,0,0,15,0.0,0.0,0.0,0.0,1.0,0.0,0.0,255,255,1.0,0.0,0.0,0.0,0.0,0.0,0.0,0,44286.0
0,1,51,5,0,0,0,0,0,0,0,0,0,7,1.0,0.78,0.0,0.0,1.0,0.0,0.33,149,132,0.45,0.01,0.01,0.02,0.99,0.51,0.0,1,63428.0
0,1,22,9,302,1366,0,0,1,0,0,0,0,4,0.0,0.0,0.0,0.0,1.0,0.0,0.0,42,255,1.0,0.0,0.02,0.03,0.0,0.0,0.0,0,110699.0
0,1,22,9,211,481,0,0,1,0,0,0,0,1,0.0,0.0,0.0,0.0,1.0,0.0,0.0,70,255,1.0,0.0,0.01,0.03,0.0,0.0,0.0,0,120197.0
0,1,46,5,0,0,0,0,0,0,0,0,0,232,1.0,1.0,0.0,0.0,0.06,0.06,0.0,255,13,0.05,0.08,0.0,0.0,1.0,1.0,0.0,1,26578.0
0,1,22,9,293,283,0,0,1,0,0,0,0,14,0.0,0.0,0.0,0.0,1.0,0.0,0.22,16,255,1.0,0.0,0.06,0.02,0.0,0.02,0.03,0,25989.0
0,0,14,9,1032,0,0,0,0,0,0,0,0,511,0.0,0.0,0.0,0.0,1.0,0.0,0.0,255,41,0.16,0.04,0.16,0.0,0.26,0.0,0.0,1,35728.0
1,1,46,4,0,0,0,0,0,0,0,0,0,69,0.0,0.0,1.0,1.0,0.03,0.54,0.0,239,2,0.01,0.16,0.29,0.0,0.01,0.0,1.0,1,9539.0
0,1,22,9,280,318,0,0,1,0,0,0,0,17,0.0,0.0,0.0,0.0,1.0,0.0,0.18,255,255,1.0,0.0,0.0,0.0,0.0,0.0,0.0,0,67209.0
1,1,46,3,0,0,0,0,0,0,0,0,0,78,0.78,0.67,0.22,0.33,0.04,0.37,0.0,255,3,0.01,0.11,0.31,0.0,0.24,0.67,0.33,1,51798.0
0,0,14,9,1032,0,0,0,0,0,0,0,0,509,0.0,0.0,0.0,0.0,1.0,0.0,0.0,255,82,0.32,0.04,0.32,0.0,0.1,0.0,0.0,1,44424.0
0,1,22,9,159,337,0,0,1,0,0,0,0,14,0.0,0.0,0.0,0.0,1.0,0.0,0.13,255,255,1.0,0.0,0.0,0.0,0.0,0.0,0.0,0,59234.0
0,1,2,5,0,0,0,0,0,0,0,0,0,201,1.0,1.0,0.0,0.0,0.0,0.06,0.0,255,2,0.01,0.07,0.0,0.0,1.0,1.0,0.0,1,9301.0
0,1,22,9,309,6086,0,0,1,0,0,0,0,5,0.0,0.0,0.2,0.17,1.0,0.0,0.33,255,255,1.0,0.0,0.0,0.0,0.0,0.0,0.01,0,96865.0
0,1,63,5,0,0,0,0,0,0,0,0,0,70,1.0,1.0,0.0,0.0,0.27,0.06,0.0,255,19,0.07,0.04,0.0,0.0,1.0,1.0,0.0,1,41993.0
0,1,39,5,0,0,0,0,0,0,0,0,0,202,1.0,1.0,0.0,0.0,0.01,0.06,0.0,255,12,0.05,0.07,0.0,0.0,1.0,1.0,0.0,1,68673.0
0,1,20,5,0,0,0,0,0,0,0,0,0,38,1.0,1.0,0.0,0.0,0.21,0.13,0.0,255,8,0.03,0.08,0.0,0.0,1.0,1.0,0.0,1,71898.0
0,1,22,9,206,891,0,0,1,0,0,0,0,10,0.0,0.0,0.0,0.0,1.0,0.0,0.14,209,255,1.0,0.0,0.0,0.02,0.0,0.0,0.0,0,53181.0
0,1,46,5,0,0,0,0,0,0,0,0,0,251,1.0,1.0,0.0,0.0,0.02,0.06,0.0,255,6,0.02,0.07,0.0,0.0,1.0,1.0,0.0,1,105030.0
0,1,10,5,0,0,0,0,0,0,0,0,0,296,1.0,1.0,0.0,0.0,0.04,0.05,0.0,255,12,0.05,0.07,0.0,0.0,1.0,1.0,0.0,1,14438.0
0,1,22,9,221,321,0,0,1,0,0,0,0,8,0.0,0.0,0.0,0.0,1.0,0.0,0.0,255,255,1.0,0.0,0.0,0.0,0.0,0.0,0.0,0,48049.0
0,1,22,1,0,0,0,0,0,0,0,0,0,1,0.0,0.0,1.0,1.0,1.0,0.0,0.0,47,255,1.0,0.0,0.02,0.13,0.0,0.0,0.67,0,60942.0
0,1,57,5,0,0,0,0,0,0,0,0,0,88,1.0,1.0,0.0,0.0,0.2,0.05,0.0,255,12,0.05,0.06,0.0,0.0,1.0,1.0,0.0,1,114611.0
0,1,22,9,317,7523,0,0,1,0,0,0,0,10,0.0,0.0,0.0,0.0,1.0,0.0,0.14,255,255,1.0,0.0,0.0,0.0,0.0,0.0,0.0,0,56595.0
0,1,19,6,11680,0,0,0,0,0,0,0,0,7,0.14,0.33,0.0,0.0,0.43,0.71,0.0,183,66,0.32,0.06,0.34,0.03,0.01,0.02,0.0,0,65936.0
0,1,46,4,0,0,0,0,0,0,0,0,0,1,0.0,0.0,1.0,1.0,1.0,0.0,0.0,253,1,0.0,0.61,0.61,0.0,0.0,0.0,1.0,1,53399.0
0,1,41,1,0,0,0,0,0,0,0,0,0,511,0.21,0.0,0.79,1.0,0.0,1.0,0.0,255,1,0.0,1.0,0.0,0.0,0.21,0.0,1.0,1,59299.0
0,2,46,9,215,0,0,0,0,0,0,0,0,1,0.0,0.0,0.0,0.0,1.0,0.0,0.0,137,113,0.82,0.01,0.82,0.0,0.0,0.0,0.0,1,78258.0
0,1,22,9,208,81172,0,0,1,0,0,0,0,4,0.0,0.0,0.0,0.0,1.0,0.0,0.0,4,255,1.0,0.0,0.25,0.05,0.0,0.0,0.0,0,64579.0
0,0,13,9,8,0,0,0,0,0,0,0,0,1,0.0,0.0,0.0,0.0,1.0,0.0,0.0,2,80,1.0,0.0,1.0,0.5,0.0,0.0,0.0,1,63516.0
0,1,46,1,0,0,0,0,0,0,0,0,0,108,0.0,0.0,1.0,1.0,0.08,0.06,0.0,9,9,1.0,0.0,0.11,0.0,0.0,0.0,1.0,1,98571.0
0,1,46,5,0,0,0,0,0,0,0,0,0,143,1.0,1.0,0.0,0.0,0.06,0.06,0.0,255,8,0.03,0.05,0.0,0.0,1.0,1.0,0.0,1,54596.0
0,1,22,9,265,1125,0,0,1,0,0,0,0,4,0.0,0.0,0.0,0.0,1.0,0.0,0.0,115,255,1.0,0.0,0.01,0.02,0.0,0.0,0.0,0,30480.0
0,1,6,5,0,0,0,0,0,0,0,0,0,127,0.99,1.0,0.0,0.0,0.07,0.09,0.0,255,9,0.04,0.07,0.0,0.0,1.0,1.0,0.0,1,104520.0
0,1,46,1,0,0,0,0,0,0,0,0,0,471,0.06,0.0,0.93,1.0,0.0,1.0,0.0,255,1,0.0,1.0,0.0,0.0,0.1,0.0,1.0,1,21162.0
0,1,22,1,0,0,0,0,0,0,0,0,0,2,0.0,0.0,1.0,1.0,1.0,0.0,0.0,32,255,1.0,0.0,0.03,0.13,0.0,0.0,0.98,0,81018.0
0,1,22,9,318,259,0,0,1,0,0,0,0,3,0.0,0.0,0.0,0.0,1.0,0.0,0.0,25,255,1.0,0.0,0.04,0.02,0.0,0.0,0.0,0,100381.0
0,2,46,9,1,0,0,0,0,0,0,0,0,128,0.0,0.0,0.0,0.0,0.92,0.02,0.0,255,186,0.73,0.04,1.0,0.0,0.0,0.0,0.0,1,49837.0
0,0,14,9,1032,0,0,0,0,0,0,0,0,264,0.0,0.0,0.0,0.0,1.0,0.0,0.0,255,255,1.0,0.0,1.0,0.0,0.0,0.0,0.0,1,63573.0
0,1,41,1,0,0,0,0,0,0,0,0,0,434,0.08,0.0,0.91,1.0,0.0,1.0,0.0,255,1,0.0,1.0,0.0,0.0,0.06,0.0,1.0,1,43155.0
0,1,22,9,234,4797,0,0,1,0,0,0,0,6,0.0,0.0,0.0,0.0,1.0,0.0,0.0,58,255,1.0,0.0,0.02,0.05,0.0,0.0,0.0,0,54577.0
0,1,19,1,0,0,0,0,0,0,0,0,0,472,0.07,0.0,0.9,1.0,0.04,0.96,0.0,255,16,0.06,0.94,0.0,0.0,0.08,0.0,1.0,1,31322.0
0,1,22,9,218,1137,0,0,1,0,0,0,0,22,0.0,0.0,0.0,0.0,1.0,0.0,0.12,102,255,1.0,0.0,0.01,0.01,0.0,0.0,0.0,0,80642.0
0,2,11,9,45,45,0,0,0,0,0,0,0,124,0.0,0.0,0.0,0.0,1.0,0.0,0.01,255,255,1.0,0.0,0.01,0.0,0.0,0.0,0.0,0,38271.0
0,1,22,9,321,6600,0,0,1,0,0,0,0,9,0.0,0.0,0.0,0.0,1.0,0.0,0.0,84,255,1.0,0.0,0.01,0.03,0.0,0.0,0.0,0,80814.0
0,2,11,9,44,131,0,0,0,0,0,0,0,74,0.0,0.0,0.0,0.0,1.0,0.0,0.01,255,202,0.79,0.01,0.0,0.0,0.0,0.0,0.0,0,107559.0
0,1,22,9,312,1359,0,0,1,0,0,0,0,14,0.0,0.0,0.0,0.0,1.0,0.0,0.0,31,255,1.0,0.0,0.03,0.02,0.0,0.0,0.0,0,77887.0
0,0,14,9,520,0,0,0,0,0,0,0,0,481,0.0,0.0,0.0,0.0,1.0,0.0,0.0,113,113,1.0,0.0,1.0,0.0,0.0,0.0,0.0,1,99126.0
0,1,22,1,0,0,0,0,0,0,0,0,0,1,0.0,0.0,1.0,1.0,1.0,0.0,0.0,33,255,1.0,0.0,0.03,0.2,0.0,0.0,1.0,0,88392.0
0,1,22,9,154,10873,0,0,1,0,0,0,0,4,0.0,0.0,0.0,0.0,1.0,0.0,0.0,255,255,1.0,0.0,0.0,0.0,0.0,0.0,0.0,0,110748.0
0,1,22,9,289,824,0,0,1,0,0,0,0,8,0.0,0.0,0.0,0.0,1.0,0.0,0.22,22,255,1.0,0.0,0.05,0.01,0.0,0.0,0.0,0,124487.0
0,1,22,9,219,2097,0,0,1,0,0,0,0,2,0.0,0.0,0.0,0.0,1.0,0.0,0.67,2,255,1.0,0.0,0.5,0.07,0.0,0.0,0.0,0,3901.0
0,1,32,5,0,0,0,0,0,0,0,0,0,211,1.0,1.0,0.0,0.0,0.06,0.06,0.0,255,12,0.05,0.07,0.0,0.0,1.0,1.0,0.0,1,70545.0
0,1,22,9,224,608,0,0,1,0,0,0,0,41,0.0,0.0,0.0,0.0,1.0,0.0,0.03,255,255,1.0,0.0,0.0,0.0,0.0,0.0,0.0,0,46268.0
0,1,19,9,167,0,0,0,0,0,0,0,0,2,0.0,0.0,0.0,0.0,1.0,0.0,0.0,84,21,0.25,0.07,0.25,0.0,0.02,0.0,0.0,0,24254.0
0,1,22,5,0,0,0,0,0,0,0,0,0,111,1.0,1.0,0.0,0.0,0.02,0.06,0.0,255,16,0.06,0.07,0.0,0.0,1.0,1.0,0.0,1,2557.0
0,1,46,5,0,0,0,0,0,0,0,0,0,206,1.0,1.0,0.0,0.0,0.07,0.06,0.0,255,17,0.07,0.06,0.0,0.0,1.0,1.0,0.0,1,36199.0
0,1,2,1,0,0,0,0,0,0,0,0,0,109,0.0,0.0,1.0,1.0,0.08,0.06,0.0,255,9,0.04,0.07,0.0,0.0,0.0,0.0,1.0,1,102757.0
0,1,41,9,10261,0,0,0,1,0,0,0,0,12,0.0,0.0,0.0,0.0,0.08,0.67,0.0,135,1,0.01,0.07,0.44,0.0,0.0,0.0,0.0,0,6285.0
0,2,11,9,45,77,0,0,0,0,0,0,0,141,0.0,0.0,0.0,0.0,1.0,0.0,0.0,255,255,1.0,0.0,0.0,0.0,0.0,0.0,0.0,0,93447.0
0,1,9,5,0,0,0,0,0,0,0,0,0,264,1.0,1.0,0.0,0.0,0.06,0.06,0.0,255,15,0.06,0.07,0.0,0.0,1.0,1.0,0.0,1,7581.0
0,2,11,9,45,114,0,0,0,0,0,0,0,1,0.0,0.0,0.0,0.0,1.0,0.0,0.8,255,237,0.93,0.01,0.03,0.0,0.0,0.0,0.0,0,99427.0
0,2,46,9,28,0,3,0,0,0,0,0,0,52,0.0,0.0,0.0,0.0,1.0,0.0,0.0,255,19,0.07,0.01,0.07,0.0,0.0,0.0,0.0,1,125333.0
0,1,22,9,336,2431,0,0,1,0,0,0,0,2,0.0,0.0,0.0,0.0,1.0,0.0,0.0,114,255,1.0,0.0,0.01,0.02,0.0,0.0,0.0,0,86686.0
0,1,41,1,0,0,0,0,0,0,0,0,0,510,0.04,0.0,0.96,1.0,0.0,1.0,0.0,255,1,0.0,1.0,0.0,0.0,0.05,0.0,1.0,1,50044.0
28,2,11,9,46,46,0,0,0,0,0,0,0,6,0.0,0.0,0.0,0.0,0.17,0.33,0.25,103,100,0.97,0.02,0.01,0.0,0.0,0.0,0.0,0,54992.0
0,1,22,9,315,369,0,0,1,0,0,0,0,13,0.0,0.0,0.0,0.0,1.0,0.0,0.14,255,255,1.0,0.0,0.0,0.0,0.0,0.0,0.0,0,32712.0
0,1,22,9,321,283,0,0,1,0,0,0,0,8,0.0,0.0,0.0,0.0,1.0,0.0,0.0,255,255,1.0,0.0,0.0,0.0,0.0,0.0,0.0,0,61715.0
0,1,27,5,0,0,0,0,0,0,0,0,0,137,1.0,1.0,0.0,0.0,0.12,0.06,0.0,255,16,0.06,0.06,0.0,0.0,1.0,1.0,0.0,1,7891.0
0,2,46,9,28,0,3,0,0,0,0,0,0,93,0.0,0.0,0.0,0.0,1.0,0.0,0.0,255,60,0.24,0.01,0.24,0.0,0.0,0.0,0.0,1,96603.0
15,1,51,9,1799,334,0,0,1,0,0,0,0,2,0.0,0.0,0.0,0.0,0.5,1.0,0.0,31,98,0.13,0.13,0.03,0.02,0.0,0.0,0.0,0,56442.0
0,1,22,9,318,762,0,0,1,0,0,0,0,17,0.0,0.0,0.0,0.0,1.0,0.0,0.0,255,255,1.0,0.0,0.0,0.0,0.0,0.0,0.0,0,17642.0
0,1,41,9,4763,0,0,0,1,0,0,0,0,10,0.1,0.0,0.0,0.0,0.1,0.8,0.0,104,1,0.01,0.11,0.44,0.0,0.01,0.0,0.0,0,104196.0
0,1,46,1,0,0,0,0,0,0,0,0,0,138,0.0,0.0,1.0,1.0,0.07,0.06,0.0,255,3,0.01,0.07,0.0,0.0,0.0,0.0,1.0,1,21428.0
0,1,46,1,0,0,0,0,0,0,0,0,0,304,0.1,0.0,0.89,1.0,0.0,1.0,0.0,255,1,0.0,1.0,0.0,0.0,0.09,0.0,1.0,1,64012.0
0,1,3,9,14,39,0,0,1,0,0,0,0,1,0.0,0.95,0.0,0.0,1.0,0.0,0.1,2,3,0.5,1.0,0.5,0.67,0.0,0.0,0.0,0,112852.0
0,0,13,9,8,0,0,0,0,0,0,0,0,1,0.0,0.0,0.0,0.0,1.0,0.0,1.0,2,80,1.0,0.0,1.0,0.5,0.0,0.0,0.0,1,94073.0
0,1,41,1,0,0,0,0,0,0,0,0,0,511,0.23,0.0,0.77,1.0,0.0,1.0,0.0,255,1,0.0,1.0,0.0,0.0,0.18,0.0,1.0,1,39936.0
0,1,22,9,223,1548,0,0,1,0,0,0,0,2,0.0,0.0,0.0,0.0,1.0,0.0,0.0,11,255,1.0,0.0,0.09,0.05,0.0,0.0,0.0,0,124133.0
0,1,46,5,0,0,0,0,0,0,0,0,0,183,0.85,1.0,0.0,0.0,0.09,0.05,0.0,255,4,0.02,0.06,0.0,0.0,1.0,1.0,0.0,1,33061.0
0,1,22,9,300,476,0,0,1,0,0,0,0,11,0.0,0.0,0.0,0.0,1.0,0.0,0.0,11,255,1.0,0.0,0.09,0.06,0.0,0.0,0.0,0,9638.0
0,1,22,9,245,3631,0,0,1,0,0,0,0,3,0.0,0.5,0.0,0.0,1.0,0.0,0.33,42,255,1.0,0.0,0.02,0.03,0.0,0.01,0.0,0,124804.0
0,1,32,5,0,0,0,0,0,0,0,0,0,250,1.0,1.0,0.0,0.0,0.02,0.06,0.0,255,17,0.07,0.07,0.0,0.0,1.0,1.0,0.0,1,77421.0
0,1,17,5,0,0,0,0,0,0,0,0,0,278,1.0,1.0,0.0,0.0,0.04,0.06,0.0,255,10,0.04,0.07,0.0,0.0,1.0,1.0,0.0,1,8398.0
0,1,38,5,0,0,0,0,0,0,0,0,0,128,1.0,1.0,0.0,0.0,0.12,0.05,0.0,255,5,0.02,0.07,0.0,0.0,1.0,1.0,0.0,1,59375.0
0,1,22,1,0,0,0,0,0,0,0,0,0,1,0.0,0.0,1.0,1.0,1.0,0.0,0.0,1,255,1.0,0.0,1.0,0.06,0.0,0.0,0.62,0,18102.0
0,2,11,9,45,133,0,0,0,0,0,0,0,69,0.0,0.0,0.0,0.0,1.0,0.0,0.01,255,255,1.0,0.0,0.0,0.0,0.0,0.0,0.0,0,107370.0
0,0,13,9,8,0,0,0,0,0,0,0,0,1,0.0,0.0,0.0,0.0,1.0,0.0,1.0,2,38,1.0,0.0,1.0,0.5,0.0,0.0,0.0,1,64976.0
0,1,22,9,223,273,0,0,1,0,0,0,0,4,0.0,0.22,0.0,0.0,1.0,0.0,0.33,75,255,1.0,0.0,0.01,0.07,0.0,0.0,0.0,0,38325.0
0,1,22,9,270,7033,0,0,1,0,0,0,0,2,0.0,0.0,0.0,0.0,1.0,0.0,0.0,39,255,1.0,0.0,0.03,0.05,0.0,0.0,0.0,0,122823.0
0,1,19,9,95,0,0,0,1,0,0,0,0,1,0.0,0.0,0.0,0.0,1.0,0.0,0.0,127,93,0.24,0.03,0.24,0.02,0.0,0.0,0.0,0,105490.0
0,2,11,9,44,75,0,0,0,0,0,0,0,254,0.0,0.0,0.0,0.0,1.0,0.01,0.01,255,242,0.95,0.01,0.0,0.0,0.0,0.0,0.0,0,104156.0
0,1,46,5,0,0,0,0,0,0,0,0,0,285,1.0,1.0,0.0,0.0,0.06,0.06,0.0,255,1,0.0,0.06,0.0,0.0,1.0,1.0,0.0,1,11671.0
0,1,46,1,0,0,0,0,0,0,0,0,0,96,0.0,0.0,1.0,1.0,0.04,0.08,0.0,255,4,0.02,0.06,0.0,0.0,0.0,0.0,1.0,1,67450.0
0,1,19,9,192,0,0,0,0,0,0,0,0,2,0.0,0.0,0.0,0.0,1.0,0.0,0.0,152,27,0.18,0.03,0.18,0.0,0.0,0.0,0.0,0,36456.0
0,1,51,9,2209,454,0,0,1,0,0,0,0,1,0.0,0.0,0.0,0.0,1.0,0.0,1.0,115,214,0.85,0.03,0.01,0.01,0.0,0.0,0.0,0,65193.0
0,1,51,9,1935,589,0,0,1,0,0,0,0,1,0.0,0.0,0.0,0.0,1.0,0.0,0.0,255,45,0.18,0.06,0.0,0.0,0.68,0.0,0.02,0,115483.0
0,1,46,1,0,0,0,0,0,0,0,0,0,346,0.0,0.0,1.0,1.0,0.0,0.52,0.0,255,1,0.0,0.52,1.0,0.0,0.0,0.0,1.0,1,19757.0
0,1,22,9,226,5357,0,0,1,0,0,0,0,2,0.0,0.0,0.0,0.33,1.0,0.0,0.67,239,214,0.9,0.02,0.0,0.0,0.03,0.0,0.02,0,123412.0
0,2,11,9,36,0,0,0,0,0,0,0,0,6,0.0,0.0,0.0,0.0,1.0,0.0,0.0,58,208,1.0,0.0,1.0,0.01,0.0,0.0,0.0,0,63839.0
0,1,57,5,0,0,0,0,0,0,0,0,0,28,1.0,1.0,0.0,0.0,0.21,0.14,0.0,255,46,0.18,0.04,0.01,0.0,1.0,1.0,0.0,1,40330.0
0,1,49,1,0,0,0,0,0,0,0,0,0,205,0.0,0.0,1.0,1.0,0.01,0.07,0.0,255,3,0.01,0.09,0.0,0.0,0.0,0.0,1.0,1,44463.0
10127,1,18,9,998,2191,0,5,1,0,0,0,0,1,0.0,0.0,0.0,0.0,1.0,0.0,0.0,255,6,0.02,0.02,0.0,0.0,0.2,0.0,0.0,1,119436.0
0,0,13,9,18,0,0,0,0,0,0,0,0,1,0.0,0.0,0.0,0.0,1.0,0.0,0.0,1,157,1.0,0.0,1.0,0.25,0.0,0.0,0.0,1,33842.0
0,1,19,5,0,0,0,0,0,0,0,0,0,291,1.0,1.0,0.0,0.0,0.06,0.06,0.0,255,4,0.02,0.09,0.0,0.0,1.0,1.0,0.0,1,7734.0
0,1,63,2,0,0,0,0,0,0,0,0,0,121,0.0,0.0,1.0,1.0,0.14,0.07,0.0,255,17,0.07,0.06,0.0,0.0,0.0,0.0,1.0,1,62975.0
0,1,19,9,1376,0,0,0,1,0,0,0,0,4,0.0,0.0,0.0,0.0,1.0,0.0,0.0,255,40,0.16,0.02,0.16,0.0,0.0,0.0,0.0,0,88347.0
2,1,51,9,1086,339,0,0,1,0,0,0,0,1,0.0,0.0,0.0,0.0,1.0,0.0,0.0,205,143,0.7,0.04,0.0,0.0,0.01,0.01,0.0,0,60709.0
0,1,22,9,285,5790,0,0,1,0,0,0,0,20,0.0,0.0,0.0,0.0,1.0,0.0,0.11,182,255,1.0,0.0,0.01,0.01,0.0,0.0,0.0,0,4138.0
0,1,22,9,235,6515,0,0,1,0,0,0,0,3,0.0,0.0,0.0,0.0,1.0,0.0,0.08,255,255,1.0,0.0,0.01,0.0,0.0,0.0,0.0,0,81487.0
5,1,51,9,826,329,0,0,1,0,0,0,0,1,0.0,0.0,0.0,0.0,1.0,0.0,1.0,100,122,0.76,0.03,0.01,0.02,0.0,0.0,0.0,0,11877.0
0,1,46,5,0,0,0,0,0,0,0,0,0,297,1.0,1.0,0.0,0.0,0.03,0.06,0.0,255,8,0.03,0.07,0.0,0.0,1.0,1.0,0.0,1,72446.0
0,1,19,9,383,0,0,0,1,0,0,0,0,3,0.0,0.0,0.0,0.0,0.67,0.67,0.67,18,70,0.17,0.22,0.17,0.03,0.0,0.01,0.0,0,45633.0
0,1,22,9,233,17905,0,0,1,0,0,0,0,16,0.0,0.0,0.0,0.0,1.0,0.0,0.0,76,255,1.0,0.0,0.01,0.01,0.0,0.0,0.0,0,55601.0
0,1,22,9,205,655,0,0,1,0,0,0,0,13,0.0,0.0,0.0,0.0,1.0,0.0,0.14,255,255,1.0,0.0,0.0,0.0,0.0,0.0,0.0,0,57076.0
0,1,22,9,347,1713,0,0,1,0,0,0,0,1,0.0,0.0,0.0,0.0,1.0,0.0,0.0,255,255,1.0,0.0,0.0,0.0,0.0,0.0,0.0,0,68305.0
0,1,46,1,0,0,0,0,0,0,0,0,0,149,0.0,0.0,1.0,1.0,0.03,0.06,0.0,255,2,0.01,0.07,0.0,0.0,0.0,0.0,1.0,1,47216.0
0,2,11,9,43,69,0,0,0,0,0,0,0,178,0.0,0.0,0.0,0.0,1.0,0.0,0.0,255,204,0.8,0.01,0.0,0.0,0.0,0.0,0.0,0,55260.0
0,1,46,5,0,0,0,0,0,0,0,0,0,115,1.0,1.0,0.0,0.0,0.15,0.05,0.0,255,16,0.06,0.07,0.0,0.0,1.0,1.0,0.0,1,109051.0
0,1,19,5,0,0,0,0,0,0,0,0,0,26,1.0,1.0,0.0,0.0,0.23,0.08,0.0,28,52,0.21,0.11,0.07,0.04,0.93,0.12,0.0,1,14684.0
0,1,46,5,0,0,0,0,0,0,0,0,0,67,1.0,1.0,0.0,0.0,0.07,0.06,0.0,255,5,0.02,0.05,0.0,0.0,1.0,1.0,0.0,1,20027.0
0,1,31,5,0,0,0,0,0,0,0,0,0,131,1.0,1.0,0.0,0.0,0.02,0.06,0.0,255,13,0.05,0.07,0.0,0.0,1.0,1.0,0.0,1,78503.0
0,1,22,9,266,499,0,0,1,0,0,0,0,1,0.0,0.0,0.0,0.0,1.0,0.0,0.67,12,255,1.0,0.0,0.08,0.04,0.08,0.0,0.0,0,1252.0
0,1,41,1,0,0,0,0,0,0,0,0,0,331,0.09,0.0,0.9,1.0,0.0,1.0,0.0,255,1,0.0,1.0,0.0,0.0,0.09,0.0,1.0,1,67525.0
0,0,14,9,1032,0,0,0,0,0,0,0,0,511,0.0,0.0,0.0,0.0,1.0,0.0,0.0,255,159,0.62,0.02,0.62,0.0,0.0,0.0,0.0,1,113623.0
0,1,22,9,308,1075,0,0,1,0,0,0,0,5,0.0,0.0,0.0,0.0,1.0,0.0,0.0,255,234,0.92,0.01,0.0,0.0,0.01,0.01,0.0,0,60137.0
0,0,13,9,8,0,0,0,0,0,0,0,0,1,0.0,0.0,0.0,0.0,1.0,0.0,1.0,2,25,1.0,0.0,1.0,0.52,0.0,0.0,0.0,1,56245.0
0,1,22,9,209,717,0,0,1,0,0,0,0,2,0.0,0.0,0.0,0.0,1.0,0.0,0.0,20,255,1.0,0.0,0.05,0.04,0.0,0.0,0.0,0,84660.0
6,1,51,9,1998,331,0,0,1,0,0,0,0,1,0.0,0.0,0.0,0.0,1.0,0.0,0.0,172,145,0.53,0.03,0.01,0.01,0.0,0.0,0.0,0,56824.0
0,1,21,5,0,0,0,0,0,0,0,0,0,146,1.0,1.0,0.0,0.0,0.12,0.05,0.0,255,12,0.05,0.06,0.0,0.0,1.0,1.0,0.0,1,114057.0
0,1,22,9,189,687,0,0,1,0,0,0,0,12,0.0,0.0,0.0,0.0,1.0,0.0,0.0,12,255,1.0,0.0,0.08,0.02,0.0,0.0,0.0,0,67864.0
0,1,22,9,186,1089,0,0,1,0,0,0,0,5,0.0,0.0,0.0,0.0,1.0,0.0,0.0,45,255,1.0,0.0,0.02,0.06,0.0,0.0,0.0,0,28882.0
0,1,22,9,212,1833,0,0,1,0,0,0,0,11,0.0,0.0,0.0,0.0,1.0,0.0,0.0,24,255,1.0,0.0,0.04,0.04,0.0,0.0,0.0,0,80174.0
0,1,22,9,261,717,0,0,1,0,0,0,0,29,0.0,0.0,0.0,0.0,1.0,0.0,0.0,255,255,1.0,0.0,0.0,0.0,0.0,0.0,0.0,0,53162.0
0,1,22,9,242,1771,0,0,1,0,0,0,0,22,0.0,0.0,0.0,0.0,1.0,0.0,0.07,255,255,1.0,0.0,0.0,0.0,0.0,0.0,0.0,0,97685.0
0,1,22,9,317,1808,0,0,1,0,0,0,0,24,0.0,0.0,0.0,0.0,1.0,0.0,0.0,255,255,1.0,0.0,0.0,0.0,0.0,0.0,0.0,0,47683.0
0,1,30,5,0,0,0,0,0,0,0,0,0,152,1.0,1.0,0.0,0.0,0.12,0.05,0.0,255,19,0.07,0.05,0.0,0.0,1.0,1.0,0.0,1,60952.0
0,1,3,5,0,0,0,0,0,0,0,0,0,250,1.0,1.0,0.0,0.0,0.02,0.05,0.0,255,4,0.02,0.05,0.0,0.0,1.0,1.0,0.0,1,44630.0
0,1,46,5,0,0,0,0,0,0,0,0,0,141,1.0,1.0,0.0,0.0,0.01,0.06,0.0,255,5,0.02,0.08,0.0,0.0,1.0,1.0,0.0,1,105040.0
0,1,46,5,0,0,0,0,0,0,0,0,0,143,1.0,1.0,0.0,0.0,0.11,0.06,0.0,255,1,0.0,0.06,0.0,0.0,1.0,1.0,0.0,1,33830.0
0,1,46,5,0,0,0,0,0,0,0,0,0,108,1.0,1.0,0.0,0.0,0.16,0.06,0.0,106,12,0.11,0.11,0.01,0.0,1.0,1.0,0.0,1,101013.0
0,1,22,9,205,1090,0,0,1,0,0,0,0,3,0.0,0.0,0.0,0.0,1.0,0.0,0.0,35,255,1.0,0.0,0.03,0.08,0.0,0.0,0.0,0,88318.0
0,1,46,5,0,0,0,0,0,0,0,0,0,223,1.0,1.0,0.0,0.0,0.01,0.06,0.0,255,3,0.01,0.09,0.0,0.0,1.0,1.0,0.0,1,12769.0
0,1,22,9,54540,8314,0,2,1,1,0,0,0,2,0.0,0.25,0.0,0.0,1.0,0.0,0.5,43,43,1.0,0.0,0.02,0.0,0.02,0.02,0.02,1,97081.0
0,1,32,5,0,0,0,0,0,0,0,0,0,290,1.0,1.0,0.0,0.0,0.08,0.05,0.0,255,23,0.09,0.05,0.0,0.0,1.0,1.0,0.0,1,125891.0
0,1,6,5,0,0,0,0,0,0,0,0,0,144,1.0,1.0,0.0,0.0,0.03,0.06,0.0,255,3,0.01,0.08,0.0,0.0,1.0,1.0,0.0,1,120613.0
0,1,46,5,0,0,0,0,0,0,0,0,0,102,1.0,1.0,0.0,0.0,0.16,0.06,0.0,255,14,0.05,0.06,0.0,0.0,1.0,1.0,0.0,1,27040.0
0,1,16,2,0,0,0,0,0,0,0,0,0,142,0.0,0.0,1.0,1.0,0.1,0.06,0.0,255,7,0.03,0.06,0.0,0.0,0.0,0.0,1.0,1,77057.0
0,1,46,1,0,0,0,0,0,0,0,0,0,63,0.02,0.0,0.92,1.0,0.02,1.0,0.0,255,1,0.0,0.27,0.0,0.0,0.0,0.0,1.0,1,80397.0
0,1,46,5,0,0,0,0,0,0,0,0,0,292,1.0,1.0,0.0,0.0,0.04,0.06,0.0,255,9,0.04,0.07,0.0,0.0,1.0,1.0,0.0,1,93010.0
0,1,52,5,0,0,0,0,0,0,0,0,0,89,1.0,1.0,0.0,0.0,0.03,0.07,0.0,255,15,0.06,0.06,0.0,0.0,1.0,1.0,0.0,1,78645.0
0,1,22,9,229,255,0,0,1,0,0,0,0,3,0.33,0.33,0.0,0.0,1.0,0.0,0.0,3,255,1.0,0.0,0.33,0.04,0.33,0.01,0.0,0,65221.0
0,1,3,5,0,0,0,0,0,0,0,0,0,291,1.0,1.0,0.0,0.0,0.04,0.06,0.0,255,12,0.05,0.07,0.0,0.0,1.0,1.0,0.0,1,112128.0
0,2,11,9,45,45,0,0,0,0,0,0,0,163,0.0,0.0,0.0,0.0,1.0,0.0,0.01,255,227,0.89,0.01,0.0,0.0,0.0,0.0,0.0,0,110436.0
0,1,22,9,289,55,0,0,1,0,0,0,0,3,0.0,0.0,0.0,0.0,1.0,0.0,0.33,130,255,1.0,0.0,0.01,0.01,0.02,0.01,0.01,0,35400.0
0,1,22,9,213,1719,0,0,1,0,0,0,0,10,0.0,0.0,0.0,0.0,1.0,0.0,0.0,70,255,1.0,0.0,0.01,0.04,0.0,0.0,0.0,0,33273.0
0,1,33,5,0,0,0,0,0,0,0,0,0,299,1.0,1.0,0.0,0.0,0.06,0.05,0.0,255,2,0.01,0.08,0.0,0.0,1.0,1.0,0.0,1,67398.0
0,1,22,9,231,4198,0,0,1,0,0,0,0,1,0.0,0.0,0.0,0.0,1.0,0.0,0.0,38,255,1.0,0.0,0.03,0.02,0.0,0.0,0.0,0,69885.0
0,1,32,5,0,0,0,0,0,0,0,0,0,274,1.0,1.0,0.0,0.0,0.01,0.05,0.0,255,3,0.01,0.05,0.0,0.0,1.0,1.0,0.0,1,31461.0
0,2,46,9,1,0,0,0,0,0,0,0,0,4,0.0,0.0,0.0,0.0,1.0,0.0,0.0,255,11,0.04,0.88,0.13,0.0,0.03,0.0,0.0,1,82518.0
0,1,22,9,207,5200,0,0,1,0,0,0,0,19,0.0,0.0,0.0,0.0,1.0,0.0,0.0,255,255,1.0,0.0,0.0,0.0,0.0,0.0,0.0,0,115496.0
0,0,13,9,8,0,0,0,0,0,0,0,0,1,0.0,0.0,0.0,0.0,1.0,0.0,1.0,2,42,1.0,0.0,1.0,0.26,0.0,0.0,0.0,1,40347.0
0,1,41,1,0,0,0,0,0,0,0,0,0,511,0.13,0.0,0.87,1.0,0.0,1.0,0.0,255,1,0.0,1.0,0.0,0.0,0.11,0.0,1.0,1,50103.0
0,1,22,9,293,882,0,0,1,0,0,0,0,7,0.0,0.0,0.0,0.0,1.0,0.0,0.0,6,255,1.0,0.0,0.17,0.07,0.0,0.0,0.03,0,41077.0
0,1,51,9,1747,333,0,0,1,0,0,0,0,1,0.0,0.0,0.0,0.0,1.0,0.0,0.0,6,111,1.0,0.0,0.17,0.03,0.0,0.0,0.0,0,47089.0
0,1,22,9,187,327,0,0,1,0,0,0,0,1,0.0,0.0,0.0,0.0,1.0,0.0,0.0,255,255,1.0,0.0,0.0,0.0,0.0,0.0,0.0,0,65906.0
0,0,13,9,18,0,0,0,0,0,0,0,0,1,0.0,0.0,0.0,0.0,1.0,0.0,0.0,3,103,1.0,0.0,1.0,0.25,0.0,0.0,0.0,1,118745.0
0,1,2,5,0,0,0,0,0,0,0,0,0,299,1.0,1.0,0.0,0.0,0.07,0.05,0.0,255,20,0.08,0.06,0.0,0.0,1.0,1.0,0.0,1,97863.0
0,1,37,5,0,0,0,0,0,0,0,0,0,286,1.0,1.0,0.0,0.0,0.03,0.06,0.0,255,8,0.03,0.07,0.0,0.0,1.0,1.0,0.0,1,80269.0
0,1,22,5,0,0,0,0,0,0,0,0,0,10,1.0,1.0,0.0,0.0,0.6,0.3,0.0,255,56,0.22,0.02,0.0,0.0,1.0,1.0,0.0,1,27100.0
0,0,13,9,8,0,0,0,0,0,0,0,0,1,0.0,0.0,0.0,0.0,1.0,0.0,1.0,2,76,1.0,0.0,1.0,0.5,0.0,0.0,0.0,1,122645.0
0,1,19,9,9178,0,0,0,1,0,0,0,0,6,0.0,0.0,0.0,0.0,1.0,0.0,0.0,6,71,1.0,0.0,1.0,0.03,0.0,0.01,0.0,0,53463.0
0,1,22,9,307,9717,0,0,1,0,0,0,0,1,0.0,0.0,0.0,0.0,1.0,0.0,0.09,1,255,1.0,0.0,1.0,0.05,0.0,0.0,0.0,0,76608.0
0,1,22,9,222,480,0,0,1,0,0,0,0,3,0.0,0.0,0.0,0.0,1.0,0.0,0.0,255,255,1.0,0.0,0.0,0.0,0.0,0.0,0.0,0,80825.0
0,2,41,9,147,147,0,0,0,0,0,0,0,4,0.0,0.0,0.0,0.0,0.5,0.5,0.0,255,2,0.01,0.6,0.98,0.0,0.0,0.0,0.0,0,40930.0
0,2,11,9,45,77,0,0,0,0,0,0,0,190,0.0,0.0,0.0,0.0,1.0,0.0,0.0,255,255,1.0,0.0,0.01,0.0,0.0,0.0,0.0,0,95006.0
0,1,46,5,0,0,0,0,0,0,0,0,0,215,1.0,1.0,0.0,0.0,0.07,0.06,0.0,255,16,0.06,0.07,0.0,0.0,1.0,1.0,0.0,1,32299.0
0,1,28,5,0,0,0,0,0,0,0,0,0,145,1.0,1.0,0.0,0.0,0.14,0.06,0.0,255,20,0.08,0.06,0.0,0.0,1.0,1.0,0.0,1,89105.0
0,1,22,9,197,5790,0,0,1,0,0,0,0,17,0.0,0.0,0.0,0.0,1.0,0.0,0.0,17,255,1.0,0.0,0.06,0.02,0.0,0.0,0.0,0,48857.0
0,1,46,1,0,0,0,0,0,0,0,0,0,288,0.0,0.0,1.0,1.0,0.04,0.06,0.0,255,12,0.05,0.06,0.0,0.0,0.0,0.0,1.0,1,56482.0
0,1,22,9,370,414,0,0,1,0,0,0,0,4,0.0,0.0,0.0,0.0,1.0,0.0,0.4,6,173,1.0,0.0,0.17,0.22,0.0,0.0,0.94,0,5955.0
0,1,22,9,234,5170,0,0,1,0,0,0,0,5,0.0,0.0,0.0,0.0,1.0,0.0,0.0,18,255,1.0,0.0,0.06,0.04,0.0,0.0,0.0,0,39481.0
0,1,22,9,218,2546,0,0,1,0,0,0,0,6,0.0,0.0,0.0,0.0,1.0,0.0,0.24,29,255,1.0,0.0,0.03,0.07,0.0,0.0,0.0,0,65605.0
0,2,11,9,32,0,0,0,0,0,0,0,0,1,0.0,0.0,0.0,0.0,1.0,0.0,0.67,60,47,0.23,0.08,0.23,0.09,0.0,0.0,0.0,0,38344.0
0,1,22,9,265,1533,0,0,1,0,0,0,0,7,0.0,0.0,0.0,0.0,1.0,0.0,0.0,7,255,1.0,0.0,0.14,0.06,0.0,0.0,0.0,0,3840.0
0,1,46,5,0,0,0,0,0,0,0,0,0,143,1.0,1.0,0.0,0.0,0.07,0.06,0.0,255,1,0.0,0.06,0.0,0.0,1.0,1.0,0.0,1,92199.0
0,2,46,9,28,0,3,0,0,0,0,0,0,66,0.0,0.0,0.0,0.0,1.0,0.0,0.0,255,66,0.26,0.02,0.26,0.0,0.0,0.0,0.0,1,90265.0
0,0,14,9,1032,0,0,0,0,0,0,0,0,511,0.0,0.0,0.0,0.0,1.0,0.0,0.0,158,13,0.08,0.02,0.08,0.0,0.0,0.0,0.0,1,36806.0
0,0,13,9,18,0,0,0,0,0,0,0,0,1,0.0,0.0,0.0,0.0,1.0,0.0,0.0,1,189,1.0,0.0,1.0,0.25,0.0,0.0,0.0,1,122734.0
8625,1,57,9,866,128974,0,0,1,538,2,605,5,1,0.0,0.0,0.0,0.0,1.0,0.0,0.0,255,11,0.04,0.06,0.0,0.0,0.87,0.0,0.18,0,115183.0
0,1,46,5,0,0,0,0,0,0,0,0,0,167,1.0,1.0,0.0,0.0,0.01,0.08,0.0,255,2,0.01,0.07,0.0,0.0,1.0,1.0,0.0,1,72749.0
0,1,5,5,0,0,0,0,0,0,0,0,0,125,1.0,1.0,0.0,0.0,0.03,0.07,0.0,255,4,0.02,0.08,0.0,0.0,1.0,1.0,0.0,1,39607.0
0,1,54,5,0,0,0,0,0,0,0,0,0,133,1.0,1.0,0.0,0.0,0.03,0.06,0.0,255,4,0.02,0.06,0.0,0.0,1.0,1.0,0.0,1,14932.0
0,1,22,5,0,0,0,0,0,0,0,0,0,3,1.0,1.0,0.0,0.0,1.0,0.0,0.0,255,43,0.17,0.03,0.0,0.0,1.0,1.0,0.0,1,121654.0
0,1,51,9,1245,345,0,0,1,0,0,0,0,1,0.0,0.0,0.0,0.0,1.0,0.0,0.0,189,105,0.36,0.38,0.01,0.02,0.0,0.0,0.0,0,66431.0
0,1,22,9,207,751,0,0,1,0,0,0,0,8,0.0,0.0,0.0,0.0,1.0,0.0,0.17,255,255,1.0,0.0,0.0,0.0,0.0,0.0,0.0,0,62847.0
0,1,22,9,268,666,0,0,1,0,0,0,0,13,0.0,0.0,0.0,0.0,1.0,0.0,0.12,188,255,1.0,0.0,0.01,0.01,0.0,0.0,0.0,0,121737.0
3,1,51,9,1036,327,0,0,1,0,0,0,0,1,0.0,0.0,0.0,0.0,1.0,0.0,1.0,151,132,0.52,0.1,0.01,0.02,0.01,0.0,0.0,0,72147.0
0,1,22,4,13748,8314,0,2,1,1,0,0,0,6,0.0,0.0,0.17,0.17,1.0,0.0,0.0,255,255,1.0,0.0,0.0,0.0,0.0,0.0,0.05,0,43888.0
0,2,46,9,1,0,0,0,0,0,0,0,0,22,0.0,0.0,0.0,0.0,0.09,0.32,0.0,255,2,0.01,0.22,1.0,0.0,0.0,0.0,0.0,1,19753.0
0,1,46,5,0,0,0,0,0,0,0,0,0,59,1.0,1.0,0.0,0.0,0.14,0.07,0.0,255,8,0.03,0.05,0.0,0.0,1.0,1.0,0.0,1,14880.0
0,1,46,5,0,0,0,0,0,0,0,0,0,229,1.0,1.0,0.0,0.0,0.03,0.06,0.0,255,6,0.02,0.06,0.0,0.0,1.0,1.0,0.0,1,22929.0
0,1,46,5,0,0,0,0,0,0,0,0,0,136,1.0,1.0,0.0,0.0,0.05,0.07,0.0,255,5,0.02,0.06,0.0,0.0,1.0,1.0,0.0,1,103336.0
0,1,22,9,214,660,0,0,1,0,0,0,0,7,0.0,0.0,0.0,0.0,1.0,0.0,0.18,100,255,1.0,0.0,0.01,0.01,0.01,0.0,0.0,0,100665.0
0,1,46,5,0,0,0,0,0,0,0,0,0,283,1.0,1.0,0.0,0.0,0.04,0.06,0.0,255,12,0.05,0.07,0.0,0.0,1.0,1.0,0.0,1,52492.0
0,1,46,4,0,0,0,0,0,0,0,0,0,1,0.0,0.0,1.0,1.0,1.0,0.0,0.0,174,1,0.01,0.06,0.03,0.0,0.0,0.0,1.0,1,102041.0
4795,2,41,9,147,105,0,0,0,0,0,0,0,1,0.0,0.0,0.0,0.0,1.0,0.0,0.0,255,1,0.0,0.87,0.97,0.0,0.0,0.0,0.0,0,45926.0
0,1,19,9,373,0,0,0,1,0,0,0,0,1,0.0,0.0,0.0,0.0,1.0,0.0,0.0,255,64,0.25,0.02,0.06,0.0,0.72,0.77,0.0,0,74831.0
0,1,22,9,213,1415,0,0,1,0,0,0,0,4,0.25,0.25,0.0,0.0,1.0,0.0,0.0,36,36,1.0,0.0,0.03,0.0,0.03,0.03,0.89,0,87088.0
0,1,46,5,0,0,0,0,0,0,0,0,0,186,1.0,1.0,0.0,0.0,0.08,0.06,0.0,255,2,0.01,0.08,0.0,0.0,1.0,1.0,0.0,1,71264.0
0,0,13,9,8,0,0,0,0,0,0,0,0,1,0.0,0.0,0.0,0.0,1.0,0.0,1.0,2,48,1.0,0.0,1.0,0.5,0.0,0.0,0.0,1,10219.0
37253,1,46,4,1,0,0,0,0,0,0,0,0,2,0.0,0.0,1.0,1.0,1.0,0.0,0.0,255,2,0.01,0.5,1.0,0.0,0.0,0.0,1.0,1,78343.0
0,1,46,5,0,0,0,0,0,0,0,0,0,42,1.0,1.0,0.0,0.0,0.26,0.12,0.0,255,11,0.04,0.08,0.0,0.0,1.0,1.0,0.0,1,67295.0
9865,2,41,9,147,105,0,0,0,0,0,0,0,1,0.0,0.0,0.0,0.0,1.0,0.0,0.0,255,1,0.0,0.62,0.97,0.0,0.0,0.0,0.0,0,31580.0
0,1,46,5,0,0,0,0,0,0,0,0,0,225,1.0,1.0,0.0,0.0,0.02,0.06,0.0,255,16,0.06,0.08,0.0,0.0,1.0,1.0,0.0,1,94792.0
0,1,19,9,11,0,0,0,1,0,0,0,0,2,0.0,0.0,0.0,0.0,1.0,0.0,0.0,60,33,0.3,0.07,0.3,0.06,0.02,0.0,0.0,0,52323.0
7,1,51,9,1446,419,0,0,1,0,0,0,0,1,0.0,0.0,0.0,0.0,1.0,0.0,0.0,7,166,1.0,0.0,0.14,0.01,0.0,0.0,0.0,0,52899.0
0,1,52,1,0,0,0,0,0,0,0,0,0,111,0.0,0.0,1.0,1.0,0.08,0.06,0.0,255,8,0.03,0.07,0.0,0.0,0.0,0.0,1.0,1,63151.0
0,1,27,5,0,0,0,0,0,0,0,0,0,132,1.0,1.0,0.0,0.0,0.12,0.06,0.0,255,4,0.02,0.07,0.0,0.0,1.0,1.0,0.0,1,17978.0
0,0,13,9,8,0,0,0,0,0,0,0,0,1,0.0,0.0,0.0,0.0,1.0,0.0,1.0,2,87,1.0,0.0,1.0,0.51,0.0,0.0,0.0,1,73767.0
0,1,46,5,0,0,0,0,0,0,0,0,0,274,1.0,1.0,0.0,0.0,0.01,0.07,0.0,255,20,0.08,0.09,0.0,0.0,1.0,1.0,0.0,1,110019.0
0,1,22,9,314,569,0,0,1,0,0,0,0,1,0.0,0.0,0.0,0.0,1.0,0.0,0.0,3,255,1.0,0.0,0.33,0.01,0.0,0.0,0.0,0,104344.0
0,1,46,1,0,0,0,0,0,0,0,0,0,73,0.0,0.0,1.0,1.0,0.04,0.07,0.0,255,3,0.01,0.06,0.0,0.0,0.0,0.0,1.0,1,35549.0
0,1,20,5,0,0,0,0,0,0,0,0,0,213,1.0,1.0,0.0,0.0,0.01,0.08,0.0,255,3,0.01,0.08,0.0,0.0,1.0,1.0,0.0,1,109055.0
0,1,51,9,4004,370,0,0,1,0,0,0,0,1,0.0,0.0,0.0,0.0,1.0,0.0,1.0,150,243,0.95,0.01,0.01,0.01,0.0,0.0,0.0,0,6003.0
0,0,13,9,30,0,0,0,0,0,0,0,0,2,0.0,0.0,0.0,0.0,1.0,0.0,0.0,231,231,1.0,0.0,1.0,0.0,0.0,0.0,0.0,0,41236.0
3,1,51,9,1243,331,0,0,1,0,0,0,0,1,0.0,0.0,0.0,0.0,1.0,0.0,0.0,139,180,0.63,0.02,0.01,0.01,0.0,0.0,0.0,0,30269.0
0,1,34,5,0,0,0,0,0,0,0,0,0,87,1.0,1.0,0.0,0.0,0.13,0.07,0.0,255,6,0.02,0.07,0.0,0.0,1.0,1.0,0.0,1,21129.0
0,1,64,5,0,0,0,0,0,0,0,0,0,176,1.0,1.0,0.0,0.0,0.11,0.06,0.0,255,20,0.08,0.06,0.0,0.0,1.0,1.0,0.0,1,110881.0
0,2,11,9,45,71,0,0,0,0,0,0,0,129,0.0,0.0,0.0,0.0,1.0,0.0,0.0,255,254,1.0,0.01,0.0,0.0,0.0,0.0,0.0,0,107633.0
0,2,46,9,1,0,0,0,0,0,0,0,0,21,0.0,0.0,0.0,0.0,0.1,0.19,0.0,255,46,0.18,0.22,1.0,0.0,0.0,0.0,0.0,1,36305.0
0,1,15,5,0,0,0,0,0,0,0,0,0,107,1.0,1.0,0.0,0.0,0.02,0.07,0.0,255,2,0.01,0.06,0.0,0.0,1.0,1.0,0.0,1,15590.0
0,1,22,9,229,1442,0,0,1,0,0,0,0,1,0.0,0.0,0.0,0.0,1.0,0.0,0.0,150,255,1.0,0.0,0.01,0.01,0.0,0.0,0.0,0,25081.0
0,1,9,5,0,0,0,0,0,0,0,0,0,270,1.0,1.0,0.0,0.0,0.06,0.06,0.0,255,6,0.02,0.07,0.0,0.0,1.0,1.0,0.0,1,86406.0
0,1,22,5,0,0,0,0,0,0,0,0,0,25,1.0,1.0,0.0,0.0,0.44,0.16,0.0,255,61,0.24,0.02,0.01,0.0,1.0,1.0,0.0,1,122344.0
0,0,14,9,1032,0,0,0,0,0,0,0,0,509,0.0,0.0,0.0,0.0,1.0,0.0,0.0,255,176,0.69,0.16,0.69,0.0,0.0,0.0,0.0,1,120732.0
0,1,46,1,0,0,0,0,0,0,0,0,0,272,0.0,0.0,1.0,1.0,0.04,0.06,0.0,255,12,0.05,0.08,0.0,0.0,0.0,0.0,1.0,1,9712.0
0,1,22,9,372,884,0,0,1,0,0,0,0,12,0.0,0.0,0.0,0.0,1.0,0.0,0.17,32,231,1.0,0.0,0.03,0.21,0.0,0.0,0.77,0,60737.0
0,1,22,9,174,2354,0,0,1,0,0,0,0,1,0.0,0.0,0.0,0.0,1.0,0.0,0.0,37,255,1.0,0.0,0.03,0.03,0.0,0.0,0.0,0,109932.0
0,1,18,2,0,0,0,0,0,0,0,0,0,15,0.0,0.0,1.0,1.0,0.07,0.53,0.0,255,1,0.0,0.05,0.06,0.0,0.0,0.0,1.0,1,91693.0
0,1,25,5,0,0,0,0,0,0,0,0,0,211,1.0,1.0,0.0,0.0,0.05,0.07,0.0,255,10,0.04,0.06,0.0,0.0,1.0,1.0,0.0,1,15463.0
0,0,62,9,181,0,0,0,0,0,0,0,0,2,0.0,0.0,0.0,0.0,0.5,1.0,0.0,255,14,0.05,0.01,0.06,0.0,0.0,0.0,0.0,0,35049.0
0,1,22,9,322,762,0,0,1,0,0,0,0,7,0.0,0.0,0.0,0.0,1.0,0.0,0.14,255,255,1.0,0.0,0.0,0.0,0.0,0.0,0.0,0,19811.0
0,1,39,5,0,0,0,0,0,0,0,0,0,107,1.0,1.0,0.0,0.0,0.07,0.05,0.0,255,7,0.03,0.04,0.0,0.0,1.0,1.0,0.0,1,9143.0
0,1,7,5,0,0,0,0,0,0,0,0,0,45,1.0,1.0,0.0,0.0,0.22,0.11,0.0,255,10,0.04,0.08,0.0,0.0,1.0,1.0,0.0,1,46418.0
0,2,11,9,45,120,0,0,0,0,0,0,0,108,0.0,0.0,0.0,0.0,1.0,0.0,0.0,255,255,1.0,0.0,0.0,0.0,0.0,0.0,0.0,0,95445.0
0,1,63,2,0,0,0,0,0,0,0,0,0,106,0.0,0.0,1.0,1.0,0.01,0.08,0.0,255,1,0.0,0.06,0.0,0.0,0.0,0.0,1.0,1,13319.0
0,1,51,9,543,280,0,0,1,0,0,0,0,1,0.0,0.0,0.0,0.0,1.0,0.0,0.0,148,112,0.76,0.03,0.01,0.0,0.0,0.0,0.0,0,119676.0
0,2,11,9,46,132,0,0,0,0,0,0,0,69,0.0,0.0,0.0,0.0,1.0,0.0,0.01,255,254,1.0,0.01,0.0,0.0,0.0,0.0,0.0,0,10509.0
0,1,22,1,0,0,0,0,0,0,0,0,0,1,0.0,0.0,1.0,1.0,1.0,0.0,0.0,8,238,1.0,0.0,0.12,0.21,0.0,0.0,0.88,0,16865.0
0,1,22,1,0,0,0,0,0,0,0,0,0,1,0.0,0.0,1.0,1.0,1.0,0.0,0.0,207,255,1.0,0.0,0.0,0.02,0.0,0.0,0.36,0,92549.0
22,1,18,9,338,1072,0,6,1,0,0,0,0,1,0.0,0.0,0.0,0.0,1.0,0.0,0.0,32,5,0.16,0.06,0.03,0.0,0.0,0.0,0.0,0,63581.0
0,0,13,9,8,0,0,0,0,0,0,0,0,1,0.0,0.0,0.0,0.0,1.0,0.0,1.0,2,61,1.0,0.0,1.0,0.26,0.0,0.0,0.0,1,14908.0
0,1,46,1,0,0,0,0,0,0,0,0,0,412,0.0,0.0,1.0,1.0,0.0,0.52,0.0,255,1,0.0,0.52,1.0,0.0,0.0,0.0,1.0,1,45312.0
0,1,22,9,254,1947,0,0,1,0,0,0,0,7,0.0,0.0,0.0,0.0,1.0,0.0,0.0,255,224,0.88,0.01,0.0,0.0,0.0,0.0,0.0,0,92513.0
0,1,66,5,0,0,0,0,0,0,0,0,0,210,1.0,1.0,0.0,0.0,0.0,0.07,0.0,255,1,0.0,0.08,0.0,0.0,1.0,1.0,0.0,1,110441.0
0,1,22,9,212,28541,0,0,1,0,0,0,0,5,0.0,0.0,0.0,0.0,1.0,0.0,0.0,104,255,1.0,0.0,0.01,0.02,0.0,0.0,0.0,0,83209.0
0,1,22,9,335,9080,0,0,1,0,0,0,0,2,0.0,0.0,0.0,0.0,1.0,0.0,0.6,21,218,1.0,0.0,0.05,0.03,0.0,0.01,0.0,0,75349.0
0,2,11,9,46,80,0,0,0,0,0,0,0,173,0.0,0.0,0.0,0.0,1.0,0.0,0.0,255,196,0.77,0.01,0.0,0.0,0.0,0.0,0.0,0,60544.0
0,1,19,5,0,0,0,0,0,0,0,0,0,214,1.0,1.0,0.0,0.0,0.09,0.06,0.0,255,19,0.07,0.06,0.0,0.0,1.0,1.0,0.0,1,78109.0
0,1,22,9,300,385,0,0,1,0,0,0,0,18,0.0,0.0,0.0,0.0,1.0,0.0,0.0,193,255,1.0,0.0,0.01,0.02,0.01,0.0,0.0,0,90122.0
0,1,22,9,288,4768,0,0,1,0,0,0,0,13,0.0,0.0,0.0,0.0,1.0,0.0,0.0,255,255,1.0,0.0,0.0,0.0,0.0,0.0,0.01,0,47392.0
0,1,22,9,292,44237,0,0,1,0,0,0,0,14,0.0,0.0,0.07,0.03,1.0,0.0,0.17,60,255,1.0,0.0,0.02,0.01,0.0,0.0,0.0,0,31214.0
0,1,19,6,13239,0,0,0,1,0,0,0,0,3,0.33,0.33,0.0,0.0,1.0,0.0,0.0,97,63,0.4,0.04,0.4,0.03,0.01,0.02,0.0,0,42191.0
0,1,46,5,0,0,0,0,0,0,0,0,0,179,1.0,1.0,0.0,0.0,0.05,0.06,0.0,255,19,0.07,0.08,0.0,0.0,1.0,1.0,0.0,1,83110.0
0,1,19,4,0,0,0,0,0,0,0,0,0,1,0.0,0.0,1.0,1.0,1.0,0.0,0.0,68,71,0.46,0.32,0.29,0.04,0.09,0.0,0.01,0,116923.0
0,1,51,6,23,85,0,0,1,0,0,0,0,1,1.0,1.0,0.0,0.0,1.0,0.0,0.0,229,182,0.69,0.01,0.0,0.01,0.0,0.01,0.0,0,33984.0
0,1,24,5,0,0,0,0,0,0,0,0,0,122,1.0,1.0,0.0,0.0,0.02,0.06,0.0,255,4,0.02,0.07,0.0,0.0,1.0,1.0,0.0,1,102064.0
0,0,14,9,1032,0,0,0,0,0,0,0,0,195,0.0,0.0,0.0,0.0,1.0,0.0,0.0,255,255,1.0,0.0,1.0,0.0,0.0,0.0,0.0,1,81931.0
0,0,13,9,8,0,0,0,0,0,0,0,0,1,0.0,0.0,0.0,0.0,1.0,0.0,1.0,1,93,1.0,0.0,1.0,0.51,0.0,0.0,0.0,1,102728.0
0,1,46,5,0,0,0,0,0,0,0,0,0,105,1.0,1.0,0.0,0.0,0.1,0.07,0.0,255,18,0.07,0.06,0.0,0.0,1.0,1.0,0.0,1,81782.0
0,1,22,9,244,3177,0,0,1,0,0,0,0,10,0.0,0.0,0.0,0.0,1.0,0.0,0.18,255,255,1.0,0.0,0.01,0.0,0.0,0.0,0.0,0,88240.0
0,1,22,1,0,0,0,0,0,0,0,0,0,1,0.0,0.0,1.0,1.0,1.0,0.0,0.0,9,253,1.0,0.0,0.11,0.32,0.0,0.0,1.0,0,112228.0
0,1,41,9,15876,0,0,0,1,0,0,0,0,15,0.07,0.0,0.0,0.0,0.07,0.13,0.0,191,1,0.01,0.07,0.23,0.0,0.01,0.0,0.0,0,91044.0
0,1,22,9,336,279,0,0,1,0,0,0,0,12,0.0,0.0,0.0,0.0,1.0,0.0,0.15,255,241,0.95,0.01,0.0,0.0,0.0,0.0,0.0,0,60277.0
0,1,66,5,0,0,0,0,0,0,0,0,0,297,1.0,1.0,0.0,0.0,0.08,0.05,0.0,255,25,0.1,0.05,0.0,0.0,1.0,1.0,0.0,1,116703.0
0,1,36,1,0,0,0,0,0,0,0,0,0,196,0.0,0.0,1.0,1.0,0.01,0.08,0.0,255,1,0.0,0.08,0.0,0.0,0.0,0.0,1.0,1,36995.0
3,1,46,4,0,0,0,0,0,0,0,0,0,1,0.0,0.0,1.0,1.0,1.0,0.0,0.0,255,1,0.0,0.73,1.0,0.0,0.0,0.0,1.0,1,66682.0
0,1,46,5,0,0,0,0,0,0,0,0,0,135,1.0,1.0,0.0,0.0,0.04,0.06,0.0,255,13,0.05,0.06,0.0,0.0,1.0,1.0,0.0,1,124125.0
6,1,57,9,105,2307,0,0,1,1,0,1,0,1,0.0,0.0,0.0,0.0,1.0,0.0,0.0,55,4,0.02,0.09,0.02,0.75,0.0,0.0,0.0,0,13355.0
0,1,31,5,0,0,0,0,0,0,0,0,0,114,1.0,1.0,0.0,0.0,0.08,0.06,0.0,255,1,0.0,0.06,0.0,0.0,1.0,1.0,0.0,1,30967.0
0,1,22,1,0,0,0,0,0,0,0,0,0,21,0.0,0.0,0.81,0.81,1.0,0.0,0.0,174,185,1.0,0.0,0.01,0.03,0.01,0.01,0.35,0,120122.0
0,1,46,1,0,0,0,0,0,0,0,0,0,152,0.04,0.0,0.88,1.0,0.01,0.99,0.0,255,1,0.0,0.6,0.0,0.0,0.02,0.0,1.0,1,25361.0
0,1,4,5,0,0,0,0,0,0,0,0,0,267,1.0,1.0,0.0,0.0,0.01,0.05,0.0,255,4,0.02,0.05,0.0,0.0,1.0,1.0,0.0,1,74653.0
0,2,11,9,45,74,0,0,0,0,0,0,0,140,0.0,0.0,0.0,0.0,1.0,0.0,0.0,255,254,1.0,0.01,0.0,0.0,0.0,0.0,0.0,0,5006.0
0,1,46,5,0,0,0,0,0,0,0,0,0,256,1.0,1.0,0.0,0.0,0.01,0.07,0.0,255,19,0.07,0.08,0.0,0.0,1.0,1.0,0.0,1,75153.0
0,1,19,5,0,0,0,0,0,0,0,0,0,206,1.0,1.0,0.0,0.0,0.07,0.06,0.0,255,15,0.06,0.06,0.0,0.0,1.0,1.0,0.0,1,13602.0
0,1,22,9,291,1340,0,0,1,0,0,0,0,5,0.0,0.0,0.0,0.0,1.0,0.0,0.15,130,255,1.0,0.0,0.01,0.03,0.0,0.0,0.01,0,112555.0
0,1,53,1,0,0,0,0,0,0,0,0,0,124,0.0,0.0,1.0,1.0,0.11,0.07,0.0,255,14,0.05,0.07,0.0,0.0,0.0,0.0,1.0,1,75338.0
0,1,15,1,0,0,0,0,0,0,0,0,0,120,0.0,0.0,1.0,1.0,0.15,0.06,0.0,255,18,0.07,0.06,0.0,0.0,0.0,0.0,1.0,1,104010.0
0,1,10,5,0,0,0,0,0,0,0,0,0,298,1.0,1.0,0.0,0.0,0.03,0.05,0.0,255,2,0.01,0.07,0.0,0.0,1.0,1.0,0.0,1,75439.0
0,1,22,9,163,462,0,0,1,0,0,0,0,1,0.0,0.0,0.0,0.0,1.0,0.0,0.0,3,255,1.0,0.0,0.33,0.04,0.0,0.0,0.0,0,48873.0
0,0,13,9,8,0,0,0,0,0,0,0,0,1,0.0,0.0,0.0,0.0,1.0,0.0,1.0,2,72,1.0,0.0,1.0,0.5,0.0,0.0,0.0,1,8486.0
0,1,8,5,0,0,0,0,0,0,0,0,0,258,1.0,1.0,0.0,0.0,0.09,0.05,0.0,255,22,0.09,0.05,0.0,0.0,1.0,1.0,0.0,1,114471.0
0,1,22,9,346,11317,0,0,1,0,0,0,0,5,0.0,0.0,0.0,0.0,1.0,0.0,0.0,184,255,1.0,0.0,0.01,0.02,0.0,0.0,0.0,0,32288.0
0,1,60,2,0,0,0,0,0,0,0,0,0,260,0.0,0.0,1.0,1.0,0.08,0.07,0.0,255,20,0.08,0.07,0.0,0.0,0.0,0.0,1.0,1,30715.0
0,1,63,5,0,0,0,0,0,0,0,0,0,98,1.0,1.0,0.0,0.0,0.16,0.06,0.0,255,16,0.06,0.06,0.0,0.0,1.0,1.0,0.0,1,95512.0
0,1,22,9,315,5425,0,0,1,0,0,0,0,4,0.0,0.0,0.0,0.0,1.0,0.0,0.0,95,255,1.0,0.0,0.01,0.01,0.0,0.0,0.0,0,106251.0
0,1,22,9,0,1587,0,0,0,0,0,0,0,8,0.12,0.12,0.0,0.0,1.0,0.0,0.0,255,255,1.0,0.0,0.0,0.0,0.0,0.0,0.0,0,24592.0
0,1,22,9,310,788,0,0,1,0,0,0,0,3,0.0,0.0,0.0,0.0,1.0,0.0,0.0,255,255,1.0,0.0,0.0,0.0,0.0,0.0,0.0,0,503.0
0,1,22,9,232,4249,0,0,1,0,0,0,0,3,0.0,0.0,0.0,0.0,1.0,0.0,0.33,56,255,1.0,0.0,0.02,0.02,0.0,0.0,0.0,0,121518.0
40100,1,46,4,1,0,0,0,0,0,0,0,0,2,0.0,0.0,1.0,1.0,1.0,0.0,0.0,255,2,0.01,0.47,0.95,0.0,0.0,0.0,1.0,1,38073.0
0,2,11,9,44,118,0,0,0,0,0,0,0,170,0.0,0.0,0.0,0.0,0.99,0.01,0.0,255,254,1.0,0.01,0.0,0.0,0.0,0.0,0.0,0,23268.0
0,1,5,5,0,0,0,0,0,0,0,0,0,124,1.0,1.0,0.0,0.0,0.15,0.05,0.0,255,19,0.07,0.05,0.0,0.0,1.0,1.0,0.0,1,82112.0
0,1,22,9,268,4175,0,0,1,0,0,0,0,3,0.0,0.0,0.0,0.0,1.0,0.0,0.0,106,255,1.0,0.0,0.01,0.02,0.01,0.02,0.0,0,81752.0
0,0,14,9,1032,0,0,0,0,0,0,0,0,511,0.0,0.0,0.0,0.0,1.0,0.0,0.0,255,178,0.7,0.02,0.7,0.0,0.0,0.0,0.0,1,93742.0
0,2,41,9,146,0,0,0,0,0,0,0,0,1,0.0,0.0,0.0,0.0,1.0,0.0,0.0,255,3,0.01,0.84,0.99,0.0,0.0,0.0,0.0,0,59540.0
0,1,38,5,0,0,0,0,0,0,0,0,0,124,1.0,1.0,0.0,0.0,0.05,0.06,0.0,255,6,0.02,0.07,0.0,0.0,1.0,1.0,0.0,1,21371.0
0,1,3,9,13,40,0,0,1,0,0,0,0,1,0.0,0.0,0.0,0.0,1.0,0.0,0.0,7,2,0.14,0.43,0.14,1.0,0.0,0.0,0.5,0,61400.0
0,2,11,9,44,44,0,0,0,0,0,0,0,88,0.0,0.0,0.0,0.0,1.0,0.0,0.01,255,255,1.0,0.0,0.01,0.0,0.0,0.0,0.0,0,99303.0
0,1,55,5,0,0,0,0,0,0,0,0,0,7,1.0,1.0,0.0,0.0,0.29,0.57,0.0,255,3,0.01,0.09,0.0,0.0,1.0,1.0,0.0,1,32725.0
0,1,46,5,0,0,0,0,0,0,0,0,0,75,1.0,1.0,0.0,0.0,0.03,0.07,0.0,255,12,0.05,0.05,0.0,0.0,1.0,1.0,0.0,1,49303.0
28,2,11,9,44,44,0,0,0,0,0,0,0,4,0.0,0.0,0.0,0.0,0.25,0.5,0.4,63,60,0.95,0.03,0.02,0.0,0.0,0.0,0.0,0,66587.0
0,1,22,9,220,1772,0,0,1,0,0,0,0,2,0.0,0.0,0.0,0.0,1.0,0.0,0.0,16,255,1.0,0.0,0.06,0.01,0.0,0.0,0.0,0,28083.0
6,1,22,9,0,0,0,0,1,0,0,0,0,1,0.0,0.0,0.0,0.0,1.0,0.0,0.0,61,2,0.02,1.0,0.02,1.0,0.0,0.0,0.5,1,41683.0
0,1,64,5,0,0,0,0,0,0,0,0,0,294,1.0,1.0,0.0,0.0,0.07,0.05,0.0,255,18,0.07,0.07,0.0,0.0,1.0,1.0,0.0,1,118203.0
0,1,51,9,1095,328,0,0,1,0,0,0,0,1,0.0,0.0,0.0,0.0,1.0,0.0,0.0,65,104,0.54,0.09,0.02,0.02,0.0,0.0,0.0,0,113991.0
0,1,22,9,313,5226,0,0,1,0,0,0,0,11,0.0,0.0,0.0,0.0,1.0,0.0,0.0,33,255,1.0,0.0,0.03,0.01,0.0,0.0,0.01,0,115703.0
0,1,25,5,0,0,0,0,0,0,0,0,0,278,1.0,1.0,0.0,0.0,0.05,0.05,0.0,255,14,0.05,0.08,0.0,0.0,1.0,1.0,0.0,1,9676.0
0,1,22,9,54540,8314,0,2,1,1,0,0,0,3,0.0,0.0,0.0,0.0,1.0,0.0,0.0,47,47,1.0,0.0,0.02,0.0,0.02,0.02,0.02,1,84167.0
0,1,46,5,0,0,0,0,0,0,0,0,0,157,1.0,1.0,0.0,0.0,0.16,0.05,0.0,255,25,0.1,0.05,0.0,0.0,1.0,1.0,0.0,1,68597.0
0,1,46,1,0,0,0,0,0,0,0,0,0,111,0.0,0.0,1.0,1.0,0.06,0.07,0.0,255,7,0.03,0.07,0.0,0.0,0.0,0.0,1.0,1,108318.0
0,0,14,9,1032,0,0,0,0,0,0,0,0,511,0.0,0.0,0.0,0.0,1.0,0.0,0.0,255,165,0.65,0.02,0.65,0.0,0.0,0.0,0.0,1,113708.0
0,1,46,5,0,0,0,0,0,0,0,0,0,278,1.0,1.0,0.0,0.0,0.06,0.06,0.0,255,15,0.06,0.08,0.0,0.0,1.0,1.0,0.0,1,86862.0
0,0,13,9,30,0,0,0,0,0,0,0,0,1,0.0,0.0,0.0,0.0,1.0,0.0,0.0,12,91,1.0,0.0,1.0,0.45,0.0,0.0,0.0,0,117282.0
0,1,22,9,177,1414,0,0,1,0,0,0,0,1,0.0,0.0,0.0,0.0,1.0,0.0,0.0,159,255,1.0,0.0,0.01,0.01,0.0,0.0,0.0,0,57466.0
0,0,13,9,8,0,0,0,0,0,0,0,0,1,0.0,0.0,0.0,0.0,1.0,0.0,1.0,1,93,1.0,0.0,1.0,0.26,0.0,0.0,0.0,1,96169.0
42,1,22,9,339,285,0,0,1,0,0,0,0,1,0.0,0.0,0.0,0.0,1.0,0.0,0.0,146,137,0.94,0.01,0.01,0.0,0.01,0.01,0.0,0,38958.0
0,1,46,1,0,0,0,0,0,0,0,0,0,243,0.1,0.0,0.89,1.0,0.0,1.0,0.0,255,1,0.0,0.98,0.0,0.0,0.1,0.0,1.0,1,82277.0
0,1,22,9,153,18546,0,0,1,0,0,0,0,3,0.0,0.0,0.0,0.0,1.0,0.0,0.0,199,255,1.0,0.0,0.01,0.01,0.0,0.0,0.0,0,118594.0
0,1,17,5,0,0,0,0,0,0,0,0,0,256,1.0,1.0,0.0,0.0,0.02,0.07,0.0,255,4,0.02,0.07,0.0,0.0,1.0,1.0,0.0,1,3121.0
0,1,22,9,333,7927,0,0,1,0,0,0,0,3,0.0,0.0,0.0,0.0,1.0,0.0,0.22,3,255,1.0,0.0,0.33,0.02,0.0,0.0,0.0,0,55066.0
0,1,46,5,0,0,0,0,0,0,0,0,0,4,1.0,1.0,0.0,0.0,0.75,0.5,0.0,255,5,0.02,0.08,0.0,0.0,1.0,1.0,0.0,1,47261.0
0,2,46,9,105,0,0,0,0,0,0,0,0,1,0.0,0.0,0.0,0.0,1.0,0.0,0.0,29,21,0.72,0.1,0.03,0.0,0.0,0.0,0.0,0,39208.0
0,1,46,5,0,0,0,0,0,0,0,0,0,204,1.0,1.0,0.0,0.0,0.03,0.06,0.0,255,18,0.07,0.07,0.0,0.0,1.0,1.0,0.0,1,35519.0
0,1,46,5,0,0,0,0,0,0,0,0,0,12,1.0,1.0,0.0,0.0,0.17,0.5,0.0,255,13,0.05,0.09,0.0,0.0,1.0,1.0,0.0,1,5546.0
0,0,13,9,8,0,0,0,0,0,0,0,0,1,0.0,0.0,0.0,0.0,1.0,0.0,1.0,2,88,1.0,0.0,1.0,0.5,0.0,0.0,0.0,1,4970.0
0,1,22,9,190,365,0,0,1,0,0,0,0,39,0.0,0.0,0.0,0.0,1.0,0.0,0.04,255,255,1.0,0.0,0.0,0.0,0.0,0.0,0.0,0,27843.0
0,1,65,5,0,0,0,0,0,0,0,0,0,239,1.0,1.0,0.0,0.0,0.08,0.05,0.0,255,2,0.01,0.08,0.0,0.0,1.0,1.0,0.0,1,109148.0
0,1,3,5,0,0,0,0,0,0,0,0,0,203,1.0,1.0,0.0,0.0,0.03,0.05,0.0,255,7,0.03,0.06,0.0,0.0,1.0,1.0,0.0,1,57047.0
0,1,46,5,0,0,0,0,0,0,0,0,0,249,1.0,1.0,0.0,0.0,0.1,0.05,0.0,53,1,0.02,0.11,0.02,0.0,0.96,1.0,0.0,1,120880.0
0,1,64,1,0,0,0,0,0,0,0,0,0,142,0.0,0.0,1.0,1.0,0.12,0.06,0.0,255,5,0.02,0.06,0.0,0.0,0.0,0.0,1.0,1,47117.0
0,1,19,9,641,0,0,0,1,0,0,0,0,2,0.0,0.0,0.0,0.0,1.0,0.0,0.0,82,84,0.37,0.05,0.37,0.02,0.0,0.0,0.0,0,81388.0
0,1,22,9,221,3330,0,0,1,0,0,0,0,34,0.0,0.0,0.0,0.0,1.0,0.0,0.0,34,255,1.0,0.0,0.03,0.05,0.0,0.0,0.0,0,81280.0
0,1,22,9,191,735,0,0,1,0,0,0,0,39,0.0,0.0,0.0,0.0,1.0,0.0,0.05,160,255,1.0,0.0,0.01,0.02,0.0,0.0,0.0,0,68826.0
0,1,22,9,191,13667,0,0,1,0,0,0,0,8,0.0,0.0,0.0,0.0,1.0,0.0,0.22,169,255,1.0,0.0,0.01,0.02,0.0,0.0,0.0,0,2122.0
0,1,22,9,212,6217,0,0,1,0,0,0,0,6,0.0,0.0,0.0,0.0,1.0,0.0,0.0,57,255,1.0,0.0,0.02,0.04,0.0,0.0,0.0,0,58094.0
0,1,22,9,195,295,0,0,1,0,0,0,0,46,0.0,0.0,0.0,0.0,1.0,0.0,0.06,255,255,1.0,0.0,0.0,0.0,0.0,0.0,0.0,0,96883.0
0,1,46,5,0,0,0,0,0,0,0,0,0,281,1.0,1.0,0.0,0.0,0.05,0.06,0.0,255,32,0.13,0.07,0.0,0.0,1.0,1.0,0.0,1,28692.0
0,2,11,9,43,74,0,0,0,0,0,0,0,237,0.0,0.0,0.0,0.0,1.0,0.01,0.0,255,247,0.97,0.01,0.0,0.0,0.0,0.0,0.0,0,33236.0
0,1,22,9,145,1691,0,0,1,0,0,0,0,1,0.0,0.0,0.0,0.0,1.0,0.0,0.0,1,255,1.0,0.0,1.0,0.05,0.0,0.0,0.0,0,54350.0
0,1,19,9,14,0,0,0,1,0,0,0,0,1,0.0,0.0,0.0,0.0,1.0,0.0,0.0,93,32,0.09,0.04,0.09,0.06,0.0,0.0,0.0,0,33012.0
0,1,46,1,0,0,0,0,0,0,0,0,0,127,0.0,0.0,1.0,1.0,0.02,0.07,0.0,255,2,0.01,0.07,0.0,0.0,0.0,0.0,1.0,1,55382.0
23,1,18,9,248,774,0,4,1,0,0,0,0,1,0.0,0.0,0.0,0.0,1.0,0.0,0.0,217,58,0.27,0.02,0.0,0.0,0.0,0.0,0.0,0,2925.0
0,2,11,9,42,42,0,0,0,0,0,0,0,6,0.0,0.0,0.0,0.0,0.83,0.33,0.33,255,77,0.3,0.01,0.0,0.0,0.0,0.0,0.0,0,112268.0
0,1,41,9,10073,0,0,0,1,0,0,0,0,16,0.19,0.0,0.0,0.0,0.06,0.56,0.0,125,1,0.01,0.2,0.3,0.0,0.05,0.0,0.0,0,45824.0
0,1,57,5,0,0,0,0,0,0,0,0,0,73,1.0,1.0,0.0,0.0,0.25,0.05,0.0,255,58,0.23,0.03,0.01,0.0,1.0,1.0,0.0,1,111765.0
0,1,22,9,342,11368,0,0,1,0,0,0,0,8,0.0,0.0,0.0,0.0,1.0,0.0,0.0,37,255,1.0,0.0,0.03,0.03,0.0,0.0,0.0,0,32823.0
0,1,22,9,247,8550,0,0,1,0,0,0,0,1,0.0,0.0,0.0,0.0,1.0,0.0,1.0,1,255,1.0,0.0,1.0,0.02,0.0,0.01,0.0,0,31926.0
0,1,22,9,291,4858,0,0,1,0,0,0,0,41,0.0,0.0,0.0,0.0,1.0,0.0,0.0,255,255,1.0,0.0,0.0,0.0,0.0,0.0,0.0,0,15856.0
0,1,46,5,0,0,0,0,0,0,0,0,0,138,1.0,1.0,0.0,0.0,0.06,0.07,0.0,255,7,0.03,0.07,0.0,0.0,1.0,1.0,0.0,1,66766.0
0,1,22,9,297,1309,0,0,1,0,0,0,0,21,0.0,0.0,0.0,0.0,1.0,0.0,0.0,255,255,1.0,0.0,0.0,0.0,0.0,0.0,0.0,0,91872.0
0,1,8,2,0,0,0,0,0,0,0,0,0,250,0.0,0.0,1.0,1.0,0.01,0.07,0.0,255,2,0.01,0.08,0.0,0.0,0.0,0.0,1.0,1,11221.0
0,1,22,9,207,288,0,0,1,0,0,0,0,6,0.0,0.0,0.0,0.0,1.0,0.0,0.2,255,255,1.0,0.0,0.0,0.0,0.0,0.0,0.0,0,97457.0
0,0,13,9,8,0,0,0,0,0,0,0,0,1,0.0,0.0,0.0,0.0,1.0,0.0,1.0,2,86,1.0,0.0,1.0,0.5,0.0,0.0,0.0,1,23188.0
0,1,22,9,297,53306,0,0,1,0,0,0,0,17,0.0,0.0,0.0,0.0,1.0,0.0,0.07,67,255,1.0,0.0,0.01,0.03,0.0,0.0,0.0,0,63929.0
0,1,36,5,0,0,0,0,0,0,0,0,0,295,1.0,1.0,0.0,0.0,0.04,0.05,0.0,255,6,0.02,0.07,0.0,0.0,1.0,1.0,0.0,1,79162.0
0,1,22,9,299,1380,0,0,1,0,0,0,0,7,0.0,0.0,0.0,0.0,1.0,0.0,0.0,255,235,0.92,0.02,0.0,0.0,0.0,0.0,0.0,0,52219.0
0,2,11,9,43,150,0,0,0,0,0,0,0,225,0.0,0.0,0.0,0.0,1.0,0.01,0.01,227,188,0.83,0.01,0.0,0.0,0.0,0.0,0.0,0,73824.0
0,1,41,1,0,0,0,0,0,0,0,0,0,386,0.09,0.0,0.9,1.0,0.0,1.0,0.0,255,1,0.0,1.0,0.0,0.0,0.11,0.0,1.0,1,77499.0
0,1,46,5,0,0,0,0,0,0,0,0,0,141,0.99,1.0,0.0,0.0,0.13,0.06,0.0,255,18,0.07,0.05,0.0,0.0,1.0,1.0,0.0,1,35206.0
0,2,41,9,1,0,0,0,0,0,0,0,0,12,0.0,0.0,0.0,0.0,0.08,0.5,0.0,255,1,0.0,0.18,1.0,0.0,0.0,0.0,0.0,1,73879.0
0,1,46,1,0,0,0,0,0,0,0,0,0,145,0.0,0.0,1.0,1.0,0.12,0.06,0.0,255,18,0.07,0.07,0.0,0.0,0.0,0.0,1.0,1,122586.0
0,1,22,9,226,1429,0,0,1,0,0,0,0,3,0.0,0.0,0.0,0.0,1.0,0.0,0.0,115,255,1.0,0.0,0.01,0.01,0.0,0.0,0.0,0,16283.0
1,1,0,9,86,128,0,0,1,0,0,0,0,2,0.0,0.0,0.0,0.0,1.0,0.0,0.0,4,3,0.75,0.5,0.25,0.0,0.25,0.33,0.0,0,87951.0
0,2,46,9,28,0,3,0,0,0,0,0,0,13,0.0,0.0,0.0,0.0,1.0,0.0,0.0,226,13,0.06,0.72,0.06,0.0,0.03,0.0,0.0,1,61020.0
0,2,46,9,28,0,3,0,0,0,0,0,0,50,0.0,0.0,0.0,0.0,1.0,0.0,0.0,255,50,0.2,0.64,0.2,0.0,0.01,0.0,0.0,1,94161.0
0,1,6,5,0,0,0,0,0,0,0,0,0,201,1.0,1.0,0.0,0.0,0.05,0.06,0.0,255,9,0.04,0.07,0.0,0.0,1.0,1.0,0.0,1,74757.0
0,1,51,9,1752,438,0,0,1,0,0,0,0,1,0.0,0.0,0.0,0.0,1.0,0.0,1.0,255,113,0.44,0.04,0.0,0.0,0.12,0.0,0.0,0,27337.0
0,1,46,5,0,0,0,0,0,0,0,0,0,150,1.0,1.0,0.0,0.0,0.17,0.05,0.0,255,2,0.01,0.06,0.0,0.0,1.0,1.0,0.0,1,60632.0
0,1,46,5,0,0,0,0,0,0,0,0,0,122,1.0,1.0,0.0,0.0,0.02,0.06,0.0,255,3,0.01,0.07,0.0,0.0,1.0,1.0,0.0,1,98359.0
0,1,46,5,0,0,0,0,0,0,0,0,0,242,1.0,1.0,0.0,0.0,0.07,0.06,0.0,255,18,0.07,0.06,0.0,0.0,1.0,1.0,0.0,1,86461.0
0,0,13,9,18,0,0,0,0,0,0,0,0,1,0.0,0.0,0.0,0.0,1.0,0.0,0.0,1,82,1.0,0.0,1.0,1.0,0.0,0.0,0.0,1,83210.0
0,1,46,5,0,0,0,0,0,0,0,0,0,127,1.0,1.0,0.0,0.0,0.13,0.06,0.0,129,17,0.13,0.07,0.01,0.0,1.0,1.0,0.0,1,33671.0
0,1,22,9,300,1263,0,0,1,0,0,0,0,4,0.0,0.06,0.0,0.0,1.0,0.0,0.17,255,255,1.0,0.0,0.0,0.0,0.0,0.0,0.0,0,81219.0
0,2,11,9,45,129,0,0,0,0,0,0,0,81,0.0,0.0,0.0,0.0,1.0,0.0,0.02,255,252,0.99,0.01,0.0,0.0,0.0,0.0,0.0,0,108485.0
0,1,22,9,219,788,0,0,1,0,0,0,0,18,0.0,0.0,0.0,0.0,1.0,0.0,0.0,18,77,1.0,0.0,0.06,0.05,0.0,0.01,0.0,0,89908.0
0,2,46,9,28,0,3,0,0,0,0,0,0,63,0.0,0.0,0.0,0.0,1.0,0.0,0.0,255,163,0.64,0.36,0.64,0.0,0.09,0.0,0.0,1,99784.0
0,0,13,9,8,0,0,0,0,0,0,0,0,1,0.0,0.0,0.0,0.0,1.0,0.0,1.0,1,135,1.0,0.0,1.0,0.5,0.0,0.0,0.0,1,49580.0
0,1,22,9,235,1942,0,0,1,0,0,0,0,22,0.0,0.0,0.0,0.0,1.0,0.0,0.05,255,255,1.0,0.0,0.0,0.0,0.0,0.0,0.0,0,25368.0
0,1,22,9,301,235,0,0,1,0,0,0,0,3,0.0,0.0,0.0,0.0,1.0,0.0,0.29,27,255,1.0,0.0,0.04,0.03,0.0,0.0,0.0,0,48856.0
0,1,28,1,0,0,0,0,0,0,0,0,0,128,0.0,0.0,1.0,1.0,0.15,0.07,0.0,255,19,0.07,0.06,0.0,0.0,0.0,0.0,1.0,1,33562.0
0,1,22,9,342,293,0,0,1,0,0,0,0,8,0.0,0.0,0.0,0.0,1.0,0.0,0.19,255,255,1.0,0.0,0.0,0.0,0.0,0.0,0.0,0,41356.0
0,1,22,9,214,6513,0,0,1,0,0,0,0,5,0.0,0.0,0.0,0.0,1.0,0.0,0.0,33,255,1.0,0.0,0.03,0.03,0.0,0.0,0.0,0,110153.0
0,1,33,5,0,0,0,0,0,0,0,0,0,237,1.0,1.0,0.0,0.0,0.01,0.06,0.0,255,3,0.01,0.06,0.0,0.0,1.0,1.0,0.0,1,111061.0
0,0,62,9,181,0,0,0,0,0,0,0,0,3,0.0,0.0,0.0,0.0,0.33,1.0,0.0,255,13,0.05,0.01,0.06,0.0,0.0,0.0,0.0,0,89786.0
0,1,8,5,0,0,0,0,0,0,0,0,0,296,1.0,1.0,0.0,0.0,0.03,0.05,0.0,255,4,0.02,0.07,0.0,0.0,1.0,1.0,0.0,1,118989.0
0,0,14,9,64,0,0,0,0,0,0,0,0,1,0.0,0.0,0.0,0.0,1.0,0.0,0.0,40,1,0.03,0.1,0.03,0.0,0.0,0.0,0.0,0,123832.0
0,1,22,9,234,1033,0,0,1,0,0,0,0,16,0.0,0.0,0.0,0.0,1.0,0.0,0.0,16,255,1.0,0.0,0.06,0.02,0.0,0.0,0.0,0,123937.0
0,1,45,5,0,0,0,0,0,0,0,0,0,140,1.0,1.0,0.0,0.0,0.13,0.06,0.0,255,15,0.06,0.06,0.0,0.0,1.0,1.0,0.0,1,89393.0
0,1,5,1,0,0,0,0,0,0,0,0,0,113,0.0,0.0,1.0,1.0,0.12,0.06,0.0,255,14,0.05,0.06,0.0,0.0,0.0,0.0,1.0,1,59625.0
0,1,22,9,285,263,0,0,1,0,0,0,0,10,0.0,0.0,0.0,0.0,1.0,0.0,0.23,255,255,1.0,0.0,0.0,0.0,0.0,0.0,0.0,0,90108.0
0,1,46,1,0,0,0,0,0,0,0,0,0,2,0.0,0.0,1.0,1.0,0.5,1.0,0.0,255,1,0.0,0.63,0.61,0.0,0.0,0.0,1.0,1,86284.0
5090,1,41,4,1,0,0,0,0,0,0,0,0,2,0.0,0.0,1.0,1.0,1.0,0.0,0.0,255,2,0.01,0.74,1.0,0.0,0.0,0.0,1.0,1,60192.0
0,1,46,5,0,0,0,0,0,0,0,0,0,214,1.0,1.0,0.0,0.0,0.01,0.07,0.0,255,3,0.01,0.06,0.0,0.0,1.0,1.0,0.0,1,29199.0
5,1,51,9,1330,336,0,0,1,0,0,0,0,1,0.0,0.0,0.0,0.0,1.0,0.0,0.0,199,174,0.71,0.02,0.01,0.01,0.01,0.01,0.04,0,72912.0
0,1,22,9,187,313,0,0,1,0,0,0,0,11,0.0,0.0,0.0,0.0,1.0,0.0,0.23,123,255,1.0,0.0,0.02,0.04,0.0,0.0,0.0,0,26887.0
0,1,22,9,294,1783,0,0,1,0,0,0,0,4,0.0,0.0,0.0,0.0,1.0,0.0,0.0,30,255,1.0,0.0,0.03,0.03,0.0,0.0,0.0,0,95630.0
0,2,11,9,43,137,0,0,0,0,0,0,0,70,0.0,0.0,0.0,0.0,1.0,0.0,0.01,255,191,0.75,0.02,0.0,0.0,0.0,0.0,0.0,0,12156.0
0,1,22,9,292,13202,0,0,1,0,0,0,0,1,0.0,0.0,0.0,0.0,1.0,0.0,0.0,16,255,1.0,0.0,0.06,0.07,0.0,0.0,0.0,0,110463.0
0,1,17,9,8,0,0,0,0,0,0,0,0,1,0.0,0.0,0.0,0.0,1.0,0.0,0.0,2,14,0.5,1.0,0.5,0.21,0.0,0.0,0.0,1,86283.0
0,1,41,1,0,0,0,0,0,0,0,0,0,509,0.09,0.0,0.9,1.0,0.0,1.0,0.0,255,1,0.0,1.0,0.0,0.0,0.14,0.0,1.0,1,80208.0
0,1,30,1,0,0,0,0,0,0,0,0,0,104,0.0,0.0,1.0,1.0,0.16,0.08,0.0,255,5,0.02,0.09,0.0,0.0,0.0,0.0,1.0,1,7164.0
0,2,11,9,46,74,0,0,0,0,0,0,0,128,0.0,0.0,0.0,0.0,0.99,0.02,0.02,255,242,0.95,0.01,0.0,0.0,0.0,0.0,0.0,0,49556.0
0,0,13,9,8,0,0,0,0,0,0,0,0,1,0.0,0.0,0.0,0.0,1.0,0.0,1.0,2,100,1.0,0.0,1.0,0.51,0.0,0.0,0.0,1,80544.0
0,1,51,9,730,339,0,0,1,0,0,0,0,1,0.0,0.0,0.0,0.0,1.0,0.0,0.0,150,197,0.74,0.03,0.01,0.01,0.0,0.0,0.0,0,101004.0
0,1,46,5,0,0,0,0,0,0,0,0,0,248,1.0,1.0,0.0,0.0,0.08,0.05,0.0,255,2,0.01,0.07,0.0,0.0,1.0,1.0,0.0,1,105979.0
0,1,46,5,0,0,0,0,0,0,0,0,0,217,1.0,1.0,0.0,0.0,0.09,0.06,0.0,255,6,0.02,0.07,0.0,0.0,1.0,1.0,0.0,1,33487.0
0,1,19,9,491,0,0,0,0,0,0,0,0,1,0.0,0.0,0.0,0.0,1.0,0.0,0.0,255,134,0.53,0.01,0.53,0.0,0.0,0.01,0.0,0,20467.0
0,1,16,2,0,0,0,0,0,0,0,0,0,136,0.0,0.0,1.0,1.0,0.06,0.06,0.0,255,4,0.02,0.06,0.0,0.0,0.0,0.0,1.0,1,48916.0
0,1,5,5,0,0,0,0,0,0,0,0,0,126,1.0,1.0,0.0,0.0,0.02,0.06,0.0,255,12,0.05,0.06,0.0,0.0,1.0,1.0,0.0,1,115331.0
0,1,22,9,303,2507,0,0,1,0,0,0,0,2,0.0,0.0,0.0,0.0,1.0,0.0,0.0,25,13,0.52,0.12,0.04,0.0,0.28,0.0,0.0,0,82862.0
0,1,26,5,0,0,0,0,0,0,0,0,0,137,1.0,1.0,0.0,0.0,0.05,0.06,0.0,255,10,0.04,0.06,0.0,0.0,1.0,1.0,0.0,1,45937.0
0,1,63,2,0,0,0,0,0,0,0,0,0,117,0.0,0.0,1.0,1.0,0.03,0.07,0.0,255,4,0.02,0.08,0.0,0.0,0.0,0.0,1.0,1,76958.0
0,1,19,5,0,0,0,0,0,0,0,0,0,61,1.0,1.0,0.0,0.0,0.21,0.07,0.0,255,33,0.13,0.05,0.02,0.0,1.0,1.0,0.0,1,80637.0
1,1,51,9,770,367,0,0,1,0,0,0,0,1,0.0,0.0,0.0,0.0,1.0,0.0,1.0,255,162,0.64,0.02,0.0,0.0,0.0,0.0,0.0,0,46233.0
0,1,22,9,309,1158,0,0,1,0,0,0,0,16,0.0,0.0,0.0,0.0,1.0,0.0,0.0,109,255,1.0,0.0,0.01,0.03,0.0,0.0,0.0,0,50627.0
0,1,41,1,0,0,0,0,0,0,0,0,0,379,0.09,0.0,0.9,1.0,0.0,1.0,0.0,255,1,0.0,1.0,0.0,0.0,0.11,0.0,1.0,1,114671.0
0,1,22,9,54540,8314,0,2,1,1,0,0,0,2,0.0,0.0,0.0,0.0,1.0,0.0,0.0,107,107,1.0,0.0,0.01,0.0,0.0,0.0,0.01,1,15081.0
0,1,51,9,1289,331,0,0,1,0,0,0,0,1,0.0,0.0,0.0,0.0,1.0,0.0,0.0,22,122,0.73,0.09,0.05,0.02,0.0,0.0,0.0,0,19497.0
0,1,22,9,279,755,0,0,1,0,0,0,0,4,0.0,0.0,0.0,0.0,1.0,0.0,0.13,98,255,1.0,0.0,0.01,0.02,0.0,0.0,0.0,0,58923.0
0,1,46,5,0,0,0,0,0,0,0,0,0,103,1.0,1.0,0.0,0.0,0.15,0.06,0.0,255,19,0.07,0.06,0.0,0.0,1.0,1.0,0.0,1,123792.0
0,1,22,5,0,0,0,0,0,0,0,0,0,21,1.0,1.0,0.0,0.0,0.19,0.19,0.0,255,24,0.09,0.07,0.01,0.0,1.0,1.0,0.0,1,103160.0
0,1,22,9,239,2698,0,0,1,0,0,0,1,2,0.0,0.0,0.0,0.0,1.0,0.0,0.22,255,251,0.98,0.01,0.0,0.0,0.0,0.0,0.0,0,29613.0
0,1,26,5,0,0,0,0,0,0,0,0,0,257,1.0,1.0,0.0,0.0,0.05,0.06,0.0,255,12,0.05,0.07,0.0,0.0,1.0,1.0,0.0,1,111916.0
0,0,13,9,8,0,0,0,0,0,0,0,0,1,0.0,0.0,0.0,0.0,1.0,0.0,1.0,2,42,1.0,0.0,1.0,0.5,0.0,0.0,0.0,1,90111.0
2713,2,41,9,147,105,0,0,0,0,0,0,0,4,0.0,0.0,0.0,0.0,0.5,0.5,0.0,255,2,0.01,0.86,1.0,0.0,0.0,0.0,0.0,0,15446.0
0,1,22,9,278,2568,0,0,1,0,0,0,0,4,0.0,0.0,0.0,0.0,1.0,0.0,0.38,179,255,1.0,0.0,0.01,0.02,0.0,0.0,0.02,0,89734.0
0,1,22,9,302,1985,0,0,1,0,0,0,0,22,0.0,0.0,0.0,0.0,1.0,0.0,0.0,255,255,1.0,0.0,0.0,0.0,0.0,0.0,0.0,0,64003.0
0,1,6,5,0,0,0,0,0,0,0,0,0,286,1.0,1.0,0.0,0.0,0.03,0.06,0.0,255,6,0.02,0.07,0.0,0.0,1.0,1.0,0.0,1,99771.0
1,1,51,9,2805,335,0,0,1,0,0,0,2,1,0.0,0.0,0.0,0.0,1.0,0.0,1.0,255,122,0.48,0.03,0.0,0.0,0.0,0.0,0.0,0,8302.0
0,2,46,9,1,0,0,0,0,0,0,0,0,158,0.0,0.0,0.0,0.0,0.87,0.03,0.0,255,175,0.69,0.04,1.0,0.0,0.0,0.0,0.0,1,58784.0
0,1,19,9,749,0,0,0,0,0,0,0,0,2,0.0,0.0,0.0,0.0,1.0,0.0,0.0,10,82,0.8,0.2,0.8,0.04,0.0,0.0,0.0,0,51818.0
0,1,22,9,248,501,0,0,1,0,0,0,0,7,0.0,0.0,0.0,0.0,1.0,0.0,0.0,63,133,1.0,0.0,0.02,0.03,0.0,0.0,0.0,0,23437.0
0,1,19,9,15377,0,0,0,1,0,0,0,0,23,0.0,0.0,0.0,0.0,1.0,0.0,0.0,37,47,0.78,0.05,0.78,0.04,0.0,0.0,0.0,0,19524.0
0,1,22,9,342,3041,0,0,1,0,0,0,0,57,0.0,0.0,0.0,0.0,1.0,0.0,0.0,92,255,1.0,0.0,0.01,0.03,0.0,0.0,0.0,0,45099.0
0,1,22,1,0,0,0,0,0,0,0,0,0,1,0.0,0.0,1.0,1.0,1.0,0.0,1.0,202,168,0.83,0.02,0.0,0.0,0.0,0.0,1.0,0,80759.0
0,1,22,9,215,5971,0,0,1,0,0,0,0,20,0.0,0.0,0.0,0.0,1.0,0.0,0.0,255,255,1.0,0.0,0.0,0.0,0.0,0.0,0.0,0,115293.0
0,1,46,5,0,0,0,0,0,0,0,0,0,247,1.0,1.0,0.0,0.0,0.03,0.06,0.0,255,2,0.01,0.09,0.0,0.0,1.0,1.0,0.0,1,83516.0
0,1,46,5,0,0,0,0,0,0,0,0,0,229,1.0,1.0,0.0,0.0,0.06,0.05,0.0,187,13,0.07,0.06,0.01,0.0,0.99,1.0,0.0,1,101160.0
1,1,51,9,769,331,0,0,1,0,0,0,0,1,0.0,0.0,0.0,0.0,1.0,0.0,1.0,29,217,1.0,0.0,0.03,0.01,0.0,0.0,0.0,0,64500.0
0,1,15,5,0,0,0,0,0,0,0,0,0,136,1.0,1.0,0.0,0.0,0.02,0.06,0.0,255,3,0.01,0.06,0.0,0.0,1.0,1.0,0.0,1,41355.0
0,0,13,9,8,0,0,0,0,0,0,0,0,1,0.0,0.0,0.0,0.0,1.0,0.0,1.0,2,110,1.0,0.0,1.0,0.5,0.0,0.0,0.0,1,82122.0
0,1,22,9,263,17087,0,0,1,0,0,0,0,1,0.0,0.0,0.0,0.0,1.0,0.0,1.0,7,255,1.0,0.0,0.14,0.04,0.0,0.0,0.0,0,19509.0
0,1,46,5,0,0,0,0,0,0,0,0,0,230,1.0,1.0,0.0,0.0,0.01,0.06,0.0,255,11,0.04,0.07,0.0,0.0,1.0,1.0,0.0,1,107492.0
0,2,11,9,44,110,0,0,0,0,0,0,0,195,0.0,0.0,0.0,0.0,1.0,0.0,0.0,255,255,1.0,0.0,0.0,0.0,0.0,0.0,0.0,0,18230.0
0,1,38,5,0,0,0,0,0,0,0,0,0,115,1.0,1.0,0.0,0.0,0.02,0.08,0.0,255,2,0.01,0.08,0.0,0.0,1.0,1.0,0.0,1,41521.0
0,1,41,1,0,0,0,0,0,0,0,0,0,511,0.17,0.0,0.83,1.0,0.0,1.0,0.0,255,1,0.0,1.0,0.0,0.0,0.27,0.0,1.0,1,112074.0
0,1,3,5,0,0,0,0,0,0,0,0,0,277,1.0,1.0,0.0,0.0,0.08,0.05,0.0,255,23,0.09,0.05,0.0,0.0,1.0,1.0,0.0,1,63077.0
0,1,22,9,329,12047,0,0,1,0,0,0,0,1,0.0,0.0,0.0,0.0,1.0,0.0,0.5,4,255,1.0,0.0,0.25,0.02,0.0,0.0,0.0,0,8561.0
0,1,41,1,0,0,0,0,0,0,0,0,0,503,0.07,0.0,0.93,1.0,0.0,1.0,0.0,255,1,0.0,1.0,0.0,0.0,0.04,0.0,1.0,1,43697.0
0,0,14,9,520,0,0,0,0,0,0,0,0,434,0.0,0.0,0.0,0.0,1.0,0.0,0.0,29,29,1.0,0.0,1.0,0.0,0.0,0.0,0.0,1,14707.0
0,1,46,5,0,0,0,0,0,0,0,0,0,103,1.0,1.0,0.0,0.0,0.03,0.07,0.0,255,14,0.05,0.08,0.0,0.0,1.0,1.0,0.0,1,94818.0
0,1,22,9,225,3073,0,0,1,0,0,0,0,3,0.0,0.0,0.0,0.0,1.0,0.0,0.0,149,255,1.0,0.0,0.01,0.03,0.0,0.0,0.0,0,72008.0
0,1,22,9,340,4213,0,0,1,0,0,0,0,17,0.0,0.0,0.0,0.0,1.0,0.0,0.0,185,255,1.0,0.0,0.01,0.02,0.01,0.0,0.01,0,67695.0
0,0,62,9,181,0,0,0,0,0,0,0,0,2,0.0,0.0,0.0,0.0,0.5,1.0,0.0,255,28,0.11,0.01,0.12,0.0,0.0,0.0,0.0,0,13753.0
0,1,46,5,0,0,0,0,0,0,0,0,0,145,0.99,1.0,0.0,0.0,0.13,0.06,0.0,255,2,0.01,0.06,0.0,0.0,1.0,1.0,0.0,1,82253.0
0,1,22,9,231,15618,0,0,1,0,0,0,0,7,0.0,0.0,0.0,0.0,1.0,0.0,0.17,255,255,1.0,0.0,0.0,0.0,0.0,0.0,0.0,0,15007.0
0,1,54,5,0,0,0,0,0,0,0,0,0,281,1.0,1.0,0.0,0.0,0.02,0.05,0.0,255,5,0.02,0.05,0.0,0.0,1.0,1.0,0.0,1,121291.0
0,1,22,9,328,9262,0,0,1,0,0,0,0,8,0.0,0.0,0.0,0.0,1.0,0.0,0.2,229,255,1.0,0.0,0.0,0.01,0.0,0.0,0.0,0,74532.0
0,1,22,9,164,1778,0,0,1,0,0,0,0,5,0.0,0.0,0.0,0.0,1.0,0.0,0.0,67,255,1.0,0.0,0.01,0.02,0.0,0.0,0.02,0,95054.0
0,1,22,9,324,1080,0,0,1,0,0,0,0,10,0.0,0.0,0.0,0.0,1.0,0.0,0.18,10,255,1.0,0.0,0.1,0.07,0.0,0.0,0.0,0,118030.0
0,1,22,9,373,6752,0,0,1,0,0,0,0,8,0.0,0.0,0.0,0.0,1.0,0.0,0.23,72,255,1.0,0.0,0.01,0.03,0.0,0.0,0.0,0,61764.0
0,1,46,1,0,0,0,0,0,0,0,0,0,141,0.0,0.0,1.0,1.0,0.11,0.06,0.0,255,15,0.06,0.07,0.0,0.0,0.0,0.0,1.0,1,88877.0
0,1,22,1,0,0,0,0,0,0,0,0,0,1,0.0,0.0,1.0,0.17,1.0,0.0,0.33,12,255,1.0,0.0,0.08,0.15,0.0,0.0,0.77,0,84501.0
0,2,11,9,43,107,0,0,0,0,0,0,0,2,0.0,0.0,0.0,0.0,1.0,0.0,0.5,255,248,0.97,0.01,0.0,0.0,0.0,0.0,0.0,0,100238.0
0,1,22,5,0,0,0,0,0,0,0,0,0,21,1.0,1.0,0.0,0.0,0.43,0.19,0.0,255,63,0.25,0.02,0.01,0.0,1.0,1.0,0.0,1,53282.0
0,2,41,9,147,0,0,0,0,0,0,0,0,1,0.0,0.0,0.0,0.0,1.0,0.0,0.0,255,1,0.0,0.61,0.94,0.0,0.0,0.0,0.0,0,73123.0
0,1,46,5,0,0,0,0,0,0,0,0,0,169,1.0,1.0,0.0,0.0,0.07,0.07,0.0,255,1,0.0,0.07,0.0,0.0,1.0,1.0,0.0,1,33081.0
0,1,22,9,230,480,0,0,1,0,0,0,0,6,0.0,0.0,0.0,0.0,1.0,0.0,0.0,255,255,1.0,0.0,0.0,0.0,0.0,0.0,0.0,0,117385.0
0,1,22,9,158,5479,0,0,1,0,0,0,0,2,0.0,0.0,0.0,0.0,1.0,0.0,0.0,2,251,1.0,0.0,0.5,0.04,0.0,0.0,0.01,0,33198.0
0,1,56,5,0,0,0,0,0,0,0,0,0,119,1.0,1.0,0.0,0.0,0.04,0.07,0.0,255,5,0.02,0.07,0.0,0.0,1.0,1.0,0.0,1,94591.0
0,1,22,9,283,9644,0,0,1,0,0,0,0,22,0.0,0.0,0.0,0.0,1.0,0.0,0.12,112,255,1.0,0.0,0.01,0.02,0.0,0.0,0.0,0,124688.0
0,1,22,9,283,4770,0,0,1,0,0,0,0,19,0.0,0.0,0.0,0.0,1.0,0.0,0.04,49,255,1.0,0.0,0.02,0.04,0.0,0.0,0.0,0,17502.0
0,1,6,1,0,0,0,0,0,0,0,0,0,235,0.0,0.0,1.0,1.0,0.07,0.06,0.0,255,17,0.07,0.07,0.0,0.0,0.0,0.0,1.0,1,94051.0
0,1,34,1,0,0,0,0,0,0,0,0,0,241,0.0,0.0,1.0,1.0,0.02,0.07,0.0,255,6,0.02,0.07,0.0,0.0,0.0,0.0,1.0,1,21374.0
0,1,2,5,0,0,0,0,0,0,0,0,0,115,1.0,1.0,0.0,0.0,0.09,0.07,0.0,255,10,0.04,0.07,0.0,0.0,1.0,1.0,0.0,1,122715.0
0,1,12,2,0,0,0,0,0,0,0,0,0,269,0.0,0.0,1.0,1.0,0.04,0.06,0.0,255,10,0.04,0.09,0.0,0.0,0.0,0.0,1.0,1,98801.0
277,1,57,9,203,6200,0,0,1,3,0,0,0,1,0.0,0.0,0.0,0.0,1.0,0.0,0.0,41,4,0.07,0.07,0.02,0.5,0.0,0.25,0.0,0,52376.0
0,1,19,9,383,0,0,0,1,0,0,0,0,2,0.0,0.0,0.0,0.0,1.0,0.0,0.0,255,112,0.44,0.02,0.44,0.0,0.0,0.0,0.0,0,43094.0
0,1,22,9,213,2280,0,0,1,0,0,0,0,24,0.0,0.0,0.0,0.0,1.0,0.0,0.08,255,255,1.0,0.0,0.0,0.0,0.0,0.0,0.0,0,107738.0
0,2,11,9,31,91,0,0,0,0,0,0,0,1,0.0,0.0,0.0,0.0,1.0,0.0,1.0,219,206,0.94,0.01,0.0,0.0,0.0,0.0,0.0,0,45565.0
0,1,2,5,0,0,0,0,0,0,0,0,0,298,1.0,1.0,0.0,0.0,0.08,0.04,0.0,255,25,0.1,0.05,0.0,0.0,1.0,1.0,0.0,1,87994.0
0,2,11,9,45,127,0,0,0,0,0,0,0,32,0.0,0.0,0.0,0.0,1.0,0.0,0.02,255,255,1.0,0.0,0.0,0.0,0.0,0.0,0.0,0,44029.0
0,2,11,9,46,80,0,0,0,0,0,0,0,108,0.0,0.0,0.0,0.0,0.99,0.02,0.02,255,254,1.0,0.01,0.0,0.0,0.0,0.0,0.0,0,29127.0
0,1,46,5,0,0,0,0,0,0,0,0,0,251,1.0,1.0,0.0,0.0,0.07,0.06,0.0,255,18,0.07,0.08,0.0,0.0,1.0,1.0,0.0,1,99720.0
0,1,22,9,323,1142,0,0,1,0,0,0,0,19,0.0,0.0,0.0,0.0,1.0,0.0,0.08,90,102,1.0,0.0,0.01,0.05,0.01,0.02,0.0,0,27454.0
0,1,4,1,0,0,0,0,0,0,0,0,0,202,0.0,0.0,1.0,1.0,0.0,0.07,0.0,255,1,0.0,0.07,0.0,0.0,0.0,0.0,1.0,1,57787.0
0,2,41,9,516,4,0,0,0,0,0,0,0,192,0.0,0.0,0.0,0.0,1.0,0.0,0.0,192,192,1.0,0.0,1.0,0.0,0.0,0.0,0.0,0,65139.0
0,1,22,9,208,1069,0,0,1,0,0,0,0,7,0.0,0.0,0.0,0.0,1.0,0.0,0.12,26,255,1.0,0.0,0.04,0.05,0.0,0.0,0.01,0,48213.0
0,1,22,9,323,2607,0,0,1,0,0,0,0,11,0.0,0.0,0.0,0.0,1.0,0.0,0.21,255,255,1.0,0.0,0.0,0.0,0.0,0.0,0.0,0,39881.0
0,1,45,5,0,0,0,0,0,0,0,0,0,102,1.0,1.0,0.0,0.0,0.01,0.07,0.0,255,1,0.0,0.07,0.0,0.0,1.0,1.0,0.0,1,43950.0
0,1,21,5,0,0,0,0,0,0,0,0,0,283,1.0,1.0,0.0,0.0,0.04,0.06,0.0,255,1,0.0,0.09,0.0,0.0,1.0,1.0,0.0,1,113460.0
0,1,46,5,0,0,0,0,0,0,0,0,0,106,1.0,1.0,0.0,0.0,0.02,0.07,0.0,255,9,0.04,0.07,0.0,0.0,1.0,1.0,0.0,1,92056.0
0,1,22,9,197,412,0,0,1,0,0,0,0,14,0.0,0.0,0.0,0.0,1.0,0.0,0.0,14,255,1.0,0.0,0.07,0.05,0.0,0.0,0.0,0,75789.0
0,1,8,5,0,0,0,0,0,0,0,0,0,274,1.0,1.0,0.0,0.0,0.03,0.05,0.0,255,8,0.03,0.05,0.0,0.0,1.0,1.0,0.0,1,47904.0
0,1,22,9,205,1825,0,0,1,0,0,0,0,4,0.0,0.0,0.0,0.0,1.0,0.0,0.13,27,255,1.0,0.0,0.04,0.04,0.0,0.0,0.0,0,42643.0
0,1,41,1,0,0,0,0,0,0,0,0,0,491,0.08,0.0,0.89,1.0,0.0,0.95,0.0,255,1,0.0,0.91,0.0,0.0,0.09,0.0,1.0,1,24708.0
0,1,46,5,0,0,0,0,0,0,0,0,0,131,1.0,1.0,0.0,0.0,0.15,0.05,0.0,209,20,0.1,0.09,0.0,0.0,1.0,1.0,0.0,1,57798.0
0,1,46,1,0,0,0,0,0,0,0,0,0,59,0.0,0.0,0.92,1.0,0.02,1.0,0.0,181,1,0.01,0.39,0.01,0.0,0.0,0.0,1.0,1,11579.0
0,1,46,1,0,0,0,0,0,0,0,0,0,181,0.1,0.0,0.88,1.0,0.01,1.0,0.0,255,1,0.0,0.85,0.0,0.0,0.07,0.0,1.0,1,27468.0
0,1,22,9,54540,8314,0,2,1,1,0,0,0,4,0.0,0.0,0.0,0.0,1.0,0.0,0.0,51,51,1.0,0.0,0.02,0.0,0.0,0.0,0.24,1,74063.0
0,1,5,5,0,0,0,0,0,0,0,0,0,114,1.0,1.0,0.0,0.0,0.09,0.06,0.0,255,10,0.04,0.06,0.0,0.0,1.0,1.0,0.0,1,21753.0
0,1,22,9,372,235,0,0,1,0,0,0,0,5,0.0,0.0,0.0,0.0,1.0,0.0,0.27,18,255,1.0,0.0,0.06,0.04,0.0,0.0,0.0,0,48359.0
0,1,22,9,238,5816,0,0,1,0,0,0,0,11,0.0,0.0,0.0,0.0,1.0,0.0,0.0,30,231,1.0,0.0,0.03,0.05,0.0,0.0,0.0,0,90895.0
31,1,18,9,58,189,0,0,0,0,0,0,0,1,0.0,0.0,0.0,0.0,1.0,0.0,0.0,148,26,0.18,0.02,0.01,0.0,0.0,0.0,0.0,0,1914.0
0,1,51,9,2079,281,0,0,1,0,0,0,0,1,0.0,0.0,0.0,0.0,1.0,0.0,0.0,144,132,0.49,0.2,0.01,0.02,0.0,0.0,0.0,0,103416.0
0,0,14,9,1032,0,0,0,0,0,0,0,0,510,0.0,0.0,0.0,0.0,1.0,0.0,0.0,255,218,0.85,0.02,0.85,0.0,0.0,0.0,0.0,1,30060.0
0,1,19,9,22,0,0,0,1,0,0,0,0,1,0.0,0.0,0.0,0.0,1.0,0.0,0.0,255,135,0.53,0.02,0.53,0.0,0.0,0.0,0.0,0,86407.0
0,1,19,9,10389,0,0,0,1,0,0,0,0,1,0.0,0.0,0.0,0.0,1.0,0.0,0.0,255,81,0.32,0.02,0.31,0.0,0.0,0.0,0.0,0,309.0
0,1,46,1,0,0,0,0,0,0,0,0,0,180,0.0,0.0,1.0,1.0,0.06,0.06,0.0,255,10,0.04,0.08,0.0,0.0,0.0,0.0,1.0,1,117777.0
0,1,46,5,0,0,0,0,0,0,0,0,0,188,1.0,1.0,0.0,0.0,0.01,0.07,0.0,255,16,0.06,0.06,0.0,0.0,1.0,1.0,0.0,1,19024.0
0,1,22,9,331,2721,0,0,1,0,0,0,0,16,0.0,0.0,0.0,0.0,1.0,0.0,0.0,255,255,1.0,0.0,0.0,0.0,0.0,0.0,0.0,0,118801.0
0,1,46,5,0,0,0,0,0,0,0,0,0,130,1.0,1.0,0.0,0.0,0.09,0.06,0.0,255,11,0.04,0.07,0.0,0.0,1.0,1.0,0.0,1,5243.0
0,1,22,9,297,1637,0,0,1,0,0,0,0,9,0.0,0.0,0.0,0.0,1.0,0.0,0.1,115,255,1.0,0.0,0.01,0.02,0.0,0.0,0.0,0,39498.0
0,2,11,9,44,133,0,0,0,0,0,0,0,141,0.0,0.0,0.0,0.0,1.0,0.0,0.02,255,193,0.76,0.01,0.0,0.0,0.0,0.0,0.0,0,69988.0
0,1,22,9,209,3571,0,0,1,0,0,0,0,14,0.0,0.0,0.0,0.0,1.0,0.0,0.0,51,255,1.0,0.0,0.02,0.03,0.0,0.0,0.0,0,19659.0
0,1,19,9,15722,0,0,0,1,0,0,0,0,3,0.0,0.0,0.0,0.0,1.0,0.0,0.5,147,72,0.33,0.02,0.33,0.03,0.0,0.0,0.0,0,52451.0
0,1,57,5,0,0,0,0,0,0,0,0,0,13,1.0,1.0,0.0,0.0,0.23,0.31,0.0,255,61,0.24,0.04,0.0,0.0,1.0,1.0,0.0,1,39306.0
0,1,22,9,277,998,0,0,1,0,0,0,0,14,0.0,0.0,0.0,0.0,1.0,0.0,0.0,14,255,1.0,0.0,0.07,0.02,0.0,0.01,0.0,0,44439.0
0,2,46,9,1,0,0,0,0,0,0,0,0,18,0.0,0.0,0.0,0.0,0.06,0.22,0.0,255,1,0.0,0.49,0.56,0.0,0.03,0.0,0.0,1,11795.0
1,1,51,9,774,373,0,0,1,0,0,0,0,1,0.0,0.0,0.0,0.0,1.0,0.0,1.0,62,157,0.94,0.03,0.02,0.01,0.0,0.0,0.0,0,66435.0
0,1,22,9,308,424,0,0,1,0,0,0,0,1,0.0,0.0,0.0,0.0,1.0,0.0,0.29,255,255,1.0,0.0,0.0,0.0,0.0,0.0,0.0,0,94204.0
0,2,11,9,44,133,0,0,0,0,0,0,0,155,0.0,0.0,0.0,0.0,1.0,0.0,0.02,255,199,0.78,0.01,0.0,0.0,0.0,0.0,0.0,0,122004.0
0,1,26,5,0,0,0,0,0,0,0,0,0,259,1.0,1.0,0.0,0.0,0.07,0.06,0.0,255,18,0.07,0.07,0.0,0.0,1.0,1.0,0.0,1,25022.0
0,1,46,5,0,0,0,0,0,0,0,0,0,174,1.0,1.0,0.0,0.0,0.13,0.06,0.0,255,22,0.09,0.06,0.0,0.0,1.0,1.0,0.0,1,45700.0
0,1,22,9,285,10053,0,0,1,0,0,0,0,4,0.0,0.0,0.0,0.0,1.0,0.0,0.0,20,255,1.0,0.0,0.05,0.04,0.0,0.0,0.0,0,16427.0
0,1,22,9,214,7148,0,0,1,0,0,0,0,19,0.0,0.0,0.0,0.0,1.0,0.0,0.1,255,255,1.0,0.0,0.0,0.0,0.0,0.0,0.0,0,121550.0
0,1,46,5,0,0,0,0,0,0,0,0,0,207,1.0,1.0,0.0,0.0,0.04,0.06,0.0,255,19,0.07,0.07,0.0,0.0,1.0,1.0,0.0,1,44057.0
0,1,22,9,326,18864,0,0,1,0,0,0,0,2,0.0,0.0,0.0,0.0,1.0,0.0,0.0,255,255,1.0,0.0,0.0,0.0,0.0,0.0,0.0,0,45921.0
0,0,14,9,1480,0,1,0,0,0,0,0,0,17,0.0,0.0,0.0,0.0,1.0,0.0,0.0,255,19,0.07,0.02,0.07,0.0,0.0,0.0,0.0,0,14465.0
0,1,46,1,0,0,0,0,0,0,0,0,0,19,0.0,0.0,1.0,1.0,0.53,0.11,0.0,255,30,0.12,0.06,0.0,0.0,0.0,0.0,1.0,1,69906.0
0,1,7,5,0,0,0,0,0,0,0,0,0,269,1.0,1.0,0.0,0.0,0.04,0.06,0.0,255,10,0.04,0.07,0.0,0.0,1.0,1.0,0.0,1,18327.0
0,1,22,9,234,744,0,0,1,0,0,0,0,2,0.0,0.0,0.0,0.0,1.0,0.0,0.0,2,255,1.0,0.0,0.5,0.06,0.0,0.0,0.0,0,40530.0
0,1,46,5,0,0,0,0,0,0,0,0,0,193,1.0,1.0,0.0,0.0,0.06,0.07,0.0,255,12,0.05,0.06,0.0,0.0,1.0,1.0,0.0,1,3490.0
0,1,60,10,0,0,0,1,0,0,0,0,0,1,1.0,1.0,0.0,0.0,1.0,0.0,0.0,21,21,1.0,0.0,0.05,0.0,0.05,0.05,0.05,0,122532.0
0,1,22,9,222,3257,0,0,1,0,0,0,0,1,0.0,0.0,0.0,0.0,1.0,0.0,0.0,57,248,1.0,0.0,0.02,0.03,0.0,0.0,0.0,0,78537.0
0,1,46,1,0,0,0,0,0,0,0,0,0,110,0.0,0.0,1.0,1.0,0.05,0.08,0.0,255,6,0.02,0.08,0.0,0.0,0.0,0.0,1.0,1,83188.0
0,1,22,9,219,295,0,0,1,0,0,0,0,12,0.0,0.0,0.0,0.0,1.0,0.0,0.18,255,255,1.0,0.0,0.0,0.0,0.0,0.0,0.0,0,41009.0
0,1,15,1,0,0,0,0,0,0,0,0,0,140,0.0,0.0,1.0,1.0,0.09,0.06,0.0,255,13,0.05,0.06,0.0,0.0,0.0,0.0,1.0,1,75085.0
0,1,22,9,214,7128,0,0,1,0,0,0,0,12,0.0,0.0,0.0,0.0,1.0,0.0,0.0,55,255,1.0,0.0,0.02,0.02,0.0,0.0,0.0,0,85837.0
0,1,46,1,0,0,0,0,0,0,0,0,0,382,0.06,0.0,0.92,1.0,0.0,1.0,0.0,255,1,0.0,1.0,0.0,0.0,0.09,0.0,1.0,1,73179.0
0,1,22,1,0,0,0,0,0,0,0,0,0,1,0.0,0.0,1.0,1.0,1.0,0.0,0.0,3,208,1.0,0.0,0.33,0.19,0.0,0.0,1.0,0,124663.0
0,1,22,9,227,1767,0,0,1,0,0,0,0,15,0.0,0.0,0.0,0.0,1.0,0.0,0.0,27,255,1.0,0.0,0.04,0.04,0.0,0.0,0.0,0,58429.0
0,2,11,9,42,42,0,0,0,0,0,0,0,4,0.0,0.0,0.0,0.0,1.0,0.0,0.5,255,245,0.96,0.01,0.01,0.0,0.0,0.0,0.0,0,285.0
0,1,22,9,307,7355,0,0,1,0,0,0,0,1,0.0,0.0,0.0,0.0,1.0,0.0,0.0,57,255,1.0,0.0,0.02,0.02,0.0,0.0,0.0,0,53049.0
0,1,22,1,0,0,0,0,0,0,0,0,0,1,0.0,0.0,1.0,1.0,1.0,0.0,0.0,52,218,1.0,0.0,0.02,0.02,0.02,0.01,0.3,0,88147.0
0,1,22,9,266,1587,0,0,1,0,0,0,0,2,0.0,0.0,0.0,0.0,1.0,0.0,0.13,142,255,1.0,0.0,0.01,0.03,0.0,0.0,0.0,0,57308.0
0,1,22,9,311,26340,0,0,1,0,0,0,0,2,0.0,0.0,0.0,0.0,1.0,0.0,0.0,80,255,1.0,0.0,0.01,0.01,0.01,0.0,0.01,0,15688.0
0,1,22,9,297,1969,0,0,1,0,0,0,0,7,0.0,0.0,0.0,0.0,1.0,0.0,0.13,255,255,1.0,0.0,0.0,0.0,0.0,0.0,0.0,0,53033.0
0,1,10,1,0,0,0,0,0,0,0,0,0,223,0.0,0.0,1.0,1.0,0.0,0.07,0.0,255,1,0.0,0.07,0.0,0.0,0.0,0.0,1.0,1,53151.0
0,1,22,5,0,0,0,0,0,0,0,0,0,259,1.0,1.0,0.0,0.0,0.03,0.05,0.0,255,7,0.03,0.05,0.0,0.0,1.0,1.0,0.0,1,71961.0
0,1,64,5,0,0,0,0,0,0,0,0,0,61,1.0,1.0,0.0,0.0,0.26,0.08,0.0,255,16,0.06,0.08,0.0,0.0,1.0,1.0,0.0,1,21157.0
0,1,41,9,4763,0,0,0,1,0,0,0,0,10,0.1,0.0,0.0,0.0,0.1,0.4,0.0,255,1,0.0,0.07,0.36,0.0,0.02,0.0,0.0,0,50744.0
0,2,40,9,48,48,0,0,0,0,0,0,0,2,0.0,0.0,0.0,0.0,1.0,0.0,0.0,255,46,0.18,0.01,0.18,0.0,0.0,0.0,0.0,0,82027.0
0,1,22,9,341,11399,0,0,1,0,0,0,0,16,0.0,0.0,0.0,0.0,1.0,0.0,0.25,255,255,1.0,0.0,0.01,0.0,0.0,0.0,0.0,0,10732.0
0,1,22,9,201,535,0,0,1,0,0,0,0,4,0.0,0.0,0.0,0.0,1.0,0.0,0.4,255,255,1.0,0.0,0.0,0.0,0.0,0.0,0.0,0,17629.0
0,1,22,1,0,0,0,0,0,0,0,0,0,1,0.0,0.0,1.0,1.0,1.0,0.0,0.0,2,255,1.0,0.0,0.5,0.08,0.0,0.0,0.94,0,91011.0
0,1,22,9,199,11010,0,0,1,0,0,0,0,1,0.0,0.0,0.0,0.0,1.0,0.0,0.06,4,255,1.0,0.0,0.25,0.05,0.0,0.0,0.0,0,124084.0
0,0,14,9,1032,0,0,0,0,0,0,0,0,511,0.0,0.0,0.0,0.0,1.0,0.0,0.0,255,206,0.81,0.02,0.81,0.0,0.0,0.0,0.0,1,10206.0
0,1,46,5,0,0,0,0,0,0,0,0,0,259,1.0,1.0,0.0,0.0,0.06,0.06,0.0,255,12,0.05,0.07,0.0,0.0,1.0,1.0,0.0,1,76328.0
0,1,22,9,196,3625,0,0,1,0,0,0,0,5,0.0,0.0,0.0,0.0,1.0,0.0,0.33,25,255,1.0,0.0,0.04,0.07,0.0,0.0,0.0,0,104595.0
0,1,22,9,283,2531,0,0,1,0,0,0,0,4,0.0,0.0,0.0,0.0,1.0,0.0,0.0,179,179,1.0,0.0,0.01,0.0,0.0,0.0,0.0,0,26396.0
0,1,19,9,334,0,0,0,1,0,0,0,0,1,0.0,0.0,0.0,0.0,1.0,0.0,0.0,7,17,1.0,0.0,1.0,0.24,0.0,0.0,0.0,1,53039.0
0,0,14,9,30,0,0,0,0,0,0,0,0,2,0.0,0.0,0.0,0.0,1.0,0.0,0.0,217,217,1.0,0.0,1.0,0.0,0.0,0.0,0.0,0,33774.0
0,1,22,9,331,267,0,0,1,0,0,0,0,3,0.0,0.0,0.0,0.0,1.0,0.0,0.07,255,255,1.0,0.0,0.0,0.0,0.0,0.0,0.0,0,118357.0
2,1,19,9,2194619,0,0,0,0,0,0,0,0,1,0.0,0.0,0.0,0.0,1.0,0.0,0.0,10,28,0.5,0.3,0.5,0.07,0.0,0.0,0.0,0,1691.0
0,1,7,5,0,0,0,0,0,0,0,0,0,207,1.0,1.0,0.0,0.0,0.07,0.06,0.0,255,14,0.05,0.07,0.0,0.0,1.0,1.0,0.0,1,113163.0
0,2,11,9,42,42,0,0,0,0,0,0,0,8,0.0,0.0,0.0,0.0,1.0,0.0,0.27,255,230,0.9,0.01,0.0,0.0,0.0,0.0,0.0,0,106341.0
0,0,14,9,1032,0,0,0,0,0,0,0,0,510,0.0,0.0,0.0,0.0,1.0,0.0,0.0,255,73,0.29,0.15,0.29,0.0,0.0,0.0,0.0,1,120567.0
0,1,22,9,234,277,0,0,1,0,0,0,0,8,0.0,0.0,0.0,0.0,1.0,0.0,0.0,95,255,1.0,0.0,0.01,0.03,0.0,0.0,0.0,0,31232.0
0,0,62,9,181,0,0,0,0,0,0,0,0,2,0.0,0.0,0.0,0.0,0.5,1.0,0.0,255,51,0.2,0.01,0.25,0.0,0.0,0.0,0.0,0,32571.0
1,1,51,9,689,336,0,0,1,0,0,0,0,1,0.0,0.0,0.0,0.0,1.0,0.0,1.0,62,181,0.5,0.08,0.02,0.01,0.0,0.0,0.0,0,73605.0
0,1,50,5,0,0,0,0,0,0,0,0,0,141,1.0,1.0,0.0,0.0,0.13,0.06,0.0,255,19,0.07,0.07,0.0,0.0,1.0,1.0,0.0,1,107787.0
0,1,24,5,0,0,0,0,0,0,0,0,0,138,1.0,1.0,0.0,0.0,0.06,0.07,0.0,255,7,0.03,0.05,0.0,0.0,1.0,1.0,0.0,1,54371.0
0,1,54,5,0,0,0,0,0,0,0,0,0,235,1.0,1.0,0.0,0.0,0.07,0.06,0.0,255,16,0.06,0.07,0.0,0.0,1.0,1.0,0.0,1,92262.0
0,1,2,5,0,0,0,0,0,0,0,0,0,117,1.0,1.0,0.0,0.0,0.09,0.07,0.0,255,11,0.04,0.07,0.0,0.0,1.0,1.0,0.0,1,31499.0
0,1,2,5,0,0,0,0,0,0,0,0,0,236,1.0,1.0,0.0,0.0,0.06,0.06,0.0,255,6,0.02,0.09,0.0,0.0,1.0,1.0,0.0,1,26003.0
0,1,22,9,169,2183,0,0,1,0,0,0,0,1,0.0,0.0,0.0,0.0,1.0,0.0,0.0,8,255,1.0,0.0,0.12,0.06,0.0,0.0,0.0,0,79737.0
0,1,30,1,0,0,0,0,0,0,0,0,0,230,0.0,0.0,1.0,1.0,0.01,0.07,0.0,255,2,0.01,0.08,0.0,0.0,0.0,0.0,1.0,1,82113.0
0,2,11,9,44,130,0,0,0,0,0,0,0,136,0.0,0.0,0.0,0.0,0.99,0.01,0.01,255,222,0.87,0.02,0.0,0.0,0.0,0.0,0.0,0,105615.0
0,1,22,9,302,2521,0,0,1,0,0,0,0,27,0.0,0.0,0.0,0.0,1.0,0.0,0.0,255,255,1.0,0.0,0.0,0.0,0.0,0.0,0.0,0,70312.0
0,1,22,9,218,13792,0,0,1,0,0,0,0,28,0.0,0.0,0.0,0.0,1.0,0.0,0.0,255,255,1.0,0.0,0.0,0.0,0.0,0.0,0.0,0,26327.0
0,2,41,9,147,0,0,0,0,0,0,0,0,3,0.0,0.0,0.0,0.0,0.33,0.67,0.0,66,1,0.02,0.53,0.86,0.0,0.0,0.0,0.0,0,110988.0
0,2,11,9,44,75,0,0,0,0,0,0,0,133,0.0,0.0,0.0,0.0,0.99,0.02,0.02,255,244,0.96,0.01,0.0,0.0,0.0,0.0,0.0,0,17813.0
0,1,51,9,805,337,0,0,1,0,0,0,0,1,0.0,0.0,0.0,0.0,1.0,0.0,0.0,198,117,0.59,0.03,0.01,0.0,0.0,0.0,0.0,0,18093.0
0,1,22,9,337,623,0,0,1,0,0,0,0,2,0.0,0.0,0.0,0.0,1.0,0.0,0.11,6,255,1.0,0.0,0.17,0.05,0.0,0.0,0.0,0,57367.0
0,1,46,5,0,0,0,0,0,0,0,0,0,110,1.0,1.0,0.0,0.0,0.16,0.05,0.0,255,10,0.04,0.06,0.0,0.0,1.0,1.0,0.0,1,117080.0
0,1,22,9,264,261,0,0,1,0,0,0,0,5,0.0,0.0,0.0,0.0,1.0,0.0,0.0,18,18,1.0,0.0,0.06,0.0,0.0,0.0,0.0,0,41371.0
0,1,22,9,242,299,0,0,1,0,0,0,0,1,0.0,0.0,0.0,0.0,1.0,0.0,1.0,20,255,1.0,0.0,0.05,0.07,0.0,0.0,0.0,0,98757.0
0,1,3,9,10,38,0,0,1,0,0,0,0,2,0.0,0.0,0.0,0.0,0.5,1.0,0.0,255,9,0.04,0.05,0.0,0.0,0.01,0.0,0.0,0,119049.0
0,1,22,9,309,2067,0,0,1,0,0,0,0,1,0.0,0.0,0.0,0.0,1.0,0.0,0.0,11,255,1.0,0.0,0.09,0.03,0.0,0.0,0.0,0,63444.0
0,1,46,5,0,0,0,0,0,0,0,0,0,81,1.0,1.0,0.0,0.0,0.01,0.06,0.0,255,11,0.04,0.06,0.0,0.0,1.0,1.0,0.0,1,29893.0
0,1,54,2,0,0,0,0,0,0,0,0,0,139,0.0,0.0,1.0,1.0,0.09,0.06,0.0,255,13,0.05,0.07,0.0,0.0,0.0,0.0,1.0,1,43398.0
0,1,63,5,0,0,0,0,0,0,0,0,0,141,1.0,1.0,0.0,0.0,0.12,0.05,0.0,255,17,0.07,0.05,0.0,0.0,1.0,1.0,0.0,1,51058.0
0,1,46,5,0,0,0,0,0,0,0,0,0,283,1.0,1.0,0.0,0.0,0.06,0.05,0.0,255,5,0.02,0.08,0.0,0.0,1.0,1.0,0.0,1,45665.0
0,1,53,5,0,0,0,0,0,0,0,0,0,28,1.0,1.0,0.0,0.0,0.39,0.14,0.0,255,11,0.04,0.08,0.0,0.0,1.0,1.0,0.0,1,69686.0
0,1,46,5,0,0,0,0,0,0,0,0,0,38,1.0,1.0,0.0,0.0,0.37,0.13,0.0,255,14,0.05,0.08,0.0,0.0,1.0,1.0,0.0,1,83528.0
0,1,51,9,956,331,0,0,1,0,0,0,0,1,0.0,0.0,0.0,0.0,1.0,0.0,0.0,12,130,0.83,0.17,0.08,0.02,0.0,0.0,0.0,0,50449.0
0,1,33,5,0,0,0,0,0,0,0,0,0,287,1.0,1.0,0.0,0.0,0.07,0.06,0.0,255,19,0.07,0.07,0.0,0.0,1.0,1.0,0.0,1,47754.0
0,1,22,9,336,2103,0,0,1,0,0,0,0,6,0.17,0.29,0.0,0.0,1.0,0.0,0.29,172,255,1.0,0.0,0.01,0.02,0.01,0.01,0.0,0,115786.0
0,1,22,9,295,12771,0,0,1,0,0,0,0,1,0.0,0.0,0.0,0.0,1.0,0.0,0.0,255,255,1.0,0.0,0.0,0.0,0.0,0.0,0.0,0,6452.0
15,1,51,9,848,334,0,0,1,0,0,0,0,1,0.0,0.0,0.0,0.0,1.0,0.0,0.0,217,168,0.67,0.02,0.0,0.01,0.0,0.0,0.0,0,13292.0
0,1,37,5,0,0,0,0,0,0,0,0,0,214,1.0,1.0,0.0,0.0,0.07,0.06,0.0,255,15,0.06,0.07,0.0,0.0,1.0,1.0,0.0,1,14023.0
0,1,22,9,376,642,0,0,1,0,0,0,0,6,0.0,0.0,0.0,0.0,1.0,0.0,0.0,78,255,1.0,0.0,0.01,0.02,0.0,0.0,0.0,0,12352.0
0,1,22,9,253,1977,0,0,1,0,0,0,0,1,0.0,0.0,0.0,0.0,1.0,0.0,0.0,255,252,0.99,0.01,0.0,0.0,0.0,0.0,0.0,0,106621.0
0,1,46,5,0,0,0,0,0,0,0,0,0,102,1.0,1.0,0.0,0.0,0.18,0.06,0.0,255,8,0.03,0.07,0.0,0.0,1.0,1.0,0.0,1,46960.0
0,1,22,1,0,0,0,0,0,0,0,0,0,1,0.0,0.0,1.0,1.0,1.0,0.0,0.0,3,35,1.0,0.0,0.33,0.26,0.0,0.0,1.0,0,117517.0
0,1,22,9,266,529,0,0,1,0,0,0,0,1,0.0,0.0,0.0,0.0,1.0,0.0,0.67,94,255,1.0,0.0,0.01,0.02,0.0,0.0,0.0,0,167.0
0,1,46,1,0,0,0,0,0,0,0,0,0,1,0.0,0.0,1.0,1.0,1.0,0.0,0.0,255,1,0.0,0.96,0.95,0.0,0.0,0.0,1.0,1,44986.0
0,2,11,9,42,125,0,0,0,0,0,0,0,159,0.0,0.0,0.0,0.0,1.0,0.0,0.01,255,255,1.0,0.0,0.0,0.0,0.0,0.0,0.0,0,58159.0
0,1,22,9,274,529,0,0,1,0,0,0,0,8,0.0,0.0,0.0,0.0,1.0,0.0,0.22,9,255,1.0,0.0,0.11,0.02,0.0,0.0,0.0,0,93619.0
0,1,46,5,0,0,0,0,0,0,0,0,0,230,1.0,1.0,0.0,0.0,0.02,0.07,0.0,255,17,0.07,0.07,0.0,0.0,1.0,1.0,0.0,1,110685.0
0,1,19,5,0,0,0,0,0,0,0,0,0,21,1.0,1.0,0.0,0.0,0.19,0.19,0.0,255,43,0.17,0.05,0.01,0.0,1.0,1.0,0.0,1,122619.0
0,1,19,9,8325,0,0,0,0,0,0,0,0,18,0.0,0.0,0.0,0.0,1.0,0.0,0.0,210,72,0.34,0.03,0.34,0.0,0.0,0.0,0.0,0,75226.0
0,1,22,9,284,406,0,0,1,0,0,0,0,1,0.0,0.0,0.0,0.0,1.0,0.0,0.08,3,255,1.0,0.0,0.33,0.06,0.33,0.01,0.01,0,35263.0
1057,2,41,9,147,105,0,0,0,0,0,0,0,2,0.0,0.0,0.0,0.0,1.0,0.0,0.0,255,2,0.01,0.51,0.81,0.0,0.0,0.0,0.0,0,97387.0
0,1,57,5,0,0,0,0,0,0,0,0,0,77,1.0,1.0,0.0,0.0,0.26,0.05,0.0,255,62,0.24,0.02,0.02,0.0,1.0,1.0,0.0,1,12448.0
0,1,51,9,1979,332,0,0,1,0,0,0,0,3,0.0,0.0,0.0,0.0,0.33,1.0,0.0,255,112,0.44,0.14,0.0,0.0,0.0,0.0,0.0,0,78531.0
0,1,36,5,0,0,0,0,0,0,0,0,0,127,1.0,1.0,0.0,0.0,0.02,0.07,0.0,255,2,0.01,0.08,0.0,0.0,1.0,1.0,0.0,1,82439.0
0,1,22,9,224,1538,0,0,1,0,0,0,0,21,0.05,0.05,0.0,0.0,1.0,0.0,0.09,58,255,1.0,0.0,0.02,0.02,0.02,0.0,0.0,0,54368.0
0,1,22,9,335,3200,0,0,1,0,0,0,0,11,0.0,0.0,0.0,0.0,1.0,0.0,0.0,255,255,1.0,0.0,0.0,0.0,0.0,0.0,0.0,0,119563.0
0,1,22,9,238,3862,0,0,1,0,0,0,0,3,0.0,0.0,0.0,0.0,1.0,0.0,0.4,43,255,1.0,0.0,0.02,0.01,0.0,0.0,0.0,0,16101.0
0,1,22,9,268,745,0,0,1,0,0,0,0,2,0.0,0.0,0.0,0.0,1.0,0.0,0.5,97,255,1.0,0.0,0.01,0.03,0.0,0.0,0.0,0,91139.0
0,1,46,5,0,0,0,0,0,0,0,0,0,117,1.0,1.0,0.0,0.0,0.03,0.06,0.0,255,4,0.02,0.07,0.0,0.0,1.0,1.0,0.0,1,49432.0
0,1,46,5,0,0,0,0,0,0,0,0,0,104,1.0,1.0,0.0,0.0,0.06,0.08,0.0,255,6,0.02,0.06,0.0,0.0,1.0,1.0,0.0,1,84835.0
0,1,22,1,0,0,0,0,0,0,0,0,0,1,0.0,0.0,1.0,1.0,1.0,0.0,0.0,14,219,1.0,0.0,0.07,0.16,0.0,0.0,1.0,0,1673.0
1,1,51,9,1444,479,0,0,1,0,0,0,0,1,0.0,0.0,0.0,0.0,1.0,0.0,0.0,255,10,0.04,0.01,0.0,0.0,0.0,0.0,0.0,0,32141.0
0,1,22,9,284,3591,0,0,1,0,0,0,0,3,0.0,0.0,0.0,0.0,1.0,0.0,0.0,3,255,1.0,0.0,0.33,0.02,0.0,0.0,0.0,0,100494.0
0,1,46,5,0,0,0,0,0,0,0,0,0,90,1.0,1.0,0.0,0.0,0.22,0.06,0.0,255,3,0.01,0.07,0.0,0.0,1.0,1.0,0.0,1,64544.0
0,1,8,2,0,0,0,0,0,0,0,0,0,266,0.0,0.0,1.0,1.0,0.04,0.07,0.0,255,10,0.04,0.08,0.0,0.0,0.0,0.0,1.0,1,34816.0
0,1,22,9,356,238,0,0,1,0,0,0,0,1,0.0,0.0,0.0,0.0,1.0,0.0,0.11,3,253,1.0,0.0,0.33,0.21,0.0,0.0,0.8,0,10776.0
0,1,22,5,0,0,0,0,0,0,0,0,0,18,1.0,1.0,0.0,0.0,0.39,0.22,0.0,180,47,0.26,0.02,0.01,0.0,0.99,1.0,0.0,1,120666.0
0,1,46,5,0,0,0,0,0,0,0,0,0,217,1.0,1.0,0.0,0.0,0.03,0.05,0.0,255,6,0.02,0.05,0.0,0.0,1.0,1.0,0.0,1,9885.0
0,1,19,9,11,0,0,0,1,0,0,0,0,1,0.0,0.0,0.0,0.0,1.0,0.0,0.0,184,101,0.49,0.02,0.49,0.02,0.0,0.0,0.0,0,63944.0
0,1,46,4,0,0,0,0,0,0,0,0,0,1,0.0,0.0,1.0,1.0,1.0,0.0,0.0,125,1,0.01,0.05,0.04,0.0,0.0,0.0,1.0,1,21570.0
0,1,22,5,0,0,0,0,0,0,0,0,0,14,0.93,1.0,0.07,0.0,0.93,0.14,0.0,255,59,0.23,0.04,0.0,0.0,1.0,1.0,0.0,1,94952.0
0,2,11,9,45,45,0,0,0,0,0,0,0,169,0.0,0.0,0.0,0.0,0.99,0.01,0.0,255,254,1.0,0.01,0.01,0.0,0.0,0.0,0.0,0,45982.0
0,1,51,9,1104,330,0,0,1,0,0,0,0,1,0.0,0.0,0.0,0.0,1.0,0.0,0.0,255,5,0.02,0.56,0.0,0.0,0.0,0.0,0.0,0,43187.0
0,1,22,5,0,0,0,0,0,0,0,0,0,209,1.0,1.0,0.0,0.0,0.04,0.06,0.0,255,15,0.06,0.08,0.0,0.0,1.0,1.0,0.0,1,106382.0
0,1,17,9,8,221,0,0,0,0,0,0,0,1,0.0,0.0,0.0,0.0,1.0,0.0,0.0,186,5,0.01,0.02,0.01,0.4,0.0,0.0,0.0,0,44579.0
0,2,41,9,516,4,0,0,0,0,0,0,0,182,0.0,0.0,0.0,0.0,1.0,0.0,0.0,182,182,1.0,0.0,1.0,0.0,0.0,0.0,0.0,0,91179.0
0,1,22,9,203,5041,0,0,1,0,0,0,0,4,0.0,0.0,0.0,0.0,1.0,0.0,0.0,17,255,1.0,0.0,0.06,0.05,0.0,0.02,0.01,0,69300.0
5010,1,41,4,1,0,0,0,0,0,0,0,0,1,0.0,0.0,1.0,1.0,1.0,0.0,0.0,255,1,0.0,0.74,1.0,0.0,0.0,0.0,1.0,1,102951.0
0,1,26,5,0,0,0,0,0,0,0,0,0,220,1.0,1.0,0.0,0.0,0.02,0.06,0.0,255,18,0.07,0.07,0.0,0.0,1.0,1.0,0.0,1,48119.0
0,0,13,9,8,0,0,0,0,0,0,0,0,1,0.0,0.0,0.0,0.0,1.0,0.0,1.0,1,65,1.0,0.0,1.0,0.26,0.0,0.0,0.0,1,10752.0
0,1,8,5,0,0,0,0,0,0,0,0,0,230,1.0,1.0,0.0,0.0,0.09,0.06,0.0,255,20,0.08,0.08,0.0,0.0,1.0,1.0,0.0,1,19762.0
0,1,22,9,224,2007,0,0,1,0,0,0,0,10,0.0,0.0,0.0,0.0,1.0,0.0,0.0,231,255,1.0,0.0,0.0,0.02,0.0,0.0,0.0,0,36844.0
0,1,22,9,316,1423,0,0,1,0,0,0,0,14,0.0,0.0,0.0,0.0,1.0,0.0,0.15,255,255,1.0,0.0,0.0,0.0,0.0,0.0,0.0,0,76670.0
0,1,22,9,212,1912,0,0,1,0,0,0,0,16,0.0,0.0,0.0,0.0,1.0,0.0,0.0,175,255,1.0,0.0,0.01,0.02,0.0,0.0,0.0,0,93463.0
0,2,11,9,46,79,0,0,0,0,0,0,0,117,0.0,0.0,0.0,0.0,1.0,0.0,0.0,255,255,1.0,0.0,0.01,0.0,0.0,0.0,0.0,0,37224.0
0,1,46,5,0,0,0,0,0,0,0,0,0,24,1.0,1.0,0.0,0.0,0.46,0.12,0.0,255,16,0.06,0.07,0.0,0.0,1.0,1.0,0.0,1,39497.0
0,1,5,5,0,0,0,0,0,0,0,0,0,131,1.0,1.0,0.0,0.0,0.15,0.06,0.0,255,19,0.07,0.07,0.0,0.0,1.0,1.0,0.0,1,125764.0
0,0,13,9,8,0,0,0,0,0,0,0,0,1,0.0,0.0,0.0,0.0,1.0,0.0,1.0,1,53,1.0,0.0,1.0,0.51,0.0,0.0,0.0,1,78177.0
0,2,11,9,45,134,0,0,0,0,0,0,0,264,0.0,0.0,0.0,0.0,1.0,0.01,0.0,255,251,0.98,0.01,0.0,0.0,0.0,0.0,0.0,0,119226.0
0,1,22,9,212,313,0,0,1,0,0,0,0,26,0.0,0.0,0.0,0.0,1.0,0.0,0.0,255,255,1.0,0.0,0.0,0.0,0.0,0.0,0.0,0,61896.0
0,1,19,9,1830,0,0,0,0,0,0,0,0,5,0.0,0.0,0.0,0.0,1.0,0.0,0.0,255,49,0.19,0.48,0.19,0.0,0.48,0.0,0.0,0,84398.0
0,2,11,9,46,135,0,0,0,0,0,0,0,70,0.0,0.0,0.0,0.0,1.0,0.0,0.01,255,254,1.0,0.01,0.0,0.0,0.0,0.0,0.0,0,97290.0
0,0,13,9,8,0,0,0,0,0,0,0,0,1,0.0,0.0,0.0,0.0,1.0,0.0,1.0,2,104,1.0,0.0,1.0,0.5,0.0,0.0,0.0,1,33214.0
0,1,3,1,0,0,0,0,0,0,0,0,0,251,0.0,0.0,1.0,1.0,0.01,0.07,0.0,255,2,0.01,0.07,0.0,0.0,0.0,0.0,1.0,1,15737.0
0,1,22,9,231,1380,0,0,1,0,0,0,0,7,0.0,0.0,0.0,0.0,1.0,0.0,0.0,255,255,1.0,0.0,0.0,0.0,0.0,0.0,0.0,0,12234.0
0,1,45,4,0,0,0,0,0,0,0,0,0,1,0.0,0.0,1.0,1.0,1.0,0.0,0.0,255,1,0.0,0.76,1.0,0.0,0.0,0.0,1.0,1,109492.0
0,1,56,5,0,0,0,0,0,0,0,0,0,264,1.0,1.0,0.0,0.0,0.02,0.06,0.0,255,4,0.02,0.06,0.0,0.0,1.0,1.0,0.0,1,62723.0
0,2,11,9,46,46,0,0,0,0,0,0,0,104,0.0,0.0,0.0,0.0,1.0,0.0,0.0,255,223,0.87,0.01,0.0,0.0,0.0,0.0,0.0,0,100894.0
0,1,46,1,0,0,0,0,0,0,0,0,0,193,0.1,0.0,0.89,1.0,0.01,1.0,0.0,255,1,0.0,0.89,0.0,0.0,0.07,0.0,1.0,1,94741.0
0,1,38,5,0,0,0,0,0,0,0,0,0,97,1.0,1.0,0.0,0.0,0.11,0.06,0.0,255,11,0.04,0.05,0.0,0.0,1.0,1.0,0.0,1,87438.0
0,2,46,9,105,147,0,0,0,0,0,0,0,11,0.0,0.0,0.0,0.0,0.18,0.18,0.0,255,239,0.94,0.01,0.01,0.0,0.0,0.0,0.0,0,32769.0
0,1,46,5,0,0,0,0,0,0,0,0,0,111,1.0,1.0,0.0,0.0,0.09,0.06,0.0,155,11,0.07,0.1,0.01,0.0,1.0,1.0,0.0,1,606.0
0,1,22,9,232,467,0,0,1,0,0,0,0,1,0.0,0.0,0.0,0.0,1.0,0.0,0.0,3,255,1.0,0.0,0.33,0.04,0.0,0.0,0.0,0,66326.0
3025,2,41,9,145,105,0,0,0,0,0,0,0,1,0.0,0.0,0.0,0.0,1.0,0.0,0.0,255,4,0.02,0.66,0.93,0.0,0.0,0.0,0.0,0,72797.0
0,1,46,5,0,0,0,0,0,0,0,0,0,33,1.0,1.0,0.0,0.0,0.33,0.12,0.0,255,11,0.04,0.08,0.0,0.0,1.0,1.0,0.0,1,61168.0
0,0,14,9,520,0,0,0,0,0,0,0,0,337,0.0,0.0,0.0,0.0,1.0,0.0,0.0,255,255,1.0,0.0,1.0,0.0,0.0,0.0,0.0,1,19588.0
0,1,19,9,192,0,0,0,0,0,0,0,0,2,0.0,0.0,0.0,0.0,1.0,0.0,0.0,18,10,0.56,0.11,0.56,0.0,0.0,0.0,0.0,0,123850.0
0,1,0,9,74,18,0,0,0,0,0,0,0,2,0.0,0.0,0.0,0.0,1.0,0.0,0.0,53,17,0.32,0.04,0.02,0.0,0.0,0.0,0.59,0,66612.0
0,1,22,9,225,1630,0,0,1,0,0,0,0,8,0.0,0.0,0.0,0.0,1.0,0.0,0.08,255,255,1.0,0.0,0.0,0.0,0.0,0.0,0.0,0,26119.0
0,1,22,9,193,765,0,0,1,0,0,0,0,1,0.0,0.0,0.0,0.0,1.0,0.0,0.22,81,255,1.0,0.0,0.01,0.02,0.0,0.0,0.0,0,104846.0
0,0,13,9,8,0,0,0,0,0,0,0,0,1,0.0,0.0,0.0,0.0,1.0,0.0,1.0,1,21,1.0,0.0,1.0,0.52,0.0,0.0,0.0,1,21604.0
0,0,13,9,8,0,0,0,0,0,0,0,0,1,0.0,0.0,0.0,0.0,1.0,0.0,1.0,3,255,1.0,0.0,1.0,0.25,0.0,0.0,0.0,1,93553.0
0,1,22,9,251,426,0,0,1,0,0,0,0,20,0.0,0.0,0.0,0.0,1.0,0.0,0.0,159,255,1.0,0.0,0.01,0.02,0.0,0.0,0.0,0,17728.0
0,1,22,9,236,5476,0,0,1,0,0,0,0,2,0.5,0.5,0.0,0.0,1.0,0.0,0.0,14,255,1.0,0.0,0.07,0.02,0.07,0.0,0.0,0,69516.0
0,1,22,9,242,1771,0,0,1,0,0,0,0,11,0.0,0.0,0.0,0.0,1.0,0.0,0.0,196,255,1.0,0.0,0.01,0.01,0.0,0.0,0.0,0,40523.0
0,1,12,2,0,0,0,0,0,0,0,0,0,295,0.0,0.0,1.0,1.0,0.07,0.05,0.0,255,20,0.08,0.06,0.0,0.0,0.0,0.0,1.0,1,65255.0
5,1,39,9,6,0,0,0,1,0,0,0,0,2,0.0,0.0,0.0,0.0,0.5,1.0,0.0,255,1,0.0,0.03,0.0,0.0,0.0,0.0,0.0,1,101295.0
0,1,22,1,0,0,0,0,0,0,0,0,0,1,0.0,0.0,1.0,1.0,1.0,0.0,1.0,34,248,1.0,0.0,0.03,0.1,0.0,0.0,0.98,0,92127.0
0,1,22,9,377,9949,0,0,1,0,0,0,0,2,0.0,0.0,0.0,0.0,1.0,0.0,0.0,12,255,1.0,0.0,0.08,0.03,0.0,0.0,0.0,0,32003.0
0,1,22,9,232,1423,0,0,1,0,0,0,0,6,0.0,0.0,0.0,0.0,1.0,0.0,0.0,141,255,1.0,0.0,0.01,0.01,0.0,0.0,0.0,0,104978.0
0,1,46,5,0,0,0,0,0,0,0,0,0,207,1.0,1.0,0.0,0.0,0.1,0.06,0.0,255,20,0.08,0.08,0.0,0.0,1.0,1.0,0.0,1,84186.0
0,1,22,9,221,1968,0,0,1,0,0,0,0,5,0.0,0.0,0.0,0.0,1.0,0.0,0.0,40,255,1.0,0.0,0.03,0.04,0.0,0.0,0.0,0,7888.0
27,1,18,9,1475,4152,0,30,1,0,0,0,0,1,0.0,0.0,0.0,0.0,1.0,0.0,0.0,255,47,0.18,0.02,0.0,0.0,0.0,0.0,0.13,0,73857.0
0,1,22,9,225,162,0,0,1,0,0,0,0,1,0.0,0.0,0.0,0.0,1.0,0.0,0.0,22,255,1.0,0.0,0.05,0.04,0.0,0.0,0.0,0,119459.0
0,1,17,9,9,141,0,0,0,0,0,0,0,2,0.0,0.0,0.0,0.0,0.5,1.0,0.0,222,13,0.06,0.02,0.0,0.0,0.0,0.0,0.0,0,9810.0
2729,2,41,9,145,105,0,0,0,0,0,0,0,1,0.0,0.0,0.0,0.0,1.0,0.0,0.0,255,2,0.01,0.79,0.99,0.0,0.0,0.0,0.0,0,37214.0
1,1,51,9,726,330,0,0,1,0,0,0,0,1,0.0,0.0,0.0,0.0,1.0,0.0,1.0,114,130,0.64,0.05,0.01,0.02,0.0,0.0,0.0,0,60686.0
0,1,46,1,0,0,0,0,0,0,0,0,0,227,0.06,0.0,0.89,1.0,0.0,1.0,0.0,255,1,0.0,0.9,0.0,0.0,0.05,0.0,1.0,1,110374.0
0,0,14,9,1032,0,0,0,0,0,0,0,0,250,0.0,0.0,0.0,0.0,1.0,0.0,0.0,255,250,0.98,0.01,0.98,0.0,0.0,0.0,0.0,1,975.0
14238,1,41,4,1,0,0,0,0,0,0,0,0,2,0.0,0.0,1.0,1.0,1.0,0.0,0.0,255,2,0.01,0.68,1.0,0.0,0.0,0.0,1.0,1,41169.0
0,1,46,5,0,0,0,0,0,0,0,0,0,121,1.0,1.0,0.0,0.0,0.08,0.05,0.0,255,10,0.04,0.05,0.0,0.0,1.0,1.0,0.0,1,8779.0
0,1,22,9,312,668,0,0,1,0,0,0,0,16,0.0,0.0,0.0,0.0,1.0,0.0,0.0,51,255,1.0,0.0,0.02,0.07,0.0,0.01,0.01,0,29656.0
0,1,18,2,0,0,0,0,0,0,0,0,0,268,0.0,0.0,1.0,1.0,0.06,0.06,0.0,255,16,0.06,0.07,0.0,0.0,0.0,0.0,1.0,1,75746.0
7,1,51,9,11509,1399,0,0,1,0,0,0,0,1,0.0,0.0,0.0,0.0,1.0,0.0,1.0,23,134,0.7,0.13,0.04,0.01,0.0,0.0,0.0,0,90255.0
0,1,22,5,0,0,0,0,0,0,0,0,0,3,1.0,1.0,0.0,0.0,0.33,0.67,0.0,255,57,0.22,0.04,0.0,0.0,1.0,1.0,0.0,1,108256.0
0,1,46,5,0,0,0,0,0,0,0,0,0,211,1.0,1.0,0.0,0.0,0.05,0.08,0.0,255,10,0.04,0.07,0.0,0.0,1.0,1.0,0.0,1,59094.0
0,2,11,9,46,137,0,0,0,0,0,0,0,153,0.0,0.0,0.0,0.0,1.0,0.0,0.01,255,255,1.0,0.0,0.0,0.0,0.0,0.0,0.0,0,13791.0
25,1,18,9,268,903,0,5,1,0,0,0,0,1,0.0,0.0,0.0,0.0,1.0,0.0,0.0,237,62,0.26,0.3,0.0,0.0,0.0,0.0,0.02,0,117003.0
0,1,46,5,0,0,0,0,0,0,0,0,0,293,1.0,1.0,0.0,0.0,0.05,0.06,0.0,255,12,0.05,0.06,0.0,0.0,1.0,1.0,0.0,1,9767.0
0,1,46,1,0,0,0,0,0,0,0,0,0,246,0.0,0.0,1.0,1.0,0.03,0.06,0.0,255,8,0.03,0.06,0.0,0.0,0.0,0.0,1.0,1,98985.0
0,0,13,9,8,0,0,0,0,0,0,0,0,1,0.0,0.0,0.0,0.0,1.0,0.0,1.0,2,150,1.0,0.0,1.0,0.5,0.0,0.0,0.0,1,10966.0
0,1,22,9,214,1400,0,0,1,0,0,0,0,31,0.0,0.0,0.0,0.0,1.0,0.0,0.0,208,255,1.0,0.0,0.0,0.04,0.0,0.0,0.45,0,69051.0
0,1,22,9,299,392,0,0,1,0,0,0,0,9,0.0,0.0,0.0,0.0,1.0,0.0,0.11,255,255,1.0,0.0,0.0,0.0,0.0,0.0,0.0,0,25159.0
0,1,46,5,0,0,0,0,0,0,0,0,0,127,1.0,1.0,0.0,0.0,0.14,0.05,0.0,255,18,0.07,0.04,0.0,0.0,1.0,1.0,0.0,1,47109.0
0,2,11,9,45,128,0,0,0,0,0,0,0,144,0.0,0.0,0.0,0.0,1.0,0.0,0.01,255,228,0.89,0.01,0.0,0.0,0.0,0.0,0.0,0,8175.0
0,2,41,9,147,0,0,0,0,0,0,0,0,3,0.0,0.0,0.0,0.0,0.33,0.67,0.0,255,1,0.0,0.7,0.95,0.0,0.0,0.0,0.0,0,56535.0
0,1,22,9,326,548,0,0,1,0,0,0,0,2,0.0,0.0,0.0,0.0,1.0,0.0,0.0,4,255,1.0,0.0,0.25,0.04,0.25,0.0,0.0,0,107823.0
0,1,41,1,0,0,0,0,0,0,0,0,0,1,0.0,0.0,1.0,1.0,1.0,0.0,0.0,39,39,1.0,0.0,0.03,0.0,0.0,0.0,1.0,0,34546.0
0,1,17,9,9,223,0,0,0,0,0,0,0,1,0.0,0.0,0.0,0.0,1.0,0.0,0.0,104,7,0.03,0.11,0.01,0.29,0.01,0.0,0.0,0,110152.0
0,1,2,5,0,0,0,0,0,0,0,0,0,255,1.0,1.0,0.0,0.0,0.07,0.07,0.0,255,19,0.07,0.07,0.0,0.0,1.0,1.0,0.0,1,9935.0
0,1,38,5,0,0,0,0,0,0,0,0,0,146,1.0,1.0,0.0,0.0,0.02,0.06,0.0,255,7,0.03,0.05,0.0,0.0,1.0,1.0,0.0,1,1616.0
0,1,46,1,0,0,0,0,0,0,0,0,0,10,0.0,0.0,0.9,1.0,0.1,1.0,0.0,255,1,0.0,0.08,0.0,0.0,0.0,0.0,1.0,1,61169.0
0,0,13,9,8,0,0,0,0,0,0,0,0,1,0.0,0.0,0.0,0.0,1.0,0.0,1.0,2,28,1.0,0.0,1.0,0.54,0.0,0.0,0.0,1,58441.0
0,1,30,5,0,0,0,0,0,0,0,0,0,249,1.0,1.0,0.0,0.0,0.02,0.06,0.0,255,17,0.07,0.08,0.0,0.0,1.0,1.0,0.0,1,45286.0
509,1,57,9,607,21048,0,0,1,3,0,0,0,1,0.0,0.0,0.0,0.0,1.0,0.0,0.0,255,20,0.08,0.06,0.0,0.0,0.55,0.05,0.1,0,77978.0
0,1,57,5,0,0,0,0,0,0,0,0,0,234,1.0,1.0,0.0,0.0,0.06,0.06,0.0,255,15,0.06,0.06,0.0,0.0,1.0,1.0,0.0,1,14392.0
0,0,14,9,30,0,0,0,0,0,0,0,0,1,0.0,0.0,0.0,0.0,1.0,0.0,0.0,255,255,1.0,0.0,1.0,0.0,0.0,0.0,0.0,0,55400.0
0,1,22,9,230,2507,0,0,1,0,0,0,0,3,0.0,0.0,0.0,0.0,1.0,0.0,0.21,255,228,0.89,0.01,0.0,0.0,0.0,0.0,0.0,0,19830.0
0,1,30,1,0,0,0,0,0,0,0,0,0,258,0.0,0.0,1.0,1.0,0.08,0.07,0.0,255,20,0.08,0.07,0.0,0.0,0.0,0.0,1.0,1,104593.0
0,2,11,9,86,0,0,0,0,0,0,0,0,1,0.0,0.0,0.0,0.0,1.0,0.0,1.0,20,20,1.0,0.0,1.0,0.0,0.0,0.0,0.0,0,32461.0
0,1,31,5,0,0,0,0,0,0,0,0,0,115,1.0,1.0,0.0,0.0,0.21,0.06,0.0,255,24,0.09,0.05,0.0,0.0,1.0,1.0,0.0,1,63285.0
0,1,51,9,2368,332,0,0,1,0,0,0,0,1,0.0,0.0,0.0,0.0,1.0,0.0,0.67,49,204,0.84,0.08,0.02,0.01,0.0,0.0,0.0,0,75423.0
0,1,19,9,5929,0,0,0,1,0,0,0,0,2,0.0,0.0,0.0,0.0,1.0,0.0,0.0,72,101,0.44,0.03,0.44,0.03,0.0,0.0,0.0,0,16306.0
1,1,51,9,811,328,0,0,1,0,0,0,0,1,0.0,0.0,0.0,0.0,1.0,0.0,1.0,76,30,0.39,0.04,0.01,0.0,0.0,0.0,0.0,0,12242.0
0,1,22,9,282,2251,0,0,1,0,0,0,0,31,0.0,0.0,0.0,0.0,1.0,0.0,0.09,255,255,1.0,0.0,0.0,0.0,0.0,0.0,0.0,0,57327.0
0,1,22,9,301,2698,0,0,1,0,0,0,1,2,0.0,0.0,0.0,0.0,1.0,0.0,0.0,255,235,0.92,0.02,0.0,0.0,0.0,0.0,0.0,0,123570.0
0,1,22,9,300,821,0,0,1,0,0,0,0,8,0.0,0.0,0.0,0.0,1.0,0.0,0.2,36,255,1.0,0.0,0.03,0.05,0.0,0.01,0.0,0,105551.0
0,1,22,9,222,1226,0,0,1,0,0,0,0,8,0.0,0.0,0.0,0.0,1.0,0.0,0.0,46,255,1.0,0.0,0.02,0.02,0.0,0.0,0.0,0,88910.0
0,2,41,9,133,36,0,0,0,0,0,0,0,2,0.0,0.0,0.5,0.0,0.5,1.0,0.0,152,1,0.01,0.03,0.81,0.0,0.0,0.0,0.0,0,31440.0
0,1,46,5,0,0,0,0,0,0,0,0,0,4,1.0,1.0,0.0,0.0,0.75,0.5,0.0,255,6,0.02,0.08,0.0,0.0,1.0,1.0,0.0,1,107586.0
0,1,19,9,12,0,0,0,0,0,0,0,0,1,0.0,0.0,0.0,0.0,1.0,0.0,0.0,39,5,0.13,0.1,0.13,0.0,0.0,0.0,0.0,0,48094.0
0,1,46,5,0,0,0,0,0,0,0,0,0,58,1.0,1.0,0.0,0.0,0.38,0.07,0.0,255,22,0.09,0.06,0.0,0.0,1.0,1.0,0.0,1,78521.0
0,1,46,5,0,0,0,0,0,0,0,0,0,287,1.0,1.0,0.0,0.0,0.01,0.05,0.0,255,4,0.02,0.05,0.0,0.0,1.0,1.0,0.0,1,70606.0
0,1,22,9,54540,8314,0,2,1,1,0,0,0,5,0.0,0.0,0.0,0.17,1.0,0.0,0.33,255,255,1.0,0.0,0.0,0.0,0.01,0.01,0.02,1,22438.0
4,1,51,9,1002,332,0,0,1,0,0,0,0,1,0.0,0.0,0.0,0.0,1.0,0.0,1.0,246,200,0.78,0.02,0.0,0.01,0.0,0.0,0.0,0,123962.0
2,1,51,9,1651,326,0,0,1,0,0,0,0,1,0.0,0.0,0.0,0.0,1.0,0.0,1.0,22,18,0.82,0.09,0.05,0.0,0.0,0.0,0.0,0,49973.0
0,1,22,9,224,1423,0,0,1,0,0,0,0,8,0.0,0.0,0.0,0.0,1.0,0.0,0.08,255,255,1.0,0.0,0.0,0.0,0.0,0.0,0.0,0,68119.0
0,0,13,9,8,0,0,0,0,0,0,0,0,1,0.0,0.0,0.0,0.0,1.0,0.0,1.0,2,46,1.0,0.0,1.0,0.26,0.0,0.0,0.0,1,20493.0
0,1,22,9,148,6281,0,0,1,0,0,0,0,2,0.0,0.0,0.0,0.0,1.0,0.0,0.0,69,255,1.0,0.0,0.01,0.02,0.0,0.0,0.0,0,17635.0
0,1,46,5,0,0,0,0,0,0,0,0,0,211,1.0,1.0,0.0,0.0,0.05,0.06,0.0,255,18,0.07,0.07,0.0,0.0,1.0,1.0,0.0,1,65114.0
0,1,22,9,218,4393,0,0,1,0,0,0,0,2,0.0,0.0,0.0,0.0,1.0,0.0,0.0,5,255,1.0,0.0,0.2,0.05,0.0,0.01,0.0,0,44010.0
0,2,41,9,147,0,0,0,0,0,0,0,0,1,0.0,0.0,0.0,0.0,1.0,0.0,0.0,255,2,0.01,0.62,0.94,0.0,0.0,0.0,0.0,0,41118.0
0,0,13,9,8,0,0,0,0,0,0,0,0,1,0.0,0.0,0.0,0.0,1.0,0.0,1.0,2,142,1.0,0.0,1.0,0.25,0.0,0.0,0.0,1,49530.0
0,1,17,5,0,0,0,0,0,0,0,0,0,54,1.0,1.0,0.0,0.0,0.26,0.07,0.0,255,54,0.21,0.03,0.01,0.0,1.0,1.0,0.0,1,39752.0
32,1,18,9,1453,4152,0,30,1,0,0,0,0,1,0.0,0.0,0.0,0.0,1.0,0.0,0.0,98,29,0.3,0.04,0.01,0.0,0.0,0.0,0.0,0,93252.0
0,2,41,9,516,4,0,0,0,0,0,0,0,483,0.0,0.0,0.0,0.0,1.0,0.0,0.0,255,255,1.0,0.0,1.0,0.0,0.0,0.0,0.0,0,71436.0
0,1,22,9,317,1484,0,0,1,0,0,0,0,1,0.0,0.0,0.0,0.0,1.0,0.0,0.29,255,255,1.0,0.0,0.0,0.0,0.0,0.0,0.0,0,96401.0
0,2,40,9,48,48,0,0,0,0,0,0,0,1,0.0,0.0,0.0,0.0,1.0,0.0,0.0,41,14,0.34,0.07,0.34,0.0,0.0,0.0,0.0,0,117001.0
0,1,22,9,230,715,0,0,1,0,0,0,0,11,0.0,0.0,0.0,0.0,1.0,0.0,0.0,163,255,1.0,0.0,0.01,0.02,0.0,0.0,0.0,0,19574.0
0,1,16,5,0,0,0,0,0,0,0,0,0,10,1.0,1.0,0.0,0.0,0.3,0.2,0.0,255,3,0.01,0.07,0.0,0.0,1.0,1.0,0.0,1,61704.0
0,1,57,5,0,0,0,0,0,0,0,0,0,279,1.0,1.0,0.0,0.0,0.08,0.05,0.0,255,21,0.08,0.05,0.0,0.0,1.0,1.0,0.0,1,53442.0
0,1,9,5,0,0,0,0,0,0,0,0,0,265,1.0,1.0,0.0,0.0,0.03,0.05,0.0,255,7,0.03,0.05,0.0,0.0,1.0,1.0,0.0,1,22237.0
0,1,46,5,0,0,0,0,0,0,0,0,0,176,1.0,1.0,0.0,0.0,0.01,0.07,0.0,22,1,0.05,0.27,0.05,0.0,0.36,1.0,0.0,1,39162.0
0,1,46,5,0,0,0,0,0,0,0,0,0,68,1.0,1.0,0.0,0.0,0.22,0.09,0.0,255,24,0.09,0.07,0.0,0.0,1.0,1.0,0.0,1,90707.0
0,1,41,1,0,0,0,0,0,0,0,0,0,510,0.19,0.0,0.81,1.0,0.0,1.0,0.0,255,1,0.0,1.0,0.0,0.0,0.16,0.0,1.0,1,90749.0
0,1,46,5,0,0,0,0,0,0,0,0,0,299,1.0,1.0,0.0,0.0,0.02,0.06,0.0,255,3,0.01,0.09,0.0,0.0,1.0,1.0,0.0,1,107212.0
0,2,46,9,1,0,0,0,0,0,0,0,0,14,0.0,0.0,0.0,0.0,0.14,0.29,0.0,255,2,0.01,0.48,0.67,0.0,0.0,0.0,0.0,1,83052.0
0,1,32,1,0,0,0,0,0,0,0,0,0,230,0.0,0.0,1.0,1.0,0.01,0.07,0.0,255,3,0.01,0.08,0.0,0.0,0.0,0.0,1.0,1,91835.0
0,0,13,9,8,0,0,0,0,0,0,0,0,1,0.0,0.0,0.0,0.0,1.0,0.0,1.0,1,9,1.0,0.0,1.0,0.56,0.0,0.0,0.0,1,119242.0
0,1,46,1,0,0,0,0,0,0,0,0,0,87,0.0,0.0,1.0,1.0,0.09,0.07,0.0,255,8,0.03,0.07,0.0,0.0,0.0,0.0,1.0,1,12958.0
0,1,22,9,249,3997,0,0,1,0,0,0,0,5,0.0,0.0,0.0,0.0,1.0,0.0,0.0,166,255,1.0,0.0,0.01,0.02,0.0,0.0,0.0,0,121392.0
0,0,13,9,8,0,0,0,0,0,0,0,0,1,0.0,0.0,0.0,0.0,1.0,0.0,1.0,1,119,1.0,0.0,1.0,0.5,0.0,0.0,0.0,1,82096.0
0,1,17,2,0,0,0,0,0,0,0,0,0,276,0.0,0.0,1.0,1.0,0.03,0.06,0.0,255,8,0.03,0.07,0.0,0.0,0.0,0.0,1.0,1,88513.0
0,1,22,9,195,3712,0,0,1,0,0,0,0,29,0.0,0.0,0.0,0.0,1.0,0.0,0.0,29,255,1.0,0.0,0.03,0.04,0.0,0.0,0.0,0,106993.0
0,0,14,9,1032,0,0,0,0,0,0,0,0,119,0.0,0.0,0.0,0.0,1.0,0.0,0.0,255,119,0.47,0.02,0.47,0.0,0.0,0.0,0.0,1,90800.0
0,1,19,5,0,0,0,0,0,0,0,0,0,54,1.0,1.0,0.0,0.0,0.26,0.07,0.0,134,52,0.25,0.03,0.01,0.04,1.0,0.65,0.0,1,17657.0
0,1,22,9,308,1991,0,0,1,0,0,0,0,5,0.0,0.0,0.0,0.0,1.0,0.0,0.0,255,255,1.0,0.0,0.0,0.0,0.0,0.0,0.0,0,46604.0
0,1,46,5,0,0,0,0,0,0,0,0,0,77,1.0,1.0,0.0,0.0,0.17,0.06,0.0,255,14,0.05,0.05,0.0,0.0,1.0,1.0,0.0,1,44378.0
0,1,44,9,36,130,0,0,1,0,0,0,0,1,0.0,0.0,0.0,0.0,1.0,0.0,0.0,33,3,0.09,0.09,0.03,0.0,0.0,0.0,0.0,0,23650.0
0,2,11,9,41,94,0,0,0,0,0,0,0,1,0.0,0.0,0.0,0.0,1.0,0.0,0.0,62,212,0.61,0.05,0.48,0.01,0.0,0.0,0.0,0,74600.0
0,1,22,5,0,0,0,0,0,0,0,0,0,203,1.0,1.0,0.0,0.0,0.06,0.06,0.0,255,10,0.04,0.07,0.0,0.0,1.0,1.0,0.0,1,115721.0
0,1,22,9,257,490,0,0,1,0,0,0,0,1,0.0,0.0,0.0,0.0,1.0,0.0,0.0,21,255,1.0,0.0,0.05,0.04,0.0,0.0,0.0,0,92961.0
0,1,22,9,224,59063,0,0,1,0,0,0,0,1,0.0,0.0,0.0,0.0,1.0,0.0,0.5,1,255,1.0,0.0,1.0,0.02,0.0,0.0,0.0,0,93475.0
0,1,46,5,0,0,0,0,0,0,0,0,0,79,1.0,1.0,0.0,0.0,0.19,0.06,0.0,255,6,0.02,0.07,0.0,0.0,1.0,1.0,0.0,1,51221.0
0,1,36,5,0,0,0,0,0,0,0,0,0,240,1.0,1.0,0.0,0.0,0.02,0.07,0.0,255,4,0.02,0.08,0.0,0.0,1.0,1.0,0.0,1,111279.0
0,1,46,5,0,0,0,0,0,0,0,0,0,243,1.0,1.0,0.0,0.0,0.06,0.07,0.0,255,9,0.04,0.06,0.0,0.0,1.0,1.0,0.0,1,102759.0
0,1,29,5,0,0,0,0,0,0,0,0,0,269,1.0,1.0,0.0,0.0,0.09,0.05,0.0,255,24,0.09,0.05,0.0,0.0,1.0,1.0,0.0,1,15919.0
0,0,13,9,8,0,0,0,0,0,0,0,0,1,0.0,0.0,0.0,0.0,1.0,0.0,1.0,2,30,1.0,0.0,1.0,0.5,0.0,0.0,0.0,1,96910.0
0,1,63,5,0,0,0,0,0,0,0,0,0,114,1.0,1.0,0.0,0.0,0.04,0.06,0.0,255,4,0.02,0.05,0.0,0.0,1.0,1.0,0.0,1,125831.0
0,1,15,5,0,0,0,0,0,0,0,0,0,145,1.0,1.0,0.0,0.0,0.11,0.06,0.0,255,16,0.06,0.06,0.0,0.0,1.0,1.0,0.0,1,108879.0
1,1,51,9,2077,328,0,0,1,0,0,0,0,1,0.0,0.0,0.0,0.0,1.0,0.0,1.0,211,133,0.55,0.03,0.0,0.02,0.01,0.02,0.0,0,15789.0
1,1,51,9,935,328,0,0,1,0,0,0,0,1,0.0,0.0,0.0,0.0,1.0,0.0,1.0,142,188,0.81,0.04,0.01,0.01,0.0,0.0,0.0,0,76150.0
0,1,22,9,306,1249,0,0,1,0,0,0,0,6,0.0,0.0,0.0,0.0,1.0,0.0,0.0,255,255,1.0,0.0,0.0,0.0,0.0,0.0,0.0,0,7558.0
0,1,22,9,226,1890,0,0,1,0,0,0,0,11,0.0,0.0,0.0,0.0,1.0,0.0,0.0,75,255,1.0,0.0,0.01,0.03,0.0,0.0,0.0,0,40264.0
1,1,51,9,1322,335,0,0,1,0,0,0,0,1,0.0,0.0,0.0,0.0,1.0,0.0,1.0,188,203,0.79,0.02,0.01,0.01,0.0,0.0,0.0,0,51783.0
0,1,51,9,1488,364,0,0,1,0,0,0,0,1,0.0,0.0,0.0,0.0,1.0,0.0,0.0,141,178,0.64,0.04,0.01,0.01,0.0,0.0,0.0,0,79914.0
0,1,57,5,0,0,0,0,0,0,0,0,0,64,0.98,1.0,0.02,0.0,0.23,0.08,0.0,255,35,0.14,0.05,0.01,0.0,1.0,1.0,0.0,1,102262.0
0,1,46,5,0,0,0,0,0,0,0,0,0,122,1.0,1.0,0.0,0.0,0.15,0.05,0.0,255,18,0.07,0.06,0.0,0.0,1.0,1.0,0.0,1,47804.0
2115,2,41,9,147,105,0,0,0,0,0,0,0,6,0.0,0.0,0.0,0.0,0.33,0.5,0.0,255,2,0.01,0.48,0.69,0.0,0.0,0.0,0.0,0,3861.0
0,1,46,4,0,0,0,0,0,0,0,0,0,1,0.0,0.0,1.0,1.0,1.0,0.0,0.0,255,1,0.0,0.85,0.85,0.0,0.0,0.0,1.0,1,70619.0
0,1,52,5,0,0,0,0,0,0,0,0,0,157,1.0,1.0,0.0,0.0,0.01,0.07,0.0,255,1,0.0,0.07,0.0,0.0,1.0,1.0,0.0,1,76613.0
0,1,22,1,0,0,0,0,0,0,0,0,0,1,0.0,0.0,1.0,1.0,1.0,0.0,0.0,19,19,1.0,0.0,0.05,0.0,0.0,0.0,1.0,0,66189.0
15,1,51,9,2400,331,0,0,1,0,0,0,0,1,0.0,0.0,0.0,0.0,1.0,0.0,0.0,54,149,0.63,0.13,0.02,0.01,0.0,0.0,0.0,0,45264.0
0,2,41,9,516,4,0,0,0,0,0,0,0,479,0.0,0.0,0.0,0.0,1.0,0.0,0.0,255,255,1.0,0.0,1.0,0.0,0.0,0.0,0.0,0,76790.0
0,1,31,5,0,0,0,0,0,0,0,0,0,101,1.0,1.0,0.0,0.0,0.11,0.06,0.0,255,11,0.04,0.06,0.0,0.0,1.0,1.0,0.0,1,29678.0
0,1,22,9,226,2344,0,0,1,0,0,0,0,5,0.0,0.0,0.0,0.0,1.0,0.0,0.0,16,16,1.0,0.0,0.06,0.0,0.0,0.0,0.0,0,18784.0
0,1,17,9,6,135,0,0,0,0,0,0,0,1,0.0,0.0,0.0,0.0,1.0,0.0,0.0,255,16,0.06,0.02,0.0,0.0,0.0,0.06,0.0,0,92332.0
0,1,66,5,0,0,0,0,0,0,0,0,0,272,1.0,1.0,0.0,0.0,0.03,0.06,0.0,255,8,0.03,0.07,0.0,0.0,1.0,1.0,0.0,1,31884.0
0,1,46,1,0,0,0,0,0,0,0,0,0,90,0.0,0.0,1.0,1.0,0.18,0.07,0.0,255,29,0.11,0.05,0.0,0.0,0.0,0.0,1.0,1,71151.0
0,1,29,5,0,0,0,0,0,0,0,0,0,54,1.0,1.0,0.0,0.0,0.3,0.09,0.0,255,16,0.06,0.08,0.0,0.0,1.0,1.0,0.0,1,57369.0
0,2,46,9,28,0,3,0,0,0,0,0,0,16,0.0,0.0,0.0,0.0,1.0,0.0,0.0,255,16,0.06,0.02,0.06,0.0,0.0,0.0,0.0,1,42004.0
0,1,22,9,204,7703,0,0,1,0,0,0,0,10,0.0,0.0,0.0,0.0,1.0,0.0,0.0,10,255,1.0,0.0,0.1,0.05,0.0,0.0,0.0,0,40911.0
1,1,51,9,1652,392,0,0,1,0,0,0,0,1,0.0,0.0,0.0,0.0,1.0,0.0,1.0,6,207,1.0,0.0,0.17,0.01,0.0,0.0,0.0,0,103665.0
0,1,22,9,220,2265,0,0,1,0,0,0,0,11,0.0,0.0,0.0,0.0,1.0,0.0,0.0,255,255,1.0,0.0,0.0,0.0,0.0,0.0,0.0,0,88923.0
0,1,22,9,231,1737,0,0,1,0,0,0,0,7,0.0,0.0,0.0,0.0,1.0,0.0,0.25,255,255,1.0,0.0,0.0,0.0,0.0,0.0,0.03,0,28160.0
0,0,14,9,520,0,0,0,0,0,0,0,0,107,0.0,0.0,0.0,0.0,1.0,0.0,0.0,255,255,1.0,0.0,1.0,0.0,0.0,0.0,0.0,1,107968.0
0,1,22,9,302,169,0,0,1,0,0,0,0,11,0.0,0.0,0.0,0.0,1.0,0.0,0.0,122,255,1.0,0.0,0.01,0.01,0.02,0.01,0.0,0,30460.0
0,1,46,5,0,0,0,0,0,0,0,0,0,270,1.0,1.0,0.0,0.0,0.05,0.06,0.0,255,14,0.05,0.05,0.0,0.0,1.0,1.0,0.0,1,9805.0
0,1,22,9,223,391,0,0,1,0,0,0,0,2,0.0,0.0,0.0,0.0,1.0,0.0,0.67,255,255,1.0,0.0,0.0,0.0,0.0,0.0,0.0,0,69274.0
0,1,22,9,305,2271,0,0,1,0,0,0,0,10,0.0,0.0,0.0,0.0,1.0,0.0,0.0,10,255,1.0,0.0,0.1,0.03,0.0,0.0,0.0,0,111491.0
0,1,22,9,325,503,0,0,1,0,0,0,0,12,0.0,0.0,0.0,0.0,1.0,0.0,0.0,44,255,1.0,0.0,0.02,0.02,0.0,0.0,0.0,0,2725.0
0,1,22,9,278,7285,0,0,1,0,0,0,0,12,0.0,0.0,0.0,0.0,1.0,0.0,0.0,34,255,1.0,0.0,0.03,0.03,0.0,0.0,0.0,0,25472.0
0,1,46,5,0,0,0,0,0,0,0,0,0,248,1.0,1.0,0.0,0.0,0.04,0.06,0.0,255,10,0.04,0.09,0.0,0.0,1.0,1.0,0.0,1,86941.0
0,1,7,5,0,0,0,0,0,0,0,0,0,38,1.0,1.0,0.0,0.0,0.18,0.11,0.0,255,7,0.03,0.08,0.0,0.0,1.0,1.0,0.0,1,56170.0
0,1,22,9,241,2565,0,0,1,0,0,0,0,10,0.0,0.0,0.0,0.0,1.0,0.0,0.0,255,255,1.0,0.0,0.0,0.0,0.0,0.0,0.0,0,65223.0
22,1,57,9,542,36605,0,0,1,0,0,0,0,1,0.0,0.0,0.0,0.0,1.0,0.0,0.0,239,52,0.22,0.02,0.0,0.0,0.0,0.0,0.0,0,92510.0
0,1,22,9,212,10053,0,0,1,0,0,0,0,1,0.0,0.0,0.0,0.0,1.0,0.0,0.0,1,255,1.0,0.0,1.0,0.06,0.0,0.0,0.0,0,39517.0
0,0,14,9,1032,0,0,0,0,0,0,0,0,511,0.0,0.0,0.0,0.0,1.0,0.0,0.0,255,196,0.77,0.02,0.77,0.0,0.0,0.0,0.0,1,29419.0
0,1,22,1,0,0,0,0,0,0,0,0,0,1,0.0,0.0,1.0,1.0,1.0,0.0,0.0,5,255,1.0,0.0,0.2,0.06,0.0,0.0,0.95,0,16217.0
0,1,46,1,0,0,0,0,0,0,0,0,0,253,0.0,0.0,1.0,1.0,0.03,0.07,0.0,255,8,0.03,0.09,0.0,0.0,0.0,0.0,1.0,1,6333.0
0,1,46,5,0,0,0,0,0,0,0,0,0,149,1.0,1.0,0.0,0.0,0.02,0.06,0.0,255,2,0.01,0.08,0.0,0.0,1.0,1.0,0.0,1,62727.0
0,0,13,9,8,0,0,0,0,0,0,0,0,1,0.0,0.0,0.0,0.0,1.0,0.0,1.0,2,136,1.0,0.0,1.0,0.5,0.0,0.0,0.0,1,82423.0
0,1,22,9,309,4281,0,0,1,0,0,0,0,5,0.0,0.0,0.0,0.0,1.0,0.0,0.0,21,255,1.0,0.0,0.05,0.05,0.0,0.0,0.0,0,15795.0
0,1,64,5,0,0,0,0,0,0,0,0,0,112,1.0,1.0,0.0,0.0,0.12,0.05,0.0,255,2,0.01,0.07,0.0,0.0,1.0,1.0,0.0,1,82090.0
0,1,7,5,0,0,0,0,0,0,0,0,0,267,1.0,1.0,0.0,0.0,0.02,0.05,0.0,255,5,0.02,0.05,0.0,0.0,1.0,1.0,0.0,1,28364.0
1547,2,41,9,147,105,0,0,0,0,0,0,0,2,0.0,0.0,0.0,0.0,1.0,0.0,0.0,255,2,0.01,0.62,0.89,0.0,0.0,0.0,0.0,0,113859.0
0,2,46,9,105,147,0,0,0,0,0,0,0,5,0.0,0.0,0.0,0.0,0.2,0.4,0.0,255,232,0.91,0.01,0.0,0.0,0.0,0.0,0.0,0,113751.0
0,1,19,9,960,0,0,0,0,0,0,0,0,2,0.0,0.0,0.0,0.0,1.0,0.0,0.0,216,80,0.37,0.03,0.37,0.0,0.01,0.0,0.0,0,105576.0
0,1,22,9,325,2514,0,0,1,0,0,0,0,12,0.0,0.0,0.0,0.0,1.0,0.0,0.12,255,255,1.0,0.0,0.01,0.0,0.0,0.0,0.0,0,40418.0
0,1,22,9,158,2645,0,0,1,0,0,0,0,2,0.0,0.0,0.0,0.0,1.0,0.0,0.0,245,255,1.0,0.0,0.0,0.01,0.0,0.0,0.0,0,82918.0
0,1,22,9,209,1320,0,0,1,0,0,0,0,5,0.0,0.0,0.0,0.0,1.0,0.0,0.0,37,255,1.0,0.0,0.03,0.03,0.0,0.0,0.0,0,27177.0
0,2,11,9,46,130,0,0,0,0,0,0,0,69,0.0,0.0,0.0,0.0,1.0,0.0,0.01,255,255,1.0,0.0,0.0,0.0,0.0,0.0,0.0,0,36749.0
0,1,3,5,0,0,0,0,0,0,0,0,0,244,1.0,1.0,0.0,0.0,0.02,0.07,0.0,255,5,0.02,0.07,0.0,0.0,1.0,1.0,0.0,1,79769.0
0,1,22,9,298,35994,0,0,1,0,0,0,0,9,0.0,0.0,0.0,0.0,1.0,0.0,0.33,26,255,1.0,0.0,0.04,0.03,0.0,0.0,0.0,0,106927.0
0,1,57,5,0,0,0,0,0,0,0,0,0,284,1.0,1.0,0.0,0.0,0.01,0.06,0.0,255,3,0.01,0.06,0.0,0.0,1.0,1.0,0.0,1,112893.0
0,1,46,5,0,0,0,0,0,0,0,0,0,293,1.0,1.0,0.0,0.0,0.06,0.05,0.0,255,18,0.07,0.06,0.0,0.0,1.0,1.0,0.0,1,124020.0
0,1,22,9,300,356,0,0,1,0,0,0,0,25,0.0,0.0,0.0,0.0,1.0,0.0,0.0,75,255,1.0,0.0,0.01,0.02,0.0,0.0,0.0,0,50400.0
0,1,57,2,0,0,0,0,0,0,0,0,0,230,0.0,0.0,1.0,1.0,0.0,0.07,0.0,255,1,0.0,0.07,0.0,0.0,0.0,0.0,1.0,1,120941.0
3,1,46,4,0,0,0,0,0,0,0,0,0,341,0.0,0.0,1.0,1.0,0.01,0.52,0.0,255,2,0.01,0.52,1.0,0.0,0.0,0.0,1.0,1,10520.0
0,1,60,2,0,0,0,0,0,0,0,0,0,189,0.0,0.0,1.0,1.0,0.06,0.06,0.0,255,12,0.05,0.07,0.0,0.0,0.0,0.0,1.0,1,125399.0
0,1,17,5,0,0,0,0,0,0,0,0,0,68,1.0,1.0,0.0,0.0,0.26,0.06,0.0,255,65,0.25,0.02,0.0,0.0,1.0,1.0,0.0,1,36484.0
0,1,19,9,245,0,0,0,1,0,0,1,0,2,0.0,0.0,0.0,0.0,1.0,0.0,0.0,20,2,0.1,0.2,0.1,0.0,0.0,0.0,0.0,0,73762.0
0,2,11,9,44,145,0,0,0,0,0,0,0,123,0.0,0.0,0.0,0.0,1.0,0.0,0.01,255,254,1.0,0.01,0.0,0.0,0.0,0.0,0.0,0,64924.0
0,1,22,9,244,390,0,0,1,0,0,0,0,26,0.0,0.0,0.0,0.0,1.0,0.0,0.0,255,255,1.0,0.0,0.0,0.0,0.0,0.0,0.0,0,33722.0
0,1,22,9,292,5739,0,0,1,0,0,0,0,7,0.0,0.0,0.0,0.0,1.0,0.0,0.11,255,255,1.0,0.0,0.0,0.0,0.0,0.0,0.0,0,19143.0
0,1,51,9,2517,330,0,0,1,0,0,0,0,1,0.0,0.33,0.0,0.0,1.0,0.0,1.0,215,133,0.62,0.02,0.0,0.0,0.0,0.0,0.08,0,125266.0
0,1,22,9,216,260,0,0,1,0,0,0,0,34,0.0,0.0,0.0,0.0,1.0,0.0,0.0,34,255,1.0,0.0,0.03,0.03,0.0,0.0,0.0,0,4575.0
0,1,9,5,0,0,0,0,0,0,0,0,0,233,1.0,1.0,0.0,0.0,0.1,0.05,0.0,255,23,0.09,0.05,0.0,0.0,1.0,1.0,0.0,1,37974.0
0,1,22,9,226,498,0,0,1,0,0,0,0,13,0.0,0.0,0.0,0.0,1.0,0.0,0.0,255,255,1.0,0.0,0.0,0.0,0.0,0.0,0.0,0,78456.0
0,1,22,9,242,4787,0,0,1,0,0,0,0,6,0.0,0.0,0.0,0.0,1.0,0.0,0.21,22,140,1.0,0.0,0.05,0.04,0.0,0.0,0.0,0,33025.0
0,1,22,9,257,1968,0,0,1,0,0,0,0,8,0.0,0.0,0.0,0.0,1.0,0.0,0.3,238,255,1.0,0.0,0.0,0.02,0.0,0.0,0.0,0,123543.0
0,1,22,9,293,4937,0,0,1,0,0,0,0,18,0.0,0.0,0.0,0.0,1.0,0.0,0.0,69,255,1.0,0.0,0.01,0.02,0.0,0.0,0.0,0,4530.0
0,1,22,9,300,1380,0,0,1,0,0,0,0,2,0.0,0.0,0.0,0.0,1.0,0.0,0.06,255,247,0.97,0.01,0.0,0.0,0.0,0.0,0.0,0,63482.0
0,0,13,9,8,0,0,0,0,0,0,0,0,1,0.0,0.0,0.0,0.0,1.0,0.0,1.0,2,114,1.0,0.0,1.0,0.25,0.0,0.0,0.0,1,83145.0
0,1,46,1,0,0,0,0,0,0,0,0,0,102,0.07,0.0,0.93,1.0,0.01,1.0,0.0,255,1,0.0,0.67,0.0,0.0,0.03,0.0,1.0,1,54554.0
0,1,33,5,0,0,0,0,0,0,0,0,0,262,1.0,1.0,0.0,0.0,0.01,0.06,0.0,255,2,0.01,0.06,0.0,0.0,1.0,1.0,0.0,1,114077.0
0,1,54,5,0,0,0,0,0,0,0,0,0,297,1.0,1.0,0.0,0.0,0.0,0.06,0.0,255,4,0.02,0.07,0.0,0.0,1.0,1.0,0.0,1,87582.0
0,1,46,5,0,0,0,0,0,0,0,0,0,214,1.0,1.0,0.0,0.0,0.04,0.07,0.0,255,9,0.04,0.06,0.0,0.0,1.0,1.0,0.0,1,90199.0
0,1,22,9,199,1246,0,0,1,0,0,0,0,22,0.0,0.0,0.0,0.0,1.0,0.0,0.0,36,255,1.0,0.0,0.03,0.04,0.0,0.01,0.01,0,13470.0
0,1,22,9,213,1326,0,0,1,0,0,0,0,9,0.0,0.0,0.0,0.0,1.0,0.0,0.0,102,255,1.0,0.0,0.01,0.03,0.0,0.0,0.0,0,78147.0
0,1,19,9,383,0,0,0,1,0,0,0,0,2,0.0,0.0,0.0,0.0,1.0,0.0,0.0,10,74,0.9,0.2,0.9,0.04,0.0,0.0,0.0,0,102658.0
0,2,41,9,145,0,0,0,0,0,0,0,0,1,0.0,0.0,0.0,0.0,1.0,0.0,0.0,255,1,0.0,0.62,0.88,0.0,0.0,0.0,0.0,0,43651.0
0,1,46,5,0,0,0,0,0,0,0,0,0,127,1.0,1.0,0.0,0.0,0.04,0.06,0.0,30,5,0.17,0.13,0.03,0.0,1.0,1.0,0.0,1,93807.0
9555,1,41,4,1,0,0,0,0,0,0,0,0,2,0.0,0.0,1.0,1.0,1.0,0.0,0.0,255,2,0.01,0.74,1.0,0.0,0.0,0.0,1.0,1,53104.0
0,1,39,5,0,0,0,0,0,0,0,0,0,108,1.0,1.0,0.0,0.0,0.18,0.06,0.0,255,6,0.02,0.07,0.0,0.0,1.0,1.0,0.0,1,53145.0
0,1,16,5,0,0,0,0,0,0,0,0,0,120,1.0,1.0,0.0,0.0,0.16,0.06,0.0,255,19,0.07,0.05,0.0,0.0,1.0,1.0,0.0,1,77716.0
0,1,22,9,189,9692,0,0,1,0,0,0,0,5,0.0,0.0,0.0,0.0,1.0,0.0,0.22,255,255,1.0,0.0,0.0,0.0,0.0,0.0,0.0,0,66542.0
0,1,22,9,251,1973,0,0,1,0,0,0,0,2,0.0,0.0,0.0,0.0,1.0,0.0,0.0,255,255,1.0,0.0,0.0,0.0,0.0,0.0,0.0,0,89808.0
0,1,46,5,0,0,0,0,0,0,0,0,0,101,1.0,1.0,0.0,0.0,0.01,0.07,0.0,2,1,0.5,1.0,0.5,0.0,1.0,1.0,0.0,1,43318.0
0,1,19,9,7422,0,0,0,1,0,0,0,0,10,0.0,0.0,0.0,0.0,1.0,0.0,0.0,255,81,0.32,0.02,0.32,0.0,0.0,0.0,0.0,0,115736.0
2,1,51,9,980,330,0,0,1,0,0,0,0,1,0.0,0.0,0.0,0.0,1.0,0.0,1.0,77,201,0.78,0.04,0.01,0.01,0.01,0.0,0.0,0,83436.0
0,1,57,5,0,0,0,0,0,0,0,0,0,244,1.0,1.0,0.0,0.0,0.05,0.06,0.0,255,19,0.07,0.07,0.0,0.0,1.0,1.0,0.0,1,75388.0
0,1,54,2,0,0,0,0,0,0,0,0,0,194,0.0,0.0,1.0,1.0,0.07,0.07,0.0,255,14,0.05,0.08,0.0,0.0,0.0,0.0,1.0,1,76291.0
0,0,13,9,18,0,0,0,0,0,0,0,0,1,0.0,0.0,0.0,0.0,1.0,0.0,0.0,2,70,1.0,0.0,1.0,0.26,0.0,0.0,0.0,1,19097.0
0,1,51,9,1199,334,0,0,1,0,0,0,0,1,0.0,0.0,0.0,0.0,1.0,0.0,0.0,72,236,0.9,0.04,0.01,0.01,0.0,0.0,0.0,0,45243.0
0,1,22,9,338,14496,0,0,1,0,0,0,0,10,0.0,0.0,0.0,0.0,1.0,0.0,0.0,229,255,1.0,0.0,0.0,0.02,0.0,0.0,0.0,0,83368.0
0,2,41,9,1,0,0,0,0,0,0,0,0,11,0.0,0.0,0.0,0.0,0.18,0.55,0.0,255,2,0.01,0.19,1.0,0.0,0.0,0.0,0.0,1,62859.0
1,1,18,9,1224,2449,0,28,1,0,0,0,0,1,0.0,0.0,0.0,0.0,1.0,0.0,0.0,108,6,0.06,0.06,0.01,0.0,0.02,0.0,0.0,0,51297.0
0,1,63,2,0,0,0,0,0,0,0,0,0,115,0.0,0.0,1.0,1.0,0.1,0.07,0.0,255,11,0.04,0.06,0.0,0.0,0.0,0.0,1.0,1,12042.0
0,1,52,5,0,0,0,0,0,0,0,0,0,107,1.0,1.0,0.0,0.0,0.07,0.07,0.0,255,7,0.03,0.07,0.0,0.0,1.0,1.0,0.0,1,112779.0
0,1,7,5,0,0,0,0,0,0,0,0,0,227,1.0,1.0,0.0,0.0,0.08,0.05,0.0,255,19,0.07,0.06,0.0,0.0,1.0,1.0,0.0,1,112152.0
0,1,46,5,0,0,0,0,0,0,0,0,0,271,1.0,1.0,0.0,0.0,0.07,0.04,0.0,255,18,0.07,0.05,0.0,0.0,1.0,1.0,0.0,1,20540.0
0,1,17,5,0,0,0,0,0,0,0,0,0,45,1.0,1.0,0.0,0.0,0.24,0.09,0.0,255,61,0.24,0.02,0.02,0.0,1.0,1.0,0.0,1,60287.0
0,0,13,9,18,0,0,0,0,0,0,0,0,1,0.0,0.0,0.0,0.0,1.0,0.0,0.0,1,166,1.0,0.0,1.0,1.0,0.0,0.0,0.0,1,48786.0
0,1,27,1,0,0,0,0,0,0,0,0,0,126,0.0,0.0,1.0,1.0,0.15,0.07,0.0,255,19,0.07,0.06,0.0,0.0,0.0,0.0,1.0,1,53525.0
0,1,22,9,304,2514,0,0,1,0,0,0,0,2,0.0,0.0,0.0,0.0,1.0,0.0,0.67,255,255,1.0,0.0,0.0,0.0,0.0,0.0,0.0,0,112143.0
0,0,13,9,8,0,0,0,0,0,0,0,0,1,0.0,0.0,0.0,0.0,1.0,0.0,1.0,1,86,1.0,0.0,1.0,0.51,0.0,0.0,0.0,1,101478.0
0,1,4,5,0,0,0,0,0,0,0,0,0,124,1.0,1.0,0.0,0.0,0.07,0.07,0.0,255,9,0.04,0.07,0.0,0.0,1.0,1.0,0.0,1,120272.0
0,1,37,5,0,0,0,0,0,0,0,0,0,240,1.0,1.0,0.0,0.0,0.01,0.07,0.0,255,2,0.01,0.07,0.0,0.0,1.0,1.0,0.0,1,35357.0
0,1,22,5,0,0,0,0,0,0,0,0,0,2,0.5,0.07,0.0,0.0,1.0,0.0,0.29,5,255,1.0,0.0,0.4,0.01,0.2,0.01,0.0,0,48970.0
0,1,46,5,0,0,0,0,0,0,0,0,0,123,1.0,1.0,0.0,0.0,0.03,0.07,0.0,255,2,0.01,0.06,0.0,0.0,1.0,1.0,0.0,1,39337.0
0,1,22,9,269,416,0,0,1,0,0,0,0,3,0.0,0.0,0.0,0.0,1.0,0.0,0.0,47,255,1.0,0.0,0.02,0.03,0.0,0.0,0.0,0,65046.0
0,0,13,9,8,0,0,0,0,0,0,0,0,1,0.0,0.0,0.0,0.0,1.0,0.0,1.0,4,200,1.0,0.0,1.0,0.25,0.0,0.0,0.0,1,15599.0
0,1,46,4,0,0,0,0,0,0,0,0,0,1,0.0,0.0,1.0,1.0,1.0,0.0,0.0,255,1,0.0,0.29,0.58,0.0,0.0,0.0,1.0,1,30418.0
0,2,11,9,46,136,0,0,0,0,0,0,0,97,0.0,0.0,0.0,0.0,1.0,0.0,0.01,255,254,1.0,0.01,0.0,0.0,0.0,0.0,0.0,0,70005.0
0,1,22,9,319,406,0,0,1,0,0,0,0,10,0.0,0.0,0.0,0.0,1.0,0.0,0.2,255,255,1.0,0.0,0.0,0.0,0.0,0.0,0.0,0,36147.0
2,1,51,9,2091,333,0,0,1,0,0,0,0,3,0.33,0.33,0.0,0.0,1.0,0.0,0.0,106,173,0.63,0.06,0.01,0.01,0.01,0.01,0.0,0,21493.0
0,0,13,9,8,0,0,0,0,0,0,0,0,1,0.0,0.0,0.0,0.0,1.0,0.0,1.0,2,32,1.0,0.0,1.0,0.5,0.0,0.0,0.0,1,19072.0
0,1,10,5,0,0,0,0,0,0,0,0,0,275,1.0,1.0,0.0,0.0,0.03,0.06,0.0,255,8,0.03,0.07,0.0,0.0,1.0,1.0,0.0,1,52399.0
0,1,51,9,1049,347,0,0,1,0,0,0,0,1,0.0,0.0,0.0,0.0,1.0,0.0,0.0,92,172,0.83,0.04,0.01,0.01,0.0,0.0,0.0,0,101457.0
0,1,22,9,219,1899,0,0,1,0,0,0,0,10,0.0,0.0,0.0,0.0,1.0,0.0,0.0,10,255,1.0,0.0,0.1,0.05,0.0,0.0,0.0,0,15417.0
0,1,22,9,334,1135,0,0,1,0,0,0,0,1,0.0,0.0,0.0,0.0,1.0,0.0,1.0,255,255,1.0,0.0,0.0,0.0,0.0,0.0,0.0,0,108871.0
0,1,46,1,0,0,0,0,0,0,0,0,0,253,0.0,0.0,1.0,1.0,0.08,0.07,0.0,255,19,0.07,0.08,0.0,0.0,0.0,0.0,1.0,1,45427.0
0,1,41,9,5319,0,0,0,1,0,0,0,0,10,0.0,0.0,0.0,0.0,0.1,0.9,0.0,119,1,0.01,0.09,0.18,0.0,0.0,0.0,0.0,0,51592.0
0,1,46,5,0,0,0,0,0,0,0,0,0,282,1.0,1.0,0.0,0.0,0.05,0.05,0.0,255,2,0.01,0.09,0.0,0.0,1.0,1.0,0.0,1,119641.0
0,0,13,9,8,0,0,0,0,0,0,0,0,1,0.0,0.0,0.0,0.0,1.0,0.0,1.0,1,27,1.0,0.0,1.0,0.52,0.0,0.0,0.0,1,41392.0
36,2,11,9,92,36,0,0,0,0,0,0,0,5,0.0,0.0,0.0,0.0,1.0,0.0,0.33,50,26,0.52,0.06,0.52,0.0,0.0,0.0,0.0,0,17245.0
0,2,46,9,105,145,0,0,0,0,0,0,0,2,0.0,0.0,0.0,0.0,1.0,0.0,0.0,255,245,0.96,0.01,0.01,0.0,0.0,0.0,0.0,0,116670.0
0,1,22,9,54540,8314,0,2,1,1,0,0,0,4,0.0,0.0,0.0,0.0,1.0,0.0,0.0,162,162,1.0,0.0,0.01,0.0,0.0,0.0,0.06,1,95065.0
0,1,22,9,214,3326,0,0,1,0,0,0,0,2,0.0,0.0,0.0,0.0,1.0,0.0,0.44,22,231,1.0,0.0,0.05,0.03,0.0,0.0,0.0,0,41069.0
0,2,11,9,44,72,0,0,0,0,0,0,0,232,0.0,0.0,0.0,0.0,1.0,0.01,0.0,255,254,1.0,0.01,0.01,0.0,0.0,0.0,0.0,0,117258.0
0,1,2,5,0,0,0,0,0,0,0,0,0,124,1.0,1.0,0.0,0.0,0.15,0.06,0.0,255,18,0.07,0.06,0.0,0.0,1.0,1.0,0.0,1,103141.0
0,1,63,5,0,0,0,0,0,0,0,0,0,128,1.0,1.0,0.0,0.0,0.03,0.06,0.0,255,9,0.04,0.06,0.0,0.0,1.0,1.0,0.0,1,5377.0
0,1,22,9,211,359,0,0,1,0,0,0,0,5,0.0,0.0,0.0,0.0,1.0,0.0,0.0,168,255,1.0,0.0,0.01,0.02,0.0,0.0,0.35,0,100905.0
0,1,46,1,0,0,0,0,0,0,0,0,0,1,0.0,0.0,1.0,1.0,1.0,0.0,0.0,27,2,0.04,1.0,0.04,1.0,0.0,0.0,1.0,1,55287.0
0,2,11,9,33,95,0,0,0,0,0,0,0,90,0.0,0.0,0.0,0.0,1.0,0.0,0.0,255,168,0.66,0.01,0.0,0.0,0.0,0.0,0.0,0,38898.0
0,2,46,9,1,0,0,0,0,0,0,0,0,21,0.0,0.0,0.0,0.0,0.29,0.14,0.0,255,13,0.05,0.82,0.2,0.0,0.03,0.0,0.0,1,47045.0
0,1,22,9,212,2809,0,0,1,0,0,0,0,3,0.0,0.0,0.0,0.0,1.0,0.0,0.29,74,255,1.0,0.0,0.01,0.02,0.0,0.0,0.0,0,7814.0
0,1,22,9,215,3814,0,0,1,0,0,0,0,15,0.0,0.0,0.0,0.0,1.0,0.0,0.0,255,255,1.0,0.0,0.0,0.0,0.0,0.0,0.0,0,4173.0
0,1,51,9,796,333,0,0,1,0,0,0,0,1,0.0,0.0,0.0,0.0,1.0,0.0,1.0,152,222,0.88,0.03,0.01,0.01,0.0,0.0,0.03,0,5534.0
0,1,12,5,0,0,0,0,0,0,0,0,0,123,1.0,1.0,0.0,0.0,0.16,0.06,0.0,255,19,0.07,0.07,0.0,0.0,1.0,1.0,0.0,1,28297.0
0,1,55,5,0,0,0,0,0,0,0,0,0,283,1.0,1.0,0.0,0.0,0.06,0.06,0.0,255,4,0.02,0.07,0.0,0.0,1.0,1.0,0.0,1,34683.0
0,1,22,9,236,690,0,0,1,0,0,0,0,10,0.0,0.0,0.0,0.0,1.0,0.0,0.18,255,255,1.0,0.0,0.0,0.0,0.0,0.0,0.0,0,88309.0
0,1,46,5,0,0,0,0,0,0,0,0,0,219,1.0,1.0,0.0,0.0,0.08,0.06,0.0,255,4,0.02,0.08,0.0,0.0,1.0,1.0,0.0,1,82548.0
0,1,5,1,0,0,0,0,0,0,0,0,0,140,0.0,0.0,1.0,1.0,0.12,0.06,0.0,255,17,0.07,0.07,0.0,0.0,0.0,0.0,1.0,1,16421.0
0,1,8,5,0,0,0,0,0,0,0,0,0,254,1.0,1.0,0.0,0.0,0.01,0.06,0.0,255,3,0.01,0.05,0.0,0.0,1.0,1.0,0.0,1,63230.0
0,1,19,9,740,0,0,0,1,0,0,9,0,2,0.0,0.0,0.0,0.0,0.5,1.0,0.0,60,79,0.83,0.03,0.83,0.03,0.0,0.0,0.0,0,77664.0
6,1,51,9,560,328,0,0,1,0,0,0,0,1,0.0,0.0,0.0,0.0,1.0,0.0,0.0,33,149,0.64,0.12,0.03,0.01,0.0,0.01,0.0,0,56388.0
1,1,51,9,1647,328,0,0,1,0,0,0,0,2,0.0,0.0,0.0,0.0,0.5,1.0,1.0,255,15,0.06,0.62,0.0,0.0,0.0,0.0,0.0,0,28320.0
0,1,66,1,0,0,0,0,0,0,0,0,0,225,0.0,0.0,1.0,1.0,0.01,0.07,0.0,255,3,0.01,0.08,0.0,0.0,0.0,0.0,1.0,1,58205.0
0,1,19,9,334,0,0,0,1,0,0,0,0,2,0.0,0.0,0.0,0.0,1.0,0.0,0.75,2,28,1.0,0.0,1.0,0.21,0.0,0.0,0.0,1,59031.0
0,1,22,9,338,1240,0,0,1,0,0,0,0,10,0.0,0.0,0.0,0.0,1.0,0.0,0.18,10,255,1.0,0.0,0.1,0.04,0.0,0.0,0.0,0,5918.0
0,1,63,5,0,0,0,0,0,0,0,0,0,124,1.0,1.0,0.0,0.0,0.02,0.06,0.0,255,3,0.01,0.07,0.0,0.0,1.0,1.0,0.0,1,108874.0
0,1,22,9,188,12446,0,0,1,0,0,0,0,2,0.0,0.0,0.0,0.0,1.0,0.0,0.5,22,255,1.0,0.0,0.05,0.04,0.0,0.0,0.0,0,115180.0
0,1,46,5,0,0,0,0,0,0,0,0,0,98,1.0,1.0,0.0,0.0,0.07,0.06,0.0,255,16,0.06,0.06,0.0,0.0,1.0,1.0,0.0,1,119287.0
0,1,22,9,323,310,0,0,1,0,0,0,0,2,0.0,0.0,0.0,0.0,1.0,0.0,0.0,255,255,1.0,0.0,0.0,0.0,0.0,0.0,0.0,0,71079.0
0,1,57,5,0,0,0,0,0,0,0,0,0,30,1.0,1.0,0.0,0.0,0.23,0.13,0.0,255,51,0.2,0.05,0.0,0.0,1.0,1.0,0.0,1,10163.0
0,2,46,9,215,0,0,0,0,0,0,0,0,1,0.0,0.0,0.0,0.0,1.0,0.0,0.0,89,73,0.82,0.02,0.82,0.0,0.0,0.0,0.0,1,120450.0
0,1,51,9,1163,388,0,0,1,0,0,0,0,1,0.0,0.0,0.0,0.0,1.0,0.0,0.0,255,7,0.03,0.09,0.0,0.0,0.88,0.0,0.0,0,67743.0
0,1,57,2,126,179,0,1,0,0,0,0,0,1,0.0,0.0,1.0,1.0,1.0,0.0,0.0,30,30,1.0,0.0,0.03,0.0,0.07,0.07,0.93,0,109501.0
0,1,22,9,322,511,0,0,1,0,0,0,0,3,0.0,0.0,0.0,0.0,1.0,0.0,0.5,30,255,1.0,0.0,0.03,0.04,0.0,0.0,0.0,0,10667.0
0,0,14,9,1032,0,0,0,0,0,0,0,0,511,0.0,0.0,0.0,0.0,1.0,0.0,0.0,255,59,0.23,0.15,0.23,0.0,0.0,0.0,0.0,1,70811.0
0,0,13,9,8,0,0,0,0,0,0,0,0,1,0.0,0.0,0.0,0.0,1.0,0.0,1.0,2,108,1.0,0.0,1.0,0.5,0.0,0.0,0.0,1,31091.0
0,1,22,9,277,9463,0,0,1,0,0,0,0,5,0.0,0.0,0.0,0.0,1.0,0.0,0.0,5,255,1.0,0.0,0.2,0.05,0.0,0.0,0.0,0,10546.0
0,1,22,9,234,3222,0,0,1,0,0,0,0,1,0.0,0.0,0.0,0.0,1.0,0.0,0.0,255,250,0.98,0.01,0.0,0.0,0.0,0.0,0.0,0,93479.0
0,1,30,1,0,0,0,0,0,0,0,0,0,243,0.0,0.0,1.0,1.0,0.08,0.07,0.0,255,19,0.07,0.08,0.0,0.0,0.0,0.0,1.0,1,120286.0
0,1,22,9,255,5465,0,0,1,0,0,0,0,1,0.0,0.0,0.0,0.0,1.0,0.0,0.0,3,255,1.0,0.0,0.33,0.04,0.0,0.0,0.0,0,17322.0
0,1,64,5,0,0,0,0,0,0,0,0,0,286,1.0,1.0,0.0,0.0,0.01,0.06,0.0,255,4,0.02,0.07,0.0,0.0,1.0,1.0,0.0,1,91348.0
0,2,11,9,45,136,0,0,0,0,0,0,0,191,0.0,0.0,0.0,0.0,1.0,0.0,0.0,116,77,0.66,0.03,0.01,0.0,0.0,0.0,0.0,0,53873.0
0,1,22,9,284,9399,0,0,1,0,0,0,0,9,0.0,0.0,0.0,0.0,1.0,0.0,0.0,9,255,1.0,0.0,0.11,0.06,0.0,0.0,0.0,0,40548.0
0,1,46,5,0,0,0,0,0,0,0,0,0,294,1.0,1.0,0.0,0.0,0.06,0.05,0.0,255,8,0.03,0.08,0.0,0.0,1.0,1.0,0.0,1,112135.0
0,1,46,5,0,0,0,0,0,0,0,0,0,251,1.0,1.0,0.0,0.0,0.02,0.07,0.0,255,16,0.06,0.07,0.0,0.0,1.0,1.0,0.0,1,30119.0
0,1,28,5,0,0,0,0,0,0,0,0,0,150,1.0,1.0,0.0,0.0,0.17,0.05,0.0,255,25,0.1,0.05,0.0,0.0,1.0,1.0,0.0,1,75607.0
0,1,22,9,241,872,0,0,1,0,0,0,0,22,0.0,0.0,0.0,0.0,1.0,0.0,0.0,255,255,1.0,0.0,0.0,0.0,0.0,0.0,0.0,0,30223.0
0,1,51,9,1610,330,0,0,1,0,0,0,0,1,0.0,0.0,0.0,0.0,1.0,0.0,1.0,13,191,0.92,0.15,0.08,0.02,0.0,0.01,0.0,0,116907.0
0,1,66,5,0,0,0,0,0,0,0,0,0,239,1.0,1.0,0.0,0.0,0.08,0.06,0.0,255,19,0.07,0.08,0.0,0.0,1.0,1.0,0.0,1,71854.0
0,1,22,1,0,0,0,0,0,0,0,0,0,1,0.0,0.0,1.0,1.0,1.0,0.0,0.0,26,254,1.0,0.0,0.04,0.16,0.0,0.0,0.98,0,97433.0
820,2,41,9,147,105,0,0,0,0,0,0,0,1,0.0,0.0,0.0,0.0,1.0,0.0,0.0,255,1,0.0,0.45,0.86,0.0,0.0,0.0,0.0,0,29742.0
11371,1,57,9,127,4015,0,0,1,0,0,0,0,1,0.0,0.0,0.0,0.0,1.0,0.0,0.0,23,3,0.13,0.09,0.04,0.0,0.04,0.33,0.0,0,3715.0
0,1,55,5,0,0,0,0,0,0,0,0,0,255,1.0,1.0,0.0,0.0,0.01,0.07,0.0,255,2,0.01,0.07,0.0,0.0,1.0,1.0,0.0,1,118291.0
0,1,5,5,0,0,0,0,0,0,0,0,0,127,1.0,1.0,0.0,0.0,0.06,0.06,0.0,255,8,0.03,0.07,0.0,0.0,1.0,1.0,0.0,1,47249.0
0,1,22,9,224,280,0,0,1,0,0,0,0,5,0.0,0.0,0.0,0.0,1.0,0.0,0.0,255,255,1.0,0.0,0.0,0.0,0.0,0.0,0.0,0,97575.0
0,1,19,9,641,0,0,0,0,0,0,0,0,2,0.0,0.0,0.0,0.0,1.0,0.0,0.0,255,103,0.4,0.02,0.4,0.0,0.0,0.0,0.0,0,58804.0
0,1,22,9,227,405,0,0,1,0,0,0,0,12,0.0,0.0,0.0,0.0,1.0,0.0,0.0,255,255,1.0,0.0,0.0,0.0,0.0,0.0,0.0,0,71631.0
0,1,66,5,0,0,0,0,0,0,0,0,0,216,1.0,1.0,0.0,0.0,0.06,0.06,0.0,255,12,0.05,0.08,0.0,0.0,1.0,1.0,0.0,1,29064.0
0,0,13,9,8,0,0,0,0,0,0,0,0,1,0.0,0.0,0.0,0.0,1.0,0.0,1.0,1,93,1.0,0.0,1.0,0.51,0.0,0.0,0.0,1,41966.0
0,1,19,9,9178,0,0,0,1,0,0,0,0,2,0.0,0.0,0.0,0.0,1.0,0.0,0.0,9,8,0.89,0.22,0.89,0.0,0.0,0.0,0.0,0,85865.0
0,1,56,5,0,0,0,0,0,0,0,0,0,123,1.0,1.0,0.0,0.0,0.14,0.06,0.0,255,11,0.04,0.06,0.0,0.0,1.0,1.0,0.0,1,11049.0
0,1,22,9,283,8987,0,0,1,0,0,0,0,1,0.0,0.0,0.0,0.0,1.0,0.0,0.25,92,255,1.0,0.0,0.01,0.03,0.0,0.0,0.0,0,76239.0
0,1,22,9,312,461,0,0,1,0,0,0,0,27,0.0,0.0,0.0,0.0,1.0,0.0,0.04,27,255,1.0,0.0,0.04,0.04,0.0,0.01,0.0,0,121402.0
0,1,46,5,0,0,0,0,0,0,0,0,0,85,1.0,1.0,0.0,0.0,0.06,0.06,0.0,255,17,0.07,0.06,0.0,0.0,1.0,1.0,0.0,1,6312.0
0,1,46,5,0,0,0,0,0,0,0,0,0,232,1.0,1.0,0.0,0.0,0.01,0.07,0.0,255,2,0.01,0.09,0.0,0.0,1.0,1.0,0.0,1,52575.0
0,1,12,5,0,0,0,0,0,0,0,0,0,215,1.0,1.0,0.0,0.0,0.07,0.07,0.0,255,14,0.05,0.06,0.0,0.0,1.0,1.0,0.0,1,63708.0
0,1,22,9,313,3434,0,0,1,0,0,0,0,11,0.0,0.0,0.0,0.0,1.0,0.0,0.0,11,230,1.0,0.0,0.09,0.04,0.0,0.0,0.0,0,121574.0
0,1,22,9,325,5881,0,0,1,0,0,0,0,1,0.0,0.0,0.0,0.0,1.0,0.0,0.0,56,255,1.0,0.0,0.02,0.02,0.0,0.0,0.0,0,112718.0
25,1,3,9,10,35,0,0,1,0,0,0,0,1,0.0,0.0,0.0,0.0,1.0,0.0,0.0,99,9,0.06,0.06,0.01,0.22,0.0,0.0,0.0,0,102225.0
0,1,39,5,0,0,0,0,0,0,0,0,0,280,1.0,1.0,0.0,0.0,0.05,0.06,0.0,255,2,0.01,0.07,0.0,0.0,1.0,1.0,0.0,1,40166.0
0,1,25,5,0,0,0,0,0,0,0,0,0,209,1.0,1.0,0.0,0.0,0.1,0.06,0.0,255,21,0.08,0.05,0.0,0.0,1.0,1.0,0.0,1,13936.0
0,1,22,9,199,13357,0,0,1,0,0,0,0,1,0.0,0.0,0.0,0.0,1.0,0.0,0.75,15,255,1.0,0.0,0.07,0.06,0.0,0.0,0.0,0,57462.0
0,1,51,9,1194,328,0,0,1,0,0,0,0,1,0.0,0.0,0.0,0.0,1.0,0.0,1.0,168,140,0.69,0.03,0.01,0.01,0.0,0.0,0.0,0,79198.0
0,2,41,9,516,4,0,0,0,0,0,0,0,288,0.0,0.0,0.0,0.0,1.0,0.0,0.0,255,255,1.0,0.0,1.0,0.0,0.0,0.0,0.0,0,28408.0
0,1,22,9,209,3692,0,0,1,0,0,0,0,21,0.0,0.0,0.0,0.0,1.0,0.0,0.0,186,255,1.0,0.0,0.01,0.03,0.0,0.0,0.0,0,117404.0
0,1,46,5,0,0,0,0,0,0,0,0,0,229,1.0,1.0,0.0,0.0,0.01,0.07,0.0,255,6,0.02,0.07,0.0,0.0,1.0,1.0,0.0,1,11878.0
0,0,14,9,1480,0,1,0,0,0,0,0,0,1,0.0,0.0,0.0,0.0,1.0,0.0,0.67,3,151,1.0,0.0,1.0,0.09,0.0,0.0,0.0,1,44426.0
0,0,13,9,8,0,0,0,0,0,0,0,0,1,0.0,0.0,0.0,0.0,1.0,0.0,1.0,3,61,1.0,0.0,1.0,0.26,0.0,0.0,0.0,1,47923.0
0,2,11,9,43,43,0,0,0,0,0,0,0,147,0.0,0.0,0.0,0.0,1.0,0.0,0.0,255,255,1.0,0.0,0.01,0.0,0.0,0.0,0.0,0,36427.0
0,1,46,1,0,0,0,0,0,0,0,0,0,119,0.0,0.0,1.0,1.0,0.14,0.06,0.0,255,15,0.06,0.07,0.0,0.0,0.0,0.0,1.0,1,92324.0
0,1,22,9,196,1532,0,0,1,0,0,0,0,6,0.0,0.0,0.0,0.0,1.0,0.0,0.0,255,255,1.0,0.0,0.0,0.0,0.0,0.0,0.0,0,37835.0
0,1,57,5,0,0,0,0,0,0,0,0,0,38,1.0,1.0,0.0,0.0,0.53,0.05,0.0,62,24,0.35,0.05,0.02,0.08,0.97,0.83,0.0,1,29566.0
0,1,51,9,1171,283,0,0,1,0,0,0,0,1,0.0,0.0,0.0,0.0,1.0,0.0,0.0,105,169,0.79,0.04,0.01,0.01,0.0,0.0,0.0,0,5775.0
0,1,22,9,321,1898,0,0,1,0,0,0,0,4,0.0,0.0,0.0,0.0,1.0,0.0,0.0,4,255,1.0,0.0,0.25,0.1,0.0,0.0,0.0,0,105901.0
0,1,22,9,240,655,0,0,1,0,0,0,0,8,0.0,0.0,0.0,0.0,1.0,0.0,0.12,255,255,1.0,0.0,0.0,0.0,0.0,0.0,0.0,0,36342.0
0,1,22,9,313,2785,0,0,1,0,0,0,0,4,0.0,0.0,0.0,0.0,1.0,0.0,0.33,11,255,1.0,0.0,0.09,0.06,0.0,0.0,0.0,0,109682.0
0,1,22,9,223,403,0,0,1,0,0,0,0,21,0.0,0.0,0.0,0.0,1.0,0.0,0.0,255,255,1.0,0.0,0.0,0.0,0.0,0.0,0.0,0,93474.0
0,1,22,9,217,762,0,0,1,0,0,0,0,22,0.0,0.0,0.0,0.0,1.0,0.0,0.0,255,255,1.0,0.0,0.0,0.0,0.0,0.0,0.0,0,120680.0
0,2,11,9,30,0,0,0,0,0,0,0,0,1,0.0,0.0,0.0,0.0,1.0,0.0,1.0,120,12,0.1,0.05,0.1,0.0,0.01,0.0,0.0,0,107859.0
0,1,19,9,245,0,0,0,0,0,0,0,0,2,0.0,0.0,0.0,0.0,1.0,0.0,0.0,37,46,0.05,0.16,0.05,0.04,0.0,0.0,0.0,0,41554.0
277,1,57,9,221,1549,0,0,1,5,0,0,0,1,0.0,0.0,0.0,0.0,1.0,0.0,0.0,128,24,0.19,0.03,0.01,0.0,0.01,0.04,0.08,0,57107.0
0,1,9,5,0,0,0,0,0,0,0,0,0,243,1.0,1.0,0.0,0.0,0.02,0.07,0.0,255,6,0.02,0.08,0.0,0.0,1.0,1.0,0.0,1,121777.0
0,1,22,9,294,9524,0,0,1,0,0,0,0,1,0.0,0.0,0.0,0.0,1.0,0.0,0.0,174,255,1.0,0.0,0.01,0.01,0.01,0.0,0.0,0,98226.0
0,1,22,9,167,12937,0,0,1,0,0,0,0,9,0.0,0.0,0.0,0.0,1.0,0.0,0.18,9,255,1.0,0.0,0.11,0.04,0.0,0.0,0.01,0,1947.0
1,1,46,3,0,0,0,0,0,0,0,0,0,145,0.71,0.5,0.29,0.5,0.01,0.37,0.0,255,2,0.01,0.21,0.57,0.0,0.4,0.5,0.5,1,36524.0
0,1,22,9,269,2232,0,0,1,0,0,0,0,15,0.0,0.0,0.0,0.0,1.0,0.0,0.16,255,255,1.0,0.0,0.0,0.0,0.0,0.0,0.0,0,12328.0
0,2,41,9,147,0,0,0,0,0,0,0,0,1,0.0,0.0,0.0,0.0,1.0,0.0,0.0,6,1,0.17,0.67,0.83,0.0,0.0,0.0,0.0,0,21697.0
0,1,22,9,223,1761,0,0,1,0,0,0,0,35,0.0,0.0,0.0,0.0,1.0,0.0,0.1,255,255,1.0,0.0,0.0,0.0,0.0,0.0,0.0,0,121891.0
0,1,20,5,0,0,0,0,0,0,0,0,0,30,1.0,1.0,0.0,0.0,0.13,0.13,0.0,255,4,0.02,0.08,0.0,0.0,1.0,1.0,0.0,1,85401.0
0,2,11,9,45,45,0,0,0,0,0,0,0,89,0.0,0.0,0.0,0.0,1.0,0.0,0.0,255,255,1.0,0.0,0.0,0.0,0.0,0.0,0.0,0,26568.0
0,1,22,9,301,2239,0,0,1,0,0,0,0,4,0.0,0.0,0.0,0.0,1.0,0.0,0.4,255,253,0.99,0.01,0.0,0.0,0.0,0.0,0.0,0,110756.0
0,1,22,9,310,1534,0,0,1,0,0,0,0,19,0.0,0.0,0.0,0.0,1.0,0.0,0.05,19,255,1.0,0.0,0.05,0.04,0.0,0.01,0.0,0,113381.0
0,2,41,9,1,0,0,0,0,0,0,0,0,157,0.0,0.0,0.0,0.0,0.04,0.04,0.0,255,7,0.03,0.05,1.0,0.0,0.0,0.0,0.0,1,26134.0
0,1,22,9,299,667,0,0,1,0,0,0,0,12,0.0,0.0,0.0,0.0,1.0,0.0,0.15,255,255,1.0,0.0,0.0,0.0,0.0,0.0,0.0,0,44850.0
0,1,46,1,0,0,0,0,0,0,0,0,0,200,0.0,0.0,1.0,1.0,0.03,0.06,0.0,255,5,0.02,0.08,0.0,0.0,0.0,0.0,1.0,1,78728.0
0,1,46,5,0,0,0,0,0,0,0,0,0,112,1.0,1.0,0.0,0.0,0.11,0.06,0.0,255,2,0.01,0.08,0.0,0.0,1.0,1.0,0.0,1,106919.0
0,1,34,5,0,0,0,0,0,0,0,0,0,268,1.0,1.0,0.0,0.0,0.02,0.06,0.0,255,15,0.06,0.07,0.0,0.0,1.0,1.0,0.0,1,100910.0
0,1,22,5,0,0,0,0,0,0,0,0,0,2,0.5,0.5,0.0,0.0,1.0,0.0,0.0,2,255,1.0,0.0,1.0,0.08,0.5,0.01,0.0,0,119221.0
0,1,46,5,0,0,0,0,0,0,0,0,0,55,1.0,1.0,0.0,0.0,0.09,0.11,0.0,255,8,0.03,0.09,0.0,0.0,1.0,1.0,0.0,1,52166.0
3,1,51,9,1460,328,0,0,1,0,0,0,0,1,0.0,0.0,0.0,0.0,1.0,0.0,1.0,84,171,0.81,0.05,0.01,0.01,0.0,0.0,0.0,0,107234.0
0,1,22,9,227,397,0,0,1,0,0,0,0,6,0.17,0.17,0.0,0.0,1.0,0.0,0.0,255,255,1.0,0.0,0.0,0.0,0.0,0.0,0.0,0,45659.0
0,1,22,1,0,0,0,0,0,0,0,0,0,1,0.0,0.0,1.0,1.0,1.0,0.0,0.0,8,213,1.0,0.0,0.12,0.16,0.0,0.0,0.74,0,108907.0
0,1,46,5,0,0,0,0,0,0,0,0,0,132,1.0,1.0,0.0,0.0,0.07,0.06,0.0,255,13,0.05,0.05,0.0,0.0,1.0,1.0,0.0,1,92643.0
0,1,7,5,0,0,0,0,0,0,0,0,0,242,1.0,1.0,0.0,0.0,0.01,0.06,0.0,255,13,0.05,0.07,0.0,0.0,1.0,1.0,0.0,1,95086.0
0,1,22,9,232,458,0,0,1,0,0,0,0,14,0.0,0.0,0.0,0.0,1.0,0.0,0.17,70,255,1.0,0.0,0.01,0.03,0.0,0.0,0.0,0,11256.0
0,1,22,5,0,0,0,0,0,0,0,0,0,7,0.14,0.14,0.0,0.0,1.0,0.0,0.0,61,61,1.0,0.0,0.03,0.0,0.02,0.02,0.0,0,105483.0
0,2,11,9,44,119,0,0,0,0,0,0,0,65,0.0,0.0,0.0,0.0,0.98,0.03,0.0,255,233,0.91,0.01,0.0,0.0,0.0,0.0,0.0,0,11933.0
0,1,19,9,334,0,0,0,1,0,0,0,0,2,0.0,0.0,0.0,0.0,1.0,0.0,0.0,4,24,1.0,0.0,1.0,0.21,0.0,0.0,0.0,1,92959.0
0,1,22,9,54540,8314,0,2,1,1,0,0,0,5,0.0,0.0,0.0,0.0,1.0,0.0,0.0,12,12,1.0,0.0,0.08,0.0,0.0,0.0,0.08,1,45683.0
1079,2,41,9,147,105,0,0,0,0,0,0,0,3,0.0,0.0,0.0,0.0,0.33,0.67,0.0,255,3,0.01,0.54,0.87,0.0,0.0,0.0,0.0,0,35866.0
0,2,11,9,44,85,0,0,0,0,0,0,0,13,0.0,0.0,0.0,0.0,1.0,0.0,0.0,255,251,0.98,0.01,0.0,0.0,0.0,0.0,0.0,0,72364.0
0,2,11,9,46,75,0,0,0,0,0,0,0,152,0.0,0.0,0.0,0.0,1.0,0.0,0.0,255,254,1.0,0.01,0.0,0.0,0.0,0.0,0.0,0,25629.0
0,1,22,9,212,2739,0,0,1,0,0,0,0,10,0.0,0.0,0.0,0.0,1.0,0.0,0.0,92,187,1.0,0.0,0.01,0.03,0.0,0.0,0.0,0,22244.0
0,1,25,5,0,0,0,0,0,0,0,0,0,263,1.0,1.0,0.0,0.0,0.04,0.06,0.0,255,11,0.04,0.07,0.0,0.0,1.0,1.0,0.0,1,64742.0
0,1,17,5,0,0,0,0,0,0,0,0,0,245,1.0,1.0,0.0,0.0,0.05,0.06,0.0,255,3,0.01,0.09,0.0,0.0,1.0,1.0,0.0,1,104718.0
0,1,30,5,0,0,0,0,0,0,0,0,0,235,1.0,1.0,0.0,0.0,0.05,0.07,0.0,255,12,0.05,0.07,0.0,0.0,1.0,1.0,0.0,1,44813.0
0,2,11,9,43,139,0,0,0,0,0,0,0,73,0.0,0.0,0.0,0.0,1.0,0.0,0.01,255,255,1.0,0.0,0.0,0.0,0.0,0.0,0.0,0,67205.0
0,1,34,5,0,0,0,0,0,0,0,0,0,248,1.0,1.0,0.0,0.0,0.01,0.06,0.0,255,2,0.01,0.07,0.0,0.0,1.0,1.0,0.0,1,73514.0
0,1,46,5,0,0,0,0,0,0,0,0,0,264,1.0,1.0,0.0,0.0,0.05,0.06,0.0,255,17,0.07,0.08,0.0,0.0,1.0,1.0,0.0,1,33116.0
0,1,26,5,0,0,0,0,0,0,0,0,0,169,1.0,1.0,0.0,0.0,0.04,0.07,0.0,255,6,0.02,0.07,0.0,0.0,1.0,1.0,0.0,1,38697.0
0,1,18,5,0,0,0,0,0,0,0,0,0,244,1.0,1.0,0.0,0.0,0.03,0.07,0.0,255,5,0.02,0.07,0.0,0.0,1.0,1.0,0.0,1,17783.0
0,1,22,9,212,259,0,0,1,0,0,0,0,32,0.0,0.0,0.0,0.0,1.0,0.0,0.0,255,255,1.0,0.0,0.0,0.0,0.0,0.0,0.0,0,67578.0
0,1,22,9,232,9534,0,0,1,0,0,0,0,1,0.0,0.0,0.0,0.0,1.0,0.0,0.0,44,249,1.0,0.0,0.02,0.1,0.0,0.0,0.95,0,100829.0
0,2,11,9,45,130,0,0,0,0,0,0,0,2,0.0,0.0,0.0,0.0,1.0,0.0,0.03,60,208,0.7,0.05,0.7,0.01,0.0,0.0,0.0,0,125585.0
0,1,22,9,320,12922,0,0,1,0,0,0,0,30,0.0,0.0,0.0,0.0,1.0,0.0,0.0,129,255,1.0,0.0,0.01,0.01,0.0,0.0,0.0,0,61937.0
0,2,11,9,44,44,0,0,0,0,0,0,0,80,0.0,0.0,0.0,0.0,1.0,0.0,0.01,255,254,1.0,0.01,0.0,0.0,0.0,0.0,0.0,0,50453.0
0,1,33,5,0,0,0,0,0,0,0,0,0,237,1.0,1.0,0.0,0.0,0.01,0.07,0.0,255,3,0.01,0.07,0.0,0.0,1.0,1.0,0.0,1,48170.0
0,1,19,5,0,0,0,0,0,0,0,0,0,248,1.0,1.0,0.0,0.0,0.03,0.06,0.0,255,7,0.03,0.07,0.0,0.0,1.0,1.0,0.0,1,121647.0
0,1,36,5,0,0,0,0,0,0,0,0,0,275,1.0,1.0,0.0,0.0,0.09,0.05,0.0,255,25,0.1,0.05,0.0,0.0,1.0,1.0,0.0,1,82465.0
0,1,56,5,0,0,0,0,0,0,0,0,0,124,1.0,1.0,0.0,0.0,0.15,0.06,0.0,255,12,0.05,0.06,0.0,0.0,1.0,1.0,0.0,1,91223.0
0,1,22,9,373,6752,0,0,1,0,0,0,0,9,0.0,0.0,0.0,0.0,1.0,0.0,0.0,56,255,1.0,0.0,0.02,0.04,0.0,0.0,0.0,0,28204.0
0,1,46,5,0,0,0,0,0,0,0,0,0,248,1.0,1.0,0.0,0.0,0.03,0.06,0.0,255,19,0.07,0.07,0.0,0.0,1.0,1.0,0.0,1,19787.0
0,2,11,9,42,42,0,0,0,0,0,0,0,19,0.0,0.0,0.0,0.0,1.0,0.0,0.1,255,254,1.0,0.01,0.01,0.0,0.0,0.0,0.0,0,5875.0
0,1,22,9,212,267,0,0,1,0,0,0,0,17,0.0,0.0,0.0,0.0,1.0,0.0,0.11,46,255,1.0,0.0,0.02,0.02,0.0,0.0,0.0,0,108740.0
0,1,46,5,0,0,0,0,0,0,0,0,0,137,1.0,1.0,0.0,0.0,0.06,0.06,0.0,255,14,0.05,0.06,0.0,0.0,1.0,1.0,0.0,1,124641.0
0,2,41,9,516,4,0,0,0,0,0,0,0,221,0.0,0.0,0.0,0.0,1.0,0.0,0.0,221,221,1.0,0.0,1.0,0.0,0.0,0.0,0.0,0,112975.0
0,1,22,9,263,700,0,0,1,0,0,0,0,29,0.0,0.0,0.0,0.0,1.0,0.0,0.0,128,255,1.0,0.0,0.01,0.01,0.0,0.0,0.0,0,88257.0
0,1,46,5,0,0,0,0,0,0,0,0,0,168,1.0,1.0,0.0,0.0,0.04,0.07,0.0,255,15,0.06,0.08,0.0,0.0,1.0,1.0,0.0,1,62481.0
0,1,22,9,218,765,0,0,1,0,0,0,0,6,0.0,0.0,0.0,0.05,1.0,0.0,0.16,154,255,1.0,0.0,0.01,0.01,0.0,0.0,0.0,0,120441.0
0,0,14,9,1032,0,0,0,0,0,0,0,0,511,0.0,0.0,0.0,0.0,1.0,0.0,0.0,255,41,0.16,0.21,0.16,0.0,0.0,0.0,0.0,1,111324.0
0,2,11,9,36,0,0,0,0,0,0,0,0,5,0.0,0.0,0.0,0.0,1.0,0.0,0.43,5,109,1.0,0.0,1.0,0.02,0.0,0.0,0.0,0,46543.0
0,1,22,9,223,10378,0,0,1,0,0,0,0,10,0.0,0.0,0.0,0.0,1.0,0.0,0.0,255,255,1.0,0.0,0.0,0.0,0.0,0.0,0.0,0,115106.0
0,1,46,5,0,0,0,0,0,0,0,0,0,139,0.99,1.0,0.0,0.0,0.04,0.06,0.0,255,1,0.0,0.07,0.0,0.0,1.0,1.0,0.0,1,90157.0
0,1,22,9,245,357,0,0,1,0,0,0,0,7,0.0,0.0,0.0,0.0,1.0,0.0,0.33,255,255,1.0,0.0,0.0,0.0,0.0,0.0,0.0,0,7071.0
0,1,17,5,0,0,0,0,0,0,0,0,0,35,1.0,1.0,0.0,0.0,0.26,0.11,0.0,115,34,0.25,0.03,0.03,0.06,1.0,0.85,0.0,1,4939.0
0,1,46,5,0,0,0,0,0,0,0,0,0,134,1.0,1.0,0.0,0.0,0.13,0.07,0.0,255,19,0.07,0.07,0.0,0.0,1.0,1.0,0.0,1,38935.0
0,1,46,5,0,0,0,0,0,0,0,0,0,126,0.99,1.0,0.0,0.0,0.16,0.06,0.0,255,4,0.02,0.06,0.0,0.0,1.0,1.0,0.0,1,20955.0
0,1,46,5,0,0,0,0,0,0,0,0,0,174,1.0,1.0,0.0,0.0,0.07,0.07,0.0,255,13,0.05,0.06,0.0,0.0,1.0,1.0,0.0,1,69967.0
0,2,11,9,42,42,0,0,0,0,0,0,0,15,0.0,0.0,0.0,0.0,1.0,0.0,0.12,255,250,0.98,0.01,0.01,0.0,0.0,0.0,0.0,0,101006.0
0,1,19,9,245,0,0,0,0,0,0,0,0,2,0.0,0.0,0.0,0.0,0.5,1.0,0.0,255,78,0.31,0.03,0.31,0.0,0.0,0.0,0.0,0,124439.0
0,1,27,1,0,0,0,0,0,0,0,0,0,111,0.0,0.0,1.0,1.0,0.16,0.07,0.0,255,18,0.07,0.06,0.0,0.0,0.0,0.0,1.0,1,43485.0
2,1,51,9,1063,278,0,0,1,0,0,0,0,1,0.0,0.0,0.0,0.0,1.0,0.0,1.0,255,167,0.65,0.02,0.0,0.0,0.0,0.0,0.0,0,62886.0
2,1,51,9,1005,330,0,0,1,0,0,0,1,1,0.0,0.0,0.0,0.0,1.0,0.0,0.0,215,118,0.55,0.02,0.0,0.0,0.0,0.0,0.0,0,120988.0
0,2,11,9,43,43,0,0,0,0,0,0,0,197,0.0,0.0,0.0,0.0,1.0,0.0,0.0,255,255,1.0,0.0,0.01,0.0,0.0,0.0,0.0,0,112905.0
0,1,22,9,227,23473,0,0,1,0,0,0,0,7,0.0,0.0,0.0,0.0,1.0,0.0,0.0,91,255,1.0,0.0,0.01,0.03,0.0,0.0,0.0,0,17829.0
0,2,46,9,100,0,0,0,0,0,0,0,0,3,0.0,0.0,0.0,0.0,1.0,0.0,0.0,134,24,0.18,0.01,0.18,0.0,0.0,0.0,0.0,0,69855.0
0,1,22,9,320,2367,0,0,1,0,0,0,0,3,0.0,0.0,0.0,0.0,1.0,0.0,0.06,20,255,1.0,0.0,0.05,0.07,0.0,0.0,0.0,0,73937.0
0,1,19,9,334,0,0,0,1,0,0,0,0,2,0.0,0.0,0.0,0.0,1.0,0.0,0.0,9,21,1.0,0.0,1.0,0.19,0.0,0.0,0.0,1,58536.0
0,1,22,9,209,736,0,0,1,0,0,0,0,2,0.0,0.0,0.0,0.0,1.0,0.0,0.67,122,255,1.0,0.0,0.01,0.02,0.02,0.01,0.0,0,45833.0
0,1,22,9,338,4156,0,0,1,0,0,0,0,20,0.0,0.0,0.0,0.0,1.0,0.0,0.06,42,255,1.0,0.0,0.02,0.04,0.0,0.0,0.0,0,34509.0
0,1,17,5,0,0,0,0,0,0,0,0,0,68,1.0,1.0,0.0,0.0,0.28,0.06,0.0,148,44,0.26,0.03,0.01,0.05,1.0,0.89,0.0,1,123447.0
0,1,22,9,238,7339,0,0,1,0,0,0,0,4,0.0,0.0,0.0,0.0,1.0,0.0,0.0,116,255,1.0,0.0,0.01,0.02,0.0,0.0,0.0,0,87671.0
0,1,22,9,239,655,0,0,1,0,0,0,0,21,0.0,0.0,0.0,0.0,1.0,0.0,0.11,187,255,1.0,0.0,0.01,0.03,0.0,0.0,0.0,0,13257.0
0,1,66,5,0,0,0,0,0,0,0,0,0,290,1.0,1.0,0.0,0.0,0.07,0.06,0.0,255,19,0.07,0.07,0.0,0.0,1.0,1.0,0.0,1,13650.0
0,2,46,9,215,0,0,0,0,0,0,0,0,1,0.0,0.0,0.0,0.0,1.0,0.0,0.0,1,1,1.0,0.0,1.0,0.0,0.0,0.0,0.0,1,10012.0
0,1,32,5,0,0,0,0,0,0,0,0,0,234,1.0,1.0,0.0,0.0,0.01,0.07,0.0,255,2,0.01,0.08,0.0,0.0,1.0,1.0,0.0,1,96356.0
0,2,46,9,105,145,0,0,0,0,0,0,0,2,0.0,0.0,0.0,0.0,0.5,1.0,0.0,255,227,0.89,0.01,0.0,0.0,0.0,0.0,0.0,0,5080.0
0,1,19,9,12241,0,0,0,1,0,0,0,0,7,0.0,0.0,0.0,0.0,1.0,0.0,0.0,198,111,0.44,0.02,0.44,0.02,0.0,0.0,0.0,0,63847.0
0,1,46,5,0,0,0,0,0,0,0,0,0,121,1.0,1.0,0.0,0.0,0.01,0.07,0.0,255,1,0.0,0.09,0.0,0.0,1.0,1.0,0.0,1,15173.0
0,1,19,9,71,0,0,0,1,0,0,0,0,150,0.99,0.0,0.0,0.0,0.01,0.07,0.0,255,1,0.0,0.06,0.0,0.0,1.0,0.0,0.0,0,92471.0
0,1,4,5,0,0,0,0,0,0,0,0,0,211,1.0,1.0,0.0,0.0,0.03,0.05,0.0,169,6,0.04,0.07,0.01,0.0,0.99,1.0,0.0,1,113425.0
0,1,36,5,0,0,0,0,0,0,0,0,0,196,1.0,1.0,0.0,0.0,0.03,0.07,0.0,255,5,0.02,0.07,0.0,0.0,1.0,1.0,0.0,1,97368.0
1,1,51,9,2701,328,0,0,1,0,0,0,0,1,0.0,0.0,0.0,0.0,1.0,0.0,1.0,181,169,0.79,0.03,0.01,0.01,0.01,0.01,0.0,0,27666.0
0,1,46,5,0,0,0,0,0,0,0,0,0,118,1.0,1.0,0.0,0.0,0.06,0.08,0.0,255,9,0.04,0.07,0.0,0.0,1.0,1.0,0.0,1,78830.0
0,1,22,9,225,2117,0,0,1,0,0,0,0,2,0.0,0.0,0.0,0.0,1.0,0.0,0.0,7,255,1.0,0.0,0.14,0.06,0.0,0.0,0.0,0,10127.0
0,1,46,5,0,0,0,0,0,0,0,0,0,138,1.0,1.0,0.0,0.0,0.14,0.06,0.0,255,19,0.07,0.08,0.0,0.0,1.0,1.0,0.0,1,9758.0
0,1,30,5,0,0,0,0,0,0,0,0,0,251,1.0,1.0,0.0,0.0,0.07,0.06,0.0,255,18,0.07,0.07,0.0,0.0,1.0,1.0,0.0,1,17710.0
0,1,15,5,0,0,0,0,0,0,0,0,0,120,1.0,1.0,0.0,0.0,0.01,0.06,0.0,255,1,0.0,0.05,0.0,0.0,1.0,1.0,0.0,1,18413.0
0,1,22,9,268,259,0,0,1,0,0,0,0,1,0.0,0.0,0.0,0.0,1.0,0.0,0.0,1,255,1.0,0.0,1.0,0.05,0.0,0.0,0.0,0,109527.0
0,1,22,9,228,2698,0,0,1,0,0,0,1,5,0.0,0.0,0.0,0.17,1.0,0.0,0.33,255,234,0.92,0.01,0.0,0.0,0.01,0.01,0.0,0,48360.0
0,1,32,1,0,0,0,0,0,0,0,0,0,1,0.0,0.0,1.0,1.0,1.0,0.0,0.0,38,2,0.03,1.0,0.03,1.0,0.0,0.0,1.0,1,15495.0
0,1,22,9,201,365,0,0,1,0,0,0,0,7,0.0,0.0,0.0,0.0,1.0,0.0,0.0,255,255,1.0,0.0,0.0,0.0,0.0,0.0,0.0,0,39138.0
0,1,22,9,54540,8314,0,2,1,1,0,0,0,3,0.0,0.0,0.0,0.0,1.0,0.0,0.0,109,109,1.0,0.0,0.01,0.0,0.0,0.0,0.01,1,10560.0
0,1,46,5,0,0,0,0,0,0,0,0,0,88,1.0,1.0,0.0,0.0,0.08,0.07,0.0,255,18,0.07,0.07,0.0,0.0,1.0,1.0,0.0,1,53987.0
6,1,57,9,177,3500,0,0,1,0,0,0,0,1,0.0,0.0,0.0,0.0,1.0,0.0,0.0,255,58,0.23,0.02,0.0,0.0,0.0,0.0,0.0,0,84882.0
0,2,11,9,44,70,0,0,0,0,0,0,0,175,0.0,0.0,0.0,0.0,1.0,0.0,0.0,255,227,0.89,0.01,0.0,0.0,0.0,0.0,0.0,0,111578.0
0,0,13,9,18,0,0,0,0,0,0,0,0,1,0.0,0.0,0.0,0.0,1.0,0.0,0.0,1,251,1.0,0.0,1.0,1.0,0.0,0.0,0.0,1,65147.0
0,1,36,5,0,0,0,0,0,0,0,0,0,98,1.0,1.0,0.0,0.0,0.13,0.06,0.0,255,2,0.01,0.07,0.0,0.0,1.0,1.0,0.0,1,58765.0
0,1,19,5,0,0,0,0,0,0,0,0,0,35,1.0,1.0,0.0,0.0,0.43,0.06,0.0,255,55,0.22,0.04,0.01,0.0,1.0,1.0,0.0,1,112934.0
0,1,46,5,0,0,0,0,0,0,0,0,0,72,1.0,1.0,0.0,0.0,0.14,0.07,0.0,255,1,0.0,0.06,0.0,0.0,1.0,1.0,0.0,1,98862.0
0,2,46,9,105,147,0,0,0,0,0,0,0,2,0.0,0.0,0.0,0.0,1.0,0.0,0.0,255,253,0.99,0.01,0.02,0.0,0.0,0.0,0.0,0,101926.0
0,2,11,9,43,43,0,0,0,0,0,0,0,64,0.0,0.0,0.0,0.0,1.0,0.0,0.0,255,255,1.0,0.0,0.0,0.0,0.0,0.0,0.0,0,74994.0
0,1,51,9,6237,398,0,0,1,0,0,0,0,1,0.0,0.0,0.0,0.0,1.0,0.0,1.0,77,156,0.68,0.05,0.01,0.01,0.0,0.0,0.0,0,15183.0
0,1,3,5,0,0,0,0,0,0,0,0,0,149,1.0,1.0,0.0,0.0,0.13,0.05,0.0,255,3,0.01,0.08,0.0,0.0,1.0,1.0,0.0,1,76407.0
0,1,22,9,247,3331,0,0,1,0,0,0,0,26,0.0,0.0,0.0,0.0,1.0,0.0,0.09,155,255,1.0,0.0,0.01,0.02,0.0,0.0,0.0,0,117835.0
0,0,14,9,1032,0,0,0,0,0,0,0,0,197,0.0,0.0,0.0,0.0,1.0,0.0,0.0,255,197,0.77,0.01,0.77,0.0,0.0,0.0,0.0,1,51007.0
0,2,11,9,42,72,0,0,0,0,0,0,0,154,0.0,0.0,0.0,0.0,1.0,0.0,0.0,255,226,0.89,0.01,0.0,0.0,0.0,0.0,0.0,0,14589.0
0,1,41,1,0,0,0,0,0,0,0,0,0,510,0.07,0.0,0.93,1.0,0.0,1.0,0.0,255,1,0.0,1.0,0.0,0.0,0.02,0.0,1.0,1,9655.0
0,2,11,9,42,42,0,0,0,0,0,0,0,275,0.0,0.0,0.0,0.0,1.0,0.0,0.01,255,232,0.91,0.01,0.0,0.0,0.0,0.0,0.0,0,83500.0
0,1,22,9,313,190,0,0,1,0,0,0,0,40,0.0,0.0,0.0,0.0,1.0,0.0,0.09,255,255,1.0,0.0,0.0,0.0,0.0,0.0,0.0,0,27132.0
0,0,14,9,1032,0,0,0,0,0,0,0,0,88,0.0,0.0,0.0,0.0,1.0,0.0,0.0,255,88,0.35,0.02,0.35,0.0,0.0,0.0,0.0,1,5645.0
0,1,17,5,0,0,0,0,0,0,0,0,0,203,1.0,1.0,0.0,0.0,0.07,0.07,0.0,255,15,0.06,0.07,0.0,0.0,1.0,1.0,0.0,1,3628.0
0,1,51,9,2336,496,0,0,1,0,0,0,0,1,0.0,0.0,0.0,0.0,1.0,0.0,0.0,255,33,0.13,0.01,0.0,0.0,0.0,0.0,0.0,0,108460.0
0,1,46,5,0,0,0,0,0,0,0,0,0,209,1.0,1.0,0.0,0.0,0.06,0.07,0.0,255,18,0.07,0.07,0.0,0.0,1.0,1.0,0.0,1,22903.0
0,1,22,9,205,1024,0,0,1,0,0,0,0,3,0.0,0.0,0.0,0.0,1.0,0.0,0.0,3,255,1.0,0.0,0.33,0.06,0.0,0.0,0.01,0,116888.0
0,1,51,9,582,333,0,0,1,0,0,0,0,1,0.0,0.0,0.0,0.0,1.0,0.0,0.0,39,158,0.95,0.05,0.03,0.02,0.0,0.0,0.0,0,48307.0
0,1,22,9,242,669,0,0,1,0,0,0,0,8,0.0,0.0,0.0,0.0,1.0,0.0,0.0,255,255,1.0,0.0,0.0,0.0,0.0,0.0,0.0,0,11449.0
0,1,5,5,0,0,0,0,0,0,0,0,0,110,1.0,1.0,0.0,0.0,0.05,0.06,0.0,255,6,0.02,0.06,0.0,0.0,1.0,1.0,0.0,1,1474.0
5062,1,19,9,5133876,0,0,1,1,0,0,0,0,1,0.0,0.0,0.0,0.0,1.0,0.0,0.0,4,23,1.0,0.0,1.0,0.13,0.0,0.0,0.0,0,93415.0
0,1,22,9,203,1767,0,0,1,0,0,0,0,8,0.0,0.0,0.0,0.0,1.0,0.0,0.0,98,255,1.0,0.0,0.01,0.01,0.0,0.0,0.0,0,73024.0
0,1,46,5,0,0,0,0,0,0,0,0,0,150,1.0,1.0,0.0,0.0,0.06,0.07,0.0,255,9,0.04,0.06,0.0,0.0,1.0,1.0,0.0,1,115691.0
0,1,17,5,0,0,0,0,0,0,0,0,0,284,1.0,1.0,0.0,0.0,0.03,0.05,0.0,255,8,0.03,0.05,0.0,0.0,1.0,1.0,0.0,1,117704.0
0,1,46,5,0,0,0,0,0,0,0,0,0,53,1.0,1.0,0.0,0.0,0.43,0.08,0.0,255,23,0.09,0.06,0.0,0.0,1.0,1.0,0.0,1,114064.0
0,0,62,9,131,0,0,0,0,0,0,0,0,5,0.0,0.0,0.0,0.0,0.4,0.4,0.0,255,5,0.02,0.01,0.02,0.0,0.0,0.0,0.0,0,124000.0
6,1,51,9,2039,325,0,0,1,0,0,0,0,1,0.0,0.0,0.0,0.0,1.0,0.0,0.0,82,34,0.41,0.04,0.01,0.0,0.0,0.0,0.0,0,44745.0
0,1,22,1,0,0,0,0,0,0,0,0,0,1,0.0,0.0,1.0,1.0,1.0,0.0,0.0,1,223,1.0,0.0,1.0,0.14,0.0,0.0,0.97,0,96076.0
0,1,22,9,228,1512,0,0,1,0,0,0,0,5,0.2,0.2,0.0,0.0,1.0,0.0,0.0,212,241,1.0,0.0,0.0,0.01,0.0,0.01,0.03,0,80006.0
0,0,13,9,18,0,0,0,0,0,0,0,0,1,0.0,0.0,0.0,0.0,1.0,0.0,0.0,3,43,1.0,0.0,1.0,0.26,0.0,0.0,0.0,1,17412.0
0,1,51,9,755,280,0,0,1,0,0,0,0,1,0.0,0.0,0.0,0.0,1.0,0.0,0.0,140,101,0.72,0.04,0.01,0.0,0.01,0.02,0.0,0,22259.0
0,1,51,9,1625,329,0,0,1,0,0,0,0,1,0.0,0.0,0.0,0.0,1.0,0.0,0.0,41,17,0.41,0.07,0.02,0.0,0.0,0.0,0.0,0,101434.0
0,1,19,9,1854,0,0,0,1,0,0,0,0,1,0.0,0.0,0.0,0.0,1.0,0.0,1.0,255,64,0.25,0.05,0.25,0.0,0.26,0.0,0.0,0,102256.0
0,1,22,9,328,412,0,0,1,0,0,0,0,4,0.0,0.0,0.0,0.0,1.0,0.0,0.0,255,255,1.0,0.0,0.0,0.0,0.0,0.0,0.0,0,106383.0
0,1,22,10,0,0,0,0,0,0,0,0,0,1,1.0,1.0,0.0,0.0,1.0,0.0,0.0,255,1,0.0,1.0,1.0,0.0,1.0,1.0,0.0,1,105025.0
0,1,57,5,0,0,0,0,0,0,0,0,0,55,1.0,1.0,0.0,0.0,0.24,0.07,0.0,255,58,0.23,0.03,0.01,0.0,1.0,1.0,0.0,1,107110.0
11,1,51,9,11425,1372,0,0,1,0,0,0,0,1,0.0,0.0,0.0,0.0,1.0,0.0,0.0,47,171,0.57,0.04,0.02,0.01,0.0,0.0,0.0,0,95000.0
0,1,22,9,261,7718,0,0,1,0,0,0,0,36,0.0,0.0,0.0,0.0,1.0,0.0,0.0,255,255,1.0,0.0,0.0,0.0,0.0,0.0,0.0,0,101435.0
0,1,22,1,0,0,0,0,0,0,0,0,0,1,0.0,0.0,1.0,1.0,1.0,0.0,0.0,4,121,1.0,0.0,0.25,0.21,0.0,0.0,1.0,0,17205.0
0,1,20,5,0,0,0,0,0,0,0,0,0,296,1.0,1.0,0.0,0.0,0.06,0.06,0.0,255,1,0.0,0.07,0.0,0.0,1.0,1.0,0.0,1,52782.0
2655,2,41,9,145,105,0,0,0,0,0,0,0,1,0.0,0.0,0.0,0.0,1.0,0.0,0.0,255,4,0.02,0.61,0.96,0.0,0.0,0.0,0.0,0,111583.0
0,1,29,5,0,0,0,0,0,0,0,0,0,88,1.0,1.0,0.0,0.0,0.01,0.07,0.0,255,3,0.01,0.07,0.0,0.0,1.0,1.0,0.0,1,80961.0
0,1,22,9,215,11094,0,0,1,0,0,0,0,11,0.0,0.0,0.0,0.0,1.0,0.0,0.17,11,39,1.0,0.0,0.09,0.08,0.0,0.0,0.0,0,28681.0
0,1,46,5,0,0,0,0,0,0,0,0,0,247,1.0,1.0,0.0,0.0,0.09,0.05,0.0,255,22,0.09,0.05,0.0,0.0,1.0,1.0,0.0,1,86425.0
0,1,46,5,0,0,0,0,0,0,0,0,0,200,1.0,1.0,0.0,0.0,0.0,0.06,0.0,255,6,0.02,0.07,0.0,0.0,1.0,1.0,0.0,1,20170.0
0,1,41,9,61298,0,0,0,0,0,0,0,0,11,0.09,0.0,0.0,0.0,0.09,0.82,0.0,187,1,0.01,0.08,0.35,0.0,0.01,0.0,0.0,0,81714.0
0,1,22,9,345,884,0,0,1,0,0,0,0,8,0.0,0.0,0.0,0.0,1.0,0.0,0.12,255,255,1.0,0.0,0.0,0.0,0.0,0.0,0.0,0,14884.0
0,0,14,9,1032,0,0,0,0,0,0,0,0,510,0.0,0.0,0.0,0.0,1.0,0.0,0.0,255,197,0.77,0.02,0.77,0.0,0.0,0.0,0.0,1,8738.0
0,1,51,9,991,334,0,0,1,0,0,0,0,1,0.0,0.0,0.0,0.0,1.0,0.0,0.0,62,150,0.45,0.06,0.02,0.01,0.0,0.0,0.0,0,32530.0
0,1,41,1,0,0,0,0,0,0,0,0,0,510,0.19,0.0,0.81,1.0,0.0,1.0,0.0,255,1,0.0,1.0,0.0,0.0,0.2,0.0,1.0,1,103918.0
0,1,22,9,199,463,0,0,1,0,0,0,0,2,0.0,0.0,0.0,0.0,1.0,0.0,0.67,36,255,1.0,0.0,0.03,0.03,0.0,0.0,0.0,0,98922.0
2,1,22,2,0,0,0,0,1,0,0,0,0,1,0.0,0.0,1.0,0.04,1.0,0.0,0.07,1,255,1.0,0.0,1.0,0.05,0.0,0.0,0.0,0,120118.0
0,1,46,5,0,0,0,0,0,0,0,0,0,194,1.0,1.0,0.0,0.0,0.09,0.06,0.0,255,4,0.02,0.08,0.0,0.0,1.0,1.0,0.0,1,65276.0
0,0,13,9,8,0,0,0,0,0,0,0,0,1,0.0,0.0,0.0,0.0,1.0,0.0,1.0,1,71,1.0,0.0,1.0,0.51,0.0,0.0,0.0,1,68697.0
0,0,13,9,8,0,0,0,0,0,0,0,0,1,0.0,0.0,0.0,0.0,1.0,0.0,1.0,1,129,1.0,0.0,1.0,0.5,0.0,0.0,0.0,1,4541.0
0,2,11,9,43,43,0,0,0,0,0,0,0,229,0.0,0.0,0.0,0.0,1.0,0.01,0.0,255,254,1.0,0.01,0.0,0.0,0.0,0.0,0.0,0,34388.0
0,1,19,9,246,0,0,0,1,0,0,0,0,2,0.0,0.0,0.0,0.0,1.0,0.0,0.67,2,21,1.0,0.0,1.0,0.14,0.0,0.0,0.0,0,115611.0
0,1,22,9,369,124,0,0,1,0,0,0,0,2,0.0,0.0,0.0,0.0,1.0,0.0,0.67,3,170,1.0,0.0,0.33,0.22,0.0,0.0,0.95,0,92601.0
0,1,46,1,0,0,0,0,0,0,0,0,0,71,0.0,0.0,1.0,1.0,0.24,0.07,0.0,255,17,0.07,0.05,0.0,0.0,0.0,0.0,1.0,1,86268.0
0,0,14,9,520,0,0,0,0,0,0,0,0,480,0.0,0.0,0.0,0.0,1.0,0.0,0.0,104,104,1.0,0.0,1.0,0.0,0.0,0.0,0.0,1,63217.0
1,1,51,9,709,339,0,0,1,0,0,0,0,1,0.0,0.0,0.0,0.0,1.0,0.0,0.0,158,145,0.55,0.04,0.01,0.01,0.0,0.0,0.0,0,118825.0
0,1,22,9,161,8444,0,0,1,0,0,0,0,1,0.0,0.0,0.0,0.0,1.0,0.0,0.0,22,255,1.0,0.0,0.05,0.06,0.0,0.0,0.0,0,70196.0
0,1,26,5,0,0,0,0,0,0,0,0,0,233,1.0,1.0,0.0,0.0,0.06,0.07,0.0,255,2,0.01,0.09,0.0,0.0,1.0,1.0,0.0,1,107899.0
0,2,11,9,42,42,0,0,0,0,0,0,0,176,0.0,0.0,0.0,0.0,1.0,0.0,0.0,255,255,1.0,0.0,0.0,0.0,0.0,0.0,0.0,0,2024.0
0,1,46,0,0,0,0,0,0,0,0,0,0,1,0.0,0.0,0.0,0.0,1.0,0.0,0.0,152,1,0.01,0.68,0.68,0.0,0.04,0.0,0.0,1,100136.0
0,1,22,9,224,7491,0,0,1,0,0,0,0,3,0.0,0.0,0.0,0.0,1.0,0.0,0.0,74,254,1.0,0.0,0.01,0.16,0.0,0.0,0.86,0,71887.0
0,1,55,1,0,0,0,0,0,0,0,0,0,139,0.0,0.0,1.0,1.0,0.06,0.06,0.0,255,4,0.02,0.07,0.0,0.0,0.0,0.0,1.0,1,33068.0
0,1,51,9,982,331,0,0,1,0,0,0,0,1,0.0,0.0,0.0,0.0,1.0,0.0,0.0,192,167,0.68,0.03,0.01,0.01,0.01,0.01,0.0,0,86260.0
0,1,46,5,0,0,0,0,0,0,0,0,0,282,1.0,1.0,0.0,0.0,0.05,0.06,0.0,255,2,0.01,0.08,0.0,0.0,1.0,1.0,0.0,1,3990.0
0,1,22,6,255,36500,0,0,1,0,0,0,0,4,0.25,0.25,0.0,0.0,1.0,0.0,0.0,255,255,1.0,0.0,0.0,0.0,0.0,0.0,0.0,0,1674.0
0,1,57,5,0,0,0,0,0,0,0,0,0,263,1.0,1.0,0.0,0.0,0.07,0.06,0.0,255,18,0.07,0.08,0.0,0.0,1.0,1.0,0.0,1,9239.0
1,1,17,9,10,186,0,0,0,0,0,0,0,3,0.0,0.0,0.0,0.0,1.0,0.0,0.0,255,6,0.02,0.02,0.0,0.0,0.0,0.0,0.0,0,80754.0
0,1,24,5,0,0,0,0,0,0,0,0,0,146,1.0,1.0,0.0,0.0,0.15,0.05,0.0,255,22,0.09,0.05,0.0,0.0,1.0,1.0,0.0,1,122550.0
0,1,22,9,210,762,0,0,1,0,0,0,0,1,0.0,0.33,0.0,0.0,1.0,0.0,1.0,231,255,1.0,0.0,0.0,0.01,0.0,0.0,0.0,0,18470.0
0,2,11,9,44,130,0,0,0,0,0,0,0,80,0.0,0.0,0.0,0.0,0.99,0.03,0.01,255,242,0.95,0.01,0.0,0.0,0.0,0.0,0.0,0,18017.0
0,1,46,5,0,0,0,0,0,0,0,0,0,249,1.0,1.0,0.0,0.0,0.05,0.06,0.0,255,14,0.05,0.06,0.0,0.0,1.0,1.0,0.0,1,109841.0
0,1,22,9,235,2698,0,0,1,0,0,0,1,2,0.5,0.5,0.0,0.0,1.0,0.0,0.0,255,241,0.95,0.01,0.0,0.0,0.0,0.0,0.0,0,108710.0
0,1,22,9,355,717,0,0,1,0,0,0,0,22,0.0,0.0,0.0,0.0,1.0,0.0,0.0,159,255,1.0,0.0,0.01,0.03,0.0,0.0,0.0,0,55716.0
0,1,63,5,0,0,0,0,0,0,0,0,0,105,1.0,1.0,0.0,0.0,0.05,0.06,0.0,255,5,0.02,0.05,0.0,0.0,1.0,1.0,0.0,1,15667.0
0,0,14,9,1032,0,0,0,0,0,0,0,0,510,0.0,0.0,0.0,0.0,1.0,0.0,0.0,255,42,0.16,0.18,0.16,0.0,0.0,0.0,0.0,1,112778.0
0,1,64,5,0,0,0,0,0,0,0,0,0,154,1.0,1.0,0.0,0.0,0.08,0.07,0.0,255,7,0.03,0.08,0.0,0.0,1.0,1.0,0.0,1,17839.0
0,1,22,1,0,0,0,0,0,0,0,0,0,1,0.0,0.0,1.0,1.0,1.0,0.0,1.0,43,255,1.0,0.0,0.02,0.07,0.0,0.0,0.97,0,554.0
0,1,22,9,232,1144,0,0,1,0,0,0,0,8,0.0,0.0,0.0,0.0,1.0,0.0,0.0,163,255,1.0,0.0,0.01,0.02,0.0,0.0,0.0,0,84551.0
0,1,46,4,0,0,0,0,0,0,0,0,0,1,0.0,0.0,1.0,1.0,1.0,0.0,0.0,255,1,0.0,0.52,0.52,0.0,0.0,0.0,1.0,1,125739.0
0,2,46,9,105,145,0,0,0,0,0,0,0,1,0.0,0.0,0.0,0.0,1.0,0.0,0.0,255,177,0.69,0.01,0.01,0.0,0.0,0.0,0.0,0,63203.0
0,1,46,5,0,0,0,0,0,0,0,0,0,252,1.0,1.0,0.0,0.0,0.02,0.06,0.0,255,7,0.03,0.07,0.0,0.0,1.0,1.0,0.0,1,58483.0
0,1,38,1,0,0,0,0,0,0,0,0,0,86,0.0,0.0,1.0,1.0,0.22,0.07,0.0,255,19,0.07,0.07,0.0,0.0,0.0,0.0,1.0,1,124410.0
0,1,46,1,0,0,0,0,0,0,0,0,0,1,0.0,0.0,1.0,1.0,1.0,0.0,0.0,239,1,0.0,0.08,0.05,0.0,0.0,0.0,1.0,1,86389.0
0,1,22,9,347,572,0,0,1,0,0,0,0,1,0.0,0.0,0.0,0.0,1.0,0.0,0.0,255,255,1.0,0.0,0.0,0.0,0.0,0.0,0.0,0,110653.0
0,1,60,5,0,0,0,0,0,0,0,0,0,149,1.0,1.0,0.0,0.0,0.13,0.06,0.0,255,1,0.0,0.07,0.0,0.0,1.0,1.0,0.0,1,85152.0
0,2,11,9,44,113,0,0,0,0,0,0,0,4,0.0,0.0,0.0,0.0,1.0,0.0,0.2,255,248,0.97,0.01,0.0,0.0,0.0,0.0,0.0,0,93818.0
0,2,11,9,44,127,0,0,0,0,0,0,0,72,0.0,0.0,0.0,0.0,1.0,0.0,0.01,255,232,0.91,0.01,0.0,0.0,0.0,0.0,0.0,0,112991.0
0,1,46,1,0,0,0,0,0,0,0,0,0,1,0.0,0.0,1.0,1.0,1.0,0.0,0.0,20,2,0.05,1.0,0.05,1.0,0.0,0.0,1.0,1,93411.0
2,1,18,9,1239,2449,0,28,1,0,0,0,0,1,0.0,0.0,0.0,0.0,1.0,0.0,0.0,203,31,0.15,0.02,0.0,0.0,0.0,0.0,0.0,0,87093.0
0,1,19,9,203,0,0,0,0,0,0,0,0,2,0.0,0.0,0.0,0.0,1.0,0.0,0.0,16,50,0.25,0.25,0.25,0.04,0.0,0.0,0.0,0,104757.0
0,1,22,9,205,1900,0,0,1,0,0,0,0,9,0.0,0.0,0.0,0.0,1.0,0.0,0.11,27,255,1.0,0.0,0.04,0.05,0.0,0.0,0.0,0,8615.0
0,1,38,5,0,0,0,0,0,0,0,0,0,120,1.0,1.0,0.0,0.0,0.14,0.06,0.0,255,17,0.07,0.05,0.0,0.0,1.0,1.0,0.0,1,99649.0
0,1,22,9,299,337,0,0,1,0,0,0,0,12,0.0,0.0,0.0,0.0,1.0,0.0,0.0,255,255,1.0,0.0,0.0,0.0,0.0,0.0,0.0,0,84803.0
0,1,51,2,0,0,0,0,0,0,0,0,0,202,0.0,0.0,1.0,1.0,0.0,0.07,0.0,255,1,0.0,0.08,0.0,0.0,0.0,0.0,1.0,1,29866.0
0,1,41,1,0,0,0,0,0,0,0,0,0,511,0.07,0.0,0.92,1.0,0.0,1.0,0.0,255,1,0.0,1.0,0.0,0.0,0.11,0.0,1.0,1,48516.0
0,1,19,9,8325,0,0,0,1,0,0,0,0,17,0.0,0.0,0.0,0.0,1.0,0.0,0.0,255,75,0.29,0.02,0.13,0.0,0.65,0.57,0.0,0,84067.0
0,1,63,2,0,0,0,0,0,0,0,0,0,124,0.0,0.0,1.0,1.0,0.15,0.06,0.0,255,18,0.07,0.05,0.0,0.0,0.0,0.0,1.0,1,70552.0
0,2,46,9,28,0,3,0,0,0,0,0,0,69,0.0,0.0,0.0,0.0,1.0,0.0,0.0,255,69,0.27,0.64,0.27,0.0,0.01,0.0,0.0,1,107908.0
0,1,22,9,299,11783,0,0,1,0,0,0,0,22,0.0,0.0,0.0,0.0,1.0,0.0,0.0,182,255,1.0,0.0,0.01,0.01,0.0,0.0,0.0,0,11827.0
2640,2,41,9,146,105,0,0,0,0,0,0,0,5,0.0,0.0,0.0,0.0,0.4,0.6,0.0,255,2,0.01,0.83,1.0,0.0,0.0,0.0,0.0,0,101796.0
0,2,11,9,46,72,0,0,0,0,0,0,0,247,0.0,0.0,0.0,0.0,1.0,0.0,0.01,255,219,0.86,0.01,0.0,0.0,0.0,0.0,0.0,0,73634.0
0,1,19,9,9178,0,0,0,1,0,0,0,0,5,0.0,0.0,0.0,0.0,1.0,0.0,0.0,46,47,0.24,0.15,0.24,0.04,0.0,0.0,0.0,0,64814.0
0,1,22,9,203,1401,0,0,1,0,0,0,0,9,0.0,0.0,0.0,0.0,1.0,0.0,0.33,59,71,1.0,0.0,0.02,0.07,0.02,0.03,0.0,0,56792.0
0,1,22,9,343,253,0,0,1,0,0,0,0,16,0.0,0.0,0.0,0.0,1.0,0.0,0.0,74,252,1.0,0.0,0.01,0.01,0.01,0.0,0.0,0,44391.0
23,1,41,4,0,0,0,0,0,0,0,0,0,1,0.0,0.0,1.0,1.0,1.0,0.0,0.0,255,1,0.0,1.0,1.0,0.0,0.0,0.0,1.0,1,87565.0
0,1,56,5,0,0,0,0,0,0,0,0,0,231,1.0,1.0,0.0,0.0,0.03,0.06,0.0,255,7,0.03,0.06,0.0,0.0,1.0,1.0,0.0,1,2572.0
0,1,46,5,0,0,0,0,0,0,0,0,0,235,1.0,1.0,0.0,0.0,0.03,0.06,0.0,255,15,0.06,0.07,0.0,0.0,1.0,1.0,0.0,1,118013.0
0,1,41,1,0,0,0,0,0,0,0,0,0,511,0.13,0.0,0.85,1.0,0.0,1.0,0.0,255,1,0.0,1.0,0.0,0.0,0.13,0.0,1.0,1,107050.0
0,1,19,9,740,0,0,0,0,0,0,0,0,1,0.0,0.0,0.0,0.0,1.0,0.0,0.0,174,38,0.18,0.03,0.18,0.05,0.0,0.0,0.0,0,117662.0
0,1,22,1,0,0,0,0,0,0,0,0,0,1,0.0,0.0,1.0,1.0,1.0,0.0,0.0,3,12,1.0,0.0,0.33,0.25,0.0,0.0,1.0,0,31776.0
0,1,36,1,0,0,0,0,0,0,0,0,0,150,0.0,0.0,1.0,1.0,0.13,0.06,0.0,255,1,0.0,0.07,0.0,0.0,0.0,0.0,1.0,1,108056.0
0,1,22,9,308,551,0,0,1,0,0,0,0,1,0.0,0.0,0.0,0.0,1.0,0.0,0.2,10,255,1.0,0.0,0.1,0.01,0.0,0.0,0.0,0,80705.0
0,2,46,9,105,146,0,0,0,0,0,0,0,1,0.0,0.0,0.0,0.0,1.0,0.0,0.0,17,13,0.76,0.12,0.06,0.0,0.0,0.0,0.0,0,58408.0
0,1,22,9,240,791,0,0,1,0,0,0,0,29,0.0,0.0,0.0,0.0,1.0,0.0,0.0,255,255,1.0,0.0,0.0,0.0,0.0,0.0,0.0,0,5065.0
0,1,3,5,0,0,0,0,0,0,0,0,0,269,1.0,1.0,0.0,0.0,0.06,0.06,0.0,255,15,0.06,0.06,0.0,0.0,1.0,1.0,0.0,1,5627.0
0,1,19,9,637,0,0,0,0,0,0,0,0,5,0.0,0.0,0.0,0.0,1.0,0.0,0.0,255,125,0.49,0.01,0.49,0.0,0.0,0.01,0.0,0,119964.0
0,1,22,9,256,34099,0,0,1,0,0,0,0,1,0.0,0.0,0.0,0.0,1.0,0.0,0.6,255,255,1.0,0.0,0.0,0.0,0.0,0.0,0.0,0,16724.0
0,1,22,9,230,345,0,0,1,0,0,0,0,11,0.0,0.0,0.0,0.0,1.0,0.0,0.0,255,255,1.0,0.0,0.0,0.0,0.0,0.0,0.0,0,54552.0
0,1,19,9,192,0,0,0,1,0,0,0,0,2,0.0,0.0,0.0,0.0,1.0,0.0,0.0,5,66,0.8,0.4,0.8,0.03,0.0,0.0,0.0,0,46722.0
0,2,11,9,44,44,0,0,0,0,0,0,0,125,0.0,0.0,0.0,0.0,0.99,0.02,0.01,255,254,1.0,0.01,0.01,0.0,0.0,0.0,0.0,0,67634.0
0,1,46,1,0,0,0,0,0,0,0,0,0,109,0.0,0.0,1.0,1.0,0.06,0.08,0.0,255,7,0.03,0.08,0.0,0.0,0.0,0.0,1.0,1,7222.0
0,1,46,5,0,0,0,0,0,0,0,0,0,280,1.0,1.0,0.0,0.0,0.06,0.04,0.0,140,18,0.13,0.07,0.01,0.0,0.99,1.0,0.0,1,1312.0
0,0,13,9,8,0,0,0,0,0,0,0,0,1,0.0,0.0,0.0,0.0,1.0,0.0,1.0,2,255,1.0,0.0,1.0,0.5,0.0,0.0,0.0,1,24151.0
0,1,19,9,334,0,0,0,1,0,0,0,0,1,0.0,0.0,0.0,0.0,1.0,0.0,0.0,7,41,1.0,0.0,1.0,0.17,0.0,0.0,0.0,1,80736.0
0,1,22,7,275,1777,0,0,1,0,0,0,0,2,0.5,0.09,0.0,0.0,1.0,0.0,0.18,11,255,1.0,0.0,0.09,0.02,0.09,0.0,0.0,0,102828.0
0,2,11,9,45,71,0,0,0,0,0,0,0,243,0.0,0.0,0.0,0.0,1.0,0.0,0.0,255,254,1.0,0.01,0.0,0.0,0.0,0.0,0.0,0,16689.0
0,1,51,9,760,326,0,0,1,0,0,0,0,1,0.0,0.0,0.0,0.0,1.0,0.0,0.0,60,30,0.5,0.05,0.02,0.0,0.0,0.0,0.0,0,5185.0
0,1,22,7,182,9443,0,0,1,0,0,0,0,3,0.33,0.33,0.0,0.0,1.0,0.0,0.0,122,255,1.0,0.0,0.01,0.04,0.01,0.0,0.0,0,109464.0
0,0,13,9,18,0,0,0,0,0,0,0,0,1,0.0,0.0,0.0,0.0,1.0,0.0,0.0,2,102,1.0,0.0,1.0,0.25,0.0,0.0,0.0,1,34830.0
0,1,22,9,190,1227,0,0,1,0,0,0,0,39,0.0,0.0,0.0,0.0,1.0,0.0,0.07,220,255,1.0,0.0,0.0,0.02,0.0,0.0,0.0,0,2040.0
0,1,17,2,0,0,0,0,0,0,0,0,0,245,0.0,0.0,1.0,1.0,0.03,0.07,0.0,255,8,0.03,0.07,0.0,0.0,0.0,0.0,1.0,1,21600.0
0,1,22,9,472,9463,0,0,1,0,0,0,0,9,0.0,0.0,0.0,0.0,1.0,0.0,0.2,115,255,1.0,0.0,0.01,0.03,0.0,0.01,0.0,0,14472.0
0,1,46,5,0,0,0,0,0,0,0,0,0,236,1.0,1.0,0.0,0.0,0.03,0.06,0.0,255,13,0.05,0.07,0.0,0.0,1.0,1.0,0.0,1,63808.0
0,1,22,9,227,1118,0,0,1,0,0,0,0,17,0.0,0.0,0.0,0.0,1.0,0.0,0.0,255,255,1.0,0.0,0.0,0.0,0.0,0.0,0.0,0,88049.0
0,1,22,9,221,1607,0,0,1,0,0,0,0,8,0.0,0.0,0.0,0.0,1.0,0.0,0.25,36,255,1.0,0.0,0.03,0.01,0.0,0.0,0.0,0,86961.0
0,1,22,9,297,3459,0,0,1,0,0,0,0,6,0.0,0.0,0.0,0.0,1.0,0.0,0.0,85,255,1.0,0.0,0.01,0.05,0.0,0.0,0.0,0,37801.0
0,1,53,5,0,0,0,0,0,0,0,0,0,271,1.0,1.0,0.0,0.0,0.07,0.07,0.0,255,19,0.07,0.07,0.0,0.0,1.0,1.0,0.0,1,59502.0
0,1,46,5,0,0,0,0,0,0,0,0,0,87,1.0,1.0,0.0,0.0,0.08,0.06,0.0,255,18,0.07,0.07,0.0,0.0,1.0,1.0,0.0,1,85715.0
0,1,28,1,0,0,0,0,0,0,0,0,0,149,0.0,0.0,1.0,1.0,0.13,0.05,0.0,255,19,0.07,0.07,0.0,0.0,0.0,0.0,1.0,1,2400.0
0,1,22,9,308,1587,0,0,1,0,0,0,0,4,0.0,0.0,0.0,0.0,1.0,0.0,0.4,255,255,1.0,0.0,0.0,0.0,0.0,0.0,0.0,0,110378.0
0,1,46,5,0,0,0,0,0,0,0,0,0,96,1.0,1.0,0.0,0.0,0.02,0.07,0.0,255,16,0.06,0.07,0.0,0.0,1.0,1.0,0.0,1,29153.0
42888,1,46,4,1,0,0,0,0,0,0,0,0,2,0.0,0.0,1.0,1.0,1.0,0.0,0.0,124,2,0.02,0.04,0.03,0.0,0.0,0.0,1.0,1,105875.0
0,1,46,5,0,0,0,0,0,0,0,0,0,146,1.0,1.0,0.0,0.0,0.06,0.05,0.0,255,29,0.11,0.05,0.0,0.0,1.0,1.0,0.0,1,120657.0
0,1,22,9,287,4915,0,0,1,0,0,0,0,30,0.0,0.0,0.0,0.0,1.0,0.0,0.0,30,255,1.0,0.0,0.03,0.04,0.0,0.0,0.0,0,105136.0
0,1,54,5,0,0,0,0,0,0,0,0,0,128,1.0,1.0,0.0,0.0,0.03,0.05,0.0,255,4,0.02,0.05,0.0,0.0,1.0,1.0,0.0,1,77867.0
0,1,2,5,0,0,0,0,0,0,0,0,0,279,1.0,1.0,0.0,0.0,0.06,0.06,0.0,255,16,0.06,0.07,0.0,0.0,1.0,1.0,0.0,1,23092.0
0,2,46,9,1,0,0,0,0,0,0,0,0,42,0.0,0.0,0.0,0.0,0.36,0.1,0.0,255,43,0.17,0.44,0.59,0.0,0.16,0.0,0.0,1,68351.0
0,1,22,9,291,1478,0,0,1,0,0,0,0,9,0.0,0.0,0.0,0.0,1.0,0.0,0.0,9,255,1.0,0.0,0.11,0.02,0.0,0.0,0.0,0,101286.0
0,1,22,9,205,1515,0,0,1,0,0,0,0,10,0.0,0.0,0.0,0.0,1.0,0.0,0.0,10,255,1.0,0.0,0.1,0.05,0.0,0.0,0.0,0,120306.0
0,1,46,5,0,0,0,0,0,0,0,0,0,212,1.0,1.0,0.0,0.0,0.03,0.05,0.0,72,7,0.1,0.11,0.01,0.0,0.97,1.0,0.0,1,85.0
0,1,46,5,0,0,0,0,0,0,0,0,0,214,1.0,1.0,0.0,0.0,0.04,0.06,0.0,255,9,0.04,0.07,0.0,0.0,1.0,1.0,0.0,1,1779.0
3980,2,41,9,146,105,0,0,0,0,0,0,0,1,0.0,0.0,0.0,0.0,1.0,0.0,0.0,255,1,0.0,0.62,0.96,0.0,0.0,0.0,0.0,0,6994.0
0,1,55,5,0,0,0,0,0,0,0,0,0,132,1.0,1.0,0.0,0.0,0.03,0.08,0.0,255,4,0.02,0.07,0.0,0.0,1.0,1.0,0.0,1,19840.0
0,2,41,9,146,0,0,0,0,0,0,0,0,1,0.0,0.0,0.0,0.0,1.0,0.0,0.0,206,1,0.0,0.15,0.22,0.0,0.0,0.0,0.0,0,116064.0
0,1,22,9,218,1101,0,0,1,0,0,0,0,20,0.0,0.0,0.0,0.0,1.0,0.0,0.0,50,172,1.0,0.0,0.02,0.04,0.0,0.0,0.0,0,111307.0
0,0,13,9,8,0,0,0,0,0,0,0,0,1,0.0,0.0,0.0,0.0,1.0,0.0,1.0,1,45,1.0,0.0,1.0,0.51,0.0,0.0,0.0,1,57089.0
0,1,22,9,313,29165,0,0,1,0,0,0,0,4,0.0,0.0,0.0,0.0,1.0,0.0,0.0,22,255,1.0,0.0,0.05,0.05,0.0,0.0,0.0,0,23873.0
0,1,22,9,244,3632,0,0,1,0,0,0,0,8,0.0,0.0,0.0,0.0,1.0,0.0,0.0,19,255,1.0,0.0,0.05,0.04,0.0,0.0,0.0,0,104342.0
1,1,51,9,2743,336,0,0,1,0,0,0,0,1,0.0,0.0,0.0,0.0,1.0,0.0,1.0,122,204,0.84,0.03,0.01,0.01,0.01,0.0,0.0,0,88659.0
0,1,22,9,289,7384,0,0,1,0,0,0,0,33,0.0,0.0,0.0,0.0,1.0,0.0,0.08,255,255,1.0,0.0,0.0,0.0,0.0,0.0,0.0,0,71312.0
0,1,46,5,0,0,0,0,0,0,0,0,0,249,1.0,1.0,0.0,0.0,0.04,0.05,0.0,255,9,0.04,0.06,0.0,0.0,1.0,1.0,0.0,1,79224.0
0,2,11,9,33,0,0,0,0,0,0,0,0,1,0.0,0.0,0.0,0.0,1.0,0.0,0.0,231,28,0.12,0.03,0.12,0.0,0.0,0.0,0.0,0,23020.0
0,1,22,9,157,16617,0,0,1,0,0,0,0,1,0.0,0.0,0.0,0.0,1.0,0.0,0.0,24,255,1.0,0.0,0.04,0.02,0.0,0.0,0.0,0,43540.0
0,1,33,5,0,0,0,0,0,0,0,0,0,291,1.0,1.0,0.0,0.0,0.04,0.05,0.0,255,6,0.02,0.07,0.0,0.0,1.0,1.0,0.0,1,32809.0
0,0,13,9,30,0,0,0,0,0,0,0,0,2,0.0,0.0,0.0,0.0,1.0,0.0,0.0,210,210,1.0,0.0,1.0,0.0,0.0,0.0,0.0,0,65065.0
0,1,41,1,0,0,0,0,0,0,0,0,0,405,0.09,0.0,0.91,1.0,0.0,1.0,0.0,255,1,0.0,1.0,0.0,0.0,0.11,0.0,1.0,1,17625.0
0,1,9,5,0,0,0,0,0,0,0,0,0,216,1.0,1.0,0.0,0.0,0.0,0.06,0.0,255,1,0.0,0.07,0.0,0.0,1.0,1.0,0.0,1,66527.0
0,1,22,9,237,1623,0,0,1,0,0,0,0,5,0.0,0.0,0.0,0.0,1.0,0.0,0.0,20,255,1.0,0.0,0.05,0.03,0.0,0.0,0.0,0,53642.0
0,1,46,5,0,0,0,0,0,0,0,0,0,139,0.99,1.0,0.0,0.0,0.02,0.06,0.0,255,4,0.02,0.06,0.0,0.0,1.0,1.0,0.0,1,95897.0
0,1,51,5,0,0,0,0,0,0,0,0,0,16,1.0,0.89,0.0,0.0,1.0,0.0,0.17,38,150,0.42,0.05,0.03,0.01,0.95,0.11,0.0,1,116859.0
0,1,19,9,501760,0,0,0,1,0,0,0,0,1,0.0,0.0,0.0,0.0,1.0,0.0,0.0,154,83,0.42,0.03,0.42,0.02,0.0,0.0,0.0,0,59344.0
0,1,30,5,0,0,0,0,0,0,0,0,0,295,1.0,1.0,0.0,0.0,0.01,0.06,0.0,255,3,0.01,0.07,0.0,0.0,1.0,1.0,0.0,1,25458.0
0,1,22,9,345,1935,0,0,1,0,0,0,0,3,0.0,0.0,0.0,0.0,1.0,0.0,0.5,175,255,1.0,0.0,0.01,0.05,0.0,0.0,0.0,0,72852.0
0,2,11,9,44,128,0,0,0,0,0,0,0,18,0.0,0.0,0.0,0.0,1.0,0.0,0.03,255,254,1.0,0.01,0.0,0.0,0.0,0.0,0.0,0,3775.0
0,1,22,9,210,736,0,0,1,0,0,0,0,4,0.0,0.0,0.0,0.0,1.0,0.0,0.25,98,255,1.0,0.0,0.01,0.02,0.02,0.01,0.02,0,106330.0
0,0,62,9,182,0,0,0,0,0,0,0,0,2,0.0,0.0,0.0,0.0,0.5,1.0,0.0,255,22,0.09,0.01,0.11,0.0,0.0,0.0,0.0,0,87488.0
0,1,57,5,0,0,0,0,0,0,0,0,0,32,1.0,1.0,0.0,0.0,0.22,0.12,0.0,255,60,0.24,0.03,0.01,0.0,1.0,1.0,0.0,1,19347.0
0,1,19,9,383,0,0,0,1,0,0,0,0,3,0.0,0.0,0.0,0.0,0.67,0.67,0.0,6,99,0.5,0.67,0.5,0.02,0.0,0.0,0.0,0,3463.0
0,1,46,5,0,0,0,0,0,0,0,0,0,262,1.0,1.0,0.0,0.0,0.04,0.06,0.0,255,17,0.07,0.06,0.0,0.0,1.0,1.0,0.0,1,15033.0
0,1,51,9,663,328,0,0,1,0,0,0,0,1,0.0,0.0,0.0,0.0,1.0,0.0,0.0,32,18,0.56,0.06,0.03,0.0,0.0,0.0,0.0,0,101223.0
0,1,22,9,217,589,0,0,1,0,0,0,0,10,0.0,0.0,0.0,0.0,1.0,0.0,0.0,39,255,1.0,0.0,0.03,0.05,0.0,0.0,0.0,0,16734.0
0,1,19,9,1470,0,0,0,1,0,0,0,0,2,0.0,0.0,0.0,0.0,1.0,0.0,0.5,93,64,0.34,0.06,0.34,0.03,0.0,0.0,0.0,0,34414.0
10,1,51,9,2073,330,0,0,1,0,0,0,0,1,0.0,0.0,0.0,0.0,1.0,0.0,1.0,135,157,0.64,0.04,0.01,0.02,0.0,0.0,0.0,0,52215.0
0,0,13,9,8,0,0,0,0,0,0,0,0,1,0.0,0.0,0.0,0.0,1.0,0.0,1.0,2,196,1.0,0.0,1.0,0.5,0.0,0.0,0.0,1,40973.0
0,2,46,9,28,0,3,0,0,0,0,0,0,10,0.0,0.0,0.0,0.0,1.0,0.0,0.0,255,110,0.43,0.57,0.43,0.0,0.09,0.0,0.0,1,47517.0
0,2,46,9,28,0,3,0,0,0,0,0,0,83,0.0,0.0,0.0,0.0,1.0,0.0,0.0,255,83,0.33,0.64,0.33,0.0,0.01,0.0,0.0,1,5795.0
0,2,46,9,1,0,0,0,0,0,0,0,0,12,0.0,0.0,0.0,0.0,0.42,0.25,0.0,255,5,0.02,0.48,0.66,0.0,0.0,0.0,0.0,1,121038.0
0,1,22,9,227,654,0,0,1,0,0,0,0,19,0.0,0.0,0.0,0.0,1.0,0.0,0.1,255,255,1.0,0.0,0.0,0.0,0.0,0.0,0.0,0,19551.0
0,1,60,5,0,0,0,0,0,0,0,0,0,117,1.0,1.0,0.0,0.0,0.1,0.07,0.0,255,12,0.05,0.06,0.0,0.0,1.0,1.0,0.0,1,63700.0
0,1,22,9,337,1212,0,0,1,0,0,0,0,10,0.0,0.0,0.0,0.0,1.0,0.0,0.0,106,135,1.0,0.0,0.01,0.02,0.0,0.01,0.06,0,49777.0
0,1,29,5,0,0,0,0,0,0,0,0,0,142,1.0,1.0,0.0,0.0,0.1,0.06,0.0,255,6,0.02,0.08,0.0,0.0,1.0,1.0,0.0,1,35086.0
0,1,22,9,235,1384,0,0,1,0,0,0,0,5,0.0,0.0,0.0,0.0,1.0,0.0,0.4,28,255,1.0,0.0,0.04,0.03,0.0,0.0,0.0,0,7604.0
0,1,55,1,0,0,0,0,0,0,0,0,0,293,0.0,0.0,1.0,1.0,0.06,0.06,0.0,255,19,0.07,0.09,0.0,0.0,0.0,0.0,1.0,1,81247.0
2,1,51,9,1584,326,0,0,1,0,0,0,0,1,0.0,0.0,0.0,0.0,1.0,0.0,1.0,4,4,1.0,0.0,0.25,0.0,0.0,0.0,0.0,0,4771.0
0,1,8,5,0,0,0,0,0,0,0,0,0,246,1.0,1.0,0.0,0.0,0.04,0.07,0.0,255,9,0.04,0.07,0.0,0.0,1.0,1.0,0.0,1,8490.0
0,2,41,9,147,0,0,0,0,0,0,0,0,5,0.0,0.0,0.0,0.0,0.2,0.6,0.0,255,1,0.0,0.42,0.92,0.0,0.0,0.0,0.0,0,60027.0
0,1,22,9,340,919,0,0,1,0,0,0,0,34,0.0,0.0,0.0,0.0,1.0,0.0,0.0,255,255,1.0,0.0,0.0,0.0,0.0,0.0,0.0,0,56746.0
0,0,13,9,8,0,0,0,0,0,0,0,0,1,0.0,0.0,0.0,0.0,1.0,0.0,1.0,2,86,1.0,0.0,1.0,0.5,0.0,0.0,0.0,1,50096.0
0,2,11,9,45,138,0,0,0,0,0,0,0,70,0.0,0.0,0.0,0.0,0.99,0.03,0.01,255,236,0.93,0.01,0.0,0.0,0.0,0.0,0.0,0,113740.0
0,0,13,9,18,0,0,0,0,0,0,0,0,1,0.0,0.0,0.0,0.0,1.0,0.0,0.0,1,29,1.0,0.0,1.0,1.0,0.0,0.0,0.0,1,56634.0
0,1,51,9,1363,332,0,0,1,0,0,0,0,1,0.0,0.0,0.0,0.0,1.0,0.0,1.0,255,141,0.55,0.02,0.0,0.0,0.0,0.0,0.0,0,117153.0
0,2,11,9,45,70,0,0,0,0,0,0,0,312,0.0,0.0,0.0,0.0,1.0,0.0,0.0,255,254,1.0,0.01,0.0,0.0,0.0,0.0,0.0,0,121864.0
0,1,51,9,639,327,0,0,1,0,0,0,0,1,0.0,0.0,0.0,0.0,1.0,0.0,0.0,233,211,0.81,0.01,0.0,0.01,0.0,0.0,0.0,0,35623.0
0,1,22,9,198,1223,0,0,1,0,0,0,0,16,0.0,0.0,0.0,0.0,1.0,0.0,0.0,16,255,1.0,0.0,0.06,0.03,0.0,0.0,0.0,0,80921.0
0,1,46,1,0,0,0,0,0,0,0,0,0,58,0.0,0.0,1.0,1.0,0.34,0.05,0.0,255,9,0.04,0.07,0.0,0.0,0.0,0.0,1.0,1,74782.0
0,1,21,5,0,0,0,0,0,0,0,0,0,284,1.0,1.0,0.0,0.0,0.07,0.05,0.0,255,21,0.08,0.05,0.0,0.0,1.0,1.0,0.0,1,83828.0
0,2,46,9,105,145,0,0,0,0,0,0,0,1,0.0,0.0,0.0,0.0,1.0,0.0,0.0,97,93,0.96,0.03,0.01,0.0,0.0,0.0,0.0,0,6533.0
0,1,53,5,0,0,0,0,0,0,0,0,0,214,1.0,1.0,0.0,0.0,0.09,0.06,0.0,255,19,0.07,0.06,0.0,0.0,1.0,1.0,0.0,1,67156.0
0,1,22,9,262,4816,0,0,1,0,0,0,0,8,0.0,0.0,0.0,0.0,1.0,0.0,0.0,99,255,1.0,0.0,0.02,0.03,0.0,0.0,0.0,0,57029.0
0,1,46,1,0,0,0,0,0,0,0,0,0,173,0.0,0.0,1.0,1.0,0.01,0.07,0.0,255,1,0.0,0.08,0.0,0.0,0.0,0.0,1.0,1,28005.0
0,0,14,9,520,0,0,0,0,0,0,0,0,441,0.0,0.0,0.0,0.0,1.0,0.0,0.0,242,242,1.0,0.0,1.0,0.0,0.0,0.0,0.0,1,118274.0
0,1,22,9,327,930,0,0,1,0,0,0,0,6,0.0,0.0,0.0,0.0,1.0,0.0,0.25,255,255,1.0,0.0,0.0,0.0,0.0,0.0,0.0,0,28173.0
0,1,22,9,213,3938,0,0,1,0,0,0,0,38,0.0,0.0,0.0,0.0,1.0,0.0,0.0,38,255,1.0,0.0,0.03,0.02,0.0,0.01,0.0,0,16367.0
1,1,46,3,0,0,0,0,0,0,0,0,0,16,0.75,0.67,0.25,0.33,0.19,0.44,0.0,255,3,0.01,0.03,0.06,0.0,0.05,0.67,0.33,1,94154.0
1,1,51,9,1022,329,0,0,1,0,0,0,0,1,0.0,0.0,0.0,0.0,1.0,0.0,0.0,216,139,0.55,0.03,0.0,0.01,0.0,0.0,0.0,0,102946.0
0,1,20,1,0,0,0,0,0,0,0,0,0,251,0.0,0.0,1.0,1.0,0.01,0.07,0.0,255,2,0.01,0.07,0.0,0.0,0.0,0.0,1.0,1,125456.0
0,1,26,5,0,0,0,0,0,0,0,0,0,286,1.0,1.0,0.0,0.0,0.01,0.06,0.0,255,3,0.01,0.07,0.0,0.0,1.0,1.0,0.0,1,83193.0
1,1,51,9,1076,324,0,0,1,0,0,0,0,1,0.0,0.0,0.0,0.0,1.0,0.0,1.0,205,181,0.66,0.02,0.0,0.01,0.01,0.02,0.0,0,98059.0
0,1,46,5,0,0,0,0,0,0,0,0,0,265,1.0,1.0,0.0,0.0,0.06,0.05,0.0,255,16,0.06,0.05,0.0,0.0,1.0,1.0,0.0,1,43739.0
0,1,22,9,217,1819,0,0,1,0,0,0,0,30,0.0,0.0,0.0,0.0,1.0,0.0,0.09,255,255,1.0,0.0,0.0,0.0,0.0,0.0,0.0,0,18626.0
0,2,46,9,105,145,0,0,0,0,0,0,0,4,0.0,0.0,0.0,0.0,0.25,0.5,0.0,255,228,0.89,0.01,0.01,0.0,0.0,0.0,0.0,0,111736.0
0,1,22,5,0,0,0,0,0,0,0,0,0,3,0.33,0.33,0.0,0.0,1.0,0.0,0.0,3,255,1.0,0.0,0.67,0.04,0.33,0.01,0.0,0,106422.0
0,1,22,9,209,880,0,0,1,0,0,0,0,1,0.0,0.0,0.0,0.0,1.0,0.0,0.0,20,255,1.0,0.0,0.05,0.02,0.0,0.0,0.0,0,93032.0
0,1,22,9,308,2698,0,0,1,0,0,0,1,3,0.0,0.0,0.0,0.25,1.0,0.0,0.5,255,244,0.96,0.02,0.0,0.0,0.0,0.0,0.0,0,16706.0
0,1,3,5,0,0,0,0,0,0,0,0,0,238,1.0,1.0,0.0,0.0,0.04,0.06,0.0,255,11,0.04,0.07,0.0,0.0,1.0,1.0,0.0,1,66913.0
0,1,6,5,0,0,0,0,0,0,0,0,0,299,1.0,1.0,0.0,0.0,0.03,0.05,0.0,255,10,0.04,0.05,0.0,0.0,1.0,1.0,0.0,1,32018.0
0,1,30,5,0,0,0,0,0,0,0,0,0,193,1.0,1.0,0.0,0.0,0.02,0.06,0.0,255,4,0.02,0.06,0.0,0.0,1.0,1.0,0.0,1,3866.0
354,1,57,9,265,1913,0,0,1,6,0,0,0,1,0.0,0.0,0.0,0.0,1.0,0.0,0.0,68,15,0.22,0.07,0.01,0.0,0.01,0.07,0.0,0,32075.0
0,1,22,9,264,482,0,0,1,0,0,0,0,10,0.0,0.0,0.0,0.0,1.0,0.0,0.0,255,255,1.0,0.0,0.0,0.0,0.0,0.0,0.0,0,49686.0
715,1,22,9,416,538,0,0,1,0,0,0,1,1,0.0,0.0,0.0,0.0,1.0,0.0,1.0,21,255,1.0,0.0,0.05,0.07,0.0,0.0,0.0,0,32740.0
98,1,22,9,303,259,0,0,1,0,0,0,0,1,0.0,0.0,0.0,0.0,1.0,0.0,0.0,255,253,0.99,0.01,0.0,0.0,0.0,0.0,0.04,0,34611.0
0,0,13,9,8,0,0,0,0,0,0,0,0,1,0.0,0.0,0.0,0.0,1.0,0.0,1.0,1,65,1.0,0.0,1.0,0.26,0.0,0.0,0.0,1,10812.0
0,1,22,1,0,0,0,0,0,0,0,0,0,1,0.0,0.0,1.0,1.0,1.0,0.0,0.0,2,247,1.0,0.0,0.5,0.11,0.0,0.0,0.88,0,2208.0
0,1,51,9,1407,327,0,0,1,0,0,0,0,1,0.0,0.0,0.0,0.0,1.0,0.0,0.0,148,21,0.14,0.52,0.01,0.0,0.0,0.0,0.0,0,14804.0
0,1,22,9,321,8064,0,0,1,0,0,0,0,11,0.09,0.03,0.0,0.0,1.0,0.0,0.05,180,255,1.0,0.0,0.01,0.02,0.01,0.0,0.0,0,56941.0
0,1,46,5,0,0,0,0,0,0,0,0,0,194,1.0,1.0,0.0,0.0,0.02,0.06,0.0,255,18,0.07,0.07,0.0,0.0,1.0,1.0,0.0,1,69050.0
0,1,64,5,0,0,0,0,0,0,0,0,0,232,1.0,1.0,0.0,0.0,0.06,0.06,0.0,255,15,0.06,0.07,0.0,0.0,1.0,1.0,0.0,1,91561.0
0,1,46,1,0,0,0,0,0,0,0,0,0,307,0.0,0.0,1.0,1.0,0.0,0.52,0.0,255,1,0.0,0.52,1.0,0.0,0.0,0.0,1.0,1,48687.0
0,1,22,9,216,9211,0,0,1,0,0,0,0,36,0.0,0.0,0.0,0.0,1.0,0.0,0.0,255,255,1.0,0.0,0.0,0.0,0.0,0.0,0.32,0,87784.0
0,1,22,9,207,553,0,0,1,0,0,0,0,6,0.0,0.0,0.0,0.0,1.0,0.0,0.0,21,24,1.0,0.0,0.05,0.08,0.0,0.08,0.04,0,109914.0
0,1,22,9,242,7956,0,0,1,0,0,0,0,14,0.0,0.0,0.0,0.0,1.0,0.0,0.0,49,255,1.0,0.0,0.02,0.01,0.0,0.0,0.0,0,81689.0
0,1,46,1,0,0,0,0,0,0,0,0,0,274,0.0,0.0,1.0,1.0,0.06,0.07,0.0,255,16,0.06,0.09,0.0,0.0,0.0,0.0,1.0,1,18814.0
0,1,46,5,0,0,0,0,0,0,0,0,0,194,1.0,1.0,0.0,0.0,0.08,0.06,0.0,255,3,0.01,0.06,0.0,0.0,1.0,1.0,0.0,1,13700.0
0,1,22,9,202,1178,0,0,1,0,0,0,0,9,0.0,0.0,0.0,0.0,1.0,0.0,0.2,74,255,1.0,0.0,0.01,0.03,0.01,0.0,0.0,0,117421.0
0,1,22,1,0,0,0,0,0,0,0,0,0,1,0.0,0.0,1.0,1.0,1.0,0.0,0.0,40,249,1.0,0.0,0.03,0.17,0.0,0.0,1.0,0,5586.0
0,0,62,9,146,0,0,0,0,0,0,0,0,6,0.0,0.0,0.0,0.0,0.33,0.33,0.0,178,29,0.16,0.02,0.16,0.0,0.0,0.0,0.0,0,27639.0
0,1,22,9,199,1905,0,0,1,0,0,0,0,4,0.0,0.0,0.0,0.0,1.0,0.0,0.0,32,255,1.0,0.0,0.03,0.01,0.0,0.0,0.0,0,5275.0
0,1,2,1,0,0,0,0,0,0,0,0,0,241,0.0,0.0,1.0,1.0,0.0,0.07,0.0,255,1,0.0,0.07,0.0,0.0,0.0,0.0,1.0,1,8348.0
0,1,19,9,749,0,0,0,1,0,0,0,0,152,0.99,0.0,0.0,0.0,0.01,0.06,0.0,255,9,0.04,0.06,0.04,0.0,0.96,0.0,0.0,0,92362.0
1,1,51,9,2426,326,0,0,1,0,0,0,0,1,0.0,0.0,0.0,0.0,1.0,0.0,1.0,109,77,0.71,0.09,0.01,0.0,0.02,0.01,0.0,0,82601.0
0,1,51,9,48,284,0,0,1,1,0,0,0,1,0.0,0.0,0.0,0.0,1.0,0.0,0.0,84,16,0.19,0.05,0.01,0.0,0.0,0.0,0.0,0,45943.0
0,2,46,9,1,0,0,0,0,0,0,0,0,42,0.0,0.0,0.0,0.0,0.17,0.1,0.0,255,17,0.07,0.61,0.42,0.0,0.16,0.0,0.0,1,117604.0
0,1,22,9,288,294,0,0,1,0,0,0,0,1,0.0,0.0,0.0,0.0,1.0,0.0,0.11,3,255,1.0,0.0,0.33,0.07,0.0,0.0,0.0,0,39596.0
0,0,14,9,8,0,0,0,0,0,0,0,0,2,0.0,0.0,0.0,0.0,1.0,0.0,0.0,4,4,1.0,0.0,1.0,0.0,0.0,0.0,0.0,1,95161.0
0,1,22,9,302,32439,0,0,1,0,0,0,0,1,0.0,0.0,0.0,0.0,1.0,0.0,0.0,241,255,1.0,0.0,0.0,0.01,0.0,0.0,0.0,0,79110.0
0,0,13,9,8,0,0,0,0,0,0,0,0,1,0.0,0.0,0.0,0.0,1.0,0.0,1.0,2,4,1.0,0.0,1.0,0.5,0.0,0.0,0.0,1,83942.0
0,1,46,5,0,0,0,0,0,0,0,0,0,209,1.0,1.0,0.0,0.0,0.08,0.07,0.0,255,16,0.06,0.07,0.0,0.0,1.0,1.0,0.0,1,48884.0
0,1,8,5,0,0,0,0,0,0,0,0,0,255,1.0,1.0,0.0,0.0,0.01,0.07,0.0,255,2,0.01,0.08,0.0,0.0,1.0,1.0,0.0,1,66082.0
0,1,22,9,283,741,0,0,1,0,0,0,0,12,0.0,0.0,0.0,0.0,1.0,0.0,0.0,12,255,1.0,0.0,0.08,0.04,0.0,0.0,0.0,0,96608.0
0,1,22,9,269,9287,0,0,1,0,0,0,0,3,0.0,0.0,0.0,0.0,1.0,0.0,0.0,7,255,1.0,0.0,0.14,0.03,0.0,0.01,0.0,0,105345.0
0,1,22,1,0,0,0,0,0,0,0,0,0,258,0.0,0.0,1.0,1.0,0.05,0.07,0.0,255,13,0.05,0.08,0.0,0.0,0.0,0.0,1.0,1,83563.0
0,1,22,9,218,401,0,0,1,0,0,0,0,12,0.0,0.0,0.0,0.0,1.0,0.0,0.0,12,255,1.0,0.0,0.08,0.04,0.0,0.0,0.0,0,56646.0
0,1,46,5,0,0,0,0,0,0,0,0,0,286,1.0,1.0,0.0,0.0,0.05,0.06,0.0,255,18,0.07,0.04,0.0,0.0,1.0,1.0,0.0,1,30602.0
0,1,46,5,0,0,0,0,0,0,0,0,0,135,1.0,1.0,0.0,0.0,0.11,0.06,0.0,255,5,0.02,0.06,0.0,0.0,1.0,1.0,0.0,1,87045.0
0,1,46,1,0,0,0,0,0,0,0,0,0,122,0.0,0.0,1.0,1.0,0.16,0.06,0.0,23,14,0.61,0.09,0.04,0.0,0.0,0.0,1.0,1,78365.0
0,1,22,9,245,381,0,0,1,0,0,0,0,1,0.0,0.0,0.0,0.0,1.0,0.0,0.0,108,255,1.0,0.0,0.01,0.03,0.0,0.0,0.0,0,5448.0
0,1,22,9,345,2634,0,0,1,0,0,0,0,2,0.0,0.0,0.0,0.0,1.0,0.0,0.0,74,255,1.0,0.0,0.01,0.01,0.0,0.0,0.0,0,74458.0
0,1,41,1,0,0,0,0,0,0,0,0,0,511,0.2,0.0,0.78,1.0,0.0,1.0,0.0,255,1,0.0,1.0,0.0,0.0,0.27,0.0,1.0,1,19832.0
0,1,46,5,0,0,0,0,0,0,0,0,0,257,1.0,1.0,0.0,0.0,0.01,0.07,0.0,255,17,0.07,0.06,0.0,0.0,1.0,1.0,0.0,1,826.0
0,1,51,9,2697,331,0,0,1,0,0,0,0,1,0.0,0.0,0.0,0.0,1.0,0.0,0.0,255,87,0.34,0.03,0.0,0.0,0.01,0.02,0.0,0,850.0
0,1,4,5,0,0,0,0,0,0,0,0,0,103,1.0,1.0,0.0,0.0,0.02,0.06,0.0,255,2,0.01,0.05,0.0,0.0,1.0,1.0,0.0,1,69096.0
0,1,46,1,0,0,0,0,0,0,0,0,0,1,0.0,0.0,1.0,1.0,1.0,0.0,0.0,62,1,0.02,1.0,0.02,0.0,0.0,0.0,1.0,1,44741.0
0,1,29,1,0,0,0,0,0,0,0,0,0,124,0.0,0.0,1.0,1.0,0.13,0.07,0.0,248,16,0.06,0.06,0.0,0.0,0.0,0.0,1.0,1,54954.0
0,1,51,9,701,285,0,0,1,0,0,0,0,1,0.0,0.0,0.0,0.0,1.0,0.0,0.0,139,132,0.51,0.04,0.01,0.02,0.0,0.0,0.0,0,4995.0
0,0,13,9,8,0,0,0,0,0,0,0,0,1,0.0,0.0,0.0,0.0,1.0,0.0,1.0,1,85,1.0,0.0,1.0,0.51,0.0,0.0,0.0,1,96763.0
0,1,22,6,140,16060,0,0,1,0,0,0,0,1,1.0,1.0,0.0,0.0,1.0,0.0,0.0,23,34,1.0,0.0,0.04,0.18,0.04,0.03,0.94,0,40619.0
0,1,46,5,0,0,0,0,0,0,0,0,0,131,1.0,1.0,0.0,0.0,0.04,0.06,0.0,255,15,0.06,0.06,0.0,0.0,1.0,1.0,0.0,1,91088.0
0,1,22,9,54540,8314,0,2,1,1,0,0,0,2,0.0,0.0,0.0,0.33,1.0,0.0,0.67,56,56,1.0,0.0,0.02,0.0,0.0,0.0,0.02,1,62378.0
2,1,51,9,1272,333,0,0,1,0,0,0,0,1,0.0,0.0,0.0,0.0,1.0,0.0,1.0,56,134,0.41,0.07,0.02,0.01,0.0,0.0,0.04,0,77225.0
0,1,19,9,1690,0,0,0,1,0,0,0,0,1,0.0,0.0,0.0,0.0,1.0,0.0,0.0,255,120,0.47,0.03,0.47,0.0,0.0,0.01,0.0,0,113351.0
0,2,11,9,43,128,0,0,0,0,0,0,0,58,0.0,0.0,0.0,0.0,1.0,0.0,0.01,255,254,1.0,0.01,0.0,0.0,0.0,0.0,0.0,0,60993.0
0,0,13,9,18,0,0,0,0,0,0,0,0,1,0.0,0.0,0.0,0.0,1.0,0.0,0.0,1,145,1.0,0.0,1.0,0.26,0.0,0.0,0.0,1,59392.0
1,1,46,3,0,0,0,0,0,0,0,0,0,115,0.74,0.67,0.26,0.33,0.03,0.37,0.0,255,3,0.01,0.16,0.45,0.0,0.33,0.67,0.33,1,39293.0
0,1,51,9,1291,326,0,0,1,0,0,0,0,1,0.0,0.0,0.0,0.0,1.0,0.0,0.0,199,184,0.71,0.03,0.01,0.01,0.0,0.0,0.0,0,77271.0
0,1,21,5,0,0,0,0,0,0,0,0,0,267,1.0,1.0,0.0,0.0,0.01,0.06,0.0,255,3,0.01,0.07,0.0,0.0,1.0,1.0,0.0,1,109765.0
0,1,46,5,0,0,0,0,0,0,0,0,0,90,1.0,1.0,0.0,0.0,0.02,0.07,0.0,255,2,0.01,0.07,0.0,0.0,1.0,1.0,0.0,1,114710.0
0,1,46,5,0,0,0,0,0,0,0,0,0,115,1.0,1.0,0.0,0.0,0.1,0.08,0.0,255,14,0.05,0.07,0.0,0.0,1.0,1.0,0.0,1,15914.0
0,1,22,9,264,604,0,0,1,0,0,0,0,4,0.25,0.2,0.0,0.0,1.0,0.0,0.4,255,255,1.0,0.0,0.0,0.0,0.0,0.0,0.0,0,85654.0
0,1,36,1,0,0,0,0,0,0,0,0,0,113,0.0,0.0,1.0,1.0,0.11,0.07,0.0,255,12,0.05,0.09,0.0,0.0,0.0,0.0,1.0,1,8693.0
0,1,41,9,4316,0,0,0,1,0,0,0,0,12,0.0,0.0,0.0,0.0,0.08,0.92,0.0,121,1,0.01,0.11,0.2,0.0,0.0,0.0,0.0,0,43226.0
0,1,22,9,270,5663,0,0,1,0,0,0,0,4,0.25,0.08,0.0,0.0,1.0,0.0,0.16,13,255,1.0,0.0,0.08,0.02,0.08,0.0,0.0,0,47820.0
0,1,5,5,0,0,0,0,0,0,0,0,0,121,1.0,1.0,0.0,0.0,0.02,0.06,0.0,255,2,0.01,0.07,0.0,0.0,1.0,1.0,0.0,1,39271.0
0,1,22,9,220,1596,0,0,1,0,0,0,0,6,0.0,0.0,0.0,0.0,1.0,0.0,0.0,26,26,1.0,0.0,0.04,0.0,0.0,0.0,0.0,0,94050.0
5,1,51,9,1034,331,0,0,1,0,0,0,0,1,0.0,0.0,0.0,0.0,1.0,0.0,0.0,145,164,0.63,0.04,0.01,0.01,0.0,0.0,0.0,0,120749.0
0,1,22,9,217,6329,0,0,1,0,0,0,0,8,0.0,0.0,0.0,0.0,1.0,0.0,0.22,255,255,1.0,0.0,0.0,0.0,0.0,0.0,0.0,0,8450.0
0,1,57,5,0,0,0,0,0,0,0,0,0,21,1.0,1.0,0.0,0.0,0.24,0.19,0.0,255,65,0.25,0.02,0.01,0.0,1.0,1.0,0.0,1,40621.0
8,1,51,9,3370,330,0,0,1,0,0,0,0,1,0.0,0.0,0.0,0.0,1.0,0.0,1.0,190,176,0.68,0.02,0.01,0.01,0.0,0.0,0.0,0,9766.0
0,1,22,9,306,405,0,0,1,0,0,0,0,16,0.0,0.0,0.0,0.0,1.0,0.0,0.0,255,255,1.0,0.0,0.0,0.0,0.01,0.01,0.02,0,124890.0
0,1,22,9,296,1918,0,0,1,0,0,0,0,13,0.0,0.0,0.0,0.0,1.0,0.0,0.12,255,255,1.0,0.0,0.0,0.0,0.0,0.0,0.0,0,53612.0
0,1,51,9,1194,330,0,0,1,0,0,0,0,1,0.0,0.0,0.0,0.0,1.0,0.0,0.0,115,180,0.75,0.04,0.01,0.01,0.0,0.0,0.0,0,82476.0
35171,1,46,4,1,0,0,0,0,0,0,0,0,2,0.0,0.0,1.0,1.0,1.0,0.0,0.0,255,2,0.01,0.58,1.0,0.0,0.0,0.0,1.0,1,69544.0
0,1,46,4,0,0,0,0,0,0,0,0,0,1,0.0,0.0,1.0,1.0,1.0,0.0,0.0,187,1,0.01,0.19,0.36,0.0,0.0,0.0,1.0,1,116718.0
0,1,19,9,14189,0,0,0,1,0,0,0,0,11,0.0,0.0,0.0,0.0,1.0,0.0,0.17,255,106,0.42,0.03,0.42,0.0,0.0,0.0,0.0,0,66242.0
0,2,11,9,44,73,0,0,0,0,0,0,0,170,0.0,0.0,0.0,0.0,1.0,0.0,0.0,255,255,1.0,0.0,0.01,0.0,0.0,0.0,0.0,0,87039.0
0,2,46,9,207,0,0,0,0,0,0,0,0,2,0.0,0.0,0.0,0.0,1.0,0.0,0.0,28,28,1.0,0.0,1.0,0.0,0.0,0.0,0.0,1,80993.0
0,1,54,5,0,0,0,0,0,0,0,0,0,266,1.0,1.0,0.0,0.0,0.02,0.07,0.0,255,4,0.02,0.07,0.0,0.0,1.0,1.0,0.0,1,9501.0
0,1,22,9,234,1486,0,0,1,0,0,0,0,6,0.0,0.0,0.0,0.0,1.0,0.0,0.0,24,255,1.0,0.0,0.04,0.02,0.0,0.0,0.0,0,67879.0
0,1,17,5,0,0,0,0,0,0,0,0,0,246,1.0,1.0,0.0,0.0,0.06,0.06,0.0,255,2,0.01,0.09,0.0,0.0,1.0,1.0,0.0,1,96886.0
0,1,22,9,249,911,0,0,1,0,0,0,0,35,0.0,0.0,0.0,0.0,1.0,0.0,0.0,203,255,1.0,0.0,0.0,0.01,0.0,0.0,0.06,0,108046.0
0,2,11,9,30,0,0,0,0,0,0,0,0,1,0.0,0.0,0.0,0.0,1.0,0.0,1.0,100,18,0.18,0.06,0.18,0.0,0.0,0.0,0.0,0,42492.0
0,1,35,5,0,0,0,0,0,0,0,0,0,231,1.0,1.0,0.0,0.0,0.02,0.06,0.0,255,5,0.02,0.05,0.0,0.0,1.0,1.0,0.0,1,100671.0
26708,1,46,4,1,0,0,0,0,0,0,0,0,2,0.0,0.0,1.0,1.0,1.0,0.0,0.0,255,2,0.01,0.74,1.0,0.0,0.0,0.0,1.0,1,84782.0
0,1,22,9,173,19692,0,0,1,0,0,0,0,1,0.0,0.0,0.0,0.0,1.0,0.0,0.0,65,255,1.0,0.0,0.02,0.07,0.0,0.0,0.0,0,72652.0
0,1,56,5,0,0,0,0,0,0,0,0,0,225,1.0,1.0,0.0,0.0,0.06,0.06,0.0,255,13,0.05,0.07,0.0,0.0,1.0,1.0,0.0,1,25249.0
0,1,35,1,0,0,0,0,0,0,0,0,0,209,0.0,0.0,1.0,1.0,0.02,0.06,0.0,255,5,0.02,0.06,0.0,0.0,0.0,0.0,1.0,1,42604.0
0,1,22,9,54540,8314,0,2,1,1,0,0,0,4,0.0,0.0,0.0,0.0,1.0,0.0,0.0,49,49,1.0,0.0,0.02,0.0,0.02,0.02,0.02,1,62774.0
0,1,41,1,0,0,0,0,0,0,0,0,0,509,0.08,0.0,0.91,1.0,0.0,1.0,0.0,255,1,0.0,1.0,0.0,0.0,0.14,0.0,1.0,1,95408.0
0,1,19,9,95,0,0,0,1,0,0,0,0,1,0.0,0.0,0.0,0.0,1.0,0.0,0.0,23,104,0.61,0.17,0.61,0.03,0.0,0.0,0.0,0,80602.0
0,1,10,1,0,0,0,0,0,0,0,0,0,239,0.0,0.0,1.0,1.0,0.03,0.07,0.0,255,7,0.03,0.07,0.0,0.0,0.0,0.0,1.0,1,32290.0
0,1,22,9,209,1203,0,0,1,0,0,0,0,23,0.0,0.0,0.0,0.0,1.0,0.0,0.07,23,251,1.0,0.0,0.04,0.05,0.0,0.0,0.0,0,109025.0
0,1,22,9,428,2659,0,0,1,0,0,0,0,1,0.0,0.0,0.0,0.0,1.0,0.0,0.0,6,255,1.0,0.0,0.17,0.04,0.0,0.0,0.0,0,26657.0
0,1,51,9,1381,328,0,0,1,0,0,0,0,1,0.0,0.0,0.0,0.0,1.0,0.0,0.0,146,135,0.56,0.03,0.01,0.01,0.0,0.0,0.04,0,33033.0
0,1,22,1,0,0,0,0,0,0,0,0,0,1,0.0,0.0,1.0,1.0,1.0,0.0,0.0,67,255,1.0,0.0,0.01,0.09,0.0,0.0,0.87,0,89813.0
0,0,13,9,8,0,0,0,0,0,0,0,0,1,0.0,0.0,0.0,0.0,1.0,0.0,1.0,2,98,1.0,0.0,1.0,0.5,0.0,0.0,0.0,1,102844.0
0,1,0,6,38874,41699,0,0,1,0,0,0,0,1,1.0,1.0,0.0,0.0,1.0,0.0,0.0,64,10,0.16,0.03,0.02,0.0,0.12,0.8,0.0,0,27498.0
0,1,22,9,320,1118,0,0,1,0,0,0,0,18,0.0,0.03,0.0,0.0,1.0,0.0,0.09,89,255,1.0,0.0,0.01,0.03,0.0,0.0,0.0,0,64396.0
0,1,22,9,220,261,0,0,1,0,0,0,0,4,0.0,0.0,0.0,0.0,1.0,0.0,0.5,255,255,1.0,0.0,0.0,0.0,0.0,0.0,0.01,0,7432.0
0,1,54,5,0,0,0,0,0,0,0,0,0,261,1.0,1.0,0.0,0.0,0.07,0.07,0.0,255,4,0.02,0.07,0.0,0.0,1.0,1.0,0.0,1,67594.0
0,1,65,5,0,0,0,0,0,0,0,0,0,149,1.0,1.0,0.0,0.0,0.17,0.05,0.0,255,25,0.1,0.04,0.0,0.0,1.0,1.0,0.0,1,73982.0
0,1,22,9,174,18123,0,0,1,0,0,0,0,6,0.0,0.0,0.0,0.0,1.0,0.0,0.14,172,255,1.0,0.0,0.01,0.02,0.01,0.0,0.0,0,32196.0
0,2,46,9,1,0,0,0,0,0,0,0,0,1,0.0,0.0,0.0,0.0,1.0,0.0,0.0,255,1,0.0,0.37,0.81,0.0,0.02,0.0,0.0,1,91858.0
0,1,22,9,245,509,0,0,1,0,0,0,0,3,0.0,0.0,0.0,0.0,1.0,0.0,0.0,10,255,1.0,0.0,0.1,0.02,0.0,0.0,0.0,0,96132.0
0,1,22,9,332,458,0,0,1,0,0,0,0,20,0.0,0.0,0.0,0.0,1.0,0.0,0.14,255,255,1.0,0.0,0.0,0.0,0.0,0.0,0.0,0,25770.0
0,1,46,5,0,0,0,0,0,0,0,0,0,14,1.0,1.0,0.0,0.0,0.36,0.29,0.0,255,5,0.02,0.08,0.0,0.0,1.0,1.0,0.0,1,81545.0
0,1,22,9,229,1545,0,0,1,0,0,0,0,11,0.0,0.0,0.0,0.0,1.0,0.0,0.0,255,255,1.0,0.0,0.0,0.0,0.0,0.0,0.0,0,63796.0
0,1,22,9,203,238,0,0,1,0,0,0,0,16,0.0,0.0,0.0,0.0,1.0,0.0,0.13,91,255,1.0,0.0,0.01,0.03,0.0,0.0,0.0,0,30637.0
0,1,22,9,320,1673,0,0,1,0,0,0,0,6,0.0,0.0,0.0,0.0,1.0,0.0,0.0,127,255,1.0,0.0,0.01,0.06,0.0,0.0,0.0,0,93232.0
0,1,22,9,227,1361,0,0,1,0,0,0,0,4,0.0,0.2,0.0,0.0,1.0,0.0,0.4,92,255,1.0,0.0,0.01,0.05,0.01,0.0,0.0,0,40212.0
0,1,22,9,227,1971,0,0,1,0,0,0,0,2,0.0,0.0,0.0,0.0,1.0,0.0,0.75,126,255,1.0,0.0,0.01,0.01,0.0,0.0,0.0,0,11404.0
0,1,24,5,0,0,0,0,0,0,0,0,0,124,0.99,1.0,0.0,0.0,0.02,0.07,0.0,255,3,0.01,0.06,0.0,0.0,1.0,1.0,0.0,1,88167.0
0,2,11,9,42,70,0,0,0,0,0,0,0,191,0.0,0.0,0.0,0.0,1.0,0.0,0.0,255,254,1.0,0.01,0.0,0.0,0.0,0.0,0.0,0,90654.0
0,1,46,5,0,0,0,0,0,0,0,0,0,139,1.0,1.0,0.0,0.0,0.06,0.06,0.0,78,12,0.15,0.14,0.01,0.0,1.0,1.0,0.0,1,107543.0
0,1,46,4,0,0,0,0,0,0,0,0,0,1,0.0,0.0,1.0,1.0,1.0,0.0,0.0,221,1,0.0,0.56,0.56,0.0,0.0,0.0,1.0,1,27769.0
0,1,46,5,0,0,0,0,0,0,0,0,0,128,1.0,1.0,0.0,0.0,0.01,0.07,0.0,255,1,0.0,0.08,0.0,0.0,1.0,1.0,0.0,1,82098.0
0,1,22,9,316,1103,0,0,1,0,0,0,0,6,0.0,0.0,0.0,0.0,1.0,0.0,0.25,22,255,1.0,0.0,0.05,0.02,0.0,0.01,0.0,0,68071.0
0,1,22,9,218,1721,0,0,1,0,0,0,0,12,0.0,0.0,0.0,0.0,1.0,0.0,0.0,255,255,1.0,0.0,0.0,0.0,0.0,0.0,0.0,0,24294.0
0,1,22,9,320,420,0,0,1,0,0,0,0,7,0.0,0.0,0.0,0.0,1.0,0.0,0.0,255,255,1.0,0.0,0.01,0.0,0.0,0.0,0.0,0,304.0
0,1,51,9,1712,328,0,0,1,0,0,0,0,1,0.0,0.0,0.0,0.0,1.0,0.0,0.0,255,129,0.51,0.03,0.0,0.0,0.0,0.01,0.0,0,53975.0
0,1,24,5,0,0,0,0,0,0,0,0,0,274,1.0,1.0,0.0,0.0,0.08,0.05,0.0,255,22,0.09,0.07,0.0,0.0,1.0,1.0,0.0,1,96147.0
0,1,22,9,291,255,0,0,1,0,0,0,0,2,0.0,0.0,0.0,0.0,1.0,0.0,0.0,2,2,1.0,0.0,0.5,0.0,0.0,0.0,0.0,0,106200.0
0,1,19,9,641,0,0,0,0,0,0,0,0,2,0.0,0.0,0.0,0.0,1.0,0.0,0.0,69,24,0.07,0.07,0.07,0.08,0.0,0.0,0.0,0,103360.0
0,2,11,9,44,80,0,0,0,0,0,0,0,256,0.0,0.0,0.0,0.0,1.0,0.01,0.01,255,255,1.0,0.0,0.0,0.0,0.0,0.0,0.0,0,31394.0
0,1,46,5,0,0,0,0,0,0,0,0,0,221,1.0,1.0,0.0,0.0,0.02,0.06,0.0,255,16,0.06,0.08,0.0,0.0,1.0,1.0,0.0,1,103274.0
0,1,22,9,54540,8314,0,2,1,1,0,0,0,6,0.0,0.0,0.17,0.17,1.0,0.0,0.0,215,215,1.0,0.0,0.0,0.0,0.0,0.0,0.06,1,104301.0
0,1,66,5,0,0,0,0,0,0,0,0,0,62,1.0,1.0,0.0,0.0,0.15,0.1,0.0,255,17,0.07,0.07,0.0,0.0,1.0,1.0,0.0,1,54029.0
0,1,19,9,252,0,0,0,1,0,0,0,0,1,0.0,0.0,0.0,0.0,1.0,0.0,0.0,62,45,0.15,0.11,0.15,0.07,0.0,0.0,0.0,0,37362.0
0,1,12,2,0,0,0,0,0,0,0,0,0,252,0.0,0.0,1.0,1.0,0.01,0.07,0.0,255,2,0.01,0.08,0.0,0.0,0.0,0.0,1.0,1,62605.0
0,1,46,1,0,0,0,0,0,0,0,0,0,7,0.0,0.0,0.86,1.0,0.14,1.0,0.0,255,1,0.0,0.07,0.0,0.0,0.0,0.0,1.0,1,14327.0
0,1,51,9,1514,491,0,0,1,0,0,0,0,1,0.0,0.0,0.0,0.0,1.0,0.0,0.0,255,67,0.26,0.42,0.0,0.0,0.42,0.0,0.0,0,28826.0
0,1,51,9,2931,326,0,0,1,0,0,0,0,2,0.0,0.0,0.0,0.0,0.5,1.0,0.0,255,128,0.5,0.05,0.0,0.0,0.01,0.0,0.0,0,22655.0
0,1,19,9,2191,0,0,0,1,0,0,0,0,13,0.0,0.0,0.0,0.0,1.0,0.0,0.0,82,49,0.23,0.06,0.23,0.04,0.0,0.0,0.0,0,75405.0
0,1,22,9,339,19790,0,0,1,0,0,0,0,2,0.0,0.0,0.0,0.0,1.0,0.0,0.14,62,255,1.0,0.0,0.02,0.03,0.0,0.0,0.0,0,13234.0
0,1,26,5,0,0,0,0,0,0,0,0,0,218,1.0,1.0,0.0,0.0,0.0,0.07,0.0,255,1,0.0,0.08,0.0,0.0,1.0,1.0,0.0,1,100315.0
0,2,11,9,42,42,0,0,0,0,0,0,0,144,0.0,0.0,0.0,0.0,1.0,0.0,0.02,255,255,1.0,0.0,0.01,0.0,0.0,0.0,0.0,0,14478.0
0,2,46,9,1,0,0,0,0,0,0,0,0,121,0.0,0.0,0.0,0.0,0.92,0.02,0.0,255,180,0.71,0.04,1.0,0.0,0.0,0.0,0.0,1,110932.0
0,1,22,9,301,1404,0,0,1,0,0,0,0,4,0.0,0.0,0.0,0.0,1.0,0.0,0.0,255,255,1.0,0.0,0.0,0.0,0.0,0.0,0.0,0,31290.0
0,1,22,9,200,932,0,0,1,0,0,0,0,18,0.0,0.0,0.0,0.0,1.0,0.0,0.11,38,255,1.0,0.0,0.03,0.04,0.0,0.0,0.0,0,118467.0
0,1,22,9,292,269,0,0,1,0,0,0,0,5,0.0,0.09,0.0,0.0,1.0,0.0,0.36,255,255,1.0,0.0,0.0,0.0,0.0,0.0,0.0,0,54739.0
0,1,22,9,199,4630,0,0,1,0,0,0,0,3,0.0,0.0,0.0,0.0,1.0,0.0,0.12,19,203,1.0,0.0,0.05,0.05,0.0,0.0,0.0,0,94572.0
26271,1,46,4,1,0,0,0,0,0,0,0,0,2,0.0,0.0,1.0,1.0,1.0,0.0,0.0,255,2,0.01,0.74,1.0,0.0,0.0,0.0,1.0,1,59312.0
0,1,22,9,235,2096,0,0,1,0,0,0,0,1,0.0,0.0,0.0,0.0,1.0,0.0,0.0,255,255,1.0,0.0,0.0,0.0,0.0,0.0,0.0,0,102449.0
0,1,18,5,0,0,0,0,0,0,0,0,0,297,1.0,1.0,0.0,0.0,0.07,0.06,0.0,255,20,0.08,0.07,0.0,0.0,1.0,1.0,0.0,1,51374.0
0,2,11,9,46,133,0,0,0,0,0,0,0,64,0.0,0.0,0.0,0.0,1.0,0.0,0.01,122,200,0.88,0.02,0.88,0.01,0.0,0.0,0.0,0,7975.0
0,1,7,5,0,0,0,0,0,0,0,0,0,244,1.0,1.0,0.0,0.0,0.02,0.06,0.0,255,16,0.06,0.07,0.0,0.0,1.0,1.0,0.0,1,104147.0
0,1,22,5,0,0,0,0,0,0,0,0,0,17,0.94,1.0,0.06,0.0,0.94,0.12,0.0,255,17,0.07,0.06,0.0,0.0,1.0,1.0,0.0,1,30140.0
0,1,51,9,794,387,0,0,1,0,0,0,0,1,0.0,0.0,0.0,0.0,1.0,0.0,1.0,255,37,0.15,0.06,0.0,0.0,0.69,0.0,0.0,0,76217.0
0,2,11,9,44,128,0,0,0,0,0,0,0,41,0.0,0.0,0.0,0.0,1.0,0.0,0.02,255,254,1.0,0.01,0.0,0.0,0.0,0.0,0.0,0,79811.0
0,1,17,2,0,0,0,0,0,0,0,0,0,250,0.0,0.0,1.0,1.0,0.04,0.06,0.0,255,11,0.04,0.07,0.0,0.0,0.0,0.0,1.0,1,101738.0
23,1,18,9,276,903,0,5,1,0,0,0,0,3,0.0,0.0,0.0,0.0,0.33,0.67,1.0,9,1,0.11,0.22,0.11,0.0,0.0,0.0,0.0,0,103789.0
0,1,46,5,0,0,0,0,0,0,0,0,0,106,1.0,1.0,0.0,0.0,0.11,0.07,0.0,4,2,0.5,0.75,0.25,0.0,1.0,1.0,0.0,1,4291.0
0,1,54,5,0,0,0,0,0,0,0,0,0,145,1.0,1.0,0.0,0.0,0.11,0.06,0.0,255,10,0.04,0.06,0.0,0.0,1.0,1.0,0.0,1,51584.0
0,1,22,9,294,2702,0,0,1,0,0,0,0,10,0.0,0.0,0.0,0.0,1.0,0.0,0.13,23,255,1.0,0.0,0.04,0.03,0.0,0.0,0.0,0,64883.0
0,1,22,9,338,803,0,0,1,0,0,0,0,2,0.0,0.0,0.0,0.0,1.0,0.0,0.0,13,255,1.0,0.0,0.08,0.04,0.0,0.02,0.0,0,54136.0
0,1,46,1,0,0,0,0,0,0,0,0,0,268,0.0,0.0,1.0,1.0,0.06,0.06,0.0,255,27,0.11,0.07,0.0,0.0,0.0,0.0,1.0,1,29986.0
0,1,46,5,0,0,0,0,0,0,0,0,0,200,1.0,1.0,0.0,0.0,0.06,0.05,0.0,255,1,0.0,0.07,0.0,0.0,1.0,1.0,0.0,1,13673.0
0,1,22,9,199,301,0,0,1,0,0,0,0,22,0.0,0.0,0.0,0.0,1.0,0.0,0.0,22,255,1.0,0.0,0.05,0.05,0.0,0.0,0.0,0,30046.0
0,1,46,1,0,0,0,0,0,0,0,0,0,498,0.06,0.0,0.93,1.0,0.0,1.0,0.0,255,1,0.0,1.0,0.0,0.0,0.08,0.0,1.0,1,90347.0
0,2,11,9,42,42,0,0,0,0,0,0,0,3,0.0,0.0,0.0,0.0,1.0,0.0,0.6,255,247,0.97,0.01,0.01,0.0,0.0,0.0,0.0,0,91979.0
0,1,22,5,0,0,0,0,0,0,0,0,0,2,0.5,0.33,0.0,0.0,1.0,0.0,0.67,3,255,1.0,0.0,0.67,0.05,0.33,0.01,0.01,0,106546.0
0,1,10,5,0,0,0,0,0,0,0,0,0,220,1.0,1.0,0.0,0.0,0.09,0.05,0.0,255,2,0.01,0.07,0.0,0.0,1.0,1.0,0.0,1,82.0
0,1,22,9,330,1387,0,0,1,0,0,0,0,3,0.0,0.0,0.0,0.0,1.0,0.0,0.0,119,255,1.0,0.0,0.01,0.02,0.0,0.0,0.0,0,75532.0
0,1,7,5,0,0,0,0,0,0,0,0,0,222,1.0,1.0,0.0,0.0,0.1,0.06,0.0,255,22,0.09,0.07,0.0,0.0,1.0,1.0,0.0,1,119709.0
0,2,11,9,43,131,0,0,0,0,0,0,0,115,0.0,0.0,0.0,0.0,1.0,0.0,0.01,255,255,1.0,0.0,0.0,0.0,0.0,0.0,0.0,0,54960.0
0,1,36,5,0,0,0,0,0,0,0,0,0,276,1.0,1.0,0.0,0.0,0.05,0.06,0.0,255,6,0.02,0.08,0.0,0.0,1.0,1.0,0.0,1,112362.0
0,1,22,1,0,0,0,0,0,0,0,0,0,1,0.0,0.0,1.0,1.0,1.0,0.0,0.0,36,253,1.0,0.0,0.03,0.08,0.0,0.0,1.0,0,75365.0
0,1,46,5,0,0,0,0,0,0,0,0,0,204,1.0,1.0,0.0,0.0,0.02,0.06,0.0,255,10,0.04,0.06,0.0,0.0,1.0,1.0,0.0,1,74090.0
0,1,51,9,2134,330,0,0,1,0,0,0,0,1,0.0,0.0,0.0,0.0,1.0,0.0,0.0,177,162,0.75,0.03,0.01,0.01,0.0,0.0,0.0,0,26076.0
0,1,46,5,0,0,0,0,0,0,0,0,0,129,1.0,1.0,0.0,0.0,0.16,0.06,0.0,255,13,0.05,0.06,0.0,0.0,1.0,1.0,0.0,1,111692.0
0,2,11,9,46,129,0,0,0,0,0,0,0,82,0.0,0.0,0.0,0.0,1.0,0.0,0.01,255,255,1.0,0.0,0.0,0.0,0.0,0.0,0.0,0,73904.0
0,1,46,5,0,0,0,0,0,0,0,0,0,118,1.0,1.0,0.0,0.0,0.09,0.07,0.0,255,10,0.04,0.07,0.0,0.0,1.0,1.0,0.0,1,38135.0
0,0,14,9,520,0,0,0,0,0,0,0,0,355,0.0,0.0,0.0,0.0,1.0,0.0,0.0,255,255,1.0,0.0,1.0,0.0,0.0,0.0,0.0,1,47340.0
0,1,46,5,0,0,0,0,0,0,0,0,0,147,1.0,1.0,0.0,0.0,0.1,0.05,0.0,255,1,0.0,0.07,0.0,0.0,1.0,1.0,0.0,1,1525.0
0,0,62,9,182,0,0,0,0,0,0,0,0,2,0.0,0.0,0.0,0.0,0.5,1.0,0.0,255,9,0.04,0.01,0.05,0.0,0.0,0.0,0.0,0,20189.0
0,1,20,5,0,0,0,0,0,0,0,0,0,83,0.78,1.0,0.22,0.0,0.02,0.37,0.0,255,2,0.01,0.12,0.33,0.0,0.25,1.0,0.0,1,7287.0
0,2,11,9,31,0,0,0,0,0,0,0,0,1,0.0,0.0,0.0,0.0,1.0,0.0,1.0,28,2,0.07,0.14,0.07,0.0,0.0,0.0,0.0,0,96663.0
0,1,19,9,641,0,0,0,0,0,0,0,0,2,0.0,0.0,0.0,0.0,1.0,0.0,0.0,186,68,0.33,0.02,0.33,0.03,0.0,0.0,0.0,0,123348.0
0,1,19,9,965,0,0,0,1,0,0,0,0,11,0.0,0.0,0.0,0.0,1.0,0.0,0.0,137,101,0.58,0.02,0.58,0.03,0.0,0.0,0.0,0,21827.0
0,1,46,5,0,0,0,0,0,0,0,0,0,230,1.0,1.0,0.0,0.0,0.05,0.06,0.0,255,9,0.04,0.08,0.0,0.0,1.0,1.0,0.0,1,94908.0
0,1,46,1,0,0,0,0,0,0,0,0,0,112,0.0,0.0,1.0,1.0,0.18,0.06,0.0,255,30,0.12,0.05,0.0,0.0,0.0,0.0,1.0,1,58787.0
0,1,46,5,0,0,0,0,0,0,0,0,0,62,1.0,1.0,0.0,0.0,0.06,0.06,0.0,255,19,0.07,0.06,0.0,0.0,1.0,1.0,0.0,1,112559.0
0,1,22,1,0,0,0,0,0,0,0,0,0,1,0.0,0.0,1.0,1.0,1.0,0.0,0.8,23,255,1.0,0.0,0.04,0.2,0.0,0.0,1.0,0,26950.0
0,0,13,9,30,0,0,0,0,0,0,0,0,5,0.0,0.0,0.0,0.0,0.2,0.6,0.0,255,4,0.02,0.01,0.11,0.0,0.0,0.0,0.0,0,51327.0
0,1,21,5,0,0,0,0,0,0,0,0,0,230,1.0,1.0,0.0,0.0,0.0,0.06,0.0,255,5,0.02,0.07,0.0,0.0,1.0,1.0,0.0,1,2762.0
0,1,46,5,0,0,0,0,0,0,0,0,0,47,1.0,1.0,0.0,0.0,0.04,0.13,0.0,255,14,0.05,0.09,0.0,0.0,1.0,1.0,0.0,1,76538.0
0,2,11,9,45,131,0,0,0,0,0,0,0,69,0.0,0.0,0.0,0.0,1.0,0.0,0.01,255,254,1.0,0.01,0.0,0.0,0.0,0.0,0.0,0,20164.0
0,1,17,2,0,0,0,0,0,0,0,0,0,272,0.0,0.0,1.0,1.0,0.02,0.06,0.0,255,6,0.02,0.07,0.0,0.0,0.0,0.0,1.0,1,19693.0
0,1,22,9,200,2170,0,0,1,0,0,0,0,3,0.0,0.0,0.0,0.0,1.0,0.0,0.5,100,255,1.0,0.0,0.01,0.04,0.01,0.01,0.0,0,122834.0
0,1,51,9,3129,334,0,0,1,0,0,0,0,1,0.0,0.0,0.0,0.0,1.0,0.0,0.0,69,237,0.94,0.03,0.01,0.01,0.0,0.0,0.0,0,31584.0
0,1,22,9,246,18036,0,0,1,0,0,0,0,1,0.0,0.0,0.0,0.0,1.0,0.0,0.0,255,253,0.99,0.01,0.0,0.0,0.0,0.0,0.02,0,18546.0
0,1,46,5,0,0,0,0,0,0,0,0,0,119,1.0,1.0,0.0,0.0,0.08,0.06,0.0,255,9,0.04,0.08,0.0,0.0,1.0,1.0,0.0,1,34521.0
0,1,22,1,0,0,0,0,0,0,0,0,0,2,0.0,0.0,1.0,1.0,1.0,0.0,0.0,2,255,1.0,0.0,0.5,0.12,0.0,0.0,0.62,0,42808.0
0,1,46,5,0,0,0,0,0,0,0,0,0,123,1.0,1.0,0.0,0.0,0.14,0.06,0.0,255,32,0.13,0.05,0.0,0.0,1.0,1.0,0.0,1,11319.0
7770,2,41,9,147,105,0,0,0,0,0,0,0,2,0.0,0.0,0.0,0.0,1.0,0.0,0.0,255,2,0.01,0.86,1.0,0.0,0.0,0.0,0.0,0,65062.0
0,1,22,5,0,0,0,0,0,0,0,0,0,283,1.0,1.0,0.0,0.0,0.08,0.05,0.0,255,23,0.09,0.05,0.0,0.0,1.0,1.0,0.0,1,15963.0
0,2,11,9,44,66,0,0,0,0,0,0,0,222,0.0,0.0,0.0,0.0,1.0,0.0,0.01,255,218,0.85,0.01,0.0,0.0,0.0,0.0,0.0,0,100439.0
0,1,30,1,0,0,0,0,0,0,0,0,0,239,0.0,0.0,1.0,1.0,0.02,0.07,0.0,255,5,0.02,0.08,0.0,0.0,0.0,0.0,1.0,1,39249.0
0,2,46,9,1,0,0,0,0,0,0,0,0,4,0.0,0.0,0.0,0.0,1.0,0.0,0.0,255,35,0.14,0.44,0.67,0.0,0.03,0.0,0.0,1,15771.0
0,1,6,5,0,0,0,0,0,0,0,0,0,271,1.0,1.0,0.0,0.0,0.05,0.06,0.0,255,14,0.05,0.07,0.0,0.0,1.0,1.0,0.0,1,2053.0
0,2,11,9,44,44,0,0,0,0,0,0,0,104,0.0,0.0,0.0,0.0,1.0,0.0,0.0,255,252,0.99,0.01,0.01,0.0,0.0,0.0,0.0,0,34021.0
0,1,39,5,0,0,0,0,0,0,0,0,0,96,1.0,1.0,0.0,0.0,0.07,0.06,0.0,255,7,0.03,0.06,0.0,0.0,1.0,1.0,0.0,1,107289.0
0,1,22,9,286,1267,0,0,1,0,0,0,0,4,0.0,0.0,0.0,0.0,1.0,0.0,0.0,4,255,1.0,0.0,0.25,0.04,0.0,0.0,0.0,0,9505.0
0,1,22,9,54540,8314,0,2,1,1,0,0,0,3,0.0,0.0,0.0,0.0,1.0,0.0,0.0,48,48,1.0,0.0,0.02,0.0,0.0,0.0,0.25,1,104193.0
0,1,46,5,0,0,0,0,0,0,0,0,0,113,1.0,1.0,0.0,0.0,0.06,0.08,0.0,255,7,0.03,0.08,0.0,0.0,1.0,1.0,0.0,1,122364.0
0,1,53,5,0,0,0,0,0,0,0,0,0,284,1.0,1.0,0.0,0.0,0.01,0.06,0.0,255,3,0.01,0.06,0.0,0.0,1.0,1.0,0.0,1,72070.0
0,1,19,9,12,0,0,0,1,0,0,0,0,2,0.0,0.0,0.0,0.0,1.0,0.0,0.0,116,89,0.68,0.03,0.68,0.02,0.0,0.01,0.0,0,31283.0
0,2,46,9,1,0,0,0,0,0,0,0,0,27,0.0,0.0,0.0,0.0,0.74,0.11,0.0,255,20,0.08,0.58,0.47,0.0,0.05,0.0,0.0,1,29702.0
0,1,46,5,0,0,0,0,0,0,0,0,0,135,1.0,1.0,0.0,0.0,0.09,0.05,0.0,255,12,0.05,0.05,0.0,0.0,1.0,1.0,0.0,1,111018.0
0,0,14,9,30,0,0,0,0,0,0,0,0,2,0.0,0.0,0.0,0.0,1.0,0.0,0.0,246,246,1.0,0.0,1.0,0.0,0.0,0.0,0.0,0,66698.0
0,0,13,9,8,0,0,0,0,0,0,0,0,1,0.0,0.0,0.0,0.0,1.0,0.0,1.0,2,138,1.0,0.0,1.0,0.25,0.0,0.0,0.0,1,3427.0
0,2,11,9,46,134,0,0,0,0,0,0,0,101,0.0,0.0,0.0,0.0,1.0,0.0,0.01,255,254,1.0,0.01,0.0,0.0,0.0,0.0,0.0,0,119052.0
0,1,22,9,255,12818,0,0,1,0,0,0,0,2,0.0,0.0,0.0,0.0,1.0,0.0,0.0,9,255,1.0,0.0,0.11,0.03,0.0,0.0,0.0,0,100780.0
0,1,22,1,0,0,0,0,0,0,0,0,0,1,0.0,0.0,1.0,1.0,1.0,0.0,0.0,2,179,1.0,0.0,0.5,0.07,0.0,0.0,1.0,0,22206.0
0,1,22,9,336,3211,0,0,1,0,0,0,0,9,0.0,0.0,0.0,0.0,1.0,0.0,0.0,255,255,1.0,0.0,0.0,0.0,0.0,0.0,0.0,0,59553.0
0,1,46,5,0,0,0,0,0,0,0,0,0,190,1.0,1.0,0.0,0.0,0.01,0.06,0.0,255,17,0.07,0.08,0.0,0.0,1.0,1.0,0.0,1,58320.0
0,1,22,9,279,2443,0,0,1,0,0,0,0,21,0.0,0.0,0.0,0.0,1.0,0.0,0.0,73,255,1.0,0.0,0.01,0.05,0.0,0.0,0.01,0,97557.0
0,1,46,5,0,0,0,0,0,0,0,0,0,86,1.0,1.0,0.0,0.0,0.06,0.07,0.0,255,5,0.02,0.06,0.0,0.0,1.0,1.0,0.0,1,1163.0
0,1,22,9,203,321,0,0,1,0,0,0,0,6,0.0,0.0,0.0,0.0,1.0,0.0,0.18,6,255,1.0,0.0,0.17,0.01,0.0,0.0,0.0,0,117889.0
8,1,57,9,137,1609,0,0,1,0,0,0,0,1,0.0,0.0,0.0,0.0,1.0,0.0,0.0,1,1,1.0,0.0,1.0,0.0,0.0,0.0,0.0,0,12785.0
0,0,14,9,1032,0,0,0,0,0,0,0,0,511,0.0,0.0,0.0,0.0,1.0,0.0,0.0,255,110,0.43,0.09,0.43,0.0,0.0,0.0,0.0,1,82061.0
0,1,16,5,0,0,0,0,0,0,0,0,0,146,1.0,1.0,0.0,0.0,0.17,0.05,0.0,255,25,0.1,0.05,0.0,0.0,1.0,1.0,0.0,1,3288.0
0,1,46,5,0,0,0,0,0,0,0,0,0,295,1.0,1.0,0.0,0.0,0.04,0.05,0.0,255,8,0.03,0.07,0.0,0.0,1.0,1.0,0.0,1,21424.0
0,1,22,9,253,6359,0,0,1,0,0,0,0,6,0.0,0.0,0.0,0.0,1.0,0.0,0.0,29,156,1.0,0.0,0.03,0.07,0.03,0.01,0.0,0,17433.0
0,1,22,9,316,6367,0,0,1,0,0,0,0,17,0.0,0.0,0.0,0.0,1.0,0.0,0.0,255,255,1.0,0.0,0.0,0.0,0.0,0.0,0.0,0,17365.0
0,1,46,5,0,0,0,0,0,0,0,0,0,231,1.0,1.0,0.0,0.0,0.01,0.06,0.0,255,1,0.0,0.08,0.0,0.0,1.0,1.0,0.0,1,19894.0
0,1,22,9,208,799,0,0,1,0,0,0,0,5,0.0,0.0,0.0,0.0,1.0,0.0,0.0,255,255,1.0,0.0,0.0,0.0,0.0,0.0,0.0,0,97390.0
0,1,55,5,0,0,0,0,0,0,0,0,0,229,1.0,1.0,0.0,0.0,0.07,0.07,0.0,255,15,0.06,0.07,0.0,0.0,1.0,1.0,0.0,1,47590.0
0,1,51,9,1147,388,0,0,1,0,0,0,0,1,0.0,0.0,0.0,0.0,1.0,0.0,1.0,253,126,0.49,0.01,0.0,0.02,0.79,0.79,0.0,0,72715.0
0,1,24,1,0,0,0,0,0,0,0,0,0,104,0.0,0.0,1.0,1.0,0.02,0.09,0.0,255,2,0.01,0.07,0.0,0.0,0.0,0.0,1.0,1,15441.0
0,1,57,5,0,0,0,0,0,0,0,0,0,33,1.0,1.0,0.0,0.0,0.15,0.12,0.0,255,65,0.25,0.03,0.01,0.0,1.0,1.0,0.0,1,107055.0
0,1,18,5,0,0,0,0,0,0,0,0,0,238,1.0,1.0,0.0,0.0,0.03,0.06,0.0,255,6,0.02,0.06,0.0,0.0,1.0,1.0,0.0,1,83050.0
0,0,14,9,520,0,0,0,0,0,0,0,0,81,0.0,0.0,0.0,0.0,1.0,0.0,0.0,255,255,1.0,0.0,1.0,0.0,0.0,0.0,0.0,1,92204.0
0,1,22,9,276,2056,0,0,1,0,0,0,0,7,0.0,0.0,0.0,0.0,1.0,0.0,0.22,7,255,1.0,0.0,0.14,0.01,0.0,0.0,0.0,0,90165.0
0,1,22,9,327,378,0,0,1,0,0,0,0,3,0.0,0.0,0.0,0.0,1.0,0.0,0.0,79,255,1.0,0.0,0.01,0.04,0.0,0.0,0.0,0,79618.0
0,1,46,5,0,0,0,0,0,0,0,0,0,68,1.0,1.0,0.0,0.0,0.26,0.09,0.0,255,19,0.07,0.07,0.0,0.0,1.0,1.0,0.0,1,36620.0
0,1,64,5,0,0,0,0,0,0,0,0,0,250,1.0,1.0,0.0,0.0,0.01,0.06,0.0,255,18,0.07,0.06,0.0,0.0,1.0,1.0,0.0,1,121846.0
0,0,13,9,8,0,0,0,0,0,0,0,0,1,0.0,0.0,0.0,0.0,1.0,0.0,0.0,1,53,1.0,0.0,1.0,0.51,0.0,0.0,0.0,1,38547.0
0,1,51,9,785,328,0,0,1,0,0,0,0,1,0.0,0.0,0.0,0.0,1.0,0.0,0.0,182,129,0.71,0.04,0.01,0.0,0.01,0.01,0.0,0,46687.0
0,1,17,5,0,0,0,0,0,0,0,0,0,148,1.0,1.0,0.0,0.0,0.17,0.05,0.0,255,13,0.05,0.05,0.0,0.0,1.0,1.0,0.0,1,37124.0
0,1,22,9,359,908,0,0,1,0,0,0,0,34,0.0,0.0,0.0,0.0,1.0,0.0,0.0,154,255,1.0,0.0,0.01,0.01,0.0,0.0,0.05,0,31910.0
0,1,7,1,0,0,0,0,0,0,0,0,0,250,0.0,0.0,1.0,1.0,0.02,0.07,0.0,255,6,0.02,0.08,0.0,0.0,0.0,0.0,1.0,1,94534.0
0,1,46,5,0,0,0,0,0,0,0,0,0,225,1.0,1.0,0.0,0.0,0.06,0.07,0.0,255,13,0.05,0.06,0.0,0.0,1.0,1.0,0.0,1,19630.0
249,2,41,9,145,105,0,0,0,0,0,0,0,1,0.0,0.0,0.0,0.0,1.0,0.0,0.0,255,4,0.02,0.6,0.92,0.0,0.0,0.0,0.0,0,36146.0
0,1,22,9,207,15768,0,0,1,0,0,0,0,4,0.0,0.0,0.0,0.0,1.0,0.0,0.0,16,255,1.0,0.0,0.06,0.02,0.0,0.0,0.0,0,28492.0
0,1,24,5,0,0,0,0,0,0,0,0,0,143,1.0,1.0,0.0,0.0,0.13,0.06,0.0,255,19,0.07,0.05,0.0,0.0,1.0,1.0,0.0,1,88514.0
0,1,46,1,0,0,0,0,0,0,0,0,0,2,0.0,0.0,1.0,1.0,0.5,1.0,0.0,255,1,0.0,0.46,0.44,0.0,0.0,0.0,1.0,1,61619.0
0,1,22,9,288,958,0,0,1,0,0,0,0,3,0.0,0.0,0.0,0.0,1.0,0.0,0.15,3,208,1.0,0.0,0.33,0.01,0.0,0.01,0.01,0,33323.0
0,1,51,9,1272,333,0,0,1,0,0,0,0,1,0.0,0.0,0.0,0.0,1.0,0.0,1.0,244,141,0.54,0.03,0.0,0.01,0.0,0.0,0.0,0,35529.0
0,1,51,9,938,333,0,0,1,0,0,0,0,1,0.0,0.0,0.0,0.0,1.0,0.0,1.0,127,82,0.65,0.02,0.01,0.0,0.0,0.0,0.0,0,119544.0
0,1,22,9,244,1374,0,0,1,0,0,0,0,4,0.0,0.0,0.0,0.0,1.0,0.0,0.11,169,255,1.0,0.0,0.01,0.03,0.0,0.0,0.0,0,18883.0
0,0,14,9,1032,0,0,0,0,0,0,0,0,511,0.0,0.0,0.0,0.0,1.0,0.0,0.0,255,197,0.77,0.02,0.77,0.0,0.0,0.0,0.0,1,62150.0
0,1,46,5,0,0,0,0,0,0,0,0,0,178,1.0,1.0,0.0,0.0,0.01,0.06,0.0,255,19,0.07,0.06,0.0,0.0,1.0,1.0,0.0,1,15658.0
0,1,46,5,0,0,0,0,0,0,0,0,0,197,1.0,1.0,0.0,0.0,0.1,0.06,0.0,255,3,0.01,0.07,0.0,0.0,1.0,1.0,0.0,1,76195.0
0,1,46,5,0,0,0,0,0,0,0,0,0,40,1.0,1.0,0.0,0.0,0.08,0.12,0.0,255,15,0.06,0.08,0.0,0.0,1.0,1.0,0.0,1,124483.0
0,1,22,9,296,301,0,0,1,0,0,0,0,25,0.0,0.0,0.0,0.0,1.0,0.0,0.0,25,255,1.0,0.0,0.04,0.05,0.0,0.0,0.0,0,112645.0
0,1,22,9,201,1648,0,0,1,0,0,0,0,2,0.0,0.0,0.0,0.0,1.0,0.0,0.0,2,255,1.0,0.0,0.5,0.02,0.0,0.0,0.0,0,12225.0
0,1,19,9,11,0,0,0,1,0,0,0,0,2,0.0,0.0,0.0,0.0,1.0,0.0,0.0,47,51,0.28,0.09,0.28,0.04,0.06,0.0,0.0,0,73061.0
0,0,13,9,8,0,0,0,0,0,0,0,0,1,0.0,0.0,0.0,0.0,1.0,0.0,1.0,2,8,1.0,0.0,1.0,0.5,0.0,0.0,0.0,1,67173.0
0,1,22,9,203,12985,0,0,1,0,0,0,0,9,0.0,0.0,0.0,0.0,1.0,0.0,0.0,44,255,1.0,0.0,0.02,0.06,0.0,0.0,0.0,0,28520.0
0,1,46,5,0,0,0,0,0,0,0,0,0,109,1.0,1.0,0.0,0.0,0.01,0.06,0.0,255,15,0.06,0.06,0.0,0.0,1.0,1.0,0.0,1,60350.0
0,1,51,9,1729,279,0,0,1,0,0,0,0,2,0.0,0.0,0.0,0.0,0.5,1.0,0.0,205,156,0.76,0.03,0.0,0.0,0.0,0.0,0.0,0,96792.0
0,1,22,7,0,0,0,0,0,0,0,0,0,5,0.4,0.25,0.0,0.0,1.0,0.0,0.25,29,255,1.0,0.0,0.03,0.01,0.07,0.01,0.0,0,97711.0
0,1,54,5,0,0,0,0,0,0,0,0,0,233,1.0,1.0,0.0,0.0,0.06,0.06,0.0,255,15,0.06,0.07,0.0,0.0,1.0,1.0,0.0,1,17602.0
0,1,24,1,0,0,0,0,0,0,0,0,0,135,0.0,0.0,1.0,1.0,0.04,0.06,0.0,255,6,0.02,0.06,0.0,0.0,0.0,0.0,1.0,1,108072.0
0,1,46,5,0,0,0,0,0,0,0,0,0,252,1.0,1.0,0.0,0.0,0.04,0.06,0.0,255,17,0.07,0.08,0.0,0.0,1.0,1.0,0.0,1,78354.0
0,1,36,9,6,0,0,0,0,0,0,0,0,511,0.07,0.0,0.91,0.0,0.0,1.0,0.0,255,2,0.01,1.0,0.01,0.0,0.07,0.0,0.0,1,96586.0
0,2,11,9,30,0,0,0,0,0,0,0,0,1,0.0,0.0,0.0,0.0,1.0,0.0,1.0,55,4,0.05,0.11,0.05,0.5,0.0,0.0,0.0,0,61869.0
0,1,57,5,0,0,0,0,0,0,0,0,0,282,1.0,1.0,0.0,0.0,0.08,0.05,0.0,255,22,0.09,0.05,0.0,0.0,1.0,1.0,0.0,1,76094.0
0,1,22,1,0,0,0,0,0,0,0,0,0,108,0.0,0.0,1.0,1.0,0.12,0.06,0.0,255,11,0.04,0.07,0.0,0.0,0.0,0.0,1.0,1,30281.0
6,1,17,9,6,221,0,0,0,0,0,0,0,1,0.0,0.0,0.0,0.0,1.0,0.0,0.0,185,4,0.02,0.02,0.01,0.0,0.0,0.0,0.0,0,30673.0
0,1,22,9,262,1069,0,0,1,0,0,0,0,14,0.0,0.0,0.0,0.0,1.0,0.0,0.0,88,255,1.0,0.0,0.01,0.03,0.0,0.0,0.0,0,17920.0
0,1,22,9,244,632,0,0,1,0,0,0,0,1,0.0,0.0,0.0,0.0,1.0,0.0,0.12,6,255,1.0,0.0,0.17,0.04,0.0,0.0,0.0,0,21852.0
0,1,22,9,262,310,0,0,1,0,0,0,0,5,0.2,0.13,0.0,0.0,1.0,0.0,0.13,255,255,1.0,0.0,0.0,0.0,0.0,0.0,0.0,0,99516.0
0,0,13,9,8,0,0,0,0,0,0,0,0,1,0.0,0.0,0.0,0.0,1.0,0.0,1.0,1,255,1.0,0.0,1.0,0.5,0.0,0.0,0.0,1,81883.0
0,1,46,1,0,0,0,0,0,0,0,0,0,197,0.0,0.0,1.0,1.0,0.02,0.07,0.0,255,4,0.02,0.08,0.0,0.0,0.0,0.0,1.0,1,40300.0
0,1,22,9,260,190,0,0,1,0,0,0,0,17,0.0,0.0,0.0,0.0,1.0,0.0,0.0,121,121,1.0,0.0,0.01,0.0,0.0,0.0,0.0,0,13818.0
0,1,64,5,0,0,0,0,0,0,0,0,0,280,1.0,1.0,0.0,0.0,0.01,0.06,0.0,255,4,0.02,0.06,0.0,0.0,1.0,1.0,0.0,1,26162.0
0,1,19,5,0,0,0,0,0,0,0,0,0,133,1.0,1.0,0.0,0.0,0.14,0.05,0.0,255,16,0.06,0.07,0.0,0.0,1.0,1.0,0.0,1,92189.0
0,1,22,9,243,654,0,0,1,0,0,0,0,27,0.0,0.0,0.0,0.0,1.0,0.0,0.08,255,255,1.0,0.0,0.0,0.0,0.0,0.0,0.0,0,116258.0
0,0,14,9,1032,0,0,0,0,0,0,0,0,511,0.0,0.0,0.0,0.0,1.0,0.0,0.0,255,186,0.73,0.01,0.73,0.0,0.0,0.0,0.0,1,17362.0
0,1,63,5,0,0,0,0,0,0,0,0,0,132,1.0,1.0,0.0,0.0,0.05,0.07,0.0,255,7,0.03,0.06,0.0,0.0,1.0,1.0,0.0,1,99459.0
0,1,46,1,0,0,0,0,0,0,0,0,0,2,0.0,0.0,1.0,1.0,0.5,1.0,0.0,255,1,0.0,0.35,0.33,0.0,0.0,0.0,1.0,1,31549.0
0,1,19,9,192,0,0,0,1,0,0,0,0,2,0.0,0.0,0.0,0.0,1.0,0.0,0.0,68,9,0.06,0.06,0.06,0.33,0.0,0.0,0.0,0,26088.0
0,1,22,9,223,405,0,0,1,0,0,0,0,27,0.0,0.0,0.0,0.0,1.0,0.0,0.07,255,255,1.0,0.0,0.0,0.0,0.0,0.0,0.0,0,84018.0
0,1,22,9,253,272,0,0,1,0,0,0,0,31,0.0,0.0,0.0,0.0,1.0,0.0,0.0,125,255,1.0,0.0,0.01,0.05,0.0,0.0,0.0,0,106647.0
0,2,11,9,43,127,0,0,0,0,0,0,0,68,0.0,0.0,0.0,0.0,0.99,0.03,0.02,255,193,0.76,0.02,0.01,0.0,0.0,0.0,0.0,0,50639.0
0,1,19,9,11,0,0,0,1,0,0,0,0,2,0.0,0.0,0.0,0.0,1.0,0.0,0.0,45,89,0.09,0.09,0.09,0.02,0.0,0.0,0.0,0,81704.0
0,0,13,9,8,0,0,0,0,0,0,0,0,1,0.0,0.0,0.0,0.0,1.0,0.0,1.0,1,86,1.0,0.0,1.0,0.51,0.0,0.0,0.0,1,102677.0
0,1,51,9,739,328,0,0,1,0,0,0,0,1,0.0,0.0,0.0,0.0,1.0,0.0,0.0,11,166,1.0,0.0,0.09,0.01,0.0,0.0,0.0,0,81042.0
0,1,22,9,208,15642,0,0,1,0,0,0,0,5,0.0,0.0,0.0,0.0,1.0,0.0,0.33,5,255,1.0,0.0,0.2,0.03,0.0,0.0,0.0,0,2205.0
0,1,12,5,0,0,0,0,0,0,0,0,0,198,1.0,1.0,0.0,0.0,0.01,0.06,0.0,255,12,0.05,0.07,0.0,0.0,1.0,1.0,0.0,1,20921.0
0,1,7,5,0,0,0,0,0,0,0,0,0,234,1.0,1.0,0.0,0.0,0.08,0.06,0.0,255,18,0.07,0.07,0.0,0.0,1.0,1.0,0.0,1,35221.0
0,1,51,9,1282,341,0,0,1,0,0,0,0,1,0.0,0.0,0.0,0.0,1.0,0.0,0.0,203,166,0.58,0.02,0.0,0.01,0.0,0.0,0.0,0,99301.0
0,1,22,9,312,2288,0,0,1,0,0,0,0,6,0.0,0.0,0.0,0.0,1.0,0.0,0.0,140,244,1.0,0.0,0.01,0.01,0.0,0.0,0.02,0,32067.0
0,1,60,5,0,0,0,0,0,0,0,0,0,196,1.0,1.0,0.0,0.0,0.01,0.07,0.0,255,1,0.0,0.06,0.0,0.0,1.0,1.0,0.0,1,66158.0
0,2,11,9,44,125,0,0,0,0,0,0,0,65,0.0,0.0,0.0,0.0,1.0,0.0,0.01,241,121,0.5,0.02,0.0,0.0,0.0,0.0,0.0,0,101801.0
74,2,11,9,43,44,0,0,0,0,0,0,0,2,0.0,0.0,0.0,0.0,1.0,0.0,0.0,52,38,0.73,0.04,0.65,0.0,0.0,0.0,0.0,0,34259.0
0,1,57,5,0,0,0,0,0,0,0,0,0,7,1.0,1.0,0.0,0.0,0.29,0.57,0.0,255,62,0.24,0.02,0.01,0.0,1.0,1.0,0.0,1,103640.0
0,1,55,5,0,0,0,0,0,0,0,0,0,150,1.0,1.0,0.0,0.0,0.03,0.07,0.0,255,2,0.01,0.07,0.0,0.0,1.0,1.0,0.0,1,68742.0
0,1,22,9,227,318,0,0,1,0,0,0,0,8,0.0,0.0,0.0,0.0,1.0,0.0,0.14,255,255,1.0,0.0,0.0,0.0,0.0,0.0,0.0,0,107225.0
0,2,11,9,43,43,0,0,0,0,0,0,0,78,0.0,0.0,0.0,0.0,1.0,0.0,0.01,255,255,1.0,0.0,0.01,0.0,0.0,0.0,0.0,0,8580.0
0,2,11,9,43,132,0,0,0,0,0,0,0,169,0.0,0.0,0.0,0.0,0.99,0.01,0.01,255,237,0.93,0.02,0.0,0.0,0.0,0.0,0.0,0,66628.0
0,1,22,9,216,555,0,0,1,0,0,0,0,16,0.0,0.0,0.0,0.0,1.0,0.0,0.09,41,255,1.0,0.0,0.02,0.04,0.0,0.0,0.0,0,62063.0
0,1,22,9,279,440,0,0,1,0,0,0,0,12,0.0,0.0,0.0,0.0,1.0,0.0,0.14,255,255,1.0,0.0,0.0,0.0,0.0,0.0,0.0,0,101968.0
0,1,19,5,0,0,0,0,0,0,0,0,0,226,1.0,1.0,0.0,0.0,0.01,0.06,0.0,255,3,0.01,0.06,0.0,0.0,1.0,1.0,0.0,1,121387.0
0,1,41,1,0,0,0,0,0,0,0,0,0,329,0.06,0.0,0.9,1.0,0.0,1.0,0.0,255,1,0.0,1.0,0.0,0.0,0.08,0.0,1.0,1,90663.0
0,1,22,9,312,581,0,0,1,0,0,0,0,11,0.0,0.0,0.0,0.0,1.0,0.0,0.17,56,106,1.0,0.0,0.02,0.03,0.0,0.0,0.01,0,37596.0
0,1,22,1,0,0,0,0,0,0,0,0,0,1,0.0,0.0,1.0,1.0,1.0,0.0,0.0,56,255,1.0,0.0,0.02,0.1,0.0,0.0,0.78,0,102606.0
0,1,19,9,7196,0,0,0,1,0,0,0,0,9,0.0,0.0,0.0,0.0,1.0,0.0,0.0,90,28,0.17,0.07,0.17,0.07,0.0,0.0,0.0,0,2329.0
0,1,46,5,0,0,0,0,0,0,0,0,0,176,1.0,1.0,0.0,0.0,0.12,0.05,0.0,255,22,0.09,0.05,0.0,0.0,1.0,1.0,0.0,1,58628.0
0,0,13,9,8,0,0,0,0,0,0,0,0,1,0.0,0.0,0.0,0.0,1.0,0.0,1.0,3,207,1.0,0.0,1.0,0.25,0.0,0.0,0.0,1,56024.0
0,1,46,5,0,0,0,0,0,0,0,0,0,290,1.0,1.0,0.0,0.0,0.04,0.06,0.0,255,11,0.04,0.06,0.0,0.0,1.0,1.0,0.0,1,87820.0
0,1,22,9,303,1307,0,0,1,0,0,0,0,3,0.33,0.33,0.0,0.0,1.0,0.0,0.0,35,212,1.0,0.0,0.03,0.05,0.03,0.0,0.0,0,122875.0
0,1,22,5,0,0,0,0,0,0,0,0,0,66,1.0,1.0,0.0,0.0,0.29,0.06,0.0,228,59,0.26,0.02,0.01,0.0,0.99,1.0,0.0,1,23986.0
0,1,46,1,0,0,0,0,0,0,0,0,0,122,0.0,0.0,1.0,1.0,0.02,0.08,0.0,255,2,0.01,0.09,0.0,0.0,0.0,0.0,1.0,1,124750.0
0,1,22,9,279,3727,0,0,1,0,0,0,0,7,0.0,0.0,0.0,0.0,1.0,0.0,0.0,17,255,1.0,0.0,0.06,0.06,0.0,0.0,0.0,0,110432.0
0,1,25,1,0,0,0,0,0,0,0,0,0,221,0.0,0.0,1.0,1.0,0.03,0.06,0.0,255,6,0.02,0.07,0.0,0.0,0.0,0.0,1.0,1,14170.0
0,2,11,9,34,0,0,0,0,0,0,0,0,1,0.0,0.0,0.0,0.0,1.0,0.0,1.0,255,29,0.11,0.02,0.11,0.0,0.0,0.0,0.0,0,79658.0
0,1,16,5,0,0,0,0,0,0,0,0,0,101,1.0,1.0,0.0,0.0,0.16,0.06,0.0,255,19,0.07,0.06,0.0,0.0,1.0,1.0,0.0,1,2710.0
0,1,22,9,251,6706,0,0,1,0,0,0,0,6,0.0,0.0,0.0,0.0,1.0,0.0,0.0,9,255,1.0,0.0,0.11,0.02,0.0,0.0,0.0,0,56316.0
0,1,22,9,235,15249,0,0,1,0,0,0,0,17,0.0,0.0,0.0,0.0,1.0,0.0,0.0,255,255,1.0,0.0,0.0,0.0,0.0,0.0,0.0,0,94026.0
0,1,51,9,2728,306,0,0,1,0,0,0,0,1,0.0,0.0,0.0,0.0,1.0,0.0,0.0,80,67,0.04,0.89,0.01,0.04,0.0,0.0,0.03,0,77546.0
0,1,19,9,245,0,0,0,1,0,0,1,0,2,0.0,0.0,0.0,0.0,1.0,0.0,0.0,21,83,0.29,0.24,0.29,0.04,0.0,0.0,0.0,0,100304.0
0,1,51,9,1242,404,0,0,1,0,0,0,0,1,0.0,0.0,0.0,0.0,1.0,0.0,0.0,145,107,0.74,0.02,0.01,0.0,0.0,0.0,0.0,0,41137.0
0,1,18,5,0,0,0,0,0,0,0,0,0,234,1.0,1.0,0.0,0.0,0.05,0.07,0.0,255,11,0.04,0.07,0.0,0.0,1.0,1.0,0.0,1,118197.0
0,0,14,9,1032,0,0,0,0,0,0,0,0,511,0.0,0.0,0.0,0.0,1.0,0.0,0.0,166,72,0.43,0.04,0.43,0.0,0.01,0.0,0.0,1,87999.0
0,1,43,5,0,0,0,0,0,0,0,0,0,279,1.0,1.0,0.0,0.0,0.06,0.06,0.0,255,18,0.07,0.08,0.0,0.0,1.0,1.0,0.0,1,121888.0
0,1,17,9,6,360,0,0,0,0,0,0,0,1,0.0,0.0,0.0,0.0,1.0,0.0,0.0,189,11,0.05,0.03,0.01,0.18,0.02,0.09,0.0,0,34378.0
0,1,51,9,973,335,0,0,1,0,0,0,0,1,0.0,0.0,0.0,0.0,1.0,0.0,0.0,119,135,0.58,0.05,0.01,0.01,0.02,0.0,0.0,0,61069.0
0,0,13,9,30,0,0,0,0,0,0,0,0,2,0.0,0.0,0.0,0.0,0.5,1.0,0.0,255,14,0.05,0.01,0.26,0.0,0.0,0.0,0.0,0,66081.0
0,1,22,9,230,1380,0,0,1,0,0,0,0,3,0.0,0.0,0.0,0.0,1.0,0.0,0.0,255,219,0.86,0.01,0.0,0.0,0.0,0.0,0.0,0,1635.0
0,1,24,5,0,0,0,0,0,0,0,0,0,271,1.0,1.0,0.0,0.0,0.08,0.05,0.0,255,21,0.08,0.07,0.0,0.0,1.0,1.0,0.0,1,38522.0
0,2,41,9,516,4,0,0,0,0,0,0,0,387,0.0,0.0,0.0,0.0,1.0,0.0,0.0,255,255,1.0,0.0,1.0,0.0,0.0,0.0,0.0,0,35334.0
22,1,51,9,549,325,0,0,1,0,0,0,0,1,0.0,0.0,0.0,0.0,1.0,0.0,0.0,142,122,0.86,0.03,0.01,0.0,0.0,0.0,0.0,0,121900.0
0,0,13,9,8,0,0,0,0,0,0,0,0,1,0.0,0.0,0.0,0.0,1.0,0.0,1.0,1,43,1.0,0.0,1.0,0.51,0.0,0.0,0.0,1,59646.0
0,1,60,2,0,0,0,0,0,0,0,0,0,204,0.0,0.0,1.0,1.0,0.01,0.07,0.0,255,2,0.01,0.07,0.0,0.0,0.0,0.0,1.0,1,71831.0
0,1,22,1,0,0,0,0,0,0,0,0,0,1,0.0,0.0,1.0,1.0,1.0,0.0,0.0,129,255,1.0,0.0,0.01,0.15,0.0,0.0,0.6,0,33278.0
0,2,46,9,1,0,0,0,0,0,0,0,0,154,0.0,0.0,0.0,0.0,0.94,0.01,0.0,255,207,0.81,0.03,1.0,0.0,0.0,0.0,0.0,1,50958.0
0,1,22,1,0,0,0,0,0,0,0,0,0,1,0.0,0.0,1.0,1.0,1.0,0.0,1.0,5,255,1.0,0.0,0.2,0.09,0.0,0.0,0.66,0,6093.0
0,1,66,1,0,0,0,0,0,0,0,0,0,137,0.0,0.0,1.0,1.0,0.05,0.07,0.0,255,7,0.03,0.07,0.0,0.0,0.0,0.0,1.0,1,54655.0
40,1,51,9,1592,340,0,0,1,0,0,0,0,1,0.0,0.0,0.0,0.0,1.0,0.0,0.0,132,173,0.65,0.02,0.01,0.01,0.0,0.0,0.0,0,29567.0
0,0,14,9,1032,0,0,0,0,0,0,0,0,511,0.0,0.0,0.0,0.0,1.0,0.0,0.0,255,229,0.9,0.07,0.9,0.0,0.0,0.0,0.0,1,41745.0
0,1,22,9,220,1719,0,0,1,0,0,0,0,11,0.0,0.0,0.0,0.0,1.0,0.0,0.0,255,255,1.0,0.0,0.0,0.0,0.0,0.0,0.0,0,47287.0
0,1,33,5,0,0,0,0,0,0,0,0,0,117,1.0,1.0,0.0,0.0,0.05,0.08,0.0,255,6,0.02,0.07,0.0,0.0,1.0,1.0,0.0,1,47551.0
0,1,22,9,340,403,0,0,1,0,0,0,0,20,0.0,0.0,0.0,0.0,1.0,0.0,0.0,184,255,1.0,0.0,0.01,0.04,0.0,0.0,0.0,0,105718.0
0,1,22,9,178,6654,0,0,1,0,0,0,0,1,0.0,0.0,0.0,0.0,1.0,0.0,1.0,1,255,1.0,0.0,1.0,0.02,0.0,0.0,0.0,0,99218.0
0,1,22,9,330,791,0,0,1,0,0,0,0,8,0.0,0.0,0.0,0.0,1.0,0.0,0.31,12,255,1.0,0.0,0.08,0.05,0.0,0.0,0.0,0,65716.0
0,1,22,9,54540,8314,0,2,1,1,0,0,0,2,0.0,0.0,0.0,0.0,1.0,0.0,0.0,206,206,1.0,0.0,0.0,0.0,0.0,0.0,0.01,1,40251.0
0,1,36,5,0,0,0,0,0,0,0,0,0,207,1.0,1.0,0.0,0.0,0.02,0.07,0.0,255,16,0.06,0.05,0.0,0.0,1.0,1.0,0.0,1,21767.0
0,1,22,9,207,431,0,0,1,0,0,0,0,1,0.0,0.0,0.0,0.0,1.0,0.0,0.0,86,255,1.0,0.0,0.01,0.14,0.0,0.0,0.97,0,73325.0
0,1,22,9,231,346,0,0,1,0,0,0,0,1,0.0,0.0,0.0,0.0,1.0,0.0,0.0,1,255,1.0,0.0,1.0,0.03,0.0,0.0,0.0,0,54444.0
0,1,22,9,222,944,0,0,1,0,0,0,0,3,0.0,0.0,0.0,0.0,1.0,0.0,0.0,255,255,1.0,0.0,0.0,0.0,0.0,0.0,0.0,0,40013.0
0,1,22,9,303,794,0,0,1,0,0,0,0,22,0.0,0.0,0.0,0.0,1.0,0.0,0.0,40,255,1.0,0.0,0.03,0.06,0.0,0.0,0.0,0,83609.0
0,1,46,5,0,0,0,0,0,0,0,0,0,206,1.0,1.0,0.0,0.0,0.05,0.05,0.0,255,8,0.03,0.07,0.0,0.0,1.0,1.0,0.0,1,92567.0
0,1,22,9,216,847,0,0,1,0,0,0,0,9,0.0,0.0,0.0,0.0,1.0,0.0,0.0,255,255,1.0,0.0,0.0,0.0,0.0,0.0,0.0,0,124938.0
0,2,46,9,28,0,3,0,0,0,0,0,0,20,0.0,0.0,0.0,0.0,1.0,0.0,0.0,255,20,0.08,0.01,0.08,0.0,0.0,0.0,0.0,1,103844.0
0,1,19,9,491,0,0,0,0,0,0,0,0,2,0.0,0.0,0.0,0.0,1.0,0.0,0.0,14,2,0.14,0.14,0.14,0.0,0.0,0.0,0.0,0,38000.0
0,1,46,5,0,0,0,0,0,0,0,0,0,155,1.0,1.0,0.0,0.0,0.03,0.06,0.0,255,17,0.07,0.07,0.0,0.0,1.0,1.0,0.0,1,108244.0
0,1,46,5,0,0,0,0,0,0,0,0,0,190,1.0,1.0,0.0,0.0,0.04,0.06,0.0,255,7,0.03,0.08,0.0,0.0,1.0,1.0,0.0,1,5301.0
0,1,2,5,0,0,0,0,0,0,0,0,0,121,1.0,1.0,0.0,0.0,0.13,0.07,0.0,255,16,0.06,0.07,0.0,0.0,1.0,1.0,0.0,1,50430.0
0,2,46,9,28,0,3,0,0,0,0,0,0,15,0.0,0.0,0.0,0.0,1.0,0.0,0.0,87,15,0.17,0.05,0.17,0.0,0.0,0.0,0.0,1,69543.0
0,1,57,5,0,0,0,0,0,0,0,0,0,68,1.0,1.0,0.0,0.0,0.22,0.06,0.0,255,52,0.2,0.04,0.01,0.0,1.0,1.0,0.0,1,101155.0
0,1,46,5,0,0,0,0,0,0,0,0,0,259,1.0,1.0,0.0,0.0,0.04,0.07,0.0,255,16,0.06,0.06,0.0,0.0,1.0,1.0,0.0,1,87256.0
0,1,41,1,0,0,0,0,0,0,0,0,0,509,0.18,0.0,0.82,1.0,0.0,1.0,0.0,255,1,0.0,1.0,0.0,0.0,0.11,0.0,1.0,1,83226.0
0,0,13,9,8,0,0,0,0,0,0,0,0,1,0.0,0.0,0.0,0.0,1.0,0.0,1.0,2,17,1.0,0.0,1.0,0.53,0.0,0.0,0.0,1,111893.0
0,1,22,9,372,279,0,0,1,0,0,0,0,1,0.0,0.0,0.0,0.0,1.0,0.0,0.15,29,255,1.0,0.0,0.03,0.03,0.0,0.0,0.0,0,104427.0
8755,1,41,4,1,0,0,0,0,0,0,0,0,2,0.0,0.0,1.0,1.0,1.0,0.0,0.0,255,2,0.01,0.73,1.0,0.0,0.0,0.0,1.0,1,102283.0
0,1,22,9,209,3410,0,0,1,0,0,0,0,40,0.0,0.0,0.0,0.0,1.0,0.0,0.0,255,255,1.0,0.0,0.0,0.0,0.0,0.0,0.04,0,62208.0
0,1,22,9,214,1164,0,0,1,0,0,0,0,8,0.0,0.0,0.0,0.0,1.0,0.0,0.27,8,255,1.0,0.0,0.12,0.04,0.0,0.0,0.0,0,68440.0
1,1,51,9,1923,332,0,0,1,0,0,0,0,1,0.0,0.0,0.0,0.0,1.0,0.0,0.0,153,157,0.63,0.05,0.01,0.01,0.0,0.0,0.0,0,92763.0
0,1,22,9,54540,8314,0,2,1,1,0,0,0,3,0.0,0.0,0.33,0.33,1.0,0.0,0.0,255,255,1.0,0.0,0.0,0.0,0.0,0.0,0.03,1,29674.0
0,1,22,9,233,9212,0,0,1,0,0,0,0,37,0.0,0.0,0.0,0.0,1.0,0.0,0.0,255,255,1.0,0.0,0.0,0.0,0.0,0.0,0.0,0,79683.0
0,1,22,9,215,288,0,0,1,0,0,0,0,2,0.0,0.0,0.0,0.0,1.0,0.0,0.14,77,255,1.0,0.0,0.01,0.03,0.0,0.0,0.0,0,42815.0
0,1,9,5,0,0,0,0,0,0,0,0,0,192,1.0,1.0,0.0,0.0,0.06,0.07,0.0,255,11,0.04,0.08,0.0,0.0,1.0,1.0,0.0,1,3479.0
9473,1,57,9,92,1746,0,0,1,0,0,0,0,1,0.0,0.0,0.0,0.0,1.0,0.0,0.0,13,5,0.38,0.15,0.08,0.0,0.0,0.0,0.2,0,40856.0
0,1,22,9,266,289,0,0,1,0,0,0,0,7,0.0,0.0,0.0,0.0,1.0,0.0,0.0,255,255,1.0,0.0,0.0,0.0,0.0,0.0,0.0,0,92979.0
0,0,62,9,181,0,0,0,0,0,0,0,0,3,0.0,0.0,0.0,0.0,0.67,0.67,0.0,255,26,0.1,0.01,0.11,0.0,0.0,0.0,0.0,0,83797.0
0,1,46,5,0,0,0,0,0,0,0,0,0,134,1.0,1.0,0.0,0.0,0.07,0.06,0.0,255,9,0.04,0.07,0.0,0.0,1.0,1.0,0.0,1,23544.0
0,1,22,9,321,2714,0,0,1,0,0,0,0,28,0.0,0.0,0.0,0.0,1.0,0.0,0.0,255,255,1.0,0.0,0.0,0.0,0.0,0.0,0.0,0,37412.0
0,1,22,9,247,807,0,0,1,0,0,0,0,1,0.0,0.0,0.0,0.0,1.0,0.0,0.4,255,255,1.0,0.0,0.0,0.0,0.0,0.0,0.0,0,29290.0
0,1,22,9,252,1315,0,0,1,0,0,0,0,3,0.0,0.0,0.0,0.0,1.0,0.0,0.5,255,255,1.0,0.0,0.0,0.0,0.0,0.0,0.0,0,9411.0
0,1,22,9,321,22780,0,0,1,0,0,0,0,14,0.0,0.0,0.0,0.0,1.0,0.0,0.13,50,255,1.0,0.0,0.02,0.05,0.0,0.0,0.0,0,57762.0
0,1,22,9,305,569,0,0,1,0,0,0,0,3,0.0,0.0,0.0,0.0,1.0,0.0,0.0,34,255,1.0,0.0,0.03,0.04,0.0,0.0,0.0,0,89414.0
0,1,22,9,250,267,0,0,1,0,0,0,0,7,0.0,0.0,0.0,0.0,1.0,0.0,0.0,150,255,1.0,0.0,0.01,0.03,0.0,0.0,0.0,0,8889.0
0,1,22,9,331,1600,0,0,1,0,0,0,0,11,0.0,0.0,0.0,0.0,1.0,0.0,0.06,49,255,1.0,0.0,0.02,0.02,0.0,0.0,0.0,0,75560.0
0,1,46,1,0,0,0,0,0,0,0,0,0,503,0.06,0.0,0.93,1.0,0.0,1.0,0.0,255,1,0.0,1.0,0.0,0.0,0.08,0.0,1.0,1,100256.0
11565,1,57,9,565,111864,0,0,1,217,2,247,4,1,0.0,0.0,0.0,0.0,1.0,0.0,0.0,8,3,0.38,0.25,0.12,0.0,0.0,0.0,0.33,0,18097.0
0,1,41,1,0,0,0,0,0,0,0,0,0,407,0.09,0.0,0.91,1.0,0.0,1.0,0.0,255,1,0.0,1.0,0.0,0.0,0.11,0.0,1.0,1,44695.0
0,1,46,5,0,0,0,0,0,0,0,0,0,175,1.0,1.0,0.0,0.0,0.03,0.08,0.0,255,20,0.08,0.07,0.0,0.0,1.0,1.0,0.0,1,99499.0
0,1,46,5,0,0,0,0,0,0,0,0,0,286,1.0,1.0,0.0,0.0,0.06,0.06,0.0,255,5,0.02,0.08,0.0,0.0,1.0,1.0,0.0,1,44985.0
0,1,22,9,194,4189,0,0,1,0,0,0,0,3,0.0,0.0,0.0,0.0,1.0,0.0,0.0,3,255,1.0,0.0,0.33,0.04,0.0,0.0,0.0,0,102205.0
0,1,22,1,0,0,0,0,0,0,0,0,0,3,0.0,0.0,0.67,0.67,1.0,0.0,0.0,13,188,1.0,0.0,0.08,0.21,0.0,0.0,0.94,0,39739.0
0,1,22,9,244,7332,0,0,1,0,0,0,0,6,0.0,0.0,0.0,0.0,1.0,0.0,0.29,255,255,1.0,0.0,0.0,0.0,0.0,0.0,0.0,0,94742.0
0,1,22,9,289,9472,0,0,1,0,0,0,0,4,0.0,0.0,0.0,0.0,1.0,0.0,0.0,55,255,1.0,0.0,0.02,0.02,0.0,0.0,0.0,0,109661.0
0,1,22,9,195,8777,0,0,1,0,0,0,0,12,0.0,0.0,0.0,0.0,1.0,0.0,0.0,32,255,1.0,0.0,0.03,0.02,0.0,0.0,0.0,0,68721.0
0,1,17,9,8,139,0,0,0,0,0,0,0,1,0.0,0.0,0.0,0.0,1.0,0.0,0.0,71,7,0.01,0.03,0.01,0.43,0.0,0.0,0.0,0,110382.0
1,1,51,9,2704,375,0,0,1,0,0,0,0,1,0.0,0.0,0.0,0.0,1.0,0.0,1.0,114,234,0.98,0.02,0.01,0.01,0.0,0.0,0.0,0,123192.0
0,2,11,9,42,127,0,0,0,0,0,0,0,38,0.0,0.0,0.0,0.0,1.0,0.0,0.05,119,197,0.81,0.02,0.81,0.01,0.01,0.0,0.0,0,15576.0
0,1,46,1,0,0,0,0,0,0,0,0,0,1,0.0,0.0,1.0,1.0,1.0,0.0,0.0,55,2,0.02,1.0,0.02,1.0,0.0,0.0,1.0,1,62911.0
0,1,46,5,0,0,0,0,0,0,0,0,0,159,1.0,1.0,0.0,0.0,0.04,0.06,0.0,255,6,0.02,0.05,0.0,0.0,1.0,1.0,0.0,1,60509.0
0,2,11,9,30,0,0,0,0,0,0,0,0,1,0.0,0.0,0.0,0.0,1.0,0.0,1.0,175,18,0.1,0.03,0.1,0.0,0.0,0.0,0.0,0,66867.0
0,1,22,9,280,944,0,0,1,0,0,0,0,3,0.0,0.0,0.0,0.0,1.0,0.0,0.0,255,255,1.0,0.0,0.0,0.0,0.0,0.0,0.0,0,44703.0
0,1,22,9,240,340,0,0,1,0,0,0,0,7,0.0,0.0,0.0,0.0,1.0,0.0,0.14,10,255,1.0,0.0,0.1,0.02,0.0,0.0,0.0,0,55513.0
0,1,9,5,0,0,0,0,0,0,0,0,0,276,1.0,1.0,0.0,0.0,0.03,0.07,0.0,255,8,0.03,0.08,0.0,0.0,1.0,1.0,0.0,1,72156.0
0,0,62,9,78,0,0,0,0,0,0,0,0,8,0.0,0.0,0.0,0.0,0.12,0.25,0.0,255,28,0.11,0.01,0.11,0.0,0.0,0.0,0.0,0,50615.0
0,1,22,9,280,2137,0,0,1,0,0,0,0,14,0.0,0.0,0.0,0.0,1.0,0.0,0.13,14,255,1.0,0.0,0.07,0.05,0.0,0.0,0.0,0,67394.0
0,1,63,2,0,0,0,0,0,0,0,0,0,109,0.0,0.0,1.0,1.0,0.08,0.07,0.0,255,9,0.04,0.06,0.0,0.0,0.0,0.0,1.0,1,42855.0
0,0,14,9,1032,0,0,0,0,0,0,0,0,144,0.0,0.0,0.0,0.0,1.0,0.0,0.0,255,255,1.0,0.0,1.0,0.0,0.0,0.0,0.0,1,83327.0
0,1,22,1,0,0,0,0,0,0,0,0,0,1,0.0,0.0,1.0,1.0,1.0,0.0,0.0,3,156,1.0,0.0,0.33,0.04,0.0,0.01,0.99,0,116620.0
0,1,22,9,239,10378,0,0,1,0,0,0,0,10,0.0,0.0,0.0,0.0,1.0,0.0,0.0,255,255,1.0,0.0,0.0,0.0,0.0,0.0,0.0,0,66823.0
0,1,51,9,939,328,0,0,1,0,0,0,2,1,0.0,0.0,0.0,0.0,1.0,0.0,1.0,144,91,0.63,0.05,0.01,0.0,0.0,0.0,0.0,0,119344.0
0,1,22,9,164,4767,0,0,1,0,0,0,0,5,0.0,0.0,0.0,0.0,1.0,0.0,0.0,5,255,1.0,0.0,0.2,0.02,0.0,0.0,0.0,0,106887.0
0,1,22,9,230,466,0,0,1,0,0,0,0,8,0.0,0.0,0.0,0.0,1.0,0.0,0.0,255,255,1.0,0.0,0.0,0.0,0.0,0.0,0.0,0,102960.0
7410,2,41,9,147,105,0,0,0,0,0,0,0,1,0.0,0.0,0.0,0.0,1.0,0.0,0.0,255,1,0.0,0.88,1.0,0.0,0.0,0.0,0.0,0,87786.0
5042,1,19,9,5133876,0,0,7,1,0,0,0,0,1,0.0,0.0,0.0,0.0,1.0,0.0,0.0,9,34,1.0,0.0,1.0,0.15,0.0,0.03,0.0,0,22959.0
0,1,22,9,190,5972,0,0,1,0,0,0,0,9,0.0,0.0,0.0,0.0,1.0,0.0,0.23,255,255,1.0,0.0,0.0,0.0,0.0,0.0,0.0,0,115065.0
0,0,13,9,8,0,0,0,0,0,0,0,0,1,0.0,0.0,0.0,0.0,1.0,0.0,1.0,2,12,1.0,0.0,1.0,0.5,0.0,0.0,0.0,1,122035.0
0,1,2,5,0,0,0,0,0,0,0,0,0,247,1.0,1.0,0.0,0.0,0.02,0.06,0.0,255,6,0.02,0.07,0.0,0.0,1.0,1.0,0.0,1,27991.0
0,1,46,5,0,0,0,0,0,0,0,0,0,244,1.0,1.0,0.0,0.0,0.07,0.07,0.0,255,17,0.07,0.09,0.0,0.0,1.0,1.0,0.0,1,35538.0
0,1,22,9,144,51836,0,0,1,0,0,0,0,1,0.0,0.0,0.0,0.0,1.0,0.0,0.0,255,255,1.0,0.0,0.0,0.0,0.0,0.0,0.0,0,84965.0
0,1,16,2,0,0,0,0,0,0,0,0,0,119,0.0,0.0,1.0,1.0,0.04,0.06,0.0,255,5,0.02,0.07,0.0,0.0,0.0,0.0,1.0,1,24096.0
0,1,22,9,217,1850,0,0,1,0,0,0,0,9,0.0,0.0,0.0,0.0,1.0,0.0,0.0,19,255,1.0,0.0,0.05,0.06,0.0,0.0,0.0,0,3547.0
0,1,22,9,335,1579,0,0,1,0,0,0,0,7,0.0,0.0,0.0,0.0,1.0,0.0,0.0,255,255,1.0,0.0,0.0,0.0,0.0,0.0,0.0,0,8442.0
0,1,19,9,1690,0,0,0,1,0,0,0,0,2,0.0,0.0,0.0,0.0,1.0,0.0,0.0,255,87,0.34,0.03,0.34,0.0,0.0,0.0,0.0,0,32098.0
0,1,22,9,297,7732,0,0,1,0,0,0,0,2,0.0,0.0,0.0,0.0,1.0,0.0,0.0,10,255,1.0,0.0,0.1,0.05,0.0,0.0,0.0,0,65912.0
0,1,46,5,0,0,0,0,0,0,0,0,0,27,1.0,1.0,0.0,0.0,0.22,0.11,0.0,255,19,0.07,0.07,0.0,0.0,1.0,1.0,0.0,1,55733.0
0,0,62,9,181,0,0,0,0,0,0,0,0,3,0.0,0.0,0.0,0.0,0.67,0.67,0.0,255,92,0.36,0.01,0.45,0.0,0.0,0.0,0.0,0,40126.0
0,1,49,5,0,0,0,0,0,0,0,0,0,277,1.0,1.0,0.0,0.0,0.06,0.05,0.0,255,18,0.07,0.07,0.0,0.0,1.0,1.0,0.0,1,34444.0
0,1,22,9,352,619,0,0,1,0,0,0,0,16,0.0,0.0,0.0,0.0,1.0,0.0,0.15,255,255,1.0,0.0,0.0,0.0,0.0,0.0,0.0,0,108747.0
27,1,18,9,1206,3380,0,24,1,0,0,0,0,1,0.0,0.0,0.0,0.0,1.0,0.0,0.0,255,38,0.15,0.08,0.0,0.0,0.02,0.0,0.0,0,12320.0
0,1,19,9,245,0,0,0,1,0,0,1,0,2,0.0,0.0,0.0,0.0,1.0,0.0,0.0,12,6,0.17,0.17,0.17,0.33,0.0,0.0,0.0,0,60871.0
0,1,22,9,296,775,0,0,1,0,0,0,0,37,0.0,0.0,0.0,0.0,1.0,0.0,0.09,255,255,1.0,0.0,0.0,0.0,0.01,0.01,0.0,0,114568.0
0,1,22,9,229,7399,0,0,1,0,0,0,0,5,0.0,0.0,0.0,0.0,1.0,0.0,0.0,255,255,1.0,0.0,0.0,0.0,0.0,0.0,0.0,0,121549.0
0,1,51,9,2386,330,0,0,1,0,0,0,0,1,0.0,0.0,0.0,0.0,1.0,0.0,0.0,79,106,0.72,0.04,0.01,0.02,0.0,0.0,0.0,0,98161.0
0,1,22,9,231,3899,0,0,1,0,0,0,0,7,0.0,0.0,0.0,0.0,1.0,0.0,0.0,7,24,1.0,0.0,0.14,0.29,0.0,0.0,0.0,0,96941.0
0,1,22,9,256,418,0,0,1,0,0,0,0,20,0.05,0.05,0.0,0.0,1.0,0.0,0.0,255,255,1.0,0.0,0.0,0.0,0.0,0.0,0.0,0,123196.0
0,1,22,9,212,10269,0,0,1,0,0,0,0,3,0.0,0.0,0.0,0.0,1.0,0.0,0.15,8,255,1.0,0.0,0.12,0.05,0.0,0.0,0.0,0,81807.0
0,1,18,5,0,0,0,0,0,0,0,0,0,280,1.0,1.0,0.0,0.0,0.08,0.05,0.0,255,22,0.09,0.05,0.0,0.0,1.0,1.0,0.0,1,55060.0
0,1,66,5,0,0,0,0,0,0,0,0,0,107,1.0,1.0,0.0,0.0,0.07,0.07,0.0,255,7,0.03,0.08,0.0,0.0,1.0,1.0,0.0,1,5785.0
0,1,22,9,299,1112,0,0,1,0,0,0,0,4,0.0,0.0,0.0,0.0,1.0,0.0,0.09,255,255,1.0,0.0,0.0,0.0,0.0,0.0,0.0,0,41823.0
0,1,8,5,0,0,0,0,0,0,0,0,0,287,1.0,1.0,0.0,0.0,0.02,0.06,0.0,255,13,0.05,0.08,0.0,0.0,1.0,1.0,0.0,1,81829.0
0,1,22,9,266,695,0,0,1,0,0,0,0,17,0.0,0.0,0.0,0.0,1.0,0.0,0.0,255,255,1.0,0.0,0.0,0.0,0.0,0.0,0.0,0,109211.0
0,1,17,9,6,0,0,0,0,0,0,0,0,1,0.0,0.0,0.0,0.0,1.0,0.0,0.0,113,9,0.07,0.03,0.01,0.22,0.07,0.33,0.0,0,25228.0
0,1,19,9,15876,0,0,0,1,0,0,0,0,16,0.0,0.0,0.0,0.0,1.0,0.0,0.0,191,97,0.38,0.03,0.38,0.02,0.0,0.0,0.0,0,20501.0
0,1,57,5,0,0,0,0,0,0,0,0,0,35,1.0,1.0,0.0,0.0,0.54,0.06,0.0,235,60,0.25,0.02,0.0,0.03,1.0,0.98,0.0,1,43525.0
4,1,51,9,1521,325,0,0,1,0,0,0,1,1,0.0,0.0,0.0,0.0,1.0,0.0,0.67,255,91,0.36,0.02,0.0,0.0,0.0,0.0,0.0,0,98622.0
0,2,46,9,1,74,0,0,0,0,0,0,0,26,0.0,0.0,0.0,0.0,0.46,0.12,0.0,255,12,0.05,0.76,0.26,0.0,0.16,0.0,0.0,1,23580.0
0,1,46,5,0,0,0,0,0,0,0,0,0,164,1.0,1.0,0.0,0.0,0.05,0.07,0.0,255,20,0.08,0.06,0.0,0.0,1.0,1.0,0.0,1,104862.0
0,1,46,5,0,0,0,0,0,0,0,0,0,200,1.0,1.0,0.0,0.0,0.01,0.05,0.0,60,2,0.03,0.12,0.02,0.0,0.97,1.0,0.0,1,100258.0
0,1,22,9,228,4148,0,0,1,0,0,0,0,7,0.0,0.0,0.0,0.0,1.0,0.0,0.36,211,255,1.0,0.0,0.0,0.03,0.0,0.0,0.0,0,58612.0
0,1,19,9,1342,0,0,0,0,0,0,0,0,15,0.0,0.0,0.0,0.0,1.0,0.0,0.0,71,25,0.35,0.07,0.35,0.0,0.0,0.0,0.0,0,29119.0
236,1,57,9,270,1629,0,0,1,6,0,0,0,1,0.0,0.0,0.0,0.0,1.0,0.0,0.0,50,11,0.22,0.06,0.02,0.0,0.0,0.0,0.18,0,35285.0
0,1,19,9,3676,0,0,0,0,0,0,0,0,1,0.0,0.0,0.0,0.0,1.0,0.0,0.0,168,37,0.18,0.04,0.18,0.05,0.0,0.0,0.0,0,111078.0
0,0,13,9,8,0,0,0,0,0,0,0,0,1,0.0,0.0,0.0,0.0,1.0,0.0,1.0,2,230,1.0,0.0,1.0,0.5,0.0,0.0,0.0,1,79346.0
0,1,57,5,0,0,0,0,0,0,0,0,0,91,1.0,1.0,0.0,0.0,0.01,0.07,0.0,255,1,0.0,0.08,0.0,0.0,1.0,1.0,0.0,1,118941.0
0,1,41,1,0,0,0,0,0,0,0,0,0,509,0.21,0.0,0.78,1.0,0.0,1.0,0.0,255,1,0.0,1.0,0.0,0.0,0.22,0.0,1.0,1,661.0
0,1,3,5,0,0,0,0,0,0,0,0,0,200,1.0,1.0,0.0,0.0,0.05,0.05,0.0,255,10,0.04,0.06,0.0,0.0,1.0,1.0,0.0,1,106669.0
0,1,19,9,334,0,0,0,1,0,0,0,0,2,0.0,0.0,0.0,0.0,1.0,0.0,0.0,2,32,1.0,0.0,1.0,0.16,0.0,0.0,0.0,1,80195.0
0,1,22,9,341,1905,0,0,1,0,0,0,0,36,0.0,0.0,0.0,0.0,1.0,0.0,0.05,255,255,1.0,0.0,0.01,0.0,0.0,0.0,0.0,0,43780.0
0,1,22,9,54540,8314,0,2,1,1,0,0,0,3,0.0,0.0,0.33,0.33,1.0,0.0,0.0,255,255,1.0,0.0,0.0,0.0,0.0,0.0,0.05,1,93952.0
0,1,22,9,365,458,0,0,1,0,0,0,0,29,0.0,0.0,0.0,0.0,1.0,0.0,0.09,255,255,1.0,0.0,0.0,0.0,0.0,0.0,0.0,0,26394.0
0,0,13,9,8,0,0,0,0,0,0,0,0,1,0.0,0.0,0.0,0.0,1.0,0.0,1.0,3,131,1.0,0.0,1.0,0.25,0.0,0.0,0.0,1,40844.0
0,2,11,9,45,131,0,0,0,0,0,0,0,176,0.0,0.0,0.0,0.0,0.99,0.01,0.0,65,32,0.49,0.03,0.02,0.0,0.0,0.0,0.0,0,97508.0
11385,1,57,9,1548,24180,0,1,1,1,0,1,0,1,0.0,0.0,0.0,0.0,1.0,0.0,0.0,255,3,0.01,0.02,0.0,0.0,0.0,0.0,0.0,0,36162.0
0,1,22,9,192,2282,0,0,1,0,0,0,0,1,0.0,0.0,0.0,0.0,1.0,0.0,0.0,16,255,1.0,0.0,0.06,0.01,0.0,0.0,0.0,0,104894.0
0,1,22,9,327,18798,0,0,1,0,0,0,0,1,0.0,0.0,0.0,0.0,1.0,0.0,0.0,31,31,1.0,0.0,0.03,0.0,0.0,0.0,0.0,0,110059.0
0,1,51,9,1143,332,0,0,1,0,0,0,0,1,0.0,0.0,0.0,0.0,1.0,0.0,0.0,138,102,0.74,0.03,0.01,0.0,0.0,0.0,0.0,0,98477.0
0,1,7,1,0,0,0,0,0,0,0,0,0,238,0.0,0.0,1.0,1.0,0.03,0.07,0.0,255,7,0.03,0.07,0.0,0.0,0.0,0.0,1.0,1,68984.0
0,1,19,9,1470,0,0,0,0,0,0,0,0,7,0.0,0.0,0.0,0.0,1.0,0.0,0.0,255,72,0.28,0.03,0.28,0.0,0.01,0.0,0.0,0,33902.0
0,1,10,9,48,496,0,0,1,0,0,0,0,82,0.0,0.0,0.0,0.0,0.01,0.04,0.0,255,1,0.0,0.02,0.0,0.0,0.0,0.0,0.0,0,54984.0
0,2,46,9,28,0,3,0,0,0,0,0,0,97,0.0,0.0,0.0,0.0,1.0,0.0,0.0,255,97,0.38,0.61,0.38,0.0,0.0,0.0,0.0,1,17095.0
0,1,8,5,0,0,0,0,0,0,0,0,0,144,1.0,1.0,0.0,0.0,0.05,0.06,0.0,255,3,0.01,0.07,0.0,0.0,1.0,1.0,0.0,1,40261.0
0,1,22,1,0,0,0,0,0,0,0,0,0,1,0.0,0.0,1.0,1.0,1.0,0.0,0.0,31,111,1.0,0.0,0.03,0.05,0.0,0.0,1.0,0,106131.0
0,2,11,9,44,73,0,0,0,0,0,0,0,248,0.0,0.0,0.0,0.0,1.0,0.0,0.01,255,254,1.0,0.01,0.0,0.0,0.0,0.0,0.0,0,72389.0
0,1,57,5,0,0,0,0,0,0,0,0,0,30,1.0,1.0,0.0,0.0,0.33,0.1,0.0,255,68,0.27,0.02,0.01,0.0,1.0,1.0,0.0,1,106088.0
0,1,22,9,284,9847,0,0,1,0,0,0,0,2,0.0,0.0,0.0,0.0,1.0,0.0,0.0,184,255,1.0,0.0,0.01,0.02,0.0,0.0,0.0,0,117407.0
0,1,22,9,162,3236,0,0,1,0,0,0,0,2,0.0,0.0,0.0,0.0,1.0,0.0,0.1,2,255,1.0,0.0,0.5,0.05,0.0,0.0,0.0,0,57205.0
0,1,22,5,0,0,0,0,0,0,0,0,0,29,1.0,1.0,0.0,0.0,0.45,0.14,0.0,255,64,0.25,0.04,0.0,0.0,1.0,1.0,0.0,1,105691.0
0,1,22,9,271,411,0,0,1,0,0,0,0,29,0.0,0.0,0.0,0.0,1.0,0.0,0.07,29,255,1.0,0.0,0.03,0.02,0.0,0.0,0.0,0,84480.0
0,1,10,1,0,0,0,0,0,0,0,0,0,101,0.0,0.0,1.0,1.0,0.01,0.08,0.0,255,1,0.0,0.09,0.0,0.0,0.0,0.0,1.0,1,76590.0
0,1,46,1,0,0,0,0,0,0,0,0,0,105,0.0,0.0,1.0,1.0,0.17,0.07,0.0,255,18,0.07,0.05,0.0,0.0,0.0,0.0,1.0,1,59142.0
4,1,22,1,0,0,0,0,0,0,0,0,0,1,0.0,0.0,1.0,1.0,1.0,0.0,0.0,170,145,0.85,0.03,0.01,0.0,0.0,0.0,1.0,0,118035.0
0,1,21,5,0,0,0,0,0,0,0,0,0,259,1.0,1.0,0.0,0.0,0.02,0.07,0.0,255,4,0.02,0.07,0.0,0.0,1.0,1.0,0.0,1,41042.0
0,1,22,5,0,0,0,0,0,0,0,0,0,54,1.0,1.0,0.0,0.0,0.3,0.07,0.0,216,56,0.26,0.02,0.01,0.0,0.99,1.0,0.0,1,48893.0
0,2,11,9,42,0,0,0,0,0,0,0,0,3,0.0,0.0,0.0,0.0,1.0,0.0,0.0,64,64,1.0,0.0,0.02,0.0,0.0,0.0,0.0,0,77901.0
0,0,13,9,8,0,0,0,0,0,0,0,0,1,0.0,0.0,0.0,0.0,1.0,0.0,1.0,1,28,1.0,0.0,1.0,0.54,0.0,0.0,0.0,1,42955.0
0,1,46,5,0,0,0,0,0,0,0,0,0,180,1.0,1.0,0.0,0.0,0.01,0.06,0.0,41,2,0.05,0.17,0.02,0.0,0.66,1.0,0.0,1,26308.0
0,1,19,9,2191,0,0,0,1,0,0,0,0,5,0.0,0.0,0.0,0.0,1.0,0.0,0.0,255,102,0.4,0.03,0.4,0.0,0.0,0.0,0.0,0,101533.0
0,1,19,9,7077,0,0,0,0,0,0,0,0,5,0.0,0.0,0.0,0.0,1.0,0.0,0.0,5,92,1.0,0.0,1.0,0.02,0.0,0.0,0.0,0,47280.0
0,1,22,9,278,13950,0,0,1,0,0,0,0,8,0.0,0.0,0.0,0.0,1.0,0.0,0.25,229,255,1.0,0.0,0.0,0.01,0.0,0.0,0.0,0,72143.0
0,1,51,9,1790,334,0,0,1,0,0,0,0,1,0.0,0.0,0.0,0.0,1.0,0.0,0.0,124,150,0.52,0.04,0.01,0.01,0.0,0.0,0.0,0,68674.0
0,1,22,9,204,2807,0,0,1,0,0,0,0,17,0.0,0.0,0.0,0.0,1.0,0.0,0.0,255,255,1.0,0.0,0.0,0.0,0.0,0.0,0.0,0,77514.0
0,2,11,9,44,130,0,0,0,0,0,0,0,318,0.0,0.0,0.0,0.0,1.0,0.0,0.0,255,251,0.98,0.01,0.0,0.0,0.0,0.0,0.0,0,31615.0
0,1,37,5,0,0,0,0,0,0,0,0,0,230,1.0,1.0,0.0,0.0,0.07,0.07,0.0,255,2,0.01,0.08,0.0,0.0,1.0,1.0,0.0,1,105208.0
0,1,22,9,141,5388,0,0,1,0,0,0,0,1,0.0,0.0,0.0,0.0,1.0,0.0,0.0,3,255,1.0,0.0,0.33,0.02,0.0,0.0,0.0,0,56733.0
0,1,19,9,373,0,0,0,1,0,0,0,0,2,0.0,0.0,0.0,0.0,1.0,0.0,0.0,17,46,0.35,0.18,0.35,0.07,0.24,0.0,0.0,0,74084.0
0,1,22,9,306,3724,0,0,1,0,0,0,0,6,0.0,0.0,0.0,0.0,1.0,0.0,0.0,6,255,1.0,0.0,0.17,0.05,0.0,0.0,0.0,0,26885.0
0,1,22,9,339,563,0,0,1,0,0,0,0,25,0.0,0.0,0.0,0.0,1.0,0.0,0.0,255,255,1.0,0.0,0.0,0.0,0.0,0.0,0.0,0,60088.0
0,1,63,2,0,0,0,0,0,0,0,0,0,127,0.0,0.0,1.0,1.0,0.11,0.06,0.0,255,14,0.05,0.07,0.0,0.0,0.0,0.0,1.0,1,103685.0
0,1,66,5,0,0,0,0,0,0,0,0,0,263,1.0,1.0,0.0,0.0,0.01,0.06,0.0,255,3,0.01,0.07,0.0,0.0,1.0,1.0,0.0,1,106357.0
0,1,46,1,0,0,0,0,0,0,0,0,0,1,0.0,0.0,1.0,1.0,1.0,0.0,0.0,29,2,0.03,1.0,0.03,1.0,0.0,0.0,1.0,1,45144.0
0,2,41,9,516,4,0,0,0,0,0,0,0,147,0.0,0.0,0.0,0.0,1.0,0.0,0.0,147,147,1.0,0.0,1.0,0.0,0.0,0.0,0.0,0,33861.0
0,1,57,5,0,0,0,0,0,0,0,0,0,37,0.97,1.0,0.03,0.0,0.32,0.11,0.0,255,9,0.04,0.07,0.0,0.0,1.0,1.0,0.0,1,19766.0
1111,2,41,9,147,105,0,0,0,0,0,0,0,1,0.0,0.0,0.0,0.0,1.0,0.0,0.0,255,1,0.0,0.8,0.99,0.0,0.0,0.0,0.0,0,106402.0
0,1,46,5,0,0,0,0,0,0,0,0,0,214,1.0,1.0,0.0,0.0,0.08,0.06,0.0,75,16,0.21,0.13,0.01,0.0,0.81,1.0,0.0,1,87371.0
0,1,22,9,300,349,0,0,1,0,0,0,0,16,0.0,0.0,0.0,0.0,1.0,0.0,0.16,80,254,1.0,0.0,0.01,0.02,0.0,0.0,0.0,0,14935.0
0,1,46,1,0,0,0,0,0,0,0,0,0,149,0.0,0.0,1.0,1.0,0.06,0.06,0.0,255,23,0.09,0.07,0.0,0.0,0.0,0.0,1.0,1,95633.0
0,1,22,9,303,8611,0,0,1,0,0,0,0,2,0.0,0.0,0.0,0.0,1.0,0.0,0.07,137,255,1.0,0.0,0.01,0.03,0.0,0.0,0.0,0,7092.0
0,1,56,5,0,0,0,0,0,0,0,0,0,219,1.0,1.0,0.0,0.0,0.05,0.06,0.0,255,18,0.07,0.06,0.0,0.0,1.0,1.0,0.0,1,50611.0
0,1,25,5,0,0,0,0,0,0,0,0,0,236,1.0,1.0,0.0,0.0,0.06,0.07,0.0,255,14,0.05,0.08,0.0,0.0,1.0,1.0,0.0,1,52405.0
0,1,22,9,325,4898,0,0,1,0,0,0,0,3,0.0,0.0,0.0,0.0,1.0,0.0,0.0,255,255,1.0,0.0,0.0,0.0,0.0,0.0,0.01,0,61767.0
4,1,22,1,0,0,0,0,0,0,0,0,0,511,0.0,0.0,0.0,1.0,0.0,0.0,0.0,86,64,0.74,0.02,0.01,0.0,0.0,0.0,1.0,0,45428.0
0,1,29,5,0,0,0,0,0,0,0,0,0,136,1.0,1.0,0.0,0.0,0.15,0.05,0.0,255,20,0.08,0.05,0.0,0.0,1.0,1.0,0.0,1,14032.0
28,1,18,9,1074,3081,0,22,1,0,0,0,0,1,0.0,0.0,0.0,0.0,1.0,0.0,0.0,192,15,0.08,0.03,0.01,0.0,0.0,0.0,0.0,0,65792.0
9943,1,0,4,2170,7643,0,0,1,0,0,0,0,1,0.0,0.0,1.0,1.0,1.0,0.0,0.0,72,23,0.32,0.03,0.01,0.0,0.01,0.04,0.57,0,119075.0
0,1,33,10,0,0,0,0,0,0,0,0,0,1,1.0,1.0,0.0,0.0,1.0,0.0,0.0,255,1,0.0,1.0,1.0,0.0,1.0,1.0,0.0,1,71345.0
0,1,46,1,0,0,0,0,0,0,0,0,0,121,0.0,0.0,1.0,1.0,0.01,0.56,0.0,255,1,0.0,0.27,0.47,0.0,0.0,0.0,1.0,1,83565.0
89,1,22,9,381,526,0,0,1,0,0,0,0,1,0.0,0.0,0.0,0.0,1.0,0.0,0.14,8,255,1.0,0.0,0.12,0.06,0.0,0.0,0.0,0,113616.0
0,0,13,9,18,0,0,0,0,0,0,0,0,1,0.0,0.0,0.0,0.0,1.0,0.0,0.0,1,62,1.0,0.0,1.0,1.0,0.0,0.0,0.0,1,102461.0
0,1,22,9,306,1075,0,0,1,0,0,0,0,5,0.0,0.0,0.0,0.0,1.0,0.0,0.0,59,58,0.98,0.03,0.02,0.0,0.0,0.0,0.0,0,121227.0
0,1,46,5,0,0,0,0,0,0,0,0,0,174,1.0,1.0,0.0,0.0,0.03,0.07,0.0,255,20,0.08,0.06,0.0,0.0,1.0,1.0,0.0,1,88997.0
0,1,22,9,330,10117,0,0,1,0,0,0,0,5,0.0,0.0,0.0,0.0,1.0,0.0,0.0,27,255,1.0,0.0,0.04,0.01,0.0,0.0,0.0,0,7206.0
0,1,22,9,222,1337,0,0,1,0,0,0,0,13,0.0,0.0,0.0,0.0,1.0,0.0,0.0,13,255,1.0,0.0,0.08,0.03,0.0,0.0,0.0,0,25154.0
0,1,46,5,0,0,0,0,0,0,0,0,0,247,1.0,1.0,0.0,0.0,0.04,0.06,0.0,255,19,0.07,0.08,0.0,0.0,1.0,1.0,0.0,1,88713.0
5,1,18,9,1251,2451,0,28,1,0,0,0,0,1,0.0,0.0,0.0,0.0,1.0,0.0,0.0,239,67,0.28,0.02,0.0,0.0,0.0,0.0,0.0,0,120216.0
0,1,22,9,323,1215,0,0,1,0,0,0,0,17,0.0,0.0,0.0,0.0,1.0,0.0,0.0,255,255,1.0,0.0,0.0,0.0,0.0,0.0,0.0,0,62591.0
0,1,32,1,0,0,0,0,0,0,0,0,0,99,0.0,0.0,1.0,1.0,0.01,0.56,0.0,255,1,0.0,0.22,0.39,0.0,0.0,0.0,1.0,1,101652.0
0,1,4,1,0,0,0,0,0,0,0,0,0,235,0.0,0.0,1.0,1.0,0.08,0.06,0.0,255,19,0.07,0.07,0.0,0.0,0.0,0.0,1.0,1,38177.0
0,1,51,9,2398,340,0,0,1,0,0,0,0,1,0.0,0.0,0.0,0.0,1.0,0.0,0.0,132,91,0.69,0.04,0.01,0.0,0.0,0.0,0.0,0,87311.0
0,1,35,5,0,0,0,0,0,0,0,0,0,232,1.0,1.0,0.0,0.0,0.08,0.06,0.0,255,2,0.01,0.07,0.0,0.0,1.0,1.0,0.0,1,11270.0
0,0,13,9,18,0,0,0,0,0,0,0,0,1,0.0,0.0,0.0,0.0,1.0,0.0,0.0,3,80,0.33,0.67,0.33,1.0,0.0,0.0,0.0,1,94351.0
2,1,51,9,1688,338,0,0,1,0,0,0,0,2,0.0,0.0,0.0,0.0,0.5,1.0,1.0,169,126,0.51,0.04,0.01,0.02,0.0,0.0,0.0,0,43311.0
5607,2,41,9,147,105,0,0,0,0,0,0,0,1,0.0,0.0,0.0,0.0,1.0,0.0,0.0,255,1,0.0,0.85,1.0,0.0,0.0,0.0,0.0,0,23.0
0,1,19,9,12,0,0,0,1,0,0,0,0,2,0.0,0.0,0.0,0.0,1.0,0.0,0.0,251,83,0.33,0.03,0.33,0.0,0.01,0.0,0.0,0,78171.0
0,1,22,9,259,7544,0,0,1,0,0,0,0,6,0.0,0.0,0.0,0.0,1.0,0.0,0.0,85,255,1.0,0.0,0.01,0.02,0.0,0.0,0.0,0,60485.0
0,1,2,1,0,0,0,0,0,0,0,0,0,211,0.0,0.0,1.0,1.0,0.03,0.07,0.0,255,7,0.03,0.07,0.0,0.0,0.0,0.0,1.0,1,21186.0
0,1,57,5,0,0,0,0,0,0,0,0,0,63,1.0,1.0,0.0,0.0,0.06,0.06,0.0,255,4,0.02,0.07,0.0,0.0,1.0,1.0,0.0,1,86374.0
0,1,22,9,372,527,0,0,1,0,0,0,0,1,0.0,0.0,0.0,0.0,1.0,0.0,0.0,255,255,1.0,0.0,0.0,0.0,0.0,0.0,0.0,0,60111.0
0,1,22,9,338,18918,0,0,1,0,0,0,0,43,0.0,0.0,0.0,0.0,1.0,0.0,0.0,255,255,1.0,0.0,0.0,0.0,0.0,0.0,0.0,0,72826.0
0,2,11,9,43,126,0,0,0,0,0,0,0,139,0.0,0.0,0.0,0.0,1.0,0.0,0.02,255,254,1.0,0.01,0.0,0.0,0.0,0.0,0.0,0,118141.0
0,2,11,9,45,81,0,0,0,0,0,0,0,186,0.0,0.0,0.0,0.0,0.99,0.01,0.0,255,254,1.0,0.01,0.01,0.0,0.0,0.0,0.0,0,104076.0
0,1,19,9,12,0,0,0,1,0,0,0,0,1,0.0,0.0,0.0,0.0,1.0,0.0,0.0,255,46,0.18,0.02,0.18,0.0,0.0,0.0,0.0,0,67421.0
0,1,25,5,0,0,0,0,0,0,0,0,0,287,1.0,1.0,0.0,0.0,0.05,0.06,0.0,255,13,0.05,0.07,0.0,0.0,1.0,1.0,0.0,1,24432.0
0,0,13,9,8,0,0,0,0,0,0,0,0,1,0.0,0.0,0.0,0.0,1.0,0.0,1.0,2,214,1.0,0.0,1.0,0.25,0.0,0.0,0.0,1,96708.0
0,1,46,5,0,0,0,0,0,0,0,0,0,71,1.0,1.0,0.0,0.0,0.07,0.07,0.0,255,5,0.02,0.07,0.0,0.0,1.0,1.0,0.0,1,113273.0
0,1,22,9,226,498,0,0,1,0,0,0,0,21,0.0,0.0,0.0,0.0,1.0,0.0,0.12,255,255,1.0,0.0,0.0,0.0,0.0,0.0,0.0,0,99831.0
0,1,19,9,2878,0,0,0,1,0,0,0,0,2,0.0,0.0,0.0,0.0,0.5,1.0,0.0,30,28,0.93,0.1,0.93,0.0,0.0,0.0,0.0,0,117994.0
0,1,46,1,0,0,0,0,0,0,0,0,0,249,0.0,0.0,1.0,1.0,0.04,0.07,0.0,255,10,0.04,0.07,0.0,0.0,0.0,0.0,1.0,1,108107.0
0,1,22,9,212,418,0,0,1,0,0,0,0,7,0.0,0.0,0.0,0.0,1.0,0.0,0.0,28,255,1.0,0.0,0.04,0.02,0.0,0.0,0.0,0,18692.0
0,1,22,9,282,10853,0,0,1,0,0,0,0,7,0.0,0.0,0.0,0.0,1.0,0.0,0.2,7,255,1.0,0.0,0.14,0.02,0.0,0.0,0.0,0,87599.0
0,1,16,5,0,0,0,0,0,0,0,0,0,127,1.0,1.0,0.0,0.0,0.14,0.06,0.0,255,18,0.07,0.05,0.0,0.0,1.0,1.0,0.0,1,111196.0
0,1,19,9,641,0,0,0,1,0,0,0,0,1,0.0,0.0,0.0,0.0,1.0,0.0,0.0,165,79,0.48,0.04,0.48,0.0,0.0,0.0,0.0,0,60388.0
0,1,3,1,0,0,0,0,0,0,0,0,0,1,0.0,0.0,1.0,1.0,1.0,0.0,0.0,255,2,0.01,0.06,0.0,0.0,0.68,0.0,1.0,0,117643.0
0,1,46,5,0,0,0,0,0,0,0,0,0,239,1.0,1.0,0.0,0.0,0.05,0.06,0.0,255,12,0.05,0.05,0.0,0.0,1.0,1.0,0.0,1,39982.0
28,2,11,9,44,44,0,0,0,0,0,0,0,3,0.0,0.0,0.0,0.0,0.33,0.67,0.4,101,98,0.97,0.02,0.01,0.0,0.0,0.0,0.0,0,560.0
0,1,22,9,286,672,0,0,1,0,0,0,0,2,0.0,0.0,0.0,0.0,1.0,0.0,0.75,15,248,1.0,0.0,0.07,0.06,0.0,0.01,0.0,0,125324.0
0,1,22,9,199,530,0,0,1,0,0,0,0,12,0.0,0.0,0.0,0.0,1.0,0.0,0.15,255,255,1.0,0.0,0.0,0.0,0.0,0.0,0.0,0,16225.0
0,1,22,9,329,19561,0,0,1,0,0,0,0,15,0.0,0.0,0.0,0.0,1.0,0.0,0.0,255,255,1.0,0.0,0.0,0.0,0.0,0.0,0.0,0,97434.0
0,2,46,9,1,0,0,0,0,0,0,0,0,25,0.0,0.0,0.0,0.0,0.12,0.32,0.0,255,3,0.01,0.23,1.0,0.0,0.0,0.0,0.0,1,76713.0
0,1,22,9,224,26083,0,0,1,0,0,0,0,22,0.0,0.0,0.0,0.0,1.0,0.0,0.08,22,255,1.0,0.0,0.05,0.02,0.0,0.0,0.0,0,70571.0
0,1,22,9,308,2071,0,0,1,0,0,0,0,1,0.0,0.0,0.0,0.0,1.0,0.0,0.0,50,255,1.0,0.0,0.02,0.01,0.0,0.0,0.0,0,81537.0
0,1,22,9,268,846,0,0,1,0,0,0,0,6,0.0,0.0,0.0,0.0,1.0,0.0,0.0,6,255,1.0,0.0,0.17,0.04,0.0,0.0,0.0,0,89802.0
0,1,18,5,0,0,0,0,0,0,0,0,0,201,1.0,1.0,0.0,0.0,0.05,0.06,0.0,255,20,0.08,0.06,0.0,0.0,1.0,1.0,0.0,1,42365.0
0,1,46,1,0,0,0,0,0,0,0,0,0,195,0.0,0.0,1.0,1.0,0.01,0.07,0.0,255,2,0.01,0.08,0.0,0.0,0.0,0.0,1.0,1,74055.0
0,1,39,5,0,0,0,0,0,0,0,0,0,216,1.0,1.0,0.0,0.0,0.11,0.06,0.0,255,24,0.09,0.06,0.0,0.0,1.0,1.0,0.0,1,77885.0
2,2,11,9,44,110,0,0,0,0,0,0,0,1,0.0,0.0,0.0,0.0,1.0,0.0,0.0,255,253,0.99,0.01,0.0,0.0,0.0,0.0,0.0,0,29471.0
0,1,46,5,0,0,0,0,0,0,0,0,0,73,1.0,1.0,0.0,0.0,0.3,0.05,0.0,255,22,0.09,0.04,0.0,0.0,1.0,1.0,0.0,1,111802.0
0,1,46,5,0,0,0,0,0,0,0,0,0,130,1.0,1.0,0.0,0.0,0.15,0.05,0.0,88,4,0.05,0.12,0.01,0.0,1.0,1.0,0.0,1,25433.0
0,1,46,5,0,0,0,0,0,0,0,0,0,9,1.0,1.0,0.0,0.0,0.33,0.22,0.0,255,3,0.01,0.08,0.0,0.0,1.0,1.0,0.0,1,6243.0
0,1,46,5,0,0,0,0,0,0,0,0,0,145,1.0,1.0,0.0,0.0,0.04,0.09,0.0,255,6,0.02,0.07,0.0,0.0,1.0,1.0,0.0,1,50853.0
0,1,27,5,0,0,0,0,0,0,0,0,0,148,1.0,1.0,0.0,0.0,0.1,0.05,0.0,255,3,0.01,0.06,0.0,0.0,1.0,1.0,0.0,1,114148.0
0,1,41,9,59,0,0,0,1,0,0,0,0,12,0.08,0.0,0.0,0.0,0.08,0.58,0.0,96,1,0.01,0.14,0.25,0.0,0.02,0.0,0.0,0,45964.0
0,1,5,5,0,0,0,0,0,0,0,0,0,140,1.0,1.0,0.0,0.0,0.12,0.06,0.0,255,5,0.02,0.06,0.0,0.0,1.0,1.0,0.0,1,77177.0
0,1,55,4,0,0,0,0,0,0,0,0,0,1,0.0,0.0,1.0,1.0,1.0,0.0,0.0,255,1,0.0,1.0,1.0,0.0,0.0,0.0,1.0,1,36449.0
0,1,46,1,0,0,0,0,0,0,0,0,0,2,0.0,0.0,1.0,1.0,1.0,0.0,0.0,255,2,0.01,0.05,0.0,0.0,0.0,0.0,1.0,1,98210.0
0,1,22,9,305,1380,0,0,1,0,0,0,0,10,0.0,0.0,0.0,0.0,1.0,0.0,0.0,255,244,0.96,0.02,0.0,0.0,0.0,0.0,0.0,0,33288.0
0,1,4,5,0,0,0,0,0,0,0,0,0,232,1.0,1.0,0.0,0.0,0.06,0.06,0.0,255,13,0.05,0.08,0.0,0.0,1.0,1.0,0.0,1,30095.0
0,2,46,9,28,0,3,0,0,0,0,0,0,42,0.0,0.0,0.0,0.0,1.0,0.0,0.0,255,42,0.16,0.02,0.16,0.0,0.0,0.0,0.0,1,15460.0
0,1,22,9,234,5292,0,0,1,0,0,0,0,7,0.0,0.0,0.0,0.0,1.0,0.0,0.0,24,255,1.0,0.0,0.04,0.05,0.0,0.0,0.0,0,30704.0
0,1,22,9,237,458,0,0,1,0,0,0,0,1,0.0,0.0,0.0,0.0,1.0,0.0,0.0,129,255,1.0,0.0,0.01,0.01,0.0,0.0,0.0,0,71948.0
0,1,51,9,1077,326,0,0,1,0,0,0,0,2,0.0,0.0,0.0,0.0,0.5,1.0,1.0,255,34,0.13,0.42,0.0,0.0,0.0,0.0,0.0,0,36741.0
0,1,2,1,0,0,0,0,0,0,0,0,0,114,0.0,0.0,1.0,1.0,0.08,0.06,0.0,255,9,0.04,0.06,0.0,0.0,0.0,0.0,1.0,1,106041.0
0,1,46,5,0,0,0,0,0,0,0,0,0,228,1.0,1.0,0.0,0.0,0.08,0.06,0.0,255,17,0.07,0.09,0.0,0.0,1.0,1.0,0.0,1,68215.0
605,1,57,9,485,17096,0,0,1,4,0,0,0,1,0.0,0.0,0.0,0.0,1.0,0.0,0.0,255,4,0.02,0.07,0.0,0.0,0.97,0.0,0.0,0,54511.0
0,1,46,10,0,0,0,0,0,0,0,0,0,1,1.0,1.0,0.0,0.0,1.0,0.0,0.0,251,1,0.0,0.96,0.97,0.0,0.97,1.0,0.0,1,31654.0
0,1,22,9,206,261,0,0,1,0,0,0,0,3,0.0,0.0,0.0,0.0,1.0,0.0,0.5,3,255,1.0,0.0,0.33,0.05,0.0,0.0,0.0,0,63420.0
0,1,22,9,339,284,0,0,1,0,0,0,0,8,0.0,0.0,0.0,0.0,1.0,0.0,0.0,255,249,0.98,0.01,0.0,0.0,0.0,0.0,0.0,0,24596.0
0,1,22,9,224,2778,0,0,1,0,0,0,0,9,0.0,0.0,0.0,0.0,1.0,0.0,0.0,9,255,1.0,0.0,0.11,0.05,0.0,0.0,0.0,0,103040.0
456,1,57,9,458,14471,0,0,1,3,0,0,0,1,0.0,0.0,0.0,0.0,1.0,0.0,0.0,255,51,0.2,0.02,0.0,0.0,0.58,0.73,0.0,0,48825.0
0,2,46,9,215,0,0,0,0,0,0,0,0,1,0.0,0.0,0.0,0.0,1.0,0.0,0.0,43,35,0.81,0.05,0.81,0.0,0.0,0.0,0.0,1,44287.0
0,0,13,9,18,0,0,0,0,0,0,0,0,1,0.0,0.0,0.0,0.0,1.0,0.0,0.0,1,131,1.0,0.0,1.0,1.0,0.0,0.0,0.0,1,72802.0
0,1,22,1,0,0,0,0,0,0,0,0,0,1,0.0,0.0,1.0,1.0,1.0,0.0,0.0,2,255,1.0,0.0,0.5,0.11,0.0,0.0,0.67,0,114432.0
0,2,11,9,46,46,0,0,0,0,0,0,0,6,0.0,0.0,0.0,0.0,1.0,0.0,0.25,255,255,1.0,0.0,0.0,0.0,0.0,0.0,0.0,0,77928.0
0,1,22,9,252,4838,0,1,1,0,0,0,0,10,0.0,0.0,0.0,0.0,1.0,0.0,0.0,75,255,1.0,0.0,0.01,0.02,0.0,0.0,0.0,0,112212.0
0,2,46,9,1,0,0,0,0,0,0,0,0,12,0.0,0.0,0.0,0.0,0.5,0.42,0.0,255,6,0.02,0.8,0.25,0.0,0.1,0.0,0.0,1,119530.0
0,1,46,4,0,0,0,0,0,0,0,0,0,1,0.0,0.0,1.0,1.0,1.0,0.0,0.0,255,1,0.0,0.28,0.27,0.0,0.0,0.0,1.0,1,21830.0
0,1,5,5,0,0,0,0,0,0,0,0,0,109,1.0,1.0,0.0,0.0,0.07,0.06,0.0,255,8,0.03,0.06,0.0,0.0,1.0,1.0,0.0,1,39358.0
0,1,46,5,0,0,0,0,0,0,0,0,0,79,1.0,1.0,0.0,0.0,0.24,0.05,0.0,255,20,0.08,0.06,0.0,0.0,1.0,1.0,0.0,1,70189.0
0,2,11,9,44,126,0,0,0,0,0,0,0,76,0.0,0.0,0.0,0.0,1.0,0.0,0.01,255,254,1.0,0.01,0.0,0.0,0.0,0.0,0.0,0,91503.0
0,1,4,1,0,0,0,0,0,0,0,0,0,289,0.0,0.0,1.0,1.0,0.06,0.06,0.0,255,16,0.06,0.07,0.0,0.0,0.0,0.0,1.0,1,67560.0
0,1,22,9,206,1705,0,0,1,0,0,0,0,29,0.0,0.0,0.0,0.0,1.0,0.0,0.06,29,255,1.0,0.0,0.03,0.05,0.0,0.0,0.0,0,115813.0
0,1,46,5,0,0,0,0,0,0,0,0,0,148,1.0,1.0,0.0,0.0,0.13,0.05,0.0,255,1,0.0,0.07,0.0,0.0,1.0,1.0,0.0,1,55282.0
0,1,22,9,333,1432,0,0,1,0,0,0,0,3,0.0,0.0,0.0,0.0,1.0,0.0,0.33,3,255,1.0,0.0,0.33,0.03,0.0,0.0,0.0,0,103552.0
0,1,3,1,0,0,0,0,0,0,0,0,0,291,0.0,0.0,1.0,1.0,0.06,0.06,0.0,255,17,0.07,0.07,0.0,0.0,0.0,0.0,1.0,1,15359.0
0,0,13,9,8,0,0,0,0,0,0,0,0,1,0.0,0.0,0.0,0.0,1.0,0.0,1.0,1,209,1.0,0.0,1.0,0.25,0.0,0.0,0.0,1,29131.0
28,1,18,9,1494,4152,0,30,1,0,0,0,0,2,0.0,0.0,0.0,0.0,1.0,0.0,0.0,32,16,0.5,0.16,0.03,0.0,0.0,0.0,0.0,0,110843.0
0,1,22,1,0,0,0,0,0,0,0,0,0,1,0.0,0.0,1.0,1.0,1.0,0.0,0.0,6,119,1.0,0.0,0.17,0.2,0.0,0.0,1.0,0,75126.0
0,1,46,4,0,0,0,0,0,0,0,0,0,1,0.0,0.0,1.0,1.0,1.0,0.0,0.0,255,1,0.0,0.77,0.76,0.0,0.0,0.0,1.0,1,2911.0
0,1,46,5,0,0,0,0,0,0,0,0,0,114,1.0,1.0,0.0,0.0,0.14,0.07,0.0,255,34,0.13,0.06,0.0,0.0,1.0,1.0,0.0,1,56446.0
0,1,29,5,0,0,0,0,0,0,0,0,0,126,1.0,1.0,0.0,0.0,0.13,0.06,0.0,255,16,0.06,0.07,0.0,0.0,1.0,1.0,0.0,1,3371.0
1,1,51,9,1146,329,0,0,1,0,0,0,0,1,0.0,0.0,0.0,0.0,1.0,0.0,0.0,13,194,0.85,0.23,0.08,0.02,0.0,0.0,0.0,0,94626.0
0,2,11,9,44,110,0,0,0,0,0,0,0,47,0.0,0.0,0.0,0.0,1.0,0.0,0.02,255,254,1.0,0.01,0.0,0.0,0.0,0.0,0.0,0,62706.0
0,2,11,9,46,83,0,0,0,0,0,0,0,153,0.0,0.0,0.0,0.0,1.0,0.0,0.02,255,227,0.89,0.01,0.0,0.0,0.0,0.0,0.0,0,9195.0
0,1,22,9,258,4403,0,0,1,0,0,0,0,1,0.0,0.0,0.0,0.0,1.0,0.0,0.0,41,255,1.0,0.0,0.02,0.05,0.0,0.0,0.0,0,36686.0
0,2,11,9,45,75,0,0,0,0,0,0,0,191,0.0,0.0,0.0,0.0,1.0,0.0,0.0,255,255,1.0,0.0,0.0,0.0,0.0,0.0,0.0,0,125132.0
0,0,13,9,8,0,0,0,0,0,0,0,0,1,0.0,0.0,0.0,0.0,1.0,0.0,1.0,2,128,1.0,0.0,1.0,0.5,0.0,0.0,0.0,1,116152.0
0,2,11,9,30,0,0,0,0,0,0,0,0,1,0.0,0.0,0.0,0.0,1.0,0.0,1.0,155,47,0.15,0.03,0.15,0.04,0.0,0.0,0.0,0,14009.0
0,1,22,9,343,7644,0,0,1,0,0,0,0,6,0.0,0.0,0.0,0.0,1.0,0.0,0.0,98,255,1.0,0.0,0.01,0.03,0.01,0.0,0.0,0,52380.0
0,1,22,9,238,2280,0,0,1,0,0,0,0,6,0.0,0.0,0.0,0.0,1.0,0.0,0.19,255,255,1.0,0.0,0.0,0.0,0.0,0.0,0.0,0,48981.0
0,1,5,5,0,0,0,0,0,0,0,0,0,149,1.0,1.0,0.0,0.0,0.13,0.05,0.0,255,19,0.07,0.05,0.0,0.0,1.0,1.0,0.0,1,21639.0
0,1,22,9,287,470,0,0,1,0,0,0,0,6,0.0,0.0,0.0,0.0,1.0,0.0,0.45,27,59,1.0,0.0,0.04,0.05,0.0,0.0,0.0,0,90541.0
0,1,51,9,848,332,0,0,1,0,0,0,0,1,0.0,0.0,0.0,0.0,1.0,0.0,1.0,113,171,0.62,0.05,0.01,0.01,0.0,0.0,0.0,0,10620.0
0,1,18,2,0,133,0,0,0,0,0,0,0,1,0.0,0.0,1.0,1.0,1.0,0.0,0.0,2,2,0.5,1.0,0.5,1.0,0.0,0.0,1.0,0,2445.0
0,1,22,9,293,12334,0,0,1,0,0,0,0,6,0.0,0.0,0.0,0.0,1.0,0.0,0.21,192,255,1.0,0.0,0.01,0.01,0.01,0.0,0.0,0,70249.0
0,1,22,9,257,5097,0,0,1,0,0,0,0,6,0.0,0.0,0.0,0.0,1.0,0.0,0.0,255,255,1.0,0.0,0.0,0.0,0.0,0.0,0.01,0,124546.0
0,1,63,5,0,0,0,0,0,0,0,0,0,126,1.0,1.0,0.0,0.0,0.06,0.06,0.0,255,10,0.04,0.06,0.0,0.0,1.0,1.0,0.0,1,64306.0
0,0,13,9,8,0,0,0,0,0,0,0,0,1,0.0,0.0,0.0,0.0,1.0,0.0,1.0,2,134,1.0,0.0,1.0,0.5,0.0,0.0,0.0,1,27131.0
0,1,22,9,349,2055,0,0,1,0,0,0,0,37,0.0,0.0,0.0,0.0,1.0,0.0,0.0,255,255,1.0,0.0,0.0,0.0,0.0,0.0,0.0,0,101052.0
0,1,22,1,0,0,0,0,0,0,0,0,0,1,0.0,0.0,1.0,1.0,1.0,0.0,0.0,20,250,1.0,0.0,0.05,0.17,0.0,0.0,1.0,0,30113.0
0,1,46,5,0,0,0,0,0,0,0,0,0,30,1.0,1.0,0.0,0.0,0.1,0.17,0.0,255,6,0.02,0.08,0.0,0.0,1.0,1.0,0.0,1,103961.0
0,2,46,9,28,0,3,0,0,0,0,0,0,9,0.0,0.0,0.0,0.0,1.0,0.0,0.0,212,9,0.04,0.05,0.04,0.0,0.02,0.0,0.0,1,96297.0
2,1,51,9,1012,329,0,0,1,0,0,0,0,1,0.0,0.0,0.0,0.0,1.0,0.0,1.0,151,105,0.7,0.04,0.01,0.0,0.0,0.0,0.0,0,90504.0
0,1,22,9,332,7434,0,0,1,0,0,0,0,5,0.0,0.0,0.0,0.0,1.0,0.0,0.0,8,255,1.0,0.0,0.12,0.05,0.0,0.01,0.0,0,89371.0
0,1,51,9,671,329,0,0,1,0,0,0,0,1,0.0,0.0,0.0,0.0,1.0,0.0,0.0,52,42,0.81,0.06,0.02,0.0,0.0,0.0,0.0,0,89141.0
0,1,10,5,0,0,0,0,0,0,0,0,0,250,1.0,1.0,0.0,0.0,0.04,0.06,0.0,255,10,0.04,0.07,0.0,0.0,1.0,1.0,0.0,1,60877.0
0,1,22,9,254,1565,0,0,1,0,0,0,0,5,0.0,0.0,0.0,0.0,1.0,0.0,0.09,255,255,1.0,0.0,0.0,0.0,0.0,0.0,0.0,0,121580.0
0,1,17,5,0,0,0,0,0,0,0,0,0,36,1.0,1.0,0.0,0.0,0.47,0.06,0.0,255,17,0.07,0.07,0.01,0.0,1.0,1.0,0.0,1,81234.0
0,1,22,5,0,0,0,0,0,0,0,0,0,263,1.0,1.0,0.0,0.0,0.07,0.05,0.0,255,18,0.07,0.05,0.0,0.0,1.0,1.0,0.0,1,65843.0
0,1,2,5,0,0,0,0,0,0,0,0,0,250,1.0,1.0,0.0,0.0,0.0,0.06,0.0,255,20,0.08,0.07,0.0,0.0,1.0,1.0,0.0,1,61721.0
0,1,22,9,261,2050,0,0,1,0,0,0,0,3,0.33,0.25,0.0,0.0,1.0,0.0,0.5,255,255,1.0,0.0,0.01,0.0,0.0,0.0,0.0,0,30746.0
0,1,57,5,0,0,0,0,0,0,0,0,0,21,1.0,1.0,0.0,0.0,0.19,0.19,0.0,255,63,0.25,0.02,0.01,0.0,1.0,1.0,0.0,1,84846.0
0,1,22,9,313,2252,0,0,1,0,0,0,0,7,0.0,0.0,0.0,0.0,1.0,0.0,0.0,199,255,1.0,0.0,0.01,0.04,0.0,0.0,0.0,0,10975.0
0,1,22,9,0,21681,0,0,0,0,0,0,0,7,0.14,0.14,0.0,0.0,1.0,0.0,0.0,109,255,1.0,0.0,0.01,0.02,0.01,0.0,0.0,0,76337.0
0,0,13,9,8,0,0,0,0,0,0,0,0,1,0.0,0.0,0.0,0.0,1.0,0.0,1.0,2,8,1.0,0.0,1.0,0.5,0.0,0.0,0.0,1,71573.0
0,1,46,5,0,0,0,0,0,0,0,0,0,275,1.0,1.0,0.0,0.0,0.02,0.05,0.0,255,6,0.02,0.07,0.0,0.0,1.0,1.0,0.0,1,31872.0
0,1,51,9,955,388,0,0,1,0,0,0,0,2,0.0,0.0,0.0,0.0,0.5,1.0,0.0,255,91,0.36,0.05,0.0,0.0,0.25,0.0,0.0,0,103679.0
0,1,51,9,1999,394,0,0,1,0,0,0,0,1,0.0,0.0,0.0,0.0,1.0,0.0,0.0,255,45,0.18,0.68,0.0,0.0,0.67,0.0,0.0,0,31266.0
0,1,22,9,288,4792,0,0,1,0,0,0,0,12,0.0,0.0,0.0,0.0,1.0,0.0,0.0,52,255,1.0,0.0,0.02,0.02,0.0,0.0,0.0,0,48317.0
0,1,46,1,0,0,0,0,0,0,0,0,0,456,0.05,0.0,0.94,1.0,0.0,1.0,0.0,255,1,0.0,1.0,0.0,0.0,0.08,0.0,1.0,1,26380.0
1,1,51,9,1711,329,0,0,1,0,0,0,0,1,0.0,0.0,0.0,0.0,1.0,0.0,1.0,255,174,0.68,0.03,0.0,0.0,0.0,0.0,0.0,0,37499.0
0,1,22,9,206,19950,0,0,1,0,0,0,0,10,0.0,0.0,0.0,0.0,1.0,0.0,0.2,10,255,1.0,0.0,0.1,0.01,0.0,0.0,0.0,0,99056.0
0,1,5,5,0,0,0,0,0,0,0,0,0,133,1.0,1.0,0.0,0.0,0.05,0.06,0.0,255,6,0.02,0.06,0.0,0.0,1.0,1.0,0.0,1,66555.0
0,2,11,9,44,123,0,0,0,0,0,0,0,303,0.0,0.0,0.0,0.0,1.0,0.01,0.0,255,224,0.88,0.01,0.0,0.0,0.0,0.0,0.0,0,3187.0
0,1,22,9,314,1028,0,0,1,0,0,0,0,9,0.0,0.0,0.0,0.0,1.0,0.0,0.0,198,255,1.0,0.0,0.01,0.01,0.0,0.0,0.0,0,110209.0
0,1,22,9,210,3612,0,0,1,0,0,0,0,11,0.0,0.0,0.0,0.0,1.0,0.0,0.0,27,255,1.0,0.0,0.04,0.02,0.0,0.0,0.0,0,52548.0
0,1,46,1,0,0,0,0,0,0,0,0,0,198,0.0,0.0,1.0,1.0,0.1,0.06,0.0,255,20,0.08,0.07,0.0,0.0,0.0,0.0,1.0,1,59141.0
0,2,41,9,147,0,0,0,0,0,0,0,0,5,0.0,0.0,0.0,0.0,0.2,0.6,0.0,255,1,0.0,0.59,0.87,0.0,0.0,0.0,0.0,0,62750.0
0,1,38,5,0,0,0,0,0,0,0,0,0,150,1.0,1.0,0.0,0.0,0.05,0.06,0.0,255,2,0.01,0.05,0.0,0.0,1.0,1.0,0.0,1,62316.0
0,1,18,5,0,0,0,0,0,0,0,0,0,254,1.0,1.0,0.0,0.0,0.01,0.07,0.0,255,2,0.01,0.08,0.0,0.0,1.0,1.0,0.0,1,93595.0
0,1,22,9,348,12425,0,0,1,0,0,0,0,13,0.0,0.0,0.0,0.0,1.0,0.0,0.0,255,255,1.0,0.0,0.0,0.0,0.0,0.0,0.0,0,97144.0
0,1,22,9,221,758,0,0,1,0,0,0,0,17,0.0,0.0,0.0,0.0,1.0,0.0,0.0,255,255,1.0,0.0,0.0,0.0,0.0,0.0,0.0,0,39651.0
0,2,11,9,89,0,0,0,0,0,0,0,0,1,0.0,0.0,0.0,0.0,1.0,0.0,0.0,115,44,0.38,0.02,0.38,0.0,0.0,0.0,0.0,0,37588.0
0,1,46,4,0,0,0,0,0,0,0,0,0,1,0.0,0.0,1.0,1.0,1.0,0.0,0.0,175,1,0.01,0.17,0.31,0.0,0.0,0.0,1.0,1,91209.0
0,1,57,5,0,0,0,0,0,0,0,0,0,229,1.0,1.0,0.0,0.0,0.06,0.07,0.0,255,19,0.07,0.07,0.0,0.0,1.0,1.0,0.0,1,90744.0
0,1,19,9,334,0,0,0,1,0,0,0,0,1,0.0,0.0,0.0,0.0,1.0,0.0,0.0,5,31,1.0,0.0,1.0,0.16,0.0,0.0,0.0,1,36735.0
0,1,16,5,0,0,0,0,0,0,0,0,0,94,1.0,1.0,0.0,0.0,0.01,0.06,0.0,255,1,0.0,0.06,0.0,0.0,1.0,1.0,0.0,1,47187.0
1,1,51,9,1330,331,0,0,1,0,0,0,0,1,0.0,0.0,0.0,0.0,1.0,0.0,1.0,71,137,0.38,0.07,0.01,0.02,0.0,0.0,0.0,0,115763.0
0,1,38,1,0,0,0,0,0,0,0,0,0,72,0.0,0.0,1.0,1.0,0.1,0.08,0.0,255,7,0.03,0.07,0.0,0.0,0.0,0.0,1.0,1,72036.0
10178,2,41,9,146,105,0,0,0,0,0,0,0,14,0.0,0.0,0.0,0.0,0.14,0.14,0.0,255,2,0.01,0.6,0.88,0.0,0.0,0.0,0.0,0,98901.0
0,1,22,9,206,3581,0,0,1,0,0,0,0,12,0.0,0.0,0.0,0.0,1.0,0.0,0.0,30,255,1.0,0.0,0.03,0.02,0.0,0.0,0.0,0,63183.0
31849,1,46,4,1,0,0,0,0,0,0,0,0,2,0.0,0.0,1.0,1.0,1.0,0.0,0.0,255,2,0.01,0.82,1.0,0.0,0.0,0.0,1.0,1,22115.0
0,1,20,5,0,0,0,0,0,0,0,0,0,234,1.0,1.0,0.0,0.0,0.08,0.06,0.0,255,3,0.01,0.08,0.0,0.0,1.0,1.0,0.0,1,96807.0
0,1,22,9,215,1952,0,0,1,0,0,0,0,14,0.0,0.0,0.0,0.0,1.0,0.0,0.13,113,255,1.0,0.0,0.01,0.03,0.0,0.0,0.0,0,40995.0
0,1,46,5,0,0,0,0,0,0,0,0,0,141,1.0,1.0,0.0,0.0,0.06,0.08,0.0,255,9,0.04,0.07,0.0,0.0,1.0,1.0,0.0,1,39758.0
0,1,51,9,949,335,0,0,1,0,0,0,0,1,0.0,0.0,0.0,0.0,1.0,0.0,0.0,147,133,0.5,0.05,0.01,0.02,0.0,0.0,0.0,0,100078.0
0,1,19,1,0,0,0,0,0,0,0,0,0,2,0.0,0.0,1.0,1.0,0.5,1.0,0.0,255,1,0.0,1.0,1.0,0.0,0.0,0.0,1.0,1,93610.0
0,1,46,5,0,0,0,0,0,0,0,0,0,218,1.0,1.0,0.0,0.0,0.02,0.06,0.0,255,6,0.02,0.05,0.0,0.0,1.0,1.0,0.0,1,7150.0
0,1,19,9,12,0,0,0,1,0,0,0,0,1,0.0,0.0,0.0,0.0,1.0,0.0,0.0,216,75,0.35,0.02,0.35,0.0,0.0,0.0,0.0,0,96136.0
0,1,46,1,0,0,0,0,0,0,0,0,0,128,0.0,0.0,1.0,1.0,0.1,0.06,0.0,255,13,0.05,0.08,0.0,0.0,0.0,0.0,1.0,1,87191.0
0,1,55,5,0,0,0,0,0,0,0,0,0,192,1.0,1.0,0.0,0.0,0.09,0.06,0.0,255,18,0.07,0.07,0.0,0.0,1.0,1.0,0.0,1,53028.0
1,1,18,9,1260,2453,0,28,1,0,0,0,0,1,0.0,0.0,0.0,0.0,1.0,0.0,0.0,122,20,0.16,0.05,0.01,0.0,0.02,0.0,0.0,0,36370.0
0,1,36,5,0,0,0,0,0,0,0,0,0,241,1.0,1.0,0.0,0.0,0.08,0.06,0.0,255,19,0.07,0.06,0.0,0.0,1.0,1.0,0.0,1,56013.0
0,1,22,9,205,1651,0,0,1,0,0,0,0,1,0.0,0.0,0.0,0.0,1.0,0.0,0.0,123,255,1.0,0.0,0.01,0.03,0.0,0.0,0.0,0,37431.0
0,1,46,5,0,0,0,0,0,0,0,0,0,120,1.0,1.0,0.0,0.0,0.11,0.07,0.0,255,20,0.08,0.07,0.0,0.0,1.0,1.0,0.0,1,109610.0
0,1,46,5,0,0,0,0,0,0,0,0,0,229,1.0,1.0,0.0,0.0,0.07,0.07,0.0,255,14,0.05,0.08,0.0,0.0,1.0,1.0,0.0,1,75142.0
0,1,22,9,235,3675,0,0,1,0,0,0,0,4,0.0,0.0,0.0,0.0,1.0,0.0,0.0,255,255,1.0,0.0,0.0,0.0,0.0,0.0,0.0,0,18342.0
0,1,22,9,274,17,0,0,1,0,0,0,0,11,0.0,0.0,0.0,0.0,1.0,0.0,0.0,91,255,1.0,0.0,0.01,0.04,0.0,0.0,0.0,0,33548.0
0,1,57,5,0,0,0,0,0,0,0,0,0,72,0.99,1.0,0.01,0.0,0.24,0.07,0.0,255,37,0.15,0.05,0.01,0.0,1.0,1.0,0.0,1,93098.0
0,1,4,5,0,0,0,0,0,0,0,0,0,201,1.0,1.0,0.0,0.0,0.02,0.07,0.0,255,5,0.02,0.08,0.0,0.0,1.0,1.0,0.0,1,66888.0
0,1,26,5,0,0,0,0,0,0,0,0,0,230,1.0,1.0,0.0,0.0,0.05,0.07,0.0,255,12,0.05,0.07,0.0,0.0,1.0,1.0,0.0,1,56281.0
0,1,35,5,0,0,0,0,0,0,0,0,0,217,1.0,1.0,0.0,0.0,0.02,0.06,0.0,255,17,0.07,0.07,0.0,0.0,1.0,1.0,0.0,1,37251.0
0,1,51,9,1364,334,0,0,1,0,0,0,0,1,0.0,0.0,0.0,0.0,1.0,0.0,0.0,127,145,0.5,0.03,0.01,0.01,0.0,0.0,0.0,0,17697.0
0,1,55,5,0,0,0,0,0,0,0,0,0,123,1.0,1.0,0.0,0.0,0.11,0.08,0.0,255,13,0.05,0.07,0.0,0.0,1.0,1.0,0.0,1,26658.0
0,2,11,9,45,77,0,0,0,0,0,0,0,236,0.0,0.0,0.0,0.0,1.0,0.0,0.01,255,219,0.86,0.01,0.0,0.0,0.0,0.0,0.0,0,122967.0
931,1,41,4,1,0,0,0,0,0,0,0,0,2,0.0,0.0,1.0,1.0,1.0,0.0,0.0,255,2,0.01,0.73,1.0,0.0,0.0,0.0,1.0,1,12401.0
0,2,46,9,1,0,0,0,0,0,0,0,0,21,0.0,0.0,0.0,0.0,0.1,0.14,0.0,255,5,0.02,0.92,0.09,0.0,0.16,0.0,0.0,1,115606.0
0,1,15,5,0,0,0,0,0,0,0,0,0,150,1.0,1.0,0.0,0.0,0.13,0.06,0.0,255,20,0.08,0.06,0.0,0.0,1.0,1.0,0.0,1,122737.0
0,1,57,5,0,0,0,0,0,0,0,0,0,36,1.0,1.0,0.0,0.0,0.22,0.11,0.0,255,64,0.25,0.02,0.01,0.0,1.0,1.0,0.0,1,49488.0
0,1,22,9,205,1982,0,0,1,0,0,0,0,5,0.0,0.0,0.0,0.0,1.0,0.0,0.0,161,255,1.0,0.0,0.01,0.02,0.0,0.0,0.0,0,50894.0
0,1,22,9,249,468,0,0,1,0,0,0,0,10,0.0,0.0,0.0,0.0,1.0,0.0,0.0,255,255,1.0,0.0,0.0,0.0,0.0,0.0,0.0,0,69793.0
0,1,46,5,0,0,0,0,0,0,0,0,0,139,1.0,1.0,0.0,0.0,0.09,0.06,0.0,255,13,0.05,0.08,0.0,0.0,1.0,1.0,0.0,1,124470.0
0,1,22,9,215,307,0,0,1,0,0,0,0,7,0.0,0.0,0.0,0.0,1.0,0.0,0.3,144,255,1.0,0.0,0.01,0.01,0.0,0.0,0.0,0,90066.0
0,1,22,9,235,314,0,0,1,0,0,0,0,3,0.0,0.0,0.0,0.0,1.0,0.0,0.0,255,255,1.0,0.0,0.0,0.0,0.0,0.0,0.02,0,94341.0
0,2,11,9,43,77,0,0,0,0,0,0,0,157,0.0,0.0,0.0,0.0,1.0,0.0,0.0,255,191,0.75,0.01,0.0,0.0,0.0,0.0,0.0,0,79491.0
0,1,22,9,200,2055,0,0,1,0,0,0,0,10,0.0,0.0,0.0,0.0,1.0,0.0,0.18,255,255,1.0,0.0,0.0,0.0,0.0,0.0,0.0,0,68705.0
2,1,51,9,910,360,0,0,1,0,0,0,0,1,0.0,0.0,0.0,0.0,1.0,0.0,1.0,163,178,0.78,0.03,0.01,0.02,0.01,0.01,0.0,0,33011.0
0,1,10,5,0,0,0,0,0,0,0,0,0,237,1.0,1.0,0.0,0.0,0.01,0.06,0.0,255,2,0.01,0.08,0.0,0.0,1.0,1.0,0.0,1,122401.0
0,1,22,9,313,369,0,0,1,0,0,0,0,20,0.0,0.0,0.0,0.0,1.0,0.0,0.1,255,255,1.0,0.0,0.0,0.0,0.0,0.0,0.0,0,93172.0
2,1,51,9,3145,325,0,0,1,0,0,0,0,1,0.0,0.0,0.0,0.0,1.0,0.0,1.0,88,66,0.64,0.03,0.01,0.03,0.0,0.0,0.0,0,4093.0
0,1,34,5,0,0,0,0,0,0,0,0,0,261,1.0,1.0,0.0,0.0,0.01,0.06,0.0,255,2,0.01,0.07,0.0,0.0,1.0,1.0,0.0,1,79770.0
0,2,46,9,1,0,0,0,0,0,0,0,0,2,0.0,0.0,0.0,0.0,1.0,0.0,0.0,255,2,0.01,0.73,0.35,0.0,0.03,0.0,0.0,1,530.0
0,1,30,5,0,0,0,0,0,0,0,0,0,300,1.0,1.0,0.0,0.0,0.07,0.06,0.0,255,20,0.08,0.07,0.0,0.0,1.0,1.0,0.0,1,69383.0
0,1,22,9,302,4213,0,0,1,0,0,0,0,7,0.0,0.0,0.0,0.0,1.0,0.0,0.22,255,255,1.0,0.0,0.0,0.0,0.0,0.0,0.0,0,119500.0
28,1,18,9,1541,4152,0,30,1,0,0,0,0,1,0.0,0.0,0.0,0.0,1.0,0.0,0.0,59,31,0.53,0.07,0.02,0.0,0.0,0.0,0.0,0,33769.0
0,1,22,9,245,3553,0,0,1,0,0,0,0,15,0.0,0.0,0.0,0.0,1.0,0.0,0.18,111,255,1.0,0.0,0.01,0.03,0.0,0.0,0.0,0,70438.0
0,1,22,9,339,286,0,0,1,0,0,0,0,2,0.0,0.0,0.0,0.33,1.0,0.0,0.67,255,237,0.93,0.02,0.0,0.0,0.0,0.0,0.0,0,80261.0
0,1,19,9,637,0,0,0,1,0,0,0,0,8,0.0,0.0,0.0,0.0,1.0,0.0,0.0,180,78,0.41,0.02,0.41,0.03,0.0,0.0,0.0,0,13779.0
0,1,22,5,0,0,0,0,0,0,0,0,0,225,1.0,1.0,0.0,0.0,0.08,0.05,0.0,255,19,0.07,0.06,0.0,0.0,1.0,1.0,0.0,1,48515.0
0,1,4,5,0,0,0,0,0,0,0,0,0,119,1.0,1.0,0.0,0.0,0.03,0.08,0.0,255,4,0.02,0.07,0.0,0.0,1.0,1.0,0.0,1,1607.0
0,2,40,9,48,48,0,0,0,0,0,0,0,1,0.0,0.0,0.0,0.0,1.0,0.0,0.0,16,2,0.12,0.12,0.12,0.0,0.0,0.0,0.0,0,119979.0
18022,1,57,9,4734,54623,0,44,1,0,0,0,0,1,0.0,0.0,0.0,0.0,1.0,0.0,0.0,255,19,0.07,0.57,0.0,0.0,0.57,0.16,0.05,0,124987.0
0,1,19,9,334,0,0,0,1,0,0,0,0,1,0.0,0.0,0.0,0.0,1.0,0.0,0.0,5,38,0.6,0.4,0.6,0.16,0.0,0.0,0.0,1,97976.0
0,1,22,9,302,2610,0,0,1,0,0,0,0,29,0.0,0.0,0.0,0.0,1.0,0.0,0.06,29,255,1.0,0.0,0.03,0.04,0.0,0.0,0.0,0,6077.0
0,1,8,5,0,0,0,0,0,0,0,0,0,106,1.0,1.0,0.0,0.0,0.06,0.07,0.0,255,6,0.02,0.07,0.0,0.0,1.0,1.0,0.0,1,106931.0
0,1,22,9,259,4635,0,0,1,0,0,0,0,2,0.0,0.0,0.0,0.0,1.0,0.0,0.22,255,255,1.0,0.0,0.0,0.0,0.0,0.0,0.0,0,115413.0
0,1,31,5,0,0,0,0,0,0,0,0,0,96,1.0,1.0,0.0,0.0,0.04,0.06,0.0,255,4,0.02,0.07,0.0,0.0,1.0,1.0,0.0,1,4381.0
0,1,22,9,288,294,0,0,1,0,0,0,0,11,0.0,0.0,0.0,0.0,1.0,0.0,0.17,144,255,1.0,0.0,0.01,0.02,0.0,0.0,0.0,0,120086.0
1,1,51,9,815,329,0,0,1,0,0,0,0,1,0.0,0.0,0.0,0.0,1.0,0.0,1.0,154,140,0.4,0.05,0.01,0.02,0.0,0.0,0.0,0,35340.0
0,1,22,9,229,354,0,0,1,0,0,0,0,12,0.0,0.0,0.0,0.0,1.0,0.0,0.16,160,255,1.0,0.0,0.01,0.04,0.0,0.0,0.0,0,111921.0
0,1,19,9,4892,0,0,0,0,0,0,0,0,18,0.0,0.0,0.0,0.0,1.0,0.0,0.0,255,93,0.36,0.03,0.36,0.0,0.0,0.0,0.0,0,125858.0
0,1,22,9,274,1210,0,0,1,0,0,0,0,4,0.0,0.0,0.0,0.0,1.0,0.0,0.0,5,255,1.0,0.0,0.2,0.02,0.0,0.0,0.0,0,75031.0
0,1,22,9,332,10640,0,0,1,0,0,0,0,6,0.0,0.0,0.0,0.0,1.0,0.0,0.0,94,255,1.0,0.0,0.01,0.04,0.0,0.0,0.0,0,64446.0
0,1,46,5,0,0,0,0,0,0,0,0,0,243,1.0,1.0,0.0,0.0,0.07,0.06,0.0,255,16,0.06,0.07,0.0,0.0,1.0,1.0,0.0,1,7123.0
0,1,46,5,0,0,0,0,0,0,0,0,0,107,1.0,1.0,0.0,0.0,0.13,0.06,0.0,255,10,0.04,0.06,0.0,0.0,1.0,1.0,0.0,1,53666.0
0,1,27,5,0,0,0,0,0,0,0,0,0,9,1.0,1.0,0.0,0.0,0.44,0.22,0.0,255,9,0.04,0.07,0.0,0.0,1.0,1.0,0.0,1,69059.0
0,1,46,5,0,0,0,0,0,0,0,0,0,171,1.0,1.0,0.0,0.0,0.11,0.06,0.0,255,18,0.07,0.07,0.0,0.0,1.0,1.0,0.0,1,108071.0
0,1,22,9,311,447,0,0,1,0,0,0,0,1,0.0,0.0,0.0,0.0,1.0,0.0,0.75,1,2,1.0,0.0,1.0,1.0,0.0,0.0,0.0,0,48362.0
0,1,60,2,0,0,0,0,0,0,0,0,0,204,0.0,0.0,1.0,1.0,0.01,0.07,0.0,255,2,0.01,0.08,0.0,0.0,0.0,0.0,1.0,1,27470.0
0,1,22,9,224,8621,0,0,1,0,0,0,0,14,0.0,0.0,0.0,0.0,1.0,0.0,0.22,14,255,1.0,0.0,0.07,0.07,0.0,0.0,0.0,0,1196.0
0,1,46,5,0,0,0,0,0,0,0,0,0,86,1.0,1.0,0.0,0.0,0.16,0.08,0.0,255,14,0.05,0.08,0.0,0.0,1.0,1.0,0.0,1,35398.0
0,1,25,1,0,0,0,0,0,0,0,0,0,260,0.0,0.0,1.0,1.0,0.03,0.07,0.0,255,9,0.04,0.07,0.0,0.0,0.0,0.0,1.0,1,9502.0
0,2,11,9,45,133,0,0,0,0,0,0,0,68,0.0,0.0,0.0,0.0,0.99,0.03,0.01,255,230,0.9,0.01,0.0,0.0,0.0,0.0,0.0,0,56294.0
0,1,63,5,0,0,0,0,0,0,0,0,0,138,1.0,1.0,0.0,0.0,0.06,0.06,0.0,255,8,0.03,0.07,0.0,0.0,1.0,1.0,0.0,1,46552.0
0,1,22,9,244,1847,0,0,1,0,0,0,0,4,0.0,0.0,0.0,0.0,1.0,0.0,0.0,4,255,1.0,0.0,0.25,0.04,0.0,0.0,0.0,0,29601.0
0,1,34,5,0,0,0,0,0,0,0,0,0,211,1.0,1.0,0.0,0.0,0.01,0.06,0.0,255,18,0.07,0.07,0.0,0.0,1.0,1.0,0.0,1,69496.0
0,1,37,5,0,0,0,0,0,0,0,0,0,157,1.0,1.0,0.0,0.0,0.11,0.05,0.0,255,18,0.07,0.05,0.0,0.0,1.0,1.0,0.0,1,57626.0
11,1,51,9,1320,339,0,0,1,0,0,0,0,1,0.0,0.0,0.0,0.0,1.0,0.0,1.0,60,234,0.93,0.03,0.02,0.01,0.0,0.0,0.0,0,114732.0
4,1,18,9,1234,2449,0,28,1,0,0,0,0,1,0.0,0.0,0.0,0.0,1.0,0.0,0.0,255,82,0.32,0.02,0.0,0.0,0.0,0.0,0.0,0,96942.0
0,1,19,9,960,0,0,0,1,0,0,0,0,2,0.0,0.0,0.0,0.0,1.0,0.0,0.0,255,119,0.47,0.03,0.47,0.0,0.0,0.01,0.0,0,22925.0
0,1,51,9,1567,476,0,0,1,0,0,0,0,1,0.0,0.0,0.0,0.0,1.0,0.0,1.0,124,107,0.02,0.02,0.01,0.02,0.0,0.0,0.0,0,23059.0
0,1,19,5,0,0,0,0,0,0,0,0,0,139,1.0,1.0,0.0,0.0,0.15,0.04,0.0,255,18,0.07,0.05,0.0,0.0,1.0,1.0,0.0,1,21654.0
0,1,7,5,0,0,0,0,0,0,0,0,0,148,1.0,1.0,0.0,0.0,0.06,0.05,0.0,255,4,0.02,0.07,0.0,0.0,1.0,1.0,0.0,1,19150.0
0,2,11,9,44,127,0,0,0,0,0,0,0,76,0.0,0.0,0.0,0.0,1.0,0.0,0.01,255,254,1.0,0.01,0.0,0.0,0.0,0.0,0.0,0,107080.0
0,1,22,1,0,0,0,0,0,0,0,0,0,1,0.0,0.0,1.0,1.0,1.0,0.0,1.0,2,200,1.0,0.0,0.5,0.19,0.0,0.0,0.9,0,48994.0
3374,2,41,9,147,105,0,0,0,0,0,0,0,1,0.0,0.0,0.0,0.0,1.0,0.0,0.0,255,3,0.01,0.65,0.96,0.0,0.0,0.0,0.0,0,82673.0
0,1,22,9,227,1362,0,0,1,0,0,0,0,8,0.0,0.0,0.0,0.0,1.0,0.0,0.0,38,91,1.0,0.0,0.03,0.11,0.0,0.0,0.0,0,67405.0
0,1,38,5,0,0,0,0,0,0,0,0,0,107,1.0,1.0,0.0,0.0,0.04,0.07,0.0,255,4,0.02,0.05,0.0,0.0,1.0,1.0,0.0,1,19503.0
0,1,22,9,203,1074,0,0,1,0,0,0,0,8,0.0,0.0,0.0,0.0,1.0,0.0,0.22,82,255,1.0,0.0,0.01,0.01,0.0,0.0,0.0,0,98858.0
0,1,22,9,217,344,0,0,1,0,0,0,0,36,0.0,0.0,0.0,0.0,1.0,0.0,0.0,255,255,1.0,0.0,0.0,0.0,0.0,0.0,0.0,0,108143.0
22,1,46,4,0,0,0,0,0,0,0,0,0,1,0.0,0.0,1.0,1.0,1.0,0.0,0.0,255,1,0.0,1.0,1.0,0.0,0.0,0.0,1.0,1,50982.0
0,1,22,9,289,4080,0,0,1,0,0,0,0,5,0.0,0.0,0.0,0.0,1.0,0.0,0.43,248,255,1.0,0.0,0.0,0.01,0.0,0.0,0.0,0,12172.0
0,1,6,5,0,0,0,0,0,0,0,0,0,284,1.0,1.0,0.0,0.0,0.04,0.06,0.0,255,10,0.04,0.07,0.0,0.0,1.0,1.0,0.0,1,36859.0
0,1,26,5,0,0,0,0,0,0,0,0,0,104,1.0,1.0,0.0,0.0,0.16,0.07,0.0,255,4,0.02,0.07,0.0,0.0,1.0,1.0,0.0,1,36688.0
0,2,11,9,42,132,0,0,0,0,0,0,0,78,0.0,0.0,0.0,0.0,1.0,0.0,0.01,255,255,1.0,0.0,0.0,0.0,0.0,0.0,0.0,0,1428.0
3294,2,41,9,145,105,0,0,0,0,0,0,0,1,0.0,0.0,0.0,0.0,1.0,0.0,0.0,255,1,0.0,0.62,0.96,0.0,0.0,0.0,0.0,0,41152.0
0,1,22,9,165,13974,0,0,1,0,0,0,0,1,0.0,0.0,0.0,0.0,1.0,0.0,0.0,108,255,1.0,0.0,0.01,0.01,0.0,0.0,0.0,0,59465.0
0,1,19,9,748,0,0,0,1,0,0,9,0,1,0.0,0.0,0.0,0.0,1.0,0.0,0.0,160,54,0.28,0.03,0.28,0.04,0.0,0.0,0.0,0,43769.0
1,1,51,9,897,329,0,0,1,0,0,0,0,1,0.0,0.0,0.0,0.0,1.0,0.0,1.0,181,134,0.43,0.03,0.01,0.01,0.0,0.0,0.0,0,2078.0
0,1,46,5,0,0,0,0,0,0,0,0,0,137,0.99,1.0,0.0,0.0,0.07,0.07,0.0,255,1,0.0,0.06,0.0,0.0,1.0,1.0,0.0,1,80318.0
949,2,41,9,147,105,0,0,0,0,0,0,0,1,0.0,0.0,0.0,0.0,1.0,0.0,0.0,255,1,0.0,0.44,0.84,0.0,0.0,0.0,0.0,0,39808.0
0,1,22,5,0,0,0,0,0,0,0,0,0,2,0.5,0.4,0.0,0.0,1.0,0.0,0.6,121,171,1.0,0.0,0.02,0.02,0.01,0.01,0.01,0,20521.0
0,1,22,9,467,9887,0,0,1,0,0,0,0,13,0.0,0.0,0.0,0.0,1.0,0.0,0.0,98,249,1.0,0.0,0.01,0.11,0.0,0.0,0.75,0,125206.0
0,1,46,5,0,0,0,0,0,0,0,0,0,80,1.0,1.0,0.0,0.0,0.2,0.06,0.0,255,5,0.02,0.07,0.0,0.0,1.0,1.0,0.0,1,85325.0
0,1,17,9,10,284,0,0,0,0,0,0,0,1,0.0,0.0,0.0,0.0,1.0,0.0,0.0,1,8,1.0,0.0,1.0,0.25,0.0,0.0,0.0,0,77954.0
0,2,41,9,516,4,0,0,0,0,0,0,0,385,0.0,0.0,0.0,0.0,1.0,0.0,0.0,255,255,1.0,0.0,1.0,0.0,0.0,0.0,0.0,0,102561.0
0,1,20,5,0,0,0,0,0,0,0,0,0,241,1.0,1.0,0.0,0.0,0.03,0.06,0.0,255,8,0.03,0.06,0.0,0.0,1.0,1.0,0.0,1,115132.0
0,1,51,9,646,285,0,0,1,0,0,0,0,1,0.0,0.0,0.0,0.0,1.0,0.0,0.0,55,171,0.85,0.07,0.02,0.01,0.0,0.0,0.0,0,78125.0
0,1,22,1,0,0,0,0,0,0,0,0,0,1,0.0,0.0,1.0,1.0,1.0,0.0,0.0,5,238,1.0,0.0,0.2,0.21,0.0,0.0,1.0,0,79401.0
0,1,41,1,0,0,0,0,0,0,0,0,0,494,0.07,0.0,0.93,1.0,0.0,1.0,0.0,255,1,0.0,1.0,0.0,0.0,0.04,0.0,1.0,1,69213.0
0,1,5,5,0,0,0,0,0,0,0,0,0,115,1.0,1.0,0.0,0.0,0.07,0.06,0.0,255,8,0.03,0.07,0.0,0.0,1.0,1.0,0.0,1,81857.0
0,1,4,5,0,0,0,0,0,0,0,0,0,210,1.0,1.0,0.0,0.0,0.08,0.07,0.0,255,11,0.04,0.08,0.0,0.0,1.0,1.0,0.0,1,102770.0
0,1,46,5,0,0,0,0,0,0,0,0,0,202,1.0,1.0,0.0,0.0,0.0,0.07,0.0,255,19,0.07,0.07,0.0,0.0,1.0,1.0,0.0,1,59223.0
0,1,51,9,781,334,0,0,1,0,0,0,0,1,0.0,0.0,0.0,0.0,1.0,0.0,0.0,26,28,0.81,0.12,0.04,0.07,0.0,0.0,0.0,0,22332.0
0,1,51,9,1212,334,0,0,1,0,0,0,0,1,0.0,0.0,0.0,0.0,1.0,0.0,0.0,230,167,0.66,0.02,0.0,0.01,0.0,0.0,0.0,0,115270.0
0,1,22,9,343,3305,0,0,1,0,0,0,0,20,0.0,0.0,0.0,0.0,1.0,0.0,0.0,126,255,1.0,0.0,0.01,0.02,0.0,0.0,0.0,0,44752.0
0,2,46,9,28,0,3,0,0,0,0,0,0,50,0.0,0.0,0.0,0.0,1.0,0.0,0.0,122,50,0.41,0.03,0.41,0.0,0.0,0.0,0.0,1,104148.0
0,1,22,9,201,1263,0,0,1,0,0,0,0,9,0.0,0.0,0.0,0.0,1.0,0.0,0.17,33,255,1.0,0.0,0.03,0.02,0.0,0.0,0.0,0,103475.0
0,1,33,5,0,0,0,0,0,0,0,0,0,289,1.0,1.0,0.0,0.0,0.03,0.06,0.0,255,11,0.04,0.08,0.0,0.0,1.0,1.0,0.0,1,98769.0
0,1,8,5,0,0,0,0,0,0,0,0,0,163,1.0,1.0,0.0,0.0,0.09,0.06,0.0,255,14,0.05,0.05,0.0,0.0,1.0,1.0,0.0,1,91981.0
0,1,22,1,0,0,0,0,0,0,0,0,0,1,0.0,0.0,1.0,1.0,1.0,0.0,0.0,2,255,1.0,0.0,0.5,0.18,0.0,0.0,0.92,0,48226.0
0,1,22,9,260,772,0,0,1,0,0,0,0,32,0.0,0.0,0.0,0.0,1.0,0.0,0.0,255,255,1.0,0.0,0.0,0.0,0.0,0.0,0.0,0,55950.0
0,1,30,5,0,0,0,0,0,0,0,0,0,255,1.0,1.0,0.0,0.0,0.09,0.05,0.0,255,24,0.09,0.05,0.0,0.0,1.0,1.0,0.0,1,34463.0
0,1,46,5,0,0,0,0,0,0,0,0,0,272,1.0,1.0,0.0,0.0,0.03,0.07,0.0,255,10,0.04,0.06,0.0,0.0,1.0,1.0,0.0,1,124657.0
245,1,57,9,191,7232,0,0,1,0,0,0,0,1,0.0,0.0,0.0,0.0,1.0,0.0,0.0,104,19,0.18,0.04,0.01,0.0,0.0,0.0,0.11,0,117437.0
0,1,46,5,0,0,0,0,0,0,0,0,0,190,1.0,1.0,0.0,0.0,0.04,0.06,0.0,229,8,0.03,0.07,0.0,0.0,0.94,1.0,0.0,1,109668.0
0,2,11,9,43,67,0,0,0,0,0,0,0,242,0.0,0.0,0.0,0.0,1.0,0.0,0.01,255,254,1.0,0.01,0.0,0.0,0.0,0.0,0.0,0,85448.0
0,1,34,5,0,0,0,0,0,0,0,0,0,198,1.0,1.0,0.0,0.0,0.03,0.07,0.0,255,5,0.02,0.08,0.0,0.0,1.0,1.0,0.0,1,119865.0
40763,1,46,4,1,0,0,0,0,0,0,0,0,2,0.0,0.0,1.0,1.0,1.0,0.0,0.0,255,2,0.01,0.36,0.72,0.0,0.0,0.0,1.0,1,118407.0
0,1,46,5,0,0,0,0,0,0,0,0,0,206,1.0,1.0,0.0,0.0,0.03,0.06,0.0,255,18,0.07,0.06,0.0,0.0,1.0,1.0,0.0,1,121668.0
0,1,34,5,0,0,0,0,0,0,0,0,0,85,1.0,1.0,0.0,0.0,0.11,0.07,0.0,255,4,0.02,0.07,0.0,0.0,1.0,1.0,0.0,1,103964.0
0,0,14,9,1032,0,0,0,0,0,0,0,0,73,0.0,0.0,0.0,0.0,1.0,0.0,0.0,255,73,0.29,0.02,0.29,0.0,0.0,0.0,0.0,1,11230.0
0,0,13,9,8,0,0,0,0,0,0,0,0,1,0.0,0.0,0.0,0.0,1.0,0.0,1.0,1,29,1.0,0.0,1.0,0.52,0.0,0.0,0.0,1,105507.0
0,1,22,9,217,10317,0,0,1,0,0,0,0,5,0.0,0.0,0.0,0.0,1.0,0.0,0.0,98,255,1.0,0.0,0.01,0.07,0.0,0.0,0.0,0,26333.0
0,1,17,9,11,143,0,0,0,0,0,0,0,1,0.0,0.0,0.0,0.0,1.0,0.0,0.0,255,23,0.09,0.02,0.0,0.0,0.0,0.0,0.0,0,112863.0
0,1,46,5,0,0,0,0,0,0,0,0,0,103,1.0,1.0,0.0,0.0,0.12,0.05,0.0,255,12,0.05,0.05,0.0,0.0,1.0,1.0,0.0,1,67555.0
0,1,46,5,0,0,0,0,0,0,0,0,0,11,1.0,1.0,0.0,0.0,0.55,0.27,0.0,255,6,0.02,0.1,0.0,0.0,1.0,1.0,0.0,1,13643.0
9,1,57,9,138,1698,0,0,1,0,0,0,0,1,0.0,0.0,0.0,0.0,1.0,0.0,0.0,1,6,1.0,0.0,1.0,0.83,0.0,0.0,0.0,0,94661.0
0,2,11,9,44,145,0,0,0,0,0,0,0,213,0.0,0.0,0.0,0.0,1.0,0.01,0.01,255,255,1.0,0.0,0.0,0.0,0.0,0.0,0.0,0,1104.0
0,1,56,5,0,0,0,0,0,0,0,0,0,299,1.0,1.0,0.0,0.0,0.07,0.05,0.0,255,20,0.08,0.06,0.0,0.0,1.0,1.0,0.0,1,71323.0
0,1,22,9,332,10351,0,0,1,0,0,0,0,1,0.0,0.0,0.0,0.0,1.0,0.0,1.0,255,255,1.0,0.0,0.0,0.0,0.0,0.0,0.0,0,17569.0
0,1,22,9,210,255,0,0,1,0,0,0,0,6,0.0,0.0,0.0,0.0,1.0,0.0,0.29,255,255,1.0,0.0,0.0,0.0,0.0,0.0,0.0,0,8589.0
0,1,46,1,0,0,0,0,0,0,0,0,0,390,0.0,0.0,1.0,1.0,0.0,0.52,0.0,255,1,0.0,0.52,1.0,0.0,0.0,0.0,1.0,1,97330.0
31648,1,46,4,1,0,0,0,0,0,0,0,0,1,0.0,0.0,1.0,1.0,1.0,0.0,0.0,255,1,0.0,0.82,1.0,0.0,0.0,0.0,1.0,1,41207.0
0,1,22,9,239,1915,0,0,1,0,0,0,0,2,0.0,0.0,0.0,0.0,1.0,0.0,0.0,23,255,1.0,0.0,0.04,0.04,0.0,0.0,0.0,0,101635.0
0,1,22,9,315,1396,0,0,1,0,0,0,0,19,0.0,0.0,0.0,0.0,1.0,0.0,0.0,255,255,1.0,0.0,0.0,0.0,0.0,0.0,0.0,0,71305.0
0,1,51,9,1053,401,0,0,1,0,0,0,0,1,0.0,0.0,0.0,0.0,1.0,0.0,1.0,126,46,0.37,0.04,0.01,0.0,0.0,0.0,0.0,0,67179.0
0,1,22,9,312,422,0,0,1,0,0,0,0,5,0.0,0.0,0.0,0.0,1.0,0.0,0.33,5,255,1.0,0.0,0.2,0.05,0.0,0.0,0.0,0,4623.0
0,1,4,5,0,0,0,0,0,0,0,0,0,229,1.0,1.0,0.0,0.0,0.03,0.06,0.0,255,14,0.05,0.06,0.0,0.0,1.0,1.0,0.0,1,123623.0
0,1,15,5,0,0,0,0,0,0,0,0,0,125,1.0,1.0,0.0,0.0,0.16,0.06,0.0,255,20,0.08,0.07,0.0,0.0,1.0,1.0,0.0,1,109873.0
0,1,33,5,0,0,0,0,0,0,0,0,0,207,1.0,1.0,0.0,0.0,0.06,0.07,0.0,255,13,0.05,0.07,0.0,0.0,1.0,1.0,0.0,1,17491.0
0,1,22,9,285,1612,0,0,1,0,0,0,0,22,0.0,0.0,0.0,0.0,1.0,0.0,0.12,255,255,1.0,0.0,0.0,0.0,0.0,0.0,0.0,0,53810.0
0,1,35,5,0,0,0,0,0,0,0,0,0,262,1.0,1.0,0.0,0.0,0.04,0.07,0.0,255,11,0.04,0.07,0.0,0.0,1.0,1.0,0.0,1,74470.0
0,1,19,9,641,0,0,0,1,0,0,0,0,2,0.0,0.0,0.0,0.0,1.0,0.0,0.0,211,76,0.36,0.02,0.36,0.0,0.0,0.0,0.0,0,23641.0
160,2,41,9,146,105,0,0,0,0,0,0,0,1,0.0,0.0,0.0,0.0,1.0,0.0,0.0,255,1,0.0,0.55,0.8,0.0,0.0,0.0,0.0,0,62235.0
0,1,25,5,0,0,0,0,0,0,0,0,0,267,1.0,1.0,0.0,0.0,0.02,0.06,0.0,255,5,0.02,0.08,0.0,0.0,1.0,1.0,0.0,1,49835.0
0,1,51,9,1023,329,0,0,1,0,0,0,0,1,0.0,0.0,0.0,0.0,1.0,0.0,0.0,179,144,0.63,0.02,0.01,0.01,0.0,0.0,0.03,0,105534.0
27527,1,46,4,1,0,0,0,0,0,0,0,0,2,0.0,0.0,1.0,1.0,1.0,0.0,0.0,255,2,0.01,0.74,1.0,0.0,0.0,0.0,1.0,1,37252.0
0,1,22,9,324,25021,0,0,1,0,0,0,0,3,0.0,0.0,0.0,0.0,1.0,0.0,0.13,3,255,1.0,0.0,0.33,0.05,0.0,0.0,0.0,0,51858.0
0,1,22,9,328,1912,0,0,1,0,0,0,0,24,0.0,0.0,0.0,0.0,1.0,0.0,0.07,27,255,1.0,0.0,0.04,0.05,0.0,0.0,0.0,0,121785.0
0,1,19,9,5929,0,0,0,1,0,0,0,0,13,0.0,0.0,0.0,0.0,1.0,0.0,0.0,86,121,0.57,0.03,0.57,0.02,0.0,0.0,0.0,0,14551.0
0,2,46,9,1,0,0,0,0,0,0,0,0,140,0.0,0.0,0.0,0.0,0.86,0.03,0.0,255,162,0.64,0.05,1.0,0.0,0.0,0.0,0.0,1,73887.0
0,2,11,9,44,44,0,0,0,0,0,0,0,111,0.0,0.0,0.0,0.0,1.0,0.0,0.0,255,255,1.0,0.0,0.01,0.0,0.0,0.0,0.0,0,88901.0
0,2,11,9,43,125,0,0,0,0,0,0,0,249,0.0,0.0,0.0,0.0,1.0,0.0,0.0,255,252,0.99,0.01,0.0,0.0,0.0,0.0,0.0,0,92052.0
0,1,22,1,0,0,0,0,0,0,0,0,0,22,0.0,0.0,0.82,0.82,1.0,0.0,0.0,41,121,1.0,0.0,0.02,0.17,0.0,0.0,0.97,0,30355.0
899,2,11,9,68,24,0,0,0,0,0,0,0,2,0.0,0.0,0.0,0.0,1.0,0.0,0.67,255,255,1.0,0.0,0.29,0.0,0.0,0.0,0.0,0,122470.0
0,1,22,9,325,2575,0,0,1,0,0,0,0,23,0.0,0.0,0.0,0.0,1.0,0.0,0.08,26,231,1.0,0.0,0.04,0.06,0.0,0.0,0.0,0,99802.0
0,1,22,9,220,9675,0,0,1,0,0,0,0,5,0.0,0.0,0.0,0.0,1.0,0.0,0.0,68,255,1.0,0.0,0.01,0.08,0.0,0.0,0.0,0,112771.0
0,1,22,9,218,639,0,0,1,0,0,0,0,1,0.0,0.0,0.0,0.0,1.0,0.0,1.0,255,255,1.0,0.0,0.0,0.0,0.0,0.0,0.0,0,116800.0
1,1,51,9,1073,334,0,0,1,0,0,0,0,1,0.0,0.0,0.0,0.0,1.0,0.0,1.0,211,165,0.74,0.03,0.0,0.01,0.0,0.0,0.0,0,21867.0
0,1,22,5,0,0,0,0,0,0,0,0,0,287,1.0,1.0,0.0,0.0,0.07,0.05,0.0,255,20,0.08,0.05,0.0,0.0,1.0,1.0,0.0,1,110668.0
0,1,20,1,0,0,0,0,0,0,0,0,0,255,0.0,0.0,1.0,1.0,0.02,0.07,0.0,255,4,0.02,0.07,0.0,0.0,0.0,0.0,1.0,1,7058.0
0,2,11,9,43,120,0,0,0,0,0,0,0,78,0.0,0.0,0.0,0.0,1.0,0.0,0.0,255,255,1.0,0.0,0.0,0.0,0.0,0.0,0.0,0,81339.0
0,1,19,9,63,0,0,0,0,0,0,0,0,2,0.0,0.0,0.0,0.0,1.0,0.0,0.0,231,11,0.03,0.01,0.03,0.18,0.87,0.0,0.0,0,121860.0
0,1,36,5,0,0,0,0,0,0,0,0,0,236,1.0,1.0,0.0,0.0,0.01,0.07,0.0,255,2,0.01,0.08,0.0,0.0,1.0,1.0,0.0,1,19543.0
0,2,11,9,44,44,0,0,0,0,0,0,0,105,0.0,0.0,0.0,0.0,0.99,0.02,0.0,255,254,1.0,0.01,0.0,0.0,0.0,0.0,0.0,0,118311.0
0,1,22,9,219,2809,0,0,1,0,0,0,0,2,0.0,0.0,0.0,0.0,1.0,0.0,0.33,255,255,1.0,0.0,0.0,0.0,0.0,0.0,0.0,0,93276.0
0,1,22,9,212,760,0,0,1,0,0,0,0,8,0.0,0.02,0.0,0.02,1.0,0.0,0.12,76,255,1.0,0.0,0.01,0.02,0.0,0.0,0.0,0,54520.0
0,0,13,9,8,0,0,0,0,0,0,0,0,1,0.0,0.0,0.0,0.0,1.0,0.0,1.0,2,60,1.0,0.0,1.0,0.5,0.0,0.0,0.0,1,57859.0
0,2,11,9,34,94,0,0,0,0,0,0,0,1,0.0,0.0,0.0,0.0,1.0,0.0,0.0,17,193,1.0,0.0,1.0,0.01,0.0,0.0,0.0,0,65040.0
0,1,17,9,7,325,0,0,0,0,0,0,0,1,0.0,0.0,0.0,0.0,1.0,0.0,0.0,151,11,0.07,0.04,0.01,0.0,0.0,0.0,0.0,0,107434.0
0,1,46,5,0,0,0,0,0,0,0,0,0,122,1.0,1.0,0.0,0.0,0.07,0.07,0.0,255,8,0.03,0.05,0.0,0.0,1.0,1.0,0.0,1,104885.0
0,2,46,9,105,146,0,0,0,0,0,0,0,1,0.0,0.0,0.0,0.0,1.0,0.0,0.0,255,179,0.7,0.01,0.0,0.0,0.0,0.0,0.0,0,42740.0
3,1,51,9,791,332,0,0,1,0,0,0,0,1,0.0,0.0,0.0,0.0,1.0,0.0,0.0,1,99,1.0,0.0,1.0,0.02,0.0,0.0,0.0,0,28955.0
0,1,46,5,0,0,0,0,0,0,0,0,0,205,1.0,1.0,0.0,0.0,0.06,0.06,0.0,255,9,0.04,0.07,0.0,0.0,1.0,1.0,0.0,1,99391.0
0,1,22,9,54540,8314,0,2,1,1,0,0,0,2,0.0,0.0,0.0,0.33,1.0,0.0,0.67,55,55,1.0,0.0,0.02,0.0,0.0,0.0,0.02,1,62226.0
0,1,51,9,128,244,0,0,1,0,0,0,0,1,0.0,0.0,0.0,0.0,1.0,0.0,0.0,105,60,0.1,0.68,0.01,0.03,0.0,0.0,0.0,0,118639.0
0,1,30,5,0,0,0,0,0,0,0,0,0,239,1.0,1.0,0.0,0.0,0.06,0.07,0.0,255,14,0.05,0.07,0.0,0.0,1.0,1.0,0.0,1,117094.0
0,1,22,9,160,584,0,0,1,0,0,0,0,1,0.0,0.0,0.0,0.0,1.0,0.0,0.1,200,255,1.0,0.0,0.0,0.01,0.01,0.01,0.0,0,1384.0
0,1,22,9,341,939,0,0,1,0,0,0,0,28,0.0,0.0,0.0,0.0,1.0,0.0,0.0,255,255,1.0,0.0,0.0,0.0,0.0,0.0,0.0,0,67717.0
0,1,22,9,210,334,0,0,1,0,0,0,0,18,0.0,0.0,0.0,0.0,1.0,0.0,0.1,255,255,1.0,0.0,0.0,0.0,0.0,0.0,0.0,0,53170.0
0,1,22,9,272,2143,0,0,1,0,0,0,0,12,0.0,0.0,0.0,0.0,1.0,0.0,0.19,255,255,1.0,0.0,0.0,0.0,0.0,0.0,0.0,0,30412.0
0,1,22,1,0,0,0,0,0,0,0,0,0,1,0.0,0.0,1.0,1.0,1.0,0.0,0.0,3,157,1.0,0.0,0.33,0.15,0.0,0.0,1.0,0,93384.0
0,1,46,5,0,0,0,0,0,0,0,0,0,115,1.0,1.0,0.0,0.0,0.03,0.06,0.0,193,7,0.04,0.09,0.01,0.0,1.0,1.0,0.0,1,32390.0
0,1,41,9,59,0,0,0,1,0,0,0,0,9,0.0,0.0,0.0,0.0,0.11,0.56,0.0,132,1,0.01,0.05,0.42,0.0,0.0,0.0,0.0,0,62538.0
0,1,46,5,0,0,0,0,0,0,0,0,0,276,1.0,1.0,0.0,0.0,0.04,0.06,0.0,255,24,0.09,0.06,0.0,0.0,1.0,1.0,0.0,1,48204.0
0,1,22,9,286,8188,0,1,1,0,0,0,0,2,0.0,0.0,0.0,0.0,1.0,0.0,0.0,80,237,1.0,0.0,0.01,0.03,0.01,0.0,0.0,0,110128.0
0,2,11,9,44,131,0,0,0,0,0,0,0,282,0.0,0.0,0.0,0.0,1.0,0.0,0.0,255,253,0.99,0.01,0.0,0.0,0.0,0.0,0.0,0,117232.0
0,0,13,9,8,0,0,0,0,0,0,0,0,1,0.0,0.0,0.0,0.0,1.0,0.0,1.0,2,96,1.0,0.0,1.0,0.5,0.0,0.0,0.0,1,19955.0
0,2,11,9,45,73,0,0,0,0,0,0,0,149,0.0,0.0,0.0,0.0,1.0,0.0,0.0,255,203,0.8,0.01,0.0,0.0,0.0,0.0,0.0,0,125521.0
0,1,22,9,272,2492,0,0,1,0,0,0,0,18,0.0,0.0,0.0,0.0,1.0,0.0,0.09,19,249,1.0,0.0,0.05,0.12,0.0,0.0,0.88,0,48128.0
0,1,19,5,0,0,0,0,0,0,0,0,0,15,1.0,1.0,0.0,0.0,1.0,0.0,0.0,255,61,0.24,0.02,0.0,0.0,1.0,1.0,0.0,1,32092.0
0,1,46,5,0,0,0,0,0,0,0,0,0,150,1.0,1.0,0.0,0.0,0.06,0.06,0.0,171,9,0.05,0.09,0.01,0.0,1.0,1.0,0.0,1,106485.0
0,1,25,1,0,0,0,0,0,0,0,0,0,279,0.0,0.0,1.0,1.0,0.07,0.06,0.0,255,19,0.07,0.07,0.0,0.0,0.0,0.0,1.0,1,65130.0
0,1,19,9,3909,0,0,0,1,0,0,0,0,6,0.0,0.0,0.0,0.0,1.0,0.0,0.0,69,62,0.17,0.04,0.17,0.05,0.0,0.0,0.0,0,95277.0
0,1,46,5,0,0,0,0,0,0,0,0,0,137,1.0,1.0,0.0,0.0,0.01,0.06,0.0,255,15,0.06,0.07,0.0,0.0,1.0,1.0,0.0,1,27596.0
0,1,22,9,218,2446,0,0,1,0,0,0,0,14,0.0,0.0,0.0,0.0,1.0,0.0,0.13,255,255,1.0,0.0,0.0,0.0,0.0,0.0,0.0,0,80487.0
0,1,22,9,332,767,0,0,1,0,0,0,0,6,0.0,0.0,0.0,0.0,1.0,0.0,0.0,255,255,1.0,0.0,0.0,0.0,0.0,0.0,0.0,0,26790.0
0,1,22,9,282,334,0,0,1,0,0,0,0,29,0.0,0.0,0.0,0.0,1.0,0.0,0.12,255,255,1.0,0.0,0.0,0.0,0.0,0.0,0.0,0,15905.0
0,1,15,5,0,0,0,0,0,0,0,0,0,150,1.0,1.0,0.0,0.0,0.13,0.06,0.0,255,13,0.05,0.07,0.0,0.0,1.0,1.0,0.0,1,62029.0
0,1,51,5,0,0,0,0,0,0,0,0,0,259,1.0,1.0,0.0,0.0,0.0,0.06,0.0,255,1,0.0,0.08,0.0,0.0,1.0,1.0,0.0,1,16670.0
0,1,22,9,231,1150,0,0,1,0,0,0,0,4,0.0,0.0,0.0,0.0,1.0,0.0,0.0,9,255,1.0,0.0,0.11,0.03,0.0,0.0,0.0,0,90862.0
0,1,46,5,0,0,0,0,0,0,0,0,0,249,1.0,1.0,0.0,0.0,0.01,0.06,0.0,255,4,0.02,0.08,0.0,0.0,1.0,1.0,0.0,1,102024.0
1,1,51,9,1237,432,0,0,1,0,0,0,0,1,0.0,0.0,0.0,0.0,1.0,0.0,1.0,41,115,0.73,0.1,0.02,0.02,0.0,0.0,0.0,0,96599.0
0,1,19,9,175337,0,0,0,1,0,0,0,0,1,0.0,0.0,0.0,0.0,1.0,0.0,0.0,96,61,0.11,0.04,0.11,0.03,0.01,0.0,0.0,0,83544.0
0,1,51,9,995,337,0,0,1,0,0,0,0,1,0.0,0.0,0.0,0.0,1.0,0.0,0.0,76,34,0.45,0.05,0.01,0.0,0.0,0.0,0.0,0,113444.0
0,1,46,5,0,0,0,0,0,0,0,0,0,90,1.0,1.0,0.0,0.0,0.02,0.07,0.0,255,19,0.07,0.07,0.0,0.0,1.0,1.0,0.0,1,15738.0
0,1,46,5,0,0,0,0,0,0,0,0,0,12,1.0,1.0,0.0,0.0,0.08,0.25,0.0,255,1,0.0,0.09,0.0,0.0,1.0,1.0,0.0,1,81459.0
0,1,22,9,159,2142,0,0,1,0,0,0,0,5,0.0,0.0,0.0,0.0,1.0,0.0,0.0,109,255,1.0,0.0,0.01,0.02,0.0,0.0,0.0,0,122835.0
10485,2,41,9,147,105,0,0,0,0,0,0,0,1,0.0,0.0,0.0,0.0,1.0,0.0,0.0,212,2,0.01,0.48,0.85,0.0,0.0,0.0,0.0,0,80986.0
0,1,51,9,2542,328,0,0,1,0,0,0,0,1,0.0,0.0,0.0,0.0,1.0,0.0,0.0,255,200,0.78,0.02,0.0,0.0,0.0,0.0,0.0,0,66824.0
0,1,51,2,0,0,0,0,0,0,0,0,0,108,0.0,0.0,1.0,1.0,0.03,0.07,0.0,255,3,0.01,0.08,0.0,0.0,0.0,0.0,1.0,1,86224.0
0,1,54,2,0,0,0,0,0,0,0,0,0,249,0.0,0.0,1.0,1.0,0.0,0.07,0.0,255,1,0.0,0.08,0.0,0.0,0.0,0.0,1.0,1,120727.0
2309,2,41,9,145,105,0,0,0,0,0,0,0,1,0.0,0.0,0.0,0.0,1.0,0.0,0.0,255,2,0.01,0.64,0.87,0.0,0.0,0.0,0.0,0,101649.0
0,1,66,5,0,0,0,0,0,0,0,0,0,258,1.0,1.0,0.0,0.0,0.01,0.06,0.0,255,3,0.01,0.06,0.0,0.0,1.0,1.0,0.0,1,14632.0
0,1,51,9,1519,335,0,0,1,0,0,0,0,1,0.0,0.0,0.0,0.0,1.0,0.0,0.0,255,95,0.37,0.02,0.0,0.0,0.0,0.01,0.0,0,25123.0
0,1,57,5,0,0,0,0,0,0,0,0,0,8,1.0,1.0,0.0,0.0,1.0,0.0,0.0,130,70,0.54,0.02,0.01,0.0,0.98,0.97,0.0,1,55724.0
0,1,63,5,0,0,0,0,0,0,0,0,0,118,1.0,1.0,0.0,0.0,0.1,0.07,0.0,255,12,0.05,0.06,0.0,0.0,1.0,1.0,0.0,1,107911.0
0,1,18,5,0,0,0,0,0,0,0,0,0,246,1.0,1.0,0.0,0.0,0.07,0.05,0.0,255,18,0.07,0.07,0.0,0.0,1.0,1.0,0.0,1,66275.0
0,1,51,9,1962,480,0,0,1,0,0,0,0,1,0.0,0.0,0.0,0.0,1.0,0.0,1.0,140,106,0.17,0.51,0.01,0.02,0.0,0.0,0.06,0,78442.0
0,1,12,5,0,0,0,0,0,0,0,0,0,271,1.0,1.0,0.0,0.0,0.07,0.05,0.0,255,20,0.08,0.05,0.0,0.0,1.0,1.0,0.0,1,109027.0
0,1,22,9,329,396,0,0,1,0,0,0,0,6,0.0,0.0,0.0,0.0,1.0,0.0,0.0,255,255,1.0,0.0,0.0,0.0,0.0,0.0,0.0,0,47952.0
0,1,46,5,0,0,0,0,0,0,0,0,0,68,1.0,1.0,0.0,0.0,0.01,0.07,0.0,255,15,0.06,0.06,0.0,0.0,1.0,1.0,0.0,1,18451.0
0,1,22,9,223,2760,0,0,1,0,0,0,0,5,0.0,0.0,0.0,0.0,1.0,0.0,0.0,255,255,1.0,0.0,0.0,0.0,0.0,0.0,0.0,0,105294.0
0,1,26,5,0,0,0,0,0,0,0,0,0,237,1.0,1.0,0.0,0.0,0.02,0.06,0.0,255,4,0.02,0.07,0.0,0.0,1.0,1.0,0.0,1,61134.0
0,0,13,9,8,0,0,0,0,0,0,0,0,1,0.0,0.0,0.0,0.0,1.0,0.0,1.0,1,25,1.0,0.0,1.0,0.52,0.0,0.0,0.0,1,63120.0
0,1,65,5,0,0,0,0,0,0,0,0,0,278,1.0,1.0,0.0,0.0,0.02,0.05,0.0,255,5,0.02,0.05,0.0,0.0,1.0,1.0,0.0,1,74113.0
0,1,51,9,845,328,0,0,1,0,0,0,0,1,0.0,0.0,0.0,0.0,1.0,0.0,0.0,201,128,0.53,0.03,0.0,0.02,0.02,0.02,0.0,0,10298.0
0,1,46,5,0,0,0,0,0,0,0,0,0,137,1.0,1.0,0.0,0.0,0.15,0.06,0.0,255,19,0.07,0.06,0.0,0.0,1.0,1.0,0.0,1,72362.0
0,1,22,1,0,0,0,0,0,0,0,0,0,1,0.0,0.0,1.0,1.0,1.0,0.0,1.0,16,255,1.0,0.0,0.06,0.09,0.0,0.0,0.99,0,82661.0
0,1,46,5,0,0,0,0,0,0,0,0,0,245,1.0,1.0,0.0,0.0,0.07,0.06,0.0,255,18,0.07,0.07,0.0,0.0,1.0,1.0,0.0,1,45339.0
0,1,22,9,323,2745,0,0,1,0,0,0,0,9,0.0,0.0,0.0,0.0,1.0,0.0,0.0,9,255,1.0,0.0,0.11,0.02,0.0,0.0,0.0,0,41653.0
0,1,22,9,242,6237,0,0,1,0,0,0,0,8,0.0,0.0,0.0,0.0,1.0,0.0,0.27,8,255,1.0,0.0,0.12,0.03,0.0,0.0,0.0,0,59687.0
0,2,11,9,45,81,0,0,0,0,0,0,0,137,0.0,0.0,0.0,0.0,1.0,0.0,0.0,255,254,1.0,0.01,0.0,0.0,0.0,0.0,0.0,0,119970.0
0,1,22,9,197,2044,0,0,1,0,0,0,0,16,0.0,0.0,0.0,0.0,1.0,0.0,0.12,53,255,1.0,0.0,0.02,0.04,0.0,0.0,0.0,0,40524.0
0,1,54,5,0,0,0,0,0,0,0,0,0,229,1.0,1.0,0.0,0.0,0.07,0.06,0.0,255,15,0.06,0.06,0.0,0.0,1.0,1.0,0.0,1,100379.0
0,1,46,5,0,0,0,0,0,0,0,0,0,110,1.0,1.0,0.0,0.0,0.07,0.06,0.0,11,8,0.73,0.27,0.09,0.0,1.0,1.0,0.0,1,18473.0
0,1,46,5,0,0,0,0,0,0,0,0,0,125,1.0,1.0,0.0,0.0,0.1,0.06,0.0,255,20,0.08,0.07,0.0,0.0,1.0,1.0,0.0,1,14669.0
0,1,22,1,0,0,0,0,0,0,0,0,0,1,0.0,0.0,1.0,1.0,1.0,0.0,1.0,7,255,1.0,0.0,0.14,0.15,0.0,0.0,1.0,0,121148.0
0,1,33,5,0,0,0,0,0,0,0,0,0,201,1.0,1.0,0.0,0.0,0.0,0.06,0.0,255,15,0.06,0.06,0.0,0.0,1.0,1.0,0.0,1,110125.0
0,1,17,5,0,0,0,0,0,0,0,0,0,25,1.0,1.0,0.0,0.0,0.2,0.08,0.0,67,9,0.07,0.06,0.06,0.22,0.97,0.56,0.0,1,99466.0
5,2,46,9,105,146,0,0,0,0,0,0,0,2,0.0,0.0,0.0,0.0,1.0,0.0,0.0,4,4,1.0,0.0,0.75,0.0,0.0,0.0,0.0,0,40852.0
0,1,46,5,0,0,0,0,0,0,0,0,0,146,1.0,1.0,0.0,0.0,0.11,0.06,0.0,255,17,0.07,0.07,0.0,0.0,1.0,1.0,0.0,1,53271.0
0,1,22,9,290,930,0,0,1,0,0,0,0,4,0.25,0.25,0.0,0.0,1.0,0.0,0.0,255,255,1.0,0.0,0.0,0.0,0.0,0.0,0.0,0,125738.0
0,1,22,9,213,169,0,0,1,0,0,0,0,17,0.0,0.0,0.0,0.0,1.0,0.0,0.07,222,255,1.0,0.0,0.0,0.02,0.0,0.01,0.0,0,60575.0
3,1,51,9,979,336,0,0,1,0,0,0,0,1,0.0,0.0,0.0,0.0,1.0,0.0,0.0,222,124,0.46,0.02,0.0,0.02,0.0,0.0,0.0,0,96912.0
0,1,22,9,242,15150,0,0,1,0,0,0,0,17,0.0,0.0,0.0,0.0,1.0,0.0,0.0,17,255,1.0,0.0,0.06,0.03,0.0,0.0,0.0,0,45901.0
0,1,22,9,238,634,0,0,1,0,0,0,0,43,0.0,0.0,0.0,0.0,1.0,0.0,0.0,255,255,1.0,0.0,0.0,0.0,0.0,0.0,0.0,0,96219.0
0,1,19,9,5558,0,0,0,0,0,0,0,0,16,0.0,0.0,0.0,0.0,1.0,0.0,0.0,255,22,0.09,0.01,0.09,0.0,0.0,0.0,0.0,0,105368.0
0,1,22,9,159,9598,0,0,1,0,0,0,0,1,0.0,0.0,0.0,0.0,1.0,0.0,0.23,36,255,1.0,0.0,0.03,0.01,0.03,0.0,0.0,0,114285.0
0,2,11,9,45,132,0,0,0,0,0,0,0,167,0.0,0.0,0.0,0.0,1.0,0.0,0.01,255,253,0.99,0.01,0.0,0.0,0.0,0.0,0.0,0,64453.0
0,1,56,5,0,0,0,0,0,0,0,0,0,294,1.0,1.0,0.0,0.0,0.01,0.06,0.0,255,2,0.01,0.07,0.0,0.0,1.0,1.0,0.0,1,10136.0
0,1,22,9,208,16985,0,0,1,0,0,0,0,7,0.0,0.0,0.0,0.0,1.0,0.0,0.0,7,255,1.0,0.0,0.14,0.06,0.0,0.0,0.0,0,105970.0
0,2,46,9,1,0,0,0,0,0,0,0,0,16,0.0,0.0,0.0,0.0,0.06,0.19,0.0,255,1,0.0,0.5,0.56,0.0,0.03,0.0,0.0,1,113571.0
0,1,22,9,218,1833,0,0,1,0,0,0,0,3,0.0,0.0,0.0,0.0,1.0,0.0,0.5,51,255,1.0,0.0,0.02,0.02,0.0,0.0,0.0,0,101138.0
0,1,46,5,0,0,0,0,0,0,0,0,0,63,1.0,1.0,0.0,0.0,0.03,0.08,0.0,255,14,0.05,0.09,0.0,0.0,1.0,1.0,0.0,1,92515.0
0,1,46,5,0,0,0,0,0,0,0,0,0,136,1.0,1.0,0.0,0.0,0.04,0.06,0.0,255,3,0.01,0.08,0.0,0.0,1.0,1.0,0.0,1,39934.0
0,2,11,9,46,46,0,0,0,0,0,0,0,11,0.0,0.0,0.0,0.0,1.0,0.0,0.18,202,198,0.98,0.01,0.0,0.0,0.0,0.0,0.0,0,8606.0
0,1,22,1,0,0,0,0,0,0,0,0,0,1,0.0,0.0,1.0,1.0,1.0,0.0,0.0,34,255,1.0,0.0,0.03,0.16,0.0,0.0,0.98,0,55101.0
0,1,22,9,245,2229,0,0,1,0,0,0,0,3,0.33,0.18,0.0,0.0,1.0,0.0,0.27,13,255,1.0,0.0,0.08,0.03,0.08,0.0,0.0,0,99849.0
13335,2,41,9,145,105,0,0,0,0,0,0,0,1,0.0,0.0,0.0,0.0,1.0,0.0,0.0,255,1,0.0,0.66,0.96,0.0,0.0,0.0,0.0,0,19934.0
0,1,22,9,230,1721,0,0,1,0,0,0,0,8,0.0,0.0,0.0,0.0,1.0,0.0,0.11,255,255,1.0,0.0,0.0,0.0,0.0,0.0,0.0,0,41232.0
0,1,22,9,216,2658,0,0,1,0,0,0,0,23,0.0,0.0,0.0,0.0,1.0,0.0,0.0,255,255,1.0,0.0,0.0,0.0,0.0,0.0,0.0,0,10511.0
0,1,25,5,0,0,0,0,0,0,0,0,0,291,1.0,1.0,0.0,0.0,0.07,0.05,0.0,255,8,0.03,0.09,0.0,0.0,1.0,1.0,0.0,1,45435.0
0,1,46,5,0,0,0,0,0,0,0,0,0,119,1.0,1.0,0.0,0.0,0.14,0.06,0.0,255,4,0.02,0.06,0.0,0.0,1.0,1.0,0.0,1,18109.0
0,2,11,9,46,132,0,0,0,0,0,0,0,81,0.0,0.0,0.0,0.0,1.0,0.0,0.01,255,252,0.99,0.01,0.0,0.0,0.0,0.0,0.0,0,78448.0
0,1,22,9,248,942,0,0,1,0,0,0,0,10,0.0,0.0,0.0,0.0,1.0,0.0,0.0,255,255,1.0,0.0,0.0,0.0,0.0,0.0,0.0,0,70188.0
0,1,22,9,248,2224,0,0,1,0,0,0,0,6,0.0,0.0,0.0,0.0,1.0,0.0,0.0,107,255,1.0,0.0,0.01,0.03,0.01,0.0,0.0,0,19615.0
0,1,46,5,0,0,0,0,0,0,0,0,0,185,1.0,1.0,0.0,0.0,0.04,0.05,0.0,255,8,0.03,0.07,0.0,0.0,1.0,1.0,0.0,1,105952.0
28,1,18,9,1069,3081,0,22,1,0,0,0,0,1,0.0,0.0,0.0,0.0,1.0,0.0,0.0,255,50,0.2,0.03,0.0,0.0,0.01,0.0,0.0,0,31816.0
0,1,17,5,0,0,0,0,0,0,0,0,0,38,1.0,1.0,0.0,0.0,0.5,0.05,0.0,198,61,0.3,0.02,0.01,0.03,1.0,0.97,0.0,1,43842.0
0,1,46,5,0,0,0,0,0,0,0,0,0,127,1.0,1.0,0.0,0.0,0.13,0.07,0.0,255,14,0.05,0.09,0.0,0.0,1.0,1.0,0.0,1,11911.0
0,1,10,5,0,0,0,0,0,0,0,0,0,292,1.0,1.0,0.0,0.0,0.07,0.06,0.0,255,19,0.07,0.09,0.0,0.0,1.0,1.0,0.0,1,36215.0
0,1,22,5,0,0,0,0,0,0,0,0,0,15,1.0,1.0,0.0,0.0,0.6,0.27,0.0,255,60,0.24,0.04,0.0,0.0,1.0,1.0,0.0,1,90614.0
13003,2,41,9,146,105,0,0,0,0,0,0,0,1,0.0,0.0,0.0,0.0,1.0,0.0,0.0,255,1,0.0,0.75,0.98,0.0,0.0,0.0,0.0,0,65176.0
0,1,57,5,0,0,0,0,0,0,0,0,0,22,1.0,1.0,0.0,0.0,0.23,0.18,0.0,255,47,0.18,0.05,0.0,0.0,1.0,1.0,0.0,1,43084.0
0,1,46,5,0,0,0,0,0,0,0,0,0,147,1.0,1.0,0.0,0.0,0.05,0.05,0.0,255,1,0.0,0.07,0.0,0.0,1.0,1.0,0.0,1,97722.0
0,1,22,9,156,21113,0,0,1,0,0,0,0,9,0.0,0.0,0.0,0.0,1.0,0.0,0.08,148,255,1.0,0.0,0.01,0.04,0.0,0.0,0.0,0,114073.0
0,1,22,9,321,1591,0,0,1,0,0,0,0,3,0.0,0.0,0.0,0.0,1.0,0.0,0.0,54,255,1.0,0.0,0.02,0.02,0.02,0.0,0.0,0,65842.0
0,1,41,1,0,0,0,0,0,0,0,0,0,509,0.21,0.0,0.78,1.0,0.0,1.0,0.0,255,1,0.0,1.0,0.0,0.0,0.21,0.0,1.0,1,104637.0
0,1,22,1,0,0,0,0,0,0,0,0,0,1,0.0,0.0,1.0,1.0,1.0,0.0,0.0,9,189,1.0,0.0,0.11,0.23,0.0,0.0,1.0,0,63851.0
0,1,17,9,9,222,0,0,0,0,0,0,0,1,0.0,0.0,0.0,0.0,1.0,0.0,0.0,67,15,0.07,0.06,0.01,0.2,0.0,0.0,0.0,0,46498.0
0,1,22,9,260,796,0,0,1,0,0,0,0,1,0.0,0.0,0.0,0.0,1.0,0.0,0.0,8,255,1.0,0.0,0.12,0.01,0.0,0.0,0.0,0,41225.0
0,1,22,9,251,1118,0,0,1,0,0,0,0,8,0.12,0.11,0.0,0.0,1.0,0.0,0.22,8,255,1.0,0.0,0.12,0.06,0.12,0.0,0.0,0,86249.0
0,1,22,9,264,1184,0,0,1,0,0,0,0,22,0.0,0.0,0.0,0.0,1.0,0.0,0.0,70,255,1.0,0.0,0.01,0.02,0.0,0.0,0.0,0,96335.0
0,1,46,1,0,0,0,0,0,0,0,0,0,1,0.0,0.0,1.0,1.0,1.0,0.0,0.0,255,1,0.0,0.74,0.73,0.0,0.0,0.0,1.0,1,4604.0
0,0,14,9,520,0,0,0,0,0,0,0,0,395,0.0,0.0,0.0,0.0,1.0,0.0,0.0,255,255,1.0,0.0,1.0,0.0,0.0,0.0,0.0,1,89232.0
0,1,3,5,0,0,0,0,0,0,0,0,0,205,1.0,1.0,0.0,0.0,0.06,0.05,0.0,255,13,0.05,0.06,0.0,0.0,1.0,1.0,0.0,1,98710.0
0,1,22,9,203,722,0,0,1,0,0,0,0,3,0.0,0.0,0.0,0.0,1.0,0.0,0.6,3,255,1.0,0.0,0.33,0.05,0.0,0.0,0.0,0,78453.0
2,1,3,9,10,38,0,0,1,0,0,0,0,1,0.0,0.0,0.0,0.0,1.0,0.0,0.0,214,4,0.02,0.03,0.0,0.0,0.0,0.0,0.0,0,73683.0
0,1,45,5,0,0,0,0,0,0,0,0,0,134,1.0,1.0,0.0,0.0,0.04,0.06,0.0,255,5,0.02,0.06,0.0,0.0,1.0,1.0,0.0,1,80200.0
0,1,22,9,224,1341,0,0,1,0,0,0,0,7,0.0,0.0,0.0,0.0,1.0,0.0,0.0,142,255,1.0,0.0,0.01,0.01,0.0,0.0,0.0,0,118795.0
0,1,46,5,0,0,0,0,0,0,0,0,0,258,1.0,1.0,0.0,0.0,0.08,0.06,0.0,255,2,0.01,0.08,0.0,0.0,1.0,1.0,0.0,1,108664.0
0,0,13,9,8,0,0,0,0,0,0,0,0,1,0.0,0.0,0.0,0.0,1.0,0.0,1.0,2,96,1.0,0.0,1.0,0.5,0.0,0.0,0.0,1,30292.0
38294,1,46,4,1,0,0,0,0,0,0,0,0,2,0.0,0.0,1.0,1.0,1.0,0.0,0.0,255,2,0.01,0.51,1.0,0.0,0.0,0.0,1.0,1,62603.0
0,2,46,9,28,0,3,0,0,0,0,0,0,45,0.0,0.0,0.0,0.0,1.0,0.0,0.0,255,12,0.05,0.01,0.05,0.0,0.0,0.0,0.0,1,57160.0
0,1,46,5,0,0,0,0,0,0,0,0,0,205,1.0,1.0,0.0,0.0,0.01,0.06,0.0,255,14,0.05,0.07,0.0,0.0,1.0,1.0,0.0,1,111957.0
0,1,22,9,338,311,0,0,1,0,0,0,0,13,0.0,0.0,0.0,0.0,1.0,0.0,0.14,70,255,1.0,0.0,0.01,0.02,0.0,0.0,0.0,0,122173.0
0,1,46,1,0,0,0,0,0,0,0,0,0,1,0.0,0.0,1.0,1.0,1.0,0.0,0.0,31,2,0.03,1.0,0.03,1.0,0.0,0.0,1.0,1,87381.0
0,1,22,9,280,3409,0,0,1,0,0,0,0,2,0.0,0.0,0.0,0.0,1.0,0.0,0.67,20,255,1.0,0.0,0.05,0.05,0.0,0.0,0.0,0,73939.0
0,0,13,9,8,0,0,0,0,0,0,0,0,1,0.0,0.0,0.0,0.0,1.0,0.0,1.0,4,4,1.0,0.0,1.0,0.0,0.0,0.0,0.0,1,108695.0
0,1,22,9,219,1463,0,0,1,0,0,0,0,11,0.0,0.0,0.0,0.0,1.0,0.0,0.0,130,255,1.0,0.0,0.01,0.01,0.0,0.0,0.0,0,70354.0
0,1,31,5,0,0,0,0,0,0,0,0,0,124,1.0,1.0,0.0,0.0,0.02,0.06,0.0,255,2,0.01,0.07,0.0,0.0,1.0,1.0,0.0,1,29539.0
0,1,36,5,0,0,0,0,0,0,0,0,0,278,1.0,1.0,0.0,0.0,0.06,0.06,0.0,255,5,0.02,0.08,0.0,0.0,1.0,1.0,0.0,1,67224.0
0,1,46,4,0,0,0,0,0,0,0,0,0,1,0.0,0.0,1.0,1.0,1.0,0.0,0.0,255,1,0.0,0.6,0.59,0.0,0.0,0.0,1.0,1,45584.0
0,1,46,1,0,0,0,0,0,0,0,0,0,264,0.08,0.0,0.87,1.0,0.0,1.0,0.0,255,1,0.0,1.0,0.0,0.0,0.08,0.0,1.0,1,27714.0
0,1,15,5,0,0,0,0,0,0,0,0,0,28,1.0,1.0,0.0,0.0,0.11,0.11,0.0,255,15,0.06,0.07,0.0,0.0,1.0,1.0,0.0,1,119654.0
0,2,11,9,44,77,0,0,0,0,0,0,0,120,0.0,0.0,0.0,0.0,1.0,0.0,0.0,255,176,0.69,0.01,0.0,0.0,0.0,0.0,0.0,0,54453.0
0,1,22,1,0,0,0,0,0,0,0,0,0,1,0.0,0.0,1.0,1.0,1.0,0.0,1.0,34,255,1.0,0.0,0.03,0.09,0.0,0.0,0.67,0,36494.0
0,1,22,9,340,283,0,0,1,0,0,0,0,4,0.0,0.0,0.0,0.0,1.0,0.0,0.0,255,246,0.96,0.02,0.0,0.0,0.0,0.0,0.0,0,108993.0
0,1,46,1,0,0,0,0,0,0,0,0,0,98,0.0,0.0,1.0,1.0,0.08,0.07,0.0,255,20,0.08,0.05,0.0,0.0,0.0,0.0,1.0,1,74703.0
0,0,14,9,1032,0,0,0,0,0,0,0,0,511,0.0,0.0,0.0,0.0,1.0,0.0,0.0,255,219,0.86,0.02,0.86,0.0,0.0,0.0,0.0,1,32601.0
0,2,11,9,36,0,0,0,0,0,0,0,0,12,0.0,0.0,0.0,0.0,1.0,0.0,0.0,38,142,1.0,0.0,1.0,0.01,0.0,0.0,0.0,0,116580.0
0,1,22,9,304,1039,0,0,1,0,0,0,0,5,0.0,0.0,0.0,0.0,1.0,0.0,0.33,255,255,1.0,0.0,0.0,0.0,0.0,0.0,0.0,0,93051.0
0,1,55,5,0,0,0,0,0,0,0,0,0,120,1.0,1.0,0.0,0.0,0.16,0.08,0.0,255,19,0.07,0.07,0.0,0.0,1.0,1.0,0.0,1,67496.0
0,1,46,5,0,0,0,0,0,0,0,0,0,73,1.0,1.0,0.0,0.0,0.25,0.05,0.0,255,18,0.07,0.05,0.0,0.0,1.0,1.0,0.0,1,45594.0
0,1,17,5,0,0,0,0,0,0,0,0,0,70,1.0,1.0,0.0,0.0,0.29,0.06,0.0,255,67,0.26,0.02,0.0,0.0,1.0,1.0,0.0,1,79326.0
0,2,11,9,44,76,0,0,0,0,0,0,0,176,0.0,0.0,0.0,0.0,1.0,0.0,0.0,255,255,1.0,0.0,0.01,0.0,0.0,0.0,0.0,0,123329.0
0,1,22,9,278,7561,0,0,1,0,0,0,0,4,0.0,0.0,0.0,0.0,1.0,0.0,0.0,19,255,1.0,0.0,0.05,0.03,0.0,0.0,0.0,0,28016.0
0,1,22,9,316,367,0,0,1,0,0,0,0,22,0.0,0.0,0.0,0.0,1.0,0.0,0.0,255,255,1.0,0.0,0.0,0.0,0.0,0.0,0.0,0,38442.0
0,1,22,1,0,0,0,0,0,0,0,0,0,1,0.0,0.0,1.0,1.0,1.0,0.0,1.0,7,247,1.0,0.0,0.14,0.13,0.0,0.0,0.98,0,56852.0
0,1,5,5,0,0,0,0,0,0,0,0,0,119,1.0,1.0,0.0,0.0,0.14,0.06,0.0,255,17,0.07,0.05,0.0,0.0,1.0,1.0,0.0,1,46943.0
0,1,22,9,224,3629,0,0,1,0,0,0,0,2,0.0,0.0,0.0,0.0,1.0,0.0,0.2,255,255,1.0,0.0,0.0,0.0,0.0,0.0,0.0,0,102745.0
0,1,22,9,309,398,0,0,1,0,0,0,0,2,0.0,0.0,0.0,0.0,1.0,0.0,0.8,255,255,1.0,0.0,0.0,0.0,0.0,0.0,0.0,0,36008.0
0,1,46,1,0,0,0,0,0,0,0,0,0,213,0.06,0.0,0.88,1.0,0.0,1.0,0.0,255,1,0.0,0.84,0.0,0.0,0.05,0.0,1.0,1,79470.0
0,1,46,5,0,0,0,0,0,0,0,0,0,97,1.0,1.0,0.0,0.0,0.09,0.07,0.0,255,5,0.02,0.06,0.0,0.0,1.0,1.0,0.0,1,71950.0
279,1,22,9,232,260,0,0,1,0,0,0,0,7,0.0,0.0,0.0,0.0,1.0,0.0,0.0,255,243,0.95,0.01,0.0,0.0,0.03,0.03,0.0,0,112764.0
0,1,22,9,371,7931,0,0,1,0,0,0,0,18,0.0,0.0,0.0,0.0,1.0,0.0,0.0,255,255,1.0,0.0,0.0,0.0,0.0,0.0,0.0,0,48255.0
0,1,22,9,276,342,0,0,1,0,0,0,0,5,0.0,0.0,0.0,0.0,1.0,0.0,0.06,78,255,1.0,0.0,0.01,0.02,0.0,0.0,0.0,0,36158.0
0,1,22,9,352,720,0,0,1,0,0,0,0,4,0.0,0.0,0.0,0.0,1.0,0.0,0.0,141,255,1.0,0.0,0.01,0.03,0.0,0.0,0.0,0,117100.0
0,1,19,5,0,0,0,0,0,0,0,0,0,76,1.0,1.0,0.0,0.0,0.25,0.05,0.0,255,59,0.23,0.03,0.02,0.0,1.0,1.0,0.0,1,50099.0
2,1,51,9,988,326,0,0,1,0,0,0,0,1,0.0,0.0,0.0,0.0,1.0,0.0,1.0,255,143,0.56,0.06,0.0,0.0,0.02,0.02,0.0,0,103980.0
0,1,51,9,917,333,0,0,1,0,0,0,0,1,0.0,0.0,0.0,0.0,1.0,0.0,1.0,80,168,0.69,0.06,0.01,0.02,0.0,0.0,0.0,0,40923.0
0,1,51,9,125,236,0,0,1,0,0,0,0,1,0.0,0.0,0.0,0.0,1.0,0.0,0.0,90,81,0.22,0.79,0.01,0.02,0.0,0.0,0.0,0,7170.0
0,2,11,9,45,126,0,0,0,0,0,0,0,67,0.0,0.0,0.0,0.0,1.0,0.0,0.01,255,254,1.0,0.01,0.0,0.0,0.0,0.0,0.0,0,93963.0
0,1,2,5,0,0,0,0,0,0,0,0,0,271,1.0,1.0,0.0,0.0,0.01,0.06,0.0,255,2,0.01,0.06,0.0,0.0,1.0,1.0,0.0,1,73673.0
0,2,46,9,1,0,0,0,0,0,0,0,0,8,0.0,0.0,0.0,0.0,0.25,0.38,0.0,255,22,0.09,0.71,0.38,0.0,0.01,0.0,0.0,1,57035.0
0,1,19,5,0,0,0,0,0,0,0,0,0,243,1.0,1.0,0.0,0.0,0.01,0.06,0.0,255,20,0.08,0.07,0.0,0.0,1.0,1.0,0.0,1,47783.0
0,1,12,5,0,0,0,0,0,0,0,0,0,212,1.0,1.0,0.0,0.0,0.07,0.06,0.0,255,14,0.05,0.07,0.0,0.0,1.0,1.0,0.0,1,22093.0
0,1,19,9,175337,0,0,0,0,0,0,0,0,1,0.0,0.0,0.0,0.0,1.0,0.0,0.0,234,82,0.35,0.03,0.35,0.0,0.0,0.0,0.0,0,77047.0
0,0,14,9,1032,0,0,0,0,0,0,0,0,511,0.0,0.0,0.0,0.0,1.0,0.0,0.0,255,61,0.24,0.02,0.24,0.0,0.02,0.0,0.0,1,105545.0
0,1,22,9,195,39751,0,0,1,0,0,0,0,2,0.0,0.0,0.0,0.0,1.0,0.0,0.0,45,255,1.0,0.0,0.02,0.05,0.0,0.0,0.0,0,2932.0
0,0,14,9,1032,0,0,0,0,0,0,0,0,510,0.0,0.0,0.0,0.0,1.0,0.0,0.0,255,9,0.04,0.18,0.04,0.0,0.0,0.0,0.0,1,67821.0
0,1,22,9,227,3552,0,0,1,0,0,0,0,10,0.0,0.0,0.0,0.0,1.0,0.0,0.1,103,255,1.0,0.0,0.01,0.03,0.0,0.0,0.0,0,11853.0
1,1,51,9,1212,336,0,0,1,0,0,0,0,1,0.0,0.0,0.0,0.0,1.0,0.0,1.0,85,183,0.71,0.05,0.01,0.01,0.0,0.01,0.0,0,13059.0
12873,1,41,4,1,0,0,0,0,0,0,0,0,2,0.0,0.0,1.0,1.0,1.0,0.0,0.0,255,2,0.01,0.67,1.0,0.0,0.0,0.0,1.0,1,101879.0
0,1,22,9,233,2507,0,0,1,0,0,0,0,6,0.0,0.0,0.0,0.0,1.0,0.0,0.0,255,251,0.98,0.01,0.0,0.0,0.0,0.0,0.0,0,77119.0
0,1,46,5,0,0,0,0,0,0,0,0,0,171,1.0,1.0,0.0,0.0,0.04,0.07,0.0,255,7,0.03,0.06,0.0,0.0,1.0,1.0,0.0,1,43165.0
0,1,46,5,0,0,0,0,0,0,0,0,0,234,1.0,1.0,0.0,0.0,0.0,0.06,0.0,255,20,0.08,0.06,0.0,0.0,1.0,1.0,0.0,1,36631.0
0,1,51,5,0,0,0,0,0,0,0,0,0,285,1.0,1.0,0.0,0.0,0.07,0.06,0.0,255,20,0.08,0.06,0.0,0.0,1.0,1.0,0.0,1,113615.0
0,1,22,9,338,200,0,2,1,0,0,0,0,1,0.0,0.0,0.0,0.0,1.0,0.0,1.0,255,255,1.0,0.0,0.0,0.0,0.0,0.0,0.01,0,70296.0
0,1,22,9,213,381,0,0,1,0,0,0,0,6,0.0,0.0,0.0,0.0,1.0,0.0,0.15,255,255,1.0,0.0,0.0,0.0,0.0,0.0,0.0,0,105466.0
0,1,26,1,0,0,0,0,0,0,0,0,0,207,0.0,0.0,1.0,1.0,0.01,0.07,0.0,255,2,0.01,0.07,0.0,0.0,0.0,0.0,1.0,1,32646.0
0,1,22,9,246,2169,0,0,1,0,0,0,0,3,0.0,0.0,0.0,0.0,1.0,0.0,0.0,41,255,1.0,0.0,0.02,0.04,0.0,0.0,0.0,0,56119.0
0,1,36,5,0,0,0,0,0,0,0,0,0,286,1.0,1.0,0.0,0.0,0.07,0.06,0.0,255,1,0.0,0.08,0.0,0.0,1.0,1.0,0.0,1,5340.0
0,1,19,5,0,0,0,0,0,0,0,0,0,149,1.0,1.0,0.0,0.0,0.13,0.05,0.0,255,10,0.04,0.07,0.0,0.0,1.0,1.0,0.0,1,9144.0
0,1,22,9,285,1994,0,0,1,0,0,0,0,7,0.0,0.0,0.0,0.0,1.0,0.0,0.25,40,255,1.0,0.0,0.03,0.03,0.0,0.0,0.0,0,110150.0
0,1,46,1,0,0,0,0,0,0,0,0,0,91,0.0,0.0,1.0,1.0,0.18,0.07,0.0,255,16,0.06,0.05,0.0,0.0,0.0,0.0,1.0,1,28867.0
0,1,19,9,334,0,0,0,1,0,0,0,0,1,0.0,0.0,0.0,0.0,1.0,0.0,0.0,1,35,1.0,0.0,1.0,0.2,0.0,0.0,0.0,1,92535.0
0,0,14,9,64,0,0,0,0,0,0,0,0,1,0.0,0.0,0.0,0.0,1.0,0.0,0.0,88,1,0.01,0.05,0.01,0.0,0.0,0.0,0.0,0,69847.0
0,1,22,9,202,1497,0,0,1,0,0,0,0,12,0.0,0.0,0.0,0.0,1.0,0.0,0.0,12,255,1.0,0.0,0.08,0.03,0.0,0.0,0.0,0,21644.0
25,1,18,9,322,1054,0,6,1,0,0,0,0,2,0.0,0.0,0.0,0.0,0.5,1.0,0.0,118,19,0.16,0.05,0.01,0.0,0.0,0.0,0.0,0,67703.0
0,0,13,9,8,0,0,0,0,0,0,0,0,1,0.0,0.0,0.0,0.0,1.0,0.0,1.0,2,255,1.0,0.0,1.0,0.25,0.0,0.0,0.0,1,115206.0
0,1,22,9,286,276,0,0,1,0,0,0,0,6,0.0,0.0,0.0,0.0,1.0,0.0,0.1,255,255,1.0,0.0,0.0,0.0,0.0,0.0,0.0,0,73542.0
0,1,19,9,15,0,0,0,1,0,0,0,0,1,0.0,0.0,0.0,0.0,1.0,0.0,0.0,21,62,0.38,0.14,0.38,0.03,0.0,0.0,0.0,0,96527.0
0,1,18,2,0,0,0,0,0,0,0,0,0,221,0.0,0.0,1.0,1.0,0.05,0.06,0.0,255,11,0.04,0.07,0.0,0.0,0.0,0.0,1.0,1,6765.0
0,2,11,9,44,126,0,0,0,0,0,0,0,78,0.0,0.0,0.0,0.0,1.0,0.0,0.01,255,210,0.82,0.01,0.0,0.0,0.0,0.0,0.0,0,66038.0
0,2,11,9,43,71,0,0,0,0,0,0,0,138,0.0,0.0,0.0,0.0,1.0,0.0,0.0,255,254,1.0,0.01,0.0,0.0,0.0,0.0,0.0,0,19298.0
0,1,4,5,0,0,0,0,0,0,0,0,0,225,1.0,1.0,0.0,0.0,0.03,0.06,0.0,255,14,0.05,0.07,0.0,0.0,1.0,1.0,0.0,1,47956.0
0,1,46,1,0,0,0,0,0,0,0,0,0,276,0.0,0.0,1.0,1.0,0.03,0.06,0.0,255,23,0.09,0.07,0.0,0.0,0.0,0.0,1.0,1,24178.0
0,1,22,9,194,8163,0,0,1,0,0,0,0,24,0.0,0.0,0.0,0.0,1.0,0.0,0.06,24,255,1.0,0.0,0.04,0.04,0.0,0.01,0.01,0,11635.0
0,1,22,9,229,861,0,0,1,0,0,0,0,27,0.0,0.0,0.0,0.0,1.0,0.0,0.09,255,255,1.0,0.0,0.0,0.0,0.0,0.0,0.0,0,24390.0
0,1,46,5,0,0,0,0,0,0,0,0,0,223,1.0,1.0,0.0,0.0,0.05,0.06,0.0,255,12,0.05,0.09,0.0,0.0,1.0,1.0,0.0,1,13002.0
0,2,11,9,44,110,0,0,0,0,0,0,0,83,0.0,0.0,0.0,0.0,1.0,0.0,0.01,255,249,0.98,0.01,0.0,0.0,0.0,0.0,0.0,0,69485.0
0,1,22,9,366,269,0,0,1,0,0,0,0,11,0.0,0.0,0.0,0.0,1.0,0.0,0.0,255,255,1.0,0.0,0.0,0.0,0.0,0.0,0.0,0,111192.0
0,0,13,9,8,0,0,0,0,0,0,0,0,1,0.0,0.0,0.0,0.0,1.0,0.0,1.0,2,118,1.0,0.0,1.0,0.5,0.0,0.0,0.0,1,46894.0
0,1,19,9,12,0,0,0,1,0,0,0,0,2,0.0,0.0,0.0,0.0,1.0,0.0,0.0,75,73,0.47,0.05,0.47,0.03,0.04,0.0,0.0,0,22482.0
0,0,13,9,18,0,0,0,0,0,0,0,0,1,0.0,0.0,0.0,0.0,1.0,0.0,0.0,1,164,1.0,0.0,1.0,1.0,0.0,0.0,0.0,1,86646.0
0,1,64,5,0,0,0,0,0,0,0,0,0,201,1.0,1.0,0.0,0.0,0.09,0.06,0.0,255,18,0.07,0.07,0.0,0.0,1.0,1.0,0.0,1,206.0
0,1,22,9,313,29623,0,0,1,0,0,0,0,2,0.0,0.0,0.0,0.0,1.0,0.0,0.0,2,255,1.0,0.0,0.5,0.06,0.0,0.0,0.0,0,8087.0
0,1,57,5,0,0,0,0,0,0,0,0,0,295,1.0,1.0,0.0,0.0,0.06,0.05,0.0,255,19,0.07,0.07,0.0,0.0,1.0,1.0,0.0,1,107195.0
0,1,64,5,0,0,0,0,0,0,0,0,0,214,1.0,1.0,0.0,0.0,0.07,0.06,0.0,255,14,0.05,0.07,0.0,0.0,1.0,1.0,0.0,1,99588.0
0,1,46,5,0,0,0,0,0,0,0,0,0,8,1.0,1.0,0.0,0.0,0.62,0.25,0.0,255,10,0.04,0.08,0.0,0.0,1.0,1.0,0.0,1,111659.0
0,1,22,9,301,1411,0,0,1,0,0,0,0,18,0.0,0.0,0.0,0.0,1.0,0.0,0.0,255,255,1.0,0.0,0.0,0.0,0.0,0.0,0.0,0,55608.0
1,1,51,9,889,334,0,0,1,0,0,0,0,1,0.0,0.0,0.0,0.0,1.0,0.0,0.0,194,142,0.45,0.03,0.01,0.01,0.0,0.0,0.0,0,29428.0
0,1,22,9,296,1649,0,0,1,0,0,0,0,12,0.0,0.0,0.0,0.0,1.0,0.0,0.09,90,255,1.0,0.0,0.01,0.04,0.0,0.0,0.0,0,37840.0
0,0,14,9,520,0,0,0,0,0,0,0,0,105,0.0,0.0,0.0,0.0,1.0,0.0,0.0,255,255,1.0,0.0,1.0,0.0,0.0,0.0,0.0,1,15654.0
0,0,13,9,8,0,0,0,0,0,0,0,0,1,0.0,0.0,0.0,0.0,1.0,0.0,1.0,1,85,1.0,0.0,1.0,0.51,0.0,0.0,0.0,1,48670.0
0,1,22,9,336,3211,0,0,1,0,0,0,0,7,0.0,0.0,0.0,0.0,1.0,0.0,0.22,255,255,1.0,0.0,0.0,0.0,0.0,0.0,0.0,0,12286.0
0,1,46,5,0,0,0,0,0,0,0,0,0,295,1.0,1.0,0.0,0.0,0.05,0.05,0.0,255,1,0.0,0.06,0.0,0.0,1.0,1.0,0.0,1,89155.0
0,1,51,9,790,337,0,0,1,0,0,0,0,1,0.0,0.0,0.0,0.0,1.0,0.0,0.0,80,197,0.81,0.05,0.01,0.01,0.0,0.0,0.0,0,56543.0
0,0,13,9,8,0,0,0,0,0,0,0,0,1,0.0,0.0,0.0,0.0,1.0,0.0,1.0,2,255,1.0,0.0,1.0,0.25,0.0,0.0,0.0,1,17552.0
0,1,22,9,230,12596,0,0,1,0,0,0,0,2,0.0,0.0,0.0,0.0,1.0,0.0,0.0,30,255,1.0,0.0,0.03,0.04,0.0,0.0,0.0,0,3071.0
0,1,22,9,271,8654,0,0,1,0,0,0,0,5,0.0,0.0,0.0,0.0,1.0,0.0,0.0,114,255,1.0,0.0,0.02,0.04,0.0,0.0,0.0,0,22171.0
15,1,3,9,9,38,0,0,1,0,0,0,0,2,0.0,0.0,0.0,0.0,0.5,1.0,0.0,241,9,0.04,0.02,0.0,0.0,0.0,0.0,0.0,0,56113.0
0,1,12,2,0,0,0,0,0,0,0,0,0,267,0.0,0.0,1.0,1.0,0.03,0.06,0.0,255,9,0.04,0.09,0.0,0.0,0.0,0.0,1.0,1,80398.0
0,1,51,9,790,335,0,0,1,0,0,0,0,1,0.0,0.0,0.0,0.0,1.0,0.0,0.0,219,241,0.95,0.01,0.0,0.01,0.0,0.0,0.0,0,78961.0
0,1,5,5,0,0,0,0,0,0,0,0,0,117,1.0,1.0,0.0,0.0,0.02,0.07,0.0,255,15,0.06,0.08,0.0,0.0,1.0,1.0,0.0,1,104246.0
0,1,22,9,294,685,0,0,1,0,0,0,0,11,0.0,0.0,0.0,0.0,1.0,0.0,0.21,255,255,1.0,0.0,0.0,0.0,0.0,0.0,0.0,0,2396.0
0,1,19,9,12241,0,0,0,0,0,0,0,0,12,0.0,0.0,0.0,0.0,1.0,0.0,0.0,159,38,0.24,0.04,0.24,0.0,0.01,0.0,0.0,0,65784.0
0,1,32,5,0,0,0,0,0,0,0,0,0,285,1.0,1.0,0.0,0.0,0.0,0.05,0.0,255,1,0.0,0.05,0.0,0.0,1.0,1.0,0.0,1,108860.0
0,1,46,1,0,0,0,0,0,0,0,0,0,131,0.01,0.0,0.95,1.0,0.01,1.0,0.0,255,1,0.0,0.54,0.0,0.0,0.0,0.0,1.0,1,39097.0
0,1,19,9,383,0,0,0,0,0,0,0,0,2,0.0,0.0,0.0,0.0,1.0,0.0,0.0,255,95,0.37,0.04,0.38,0.0,0.0,0.01,0.0,0,38284.0
0,2,11,9,36,0,0,0,0,0,0,0,0,3,0.0,0.0,0.0,0.0,1.0,0.0,0.0,55,208,1.0,0.0,1.0,0.01,0.0,0.0,0.0,0,80653.0
0,2,11,9,45,45,0,0,0,0,0,0,0,218,0.0,0.0,0.0,0.0,1.0,0.0,0.0,255,255,1.0,0.0,0.01,0.0,0.0,0.0,0.0,0,116660.0
0,2,11,9,45,138,0,0,0,0,0,0,0,170,0.0,0.0,0.0,0.0,0.99,0.01,0.01,172,133,0.77,0.02,0.01,0.0,0.0,0.0,0.0,0,45111.0
0,1,22,9,222,2826,0,0,1,0,0,0,0,19,0.0,0.0,0.0,0.0,1.0,0.0,0.0,19,255,1.0,0.0,0.05,0.02,0.0,0.0,0.0,0,47383.0
0,1,22,9,182,324,0,0,1,0,0,0,0,2,0.0,0.0,0.0,0.0,1.0,0.0,0.0,2,255,1.0,0.0,0.5,0.04,0.0,0.0,0.0,0,12722.0
0,1,24,5,0,0,0,0,0,0,0,0,0,139,1.0,1.0,0.0,0.0,0.14,0.05,0.0,255,19,0.07,0.06,0.0,0.0,1.0,1.0,0.0,1,74663.0
0,1,46,1,0,0,0,0,0,0,0,0,0,2,0.0,0.0,1.0,1.0,0.5,1.0,0.0,255,1,0.0,0.89,0.87,0.0,0.0,0.0,1.0,1,35672.0
1,1,51,9,1007,333,0,0,1,0,0,0,0,1,0.0,0.0,0.0,0.0,1.0,0.0,1.0,84,103,0.74,0.07,0.01,0.02,0.0,0.0,0.0,0,104761.0
0,1,22,9,160,6787,0,0,1,0,0,0,0,2,0.0,0.0,0.0,0.0,1.0,0.0,0.0,16,255,1.0,0.0,0.06,0.04,0.0,0.0,0.0,0,44386.0
0,1,22,9,149,13694,0,0,1,0,0,0,0,1,0.0,0.0,0.0,0.0,1.0,0.0,0.0,15,255,1.0,0.0,0.07,0.07,0.0,0.0,0.0,0,73307.0
0,1,46,5,0,0,0,0,0,0,0,0,0,227,1.0,1.0,0.0,0.0,0.03,0.06,0.0,255,18,0.07,0.07,0.0,0.0,1.0,1.0,0.0,1,120031.0
0,1,22,9,299,882,0,0,1,0,0,0,0,6,0.0,0.0,0.0,0.0,1.0,0.0,0.0,36,255,1.0,0.0,0.03,0.04,0.0,0.0,0.0,0,92512.0
1,1,51,9,2417,330,0,0,1,0,0,0,0,1,0.0,0.0,0.0,0.0,1.0,0.0,1.0,255,176,0.69,0.02,0.0,0.0,0.0,0.0,0.0,0,70484.0
0,0,13,9,8,0,0,0,0,0,0,0,0,1,0.0,0.0,0.0,0.0,1.0,0.0,0.0,1,15,1.0,0.0,1.0,0.53,0.0,0.0,0.0,1,107515.0
0,1,25,5,0,0,0,0,0,0,0,0,0,249,1.0,1.0,0.0,0.0,0.09,0.05,0.0,255,23,0.09,0.05,0.0,0.0,1.0,1.0,0.0,1,49893.0
0,1,51,9,1006,364,0,0,1,0,0,0,0,1,0.0,0.0,0.0,0.0,1.0,0.0,1.0,184,181,0.67,0.03,0.01,0.01,0.01,0.01,0.0,0,3693.0
0,1,22,9,228,2507,0,0,1,0,0,0,0,4,0.0,0.0,0.0,0.0,1.0,0.0,0.05,255,251,0.98,0.01,0.0,0.0,0.0,0.0,0.0,0,87286.0
0,2,11,9,45,127,0,0,0,0,0,0,0,227,0.0,0.0,0.0,0.0,1.0,0.0,0.01,152,113,0.74,0.02,0.01,0.0,0.0,0.0,0.0,0,110218.0
0,1,51,9,593,372,0,0,1,0,0,0,0,1,0.0,0.0,0.0,0.0,1.0,0.0,0.0,56,242,0.89,0.07,0.02,0.01,0.0,0.0,0.0,0,124214.0
0,2,11,9,43,130,0,0,0,0,0,0,0,82,0.0,0.0,0.0,0.0,0.99,0.02,0.01,255,247,0.97,0.01,0.0,0.0,0.0,0.0,0.0,0,68081.0
0,2,11,9,43,76,0,0,0,0,0,0,0,75,0.0,0.0,0.0,0.0,1.0,0.0,0.01,255,212,0.83,0.01,0.0,0.0,0.0,0.0,0.0,0,81822.0
21314,1,46,4,1,0,0,0,0,0,0,0,0,2,0.0,0.0,1.0,1.0,1.0,0.0,0.0,255,2,0.01,0.67,1.0,0.0,0.0,0.0,1.0,1,80440.0
0,0,13,9,8,0,0,0,0,0,0,0,0,1,0.0,0.0,0.0,0.0,1.0,0.0,1.0,2,140,1.0,0.0,1.0,0.5,0.0,0.0,0.0,1,99253.0
0,1,22,9,212,1847,0,0,1,0,0,0,0,11,0.0,0.0,0.0,0.0,1.0,0.0,0.0,118,255,1.0,0.0,0.01,0.02,0.0,0.0,0.0,0,122736.0
0,1,46,1,0,0,0,0,0,0,0,0,0,486,0.06,0.0,0.93,1.0,0.0,1.0,0.0,255,1,0.0,1.0,0.0,0.0,0.08,0.0,1.0,1,18800.0
0,2,11,9,43,74,0,0,0,0,0,0,0,176,0.0,0.0,0.0,0.0,1.0,0.0,0.0,255,254,1.0,0.01,0.0,0.0,0.0,0.0,0.0,0,82019.0
0,2,11,9,45,133,0,0,0,0,0,0,0,228,0.0,0.0,0.0,0.0,1.0,0.01,0.01,230,191,0.83,0.01,0.0,0.0,0.0,0.0,0.0,0,21264.0
0,1,22,9,345,8220,0,0,1,0,0,0,0,6,0.0,0.0,0.0,0.0,1.0,0.0,0.06,59,255,1.0,0.0,0.02,0.04,0.0,0.0,0.0,0,100810.0
0,1,33,5,0,0,0,0,0,0,0,0,0,203,1.0,1.0,0.0,0.0,0.08,0.06,0.0,255,17,0.07,0.07,0.0,0.0,1.0,1.0,0.0,1,125790.0
0,1,55,1,0,0,0,0,0,0,0,0,0,229,0.0,0.0,1.0,1.0,0.07,0.07,0.0,255,15,0.06,0.07,0.0,0.0,0.0,0.0,1.0,1,62008.0
0,1,22,9,227,2507,0,0,1,0,0,0,0,5,0.0,0.0,0.0,0.0,1.0,0.0,0.0,255,240,0.94,0.02,0.0,0.0,0.0,0.0,0.0,0,49940.0
0,1,46,5,0,0,0,0,0,0,0,0,0,83,1.0,1.0,0.0,0.0,0.29,0.05,0.0,255,24,0.09,0.05,0.0,0.0,1.0,1.0,0.0,1,10570.0
0,1,19,9,641,0,0,0,1,0,0,0,0,2,0.0,0.0,0.0,0.0,1.0,0.0,0.0,13,61,0.85,0.15,0.85,0.03,0.0,0.0,0.0,0,68615.0
0,1,22,1,0,0,0,0,0,0,0,0,0,1,0.0,0.0,1.0,1.0,1.0,0.0,0.0,39,255,1.0,0.0,0.03,0.18,0.0,0.0,1.0,0,116032.0
0,1,22,9,344,795,0,0,1,0,0,0,0,2,0.0,0.0,0.0,0.0,1.0,0.0,0.67,234,255,1.0,0.0,0.0,0.01,0.0,0.0,0.0,0,66805.0
0,2,11,9,45,74,0,0,0,0,0,0,0,157,0.0,0.0,0.0,0.0,1.0,0.0,0.0,255,255,1.0,0.0,0.0,0.0,0.0,0.0,0.0,0,87400.0
0,2,41,9,147,0,0,0,0,0,0,0,0,4,0.0,0.0,0.0,0.0,0.25,0.75,0.0,48,1,0.02,0.6,0.85,0.0,0.0,0.0,0.0,0,15659.0
0,1,51,9,790,332,0,0,1,0,0,0,0,1,0.0,0.0,0.0,0.0,1.0,0.0,1.0,54,164,0.61,0.06,0.02,0.02,0.0,0.0,0.0,0,115599.0
0,1,51,9,726,339,0,0,1,0,0,0,0,2,0.0,0.0,0.0,0.0,1.0,0.0,0.0,167,155,0.84,0.03,0.01,0.01,0.0,0.0,0.0,0,23788.0
0,1,22,9,306,342,0,0,1,0,0,0,0,12,0.0,0.0,0.0,0.0,1.0,0.0,0.15,143,255,1.0,0.0,0.01,0.01,0.0,0.0,0.0,0,27480.0
0,1,22,9,315,788,0,0,1,0,0,0,0,17,0.0,0.0,0.0,0.0,1.0,0.0,0.0,52,255,1.0,0.0,0.02,0.05,0.0,0.0,0.0,0,65325.0
0,2,46,9,28,0,3,0,0,0,0,0,0,97,0.0,0.0,0.0,0.0,1.0,0.0,0.0,169,97,0.57,0.02,0.57,0.0,0.0,0.0,0.0,1,97919.0
0,1,46,5,0,0,0,0,0,0,0,0,0,163,1.0,1.0,0.0,0.0,0.03,0.07,0.0,255,15,0.06,0.09,0.0,0.0,1.0,1.0,0.0,1,103996.0
0,1,19,9,383,0,0,0,0,0,0,0,0,2,0.0,0.0,0.0,0.0,1.0,0.0,0.0,10,92,0.3,0.4,0.3,0.02,0.0,0.0,0.0,0,90043.0
0,1,34,5,0,0,0,0,0,0,0,0,0,261,1.0,1.0,0.0,0.0,0.02,0.07,0.0,255,4,0.02,0.07,0.0,0.0,1.0,1.0,0.0,1,91375.0
0,1,22,9,54540,8314,0,2,1,1,0,0,0,5,0.0,0.0,0.0,0.29,1.0,0.0,0.43,156,156,1.0,0.0,0.01,0.0,0.0,0.0,0.06,1,117302.0
0,1,2,5,0,0,0,0,0,0,0,0,0,108,1.0,1.0,0.0,0.0,0.03,0.07,0.0,255,3,0.01,0.09,0.0,0.0,1.0,1.0,0.0,1,102869.0
0,1,18,2,0,0,0,0,0,0,0,0,0,271,0.0,0.0,1.0,1.0,0.02,0.06,0.0,255,6,0.02,0.07,0.0,0.0,0.0,0.0,1.0,1,84714.0
0,1,51,9,676,328,0,0,1,0,0,0,0,1,0.0,0.0,0.0,0.0,1.0,0.0,0.0,119,187,0.73,0.04,0.01,0.01,0.0,0.0,0.0,0,562.0
0,1,46,5,0,0,0,0,0,0,0,0,0,275,1.0,1.0,0.0,0.0,0.02,0.06,0.0,255,5,0.02,0.07,0.0,0.0,1.0,1.0,0.0,1,87942.0
0,1,53,5,0,0,0,0,0,0,0,0,0,94,1.0,1.0,0.0,0.0,0.16,0.06,0.0,255,14,0.05,0.07,0.0,0.0,1.0,1.0,0.0,1,104541.0
0,2,46,9,105,147,0,0,0,0,0,0,0,7,0.0,0.0,0.0,0.0,0.14,0.29,0.0,255,229,0.9,0.01,0.0,0.0,0.0,0.0,0.0,0,67732.0
0,1,19,9,3468,0,0,0,1,0,0,0,0,23,0.0,0.0,0.0,0.0,1.0,0.0,0.0,255,78,0.31,0.02,0.15,0.0,0.63,0.51,0.0,0,63854.0
0,1,22,9,317,1549,0,0,1,0,0,0,0,19,0.0,0.0,0.0,0.0,1.0,0.0,0.1,255,255,1.0,0.0,0.0,0.0,0.0,0.0,0.0,0,97965.0
0,1,22,9,214,12002,0,0,1,0,0,0,0,3,0.0,0.0,0.0,0.0,1.0,0.0,0.0,109,255,1.0,0.0,0.01,0.03,0.01,0.0,0.0,0,112683.0
2,1,60,9,0,4,0,0,0,0,0,0,0,1,0.0,0.0,0.0,0.0,1.0,0.0,0.0,11,11,1.0,0.0,0.09,0.0,0.0,0.0,0.0,0,52187.0
0,1,22,9,241,338,0,1,1,0,0,0,0,4,0.0,0.0,0.0,0.0,1.0,0.0,0.0,255,255,1.0,0.0,0.0,0.0,0.0,0.0,0.0,0,77441.0
0,1,33,1,0,0,0,0,0,0,0,0,0,213,0.0,0.0,1.0,1.0,0.03,0.07,0.0,255,7,0.03,0.07,0.0,0.0,0.0,0.0,1.0,1,119978.0
0,2,11,9,43,134,0,0,0,0,0,0,0,67,0.0,0.0,0.0,0.0,1.0,0.0,0.01,255,254,1.0,0.01,0.0,0.0,0.0,0.0,0.0,0,26064.0
0,1,22,9,333,2617,0,0,1,0,0,0,0,6,0.0,0.0,0.0,0.0,1.0,0.0,0.0,172,255,1.0,0.0,0.01,0.02,0.0,0.0,0.0,0,103828.0
0,1,22,9,208,834,0,0,1,0,0,0,0,11,0.0,0.0,0.0,0.0,1.0,0.0,0.17,11,255,1.0,0.0,0.09,0.05,0.0,0.0,0.0,0,98283.0
0,1,65,5,0,0,0,0,0,0,0,0,0,296,1.0,1.0,0.0,0.0,0.01,0.06,0.0,255,3,0.01,0.07,0.0,0.0,1.0,1.0,0.0,1,71879.0
0,1,46,1,0,0,0,0,0,0,0,0,0,142,0.0,0.0,1.0,1.0,0.11,0.06,0.0,255,31,0.12,0.05,0.0,0.0,0.0,0.0,1.0,1,52991.0
0,1,52,5,0,0,0,0,0,0,0,0,0,163,1.0,1.0,0.0,0.0,0.02,0.08,0.0,255,3,0.01,0.08,0.0,0.0,1.0,1.0,0.0,1,55247.0
0,1,51,9,1143,334,0,0,1,0,0,0,0,1,0.0,0.0,0.0,0.0,1.0,0.0,0.0,84,101,0.39,0.08,0.01,0.02,0.01,0.01,0.0,0,90115.0
0,1,22,9,314,2971,0,0,1,0,0,0,0,26,0.0,0.0,0.0,0.0,1.0,0.0,0.0,255,255,1.0,0.0,0.0,0.0,0.0,0.0,0.0,0,104789.0
297,1,22,9,294,256,0,0,1,0,0,0,0,3,0.0,0.0,0.0,0.0,1.0,0.0,0.0,255,254,1.0,0.01,0.0,0.0,0.0,0.0,0.0,0,53916.0
1,1,51,9,1208,368,0,0,1,0,0,0,0,1,0.0,0.0,0.0,0.0,1.0,0.0,1.0,197,196,0.72,0.02,0.01,0.01,0.0,0.0,0.0,0,95671.0
0,1,22,9,226,1511,0,0,1,0,0,0,0,12,0.0,0.0,0.0,0.0,1.0,0.0,0.0,255,255,1.0,0.0,0.0,0.0,0.0,0.0,0.0,0,37448.0
0,1,22,9,232,1496,0,0,1,0,0,0,0,5,0.0,0.0,0.0,0.0,1.0,0.0,0.33,26,255,1.0,0.0,0.04,0.02,0.0,0.0,0.0,0,67055.0
0,1,46,5,0,0,0,0,0,0,0,0,0,111,1.0,1.0,0.0,0.0,0.08,0.07,0.0,255,9,0.04,0.09,0.0,0.0,1.0,1.0,0.0,1,47767.0
0,1,66,5,0,0,0,0,0,0,0,0,0,223,1.0,1.0,0.0,0.0,0.05,0.05,0.0,255,12,0.05,0.06,0.0,0.0,1.0,1.0,0.0,1,64374.0
0,1,46,1,0,0,0,0,0,0,0,0,0,2,0.0,0.0,1.0,1.0,0.5,1.0,0.0,254,1,0.0,0.13,0.1,0.0,0.0,0.0,1.0,1,3661.0
0,1,3,5,0,0,0,0,0,0,0,0,0,230,1.0,1.0,0.0,0.0,0.03,0.06,0.0,255,7,0.03,0.07,0.0,0.0,1.0,1.0,0.0,1,5709.0
0,1,22,9,322,853,0,0,1,0,0,0,0,24,0.0,0.0,0.0,0.0,1.0,0.0,0.08,255,255,1.0,0.0,0.0,0.0,0.0,0.0,0.0,0,94495.0
0,1,22,9,227,4005,0,0,1,0,0,0,0,19,0.0,0.0,0.0,0.0,1.0,0.0,0.09,255,255,1.0,0.0,0.0,0.0,0.0,0.0,0.0,0,100855.0
0,0,14,9,520,0,0,0,0,0,0,0,0,221,0.0,0.0,0.0,0.0,1.0,0.0,0.0,255,255,1.0,0.0,1.0,0.0,0.0,0.0,0.0,1,82339.0
0,1,22,1,0,0,0,0,0,0,0,0,0,1,0.0,0.0,1.0,1.0,1.0,0.0,0.0,22,94,1.0,0.0,0.05,0.04,0.0,0.01,0.99,0,33428.0
9963,1,41,4,1,0,0,0,0,0,0,0,0,2,0.0,0.0,1.0,1.0,1.0,0.0,0.0,255,2,0.01,0.74,1.0,0.0,0.0,0.0,1.0,1,58910.0
0,1,22,9,315,293,0,0,1,0,0,0,0,17,0.0,0.0,0.0,0.0,1.0,0.0,0.16,34,255,1.0,0.0,0.03,0.05,0.0,0.0,0.0,0,50668.0
0,1,22,1,0,0,0,0,0,0,0,0,0,1,0.0,0.0,1.0,1.0,1.0,0.0,0.0,76,219,1.0,0.0,0.01,0.15,0.0,0.0,1.0,0,58047.0
0,1,46,5,0,0,0,0,0,0,0,0,0,260,1.0,1.0,0.0,0.0,0.04,0.05,0.0,255,11,0.04,0.08,0.0,0.0,1.0,1.0,0.0,1,119360.0
0,1,22,5,0,0,0,0,0,0,0,0,0,2,0.5,0.5,0.0,0.0,1.0,0.0,0.0,13,255,1.0,0.0,0.15,0.05,0.08,0.01,0.0,0,105228.0
0,0,14,9,1032,0,0,0,0,0,0,0,0,511,0.0,0.0,0.0,0.0,1.0,0.0,0.0,255,153,0.6,0.01,0.6,0.0,0.0,0.0,0.0,1,75347.0
0,0,14,9,1032,0,0,0,0,0,0,0,0,311,0.0,0.0,0.0,0.0,1.0,0.0,0.0,255,255,1.0,0.0,1.0,0.0,0.0,0.0,0.0,1,2327.0
0,2,11,9,43,69,0,0,0,0,0,0,0,131,0.0,0.0,0.0,0.0,1.0,0.0,0.02,255,225,0.88,0.01,0.0,0.0,0.0,0.0,0.0,0,119211.0
0,1,26,1,0,0,0,0,0,0,0,0,0,177,0.0,0.0,1.0,1.0,0.06,0.07,0.0,255,11,0.04,0.07,0.0,0.0,0.0,0.0,1.0,1,24976.0
0,1,22,9,222,5834,0,0,1,0,0,0,0,3,0.0,0.0,0.0,0.0,1.0,0.0,0.0,255,255,1.0,0.0,0.0,0.0,0.0,0.0,0.0,0,906.0
0,0,13,9,18,0,0,0,0,0,0,0,0,1,0.0,0.0,0.0,0.0,1.0,0.0,0.0,1,235,1.0,0.0,1.0,1.0,0.0,0.0,0.0,1,114864.0
0,1,60,5,0,0,0,0,0,0,0,0,0,213,1.0,1.0,0.0,0.0,0.06,0.06,0.0,255,13,0.05,0.07,0.0,0.0,1.0,1.0,0.0,1,49487.0
0,1,22,9,268,22835,0,0,1,0,0,0,0,7,0.0,0.0,0.0,0.0,1.0,0.0,0.0,255,255,1.0,0.0,0.0,0.0,0.0,0.0,0.0,0,43802.0
0,1,41,1,0,0,0,0,0,0,0,0,0,457,0.08,0.0,0.92,1.0,0.0,1.0,0.0,255,1,0.0,1.0,0.0,0.0,0.06,0.0,1.0,1,9537.0
0,1,46,5,0,0,0,0,0,0,0,0,0,133,0.99,1.0,0.0,0.0,0.05,0.07,0.0,255,7,0.03,0.06,0.0,0.0,1.0,1.0,0.0,1,96652.0
0,1,22,9,324,7564,0,0,1,0,0,0,0,2,0.5,0.5,0.0,0.0,1.0,0.0,0.0,255,255,1.0,0.0,0.0,0.0,0.0,0.0,0.0,0,103969.0
0,1,46,5,0,0,0,0,0,0,0,0,0,243,1.0,1.0,0.0,0.0,0.06,0.06,0.0,255,14,0.05,0.08,0.0,0.0,1.0,1.0,0.0,1,75582.0
0,1,22,9,234,675,0,0,1,0,0,0,0,8,0.0,0.0,0.0,0.0,1.0,0.0,0.0,255,255,1.0,0.0,0.0,0.0,0.0,0.0,0.0,0,48489.0
0,1,22,9,305,2698,0,0,1,0,0,0,1,3,0.0,0.0,0.0,0.25,1.0,0.0,0.5,255,251,0.98,0.01,0.0,0.0,0.0,0.0,0.0,0,950.0
1,1,51,9,733,374,0,0,1,0,0,0,0,1,0.0,0.0,0.0,0.0,1.0,0.0,1.0,166,165,0.6,0.02,0.01,0.01,0.0,0.0,0.0,0,52516.0
0,1,17,5,0,0,0,0,0,0,0,0,0,29,1.0,1.0,0.0,0.0,0.31,0.07,0.0,71,13,0.13,0.06,0.06,0.15,0.97,0.69,0.0,1,17622.0
3,1,51,9,889,328,0,0,1,0,0,0,0,1,0.0,0.0,0.0,0.0,1.0,0.0,1.0,192,192,0.8,0.02,0.01,0.01,0.0,0.0,0.0,0,75264.0
0,1,56,5,0,0,0,0,0,0,0,0,0,238,1.0,1.0,0.0,0.0,0.05,0.07,0.0,255,11,0.04,0.07,0.0,0.0,1.0,1.0,0.0,1,15569.0
0,1,46,1,0,0,0,0,0,0,0,0,0,75,0.0,0.0,0.93,1.0,0.01,1.0,0.0,200,1,0.0,0.43,0.0,0.0,0.0,0.0,1.0,1,27277.0
0,0,14,9,1032,0,0,0,0,0,0,0,0,511,0.0,0.0,0.0,0.0,1.0,0.0,0.0,255,168,0.66,0.02,0.66,0.0,0.0,0.0,0.0,1,90465.0
0,1,46,5,0,0,0,0,0,0,0,0,0,182,1.0,1.0,0.0,0.0,0.1,0.06,0.0,255,5,0.02,0.09,0.0,0.0,1.0,1.0,0.0,1,80928.0
0,1,46,5,0,0,0,0,0,0,0,0,0,125,1.0,1.0,0.0,0.0,0.06,0.06,0.0,255,26,0.1,0.05,0.0,0.0,1.0,1.0,0.0,1,72493.0
0,1,65,1,0,0,0,0,0,0,0,0,0,176,0.0,0.0,1.0,1.0,0.06,0.07,0.0,255,11,0.04,0.09,0.0,0.0,0.0,0.0,1.0,1,11862.0
0,1,22,9,303,2507,0,0,1,0,0,0,0,6,0.0,0.0,0.0,0.0,1.0,0.0,0.05,255,237,0.93,0.01,0.0,0.0,0.0,0.0,0.0,0,37966.0
0,1,22,9,256,880,0,0,1,0,0,0,0,15,0.0,0.0,0.0,0.0,1.0,0.0,0.0,55,255,1.0,0.0,0.02,0.03,0.0,0.0,0.0,0,116966.0
0,1,51,9,1134,327,0,0,1,0,0,0,0,1,0.0,0.0,0.0,0.0,1.0,0.0,1.0,163,162,0.82,0.03,0.01,0.01,0.0,0.0,0.0,0,36775.0
0,1,22,9,208,4687,0,0,1,0,0,0,0,11,0.0,0.0,0.0,0.0,1.0,0.0,0.15,255,255,1.0,0.0,0.0,0.0,0.0,0.0,0.0,0,78149.0
0,1,20,5,0,0,0,0,0,0,0,0,0,150,1.0,1.0,0.0,0.0,0.13,0.06,0.0,255,1,0.0,0.07,0.0,0.0,1.0,1.0,0.0,1,19570.0
6150,2,41,9,146,105,0,0,0,0,0,0,0,1,0.0,0.0,0.0,0.0,1.0,0.0,0.0,255,2,0.01,0.6,0.88,0.0,0.0,0.0,0.0,0,100701.0
432,1,57,9,241,1237,0,0,1,1,0,0,0,2,0.0,0.0,0.5,0.0,0.5,1.0,0.0,255,32,0.13,0.06,0.0,0.0,0.67,0.41,0.12,0,10833.0
0,1,22,9,226,1380,0,0,1,0,0,0,0,3,0.0,0.0,0.0,0.0,1.0,0.0,0.0,255,250,0.98,0.01,0.0,0.0,0.0,0.0,0.0,0,56534.0
0,1,46,5,0,0,0,0,0,0,0,0,0,5,1.0,1.0,0.0,0.0,0.4,0.4,0.0,255,14,0.05,0.07,0.0,0.0,1.0,1.0,0.0,1,29729.0
0,1,46,5,0,0,0,0,0,0,0,0,0,33,1.0,1.0,0.0,0.0,0.18,0.12,0.0,255,6,0.02,0.07,0.0,0.0,1.0,1.0,0.0,1,15120.0
0,1,22,9,223,3785,0,0,1,0,0,0,0,2,0.0,0.0,0.0,0.0,1.0,0.0,0.17,53,255,1.0,0.0,0.02,0.01,0.0,0.0,0.0,0,107783.0
0,1,17,9,6,135,0,0,0,0,0,0,0,1,0.0,0.0,0.0,0.0,1.0,0.0,0.0,60,10,0.07,0.03,0.02,0.2,0.0,0.0,0.0,0,22563.0
0,1,19,9,59,0,0,0,1,0,0,0,0,12,0.0,0.0,0.0,0.0,1.0,0.0,0.0,255,88,0.35,0.02,0.35,0.0,0.0,0.0,0.0,0,30404.0
0,1,57,2,126,179,0,1,0,0,0,0,0,2,0.0,0.0,1.0,1.0,1.0,0.0,0.0,35,35,1.0,0.0,0.03,0.0,0.06,0.06,0.94,0,125065.0
0,0,13,9,8,0,0,0,0,0,0,0,0,1,0.0,0.0,0.0,0.0,1.0,0.0,1.0,4,28,1.0,0.0,1.0,0.25,0.0,0.0,0.0,1,69994.0
0,1,28,5,0,0,0,0,0,0,0,0,0,131,1.0,1.0,0.0,0.0,0.02,0.06,0.0,255,2,0.01,0.06,0.0,0.0,1.0,1.0,0.0,1,53372.0
0,1,22,5,0,0,0,0,0,0,0,0,0,46,1.0,1.0,0.0,0.0,0.26,0.09,0.0,255,52,0.2,0.03,0.02,0.0,1.0,1.0,0.0,1,21235.0
0,1,46,1,0,0,0,0,0,0,0,0,0,263,0.08,0.0,0.87,1.0,0.0,1.0,0.0,255,1,0.0,1.0,0.0,0.0,0.08,0.0,1.0,1,62872.0
0,0,14,9,1032,0,0,0,0,0,0,0,0,404,0.0,0.0,0.0,0.0,1.0,0.0,0.0,255,255,1.0,0.0,1.0,0.0,0.0,0.0,0.0,1,63672.0
0,1,46,5,0,0,0,0,0,0,0,0,0,93,1.0,1.0,0.0,0.0,0.17,0.05,0.0,255,1,0.0,0.07,0.0,0.0,1.0,1.0,0.0,1,12784.0
0,1,22,9,455,296,0,0,1,0,0,0,0,5,0.0,0.0,0.0,0.0,1.0,0.0,0.33,255,255,1.0,0.0,0.0,0.0,0.0,0.0,0.0,0,44536.0
0,2,11,9,44,79,0,0,0,0,0,0,0,66,0.0,0.0,0.0,0.0,1.0,0.0,0.0,255,254,1.0,0.01,0.0,0.0,0.0,0.0,0.0,0,17543.0
0,1,46,5,0,0,0,0,0,0,0,0,0,289,1.0,1.0,0.0,0.0,0.01,0.05,0.0,255,2,0.01,0.06,0.0,0.0,1.0,1.0,0.0,1,101621.0
0,1,22,9,305,1242,0,0,1,0,0,0,0,6,0.0,0.0,0.0,0.0,1.0,0.0,0.0,61,255,1.0,0.0,0.02,0.06,0.0,0.0,0.0,0,53769.0
0,1,46,5,0,0,0,0,0,0,0,0,0,122,1.0,1.0,0.0,0.0,0.01,0.07,0.0,255,8,0.03,0.06,0.0,0.0,1.0,1.0,0.0,1,23379.0
0,1,51,9,1193,333,0,0,1,0,0,0,0,1,0.0,0.0,0.0,0.0,1.0,0.0,0.0,37,39,0.97,0.05,0.03,0.05,0.0,0.0,0.05,0,1315.0
0,1,22,9,213,366,0,0,1,0,0,0,0,1,0.0,0.0,0.0,0.0,1.0,0.0,0.0,28,255,1.0,0.0,0.04,0.03,0.0,0.0,0.0,0,35540.0
1530,2,41,9,146,105,0,0,0,0,0,0,0,1,0.0,0.0,0.0,0.0,1.0,0.0,0.0,255,1,0.0,0.63,0.93,0.0,0.0,0.0,0.0,0,3487.0
0,1,63,5,0,0,0,0,0,0,0,0,0,141,1.0,1.0,0.0,0.0,0.08,0.06,0.0,255,4,0.02,0.07,0.0,0.0,1.0,1.0,0.0,1,6763.0
0,1,22,9,305,1001,0,0,1,0,0,0,0,14,0.0,0.0,0.0,0.0,1.0,0.0,0.0,176,255,1.0,0.0,0.01,0.02,0.0,0.0,0.0,0,59180.0
0,1,22,9,314,1994,0,0,1,0,0,0,0,7,0.0,0.0,0.0,0.0,1.0,0.0,0.25,155,255,1.0,0.0,0.01,0.01,0.0,0.0,0.0,0,48484.0
0,1,57,5,0,0,0,0,0,0,0,0,0,46,1.0,1.0,0.0,0.0,0.24,0.09,0.0,255,58,0.23,0.04,0.02,0.0,1.0,1.0,0.0,1,121413.0
0,1,17,5,0,0,0,0,0,0,0,0,0,73,1.0,1.0,0.0,0.0,0.25,0.05,0.0,255,63,0.25,0.02,0.01,0.0,1.0,1.0,0.0,1,57649.0
3316,2,41,9,146,105,0,0,0,0,0,0,0,1,0.0,0.0,0.0,0.0,1.0,0.0,0.0,255,1,0.0,0.78,0.99,0.0,0.0,0.0,0.0,0,89521.0
0,1,22,9,342,9542,0,0,1,0,0,0,0,1,0.0,0.0,0.0,0.0,1.0,0.0,0.5,24,255,1.0,0.0,0.04,0.04,0.0,0.0,0.0,0,18894.0
0,1,22,9,303,2698,0,0,1,0,0,0,1,1,0.0,0.0,0.0,0.0,1.0,0.0,0.29,255,251,0.98,0.01,0.0,0.0,0.0,0.0,0.0,0,5249.0
0,1,22,1,0,0,0,0,0,0,0,0,0,1,0.0,0.0,1.0,1.0,1.0,0.0,0.0,19,192,1.0,0.0,0.05,0.19,0.0,0.0,0.99,0,496.0
0,1,22,9,220,709,0,0,1,0,0,0,0,14,0.0,0.0,0.0,0.0,1.0,0.0,0.0,71,255,1.0,0.0,0.01,0.03,0.0,0.0,0.0,0,29375.0
0,1,19,5,0,0,0,0,0,0,0,0,0,208,1.0,1.0,0.0,0.0,0.07,0.07,0.0,255,15,0.06,0.07,0.0,0.0,1.0,1.0,0.0,1,123448.0
0,1,22,9,224,1228,0,0,1,0,0,0,0,16,0.0,0.0,0.0,0.0,1.0,0.0,0.13,67,255,1.0,0.0,0.01,0.04,0.0,0.0,0.0,0,5241.0
5,1,3,9,10,35,0,0,1,0,0,0,0,13,0.0,0.0,0.0,0.0,0.08,0.15,0.0,185,7,0.03,0.03,0.01,0.29,0.0,0.0,0.0,0,35202.0
0,1,19,5,0,0,0,0,0,0,0,0,0,275,1.0,1.0,0.0,0.0,0.09,0.05,0.0,255,25,0.1,0.05,0.0,0.0,1.0,1.0,0.0,1,23812.0
0,1,20,5,0,0,0,0,0,0,0,0,0,280,1.0,1.0,0.0,0.0,0.07,0.05,0.0,255,20,0.08,0.05,0.0,0.0,1.0,1.0,0.0,1,116130.0
0,0,13,9,8,0,0,0,0,0,0,0,0,1,0.0,0.0,0.0,0.0,1.0,0.0,1.0,2,49,1.0,0.0,1.0,0.51,0.0,0.0,0.0,1,45436.0
0,1,22,5,0,0,0,0,0,0,0,0,0,2,0.5,0.5,0.0,0.0,1.0,0.0,0.0,40,255,1.0,0.0,0.05,0.01,0.03,0.0,0.0,0,42995.0
0,0,14,9,1032,0,0,0,0,0,0,0,0,511,0.0,0.0,0.0,0.0,1.0,0.0,0.0,255,216,0.85,0.02,0.85,0.0,0.0,0.0,0.0,1,102651.0
0,1,22,5,0,0,0,0,0,0,0,0,0,131,1.0,1.0,0.0,0.0,0.18,0.05,0.0,255,21,0.08,0.05,0.0,0.0,1.0,1.0,0.0,1,53309.0
0,1,65,1,0,0,0,0,0,0,0,0,0,217,0.0,0.0,1.0,1.0,0.08,0.07,0.0,255,18,0.07,0.08,0.0,0.0,0.0,0.0,1.0,1,105916.0
0,1,5,1,0,0,0,0,0,0,0,0,0,105,0.0,0.0,1.0,1.0,0.06,0.07,0.0,255,6,0.02,0.05,0.0,0.0,0.0,0.0,1.0,1,54670.0
0,1,46,5,0,0,0,0,0,0,0,0,0,147,1.0,1.0,0.0,0.0,0.17,0.05,0.0,255,25,0.1,0.05,0.0,0.0,1.0,1.0,0.0,1,98553.0
0,1,0,6,1808,6788,0,0,1,0,0,0,0,1,1.0,1.0,0.0,0.0,1.0,0.0,0.0,1,1,1.0,0.0,1.0,0.0,1.0,1.0,0.0,0,121140.0
0,1,46,1,0,0,0,0,0,0,0,0,0,171,0.0,0.0,1.0,1.0,0.04,0.08,0.0,255,7,0.03,0.08,0.0,0.0,0.0,0.0,1.0,1,48801.0
0,1,22,9,316,756,0,0,1,0,0,0,0,16,0.0,0.0,0.0,0.0,1.0,0.0,0.0,19,255,1.0,0.0,0.05,0.02,0.0,0.0,0.0,0,116228.0
0,1,35,5,0,0,0,0,0,0,0,0,0,295,1.0,1.0,0.0,0.0,0.01,0.06,0.0,255,3,0.01,0.07,0.0,0.0,1.0,1.0,0.0,1,31201.0
0,1,19,9,1470,0,0,0,0,0,0,0,0,8,0.0,0.0,0.0,0.0,1.0,0.0,0.0,28,20,0.71,0.07,0.71,0.0,0.0,0.0,0.0,0,5288.0
0,1,22,9,283,1042,0,0,1,0,0,0,0,3,0.0,0.0,0.0,0.0,1.0,0.0,0.43,36,255,1.0,0.0,0.03,0.04,0.0,0.0,0.0,0,58039.0
0,1,19,9,245,0,0,0,1,0,0,1,0,2,0.0,0.0,0.0,0.0,1.0,0.0,0.0,80,44,0.08,0.05,0.08,0.07,0.0,0.0,0.0,0,22613.0
0,1,19,5,0,0,0,0,0,0,0,0,0,238,1.0,1.0,0.0,0.0,0.04,0.06,0.0,255,9,0.04,0.06,0.0,0.0,1.0,1.0,0.0,1,101444.0
0,1,3,5,0,0,0,0,0,0,0,0,0,252,1.0,1.0,0.0,0.0,0.04,0.06,0.0,255,9,0.04,0.08,0.0,0.0,1.0,1.0,0.0,1,46367.0
0,1,51,9,1640,332,0,0,1,0,0,0,0,1,0.0,0.0,0.0,0.0,1.0,0.0,1.0,224,157,0.62,0.02,0.0,0.01,0.0,0.0,0.0,0,47991.0
0,1,17,5,0,0,0,0,0,0,0,0,0,49,1.0,1.0,0.0,0.0,0.22,0.08,0.0,255,63,0.25,0.02,0.01,0.0,1.0,1.0,0.0,1,21979.0
0,1,22,9,289,7560,0,0,1,0,0,0,0,1,0.0,0.0,0.0,0.0,1.0,0.0,0.14,40,255,1.0,0.0,0.03,0.06,0.0,0.0,0.0,0,42328.0
0,1,51,9,1465,334,0,0,1,0,0,0,0,1,0.0,0.0,0.0,0.0,1.0,0.0,0.0,49,130,0.76,0.1,0.02,0.02,0.0,0.0,0.0,0,41002.0
0,1,19,9,12,0,0,0,1,0,0,0,0,1,0.0,0.0,0.0,0.0,1.0,0.0,0.0,44,47,0.55,0.07,0.55,0.04,0.0,0.0,0.0,0,75.0
2,1,51,9,4656,332,0,0,1,0,0,0,0,1,0.0,0.0,0.0,0.0,1.0,0.0,0.0,105,171,0.87,0.04,0.01,0.01,0.0,0.0,0.0,0,65419.0
0,0,13,9,8,0,0,0,0,0,0,0,0,1,0.0,0.0,0.0,0.0,1.0,0.0,1.0,1,13,1.0,0.0,1.0,0.54,0.0,0.0,0.0,1,30360.0
0,0,13,9,30,0,0,0,0,0,0,0,0,1,0.0,0.0,0.0,0.0,1.0,0.0,0.0,215,42,0.2,0.01,0.2,0.0,0.0,0.0,0.0,0,101773.0
0,1,26,5,0,0,0,0,0,0,0,0,0,243,1.0,1.0,0.0,0.0,0.08,0.07,0.0,255,19,0.07,0.07,0.0,0.0,1.0,1.0,0.0,1,11063.0
0,1,22,1,0,0,0,0,0,0,0,0,0,1,0.0,0.0,1.0,1.0,1.0,0.0,0.0,42,247,1.0,0.0,0.02,0.09,0.0,0.0,0.52,0,124321.0
2,1,51,9,900,327,0,0,1,0,0,0,0,1,0.0,0.0,0.0,0.0,1.0,0.0,0.0,66,52,0.79,0.06,0.02,0.0,0.0,0.0,0.0,0,98715.0
0,2,46,9,105,146,0,0,0,0,0,0,0,2,0.0,0.0,0.0,0.0,1.0,0.0,0.0,255,252,0.99,0.01,0.01,0.0,0.0,0.0,0.0,0,1282.0
0,1,46,5,0,0,0,0,0,0,0,0,0,5,1.0,1.0,0.0,0.0,0.4,0.4,0.0,255,7,0.03,0.08,0.0,0.0,1.0,1.0,0.0,1,115500.0
0,2,11,9,45,81,0,0,0,0,0,0,0,161,0.0,0.0,0.0,0.0,0.99,0.01,0.02,255,251,0.98,0.01,0.0,0.0,0.0,0.0,0.0,0,63314.0
0,1,22,9,210,1395,0,0,1,0,0,0,0,25,0.0,0.0,0.0,0.0,1.0,0.0,0.14,255,255,1.0,0.0,0.0,0.0,0.0,0.0,0.0,0,75945.0
0,1,22,9,207,2204,0,0,1,0,0,0,0,2,0.0,0.0,0.0,0.0,1.0,0.0,0.0,62,255,1.0,0.0,0.02,0.05,0.02,0.0,0.0,0,119900.0
0,1,22,9,184,1235,0,0,1,0,0,0,0,13,0.0,0.0,0.0,0.0,1.0,0.0,0.0,34,234,1.0,0.0,0.03,0.01,0.0,0.0,0.0,0,117820.0
0,1,22,1,0,0,0,0,0,0,0,0,0,1,0.0,0.0,1.0,1.0,1.0,0.0,0.0,16,75,1.0,0.0,0.06,0.08,0.0,0.0,1.0,0,111540.0
0,1,17,2,0,0,0,0,0,0,0,0,0,262,0.0,0.0,1.0,1.0,0.02,0.06,0.0,255,6,0.02,0.08,0.0,0.0,0.0,0.0,1.0,1,25404.0
0,1,4,1,0,0,0,0,0,0,0,0,0,280,0.0,0.0,1.0,1.0,0.04,0.06,0.0,255,11,0.04,0.07,0.0,0.0,0.0,0.0,1.0,1,6740.0
0,1,66,1,0,0,0,0,0,0,0,0,0,232,0.0,0.0,1.0,1.0,0.05,0.06,0.0,255,12,0.05,0.07,0.0,0.0,0.0,0.0,1.0,1,24624.0
0,1,28,5,0,0,0,0,0,0,0,0,0,133,1.0,1.0,0.0,0.0,0.17,0.05,0.0,255,23,0.09,0.05,0.0,0.0,1.0,1.0,0.0,1,57372.0
0,2,11,9,46,136,0,0,0,0,0,0,0,91,0.0,0.0,0.0,0.0,1.0,0.0,0.03,255,255,1.0,0.0,0.0,0.0,0.0,0.0,0.0,0,4715.0
0,1,22,9,267,5844,0,0,1,0,0,0,0,6,0.0,0.0,0.0,0.0,1.0,0.0,0.0,70,255,1.0,0.0,0.01,0.01,0.0,0.0,0.0,0,97438.0
1,2,46,9,105,147,0,0,0,0,0,0,0,3,0.0,0.0,0.0,0.0,0.67,0.67,0.0,255,245,0.96,0.01,0.02,0.0,0.0,0.0,0.0,0,10484.0
0,1,19,9,501760,0,0,0,1,0,0,0,0,2,0.0,0.0,0.0,0.0,1.0,0.0,0.0,47,57,0.43,0.04,0.43,0.04,0.0,0.0,0.0,0,46299.0
0,1,57,5,0,0,0,0,0,0,0,0,0,8,1.0,1.0,0.0,0.0,0.62,0.25,0.0,255,25,0.1,0.07,0.0,0.0,1.0,1.0,0.0,1,72417.0
0,0,13,9,8,0,0,0,0,0,0,0,0,1,0.0,0.0,0.0,0.0,1.0,0.0,0.0,3,61,1.0,0.0,1.0,0.26,0.0,0.0,0.0,1,57537.0
0,1,19,9,5891,0,0,0,1,0,0,0,0,18,0.0,0.0,0.0,0.0,1.0,0.0,0.0,24,24,1.0,0.0,1.0,0.0,0.0,0.0,0.0,0,48899.0
0,1,7,5,0,0,0,0,0,0,0,0,0,201,1.0,1.0,0.0,0.0,0.0,0.06,0.0,255,1,0.0,0.08,0.0,0.0,1.0,1.0,0.0,1,5101.0
0,1,20,5,0,0,0,0,0,0,0,0,0,133,1.0,1.0,0.0,0.0,0.16,0.05,0.0,255,12,0.05,0.05,0.0,0.0,1.0,1.0,0.0,1,13116.0
0,1,46,1,0,0,0,0,0,0,0,0,0,105,0.0,0.0,1.0,1.0,0.07,0.07,0.0,255,13,0.05,0.07,0.0,0.0,0.0,0.0,1.0,1,25189.0
0,1,46,5,0,0,0,0,0,0,0,0,0,186,1.0,1.0,0.0,0.0,0.06,0.07,0.0,255,5,0.02,0.08,0.0,0.0,1.0,1.0,0.0,1,94832.0
0,1,46,5,0,0,0,0,0,0,0,0,0,104,1.0,1.0,0.0,0.0,0.03,0.07,0.0,47,3,0.06,0.13,0.02,0.0,1.0,1.0,0.0,1,66556.0
0,1,22,9,218,406,0,0,1,0,0,0,0,10,0.0,0.0,0.0,0.0,1.0,0.0,0.19,255,255,1.0,0.0,0.0,0.0,0.0,0.0,0.0,0,96481.0
0,1,4,5,0,0,0,0,0,0,0,0,0,196,1.0,1.0,0.0,0.0,0.05,0.07,0.0,255,9,0.04,0.07,0.0,0.0,1.0,1.0,0.0,1,53503.0
0,1,27,1,0,0,0,0,0,0,0,0,0,147,0.0,0.0,1.0,1.0,0.14,0.06,0.0,255,20,0.08,0.07,0.0,0.0,0.0,0.0,1.0,1,78087.0
0,1,22,9,250,768,0,0,1,0,0,0,0,1,0.0,0.0,0.0,0.0,1.0,0.0,1.0,255,255,1.0,0.0,0.0,0.0,0.0,0.0,0.0,0,67741.0
0,0,13,9,8,0,0,0,0,0,0,0,0,1,0.0,0.0,0.0,0.0,1.0,0.0,1.0,2,34,1.0,0.0,1.0,0.5,0.0,0.0,0.0,1,70366.0
0,1,22,9,221,37127,0,0,1,0,0,0,0,3,0.0,0.0,0.0,0.0,1.0,0.0,0.5,16,255,1.0,0.0,0.06,0.03,0.0,0.0,0.0,0,8723.0
0,1,7,5,0,0,0,0,0,0,0,0,0,235,1.0,1.0,0.0,0.0,0.02,0.06,0.0,255,3,0.01,0.07,0.0,0.0,1.0,1.0,0.0,1,48776.0
0,0,62,9,181,0,0,0,0,0,0,0,0,2,0.0,0.0,0.0,0.0,0.5,1.0,0.0,255,13,0.05,0.01,0.06,0.0,0.0,0.0,0.0,0,33241.0
0,1,22,9,308,1075,0,0,1,0,0,0,0,7,0.0,0.0,0.0,0.0,1.0,0.0,0.0,255,237,0.93,0.02,0.0,0.0,0.01,0.01,0.0,0,50517.0
0,1,46,5,0,0,0,0,0,0,0,0,0,230,1.0,1.0,0.0,0.0,0.0,0.06,0.0,255,19,0.07,0.06,0.0,0.0,1.0,1.0,0.0,1,102751.0
0,1,19,9,212,0,0,0,0,0,0,0,0,2,0.0,0.0,0.0,0.0,1.0,0.0,0.0,208,63,0.21,0.03,0.21,0.03,0.0,0.0,0.0,0,95038.0
0,1,22,9,252,392,0,0,1,0,0,0,0,19,0.0,0.0,0.0,0.0,1.0,0.0,0.0,255,255,1.0,0.0,0.0,0.0,0.0,0.0,0.0,0,36431.0
0,1,21,5,0,0,0,0,0,0,0,0,0,292,1.0,1.0,0.0,0.0,0.08,0.05,0.0,255,22,0.09,0.05,0.0,0.0,1.0,1.0,0.0,1,108560.0
0,1,22,1,0,0,0,0,0,0,0,0,0,1,0.0,0.0,1.0,1.0,1.0,0.0,1.0,78,182,1.0,0.0,0.01,0.03,0.0,0.0,1.0,0,55044.0
0,1,22,9,209,1965,0,0,1,0,0,0,0,36,0.0,0.0,0.0,0.0,1.0,0.0,0.0,255,255,1.0,0.0,0.0,0.0,0.0,0.0,0.0,0,23291.0
0,1,46,5,0,0,0,0,0,0,0,0,0,228,1.0,1.0,0.0,0.0,0.06,0.08,0.0,255,14,0.05,0.08,0.0,0.0,1.0,1.0,0.0,1,84833.0
0,1,22,9,294,313,0,0,1,0,0,0,0,40,0.0,0.0,0.0,0.0,1.0,0.0,0.0,255,255,1.0,0.0,0.0,0.0,0.0,0.0,0.0,0,94769.0
0,1,48,5,0,0,0,0,0,0,0,0,0,24,1.0,1.0,0.0,0.0,0.08,0.17,0.0,255,3,0.01,0.09,0.0,0.0,1.0,1.0,0.0,1,70890.0
0,1,22,9,337,12097,0,0,1,0,0,0,0,12,0.0,0.0,0.0,0.0,1.0,0.0,0.0,18,255,1.0,0.0,0.06,0.06,0.0,0.0,0.0,0,85535.0
0,1,46,5,0,0,0,0,0,0,0,0,0,132,1.0,1.0,0.0,0.0,0.08,0.06,0.0,255,10,0.04,0.07,0.0,0.0,1.0,1.0,0.0,1,58534.0
0,1,1,1,0,0,0,0,0,0,0,0,0,9,0.0,0.0,0.44,1.0,0.11,1.0,0.0,164,1,0.01,0.09,0.01,0.0,0.01,0.0,1.0,1,13273.0
0,1,22,1,0,0,0,0,0,0,0,0,0,1,0.0,0.0,1.0,0.14,1.0,0.0,0.29,2,3,1.0,0.0,0.5,0.67,0.0,0.0,1.0,0,102035.0
0,1,22,9,177,12635,0,0,1,0,0,0,0,1,0.0,0.0,0.0,0.5,1.0,0.0,1.0,255,245,0.96,0.01,0.0,0.0,0.0,0.0,0.0,0,108384.0
0,1,46,5,0,0,0,0,0,0,0,0,0,121,1.0,1.0,0.0,0.0,0.17,0.06,0.0,255,19,0.07,0.06,0.0,0.0,1.0,1.0,0.0,1,101477.0
0,2,46,9,1,0,0,0,0,0,0,0,0,44,0.0,0.0,0.0,0.0,0.18,0.09,0.0,255,58,0.23,0.21,1.0,0.0,0.0,0.0,0.0,1,101705.0
0,1,19,9,334,0,0,0,1,0,0,0,0,1,0.0,0.0,0.0,0.0,1.0,0.0,0.0,255,83,0.33,0.07,0.35,0.0,0.02,0.05,0.0,1,95646.0
0,1,63,5,0,0,0,0,0,0,0,0,0,129,1.0,1.0,0.0,0.0,0.04,0.06,0.0,255,5,0.02,0.07,0.0,0.0,1.0,1.0,0.0,1,121380.0
0,2,11,9,42,76,0,0,0,0,0,0,0,250,0.0,0.0,0.0,0.0,1.0,0.0,0.0,255,233,0.91,0.01,0.0,0.0,0.0,0.0,0.0,0,45073.0
0,1,57,5,0,0,0,0,0,0,0,0,0,46,1.0,1.0,0.0,0.0,0.2,0.09,0.0,255,63,0.25,0.02,0.01,0.0,1.0,1.0,0.0,1,120304.0
0,1,22,9,271,5733,0,0,1,0,0,0,0,4,0.25,0.25,0.0,0.0,1.0,0.0,0.0,4,255,1.0,0.0,0.25,0.08,0.25,0.0,0.0,0,53330.0
0,1,46,5,0,0,0,0,0,0,0,0,0,27,1.0,1.0,0.0,0.0,0.52,0.11,0.0,255,14,0.05,0.07,0.0,0.0,1.0,1.0,0.0,1,28049.0
0,0,13,9,8,0,0,0,0,0,0,0,0,1,0.0,0.0,0.0,0.0,1.0,0.0,1.0,2,10,1.0,0.0,1.0,0.5,0.0,0.0,0.0,1,20225.0
0,0,13,9,8,0,0,0,0,0,0,0,0,1,0.0,0.0,0.0,0.0,1.0,0.0,1.0,3,187,1.0,0.0,1.0,0.25,0.0,0.0,0.0,1,97245.0
0,2,11,9,46,71,0,0,0,0,0,0,0,64,0.0,0.0,0.0,0.0,1.0,0.0,0.01,255,243,0.95,0.01,0.0,0.0,0.0,0.0,0.0,0,16485.0
0,2,46,9,28,0,3,0,0,0,0,0,0,83,0.0,0.0,0.0,0.0,1.0,0.0,0.0,255,50,0.2,0.01,0.2,0.0,0.0,0.0,0.0,1,103408.0
0,1,22,9,372,8981,0,0,1,0,0,0,0,1,0.0,0.0,0.0,0.0,1.0,0.0,0.0,58,255,1.0,0.0,0.02,0.04,0.0,0.0,0.0,0,109762.0
0,1,51,9,804,369,0,0,1,0,0,0,0,1,0.0,0.0,0.0,0.0,1.0,0.0,0.0,65,41,0.63,0.05,0.02,0.0,0.0,0.0,0.0,0,87846.0
0,2,11,9,46,70,0,0,0,0,0,0,0,240,0.0,0.0,0.0,0.0,1.0,0.0,0.0,255,255,1.0,0.0,0.01,0.0,0.0,0.0,0.0,0,115351.0
0,1,65,1,0,0,0,0,0,0,0,0,0,203,0.0,0.0,1.0,1.0,0.01,0.07,0.0,255,2,0.01,0.07,0.0,0.0,0.0,0.0,1.0,1,2317.0
0,1,22,9,229,14173,0,0,1,0,0,0,0,13,0.0,0.0,0.0,0.0,1.0,0.0,0.2,33,255,1.0,0.0,0.03,0.07,0.0,0.0,0.0,0,39997.0
0,1,35,1,0,0,0,0,0,0,0,0,0,241,0.0,0.0,1.0,1.0,0.07,0.06,0.0,255,17,0.07,0.07,0.0,0.0,0.0,0.0,1.0,1,68518.0
0,1,44,9,35,130,0,0,1,0,0,0,0,1,0.0,0.0,0.0,0.0,1.0,0.0,0.0,96,4,0.01,0.04,0.01,0.5,0.0,0.0,0.0,0,124076.0
0,1,19,9,852,0,0,0,1,0,0,0,0,17,0.0,0.0,0.0,0.0,1.0,0.0,0.0,255,111,0.44,0.02,0.44,0.0,0.0,0.0,0.0,0,18815.0
0,1,46,1,0,0,0,0,0,0,0,0,0,128,0.0,0.0,1.0,1.0,0.14,0.05,0.0,255,18,0.07,0.05,0.0,0.0,0.0,0.0,1.0,1,4240.0
0,1,22,1,0,0,0,0,0,0,0,0,0,1,0.0,0.0,1.0,1.0,1.0,0.0,0.0,7,255,1.0,0.0,0.14,0.07,0.0,0.0,0.89,0,105028.0
2,1,19,9,2194619,0,0,0,1,0,0,0,0,1,0.0,0.0,0.0,0.0,1.0,0.0,0.0,95,62,0.05,0.08,0.05,0.03,0.0,0.0,0.0,0,125463.0
0,1,22,9,213,659,0,0,1,0,0,0,0,23,0.0,0.0,0.0,0.0,1.0,0.0,0.0,255,255,1.0,0.0,0.0,0.0,0.0,0.0,0.0,0,115625.0
1,1,18,9,1254,2451,0,28,1,0,0,0,0,1,0.0,0.0,0.0,0.0,1.0,0.0,0.0,238,66,0.28,0.02,0.0,0.0,0.0,0.0,0.0,0,101064.0
0,1,20,5,0,0,0,0,0,0,0,0,0,268,1.0,1.0,0.0,0.0,0.08,0.05,0.0,255,22,0.09,0.05,0.0,0.0,1.0,1.0,0.0,1,9574.0
0,1,22,9,323,6043,0,0,1,0,0,0,0,1,0.0,0.0,0.0,0.0,1.0,0.0,0.0,1,255,1.0,0.0,1.0,0.04,0.0,0.0,0.0,0,79838.0
0,1,22,9,277,1993,0,0,1,0,0,0,0,4,0.0,0.0,0.0,0.0,1.0,0.0,0.0,184,255,1.0,0.0,0.01,0.02,0.0,0.0,0.0,0,25087.0
0,1,22,1,0,0,0,0,0,0,0,0,0,1,0.0,0.0,1.0,1.0,1.0,0.0,1.0,3,209,1.0,0.0,0.33,0.21,0.0,0.0,1.0,0,92802.0
0,1,22,9,259,115374,0,0,1,0,0,0,0,1,0.0,0.0,0.0,0.0,1.0,0.0,0.0,39,255,1.0,0.0,0.03,0.07,0.0,0.0,0.0,0,16397.0
0,1,46,5,0,0,0,0,0,0,0,0,0,274,1.0,1.0,0.0,0.0,0.05,0.05,0.0,232,13,0.06,0.06,0.0,0.0,0.99,1.0,0.0,1,7113.0
0,1,22,1,0,0,0,0,0,0,0,0,0,1,0.0,0.0,1.0,1.0,1.0,0.0,0.0,46,250,1.0,0.0,0.02,0.14,0.0,0.0,1.0,0,25255.0
0,1,22,9,220,731,0,0,1,0,0,0,0,9,0.0,0.0,0.0,0.0,1.0,0.0,0.12,135,145,1.0,0.0,0.01,0.02,0.01,0.01,0.0,0,123902.0
0,1,51,9,1196,386,0,0,1,0,0,0,0,2,0.0,0.0,0.5,0.0,0.5,1.0,0.0,255,13,0.05,0.09,0.0,0.0,0.85,0.0,0.0,0,50631.0
0,1,22,9,214,2168,0,0,1,0,0,0,0,21,0.0,0.0,0.0,0.0,1.0,0.0,0.0,255,255,1.0,0.0,0.0,0.0,0.0,0.0,0.0,0,80384.0
0,1,21,5,0,0,0,0,0,0,0,0,0,261,1.0,1.0,0.0,0.0,0.01,0.06,0.0,255,3,0.01,0.07,0.0,0.0,1.0,1.0,0.0,1,9879.0
0,1,22,9,293,3542,0,0,1,0,0,0,0,14,0.0,0.0,0.0,0.0,1.0,0.0,0.0,255,255,1.0,0.0,0.0,0.0,0.0,0.0,0.0,0,9439.0
0,1,66,1,0,0,0,0,0,0,0,0,0,274,0.0,0.0,1.0,1.0,0.03,0.06,0.0,255,8,0.03,0.07,0.0,0.0,0.0,0.0,1.0,1,87193.0
0,1,19,5,0,0,0,0,0,0,0,0,0,27,1.0,1.0,0.0,0.0,0.22,0.15,0.0,255,59,0.23,0.03,0.0,0.0,1.0,1.0,0.0,1,112446.0
0,1,63,2,0,0,0,0,0,0,0,0,0,109,0.0,0.0,1.0,1.0,0.05,0.07,0.0,255,5,0.02,0.06,0.0,0.0,0.0,0.0,1.0,1,118966.0
0,1,8,4,0,0,0,0,0,0,0,0,0,1,0.0,0.0,1.0,1.0,1.0,0.0,0.0,111,1,0.01,0.15,0.12,0.0,0.0,0.0,1.0,1,53819.0
0,2,46,9,1,0,0,0,0,0,0,0,0,109,0.0,0.0,0.0,0.0,0.66,0.06,0.0,255,132,0.52,0.05,1.0,0.0,0.0,0.0,0.0,1,113771.0
0,1,22,9,241,389,0,0,1,0,0,0,0,4,0.0,0.0,0.0,0.0,1.0,0.0,0.0,46,255,1.0,0.0,0.02,0.01,0.0,0.0,0.0,0,80916.0
0,1,22,1,0,0,0,0,0,0,0,0,0,1,0.0,0.0,1.0,1.0,1.0,0.0,0.0,1,87,1.0,0.0,1.0,0.22,0.0,0.0,1.0,0,74669.0
0,1,22,5,0,0,0,0,0,0,0,0,0,30,1.0,1.0,0.0,0.0,0.37,0.13,0.0,255,65,0.25,0.02,0.0,0.0,1.0,1.0,0.0,1,88350.0
0,1,22,9,329,2093,0,0,1,0,0,0,0,12,0.0,0.0,0.0,0.0,1.0,0.0,0.0,255,255,1.0,0.0,0.0,0.0,0.0,0.0,0.0,0,66554.0
0,1,22,9,254,380,0,0,1,0,0,0,0,45,0.0,0.0,0.0,0.0,1.0,0.0,0.0,255,255,1.0,0.0,0.0,0.0,0.0,0.0,0.0,0,123052.0
0,1,22,9,215,1680,0,0,1,0,0,0,0,9,0.0,0.0,0.0,0.0,1.0,0.0,0.12,255,255,1.0,0.0,0.0,0.0,0.0,0.0,0.0,0,113978.0
3530,1,41,4,1,0,0,0,0,0,0,0,0,2,0.0,0.0,1.0,1.0,1.0,0.0,0.0,255,2,0.01,0.62,1.0,0.0,0.0,0.0,1.0,1,27444.0
0,1,46,5,0,0,0,0,0,0,0,0,0,122,1.0,1.0,0.0,0.0,0.15,0.07,0.0,255,5,0.02,0.06,0.0,0.0,1.0,1.0,0.0,1,102580.0
0,1,22,5,0,0,0,0,0,0,0,0,0,259,1.0,1.0,0.0,0.0,0.06,0.05,0.0,255,16,0.06,0.07,0.0,0.0,1.0,1.0,0.0,1,73444.0
0,1,6,5,0,0,0,0,0,0,0,0,0,278,1.0,1.0,0.0,0.0,0.06,0.06,0.0,255,17,0.07,0.07,0.0,0.0,1.0,1.0,0.0,1,55867.0
0,1,46,5,0,0,0,0,0,0,0,0,0,13,1.0,1.0,0.0,0.0,0.77,0.23,0.0,255,10,0.04,0.07,0.0,0.0,1.0,1.0,0.0,1,10786.0
0,1,22,9,302,1451,0,0,1,0,0,0,0,9,0.0,0.0,0.0,0.0,1.0,0.0,0.0,45,255,1.0,0.0,0.02,0.05,0.0,0.0,0.0,0,18452.0
0,1,22,9,222,3423,0,0,1,0,0,0,0,3,0.0,0.0,0.0,0.0,1.0,0.0,0.5,165,255,1.0,0.0,0.01,0.04,0.01,0.01,0.01,0,76851.0
0,1,26,5,0,0,0,0,0,0,0,0,0,274,1.0,1.0,0.0,0.0,0.0,0.05,0.0,255,1,0.0,0.05,0.0,0.0,1.0,1.0,0.0,1,83383.0
0,2,11,9,43,136,0,0,0,0,0,0,0,5,0.0,0.0,0.0,0.0,1.0,0.0,0.14,255,255,1.0,0.0,0.0,0.0,0.0,0.0,0.0,0,20790.0
0,1,22,9,214,602,0,0,1,0,0,0,0,1,0.0,0.0,0.0,0.0,1.0,0.0,1.0,255,255,1.0,0.0,0.0,0.0,0.0,0.0,0.0,0,10037.0
1,1,51,9,851,325,0,0,1,0,0,0,0,1,0.0,0.0,0.0,0.0,1.0,0.0,1.0,49,189,0.73,0.08,0.02,0.01,0.0,0.0,0.0,0,5277.0
0,0,13,9,8,0,0,0,0,0,0,0,0,1,0.0,0.0,0.0,0.0,1.0,0.0,1.0,4,204,1.0,0.0,1.0,0.25,0.0,0.0,0.0,1,58035.0
0,1,19,9,276,0,0,0,1,0,0,0,0,12,0.0,0.0,0.0,0.0,1.0,0.0,0.0,187,95,0.38,0.05,0.4,0.02,0.03,0.0,0.0,0,20926.0
0,2,46,9,1,0,0,0,0,0,0,0,0,15,0.0,0.0,0.0,0.0,0.6,0.33,0.0,255,9,0.04,0.78,0.26,0.0,0.1,0.0,0.0,1,1221.0
0,1,46,5,0,0,0,0,0,0,0,0,0,185,0.05,1.0,0.89,0.0,0.01,0.99,0.0,255,1,0.0,0.73,0.0,0.0,0.04,1.0,0.0,1,46056.0
0,1,19,5,0,0,0,0,0,0,0,0,0,208,1.0,1.0,0.0,0.0,0.07,0.06,0.0,255,15,0.06,0.07,0.0,0.0,1.0,1.0,0.0,1,56788.0
0,1,22,9,219,519,0,0,1,0,0,0,0,3,0.0,0.0,0.0,0.0,1.0,0.0,0.5,7,255,1.0,0.0,0.14,0.07,0.0,0.0,0.0,0,19634.0
0,1,46,1,0,0,0,0,0,0,0,0,0,299,0.0,0.0,1.0,1.0,0.06,0.06,0.0,255,17,0.07,0.06,0.0,0.0,0.0,0.0,1.0,1,98958.0
0,1,46,5,0,0,0,0,0,0,0,0,0,103,1.0,1.0,0.0,0.0,0.07,0.08,0.0,255,7,0.03,0.07,0.0,0.0,1.0,1.0,0.0,1,89631.0
1,1,51,9,1232,326,0,0,1,0,0,0,0,1,0.0,0.0,0.0,0.0,1.0,0.0,0.0,255,12,0.05,0.55,0.0,0.0,0.0,0.0,0.0,0,118080.0
0,1,37,5,0,0,0,0,0,0,0,0,0,275,1.0,1.0,0.0,0.0,0.01,0.06,0.0,255,5,0.02,0.08,0.0,0.0,1.0,1.0,0.0,1,69747.0
0,1,60,5,0,0,0,0,0,0,0,0,0,225,1.0,1.0,0.0,0.0,0.07,0.06,0.0,255,13,0.05,0.07,0.0,0.0,1.0,1.0,0.0,1,20569.0
0,1,22,9,231,2507,0,0,1,0,0,0,0,4,0.0,0.0,0.0,0.0,1.0,0.0,0.0,255,249,0.98,0.01,0.0,0.0,0.0,0.0,0.0,0,74770.0
0,1,22,9,146,128,0,0,1,0,0,0,0,1,0.0,0.0,0.0,0.0,1.0,0.0,1.0,3,255,1.0,0.0,0.33,0.04,0.0,0.0,0.02,0,114845.0
0,1,22,9,202,1737,0,0,1,0,0,0,0,6,0.0,0.0,0.0,0.0,1.0,0.0,0.3,18,255,1.0,0.0,0.06,0.07,0.0,0.0,0.0,0,25827.0
0,1,22,9,185,1233,0,0,1,0,0,0,0,8,0.0,0.0,0.0,0.0,1.0,0.0,0.22,27,255,1.0,0.0,0.04,0.04,0.04,0.01,0.0,0,98751.0
1,1,51,9,905,333,0,0,1,0,0,0,0,1,0.0,0.0,0.0,0.0,1.0,0.0,1.0,121,172,0.72,0.03,0.01,0.01,0.0,0.0,0.0,0,113330.0
0,1,5,5,0,0,0,0,0,0,0,0,0,128,1.0,1.0,0.0,0.0,0.08,0.05,0.0,255,9,0.04,0.06,0.0,0.0,1.0,1.0,0.0,1,48118.0
0,1,51,9,2483,329,0,0,1,0,0,0,0,1,0.0,0.0,0.0,0.0,1.0,0.0,0.0,155,132,0.64,0.02,0.01,0.02,0.0,0.0,0.0,0,7275.0
0,1,46,5,0,0,0,0,0,0,0,0,0,210,1.0,1.0,0.0,0.0,0.03,0.05,0.0,14,7,0.5,0.21,0.07,0.0,0.86,1.0,0.0,1,109554.0
0,1,46,1,0,0,0,0,0,0,0,0,0,147,0.0,0.0,1.0,1.0,0.05,0.06,0.0,255,28,0.11,0.07,0.0,0.0,0.0,0.0,1.0,1,74058.0
0,1,22,9,229,5103,0,0,1,0,0,0,0,7,0.0,0.0,0.0,0.0,1.0,0.0,0.25,95,255,1.0,0.0,0.01,0.02,0.0,0.0,0.0,0,14177.0
0,1,22,1,0,0,0,0,0,0,0,0,0,33,0.0,0.0,0.88,0.88,1.0,0.0,0.0,186,197,1.0,0.0,0.01,0.03,0.01,0.01,0.39,0,67232.0
0,1,22,9,304,753,0,0,1,0,0,0,0,11,0.0,0.0,0.0,0.0,1.0,0.0,0.11,255,255,1.0,0.0,0.0,0.0,0.0,0.0,0.0,0,85124.0
0,0,13,9,30,0,0,0,0,0,0,0,0,1,0.0,0.0,0.0,0.0,1.0,0.0,0.0,255,255,1.0,0.0,1.0,0.0,0.0,0.0,0.0,0,33850.0
0,1,22,9,255,3675,0,0,1,0,0,0,0,2,0.0,0.0,0.0,0.0,1.0,0.0,0.0,26,255,1.0,0.0,0.04,0.06,0.0,0.0,0.04,0,29451.0
0,2,46,9,1,0,0,0,0,0,0,0,0,6,0.0,0.0,0.0,0.0,1.0,0.0,0.0,255,6,0.02,0.21,1.0,0.0,0.0,0.0,0.0,1,71149.0
0,1,22,9,214,492,0,0,1,0,0,0,0,4,0.0,0.0,0.0,0.0,1.0,0.0,0.0,36,255,1.0,0.0,0.03,0.04,0.0,0.0,0.0,0,102079.0
0,0,13,9,30,0,0,0,0,0,0,0,0,2,0.0,0.0,0.0,0.0,0.5,1.0,0.0,255,3,0.01,0.01,0.07,0.0,0.0,0.0,0.0,0,111371.0
0,1,60,5,0,0,0,0,0,0,0,0,0,239,1.0,1.0,0.0,0.0,0.07,0.06,0.0,255,5,0.02,0.08,0.0,0.0,1.0,1.0,0.0,1,107798.0
0,1,19,5,0,0,0,0,0,0,0,0,0,24,1.0,1.0,0.0,0.0,0.17,0.08,0.0,255,4,0.02,0.07,0.01,0.0,1.0,1.0,0.0,1,82980.0
0,1,63,5,0,0,0,0,0,0,0,0,0,132,1.0,1.0,0.0,0.0,0.05,0.06,0.0,255,14,0.05,0.07,0.0,0.0,1.0,1.0,0.0,1,39956.0
0,1,19,9,334,0,0,0,1,0,0,0,0,2,0.0,0.0,0.0,0.0,1.0,0.0,0.0,14,49,1.0,0.0,1.0,0.12,0.0,0.02,0.0,1,58412.0
0,1,22,1,0,0,0,0,0,0,0,0,0,1,0.0,0.0,1.0,1.0,1.0,0.0,0.0,13,255,1.0,0.0,0.08,0.07,0.0,0.0,0.97,0,113872.0
0,1,51,9,1596,392,0,0,1,0,0,0,0,1,0.0,0.0,0.0,0.0,1.0,0.0,0.0,36,173,0.72,0.06,0.03,0.01,0.0,0.0,0.0,0,31482.0
0,1,22,9,297,12884,0,0,1,0,0,0,0,5,0.0,0.0,0.0,0.0,1.0,0.0,0.07,255,255,1.0,0.0,0.0,0.0,0.01,0.01,0.0,0,59026.0
0,2,11,9,46,46,0,0,0,0,0,0,0,197,0.0,0.0,0.0,0.0,0.99,0.01,0.0,255,254,1.0,0.01,0.01,0.0,0.0,0.0,0.0,0,80878.0
0,1,22,9,297,555,0,0,1,0,0,0,0,10,0.0,0.0,0.0,0.0,1.0,0.0,0.18,255,255,1.0,0.0,0.0,0.0,0.0,0.0,0.0,0,18580.0
0,1,22,9,311,397,0,0,1,0,0,0,0,17,0.0,0.0,0.0,0.0,1.0,0.0,0.0,255,255,1.0,0.0,0.0,0.0,0.0,0.0,0.0,0,20402.0
0,1,22,9,246,269,0,0,1,0,0,0,0,5,0.0,0.0,0.0,0.0,1.0,0.0,0.0,255,255,1.0,0.0,0.0,0.0,0.0,0.0,0.0,0,42886.0
0,1,19,9,12324,0,0,0,1,0,0,0,1,1,0.0,0.0,0.0,0.0,1.0,0.0,0.0,5,48,1.0,0.0,1.0,0.04,0.0,0.02,0.0,0,43952.0
0,1,46,1,0,0,0,0,0,0,0,0,0,54,0.0,0.0,1.0,1.0,0.19,0.09,0.0,255,10,0.04,0.06,0.0,0.0,0.0,0.0,1.0,1,103089.0
0,1,46,5,0,0,0,0,0,0,0,0,0,115,1.0,1.0,0.0,0.0,0.13,0.05,0.0,255,19,0.07,0.05,0.0,0.0,1.0,1.0,0.0,1,69957.0
0,1,46,5,0,0,0,0,0,0,0,0,0,112,1.0,1.0,0.0,0.0,0.09,0.07,0.0,255,10,0.04,0.09,0.0,0.0,1.0,1.0,0.0,1,53238.0
0,0,13,9,8,0,0,0,0,0,0,0,0,1,0.0,0.0,0.0,0.0,1.0,0.0,1.0,1,65,1.0,0.0,1.0,0.51,0.0,0.0,0.0,1,115491.0
0,2,46,9,1,0,0,0,0,0,0,0,0,39,0.0,0.0,0.0,0.0,0.92,0.05,0.0,255,36,0.14,0.24,1.0,0.0,0.0,0.0,0.0,1,67794.0
0,1,22,9,309,758,0,0,1,0,0,0,0,1,0.0,0.0,0.0,0.0,1.0,0.0,0.8,48,255,1.0,0.0,0.02,0.02,0.02,0.01,0.0,0,11807.0
0,1,19,9,1766,0,0,0,1,0,0,0,0,2,0.0,0.0,0.0,0.0,1.0,0.0,0.0,69,79,0.45,0.04,0.45,0.03,0.03,0.0,0.0,0,109880.0
0,1,22,9,257,3136,0,0,1,0,0,0,0,1,0.0,0.0,0.0,0.0,1.0,0.0,0.0,99,92,0.93,0.02,0.01,0.0,0.0,0.0,0.0,0,10152.0
0,1,19,9,8173,0,0,0,0,0,0,0,0,15,0.0,0.0,0.0,0.0,1.0,0.0,0.0,53,21,0.4,0.06,0.4,0.0,0.0,0.0,0.0,0,115978.0
0,1,27,5,0,0,0,0,0,0,0,0,0,101,1.0,1.0,0.0,0.0,0.17,0.06,0.0,255,17,0.07,0.08,0.0,0.0,1.0,1.0,0.0,1,97171.0
0,1,22,9,235,1380,0,0,1,0,0,0,0,4,0.0,0.0,0.0,0.0,1.0,0.0,0.0,255,255,1.0,0.0,0.0,0.0,0.0,0.0,0.0,0,106911.0
0,1,22,9,224,251,0,0,1,0,0,0,0,8,0.0,0.0,0.0,0.0,1.0,0.0,0.17,57,255,1.0,0.0,0.02,0.02,0.0,0.0,0.03,0,71112.0
1,1,51,9,997,331,0,0,1,0,0,0,0,1,0.0,0.0,0.0,0.0,1.0,0.0,1.0,79,65,0.82,0.04,0.01,0.0,0.0,0.0,0.0,0,92285.0
0,0,13,9,8,0,0,0,0,0,0,0,0,1,0.0,0.0,0.0,0.0,1.0,0.0,1.0,2,62,1.0,0.0,1.0,0.5,0.0,0.0,0.0,1,106670.0
0,1,22,9,211,321,0,0,1,0,0,0,0,11,0.0,0.0,0.0,0.0,1.0,0.0,0.0,11,255,1.0,0.0,0.09,0.01,0.0,0.0,0.0,0,13645.0
0,1,22,9,54540,8314,0,2,1,1,0,0,0,4,0.0,0.0,0.0,0.0,1.0,0.0,0.0,67,67,1.0,0.0,0.01,0.0,0.0,0.0,0.18,1,15544.0
0,1,41,1,0,0,0,0,0,0,0,0,0,509,0.23,0.0,0.76,1.0,0.0,1.0,0.0,255,1,0.0,1.0,0.0,0.0,0.25,0.0,1.0,1,42722.0
0,1,22,9,312,124,0,0,1,0,0,0,0,3,0.0,0.0,0.0,0.0,1.0,0.0,0.28,68,255,1.0,0.0,0.01,0.02,0.0,0.0,0.01,0,14247.0
0,1,46,1,0,0,0,0,0,0,0,0,0,104,0.0,0.0,1.0,1.0,0.17,0.08,0.0,255,18,0.07,0.07,0.0,0.0,0.0,0.0,1.0,1,1049.0
0,1,38,1,0,0,0,0,0,0,0,0,0,84,0.0,0.0,1.0,1.0,0.2,0.07,0.0,255,17,0.07,0.07,0.0,0.0,0.0,0.0,1.0,1,92920.0
0,1,41,1,0,0,0,0,0,0,0,0,0,396,0.09,0.0,0.91,1.0,0.0,1.0,0.0,255,1,0.0,1.0,0.0,0.0,0.11,0.0,1.0,1,102372.0
0,1,22,9,306,365,0,0,1,0,0,0,0,17,0.0,0.0,0.0,0.0,1.0,0.0,0.08,255,255,1.0,0.0,0.0,0.0,0.0,0.0,0.0,0,29579.0
0,0,62,9,78,0,0,0,0,0,0,0,0,19,0.0,0.0,0.0,0.0,0.05,0.11,0.0,255,13,0.05,0.01,0.05,0.0,0.0,0.0,0.0,0,52956.0
0,1,22,9,210,3738,0,0,1,0,0,0,0,6,0.0,0.0,0.0,0.0,1.0,0.0,0.17,6,255,1.0,0.0,0.17,0.03,0.0,0.0,0.0,0,106942.0
0,1,20,5,0,0,0,0,0,0,0,0,0,270,1.0,1.0,0.0,0.0,0.09,0.05,0.0,255,23,0.09,0.05,0.0,0.0,1.0,1.0,0.0,1,32985.0
0,1,22,9,293,1680,0,0,1,0,0,0,0,8,0.0,0.0,0.0,0.0,1.0,0.0,0.17,65,255,1.0,0.0,0.02,0.02,0.02,0.02,0.0,0,82362.0
0,1,22,9,228,1820,0,0,1,0,0,0,0,11,0.0,0.0,0.0,0.0,1.0,0.0,0.0,45,140,1.0,0.0,0.02,0.04,0.0,0.0,0.0,0,107797.0
0,1,46,5,0,0,0,0,0,0,0,0,0,103,1.0,1.0,0.0,0.0,0.15,0.07,0.0,255,7,0.03,0.07,0.0,0.0,1.0,1.0,0.0,1,104912.0
0,1,46,1,0,0,0,0,0,0,0,0,0,1,0.0,0.0,1.0,1.0,1.0,0.0,0.0,70,2,0.01,1.0,0.01,1.0,0.0,0.0,1.0,1,51090.0
0,2,11,9,43,126,0,0,0,0,0,0,0,20,0.0,0.0,0.0,0.0,1.0,0.0,0.02,246,191,0.78,0.02,0.0,0.0,0.0,0.0,0.0,0,89650.0
0,0,13,9,8,0,0,0,0,0,0,0,0,1,0.0,0.0,0.0,0.0,1.0,0.0,1.0,2,142,1.0,0.0,1.0,0.5,0.0,0.0,0.0,1,73359.0
0,2,41,9,1,0,0,0,0,0,0,0,0,40,0.0,0.0,0.0,0.0,0.03,0.2,0.0,255,1,0.0,0.1,0.33,0.0,0.0,0.0,0.0,1,108978.0
0,0,13,9,30,0,0,0,0,0,0,0,0,5,0.0,0.0,0.0,0.0,0.2,0.6,0.0,255,2,0.01,0.01,0.03,0.0,0.0,0.0,0.0,0,77597.0
0,2,11,9,36,0,0,0,0,0,0,0,0,4,0.0,0.0,0.0,0.0,1.0,0.0,0.0,69,214,1.0,0.0,1.0,0.01,0.0,0.0,0.0,0,54756.0
0,1,19,9,190,0,0,0,0,0,0,0,0,1,0.0,0.0,0.0,0.0,1.0,0.0,0.0,255,122,0.48,0.02,0.48,0.0,0.0,0.0,0.0,0,84014.0
0,1,46,5,0,0,0,0,0,0,0,0,0,86,1.0,1.0,0.0,0.0,0.01,0.08,0.0,255,15,0.06,0.06,0.0,0.0,1.0,1.0,0.0,1,71284.0
0,1,22,9,216,893,0,0,1,0,0,0,0,4,0.25,0.25,0.0,0.0,1.0,0.0,0.0,41,255,1.0,0.0,0.02,0.02,0.02,0.0,0.0,0,108885.0
0,1,17,5,0,0,0,0,0,0,0,0,0,8,1.0,1.0,0.0,0.0,1.0,0.0,0.0,68,14,0.12,0.06,0.01,0.14,1.0,0.57,0.0,1,21999.0
0,1,16,5,0,0,0,0,0,0,0,0,0,150,1.0,1.0,0.0,0.0,0.17,0.05,0.0,255,25,0.1,0.05,0.0,0.0,1.0,1.0,0.0,1,26324.0
0,0,14,9,1032,0,0,0,0,0,0,0,0,379,0.0,0.0,0.0,0.0,1.0,0.0,0.0,120,26,0.22,0.06,0.22,0.0,0.02,0.0,0.0,1,73389.0
0,1,30,5,0,0,0,0,0,0,0,0,0,289,1.0,1.0,0.0,0.0,0.05,0.06,0.0,255,14,0.05,0.07,0.0,0.0,1.0,1.0,0.0,1,99528.0
0,1,46,5,0,0,0,0,0,0,0,0,0,142,1.0,1.0,0.0,0.0,0.04,0.06,0.0,255,3,0.01,0.06,0.0,0.0,1.0,1.0,0.0,1,115957.0
0,1,46,1,0,0,0,0,0,0,0,0,0,511,0.11,0.0,0.88,1.0,0.0,1.0,0.0,255,1,0.0,1.0,0.0,0.0,0.09,0.0,1.0,1,90881.0
0,1,22,9,322,11200,0,0,1,0,0,0,0,13,0.0,0.04,0.0,0.0,1.0,0.0,0.17,255,255,1.0,0.0,0.0,0.0,0.0,0.0,0.0,0,125832.0
0,0,13,9,30,0,0,0,0,0,0,0,0,2,0.0,0.0,0.0,0.0,1.0,0.0,0.0,255,2,0.01,0.01,0.07,0.0,0.0,0.0,0.0,0,122670.0
0,1,9,5,0,0,0,0,0,0,0,0,0,117,1.0,1.0,0.0,0.0,0.08,0.06,0.0,255,3,0.01,0.06,0.0,0.0,1.0,1.0,0.0,1,17827.0
0,1,46,1,0,0,0,0,0,0,0,0,0,147,0.0,0.0,1.0,1.0,0.13,0.06,0.0,172,19,0.11,0.06,0.01,0.0,0.0,0.0,1.0,1,97470.0
0,1,19,9,641,0,0,0,1,0,0,0,0,2,0.0,0.0,0.0,0.0,1.0,0.0,0.0,255,113,0.44,0.02,0.44,0.0,0.0,0.0,0.0,0,121873.0
0,1,51,9,2266,326,0,0,1,0,0,0,0,1,0.0,0.0,0.0,0.0,1.0,0.0,0.0,203,111,0.55,0.01,0.0,0.0,0.0,0.0,0.0,0,50638.0
1,1,18,9,1180,2447,0,28,1,0,0,0,0,1,0.0,0.0,0.0,0.0,1.0,0.0,0.0,255,47,0.18,0.02,0.0,0.0,0.04,0.0,0.0,0,95918.0
0,0,13,9,8,0,0,0,0,0,0,0,0,1,0.0,0.0,0.0,0.0,1.0,0.0,1.0,3,79,1.0,0.0,1.0,0.25,0.0,0.0,0.0,1,57141.0
0,1,31,5,0,0,0,0,0,0,0,0,0,143,1.0,1.0,0.0,0.0,0.14,0.06,0.0,255,20,0.08,0.06,0.0,0.0,1.0,1.0,0.0,1,48218.0
0,2,41,9,1,0,0,0,0,0,0,0,0,4,0.0,0.0,0.0,0.0,0.25,0.5,0.0,255,1,0.0,0.2,1.0,0.0,0.0,0.0,0.0,1,42738.0
0,1,46,5,0,0,0,0,0,0,0,0,0,89,1.0,1.0,0.0,0.0,0.07,0.07,0.0,255,7,0.03,0.06,0.0,0.0,1.0,1.0,0.0,1,48436.0
28,1,18,9,1495,4152,0,30,1,0,0,0,0,1,0.0,0.0,0.0,0.0,1.0,0.0,0.0,52,12,0.23,0.12,0.02,0.0,0.0,0.0,0.0,0,24395.0
0,1,22,9,186,4841,0,0,1,0,0,0,0,3,0.0,0.0,0.0,0.0,1.0,0.0,0.14,254,255,1.0,0.0,0.0,0.01,0.0,0.0,0.0,0,117912.0
0,1,64,5,0,0,0,0,0,0,0,0,0,266,1.0,1.0,0.0,0.0,0.02,0.06,0.0,255,15,0.06,0.07,0.0,0.0,1.0,1.0,0.0,1,33137.0
0,1,46,5,0,0,0,0,0,0,0,0,0,108,1.0,1.0,0.0,0.0,0.14,0.06,0.0,255,6,0.02,0.08,0.0,0.0,1.0,1.0,0.0,1,7029.0
0,1,22,9,285,323,0,0,1,0,0,0,0,2,0.5,0.5,0.0,0.0,1.0,0.0,0.0,68,251,1.0,0.0,0.01,0.09,0.01,0.0,0.98,0,115626.0
0,1,22,9,234,17358,0,0,1,0,0,0,0,1,0.0,0.0,0.0,0.0,1.0,0.0,0.0,255,255,1.0,0.0,0.0,0.0,0.0,0.0,0.0,0,94781.0
0,1,22,9,222,3351,0,0,1,0,0,0,0,61,0.0,0.0,0.0,0.0,1.0,0.0,0.03,147,255,1.0,0.0,0.01,0.02,0.0,0.0,0.0,0,5535.0
0,1,46,5,0,0,0,0,0,0,0,0,0,187,1.0,1.0,0.0,0.0,0.03,0.06,0.0,226,6,0.03,0.08,0.0,0.0,0.94,1.0,0.0,1,26761.0
0,1,46,5,0,0,0,0,0,0,0,0,0,202,1.0,1.0,0.0,0.0,0.0,0.07,0.0,255,2,0.01,0.09,0.0,0.0,1.0,1.0,0.0,1,16995.0
0,1,22,5,0,0,0,0,0,0,0,0,0,132,1.0,1.0,0.0,0.0,0.02,0.06,0.0,255,3,0.01,0.07,0.0,0.0,1.0,1.0,0.0,1,110368.0
0,2,46,9,28,0,3,0,0,0,0,0,0,47,0.0,0.0,0.0,0.0,1.0,0.0,0.0,255,147,0.58,0.43,0.58,0.0,0.09,0.0,0.0,1,30597.0
0,1,51,9,1284,329,0,0,1,0,0,0,0,1,0.0,0.0,0.0,0.0,1.0,0.0,0.0,207,149,0.61,0.02,0.0,0.01,0.0,0.0,0.0,0,78145.0
0,0,14,9,1032,0,0,0,0,0,0,0,0,30,0.0,0.0,0.0,0.0,1.0,0.0,0.0,255,30,0.12,0.02,0.12,0.0,0.0,0.0,0.0,1,112751.0
0,1,15,5,0,0,0,0,0,0,0,0,0,145,1.0,1.0,0.0,0.0,0.14,0.06,0.0,255,20,0.08,0.06,0.0,0.0,1.0,1.0,0.0,1,43037.0
0,1,22,9,212,21374,0,0,1,0,0,0,0,18,0.0,0.0,0.0,0.0,1.0,0.0,0.0,68,255,1.0,0.0,0.01,0.02,0.0,0.0,0.0,0,54924.0
0,1,22,9,317,1266,0,0,1,0,0,0,0,8,0.0,0.0,0.0,0.0,1.0,0.0,0.0,34,255,1.0,0.0,0.03,0.05,0.0,0.0,0.0,0,117180.0
0,1,19,9,192,0,0,0,1,0,0,0,0,2,0.0,0.0,0.0,0.0,1.0,0.0,0.0,211,109,0.43,0.03,0.43,0.02,0.0,0.0,0.0,0,113846.0
0,1,22,9,281,644,0,0,1,0,0,0,0,3,0.33,0.33,0.0,0.0,1.0,0.0,0.0,8,255,1.0,0.0,0.12,0.04,0.12,0.0,0.0,0,41501.0
0,1,19,9,15377,0,0,0,0,0,0,0,0,3,0.0,0.0,0.0,0.0,1.0,0.0,0.0,242,102,0.41,0.02,0.41,0.02,0.0,0.0,0.0,0,96472.0
0,1,22,9,238,3222,0,0,1,0,0,0,0,2,0.0,0.0,0.0,0.0,1.0,0.0,0.0,255,250,0.98,0.01,0.0,0.0,0.0,0.0,0.0,0,102885.0
0,1,22,9,305,928,0,0,1,0,0,0,0,9,0.0,0.0,0.0,0.0,1.0,0.0,0.0,220,230,1.0,0.0,0.0,0.01,0.0,0.0,0.0,0,103411.0
0,1,22,9,328,1368,0,0,1,0,0,0,0,10,0.0,0.0,0.0,0.0,1.0,0.0,0.0,77,255,1.0,0.0,0.01,0.03,0.0,0.0,0.0,0,112719.0
0,1,22,1,0,0,0,0,0,0,0,0,0,1,0.0,0.0,1.0,1.0,1.0,0.0,0.0,7,37,1.0,0.0,0.14,0.22,0.0,0.0,1.0,0,92645.0
0,1,22,9,305,284,0,0,1,0,0,0,0,15,0.0,0.0,0.0,0.0,1.0,0.0,0.0,255,255,1.0,0.0,0.0,0.0,0.0,0.0,0.0,0,116274.0
0,1,45,5,0,0,0,0,0,0,0,0,0,11,1.0,1.0,0.0,0.0,0.18,0.27,0.0,255,16,0.06,0.07,0.0,0.0,1.0,1.0,0.0,1,63474.0
0,1,46,4,0,0,0,0,0,0,0,0,0,1,0.0,0.0,1.0,1.0,1.0,0.0,0.0,255,1,0.0,0.25,0.24,0.0,0.0,0.0,1.0,1,74373.0
0,1,22,9,304,481,0,0,1,0,0,0,0,1,0.0,0.0,0.0,0.0,1.0,0.0,0.0,11,255,1.0,0.0,0.09,0.09,0.0,0.0,0.0,0,101148.0
0,1,22,9,301,2507,0,0,1,0,0,0,0,5,0.0,0.0,0.0,0.0,1.0,0.0,0.0,93,90,0.97,0.02,0.01,0.0,0.0,0.0,0.0,0,7977.0
0,1,46,5,0,0,0,0,0,0,0,0,0,86,1.0,1.0,0.0,0.0,0.07,0.06,0.0,255,17,0.07,0.07,0.0,0.0,1.0,1.0,0.0,1,93794.0
0,1,22,9,237,788,0,0,1,0,0,0,0,3,0.0,0.0,0.0,0.0,1.0,0.0,0.0,255,255,1.0,0.0,0.0,0.0,0.0,0.0,0.0,0,113880.0
0,1,22,9,229,753,0,0,1,0,0,0,0,2,0.0,0.0,0.0,0.0,1.0,0.0,0.5,127,255,1.0,0.0,0.01,0.01,0.0,0.0,0.0,0,96456.0
0,2,11,9,43,43,0,0,0,0,0,0,0,117,0.0,0.0,0.0,0.0,1.0,0.0,0.02,255,227,0.89,0.01,0.01,0.0,0.0,0.0,0.0,0,94852.0
0,1,22,9,305,1819,0,0,1,0,0,0,0,28,0.0,0.0,0.0,0.0,1.0,0.0,0.0,255,255,1.0,0.0,0.0,0.0,0.0,0.0,0.0,0,67631.0
0,1,65,1,0,0,0,0,0,0,0,0,0,138,0.01,0.0,0.95,1.0,0.01,1.0,0.0,255,1,0.0,0.57,0.0,0.0,0.0,0.0,1.0,1,57448.0
0,1,46,5,0,0,0,0,0,0,0,0,0,50,1.0,1.0,0.0,0.0,0.16,0.1,0.0,255,8,0.03,0.08,0.0,0.0,1.0,1.0,0.0,1,22682.0
0,1,22,9,375,2655,0,0,1,0,0,0,0,10,0.0,0.0,0.0,0.0,1.0,0.0,0.18,255,255,1.0,0.0,0.0,0.0,0.0,0.0,0.0,0,39551.0
0,1,22,9,218,706,0,0,1,0,0,0,0,27,0.0,0.0,0.0,0.0,1.0,0.0,0.0,255,255,1.0,0.0,0.0,0.0,0.0,0.0,0.0,0,9759.0
0,1,22,9,221,1752,0,0,1,0,0,0,0,24,0.0,0.0,0.04,0.03,1.0,0.0,0.07,57,255,1.0,0.0,0.02,0.01,0.0,0.0,0.0,0,63129.0
0,1,64,5,0,0,0,0,0,0,0,0,0,267,1.0,1.0,0.0,0.0,0.04,0.06,0.0,255,11,0.04,0.07,0.0,0.0,1.0,1.0,0.0,1,70401.0
0,2,41,9,1,0,0,0,0,0,0,0,0,6,0.0,0.0,0.0,0.0,1.0,0.0,0.0,255,6,0.02,0.15,0.42,0.0,0.0,0.0,0.0,1,81686.0
0,2,46,9,105,105,0,0,0,0,0,0,0,10,0.0,0.0,0.0,0.0,0.1,0.2,0.0,255,232,0.91,0.01,0.0,0.0,0.0,0.0,0.0,0,104913.0
0,1,46,5,0,0,0,0,0,0,0,0,0,222,1.0,1.0,0.0,0.0,0.05,0.07,0.0,255,12,0.05,0.08,0.0,0.0,1.0,1.0,0.0,1,56284.0
0,1,25,5,0,0,0,0,0,0,0,0,0,205,1.0,1.0,0.0,0.0,0.02,0.06,0.0,255,17,0.07,0.07,0.0,0.0,1.0,1.0,0.0,1,36594.0
0,1,12,5,0,0,0,0,0,0,0,0,0,279,1.0,1.0,0.0,0.0,0.08,0.05,0.0,255,23,0.09,0.05,0.0,0.0,1.0,1.0,0.0,1,104680.0
12096,1,57,9,99,2822,0,0,1,0,0,0,0,1,0.0,0.0,0.0,0.0,1.0,0.0,0.0,3,2,0.33,0.67,0.33,1.0,0.0,0.0,0.0,0,4645.0
0,1,41,1,0,0,0,0,0,0,0,0,0,2,0.0,0.0,1.0,1.0,0.5,1.0,0.0,255,1,0.0,1.0,1.0,0.0,0.0,0.0,1.0,1,112450.0
0,0,62,9,78,0,0,0,0,0,0,0,0,49,0.0,0.0,0.0,0.0,0.08,0.04,0.0,221,4,0.02,0.02,0.03,0.0,0.0,0.0,0.0,0,120472.0
0,0,14,9,1032,0,0,0,0,0,0,0,0,511,0.0,0.0,0.0,0.0,1.0,0.0,0.0,255,145,0.57,0.02,0.57,0.0,0.01,0.0,0.0,1,9496.0
0,1,46,5,0,0,0,0,0,0,0,0,0,125,1.0,1.0,0.0,0.0,0.02,0.09,0.0,255,2,0.01,0.08,0.0,0.0,1.0,1.0,0.0,1,52595.0
0,1,60,5,0,0,0,0,0,0,0,0,0,286,1.0,1.0,0.0,0.0,0.02,0.06,0.0,255,13,0.05,0.08,0.0,0.0,1.0,1.0,0.0,1,117917.0
0,2,11,9,44,76,0,0,0,0,0,0,0,162,0.0,0.0,0.0,0.0,1.0,0.0,0.0,255,255,1.0,0.0,0.01,0.0,0.0,0.0,0.0,0,104989.0
27,1,18,9,1483,4152,0,30,1,0,0,0,0,1,0.0,0.0,0.0,0.0,1.0,0.0,0.0,73,26,0.36,0.04,0.01,0.0,0.0,0.0,0.0,0,25807.0
0,1,22,9,200,260,0,0,1,0,0,0,0,8,0.0,0.0,0.0,0.0,1.0,0.0,0.0,84,255,1.0,0.0,0.01,0.02,0.0,0.0,0.0,0,100141.0
0,1,51,9,12744,1382,0,0,1,0,0,0,0,1,0.0,0.0,0.0,0.0,1.0,0.0,1.0,98,221,0.96,0.02,0.01,0.01,0.0,0.0,0.0,0,69357.0
0,1,41,1,0,0,0,0,0,0,0,0,0,511,0.12,0.0,0.85,1.0,0.0,1.0,0.0,255,1,0.0,1.0,0.0,0.0,0.16,0.0,1.0,1,25182.0
0,1,22,9,191,325,0,0,1,0,0,0,0,9,0.0,0.0,0.0,0.0,1.0,0.0,0.0,255,255,1.0,0.0,0.0,0.0,0.0,0.0,0.0,0,96214.0
0,1,46,1,0,0,0,0,0,0,0,0,0,97,0.0,0.0,1.0,1.0,0.09,0.07,0.0,255,9,0.04,0.07,0.0,0.0,0.0,0.0,1.0,1,104302.0
0,1,3,5,0,0,0,0,0,0,0,0,0,300,1.0,1.0,0.0,0.0,0.07,0.06,0.0,255,20,0.08,0.07,0.0,0.0,1.0,1.0,0.0,1,20692.0
0,2,11,9,44,70,0,0,0,0,0,0,0,240,0.0,0.0,0.0,0.0,1.0,0.0,0.0,255,254,1.0,0.01,0.0,0.0,0.0,0.0,0.0,0,57554.0
0,1,51,9,1402,327,0,0,1,0,0,0,0,1,0.0,0.0,0.0,0.0,1.0,0.0,0.0,20,173,0.75,0.1,0.05,0.02,0.0,0.0,0.0,0,101200.0
0,1,46,5,0,0,0,0,0,0,0,0,0,190,1.0,1.0,0.0,0.0,0.02,0.07,0.0,255,19,0.07,0.07,0.0,0.0,1.0,1.0,0.0,1,116119.0
0,1,22,1,0,0,0,0,0,0,0,0,0,26,0.0,0.0,0.85,0.85,1.0,0.0,0.0,179,190,1.0,0.0,0.01,0.03,0.01,0.01,0.37,0,33648.0
0,1,22,9,236,325,0,0,1,0,0,0,0,16,0.0,0.0,0.0,0.0,1.0,0.0,0.11,18,255,1.0,0.0,0.06,0.02,0.0,0.0,0.0,0,91602.0
0,2,11,9,44,110,0,0,0,0,0,0,0,298,0.0,0.0,0.0,0.0,1.0,0.01,0.0,255,223,0.87,0.01,0.0,0.0,0.0,0.0,0.0,0,93142.0
9089,2,41,9,145,105,0,0,0,0,0,0,0,4,0.0,0.0,0.0,0.0,0.5,0.5,0.0,255,2,0.01,0.79,0.99,0.0,0.0,0.0,0.0,0,96687.0
0,1,46,5,0,0,0,0,0,0,0,0,0,262,1.0,1.0,0.0,0.0,0.03,0.06,0.0,255,16,0.06,0.08,0.0,0.0,1.0,1.0,0.0,1,65208.0
0,0,13,9,8,0,0,0,0,0,0,0,0,1,0.0,0.0,0.0,0.0,1.0,0.0,1.0,2,56,1.0,0.0,1.0,0.52,0.0,0.0,0.0,1,37734.0
0,2,11,9,45,72,0,0,0,0,0,0,0,150,0.0,0.0,0.0,0.0,1.0,0.0,0.0,255,226,0.89,0.01,0.0,0.0,0.0,0.0,0.0,0,19746.0
0,1,22,1,0,0,0,0,0,0,0,0,0,1,0.0,0.0,1.0,1.0,1.0,0.0,0.0,11,47,1.0,0.0,0.09,0.11,0.0,0.0,1.0,0,83867.0
32038,1,46,4,1,0,0,0,0,0,0,0,0,2,0.0,0.0,1.0,1.0,1.0,0.0,0.0,255,2,0.01,0.82,1.0,0.0,0.0,0.0,1.0,1,24020.0
0,1,19,9,12983,0,0,0,1,0,0,0,0,2,0.0,0.0,0.0,0.0,1.0,0.0,0.0,119,89,0.39,0.04,0.39,0.02,0.0,0.0,0.0,0,41141.0
0,0,14,9,1032,0,0,0,0,0,0,0,0,261,0.0,0.0,0.0,0.0,1.0,0.0,0.0,255,255,1.0,0.0,1.0,0.0,0.0,0.0,0.0,1,81271.0
0,1,22,9,310,1038,0,0,1,0,0,0,0,1,0.0,0.0,0.0,0.0,1.0,0.0,0.0,1,254,1.0,0.0,1.0,0.07,0.0,0.0,0.0,0,61373.0
0,1,44,9,92,12629,0,0,1,0,0,0,0,1,0.0,0.0,0.0,0.0,1.0,0.0,0.0,2,1,0.5,1.0,0.5,0.0,0.0,0.0,0.0,0,122785.0
0,1,22,9,207,337,0,0,1,0,0,0,0,13,0.0,0.0,0.0,0.0,1.0,0.0,0.12,188,255,1.0,0.0,0.01,0.01,0.0,0.0,0.0,0,121134.0
0,1,22,1,0,0,0,0,0,0,0,0,0,1,0.0,0.0,1.0,1.0,1.0,0.0,0.0,7,255,1.0,0.0,0.14,0.14,0.0,0.0,0.56,0,102042.0
0,1,22,9,164,6155,0,0,1,0,0,0,0,9,0.0,0.0,0.0,0.0,1.0,0.0,0.0,12,255,1.0,0.0,0.08,0.05,0.0,0.0,0.0,0,54127.0
0,1,22,9,184,5515,0,0,1,0,0,0,0,6,0.0,0.0,0.0,0.0,1.0,0.0,0.0,6,255,1.0,0.0,0.17,0.05,0.0,0.0,0.0,0,13653.0
0,1,22,1,0,0,0,0,0,0,0,0,0,1,0.0,0.5,1.0,0.5,1.0,0.0,1.0,38,51,1.0,0.0,0.03,0.12,0.0,0.0,1.0,0,118787.0
0,1,22,9,209,616,0,0,1,0,0,0,0,2,0.0,0.0,0.0,0.0,1.0,0.0,0.0,255,255,1.0,0.0,0.0,0.0,0.0,0.0,0.0,0,59416.0
0,0,14,9,1032,0,0,0,0,0,0,0,0,110,0.0,0.0,0.0,0.0,1.0,0.0,0.0,255,110,0.43,0.02,0.43,0.0,0.0,0.0,0.0,1,112835.0
0,1,33,5,0,0,0,0,0,0,0,0,0,183,1.0,1.0,0.0,0.0,0.04,0.07,0.0,255,7,0.03,0.07,0.0,0.0,1.0,1.0,0.0,1,71286.0
0,1,22,9,306,7950,0,0,1,0,0,0,0,21,0.0,0.0,0.0,0.0,1.0,0.0,0.09,21,255,1.0,0.0,0.05,0.07,0.0,0.01,0.0,0,51575.0
0,1,22,9,54540,8314,0,2,1,1,0,0,0,4,0.0,0.0,0.0,0.0,1.0,0.0,0.0,25,25,1.0,0.0,0.04,0.0,0.0,0.0,0.08,1,101311.0
0,1,22,9,296,1645,0,0,1,0,0,0,0,5,0.0,0.0,0.0,0.0,1.0,0.0,0.0,255,255,1.0,0.0,0.0,0.0,0.0,0.0,0.0,0,4874.0
16845,1,41,4,1,0,0,0,0,0,0,0,0,2,0.0,0.0,1.0,1.0,1.0,0.0,0.0,255,2,0.01,0.67,1.0,0.0,0.0,0.0,1.0,1,53057.0
0,2,46,9,1,0,0,0,0,0,0,0,0,6,0.0,0.0,0.0,0.0,0.17,0.5,0.0,255,1,0.0,0.76,0.27,0.0,0.03,0.0,0.0,1,53354.0
0,1,22,9,325,1126,0,0,1,0,0,0,0,15,0.0,0.0,0.0,0.0,1.0,0.0,0.18,255,255,1.0,0.0,0.0,0.0,0.0,0.0,0.0,0,67095.0
0,1,22,9,304,307,0,0,1,0,0,0,0,3,0.0,0.0,0.0,0.0,1.0,0.0,0.5,255,255,1.0,0.0,0.0,0.0,0.0,0.0,0.0,0,35111.0
0,1,22,9,237,1398,0,0,1,0,0,0,0,26,0.0,0.0,0.0,0.0,1.0,0.0,0.07,78,255,1.0,0.0,0.01,0.04,0.0,0.0,0.0,0,109195.0
0,1,4,5,0,0,0,0,0,0,0,0,0,279,1.0,1.0,0.0,0.0,0.07,0.05,0.0,255,20,0.08,0.05,0.0,0.0,1.0,1.0,0.0,1,92882.0
0,1,46,5,0,0,0,0,0,0,0,0,0,51,1.0,1.0,0.0,0.0,0.41,0.08,0.0,255,21,0.08,0.07,0.0,0.0,1.0,1.0,0.0,1,88245.0
0,1,22,9,243,775,0,0,1,0,0,0,0,3,0.0,0.0,0.0,0.0,1.0,0.0,0.5,255,255,1.0,0.0,0.0,0.0,0.0,0.0,0.0,0,99790.0
0,1,46,5,0,0,0,0,0,0,0,0,0,112,1.0,1.0,0.0,0.0,0.02,0.06,0.0,255,5,0.02,0.06,0.0,0.0,1.0,1.0,0.0,1,3897.0
0,1,46,4,0,0,0,0,0,0,0,0,0,1,0.0,0.0,1.0,1.0,1.0,0.0,0.0,129,1,0.01,0.63,0.63,0.0,0.05,0.0,1.0,1,103567.0
0,1,46,4,0,0,0,0,0,0,0,0,0,1,0.0,0.0,1.0,1.0,1.0,0.0,0.0,51,1,0.02,0.12,0.06,0.0,0.12,0.0,1.0,1,8869.0
0,2,46,9,1,0,0,0,0,0,0,0,0,29,0.0,0.0,0.0,0.0,0.24,0.1,0.0,255,52,0.2,0.33,0.71,0.0,0.11,0.0,0.0,1,59101.0
0,1,10,1,0,0,0,0,0,0,0,0,0,228,0.0,0.0,1.0,1.0,0.04,0.07,0.0,255,9,0.04,0.08,0.0,0.0,0.0,0.0,1.0,1,15424.0
0,1,22,9,241,820,0,0,1,0,0,0,0,23,0.0,0.0,0.0,0.0,1.0,0.0,0.0,48,255,1.0,0.0,0.02,0.02,0.0,0.0,0.0,0,91404.0
0,1,22,9,447,4058,0,0,1,0,0,0,0,20,0.0,0.0,0.0,0.0,1.0,0.0,0.1,255,255,1.0,0.0,0.0,0.0,0.0,0.0,0.0,0,17750.0
20,1,18,9,240,773,0,4,1,0,0,0,0,2,0.0,0.0,0.0,0.0,1.0,0.0,0.0,4,4,1.0,0.0,0.25,0.0,0.0,0.0,0.0,0,84904.0
0,1,53,2,0,0,0,0,0,0,0,0,0,2,0.0,0.0,1.0,1.0,0.5,1.0,0.0,255,1,0.0,1.0,1.0,0.0,0.0,0.0,1.0,1,47325.0
0,1,22,9,268,294,0,0,1,0,0,0,0,11,0.0,0.0,0.0,0.0,1.0,0.0,0.0,255,255,1.0,0.0,0.0,0.0,0.0,0.0,0.0,0,18506.0
0,1,51,9,556,336,0,0,1,0,0,0,0,1,0.0,0.0,0.0,0.0,1.0,0.0,0.0,51,146,0.96,0.04,0.02,0.01,0.0,0.0,0.0,0,17124.0
0,1,18,5,0,0,0,0,0,0,0,0,0,270,1.0,1.0,0.0,0.0,0.07,0.06,0.0,255,19,0.07,0.06,0.0,0.0,1.0,1.0,0.0,1,57694.0
0,1,22,9,293,23100,0,0,1,0,0,0,0,19,0.0,0.0,0.0,0.0,1.0,0.0,0.0,48,255,1.0,0.0,0.02,0.04,0.0,0.0,0.0,0,80997.0
0,1,64,5,0,0,0,0,0,0,0,0,0,195,1.0,1.0,0.0,0.0,0.03,0.07,0.0,255,6,0.02,0.07,0.0,0.0,1.0,1.0,0.0,1,25256.0
0,1,22,9,251,5197,0,0,1,0,0,0,0,2,0.0,0.0,0.0,0.0,1.0,0.0,0.67,20,255,1.0,0.0,0.05,0.06,0.0,0.0,0.0,0,49091.0
0,1,54,5,0,0,0,0,0,0,0,0,0,132,1.0,1.0,0.0,0.0,0.02,0.06,0.0,255,3,0.01,0.07,0.0,0.0,1.0,1.0,0.0,1,51516.0
1,1,51,9,1069,333,0,0,1,0,0,0,0,1,0.0,0.0,0.0,0.0,1.0,0.0,1.0,130,179,0.58,0.04,0.01,0.01,0.0,0.0,0.0,0,58497.0
0,1,22,9,231,36322,0,0,1,0,0,0,0,1,0.0,0.0,0.0,0.0,1.0,0.0,0.0,1,255,1.0,0.0,1.0,0.05,0.0,0.0,0.0,0,20687.0
0,1,46,5,0,0,0,0,0,0,0,0,0,75,1.0,1.0,0.0,0.0,0.13,0.07,0.0,255,19,0.07,0.06,0.0,0.0,1.0,1.0,0.0,1,59662.0
0,1,22,9,197,1705,0,0,1,0,0,0,0,21,0.0,0.0,0.0,0.0,1.0,0.0,0.0,21,255,1.0,0.0,0.05,0.03,0.0,0.0,0.0,0,10761.0
0,0,14,9,1032,0,0,0,0,0,0,0,0,510,0.0,0.0,0.0,0.0,1.0,0.0,0.0,255,231,0.91,0.01,0.91,0.0,0.0,0.0,0.0,1,47879.0
5,1,41,9,201,0,0,2,1,0,0,0,0,1,0.0,0.0,0.0,0.0,1.0,0.0,0.0,174,1,0.01,0.07,0.06,0.0,0.02,0.0,0.0,0,98270.0
0,1,22,9,218,1390,0,0,1,0,0,0,0,5,0.0,0.0,0.0,0.0,1.0,0.0,0.0,49,255,1.0,0.0,0.02,0.04,0.0,0.0,0.0,0,37209.0
0,2,11,9,45,111,0,0,0,0,0,0,0,47,0.0,0.0,0.0,0.0,1.0,0.0,0.02,255,226,0.89,0.01,0.0,0.0,0.0,0.0,0.0,0,99986.0
0,1,22,6,226,29200,0,0,1,0,0,0,0,1,1.0,1.0,0.0,0.0,1.0,0.0,0.0,255,255,1.0,0.0,0.0,0.0,0.0,0.0,0.0,0,5648.0
0,2,11,9,46,46,0,0,0,0,0,0,0,10,0.0,0.0,0.0,0.0,1.0,0.0,0.01,255,255,1.0,0.0,0.0,0.0,0.0,0.0,0.0,0,55299.0
0,1,22,9,191,604,0,0,1,0,0,0,0,5,0.0,0.0,0.0,0.0,1.0,0.0,0.0,36,36,1.0,0.0,0.03,0.0,0.0,0.0,0.0,0,7541.0
2,1,51,9,740,321,0,0,1,0,0,0,0,1,0.0,0.0,0.0,0.0,1.0,0.0,1.0,16,103,0.38,0.19,0.06,0.02,0.0,0.0,0.0,0,97565.0
0,1,22,9,218,2816,0,0,1,0,0,0,0,27,0.0,0.0,0.0,0.0,1.0,0.0,0.0,255,255,1.0,0.0,0.0,0.0,0.0,0.0,0.0,0,28986.0
0,1,46,5,0,0,0,0,0,0,0,0,0,229,1.0,1.0,0.0,0.0,0.03,0.05,0.0,255,6,0.02,0.08,0.0,0.0,1.0,1.0,0.0,1,96397.0
17044,2,41,9,146,105,0,0,0,0,0,0,0,1,0.0,0.0,0.0,0.0,1.0,0.0,0.0,255,1,0.0,0.56,0.89,0.0,0.0,0.0,0.0,0,32624.0
0,1,46,5,0,0,0,0,0,0,0,0,0,139,1.0,1.0,0.0,0.0,0.07,0.08,0.0,255,10,0.04,0.06,0.0,0.0,1.0,1.0,0.0,1,105820.0
0,1,22,9,226,1188,0,0,1,0,0,0,0,7,0.0,0.0,0.0,0.0,1.0,0.0,0.0,7,255,1.0,0.0,0.14,0.04,0.0,0.0,0.0,0,108567.0
0,1,18,5,0,0,0,0,0,0,0,0,0,52,1.0,1.0,0.0,0.0,0.13,0.12,0.0,255,7,0.03,0.09,0.0,0.0,1.0,1.0,0.0,1,79216.0
0,1,22,9,210,1899,0,0,1,0,0,0,0,6,0.0,0.0,0.0,0.0,1.0,0.0,0.24,255,255,1.0,0.0,0.0,0.0,0.0,0.0,0.0,0,101531.0
0,1,24,5,0,0,0,0,0,0,0,0,0,220,1.0,1.0,0.0,0.0,0.11,0.05,0.0,255,24,0.09,0.05,0.0,0.0,1.0,1.0,0.0,1,22783.0
0,2,46,9,28,0,3,0,0,0,0,0,0,65,0.0,0.0,0.0,0.0,1.0,0.0,0.0,255,32,0.13,0.01,0.13,0.0,0.0,0.0,0.0,1,98425.0
0,1,46,5,0,0,0,0,0,0,0,0,0,214,1.0,1.0,0.0,0.0,0.07,0.06,0.0,255,4,0.02,0.08,0.0,0.0,1.0,1.0,0.0,1,116100.0
0,0,13,9,30,0,0,0,0,0,0,0,0,2,0.0,0.0,0.0,0.0,0.5,1.0,0.0,255,2,0.01,0.01,0.08,0.0,0.0,0.0,0.0,0,26873.0
0,1,22,9,255,671,0,0,1,0,0,0,0,6,0.0,0.0,0.0,0.0,1.0,0.0,0.0,255,255,1.0,0.0,0.0,0.0,0.0,0.0,0.0,0,71186.0
0,1,22,9,193,12164,0,0,1,0,0,0,0,1,0.0,0.0,0.0,0.0,1.0,0.0,1.0,255,254,1.0,0.01,0.0,0.0,0.0,0.0,0.0,0,14442.0
0,0,13,9,8,0,0,0,0,0,0,0,0,1,0.0,0.0,0.0,0.0,1.0,0.0,1.0,1,97,1.0,0.0,1.0,0.51,0.0,0.0,0.0,1,90894.0
0,2,11,9,44,130,0,0,0,0,0,0,0,145,0.0,0.0,0.0,0.0,1.0,0.0,0.01,255,255,1.0,0.0,0.0,0.0,0.0,0.0,0.0,0,71885.0
0,1,46,1,0,0,0,0,0,0,0,0,0,275,0.0,0.0,1.0,1.0,0.03,0.06,0.0,255,7,0.03,0.07,0.0,0.0,0.0,0.0,1.0,1,57195.0
0,1,22,9,207,7190,0,0,1,0,0,0,0,5,0.0,0.0,0.0,0.0,1.0,0.0,0.0,27,255,1.0,0.0,0.04,0.02,0.0,0.0,0.0,0,15639.0
0,1,22,1,0,0,0,0,0,0,0,0,0,1,0.0,0.0,1.0,1.0,1.0,0.0,0.0,8,255,1.0,0.0,0.12,0.18,0.0,0.0,0.84,0,88665.0
0,1,22,9,279,727,0,0,1,0,0,0,0,6,0.0,0.0,0.0,0.0,1.0,0.0,0.14,27,255,1.0,0.0,0.04,0.05,0.0,0.0,0.0,0,114365.0
0,0,14,9,1032,0,0,0,0,0,0,0,0,511,0.0,0.0,0.0,0.0,1.0,0.0,0.0,255,39,0.15,0.04,0.15,0.0,0.27,0.0,0.0,1,9220.0
3,1,51,9,3711,362,0,0,1,0,0,0,0,1,0.0,0.0,0.0,0.0,1.0,0.0,0.0,255,117,0.46,0.07,0.0,0.0,0.0,0.0,0.0,0,110036.0
0,1,22,9,232,2138,0,0,1,0,0,0,0,14,0.0,0.0,0.0,0.0,1.0,0.0,0.0,63,255,1.0,0.0,0.02,0.05,0.0,0.0,0.0,0,115242.0
0,2,11,9,41,115,0,0,0,0,0,0,0,204,0.0,0.0,0.0,0.0,1.0,0.01,0.01,255,255,1.0,0.0,0.0,0.0,0.0,0.0,0.0,0,27368.0
0,1,35,5,0,0,0,0,0,0,0,0,0,89,1.0,1.0,0.0,0.0,0.1,0.06,0.0,255,16,0.06,0.07,0.0,0.0,1.0,1.0,0.0,1,100202.0
0,1,17,9,9,224,0,0,0,0,0,0,0,2,0.0,0.0,0.0,0.0,0.5,1.0,0.0,233,9,0.04,0.03,0.0,0.0,0.0,0.0,0.0,0,90487.0
0,1,22,9,369,771,0,0,1,0,0,0,0,1,0.0,0.0,0.0,0.0,1.0,0.0,0.0,44,255,1.0,0.0,0.02,0.07,0.0,0.01,0.01,0,124323.0
0,1,22,9,220,1748,0,0,1,0,0,0,0,17,0.0,0.0,0.0,0.0,1.0,0.0,0.0,17,53,1.0,0.0,0.06,0.11,0.0,0.02,0.0,0,39998.0
0,1,22,9,212,10317,0,0,1,0,0,0,0,20,0.0,0.0,0.0,0.0,1.0,0.0,0.0,20,255,1.0,0.0,0.05,0.04,0.0,0.01,0.0,0,28514.0
48,1,18,9,1063,3081,0,22,1,0,0,0,0,1,0.0,0.0,0.0,0.0,1.0,0.0,0.0,76,13,0.17,0.04,0.01,0.0,0.0,0.0,0.0,0,105206.0
0,1,44,6,108,11518,0,0,1,0,0,0,0,1,1.0,1.0,0.0,0.0,1.0,0.0,0.0,67,1,0.01,0.07,0.01,0.0,0.01,1.0,0.0,0,96124.0
0,1,4,5,0,0,0,0,0,0,0,0,0,119,1.0,1.0,0.0,0.0,0.09,0.06,0.0,255,11,0.04,0.05,0.0,0.0,1.0,1.0,0.0,1,86602.0
0,1,19,9,334,0,0,0,1,0,0,0,0,1,0.0,0.0,0.0,0.0,1.0,0.0,0.0,7,26,1.0,0.0,1.0,0.12,0.0,0.0,0.0,1,40444.0
656,2,11,9,97,35,0,0,0,0,0,0,0,3,0.0,0.0,0.0,0.0,1.0,0.0,0.0,156,109,0.7,0.02,0.67,0.0,0.0,0.0,0.0,0,121039.0
40,1,18,9,1468,4152,0,30,1,0,0,0,0,1,0.0,0.0,0.0,0.0,1.0,0.0,0.0,9,5,0.56,0.33,0.11,0.0,0.0,0.0,0.0,0,117078.0
0,1,46,5,0,0,0,0,0,0,0,0,0,52,1.0,1.0,0.0,0.0,0.1,0.12,0.0,255,5,0.02,0.07,0.0,0.0,1.0,1.0,0.0,1,87800.0
0,1,46,5,0,0,0,0,0,0,0,0,0,224,1.0,1.0,0.0,0.0,0.08,0.06,0.0,255,1,0.0,0.06,0.0,0.0,1.0,1.0,0.0,1,86544.0
0,1,19,9,4763,0,0,0,1,0,0,0,0,7,0.0,0.0,0.0,0.0,1.0,0.0,0.0,175,89,0.37,0.02,0.37,0.02,0.0,0.0,0.0,0,111020.0
0,0,14,9,1480,0,1,0,0,0,0,0,0,2,0.0,0.0,0.0,0.0,1.0,0.0,0.0,255,4,0.02,0.02,0.02,0.0,0.0,0.0,0.0,0,90051.0
0,1,46,5,0,0,0,0,0,0,0,0,0,124,1.0,1.0,0.0,0.0,0.15,0.06,0.0,255,9,0.04,0.07,0.01,0.0,1.0,1.0,0.0,1,51923.0
0,1,41,1,0,0,0,0,0,0,0,0,0,390,0.09,0.0,0.91,1.0,0.0,1.0,0.0,255,1,0.0,1.0,0.0,0.0,0.11,0.0,1.0,1,104705.0
0,2,11,9,45,120,0,0,0,0,0,0,0,159,0.0,0.0,0.0,0.0,1.0,0.0,0.01,255,255,1.0,0.0,0.0,0.0,0.0,0.0,0.0,0,41564.0
0,1,19,9,95,0,0,0,0,0,0,0,0,2,0.0,0.0,0.0,0.0,1.0,0.0,0.0,255,27,0.11,0.01,0.11,0.0,0.68,0.0,0.0,0,120278.0
0,1,22,9,324,1600,0,0,1,0,0,0,0,10,0.0,0.0,0.0,0.0,1.0,0.0,0.0,53,255,1.0,0.0,0.02,0.03,0.02,0.0,0.0,0,17025.0
0,1,25,5,0,0,0,0,0,0,0,0,0,208,1.0,1.0,0.0,0.0,0.02,0.06,0.0,255,6,0.02,0.07,0.0,0.0,1.0,1.0,0.0,1,79823.0
0,1,22,9,296,1425,0,0,1,0,0,0,0,1,0.0,0.0,0.0,0.0,1.0,0.0,1.0,115,119,1.0,0.0,0.01,0.02,0.0,0.0,0.0,0,58741.0
0,2,46,9,1,0,0,0,0,0,0,0,0,32,0.0,0.0,0.0,0.0,0.5,0.09,0.0,255,16,0.06,0.6,0.44,0.0,0.05,0.0,0.0,1,5683.0
0,2,11,9,45,111,0,0,0,0,0,0,0,66,0.0,0.0,0.0,0.0,1.0,0.0,0.01,255,255,1.0,0.0,0.0,0.0,0.0,0.0,0.0,0,53381.0
0,1,22,9,200,1660,0,0,1,0,0,0,0,8,0.0,0.0,0.0,0.0,1.0,0.0,0.22,255,255,1.0,0.0,0.0,0.0,0.0,0.0,0.0,0,1586.0
0,1,1,1,0,0,0,0,0,0,0,0,0,4,0.0,0.0,0.75,1.0,0.75,0.5,0.0,119,5,0.04,0.03,0.01,0.0,0.0,0.0,1.0,0,76861.0
0,2,46,9,1,0,0,0,0,0,0,0,0,69,0.0,0.0,0.0,0.0,0.33,0.07,0.0,255,46,0.18,0.22,1.0,0.0,0.0,0.0,0.0,1,101400.0
0,1,41,1,0,0,0,0,0,0,0,0,0,509,0.04,0.0,0.96,1.0,0.0,1.0,0.0,255,1,0.0,1.0,0.0,0.0,0.09,0.0,1.0,1,109117.0
0,1,19,9,334,0,0,0,1,0,0,0,0,1,0.0,0.0,0.0,0.0,1.0,0.0,0.0,1,20,1.0,0.0,1.0,0.15,0.0,0.0,0.0,1,1744.0
0,0,13,9,8,0,0,0,0,0,0,0,0,1,0.0,0.0,0.0,0.0,1.0,0.0,1.0,1,161,1.0,0.0,1.0,0.25,0.0,0.0,0.0,1,44149.0
0,1,22,9,316,626,0,0,1,0,0,0,0,24,0.0,0.0,0.0,0.0,1.0,0.0,0.0,24,255,1.0,0.0,0.04,0.04,0.0,0.0,0.0,0,71507.0
0,1,64,1,0,0,0,0,0,0,0,0,0,206,0.0,0.0,1.0,1.0,0.0,0.07,0.0,255,1,0.0,0.07,0.0,0.0,0.0,0.0,1.0,1,11970.0
0,1,22,9,225,7464,0,0,1,0,0,0,0,2,0.0,0.0,0.0,0.0,1.0,0.0,0.0,115,255,1.0,0.0,0.01,0.02,0.0,0.0,0.0,0,2467.0
0,1,22,9,367,619,0,0,1,0,0,0,0,9,0.0,0.0,0.0,0.0,1.0,0.0,0.2,255,255,1.0,0.0,0.0,0.0,0.0,0.0,0.0,0,36460.0
0,1,31,5,0,0,0,0,0,0,0,0,0,135,1.0,1.0,0.0,0.0,0.14,0.06,0.0,255,18,0.07,0.07,0.0,0.0,1.0,1.0,0.0,1,121517.0
0,1,22,9,176,15481,0,0,1,0,0,0,0,2,0.0,0.0,0.0,0.0,1.0,0.0,0.0,31,255,1.0,0.0,0.03,0.04,0.0,0.01,0.0,0,29597.0
0,1,22,1,0,0,0,0,0,0,0,0,0,1,0.0,0.0,1.0,1.0,1.0,0.0,0.0,4,255,1.0,0.0,0.25,0.21,0.0,0.0,0.95,0,68315.0
0,1,51,5,0,0,0,0,0,0,0,0,0,275,1.0,1.0,0.0,0.0,0.03,0.06,0.0,255,9,0.04,0.08,0.0,0.0,1.0,1.0,0.0,1,85219.0
0,1,25,5,0,0,0,0,0,0,0,0,0,186,1.0,1.0,0.0,0.0,0.06,0.06,0.0,255,12,0.05,0.06,0.0,0.0,1.0,1.0,0.0,1,26007.0
0,1,22,9,231,215,0,0,1,0,0,0,0,2,0.0,0.0,0.0,0.0,1.0,0.0,0.5,31,255,1.0,0.0,0.03,0.01,0.0,0.0,0.07,0,74702.0
0,1,22,9,186,15495,0,0,1,0,0,0,0,1,0.0,0.0,0.0,0.0,1.0,0.0,0.0,10,255,1.0,0.0,0.1,0.07,0.0,0.0,0.0,0,1147.0
0,2,46,9,1,0,0,0,0,0,0,0,0,65,0.0,0.0,0.0,0.0,0.29,0.08,0.0,255,42,0.16,0.22,1.0,0.0,0.0,0.0,0.0,1,9308.0
0,0,13,9,8,0,0,0,0,0,0,0,0,1,0.0,0.0,0.0,0.0,1.0,0.0,1.0,2,70,1.0,0.0,1.0,0.5,0.0,0.0,0.0,1,59632.0
0,1,10,5,0,0,0,0,0,0,0,0,0,291,1.0,1.0,0.0,0.0,0.03,0.05,0.0,255,9,0.04,0.06,0.0,0.0,1.0,1.0,0.0,1,33243.0
0,1,22,9,214,1400,0,0,1,0,0,0,0,35,0.0,0.0,0.0,0.0,1.0,0.0,0.0,255,255,1.0,0.0,0.0,0.0,0.0,0.0,0.0,0,76501.0
0,1,46,5,0,0,0,0,0,0,0,0,0,188,1.0,1.0,0.0,0.0,0.01,0.06,0.0,255,19,0.07,0.07,0.0,0.0,1.0,1.0,0.0,1,106006.0
0,1,17,5,0,0,0,0,0,0,0,0,0,63,1.0,1.0,0.0,0.0,0.25,0.06,0.0,255,65,0.25,0.02,0.01,0.0,1.0,1.0,0.0,1,59449.0
0,1,46,5,0,0,0,0,0,0,0,0,0,136,1.0,1.0,0.0,0.0,0.13,0.06,0.0,40,10,0.25,0.12,0.03,0.0,1.0,1.0,0.0,1,64928.0
0,1,16,2,0,0,0,0,0,0,0,0,0,113,0.0,0.0,1.0,1.0,0.04,0.06,0.0,255,5,0.02,0.07,0.0,0.0,0.0,0.0,1.0,1,40046.0
0,1,22,5,0,0,0,0,0,0,0,0,0,201,1.0,1.0,0.0,0.0,0.0,0.06,0.0,255,8,0.03,0.08,0.0,0.0,1.0,1.0,0.0,1,56394.0
0,1,56,5,0,0,0,0,0,0,0,0,0,272,1.0,1.0,0.0,0.0,0.01,0.05,0.0,255,3,0.01,0.05,0.0,0.0,1.0,1.0,0.0,1,82640.0
0,2,11,9,45,71,0,0,0,0,0,0,0,148,0.0,0.0,0.0,0.0,1.0,0.0,0.0,255,255,1.0,0.0,0.01,0.0,0.0,0.0,0.0,0,43930.0
0,1,26,5,0,0,0,0,0,0,0,0,0,121,1.0,1.0,0.0,0.0,0.19,0.05,0.0,255,23,0.09,0.05,0.0,0.0,1.0,1.0,0.0,1,10257.0
0,1,46,1,0,0,0,0,0,0,0,0,0,232,0.0,0.0,1.0,1.0,0.04,0.07,0.0,255,9,0.04,0.07,0.0,0.0,0.0,0.0,1.0,1,99224.0
0,1,46,5,0,0,0,0,0,0,0,0,0,102,1.0,1.0,0.0,0.0,0.15,0.06,0.0,255,17,0.07,0.07,0.0,0.0,1.0,1.0,0.0,1,15242.0
0,1,22,1,0,0,0,0,0,0,0,0,0,1,0.0,0.0,1.0,1.0,1.0,0.0,0.0,7,33,1.0,0.0,0.14,0.18,0.0,0.0,1.0,0,94225.0
0,1,22,1,0,0,0,0,0,0,0,0,0,6,0.0,0.0,0.83,0.83,1.0,0.0,0.0,16,191,1.0,0.0,0.06,0.21,0.0,0.0,0.94,0,94813.0
0,1,22,9,325,11524,0,0,1,0,0,0,0,20,0.0,0.0,0.0,0.0,1.0,0.0,0.0,255,255,1.0,0.0,0.0,0.0,0.0,0.0,0.0,0,95264.0
0,1,38,1,0,0,0,0,0,0,0,0,0,105,0.0,0.0,1.0,1.0,0.03,0.07,0.0,255,3,0.01,0.06,0.0,0.0,0.0,0.0,1.0,1,68604.0
0,1,22,9,348,1587,0,0,1,0,0,0,0,5,0.0,0.0,0.0,0.0,1.0,0.0,0.18,255,255,1.0,0.0,0.0,0.0,0.0,0.0,0.0,0,52262.0
0,1,22,1,0,0,0,0,0,0,0,0,0,292,0.0,0.0,1.0,1.0,0.06,0.06,0.0,255,18,0.07,0.08,0.0,0.0,0.0,0.0,1.0,1,69667.0
0,2,11,9,43,76,0,0,0,0,0,0,0,117,0.0,0.0,0.0,0.0,1.0,0.0,0.0,255,254,1.0,0.01,0.0,0.0,0.0,0.0,0.0,0,124002.0
0,1,25,5,0,0,0,0,0,0,0,0,0,287,1.0,1.0,0.0,0.0,0.04,0.05,0.0,255,12,0.05,0.05,0.0,0.0,1.0,1.0,0.0,1,100207.0
0,1,22,9,307,7799,0,0,1,0,0,0,0,5,0.0,0.0,0.0,0.0,1.0,0.0,0.0,235,255,1.0,0.0,0.0,0.01,0.0,0.0,0.0,0,119677.0
0,1,46,5,0,0,0,0,0,0,0,0,0,35,1.0,1.0,0.0,0.0,0.11,0.17,0.0,255,14,0.05,0.09,0.0,0.0,1.0,1.0,0.0,1,41865.0
0,1,51,9,1181,436,0,0,1,0,0,0,0,1,0.0,0.0,0.0,0.0,1.0,0.0,0.0,84,146,0.4,0.05,0.01,0.01,0.0,0.0,0.0,0,11472.0
0,1,46,5,0,0,0,0,0,0,0,0,0,134,1.0,1.0,0.0,0.0,0.13,0.05,0.0,255,17,0.07,0.07,0.0,0.0,1.0,1.0,0.0,1,17771.0
0,1,26,5,0,0,0,0,0,0,0,0,0,272,1.0,1.0,0.0,0.0,0.08,0.05,0.0,255,23,0.09,0.05,0.0,0.0,1.0,1.0,0.0,1,5747.0
0,1,46,5,0,0,0,0,0,0,0,0,0,115,1.0,1.0,0.0,0.0,0.09,0.07,0.0,255,8,0.03,0.07,0.0,0.0,1.0,1.0,0.0,1,79196.0
0,1,22,9,175,8520,0,0,1,0,0,0,0,1,0.0,0.0,0.0,0.0,1.0,0.0,0.0,25,255,1.0,0.0,0.04,0.03,0.0,0.0,0.0,0,64824.0
0,1,51,9,1654,335,0,0,1,0,0,0,0,1,0.0,0.0,0.0,0.0,1.0,0.0,0.0,139,71,0.51,0.04,0.01,0.0,0.01,0.01,0.0,0,41688.0
0,1,56,5,0,0,0,0,0,0,0,0,0,232,1.0,1.0,0.0,0.0,0.03,0.07,0.0,255,8,0.03,0.08,0.0,0.0,1.0,1.0,0.0,1,3557.0
0,1,3,5,0,0,0,0,0,0,0,0,0,289,1.0,1.0,0.0,0.0,0.04,0.06,0.0,255,20,0.08,0.06,0.0,0.0,1.0,1.0,0.0,1,23489.0
0,1,19,9,7422,0,0,0,1,0,0,0,0,10,0.0,0.0,0.0,0.0,1.0,0.0,0.0,252,64,0.25,0.02,0.25,0.0,0.0,0.0,0.0,0,65117.0
0,1,22,9,307,12202,0,0,1,0,0,0,0,5,0.0,0.0,0.0,0.0,1.0,0.0,0.14,55,255,1.0,0.0,0.02,0.01,0.0,0.0,0.0,0,86263.0
0,2,11,9,32,0,0,0,0,0,0,0,0,1,0.0,0.0,0.0,0.0,1.0,0.0,1.0,202,25,0.11,0.03,0.11,0.08,0.0,0.0,0.0,0,40773.0
0,2,46,9,1,0,0,0,0,0,0,0,0,2,0.0,0.0,0.0,0.0,1.0,0.0,0.0,255,2,0.01,1.0,0.01,0.0,0.21,0.0,0.0,1,36497.0
0,1,51,9,1960,366,0,0,1,0,0,0,0,1,0.0,0.0,0.0,0.0,1.0,0.0,0.0,231,182,0.75,0.02,0.0,0.01,0.0,0.0,0.01,0,37162.0
0,1,22,9,209,9158,0,0,1,0,0,0,0,2,0.0,0.0,0.0,0.0,1.0,0.0,0.67,120,255,1.0,0.0,0.01,0.01,0.0,0.0,0.0,0,17591.0
0,0,14,9,1032,0,0,0,0,0,0,0,0,118,0.0,0.0,0.0,0.0,1.0,0.0,0.0,255,118,0.46,0.02,0.46,0.0,0.0,0.0,0.0,1,13816.0
3,1,51,9,1149,333,0,0,1,0,0,0,0,1,0.0,0.0,0.0,0.0,1.0,0.0,0.0,141,180,0.69,0.04,0.01,0.01,0.01,0.01,0.0,0,108938.0
0,0,13,9,8,0,0,0,0,0,0,0,0,1,0.0,0.0,0.0,0.0,1.0,0.0,1.0,2,38,1.0,0.0,1.0,0.5,0.0,0.0,0.0,1,120626.0
0,1,51,9,883,330,0,0,1,0,0,0,0,1,0.0,0.0,0.0,0.0,1.0,0.0,0.0,63,55,0.87,0.05,0.02,0.0,0.0,0.0,0.0,0,64197.0
0,1,22,5,0,0,0,0,0,0,0,0,0,17,1.0,1.0,0.0,0.0,0.59,0.24,0.0,255,61,0.24,0.04,0.0,0.0,1.0,1.0,0.0,1,92496.0
0,0,13,9,8,0,0,0,0,0,0,0,0,1,0.0,0.0,0.0,0.0,1.0,0.0,1.0,2,214,1.0,0.0,1.0,0.25,0.0,0.0,0.0,1,70608.0
0,1,56,5,0,0,0,0,0,0,0,0,0,283,1.0,1.0,0.0,0.0,0.07,0.06,0.0,255,1,0.0,0.07,0.0,0.0,1.0,1.0,0.0,1,12032.0
0,1,19,9,7422,0,0,0,1,0,0,0,0,8,0.0,0.0,0.0,0.0,1.0,0.0,0.0,255,44,0.17,0.02,0.17,0.0,0.0,0.0,0.0,0,228.0
75,1,22,9,287,8528,0,1,1,0,0,0,0,3,0.0,0.0,0.0,0.0,1.0,0.0,0.5,25,255,1.0,0.0,0.04,0.06,0.0,0.01,0.0,0,109823.0
0,1,3,1,0,0,0,0,0,0,0,0,0,231,0.0,0.0,1.0,1.0,0.07,0.06,0.0,255,16,0.06,0.07,0.0,0.0,0.0,0.0,1.0,1,120398.0
0,1,31,5,0,0,0,0,0,0,0,0,0,147,1.0,1.0,0.0,0.0,0.1,0.05,0.0,255,12,0.05,0.05,0.0,0.0,1.0,1.0,0.0,1,5286.0
0,1,19,9,88382,0,0,0,1,0,0,1,0,15,0.0,0.0,0.0,0.0,1.0,0.0,0.0,77,76,0.27,0.04,0.27,0.03,0.0,0.16,0.0,0,9383.0
0,1,46,5,0,0,0,0,0,0,0,0,0,246,1.0,1.0,0.0,0.0,0.08,0.06,0.0,255,20,0.08,0.07,0.0,0.0,1.0,1.0,0.0,1,113915.0
0,1,60,2,0,0,0,0,0,0,0,0,0,262,0.0,0.0,1.0,1.0,0.05,0.05,0.0,255,13,0.05,0.06,0.0,0.0,0.0,0.0,1.0,1,56667.0
0,1,26,1,0,0,0,0,0,0,0,0,0,269,0.0,0.0,1.0,1.0,0.04,0.06,0.0,255,10,0.04,0.08,0.0,0.0,0.0,0.0,1.0,1,118994.0
0,1,46,5,0,0,0,0,0,0,0,0,0,265,1.0,1.0,0.0,0.0,0.06,0.06,0.0,255,1,0.0,0.06,0.0,0.0,1.0,1.0,0.0,1,56532.0
0,1,51,9,2024,333,0,0,1,0,0,0,0,1,0.0,0.0,0.0,0.0,1.0,0.0,0.0,213,177,0.7,0.02,0.0,0.01,0.0,0.0,0.0,0,77086.0
0,1,51,9,1703,328,0,0,1,0,0,0,0,1,0.0,0.0,0.0,0.0,1.0,0.0,0.0,57,199,0.74,0.07,0.02,0.01,0.0,0.0,0.0,0,65211.0
2,1,19,9,2194619,0,0,0,1,0,0,0,0,2,0.0,0.0,0.0,0.0,1.0,0.0,0.75,116,34,0.29,0.03,0.29,0.0,0.0,0.0,0.0,0,124602.0
0,1,22,9,54540,8314,0,2,1,1,0,0,0,3,0.0,0.0,0.0,0.0,1.0,0.0,0.0,184,184,1.0,0.0,0.01,0.0,0.0,0.0,0.01,1,55004.0
0,1,51,9,608,327,0,0,1,0,0,0,0,1,0.0,0.0,0.0,0.0,1.0,0.0,0.0,152,74,0.49,0.02,0.01,0.0,0.0,0.0,0.0,0,11742.0
0,1,19,9,383,0,0,0,1,0,0,0,0,2,0.0,0.0,0.0,0.0,1.0,0.0,0.0,255,72,0.28,0.02,0.28,0.0,0.0,0.0,0.0,0,10835.0
0,1,54,5,0,0,0,0,0,0,0,0,0,297,1.0,1.0,0.0,0.0,0.06,0.06,0.0,255,3,0.01,0.09,0.0,0.0,1.0,1.0,0.0,1,117403.0
0,1,22,9,227,1483,0,0,1,0,0,0,0,18,0.0,0.0,0.0,0.0,1.0,0.0,0.15,82,255,1.0,0.0,0.01,0.05,0.0,0.0,0.0,0,67403.0
0,1,30,5,0,0,0,0,0,0,0,0,0,230,1.0,1.0,0.0,0.0,0.1,0.05,0.0,255,24,0.09,0.05,0.0,0.0,1.0,1.0,0.0,1,110612.0
0,1,22,9,224,2649,0,0,1,0,0,0,0,17,0.0,0.0,0.0,0.0,1.0,0.0,0.0,255,255,1.0,0.0,0.01,0.0,0.0,0.0,0.0,0,24149.0
0,0,14,9,1032,0,0,0,0,0,0,0,0,509,0.0,0.0,0.0,0.0,1.0,0.0,0.0,255,202,0.79,0.13,0.79,0.0,0.0,0.0,0.0,1,69494.0
0,1,22,9,243,1072,0,0,1,0,0,0,0,4,0.0,0.0,0.0,0.0,1.0,0.0,0.0,255,255,1.0,0.0,0.0,0.0,0.0,0.0,0.0,0,62211.0
0,1,22,9,219,1109,0,0,1,0,0,0,0,4,0.0,0.0,0.0,0.0,1.0,0.0,0.0,4,255,1.0,0.0,0.25,0.06,0.0,0.0,0.0,0,7878.0
0,1,46,4,0,0,0,0,0,0,0,0,0,1,0.0,0.0,1.0,1.0,1.0,0.0,0.0,180,1,0.01,0.09,0.07,0.0,0.0,0.0,1.0,1,118462.0
0,1,22,9,216,1214,0,0,1,0,0,0,0,14,0.0,0.0,0.0,0.0,1.0,0.0,0.0,14,255,1.0,0.0,0.07,0.02,0.0,0.0,0.0,0,18780.0
0,1,22,9,216,5234,0,0,1,0,0,0,0,4,0.0,0.0,0.0,0.0,1.0,0.0,0.0,4,255,1.0,0.0,0.25,0.04,0.0,0.0,0.0,0,62896.0
0,2,11,9,45,131,0,0,0,0,0,0,0,1,0.0,0.0,0.0,0.0,1.0,0.0,0.0,158,152,0.96,0.02,0.3,0.0,0.0,0.0,0.0,0,109796.0
0,1,12,5,0,0,0,0,0,0,0,0,0,177,1.0,1.0,0.0,0.0,0.08,0.06,0.0,255,15,0.06,0.06,0.0,0.0,1.0,1.0,0.0,1,15853.0
0,2,11,9,34,0,0,0,0,0,0,0,0,1,0.0,0.0,0.0,0.0,1.0,0.0,0.67,117,60,0.21,0.04,0.21,0.03,0.0,0.0,0.0,0,124322.0
0,1,22,9,285,1361,0,0,1,0,0,0,0,21,0.0,0.0,0.0,0.0,1.0,0.0,0.0,60,255,1.0,0.0,0.02,0.02,0.0,0.0,0.0,0,83457.0
0,1,31,5,0,0,0,0,0,0,0,0,0,125,1.0,1.0,0.0,0.0,0.16,0.06,0.0,255,2,0.01,0.06,0.0,0.0,1.0,1.0,0.0,1,22017.0
0,1,10,5,0,0,0,0,0,0,0,0,0,267,1.0,1.0,0.0,0.0,0.09,0.05,0.0,255,25,0.1,0.05,0.0,0.0,1.0,1.0,0.0,1,70167.0
0,1,26,5,0,0,0,0,0,0,0,0,0,300,1.0,1.0,0.0,0.0,0.05,0.05,0.0,255,15,0.06,0.07,0.0,0.0,1.0,1.0,0.0,1,22456.0
0,0,14,9,1032,0,0,0,0,0,0,0,0,511,0.0,0.0,0.0,0.0,1.0,0.0,0.0,255,13,0.05,0.17,0.05,0.0,0.17,0.0,0.0,1,47855.0
0,2,11,9,42,125,0,0,0,0,0,0,0,74,0.0,0.0,0.0,0.0,1.0,0.0,0.01,255,252,0.99,0.01,0.0,0.0,0.0,0.0,0.0,0,3430.0
0,1,19,9,9198,0,0,0,1,0,0,0,0,8,0.0,0.0,0.0,0.0,1.0,0.0,0.22,28,117,0.71,0.11,0.71,0.02,0.0,0.0,0.0,0,30043.0
0,1,19,9,852,0,0,0,1,0,0,0,0,2,0.0,0.0,0.0,0.0,1.0,0.0,0.0,255,51,0.2,0.02,0.1,0.0,0.33,0.43,0.0,0,57063.0
0,1,22,9,342,12832,0,0,1,0,0,0,0,3,0.0,0.0,0.0,0.0,1.0,0.0,0.0,134,255,1.0,0.0,0.01,0.02,0.0,0.0,0.0,0,62440.0
0,1,51,9,1089,335,0,0,0,0,0,0,0,2,0.0,0.0,0.0,0.0,0.5,1.0,0.0,109,104,0.45,0.12,0.01,0.02,0.03,0.0,0.0,0,49345.0
0,1,57,5,0,0,0,0,0,0,0,0,0,39,0.97,1.0,0.03,0.0,0.46,0.08,0.0,255,11,0.04,0.06,0.0,0.0,1.0,1.0,0.0,1,4287.0
0,1,46,5,0,0,0,0,0,0,0,0,0,117,1.0,1.0,0.0,0.0,0.01,0.07,0.0,255,4,0.02,0.05,0.0,0.0,1.0,1.0,0.0,1,35012.0
27,1,18,9,681,2077,0,14,1,0,0,0,0,1,0.0,0.0,0.0,0.0,1.0,0.0,0.0,104,9,0.09,0.04,0.01,0.0,0.0,0.0,0.0,0,51822.0
0,1,22,9,305,2507,0,0,1,0,0,0,0,6,0.0,0.0,0.0,0.0,1.0,0.0,0.0,52,49,0.94,0.04,0.02,0.0,0.0,0.0,0.0,0,87980.0
0,1,10,5,0,0,0,0,0,0,0,0,0,297,1.0,1.0,0.0,0.0,0.04,0.05,0.0,255,12,0.05,0.05,0.0,0.0,1.0,1.0,0.0,1,91556.0
0,1,22,9,316,940,0,0,1,0,0,0,0,13,0.0,0.0,0.0,0.0,1.0,0.0,0.0,109,255,1.0,0.0,0.01,0.04,0.0,0.0,0.0,0,40458.0
0,1,19,9,276,0,0,0,0,0,0,0,0,1,0.0,0.0,0.0,0.0,1.0,0.0,0.0,28,74,0.39,0.11,0.39,0.03,0.0,0.0,0.0,0,115044.0
0,1,46,5,0,0,0,0,0,0,0,0,0,228,1.0,1.0,0.0,0.0,0.02,0.07,0.0,255,3,0.01,0.07,0.0,0.0,1.0,1.0,0.0,1,65163.0
3,1,57,9,105,1298,0,0,0,0,0,0,0,1,0.0,0.0,0.0,0.0,1.0,0.0,0.0,83,3,0.02,0.06,0.01,0.67,0.0,0.0,0.0,0,111442.0
0,2,11,9,46,77,0,0,0,0,0,0,0,165,0.0,0.0,0.0,0.0,1.0,0.0,0.0,255,255,1.0,0.0,0.0,0.0,0.0,0.0,0.0,0,54692.0
0,1,26,5,0,0,0,0,0,0,0,0,0,233,1.0,1.0,0.0,0.0,0.06,0.06,0.0,255,14,0.05,0.06,0.0,0.0,1.0,1.0,0.0,1,118222.0
0,1,22,9,235,2698,0,0,1,0,0,0,1,7,0.0,0.0,0.0,0.0,1.0,0.0,0.0,255,250,0.98,0.01,0.0,0.0,0.0,0.0,0.0,0,69949.0
0,1,22,9,166,23013,0,0,1,0,0,0,0,1,0.0,0.0,0.0,0.0,1.0,0.0,1.0,248,255,1.0,0.0,0.0,0.01,0.0,0.0,0.0,0,36192.0
0,1,46,1,0,0,0,0,0,0,0,0,0,1,0.0,0.0,1.0,1.0,1.0,0.0,0.0,7,2,0.14,1.0,0.14,1.0,0.0,0.0,1.0,1,39212.0
0,1,22,9,240,3754,0,0,1,0,0,0,0,5,0.0,0.0,0.0,0.0,1.0,0.0,0.0,57,255,1.0,0.0,0.02,0.03,0.02,0.0,0.0,0,76189.0
0,1,46,5,0,0,0,0,0,0,0,0,0,76,1.0,1.0,0.0,0.0,0.21,0.05,0.0,255,5,0.02,0.07,0.0,0.0,1.0,1.0,0.0,1,62154.0
0,2,11,9,45,135,0,0,0,0,0,0,0,211,0.0,0.0,0.0,0.0,1.0,0.01,0.0,100,67,0.67,0.02,0.01,0.0,0.0,0.0,0.0,0,35347.0
0,1,22,9,232,1380,0,0,1,0,0,0,0,3,0.0,0.0,0.0,0.0,1.0,0.0,0.0,255,247,0.97,0.01,0.0,0.0,0.0,0.0,0.0,0,55153.0
0,2,11,9,43,74,0,0,0,0,0,0,0,30,0.0,0.0,0.0,0.0,1.0,0.0,0.0,255,255,1.0,0.0,0.0,0.0,0.0,0.0,0.0,0,59722.0
0,1,35,5,0,0,0,0,0,0,0,0,0,204,1.0,1.0,0.0,0.0,0.01,0.06,0.0,255,19,0.07,0.06,0.0,0.0,1.0,1.0,0.0,1,32522.0
0,1,22,9,206,642,0,0,1,0,0,0,0,29,0.0,0.0,0.0,0.0,1.0,0.0,0.06,255,255,1.0,0.0,0.0,0.0,0.0,0.0,0.0,0,79411.0
0,2,11,9,43,72,0,0,0,0,0,0,0,275,0.0,0.0,0.0,0.0,1.0,0.01,0.01,255,254,1.0,0.01,0.0,0.0,0.0,0.0,0.0,0,103877.0
0,1,19,9,334,0,0,0,1,0,0,0,0,2,0.0,0.0,0.0,0.0,1.0,0.0,0.0,2,55,1.0,0.0,1.0,0.13,0.0,0.02,0.0,1,92393.0
0,2,46,9,105,0,0,0,0,0,0,0,0,1,0.0,0.0,0.0,0.0,1.0,0.0,0.0,2,2,1.0,0.0,0.5,0.0,0.0,0.0,0.0,0,82809.0
0,1,22,9,208,1227,0,0,1,0,0,0,0,6,0.0,0.0,0.0,0.0,1.0,0.0,0.0,64,64,1.0,0.0,0.02,0.0,0.0,0.0,0.02,0,74684.0
0,1,22,9,295,1310,0,0,1,0,0,0,0,4,0.0,0.0,0.0,0.0,1.0,0.0,0.0,4,255,1.0,0.0,0.25,0.06,0.0,0.0,0.0,0,34885.0
0,1,22,9,208,2531,0,0,1,0,0,0,0,9,0.0,0.0,0.0,0.0,1.0,0.0,0.0,59,59,1.0,0.0,0.02,0.0,0.0,0.0,0.0,0,64203.0
0,1,22,9,147,425,0,0,1,0,0,0,0,1,0.0,0.0,0.0,0.0,1.0,0.0,0.0,246,246,1.0,0.0,0.0,0.0,0.0,0.0,0.0,0,36948.0
0,2,41,9,516,4,0,0,0,0,0,0,0,255,0.0,0.0,0.0,0.0,1.0,0.0,0.0,255,255,1.0,0.0,1.0,0.0,0.0,0.0,0.0,0,105305.0
0,1,22,9,310,1585,0,0,1,0,0,0,0,5,0.0,0.0,0.0,0.0,1.0,0.0,0.23,136,255,1.0,0.0,0.01,0.02,0.0,0.0,0.0,0,57994.0
0,1,19,9,3775,0,0,0,0,0,0,0,0,11,0.0,0.0,0.0,0.0,1.0,0.0,0.0,44,74,0.8,0.07,0.8,0.03,0.0,0.0,0.0,0,64150.0
0,1,41,4,0,0,0,0,0,0,0,0,0,1,0.0,0.0,1.0,1.0,1.0,0.0,0.0,255,1,0.0,0.71,1.0,0.0,0.0,0.0,1.0,1,33121.0
0,1,66,1,0,0,0,0,0,0,0,0,0,224,0.0,0.0,1.0,1.0,0.02,0.07,0.0,255,5,0.02,0.07,0.0,0.0,0.0,0.0,1.0,1,100017.0
0,1,22,9,340,821,0,0,1,0,0,0,0,2,0.0,0.0,0.0,0.0,1.0,0.0,0.8,105,255,1.0,0.0,0.01,0.02,0.0,0.0,0.01,0,116892.0
0,1,19,9,2056,0,0,0,1,0,0,0,0,4,0.0,0.0,0.0,0.0,1.0,0.0,0.0,255,155,0.61,0.03,0.62,0.0,0.0,0.01,0.0,0,103389.0
0,1,22,9,286,267,0,0,1,0,0,0,0,4,0.0,0.0,0.0,0.0,1.0,0.0,0.0,200,255,1.0,0.0,0.0,0.02,0.0,0.0,0.0,0,28835.0
0,1,24,5,0,0,0,0,0,0,0,0,0,112,0.99,1.0,0.0,0.0,0.16,0.07,0.0,255,18,0.07,0.06,0.0,0.0,1.0,1.0,0.0,1,123759.0
0,1,51,9,129,236,0,0,1,0,0,0,0,1,0.0,0.0,0.0,0.0,1.0,0.0,0.0,115,14,0.12,0.62,0.01,0.0,0.0,0.0,0.0,0,89662.0
0,1,41,1,0,0,0,0,0,0,0,0,0,511,0.02,0.0,0.98,1.0,0.0,1.0,0.0,255,1,0.0,1.0,0.0,0.0,0.05,0.0,1.0,1,27335.0
0,1,31,5,0,0,0,0,0,0,0,0,0,7,1.0,1.0,0.0,0.0,0.29,0.43,0.0,255,17,0.07,0.07,0.0,0.0,1.0,1.0,0.0,1,4697.0
0,1,22,9,171,1074,0,0,1,0,0,0,0,2,0.0,0.0,0.0,0.0,1.0,0.0,0.0,2,2,1.0,0.0,0.5,0.0,0.0,0.0,0.0,0,65320.0
0,1,22,9,306,913,0,0,1,0,0,0,0,15,0.0,0.0,0.0,0.0,1.0,0.0,0.09,255,255,1.0,0.0,0.0,0.0,0.0,0.0,0.0,0,72556.0
0,1,63,5,0,0,0,0,0,0,0,0,0,131,1.0,1.0,0.0,0.0,0.17,0.05,0.0,255,22,0.09,0.05,0.0,0.0,1.0,1.0,0.0,1,63393.0
0,1,22,9,198,465,0,0,1,0,0,0,0,2,0.0,0.0,0.0,0.0,1.0,0.0,0.09,2,255,1.0,0.0,0.5,0.04,0.0,0.0,0.0,0,38247.0
0,1,19,5,0,0,0,0,0,0,0,0,0,17,1.0,1.0,0.0,0.0,0.35,0.18,0.0,255,6,0.02,0.08,0.0,0.0,1.0,1.0,0.0,1,27417.0
0,1,22,9,291,15647,0,0,1,0,0,0,0,12,0.0,0.0,0.0,0.0,1.0,0.0,0.0,33,255,1.0,0.0,0.03,0.02,0.0,0.0,0.0,0,84264.0
0,1,60,9,0,4,0,0,0,0,0,0,0,1,0.0,0.0,0.0,0.0,1.0,0.0,0.0,13,13,1.0,0.0,0.08,0.0,0.08,0.08,0.0,0,31004.0
0,1,46,5,0,0,0,0,0,0,0,0,0,203,1.0,1.0,0.0,0.0,0.12,0.06,0.0,255,25,0.1,0.06,0.0,0.0,1.0,1.0,0.0,1,21391.0
0,1,46,5,0,0,0,0,0,0,0,0,0,270,1.0,1.0,0.0,0.0,0.05,0.07,0.0,255,14,0.05,0.06,0.0,0.0,1.0,1.0,0.0,1,27657.0
0,1,22,9,212,930,0,0,1,0,0,0,0,5,0.0,0.0,0.0,0.0,1.0,0.0,0.33,107,255,1.0,0.0,0.01,0.02,0.0,0.0,0.0,0,52617.0
0,1,19,9,637,0,0,0,0,0,0,0,0,8,0.0,0.0,0.0,0.0,0.88,0.25,0.0,45,98,0.64,0.16,0.69,0.02,0.0,0.0,0.0,0,18489.0
0,1,22,9,213,2431,0,0,1,0,0,0,0,2,0.0,0.0,0.0,0.0,1.0,0.0,0.0,2,255,1.0,0.0,0.5,0.01,0.0,0.01,0.0,0,4975.0
0,1,51,9,627,327,0,0,1,0,0,0,0,1,0.0,0.0,0.0,0.0,1.0,0.0,0.0,111,99,0.89,0.05,0.01,0.0,0.0,0.0,0.0,0,37283.0
0,1,46,1,0,0,0,0,0,0,0,0,0,402,0.0,0.0,1.0,1.0,0.0,0.52,0.0,255,1,0.0,0.52,1.0,0.0,0.0,0.0,1.0,1,85987.0
0,1,46,5,0,0,0,0,0,0,0,0,0,247,1.0,1.0,0.0,0.0,0.01,0.05,0.0,107,3,0.03,0.09,0.01,0.0,0.98,1.0,0.0,1,60430.0
0,1,22,9,209,3227,0,0,1,0,0,0,0,2,0.0,0.0,0.0,0.0,1.0,0.0,0.0,17,255,1.0,0.0,0.06,0.03,0.06,0.01,0.0,0,75125.0
0,1,56,5,0,0,0,0,0,0,0,0,0,281,1.0,1.0,0.0,0.0,0.07,0.05,0.0,255,9,0.04,0.07,0.0,0.0,1.0,1.0,0.0,1,110697.0
0,0,13,9,18,0,0,0,0,0,0,0,0,1,0.0,0.0,0.0,0.0,1.0,0.0,0.0,3,255,1.0,0.0,1.0,0.25,0.0,0.0,0.0,1,3358.0
0,1,32,5,0,0,0,0,0,0,0,0,0,194,1.0,1.0,0.0,0.0,0.07,0.08,0.0,255,14,0.05,0.09,0.0,0.0,1.0,1.0,0.0,1,36914.0
0,1,22,9,233,1114,0,0,1,0,0,0,0,3,0.0,0.0,0.0,0.0,1.0,0.0,0.0,7,255,1.0,0.0,0.14,0.03,0.0,0.0,0.0,0,70687.0
0,1,51,9,1616,334,0,0,1,0,0,0,0,1,0.0,0.0,0.0,0.0,1.0,0.0,0.0,222,166,0.69,0.02,0.0,0.01,0.0,0.0,0.0,0,82873.0
27,1,18,9,326,1063,0,6,1,0,0,0,0,1,0.0,0.0,0.0,0.0,1.0,0.0,0.0,146,43,0.29,0.03,0.01,0.0,0.0,0.0,0.0,0,56423.0
0,1,24,5,0,0,0,0,0,0,0,0,0,143,1.0,1.0,0.0,0.0,0.14,0.06,0.0,255,20,0.08,0.06,0.0,0.0,1.0,1.0,0.0,1,63058.0
0,1,12,5,0,0,0,0,0,0,0,0,0,266,1.0,1.0,0.0,0.0,0.08,0.06,0.0,255,20,0.08,0.08,0.0,0.0,1.0,1.0,0.0,1,106491.0
0,1,22,9,258,1772,0,0,1,0,0,0,0,1,0.0,0.0,0.0,0.0,1.0,0.0,0.75,38,255,1.0,0.0,0.03,0.07,0.0,0.0,0.0,0,81693.0
0,2,11,9,42,72,0,0,0,0,0,0,0,144,0.0,0.0,0.0,0.0,1.0,0.0,0.0,255,254,1.0,0.01,0.0,0.0,0.0,0.0,0.0,0,46663.0
0,2,11,9,42,42,0,0,0,0,0,0,0,1,0.0,0.0,0.0,0.0,1.0,0.0,0.0,255,246,0.96,0.01,0.01,0.0,0.0,0.0,0.0,0,68080.0
0,1,22,9,310,2350,0,0,1,0,0,0,0,8,0.0,0.0,0.0,0.0,1.0,0.0,0.0,8,94,1.0,0.0,0.12,0.09,0.0,0.0,0.0,0,116177.0
0,1,46,1,0,0,0,0,0,0,0,0,0,205,0.09,0.0,0.9,1.0,0.0,1.0,0.0,255,1,0.0,0.9,0.0,0.0,0.07,0.0,1.0,1,78833.0
0,1,51,9,940,330,0,0,1,0,0,0,0,1,0.0,0.0,0.0,0.0,1.0,0.0,0.0,83,168,0.67,0.04,0.01,0.01,0.0,0.0,0.0,0,106847.0
0,1,22,9,349,263,0,0,1,0,0,0,0,17,0.0,0.0,0.0,0.0,1.0,0.0,0.2,49,250,1.0,0.0,0.02,0.11,0.0,0.0,0.42,0,27148.0
0,1,22,9,164,274,0,0,1,0,0,0,0,1,0.0,0.0,0.0,0.0,1.0,0.0,1.0,2,255,1.0,0.0,0.5,0.08,0.0,0.0,0.0,0,85658.0
0,1,46,5,0,0,0,0,0,0,0,0,0,71,1.0,1.0,0.0,0.0,0.01,0.07,0.0,255,20,0.08,0.07,0.0,0.0,1.0,1.0,0.0,1,118743.0
0,1,19,6,20440,0,0,0,0,0,0,0,0,8,0.12,0.12,0.0,0.0,1.0,0.0,0.0,224,88,0.39,0.03,0.39,0.0,0.02,0.01,0.0,0,43007.0
0,1,22,5,0,0,0,0,0,0,0,0,0,2,0.5,0.33,0.0,0.0,1.0,0.0,0.67,3,255,1.0,0.0,0.67,0.05,0.33,0.01,0.0,0,100159.0
2064,2,41,9,145,105,0,0,0,0,0,0,0,1,0.0,0.0,0.0,0.0,1.0,0.0,0.0,255,3,0.01,0.44,0.81,0.0,0.0,0.0,0.0,0,107686.0
0,1,22,9,301,1362,0,0,1,0,0,0,0,6,0.0,0.0,0.0,0.0,1.0,0.0,0.33,11,255,1.0,0.0,0.09,0.02,0.0,0.0,0.0,0,48238.0
0,2,46,9,28,0,3,0,0,0,0,0,0,141,0.71,0.0,0.0,0.0,0.29,0.05,0.0,255,41,0.16,0.84,0.16,0.0,0.09,0.0,0.0,1,40662.0
0,2,11,9,46,46,0,0,0,0,0,0,0,107,0.0,0.0,0.0,0.0,1.0,0.0,0.0,255,245,0.96,0.01,0.0,0.0,0.0,0.0,0.0,0,26796.0
0,1,64,5,0,0,0,0,0,0,0,0,0,257,1.0,1.0,0.0,0.0,0.08,0.05,0.0,255,20,0.08,0.07,0.0,0.0,1.0,1.0,0.0,1,117778.0
0,1,51,9,2695,335,0,0,1,0,0,0,0,1,0.0,0.0,0.0,0.0,1.0,0.0,0.0,47,134,0.55,0.11,0.02,0.01,0.0,0.0,0.0,0,76046.0
0,1,4,5,0,0,0,0,0,0,0,0,0,234,1.0,1.0,0.0,0.0,0.07,0.06,0.0,255,12,0.05,0.08,0.0,0.0,1.0,1.0,0.0,1,21876.0
0,0,14,9,1032,0,0,0,0,0,0,0,0,511,0.0,0.0,0.0,0.0,1.0,0.0,0.0,255,117,0.46,0.01,0.46,0.0,0.0,0.0,0.0,1,93104.0
0,1,22,1,0,0,0,0,0,0,0,0,0,284,0.0,0.0,1.0,1.0,0.05,0.06,0.0,255,13,0.05,0.06,0.0,0.0,0.0,0.0,1.0,1,84071.0
0,1,37,1,0,0,0,0,0,0,0,0,0,270,0.0,0.0,1.0,1.0,0.04,0.06,0.0,255,10,0.04,0.07,0.0,0.0,0.0,0.0,1.0,1,50663.0
0,1,22,9,192,10734,0,0,1,0,0,0,0,2,0.0,0.0,0.0,0.0,1.0,0.0,0.0,201,255,1.0,0.0,0.0,0.02,0.0,0.0,0.0,0,41520.0
0,1,22,9,234,3675,0,0,1,0,0,0,0,19,0.0,0.0,0.0,0.0,1.0,0.0,0.0,19,255,1.0,0.0,0.05,0.06,0.0,0.0,0.0,0,119706.0
0,1,22,9,199,392,0,0,1,0,0,0,0,35,0.0,0.0,0.0,0.0,1.0,0.0,0.08,255,255,1.0,0.0,0.0,0.0,0.0,0.0,0.0,0,36328.0
0,1,46,5,0,0,0,0,0,0,0,0,0,191,1.0,1.0,0.0,0.0,0.02,0.07,0.0,255,3,0.01,0.06,0.0,0.0,1.0,1.0,0.0,1,55619.0
0,2,11,9,45,45,0,0,0,0,0,0,0,115,0.0,0.0,0.0,0.0,1.0,0.0,0.0,255,255,1.0,0.0,0.01,0.0,0.0,0.0,0.0,0,92358.0
0,1,19,9,7012,0,0,0,1,0,0,0,0,5,0.0,0.0,0.0,0.0,1.0,0.0,0.0,11,11,1.0,0.0,1.0,0.0,0.0,0.0,0.0,0,117698.0
0,1,19,9,884,0,0,0,1,0,0,0,0,2,0.0,0.0,0.0,0.0,1.0,0.0,0.0,107,140,0.76,0.04,0.76,0.01,0.01,0.0,0.0,0,34006.0
0,2,11,9,44,128,0,0,0,0,0,0,0,76,0.0,0.0,0.0,0.0,1.0,0.0,0.01,255,237,0.93,0.01,0.0,0.0,0.0,0.0,0.0,0,28839.0
0,1,46,5,0,0,0,0,0,0,0,0,0,86,1.0,1.0,0.0,0.0,0.05,0.07,0.0,255,17,0.07,0.06,0.0,0.0,1.0,1.0,0.0,1,16256.0
0,1,22,9,339,16091,0,0,1,0,0,0,0,14,0.0,0.0,0.0,0.0,1.0,0.0,0.0,89,255,1.0,0.0,0.01,0.01,0.0,0.0,0.0,0,43368.0
0,1,46,2,0,0,0,0,0,0,0,0,0,101,0.0,0.0,1.0,1.0,0.02,0.06,0.0,255,2,0.01,0.06,0.0,0.0,0.0,0.0,1.0,1,100963.0
0,2,11,9,34,0,0,0,0,0,0,0,0,1,0.0,0.0,0.0,0.0,1.0,0.0,1.0,163,14,0.07,0.04,0.07,0.14,0.0,0.0,0.0,0,88536.0
0,1,46,1,0,0,0,0,0,0,0,0,0,147,0.0,0.0,1.0,1.0,0.12,0.05,0.0,255,17,0.07,0.05,0.0,0.0,0.0,0.0,1.0,1,15967.0
0,2,11,9,45,127,0,0,0,0,0,0,0,181,0.0,0.0,0.0,0.0,0.99,0.01,0.0,255,241,0.95,0.01,0.0,0.0,0.0,0.0,0.0,0,77759.0
0,1,22,9,267,872,0,0,1,0,0,0,0,4,0.0,0.0,0.0,0.0,1.0,0.0,0.0,184,255,1.0,0.0,0.01,0.03,0.0,0.0,0.01,0,125849.0
0,1,22,9,191,891,0,0,1,0,0,0,0,6,0.0,0.0,0.0,0.0,1.0,0.0,0.29,171,255,1.0,0.0,0.01,0.01,0.0,0.0,0.0,0,52716.0
0,1,22,9,304,462,0,0,1,0,0,0,0,12,0.0,0.0,0.0,0.0,1.0,0.0,0.0,255,255,1.0,0.0,0.0,0.0,0.0,0.0,0.0,0,60349.0
0,0,14,9,1032,0,0,0,0,0,0,0,0,511,0.0,0.0,0.0,0.0,1.0,0.0,0.0,255,222,0.87,0.01,0.87,0.0,0.0,0.0,0.0,1,36675.0
0,1,22,9,262,9051,0,0,1,0,0,0,0,1,0.0,0.0,0.0,0.0,1.0,0.0,0.0,255,255,1.0,0.0,0.0,0.0,0.0,0.0,0.0,0,81456.0
0,1,8,2,0,0,0,0,0,0,0,0,0,279,0.0,0.0,1.0,1.0,0.07,0.06,0.0,255,20,0.08,0.06,0.0,0.0,0.0,0.0,1.0,1,116648.0
0,1,51,9,1445,329,0,0,1,0,0,0,0,1,0.0,0.0,0.0,0.0,1.0,0.0,0.0,157,87,0.55,0.07,0.01,0.0,0.01,0.01,0.0,0,21643.0
0,1,22,9,319,261,0,0,1,0,0,0,0,1,0.0,0.0,0.0,0.0,1.0,0.0,0.0,255,255,1.0,0.0,0.0,0.0,0.0,0.0,0.0,0,44575.0
0,1,22,9,177,5903,0,0,1,0,0,0,0,19,0.0,0.0,0.0,0.0,1.0,0.0,0.0,142,255,1.0,0.0,0.01,0.02,0.0,0.0,0.0,0,31948.0
0,1,20,5,0,0,0,0,0,0,0,0,0,293,1.0,1.0,0.0,0.0,0.08,0.05,0.0,255,22,0.09,0.05,0.0,0.0,1.0,1.0,0.0,1,47814.0
0,1,22,9,147,8678,0,0,1,0,0,0,0,1,0.0,0.0,0.0,0.0,1.0,0.0,0.0,5,255,1.0,0.0,0.2,0.02,0.0,0.0,0.0,0,63410.0
0,1,22,9,219,406,0,0,1,0,0,0,0,10,0.0,0.0,0.0,0.0,1.0,0.0,0.18,255,255,1.0,0.0,0.0,0.0,0.0,0.0,0.0,0,81374.0
0,1,22,9,259,564,0,0,1,0,0,0,0,3,0.0,0.0,0.0,0.0,1.0,0.0,0.0,255,255,1.0,0.0,0.0,0.0,0.0,0.0,0.0,0,75884.0
0,1,19,9,5558,0,0,0,0,0,0,0,0,1,0.0,0.0,0.0,0.0,1.0,0.0,0.0,70,35,0.19,0.06,0.19,0.06,0.0,0.0,0.0,0,64030.0
0,1,63,5,0,0,0,0,0,0,0,0,0,120,1.0,1.0,0.0,0.0,0.02,0.06,0.0,255,1,0.0,0.07,0.0,0.0,1.0,1.0,0.0,1,899.0
0,1,21,1,0,0,0,0,0,0,0,0,0,154,0.0,0.0,1.0,1.0,0.08,0.08,0.0,255,12,0.05,0.07,0.0,0.0,0.0,0.0,1.0,1,45514.0
0,1,22,9,204,15189,0,0,1,0,0,0,0,3,0.0,0.0,0.0,0.0,1.0,0.0,0.25,3,255,1.0,0.0,0.33,0.07,0.0,0.0,0.0,0,67110.0
0,1,41,9,59,0,0,0,0,0,0,0,0,23,0.04,0.0,0.0,0.0,0.04,0.78,0.0,195,1,0.01,0.11,0.42,0.0,0.01,0.0,0.0,0,21233.0
0,1,22,9,320,2280,0,0,1,0,0,0,0,15,0.0,0.0,0.0,0.0,1.0,0.0,0.0,255,255,1.0,0.0,0.0,0.0,0.0,0.0,0.0,0,94086.0
0,1,22,9,301,2239,0,0,1,0,0,0,0,6,0.0,0.0,0.0,0.0,1.0,0.0,0.0,147,143,0.97,0.01,0.01,0.0,0.0,0.0,0.0,0,112185.0
0,1,22,9,281,9525,0,0,1,0,0,0,0,1,0.0,0.0,0.0,0.0,1.0,0.0,0.0,210,255,1.0,0.0,0.0,0.02,0.0,0.0,0.0,0,105232.0
0,1,17,5,0,0,0,0,0,0,0,0,0,33,1.0,1.0,0.0,0.0,0.24,0.12,0.0,255,63,0.25,0.02,0.01,0.0,1.0,1.0,0.0,1,2175.0
0,1,22,9,467,5876,0,0,1,0,0,0,0,8,0.0,0.0,0.0,0.0,1.0,0.0,0.0,255,255,1.0,0.0,0.0,0.0,0.0,0.0,0.0,0,28814.0
0,0,14,9,1032,0,0,0,0,0,0,0,0,511,0.0,0.0,0.0,0.0,1.0,0.0,0.0,255,35,0.14,0.09,0.14,0.0,0.08,0.0,0.0,1,53869.0
0,1,53,4,0,0,0,0,0,0,0,0,0,1,0.0,0.0,1.0,1.0,1.0,0.0,0.0,255,1,0.0,0.42,0.4,0.0,0.0,0.0,1.0,1,29543.0
0,2,46,9,1,0,0,0,0,0,0,0,0,149,0.0,0.0,0.0,0.0,0.93,0.01,0.0,255,204,0.8,0.03,1.0,0.0,0.0,0.0,0.0,1,30708.0
0,1,22,9,188,3484,0,0,1,0,0,0,0,2,0.0,0.0,0.0,0.2,1.0,0.0,0.4,4,255,1.0,0.0,0.25,0.03,0.0,0.0,0.0,0,78676.0
0,1,22,9,286,301,0,0,1,0,0,0,0,3,0.0,0.0,0.0,0.0,1.0,0.0,0.0,34,255,1.0,0.0,0.03,0.01,0.0,0.0,0.0,0,38446.0
0,1,22,9,324,10647,0,0,1,0,0,0,0,2,0.0,0.0,0.0,0.0,1.0,0.0,0.0,11,14,1.0,0.0,0.09,0.14,0.0,0.14,0.07,0,601.0
0,1,46,5,0,0,0,0,0,0,0,0,0,266,1.0,1.0,0.0,0.0,0.05,0.06,0.0,255,13,0.05,0.07,0.0,0.0,1.0,1.0,0.0,1,32170.0
0,1,22,9,281,337,0,0,1,0,0,0,0,17,0.0,0.0,0.0,0.0,1.0,0.0,0.11,137,255,1.0,0.0,0.01,0.02,0.0,0.0,0.0,0,57483.0
0,1,22,9,293,7643,0,0,1,0,0,0,0,3,0.0,0.0,0.0,0.0,1.0,0.0,0.0,154,255,1.0,0.0,0.01,0.05,0.0,0.0,0.0,0,120714.0
0,1,57,0,2287,9328,0,2,0,0,0,0,0,1,0.0,0.0,0.0,0.0,1.0,0.0,0.0,86,7,0.08,0.06,0.01,0.0,0.0,0.0,0.0,0,88236.0
0,1,6,5,0,0,0,0,0,0,0,0,0,145,1.0,1.0,0.0,0.0,0.14,0.04,0.0,255,21,0.08,0.05,0.0,0.0,1.0,1.0,0.0,1,4184.0
0,1,22,9,338,799,0,0,1,0,0,0,0,9,0.0,0.0,0.0,0.0,1.0,0.0,0.0,105,255,1.0,0.0,0.01,0.02,0.0,0.0,0.0,0,44368.0
0,1,22,9,349,1911,0,0,1,0,0,0,0,13,0.0,0.0,0.0,0.0,1.0,0.0,0.2,99,255,1.0,0.0,0.01,0.01,0.0,0.0,0.0,0,114989.0
0,1,8,5,0,0,0,0,0,0,0,0,0,103,1.0,1.0,0.0,0.0,0.04,0.07,0.0,255,10,0.04,0.07,0.0,0.0,1.0,1.0,0.0,1,125170.0
0,1,20,1,0,0,0,0,0,0,0,0,0,106,0.0,0.0,1.0,1.0,0.12,0.06,0.0,255,13,0.05,0.08,0.0,0.0,0.0,0.0,1.0,1,94643.0
0,1,22,9,310,8222,0,0,1,0,0,0,0,1,0.0,0.0,0.0,0.0,1.0,0.0,1.0,59,255,1.0,0.0,0.02,0.03,0.0,0.01,0.0,0,30078.0
0,1,22,9,233,16118,0,0,1,0,0,0,0,14,0.0,0.0,0.0,0.0,1.0,0.0,0.0,255,255,1.0,0.0,0.0,0.0,0.01,0.01,0.0,0,11165.0
0,1,46,5,0,0,0,0,0,0,0,0,0,196,1.0,1.0,0.0,0.0,0.09,0.06,0.0,255,4,0.02,0.07,0.0,0.0,1.0,1.0,0.0,1,47721.0
0,1,5,5,0,0,0,0,0,0,0,0,0,110,1.0,1.0,0.0,0.0,0.11,0.08,0.0,255,12,0.05,0.07,0.0,0.0,1.0,1.0,0.0,1,115225.0
0,1,17,5,0,0,0,0,0,0,0,0,0,272,1.0,1.0,0.0,0.0,0.01,0.05,0.0,255,3,0.01,0.05,0.0,0.0,1.0,1.0,0.0,1,82402.0
0,1,22,9,208,3002,0,0,1,0,0,0,0,5,0.0,0.0,0.0,0.0,1.0,0.0,0.25,44,255,1.0,0.0,0.02,0.03,0.02,0.0,0.0,0,72958.0
0,2,11,9,126,44,0,0,0,0,0,0,0,254,0.0,0.0,0.0,0.0,1.0,0.01,0.0,143,110,0.77,0.01,0.25,0.0,0.0,0.0,0.0,0,669.0
1,1,18,9,1178,2447,0,28,1,0,0,0,0,1,0.0,0.0,0.0,0.0,1.0,0.0,0.0,255,113,0.44,0.02,0.0,0.0,0.0,0.0,0.0,0,41568.0
0,0,13,9,20,0,0,0,0,0,0,0,0,1,0.0,0.0,0.0,0.0,1.0,0.0,0.0,210,1,0.0,0.77,0.0,0.0,0.03,0.0,0.0,0,122130.0
41476,1,46,4,1,0,0,0,0,0,0,0,0,2,0.0,0.0,1.0,1.0,1.0,0.0,0.0,246,2,0.01,0.26,0.51,0.0,0.0,0.0,1.0,1,18593.0
0,1,51,9,2895,332,0,0,1,0,0,0,0,1,0.0,0.0,0.0,0.0,1.0,0.0,0.0,255,140,0.55,0.02,0.0,0.0,0.0,0.0,0.0,0,120309.0
0,1,31,5,0,0,0,0,0,0,0,0,0,11,1.0,1.0,0.0,0.0,0.64,0.18,0.0,255,7,0.03,0.07,0.0,0.0,1.0,1.0,0.0,1,42117.0
0,1,3,9,10,39,0,0,0,0,0,0,0,1,0.0,0.0,0.0,0.0,1.0,0.0,0.0,243,10,0.04,0.02,0.0,0.0,0.0,0.0,0.0,0,88591.0
0,1,22,9,206,1856,0,0,1,0,0,0,0,14,0.0,0.0,0.0,0.0,1.0,0.0,0.13,255,255,1.0,0.0,0.0,0.0,0.0,0.0,0.0,0,121264.0
0,1,46,5,0,0,0,0,0,0,0,0,0,270,1.0,1.0,0.0,0.0,0.06,0.04,0.0,130,15,0.12,0.08,0.01,0.0,0.98,1.0,0.0,1,38800.0
0,0,13,9,18,0,0,0,0,0,0,0,0,1,0.0,0.0,0.0,0.0,1.0,0.0,0.0,4,108,1.0,0.0,1.0,0.25,0.0,0.0,0.0,1,43536.0
0,1,19,9,965,0,0,0,1,0,0,0,0,4,0.0,0.0,0.0,0.0,1.0,0.0,0.0,222,72,0.32,0.03,0.32,0.0,0.02,0.03,0.0,0,26888.0
0,1,22,9,249,2395,0,0,1,0,0,0,0,3,0.0,0.0,0.0,0.0,1.0,0.0,0.0,163,255,1.0,0.0,0.01,0.03,0.0,0.0,0.0,0,34620.0
0,0,13,9,8,0,0,0,0,0,0,0,0,1,0.0,0.0,0.0,0.0,1.0,0.0,1.0,1,77,1.0,0.0,1.0,0.51,0.0,0.0,0.0,1,122592.0
0,1,22,9,392,42660,0,0,1,0,0,0,0,7,0.0,0.0,0.0,0.0,1.0,0.0,0.0,255,255,1.0,0.0,0.0,0.0,0.0,0.0,0.0,0,93047.0
0,0,14,9,1032,0,0,0,0,0,0,0,0,95,0.0,0.0,0.0,0.0,1.0,0.0,0.0,255,95,0.37,0.02,0.37,0.0,0.0,0.0,0.0,1,59609.0
0,1,22,9,158,9231,0,0,1,0,0,0,0,3,0.0,0.0,0.0,0.0,1.0,0.0,0.0,18,255,1.0,0.0,0.06,0.03,0.0,0.0,0.0,0,40493.0
0,1,22,6,184,21900,0,0,1,0,0,0,0,1,1.0,1.0,0.0,0.0,1.0,0.0,0.0,10,10,1.0,0.0,0.1,0.0,0.1,0.1,0.0,0,15975.0
0,0,14,9,520,0,0,0,0,0,0,0,0,48,0.0,0.0,0.0,0.0,1.0,0.0,0.0,255,255,1.0,0.0,1.0,0.0,0.0,0.0,0.0,1,83551.0
0,1,22,9,226,982,0,0,1,0,0,0,0,3,0.0,0.0,0.0,0.0,1.0,0.0,0.44,107,255,1.0,0.0,0.01,0.07,0.0,0.0,0.0,0,44344.0
0,1,22,9,154,5796,0,0,1,0,0,0,0,1,0.0,0.0,0.0,0.0,1.0,0.0,1.0,54,255,1.0,0.0,0.02,0.06,0.02,0.01,0.0,0,124867.0
0,1,46,1,0,0,0,0,0,0,0,0,0,239,0.0,0.0,1.0,1.0,0.06,0.07,0.0,255,14,0.05,0.07,0.0,0.0,0.0,0.0,1.0,1,71367.0
4,1,22,9,180,1911,0,1,1,0,0,0,0,1,0.0,0.0,0.0,0.0,1.0,0.0,0.0,255,254,1.0,0.01,0.0,0.0,0.0,0.0,0.0,0,44383.0
0,0,13,9,8,0,0,0,0,0,0,0,0,1,0.0,0.0,0.0,0.0,1.0,0.0,1.0,2,94,1.0,0.0,1.0,0.5,0.0,0.0,0.0,1,30346.0
0,2,11,9,45,81,0,0,0,0,0,0,0,109,0.0,0.0,0.0,0.0,1.0,0.0,0.02,255,253,0.99,0.01,0.0,0.0,0.0,0.0,0.0,0,107049.0
0,0,13,9,18,0,0,0,0,0,0,0,0,1,0.0,0.0,0.0,0.0,1.0,0.0,0.0,2,78,1.0,0.0,1.0,0.26,0.0,0.0,0.0,1,64938.0
0,1,22,9,289,594,0,0,1,0,0,0,0,1,0.0,0.0,0.0,0.0,1.0,0.0,0.17,16,255,1.0,0.0,0.06,0.04,0.0,0.0,0.0,0,65948.0
0,1,22,9,217,364,0,0,1,0,0,0,0,5,0.0,0.0,0.0,0.0,1.0,0.0,0.43,5,255,1.0,0.0,0.2,0.05,0.0,0.0,0.0,0,87029.0
0,1,22,9,207,931,0,0,1,0,0,0,0,4,0.0,0.0,0.0,0.0,1.0,0.0,0.4,255,255,1.0,0.0,0.0,0.0,0.0,0.0,0.0,0,26116.0
0,1,64,1,0,0,0,0,0,0,0,0,0,246,0.0,0.0,1.0,1.0,0.08,0.07,0.0,255,20,0.08,0.07,0.0,0.0,0.0,0.0,1.0,1,120.0
0,1,46,5,0,0,0,0,0,0,0,0,0,135,1.0,1.0,0.0,0.0,0.01,0.06,0.0,255,4,0.02,0.05,0.0,0.0,1.0,1.0,0.0,1,91856.0
0,0,13,9,8,0,0,0,0,0,0,0,0,1,0.0,0.0,0.0,0.0,1.0,0.0,1.0,1,97,1.0,0.0,1.0,0.51,0.0,0.0,0.0,1,6670.0
0,1,22,9,300,4505,0,0,1,0,0,0,0,2,0.0,0.0,0.0,0.0,1.0,0.0,0.0,37,255,1.0,0.0,0.03,0.03,0.0,0.0,0.0,0,74639.0
0,1,46,5,0,0,0,0,0,0,0,0,0,131,1.0,1.0,0.0,0.0,0.11,0.05,0.0,255,26,0.1,0.06,0.0,0.0,1.0,1.0,0.0,1,79169.0
0,1,2,5,0,0,0,0,0,0,0,0,0,192,1.0,1.0,0.0,0.0,0.05,0.06,0.0,255,9,0.04,0.07,0.0,0.0,1.0,1.0,0.0,1,99145.0
0,2,11,9,44,136,0,0,0,0,0,0,0,72,0.0,0.0,0.0,0.0,1.0,0.0,0.01,255,216,0.85,0.02,0.0,0.0,0.0,0.0,0.0,0,81477.0
0,1,22,9,203,1704,0,0,1,0,0,0,0,13,0.0,0.0,0.0,0.0,1.0,0.0,0.0,73,255,1.0,0.0,0.01,0.04,0.0,0.0,0.0,0,21861.0
0,1,22,9,232,4296,0,0,1,0,0,0,0,2,0.0,0.0,0.0,0.0,1.0,0.0,0.67,6,255,1.0,0.0,0.17,0.01,0.0,0.0,0.0,0,111106.0
1,1,51,9,1006,332,0,0,1,0,0,0,0,1,0.0,0.0,0.0,0.0,1.0,0.0,1.0,126,152,0.64,0.06,0.01,0.01,0.0,0.0,0.0,0,8994.0
0,1,19,9,192,0,0,0,1,0,0,0,0,2,0.0,0.0,0.0,0.0,1.0,0.0,0.0,27,64,0.85,0.11,0.85,0.05,0.0,0.02,0.0,0,8204.0
0,1,22,9,220,843,0,0,1,0,0,0,0,12,0.0,0.0,0.0,0.0,1.0,0.0,0.0,27,255,1.0,0.0,0.04,0.02,0.0,0.0,0.0,0,26196.0
0,1,22,9,283,14426,0,0,1,0,0,0,0,14,0.0,0.0,0.0,0.0,1.0,0.0,0.0,15,255,1.0,0.0,0.07,0.04,0.0,0.0,0.0,0,33082.0
0,1,25,5,0,0,0,0,0,0,0,0,0,283,1.0,1.0,0.0,0.0,0.05,0.06,0.0,255,13,0.05,0.08,0.0,0.0,1.0,1.0,0.0,1,73980.0
0,1,22,9,217,350,0,0,1,0,0,0,0,13,0.0,0.0,0.0,0.0,1.0,0.0,0.0,255,255,1.0,0.0,0.0,0.0,0.0,0.0,0.0,0,93259.0
0,1,4,5,0,0,0,0,0,0,0,0,0,200,1.0,1.0,0.0,0.0,0.03,0.07,0.0,255,4,0.02,0.07,0.0,0.0,1.0,1.0,0.0,1,47471.0
0,1,46,5,0,0,0,0,0,0,0,0,0,141,1.0,1.0,0.0,0.0,0.09,0.06,0.0,255,13,0.05,0.08,0.0,0.0,1.0,1.0,0.0,1,88526.0
0,0,13,9,8,0,0,0,0,0,0,0,0,1,0.0,0.0,0.0,0.0,1.0,0.0,1.0,1,86,1.0,0.0,1.0,0.51,0.0,0.0,0.0,1,82655.0
0,1,22,9,323,4396,0,0,1,0,0,0,0,8,0.0,0.0,0.0,0.0,1.0,0.0,0.0,30,255,1.0,0.0,0.03,0.02,0.0,0.0,0.0,0,15209.0
0,0,13,9,8,0,0,0,0,0,0,0,0,1,0.0,0.0,0.0,0.0,1.0,0.0,1.0,1,57,1.0,0.0,1.0,0.53,0.0,0.0,0.0,1,86842.0
0,1,6,5,0,0,0,0,0,0,0,0,0,195,1.0,1.0,0.0,0.0,0.1,0.06,0.0,255,19,0.07,0.07,0.0,0.0,1.0,1.0,0.0,1,14010.0
0,1,22,9,361,865,0,0,1,0,0,0,0,11,0.0,0.0,0.0,0.0,1.0,0.0,0.0,40,255,1.0,0.0,0.03,0.06,0.0,0.0,0.0,0,110723.0
0,1,46,5,0,0,0,0,0,0,0,0,0,172,1.0,1.0,0.0,0.0,0.04,0.06,0.0,255,20,0.08,0.07,0.0,0.0,1.0,1.0,0.0,1,44483.0
0,1,46,5,0,0,0,0,0,0,0,0,0,274,1.0,1.0,0.0,0.0,0.01,0.06,0.0,255,7,0.03,0.07,0.0,0.0,1.0,1.0,0.0,1,26364.0
0,1,22,9,199,354,0,0,1,0,0,0,0,29,0.0,0.0,0.0,0.0,1.0,0.0,0.0,251,255,1.0,0.0,0.0,0.01,0.0,0.0,0.0,0,94888.0
0,2,11,9,46,46,0,0,0,0,0,0,0,107,0.0,0.0,0.0,0.0,1.0,0.0,0.02,255,227,0.89,0.01,0.01,0.0,0.0,0.0,0.0,0,71595.0
9192,1,0,4,2428,8709,0,0,0,0,0,0,0,1,0.0,0.0,1.0,1.0,1.0,0.0,0.0,88,22,0.25,0.02,0.01,0.0,0.0,0.0,0.55,0,58393.0
0,1,19,9,276,0,0,0,1,0,0,0,0,2,0.0,0.0,0.0,0.0,1.0,0.0,0.0,26,68,0.31,0.19,0.31,0.03,0.0,0.0,0.0,0,105205.0
0,1,46,5,0,0,0,0,0,0,0,0,0,139,1.0,1.0,0.0,0.0,0.07,0.06,0.0,255,16,0.06,0.06,0.0,0.0,1.0,1.0,0.0,1,90719.0
0,1,32,5,0,0,0,0,0,0,0,0,0,284,1.0,1.0,0.0,0.0,0.01,0.05,0.0,255,3,0.01,0.05,0.0,0.0,1.0,1.0,0.0,1,105662.0
0,1,22,9,285,3005,0,0,1,0,0,0,0,3,0.0,0.0,0.0,0.0,1.0,0.0,0.1,3,255,1.0,0.0,0.33,0.05,0.0,0.0,0.0,0,24271.0
0,1,22,9,217,1020,0,0,1,0,0,0,0,5,0.0,0.0,0.0,0.0,1.0,0.0,0.0,11,255,1.0,0.0,0.09,0.05,0.0,0.0,0.0,0,3345.0
0,1,45,5,0,0,0,0,0,0,0,0,0,135,1.0,1.0,0.0,0.0,0.13,0.06,0.0,255,17,0.07,0.06,0.0,0.0,1.0,1.0,0.0,1,51560.0
0,1,5,5,0,0,0,0,0,0,0,0,0,133,1.0,1.0,0.0,0.0,0.14,0.06,0.0,255,3,0.01,0.08,0.0,0.0,1.0,1.0,0.0,1,80615.0
0,2,46,9,207,0,0,0,0,0,0,0,0,2,0.0,0.0,0.0,0.0,1.0,0.0,0.0,108,92,0.85,0.02,0.85,0.0,0.0,0.0,0.0,1,57234.0
0,1,41,1,0,0,0,0,0,0,0,0,0,339,0.06,0.0,0.9,1.0,0.0,1.0,0.0,255,1,0.0,1.0,0.0,0.0,0.08,0.0,1.0,1,50727.0
0,1,22,9,213,3120,0,0,1,0,0,0,0,2,0.0,0.0,0.0,0.0,1.0,0.0,0.0,43,255,1.0,0.0,0.02,0.05,0.0,0.0,0.0,0,60860.0
0,1,46,5,0,0,0,0,0,0,0,0,0,120,1.0,1.0,0.0,0.0,0.11,0.06,0.0,255,11,0.04,0.08,0.0,0.0,1.0,1.0,0.0,1,34019.0
0,1,16,5,0,0,0,0,0,0,0,0,0,108,1.0,1.0,0.0,0.0,0.07,0.06,0.0,255,3,0.01,0.09,0.0,0.0,1.0,1.0,0.0,1,73660.0
0,1,19,5,0,0,0,0,0,0,0,0,0,68,1.0,1.0,0.0,0.0,0.24,0.06,0.0,255,71,0.28,0.02,0.02,0.0,1.0,1.0,0.0,1,47883.0
0,1,19,9,641,0,0,0,1,0,0,0,0,2,0.0,0.0,0.0,0.0,1.0,0.0,0.0,255,112,0.44,0.04,0.44,0.0,0.0,0.0,0.0,0,88232.0
0,1,22,9,237,275,0,0,1,0,0,0,0,16,0.0,0.0,0.0,0.0,1.0,0.0,0.1,255,255,1.0,0.0,0.0,0.0,0.0,0.0,0.0,0,124118.0
0,1,46,1,0,0,0,0,0,0,0,0,0,281,0.07,0.0,0.88,1.0,0.0,1.0,0.0,255,1,0.0,1.0,0.0,0.0,0.08,0.0,1.0,1,63359.0
0,1,22,9,356,2145,0,0,1,0,0,0,0,4,0.0,0.0,0.0,0.0,1.0,0.0,0.5,36,250,1.0,0.0,0.03,0.12,0.0,0.0,0.46,0,57100.0
0,1,22,9,153,19525,0,0,1,0,0,0,0,1,0.0,0.0,0.0,0.0,1.0,0.0,0.0,2,6,1.0,0.0,0.5,0.33,0.5,0.17,0.0,0,82006.0
0,1,3,5,0,0,0,0,0,0,0,0,0,257,1.0,1.0,0.0,0.0,0.01,0.06,0.0,255,3,0.01,0.07,0.0,0.0,1.0,1.0,0.0,1,89288.0
36592,1,46,4,1,0,0,0,0,0,0,0,0,2,0.0,0.0,1.0,1.0,1.0,0.0,0.0,255,2,0.01,0.5,1.0,0.0,0.0,0.0,1.0,1,72238.0
0,1,51,9,618,387,0,0,1,0,0,0,0,1,0.0,0.0,0.0,0.0,1.0,0.0,1.0,216,137,0.49,0.01,0.0,0.01,0.93,0.73,0.0,0,37173.0
22616,1,46,4,1,0,0,0,0,0,0,0,0,2,0.0,0.0,1.0,1.0,1.0,0.0,0.0,255,2,0.01,0.73,1.0,0.0,0.0,0.0,1.0,1,27827.0
0,1,22,9,225,1155,0,0,1,0,0,0,0,28,0.0,0.0,0.0,0.0,1.0,0.0,0.07,101,255,1.0,0.0,0.01,0.02,0.01,0.0,0.0,0,68657.0
0,1,37,1,0,0,0,0,0,0,0,0,0,243,0.0,0.0,1.0,1.0,0.03,0.06,0.0,255,7,0.03,0.07,0.0,0.0,0.0,0.0,1.0,1,102034.0
0,1,46,5,0,0,0,0,0,0,0,0,0,238,1.0,1.0,0.0,0.0,0.08,0.06,0.0,255,18,0.07,0.06,0.0,0.0,1.0,1.0,0.0,1,104620.0
0,1,22,9,54540,8314,0,2,1,1,0,0,0,6,0.0,0.0,0.0,0.0,1.0,0.0,0.0,39,39,1.0,0.0,0.03,0.0,0.0,0.0,0.05,1,49029.0
0,0,14,9,1032,0,0,0,0,0,0,0,0,511,0.0,0.0,0.0,0.0,1.0,0.0,0.0,255,218,0.85,0.02,0.85,0.0,0.0,0.0,0.0,1,111176.0
0,1,22,9,326,11202,0,0,1,0,0,0,0,3,0.33,0.33,0.0,0.0,1.0,0.0,0.0,206,255,1.0,0.0,0.0,0.01,0.0,0.0,0.0,0,101752.0
0,1,46,5,0,0,0,0,0,0,0,0,0,109,1.0,1.0,0.0,0.0,0.07,0.06,0.0,255,1,0.0,0.08,0.0,0.0,1.0,1.0,0.0,1,33817.0
0,1,22,9,191,511,0,0,1,0,0,0,0,10,0.0,0.0,0.0,0.0,1.0,0.0,0.0,255,255,1.0,0.0,0.0,0.0,0.0,0.0,0.0,0,21481.0
0,1,46,5,0,0,0,0,0,0,0,0,0,23,1.0,1.0,0.0,0.0,0.26,0.22,0.0,255,10,0.04,0.08,0.0,0.0,1.0,1.0,0.0,1,67035.0
0,1,22,9,317,5316,0,0,1,0,0,0,0,5,0.0,0.0,0.0,0.0,1.0,0.0,0.15,255,255,1.0,0.0,0.0,0.0,0.0,0.0,0.0,0,121052.0
0,0,14,9,520,0,0,0,0,0,0,0,0,418,0.0,0.0,0.0,0.0,1.0,0.0,0.0,255,255,1.0,0.0,1.0,0.0,0.0,0.0,0.0,1,54381.0
0,1,46,5,0,0,0,0,0,0,0,0,0,139,1.0,1.0,0.0,0.0,0.04,0.06,0.0,255,5,0.02,0.08,0.0,0.0,1.0,1.0,0.0,1,92619.0
0,1,22,9,266,4428,0,0,1,0,0,0,0,1,0.0,0.0,0.0,0.0,1.0,0.0,0.0,1,255,1.0,0.0,1.0,0.05,0.0,0.0,0.0,0,33576.0
1665,2,41,9,146,105,0,0,0,0,0,0,0,2,0.0,0.0,0.0,0.0,1.0,0.0,0.0,182,2,0.01,0.49,0.84,0.0,0.0,0.0,0.0,0,39416.0
0,0,13,9,30,0,0,0,0,0,0,0,0,2,0.0,0.0,0.0,0.0,0.5,1.0,0.0,255,4,0.02,0.01,0.11,0.0,0.0,0.0,0.0,0,48156.0
0,2,11,9,46,142,0,0,0,0,0,0,0,91,0.0,0.0,0.0,0.0,1.0,0.0,0.01,255,253,0.99,0.01,0.0,0.0,0.0,0.0,0.0,0,4782.0
12880,2,41,9,146,105,0,0,0,0,0,0,0,1,0.0,0.0,0.0,0.0,1.0,0.0,0.0,255,1,0.0,0.64,0.91,0.0,0.0,0.0,0.0,0,77075.0
0,1,19,9,12,0,0,0,0,0,0,0,0,1,0.0,0.0,0.0,0.0,1.0,0.0,0.0,255,37,0.15,0.55,0.15,0.0,0.55,0.0,0.0,0,74610.0
0,1,55,5,0,0,0,0,0,0,0,0,0,126,1.0,1.0,0.0,0.0,0.11,0.06,0.0,255,3,0.01,0.07,0.0,0.0,1.0,1.0,0.0,1,5975.0
0,1,66,5,0,0,0,0,0,0,0,0,0,229,1.0,1.0,0.0,0.0,0.07,0.07,0.0,255,15,0.06,0.08,0.0,0.0,1.0,1.0,0.0,1,79835.0
0,2,46,9,1,0,0,0,0,0,0,0,0,13,0.0,0.0,0.0,0.0,0.31,0.15,0.0,255,39,0.15,0.32,0.85,0.0,0.02,0.0,0.0,1,66004.0
0,2,11,9,45,45,0,0,0,0,0,0,0,38,0.0,0.0,0.0,0.0,1.0,0.0,0.03,255,255,1.0,0.0,0.01,0.0,0.0,0.0,0.0,0,49878.0
0,1,22,9,283,405,0,0,1,0,0,0,0,17,0.0,0.0,0.0,0.0,1.0,0.0,0.0,59,255,1.0,0.0,0.02,0.05,0.0,0.0,0.0,0,62461.0
0,1,17,9,6,265,0,0,0,0,0,0,0,8,0.0,0.0,0.0,0.0,0.12,0.25,0.0,255,2,0.01,0.01,0.0,0.0,0.0,0.0,0.0,0,25852.0
0,1,22,9,194,1437,0,0,1,0,0,0,0,4,0.0,0.0,0.0,0.0,1.0,0.0,0.0,14,255,1.0,0.0,0.07,0.02,0.0,0.0,0.0,0,102802.0
0,1,29,1,0,0,0,0,0,0,0,0,0,277,0.0,0.0,1.0,1.0,0.04,0.06,0.0,255,10,0.04,0.07,0.0,0.0,0.0,0.0,1.0,1,22910.0
0,1,19,9,7422,0,0,0,0,0,0,0,0,15,0.0,0.0,0.0,0.0,1.0,0.0,0.0,123,29,0.24,0.03,0.24,0.0,0.0,0.0,0.0,0,25140.0
0,1,22,9,316,7546,0,0,1,0,0,0,0,25,0.0,0.0,0.0,0.0,1.0,0.0,0.08,255,255,1.0,0.0,0.0,0.0,0.0,0.0,0.0,0,56705.0
0,1,63,5,0,0,0,0,0,0,0,0,0,137,1.0,1.0,0.0,0.0,0.08,0.07,0.0,255,11,0.04,0.07,0.0,0.0,1.0,1.0,0.0,1,45217.0
0,1,41,9,8325,0,0,0,0,0,0,0,0,17,0.06,0.0,0.0,0.0,0.06,0.71,0.0,255,1,0.0,0.05,0.44,0.0,0.0,0.0,0.0,0,99794.0
0,1,46,1,0,0,0,0,0,0,0,0,0,296,0.0,0.0,1.0,1.0,0.06,0.05,0.0,255,19,0.07,0.07,0.0,0.0,0.0,0.0,1.0,1,22477.0
0,1,46,5,0,0,0,0,0,0,0,0,0,127,1.0,1.0,0.0,0.0,0.05,0.07,0.0,255,6,0.02,0.07,0.01,0.0,1.0,1.0,0.0,1,27993.0
232,2,41,9,146,105,0,0,0,0,0,0,0,1,0.0,0.0,0.0,0.0,1.0,0.0,0.0,255,1,0.0,0.66,0.95,0.0,0.0,0.0,0.0,0,98511.0
0,1,46,5,0,0,0,0,0,0,0,0,0,207,1.0,1.0,0.0,0.0,0.02,0.07,0.0,255,7,0.03,0.07,0.0,0.0,1.0,1.0,0.0,1,88246.0
0,1,22,9,340,2238,0,0,1,0,0,0,0,27,0.0,0.0,0.0,0.0,1.0,0.0,0.0,255,255,1.0,0.0,0.0,0.0,0.0,0.0,0.0,0,59402.0
0,1,22,9,223,740,0,0,1,0,0,0,0,11,0.0,0.0,0.0,0.0,1.0,0.0,0.29,41,255,1.0,0.0,0.02,0.03,0.0,0.0,0.0,0,13567.0
0,1,22,9,288,5943,0,0,1,0,0,0,0,13,0.0,0.0,0.0,0.0,1.0,0.0,0.14,255,255,1.0,0.0,0.0,0.0,0.0,0.0,0.0,0,61448.0
15,1,51,9,12191,1409,0,0,1,0,0,0,0,1,0.0,0.0,0.0,0.0,1.0,0.0,0.0,103,90,0.87,0.04,0.01,0.0,0.0,0.0,0.0,0,10613.0
0,1,2,5,0,0,0,0,0,0,0,0,0,276,1.0,1.0,0.0,0.0,0.03,0.05,0.0,255,8,0.03,0.05,0.0,0.0,1.0,1.0,0.0,1,79772.0
0,1,20,1,0,0,0,0,0,0,0,0,0,168,0.0,0.0,1.0,1.0,0.06,0.07,0.0,255,10,0.04,0.08,0.0,0.0,0.0,0.0,1.0,1,49576.0
0,1,22,9,299,305,0,0,1,0,0,0,0,17,0.0,0.0,0.0,0.0,1.0,0.0,0.0,255,255,1.0,0.0,0.0,0.0,0.0,0.0,0.0,0,102936.0
0,1,46,5,0,0,0,0,0,0,0,0,0,291,1.0,1.0,0.0,0.0,0.09,0.04,0.0,255,25,0.1,0.05,0.0,0.0,1.0,1.0,0.0,1,8050.0
0,1,66,5,0,0,0,0,0,0,0,0,0,108,1.0,1.0,0.0,0.0,0.05,0.06,0.0,255,5,0.02,0.06,0.0,0.0,1.0,1.0,0.0,1,123289.0
0,1,22,9,197,2531,0,0,1,0,0,0,0,5,0.0,0.0,0.0,0.0,1.0,0.0,0.0,215,215,1.0,0.0,0.0,0.0,0.0,0.0,0.0,0,65759.0
0,2,11,9,43,43,0,0,0,0,0,0,0,112,0.0,0.0,0.0,0.0,1.0,0.0,0.01,255,255,1.0,0.0,0.01,0.0,0.0,0.0,0.0,0,98431.0
0,1,22,9,314,396,0,0,1,0,0,0,0,27,0.0,0.0,0.0,0.0,1.0,0.0,0.0,255,255,1.0,0.0,0.0,0.0,0.0,0.0,0.0,0,24030.0
0,1,22,1,0,0,0,0,0,0,0,0,0,1,0.0,0.0,1.0,1.0,1.0,0.0,0.0,1,201,1.0,0.0,1.0,0.03,0.0,0.0,0.68,0,50590.0
35,1,51,9,768,333,0,0,1,0,0,0,0,1,0.0,0.0,0.0,0.0,1.0,0.0,1.0,240,152,0.63,0.03,0.0,0.0,0.0,0.0,0.0,0,16180.0
0,1,46,4,0,0,0,0,0,0,0,0,0,1,0.0,0.0,1.0,1.0,1.0,0.0,0.0,110,1,0.01,0.57,0.56,0.0,0.05,0.0,1.0,1,109807.0
0,1,36,5,0,0,0,0,0,0,0,0,0,202,1.0,1.0,0.0,0.0,0.01,0.06,0.0,255,17,0.07,0.07,0.0,0.0,1.0,1.0,0.0,1,79782.0
0,1,22,9,203,353,0,0,1,0,0,0,0,3,0.0,0.0,0.0,0.0,1.0,0.0,0.5,4,255,1.0,0.0,0.25,0.03,0.0,0.0,0.0,0,35039.0
1,1,17,9,10,140,0,0,0,0,0,0,0,1,0.0,0.0,0.0,0.0,1.0,0.0,0.0,71,14,0.08,0.04,0.01,0.21,0.0,0.0,0.07,0,55914.0
0,1,22,9,293,709,0,0,1,0,0,0,0,14,0.0,0.0,0.0,0.0,1.0,0.0,0.0,51,255,1.0,0.0,0.02,0.04,0.0,0.0,0.0,0,83873.0
6,1,51,8,1493,365,0,0,1,0,0,0,0,1,1.0,1.0,0.0,0.0,1.0,0.0,0.0,132,145,0.32,0.05,0.01,0.01,0.02,0.01,0.0,0,1857.0
0,0,14,9,1032,0,0,0,0,0,0,0,0,511,0.0,0.0,0.0,0.0,1.0,0.0,0.0,255,102,0.4,0.19,0.4,0.0,0.0,0.0,0.0,1,113834.0
0,1,22,9,355,2142,0,0,1,0,0,0,0,9,0.0,0.0,0.0,0.0,1.0,0.0,0.0,40,255,1.0,0.0,0.03,0.01,0.0,0.0,0.0,0,23723.0
0,2,11,9,44,70,0,0,0,0,0,0,0,194,0.0,0.0,0.0,0.0,1.0,0.0,0.0,255,254,1.0,0.01,0.0,0.0,0.0,0.0,0.0,0,42496.0
0,1,46,5,0,0,0,0,0,0,0,0,0,222,1.0,1.0,0.0,0.0,0.09,0.06,0.0,255,20,0.08,0.08,0.0,0.0,1.0,1.0,0.0,1,88432.0
0,1,22,9,237,1349,0,0,1,0,0,0,0,26,0.0,0.0,0.0,0.0,1.0,0.0,0.06,181,255,1.0,0.0,0.01,0.01,0.0,0.0,0.0,0,51389.0
0,1,22,9,231,832,0,0,1,0,0,0,0,23,0.0,0.0,0.0,0.0,1.0,0.0,0.0,118,255,1.0,0.0,0.01,0.05,0.0,0.0,0.0,0,119743.0
0,1,22,9,293,1651,0,0,1,0,0,0,0,13,0.0,0.0,0.0,0.0,1.0,0.0,0.18,255,255,1.0,0.0,0.0,0.0,0.0,0.0,0.0,0,2461.0
0,1,19,9,10044,0,0,0,1,0,0,0,0,12,0.0,0.0,0.0,0.0,1.0,0.0,0.0,26,112,0.69,0.12,0.69,0.03,0.0,0.01,0.0,0,117706.0
0,1,60,2,0,0,0,0,0,0,0,0,0,133,0.0,0.0,1.0,1.0,0.02,0.08,0.0,255,3,0.01,0.07,0.0,0.0,0.0,0.0,1.0,1,111092.0
0,1,19,9,192,0,0,0,1,0,0,0,0,2,0.0,0.0,0.0,0.0,1.0,0.0,0.0,255,117,0.46,0.02,0.46,0.0,0.0,0.0,0.0,0,74828.0
0,1,51,9,1928,331,0,0,1,0,0,0,0,1,0.0,0.0,0.0,0.0,1.0,0.0,0.0,255,17,0.07,0.45,0.0,0.0,0.0,0.0,0.0,0,94406.0
0,1,18,5,0,0,0,0,0,0,0,0,0,244,1.0,1.0,0.0,0.0,0.08,0.06,0.0,255,20,0.08,0.07,0.0,0.0,1.0,1.0,0.0,1,38688.0
0,1,17,5,0,0,0,0,0,0,0,0,0,1,1.0,1.0,0.0,0.0,1.0,0.0,0.0,255,44,0.17,0.04,0.0,0.0,1.0,1.0,0.0,1,82500.0
0,1,22,9,219,1745,0,0,1,0,0,0,0,16,0.0,0.0,0.0,0.0,1.0,0.0,0.0,255,255,1.0,0.0,0.0,0.0,0.0,0.0,0.0,0,25604.0
0,2,11,9,45,134,0,0,0,0,0,0,0,71,0.0,0.0,0.0,0.0,0.99,0.03,0.02,255,196,0.77,0.02,0.0,0.0,0.0,0.0,0.0,0,60639.0
1,1,46,3,0,0,0,0,0,0,0,0,0,75,0.79,0.67,0.21,0.33,0.04,0.37,0.0,255,3,0.01,0.11,0.29,0.0,0.23,0.67,0.33,1,39488.0
0,1,22,9,262,807,0,0,1,0,0,0,0,17,0.0,0.0,0.0,0.0,1.0,0.0,0.11,193,255,1.0,0.0,0.01,0.01,0.0,0.0,0.0,0,52585.0
0,1,19,9,740,0,0,0,1,0,0,9,0,2,0.0,0.0,0.0,0.0,1.0,0.0,0.0,255,122,0.48,0.02,0.48,0.0,0.0,0.0,0.0,0,111635.0
0,1,57,5,0,0,0,0,0,0,0,0,0,108,1.0,1.0,0.0,0.0,0.07,0.06,0.0,255,27,0.11,0.06,0.0,0.0,1.0,1.0,0.0,1,85251.0
0,1,46,5,0,0,0,0,0,0,0,0,0,135,1.0,1.0,0.0,0.0,0.04,0.06,0.0,255,5,0.02,0.09,0.0,0.0,1.0,1.0,0.0,1,124505.0
0,1,46,5,0,0,0,0,0,0,0,0,0,69,1.0,1.0,0.0,0.0,0.1,0.07,0.0,255,19,0.07,0.06,0.0,0.0,1.0,1.0,0.0,1,63340.0
0,2,11,9,44,71,0,0,0,0,0,0,0,108,0.0,0.0,0.0,0.0,1.0,0.0,0.0,255,254,1.0,0.01,0.0,0.0,0.0,0.0,0.0,0,89750.0
0,1,46,5,0,0,0,0,0,0,0,0,0,215,1.0,1.0,0.0,0.0,0.05,0.07,0.0,255,10,0.04,0.08,0.0,0.0,1.0,1.0,0.0,1,75212.0
0,1,46,1,0,0,0,0,0,0,0,0,0,240,0.0,0.0,1.0,1.0,0.07,0.06,0.0,255,16,0.06,0.08,0.0,0.0,0.0,0.0,1.0,1,31000.0
0,1,22,9,214,266,0,0,1,0,0,0,0,10,0.0,0.0,0.0,0.0,1.0,0.0,0.25,12,255,1.0,0.0,0.08,0.02,0.0,0.0,0.0,0,1511.0
0,1,22,9,329,716,0,0,1,0,0,0,0,16,0.0,0.0,0.0,0.0,1.0,0.0,0.0,255,255,1.0,0.0,0.0,0.0,0.0,0.0,0.0,0,28337.0
34,1,18,9,236,769,0,4,1,0,0,0,0,1,0.0,0.0,0.0,0.0,1.0,0.0,0.0,82,27,0.33,0.06,0.01,0.0,0.01,0.0,0.0,0,112425.0
0,1,19,9,10073,0,0,0,1,0,0,0,0,16,0.0,0.0,0.0,0.0,1.0,0.0,0.12,255,101,0.4,0.02,0.4,0.0,0.0,0.0,0.0,0,47776.0
0,1,39,5,0,0,0,0,0,0,0,0,0,212,1.0,1.0,0.0,0.0,0.09,0.07,0.0,255,20,0.08,0.08,0.0,0.0,1.0,1.0,0.0,1,69893.0
0,1,22,8,215,176,0,0,1,0,0,0,0,17,0.06,0.09,0.0,0.0,1.0,0.0,0.22,255,255,1.0,0.0,0.0,0.0,0.0,0.0,0.0,0,27225.0
5068,1,19,9,5133876,0,0,1,1,0,0,0,0,1,0.0,0.0,0.0,0.0,1.0,0.0,0.0,8,16,1.0,0.0,1.0,0.12,0.0,0.0,0.0,0,76426.0
0,1,46,5,0,0,0,0,0,0,0,0,0,279,1.0,1.0,0.0,0.0,0.08,0.05,0.0,255,23,0.09,0.05,0.0,0.0,1.0,1.0,0.0,1,1088.0
0,2,11,9,42,76,0,0,0,0,0,0,0,232,0.0,0.0,0.0,0.0,1.0,0.0,0.01,255,219,0.86,0.01,0.0,0.0,0.0,0.0,0.0,0,53796.0
0,1,22,9,351,9790,0,0,1,0,0,0,0,35,0.0,0.0,0.0,0.0,1.0,0.0,0.0,255,255,1.0,0.0,0.0,0.0,0.0,0.0,0.0,0,90235.0
0,1,22,9,314,33988,0,0,1,0,0,0,0,29,0.0,0.0,0.0,0.0,1.0,0.0,0.0,239,255,1.0,0.0,0.0,0.01,0.0,0.0,0.0,0,3836.0
0,2,11,9,45,139,0,0,0,0,0,0,0,283,0.0,0.0,0.0,0.0,1.0,0.0,0.0,255,251,0.98,0.01,0.0,0.0,0.0,0.0,0.0,0,37568.0
0,1,46,5,0,0,0,0,0,0,0,0,0,114,0.99,1.0,0.0,0.0,0.13,0.06,0.0,255,13,0.05,0.06,0.0,0.0,1.0,1.0,0.0,1,44769.0
0,1,22,1,0,0,0,0,0,0,0,0,0,1,0.0,0.0,1.0,1.0,1.0,0.0,0.0,19,65,1.0,0.0,0.05,0.11,0.0,0.0,1.0,0,79602.0
21143,1,46,4,1,0,0,0,0,0,0,0,0,2,0.0,0.0,1.0,1.0,1.0,0.0,0.0,255,2,0.01,0.64,1.0,0.0,0.0,0.0,1.0,1,117781.0
0,2,11,9,43,43,0,0,0,0,0,0,0,231,0.0,0.0,0.0,0.0,1.0,0.0,0.0,255,250,0.98,0.01,0.0,0.0,0.0,0.0,0.0,0,11628.0
0,1,22,9,226,5357,0,0,1,0,0,0,0,2,0.0,0.0,0.0,0.33,1.0,0.0,0.67,255,232,0.91,0.01,0.0,0.0,0.0,0.0,0.0,0,40424.0
0,1,22,9,221,876,0,0,1,0,0,0,0,5,0.0,0.0,0.0,0.0,1.0,0.0,0.33,147,255,1.0,0.0,0.01,0.05,0.01,0.0,0.0,0,108589.0
0,1,22,9,208,464,0,0,1,0,0,0,0,8,0.0,0.0,0.0,0.0,1.0,0.0,0.0,58,255,1.0,0.0,0.02,0.05,0.0,0.0,0.0,0,47458.0
0,1,46,5,0,0,0,0,0,0,0,0,0,45,1.0,1.0,0.0,0.0,0.02,0.11,0.0,255,11,0.04,0.08,0.0,0.0,1.0,1.0,0.0,1,93784.0
0,1,9,5,0,0,0,0,0,0,0,0,0,109,1.0,1.0,0.0,0.0,0.08,0.06,0.0,255,9,0.04,0.06,0.0,0.0,1.0,1.0,0.0,1,47703.0
0,1,19,9,0,5020,0,0,1,0,0,0,0,1,0.0,0.0,0.0,0.0,1.0,0.0,0.0,3,41,1.0,0.0,1.0,0.05,0.0,0.0,0.0,0,38524.0
0,1,22,9,299,480,0,0,1,0,0,0,0,4,0.0,0.0,0.0,0.0,1.0,0.0,0.4,100,255,1.0,0.0,0.01,0.02,0.0,0.0,0.0,0,10302.0
0,2,41,9,516,4,0,0,0,0,0,0,0,224,0.0,0.0,0.0,0.0,1.0,0.0,0.0,224,224,1.0,0.0,1.0,0.0,0.0,0.0,0.0,0,118733.0
0,1,46,1,0,0,0,0,0,0,0,0,0,1,0.0,0.0,1.0,1.0,1.0,0.0,0.0,255,1,0.0,0.64,0.59,0.0,0.01,0.0,1.0,1,77523.0
0,1,22,9,224,1680,0,0,1,0,0,0,0,7,0.0,0.0,0.0,0.0,1.0,0.0,0.25,255,255,1.0,0.0,0.0,0.0,0.0,0.0,0.0,0,46191.0
0,1,46,5,0,0,0,0,0,0,0,0,0,134,1.0,1.0,0.0,0.0,0.07,0.07,0.0,255,13,0.05,0.07,0.0,0.0,1.0,1.0,0.0,1,34117.0
0,1,2,5,0,0,0,0,0,0,0,0,0,21,1.0,1.0,0.0,0.0,0.24,0.24,0.0,255,11,0.04,0.08,0.0,0.0,1.0,1.0,0.0,1,69237.0
0,1,22,1,0,0,0,0,0,0,0,0,0,1,0.0,0.0,1.0,1.0,1.0,0.0,0.0,125,109,0.87,0.02,0.01,0.0,0.0,0.0,1.0,0,44453.0
0,1,22,9,321,3411,0,0,1,0,0,0,0,1,0.0,0.0,0.0,0.0,1.0,0.0,1.0,69,255,1.0,0.0,0.01,0.03,0.0,0.0,0.0,0,75463.0
0,2,11,9,44,135,0,0,0,0,0,0,0,74,0.0,0.0,0.0,0.0,1.0,0.0,0.01,255,216,0.85,0.01,0.0,0.0,0.0,0.0,0.0,0,48696.0
0,1,22,1,0,0,0,0,0,0,0,0,0,1,0.0,0.0,1.0,1.0,1.0,0.0,1.0,27,73,1.0,0.0,0.04,0.1,0.0,0.0,1.0,0,59779.0
0,1,22,9,316,2152,0,0,1,0,0,0,0,4,0.0,0.0,0.0,0.0,1.0,0.0,0.05,10,194,1.0,0.0,0.1,0.05,0.0,0.0,0.0,0,116629.0
1096,1,0,4,115,1567,0,0,1,0,0,0,0,1,0.0,0.0,1.0,1.0,1.0,0.0,0.0,4,3,0.75,0.5,0.25,0.0,0.25,0.33,0.67,0,1725.0
0,1,22,9,227,1522,0,0,1,0,0,0,0,2,0.0,0.0,0.0,0.0,1.0,0.0,0.0,114,255,1.0,0.0,0.01,0.02,0.0,0.0,0.0,0,2184.0
0,1,25,5,0,0,0,0,0,0,0,0,0,217,1.0,1.0,0.0,0.0,0.02,0.07,0.0,255,20,0.08,0.08,0.0,0.0,1.0,1.0,0.0,1,6873.0
0,1,22,5,0,0,0,0,0,0,0,0,0,208,1.0,1.0,0.0,0.0,0.08,0.06,0.0,255,17,0.07,0.08,0.0,0.0,1.0,1.0,0.0,1,67046.0
0,1,46,5,0,0,0,0,0,0,0,0,0,208,1.0,1.0,0.0,0.0,0.0,0.06,0.0,255,19,0.07,0.08,0.0,0.0,1.0,1.0,0.0,1,89771.0
0,1,46,5,0,0,0,0,0,0,0,0,0,261,1.0,1.0,0.0,0.0,0.07,0.06,0.0,255,7,0.03,0.06,0.0,0.0,1.0,1.0,0.0,1,4459.0
0,1,46,5,0,0,0,0,0,0,0,0,0,216,1.0,1.0,0.0,0.0,0.08,0.07,0.0,255,20,0.08,0.07,0.0,0.0,1.0,1.0,0.0,1,12161.0
0,0,13,9,30,0,0,0,0,0,0,0,0,7,0.0,0.0,0.0,0.0,0.29,0.29,0.0,255,8,0.03,0.01,0.09,0.0,0.0,0.0,0.0,0,45743.0
0,0,13,9,30,0,0,0,0,0,0,0,0,1,0.0,0.0,0.0,0.0,1.0,0.0,0.0,47,90,0.98,0.04,0.98,0.26,0.0,0.0,0.0,0,31493.0
0,1,46,5,0,0,0,0,0,0,0,0,0,127,1.0,1.0,0.0,0.0,0.06,0.06,0.0,255,13,0.05,0.07,0.0,0.0,1.0,1.0,0.0,1,24351.0
0,1,22,9,309,1937,0,0,1,0,0,0,0,5,0.0,0.0,0.0,0.0,1.0,0.0,0.0,26,255,1.0,0.0,0.04,0.04,0.0,0.0,0.0,0,75602.0
0,2,46,9,28,0,3,0,0,0,0,0,0,96,0.0,0.0,0.0,0.0,1.0,0.0,0.0,255,96,0.38,0.02,0.38,0.0,0.0,0.0,0.0,1,93491.0
0,1,46,5,0,0,0,0,0,0,0,0,0,145,1.0,1.0,0.0,0.0,0.14,0.06,0.0,255,33,0.13,0.05,0.0,0.0,1.0,1.0,0.0,1,74350.0
0,1,5,5,0,0,0,0,0,0,0,0,0,113,1.0,1.0,0.0,0.0,0.1,0.05,0.0,255,11,0.04,0.05,0.0,0.0,1.0,1.0,0.0,1,13367.0
0,1,19,9,12,0,0,0,0,0,0,0,0,2,0.0,0.0,0.0,0.0,0.5,1.0,0.0,178,53,0.3,0.04,0.3,0.0,0.0,0.0,0.0,0,77844.0
0,1,22,9,213,2019,0,0,1,0,0,0,0,29,0.0,0.0,0.0,0.0,1.0,0.0,0.0,199,255,1.0,0.0,0.01,0.02,0.0,0.0,0.0,0,80972.0
0,1,63,5,0,0,0,0,0,0,0,0,0,133,1.0,1.0,0.0,0.0,0.18,0.05,0.0,255,24,0.09,0.05,0.0,0.0,1.0,1.0,0.0,1,15712.0
0,2,41,9,146,0,0,0,0,0,0,0,0,1,0.0,0.0,0.0,0.0,1.0,0.0,0.0,41,1,0.02,0.71,0.9,0.0,0.0,0.0,0.0,0,50780.0
0,1,3,5,0,0,0,0,0,0,0,0,0,125,1.0,1.0,0.0,0.0,0.08,0.06,0.0,255,9,0.04,0.07,0.0,0.0,1.0,1.0,0.0,1,31022.0
0,1,46,1,0,0,0,0,0,0,0,0,0,509,0.05,0.0,0.94,1.0,0.0,1.0,0.0,255,1,0.0,1.0,0.0,0.0,0.05,0.0,1.0,1,110466.0
0,1,64,5,0,0,0,0,0,0,0,0,0,145,1.0,1.0,0.0,0.0,0.1,0.06,0.0,255,15,0.06,0.05,0.0,0.0,1.0,1.0,0.0,1,72064.0
0,0,13,9,18,0,0,0,0,0,0,0,0,1,0.0,0.0,0.0,0.0,1.0,0.0,0.0,1,6,1.0,0.0,1.0,1.0,0.0,0.0,0.0,1,34427.0
0,1,22,9,211,2058,0,0,1,0,0,0,0,11,0.0,0.0,0.0,0.0,1.0,0.0,0.0,23,255,1.0,0.0,0.04,0.02,0.0,0.0,0.0,0,30759.0
0,1,22,9,312,2251,0,0,1,0,0,0,0,24,0.0,0.0,0.0,0.0,1.0,0.0,0.11,255,255,1.0,0.0,0.0,0.0,0.0,0.0,0.0,0,21430.0
0,1,17,5,0,0,0,0,0,0,0,0,0,116,1.0,1.0,0.0,0.0,0.01,0.08,0.0,255,1,0.0,0.07,0.0,0.0,1.0,1.0,0.0,1,3915.0
0,1,22,9,343,13930,0,0,1,0,0,0,0,2,0.0,0.0,0.0,0.0,1.0,0.0,0.22,2,255,1.0,0.0,0.5,0.04,0.0,0.0,0.0,0,84781.0
0,1,46,5,0,0,0,0,0,0,0,0,0,21,1.0,1.0,0.0,0.0,0.14,0.24,0.0,255,4,0.02,0.09,0.0,0.0,1.0,1.0,0.0,1,80796.0
0,1,22,1,0,0,0,0,0,0,0,0,0,1,0.0,0.0,1.0,1.0,1.0,0.0,0.0,170,255,1.0,0.0,0.01,0.03,0.0,0.0,0.62,0,108413.0
0,2,11,9,44,44,0,0,0,0,0,0,0,191,0.0,0.0,0.0,0.0,1.0,0.0,0.0,255,206,0.81,0.01,0.0,0.0,0.0,0.0,0.0,0,2517.0
0,1,17,6,7,0,0,0,0,0,0,0,0,1,1.0,1.0,0.0,0.0,1.0,0.0,0.0,87,9,0.08,0.03,0.01,0.22,0.06,0.33,0.0,0,66793.0
0,2,11,9,45,83,0,0,0,0,0,0,0,126,0.0,0.0,0.0,0.0,1.0,0.0,0.0,255,179,0.7,0.01,0.0,0.0,0.0,0.0,0.0,0,99482.0
0,1,10,5,0,0,0,0,0,0,0,0,0,260,1.0,1.0,0.0,0.0,0.01,0.06,0.0,255,12,0.05,0.08,0.0,0.0,1.0,1.0,0.0,1,13179.0
0,2,11,9,44,133,0,0,0,0,0,0,0,189,0.0,0.0,0.0,0.0,1.0,0.0,0.0,255,251,0.98,0.01,0.0,0.0,0.0,0.0,0.0,0,57492.0
0,1,65,5,0,0,0,0,0,0,0,0,0,116,1.0,1.0,0.0,0.0,0.04,0.06,0.0,255,5,0.02,0.05,0.0,0.0,1.0,1.0,0.0,1,43021.0
0,1,27,5,0,0,0,0,0,0,0,0,0,145,1.0,1.0,0.0,0.0,0.12,0.05,0.0,255,18,0.07,0.05,0.0,0.0,1.0,1.0,0.0,1,53671.0
0,1,57,5,0,0,0,0,0,0,0,0,0,147,1.0,1.0,0.0,0.0,0.05,0.05,0.0,255,9,0.04,0.06,0.0,0.0,1.0,1.0,0.0,1,33849.0
0,1,22,9,292,846,0,0,1,0,0,0,0,17,0.0,0.0,0.0,0.0,1.0,0.0,0.11,255,255,1.0,0.0,0.0,0.0,0.0,0.0,0.0,0,15154.0
0,1,36,5,0,0,0,0,0,0,0,0,0,265,1.0,1.0,0.0,0.0,0.02,0.06,0.0,255,4,0.02,0.06,0.0,0.0,1.0,1.0,0.0,1,120249.0
0,1,19,9,1139,0,0,0,0,0,0,0,0,2,0.0,0.0,0.0,0.0,1.0,0.0,0.0,255,27,0.11,0.74,0.11,0.0,0.73,0.0,0.0,0,68741.0
0,1,46,1,0,0,0,0,0,0,0,0,0,233,0.0,0.0,1.0,1.0,0.03,0.07,0.0,255,8,0.03,0.08,0.0,0.0,0.0,0.0,1.0,1,90638.0
0,1,19,9,1339,0,0,0,1,0,0,0,0,3,0.0,0.0,0.0,0.0,0.67,0.67,0.0,84,30,0.36,0.05,0.36,0.0,0.0,0.0,0.0,0,49968.0
0,1,29,1,0,0,0,0,0,0,0,0,0,146,0.0,0.0,1.0,1.0,0.11,0.05,0.0,255,12,0.05,0.07,0.0,0.0,0.0,0.0,1.0,1,46008.0
0,1,22,9,54540,8314,0,2,1,1,0,0,0,1,0.0,0.0,0.0,0.0,1.0,0.0,0.0,135,135,1.0,0.0,0.01,0.0,0.0,0.0,0.01,1,113401.0
0,1,3,1,0,0,0,0,0,0,0,0,0,131,0.0,0.0,1.0,1.0,0.01,0.07,0.0,255,1,0.0,0.06,0.0,0.0,0.0,0.0,1.0,1,49403.0
0,2,46,9,105,147,0,0,0,0,0,0,0,1,0.0,0.0,0.0,0.0,1.0,0.0,0.0,99,98,0.99,0.02,0.01,0.0,0.0,0.0,0.0,0,57450.0
0,1,22,9,305,928,0,0,1,0,0,0,0,9,0.0,0.06,0.0,0.0,1.0,0.0,0.25,198,208,1.0,0.0,0.01,0.01,0.01,0.0,0.0,0,106130.0
0,1,22,9,191,484,0,0,1,0,0,0,0,3,0.0,0.22,0.0,0.0,1.0,0.0,0.33,118,255,1.0,0.0,0.01,0.02,0.0,0.0,0.0,0,106689.0
0,1,46,5,0,0,0,0,0,0,0,0,0,209,1.0,1.0,0.0,0.0,0.03,0.08,0.0,255,6,0.02,0.08,0.0,0.0,1.0,1.0,0.0,1,84768.0
0,1,22,9,252,1512,0,0,1,0,0,0,0,6,0.0,0.0,0.0,0.0,1.0,0.0,0.25,255,255,1.0,0.0,0.0,0.0,0.0,0.0,0.0,0,95560.0
0,1,22,9,222,1357,0,0,1,0,0,0,0,5,0.0,0.0,0.0,0.0,1.0,0.0,0.0,77,255,1.0,0.0,0.01,0.02,0.0,0.0,0.0,0,35393.0
0,0,13,9,8,0,0,0,0,0,0,0,0,1,0.0,0.0,0.0,0.0,1.0,0.0,1.0,2,146,1.0,0.0,1.0,0.25,0.0,0.0,0.0,1,29446.0
0,1,22,9,210,5756,0,0,1,0,0,0,0,5,0.0,0.0,0.0,0.0,1.0,0.0,0.38,55,255,1.0,0.0,0.02,0.02,0.02,0.01,0.0,0,22146.0
0,1,22,9,222,1471,0,0,1,0,0,0,0,21,0.0,0.0,0.0,0.0,1.0,0.0,0.15,47,199,1.0,0.0,0.02,0.05,0.0,0.0,0.0,0,121439.0
6141,1,0,4,863,8724,0,0,0,0,0,0,0,2,0.0,0.0,0.5,1.0,0.5,1.0,0.0,21,4,0.19,0.14,0.05,0.0,0.0,0.0,1.0,0,25105.0
0,1,19,9,641,0,0,0,0,0,0,0,0,2,0.0,0.0,0.0,0.0,1.0,0.0,0.0,78,86,0.24,0.04,0.24,0.02,0.0,0.0,0.0,0,115887.0
0,1,22,9,202,4298,0,0,1,0,0,0,0,5,0.2,0.2,0.0,0.0,1.0,0.0,0.0,228,255,1.0,0.0,0.0,0.01,0.0,0.0,0.0,0,34530.0
0,1,22,9,232,765,0,0,1,0,0,0,0,4,0.25,0.25,0.0,0.0,1.0,0.0,0.0,75,95,1.0,0.0,0.01,0.04,0.03,0.02,0.0,0,17167.0
0,1,46,5,0,0,0,0,0,0,0,0,0,114,1.0,1.0,0.0,0.0,0.09,0.06,0.0,255,4,0.02,0.07,0.0,0.0,1.0,1.0,0.0,1,62719.0
0,1,46,5,0,0,0,0,0,0,0,0,0,41,1.0,1.0,0.0,0.0,0.27,0.07,0.0,255,11,0.04,0.06,0.0,0.0,1.0,1.0,0.0,1,72943.0
0,2,11,9,44,127,0,0,0,0,0,0,0,32,0.0,0.0,0.0,0.0,1.0,0.0,0.02,251,188,0.75,0.02,0.0,0.0,0.0,0.0,0.0,0,97109.0
0,1,22,9,302,5154,0,0,1,0,0,0,0,10,0.0,0.0,0.0,0.0,1.0,0.0,0.18,255,255,1.0,0.0,0.0,0.0,0.0,0.0,0.0,0,40478.0
0,1,22,9,374,255,0,0,1,0,0,0,0,10,0.0,0.0,0.0,0.0,1.0,0.0,0.18,255,255,1.0,0.0,0.0,0.0,0.0,0.0,0.0,0,92318.0
0,1,46,5,0,0,0,0,0,0,0,0,0,119,1.0,1.0,0.0,0.0,0.17,0.07,0.0,255,20,0.08,0.05,0.0,0.0,1.0,1.0,0.0,1,34141.0
0,1,24,5,0,0,0,0,0,0,0,0,0,139,1.0,1.0,0.0,0.0,0.12,0.06,0.0,255,17,0.07,0.06,0.0,0.0,1.0,1.0,0.0,1,96851.0
0,1,44,5,0,0,0,0,0,0,0,0,0,259,1.0,1.0,0.0,0.0,0.06,0.05,0.0,255,16,0.06,0.05,0.0,0.0,1.0,1.0,0.0,1,55967.0
0,2,46,9,105,146,0,0,0,0,0,0,0,1,0.0,0.0,0.0,0.0,1.0,0.0,0.0,22,19,0.86,0.14,0.05,0.0,0.0,0.0,0.0,0,5573.0
0,1,22,9,323,2996,0,0,1,0,0,0,0,10,0.0,0.0,0.0,0.0,1.0,0.0,0.0,255,255,1.0,0.0,0.0,0.0,0.0,0.0,0.0,0,22184.0
0,2,11,9,46,46,0,0,0,0,0,0,0,121,0.0,0.0,0.0,0.0,0.99,0.02,0.01,255,254,1.0,0.01,0.01,0.0,0.0,0.0,0.0,0,28116.0
0,1,22,9,213,12596,0,0,1,0,0,0,0,3,0.0,0.0,0.0,0.0,1.0,0.0,0.0,68,255,1.0,0.0,0.01,0.05,0.0,0.0,0.0,0,46250.0
0,1,36,5,0,0,0,0,0,0,0,0,0,267,1.0,1.0,0.0,0.0,0.02,0.06,0.0,255,5,0.02,0.06,0.0,0.0,1.0,1.0,0.0,1,105449.0
0,0,14,9,520,0,0,0,0,0,0,0,0,446,0.0,0.0,0.0,0.0,1.0,0.0,0.0,181,181,1.0,0.0,1.0,0.0,0.0,0.0,0.0,1,104254.0
0,2,11,9,46,133,0,0,0,0,0,0,0,67,0.0,0.0,0.0,0.0,1.0,0.0,0.01,255,255,1.0,0.0,0.0,0.0,0.0,0.0,0.0,0,92666.0
0,2,11,9,45,115,0,0,0,0,0,0,0,1,0.0,0.0,0.0,0.0,1.0,0.0,1.0,255,235,0.92,0.01,0.01,0.0,0.0,0.0,0.0,0,84111.0
0,1,53,5,0,0,0,0,0,0,0,0,0,216,1.0,1.0,0.0,0.0,0.07,0.06,0.0,255,16,0.06,0.07,0.0,0.0,1.0,1.0,0.0,1,82746.0
0,1,17,5,0,0,0,0,0,0,0,0,0,245,1.0,1.0,0.0,0.0,0.07,0.07,0.0,255,17,0.07,0.07,0.0,0.0,1.0,1.0,0.0,1,121768.0
0,1,46,5,0,0,0,0,0,0,0,0,0,143,1.0,1.0,0.0,0.0,0.14,0.06,0.0,255,12,0.05,0.07,0.0,0.0,1.0,1.0,0.0,1,16445.0
0,1,22,9,300,16944,0,0,1,0,0,0,0,3,0.0,0.0,0.0,0.0,1.0,0.0,0.06,22,227,1.0,0.0,0.05,0.01,0.0,0.01,0.01,0,78623.0
0,1,22,9,302,19046,0,0,1,0,0,0,0,4,0.0,0.0,0.0,0.0,1.0,0.0,0.0,4,255,1.0,0.0,0.25,0.03,0.0,0.01,0.0,0,51468.0
0,2,46,9,1,0,0,0,0,0,0,0,0,5,0.0,0.0,0.0,0.0,0.2,0.4,0.0,255,1,0.0,0.88,0.14,0.0,0.03,0.0,0.0,1,65838.0
0,1,20,1,0,0,0,0,0,0,0,0,0,35,0.0,0.0,0.97,1.0,0.03,1.0,0.0,153,2,0.01,0.31,0.01,0.0,0.0,0.0,1.0,1,85984.0
0,1,22,9,320,745,0,0,1,0,0,0,0,3,0.0,0.0,0.0,0.0,1.0,0.0,0.0,110,255,1.0,0.0,0.01,0.05,0.0,0.0,0.0,0,52648.0
0,0,13,9,8,0,0,0,0,0,0,0,0,1,0.0,0.0,0.0,0.0,1.0,0.0,1.0,2,10,1.0,0.0,1.0,0.5,0.0,0.0,0.0,1,121361.0
0,1,22,9,224,1509,0,0,1,0,0,0,0,7,0.0,0.0,0.0,0.0,1.0,0.0,0.36,214,255,1.0,0.0,0.0,0.01,0.0,0.0,0.0,0,102352.0
0,1,19,9,740,0,0,0,0,0,0,0,0,2,0.0,0.0,0.0,0.0,1.0,0.0,0.0,36,2,0.06,0.08,0.06,0.0,0.0,0.0,0.0,0,56247.0
0,1,46,5,0,0,0,0,0,0,0,0,0,284,1.0,1.0,0.0,0.0,0.05,0.06,0.0,255,29,0.11,0.06,0.0,0.0,1.0,1.0,0.0,1,72314.0
0,1,22,9,308,1380,0,0,1,0,0,0,0,4,0.0,0.0,0.0,0.0,1.0,0.0,0.0,255,254,1.0,0.01,0.0,0.0,0.0,0.0,0.0,0,4705.0
0,1,22,9,242,5584,0,0,1,0,0,0,0,8,0.0,0.0,0.0,0.02,1.0,0.0,0.14,131,255,1.0,0.0,0.01,0.03,0.0,0.0,0.0,0,98734.0
0,1,22,9,150,3998,0,0,1,0,0,0,0,1,0.0,0.0,0.0,0.0,1.0,0.0,0.0,255,255,1.0,0.0,0.0,0.0,0.0,0.0,0.0,0,70369.0
0,2,11,9,44,69,0,0,0,0,0,0,0,138,0.0,0.0,0.0,0.0,1.0,0.0,0.01,255,223,0.87,0.01,0.0,0.0,0.0,0.0,0.0,0,83471.0
0,1,46,1,0,0,0,0,0,0,0,0,0,104,0.0,0.0,1.0,1.0,0.06,0.07,0.0,255,12,0.05,0.07,0.0,0.0,0.0,0.0,1.0,1,33507.0
0,0,13,9,8,0,0,0,0,0,0,0,0,1,0.0,0.0,0.0,0.0,1.0,0.0,1.0,2,18,1.0,0.0,1.0,0.5,0.0,0.0,0.0,1,32817.0
0,2,11,9,45,75,0,0,0,0,0,0,0,119,0.0,0.0,0.0,0.0,1.0,0.0,0.0,255,254,1.0,0.01,0.0,0.0,0.0,0.0,0.0,0,113436.0
0,1,22,9,194,11593,0,0,1,0,0,0,0,4,0.0,0.0,0.0,0.0,1.0,0.0,0.24,4,255,1.0,0.0,0.25,0.05,0.0,0.0,0.0,0,102037.0
0,1,22,9,298,5966,0,0,1,0,0,0,0,21,0.05,0.05,0.0,0.0,1.0,0.0,0.09,237,255,1.0,0.0,0.0,0.01,0.01,0.01,0.0,0,83510.0
0,1,46,1,0,0,0,0,0,0,0,0,0,225,0.0,0.0,1.0,1.0,0.08,0.07,0.0,255,17,0.07,0.07,0.0,0.0,0.0,0.0,1.0,1,90135.0
0,2,41,9,1,0,0,0,0,0,0,0,0,95,0.0,0.0,0.0,0.0,0.05,0.05,0.0,255,5,0.02,0.05,1.0,0.0,0.0,0.0,0.0,1,121160.0
0,1,22,1,0,0,0,0,0,0,0,0,0,1,0.0,0.0,1.0,1.0,1.0,0.0,0.0,3,255,1.0,0.0,0.33,0.08,0.0,0.0,0.29,0,28385.0
0,1,16,5,0,0,0,0,0,0,0,0,0,61,1.0,1.0,0.0,0.0,0.28,0.07,0.0,255,17,0.07,0.05,0.0,0.0,1.0,1.0,0.0,1,28557.0
0,1,46,5,0,0,0,0,0,0,0,0,0,130,1.0,1.0,0.0,0.0,0.05,0.06,0.0,255,7,0.03,0.06,0.0,0.0,1.0,1.0,0.0,1,43678.0
0,1,22,9,304,9067,0,0,1,0,0,0,0,6,0.0,0.0,0.0,0.0,1.0,0.0,0.0,6,255,1.0,0.0,0.17,0.03,0.0,0.0,0.0,0,103440.0
0,1,57,5,0,0,0,0,0,0,0,0,0,126,1.0,1.0,0.0,0.0,0.11,0.06,0.0,255,7,0.03,0.07,0.0,0.0,1.0,1.0,0.0,1,2193.0
0,1,22,9,368,771,0,0,1,0,0,0,0,7,0.0,0.0,0.0,0.0,1.0,0.0,0.29,27,231,1.0,0.0,0.04,0.21,0.0,0.0,0.79,0,16082.0
0,1,46,5,0,0,0,0,0,0,0,0,0,62,1.0,1.0,0.0,0.0,0.23,0.1,0.0,255,14,0.05,0.08,0.0,0.0,1.0,1.0,0.0,1,123701.0
0,1,46,5,0,0,0,0,0,0,0,0,0,18,1.0,1.0,0.0,0.0,0.22,0.28,0.0,255,8,0.03,0.08,0.0,0.0,1.0,1.0,0.0,1,117523.0
0,1,22,9,267,3563,0,0,1,0,0,0,0,1,0.0,0.0,0.0,0.5,1.0,0.0,1.0,255,248,0.97,0.01,0.0,0.0,0.0,0.0,0.02,0,118532.0
0,1,5,5,0,0,0,0,0,0,0,0,0,125,1.0,1.0,0.0,0.0,0.16,0.05,0.0,255,20,0.08,0.05,0.0,0.0,1.0,1.0,0.0,1,54615.0
4555,2,41,9,146,105,0,0,0,0,0,0,0,1,0.0,0.0,0.0,0.0,1.0,0.0,0.0,255,1,0.0,0.85,1.0,0.0,0.0,0.0,0.0,0,26968.0
0,1,22,9,221,399,0,0,1,0,0,0,0,23,0.0,0.0,0.0,0.0,1.0,0.0,0.0,111,255,1.0,0.0,0.01,0.02,0.0,0.0,0.0,0,68698.0
0,1,20,5,0,0,0,0,0,0,0,0,0,234,1.0,1.0,0.0,0.0,0.0,0.07,0.0,255,1,0.0,0.08,0.0,0.0,1.0,1.0,0.0,1,19890.0
0,1,22,9,214,4790,0,0,1,0,0,0,0,20,0.05,0.05,0.0,0.0,1.0,0.0,0.0,255,255,1.0,0.0,0.0,0.0,0.0,0.0,0.0,0,56752.0
0,1,51,9,1714,327,0,0,1,0,0,0,0,1,0.0,0.0,0.0,0.0,1.0,0.0,0.0,193,123,0.51,0.03,0.01,0.02,0.02,0.02,0.0,0,113610.0
0,1,22,9,172,4369,0,0,1,0,0,0,0,1,0.0,0.0,0.0,0.0,1.0,0.0,0.0,157,224,1.0,0.0,0.01,0.01,0.0,0.0,0.0,0,28738.0
0,1,46,1,0,0,0,0,0,0,0,0,0,509,0.02,0.0,0.97,1.0,0.0,1.0,0.0,255,1,0.0,1.0,0.0,0.0,0.0,0.0,1.0,1,36897.0
0,1,65,5,0,0,0,0,0,0,0,0,0,289,1.0,1.0,0.0,0.0,0.05,0.06,0.0,255,15,0.06,0.07,0.0,0.0,1.0,1.0,0.0,1,114970.0
0,1,57,5,0,0,0,0,0,0,0,0,0,56,1.0,1.0,0.0,0.0,0.25,0.07,0.0,255,30,0.12,0.05,0.0,0.0,1.0,1.0,0.0,1,57504.0
0,1,46,5,0,0,0,0,0,0,0,0,0,214,1.0,1.0,0.0,0.0,0.02,0.06,0.0,255,17,0.07,0.09,0.0,0.0,1.0,1.0,0.0,1,84838.0
0,1,22,9,231,3664,0,0,1,0,0,0,0,5,0.0,0.0,0.0,0.0,1.0,0.0,0.31,6,255,1.0,0.0,0.17,0.02,0.0,0.0,0.0,0,102627.0
0,0,14,9,1032,0,0,0,0,0,0,0,0,226,0.0,0.0,0.0,0.0,1.0,0.0,0.0,255,255,1.0,0.0,1.0,0.0,0.0,0.0,0.0,1,47465.0
0,1,22,9,323,343,0,0,1,0,0,0,0,11,0.0,0.0,0.0,0.0,1.0,0.0,0.17,55,255,1.0,0.0,0.02,0.03,0.0,0.0,0.0,0,22725.0
0,2,11,9,125,0,0,0,0,0,0,0,0,2,0.0,0.0,0.0,0.0,1.0,0.0,0.0,23,17,0.74,0.09,0.65,0.0,0.0,0.0,0.0,0,82956.0
0,1,22,9,179,2943,0,0,1,0,0,0,0,9,0.0,0.0,0.0,0.0,1.0,0.0,0.11,255,255,1.0,0.0,0.0,0.0,0.0,0.0,0.0,0,106117.0
0,2,11,9,44,72,0,0,0,0,0,0,0,224,0.0,0.0,0.0,0.0,1.0,0.0,0.01,255,218,0.85,0.01,0.0,0.0,0.0,0.0,0.0,0,28522.0
0,1,46,5,0,0,0,0,0,0,0,0,0,108,1.0,1.0,0.0,0.0,0.12,0.06,0.0,255,10,0.04,0.07,0.0,0.0,1.0,1.0,0.0,1,125265.0
0,1,46,5,0,0,0,0,0,0,0,0,0,139,1.0,1.0,0.0,0.0,0.09,0.06,0.0,255,2,0.01,0.06,0.0,0.0,1.0,1.0,0.0,1,74739.0
0,1,41,1,0,0,0,0,0,0,0,0,0,511,0.1,0.0,0.9,1.0,0.0,1.0,0.0,255,1,0.0,1.0,0.0,0.0,0.0,0.0,1.0,1,58341.0
0,1,46,1,0,0,0,0,0,0,0,0,0,285,0.07,0.0,0.88,1.0,0.0,1.0,0.0,255,1,0.0,1.0,0.0,0.0,0.08,0.0,1.0,1,61835.0
0,1,22,9,334,657,0,0,1,0,0,0,0,7,0.0,0.0,0.0,0.0,1.0,0.0,0.25,248,255,1.0,0.0,0.0,0.01,0.0,0.0,0.0,0,110660.0
0,2,11,9,45,135,0,0,0,0,0,0,0,65,0.0,0.0,0.0,0.0,1.0,0.0,0.01,255,254,1.0,0.01,0.0,0.0,0.0,0.0,0.0,0,3242.0
0,1,2,5,0,0,0,0,0,0,0,0,0,189,1.0,1.0,0.0,0.0,0.01,0.06,0.0,255,2,0.01,0.06,0.0,0.0,1.0,1.0,0.0,1,27383.0
0,2,46,9,105,146,0,0,0,0,0,0,0,1,0.0,0.0,0.0,0.0,1.0,0.0,0.0,34,30,0.88,0.06,0.03,0.0,0.0,0.0,0.0,0,103590.0
0,1,49,4,0,0,0,0,0,0,0,0,0,1,0.0,0.0,1.0,1.0,1.0,0.0,0.0,125,1,0.01,0.62,0.62,0.0,0.05,0.0,1.0,1,108468.0
0,1,22,6,307,9834,0,0,1,0,0,0,0,4,0.25,0.14,0.0,0.0,1.0,0.0,0.29,28,255,1.0,0.0,0.04,0.02,0.04,0.0,0.0,0,37149.0
0,1,51,9,693,327,0,0,1,0,0,0,0,2,0.0,0.0,0.0,0.0,0.5,1.0,0.0,187,134,0.72,0.04,0.01,0.0,0.01,0.01,0.0,0,125088.0
0,2,11,9,42,108,0,0,0,0,0,0,0,1,0.0,0.0,0.0,0.0,1.0,0.0,0.0,26,220,0.85,0.08,0.85,0.01,0.0,0.0,0.0,0,69560.0
0,1,26,5,0,0,0,0,0,0,0,0,0,251,1.0,1.0,0.0,0.0,0.05,0.07,0.0,255,13,0.05,0.07,0.0,0.0,1.0,1.0,0.0,1,19057.0
0,1,22,9,254,370,0,0,1,0,0,0,0,4,0.0,0.0,0.0,0.0,1.0,0.0,0.0,255,255,1.0,0.0,0.0,0.0,0.0,0.0,0.0,0,82604.0
0,1,22,9,293,9965,0,0,1,0,0,0,0,2,0.0,0.0,0.0,0.0,1.0,0.0,0.33,240,255,1.0,0.0,0.0,0.02,0.0,0.0,0.0,0,9040.0
0,1,17,9,6,137,0,0,0,0,0,0,0,1,0.0,0.0,0.0,0.0,1.0,0.0,1.0,255,5,0.02,0.02,0.0,0.0,0.0,0.0,0.0,0,97999.0
0,1,22,9,340,248,0,0,1,0,0,0,0,7,0.0,0.0,0.0,0.0,1.0,0.0,0.25,148,255,1.0,0.0,0.01,0.01,0.0,0.0,0.0,0,58946.0
0,1,22,9,197,873,0,0,1,0,0,0,0,22,0.0,0.0,0.0,0.0,1.0,0.0,0.06,22,255,1.0,0.0,0.05,0.03,0.0,0.0,0.0,0,17135.0
0,1,46,5,0,0,0,0,0,0,0,0,0,149,1.0,1.0,0.0,0.0,0.11,0.08,0.0,255,15,0.06,0.06,0.0,0.0,1.0,1.0,0.0,1,10777.0
4,1,51,9,1408,330,0,0,1,0,0,0,0,1,0.0,0.0,0.0,0.0,1.0,0.0,1.0,95,148,0.6,0.03,0.01,0.01,0.0,0.0,0.0,0,28934.0
0,1,17,9,8,397,0,0,0,0,0,0,0,1,0.0,0.0,0.0,0.0,1.0,0.0,0.0,119,9,0.04,0.04,0.01,0.22,0.0,0.0,0.0,0,116471.0
0,1,3,5,0,0,0,0,0,0,0,0,0,233,1.0,1.0,0.0,0.0,0.01,0.06,0.0,255,20,0.08,0.06,0.0,0.0,1.0,1.0,0.0,1,15946.0
0,1,48,1,0,0,0,0,0,0,0,0,0,287,0.0,0.0,1.0,1.0,0.05,0.06,0.0,255,13,0.05,0.07,0.0,0.0,0.0,0.0,1.0,1,111953.0
3,1,51,9,1149,339,0,0,1,0,0,0,0,1,0.0,0.0,0.0,0.0,1.0,0.0,0.0,52,195,0.75,0.08,0.02,0.01,0.0,0.0,0.0,0,36392.0
0,1,19,9,567,0,0,0,0,0,0,0,0,4,0.0,0.0,0.0,0.0,0.25,0.5,0.0,196,65,0.31,0.03,0.31,0.03,0.0,0.0,0.0,0,48650.0
0,1,19,9,245,0,0,0,1,0,0,1,0,2,0.0,0.0,0.0,0.0,1.0,0.0,0.0,67,6,0.03,0.07,0.03,0.33,0.0,0.0,0.0,0,97917.0
0,1,26,5,0,0,0,0,0,0,0,0,0,260,1.0,1.0,0.0,0.0,0.04,0.06,0.0,255,11,0.04,0.07,0.0,0.0,1.0,1.0,0.0,1,111040.0
0,1,22,9,194,1187,0,0,1,0,0,0,0,16,0.0,0.0,0.0,0.0,1.0,0.0,0.0,139,255,1.0,0.0,0.01,0.02,0.0,0.0,0.01,0,86778.0
0,1,22,9,229,263,0,0,1,0,0,0,0,16,0.0,0.0,0.0,0.0,1.0,0.0,0.08,192,255,1.0,0.0,0.01,0.02,0.0,0.0,0.0,0,55642.0
0,0,13,9,8,0,0,0,0,0,0,0,0,1,0.0,0.0,0.0,0.0,1.0,0.0,1.0,2,32,1.0,0.0,1.0,0.5,0.0,0.0,0.0,1,71120.0
0,1,51,9,1297,382,0,0,1,0,0,0,0,1,0.0,0.0,0.0,0.0,1.0,0.0,0.0,255,38,0.15,0.02,0.0,0.0,0.77,0.0,0.0,0,122180.0
0,1,46,5,0,0,0,0,0,0,0,0,0,207,1.0,1.0,0.0,0.0,0.02,0.07,0.0,255,8,0.03,0.07,0.0,0.0,1.0,1.0,0.0,1,41606.0
0,1,22,9,248,1941,0,0,1,0,0,0,0,10,0.0,0.0,0.0,0.0,1.0,0.0,0.0,44,255,1.0,0.0,0.02,0.04,0.0,0.0,0.0,0,49133.0
0,1,22,9,301,1364,0,0,1,0,0,0,0,10,0.0,0.0,0.0,0.0,1.0,0.0,0.18,94,255,1.0,0.0,0.01,0.02,0.0,0.0,0.0,0,18188.0
0,1,22,9,297,391,0,0,1,0,0,0,0,14,0.0,0.0,0.0,0.0,1.0,0.0,0.13,255,255,1.0,0.0,0.0,0.0,0.0,0.0,0.0,0,105440.0
0,1,17,5,0,0,0,0,0,0,0,0,0,20,1.0,1.0,0.0,0.0,0.25,0.2,0.0,255,64,0.25,0.02,0.01,0.0,1.0,1.0,0.0,1,93715.0
0,2,11,9,44,123,0,0,0,0,0,0,0,73,0.0,0.0,0.0,0.0,1.0,0.0,0.04,255,255,1.0,0.0,0.0,0.0,0.0,0.0,0.0,0,28675.0
0,1,22,9,227,2052,0,0,1,0,0,0,0,7,0.0,0.0,0.0,0.0,1.0,0.0,0.0,45,255,1.0,0.0,0.02,0.03,0.02,0.0,0.0,0,43901.0
0,1,15,5,0,0,0,0,0,0,0,0,0,119,1.0,1.0,0.0,0.0,0.03,0.06,0.0,255,4,0.02,0.05,0.0,0.0,1.0,1.0,0.0,1,46577.0
0,1,22,9,246,1842,0,0,1,0,0,0,0,34,0.0,0.0,0.0,0.0,1.0,0.0,0.09,255,255,1.0,0.0,0.0,0.0,0.0,0.0,0.0,0,30623.0
0,1,46,5,0,0,0,0,0,0,0,0,0,26,1.0,1.0,0.0,0.0,0.5,0.12,0.0,255,13,0.05,0.08,0.0,0.0,1.0,1.0,0.0,1,23374.0
0,1,46,5,0,0,0,0,0,0,0,0,0,248,1.0,1.0,0.0,0.0,0.05,0.06,0.0,255,18,0.07,0.07,0.0,0.0,1.0,1.0,0.0,1,97662.0
0,1,19,9,192,0,0,0,1,0,0,0,0,2,0.0,0.0,0.0,0.0,1.0,0.0,0.0,255,4,0.02,0.02,0.02,0.0,0.0,0.0,0.0,0,28926.0
0,2,11,9,44,44,0,0,0,0,0,0,0,124,0.0,0.0,0.0,0.0,1.0,0.0,0.0,255,205,0.8,0.01,0.01,0.0,0.0,0.0,0.0,0,2600.0
0,1,24,5,0,0,0,0,0,0,0,0,0,43,1.0,1.0,0.0,0.0,0.14,0.12,0.0,255,6,0.02,0.08,0.0,0.0,1.0,1.0,0.0,1,15891.0
0,1,51,9,992,330,0,0,1,0,0,0,0,2,0.0,0.0,0.0,0.0,0.5,1.0,1.0,153,78,0.51,0.04,0.01,0.0,0.0,0.0,0.0,0,45207.0
0,1,22,9,301,1997,0,0,1,0,0,0,0,9,0.0,0.0,0.0,0.0,1.0,0.0,0.2,10,255,1.0,0.0,0.1,0.01,0.0,0.0,0.0,0,25747.0
0,2,46,9,28,0,3,0,0,0,0,0,0,198,0.51,0.0,0.0,0.0,0.49,0.04,0.0,255,98,0.38,0.62,0.38,0.0,0.09,0.0,0.0,1,99787.0
0,1,7,5,0,0,0,0,0,0,0,0,0,201,1.0,1.0,0.0,0.0,0.0,0.06,0.0,255,1,0.0,0.06,0.0,0.0,1.0,1.0,0.0,1,12545.0
0,1,22,9,282,49165,0,0,1,0,0,0,0,14,0.0,0.0,0.0,0.0,1.0,0.0,0.0,30,255,1.0,0.0,0.03,0.09,0.0,0.0,0.0,0,120754.0
0,1,63,2,0,0,0,0,0,0,0,0,0,135,0.0,0.0,1.0,1.0,0.11,0.06,0.0,255,15,0.06,0.06,0.0,0.0,0.0,0.0,1.0,1,10418.0
0,1,41,1,0,0,0,0,0,0,0,0,0,345,0.09,0.0,0.9,1.0,0.0,1.0,0.0,255,1,0.0,1.0,0.0,0.0,0.09,0.0,1.0,1,111758.0
0,1,46,5,0,0,0,0,0,0,0,0,0,121,1.0,1.0,0.0,0.0,0.07,0.05,0.0,255,8,0.03,0.04,0.0,0.0,1.0,1.0,0.0,1,16154.0
0,0,14,9,520,0,0,0,0,0,0,0,0,218,0.0,0.0,0.0,0.0,1.0,0.0,0.0,255,255,1.0,0.0,1.0,0.0,0.0,0.0,0.0,1,109172.0
0,1,46,5,0,0,0,0,0,0,0,0,0,256,1.0,1.0,0.0,0.0,0.01,0.06,0.0,255,2,0.01,0.06,0.0,0.0,1.0,1.0,0.0,1,91971.0
0,1,6,5,0,0,0,0,0,0,0,0,0,242,1.0,1.0,0.0,0.0,0.01,0.07,0.0,255,3,0.01,0.07,0.0,0.0,1.0,1.0,0.0,1,48399.0
0,1,19,9,192,0,0,0,1,0,0,0,0,2,0.0,0.0,0.0,0.0,1.0,0.0,0.0,153,42,0.27,0.46,0.27,0.0,0.0,0.0,0.02,0,100325.0
0,1,19,9,2881,0,0,0,1,0,0,0,0,2,0.0,0.0,0.0,0.0,1.0,0.0,0.0,111,52,0.22,0.05,0.22,0.04,0.0,0.0,0.0,0,36422.0
13,1,51,9,3109,406,0,0,1,0,0,0,0,1,0.0,0.0,0.0,0.0,1.0,0.0,1.0,162,244,0.96,0.01,0.01,0.01,0.0,0.0,0.0,0,93991.0
0,1,7,5,0,0,0,0,0,0,0,0,0,34,1.0,1.0,0.0,0.0,0.15,0.12,0.0,255,5,0.02,0.08,0.0,0.0,1.0,1.0,0.0,1,114081.0
0,1,46,1,0,0,0,0,0,0,0,0,0,193,0.07,0.0,0.87,1.0,0.01,0.99,0.0,255,1,0.0,0.76,0.0,0.0,0.05,0.0,1.0,1,74439.0
0,2,11,9,43,131,0,0,0,0,0,0,0,74,0.0,0.0,0.0,0.0,1.0,0.0,0.01,255,254,1.0,0.01,0.0,0.0,0.0,0.0,0.0,0,91536.0
0,1,22,9,350,370,0,0,1,0,0,0,0,29,0.0,0.0,0.0,0.0,1.0,0.0,0.0,255,255,1.0,0.0,0.0,0.0,0.0,0.0,0.0,0,114754.0
0,2,41,9,1,0,0,0,0,0,0,0,0,12,0.0,0.0,0.0,0.0,0.17,0.25,0.0,255,2,0.01,0.25,0.75,0.0,0.0,0.0,0.0,1,25029.0
8,1,51,9,1744,334,0,0,1,0,0,0,0,2,0.0,0.0,0.0,0.0,1.0,0.0,0.0,133,188,0.54,0.03,0.01,0.01,0.01,0.0,0.0,0,66880.0
5,1,17,9,9,140,0,0,0,0,0,0,0,2,0.0,0.0,0.0,0.0,0.5,1.0,0.0,217,7,0.03,0.03,0.0,0.0,0.0,0.0,0.0,0,11056.0
0,1,22,1,0,0,0,0,0,0,0,0,0,266,0.0,0.0,1.0,1.0,0.04,0.06,0.0,255,10,0.04,0.07,0.0,0.0,0.0,0.0,1.0,1,1223.0
0,1,46,5,0,0,0,0,0,0,0,0,0,177,1.0,1.0,0.0,0.0,0.01,0.07,0.0,23,2,0.09,0.26,0.04,0.0,0.39,1.0,0.0,1,3295.0
0,1,35,1,0,0,0,0,0,0,0,0,0,229,0.0,0.0,1.0,1.0,0.04,0.07,0.0,255,9,0.04,0.09,0.0,0.0,0.0,0.0,1.0,1,58272.0
0,1,46,1,0,0,0,0,0,0,0,0,0,117,0.0,0.0,1.0,1.0,0.08,0.06,0.0,255,9,0.04,0.07,0.0,0.0,0.0,0.0,1.0,1,119933.0
0,1,50,5,0,0,0,0,0,0,0,0,0,129,1.0,1.0,0.0,0.0,0.1,0.05,0.0,255,13,0.05,0.05,0.0,0.0,1.0,1.0,0.0,1,98915.0
0,1,22,9,329,10829,0,0,1,0,0,0,0,5,0.0,0.0,0.0,0.0,1.0,0.0,0.0,22,22,1.0,0.0,0.05,0.0,0.0,0.0,0.0,0,25582.0
0,1,22,9,319,595,0,0,1,0,0,0,0,4,0.0,0.0,0.0,0.0,1.0,0.0,0.0,255,255,1.0,0.0,0.0,0.0,0.0,0.0,0.0,0,2644.0
0,1,22,9,222,1940,0,0,1,0,0,0,0,5,0.0,0.0,0.0,0.0,1.0,0.0,0.33,5,255,1.0,0.0,0.2,0.04,0.0,0.0,0.0,0,123215.0
0,2,11,9,46,142,0,0,0,0,0,0,0,317,0.0,0.0,0.0,0.0,1.0,0.01,0.0,255,251,0.98,0.01,0.0,0.0,0.0,0.0,0.0,0,110376.0
0,1,22,9,155,11268,0,0,1,0,0,0,0,1,0.0,0.0,0.0,0.0,1.0,0.0,0.0,191,255,1.0,0.0,0.01,0.02,0.0,0.0,0.0,0,91060.0
0,1,19,9,530,0,0,0,1,0,0,0,0,1,0.0,0.0,0.0,0.0,1.0,0.0,1.0,49,52,0.37,0.1,0.37,0.04,0.0,0.02,0.0,0,90480.0
0,1,22,9,247,677,0,0,1,0,0,0,0,18,0.0,0.0,0.0,0.0,1.0,0.0,0.0,255,255,1.0,0.0,0.0,0.0,0.0,0.0,0.0,0,43624.0
0,2,11,9,44,70,0,0,0,0,0,0,0,240,0.0,0.0,0.0,0.0,1.0,0.0,0.0,255,230,0.9,0.01,0.0,0.0,0.0,0.0,0.0,0,114434.0
0,1,51,9,1335,331,0,0,1,0,0,0,0,1,0.0,0.0,0.0,0.0,1.0,0.0,0.0,255,12,0.05,0.68,0.0,0.0,0.0,0.0,0.0,0,97166.0
0,0,13,9,8,0,0,0,0,0,0,0,0,1,0.0,0.0,0.0,0.0,1.0,0.0,1.0,2,30,1.0,0.0,1.0,0.5,0.0,0.0,0.0,1,2901.0
0,2,11,9,45,74,0,0,0,0,0,0,0,144,0.0,0.0,0.0,0.0,1.0,0.0,0.01,255,254,1.0,0.01,0.0,0.0,0.0,0.0,0.0,0,109094.0
0,1,46,1,0,0,0,0,0,0,0,0,0,124,0.0,0.0,0.99,1.0,0.14,0.08,0.0,255,30,0.12,0.07,0.0,0.0,0.0,0.0,1.0,1,67665.0
0,1,2,5,0,0,0,0,0,0,0,0,0,202,1.0,1.0,0.0,0.0,0.09,0.06,0.0,255,18,0.07,0.06,0.0,0.0,1.0,1.0,0.0,1,58012.0
31,2,11,9,112,36,0,0,0,0,0,0,0,3,0.0,0.0,0.0,0.0,1.0,0.0,0.4,77,58,0.75,0.03,0.75,0.0,0.0,0.0,0.0,0,106152.0
0,1,46,1,0,0,0,0,0,0,0,0,0,106,0.0,0.0,1.0,1.0,0.08,0.06,0.0,255,9,0.04,0.07,0.0,0.0,0.0,0.0,1.0,1,23097.0
0,1,46,1,0,0,0,0,0,0,0,0,0,302,0.1,0.0,0.89,1.0,0.0,1.0,0.0,255,1,0.0,1.0,0.0,0.0,0.09,0.0,1.0,1,113130.0
0,1,60,10,0,0,0,1,0,0,0,0,0,1,1.0,1.0,0.0,0.0,1.0,0.0,0.0,14,14,1.0,0.0,0.07,0.0,0.07,0.07,0.0,0,116448.0
0,1,63,5,0,0,0,0,0,0,0,0,0,121,1.0,1.0,0.0,0.0,0.07,0.05,0.0,255,8,0.03,0.04,0.0,0.0,1.0,1.0,0.0,1,59574.0
0,2,46,9,1,0,0,0,0,0,0,0,0,22,0.0,0.0,0.0,0.0,0.86,0.09,0.0,255,32,0.13,0.68,0.36,0.0,0.05,0.0,0.0,1,59714.0
0,1,46,1,0,0,0,0,0,0,0,0,0,107,0.0,0.0,1.0,1.0,0.15,0.07,0.0,255,5,0.02,0.07,0.0,0.0,0.0,0.0,1.0,1,108077.0
0,1,22,9,214,5517,0,0,1,0,0,0,0,19,0.0,0.0,0.0,0.0,1.0,0.0,0.1,255,255,1.0,0.0,0.0,0.0,0.0,0.0,0.0,0,115446.0
0,1,22,9,201,353,0,0,1,0,0,0,0,9,0.0,0.0,0.0,0.0,1.0,0.0,0.08,105,255,1.0,0.0,0.01,0.02,0.0,0.0,0.0,0,121506.0
0,1,9,5,0,0,0,0,0,0,0,0,0,9,1.0,1.0,0.0,0.0,0.44,0.22,0.0,255,4,0.02,0.08,0.0,0.0,1.0,1.0,0.0,1,51905.0
0,1,22,9,223,290,0,0,1,0,0,0,0,9,0.0,0.0,0.0,0.0,1.0,0.0,0.2,91,255,1.0,0.0,0.01,0.05,0.0,0.0,0.56,0,105085.0
0,1,22,9,277,21067,0,0,1,0,0,0,0,1,0.0,0.0,0.0,0.0,1.0,0.0,0.0,23,255,1.0,0.0,0.04,0.03,0.0,0.0,0.0,0,9994.0
0,1,3,5,0,0,0,0,0,0,0,0,0,299,1.0,1.0,0.0,0.0,0.07,0.06,0.0,255,20,0.08,0.07,0.0,0.0,1.0,1.0,0.0,1,31574.0
0,1,22,9,213,1869,0,0,1,0,0,0,0,2,0.5,0.5,0.0,0.0,1.0,0.0,0.0,1,255,1.0,0.0,1.0,0.03,0.0,0.0,0.0,0,110445.0
0,1,65,1,0,0,0,0,0,0,0,0,0,218,0.0,0.0,1.0,1.0,0.05,0.07,0.0,255,10,0.04,0.07,0.0,0.0,0.0,0.0,1.0,1,111702.0
0,1,31,5,0,0,0,0,0,0,0,0,0,146,1.0,1.0,0.0,0.0,0.06,0.05,0.0,255,9,0.04,0.04,0.0,0.0,1.0,1.0,0.0,1,28154.0
0,1,38,5,0,0,0,0,0,0,0,0,0,122,1.0,1.0,0.0,0.0,0.14,0.06,0.0,255,17,0.07,0.05,0.0,0.0,1.0,1.0,0.0,1,66146.0
0,1,15,5,0,0,0,0,0,0,0,0,0,139,1.0,1.0,0.0,0.0,0.07,0.06,0.0,255,10,0.04,0.06,0.0,0.0,1.0,1.0,0.0,1,33829.0
0,1,46,5,0,0,0,0,0,0,0,0,0,240,1.0,1.0,0.0,0.0,0.08,0.05,0.0,255,18,0.07,0.05,0.0,0.0,1.0,1.0,0.0,1,22745.0
0,1,46,1,0,0,0,0,0,0,0,0,0,108,0.0,0.0,1.0,1.0,0.16,0.06,0.0,255,30,0.12,0.05,0.0,0.0,0.0,0.0,1.0,1,123941.0
0,1,2,5,0,0,0,0,0,0,0,0,0,140,1.0,1.0,0.0,0.0,0.05,0.05,0.0,255,7,0.03,0.05,0.0,0.0,1.0,1.0,0.0,1,93040.0
0,1,22,9,247,771,0,0,1,0,0,0,0,13,0.0,0.0,0.0,0.0,1.0,0.0,0.0,255,255,1.0,0.0,0.0,0.0,0.0,0.0,0.0,0,72276.0
0,1,22,9,308,1380,0,0,1,0,0,0,0,2,0.0,0.0,0.0,0.0,1.0,0.0,0.25,255,251,0.98,0.01,0.0,0.0,0.0,0.0,0.0,0,23790.0
0,1,22,9,322,1556,0,0,1,0,0,0,0,12,0.0,0.0,0.0,0.0,1.0,0.0,0.0,255,255,1.0,0.0,0.0,0.0,0.0,0.0,0.0,0,43940.0
0,1,22,9,299,1075,0,0,1,0,0,0,0,6,0.0,0.0,0.0,0.0,1.0,0.0,0.21,255,247,0.97,0.01,0.0,0.0,0.0,0.0,0.0,0,8209.0
0,1,50,5,0,0,0,0,0,0,0,0,0,119,1.0,1.0,0.0,0.0,0.05,0.07,0.0,255,6,0.02,0.07,0.0,0.0,1.0,1.0,0.0,1,26470.0
1,1,51,9,1809,331,0,0,1,0,0,0,0,1,0.0,0.0,0.0,0.0,1.0,0.0,1.0,211,135,0.59,0.04,0.0,0.01,0.0,0.0,0.0,0,64707.0
0,1,22,9,326,1691,0,0,1,0,0,0,0,16,0.0,0.0,0.0,0.0,1.0,0.0,0.0,255,255,1.0,0.0,0.0,0.0,0.0,0.0,0.0,0,13279.0
0,1,22,9,238,1054,0,0,1,0,0,0,0,25,0.0,0.0,0.0,0.0,1.0,0.0,0.0,91,255,1.0,0.0,0.01,0.03,0.0,0.0,0.0,0,70820.0
0,1,46,1,0,0,0,0,0,0,0,0,0,294,0.07,0.0,0.88,1.0,0.0,1.0,0.0,255,1,0.0,1.0,0.0,0.0,0.08,0.0,1.0,1,35236.0
0,1,46,1,0,0,0,0,0,0,0,0,0,163,0.0,0.0,1.0,1.0,0.12,0.07,0.0,255,19,0.07,0.07,0.0,0.0,0.0,0.0,1.0,1,45034.0
0,2,11,9,44,75,0,0,0,0,0,0,0,267,0.0,0.0,0.0,0.0,1.0,0.0,0.0,255,254,1.0,0.01,0.0,0.0,0.0,0.0,0.0,0,84918.0
0,1,19,9,383,0,0,0,0,0,0,0,0,2,0.0,0.0,0.0,0.0,1.0,0.0,0.0,247,45,0.18,0.03,0.15,0.0,0.0,0.0,0.0,0,24157.0
0,0,14,9,64,0,0,0,0,0,0,0,0,1,0.0,0.0,0.0,0.0,1.0,0.0,0.0,163,2,0.01,0.44,0.01,0.0,0.0,0.0,0.0,0,102872.0
0,1,22,1,0,0,0,0,0,0,0,0,0,1,0.0,0.0,1.0,1.0,1.0,0.0,0.0,3,255,1.0,0.0,0.33,0.15,0.0,0.0,0.98,0,8241.0
0,1,30,5,0,0,0,0,0,0,0,0,0,212,1.0,1.0,0.0,0.0,0.09,0.07,0.0,255,20,0.08,0.07,0.0,0.0,1.0,1.0,0.0,1,122895.0
0,1,57,5,0,0,0,0,0,0,0,0,0,17,1.0,1.0,0.0,0.0,1.0,0.0,0.0,139,79,0.57,0.01,0.01,0.0,0.99,0.97,0.0,1,54021.0
0,1,56,5,0,0,0,0,0,0,0,0,0,127,1.0,1.0,0.0,0.0,0.03,0.07,0.0,255,4,0.02,0.07,0.0,0.0,1.0,1.0,0.0,1,29110.0
0,1,32,5,0,0,0,0,0,0,0,0,0,206,1.0,1.0,0.0,0.0,0.05,0.07,0.0,255,10,0.04,0.08,0.0,0.0,1.0,1.0,0.0,1,121481.0
0,1,22,9,54540,8314,0,2,1,1,0,0,0,4,0.0,0.0,0.0,0.0,1.0,0.0,0.0,68,68,1.0,0.0,0.01,0.0,0.0,0.0,0.03,1,607.0
0,1,19,9,7077,0,0,0,1,0,0,0,0,7,0.0,0.0,0.0,0.0,1.0,0.0,0.0,255,13,0.05,0.79,0.05,0.0,0.0,0.0,0.0,0,57351.0
0,1,22,9,365,418,0,0,1,0,0,0,0,14,0.0,0.0,0.0,0.0,1.0,0.0,0.13,255,255,1.0,0.0,0.0,0.0,0.0,0.0,0.0,0,51922.0
0,1,46,5,0,0,0,0,0,0,0,0,0,10,1.0,1.0,0.0,0.0,0.1,0.5,0.0,255,12,0.05,0.08,0.0,0.0,1.0,1.0,0.0,1,40910.0
18158,1,41,4,1,0,0,0,0,0,0,0,0,2,0.0,0.0,1.0,1.0,1.0,0.0,0.0,255,2,0.01,0.73,1.0,0.0,0.0,0.0,1.0,1,72419.0
12430,1,57,9,2699,9331,0,1,1,0,0,0,0,1,0.0,0.0,0.0,0.0,1.0,0.0,0.0,255,52,0.2,0.02,0.0,0.0,0.55,0.67,0.0,0,70888.0
0,1,15,5,0,0,0,0,0,0,0,0,0,93,1.0,1.0,0.0,0.0,0.03,0.06,0.0,255,3,0.01,0.06,0.0,0.0,1.0,1.0,0.0,1,22676.0
0,2,46,9,28,0,3,0,0,0,0,0,0,169,0.59,0.0,0.0,0.0,0.41,0.04,0.0,255,69,0.27,0.73,0.27,0.0,0.09,0.0,0.0,1,121006.0
0,1,57,5,0,0,0,0,0,0,0,0,0,51,1.0,1.0,0.0,0.0,0.22,0.08,0.0,133,34,0.25,0.03,0.03,0.06,0.98,0.91,0.0,1,38457.0
0,1,46,5,0,0,0,0,0,0,0,0,0,210,1.0,1.0,0.0,0.0,0.1,0.06,0.0,255,1,0.0,0.06,0.0,0.0,1.0,1.0,0.0,1,35079.0
0,1,46,1,0,0,0,0,0,0,0,0,0,135,0.0,0.0,1.0,1.0,0.05,0.07,0.0,160,7,0.04,0.07,0.01,0.0,0.0,0.0,1.0,1,27784.0
0,1,22,9,285,296,0,0,1,0,0,0,0,2,0.5,0.5,0.0,0.0,1.0,0.0,0.0,2,255,1.0,0.0,0.5,0.04,0.5,0.01,0.0,0,14503.0
0,1,41,5,0,0,0,0,0,0,0,0,0,510,0.21,1.0,0.79,0.0,0.0,1.0,0.0,255,1,0.0,1.0,0.0,0.0,0.17,1.0,0.0,1,16636.0
0,0,14,9,1032,0,0,0,0,0,0,0,0,49,0.0,0.0,0.0,0.0,1.0,0.0,0.0,255,49,0.19,0.02,0.19,0.0,0.0,0.0,0.0,1,71208.0
0,1,16,5,0,0,0,0,0,0,0,0,0,35,1.0,1.0,0.0,0.0,0.46,0.09,0.0,255,16,0.06,0.07,0.0,0.0,1.0,1.0,0.0,1,92998.0
20,1,51,9,1825,330,0,0,1,0,0,0,0,1,0.0,0.0,0.0,0.0,1.0,0.0,1.0,111,191,0.78,0.03,0.01,0.01,0.0,0.0,0.0,0,63354.0
0,1,22,9,287,1582,0,0,1,0,0,0,0,5,0.2,0.2,0.0,0.0,1.0,0.0,0.0,255,255,1.0,0.0,0.0,0.0,0.01,0.01,0.0,0,65334.0
0,1,22,9,202,821,0,0,1,0,0,0,0,30,0.0,0.0,0.0,0.0,1.0,0.0,0.0,152,255,1.0,0.0,0.01,0.03,0.0,0.0,0.0,0,84957.0
0,1,46,5,0,0,0,0,0,0,0,0,0,282,1.0,1.0,0.0,0.0,0.06,0.06,0.0,255,17,0.07,0.08,0.0,0.0,1.0,1.0,0.0,1,92237.0
0,1,51,9,1684,330,0,0,1,0,0,0,0,1,0.0,0.0,0.0,0.0,1.0,0.0,0.0,27,39,0.22,0.11,0.04,0.05,0.04,0.0,0.0,0,1500.0
0,1,41,1,0,0,0,0,0,0,0,0,0,509,0.23,0.0,0.76,1.0,0.0,1.0,0.0,255,1,0.0,1.0,0.0,0.0,0.19,0.0,1.0,1,59565.0
0,1,22,9,201,1745,0,0,1,0,0,0,0,3,0.0,0.0,0.0,0.0,1.0,0.0,0.08,6,255,1.0,0.0,0.17,0.02,0.0,0.0,0.0,0,112524.0
0,1,22,9,454,4635,0,0,1,0,0,0,0,7,0.0,0.0,0.0,0.0,1.0,0.0,0.0,255,255,1.0,0.0,0.0,0.0,0.0,0.0,0.0,0,48551.0
0,0,13,9,8,0,0,0,0,0,0,0,0,1,0.0,0.0,0.0,0.0,1.0,0.0,1.0,1,109,1.0,0.0,1.0,0.5,0.0,0.0,0.0,1,124947.0
0,1,57,2,0,0,0,0,0,0,0,0,0,299,0.0,0.0,1.0,1.0,0.07,0.06,0.0,255,20,0.08,0.07,0.0,0.0,0.0,0.0,1.0,1,105122.0
2,1,18,9,1233,2451,0,28,1,0,0,0,0,1,0.0,0.0,0.0,0.0,1.0,0.0,0.0,255,108,0.42,0.02,0.0,0.0,0.0,0.0,0.0,0,65315.0
0,1,22,9,193,464,0,0,1,0,0,0,0,3,0.0,0.0,0.0,0.0,1.0,0.0,0.0,18,255,1.0,0.0,0.06,0.04,0.0,0.0,0.0,0,34871.0
0,1,22,9,232,2140,0,0,1,0,0,0,0,12,0.0,0.0,0.0,0.0,1.0,0.0,0.0,12,255,1.0,0.0,0.08,0.04,0.0,0.0,0.0,0,827.0
0,1,46,1,0,0,0,0,0,0,0,0,0,107,0.0,0.0,1.0,1.0,0.04,0.07,0.0,132,4,0.03,0.08,0.01,0.0,0.0,0.0,1.0,1,63212.0
0,1,57,6,218,83028,0,0,1,3,0,3,0,1,1.0,1.0,0.0,0.0,1.0,0.0,0.0,16,2,0.12,0.25,0.06,0.0,0.12,0.5,0.0,0,59689.0
0,1,46,5,0,0,0,0,0,0,0,0,0,225,1.0,1.0,0.0,0.0,0.04,0.06,0.0,255,9,0.04,0.07,0.0,0.0,1.0,1.0,0.0,1,62680.0
0,1,22,9,224,1065,0,0,1,0,0,0,0,5,0.2,0.17,0.0,0.0,1.0,0.0,0.33,255,255,1.0,0.0,0.0,0.0,0.01,0.01,0.0,0,41083.0
0,1,22,9,315,350,0,0,1,0,0,0,0,8,0.0,0.0,0.0,0.0,1.0,0.0,0.0,255,255,1.0,0.0,0.0,0.0,0.0,0.0,0.0,0,50641.0
0,1,22,9,297,753,0,0,1,0,0,0,0,29,0.0,0.0,0.0,0.0,1.0,0.0,0.0,255,255,1.0,0.0,0.0,0.0,0.0,0.0,0.0,0,53958.0
0,1,22,9,314,505,0,0,1,0,0,0,0,4,0.0,0.0,0.0,0.0,1.0,0.0,0.0,27,255,1.0,0.0,0.04,0.04,0.0,0.0,0.0,0,101168.0
0,1,22,9,191,24802,0,0,1,0,0,0,0,4,0.0,0.0,0.0,0.0,1.0,0.0,0.0,255,255,1.0,0.0,0.0,0.0,0.0,0.0,0.0,0,22895.0
0,1,46,4,0,0,0,0,0,0,0,0,0,1,0.0,0.0,1.0,1.0,1.0,0.0,0.0,213,1,0.0,0.23,0.21,0.0,0.0,0.0,1.0,1,59388.0
0,1,19,9,59,0,0,0,1,0,0,0,0,8,0.0,0.0,0.0,0.0,1.0,0.0,0.0,244,94,0.39,0.02,0.39,0.0,0.0,0.0,0.0,0,114791.0
1,1,51,9,1901,333,0,0,1,0,0,0,0,1,0.0,0.0,0.0,0.0,1.0,0.0,1.0,46,127,0.41,0.09,0.02,0.02,0.0,0.0,0.0,0,39318.0
0,1,22,9,250,5966,0,0,1,0,0,0,0,1,0.0,0.0,0.0,0.0,1.0,0.0,0.0,120,255,1.0,0.0,0.01,0.03,0.0,0.0,0.0,0,10048.0
0,1,46,1,0,0,0,0,0,0,0,0,0,266,0.0,0.0,1.0,1.0,0.02,0.07,0.0,255,6,0.02,0.07,0.0,0.0,0.0,0.0,1.0,1,97501.0
3,1,46,4,0,0,0,0,0,0,0,0,0,327,0.0,0.0,1.0,1.0,0.01,0.52,0.0,255,2,0.01,0.52,1.0,0.0,0.0,0.0,1.0,1,118984.0
0,1,17,5,0,0,0,0,0,0,0,0,0,7,0.86,0.67,0.14,0.33,0.29,0.71,0.67,255,43,0.17,0.05,0.01,0.0,1.0,1.0,0.0,1,46379.0
0,2,46,9,1,0,0,0,0,0,0,0,0,9,0.0,0.0,0.0,0.0,1.0,0.0,0.0,255,9,0.04,0.4,0.64,0.0,0.16,0.0,0.0,1,93646.0
0,1,46,5,0,0,0,0,0,0,0,0,0,146,1.0,1.0,0.0,0.0,0.14,0.05,0.0,255,9,0.04,0.07,0.0,0.0,1.0,1.0,0.0,1,64368.0
0,1,44,9,35,130,0,0,1,0,0,0,0,1,0.0,0.0,0.0,0.0,1.0,0.0,0.0,84,5,0.04,0.07,0.01,0.4,0.0,0.0,0.0,0,17150.0
0,1,22,9,168,1687,0,0,1,0,0,0,0,3,0.0,0.0,0.0,0.0,1.0,0.0,0.0,6,56,1.0,0.0,0.17,0.09,0.0,0.02,0.0,0,104343.0
3214,2,41,9,145,105,0,0,0,0,0,0,0,1,0.0,0.0,0.0,0.0,1.0,0.0,0.0,255,2,0.01,0.42,0.86,0.0,0.0,0.0,0.0,0,79139.0
0,2,11,9,45,139,0,0,0,0,0,0,0,115,0.0,0.0,0.0,0.0,1.0,0.0,0.02,255,255,1.0,0.0,0.0,0.0,0.0,0.0,0.0,0,59200.0
0,1,22,5,0,0,0,0,0,0,0,0,0,36,1.0,1.0,0.0,0.0,0.42,0.11,0.0,255,55,0.22,0.02,0.01,0.0,1.0,1.0,0.0,1,106875.0
0,1,57,5,0,0,0,0,0,0,0,0,0,4,1.0,1.0,0.0,0.0,0.75,0.5,0.0,204,44,0.21,0.02,0.01,0.05,1.0,0.98,0.0,1,30546.0
0,2,46,9,105,147,0,0,0,0,0,0,0,8,0.0,0.0,0.0,0.0,0.12,0.25,0.0,255,231,0.91,0.01,0.0,0.0,0.0,0.0,0.0,0,35452.0
0,1,46,4,0,0,0,0,0,0,0,0,0,2,0.0,0.0,0.5,1.0,0.5,1.0,0.0,255,1,0.0,0.42,0.42,0.0,0.0,0.0,1.0,1,115571.0
0,1,31,5,0,0,0,0,0,0,0,0,0,69,1.0,1.0,0.0,0.0,0.09,0.07,0.0,255,6,0.02,0.06,0.0,0.0,1.0,1.0,0.0,1,20805.0
0,2,11,9,46,135,0,0,0,0,0,0,0,89,0.0,0.0,0.0,0.0,1.0,0.0,0.01,255,255,1.0,0.0,0.0,0.0,0.0,0.0,0.0,0,37164.0
0,1,22,9,212,1694,0,0,1,0,0,0,0,4,0.0,0.0,0.0,0.0,1.0,0.0,0.4,255,255,1.0,0.0,0.0,0.0,0.0,0.0,0.0,0,107083.0
0,1,46,5,0,0,0,0,0,0,0,0,0,226,1.0,1.0,0.0,0.0,0.02,0.06,0.0,255,5,0.02,0.07,0.0,0.0,1.0,1.0,0.0,1,8961.0
0,1,22,9,193,296,0,0,1,0,0,0,0,6,0.0,0.0,0.0,0.0,1.0,0.0,0.22,255,255,1.0,0.0,0.0,0.0,0.01,0.01,0.0,0,87233.0
0,1,22,9,218,683,0,0,1,0,0,0,0,13,0.0,0.0,0.0,0.0,1.0,0.0,0.0,255,255,1.0,0.0,0.0,0.0,0.0,0.0,0.0,0,107098.0
0,1,19,5,0,0,0,0,0,0,0,0,0,193,1.0,1.0,0.0,0.0,0.04,0.06,0.0,255,8,0.03,0.07,0.0,0.0,1.0,1.0,0.0,1,77781.0
0,0,14,9,1032,0,0,0,0,0,0,0,0,511,0.0,0.0,0.0,0.0,1.0,0.0,0.0,255,84,0.33,0.04,0.33,0.0,0.09,0.0,0.0,1,80618.0
0,1,51,9,1525,328,0,0,1,0,0,0,0,2,0.0,0.0,0.0,0.0,0.5,1.0,1.0,143,101,0.66,0.05,0.01,0.02,0.0,0.0,0.0,0,117135.0
0,0,13,9,30,0,0,0,0,0,0,0,0,1,0.0,0.0,0.0,0.0,1.0,0.0,0.0,192,192,1.0,0.0,1.0,0.0,0.0,0.0,0.0,0,50963.0
0,1,22,9,218,421,0,0,1,0,0,0,0,7,0.0,0.0,0.0,0.0,1.0,0.0,0.14,255,255,1.0,0.0,0.0,0.0,0.0,0.0,0.0,0,36492.0
0,1,51,9,894,327,0,0,1,0,0,0,0,1,0.0,0.0,0.0,0.0,1.0,0.0,0.0,15,159,0.87,0.13,0.07,0.02,0.0,0.0,0.0,0,73000.0
0,1,46,5,0,0,0,0,0,0,0,0,0,250,1.0,1.0,0.0,0.0,0.05,0.05,0.0,111,13,0.12,0.09,0.01,0.0,0.87,1.0,0.0,1,74967.0
0,1,63,2,0,0,0,0,0,0,0,0,0,119,0.0,0.0,1.0,1.0,0.11,0.07,0.0,255,13,0.05,0.06,0.0,0.0,0.0,0.0,1.0,1,94100.0
2,1,51,9,1188,330,0,0,1,0,0,0,0,1,0.0,0.0,0.0,0.0,1.0,0.0,0.0,181,133,0.73,0.02,0.01,0.0,0.01,0.01,0.0,0,100645.0
0,2,11,9,35,0,0,0,0,0,0,0,0,1,0.0,0.0,0.0,0.0,1.0,0.0,1.0,58,13,0.14,0.09,0.14,0.23,0.0,0.0,0.0,0,53298.0
0,1,18,5,0,0,0,0,0,0,0,0,0,269,1.0,1.0,0.0,0.0,0.04,0.06,0.0,255,12,0.05,0.07,0.0,0.0,1.0,1.0,0.0,1,44905.0
0,1,63,5,0,0,0,0,0,0,0,0,0,134,1.0,1.0,0.0,0.0,0.08,0.06,0.0,255,13,0.05,0.06,0.0,0.0,1.0,1.0,0.0,1,12087.0
0,1,22,9,286,5744,0,0,1,0,0,0,0,2,0.0,0.0,0.0,0.0,1.0,0.0,0.0,37,255,1.0,0.0,0.03,0.03,0.0,0.0,0.0,0,85229.0
0,1,22,9,241,6989,0,0,1,0,0,0,0,8,0.0,0.0,0.0,0.0,1.0,0.0,0.09,17,255,1.0,0.0,0.06,0.02,0.0,0.0,0.0,0,100191.0
0,1,22,9,292,1160,0,0,1,0,0,0,0,16,0.0,0.0,0.0,0.0,1.0,0.0,0.0,16,255,1.0,0.0,0.06,0.04,0.0,0.0,0.0,0,101458.0
0,1,17,5,0,0,0,0,0,0,0,0,0,53,0.98,1.0,0.02,0.0,0.26,0.09,0.0,255,34,0.13,0.05,0.01,0.0,1.0,1.0,0.0,1,110265.0
0,1,22,9,202,6546,0,0,1,0,0,0,0,7,0.0,0.0,0.0,0.0,1.0,0.0,0.0,40,255,1.0,0.0,0.03,0.03,0.0,0.0,0.0,0,19927.0
0,1,19,9,501760,0,0,0,1,0,0,0,0,1,0.0,0.0,0.0,0.0,1.0,0.0,0.0,24,31,0.21,0.08,0.21,0.06,0.0,0.0,0.0,0,79090.0
0,1,46,5,0,0,0,0,0,0,0,0,0,204,1.0,1.0,0.0,0.0,0.01,0.07,0.0,255,3,0.01,0.07,0.0,0.0,1.0,1.0,0.0,1,42569.0
0,1,22,9,209,7355,0,0,1,0,0,0,0,10,0.0,0.0,0.0,0.0,1.0,0.0,0.14,197,255,1.0,0.0,0.01,0.01,0.0,0.0,0.0,0,13741.0
0,1,22,9,332,3473,0,0,1,0,0,0,0,10,0.0,0.0,0.0,0.0,1.0,0.0,0.0,148,255,1.0,0.0,0.01,0.02,0.0,0.0,0.0,0,39331.0
0,1,4,5,0,0,0,0,0,0,0,0,0,7,1.0,1.0,0.0,0.0,0.14,0.43,0.0,255,1,0.0,0.08,0.0,0.0,1.0,1.0,0.0,1,88810.0
0,1,22,9,303,691,0,0,1,0,0,0,0,18,0.0,0.0,0.0,0.0,1.0,0.0,0.1,18,255,1.0,0.0,0.06,0.04,0.0,0.0,0.0,0,87584.0
0,1,22,9,310,267,0,0,1,0,0,0,0,5,0.0,0.0,0.0,0.0,1.0,0.0,0.0,255,255,1.0,0.0,0.0,0.0,0.0,0.0,0.0,0,26347.0
0,1,22,9,304,2239,0,0,1,0,0,0,0,5,0.0,0.0,0.0,0.0,1.0,0.0,0.0,141,137,0.97,0.01,0.01,0.0,0.0,0.0,0.0,0,106404.0
0,1,19,9,1342,0,0,0,1,0,0,0,0,4,0.0,0.0,0.0,0.0,1.0,0.0,0.0,53,34,0.64,0.06,0.64,0.0,0.0,0.0,0.0,0,107158.0
0,2,11,9,45,135,0,0,0,0,0,0,0,153,0.0,0.0,0.0,0.0,1.0,0.0,0.01,255,255,1.0,0.0,0.0,0.0,0.0,0.0,0.0,0,113186.0
0,2,41,9,145,0,0,0,0,0,0,0,0,3,0.0,0.0,0.0,0.0,0.33,0.67,0.0,255,1,0.0,0.67,0.95,0.0,0.0,0.0,0.0,0,86072.0
0,1,22,1,0,0,0,0,0,0,0,0,0,1,0.0,0.0,1.0,1.0,1.0,0.0,0.0,14,107,1.0,0.0,0.07,0.02,0.07,0.01,0.89,0,68524.0
0,1,22,9,351,490,0,0,1,0,0,0,0,18,0.0,0.0,0.0,0.0,1.0,0.0,0.1,18,255,1.0,0.0,0.06,0.02,0.0,0.0,0.0,0,90203.0
0,1,51,9,2420,328,0,0,1,0,0,0,0,1,0.0,0.0,0.0,0.0,1.0,0.0,0.0,56,193,0.55,0.07,0.02,0.02,0.0,0.0,0.03,0,72506.0
0,0,13,9,18,0,0,0,0,0,0,0,0,1,0.0,0.0,0.0,0.0,1.0,0.0,0.0,1,113,1.0,0.0,1.0,1.0,0.0,0.0,0.0,1,9113.0
0,1,22,9,339,7914,0,0,1,0,0,0,0,4,0.0,0.0,0.0,0.0,1.0,0.0,0.0,255,255,1.0,0.0,0.01,0.0,0.0,0.0,0.0,0,45254.0
0,1,46,5,0,0,0,0,0,0,0,0,0,64,1.0,1.0,0.0,0.0,0.06,0.09,0.0,255,10,0.04,0.08,0.0,0.0,1.0,1.0,0.0,1,45242.0
0,1,22,9,236,3252,0,0,1,0,0,0,0,2,0.0,0.0,0.0,0.0,1.0,0.0,0.67,255,255,1.0,0.0,0.0,0.0,0.0,0.0,0.0,0,99290.0
0,1,22,9,204,689,0,0,1,0,0,0,0,9,0.0,0.0,0.0,0.0,1.0,0.0,0.0,24,255,1.0,0.0,0.04,0.07,0.0,0.01,0.0,0,48867.0
0,1,65,5,0,0,0,0,0,0,0,0,0,254,1.0,1.0,0.0,0.0,0.01,0.07,0.0,255,2,0.01,0.08,0.0,0.0,1.0,1.0,0.0,1,72830.0
0,1,22,9,295,2168,0,0,1,0,0,0,0,15,0.0,0.0,0.0,0.0,1.0,0.0,0.11,89,255,1.0,0.0,0.01,0.06,0.0,0.0,0.0,0,31662.0
0,1,8,5,0,0,0,0,0,0,0,0,0,240,1.0,1.0,0.0,0.0,0.1,0.06,0.0,255,24,0.09,0.06,0.0,0.0,1.0,1.0,0.0,1,75253.0
3,1,51,9,2220,396,0,0,1,0,0,0,0,1,0.0,0.0,0.0,0.0,1.0,0.0,1.0,99,179,0.84,0.06,0.01,0.01,0.02,0.01,0.0,0,108032.0
0,1,22,9,325,1124,0,0,1,0,0,0,0,3,0.33,0.33,0.0,0.0,1.0,0.0,0.0,20,255,1.0,0.0,0.05,0.02,0.05,0.01,0.0,0,75299.0
0,2,11,9,44,132,0,0,0,0,0,0,0,253,0.0,0.0,0.0,0.0,1.0,0.0,0.0,255,252,0.99,0.01,0.0,0.0,0.0,0.0,0.0,0,36612.0
0,1,22,9,224,310,0,0,1,0,0,0,0,1,0.0,0.0,0.0,0.0,1.0,0.0,0.0,255,255,1.0,0.0,0.0,0.0,0.0,0.0,0.0,0,85814.0
0,1,46,1,0,0,0,0,0,0,0,0,0,70,0.1,0.0,0.9,1.0,0.01,1.0,0.0,255,1,0.0,0.55,0.0,0.0,0.03,0.0,1.0,1,63647.0
0,1,50,5,0,0,0,0,0,0,0,0,0,146,1.0,1.0,0.0,0.0,0.05,0.06,0.0,255,7,0.03,0.06,0.0,0.0,1.0,1.0,0.0,1,114292.0
0,0,13,9,8,0,0,0,0,0,0,0,0,1,0.0,0.0,0.0,0.0,1.0,0.0,1.0,1,231,1.0,0.0,1.0,0.5,0.0,0.0,0.0,1,12879.0
0,0,13,9,8,0,0,0,0,0,0,0,0,1,0.0,0.0,0.0,0.0,1.0,0.0,1.0,2,126,1.0,0.0,1.0,0.5,0.0,0.0,0.0,1,94557.0
0,1,22,9,218,7384,0,0,1,0,0,0,0,27,0.0,0.0,0.0,0.0,1.0,0.0,0.07,255,255,1.0,0.0,0.0,0.0,0.0,0.0,0.0,0,81579.0
0,1,22,9,339,781,0,0,1,0,0,0,0,10,0.0,0.0,0.0,0.0,1.0,0.0,0.18,231,255,1.0,0.0,0.0,0.01,0.0,0.0,0.0,0,49120.0
0,1,22,9,231,17235,0,0,1,0,0,0,0,47,0.0,0.0,0.0,0.0,1.0,0.0,0.04,62,255,1.0,0.0,0.02,0.03,0.0,0.0,0.0,0,69239.0
0,1,22,9,236,685,0,0,1,0,0,0,0,8,0.0,0.0,0.0,0.0,1.0,0.0,0.0,9,255,1.0,0.0,0.11,0.06,0.0,0.0,0.0,0,92134.0
0,2,11,9,43,43,0,0,0,0,0,0,0,227,0.0,0.0,0.0,0.0,1.0,0.0,0.0,255,255,1.0,0.0,0.0,0.0,0.0,0.0,0.0,0,125447.0
0,1,22,9,173,7707,0,0,1,0,0,0,0,1,0.0,0.0,0.0,0.0,1.0,0.0,0.09,255,255,1.0,0.0,0.01,0.0,0.0,0.0,0.0,0,114558.0
0,1,57,2,0,15,0,0,0,0,0,0,0,1,0.0,0.0,1.0,1.0,1.0,0.0,0.0,113,2,0.02,0.05,0.01,0.0,0.01,0.0,0.5,0,45068.0
0,1,46,5,0,0,0,0,0,0,0,0,0,278,1.0,1.0,0.0,0.0,0.02,0.06,0.0,255,5,0.02,0.08,0.0,0.0,1.0,1.0,0.0,1,73125.0
0,1,22,9,193,757,0,0,1,0,0,0,0,2,0.0,0.0,0.0,0.0,1.0,0.0,0.2,75,255,1.0,0.0,0.01,0.05,0.0,0.0,0.0,0,53647.0
0,1,51,9,3248,328,0,0,1,0,0,0,0,1,0.0,0.0,0.0,0.0,1.0,0.0,0.0,107,137,0.82,0.04,0.01,0.01,0.0,0.0,0.0,0,2531.0
0,1,51,9,1980,278,0,0,1,0,0,0,0,1,0.0,0.0,0.0,0.0,1.0,0.0,0.0,105,125,0.53,0.06,0.01,0.02,0.02,0.0,0.0,0,77427.0
0,2,11,9,46,78,0,0,0,0,0,0,0,136,0.0,0.0,0.0,0.0,1.0,0.0,0.01,255,254,1.0,0.01,0.0,0.0,0.0,0.0,0.0,0,89159.0
0,1,46,5,0,0,0,0,0,0,0,0,0,297,1.0,1.0,0.0,0.0,0.06,0.06,0.0,255,20,0.08,0.07,0.0,0.0,1.0,1.0,0.0,1,37611.0
0,1,10,5,0,0,0,0,0,0,0,0,0,273,1.0,1.0,0.0,0.0,0.05,0.06,0.0,255,18,0.07,0.06,0.0,0.0,1.0,1.0,0.0,1,124421.0
0,0,13,9,8,0,0,0,0,0,0,0,0,1,0.0,0.0,0.0,0.0,1.0,0.0,1.0,1,86,1.0,0.0,1.0,0.51,0.0,0.0,0.0,1,71867.0
0,1,22,9,199,12161,0,0,1,0,0,0,0,12,0.0,0.0,0.0,0.0,1.0,0.0,0.0,255,255,1.0,0.0,0.0,0.0,0.0,0.0,0.0,0,116518.0
0,1,21,5,0,0,0,0,0,0,0,0,0,229,1.0,1.0,0.0,0.0,0.03,0.05,0.0,255,6,0.02,0.06,0.0,0.0,1.0,1.0,0.0,1,6866.0
0,1,22,9,221,1725,0,0,1,0,0,0,0,21,0.0,0.0,0.0,0.0,1.0,0.0,0.0,21,255,1.0,0.0,0.05,0.04,0.0,0.0,0.0,0,105019.0
0,1,19,9,61298,0,0,0,1,0,0,0,0,8,0.0,0.0,0.0,0.0,1.0,0.0,0.0,127,45,0.23,0.03,0.23,0.04,0.0,0.0,0.0,0,48540.0
0,2,11,9,42,42,0,0,0,0,0,0,0,170,0.0,0.0,0.0,0.0,1.0,0.0,0.01,255,229,0.9,0.01,0.0,0.0,0.0,0.0,0.0,0,8217.0
1,1,17,9,6,136,0,0,0,0,0,0,0,3,0.0,0.0,0.0,0.0,0.33,1.0,0.0,255,2,0.01,0.55,0.0,0.0,0.0,0.0,0.0,0,1822.0
0,1,37,5,0,0,0,0,0,0,0,0,0,286,1.0,1.0,0.0,0.0,0.07,0.06,0.0,255,1,0.0,0.06,0.0,0.0,1.0,1.0,0.0,1,48405.0
0,1,19,9,15876,0,0,0,1,0,0,0,0,12,0.0,0.0,0.0,0.0,1.0,0.0,0.0,74,74,0.24,0.04,0.24,0.03,0.0,0.18,0.0,0,45681.0
0,0,13,9,8,0,0,0,0,0,0,0,0,1,0.0,0.0,0.0,0.0,1.0,0.0,1.0,2,86,1.0,0.0,1.0,0.5,0.0,0.0,0.0,1,37873.0
0,2,11,9,102,0,0,0,0,0,0,0,0,1,0.0,0.0,0.0,0.0,1.0,0.0,0.0,16,14,0.88,0.12,0.88,0.0,0.0,0.0,0.0,0,6206.0
0,0,13,9,8,0,0,0,0,0,0,0,0,1,0.0,0.0,0.0,0.0,1.0,0.0,1.0,2,194,1.0,0.0,1.0,0.5,0.0,0.0,0.0,1,87401.0
0,1,22,1,0,0,0,0,0,0,0,0,0,6,0.0,0.0,1.0,0.96,1.0,0.0,0.08,9,251,1.0,0.0,0.11,0.08,0.0,0.0,0.74,0,70342.0
0,1,17,5,0,0,0,0,0,0,0,0,0,34,1.0,1.0,0.0,0.0,0.5,0.06,0.0,194,59,0.29,0.02,0.01,0.03,1.0,0.97,0.0,1,115037.0
0,1,22,9,292,269,0,0,1,0,0,0,0,5,0.0,0.0,0.0,0.0,1.0,0.0,0.33,7,255,1.0,0.0,0.14,0.03,0.0,0.02,0.03,0,124140.0
0,1,35,5,0,0,0,0,0,0,0,0,0,288,1.0,1.0,0.0,0.0,0.08,0.05,0.0,255,24,0.09,0.05,0.0,0.0,1.0,1.0,0.0,1,87005.0
3,1,19,9,2194619,0,0,0,1,0,0,0,0,2,0.0,0.0,0.0,0.0,1.0,0.0,0.0,163,44,0.15,0.02,0.15,0.05,0.0,0.0,0.0,0,63661.0
0,1,19,9,192,0,0,0,1,0,0,0,0,1,0.0,0.0,0.0,0.0,1.0,0.0,0.0,182,74,0.27,0.02,0.27,0.03,0.0,0.0,0.0,0,64259.0
0,0,62,9,78,0,0,0,0,0,0,0,0,12,0.0,0.0,0.0,0.0,0.25,0.17,0.0,255,3,0.01,0.01,0.01,0.0,0.0,0.0,0.0,0,51893.0
0,1,21,5,0,0,0,0,0,0,0,0,0,20,1.0,1.0,0.0,0.0,0.25,0.25,0.0,255,6,0.02,0.08,0.0,0.0,1.0,1.0,0.0,1,120130.0
0,1,26,5,0,0,0,0,0,0,0,0,0,289,1.0,1.0,0.0,0.0,0.02,0.06,0.0,255,6,0.02,0.07,0.0,0.0,1.0,1.0,0.0,1,39239.0
0,1,26,1,0,0,0,0,0,0,0,0,0,235,0.0,0.0,1.0,1.0,0.02,0.07,0.0,255,4,0.02,0.07,0.0,0.0,0.0,0.0,1.0,1,31707.0
0,1,18,5,0,0,0,0,0,0,0,0,0,262,1.0,1.0,0.0,0.0,0.07,0.06,0.0,255,18,0.07,0.06,0.0,0.0,1.0,1.0,0.0,1,905.0
0,1,19,9,12,0,0,0,1,0,0,0,0,2,0.0,0.0,0.0,0.0,1.0,0.0,0.0,50,63,0.46,0.04,0.46,0.03,0.0,0.0,0.0,0,90560.0
0,1,66,1,0,0,0,0,0,0,0,0,0,132,0.0,0.0,1.0,1.0,0.02,0.07,0.0,255,2,0.01,0.07,0.0,0.0,0.0,0.0,1.0,1,111806.0
0,1,22,9,301,3239,0,0,1,0,0,0,0,14,0.0,0.0,0.0,0.0,1.0,0.0,0.12,255,255,1.0,0.0,0.0,0.0,0.0,0.0,0.0,0,66397.0
0,1,22,9,164,3145,0,0,1,0,0,0,0,7,0.0,0.0,0.0,0.0,1.0,0.0,0.18,23,255,1.0,0.0,0.04,0.03,0.0,0.0,0.0,0,56232.0
0,1,22,9,197,296,0,0,1,0,0,0,0,8,0.0,0.0,0.0,0.0,1.0,0.0,0.22,243,255,1.0,0.0,0.0,0.01,0.0,0.0,0.0,0,121215.0
0,1,22,9,239,6507,0,0,1,0,0,0,0,20,0.0,0.0,0.0,0.0,1.0,0.0,0.1,78,255,1.0,0.0,0.01,0.03,0.0,0.0,0.0,0,86897.0
5,1,51,9,1034,329,0,0,1,0,0,0,0,1,0.0,0.0,0.0,0.0,1.0,0.0,1.0,10,153,1.0,0.0,0.1,0.02,0.0,0.0,0.04,0,61572.0
0,1,46,5,0,0,0,0,0,0,0,0,0,264,1.0,1.0,0.0,0.0,0.01,0.07,0.0,255,3,0.01,0.09,0.0,0.0,1.0,1.0,0.0,1,47670.0
0,1,2,1,0,0,0,0,0,0,0,0,0,294,0.0,0.0,1.0,1.0,0.06,0.06,0.0,255,19,0.07,0.07,0.0,0.0,0.0,0.0,1.0,1,113059.0
0,1,22,1,0,0,0,0,0,0,0,0,0,1,0.0,0.0,1.0,1.0,1.0,0.0,0.0,13,255,1.0,0.0,0.08,0.22,0.0,0.0,0.9,0,67873.0
0,1,51,9,1710,375,0,0,1,0,0,0,0,3,0.0,0.0,0.0,0.0,0.33,0.67,0.0,185,128,0.36,0.38,0.01,0.02,0.0,0.0,0.0,1,105611.0
0,1,22,9,217,616,0,0,1,0,0,0,0,5,0.0,0.0,0.0,0.0,1.0,0.0,0.0,98,255,1.0,0.0,0.01,0.03,0.0,0.0,0.0,0,70169.0
0,1,46,5,0,0,0,0,0,0,0,0,0,38,1.0,1.0,0.0,0.0,0.08,0.16,0.0,255,19,0.07,0.09,0.0,0.0,1.0,1.0,0.0,1,107476.0
0,1,5,5,0,0,0,0,0,0,0,0,0,137,1.0,1.0,0.0,0.0,0.18,0.05,0.0,255,25,0.1,0.05,0.0,0.0,1.0,1.0,0.0,1,15797.0
0,1,22,9,295,598,0,0,1,0,0,0,0,10,0.0,0.0,0.0,0.0,1.0,0.0,0.0,21,255,1.0,0.0,0.05,0.04,0.0,0.0,0.0,0,113755.0
2,1,18,9,1231,2451,0,28,1,0,0,0,0,1,0.0,0.0,0.0,0.0,1.0,0.0,0.0,225,53,0.24,0.02,0.0,0.0,0.0,0.0,0.0,0,33175.0
0,1,37,5,0,0,0,0,0,0,0,0,0,294,1.0,1.0,0.0,0.0,0.06,0.06,0.0,255,18,0.07,0.07,0.0,0.0,1.0,1.0,0.0,1,75117.0
0,1,22,9,189,12615,0,0,1,0,0,0,0,4,0.0,0.0,0.0,0.0,1.0,0.0,0.23,4,255,1.0,0.0,0.25,0.02,0.0,0.0,0.0,0,46562.0
0,1,17,5,0,0,0,0,0,0,0,0,0,101,1.0,1.0,0.0,0.0,0.09,0.05,0.0,255,7,0.03,0.05,0.0,0.0,1.0,1.0,0.0,1,37696.0
0,1,22,9,223,353,0,0,1,0,0,0,0,9,0.0,0.0,0.0,0.0,1.0,0.0,0.0,141,255,1.0,0.0,0.01,0.01,0.0,0.0,0.02,0,51110.0
0,1,46,5,0,0,0,0,0,0,0,0,0,120,1.0,1.0,0.0,0.0,0.08,0.05,0.0,255,10,0.04,0.04,0.0,0.0,1.0,1.0,0.0,1,33407.0
0,1,46,1,0,0,0,0,0,0,0,0,0,66,0.0,0.0,1.0,1.0,0.02,0.55,0.0,236,1,0.0,0.16,0.28,0.0,0.01,0.0,1.0,1,71581.0
0,1,22,9,236,1461,0,0,1,0,0,0,0,8,0.0,0.0,0.0,0.0,1.0,0.0,0.0,255,255,1.0,0.0,0.0,0.0,0.0,0.0,0.0,0,55888.0
0,1,22,9,239,668,0,0,1,0,0,0,0,37,0.0,0.0,0.0,0.0,1.0,0.0,0.05,255,255,1.0,0.0,0.0,0.0,0.0,0.0,0.0,0,99461.0
0,1,31,5,0,0,0,0,0,0,0,0,0,149,1.0,1.0,0.0,0.0,0.13,0.06,0.0,255,6,0.02,0.06,0.0,0.0,1.0,1.0,0.0,1,66199.0
0,1,22,5,0,0,0,0,0,0,0,0,0,267,1.0,1.0,0.0,0.0,0.04,0.06,0.0,255,11,0.04,0.08,0.0,0.0,1.0,1.0,0.0,1,70880.0
0,1,51,9,1223,331,0,0,1,0,0,0,0,1,0.0,0.0,0.0,0.0,1.0,0.0,0.0,32,139,0.72,0.12,0.03,0.01,0.0,0.0,0.0,0,106076.0
0,1,22,9,239,1471,0,0,1,0,0,0,0,6,0.0,0.0,0.0,0.0,1.0,0.0,0.0,231,255,1.0,0.0,0.0,0.01,0.0,0.0,0.0,0,15457.0
0,1,22,9,293,283,0,0,1,0,0,0,0,2,0.0,0.0,0.0,0.0,1.0,0.0,0.67,255,255,1.0,0.0,0.0,0.0,0.0,0.0,0.0,0,94553.0
5568,2,41,9,146,105,0,0,0,0,0,0,0,1,0.0,0.0,0.0,0.0,1.0,0.0,0.0,255,1,0.0,0.69,0.96,0.0,0.0,0.0,0.0,0,70742.0
1,1,51,9,1901,339,0,0,1,0,0,0,0,1,0.0,0.0,0.0,0.0,1.0,0.0,0.0,138,114,0.77,0.04,0.01,0.02,0.0,0.0,0.0,0,27716.0
0,1,51,9,866,331,0,0,1,0,0,0,0,1,0.0,0.0,0.0,0.0,1.0,0.0,1.0,72,217,0.94,0.03,0.01,0.01,0.0,0.0,0.0,0,20322.0
0,1,46,1,0,0,0,0,0,0,0,0,0,250,0.0,0.0,1.0,1.0,0.03,0.07,0.0,255,7,0.03,0.08,0.0,0.0,0.0,0.0,1.0,1,34372.0
0,2,11,9,35,100,0,0,0,0,0,0,0,2,0.0,0.0,0.0,0.0,1.0,0.0,0.0,143,84,0.59,0.01,0.59,0.0,0.0,0.0,0.0,0,57480.0
0,1,22,9,266,4766,0,0,1,0,0,0,0,1,0.0,0.0,0.0,0.0,1.0,0.0,0.0,15,255,1.0,0.0,0.07,0.02,0.0,0.0,0.0,0,65148.0
0,1,52,1,0,0,0,0,0,0,0,0,0,2,0.0,0.0,1.0,1.0,0.5,1.0,0.0,255,1,0.0,1.0,1.0,0.0,0.0,0.0,1.0,1,16127.0
10,1,44,9,2326,231052,0,0,1,0,0,0,0,1,0.0,0.0,0.0,0.0,1.0,0.0,0.0,1,1,1.0,0.0,1.0,0.0,0.0,0.0,0.0,0,17692.0
0,1,22,9,233,1481,0,0,1,0,0,0,0,3,0.0,0.0,0.0,0.0,1.0,0.0,0.5,255,255,1.0,0.0,0.0,0.0,0.0,0.0,0.0,0,13851.0
0,1,30,5,0,0,0,0,0,0,0,0,0,227,1.0,1.0,0.0,0.0,0.09,0.06,0.0,255,19,0.07,0.07,0.0,0.0,1.0,1.0,0.0,1,27341.0
0,1,41,1,0,0,0,0,0,0,0,0,0,511,0.16,0.0,0.84,1.0,0.0,1.0,0.0,255,1,0.0,1.0,0.0,0.0,0.19,0.0,1.0,1,11858.0
0,1,46,1,0,0,0,0,0,0,0,0,0,73,0.0,0.0,1.0,1.0,0.23,0.07,0.0,255,6,0.02,0.07,0.0,0.0,0.0,0.0,1.0,1,59922.0
0,1,19,9,246,0,0,0,1,0,0,0,0,1,0.0,0.0,0.0,0.0,1.0,0.0,0.0,8,43,1.0,0.0,1.0,0.14,0.0,0.02,0.0,1,24347.0
0,1,22,9,278,365,0,0,1,0,0,0,0,12,0.0,0.0,0.0,0.0,1.0,0.0,0.0,54,255,1.0,0.0,0.02,0.04,0.0,0.0,0.0,0,73595.0
0,1,22,9,152,1078,0,0,1,0,0,0,0,1,0.0,0.0,0.0,0.0,1.0,0.0,0.0,62,255,1.0,0.0,0.02,0.01,0.0,0.0,0.0,0,99638.0
0,2,46,9,1,0,0,0,0,0,0,0,0,27,0.0,0.0,0.0,0.0,0.11,0.11,0.0,255,3,0.01,0.24,0.99,0.0,0.0,0.0,0.0,1,30042.0
0,1,5,5,0,0,0,0,0,0,0,0,0,133,1.0,1.0,0.0,0.0,0.18,0.05,0.0,255,24,0.09,0.05,0.0,0.0,1.0,1.0,0.0,1,70102.0
0,1,46,5,0,0,0,0,0,0,0,0,0,300,1.0,1.0,0.0,0.0,0.05,0.05,0.0,255,15,0.06,0.07,0.0,0.0,1.0,1.0,0.0,1,20788.0
0,1,22,9,236,18725,0,0,1,0,0,0,0,7,0.0,0.0,0.0,0.0,1.0,0.0,0.22,173,255,1.0,0.0,0.01,0.01,0.0,0.0,0.0,0,63810.0
0,1,46,5,0,0,0,0,0,0,0,0,0,132,1.0,1.0,0.0,0.0,0.11,0.06,0.0,255,12,0.05,0.06,0.0,0.0,1.0,1.0,0.0,1,109877.0
0,1,46,5,0,0,0,0,0,0,0,0,0,40,1.0,1.0,0.0,0.0,0.5,0.05,0.0,255,20,0.08,0.07,0.0,0.0,1.0,1.0,0.0,1,14268.0
0,1,27,5,0,0,0,0,0,0,0,0,0,4,1.0,1.0,0.0,0.0,0.5,0.75,0.0,255,2,0.01,0.08,0.0,0.0,1.0,1.0,0.0,1,3221.0
0,1,19,6,2162260,0,0,0,1,0,0,0,0,1,1.0,1.0,0.0,0.0,1.0,0.0,0.0,161,53,0.33,0.04,0.33,0.0,0.01,0.02,0.0,0,121650.0
0,0,14,9,1480,0,1,0,0,0,0,0,0,2,0.0,0.0,0.0,0.0,1.0,0.0,0.5,2,151,1.0,0.0,1.0,0.07,0.0,0.0,0.0,1,59120.0
0,0,13,9,8,0,0,0,0,0,0,0,0,1,0.0,0.0,0.0,0.0,1.0,0.0,1.0,1,89,1.0,0.0,1.0,0.26,0.0,0.0,0.0,1,68815.0
0,1,54,5,0,0,0,0,0,0,0,0,0,140,1.0,1.0,0.0,0.0,0.11,0.04,0.0,255,15,0.06,0.05,0.0,0.0,1.0,1.0,0.0,1,7191.0
0,1,22,5,0,0,0,0,0,0,0,0,0,17,1.0,1.0,0.0,0.0,0.47,0.24,0.0,255,48,0.19,0.03,0.0,0.0,1.0,1.0,0.0,1,78183.0
0,2,46,9,1,0,0,0,0,0,0,0,0,5,0.0,0.0,0.0,0.0,0.2,0.4,0.0,255,1,0.0,0.76,0.27,0.0,0.03,0.0,0.0,1,18656.0
0,1,22,1,0,0,0,0,0,0,0,0,0,1,0.0,0.0,1.0,1.0,1.0,0.0,0.0,22,255,1.0,0.0,0.05,0.15,0.0,0.0,0.94,0,106177.0
0,1,19,9,4763,0,0,0,0,0,0,0,0,12,0.0,0.0,0.0,0.0,1.0,0.0,0.0,126,116,0.54,0.04,0.54,0.02,0.0,0.0,0.0,0,49898.0
4335,2,41,9,146,105,0,0,0,0,0,0,0,1,0.0,0.0,0.0,0.0,1.0,0.0,0.0,64,1,0.02,0.67,0.88,0.0,0.0,0.0,0.0,0,98213.0
0,1,22,9,246,242,0,0,1,0,0,0,0,3,0.0,0.0,0.0,0.0,1.0,0.0,0.0,255,255,1.0,0.0,0.0,0.0,0.0,0.0,0.0,0,5823.0
0,2,11,9,45,45,0,0,0,0,0,0,0,182,0.0,0.0,0.0,0.0,1.0,0.0,0.01,255,230,0.9,0.01,0.0,0.0,0.0,0.0,0.0,0,52572.0
0,2,11,9,43,133,0,0,0,0,0,0,0,73,0.0,0.0,0.0,0.0,0.99,0.03,0.01,255,238,0.93,0.01,0.0,0.0,0.0,0.0,0.0,0,66926.0
0,1,17,5,0,0,0,0,0,0,0,0,0,294,1.0,1.0,0.0,0.0,0.07,0.05,0.0,255,22,0.09,0.05,0.0,0.0,1.0,1.0,0.0,1,55856.0
0,1,55,5,0,0,0,0,0,0,0,0,0,286,1.0,1.0,0.0,0.0,0.01,0.05,0.0,255,3,0.01,0.05,0.0,0.0,1.0,1.0,0.0,1,352.0
0,1,3,1,0,0,0,0,0,0,0,0,0,170,0.0,0.0,1.0,1.0,0.09,0.07,0.0,255,16,0.06,0.07,0.0,0.0,0.0,0.0,1.0,1,26503.0
0,0,14,9,1032,0,0,0,0,0,0,0,0,58,0.0,0.0,0.0,0.0,1.0,0.0,0.0,255,58,0.23,0.02,0.23,0.0,0.0,0.0,0.0,1,90426.0
0,1,22,9,245,3257,0,0,1,0,0,0,0,1,0.0,0.0,0.0,0.0,1.0,0.0,0.0,3,255,1.0,0.0,0.33,0.03,0.0,0.01,0.0,0,87091.0
0,1,22,9,301,392,0,0,1,0,0,0,0,45,0.0,0.0,0.0,0.0,1.0,0.0,0.06,72,219,1.0,0.0,0.01,0.03,0.0,0.0,0.0,0,16224.0
0,1,30,5,0,0,0,0,0,0,0,0,0,294,1.0,1.0,0.0,0.0,0.08,0.04,0.0,255,24,0.09,0.05,0.0,0.0,1.0,1.0,0.0,1,70305.0
0,1,25,5,0,0,0,0,0,0,0,0,0,260,1.0,1.0,0.0,0.0,0.07,0.07,0.0,255,20,0.08,0.07,0.0,0.0,1.0,1.0,0.0,1,5558.0
0,1,34,5,0,0,0,0,0,0,0,0,0,298,1.0,1.0,0.0,0.0,0.08,0.05,0.0,255,24,0.09,0.05,0.0,0.0,1.0,1.0,0.0,1,113887.0
0,1,57,5,0,0,0,0,0,0,0,0,0,260,1.0,1.0,0.0,0.0,0.05,0.06,0.0,255,8,0.03,0.07,0.0,0.0,1.0,1.0,0.0,1,95843.0
0,1,22,9,219,1896,0,0,1,0,0,0,0,3,0.33,0.33,0.0,0.0,1.0,0.0,0.0,255,255,1.0,0.0,0.0,0.0,0.0,0.0,0.0,0,98541.0
0,1,22,9,222,1408,0,0,1,0,0,0,0,6,0.0,0.0,0.0,0.0,1.0,0.0,0.0,255,255,1.0,0.0,0.0,0.0,0.0,0.0,0.0,0,123142.0
0,1,4,5,0,0,0,0,0,0,0,0,0,125,1.0,1.0,0.0,0.0,0.14,0.06,0.0,255,17,0.07,0.05,0.0,0.0,1.0,1.0,0.0,1,106163.0
0,1,22,1,0,0,0,0,0,0,0,0,0,1,0.0,0.0,1.0,1.0,1.0,0.0,0.0,93,255,1.0,0.0,0.01,0.06,0.0,0.0,0.75,0,51721.0
0,0,14,9,1480,0,1,0,0,0,0,0,0,1,0.0,0.0,0.0,0.0,1.0,0.0,0.67,3,151,1.0,0.0,1.0,0.13,0.0,0.0,0.0,1,115070.0
299,1,57,9,112,847,0,0,0,0,0,0,0,1,0.0,0.0,0.0,0.0,1.0,0.0,0.0,255,48,0.19,0.02,0.0,0.0,0.22,0.31,0.0,0,21445.0
0,2,11,9,91,0,0,0,0,0,0,0,0,1,0.0,0.0,0.0,0.0,1.0,0.0,1.0,3,3,1.0,0.0,1.0,0.0,0.0,0.0,0.0,0,67795.0
0,1,22,9,230,3184,0,0,1,0,0,0,0,1,0.0,0.0,0.0,0.0,1.0,0.0,0.0,10,255,1.0,0.0,0.1,0.04,0.0,0.0,0.0,0,92938.0
0,1,22,9,288,421,0,0,1,0,0,0,0,22,0.0,0.0,0.0,0.0,1.0,0.0,0.09,255,255,1.0,0.0,0.0,0.0,0.0,0.0,0.0,0,13433.0
0,1,22,9,197,315,0,0,1,0,0,0,0,7,0.0,0.0,0.0,0.0,1.0,0.0,0.2,255,255,1.0,0.0,0.0,0.0,0.0,0.0,0.0,0,7474.0
0,1,22,9,249,316,0,0,1,0,0,0,0,1,0.0,0.0,0.0,0.0,1.0,0.0,0.0,41,255,1.0,0.0,0.02,0.04,0.0,0.0,0.0,0,99974.0
0,1,22,9,237,511,0,0,1,0,0,0,0,1,0.0,0.0,0.0,0.0,1.0,0.0,0.0,3,255,1.0,0.0,0.33,0.01,0.0,0.0,0.0,0,113.0
0,1,22,9,335,6468,0,0,1,0,0,0,0,2,0.0,0.0,0.0,0.0,1.0,0.0,0.0,47,255,1.0,0.0,0.02,0.02,0.0,0.0,0.0,0,58987.0
0,1,65,5,0,0,0,0,0,0,0,0,0,282,1.0,1.0,0.0,0.0,0.07,0.05,0.0,255,1,0.0,0.07,0.0,0.0,1.0,1.0,0.0,1,101465.0
0,1,22,9,170,10105,0,0,1,0,0,0,0,1,0.0,0.0,0.0,0.0,1.0,0.0,0.0,2,255,1.0,0.0,0.5,0.06,0.0,0.0,0.0,0,109262.0
0,1,22,9,298,321,0,0,1,0,0,0,0,2,0.5,0.5,0.0,0.0,1.0,0.0,0.0,244,255,1.0,0.0,0.0,0.01,0.0,0.0,0.0,0,3068.0
21,1,18,9,243,777,0,4,1,0,0,0,0,1,0.0,0.0,0.0,0.0,1.0,0.0,0.0,200,16,0.08,0.03,0.0,0.0,0.0,0.0,0.0,0,63067.0
0,1,63,5,0,0,0,0,0,0,0,0,0,116,1.0,1.0,0.0,0.0,0.16,0.07,0.0,255,18,0.07,0.07,0.0,0.0,1.0,1.0,0.0,1,123561.0
0,1,22,9,200,3296,0,0,1,0,0,0,0,4,0.0,0.0,0.0,0.0,1.0,0.0,0.0,169,255,1.0,0.0,0.01,0.03,0.0,0.0,0.0,0,71663.0
0,1,22,9,326,1528,0,0,1,0,0,0,0,2,0.0,0.0,0.0,0.0,1.0,0.0,0.06,255,255,1.0,0.0,0.0,0.0,0.0,0.0,0.01,0,65352.0
0,1,46,4,0,0,0,0,0,0,0,0,0,2,0.0,0.0,0.5,1.0,0.5,1.0,0.0,255,1,0.0,0.84,0.83,0.0,0.0,0.0,1.0,1,43658.0
0,2,11,9,45,81,0,0,0,0,0,0,0,284,0.0,0.0,0.0,0.0,1.0,0.01,0.0,255,254,1.0,0.01,0.0,0.0,0.0,0.0,0.0,0,63361.0
0,2,11,9,45,75,0,0,0,0,0,0,0,120,0.0,0.0,0.0,0.0,1.0,0.0,0.0,255,255,1.0,0.0,0.0,0.0,0.0,0.0,0.0,0,91832.0
0,1,51,9,854,332,0,0,1,0,0,0,0,1,0.0,0.0,0.0,0.0,1.0,0.0,0.0,162,144,0.66,0.04,0.01,0.01,0.0,0.0,0.0,0,64301.0
10809,1,57,9,91,1695,0,0,1,0,0,0,0,1,0.0,0.0,0.0,0.0,1.0,0.0,0.0,255,27,0.11,0.05,0.0,0.0,0.32,0.0,0.15,0,111597.0
0,1,51,9,16369,387,0,0,1,0,0,0,0,1,0.0,0.0,0.0,0.0,1.0,0.0,0.0,255,46,0.18,0.67,0.0,0.0,0.67,0.0,0.0,0,55002.0
0,1,17,9,5,439,0,0,0,0,0,0,0,1,0.0,0.0,0.0,0.0,1.0,0.0,0.0,162,8,0.02,0.04,0.01,0.25,0.01,0.0,0.0,0,29871.0
0,1,19,9,3888,0,0,0,1,0,0,0,0,23,0.0,0.0,0.0,0.0,1.0,0.0,0.0,212,95,0.36,0.02,0.36,0.02,0.0,0.0,0.0,0,104850.0
0,1,22,9,229,934,0,0,1,0,0,0,0,3,0.0,0.0,0.0,0.0,1.0,0.0,0.0,5,255,1.0,0.0,0.2,0.05,0.0,0.01,0.0,0,999.0
0,1,22,9,306,1075,0,0,1,0,0,0,0,5,0.0,0.0,0.0,0.0,1.0,0.0,0.0,21,9,0.43,0.14,0.05,0.0,0.33,0.0,0.0,0,2688.0
0,1,2,5,0,0,0,0,0,0,0,0,0,117,1.0,1.0,0.0,0.0,0.1,0.07,0.0,255,12,0.05,0.07,0.0,0.0,1.0,1.0,0.0,1,95914.0
0,1,22,9,245,6312,0,0,1,0,0,0,0,8,0.0,0.0,0.0,0.0,1.0,0.0,0.0,73,255,1.0,0.0,0.01,0.02,0.0,0.0,0.0,0,2964.0
0,1,51,9,1237,335,0,0,1,0,0,0,0,1,0.0,0.0,0.0,0.0,1.0,0.0,0.0,143,60,0.42,0.03,0.01,0.0,0.0,0.0,0.0,0,82774.0
27,1,18,9,905,2586,0,18,1,0,0,0,0,1,0.0,0.0,0.0,0.0,1.0,0.0,0.0,80,27,0.34,0.04,0.01,0.0,0.0,0.0,0.0,0,121746.0
0,1,51,9,1220,335,0,0,1,0,0,0,0,1,0.0,0.0,0.0,0.0,1.0,0.0,1.0,253,164,0.64,0.06,0.0,0.01,0.0,0.0,0.0,0,122602.0
0,1,46,1,0,0,0,0,0,0,0,0,0,103,0.0,0.0,1.0,1.0,0.01,0.08,0.0,178,1,0.01,0.07,0.01,0.0,0.0,0.0,1.0,1,38324.0
0,1,22,9,321,2972,0,0,1,0,0,0,0,7,0.0,0.0,0.0,0.0,1.0,0.0,0.0,255,255,1.0,0.0,0.01,0.0,0.0,0.0,0.0,0,37607.0
0,0,14,9,1032,0,0,0,0,0,0,0,0,511,0.0,0.0,0.0,0.0,1.0,0.0,0.0,255,146,0.57,0.02,0.57,0.0,0.01,0.0,0.0,1,100819.0
0,1,46,5,0,0,0,0,0,0,0,0,0,117,1.0,1.0,0.0,0.0,0.02,0.07,0.0,255,7,0.03,0.06,0.0,0.0,1.0,1.0,0.0,1,120144.0
0,2,11,9,36,36,0,0,0,0,0,0,0,5,0.0,0.0,0.0,0.0,0.6,0.4,0.23,216,158,0.73,0.01,0.0,0.0,0.0,0.0,0.0,0,114592.0
0,1,22,9,274,1233,0,0,1,0,0,0,0,5,0.0,0.0,0.0,0.0,1.0,0.0,0.29,255,255,1.0,0.0,0.0,0.0,0.0,0.0,0.0,0,30049.0
0,1,22,9,303,782,0,0,1,0,0,0,0,3,0.0,0.0,0.0,0.0,1.0,0.0,0.5,100,255,1.0,0.0,0.01,0.03,0.0,0.0,0.0,0,26433.0
0,1,22,9,253,939,0,0,1,0,0,0,0,26,0.0,0.0,0.0,0.0,1.0,0.0,0.0,255,255,1.0,0.0,0.0,0.0,0.0,0.0,0.0,0,12364.0
0,1,30,1,0,0,0,0,0,0,0,0,0,231,0.0,0.0,1.0,1.0,0.06,0.07,0.0,255,13,0.05,0.08,0.0,0.0,0.0,0.0,1.0,1,20436.0
0,1,22,9,311,8711,0,0,1,0,0,0,0,2,0.0,0.0,0.0,0.0,1.0,0.0,0.0,141,255,1.0,0.0,0.01,0.02,0.0,0.0,0.0,0,58280.0
0,1,22,9,296,554,0,0,1,0,0,0,0,1,0.0,0.0,0.0,0.0,1.0,0.0,0.25,14,255,1.0,0.0,0.07,0.06,0.0,0.0,0.0,0,17349.0
0,1,22,9,265,14515,0,0,1,0,0,0,0,7,0.0,0.0,0.0,0.0,1.0,0.0,0.0,240,255,1.0,0.0,0.0,0.01,0.01,0.01,0.0,0,114340.0
0,1,22,9,190,3654,0,0,1,0,0,0,0,2,0.0,0.0,0.0,0.0,1.0,0.0,0.0,7,255,1.0,0.0,0.14,0.02,0.0,0.0,0.0,0,52402.0
0,1,38,1,0,0,0,0,0,0,0,0,0,141,0.0,0.0,1.0,1.0,0.09,0.06,0.0,255,11,0.04,0.07,0.0,0.0,0.0,0.0,1.0,1,38650.0
0,2,40,9,48,48,0,0,0,0,0,0,0,1,0.0,0.0,0.0,0.0,1.0,0.0,0.0,96,33,0.34,0.03,0.34,0.0,0.0,0.0,0.0,0,26943.0
0,1,46,1,0,0,0,0,0,0,0,0,0,1,0.0,0.0,1.0,1.0,1.0,0.0,0.0,255,1,0.0,0.47,0.4,0.0,0.12,0.0,1.0,1,31980.0
2,1,57,9,99,1077,0,0,1,0,0,0,0,1,0.0,0.0,0.0,0.0,1.0,0.0,0.0,255,1,0.0,0.03,0.0,0.0,0.0,0.0,0.0,0,105200.0
0,1,22,9,277,11830,0,0,1,0,0,0,0,2,0.0,0.0,0.0,0.0,1.0,0.0,0.36,4,255,1.0,0.0,0.25,0.01,0.0,0.0,0.0,0,1685.0
0,1,22,9,216,484,0,0,1,0,0,0,0,3,0.0,0.0,0.0,0.0,1.0,0.0,0.29,70,255,1.0,0.0,0.01,0.06,0.0,0.0,0.0,0,97579.0
0,1,51,9,1542,335,0,0,1,0,0,0,0,1,0.0,0.0,0.0,0.0,1.0,0.0,1.0,193,128,0.6,0.03,0.01,0.02,0.0,0.0,0.0,0,80438.0
0,1,22,9,309,1081,0,0,1,0,0,0,0,2,0.0,0.0,0.0,0.0,1.0,0.0,0.0,54,255,1.0,0.0,0.02,0.06,0.0,0.0,0.0,0,16999.0
0,2,46,9,105,146,0,0,0,0,0,0,0,4,0.0,0.0,0.0,0.0,0.25,0.5,0.0,255,243,0.95,0.01,0.01,0.0,0.0,0.0,0.0,0,109278.0
0,1,46,5,0,0,0,0,0,0,0,0,0,284,1.0,1.0,0.0,0.0,0.04,0.06,0.0,255,13,0.05,0.07,0.0,0.0,1.0,1.0,0.0,1,76515.0
0,1,22,9,340,770,0,0,1,0,0,0,0,14,0.0,0.0,0.0,0.0,1.0,0.0,0.0,48,255,1.0,0.0,0.02,0.04,0.0,0.0,0.0,0,98529.0
0,1,5,5,0,0,0,0,0,0,0,0,0,142,1.0,1.0,0.0,0.0,0.13,0.04,0.0,255,18,0.07,0.05,0.0,0.0,1.0,1.0,0.0,1,62017.0
0,1,51,9,885,327,0,0,1,0,0,0,0,2,0.0,0.0,0.0,0.0,0.5,1.0,1.0,255,15,0.06,0.6,0.0,0.0,0.0,0.07,0.0,0,69330.0
0,2,46,9,1,0,0,0,0,0,0,0,0,37,0.0,0.0,0.0,0.0,0.14,0.08,0.0,255,50,0.2,0.16,1.0,0.0,0.0,0.0,0.0,1,71359.0
0,1,55,5,0,0,0,0,0,0,0,0,0,282,1.0,1.0,0.0,0.0,0.09,0.05,0.0,255,24,0.09,0.05,0.0,0.0,1.0,1.0,0.0,1,42973.0
1,1,51,9,969,331,0,0,1,0,0,0,0,1,0.0,0.0,0.0,0.0,1.0,0.0,1.0,14,60,0.79,0.21,0.07,0.03,0.0,0.0,0.0,0,97341.0
0,2,11,9,88,0,0,0,0,0,0,0,0,2,0.0,0.0,0.0,0.0,0.5,1.0,1.0,255,237,0.93,0.01,0.21,0.0,0.0,0.0,0.0,0,26461.0
0,0,13,9,18,0,0,0,0,0,0,0,0,1,0.0,0.0,0.0,0.0,1.0,0.0,0.0,1,222,1.0,0.0,1.0,1.0,0.0,0.0,0.0,1,2766.0
0,1,2,5,0,0,0,0,0,0,0,0,0,138,1.0,1.0,0.0,0.0,0.18,0.05,0.0,255,25,0.1,0.05,0.0,0.0,1.0,1.0,0.0,1,78723.0
0,2,11,9,42,46,0,0,0,0,0,0,0,1,0.0,0.0,0.0,0.0,1.0,0.0,0.17,255,251,0.98,0.01,0.07,0.0,0.0,0.0,0.0,0,113029.0
0,1,22,1,0,0,0,0,0,0,0,0,0,1,0.0,0.0,1.0,1.0,1.0,0.0,0.0,4,255,1.0,0.0,0.25,0.09,0.0,0.0,0.74,0,60249.0
0,1,46,1,0,0,0,0,0,0,0,0,0,98,0.0,0.0,1.0,1.0,0.16,0.06,0.0,255,16,0.06,0.06,0.0,0.0,0.0,0.0,1.0,1,67540.0
0,1,22,9,181,9287,0,0,1,0,0,0,0,6,0.0,0.06,0.0,0.0,1.0,0.0,0.17,157,255,1.0,0.0,0.01,0.02,0.01,0.01,0.0,0,103170.0
0,1,22,9,353,4580,0,0,1,0,0,0,0,3,0.33,0.33,0.0,0.0,1.0,0.0,0.0,135,255,1.0,0.0,0.01,0.04,0.01,0.0,0.08,0,102981.0
0,1,22,9,215,2637,0,0,1,0,0,0,0,10,0.0,0.0,0.0,0.0,1.0,0.0,0.0,10,69,1.0,0.0,0.1,0.07,0.0,0.0,0.0,0,17851.0
0,1,22,9,258,1656,0,0,1,0,0,0,0,6,0.0,0.0,0.0,0.0,1.0,0.0,0.0,70,255,1.0,0.0,0.01,0.07,0.0,0.0,0.0,0,89209.0
0,1,19,9,22,0,0,0,0,0,0,0,0,1,0.0,0.0,0.0,0.0,1.0,0.0,0.0,222,44,0.2,0.03,0.2,0.0,0.0,0.0,0.0,0,10809.0
0,2,11,9,45,45,0,0,0,0,0,0,0,176,0.0,0.0,0.0,0.0,0.99,0.01,0.0,255,254,1.0,0.01,0.0,0.0,0.0,0.0,0.0,0,112832.0
0,2,11,9,44,127,0,0,0,0,0,0,0,16,0.0,0.0,0.0,0.0,1.0,0.0,0.0,154,91,0.59,0.03,0.01,0.0,0.0,0.0,0.0,0,56649.0
0,1,46,5,0,0,0,0,0,0,0,0,0,217,1.0,1.0,0.0,0.0,0.01,0.06,0.0,255,1,0.0,0.06,0.0,0.0,1.0,1.0,0.0,1,85241.0
0,1,22,9,299,1266,0,0,1,0,0,0,0,19,0.0,0.0,0.0,0.0,1.0,0.0,0.0,19,255,1.0,0.0,0.05,0.1,0.0,0.0,0.0,0,85737.0
0,2,11,9,45,114,0,0,0,0,0,0,0,2,0.0,0.0,0.0,0.0,1.0,0.0,0.5,137,131,0.96,0.01,0.01,0.0,0.0,0.0,0.0,0,66192.0
0,1,46,1,0,0,0,0,0,0,0,0,0,184,0.02,0.0,0.95,1.0,0.01,1.0,0.0,255,1,0.0,0.75,0.0,0.0,0.01,0.0,1.0,1,18717.0
0,1,15,5,0,0,0,0,0,0,0,0,0,102,1.0,1.0,0.0,0.0,0.08,0.06,0.0,255,15,0.06,0.06,0.0,0.0,1.0,1.0,0.0,1,76309.0
0,1,17,5,0,0,0,0,0,0,0,0,0,4,0.75,1.0,0.25,0.0,0.25,0.75,0.0,255,22,0.09,0.06,0.0,0.0,1.0,1.0,0.0,1,76889.0
0,0,14,9,1032,0,0,0,0,0,0,0,0,510,0.0,0.0,0.0,0.0,1.0,0.0,0.0,255,84,0.33,0.12,0.33,0.0,0.0,0.0,0.0,1,55529.0
0,0,13,9,8,0,0,0,0,0,0,0,0,1,0.0,0.0,0.0,0.0,1.0,0.0,1.0,1,15,1.0,0.0,1.0,0.53,0.0,0.0,0.0,1,39199.0
0,1,19,5,0,0,0,0,0,0,0,0,0,36,1.0,1.0,0.0,0.0,0.28,0.11,0.0,255,42,0.16,0.05,0.01,0.0,1.0,1.0,0.0,1,83256.0
0,1,55,5,0,0,0,0,0,0,0,0,0,111,1.0,1.0,0.0,0.0,0.01,0.05,0.0,255,1,0.0,0.05,0.0,0.0,1.0,1.0,0.0,1,41160.0
0,1,41,1,0,0,0,0,0,0,0,0,0,471,0.07,0.0,0.9,1.0,0.0,0.97,0.0,255,1,0.0,0.95,0.0,0.0,0.08,0.0,1.0,1,55360.0
0,1,54,5,0,0,0,0,0,0,0,0,0,232,1.0,1.0,0.0,0.0,0.02,0.07,0.0,255,4,0.02,0.07,0.0,0.0,1.0,1.0,0.0,1,112640.0
0,1,22,9,247,1722,0,0,1,0,0,0,0,22,0.0,0.0,0.0,0.0,1.0,0.0,0.09,255,255,1.0,0.0,0.0,0.0,0.0,0.0,0.0,0,69744.0
0,1,22,9,243,258,0,0,1,0,0,0,0,12,0.0,0.0,0.0,0.0,1.0,0.0,0.09,255,255,1.0,0.0,0.0,0.0,0.0,0.0,0.0,0,34356.0
0,0,62,9,78,0,0,0,0,0,0,0,0,38,0.0,0.0,0.0,0.0,0.03,0.05,0.0,255,11,0.04,0.01,0.04,0.0,0.0,0.0,0.0,0,61062.0
0,1,51,9,894,330,0,0,1,0,0,0,0,1,0.0,0.0,0.0,0.0,1.0,0.0,1.0,49,156,0.2,0.06,0.02,0.02,0.0,0.0,0.0,0,44199.0
33,1,18,9,1428,4145,0,30,1,0,0,0,0,1,0.0,0.0,0.0,0.0,1.0,0.0,0.0,6,3,0.5,0.5,0.17,0.0,0.0,0.0,0.0,0,84416.0
0,1,15,5,0,0,0,0,0,0,0,0,0,129,1.0,1.0,0.0,0.0,0.02,0.07,0.0,255,2,0.01,0.07,0.0,0.0,1.0,1.0,0.0,1,115378.0
0,1,46,5,0,0,0,0,0,0,0,0,0,126,0.99,1.0,0.0,0.0,0.02,0.08,0.0,255,2,0.01,0.07,0.0,0.0,1.0,1.0,0.0,1,61129.0
0,0,14,9,1032,0,0,0,0,0,0,0,0,196,0.0,0.0,0.0,0.0,1.0,0.0,0.0,255,196,0.77,0.01,0.77,0.0,0.0,0.0,0.0,1,44396.0
0,1,22,9,182,1285,0,0,1,0,0,0,0,4,0.0,0.0,0.0,0.0,1.0,0.0,0.0,38,255,1.0,0.0,0.03,0.08,0.0,0.0,0.0,0,101262.0
0,1,22,9,233,6703,0,0,1,0,0,0,0,1,0.0,0.0,0.0,0.0,1.0,0.0,0.29,21,255,1.0,0.0,0.05,0.04,0.0,0.0,0.0,0,110698.0
0,1,41,1,0,0,0,0,0,0,0,0,0,511,0.08,0.0,0.89,1.0,0.0,1.0,0.0,255,1,0.0,1.0,0.0,0.0,0.1,0.0,1.0,1,102720.0
0,2,41,9,516,4,0,0,0,0,0,0,0,309,0.0,0.0,0.0,0.0,1.0,0.0,0.0,255,255,1.0,0.0,1.0,0.0,0.0,0.0,0.0,0,21890.0
0,1,20,5,0,0,0,0,0,0,0,0,0,200,1.0,1.0,0.0,0.0,0.01,0.06,0.0,255,8,0.03,0.07,0.0,0.0,1.0,1.0,0.0,1,83833.0
0,1,22,9,249,643,0,0,1,0,0,0,0,5,0.0,0.0,0.0,0.0,1.0,0.0,0.0,231,255,1.0,0.0,0.0,0.01,0.0,0.0,0.0,0,95828.0
0,1,46,5,0,0,0,0,0,0,0,0,0,58,1.0,1.0,0.0,0.0,0.09,0.1,0.0,255,5,0.02,0.08,0.0,0.0,1.0,1.0,0.0,1,100309.0
8575,1,41,4,1,0,0,0,0,0,0,0,0,2,0.0,0.0,1.0,1.0,1.0,0.0,0.0,255,2,0.01,0.69,1.0,0.0,0.0,0.0,1.0,1,107885.0
1,1,51,9,848,330,0,0,1,0,0,0,0,1,0.0,0.0,0.0,0.0,1.0,0.0,0.0,79,54,0.68,0.05,0.01,0.0,0.0,0.0,0.02,0,32315.0
1,1,51,9,830,336,0,0,1,0,0,0,0,1,0.0,0.0,0.0,0.0,1.0,0.0,0.0,174,166,0.64,0.03,0.01,0.01,0.0,0.0,0.0,0,119022.0
0,1,63,5,0,0,0,0,0,0,0,0,0,137,1.0,1.0,0.0,0.0,0.14,0.05,0.0,255,6,0.02,0.06,0.0,0.0,1.0,1.0,0.0,1,27344.0
0,1,46,5,0,0,0,0,0,0,0,0,0,235,1.0,1.0,0.0,0.0,0.05,0.06,0.0,255,12,0.05,0.09,0.0,0.0,1.0,1.0,0.0,1,32006.0
0,1,20,5,0,0,0,0,0,0,0,0,0,132,1.0,1.0,0.0,0.0,0.05,0.06,0.0,255,7,0.03,0.07,0.0,0.0,1.0,1.0,0.0,1,58099.0
0,1,30,1,0,0,0,0,0,0,0,0,0,1,0.0,0.0,1.0,1.0,1.0,0.0,0.0,68,2,0.01,1.0,0.01,1.0,0.0,0.0,1.0,1,72101.0
0,1,46,5,0,0,0,0,0,0,0,0,0,223,1.0,1.0,0.0,0.0,0.06,0.05,0.0,255,13,0.05,0.05,0.0,0.0,1.0,1.0,0.0,1,82726.0
0,2,46,9,105,145,0,0,0,0,0,0,0,1,0.0,0.0,0.0,0.0,1.0,0.0,0.0,27,27,1.0,0.0,0.04,0.0,0.0,0.0,0.0,0,109161.0
0,1,22,9,293,1997,0,0,1,0,0,0,0,3,0.0,0.0,0.0,0.0,1.0,0.0,0.0,27,255,1.0,0.0,0.04,0.03,0.0,0.0,0.0,0,67207.0
0,2,41,9,146,0,0,0,0,0,0,0,0,4,0.0,0.0,0.0,0.0,0.25,0.75,0.0,255,2,0.01,0.6,0.89,0.0,0.0,0.0,0.0,0,4676.0
0,1,22,9,328,12884,0,0,1,0,0,0,0,15,0.0,0.0,0.0,0.0,1.0,0.0,0.0,15,15,1.0,0.0,0.07,0.0,0.0,0.0,0.0,0,23666.0
0,1,22,9,221,1749,0,0,1,0,0,0,0,4,0.0,0.0,0.0,0.0,1.0,0.0,0.0,4,255,1.0,0.0,0.25,0.06,0.0,0.0,0.0,0,80824.0
0,2,46,9,1,0,0,0,0,0,0,0,0,14,0.0,0.0,0.0,0.0,0.07,0.14,0.0,255,30,0.12,0.64,0.49,0.0,0.0,0.0,0.0,1,97753.0
0,1,22,9,204,283,0,0,1,0,0,0,0,6,0.0,0.0,0.0,0.0,1.0,0.0,0.29,255,255,1.0,0.0,0.0,0.0,0.0,0.0,0.0,0,76394.0
0,1,3,9,14,37,0,0,0,0,0,0,0,1,0.0,0.0,0.0,0.0,1.0,0.0,0.0,176,5,0.02,0.02,0.01,0.4,0.0,0.0,0.0,0,92824.0
0,1,46,5,0,0,0,0,0,0,0,0,0,124,1.0,1.0,0.0,0.0,0.11,0.06,0.0,126,14,0.11,0.07,0.01,0.0,1.0,1.0,0.0,1,112994.0
0,1,19,9,1363,0,0,0,1,0,0,0,0,14,0.0,0.0,0.0,0.0,1.0,0.0,0.0,255,142,0.56,0.02,0.56,0.0,0.0,0.01,0.0,0,39025.0
0,1,22,9,212,3833,0,0,1,0,0,0,0,2,0.0,0.0,0.0,0.0,1.0,0.0,0.0,38,255,1.0,0.0,0.03,0.05,0.0,0.0,0.0,0,84360.0
0,1,19,9,1339,0,0,0,1,0,0,0,0,1,0.0,0.0,0.0,0.0,1.0,0.0,0.0,255,118,0.46,0.03,0.46,0.0,0.0,0.0,0.0,0,68118.0
0,1,22,6,255,32120,0,0,1,0,0,0,0,1,1.0,1.0,0.0,0.0,1.0,0.0,0.0,255,236,0.93,0.02,0.0,0.0,0.01,0.01,0.0,0,82189.0
0,1,22,9,172,15514,0,0,1,0,0,0,0,5,0.0,0.0,0.0,0.0,1.0,0.0,0.0,76,255,1.0,0.0,0.01,0.02,0.0,0.0,0.0,0,83889.0
0,1,21,5,0,0,0,0,0,0,0,0,0,295,1.0,1.0,0.0,0.0,0.08,0.05,0.0,255,23,0.09,0.05,0.0,0.0,1.0,1.0,0.0,1,96313.0
0,1,64,1,0,0,0,0,0,0,0,0,0,112,0.0,0.0,1.0,1.0,0.07,0.07,0.0,255,8,0.03,0.07,0.0,0.0,0.0,0.0,1.0,1,116408.0
0,1,22,9,222,1093,0,0,1,0,0,0,0,6,0.0,0.0,0.0,0.0,1.0,0.0,0.29,6,255,1.0,0.0,0.17,0.02,0.0,0.0,0.0,0,93534.0
0,2,11,9,32,0,0,0,0,0,0,0,0,1,0.0,0.0,0.0,0.0,1.0,0.0,0.75,216,48,0.16,0.02,0.16,0.04,0.0,0.0,0.0,0,53559.0
0,1,3,9,10,35,0,0,1,0,0,0,0,1,0.0,0.0,0.0,0.0,1.0,0.0,0.0,150,9,0.04,0.03,0.01,0.22,0.0,0.0,0.0,0,12494.0
0,1,22,9,224,481,0,0,1,0,0,0,0,9,0.0,0.0,0.0,0.0,1.0,0.0,0.2,255,255,1.0,0.0,0.0,0.0,0.0,0.0,0.0,0,104740.0
0,1,22,9,236,960,0,0,1,0,0,0,0,9,0.0,0.0,0.0,0.0,1.0,0.0,0.18,255,255,1.0,0.0,0.0,0.0,0.0,0.0,0.0,0,84305.0
0,1,46,5,0,0,0,0,0,0,0,0,0,5,1.0,1.0,0.0,0.0,0.6,0.4,0.0,255,7,0.03,0.08,0.0,0.0,1.0,1.0,0.0,1,27145.0
0,1,51,9,1820,395,0,0,1,0,0,0,0,1,0.0,0.0,0.0,0.0,1.0,0.0,1.0,255,31,0.12,0.06,0.0,0.0,0.0,0.0,0.0,0,75246.0
0,1,55,1,0,0,0,0,0,0,0,0,0,249,0.0,0.0,1.0,1.0,0.01,0.07,0.0,255,3,0.01,0.08,0.0,0.0,0.0,0.0,1.0,1,30017.0
0,1,22,9,242,5734,0,0,1,0,0,0,0,19,0.0,0.0,0.0,0.0,1.0,0.0,0.1,170,255,1.0,0.0,0.01,0.01,0.0,0.0,0.0,0,63488.0
0,1,19,9,74,0,0,0,1,0,0,0,0,2,0.0,0.0,0.0,0.0,1.0,0.0,0.0,7,11,0.71,0.29,0.71,0.18,0.0,0.0,0.0,0,38786.0
5,1,57,9,103,1176,0,0,1,0,0,0,0,1,0.0,0.0,0.0,0.0,1.0,0.0,0.0,76,6,0.03,0.07,0.01,0.33,0.0,0.0,0.0,0,67473.0
0,1,22,9,293,1840,0,0,1,0,0,0,0,3,0.0,0.0,0.0,0.0,1.0,0.0,0.0,3,255,1.0,0.0,0.33,0.04,0.0,0.0,0.0,0,94324.0
0,1,22,9,233,5166,0,0,1,0,0,0,0,5,0.0,0.0,0.0,0.0,1.0,0.0,0.0,15,255,1.0,0.0,0.07,0.04,0.0,0.0,0.0,0,85555.0
0,1,46,5,0,0,0,0,0,0,0,0,0,116,1.0,1.0,0.0,0.0,0.16,0.06,0.0,255,38,0.15,0.05,0.0,0.0,1.0,1.0,0.0,1,91000.0
0,1,22,9,230,569,0,0,1,0,0,0,0,11,0.0,0.0,0.0,0.0,1.0,0.0,0.0,76,126,1.0,0.0,0.01,0.06,0.0,0.0,0.0,0,6128.0
0,2,41,9,516,4,0,0,0,0,0,0,0,337,0.0,0.0,0.0,0.0,1.0,0.0,0.0,255,255,1.0,0.0,1.0,0.0,0.0,0.0,0.0,0,19309.0
0,1,22,9,233,1055,0,0,1,0,0,0,0,6,0.0,0.0,0.0,0.0,1.0,0.0,0.0,121,255,1.0,0.0,0.01,0.02,0.01,0.0,0.01,0,105227.0
0,2,40,9,48,48,0,0,0,0,0,0,0,0,0.0,0.0,0.0,0.0,0.0,0.0,0.0,30,28,0.93,0.07,0.93,0.0,0.0,0.0,0.0,0,51566.0
0,1,22,9,282,22562,0,0,1,0,0,0,0,1,0.0,0.0,0.0,0.0,1.0,0.0,0.67,3,255,1.0,0.0,0.33,0.05,0.0,0.0,0.0,0,91700.0
0,0,14,9,1032,0,0,0,0,0,0,0,0,511,0.0,0.0,0.0,0.0,1.0,0.0,0.0,255,220,0.86,0.02,0.86,0.0,0.0,0.0,0.0,1,91787.0
0,1,41,9,4539,0,0,0,0,0,0,0,0,8,0.12,0.0,0.0,0.0,0.12,0.38,0.0,180,1,0.01,0.03,0.37,0.0,0.01,0.0,0.0,0,70384.0
3,1,51,9,1623,330,0,0,1,0,0,0,0,1,0.0,0.0,0.0,0.0,1.0,0.0,1.0,26,17,0.65,0.12,0.04,0.0,0.0,0.0,0.0,0,87183.0
0,1,19,9,567,0,0,0,1,0,0,6,0,2,0.0,0.0,0.0,0.0,1.0,0.0,0.0,255,110,0.43,0.02,0.44,0.0,0.0,0.01,0.0,0,21505.0
0,1,22,6,279,14600,0,0,1,0,0,0,0,1,1.0,1.0,0.0,0.0,1.0,0.0,0.0,255,255,1.0,0.0,0.0,0.0,0.0,0.0,0.0,0,33790.0
2,1,51,9,1011,365,0,0,1,0,0,0,0,1,0.0,0.0,0.0,0.0,1.0,0.0,1.0,82,126,0.78,0.05,0.01,0.02,0.0,0.0,0.0,0,118066.0
0,1,22,9,263,769,0,0,1,0,0,0,0,12,0.0,0.0,0.0,0.0,1.0,0.0,0.15,55,255,1.0,0.0,0.02,0.02,0.0,0.0,0.0,0,15062.0
0,1,6,5,0,0,0,0,0,0,0,0,0,278,1.0,1.0,0.0,0.0,0.03,0.06,0.0,255,9,0.04,0.06,0.0,0.0,1.0,1.0,0.0,1,92546.0
0,1,19,5,0,0,0,0,0,0,0,0,0,23,1.0,1.0,0.0,0.0,0.13,0.09,0.0,255,3,0.01,0.07,0.01,0.0,1.0,1.0,0.0,1,69498.0
0,0,13,9,8,0,0,0,0,0,0,0,0,1,0.0,0.0,0.0,0.0,1.0,0.0,1.0,2,12,1.0,0.0,1.0,0.5,0.0,0.0,0.0,1,109609.0
0,1,34,5,0,0,0,0,0,0,0,0,0,187,1.0,1.0,0.0,0.0,0.01,0.07,0.0,255,1,0.0,0.07,0.0,0.0,1.0,1.0,0.0,1,58978.0
0,1,22,9,253,42438,0,0,1,0,0,0,0,1,0.0,0.0,0.0,0.0,1.0,0.0,0.3,255,247,0.97,0.01,0.0,0.0,0.0,0.0,0.0,0,51003.0
0,1,46,5,0,0,0,0,0,0,0,0,0,227,1.0,1.0,0.0,0.0,0.0,0.07,0.0,255,1,0.0,0.08,0.0,0.0,1.0,1.0,0.0,1,1860.0
26,1,3,9,10,35,0,0,1,0,0,0,0,1,0.0,0.0,0.0,0.0,1.0,0.0,0.0,46,7,0.07,0.13,0.02,0.29,0.0,0.0,0.0,0,117977.0
0,1,57,5,0,0,0,0,0,0,0,0,0,12,1.0,1.0,0.0,0.0,0.17,0.33,0.0,255,41,0.16,0.04,0.01,0.0,1.0,1.0,0.0,1,26338.0
0,2,11,9,45,45,0,0,0,0,0,0,0,119,0.0,0.0,0.0,0.0,1.0,0.0,0.0,255,224,0.88,0.01,0.0,0.0,0.0,0.0,0.0,0,114378.0
0,1,31,5,0,0,0,0,0,0,0,0,0,76,1.0,1.0,0.0,0.0,0.17,0.07,0.0,255,13,0.05,0.06,0.0,0.0,1.0,1.0,0.0,1,41061.0
0,1,19,9,35,0,0,0,0,0,0,0,0,2,0.0,0.0,0.0,0.0,1.0,0.0,0.0,83,20,0.24,0.07,0.24,0.0,0.02,0.0,0.0,0,32565.0
0,1,22,9,218,361,0,0,1,0,0,0,0,29,0.0,0.0,0.0,0.0,1.0,0.0,0.06,255,255,1.0,0.0,0.0,0.0,0.01,0.01,0.0,0,82660.0
0,1,19,9,425,0,0,0,0,0,0,0,0,1,0.0,0.0,0.0,0.0,1.0,0.0,0.0,255,9,0.04,0.96,0.04,0.0,0.96,0.0,0.0,0,74851.0
0,2,11,9,44,44,0,0,0,0,0,0,0,104,0.0,0.0,0.0,0.0,1.0,0.0,0.0,255,255,1.0,0.0,0.0,0.0,0.0,0.0,0.0,0,84534.0
0,2,11,9,43,129,0,0,0,0,0,0,0,75,0.0,0.0,0.0,0.0,1.0,0.0,0.01,255,254,1.0,0.01,0.0,0.0,0.0,0.0,0.0,0,125518.0
0,1,24,5,0,0,0,0,0,0,0,0,0,150,1.0,1.0,0.0,0.0,0.11,0.05,0.0,255,17,0.07,0.06,0.0,0.0,1.0,1.0,0.0,1,2251.0
0,1,51,9,652,330,0,0,1,0,0,0,0,1,0.0,0.0,0.0,0.0,1.0,0.0,0.0,14,6,0.43,0.21,0.07,0.0,0.0,0.0,0.0,0,33449.0
0,1,46,1,0,0,0,0,0,0,0,0,0,1,0.0,0.0,1.0,1.0,1.0,0.0,0.0,39,2,0.03,1.0,0.03,1.0,0.0,0.0,1.0,1,124792.0
4112,2,41,9,146,105,0,0,0,0,0,0,0,2,0.0,0.0,0.0,0.0,1.0,0.0,0.0,255,2,0.01,0.83,0.98,0.0,0.0,0.0,0.0,0,36028.0
0,2,11,9,45,81,0,0,0,0,0,0,0,211,0.0,0.0,0.0,0.0,1.0,0.01,0.01,255,254,1.0,0.01,0.0,0.0,0.0,0.0,0.0,0,65776.0
0,1,22,9,224,3279,0,0,1,0,0,0,0,7,0.0,0.0,0.0,0.0,1.0,0.0,0.2,255,255,1.0,0.0,0.0,0.0,0.0,0.0,0.0,0,90029.0
0,1,46,5,0,0,0,0,0,0,0,0,0,204,1.0,1.0,0.0,0.0,0.04,0.06,0.0,255,8,0.03,0.08,0.0,0.0,1.0,1.0,0.0,1,120321.0
0,2,11,9,43,128,0,0,0,0,0,0,0,73,0.0,0.0,0.0,0.0,1.0,0.0,0.01,255,239,0.94,0.01,0.0,0.0,0.0,0.0,0.0,0,19663.0
0,1,22,9,218,276,0,0,1,0,0,0,0,18,0.0,0.0,0.0,0.0,1.0,0.0,0.0,255,255,1.0,0.0,0.0,0.0,0.0,0.0,0.0,0,58574.0
18,1,51,9,1229,332,0,0,1,0,0,0,0,1,0.0,0.0,0.0,0.0,1.0,0.0,0.0,39,39,0.97,0.05,0.03,0.05,0.0,0.0,0.05,0,55643.0
0,1,51,6,0,0,0,0,0,0,0,0,0,1,1.0,0.25,0.0,0.0,1.0,0.0,1.0,89,146,0.81,0.03,0.01,0.01,0.08,0.03,0.0,0,62830.0
0,1,22,9,54540,8314,0,2,1,1,0,0,0,4,0.0,0.0,0.0,0.0,1.0,0.0,0.0,140,140,1.0,0.0,0.01,0.0,0.0,0.0,0.05,1,125294.0
0,1,19,9,15377,0,0,0,1,0,0,0,0,4,0.0,0.0,0.0,0.0,1.0,0.0,0.0,249,50,0.19,0.02,0.19,0.04,0.0,0.0,0.0,0,35743.0
0,1,17,5,0,0,0,0,0,0,0,0,0,245,1.0,1.0,0.0,0.0,0.07,0.06,0.0,255,18,0.07,0.06,0.0,0.0,1.0,1.0,0.0,1,35215.0
0,1,46,5,0,0,0,0,0,0,0,0,0,118,1.0,1.0,0.0,0.0,0.13,0.06,0.0,255,19,0.07,0.07,0.0,0.0,1.0,1.0,0.0,1,73098.0
0,2,11,9,44,73,0,0,0,0,0,0,0,250,0.0,0.0,0.0,0.0,1.0,0.0,0.01,255,207,0.81,0.01,0.0,0.0,0.0,0.0,0.0,0,49809.0
0,1,22,1,0,0,0,0,0,0,0,0,0,1,0.0,0.0,1.0,1.0,1.0,0.0,0.0,9,119,1.0,0.0,0.11,0.2,0.0,0.0,1.0,0,39284.0
0,1,46,5,0,0,0,0,0,0,0,0,0,70,1.0,1.0,0.0,0.0,0.07,0.07,0.0,255,16,0.06,0.07,0.0,0.0,1.0,1.0,0.0,1,106405.0
0,1,22,9,218,434,0,0,1,0,0,0,0,10,0.0,0.0,0.0,0.0,1.0,0.0,0.19,255,255,1.0,0.0,0.0,0.0,0.0,0.0,0.0,0,74020.0
0,1,22,9,213,1344,0,0,1,0,0,0,0,1,0.0,0.0,0.0,0.0,1.0,0.0,0.0,1,255,1.0,0.0,1.0,0.03,0.0,0.0,0.0,0,118944.0
0,1,22,9,210,3754,0,0,1,0,0,0,0,18,0.0,0.0,0.0,0.0,1.0,0.0,0.0,62,255,1.0,0.0,0.02,0.02,0.0,0.01,0.0,0,361.0
0,1,26,5,0,0,0,0,0,0,0,0,0,269,1.0,1.0,0.0,0.0,0.07,0.06,0.0,255,18,0.07,0.07,0.0,0.0,1.0,1.0,0.0,1,5978.0
0,1,41,1,0,0,0,0,0,0,0,0,0,308,0.1,0.0,0.89,1.0,0.0,1.0,0.0,255,1,0.0,1.0,0.0,0.0,0.09,0.0,1.0,1,116402.0
0,1,46,1,0,0,0,0,0,0,0,0,0,263,0.1,0.0,0.9,1.0,0.0,1.0,0.0,255,1,0.0,1.0,0.0,0.0,0.1,0.0,1.0,1,68115.0
1,1,51,9,1455,281,0,0,1,0,0,0,0,1,0.0,0.0,0.0,0.0,1.0,0.0,1.0,214,173,0.71,0.03,0.0,0.01,0.0,0.0,0.0,0,33533.0
0,1,46,1,0,0,0,0,0,0,0,0,0,450,0.0,0.0,1.0,1.0,0.0,0.52,0.0,255,1,0.0,0.51,1.0,0.0,0.0,0.0,1.0,1,55429.0
0,1,22,9,297,1519,0,0,1,0,0,0,0,15,0.0,0.0,0.0,0.0,1.0,0.0,0.0,15,255,1.0,0.0,0.07,0.03,0.0,0.0,0.0,0,62190.0
0,1,35,5,0,0,0,0,0,0,0,0,0,145,1.0,1.0,0.0,0.0,0.02,0.08,0.0,255,3,0.01,0.07,0.0,0.0,1.0,1.0,0.0,1,27063.0
0,1,46,5,0,0,0,0,0,0,0,0,0,223,1.0,1.0,0.0,0.0,0.06,0.06,0.0,255,12,0.05,0.08,0.0,0.0,1.0,1.0,0.0,1,24733.0
0,1,22,9,230,361,0,0,1,0,0,0,0,1,0.0,0.0,0.0,0.0,1.0,0.0,0.67,139,255,1.0,0.0,0.01,0.02,0.0,0.0,0.0,0,74932.0
0,1,22,9,246,1304,0,0,1,0,0,0,0,2,0.0,0.0,0.0,0.0,1.0,0.0,0.5,148,255,1.0,0.0,0.01,0.02,0.0,0.0,0.0,0,35627.0
357,1,57,9,334,10686,0,0,0,0,0,0,0,1,0.0,0.0,0.0,0.0,1.0,0.0,0.0,255,65,0.25,0.02,0.0,0.0,0.8,0.92,0.0,0,977.0
0,1,22,9,305,12821,0,0,1,0,0,0,0,3,0.0,0.0,0.0,0.0,1.0,0.0,0.0,73,255,1.0,0.0,0.01,0.05,0.0,0.0,0.0,0,63859.0
0,0,13,9,8,0,0,0,0,0,0,0,0,1,0.0,0.0,0.0,0.0,1.0,0.0,1.0,2,74,1.0,0.0,1.0,0.5,0.0,0.0,0.0,1,52831.0
0,0,13,9,8,0,0,0,0,0,0,0,0,1,0.0,0.0,0.0,0.0,1.0,0.0,1.0,2,255,1.0,0.0,1.0,0.5,0.0,0.0,0.0,1,61926.0
0,1,22,9,148,16120,0,0,1,0,0,0,0,12,0.0,0.0,0.0,0.0,1.0,0.0,0.12,78,255,1.0,0.0,0.01,0.04,0.0,0.0,0.0,0,29069.0
0,0,62,9,181,0,0,0,0,0,0,0,0,3,0.0,0.0,0.0,0.0,0.67,0.67,0.0,255,93,0.36,0.01,0.46,0.0,0.0,0.0,0.0,0,72.0
0,1,22,9,296,260,0,0,1,0,0,0,0,20,0.0,0.0,0.0,0.0,1.0,0.0,0.0,157,255,1.0,0.0,0.01,0.01,0.0,0.0,0.0,0,61606.0
0,1,22,9,316,473,0,0,1,0,0,0,0,1,0.0,0.0,0.0,0.0,1.0,0.0,0.05,184,184,1.0,0.0,0.01,0.0,0.0,0.0,0.0,0,111563.0
0,1,19,5,0,0,0,0,0,0,0,0,0,213,1.0,1.0,0.0,0.0,0.09,0.07,0.0,255,20,0.08,0.07,0.0,0.0,1.0,1.0,0.0,1,97855.0
0,2,11,9,44,44,0,0,0,0,0,0,0,171,0.0,0.0,0.0,0.0,1.0,0.0,0.0,255,255,1.0,0.0,0.01,0.0,0.0,0.0,0.0,0,85815.0
0,1,41,5,0,0,0,0,0,0,0,0,0,260,1.0,1.0,0.0,0.0,0.03,0.06,0.0,255,19,0.07,0.07,0.0,0.0,1.0,1.0,0.0,1,92745.0
0,1,22,9,350,19080,0,0,1,0,0,0,0,31,0.0,0.0,0.0,0.0,1.0,0.0,0.0,255,255,1.0,0.0,0.0,0.0,0.0,0.0,0.0,0,30202.0
0,1,54,5,0,0,0,0,0,0,0,0,0,140,1.0,1.0,0.0,0.0,0.08,0.06,0.0,255,5,0.02,0.06,0.0,0.0,1.0,1.0,0.0,1,83480.0
0,1,51,9,1090,337,0,0,1,0,0,0,0,1,0.0,0.0,0.0,0.0,1.0,0.0,1.0,214,132,0.62,0.02,0.0,0.0,0.0,0.0,0.08,0,55190.0
0,1,46,5,0,0,0,0,0,0,0,0,0,132,1.0,1.0,0.0,0.0,0.15,0.07,0.0,255,2,0.01,0.08,0.0,0.0,1.0,1.0,0.0,1,83118.0
0,1,22,9,254,3200,0,0,1,0,0,0,0,10,0.0,0.0,0.0,0.0,1.0,0.0,0.0,255,255,1.0,0.0,0.0,0.0,0.0,0.0,0.0,0,41657.0
0,0,13,9,8,0,0,0,0,0,0,0,0,1,0.0,0.0,0.0,0.0,1.0,0.0,1.0,1,241,1.0,0.0,1.0,0.5,0.0,0.0,0.0,1,10563.0
0,1,2,5,0,0,0,0,0,0,0,0,0,133,1.0,1.0,0.0,0.0,0.17,0.05,0.0,255,22,0.09,0.05,0.0,0.0,1.0,1.0,0.0,1,28381.0
1,1,51,9,936,333,0,0,1,0,0,0,0,1,0.0,0.0,0.0,0.0,1.0,0.0,0.0,64,100,0.5,0.09,0.02,0.02,0.0,0.0,0.0,0,104765.0
0,0,13,9,8,0,0,0,0,0,0,0,0,1,0.0,0.0,0.0,0.0,1.0,0.0,1.0,1,141,1.0,0.0,1.0,0.5,0.0,0.0,0.0,1,4905.0
0,1,46,5,0,0,0,0,0,0,0,0,0,144,1.0,1.0,0.0,0.0,0.08,0.06,0.0,255,7,0.03,0.07,0.0,0.0,1.0,1.0,0.0,1,84914.0
0,1,22,9,387,349,0,0,1,0,0,0,0,7,0.0,0.0,0.0,0.0,1.0,0.0,0.0,70,231,1.0,0.0,0.01,0.2,0.0,0.0,0.72,0,88060.0
0,2,11,9,43,130,0,0,0,0,0,0,0,303,0.0,0.0,0.0,0.0,1.0,0.0,0.0,255,254,1.0,0.01,0.0,0.0,0.0,0.0,0.0,0,70776.0
0,1,22,9,286,3653,0,0,1,0,0,0,0,1,0.0,0.0,0.0,0.0,1.0,0.0,0.0,48,255,1.0,0.0,0.02,0.01,0.0,0.0,0.07,0,60897.0
0,1,2,1,0,0,0,0,0,0,0,0,0,112,0.0,0.0,1.0,1.0,0.06,0.06,0.0,255,7,0.03,0.06,0.0,0.0,0.0,0.0,1.0,1,125052.0
616,2,41,9,147,105,0,0,0,0,0,0,0,1,0.0,0.0,0.0,0.0,1.0,0.0,0.0,255,2,0.01,0.56,0.89,0.0,0.0,0.0,0.0,0,31225.0
0,1,41,1,0,0,0,0,0,0,0,0,0,511,0.13,0.0,0.87,1.0,0.0,1.0,0.0,255,1,0.0,1.0,0.0,0.0,0.15,0.0,1.0,1,61138.0
0,0,14,9,1032,0,0,0,0,0,0,0,0,511,0.0,0.0,0.0,0.0,1.0,0.0,0.0,255,87,0.34,0.02,0.34,0.0,0.02,0.0,0.0,1,53948.0
0,1,22,9,210,7205,0,0,1,0,0,0,0,5,0.0,0.0,0.0,0.0,1.0,0.0,0.3,31,255,1.0,0.0,0.03,0.04,0.0,0.0,0.0,0,100380.0
0,1,22,9,320,4624,0,0,1,0,0,0,0,22,0.0,0.0,0.0,0.0,1.0,0.0,0.0,255,255,1.0,0.0,0.0,0.0,0.01,0.01,0.0,0,5295.0
0,1,46,5,0,0,0,0,0,0,0,0,0,116,1.0,1.0,0.0,0.0,0.02,0.06,0.0,255,4,0.02,0.06,0.0,0.0,1.0,1.0,0.0,1,1055.0
0,1,22,9,356,398,0,0,1,0,0,0,0,17,0.0,0.0,0.0,0.0,1.0,0.0,0.0,255,255,1.0,0.0,0.0,0.0,0.0,0.0,0.0,0,109336.0
0,1,22,9,302,2239,0,0,1,0,0,0,0,6,0.0,0.0,0.0,0.0,1.0,0.0,0.0,255,234,0.92,0.02,0.0,0.0,0.0,0.0,0.0,0,113646.0
0,1,22,5,0,0,0,0,0,0,0,0,0,239,1.0,1.0,0.0,0.0,0.03,0.05,0.0,255,7,0.03,0.06,0.0,0.0,1.0,1.0,0.0,1,91082.0
0,1,22,9,195,557,0,0,1,0,0,0,0,2,0.0,0.0,0.0,0.0,1.0,0.0,0.33,255,255,1.0,0.0,0.0,0.0,0.0,0.0,0.01,0,26507.0
0,1,46,5,0,0,0,0,0,0,0,0,0,268,1.0,1.0,0.0,0.0,0.04,0.06,0.0,255,17,0.07,0.07,0.0,0.0,1.0,1.0,0.0,1,90656.0
0,1,41,9,59,0,0,0,1,0,0,0,0,3,0.0,0.0,0.0,0.0,0.33,0.67,0.0,126,1,0.01,0.04,0.07,0.0,0.0,0.0,0.0,0,111892.0
0,2,11,9,46,46,0,0,0,0,0,0,0,94,0.0,0.0,0.0,0.0,1.0,0.0,0.01,255,255,1.0,0.0,0.01,0.0,0.0,0.0,0.0,0,94277.0
0,1,22,9,294,1227,0,0,1,0,0,0,0,4,0.0,0.0,0.0,0.0,1.0,0.0,0.0,42,42,1.0,0.0,0.02,0.0,0.0,0.0,0.0,0,66893.0
0,1,22,9,343,774,0,0,1,0,0,0,0,9,0.0,0.0,0.0,0.0,1.0,0.0,0.0,255,255,1.0,0.0,0.0,0.0,0.0,0.0,0.0,0,60924.0
0,1,46,5,0,0,0,0,0,0,0,0,0,240,1.0,1.0,0.0,0.0,0.05,0.05,0.0,255,13,0.05,0.05,0.0,0.0,1.0,1.0,0.0,1,95790.0
0,1,46,5,0,0,0,0,0,0,0,0,0,194,1.0,1.0,0.0,0.0,0.07,0.07,0.0,255,11,0.04,0.06,0.0,0.0,1.0,1.0,0.0,1,124302.0
0,1,22,9,199,174,0,0,1,0,0,0,0,7,0.0,0.0,0.0,0.0,1.0,0.0,0.0,71,255,1.0,0.0,0.01,0.03,0.0,0.0,0.0,0,36441.0
0,1,22,9,252,273525,0,0,1,0,0,0,0,1,0.0,0.0,0.0,0.0,1.0,0.0,0.05,255,226,0.89,0.01,0.0,0.0,0.0,0.0,0.0,0,101685.0
0,1,29,5,0,0,0,0,0,0,0,0,0,132,1.0,1.0,0.0,0.0,0.03,0.06,0.0,255,16,0.06,0.08,0.0,0.0,1.0,1.0,0.0,1,15034.0
0,1,54,5,0,0,0,0,0,0,0,0,0,243,1.0,1.0,0.0,0.0,0.08,0.06,0.0,255,20,0.08,0.07,0.0,0.0,1.0,1.0,0.0,1,11304.0
0,1,22,9,267,1619,0,0,1,0,0,0,0,1,0.0,0.0,0.0,0.0,1.0,0.0,0.4,255,224,0.88,0.01,0.0,0.0,0.0,0.0,0.0,0,59539.0
0,1,7,1,0,0,0,0,0,0,0,0,0,255,0.0,0.0,1.0,1.0,0.02,0.07,0.0,255,4,0.02,0.07,0.0,0.0,0.0,0.0,1.0,1,80856.0
0,1,46,5,0,0,0,0,0,0,0,0,0,138,1.0,1.0,0.0,0.0,0.14,0.07,0.0,255,20,0.08,0.06,0.0,0.0,1.0,1.0,0.0,1,91747.0
0,1,35,1,0,0,0,0,0,0,0,0,0,142,0.0,0.0,1.0,1.0,0.05,0.06,0.0,255,6,0.02,0.08,0.0,0.0,0.0,0.0,1.0,1,69042.0
0,1,46,5,0,0,0,0,0,0,0,0,0,266,1.0,1.0,0.0,0.0,0.05,0.06,0.0,255,7,0.03,0.07,0.0,0.0,1.0,1.0,0.0,1,8587.0
0,1,46,5,0,0,0,0,0,0,0,0,0,207,1.0,1.0,0.0,0.0,0.02,0.06,0.0,255,13,0.05,0.07,0.0,0.0,1.0,1.0,0.0,1,49708.0
0,1,46,5,0,0,0,0,0,0,0,0,0,11,1.0,1.0,0.0,0.0,1.0,0.0,0.0,255,11,0.04,0.07,0.0,0.0,1.0,1.0,0.0,1,24215.0
0,2,11,9,44,67,0,0,0,0,0,0,0,147,0.0,0.0,0.0,0.0,1.0,0.0,0.01,255,254,1.0,0.01,0.0,0.0,0.0,0.0,0.0,0,75492.0
0,1,16,5,0,0,0,0,0,0,0,0,0,13,1.0,1.0,0.0,0.0,0.15,0.23,0.0,255,16,0.06,0.07,0.0,0.0,1.0,1.0,0.0,1,96495.0
0,2,11,9,44,129,0,0,0,0,0,0,0,131,0.0,0.0,0.0,0.0,1.0,0.0,0.02,255,254,1.0,0.01,0.0,0.0,0.0,0.0,0.0,0,16096.0
0,1,22,9,164,15174,0,0,1,0,0,0,0,3,0.0,0.0,0.0,0.0,1.0,0.0,0.5,255,255,1.0,0.0,0.0,0.0,0.0,0.0,0.0,0,105946.0
0,1,22,9,314,1415,0,0,1,0,0,0,0,6,0.0,0.0,0.0,0.0,1.0,0.0,0.0,174,174,1.0,0.0,0.01,0.0,0.0,0.0,0.0,0,55755.0
0,1,46,5,0,0,0,0,0,0,0,0,0,125,1.0,1.0,0.0,0.0,0.14,0.07,0.0,255,20,0.08,0.07,0.0,0.0,1.0,1.0,0.0,1,14666.0
0,0,13,9,8,0,0,0,0,0,0,0,0,1,0.0,0.0,0.0,0.0,1.0,0.0,1.0,1,121,1.0,0.0,1.0,0.5,0.0,0.0,0.0,1,46590.0
0,1,17,2,0,0,0,0,0,0,0,0,0,1,0.0,0.0,1.0,1.0,1.0,0.0,0.0,81,11,0.05,0.05,0.01,0.27,0.0,0.0,0.18,0,84256.0
0,1,19,9,852,0,0,0,1,0,0,0,0,5,0.0,0.0,0.0,0.0,1.0,0.0,0.0,143,78,0.31,0.03,0.31,0.03,0.0,0.0,0.0,0,27623.0
37097,1,46,4,1,0,0,0,0,0,0,0,0,2,0.0,0.0,1.0,1.0,1.0,0.0,0.0,255,2,0.01,0.5,1.0,0.0,0.0,0.0,1.0,1,74465.0
0,1,17,5,0,0,0,0,0,0,0,0,0,36,1.0,1.0,0.0,0.0,0.44,0.06,0.0,78,20,0.21,0.05,0.03,0.1,0.97,0.8,0.0,1,21927.0
0,2,11,9,43,136,0,0,0,0,0,0,0,107,0.0,0.0,0.0,0.0,1.0,0.0,0.03,227,162,0.71,0.02,0.0,0.0,0.0,0.0,0.0,0,18568.0
0,1,6,5,0,0,0,0,0,0,0,0,0,284,1.0,1.0,0.0,0.0,0.09,0.05,0.0,255,25,0.1,0.05,0.0,0.0,1.0,1.0,0.0,1,34323.0
0,2,11,9,46,132,0,0,0,0,0,0,0,244,0.0,0.0,0.0,0.0,1.0,0.0,0.0,255,252,0.99,0.01,0.0,0.0,0.0,0.0,0.0,0,122988.0
0,2,46,9,28,0,3,0,0,0,0,0,0,5,0.0,0.0,0.0,0.0,1.0,0.0,0.0,218,5,0.02,0.75,0.02,0.0,0.03,0.0,0.0,1,22846.0
0,1,36,5,0,0,0,0,0,0,0,0,0,193,1.0,1.0,0.0,0.0,0.02,0.07,0.0,255,4,0.02,0.07,0.0,0.0,1.0,1.0,0.0,1,71826.0
0,1,19,9,1153,0,0,0,1,0,0,0,0,3,0.0,0.0,0.0,0.0,0.67,0.67,0.0,179,61,0.15,0.03,0.15,0.03,0.0,0.0,0.0,0,81802.0
0,2,11,9,44,82,0,0,0,0,0,0,0,106,0.0,0.0,0.0,0.0,1.0,0.0,0.0,255,172,0.67,0.01,0.0,0.0,0.0,0.0,0.0,0,51347.0
0,1,22,9,334,4158,0,0,1,0,0,0,0,4,0.0,0.0,0.0,0.0,1.0,0.0,0.0,188,255,1.0,0.0,0.01,0.02,0.0,0.01,0.04,0,8690.0
0,1,64,5,0,0,0,0,0,0,0,0,0,263,1.0,1.0,0.0,0.0,0.04,0.05,0.0,255,11,0.04,0.05,0.0,0.0,1.0,1.0,0.0,1,117799.0
0,1,22,9,242,2102,0,0,1,0,0,0,0,8,0.0,0.0,0.0,0.0,1.0,0.0,0.11,36,255,1.0,0.0,0.03,0.05,0.0,0.01,0.0,0,19692.0
0,1,22,9,228,531,0,0,1,0,0,0,0,13,0.0,0.0,0.0,0.0,1.0,0.0,0.0,54,255,1.0,0.0,0.02,0.02,0.0,0.0,0.0,0,56439.0
0,1,6,5,0,0,0,0,0,0,0,0,0,112,1.0,1.0,0.0,0.0,0.03,0.06,0.0,255,6,0.02,0.07,0.0,0.0,1.0,1.0,0.0,1,8436.0
0,1,9,5,0,0,0,0,0,0,0,0,0,240,1.0,1.0,0.0,0.0,0.04,0.07,0.0,255,1,0.0,0.08,0.0,0.0,1.0,1.0,0.0,1,105535.0
0,2,11,9,44,128,0,0,0,0,0,0,0,238,0.0,0.0,0.0,0.0,1.0,0.0,0.01,255,253,0.99,0.01,0.0,0.0,0.0,0.0,0.0,0,51663.0
0,1,22,1,0,0,0,0,0,0,0,0,0,1,0.0,0.0,1.0,1.0,1.0,0.0,0.0,2,12,1.0,0.0,0.5,0.17,0.0,0.0,1.0,0,102053.0
0,1,5,5,0,0,0,0,0,0,0,0,0,117,1.0,1.0,0.0,0.0,0.13,0.06,0.0,255,15,0.06,0.05,0.0,0.0,1.0,1.0,0.0,1,91206.0
0,1,46,10,0,0,0,0,0,0,0,0,0,1,1.0,1.0,0.0,0.0,1.0,0.0,0.0,16,1,0.06,0.75,0.56,0.0,0.56,1.0,0.0,1,76366.0
0,2,11,9,44,44,0,0,0,0,0,0,0,191,0.0,0.0,0.0,0.0,1.0,0.0,0.0,255,254,1.0,0.01,0.0,0.0,0.0,0.0,0.0,0,106143.0
0,1,46,5,0,0,0,0,0,0,0,0,0,94,1.0,1.0,0.0,0.0,0.14,0.06,0.0,255,13,0.05,0.05,0.0,0.0,1.0,1.0,0.0,1,93761.0
0,0,13,9,8,0,0,0,0,0,0,0,0,1,0.0,0.0,0.0,0.0,1.0,0.0,1.0,1,237,1.0,0.0,1.0,0.5,0.0,0.0,0.0,1,23520.0
0,1,60,5,0,0,0,0,0,0,0,0,0,122,1.0,1.0,0.0,0.0,0.16,0.07,0.0,255,4,0.02,0.07,0.0,0.0,1.0,1.0,0.0,1,39088.0
0,1,22,9,211,1792,0,0,1,0,0,0,0,7,0.0,0.0,0.0,0.0,1.0,0.0,0.0,73,255,1.0,0.0,0.01,0.04,0.0,0.0,0.0,0,1898.0
0,1,3,5,0,0,0,0,0,0,0,0,0,108,1.0,1.0,0.0,0.0,0.07,0.06,0.0,255,8,0.03,0.07,0.0,0.0,1.0,1.0,0.0,1,58900.0
0,1,22,9,331,2263,0,0,1,0,0,0,0,4,0.0,0.0,0.0,0.0,1.0,0.0,0.0,115,255,1.0,0.0,0.01,0.05,0.0,0.0,0.0,0,23091.0
0,1,22,9,277,5200,0,0,1,0,0,0,0,18,0.0,0.0,0.0,0.0,1.0,0.0,0.0,141,255,1.0,0.0,0.01,0.02,0.0,0.0,0.0,0,51212.0
0,1,46,5,0,0,0,0,0,0,0,0,0,126,1.0,1.0,0.0,0.0,0.16,0.06,0.0,29,20,0.69,0.14,0.03,0.0,1.0,1.0,0.0,1,73181.0
0,2,46,9,28,0,3,0,0,0,0,0,0,31,0.0,0.0,0.0,0.0,1.0,0.0,0.0,234,31,0.13,0.05,0.13,0.0,0.02,0.0,0.0,1,105235.0
0,1,46,5,0,0,0,0,0,0,0,0,0,105,1.0,1.0,0.0,0.0,0.18,0.06,0.0,255,29,0.11,0.05,0.0,0.0,1.0,1.0,0.0,1,63556.0
6,1,51,9,1293,327,0,0,1,0,0,0,0,4,0.0,0.0,0.0,0.0,0.5,0.5,0.75,80,61,0.76,0.08,0.01,0.0,0.0,0.0,0.0,0,83910.0
0,1,22,1,0,0,0,0,0,0,0,0,0,1,0.0,0.0,1.0,1.0,1.0,0.0,0.0,9,251,1.0,0.0,0.11,0.17,0.0,0.0,1.0,0,11163.0
0,1,22,1,0,0,0,0,0,0,0,0,0,8,0.0,0.0,0.62,0.62,1.0,0.0,0.0,10,253,1.0,0.0,0.1,0.16,0.0,0.0,0.7,0,34196.0
0,1,22,9,300,12884,0,0,1,0,0,0,0,4,0.0,0.0,0.0,0.0,1.0,0.0,0.0,255,255,1.0,0.0,0.0,0.0,0.0,0.0,0.0,0,44858.0
0,1,22,9,290,175,0,0,1,0,0,0,0,29,0.0,0.0,0.0,0.0,1.0,0.0,0.0,95,255,1.0,0.0,0.01,0.04,0.0,0.0,0.0,0,37010.0
0,1,31,5,0,0,0,0,0,0,0,0,0,144,1.0,1.0,0.0,0.0,0.1,0.06,0.0,255,13,0.05,0.06,0.0,0.0,1.0,1.0,0.0,1,123681.0
0,2,11,9,44,128,0,0,0,0,0,0,0,324,0.0,0.0,0.0,0.0,1.0,0.01,0.0,255,235,0.92,0.01,0.0,0.0,0.0,0.0,0.0,0,75470.0
0,1,33,1,0,0,0,0,0,0,0,0,0,240,0.0,0.0,1.0,1.0,0.03,0.07,0.0,255,8,0.03,0.07,0.0,0.0,0.0,0.0,1.0,1,59343.0
0,1,19,5,0,0,0,0,0,0,0,0,0,1,1.0,1.0,0.0,0.0,1.0,0.0,0.0,255,55,0.22,0.04,0.0,0.0,1.0,1.0,0.0,1,56879.0
0,1,22,9,231,2775,0,0,1,0,0,0,0,15,0.0,0.0,0.0,0.0,1.0,0.0,0.12,100,255,1.0,0.0,0.01,0.02,0.0,0.0,0.01,0,22315.0
0,1,57,2,125,179,0,1,0,0,0,0,0,2,0.0,0.0,1.0,1.0,1.0,0.0,0.0,3,3,1.0,0.0,0.33,0.0,0.33,0.33,0.67,0,15395.0
0,1,22,9,248,3637,0,0,1,0,0,0,0,2,0.0,0.0,0.0,0.0,1.0,0.0,0.0,246,255,1.0,0.0,0.01,0.02,0.0,0.0,0.0,0,67528.0
0,1,19,5,0,0,0,0,0,0,0,0,0,132,1.0,1.0,0.0,0.0,0.1,0.06,0.0,255,1,0.0,0.07,0.0,0.0,1.0,1.0,0.0,1,30056.0
0,1,22,9,321,5683,0,0,1,0,0,0,0,10,0.0,0.0,0.0,0.0,1.0,0.0,0.0,168,255,1.0,0.0,0.01,0.04,0.0,0.0,0.0,0,78.0
0,0,14,9,1032,0,0,0,0,0,0,0,0,511,0.0,0.0,0.0,0.0,1.0,0.0,0.0,255,203,0.8,0.02,0.8,0.0,0.0,0.0,0.0,1,39705.0
0,1,2,5,0,0,0,0,0,0,0,0,0,274,1.0,1.0,0.0,0.0,0.04,0.06,0.0,255,12,0.05,0.08,0.0,0.0,1.0,1.0,0.0,1,90387.0
0,1,22,9,212,2156,0,0,1,0,0,0,0,13,0.0,0.0,0.0,0.0,1.0,0.0,0.0,13,255,1.0,0.0,0.08,0.02,0.0,0.0,0.0,0,88300.0
0,1,22,5,0,0,0,0,0,0,0,0,0,216,1.0,0.32,0.0,0.0,0.04,0.06,0.12,255,8,0.03,0.08,0.0,0.0,1.0,1.0,0.0,1,31801.0
0,1,57,5,0,0,0,0,0,0,0,0,0,63,1.0,1.0,0.0,0.0,0.24,0.06,0.0,255,61,0.24,0.02,0.01,0.0,1.0,1.0,0.0,1,60614.0
0,1,2,5,0,0,0,0,0,0,0,0,0,258,1.0,1.0,0.0,0.0,0.03,0.06,0.0,255,13,0.05,0.07,0.0,0.0,1.0,1.0,0.0,1,44775.0
0,1,33,4,0,0,0,0,0,0,0,0,0,1,0.0,0.0,1.0,1.0,1.0,0.0,0.0,255,1,0.0,0.18,0.16,0.0,0.0,0.0,1.0,1,25139.0
0,2,11,9,44,70,0,0,0,0,0,0,0,111,0.0,0.0,0.0,0.0,1.0,0.0,0.0,255,254,1.0,0.01,0.0,0.0,0.0,0.0,0.0,0,65961.0
0,1,22,9,195,124,0,0,1,0,0,0,0,2,0.0,0.0,0.0,0.0,1.0,0.0,0.5,114,255,1.0,0.0,0.01,0.03,0.0,0.0,0.0,0,29512.0
0,1,30,5,0,0,0,0,0,0,0,0,0,167,1.0,1.0,0.0,0.0,0.04,0.08,0.0,255,7,0.03,0.07,0.0,0.0,1.0,1.0,0.0,1,54429.0
0,1,10,5,0,0,0,0,0,0,0,0,0,207,1.0,1.0,0.0,0.0,0.09,0.06,0.0,255,18,0.07,0.05,0.0,0.0,1.0,1.0,0.0,1,121319.0
0,1,51,9,937,328,0,0,1,0,0,0,0,12,0.0,0.0,0.0,0.0,0.08,0.25,0.0,255,6,0.02,0.58,0.0,0.0,0.0,0.0,0.0,0,69076.0
0,2,11,9,17,73,0,0,0,0,0,0,0,1,0.0,0.0,0.0,0.0,1.0,0.0,0.0,255,234,0.92,0.01,0.0,0.0,0.0,0.0,0.0,0,11103.0
32,1,18,9,1503,4152,0,30,1,0,0,0,0,1,0.0,0.0,0.0,0.0,1.0,0.0,1.0,113,23,0.2,0.04,0.01,0.0,0.0,0.0,0.0,0,12160.0
0,1,3,1,0,0,0,0,0,0,0,0,0,254,0.0,0.0,1.0,1.0,0.01,0.07,0.0,255,3,0.01,0.07,0.0,0.0,0.0,0.0,1.0,1,34161.0
0,1,22,9,296,3231,0,0,1,0,0,0,0,10,0.0,0.0,0.0,0.0,1.0,0.0,0.18,24,255,1.0,0.0,0.04,0.03,0.0,0.0,0.0,0,119628.0
0,2,11,9,46,46,0,0,0,0,0,0,0,147,0.0,0.0,0.0,0.0,1.0,0.0,0.0,255,255,1.0,0.0,0.0,0.0,0.0,0.0,0.0,0,54663.0
0,1,22,9,315,10319,0,0,1,0,0,0,0,11,0.0,0.0,0.0,0.0,1.0,0.0,0.0,67,255,1.0,0.0,0.01,0.02,0.0,0.0,0.0,0,96837.0
0,1,22,9,202,945,0,0,1,0,0,0,0,2,0.0,0.0,0.0,0.0,1.0,0.0,0.0,15,255,1.0,0.0,0.07,0.04,0.0,0.01,0.0,0,119364.0
0,1,35,5,0,0,0,0,0,0,0,0,0,243,1.0,1.0,0.0,0.0,0.0,0.07,0.0,255,1,0.0,0.07,0.0,0.0,1.0,1.0,0.0,1,55283.0
0,1,22,9,299,2507,0,0,1,0,0,0,0,4,0.0,0.0,0.0,0.0,1.0,0.0,0.38,255,245,0.96,0.01,0.0,0.0,0.0,0.0,0.0,0,54001.0
0,1,22,9,164,597,0,0,1,0,0,0,0,1,0.0,0.0,0.0,0.0,1.0,0.0,0.0,44,255,1.0,0.0,0.02,0.01,0.0,0.01,0.0,0,44956.0
0,0,14,9,520,0,0,0,0,0,0,0,0,411,0.0,0.0,0.0,0.0,1.0,0.0,0.0,255,255,1.0,0.0,1.0,0.0,0.0,0.0,0.0,1,79231.0
0,0,14,9,520,0,0,0,0,0,0,0,0,477,0.0,0.0,0.0,0.0,1.0,0.0,0.0,76,76,1.0,0.0,1.0,0.0,0.0,0.0,0.0,1,115518.0
0,1,22,9,361,263,0,0,1,0,0,0,0,11,0.0,0.0,0.0,0.0,1.0,0.0,0.0,255,255,1.0,0.0,0.0,0.0,0.0,0.0,0.0,0,114858.0
0,1,22,9,292,849,0,0,1,0,0,0,0,18,0.0,0.0,0.0,0.0,1.0,0.0,0.07,212,255,1.0,0.0,0.0,0.02,0.0,0.0,0.0,0,111554.0
0,1,22,9,287,1728,0,0,1,0,0,0,0,10,0.0,0.0,0.0,0.0,1.0,0.0,0.0,94,255,1.0,0.0,0.01,0.02,0.0,0.01,0.0,0,5257.0
0,2,11,9,45,106,0,0,0,0,0,0,0,204,0.0,0.0,0.0,0.0,1.0,0.0,0.01,255,216,0.85,0.01,0.01,0.0,0.0,0.0,0.0,0,90082.0
0,1,22,9,288,597,0,0,1,0,0,0,0,11,0.0,0.0,0.0,0.0,1.0,0.0,0.0,255,255,1.0,0.0,0.0,0.0,0.0,0.0,0.0,0,26553.0
0,1,22,9,168,10388,0,0,1,0,0,0,0,1,0.0,0.0,0.0,0.0,1.0,0.0,0.13,1,255,1.0,0.0,1.0,0.03,0.0,0.0,0.0,0,8082.0
0,1,46,5,0,0,0,0,0,0,0,0,0,279,1.0,1.0,0.0,0.0,0.03,0.06,0.0,255,13,0.05,0.07,0.0,0.0,1.0,1.0,0.0,1,26.0
0,1,22,9,257,5989,0,0,1,0,0,0,0,4,0.0,0.0,0.0,0.0,1.0,0.0,0.21,255,255,1.0,0.0,0.0,0.0,0.0,0.0,0.0,0,28168.0
0,1,6,5,0,0,0,0,0,0,0,0,0,290,1.0,1.0,0.0,0.0,0.04,0.06,0.0,255,13,0.05,0.05,0.0,0.0,1.0,1.0,0.0,1,25815.0
0,1,46,4,0,0,0,0,0,0,0,0,0,1,0.0,0.0,1.0,1.0,1.0,0.0,0.0,248,1,0.0,0.34,0.32,0.0,0.0,0.0,1.0,1,124048.0
0,1,41,1,0,0,0,0,0,0,0,0,0,329,0.09,0.0,0.9,1.0,0.0,1.0,0.0,255,1,0.0,1.0,0.0,0.0,0.09,0.0,1.0,1,11031.0
0,1,33,5,0,0,0,0,0,0,0,0,0,297,1.0,1.0,0.0,0.0,0.05,0.05,0.0,255,4,0.02,0.08,0.0,0.0,1.0,1.0,0.0,1,39896.0
0,1,22,9,196,5132,0,0,1,0,0,0,0,1,0.0,0.0,0.0,0.0,1.0,0.0,0.0,1,255,1.0,0.0,1.0,0.03,0.0,0.0,0.0,0,52295.0
0,1,22,9,244,382,0,0,1,0,0,0,0,2,0.0,0.25,0.0,0.0,1.0,0.0,0.25,255,255,1.0,0.0,0.0,0.0,0.0,0.0,0.0,0,41905.0
0,1,51,9,1276,329,0,0,1,0,0,0,0,1,0.0,0.0,0.0,0.0,1.0,0.0,1.0,195,125,0.45,0.04,0.01,0.02,0.01,0.0,0.0,0,48645.0
0,1,46,5,0,0,0,0,0,0,0,0,0,114,1.0,1.0,0.0,0.0,0.11,0.06,0.0,255,12,0.05,0.08,0.0,0.0,1.0,1.0,0.0,1,49675.0
2,1,51,9,1757,331,0,0,1,0,0,0,0,1,0.0,0.0,0.0,0.0,1.0,0.0,1.0,72,143,0.64,0.06,0.01,0.01,0.0,0.0,0.0,0,111036.0
0,1,22,9,315,471,0,0,1,0,0,0,0,12,0.0,0.0,0.0,0.0,1.0,0.0,0.0,255,255,1.0,0.0,0.0,0.0,0.0,0.0,0.0,0,109342.0
0,1,39,5,0,0,0,0,0,0,0,0,0,92,1.0,1.0,0.0,0.0,0.03,0.07,0.0,255,14,0.05,0.06,0.0,0.0,1.0,1.0,0.0,1,693.0
27,1,18,9,1490,4152,0,25,1,0,0,0,0,2,0.0,0.0,0.0,0.0,0.5,1.0,0.0,112,25,0.22,0.06,0.01,0.0,0.0,0.0,0.0,0,84355.0
0,2,11,9,46,117,0,0,0,0,0,0,0,7,0.0,0.0,0.0,0.0,0.86,0.29,0.11,255,248,0.97,0.01,0.0,0.0,0.0,0.0,0.0,0,24405.0
0,1,22,9,331,946,0,0,1,0,0,0,0,12,0.0,0.0,0.0,0.0,1.0,0.0,0.0,132,255,1.0,0.0,0.01,0.04,0.0,0.0,0.0,0,20946.0
0,1,22,9,163,35870,0,0,1,0,0,0,0,1,0.0,0.0,0.0,0.0,1.0,0.0,0.0,145,255,1.0,0.0,0.01,0.02,0.01,0.0,0.0,0,58783.0
0,1,46,5,0,0,0,0,0,0,0,0,0,160,1.0,1.0,0.0,0.0,0.06,0.08,0.0,255,1,0.0,0.07,0.0,0.0,1.0,1.0,0.0,1,87180.0
26,1,18,9,1074,3081,0,22,1,0,0,0,0,1,0.0,0.0,0.0,0.0,1.0,0.0,0.0,4,4,1.0,0.0,0.25,0.0,0.0,0.0,0.0,0,116352.0
0,1,46,1,0,0,0,0,0,0,0,0,0,286,0.0,0.0,1.0,1.0,0.06,0.06,0.0,255,31,0.12,0.07,0.0,0.0,0.0,0.0,1.0,1,81338.0
0,1,22,1,0,0,0,0,0,0,0,0,0,1,0.0,0.0,1.0,1.0,1.0,0.0,0.0,3,250,1.0,0.0,0.33,0.12,0.0,0.0,1.0,0,51491.0
0,1,22,9,258,8702,0,0,1,0,0,0,0,1,0.0,0.0,0.0,0.0,1.0,0.0,0.0,37,255,1.0,0.0,0.03,0.08,0.03,0.0,0.0,0,64254.0
0,0,13,9,8,0,0,0,0,0,0,0,0,1,0.0,0.0,0.0,0.0,1.0,0.0,1.0,2,50,1.0,0.0,1.0,0.5,0.0,0.0,0.0,1,76767.0
0,1,25,5,0,0,0,0,0,0,0,0,0,260,1.0,1.0,0.0,0.0,0.02,0.06,0.0,255,5,0.02,0.08,0.0,0.0,1.0,1.0,0.0,1,25341.0
0,1,46,5,0,0,0,0,0,0,0,0,0,296,1.0,1.0,0.0,0.0,0.04,0.05,0.0,255,4,0.02,0.09,0.0,0.0,1.0,1.0,0.0,1,2711.0
0,1,22,9,341,604,0,0,1,0,0,0,0,6,0.17,0.06,0.0,0.0,1.0,0.0,0.12,255,255,1.0,0.0,0.0,0.0,0.0,0.0,0.0,0,16143.0
0,1,22,5,0,0,0,0,0,0,0,0,0,262,1.0,1.0,0.0,0.0,0.06,0.06,0.0,255,17,0.07,0.08,0.0,0.0,1.0,1.0,0.0,1,15367.0
0,1,46,5,0,0,0,0,0,0,0,0,0,74,1.0,1.0,0.0,0.0,0.01,0.07,0.0,255,13,0.05,0.05,0.0,0.0,1.0,1.0,0.0,1,62620.0
0,2,41,9,516,4,0,0,0,0,0,0,0,328,0.0,0.0,0.0,0.0,1.0,0.0,0.0,255,255,1.0,0.0,1.0,0.0,0.0,0.0,0.0,0,123940.0
0,1,22,9,214,1281,0,0,1,0,0,0,0,19,0.0,0.0,0.0,0.0,1.0,0.0,0.0,255,255,1.0,0.0,0.0,0.0,0.0,0.0,0.0,0,82593.0
1,1,46,3,0,0,0,0,0,0,0,0,0,10,0.7,0.5,0.3,0.5,0.2,0.5,0.0,255,2,0.01,0.02,0.04,0.0,0.03,0.5,0.5,1,23994.0
27,2,11,9,40,40,0,0,0,0,0,0,0,2,0.0,0.0,0.0,0.0,1.0,0.0,0.33,72,38,0.53,0.04,0.01,0.0,0.0,0.0,0.0,0,113551.0
0,2,11,9,44,44,0,0,0,0,0,0,0,313,0.0,0.0,0.0,0.0,1.0,0.0,0.0,255,221,0.87,0.01,0.0,0.0,0.0,0.0,0.0,0,102069.0
0,1,19,9,495,0,0,0,1,0,0,5,0,1,0.0,0.0,0.0,0.0,1.0,0.0,0.0,1,120,1.0,0.0,1.0,0.02,0.0,0.0,0.0,0,20428.0
757,2,41,9,146,105,0,0,0,0,0,0,0,1,0.0,0.0,0.0,0.0,1.0,0.0,0.0,255,2,0.01,0.62,0.88,0.0,0.0,0.0,0.0,0,57387.0
0,1,22,9,180,423,0,0,1,0,0,0,0,3,0.0,0.0,0.0,0.0,1.0,0.0,0.5,9,255,1.0,0.0,0.11,0.01,0.0,0.0,0.0,0,79036.0
29,1,18,9,1506,4152,0,30,1,0,0,0,0,1,0.0,0.0,0.0,0.0,1.0,0.0,0.0,255,50,0.2,0.02,0.0,0.0,0.0,0.0,0.12,0,66568.0
2,1,51,9,1491,328,0,0,1,0,0,0,0,1,0.0,0.0,0.0,0.0,1.0,0.0,1.0,96,123,0.44,0.02,0.01,0.02,0.0,0.0,0.0,0,85587.0
1,1,51,9,1092,335,0,0,1,0,0,0,0,1,0.0,0.0,0.0,0.0,1.0,0.0,1.0,27,178,0.7,0.15,0.04,0.02,0.0,0.0,0.0,0,51111.0
8742,1,0,4,900,8925,0,0,0,0,0,0,0,1,0.0,0.0,1.0,1.0,1.0,0.0,0.0,21,5,0.24,0.1,0.05,0.0,0.0,0.0,0.6,0,105606.0
0,1,9,5,0,0,0,0,0,0,0,0,0,261,1.0,1.0,0.0,0.0,0.04,0.06,0.0,255,10,0.04,0.07,0.0,0.0,1.0,1.0,0.0,1,15878.0
8825,2,41,9,145,105,0,0,0,0,0,0,0,1,0.0,0.0,0.0,0.0,1.0,0.0,0.0,183,1,0.01,0.6,0.91,0.0,0.0,0.0,0.0,0,52827.0
0,1,22,9,317,7524,0,0,1,0,0,0,0,23,0.0,0.0,0.0,0.0,1.0,0.0,0.0,255,255,1.0,0.0,0.0,0.0,0.0,0.0,0.0,0,121196.0
0,0,14,9,1032,0,0,0,0,0,0,0,0,511,0.0,0.0,0.0,0.0,1.0,0.0,0.0,255,135,0.53,0.02,0.53,0.0,0.01,0.0,0.0,1,109072.0
0,1,22,5,0,0,0,0,0,0,0,0,0,251,1.0,1.0,0.0,0.0,0.05,0.06,0.0,255,12,0.05,0.07,0.0,0.0,1.0,1.0,0.0,1,589.0
0,1,55,5,0,0,0,0,0,0,0,0,0,54,1.0,1.0,0.0,0.0,0.19,0.11,0.0,255,11,0.04,0.08,0.0,0.0,1.0,1.0,0.0,1,76206.0
0,0,13,9,8,0,0,0,0,0,0,0,0,1,0.0,0.0,0.0,0.0,1.0,0.0,0.0,2,94,1.0,0.0,1.0,0.26,0.0,0.0,0.0,1,49515.0
0,1,25,5,0,0,0,0,0,0,0,0,0,276,1.0,1.0,0.0,0.0,0.06,0.06,0.0,255,16,0.06,0.06,0.0,0.0,1.0,1.0,0.0,1,47011.0
0,1,64,5,0,0,0,0,0,0,0,0,0,195,1.0,1.0,0.0,0.0,0.01,0.06,0.0,255,2,0.01,0.06,0.0,0.0,1.0,1.0,0.0,1,97413.0
0,1,9,5,0,0,0,0,0,0,0,0,0,268,1.0,1.0,0.0,0.0,0.07,0.06,0.0,255,19,0.07,0.07,0.0,0.0,1.0,1.0,0.0,1,348.0
1,1,22,7,303,1381,0,0,1,0,0,0,0,1,1.0,1.0,0.0,0.0,1.0,0.0,0.0,255,248,0.97,0.01,0.0,0.0,0.02,0.02,0.0,0,7335.0
0,1,57,5,0,0,0,0,0,0,0,0,0,44,0.98,1.0,0.02,0.0,0.23,0.11,0.0,255,30,0.12,0.05,0.01,0.0,1.0,1.0,0.0,1,45231.0
0,1,22,9,189,31876,0,0,1,0,0,0,0,1,0.0,0.0,0.0,0.0,1.0,0.0,0.0,25,255,1.0,0.0,0.04,0.03,0.0,0.0,0.0,0,2046.0
0,1,16,5,0,0,0,0,0,0,0,0,0,136,1.0,1.0,0.0,0.0,0.05,0.06,0.0,255,19,0.07,0.07,0.0,0.0,1.0,1.0,0.0,1,98424.0
0,1,22,9,303,1855,0,0,1,0,0,0,0,8,0.0,0.0,0.0,0.0,1.0,0.0,0.22,64,255,1.0,0.0,0.02,0.02,0.0,0.0,0.0,0,106408.0
0,1,27,5,0,0,0,0,0,0,0,0,0,142,1.0,1.0,0.0,0.0,0.04,0.06,0.0,255,3,0.01,0.07,0.0,0.0,1.0,1.0,0.0,1,9934.0
0,1,65,5,0,0,0,0,0,0,0,0,0,274,1.0,1.0,0.0,0.0,0.06,0.05,0.0,255,5,0.02,0.07,0.0,0.0,1.0,1.0,0.0,1,21463.0
0,1,38,5,0,0,0,0,0,0,0,0,0,143,1.0,1.0,0.0,0.0,0.1,0.06,0.0,255,9,0.04,0.07,0.0,0.0,1.0,1.0,0.0,1,94571.0
0,1,22,9,251,271,0,0,1,0,0,0,0,3,0.0,0.0,0.33,0.0,0.67,0.67,0.6,255,245,0.96,0.01,0.0,0.0,0.0,0.0,0.0,0,57233.0
0,1,46,5,0,0,0,0,0,0,0,0,0,137,1.0,1.0,0.0,0.0,0.14,0.06,0.0,41,11,0.27,0.12,0.02,0.0,1.0,1.0,0.0,1,45220.0
40511,1,26,4,1,0,0,0,0,0,0,0,0,2,0.0,0.0,1.0,1.0,1.0,0.0,0.0,255,2,0.01,0.4,0.8,0.0,0.0,0.0,1.0,1,102894.0
0,1,19,9,4316,0,0,0,1,0,0,0,0,6,0.0,0.0,0.0,0.0,1.0,0.0,0.0,89,39,0.44,0.06,0.44,0.0,0.0,0.0,0.0,0,86502.0
0,1,65,5,0,0,0,0,0,0,0,0,0,290,1.0,1.0,0.0,0.0,0.05,0.06,0.0,255,15,0.06,0.06,0.0,0.0,1.0,1.0,0.0,1,23362.0
0,1,22,5,0,0,0,0,0,0,0,0,0,37,1.0,1.0,0.0,0.0,0.49,0.05,0.0,255,69,0.27,0.02,0.01,0.0,1.0,1.0,0.0,1,106052.0
0,1,22,9,244,4371,0,0,1,0,0,0,0,12,0.0,0.02,0.0,0.0,1.0,0.0,0.06,12,255,1.0,0.0,0.08,0.07,0.0,0.0,0.0,0,42928.0
0,1,19,5,0,0,0,0,0,0,0,0,0,77,1.0,1.0,0.0,0.0,0.25,0.05,0.0,159,56,0.25,0.03,0.01,0.04,0.99,0.7,0.0,1,100364.0
0,1,46,1,0,0,0,0,0,0,0,0,0,285,0.0,0.0,1.0,1.0,0.05,0.06,0.0,255,32,0.13,0.07,0.0,0.0,0.0,0.0,1.0,1,26246.0
0,1,22,9,198,450,0,0,1,0,0,0,0,4,0.25,0.25,0.0,0.0,1.0,0.0,0.0,198,201,1.0,0.0,0.01,0.01,0.01,0.0,0.0,0,21133.0
0,0,13,9,18,0,0,0,0,0,0,0,0,1,0.0,0.0,0.0,0.0,1.0,0.0,0.0,1,254,1.0,0.0,1.0,1.0,0.0,0.0,0.0,1,112676.0
0,1,22,9,225,7355,0,0,1,0,0,0,0,1,0.0,0.0,0.0,0.0,1.0,0.0,0.0,255,255,1.0,0.0,0.0,0.0,0.0,0.0,0.0,0,33460.0
0,1,46,5,0,0,0,0,0,0,0,0,0,104,1.0,1.0,0.0,0.0,0.02,0.07,0.0,255,4,0.02,0.06,0.0,0.0,1.0,1.0,0.0,1,66754.0
0,1,19,9,334,0,0,0,1,0,0,0,0,2,0.0,0.0,0.0,0.0,1.0,0.0,0.0,9,34,1.0,0.0,1.0,0.15,0.0,0.0,0.0,1,81739.0
0,1,46,5,0,0,0,0,0,0,0,0,0,204,1.0,1.0,0.0,0.0,0.05,0.07,0.0,255,10,0.04,0.07,0.0,0.0,1.0,1.0,0.0,1,74362.0
0,2,11,9,44,128,0,0,0,0,0,0,0,117,0.0,0.0,0.0,0.0,1.0,0.0,0.01,255,255,1.0,0.0,0.0,0.0,0.0,0.0,0.0,0,65707.0
0,1,22,1,0,0,0,0,0,0,0,0,0,13,0.0,0.0,0.85,0.85,1.0,0.0,0.0,23,198,1.0,0.0,0.04,0.2,0.0,0.0,0.94,0,76637.0
0,1,22,9,341,1229,0,0,1,0,0,0,0,9,0.0,0.0,0.0,0.0,1.0,0.0,0.0,9,255,1.0,0.0,0.11,0.05,0.0,0.01,0.0,0,22588.0
0,1,53,5,0,0,0,0,0,0,0,0,0,218,1.0,1.0,0.0,0.0,0.08,0.06,0.0,255,17,0.07,0.07,0.0,0.0,1.0,1.0,0.0,1,61824.0
0,1,19,9,3676,0,0,0,0,0,0,0,0,10,0.0,0.0,0.0,0.0,1.0,0.0,0.0,123,91,0.46,0.02,0.46,0.02,0.0,0.0,0.0,0,15070.0
0,1,17,5,0,0,0,0,0,0,0,0,0,47,1.0,1.0,0.0,0.0,0.28,0.09,0.0,255,61,0.24,0.02,0.0,0.0,1.0,1.0,0.0,1,68884.0
1,1,51,9,1193,391,0,0,1,0,0,0,0,1,0.0,0.0,0.0,0.0,1.0,0.0,1.0,23,182,1.0,0.0,0.04,0.01,0.0,0.0,0.0,0,35218.0
0,1,22,9,251,2741,0,0,1,0,0,0,0,17,0.18,0.18,0.0,0.0,1.0,0.0,0.0,122,237,1.0,0.0,0.01,0.05,0.01,0.0,0.0,0,89923.0
17,1,51,9,892,332,0,0,1,0,0,0,0,1,0.0,0.0,0.0,0.0,1.0,0.0,1.0,132,125,0.45,0.05,0.01,0.02,0.0,0.0,0.0,0,66473.0
0,1,51,9,2454,334,0,0,1,0,0,0,0,1,0.0,0.0,0.0,0.0,1.0,0.0,0.0,114,75,0.66,0.04,0.01,0.0,0.0,0.0,0.0,0,68212.0
0,1,46,5,0,0,0,0,0,0,0,0,0,261,1.0,1.0,0.0,0.0,0.01,0.06,0.0,255,3,0.01,0.07,0.0,0.0,1.0,1.0,0.0,1,21290.0
0,1,22,9,322,261,0,0,1,0,0,0,0,2,0.0,0.25,0.0,0.0,1.0,0.0,0.75,57,255,1.0,0.0,0.02,0.04,0.02,0.01,0.0,0,114299.0
0,1,65,5,0,0,0,0,0,0,0,0,0,224,1.0,1.0,0.0,0.0,0.02,0.06,0.0,255,16,0.06,0.09,0.0,0.0,1.0,1.0,0.0,1,84253.0
0,1,46,5,0,0,0,0,0,0,0,0,0,283,1.0,1.0,0.0,0.0,0.03,0.06,0.0,255,7,0.03,0.07,0.0,0.0,1.0,1.0,0.0,1,125127.0
0,1,22,9,190,887,0,0,1,0,0,0,0,11,0.0,0.0,0.0,0.0,1.0,0.0,0.1,255,255,1.0,0.0,0.0,0.0,0.0,0.0,0.0,0,85449.0
0,1,22,9,444,4962,0,0,1,0,0,0,0,5,0.0,0.0,0.0,0.0,1.0,0.0,0.0,255,255,1.0,0.0,0.0,0.0,0.0,0.0,0.0,0,62313.0
0,1,22,9,346,8157,0,0,1,0,0,0,0,3,0.0,0.0,0.0,0.0,1.0,0.0,0.11,76,255,1.0,0.0,0.01,0.02,0.0,0.0,0.0,0,92260.0
0,1,34,5,0,0,0,0,0,0,0,0,0,103,1.0,1.0,0.0,0.0,0.15,0.05,0.0,255,15,0.06,0.05,0.0,0.0,1.0,1.0,0.0,1,40669.0
0,1,46,4,0,0,0,0,0,0,0,0,0,1,0.0,0.0,1.0,1.0,1.0,0.0,0.0,255,1,0.0,0.46,0.45,0.0,0.0,0.0,1.0,1,56019.0
0,2,46,9,207,0,0,0,0,0,0,0,0,2,0.0,0.0,0.0,0.0,1.0,0.0,0.0,98,82,0.84,0.02,0.84,0.0,0.0,0.0,0.0,1,85379.0
0,1,46,2,0,0,0,0,0,0,0,0,0,103,0.0,0.0,1.0,1.0,0.03,0.07,0.0,255,3,0.01,0.06,0.0,0.0,0.0,0.0,1.0,1,39100.0
0,0,14,9,1032,0,0,0,0,0,0,0,0,511,0.0,0.0,0.0,0.0,1.0,0.0,0.0,255,194,0.76,0.03,0.76,0.0,0.0,0.0,0.0,1,51177.0
0,1,46,5,0,0,0,0,0,0,0,0,0,284,1.0,1.0,0.0,0.0,0.03,0.06,0.0,255,8,0.03,0.08,0.0,0.0,1.0,1.0,0.0,1,122327.0
0,1,1,5,0,0,0,0,0,0,0,0,0,511,0.33,1.0,0.67,0.0,0.0,1.0,0.0,255,1,0.0,1.0,0.0,0.0,0.16,1.0,0.0,1,118248.0
0,2,11,9,46,161,0,0,0,0,0,0,0,37,0.0,0.0,0.0,0.0,1.0,0.0,0.02,255,254,1.0,0.01,0.0,0.0,0.0,0.0,0.0,0,106281.0
0,1,22,9,237,336,0,0,1,0,0,0,0,2,0.0,0.0,0.0,0.0,1.0,0.0,0.0,255,255,1.0,0.0,0.0,0.0,0.0,0.0,0.0,0,124503.0
0,1,22,9,208,688,0,0,1,0,0,0,0,5,0.0,0.0,0.0,0.0,1.0,0.0,0.12,7,255,1.0,0.0,0.14,0.12,0.0,0.0,0.62,0,80654.0
0,1,5,5,0,0,0,0,0,0,0,0,0,120,1.0,1.0,0.0,0.0,0.13,0.05,0.0,255,16,0.06,0.05,0.0,0.0,1.0,1.0,0.0,1,43429.0
0,1,4,5,0,0,0,0,0,0,0,0,0,254,1.0,1.0,0.0,0.0,0.03,0.06,0.0,255,8,0.03,0.06,0.0,0.0,1.0,1.0,0.0,1,62851.0
0,0,13,9,18,0,0,0,0,0,0,0,0,1,0.0,0.0,0.0,0.0,1.0,0.0,0.0,1,227,1.0,0.0,1.0,1.0,0.0,0.0,0.0,1,101211.0
0,1,22,9,224,336,0,0,1,0,0,0,0,12,0.0,0.0,0.0,0.0,1.0,0.0,0.1,255,255,1.0,0.0,0.0,0.0,0.0,0.0,0.0,0,57618.0
0,1,26,5,0,0,0,0,0,0,0,0,0,201,1.0,1.0,0.0,0.0,0.08,0.06,0.0,255,16,0.06,0.06,0.0,0.0,1.0,1.0,0.0,1,52145.0
0,1,18,5,0,0,0,0,0,0,0,0,0,233,1.0,1.0,0.0,0.0,0.03,0.06,0.0,255,7,0.03,0.07,0.0,0.0,1.0,1.0,0.0,1,8935.0
0,2,46,9,1,0,0,0,0,0,0,0,0,9,0.0,0.0,0.0,0.0,1.0,0.0,0.0,77,9,0.12,0.06,0.16,0.0,0.0,0.0,0.0,1,54272.0
0,1,51,9,959,329,0,0,1,0,0,0,0,1,0.0,0.0,0.0,0.0,1.0,0.0,0.0,38,35,0.92,0.08,0.03,0.0,0.0,0.0,0.0,0,79176.0
0,1,46,5,0,0,0,0,0,0,0,0,0,92,1.0,1.0,0.0,0.0,0.27,0.05,0.0,255,25,0.1,0.05,0.0,0.0,1.0,1.0,0.0,1,58421.0
0,1,46,5,0,0,0,0,0,0,0,0,0,83,1.0,1.0,0.0,0.0,0.23,0.07,0.0,255,5,0.02,0.07,0.0,0.0,1.0,1.0,0.0,1,97684.0
0,1,46,5,0,0,0,0,0,0,0,0,0,277,1.0,1.0,0.0,0.0,0.02,0.06,0.0,255,1,0.0,0.07,0.0,0.0,1.0,1.0,0.0,1,3562.0
0,1,46,1,0,0,0,0,0,0,0,0,0,146,0.0,0.0,1.0,1.0,0.14,0.05,0.0,255,36,0.14,0.05,0.0,0.0,0.0,0.0,1.0,1,106526.0
0,1,46,5,0,0,0,0,0,0,0,0,0,223,1.0,1.0,0.0,0.0,0.05,0.07,0.0,255,12,0.05,0.06,0.0,0.0,1.0,1.0,0.0,1,39819.0
4055,2,41,9,145,105,0,0,0,0,0,0,0,3,0.0,0.0,0.0,0.0,0.33,1.0,0.0,255,1,0.0,0.47,0.82,0.0,0.0,0.0,0.0,0,53745.0
0,1,19,9,567,0,0,0,0,0,0,0,0,1,0.0,0.0,0.0,0.0,1.0,0.0,0.0,152,67,0.4,0.04,0.4,0.03,0.01,0.0,0.0,0,16019.0
0,0,13,9,8,0,0,0,0,0,0,0,0,1,0.0,0.0,0.0,0.0,1.0,0.0,1.0,2,48,1.0,0.0,1.0,0.5,0.0,0.0,0.0,1,22283.0
29,1,18,9,1518,4152,0,30,1,0,0,0,0,1,0.0,0.0,0.0,0.0,1.0,0.0,0.0,140,37,0.26,0.04,0.01,0.0,0.0,0.0,0.0,0,27391.0
0,1,65,5,0,0,0,0,0,0,0,0,0,238,1.0,1.0,0.0,0.0,0.07,0.05,0.0,255,17,0.07,0.06,0.0,0.0,1.0,1.0,0.0,1,13115.0
0,0,14,9,1032,0,0,0,0,0,0,0,0,509,0.0,0.0,0.0,0.0,1.0,0.0,0.0,255,149,0.58,0.17,0.58,0.0,0.0,0.0,0.0,1,59487.0
0,1,17,5,0,0,0,0,0,0,0,0,0,241,1.0,1.0,0.0,0.0,0.04,0.06,0.0,255,7,0.03,0.09,0.0,0.0,1.0,1.0,0.0,1,113548.0
1,1,51,9,1093,330,0,0,1,0,0,0,0,1,0.0,0.0,0.0,0.0,1.0,0.0,0.0,105,90,0.34,0.05,0.01,0.02,0.0,0.0,0.0,0,50079.0
0,2,11,9,44,126,0,0,0,0,0,0,0,75,0.0,0.0,0.0,0.0,1.0,0.0,0.01,255,254,1.0,0.01,0.0,0.0,0.0,0.0,0.0,0,20010.0
0,1,46,5,0,0,0,0,0,0,0,0,0,138,1.0,1.0,0.0,0.0,0.05,0.06,0.0,215,9,0.04,0.08,0.0,0.0,1.0,1.0,0.0,1,32793.0
0,1,19,9,59,0,0,0,0,0,0,0,0,5,0.0,0.0,0.0,0.0,1.0,0.0,0.0,230,63,0.27,0.02,0.27,0.0,0.0,0.0,0.0,0,88794.0
0,1,57,5,0,0,0,0,0,0,0,0,0,101,1.0,1.0,0.0,0.0,0.01,0.07,0.0,255,1,0.0,0.07,0.0,0.0,1.0,1.0,0.0,1,60789.0
0,1,19,9,13239,0,0,0,0,0,0,0,0,10,0.0,0.0,0.0,0.0,1.0,0.0,0.18,108,44,0.35,0.03,0.35,0.05,0.0,0.0,0.0,0,66170.0
0,2,11,9,146,46,0,0,0,0,0,0,0,245,0.0,0.0,0.0,0.0,1.0,0.01,0.0,134,101,0.75,0.01,0.2,0.0,0.0,0.0,0.0,0,63438.0
0,1,22,9,275,3183,0,0,1,0,0,0,0,3,0.0,0.0,0.0,0.0,1.0,0.0,0.0,13,255,1.0,0.0,0.08,0.02,0.0,0.0,0.0,0,5904.0
0,1,22,9,330,3983,0,0,1,0,0,0,0,12,0.0,0.0,0.0,0.0,1.0,0.0,0.0,90,255,1.0,0.0,0.01,0.07,0.0,0.01,0.0,0,48391.0
0,2,46,9,1,0,0,0,0,0,0,0,0,103,0.0,0.0,0.0,0.0,0.64,0.06,0.0,255,126,0.49,0.06,1.0,0.0,0.0,0.0,0.0,1,22376.0
0,1,22,9,243,722,0,0,1,0,0,0,0,32,0.0,0.0,0.0,0.0,1.0,0.0,0.06,255,255,1.0,0.0,0.0,0.0,0.0,0.0,0.0,0,122762.0
0,1,51,9,1616,321,0,0,1,0,0,0,0,1,0.0,0.0,0.0,0.0,1.0,0.0,0.0,230,146,0.63,0.02,0.0,0.0,0.0,0.0,0.0,0,64954.0
0,1,51,9,750,338,0,0,1,0,0,0,0,1,0.0,0.0,0.0,0.0,1.0,0.0,0.0,182,198,0.84,0.03,0.01,0.01,0.0,0.0,0.0,0,19593.0
0,1,19,5,0,0,0,0,0,0,0,0,0,65,1.0,1.0,0.0,0.0,0.26,0.06,0.0,255,64,0.25,0.02,0.02,0.0,1.0,1.0,0.0,1,32742.0
0,1,22,9,228,294,0,0,1,0,0,0,0,1,0.0,0.0,0.0,0.0,1.0,0.0,0.0,255,255,1.0,0.0,0.0,0.0,0.0,0.0,0.0,0,101774.0
0,1,22,9,305,646,0,0,1,0,0,0,0,28,0.0,0.0,0.0,0.0,1.0,0.0,0.0,188,255,1.0,0.0,0.01,0.01,0.0,0.0,0.0,0,95768.0
0,1,22,9,291,302,0,0,1,0,0,0,0,17,0.0,0.0,0.0,0.0,1.0,0.0,0.0,255,255,1.0,0.0,0.0,0.0,0.0,0.0,0.0,0,77583.0
0,1,10,5,0,0,0,0,0,0,0,0,0,281,1.0,1.0,0.0,0.0,0.02,0.06,0.0,255,12,0.05,0.06,0.0,0.0,1.0,1.0,0.0,1,33854.0
0,2,11,9,45,78,0,0,0,0,0,0,0,104,0.0,0.0,0.0,0.0,1.0,0.0,0.0,255,255,1.0,0.0,0.01,0.0,0.0,0.0,0.0,0,107217.0
0,1,38,5,0,0,0,0,0,0,0,0,0,122,1.0,1.0,0.0,0.0,0.08,0.06,0.0,255,11,0.04,0.07,0.0,0.0,1.0,1.0,0.0,1,83601.0
2,1,19,9,2194619,0,0,0,1,0,0,0,0,2,0.0,0.0,0.0,0.0,1.0,0.0,0.0,252,98,0.39,0.02,0.39,0.0,0.0,0.0,0.0,0,17023.0
0,1,22,9,217,373,0,0,1,0,0,0,0,20,0.0,0.0,0.0,0.0,1.0,0.0,0.0,255,255,1.0,0.0,0.0,0.0,0.0,0.0,0.0,0,89095.0
0,1,46,5,0,0,0,0,0,0,0,0,0,206,1.0,1.0,0.0,0.0,0.05,0.06,0.0,255,13,0.05,0.07,0.0,0.0,1.0,1.0,0.0,1,24207.0
0,1,22,9,303,2239,0,0,1,0,0,0,0,4,0.0,0.0,0.0,0.0,1.0,0.0,0.0,255,253,0.99,0.01,0.0,0.0,0.0,0.0,0.0,0,61602.0
0,1,22,9,249,349,0,0,1,0,0,0,0,12,0.0,0.0,0.0,0.0,1.0,0.0,0.0,168,255,1.0,0.0,0.01,0.02,0.01,0.0,0.0,0,34549.0
0,1,22,9,200,421,0,0,1,0,0,0,0,28,0.0,0.0,0.0,0.0,1.0,0.0,0.07,255,255,1.0,0.0,0.0,0.0,0.0,0.0,0.0,0,82051.0
0,1,22,9,233,2996,0,0,1,0,0,0,0,12,0.0,0.0,0.0,0.0,1.0,0.0,0.0,255,255,1.0,0.0,0.0,0.0,0.0,0.0,0.0,0,68885.0
0,1,26,5,0,0,0,0,0,0,0,0,0,219,1.0,1.0,0.0,0.0,0.01,0.07,0.0,255,2,0.01,0.08,0.0,0.0,1.0,1.0,0.0,1,46902.0
0,1,22,9,201,5872,0,0,1,0,0,0,0,5,0.0,0.0,0.0,0.0,1.0,0.0,0.22,47,255,1.0,0.0,0.02,0.04,0.0,0.0,0.0,0,51035.0
0,1,46,1,0,0,0,0,0,0,0,0,0,122,0.0,0.0,1.0,1.0,0.11,0.07,0.0,255,14,0.05,0.06,0.0,0.0,0.0,0.0,1.0,1,15859.0
0,1,17,5,0,0,0,0,0,0,0,0,0,24,1.0,1.0,0.0,0.0,0.21,0.17,0.0,255,63,0.25,0.02,0.01,0.0,1.0,1.0,0.0,1,20450.0
0,1,5,5,0,0,0,0,0,0,0,0,0,129,1.0,1.0,0.0,0.0,0.05,0.06,0.0,255,16,0.06,0.06,0.0,0.0,1.0,1.0,0.0,1,37808.0
0,1,41,9,10044,0,0,0,1,0,0,0,0,9,0.33,0.0,0.0,0.0,0.11,0.78,0.0,181,1,0.01,0.05,0.08,0.0,0.02,0.0,0.0,0,84274.0
0,1,64,1,0,0,0,0,0,0,0,0,0,297,0.0,0.0,1.0,1.0,0.07,0.06,0.0,255,20,0.08,0.07,0.0,0.0,0.0,0.0,1.0,1,101528.0
0,0,13,9,18,0,0,0,0,0,0,0,0,1,0.0,0.0,0.0,0.0,1.0,0.0,0.0,2,234,1.0,0.0,1.0,0.25,0.0,0.0,0.0,1,107758.0
311,1,57,9,254,1902,0,0,1,6,0,0,0,1,0.0,0.0,0.0,0.0,1.0,0.0,0.0,46,12,0.26,0.11,0.02,0.0,0.02,0.08,0.08,0,88524.0
0,1,46,1,0,0,0,0,0,0,0,0,0,276,0.0,0.0,1.0,1.0,0.06,0.06,0.0,255,17,0.07,0.08,0.0,0.0,0.0,0.0,1.0,1,89019.0
0,1,46,5,0,0,0,0,0,0,0,0,0,201,1.0,1.0,0.0,0.0,0.02,0.06,0.0,255,3,0.01,0.06,0.0,0.0,1.0,1.0,0.0,1,122998.0
0,2,11,9,43,74,0,0,0,0,0,0,0,124,0.0,0.0,0.0,0.0,1.0,0.0,0.0,255,255,1.0,0.0,0.0,0.0,0.0,0.0,0.0,0,24333.0
0,1,22,9,306,1380,0,0,1,0,0,0,0,3,0.0,0.07,0.0,0.0,1.0,0.0,0.17,255,251,0.98,0.01,0.0,0.0,0.0,0.0,0.0,0,107898.0
0,1,46,1,0,0,0,0,0,0,0,0,0,120,0.0,0.0,1.0,1.0,0.16,0.07,0.0,255,18,0.07,0.09,0.0,0.0,0.0,0.0,1.0,1,1810.0
0,1,22,9,305,900,0,0,1,0,0,0,0,2,0.0,0.0,0.0,0.0,1.0,0.0,0.0,2,255,1.0,0.0,0.5,0.03,0.0,0.0,0.0,0,43493.0
0,1,22,9,287,3413,0,0,1,0,0,0,0,13,0.0,0.0,0.0,0.0,1.0,0.0,0.0,13,255,1.0,0.0,0.08,0.03,0.0,0.0,0.0,0,125306.0
0,1,22,9,245,19559,0,0,1,0,0,0,0,10,0.0,0.0,0.0,0.0,1.0,0.0,0.0,206,255,1.0,0.0,0.0,0.01,0.0,0.0,0.0,0,67002.0
0,1,22,9,275,1035,0,0,1,0,0,0,0,9,0.0,0.0,0.0,0.0,1.0,0.0,0.23,37,255,1.0,0.0,0.03,0.01,0.0,0.0,0.0,0,103752.0
0,1,65,1,0,0,0,0,0,0,0,0,0,203,0.0,0.0,1.0,1.0,0.09,0.06,0.0,255,19,0.07,0.09,0.0,0.0,0.0,0.0,1.0,1,50418.0
0,1,46,5,0,0,0,0,0,0,0,0,0,126,1.0,1.0,0.0,0.0,0.05,0.06,0.0,255,12,0.05,0.07,0.0,0.0,1.0,1.0,0.0,1,93217.0
0,1,22,9,218,1041,0,0,1,0,0,0,0,32,0.0,0.0,0.0,0.0,1.0,0.0,0.06,184,255,1.0,0.0,0.01,0.02,0.0,0.0,0.0,0,93869.0
0,1,22,9,157,38299,0,0,1,0,0,0,0,1,0.0,0.0,0.0,0.0,1.0,0.0,0.0,102,255,1.0,0.0,0.01,0.02,0.0,0.0,0.0,0,14051.0
0,1,41,5,0,0,0,0,0,0,0,0,0,105,1.0,1.0,0.0,0.0,0.03,0.06,0.0,255,3,0.01,0.06,0.0,0.0,1.0,1.0,0.0,1,80697.0
0,1,17,5,0,0,0,0,0,0,0,0,0,38,1.0,1.0,0.0,0.0,0.29,0.11,0.0,255,65,0.25,0.02,0.01,0.0,1.0,1.0,0.0,1,110186.0
0,1,46,5,0,0,0,0,0,0,0,0,0,58,1.0,1.0,0.0,0.0,0.31,0.05,0.0,255,6,0.02,0.07,0.0,0.0,1.0,1.0,0.0,1,70032.0
0,1,22,9,249,901,0,0,1,0,0,0,0,17,0.0,0.0,0.0,0.0,1.0,0.0,0.0,38,255,1.0,0.0,0.03,0.05,0.0,0.0,0.0,0,21081.0
0,1,60,5,0,0,0,0,0,0,0,0,0,252,1.0,1.0,0.0,0.0,0.08,0.06,0.0,255,19,0.07,0.07,0.0,0.0,1.0,1.0,0.0,1,76197.0
0,0,13,9,30,0,0,0,0,0,0,0,0,2,0.0,0.0,0.0,0.0,1.0,0.0,0.0,228,228,1.0,0.0,1.0,0.0,0.0,0.0,0.0,0,41933.0
0,1,22,9,211,3783,0,0,1,0,0,0,0,5,0.0,0.0,0.0,0.0,1.0,0.0,0.0,11,53,1.0,0.0,0.09,0.08,0.0,0.0,0.0,0,108759.0
11,2,46,9,105,146,0,0,0,0,0,0,0,2,0.0,0.0,0.0,0.0,1.0,0.0,0.0,255,242,0.95,0.01,0.02,0.0,0.0,0.0,0.0,0,21439.0
0,2,11,9,46,46,0,0,0,0,0,0,0,8,0.0,0.0,0.0,0.0,1.0,0.0,0.25,255,255,1.0,0.0,0.0,0.0,0.0,0.0,0.0,0,76884.0
0,1,46,5,0,0,0,0,0,0,0,0,0,107,1.0,1.0,0.0,0.0,0.15,0.07,0.0,255,16,0.06,0.07,0.0,0.0,1.0,1.0,0.0,1,89633.0
0,1,30,5,0,0,0,0,0,0,0,0,0,300,1.0,1.0,0.0,0.0,0.07,0.06,0.0,255,20,0.08,0.08,0.0,0.0,1.0,1.0,0.0,1,48948.0
0,1,51,9,123,234,0,0,1,0,0,0,0,1,0.0,0.0,0.0,0.0,1.0,0.0,0.0,114,85,0.27,0.62,0.01,0.02,0.0,0.0,0.0,0,1077.0
28,1,18,9,1051,3081,0,22,1,0,0,0,0,1,0.0,0.0,0.0,0.0,1.0,0.0,1.0,114,2,0.02,0.04,0.01,0.0,0.0,0.0,0.0,0,22939.0
0,0,14,9,1480,0,1,0,0,0,0,0,0,12,0.0,0.0,0.0,0.0,1.0,0.0,0.0,255,12,0.05,0.02,0.05,0.0,0.0,0.0,0.0,0,17555.0
0,1,22,9,210,181,0,0,1,0,0,0,0,7,0.0,0.0,0.0,0.0,1.0,0.0,0.15,255,255,1.0,0.0,0.0,0.0,0.0,0.0,0.0,0,83204.0
0,1,19,9,12324,0,0,0,1,0,0,0,1,2,0.0,0.0,0.0,0.0,1.0,0.0,0.0,61,75,0.1,0.05,0.1,0.04,0.03,0.0,0.0,0,10696.0
2,1,51,9,664,344,0,0,1,0,0,0,0,1,0.0,0.0,0.0,0.0,1.0,0.0,0.0,174,126,0.48,0.02,0.01,0.02,0.0,0.0,0.0,0,79617.0
0,1,22,9,186,4445,0,0,1,0,0,0,0,2,0.0,0.0,0.0,0.0,1.0,0.0,0.0,2,255,1.0,0.0,0.5,0.03,0.0,0.0,0.0,0,33664.0
19,1,57,9,114,3052,0,0,1,0,0,0,0,2,0.0,0.0,0.0,0.0,0.5,1.0,0.0,190,2,0.01,0.04,0.01,0.0,0.01,0.0,0.5,0,101338.0
0,1,51,9,1577,330,0,0,1,0,0,0,0,1,0.0,0.0,0.0,0.0,1.0,0.0,0.0,184,132,0.72,0.02,0.01,0.0,0.0,0.0,0.0,0,39179.0
0,1,22,1,0,0,0,0,0,0,0,0,0,1,0.0,0.0,1.0,1.0,1.0,0.0,1.0,60,255,1.0,0.0,0.02,0.16,0.0,0.01,0.99,0,4554.0
3,1,51,9,1539,333,0,0,1,0,0,0,0,1,0.0,0.0,0.0,0.0,1.0,0.0,1.0,141,82,0.57,0.07,0.01,0.02,0.01,0.0,0.0,0,10518.0
0,1,22,9,164,18275,0,0,1,0,0,0,0,13,0.0,0.0,0.0,0.0,1.0,0.0,0.0,255,255,1.0,0.0,0.0,0.0,0.0,0.0,0.0,0,88528.0
0,2,40,9,48,48,0,0,0,0,0,0,0,1,0.0,0.0,0.0,0.0,1.0,0.0,0.0,255,71,0.28,0.01,0.28,0.0,0.0,0.0,0.0,0,113975.0
0,0,14,9,520,0,0,0,0,0,0,0,0,482,0.0,0.0,0.0,0.0,1.0,0.0,0.0,94,94,1.0,0.0,1.0,0.0,0.0,0.0,0.0,1,95780.0
0,1,22,9,235,9986,0,0,1,0,0,0,0,10,0.0,0.0,0.0,0.0,1.0,0.0,0.05,10,255,1.0,0.0,0.1,0.02,0.0,0.0,0.0,0,124730.0
0,1,64,1,0,0,0,0,0,0,0,0,0,300,0.0,0.0,1.0,1.0,0.07,0.06,0.0,255,20,0.08,0.07,0.0,0.0,0.0,0.0,1.0,1,31005.0
0,0,13,9,8,0,0,0,0,0,0,0,0,1,0.0,0.0,0.0,0.0,1.0,0.0,1.0,2,68,1.0,0.0,1.0,0.5,0.0,0.0,0.0,1,1075.0
0,1,46,5,0,0,0,0,0,0,0,0,0,163,1.0,1.0,0.0,0.0,0.03,0.07,0.0,255,19,0.07,0.06,0.0,0.0,1.0,1.0,0.0,1,32657.0
0,1,22,9,221,191,0,0,1,0,0,0,0,3,0.0,0.0,0.0,0.0,1.0,0.0,0.0,40,255,1.0,0.0,0.03,0.02,0.0,0.0,0.0,0,112007.0
0,2,41,9,145,0,0,0,0,0,0,0,0,3,0.0,0.0,0.0,0.0,0.33,0.67,0.0,255,2,0.01,0.78,0.99,0.0,0.0,0.0,0.0,0,48728.0
600,2,41,9,145,105,0,0,0,0,0,0,0,2,0.0,0.0,0.0,0.0,1.0,0.0,0.0,255,2,0.01,0.62,0.96,0.0,0.0,0.0,0.0,0,76445.0
0,1,19,9,246,0,0,0,1,0,0,0,0,1,0.0,0.0,0.0,0.0,1.0,0.0,0.0,5,16,1.0,0.0,1.0,0.12,0.0,0.0,0.0,1,768.0
0,1,6,5,0,0,0,0,0,0,0,0,0,257,1.0,1.0,0.0,0.0,0.01,0.06,0.0,255,4,0.02,0.06,0.0,0.0,1.0,1.0,0.0,1,118670.0
0,1,19,5,0,0,0,0,0,0,0,0,0,243,1.0,1.0,0.0,0.0,0.02,0.07,0.0,255,6,0.02,0.07,0.0,0.0,1.0,1.0,0.0,1,87219.0
2,1,51,9,1621,434,0,0,1,0,0,0,0,1,0.0,0.0,0.0,0.0,1.0,0.0,0.0,75,140,0.59,0.04,0.01,0.01,0.0,0.0,0.0,0,29632.0
0,1,5,1,0,0,0,0,0,0,0,0,0,132,0.0,0.0,1.0,1.0,0.03,0.06,0.0,255,4,0.02,0.07,0.0,0.0,0.0,0.0,1.0,1,111219.0
0,1,22,9,300,362,0,0,1,0,0,0,0,28,0.0,0.0,0.0,0.0,1.0,0.0,0.09,255,255,1.0,0.0,0.0,0.0,0.0,0.0,0.0,0,117764.0
0,0,14,9,520,0,0,0,0,0,0,0,0,62,0.0,0.0,0.0,0.0,1.0,0.0,0.0,255,255,1.0,0.0,1.0,0.0,0.0,0.0,0.0,1,103061.0
0,1,56,5,0,0,0,0,0,0,0,0,0,262,1.0,1.0,0.0,0.0,0.05,0.06,0.0,255,12,0.05,0.06,0.0,0.0,1.0,1.0,0.0,1,83534.0
0,1,19,9,637,0,0,0,0,0,0,0,0,5,0.0,0.0,0.0,0.0,1.0,0.0,0.0,103,31,0.3,0.05,0.3,0.0,0.01,0.0,0.0,0,66876.0
0,1,32,5,0,0,0,0,0,0,0,0,0,273,1.0,1.0,0.0,0.0,0.03,0.06,0.0,255,19,0.07,0.07,0.0,0.0,1.0,1.0,0.0,1,60204.0
0,1,25,9,0,0,0,2,0,0,0,0,0,4,0.5,0.58,0.0,0.03,1.0,0.0,0.28,4,4,1.0,0.0,1.0,0.0,0.5,0.5,0.0,1,103765.0
0,1,39,5,0,0,0,0,0,0,0,0,0,268,1.0,1.0,0.0,0.0,0.04,0.06,0.0,255,11,0.04,0.06,0.0,0.0,1.0,1.0,0.0,1,75086.0
0,1,22,9,234,19921,0,0,1,0,0,0,0,4,0.0,0.0,0.0,0.0,1.0,0.0,0.4,49,255,1.0,0.0,0.02,0.03,0.0,0.0,0.0,0,66254.0
0,1,46,5,0,0,0,0,0,0,0,0,0,190,1.0,1.0,0.0,0.0,0.11,0.06,0.0,255,1,0.0,0.06,0.0,0.0,1.0,1.0,0.0,1,94830.0
11,1,51,9,2119,332,0,0,1,0,0,0,0,1,0.0,0.0,0.0,0.0,1.0,0.0,0.0,8,6,0.75,0.25,0.12,0.0,0.0,0.0,0.0,0,8563.0
0,1,46,5,0,0,0,0,0,0,0,0,0,111,1.0,1.0,0.0,0.0,0.1,0.06,0.0,255,31,0.12,0.06,0.0,0.0,1.0,1.0,0.0,1,90714.0
0,1,9,2,0,0,0,0,0,0,0,0,0,264,0.0,0.0,1.0,1.0,0.03,0.06,0.0,255,8,0.03,0.07,0.0,0.0,0.0,0.0,1.0,1,42925.0
0,1,22,9,227,392,0,0,1,0,0,0,0,6,0.0,0.0,0.0,0.0,1.0,0.0,0.11,99,255,1.0,0.0,0.01,0.03,0.0,0.0,0.0,0,109967.0
0,1,22,9,194,31441,0,0,1,0,0,0,0,6,0.0,0.0,0.0,0.0,1.0,0.0,0.29,16,255,1.0,0.0,0.06,0.04,0.0,0.0,0.0,0,30541.0
0,1,22,9,280,471,0,0,1,0,0,0,0,5,0.0,0.0,0.0,0.0,1.0,0.0,0.0,57,255,1.0,0.0,0.02,0.05,0.0,0.0,0.0,0,117598.0
0,1,46,5,0,0,0,0,0,0,0,0,0,203,1.0,1.0,0.0,0.0,0.1,0.06,0.0,255,18,0.07,0.08,0.0,0.0,1.0,1.0,0.0,1,71933.0
0,1,46,5,0,0,0,0,0,0,0,0,0,274,1.0,1.0,0.0,0.0,0.07,0.05,0.0,255,19,0.07,0.05,0.0,0.0,1.0,1.0,0.0,1,32956.0
0,1,63,2,0,0,0,0,0,0,0,0,0,122,0.0,0.0,1.0,1.0,0.14,0.07,0.0,255,17,0.07,0.07,0.0,0.0,0.0,0.0,1.0,1,20310.0
0,1,46,5,0,0,0,0,0,0,0,0,0,123,1.0,1.0,0.0,0.0,0.1,0.07,0.0,233,12,0.05,0.07,0.0,0.0,1.0,1.0,0.0,1,21596.0
0,1,6,1,0,0,0,0,0,0,0,0,0,218,0.0,0.0,1.0,1.0,0.07,0.07,0.0,255,15,0.06,0.08,0.0,0.0,0.0,0.0,1.0,1,66484.0
0,2,11,9,45,131,0,0,0,0,0,0,0,78,0.0,0.0,0.0,0.0,1.0,0.0,0.01,255,235,0.92,0.01,0.0,0.0,0.0,0.0,0.0,0,111395.0
0,1,22,1,0,0,0,0,0,0,0,0,0,24,0.0,0.0,0.92,0.92,1.0,0.0,0.0,58,255,1.0,0.0,0.02,0.16,0.0,0.0,0.99,0,91090.0
0,1,22,9,305,1035,0,0,1,0,0,0,0,41,0.0,0.0,0.0,0.0,1.0,0.0,0.0,255,255,1.0,0.0,0.0,0.0,0.0,0.0,0.0,0,62912.0
0,1,22,9,206,352,0,0,1,0,0,0,0,2,0.0,0.0,0.0,0.0,1.0,0.0,0.4,2,255,1.0,0.0,0.5,0.07,0.0,0.01,0.0,0,86679.0
0,1,17,5,0,0,0,0,0,0,0,0,0,33,0.97,1.0,0.03,0.0,0.27,0.15,0.0,255,28,0.11,0.05,0.01,0.0,1.0,1.0,0.0,1,107642.0
0,1,32,5,0,0,0,0,0,0,0,0,0,205,1.0,1.0,0.0,0.0,0.02,0.06,0.0,255,10,0.04,0.06,0.0,0.0,1.0,1.0,0.0,1,100337.0
0,1,19,9,374,0,0,0,1,0,0,0,0,3,0.0,0.0,0.0,0.0,1.0,0.0,0.0,47,62,0.19,0.09,0.19,0.05,0.0,0.02,0.0,0,124556.0
0,0,13,9,8,0,0,0,0,0,0,0,0,1,0.0,0.0,0.0,0.0,1.0,0.0,1.0,1,79,1.0,0.0,1.0,0.51,0.0,0.0,0.0,1,103707.0
0,1,22,9,233,3461,0,0,1,0,0,0,0,21,0.0,0.0,0.0,0.0,1.0,0.0,0.0,122,255,1.0,0.0,0.01,0.03,0.0,0.0,0.0,0,24912.0
0,1,46,4,0,0,0,0,0,0,0,0,0,1,0.0,0.0,1.0,1.0,1.0,0.0,0.0,255,1,0.0,0.47,0.92,0.0,0.0,0.0,1.0,1,62250.0
0,1,12,5,0,0,0,0,0,0,0,0,0,228,1.0,1.0,0.0,0.0,0.08,0.06,0.0,255,2,0.01,0.07,0.0,0.0,1.0,1.0,0.0,1,40243.0
0,1,22,4,0,0,0,0,0,0,0,0,0,1,0.0,0.0,1.0,1.0,1.0,0.0,0.0,178,1,0.01,0.45,0.45,0.0,0.0,0.0,1.0,1,123892.0
0,1,22,9,214,316,0,0,1,0,0,0,0,6,0.0,0.0,0.0,0.0,1.0,0.0,0.29,255,255,1.0,0.0,0.0,0.0,0.0,0.0,0.0,0,97480.0
0,1,22,9,156,671,0,0,1,0,0,0,0,1,0.0,0.0,0.0,0.0,1.0,0.0,0.15,20,255,1.0,0.0,0.05,0.02,0.0,0.0,0.0,0,90683.0
0,1,22,9,219,11515,0,0,1,0,0,0,0,17,0.0,0.0,0.0,0.0,1.0,0.0,0.0,255,255,1.0,0.0,0.0,0.0,0.01,0.01,0.0,0,46598.0
0,1,22,9,241,5608,0,0,1,0,0,0,0,14,0.0,0.0,0.0,0.0,1.0,0.0,0.17,253,255,1.0,0.0,0.0,0.01,0.0,0.0,0.0,0,111526.0
0,1,22,9,201,338,0,0,1,0,0,0,0,3,0.0,0.0,0.0,0.0,1.0,0.0,0.0,3,255,1.0,0.0,0.33,0.04,0.0,0.0,0.0,0,47372.0
0,1,22,9,320,4137,0,0,1,0,0,0,0,17,0.0,0.0,0.0,0.0,1.0,0.0,0.11,255,255,1.0,0.0,0.0,0.0,0.0,0.0,0.0,0,81293.0
0,1,22,9,304,6814,0,0,1,0,0,0,0,5,0.0,0.0,0.0,0.0,1.0,0.0,0.0,5,255,1.0,0.0,0.2,0.04,0.0,0.0,0.0,0,86856.0
7,1,57,9,140,1708,0,0,1,0,0,0,0,1,0.0,0.0,0.0,0.0,1.0,0.0,0.0,1,3,1.0,0.0,1.0,1.0,0.0,0.0,0.0,0,25536.0
0,1,28,5,0,0,0,0,0,0,0,0,0,28,1.0,1.0,0.0,0.0,0.43,0.11,0.0,255,12,0.05,0.07,0.0,0.0,1.0,1.0,0.0,1,120505.0
0,1,2,5,0,0,0,0,0,0,0,0,0,199,1.0,1.0,0.0,0.0,0.08,0.06,0.0,255,19,0.07,0.07,0.0,0.0,1.0,1.0,0.0,1,56776.0
0,1,17,5,0,0,0,0,0,0,0,0,0,66,1.0,1.0,0.0,0.0,0.27,0.06,0.0,255,58,0.23,0.03,0.0,0.0,1.0,1.0,0.0,1,90179.0
0,1,22,9,237,9308,0,0,1,0,0,0,0,1,0.0,0.0,0.0,0.0,1.0,0.0,0.4,1,255,1.0,0.0,1.0,0.04,0.0,0.0,0.0,0,57266.0
2,1,51,9,1414,335,0,0,1,0,0,0,0,1,0.0,0.0,0.0,0.0,1.0,0.0,0.0,110,140,0.55,0.02,0.01,0.01,0.0,0.0,0.0,0,62438.0
0,1,22,9,278,486,0,0,1,0,0,0,0,2,0.0,0.0,0.0,0.0,1.0,0.0,0.0,7,255,1.0,0.0,0.14,0.05,0.0,0.0,0.01,0,65292.0
0,1,22,9,338,2547,0,0,1,0,0,0,0,8,0.0,0.0,0.0,0.0,1.0,0.0,0.04,255,255,1.0,0.0,0.0,0.0,0.0,0.0,0.0,0,16817.0
0,2,11,9,44,129,0,0,0,0,0,0,0,14,0.0,0.0,0.0,0.0,1.0,0.0,0.03,255,254,1.0,0.01,0.0,0.0,0.0,0.0,0.0,0,80301.0
0,1,22,9,54540,8314,0,2,1,1,0,0,0,5,0.0,0.0,0.0,0.0,1.0,0.0,0.0,17,17,1.0,0.0,0.06,0.0,0.0,0.0,0.06,1,33707.0
0,1,46,5,0,0,0,0,0,0,0,0,0,80,1.0,1.0,0.0,0.0,0.21,0.06,0.0,255,17,0.07,0.06,0.0,0.0,1.0,1.0,0.0,1,64696.0
0,1,46,5,0,0,0,0,0,0,0,0,0,155,1.0,1.0,0.0,0.0,0.12,0.06,0.0,255,18,0.07,0.05,0.0,0.0,1.0,1.0,0.0,1,120434.0
0,1,22,9,317,195,0,0,1,0,0,0,0,1,0.0,0.0,0.0,0.0,1.0,0.0,0.09,255,255,1.0,0.0,0.0,0.0,0.0,0.0,0.0,0,100893.0
0,1,46,5,0,0,0,0,0,0,0,0,0,145,1.0,1.0,0.0,0.0,0.16,0.04,0.0,255,23,0.09,0.04,0.0,0.0,1.0,1.0,0.0,1,38648.0
0,0,13,9,8,0,0,0,0,0,0,0,0,1,0.0,0.0,0.0,0.0,1.0,0.0,1.0,2,112,1.0,0.0,1.0,0.5,0.0,0.0,0.0,1,23708.0
0,1,19,9,554,0,0,0,1,0,0,6,0,2,0.0,0.0,0.0,0.0,1.0,0.0,0.0,90,51,0.32,0.07,0.32,0.04,0.0,0.0,0.0,0,79556.0
0,1,22,9,301,1870,0,0,1,0,0,0,0,10,0.0,0.0,0.0,0.0,1.0,0.0,0.36,57,255,1.0,0.0,0.02,0.05,0.0,0.01,0.0,0,84338.0
0,1,46,5,0,0,0,0,0,0,0,0,0,57,1.0,1.0,0.0,0.0,0.04,0.09,0.0,255,7,0.03,0.07,0.0,0.0,1.0,1.0,0.0,1,76051.0
0,2,11,9,44,68,0,0,0,0,0,0,0,25,0.0,0.0,0.0,0.0,1.0,0.0,0.0,255,255,1.0,0.0,0.0,0.0,0.0,0.0,0.0,0,50692.0
0,1,22,5,0,0,0,0,0,0,0,0,0,29,1.0,1.0,0.0,0.0,0.1,0.17,0.0,255,3,0.01,0.08,0.0,0.0,1.0,1.0,0.0,1,63879.0
0,1,22,9,329,303,0,0,1,0,0,0,0,10,0.0,0.0,0.0,0.0,1.0,0.0,0.06,59,255,1.0,0.0,0.02,0.02,0.0,0.0,0.0,0,734.0
0,1,17,5,0,0,0,0,0,0,0,0,0,249,1.0,1.0,0.0,0.0,0.08,0.07,0.0,255,20,0.08,0.08,0.0,0.0,1.0,1.0,0.0,1,22106.0
0,1,22,1,0,0,0,0,0,0,0,0,0,1,0.0,0.0,1.0,1.0,1.0,0.0,0.0,255,255,1.0,0.0,0.0,0.0,0.0,0.0,0.28,0,21747.0
0,1,64,5,0,0,0,0,0,0,0,0,0,108,1.0,1.0,0.0,0.0,0.04,0.07,0.0,255,4,0.02,0.08,0.0,0.0,1.0,1.0,0.0,1,43852.0
0,1,12,5,0,0,0,0,0,0,0,0,0,172,1.0,1.0,0.0,0.0,0.01,0.08,0.0,255,1,0.0,0.07,0.0,0.0,1.0,1.0,0.0,1,10982.0
0,1,51,9,1000,479,0,0,1,0,0,0,0,1,0.0,0.0,0.0,0.0,1.0,0.0,1.0,246,8,0.01,0.01,0.0,0.25,0.0,0.0,0.0,0,125629.0
12005,1,57,8,2750,19613,0,0,1,6,0,0,1,1,1.0,1.0,0.0,0.0,1.0,0.0,0.0,114,22,0.19,0.04,0.01,0.0,0.01,0.05,0.09,0,102336.0
0,1,57,5,0,0,0,0,0,0,0,0,0,150,1.0,1.0,0.0,0.0,0.11,0.05,0.0,255,1,0.0,0.08,0.0,0.0,1.0,1.0,0.0,1,531.0
0,1,46,5,0,0,0,0,0,0,0,0,0,171,1.0,1.0,0.0,0.0,0.01,0.06,0.0,255,14,0.05,0.07,0.0,0.0,1.0,1.0,0.0,1,11447.0
0,1,46,5,0,0,0,0,0,0,0,0,0,217,1.0,1.0,0.0,0.0,0.06,0.06,0.0,255,17,0.07,0.07,0.0,0.0,1.0,1.0,0.0,1,33535.0
0,1,46,5,0,0,0,0,0,0,0,0,0,187,1.0,1.0,0.0,0.0,0.05,0.06,0.0,255,1,0.0,0.07,0.0,0.0,1.0,1.0,0.0,1,112723.0
0,1,22,9,228,6687,0,0,1,0,0,0,0,17,0.0,0.0,0.0,0.0,1.0,0.0,0.0,17,255,1.0,0.0,0.06,0.04,0.0,0.0,0.0,0,106856.0
0,1,46,5,0,0,0,0,0,0,0,0,0,277,1.0,1.0,0.0,0.0,0.02,0.06,0.0,255,7,0.03,0.08,0.0,0.0,1.0,1.0,0.0,1,48387.0
0,1,3,1,0,0,0,0,0,0,0,0,0,227,0.0,0.0,1.0,1.0,0.02,0.07,0.0,255,5,0.02,0.07,0.0,0.0,0.0,0.0,1.0,1,104572.0
0,1,17,5,0,0,0,0,0,0,0,0,0,252,1.0,1.0,0.0,0.0,0.03,0.06,0.0,255,7,0.03,0.07,0.0,0.0,1.0,1.0,0.0,1,6389.0
0,2,41,9,516,4,0,0,0,0,0,0,0,453,0.0,0.0,0.0,0.0,1.0,0.0,0.0,255,255,1.0,0.0,1.0,0.0,0.0,0.0,0.0,0,49755.0
0,1,22,1,0,0,0,0,0,0,0,0,0,1,0.0,0.0,1.0,1.0,1.0,0.0,0.0,12,247,1.0,0.0,0.08,0.11,0.0,0.0,0.75,0,105091.0
0,1,22,6,289,8760,0,0,1,0,0,0,0,20,0.05,0.03,0.0,0.0,1.0,0.0,0.07,20,255,1.0,0.0,0.05,0.05,0.05,0.0,0.0,0,7301.0
4834,2,41,9,147,105,0,0,0,0,0,0,0,3,0.0,0.0,0.0,0.0,0.33,0.67,0.0,255,3,0.01,0.57,0.91,0.0,0.0,0.0,0.0,0,15726.0
0,0,14,9,30,0,0,0,0,0,0,0,0,1,0.0,0.0,0.0,0.0,1.0,0.0,0.0,248,248,1.0,0.0,1.0,0.0,0.0,0.0,0.0,0,58681.0
0,1,36,5,0,0,0,0,0,0,0,0,0,131,1.0,1.0,0.0,0.0,0.14,0.05,0.0,255,18,0.07,0.05,0.0,0.0,1.0,1.0,0.0,1,32814.0
0,1,22,9,254,2277,0,0,1,0,0,0,0,2,0.0,0.0,0.0,0.0,1.0,0.0,0.0,27,255,1.0,0.0,0.04,0.04,0.0,0.0,0.0,0,81867.0
0,1,5,5,0,0,0,0,0,0,0,0,0,121,1.0,1.0,0.0,0.0,0.13,0.07,0.0,255,16,0.06,0.06,0.0,0.0,1.0,1.0,0.0,1,78791.0
0,1,46,5,0,0,0,0,0,0,0,0,0,125,1.0,1.0,0.0,0.0,0.06,0.06,0.0,49,13,0.27,0.14,0.02,0.0,1.0,1.0,0.0,1,101413.0
0,1,22,5,0,0,0,0,0,0,0,0,0,2,1.0,1.0,0.0,0.0,1.0,0.0,0.0,255,63,0.25,0.02,0.0,0.0,1.0,1.0,0.0,1,89905.0
0,1,22,9,257,11878,0,0,1,0,0,0,0,1,0.0,0.0,0.0,0.0,1.0,0.0,0.0,163,255,1.0,0.0,0.01,0.05,0.0,0.0,0.66,0,63358.0
0,1,22,9,320,1375,0,0,1,0,0,0,0,10,0.0,0.0,0.0,0.0,1.0,0.0,0.0,29,255,1.0,0.0,0.03,0.02,0.0,0.0,0.0,0,40429.0
0,1,22,9,223,2055,0,0,1,0,0,0,0,21,0.0,0.0,0.0,0.0,1.0,0.0,0.0,255,255,1.0,0.0,0.0,0.0,0.0,0.0,0.0,0,26994.0
0,1,63,5,0,0,0,0,0,0,0,0,0,118,1.0,1.0,0.0,0.0,0.11,0.07,0.0,255,13,0.05,0.06,0.0,0.0,1.0,1.0,0.0,1,46300.0
0,1,46,5,0,0,0,0,0,0,0,0,0,291,1.0,1.0,0.0,0.0,0.07,0.06,0.0,255,7,0.03,0.07,0.0,0.0,1.0,1.0,0.0,1,56319.0
0,1,41,9,59,0,0,0,1,0,0,0,0,10,0.3,0.0,0.0,0.0,0.1,0.8,0.0,182,1,0.01,0.05,0.09,0.0,0.02,0.0,0.0,0,62729.0
0,1,22,9,238,10378,0,0,1,0,0,0,0,18,0.0,0.0,0.0,0.0,1.0,0.0,0.0,204,255,1.0,0.0,0.0,0.01,0.0,0.0,0.0,0,45301.0
0,1,46,5,0,0,0,0,0,0,0,0,0,171,1.0,1.0,0.0,0.0,0.08,0.06,0.0,255,5,0.02,0.07,0.0,0.0,1.0,1.0,0.0,1,16685.0
0,1,46,4,0,0,0,0,0,0,0,0,0,1,0.0,0.0,1.0,1.0,1.0,0.0,0.0,83,1,0.01,0.43,0.42,0.0,0.07,0.0,1.0,1,116021.0
0,1,22,9,232,27728,0,0,1,0,0,0,0,5,0.0,0.0,0.0,0.0,1.0,0.0,0.2,255,255,1.0,0.0,0.0,0.0,0.0,0.0,0.0,0,22317.0
0,1,46,5,0,0,0,0,0,0,0,0,0,254,1.0,1.0,0.0,0.0,0.07,0.07,0.0,255,20,0.08,0.07,0.0,0.0,1.0,1.0,0.0,1,48233.0
0,1,26,5,0,0,0,0,0,0,0,0,0,253,1.0,1.0,0.0,0.0,0.04,0.06,0.0,255,10,0.04,0.07,0.0,0.0,1.0,1.0,0.0,1,36523.0
0,1,5,1,0,0,0,0,0,0,0,0,0,114,0.0,0.0,1.0,1.0,0.11,0.07,0.0,255,12,0.05,0.07,0.0,0.0,0.0,0.0,1.0,1,20969.0
0,1,4,5,0,0,0,0,0,0,0,0,0,249,1.0,1.0,0.0,0.0,0.07,0.06,0.0,255,5,0.02,0.06,0.0,0.0,1.0,1.0,0.0,1,20177.0
0,1,18,5,0,0,0,0,0,0,0,0,0,248,1.0,1.0,0.0,0.0,0.02,0.06,0.0,255,6,0.02,0.07,0.0,0.0,1.0,1.0,0.0,1,64866.0
0,1,37,1,0,0,0,0,0,0,0,0,0,285,0.0,0.0,1.0,1.0,0.06,0.06,0.0,255,17,0.07,0.07,0.0,0.0,0.0,0.0,1.0,1,11510.0
0,1,22,9,266,2321,0,0,1,0,0,0,0,1,0.0,0.0,0.0,0.0,1.0,0.0,0.31,193,255,1.0,0.0,0.01,0.02,0.0,0.0,0.0,0,91898.0
0,1,21,5,0,0,0,0,0,0,0,0,0,275,1.0,1.0,0.0,0.0,0.03,0.06,0.0,255,14,0.05,0.08,0.0,0.0,1.0,1.0,0.0,1,8237.0
0,2,11,9,46,46,0,0,0,0,0,0,0,162,0.0,0.0,0.0,0.0,1.0,0.0,0.0,255,255,1.0,0.0,0.01,0.0,0.0,0.0,0.0,0,50101.0
0,1,22,9,301,2775,0,0,1,0,0,0,0,12,0.0,0.0,0.0,0.0,1.0,0.0,0.15,214,255,1.0,0.0,0.0,0.02,0.0,0.0,0.01,0,89614.0
0,2,46,9,105,145,0,0,0,0,0,0,0,1,0.0,0.0,0.0,0.0,1.0,0.0,0.0,12,4,0.33,0.25,0.08,0.0,0.0,0.0,0.0,0,40978.0
0,1,66,5,0,0,0,0,0,0,0,0,0,255,1.0,1.0,0.0,0.0,0.02,0.07,0.0,255,5,0.02,0.07,0.0,0.0,1.0,1.0,0.0,1,19127.0
0,0,62,9,183,0,0,0,0,0,0,0,0,7,0.0,0.0,0.0,0.0,0.86,0.29,0.0,255,32,0.13,0.01,0.14,0.0,0.0,0.0,0.0,0,121829.0
0,1,22,9,251,8195,0,0,1,0,0,0,0,11,0.0,0.0,0.0,0.0,1.0,0.0,0.1,255,255,1.0,0.0,0.0,0.0,0.0,0.0,0.0,0,51960.0
0,1,46,1,0,0,0,0,0,0,0,0,0,1,0.0,0.0,1.0,1.0,1.0,0.0,0.0,15,2,0.07,1.0,0.07,1.0,0.0,0.0,1.0,1,55145.0
311,2,41,9,147,105,0,0,0,0,0,0,0,1,0.0,0.0,0.0,0.0,1.0,0.0,0.0,20,1,0.05,0.65,0.85,0.0,0.0,0.0,0.0,0,95376.0
0,1,2,5,0,0,0,0,0,0,0,0,0,211,1.0,1.0,0.0,0.0,0.01,0.06,0.0,255,3,0.01,0.07,0.0,0.0,1.0,1.0,0.0,1,67108.0
0,1,22,9,224,835,0,0,1,0,0,0,0,21,0.0,0.0,0.0,0.0,1.0,0.0,0.09,255,255,1.0,0.0,0.0,0.0,0.0,0.0,0.0,0,25781.0
0,1,22,9,251,2033,0,0,1,0,0,0,0,11,0.0,0.0,0.0,0.0,1.0,0.0,0.0,173,255,1.0,0.0,0.01,0.03,0.0,0.0,0.0,0,60279.0
0,1,17,5,0,0,0,0,0,0,0,0,0,6,1.0,1.0,0.0,0.0,0.33,0.5,0.0,255,62,0.24,0.02,0.0,0.0,1.0,1.0,0.0,1,55567.0
0,1,19,9,2056,0,0,0,1,0,0,0,0,4,0.0,0.0,0.0,0.0,0.75,0.5,0.0,211,54,0.19,0.03,0.19,0.04,0.0,0.0,0.0,0,9864.0
0,1,22,9,239,37014,0,0,1,0,0,0,0,1,0.0,0.0,0.0,0.4,1.0,0.0,0.4,21,255,1.0,0.0,0.05,0.04,0.0,0.0,0.0,0,72986.0
0,1,22,9,329,664,0,0,1,0,0,0,0,26,0.0,0.0,0.0,0.0,1.0,0.0,0.07,255,255,1.0,0.0,0.0,0.0,0.0,0.0,0.0,0,88801.0
0,2,46,9,1,0,0,0,0,0,0,0,0,122,0.0,0.0,0.0,0.0,0.7,0.05,0.0,255,142,0.56,0.05,1.0,0.0,0.0,0.0,0.0,1,64357.0
0,1,54,5,0,0,0,0,0,0,0,0,0,263,1.0,1.0,0.0,0.0,0.05,0.05,0.0,255,13,0.05,0.05,0.0,0.0,1.0,1.0,0.0,1,118340.0
0,1,19,9,334,0,0,0,1,0,0,0,0,1,0.0,0.0,0.0,0.0,1.0,0.0,0.0,4,4,1.0,0.0,1.0,0.0,0.0,0.0,0.0,1,21356.0
0,1,38,5,0,0,0,0,0,0,0,0,0,135,1.0,1.0,0.0,0.0,0.14,0.06,0.0,255,19,0.07,0.07,0.0,0.0,1.0,1.0,0.0,1,1278.0
0,1,22,9,198,293,0,0,1,0,0,0,0,6,0.0,0.0,0.0,0.0,1.0,0.0,0.0,6,255,1.0,0.0,0.17,0.05,0.0,0.0,0.0,0,17648.0
0,0,14,9,1032,0,0,0,0,0,0,0,0,511,0.0,0.0,0.0,0.0,1.0,0.0,0.0,162,17,0.1,0.02,0.1,0.0,0.0,0.0,0.0,1,34160.0
0,0,13,9,8,0,0,0,0,0,0,0,0,1,0.0,0.0,0.0,0.0,1.0,0.0,1.0,1,35,1.0,0.0,1.0,0.51,0.0,0.0,0.0,1,95824.0
0,1,46,1,0,0,0,0,0,0,0,0,0,140,0.0,0.0,1.0,1.0,0.12,0.06,0.0,255,17,0.07,0.05,0.0,0.0,0.0,0.0,1.0,1,6992.0
0,1,22,9,245,1601,0,0,1,0,0,0,0,13,0.0,0.0,0.0,0.0,1.0,0.0,0.0,255,255,1.0,0.0,0.0,0.0,0.0,0.0,0.0,0,31709.0
0,2,46,9,28,0,3,0,0,0,0,0,0,58,0.0,0.0,0.0,0.0,1.0,0.0,0.0,255,158,0.62,0.38,0.62,0.0,0.09,0.0,0.0,1,28913.0
0,1,22,9,221,1470,0,0,1,0,0,0,0,30,0.0,0.0,0.0,0.0,1.0,0.0,0.06,71,255,1.0,0.0,0.01,0.02,0.0,0.0,0.0,0,29838.0
0,1,54,5,0,0,0,0,0,0,0,0,0,272,1.0,1.0,0.0,0.0,0.06,0.06,0.0,255,9,0.04,0.06,0.0,0.0,1.0,1.0,0.0,1,63392.0
0,1,10,1,0,0,0,0,0,0,0,0,0,263,0.0,0.0,1.0,1.0,0.04,0.07,0.0,255,11,0.04,0.08,0.0,0.0,0.0,0.0,1.0,1,22589.0
404,1,57,9,674,99836,0,0,1,7,1,6,0,1,0.0,0.0,0.0,0.0,1.0,0.0,0.0,255,34,0.13,0.06,0.0,0.0,0.64,0.38,0.12,0,90366.0
0,1,51,9,125,240,0,0,1,0,0,0,0,2,0.0,0.0,0.0,0.0,0.5,1.0,0.0,103,81,0.24,0.69,0.01,0.02,0.0,0.0,0.0,0,25716.0
0,2,11,9,46,145,0,0,0,0,0,0,0,43,0.0,0.0,0.0,0.0,1.0,0.0,0.02,255,232,0.91,0.01,0.0,0.0,0.0,0.0,0.0,0,64766.0
23,1,18,9,342,1069,0,6,1,0,0,0,0,1,0.0,0.0,0.0,0.0,1.0,0.0,0.0,135,51,0.38,0.04,0.01,0.0,0.0,0.0,0.0,0,82273.0
0,1,57,5,0,0,0,0,0,0,0,0,0,11,1.0,1.0,0.0,0.0,1.0,0.0,0.0,13,13,1.0,0.0,0.08,0.0,0.85,0.85,0.0,1,120675.0
0,1,22,9,227,2507,0,0,1,0,0,0,0,4,0.0,0.0,0.0,0.0,1.0,0.0,0.0,255,242,0.95,0.02,0.0,0.0,0.0,0.0,0.05,0,1610.0
0,0,14,9,1480,0,1,0,0,0,0,0,0,1,0.0,0.0,0.0,0.0,1.0,0.0,1.0,2,151,0.5,1.0,0.5,0.04,0.5,0.0,0.0,1,39859.0
0,1,6,5,0,0,0,0,0,0,0,0,0,118,1.0,1.0,0.0,0.0,0.17,0.06,0.0,255,15,0.06,0.07,0.0,0.0,1.0,1.0,0.0,1,6960.0
0,2,11,9,33,88,0,0,0,0,0,0,0,1,0.0,0.0,0.0,0.0,1.0,0.0,0.0,255,247,0.97,0.01,0.0,0.0,0.0,0.0,0.0,0,58436.0
0,1,46,5,0,0,0,0,0,0,0,0,0,92,1.0,1.0,0.0,0.0,0.05,0.07,0.0,255,17,0.07,0.07,0.0,0.0,1.0,1.0,0.0,1,66195.0
0,2,11,9,44,130,0,0,0,0,0,0,0,159,0.0,0.0,0.0,0.0,1.0,0.0,0.0,255,255,1.0,0.0,0.0,0.0,0.0,0.0,0.0,0,2782.0
0,1,19,9,0,0,0,0,0,0,0,0,0,2,0.0,0.0,0.0,0.0,1.0,0.0,0.0,22,60,0.36,0.18,0.05,0.03,0.0,0.0,0.0,0,82988.0
0,1,46,5,0,0,0,0,0,0,0,0,0,131,1.0,1.0,0.0,0.0,0.12,0.07,0.0,255,1,0.0,0.07,0.0,0.0,1.0,1.0,0.0,1,116768.0
0,1,29,5,0,0,0,0,0,0,0,0,0,128,1.0,1.0,0.0,0.0,0.12,0.06,0.0,255,16,0.06,0.07,0.0,0.0,1.0,1.0,0.0,1,22694.0
0,1,46,5,0,0,0,0,0,0,0,0,0,198,1.0,1.0,0.0,0.0,0.09,0.06,0.0,255,18,0.07,0.07,0.0,0.0,1.0,1.0,0.0,1,80454.0
0,1,28,5,0,0,0,0,0,0,0,0,0,103,1.0,1.0,0.0,0.0,0.18,0.08,0.0,255,19,0.07,0.06,0.0,0.0,1.0,1.0,0.0,1,125468.0
0,1,46,5,0,0,0,0,0,0,0,0,0,272,1.0,1.0,0.0,0.0,0.02,0.06,0.0,255,9,0.04,0.07,0.0,0.0,1.0,1.0,0.0,1,26037.0
28,1,18,9,1042,3081,0,22,1,0,0,0,0,1,0.0,0.0,0.0,0.0,1.0,0.0,0.0,250,55,0.22,0.02,0.0,0.0,0.0,0.0,0.0,0,119924.0
0,1,19,9,95,0,0,0,1,0,0,0,0,2,0.0,0.0,0.0,0.0,1.0,0.0,0.0,10,73,0.8,0.2,0.8,0.03,0.0,0.0,0.0,0,108102.0
0,2,46,9,28,0,3,0,0,0,0,0,0,81,0.0,0.0,0.0,0.0,1.0,0.0,0.0,255,81,0.32,0.04,0.32,0.0,0.02,0.0,0.0,1,5793.0
0,1,22,5,0,0,0,0,0,0,0,0,0,2,0.5,0.33,0.0,0.0,1.0,0.0,0.67,148,148,1.0,0.0,0.01,0.0,0.01,0.01,0.0,0,53896.0
6284,1,0,4,934,9562,0,0,0,0,0,0,0,1,0.0,0.0,1.0,1.0,1.0,0.0,0.0,26,7,0.27,0.12,0.04,0.0,0.0,0.0,1.0,0,12383.0
0,1,22,9,310,780,0,0,1,0,0,0,0,12,0.0,0.0,0.0,0.0,1.0,0.0,0.13,29,255,1.0,0.0,0.03,0.04,0.0,0.0,0.0,0,77755.0
0,1,51,9,830,336,0,0,1,0,0,0,0,1,0.0,0.0,0.0,0.0,1.0,0.0,0.0,131,164,0.68,0.03,0.01,0.01,0.0,0.0,0.0,0,123428.0
0,2,11,9,34,34,0,0,0,0,0,0,0,1,0.0,0.0,0.0,0.0,1.0,0.0,1.0,136,105,0.77,0.03,0.01,0.0,0.0,0.0,0.0,0,43431.0
0,1,22,1,0,0,0,0,0,0,0,0,0,1,0.0,0.0,1.0,1.0,1.0,0.0,0.0,6,205,1.0,0.0,0.17,0.19,0.0,0.0,1.0,0,7488.0
2996,2,41,9,147,105,0,0,0,0,0,0,0,5,0.0,0.0,0.0,0.0,0.4,0.6,0.0,255,2,0.01,0.64,0.92,0.0,0.0,0.0,0.0,0,107933.0
0,1,36,5,0,0,0,0,0,0,0,0,0,231,1.0,1.0,0.0,0.0,0.01,0.06,0.0,255,3,0.01,0.07,0.0,0.0,1.0,1.0,0.0,1,69012.0
0,1,19,9,201,0,0,0,0,0,0,0,0,2,0.0,0.0,0.0,0.0,1.0,0.0,0.0,255,102,0.4,0.02,0.4,0.0,0.0,0.0,0.0,0,118123.0
2627,2,41,9,147,105,0,0,0,0,0,0,0,1,0.0,0.0,0.0,0.0,1.0,0.0,0.0,127,1,0.01,0.71,0.94,0.0,0.0,0.0,0.0,0,41669.0
0,1,46,5,0,0,0,0,0,0,0,0,0,159,1.0,1.0,0.0,0.0,0.06,0.06,0.0,255,1,0.0,0.07,0.0,0.0,1.0,1.0,0.0,1,99483.0
0,1,2,5,0,0,0,0,0,0,0,0,0,270,1.0,1.0,0.0,0.0,0.04,0.06,0.0,255,10,0.04,0.08,0.0,0.0,1.0,1.0,0.0,1,71347.0
0,1,46,1,0,0,0,0,0,0,0,0,0,301,0.07,0.0,0.89,1.0,0.0,1.0,0.0,255,1,0.0,1.0,0.0,0.0,0.08,0.0,1.0,1,114325.0
0,1,22,9,216,1270,0,0,1,0,0,0,0,8,0.0,0.0,0.0,0.0,1.0,0.0,0.15,45,255,1.0,0.0,0.02,0.02,0.0,0.0,0.0,0,26368.0
0,1,57,5,0,0,0,0,0,0,0,0,0,19,1.0,1.0,0.0,0.0,0.21,0.26,0.0,255,14,0.05,0.08,0.0,0.0,1.0,1.0,0.0,1,22578.0
0,1,22,9,331,310,0,0,1,0,0,0,0,6,0.0,0.0,0.0,0.0,1.0,0.0,0.15,49,255,1.0,0.0,0.02,0.02,0.0,0.0,0.4,0,44332.0
0,1,46,4,0,0,0,0,0,0,0,0,0,1,0.0,0.0,1.0,1.0,1.0,0.0,0.0,211,1,0.0,0.22,0.43,0.0,0.0,0.0,1.0,1,112968.0
0,1,22,9,216,2916,0,0,1,0,0,0,0,3,0.0,0.0,0.0,0.0,1.0,0.0,0.0,27,255,1.0,0.0,0.04,0.07,0.0,0.0,0.0,0,113540.0
0,1,46,1,0,0,0,0,0,0,0,0,0,143,0.0,0.0,1.0,1.0,0.1,0.06,0.0,255,9,0.04,0.07,0.0,0.0,0.0,0.0,1.0,1,72219.0
0,1,46,5,0,0,0,0,0,0,0,0,0,118,1.0,1.0,0.0,0.0,0.04,0.05,0.0,255,5,0.02,0.05,0.0,0.0,1.0,1.0,0.0,1,117067.0
0,1,22,9,224,2407,0,0,1,0,0,0,0,9,0.0,0.0,0.0,0.0,1.0,0.0,0.0,55,255,1.0,0.0,0.02,0.02,0.0,0.0,0.0,0,89425.0
0,1,46,5,0,0,0,0,0,0,0,0,0,105,1.0,1.0,0.0,0.0,0.18,0.06,0.0,255,19,0.07,0.07,0.0,0.0,1.0,1.0,0.0,1,80771.0
0,1,26,5,0,0,0,0,0,0,0,0,0,275,1.0,1.0,0.0,0.0,0.0,0.05,0.0,255,1,0.0,0.05,0.0,0.0,1.0,1.0,0.0,1,105555.0
0,1,46,5,0,0,0,0,0,0,0,0,0,121,1.0,1.0,0.0,0.0,0.02,0.07,0.0,255,6,0.02,0.07,0.0,0.0,1.0,1.0,0.0,1,105454.0
0,1,19,5,0,0,0,0,0,0,0,0,0,64,1.0,1.0,0.0,0.0,0.22,0.06,0.0,255,74,0.29,0.02,0.01,0.0,1.0,1.0,0.0,1,11019.0
0,1,19,9,192,0,0,0,1,0,0,0,0,2,0.0,0.0,0.0,0.0,1.0,0.0,0.0,105,48,0.22,0.05,0.22,0.04,0.0,0.0,0.0,0,5482.0
0,1,31,5,0,0,0,0,0,0,0,0,0,113,1.0,1.0,0.0,0.0,0.02,0.07,0.0,255,15,0.06,0.08,0.0,0.0,1.0,1.0,0.0,1,3461.0
0,1,51,6,50,156,0,0,1,0,0,0,0,1,1.0,1.0,0.0,0.0,1.0,0.0,0.0,84,153,0.69,0.2,0.01,0.01,0.04,0.03,0.0,0,80136.0
0,2,11,9,44,150,0,0,0,0,0,0,0,43,0.0,0.0,0.0,0.0,1.0,0.0,0.02,255,253,0.99,0.01,0.0,0.0,0.0,0.0,0.0,0,49464.0
0,1,46,5,0,0,0,0,0,0,0,0,0,182,1.0,1.0,0.0,0.0,0.03,0.07,0.0,28,5,0.18,0.21,0.04,0.0,0.5,1.0,0.0,1,105498.0
0,1,17,9,7,223,0,0,0,0,0,0,0,2,0.0,0.0,0.0,0.0,0.5,1.0,0.0,106,5,0.05,0.05,0.01,0.0,0.02,0.2,0.0,0,1731.0
0,1,31,2,0,0,0,0,0,0,0,0,0,148,0.0,0.0,1.0,1.0,0.14,0.06,0.0,255,20,0.08,0.06,0.0,0.0,0.0,0.0,1.0,1,60237.0
0,0,14,9,1032,0,0,0,0,0,0,0,0,340,0.0,0.0,0.0,0.0,1.0,0.0,0.0,255,255,1.0,0.0,1.0,0.0,0.0,0.0,0.0,1,120391.0
0,1,63,2,0,0,0,0,0,0,0,0,0,109,0.0,0.0,1.0,1.0,0.04,0.08,0.0,255,4,0.02,0.07,0.0,0.0,0.0,0.0,1.0,1,37702.0
1,1,51,9,1053,403,0,0,1,0,0,0,0,1,0.0,0.0,0.0,0.0,1.0,0.0,1.0,204,169,0.67,0.03,0.0,0.01,0.0,0.0,0.0,0,98118.0
0,1,22,9,213,5586,0,0,1,0,0,0,0,7,0.0,0.0,0.0,0.0,1.0,0.0,0.0,7,255,1.0,0.0,0.14,0.05,0.0,0.0,0.0,0,62684.0
0,2,11,9,42,129,0,0,0,0,0,0,0,68,0.0,0.0,0.0,0.0,1.0,0.0,0.01,255,254,1.0,0.01,0.0,0.0,0.0,0.0,0.0,0,111101.0
0,1,22,9,324,1409,0,0,1,0,0,0,0,8,0.0,0.0,0.0,0.0,1.0,0.0,0.0,58,255,1.0,0.0,0.02,0.04,0.0,0.0,0.0,0,27216.0
0,1,17,5,0,0,0,0,0,0,0,0,0,38,0.97,1.0,0.03,0.0,0.37,0.11,0.0,255,11,0.04,0.07,0.01,0.0,1.0,1.0,0.0,1,84009.0
0,1,30,5,0,0,0,0,0,0,0,0,0,226,1.0,1.0,0.0,0.0,0.08,0.06,0.0,255,20,0.08,0.08,0.0,0.0,1.0,1.0,0.0,1,19200.0
0,1,22,9,231,6207,0,0,1,0,0,0,0,8,0.0,0.0,0.0,0.0,1.0,0.0,0.0,8,255,1.0,0.0,0.12,0.03,0.0,0.0,0.0,0,79089.0
0,1,54,2,0,0,0,0,0,0,0,0,0,296,0.0,0.0,1.0,1.0,0.06,0.06,0.0,255,18,0.07,0.07,0.0,0.0,0.0,0.0,1.0,1,29410.0
0,1,51,9,914,328,0,0,1,0,0,0,0,1,0.0,0.0,0.0,0.0,1.0,0.0,0.0,134,167,0.69,0.05,0.01,0.01,0.0,0.0,0.0,0,97114.0
0,1,19,9,12286,0,0,0,0,0,0,0,0,7,0.0,0.0,0.0,0.0,1.0,0.0,0.0,54,40,0.24,0.07,0.24,0.05,0.0,0.0,0.0,0,7943.0
0,0,14,9,520,0,0,0,0,0,0,0,0,464,0.0,0.0,0.0,0.0,1.0,0.0,0.0,34,34,1.0,0.0,1.0,0.0,0.0,0.0,0.0,1,105515.0
0,2,46,9,207,0,0,0,0,0,0,0,0,2,0.0,0.0,0.0,0.0,1.0,0.0,0.0,58,50,0.86,0.03,0.86,0.0,0.0,0.0,0.0,1,10445.0
0,1,51,2,0,0,0,0,0,0,0,0,0,191,0.0,0.0,1.0,1.0,0.01,0.07,0.0,255,1,0.0,0.08,0.0,0.0,0.0,0.0,1.0,1,78052.0
0,2,46,9,1,0,0,0,0,0,0,0,0,133,0.0,0.0,0.0,0.0,0.92,0.02,0.0,255,191,0.75,0.04,1.0,0.0,0.0,0.0,0.0,1,58780.0
0,1,22,9,322,1701,0,0,1,0,0,0,0,3,0.0,0.0,0.0,0.0,1.0,0.0,0.5,194,255,1.0,0.0,0.01,0.02,0.0,0.0,0.0,0,61787.0
0,1,60,5,0,0,0,0,0,0,0,0,0,204,1.0,1.0,0.0,0.0,0.02,0.06,0.0,255,8,0.03,0.07,0.0,0.0,1.0,1.0,0.0,1,13264.0
0,1,46,5,0,0,0,0,0,0,0,0,0,65,1.0,1.0,0.0,0.0,0.05,0.08,0.0,23,3,0.13,0.13,0.04,0.0,1.0,1.0,0.0,1,36076.0
0,1,46,5,0,0,0,0,0,0,0,0,0,211,1.0,1.0,0.0,0.0,0.09,0.07,0.0,255,18,0.07,0.06,0.0,0.0,1.0,1.0,0.0,1,13964.0
0,1,28,1,0,0,0,0,0,0,0,0,0,102,0.0,0.0,1.0,1.0,0.08,0.08,0.0,255,8,0.03,0.06,0.0,0.0,0.0,0.0,1.0,1,80926.0
28,1,18,9,1482,4152,0,30,1,0,0,0,0,1,0.0,0.0,0.0,0.0,1.0,0.0,0.0,194,79,0.41,0.03,0.01,0.0,0.0,0.0,0.0,0,16335.0
26,1,18,9,352,1069,0,6,1,0,0,0,0,1,0.0,0.0,0.0,0.0,1.0,0.0,0.0,184,14,0.08,0.03,0.01,0.0,0.0,0.0,0.0,0,111227.0
0,1,46,5,0,0,0,0,0,0,0,0,0,118,1.0,1.0,0.0,0.0,0.07,0.06,0.0,255,12,0.05,0.07,0.0,0.0,1.0,1.0,0.0,1,123834.0
0,1,29,5,0,0,0,0,0,0,0,0,0,140,1.0,1.0,0.0,0.0,0.08,0.06,0.0,255,11,0.04,0.06,0.0,0.0,1.0,1.0,0.0,1,39703.0
0,1,8,2,0,0,0,0,0,0,0,0,0,202,0.0,0.0,1.0,1.0,0.01,0.07,0.0,255,2,0.01,0.08,0.0,0.0,0.0,0.0,1.0,1,89903.0
0,2,41,9,1,0,0,0,0,0,0,0,0,6,0.0,0.0,0.0,0.0,0.17,0.5,0.0,255,1,0.0,0.24,1.0,0.0,0.0,0.0,0.0,1,80162.0
0,1,27,5,0,0,0,0,0,0,0,0,0,139,1.0,1.0,0.0,0.0,0.08,0.06,0.0,255,18,0.07,0.07,0.0,0.0,1.0,1.0,0.0,1,43078.0
0,1,36,5,0,0,0,0,0,0,0,0,0,116,1.0,1.0,0.0,0.0,0.03,0.05,0.0,255,3,0.01,0.05,0.0,0.0,1.0,1.0,0.0,1,4712.0
0,1,53,1,0,0,0,0,0,0,0,0,0,121,0.0,0.0,1.0,1.0,0.09,0.07,0.0,255,11,0.04,0.07,0.0,0.0,0.0,0.0,1.0,1,115722.0
0,1,22,9,54540,8314,0,2,1,1,0,0,0,2,0.0,0.0,0.0,0.0,1.0,0.0,0.0,172,172,1.0,0.0,0.01,0.0,0.0,0.0,0.01,1,27194.0
0,0,13,9,8,0,0,0,0,0,0,0,0,1,0.0,0.0,0.0,0.0,1.0,0.0,1.0,1,97,1.0,0.0,1.0,0.51,0.0,0.0,0.0,1,24139.0
0,2,46,9,28,0,3,0,0,0,0,0,0,61,0.0,0.0,0.0,0.0,1.0,0.0,0.0,255,161,0.63,0.37,0.63,0.0,0.09,0.0,0.0,1,94284.0
0,1,41,1,0,0,0,0,0,0,0,0,0,511,0.18,0.0,0.82,1.0,0.0,1.0,0.0,255,1,0.0,1.0,0.0,0.0,0.03,0.0,1.0,1,35136.0
0,2,11,9,43,126,0,0,0,0,0,0,0,191,0.0,0.0,0.0,0.0,0.99,0.01,0.0,222,189,0.85,0.01,0.0,0.0,0.0,0.0,0.0,0,32820.0
0,0,13,9,8,0,0,0,0,0,0,0,0,1,0.0,0.0,0.0,0.0,1.0,0.0,1.0,1,67,1.0,0.0,1.0,0.51,0.0,0.0,0.0,1,68486.0
0,1,22,9,287,1808,0,0,1,0,0,0,0,31,0.0,0.0,0.0,0.0,1.0,0.0,0.0,255,255,1.0,0.0,0.0,0.0,0.0,0.0,0.0,0,19926.0
0,1,22,9,314,16139,0,0,1,0,0,0,0,1,0.0,0.0,0.0,0.0,1.0,0.0,0.0,1,255,1.0,0.0,1.0,0.02,0.0,0.0,0.0,0,57608.0
0,1,57,5,0,0,0,0,0,0,0,0,0,18,1.0,1.0,0.0,0.0,1.0,0.0,0.0,100,60,0.6,0.02,0.01,0.0,0.98,0.97,0.0,1,19970.0
0,1,31,5,0,0,0,0,0,0,0,0,0,149,1.0,1.0,0.0,0.0,0.13,0.06,0.0,255,20,0.08,0.06,0.0,0.0,1.0,1.0,0.0,1,50432.0
0,2,11,9,44,118,0,0,0,0,0,0,0,72,0.0,0.0,0.0,0.0,1.0,0.0,0.0,255,255,1.0,0.0,0.0,0.0,0.0,0.0,0.0,0,78816.0
0,1,27,5,0,0,0,0,0,0,0,0,0,8,1.0,1.0,0.0,0.0,0.38,0.38,0.0,255,3,0.01,0.08,0.0,0.0,1.0,1.0,0.0,1,68179.0
0,1,22,1,0,0,0,0,0,0,0,0,0,1,0.0,0.0,1.0,1.0,1.0,0.0,0.0,31,255,1.0,0.0,0.03,0.05,0.0,0.0,1.0,0,28355.0
0,1,22,9,263,897,0,0,1,0,0,0,0,27,0.0,0.0,0.0,0.0,1.0,0.0,0.0,255,255,1.0,0.0,0.0,0.0,0.0,0.0,0.0,0,33188.0
0,1,66,5,0,0,0,0,0,0,0,0,0,141,1.0,1.0,0.0,0.0,0.09,0.06,0.0,255,10,0.04,0.06,0.0,0.0,1.0,1.0,0.0,1,52612.0
0,0,13,9,8,0,0,0,0,0,0,0,0,1,0.0,0.0,0.0,0.0,1.0,0.0,1.0,2,129,1.0,0.0,1.0,0.5,0.0,0.0,0.0,1,124989.0
0,2,11,9,46,46,0,0,0,0,0,0,0,135,0.0,0.0,0.0,0.0,1.0,0.0,0.0,255,255,1.0,0.0,0.01,0.0,0.0,0.0,0.0,0,119343.0
0,1,46,5,0,0,0,0,0,0,0,0,0,110,1.0,1.0,0.0,0.0,0.09,0.06,0.0,255,16,0.06,0.06,0.0,0.0,1.0,1.0,0.0,1,68296.0
0,1,22,9,236,307,0,0,1,0,0,0,0,25,0.0,0.0,0.0,0.0,1.0,0.0,0.0,255,255,1.0,0.0,0.0,0.0,0.0,0.0,0.0,0,99001.0
0,1,57,5,0,0,0,0,0,0,0,0,0,10,0.9,1.0,0.0,0.0,0.9,0.2,0.0,9,10,1.0,0.0,0.11,0.2,1.0,0.9,0.0,1,14256.0
0,1,46,5,0,0,0,0,0,0,0,0,0,187,1.0,1.0,0.0,0.0,0.11,0.06,0.0,255,20,0.08,0.07,0.0,0.0,1.0,1.0,0.0,1,29260.0
0,0,13,9,8,0,0,0,0,0,0,0,0,1,0.0,0.0,0.0,0.0,1.0,0.0,1.0,2,28,1.0,0.0,1.0,0.5,0.0,0.0,0.0,1,50544.0
0,1,22,9,292,4906,0,0,1,0,0,0,0,3,0.0,0.0,0.0,0.0,1.0,0.0,0.0,76,255,1.0,0.0,0.01,0.04,0.0,0.0,0.0,0,31541.0
0,1,22,9,318,299,0,0,1,0,0,0,0,18,0.0,0.0,0.0,0.0,1.0,0.0,0.0,255,255,1.0,0.0,0.0,0.0,0.0,0.0,0.0,0,45176.0
7701,2,41,9,147,105,0,0,0,0,0,0,0,1,0.0,0.0,0.0,0.0,1.0,0.0,0.0,255,1,0.0,0.53,0.91,0.0,0.0,0.0,0.0,0,2573.0
0,1,45,2,0,0,0,0,0,0,0,0,0,109,0.0,0.0,1.0,1.0,0.07,0.07,0.0,255,8,0.03,0.06,0.0,0.0,0.0,0.0,1.0,1,79567.0
0,2,46,9,1,0,0,0,0,0,0,0,0,14,0.0,0.0,0.0,0.0,0.14,0.29,0.0,255,53,0.21,0.22,1.0,0.0,0.0,0.0,0.0,1,97613.0
0,1,29,5,0,0,0,0,0,0,0,0,0,265,1.0,1.0,0.0,0.0,0.08,0.05,0.0,255,22,0.09,0.06,0.0,0.0,1.0,1.0,0.0,1,23719.0
0,1,51,9,782,335,0,0,1,0,0,0,0,1,0.0,0.0,0.0,0.0,1.0,0.0,0.0,2,102,0.5,1.0,0.5,0.02,0.0,0.0,0.0,0,87002.0
2,1,51,9,905,333,0,0,1,0,0,0,0,1,0.0,0.0,0.0,0.0,1.0,0.0,0.0,20,131,0.75,0.15,0.05,0.02,0.0,0.31,0.0,0,77311.0
0,1,32,5,0,0,0,0,0,0,0,0,0,255,1.0,1.0,0.0,0.0,0.05,0.05,0.0,255,24,0.09,0.06,0.0,0.0,1.0,1.0,0.0,1,39273.0
0,1,63,5,0,0,0,0,0,0,0,0,0,145,1.0,1.0,0.0,0.0,0.1,0.06,0.0,255,15,0.06,0.07,0.0,0.0,1.0,1.0,0.0,1,30899.0
0,1,17,5,0,0,0,0,0,0,0,0,0,6,1.0,1.0,0.0,0.0,0.5,0.5,0.0,246,64,0.26,0.02,0.01,0.03,1.0,0.98,0.0,1,88096.0
26608,1,46,4,1,0,0,0,0,0,0,0,0,2,0.0,0.0,1.0,1.0,1.0,0.0,0.0,255,2,0.01,0.74,1.0,0.0,0.0,0.0,1.0,1,102641.0
720,2,41,9,147,105,0,0,0,0,0,0,0,4,0.0,0.0,0.0,0.0,0.5,0.5,0.0,255,2,0.01,0.13,0.24,0.0,0.0,0.0,0.0,0,37205.0
0,1,46,5,0,0,0,0,0,0,0,0,0,123,1.0,1.0,0.0,0.0,0.16,0.06,0.0,255,15,0.06,0.05,0.0,0.0,1.0,1.0,0.0,1,1605.0
0,1,51,9,980,336,0,0,1,0,0,0,0,1,0.0,0.0,0.0,0.0,1.0,0.0,0.0,66,178,0.82,0.08,0.02,0.01,0.0,0.0,0.0,0,122552.0
0,1,19,5,0,0,0,0,0,0,0,0,0,219,1.0,1.0,0.0,0.0,0.0,0.07,0.0,255,1,0.0,0.08,0.0,0.0,1.0,1.0,0.0,1,4577.0
0,1,4,5,0,0,0,0,0,0,0,0,0,120,1.0,1.0,0.0,0.0,0.04,0.08,0.0,255,5,0.02,0.07,0.0,0.0,1.0,1.0,0.0,1,16781.0
0,1,10,5,0,0,0,0,0,0,0,0,0,289,1.0,1.0,0.0,0.0,0.03,0.06,0.0,255,7,0.03,0.08,0.0,0.0,1.0,1.0,0.0,1,51610.0
0,2,11,9,46,46,0,0,0,0,0,0,0,84,0.0,0.0,0.0,0.0,0.99,0.02,0.0,255,254,1.0,0.01,0.0,0.0,0.0,0.0,0.0,0,64871.0
0,1,19,9,6601,0,0,0,0,0,0,0,0,19,0.0,0.0,0.0,0.0,1.0,0.0,0.0,212,64,0.3,0.03,0.3,0.0,0.0,0.0,0.0,0,39696.0
10626,1,57,9,85,955,0,0,1,0,0,0,0,1,0.0,0.0,0.0,0.0,1.0,0.0,0.0,163,25,0.15,0.02,0.01,0.08,0.12,0.76,0.0,0,34730.0
0,1,17,9,6,0,0,0,0,0,0,0,0,1,0.0,0.0,0.0,0.0,1.0,0.0,0.0,62,13,0.05,0.06,0.02,0.31,0.0,0.0,0.0,0,27876.0
0,1,19,9,748,0,0,0,1,0,0,9,0,1,0.0,0.0,0.0,0.0,1.0,0.0,0.0,163,54,0.17,0.02,0.17,0.04,0.0,0.0,0.0,0,52498.0
0,1,22,9,232,419,0,0,1,0,0,0,0,2,0.0,0.23,0.0,0.0,1.0,0.0,0.31,255,255,1.0,0.0,0.0,0.0,0.0,0.0,0.0,0,29618.0
0,1,22,9,237,332,0,0,1,0,0,0,0,6,0.0,0.0,0.0,0.0,1.0,0.0,0.0,41,255,1.0,0.0,0.02,0.02,0.0,0.0,0.0,0,71600.0
0,0,13,9,30,0,0,0,0,0,0,0,0,5,0.0,0.0,0.0,0.0,0.2,0.6,0.0,255,21,0.08,0.01,0.4,0.0,0.0,0.0,0.0,0,88891.0
0,2,46,9,105,147,0,0,0,0,0,0,0,9,0.0,0.0,0.0,0.0,0.22,0.22,0.0,255,231,0.91,0.01,0.01,0.0,0.0,0.0,0.0,0,107972.0
0,1,22,9,378,364,0,0,1,0,0,0,0,2,0.0,0.0,0.0,0.0,1.0,0.0,0.0,20,231,1.0,0.0,0.05,0.22,0.0,0.0,0.82,0,34441.0
0,1,46,5,0,0,0,0,0,0,0,0,0,265,1.0,1.0,0.0,0.0,0.06,0.06,0.0,255,16,0.06,0.08,0.0,0.0,1.0,1.0,0.0,1,109218.0
0,0,13,9,8,0,0,0,0,0,0,0,0,1,0.0,0.0,0.0,0.0,1.0,0.0,1.0,1,153,1.0,0.0,1.0,0.5,0.0,0.0,0.0,1,118813.0
0,1,16,5,0,0,0,0,0,0,0,0,0,103,1.0,1.0,0.0,0.0,0.13,0.06,0.0,255,14,0.05,0.07,0.0,0.0,1.0,1.0,0.0,1,10581.0
0,1,22,9,200,555,0,0,1,0,0,0,0,6,0.0,0.0,0.0,0.0,1.0,0.0,0.36,255,255,1.0,0.0,0.0,0.0,0.0,0.0,0.0,0,88420.0
0,2,11,9,45,45,0,0,0,0,0,0,0,156,0.0,0.0,0.0,0.0,1.0,0.0,0.02,255,255,1.0,0.0,0.01,0.0,0.0,0.0,0.0,0,95672.0
0,1,22,9,242,3156,0,0,1,0,0,0,0,3,0.0,0.0,0.0,0.0,1.0,0.0,0.0,255,255,1.0,0.0,0.0,0.0,0.0,0.0,0.0,0,107829.0
0,1,22,9,245,764,0,0,1,0,0,0,0,1,0.0,0.0,0.0,0.0,1.0,0.0,0.4,31,255,1.0,0.0,0.03,0.05,0.0,0.0,0.0,0,11792.0
0,1,22,9,274,3174,0,0,1,0,0,0,0,3,0.0,0.0,0.0,0.0,1.0,0.0,0.5,8,255,1.0,0.0,0.12,0.05,0.0,0.0,0.0,0,105119.0
0,1,22,5,0,0,0,0,0,0,0,0,0,238,1.0,1.0,0.0,0.0,0.03,0.06,0.0,255,6,0.02,0.07,0.0,0.0,1.0,1.0,0.0,1,19307.0
0,1,19,9,334,0,0,0,1,0,0,0,0,2,0.0,0.0,0.0,0.0,1.0,0.0,0.0,7,46,1.0,0.0,1.0,0.04,0.0,0.02,0.0,1,71381.0
0,1,46,5,0,0,0,0,0,0,0,0,0,200,1.0,1.0,0.0,0.0,0.03,0.08,0.0,255,5,0.02,0.09,0.0,0.0,1.0,1.0,0.0,1,35237.0
0,1,7,5,0,0,0,0,0,0,0,0,0,236,1.0,1.0,0.0,0.0,0.08,0.07,0.0,255,19,0.07,0.08,0.0,0.0,1.0,1.0,0.0,1,18755.0
0,2,11,9,43,133,0,0,0,0,0,0,0,42,0.0,0.0,0.0,0.0,1.0,0.0,0.02,255,254,1.0,0.01,0.0,0.0,0.0,0.0,0.0,0,4932.0
0,1,3,5,0,0,0,0,0,0,0,0,0,107,1.0,1.0,0.0,0.0,0.07,0.07,0.0,255,7,0.03,0.07,0.0,0.0,1.0,1.0,0.0,1,116961.0
0,1,22,9,307,871,0,0,1,0,0,0,0,7,0.0,0.0,0.0,0.0,1.0,0.0,0.0,7,255,1.0,0.0,0.14,0.02,0.0,0.0,0.0,0,57909.0
0,1,19,9,10261,0,0,0,1,0,0,0,0,8,0.0,0.0,0.0,0.0,1.0,0.0,0.0,14,14,1.0,0.0,1.0,0.0,0.0,0.0,0.0,0,13808.0
0,1,19,9,334,0,0,0,1,0,0,0,0,2,0.0,0.0,0.0,0.0,1.0,0.0,0.0,4,8,1.0,0.0,1.0,0.25,0.0,0.0,0.0,1,54336.0
0,1,7,5,0,0,0,0,0,0,0,0,0,114,1.0,1.0,0.0,0.0,0.04,0.06,0.0,255,5,0.02,0.07,0.0,0.0,1.0,1.0,0.0,1,68375.0
0,1,46,1,0,0,0,0,0,0,0,0,0,260,0.0,0.0,1.0,1.0,0.05,0.06,0.0,255,12,0.05,0.08,0.0,0.0,0.0,0.0,1.0,1,22348.0
0,1,51,9,850,332,0,0,1,0,0,0,0,1,0.0,0.0,0.0,0.0,1.0,0.0,1.0,12,174,0.5,0.25,0.08,0.01,0.0,0.0,0.01,0,37671.0
0,1,22,9,248,10556,0,0,1,0,0,0,0,32,0.0,0.0,0.0,0.0,1.0,0.0,0.06,255,255,1.0,0.0,0.0,0.0,0.0,0.0,0.0,0,122849.0
0,2,11,9,45,120,0,0,0,0,0,0,0,155,0.0,0.0,0.0,0.0,1.0,0.0,0.01,255,255,1.0,0.0,0.0,0.0,0.0,0.0,0.0,0,65930.0
0,2,46,9,105,147,0,0,0,0,0,0,0,8,0.0,0.0,0.0,0.0,0.12,0.25,0.0,255,225,0.88,0.01,0.0,0.0,0.0,0.0,0.0,0,121769.0
0,0,13,9,18,0,0,0,0,0,0,0,0,1,0.0,0.0,0.0,0.0,1.0,0.0,0.0,1,205,1.0,0.0,1.0,0.25,0.0,0.0,0.0,1,77382.0
0,0,13,9,8,0,0,0,0,0,0,0,0,1,0.0,0.0,0.0,0.0,1.0,0.0,1.0,1,189,1.0,0.0,1.0,0.5,0.0,0.0,0.0,1,38335.0
0,1,46,5,0,0,0,0,0,0,0,0,0,239,1.0,1.0,0.0,0.0,0.08,0.04,0.0,99,20,0.2,0.08,0.01,0.0,0.98,1.0,0.0,1,81627.0
0,0,14,9,1480,0,1,0,0,0,0,0,0,1,0.0,0.0,0.0,0.0,1.0,0.0,0.67,4,153,0.75,0.5,0.75,0.03,0.25,0.0,0.0,1,37793.0
0,1,51,9,1657,336,0,0,1,0,0,0,0,1,0.0,0.0,0.0,0.0,1.0,0.0,0.0,255,190,0.75,0.02,0.0,0.0,0.0,0.0,0.0,0,46458.0
0,1,57,5,0,0,0,0,0,0,0,0,0,46,1.0,1.0,0.0,0.0,0.22,0.09,0.0,128,33,0.25,0.03,0.03,0.06,0.98,0.91,0.0,1,6676.0
0,1,52,5,0,0,0,0,0,0,0,0,0,248,1.0,1.0,0.0,0.0,0.01,0.06,0.0,255,18,0.07,0.07,0.0,0.0,1.0,1.0,0.0,1,60831.0
0,0,13,9,18,0,0,0,0,0,0,0,0,1,0.0,0.0,0.0,0.0,1.0,0.0,0.0,2,174,1.0,0.0,1.0,0.25,0.0,0.0,0.0,1,26823.0
0,1,51,9,871,386,0,0,1,0,0,0,0,2,0.0,0.0,0.0,0.0,0.5,1.0,0.0,255,41,0.16,0.07,0.0,0.0,0.67,0.0,0.0,0,74786.0
4332,2,41,9,146,105,0,0,0,0,0,0,0,1,0.0,0.0,0.0,0.0,1.0,0.0,0.0,255,1,0.0,0.6,0.93,0.0,0.0,0.0,0.0,0,78615.0
0,1,24,5,0,0,0,0,0,0,0,0,0,150,1.0,1.0,0.0,0.0,0.13,0.06,0.0,255,19,0.07,0.06,0.0,0.0,1.0,1.0,0.0,1,114417.0
0,1,22,9,209,1800,0,0,1,0,0,0,0,13,0.0,0.0,0.0,0.0,1.0,0.0,0.0,13,255,1.0,0.0,0.08,0.05,0.0,0.0,0.0,0,16913.0
0,1,22,9,301,195,0,0,1,0,0,0,0,1,0.0,0.0,0.0,0.0,1.0,0.0,0.17,8,255,1.0,0.0,0.12,0.06,0.0,0.01,0.01,0,68174.0
0,0,13,9,8,0,0,0,0,0,0,0,0,1,0.0,0.0,0.0,0.0,1.0,0.0,1.0,2,50,1.0,0.0,1.0,0.5,0.0,0.0,0.0,1,122818.0
0,1,46,5,0,0,0,0,0,0,0,0,0,299,1.0,1.0,0.0,0.0,0.07,0.06,0.0,255,1,0.0,0.09,0.0,0.0,1.0,1.0,0.0,1,64997.0
1,1,51,9,1116,286,0,0,1,0,0,0,0,1,0.0,0.0,0.0,0.0,1.0,0.0,0.0,103,145,0.78,0.05,0.01,0.01,0.0,0.0,0.0,0,88679.0
0,1,22,9,148,559,0,0,1,0,0,0,0,1,0.0,0.0,0.0,0.0,1.0,0.0,0.0,5,255,1.0,0.0,0.2,0.06,0.0,0.0,0.0,0,71834.0
6,1,51,9,1131,328,0,0,1,0,0,0,0,1,0.0,0.0,0.0,0.0,1.0,0.0,0.0,202,149,0.66,0.08,0.0,0.01,0.0,0.0,0.0,0,107661.0
0,1,22,9,235,1203,0,0,1,0,0,0,0,4,0.0,0.0,0.0,0.0,1.0,0.0,0.0,208,255,1.0,0.0,0.0,0.01,0.0,0.0,0.0,0,90232.0
0,1,54,2,0,0,0,0,0,0,0,0,0,179,0.0,0.0,1.0,1.0,0.04,0.07,0.0,255,7,0.03,0.08,0.0,0.0,0.0,0.0,1.0,1,16108.0
0,1,22,6,236,14600,0,0,1,0,0,0,0,1,1.0,1.0,0.0,0.0,1.0,0.0,0.0,255,255,1.0,0.0,0.0,0.0,0.0,0.0,0.0,0,120080.0
0,1,4,5,0,0,0,0,0,0,0,0,0,247,1.0,1.0,0.0,0.0,0.03,0.06,0.0,255,8,0.03,0.07,0.0,0.0,1.0,1.0,0.0,1,106977.0
0,1,9,2,0,0,0,0,0,0,0,0,0,236,0.0,0.0,1.0,1.0,0.0,0.07,0.0,255,1,0.0,0.08,0.0,0.0,0.0,0.0,1.0,1,7352.0
0,1,19,9,334,0,0,0,1,0,0,0,0,1,0.0,0.0,0.0,0.0,1.0,0.0,0.0,252,102,0.4,0.02,0.4,0.0,0.0,0.0,0.0,1,121564.0
0,1,22,9,284,2996,0,0,1,0,0,0,0,22,0.0,0.0,0.0,0.0,1.0,0.0,0.0,255,255,1.0,0.0,0.0,0.0,0.0,0.0,0.0,0,49804.0
0,1,46,5,0,0,0,0,0,0,0,0,0,126,1.0,1.0,0.0,0.0,0.06,0.06,0.0,255,4,0.02,0.07,0.0,0.0,1.0,1.0,0.0,1,44307.0
0,2,40,9,48,48,0,0,0,0,0,0,0,7,0.0,0.0,0.0,0.0,0.14,0.29,0.0,160,4,0.03,0.01,0.03,0.0,0.0,0.0,0.0,0,37397.0
0,1,22,9,259,32967,0,0,1,0,0,0,0,1,0.0,0.0,0.0,0.0,1.0,0.0,0.0,255,255,1.0,0.0,0.01,0.0,0.0,0.0,0.0,0,86563.0
0,1,46,5,0,0,0,0,0,0,0,0,0,76,1.0,1.0,0.0,0.0,0.32,0.07,0.0,255,24,0.09,0.05,0.0,0.0,1.0,1.0,0.0,1,4281.0
0,1,22,9,171,409,0,0,1,0,0,0,0,4,0.25,0.25,0.0,0.0,1.0,0.0,0.0,35,255,1.0,0.0,0.03,0.01,0.06,0.01,0.0,0,14775.0
0,1,22,9,193,2143,0,0,1,0,0,0,0,11,0.0,0.0,0.0,0.0,1.0,0.0,0.24,255,255,1.0,0.0,0.0,0.0,0.0,0.0,0.0,0,122735.0
0,1,22,9,227,7783,0,0,1,0,0,0,0,1,0.0,0.0,0.0,0.0,1.0,0.0,1.0,1,255,1.0,0.0,1.0,0.04,0.0,0.0,0.0,0,105526.0
0,1,46,1,0,0,0,0,0,0,0,0,0,234,0.0,0.0,1.0,1.0,0.03,0.07,0.0,255,8,0.03,0.07,0.0,0.0,0.0,0.0,1.0,1,35731.0
0,1,22,9,321,581,0,0,1,0,0,0,0,9,0.0,0.0,0.0,0.0,1.0,0.0,0.17,255,255,1.0,0.0,0.0,0.0,0.0,0.0,0.0,0,83109.0
0,2,11,9,43,120,0,0,0,0,0,0,0,21,0.0,0.0,0.0,0.0,1.0,0.0,0.09,255,255,1.0,0.0,0.0,0.0,0.0,0.0,0.0,0,60493.0
0,1,22,9,225,1535,0,0,1,0,0,0,0,2,0.5,0.5,0.0,0.0,1.0,0.0,0.0,39,255,1.0,0.0,0.03,0.02,0.03,0.0,0.0,0,70807.0
0,1,22,9,250,513,0,0,1,0,0,0,0,46,0.0,0.0,0.0,0.0,1.0,0.0,0.0,158,255,1.0,0.0,0.01,0.02,0.0,0.0,0.0,0,61815.0
0,1,46,5,0,0,0,0,0,0,0,0,0,117,1.0,1.0,0.0,0.0,0.1,0.06,0.0,255,12,0.05,0.08,0.0,0.0,1.0,1.0,0.0,1,65896.0
0,1,3,9,9,37,0,0,1,0,0,0,0,2,0.0,0.0,0.0,0.0,0.5,1.0,0.0,137,7,0.04,0.03,0.01,0.29,0.0,0.0,0.0,0,123977.0
0,1,51,5,0,0,0,0,0,0,0,0,0,2,0.5,0.5,0.0,0.0,1.0,0.0,0.0,130,106,0.37,0.04,0.02,0.02,0.01,0.01,0.0,0,74999.0
0,1,46,5,0,0,0,0,0,0,0,0,0,131,1.0,1.0,0.0,0.0,0.1,0.05,0.0,255,4,0.02,0.06,0.0,0.0,1.0,1.0,0.0,1,108581.0
0,1,22,1,0,0,0,0,0,0,0,0,0,1,0.0,0.0,1.0,1.0,1.0,0.0,0.0,5,5,1.0,0.0,0.2,0.0,0.0,0.0,1.0,0,97179.0
0,0,13,9,8,0,0,0,0,0,0,0,0,1,0.0,0.0,0.0,0.0,1.0,0.0,1.0,1,25,1.0,0.0,1.0,0.52,0.0,0.0,0.0,1,64618.0
958,2,41,9,147,105,0,0,0,0,0,0,0,1,0.0,0.0,0.0,0.0,1.0,0.0,0.0,255,3,0.01,0.57,0.87,0.0,0.0,0.0,0.0,0,117494.0
0,1,22,9,209,1155,0,0,1,0,0,0,0,34,0.0,0.0,0.0,0.0,1.0,0.0,0.11,255,255,1.0,0.0,0.0,0.0,0.0,0.0,0.0,0,6347.0
0,1,41,6,68620,0,0,0,1,0,0,1,0,15,0.2,1.0,0.0,0.0,0.07,0.53,0.0,124,1,0.01,0.19,0.3,0.0,0.05,1.0,0.0,0,101668.0
0,0,62,9,78,0,0,0,0,0,0,0,0,11,0.0,0.0,0.0,0.0,0.27,0.18,0.0,255,18,0.07,0.01,0.07,0.0,0.0,0.0,0.0,0,28010.0
0,0,13,9,18,0,0,0,0,0,0,0,0,1,0.0,0.0,0.0,0.0,1.0,0.0,0.0,1,229,1.0,0.0,1.0,0.25,0.0,0.0,0.0,1,25905.0
0,1,22,9,165,175,0,0,1,0,0,0,0,1,0.0,0.0,0.0,0.0,1.0,0.0,0.0,255,255,1.0,0.0,0.0,0.0,0.0,0.0,0.0,0,4012.0
1,1,18,9,1269,2453,0,28,1,0,0,0,0,1,0.0,0.0,0.0,0.0,1.0,0.0,0.0,255,96,0.38,0.02,0.0,0.0,0.0,0.0,0.0,0,46314.0
0,1,17,5,0,0,0,0,0,0,0,0,0,70,1.0,1.0,0.0,0.0,0.26,0.06,0.0,255,65,0.25,0.02,0.02,0.0,1.0,1.0,0.0,1,109192.0
0,1,37,5,0,0,0,0,0,0,0,0,0,10,1.0,1.0,0.0,0.0,0.3,0.4,0.0,255,12,0.05,0.09,0.0,0.0,1.0,1.0,0.0,1,4199.0
0,1,46,5,0,0,0,0,0,0,0,0,0,202,1.0,1.0,0.0,0.0,0.08,0.05,0.0,255,16,0.06,0.06,0.0,0.0,1.0,1.0,0.0,1,17336.0
0,1,48,1,0,0,0,0,0,0,0,0,0,250,0.0,0.0,1.0,1.0,0.04,0.06,0.0,255,9,0.04,0.07,0.0,0.0,0.0,0.0,1.0,1,7384.0
0,1,2,1,0,0,0,0,0,0,0,0,0,271,0.0,0.0,1.0,1.0,0.03,0.06,0.0,255,8,0.03,0.07,0.0,0.0,0.0,0.0,1.0,1,12675.0
0,1,22,9,178,8541,0,0,1,0,0,0,0,1,0.0,0.0,0.0,0.0,1.0,0.0,0.0,255,243,0.95,0.01,0.0,0.0,0.0,0.0,0.0,0,28472.0
0,1,22,9,314,274,0,0,1,0,0,0,0,30,0.0,0.0,0.0,0.0,1.0,0.0,0.0,255,255,1.0,0.0,0.0,0.0,0.0,0.0,0.0,0,47231.0
0,1,46,5,0,0,0,0,0,0,0,0,0,200,1.0,1.0,0.0,0.0,0.05,0.06,0.0,255,11,0.04,0.08,0.0,0.0,1.0,1.0,0.0,1,96113.0
0,0,62,9,182,0,0,0,0,0,0,0,0,2,0.0,0.0,0.0,0.0,0.5,1.0,0.0,255,11,0.04,0.01,0.07,0.0,0.0,0.0,0.0,0,87633.0
0,1,22,1,0,0,0,0,0,0,0,0,0,292,0.0,0.0,1.0,1.0,0.06,0.05,0.0,255,17,0.07,0.06,0.0,0.0,0.0,0.0,1.0,1,123446.0
0,2,11,9,45,127,0,0,0,0,0,0,0,79,0.0,0.0,0.0,0.0,1.0,0.0,0.01,255,254,1.0,0.01,0.0,0.0,0.0,0.0,0.0,0,9772.0
0,1,22,9,378,285,0,0,1,0,0,0,0,15,0.0,0.0,0.0,0.0,1.0,0.0,0.0,84,255,1.0,0.0,0.01,0.05,0.0,0.01,0.0,0,60772.0
0,0,14,9,30,0,0,0,0,0,0,0,0,2,0.0,0.0,0.0,0.0,1.0,0.0,0.0,189,189,1.0,0.0,1.0,0.0,0.0,0.0,0.0,0,29126.0
0,1,19,9,334,0,0,0,1,0,0,0,0,1,0.0,0.0,0.0,0.0,1.0,0.0,0.0,255,68,0.27,0.13,0.36,0.0,0.02,0.01,0.0,1,122598.0
0,0,14,9,520,0,0,0,0,0,0,0,0,332,0.0,0.0,0.0,0.0,1.0,0.0,0.0,255,255,1.0,0.0,1.0,0.0,0.0,0.0,0.0,1,37511.0
0,1,17,5,0,0,0,0,0,0,0,0,0,1,1.0,1.0,0.0,0.0,1.0,0.0,1.0,1,4,1.0,0.0,1.0,1.0,1.0,1.0,0.0,1,47492.0
0,1,46,4,0,0,0,0,0,0,0,0,0,1,0.0,0.0,1.0,1.0,1.0,0.0,0.0,124,1,0.01,0.22,0.21,0.0,0.0,0.0,1.0,1,122213.0
0,1,2,5,0,0,0,0,0,0,0,0,0,102,1.0,1.0,0.0,0.0,0.02,0.07,0.0,255,2,0.01,0.07,0.0,0.0,1.0,1.0,0.0,1,94929.0
0,1,57,5,0,0,0,0,0,0,0,0,0,3,1.0,1.0,0.0,0.0,1.0,0.0,0.0,85,45,0.53,0.02,0.01,0.0,0.98,0.96,0.0,1,117475.0
0,2,41,9,146,0,0,0,0,0,0,0,0,3,0.0,0.0,0.0,0.0,0.33,1.0,0.0,255,4,0.02,0.51,0.87,0.0,0.0,0.0,0.0,0,67807.0
0,1,17,9,8,0,0,0,0,0,0,0,0,1,0.0,0.0,0.0,0.0,1.0,0.0,0.0,71,8,0.07,0.04,0.01,0.25,0.01,0.12,0.0,0,6963.0
0,1,63,5,0,0,0,0,0,0,0,0,0,106,1.0,1.0,0.0,0.0,0.06,0.07,0.0,255,10,0.04,0.05,0.0,0.0,1.0,1.0,0.0,1,12432.0
0,1,22,9,358,442,0,0,1,0,0,0,0,11,0.0,0.0,0.0,0.0,1.0,0.0,0.0,255,255,1.0,0.0,0.0,0.0,0.0,0.0,0.0,0,41811.0
67,1,22,9,259,275,0,0,1,0,0,0,0,23,0.0,0.0,0.0,0.0,1.0,0.0,0.0,255,245,0.96,0.01,0.0,0.0,0.0,0.0,0.0,0,93194.0
0,1,17,5,0,0,0,0,0,0,0,0,0,74,1.0,1.0,0.0,0.0,0.24,0.05,0.0,255,60,0.24,0.02,0.02,0.0,1.0,1.0,0.0,1,85119.0
0,1,22,9,201,546,0,0,1,0,0,0,0,73,0.0,0.0,0.0,0.0,1.0,0.0,0.03,255,255,1.0,0.0,0.0,0.0,0.0,0.0,0.0,0,29219.0
2,1,51,9,1257,367,0,0,1,0,0,0,0,1,0.0,0.0,0.0,0.0,1.0,0.0,0.0,34,182,0.74,0.09,0.03,0.02,0.0,0.01,0.0,0,92097.0
0,1,8,5,0,0,0,0,0,0,0,0,0,287,1.0,1.0,0.0,0.0,0.06,0.05,0.0,255,4,0.02,0.08,0.0,0.0,1.0,1.0,0.0,1,65314.0
0,1,22,9,315,1533,0,0,1,0,0,0,0,4,0.0,0.0,0.0,0.0,1.0,0.0,0.0,7,255,1.0,0.0,0.14,0.01,0.0,0.0,0.0,0,64136.0
0,0,14,9,1032,0,0,0,0,0,0,0,0,509,0.0,0.0,0.0,0.0,1.0,0.0,0.0,255,242,0.95,0.04,0.95,0.0,0.0,0.0,0.0,1,53042.0
0,0,13,9,8,0,0,0,0,0,0,0,0,1,0.0,0.0,0.0,0.0,1.0,0.0,1.0,1,73,1.0,0.0,1.0,0.51,0.0,0.0,0.0,1,1022.0
0,1,22,1,0,0,0,0,0,0,0,0,0,1,0.0,0.0,1.0,1.0,1.0,0.0,1.0,6,149,1.0,0.0,0.17,0.03,0.0,0.0,0.36,0,28526.0
0,1,3,1,0,0,0,0,0,0,0,0,0,216,0.0,0.0,1.0,1.0,0.03,0.07,0.0,255,6,0.02,0.08,0.0,0.0,0.0,0.0,1.0,1,88026.0
0,1,22,9,200,1697,0,0,1,0,0,0,0,15,0.0,0.0,0.0,0.0,1.0,0.0,0.12,38,255,1.0,0.0,0.03,0.03,0.0,0.0,0.0,0,76020.0
0,2,11,9,46,46,0,0,0,0,0,0,0,10,0.0,0.0,0.0,0.0,1.0,0.0,0.11,255,255,1.0,0.0,0.04,0.0,0.0,0.0,0.0,0,7903.0
0,1,19,9,4753,0,0,0,1,0,0,0,0,17,0.0,0.0,0.0,0.0,0.94,0.12,0.0,115,47,0.19,0.06,0.19,0.04,0.0,0.0,0.0,0,98618.0
0,1,22,1,0,0,0,0,0,0,0,0,0,20,0.0,0.0,0.8,0.8,1.0,0.0,0.0,23,176,1.0,0.0,0.04,0.22,0.0,0.0,0.98,0,16650.0
0,0,13,9,8,0,0,0,0,0,0,0,0,1,0.0,0.0,0.0,0.0,1.0,0.0,1.0,3,107,1.0,0.0,1.0,0.25,0.0,0.0,0.0,1,50109.0
0,1,22,9,350,5369,0,0,1,0,0,0,0,12,0.0,0.0,0.0,0.0,1.0,0.0,0.0,255,255,1.0,0.0,0.0,0.0,0.0,0.0,0.0,0,94663.0
0,1,46,1,0,0,0,0,0,0,0,0,0,264,0.0,0.0,1.0,1.0,0.04,0.06,0.0,255,10,0.04,0.07,0.0,0.0,0.0,0.0,1.0,1,86449.0
0,1,8,2,0,0,0,0,0,0,0,0,0,206,0.0,0.0,1.0,1.0,0.0,0.07,0.0,255,1,0.0,0.08,0.0,0.0,0.0,0.0,1.0,1,43535.0
0,2,11,9,46,46,0,0,0,0,0,0,0,212,0.0,0.0,0.0,0.0,1.0,0.0,0.01,255,169,0.66,0.01,0.0,0.0,0.0,0.0,0.0,0,56000.0
0,1,32,1,0,0,0,0,0,0,0,0,0,231,0.0,0.0,1.0,1.0,0.04,0.07,0.0,255,10,0.04,0.07,0.0,0.0,0.0,0.0,1.0,1,124277.0
0,1,22,9,322,18873,0,0,1,0,0,0,0,1,0.0,0.0,0.0,0.0,1.0,0.0,0.0,1,255,1.0,0.0,1.0,0.02,0.0,0.0,0.0,0,19389.0
0,2,41,9,147,0,0,0,0,0,0,0,0,1,0.0,0.0,0.0,0.0,1.0,0.0,0.0,255,2,0.01,0.57,0.94,0.0,0.0,0.0,0.0,0,106329.0
0,1,46,1,0,0,0,0,0,0,0,0,0,232,0.0,0.0,1.0,1.0,0.02,0.06,0.0,255,5,0.02,0.06,0.0,0.0,0.0,0.0,1.0,1,59769.0
0,1,22,9,274,4841,0,0,1,0,0,0,0,2,0.0,0.0,0.0,0.0,1.0,0.0,0.67,133,255,1.0,0.0,0.01,0.04,0.01,0.01,0.02,0,112382.0
0,0,14,9,520,0,0,0,0,0,0,0,0,42,0.0,0.0,0.0,0.0,1.0,0.0,0.0,255,255,1.0,0.0,1.0,0.0,0.0,0.0,0.0,1,93496.0
0,1,51,9,1517,325,0,0,1,0,0,0,0,1,0.0,0.0,0.0,0.0,1.0,0.0,1.0,101,221,0.96,0.02,0.01,0.01,0.0,0.0,0.0,0,103699.0
0,1,15,5,0,0,0,0,0,0,0,0,0,94,1.0,1.0,0.0,0.0,0.02,0.07,0.0,255,2,0.01,0.06,0.0,0.0,1.0,1.0,0.0,1,113268.0
1,1,51,9,694,330,0,0,1,0,0,0,0,1,0.0,0.0,0.0,0.0,1.0,0.0,0.0,18,10,0.56,0.28,0.06,0.0,0.0,0.0,0.0,0,92556.0
0,1,22,9,291,966,0,0,1,0,0,0,0,1,0.0,0.0,0.0,0.0,1.0,0.0,1.0,255,255,1.0,0.0,0.0,0.0,0.0,0.0,0.0,0,11708.0
0,1,22,9,224,471,0,0,1,0,0,0,0,14,0.0,0.0,0.0,0.0,1.0,0.0,0.0,41,255,1.0,0.0,0.02,0.07,0.0,0.02,0.0,0,122673.0
0,1,22,9,235,958,0,0,1,0,0,0,0,4,0.0,0.0,0.0,0.0,1.0,0.0,0.5,4,255,1.0,0.0,0.25,0.04,0.0,0.0,0.0,0,49490.0
0,1,46,5,0,0,0,0,0,0,0,0,0,226,1.0,1.0,0.0,0.0,0.04,0.06,0.0,255,9,0.04,0.09,0.0,0.0,1.0,1.0,0.0,1,94398.0
0,1,46,10,0,0,0,0,0,0,0,0,0,1,1.0,1.0,0.0,0.0,1.0,0.0,0.0,108,1,0.01,0.91,0.93,0.0,0.93,1.0,0.0,1,83603.0
0,0,13,9,30,0,0,0,0,0,0,0,0,1,0.0,0.0,0.0,0.0,1.0,0.0,0.0,122,122,1.0,0.0,1.0,0.0,0.0,0.0,0.0,0,36910.0
0,1,51,9,867,328,0,0,1,0,0,0,0,1,0.0,0.0,0.0,0.0,1.0,0.0,0.0,255,148,0.58,0.01,0.0,0.0,0.0,0.0,0.0,0,86521.0
0,2,46,9,28,0,3,0,0,0,0,0,0,25,0.0,0.0,0.0,0.0,1.0,0.0,0.0,228,25,0.11,0.05,0.11,0.0,0.02,0.0,0.0,1,74590.0
0,1,22,9,237,1481,0,0,1,0,0,0,0,9,0.0,0.0,0.0,0.0,1.0,0.0,0.0,115,255,1.0,0.0,0.01,0.01,0.0,0.0,0.0,0,11437.0
0,0,13,9,8,0,0,0,0,0,0,0,0,1,0.0,0.0,0.0,0.0,1.0,0.0,1.0,3,91,1.0,0.0,1.0,0.25,0.0,0.0,0.0,1,69230.0
239,2,41,9,146,105,0,0,0,0,0,0,0,1,0.0,0.0,0.0,0.0,1.0,0.0,0.0,255,1,0.0,0.68,0.97,0.0,0.0,0.0,0.0,0,78850.0
0,1,22,9,196,865,0,0,1,0,0,0,0,3,0.0,0.0,0.0,0.0,1.0,0.0,0.0,3,255,1.0,0.0,0.33,0.05,0.0,0.0,0.0,0,87563.0
0,1,2,5,0,0,0,0,0,0,0,0,0,236,1.0,1.0,0.0,0.0,0.08,0.05,0.0,255,20,0.08,0.06,0.0,0.0,1.0,1.0,0.0,1,94903.0
1,1,51,9,945,396,0,0,1,0,0,0,0,1,0.0,0.0,0.0,0.0,1.0,0.0,1.0,255,21,0.08,0.07,0.0,0.0,0.0,0.0,0.0,0,96191.0
0,1,39,5,0,0,0,0,0,0,0,0,0,209,1.0,1.0,0.0,0.0,0.09,0.07,0.0,255,19,0.07,0.08,0.0,0.0,1.0,1.0,0.0,1,32121.0
0,1,22,9,302,2054,0,0,1,0,0,0,0,16,0.0,0.0,0.0,0.0,1.0,0.0,0.15,16,255,1.0,0.0,0.06,0.06,0.0,0.0,0.0,0,68547.0
0,2,11,9,45,125,0,0,0,0,0,0,0,93,0.0,0.0,0.0,0.0,1.0,0.0,0.01,255,255,1.0,0.0,0.0,0.0,0.0,0.0,0.0,0,20111.0
0,1,22,1,0,0,0,0,0,0,0,0,0,1,0.0,0.0,1.0,1.0,1.0,0.0,0.0,37,213,1.0,0.0,0.03,0.16,0.0,0.0,1.0,0,7570.0
0,1,22,9,329,9621,0,0,1,0,0,0,0,8,0.0,0.0,0.0,0.0,1.0,0.0,0.0,255,255,1.0,0.0,0.0,0.0,0.0,0.0,0.0,0,20409.0
0,1,22,9,312,383,0,0,1,0,0,0,0,2,0.0,0.0,0.0,0.0,1.0,0.0,0.67,67,255,1.0,0.0,0.01,0.08,0.0,0.0,0.0,0,40037.0
0,1,22,9,227,2445,0,0,1,0,0,0,0,5,0.0,0.0,0.0,0.0,1.0,0.0,0.0,255,255,1.0,0.0,0.01,0.0,0.0,0.0,0.0,0,18822.0
0,0,13,9,8,0,0,0,0,0,0,0,0,1,0.0,0.0,0.0,0.0,1.0,0.0,1.0,4,44,1.0,0.0,1.0,0.25,0.0,0.0,0.0,1,8939.0
0,2,46,9,28,0,3,0,0,0,0,0,0,42,0.0,0.0,0.0,0.0,1.0,0.0,0.0,255,142,0.56,0.45,0.56,0.0,0.09,0.0,0.0,1,69183.0
0,1,22,9,197,1108,0,0,1,0,0,0,0,4,0.0,0.0,0.0,0.0,1.0,0.0,0.0,207,255,1.0,0.0,0.0,0.01,0.0,0.0,0.0,0,107441.0
0,0,13,9,8,0,0,0,0,0,0,0,0,1,0.0,0.0,0.0,0.0,1.0,0.0,1.0,4,255,1.0,0.0,1.0,0.25,0.0,0.0,0.0,1,55086.0
1,1,18,9,1245,2451,0,28,1,0,0,0,0,1,0.0,0.0,0.0,0.0,1.0,0.0,0.0,216,44,0.2,0.02,0.0,0.0,0.0,0.0,0.0,0,105579.0
0,1,46,5,0,0,0,0,0,0,0,0,0,87,1.0,1.0,0.0,0.0,0.18,0.06,0.0,255,1,0.0,0.07,0.0,0.0,1.0,1.0,0.0,1,83165.0
0,1,51,9,784,329,0,0,1,0,0,0,0,1,0.0,0.0,0.0,0.0,1.0,0.0,0.0,255,139,0.55,0.02,0.0,0.0,0.0,0.0,0.0,0,5647.0
0,1,22,9,190,244,0,0,1,0,0,0,0,20,0.0,0.0,0.0,0.0,1.0,0.0,0.09,255,255,1.0,0.0,0.0,0.0,0.0,0.0,0.01,0,108716.0
0,1,22,9,201,658,0,0,1,0,0,0,0,20,0.0,0.0,0.0,0.0,1.0,0.0,0.17,72,255,1.0,0.0,0.01,0.06,0.0,0.0,0.0,0,110667.0
0,1,22,9,234,2189,0,0,1,0,0,0,0,11,0.0,0.0,0.0,0.0,1.0,0.0,0.0,49,255,1.0,0.0,0.02,0.04,0.0,0.0,0.0,0,48389.0
0,2,11,9,45,131,0,0,0,0,0,0,0,14,0.0,0.0,0.0,0.0,1.0,0.0,0.13,112,203,0.79,0.02,0.79,0.01,0.0,0.0,0.0,0,54278.0
0,1,22,9,224,1577,0,0,1,0,0,0,0,38,0.0,0.0,0.0,0.0,1.0,0.0,0.05,96,255,1.0,0.0,0.01,0.03,0.0,0.0,0.0,0,68421.0
0,1,22,9,180,19488,0,0,1,0,0,0,0,9,0.0,0.0,0.0,0.0,1.0,0.0,0.0,255,255,1.0,0.0,0.01,0.0,0.0,0.0,0.0,0,33541.0
0,2,11,9,43,126,0,0,0,0,0,0,0,2,0.0,0.0,0.0,0.0,1.0,0.0,0.0,123,69,0.56,0.02,0.01,0.0,0.0,0.0,0.0,0,46042.0
0,1,19,9,30,0,0,0,1,0,0,0,0,1,0.0,0.0,0.0,0.0,1.0,0.0,0.0,12,47,1.0,0.0,1.0,0.13,0.0,0.02,0.0,0,92903.0
0,1,33,5,0,0,0,0,0,0,0,0,0,102,1.0,1.0,0.0,0.0,0.25,0.07,0.0,255,25,0.1,0.06,0.0,0.0,1.0,1.0,0.0,1,48806.0
0,1,51,5,0,0,0,0,0,0,0,0,0,238,1.0,1.0,0.0,0.0,0.07,0.06,0.0,255,16,0.06,0.06,0.0,0.0,1.0,1.0,0.0,1,80636.0
0,1,19,9,637,0,0,0,1,0,0,0,0,11,0.0,0.0,0.0,0.0,1.0,0.0,0.0,182,47,0.26,0.02,0.26,0.0,0.0,0.0,0.0,0,10635.0
0,2,11,9,33,0,0,0,0,0,0,0,0,1,0.0,0.0,0.0,0.0,1.0,0.0,1.0,161,55,0.22,0.02,0.22,0.04,0.0,0.0,0.0,0,19445.0
0,0,13,9,8,0,0,0,0,0,0,0,0,1,0.0,0.0,0.0,0.0,1.0,0.0,1.0,1,7,1.0,0.0,1.0,0.57,0.0,0.0,0.0,1,99859.0
0,1,30,5,0,0,0,0,0,0,0,0,0,198,1.0,1.0,0.0,0.0,0.04,0.06,0.0,255,7,0.03,0.06,0.0,0.0,1.0,1.0,0.0,1,4157.0
0,1,19,9,12324,0,0,0,1,0,0,0,1,2,0.0,0.0,0.0,0.0,1.0,0.0,0.0,190,66,0.35,0.03,0.35,0.0,0.01,0.0,0.0,0,59802.0
0,1,22,9,291,8903,0,0,1,0,0,0,0,8,0.0,0.0,0.0,0.0,1.0,0.0,0.22,238,255,1.0,0.0,0.0,0.02,0.0,0.0,0.0,0,51773.0
0,1,22,9,263,453,0,0,1,0,0,0,0,15,0.0,0.0,0.0,0.0,1.0,0.0,0.0,255,255,1.0,0.0,0.0,0.0,0.0,0.0,0.0,0,288.0
0,1,22,9,341,8867,0,0,1,0,0,0,0,15,0.0,0.0,0.0,0.0,1.0,0.0,0.0,255,255,1.0,0.0,0.0,0.0,0.0,0.0,0.0,0,20031.0
0,1,63,2,0,0,0,0,0,0,0,0,0,139,0.0,0.0,1.0,1.0,0.14,0.06,0.0,255,19,0.07,0.06,0.0,0.0,0.0,0.0,1.0,1,82460.0
0,1,46,5,0,0,0,0,0,0,0,0,0,206,1.0,1.0,0.0,0.0,0.12,0.05,0.0,255,24,0.09,0.06,0.0,0.0,1.0,1.0,0.0,1,31638.0
0,1,32,5,0,0,0,0,0,0,0,0,0,195,1.0,1.0,0.0,0.0,0.02,0.07,0.0,255,4,0.02,0.07,0.0,0.0,1.0,1.0,0.0,1,82160.0
0,1,22,9,210,500,0,0,1,0,0,0,0,8,0.0,0.0,0.0,0.0,1.0,0.0,0.0,90,255,1.0,0.0,0.01,0.03,0.0,0.0,0.0,0,96082.0
0,1,46,5,0,0,0,0,0,0,0,0,0,234,1.0,1.0,0.0,0.0,0.0,0.07,0.0,255,1,0.0,0.06,0.0,0.0,1.0,1.0,0.0,1,12549.0
0,1,22,9,309,676,0,0,1,0,0,0,0,13,0.0,0.0,0.0,0.0,1.0,0.0,0.1,255,255,1.0,0.0,0.0,0.0,0.0,0.0,0.0,0,38203.0
0,1,22,5,0,0,0,0,0,0,0,0,0,1,1.0,0.5,0.0,0.5,1.0,0.0,1.0,161,41,0.25,0.02,0.01,0.0,1.0,1.0,0.0,1,103067.0
0,1,22,9,255,8812,0,0,1,0,0,0,0,6,0.0,0.0,0.0,0.0,1.0,0.0,0.0,255,255,1.0,0.0,0.0,0.0,0.0,0.0,0.0,0,52326.0
0,1,3,5,0,0,0,0,0,0,0,0,0,258,1.0,1.0,0.0,0.0,0.01,0.06,0.0,255,18,0.07,0.07,0.0,0.0,1.0,1.0,0.0,1,37289.0
0,1,30,5,0,0,0,0,0,0,0,0,0,194,1.0,1.0,0.0,0.0,0.09,0.06,0.0,255,4,0.02,0.07,0.0,0.0,1.0,1.0,0.0,1,56218.0
0,1,22,9,307,782,0,0,1,0,0,0,0,11,0.0,0.0,0.0,0.0,1.0,0.0,0.0,53,255,1.0,0.0,0.02,0.02,0.0,0.0,0.0,0,59308.0
48,1,57,9,165,24551,0,0,1,0,0,0,0,1,0.0,0.0,0.0,0.0,1.0,0.0,0.0,1,2,1.0,0.0,1.0,1.0,0.0,0.0,0.0,0,57158.0
0,1,46,5,0,0,0,0,0,0,0,0,0,224,1.0,1.0,0.0,0.0,0.03,0.06,0.0,255,5,0.02,0.07,0.0,0.0,1.0,1.0,0.0,1,3406.0
0,2,46,9,105,146,0,0,0,0,0,0,0,5,0.0,0.0,0.0,0.0,0.2,0.4,0.0,255,240,0.94,0.01,0.0,0.0,0.0,0.0,0.0,0,19155.0
0,1,22,9,216,1885,0,0,1,0,0,0,0,11,0.0,0.0,0.0,0.0,1.0,0.0,0.0,87,255,1.0,0.0,0.01,0.03,0.0,0.0,0.0,0,78320.0
0,0,13,9,8,0,0,0,0,0,0,0,0,1,0.0,0.0,0.0,0.0,1.0,0.0,1.0,3,211,1.0,0.0,1.0,0.25,0.0,0.0,0.0,1,31418.0
0,1,38,5,0,0,0,0,0,0,0,0,0,130,1.0,1.0,0.0,0.0,0.14,0.05,0.0,255,3,0.01,0.07,0.0,0.0,1.0,1.0,0.0,1,116678.0
0,1,46,5,0,0,0,0,0,0,0,0,0,148,1.0,1.0,0.0,0.0,0.11,0.05,0.0,184,2,0.01,0.1,0.01,0.0,1.0,1.0,0.0,1,85307.0
0,1,22,9,223,5567,0,0,1,0,0,0,0,3,0.0,0.0,0.0,0.0,1.0,0.0,0.0,3,255,1.0,0.0,0.33,0.04,0.0,0.0,0.0,0,2042.0
0,0,13,9,8,0,0,0,0,0,0,0,0,1,0.0,0.0,0.0,0.0,1.0,0.0,1.0,2,86,1.0,0.0,1.0,0.5,0.0,0.0,0.0,1,70251.0
0,1,39,5,0,0,0,0,0,0,0,0,0,291,1.0,1.0,0.0,0.0,0.04,0.05,0.0,255,7,0.03,0.06,0.0,0.0,1.0,1.0,0.0,1,44982.0
0,1,46,5,0,0,0,0,0,0,0,0,0,124,1.0,1.0,0.0,0.0,0.08,0.07,0.0,255,11,0.04,0.07,0.0,0.0,1.0,1.0,0.0,1,99080.0
0,1,46,5,0,0,0,0,0,0,0,0,0,129,1.0,1.0,0.0,0.0,0.13,0.05,0.0,255,2,0.01,0.09,0.0,0.0,1.0,1.0,0.0,1,22245.0
0,1,22,9,329,15416,0,0,1,0,0,0,0,29,0.0,0.0,0.0,0.0,1.0,0.0,0.0,68,255,1.0,0.0,0.01,0.04,0.0,0.01,0.0,0,17399.0
2,1,18,9,1241,2451,0,28,1,0,0,0,0,1,0.0,0.0,0.0,0.0,1.0,0.0,0.0,255,112,0.44,0.02,0.0,0.0,0.0,0.0,0.0,0,86894.0
0,1,22,9,213,6004,0,0,1,0,0,0,0,1,0.0,0.0,0.0,0.0,1.0,0.0,0.22,7,255,1.0,0.0,0.14,0.02,0.0,0.0,0.0,0,98166.0
0,1,19,9,3775,0,0,0,0,0,0,0,0,22,0.0,0.0,0.0,0.0,1.0,0.0,0.0,100,77,0.28,0.05,0.28,0.03,0.01,0.0,0.0,0,59470.0
0,1,19,9,12983,0,0,0,0,0,0,0,0,2,0.0,0.0,0.0,0.0,1.0,0.0,0.0,221,43,0.19,0.03,0.19,0.0,0.0,0.0,0.0,0,39166.0
0,2,11,9,44,130,0,0,0,0,0,0,0,109,0.0,0.0,0.0,0.0,1.0,0.0,0.01,255,255,1.0,0.0,0.0,0.0,0.0,0.0,0.0,0,49787.0
37390,1,46,4,1,0,0,0,0,0,0,0,0,2,0.0,0.0,1.0,1.0,1.0,0.0,0.0,255,2,0.01,0.5,1.0,0.0,0.0,0.0,1.0,1,124126.0
0,1,22,9,249,7853,0,0,1,0,0,0,0,17,0.0,0.0,0.0,0.0,1.0,0.0,0.0,107,241,1.0,0.0,0.01,0.02,0.0,0.0,0.0,0,121308.0
0,1,46,4,0,0,0,0,0,0,0,0,0,1,0.0,0.0,1.0,1.0,1.0,0.0,0.0,154,1,0.01,0.37,0.36,0.0,0.0,0.0,1.0,1,91537.0
0,0,13,9,8,0,0,0,0,0,0,0,0,1,0.0,0.0,0.0,0.0,1.0,0.0,1.0,1,93,1.0,0.0,1.0,0.51,0.0,0.0,0.0,1,77990.0
0,1,46,5,0,0,0,0,0,0,0,0,0,226,1.0,1.0,0.0,0.0,0.07,0.07,0.0,255,12,0.05,0.05,0.0,0.0,1.0,1.0,0.0,1,48299.0
0,1,22,1,0,0,0,0,0,0,0,0,0,1,0.0,0.0,1.0,1.0,1.0,0.0,0.0,5,255,1.0,0.0,0.2,0.02,0.0,0.0,0.27,0,1757.0
189,1,18,9,536,1664,0,11,1,0,0,0,0,1,0.0,0.0,0.0,0.0,1.0,0.0,0.0,6,2,0.33,0.5,0.17,0.0,0.0,0.0,0.5,0,88365.0
0,1,10,1,0,0,0,0,0,0,0,0,0,262,0.0,0.0,1.0,1.0,0.07,0.06,0.0,255,18,0.07,0.08,0.0,0.0,0.0,0.0,1.0,1,47487.0
0,2,40,9,48,48,0,0,0,0,0,0,0,1,0.0,0.0,0.0,0.0,1.0,0.0,0.0,40,20,0.5,0.08,0.5,0.0,0.0,0.0,0.0,0,59366.0
0,1,46,5,0,0,0,0,0,0,0,0,0,97,1.0,1.0,0.0,0.0,0.01,0.06,0.0,255,1,0.0,0.07,0.0,0.0,1.0,1.0,0.0,1,69630.0
0,1,46,5,0,0,0,0,0,0,0,0,0,251,1.0,1.0,0.0,0.0,0.04,0.07,0.0,255,9,0.04,0.08,0.0,0.0,1.0,1.0,0.0,1,33980.0
0,0,13,9,30,0,0,0,0,0,0,0,0,5,0.0,0.0,0.0,0.0,0.2,0.6,0.0,255,24,0.09,0.01,0.44,0.0,0.0,0.0,0.0,0,34050.0
0,1,22,5,0,0,0,0,0,0,0,0,0,55,1.0,1.0,0.0,0.0,0.29,0.07,0.0,255,58,0.23,0.04,0.01,0.0,1.0,1.0,0.0,1,13451.0
0,1,19,5,0,0,0,0,0,0,0,0,0,37,1.0,1.0,0.0,0.0,0.27,0.11,0.0,255,27,0.11,0.06,0.02,0.0,1.0,1.0,0.0,1,7635.0
12,1,19,9,7045,0,0,0,1,0,0,0,0,1,0.0,0.0,0.0,0.0,1.0,0.0,0.0,255,69,0.27,0.08,0.32,0.0,0.01,0.01,0.0,0,67181.0
0,1,46,1,0,0,0,0,0,0,0,0,0,2,0.0,0.0,1.0,1.0,0.5,1.0,0.0,255,1,0.0,0.69,0.68,0.0,0.0,0.0,1.0,1,25086.0
0,1,46,5,0,0,0,0,0,0,0,0,0,291,1.0,1.0,0.0,0.0,0.04,0.05,0.0,255,18,0.07,0.06,0.0,0.0,1.0,1.0,0.0,1,68805.0
0,1,60,2,0,0,0,0,0,0,0,0,0,240,0.0,0.0,1.0,1.0,0.08,0.07,0.0,255,20,0.08,0.07,0.0,0.0,0.0,0.0,1.0,1,84029.0
0,1,46,1,0,0,0,0,0,0,0,0,0,1,0.0,0.0,1.0,1.0,1.0,0.0,0.0,255,1,0.0,0.67,0.65,0.0,0.0,0.0,1.0,1,71967.0
0,2,46,9,1,0,0,0,0,0,0,0,0,17,0.0,0.0,0.0,0.0,0.06,0.18,0.0,255,1,0.0,0.53,0.5,0.0,0.16,0.0,0.0,1,7957.0
0,0,13,9,8,0,0,0,0,0,0,0,0,1,0.0,0.0,0.0,0.0,1.0,0.0,1.0,2,13,1.0,0.0,1.0,0.54,0.0,0.0,0.0,1,53003.0
0,1,19,5,0,0,0,0,0,0,0,0,0,20,1.0,1.0,0.0,0.0,0.2,0.2,0.0,255,64,0.25,0.02,0.01,0.0,1.0,1.0,0.0,1,99230.0
0,1,35,5,0,0,0,0,0,0,0,0,0,239,1.0,1.0,0.0,0.0,0.0,0.07,0.0,255,13,0.05,0.07,0.0,0.0,1.0,1.0,0.0,1,55014.0
0,1,46,1,0,0,0,0,0,0,0,0,0,99,0.01,0.0,0.93,1.0,0.01,1.0,0.0,224,1,0.0,0.47,0.0,0.0,0.0,0.0,1.0,1,122989.0
0,1,46,5,0,0,0,0,0,0,0,0,0,217,1.0,1.0,0.0,0.0,0.05,0.05,0.0,21,10,0.48,0.14,0.05,0.0,0.9,1.0,0.0,1,41787.0
0,1,46,5,0,0,0,0,0,0,0,0,0,226,1.0,1.0,0.0,0.0,0.07,0.05,0.0,255,15,0.06,0.08,0.0,0.0,1.0,1.0,0.0,1,2381.0
0,1,22,9,297,22642,0,0,1,0,0,0,0,1,0.0,0.0,0.0,0.0,1.0,0.0,0.0,40,255,1.0,0.0,0.03,0.16,0.0,0.01,0.87,0,92565.0
0,1,46,4,0,0,0,0,0,0,0,0,0,1,0.0,0.0,1.0,1.0,1.0,0.0,0.0,113,1,0.01,0.58,0.58,0.0,0.05,0.0,1.0,1,15262.0
0,1,46,1,0,0,0,0,0,0,0,0,0,303,0.03,0.0,0.95,1.0,0.0,1.0,0.0,255,1,0.0,0.97,0.0,0.0,0.04,0.0,1.0,1,5641.0
0,1,20,5,0,0,0,0,0,0,0,0,0,279,1.0,1.0,0.0,0.0,0.02,0.05,0.0,255,5,0.02,0.05,0.0,0.0,1.0,1.0,0.0,1,113763.0
0,1,22,9,316,607,0,0,1,0,0,0,0,12,0.0,0.0,0.0,0.0,1.0,0.0,0.0,180,255,1.0,0.0,0.01,0.03,0.01,0.01,0.01,0,52473.0
1,1,51,9,0,89,0,0,1,0,0,0,0,1,0.0,0.0,0.0,0.0,1.0,0.0,0.0,6,100,0.17,1.0,0.17,0.03,0.0,0.0,0.0,1,4547.0
13658,1,41,4,1,0,0,0,0,0,0,0,0,2,0.0,0.0,1.0,1.0,1.0,0.0,0.0,255,2,0.01,0.68,1.0,0.0,0.0,0.0,1.0,1,121043.0
0,1,65,5,0,0,0,0,0,0,0,0,0,288,1.0,1.0,0.0,0.0,0.05,0.06,0.0,255,2,0.01,0.07,0.0,0.0,1.0,1.0,0.0,1,28157.0
0,2,11,9,45,110,0,0,0,0,0,0,0,1,0.0,0.0,0.0,0.0,1.0,0.0,0.67,255,235,0.92,0.01,0.0,0.0,0.0,0.0,0.0,0,119703.0
0,0,13,9,8,0,0,0,0,0,0,0,0,1,0.0,0.0,0.0,0.0,1.0,0.0,1.0,2,255,1.0,0.0,1.0,0.5,0.0,0.0,0.0,1,108490.0
0,1,22,9,235,695,0,0,1,0,0,0,0,9,0.0,0.0,0.0,0.0,1.0,0.0,0.0,142,255,1.0,0.0,0.01,0.04,0.0,0.0,0.0,0,9330.0
0,1,30,1,0,0,0,0,0,0,0,0,0,22,0.0,0.0,0.91,1.0,0.05,1.0,0.0,255,1,0.0,0.13,0.0,0.0,0.0,0.0,1.0,1,51122.0
0,1,4,5,0,0,0,0,0,0,0,0,0,271,1.0,1.0,0.0,0.0,0.06,0.06,0.0,255,16,0.06,0.07,0.0,0.0,1.0,1.0,0.0,1,41652.0
0,1,22,9,262,5957,0,0,1,0,0,0,0,2,0.0,0.0,0.0,0.0,1.0,0.0,0.0,223,255,1.0,0.0,0.0,0.01,0.0,0.0,0.0,0,58863.0
0,1,22,9,189,296,0,0,1,0,0,0,0,16,0.0,0.0,0.0,0.0,1.0,0.0,0.17,224,255,1.0,0.0,0.0,0.02,0.0,0.0,0.0,0,11020.0
0,0,13,9,8,0,0,0,0,0,0,0,0,1,0.0,0.0,0.0,0.0,1.0,0.0,1.0,2,129,1.0,0.0,1.0,0.5,0.0,0.0,0.0,1,9846.0
0,1,46,5,0,0,0,0,0,0,0,0,0,128,1.0,1.0,0.0,0.0,0.07,0.05,0.0,255,12,0.05,0.06,0.0,0.0,1.0,1.0,0.0,1,125964.0
0,1,22,5,0,0,0,0,0,0,0,0,0,261,1.0,1.0,0.0,0.0,0.01,0.06,0.0,255,2,0.01,0.07,0.0,0.0,1.0,1.0,0.0,1,114307.0
0,1,22,9,230,389,0,0,1,0,0,0,0,1,0.0,0.0,0.0,0.0,1.0,0.0,0.0,10,255,1.0,0.0,0.1,0.01,0.0,0.0,0.0,0,44651.0
0,1,19,9,12,0,0,0,1,0,0,0,0,1,0.0,0.0,0.0,0.0,1.0,0.0,0.0,34,73,0.15,0.09,0.15,0.03,0.0,0.0,0.0,0,95314.0
0,1,22,9,248,6787,0,0,1,0,0,0,0,2,0.0,0.0,0.0,0.0,1.0,0.0,0.0,2,255,1.0,0.0,0.5,0.04,0.0,0.0,0.0,0,39343.0
0,1,46,5,0,0,0,0,0,0,0,0,0,292,1.0,1.0,0.0,0.0,0.06,0.06,0.0,255,28,0.11,0.06,0.0,0.0,1.0,1.0,0.0,1,63757.0
0,1,66,5,0,0,0,0,0,0,0,0,0,125,1.0,1.0,0.0,0.0,0.04,0.06,0.0,255,5,0.02,0.06,0.0,0.0,1.0,1.0,0.0,1,2976.0
0,1,22,9,198,1108,0,0,1,0,0,0,0,1,0.0,0.0,0.0,0.0,1.0,0.0,1.0,255,255,1.0,0.0,0.0,0.0,0.0,0.0,0.0,0,86410.0
1,1,51,9,1046,360,0,0,1,0,0,0,0,1,0.0,0.0,0.0,0.0,1.0,0.0,1.0,255,104,0.41,0.03,0.0,0.0,0.0,0.0,0.0,0,29281.0
0,1,20,5,0,0,0,0,0,0,0,0,0,233,1.0,1.0,0.0,0.0,0.07,0.06,0.0,255,4,0.02,0.08,0.0,0.0,1.0,1.0,0.0,1,27389.0
0,2,46,9,28,0,3,0,0,0,0,0,0,175,0.57,0.0,0.0,0.0,0.43,0.04,0.0,255,75,0.29,0.71,0.29,0.0,0.09,0.0,0.0,1,86871.0
0,1,22,1,0,0,0,0,0,0,0,0,0,1,0.0,0.0,1.0,1.0,1.0,0.0,0.0,19,255,1.0,0.0,0.05,0.13,0.0,0.0,0.65,0,56191.0
0,1,46,5,0,0,0,0,0,0,0,0,0,226,1.0,1.0,0.0,0.0,0.05,0.06,0.0,255,11,0.04,0.07,0.0,0.0,1.0,1.0,0.0,1,4175.0
0,1,22,7,359,0,0,2,1,0,0,0,0,1,1.0,0.67,0.0,0.0,1.0,0.0,0.67,2,255,1.0,0.0,0.5,0.03,0.5,0.01,0.0,0,94288.0
0,1,46,5,0,0,0,0,0,0,0,0,0,89,1.0,1.0,0.0,0.0,0.13,0.06,0.0,255,1,0.0,0.07,0.0,0.0,1.0,1.0,0.0,1,31839.0
0,2,11,9,42,147,0,0,0,0,0,0,0,76,0.0,0.0,0.0,0.0,1.0,0.0,0.01,255,255,1.0,0.0,0.0,0.0,0.0,0.0,0.0,0,9690.0
0,1,46,1,0,0,0,0,0,0,0,0,0,220,0.0,0.0,1.0,1.0,0.05,0.06,0.0,255,11,0.04,0.09,0.0,0.0,0.0,0.0,1.0,1,95926.0
0,1,22,1,0,0,0,0,0,0,0,0,0,1,0.0,0.0,1.0,1.0,1.0,0.0,0.0,3,255,1.0,0.0,0.33,0.17,0.0,0.0,0.86,0,20404.0
0,2,11,9,46,78,0,0,0,0,0,0,0,178,0.0,0.0,0.0,0.0,1.0,0.0,0.0,255,255,1.0,0.0,0.01,0.0,0.0,0.0,0.0,0,4852.0
0,1,22,5,0,0,0,0,0,0,0,0,0,2,1.0,1.0,0.0,0.0,0.5,1.0,0.0,244,61,0.25,0.02,0.0,0.0,0.99,1.0,0.0,1,106895.0
6349,1,0,4,922,6393,0,0,0,0,0,0,0,1,0.0,0.0,1.0,1.0,1.0,0.0,0.0,56,18,0.32,0.04,0.02,0.0,0.02,0.06,0.78,0,9086.0
0,1,22,9,221,944,0,0,1,0,0,0,0,5,0.0,0.0,0.0,0.0,1.0,0.0,0.33,255,255,1.0,0.0,0.0,0.0,0.0,0.0,0.0,0,62081.0
0,1,22,9,218,726,0,0,1,0,0,0,0,15,0.0,0.0,0.0,0.0,1.0,0.0,0.0,255,255,1.0,0.0,0.01,0.0,0.0,0.0,0.02,0,57850.0
0,1,66,5,0,0,0,0,0,0,0,0,0,142,1.0,1.0,0.0,0.0,0.01,0.06,0.0,255,2,0.01,0.07,0.0,0.0,1.0,1.0,0.0,1,87314.0
0,2,46,9,28,0,3,0,0,0,0,0,0,63,0.0,0.0,0.02,0.0,0.98,0.03,0.0,255,62,0.24,0.02,0.24,0.0,0.0,0.0,0.0,1,34796.0
0,1,46,5,0,0,0,0,0,0,0,0,0,62,1.0,1.0,0.0,0.0,0.29,0.06,0.0,255,20,0.08,0.08,0.0,0.0,1.0,1.0,0.0,1,19846.0
0,1,19,9,641,0,0,0,1,0,0,0,0,2,0.0,0.0,0.0,0.0,1.0,0.0,0.0,10,94,0.9,0.2,0.9,0.03,0.0,0.0,0.0,0,11698.0
0,1,46,5,0,0,0,0,0,0,0,0,0,253,1.0,1.0,0.0,0.0,0.02,0.07,0.0,255,6,0.02,0.07,0.0,0.0,1.0,1.0,0.0,1,66955.0
0,1,46,1,0,0,0,0,0,0,0,0,0,40,0.0,0.0,1.0,1.0,0.25,0.08,0.0,255,1,0.0,0.07,0.0,0.0,0.0,0.0,1.0,1,47687.0
0,1,51,9,730,326,0,0,1,0,0,0,0,1,0.0,0.0,0.0,0.0,1.0,0.0,0.0,10,49,1.0,0.0,0.1,0.04,0.0,0.0,0.0,0,40134.0
0,1,22,9,285,2612,0,0,1,0,0,0,0,2,0.0,0.0,0.0,0.0,1.0,0.0,0.0,165,255,1.0,0.0,0.01,0.01,0.0,0.0,0.0,0,113115.0
0,2,11,9,42,42,0,0,0,0,0,0,0,1,0.0,0.0,0.0,0.0,1.0,0.0,0.5,255,247,0.97,0.01,0.0,0.0,0.0,0.0,0.0,0,22011.0
0,1,5,5,0,0,0,0,0,0,0,0,0,24,1.0,1.0,0.0,0.0,0.38,0.12,0.0,255,9,0.04,0.07,0.0,0.0,1.0,1.0,0.0,1,101642.0
0,2,11,9,43,133,0,0,0,0,0,0,0,13,0.0,0.0,0.0,0.0,1.0,0.0,0.02,255,255,1.0,0.0,0.0,0.0,0.0,0.0,0.0,0,92981.0
0,1,46,5,0,0,0,0,0,0,0,0,0,247,1.0,1.0,0.0,0.0,0.08,0.06,0.0,255,7,0.03,0.07,0.0,0.0,1.0,1.0,0.0,1,84316.0
0,1,22,9,242,1579,0,0,1,0,0,0,0,29,0.0,0.0,0.0,0.0,1.0,0.0,0.07,255,255,1.0,0.0,0.0,0.0,0.0,0.0,0.0,0,79323.0
0,1,46,5,0,0,0,0,0,0,0,0,0,210,1.0,1.0,0.0,0.0,0.03,0.07,0.0,255,11,0.04,0.09,0.0,0.0,1.0,1.0,0.0,1,79598.0
0,1,46,4,0,0,0,0,0,0,0,0,0,1,0.0,0.0,1.0,1.0,1.0,0.0,0.0,208,1,0.0,0.22,0.19,0.0,0.0,0.0,1.0,1,28309.0
0,1,46,5,0,0,0,0,0,0,0,0,0,111,1.0,1.0,0.0,0.0,0.18,0.05,0.0,189,20,0.11,0.1,0.01,0.0,1.0,1.0,0.0,1,8816.0
0,2,40,9,48,48,0,0,0,0,0,0,0,1,0.0,0.0,0.0,0.0,1.0,0.0,0.0,255,32,0.13,0.01,0.13,0.0,0.0,0.0,0.0,0,117888.0
0,1,4,5,0,0,0,0,0,0,0,0,0,206,1.0,1.0,0.0,0.0,0.01,0.07,0.0,255,3,0.01,0.08,0.0,0.0,1.0,1.0,0.0,1,107886.0
0,0,14,9,1032,0,0,0,0,0,0,0,0,511,0.0,0.0,0.0,0.0,1.0,0.0,0.0,255,103,0.4,0.09,0.4,0.0,0.0,0.0,0.0,1,60507.0
0,1,22,9,225,1481,0,0,1,0,0,0,0,1,0.0,0.0,0.0,0.0,1.0,0.0,0.0,104,255,1.0,0.0,0.01,0.03,0.0,0.0,0.0,0,34541.0
0,1,19,5,0,0,0,0,0,0,0,0,0,145,1.0,1.0,0.0,0.0,0.06,0.06,0.0,255,9,0.04,0.07,0.0,0.0,1.0,1.0,0.0,1,125778.0
0,1,22,9,208,747,0,0,1,0,0,0,0,6,0.0,0.0,0.0,0.0,1.0,0.0,0.0,169,255,1.0,0.0,0.01,0.03,0.0,0.0,0.0,0,67954.0
0,1,22,9,205,181,0,0,1,0,0,0,0,8,0.0,0.0,0.0,0.0,1.0,0.0,0.0,8,172,1.0,0.0,0.12,0.01,0.0,0.0,0.0,0,125064.0
0,1,8,5,0,0,0,0,0,0,0,0,0,285,1.0,1.0,0.0,0.0,0.05,0.05,0.0,255,13,0.05,0.05,0.0,0.0,1.0,1.0,0.0,1,84826.0
0,1,46,5,0,0,0,0,0,0,0,0,0,209,1.0,1.0,0.0,0.0,0.1,0.05,0.0,255,3,0.01,0.07,0.0,0.0,1.0,1.0,0.0,1,53012.0
0,1,22,9,219,7734,0,0,1,0,0,0,0,7,0.0,0.0,0.0,0.0,1.0,0.0,0.0,7,255,1.0,0.0,0.14,0.07,0.0,0.0,0.0,0,15977.0
0,1,46,5,0,0,0,0,0,0,0,0,0,230,1.0,1.0,0.0,0.0,0.01,0.05,0.0,91,3,0.03,0.11,0.01,0.0,0.85,1.0,0.0,1,29455.0
0,1,18,5,0,0,0,0,0,0,0,0,0,208,1.0,1.0,0.0,0.0,0.02,0.07,0.0,255,4,0.02,0.07,0.0,0.0,1.0,1.0,0.0,1,70074.0
0,1,22,9,433,8113,0,0,1,0,0,0,0,5,0.0,0.0,0.0,0.0,1.0,0.0,0.29,255,255,1.0,0.0,0.0,0.0,0.0,0.0,0.02,0,49218.0
0,1,36,5,0,0,0,0,0,0,0,0,0,240,1.0,1.0,0.0,0.0,0.01,0.07,0.0,255,2,0.01,0.07,0.0,0.0,1.0,1.0,0.0,1,8945.0
0,1,24,1,0,0,0,0,0,0,0,0,0,149,0.0,0.0,1.0,1.0,0.05,0.06,0.0,255,8,0.03,0.06,0.0,0.0,0.0,0.0,1.0,1,65719.0
0,1,22,9,238,17068,0,0,1,0,0,0,0,11,0.0,0.0,0.0,0.0,1.0,0.0,0.15,11,255,1.0,0.0,0.09,0.01,0.0,0.0,0.0,0,35718.0
4545,2,41,9,147,105,0,0,0,0,0,0,0,1,0.0,0.0,0.0,0.0,1.0,0.0,0.0,255,3,0.01,0.57,0.92,0.0,0.0,0.0,0.0,0,18281.0
0,1,46,5,0,0,0,0,0,0,0,0,0,116,1.0,1.0,0.0,0.0,0.14,0.06,0.0,255,8,0.03,0.07,0.0,0.0,1.0,1.0,0.0,1,111933.0
0,1,22,9,311,304,0,0,1,0,0,0,0,15,0.0,0.0,0.0,0.0,1.0,0.0,0.0,21,255,1.0,0.0,0.05,0.09,0.0,0.0,0.0,0,35073.0
0,1,46,5,0,0,0,0,0,0,0,0,0,259,1.0,1.0,0.0,0.0,0.04,0.05,0.0,200,10,0.05,0.06,0.0,0.0,0.93,1.0,0.0,1,2252.0
0,1,22,9,262,3315,0,0,1,0,0,0,0,1,0.0,0.0,0.0,0.0,1.0,0.0,0.0,76,255,1.0,0.0,0.01,0.03,0.0,0.0,0.0,0,121367.0
0,1,22,9,234,809,0,0,1,0,0,0,0,1,0.0,0.0,0.0,0.0,1.0,0.0,0.0,1,255,1.0,0.0,1.0,0.04,0.0,0.0,0.0,0,91550.0
0,1,22,9,211,1227,0,0,1,0,0,0,0,3,0.33,0.33,0.0,0.0,1.0,0.0,0.0,35,35,1.0,0.0,0.03,0.0,0.03,0.03,0.91,0,102378.0
0,2,41,9,146,0,0,0,0,0,0,0,0,1,0.0,0.0,0.0,0.0,1.0,0.0,0.0,255,2,0.01,0.84,1.0,0.0,0.0,0.0,0.0,0,41054.0
0,2,11,9,46,127,0,0,0,0,0,0,0,88,0.0,0.0,0.0,0.0,1.0,0.0,0.02,255,254,1.0,0.01,0.0,0.0,0.0,0.0,0.0,0,30908.0
0,1,46,1,0,0,0,0,0,0,0,0,0,244,0.0,0.0,1.0,1.0,0.01,0.07,0.0,255,2,0.01,0.09,0.0,0.0,0.0,0.0,1.0,1,23468.0
0,1,22,9,329,453,0,0,1,0,0,0,0,2,0.0,0.0,0.0,0.0,1.0,0.0,0.0,7,255,1.0,0.0,0.14,0.03,0.0,0.0,0.0,0,9792.0
0,1,16,5,0,0,0,0,0,0,0,0,0,27,1.0,1.0,0.0,0.0,0.19,0.11,0.0,255,5,0.02,0.07,0.0,0.0,1.0,1.0,0.0,1,76512.0
0,1,46,5,0,0,0,0,0,0,0,0,0,83,1.0,1.0,0.0,0.0,0.16,0.06,0.0,255,14,0.05,0.07,0.0,0.0,1.0,1.0,0.0,1,76716.0
0,0,13,9,8,0,0,0,0,0,0,0,0,1,0.0,0.0,0.0,0.0,1.0,0.0,1.0,4,88,1.0,0.0,1.0,0.25,0.0,0.0,0.0,1,121458.0
0,2,46,9,1,0,0,0,0,0,0,0,0,37,0.0,0.0,0.0,0.0,0.35,0.08,0.0,255,19,0.07,0.84,0.17,0.0,0.1,0.0,0.0,1,50555.0
2,1,51,9,1594,334,0,0,1,0,0,0,0,1,0.0,0.0,0.0,0.0,1.0,0.0,0.0,13,81,1.0,0.0,0.08,0.02,0.0,0.0,0.0,0,21527.0
0,1,22,9,54540,8314,0,2,1,1,0,0,0,5,0.0,0.0,0.0,0.0,1.0,0.0,0.16,59,59,1.0,0.0,0.02,0.0,0.02,0.02,0.02,1,58157.0
0,1,46,5,0,0,0,0,0,0,0,0,0,225,1.0,1.0,0.0,0.0,0.04,0.06,0.0,255,1,0.0,0.07,0.0,0.0,1.0,1.0,0.0,1,60998.0
3320,2,41,9,147,105,0,0,0,0,0,0,0,6,0.0,0.0,0.0,0.0,0.33,0.5,0.0,255,2,0.01,0.42,0.93,0.0,0.0,0.0,0.0,0,103465.0
0,2,11,9,44,44,0,0,0,0,0,0,0,172,0.0,0.0,0.0,0.0,1.0,0.0,0.0,255,255,1.0,0.0,0.01,0.0,0.0,0.0,0.0,0,116404.0
0,1,22,9,224,1155,0,0,1,0,0,0,0,26,0.0,0.0,0.0,0.0,1.0,0.0,0.07,255,255,1.0,0.0,0.0,0.0,0.0,0.0,0.0,0,7777.0
0,1,51,9,7780,375,0,0,1,0,0,0,0,1,0.0,0.0,0.0,0.0,1.0,0.0,0.0,93,132,0.39,0.05,0.01,0.02,0.0,0.0,0.0,0,73703.0
0,0,14,9,1032,0,0,0,0,0,0,0,0,511,0.0,0.0,0.0,0.0,1.0,0.0,0.0,255,37,0.15,0.21,0.15,0.0,0.0,0.0,0.0,1,87424.0
1,1,51,9,1645,367,0,0,1,0,0,0,0,1,0.0,0.0,0.0,0.0,1.0,0.0,1.0,38,246,1.0,0.0,0.03,0.01,0.0,0.0,0.0,0,88690.0
0,1,22,9,303,1540,0,0,1,0,0,0,0,18,0.0,0.0,0.0,0.0,1.0,0.0,0.11,255,255,1.0,0.0,0.0,0.0,0.0,0.0,0.0,0,110335.0
0,1,22,9,343,1948,0,0,1,0,0,0,0,5,0.0,0.0,0.0,0.0,1.0,0.0,0.16,81,255,1.0,0.0,0.01,0.03,0.0,0.0,0.0,0,43034.0
0,0,14,9,1032,0,0,0,0,0,0,0,0,82,0.0,0.0,0.0,0.0,1.0,0.0,0.0,255,82,0.32,0.02,0.32,0.0,0.0,0.0,0.0,1,74194.0
0,1,22,9,219,882,0,0,1,0,0,0,0,14,0.0,0.0,0.0,0.0,1.0,0.0,0.0,14,255,1.0,0.0,0.07,0.02,0.0,0.0,0.0,0,27022.0
3,1,46,1,0,0,0,0,0,0,0,0,0,230,0.04,0.0,0.93,1.0,0.0,1.0,0.0,255,1,0.0,0.93,0.0,0.0,0.04,0.0,1.0,1,108269.0
0,1,46,5,0,0,0,0,0,0,0,0,0,111,1.0,1.0,0.0,0.0,0.06,0.07,0.0,255,8,0.03,0.07,0.0,0.0,1.0,1.0,0.0,1,112321.0
0,1,51,9,1259,331,0,0,1,0,0,0,0,1,0.0,0.0,0.0,0.0,1.0,0.0,0.0,240,116,0.48,0.03,0.0,0.0,0.0,0.0,0.0,0,120171.0
0,1,22,9,205,791,0,0,1,0,0,0,0,19,0.0,0.0,0.0,0.0,1.0,0.0,0.0,43,255,1.0,0.0,0.02,0.04,0.0,0.0,0.0,0,16574.0
14098,1,41,4,1,0,0,0,0,0,0,0,0,2,0.0,0.0,1.0,1.0,1.0,0.0,0.0,255,2,0.01,0.68,1.0,0.0,0.0,0.0,1.0,1,40622.0
0,1,22,1,0,0,0,0,0,0,0,0,0,33,0.0,0.0,0.85,0.85,1.0,0.0,0.0,79,255,1.0,0.0,0.01,0.11,0.0,0.0,0.81,0,60429.0
0,1,22,9,236,660,0,0,1,0,0,0,0,11,0.0,0.0,0.0,0.0,1.0,0.0,0.14,32,255,1.0,0.0,0.03,0.03,0.0,0.0,0.0,0,110329.0
0,2,11,9,44,130,0,0,0,0,0,0,0,267,0.0,0.0,0.0,0.0,1.0,0.0,0.0,255,251,0.98,0.01,0.0,0.0,0.0,0.0,0.0,0,17582.0
0,0,13,9,8,0,0,0,0,0,0,0,0,1,0.0,0.0,0.0,0.0,1.0,0.0,1.0,1,79,1.0,0.0,1.0,0.51,0.0,0.0,0.0,1,90816.0
0,1,22,9,334,17149,0,0,1,0,0,0,0,3,0.0,0.0,0.0,0.0,1.0,0.0,0.0,32,255,1.0,0.0,0.03,0.04,0.0,0.0,0.0,0,54957.0
0,1,22,9,213,2861,0,0,1,0,0,0,0,17,0.0,0.0,0.0,0.0,1.0,0.0,0.0,242,255,1.0,0.0,0.0,0.01,0.0,0.0,0.0,0,90799.0
0,0,13,9,8,0,0,0,0,0,0,0,0,1,0.0,0.0,0.0,0.0,1.0,0.0,1.0,1,225,1.0,0.0,1.0,0.25,0.0,0.0,0.0,1,31069.0
0,1,22,9,203,1304,0,0,1,0,0,0,0,10,0.0,0.0,0.0,0.0,1.0,0.0,0.27,30,255,1.0,0.0,0.03,0.04,0.0,0.0,0.0,0,48990.0
0,1,46,5,0,0,0,0,0,0,0,0,0,233,1.0,1.0,0.0,0.0,0.08,0.06,0.0,255,4,0.02,0.08,0.0,0.0,1.0,1.0,0.0,1,58654.0
0,1,46,5,0,0,0,0,0,0,0,0,0,107,1.0,1.0,0.0,0.0,0.13,0.06,0.0,255,19,0.07,0.06,0.0,0.0,1.0,1.0,0.0,1,3711.0
0,1,22,5,204,0,0,0,0,0,0,0,0,2,0.5,0.2,0.0,0.0,1.0,0.0,0.4,3,255,1.0,0.0,0.67,0.04,0.33,0.0,0.0,0,41343.0
0,1,46,5,0,0,0,0,0,0,0,0,0,284,1.0,1.0,0.0,0.0,0.06,0.06,0.0,255,7,0.03,0.06,0.0,0.0,1.0,1.0,0.0,1,17197.0
0,1,46,5,0,0,0,0,0,0,0,0,0,37,1.0,1.0,0.0,0.0,0.14,0.16,0.0,255,11,0.04,0.08,0.0,0.0,1.0,1.0,0.0,1,74966.0
0,2,11,9,46,75,0,0,0,0,0,0,0,261,0.0,0.0,0.0,0.0,1.0,0.01,0.0,255,254,1.0,0.01,0.0,0.0,0.0,0.0,0.0,0,101957.0
0,1,19,9,334,0,0,0,1,0,0,0,0,2,0.0,0.0,0.0,0.0,1.0,0.0,0.0,8,49,1.0,0.0,1.0,0.14,0.0,0.0,0.0,1,85544.0
21,1,51,9,1985,333,0,0,1,0,0,0,0,1,0.0,0.0,0.0,0.0,1.0,0.0,1.0,2,2,1.0,0.0,0.5,0.0,0.0,0.0,0.0,0,37047.0
0,1,22,9,233,32439,0,0,1,0,0,0,0,1,0.0,0.0,0.0,0.0,1.0,0.0,0.0,37,255,1.0,0.0,0.03,0.01,0.0,0.0,0.0,0,31446.0
0,2,11,9,46,76,0,0,0,0,0,0,0,212,0.0,0.0,0.0,0.0,1.0,0.0,0.0,255,254,1.0,0.01,0.0,0.0,0.0,0.0,0.0,0,48536.0
0,1,51,9,13823,1874,0,0,1,0,0,0,0,1,0.0,0.0,0.0,0.0,1.0,0.0,0.0,109,209,0.85,0.04,0.01,0.01,0.0,0.0,0.0,0,116726.0
0,1,22,9,304,420,0,0,1,0,0,0,0,4,0.0,0.0,0.0,0.0,1.0,0.0,0.0,255,255,1.0,0.0,0.0,0.0,0.0,0.0,0.0,0,32510.0
0,1,46,1,0,0,0,0,0,0,0,0,0,118,0.0,0.0,1.0,1.0,0.03,0.07,0.0,93,4,0.04,0.09,0.01,0.0,0.0,0.0,1.0,1,21618.0
0,1,22,9,341,250,0,0,1,0,0,0,0,4,0.0,0.0,0.0,0.0,1.0,0.0,0.0,39,255,1.0,0.0,0.03,0.03,0.0,0.01,0.0,0,39172.0
7,1,46,4,0,0,0,0,0,0,0,0,0,2,0.0,0.0,1.0,1.0,1.0,0.0,0.0,255,2,0.01,0.82,1.0,0.0,0.0,0.0,1.0,1,25616.0
0,1,24,5,0,0,0,0,0,0,0,0,0,126,1.0,1.0,0.0,0.0,0.03,0.06,0.0,255,4,0.02,0.07,0.0,0.0,1.0,1.0,0.0,1,42952.0
0,1,9,5,0,0,0,0,0,0,0,0,0,119,1.0,1.0,0.0,0.0,0.09,0.06,0.0,255,5,0.02,0.06,0.0,0.0,1.0,1.0,0.0,1,28977.0
0,1,22,9,222,6602,0,0,1,0,0,0,0,11,0.0,0.0,0.0,0.0,1.0,0.0,0.0,255,255,1.0,0.0,0.0,0.0,0.0,0.0,0.0,0,112294.0
0,2,11,9,36,0,0,0,0,0,0,0,0,7,0.0,0.0,0.0,0.0,1.0,0.0,0.0,20,79,1.0,0.0,1.0,0.03,0.0,0.0,0.0,0,3453.0
0,1,22,9,220,846,0,0,1,0,0,0,0,2,0.0,0.0,0.0,0.0,1.0,0.0,0.24,2,255,1.0,0.0,0.5,0.04,0.0,0.01,0.0,0,54720.0
0,2,11,9,44,127,0,0,0,0,0,0,0,79,0.0,0.0,0.0,0.0,1.0,0.0,0.03,255,255,1.0,0.0,0.0,0.0,0.0,0.0,0.0,0,69179.0
0,0,13,9,8,0,0,0,0,0,0,0,0,1,0.0,0.0,0.0,0.0,1.0,0.0,1.0,1,129,1.0,0.0,1.0,0.51,0.0,0.0,0.0,1,29156.0
0,1,46,10,0,0,0,0,0,0,0,0,0,1,1.0,1.0,0.0,0.0,1.0,0.0,0.0,92,1,0.01,0.89,0.91,0.0,0.91,1.0,0.0,1,114166.0
0,1,24,5,0,0,0,0,0,0,0,0,0,38,1.0,1.0,0.0,0.0,0.05,0.13,0.0,255,2,0.01,0.08,0.0,0.0,1.0,1.0,0.0,1,42782.0
0,1,52,1,0,0,0,0,0,0,0,0,0,229,0.0,0.0,1.0,1.0,0.07,0.07,0.0,255,17,0.07,0.08,0.0,0.0,0.0,0.0,1.0,1,80150.0
0,1,51,9,1452,329,0,0,1,0,0,0,0,1,0.0,0.0,0.0,0.0,1.0,0.0,1.0,141,168,0.66,0.03,0.01,0.01,0.01,0.01,0.0,0,95636.0
1,1,51,9,1403,337,0,0,1,0,0,0,0,1,0.0,0.0,0.0,0.0,1.0,0.0,0.0,59,177,0.71,0.07,0.02,0.01,0.0,0.0,0.0,0,18183.0
1,1,51,9,1166,364,0,0,1,0,0,0,0,2,0.0,0.0,0.0,0.0,0.5,1.0,0.0,230,188,0.74,0.02,0.0,0.01,0.0,0.0,0.0,0,47363.0
0,2,46,9,105,147,0,0,0,0,0,0,0,1,0.0,0.0,0.0,0.0,1.0,0.0,0.0,87,86,0.99,0.02,0.01,0.0,0.0,0.0,0.0,0,45724.0
0,1,22,9,180,1445,0,0,1,0,0,0,0,7,0.0,0.0,0.0,0.0,1.0,0.0,0.14,7,255,1.0,0.0,0.14,0.02,0.0,0.0,0.0,0,74954.0
0,1,46,5,0,0,0,0,0,0,0,0,0,120,1.0,1.0,0.0,0.0,0.08,0.07,0.0,255,10,0.04,0.09,0.0,0.0,1.0,1.0,0.0,1,113206.0
0,1,17,9,9,272,0,0,0,0,0,0,0,1,0.0,0.0,0.0,0.0,1.0,0.0,0.0,255,6,0.02,0.02,0.0,0.0,0.0,0.0,0.0,0,63260.0
0,2,41,9,146,0,0,0,0,0,0,0,0,1,0.0,0.0,0.0,0.0,1.0,0.0,0.0,186,1,0.01,0.54,0.8,0.0,0.0,0.0,0.0,0,100475.0
0,1,22,9,235,26456,0,0,1,0,0,0,0,5,0.0,0.0,0.0,0.0,1.0,0.0,0.0,175,255,1.0,0.0,0.01,0.02,0.0,0.0,0.0,0,115531.0
0,2,11,9,45,114,0,0,0,0,0,0,0,1,0.0,0.0,0.0,0.0,1.0,0.0,1.0,255,250,0.98,0.01,0.0,0.0,0.0,0.0,0.0,0,66416.0
0,1,46,5,0,0,0,0,0,0,0,0,0,135,1.0,1.0,0.0,0.0,0.13,0.05,0.0,255,33,0.13,0.05,0.0,0.0,1.0,1.0,0.0,1,48915.0
0,0,14,9,1480,0,1,0,0,0,0,0,0,1,0.0,0.0,0.0,0.0,1.0,0.0,0.0,1,1,1.0,0.0,1.0,0.0,0.0,0.0,0.0,0,108751.0
0,1,56,5,0,0,0,0,0,0,0,0,0,262,1.0,1.0,0.0,0.0,0.03,0.07,0.0,255,13,0.05,0.08,0.0,0.0,1.0,1.0,0.0,1,86208.0
0,1,22,9,153,34719,0,0,1,0,0,0,0,1,0.0,0.0,0.0,0.0,1.0,0.0,0.0,255,255,1.0,0.0,0.0,0.0,0.0,0.0,0.0,0,65823.0
0,2,41,9,1,0,0,0,0,0,0,0,0,17,0.0,0.0,0.0,0.0,0.06,0.47,0.0,255,1,0.0,0.25,1.0,0.0,0.0,0.0,0.0,1,60177.0
0,1,22,9,347,2313,0,0,1,0,0,0,0,18,0.0,0.0,0.0,0.0,1.0,0.0,0.0,255,255,1.0,0.0,0.0,0.0,0.0,0.0,0.0,0,93480.0
0,1,46,5,0,0,0,0,0,0,0,0,0,137,1.0,1.0,0.0,0.0,0.12,0.06,0.0,86,17,0.2,0.08,0.01,0.0,1.0,1.0,0.0,1,96704.0
2,1,60,9,0,4,0,0,0,0,0,0,0,1,0.0,0.0,0.0,0.0,1.0,0.0,0.0,10,10,1.0,0.0,0.1,0.0,0.0,0.0,0.0,0,82907.0
0,1,22,9,318,428,0,0,1,0,0,0,0,2,0.0,0.0,0.0,0.0,1.0,0.0,0.67,51,255,1.0,0.0,0.02,0.05,0.0,0.0,0.0,0,88870.0
0,1,22,9,251,1981,0,0,1,0,0,0,0,2,0.0,0.0,0.0,0.0,1.0,0.0,0.0,223,255,1.0,0.0,0.0,0.01,0.0,0.0,0.0,0,1066.0
0,1,22,9,282,13664,0,0,1,0,0,0,0,9,0.0,0.0,0.0,0.0,1.0,0.0,0.0,93,255,1.0,0.0,0.01,0.03,0.0,0.0,0.0,0,51591.0
0,2,11,9,44,70,0,0,0,0,0,0,0,187,0.0,0.0,0.0,0.0,1.0,0.0,0.0,255,254,1.0,0.01,0.0,0.0,0.0,0.0,0.0,0,110339.0
13388,1,41,4,1,0,0,0,0,0,0,0,0,2,0.0,0.0,1.0,1.0,1.0,0.0,0.0,255,2,0.01,0.68,1.0,0.0,0.0,0.0,1.0,1,101604.0
0,0,13,9,20,0,0,0,0,0,0,0,0,1,0.0,0.0,0.0,0.0,1.0,0.0,0.0,88,4,0.05,0.06,0.05,0.0,0.0,0.0,0.0,1,6107.0
0,1,22,9,289,2111,0,0,1,0,0,0,0,3,0.0,0.0,0.0,0.0,1.0,0.0,0.5,255,255,1.0,0.0,0.0,0.0,0.0,0.0,0.0,0,118008.0
0,1,22,9,243,258,0,0,1,0,0,0,0,27,0.0,0.0,0.0,0.0,1.0,0.0,0.07,255,255,1.0,0.0,0.0,0.0,0.0,0.0,0.0,0,95171.0
1667,2,41,9,146,105,0,0,0,0,0,0,0,3,0.0,0.0,0.0,0.0,0.67,0.67,0.0,255,2,0.01,0.43,0.7,0.0,0.0,0.0,0.0,0,66457.0
0,1,63,5,0,0,0,0,0,0,0,0,0,18,1.0,1.0,0.0,0.0,0.44,0.17,0.0,255,8,0.03,0.07,0.0,0.0,1.0,1.0,0.0,1,67428.0
0,1,22,9,303,2239,0,0,1,0,0,0,0,6,0.0,0.0,0.0,0.0,1.0,0.0,0.0,168,164,0.98,0.01,0.01,0.0,0.0,0.0,0.0,0,57885.0
0,1,46,5,0,0,0,0,0,0,0,0,0,108,1.0,1.0,0.0,0.0,0.15,0.06,0.0,255,7,0.03,0.08,0.0,0.0,1.0,1.0,0.0,1,72948.0
6,2,11,9,77,42,0,0,0,0,0,0,0,3,0.0,0.0,0.0,0.0,1.0,0.0,0.5,255,252,0.99,0.01,0.03,0.0,0.0,0.0,0.0,0,117583.0
0,1,26,5,0,0,0,0,0,0,0,0,0,280,1.0,1.0,0.0,0.0,0.06,0.05,0.0,255,16,0.06,0.05,0.0,0.0,1.0,1.0,0.0,1,118910.0
0,1,22,9,208,2241,0,0,1,0,0,0,0,13,0.0,0.0,0.0,0.0,1.0,0.0,0.0,13,255,1.0,0.0,0.08,0.05,0.0,0.0,0.0,0,23792.0
0,1,3,5,0,0,0,0,0,0,0,0,0,239,1.0,1.0,0.0,0.0,0.02,0.07,0.0,255,5,0.02,0.07,0.0,0.0,1.0,1.0,0.0,1,39486.0
0,1,22,9,340,805,0,0,1,0,0,0,0,22,0.0,0.0,0.0,0.0,1.0,0.0,0.0,218,255,1.0,0.0,0.0,0.01,0.0,0.0,0.0,0,18228.0
0,1,22,9,218,1066,0,0,1,0,0,0,0,11,0.0,0.0,0.0,0.0,1.0,0.0,0.0,255,255,1.0,0.0,0.0,0.0,0.0,0.0,0.0,0,84917.0
0,1,19,5,0,0,0,0,0,0,0,0,0,250,1.0,1.0,0.0,0.0,0.08,0.06,0.0,255,20,0.08,0.07,0.0,0.0,1.0,1.0,0.0,1,93238.0
0,0,13,9,8,0,0,0,0,0,0,0,0,1,0.0,0.0,0.0,0.0,1.0,0.0,1.0,2,122,1.0,0.0,1.0,0.5,0.0,0.0,0.0,1,92211.0
0,1,46,1,0,0,0,0,0,0,0,0,0,78,0.0,0.0,1.0,1.0,0.14,0.06,0.0,255,11,0.04,0.05,0.0,0.0,0.0,0.0,1.0,1,68751.0
0,2,11,9,46,172,0,0,0,0,0,0,0,73,0.0,0.0,0.0,0.0,1.0,0.0,0.01,255,254,1.0,0.01,0.0,0.0,0.0,0.0,0.0,0,38497.0
0,1,22,9,210,761,0,0,1,0,0,0,0,2,0.0,0.0,0.0,0.0,1.0,0.0,0.5,175,255,1.0,0.0,0.01,0.01,0.0,0.0,0.0,0,58682.0
0,1,46,5,0,0,0,0,0,0,0,0,0,150,1.0,1.0,0.0,0.0,0.07,0.06,0.0,255,17,0.07,0.07,0.0,0.0,1.0,1.0,0.0,1,45315.0
0,0,13,9,8,0,0,0,0,0,0,0,0,1,0.0,0.0,0.0,0.0,1.0,0.0,1.0,1,85,1.0,0.0,1.0,0.51,0.0,0.0,0.0,1,51970.0
0,1,22,9,287,12884,0,0,1,0,0,0,0,5,0.2,0.11,0.0,0.06,1.0,0.0,0.28,62,62,1.0,0.0,0.02,0.0,0.02,0.02,0.0,0,30288.0
0,1,19,9,9198,0,0,0,1,0,0,0,0,12,0.0,0.0,0.0,0.0,1.0,0.0,0.0,63,89,0.29,0.11,0.29,0.03,0.0,0.01,0.0,0,67469.0
0,1,22,9,146,16199,0,0,1,0,0,0,0,1,0.0,0.0,0.0,0.0,1.0,0.0,0.0,3,255,1.0,0.0,0.33,0.04,0.0,0.0,0.0,0,118584.0
0,2,11,9,45,73,0,0,0,0,0,0,0,146,0.0,0.0,0.0,0.0,1.0,0.0,0.0,255,202,0.79,0.01,0.0,0.0,0.0,0.0,0.0,0,83764.0
8,1,41,4,0,0,0,0,0,0,0,0,0,2,0.0,0.0,1.0,1.0,1.0,0.0,0.0,255,2,0.01,0.71,1.0,0.0,0.0,0.0,1.0,1,121883.0
0,0,14,9,520,0,0,0,0,0,0,0,0,449,0.0,0.0,0.0,0.0,1.0,0.0,0.0,235,235,1.0,0.0,1.0,0.0,0.0,0.0,0.0,1,63457.0
0,0,13,9,8,0,0,0,0,0,0,0,0,1,0.0,0.0,0.0,0.0,1.0,0.0,0.0,3,211,1.0,0.0,1.0,0.25,0.0,0.0,0.0,1,113288.0
0,2,11,9,46,128,0,0,0,0,0,0,0,289,0.0,0.0,0.0,0.0,1.0,0.0,0.0,255,251,0.98,0.01,0.0,0.0,0.0,0.0,0.0,0,13348.0
0,0,14,9,520,0,0,0,0,0,0,0,0,485,0.0,0.0,0.0,0.0,1.0,0.0,0.0,116,116,1.0,0.0,1.0,0.0,0.0,0.0,0.0,1,92521.0
0,1,4,5,0,0,0,0,0,0,0,0,0,225,1.0,1.0,0.0,0.0,0.09,0.06,0.0,255,1,0.0,0.09,0.0,0.0,1.0,1.0,0.0,1,9798.0
0,1,22,1,0,0,0,0,0,0,0,0,0,299,0.0,0.0,1.0,1.0,0.07,0.06,0.0,255,20,0.08,0.07,0.0,0.0,0.0,0.0,1.0,1,51488.0
0,1,22,9,263,155,0,0,1,0,0,0,0,1,0.0,0.0,0.0,0.0,1.0,0.0,0.0,7,255,1.0,0.0,0.14,0.05,0.0,0.01,0.02,0,53833.0
0,1,41,1,0,0,0,0,0,0,0,0,0,419,0.06,0.0,0.9,1.0,0.0,1.0,0.0,255,1,0.0,1.0,0.0,0.0,0.08,0.0,1.0,1,18756.0
0,1,15,5,0,0,0,0,0,0,0,0,0,120,1.0,1.0,0.0,0.0,0.03,0.06,0.0,255,3,0.01,0.07,0.0,0.0,1.0,1.0,0.0,1,31378.0
0,1,51,9,759,329,0,0,1,0,0,0,0,1,0.0,0.0,0.0,0.0,1.0,0.0,1.0,197,135,0.64,0.03,0.01,0.01,0.0,0.0,0.0,0,101098.0
0,1,0,6,44912,48247,0,0,1,0,0,0,0,1,1.0,1.0,0.0,0.0,1.0,0.0,0.0,72,11,0.15,0.03,0.01,0.0,0.12,0.82,0.0,0,70823.0
0,1,22,9,221,7637,0,0,1,0,0,0,0,26,0.0,0.0,0.0,0.0,1.0,0.0,0.0,82,255,1.0,0.0,0.01,0.04,0.01,0.01,0.0,0,14838.0
8,1,18,9,6,54,0,0,0,0,0,0,0,79,0.0,0.0,0.92,0.0,0.01,1.0,0.0,204,3,0.01,0.43,0.0,0.0,0.0,0.0,0.0,1,64733.0
0,1,22,9,192,2241,0,0,1,0,0,0,0,12,0.0,0.0,0.0,0.0,1.0,0.0,0.2,116,255,1.0,0.0,0.01,0.02,0.0,0.0,0.0,0,110020.0
0,1,57,5,0,0,0,0,0,0,0,0,0,9,1.0,1.0,0.0,0.0,0.33,0.44,0.0,255,66,0.26,0.02,0.01,0.0,1.0,1.0,0.0,1,95803.0
0,1,19,5,0,0,0,0,0,0,0,0,0,256,1.0,1.0,0.0,0.0,0.06,0.05,0.0,255,7,0.03,0.07,0.0,0.0,1.0,1.0,0.0,1,11352.0
0,1,46,5,0,0,0,0,0,0,0,0,0,242,1.0,1.0,0.0,0.0,0.04,0.06,0.0,255,14,0.05,0.06,0.0,0.0,1.0,1.0,0.0,1,123091.0
36550,1,46,4,1,0,0,0,0,0,0,0,0,2,0.0,0.0,1.0,1.0,1.0,0.0,0.0,255,2,0.01,0.5,1.0,0.0,0.0,0.0,1.0,1,73756.0
1,1,51,9,835,401,0,0,1,0,0,0,0,1,0.0,0.0,0.0,0.0,1.0,0.0,1.0,72,55,0.76,0.08,0.01,0.0,0.0,0.0,0.0,0,107627.0
27,2,11,9,42,42,0,0,0,0,0,0,0,5,0.0,0.0,0.0,0.0,1.0,0.0,0.33,255,250,0.98,0.01,0.01,0.0,0.0,0.0,0.0,0,64469.0
0,1,22,9,218,1257,0,0,1,0,0,0,0,7,0.0,0.0,0.0,0.0,1.0,0.0,0.0,61,255,1.0,0.0,0.02,0.03,0.0,0.0,0.0,0,96071.0
0,0,14,9,520,0,0,0,0,0,0,0,0,463,0.0,0.0,0.0,0.0,1.0,0.0,0.0,27,27,1.0,0.0,1.0,0.0,0.0,0.0,0.0,1,67957.0
0,1,22,9,321,2714,0,0,1,0,0,0,0,9,0.0,0.0,0.0,0.0,1.0,0.0,0.0,255,255,1.0,0.0,0.0,0.0,0.0,0.0,0.0,0,19487.0
0,1,25,5,0,0,0,0,0,0,0,0,0,284,1.0,1.0,0.0,0.0,0.05,0.06,0.0,255,13,0.05,0.06,0.0,0.0,1.0,1.0,0.0,1,43632.0
0,1,5,5,0,0,0,0,0,0,0,0,0,147,1.0,1.0,0.0,0.0,0.1,0.05,0.0,255,15,0.06,0.06,0.0,0.0,1.0,1.0,0.0,1,91913.0
0,1,27,5,0,0,0,0,0,0,0,0,0,150,1.0,1.0,0.0,0.0,0.13,0.05,0.0,255,20,0.08,0.07,0.0,0.0,1.0,1.0,0.0,1,26703.0
0,1,22,9,54540,8314,0,2,1,1,0,0,0,3,0.0,0.0,0.0,0.0,1.0,0.0,0.0,6,6,1.0,0.0,0.17,0.0,0.0,0.0,0.0,1,93919.0
0,1,25,5,0,0,0,0,0,0,0,0,0,204,1.0,1.0,0.0,0.0,0.02,0.06,0.0,255,16,0.06,0.07,0.0,0.0,1.0,1.0,0.0,1,20131.0
0,1,5,5,0,0,0,0,0,0,0,0,0,150,1.0,1.0,0.0,0.0,0.13,0.05,0.0,255,20,0.08,0.05,0.0,0.0,1.0,1.0,0.0,1,60099.0
0,1,26,1,0,0,0,0,0,0,0,0,0,256,0.0,0.0,1.0,1.0,0.01,0.07,0.0,255,3,0.01,0.08,0.0,0.0,0.0,0.0,1.0,1,85904.0
0,1,36,5,0,0,0,0,0,0,0,0,0,229,1.0,1.0,0.0,0.0,0.05,0.06,0.0,255,11,0.04,0.07,0.0,0.0,1.0,1.0,0.0,1,66115.0
0,1,7,5,0,0,0,0,0,0,0,0,0,142,1.0,1.0,0.0,0.0,0.02,0.06,0.0,255,3,0.01,0.07,0.0,0.0,1.0,1.0,0.0,1,4892.0
0,1,6,5,0,0,0,0,0,0,0,0,0,282,1.0,1.0,0.0,0.0,0.01,0.05,0.0,255,2,0.01,0.05,0.0,0.0,1.0,1.0,0.0,1,31110.0
0,2,11,9,44,111,0,0,0,0,0,0,0,199,0.0,0.0,0.0,0.0,0.99,0.01,0.01,255,255,1.0,0.0,0.0,0.0,0.0,0.0,0.0,0,4584.0
0,1,17,2,0,0,0,0,0,0,0,0,0,243,0.0,0.0,1.0,1.0,0.08,0.07,0.0,255,19,0.07,0.07,0.0,0.0,0.0,0.0,1.0,1,61131.0
0,1,22,9,217,2991,0,0,1,0,0,0,0,12,0.0,0.0,0.0,0.0,1.0,0.0,0.1,255,255,1.0,0.0,0.01,0.0,0.0,0.0,0.0,0,105149.0
0,1,22,9,324,369,0,0,1,0,0,0,0,8,0.0,0.0,0.0,0.0,1.0,0.0,0.22,8,255,1.0,0.0,0.12,0.02,0.0,0.0,0.0,0,78326.0
1190,2,41,9,147,105,0,0,0,0,0,0,0,2,0.0,0.0,0.0,0.0,1.0,0.0,0.0,255,3,0.01,0.73,0.9,0.0,0.0,0.0,0.0,0,81508.0
0,0,13,9,8,0,0,0,0,0,0,0,0,1,0.0,0.0,0.0,0.0,1.0,0.0,1.0,3,87,1.0,0.0,1.0,0.25,0.0,0.0,0.0,1,117969.0
0,1,22,9,54540,8314,0,2,1,1,0,0,0,3,0.0,0.0,0.0,0.0,1.0,0.0,0.0,53,53,1.0,0.0,0.02,0.0,0.0,0.0,0.23,1,53985.0
0,1,31,5,0,0,0,0,0,0,0,0,0,148,1.0,1.0,0.0,0.0,0.13,0.05,0.0,255,2,0.01,0.07,0.0,0.0,1.0,1.0,0.0,1,41538.0
0,1,46,5,0,0,0,0,0,0,0,0,0,293,1.0,1.0,0.0,0.0,0.06,0.06,0.0,255,7,0.03,0.06,0.0,0.0,1.0,1.0,0.0,1,22183.0
0,1,22,9,242,4401,0,0,1,0,0,0,0,1,0.0,0.0,0.0,0.0,1.0,0.0,0.0,82,255,1.0,0.0,0.01,0.02,0.0,0.0,0.01,0,54617.0
0,1,22,9,317,682,0,0,1,0,0,0,0,21,0.0,0.0,0.0,0.0,1.0,0.0,0.0,142,255,1.0,0.0,0.01,0.06,0.0,0.0,0.0,0,23289.0
0,2,41,9,1,0,0,0,0,0,0,0,0,23,0.0,0.0,0.0,0.0,0.04,0.35,0.0,255,1,0.0,0.27,0.79,0.0,0.0,0.0,0.0,1,3231.0
0,1,22,9,215,309,0,0,1,0,0,0,0,9,0.0,0.0,0.0,0.0,1.0,0.0,0.0,255,255,1.0,0.0,0.0,0.0,0.0,0.0,0.0,0,117569.0
0,1,22,1,0,0,0,0,0,0,0,0,0,297,0.0,0.0,1.0,1.0,0.06,0.06,0.0,255,19,0.07,0.07,0.0,0.0,0.0,0.0,1.0,1,11715.0
0,1,22,9,220,3002,0,0,1,0,0,0,0,1,0.0,0.0,0.0,0.0,1.0,0.0,0.0,4,90,1.0,0.0,0.25,0.12,0.25,0.01,0.0,0,32266.0
0,1,46,2,0,0,0,0,0,0,0,0,0,123,0.0,0.0,1.0,1.0,0.11,0.07,0.0,255,14,0.05,0.07,0.0,0.0,0.0,0.0,1.0,1,5217.0
0,1,46,5,0,0,0,0,0,0,0,0,0,89,1.0,1.0,0.0,0.0,0.15,0.08,0.0,255,1,0.0,0.07,0.0,0.0,1.0,1.0,0.0,1,6706.0
0,1,46,4,0,0,0,0,0,0,0,0,0,1,0.0,0.0,1.0,1.0,1.0,0.0,0.0,250,1,0.0,0.61,0.61,0.0,0.0,0.0,1.0,1,22147.0
1,1,51,9,1750,328,0,0,1,0,0,0,0,1,0.0,0.0,0.0,0.0,1.0,0.0,1.0,50,185,0.68,0.06,0.02,0.02,0.0,0.0,0.0,0,12440.0
0,1,46,5,0,0,0,0,0,0,0,0,0,146,1.0,1.0,0.0,0.0,0.05,0.07,0.0,255,18,0.07,0.07,0.0,0.0,1.0,1.0,0.0,1,42344.0
0,2,46,9,1,0,0,0,0,0,0,0,0,18,0.0,0.0,0.0,0.0,0.11,0.17,0.0,255,2,0.01,0.37,0.67,0.0,0.15,0.0,0.0,1,2997.0
0,0,13,9,8,0,0,0,0,0,0,0,0,1,0.0,0.0,0.0,0.0,1.0,0.0,1.0,2,74,1.0,0.0,1.0,0.5,0.0,0.0,0.0,1,22869.0
0,1,50,5,0,0,0,0,0,0,0,0,0,115,1.0,1.0,0.0,0.0,0.16,0.05,0.0,255,4,0.02,0.06,0.0,0.0,1.0,1.0,0.0,1,67151.0
0,1,19,9,12165,0,0,0,1,0,0,0,0,5,0.0,0.0,0.0,0.0,1.0,0.0,0.0,251,123,0.48,0.02,0.48,0.02,0.0,0.0,0.0,0,69943.0
0,1,22,9,224,4794,0,0,1,0,0,0,0,5,0.0,0.0,0.0,0.0,1.0,0.0,0.0,15,255,1.0,0.0,0.07,0.06,0.0,0.0,0.0,0,9964.0
0,1,28,5,0,0,0,0,0,0,0,0,0,105,1.0,1.0,0.0,0.0,0.03,0.07,0.0,255,18,0.07,0.07,0.0,0.0,1.0,1.0,0.0,1,74908.0
0,1,46,4,0,0,0,0,0,0,0,0,0,1,0.0,0.0,1.0,1.0,1.0,0.0,0.0,255,1,0.0,0.36,0.35,0.0,0.0,0.0,1.0,1,47103.0
0,1,46,5,0,0,0,0,0,0,0,0,0,109,1.0,1.0,0.0,0.0,0.17,0.06,0.0,162,18,0.11,0.07,0.01,0.0,1.0,1.0,0.0,1,28894.0
0,2,11,9,45,133,0,0,0,0,0,0,0,65,0.0,0.0,0.0,0.0,0.98,0.03,0.01,255,227,0.89,0.01,0.0,0.0,0.0,0.0,0.0,0,42548.0
0,0,13,9,8,0,0,0,0,0,0,0,0,1,0.0,0.0,0.0,0.0,1.0,0.0,1.0,1,57,1.0,0.0,1.0,0.26,0.0,0.0,0.0,1,32371.0
0,1,22,9,292,5336,0,0,1,0,0,0,0,5,0.0,0.0,0.0,0.0,1.0,0.0,0.0,255,255,1.0,0.0,0.0,0.0,0.0,0.0,0.0,0,38722.0
0,1,22,9,350,1425,0,0,1,0,0,0,0,2,0.0,0.0,0.0,0.0,1.0,0.0,0.12,255,255,1.0,0.0,0.0,0.0,0.0,0.0,0.0,0,100682.0
0,1,46,5,0,0,0,0,0,0,0,0,0,223,1.0,1.0,0.0,0.0,0.08,0.06,0.0,255,18,0.07,0.08,0.0,0.0,1.0,1.0,0.0,1,65042.0
0,0,62,9,182,0,0,0,0,0,0,0,0,5,0.0,0.0,0.0,0.0,1.0,0.0,0.0,255,20,0.08,0.01,0.09,0.0,0.0,0.0,0.0,0,78724.0
0,2,11,9,33,0,0,0,0,0,0,0,0,1,0.0,0.0,0.0,0.0,1.0,0.0,1.0,255,34,0.13,0.03,0.13,0.0,0.0,0.0,0.0,0,35988.0
0,2,41,9,145,0,0,0,0,0,0,0,0,4,0.0,0.0,0.0,0.0,0.25,0.75,0.0,255,1,0.0,0.62,0.96,0.0,0.0,0.0,0.0,0,25507.0
0,1,36,4,0,0,0,0,0,0,0,0,0,1,0.0,0.0,1.0,1.0,1.0,0.0,0.0,255,1,0.0,0.5,1.0,0.0,0.0,0.0,1.0,1,16753.0
0,1,8,5,0,0,0,0,0,0,0,0,0,213,1.0,1.0,0.0,0.0,0.08,0.06,0.0,255,9,0.04,0.08,0.0,0.0,1.0,1.0,0.0,1,20797.0
0,2,46,9,105,146,0,0,0,0,0,0,0,6,0.0,0.0,0.0,0.0,0.17,0.33,0.0,255,226,0.89,0.01,0.0,0.0,0.0,0.0,0.0,0,31487.0
0,0,13,9,8,0,0,0,0,0,0,0,0,1,0.0,0.0,0.0,0.0,1.0,0.0,1.0,2,88,1.0,0.0,1.0,0.5,0.0,0.0,0.0,1,88900.0
0,1,46,1,0,0,0,0,0,0,0,0,0,222,0.11,0.0,0.88,1.0,0.0,1.0,0.0,255,1,0.0,0.95,0.0,0.0,0.1,0.0,1.0,1,10487.0
0,1,22,9,258,10993,0,0,1,0,0,0,0,2,0.5,0.18,0.0,0.0,1.0,0.0,0.18,255,255,1.0,0.0,0.0,0.0,0.0,0.0,0.0,0,53620.0
0,0,13,9,8,0,0,0,0,0,0,0,0,1,0.0,0.0,0.0,0.0,1.0,0.0,1.0,2,25,1.0,0.0,1.0,0.52,0.0,0.0,0.0,1,119830.0
0,1,52,1,0,0,0,0,0,0,0,0,0,231,0.0,0.0,1.0,1.0,0.07,0.07,0.0,255,16,0.06,0.08,0.0,0.0,0.0,0.0,1.0,1,49068.0
0,1,22,9,263,30328,0,0,1,0,0,0,0,1,0.0,0.0,0.0,0.0,1.0,0.0,0.14,255,255,1.0,0.0,0.0,0.0,0.0,0.0,0.0,0,117308.0
0,1,19,9,201,0,0,0,0,0,0,0,0,1,0.0,0.0,0.0,0.0,1.0,0.0,0.0,77,34,0.14,0.05,0.14,0.06,0.0,0.0,0.0,0,12723.0
0,1,22,9,345,1451,0,0,1,0,0,0,0,14,0.0,0.0,0.0,0.0,1.0,0.0,0.0,255,255,1.0,0.0,0.0,0.0,0.0,0.0,0.0,0,67456.0
0,1,46,1,0,0,0,0,0,0,0,0,0,137,0.0,0.0,1.0,1.0,0.12,0.07,0.0,255,17,0.07,0.06,0.0,0.0,0.0,0.0,1.0,1,94188.0
0,1,46,5,0,0,0,0,0,0,0,0,0,130,1.0,1.0,0.0,0.0,0.19,0.05,0.0,255,4,0.02,0.06,0.0,0.0,1.0,1.0,0.0,1,113082.0
0,1,32,1,0,0,0,0,0,0,0,0,0,1,0.0,0.0,1.0,1.0,1.0,0.0,0.0,38,1,0.03,1.0,0.03,0.0,0.0,0.0,1.0,1,8231.0
0,1,46,5,0,0,0,0,0,0,0,0,0,136,1.0,1.0,0.0,0.0,0.08,0.07,0.0,255,4,0.02,0.07,0.0,0.0,1.0,1.0,0.0,1,94864.0
0,1,46,1,0,0,0,0,0,0,0,0,0,136,0.0,0.0,1.0,1.0,0.15,0.06,0.0,255,20,0.08,0.06,0.0,0.0,0.0,0.0,1.0,1,67246.0
0,1,60,5,0,0,0,0,0,0,0,0,0,253,1.0,1.0,0.0,0.0,0.03,0.06,0.0,255,7,0.03,0.07,0.0,0.0,1.0,1.0,0.0,1,70091.0
0,1,22,9,491,9127,0,0,1,0,0,0,0,20,0.0,0.0,0.0,0.0,1.0,0.0,0.0,255,255,1.0,0.0,0.0,0.0,0.0,0.0,0.0,0,35457.0
0,1,22,9,240,314,0,0,1,0,0,0,0,39,0.0,0.0,0.0,0.0,1.0,0.0,0.0,255,255,1.0,0.0,0.0,0.0,0.0,0.0,0.0,0,59190.0
0,0,13,9,8,0,0,0,0,0,0,0,0,1,0.0,0.0,0.0,0.0,1.0,0.0,1.0,4,41,1.0,0.0,1.0,0.27,0.0,0.0,0.0,1,40459.0
0,0,14,9,520,0,0,0,0,0,0,0,0,13,0.0,0.0,0.0,0.0,1.0,0.0,0.0,255,255,1.0,0.0,1.0,0.0,0.0,0.0,0.0,1,51509.0
0,1,22,9,178,3221,0,0,1,0,0,0,0,1,0.0,0.0,0.0,0.0,1.0,0.0,0.0,255,236,0.93,0.02,0.0,0.0,0.0,0.0,0.0,0,86024.0
0,1,46,5,0,0,0,0,0,0,0,0,0,253,1.0,1.0,0.0,0.0,0.02,0.06,0.0,255,16,0.06,0.07,0.0,0.0,1.0,1.0,0.0,1,46286.0
0,1,46,5,0,0,0,0,0,0,0,0,0,213,1.0,1.0,0.0,0.0,0.0,0.07,0.0,255,1,0.0,0.06,0.0,0.0,1.0,1.0,0.0,1,62927.0
9,1,22,9,181,2467,0,1,1,0,0,0,0,1,0.0,0.0,0.0,0.0,1.0,0.0,0.0,255,255,1.0,0.0,0.0,0.0,0.0,0.0,0.0,0,85174.0
0,1,4,5,0,0,0,0,0,0,0,0,0,250,1.0,1.0,0.0,0.0,0.02,0.06,0.0,255,6,0.02,0.07,0.0,0.0,1.0,1.0,0.0,1,124332.0
0,1,53,5,0,0,0,0,0,0,0,0,0,126,1.0,1.0,0.0,0.0,0.05,0.06,0.0,255,5,0.02,0.06,0.0,0.0,1.0,1.0,0.0,1,37504.0
11204,1,57,9,6198,12045,0,0,1,0,0,0,0,1,0.0,0.0,0.0,0.0,1.0,0.0,0.0,255,10,0.04,0.09,0.0,0.0,0.73,0.3,0.2,0,82999.0
0,1,46,5,0,0,0,0,0,0,0,0,0,105,1.0,1.0,0.0,0.0,0.1,0.06,0.0,255,9,0.04,0.07,0.0,0.0,1.0,1.0,0.0,1,96537.0
0,1,4,5,0,0,0,0,0,0,0,0,0,260,1.0,1.0,0.0,0.0,0.04,0.07,0.0,255,11,0.04,0.07,0.0,0.0,1.0,1.0,0.0,1,37693.0
0,1,22,9,302,1680,0,0,1,0,0,0,0,6,0.0,0.0,0.0,0.0,1.0,0.0,0.0,255,255,1.0,0.0,0.0,0.0,0.0,0.0,0.0,0,56025.0
0,1,22,9,295,2788,0,0,1,0,0,0,0,12,0.0,0.0,0.0,0.0,1.0,0.0,0.0,255,255,1.0,0.0,0.0,0.0,0.0,0.0,0.0,0,59327.0
0,1,22,9,310,462,0,0,1,0,0,0,0,25,0.0,0.0,0.0,0.0,1.0,0.0,0.1,255,255,1.0,0.0,0.0,0.0,0.0,0.0,0.0,0,46089.0
0,1,46,5,0,0,0,0,0,0,0,0,0,225,1.0,1.0,0.0,0.0,0.07,0.06,0.0,255,31,0.12,0.06,0.0,0.0,1.0,1.0,0.0,1,40440.0
0,1,22,9,336,573,0,0,1,0,0,0,0,9,0.0,0.0,0.0,0.0,1.0,0.0,0.2,255,255,1.0,0.0,0.0,0.0,0.0,0.0,0.0,0,27088.0
0,1,22,9,158,5903,0,0,1,0,0,0,0,4,0.0,0.0,0.0,0.0,1.0,0.0,0.0,36,255,1.0,0.0,0.03,0.05,0.0,0.0,0.0,0,89723.0
0,1,22,9,230,9528,0,0,1,0,0,0,0,1,0.0,0.0,0.0,0.0,1.0,0.0,0.4,1,255,1.0,0.0,1.0,0.06,0.0,0.01,0.0,0,79562.0
0,1,19,9,607,0,0,0,1,0,0,0,0,1,0.0,0.0,0.0,0.0,1.0,0.0,0.0,140,16,0.11,0.03,0.11,0.0,0.0,0.0,0.0,0,122656.0
0,1,46,1,0,0,0,0,0,0,0,0,0,123,0.0,0.0,1.0,1.0,0.15,0.07,0.0,255,19,0.07,0.07,0.0,0.0,0.0,0.0,1.0,1,10282.0
0,1,22,5,0,0,0,0,0,0,0,0,0,2,0.5,0.04,0.0,0.04,1.0,0.0,0.12,3,255,1.0,0.0,0.67,0.01,0.33,0.0,0.0,0,32063.0
0,1,17,9,7,225,0,0,0,0,0,0,0,1,0.0,0.0,0.0,0.0,1.0,0.0,0.0,255,7,0.03,0.06,0.0,0.0,0.02,0.0,0.0,0,9698.0
0,1,19,9,768,0,0,0,1,0,0,0,0,7,0.0,0.0,0.0,0.0,1.0,0.0,0.25,127,41,0.2,0.06,0.2,0.05,0.0,0.0,0.0,0,75692.0
0,1,6,1,0,0,0,0,0,0,0,0,0,237,0.0,0.0,1.0,1.0,0.03,0.07,0.0,255,6,0.02,0.07,0.0,0.0,0.0,0.0,1.0,1,54996.0
0,0,14,9,520,0,0,0,0,0,0,0,0,435,0.0,0.0,0.0,0.0,1.0,0.0,0.0,243,243,1.0,0.0,1.0,0.0,0.0,0.0,0.0,1,88592.0
0,1,4,1,0,0,0,0,0,0,0,0,0,195,0.0,0.0,1.0,1.0,0.08,0.06,0.0,255,15,0.06,0.07,0.0,0.0,0.0,0.0,1.0,1,7045.0
0,2,46,9,105,147,0,0,0,0,0,0,0,1,0.0,0.0,0.0,0.0,1.0,0.0,0.0,7,6,0.86,0.29,0.14,0.0,0.0,0.0,0.0,0,75354.0
0,1,35,5,0,0,0,0,0,0,0,0,0,31,1.0,1.0,0.0,0.0,0.45,0.16,0.0,255,14,0.05,0.07,0.0,0.0,1.0,1.0,0.0,1,78992.0
0,2,46,9,105,147,0,0,0,0,0,0,0,10,0.0,0.0,0.0,0.0,0.2,0.2,0.0,255,232,0.91,0.01,0.01,0.0,0.0,0.0,0.0,0,14675.0
0,1,22,9,312,1600,0,0,1,0,0,0,0,11,0.0,0.0,0.0,0.0,1.0,0.0,0.19,255,255,1.0,0.0,0.0,0.0,0.0,0.0,0.0,0,92232.0
0,1,22,1,0,0,0,0,0,0,0,0,0,1,0.0,0.0,1.0,1.0,1.0,0.0,0.0,1,238,1.0,0.0,1.0,0.15,0.0,0.0,1.0,0,120311.0
0,1,22,9,54540,8314,0,2,1,1,0,0,0,2,0.0,0.0,0.0,0.5,1.0,0.0,0.75,255,255,1.0,0.0,0.0,0.0,0.01,0.01,0.05,1,77652.0
0,1,22,9,231,258,0,0,1,0,0,0,0,2,0.0,0.0,0.0,0.0,1.0,0.0,0.13,255,249,0.98,0.01,0.0,0.0,0.0,0.0,0.0,0,7559.0
30277,1,46,4,1,0,0,0,0,0,0,0,0,2,0.0,0.0,1.0,1.0,1.0,0.0,0.0,255,2,0.01,0.65,1.0,0.0,0.0,0.0,1.0,1,36319.0
3,1,51,9,980,330,0,0,1,0,0,0,0,1,0.0,0.0,0.0,0.0,1.0,0.0,0.0,54,49,0.91,0.06,0.02,0.0,0.0,0.0,0.0,0,118258.0
0,1,51,9,2171,338,0,0,1,0,0,0,0,1,0.0,0.0,0.0,0.0,1.0,0.0,0.0,218,126,0.46,0.03,0.0,0.02,0.0,0.0,0.0,0,6883.0
0,1,46,5,0,0,0,0,0,0,0,0,0,120,1.0,1.0,0.0,0.0,0.03,0.06,0.0,255,1,0.0,0.07,0.0,0.0,1.0,1.0,0.0,1,35541.0
0,1,46,5,0,0,0,0,0,0,0,0,0,299,1.0,1.0,0.0,0.0,0.03,0.06,0.0,255,6,0.02,0.09,0.0,0.0,1.0,1.0,0.0,1,30083.0
0,1,22,9,314,1145,0,0,1,0,0,0,0,20,0.0,0.0,0.0,0.0,1.0,0.0,0.05,255,255,1.0,0.0,0.0,0.0,0.0,0.0,0.0,0,5317.0
0,1,31,5,0,0,0,0,0,0,0,0,0,78,1.0,1.0,0.0,0.0,0.19,0.06,0.0,255,15,0.06,0.06,0.0,0.0,1.0,1.0,0.0,1,74544.0
0,1,22,9,271,389,0,0,1,0,0,0,0,1,0.0,0.0,0.0,0.0,1.0,0.0,0.0,234,255,1.0,0.0,0.0,0.01,0.02,0.02,0.0,0,10499.0
0,2,46,9,1,0,0,0,0,0,0,0,0,29,0.0,0.0,0.0,0.0,0.76,0.1,0.0,255,22,0.09,0.57,0.47,0.0,0.05,0.0,0.0,1,48942.0
0,1,46,5,0,0,0,0,0,0,0,0,0,107,1.0,1.0,0.0,0.0,0.11,0.06,0.0,255,8,0.03,0.07,0.0,0.0,1.0,1.0,0.0,1,114102.0
3,1,22,9,255,31360,0,1,1,0,0,0,0,1,0.0,0.0,0.0,0.0,1.0,0.0,0.0,255,245,0.96,0.01,0.0,0.0,0.0,0.0,0.0,0,123147.0
0,1,22,1,0,0,0,0,0,0,0,0,0,1,0.0,0.0,1.0,1.0,1.0,0.0,0.0,5,247,1.0,0.0,0.2,0.01,0.0,0.0,0.03,0,43051.0
0,1,25,5,0,0,0,0,0,0,0,0,0,283,1.0,1.0,0.0,0.0,0.05,0.06,0.0,255,13,0.05,0.06,0.0,0.0,1.0,1.0,0.0,1,12708.0
0,1,22,9,335,2659,0,0,1,0,0,0,0,11,0.0,0.0,0.0,0.0,1.0,0.0,0.0,135,183,1.0,0.0,0.01,0.02,0.0,0.0,0.0,0,106193.0
0,1,2,1,0,0,0,0,0,0,0,0,0,108,0.0,0.0,1.0,1.0,0.14,0.06,0.0,255,15,0.06,0.07,0.0,0.0,0.0,0.0,1.0,1,122755.0
5,1,51,9,807,335,0,0,1,0,0,0,0,1,0.0,0.0,0.0,0.0,1.0,0.0,0.0,194,147,0.68,0.03,0.01,0.01,0.0,0.0,0.0,0,53877.0
0,1,54,2,0,0,0,0,0,0,0,0,0,260,0.0,0.0,1.0,1.0,0.01,0.06,0.0,255,2,0.01,0.07,0.0,0.0,0.0,0.0,1.0,1,120395.0
0,1,19,9,491,0,0,0,0,0,0,0,0,2,0.0,0.0,0.0,0.0,1.0,0.0,0.0,124,22,0.18,0.04,0.18,0.0,0.0,0.0,0.0,0,4486.0
0,1,22,9,209,310,0,0,1,0,0,0,0,8,0.0,0.0,0.0,0.0,1.0,0.0,0.22,96,255,1.0,0.0,0.01,0.01,0.0,0.0,0.0,0,75629.0
0,1,22,9,159,1822,0,0,1,0,0,0,0,5,0.0,0.0,0.0,0.0,1.0,0.0,0.0,36,255,1.0,0.0,0.03,0.03,0.0,0.0,0.0,0,105262.0
0,2,11,9,44,78,0,0,0,0,0,0,0,195,0.0,0.0,0.0,0.0,1.0,0.0,0.0,255,206,0.81,0.01,0.0,0.0,0.0,0.0,0.0,0,32389.0
0,1,19,5,0,0,0,0,0,0,0,0,0,40,0.98,1.0,0.03,0.0,0.47,0.08,0.0,255,17,0.07,0.06,0.0,0.0,1.0,1.0,0.0,1,90274.0
0,1,22,5,0,0,0,0,0,0,0,0,0,35,1.0,1.0,0.0,0.0,0.34,0.11,0.0,255,64,0.25,0.02,0.01,0.0,1.0,1.0,0.0,1,50874.0
0,1,19,9,3468,0,0,0,0,0,0,0,0,21,0.0,0.0,0.0,0.0,1.0,0.0,0.0,200,77,0.38,0.03,0.38,0.0,0.0,0.0,0.0,0,22963.0
0,1,19,9,641,0,0,0,1,0,0,0,0,2,0.0,0.0,0.0,0.0,1.0,0.0,0.67,33,10,0.15,0.09,0.15,0.2,0.0,0.0,0.0,0,117131.0
1,1,51,9,1015,332,0,0,1,0,0,0,0,1,0.0,0.0,0.0,0.0,1.0,0.0,0.0,3,107,0.67,0.67,0.33,0.02,0.0,0.0,0.0,0,51624.0
0,1,22,5,0,0,0,0,0,0,0,0,0,258,1.0,1.0,0.0,0.0,0.09,0.05,0.0,255,22,0.09,0.05,0.0,0.0,1.0,1.0,0.0,1,79394.0
375,1,57,9,380,9682,0,0,1,2,0,0,0,1,0.0,0.0,0.0,0.0,1.0,0.0,0.0,255,28,0.11,0.06,0.0,0.0,0.73,0.5,0.11,0,106062.0
0,1,46,1,0,0,0,0,0,0,0,0,0,136,0.0,0.0,1.0,1.0,0.02,0.07,0.0,255,3,0.01,0.07,0.0,0.0,0.0,0.0,1.0,1,35856.0
0,2,11,9,44,120,0,0,0,0,0,0,0,104,0.0,0.0,0.0,0.0,1.0,0.0,0.02,255,254,1.0,0.01,0.0,0.0,0.0,0.0,0.0,0,117270.0
0,1,22,9,287,422,0,0,1,0,0,0,0,4,0.0,0.0,0.0,0.0,1.0,0.0,0.4,4,255,1.0,0.0,0.25,0.04,0.0,0.0,0.0,0,3012.0
0,1,56,5,0,0,0,0,0,0,0,0,0,214,1.0,1.0,0.0,0.0,0.0,0.07,0.0,255,1,0.0,0.09,0.0,0.0,1.0,1.0,0.0,1,107534.0
4,1,44,9,35,130,0,0,1,0,0,0,0,1,0.0,0.0,0.0,0.0,1.0,0.0,0.0,224,2,0.01,0.03,0.0,0.0,0.0,0.0,0.0,0,38500.0
0,2,11,9,44,136,0,0,0,0,0,0,0,70,0.0,0.0,0.0,0.0,1.0,0.0,0.01,255,255,1.0,0.0,0.0,0.0,0.0,0.0,0.0,0,35367.0
0,1,46,5,0,0,0,0,0,0,0,0,0,52,1.0,1.0,0.0,0.0,0.02,0.1,0.0,255,17,0.07,0.08,0.0,0.0,1.0,1.0,0.0,1,80027.0
0,1,22,9,352,7823,0,0,1,0,0,0,0,16,0.0,0.0,0.0,0.0,1.0,0.0,0.06,255,255,1.0,0.0,0.0,0.0,0.0,0.0,0.0,0,47836.0
0,2,11,9,41,115,0,0,0,0,0,0,0,201,0.0,0.0,0.0,0.0,1.0,0.01,0.01,255,255,1.0,0.0,0.0,0.0,0.0,0.0,0.0,0,26251.0
0,1,46,5,0,0,0,0,0,0,0,0,0,150,1.0,1.0,0.0,0.0,0.11,0.05,0.0,255,10,0.04,0.07,0.0,0.0,1.0,1.0,0.0,1,53557.0
0,1,64,5,0,0,0,0,0,0,0,0,0,231,1.0,1.0,0.0,0.0,0.03,0.06,0.0,255,1,0.0,0.08,0.0,0.0,1.0,1.0,0.0,1,36267.0
0,1,46,5,0,0,0,0,0,0,0,0,0,272,1.0,1.0,0.0,0.0,0.05,0.06,0.0,255,5,0.02,0.09,0.0,0.0,1.0,1.0,0.0,1,69778.0
0,1,38,5,0,0,0,0,0,0,0,0,0,103,1.0,1.0,0.0,0.0,0.18,0.06,0.0,255,19,0.07,0.07,0.0,0.0,1.0,1.0,0.0,1,32066.0
0,1,6,5,0,0,0,0,0,0,0,0,0,212,1.0,1.0,0.0,0.0,0.0,0.07,0.0,255,1,0.0,0.09,0.0,0.0,1.0,1.0,0.0,1,57293.0
0,1,19,5,0,0,0,0,0,0,0,0,0,269,1.0,1.0,0.0,0.0,0.02,0.06,0.0,255,16,0.06,0.09,0.0,0.0,1.0,1.0,0.0,1,52087.0
0,1,22,5,0,0,0,0,0,0,0,0,0,2,0.5,0.5,0.0,0.0,1.0,0.0,0.0,16,255,1.0,0.0,0.12,0.02,0.06,0.01,0.0,0,47996.0
0,1,46,5,0,0,0,0,0,0,0,0,0,249,1.0,1.0,0.0,0.0,0.1,0.05,0.0,110,25,0.23,0.09,0.01,0.0,0.87,1.0,0.0,1,30031.0
0,1,66,5,0,0,0,0,0,0,0,0,0,234,1.0,1.0,0.0,0.0,0.01,0.07,0.0,255,3,0.01,0.07,0.0,0.0,1.0,1.0,0.0,1,105004.0
0,1,66,5,0,0,0,0,0,0,0,0,0,236,1.0,1.0,0.0,0.0,0.07,0.06,0.0,255,16,0.06,0.08,0.0,0.0,1.0,1.0,0.0,1,96535.0
0,1,41,1,0,0,0,0,0,0,0,0,0,508,0.05,0.0,0.95,1.0,0.0,1.0,0.0,255,1,0.0,1.0,0.0,0.0,0.07,0.0,1.0,1,109764.0
0,1,5,5,0,0,0,0,0,0,0,0,0,126,1.0,1.0,0.0,0.0,0.13,0.06,0.0,255,17,0.07,0.05,0.0,0.0,1.0,1.0,0.0,1,17475.0
0,1,22,1,0,0,0,0,0,0,0,0,0,1,0.0,0.0,1.0,1.0,1.0,0.0,1.0,2,255,1.0,0.0,0.5,0.08,0.0,0.0,0.94,0,106869.0
0,1,22,9,399,5251,0,0,1,0,0,0,0,12,0.0,0.0,0.0,0.0,1.0,0.0,0.0,255,255,1.0,0.0,0.01,0.0,0.0,0.0,0.0,0,54425.0
0,1,19,9,4539,0,0,0,0,0,0,0,0,20,0.0,0.0,0.0,0.0,1.0,0.0,0.0,205,96,0.47,0.03,0.47,0.0,0.0,0.0,0.0,0,14591.0
0,1,22,9,295,471,0,0,1,0,0,0,0,24,0.0,0.0,0.0,0.0,1.0,0.0,0.0,51,255,1.0,0.0,0.02,0.03,0.0,0.0,0.0,0,94656.0
0,1,22,5,0,0,0,0,0,0,0,0,0,4,0.25,0.25,0.0,0.0,1.0,0.0,0.0,4,255,1.0,0.0,0.5,0.02,0.25,0.0,0.01,0,103830.0
0,2,11,9,44,132,0,0,0,0,0,0,0,64,0.0,0.0,0.0,0.0,1.0,0.0,0.01,255,252,0.99,0.01,0.0,0.0,0.0,0.0,0.0,0,85528.0
0,1,46,1,0,0,0,0,0,0,0,0,0,299,0.1,0.0,0.89,1.0,0.0,1.0,0.0,255,1,0.0,1.0,0.0,0.0,0.09,0.0,1.0,1,9843.0
0,1,22,9,237,275,0,0,1,0,0,0,0,4,0.0,0.0,0.0,0.0,1.0,0.0,0.0,141,255,1.0,0.0,0.01,0.02,0.0,0.0,0.0,0,123354.0
0,1,22,9,203,1745,0,0,1,0,0,0,0,18,0.0,0.0,0.0,0.0,1.0,0.0,0.09,72,255,1.0,0.0,0.01,0.01,0.0,0.0,0.0,0,13008.0
0,1,22,9,231,482,0,0,1,0,0,0,0,11,0.0,0.0,0.0,0.0,1.0,0.0,0.18,255,255,1.0,0.0,0.0,0.0,0.0,0.0,0.0,0,25076.0
0,1,22,9,256,6061,0,0,1,0,0,0,0,1,0.0,0.0,0.0,0.0,1.0,0.0,0.0,105,255,1.0,0.0,0.01,0.02,0.0,0.0,0.0,0,52601.0
0,0,13,9,8,0,0,0,0,0,0,0,0,1,0.0,0.0,0.0,0.0,1.0,0.0,1.0,2,62,1.0,0.0,1.0,0.5,0.0,0.0,0.0,1,22467.0
0,1,19,9,501760,0,0,0,1,0,0,0,0,2,0.0,0.0,0.0,0.0,1.0,0.0,0.0,33,55,0.15,0.12,0.15,0.05,0.0,0.0,0.0,0,32602.0
0,1,22,9,216,15353,0,0,1,0,0,0,0,29,0.0,0.0,0.0,0.0,1.0,0.0,0.05,255,255,1.0,0.0,0.0,0.0,0.0,0.0,0.0,0,107193.0
0,1,22,9,225,3958,0,0,1,0,0,0,0,8,0.0,0.0,0.0,0.0,1.0,0.0,0.0,255,255,1.0,0.0,0.0,0.0,0.0,0.0,0.0,0,102291.0
4,1,51,9,1458,340,0,0,1,0,0,0,0,1,0.0,0.0,0.0,0.0,1.0,0.0,1.0,101,201,0.79,0.04,0.01,0.01,0.0,0.0,0.0,0,35331.0
0,1,19,9,567,0,0,0,0,0,0,0,0,1,0.0,0.0,0.0,0.0,1.0,0.0,0.0,53,38,0.25,0.09,0.25,0.05,0.0,0.0,0.0,0,300.0
0,1,22,9,253,13371,0,0,1,0,0,0,0,2,0.0,0.0,0.0,0.0,1.0,0.0,0.25,39,255,1.0,0.0,0.03,0.05,0.0,0.0,0.0,0,111568.0
0,1,46,1,0,0,0,0,0,0,0,0,0,141,0.0,0.0,1.0,1.0,0.08,0.06,0.0,255,7,0.03,0.07,0.0,0.0,0.0,0.0,1.0,1,35229.0
0,1,22,9,258,6559,0,0,1,0,0,0,0,15,0.0,0.0,0.0,0.0,1.0,0.0,0.0,255,255,1.0,0.0,0.0,0.0,0.0,0.0,0.0,0,48921.0
0,1,46,5,0,0,0,0,0,0,0,0,0,236,1.0,1.0,0.0,0.0,0.08,0.06,0.0,255,14,0.05,0.08,0.0,0.0,1.0,1.0,0.0,1,62855.0
0,1,50,5,0,0,0,0,0,0,0,0,0,68,1.0,1.0,0.0,0.0,0.29,0.06,0.0,255,20,0.08,0.05,0.0,0.0,1.0,1.0,0.0,1,95725.0
0,0,13,9,8,0,0,0,0,0,0,0,0,1,0.0,0.0,0.0,0.0,1.0,0.0,1.0,2,46,1.0,0.0,1.0,0.5,0.0,0.0,0.0,1,3831.0
0,1,46,5,0,0,0,0,0,0,0,0,0,145,1.0,1.0,0.0,0.0,0.12,0.06,0.0,92,17,0.18,0.09,0.01,0.0,1.0,1.0,0.0,1,38487.0
0,1,38,5,0,0,0,0,0,0,0,0,0,106,1.0,1.0,0.0,0.0,0.01,0.08,0.0,255,1,0.0,0.06,0.0,0.0,1.0,1.0,0.0,1,28236.0
28,1,18,9,248,780,0,4,1,0,0,0,0,1,0.0,0.0,0.0,0.0,1.0,0.0,0.0,230,39,0.17,0.02,0.0,0.0,0.0,0.0,0.0,0,98242.0
0,1,22,5,0,0,0,0,0,0,0,0,0,2,0.5,0.5,0.0,0.0,1.0,0.0,0.5,255,255,1.0,0.0,0.01,0.0,0.0,0.0,0.0,0,117362.0
0,1,35,1,0,0,0,0,0,0,0,0,0,305,0.0,0.0,1.0,1.0,0.0,0.52,0.0,255,1,0.0,0.52,1.0,0.0,0.0,0.0,1.0,1,125225.0
0,1,41,1,0,0,0,0,0,0,0,0,0,509,0.1,0.0,0.9,1.0,0.0,1.0,0.0,255,1,0.0,1.0,0.0,0.0,0.13,0.0,1.0,1,90333.0
0,1,46,5,0,0,0,0,0,0,0,0,0,232,1.0,1.0,0.0,0.0,0.05,0.06,0.0,255,20,0.08,0.06,0.0,0.0,1.0,1.0,0.0,1,33424.0
1,1,51,9,2602,330,0,0,1,0,0,0,0,1,0.0,0.0,0.0,0.0,1.0,0.0,1.0,39,149,0.69,0.08,0.03,0.02,0.03,0.01,0.0,0,4498.0
0,0,14,9,520,0,0,0,0,0,0,0,0,182,0.0,0.0,0.0,0.0,1.0,0.0,0.0,255,255,1.0,0.0,1.0,0.0,0.0,0.0,0.0,1,40462.0
0,1,46,5,0,0,0,0,0,0,0,0,0,56,1.0,1.0,0.0,0.0,0.36,0.05,0.0,255,20,0.08,0.06,0.0,0.0,1.0,1.0,0.0,1,107905.0
0,1,17,2,0,0,0,0,0,0,0,0,0,173,0.0,0.0,1.0,1.0,0.01,0.53,0.0,255,3,0.01,0.36,0.68,0.0,0.0,0.0,0.33,1,5615.0
0,1,22,1,0,0,0,0,0,0,0,0,0,1,0.0,0.0,1.0,1.0,1.0,0.0,0.0,55,107,1.0,0.0,0.02,0.17,0.0,0.0,0.98,0,33867.0
500,2,41,9,147,105,0,0,0,0,0,0,0,1,0.0,0.0,0.0,0.0,1.0,0.0,0.0,255,1,0.0,0.62,0.87,0.0,0.0,0.0,0.0,0,87813.0
8795,1,41,4,1,0,0,0,0,0,0,0,0,2,0.0,0.0,1.0,1.0,1.0,0.0,0.0,255,2,0.01,0.74,1.0,0.0,0.0,0.0,1.0,1,15557.0
0,0,13,9,8,0,0,0,0,0,0,0,0,1,0.0,0.0,0.0,0.0,1.0,0.0,1.0,2,100,1.0,0.0,1.0,0.5,0.0,0.0,0.0,1,18987.0
0,1,20,5,0,0,0,0,0,0,0,0,0,266,1.0,1.0,0.0,0.0,0.09,0.05,0.0,255,24,0.09,0.05,0.0,0.0,1.0,1.0,0.0,1,46265.0
0,1,22,1,0,0,0,0,0,0,0,0,0,1,0.0,0.0,1.0,1.0,1.0,0.0,0.0,4,255,1.0,0.0,0.25,0.31,0.0,0.0,1.0,0,71388.0
0,1,22,9,204,2828,0,0,1,0,0,0,0,14,0.0,0.0,0.0,0.0,1.0,0.0,0.13,128,255,1.0,0.0,0.01,0.01,0.0,0.0,0.0,0,25706.0
0,1,22,9,151,2444,0,0,1,0,0,0,0,1,0.0,0.0,0.0,0.0,1.0,0.0,0.0,1,255,1.0,0.0,1.0,0.05,0.0,0.0,0.0,0,94385.0
0,2,11,9,45,121,0,0,0,0,0,0,0,14,0.0,0.0,0.0,0.0,1.0,0.0,0.0,255,254,1.0,0.01,0.0,0.0,0.0,0.0,0.0,0,125501.0
0,1,22,9,244,15334,0,0,1,0,0,0,0,9,0.0,0.0,0.0,0.0,1.0,0.0,0.0,166,255,1.0,0.0,0.01,0.02,0.0,0.0,0.0,0,103382.0
0,1,19,9,12241,0,0,0,0,0,0,0,0,7,0.0,0.0,0.0,0.0,1.0,0.0,0.0,70,46,0.41,0.06,0.41,0.04,0.0,0.0,0.0,0,100967.0
0,0,13,9,8,0,0,0,0,0,0,0,0,1,0.0,0.0,0.0,0.0,1.0,0.0,1.0,3,135,1.0,0.0,1.0,0.25,0.0,0.0,0.0,1,66068.0
0,1,60,5,0,0,0,0,0,0,0,0,0,174,0.99,1.0,0.0,0.0,0.09,0.06,0.0,255,15,0.06,0.07,0.0,0.0,1.0,1.0,0.0,1,82781.0
0,1,22,9,209,809,0,0,1,0,0,0,0,7,0.0,0.0,0.0,0.0,1.0,0.0,0.0,92,254,1.0,0.0,0.01,0.14,0.0,0.0,0.79,0,83416.0
28,2,11,9,44,44,0,0,0,0,0,0,0,3,0.0,0.0,0.0,0.0,0.33,0.67,0.33,60,57,0.95,0.03,0.02,0.0,0.0,0.0,0.0,0,64427.0
0,1,46,1,0,0,0,0,0,0,0,0,0,219,0.0,0.0,1.0,1.0,0.07,0.07,0.0,255,16,0.06,0.09,0.0,0.0,0.0,0.0,1.0,1,17667.0
0,1,46,5,0,0,0,0,0,0,0,0,0,78,1.0,1.0,0.0,0.0,0.1,0.08,0.0,186,8,0.04,0.07,0.01,0.0,1.0,1.0,0.0,1,11806.0
0,1,10,5,0,0,0,0,0,0,0,0,0,239,1.0,1.0,0.0,0.0,0.03,0.07,0.0,255,7,0.03,0.07,0.0,0.0,1.0,1.0,0.0,1,98994.0
0,2,46,9,1,0,0,0,0,0,0,0,0,20,0.0,0.0,0.0,0.0,0.9,0.15,0.0,255,18,0.07,0.75,0.3,0.0,0.09,0.0,0.0,1,59601.0
0,0,13,9,8,0,0,0,0,0,0,0,0,1,0.0,0.0,0.0,0.0,1.0,0.0,1.0,2,66,1.0,0.0,1.0,0.5,0.0,0.0,0.0,1,110177.0
0,1,8,5,0,0,0,0,0,0,0,0,0,252,1.0,1.0,0.0,0.0,0.04,0.06,0.0,255,5,0.02,0.07,0.0,0.0,1.0,1.0,0.0,1,119497.0
0,1,42,9,44,672,0,0,0,0,0,0,0,5,0.0,0.0,0.4,0.0,0.2,1.0,0.0,165,1,0.01,0.1,0.01,0.0,0.01,0.0,0.0,0,1352.0
0,1,22,9,235,7886,0,0,1,0,0,0,0,15,0.0,0.0,0.0,0.0,1.0,0.0,0.0,16,255,1.0,0.0,0.06,0.04,0.0,0.0,0.0,0,104016.0
24,1,57,9,612,235008,0,0,1,0,0,0,0,1,0.0,0.0,0.0,0.0,1.0,0.0,0.0,76,5,0.07,0.28,0.01,0.0,0.01,0.2,0.0,0,49470.0
0,1,22,9,263,1393,0,0,1,0,0,0,0,1,0.0,0.0,0.0,0.0,1.0,0.0,0.0,117,255,1.0,0.0,0.01,0.05,0.0,0.0,0.0,0,84104.0
0,1,22,1,0,0,0,0,0,0,0,0,0,1,0.0,0.0,1.0,1.0,1.0,0.0,0.0,5,79,1.0,0.0,0.2,0.19,0.0,0.0,1.0,0,79790.0
0,1,22,9,240,2129,0,0,1,0,0,0,0,11,0.0,0.0,0.0,0.0,1.0,0.0,0.17,33,255,1.0,0.0,0.03,0.02,0.0,0.0,0.0,0,45048.0
12,1,19,9,7045,0,0,0,1,0,0,0,0,1,0.0,0.0,0.0,0.0,1.0,0.0,0.0,8,8,1.0,0.0,1.0,0.0,0.0,0.0,0.0,0,82185.0
0,1,46,5,0,0,0,0,0,0,0,0,0,276,1.0,1.0,0.0,0.0,0.01,0.06,0.0,255,1,0.0,0.08,0.0,0.0,1.0,1.0,0.0,1,49966.0
0,0,62,9,181,0,0,0,0,0,0,0,0,2,0.0,0.0,0.0,0.0,0.5,1.0,0.0,255,136,0.53,0.01,0.69,0.0,0.0,0.0,0.0,0,47587.0
0,0,13,9,8,0,0,0,0,0,0,0,0,1,0.0,0.0,0.0,0.0,1.0,0.0,1.0,2,244,1.0,0.0,1.0,0.5,0.0,0.0,0.0,1,112265.0
0,1,22,9,290,1820,0,0,1,0,0,0,0,14,0.0,0.0,0.0,0.0,1.0,0.0,0.12,37,250,1.0,0.0,0.03,0.06,0.0,0.0,0.0,0,59746.0
0,0,13,9,18,0,0,0,0,0,0,0,0,1,0.0,0.0,0.0,0.0,1.0,0.0,0.0,1,8,1.0,0.0,1.0,1.0,0.0,0.0,0.0,1,46252.0
0,1,46,5,0,0,0,0,0,0,0,0,0,133,1.0,1.0,0.0,0.0,0.02,0.06,0.0,255,20,0.08,0.05,0.0,0.0,1.0,1.0,0.0,1,48208.0
0,1,46,5,0,0,0,0,0,0,0,0,0,140,1.0,1.0,0.0,0.0,0.17,0.05,0.0,255,24,0.09,0.06,0.0,0.0,1.0,1.0,0.0,1,7922.0
0,1,19,9,11,0,0,0,1,0,0,0,0,1,0.0,0.0,0.0,0.0,1.0,0.0,0.0,125,17,0.06,0.05,0.06,0.12,0.01,0.0,0.0,0,63917.0
28,1,51,9,809,479,0,0,1,0,0,0,0,511,0.0,0.0,0.0,0.0,0.0,0.0,0.0,240,52,0.16,0.01,0.0,0.04,0.0,0.0,0.0,0,101225.0
0,1,22,1,0,0,0,0,0,0,0,0,0,1,0.0,0.0,1.0,1.0,1.0,0.0,0.0,30,255,1.0,0.0,0.03,0.23,0.0,0.0,1.0,0,14081.0
0,1,22,9,293,1439,0,0,1,0,0,0,0,9,0.0,0.0,0.0,0.0,1.0,0.0,0.2,255,255,1.0,0.0,0.0,0.0,0.0,0.0,0.0,0,63663.0
0,1,22,9,259,279,0,0,1,0,0,0,0,2,0.0,0.0,0.0,0.11,1.0,0.0,0.44,255,235,0.92,0.01,0.0,0.0,0.0,0.0,0.0,0,103546.0
0,1,22,9,310,996,0,0,1,0,0,0,0,4,0.0,0.0,0.0,0.0,1.0,0.0,0.09,74,255,1.0,0.0,0.01,0.03,0.0,0.0,0.0,0,73343.0
0,1,51,9,646,328,0,0,1,0,0,0,0,1,0.0,0.0,0.0,0.0,1.0,0.0,0.0,121,151,0.93,0.03,0.01,0.01,0.0,0.0,0.0,0,21194.0
0,1,22,7,228,0,0,2,1,0,0,0,0,1,1.0,1.0,0.0,0.0,1.0,0.0,0.0,2,230,1.0,0.0,0.5,0.07,0.5,0.01,0.0,0,119031.0
0,1,56,1,0,0,0,0,0,0,0,0,0,298,0.0,0.0,1.0,1.0,0.05,0.06,0.0,255,15,0.06,0.07,0.0,0.0,0.0,0.0,1.0,1,121016.0
0,1,22,9,311,1726,0,0,1,0,0,0,0,1,0.0,0.0,0.0,0.0,1.0,0.0,0.0,9,255,1.0,0.0,0.11,0.1,0.0,0.01,0.0,0,16933.0
0,1,5,5,0,0,0,0,0,0,0,0,0,110,1.0,1.0,0.0,0.0,0.07,0.06,0.0,255,8,0.03,0.05,0.0,0.0,1.0,1.0,0.0,1,35826.0
0,1,51,9,1554,331,0,0,1,0,0,0,0,1,0.0,0.0,0.0,0.0,1.0,0.0,0.0,89,166,0.65,0.06,0.01,0.01,0.0,0.0,0.0,0,69175.0
0,1,51,9,1332,327,0,0,1,0,0,0,0,1,0.0,0.0,0.0,0.0,1.0,0.0,1.0,89,191,0.97,0.02,0.01,0.01,0.0,0.0,0.0,0,36655.0
0,2,41,9,516,4,0,0,0,0,0,0,0,302,0.0,0.0,0.0,0.0,1.0,0.0,0.0,255,255,1.0,0.0,1.0,0.0,0.0,0.0,0.0,0,36670.0
0,1,24,5,0,0,0,0,0,0,0,0,0,148,1.0,1.0,0.0,0.0,0.15,0.05,0.0,255,22,0.09,0.05,0.0,0.0,1.0,1.0,0.0,1,90017.0
0,1,22,5,0,0,0,0,0,0,0,0,0,73,1.0,1.0,0.0,0.0,0.25,0.05,0.0,255,58,0.23,0.02,0.02,0.0,1.0,1.0,0.0,1,23809.0
0,0,13,9,8,0,0,0,0,0,0,0,0,1,0.0,0.0,0.0,0.0,1.0,0.0,1.0,1,81,1.0,0.0,1.0,0.51,0.0,0.0,0.0,1,68769.0
0,1,22,9,227,383,0,0,1,0,0,0,0,8,0.0,0.0,0.0,0.0,1.0,0.0,0.0,242,255,1.0,0.0,0.01,0.01,0.0,0.0,0.0,0,52584.0
27,1,18,9,1228,3380,0,24,1,0,0,0,0,1,0.0,0.0,0.0,0.0,1.0,0.0,0.0,245,62,0.25,0.03,0.0,0.0,0.0,0.0,0.0,0,48158.0
0,0,13,9,8,0,0,0,0,0,0,0,0,1,0.0,0.0,0.0,0.0,1.0,0.0,0.0,1,233,1.0,0.0,1.0,0.5,0.0,0.0,0.0,1,123281.0
0,1,22,1,0,0,0,0,0,0,0,0,0,1,0.0,0.95,1.0,0.05,1.0,0.0,0.11,3,247,1.0,0.0,0.33,0.01,0.0,0.0,0.02,0,114896.0
0,1,22,9,219,9264,0,0,1,0,0,0,0,9,0.0,0.0,0.0,0.0,1.0,0.0,0.21,11,255,1.0,0.0,0.09,0.04,0.0,0.0,0.0,0,35641.0
0,0,13,9,30,0,0,0,0,0,0,0,0,2,0.0,0.0,0.0,0.0,0.5,1.0,0.0,255,5,0.02,0.01,0.15,0.0,0.0,0.0,0.0,0,42778.0
0,1,16,5,0,0,0,0,0,0,0,0,0,123,1.0,1.0,0.0,0.0,0.18,0.06,0.0,255,22,0.09,0.05,0.0,0.0,1.0,1.0,0.0,1,32961.0
0,1,46,5,0,0,0,0,0,0,0,0,0,89,1.0,1.0,0.0,0.0,0.03,0.07,0.0,255,16,0.06,0.06,0.0,0.0,1.0,1.0,0.0,1,92927.0
0,1,36,5,0,0,0,0,0,0,0,0,0,222,1.0,1.0,0.0,0.0,0.09,0.06,0.0,255,18,0.07,0.07,0.0,0.0,1.0,1.0,0.0,1,24909.0
0,1,22,9,242,3102,0,0,1,0,0,0,0,11,0.0,0.0,0.0,0.0,1.0,0.0,0.0,11,255,1.0,0.0,0.09,0.03,0.0,0.0,0.0,0,42945.0
0,0,14,9,1480,0,1,0,0,0,0,0,0,10,0.0,0.0,0.0,0.0,1.0,0.0,0.0,255,12,0.05,0.02,0.05,0.0,0.0,0.0,0.0,0,70868.0
5,1,51,9,13743,1390,0,0,1,0,0,0,0,1,0.0,0.0,0.0,0.0,1.0,0.0,0.0,80,173,0.98,0.03,0.01,0.01,0.0,0.0,0.0,0,79802.0
0,1,22,9,315,350,0,0,1,0,0,0,0,7,0.0,0.0,0.0,0.0,1.0,0.0,0.25,255,255,1.0,0.0,0.0,0.0,0.0,0.0,0.0,0,87321.0
0,1,22,9,322,1432,0,0,1,0,0,0,0,26,0.0,0.0,0.0,0.0,1.0,0.0,0.0,26,255,1.0,0.0,0.04,0.09,0.0,0.01,0.0,0,28925.0
0,2,11,9,30,0,0,0,0,0,0,0,0,1,0.0,0.0,0.0,0.0,1.0,0.0,1.0,59,1,0.02,0.64,0.02,0.0,0.0,0.0,0.0,0,123077.0
0,1,56,5,0,0,0,0,0,0,0,0,0,107,1.0,1.0,0.0,0.0,0.07,0.06,0.0,255,7,0.03,0.07,0.0,0.0,1.0,1.0,0.0,1,95789.0
0,0,13,9,8,0,0,0,0,0,0,0,0,1,0.0,0.0,0.0,0.0,1.0,0.0,1.0,1,127,1.0,0.0,1.0,0.5,0.0,0.0,0.0,1,85827.0
0,1,36,5,0,0,0,0,0,0,0,0,0,62,1.0,1.0,0.0,0.0,0.06,0.08,0.0,255,14,0.05,0.06,0.0,0.0,1.0,1.0,0.0,1,80240.0
0,1,19,9,383,0,0,0,0,0,0,0,0,2,0.0,0.0,0.0,0.0,1.0,0.0,0.0,142,121,0.3,0.04,0.3,0.02,0.0,0.0,0.0,0,15208.0
0,1,41,1,0,0,0,0,0,0,0,0,0,440,0.08,0.0,0.89,1.0,0.0,1.0,0.0,255,1,0.0,1.0,0.0,0.0,0.1,0.0,1.0,1,26227.0
0,0,13,9,18,0,0,0,0,0,0,0,0,0,0.0,0.0,0.0,0.0,0.0,0.0,0.0,1,42,1.0,0.0,1.0,1.0,0.0,0.0,0.0,1,66188.0
0,1,46,5,0,0,0,0,0,0,0,0,0,127,1.0,1.0,0.0,0.0,0.1,0.06,0.0,255,13,0.05,0.06,0.0,0.0,1.0,1.0,0.0,1,44838.0
0,1,22,5,0,0,0,0,0,0,0,0,0,285,1.0,1.0,0.0,0.0,0.08,0.05,0.0,255,22,0.09,0.05,0.0,0.0,1.0,1.0,0.0,1,118554.0
0,2,11,9,42,42,0,0,0,0,0,0,0,17,0.0,0.0,0.0,0.0,1.0,0.0,0.11,255,255,1.0,0.0,0.0,0.0,0.0,0.0,0.0,0,1233.0
0,1,22,5,0,0,0,0,0,0,0,0,0,242,1.0,1.0,0.0,0.0,0.02,0.07,0.0,255,5,0.02,0.08,0.0,0.0,1.0,1.0,0.0,1,118567.0
0,1,28,5,0,0,0,0,0,0,0,0,0,95,1.0,1.0,0.0,0.0,0.08,0.08,0.0,255,8,0.03,0.07,0.0,0.0,1.0,1.0,0.0,1,105963.0
7034,2,41,9,147,105,0,0,0,0,0,0,0,1,0.0,0.0,0.0,0.0,1.0,0.0,0.0,255,1,0.0,0.82,0.99,0.0,0.0,0.0,0.0,0,5220.0
0,1,46,1,0,0,0,0,0,0,0,0,0,103,0.0,0.0,1.0,1.0,0.03,0.06,0.0,255,23,0.09,0.05,0.0,0.0,0.0,0.0,1.0,1,85738.0
0,1,46,1,0,0,0,0,0,0,0,0,0,32,0.0,0.0,1.0,1.0,0.03,0.53,0.0,202,1,0.0,0.1,0.16,0.0,0.01,0.0,1.0,1,86787.0
0,1,22,9,204,930,0,0,1,0,0,0,0,2,0.0,0.0,0.0,0.0,1.0,0.0,0.0,255,255,1.0,0.0,0.0,0.0,0.0,0.0,0.0,0,122806.0
0,1,22,9,211,566,0,0,1,0,0,0,0,5,0.0,0.0,0.0,0.0,1.0,0.0,0.0,33,255,1.0,0.0,0.03,0.04,0.0,0.0,0.0,0,124210.0
0,1,19,9,12,0,0,0,1,0,0,0,0,2,0.0,0.0,0.0,0.0,1.0,0.0,0.67,29,10,0.34,0.17,0.34,0.0,0.0,0.0,0.0,0,96238.0
8397,1,41,4,1,0,0,0,0,0,0,0,0,2,0.0,0.0,1.0,1.0,1.0,0.0,0.0,255,2,0.01,0.68,1.0,0.0,0.0,0.0,1.0,1,7093.0
0,1,63,2,0,0,0,0,0,0,0,0,0,108,0.0,0.0,1.0,1.0,0.03,0.07,0.0,255,3,0.01,0.06,0.0,0.0,0.0,0.0,1.0,1,74899.0
0,1,57,5,0,0,0,0,0,0,0,0,0,74,1.0,1.0,0.0,0.0,0.23,0.05,0.0,255,58,0.23,0.02,0.0,0.0,1.0,1.0,0.0,1,117965.0
0,1,22,1,0,0,0,0,0,0,0,0,0,1,0.0,0.0,1.0,1.0,1.0,0.0,0.0,7,255,1.0,0.0,0.14,0.02,0.0,0.0,0.39,0,2332.0
0,1,22,9,54540,8314,0,2,1,1,0,0,0,3,0.0,0.0,0.0,0.25,1.0,0.0,0.5,26,26,1.0,0.0,0.04,0.0,0.0,0.0,0.0,1,20863.0
0,2,46,9,28,0,3,0,0,0,0,0,0,48,0.0,0.0,0.0,0.0,1.0,0.0,0.0,255,48,0.19,0.01,0.19,0.0,0.0,0.0,0.0,1,69404.0
0,1,22,9,303,2267,0,0,1,0,0,0,0,8,0.0,0.0,0.0,0.0,1.0,0.0,0.2,90,255,1.0,0.0,0.01,0.04,0.0,0.0,0.0,0,64069.0
0,2,11,9,43,133,0,0,0,0,0,0,0,193,0.0,0.0,0.0,0.0,1.0,0.0,0.0,118,79,0.67,0.03,0.01,0.0,0.0,0.0,0.0,0,112000.0
0,1,22,9,301,16802,0,0,1,0,0,0,0,12,0.0,0.0,0.0,0.0,1.0,0.0,0.0,39,255,1.0,0.0,0.03,0.01,0.0,0.0,0.0,0,5497.0
0,0,13,9,18,0,0,0,0,0,0,0,0,1,0.0,0.0,0.0,0.0,1.0,0.0,0.0,1,48,1.0,0.0,1.0,1.0,0.0,0.0,0.0,1,106723.0
0,1,37,5,0,0,0,0,0,0,0,0,0,201,1.0,1.0,0.0,0.0,0.0,0.06,0.0,255,20,0.08,0.08,0.0,0.0,1.0,1.0,0.0,1,13640.0
0,1,22,9,476,680,0,0,1,0,0,0,0,7,0.0,0.0,0.0,0.0,1.0,0.0,0.0,51,255,1.0,0.0,0.02,0.07,0.0,0.01,0.0,0,68433.0
30,1,22,9,241,174,0,0,1,0,0,0,0,17,0.0,0.0,0.0,0.0,1.0,0.0,0.11,118,255,1.0,0.0,0.01,0.02,0.0,0.0,0.01,0,79508.0
0,1,46,5,0,0,0,0,0,0,0,0,0,114,1.0,1.0,0.0,0.0,0.03,0.07,0.0,223,3,0.01,0.07,0.0,0.0,1.0,1.0,0.0,1,31204.0
0,1,46,5,0,0,0,0,0,0,0,0,0,111,1.0,1.0,0.0,0.0,0.02,0.06,0.0,113,2,0.02,0.07,0.01,0.0,1.0,1.0,0.0,1,119275.0
0,1,3,5,0,0,0,0,0,0,0,0,0,230,1.0,1.0,0.0,0.0,0.0,0.07,0.0,255,1,0.0,0.08,0.0,0.0,1.0,1.0,0.0,1,4603.0
0,1,30,5,0,0,0,0,0,0,0,0,0,209,1.0,1.0,0.0,0.0,0.09,0.05,0.0,255,18,0.07,0.05,0.0,0.0,1.0,1.0,0.0,1,109958.0
0,1,22,9,314,2214,0,0,1,0,0,0,0,6,0.0,0.0,0.0,0.0,1.0,0.0,0.0,30,255,1.0,0.0,0.03,0.03,0.0,0.0,0.0,0,75029.0
0,1,22,9,308,253,0,0,1,0,0,0,0,3,0.0,0.0,0.0,0.0,1.0,0.0,0.33,151,255,1.0,0.0,0.01,0.01,0.0,0.0,0.0,0,40489.0
0,1,46,5,0,0,0,0,0,0,0,0,0,105,1.0,1.0,0.0,0.0,0.18,0.06,0.0,255,20,0.08,0.06,0.0,0.0,1.0,1.0,0.0,1,55631.0
0,1,22,9,325,1411,0,0,1,0,0,0,0,2,0.0,0.0,0.0,0.0,1.0,0.0,0.67,255,255,1.0,0.0,0.0,0.0,0.0,0.0,0.0,0,123440.0
0,1,31,5,0,0,0,0,0,0,0,0,0,139,1.0,1.0,0.0,0.0,0.14,0.06,0.0,255,20,0.08,0.05,0.0,0.0,1.0,1.0,0.0,1,495.0
364,2,41,9,145,105,0,0,0,0,0,0,0,2,0.0,0.0,0.0,0.0,1.0,0.0,0.0,255,4,0.02,0.22,0.39,0.0,0.0,0.0,0.0,0,48026.0
0,1,41,1,0,0,0,0,0,0,0,0,0,509,0.23,0.0,0.76,1.0,0.0,1.0,0.0,255,1,0.0,1.0,0.0,0.0,0.21,0.0,1.0,1,89080.0
0,1,22,9,197,27228,0,0,1,0,0,0,0,12,0.0,0.0,0.0,0.0,1.0,0.0,0.0,14,255,1.0,0.0,0.07,0.03,0.0,0.0,0.0,0,80712.0
29808,1,46,4,0,0,0,0,0,0,0,0,0,1,0.0,0.0,1.0,1.0,1.0,0.0,0.0,82,1,0.01,0.15,0.12,0.0,0.0,0.0,1.0,1,44358.0
0,1,22,9,212,350,0,0,1,0,0,0,0,15,0.0,0.0,0.0,0.0,1.0,0.0,0.0,127,255,1.0,0.0,0.01,0.02,0.0,0.0,0.0,0,81036.0
0,2,46,9,105,147,0,0,0,0,0,0,0,1,0.0,0.0,0.0,0.0,1.0,0.0,0.0,58,53,0.91,0.03,0.02,0.0,0.0,0.0,0.0,0,54162.0
0,1,28,1,0,0,0,0,0,0,0,0,0,93,0.0,0.0,1.0,1.0,0.03,0.09,0.0,255,3,0.01,0.06,0.0,0.0,0.0,0.0,1.0,1,49882.0
0,1,64,5,0,0,0,0,0,0,0,0,0,289,1.0,1.0,0.0,0.0,0.08,0.05,0.0,255,24,0.09,0.05,0.0,0.0,1.0,1.0,0.0,1,6106.0
0,1,46,5,0,0,0,0,0,0,0,0,0,121,1.0,1.0,0.0,0.0,0.12,0.06,0.0,255,16,0.06,0.07,0.0,0.0,1.0,1.0,0.0,1,59939.0
0,1,22,9,207,3018,0,0,1,0,0,0,0,2,0.0,0.0,0.0,0.0,1.0,0.0,0.0,2,255,1.0,0.0,0.5,0.05,0.0,0.0,0.0,0,15052.0
0,0,13,9,8,0,0,0,0,0,0,0,0,1,0.0,0.0,0.0,0.0,1.0,0.0,1.0,2,34,1.0,0.0,1.0,0.5,0.0,0.0,0.0,1,105695.0
0,1,46,5,0,0,0,0,0,0,0,0,0,121,1.0,1.0,0.0,0.0,0.01,0.06,0.0,255,1,0.0,0.07,0.0,0.0,1.0,1.0,0.0,1,78359.0
0,1,22,9,218,327,0,0,1,0,0,0,0,7,0.0,0.0,0.0,0.0,1.0,0.0,0.2,255,255,1.0,0.0,0.01,0.0,0.0,0.0,0.0,0,102181.0
0,2,11,9,44,75,0,0,0,0,0,0,0,202,0.0,0.0,0.0,0.0,1.0,0.0,0.0,255,255,1.0,0.0,0.01,0.0,0.0,0.0,0.0,0,92439.0
0,1,18,5,0,0,0,0,0,0,0,0,0,50,1.0,1.0,0.0,0.0,0.12,0.12,0.0,255,6,0.02,0.09,0.0,0.0,1.0,1.0,0.0,1,63308.0
0,1,22,9,235,512,0,0,1,0,0,0,0,62,0.0,0.0,0.0,0.0,1.0,0.0,0.0,64,255,1.0,0.0,0.02,0.02,0.0,0.0,0.0,0,93625.0
0,2,46,9,28,0,3,0,0,0,0,0,0,154,0.65,0.0,0.0,0.0,0.35,0.05,0.0,255,54,0.21,0.79,0.21,0.0,0.09,0.0,0.0,1,32813.0
0,2,46,9,105,0,0,0,0,0,0,0,0,2,0.0,0.0,0.0,0.0,1.0,0.0,0.0,200,191,0.95,0.01,0.01,0.0,0.0,0.0,0.0,0,92606.0
0,1,3,5,0,0,0,0,0,0,0,0,0,239,1.0,1.0,0.0,0.0,0.03,0.06,0.0,255,14,0.05,0.06,0.0,0.0,1.0,1.0,0.0,1,102120.0
0,1,37,5,0,0,0,0,0,0,0,0,0,273,1.0,1.0,0.0,0.0,0.03,0.06,0.0,255,13,0.05,0.06,0.0,0.0,1.0,1.0,0.0,1,92602.0
0,1,22,9,195,280,0,0,1,0,0,0,0,42,0.0,0.0,0.0,0.0,1.0,0.0,0.07,43,255,1.0,0.0,0.02,0.02,0.0,0.0,0.0,0,20722.0
1,1,51,9,924,332,0,0,1,0,0,0,1,1,0.0,0.0,0.0,0.0,1.0,0.0,1.0,255,143,0.56,0.02,0.0,0.0,0.01,0.02,0.0,0,83144.0
0,1,46,5,0,0,0,0,0,0,0,0,0,131,1.0,1.0,0.0,0.0,0.02,0.06,0.0,134,2,0.01,0.07,0.01,0.0,1.0,1.0,0.0,1,51029.0
0,1,46,5,0,0,0,0,0,0,0,0,0,122,1.0,1.0,0.0,0.0,0.11,0.06,0.0,255,14,0.05,0.06,0.0,0.0,1.0,1.0,0.0,1,19353.0
0,1,22,9,312,1325,0,0,1,0,0,0,0,5,0.0,0.0,0.0,0.0,1.0,0.0,0.0,255,255,1.0,0.0,0.0,0.0,0.0,0.0,0.0,0,69826.0
0,0,14,9,1032,0,0,0,0,0,0,0,0,511,0.0,0.0,0.0,0.0,1.0,0.0,0.0,255,180,0.71,0.02,0.71,0.0,0.0,0.0,0.0,1,42442.0
0,1,17,5,0,0,0,0,0,0,0,0,0,15,1.0,1.0,0.0,0.0,0.27,0.27,0.0,255,43,0.17,0.05,0.0,0.0,1.0,1.0,0.0,1,80949.0
0,2,46,9,105,147,0,0,0,0,0,0,0,1,0.0,0.0,0.0,0.0,1.0,0.0,0.0,187,185,0.99,0.01,0.01,0.0,0.0,0.0,0.0,0,16886.0
0,1,22,9,230,302,0,0,1,0,0,0,0,7,0.0,0.0,0.0,0.0,1.0,0.0,0.08,114,255,1.0,0.0,0.01,0.04,0.0,0.0,0.01,0,5984.0
0,1,22,9,336,1060,0,0,1,0,0,0,0,8,0.0,0.0,0.0,0.0,1.0,0.0,0.22,218,254,1.0,0.0,0.0,0.04,0.0,0.0,0.0,0,119353.0
0,1,4,5,0,0,0,0,0,0,0,0,0,212,1.0,1.0,0.0,0.0,0.1,0.06,0.0,255,21,0.08,0.06,0.0,0.0,1.0,1.0,0.0,1,117091.0
0,2,11,9,43,125,0,0,0,0,0,0,0,78,0.0,0.0,0.0,0.0,1.0,0.0,0.01,234,184,0.79,0.01,0.0,0.0,0.0,0.0,0.0,0,90234.0
0,1,7,5,0,0,0,0,0,0,0,0,0,107,1.0,1.0,0.0,0.0,0.05,0.07,0.0,67,5,0.07,0.12,0.01,0.0,1.0,1.0,0.0,1,14652.0
1,1,18,9,1246,2449,0,28,1,0,0,0,0,1,0.0,0.0,0.0,0.0,1.0,0.0,0.0,255,136,0.53,0.02,0.0,0.0,0.0,0.0,0.0,0,14561.0
0,1,22,9,310,290,0,0,1,0,0,0,0,35,0.0,0.0,0.0,0.0,1.0,0.0,0.08,255,255,1.0,0.0,0.0,0.0,0.0,0.0,0.0,0,121931.0
0,1,46,5,0,0,0,0,0,0,0,0,0,50,1.0,1.0,0.0,0.0,0.2,0.12,0.0,255,10,0.04,0.08,0.0,0.0,1.0,1.0,0.0,1,90445.0
0,1,15,5,0,0,0,0,0,0,0,0,0,146,1.0,1.0,0.0,0.0,0.06,0.05,0.0,255,9,0.04,0.06,0.0,0.0,1.0,1.0,0.0,1,24072.0
0,2,11,9,34,0,0,0,0,0,0,0,0,1,0.0,0.0,0.0,0.0,1.0,0.0,1.0,255,11,0.04,0.03,0.04,0.0,0.0,0.0,0.0,0,54056.0
0,1,46,5,0,0,0,0,0,0,0,0,0,177,1.0,1.0,0.0,0.0,0.11,0.06,0.0,255,17,0.07,0.07,0.0,0.0,1.0,1.0,0.0,1,48531.0
0,1,22,9,210,1013,0,0,1,0,0,0,0,2,0.5,0.04,0.0,0.0,1.0,0.0,0.24,10,252,1.0,0.0,0.1,0.05,0.1,0.0,0.0,0,15602.0
0,1,22,9,468,3110,0,0,1,0,0,0,0,7,0.0,0.0,0.0,0.0,1.0,0.0,0.0,255,255,1.0,0.0,0.0,0.0,0.0,0.0,0.0,0,105686.0
0,1,8,5,0,0,0,0,0,0,0,0,0,123,1.0,1.0,0.0,0.0,0.08,0.07,0.0,255,8,0.03,0.07,0.0,0.0,1.0,1.0,0.0,1,31561.0
0,1,46,5,0,0,0,0,0,0,0,0,0,113,1.0,1.0,0.0,0.0,0.05,0.06,0.0,255,4,0.02,0.06,0.0,0.0,1.0,1.0,0.0,1,71763.0
0,1,51,9,2836,406,0,0,1,0,0,0,0,1,0.0,0.0,0.0,0.0,1.0,0.0,1.0,50,129,0.64,0.1,0.02,0.02,0.02,0.0,0.0,0,54598.0
0,0,13,9,8,0,0,0,0,0,0,0,0,1,0.0,0.0,0.0,0.0,1.0,0.0,1.0,1,121,1.0,0.0,1.0,0.26,0.0,0.0,0.0,1,115194.0
0,1,22,9,297,9317,0,0,1,0,0,0,0,6,0.0,0.0,0.0,0.0,1.0,0.0,0.0,247,255,1.0,0.0,0.0,0.01,0.0,0.0,0.0,0,87340.0
0,1,15,1,0,0,0,0,0,0,0,0,0,121,0.0,0.0,1.0,1.0,0.16,0.06,0.0,255,19,0.07,0.06,0.0,0.0,0.0,0.0,1.0,1,43153.0
0,1,46,1,0,0,0,0,0,0,0,0,0,96,0.0,0.0,1.0,1.0,0.16,0.07,0.0,255,15,0.06,0.08,0.0,0.0,0.0,0.0,1.0,1,27810.0
0,2,46,9,105,0,0,0,0,0,0,0,0,1,0.0,0.0,0.0,0.0,1.0,0.0,0.0,149,140,0.94,0.02,0.01,0.0,0.0,0.0,0.0,0,68845.0
0,1,31,5,0,0,0,0,0,0,0,0,0,77,1.0,1.0,0.0,0.0,0.08,0.08,0.0,255,6,0.02,0.06,0.0,0.0,1.0,1.0,0.0,1,1750.0
0,1,6,5,0,0,0,0,0,0,0,0,0,143,1.0,1.0,0.0,0.0,0.14,0.04,0.0,255,20,0.08,0.05,0.0,0.0,1.0,1.0,0.0,1,125439.0
0,1,22,5,0,0,0,0,0,0,0,0,0,2,0.5,0.4,0.0,0.0,1.0,0.0,0.6,2,255,1.0,0.0,1.0,0.06,0.5,0.01,0.0,0,54419.0
0,1,22,9,229,12240,0,0,1,0,0,0,0,4,0.0,0.0,0.0,0.0,1.0,0.0,0.08,118,255,1.0,0.0,0.01,0.02,0.0,0.0,0.0,0,116022.0
0,1,38,5,0,0,0,0,0,0,0,0,0,117,1.0,1.0,0.0,0.0,0.04,0.06,0.0,255,16,0.06,0.07,0.0,0.0,1.0,1.0,0.0,1,121013.0
0,0,13,9,8,0,0,0,0,0,0,0,0,1,0.0,0.0,0.0,0.0,1.0,0.0,1.0,1,93,1.0,0.0,1.0,0.51,0.0,0.0,0.0,1,110088.0
0,1,22,9,306,14362,0,0,1,0,0,0,0,1,0.0,0.0,0.0,0.0,1.0,0.0,0.33,151,255,1.0,0.0,0.01,0.01,0.0,0.0,0.0,0,78201.0
0,1,19,9,334,0,0,0,1,0,0,0,0,2,0.0,0.0,0.0,0.0,1.0,0.0,0.0,4,8,1.0,0.0,1.0,0.38,0.0,0.0,0.0,1,94038.0
0,1,20,5,0,0,0,0,0,0,0,0,0,41,1.0,1.0,0.0,0.0,0.24,0.12,0.0,255,10,0.04,0.08,0.0,0.0,1.0,1.0,0.0,1,44124.0
0,2,41,9,1,0,0,0,0,0,0,0,0,13,0.0,0.0,0.0,0.0,0.15,0.62,0.0,255,2,0.01,0.29,0.82,0.0,0.0,0.0,0.0,1,38738.0
0,1,51,9,800,475,0,0,1,0,0,0,0,1,0.0,0.0,0.0,0.0,1.0,0.0,1.0,255,42,0.16,0.02,0.0,0.0,0.0,0.0,0.0,0,41424.0
13113,1,41,4,1,0,0,0,0,0,0,0,0,2,0.0,0.0,1.0,1.0,1.0,0.0,0.0,255,2,0.01,0.68,1.0,0.0,0.0,0.0,1.0,1,23466.0
0,1,22,9,250,271,0,0,1,0,0,0,0,2,0.0,0.0,0.0,0.33,1.0,0.0,0.67,255,249,0.98,0.01,0.0,0.0,0.0,0.0,0.0,0,18337.0
0,1,46,5,0,0,0,0,0,0,0,0,0,147,1.0,1.0,0.0,0.0,0.1,0.05,0.0,255,17,0.07,0.07,0.0,0.0,1.0,1.0,0.0,1,59672.0
0,1,22,9,324,10446,0,0,1,0,0,0,0,5,0.0,0.0,0.0,0.0,1.0,0.0,0.0,148,255,1.0,0.0,0.01,0.01,0.0,0.0,0.0,0,66565.0
0,1,65,1,0,0,0,0,0,0,0,0,0,210,0.0,0.0,1.0,1.0,0.04,0.07,0.0,255,9,0.04,0.09,0.0,0.0,0.0,0.0,1.0,1,25985.0
0,1,27,5,0,0,0,0,0,0,0,0,0,142,1.0,1.0,0.0,0.0,0.05,0.06,0.0,255,7,0.03,0.06,0.0,0.0,1.0,1.0,0.0,1,89127.0
0,1,21,5,0,0,0,0,0,0,0,0,0,246,1.0,1.0,0.0,0.0,0.06,0.05,0.0,255,15,0.06,0.06,0.0,0.0,1.0,1.0,0.0,1,115550.0
0,1,46,1,0,0,0,0,0,0,0,0,0,1,0.0,0.0,1.0,1.0,1.0,0.0,0.0,66,2,0.02,1.0,0.02,1.0,0.0,0.0,1.0,1,94574.0
0,1,22,9,328,1516,0,0,1,0,0,0,0,1,0.0,0.0,0.0,0.0,1.0,0.0,0.24,12,255,1.0,0.0,0.08,0.04,0.0,0.0,0.0,0,107166.0
0,1,22,9,256,32755,0,0,1,0,0,0,0,15,0.0,0.0,0.0,0.0,1.0,0.0,0.0,137,255,1.0,0.0,0.01,0.02,0.0,0.0,0.0,0,57761.0
0,2,41,9,147,0,0,0,0,0,0,0,0,3,0.0,0.0,0.0,0.0,0.33,0.67,0.0,255,2,0.01,0.65,0.87,0.0,0.0,0.0,0.0,0,68217.0
0,1,20,1,0,0,0,0,0,0,0,0,0,144,0.0,0.0,1.0,1.0,0.06,0.08,0.0,255,8,0.03,0.08,0.0,0.0,0.0,0.0,1.0,1,6828.0
7765,2,41,9,147,105,0,0,0,0,0,0,0,4,0.0,0.0,0.0,0.0,0.5,0.5,0.0,255,2,0.01,0.84,1.0,0.0,0.0,0.0,0.0,0,32478.0
0,1,22,9,310,2402,0,0,1,0,0,0,0,15,0.0,0.0,0.0,0.0,1.0,0.0,0.08,86,255,1.0,0.0,0.01,0.02,0.0,0.0,0.0,0,6431.0
0,1,24,5,0,0,0,0,0,0,0,0,0,105,1.0,1.0,0.0,0.0,0.01,0.08,0.0,255,1,0.0,0.07,0.0,0.0,1.0,1.0,0.0,1,112603.0
0,1,22,1,0,0,0,0,0,0,0,0,0,1,0.0,0.0,1.0,1.0,1.0,0.0,0.0,52,255,1.0,0.0,0.02,0.09,0.0,0.0,0.74,0,70653.0
0,1,22,9,247,1656,0,0,1,0,0,0,0,11,0.0,0.0,0.0,0.0,1.0,0.0,0.15,255,255,1.0,0.0,0.01,0.0,0.0,0.0,0.0,0,13734.0
0,1,46,1,0,0,0,0,0,0,0,0,0,175,0.0,0.0,1.0,1.0,0.11,0.06,0.0,255,19,0.07,0.07,0.0,0.0,0.0,0.0,1.0,1,59676.0
0,0,13,9,18,0,0,0,0,0,0,0,0,1,0.0,0.0,0.0,0.0,1.0,0.0,0.0,2,138,1.0,0.0,1.0,0.25,0.0,0.0,0.0,1,33938.0
0,1,51,9,48,284,0,0,1,1,0,0,0,1,0.0,0.0,0.0,0.0,1.0,0.0,0.0,164,138,0.67,0.04,0.01,0.01,0.0,0.0,0.0,0,63924.0
0,2,11,9,46,122,0,0,0,0,0,0,0,42,0.0,0.0,0.0,0.0,1.0,0.0,0.0,255,254,1.0,0.01,0.0,0.0,0.0,0.0,0.0,0,106067.0
0,2,11,9,34,34,0,0,0,0,0,0,0,1,0.0,0.0,0.0,0.0,1.0,0.0,0.8,179,144,0.8,0.02,0.01,0.0,0.0,0.0,0.0,0,91278.0
0,1,46,5,0,0,0,0,0,0,0,0,0,253,1.0,1.0,0.0,0.0,0.04,0.06,0.0,255,8,0.03,0.09,0.0,0.0,1.0,1.0,0.0,1,96259.0
0,1,22,9,289,406,0,0,1,0,0,0,0,2,0.0,0.0,0.0,0.0,1.0,0.0,0.67,255,255,1.0,0.0,0.0,0.0,0.0,0.0,0.0,0,84569.0
0,2,11,9,45,120,0,0,0,0,0,0,0,217,0.0,0.0,0.0,0.0,1.0,0.0,0.01,255,174,0.68,0.01,0.0,0.0,0.0,0.0,0.0,0,32347.0
0,1,51,9,2876,336,0,0,1,0,0,0,0,2,0.0,0.0,0.0,0.0,0.5,1.0,0.0,206,129,0.63,0.03,0.0,0.0,0.0,0.01,0.0,0,95635.0
0,1,46,5,0,0,0,0,0,0,0,0,0,217,1.0,1.0,0.0,0.0,0.07,0.05,0.0,255,15,0.06,0.05,0.0,0.0,1.0,1.0,0.0,1,44613.0
0,1,22,9,296,11753,0,0,1,0,0,0,0,7,0.0,0.0,0.0,0.0,1.0,0.0,0.0,27,255,1.0,0.0,0.04,0.02,0.0,0.0,0.0,0,3246.0
0,1,46,5,0,0,0,0,0,0,0,0,0,124,0.99,1.0,0.0,0.0,0.07,0.06,0.0,255,9,0.04,0.07,0.0,0.0,1.0,1.0,0.0,1,15065.0
0,1,22,9,287,471,0,0,1,0,0,0,0,9,0.0,0.0,0.0,0.0,1.0,0.0,0.0,9,255,1.0,0.0,0.11,0.03,0.0,0.0,0.0,0,33431.0
0,1,22,9,278,1564,0,0,1,0,0,0,0,8,0.0,0.0,0.0,0.0,1.0,0.0,0.19,255,255,1.0,0.0,0.0,0.0,0.0,0.0,0.0,0,13748.0
0,1,46,5,0,0,0,0,0,0,0,0,0,118,1.0,1.0,0.0,0.0,0.14,0.06,0.0,255,18,0.07,0.06,0.0,0.0,1.0,1.0,0.0,1,112552.0
0,0,13,9,8,0,0,0,0,0,0,0,0,1,0.0,0.0,0.0,0.0,1.0,0.0,1.0,1,21,1.0,0.0,1.0,0.52,0.0,0.0,0.0,1,65191.0
0,1,27,5,0,0,0,0,0,0,0,0,0,142,1.0,1.0,0.0,0.0,0.03,0.06,0.0,255,4,0.02,0.07,0.0,0.0,1.0,1.0,0.0,1,58130.0
0,1,22,9,244,266,0,0,1,0,0,0,0,10,0.0,0.0,0.0,0.0,1.0,0.0,0.07,10,216,1.0,0.0,0.1,0.01,0.0,0.0,0.2,0,42935.0
0,1,22,9,358,1486,0,0,1,0,0,0,0,7,0.0,0.0,0.0,0.0,1.0,0.0,0.25,24,255,1.0,0.0,0.04,0.03,0.0,0.0,0.0,0,5804.0
0,1,46,1,0,0,0,0,0,0,0,0,0,291,0.03,0.0,0.95,1.0,0.0,1.0,0.0,255,1,0.0,0.97,0.0,0.0,0.04,0.0,1.0,1,37927.0
0,1,22,9,181,11928,0,0,1,0,0,0,0,2,0.0,0.0,0.0,0.0,1.0,0.0,0.0,255,255,1.0,0.0,0.0,0.0,0.0,0.0,0.0,0,97156.0
0,1,22,9,215,1935,0,0,1,0,0,0,0,3,0.0,0.0,0.0,0.0,1.0,0.0,0.0,53,255,1.0,0.0,0.02,0.01,0.0,0.0,0.0,0,46370.0
0,1,22,9,286,27280,0,0,1,0,0,0,0,2,0.0,0.0,0.0,0.0,1.0,0.0,0.67,64,255,1.0,0.0,0.02,0.02,0.02,0.01,0.0,0,15606.0
0,1,46,5,0,0,0,0,0,0,0,0,0,220,1.0,1.0,0.0,0.0,0.05,0.05,0.0,24,11,0.46,0.12,0.04,0.0,0.92,1.0,0.0,1,941.0
0,1,46,1,0,0,0,0,0,0,0,0,0,188,0.02,0.0,0.95,1.0,0.01,1.0,0.0,255,1,0.0,0.76,0.0,0.0,0.01,0.0,1.0,1,2599.0
0,1,22,9,291,594,0,0,1,0,0,0,0,6,0.0,0.0,0.0,0.0,1.0,0.0,0.27,28,255,1.0,0.0,0.04,0.05,0.0,0.0,0.0,0,14997.0
0,0,13,9,8,0,0,0,0,0,0,0,0,1,0.0,0.0,0.0,0.0,1.0,0.0,1.0,2,90,1.0,0.0,1.0,0.5,0.0,0.0,0.0,1,12339.0
7,1,51,9,862,332,0,0,1,0,0,0,0,1,0.0,0.0,0.0,0.0,1.0,0.0,0.0,129,106,0.82,0.02,0.01,0.0,0.0,0.0,0.0,0,109866.0
751,1,41,4,1,0,0,0,0,0,0,0,0,2,0.0,0.0,1.0,1.0,1.0,0.0,0.0,255,2,0.01,0.73,1.0,0.0,0.0,0.0,1.0,1,43694.0
0,1,22,9,234,756,0,0,1,0,0,0,0,2,0.0,0.0,0.0,0.0,1.0,0.0,0.0,170,255,1.0,0.0,0.01,0.01,0.0,0.0,0.06,0,51358.0
0,0,14,9,20,0,0,0,0,0,0,0,0,2,0.0,0.0,0.0,0.0,1.0,0.0,0.0,176,2,0.01,0.06,0.01,0.0,0.01,0.0,0.0,1,27766.0
0,1,19,9,1606,0,0,0,0,0,0,0,0,1,0.0,0.0,0.0,0.0,1.0,0.0,0.0,255,28,0.11,0.73,0.11,0.0,0.72,0.0,0.0,0,102923.0
0,2,11,9,45,45,0,0,0,0,0,0,0,173,0.0,0.0,0.0,0.0,0.99,0.01,0.0,255,254,1.0,0.01,0.0,0.0,0.0,0.0,0.0,0,81744.0
0,0,13,9,30,0,0,0,0,0,0,0,0,2,0.0,0.0,0.0,0.0,1.0,0.0,0.0,229,229,1.0,0.0,1.0,0.0,0.0,0.0,0.0,0,124728.0
0,1,32,5,0,0,0,0,0,0,0,0,0,143,1.0,1.0,0.0,0.0,0.12,0.06,0.0,255,8,0.03,0.07,0.0,0.0,1.0,1.0,0.0,1,18957.0
0,1,22,9,198,4333,0,0,1,0,0,0,0,19,0.0,0.0,0.0,0.0,1.0,0.0,0.0,19,255,1.0,0.0,0.05,0.04,0.0,0.0,0.0,0,101610.0
2587,2,41,9,146,105,0,0,0,0,0,0,0,1,0.0,0.0,0.0,0.0,1.0,0.0,0.0,255,1,0.0,0.75,0.99,0.0,0.0,0.0,0.0,0,70368.0
0,1,22,9,227,1938,0,0,1,0,0,0,0,4,0.0,0.0,0.0,0.0,1.0,0.0,0.27,4,255,1.0,0.0,0.25,0.04,0.0,0.01,0.0,0,96142.0
0,1,22,9,264,5571,0,0,1,0,0,0,0,36,0.0,0.0,0.0,0.0,1.0,0.0,0.0,255,255,1.0,0.0,0.0,0.0,0.0,0.0,0.0,0,80084.0
0,1,22,9,336,3141,0,0,1,0,0,0,0,3,0.0,0.0,0.0,0.0,1.0,0.0,0.33,74,255,1.0,0.0,0.01,0.02,0.0,0.0,0.0,0,93959.0
0,1,19,9,879,0,0,0,1,0,0,0,0,7,0.0,0.0,0.0,0.0,1.0,0.0,0.0,85,100,0.33,0.04,0.33,0.02,0.0,0.0,0.0,0,45236.0
5,1,1,9,312876,22784,0,0,1,0,0,0,0,1,0.0,0.0,0.0,0.0,1.0,0.0,0.0,54,32,0.59,0.07,0.02,0.0,0.02,0.03,0.03,0,8894.0
0,1,46,5,0,0,0,0,0,0,0,0,0,295,1.0,1.0,0.0,0.0,0.03,0.05,0.0,255,10,0.04,0.07,0.0,0.0,1.0,1.0,0.0,1,100537.0
0,1,22,9,288,579,0,0,1,0,0,0,0,20,0.0,0.0,0.0,0.0,1.0,0.0,0.0,255,255,1.0,0.0,0.0,0.0,0.0,0.0,0.0,0,48979.0
0,1,46,1,0,0,0,0,0,0,0,0,0,199,0.0,0.0,1.0,1.0,0.04,0.06,0.0,255,8,0.03,0.08,0.0,0.0,0.0,0.0,1.0,1,61118.0
0,1,17,2,0,0,0,0,0,0,0,0,0,259,0.0,0.0,1.0,1.0,0.02,0.07,0.0,255,5,0.02,0.08,0.0,0.0,0.0,0.0,1.0,1,64831.0
0,1,22,5,0,0,0,0,0,0,0,0,0,52,0.96,1.0,0.04,0.0,0.29,0.12,0.0,255,40,0.16,0.04,0.02,0.0,1.0,1.0,0.0,1,45181.0
0,1,22,9,241,649,0,0,1,0,0,0,0,24,0.0,0.0,0.04,0.04,1.0,0.0,0.0,251,255,1.0,0.0,0.0,0.02,0.0,0.0,0.0,0,124736.0
0,1,22,9,341,535,0,0,1,0,0,0,0,21,0.0,0.0,0.0,0.0,1.0,0.0,0.19,255,255,1.0,0.0,0.0,0.0,0.0,0.0,0.0,0,96731.0
0,1,22,9,195,7730,0,0,1,0,0,0,0,1,0.0,0.0,0.0,0.0,1.0,0.0,0.0,1,255,1.0,0.0,1.0,0.09,0.0,0.0,0.99,0,90459.0
0,1,35,5,0,0,0,0,0,0,0,0,0,218,1.0,1.0,0.0,0.0,0.0,0.07,0.0,255,1,0.0,0.09,0.0,0.0,1.0,1.0,0.0,1,16710.0
0,1,46,1,0,0,0,0,0,0,0,0,0,160,0.05,0.0,0.94,1.0,0.01,1.0,0.0,255,1,0.0,0.8,0.0,0.0,0.03,0.0,1.0,1,10388.0
0,1,19,9,1339,0,0,0,0,0,0,0,0,2,0.0,0.0,0.0,0.0,1.0,0.0,0.0,34,70,0.18,0.06,0.18,0.03,0.0,0.0,0.0,0,92147.0
0,1,19,9,9,0,0,0,1,0,0,0,0,2,0.0,0.0,0.0,0.0,1.0,0.0,0.0,86,81,0.1,0.83,0.09,0.02,0.0,0.0,0.01,0,35020.0
0,1,34,5,0,0,0,0,0,0,0,0,0,264,1.0,1.0,0.0,0.0,0.02,0.06,0.0,255,1,0.0,0.08,0.0,0.0,1.0,1.0,0.0,1,110172.0
0,0,14,9,1480,0,1,0,0,0,0,0,0,1,0.0,0.0,0.0,0.0,1.0,0.0,0.67,2,19,0.5,1.0,0.5,0.53,0.0,0.0,0.0,0,30503.0
0,1,60,5,0,0,0,0,0,0,0,0,0,17,1.0,1.0,0.0,0.0,0.53,0.18,0.0,255,15,0.06,0.07,0.0,0.0,1.0,1.0,0.0,1,34550.0
0,0,13,9,8,0,0,0,0,0,0,0,0,1,0.0,0.0,0.0,0.0,1.0,0.0,1.0,1,75,1.0,0.0,1.0,0.52,0.0,0.0,0.0,1,82449.0
0,1,22,9,323,954,0,0,1,0,0,0,0,5,0.0,0.08,0.0,0.0,1.0,0.0,0.17,76,255,1.0,0.0,0.01,0.04,0.0,0.0,0.0,0,115373.0
0,2,11,9,46,46,0,0,0,0,0,0,0,96,0.0,0.0,0.0,0.0,1.0,0.0,0.01,255,255,1.0,0.0,0.01,0.0,0.0,0.0,0.0,0,64118.0
0,2,11,9,44,129,0,0,0,0,0,0,0,69,0.0,0.0,0.0,0.0,1.0,0.0,0.01,255,255,1.0,0.0,0.0,0.0,0.0,0.0,0.0,0,92485.0
0,1,36,5,0,0,0,0,0,0,0,0,0,9,1.0,1.0,0.0,0.0,0.22,0.67,0.0,255,2,0.01,0.09,0.0,0.0,1.0,1.0,0.0,1,43934.0
0,1,19,9,334,0,0,0,1,0,0,0,0,1,0.0,0.0,0.0,0.0,1.0,0.0,0.0,3,41,1.0,0.0,1.0,0.15,0.0,0.0,0.0,1,7833.0
0,0,13,9,8,0,0,0,0,0,0,0,0,1,0.0,0.0,0.0,0.0,1.0,0.0,1.0,1,169,1.0,0.0,1.0,0.25,0.0,0.0,0.0,1,36915.0
0,1,19,9,1214,0,0,0,0,0,0,0,0,18,0.0,0.0,0.0,0.0,1.0,0.0,0.0,88,34,0.39,0.07,0.39,0.0,0.0,0.0,0.0,0,24307.0
0,1,8,2,0,0,0,0,0,0,0,0,0,238,0.0,0.0,1.0,1.0,0.07,0.07,0.0,255,17,0.07,0.08,0.0,0.0,0.0,0.0,1.0,1,10325.0
0,1,22,9,54540,8314,0,2,1,1,0,0,0,5,0.0,0.0,0.0,0.0,1.0,0.0,0.0,18,18,1.0,0.0,0.06,0.0,0.0,0.0,0.06,1,23047.0
0,1,22,9,249,171,0,0,1,0,0,0,0,1,0.0,0.0,0.0,0.0,1.0,0.0,0.15,17,255,1.0,0.0,0.06,0.04,0.0,0.0,0.0,0,27621.0
0,1,46,5,0,0,0,0,0,0,0,0,0,133,1.0,1.0,0.0,0.0,0.14,0.05,0.0,255,18,0.07,0.04,0.0,0.0,1.0,1.0,0.0,1,124717.0
0,1,22,9,211,2315,0,0,1,0,0,0,0,9,0.0,0.0,0.0,0.0,1.0,0.0,0.2,35,255,1.0,0.0,0.03,0.05,0.0,0.0,0.0,0,122516.0
0,1,25,5,0,0,0,0,0,0,0,0,0,267,1.0,1.0,0.0,0.0,0.05,0.05,0.0,255,13,0.05,0.05,0.0,0.0,1.0,1.0,0.0,1,16901.0
0,1,46,1,0,0,0,0,0,0,0,0,0,408,0.0,0.0,1.0,1.0,0.0,0.52,0.0,255,1,0.0,0.52,1.0,0.0,0.0,0.0,1.0,1,118720.0
0,1,19,9,6062,0,0,0,1,0,0,0,0,13,0.0,0.0,0.0,0.0,1.0,0.0,0.0,190,95,0.38,0.03,0.39,0.02,0.01,0.01,0.0,0,87523.0
8681,1,0,4,1506,10566,0,0,0,0,0,0,0,1,0.0,0.0,1.0,1.0,1.0,0.0,0.0,30,9,0.3,0.1,0.03,0.0,0.0,0.0,1.0,0,28166.0
0,2,11,9,43,43,0,0,0,0,0,0,0,96,0.0,0.0,0.0,0.0,1.0,0.0,0.01,255,255,1.0,0.0,0.01,0.0,0.0,0.0,0.0,0,91974.0
0,1,19,9,334,0,0,0,1,0,0,0,0,2,0.0,0.0,0.0,0.0,1.0,0.0,0.0,4,30,1.0,0.0,1.0,0.17,0.0,0.0,0.0,1,16589.0
0,1,22,9,361,858,0,0,1,0,0,0,0,13,0.0,0.0,0.0,0.0,1.0,0.0,0.14,112,255,1.0,0.0,0.01,0.02,0.0,0.0,0.0,0,7366.0
0,1,57,5,0,0,0,0,0,0,0,0,0,75,1.0,1.0,0.0,0.0,0.24,0.05,0.0,255,58,0.23,0.04,0.01,0.0,1.0,1.0,0.0,1,47446.0
0,2,46,9,105,147,0,0,0,0,0,0,0,4,0.0,0.0,0.0,0.0,0.25,0.5,0.0,255,250,0.98,0.01,0.01,0.0,0.0,0.0,0.0,0,30514.0
0,1,24,5,0,0,0,0,0,0,0,0,0,148,1.0,1.0,0.0,0.0,0.16,0.05,0.0,255,24,0.09,0.05,0.0,0.0,1.0,1.0,0.0,1,33644.0
0,1,46,5,0,0,0,0,0,0,0,0,0,216,1.0,1.0,0.0,0.0,0.06,0.06,0.0,255,10,0.04,0.07,0.0,0.0,1.0,1.0,0.0,1,19838.0
0,1,5,5,0,0,0,0,0,0,0,0,0,135,1.0,1.0,0.0,0.0,0.09,0.06,0.0,255,15,0.06,0.06,0.0,0.0,1.0,1.0,0.0,1,112200.0
0,1,22,9,54540,8314,0,2,1,1,0,0,0,5,0.2,0.2,0.2,0.2,1.0,0.0,0.0,255,255,1.0,0.0,0.0,0.0,0.0,0.0,0.06,1,4292.0
0,1,22,9,303,2239,0,0,1,0,0,0,0,4,0.0,0.0,0.0,0.0,1.0,0.0,0.0,255,234,0.92,0.01,0.0,0.0,0.0,0.0,0.0,0,125547.0
0,1,22,9,306,1461,0,0,1,0,0,0,0,27,0.0,0.0,0.0,0.0,1.0,0.0,0.0,140,255,1.0,0.0,0.01,0.05,0.0,0.0,0.0,0,100762.0
0,2,11,9,46,77,0,0,0,0,0,0,0,224,0.0,0.0,0.0,0.0,1.0,0.0,0.01,255,254,1.0,0.01,0.0,0.0,0.0,0.0,0.0,0,18670.0
0,1,51,9,1123,339,0,0,1,0,0,0,0,1,0.0,0.0,0.0,0.0,1.0,0.0,0.0,255,146,0.57,0.04,0.0,0.0,0.0,0.0,0.0,0,4293.0
0,1,18,5,0,0,0,0,0,0,0,0,0,36,1.0,1.0,0.0,0.0,0.03,0.14,0.0,255,8,0.03,0.08,0.0,0.0,1.0,1.0,0.0,1,41986.0
7340,2,41,9,147,105,0,0,0,0,0,0,0,2,0.0,0.0,0.0,0.0,1.0,0.0,0.0,255,2,0.01,0.86,1.0,0.0,0.0,0.0,0.0,0,87703.0
0,1,51,9,60814,387,0,0,1,0,0,0,0,1,0.0,0.0,0.0,0.0,1.0,0.0,1.0,255,36,0.14,0.75,0.0,0.0,0.74,0.0,0.0,0,22873.0
0,1,36,1,0,0,0,0,0,0,0,0,0,111,0.0,0.0,1.0,1.0,0.02,0.07,0.0,255,2,0.01,0.08,0.0,0.0,0.0,0.0,1.0,1,91736.0
0,1,12,5,0,0,0,0,0,0,0,0,0,156,1.0,1.0,0.0,0.0,0.03,0.06,0.0,255,4,0.02,0.06,0.0,0.0,1.0,1.0,0.0,1,64260.0
0,1,22,9,326,1380,0,0,1,0,0,0,0,2,0.0,0.0,0.0,0.0,1.0,0.0,0.0,10,255,1.0,0.0,0.1,0.04,0.0,0.0,0.0,0,24547.0
0,1,22,9,181,8466,0,0,1,0,0,0,0,4,0.0,0.0,0.0,0.0,1.0,0.0,0.0,15,255,1.0,0.0,0.07,0.03,0.0,0.0,0.0,0,61913.0
0,1,22,5,0,0,0,0,0,0,0,0,0,12,1.0,1.0,0.0,0.0,0.5,0.17,0.0,255,66,0.26,0.02,0.0,0.0,1.0,1.0,0.0,1,94894.0
0,1,22,9,211,12922,0,0,1,0,0,0,0,31,0.0,0.0,0.0,0.0,1.0,0.0,0.0,255,255,1.0,0.0,0.0,0.0,0.0,0.0,0.0,0,112790.0
0,1,22,9,315,283,0,0,1,0,0,0,0,18,0.0,0.0,0.0,0.0,1.0,0.0,0.0,227,255,1.0,0.0,0.0,0.01,0.0,0.0,0.0,0,82828.0
0,1,2,5,0,0,0,0,0,0,0,0,0,190,0.99,1.0,0.01,0.0,0.01,0.07,0.0,255,1,0.0,0.07,0.0,0.0,1.0,1.0,0.0,1,4231.0
0,1,51,9,1472,385,0,0,1,0,0,0,0,1,0.0,0.0,0.0,0.0,1.0,0.0,1.0,255,119,0.47,0.02,0.0,0.0,0.33,0.36,0.0,0,73349.0
0,0,13,9,8,0,0,0,0,0,0,0,0,1,0.0,0.0,0.0,0.0,1.0,0.0,1.0,1,58,1.0,0.0,1.0,0.52,0.0,0.0,0.0,1,106716.0
19,2,46,9,105,147,0,0,0,0,0,0,0,2,0.0,0.0,0.0,0.0,1.0,0.0,0.0,255,240,0.94,0.01,0.02,0.0,0.0,0.0,0.0,0,120553.0
0,1,3,5,0,0,0,0,0,0,0,0,0,270,1.0,1.0,0.0,0.0,0.07,0.06,0.0,255,20,0.08,0.07,0.0,0.0,1.0,1.0,0.0,1,16213.0
0,1,51,9,1399,328,0,0,1,0,0,0,0,1,0.0,0.0,0.0,0.0,1.0,0.0,1.0,122,113,0.47,0.04,0.01,0.02,0.0,0.0,0.03,0,107929.0
0,1,60,5,0,0,0,0,0,0,0,0,0,282,1.0,1.0,0.0,0.0,0.07,0.06,0.0,255,19,0.07,0.07,0.0,0.0,1.0,1.0,0.0,1,21838.0
0,1,22,9,187,1976,0,0,1,0,0,0,0,1,0.0,0.0,0.0,0.0,1.0,0.0,0.15,2,255,1.0,0.0,0.5,0.04,0.0,0.0,0.0,0,112043.0
0,1,36,5,0,0,0,0,0,0,0,0,0,286,1.0,1.0,0.0,0.0,0.02,0.06,0.0,255,14,0.05,0.07,0.0,0.0,1.0,1.0,0.0,1,5903.0
0,1,22,9,221,917,0,0,1,0,0,0,0,1,0.0,0.0,0.0,0.0,1.0,0.0,0.0,1,255,1.0,0.0,1.0,0.03,0.0,0.0,0.0,0,53978.0
0,2,41,9,516,4,0,0,0,0,0,0,0,357,0.0,0.0,0.0,0.0,1.0,0.0,0.0,255,255,1.0,0.0,1.0,0.0,0.0,0.0,0.0,0,76779.0
0,1,22,9,254,1947,0,0,1,0,0,0,0,5,0.0,0.0,0.0,0.0,1.0,0.0,0.33,255,235,0.92,0.01,0.0,0.0,0.0,0.0,0.0,0,112253.0
0,1,22,9,189,9692,0,0,1,0,0,0,0,1,0.0,0.0,0.0,0.0,1.0,0.0,0.4,255,255,1.0,0.0,0.0,0.0,0.0,0.0,0.0,0,117857.0
0,2,11,9,34,94,0,0,0,0,0,0,0,2,0.0,0.0,0.0,0.0,1.0,0.0,0.0,156,154,0.99,0.01,0.01,0.0,0.0,0.0,0.0,0,25652.0
0,1,9,5,0,0,0,0,0,0,0,0,0,288,1.0,1.0,0.0,0.0,0.08,0.05,0.0,255,23,0.09,0.05,0.0,0.0,1.0,1.0,0.0,1,124739.0
0,1,22,9,220,2486,0,0,1,0,0,0,0,22,0.0,0.0,0.0,0.0,1.0,0.0,0.0,255,255,1.0,0.0,0.0,0.0,0.0,0.0,0.0,0,23999.0
0,1,22,9,200,286,0,0,1,0,0,0,0,13,0.0,0.0,0.0,0.0,1.0,0.0,0.1,60,255,1.0,0.0,0.02,0.05,0.0,0.0,0.0,0,66967.0
0,2,46,9,207,0,0,0,0,0,0,0,0,2,0.0,0.0,0.0,0.0,1.0,0.0,0.0,124,108,0.87,0.02,0.87,0.0,0.0,0.0,0.0,1,69468.0
0,2,11,9,43,121,0,0,0,0,0,0,0,193,0.0,0.0,0.0,0.0,1.0,0.0,0.0,255,251,0.98,0.01,0.0,0.0,0.0,0.0,0.0,0,21201.0
0,1,66,1,0,0,0,0,0,0,0,0,0,229,0.0,0.0,1.0,1.0,0.07,0.07,0.0,255,15,0.06,0.07,0.0,0.0,0.0,0.0,1.0,1,18982.0
0,1,26,5,0,0,0,0,0,0,0,0,0,258,1.0,1.0,0.0,0.0,0.01,0.07,0.0,255,3,0.01,0.08,0.0,0.0,1.0,1.0,0.0,1,46493.0
0,1,22,9,287,2459,0,0,1,0,0,0,0,1,0.0,0.0,0.0,0.0,1.0,0.0,0.0,22,255,1.0,0.0,0.05,0.02,0.0,0.0,0.0,0,22300.0
0,1,33,5,0,0,0,0,0,0,0,0,0,243,1.0,1.0,0.0,0.0,0.0,0.06,0.0,255,2,0.01,0.07,0.0,0.0,1.0,1.0,0.0,1,121369.0
0,1,22,9,187,1720,0,0,1,0,0,0,0,2,0.0,0.0,0.0,0.0,1.0,0.0,0.0,2,255,1.0,0.0,0.5,0.05,0.0,0.0,0.0,0,37811.0
0,1,22,9,239,2982,0,0,1,0,0,0,0,2,0.0,0.0,0.0,0.0,1.0,0.0,0.17,2,82,1.0,0.0,0.5,0.11,0.0,0.0,0.0,0,7413.0
4,1,51,9,594,331,0,0,1,0,0,0,0,1,0.0,0.0,0.0,0.0,1.0,0.0,0.0,192,158,0.58,0.02,0.01,0.01,0.01,0.01,0.0,0,95739.0
0,1,18,5,0,0,0,0,0,0,0,0,0,240,1.0,1.0,0.0,0.0,0.01,0.06,0.0,255,2,0.01,0.07,0.0,0.0,1.0,1.0,0.0,1,24436.0
0,1,53,5,0,0,0,0,0,0,0,0,0,191,1.0,1.0,0.0,0.0,0.02,0.07,0.0,255,3,0.01,0.07,0.0,0.0,1.0,1.0,0.0,1,69723.0
8633,1,0,4,740,9343,0,0,0,0,0,0,0,1,0.0,0.0,1.0,1.0,1.0,0.0,0.0,34,8,0.24,0.06,0.03,0.0,0.0,0.0,0.75,0,121403.0
0,1,41,1,0,0,0,0,0,0,0,0,0,511,0.14,0.0,0.86,1.0,0.0,1.0,0.0,255,1,0.0,1.0,0.0,0.0,0.22,0.0,1.0,1,70030.0
0,1,34,5,0,0,0,0,0,0,0,0,0,6,1.0,1.0,0.0,0.0,0.17,0.83,0.0,255,14,0.05,0.09,0.0,0.0,1.0,1.0,0.0,1,28430.0
0,2,46,9,105,145,0,0,0,0,0,0,0,1,0.0,0.0,0.0,0.0,1.0,0.0,0.0,255,252,0.99,0.01,0.01,0.0,0.0,0.0,0.0,0,124729.0
0,1,10,5,0,0,0,0,0,0,0,0,0,248,1.0,1.0,0.0,0.0,0.07,0.06,0.0,255,17,0.07,0.07,0.0,0.0,1.0,1.0,0.0,1,65328.0
0,1,51,9,6,125,0,0,1,0,0,0,0,4,0.0,0.0,0.5,0.0,0.25,1.0,1.0,255,5,0.02,0.33,0.0,0.0,0.0,0.0,0.0,0,91252.0
0,0,13,9,8,0,0,0,0,0,0,0,0,1,0.0,0.0,0.0,0.0,1.0,0.0,1.0,1,9,1.0,0.0,1.0,0.56,0.0,0.0,0.0,1,64921.0
0,1,22,9,330,5310,0,0,1,0,0,0,0,9,0.0,0.0,0.0,0.0,1.0,0.0,0.16,47,255,1.0,0.0,0.02,0.02,0.0,0.0,0.0,0,93759.0
0,0,14,9,1032,0,0,0,0,0,0,0,0,113,0.0,0.0,0.0,0.0,1.0,0.0,0.0,255,113,0.44,0.02,0.44,0.0,0.0,0.0,0.0,1,110525.0
0,1,22,4,43232,7300,0,1,1,0,0,0,0,6,0.0,0.0,0.33,0.43,1.0,0.0,0.29,255,255,1.0,0.0,0.0,0.0,0.0,0.0,0.06,1,46735.0
0,2,11,9,42,128,0,0,0,0,0,0,0,197,0.0,0.0,0.0,0.0,1.0,0.0,0.01,255,253,0.99,0.01,0.0,0.0,0.0,0.0,0.0,0,38586.0
0,2,11,9,44,129,0,0,0,0,0,0,0,48,0.0,0.0,0.0,0.0,1.0,0.0,0.02,255,255,1.0,0.0,0.0,0.0,0.0,0.0,0.0,0,115056.0
0,1,22,9,242,480,0,0,1,0,0,0,0,11,0.0,0.0,0.0,0.0,1.0,0.0,0.0,255,255,1.0,0.0,0.0,0.0,0.0,0.0,0.0,0,101156.0
0,1,22,9,300,7920,0,0,1,0,0,0,0,5,0.0,0.0,0.0,0.0,1.0,0.0,0.0,5,255,1.0,0.0,0.2,0.03,0.0,0.0,0.0,0,86600.0
0,2,11,9,43,127,0,0,0,0,0,0,0,95,0.0,0.0,0.0,0.0,1.0,0.0,0.01,255,254,1.0,0.01,0.0,0.0,0.0,0.0,0.0,0,41128.0
0,1,17,9,8,0,0,0,0,0,0,0,0,1,0.0,0.0,0.0,0.0,1.0,0.0,0.0,55,9,0.07,0.05,0.02,0.22,0.0,0.0,0.0,0,19314.0
0,1,46,5,0,0,0,0,0,0,0,0,0,202,1.0,1.0,0.0,0.0,0.09,0.06,0.0,255,19,0.07,0.09,0.0,0.0,1.0,1.0,0.0,1,70761.0
0,1,46,5,0,0,0,0,0,0,0,0,0,296,1.0,1.0,0.0,0.0,0.02,0.06,0.0,255,4,0.02,0.08,0.0,0.0,1.0,1.0,0.0,1,19852.0
29,1,51,9,1398,409,0,0,1,0,0,0,0,1,0.0,0.0,0.0,0.0,1.0,0.0,1.0,128,96,0.75,0.03,0.01,0.0,0.0,0.0,0.0,0,99587.0
0,1,19,9,960,0,0,0,0,0,0,0,0,2,0.0,0.0,0.0,0.0,0.5,1.0,0.0,205,28,0.14,0.03,0.14,0.0,0.0,0.0,0.0,0,91862.0
0,1,56,5,0,0,0,0,0,0,0,0,0,191,1.0,1.0,0.0,0.0,0.01,0.06,0.0,255,2,0.01,0.06,0.0,0.0,1.0,1.0,0.0,1,104820.0
0,1,6,5,0,0,0,0,0,0,0,0,0,264,1.0,1.0,0.0,0.0,0.03,0.06,0.0,255,14,0.05,0.07,0.0,0.0,1.0,1.0,0.0,1,23136.0
0,2,11,9,46,133,0,0,0,0,0,0,0,57,0.0,0.0,0.0,0.0,1.0,0.0,0.02,255,254,1.0,0.01,0.0,0.0,0.0,0.0,0.0,0,116187.0
0,1,22,9,328,256,0,0,1,0,0,0,0,7,0.0,0.0,0.0,0.0,1.0,0.0,0.25,255,255,1.0,0.0,0.0,0.0,0.0,0.0,0.0,0,108750.0
0,1,18,5,0,0,0,0,0,0,0,0,0,255,1.0,1.0,0.0,0.0,0.02,0.06,0.0,255,5,0.02,0.07,0.0,0.0,1.0,1.0,0.0,1,111329.0
0,0,14,9,1032,0,0,0,0,0,0,0,0,431,0.0,0.0,0.0,0.0,1.0,0.0,0.0,255,255,1.0,0.0,1.0,0.0,0.0,0.0,0.0,1,51089.0
0,1,22,9,296,2138,0,0,1,0,0,0,0,4,0.25,0.25,0.0,0.0,1.0,0.0,0.0,4,255,1.0,0.0,0.25,0.04,0.25,0.0,0.0,0,68869.0
0,1,46,5,0,0,0,0,0,0,0,0,0,176,1.0,1.0,0.0,0.0,0.06,0.07,0.0,255,19,0.07,0.07,0.0,0.0,1.0,1.0,0.0,1,73506.0
0,1,51,9,1779,391,0,0,1,0,0,0,0,1,0.0,0.0,0.0,0.0,1.0,0.0,0.0,255,87,0.34,0.05,0.0,0.0,0.29,0.0,0.0,0,120935.0
0,1,22,9,204,7203,0,0,1,0,0,0,0,13,0.0,0.0,0.0,0.0,1.0,0.0,0.14,255,255,1.0,0.0,0.0,0.0,0.0,0.0,0.0,0,59706.0
0,1,22,9,320,11863,0,0,1,0,0,0,0,2,0.0,0.0,0.0,0.0,1.0,0.0,0.0,83,255,1.0,0.0,0.01,0.04,0.0,0.0,0.0,0,38413.0
0,1,23,1,0,0,0,0,0,0,0,0,0,509,0.07,0.0,0.92,1.0,0.0,1.0,0.0,255,1,0.0,1.0,0.0,0.0,0.1,0.0,1.0,1,45071.0
0,1,26,5,0,0,0,0,0,0,0,0,0,292,1.0,1.0,0.0,0.0,0.05,0.06,0.0,255,5,0.02,0.07,0.0,0.0,1.0,1.0,0.0,1,84294.0
43,1,22,9,227,189,0,0,1,0,0,0,0,25,0.0,0.0,0.0,0.0,1.0,0.0,0.0,255,255,1.0,0.0,0.0,0.0,0.0,0.0,0.0,0,125728.0
0,0,13,9,8,0,0,0,0,0,0,0,0,1,0.0,0.0,0.0,0.0,1.0,0.0,1.0,1,97,1.0,0.0,1.0,0.51,0.0,0.0,0.0,1,124949.0
0,0,13,9,8,0,0,0,0,0,0,0,0,1,0.0,0.0,0.0,0.0,1.0,0.0,1.0,1,47,1.0,0.0,1.0,0.51,0.0,0.0,0.0,1,96223.0
0,1,12,5,0,0,0,0,0,0,0,0,0,172,1.0,1.0,0.0,0.0,0.07,0.06,0.0,255,12,0.05,0.06,0.0,0.0,1.0,1.0,0.0,1,31537.0
0,1,22,9,216,770,0,0,1,0,0,0,0,34,0.0,0.0,0.0,0.0,1.0,0.0,0.0,255,255,1.0,0.0,0.0,0.0,0.0,0.0,0.0,0,117337.0
1,1,60,9,0,4,0,0,0,0,0,0,0,1,0.0,0.0,0.0,0.0,1.0,0.0,0.0,18,2,0.06,1.0,0.06,1.0,0.0,0.0,0.0,1,81795.0
0,1,22,9,496,7931,0,0,1,0,0,0,0,4,0.0,0.0,0.0,0.0,1.0,0.0,0.0,255,255,1.0,0.0,0.0,0.0,0.0,0.0,0.0,0,51411.0
0,2,11,9,46,140,0,0,0,0,0,0,0,208,0.0,0.0,0.0,0.0,1.0,0.01,0.01,210,171,0.81,0.01,0.0,0.0,0.0,0.0,0.0,0,77340.0
1743,2,41,9,146,105,0,0,0,0,0,0,0,2,0.0,0.0,0.0,0.0,1.0,0.0,0.0,255,4,0.02,0.63,0.96,0.0,0.0,0.0,0.0,0,45067.0
0,1,46,5,0,0,0,0,0,0,0,0,0,121,1.0,1.0,0.0,0.0,0.08,0.06,0.0,255,12,0.05,0.07,0.0,0.0,1.0,1.0,0.0,1,79444.0
0,1,22,9,190,170,0,0,1,0,0,0,0,2,0.0,0.0,0.0,0.0,1.0,0.0,0.4,32,47,1.0,0.0,0.03,0.04,0.0,0.0,0.0,0,21304.0
0,1,46,5,0,0,0,0,0,0,0,0,0,189,1.0,1.0,0.0,0.0,0.01,0.07,0.0,255,18,0.07,0.07,0.0,0.0,1.0,1.0,0.0,1,56251.0
0,1,17,5,0,0,0,0,0,0,0,0,0,9,1.0,1.0,0.0,0.0,0.22,0.33,0.0,255,62,0.24,0.02,0.01,0.0,1.0,1.0,0.0,1,48657.0
0,1,46,5,0,0,0,0,0,0,0,0,0,73,1.0,1.0,0.0,0.0,0.04,0.07,0.0,255,17,0.07,0.05,0.0,0.0,1.0,1.0,0.0,1,679.0
0,0,14,9,1032,0,0,0,0,0,0,0,0,511,0.0,0.0,0.0,0.0,1.0,0.0,0.0,255,240,0.94,0.02,0.94,0.0,0.0,0.0,0.0,1,4446.0
0,0,14,9,1032,0,0,0,0,0,0,0,0,511,0.0,0.0,0.0,0.0,1.0,0.0,0.0,255,136,0.53,0.02,0.53,0.0,0.01,0.0,0.0,1,52251.0
0,1,15,5,0,0,0,0,0,0,0,0,0,7,1.0,1.0,0.0,0.0,0.86,0.29,0.0,255,6,0.02,0.07,0.0,0.0,1.0,1.0,0.0,1,68335.0
0,1,46,5,0,0,0,0,0,0,0,0,0,122,1.0,1.0,0.0,0.0,0.08,0.06,0.0,255,6,0.02,0.06,0.0,0.0,1.0,1.0,0.0,1,57614.0
0,1,22,9,219,251,0,0,1,0,0,0,0,19,0.0,0.0,0.0,0.0,1.0,0.0,0.14,39,255,1.0,0.0,0.03,0.02,0.0,0.0,0.0,0,25731.0
0,0,13,9,8,0,0,0,0,0,0,0,0,1,0.0,0.0,0.0,0.0,1.0,0.0,1.0,1,149,1.0,0.0,1.0,0.26,0.0,0.0,0.0,1,83977.0
0,1,22,9,184,19969,0,0,1,0,0,0,0,1,0.0,0.0,0.0,0.0,1.0,0.0,0.17,1,255,1.0,0.0,1.0,0.05,0.0,0.0,0.0,0,79535.0
21767,1,46,4,1,0,0,0,0,0,0,0,0,2,0.0,0.0,1.0,1.0,1.0,0.0,0.0,255,2,0.01,0.73,1.0,0.0,0.0,0.0,1.0,1,14211.0
0,2,46,9,1,0,0,0,0,0,0,0,0,18,0.0,0.0,0.0,0.0,0.17,0.22,0.0,255,46,0.18,0.24,1.0,0.0,0.0,0.0,0.0,1,86583.0
0,2,11,9,44,71,0,0,0,0,0,0,0,148,0.0,0.0,0.0,0.0,1.0,0.0,0.0,255,202,0.79,0.01,0.0,0.0,0.0,0.0,0.0,0,71548.0
0,2,46,9,28,0,3,0,0,0,0,0,0,4,0.0,0.0,0.0,0.0,1.0,0.0,0.0,255,4,0.02,0.01,0.02,0.0,0.0,0.0,0.0,1,65280.0
0,1,22,9,351,961,0,0,1,0,0,0,0,5,0.0,0.0,0.0,0.0,1.0,0.0,0.33,58,255,1.0,0.0,0.02,0.01,0.0,0.0,0.0,0,52979.0
0,0,13,9,8,0,0,0,0,0,0,0,0,1,0.0,0.0,0.0,0.0,1.0,0.0,1.0,3,61,1.0,0.0,1.0,0.26,0.0,0.0,0.0,1,120638.0
0,1,60,5,0,0,0,0,0,0,0,0,0,117,1.0,1.0,0.0,0.0,0.1,0.06,0.0,255,12,0.05,0.08,0.0,0.0,1.0,1.0,0.0,1,105766.0
0,1,22,9,202,5197,0,0,1,0,0,0,0,1,0.0,0.0,0.0,0.0,1.0,0.0,0.5,4,255,1.0,0.0,0.25,0.05,0.0,0.0,0.0,0,12388.0
0,0,13,9,30,0,0,0,0,0,0,0,0,2,0.0,0.0,0.0,0.0,0.5,1.0,0.0,255,5,0.02,0.01,0.16,0.0,0.0,0.0,0.0,0,61998.0
0,1,22,9,235,789,0,0,1,0,0,0,0,13,0.0,0.0,0.0,0.0,1.0,0.0,0.22,255,255,1.0,0.0,0.0,0.0,0.0,0.0,0.0,0,27673.0
4,1,57,2,0,15,0,0,0,0,0,0,0,1,0.0,0.0,1.0,1.0,1.0,0.0,0.0,130,1,0.01,0.05,0.01,0.0,0.0,0.0,1.0,0,1040.0
0,1,46,4,0,0,0,0,0,0,0,0,0,1,0.0,0.0,1.0,1.0,1.0,0.0,0.0,181,1,0.01,0.1,0.07,0.0,0.0,0.0,1.0,1,58723.0
0,1,22,9,331,5337,0,0,1,0,0,0,0,39,0.0,0.0,0.0,0.0,1.0,0.0,0.0,255,255,1.0,0.0,0.0,0.0,0.0,0.0,0.0,0,20025.0
1133,2,41,9,147,105,0,0,0,0,0,0,0,1,0.0,0.0,0.0,0.0,1.0,0.0,0.0,255,1,0.0,0.84,1.0,0.0,0.0,0.0,0.0,0,14452.0
0,1,66,5,0,0,0,0,0,0,0,0,0,297,1.0,1.0,0.0,0.0,0.07,0.06,0.0,255,20,0.08,0.07,0.0,0.0,1.0,1.0,0.0,1,67103.0
0,2,41,9,516,4,0,0,0,0,0,0,0,411,0.0,0.0,0.0,0.0,1.0,0.0,0.0,255,255,1.0,0.0,1.0,0.0,0.0,0.0,0.0,0,27193.0
0,1,22,9,153,362,0,0,1,0,0,0,0,1,0.0,0.0,0.0,0.0,1.0,0.0,1.0,2,255,1.0,0.0,0.5,0.04,0.0,0.0,0.01,0,83333.0
0,1,22,1,0,0,0,0,0,0,0,0,0,1,0.0,0.0,1.0,1.0,1.0,0.0,0.0,51,255,1.0,0.0,0.02,0.13,0.0,0.0,1.0,0,16086.0
0,2,11,9,41,41,0,0,0,0,0,0,0,2,0.0,0.0,0.0,0.0,1.0,0.0,0.5,255,241,0.95,0.01,0.0,0.0,0.0,0.0,0.0,0,55217.0
0,1,57,5,0,0,0,0,0,0,0,0,0,55,1.0,1.0,0.0,0.0,0.24,0.07,0.0,255,47,0.18,0.04,0.01,0.0,1.0,1.0,0.0,1,98547.0
0,1,22,9,229,4027,0,0,1,0,0,0,0,1,0.0,0.0,0.0,0.0,1.0,0.0,0.0,25,255,1.0,0.0,0.04,0.04,0.0,0.0,0.0,0,122976.0
0,0,13,9,8,0,0,0,0,0,0,0,0,1,0.0,0.0,0.0,0.0,1.0,0.0,1.0,2,84,1.0,0.0,1.0,0.5,0.0,0.0,0.0,1,124929.0
0,2,11,9,45,71,0,0,0,0,0,0,0,154,0.0,0.0,0.0,0.0,1.0,0.0,0.0,255,190,0.75,0.01,0.0,0.0,0.0,0.0,0.0,0,44166.0
0,1,22,9,292,1651,0,0,1,0,0,0,0,4,0.0,0.0,0.0,0.0,1.0,0.0,0.33,97,255,1.0,0.0,0.01,0.02,0.0,0.0,0.0,0,107825.0
0,1,46,5,0,0,0,0,0,0,0,0,0,123,1.0,1.0,0.0,0.0,0.02,0.07,0.0,255,7,0.03,0.06,0.0,0.0,1.0,1.0,0.0,1,4524.0
0,1,41,5,0,0,0,0,0,0,0,0,0,209,1.0,1.0,0.0,0.0,0.04,0.07,0.0,255,17,0.07,0.07,0.0,0.0,1.0,1.0,0.0,1,85902.0
0,1,22,9,342,860,0,0,1,0,0,0,0,13,0.0,0.0,0.0,0.0,1.0,0.0,0.0,164,255,1.0,0.0,0.01,0.01,0.0,0.0,0.0,0,113109.0
0,1,16,5,0,0,0,0,0,0,0,0,0,30,1.0,1.0,0.0,0.0,0.27,0.1,0.0,255,8,0.03,0.07,0.0,0.0,1.0,1.0,0.0,1,21271.0
8735,1,41,4,1,0,0,0,0,0,0,0,0,2,0.0,0.0,1.0,1.0,1.0,0.0,0.0,255,2,0.01,0.73,1.0,0.0,0.0,0.0,1.0,1,77404.0
0,1,22,9,205,2223,0,0,1,0,0,0,0,2,0.0,0.0,0.0,0.0,1.0,0.0,0.0,2,82,1.0,0.0,0.5,0.04,0.0,0.0,0.0,0,65124.0
3915,2,41,9,146,105,0,0,0,0,0,0,0,1,0.0,0.0,0.0,0.0,1.0,0.0,0.0,255,2,0.01,0.56,0.87,0.0,0.0,0.0,0.0,0,46143.0
0,1,64,5,0,0,0,0,0,0,0,0,0,125,1.0,1.0,0.0,0.0,0.02,0.05,0.0,255,2,0.01,0.05,0.0,0.0,1.0,1.0,0.0,1,86349.0
0,1,22,9,54540,8314,0,2,1,1,0,0,0,5,0.0,0.0,0.0,0.0,1.0,0.0,0.0,254,254,1.0,0.0,0.0,0.0,0.0,0.0,0.05,1,36371.0
0,1,46,5,0,0,0,0,0,0,0,0,0,83,1.0,1.0,0.0,0.0,0.16,0.06,0.0,255,13,0.05,0.06,0.0,0.0,1.0,1.0,0.0,1,116971.0
0,1,22,9,216,6318,0,0,1,0,0,0,0,6,0.0,0.0,0.0,0.0,1.0,0.0,0.0,19,215,1.0,0.0,0.05,0.09,0.0,0.0,0.0,0,89831.0
0,1,19,5,0,0,0,0,0,0,0,0,0,8,1.0,1.0,0.0,0.0,0.62,0.25,0.0,255,57,0.22,0.02,0.01,0.0,1.0,1.0,0.0,1,108590.0
9595,1,41,4,1,0,0,0,0,0,0,0,0,2,0.0,0.0,1.0,1.0,1.0,0.0,0.0,255,2,0.01,0.74,1.0,0.0,0.0,0.0,1.0,1,59846.0
0,1,20,5,0,0,0,0,0,0,0,0,0,208,1.0,1.0,0.0,0.0,0.08,0.07,0.0,255,18,0.07,0.07,0.0,0.0,1.0,1.0,0.0,1,103453.0
0,1,7,5,0,0,0,0,0,0,0,0,0,208,1.0,1.0,0.0,0.0,0.09,0.07,0.0,255,19,0.07,0.07,0.0,0.0,1.0,1.0,0.0,1,76955.0
0,1,22,9,218,712,0,0,1,0,0,0,0,3,0.0,0.0,0.0,0.0,1.0,0.0,0.0,255,255,1.0,0.0,0.0,0.0,0.0,0.0,0.0,0,50098.0
0,1,22,9,313,13210,0,0,1,0,0,0,0,10,0.0,0.0,0.0,0.0,1.0,0.0,0.0,255,255,1.0,0.0,0.0,0.0,0.0,0.0,0.0,0,74959.0
0,0,13,9,8,0,0,0,0,0,0,0,0,1,0.0,0.0,0.0,0.0,1.0,0.0,1.0,1,37,1.0,0.0,1.0,0.51,0.0,0.0,0.0,1,32505.0
0,1,39,5,0,0,0,0,0,0,0,0,0,300,1.0,1.0,0.0,0.0,0.04,0.05,0.0,255,9,0.04,0.07,0.0,0.0,1.0,1.0,0.0,1,94618.0
0,1,22,9,312,981,0,0,1,0,0,0,0,6,0.0,0.0,0.0,0.0,1.0,0.0,0.0,19,255,1.0,0.0,0.05,0.03,0.0,0.0,0.0,0,9679.0
0,1,22,1,0,0,0,0,0,0,0,0,0,1,0.0,0.0,1.0,1.0,1.0,0.0,0.0,6,251,1.0,0.0,0.17,0.2,0.0,0.0,0.99,0,54301.0
0,1,7,1,0,0,0,0,0,0,0,0,0,265,0.0,0.0,1.0,1.0,0.07,0.06,0.0,255,18,0.07,0.07,0.0,0.0,0.0,0.0,1.0,1,76924.0
0,1,19,9,334,0,0,0,1,0,0,0,0,1,0.0,0.0,0.0,0.0,1.0,0.0,0.0,3,23,1.0,0.0,1.0,0.13,0.0,0.0,0.0,1,3269.0
0,0,13,9,8,0,0,0,0,0,0,0,0,1,0.0,0.0,0.0,0.0,1.0,0.0,1.0,2,134,1.0,0.0,1.0,0.5,0.0,0.0,0.0,1,46200.0
0,1,19,9,61298,0,0,0,1,0,0,0,0,11,0.0,0.0,0.0,0.0,1.0,0.0,0.0,255,84,0.33,0.1,0.4,0.0,0.02,0.02,0.0,0,91053.0
0,1,24,5,0,0,0,0,0,0,0,0,0,234,1.0,1.0,0.0,0.0,0.01,0.06,0.0,255,3,0.01,0.07,0.0,0.0,1.0,1.0,0.0,1,11408.0
0,1,22,9,333,4296,0,0,1,0,0,0,0,2,0.0,0.0,0.0,0.0,1.0,0.0,0.4,6,255,1.0,0.0,0.17,0.02,0.0,0.0,0.0,0,17179.0
0,1,32,1,0,0,0,0,0,0,0,0,0,268,0.0,0.0,1.0,1.0,0.02,0.06,0.0,255,5,0.02,0.07,0.0,0.0,0.0,0.0,1.0,1,22932.0
0,1,57,5,0,0,0,0,0,0,0,0,0,12,1.0,1.0,0.0,0.0,0.33,0.25,0.0,255,64,0.25,0.02,0.01,0.0,1.0,1.0,0.0,1,22698.0
0,1,22,9,356,10033,0,0,1,0,0,0,0,2,0.0,0.0,0.0,0.0,1.0,0.0,0.67,130,255,1.0,0.0,0.02,0.02,0.0,0.0,0.0,0,31890.0
0,1,22,9,278,7227,0,0,1,0,0,0,0,3,0.0,0.0,0.0,0.0,1.0,0.0,0.0,153,255,1.0,0.0,0.01,0.05,0.0,0.0,0.0,0,103.0
0,1,2,5,0,0,0,0,0,0,0,0,0,292,1.0,1.0,0.0,0.0,0.05,0.05,0.0,255,16,0.06,0.05,0.0,0.0,1.0,1.0,0.0,1,7709.0
0,1,17,9,8,147,0,0,0,0,0,0,0,1,0.0,0.0,0.0,0.0,1.0,0.0,0.0,255,40,0.16,0.02,0.0,0.0,0.53,0.85,0.0,0,3596.0
0,1,22,9,217,1291,0,0,1,0,0,0,0,7,0.0,0.0,0.0,0.0,1.0,0.0,0.0,7,255,1.0,0.0,0.14,0.03,0.0,0.0,0.0,0,52553.0
0,1,22,9,228,1380,0,0,1,0,0,0,0,1,0.0,0.0,0.0,0.0,1.0,0.0,0.0,255,239,0.94,0.02,0.0,0.0,0.0,0.0,0.0,0,52196.0
0,1,22,9,245,717,0,0,1,0,0,0,0,30,0.0,0.0,0.0,0.0,1.0,0.0,0.0,255,255,1.0,0.0,0.0,0.0,0.0,0.0,0.0,0,91657.0
119,2,11,9,89,45,0,0,0,0,0,0,0,1,0.0,0.0,0.0,0.0,1.0,0.0,0.0,14,13,0.93,0.14,0.79,0.0,0.0,0.0,0.0,0,10348.0
0,1,27,5,0,0,0,0,0,0,0,0,0,17,1.0,1.0,0.0,0.0,0.71,0.12,0.0,255,12,0.05,0.06,0.0,0.0,1.0,1.0,0.0,1,98374.0
0,1,22,9,300,6675,0,0,1,0,0,0,0,1,0.0,0.0,0.0,0.0,1.0,0.0,0.31,3,255,1.0,0.0,0.33,0.05,0.33,0.0,0.01,0,81060.0
0,1,57,5,0,0,0,0,0,0,0,0,0,18,1.0,1.0,0.0,0.0,1.0,0.0,0.0,60,40,0.67,0.03,0.02,0.0,0.97,0.95,0.0,1,83479.0
0,1,22,9,228,274,0,0,1,0,0,0,0,12,0.0,0.0,0.0,0.0,1.0,0.0,0.15,255,255,1.0,0.0,0.0,0.0,0.0,0.0,0.0,0,121782.0
0,1,22,9,294,2126,0,0,1,0,0,0,0,6,0.0,0.0,0.0,0.0,1.0,0.0,0.0,43,255,1.0,0.0,0.02,0.05,0.0,0.0,0.0,0,124548.0
0,1,16,5,0,0,0,0,0,0,0,0,0,150,1.0,1.0,0.0,0.0,0.13,0.06,0.0,255,20,0.08,0.07,0.0,0.0,1.0,1.0,0.0,1,1155.0
0,1,19,9,12,0,0,0,1,0,0,0,0,116,0.99,0.0,0.0,0.0,0.01,0.07,1.0,255,19,0.07,0.09,0.1,0.0,0.77,0.0,0.0,1,123807.0
0,1,22,9,302,2239,0,0,1,0,0,0,0,1,0.0,0.0,0.0,0.0,1.0,0.0,0.0,255,246,0.96,0.01,0.0,0.0,0.0,0.0,0.0,0,82267.0
0,1,22,9,221,2444,0,0,1,0,0,0,0,3,0.0,0.0,0.0,0.0,1.0,0.0,0.0,3,255,1.0,0.0,0.33,0.04,0.0,0.0,0.0,0,35884.0
13408,1,41,4,1,0,0,0,0,0,0,0,0,2,0.0,0.0,1.0,1.0,1.0,0.0,0.0,255,2,0.01,0.68,1.0,0.0,0.0,0.0,1.0,1,103257.0
0,1,22,9,380,1973,0,0,1,0,0,0,0,33,0.0,0.0,0.0,0.0,1.0,0.0,0.0,255,255,1.0,0.0,0.01,0.0,0.0,0.0,0.01,0,76421.0
5582,2,41,9,146,105,0,0,0,0,0,0,0,3,0.0,0.0,0.0,0.0,0.33,0.67,0.0,255,1,0.0,0.59,0.89,0.0,0.0,0.0,0.0,0,112451.0
0,1,44,9,38,130,0,0,1,0,0,0,0,1,0.0,0.0,0.0,0.0,1.0,0.0,0.0,67,4,0.03,0.06,0.01,0.5,0.0,0.0,0.0,0,16203.0
0,1,22,9,342,2971,0,0,1,0,0,0,0,6,0.0,0.0,0.0,0.0,1.0,0.0,0.0,255,255,1.0,0.0,0.0,0.0,0.01,0.01,0.0,0,77124.0
10,1,22,9,189,249,0,0,1,0,0,0,0,5,0.0,0.0,0.2,0.2,1.0,0.0,0.0,5,255,1.0,0.0,0.2,0.03,0.0,0.0,0.01,0,102607.0
0,1,22,9,353,2251,0,0,1,0,0,0,0,2,0.0,0.0,0.0,0.0,1.0,0.0,0.0,255,255,1.0,0.0,0.0,0.0,0.0,0.0,0.0,0,17687.0
0,0,14,9,520,0,0,0,0,0,0,0,0,317,0.0,0.0,0.0,0.0,1.0,0.0,0.0,255,255,1.0,0.0,1.0,0.0,0.0,0.0,0.0,1,34478.0
0,1,22,9,252,4586,0,0,1,0,0,0,0,12,0.0,0.0,0.0,0.0,1.0,0.0,0.0,225,255,1.0,0.0,0.0,0.02,0.0,0.0,0.0,0,31011.0
0,1,19,9,2890,0,0,0,1,0,0,0,0,10,0.0,0.0,0.0,0.0,1.0,0.0,0.0,109,34,0.28,0.26,0.5,0.06,0.0,0.0,0.0,0,10649.0
0,1,22,9,244,458,0,0,1,0,0,0,0,3,0.0,0.0,0.0,0.0,1.0,0.0,0.43,26,255,1.0,0.0,0.04,0.03,0.0,0.0,0.0,0,54602.0
0,1,22,9,234,765,0,0,1,0,0,0,0,9,0.0,0.0,0.0,0.0,1.0,0.0,0.0,10,118,1.0,0.0,0.1,0.14,0.0,0.0,0.92,0,49819.0
0,1,66,5,0,0,0,0,0,0,0,0,0,258,1.0,1.0,0.0,0.0,0.05,0.07,0.0,255,14,0.05,0.08,0.0,0.0,1.0,1.0,0.0,1,43036.0
13430,2,41,9,147,105,0,0,0,0,0,0,0,1,0.0,0.0,0.0,0.0,1.0,0.0,0.0,255,1,0.0,0.64,0.95,0.0,0.0,0.0,0.0,0,10827.0
0,1,22,9,240,1695,0,0,1,0,0,0,0,7,0.0,0.0,0.0,0.0,1.0,0.0,0.0,255,255,1.0,0.0,0.0,0.0,0.0,0.0,0.0,0,106812.0
0,1,46,5,0,0,0,0,0,0,0,0,0,84,1.0,1.0,0.0,0.0,0.05,0.06,0.0,255,18,0.07,0.06,0.0,0.0,1.0,1.0,0.0,1,42765.0
1,1,51,9,1336,339,0,0,1,0,0,0,0,1,0.0,0.0,0.0,0.0,1.0,0.0,1.0,153,176,0.61,0.03,0.01,0.01,0.0,0.0,0.0,0,54523.0
0,1,22,9,227,3971,0,0,1,0,0,0,0,1,0.0,0.0,0.0,0.0,1.0,0.0,0.5,1,255,1.0,0.0,1.0,0.01,0.0,0.0,0.0,0,4267.0
0,1,22,9,243,984,0,0,1,0,0,0,0,5,0.0,0.0,0.0,0.0,1.0,0.0,0.0,5,255,1.0,0.0,0.2,0.02,0.0,0.0,0.0,0,27761.0
0,1,22,9,180,1709,0,0,1,0,0,0,0,1,0.0,0.0,0.0,0.0,1.0,0.0,0.0,12,24,1.0,0.0,0.08,0.17,0.0,0.0,0.0,0,29957.0
0,1,12,5,0,0,0,0,0,0,0,0,0,208,1.0,1.0,0.0,0.0,0.09,0.06,0.0,255,2,0.01,0.08,0.0,0.0,1.0,1.0,0.0,1,114245.0
0,0,13,9,18,0,0,0,0,0,0,0,0,1,0.0,0.0,0.0,0.0,1.0,0.0,0.0,1,40,1.0,0.0,1.0,1.0,0.0,0.0,0.0,1,20368.0
0,1,22,9,301,758,0,0,1,0,0,0,0,1,0.0,0.0,0.0,0.0,1.0,0.0,0.33,28,255,1.0,0.0,0.04,0.01,0.0,0.0,0.01,0,87310.0
0,1,22,9,268,1335,0,0,1,0,0,0,0,6,0.0,0.0,0.0,0.0,1.0,0.0,0.0,255,255,1.0,0.0,0.0,0.0,0.0,0.0,0.0,0,8740.0
0,1,46,1,0,0,0,0,0,0,0,0,0,21,0.0,0.0,0.9,1.0,0.05,1.0,0.0,255,1,0.0,0.12,0.0,0.0,0.0,0.0,1.0,1,43325.0
0,1,22,9,318,3016,0,0,1,0,0,0,0,24,0.0,0.0,0.0,0.0,1.0,0.0,0.0,255,255,1.0,0.0,0.0,0.0,0.0,0.0,0.0,0,7438.0
169,2,11,9,110,31,0,0,0,0,0,0,0,1,0.0,0.0,0.0,0.0,1.0,0.0,0.0,56,32,0.57,0.05,0.57,0.0,0.0,0.0,0.0,0,50756.0
0,2,11,9,44,154,0,0,0,0,0,0,0,206,0.0,0.0,0.0,0.0,1.0,0.01,0.01,208,169,0.81,0.01,0.0,0.0,0.0,0.0,0.0,0,5451.0
0,1,24,5,0,0,0,0,0,0,0,0,0,95,1.0,1.0,0.0,0.0,0.18,0.05,0.0,255,17,0.07,0.05,0.0,0.0,1.0,1.0,0.0,1,97404.0
0,1,19,9,13239,0,0,0,1,0,0,0,0,4,0.0,0.0,0.0,0.0,1.0,0.0,0.4,255,118,0.46,0.01,0.46,0.0,0.0,0.0,0.0,0,28590.0
0,0,14,9,520,0,0,0,0,0,0,0,0,63,0.0,0.0,0.0,0.0,1.0,0.0,0.0,255,255,1.0,0.0,1.0,0.0,0.0,0.0,0.0,1,30079.0
0,1,19,5,0,0,0,0,0,0,0,0,0,36,0.97,1.0,0.03,0.0,0.22,0.14,0.0,255,45,0.18,0.04,0.0,0.0,1.0,1.0,0.0,1,45124.0
0,1,66,5,0,0,0,0,0,0,0,0,0,203,1.0,1.0,0.0,0.0,0.02,0.06,0.0,255,5,0.02,0.07,0.0,0.0,1.0,1.0,0.0,1,28963.0
0,1,4,5,0,0,0,0,0,0,0,0,0,277,1.0,1.0,0.0,0.0,0.04,0.06,0.0,255,11,0.04,0.07,0.0,0.0,1.0,1.0,0.0,1,70843.0
0,1,22,9,305,2073,0,0,1,0,0,0,0,7,0.0,0.0,0.0,0.0,1.0,0.0,0.0,255,255,1.0,0.0,0.0,0.0,0.0,0.0,0.0,0,43801.0
0,1,19,5,0,0,0,0,0,0,0,0,0,143,1.0,1.0,0.0,0.0,0.1,0.06,0.0,255,12,0.05,0.07,0.0,0.0,1.0,1.0,0.0,1,120382.0
0,1,22,9,201,3796,0,0,1,0,0,0,0,2,0.0,0.0,0.0,0.0,1.0,0.0,0.8,10,255,1.0,0.0,0.1,0.04,0.0,0.0,0.0,0,5487.0
0,1,22,9,309,1528,0,0,1,0,0,0,0,5,0.0,0.0,0.0,0.0,1.0,0.0,0.0,155,255,1.0,0.0,0.01,0.01,0.0,0.0,0.0,0,12423.0
0,1,22,9,240,8185,0,0,1,0,0,0,0,2,0.0,0.0,0.0,0.0,1.0,0.0,0.25,96,255,1.0,0.0,0.01,0.02,0.0,0.0,0.0,0,83187.0
0,1,27,5,0,0,0,0,0,0,0,0,0,138,1.0,1.0,0.0,0.0,0.14,0.07,0.0,255,20,0.08,0.06,0.0,0.0,1.0,1.0,0.0,1,122772.0
0,2,46,9,105,147,0,0,0,0,0,0,0,8,0.0,0.0,0.0,0.0,0.12,0.25,0.0,255,241,0.95,0.01,0.0,0.0,0.0,0.0,0.0,0,74538.0
299,1,41,4,1,0,0,0,0,0,0,0,0,2,0.0,0.0,1.0,1.0,1.0,0.0,0.0,255,2,0.01,0.73,1.0,0.0,0.0,0.0,1.0,1,82250.0
0,1,4,1,0,0,0,0,0,0,0,0,0,251,0.0,0.0,1.0,1.0,0.02,0.07,0.0,255,6,0.02,0.08,0.0,0.0,0.0,0.0,1.0,1,116627.0
0,2,11,9,46,46,0,0,0,0,0,0,0,19,0.0,0.0,0.0,0.0,1.0,0.0,0.11,255,255,1.0,0.0,0.0,0.0,0.0,0.0,0.0,0,120208.0
4708,2,41,9,146,105,0,0,0,0,0,0,0,4,0.0,0.0,0.0,0.0,0.25,0.75,0.0,255,1,0.0,0.63,0.95,0.0,0.0,0.0,0.0,0,90864.0
0,0,13,9,8,0,0,0,0,0,0,0,0,1,0.0,0.0,0.0,0.0,1.0,0.0,1.0,1,89,1.0,0.0,1.0,0.51,0.0,0.0,0.0,1,12433.0
4555,2,41,9,146,105,0,0,0,0,0,0,0,3,0.0,0.0,0.0,0.0,0.33,0.67,0.0,255,1,0.0,0.85,1.0,0.0,0.0,0.0,0.0,0,75021.0
190,2,41,9,145,105,0,0,0,0,0,0,0,1,0.0,0.0,0.0,0.0,1.0,0.0,0.0,255,1,0.0,0.64,0.96,0.0,0.0,0.0,0.0,0,7465.0
0,1,22,9,234,3675,0,0,1,0,0,0,0,19,0.0,0.0,0.0,0.0,1.0,0.0,0.0,255,255,1.0,0.0,0.0,0.0,0.0,0.0,0.0,0,84238.0
0,1,22,9,338,10311,0,0,1,0,0,0,0,5,0.0,0.0,0.0,0.0,1.0,0.0,0.0,21,255,1.0,0.0,0.05,0.05,0.0,0.0,0.0,0,6766.0
1,1,51,9,871,327,0,0,1,0,0,0,0,1,0.0,0.0,0.0,0.0,1.0,0.0,1.0,166,185,0.69,0.02,0.01,0.01,0.0,0.0,0.0,0,27844.0
0,1,46,5,0,0,0,0,0,0,0,0,0,90,1.0,1.0,0.0,0.0,0.01,0.07,0.0,255,18,0.07,0.05,0.0,0.0,1.0,1.0,0.0,1,16863.0
0,1,65,5,0,0,0,0,0,0,0,0,0,270,1.0,1.0,0.0,0.0,0.03,0.06,0.0,255,7,0.03,0.06,0.0,0.0,1.0,1.0,0.0,1,48472.0
0,1,46,5,0,0,0,0,0,0,0,0,0,70,1.0,1.0,0.0,0.0,0.01,0.07,0.0,255,18,0.07,0.07,0.0,0.0,1.0,1.0,0.0,1,66258.0
3811,1,41,4,1,0,0,0,0,0,0,0,0,2,0.0,0.0,1.0,1.0,1.0,0.0,0.0,255,2,0.01,0.66,1.0,0.0,0.0,0.0,1.0,1,53494.0
0,1,26,5,0,0,0,0,0,0,0,0,0,293,1.0,1.0,0.0,0.0,0.03,0.05,0.0,255,9,0.04,0.05,0.0,0.0,1.0,1.0,0.0,1,99498.0
0,1,28,5,0,0,0,0,0,0,0,0,0,138,1.0,1.0,0.0,0.0,0.04,0.06,0.0,255,6,0.02,0.06,0.0,0.0,1.0,1.0,0.0,1,123661.0
0,2,46,9,28,0,3,0,0,0,0,0,0,9,0.0,0.0,0.0,0.0,1.0,0.0,0.0,255,9,0.04,0.02,0.04,0.0,0.0,0.0,0.0,1,49790.0
0,2,11,9,44,131,0,0,0,0,0,0,0,12,0.0,0.0,0.0,0.0,1.0,0.0,0.02,255,221,0.87,0.02,0.0,0.0,0.0,0.0,0.0,0,121213.0
0,1,65,5,0,0,0,0,0,0,0,0,0,201,1.0,1.0,0.0,0.0,0.02,0.07,0.0,255,4,0.02,0.08,0.0,0.0,1.0,1.0,0.0,1,60981.0
0,1,25,5,0,0,0,0,0,0,0,0,0,60,1.0,1.0,0.0,0.0,0.3,0.1,0.0,255,18,0.07,0.08,0.0,0.0,1.0,1.0,0.0,1,32163.0
0,1,22,5,0,0,0,0,0,0,0,0,0,2,0.5,0.33,0.0,0.0,1.0,0.0,0.67,62,70,1.0,0.0,0.03,0.03,0.03,0.03,0.0,0,14249.0
0,1,19,9,15876,0,0,0,0,0,0,0,0,10,0.0,0.0,0.0,0.0,1.0,0.0,0.0,71,52,0.54,0.06,0.54,0.04,0.0,0.0,0.0,0,52630.0
0,1,26,5,0,0,0,0,0,0,0,0,0,256,1.0,1.0,0.0,0.0,0.05,0.06,0.0,255,13,0.05,0.06,0.0,0.0,1.0,1.0,0.0,1,33658.0
0,2,46,9,1,0,0,0,0,0,0,0,0,104,0.0,0.0,0.0,0.0,0.64,0.06,0.0,255,127,0.5,0.06,1.0,0.0,0.0,0.0,0.0,1,98188.0
0,1,46,1,0,0,0,0,0,0,0,0,0,122,0.0,0.0,1.0,1.0,0.02,0.08,0.0,255,3,0.01,0.07,0.0,0.0,0.0,0.0,1.0,1,18504.0
0,1,22,9,316,274,0,0,1,0,0,0,0,15,0.0,0.0,0.0,0.0,1.0,0.0,0.16,255,255,1.0,0.0,0.0,0.0,0.0,0.0,0.0,0,30650.0
0,1,32,1,0,0,0,0,0,0,0,0,0,238,0.0,0.0,1.0,1.0,0.01,0.07,0.0,255,2,0.01,0.08,0.0,0.0,0.0,0.0,1.0,1,17623.0
0,0,14,9,1032,0,0,0,0,0,0,0,0,511,0.0,0.0,0.0,0.0,1.0,0.0,0.0,255,58,0.23,0.02,0.23,0.0,0.02,0.0,0.0,1,111673.0
0,2,11,9,42,42,0,0,0,0,0,0,0,5,0.0,0.0,0.0,0.0,1.0,0.0,0.38,255,239,0.94,0.01,0.01,0.0,0.0,0.0,0.0,0,124693.0
11,1,51,9,1637,328,0,0,1,0,0,0,0,1,0.0,0.25,0.0,0.0,1.0,0.0,0.75,148,97,0.66,0.03,0.01,0.0,0.0,0.0,0.0,0,12671.0
0,1,55,5,0,0,0,0,0,0,0,0,0,262,1.0,1.0,0.0,0.0,0.05,0.05,0.0,255,14,0.05,0.05,0.0,0.0,1.0,1.0,0.0,1,12602.0
0,1,22,9,299,10627,0,0,1,0,0,0,0,4,0.0,0.0,0.0,0.0,1.0,0.0,0.0,255,255,1.0,0.0,0.0,0.0,0.0,0.0,0.0,0,78498.0
0,1,10,5,0,0,0,0,0,0,0,0,0,206,1.0,1.0,0.0,0.0,0.03,0.06,0.0,255,15,0.06,0.07,0.0,0.0,1.0,1.0,0.0,1,49307.0
0,1,2,5,0,0,0,0,0,0,0,0,0,215,1.0,1.0,0.0,0.0,0.09,0.06,0.0,255,11,0.04,0.08,0.0,0.0,1.0,1.0,0.0,1,26285.0
0,0,13,9,8,0,0,0,0,0,0,0,0,1,0.0,0.0,0.0,0.0,1.0,0.0,1.0,1,71,1.0,0.0,1.0,0.51,0.0,0.0,0.0,1,74328.0
0,1,22,9,210,746,0,0,1,0,0,0,0,3,0.0,0.0,0.0,0.0,1.0,0.0,0.0,167,255,1.0,0.0,0.01,0.02,0.0,0.0,0.0,0,21051.0
0,1,22,9,196,924,0,0,1,0,0,0,0,1,0.0,0.0,0.0,0.0,1.0,0.0,0.0,255,255,1.0,0.0,0.0,0.0,0.0,0.0,0.0,0,118975.0
0,2,46,9,105,145,0,0,0,0,0,0,0,1,0.0,0.0,0.0,0.0,1.0,0.0,0.0,255,183,0.72,0.01,0.0,0.0,0.0,0.0,0.0,0,38317.0
0,1,17,5,0,0,0,0,0,0,0,0,0,296,1.0,1.0,0.0,0.0,0.08,0.04,0.0,255,24,0.09,0.05,0.0,0.0,1.0,1.0,0.0,1,48802.0
0,1,22,1,0,0,0,0,0,0,0,0,0,1,0.0,0.0,1.0,1.0,1.0,0.0,0.0,10,255,1.0,0.0,0.1,0.16,0.0,0.0,0.93,0,90702.0
0,1,64,1,0,0,0,0,0,0,0,0,0,268,0.0,0.0,1.0,1.0,0.07,0.06,0.0,255,19,0.07,0.07,0.0,0.0,0.0,0.0,1.0,1,50503.0
0,1,64,1,0,0,0,0,0,0,0,0,0,149,0.0,0.0,1.0,1.0,0.1,0.07,0.0,255,15,0.06,0.07,0.0,0.0,0.0,0.0,1.0,1,34641.0
0,1,46,1,0,0,0,0,0,0,0,0,0,101,0.0,0.0,1.0,1.0,0.17,0.08,0.0,255,17,0.07,0.07,0.0,0.0,0.0,0.0,1.0,1,120009.0
10,1,51,9,1330,282,0,0,1,0,0,0,0,1,0.0,0.0,0.0,0.0,1.0,0.0,0.0,255,142,0.56,0.03,0.0,0.0,0.0,0.0,0.0,0,430.0
0,1,34,5,0,0,0,0,0,0,0,0,0,168,1.0,1.0,0.0,0.0,0.07,0.08,0.0,255,11,0.04,0.08,0.0,0.0,1.0,1.0,0.0,1,90150.0
0,0,13,9,8,0,0,0,0,0,0,0,0,1,0.0,0.0,0.0,0.0,1.0,0.0,1.0,1,59,1.0,0.0,1.0,0.51,0.0,0.0,0.0,1,109972.0
0,0,14,9,1032,0,0,0,0,0,0,0,0,511,0.0,0.0,0.0,0.0,1.0,0.0,0.0,255,75,0.29,0.02,0.29,0.0,0.02,0.0,0.0,1,93022.0
0,1,41,1,0,0,0,0,0,0,0,0,0,478,0.07,0.0,0.92,1.0,0.0,1.0,0.0,255,1,0.0,1.0,0.0,0.0,0.04,0.0,1.0,1,85356.0
0,1,22,9,196,8821,0,0,1,0,0,0,0,2,0.0,0.0,0.0,0.0,1.0,0.0,0.67,85,255,1.0,0.0,0.01,0.03,0.0,0.0,0.0,0,17112.0
0,1,51,9,1610,401,0,0,1,0,0,0,0,1,0.0,0.0,0.0,0.0,1.0,0.0,1.0,114,94,0.82,0.04,0.01,0.0,0.0,0.0,0.0,0,31915.0
0,1,22,9,232,14236,0,0,1,0,0,0,0,1,0.0,0.0,0.0,0.0,1.0,0.0,0.0,1,255,1.0,0.0,1.0,0.02,0.0,0.0,0.0,0,22475.0
13,1,57,9,118,7178,0,0,1,0,0,0,0,1,0.0,0.0,0.0,0.0,1.0,0.0,0.0,197,1,0.01,0.04,0.01,0.0,0.0,0.0,0.0,0,82615.0
0,1,22,9,314,1185,0,0,1,0,0,0,0,11,0.0,0.0,0.0,0.0,1.0,0.0,0.1,11,189,1.0,0.0,0.09,0.05,0.0,0.01,0.0,0,117845.0
0,1,22,9,214,289,0,0,1,0,0,0,0,6,0.0,0.0,0.0,0.0,1.0,0.0,0.16,164,255,1.0,0.0,0.01,0.01,0.0,0.0,0.0,0,63175.0
0,1,22,9,348,561,0,0,1,0,0,0,0,17,0.0,0.0,0.0,0.0,1.0,0.0,0.11,207,255,1.0,0.0,0.0,0.03,0.0,0.0,0.0,0,115861.0
0,1,22,9,306,3222,0,0,1,0,0,0,0,2,0.0,0.0,0.0,0.0,1.0,0.0,0.22,255,239,0.94,0.01,0.0,0.0,0.0,0.0,0.0,0,90468.0
0,1,22,9,289,1560,0,0,1,0,0,0,0,3,0.0,0.0,0.0,0.0,1.0,0.0,0.5,5,255,1.0,0.0,0.2,0.03,0.0,0.01,0.0,0,75006.0
0,0,14,9,520,0,0,0,0,0,0,0,0,481,0.0,0.0,0.0,0.0,1.0,0.0,0.0,78,78,1.0,0.0,1.0,0.0,0.0,0.0,0.0,1,60139.0
0,1,65,5,0,0,0,0,0,0,0,0,0,227,1.0,1.0,0.0,0.0,0.03,0.06,0.0,255,7,0.03,0.06,0.0,0.0,1.0,1.0,0.0,1,34718.0
0,1,22,9,217,4296,0,0,1,0,0,0,0,4,0.0,0.0,0.0,0.0,1.0,0.0,0.25,9,255,1.0,0.0,0.11,0.02,0.0,0.0,0.0,0,116855.0
0,1,22,9,218,12640,0,0,1,0,0,0,0,3,0.33,0.05,0.0,0.0,1.0,0.0,0.14,64,255,1.0,0.0,0.02,0.02,0.02,0.0,0.0,0,19848.0
0,1,22,9,230,960,0,0,1,0,0,0,0,25,0.0,0.0,0.0,0.0,1.0,0.0,0.14,255,255,1.0,0.0,0.0,0.0,0.0,0.0,0.0,0,62915.0
0,1,22,9,321,608,0,0,1,0,0,0,0,5,0.0,0.0,0.0,0.0,1.0,0.0,0.0,255,255,1.0,0.0,0.0,0.0,0.0,0.0,0.0,0,112650.0
0,1,24,5,0,0,0,0,0,0,0,0,0,124,1.0,1.0,0.0,0.0,0.01,0.07,0.0,255,1,0.0,0.07,0.0,0.0,1.0,1.0,0.0,1,57937.0
0,1,64,5,0,0,0,0,0,0,0,0,0,206,1.0,1.0,0.0,0.0,0.05,0.06,0.0,255,20,0.08,0.07,0.0,0.0,1.0,1.0,0.0,1,106439.0
0,0,14,9,1032,0,0,0,0,0,0,0,0,402,0.0,0.0,0.0,0.0,1.0,0.0,0.0,255,255,1.0,0.0,1.0,0.0,0.0,0.0,0.0,1,31248.0
0,1,46,5,0,0,0,0,0,0,0,0,0,147,1.0,1.0,0.0,0.0,0.07,0.05,0.0,255,3,0.01,0.07,0.0,0.0,1.0,1.0,0.0,1,84142.0
0,0,13,9,18,0,0,0,0,0,0,0,0,1,0.0,0.0,0.0,0.0,1.0,0.0,0.0,4,144,1.0,0.0,1.0,0.25,0.0,0.0,0.0,1,61303.0
0,2,46,9,1,0,0,0,0,0,0,0,0,27,0.0,0.0,0.0,0.0,0.85,0.07,0.0,255,28,0.11,0.69,0.35,0.0,0.05,0.0,0.0,1,69597.0
0,1,22,1,0,0,0,0,0,0,0,0,0,1,0.0,0.0,1.0,1.0,1.0,0.0,1.0,1,235,1.0,0.0,1.0,0.21,0.0,0.0,0.96,0,76005.0
0,1,22,9,207,2055,0,0,1,0,0,0,0,3,0.0,0.0,0.0,0.0,1.0,0.0,0.0,255,255,1.0,0.0,0.0,0.0,0.0,0.0,0.0,0,78411.0
0,1,46,5,0,0,0,0,0,0,0,0,0,255,1.0,1.0,0.0,0.0,0.04,0.06,0.0,255,9,0.04,0.09,0.0,0.0,1.0,1.0,0.0,1,26962.0
0,1,15,5,0,0,0,0,0,0,0,0,0,18,1.0,1.0,0.0,0.0,0.83,0.11,0.0,255,15,0.06,0.07,0.0,0.0,1.0,1.0,0.0,1,26275.0
0,1,4,1,0,0,0,0,0,0,0,0,0,509,0.03,0.0,0.97,1.0,0.0,1.0,0.0,255,1,0.0,1.0,0.0,0.0,0.04,0.0,1.0,1,9542.0
0,2,11,9,46,136,0,0,0,0,0,0,0,83,0.0,0.0,0.0,0.0,1.0,0.0,0.02,255,254,1.0,0.01,0.0,0.0,0.0,0.0,0.0,0,6694.0
0,1,22,9,336,15767,0,0,1,0,0,0,0,12,0.0,0.0,0.0,0.0,1.0,0.0,0.0,95,255,1.0,0.0,0.01,0.02,0.0,0.0,0.0,0,457.0
1,1,51,9,2041,332,0,0,1,0,0,0,0,1,0.0,0.0,0.0,0.0,1.0,0.0,1.0,160,108,0.47,0.04,0.01,0.02,0.0,0.0,0.0,0,9563.0
0,1,46,1,0,0,0,0,0,0,0,0,0,114,0.0,0.0,1.0,1.0,0.04,0.06,0.0,255,5,0.02,0.08,0.0,0.0,0.0,0.0,1.0,1,93882.0
0,1,22,9,287,181,0,0,1,0,0,0,0,27,0.0,0.0,0.0,0.0,1.0,0.0,0.0,255,255,1.0,0.0,0.0,0.0,0.0,0.0,0.0,0,95965.0
2,1,46,4,0,0,0,0,0,0,0,0,0,355,0.0,0.0,1.0,1.0,0.01,0.52,0.0,255,2,0.01,0.52,1.0,0.0,0.0,0.0,1.0,1,59418.0
0,1,22,5,0,0,0,0,0,0,0,0,0,243,1.0,1.0,0.0,0.0,0.02,0.07,0.0,255,6,0.02,0.08,0.0,0.0,1.0,1.0,0.0,1,121756.0
0,1,22,9,249,2972,0,0,1,0,0,0,0,6,0.0,0.0,0.0,0.0,1.0,0.0,0.0,52,186,1.0,0.0,0.02,0.02,0.0,0.0,0.0,0,36405.0
1,1,51,9,739,327,0,0,1,0,0,0,0,1,0.0,0.0,0.0,0.0,1.0,0.0,1.0,199,170,0.65,0.1,0.01,0.01,0.01,0.0,0.0,0,74865.0
0,1,1,9,248,368,0,0,1,0,0,0,0,2,0.0,0.0,0.0,0.0,1.0,0.0,0.0,38,2,0.05,0.16,0.03,0.0,0.0,0.0,0.0,0,49041.0
0,1,3,5,0,0,0,0,0,0,0,0,0,247,1.0,1.0,0.0,0.0,0.03,0.06,0.0,255,7,0.03,0.07,0.0,0.0,1.0,1.0,0.0,1,97044.0
0,1,46,5,0,0,0,0,0,0,0,0,0,232,1.0,1.0,0.0,0.0,0.06,0.06,0.0,255,15,0.06,0.06,0.0,0.0,1.0,1.0,0.0,1,117993.0
0,1,22,9,297,260,0,0,1,0,0,0,0,11,0.0,0.0,0.0,0.0,1.0,0.0,0.08,51,255,1.0,0.0,0.02,0.06,0.0,0.0,0.0,0,14483.0
0,1,46,1,0,0,0,0,0,0,0,0,0,135,0.0,0.0,1.0,1.0,0.04,0.07,0.0,60,5,0.08,0.1,0.02,0.0,0.0,0.0,1.0,1,12914.0
0,2,11,9,44,130,0,0,0,0,0,0,0,141,0.0,0.0,0.0,0.0,1.0,0.0,0.02,255,254,1.0,0.01,0.0,0.0,0.0,0.0,0.0,0,56262.0
0,1,22,9,54540,8314,0,2,1,1,0,0,0,2,0.0,0.0,0.0,0.0,1.0,0.0,0.0,255,255,1.0,0.0,0.0,0.0,0.0,0.0,0.05,1,82513.0
0,1,22,9,301,2507,0,0,1,0,0,0,0,4,0.0,0.0,0.0,0.0,1.0,0.0,0.0,255,247,0.97,0.01,0.0,0.0,0.0,0.0,0.0,0,50369.0
0,0,13,9,8,0,0,0,0,0,0,0,0,1,0.0,0.0,0.0,0.0,1.0,0.0,1.0,2,56,1.0,0.0,1.0,0.5,0.0,0.0,0.0,1,38003.0
0,1,12,5,0,0,0,0,0,0,0,0,0,262,1.0,1.0,0.0,0.0,0.07,0.06,0.0,255,19,0.07,0.08,0.0,0.0,1.0,1.0,0.0,1,106435.0
0,1,51,9,6754,370,0,0,1,0,0,0,0,1,0.0,0.0,0.0,0.0,1.0,0.0,0.0,36,151,0.83,0.11,0.03,0.01,0.0,0.0,0.0,0,120460.0
0,1,19,9,641,0,0,0,1,0,0,0,0,2,0.0,0.0,0.0,0.0,1.0,0.0,0.0,241,63,0.22,0.02,0.22,0.03,0.0,0.0,0.0,0,33296.0
0,1,22,9,272,1263,0,0,1,0,0,0,0,3,0.0,0.0,0.0,0.0,1.0,0.0,0.5,255,255,1.0,0.0,0.0,0.0,0.0,0.0,0.0,0,121225.0
0,1,19,9,334,0,0,0,1,0,0,0,0,2,0.0,0.0,0.0,0.0,1.0,0.0,0.0,8,35,1.0,0.0,1.0,0.11,0.0,0.0,0.0,1,85202.0
0,1,51,9,11763,402,0,0,1,0,0,0,0,1,0.0,0.0,0.0,0.0,1.0,0.0,0.0,67,157,0.88,0.04,0.01,0.01,0.0,0.0,0.0,0,87146.0
0,1,8,5,0,0,0,0,0,0,0,0,0,138,1.0,1.0,0.0,0.0,0.01,0.08,0.0,255,2,0.01,0.08,0.0,0.0,1.0,1.0,0.0,1,47803.0
1,1,51,9,3588,411,0,0,1,0,0,0,0,1,0.0,0.0,0.0,0.0,1.0,0.0,1.0,229,154,0.57,0.02,0.0,0.01,0.0,0.0,0.0,0,41916.0
0,1,22,9,239,1481,0,0,1,0,0,0,0,11,0.0,0.0,0.0,0.0,1.0,0.0,0.0,255,255,1.0,0.0,0.01,0.0,0.0,0.0,0.0,0,12389.0
0,1,51,9,895,314,0,0,1,0,0,0,0,1,0.0,0.0,0.0,0.0,1.0,0.0,0.0,29,159,0.9,0.14,0.03,0.01,0.0,0.0,0.0,0,59361.0
0,0,13,9,8,0,0,0,0,0,0,0,0,1,0.0,0.0,0.0,0.0,1.0,0.0,1.0,2,255,1.0,0.0,1.0,0.5,0.0,0.0,0.0,1,22612.0
0,1,22,9,190,12948,0,0,1,0,0,0,0,4,0.0,0.0,0.0,0.0,1.0,0.0,0.0,56,255,1.0,0.0,0.02,0.01,0.0,0.0,0.01,0,61073.0
0,1,46,5,0,0,0,0,0,0,0,0,0,158,1.0,1.0,0.0,0.0,0.04,0.06,0.0,255,16,0.06,0.07,0.0,0.0,1.0,1.0,0.0,1,4146.0
0,1,22,9,235,327,0,0,1,0,0,0,0,4,0.0,0.0,0.0,0.0,1.0,0.0,0.19,61,255,1.0,0.0,0.02,0.01,0.0,0.0,0.0,0,70781.0
0,1,32,5,0,0,0,0,0,0,0,0,0,282,1.0,1.0,0.0,0.0,0.01,0.05,0.0,255,2,0.01,0.05,0.0,0.0,1.0,1.0,0.0,1,85008.0
0,1,22,9,202,1885,0,0,1,0,0,0,0,26,0.0,0.0,0.0,0.0,1.0,0.0,0.0,255,255,1.0,0.0,0.0,0.0,0.0,0.0,0.0,0,49789.0
0,1,22,9,300,1075,0,0,1,0,0,0,0,2,0.0,0.0,0.0,0.0,1.0,0.0,0.0,255,241,0.95,0.01,0.0,0.0,0.0,0.0,0.0,0,14030.0
0,1,22,9,197,304,0,0,1,0,0,0,0,6,0.0,0.0,0.0,0.0,1.0,0.0,0.29,255,255,1.0,0.0,0.0,0.0,0.0,0.0,0.0,0,114576.0
0,1,22,9,321,1395,0,0,1,0,0,0,0,8,0.0,0.0,0.0,0.0,1.0,0.0,0.0,8,255,1.0,0.0,0.12,0.05,0.0,0.0,0.0,0,38924.0
0,1,22,2,0,0,0,0,1,0,0,0,0,2,0.0,0.0,0.5,0.5,1.0,0.0,0.0,232,255,1.0,0.0,0.01,0.02,0.0,0.0,0.02,0,65486.0
0,1,29,1,0,0,0,0,0,0,0,0,0,110,0.0,0.0,1.0,1.0,0.02,0.08,0.0,234,2,0.01,0.07,0.0,0.0,0.0,0.0,1.0,1,95422.0
0,1,10,5,0,0,0,0,0,0,0,0,0,239,1.0,1.0,0.0,0.0,0.08,0.06,0.0,255,20,0.08,0.07,0.0,0.0,1.0,1.0,0.0,1,91012.0
0,1,22,5,0,0,0,0,0,0,0,0,0,9,0.89,1.0,0.11,0.0,0.89,0.22,0.0,255,9,0.04,0.06,0.0,0.0,1.0,1.0,0.0,1,112539.0
0,1,22,9,320,3502,0,0,1,0,0,0,0,14,0.0,0.0,0.0,0.0,1.0,0.0,0.13,88,255,1.0,0.0,0.01,0.02,0.0,0.0,0.0,0,56214.0
0,1,46,5,0,0,0,0,0,0,0,0,0,137,1.0,1.0,0.0,0.0,0.01,0.07,0.0,255,5,0.02,0.07,0.0,0.0,1.0,1.0,0.0,1,46600.0
0,1,22,9,227,449,0,0,1,0,0,0,0,26,0.0,0.0,0.0,0.0,1.0,0.0,0.0,255,255,1.0,0.0,0.0,0.0,0.0,0.0,0.0,0,97353.0
0,1,19,9,768,0,0,0,1,0,0,0,0,9,0.0,0.0,0.0,0.0,1.0,0.0,0.0,255,106,0.42,0.03,0.42,0.0,0.0,0.0,0.0,0,57211.0
0,2,41,9,1,0,0,0,0,0,0,0,0,27,0.0,0.0,0.0,0.0,0.04,0.19,0.0,255,1,0.0,0.16,0.5,0.0,0.0,0.0,0.0,1,24165.0
0,1,22,9,298,188,0,0,1,0,0,0,0,1,0.0,0.0,0.0,0.0,1.0,0.0,0.15,44,255,1.0,0.0,0.02,0.02,0.0,0.0,0.0,0,95450.0
0,1,5,1,0,0,0,0,0,0,0,0,0,118,0.0,0.0,1.0,1.0,0.04,0.07,0.0,255,5,0.02,0.08,0.0,0.0,0.0,0.0,1.0,1,14195.0
0,1,26,5,0,0,0,0,0,0,0,0,0,237,1.0,1.0,0.0,0.0,0.05,0.07,0.0,255,13,0.05,0.08,0.0,0.0,1.0,1.0,0.0,1,77853.0
0,1,22,9,333,468,0,0,1,0,0,0,0,2,0.0,0.0,0.0,0.0,1.0,0.0,0.0,255,255,1.0,0.0,0.0,0.0,0.0,0.0,0.0,0,49689.0
0,1,22,9,325,1227,0,0,1,0,0,0,0,13,0.0,0.0,0.0,0.0,1.0,0.0,0.14,255,255,1.0,0.0,0.0,0.0,0.0,0.0,0.0,0,109138.0
0,1,22,9,224,7775,0,0,1,0,0,0,0,24,0.0,0.0,0.0,0.0,1.0,0.0,0.0,24,255,1.0,0.0,0.04,0.04,0.0,0.0,0.0,0,9714.0
0,1,5,5,0,0,0,0,0,0,0,0,0,146,1.0,1.0,0.0,0.0,0.11,0.06,0.0,255,12,0.05,0.06,0.0,0.0,1.0,1.0,0.0,1,14063.0
0,1,51,9,741,338,0,0,1,0,0,0,0,1,0.0,0.0,0.0,0.0,1.0,0.0,0.0,207,241,0.95,0.01,0.0,0.01,0.0,0.0,0.0,0,20007.0
0,1,22,9,204,7907,0,0,1,0,0,0,0,9,0.0,0.0,0.0,0.0,1.0,0.0,0.0,30,255,1.0,0.0,0.03,0.02,0.0,0.0,0.0,0,85507.0
0,1,19,9,12241,0,0,0,0,0,0,0,0,6,0.0,0.0,0.0,0.0,1.0,0.0,0.25,147,64,0.44,0.03,0.44,0.0,0.0,0.0,0.0,0,56552.0
0,1,7,5,0,0,0,0,0,0,0,0,0,278,1.0,1.0,0.0,0.0,0.09,0.05,0.0,255,24,0.09,0.05,0.0,0.0,1.0,1.0,0.0,1,56546.0
0,1,27,5,0,0,0,0,0,0,0,0,0,148,1.0,1.0,0.0,0.0,0.08,0.05,0.0,255,12,0.05,0.05,0.0,0.0,1.0,1.0,0.0,1,3328.0
0,1,22,9,306,6492,0,0,1,0,0,0,0,2,0.0,0.0,0.0,0.0,1.0,0.0,0.0,2,183,1.0,0.0,0.5,0.04,0.0,0.0,0.0,0,43305.0
0,1,60,5,0,0,0,0,0,0,0,0,0,298,1.0,1.0,0.0,0.0,0.07,0.06,0.0,255,19,0.07,0.06,0.0,0.0,1.0,1.0,0.0,1,42424.0
0,1,51,9,889,336,0,0,1,0,0,0,0,1,0.0,0.0,0.0,0.0,1.0,0.0,0.0,150,241,0.96,0.01,0.01,0.01,0.0,0.0,0.0,0,20530.0
0,1,46,5,0,0,0,0,0,0,0,0,0,131,1.0,1.0,0.0,0.0,0.1,0.06,0.0,35,5,0.14,0.14,0.03,0.0,1.0,1.0,0.0,1,106172.0
0,1,46,5,0,0,0,0,0,0,0,0,0,94,1.0,1.0,0.0,0.0,0.01,0.07,0.0,255,14,0.05,0.06,0.0,0.0,1.0,1.0,0.0,1,31284.0
0,1,63,5,0,0,0,0,0,0,0,0,0,130,1.0,1.0,0.0,0.0,0.05,0.06,0.0,255,11,0.04,0.06,0.0,0.0,1.0,1.0,0.0,1,95223.0
0,1,19,9,3468,0,0,0,0,0,0,0,0,1,0.0,0.0,0.0,0.0,1.0,0.0,0.0,159,59,0.34,0.04,0.34,0.03,0.0,0.0,0.0,0,54122.0
0,2,11,9,45,78,0,0,0,0,0,0,0,126,0.0,0.0,0.0,0.0,1.0,0.0,0.0,255,254,1.0,0.01,0.0,0.0,0.0,0.0,0.0,0,14851.0
0,1,19,9,252,0,0,0,1,0,0,0,0,2,0.0,0.0,0.0,0.0,1.0,0.0,0.67,36,98,0.08,0.08,0.08,0.02,0.0,0.0,0.0,0,113855.0
0,1,22,9,321,3683,0,0,1,0,0,0,0,12,0.0,0.0,0.0,0.0,1.0,0.0,0.0,152,255,1.0,0.0,0.01,0.01,0.0,0.0,0.05,0,17907.0
0,1,22,9,54540,8314,0,2,1,1,0,0,0,1,0.0,0.0,0.0,0.0,1.0,0.0,0.0,255,255,1.0,0.0,0.0,0.0,0.01,0.01,0.05,1,51868.0
0,1,46,5,0,0,0,0,0,0,0,0,0,140,1.0,1.0,0.0,0.0,0.09,0.06,0.0,255,12,0.05,0.08,0.0,0.0,1.0,1.0,0.0,1,63108.0
0,1,31,5,0,0,0,0,0,0,0,0,0,150,1.0,1.0,0.0,0.0,0.01,0.06,0.0,255,1,0.0,0.07,0.0,0.0,1.0,1.0,0.0,1,99775.0
0,1,51,9,13891,328,0,0,1,0,0,0,0,1,0.0,0.0,0.0,0.0,1.0,0.0,1.0,8,135,1.0,0.0,0.12,0.02,0.0,0.0,0.0,0,29948.0
0,1,8,5,0,0,0,0,0,0,0,0,0,224,1.0,1.0,0.0,0.0,0.08,0.06,0.0,255,17,0.07,0.07,0.0,0.0,1.0,1.0,0.0,1,43923.0
0,0,14,9,1032,0,0,0,0,0,0,0,0,68,0.0,0.0,0.0,0.0,1.0,0.0,0.0,255,68,0.27,0.02,0.27,0.0,0.0,0.0,0.0,1,33154.0
0,1,22,9,213,294,0,0,1,0,0,0,0,11,0.0,0.0,0.0,0.0,1.0,0.0,0.17,255,255,1.0,0.0,0.0,0.0,0.0,0.0,0.0,0,11614.0
0,1,46,1,0,0,0,0,0,0,0,0,0,74,0.0,0.0,1.0,1.0,0.24,0.07,0.0,255,7,0.03,0.07,0.0,0.0,0.0,0.0,1.0,1,106755.0
0,1,22,9,316,1284,0,0,1,0,0,0,0,10,0.0,0.0,0.0,0.0,1.0,0.0,0.04,10,255,1.0,0.0,0.1,0.05,0.0,0.0,0.0,0,24534.0
6,1,51,9,2806,331,0,0,1,0,0,0,0,1,0.0,0.0,0.0,0.0,1.0,0.0,0.0,255,131,0.51,0.01,0.0,0.0,0.0,0.0,0.0,0,86250.0
0,1,26,5,0,0,0,0,0,0,0,0,0,264,1.0,1.0,0.0,0.0,0.06,0.07,0.0,255,16,0.06,0.07,0.0,0.0,1.0,1.0,0.0,1,58703.0
0,1,19,9,43,0,0,0,1,0,0,0,0,2,0.0,0.0,0.0,0.0,1.0,0.0,0.0,255,47,0.18,0.02,0.07,0.0,0.36,0.51,0.0,0,91057.0
0,1,22,5,0,0,0,0,0,0,0,0,0,240,1.0,0.8,0.0,0.2,0.02,0.06,0.4,255,7,0.03,0.07,0.0,0.0,1.0,1.0,0.0,1,44164.0
0,1,46,1,0,0,0,0,0,0,0,0,0,141,0.0,0.0,1.0,1.0,0.1,0.06,0.0,255,10,0.04,0.06,0.0,0.0,0.0,0.0,1.0,1,14383.0
0,1,22,9,289,18899,0,0,1,0,0,0,0,10,0.0,0.0,0.0,0.0,1.0,0.0,0.0,255,255,1.0,0.0,0.0,0.0,0.0,0.0,0.0,0,32267.0
0,1,6,5,0,0,0,0,0,0,0,0,0,195,1.0,1.0,0.0,0.0,0.02,0.08,0.0,255,4,0.02,0.09,0.0,0.0,1.0,1.0,0.0,1,63529.0
0,1,19,5,0,0,0,0,0,0,0,0,0,69,1.0,1.0,0.0,0.0,0.23,0.06,0.0,255,64,0.25,0.02,0.0,0.0,1.0,1.0,0.0,1,51510.0
0,1,22,9,325,10757,0,0,1,0,0,0,0,1,0.0,0.0,0.0,0.0,1.0,0.0,0.0,1,255,1.0,0.0,1.0,0.04,0.0,0.0,0.0,0,50055.0
0,1,22,9,320,181,0,0,1,0,0,0,0,10,0.0,0.0,0.0,0.0,1.0,0.0,0.0,255,255,1.0,0.0,0.0,0.0,0.0,0.0,0.0,0,62369.0
0,1,33,5,0,0,0,0,0,0,0,0,0,231,1.0,1.0,0.0,0.0,0.01,0.06,0.0,255,2,0.01,0.07,0.0,0.0,1.0,1.0,0.0,1,102013.0
0,2,46,9,105,146,0,0,0,0,0,0,0,1,0.0,0.0,0.0,0.0,1.0,0.0,0.0,18,15,0.83,0.11,0.06,0.0,0.0,0.0,0.0,0,87705.0
0,0,14,9,1032,0,0,0,0,0,0,0,0,438,0.0,0.0,0.0,0.0,1.0,0.0,0.0,255,255,1.0,0.0,1.0,0.0,0.0,0.0,0.0,1,31355.0
0,2,46,9,105,145,0,0,0,0,0,0,0,2,0.0,0.0,0.0,0.0,0.5,1.0,0.0,255,228,0.89,0.01,0.0,0.0,0.0,0.0,0.0,0,28162.0
0,1,22,1,0,0,0,0,0,0,0,0,0,147,0.0,0.0,1.0,1.0,0.12,0.05,0.0,255,1,0.0,0.07,0.0,0.0,0.0,0.0,1.0,1,30082.0
0,2,11,9,36,0,0,0,0,0,0,0,0,9,0.0,0.0,0.0,0.0,1.0,0.0,0.2,100,204,1.0,0.0,1.0,0.01,0.0,0.0,0.0,0,115793.0
1,1,51,9,1392,335,0,0,1,0,0,0,0,1,0.0,0.0,0.0,0.0,1.0,0.0,1.0,33,154,0.67,0.15,0.03,0.01,0.0,0.0,0.0,0,18211.0
0,1,46,5,0,0,0,0,0,0,0,0,0,121,1.0,1.0,0.0,0.0,0.01,0.06,0.0,255,6,0.02,0.06,0.0,0.0,1.0,1.0,0.0,1,20475.0
0,1,22,9,257,572,0,0,1,0,0,0,0,7,0.14,0.12,0.0,0.0,1.0,0.0,0.25,7,255,1.0,0.0,0.14,0.06,0.14,0.0,0.0,0,83672.0
0,1,22,9,156,505,0,0,1,0,0,0,0,3,0.0,0.0,0.0,0.0,1.0,0.0,0.0,43,44,1.0,0.0,0.02,0.05,0.0,0.0,0.0,0,79228.0
0,1,7,5,0,0,0,0,0,0,0,0,0,233,1.0,1.0,0.0,0.0,0.01,0.06,0.0,255,2,0.01,0.07,0.0,0.0,1.0,1.0,0.0,1,46783.0
0,1,30,5,0,0,0,0,0,0,0,0,0,157,1.0,1.0,0.0,0.0,0.01,0.08,0.0,255,2,0.01,0.07,0.0,0.0,1.0,1.0,0.0,1,40747.0
0,1,46,1,0,0,0,0,0,0,0,0,0,93,0.01,0.0,0.9,1.0,0.01,1.0,0.0,255,1,0.0,0.38,0.0,0.0,0.0,0.0,1.0,1,61457.0
0,1,22,9,306,1309,0,0,1,0,0,0,0,24,0.0,0.0,0.0,0.0,1.0,0.0,0.0,24,255,1.0,0.0,0.04,0.03,0.0,0.0,0.01,0,97979.0
0,0,13,9,8,0,0,0,0,0,0,0,0,1,0.0,0.0,0.0,0.0,1.0,0.0,1.0,1,23,1.0,0.0,1.0,0.52,0.0,0.0,0.0,1,71095.0
0,1,60,9,0,4,0,0,0,0,0,0,0,1,0.0,0.0,0.0,0.0,1.0,0.0,0.0,25,25,1.0,0.0,0.04,0.0,0.12,0.12,0.0,0,125432.0
0,1,22,9,359,893,0,0,1,0,0,0,0,18,0.0,0.0,0.0,0.0,1.0,0.0,0.0,29,255,1.0,0.0,0.03,0.03,0.0,0.0,0.0,0,108598.0
7247,2,41,9,147,105,0,0,0,0,0,0,0,3,0.0,0.0,0.0,0.0,0.33,0.67,0.0,255,2,0.01,0.85,1.0,0.0,0.0,0.0,0.0,0,14677.0
0,1,46,5,0,0,0,0,0,0,0,0,0,244,1.0,1.0,0.0,0.0,0.09,0.05,0.0,255,22,0.09,0.07,0.0,0.0,1.0,1.0,0.0,1,32696.0
0,1,22,9,171,362,0,0,1,0,0,0,0,1,0.0,0.0,0.0,0.0,1.0,0.0,0.14,20,60,1.0,0.0,0.05,0.05,0.0,0.0,0.0,0,48860.0
0,1,22,9,215,2599,0,0,1,0,0,0,0,1,0.0,0.0,0.0,0.0,1.0,0.0,0.75,34,255,1.0,0.0,0.03,0.02,0.0,0.01,0.0,0,58460.0
0,1,22,9,334,2280,0,0,1,0,0,0,0,31,0.0,0.0,0.0,0.0,1.0,0.0,0.08,255,255,1.0,0.0,0.0,0.0,0.0,0.0,0.0,0,20504.0
0,1,7,5,0,0,0,0,0,0,0,0,0,213,1.0,1.0,0.0,0.0,0.0,0.07,0.0,255,1,0.0,0.07,0.0,0.0,1.0,1.0,0.0,1,6555.0
0,1,19,9,245,0,0,0,1,0,0,1,0,2,0.0,0.0,0.0,0.0,1.0,0.0,0.0,181,75,0.31,0.03,0.31,0.03,0.0,0.0,0.0,0,94603.0
0,1,46,5,0,0,0,0,0,0,0,0,0,165,1.0,1.0,0.0,0.0,0.01,0.07,0.0,255,2,0.01,0.08,0.0,0.0,1.0,1.0,0.0,1,85126.0
0,1,22,9,348,350,0,0,1,0,0,0,0,22,0.0,0.0,0.0,0.0,1.0,0.0,0.0,231,255,1.0,0.0,0.0,0.01,0.0,0.0,0.01,0,38472.0
0,0,14,9,1032,0,0,0,0,0,0,0,0,511,0.0,0.0,0.0,0.0,1.0,0.0,0.0,255,131,0.51,0.01,0.51,0.0,0.0,0.0,0.0,1,97835.0
0,1,2,5,0,0,0,0,0,0,0,0,0,137,1.0,1.0,0.0,0.0,0.03,0.05,0.0,255,4,0.02,0.05,0.0,0.0,1.0,1.0,0.0,1,117841.0
0,1,46,1,0,0,0,0,0,0,0,0,0,89,0.01,0.0,0.92,1.0,0.01,1.0,0.0,214,1,0.0,0.45,0.0,0.0,0.0,0.0,1.0,1,40916.0
0,1,24,5,0,0,0,0,0,0,0,0,0,129,1.0,1.0,0.0,0.0,0.13,0.05,0.0,255,17,0.07,0.05,0.0,0.0,1.0,1.0,0.0,1,51850.0
0,2,11,9,44,131,0,0,0,0,0,0,0,139,0.0,0.0,0.0,0.0,1.0,0.0,0.0,255,254,1.0,0.01,0.0,0.0,0.0,0.0,0.0,0,55618.0
0,1,22,9,54540,8314,0,2,1,1,0,0,0,5,0.0,0.0,0.0,0.0,1.0,0.0,0.0,117,117,1.0,0.0,0.01,0.0,0.0,0.0,0.04,1,32792.0
0,0,13,9,30,0,0,0,0,0,0,0,0,7,0.0,0.0,0.0,0.0,0.14,0.29,0.0,255,3,0.01,0.01,0.11,0.0,0.0,0.0,0.0,0,91759.0
0,1,22,9,435,236,0,0,1,0,0,0,0,40,0.0,0.0,0.0,0.0,1.0,0.0,0.0,255,255,1.0,0.0,0.0,0.0,0.0,0.0,0.0,0,105001.0
0,1,22,9,207,7183,0,0,1,0,0,0,0,1,0.0,0.0,0.0,0.0,1.0,0.0,0.0,3,255,1.0,0.0,0.33,0.02,0.0,0.0,0.0,0,57018.0
0,1,10,5,0,0,0,0,0,0,0,0,0,270,1.0,1.0,0.0,0.0,0.04,0.07,0.0,255,12,0.05,0.07,0.0,0.0,1.0,1.0,0.0,1,48613.0
0,1,22,9,262,1769,0,0,1,0,0,0,0,2,0.0,0.0,0.0,0.0,1.0,0.0,0.17,135,255,1.0,0.0,0.01,0.04,0.0,0.0,0.0,0,100779.0
0,1,22,9,288,5669,0,0,1,0,0,0,0,9,0.0,0.0,0.0,0.0,1.0,0.0,0.0,9,255,1.0,0.0,0.11,0.03,0.0,0.0,0.0,0,88863.0
0,1,22,9,218,12202,0,0,1,0,0,0,0,6,0.0,0.0,0.0,0.0,1.0,0.0,0.25,56,255,1.0,0.0,0.02,0.04,0.0,0.0,0.0,0,100535.0
0,1,46,5,0,0,0,0,0,0,0,0,0,94,1.0,1.0,0.0,0.0,0.02,0.07,0.0,201,2,0.01,0.07,0.0,0.0,1.0,1.0,0.0,1,9448.0
2601,2,41,9,147,105,0,0,0,0,0,0,0,6,0.0,0.0,0.0,0.0,0.33,0.5,0.0,255,4,0.02,0.45,0.82,0.0,0.0,0.0,0.0,0,23205.0
0,0,13,9,8,0,0,0,0,0,0,0,0,1,0.0,0.0,0.0,0.0,1.0,0.0,1.0,2,32,1.0,0.0,1.0,0.5,0.0,0.0,0.0,1,72809.0
0,1,46,5,0,0,0,0,0,0,0,0,0,220,1.0,1.0,0.0,0.0,0.08,0.06,0.0,255,16,0.06,0.07,0.0,0.0,1.0,1.0,0.0,1,32333.0
0,2,11,9,42,42,0,0,0,0,0,0,0,11,0.0,0.0,0.0,0.0,1.0,0.0,0.12,255,224,0.88,0.01,0.0,0.0,0.0,0.0,0.0,0,77610.0
0,1,46,5,0,0,0,0,0,0,0,0,0,102,1.0,1.0,0.0,0.0,0.01,0.08,0.0,255,1,0.0,0.07,0.0,0.0,1.0,1.0,0.0,1,22995.0
12,2,11,9,42,42,0,0,0,0,0,0,0,6,0.0,0.0,0.0,0.0,1.0,0.0,0.27,255,255,1.0,0.0,0.0,0.0,0.0,0.0,0.0,0,117544.0
0,1,46,5,0,0,0,0,0,0,0,0,0,109,1.0,1.0,0.0,0.0,0.08,0.06,0.0,188,12,0.06,0.1,0.01,0.0,1.0,1.0,0.0,1,89009.0
890,1,57,2,0,14,0,0,0,0,0,0,0,1,0.0,0.0,1.0,1.0,1.0,0.0,0.0,2,2,1.0,0.0,1.0,0.0,0.0,0.0,0.5,0,119976.0
0,1,34,5,0,0,0,0,0,0,0,0,0,193,1.0,1.0,0.0,0.0,0.09,0.05,0.0,255,17,0.07,0.05,0.0,0.0,1.0,1.0,0.0,1,99727.0
0,1,5,5,0,0,0,0,0,0,0,0,0,148,1.0,1.0,0.0,0.0,0.16,0.04,0.0,255,24,0.09,0.05,0.0,0.0,1.0,1.0,0.0,1,30428.0
0,1,6,5,0,0,0,0,0,0,0,0,0,105,1.0,1.0,0.0,0.0,0.16,0.09,0.0,255,17,0.07,0.08,0.0,0.0,1.0,1.0,0.0,1,101793.0
0,1,46,5,0,0,0,0,0,0,0,0,0,120,1.0,1.0,0.0,0.0,0.08,0.07,0.0,229,9,0.04,0.07,0.0,0.0,1.0,1.0,0.0,1,60262.0
0,2,46,9,105,145,0,0,0,0,0,0,0,1,0.0,0.0,0.0,0.0,1.0,0.0,0.0,255,223,0.87,0.01,0.02,0.0,0.0,0.0,0.0,0,98495.0
6,1,51,9,1687,366,0,0,1,0,0,0,0,1,0.0,0.0,0.0,0.0,1.0,0.0,0.0,170,122,0.72,0.02,0.01,0.0,0.0,0.0,0.0,0,16269.0
0,1,66,5,0,0,0,0,0,0,0,0,0,283,1.0,1.0,0.0,0.0,0.07,0.05,0.0,255,19,0.07,0.05,0.0,0.0,1.0,1.0,0.0,1,17734.0
0,1,31,2,0,0,0,0,0,0,0,0,0,130,0.0,0.0,1.0,1.0,0.11,0.05,0.0,255,14,0.05,0.06,0.0,0.0,0.0,0.0,1.0,1,53962.0
0,1,22,9,54540,8314,0,2,1,1,0,0,0,1,0.0,0.0,0.0,0.5,1.0,0.0,1.0,1,1,1.0,0.0,1.0,0.0,0.0,0.0,0.0,1,94030.0
0,1,46,5,0,0,0,0,0,0,0,0,0,230,1.0,1.0,0.0,0.0,0.07,0.05,0.0,255,17,0.07,0.07,0.0,0.0,1.0,1.0,0.0,1,48823.0
0,1,60,9,0,4,0,0,0,0,0,0,0,1,0.0,0.0,0.0,0.0,1.0,0.0,0.0,19,19,1.0,0.0,0.05,0.0,0.11,0.11,0.0,0,89520.0
0,1,22,9,285,6483,0,0,1,0,0,0,0,9,0.0,0.0,0.0,0.0,1.0,0.0,0.0,66,255,1.0,0.0,0.02,0.05,0.0,0.0,0.0,0,89689.0
0,1,12,2,0,0,0,0,0,0,0,0,0,197,0.0,0.0,1.0,1.0,0.03,0.07,0.0,255,5,0.02,0.07,0.0,0.0,0.0,0.0,1.0,1,3912.0
0,0,14,9,1032,0,0,0,0,0,0,0,0,511,0.0,0.0,0.0,0.0,1.0,0.0,0.0,255,97,0.38,0.19,0.38,0.0,0.0,0.0,0.0,1,24371.0
0,1,22,9,299,294,0,0,1,0,0,0,0,8,0.0,0.0,0.0,0.0,1.0,0.0,0.23,255,255,1.0,0.0,0.0,0.0,0.0,0.0,0.0,0,24888.0
0,1,22,9,54540,8314,0,2,1,1,0,0,0,2,0.0,0.0,0.0,0.0,1.0,0.0,0.0,233,233,1.0,0.0,0.0,0.0,0.0,0.0,0.02,1,112849.0
0,2,46,9,28,0,3,0,0,0,0,0,0,56,0.0,0.0,0.0,0.0,1.0,0.0,0.0,255,56,0.22,0.04,0.22,0.0,0.02,0.0,0.0,1,113122.0
0,1,22,9,204,924,0,0,1,0,0,0,0,5,0.2,0.2,0.0,0.0,1.0,0.0,0.0,255,255,1.0,0.0,0.0,0.0,0.0,0.0,0.0,0,71679.0
0,1,22,5,0,0,0,0,0,0,0,0,0,2,0.5,0.5,0.0,0.0,1.0,0.0,0.0,19,255,1.0,0.0,0.11,0.04,0.05,0.01,0.03,0,6110.0
0,1,22,9,54540,8314,0,2,1,1,0,0,0,6,0.0,0.0,0.0,0.0,1.0,0.0,0.0,255,255,1.0,0.0,0.0,0.0,0.01,0.01,0.04,1,102971.0
300,1,57,9,92,780,0,0,0,0,0,0,0,1,0.0,0.0,0.0,0.0,1.0,0.0,0.0,70,14,0.2,0.06,0.01,0.0,0.0,0.0,0.0,0,87345.0
0,1,22,9,231,960,0,0,1,0,0,0,0,11,0.0,0.0,0.0,0.0,1.0,0.0,0.17,255,255,1.0,0.0,0.0,0.0,0.0,0.0,0.0,0,97754.0
0,1,22,9,54540,8314,0,2,1,1,0,0,0,2,0.0,0.0,0.0,0.0,1.0,0.0,0.0,244,244,1.0,0.0,0.0,0.0,0.0,0.0,0.02,1,82756.0
0,1,22,9,54540,8314,0,2,1,1,0,0,0,4,0.0,0.0,0.25,0.4,1.0,0.0,0.4,255,255,1.0,0.0,0.0,0.0,0.0,0.0,0.02,1,123865.0
0,1,57,5,0,0,0,0,0,0,0,0,0,43,0.98,1.0,0.02,0.0,0.33,0.09,0.0,255,5,0.02,0.07,0.01,0.0,1.0,1.0,0.0,1,55943.0
0,1,46,1,0,0,0,0,0,0,0,0,0,140,0.0,0.0,1.0,1.0,0.06,0.09,0.0,255,9,0.04,0.07,0.0,0.0,0.0,0.0,1.0,1,42992.0
0,0,13,9,8,0,0,0,0,0,0,0,0,1,0.0,0.0,0.0,0.0,1.0,0.0,1.0,4,92,1.0,0.0,1.0,0.25,0.0,0.0,0.0,1,5256.0
0,1,29,5,0,0,0,0,0,0,0,0,0,131,1.0,1.0,0.0,0.0,0.15,0.06,0.0,255,19,0.07,0.07,0.0,0.0,1.0,1.0,0.0,1,9367.0
0,1,51,9,705,326,0,0,1,0,0,0,0,1,0.0,0.0,0.0,0.0,1.0,0.0,0.0,59,197,0.86,0.07,0.02,0.01,0.0,0.0,0.0,0,85703.0
0,1,19,5,0,0,0,0,0,0,0,0,0,231,1.0,1.0,0.0,0.0,0.03,0.06,0.0,255,6,0.02,0.06,0.0,0.0,1.0,1.0,0.0,1,6878.0
0,0,14,9,30,0,0,0,0,0,0,0,0,2,0.0,0.0,0.0,0.0,1.0,0.0,0.0,97,97,1.0,0.0,1.0,0.0,0.0,0.0,0.0,0,36842.0
0,1,34,1,0,0,0,0,0,0,0,0,0,195,0.0,0.0,1.0,1.0,0.02,0.07,0.0,255,3,0.01,0.07,0.0,0.0,0.0,0.0,1.0,1,115971.0
0,1,22,9,230,660,0,0,1,0,0,0,0,16,0.0,0.0,0.0,0.0,1.0,0.0,0.17,233,255,1.0,0.0,0.0,0.01,0.0,0.0,0.0,0,67673.0
0,1,29,5,0,0,0,0,0,0,0,0,0,263,1.0,1.0,0.0,0.0,0.08,0.05,0.0,255,21,0.08,0.05,0.0,0.0,1.0,1.0,0.0,1,45193.0
310,2,41,9,145,105,0,0,0,0,0,0,0,4,0.0,0.0,0.0,0.0,0.5,0.5,0.0,255,2,0.01,0.44,0.82,0.0,0.0,0.0,0.0,0,11568.0
0,1,22,1,0,0,0,0,0,0,0,0,0,1,0.0,0.0,1.0,1.0,1.0,0.0,0.0,74,255,1.0,0.0,0.01,0.1,0.01,0.0,0.49,0,84516.0
0,1,19,5,0,0,0,0,0,0,0,0,0,58,1.0,1.0,0.0,0.0,0.22,0.07,0.0,255,63,0.25,0.02,0.01,0.0,1.0,1.0,0.0,1,32731.0
0,1,22,9,316,6224,0,0,1,0,0,0,0,5,0.0,0.0,0.0,0.0,1.0,0.0,0.0,101,255,1.0,0.0,0.01,0.04,0.0,0.0,0.0,0,123125.0
0,1,46,5,0,0,0,0,0,0,0,0,0,269,1.0,1.0,0.0,0.0,0.03,0.06,0.0,255,9,0.04,0.08,0.0,0.0,1.0,1.0,0.0,1,88612.0
0,1,22,9,249,760,0,0,1,0,0,0,0,2,0.0,0.0,0.0,0.0,1.0,0.0,0.3,11,255,1.0,0.0,0.09,0.04,0.0,0.0,0.0,0,74834.0
0,1,22,9,238,398,0,0,1,0,0,0,0,2,0.0,0.0,0.0,0.0,1.0,0.0,0.5,255,255,1.0,0.0,0.0,0.0,0.0,0.0,0.0,0,123828.0
0,1,22,9,208,7355,0,0,1,0,0,0,0,11,0.0,0.0,0.0,0.0,1.0,0.0,0.13,11,255,1.0,0.0,0.09,0.01,0.0,0.0,0.0,0,113595.0
0,1,22,1,0,0,0,0,0,0,0,0,0,262,0.0,0.0,1.0,1.0,0.06,0.06,0.0,255,15,0.06,0.08,0.0,0.0,0.0,0.0,1.0,1,113644.0
0,1,46,1,0,0,0,0,0,0,0,0,0,57,0.0,0.0,1.0,1.0,0.33,0.05,0.0,255,8,0.03,0.06,0.0,0.0,0.0,0.0,1.0,1,16296.0
0,1,57,5,0,0,0,0,0,0,0,0,0,1,1.0,1.0,0.0,0.0,1.0,0.0,0.0,1,1,1.0,0.0,1.0,0.0,1.0,1.0,0.0,1,73452.0
0,1,46,5,0,0,0,0,0,0,0,0,0,243,1.0,1.0,0.0,0.0,0.07,0.06,0.0,255,16,0.06,0.05,0.0,0.0,1.0,1.0,0.0,1,62601.0
0,1,22,9,285,710,0,0,1,0,0,0,0,6,0.0,0.0,0.0,0.0,1.0,0.0,0.17,52,255,1.0,0.0,0.02,0.06,0.0,0.0,0.0,0,11944.0
0,1,22,9,313,255,0,0,1,0,0,0,0,18,0.0,0.0,0.0,0.0,1.0,0.0,0.0,255,255,1.0,0.0,0.0,0.0,0.0,0.0,0.0,0,101648.0
0,1,1,1,0,0,0,0,0,0,0,0,0,3,0.0,0.0,0.67,1.0,0.67,0.67,0.0,255,2,0.01,0.03,0.0,0.0,0.0,0.0,1.0,0,94013.0
0,0,14,9,520,0,0,0,0,0,0,0,0,480,0.0,0.0,0.0,0.0,1.0,0.0,0.0,136,136,1.0,0.0,1.0,0.0,0.0,0.0,0.0,1,121749.0
0,1,46,5,0,0,0,0,0,0,0,0,0,187,1.0,1.0,0.0,0.0,0.01,0.07,0.0,255,18,0.07,0.06,0.0,0.0,1.0,1.0,0.0,1,48108.0
0,1,22,9,317,522,0,0,1,0,0,0,0,5,0.0,0.0,0.0,0.0,1.0,0.0,0.0,5,255,1.0,0.0,0.2,0.04,0.0,0.0,0.0,0,120865.0
0,1,31,5,0,0,0,0,0,0,0,0,0,109,1.0,1.0,0.0,0.0,0.23,0.05,0.0,255,25,0.1,0.04,0.0,0.0,1.0,1.0,0.0,1,79534.0
0,1,22,9,299,1380,0,0,1,0,0,0,0,4,0.0,0.0,0.0,0.0,1.0,0.0,0.0,255,240,0.94,0.01,0.0,0.0,0.0,0.0,0.0,0,1192.0
0,1,22,9,295,17703,0,0,1,0,0,0,0,1,0.0,0.0,0.0,0.0,1.0,0.0,0.0,58,255,1.0,0.0,0.02,0.04,0.0,0.0,0.0,0,63173.0
2,1,3,9,10,39,0,0,1,0,0,0,0,1,0.0,0.0,0.0,0.0,1.0,0.0,0.0,220,8,0.04,0.03,0.0,0.0,0.0,0.0,0.0,0,64985.0
0,1,51,5,0,0,0,0,0,0,0,0,0,2,0.5,0.5,0.0,0.0,1.0,0.0,0.0,150,74,0.49,0.04,0.01,0.0,0.01,0.01,0.0,1,56099.0
0,1,22,6,291,108913,0,0,1,0,0,0,0,1,1.0,1.0,0.0,0.0,1.0,0.0,0.0,33,255,1.0,0.0,0.03,0.05,0.03,0.0,0.0,0,118443.0
0,1,19,9,14189,0,0,0,1,0,0,0,0,3,0.0,0.0,0.0,0.0,1.0,0.0,0.0,2,69,1.0,0.0,1.0,0.04,0.0,0.0,0.0,0,82181.0
0,1,22,9,236,1738,0,0,1,0,0,0,0,15,0.0,0.0,0.0,0.0,1.0,0.0,0.06,255,255,1.0,0.0,0.0,0.0,0.0,0.0,0.0,0,113993.0
0,1,22,9,237,374,0,0,1,0,0,0,0,29,0.0,0.0,0.0,0.0,1.0,0.0,0.0,113,255,1.0,0.0,0.01,0.02,0.0,0.0,0.0,0,23327.0
0,1,22,9,323,2551,0,0,1,0,0,0,0,3,0.0,0.0,0.0,0.0,1.0,0.0,0.0,60,255,1.0,0.0,0.02,0.01,0.0,0.0,0.0,0,85937.0
0,2,11,9,46,46,0,0,0,0,0,0,0,211,0.0,0.0,0.0,0.0,1.0,0.0,0.0,255,250,0.98,0.01,0.0,0.0,0.0,0.0,0.0,0,30857.0
0,2,46,9,105,0,0,0,0,0,0,0,0,2,0.0,0.0,0.0,0.0,1.0,0.0,0.0,23,19,0.83,0.09,0.09,0.0,0.0,0.0,0.0,0,108824.0
0,1,22,9,311,1472,0,0,1,0,0,0,0,14,0.0,0.0,0.0,0.0,1.0,0.0,0.0,255,255,1.0,0.0,0.0,0.0,0.0,0.0,0.0,0,35899.0
0,1,22,9,388,15247,0,0,1,0,0,0,0,4,0.0,0.0,0.0,0.0,1.0,0.0,0.0,40,255,1.0,0.0,0.03,0.03,0.0,0.0,0.0,0,64401.0
0,0,13,9,8,0,0,0,0,0,0,0,0,1,0.0,0.0,0.0,0.0,1.0,0.0,1.0,2,40,1.0,0.0,1.0,0.5,0.0,0.0,0.0,1,31811.0
0,1,22,9,260,245,0,0,1,0,0,0,0,9,0.0,0.0,0.0,0.0,1.0,0.0,0.14,193,255,1.0,0.0,0.01,0.02,0.0,0.0,0.0,0,26098.0
0,1,41,1,0,0,0,0,0,0,0,0,0,496,0.07,0.0,0.93,1.0,0.0,1.0,0.0,255,1,0.0,1.0,0.0,0.0,0.04,0.0,1.0,1,11133.0
0,1,46,1,0,0,0,0,0,0,0,0,0,136,0.06,0.0,0.93,1.0,0.01,1.0,0.0,255,1,0.0,0.73,0.0,0.0,0.03,0.0,1.0,1,108513.0
0,1,22,1,0,0,0,0,0,0,0,0,0,1,0.0,0.0,1.0,1.0,1.0,0.0,1.0,27,249,1.0,0.0,0.04,0.1,0.0,0.0,0.96,0,37742.0
0,1,19,5,0,0,0,0,0,0,0,0,0,68,1.0,1.0,0.0,0.0,0.24,0.06,0.0,255,67,0.26,0.02,0.01,0.0,1.0,1.0,0.0,1,6585.0
0,1,55,5,0,0,0,0,0,0,0,0,0,124,1.0,1.0,0.0,0.0,0.15,0.06,0.0,255,18,0.07,0.07,0.0,0.0,1.0,1.0,0.0,1,119950.0
0,1,22,9,200,3523,0,0,1,0,0,0,0,8,0.0,0.0,0.0,0.0,1.0,0.0,0.3,19,255,1.0,0.0,0.05,0.02,0.0,0.0,0.0,0,116052.0
0,1,19,9,852,0,0,0,0,0,0,0,0,1,0.0,0.0,0.0,0.0,1.0,0.0,0.0,109,15,0.14,0.04,0.14,0.0,0.0,0.0,0.0,0,90941.0
0,1,2,1,0,0,0,0,0,0,0,0,0,198,0.0,0.0,1.0,1.0,0.08,0.07,0.0,255,15,0.06,0.07,0.0,0.0,0.0,0.0,1.0,1,119722.0
0,1,8,5,0,0,0,0,0,0,0,0,0,190,1.0,1.0,0.0,0.0,0.03,0.06,0.0,255,6,0.02,0.07,0.0,0.0,1.0,1.0,0.0,1,101706.0
0,1,22,9,297,498,0,0,1,0,0,0,0,21,0.0,0.0,0.0,0.0,1.0,0.0,0.19,255,255,1.0,0.0,0.0,0.0,0.0,0.0,0.0,0,112670.0
0,1,51,5,0,0,0,0,0,0,0,0,0,17,1.0,1.0,0.0,0.0,1.0,0.0,0.0,199,144,0.49,0.01,0.01,0.01,0.99,0.67,0.0,1,114855.0
0,1,6,1,0,0,0,0,0,0,0,0,0,243,0.0,0.0,1.0,1.0,0.01,0.07,0.0,255,2,0.01,0.08,0.0,0.0,0.0,0.0,1.0,1,92157.0
0,1,6,4,0,0,0,0,0,0,0,0,0,1,0.0,0.0,1.0,1.0,1.0,0.0,0.0,203,1,0.0,0.52,0.52,0.0,0.0,0.0,1.0,1,91682.0
0,1,22,9,322,42648,0,0,1,0,0,0,0,2,0.0,0.0,0.0,0.0,1.0,0.0,0.0,85,255,1.0,0.0,0.01,0.04,0.0,0.0,0.0,0,101629.0
0,2,11,9,42,132,0,0,0,0,0,0,0,172,0.0,0.0,0.0,0.0,0.99,0.01,0.01,255,239,0.94,0.02,0.0,0.0,0.0,0.0,0.0,0,71155.0
0,1,19,9,304,0,0,0,0,0,0,0,0,1,0.0,0.0,0.0,0.0,1.0,0.0,0.0,2,2,1.0,0.0,1.0,0.0,0.0,0.0,0.0,0,80068.0
0,2,11,9,42,42,0,0,0,0,0,0,0,7,0.0,0.0,0.0,0.0,1.0,0.0,0.18,255,185,0.73,0.01,0.0,0.0,0.0,0.0,0.0,0,66319.0
0,1,51,9,1113,331,0,0,1,0,0,0,0,1,0.0,0.0,0.0,0.0,1.0,0.0,1.0,49,175,0.76,0.1,0.02,0.01,0.0,0.0,0.01,0,69273.0
0,1,22,1,0,0,0,0,0,0,0,0,0,1,0.0,0.0,1.0,1.0,1.0,0.0,0.0,5,18,1.0,0.0,0.2,0.33,0.0,0.0,1.0,0,123566.0
0,1,18,5,0,0,0,0,0,0,0,0,0,246,1.0,1.0,0.0,0.0,0.02,0.06,0.0,255,6,0.02,0.06,0.0,0.0,1.0,1.0,0.0,1,109104.0
0,1,22,9,318,762,0,0,1,0,0,0,0,13,0.0,0.0,0.0,0.0,1.0,0.0,0.0,255,255,1.0,0.0,0.0,0.0,0.0,0.0,0.0,0,123631.0
0,1,51,5,0,0,0,0,0,0,0,0,0,51,1.0,0.67,0.0,0.0,0.04,0.1,0.67,250,6,0.01,0.06,0.0,0.33,1.0,0.33,0.0,1,1867.0
0,1,22,9,318,357,0,0,1,0,0,0,0,18,0.0,0.0,0.0,0.0,1.0,0.0,0.15,255,255,1.0,0.0,0.0,0.0,0.0,0.0,0.0,0,4622.0
0,1,22,9,215,2739,0,0,1,0,0,0,0,10,0.0,0.0,0.0,0.0,1.0,0.0,0.0,250,255,1.0,0.0,0.0,0.01,0.0,0.0,0.0,0,46172.0
0,0,14,9,30,0,0,0,0,0,0,0,0,2,0.0,0.0,0.0,0.0,1.0,0.0,0.0,221,221,1.0,0.0,1.0,0.0,0.0,0.0,0.0,0,60769.0
0,1,22,9,222,756,0,0,1,0,0,0,0,8,0.0,0.0,0.0,0.0,1.0,0.0,0.0,46,255,1.0,0.0,0.02,0.02,0.0,0.0,0.0,0,76412.0
0,1,46,1,0,0,0,0,0,0,0,0,0,193,0.0,0.0,1.0,1.0,0.06,0.06,0.0,255,11,0.04,0.07,0.0,0.0,0.0,0.0,1.0,1,18955.0
0,1,22,9,325,1747,0,0,1,0,0,0,0,9,0.0,0.0,0.0,0.0,1.0,0.0,0.2,26,255,1.0,0.0,0.04,0.03,0.0,0.0,0.0,0,44209.0
0,0,62,9,78,0,0,0,0,0,0,0,0,5,0.0,0.0,0.0,0.0,0.2,0.4,0.0,255,1,0.0,0.01,0.0,0.0,0.0,0.0,0.0,0,94874.0
0,1,22,9,216,598,0,0,1,0,0,0,0,2,0.0,0.0,0.0,0.0,1.0,0.0,0.75,123,255,1.0,0.0,0.01,0.05,0.0,0.0,0.0,0,45969.0
0,2,11,9,45,136,0,0,0,0,0,0,0,71,0.0,0.0,0.0,0.0,1.0,0.0,0.01,255,216,0.85,0.01,0.0,0.0,0.0,0.0,0.0,0,80376.0
0,1,22,1,0,0,0,0,0,0,0,0,0,1,0.0,0.0,1.0,1.0,1.0,0.0,1.0,3,255,1.0,0.0,0.33,0.17,0.0,0.0,0.89,0,114318.0
0,1,30,1,0,0,0,0,0,0,0,0,0,1,0.0,0.0,1.0,1.0,1.0,0.0,0.0,68,2,0.01,1.0,0.01,1.0,0.0,0.0,1.0,1,64510.0
0,1,22,9,223,1645,0,0,1,0,0,0,0,5,0.0,0.0,0.0,0.0,1.0,0.0,0.0,255,255,1.0,0.0,0.0,0.0,0.0,0.0,0.0,0,119320.0
63,1,22,9,237,406,0,0,1,0,0,0,0,1,0.0,0.0,0.0,0.0,1.0,0.0,0.0,4,255,1.0,0.0,0.25,0.02,0.0,0.0,0.0,0,14127.0
19,1,57,9,123,917,0,0,1,0,0,0,0,1,0.0,0.0,0.0,0.0,1.0,0.0,0.0,39,10,0.26,0.08,0.03,0.0,0.0,0.0,0.0,0,117510.0
0,1,19,9,19,0,0,0,1,0,0,0,0,2,0.0,0.0,0.0,0.0,1.0,0.0,0.0,255,37,0.15,0.6,0.15,0.0,0.0,0.0,0.0,0,46899.0
18,1,57,9,384,269225,0,0,1,0,0,0,0,1,0.0,0.0,0.0,0.0,1.0,0.0,0.0,96,10,0.1,0.04,0.01,0.0,0.0,0.0,0.0,0,28077.0
0,1,22,9,283,1521,0,0,1,0,0,0,0,6,0.0,0.0,0.0,0.0,1.0,0.0,0.29,255,255,1.0,0.0,0.0,0.0,0.0,0.0,0.0,0,115008.0
0,1,46,5,0,0,0,0,0,0,0,0,0,266,1.0,1.0,0.0,0.0,0.07,0.06,0.0,255,16,0.06,0.07,0.0,0.0,1.0,1.0,0.0,1,46646.0
0,0,14,9,1032,0,0,0,0,0,0,0,0,479,0.0,0.0,0.0,0.0,1.0,0.0,0.0,255,255,1.0,0.0,1.0,0.0,0.0,0.0,0.0,1,58464.0
0,1,63,2,0,0,0,0,0,0,0,0,0,138,0.0,0.0,1.0,1.0,0.14,0.06,0.0,255,19,0.07,0.05,0.0,0.0,0.0,0.0,1.0,1,75489.0
0,2,11,9,46,120,0,0,0,0,0,0,0,69,0.0,0.0,0.0,0.0,0.99,0.03,0.0,255,236,0.93,0.01,0.0,0.0,0.0,0.0,0.0,0,20009.0
0,1,7,5,0,0,0,0,0,0,0,0,0,245,1.0,1.0,0.0,0.0,0.02,0.05,0.0,255,6,0.02,0.05,0.0,0.0,1.0,1.0,0.0,1,27028.0
0,2,11,9,45,131,0,0,0,0,0,0,0,17,0.0,0.0,0.0,0.0,1.0,0.0,0.03,207,148,0.71,0.01,0.0,0.0,0.0,0.0,0.0,0,55496.0
0,1,22,1,0,0,0,0,0,0,0,0,0,1,0.0,0.0,1.0,1.0,1.0,0.0,1.0,33,105,1.0,0.0,0.03,0.04,0.0,0.01,0.99,0,93312.0
0,1,33,1,0,0,0,0,0,0,0,0,0,241,0.0,0.0,1.0,1.0,0.02,0.07,0.0,255,4,0.02,0.07,0.0,0.0,0.0,0.0,1.0,1,41517.0
0,1,22,9,331,908,0,0,1,0,0,0,0,22,0.0,0.0,0.0,0.0,1.0,0.0,0.08,255,255,1.0,0.0,0.0,0.0,0.0,0.0,0.0,0,27529.0
0,1,46,5,0,0,0,0,0,0,0,0,0,149,1.0,1.0,0.0,0.0,0.13,0.05,0.0,255,19,0.07,0.06,0.0,0.0,1.0,1.0,0.0,1,6640.0
0,1,46,10,0,0,0,0,0,0,0,0,0,1,1.0,1.0,0.0,0.0,1.0,0.0,0.0,98,1,0.01,0.9,0.92,0.0,0.92,1.0,0.0,1,52531.0
0,1,19,9,4753,0,0,0,0,0,0,0,0,18,0.0,0.0,0.0,0.0,1.0,0.0,0.0,255,24,0.09,0.07,0.09,0.0,0.84,0.0,0.0,0,109430.0
0,1,22,9,288,1279,0,0,1,0,0,0,0,21,0.0,0.0,0.0,0.0,1.0,0.0,0.07,21,255,1.0,0.0,0.05,0.01,0.0,0.0,0.0,0,21864.0
0,2,11,9,44,110,0,0,0,0,0,0,0,97,0.0,0.0,0.0,0.0,1.0,0.0,0.01,255,255,1.0,0.0,0.0,0.0,0.0,0.0,0.0,0,120256.0
0,1,41,9,3690,0,0,0,1,0,0,0,0,4,0.0,0.0,0.0,0.0,0.25,1.0,0.0,215,1,0.0,0.06,0.39,0.0,0.0,0.0,0.0,0,49401.0
0,1,22,9,400,4154,0,0,1,0,0,0,0,4,0.0,0.0,0.0,0.0,1.0,0.0,0.0,255,255,1.0,0.0,0.0,0.0,0.0,0.0,0.0,0,75963.0
0,1,22,9,311,1628,0,0,1,0,0,0,0,2,0.0,0.0,0.0,0.0,1.0,0.0,0.0,2,255,1.0,0.0,0.5,0.04,0.0,0.0,0.0,0,23808.0
0,1,22,9,342,2156,0,0,1,0,0,0,0,5,0.0,0.0,0.0,0.0,1.0,0.0,0.18,229,255,1.0,0.0,0.0,0.01,0.0,0.0,0.0,0,77837.0
0,1,36,5,0,0,0,0,0,0,0,0,0,239,1.0,1.0,0.0,0.0,0.08,0.05,0.0,255,20,0.08,0.06,0.0,0.0,1.0,1.0,0.0,1,103502.0
0,1,22,9,329,10212,0,0,1,0,0,0,0,1,0.0,0.0,0.0,0.0,1.0,0.0,0.0,1,255,1.0,0.0,1.0,0.05,0.0,0.0,0.0,0,73818.0
0,1,16,5,0,0,0,0,0,0,0,0,0,149,1.0,1.0,0.0,0.0,0.09,0.05,0.0,255,13,0.05,0.05,0.0,0.0,1.0,1.0,0.0,1,2364.0
0,1,22,9,184,922,0,0,1,0,0,0,0,18,0.0,0.0,0.0,0.0,1.0,0.0,0.0,30,255,1.0,0.0,0.03,0.02,0.0,0.0,0.0,0,88506.0
0,1,22,9,217,667,0,0,1,0,0,0,0,4,0.0,0.0,0.0,0.0,1.0,0.0,0.15,255,255,1.0,0.0,0.0,0.0,0.0,0.0,0.0,0,123315.0
0,1,22,9,225,2617,0,0,1,0,0,0,0,2,0.0,0.0,0.0,0.0,1.0,0.0,0.0,255,255,1.0,0.0,0.0,0.0,0.0,0.0,0.0,0,5917.0
0,1,22,9,289,327,0,0,1,0,0,0,0,2,0.0,0.0,0.0,0.0,1.0,0.0,0.17,157,255,1.0,0.0,0.01,0.04,0.0,0.0,0.0,0,23454.0
0,0,13,9,8,0,0,0,0,0,0,0,0,1,0.0,0.0,0.0,0.0,1.0,0.0,1.0,2,112,1.0,0.0,1.0,0.51,0.0,0.0,0.0,1,20636.0
3,1,51,9,766,366,0,0,1,0,0,0,0,2,0.0,0.0,0.0,0.0,1.0,0.0,0.67,79,71,0.9,0.05,0.01,0.0,0.0,0.0,0.0,0,26276.0
0,2,11,9,45,131,0,0,0,0,0,0,0,87,0.0,0.0,0.0,0.0,1.0,0.0,0.01,255,255,1.0,0.0,0.0,0.0,0.0,0.0,0.0,0,5467.0
0,1,46,1,0,0,0,0,0,0,0,0,0,102,0.0,0.0,1.0,1.0,0.06,0.09,0.0,255,6,0.02,0.08,0.0,0.0,0.0,0.0,1.0,1,58037.0
0,1,22,9,304,3437,0,0,1,0,0,0,0,3,0.0,0.0,0.0,0.0,1.0,0.0,0.0,215,255,1.0,0.0,0.0,0.02,0.0,0.0,0.0,0,89294.0
0,1,20,5,0,0,0,0,0,0,0,0,0,211,1.0,1.0,0.0,0.0,0.07,0.06,0.0,255,16,0.06,0.07,0.0,0.0,1.0,1.0,0.0,1,45058.0
2,1,51,9,1353,331,0,0,1,0,0,0,0,1,0.0,0.0,0.0,0.0,1.0,0.0,1.0,183,191,0.84,0.02,0.01,0.01,0.0,0.0,0.0,0,95796.0
0,1,22,9,329,6345,0,0,1,0,0,0,0,9,0.0,0.0,0.0,0.0,1.0,0.0,0.27,255,255,1.0,0.0,0.0,0.0,0.0,0.0,0.0,0,25837.0
0,1,22,9,306,1694,0,0,1,0,0,0,0,10,0.0,0.0,0.0,0.0,1.0,0.0,0.0,79,255,1.0,0.0,0.01,0.04,0.0,0.0,0.0,0,49368.0
0,0,14,9,520,0,0,0,0,0,0,0,0,453,0.0,0.0,0.0,0.0,1.0,0.0,0.0,24,24,1.0,0.0,1.0,0.0,0.0,0.0,0.0,1,12391.0
0,1,22,9,265,6671,0,0,1,0,0,0,0,9,0.0,0.0,0.0,0.0,1.0,0.0,0.0,33,255,1.0,0.0,0.03,0.03,0.0,0.0,0.0,0,115332.0
0,1,22,9,241,3444,0,0,1,0,0,0,0,5,0.0,0.0,0.0,0.0,1.0,0.0,0.0,153,255,1.0,0.0,0.01,0.02,0.0,0.0,0.0,0,96058.0
0,1,19,9,12,0,0,0,1,0,0,0,0,2,0.0,0.0,0.0,0.0,1.0,0.0,0.0,194,75,0.37,0.03,0.37,0.03,0.01,0.01,0.0,0,50038.0
0,1,26,4,0,0,0,0,0,0,0,0,0,1,0.0,0.0,1.0,1.0,1.0,0.0,0.0,255,1,0.0,0.4,0.79,0.0,0.0,0.0,1.0,1,50788.0
0,1,22,9,178,38205,0,0,1,0,0,0,0,6,0.0,0.0,0.0,0.0,1.0,0.0,0.0,255,255,1.0,0.0,0.0,0.0,0.0,0.0,0.0,0,100698.0
0,1,22,9,210,2159,0,0,1,0,0,0,0,3,0.33,0.33,0.0,0.0,1.0,0.0,0.0,87,255,1.0,0.0,0.01,0.04,0.01,0.01,0.0,0,85707.0
0,2,11,9,45,111,0,0,0,0,0,0,0,3,0.0,0.0,0.0,0.0,1.0,0.0,0.0,255,251,0.98,0.01,0.0,0.0,0.0,0.0,0.0,0,47610.0
0,1,5,5,0,0,0,0,0,0,0,0,0,113,1.0,1.0,0.0,0.0,0.16,0.05,0.0,255,18,0.07,0.06,0.0,0.0,1.0,1.0,0.0,1,107197.0
0,1,22,9,227,9986,0,0,1,0,0,0,0,18,0.0,0.0,0.0,0.0,1.0,0.0,0.08,184,255,1.0,0.0,0.01,0.01,0.0,0.0,0.0,0,125249.0
0,1,22,0,0,17520,0,2,1,0,0,0,0,1,0.0,0.0,0.0,0.0,1.0,0.0,0.0,255,255,1.0,0.0,0.0,0.0,0.0,0.0,0.0,0,115822.0
0,1,22,9,320,2056,0,0,1,0,0,0,0,7,0.0,0.0,0.0,0.0,1.0,0.0,0.22,106,255,1.0,0.0,0.01,0.01,0.0,0.01,0.0,0,53212.0
0,1,22,9,307,1099,0,0,1,0,0,0,0,28,0.0,0.0,0.0,0.0,1.0,0.0,0.0,54,255,1.0,0.0,0.02,0.04,0.0,0.0,0.0,0,105284.0
0,1,46,5,0,0,0,0,0,0,0,0,0,256,1.0,1.0,0.0,0.0,0.05,0.05,0.0,255,9,0.04,0.08,0.0,0.0,1.0,1.0,0.0,1,7085.0
16170,2,41,9,145,105,0,0,0,0,0,0,0,3,0.0,0.0,0.0,0.0,0.67,0.67,0.0,255,2,0.01,0.43,0.85,0.0,0.0,0.0,0.0,0,35293.0
0,0,14,9,1032,0,0,0,0,0,0,0,0,142,0.0,0.0,0.0,0.0,1.0,0.0,0.0,255,225,0.88,0.02,0.88,0.0,0.0,0.0,0.0,1,95760.0
0,1,19,9,16787,0,0,0,1,0,0,0,0,12,0.0,0.0,0.0,0.0,1.0,0.0,0.0,22,121,0.82,0.14,0.82,0.02,0.0,0.0,0.0,0,52970.0
0,1,46,5,0,0,0,0,0,0,0,0,0,195,1.0,1.0,0.0,0.0,0.01,0.06,0.0,255,1,0.0,0.07,0.01,0.0,1.0,1.0,0.0,1,12054.0
0,1,46,1,0,0,0,0,0,0,0,0,0,445,0.05,0.0,0.93,1.0,0.0,1.0,0.0,255,1,0.0,1.0,0.0,0.0,0.08,0.0,1.0,1,22771.0
0,1,55,5,0,0,0,0,0,0,0,0,0,245,1.0,1.0,0.0,0.0,0.08,0.07,0.0,255,20,0.08,0.08,0.0,0.0,1.0,1.0,0.0,1,5369.0
0,1,65,5,0,0,0,0,0,0,0,0,0,279,1.0,1.0,0.0,0.0,0.02,0.06,0.0,255,5,0.02,0.06,0.0,0.0,1.0,1.0,0.0,1,92707.0
0,1,22,9,227,1735,0,0,1,0,0,0,0,2,0.0,0.0,0.0,0.0,1.0,0.0,0.2,255,255,1.0,0.0,0.01,0.0,0.0,0.0,0.03,0,14634.0
0,1,22,9,302,1203,0,0,1,0,0,0,0,15,0.0,0.0,0.0,0.0,1.0,0.0,0.0,15,255,1.0,0.0,0.07,0.02,0.0,0.0,0.0,0,59269.0
1,1,51,9,1568,331,0,0,1,0,0,0,0,1,0.0,0.0,0.0,0.0,1.0,0.0,1.0,152,134,0.51,0.05,0.01,0.01,0.02,0.02,0.0,0,88465.0
0,1,60,5,0,0,0,0,0,0,0,0,0,242,1.0,1.0,0.0,0.0,0.07,0.07,0.0,255,18,0.07,0.08,0.0,0.0,1.0,1.0,0.0,1,107672.0
0,1,46,5,0,0,0,0,0,0,0,0,0,162,1.0,1.0,0.0,0.0,0.12,0.07,0.0,255,20,0.08,0.06,0.0,0.0,1.0,1.0,0.0,1,84683.0
0,2,11,9,44,126,0,0,0,0,0,0,0,191,0.0,0.0,0.0,0.0,1.0,0.0,0.0,255,251,0.98,0.01,0.0,0.0,0.0,0.0,0.0,0,7768.0
0,1,22,1,0,0,0,0,0,0,0,0,0,1,0.0,0.0,1.0,1.0,1.0,0.0,1.0,5,247,1.0,0.0,0.2,0.13,0.0,0.0,0.98,0,52141.0
0,1,2,1,0,0,0,0,0,0,0,0,0,219,0.0,0.0,1.0,1.0,0.03,0.07,0.0,255,7,0.03,0.07,0.0,0.0,0.0,0.0,1.0,1,29913.0
3425,2,41,9,146,105,0,0,0,0,0,0,0,2,0.0,0.0,0.0,0.0,0.5,1.0,0.0,255,2,0.01,0.6,0.89,0.0,0.0,0.0,0.0,0,97087.0
0,1,22,5,0,0,0,0,0,0,0,0,0,62,1.0,1.0,0.0,0.0,0.29,0.06,0.0,224,58,0.26,0.02,0.01,0.0,0.99,1.0,0.0,1,46586.0
0,1,22,9,256,9529,0,0,1,0,0,0,0,7,0.0,0.0,0.0,0.0,1.0,0.0,0.0,255,255,1.0,0.0,0.0,0.0,0.0,0.0,0.0,0,36704.0
0,2,46,9,1,0,0,0,0,0,0,0,0,119,0.0,0.0,0.0,0.0,0.92,0.02,0.0,255,180,0.71,0.04,1.0,0.0,0.0,0.0,0.0,1,53808.0
0,1,22,9,54540,8314,0,2,1,1,0,0,0,3,0.0,0.0,0.0,0.0,1.0,0.0,0.0,242,242,1.0,0.0,0.0,0.0,0.0,0.0,0.02,1,112083.0
0,1,22,9,277,1274,0,0,1,0,0,0,0,7,0.0,0.0,0.0,0.0,1.0,0.0,0.2,255,255,1.0,0.0,0.0,0.0,0.0,0.0,0.0,0,96727.0
0,1,9,5,0,0,0,0,0,0,0,0,0,237,1.0,1.0,0.0,0.0,0.03,0.06,0.0,255,8,0.03,0.07,0.0,0.0,1.0,1.0,0.0,1,89479.0
0,1,22,9,284,327,0,0,1,0,0,0,0,2,0.0,0.0,0.0,0.0,1.0,0.0,0.15,65,255,1.0,0.0,0.02,0.01,0.0,0.0,0.0,0,99280.0
0,1,22,9,316,11033,0,0,1,0,0,0,0,11,0.0,0.0,0.0,0.0,1.0,0.0,0.15,255,255,1.0,0.0,0.0,0.0,0.0,0.0,0.0,0,63301.0
1,1,51,9,1478,324,0,0,1,0,0,0,0,1,0.0,0.0,0.0,0.0,1.0,0.0,0.0,222,153,0.62,0.02,0.0,0.01,0.0,0.01,0.0,0,93591.0
0,2,11,9,40,106,0,0,0,0,0,0,0,1,0.0,0.0,0.0,0.0,1.0,0.0,0.0,255,222,0.87,0.01,0.0,0.0,0.0,0.0,0.0,0,108314.0
0,1,55,5,0,0,0,0,0,0,0,0,0,119,1.0,1.0,0.0,0.0,0.09,0.08,0.0,255,11,0.04,0.07,0.0,0.0,1.0,1.0,0.0,1,98250.0
0,1,46,1,0,0,0,0,0,0,0,0,0,117,0.0,0.0,1.0,1.0,0.13,0.06,0.0,18,9,0.5,0.11,0.06,0.0,0.0,0.0,1.0,1,25260.0
0,2,46,9,1,0,0,0,0,0,0,0,0,123,0.0,0.0,0.0,0.0,0.92,0.02,0.0,255,181,0.71,0.04,1.0,0.0,0.0,0.0,0.0,1,86467.0
0,1,22,9,390,12604,0,0,1,0,0,0,0,21,0.0,0.0,0.0,0.0,1.0,0.0,0.0,98,255,1.0,0.0,0.01,0.05,0.0,0.0,0.0,0,8225.0
0,1,46,5,0,0,0,0,0,0,0,0,0,220,1.0,1.0,0.0,0.0,0.05,0.06,0.0,255,2,0.01,0.09,0.0,0.0,1.0,1.0,0.0,1,114818.0
0,1,24,5,0,0,0,0,0,0,0,0,0,9,1.0,1.0,0.0,0.0,0.89,0.22,0.0,255,18,0.07,0.08,0.0,0.0,1.0,1.0,0.0,1,110552.0
0,1,22,9,235,28405,0,0,1,0,0,0,0,7,0.0,0.0,0.0,0.0,1.0,0.0,0.0,7,255,1.0,0.0,0.14,0.03,0.0,0.0,0.0,0,125146.0
0,1,46,5,0,0,0,0,0,0,0,0,0,133,1.0,1.0,0.0,0.0,0.05,0.06,0.0,255,8,0.03,0.07,0.0,0.0,1.0,1.0,0.0,1,50344.0
0,1,22,9,297,260,0,0,1,0,0,0,0,12,0.0,0.0,0.0,0.0,1.0,0.0,0.0,53,112,1.0,0.0,0.02,0.04,0.0,0.01,0.0,0,104997.0
0,1,19,9,0,11269,0,0,0,0,0,0,0,2,0.0,0.0,0.0,0.0,0.5,1.0,0.22,201,74,0.37,0.03,0.0,0.0,0.01,0.03,0.0,0,18854.0
40743,1,46,4,1,0,0,0,0,0,0,0,0,2,0.0,0.0,1.0,1.0,1.0,0.0,0.0,255,2,0.01,0.37,0.73,0.0,0.0,0.0,1.0,1,103888.0
0,1,16,2,0,0,0,0,0,0,0,0,0,120,0.0,0.0,1.0,1.0,0.06,0.07,0.0,255,7,0.03,0.07,0.0,0.0,0.0,0.0,1.0,1,10807.0
6715,2,41,9,145,105,0,0,0,0,0,0,0,4,0.0,0.0,0.0,0.0,0.5,0.5,0.0,255,2,0.01,0.65,0.93,0.0,0.0,0.0,0.0,0,44042.0
0,1,22,9,210,8539,0,0,1,0,0,0,0,15,0.0,0.0,0.0,0.0,1.0,0.0,0.0,255,255,1.0,0.0,0.0,0.0,0.0,0.0,0.0,0,45996.0
0,1,46,5,0,0,0,0,0,0,0,0,0,283,1.0,1.0,0.0,0.0,0.03,0.06,0.0,255,10,0.04,0.07,0.0,0.0,1.0,1.0,0.0,1,111924.0
0,1,22,1,0,0,0,0,0,0,0,0,0,41,0.0,0.0,0.02,0.02,1.0,0.0,0.07,86,255,1.0,0.0,0.01,0.1,0.0,0.0,0.76,0,9761.0
0,2,11,9,29,0,0,0,0,0,0,0,0,1,0.0,0.0,0.0,0.0,1.0,0.0,0.75,162,24,0.09,0.04,0.09,0.08,0.0,0.0,0.0,0,96130.0
0,1,22,9,318,1460,0,0,1,0,0,0,0,16,0.0,0.0,0.0,0.0,1.0,0.0,0.06,89,255,1.0,0.0,0.01,0.02,0.0,0.0,0.0,0,71908.0
0,1,22,9,209,9294,0,0,1,0,0,0,0,1,0.0,0.0,0.0,0.0,1.0,0.0,0.29,3,255,1.0,0.0,0.33,0.02,0.0,0.0,0.0,0,57757.0
0,1,22,9,230,2229,0,0,1,0,0,0,0,3,0.0,0.0,0.0,0.0,1.0,0.0,0.0,37,255,1.0,0.0,0.03,0.03,0.05,0.01,0.0,0,114040.0
0,0,13,9,8,0,0,0,0,0,0,0,0,1,0.0,0.0,0.0,0.0,1.0,0.0,1.0,1,9,1.0,0.0,1.0,0.56,0.0,0.0,0.0,1,39147.0
0,0,14,9,1032,0,0,0,0,0,0,0,0,230,0.0,0.0,0.0,0.0,1.0,0.0,0.0,206,112,0.54,0.03,0.54,0.0,0.01,0.0,0.0,1,52385.0
0,2,11,9,44,70,0,0,0,0,0,0,0,109,0.0,0.0,0.0,0.0,1.0,0.0,0.0,255,254,1.0,0.01,0.0,0.0,0.0,0.0,0.0,0,7177.0
0,1,25,5,0,0,0,0,0,0,0,0,0,231,1.0,1.0,0.0,0.0,0.06,0.06,0.0,255,19,0.07,0.07,0.0,0.0,1.0,1.0,0.0,1,84363.0
0,1,46,5,0,0,0,0,0,0,0,0,0,22,1.0,1.0,0.0,0.0,0.27,0.18,0.0,255,6,0.02,0.09,0.0,0.0,1.0,1.0,0.0,1,112058.0
0,1,46,5,0,0,0,0,0,0,0,0,0,138,1.0,1.0,0.0,0.0,0.08,0.06,0.0,255,4,0.02,0.06,0.0,0.0,1.0,1.0,0.0,1,9228.0
0,1,46,5,0,0,0,0,0,0,0,0,0,86,1.0,1.0,0.0,0.0,0.2,0.06,0.0,255,4,0.02,0.07,0.0,0.0,1.0,1.0,0.0,1,77019.0
0,1,46,5,0,0,0,0,0,0,0,0,0,256,1.0,1.0,0.0,0.0,0.05,0.06,0.0,255,15,0.06,0.07,0.0,0.0,1.0,1.0,0.0,1,48193.0
0,0,14,9,1032,0,0,0,0,0,0,0,0,511,0.0,0.0,0.0,0.0,1.0,0.0,0.0,255,140,0.55,0.01,0.55,0.0,0.0,0.0,0.0,1,69407.0
0,1,4,5,0,0,0,0,0,0,0,0,0,220,1.0,1.0,0.0,0.0,0.04,0.06,0.0,255,19,0.07,0.08,0.0,0.0,1.0,1.0,0.0,1,108520.0
1,1,46,3,0,0,0,0,0,0,0,0,0,124,0.73,0.67,0.27,0.33,0.02,0.36,0.0,255,3,0.01,0.18,0.49,0.0,0.36,0.67,0.33,1,29462.0
0,1,46,5,0,0,0,0,0,0,0,0,0,144,1.0,1.0,0.0,0.0,0.08,0.06,0.0,255,2,0.01,0.08,0.0,0.0,1.0,1.0,0.0,1,35578.0
0,2,11,9,44,127,0,0,0,0,0,0,0,69,0.0,0.0,0.0,0.0,1.0,0.0,0.01,255,254,1.0,0.01,0.0,0.0,0.0,0.0,0.0,0,51142.0
0,1,22,9,347,807,0,0,1,0,0,0,0,8,0.0,0.0,0.0,0.0,1.0,0.0,0.05,255,255,1.0,0.0,0.0,0.0,0.0,0.0,0.0,0,103006.0
0,1,21,5,0,0,0,0,0,0,0,0,0,233,1.0,1.0,0.0,0.0,0.01,0.06,0.0,255,2,0.01,0.07,0.0,0.0,1.0,1.0,0.0,1,7589.0
0,2,11,9,42,42,0,0,0,0,0,0,0,80,0.0,0.0,0.0,0.0,1.0,0.0,0.01,255,255,1.0,0.0,0.01,0.0,0.0,0.0,0.0,0,39472.0
0,0,13,9,8,0,0,0,0,0,0,0,0,1,0.0,0.0,0.0,0.0,1.0,0.0,1.0,1,255,1.0,0.0,1.0,0.5,0.0,0.0,0.0,1,3997.0
0,2,11,9,46,157,0,0,0,0,0,0,0,23,0.0,0.0,0.0,0.0,1.0,0.0,0.03,255,189,0.74,0.02,0.0,0.0,0.0,0.0,0.0,0,116963.0
0,1,27,5,0,0,0,0,0,0,0,0,0,148,1.0,1.0,0.0,0.0,0.16,0.05,0.0,255,24,0.09,0.05,0.0,0.0,1.0,1.0,0.0,1,63976.0
0,1,22,9,222,1494,0,0,1,0,0,0,0,10,0.0,0.0,0.0,0.0,1.0,0.0,0.0,255,255,1.0,0.0,0.0,0.0,0.0,0.0,0.0,0,68689.0
0,0,14,9,1032,0,0,0,0,0,0,0,0,191,0.0,0.0,0.0,0.0,1.0,0.0,0.0,255,191,0.75,0.01,0.75,0.0,0.0,0.0,0.0,1,46131.0
0,1,51,9,722,334,0,0,1,0,0,0,0,1,0.0,0.0,0.0,0.0,1.0,0.0,0.0,48,139,0.21,0.06,0.02,0.01,0.02,0.01,0.0,0,90424.0
0,1,22,9,334,4546,0,0,1,0,0,0,0,2,0.0,0.0,0.0,0.0,1.0,0.0,0.0,220,255,1.0,0.0,0.0,0.02,0.0,0.0,0.0,0,96749.0
0,1,22,9,337,658,0,0,1,0,0,0,0,9,0.0,0.0,0.0,0.0,1.0,0.0,0.0,17,255,1.0,0.0,0.06,0.02,0.0,0.0,0.01,0,31794.0
0,1,18,6,414,1286,0,4,1,0,0,0,0,1,1.0,1.0,0.0,0.0,1.0,0.0,0.0,72,13,0.18,0.04,0.01,0.0,0.03,0.08,0.0,0,83547.0
0,1,22,9,247,2265,0,0,1,0,0,0,0,8,0.0,0.0,0.0,0.0,1.0,0.0,0.0,185,255,1.0,0.0,0.01,0.01,0.0,0.0,0.0,0,15477.0
0,1,9,5,0,0,0,0,0,0,0,0,0,233,1.0,1.0,0.0,0.0,0.01,0.07,0.0,255,5,0.02,0.08,0.0,0.0,1.0,1.0,0.0,1,121631.0
0,1,19,9,641,0,0,0,1,0,0,0,0,1,0.0,0.0,0.0,0.0,1.0,0.0,0.0,5,5,1.0,0.0,1.0,0.0,0.0,0.0,0.0,0,63804.0
3354,2,41,9,146,105,0,0,0,0,0,0,0,1,0.0,0.0,0.0,0.0,1.0,0.0,0.0,255,1,0.0,0.77,0.98,0.0,0.0,0.0,0.0,0,121593.0
0,1,3,9,14,41,0,0,0,0,0,0,0,2,0.0,0.0,0.0,0.0,1.0,0.0,0.0,177,14,0.07,0.03,0.01,0.14,0.01,0.0,0.0,0,54925.0
0,1,22,9,307,400,0,0,1,0,0,0,0,40,0.0,0.0,0.0,0.0,1.0,0.0,0.05,255,255,1.0,0.0,0.0,0.0,0.0,0.0,0.0,0,19807.0
0,1,22,9,307,1075,0,0,1,0,0,0,0,6,0.0,0.0,0.0,0.0,1.0,0.0,0.0,255,233,0.91,0.02,0.0,0.0,0.0,0.0,0.0,0,71769.0
0,1,19,9,1556,0,0,0,0,0,0,0,0,7,0.0,0.0,0.0,0.0,1.0,0.0,0.0,178,59,0.33,0.03,0.33,0.0,0.0,0.0,0.0,0,77454.0
0,1,22,9,305,1211,0,0,1,0,0,0,0,17,0.0,0.0,0.0,0.0,1.0,0.0,0.06,255,255,1.0,0.0,0.0,0.0,0.0,0.0,0.0,0,85525.0
0,1,17,2,0,0,0,0,0,0,0,0,0,127,0.0,0.0,1.0,1.0,0.02,0.07,0.0,255,2,0.01,0.07,0.0,0.0,0.0,0.0,1.0,1,64090.0
32,1,18,9,1060,3081,0,22,1,0,0,0,0,1,0.0,0.0,0.0,0.0,1.0,0.0,0.0,231,56,0.24,0.02,0.0,0.0,0.0,0.0,0.0,0,32282.0
0,1,22,1,0,0,0,0,0,0,0,0,0,1,0.0,0.0,1.0,1.0,1.0,0.0,0.0,17,219,1.0,0.0,0.06,0.16,0.0,0.0,1.0,0,7282.0
0,1,51,9,767,335,0,0,1,0,0,0,0,1,0.0,0.0,0.0,0.0,1.0,0.0,0.0,208,105,0.5,0.03,0.0,0.0,0.0,0.0,0.0,0,11725.0
8495,2,41,9,146,105,0,0,0,0,0,0,0,1,0.0,0.0,0.0,0.0,1.0,0.0,0.0,149,1,0.01,0.55,0.76,0.0,0.0,0.0,0.0,0,119768.0
0,0,14,9,1480,0,1,0,0,0,0,0,0,1,0.0,0.0,0.0,0.0,1.0,0.0,0.67,1,19,1.0,0.0,1.0,0.53,0.0,0.0,0.0,0,67763.0
0,1,46,5,0,0,0,0,0,0,0,0,0,184,1.0,1.0,0.0,0.0,0.03,0.07,0.0,223,5,0.02,0.08,0.0,0.0,0.94,1.0,0.0,1,72947.0
0,1,22,9,224,279,0,0,1,0,0,0,0,4,0.0,0.0,0.0,0.0,1.0,0.0,0.33,205,255,1.0,0.0,0.0,0.03,0.0,0.0,0.0,0,43308.0
0,1,63,5,0,0,0,0,0,0,0,0,0,145,1.0,1.0,0.0,0.0,0.13,0.06,0.0,255,19,0.07,0.07,0.0,0.0,1.0,1.0,0.0,1,53668.0
0,1,22,1,0,0,0,0,0,0,0,0,0,270,0.0,0.0,1.0,1.0,0.05,0.07,0.0,255,14,0.05,0.07,0.0,0.0,0.0,0.0,1.0,1,56133.0
0,1,22,9,312,2251,0,0,1,0,0,0,0,31,0.0,0.0,0.0,0.0,1.0,0.0,0.09,255,255,1.0,0.0,0.0,0.0,0.0,0.0,0.0,0,114891.0
24,1,18,9,341,1063,0,6,1,0,0,0,0,1,0.0,0.0,0.0,0.0,1.0,0.0,0.0,136,52,0.38,0.04,0.01,0.0,0.0,0.0,0.0,0,116972.0
3,1,51,9,725,335,0,0,1,0,0,0,0,1,0.0,0.0,0.0,0.0,1.0,0.0,1.0,160,152,0.52,0.04,0.01,0.01,0.0,0.0,0.0,0,68044.0
0,2,11,9,45,134,0,0,0,0,0,0,0,74,0.0,0.0,0.0,0.0,1.0,0.0,0.01,255,254,1.0,0.01,0.0,0.0,0.0,0.0,0.0,0,107869.0
0,1,19,9,334,0,0,0,1,0,0,0,0,1,0.0,0.0,0.0,0.0,1.0,0.0,0.0,3,15,1.0,0.0,1.0,0.27,0.0,0.0,0.0,1,35081.0
0,1,22,5,0,0,0,0,0,0,0,0,0,121,1.0,1.0,0.0,0.0,0.1,0.06,0.0,255,6,0.02,0.08,0.0,0.0,1.0,1.0,0.0,1,40561.0
0,1,22,9,312,13794,0,0,1,0,0,0,0,22,0.0,0.0,0.0,0.0,1.0,0.0,0.0,255,255,1.0,0.0,0.0,0.0,0.0,0.0,0.0,0,48797.0
0,1,46,5,0,0,0,0,0,0,0,0,0,138,1.0,1.0,0.0,0.0,0.11,0.06,0.0,255,14,0.05,0.08,0.0,0.0,1.0,1.0,0.0,1,15091.0
0,1,19,9,1339,0,0,0,0,0,0,0,0,2,0.0,0.0,0.0,0.0,1.0,0.0,0.0,134,31,0.23,0.04,0.23,0.0,0.02,0.0,0.0,0,18572.0
0,2,11,9,88,0,0,0,0,0,0,0,0,1,0.0,0.0,0.0,0.0,1.0,0.0,1.0,85,31,0.36,0.05,0.36,0.0,0.0,0.0,0.0,0,52999.0
0,1,22,9,256,1333,0,0,1,0,0,0,0,17,0.0,0.0,0.0,0.0,1.0,0.0,0.0,43,255,1.0,0.0,0.02,0.02,0.0,0.0,0.0,0,9277.0
0,1,46,4,0,0,0,0,0,0,0,0,0,1,0.0,0.0,1.0,1.0,1.0,0.0,0.0,255,1,0.0,0.7,0.69,0.0,0.0,0.0,1.0,1,88586.0
0,1,46,5,0,0,0,0,0,0,0,0,0,69,1.0,1.0,0.0,0.0,0.04,0.07,0.0,255,12,0.05,0.07,0.0,0.0,1.0,1.0,0.0,1,60254.0
0,1,22,9,200,1055,0,0,1,0,0,0,0,3,0.0,0.0,0.0,0.0,1.0,0.0,0.17,16,255,1.0,0.0,0.06,0.07,0.0,0.0,0.0,0,74035.0
0,1,22,9,151,787,0,1,1,0,0,0,0,1,0.0,0.0,0.0,0.0,1.0,0.0,0.0,4,255,1.0,0.0,0.25,0.04,0.0,0.0,0.0,0,78451.0
0,1,46,5,0,0,0,0,0,0,0,0,0,179,1.0,1.0,0.0,0.0,0.06,0.07,0.0,255,11,0.04,0.08,0.0,0.0,1.0,1.0,0.0,1,13155.0
0,1,22,9,218,454,0,0,1,0,0,0,0,16,0.0,0.0,0.0,0.0,1.0,0.0,0.0,16,255,1.0,0.0,0.06,0.01,0.0,0.0,0.0,0,105256.0
0,1,22,9,244,2724,0,0,1,0,0,0,0,17,0.0,0.0,0.0,0.0,1.0,0.0,0.0,97,255,1.0,0.0,0.01,0.02,0.0,0.0,0.0,0,56307.0
0,2,11,9,45,88,0,0,0,0,0,0,0,275,0.0,0.0,0.0,0.0,1.0,0.0,0.0,255,206,0.81,0.01,0.0,0.0,0.0,0.0,0.0,0,109498.0
0,1,22,9,202,4460,0,0,1,0,0,0,0,13,0.0,0.0,0.0,0.0,1.0,0.0,0.08,255,255,1.0,0.0,0.01,0.0,0.0,0.0,0.0,0,90464.0
1,1,51,9,570,280,0,0,1,0,0,0,0,1,0.0,0.0,0.0,0.0,1.0,0.0,0.0,126,104,0.44,0.05,0.01,0.02,0.01,0.01,0.0,0,389.0
0,1,46,5,0,0,0,0,0,0,0,0,0,219,1.0,1.0,0.0,0.0,0.07,0.06,0.0,255,16,0.06,0.06,0.0,0.0,1.0,1.0,0.0,1,67507.0
0,1,22,1,0,0,0,0,0,0,0,0,0,1,0.0,0.0,1.0,1.0,1.0,0.0,0.0,5,214,1.0,0.0,0.2,0.2,0.0,0.0,0.78,0,123769.0
1,1,51,9,977,332,0,0,1,0,0,0,0,1,0.0,0.0,0.0,0.0,1.0,0.0,1.0,124,147,0.48,0.04,0.01,0.01,0.0,0.0,0.0,0,44718.0
0,1,22,9,222,791,0,0,1,0,0,0,0,27,0.0,0.0,0.0,0.0,1.0,0.0,0.09,109,255,1.0,0.0,0.01,0.05,0.0,0.0,0.55,0,12346.0
0,0,14,9,520,0,0,0,0,0,0,0,0,188,0.0,0.0,0.0,0.0,1.0,0.0,0.0,255,255,1.0,0.0,1.0,0.0,0.0,0.0,0.0,1,95708.0
5,1,51,9,1048,336,0,0,1,0,0,0,0,1,0.0,0.0,0.0,0.0,1.0,0.0,1.0,125,198,0.8,0.03,0.01,0.01,0.0,0.0,0.0,0,2031.0
0,0,13,9,18,0,0,0,0,0,0,0,0,1,0.0,0.0,0.0,0.0,1.0,0.0,0.0,1,61,1.0,0.0,1.0,1.0,0.0,0.0,0.0,1,39773.0
0,1,46,5,0,0,0,0,0,0,0,0,0,78,1.0,1.0,0.0,0.0,0.22,0.06,0.0,255,6,0.02,0.06,0.0,0.0,1.0,1.0,0.0,1,112564.0
0,0,14,9,520,0,0,0,0,0,0,0,0,215,0.0,0.0,0.0,0.0,1.0,0.0,0.0,255,255,1.0,0.0,1.0,0.0,0.0,0.0,0.0,1,65956.0
0,1,19,9,201,0,0,0,1,0,0,0,0,10,0.0,0.0,0.0,0.0,1.0,0.0,0.0,255,16,0.06,0.63,0.06,0.0,0.0,0.0,0.0,0,88589.0
0,1,46,5,0,0,0,0,0,0,0,0,0,280,1.0,1.0,0.0,0.0,0.07,0.06,0.0,255,18,0.07,0.07,0.0,0.0,1.0,1.0,0.0,1,68671.0
0,1,24,5,0,0,0,0,0,0,0,0,0,118,1.0,1.0,0.0,0.0,0.17,0.05,0.0,255,3,0.01,0.06,0.0,0.0,1.0,1.0,0.0,1,91329.0
0,1,32,5,0,0,0,0,0,0,0,0,0,256,1.0,1.0,0.0,0.0,0.03,0.06,0.0,255,14,0.05,0.07,0.0,0.0,1.0,1.0,0.0,1,37999.0
0,1,51,9,1733,364,0,0,1,0,0,0,0,1,0.0,0.0,0.0,0.0,1.0,0.0,1.0,104,127,0.29,0.06,0.01,0.02,0.0,0.0,0.0,0,33561.0
0,1,4,5,0,0,0,0,0,0,0,0,0,191,1.0,1.0,0.0,0.0,0.01,0.07,0.0,255,1,0.0,0.08,0.0,0.0,1.0,1.0,0.0,1,47367.0
0,1,19,9,319,0,0,0,1,0,0,1,0,1,0.0,0.0,0.0,0.0,1.0,0.0,0.0,22,86,0.86,0.09,0.86,0.03,0.0,0.0,0.0,0,123282.0
0,1,22,9,279,2165,0,0,1,0,0,0,0,9,0.0,0.0,0.0,0.0,1.0,0.0,0.12,45,255,1.0,0.0,0.02,0.01,0.0,0.0,0.0,0,108027.0
0,1,51,9,898,287,0,0,1,0,0,0,0,1,0.0,0.0,0.0,0.0,1.0,0.0,0.0,26,6,0.23,0.15,0.04,0.0,0.0,0.0,0.0,0,117489.0
0,1,66,5,0,0,0,0,0,0,0,0,0,277,1.0,1.0,0.0,0.0,0.02,0.06,0.0,255,7,0.03,0.06,0.0,0.0,1.0,1.0,0.0,1,26115.0
0,2,11,9,29,29,0,0,0,0,0,0,0,1,0.0,0.0,0.0,0.0,1.0,0.0,1.0,255,233,0.91,0.01,0.0,0.0,0.0,0.0,0.0,0,70736.0
0,1,46,5,0,0,0,0,0,0,0,0,0,146,1.0,1.0,0.0,0.0,0.11,0.06,0.0,255,16,0.06,0.07,0.0,0.0,1.0,1.0,0.0,1,88105.0
0,1,22,9,54540,8314,0,2,1,1,0,0,0,4,0.0,0.0,0.0,0.0,1.0,0.0,0.0,251,251,1.0,0.0,0.0,0.0,0.0,0.0,0.05,1,59985.0
0,1,10,5,0,0,0,0,0,0,0,0,0,213,1.0,1.0,0.0,0.0,0.0,0.07,0.0,255,2,0.01,0.08,0.0,0.0,1.0,1.0,0.0,1,123758.0
0,1,19,9,190,0,0,0,1,0,0,1,0,1,0.0,0.0,0.0,0.0,1.0,0.0,0.0,2,26,1.0,0.0,1.0,0.08,0.0,0.0,0.0,0,86920.0
0,1,22,9,193,1639,0,0,1,0,0,0,0,37,0.0,0.0,0.0,0.0,1.0,0.0,0.0,255,255,1.0,0.0,0.0,0.0,0.0,0.0,0.0,0,83486.0
1,1,51,9,1788,337,0,0,1,0,0,0,0,1,0.0,0.0,0.0,0.0,1.0,0.0,1.0,114,139,0.62,0.04,0.01,0.01,0.0,0.0,0.0,0,96505.0
0,1,22,9,317,4894,0,0,1,0,0,0,0,34,0.0,0.0,0.0,0.0,1.0,0.0,0.03,255,255,1.0,0.0,0.0,0.0,0.0,0.0,0.0,0,99617.0
0,1,28,1,0,0,0,0,0,0,0,0,0,143,0.0,0.0,1.0,1.0,0.13,0.06,0.0,255,19,0.07,0.05,0.0,0.0,0.0,0.0,1.0,1,114061.0
0,1,56,5,0,0,0,0,0,0,0,0,0,243,1.0,1.0,0.0,0.0,0.09,0.05,0.0,255,21,0.08,0.06,0.0,0.0,1.0,1.0,0.0,1,11097.0
0,2,11,9,49,115,0,0,0,0,0,0,0,1,0.0,0.0,0.0,0.0,1.0,0.0,0.0,156,146,0.94,0.01,0.01,0.0,0.0,0.0,0.0,0,51874.0
2,1,51,9,1149,334,0,0,1,0,0,0,0,1,0.0,0.0,0.0,0.0,1.0,0.0,1.0,141,172,0.64,0.04,0.01,0.01,0.01,0.01,0.0,0,39506.0
0,1,46,5,0,0,0,0,0,0,0,0,0,131,1.0,1.0,0.0,0.0,0.08,0.07,0.0,255,9,0.04,0.05,0.0,0.0,1.0,1.0,0.0,1,3038.0
0,1,22,9,326,2202,0,0,1,0,0,0,0,9,0.0,0.0,0.0,0.0,1.0,0.0,0.2,52,255,1.0,0.0,0.02,0.02,0.0,0.0,0.0,0,88418.0
0,1,19,9,245,0,0,0,1,0,0,1,0,2,0.0,0.0,0.0,0.0,1.0,0.0,0.0,57,2,0.04,0.11,0.04,0.0,0.0,0.0,0.0,0,25782.0
0,2,46,9,215,0,0,0,0,0,0,0,0,1,0.0,0.0,0.0,0.0,1.0,0.0,0.0,77,69,0.9,0.03,0.9,0.0,0.0,0.0,0.0,1,84840.0
0,1,63,5,0,0,0,0,0,0,0,0,0,131,1.0,1.0,0.0,0.0,0.04,0.07,0.0,255,5,0.02,0.06,0.0,0.0,1.0,1.0,0.0,1,68277.0
0,1,22,2,0,0,0,0,1,0,0,0,0,2,0.0,0.0,0.5,0.5,1.0,0.0,0.0,2,255,1.0,0.0,1.0,0.02,0.0,0.0,0.0,0,78979.0
0,1,17,5,0,0,0,0,0,0,0,0,0,278,1.0,1.0,0.0,0.0,0.01,0.05,0.0,255,3,0.01,0.05,0.0,0.0,1.0,1.0,0.0,1,15210.0
0,1,27,5,0,0,0,0,0,0,0,0,0,144,1.0,1.0,0.0,0.0,0.06,0.06,0.0,255,8,0.03,0.05,0.0,0.0,1.0,1.0,0.0,1,26759.0
0,1,22,9,250,7189,0,0,1,0,0,0,0,8,0.0,0.0,0.0,0.0,1.0,0.0,0.09,40,255,1.0,0.0,0.03,0.04,0.0,0.0,0.0,0,60646.0
0,1,22,9,309,1289,0,0,1,0,0,0,0,19,0.0,0.0,0.0,0.0,1.0,0.0,0.0,19,255,1.0,0.0,0.05,0.05,0.0,0.0,0.0,0,112962.0
0,1,46,1,0,0,0,0,0,0,0,0,0,322,0.03,0.0,0.95,1.0,0.0,1.0,0.0,255,1,0.0,1.0,0.0,0.0,0.04,0.0,1.0,1,60842.0
0,2,41,9,145,0,0,0,0,0,0,0,0,3,0.0,0.0,0.0,0.0,0.33,0.67,0.0,255,1,0.0,0.22,0.4,0.0,0.0,0.0,0.0,0,14730.0
1,1,51,9,947,334,0,0,1,0,0,0,0,1,0.0,0.0,0.0,0.0,1.0,0.0,1.0,255,90,0.35,0.03,0.0,0.0,0.0,0.0,0.0,0,102875.0
0,1,32,5,0,0,0,0,0,0,0,0,0,267,1.0,1.0,0.0,0.0,0.09,0.05,0.0,255,24,0.09,0.05,0.0,0.0,1.0,1.0,0.0,1,4360.0
0,1,22,9,54540,8314,0,2,1,1,0,0,0,19,0.0,0.0,0.0,0.0,1.0,0.0,0.0,255,255,1.0,0.0,0.0,0.0,0.0,0.0,0.05,1,104812.0
0,1,22,9,206,771,0,0,1,0,0,0,0,14,0.0,0.0,0.0,0.0,1.0,0.0,0.14,255,255,1.0,0.0,0.0,0.0,0.0,0.0,0.0,0,22870.0
0,1,46,1,0,0,0,0,0,0,0,0,0,2,0.0,0.0,1.0,1.0,0.5,1.0,0.0,255,1,0.0,0.31,0.25,0.0,0.27,0.0,1.0,1,120490.0
0,1,22,9,262,1323,0,0,1,0,0,0,0,18,0.0,0.0,0.0,0.0,1.0,0.0,0.0,255,255,1.0,0.0,0.0,0.0,0.0,0.0,0.0,0,21859.0
0,1,22,2,0,0,0,0,1,0,0,0,0,1,0.0,0.0,1.0,1.0,1.0,0.0,0.0,217,192,0.88,0.02,0.0,0.0,0.03,0.0,0.01,0,74325.0
1,1,51,9,606,336,0,0,1,0,0,0,0,1,0.0,0.0,0.0,0.0,1.0,0.0,0.0,88,166,0.76,0.06,0.01,0.01,0.0,0.0,0.0,0,50389.0
12,1,22,9,321,181,0,0,1,0,0,0,0,2,0.0,0.0,0.0,0.0,1.0,0.0,0.67,21,255,1.0,0.0,0.05,0.04,0.0,0.0,0.0,0,99979.0
0,1,46,5,0,0,0,0,0,0,0,0,0,88,1.0,1.0,0.0,0.0,0.18,0.06,0.0,255,3,0.01,0.08,0.0,0.0,1.0,1.0,0.0,1,106459.0
0,1,22,9,293,13599,0,0,1,0,0,0,0,10,0.0,0.0,0.0,0.0,1.0,0.0,0.0,255,255,1.0,0.0,0.0,0.0,0.0,0.0,0.0,0,95499.0
0,1,30,5,0,0,0,0,0,0,0,0,0,188,1.0,1.0,0.0,0.0,0.01,0.06,0.0,255,2,0.01,0.06,0.0,0.0,1.0,1.0,0.0,1,99008.0
0,1,51,9,2116,403,0,0,1,0,0,0,0,1,0.0,0.0,0.0,0.0,1.0,0.0,0.0,255,49,0.19,0.06,0.0,0.0,0.57,0.0,0.0,0,79666.0
0,1,22,9,240,417,0,0,1,0,0,0,0,15,0.0,0.0,0.0,0.0,1.0,0.0,0.0,46,255,1.0,0.0,0.02,0.04,0.0,0.0,0.0,0,70765.0
0,1,22,9,317,405,0,0,1,0,0,0,0,4,0.0,0.0,0.0,0.11,1.0,0.0,0.22,19,255,1.0,0.0,0.05,0.05,0.0,0.0,0.0,0,117465.0
0,1,22,9,212,14354,0,0,1,0,0,0,0,7,0.0,0.0,0.0,0.0,1.0,0.0,0.25,28,255,1.0,0.0,0.04,0.02,0.0,0.0,0.0,0,124197.0
0,1,22,9,293,412,0,0,1,0,0,0,0,19,0.0,0.0,0.0,0.0,1.0,0.0,0.1,40,255,1.0,0.0,0.03,0.05,0.0,0.0,0.0,0,97601.0
0,1,37,5,0,0,0,0,0,0,0,0,0,205,1.0,1.0,0.0,0.0,0.02,0.06,0.0,255,18,0.07,0.06,0.0,0.0,1.0,1.0,0.0,1,10463.0
0,1,4,1,0,0,0,0,0,0,0,0,0,245,0.0,0.0,1.0,1.0,0.01,0.07,0.0,255,3,0.01,0.08,0.0,0.0,0.0,0.0,1.0,1,84573.0
0,1,20,5,0,0,0,0,0,0,0,0,0,245,1.0,1.0,0.0,0.0,0.08,0.07,0.0,255,20,0.08,0.07,0.0,0.0,1.0,1.0,0.0,1,37063.0
0,1,57,6,1752,5177,0,0,1,0,0,0,0,1,1.0,1.0,0.0,0.0,1.0,0.0,0.0,149,23,0.15,0.03,0.01,0.0,0.01,0.09,0.09,0,74221.0
5084,1,18,9,1048,2279,0,20,1,0,0,0,0,1,0.0,0.0,0.0,0.0,1.0,0.0,0.0,255,21,0.08,0.02,0.0,0.0,0.14,0.0,0.0,0,63232.0
0,0,14,9,1032,0,0,0,0,0,0,0,0,511,0.0,0.0,0.0,0.0,1.0,0.0,0.0,255,226,0.89,0.07,0.89,0.0,0.0,0.0,0.0,1,35675.0
1079,2,11,9,112,45,0,0,0,0,0,0,0,4,0.0,0.0,0.0,0.0,1.0,0.0,0.0,108,83,0.77,0.02,0.77,0.0,0.0,0.0,0.0,0,5447.0
0,1,36,5,0,0,0,0,0,0,0,0,0,132,1.0,1.0,0.0,0.0,0.14,0.05,0.0,255,19,0.07,0.05,0.0,0.0,1.0,1.0,0.0,1,76638.0
0,1,22,9,231,1550,0,0,1,0,0,0,0,15,0.0,0.0,0.0,0.0,1.0,0.0,0.0,249,255,1.0,0.0,0.0,0.02,0.0,0.0,0.36,0,20276.0
0,1,46,1,0,0,0,0,0,0,0,0,0,195,0.0,0.0,1.0,1.0,0.02,0.07,0.0,255,3,0.01,0.08,0.0,0.0,0.0,0.0,1.0,1,73640.0
0,1,22,1,0,0,0,0,0,0,0,0,0,1,0.0,0.0,1.0,1.0,1.0,0.0,0.0,19,229,1.0,0.0,0.05,0.11,0.0,0.0,0.97,0,22009.0
0,1,46,5,0,0,0,0,0,0,0,0,0,136,1.0,1.0,0.0,0.0,0.15,0.05,0.0,255,22,0.09,0.06,0.0,0.0,1.0,1.0,0.0,1,63594.0
0,1,22,9,310,1592,0,0,1,0,0,0,0,14,0.0,0.0,0.0,0.0,1.0,0.0,0.0,255,255,1.0,0.0,0.0,0.0,0.0,0.0,0.0,0,60012.0
0,1,22,9,217,1035,0,0,1,0,0,0,0,37,0.0,0.0,0.0,0.0,1.0,0.0,0.08,255,255,1.0,0.0,0.0,0.0,0.0,0.0,0.0,0,10241.0
0,1,19,9,245,0,0,0,1,0,0,1,0,2,0.0,0.0,0.0,0.0,1.0,0.0,0.0,36,94,0.89,0.08,0.89,0.02,0.0,0.0,0.0,0,41018.0
0,1,10,5,0,0,0,0,0,0,0,0,0,149,1.0,1.0,0.0,0.0,0.13,0.06,0.0,255,4,0.02,0.07,0.0,0.0,1.0,1.0,0.0,1,54088.0
0,1,19,9,1339,0,0,0,0,0,0,0,0,2,0.0,0.0,0.0,0.0,1.0,0.0,0.0,133,50,0.09,0.03,0.09,0.04,0.0,0.0,0.0,0,22129.0
0,1,17,5,0,0,0,0,0,0,0,0,0,35,1.0,1.0,0.0,0.0,0.26,0.11,0.0,255,59,0.23,0.04,0.0,0.0,1.0,1.0,0.0,1,77200.0
0,1,46,5,0,0,0,0,0,0,0,0,0,209,1.0,1.0,0.0,0.0,0.03,0.06,0.0,255,8,0.03,0.08,0.0,0.0,1.0,1.0,0.0,1,96793.0
0,0,13,9,8,0,0,0,0,0,0,0,0,1,0.0,0.0,0.0,0.0,1.0,0.0,1.0,2,114,1.0,0.0,1.0,0.25,0.0,0.0,0.0,1,41633.0
0,1,22,9,152,5476,0,0,1,0,0,0,0,4,0.0,0.0,0.0,0.0,1.0,0.0,0.29,30,255,1.0,0.0,0.03,0.01,0.0,0.01,0.0,0,13382.0
0,2,46,9,1,0,0,0,0,0,0,0,0,38,0.0,0.0,0.0,0.0,0.29,0.11,0.0,255,39,0.15,0.46,0.58,0.0,0.16,0.0,0.0,1,57366.0
0,1,22,9,330,875,0,0,1,0,0,0,0,18,0.0,0.0,0.0,0.0,1.0,0.0,0.0,94,255,1.0,0.0,0.01,0.03,0.0,0.0,0.0,0,107341.0
0,1,46,1,0,0,0,0,0,0,0,0,0,132,0.0,0.0,1.0,1.0,0.14,0.06,0.0,207,18,0.09,0.06,0.0,0.0,0.0,0.0,1.0,1,99420.0
0,1,22,9,203,1944,0,0,1,0,0,0,0,12,0.0,0.0,0.0,0.0,1.0,0.0,0.0,12,255,1.0,0.0,0.08,0.16,0.0,0.0,0.56,0,9742.0
0,1,26,5,0,0,0,0,0,0,0,0,0,200,1.0,1.0,0.0,0.0,0.1,0.06,0.0,255,20,0.08,0.06,0.0,0.0,1.0,1.0,0.0,1,27592.0
0,2,11,9,43,146,0,0,0,0,0,0,0,75,0.0,0.0,0.0,0.0,1.0,0.0,0.01,255,203,0.8,0.01,0.0,0.0,0.0,0.0,0.0,0,5938.0
0,1,22,9,297,24149,0,0,1,0,0,0,0,6,0.17,0.17,0.0,0.0,1.0,0.0,0.0,255,255,1.0,0.0,0.0,0.0,0.0,0.0,0.0,0,53299.0
0,2,46,9,28,0,3,0,0,0,0,0,0,124,0.81,0.0,0.0,0.0,0.19,0.06,0.0,255,24,0.09,0.91,0.09,0.0,0.09,0.0,0.0,1,64237.0
0,1,65,5,0,0,0,0,0,0,0,0,0,147,1.0,1.0,0.0,0.0,0.06,0.05,0.0,255,8,0.03,0.07,0.0,0.0,1.0,1.0,0.0,1,26319.0
4,1,22,9,252,273544,0,1,1,0,0,0,0,1,0.0,0.0,0.0,0.0,1.0,0.0,0.0,255,247,0.97,0.01,0.0,0.0,0.0,0.0,0.0,0,5708.0
0,1,22,5,0,0,0,0,0,0,0,0,0,206,1.0,1.0,0.0,0.0,0.03,0.06,0.0,255,12,0.05,0.08,0.0,0.0,1.0,1.0,0.0,1,124077.0
42862,1,46,4,1,0,0,0,0,0,0,0,0,2,0.0,0.0,1.0,1.0,1.0,0.0,0.0,126,2,0.02,0.05,0.05,0.0,0.0,0.0,1.0,1,25061.0
20,1,18,9,234,766,0,4,1,0,0,0,0,1,0.0,0.0,0.0,0.0,1.0,0.0,0.0,119,27,0.23,0.05,0.01,0.0,0.01,0.0,0.0,0,70760.0
0,1,19,9,192,0,0,0,1,0,0,0,0,2,0.0,0.0,0.0,0.0,1.0,0.0,0.0,14,8,0.29,0.14,0.29,0.25,0.0,0.0,0.0,0,81397.0
0,1,46,5,0,0,0,0,0,0,0,0,0,118,1.0,1.0,0.0,0.0,0.06,0.05,0.0,255,7,0.03,0.04,0.0,0.0,1.0,1.0,0.0,1,23691.0
0,0,13,9,18,0,0,0,0,0,0,0,0,1,0.0,0.0,0.0,0.0,1.0,0.0,0.0,1,156,1.0,0.0,1.0,1.0,0.0,0.0,0.0,1,2947.0
0,1,22,1,0,0,0,0,0,0,0,0,0,1,0.0,0.0,1.0,1.0,1.0,0.0,0.0,39,121,1.0,0.0,0.03,0.22,0.0,0.0,1.0,0,123314.0
0,1,46,5,0,0,0,0,0,0,0,0,0,206,1.0,1.0,0.0,0.0,0.06,0.05,0.0,255,13,0.05,0.05,0.0,0.0,1.0,1.0,0.0,1,52168.0
0,1,51,9,888,328,0,0,1,0,0,0,0,1,0.0,0.0,0.0,0.0,1.0,0.0,1.0,95,203,0.79,0.04,0.01,0.01,0.0,0.0,0.0,0,1374.0
0,1,19,9,192,0,0,0,1,0,0,0,0,2,0.0,0.0,0.0,0.0,1.0,0.0,0.0,255,63,0.25,0.03,0.24,0.0,0.0,0.0,0.0,0,84639.0
0,1,46,5,0,0,0,0,0,0,0,0,0,265,1.0,1.0,0.0,0.0,0.01,0.06,0.0,255,19,0.07,0.06,0.0,0.0,1.0,1.0,0.0,1,70506.0
0,2,11,9,44,115,0,0,0,0,0,0,0,2,0.0,0.0,0.0,0.0,0.5,1.0,1.0,60,55,0.92,0.03,0.02,0.0,0.0,0.0,0.0,0,21635.0
0,1,60,5,0,0,0,0,0,0,0,0,0,12,1.0,1.0,0.0,0.0,0.5,0.25,0.0,255,12,0.05,0.07,0.0,0.0,1.0,1.0,0.0,1,91102.0
0,2,40,9,48,48,0,0,0,0,0,0,0,1,0.0,0.0,0.0,0.0,1.0,0.0,0.0,4,3,0.75,0.5,0.75,0.0,0.0,0.0,0.0,0,6863.0
1071,1,41,4,1,0,0,0,0,0,0,0,0,2,0.0,0.0,1.0,1.0,1.0,0.0,0.0,255,2,0.01,0.73,1.0,0.0,0.0,0.0,1.0,1,123244.0
0,2,41,9,146,0,0,0,0,0,0,0,0,1,0.0,0.0,0.0,0.0,1.0,0.0,0.0,255,1,0.0,0.55,0.8,0.0,0.0,0.0,0.0,0,100386.0
0,1,22,5,0,0,0,0,0,0,0,0,0,70,1.0,1.0,0.0,0.0,0.26,0.06,0.0,255,49,0.19,0.03,0.02,0.0,1.0,1.0,0.0,1,60666.0
0,1,22,9,0,589,0,0,0,0,0,0,0,17,0.06,0.06,0.0,0.0,1.0,0.0,0.0,255,255,1.0,0.0,0.0,0.0,0.0,0.0,0.0,0,26443.0
0,0,13,9,30,0,0,0,0,0,0,0,0,2,0.0,0.0,0.0,0.0,1.0,0.0,0.0,196,196,1.0,0.0,1.0,0.0,0.0,0.0,0.0,0,75150.0
0,1,22,9,332,767,0,0,1,0,0,0,0,5,0.0,0.0,0.0,0.0,1.0,0.0,0.17,255,255,1.0,0.0,0.0,0.0,0.0,0.0,0.0,0,20328.0
0,1,22,9,317,593,0,0,1,0,0,0,0,1,0.0,0.0,0.0,0.0,1.0,0.0,0.6,4,255,1.0,0.0,0.25,0.01,0.0,0.01,0.0,0,104682.0
0,1,51,9,809,401,0,0,1,0,0,0,0,1,0.0,0.0,0.0,0.0,1.0,0.0,0.0,255,96,0.38,0.05,0.0,0.0,0.23,0.0,0.0,0,105273.0
0,1,22,9,253,506,0,0,1,0,0,0,0,9,0.0,0.0,0.0,0.0,1.0,0.0,0.0,57,57,1.0,0.0,0.02,0.0,0.0,0.0,0.0,0,101723.0
0,1,65,5,0,0,0,0,0,0,0,0,0,211,1.0,1.0,0.0,0.0,0.1,0.05,0.0,255,22,0.09,0.05,0.0,0.0,1.0,1.0,0.0,1,260.0
4,1,51,9,955,334,0,0,1,0,0,0,0,1,0.0,0.0,0.0,0.0,1.0,0.0,0.0,172,127,0.52,0.02,0.01,0.02,0.0,0.0,0.0,0,56391.0
0,1,46,5,0,0,0,0,0,0,0,0,0,211,1.0,1.0,0.0,0.0,0.09,0.05,0.0,255,19,0.07,0.05,0.0,0.0,1.0,1.0,0.0,1,19360.0
4,1,18,9,6,109,0,0,0,0,0,0,0,3,0.0,0.0,0.33,0.0,0.33,1.0,0.0,255,1,0.0,0.32,0.0,0.0,0.0,0.0,0.0,0,95994.0
0,1,22,9,333,6209,0,0,1,0,0,0,0,8,0.0,0.0,0.0,0.0,1.0,0.0,0.09,63,255,1.0,0.0,0.02,0.02,0.0,0.0,0.0,0,50530.0
0,1,22,9,201,5347,0,0,1,0,0,0,0,5,0.0,0.0,0.0,0.0,1.0,0.0,0.0,5,255,1.0,0.0,0.2,0.05,0.0,0.0,0.0,0,20683.0
0,1,46,5,0,0,0,0,0,0,0,0,0,117,1.0,1.0,0.0,0.0,0.09,0.06,0.0,255,10,0.04,0.09,0.0,0.0,1.0,1.0,0.0,1,30341.0
2,1,51,9,1136,370,0,0,1,0,0,0,0,1,0.0,0.0,0.0,0.0,1.0,0.0,1.0,51,221,0.96,0.04,0.02,0.01,0.0,0.0,0.0,0,101953.0
0,1,22,9,248,1133,0,0,1,0,0,0,0,16,0.0,0.0,0.0,0.0,1.0,0.0,0.12,41,255,1.0,0.0,0.02,0.04,0.0,0.0,0.0,0,111402.0
0,1,22,9,380,1770,0,0,1,0,0,0,0,32,0.0,0.0,0.0,0.0,1.0,0.0,0.09,255,255,1.0,0.0,0.0,0.0,0.0,0.0,0.0,0,2108.0
0,1,24,5,0,0,0,0,0,0,0,0,0,251,1.0,1.0,0.0,0.0,0.04,0.06,0.0,255,11,0.04,0.07,0.0,0.0,1.0,1.0,0.0,1,74758.0
126,1,22,9,303,403,0,0,1,0,0,0,0,3,0.0,0.0,0.0,0.0,1.0,0.0,0.22,10,255,1.0,0.0,0.1,0.03,0.0,0.0,0.0,0,37667.0
1258,1,41,4,1,0,0,0,0,0,0,0,0,2,0.0,0.0,1.0,1.0,1.0,0.0,0.0,255,2,0.01,0.72,1.0,0.0,0.0,0.0,1.0,1,45166.0
2,1,18,9,1189,2445,0,28,1,0,0,0,0,1,0.0,0.0,0.0,0.0,1.0,0.0,0.0,255,105,0.41,0.02,0.01,0.0,0.0,0.0,0.0,0,104755.0
0,1,22,9,298,2042,0,0,1,0,0,0,0,2,0.0,0.0,0.0,0.0,1.0,0.0,0.12,6,255,1.0,0.0,0.17,0.02,0.0,0.0,0.0,0,78879.0
37,2,11,9,110,42,0,0,0,0,0,0,0,1,0.0,0.0,0.0,0.0,1.0,0.0,0.0,4,3,0.75,0.5,0.75,0.0,0.0,0.0,0.0,0,53143.0
0,1,19,9,8766,0,0,0,1,0,0,0,0,3,0.0,0.0,0.0,0.0,1.0,0.0,0.0,255,62,0.24,0.07,0.3,0.0,0.0,0.02,0.0,0,30595.0
39707,1,34,4,1,0,0,0,0,0,0,0,0,2,0.0,0.0,1.0,1.0,1.0,0.0,0.0,255,2,0.01,0.5,1.0,0.0,0.0,0.0,1.0,1,57908.0
0,1,65,5,0,0,0,0,0,0,0,0,0,32,1.0,1.0,0.0,0.0,0.25,0.19,0.0,255,8,0.03,0.08,0.0,0.0,1.0,1.0,0.0,1,120342.0
0,2,11,9,44,44,0,0,0,0,0,0,0,211,0.0,0.0,0.0,0.0,1.0,0.0,0.0,255,255,1.0,0.0,0.0,0.0,0.0,0.0,0.0,0,24508.0
0,1,37,5,0,0,0,0,0,0,0,0,0,133,1.0,1.0,0.0,0.0,0.03,0.06,0.0,255,1,0.0,0.07,0.0,0.0,1.0,1.0,0.0,1,39838.0
0,1,46,5,0,0,0,0,0,0,0,0,0,197,1.0,1.0,0.0,0.0,0.01,0.07,0.0,255,2,0.01,0.06,0.0,0.0,1.0,1.0,0.0,1,108231.0
0,2,11,9,44,80,0,0,0,0,0,0,0,136,0.0,0.0,0.0,0.0,1.0,0.0,0.01,255,223,0.87,0.01,0.0,0.0,0.0,0.0,0.0,0,68426.0
0,1,22,1,0,0,0,0,0,0,0,0,0,274,0.0,0.0,1.0,1.0,0.04,0.06,0.0,255,12,0.05,0.07,0.0,0.0,0.0,0.0,1.0,1,46133.0
0,1,22,9,215,288,0,0,1,0,0,0,0,39,0.0,0.0,0.0,0.0,1.0,0.0,0.0,255,255,1.0,0.0,0.0,0.0,0.0,0.0,0.0,0,16287.0
0,1,22,9,319,1638,0,0,1,0,0,0,0,26,0.0,0.0,0.0,0.0,1.0,0.0,0.07,255,255,1.0,0.0,0.0,0.0,0.0,0.0,0.0,0,76256.0
0,1,46,5,0,0,0,0,0,0,0,0,0,81,1.0,1.0,0.0,0.0,0.25,0.06,0.0,255,3,0.01,0.07,0.0,0.0,1.0,1.0,0.0,1,107431.0
0,1,10,5,0,0,0,0,0,0,0,0,0,132,1.0,1.0,0.0,0.0,0.05,0.06,0.0,255,5,0.02,0.06,0.0,0.0,1.0,1.0,0.0,1,68901.0
0,1,22,9,272,4841,0,0,1,0,0,0,0,2,0.0,0.0,0.0,0.0,1.0,0.0,0.25,255,255,1.0,0.0,0.0,0.0,0.0,0.0,0.0,0,42097.0
0,1,22,9,479,9142,0,0,1,0,0,0,0,7,0.0,0.0,0.0,0.0,1.0,0.0,0.0,98,255,1.0,0.0,0.01,0.04,0.0,0.01,0.0,0,3914.0
0,1,26,5,0,0,0,0,0,0,0,0,0,175,1.0,1.0,0.0,0.0,0.05,0.07,0.0,255,9,0.04,0.06,0.0,0.0,1.0,1.0,0.0,1,100648.0
0,1,30,5,0,0,0,0,0,0,0,0,0,159,0.13,1.0,0.87,0.0,0.01,0.58,0.0,255,1,0.0,0.36,0.62,0.0,0.08,1.0,0.0,1,26432.0
0,1,22,9,305,2777,0,0,1,0,0,0,0,32,0.0,0.0,0.0,0.0,1.0,0.0,0.0,32,255,1.0,0.0,0.03,0.03,0.0,0.0,0.0,0,115784.0
0,2,11,9,45,111,0,0,0,0,0,0,0,6,0.0,0.0,0.0,0.0,1.0,0.0,0.0,255,253,0.99,0.01,0.0,0.0,0.0,0.0,0.0,0,77333.0
0,0,62,9,78,0,0,0,0,0,0,0,0,27,0.0,0.0,0.0,0.0,0.15,0.07,0.0,255,14,0.05,0.01,0.05,0.0,0.0,0.0,0.0,0,100106.0
0,1,22,9,204,1529,0,0,1,0,0,0,0,11,0.0,0.0,0.0,0.0,1.0,0.0,0.0,11,255,1.0,0.0,0.09,0.04,0.0,0.0,0.0,0,98218.0
0,2,41,9,516,4,0,0,0,0,0,0,0,447,0.0,0.0,0.0,0.0,1.0,0.0,0.0,255,255,1.0,0.0,1.0,0.0,0.0,0.0,0.0,0,27370.0
0,1,46,5,0,0,0,0,0,0,0,0,0,229,1.0,1.0,0.0,0.0,0.07,0.05,0.0,90,15,0.17,0.11,0.01,0.0,0.84,1.0,0.0,1,27953.0
0,1,22,5,0,0,0,0,0,0,0,0,0,247,1.0,1.0,0.0,0.0,0.07,0.06,0.0,255,17,0.07,0.06,0.0,0.0,1.0,1.0,0.0,1,9641.0
0,1,22,9,199,426,0,0,1,0,0,0,0,3,0.33,0.33,0.0,0.0,1.0,0.0,0.0,38,255,1.0,0.0,0.03,0.07,0.03,0.01,0.0,0,90488.0
9769,1,57,9,106,2229,0,0,1,0,0,0,0,1,0.0,0.0,0.0,0.0,1.0,0.0,0.0,50,7,0.14,0.06,0.02,0.0,0.0,0.0,0.0,0,112983.0
0,1,22,9,138,43803,0,0,1,0,0,0,0,1,0.0,0.0,0.0,0.0,1.0,0.0,0.0,34,255,1.0,0.0,0.03,0.01,0.0,0.0,0.0,0,110066.0
0,1,19,9,567,0,0,0,1,0,0,6,0,1,0.0,0.0,0.0,0.0,1.0,0.0,0.0,5,109,0.2,0.4,0.2,0.02,0.0,0.0,0.0,0,102091.0
1,1,51,9,945,481,0,0,1,0,0,0,0,5,0.0,0.0,0.0,0.0,0.2,0.4,0.0,255,22,0.09,0.01,0.0,0.0,0.0,0.0,0.0,0,117298.0
0,1,3,5,0,0,0,0,0,0,0,0,0,279,1.0,1.0,0.0,0.0,0.04,0.06,0.0,255,11,0.04,0.06,0.0,0.0,1.0,1.0,0.0,1,78876.0
0,1,20,5,0,0,0,0,0,0,0,0,0,261,1.0,1.0,0.0,0.0,0.03,0.06,0.0,255,7,0.03,0.07,0.0,0.0,1.0,1.0,0.0,1,51956.0
0,1,22,9,317,2536,0,0,1,0,0,0,0,11,0.0,0.0,0.0,0.0,1.0,0.0,0.0,111,255,1.0,0.0,0.01,0.01,0.0,0.0,0.0,0,29189.0
12100,2,41,9,147,105,0,0,0,0,0,0,0,1,0.0,0.0,0.0,0.0,1.0,0.0,0.0,255,1,0.0,0.63,0.92,0.0,0.0,0.0,0.0,0,116174.0
0,1,33,5,0,0,0,0,0,0,0,0,0,187,1.0,1.0,0.0,0.0,0.05,0.07,0.0,255,9,0.04,0.07,0.0,0.0,1.0,1.0,0.0,1,26038.0
0,1,22,1,0,0,0,0,0,0,0,0,0,1,0.0,0.0,1.0,1.0,1.0,0.0,0.0,33,167,1.0,0.0,0.03,0.18,0.0,0.0,1.0,0,53580.0
0,1,19,9,0,2890,0,0,0,0,0,0,0,1,0.0,0.1,0.0,0.0,1.0,0.0,0.2,234,92,0.33,0.02,0.0,0.02,0.0,0.0,0.0,0,123323.0
0,1,19,9,12,0,0,0,1,0,0,0,0,1,0.0,0.0,0.0,0.0,1.0,0.0,0.0,41,102,0.22,0.07,0.22,0.02,0.02,0.0,0.0,0,63330.0
0,1,22,1,0,0,0,0,0,0,0,0,0,1,0.0,0.0,1.0,1.0,1.0,0.0,0.0,1,255,1.0,0.0,1.0,0.15,0.0,0.0,0.86,0,13240.0
0,1,41,1,0,0,0,0,0,0,0,0,0,510,0.14,0.0,0.86,1.0,0.0,1.0,0.0,255,1,0.0,1.0,0.01,0.0,0.13,0.0,1.0,1,16959.0
0,1,9,5,0,0,0,0,0,0,0,0,0,135,1.0,1.0,0.0,0.0,0.09,0.07,0.0,255,12,0.05,0.07,0.0,0.0,1.0,1.0,0.0,1,13360.0
0,2,11,9,44,44,0,0,0,0,0,0,0,23,0.0,0.0,0.0,0.0,1.0,0.0,0.0,255,255,1.0,0.0,0.0,0.0,0.0,0.0,0.0,0,112831.0
2,1,51,9,1405,325,0,0,1,0,0,0,0,1,0.0,0.0,0.0,0.0,1.0,0.0,1.0,164,112,0.67,0.03,0.01,0.02,0.0,0.0,0.0,0,99811.0
2743,2,41,9,147,105,0,0,0,0,0,0,0,1,0.0,0.0,0.0,0.0,1.0,0.0,0.0,255,1,0.0,0.54,0.88,0.0,0.0,0.0,0.0,0,46731.0
0,1,26,5,0,0,0,0,0,0,0,0,0,261,1.0,1.0,0.0,0.0,0.05,0.06,0.0,255,12,0.05,0.07,0.0,0.0,1.0,1.0,0.0,1,125013.0
0,1,22,9,206,3413,0,0,1,0,0,0,0,2,0.5,0.11,0.0,0.0,1.0,0.0,0.17,255,255,1.0,0.0,0.0,0.0,0.0,0.0,0.0,0,10126.0
0,1,22,9,325,746,0,0,1,0,0,0,0,8,0.0,0.0,0.0,0.0,1.0,0.0,0.22,138,255,1.0,0.0,0.01,0.06,0.0,0.0,0.0,0,124946.0
0,1,46,5,0,0,0,0,0,0,0,0,0,84,1.0,1.0,0.0,0.0,0.04,0.07,0.0,255,1,0.0,0.06,0.0,0.0,1.0,1.0,0.0,1,36222.0
0,1,19,9,19,0,0,0,1,0,0,0,0,1,0.0,0.0,0.0,0.0,1.0,0.0,0.0,123,45,0.37,0.05,0.37,0.0,0.0,0.0,0.0,0,16207.0
0,1,24,5,0,0,0,0,0,0,0,0,0,235,1.0,1.0,0.0,0.0,0.02,0.06,0.0,255,4,0.02,0.07,0.0,0.0,1.0,1.0,0.0,1,98120.0
0,1,19,5,0,0,0,0,0,0,0,0,0,66,1.0,1.0,0.0,0.0,0.15,0.06,0.0,255,30,0.12,0.06,0.02,0.0,1.0,1.0,0.0,1,38552.0
0,2,11,9,44,115,0,0,0,0,0,0,0,1,0.0,0.0,0.0,0.0,1.0,0.0,1.0,255,233,0.91,0.01,0.0,0.0,0.0,0.0,0.0,0,106969.0
0,1,46,5,0,0,0,0,0,0,0,0,0,235,1.0,1.0,0.0,0.0,0.03,0.05,0.0,96,6,0.06,0.1,0.01,0.0,0.85,1.0,0.0,1,32492.0
0,1,46,5,0,0,0,0,0,0,0,0,0,251,1.0,1.0,0.0,0.0,0.04,0.06,0.0,255,10,0.04,0.08,0.0,0.0,1.0,1.0,0.0,1,48077.0
0,1,38,5,0,0,0,0,0,0,0,0,0,126,1.0,1.0,0.0,0.0,0.06,0.06,0.0,255,8,0.03,0.07,0.0,0.0,1.0,1.0,0.0,1,65958.0
0,1,22,9,235,32795,0,0,1,0,0,0,0,4,0.0,0.0,0.0,0.0,1.0,0.0,0.0,176,255,1.0,0.0,0.01,0.03,0.0,0.0,0.0,0,16508.0
0,1,22,9,336,12892,0,0,1,0,0,0,0,1,0.0,0.0,0.0,0.0,1.0,0.0,0.0,20,235,1.0,0.0,0.05,0.08,0.0,0.0,0.0,0,91812.0
0,1,17,9,9,174,0,0,0,0,0,0,0,1,0.0,0.0,0.0,0.0,1.0,0.0,0.0,80,5,0.03,0.04,0.01,0.6,0.0,0.2,0.0,0,61369.0
0,1,12,5,0,0,0,0,0,0,0,0,0,234,1.0,1.0,0.0,0.0,0.02,0.07,0.0,255,4,0.02,0.07,0.0,0.0,1.0,1.0,0.0,1,44793.0
0,1,8,5,0,0,0,0,0,0,0,0,0,293,1.0,1.0,0.0,0.0,0.03,0.05,0.0,255,8,0.03,0.08,0.0,0.0,1.0,1.0,0.0,1,18526.0
0,1,46,1,0,0,0,0,0,0,0,0,0,1,0.0,0.0,1.0,1.0,1.0,0.0,0.0,28,2,0.04,1.0,0.04,1.0,0.0,0.0,1.0,1,86869.0
0,1,64,5,0,0,0,0,0,0,0,0,0,255,1.0,1.0,0.0,0.0,0.01,0.07,0.0,255,2,0.01,0.08,0.0,0.0,1.0,1.0,0.0,1,97679.0
0,1,22,9,264,1446,0,0,1,0,0,0,0,3,0.0,0.0,0.0,0.0,1.0,0.0,0.29,6,255,1.0,0.0,0.17,0.02,0.0,0.0,0.0,0,96224.0
0,1,22,9,221,715,0,0,1,0,0,0,0,12,0.0,0.0,0.0,0.0,1.0,0.0,0.0,53,138,1.0,0.0,0.02,0.02,0.0,0.0,0.0,0,109596.0
0,1,46,5,0,0,0,0,0,0,0,0,0,163,1.0,1.0,0.0,0.0,0.06,0.09,0.0,255,9,0.04,0.1,0.0,0.0,1.0,1.0,0.0,1,246.0
0,2,11,9,33,88,0,0,0,0,0,0,0,1,0.0,0.0,0.0,0.0,1.0,0.0,0.0,18,69,0.56,0.11,0.06,0.03,0.0,0.0,0.0,0,91914.0
0,1,22,9,54540,8314,0,2,1,1,0,0,0,2,0.0,0.0,0.0,0.0,1.0,0.0,0.0,147,147,1.0,0.0,0.01,0.0,0.0,0.0,0.01,1,54561.0
0,1,26,5,0,0,0,0,0,0,0,0,0,249,1.0,1.0,0.0,0.0,0.01,0.06,0.0,255,3,0.01,0.07,0.0,0.0,1.0,1.0,0.0,1,7255.0
0,1,46,0,0,0,0,0,0,0,0,0,0,1,0.0,0.0,0.0,0.0,1.0,0.0,0.0,146,1,0.01,0.67,0.67,0.0,0.04,0.0,0.0,1,116785.0
0,1,46,5,0,0,0,0,0,0,0,0,0,262,1.0,1.0,0.0,0.0,0.01,0.07,0.0,255,4,0.02,0.07,0.0,0.0,1.0,1.0,0.0,1,40655.0
0,1,33,5,0,0,0,0,0,0,0,0,0,40,1.0,1.0,0.0,0.0,0.28,0.15,0.0,255,11,0.04,0.09,0.0,0.0,1.0,1.0,0.0,1,80020.0
0,1,55,5,0,0,0,0,0,0,0,0,0,234,1.0,1.0,0.0,0.0,0.02,0.07,0.0,255,4,0.02,0.07,0.0,0.0,1.0,1.0,0.0,1,106363.0
0,0,13,9,8,0,0,0,0,0,0,0,0,1,0.0,0.0,0.0,0.0,1.0,0.0,1.0,1,29,1.0,0.0,1.0,0.52,0.0,0.0,0.0,1,65119.0
0,1,46,5,0,0,0,0,0,0,0,0,0,180,1.0,1.0,0.0,0.0,0.09,0.08,0.0,255,17,0.07,0.07,0.0,0.0,1.0,1.0,0.0,1,39069.0
0,1,22,9,331,279,0,0,1,0,0,0,0,2,0.0,0.0,0.0,0.0,1.0,0.0,0.0,255,250,0.98,0.01,0.0,0.0,0.0,0.0,0.02,0,20274.0
1,1,19,9,501760,0,0,0,1,0,0,0,0,2,0.0,0.0,0.0,0.0,1.0,0.0,0.0,60,78,0.27,0.07,0.27,0.03,0.0,0.01,0.0,0,17098.0
0,1,22,9,233,6329,0,0,1,0,0,0,0,29,0.0,0.0,0.0,0.0,1.0,0.0,0.0,255,255,1.0,0.0,0.01,0.0,0.0,0.0,0.0,0,54412.0
16187,1,57,9,1119,176336,0,0,1,691,2,766,8,1,0.0,0.0,0.0,0.0,1.0,0.0,0.0,2,2,1.0,0.0,0.5,0.0,0.0,0.0,0.0,0,90808.0
0,1,51,0,44,156,0,0,0,0,0,0,0,1,0.0,0.0,0.0,0.0,1.0,0.0,0.0,133,173,0.73,0.03,0.01,0.01,0.02,0.02,0.0,0,95263.0
0,1,22,9,335,307,0,0,1,0,0,0,0,11,0.09,0.02,0.0,0.0,1.0,0.0,0.1,255,255,1.0,0.0,0.0,0.0,0.0,0.0,0.0,0,108209.0
0,1,46,5,0,0,0,0,0,0,0,0,0,228,1.0,1.0,0.0,0.0,0.07,0.05,0.0,255,17,0.07,0.06,0.0,0.0,1.0,1.0,0.0,1,6181.0
0,1,10,5,0,0,0,0,0,0,0,0,0,264,1.0,1.0,0.0,0.0,0.04,0.07,0.0,255,11,0.04,0.08,0.0,0.0,1.0,1.0,0.0,1,67597.0
0,1,66,5,0,0,0,0,0,0,0,0,0,48,1.0,1.0,0.0,0.0,0.06,0.12,0.0,255,11,0.04,0.08,0.0,0.0,1.0,1.0,0.0,1,14013.0
0,1,46,5,0,0,0,0,0,0,0,0,0,242,1.0,1.0,0.0,0.0,0.02,0.07,0.0,255,11,0.04,0.06,0.0,0.0,1.0,1.0,0.0,1,89984.0
0,1,22,1,0,0,0,0,0,0,0,0,0,1,0.0,0.0,1.0,1.0,1.0,0.0,0.0,44,255,1.0,0.0,0.02,0.06,0.0,0.0,0.49,0,32625.0
0,1,46,5,0,0,0,0,0,0,0,0,0,135,1.0,1.0,0.0,0.0,0.06,0.06,0.0,255,19,0.07,0.06,0.0,0.0,1.0,1.0,0.0,1,3190.0
0,2,11,9,33,0,0,0,0,0,0,0,0,1,0.0,0.0,0.0,0.0,1.0,0.0,0.5,22,9,0.27,0.18,0.27,0.22,0.0,0.0,0.0,0,33334.0
0,1,9,5,0,0,0,0,0,0,0,0,0,285,1.0,1.0,0.0,0.0,0.05,0.06,0.0,255,13,0.05,0.08,0.0,0.0,1.0,1.0,0.0,1,118320.0
0,1,22,9,234,1931,0,0,1,0,0,0,0,8,0.0,0.0,0.0,0.0,1.0,0.0,0.3,255,255,1.0,0.0,0.0,0.0,0.0,0.0,0.01,0,72574.0
0,1,22,9,244,6403,0,0,1,0,0,0,0,1,0.0,0.0,0.0,0.0,1.0,0.0,0.0,10,255,1.0,0.0,0.1,0.02,0.0,0.0,0.0,0,118547.0
0,1,22,9,244,1127,0,0,1,0,0,0,0,8,0.0,0.0,0.0,0.0,1.0,0.0,0.18,103,255,1.0,0.0,0.01,0.01,0.0,0.0,0.0,0,65894.0
0,1,22,5,0,0,0,0,0,0,0,0,0,2,0.5,0.5,0.0,0.0,1.0,0.0,0.0,9,255,1.0,0.0,0.22,0.01,0.11,0.0,0.0,0,63043.0
0,1,2,5,0,0,0,0,0,0,0,0,0,260,1.0,1.0,0.0,0.0,0.04,0.06,0.0,255,11,0.04,0.07,0.0,0.0,1.0,1.0,0.0,1,38889.0
0,1,4,1,0,0,0,0,0,0,0,0,0,199,0.0,0.0,1.0,1.0,0.09,0.06,0.0,255,17,0.07,0.07,0.0,0.0,0.0,0.0,1.0,1,37113.0
0,2,11,9,33,0,0,0,0,0,0,0,0,4,0.0,0.0,0.0,0.0,0.5,0.5,0.5,62,7,0.11,0.06,0.11,0.0,0.0,0.0,0.0,0,111750.0
0,1,46,5,0,0,0,0,0,0,0,0,0,131,1.0,1.0,0.0,0.0,0.02,0.07,0.0,255,19,0.07,0.07,0.0,0.0,1.0,1.0,0.0,1,94463.0
0,1,46,1,0,0,0,0,0,0,0,0,0,99,0.0,0.0,1.0,1.0,0.09,0.07,0.0,255,21,0.08,0.05,0.0,0.0,0.0,0.0,1.0,1,61507.0
0,1,22,9,308,5166,0,0,1,0,0,0,0,6,0.0,0.0,0.0,0.0,1.0,0.0,0.0,114,255,1.0,0.0,0.01,0.02,0.0,0.0,0.0,0,20619.0
0,1,19,9,276,0,0,0,0,0,0,0,0,2,0.0,0.0,0.0,0.0,1.0,0.0,0.0,255,8,0.03,0.07,0.03,0.0,0.91,0.0,0.0,0,73379.0
0,1,51,9,773,337,0,0,1,0,0,0,0,1,0.0,0.0,0.0,0.0,1.0,0.0,0.0,6,121,0.83,0.33,0.17,0.02,0.0,0.33,0.0,0,85165.0
0,2,11,9,30,0,0,0,0,0,0,0,0,1,0.0,0.0,0.0,0.0,1.0,0.0,1.0,3,1,0.33,0.67,0.33,0.0,0.0,0.0,0.0,0,71015.0
0,1,22,9,173,27856,0,0,1,0,0,0,0,1,0.0,0.0,0.0,0.0,1.0,0.0,0.6,255,255,1.0,0.0,0.0,0.0,0.0,0.0,0.0,0,116272.0
0,1,46,5,0,0,0,0,0,0,0,0,0,184,1.0,1.0,0.0,0.0,0.03,0.07,0.0,255,5,0.02,0.06,0.0,0.0,1.0,1.0,0.0,1,35326.0
0,1,65,1,0,0,0,0,0,0,0,0,0,150,0.0,0.0,1.0,1.0,0.03,0.07,0.0,255,4,0.02,0.07,0.0,0.0,0.0,0.0,1.0,1,111776.0
0,1,46,5,0,0,0,0,0,0,0,0,0,34,1.0,1.0,0.0,0.0,0.21,0.18,0.0,255,7,0.03,0.09,0.0,0.0,1.0,1.0,0.0,1,30931.0
0,1,22,1,0,0,0,0,0,0,0,0,0,1,0.0,0.0,1.0,1.0,1.0,0.0,0.0,2,255,1.0,0.0,0.5,0.12,0.0,0.0,0.65,0,23703.0
0,1,38,1,0,0,0,0,0,0,0,0,0,126,0.0,0.0,1.0,1.0,0.13,0.07,0.0,255,17,0.07,0.07,0.0,0.0,0.0,0.0,1.0,1,100911.0
0,1,54,5,0,0,0,0,0,0,0,0,0,148,1.0,1.0,0.0,0.0,0.13,0.05,0.0,255,15,0.06,0.07,0.0,0.0,1.0,1.0,0.0,1,65788.0
0,1,22,9,215,4823,0,0,1,0,0,0,0,41,0.0,0.0,0.0,0.0,1.0,0.0,0.0,183,255,1.0,0.0,0.01,0.01,0.0,0.0,0.0,0,114890.0
0,1,57,5,0,0,0,0,0,0,0,0,0,73,1.0,1.0,0.0,0.0,0.25,0.05,0.0,255,63,0.25,0.02,0.02,0.0,1.0,1.0,0.0,1,79621.0
1,1,22,9,353,759161,0,9,1,0,0,0,0,1,0.0,0.0,0.0,0.0,1.0,0.0,0.0,255,255,1.0,0.0,0.0,0.0,0.0,0.0,0.0,0,35703.0
0,1,41,1,0,0,0,0,0,0,0,0,0,511,0.12,0.0,0.86,1.0,0.0,1.0,0.0,255,1,0.0,1.0,0.0,0.0,0.11,0.0,1.0,1,48528.0
0,1,22,9,268,8718,0,0,1,0,0,0,0,1,0.0,0.0,0.0,0.0,1.0,0.0,0.0,163,255,1.0,0.0,0.01,0.02,0.0,0.0,0.0,0,34023.0
0,2,11,9,42,42,0,0,0,0,0,0,0,189,0.0,0.0,0.0,0.0,1.0,0.0,0.0,255,254,1.0,0.01,0.0,0.0,0.0,0.0,0.0,0,88282.0
0,1,64,5,0,0,0,0,0,0,0,0,0,287,1.0,1.0,0.0,0.0,0.08,0.04,0.0,255,24,0.09,0.05,0.0,0.0,1.0,1.0,0.0,1,19262.0
0,1,51,5,0,0,0,0,0,0,0,0,0,2,0.5,0.5,0.0,0.0,1.0,0.0,0.0,117,116,0.58,0.06,0.02,0.02,0.01,0.01,0.0,0,8780.0
0,1,22,9,54540,8314,0,2,1,1,0,0,0,2,0.0,0.0,0.0,0.33,1.0,0.0,0.67,105,105,1.0,0.0,0.01,0.0,0.0,0.0,0.01,1,16013.0
0,1,22,9,218,1695,0,0,1,0,0,0,0,20,0.0,0.0,0.0,0.0,1.0,0.0,0.1,142,255,1.0,0.0,0.01,0.01,0.0,0.0,0.0,0,71283.0
1,1,51,9,1656,338,0,0,1,0,0,0,0,1,0.0,0.0,0.0,0.0,1.0,0.0,1.0,213,156,0.59,0.02,0.0,0.01,0.0,0.0,0.0,0,35645.0
0,1,22,9,278,255,0,0,1,0,0,0,0,6,0.0,0.0,0.0,0.0,1.0,0.0,0.0,255,255,1.0,0.0,0.0,0.0,0.0,0.0,0.0,0,16927.0
0,1,22,9,215,1172,0,0,1,0,0,0,0,1,0.0,0.0,0.0,0.0,1.0,0.0,0.0,39,255,1.0,0.0,0.03,0.06,0.0,0.0,0.0,0,78944.0
0,1,46,4,0,0,0,0,0,0,0,0,0,1,0.0,0.0,1.0,1.0,1.0,0.0,0.0,117,1,0.01,0.2,0.16,0.0,0.0,0.0,1.0,1,37460.0
0,1,46,5,0,0,0,0,0,0,0,0,0,215,1.0,1.0,0.0,0.0,0.01,0.07,0.0,255,4,0.02,0.07,0.0,0.0,1.0,1.0,0.0,1,95648.0
0,1,46,1,0,0,0,0,0,0,0,0,0,259,0.0,0.0,1.0,1.0,0.04,0.06,0.0,255,10,0.04,0.06,0.0,0.0,0.0,0.0,1.0,1,41858.0
0,1,28,5,0,0,0,0,0,0,0,0,0,149,1.0,1.0,0.0,0.0,0.13,0.06,0.0,255,19,0.07,0.06,0.0,0.0,1.0,1.0,0.0,1,40103.0
0,1,51,9,1437,336,0,0,1,0,0,0,0,1,0.0,0.0,0.0,0.0,1.0,0.0,0.0,111,92,0.28,0.06,0.01,0.02,0.0,0.0,0.0,0,27718.0
0,0,13,9,8,0,0,0,0,0,0,0,0,1,0.0,0.0,0.0,0.0,1.0,0.0,1.0,1,7,1.0,0.0,1.0,0.57,0.0,0.0,0.0,1,27541.0
0,1,22,9,319,3207,0,0,1,0,0,0,0,9,0.0,0.0,0.0,0.0,1.0,0.0,0.0,37,255,1.0,0.0,0.03,0.01,0.0,0.0,0.0,0,97664.0
0,2,11,9,46,129,0,0,0,0,0,0,0,33,0.0,0.0,0.0,0.0,1.0,0.0,0.0,255,254,1.0,0.01,0.0,0.0,0.0,0.0,0.0,0,117097.0
0,1,46,1,0,0,0,0,0,0,0,0,0,1,0.0,0.0,1.0,1.0,1.0,0.0,0.0,71,2,0.01,1.0,0.01,1.0,0.0,0.0,1.0,1,48620.0
0,1,22,9,212,549,0,0,1,0,0,0,0,6,0.0,0.0,0.0,0.0,1.0,0.0,0.27,99,194,1.0,0.0,0.01,0.03,0.0,0.0,0.0,0,117572.0
0,1,22,9,212,5397,0,0,1,0,0,0,0,8,0.0,0.0,0.0,0.0,1.0,0.0,0.0,210,255,1.0,0.0,0.0,0.01,0.0,0.0,0.0,0,20224.0
0,1,22,9,323,1840,0,0,1,0,0,0,0,15,0.0,0.0,0.0,0.0,1.0,0.0,0.0,15,255,1.0,0.0,0.07,0.05,0.0,0.0,0.0,0,52746.0
0,1,36,5,0,0,0,0,0,0,0,0,0,257,1.0,1.0,0.0,0.0,0.02,0.05,0.0,255,15,0.06,0.07,0.0,0.0,1.0,1.0,0.0,1,36323.0
0,1,41,1,0,0,0,0,0,0,0,0,0,417,0.08,0.0,0.91,1.0,0.0,1.0,0.0,255,1,0.0,1.0,0.0,0.0,0.11,0.0,1.0,1,37275.0
0,2,11,9,30,30,0,0,0,0,0,0,0,2,0.0,0.0,0.0,0.0,1.0,0.0,0.6,255,248,0.97,0.01,0.0,0.0,0.0,0.0,0.0,0,110845.0
0,0,13,9,30,0,0,0,0,0,0,0,0,1,0.0,0.0,0.0,0.0,1.0,0.0,0.0,62,131,1.0,0.0,1.0,0.27,0.0,0.0,0.0,0,34975.0
0,1,19,9,748,0,0,0,1,0,0,9,0,1,0.0,0.0,0.0,0.0,1.0,0.0,0.0,75,51,0.01,0.04,0.01,0.06,0.0,0.0,0.0,0,49462.0
0,1,46,1,0,0,0,0,0,0,0,0,0,2,0.0,0.0,1.0,1.0,0.5,1.0,0.0,255,1,0.0,1.0,1.0,0.0,0.04,0.0,1.0,1,86552.0
0,2,46,9,28,0,3,0,0,0,0,0,0,33,0.0,0.0,0.0,0.0,1.0,0.0,0.0,255,33,0.13,0.01,0.13,0.0,0.0,0.0,0.0,1,50851.0
0,1,34,1,0,0,0,0,0,0,0,0,0,137,0.0,0.0,1.0,1.0,0.14,0.06,0.0,255,18,0.07,0.07,0.0,0.0,0.0,0.0,1.0,1,6475.0
0,2,11,9,44,44,0,0,0,0,0,0,0,117,0.0,0.0,0.0,0.0,0.99,0.02,0.01,255,254,1.0,0.01,0.01,0.0,0.0,0.0,0.0,0,36838.0
0,1,22,9,242,8723,0,0,1,0,0,0,0,1,0.0,0.0,0.0,0.0,1.0,0.0,0.0,99,255,1.0,0.0,0.01,0.03,0.0,0.0,0.0,0,15021.0
0,1,22,9,198,5989,0,0,1,0,0,0,0,7,0.14,0.08,0.0,0.0,1.0,0.0,0.12,29,40,1.0,0.0,0.03,0.15,0.03,0.03,0.8,0,51068.0
0,1,22,9,273,4641,0,0,1,0,0,0,0,1,0.0,0.0,0.0,0.0,1.0,0.0,0.0,65,255,1.0,0.0,0.02,0.02,0.0,0.0,0.0,0,92578.0
0,1,46,4,0,0,0,0,0,0,0,0,0,1,0.0,0.0,1.0,1.0,1.0,0.0,0.0,255,1,0.0,0.86,0.85,0.0,0.0,0.0,1.0,1,113017.0
0,1,46,1,0,0,0,0,0,0,0,0,0,1,0.0,0.0,1.0,1.0,1.0,0.0,0.0,29,1,0.03,1.0,0.03,0.0,0.0,0.0,1.0,1,99805.0
0,1,46,5,0,0,0,0,0,0,0,0,0,226,1.0,1.0,0.0,0.0,0.07,0.07,0.0,255,15,0.06,0.07,0.0,0.0,1.0,1.0,0.0,1,48557.0
0,1,51,9,654,330,0,0,1,0,0,0,0,1,0.0,0.0,0.0,0.0,1.0,0.0,1.0,141,156,0.65,0.04,0.01,0.01,0.0,0.0,0.0,0,33809.0
0,1,18,9,1174,2447,0,28,1,0,0,0,0,1,0.0,0.0,0.0,0.0,1.0,0.0,0.0,255,102,0.4,0.02,0.0,0.0,0.0,0.0,0.0,0,110639.0
0,2,11,9,46,77,0,0,0,0,0,0,0,264,0.0,0.0,0.0,0.0,1.0,0.0,0.0,255,254,1.0,0.01,0.0,0.0,0.0,0.0,0.0,0,96065.0
0,1,12,2,0,0,0,0,0,0,0,0,0,259,0.0,0.0,1.0,1.0,0.02,0.07,0.0,255,5,0.02,0.08,0.0,0.0,0.0,0.0,1.0,1,6261.0
0,1,52,5,0,0,0,0,0,0,0,0,0,258,1.0,1.0,0.0,0.0,0.03,0.06,0.0,255,13,0.05,0.07,0.0,0.0,1.0,1.0,0.0,1,84625.0
0,2,46,9,28,0,3,0,0,0,0,0,0,56,0.0,0.0,0.0,0.0,1.0,0.0,0.0,255,156,0.61,0.39,0.61,0.0,0.09,0.0,0.0,1,8770.0
0,1,54,5,0,0,0,0,0,0,0,0,0,234,1.0,1.0,0.0,0.0,0.06,0.06,0.0,255,14,0.05,0.06,0.0,0.0,1.0,1.0,0.0,1,16230.0
6214,2,41,9,146,105,0,0,0,0,0,0,0,1,0.0,0.0,0.0,0.0,1.0,0.0,0.0,255,1,0.0,0.48,0.91,0.0,0.0,0.0,0.0,0,24983.0
0,1,22,9,228,990,0,0,1,0,0,0,0,32,0.0,0.0,0.0,0.0,1.0,0.0,0.06,74,255,1.0,0.0,0.01,0.02,0.0,0.0,0.0,0,4341.0
0,1,46,5,0,0,0,0,0,0,0,0,0,111,1.0,1.0,0.0,0.0,0.12,0.06,0.0,255,33,0.13,0.05,0.0,0.0,1.0,1.0,0.0,1,117219.0
0,1,22,9,301,1842,0,0,1,0,0,0,0,3,0.0,0.0,0.0,0.0,1.0,0.0,0.0,29,255,1.0,0.0,0.03,0.03,0.0,0.0,0.0,0,33928.0
0,2,11,9,44,137,0,0,0,0,0,0,0,262,0.0,0.0,0.0,0.0,1.0,0.01,0.0,255,251,0.98,0.01,0.0,0.0,0.0,0.0,0.0,0,50723.0
0,1,22,1,0,0,0,0,0,0,0,0,0,1,0.0,0.0,1.0,1.0,1.0,0.0,1.0,3,13,1.0,0.0,0.33,0.38,0.0,0.0,1.0,0,28104.0
0,1,46,5,0,0,0,0,0,0,0,0,0,2,1.0,1.0,0.0,0.0,0.5,1.0,0.0,255,1,0.0,1.0,1.0,0.0,0.05,1.0,0.0,1,2303.0
0,1,57,5,0,0,0,0,0,0,0,0,0,51,1.0,1.0,0.0,0.0,0.24,0.08,0.0,131,33,0.24,0.03,0.02,0.06,1.0,0.97,0.0,1,40340.0
0,1,16,5,0,0,0,0,0,0,0,0,0,134,1.0,1.0,0.0,0.0,0.02,0.06,0.0,255,3,0.01,0.07,0.0,0.0,1.0,1.0,0.0,1,83569.0
0,2,46,9,28,0,3,0,0,0,0,0,0,8,0.0,0.0,0.0,0.0,1.0,0.0,0.0,211,8,0.04,0.05,0.04,0.0,0.02,0.0,0.0,1,91766.0
0,1,22,1,0,0,0,0,0,0,0,0,0,1,0.0,0.0,1.0,1.0,1.0,0.0,1.0,2,161,1.0,0.0,0.5,0.22,0.0,0.0,1.0,0,55140.0
0,1,56,5,0,0,0,0,0,0,0,0,0,228,1.0,1.0,0.0,0.0,0.05,0.07,0.0,255,11,0.04,0.07,0.0,0.0,1.0,1.0,0.0,1,66064.0
0,1,19,9,567,0,0,0,1,0,0,6,0,2,0.0,0.0,0.0,0.0,0.5,1.0,0.0,27,25,0.93,0.11,0.93,0.0,0.0,0.0,0.0,0,32819.0
0,1,22,9,192,755,0,0,1,0,0,0,0,3,0.0,0.0,0.0,0.0,1.0,0.0,0.2,58,255,1.0,0.0,0.02,0.03,0.0,0.0,0.0,0,122957.0
0,1,22,9,311,1375,0,0,1,0,0,0,0,1,0.0,0.25,0.0,0.0,1.0,0.0,0.75,1,255,1.0,0.0,1.0,0.02,0.0,0.0,0.0,0,2897.0
0,1,22,5,0,0,0,0,0,0,0,0,0,37,1.0,1.0,0.0,0.0,0.32,0.08,0.0,255,63,0.25,0.02,0.0,0.0,1.0,1.0,0.0,1,5018.0
516,2,41,9,146,105,0,0,0,0,0,0,0,1,0.0,0.0,0.0,0.0,1.0,0.0,0.0,255,1,0.0,0.64,0.95,0.0,0.0,0.0,0.0,0,121641.0
0,1,52,5,0,0,0,0,0,0,0,0,0,242,1.0,1.0,0.0,0.0,0.02,0.07,0.0,255,6,0.02,0.07,0.0,0.0,1.0,1.0,0.0,1,18181.0
0,1,19,1,0,0,0,0,0,0,0,0,0,237,0.0,0.0,1.0,1.0,0.01,0.07,0.0,255,3,0.01,0.08,0.0,0.0,0.0,0.0,1.0,1,9208.0
0,1,15,5,0,0,0,0,0,0,0,0,0,128,1.0,1.0,0.0,0.0,0.02,0.06,0.0,255,18,0.07,0.07,0.0,0.0,1.0,1.0,0.0,1,55767.0
0,1,22,9,341,279,0,1,1,0,0,0,0,3,0.0,0.0,0.0,0.0,1.0,0.0,0.0,255,240,0.94,0.01,0.0,0.0,0.0,0.0,0.0,0,58144.0
0,2,11,9,43,43,0,0,0,0,0,0,0,129,0.0,0.0,0.0,0.0,0.99,0.02,0.02,255,242,0.95,0.01,0.0,0.0,0.0,0.0,0.0,0,106990.0
0,2,11,9,85,44,0,0,0,0,0,0,0,123,0.0,0.0,0.0,0.0,1.0,0.0,0.0,255,166,0.65,0.01,0.24,0.0,0.0,0.0,0.0,0,52497.0
0,1,51,9,1954,280,0,0,1,0,0,0,0,2,0.0,0.0,0.0,0.0,0.5,1.0,0.0,163,140,0.68,0.04,0.01,0.01,0.01,0.01,0.0,0,29517.0
0,1,22,9,299,331,0,0,1,0,0,0,0,13,0.0,0.0,0.0,0.0,1.0,0.0,0.13,166,255,1.0,0.0,0.01,0.01,0.0,0.0,0.0,0,60131.0
0,1,3,5,0,0,0,0,0,0,0,0,0,245,1.0,1.0,0.0,0.0,0.06,0.06,0.0,255,9,0.04,0.07,0.0,0.0,1.0,1.0,0.0,1,27820.0
0,1,46,1,0,0,0,0,0,0,0,0,0,70,0.0,0.0,1.0,1.0,0.2,0.07,0.0,255,4,0.02,0.06,0.0,0.0,0.0,0.0,1.0,1,121147.0
0,1,66,5,0,0,0,0,0,0,0,0,0,230,1.0,1.0,0.0,0.0,0.07,0.07,0.0,255,16,0.06,0.08,0.0,0.0,1.0,1.0,0.0,1,95561.0
0,1,22,9,281,7568,0,0,1,0,0,0,0,4,0.0,0.0,0.0,0.0,1.0,0.0,0.0,47,255,1.0,0.0,0.02,0.07,0.0,0.0,0.0,0,112747.0
0,1,22,9,395,760,0,0,1,0,0,0,0,8,0.0,0.0,0.0,0.0,1.0,0.0,0.0,228,255,1.0,0.0,0.0,0.01,0.0,0.0,0.0,0,19999.0
22,1,57,9,471,434353,0,0,1,0,0,0,0,1,0.0,0.0,0.0,0.0,1.0,0.0,0.0,116,14,0.12,0.04,0.01,0.0,0.0,0.0,0.0,0,115288.0
0,1,46,5,0,0,0,0,0,0,0,0,0,135,1.0,1.0,0.0,0.0,0.06,0.06,0.0,255,8,0.03,0.05,0.0,0.0,1.0,1.0,0.0,1,22441.0
0,1,22,9,213,633,0,0,1,0,0,0,0,3,0.0,0.0,0.0,0.0,1.0,0.0,0.0,11,255,1.0,0.0,0.09,0.04,0.0,0.0,0.0,0,104086.0
0,1,22,9,177,2661,0,0,1,0,0,0,0,1,0.0,0.0,0.0,0.0,1.0,0.0,0.0,106,255,1.0,0.0,0.01,0.16,0.0,0.0,0.63,0,63817.0
0,1,46,4,0,0,0,0,0,0,0,0,0,1,0.0,0.0,1.0,1.0,1.0,0.0,0.0,139,1,0.01,0.3,0.29,0.0,0.0,0.0,1.0,1,46186.0
0,1,46,1,0,0,0,0,0,0,0,0,0,143,0.0,0.0,1.0,1.0,0.03,0.06,0.0,255,22,0.09,0.07,0.0,0.0,0.0,0.0,1.0,1,49715.0
0,1,22,9,336,2254,0,0,1,0,0,0,0,5,0.0,0.0,0.0,0.0,1.0,0.0,0.0,76,255,1.0,0.0,0.01,0.04,0.0,0.0,0.0,0,82329.0
0,1,22,9,254,26928,0,0,1,0,0,0,0,1,0.0,0.0,0.0,0.0,1.0,0.0,0.16,255,255,1.0,0.0,0.0,0.0,0.0,0.0,0.0,0,58203.0
0,2,46,9,105,147,0,0,0,0,0,0,0,1,0.0,0.0,0.0,0.0,1.0,0.0,0.0,149,147,0.99,0.01,0.01,0.0,0.0,0.0,0.0,0,114173.0
0,2,11,9,31,31,0,0,0,0,0,0,0,1,0.0,0.0,0.0,0.0,1.0,0.0,1.0,255,234,0.92,0.01,0.0,0.0,0.0,0.0,0.0,0,27915.0
0,1,19,9,1363,0,0,0,0,0,0,0,0,17,0.0,0.0,0.0,0.0,1.0,0.0,0.0,246,69,0.28,0.02,0.28,0.0,0.0,0.0,0.0,0,18249.0
0,1,51,9,942,332,0,0,1,0,0,0,0,1,0.0,0.0,0.0,0.0,1.0,0.0,0.0,62,173,0.42,0.08,0.02,0.02,0.0,0.0,0.0,0,28760.0
0,2,11,9,45,45,0,0,0,0,0,0,0,166,0.0,0.0,0.0,0.0,1.0,0.0,0.0,255,254,1.0,0.01,0.01,0.0,0.0,0.0,0.0,0,122414.0
28,2,11,9,46,46,0,0,0,0,0,0,0,5,0.0,0.0,0.0,0.0,0.2,0.4,0.4,87,84,0.97,0.02,0.01,0.0,0.0,0.0,0.0,0,108266.0
550,2,41,9,147,105,0,0,0,0,0,0,0,1,0.0,0.0,0.0,0.0,1.0,0.0,0.0,255,1,0.0,0.65,0.95,0.0,0.0,0.0,0.0,0,10045.0
0,1,63,5,0,0,0,0,0,0,0,0,0,67,1.0,1.0,0.0,0.0,0.24,0.06,0.0,255,16,0.06,0.04,0.0,0.0,1.0,1.0,0.0,1,43121.0
0,1,31,5,0,0,0,0,0,0,0,0,0,148,1.0,1.0,0.0,0.0,0.13,0.06,0.0,255,19,0.07,0.06,0.0,0.0,1.0,1.0,0.0,1,51778.0
4190,2,41,9,146,105,0,0,0,0,0,0,0,1,0.0,0.0,0.0,0.0,1.0,0.0,0.0,255,3,0.01,0.32,0.64,0.0,0.0,0.0,0.0,0,42985.0
28,2,11,9,44,44,0,0,0,0,0,0,0,8,0.0,0.0,0.0,0.0,0.12,0.25,0.25,61,58,0.95,0.03,0.02,0.0,0.0,0.0,0.0,0,89965.0
0,1,46,1,0,0,0,0,0,0,0,0,0,137,0.01,0.0,0.95,1.0,0.01,1.0,0.0,255,1,0.0,0.56,0.0,0.0,0.0,0.0,1.0,1,11955.0
0,1,22,9,224,280,0,0,1,0,0,0,0,11,0.0,0.0,0.0,0.0,1.0,0.0,0.0,158,255,1.0,0.0,0.01,0.01,0.0,0.0,0.0,0,119751.0
0,1,22,9,291,5259,0,0,1,0,0,0,0,6,0.0,0.0,0.0,0.0,1.0,0.0,0.0,6,255,1.0,0.0,0.17,0.02,0.0,0.0,0.0,0,35633.0
0,0,13,9,8,0,0,0,0,0,0,0,0,1,0.0,0.0,0.0,0.0,1.0,0.0,1.0,1,31,1.0,0.0,1.0,0.52,0.0,0.0,0.0,1,58899.0
0,1,41,1,0,0,0,0,0,0,0,0,0,511,0.24,0.0,0.76,1.0,0.0,1.0,0.0,255,1,0.0,1.0,0.0,0.0,0.24,0.0,1.0,1,31758.0
0,1,46,5,0,0,0,0,0,0,0,0,0,160,1.0,1.0,0.0,0.0,0.03,0.06,0.0,255,5,0.02,0.07,0.0,0.0,1.0,1.0,0.0,1,28178.0
0,1,6,5,0,0,0,0,0,0,0,0,0,255,1.0,1.0,0.0,0.0,0.02,0.07,0.0,255,1,0.0,0.07,0.0,0.0,1.0,1.0,0.0,1,46701.0
0,1,17,5,0,0,0,0,0,0,0,0,0,59,1.0,1.0,0.0,0.0,0.25,0.07,0.0,255,44,0.17,0.04,0.02,0.0,1.0,1.0,0.0,1,67739.0
0,0,13,9,8,0,0,0,0,0,0,0,0,1,0.0,0.0,0.0,0.0,1.0,0.0,1.0,4,232,1.0,0.0,1.0,0.25,0.0,0.0,0.0,1,66569.0
0,2,11,9,42,143,0,0,0,0,0,0,0,115,0.0,0.0,0.0,0.0,1.0,0.0,0.01,255,255,1.0,0.0,0.0,0.0,0.0,0.0,0.0,0,66108.0
0,1,22,9,169,3973,0,0,1,0,0,0,0,2,0.0,0.0,0.0,0.0,1.0,0.0,0.0,110,255,1.0,0.0,0.01,0.02,0.0,0.0,0.0,0,21832.0
0,2,41,9,516,4,0,0,0,0,0,0,0,398,0.0,0.0,0.0,0.0,1.0,0.0,0.0,255,255,1.0,0.0,1.0,0.0,0.0,0.0,0.0,0,51623.0
1,1,60,9,0,4,0,0,0,0,0,0,0,1,0.0,0.0,0.0,0.0,1.0,0.0,0.0,14,14,1.0,0.0,0.07,0.0,0.0,0.0,0.0,0,118817.0
0,1,46,5,0,0,0,0,0,0,0,0,0,210,1.0,1.0,0.0,0.0,0.0,0.06,0.0,255,20,0.08,0.07,0.0,0.0,1.0,1.0,0.0,1,111539.0
30,1,18,9,1470,4152,0,30,1,0,0,0,0,1,0.0,0.0,0.0,0.0,1.0,0.0,0.0,52,18,0.35,0.08,0.02,0.0,0.0,0.0,0.0,0,64257.0
0,1,22,9,216,706,0,0,1,0,0,0,0,21,0.0,0.0,0.0,0.0,1.0,0.0,0.0,255,255,1.0,0.0,0.0,0.0,0.0,0.0,0.0,0,44461.0
0,2,46,9,1,4,0,0,0,0,0,0,0,27,0.0,0.0,0.0,0.0,0.37,0.11,0.0,255,10,0.04,0.71,0.32,0.0,0.16,0.0,0.0,1,31050.0
0,2,11,9,33,93,0,0,0,0,0,0,0,1,0.0,0.0,0.0,0.0,1.0,0.0,1.0,255,247,0.97,0.01,0.0,0.0,0.0,0.0,0.0,0,12523.0
28,2,11,9,46,46,0,0,0,0,0,0,0,6,0.0,0.0,0.0,0.0,0.17,0.33,0.25,27,26,0.96,0.07,0.04,0.0,0.0,0.0,0.0,0,88557.0
0,1,20,1,0,0,0,0,0,0,0,0,0,245,0.0,0.0,1.0,1.0,0.02,0.07,0.0,255,4,0.02,0.08,0.0,0.0,0.0,0.0,1.0,1,53230.0
0,1,46,5,0,0,0,0,0,0,0,0,0,149,1.0,1.0,0.0,0.0,0.05,0.07,0.0,255,7,0.03,0.08,0.0,0.0,1.0,1.0,0.0,1,22531.0
0,1,46,4,0,0,0,0,0,0,0,0,0,1,0.0,0.0,1.0,1.0,1.0,0.0,0.0,199,1,0.01,0.18,0.16,0.0,0.0,0.0,1.0,1,8633.0
0,1,19,9,383,0,0,0,0,0,0,0,0,2,0.0,0.0,0.0,0.0,1.0,0.0,0.0,52,7,0.13,0.1,0.13,0.0,0.0,0.0,0.0,0,91134.0
0,1,22,9,226,259,0,0,1,0,0,0,0,23,0.0,0.0,0.0,0.0,1.0,0.0,0.08,60,255,1.0,0.0,0.02,0.02,0.0,0.0,0.0,0,21941.0
0,1,51,9,1066,400,0,0,1,0,0,0,0,1,0.0,0.0,0.0,0.0,1.0,0.0,0.0,33,226,0.55,0.06,0.03,0.01,0.45,0.0,0.0,0,25370.0
0,1,22,9,351,5369,0,0,1,0,0,0,0,22,0.0,0.0,0.0,0.0,1.0,0.0,0.07,255,255,1.0,0.0,0.0,0.0,0.0,0.0,0.0,0,93481.0
0,1,22,9,241,2858,0,0,1,0,0,0,0,1,0.0,0.0,0.0,0.0,1.0,0.0,0.0,255,255,1.0,0.0,0.0,0.0,0.0,0.0,0.0,0,116680.0
0,1,22,9,222,888,0,0,1,0,0,0,0,17,0.0,0.0,0.0,0.0,1.0,0.0,0.11,60,255,1.0,0.0,0.02,0.03,0.0,0.0,0.0,0,20495.0
0,1,22,5,0,0,0,0,0,0,0,0,0,56,1.0,1.0,0.0,0.0,0.34,0.07,0.0,255,39,0.15,0.06,0.0,0.0,1.0,1.0,0.0,1,108584.0
0,1,46,5,0,0,0,0,0,0,0,0,0,65,1.0,1.0,0.0,0.0,0.14,0.08,0.0,255,9,0.04,0.06,0.0,0.0,1.0,1.0,0.0,1,17966.0
0,1,22,9,245,20255,0,0,1,0,0,0,0,1,0.0,0.0,0.0,0.0,1.0,0.0,0.5,1,255,1.0,0.0,1.0,0.02,0.0,0.0,0.0,0,63310.0
0,1,22,9,236,2507,0,0,1,0,0,0,0,7,0.0,0.0,0.0,0.0,1.0,0.0,0.0,255,254,1.0,0.01,0.0,0.0,0.0,0.0,0.0,0,111438.0
0,1,2,5,0,0,0,0,0,0,0,0,0,257,1.0,1.0,0.0,0.0,0.03,0.06,0.0,255,14,0.05,0.07,0.0,0.0,1.0,1.0,0.0,1,14559.0
0,1,22,9,214,882,0,0,1,0,0,0,0,12,0.0,0.35,0.0,0.0,1.0,0.0,0.08,12,255,1.0,0.0,0.08,0.03,0.0,0.0,0.0,0,119124.0
0,1,46,5,0,0,0,0,0,0,0,0,0,194,1.0,1.0,0.0,0.0,0.04,0.06,0.0,55,6,0.11,0.16,0.02,0.0,0.75,1.0,0.0,1,30275.0
0,2,58,9,1,0,0,0,0,0,0,0,0,44,0.0,0.0,0.0,0.0,0.02,0.11,0.0,64,1,0.02,0.06,0.02,0.0,0.0,0.0,0.0,1,60799.0
0,1,19,9,13239,0,0,0,1,0,0,0,0,3,0.0,0.0,0.0,0.0,1.0,0.0,0.0,228,134,0.52,0.03,0.52,0.01,0.0,0.0,0.0,0,68702.0
0,2,11,9,45,81,0,0,0,0,0,0,0,200,0.0,0.0,0.0,0.0,1.0,0.01,0.01,255,252,0.99,0.01,0.0,0.0,0.0,0.0,0.0,0,52343.0
0,1,19,9,5558,0,0,0,1,0,0,0,0,13,0.0,0.0,0.0,0.0,1.0,0.0,0.0,72,99,0.26,0.1,0.26,0.02,0.01,0.0,0.0,0,50805.0
0,1,22,9,154,2898,0,0,1,0,0,0,0,3,0.0,0.0,0.0,0.0,1.0,0.0,0.0,79,255,1.0,0.0,0.01,0.05,0.0,0.0,0.0,0,42686.0
0,1,36,1,0,0,0,0,0,0,0,0,0,271,0.0,0.0,1.0,1.0,0.02,0.06,0.0,255,6,0.02,0.07,0.0,0.0,0.0,0.0,1.0,1,110618.0
0,1,53,5,0,0,0,0,0,0,0,0,0,270,1.0,1.0,0.0,0.0,0.07,0.06,0.0,255,19,0.07,0.07,0.0,0.0,1.0,1.0,0.0,1,82029.0
0,1,46,5,0,0,0,0,0,0,0,0,0,121,1.0,1.0,0.0,0.0,0.07,0.06,0.0,255,10,0.04,0.06,0.0,0.0,1.0,1.0,0.0,1,53032.0
0,1,22,9,346,353,0,0,1,0,0,0,0,4,0.0,0.0,0.0,0.0,1.0,0.0,0.0,128,255,1.0,0.0,0.01,0.03,0.0,0.0,0.0,0,118463.0
0,1,22,9,325,2005,0,0,1,0,0,0,0,17,0.0,0.0,0.0,0.0,1.0,0.0,0.11,114,255,1.0,0.0,0.01,0.03,0.01,0.01,0.0,0,69923.0
0,1,31,5,0,0,0,0,0,0,0,0,0,128,1.0,1.0,0.0,0.0,0.16,0.06,0.0,255,20,0.08,0.07,0.0,0.0,1.0,1.0,0.0,1,31025.0
0,1,7,5,0,0,0,0,0,0,0,0,0,273,1.0,1.0,0.0,0.0,0.08,0.04,0.0,255,21,0.08,0.05,0.0,0.0,1.0,1.0,0.0,1,105065.0
0,1,22,9,276,622,0,0,1,0,0,0,0,3,0.0,0.0,0.0,0.0,1.0,0.0,0.0,227,255,1.0,0.0,0.0,0.01,0.0,0.0,0.0,0,25164.0
0,1,22,9,210,389,0,0,1,0,0,0,0,26,0.0,0.0,0.0,0.0,1.0,0.0,0.04,255,255,1.0,0.0,0.0,0.0,0.0,0.0,0.0,0,104409.0
1,1,51,9,1215,328,0,0,1,0,0,0,0,1,0.0,0.0,0.0,0.0,1.0,0.0,1.0,156,97,0.62,0.03,0.01,0.0,0.0,0.0,0.01,0,26856.0
0,1,22,9,54540,8314,0,2,1,1,0,0,0,2,0.0,0.0,0.0,0.33,1.0,0.0,0.67,255,255,1.0,0.0,0.0,0.0,0.0,0.0,0.03,1,82327.0
0,1,46,1,0,0,0,0,0,0,0,0,0,117,0.0,0.0,1.0,1.0,0.15,0.06,0.0,255,14,0.05,0.08,0.0,0.0,0.0,0.0,1.0,1,18486.0
0,1,22,1,0,0,0,0,0,0,0,0,0,1,0.0,0.0,1.0,1.0,1.0,0.0,0.0,2,240,1.0,0.0,0.5,0.06,0.0,0.0,0.95,0,98179.0
0,1,46,1,0,0,0,0,0,0,0,0,0,93,0.0,0.0,1.0,1.0,0.06,0.06,0.0,255,6,0.02,0.07,0.0,0.0,0.0,0.0,1.0,1,38107.0
0,2,46,9,1,0,0,0,0,0,0,0,0,20,0.0,0.0,0.0,0.0,0.6,0.2,0.0,255,12,0.05,0.22,1.0,0.0,0.0,0.0,0.0,1,12455.0
37436,1,46,4,1,0,0,0,0,0,0,0,0,2,0.0,0.0,1.0,1.0,1.0,0.0,0.0,255,2,0.01,0.5,1.0,0.0,0.0,0.0,1.0,1,50534.0
0,1,46,5,0,0,0,0,0,0,0,0,0,71,1.0,1.0,0.0,0.0,0.08,0.08,0.0,255,19,0.07,0.07,0.0,0.0,1.0,1.0,0.0,1,5866.0
23,1,18,9,275,903,0,5,1,0,0,0,0,1,0.0,0.0,0.0,0.0,1.0,0.0,0.0,95,4,0.04,0.22,0.01,0.0,0.01,0.0,0.0,0,82058.0
0,1,46,1,0,0,0,0,0,0,0,0,0,1,0.0,0.0,1.0,1.0,1.0,0.0,0.0,30,2,0.03,1.0,0.03,1.0,0.0,0.0,1.0,1,95475.0
0,2,11,9,46,80,0,0,0,0,0,0,0,133,0.0,0.0,0.0,0.0,1.0,0.0,0.0,255,255,1.0,0.0,0.01,0.0,0.0,0.0,0.0,0,93195.0
0,1,46,5,0,0,0,0,0,0,0,0,0,98,1.0,1.0,0.0,0.0,0.02,0.08,0.0,255,2,0.01,0.06,0.0,0.0,1.0,1.0,0.0,1,95854.0
0,1,22,9,233,8982,0,0,1,0,0,0,0,24,0.0,0.0,0.0,0.0,1.0,0.0,0.0,124,255,1.0,0.0,0.01,0.03,0.0,0.0,0.0,0,49366.0
0,1,22,9,224,6552,0,0,1,0,0,0,0,8,0.12,0.11,0.0,0.0,1.0,0.0,0.22,255,255,1.0,0.0,0.0,0.0,0.0,0.0,0.0,0,67252.0
0,1,41,1,0,0,0,0,0,0,0,0,0,442,0.08,0.0,0.92,1.0,0.0,1.0,0.0,255,1,0.0,1.0,0.0,0.0,0.06,0.0,1.0,1,84259.0
0,1,37,5,0,0,0,0,0,0,0,0,0,269,1.0,1.0,0.0,0.0,0.02,0.06,0.0,255,7,0.03,0.09,0.0,0.0,1.0,1.0,0.0,1,104778.0
0,1,22,9,206,20567,0,0,1,0,0,0,0,9,0.0,0.0,0.0,0.0,1.0,0.0,0.0,31,255,1.0,0.0,0.03,0.05,0.0,0.0,0.0,0,29370.0
0,1,46,5,0,0,0,0,0,0,0,0,0,252,1.0,1.0,0.0,0.0,0.07,0.06,0.0,255,18,0.07,0.06,0.0,0.0,1.0,1.0,0.0,1,38035.0
0,1,19,5,0,0,0,0,0,0,0,0,0,71,1.0,1.0,0.0,0.0,0.25,0.06,0.0,255,69,0.27,0.02,0.02,0.0,1.0,1.0,0.0,1,6906.0
0,1,22,9,351,866,0,0,1,0,0,0,0,38,0.0,0.0,0.0,0.0,1.0,0.0,0.0,38,255,1.0,0.0,0.03,0.04,0.0,0.01,0.0,0,110065.0
0,1,19,9,192,0,0,0,1,0,0,0,0,1,0.0,0.0,0.0,0.0,1.0,0.0,0.0,5,46,0.8,0.4,0.8,0.04,0.0,0.0,0.0,0,22849.0
0,1,2,1,0,0,0,0,0,0,0,0,0,108,0.0,0.0,1.0,1.0,0.07,0.06,0.0,255,8,0.03,0.07,0.0,0.0,0.0,0.0,1.0,1,52795.0
0,1,16,2,0,0,0,0,0,0,0,0,0,138,0.0,0.0,1.0,1.0,0.09,0.06,0.0,255,13,0.05,0.05,0.0,0.0,0.0,0.0,1.0,1,5896.0
0,1,22,9,258,1419,0,0,1,0,0,0,0,1,0.0,0.0,0.0,0.0,1.0,0.0,0.0,116,255,1.0,0.0,0.01,0.02,0.0,0.0,0.01,0,89720.0
0,0,14,9,1032,0,0,0,0,0,0,0,0,19,0.0,0.0,0.0,0.0,1.0,0.0,0.0,255,255,1.0,0.0,1.0,0.0,0.0,0.0,0.0,1,96208.0
0,1,51,9,16441,329,0,0,1,0,0,0,0,1,0.0,0.0,0.0,0.0,1.0,0.0,0.0,18,159,0.94,0.11,0.06,0.02,0.0,0.0,0.0,0,18724.0
0,1,57,5,0,0,0,0,0,0,0,0,0,25,1.0,1.0,0.0,0.0,0.24,0.16,0.0,255,60,0.24,0.04,0.02,0.0,1.0,1.0,0.0,1,21266.0
0,1,22,1,0,0,0,0,0,0,0,0,0,1,0.0,0.0,1.0,1.0,1.0,0.0,1.0,5,255,1.0,0.0,0.2,0.08,0.0,0.0,1.0,0,55512.0
1,1,51,9,1068,335,0,0,1,0,0,0,0,2,0.0,0.0,0.0,0.0,1.0,0.0,0.0,70,192,0.93,0.06,0.01,0.01,0.0,0.0,0.0,0,58251.0
0,1,46,5,0,0,0,0,0,0,0,0,0,20,1.0,1.0,0.0,0.0,0.55,0.1,0.0,255,11,0.04,0.08,0.0,0.0,1.0,1.0,0.0,1,108834.0
0,1,22,9,251,12120,0,0,1,0,0,0,0,13,0.0,0.0,0.0,0.0,1.0,0.0,0.0,13,255,1.0,0.0,0.08,0.03,0.0,0.0,0.0,0,81292.0
0,0,13,9,8,0,0,0,0,0,0,0,0,1,0.0,0.0,0.0,0.0,1.0,0.0,1.0,1,225,1.0,0.0,1.0,0.5,0.0,0.0,0.0,1,86711.0
0,1,51,9,1512,328,0,0,1,0,0,0,0,1,0.0,0.0,0.0,0.0,1.0,0.0,0.0,86,185,0.74,0.06,0.01,0.01,0.0,0.0,0.0,0,59923.0
0,1,6,5,0,0,0,0,0,0,0,0,0,206,1.0,1.0,0.0,0.0,0.08,0.06,0.0,255,16,0.06,0.08,0.0,0.0,1.0,1.0,0.0,1,62499.0
0,1,3,1,0,0,0,0,0,0,0,0,0,279,0.0,0.0,1.0,1.0,0.04,0.06,0.0,255,10,0.04,0.06,0.0,0.0,0.0,0.0,1.0,1,8858.0
0,2,11,9,44,137,0,0,0,0,0,0,0,137,0.0,0.0,0.0,0.0,0.99,0.01,0.01,255,222,0.87,0.02,0.0,0.0,0.0,0.0,0.0,0,9891.0
0,1,63,5,0,0,0,0,0,0,0,0,0,120,1.0,1.0,0.0,0.0,0.04,0.07,0.0,255,13,0.05,0.07,0.0,0.0,1.0,1.0,0.0,1,44082.0
0,1,46,1,0,0,0,0,0,0,0,0,0,275,0.0,0.0,1.0,1.0,0.04,0.06,0.0,255,11,0.04,0.09,0.0,0.0,0.0,0.0,1.0,1,80048.0
0,1,9,5,0,0,0,0,0,0,0,0,0,273,1.0,1.0,0.0,0.0,0.0,0.06,0.0,255,20,0.08,0.07,0.0,0.0,1.0,1.0,0.0,1,82035.0
0,2,11,9,30,0,0,0,0,0,0,0,0,1,0.0,0.0,0.0,0.0,1.0,0.0,1.0,92,9,0.1,0.08,0.1,0.0,0.0,0.0,0.0,0,24852.0
0,1,22,9,216,292,0,0,1,0,0,0,0,11,0.0,0.0,0.0,0.0,1.0,0.0,0.0,255,255,1.0,0.0,0.01,0.0,0.0,0.0,0.0,0,48925.0
0,1,46,5,0,0,0,0,0,0,0,0,0,292,1.0,1.0,0.0,0.0,0.05,0.06,0.0,255,13,0.05,0.06,0.0,0.0,1.0,1.0,0.0,1,87825.0
0,1,22,9,339,6463,0,0,1,0,0,0,0,8,0.0,0.0,0.0,0.0,1.0,0.0,0.0,36,255,1.0,0.0,0.03,0.05,0.0,0.0,0.0,0,112248.0
0,1,22,9,219,2226,0,0,1,0,0,0,0,27,0.0,0.0,0.0,0.0,1.0,0.0,0.0,255,255,1.0,0.0,0.0,0.0,0.0,0.0,0.0,0,50888.0
0,2,11,9,46,133,0,0,0,0,0,0,0,122,0.0,0.0,0.0,0.0,1.0,0.0,0.0,255,254,1.0,0.01,0.0,0.0,0.0,0.0,0.0,0,105944.0
0,1,22,9,306,403,0,0,1,0,0,0,0,38,0.0,0.0,0.0,0.0,1.0,0.0,0.0,38,255,1.0,0.0,0.03,0.02,0.0,0.0,0.0,0,99399.0
0,1,53,5,0,0,0,0,0,0,0,0,0,130,1.0,1.0,0.0,0.0,0.08,0.06,0.0,255,9,0.04,0.05,0.0,0.0,1.0,1.0,0.0,1,18382.0
0,1,22,9,153,8386,0,0,1,0,0,0,0,5,0.0,0.0,0.0,0.0,1.0,0.0,0.0,255,255,1.0,0.0,0.0,0.0,0.0,0.0,0.0,0,96249.0
0,1,22,9,223,1008,0,0,1,0,0,0,0,3,0.0,0.0,0.0,0.0,1.0,0.0,0.0,3,255,1.0,0.0,0.33,0.04,0.0,0.0,0.0,0,71483.0
0,2,11,9,46,46,0,0,0,0,0,0,0,2,0.0,0.0,0.0,0.0,1.0,0.0,0.27,255,248,0.97,0.01,0.07,0.0,0.0,0.0,0.0,0,79624.0
0,2,46,9,105,0,0,0,0,0,0,0,0,2,0.0,0.0,0.0,0.0,1.0,0.0,0.0,255,242,0.95,0.01,0.0,0.0,0.0,0.0,0.0,0,125244.0
0,1,25,5,0,0,0,0,0,0,0,0,0,262,1.0,1.0,0.0,0.0,0.05,0.05,0.0,255,14,0.05,0.05,0.0,0.0,1.0,1.0,0.0,1,102698.0
0,0,14,9,1032,0,0,0,0,0,0,0,0,511,0.0,0.0,0.0,0.0,1.0,0.0,0.0,255,134,0.53,0.01,0.53,0.0,0.0,0.0,0.0,1,78567.0
0,1,22,9,362,8052,0,0,1,0,0,0,0,2,0.0,0.0,0.0,0.0,1.0,0.0,0.0,255,255,1.0,0.0,0.0,0.0,0.0,0.0,0.0,0,50540.0
0,2,46,9,105,0,0,0,0,0,0,0,0,2,0.0,0.0,0.0,0.0,1.0,0.0,0.0,255,86,0.34,0.01,0.01,0.0,0.0,0.0,0.0,0,2744.0
0,2,11,9,43,69,0,0,0,0,0,0,0,133,0.0,0.0,0.0,0.0,1.0,0.0,0.02,255,225,0.88,0.01,0.0,0.0,0.0,0.0,0.0,0,12743.0
0,2,11,9,43,131,0,0,0,0,0,0,0,321,0.0,0.0,0.0,0.0,1.0,0.01,0.0,255,232,0.91,0.01,0.0,0.0,0.0,0.0,0.0,0,92363.0
0,1,46,1,0,0,0,0,0,0,0,0,0,255,0.1,0.0,0.89,1.0,0.0,1.0,0.0,255,1,0.0,1.0,0.0,0.0,0.1,0.0,1.0,1,103602.0
0,1,46,5,0,0,0,0,0,0,0,0,0,130,1.0,1.0,0.0,0.0,0.15,0.07,0.0,255,28,0.11,0.05,0.0,0.0,1.0,1.0,0.0,1,10496.0
0,1,46,1,0,0,0,0,0,0,0,0,0,179,0.0,0.0,1.0,1.0,0.07,0.06,0.0,255,12,0.05,0.06,0.0,0.0,0.0,0.0,1.0,1,55471.0
0,2,46,9,28,0,3,0,0,0,0,0,0,20,0.0,0.0,0.0,0.0,1.0,0.0,0.0,92,20,0.22,0.04,0.22,0.0,0.0,0.0,0.0,1,61690.0
0,1,46,5,0,0,0,0,0,0,0,0,0,289,1.0,1.0,0.0,0.0,0.04,0.06,0.0,255,6,0.02,0.08,0.0,0.0,1.0,1.0,0.0,1,22596.0
0,1,19,9,19,0,0,0,0,0,0,0,0,2,0.0,0.0,0.0,0.0,0.5,1.0,0.0,255,97,0.38,0.04,0.38,0.0,0.0,0.01,0.0,0,70879.0
0,1,2,5,0,0,0,0,0,0,0,0,0,229,1.0,1.0,0.0,0.0,0.04,0.05,0.0,255,10,0.04,0.06,0.0,0.0,1.0,1.0,0.0,1,21930.0
0,1,22,9,345,1282,0,0,1,0,0,0,0,7,0.0,0.0,0.0,0.0,1.0,0.0,0.0,31,255,1.0,0.0,0.03,0.04,0.0,0.0,0.0,0,78297.0
0,0,13,9,8,0,0,0,0,0,0,0,0,1,0.0,0.0,0.0,0.0,1.0,0.0,1.0,3,203,1.0,0.0,1.0,0.25,0.0,0.0,0.0,1,24563.0
0,0,14,9,520,0,0,0,0,0,0,0,0,19,0.0,0.0,0.0,0.0,1.0,0.0,0.0,255,255,1.0,0.0,1.0,0.0,0.0,0.0,0.0,1,28865.0
0,1,31,2,0,0,0,0,0,0,0,0,0,149,0.0,0.0,1.0,1.0,0.09,0.05,0.0,255,14,0.05,0.07,0.0,0.0,0.0,0.0,1.0,1,6540.0
0,1,9,5,0,0,0,0,0,0,0,0,0,221,1.0,1.0,0.0,0.0,0.0,0.07,0.0,255,1,0.0,0.07,0.0,0.0,1.0,1.0,0.0,1,45227.0
0,1,30,5,0,0,0,0,0,0,0,0,0,248,1.0,1.0,0.0,0.0,0.01,0.06,0.0,255,2,0.01,0.07,0.0,0.0,1.0,1.0,0.0,1,85802.0
0,1,6,5,0,0,0,0,0,0,0,0,0,115,1.0,1.0,0.0,0.0,0.07,0.08,0.0,255,8,0.03,0.08,0.0,0.0,1.0,1.0,0.0,1,10410.0
0,1,22,9,232,1650,0,0,1,0,0,0,0,2,0.0,0.0,0.0,0.0,1.0,0.0,0.29,255,255,1.0,0.0,0.0,0.0,0.0,0.0,0.0,0,69353.0
3945,2,41,9,147,105,0,0,0,0,0,0,0,4,0.0,0.0,0.0,0.0,0.5,0.5,0.0,255,2,0.01,0.45,0.93,0.0,0.0,0.0,0.0,0,116331.0
0,2,11,9,43,127,0,0,0,0,0,0,0,143,0.0,0.0,0.0,0.0,1.0,0.0,0.01,255,254,1.0,0.01,0.0,0.0,0.0,0.0,0.0,0,11386.0
0,1,46,5,0,0,0,0,0,0,0,0,0,102,1.0,1.0,0.0,0.0,0.17,0.06,0.0,255,17,0.07,0.08,0.0,0.0,1.0,1.0,0.0,1,94983.0
0,1,46,5,0,0,0,0,0,0,0,0,0,45,1.0,1.0,0.0,0.0,0.31,0.09,0.0,255,14,0.05,0.08,0.0,0.0,1.0,1.0,0.0,1,105968.0
0,1,5,5,0,0,0,0,0,0,0,0,0,110,1.0,1.0,0.0,0.0,0.08,0.06,0.0,255,9,0.04,0.05,0.0,0.0,1.0,1.0,0.0,1,30473.0
0,2,11,9,45,134,0,0,0,0,0,0,0,64,0.0,0.0,0.0,0.0,1.0,0.0,0.01,255,172,0.67,0.02,0.0,0.0,0.0,0.0,0.0,0,103843.0
0,1,22,9,251,1484,0,0,1,0,0,0,0,6,0.0,0.0,0.0,0.0,1.0,0.0,0.17,255,255,1.0,0.0,0.0,0.0,0.0,0.0,0.0,0,65349.0
0,1,46,5,0,0,0,0,0,0,0,0,0,227,1.0,1.0,0.0,0.0,0.03,0.06,0.0,255,13,0.05,0.07,0.0,0.0,1.0,1.0,0.0,1,114911.0
0,1,10,5,0,0,0,0,0,0,0,0,0,235,1.0,1.0,0.0,0.0,0.1,0.05,0.0,255,23,0.09,0.05,0.0,0.0,1.0,1.0,0.0,1,94286.0
0,2,11,9,46,46,0,0,0,0,0,0,0,15,0.0,0.0,0.0,0.0,1.0,0.0,0.13,196,192,0.98,0.01,0.01,0.0,0.0,0.0,0.0,0,86496.0
0,1,8,5,0,0,0,0,0,0,0,0,0,262,1.0,1.0,0.0,0.0,0.09,0.05,0.0,255,24,0.09,0.05,0.0,0.0,1.0,1.0,0.0,1,2352.0
0,0,14,9,30,0,0,0,0,0,0,0,0,2,0.0,0.0,0.0,0.0,1.0,0.0,0.0,28,28,1.0,0.0,1.0,0.0,0.0,0.0,0.0,0,6059.0
0,2,11,9,33,0,0,0,0,0,0,0,0,1,0.0,0.0,0.0,0.0,1.0,0.0,1.0,223,24,0.11,0.04,0.11,0.0,0.0,0.0,0.0,0,16567.0
0,1,28,1,0,0,0,0,0,0,0,0,0,136,0.0,0.0,1.0,1.0,0.14,0.06,0.0,255,19,0.07,0.06,0.0,0.0,0.0,0.0,1.0,1,112490.0
0,1,2,10,0,0,0,0,0,0,0,0,0,1,1.0,1.0,0.0,0.0,1.0,0.0,0.0,66,1,0.02,0.85,0.88,0.0,0.88,1.0,0.0,1,102732.0
0,2,11,9,44,73,0,0,0,0,0,0,0,188,0.0,0.0,0.0,0.0,1.0,0.0,0.0,255,206,0.81,0.01,0.0,0.0,0.0,0.0,0.0,0,79433.0
0,1,22,5,0,0,0,0,0,0,0,0,0,66,0.98,0.95,0.02,0.05,0.29,0.08,0.1,255,39,0.15,0.05,0.02,0.0,1.0,1.0,0.0,1,115795.0
0,1,46,5,0,0,0,0,0,0,0,0,0,277,1.0,1.0,0.0,0.0,0.03,0.06,0.0,255,8,0.03,0.06,0.0,0.0,1.0,1.0,0.0,1,17922.0
0,1,22,9,54540,8314,0,2,1,1,0,0,0,4,0.0,0.0,0.25,0.25,1.0,0.0,0.0,255,255,1.0,0.0,0.0,0.0,0.01,0.01,0.04,1,81137.0
0,1,7,5,0,0,0,0,0,0,0,0,0,262,1.0,1.0,0.0,0.0,0.03,0.07,0.0,255,7,0.03,0.09,0.0,0.0,1.0,1.0,0.0,1,88809.0
0,1,18,9,1236,2451,0,28,1,0,0,0,0,1,0.0,0.0,0.0,0.0,1.0,0.0,0.0,119,17,0.14,0.05,0.01,0.0,0.02,0.0,0.0,0,44369.0
0,1,34,1,0,0,0,0,0,0,0,0,0,130,0.0,0.0,1.0,1.0,0.09,0.06,0.0,255,11,0.04,0.07,0.0,0.0,0.0,0.0,1.0,1,20417.0
0,1,22,1,0,0,0,0,0,0,0,0,0,1,0.0,0.0,1.0,1.0,1.0,0.0,0.0,104,98,0.94,0.03,0.01,0.0,0.0,0.0,1.0,0,115052.0
0,1,26,5,0,0,0,0,0,0,0,0,0,244,1.0,1.0,0.0,0.0,0.02,0.06,0.0,255,5,0.02,0.07,0.0,0.0,1.0,1.0,0.0,1,108634.0
0,2,41,9,1,0,0,0,0,0,0,0,0,7,0.0,0.0,0.0,0.0,0.29,0.43,0.0,255,2,0.01,0.17,1.0,0.0,0.0,0.0,0.0,1,121655.0
0,1,6,5,0,0,0,0,0,0,0,0,0,288,1.0,1.0,0.0,0.0,0.03,0.06,0.0,255,8,0.03,0.07,0.0,0.0,1.0,1.0,0.0,1,116684.0
0,1,22,9,281,1951,0,0,1,0,0,0,0,30,0.0,0.0,0.0,0.0,1.0,0.0,0.06,77,255,1.0,0.0,0.01,0.03,0.0,0.01,0.0,0,283.0
0,1,30,5,0,0,0,0,0,0,0,0,0,235,1.0,1.0,0.0,0.0,0.01,0.07,0.0,255,2,0.01,0.07,0.0,0.0,1.0,1.0,0.0,1,116955.0
0,1,22,9,231,64786,0,0,1,0,0,0,0,2,0.0,0.0,0.0,0.0,1.0,0.0,0.0,27,255,1.0,0.0,0.04,0.05,0.0,0.0,0.0,0,73096.0
0,2,11,9,44,72,0,0,0,0,0,0,0,115,0.0,0.0,0.0,0.0,1.0,0.0,0.0,255,175,0.69,0.01,0.0,0.0,0.0,0.0,0.0,0,14242.0
0,1,66,5,0,0,0,0,0,0,0,0,0,233,1.0,1.0,0.0,0.0,0.07,0.06,0.0,255,17,0.07,0.07,0.0,0.0,1.0,1.0,0.0,1,71266.0
0,2,11,9,44,114,0,0,0,0,0,0,0,214,0.0,0.0,0.0,0.0,1.0,0.0,0.0,255,255,1.0,0.0,0.0,0.0,0.0,0.0,0.0,0,113773.0
0,1,22,9,192,294,0,0,1,0,0,0,0,6,0.0,0.0,0.0,0.0,1.0,0.0,0.29,6,112,1.0,0.0,0.17,0.1,0.0,0.0,0.0,0,41769.0
27,1,18,9,1216,3380,0,24,1,0,0,0,0,1,0.0,0.0,0.0,0.0,1.0,0.0,0.0,255,70,0.27,0.03,0.0,0.0,0.0,0.0,0.0,0,3026.0
0,1,32,5,0,0,0,0,0,0,0,0,0,240,1.0,1.0,0.0,0.0,0.08,0.06,0.0,255,19,0.07,0.07,0.0,0.0,1.0,1.0,0.0,1,5669.0
0,1,56,5,0,0,0,0,0,0,0,0,0,269,1.0,1.0,0.0,0.0,0.04,0.07,0.0,255,9,0.04,0.08,0.0,0.0,1.0,1.0,0.0,1,4667.0
0,0,14,9,520,0,0,0,0,0,0,0,0,458,0.0,0.0,0.0,0.0,1.0,0.0,0.0,228,228,1.0,0.0,1.0,0.0,0.0,0.0,0.0,1,69688.0
0,1,22,9,315,924,0,0,1,0,0,0,0,6,0.0,0.0,0.0,0.0,1.0,0.0,0.0,101,255,1.0,0.0,0.01,0.04,0.0,0.0,0.0,0,52435.0
0,1,33,1,0,0,0,0,0,0,0,0,0,266,0.0,0.0,1.0,1.0,0.06,0.06,0.0,255,17,0.07,0.08,0.0,0.0,0.0,0.0,1.0,1,14167.0
0,1,22,9,212,5989,0,0,1,0,0,0,0,3,0.0,0.0,0.0,0.0,1.0,0.0,0.0,255,255,1.0,0.0,0.0,0.0,0.0,0.0,0.0,0,73793.0
0,1,22,5,0,0,0,0,0,0,0,0,0,251,1.0,1.0,0.0,0.0,0.04,0.06,0.0,255,10,0.04,0.08,0.0,0.0,1.0,1.0,0.0,1,74093.0
0,1,53,1,0,0,0,0,0,0,0,0,0,230,0.0,0.0,1.0,1.0,0.03,0.07,0.0,255,8,0.03,0.08,0.0,0.0,0.0,0.0,1.0,1,4670.0
0,1,22,9,348,8143,0,0,1,0,0,0,0,8,0.0,0.0,0.0,0.0,1.0,0.0,0.38,45,255,1.0,0.0,0.02,0.06,0.0,0.0,0.0,0,6304.0
0,2,11,9,44,74,0,0,0,0,0,0,0,123,0.0,0.0,0.0,0.0,0.99,0.02,0.02,255,254,1.0,0.01,0.0,0.0,0.0,0.0,0.0,0,18530.0
1,1,51,9,1579,331,0,0,1,0,0,0,0,1,0.0,0.0,0.0,0.0,1.0,0.0,0.0,95,178,0.81,0.05,0.01,0.01,0.0,0.0,0.0,0,107116.0
0,1,19,9,3775,0,0,0,1,0,0,0,0,20,0.0,0.0,0.0,0.0,1.0,0.0,0.0,255,76,0.3,0.02,0.14,0.0,0.64,0.54,0.0,0,120496.0
0,1,51,9,1066,286,0,0,1,0,0,0,0,2,0.0,0.0,0.0,0.0,0.5,1.0,0.0,160,144,0.55,0.04,0.01,0.01,0.0,0.0,0.0,0,39959.0
0,1,46,5,0,0,0,0,0,0,0,0,0,227,1.0,1.0,0.0,0.0,0.08,0.06,0.0,255,18,0.07,0.07,0.0,0.0,1.0,1.0,0.0,1,24670.0
12,1,57,9,141,1313,0,0,1,0,0,0,0,1,0.0,0.0,0.0,0.0,1.0,0.0,0.0,19,2,0.11,0.11,0.05,0.0,0.0,0.0,0.0,0,84082.0
0,1,22,9,306,1449,0,0,1,0,0,0,0,9,0.0,0.0,0.0,0.0,1.0,0.0,0.0,55,255,1.0,0.0,0.02,0.02,0.0,0.0,0.0,0,56327.0
0,1,25,5,0,0,0,0,0,0,0,0,0,246,1.0,1.0,0.0,0.0,0.01,0.06,0.0,255,2,0.01,0.07,0.0,0.0,1.0,1.0,0.0,1,113028.0
0,1,22,9,197,2280,0,0,1,0,0,0,0,21,0.0,0.0,0.0,0.0,1.0,0.0,0.08,62,115,1.0,0.0,0.02,0.09,0.0,0.0,0.0,0,109667.0
0,1,46,1,0,0,0,0,0,0,0,0,0,266,0.03,0.0,0.94,1.0,0.0,1.0,0.0,255,1,0.0,0.97,0.0,0.0,0.04,0.0,1.0,1,89939.0
0,1,22,9,249,3768,0,0,1,0,0,0,0,10,0.0,0.0,0.0,0.0,1.0,0.0,0.0,10,255,1.0,0.0,0.1,0.03,0.0,0.0,0.0,0,60086.0
0,2,11,9,44,113,0,0,0,0,0,0,0,1,0.0,0.0,0.0,0.0,1.0,0.0,0.75,134,120,0.9,0.02,0.01,0.0,0.0,0.0,0.0,0,89824.0
0,2,46,9,105,146,0,0,0,0,0,0,0,2,0.0,0.0,0.0,0.0,1.0,0.0,0.0,150,134,0.89,0.02,0.01,0.0,0.0,0.0,0.0,0,5882.0
0,2,11,9,46,133,0,0,0,0,0,0,0,81,0.0,0.0,0.0,0.0,1.0,0.0,0.01,255,255,1.0,0.0,0.0,0.0,0.0,0.0,0.0,0,51415.0
0,1,6,5,0,0,0,0,0,0,0,0,0,129,1.0,1.0,0.0,0.0,0.05,0.05,0.0,255,7,0.03,0.05,0.0,0.0,1.0,1.0,0.0,1,110334.0
0,1,22,9,426,526,0,0,1,0,0,0,0,1,0.0,0.0,0.0,0.0,1.0,0.0,0.0,21,255,1.0,0.0,0.05,0.06,0.05,0.01,0.01,0,86424.0
0,1,22,9,316,893,0,0,1,0,0,0,0,6,0.0,0.0,0.0,0.0,1.0,0.0,0.29,255,255,1.0,0.0,0.0,0.0,0.0,0.0,0.0,0,98348.0
0,0,13,9,30,0,0,0,0,0,0,0,0,1,0.0,0.0,0.0,0.0,1.0,0.0,0.0,55,90,0.98,0.04,0.98,0.21,0.0,0.0,0.0,0,38069.0
0,1,20,5,0,0,0,0,0,0,0,0,0,283,1.0,1.0,0.0,0.0,0.06,0.06,0.0,255,20,0.08,0.06,0.0,0.0,1.0,1.0,0.0,1,46653.0
0,1,46,5,0,0,0,0,0,0,0,0,0,198,1.0,1.0,0.0,0.0,0.1,0.06,0.0,255,3,0.01,0.08,0.0,0.0,1.0,1.0,0.0,1,10834.0
0,1,46,5,0,0,0,0,0,0,0,0,0,257,1.0,1.0,0.0,0.0,0.06,0.05,0.0,255,15,0.06,0.06,0.0,0.0,1.0,1.0,0.0,1,103847.0
0,1,22,9,220,731,0,0,1,0,0,0,0,10,0.0,0.0,0.0,0.0,1.0,0.0,0.0,114,124,1.0,0.0,0.01,0.02,0.01,0.01,0.0,0,32399.0
0,0,14,9,1032,0,0,0,0,0,0,0,0,509,0.0,0.0,0.0,0.0,1.0,0.0,0.0,255,200,0.78,0.14,0.78,0.0,0.0,0.0,0.0,1,45787.0
0,1,22,9,334,10594,0,0,1,0,0,0,0,14,0.0,0.0,0.0,0.0,1.0,0.0,0.08,17,255,1.0,0.0,0.06,0.02,0.0,0.0,0.0,0,123317.0
0,1,22,9,214,2540,0,0,1,0,0,0,0,15,0.0,0.0,0.0,0.0,1.0,0.0,0.17,38,255,1.0,0.0,0.03,0.01,0.0,0.0,0.0,0,43981.0
0,1,22,9,317,370,0,0,1,0,0,0,0,9,0.0,0.0,0.0,0.0,1.0,0.0,0.0,69,255,1.0,0.0,0.01,0.04,0.0,0.0,0.0,0,19918.0
0,2,46,9,28,0,3,0,0,0,0,0,0,85,0.01,0.0,0.01,0.0,0.98,0.04,0.0,255,83,0.33,0.02,0.33,0.0,0.0,0.0,0.0,1,78278.0
2,1,19,9,2194619,0,0,0,1,0,0,0,0,1,0.0,0.0,0.0,0.0,1.0,0.0,0.0,69,37,0.13,0.07,0.13,0.05,0.0,0.0,0.0,0,36437.0
0,1,22,9,235,3211,0,0,1,0,0,0,0,8,0.0,0.0,0.0,0.0,1.0,0.0,0.0,255,255,1.0,0.0,0.0,0.0,0.0,0.0,0.0,0,117045.0
0,0,14,9,1032,0,0,0,0,0,0,0,0,511,0.0,0.0,0.0,0.0,1.0,0.0,0.0,255,59,0.23,0.2,0.23,0.0,0.0,0.0,0.0,1,58374.0
46,1,22,9,338,238,0,0,1,0,0,0,0,1,0.0,0.0,0.0,0.0,1.0,0.0,0.3,97,255,1.0,0.0,0.01,0.07,0.0,0.0,0.02,0,117428.0
30,1,18,9,1501,4152,0,30,1,0,0,0,0,1,0.0,0.0,0.0,0.0,1.0,0.0,0.0,136,35,0.26,0.04,0.01,0.0,0.0,0.0,0.0,0,27717.0
0,1,19,9,334,0,0,0,1,0,0,0,0,2,0.0,0.0,0.0,0.0,1.0,0.0,0.0,7,39,1.0,0.0,1.0,0.13,0.0,0.0,0.0,1,117458.0
0,1,22,9,275,406,0,0,1,0,0,0,0,24,0.0,0.0,0.0,0.0,1.0,0.0,0.0,24,255,1.0,0.0,0.04,0.04,0.0,0.0,0.0,0,19211.0
0,2,11,9,45,74,0,0,0,0,0,0,0,263,0.0,0.0,0.0,0.0,1.0,0.0,0.0,255,254,1.0,0.01,0.0,0.0,0.0,0.0,0.0,0,72243.0
0,1,43,5,0,0,0,0,0,0,0,0,0,233,1.0,1.0,0.0,0.0,0.04,0.06,0.0,255,2,0.01,0.08,0.0,0.0,1.0,1.0,0.0,1,39756.0
14299,1,41,4,1,0,0,0,0,0,0,0,0,2,0.0,0.0,1.0,1.0,1.0,0.0,0.0,255,2,0.01,0.68,1.0,0.0,0.0,0.0,1.0,1,61748.0
0,1,66,5,0,0,0,0,0,0,0,0,0,283,1.0,1.0,0.0,0.0,0.07,0.06,0.0,255,19,0.07,0.08,0.0,0.0,1.0,1.0,0.0,1,40511.0
0,1,22,9,262,6604,0,0,1,0,0,0,0,2,0.0,0.0,0.0,0.0,1.0,0.0,0.0,255,255,1.0,0.0,0.0,0.0,0.0,0.0,0.0,0,19291.0
0,1,46,5,0,0,0,0,0,0,0,0,0,152,1.0,1.0,0.0,0.0,0.09,0.08,0.0,255,13,0.05,0.07,0.0,0.0,1.0,1.0,0.0,1,119778.0
0,1,22,9,238,1471,0,0,1,0,0,0,0,7,0.0,0.0,0.0,0.0,1.0,0.0,0.0,241,255,1.0,0.0,0.0,0.01,0.0,0.0,0.0,0,125166.0
0,1,19,6,2187080,0,0,0,1,0,0,0,0,2,0.5,0.5,0.0,0.0,1.0,0.0,0.0,173,101,0.58,0.07,0.64,0.0,0.01,0.02,0.0,0,18750.0
1,1,51,9,1458,332,0,0,1,0,0,0,0,1,0.0,0.0,0.0,0.0,1.0,0.0,1.0,189,156,0.68,0.02,0.01,0.01,0.0,0.0,0.0,0,3873.0
0,1,28,5,0,0,0,0,0,0,0,0,0,115,1.0,1.0,0.0,0.0,0.1,0.06,0.0,255,13,0.05,0.08,0.0,0.0,1.0,1.0,0.0,1,74265.0
0,1,22,9,236,1906,0,0,1,0,0,0,0,2,0.0,0.0,0.0,0.0,1.0,0.0,0.0,2,2,1.0,0.0,0.5,0.0,0.0,0.0,0.0,0,28271.0
0,1,22,1,0,0,0,0,0,0,0,0,0,1,0.0,0.0,1.0,1.0,1.0,0.0,0.0,10,255,1.0,0.0,0.1,0.06,0.0,0.0,0.41,0,1831.0
0,1,17,9,7,277,0,0,0,0,0,0,0,1,0.0,0.0,0.0,0.0,1.0,0.0,0.0,186,4,0.02,0.04,0.01,0.0,0.0,0.0,0.0,0,97821.0
0,2,11,9,42,78,0,0,0,0,0,0,0,181,0.0,0.0,0.0,0.0,1.0,0.0,0.0,255,199,0.78,0.01,0.0,0.0,0.0,0.0,0.0,0,52418.0
3,1,51,9,590,326,0,0,1,0,0,0,0,1,0.0,0.0,0.0,0.0,1.0,0.0,1.0,255,25,0.1,0.62,0.0,0.0,0.0,0.0,0.0,0,35146.0
0,1,22,9,308,1298,0,0,1,0,0,0,0,17,0.0,0.0,0.0,0.0,1.0,0.0,0.13,255,255,1.0,0.0,0.0,0.0,0.0,0.0,0.0,0,25065.0
0,1,46,5,0,0,0,0,0,0,0,0,0,124,1.0,1.0,0.0,0.0,0.06,0.06,0.0,255,10,0.04,0.08,0.0,0.0,1.0,1.0,0.0,1,89018.0
0,1,22,9,206,2523,0,0,1,0,0,0,0,6,0.0,0.0,0.0,0.0,1.0,0.0,0.0,6,255,1.0,0.0,0.17,0.05,0.0,0.01,0.0,0,70903.0
0,1,22,9,281,755,0,0,1,0,0,0,0,1,0.0,0.0,0.0,0.0,1.0,0.0,0.25,56,255,1.0,0.0,0.02,0.03,0.0,0.0,0.0,0,78421.0
0,1,17,5,0,0,0,0,0,0,0,0,0,61,1.0,1.0,0.0,0.0,0.25,0.07,0.0,255,56,0.22,0.03,0.02,0.0,1.0,1.0,0.0,1,14068.0
1,1,51,9,1105,331,0,0,1,0,0,0,0,1,0.0,0.0,0.0,0.0,1.0,0.0,1.0,74,178,0.78,0.04,0.01,0.01,0.0,0.0,0.0,0,27104.0
0,1,22,9,318,29098,0,0,1,0,0,0,0,2,0.0,0.0,0.0,0.0,1.0,0.0,0.0,255,255,1.0,0.0,0.0,0.0,0.0,0.0,0.0,0,90974.0
0,0,13,9,8,0,0,0,0,0,0,0,0,1,0.0,0.0,0.0,0.0,1.0,0.0,1.0,4,255,1.0,0.0,1.0,0.25,0.0,0.0,0.0,1,112105.0
0,1,22,9,212,392,0,0,1,0,0,0,0,7,0.0,0.0,0.0,0.0,1.0,0.0,0.0,255,255,1.0,0.0,0.0,0.0,0.0,0.0,0.0,0,84028.0
0,1,20,1,0,0,0,0,0,0,0,0,0,253,0.0,0.0,1.0,1.0,0.03,0.07,0.0,255,8,0.03,0.08,0.0,0.0,0.0,0.0,1.0,1,53336.0
0,0,13,9,18,0,0,0,0,0,0,0,0,1,0.0,0.0,0.0,0.0,1.0,0.0,0.0,1,223,1.0,0.0,1.0,1.0,0.0,0.0,0.0,1,124150.0
0,1,22,9,177,8654,0,0,1,0,0,0,0,4,0.0,0.0,0.0,0.0,1.0,0.0,0.0,49,255,1.0,0.0,0.02,0.02,0.0,0.0,0.02,0,46596.0
0,1,44,5,0,0,0,0,0,0,0,0,0,287,1.0,1.0,0.0,0.0,0.01,0.05,0.0,255,4,0.02,0.05,0.0,0.0,1.0,1.0,0.0,1,88906.0
0,1,22,9,143,21435,0,0,1,0,0,0,0,1,0.0,0.0,0.0,0.0,1.0,0.0,0.0,14,255,1.0,0.0,0.07,0.02,0.0,0.0,0.0,0,81312.0
0,1,48,1,0,0,0,0,0,0,0,0,0,272,0.0,0.0,1.0,1.0,0.02,0.06,0.0,255,6,0.02,0.07,0.0,0.0,0.0,0.0,1.0,1,26516.0
0,1,19,9,5891,0,0,0,1,0,0,0,0,1,0.0,0.0,0.0,0.0,1.0,0.0,0.0,243,63,0.23,0.02,0.23,0.03,0.0,0.0,0.0,0,15809.0
0,1,26,1,0,0,0,0,0,0,0,0,0,239,0.0,0.0,1.0,1.0,0.03,0.07,0.0,255,6,0.02,0.07,0.0,0.0,0.0,0.0,1.0,1,47553.0
0,1,46,5,0,0,0,0,0,0,0,0,0,130,1.0,1.0,0.0,0.0,0.12,0.05,0.0,255,16,0.06,0.04,0.0,0.0,1.0,1.0,0.0,1,37921.0
1,1,51,9,1295,366,0,0,1,0,0,0,0,1,0.0,0.0,0.0,0.0,1.0,0.0,0.0,204,131,0.5,0.02,0.0,0.02,0.0,0.0,0.0,0,83346.0
0,1,10,5,0,0,0,0,0,0,0,0,0,293,1.0,1.0,0.0,0.0,0.01,0.05,0.0,255,7,0.03,0.07,0.0,0.0,1.0,1.0,0.0,1,79632.0
0,1,22,9,217,1645,0,0,1,0,0,0,0,6,0.0,0.0,0.0,0.0,1.0,0.0,0.0,12,255,1.0,0.0,0.08,0.08,0.0,0.0,0.55,0,64481.0
0,0,13,9,8,0,0,0,0,0,0,0,0,1,0.0,0.0,0.0,0.0,1.0,0.0,1.0,1,73,1.0,0.0,1.0,0.26,0.0,0.0,0.0,1,40700.0
2,1,22,2,0,0,0,0,1,0,0,0,0,1,0.0,0.0,1.0,1.0,1.0,0.0,0.0,1,255,1.0,0.0,1.0,0.04,0.0,0.01,0.01,0,68342.0
0,1,46,1,0,0,0,0,0,0,0,0,0,134,0.0,0.0,1.0,1.0,0.14,0.06,0.0,255,8,0.03,0.07,0.0,0.0,0.0,0.0,1.0,1,65490.0
0,2,41,9,516,4,0,0,0,0,0,0,0,448,0.0,0.0,0.0,0.0,1.0,0.0,0.0,255,255,1.0,0.0,1.0,0.0,0.0,0.0,0.0,0,123306.0
0,1,22,9,224,338,0,0,1,0,0,0,0,1,0.0,0.0,0.0,0.0,1.0,0.0,0.67,1,96,1.0,0.0,1.0,0.14,0.0,0.01,0.0,0,92019.0
0,1,46,5,0,0,0,0,0,0,0,0,0,219,1.0,1.0,0.0,0.0,0.03,0.06,0.0,255,6,0.02,0.08,0.0,0.0,1.0,1.0,0.0,1,19691.0
0,1,22,9,244,960,0,0,1,0,0,0,0,3,0.0,0.0,0.0,0.0,1.0,0.0,0.18,224,255,1.0,0.0,0.0,0.02,0.0,0.0,0.0,0,13907.0
0,1,51,9,949,333,0,0,1,0,0,0,0,1,0.0,0.0,0.0,0.0,1.0,0.0,0.0,214,161,0.75,0.02,0.0,0.0,0.0,0.0,0.0,0,102061.0
4,1,51,9,924,330,0,0,1,0,0,0,0,1,0.0,0.0,0.0,0.0,1.0,0.0,1.0,162,145,0.64,0.04,0.01,0.01,0.0,0.0,0.0,0,46511.0
0,1,22,9,225,730,0,0,1,0,0,0,0,5,0.0,0.0,0.0,0.0,1.0,0.0,0.15,5,255,1.0,0.0,0.2,0.01,0.0,0.0,0.0,0,92255.0
0,1,46,5,0,0,0,0,0,0,0,0,0,138,1.0,1.0,0.0,0.0,0.13,0.05,0.0,255,2,0.01,0.08,0.0,0.0,1.0,1.0,0.0,1,40625.0
0,1,22,9,305,7066,0,0,1,0,0,0,0,19,0.0,0.0,0.0,0.0,1.0,0.0,0.0,19,255,1.0,0.0,0.05,0.04,0.0,0.01,0.0,0,15195.0
1,1,51,9,760,333,0,0,1,0,0,0,0,1,0.0,0.0,0.0,0.0,1.0,0.0,1.0,158,151,0.63,0.12,0.01,0.01,0.01,0.0,0.0,0,36078.0
0,1,22,5,0,0,0,0,0,0,0,0,0,1,1.0,1.0,0.0,0.0,1.0,0.0,0.0,1,255,1.0,0.0,1.0,0.06,1.0,0.0,0.0,0,54019.0
0,1,46,5,0,0,0,0,0,0,0,0,0,111,1.0,1.0,0.0,0.0,0.18,0.05,0.0,255,20,0.08,0.07,0.0,0.0,1.0,1.0,0.0,1,119591.0
0,1,16,5,0,0,0,0,0,0,0,0,0,33,1.0,1.0,0.0,0.0,0.33,0.09,0.0,255,11,0.04,0.07,0.0,0.0,1.0,1.0,0.0,1,45977.0
0,1,22,9,294,15376,0,0,1,0,0,0,0,4,0.0,0.0,0.0,0.0,1.0,0.0,0.0,255,255,1.0,0.0,0.0,0.0,0.0,0.0,0.0,0,83384.0
0,1,51,9,1761,331,0,0,1,0,0,0,0,1,0.0,0.0,0.0,0.0,1.0,0.0,0.0,9,135,0.33,0.22,0.11,0.03,0.0,0.0,0.0,0,106503.0
0,2,46,9,1,0,0,0,0,0,0,0,0,56,0.0,0.0,0.0,0.0,0.32,0.09,0.0,255,52,0.2,0.18,1.0,0.0,0.0,0.0,0.0,1,30382.0
0,1,22,9,287,925,0,0,1,0,0,0,0,5,0.0,0.0,0.0,0.0,1.0,0.0,0.0,17,105,1.0,0.0,0.06,0.05,0.0,0.0,0.0,0,6180.0
0,1,46,5,0,0,0,0,0,0,0,0,0,277,1.0,1.0,0.0,0.0,0.06,0.06,0.0,255,32,0.13,0.06,0.0,0.0,1.0,1.0,0.0,1,52666.0
0,1,22,9,291,1792,0,0,1,0,0,0,0,24,0.0,0.0,0.0,0.0,1.0,0.0,0.0,24,255,1.0,0.0,0.04,0.07,0.0,0.01,0.0,0,12507.0
0,1,22,9,168,740,0,0,1,0,0,0,0,2,0.0,0.0,0.0,0.0,1.0,0.0,0.0,10,255,1.0,0.0,0.1,0.02,0.0,0.0,0.0,0,59191.0
0,1,22,9,278,1413,0,0,1,0,0,0,0,5,0.0,0.0,0.0,0.0,1.0,0.0,0.0,11,40,1.0,0.0,0.09,0.15,0.0,0.0,0.0,0,39971.0
0,1,39,5,0,0,0,0,0,0,0,0,0,101,1.0,1.0,0.0,0.0,0.02,0.06,0.0,255,2,0.01,0.08,0.0,0.0,1.0,1.0,0.0,1,52158.0
0,1,46,5,0,0,0,0,0,0,0,0,0,131,1.0,1.0,0.0,0.0,0.15,0.05,0.0,87,3,0.03,0.13,0.01,0.0,1.0,1.0,0.0,1,52967.0
0,1,51,9,2103,338,0,0,1,0,0,0,0,1,0.0,0.0,0.0,0.0,1.0,0.0,0.0,65,138,0.54,0.08,0.02,0.01,0.0,0.0,0.0,0,37649.0
0,1,46,1,0,0,0,0,0,0,0,0,0,1,0.0,0.0,1.0,1.0,1.0,0.0,0.0,63,2,0.02,1.0,0.02,1.0,0.0,0.0,1.0,1,8903.0
0,1,22,9,306,259,0,0,1,0,0,0,0,3,0.0,0.0,0.0,0.0,1.0,0.0,0.5,3,201,1.0,0.0,0.33,0.03,0.0,0.0,0.0,0,15715.0
0,1,37,5,0,0,0,0,0,0,0,0,0,203,1.0,1.0,0.0,0.0,0.01,0.06,0.0,255,16,0.06,0.06,0.0,0.0,1.0,1.0,0.0,1,111648.0
32,1,18,9,1472,4152,0,30,1,0,0,0,0,1,0.0,0.0,0.0,0.0,1.0,0.0,0.0,137,31,0.23,0.03,0.01,0.0,0.0,0.0,0.0,0,101976.0
0,1,22,9,195,4648,0,0,1,0,0,0,0,19,0.0,0.0,0.0,0.0,1.0,0.0,0.1,21,255,1.0,0.0,0.05,0.02,0.0,0.0,0.0,0,60075.0
0,1,22,9,226,1645,0,0,1,0,0,0,0,5,0.0,0.0,0.0,0.0,1.0,0.0,0.0,79,255,1.0,0.0,0.01,0.03,0.0,0.0,0.0,0,71163.0
5561,2,41,9,147,105,0,0,0,0,0,0,0,1,0.0,0.0,0.0,0.0,1.0,0.0,0.0,255,3,0.01,0.78,0.99,0.0,0.0,0.0,0.0,0,89063.0
0,2,11,9,45,45,0,0,0,0,0,0,0,201,0.0,0.0,0.0,0.0,1.0,0.0,0.01,255,166,0.65,0.01,0.0,0.0,0.0,0.0,0.0,0,118875.0
0,1,51,9,1267,330,0,0,1,0,0,0,0,1,0.0,0.0,0.0,0.0,1.0,0.0,0.0,175,136,0.78,0.02,0.01,0.0,0.0,0.0,0.0,0,2015.0
1,1,51,9,1473,388,0,0,1,0,0,0,0,1,0.0,0.0,0.0,0.0,1.0,0.0,0.0,255,8,0.03,0.06,0.0,0.0,0.0,0.0,0.0,0,63494.0
0,1,22,1,0,0,0,0,0,0,0,0,0,1,0.0,0.0,1.0,1.0,1.0,0.0,0.0,13,94,1.0,0.0,0.08,0.31,0.0,0.0,1.0,0,6443.0
0,1,22,9,245,577,0,0,1,0,0,0,0,1,0.0,0.0,0.0,0.0,1.0,0.0,0.0,11,255,1.0,0.0,0.09,0.01,0.0,0.0,0.0,0,77296.0
0,1,19,9,167,0,0,0,0,0,0,0,0,2,0.0,0.0,0.0,0.0,1.0,0.0,0.0,129,48,0.29,0.03,0.29,0.04,0.0,0.0,0.0,0,9862.0
0,1,22,9,350,643,0,0,1,0,0,0,0,4,0.0,0.0,0.0,0.0,1.0,0.0,0.13,19,255,1.0,0.0,0.05,0.14,0.0,0.0,0.68,0,116969.0
1,1,46,4,0,0,0,0,0,0,0,0,0,10,0.0,0.0,1.0,1.0,0.2,0.5,0.0,180,2,0.01,0.04,0.06,0.0,0.01,0.0,1.0,1,122186.0
0,1,22,9,312,1325,0,0,1,0,0,0,0,6,0.0,0.0,0.0,0.0,1.0,0.0,0.0,255,255,1.0,0.0,0.0,0.0,0.0,0.0,0.0,0,40071.0
0,1,46,5,0,0,0,0,0,0,0,0,0,251,1.0,1.0,0.0,0.0,0.08,0.06,0.0,255,19,0.07,0.05,0.0,0.0,1.0,1.0,0.0,1,59420.0
0,1,22,9,298,1896,0,0,1,0,0,0,0,3,0.0,0.0,0.0,0.0,1.0,0.0,0.0,3,255,1.0,0.0,0.33,0.01,0.0,0.0,0.0,0,63284.0
0,1,57,5,0,0,0,0,0,0,0,0,0,13,1.0,1.0,0.0,0.0,0.23,0.31,0.0,255,32,0.13,0.05,0.01,0.0,1.0,1.0,0.0,1,14323.0
3,1,60,9,0,4,0,0,0,0,0,0,0,1,0.0,0.0,0.0,0.0,1.0,0.0,0.0,16,16,1.0,0.0,0.06,0.0,0.0,0.0,0.0,0,28852.0
0,1,22,9,260,9584,0,0,1,0,0,0,0,5,0.0,0.0,0.0,0.0,1.0,0.0,0.0,255,255,1.0,0.0,0.0,0.0,0.0,0.0,0.0,0,101074.0
0,1,22,9,214,1502,0,0,1,0,0,0,0,13,0.0,0.0,0.0,0.0,1.0,0.0,0.12,92,255,1.0,0.0,0.01,0.04,0.0,0.04,0.0,0,67249.0
0,1,22,9,287,420,0,0,1,0,0,0,0,8,0.0,0.0,0.0,0.0,1.0,0.0,0.0,255,255,1.0,0.0,0.0,0.0,0.0,0.0,0.0,0,54445.0
0,0,13,9,8,0,0,0,0,0,0,0,0,1,0.0,0.0,0.0,0.0,1.0,0.0,1.0,1,255,1.0,0.0,1.0,0.25,0.0,0.0,0.0,1,87269.0
0,0,14,9,1032,0,0,0,0,0,0,0,0,3,0.0,0.0,0.0,0.0,1.0,0.0,0.0,255,146,0.57,0.01,0.57,0.0,0.0,0.0,0.0,0,92003.0
0,1,49,5,0,0,0,0,0,0,0,0,0,213,1.0,1.0,0.0,0.0,0.03,0.05,0.0,255,7,0.03,0.05,0.0,0.0,1.0,1.0,0.0,1,78986.0
0,1,22,9,335,870,0,0,1,0,0,0,0,23,0.0,0.0,0.0,0.0,1.0,0.0,0.0,255,255,1.0,0.0,0.0,0.0,0.0,0.0,0.0,0,64790.0
0,1,46,5,0,0,0,0,0,0,0,0,0,248,1.0,1.0,0.0,0.0,0.02,0.06,0.0,255,16,0.06,0.08,0.0,0.0,1.0,1.0,0.0,1,107806.0
0,1,22,9,294,1495,0,0,1,0,0,0,0,3,0.0,0.0,0.0,0.0,1.0,0.0,0.0,81,255,1.0,0.0,0.01,0.04,0.0,0.0,0.0,0,52325.0
10,1,3,9,9,38,0,0,1,0,0,0,0,1,0.0,0.0,0.0,0.0,1.0,0.0,0.0,245,12,0.05,0.02,0.0,0.0,0.0,0.0,0.0,0,72696.0
0,1,22,9,177,22526,0,0,1,0,0,0,0,1,0.0,0.0,0.0,0.0,1.0,0.0,0.0,255,255,1.0,0.0,0.0,0.0,0.0,0.0,0.0,0,39501.0
0,0,13,9,18,0,0,0,0,0,0,0,0,1,0.0,0.0,0.0,0.0,1.0,0.0,0.0,4,140,1.0,0.0,1.0,0.25,0.0,0.0,0.0,1,42627.0
1,1,51,9,2152,332,0,0,1,0,0,0,0,1,0.0,0.0,0.0,0.0,1.0,0.0,1.0,96,147,0.55,0.03,0.01,0.01,0.0,0.0,0.0,0,32062.0
0,2,11,9,42,70,0,0,0,0,0,0,0,132,0.0,0.0,0.0,0.0,1.0,0.0,0.0,255,224,0.88,0.01,0.0,0.0,0.0,0.0,0.0,0,13448.0
0,1,18,5,0,0,0,0,0,0,0,0,0,267,1.0,1.0,0.0,0.0,0.02,0.06,0.0,255,16,0.06,0.07,0.0,0.0,1.0,1.0,0.0,1,99110.0
0,1,53,5,0,0,0,0,0,0,0,0,0,100,1.0,1.0,0.0,0.0,0.07,0.05,0.0,255,7,0.03,0.06,0.0,0.0,1.0,1.0,0.0,1,761.0
0,1,22,9,364,1596,0,0,1,0,0,0,0,3,0.0,0.0,0.0,0.0,1.0,0.0,0.25,255,255,1.0,0.0,0.0,0.0,0.0,0.0,0.0,0,120980.0
0,1,22,9,258,9692,0,0,1,0,0,0,0,1,0.0,0.0,0.0,0.0,1.0,0.0,0.0,36,255,1.0,0.0,0.03,0.07,0.0,0.01,0.01,0,26316.0
0,1,22,9,354,1127,0,0,1,0,0,0,0,13,0.0,0.03,0.08,0.03,1.0,0.0,0.09,255,255,1.0,0.0,0.0,0.0,0.0,0.0,0.0,0,29872.0
0,2,11,9,44,115,0,0,0,0,0,0,0,2,0.0,0.0,0.0,0.0,1.0,0.0,0.5,255,240,0.94,0.01,0.0,0.0,0.0,0.0,0.0,0,5599.0
5,1,46,9,473,1,0,0,1,0,0,0,0,1,0.0,0.0,0.0,0.0,1.0,0.0,0.0,2,1,0.5,1.0,0.5,0.0,0.0,0.0,0.0,0,123526.0
0,1,22,9,295,441,0,0,1,0,0,0,0,23,0.0,0.0,0.0,0.0,1.0,0.0,0.0,23,23,1.0,0.0,0.04,0.0,0.0,0.0,0.0,0,65955.0
0,1,46,5,0,0,0,0,0,0,0,0,0,103,1.0,1.0,0.0,0.0,0.04,0.06,0.0,255,15,0.06,0.07,0.0,0.0,1.0,1.0,0.0,1,40623.0
0,1,51,9,920,333,0,0,1,0,0,0,0,1,0.0,0.0,0.0,0.0,1.0,0.0,0.0,210,161,0.7,0.03,0.0,0.01,0.0,0.0,0.0,0,45424.0
0,2,11,9,42,42,0,0,0,0,0,0,0,7,0.0,0.0,0.0,0.0,1.0,0.0,0.15,255,150,0.59,0.01,0.0,0.0,0.0,0.0,0.0,0,88881.0
0,2,11,9,45,79,0,0,0,0,0,0,0,146,0.0,0.0,0.0,0.0,1.0,0.0,0.0,255,254,1.0,0.01,0.0,0.0,0.0,0.0,0.0,0,36925.0
0,1,46,5,0,0,0,0,0,0,0,0,0,106,1.0,1.0,0.0,0.0,0.19,0.08,0.0,255,20,0.08,0.07,0.0,0.0,1.0,1.0,0.0,1,62818.0
0,1,25,5,0,0,0,0,0,0,0,0,0,254,1.0,1.0,0.0,0.0,0.0,0.06,0.0,255,2,0.01,0.08,0.0,0.0,1.0,1.0,0.0,1,106160.0
0,1,65,5,0,0,0,0,0,0,0,0,0,294,1.0,1.0,0.0,0.0,0.04,0.05,0.0,255,12,0.05,0.05,0.0,0.0,1.0,1.0,0.0,1,16308.0
0,1,6,5,0,0,0,0,0,0,0,0,0,241,1.0,1.0,0.0,0.0,0.04,0.06,0.0,255,9,0.04,0.07,0.0,0.0,1.0,1.0,0.0,1,96491.0
0,1,22,9,335,444,0,0,1,0,0,0,0,15,0.0,0.0,0.0,0.0,1.0,0.0,0.0,255,255,1.0,0.0,0.0,0.0,0.0,0.0,0.0,0,26132.0
0,1,22,9,310,2458,0,0,1,0,0,0,0,10,0.0,0.0,0.0,0.0,1.0,0.0,0.0,10,255,1.0,0.0,0.1,0.02,0.0,0.0,0.0,0,111211.0
0,1,22,5,0,0,0,0,0,0,0,0,0,1,1.0,1.0,0.0,0.0,1.0,0.0,0.0,1,6,1.0,0.0,1.0,0.67,1.0,0.17,0.83,0,39548.0
0,1,22,9,338,263,0,0,1,0,0,0,0,32,0.0,0.0,0.0,0.0,1.0,0.0,0.09,255,255,1.0,0.0,0.0,0.0,0.0,0.0,0.0,0,63718.0
0,1,25,1,0,0,0,0,0,0,0,0,0,277,0.0,0.0,1.0,1.0,0.04,0.06,0.0,255,12,0.05,0.08,0.0,0.0,0.0,0.0,1.0,1,26686.0
0,1,17,9,8,173,0,0,0,0,0,0,0,1,0.0,0.0,0.0,0.0,1.0,0.0,0.0,90,6,0.04,0.03,0.01,0.5,0.0,0.17,0.0,0,13973.0
0,1,22,9,147,4097,0,0,1,0,0,0,0,1,0.0,0.0,0.0,0.0,1.0,0.0,0.0,42,255,1.0,0.0,0.02,0.02,0.02,0.02,0.0,0,64564.0
0,1,51,9,1094,324,0,0,1,0,0,0,0,1,0.0,0.0,0.0,0.0,1.0,0.0,0.0,87,195,0.78,0.05,0.01,0.01,0.0,0.0,0.0,0,59557.0
0,1,22,9,223,1719,0,0,1,0,0,0,0,13,0.0,0.0,0.0,0.0,1.0,0.0,0.11,251,255,1.0,0.0,0.0,0.01,0.0,0.0,0.0,0,51180.0
0,1,46,5,0,0,0,0,0,0,0,0,0,132,1.0,1.0,0.0,0.0,0.07,0.06,0.0,255,5,0.02,0.07,0.0,0.0,1.0,1.0,0.0,1,97606.0
0,1,22,9,294,997,0,0,1,0,0,0,0,16,0.0,0.0,0.0,0.0,1.0,0.0,0.0,10,255,1.0,0.0,0.1,0.04,0.0,0.0,0.0,0,88002.0
0,1,46,5,0,0,0,0,0,0,0,0,0,205,1.0,1.0,0.0,0.0,0.03,0.06,0.0,255,5,0.02,0.08,0.0,0.0,1.0,1.0,0.0,1,70253.0
0,2,11,9,44,130,0,0,0,0,0,0,0,236,0.0,0.0,0.0,0.0,1.0,0.0,0.0,255,252,0.99,0.01,0.0,0.0,0.0,0.0,0.0,0,121992.0
0,1,22,9,229,318,0,0,1,0,0,0,0,4,0.0,0.0,0.0,0.0,1.0,0.0,0.1,134,255,1.0,0.0,0.01,0.01,0.01,0.0,0.0,0,98898.0
0,1,60,5,0,0,0,0,0,0,0,0,0,271,1.0,1.0,0.0,0.0,0.07,0.06,0.0,255,20,0.08,0.07,0.0,0.0,1.0,1.0,0.0,1,115735.0
0,1,22,9,241,5976,0,0,1,0,0,0,0,33,0.0,0.0,0.0,0.0,1.0,0.0,0.0,194,255,1.0,0.0,0.01,0.02,0.0,0.0,0.0,0,41274.0
0,1,60,5,0,0,0,0,0,0,0,0,0,229,1.0,1.0,0.0,0.0,0.04,0.07,0.0,255,9,0.04,0.08,0.0,0.0,1.0,1.0,0.0,1,104141.0
0,1,19,9,2105,0,0,0,1,0,0,0,0,1,0.0,0.0,0.0,0.0,1.0,0.0,0.0,8,61,0.5,0.25,0.5,0.03,0.0,0.0,0.0,0,124754.0
0,1,46,5,0,0,0,0,0,0,0,0,0,93,1.0,1.0,0.0,0.0,0.11,0.06,0.0,255,11,0.04,0.07,0.0,0.0,1.0,1.0,0.0,1,11053.0
0,1,22,9,213,1937,0,0,1,0,0,0,0,18,0.0,0.0,0.0,0.0,1.0,0.0,0.11,47,255,1.0,0.0,0.02,0.03,0.0,0.0,0.0,0,30628.0
0,1,22,9,282,6107,0,0,1,0,0,0,0,7,0.0,0.0,0.0,0.0,1.0,0.0,0.0,7,255,1.0,0.0,0.14,0.01,0.0,0.0,0.0,0,25192.0
0,1,19,9,12,0,0,0,1,0,0,0,0,1,0.0,0.0,0.0,0.0,1.0,0.0,0.0,79,24,0.3,0.05,0.3,0.0,0.0,0.0,0.0,0,970.0
2638,2,41,9,145,105,0,0,0,0,0,0,0,1,0.0,0.0,0.0,0.0,1.0,0.0,0.0,255,1,0.0,0.87,0.99,0.0,0.0,0.0,0.0,0,9490.0
0,1,22,9,234,674,0,0,1,0,0,0,0,19,0.0,0.0,0.0,0.0,1.0,0.0,0.0,39,255,1.0,0.0,0.03,0.06,0.0,0.0,0.0,0,98290.0
0,1,19,9,2056,0,0,0,1,0,0,0,0,7,0.0,0.0,0.0,0.0,1.0,0.0,0.0,255,117,0.46,0.02,0.46,0.0,0.0,0.0,0.0,0,43625.0
0,2,11,9,46,75,0,0,0,0,0,0,0,160,0.0,0.0,0.0,0.0,1.0,0.0,0.0,255,225,0.88,0.01,0.0,0.0,0.0,0.0,0.0,0,29723.0
40,1,18,9,327,1054,0,6,1,0,0,0,0,1,0.0,0.0,0.0,0.0,1.0,0.0,0.0,47,7,0.15,0.06,0.02,0.0,0.0,0.0,0.0,0,84827.0
0,1,22,5,0,0,0,0,0,0,0,0,0,6,1.0,1.0,0.0,0.0,0.5,0.33,0.0,255,58,0.23,0.04,0.0,0.0,1.0,1.0,0.0,1,9595.0
0,0,13,9,8,0,0,0,0,0,0,0,0,1,0.0,0.0,0.0,0.0,1.0,0.0,1.0,1,129,1.0,0.0,1.0,0.51,0.0,0.0,0.0,1,100139.0
0,1,12,5,0,0,0,0,0,0,0,0,0,296,1.0,1.0,0.0,0.0,0.04,0.05,0.0,255,11,0.04,0.05,0.0,0.0,1.0,1.0,0.0,1,2139.0
0,1,32,5,0,0,0,0,0,0,0,0,0,54,1.0,1.0,0.0,0.0,0.06,0.09,0.0,255,3,0.01,0.07,0.0,0.0,1.0,1.0,0.0,1,120768.0
0,1,29,5,0,0,0,0,0,0,0,0,0,146,1.0,1.0,0.0,0.0,0.12,0.05,0.0,255,6,0.02,0.07,0.0,0.0,1.0,1.0,0.0,1,97692.0
0,1,17,9,10,226,0,0,0,0,0,0,0,1,0.0,0.0,0.0,0.0,1.0,0.0,0.0,153,7,0.03,0.03,0.01,0.29,0.0,0.0,0.0,0,54814.0
0,1,22,9,338,3200,0,0,1,0,0,0,0,10,0.0,0.0,0.0,0.0,1.0,0.0,0.0,255,255,1.0,0.0,0.0,0.0,0.0,0.0,0.0,0,47903.0
0,1,3,1,0,0,0,0,0,0,0,0,0,269,0.0,0.0,1.0,1.0,0.07,0.06,0.0,255,20,0.08,0.07,0.0,0.0,0.0,0.0,1.0,1,18561.0
0,1,41,1,0,0,0,0,0,0,0,0,0,511,0.15,0.0,0.85,1.0,0.0,1.0,0.0,255,1,0.0,1.0,0.0,0.0,0.15,0.0,1.0,1,81335.0
0,0,13,9,8,0,0,0,0,0,0,0,0,1,0.0,0.0,0.0,0.0,1.0,0.0,1.0,2,110,1.0,0.0,1.0,0.51,0.0,0.0,0.0,1,123904.0
0,0,14,9,1480,0,1,0,0,0,0,0,0,14,0.0,0.0,0.0,0.0,1.0,0.0,0.0,255,15,0.06,0.08,0.06,0.0,0.56,0.0,0.0,0,45214.0
0,2,11,9,46,128,0,0,0,0,0,0,0,216,0.0,0.0,0.0,0.0,1.0,0.01,0.01,218,179,0.82,0.01,0.0,0.0,0.0,0.0,0.0,0,32156.0
0,1,22,5,0,0,0,0,0,0,0,0,0,79,1.0,1.0,0.0,0.0,0.25,0.05,0.0,255,60,0.24,0.02,0.01,0.0,1.0,1.0,0.0,1,57003.0
0,0,14,9,1032,0,0,0,0,0,0,0,0,511,0.0,0.0,0.0,0.0,1.0,0.0,0.0,255,174,0.68,0.16,0.68,0.0,0.0,0.0,0.0,1,77268.0
27,1,18,9,1495,4152,0,30,1,0,0,0,0,1,0.0,0.0,0.0,0.0,1.0,0.0,0.0,47,17,0.36,0.09,0.02,0.0,0.0,0.0,0.0,0,92715.0
0,1,22,9,221,3127,0,0,1,0,0,0,0,5,0.0,0.0,0.0,0.0,1.0,0.0,0.13,255,255,1.0,0.0,0.0,0.0,0.0,0.0,0.0,0,55161.0
0,1,27,5,0,0,0,0,0,0,0,0,0,99,1.0,1.0,0.0,0.0,0.01,0.07,0.0,255,1,0.0,0.07,0.0,0.0,1.0,1.0,0.0,1,85657.0
0,1,22,9,307,3731,0,0,1,0,0,0,0,7,0.0,0.0,0.0,0.0,1.0,0.0,0.0,53,255,1.0,0.0,0.02,0.03,0.0,0.0,0.0,0,55070.0
0,2,11,9,46,145,0,0,0,0,0,0,0,279,0.0,0.0,0.0,0.0,1.0,0.01,0.0,255,251,0.98,0.01,0.0,0.0,0.0,0.0,0.0,0,73340.0
0,0,14,9,1480,0,1,0,0,0,0,0,0,1,0.0,0.0,0.0,0.0,1.0,0.0,0.67,1,17,1.0,0.0,1.0,0.53,0.0,0.0,0.0,0,35428.0
0,1,19,9,748,0,0,0,0,0,0,0,0,1,0.0,0.0,0.0,0.0,1.0,0.0,0.0,154,76,0.38,0.02,0.38,0.03,0.01,0.01,0.0,0,125267.0
0,0,14,9,30,0,0,0,0,0,0,0,0,1,0.0,0.0,0.0,0.0,1.0,0.0,0.0,24,24,1.0,0.0,1.0,0.0,0.0,0.0,0.0,0,80583.0
0,1,22,9,325,6194,0,0,1,0,0,0,0,10,0.0,0.0,0.0,0.0,1.0,0.0,0.0,37,255,1.0,0.0,0.03,0.03,0.0,0.0,0.0,0,103007.0
0,1,46,5,0,0,0,0,0,0,0,0,0,116,1.0,1.0,0.0,0.0,0.15,0.05,0.0,255,16,0.06,0.07,0.0,0.0,1.0,1.0,0.0,1,29660.0
0,1,37,5,0,0,0,0,0,0,0,0,0,144,1.0,1.0,0.0,0.0,0.16,0.05,0.0,255,22,0.09,0.06,0.0,0.0,1.0,1.0,0.0,1,9429.0
0,1,22,9,248,6356,0,0,1,0,0,0,0,7,0.0,0.0,0.0,0.0,1.0,0.0,0.0,255,255,1.0,0.0,0.0,0.0,0.0,0.0,0.0,0,15380.0
1216,2,41,9,146,105,0,0,0,0,0,0,0,2,0.0,0.0,0.0,0.0,1.0,0.0,0.0,255,2,0.01,0.53,0.79,0.0,0.0,0.0,0.0,0,88113.0
0,1,22,9,280,604,0,0,1,0,0,0,0,19,0.0,0.0,0.0,0.0,1.0,0.0,0.1,19,255,1.0,0.0,0.05,0.04,0.0,0.0,0.0,0,113034.0
28055,1,0,4,4007,12133,0,0,1,0,0,0,0,1,0.0,0.0,1.0,1.0,1.0,0.0,0.0,36,11,0.31,0.06,0.03,0.0,0.0,0.0,0.64,0,66120.0
0,1,22,1,0,0,0,0,0,0,0,0,0,1,0.0,0.0,1.0,1.0,1.0,0.0,0.0,65,169,1.0,0.0,0.02,0.04,0.0,0.0,1.0,0,23258.0
0,1,22,5,0,0,0,0,0,0,0,0,0,19,0.95,1.0,0.05,0.0,0.95,0.11,0.0,255,56,0.22,0.04,0.0,0.0,1.0,1.0,0.0,1,124884.0
0,1,22,9,343,9534,0,0,1,0,0,0,0,3,0.0,0.0,0.0,0.0,1.0,0.0,0.1,255,255,1.0,0.0,0.0,0.0,0.0,0.0,0.0,0,25768.0
0,0,14,9,1032,0,0,0,0,0,0,0,0,104,0.0,0.0,0.0,0.0,1.0,0.0,0.0,255,104,0.41,0.02,0.41,0.0,0.0,0.0,0.0,1,97896.0
0,1,22,6,306,36315,0,0,1,0,0,0,0,1,1.0,1.0,0.0,0.0,1.0,0.0,0.0,255,255,1.0,0.0,0.0,0.0,0.0,0.0,0.0,0,34911.0
0,1,32,5,0,0,0,0,0,0,0,0,0,268,1.0,1.0,0.0,0.0,0.02,0.06,0.0,255,5,0.02,0.09,0.0,0.0,1.0,1.0,0.0,1,14656.0
0,1,46,1,0,0,0,0,0,0,0,0,0,121,0.0,0.0,1.0,1.0,0.17,0.07,0.0,255,20,0.08,0.06,0.0,0.0,0.0,0.0,1.0,1,5702.0
1,1,46,3,0,0,0,0,0,0,0,0,0,70,0.0,0.0,1.0,1.0,0.01,0.54,0.0,240,1,0.0,0.16,0.29,0.0,0.01,0.0,1.0,1,20511.0
0,0,13,9,8,0,0,0,0,0,0,0,0,1,0.0,0.0,0.0,0.0,1.0,0.0,1.0,1,31,1.0,0.0,1.0,0.55,0.0,0.0,0.0,1,108970.0
0,1,41,1,0,0,0,0,0,0,0,0,0,511,0.08,0.0,0.9,1.0,0.0,1.0,0.0,255,1,0.0,1.0,0.0,0.0,0.09,0.0,1.0,1,34963.0
0,1,19,9,3676,0,0,0,1,0,0,0,0,11,0.0,0.0,0.0,0.0,1.0,0.0,0.0,60,55,0.28,0.08,0.28,0.04,0.0,0.02,0.0,0,61713.0
0,2,41,9,516,4,0,0,0,0,0,0,0,462,0.0,0.0,0.0,0.0,1.0,0.0,0.0,255,255,1.0,0.0,1.0,0.0,0.0,0.0,0.0,0,88619.0
0,0,14,9,30,0,0,0,0,0,0,0,0,1,0.0,0.0,0.0,0.0,1.0,0.0,0.0,62,63,1.0,0.0,1.0,0.03,0.0,0.0,0.0,0,88400.0
0,1,22,9,241,349,0,0,1,0,0,0,0,18,0.0,0.0,0.0,0.0,1.0,0.0,0.0,166,255,1.0,0.0,0.01,0.03,0.0,0.0,0.01,0,27049.0
0,2,11,9,44,73,0,0,0,0,0,0,0,243,0.0,0.0,0.0,0.0,1.0,0.01,0.01,255,254,1.0,0.01,0.0,0.0,0.0,0.0,0.0,0,106582.0
0,1,32,1,0,0,0,0,0,0,0,0,0,272,0.0,0.0,1.0,1.0,0.03,0.06,0.0,255,8,0.03,0.07,0.0,0.0,0.0,0.0,1.0,1,67089.0
0,1,12,5,0,0,0,0,0,0,0,0,0,203,1.0,1.0,0.0,0.0,0.07,0.05,0.0,255,14,0.05,0.05,0.0,0.0,1.0,1.0,0.0,1,88448.0
0,1,57,5,0,0,0,0,0,0,0,0,0,80,0.99,1.0,0.01,0.0,0.25,0.06,0.0,255,38,0.15,0.05,0.0,0.0,1.0,1.0,0.0,1,82046.0
0,1,22,9,297,3992,0,0,1,0,0,0,0,2,0.0,0.0,0.0,0.0,1.0,0.0,0.0,255,255,1.0,0.0,0.0,0.0,0.01,0.01,0.02,0,37398.0
0,0,62,9,78,0,0,0,0,0,0,0,0,21,0.0,0.0,0.0,0.0,0.1,0.1,0.0,255,9,0.04,0.01,0.04,0.0,0.0,0.0,0.0,0,12193.0
0,2,11,9,44,70,0,0,0,0,0,0,0,19,0.0,0.0,0.0,0.0,1.0,0.0,0.03,255,254,1.0,0.01,0.0,0.0,0.0,0.0,0.0,0,16646.0
0,0,62,9,78,0,0,0,0,0,0,0,0,37,0.0,0.0,0.0,0.0,0.16,0.05,0.29,255,30,0.12,0.01,0.12,0.0,0.0,0.0,0.0,0,6852.0
0,1,31,5,0,0,0,0,0,0,0,0,0,148,1.0,1.0,0.0,0.0,0.07,0.05,0.0,255,11,0.04,0.04,0.0,0.0,1.0,1.0,0.0,1,20070.0
0,1,46,5,0,0,0,0,0,0,0,0,0,210,1.0,1.0,0.0,0.0,0.06,0.06,0.0,255,13,0.05,0.07,0.0,0.0,1.0,1.0,0.0,1,1007.0
0,2,11,9,44,70,0,0,0,0,0,0,0,207,0.0,0.0,0.0,0.0,1.0,0.0,0.0,255,255,1.0,0.0,0.01,0.0,0.0,0.0,0.0,0,8326.0
0,0,14,9,1032,0,0,0,0,0,0,0,0,509,0.0,0.0,0.0,0.0,1.0,0.0,0.0,255,145,0.57,0.01,0.57,0.0,0.0,0.0,0.0,1,50622.0
63,2,11,9,52,45,0,0,0,0,0,0,0,2,0.0,0.0,0.0,0.0,0.5,1.0,0.0,138,92,0.67,0.01,0.63,0.0,0.0,0.0,0.0,0,100126.0
0,1,22,9,309,2112,0,0,1,0,0,0,0,9,0.0,0.0,0.0,0.0,1.0,0.0,0.14,212,255,1.0,0.0,0.0,0.01,0.0,0.0,0.0,0,91947.0
0,1,19,5,0,0,0,0,0,0,0,0,0,33,1.0,1.0,0.0,0.0,0.39,0.06,0.0,255,13,0.05,0.06,0.01,0.0,1.0,1.0,0.0,1,122061.0
0,1,22,9,201,1058,0,0,1,0,0,0,0,7,0.0,0.0,0.0,0.0,1.0,0.0,0.21,175,255,1.0,0.0,0.01,0.01,0.0,0.0,0.0,0,24283.0
0,1,22,9,311,2431,0,0,1,0,0,0,0,2,0.0,0.0,0.0,0.0,1.0,0.0,0.67,45,255,1.0,0.0,0.02,0.03,0.0,0.0,0.0,0,90593.0
0,1,4,5,0,0,0,0,0,0,0,0,0,297,1.0,1.0,0.0,0.0,0.08,0.05,0.0,255,25,0.1,0.05,0.0,0.0,1.0,1.0,0.0,1,19667.0
31,1,18,9,902,2720,0,19,1,0,0,0,0,1,0.0,0.0,0.0,0.0,1.0,0.0,0.0,233,54,0.23,0.02,0.0,0.0,0.0,0.0,0.11,0,80021.0
0,1,46,5,0,0,0,0,0,0,0,0,0,175,1.0,1.0,0.0,0.0,0.06,0.07,0.0,255,10,0.04,0.09,0.0,0.0,1.0,1.0,0.0,1,29975.0
12,1,19,9,7045,0,0,0,1,0,0,0,0,1,0.0,0.0,0.0,0.0,1.0,0.0,0.0,1,9,1.0,0.0,1.0,0.22,0.0,0.0,0.0,0,81087.0
0,1,31,5,0,0,0,0,0,0,0,0,0,105,1.0,1.0,0.0,0.0,0.22,0.06,0.0,255,23,0.09,0.06,0.0,0.0,1.0,1.0,0.0,1,48819.0
0,0,13,9,8,0,0,0,0,0,0,0,0,1,0.0,0.0,0.0,0.0,1.0,0.0,1.0,4,152,1.0,0.0,1.0,0.25,0.0,0.0,0.0,1,37132.0
0,2,11,9,46,46,0,0,0,0,0,0,0,66,0.0,0.0,0.0,0.0,1.0,0.0,0.01,255,255,1.0,0.0,0.01,0.0,0.0,0.0,0.0,0,60066.0
0,1,46,5,0,0,0,0,0,0,0,0,0,131,1.0,1.0,0.0,0.0,0.07,0.06,0.0,34,9,0.26,0.12,0.03,0.0,1.0,1.0,0.0,1,22496.0
27321,1,46,4,1,0,0,0,0,0,0,0,0,2,0.0,0.0,1.0,1.0,1.0,0.0,0.0,255,2,0.01,0.74,1.0,0.0,0.0,0.0,1.0,1,112354.0
0,2,41,9,516,4,0,0,0,0,0,0,0,318,0.0,0.0,0.0,0.0,1.0,0.0,0.0,255,255,1.0,0.0,1.0,0.0,0.0,0.0,0.0,0,48598.0
0,1,46,1,0,0,0,0,0,0,0,0,0,511,0.08,0.0,0.9,1.0,0.0,1.0,0.0,255,1,0.0,1.0,0.0,0.0,0.08,0.0,1.0,1,19632.0
0,1,35,5,0,0,0,0,0,0,0,0,0,210,1.0,1.0,0.0,0.0,0.1,0.06,0.0,255,22,0.09,0.06,0.0,0.0,1.0,1.0,0.0,1,103717.0
0,1,22,9,258,471,0,0,1,0,0,0,0,17,0.0,0.0,0.0,0.0,1.0,0.0,0.0,78,255,1.0,0.0,0.01,0.03,0.0,0.0,0.0,0,18872.0
0,1,19,9,748,0,0,0,1,0,0,9,0,1,0.0,0.0,0.0,0.0,1.0,0.0,0.0,10,147,0.1,0.3,0.1,0.01,0.0,0.0,0.0,0,104100.0
0,2,41,9,516,4,0,0,0,0,0,0,0,416,0.0,0.0,0.0,0.0,1.0,0.0,0.0,255,255,1.0,0.0,1.0,0.0,0.0,0.0,0.0,0,104092.0
0,1,22,9,324,3198,0,0,1,0,0,0,0,1,0.0,0.0,0.0,0.0,1.0,0.0,0.14,75,255,1.0,0.0,0.01,0.04,0.0,0.0,0.0,0,47502.0
0,1,46,5,0,0,0,0,0,0,0,0,0,276,1.0,1.0,0.0,0.0,0.0,0.06,0.0,255,20,0.08,0.07,0.0,0.0,1.0,1.0,0.0,1,110689.0
0,1,22,9,345,10773,0,0,1,0,0,0,0,24,0.0,0.0,0.0,0.0,1.0,0.0,0.0,240,255,1.0,0.0,0.0,0.01,0.0,0.0,0.0,0,116087.0
0,1,46,4,0,0,0,0,0,0,0,0,0,1,0.0,0.0,1.0,1.0,1.0,0.0,0.0,143,1,0.01,0.1,0.16,0.0,0.0,0.0,1.0,1,58111.0
0,1,22,9,218,802,0,0,1,0,0,0,0,11,0.0,0.0,0.0,0.0,1.0,0.0,0.26,12,255,1.0,0.0,0.08,0.02,0.0,0.0,0.0,0,41506.0
0,1,22,1,0,0,0,0,0,0,0,0,0,1,0.0,0.0,1.0,1.0,1.0,0.0,0.0,33,126,1.0,0.0,0.03,0.02,0.03,0.01,0.9,0,116835.0
0,0,14,9,1032,0,0,0,0,0,0,0,0,511,0.0,0.0,0.0,0.0,1.0,0.0,0.0,255,20,0.08,0.18,0.08,0.0,0.0,0.0,0.0,1,7772.0
0,1,8,5,0,0,0,0,0,0,0,0,0,248,1.0,1.0,0.0,0.0,0.01,0.07,0.0,255,2,0.01,0.07,0.0,0.0,1.0,1.0,0.0,1,31515.0
0,1,46,1,0,0,0,0,0,0,0,0,0,2,0.0,0.0,1.0,1.0,0.5,1.0,0.0,255,1,0.0,0.84,0.83,0.0,0.0,0.0,1.0,1,75269.0
1,1,51,9,756,332,0,0,1,0,0,0,0,1,0.0,0.0,0.0,0.0,1.0,0.0,0.0,75,53,0.71,0.07,0.01,0.0,0.0,0.0,0.0,0,962.0
0,1,46,5,0,0,0,0,0,0,0,0,0,167,1.0,1.0,0.0,0.0,0.07,0.06,0.0,255,12,0.05,0.05,0.0,0.0,1.0,1.0,0.0,1,109163.0
4,1,51,9,1006,334,0,0,1,0,0,0,0,1,0.0,0.0,0.0,0.0,1.0,0.0,1.0,126,193,0.82,0.02,0.01,0.01,0.0,0.0,0.0,0,104005.0
0,1,22,1,0,0,0,0,0,0,0,0,0,1,0.0,0.0,1.0,1.0,1.0,0.0,0.67,17,255,1.0,0.0,0.06,0.19,0.0,0.0,1.0,0,35207.0
11,1,51,9,1103,336,0,0,1,0,0,0,0,1,0.0,0.0,0.0,0.0,1.0,0.0,0.0,189,82,0.39,0.03,0.01,0.02,0.0,0.0,0.0,0,24053.0
0,1,33,5,0,0,0,0,0,0,0,0,0,207,1.0,1.0,0.0,0.0,0.02,0.07,0.0,255,15,0.06,0.08,0.0,0.0,1.0,1.0,0.0,1,66389.0
4,1,26,4,0,0,0,0,0,0,0,0,0,219,0.0,0.0,1.0,1.0,0.01,0.52,0.0,255,2,0.01,0.45,0.86,0.0,0.0,0.0,1.0,1,81813.0
0,1,46,5,0,0,0,0,0,0,0,0,0,16,1.0,1.0,0.0,0.0,0.12,0.19,0.0,255,2,0.01,0.08,0.0,0.0,1.0,1.0,0.0,1,51049.0
0,1,22,9,182,7086,0,0,1,0,0,0,0,1,0.0,0.0,0.0,0.0,1.0,0.0,0.0,26,255,1.0,0.0,0.04,0.04,0.04,0.0,0.04,0,114212.0
0,0,62,9,181,0,0,0,0,0,0,0,0,5,0.0,0.0,0.0,0.0,1.0,0.0,0.0,255,27,0.11,0.01,0.11,0.0,0.0,0.0,0.0,0,5186.0
41411,1,46,4,1,0,0,0,0,0,0,0,0,2,0.0,0.0,1.0,1.0,1.0,0.0,0.0,252,2,0.01,0.27,0.52,0.0,0.0,0.0,1.0,1,82456.0
0,1,46,5,0,0,0,0,0,0,0,0,0,119,1.0,1.0,0.0,0.0,0.19,0.04,0.0,255,23,0.09,0.04,0.0,0.0,1.0,1.0,0.0,1,124364.0
0,1,63,5,0,0,0,0,0,0,0,0,0,115,1.0,1.0,0.0,0.0,0.1,0.07,0.0,255,11,0.04,0.06,0.0,0.0,1.0,1.0,0.0,1,49774.0
0,1,37,5,0,0,0,0,0,0,0,0,0,238,1.0,1.0,0.0,0.0,0.03,0.06,0.0,255,1,0.0,0.07,0.0,0.0,1.0,1.0,0.0,1,36007.0
0,1,17,9,8,225,0,0,0,0,0,0,0,1,0.0,0.0,0.0,0.0,1.0,0.0,0.0,49,11,0.04,0.04,0.02,0.27,0.0,0.0,0.0,0,111564.0
0,2,46,9,28,0,3,0,0,0,0,0,0,70,0.0,0.0,0.0,0.0,1.0,0.0,0.0,255,37,0.15,0.01,0.15,0.0,0.0,0.0,0.0,1,21790.0
6143,2,41,9,147,105,0,0,0,0,0,0,0,1,0.0,0.0,0.0,0.0,1.0,0.0,0.0,255,1,0.0,0.64,0.95,0.0,0.0,0.0,0.0,0,16422.0
0,1,57,2,1,15,0,1,0,0,0,0,0,3,0.0,0.0,0.33,1.0,0.33,0.67,0.0,244,1,0.0,0.03,0.0,0.0,0.0,0.0,1.0,0,63527.0
0,1,7,5,0,0,0,0,0,0,0,0,0,249,1.0,1.0,0.0,0.0,0.07,0.06,0.0,255,16,0.06,0.07,0.0,0.0,1.0,1.0,0.0,1,30610.0
0,0,14,9,30,0,0,0,0,0,0,0,0,1,0.0,0.0,0.0,0.0,1.0,0.0,0.0,163,163,1.0,0.0,1.0,0.0,0.0,0.0,0.0,0,13623.0
0,1,17,4,0,0,0,0,0,0,0,0,0,1,0.0,0.0,1.0,1.0,1.0,0.0,0.0,255,1,0.0,0.31,0.62,0.0,0.0,0.0,1.0,1,68606.0
0,1,22,9,321,3628,0,0,1,0,0,0,0,7,0.0,0.0,0.0,0.0,1.0,0.0,0.0,255,255,1.0,0.0,0.0,0.0,0.0,0.0,0.0,0,114331.0
0,0,13,9,8,0,0,0,0,0,0,0,0,1,0.0,0.0,0.0,0.0,1.0,0.0,1.0,2,42,1.0,0.0,1.0,0.5,0.0,0.0,0.0,1,43352.0
0,1,22,9,236,2342,0,0,1,0,0,0,0,11,0.0,0.0,0.0,0.0,1.0,0.0,0.0,11,255,1.0,0.0,0.09,0.07,0.0,0.02,0.0,0,74206.0
0,1,18,9,1229,2451,0,28,1,0,0,0,0,1,0.0,0.0,0.0,0.0,1.0,0.0,0.0,255,54,0.21,0.02,0.0,0.0,0.01,0.0,0.0,0,113271.0
0,1,22,9,229,1256,0,0,1,0,0,0,0,2,0.0,0.0,0.0,0.0,1.0,0.0,0.0,53,255,1.0,0.0,0.02,0.04,0.0,0.0,0.0,0,82285.0
0,1,57,5,0,0,0,0,0,0,0,0,0,31,1.0,1.0,0.0,0.0,0.26,0.13,0.0,255,64,0.25,0.02,0.0,0.0,1.0,1.0,0.0,1,66094.0
0,1,22,9,333,5734,0,0,1,0,0,0,0,5,0.0,0.0,0.0,0.0,1.0,0.0,0.14,5,255,1.0,0.0,0.2,0.05,0.0,0.0,0.0,0,113120.0
0,1,22,9,288,10834,0,0,1,0,0,0,0,4,0.0,0.0,0.0,0.0,1.0,0.0,0.0,66,255,1.0,0.0,0.02,0.01,0.0,0.0,0.0,0,32352.0
0,1,12,5,0,0,0,0,0,0,0,0,0,265,1.0,1.0,0.0,0.0,0.01,0.06,0.0,255,3,0.01,0.07,0.0,0.0,1.0,1.0,0.0,1,10020.0
0,1,46,2,0,0,0,0,0,0,0,0,0,266,0.0,0.0,1.0,1.0,0.02,0.06,0.0,255,4,0.02,0.07,0.0,0.0,0.0,0.0,1.0,1,57634.0
0,2,11,9,34,0,0,0,0,0,0,0,0,2,0.0,0.0,0.0,0.0,0.5,1.0,0.0,40,4,0.1,0.12,0.1,0.0,0.0,0.0,0.0,0,43740.0
0,1,22,9,212,728,0,0,1,0,0,0,0,6,0.0,0.0,0.0,0.0,1.0,0.0,0.36,255,255,1.0,0.0,0.0,0.0,0.0,0.0,0.0,0,6985.0
0,1,22,9,227,20624,0,0,1,0,0,0,0,5,0.0,0.0,0.0,0.0,1.0,0.0,0.29,6,255,1.0,0.0,0.17,0.01,0.0,0.0,0.01,0,109109.0
10365,2,41,9,145,105,0,0,0,0,0,0,0,1,0.0,0.0,0.0,0.0,1.0,0.0,0.0,255,1,0.0,0.59,0.95,0.0,0.0,0.0,0.0,0,102747.0
0,1,2,5,0,0,0,0,0,0,0,0,0,212,1.0,1.0,0.0,0.0,0.08,0.06,0.0,255,14,0.05,0.07,0.0,0.0,1.0,1.0,0.0,1,105194.0
0,1,19,9,2056,0,0,0,0,0,0,0,0,13,0.0,0.0,0.0,0.0,1.0,0.0,0.14,83,70,0.23,0.05,0.23,0.03,0.0,0.01,0.0,0,45027.0
0,2,46,9,1,0,0,0,0,0,0,0,0,36,0.0,0.0,0.0,0.0,0.19,0.11,0.0,255,36,0.14,0.56,0.58,0.0,0.0,0.0,0.0,1,40464.0
0,2,11,9,42,73,0,0,0,0,0,0,0,127,0.0,0.0,0.0,0.0,0.99,0.02,0.0,255,254,1.0,0.01,0.01,0.0,0.0,0.0,0.0,0,73575.0
0,1,41,1,0,0,0,0,0,0,0,0,0,510,0.2,0.0,0.8,1.0,0.0,1.0,0.0,255,1,0.0,1.0,0.0,0.0,0.16,0.0,1.0,1,1800.0
0,1,46,5,0,0,0,0,0,0,0,0,0,135,0.99,1.0,0.0,0.0,0.11,0.07,0.0,255,9,0.04,0.06,0.0,0.0,1.0,1.0,0.0,1,115440.0
0,1,46,1,0,0,0,0,0,0,0,0,0,46,0.0,0.0,1.0,1.0,0.35,0.11,0.0,255,16,0.06,0.06,0.0,0.0,0.0,0.0,1.0,1,107979.0
0,1,22,1,0,0,0,0,0,0,0,0,0,1,0.0,0.0,1.0,1.0,1.0,0.0,1.0,2,144,1.0,0.0,0.5,0.04,0.0,0.0,1.0,0,71874.0
0,1,22,9,224,260,0,0,1,0,0,0,0,14,0.0,0.0,0.0,0.0,1.0,0.0,0.0,34,64,1.0,0.0,0.03,0.05,0.0,0.0,0.0,0,3467.0
0,1,22,9,331,1483,0,0,1,0,0,0,0,2,0.0,0.0,0.0,0.0,1.0,0.0,0.0,90,255,1.0,0.0,0.01,0.01,0.0,0.0,0.0,0,6316.0
0,1,19,5,0,0,0,0,0,0,0,0,0,34,1.0,1.0,0.0,0.0,0.15,0.12,0.0,255,61,0.24,0.02,0.02,0.0,1.0,1.0,0.0,1,37602.0
0,1,34,5,0,0,0,0,0,0,0,0,0,290,1.0,1.0,0.0,0.0,0.07,0.06,0.0,255,10,0.04,0.08,0.0,0.0,1.0,1.0,0.0,1,34339.0
0,2,11,9,45,71,0,0,0,0,0,0,0,274,0.0,0.0,0.0,0.0,1.0,0.01,0.01,255,247,0.97,0.01,0.0,0.0,0.0,0.0,0.0,0,44724.0
21,1,18,9,241,774,0,4,1,0,0,0,0,1,0.0,0.0,0.0,0.0,1.0,0.0,0.0,159,33,0.21,0.04,0.01,0.0,0.0,0.0,0.03,0,103316.0
0,1,22,9,144,360,0,0,1,0,0,0,0,1,0.0,0.0,0.0,0.0,1.0,0.0,0.67,8,255,1.0,0.0,0.12,0.09,0.12,0.0,0.0,0,104730.0
0,1,22,9,295,443,0,0,1,0,0,0,0,9,0.0,0.0,0.0,0.0,1.0,0.0,0.0,107,255,1.0,0.0,0.01,0.04,0.0,0.0,0.0,0,66756.0
0,1,5,1,0,0,0,0,0,0,0,0,0,148,0.0,0.0,1.0,1.0,0.13,0.06,0.0,255,19,0.07,0.07,0.0,0.0,0.0,0.0,1.0,1,28400.0
0,1,22,9,244,5280,0,0,1,0,0,0,0,1,0.0,0.0,0.0,0.0,1.0,0.0,0.0,255,255,1.0,0.0,0.0,0.0,0.0,0.0,0.0,0,55702.0
0,2,46,9,28,0,3,0,0,0,0,0,0,70,0.0,0.0,0.01,0.0,0.99,0.03,0.0,255,69,0.27,0.02,0.27,0.0,0.0,0.0,0.0,1,58970.0
0,1,46,5,0,0,0,0,0,0,0,0,0,105,0.99,1.0,0.0,0.0,0.09,0.08,0.0,255,9,0.04,0.07,0.0,0.0,1.0,1.0,0.0,1,125208.0
0,1,46,5,0,0,0,0,0,0,0,0,0,128,1.0,1.0,0.0,0.0,0.08,0.05,0.0,255,29,0.11,0.05,0.0,0.0,1.0,1.0,0.0,1,1367.0
0,1,46,5,0,0,0,0,0,0,0,0,0,114,1.0,1.0,0.0,0.0,0.18,0.05,0.0,255,6,0.02,0.06,0.0,0.0,1.0,1.0,0.0,1,2900.0
0,1,46,4,0,0,0,0,0,0,0,0,0,1,0.0,0.0,1.0,1.0,1.0,0.0,0.0,255,1,0.0,0.42,0.4,0.0,0.0,0.0,1.0,1,48364.0
0,1,26,5,0,0,0,0,0,0,0,0,0,158,1.0,1.0,0.0,0.0,0.08,0.07,0.0,255,13,0.05,0.07,0.0,0.0,1.0,1.0,0.0,1,84377.0
0,0,14,9,520,0,0,0,0,0,0,0,0,328,0.0,0.0,0.0,0.0,1.0,0.0,0.0,255,255,1.0,0.0,1.0,0.0,0.0,0.0,0.0,1,29782.0
0,1,22,9,286,18853,0,0,1,0,0,0,0,4,0.0,0.0,0.0,0.0,1.0,0.0,0.1,34,255,1.0,0.0,0.03,0.05,0.0,0.0,0.0,0,81050.0
0,1,66,5,0,0,0,0,0,0,0,0,0,296,1.0,1.0,0.0,0.0,0.06,0.06,0.0,255,19,0.07,0.07,0.0,0.0,1.0,1.0,0.0,1,63337.0
0,1,22,9,290,3376,0,0,1,0,0,0,0,5,0.0,0.0,0.2,0.2,1.0,0.0,0.0,51,255,1.0,0.0,0.02,0.07,0.0,0.0,0.0,0,42334.0
0,1,46,5,0,0,0,0,0,0,0,0,0,288,1.0,1.0,0.0,0.0,0.03,0.06,0.0,255,11,0.04,0.08,0.0,0.0,1.0,1.0,0.0,1,89079.0
0,1,22,9,323,1029,0,0,1,0,0,0,0,5,0.0,0.0,0.0,0.0,1.0,0.0,0.08,5,255,1.0,0.0,0.2,0.02,0.0,0.0,0.0,0,61314.0
0,1,17,5,0,0,0,0,0,0,0,0,0,31,1.0,1.0,0.0,0.0,0.23,0.13,0.0,255,62,0.24,0.02,0.02,0.0,1.0,1.0,0.0,1,38596.0
0,1,22,9,297,1746,0,0,1,0,0,0,0,31,0.0,0.0,0.0,0.0,1.0,0.0,0.0,31,255,1.0,0.0,0.03,0.04,0.0,0.0,0.0,0,87385.0
0,1,26,5,0,0,0,0,0,0,0,0,0,10,1.0,1.0,0.0,0.0,0.5,0.4,0.0,255,5,0.02,0.09,0.0,0.0,1.0,1.0,0.0,1,18191.0
1,1,51,9,837,336,0,0,1,0,0,0,0,1,0.0,0.0,0.0,0.0,1.0,0.0,1.0,86,176,0.85,0.03,0.01,0.01,0.0,0.0,0.04,0,85777.0
0,1,46,5,0,0,0,0,0,0,0,0,0,121,1.0,1.0,0.0,0.0,0.02,0.07,0.0,255,2,0.01,0.07,0.0,0.0,1.0,1.0,0.0,1,96025.0
0,1,22,9,222,3792,0,0,1,0,0,0,0,6,0.0,0.0,0.0,0.0,1.0,0.0,0.22,39,255,1.0,0.0,0.03,0.03,0.0,0.0,0.0,0,116951.0
0,1,35,5,0,0,0,0,0,0,0,0,0,241,1.0,1.0,0.0,0.0,0.01,0.07,0.0,255,3,0.01,0.07,0.0,0.0,1.0,1.0,0.0,1,2172.0
5030,1,41,4,1,0,0,0,0,0,0,0,0,2,0.0,0.0,1.0,1.0,1.0,0.0,0.0,255,2,0.01,0.74,1.0,0.0,0.0,0.0,1.0,1,95722.0
0,1,22,9,209,1199,0,0,1,0,0,0,0,1,0.0,0.0,0.0,0.0,1.0,0.0,0.0,1,255,1.0,0.0,1.0,0.05,0.0,0.0,0.0,0,45342.0
0,1,46,1,0,0,0,0,0,0,0,0,0,350,0.03,0.0,0.96,1.0,0.0,1.0,0.0,255,1,0.0,1.0,0.0,0.0,0.03,0.0,1.0,1,94349.0
0,1,22,9,234,2469,0,0,1,0,0,0,0,6,0.0,0.0,0.0,0.0,1.0,0.0,0.0,6,255,1.0,0.0,0.17,0.04,0.0,0.0,0.0,0,49274.0
0,1,22,9,346,1774,0,0,1,0,0,0,0,4,0.0,0.0,0.0,0.0,1.0,0.0,0.0,49,85,1.0,0.0,0.02,0.11,0.0,0.0,0.0,0,99122.0
0,1,22,5,0,0,0,0,0,0,0,0,0,233,1.0,1.0,0.0,0.0,0.01,0.06,0.0,255,3,0.01,0.06,0.0,0.0,1.0,1.0,0.0,1,78556.0
0,1,46,5,0,0,0,0,0,0,0,0,0,221,1.0,1.0,0.0,0.0,0.03,0.07,0.0,255,12,0.05,0.07,0.0,0.0,1.0,1.0,0.0,1,19824.0
0,1,22,9,203,914,0,0,1,0,0,0,0,11,0.0,0.0,0.0,0.0,1.0,0.0,0.0,24,255,1.0,0.0,0.04,0.09,0.0,0.0,0.0,0,78104.0
0,1,22,9,213,17996,0,0,1,0,0,0,0,2,0.0,0.0,0.0,0.0,1.0,0.0,0.67,6,255,1.0,0.0,0.17,0.03,0.0,0.0,0.0,0,80034.0
0,1,46,5,0,0,0,0,0,0,0,0,0,171,0.84,1.0,0.0,0.0,0.06,0.06,0.0,255,7,0.03,0.06,0.0,0.0,1.0,1.0,0.0,1,66716.0
0,2,41,9,516,4,0,0,0,0,0,0,0,499,0.0,0.0,0.0,0.0,1.0,0.0,0.0,255,255,1.0,0.0,1.0,0.0,0.0,0.0,0.0,0,121353.0
0,1,15,5,0,0,0,0,0,0,0,0,0,134,1.0,1.0,0.0,0.0,0.14,0.05,0.0,255,19,0.07,0.05,0.0,0.0,1.0,1.0,0.0,1,94984.0
0,1,22,9,290,3084,0,0,1,0,0,0,0,6,0.0,0.0,0.0,0.0,1.0,0.0,0.0,16,255,1.0,0.0,0.06,0.06,0.0,0.0,0.0,0,24335.0
0,1,66,5,0,0,0,0,0,0,0,0,0,266,1.0,1.0,0.0,0.0,0.07,0.05,0.0,255,18,0.07,0.05,0.0,0.0,1.0,1.0,0.0,1,95173.0
0,1,51,5,0,0,0,0,0,0,0,0,0,2,0.5,0.5,0.0,0.0,1.0,0.0,0.0,86,105,0.74,0.07,0.02,0.02,0.01,0.01,0.0,0,111520.0
0,1,19,9,641,0,0,0,1,0,0,0,0,2,0.0,0.0,0.0,0.0,1.0,0.0,0.0,39,88,0.9,0.05,0.9,0.03,0.0,0.0,0.0,0,17684.0
0,1,19,5,0,0,0,0,0,0,0,0,0,299,1.0,1.0,0.0,0.0,0.06,0.05,0.0,255,19,0.07,0.06,0.0,0.0,1.0,1.0,0.0,1,41968.0
0,1,22,9,303,2239,0,0,1,0,0,0,0,4,0.0,0.0,0.0,0.0,1.0,0.0,0.25,255,223,0.87,0.01,0.0,0.0,0.0,0.0,0.0,0,16070.0
0,1,22,9,325,1645,0,0,1,0,0,0,0,5,0.0,0.0,0.0,0.0,1.0,0.0,0.25,255,255,1.0,0.0,0.0,0.0,0.0,0.0,0.0,0,50122.0
0,1,22,9,224,2259,0,0,1,0,0,0,0,5,0.0,0.29,0.0,0.0,1.0,0.0,0.43,57,255,1.0,0.0,0.02,0.12,0.0,0.0,0.71,0,41972.0
8,1,57,9,116,1194,0,0,1,0,0,0,0,1,0.0,0.0,0.0,0.0,1.0,0.0,0.0,255,11,0.04,0.09,0.0,0.0,0.73,0.27,0.18,0,66502.0
21,1,18,9,225,767,0,4,1,0,0,0,0,1,0.0,0.0,0.0,0.0,1.0,0.0,0.0,255,70,0.27,0.02,0.0,0.0,0.0,0.0,0.0,0,9212.0
0,1,22,9,243,523,0,0,1,0,0,0,0,25,0.0,0.0,0.0,0.0,1.0,0.0,0.04,255,255,1.0,0.0,0.0,0.0,0.0,0.0,0.0,0,113393.0
3370,2,41,9,145,105,0,0,0,0,0,0,0,5,0.0,0.0,0.0,0.0,0.2,0.6,0.0,255,1,0.0,0.43,0.85,0.0,0.0,0.0,0.0,0,111450.0
0,1,22,9,281,1745,0,0,1,0,0,0,0,2,0.0,0.0,0.0,0.0,1.0,0.0,0.0,39,255,1.0,0.0,0.03,0.07,0.0,0.0,0.0,0,545.0
0,1,17,5,0,0,0,0,0,0,0,0,0,24,1.0,1.0,0.0,0.0,0.38,0.17,0.0,255,69,0.27,0.02,0.01,0.0,1.0,1.0,0.0,1,45406.0
0,1,22,9,175,10981,0,0,1,0,0,0,0,10,0.0,0.0,0.0,0.0,1.0,0.0,0.0,255,255,1.0,0.0,0.0,0.0,0.0,0.0,0.0,0,120063.0
0,1,46,5,0,0,0,0,0,0,0,0,0,65,1.0,1.0,0.0,0.0,0.11,0.06,0.0,255,17,0.07,0.06,0.0,0.0,1.0,1.0,0.0,1,45454.0
0,2,11,9,44,70,0,0,0,0,0,0,0,144,0.0,0.0,0.0,0.0,0.99,0.01,0.02,255,247,0.97,0.01,0.0,0.0,0.0,0.0,0.0,0,100010.0
0,1,54,5,0,0,0,0,0,0,0,0,0,4,1.0,1.0,0.0,0.0,0.5,0.5,0.0,255,2,0.01,0.08,0.0,0.0,1.0,1.0,0.0,1,110788.0
0,1,22,9,279,2122,0,0,1,0,0,0,0,1,0.0,0.0,0.0,0.0,1.0,0.0,0.0,1,14,1.0,0.0,1.0,0.29,0.0,0.07,0.0,0,17826.0
0,2,46,9,1,0,0,0,0,0,0,0,0,18,0.0,0.0,0.0,0.0,0.06,0.17,0.0,255,1,0.0,0.93,0.08,0.0,0.16,0.0,0.0,1,90565.0
0,1,22,9,298,188,0,0,1,0,0,0,0,1,0.0,0.0,0.0,0.0,1.0,0.0,0.27,24,255,1.0,0.0,0.04,0.03,0.0,0.02,0.02,0,31277.0
0,1,22,9,224,546,0,0,1,0,0,0,0,21,0.0,0.0,0.0,0.0,1.0,0.0,0.0,21,255,1.0,0.0,0.05,0.06,0.0,0.01,0.0,0,486.0
0,1,17,9,9,223,0,0,0,0,0,0,0,1,0.0,0.0,0.0,0.0,1.0,0.0,0.0,96,14,0.03,0.06,0.01,0.14,0.0,0.07,0.0,0,100828.0
0,1,22,5,0,0,0,0,0,0,0,0,0,40,1.0,1.0,0.0,0.0,0.32,0.08,0.0,255,63,0.25,0.02,0.0,0.0,1.0,1.0,0.0,1,73453.0
0,1,46,1,0,0,0,0,0,0,0,0,0,98,0.0,0.0,1.0,1.0,0.17,0.07,0.0,255,17,0.07,0.07,0.0,0.0,0.0,0.0,1.0,1,65288.0
0,1,54,5,0,0,0,0,0,0,0,0,0,262,1.0,1.0,0.0,0.0,0.05,0.06,0.0,255,14,0.05,0.06,0.0,0.0,1.0,1.0,0.0,1,40532.0
0,0,13,9,8,0,0,0,0,0,0,0,0,1,0.0,0.0,0.0,0.0,1.0,0.0,1.0,2,28,1.0,0.0,1.0,0.5,0.0,0.0,0.0,1,114370.0
0,1,46,5,0,0,0,0,0,0,0,0,0,121,1.0,1.0,0.0,0.0,0.14,0.05,0.0,255,17,0.07,0.06,0.0,0.0,1.0,1.0,0.0,1,74485.0
0,1,22,9,248,372,0,0,1,0,0,0,0,6,0.0,0.0,0.0,0.0,1.0,0.0,0.0,35,255,1.0,0.0,0.03,0.06,0.0,0.0,0.0,0,60418.0
0,1,22,9,202,1411,0,0,1,0,0,0,0,13,0.0,0.0,0.0,0.0,1.0,0.0,0.0,34,255,1.0,0.0,0.03,0.07,0.0,0.0,0.03,0,17294.0
0,1,55,1,0,0,0,0,0,0,0,0,0,261,0.0,0.0,1.0,1.0,0.03,0.07,0.0,255,9,0.04,0.07,0.0,0.0,0.0,0.0,1.0,1,103064.0
0,1,25,5,0,0,0,0,0,0,0,0,0,264,1.0,1.0,0.0,0.0,0.09,0.05,0.0,255,23,0.09,0.05,0.0,0.0,1.0,1.0,0.0,1,33224.0
0,1,22,9,287,181,0,0,1,0,0,0,0,19,0.0,0.0,0.0,0.0,1.0,0.0,0.0,255,255,1.0,0.0,0.0,0.0,0.0,0.0,0.0,0,57489.0
0,1,19,5,0,0,0,0,0,0,0,0,0,73,1.0,1.0,0.0,0.0,0.23,0.05,0.0,255,57,0.22,0.02,0.01,0.0,1.0,1.0,0.0,1,83146.0
0,1,22,9,217,3005,0,0,1,0,0,0,0,3,0.0,0.0,0.0,0.0,1.0,0.0,0.5,13,255,1.0,0.0,0.08,0.05,0.0,0.0,0.0,0,10872.0
0,1,46,4,0,0,0,0,0,0,0,0,0,1,0.0,0.0,1.0,1.0,1.0,0.0,0.0,255,1,0.0,0.32,0.32,0.0,0.0,0.0,1.0,1,60030.0
0,1,41,1,0,0,0,0,0,0,0,0,0,378,0.09,0.0,0.9,1.0,0.0,1.0,0.0,255,1,0.0,1.0,0.0,0.0,0.11,0.0,1.0,1,24506.0
4,1,51,9,970,338,0,0,1,0,0,0,0,1,0.0,0.0,0.0,0.0,1.0,0.0,0.0,255,162,0.64,0.02,0.0,0.0,0.0,0.0,0.0,0,116262.0
0,1,26,5,0,0,0,0,0,0,0,0,0,289,1.0,1.0,0.0,0.0,0.03,0.06,0.0,255,20,0.08,0.07,0.0,0.0,1.0,1.0,0.0,1,22165.0
0,1,22,9,307,10647,0,0,1,0,0,0,0,4,0.0,0.0,0.0,0.0,1.0,0.0,0.25,4,7,1.0,0.0,0.25,0.29,0.0,0.29,0.14,0,24794.0
7,1,41,4,0,0,0,0,0,0,0,0,0,2,0.0,0.0,1.0,1.0,1.0,0.0,0.0,255,2,0.01,0.74,1.0,0.0,0.0,0.0,1.0,1,75378.0
53,1,22,9,335,275,0,0,1,0,0,0,0,4,0.0,0.0,0.0,0.0,1.0,0.0,0.0,255,252,0.99,0.01,0.0,0.0,0.0,0.0,0.0,0,112885.0
4,1,19,9,832,0,0,0,1,0,0,0,0,1,0.0,0.0,0.0,0.0,1.0,0.0,0.0,16,43,1.0,0.0,1.0,0.07,0.0,0.0,0.0,1,93091.0
0,1,63,5,0,0,0,0,0,0,0,0,0,13,1.0,1.0,0.0,0.0,0.08,0.15,0.0,255,7,0.03,0.07,0.0,0.0,1.0,1.0,0.0,1,84828.0
0,1,19,9,252,0,0,0,1,0,0,0,0,1,0.0,0.0,0.0,0.0,1.0,0.0,0.0,87,12,0.14,0.05,0.14,0.0,0.0,0.0,0.0,0,97254.0
0,1,22,9,239,23971,0,0,1,0,0,0,0,1,0.0,0.0,0.0,0.0,1.0,0.0,0.0,18,255,1.0,0.0,0.06,0.04,0.0,0.0,0.0,0,36904.0
0,1,46,5,0,0,0,0,0,0,0,0,0,84,1.0,1.0,0.0,0.0,0.07,0.07,0.0,255,6,0.02,0.05,0.0,0.0,1.0,1.0,0.0,1,77194.0
0,1,29,5,0,0,0,0,0,0,0,0,0,145,1.0,1.0,0.0,0.0,0.11,0.06,0.0,255,7,0.03,0.07,0.0,0.0,1.0,1.0,0.0,1,45167.0
0,2,11,9,36,101,0,0,0,0,0,0,0,1,0.0,0.0,0.0,0.0,1.0,0.0,0.0,255,247,0.97,0.01,0.0,0.0,0.0,0.0,0.0,0,39437.0
0,1,46,5,0,0,0,0,0,0,0,0,0,290,1.0,1.0,0.0,0.0,0.04,0.05,0.0,255,12,0.05,0.07,0.0,0.0,1.0,1.0,0.0,1,111104.0
18018,1,41,4,1,0,0,0,0,0,0,0,0,2,0.0,0.0,1.0,1.0,1.0,0.0,0.0,255,2,0.01,0.73,1.0,0.0,0.0,0.0,1.0,1,70994.0
0,1,51,9,667,333,0,0,1,0,0,0,0,1,0.0,0.0,0.0,0.0,1.0,0.0,0.0,191,128,0.67,0.03,0.01,0.0,0.0,0.0,0.0,0,80474.0
0,2,46,9,1,0,0,0,0,0,0,0,0,89,0.0,0.0,0.0,0.0,0.7,0.04,0.0,255,123,0.48,0.05,1.0,0.0,0.0,0.0,0.0,1,123657.0
0,1,51,9,1280,333,0,0,1,0,0,0,0,1,0.0,0.0,0.0,0.0,1.0,0.0,0.0,28,147,0.75,0.14,0.04,0.01,0.0,0.0,0.0,0,7678.0
0,2,46,9,105,147,0,0,0,0,0,0,0,8,0.0,0.0,0.0,0.0,0.12,0.25,0.0,255,230,0.9,0.01,0.01,0.0,0.0,0.0,0.0,0,42649.0
0,1,51,5,0,0,0,0,0,0,0,0,0,11,1.0,0.85,0.0,0.0,1.0,0.0,0.23,33,145,0.33,0.06,0.03,0.01,0.94,0.08,0.0,1,60095.0
2710,2,41,9,147,105,0,0,0,0,0,0,0,3,0.0,0.0,0.0,0.0,0.67,0.67,0.0,255,2,0.01,0.84,1.0,0.0,0.0,0.0,0.0,0,92470.0
0,1,22,9,305,2507,0,0,1,0,0,0,0,4,0.25,0.25,0.0,0.0,1.0,0.0,0.0,221,199,0.9,0.05,0.0,0.0,0.02,0.01,0.0,0,44497.0
0,1,22,9,199,293,0,0,1,0,0,0,0,9,0.0,0.0,0.0,0.0,1.0,0.0,0.0,131,255,1.0,0.0,0.01,0.04,0.01,0.0,0.0,0,4798.0
0,1,22,9,347,314,0,0,1,0,0,0,0,6,0.0,0.0,0.0,0.0,1.0,0.0,0.29,171,255,1.0,0.0,0.01,0.02,0.0,0.0,0.0,0,30664.0
0,2,41,9,1,0,0,0,0,0,0,0,0,56,0.0,0.0,0.0,0.0,0.02,0.14,0.0,255,1,0.0,0.1,0.32,0.0,0.0,0.0,0.0,1,80745.0
0,1,22,5,0,0,0,0,0,0,0,0,0,243,1.0,0.35,0.0,0.0,0.04,0.07,0.08,255,9,0.04,0.07,0.0,0.0,1.0,1.0,0.0,1,41813.0
0,1,9,5,0,0,0,0,0,0,0,0,0,128,1.0,1.0,0.0,0.0,0.16,0.05,0.0,255,16,0.06,0.06,0.0,0.0,1.0,1.0,0.0,1,69358.0
0,1,22,9,210,1630,0,0,1,0,0,0,0,4,0.0,0.0,0.0,0.0,1.0,0.0,0.05,255,255,1.0,0.0,0.0,0.0,0.0,0.0,0.0,0,104165.0
0,1,22,9,213,321,0,0,1,0,0,0,0,31,0.0,0.0,0.0,0.0,1.0,0.0,0.09,255,255,1.0,0.0,0.0,0.0,0.0,0.0,0.0,0,77276.0
10,1,51,9,648,333,0,0,1,0,0,0,0,1,0.0,0.0,0.0,0.0,1.0,0.0,1.0,109,115,0.59,0.06,0.01,0.02,0.0,0.0,0.0,0,102208.0
0,1,22,1,0,0,0,0,0,0,0,0,0,1,0.0,0.0,1.0,1.0,1.0,0.0,0.0,2,75,1.0,0.0,0.5,0.28,0.0,0.0,1.0,0,118412.0
0,1,46,4,0,0,0,0,0,0,0,0,0,1,0.0,0.0,1.0,1.0,1.0,0.0,0.0,255,1,0.0,0.76,0.76,0.0,0.0,0.0,1.0,1,14185.0
0,0,13,9,8,0,0,0,0,0,0,0,0,1,0.0,0.0,0.0,0.0,1.0,0.0,1.0,4,61,1.0,0.0,1.0,0.26,0.0,0.0,0.0,1,31699.0
17038,2,41,9,147,105,0,0,0,0,0,0,0,5,0.0,0.0,0.0,0.0,0.2,0.6,0.0,255,1,0.0,0.85,1.0,0.0,0.0,0.0,0.0,0,18695.0
0,1,22,9,325,2322,0,0,1,0,0,0,0,2,0.5,0.5,0.0,0.0,1.0,0.0,0.0,255,255,1.0,0.0,0.0,0.0,0.0,0.0,0.0,0,67896.0
0,1,22,9,215,2664,0,0,1,0,0,0,0,1,0.0,0.0,0.0,0.0,1.0,0.0,1.0,52,255,1.0,0.0,0.02,0.01,0.0,0.0,0.0,0,3507.0
0,1,10,1,0,0,0,0,0,0,0,0,0,202,0.0,0.0,1.0,1.0,0.01,0.07,0.0,255,2,0.01,0.07,0.0,0.0,0.0,0.0,1.0,1,34384.0
0,1,25,5,0,0,0,0,0,0,0,0,0,287,1.0,1.0,0.0,0.0,0.06,0.05,0.0,255,17,0.07,0.05,0.0,0.0,1.0,1.0,0.0,1,21276.0
0,0,14,9,520,0,0,0,0,0,0,0,0,197,0.0,0.0,0.0,0.0,1.0,0.0,0.0,255,255,1.0,0.0,1.0,0.0,0.0,0.0,0.0,1,118860.0
40,1,18,9,1470,4145,0,30,1,0,0,0,0,1,0.0,0.0,0.0,0.0,1.0,0.0,0.0,99,30,0.3,0.06,0.01,0.0,0.0,0.0,0.0,0,125174.0
0,1,46,1,0,0,0,0,0,0,0,0,0,121,0.01,0.0,0.94,1.0,0.01,1.0,0.0,246,1,0.0,0.52,0.0,0.0,0.0,0.0,1.0,1,31623.0
0,1,22,9,243,2787,0,0,1,0,0,0,0,9,0.0,0.0,0.0,0.0,1.0,0.0,0.07,255,255,1.0,0.0,0.0,0.0,0.0,0.0,0.0,0,82974.0
0,2,11,9,45,133,0,0,0,0,0,0,0,70,0.0,0.0,0.0,0.0,1.0,0.0,0.01,255,254,1.0,0.01,0.0,0.0,0.0,0.0,0.0,0,91532.0
0,1,4,5,0,0,0,0,0,0,0,0,0,230,1.0,1.0,0.0,0.0,0.0,0.07,0.0,255,1,0.0,0.06,0.0,0.0,1.0,1.0,0.0,1,52031.0
0,1,19,9,1010,0,0,0,0,0,0,0,0,2,0.0,0.0,0.0,0.0,1.0,0.0,0.0,90,7,0.08,0.04,0.08,0.0,0.0,0.0,0.0,0,116650.0
0,1,10,5,0,0,0,0,0,0,0,0,0,294,1.0,1.0,0.0,0.0,0.04,0.05,0.0,255,10,0.04,0.08,0.0,0.0,1.0,1.0,0.0,1,11716.0
0,1,22,9,388,1183,0,0,1,0,0,0,0,1,0.0,0.0,0.0,0.0,1.0,0.0,0.0,221,255,1.0,0.0,0.0,0.01,0.0,0.0,0.0,0,122717.0
0,1,22,9,323,1029,0,0,1,0,0,0,0,13,0.0,0.0,0.0,0.0,1.0,0.0,0.14,27,255,1.0,0.0,0.04,0.02,0.0,0.0,0.0,0,113225.0
47,2,11,9,98,44,0,0,0,0,0,0,0,3,0.0,0.0,0.0,0.0,1.0,0.0,0.0,4,4,1.0,0.0,1.0,0.0,0.0,0.0,0.0,0,96182.0
0,0,13,9,8,0,0,0,0,0,0,0,0,1,0.0,0.0,0.0,0.0,1.0,0.0,1.0,2,112,1.0,0.0,1.0,0.5,0.0,0.0,0.0,1,32763.0
0,1,22,9,199,267,0,0,1,0,0,0,0,7,0.0,0.0,0.0,0.0,1.0,0.0,0.25,144,255,1.0,0.0,0.01,0.02,0.0,0.0,0.0,0,107660.0
0,1,6,5,0,0,0,0,0,0,0,0,0,275,1.0,1.0,0.0,0.0,0.07,0.05,0.0,255,20,0.08,0.05,0.0,0.0,1.0,1.0,0.0,1,103190.0
0,1,46,4,0,0,0,0,0,0,0,0,0,1,0.0,0.0,1.0,1.0,1.0,0.0,0.0,179,1,0.01,0.45,0.45,0.0,0.0,0.0,1.0,1,59140.0
0,1,17,5,0,0,0,0,0,0,0,0,0,31,0.97,0.89,0.03,0.11,0.26,0.16,0.22,255,50,0.2,0.04,0.01,0.0,1.0,1.0,0.0,1,108088.0
0,1,64,1,0,0,0,0,0,0,0,0,0,219,0.0,0.0,1.0,1.0,0.05,0.06,0.0,255,10,0.04,0.07,0.0,0.0,0.0,0.0,1.0,1,39276.0
0,1,22,1,0,0,0,0,0,0,0,0,0,1,0.0,0.0,1.0,1.0,1.0,0.0,0.0,1,105,1.0,0.0,1.0,0.03,0.0,0.0,1.0,0,81706.0
0,1,46,5,0,0,0,0,0,0,0,0,0,227,1.0,1.0,0.0,0.0,0.04,0.06,0.0,255,13,0.05,0.07,0.0,0.0,1.0,1.0,0.0,1,122731.0
0,1,17,5,0,0,0,0,0,0,0,0,0,106,1.0,1.0,0.0,0.0,0.16,0.06,0.0,255,2,0.01,0.07,0.0,0.0,1.0,1.0,0.0,1,30047.0
0,1,22,9,208,885,0,0,1,0,0,0,0,11,0.0,0.0,0.0,0.0,1.0,0.0,0.2,255,255,1.0,0.0,0.0,0.0,0.01,0.01,0.0,0,2463.0
0,1,6,5,0,0,0,0,0,0,0,0,0,228,1.0,1.0,0.0,0.0,0.01,0.07,0.0,255,2,0.01,0.09,0.0,0.0,1.0,1.0,0.0,1,72611.0
0,1,19,9,20,0,0,0,0,0,0,0,0,1,0.0,0.0,0.0,0.0,1.0,0.0,0.0,69,34,0.17,0.06,0.17,0.06,0.0,0.0,0.0,0,93712.0
0,0,13,9,8,0,0,0,0,0,0,0,0,1,0.0,0.0,0.0,0.0,1.0,0.0,1.0,1,11,1.0,0.0,1.0,0.55,0.0,0.0,0.0,1,53148.0
0,1,22,9,218,5381,0,0,1,0,0,0,0,1,0.0,0.0,0.0,0.0,1.0,0.0,0.0,109,255,1.0,0.0,0.01,0.03,0.0,0.0,0.0,0,69852.0
0,1,22,9,234,5083,0,0,1,0,0,0,0,15,0.0,0.0,0.0,0.0,1.0,0.0,0.0,148,255,1.0,0.0,0.01,0.02,0.0,0.0,0.0,0,93780.0
0,1,19,9,175337,0,0,0,1,0,0,0,0,2,0.0,0.0,0.0,0.0,1.0,0.0,0.0,11,64,0.91,0.18,0.91,0.03,0.0,0.0,0.0,0,122943.0
0,1,22,9,297,2006,0,0,1,0,0,0,0,4,0.25,0.25,0.0,0.0,1.0,0.0,0.0,255,255,1.0,0.0,0.0,0.0,0.0,0.0,0.0,0,71824.0
0,0,13,9,8,0,0,0,0,0,0,0,0,1,0.0,0.0,0.0,0.0,1.0,0.0,1.0,1,35,1.0,0.0,1.0,0.51,0.0,0.0,0.0,1,22847.0
0,1,22,1,0,0,0,0,0,0,0,0,0,1,0.0,0.0,1.0,1.0,1.0,0.0,0.0,2,255,1.0,0.0,0.5,0.06,0.0,0.0,0.84,0,102259.0
27,1,18,9,873,2586,0,18,1,0,0,0,0,1,0.0,0.0,0.0,0.0,1.0,0.0,0.0,255,59,0.23,0.02,0.0,0.0,0.0,0.0,0.0,0,103117.0
0,1,22,1,0,0,0,0,0,0,0,0,0,1,0.0,0.0,1.0,1.0,1.0,0.0,0.0,2,255,1.0,0.0,0.5,0.02,0.0,0.0,0.04,0,53971.0
0,2,11,9,42,42,0,0,0,0,0,0,0,6,0.0,0.0,0.0,0.0,1.0,0.0,0.25,255,249,0.98,0.01,0.01,0.0,0.0,0.0,0.0,0,12506.0
0,2,40,9,48,48,0,0,0,0,0,0,0,1,0.0,0.0,0.0,0.0,1.0,0.0,0.0,197,3,0.02,0.02,0.02,0.0,0.0,0.0,0.0,0,104618.0
0,1,46,5,0,0,0,0,0,0,0,0,0,119,1.0,1.0,0.0,0.0,0.02,0.07,0.0,55,19,0.35,0.13,0.02,0.0,1.0,1.0,0.0,1,25343.0
0,1,5,5,0,0,0,0,0,0,0,0,0,125,1.0,1.0,0.0,0.0,0.13,0.06,0.0,255,16,0.06,0.05,0.0,0.0,1.0,1.0,0.0,1,26019.0
25,1,18,9,274,909,0,5,1,0,0,0,0,1,0.0,0.0,0.0,0.0,1.0,0.0,0.0,122,13,0.11,0.06,0.01,0.0,0.02,0.0,0.0,0,34873.0
0,1,46,4,0,0,0,0,0,0,0,0,0,1,0.0,0.0,1.0,1.0,1.0,0.0,0.0,252,1,0.0,0.61,0.61,0.0,0.0,0.0,1.0,1,87283.0
0,1,2,1,0,0,0,0,0,0,0,0,0,171,0.0,0.0,1.0,1.0,0.03,0.08,0.0,255,5,0.02,0.08,0.0,0.0,0.0,0.0,1.0,1,54866.0
0,1,22,9,210,4971,0,0,1,0,0,0,0,1,0.0,0.0,0.0,0.0,1.0,0.0,0.11,42,255,1.0,0.0,0.02,0.01,0.0,0.0,0.0,0,3000.0
0,1,46,5,0,0,0,0,0,0,0,0,0,81,1.0,1.0,0.0,0.0,0.05,0.07,0.0,255,19,0.07,0.06,0.0,0.0,1.0,1.0,0.0,1,19751.0
0,1,41,1,0,0,0,0,0,0,0,0,0,511,0.22,0.0,0.78,1.0,0.0,1.0,0.0,255,1,0.0,1.0,0.0,0.0,0.18,0.0,1.0,1,109524.0
0,1,3,5,0,0,0,0,0,0,0,0,0,218,1.0,1.0,0.0,0.0,0.04,0.06,0.0,255,9,0.04,0.05,0.0,0.0,1.0,1.0,0.0,1,29482.0
0,1,46,1,0,0,0,0,0,0,0,0,0,78,0.0,0.0,1.0,1.0,0.15,0.08,0.0,255,12,0.05,0.07,0.0,0.0,0.0,0.0,1.0,1,108431.0
0,1,22,9,191,1223,0,0,1,0,0,0,0,5,0.2,0.08,0.0,0.0,1.0,0.0,0.17,3,255,1.0,0.0,0.33,0.04,0.0,0.0,0.0,0,96769.0
0,1,46,5,0,0,0,0,0,0,0,0,0,1,1.0,1.0,0.0,0.0,1.0,0.0,0.0,255,13,0.05,0.08,0.0,0.0,1.0,1.0,0.0,1,65693.0
0,0,14,9,1032,0,0,0,0,0,0,0,0,391,0.0,0.0,0.0,0.0,1.0,0.0,0.0,255,255,1.0,0.0,1.0,0.0,0.0,0.0,0.0,1,68502.0
0,2,40,9,48,48,0,0,0,0,0,0,0,1,0.0,0.0,0.0,0.0,1.0,0.0,1.0,255,11,0.04,0.01,0.04,0.0,0.0,0.0,0.0,0,51748.0
0,1,46,1,0,0,0,0,0,0,0,0,0,149,0.0,0.0,1.0,1.0,0.07,0.05,0.0,255,7,0.03,0.06,0.0,0.0,0.0,0.0,1.0,1,35879.0
0,1,26,5,0,0,0,0,0,0,0,0,0,276,1.0,1.0,0.0,0.0,0.05,0.05,0.0,255,14,0.05,0.05,0.0,0.0,1.0,1.0,0.0,1,48903.0
0,1,46,1,0,0,0,0,0,0,0,0,0,372,0.06,0.0,0.92,1.0,0.0,1.0,0.0,255,1,0.0,1.0,0.0,0.0,0.09,0.0,1.0,1,60887.0
0,1,46,4,0,0,0,0,0,0,0,0,0,1,0.0,0.0,1.0,1.0,1.0,0.0,0.0,255,1,0.0,0.3,0.59,0.0,0.0,0.0,1.0,1,90650.0
0,1,27,5,0,0,0,0,0,0,0,0,0,119,1.0,1.0,0.0,0.0,0.08,0.07,0.0,255,9,0.04,0.06,0.0,0.0,1.0,1.0,0.0,1,41776.0
28,2,11,9,46,46,0,0,0,0,0,0,0,6,0.0,0.0,0.0,0.0,0.17,0.33,0.25,83,80,0.96,0.02,0.01,0.0,0.0,0.0,0.0,0,121499.0
1,1,51,9,1056,334,0,0,1,0,0,0,0,1,0.0,0.0,0.0,0.0,1.0,0.0,0.0,61,126,0.61,0.08,0.02,0.02,0.0,0.0,0.0,0,24993.0
0,1,22,9,226,2038,0,0,1,0,0,0,0,3,0.0,0.0,0.0,0.0,1.0,0.0,0.0,255,255,1.0,0.0,0.0,0.0,0.0,0.0,0.0,0,120113.0
0,0,14,9,520,0,0,0,0,0,0,0,0,381,0.0,0.0,0.0,0.0,1.0,0.0,0.0,255,255,1.0,0.0,1.0,0.0,0.0,0.0,0.0,1,107692.0
0,1,57,5,0,0,0,0,0,0,0,0,0,231,1.0,1.0,0.0,0.0,0.07,0.06,0.0,255,16,0.06,0.07,0.0,0.0,1.0,1.0,0.0,1,87740.0
0,1,46,1,0,0,0,0,0,0,0,0,0,473,0.06,0.0,0.93,1.0,0.0,1.0,0.0,255,1,0.0,1.0,0.0,0.0,0.09,0.0,1.0,1,97315.0
0,1,46,4,0,0,0,0,0,0,0,0,0,1,0.0,0.0,1.0,1.0,1.0,0.0,0.0,255,1,0.0,0.41,0.81,0.0,0.0,0.0,1.0,1,50920.0
0,1,22,9,328,346,0,0,1,0,0,0,0,1,0.0,0.0,0.0,0.0,1.0,0.0,1.0,11,255,1.0,0.0,0.09,0.04,0.0,0.0,0.0,0,49847.0
0,2,11,9,46,134,0,0,0,0,0,0,0,180,0.0,0.0,0.0,0.0,1.0,0.0,0.0,255,255,1.0,0.0,0.0,0.0,0.0,0.0,0.0,0,85710.0
0,1,66,5,0,0,0,0,0,0,0,0,0,139,1.0,1.0,0.0,0.0,0.06,0.08,0.0,255,8,0.03,0.07,0.0,0.0,1.0,1.0,0.0,1,5968.0
0,1,46,5,0,0,0,0,0,0,0,0,0,142,1.0,1.0,0.0,0.0,0.11,0.06,0.0,255,11,0.04,0.07,0.0,0.0,1.0,1.0,0.0,1,21328.0
0,1,19,1,0,0,0,0,0,0,0,0,0,242,0.0,0.0,1.0,1.0,0.02,0.07,0.0,255,6,0.02,0.07,0.0,0.0,0.0,0.0,1.0,1,2625.0
0,1,22,9,325,2649,0,0,1,0,0,0,0,7,0.0,0.0,0.0,0.0,1.0,0.0,0.0,255,255,1.0,0.0,0.0,0.0,0.0,0.0,0.0,0,55396.0
0,1,46,5,0,0,0,0,0,0,0,0,0,239,1.0,1.0,0.0,0.0,0.08,0.05,0.0,255,3,0.01,0.08,0.0,0.0,1.0,1.0,0.0,1,8872.0
0,1,8,5,0,0,0,0,0,0,0,0,0,195,1.0,1.0,0.0,0.0,0.01,0.05,0.0,255,1,0.0,0.05,0.0,0.0,1.0,1.0,0.0,1,76320.0
0,0,14,9,1032,0,0,0,0,0,0,0,0,61,0.0,0.0,0.0,0.0,1.0,0.0,0.0,255,61,0.24,0.02,0.24,0.0,0.0,0.0,0.0,1,102135.0
0,1,19,9,7162,0,0,0,1,0,0,0,0,5,0.0,0.0,0.0,0.0,1.0,0.0,0.0,11,97,1.0,0.0,1.0,0.02,0.0,0.01,0.0,0,94170.0
0,1,22,9,257,327,0,0,1,0,0,0,0,3,0.0,0.0,0.0,0.0,1.0,0.0,0.36,121,255,1.0,0.0,0.01,0.02,0.0,0.0,0.0,0,102891.0
0,1,46,5,0,0,0,0,0,0,0,0,0,207,1.0,1.0,0.0,0.0,0.05,0.05,0.0,255,16,0.06,0.06,0.0,0.0,1.0,1.0,0.0,1,78548.0
0,1,3,5,0,0,0,0,0,0,0,0,0,292,1.0,1.0,0.0,0.0,0.08,0.05,0.0,255,22,0.09,0.05,0.0,0.0,1.0,1.0,0.0,1,101485.0
0,1,46,5,0,0,0,0,0,0,0,0,0,138,1.0,1.0,0.0,0.0,0.07,0.06,0.0,255,7,0.03,0.07,0.01,0.0,1.0,1.0,0.0,1,7775.0
0,1,22,5,0,0,0,0,0,0,0,0,0,280,1.0,1.0,0.0,0.0,0.01,0.06,0.0,255,1,0.0,0.07,0.0,0.0,1.0,1.0,0.0,1,32136.0
0,1,22,9,207,8226,0,0,1,0,0,0,0,7,0.0,0.0,0.0,0.0,1.0,0.0,0.0,71,255,1.0,0.0,0.01,0.01,0.01,0.0,0.0,0,90356.0
0,2,11,9,45,74,0,0,0,0,0,0,0,202,0.0,0.0,0.0,0.0,1.0,0.0,0.0,255,255,1.0,0.0,0.0,0.0,0.0,0.0,0.0,0,72477.0
0,1,18,9,1245,2449,0,28,1,0,0,0,0,1,0.0,0.0,0.0,0.0,1.0,0.0,0.0,125,23,0.18,0.05,0.01,0.0,0.02,0.0,0.0,0,69561.0
0,1,22,9,303,11455,0,0,1,0,0,0,0,12,0.0,0.0,0.0,0.0,1.0,0.0,0.15,12,255,1.0,0.0,0.08,0.03,0.0,0.0,0.0,0,19777.0
0,1,46,5,0,0,0,0,0,0,0,0,0,261,1.0,1.0,0.0,0.0,0.03,0.05,0.0,255,8,0.03,0.06,0.0,0.0,1.0,1.0,0.0,1,63643.0
0,1,19,9,192,0,0,0,1,0,0,0,0,2,0.0,0.0,0.0,0.0,1.0,0.0,0.0,251,71,0.27,0.02,0.27,0.03,0.0,0.0,0.0,0,42826.0
0,1,22,5,0,0,0,0,0,0,0,0,0,20,0.95,1.0,0.05,0.0,0.95,0.1,0.0,255,57,0.22,0.04,0.0,0.0,1.0,1.0,0.0,1,22274.0
0,1,19,9,383,0,0,0,0,0,0,0,0,1,0.0,0.0,0.0,0.0,1.0,0.0,0.0,59,31,0.12,0.03,0.12,0.06,0.0,0.0,0.0,0,23363.0
0,1,22,9,356,1238,0,0,1,0,0,0,0,27,0.0,0.0,0.0,0.0,1.0,0.0,0.0,116,255,1.0,0.0,0.01,0.03,0.0,0.0,0.0,0,120167.0
0,1,22,9,315,1230,0,0,1,0,0,0,0,7,0.0,0.0,0.0,0.0,1.0,0.0,0.0,255,255,1.0,0.0,0.0,0.0,0.0,0.0,0.0,0,110256.0
0,1,46,5,0,0,0,0,0,0,0,0,0,208,1.0,1.0,0.0,0.0,0.09,0.06,0.0,255,18,0.07,0.07,0.0,0.0,1.0,1.0,0.0,1,19982.0
0,2,46,9,105,0,0,0,0,0,0,0,0,2,0.0,0.0,0.0,0.0,1.0,0.0,0.0,255,149,0.58,0.01,0.01,0.0,0.0,0.0,0.0,0,28992.0
0,2,11,9,34,0,0,0,0,0,0,0,0,1,0.0,0.0,0.0,0.0,1.0,0.0,1.0,146,10,0.03,0.05,0.03,0.2,0.0,0.0,0.0,0,96585.0
0,1,46,5,0,0,0,0,0,0,0,0,0,218,1.0,1.0,0.0,0.0,0.04,0.05,0.0,78,9,0.12,0.1,0.01,0.0,0.97,1.0,0.0,1,22111.0
0,1,51,9,754,331,0,0,1,0,0,0,0,1,0.0,0.0,0.0,0.0,1.0,0.0,1.0,135,157,0.46,0.05,0.01,0.01,0.01,0.0,0.0,0,16693.0
0,1,22,9,209,2005,0,0,1,0,0,0,0,8,0.0,0.0,0.0,0.0,1.0,0.0,0.0,255,255,1.0,0.0,0.0,0.0,0.0,0.0,0.0,0,84601.0
0,1,2,5,0,0,0,0,0,0,0,0,0,246,1.0,1.0,0.0,0.0,0.01,0.07,0.0,255,3,0.01,0.07,0.0,0.0,1.0,1.0,0.0,1,82152.0
0,1,22,9,211,5903,0,0,1,0,0,0,0,4,0.0,0.0,0.0,0.0,1.0,0.0,0.4,4,255,1.0,0.0,0.25,0.05,0.0,0.0,0.0,0,89611.0
0,1,38,5,0,0,0,0,0,0,0,0,0,154,1.0,1.0,0.0,0.0,0.14,0.05,0.0,255,22,0.09,0.05,0.0,0.0,1.0,1.0,0.0,1,65739.0
0,1,46,5,0,0,0,0,0,0,0,0,0,296,1.0,1.0,0.0,0.0,0.04,0.05,0.0,255,13,0.05,0.07,0.0,0.0,1.0,1.0,0.0,1,107347.0
2,1,18,9,1194,2447,0,28,1,0,0,0,0,1,0.0,0.0,0.0,0.0,1.0,0.0,0.0,255,103,0.4,0.02,0.0,0.0,0.0,0.0,0.0,0,26591.0
0,1,22,9,314,4708,0,0,1,0,0,0,0,23,0.0,0.0,0.0,0.0,1.0,0.0,0.11,235,255,1.0,0.0,0.0,0.01,0.0,0.0,0.0,0,56729.0
0,0,13,9,8,0,0,0,0,0,0,0,0,1,0.0,0.0,0.0,0.0,1.0,0.0,1.0,2,255,1.0,0.0,1.0,0.25,0.0,0.0,0.0,1,78187.0
0,0,13,9,8,0,0,0,0,0,0,0,0,1,0.0,0.0,0.0,0.0,1.0,0.0,1.0,1,91,1.0,0.0,1.0,0.51,0.0,0.0,0.0,1,47330.0
0,1,22,9,197,1691,0,0,1,0,0,0,0,11,0.0,0.0,0.0,0.0,1.0,0.0,0.1,57,255,1.0,0.0,0.02,0.02,0.0,0.0,0.0,0,78949.0
0,1,34,5,0,0,0,0,0,0,0,0,0,176,1.0,1.0,0.0,0.0,0.09,0.08,0.0,255,15,0.06,0.07,0.0,0.0,1.0,1.0,0.0,1,99869.0
0,1,46,5,0,0,0,0,0,0,0,0,0,219,1.0,1.0,0.0,0.0,0.06,0.05,0.0,160,13,0.08,0.08,0.01,0.0,0.91,1.0,0.0,1,12283.0
0,1,19,5,0,0,0,0,0,0,0,0,0,273,1.0,1.0,0.0,0.0,0.09,0.05,0.0,255,24,0.09,0.05,0.0,0.0,1.0,1.0,0.0,1,68307.0
4,1,51,9,1403,412,0,0,1,0,0,0,0,1,0.0,0.0,0.0,0.0,1.0,0.0,0.0,105,213,0.84,0.04,0.01,0.01,0.0,0.0,0.0,0,67192.0
0,1,22,9,205,10500,0,0,1,0,0,0,0,27,0.0,0.0,0.0,0.0,1.0,0.0,0.0,255,255,1.0,0.0,0.0,0.0,0.0,0.0,0.0,0,83443.0
0,1,22,9,222,367,0,0,1,0,0,0,0,5,0.0,0.0,0.0,0.0,1.0,0.0,0.0,81,255,1.0,0.0,0.01,0.05,0.0,0.0,0.0,0,53586.0
0,1,22,9,337,8354,0,0,1,0,0,0,0,8,0.0,0.0,0.0,0.0,1.0,0.0,0.22,255,255,1.0,0.0,0.0,0.0,0.0,0.0,0.0,0,113925.0
0,1,16,5,0,0,0,0,0,0,0,0,0,128,1.0,1.0,0.0,0.0,0.15,0.05,0.0,255,19,0.07,0.05,0.0,0.0,1.0,1.0,0.0,1,75605.0
0,1,46,1,0,0,0,0,0,0,0,0,0,1,0.0,0.0,1.0,1.0,1.0,0.0,0.0,25,1,0.04,1.0,0.04,0.0,0.0,0.0,1.0,1,120606.0
0,2,41,9,5,0,0,0,0,0,0,0,0,130,0.0,0.0,0.0,0.0,0.01,0.02,0.0,255,9,0.04,0.02,0.04,0.0,0.0,0.0,0.0,1,64863.0
0,1,54,5,0,0,0,0,0,0,0,0,0,207,1.0,1.0,0.0,0.0,0.09,0.06,0.0,255,19,0.07,0.07,0.0,0.0,1.0,1.0,0.0,1,103026.0
0,0,13,9,8,0,0,0,0,0,0,0,0,1,0.0,0.0,0.0,0.0,1.0,0.0,1.0,2,66,1.0,0.0,1.0,0.5,0.0,0.0,0.0,1,85470.0
0,1,22,9,325,764,0,0,1,0,0,0,0,8,0.0,0.0,0.0,0.0,1.0,0.0,0.33,10,255,1.0,0.0,0.1,0.04,0.0,0.0,0.0,0,20908.0
0,1,22,9,293,1282,0,0,1,0,0,0,0,6,0.0,0.0,0.0,0.0,1.0,0.0,0.33,27,81,1.0,0.0,0.04,0.05,0.0,0.0,0.0,0,31539.0
0,1,46,5,0,0,0,0,0,0,0,0,0,102,1.0,1.0,0.0,0.0,0.02,0.06,0.0,255,17,0.07,0.06,0.0,0.0,1.0,1.0,0.0,1,18039.0
0,1,54,5,0,0,0,0,0,0,0,0,0,130,1.0,1.0,0.0,0.0,0.05,0.05,0.0,255,6,0.02,0.05,0.0,0.0,1.0,1.0,0.0,1,78572.0
0,1,55,5,0,0,0,0,0,0,0,0,0,255,1.0,1.0,0.0,0.0,0.01,0.06,0.0,255,18,0.07,0.07,0.0,0.0,1.0,1.0,0.0,1,45569.0
8624,2,41,9,147,105,0,0,0,0,0,0,0,1,0.0,0.0,0.0,0.0,1.0,0.0,0.0,255,1,0.0,0.41,0.85,0.0,0.0,0.0,0.0,0,35055.0
0,1,64,5,0,0,0,0,0,0,0,0,0,230,1.0,1.0,0.0,0.0,0.07,0.06,0.0,255,15,0.06,0.07,0.0,0.0,1.0,1.0,0.0,1,36823.0
0,1,22,9,316,912,0,0,1,0,0,0,0,27,0.0,0.0,0.0,0.0,1.0,0.0,0.1,255,255,1.0,0.0,0.0,0.0,0.0,0.0,0.0,0,87775.0
0,1,60,2,0,0,0,0,0,0,0,0,0,298,0.0,0.0,1.0,1.0,0.07,0.06,0.0,255,20,0.08,0.07,0.0,0.0,0.0,0.0,1.0,1,85778.0
0,1,22,5,0,0,0,0,0,0,0,0,0,296,1.0,1.0,0.0,0.0,0.05,0.06,0.0,255,3,0.01,0.08,0.0,0.0,1.0,1.0,0.0,1,31058.0
0,1,22,9,200,626,0,0,1,0,0,0,0,18,0.0,0.0,0.0,0.0,1.0,0.0,0.0,33,255,1.0,0.0,0.03,0.03,0.0,0.0,0.0,0,15613.0
0,1,41,9,12241,0,0,0,1,0,0,0,0,6,0.17,0.0,0.0,0.0,0.17,0.67,0.0,100,1,0.01,0.07,0.42,0.0,0.01,0.0,0.0,0,116608.0
0,1,52,5,0,0,0,0,0,0,0,0,0,232,1.0,1.0,0.0,0.0,0.03,0.06,0.0,255,7,0.03,0.05,0.0,0.0,1.0,1.0,0.0,1,41265.0
0,1,57,2,0,0,0,0,0,0,0,0,0,263,0.0,0.0,1.0,1.0,0.01,0.06,0.0,255,2,0.01,0.07,0.0,0.0,0.0,0.0,1.0,1,59772.0
0,1,22,9,236,1425,0,0,1,0,0,0,0,1,0.0,0.0,0.0,0.0,1.0,0.0,0.0,43,255,1.0,0.0,0.02,0.02,0.0,0.0,0.0,0,56328.0
0,1,64,1,0,0,0,0,0,0,0,0,0,105,0.0,0.0,1.0,1.0,0.01,0.08,0.0,255,1,0.0,0.08,0.0,0.0,0.0,0.0,1.0,1,77775.0
0,1,46,5,0,0,0,0,0,0,0,0,0,140,1.0,1.0,0.0,0.0,0.14,0.05,0.0,255,1,0.0,0.07,0.0,0.0,1.0,1.0,0.0,1,47168.0
0,1,19,9,8325,0,0,0,1,0,0,0,0,17,0.0,0.0,0.0,0.0,1.0,0.0,0.0,79,78,0.29,0.04,0.29,0.03,0.0,0.15,0.0,0,79774.0
27,1,18,9,1512,4152,0,30,1,0,0,0,0,1,0.0,0.0,0.0,0.0,1.0,0.0,0.0,172,59,0.34,0.03,0.01,0.0,0.0,0.0,0.0,0,39065.0
0,1,55,1,0,0,0,0,0,0,0,0,0,144,0.0,0.0,1.0,1.0,0.1,0.06,0.0,255,9,0.04,0.07,0.0,0.0,0.0,0.0,1.0,1,63070.0
0,1,41,1,0,0,0,0,0,0,0,0,0,511,0.18,0.0,0.82,1.0,0.0,1.0,0.0,255,1,0.0,1.0,0.0,0.0,0.05,0.0,1.0,1,60104.0
0,1,17,5,0,0,0,0,0,0,0,0,0,48,1.0,1.0,0.0,0.0,0.23,0.08,0.0,255,54,0.21,0.04,0.02,0.0,1.0,1.0,0.0,1,106428.0
0,2,11,9,46,132,0,0,0,0,0,0,0,78,0.0,0.0,0.0,0.0,0.99,0.03,0.01,255,240,0.94,0.01,0.0,0.0,0.0,0.0,0.0,0,36679.0
0,1,46,5,0,0,0,0,0,0,0,0,0,155,1.0,1.0,0.0,0.0,0.12,0.07,0.0,255,18,0.07,0.07,0.0,0.0,1.0,1.0,0.0,1,14226.0
0,1,12,5,0,0,0,0,0,0,0,0,0,140,1.0,1.0,0.0,0.0,0.11,0.06,0.0,255,6,0.02,0.07,0.0,0.0,1.0,1.0,0.0,1,42641.0
0,1,22,9,301,2507,0,0,1,0,0,0,0,3,0.0,0.0,0.0,0.25,1.0,0.0,0.5,250,250,1.0,0.0,0.0,0.0,0.0,0.0,0.0,0,39185.0
0,1,22,9,54540,8314,0,2,1,1,0,0,0,6,0.17,0.17,0.17,0.17,1.0,0.0,0.0,255,255,1.0,0.0,0.0,0.0,0.0,0.0,0.06,1,18569.0
0,2,11,9,46,140,0,0,0,0,0,0,0,79,0.0,0.0,0.0,0.0,1.0,0.0,0.01,193,162,0.84,0.01,0.01,0.0,0.0,0.0,0.0,0,123714.0
0,1,22,9,320,3845,0,0,1,0,0,0,0,2,0.0,0.0,0.0,0.06,1.0,0.0,0.17,6,255,1.0,0.0,0.17,0.08,0.0,0.0,0.0,0,21307.0
0,1,22,9,217,1591,0,0,1,0,0,0,0,11,0.0,0.0,0.0,0.0,1.0,0.0,0.0,136,255,1.0,0.0,0.01,0.03,0.0,0.0,0.0,0,18879.0
0,1,10,5,0,0,0,0,0,0,0,0,0,273,1.0,1.0,0.0,0.0,0.06,0.07,0.0,255,16,0.06,0.08,0.0,0.0,1.0,1.0,0.0,1,86512.0
0,1,22,9,228,2502,0,0,1,0,0,0,0,15,0.0,0.0,0.0,0.0,1.0,0.0,0.12,255,255,1.0,0.0,0.0,0.0,0.0,0.0,0.0,0,57123.0
0,0,13,9,8,0,0,0,0,0,0,0,0,1,0.0,0.0,0.0,0.0,1.0,0.0,1.0,1,255,1.0,0.0,1.0,0.5,0.0,0.0,0.0,1,4110.0
0,1,20,5,0,0,0,0,0,0,0,0,0,230,1.0,1.0,0.0,0.0,0.06,0.06,0.0,255,7,0.03,0.07,0.0,0.0,1.0,1.0,0.0,1,87981.0
0,1,22,9,210,2446,0,0,1,0,0,0,0,7,0.0,0.0,0.0,0.0,1.0,0.0,0.25,116,255,1.0,0.0,0.01,0.02,0.01,0.0,0.0,0,5748.0
0,1,46,5,0,0,0,0,0,0,0,0,0,189,1.0,1.0,0.0,0.0,0.11,0.06,0.0,255,4,0.02,0.07,0.0,0.0,1.0,1.0,0.0,1,53259.0
1,1,51,9,3035,325,0,0,1,0,0,0,0,1,0.0,0.0,0.0,0.0,1.0,0.0,1.0,43,103,0.56,0.09,0.02,0.02,0.0,0.0,0.0,0,53157.0
0,1,46,5,0,0,0,0,0,0,0,0,0,74,1.0,1.0,0.0,0.0,0.15,0.08,0.0,255,11,0.04,0.06,0.0,0.0,1.0,1.0,0.0,1,60682.0
0,1,22,9,350,2597,0,0,1,0,0,0,0,11,0.0,0.0,0.0,0.0,1.0,0.0,0.09,11,255,1.0,0.0,0.09,0.03,0.0,0.0,0.0,0,23407.0
0,2,11,9,43,43,0,0,0,0,0,0,0,107,0.0,0.0,0.0,0.0,0.99,0.02,0.01,255,254,1.0,0.01,0.01,0.0,0.0,0.0,0.0,0,13730.0
0,1,22,1,0,0,0,0,0,0,0,0,0,1,0.0,0.0,1.0,1.0,1.0,0.0,1.0,7,122,1.0,0.0,0.14,0.28,0.0,0.0,0.99,0,110983.0
0,1,46,5,0,0,0,0,0,0,0,0,0,110,1.0,1.0,0.0,0.0,0.07,0.06,0.0,255,8,0.03,0.06,0.0,0.0,1.0,1.0,0.0,1,56379.0
0,1,46,5,0,0,0,0,0,0,0,0,0,153,1.0,1.0,0.0,0.0,0.1,0.07,0.0,255,16,0.06,0.06,0.0,0.0,1.0,1.0,0.0,1,35388.0
0,1,22,9,265,255,0,0,1,0,0,0,0,9,0.0,0.0,0.0,0.0,1.0,0.0,0.2,255,255,1.0,0.0,0.0,0.0,0.0,0.0,0.0,0,4982.0
0,2,11,9,43,73,0,0,0,0,0,0,0,145,0.0,0.0,0.0,0.0,1.0,0.0,0.02,255,230,0.9,0.01,0.01,0.0,0.0,0.0,0.0,0,93519.0
0,2,41,9,147,0,0,0,0,0,0,0,0,1,0.0,0.0,0.0,0.0,1.0,0.0,0.0,255,1,0.0,0.79,1.0,0.0,0.0,0.0,0.0,0,25817.0
0,1,18,2,0,0,0,0,0,0,0,0,0,277,0.0,0.0,1.0,1.0,0.07,0.06,0.0,255,19,0.07,0.08,0.0,0.0,0.0,0.0,1.0,1,64455.0
0,2,41,9,516,4,0,0,0,0,0,0,0,220,0.0,0.0,0.0,0.0,1.0,0.0,0.0,220,220,1.0,0.0,1.0,0.0,0.0,0.0,0.0,0,90263.0
0,1,22,9,258,8745,0,0,1,0,0,0,0,1,0.0,0.0,0.0,0.0,1.0,0.0,0.0,255,255,1.0,0.0,0.0,0.0,0.0,0.0,0.0,0,19826.0
0,1,22,9,198,11607,0,0,1,0,0,0,0,1,0.0,0.0,0.0,0.0,1.0,0.0,0.0,4,255,1.0,0.0,0.25,0.05,0.0,0.0,0.01,0,22435.0
0,1,22,9,329,3276,0,0,1,0,0,0,0,22,0.0,0.0,0.0,0.0,1.0,0.0,0.0,255,255,1.0,0.0,0.0,0.0,0.0,0.0,0.0,0,69844.0
0,1,22,9,330,4751,0,0,1,0,0,0,0,2,0.0,0.0,0.0,0.0,1.0,0.0,0.2,4,255,1.0,0.0,0.25,0.04,0.0,0.0,0.0,0,102197.0
0,1,46,5,0,0,0,0,0,0,0,0,0,283,1.0,1.0,0.0,0.0,0.05,0.06,0.0,255,19,0.07,0.07,0.0,0.0,1.0,1.0,0.0,1,123266.0
0,1,25,5,0,0,0,0,0,0,0,0,0,281,1.0,1.0,0.0,0.0,0.06,0.06,0.0,255,1,0.0,0.07,0.0,0.0,1.0,1.0,0.0,1,35817.0
0,1,57,5,0,0,0,0,0,0,0,0,0,271,1.0,1.0,0.0,0.0,0.08,0.05,0.0,255,23,0.09,0.05,0.0,0.0,1.0,1.0,0.0,1,95639.0
0,2,41,9,146,0,0,0,0,0,0,0,0,3,0.0,0.0,0.0,0.0,0.33,1.0,0.0,255,2,0.01,0.47,0.79,0.0,0.0,0.0,0.0,0,80861.0
35,1,18,9,1216,3380,0,24,1,0,0,0,0,1,0.0,0.0,0.0,0.0,1.0,0.0,0.0,255,59,0.23,0.03,0.0,0.0,0.0,0.0,0.0,0,51314.0
0,1,22,9,332,604,0,0,1,0,0,0,0,30,0.0,0.0,0.0,0.0,1.0,0.0,0.09,255,255,1.0,0.0,0.0,0.0,0.0,0.0,0.0,0,90307.0
0,1,44,9,35,130,0,0,1,0,0,0,0,1,0.0,0.0,0.0,0.0,1.0,0.0,0.0,153,6,0.04,0.03,0.01,0.0,0.0,0.0,0.0,0,36847.0
0,2,46,9,215,0,0,0,0,0,0,0,0,1,0.0,0.0,0.0,0.0,1.0,0.0,0.0,195,163,0.84,0.01,0.84,0.0,0.0,0.0,0.0,1,108955.0
0,1,55,5,0,0,0,0,0,0,0,0,0,266,1.0,1.0,0.0,0.0,0.06,0.05,0.0,255,16,0.06,0.05,0.0,0.0,1.0,1.0,0.0,1,72258.0
0,1,22,9,309,3109,0,0,1,0,0,0,0,19,0.0,0.0,0.0,0.0,1.0,0.0,0.0,19,255,1.0,0.0,0.05,0.02,0.0,0.01,0.0,0,62510.0
0,0,14,9,1032,0,0,0,0,0,0,0,0,511,0.0,0.0,0.0,0.0,1.0,0.0,0.0,255,178,0.7,0.01,0.7,0.0,0.0,0.0,0.0,1,33060.0
0,1,46,1,0,0,0,0,0,0,0,0,0,134,0.0,0.0,1.0,1.0,0.03,0.07,0.0,59,4,0.07,0.1,0.02,0.0,0.0,0.0,1.0,1,61441.0
0,1,64,5,0,0,0,0,0,0,0,0,0,230,1.0,1.0,0.0,0.0,0.03,0.07,0.0,255,3,0.01,0.07,0.0,0.0,1.0,1.0,0.0,1,72729.0
0,1,22,9,238,3352,0,0,1,0,0,0,0,4,0.0,0.0,0.0,0.0,1.0,0.0,0.0,22,255,1.0,0.0,0.05,0.06,0.0,0.0,0.0,0,118450.0
3924,2,41,9,146,105,0,0,0,0,0,0,0,1,0.0,0.0,0.0,0.0,1.0,0.0,0.0,255,1,0.0,0.78,0.97,0.0,0.0,0.0,0.0,0,14171.0
0,1,46,5,0,0,0,0,0,0,0,0,0,247,1.0,1.0,0.0,0.0,0.04,0.06,0.0,255,11,0.04,0.07,0.0,0.0,1.0,1.0,0.0,1,48499.0
0,2,41,9,1,0,0,0,0,0,0,0,0,12,0.0,0.0,0.0,0.0,0.08,0.67,0.0,255,1,0.0,0.19,1.0,0.0,0.0,0.0,0.0,1,98797.0
0,1,22,9,249,5310,0,0,1,0,0,0,0,1,0.0,0.0,0.0,0.0,1.0,0.0,0.0,189,255,1.0,0.0,0.01,0.01,0.0,0.0,0.0,0,123756.0
0,1,46,5,0,0,0,0,0,0,0,0,0,143,1.0,1.0,0.0,0.0,0.1,0.06,0.0,29,13,0.45,0.21,0.03,0.0,1.0,1.0,0.0,1,49766.0
0,1,54,5,0,0,0,0,0,0,0,0,0,284,1.0,1.0,0.0,0.0,0.02,0.06,0.0,255,15,0.06,0.08,0.0,0.0,1.0,1.0,0.0,1,6865.0
0,1,22,9,403,4355,0,0,1,0,0,0,0,8,0.0,0.0,0.0,0.0,1.0,0.0,0.0,255,255,1.0,0.0,0.0,0.0,0.0,0.0,0.0,0,20425.0
0,1,55,5,0,0,0,0,0,0,0,0,0,244,1.0,1.0,0.0,0.0,0.08,0.06,0.0,255,19,0.07,0.07,0.0,0.0,1.0,1.0,0.0,1,9311.0
0,1,26,5,0,0,0,0,0,0,0,0,0,298,1.0,1.0,0.0,0.0,0.0,0.06,0.0,255,1,0.0,0.07,0.0,0.0,1.0,1.0,0.0,1,49138.0
0,1,22,9,228,3453,0,0,1,0,0,0,0,5,0.0,0.0,0.0,0.0,1.0,0.0,0.33,8,255,1.0,0.0,0.12,0.04,0.0,0.0,0.0,0,39350.0
2,1,19,9,2194619,0,0,0,1,0,0,0,0,2,0.0,0.0,0.0,0.0,1.0,0.0,0.0,251,75,0.3,0.03,0.3,0.0,0.0,0.0,0.0,0,57793.0
0,1,22,9,235,1200,0,0,1,0,0,0,0,10,0.0,0.0,0.0,0.0,1.0,0.0,0.18,117,153,1.0,0.0,0.01,0.06,0.01,0.01,0.0,0,48647.0
0,1,19,9,95,0,0,0,0,0,0,0,0,1,0.0,0.0,0.0,0.0,1.0,0.0,0.0,53,7,0.13,0.08,0.13,0.0,0.0,0.0,0.0,0,48385.0
0,1,22,1,0,0,0,0,0,0,0,0,0,12,0.0,0.0,0.75,0.75,1.0,0.0,0.0,43,129,1.0,0.0,0.02,0.15,0.0,0.01,0.87,0,11127.0
0,1,22,9,191,2241,0,0,1,0,0,0,0,9,0.0,0.0,0.0,0.0,1.0,0.0,0.17,230,255,1.0,0.0,0.0,0.02,0.0,0.0,0.0,0,77821.0
0,2,11,9,42,42,0,0,0,0,0,0,0,8,0.0,0.0,0.0,0.0,1.0,0.0,0.11,255,137,0.54,0.01,0.0,0.0,0.0,0.0,0.0,0,111698.0
0,1,46,5,0,0,0,0,0,0,0,0,0,132,1.0,1.0,0.0,0.0,0.01,0.06,0.0,86,19,0.22,0.13,0.01,0.0,1.0,1.0,0.0,1,29767.0
4,1,18,9,1240,2449,0,28,1,0,0,0,0,1,0.0,0.0,0.0,0.0,1.0,0.0,0.0,213,41,0.19,0.02,0.0,0.0,0.0,0.0,0.0,0,7860.0
0,1,22,9,347,307,0,0,1,0,0,0,0,37,0.0,0.0,0.0,0.0,1.0,0.0,0.0,229,255,1.0,0.0,0.0,0.03,0.0,0.0,0.0,0,63125.0
0,1,2,5,0,0,0,0,0,0,0,0,0,297,1.0,1.0,0.0,0.0,0.06,0.05,0.0,255,8,0.03,0.08,0.0,0.0,1.0,1.0,0.0,1,74207.0
0,1,46,5,0,0,0,0,0,0,0,0,0,253,1.0,1.0,0.0,0.0,0.02,0.07,0.0,255,3,0.01,0.07,0.0,0.0,1.0,1.0,0.0,1,45327.0
0,1,22,9,317,504,0,0,1,0,0,0,0,17,0.0,0.0,0.0,0.0,1.0,0.0,0.06,36,255,1.0,0.0,0.03,0.03,0.0,0.0,0.0,0,90917.0
0,1,10,5,0,0,0,0,0,0,0,0,0,236,1.0,1.0,0.0,0.0,0.08,0.07,0.0,255,19,0.07,0.07,0.0,0.0,1.0,1.0,0.0,1,19705.0
0,0,13,9,8,0,0,0,0,0,0,0,0,1,0.0,0.0,0.0,0.0,1.0,0.0,1.0,2,80,1.0,0.0,1.0,0.26,0.0,0.0,0.0,1,9376.0
0,2,11,9,45,72,0,0,0,0,0,0,0,306,0.0,0.0,0.0,0.0,1.0,0.0,0.0,255,254,1.0,0.01,0.0,0.0,0.0,0.0,0.0,0,40750.0
0,1,3,5,0,0,0,0,0,0,0,0,0,270,1.0,1.0,0.0,0.0,0.06,0.06,0.0,255,16,0.06,0.06,0.0,0.0,1.0,1.0,0.0,1,23245.0
0,1,20,1,0,0,0,0,0,0,0,0,0,108,0.0,0.0,1.0,1.0,0.14,0.06,0.0,255,15,0.06,0.08,0.0,0.0,0.0,0.0,1.0,1,117399.0
0,1,22,9,337,774,0,0,1,0,0,0,0,1,0.0,0.0,0.0,0.0,1.0,0.0,0.0,255,255,1.0,0.0,0.0,0.0,0.0,0.0,0.0,0,123271.0
0,1,35,5,0,0,0,0,0,0,0,0,0,270,1.0,1.0,0.0,0.0,0.04,0.06,0.0,255,11,0.04,0.07,0.0,0.0,1.0,1.0,0.0,1,69960.0
0,2,41,9,1,0,0,0,0,0,0,0,0,20,0.0,0.0,0.0,0.0,0.1,0.5,0.0,255,2,0.01,0.18,1.0,0.0,0.0,0.0,0.0,1,57182.0
0,1,22,9,223,529,0,0,1,0,0,0,0,5,0.0,0.0,0.0,0.0,1.0,0.0,0.0,110,255,1.0,0.0,0.01,0.02,0.0,0.0,0.0,0,56074.0
0,1,22,9,226,377,0,0,1,0,0,0,0,8,0.0,0.0,0.0,0.0,1.0,0.0,0.0,94,255,1.0,0.0,0.01,0.02,0.0,0.0,0.0,0,43692.0
0,1,19,9,11,0,0,0,1,0,0,0,0,2,0.0,0.0,0.0,0.0,1.0,0.0,0.0,32,42,0.12,0.09,0.12,0.07,0.0,0.0,0.0,0,49876.0
0,2,11,9,44,85,0,0,0,0,0,0,0,217,0.0,0.0,0.0,0.0,1.0,0.0,0.01,255,217,0.85,0.01,0.01,0.0,0.0,0.0,0.0,0,38019.0
0,1,22,9,186,19509,0,0,1,0,0,0,0,2,0.0,0.0,0.0,0.0,1.0,0.0,0.0,2,255,1.0,0.0,0.5,0.08,0.0,0.0,0.0,0,115127.0
0,1,22,9,291,547,0,0,1,0,0,0,0,2,0.0,0.0,0.0,0.0,1.0,0.0,0.0,23,255,1.0,0.0,0.04,0.04,0.0,0.0,0.0,0,87486.0
0,1,22,9,307,1211,0,0,1,0,0,0,0,1,0.0,0.0,0.0,0.0,1.0,0.0,0.0,255,255,1.0,0.0,0.0,0.0,0.0,0.0,0.0,0,63048.0
0,1,22,9,281,16819,0,0,1,0,0,0,0,5,0.0,0.0,0.0,0.0,1.0,0.0,0.0,255,255,1.0,0.0,0.0,0.0,0.0,0.0,0.02,0,95813.0
0,1,22,9,298,3300,0,0,1,0,0,0,0,9,0.0,0.0,0.0,0.0,1.0,0.0,0.0,21,255,1.0,0.0,0.05,0.05,0.0,0.0,0.0,0,109129.0
0,1,25,5,0,0,0,0,0,0,0,0,0,289,1.0,1.0,0.0,0.0,0.03,0.06,0.0,255,4,0.02,0.07,0.0,0.0,1.0,1.0,0.0,1,84673.0
0,2,11,9,42,70,0,0,0,0,0,0,0,198,0.0,0.0,0.0,0.0,1.0,0.0,0.0,255,255,1.0,0.0,0.01,0.0,0.0,0.0,0.0,0,83408.0
0,0,13,9,8,0,0,0,0,0,0,0,0,1,0.0,0.0,0.0,0.0,1.0,0.0,1.0,4,20,1.0,0.0,1.0,0.25,0.0,0.0,0.0,1,3962.0
0,1,22,9,285,293,0,0,1,0,0,0,0,2,0.0,0.0,0.0,0.0,1.0,0.0,0.0,255,255,1.0,0.0,0.0,0.0,0.0,0.0,0.0,0,6138.0
0,1,22,9,296,1920,0,0,1,0,0,0,0,4,0.0,0.0,0.0,0.0,1.0,0.0,0.1,24,228,1.0,0.0,0.04,0.03,0.0,0.0,0.0,0,11548.0
0,1,22,9,166,8561,0,0,1,0,0,0,0,1,0.0,0.0,0.0,0.0,1.0,0.0,0.0,20,255,1.0,0.0,0.05,0.02,0.0,0.0,0.0,0,23387.0
0,1,22,9,339,7769,0,0,1,0,0,0,0,2,0.0,0.0,0.0,0.0,1.0,0.0,0.0,255,255,1.0,0.0,0.0,0.0,0.0,0.0,0.0,0,32259.0
0,1,2,5,0,0,0,0,0,0,0,0,0,217,1.0,1.0,0.0,0.0,0.04,0.06,0.0,255,8,0.03,0.07,0.0,0.0,1.0,1.0,0.0,1,40436.0
0,1,51,9,549,337,0,0,1,0,0,0,0,1,0.0,0.0,0.0,0.0,1.0,0.0,0.0,23,110,0.65,0.22,0.04,0.03,0.0,0.0,0.0,0,115113.0
0,1,22,9,231,4267,0,0,1,0,0,0,0,6,0.0,0.0,0.0,0.0,1.0,0.0,0.29,11,255,1.0,0.0,0.09,0.05,0.0,0.0,0.0,0,9914.0
0,2,11,9,43,126,0,0,0,0,0,0,0,115,0.0,0.0,0.0,0.0,1.0,0.0,0.01,255,255,1.0,0.0,0.0,0.0,0.0,0.0,0.0,0,95481.0
0,1,24,5,0,0,0,0,0,0,0,0,0,150,1.0,1.0,0.0,0.0,0.13,0.06,0.0,255,8,0.03,0.07,0.0,0.0,1.0,1.0,0.0,1,59394.0
0,2,11,9,44,44,0,0,0,0,0,0,0,94,0.0,0.0,0.0,0.0,1.0,0.0,0.01,255,255,1.0,0.0,0.01,0.0,0.0,0.0,0.0,0,10129.0
0,0,14,9,1032,0,0,0,0,0,0,0,0,511,0.0,0.0,0.0,0.0,1.0,0.0,0.0,241,96,0.4,0.01,0.4,0.0,0.0,0.0,0.0,1,83684.0
0,1,51,9,845,328,0,0,1,0,0,0,0,1,0.0,0.0,0.0,0.0,1.0,0.0,0.0,51,37,0.73,0.04,0.02,0.0,0.0,0.0,0.0,0,72213.0
0,1,63,5,0,0,0,0,0,0,0,0,0,137,1.0,1.0,0.0,0.0,0.08,0.06,0.0,255,9,0.04,0.07,0.0,0.0,1.0,1.0,0.0,1,6915.0
0,1,22,9,200,337,0,0,1,0,0,0,0,11,0.0,0.0,0.0,0.0,1.0,0.0,0.0,11,255,1.0,0.0,0.09,0.02,0.0,0.0,0.0,0,80516.0
0,1,22,1,0,0,0,0,0,0,0,0,0,1,0.0,0.0,1.0,1.0,1.0,0.0,0.0,1,253,1.0,0.0,1.0,0.14,0.0,0.0,0.88,0,59485.0
0,1,22,9,195,4668,0,0,1,0,0,0,0,5,0.0,0.0,0.0,0.0,1.0,0.0,0.0,5,255,1.0,0.0,0.2,0.04,0.0,0.0,0.0,0,61820.0
0,1,22,9,224,3694,0,0,1,0,0,0,0,27,0.0,0.0,0.0,0.0,1.0,0.0,0.07,246,255,1.0,0.0,0.0,0.02,0.0,0.0,0.0,0,64457.0
0,1,22,5,0,0,0,0,0,0,0,0,0,51,1.0,1.0,0.0,0.0,0.35,0.08,0.0,255,60,0.24,0.02,0.02,0.0,1.0,1.0,0.0,1,96666.0
0,1,51,9,1173,361,0,0,1,0,0,0,0,1,0.0,0.0,0.0,0.0,1.0,0.0,1.0,241,123,0.46,0.03,0.0,0.02,0.0,0.0,0.0,0,110825.0
0,1,38,5,0,0,0,0,0,0,0,0,0,134,1.0,1.0,0.0,0.0,0.12,0.05,0.0,255,19,0.07,0.06,0.0,0.0,1.0,1.0,0.0,1,92487.0
0,1,19,5,0,0,0,0,0,0,0,0,0,64,1.0,1.0,0.0,0.0,0.19,0.06,0.0,255,52,0.2,0.02,0.01,0.0,1.0,1.0,0.0,1,49150.0
0,1,22,9,240,2698,0,0,1,0,0,0,1,5,0.0,0.0,0.0,0.0,1.0,0.0,0.0,255,251,0.98,0.01,0.0,0.0,0.0,0.0,0.0,0,68676.0
0,1,22,9,330,337,0,0,1,0,0,0,0,1,0.0,0.0,0.0,0.0,1.0,0.0,0.0,255,255,1.0,0.0,0.0,0.0,0.0,0.0,0.0,0,86903.0
0,1,46,5,0,0,0,0,0,0,0,0,0,249,1.0,1.0,0.0,0.0,0.01,0.06,0.0,255,3,0.01,0.07,0.0,0.0,1.0,1.0,0.0,1,122148.0
0,1,22,5,0,0,0,0,0,0,0,0,0,208,1.0,0.19,0.0,0.0,0.02,0.07,0.14,255,4,0.02,0.08,0.0,0.0,1.0,1.0,0.0,1,58132.0
0,1,22,9,270,872,0,0,1,0,0,0,0,3,0.0,0.0,0.0,0.0,1.0,0.0,0.0,201,255,1.0,0.0,0.0,0.03,0.0,0.0,0.0,0,10192.0
0,1,38,5,0,0,0,0,0,0,0,0,0,120,1.0,1.0,0.0,0.0,0.07,0.06,0.0,255,13,0.05,0.07,0.0,0.0,1.0,1.0,0.0,1,124294.0
0,1,65,5,0,0,0,0,0,0,0,0,0,244,1.0,1.0,0.0,0.0,0.02,0.05,0.0,48,5,0.1,0.1,0.02,0.0,0.96,1.0,0.0,1,61516.0
0,1,19,9,11,0,0,0,1,0,0,0,0,2,0.0,0.0,0.0,0.0,1.0,0.0,0.0,35,54,0.11,0.09,0.11,0.04,0.0,0.0,0.0,0,93629.0
0,1,22,1,0,0,0,0,0,0,0,0,0,1,0.0,0.0,1.0,1.0,1.0,0.0,1.0,86,255,1.0,0.0,0.01,0.15,0.0,0.0,1.0,0,52249.0
0,1,22,1,0,0,0,0,0,0,0,0,0,1,0.0,0.0,1.0,1.0,1.0,0.0,0.0,9,68,1.0,0.0,0.11,0.19,0.0,0.0,0.75,0,82171.0
0,1,52,5,0,0,0,0,0,0,0,0,0,5,1.0,1.0,0.0,0.0,0.6,0.6,0.0,255,3,0.01,0.08,0.0,0.0,1.0,1.0,0.0,1,82770.0
0,1,22,9,158,26866,0,2,1,0,0,0,0,1,0.0,0.25,0.0,0.0,1.0,0.0,0.5,255,255,1.0,0.0,0.0,0.0,0.0,0.0,0.0,0,3904.0
0,1,46,1,0,0,0,0,0,0,0,0,0,206,0.0,0.0,1.0,1.0,0.1,0.06,0.0,255,20,0.08,0.09,0.0,0.0,0.0,0.0,1.0,1,109374.0
0,1,32,5,0,0,0,0,0,0,0,0,0,272,1.0,1.0,0.0,0.0,0.06,0.06,0.0,255,6,0.02,0.08,0.0,0.0,1.0,1.0,0.0,1,49262.0
0,1,24,5,0,0,0,0,0,0,0,0,0,113,1.0,1.0,0.0,0.0,0.01,0.06,0.0,255,1,0.0,0.07,0.0,0.0,1.0,1.0,0.0,1,44923.0
0,2,41,9,516,4,0,0,0,0,0,0,0,139,0.0,0.0,0.0,0.0,1.0,0.0,0.0,139,139,1.0,0.0,1.0,0.0,0.0,0.0,0.0,0,67080.0
0,1,30,1,0,0,0,0,0,0,0,0,0,231,0.0,0.0,1.0,1.0,0.01,0.07,0.0,255,2,0.01,0.07,0.0,0.0,0.0,0.0,1.0,1,10155.0
0,1,22,9,364,6914,0,0,1,0,0,0,0,13,0.0,0.0,0.0,0.0,1.0,0.0,0.0,255,255,1.0,0.0,0.0,0.0,0.0,0.0,0.0,0,513.0
0,1,19,9,67816,0,0,0,1,0,0,0,0,1,0.0,0.0,0.0,0.0,1.0,0.0,0.0,255,10,0.04,0.47,0.04,0.0,0.0,0.0,0.0,0,85346.0
0,1,46,5,0,0,0,0,0,0,0,0,0,113,1.0,1.0,0.0,0.0,0.05,0.06,0.0,7,1,0.14,0.57,0.14,0.0,1.0,1.0,0.0,1,104181.0
0,1,22,9,275,316,0,0,1,0,0,0,0,9,0.0,0.0,0.0,0.0,1.0,0.0,0.18,140,255,1.0,0.0,0.01,0.01,0.0,0.0,0.0,0,14058.0
0,1,57,5,0,0,0,0,0,0,0,0,0,194,1.0,1.0,0.0,0.0,0.01,0.06,0.0,255,1,0.0,0.07,0.0,0.0,1.0,1.0,0.0,1,118514.0
0,1,22,9,352,6207,0,0,1,0,0,0,0,7,0.0,0.0,0.0,0.0,1.0,0.0,0.0,255,255,1.0,0.0,0.0,0.0,0.0,0.0,0.0,0,83663.0
0,1,46,5,0,0,0,0,0,0,0,0,0,239,1.0,1.0,0.0,0.0,0.01,0.06,0.0,255,18,0.07,0.08,0.0,0.0,1.0,1.0,0.0,1,65886.0
0,1,46,5,0,0,0,0,0,0,0,0,0,122,1.0,1.0,0.0,0.0,0.14,0.06,0.0,255,12,0.05,0.08,0.0,0.0,1.0,1.0,0.0,1,82384.0
0,1,22,9,197,2543,0,0,1,0,0,0,0,5,0.0,0.0,0.0,0.0,1.0,0.0,0.0,255,255,1.0,0.0,0.0,0.0,0.0,0.0,0.0,0,72528.0
0,1,22,9,208,1415,0,0,1,0,0,0,0,11,0.0,0.0,0.0,0.0,1.0,0.0,0.0,39,39,1.0,0.0,0.03,0.0,0.0,0.0,0.0,0,100076.0
19,1,57,9,122,14426,0,0,1,4,0,0,0,1,0.0,0.0,0.0,0.0,1.0,0.0,0.0,71,2,0.01,0.08,0.01,1.0,0.0,0.0,0.0,0,66459.0
0,1,22,1,0,0,0,0,0,0,0,0,0,1,0.0,0.0,1.0,1.0,1.0,0.0,0.0,63,63,1.0,0.0,0.02,0.0,0.02,0.02,0.54,0,116096.0
0,1,51,9,1852,327,0,0,1,0,0,0,0,1,0.0,0.0,0.0,0.0,1.0,0.0,0.0,255,144,0.56,0.02,0.0,0.0,0.0,0.01,0.0,0,85289.0
0,2,11,9,42,42,0,0,0,0,0,0,0,1,0.0,0.0,0.0,0.0,1.0,0.0,0.4,255,238,0.93,0.01,0.06,0.0,0.0,0.0,0.0,0,100308.0
0,1,22,9,236,657,0,0,1,0,0,0,0,1,0.0,0.0,0.0,0.0,1.0,0.0,0.0,11,255,1.0,0.0,0.09,0.06,0.0,0.0,0.0,0,60264.0
485,2,41,9,146,105,0,0,0,0,0,0,0,2,0.0,0.0,0.0,0.0,1.0,0.0,0.0,255,2,0.01,0.51,0.82,0.0,0.0,0.0,0.0,0,55182.0
7516,1,0,4,1924,8536,0,0,0,0,0,0,0,1,0.0,0.0,1.0,1.0,1.0,0.0,0.0,5,3,0.6,0.4,0.2,0.0,0.0,0.0,1.0,0,90326.0
0,1,22,9,198,20502,0,0,1,0,0,0,0,7,0.0,0.0,0.0,0.0,1.0,0.0,0.0,67,255,1.0,0.0,0.01,0.01,0.0,0.0,0.0,0,91851.0
274,1,22,9,318,266,0,0,1,0,0,0,0,1,0.0,0.0,0.0,0.0,1.0,0.0,0.0,255,253,0.99,0.01,0.0,0.0,0.0,0.0,0.03,0,55421.0
0,0,13,9,8,0,0,0,0,0,0,0,0,1,0.0,0.0,0.0,0.0,1.0,0.0,1.0,2,60,1.0,0.0,1.0,0.5,0.0,0.0,0.0,1,93365.0
1,1,51,9,2225,364,0,0,1,0,0,0,0,1,0.0,0.0,0.0,0.0,1.0,0.0,1.0,21,242,0.86,0.1,0.05,0.01,0.0,0.0,0.0,0,9665.0
0,1,22,9,233,1378,0,0,1,0,0,0,0,21,0.0,0.0,0.0,0.0,1.0,0.0,0.0,203,255,1.0,0.0,0.0,0.02,0.0,0.0,0.0,0,75416.0
0,1,25,5,0,0,0,0,0,0,0,0,0,217,1.0,1.0,0.0,0.0,0.12,0.06,0.0,255,25,0.1,0.05,0.0,0.0,1.0,1.0,0.0,1,91966.0
0,0,14,9,1032,0,0,0,0,0,0,0,0,511,0.0,0.0,0.0,0.0,1.0,0.0,0.0,255,22,0.09,0.05,0.09,0.0,0.33,0.0,0.0,1,108491.0
0,1,22,9,265,14496,0,0,1,0,0,0,0,4,0.0,0.0,0.0,0.0,1.0,0.0,0.0,171,255,1.0,0.0,0.01,0.02,0.01,0.0,0.0,0,90725.0
0,1,22,9,209,59540,0,0,1,0,0,0,0,6,0.17,0.27,0.0,0.0,1.0,0.0,0.45,12,255,1.0,0.0,0.08,0.04,0.17,0.01,0.0,0,106282.0
0,1,22,9,206,735,0,0,1,0,0,0,0,10,0.0,0.0,0.0,0.0,1.0,0.0,0.17,37,255,1.0,0.0,0.03,0.03,0.0,0.0,0.0,0,38235.0
0,1,45,5,0,0,0,0,0,0,0,0,0,147,1.0,1.0,0.0,0.0,0.07,0.05,0.0,255,11,0.04,0.05,0.0,0.0,1.0,1.0,0.0,1,58411.0
0,0,13,9,8,0,0,0,0,0,0,0,0,1,0.0,0.0,0.0,0.0,1.0,0.0,1.0,2,242,1.0,0.0,1.0,0.5,0.0,0.0,0.0,1,21902.0
0,1,22,9,299,8654,0,0,1,0,0,0,0,6,0.0,0.0,0.0,0.0,1.0,0.0,0.0,42,255,1.0,0.0,0.02,0.04,0.0,0.0,0.0,0,52968.0
1,1,51,9,1464,331,0,0,1,0,0,0,0,1,0.0,0.0,0.0,0.0,1.0,0.0,1.0,233,122,0.48,0.03,0.0,0.02,0.0,0.0,0.0,0,61237.0
0,1,63,5,0,0,0,0,0,0,0,0,0,2,1.0,1.0,0.0,0.0,1.0,0.0,0.0,255,2,0.01,0.08,0.0,0.0,1.0,1.0,0.0,1,124444.0
0,1,46,5,0,0,0,0,0,0,0,0,0,124,1.0,1.0,0.0,0.0,0.1,0.06,0.0,175,3,0.02,0.1,0.01,0.0,1.0,1.0,0.0,1,102577.0
0,1,46,5,0,0,0,0,0,0,0,0,0,297,1.0,1.0,0.0,0.0,0.06,0.05,0.0,255,13,0.05,0.08,0.0,0.0,1.0,1.0,0.0,1,33136.0
0,1,46,1,0,0,0,0,0,0,0,0,0,150,0.0,0.0,1.0,1.0,0.11,0.05,0.0,255,16,0.06,0.07,0.0,0.0,0.0,0.0,1.0,1,92261.0
0,0,13,9,18,0,0,0,0,0,0,0,0,1,0.0,0.0,0.0,0.0,1.0,0.0,0.0,4,136,1.0,0.0,1.0,0.25,0.0,0.0,0.0,1,54391.0
0,1,22,9,325,2222,0,0,1,0,0,0,0,4,0.0,0.0,0.0,0.0,1.0,0.0,0.0,31,255,1.0,0.0,0.03,0.02,0.0,0.0,0.0,0,84513.0
0,1,3,5,0,0,0,0,0,0,0,0,0,235,1.0,1.0,0.0,0.0,0.01,0.06,0.0,255,9,0.04,0.07,0.0,0.0,1.0,1.0,0.0,1,10625.0
0,1,19,5,0,0,0,0,0,0,0,0,0,277,1.0,1.0,0.0,0.0,0.04,0.05,0.0,255,1,0.0,0.09,0.0,0.0,1.0,1.0,0.0,1,95014.0
0,0,13,9,8,0,0,0,0,0,0,0,0,1,0.0,0.0,0.0,0.0,1.0,0.0,1.0,1,109,1.0,0.0,1.0,0.26,0.0,0.0,0.0,1,23890.0
0,1,66,5,0,0,0,0,0,0,0,0,0,140,1.0,1.0,0.0,0.0,0.09,0.06,0.0,255,9,0.04,0.05,0.0,0.0,1.0,1.0,0.0,1,47980.0
4,1,51,9,771,330,0,0,1,0,0,0,0,1,0.0,0.0,0.0,0.0,1.0,0.0,1.0,48,139,0.69,0.12,0.02,0.01,0.0,0.0,0.0,0,34898.0
0,1,57,5,0,0,0,0,0,0,0,0,0,296,1.0,1.0,0.0,0.0,0.06,0.05,0.0,255,19,0.07,0.07,0.0,0.0,1.0,1.0,0.0,1,89859.0
0,1,46,5,0,0,0,0,0,0,0,0,0,243,1.0,1.0,0.0,0.0,0.05,0.06,0.0,255,13,0.05,0.07,0.0,0.0,1.0,1.0,0.0,1,78647.0
0,1,19,5,0,0,0,0,0,0,0,0,0,6,1.0,1.0,0.0,0.0,1.0,0.0,0.0,255,57,0.22,0.04,0.0,0.0,1.0,1.0,0.0,1,21761.0
3,1,0,4,77,18,0,1,1,0,0,0,0,2,0.0,0.0,1.0,1.0,1.0,0.0,0.0,42,13,0.31,0.05,0.05,0.0,0.0,0.0,0.62,0,71799.0
0,1,22,9,216,310,0,0,1,0,0,0,0,5,0.0,0.0,0.0,0.0,1.0,0.0,0.1,101,255,1.0,0.0,0.01,0.02,0.0,0.0,0.0,0,125616.0
0,1,19,9,334,0,0,0,1,0,0,0,0,1,0.0,0.0,0.0,0.0,1.0,0.0,0.0,3,27,1.0,0.0,1.0,0.22,0.0,0.04,0.0,1,67416.0
0,1,22,9,199,788,0,0,1,0,0,0,0,39,0.0,0.0,0.0,0.0,1.0,0.0,0.0,222,255,1.0,0.0,0.0,0.01,0.0,0.0,0.0,0,93557.0
0,1,22,9,234,7605,0,0,1,0,0,0,0,14,0.0,0.0,0.0,0.0,1.0,0.0,0.0,114,255,1.0,0.0,0.01,0.03,0.0,0.0,0.0,0,60661.0
0,2,41,9,516,4,0,0,0,0,0,0,0,380,0.0,0.0,0.0,0.0,1.0,0.0,0.0,255,255,1.0,0.0,1.0,0.0,0.0,0.0,0.0,0,87407.0
0,1,66,1,0,0,0,0,0,0,0,0,0,1,0.0,0.0,1.0,1.0,1.0,0.0,0.0,24,1,0.04,1.0,0.04,0.0,0.0,0.0,1.0,1,62269.0
0,1,22,9,218,5200,0,0,1,0,0,0,0,11,0.0,0.0,0.0,0.0,1.0,0.0,0.09,255,255,1.0,0.0,0.0,0.0,0.0,0.0,0.0,0,118903.0
0,1,22,9,307,2077,0,0,1,0,0,0,0,8,0.0,0.0,0.0,0.0,1.0,0.0,0.15,74,255,1.0,0.0,0.01,0.03,0.0,0.0,0.0,0,49512.0
0,1,28,5,0,0,0,0,0,0,0,0,0,117,1.0,1.0,0.0,0.0,0.13,0.06,0.0,255,6,0.02,0.07,0.0,0.0,1.0,1.0,0.0,1,102326.0
0,1,22,7,149,43465,0,0,1,0,0,0,0,1,1.0,0.05,0.0,0.0,1.0,0.0,0.15,255,255,1.0,0.0,0.0,0.0,0.0,0.0,0.0,0,5944.0
0,1,22,9,208,478,0,0,1,0,0,0,0,26,0.0,0.0,0.0,0.0,1.0,0.0,0.05,255,255,1.0,0.0,0.0,0.0,0.0,0.0,0.0,0,59940.0
0,1,52,5,0,0,0,0,0,0,0,0,0,121,1.0,1.0,0.0,0.0,0.17,0.05,0.0,255,21,0.08,0.05,0.0,0.0,1.0,1.0,0.0,1,20167.0
0,1,22,9,162,4716,0,0,1,0,0,0,0,1,0.0,0.0,0.0,0.0,1.0,0.0,0.0,49,255,1.0,0.0,0.02,0.05,0.0,0.0,0.0,0,87456.0
14319,1,41,4,1,0,0,0,0,0,0,0,0,2,0.0,0.0,1.0,1.0,1.0,0.0,0.0,255,2,0.01,0.68,1.0,0.0,0.0,0.0,1.0,1,103793.0
0,1,22,9,246,1249,0,0,1,0,0,0,0,5,0.0,0.0,0.0,0.0,1.0,0.0,0.33,255,255,1.0,0.0,0.01,0.0,0.0,0.0,0.0,0,9177.0
0,1,46,1,0,0,0,0,0,0,0,0,0,410,0.09,0.0,0.91,1.0,0.0,1.0,0.0,255,1,0.0,1.0,0.0,0.0,0.11,0.0,1.0,1,121338.0
0,1,7,5,0,0,0,0,0,0,0,0,0,128,1.0,1.0,0.0,0.0,0.16,0.05,0.0,255,20,0.08,0.05,0.0,0.0,1.0,1.0,0.0,1,125144.0
0,1,22,9,237,398,0,0,1,0,0,0,0,21,0.0,0.0,0.0,0.0,1.0,0.0,0.08,255,255,1.0,0.0,0.0,0.0,0.0,0.0,0.0,0,44027.0
0,1,22,9,165,13902,0,0,1,0,0,0,0,2,0.0,0.0,0.0,0.0,1.0,0.0,0.0,45,255,1.0,0.0,0.02,0.05,0.0,0.0,0.0,0,69235.0
0,1,22,9,313,253,0,0,1,0,0,0,0,7,0.0,0.0,0.0,0.0,1.0,0.0,0.0,50,255,1.0,0.0,0.02,0.03,0.0,0.0,0.0,0,63825.0
0,1,2,5,0,0,0,0,0,0,0,0,0,258,1.0,1.0,0.0,0.0,0.07,0.05,0.0,255,17,0.07,0.05,0.0,0.0,1.0,1.0,0.0,1,54085.0
0,1,39,5,0,0,0,0,0,0,0,0,0,18,1.0,1.0,0.0,0.0,0.44,0.28,0.0,255,8,0.03,0.08,0.0,0.0,1.0,1.0,0.0,1,41376.0
0,2,41,9,516,4,0,0,0,0,0,0,0,225,0.0,0.0,0.0,0.0,1.0,0.0,0.0,225,225,1.0,0.0,1.0,0.0,0.0,0.0,0.0,0,64338.0
0,1,22,9,323,3238,0,0,1,0,0,0,0,1,0.0,0.0,0.0,0.0,1.0,0.0,1.0,44,255,1.0,0.0,0.02,0.04,0.0,0.0,0.0,0,114780.0
0,1,22,9,153,1397,0,0,1,0,0,0,0,20,0.0,0.0,0.0,0.0,1.0,0.0,0.0,117,255,1.0,0.0,0.01,0.05,0.0,0.0,0.0,0,79424.0
0,1,44,9,38,130,0,0,1,0,0,0,0,1,0.0,0.0,0.0,0.0,1.0,0.0,0.0,210,2,0.01,0.03,0.0,0.0,0.0,0.0,0.0,0,27831.0
0,2,11,9,42,129,0,0,0,0,0,0,0,58,0.0,0.0,0.0,0.0,1.0,0.0,0.02,198,196,0.8,0.02,0.71,0.01,0.0,0.0,0.0,0,45091.0
0,1,2,1,0,0,0,0,0,0,0,0,0,172,0.0,0.0,1.0,1.0,0.03,0.08,0.0,255,6,0.02,0.08,0.0,0.0,0.0,0.0,1.0,1,37957.0
0,1,46,5,0,0,0,0,0,0,0,0,0,227,1.0,1.0,0.0,0.0,0.03,0.07,0.0,255,15,0.06,0.07,0.0,0.0,1.0,1.0,0.0,1,118202.0
0,1,46,5,0,0,0,0,0,0,0,0,0,17,1.0,1.0,0.0,0.0,0.47,0.29,0.0,255,8,0.03,0.08,0.0,0.0,1.0,1.0,0.0,1,20087.0
0,1,22,9,332,9211,0,0,1,0,0,0,0,40,0.0,0.0,0.0,0.0,1.0,0.0,0.07,255,255,1.0,0.0,0.0,0.0,0.0,0.0,0.02,0,45777.0
0,1,41,1,0,0,0,0,0,0,0,0,0,509,0.2,0.0,0.8,1.0,0.0,1.0,0.0,255,1,0.0,1.0,0.0,0.0,0.15,0.0,1.0,1,9811.0
0,1,10,1,0,0,0,0,0,0,0,0,0,145,0.0,0.0,1.0,1.0,0.12,0.06,0.0,255,17,0.07,0.08,0.0,0.0,0.0,0.0,1.0,1,118501.0
0,1,22,9,201,3026,0,0,1,0,0,0,0,12,0.0,0.0,0.0,0.0,1.0,0.0,0.08,12,255,1.0,0.0,0.08,0.04,0.0,0.0,0.0,0,5962.0
0,1,46,1,0,0,0,0,0,0,0,0,0,149,0.0,0.0,1.0,1.0,0.13,0.05,0.0,255,19,0.07,0.07,0.0,0.0,0.0,0.0,1.0,1,13486.0
0,1,22,9,291,763,0,0,1,0,0,0,0,7,0.0,0.0,0.0,0.0,1.0,0.0,0.29,21,121,1.0,0.0,0.05,0.05,0.0,0.0,0.0,0,92159.0
0,1,22,9,231,10235,0,0,1,0,0,0,0,14,0.0,0.0,0.0,0.0,1.0,0.0,0.09,255,255,1.0,0.0,0.0,0.0,0.0,0.0,0.0,0,37560.0
0,1,22,9,316,2698,0,0,1,0,0,0,1,21,0.0,0.0,0.0,0.0,1.0,0.0,0.0,255,244,0.96,0.02,0.01,0.0,0.0,0.0,0.0,0,111310.0
0,1,41,1,0,0,0,0,0,0,0,0,0,510,0.14,0.0,0.86,1.0,0.0,1.0,0.0,255,1,0.0,1.0,0.0,0.0,0.13,0.0,1.0,1,115695.0
0,1,66,5,0,0,0,0,0,0,0,0,0,148,1.0,1.0,0.0,0.0,0.16,0.05,0.0,255,23,0.09,0.05,0.0,0.0,1.0,1.0,0.0,1,33775.0
0,1,22,1,0,0,0,0,0,0,0,0,0,1,0.0,0.0,1.0,1.0,1.0,0.0,0.0,87,58,0.67,0.07,0.01,0.0,0.02,0.0,0.97,0,8877.0
23,1,18,9,293,903,0,5,1,0,0,0,0,1,0.0,0.0,0.0,0.0,1.0,0.0,0.0,89,10,0.11,0.08,0.01,0.0,0.0,0.0,0.0,0,118862.0
0,1,21,5,0,0,0,0,0,0,0,0,0,215,1.0,1.0,0.0,0.0,0.03,0.07,0.0,255,7,0.03,0.07,0.0,0.0,1.0,1.0,0.0,1,52339.0
0,2,46,9,105,0,0,0,0,0,0,0,0,1,0.0,0.0,0.0,0.0,1.0,0.0,0.0,19,11,0.58,0.16,0.05,0.0,0.0,0.0,0.0,0,72302.0
0,1,46,1,0,0,0,0,0,0,0,0,0,193,0.0,0.0,1.0,1.0,0.04,0.06,0.0,255,7,0.03,0.07,0.0,0.0,0.0,0.0,1.0,1,99090.0
0,1,22,9,237,1408,0,0,1,0,0,0,0,6,0.0,0.0,0.0,0.0,1.0,0.0,0.18,140,255,1.0,0.0,0.01,0.02,0.0,0.0,0.0,0,36514.0
0,2,41,9,1,0,0,0,0,0,0,0,0,19,0.0,0.0,0.0,0.0,0.05,0.21,0.0,255,1,0.0,0.21,0.63,0.0,0.0,0.0,0.0,1,100429.0
0,2,11,9,43,71,0,0,0,0,0,0,0,154,0.0,0.0,0.0,0.0,1.0,0.0,0.0,255,254,1.0,0.01,0.0,0.0,0.0,0.0,0.0,0,88253.0
0,1,22,9,250,270,0,0,1,0,0,0,0,2,0.0,0.0,0.0,0.0,1.0,0.0,0.0,255,237,0.93,0.02,0.0,0.0,0.01,0.01,0.0,0,21828.0
5,1,51,9,2632,336,0,0,1,0,0,0,0,2,0.0,0.0,0.0,0.0,0.5,1.0,1.0,123,134,0.59,0.03,0.01,0.01,0.0,0.0,0.07,0,103103.0
19,1,57,9,115,5141,0,0,1,0,0,0,0,1,0.0,0.0,0.0,0.0,1.0,0.0,0.0,233,3,0.01,0.14,0.0,0.0,0.03,0.0,0.0,0,50429.0
0,1,22,9,292,1402,0,0,1,0,0,0,0,2,0.0,0.0,0.0,0.0,1.0,0.0,0.15,255,255,1.0,0.0,0.0,0.0,0.0,0.0,0.0,0,80559.0
0,1,46,5,0,0,0,0,0,0,0,0,0,247,1.0,1.0,0.0,0.0,0.07,0.06,0.0,255,2,0.01,0.08,0.0,0.0,1.0,1.0,0.0,1,36339.0
0,1,19,9,607,0,0,0,1,0,0,0,0,2,0.0,0.0,0.0,0.0,1.0,0.0,0.0,67,25,0.16,0.07,0.16,0.08,0.0,0.0,0.0,0,27561.0
0,1,8,5,0,0,0,0,0,0,0,0,0,262,1.0,1.0,0.0,0.0,0.08,0.05,0.0,255,21,0.08,0.05,0.0,0.0,1.0,1.0,0.0,1,50244.0
37120,1,46,4,1,0,0,0,0,0,0,0,0,2,0.0,0.0,1.0,1.0,1.0,0.0,0.0,255,2,0.01,0.5,1.0,0.0,0.0,0.0,1.0,1,50071.0
0,1,8,5,0,0,0,0,0,0,0,0,0,280,1.0,1.0,0.0,0.0,0.04,0.05,0.0,255,11,0.04,0.07,0.0,0.0,1.0,1.0,0.0,1,76392.0
0,1,46,1,0,0,0,0,0,0,0,0,0,105,0.0,0.0,1.0,1.0,0.01,0.09,0.0,255,1,0.0,0.07,0.0,0.0,0.0,0.0,1.0,1,23704.0
0,1,22,9,344,359,0,0,1,0,0,0,0,1,0.0,0.0,0.0,0.0,1.0,0.0,0.2,1,255,1.0,0.0,1.0,0.04,0.0,0.0,0.0,0,26681.0
0,1,46,5,0,0,0,0,0,0,0,0,0,119,1.0,1.0,0.0,0.0,0.15,0.07,0.0,255,27,0.11,0.05,0.0,0.0,1.0,1.0,0.0,1,32354.0
0,1,22,9,297,1075,0,0,1,0,0,0,0,7,0.0,0.0,0.0,0.0,1.0,0.0,0.0,255,246,0.96,0.01,0.0,0.0,0.0,0.0,0.0,0,37043.0
0,1,22,9,216,2870,0,0,1,0,0,0,0,10,0.0,0.0,0.0,0.0,1.0,0.0,0.0,255,255,1.0,0.0,0.0,0.0,0.0,0.0,0.0,0,81185.0
0,1,51,2,0,0,0,0,0,0,0,0,0,192,0.0,0.0,1.0,1.0,0.01,0.07,0.0,255,2,0.01,0.07,0.0,0.0,0.0,0.0,1.0,1,95370.0
0,1,22,9,320,1886,0,0,1,0,0,0,0,4,0.0,0.0,0.0,0.0,1.0,0.0,0.18,23,255,1.0,0.0,0.04,0.04,0.0,0.0,0.0,0,51416.0
0,2,41,9,147,0,0,0,0,0,0,0,0,2,0.0,0.0,0.0,0.0,0.5,1.0,0.0,255,2,0.01,0.49,0.66,0.0,0.0,0.0,0.0,0,49600.0
0,1,22,9,335,3200,0,0,1,0,0,0,0,7,0.0,0.0,0.0,0.0,1.0,0.0,0.15,255,255,1.0,0.0,0.0,0.0,0.0,0.0,0.0,0,72558.0
0,1,22,9,232,1966,0,0,1,0,0,0,0,17,0.0,0.0,0.0,0.0,1.0,0.0,0.0,30,255,1.0,0.0,0.03,0.06,0.0,0.0,0.0,0,120871.0
0,1,22,9,346,923,0,0,1,0,0,0,0,17,0.0,0.0,0.0,0.0,1.0,0.0,0.0,130,255,1.0,0.0,0.01,0.02,0.0,0.0,0.0,0,65711.0
0,1,51,9,1250,325,0,0,1,0,0,0,0,2,0.0,0.0,0.0,0.0,0.5,1.0,1.0,255,93,0.36,0.24,0.0,0.0,0.0,0.0,0.0,0,14549.0
0,2,41,9,1,0,0,0,0,0,0,0,0,17,0.0,0.0,0.0,0.0,0.06,0.53,0.0,255,1,0.0,0.24,0.68,0.0,0.0,0.0,0.0,1,107459.0
0,1,22,1,0,0,0,0,0,0,0,0,0,1,0.0,0.0,1.0,1.0,1.0,0.0,1.0,1,47,1.0,0.0,1.0,0.28,0.0,0.0,1.0,0,46282.0
0,1,46,5,0,0,0,0,0,0,0,0,0,178,1.0,1.0,0.0,0.0,0.01,0.06,0.0,255,20,0.08,0.07,0.0,0.0,1.0,1.0,0.0,1,109575.0
0,1,22,9,233,1061,0,0,1,0,0,0,0,13,0.0,0.0,0.0,0.0,1.0,0.0,0.14,92,255,1.0,0.0,0.01,0.04,0.0,0.0,0.0,0,66815.0
0,2,11,9,44,115,0,0,0,0,0,0,0,2,0.0,0.0,0.0,0.0,0.5,1.0,1.0,255,234,0.92,0.01,0.01,0.0,0.0,0.0,0.0,0,67321.0
0,1,22,1,0,0,0,0,0,0,0,0,0,1,0.0,0.0,1.0,1.0,1.0,0.0,0.0,30,255,1.0,0.0,0.03,0.07,0.0,0.0,0.91,0,85331.0
0,1,46,1,0,0,0,0,0,0,0,0,0,245,0.0,0.0,1.0,1.0,0.06,0.06,0.0,255,14,0.05,0.06,0.0,0.0,0.0,0.0,1.0,1,100111.0
0,1,17,2,0,0,0,0,0,0,0,0,0,241,0.0,0.0,1.0,1.0,0.02,0.07,0.0,255,6,0.02,0.07,0.0,0.0,0.0,0.0,1.0,1,22653.0
0,1,46,5,0,0,0,0,0,0,0,0,0,132,1.0,1.0,0.0,0.0,0.03,0.05,0.0,255,4,0.02,0.05,0.0,0.0,1.0,1.0,0.0,1,48260.0
0,1,55,5,0,0,0,0,0,0,0,0,0,20,1.0,1.0,0.0,0.0,0.45,0.25,0.0,255,10,0.04,0.08,0.0,0.0,1.0,1.0,0.0,1,102419.0
0,2,11,9,32,0,0,0,0,0,0,0,0,1,0.0,0.0,0.0,0.0,1.0,0.0,1.0,215,36,0.15,0.03,0.15,0.06,0.0,0.0,0.0,0,38319.0
0,1,18,9,1225,2451,0,28,1,0,0,0,0,1,0.0,0.0,0.0,0.0,1.0,0.0,0.0,255,56,0.22,0.02,0.0,0.0,0.0,0.0,0.0,0,103166.0
0,1,24,5,0,0,0,0,0,0,0,0,0,105,1.0,1.0,0.0,0.0,0.03,0.07,0.0,255,14,0.05,0.06,0.0,0.0,1.0,1.0,0.0,1,98116.0
0,1,22,9,196,2318,0,0,1,0,0,0,0,10,0.0,0.0,0.0,0.0,1.0,0.0,0.0,132,255,1.0,0.0,0.01,0.04,0.0,0.0,0.0,0,84224.0
0,1,65,5,0,0,0,0,0,0,0,0,0,237,1.0,1.0,0.0,0.0,0.0,0.05,0.0,41,1,0.02,0.1,0.02,0.0,0.95,1.0,0.0,1,14036.0
0,1,41,1,0,0,0,0,0,0,0,0,0,1,0.0,0.0,1.0,1.0,1.0,0.0,0.0,24,24,1.0,0.0,0.04,0.0,0.0,0.0,1.0,0,34542.0
0,1,30,5,0,0,0,0,0,0,0,0,0,277,1.0,1.0,0.0,0.0,0.09,0.05,0.0,255,24,0.09,0.05,0.0,0.0,1.0,1.0,0.0,1,100130.0
0,1,46,1,0,0,0,0,0,0,0,0,0,222,0.0,0.0,1.0,1.0,0.05,0.08,0.0,255,11,0.04,0.09,0.0,0.0,0.0,0.0,1.0,1,28899.0
0,2,11,9,45,73,0,0,0,0,0,0,0,281,0.0,0.0,0.0,0.0,1.0,0.0,0.0,255,245,0.96,0.01,0.0,0.0,0.0,0.0,0.0,0,32019.0
0,2,11,9,55,108,0,0,0,0,0,0,0,2,0.0,0.0,0.0,0.0,1.0,0.0,0.0,64,81,0.72,0.03,0.72,0.02,0.02,0.0,0.0,0,33036.0
0,1,46,1,0,0,0,0,0,0,0,0,0,1,0.0,0.0,1.0,1.0,1.0,0.0,0.0,45,1,0.02,1.0,0.02,0.0,0.0,0.0,1.0,1,58293.0
0,1,19,9,12,0,0,0,1,0,0,0,0,1,0.0,0.0,0.0,0.0,1.0,0.0,0.0,255,11,0.04,0.02,0.04,0.0,0.0,0.0,0.0,0,62026.0
0,1,22,9,256,663,0,0,1,0,0,0,0,2,0.0,0.0,0.0,0.0,1.0,0.0,0.0,41,255,1.0,0.0,0.02,0.04,0.0,0.0,0.0,0,95983.0
0,1,46,5,0,0,0,0,0,0,0,0,0,269,1.0,1.0,0.0,0.0,0.02,0.06,0.0,255,11,0.04,0.08,0.0,0.0,1.0,1.0,0.0,1,119786.0
0,1,5,5,0,0,0,0,0,0,0,0,0,96,1.0,1.0,0.0,0.0,0.03,0.05,0.0,255,3,0.01,0.05,0.0,0.0,1.0,1.0,0.0,1,35208.0
0,1,22,9,295,351,0,0,1,0,0,0,0,27,0.0,0.0,0.0,0.0,1.0,0.0,0.07,78,255,1.0,0.0,0.01,0.01,0.0,0.0,0.0,0,31560.0
0,0,13,9,8,0,0,0,0,0,0,0,0,1,0.0,0.0,0.0,0.0,1.0,0.0,1.0,1,209,1.0,0.0,1.0,0.25,0.0,0.0,0.0,1,114928.0
0,1,22,9,215,267,0,0,1,0,0,0,0,6,0.0,0.0,0.0,0.0,1.0,0.0,0.0,193,255,1.0,0.0,0.01,0.01,0.0,0.0,0.0,0,110497.0
0,1,22,9,226,702,0,0,1,0,0,0,0,4,0.0,0.04,0.0,0.04,1.0,0.0,0.21,255,255,1.0,0.0,0.01,0.0,0.0,0.0,0.0,0,17993.0
0,1,22,9,168,4898,0,0,1,0,0,0,0,11,0.0,0.0,0.0,0.0,1.0,0.0,0.0,255,255,1.0,0.0,0.0,0.0,0.0,0.0,0.0,0,9538.0
0,1,22,9,317,2006,0,0,1,0,0,0,0,7,0.0,0.0,0.0,0.0,1.0,0.0,0.0,255,255,1.0,0.0,0.0,0.0,0.0,0.0,0.0,0,22923.0
21661,1,46,4,1,0,0,0,0,0,0,0,0,2,0.0,0.0,1.0,1.0,1.0,0.0,0.0,255,2,0.01,0.73,1.0,0.0,0.0,0.0,1.0,1,117852.0
0,1,2,5,0,0,0,0,0,0,0,0,0,208,1.0,1.0,0.0,0.0,0.04,0.06,0.0,255,8,0.03,0.07,0.0,0.0,1.0,1.0,0.0,1,7696.0
0,2,11,9,43,132,0,0,0,0,0,0,0,73,0.0,0.0,0.0,0.0,1.0,0.0,0.01,255,241,0.95,0.01,0.0,0.0,0.0,0.0,0.0,0,22137.0
0,1,51,9,1285,330,0,0,1,0,0,0,0,1,0.0,0.0,0.0,0.0,1.0,0.0,1.0,17,245,1.0,0.0,0.06,0.01,0.0,0.0,0.0,0,11402.0
0,1,41,6,8325,0,0,0,1,0,0,0,0,1,1.0,1.0,0.0,0.0,1.0,0.0,0.0,229,1,0.0,0.12,0.42,0.0,0.01,1.0,0.0,0,15223.0
0,1,22,9,305,1286,0,0,1,0,0,0,0,3,0.0,0.0,0.0,0.0,1.0,0.0,0.0,44,255,1.0,0.0,0.02,0.04,0.0,0.01,0.0,0,105404.0
0,1,51,9,1436,337,0,0,1,0,0,0,0,1,0.0,0.0,0.0,0.0,1.0,0.0,0.0,45,166,0.87,0.09,0.02,0.01,0.02,0.01,0.0,0,13346.0
0,1,46,5,0,0,0,0,0,0,0,0,0,206,1.0,1.0,0.0,0.0,0.08,0.06,0.0,255,16,0.06,0.06,0.0,0.0,1.0,1.0,0.0,1,7394.0
0,1,22,9,235,458,0,0,1,0,0,0,0,8,0.0,0.0,0.0,0.0,1.0,0.0,0.0,8,255,1.0,0.0,0.12,0.03,0.0,0.0,0.0,0,83447.0
0,0,14,9,1032,0,0,0,0,0,0,0,0,509,0.0,0.0,0.0,0.0,1.0,0.0,0.0,255,180,0.71,0.16,0.71,0.0,0.0,0.0,0.0,1,69177.0
0,1,22,9,231,3270,0,0,1,0,0,0,0,3,0.0,0.0,0.0,0.0,1.0,0.0,0.0,2,2,1.0,0.0,0.5,0.0,0.0,0.0,0.0,0,94366.0
0,1,51,9,1528,334,0,0,1,0,0,0,0,1,0.0,0.0,0.0,0.0,1.0,0.0,1.0,255,142,0.56,0.02,0.0,0.0,0.0,0.0,0.0,0,116602.0
0,2,46,9,105,145,0,0,0,0,0,0,0,7,0.0,0.0,0.0,0.0,0.14,0.29,0.0,255,228,0.89,0.01,0.0,0.0,0.0,0.0,0.0,0,19466.0
32,1,22,9,296,188,0,0,1,0,0,0,0,1,0.0,0.0,0.0,0.0,1.0,0.0,0.22,56,255,1.0,0.0,0.02,0.04,0.02,0.01,0.01,0,123284.0
0,1,65,5,0,0,0,0,0,0,0,0,0,276,1.0,1.0,0.0,0.0,0.06,0.06,0.0,255,16,0.06,0.07,0.0,0.0,1.0,1.0,0.0,1,31685.0
0,1,53,5,0,0,0,0,0,0,0,0,0,101,1.0,1.0,0.0,0.0,0.19,0.06,0.0,255,11,0.04,0.07,0.0,0.0,1.0,1.0,0.0,1,36678.0
0,1,22,9,352,397,0,0,1,0,0,0,0,10,0.0,0.0,0.0,0.0,1.0,0.0,0.0,255,255,1.0,0.0,0.0,0.0,0.0,0.0,0.0,0,98035.0
0,1,51,9,1103,327,0,0,1,0,0,0,0,1,0.0,0.0,0.0,0.0,1.0,0.0,1.0,4,240,1.0,0.0,0.25,0.02,0.0,0.0,0.0,0,57426.0
0,1,22,9,283,15684,0,0,1,0,0,0,0,3,0.0,0.0,0.0,0.0,1.0,0.0,0.0,3,255,1.0,0.0,0.33,0.04,0.0,0.0,0.0,0,124698.0
0,2,46,9,1,0,0,0,0,0,0,0,0,148,0.0,0.0,0.0,0.0,0.75,0.04,0.0,255,146,0.57,0.05,1.0,0.0,0.0,0.0,0.0,1,91779.0
0,1,2,5,0,0,0,0,0,0,0,0,0,206,1.0,1.0,0.0,0.0,0.0,0.06,0.0,255,1,0.0,0.07,0.0,0.0,1.0,1.0,0.0,1,18742.0
0,1,32,5,0,0,0,0,0,0,0,0,0,205,1.0,1.0,0.0,0.0,0.09,0.07,0.0,255,19,0.07,0.09,0.0,0.0,1.0,1.0,0.0,1,39912.0
0,1,5,5,0,0,0,0,0,0,0,0,0,121,1.0,1.0,0.0,0.0,0.02,0.06,0.0,255,15,0.06,0.07,0.0,0.0,1.0,1.0,0.0,1,54810.0
0,1,22,9,142,38299,0,0,1,0,0,0,0,1,0.0,0.0,0.0,0.0,1.0,0.0,1.0,82,255,1.0,0.0,0.01,0.02,0.0,0.0,0.0,0,85237.0
0,1,21,5,0,0,0,0,0,0,0,0,0,292,1.0,1.0,0.0,0.0,0.02,0.06,0.0,255,5,0.02,0.07,0.0,0.0,1.0,1.0,0.0,1,23567.0
0,1,22,6,345,9887,0,0,1,0,0,0,0,2,0.5,0.5,0.0,0.0,1.0,0.0,0.0,51,255,1.0,0.0,0.02,0.02,0.02,0.0,0.0,0,32129.0
0,2,11,9,42,46,0,0,0,0,0,0,0,1,0.0,0.0,0.0,0.0,1.0,0.0,0.25,255,251,0.98,0.01,0.06,0.0,0.0,0.0,0.0,0,117321.0
0,1,22,9,248,1819,0,0,1,0,0,0,0,20,0.0,0.0,0.0,0.0,1.0,0.0,0.1,255,255,1.0,0.0,0.0,0.0,0.0,0.0,0.0,0,103423.0
0,1,22,9,206,810,0,0,1,0,0,0,0,22,0.0,0.0,0.0,0.0,1.0,0.0,0.05,22,255,1.0,0.0,0.05,0.05,0.0,0.0,0.0,0,4518.0
0,1,22,9,141,27078,0,1,1,0,0,0,0,3,0.0,0.0,0.0,0.0,1.0,0.0,0.0,224,255,1.0,0.0,0.0,0.02,0.0,0.0,0.0,0,39187.0
0,1,19,9,6932,0,0,0,0,0,0,0,0,2,0.0,0.0,0.0,0.0,1.0,0.0,0.0,150,59,0.27,0.05,0.22,0.03,0.0,0.0,0.0,0,3335.0
0,1,22,9,207,8422,0,0,1,0,0,0,0,9,0.0,0.0,0.0,0.0,1.0,0.0,0.2,255,255,1.0,0.0,0.0,0.0,0.0,0.0,0.0,0,76932.0
0,1,32,5,0,0,0,0,0,0,0,0,0,187,1.0,1.0,0.0,0.0,0.01,0.07,0.0,255,1,0.0,0.08,0.0,0.0,1.0,1.0,0.0,1,31526.0
0,1,46,5,0,0,0,0,0,0,0,0,0,276,1.0,1.0,0.0,0.0,0.01,0.05,0.0,255,3,0.01,0.06,0.0,0.0,1.0,1.0,0.0,1,27333.0
0,1,46,5,0,0,0,0,0,0,0,0,0,124,1.0,1.0,0.0,0.0,0.04,0.06,0.0,255,3,0.01,0.08,0.0,0.0,1.0,1.0,0.0,1,19529.0
0,1,46,5,0,0,0,0,0,0,0,0,0,282,1.0,1.0,0.0,0.0,0.07,0.04,0.0,142,21,0.15,0.07,0.01,0.0,0.99,1.0,0.0,1,99694.0
0,1,22,9,235,654,0,0,1,0,0,0,0,9,0.0,0.0,0.0,0.0,1.0,0.0,0.0,255,255,1.0,0.0,0.0,0.0,0.0,0.0,0.0,0,9062.0
0,2,41,9,516,4,0,0,0,0,0,0,0,284,0.0,0.0,0.0,0.0,1.0,0.0,0.0,255,255,1.0,0.0,1.0,0.0,0.0,0.0,0.0,0,4409.0
0,1,24,5,0,0,0,0,0,0,0,0,0,255,1.0,1.0,0.0,0.0,0.05,0.05,0.0,255,13,0.05,0.07,0.0,0.0,1.0,1.0,0.0,1,11610.0
0,1,46,5,0,0,0,0,0,0,0,0,0,134,1.0,1.0,0.0,0.0,0.12,0.06,0.0,255,16,0.06,0.07,0.0,0.0,1.0,1.0,0.0,1,70273.0
0,1,22,9,310,507,0,0,1,0,0,0,0,10,0.0,0.0,0.0,0.0,1.0,0.0,0.0,70,255,1.0,0.0,0.01,0.04,0.0,0.0,0.0,0,81378.0
0,1,46,5,0,0,0,0,0,0,0,0,0,256,1.0,1.0,0.0,0.0,0.05,0.05,0.0,255,12,0.05,0.07,0.0,0.0,1.0,1.0,0.0,1,14305.0
0,1,22,9,159,497,0,0,1,0,0,0,0,3,0.0,0.0,0.0,0.0,1.0,0.0,0.0,105,255,1.0,0.0,0.01,0.02,0.01,0.0,0.0,0,29398.0
3,1,22,1,0,0,0,0,0,0,0,0,0,1,0.0,0.0,1.0,1.0,1.0,0.0,1.0,221,189,0.86,0.02,0.0,0.0,0.0,0.0,1.0,0,71029.0
0,1,22,9,219,579,0,0,1,0,0,0,0,10,0.0,0.0,0.0,0.0,1.0,0.0,0.12,72,238,1.0,0.0,0.01,0.05,0.0,0.0,0.0,0,32388.0
0,1,22,9,232,6283,0,0,1,0,0,0,0,23,0.0,0.0,0.0,0.0,1.0,0.0,0.08,52,255,1.0,0.0,0.02,0.03,0.0,0.0,0.0,0,50838.0
0,1,39,2,0,0,0,0,0,0,0,0,0,200,0.0,0.0,1.0,1.0,0.06,0.07,0.0,255,13,0.05,0.07,0.0,0.0,0.0,0.0,1.0,1,58883.0
0,1,6,5,0,0,0,0,0,0,0,0,0,239,1.0,1.0,0.0,0.0,0.03,0.07,0.0,255,6,0.02,0.08,0.0,0.0,1.0,1.0,0.0,1,69710.0
0,0,13,9,30,0,0,0,0,0,0,0,0,1,0.0,0.0,0.0,0.0,1.0,0.0,0.0,1,107,1.0,0.0,1.0,0.5,0.0,0.0,0.0,0,64622.0
0,2,46,9,1,0,0,0,0,0,0,0,0,7,0.0,0.0,0.0,0.0,0.29,0.29,0.0,255,29,0.11,0.25,0.73,0.0,0.0,0.0,0.0,1,115366.0
0,1,22,9,275,2194,0,0,1,0,0,0,0,17,0.0,0.0,0.0,0.0,1.0,0.0,0.15,17,255,1.0,0.0,0.06,0.05,0.0,0.0,0.0,0,119117.0
0,2,46,9,215,0,0,0,0,0,0,0,0,1,0.0,0.0,0.0,0.0,1.0,0.0,0.0,67,59,0.88,0.03,0.88,0.0,0.0,0.0,0.0,1,47049.0
0,1,22,9,229,280,0,0,1,0,0,0,0,8,0.0,0.0,0.0,0.0,1.0,0.0,0.07,255,255,1.0,0.0,0.0,0.0,0.0,0.0,0.0,0,12261.0
0,1,22,9,54540,8314,0,2,1,1,0,0,0,2,0.0,0.0,0.0,0.0,1.0,0.0,0.0,126,126,1.0,0.0,0.01,0.0,0.0,0.0,0.02,1,58384.0
0,2,11,9,33,88,0,0,0,0,0,0,0,1,0.0,0.0,0.0,0.0,1.0,0.0,1.0,255,250,0.98,0.01,0.0,0.0,0.0,0.0,0.0,0,111407.0
0,1,22,9,221,3097,0,0,1,0,0,0,0,9,0.0,0.0,0.0,0.0,1.0,0.0,0.0,9,255,1.0,0.0,0.11,0.04,0.0,0.0,0.0,0,115381.0
0,0,13,9,8,0,0,0,0,0,0,0,0,1,0.0,0.0,0.0,0.0,1.0,0.0,1.0,4,72,1.0,0.0,1.0,0.25,0.0,0.0,0.0,1,107618.0
0,1,65,5,0,0,0,0,0,0,0,0,0,144,1.0,1.0,0.0,0.0,0.04,0.06,0.0,255,5,0.02,0.07,0.0,0.0,1.0,1.0,0.0,1,93025.0
0,1,29,1,0,0,0,0,0,0,0,0,0,137,0.0,0.0,1.0,1.0,0.05,0.06,0.0,255,3,0.01,0.07,0.0,0.0,0.0,0.0,1.0,1,65077.0
0,1,46,1,0,0,0,0,0,0,0,0,0,509,0.04,0.0,0.96,1.0,0.0,0.99,0.0,255,1,0.0,1.0,0.0,0.0,0.04,0.0,1.0,1,3444.0
0,1,43,5,0,0,0,0,0,0,0,0,0,276,1.0,1.0,0.0,0.0,0.04,0.05,0.0,255,12,0.05,0.07,0.0,0.0,1.0,1.0,0.0,1,30727.0
0,1,46,10,0,0,0,0,0,0,0,0,0,1,1.0,1.0,0.0,0.0,1.0,0.0,0.0,138,1,0.01,0.93,0.94,0.0,0.94,1.0,0.0,1,54802.0
0,0,14,9,1032,0,0,0,0,0,0,0,0,511,0.0,0.0,0.0,0.0,1.0,0.0,0.0,255,13,0.05,0.18,0.05,0.0,0.0,0.0,0.0,1,90779.0
0,1,22,9,230,1109,0,0,1,0,0,0,0,12,0.0,0.0,0.0,0.0,1.0,0.0,0.0,165,255,1.0,0.0,0.01,0.02,0.0,0.0,0.0,0,9154.0
0,1,22,9,245,30881,0,1,1,1,0,0,0,12,0.0,0.0,0.0,0.0,1.0,0.0,0.0,255,255,1.0,0.0,0.0,0.0,0.0,0.0,0.0,0,106376.0
0,2,11,9,43,137,0,0,0,0,0,0,0,66,0.0,0.0,0.0,0.0,1.0,0.0,0.01,255,172,0.67,0.02,0.0,0.0,0.0,0.0,0.0,0,58331.0
0,1,38,5,0,0,0,0,0,0,0,0,0,108,1.0,1.0,0.0,0.0,0.19,0.07,0.0,255,20,0.08,0.06,0.0,0.0,1.0,1.0,0.0,1,36204.0
0,1,22,9,224,4835,0,0,1,0,0,0,0,15,0.0,0.0,0.0,0.0,1.0,0.0,0.0,255,255,1.0,0.0,0.0,0.0,0.0,0.0,0.0,0,7671.0
0,1,46,1,0,0,0,0,0,0,0,0,0,186,0.0,0.0,1.0,1.0,0.07,0.07,0.0,255,13,0.05,0.08,0.0,0.0,0.0,0.0,1.0,1,5790.0
0,1,22,9,247,511,0,0,1,0,0,0,0,8,0.0,0.0,0.0,0.0,1.0,0.0,0.22,113,215,1.0,0.0,0.01,0.03,0.0,0.0,0.0,0,111630.0
0,1,46,1,0,0,0,0,0,0,0,0,0,229,0.11,0.0,0.88,1.0,0.0,1.0,0.0,255,1,0.0,0.96,0.0,0.0,0.1,0.0,1.0,1,64417.0
0,1,22,9,326,477,0,0,1,0,0,0,0,3,0.0,0.0,0.0,0.0,1.0,0.0,0.5,26,255,1.0,0.0,0.04,0.03,0.0,0.0,0.0,0,70190.0
0,1,57,6,157,5338,0,0,1,1,2,4,0,1,1.0,1.0,0.0,0.0,1.0,0.0,0.0,185,1,0.01,0.02,0.01,0.0,0.01,1.0,0.0,0,44039.0
0,1,66,5,0,0,0,0,0,0,0,0,0,141,1.0,1.0,0.0,0.0,0.01,0.06,0.0,255,3,0.01,0.07,0.0,0.0,1.0,1.0,0.0,1,46867.0
0,1,22,9,295,1509,0,0,1,0,0,0,0,5,0.0,0.0,0.0,0.0,1.0,0.0,0.0,255,255,1.0,0.0,0.0,0.0,0.0,0.0,0.0,0,113074.0
0,1,46,1,0,0,0,0,0,0,0,0,0,209,0.0,0.0,1.0,1.0,0.05,0.07,0.0,255,11,0.04,0.08,0.0,0.0,0.0,0.0,1.0,1,110413.0
0,1,65,5,0,0,0,0,0,0,0,0,0,234,1.0,1.0,0.0,0.0,0.06,0.06,0.0,255,6,0.02,0.09,0.0,0.0,1.0,1.0,0.0,1,71836.0
0,1,51,9,1023,337,0,0,1,0,0,0,0,1,0.0,0.0,0.0,0.0,1.0,0.0,0.0,196,242,0.96,0.01,0.01,0.01,0.0,0.0,0.0,0,96243.0
0,1,17,9,7,0,0,0,0,0,0,0,0,1,0.0,0.0,0.0,0.0,1.0,0.0,0.0,24,6,0.08,0.12,0.04,0.33,0.0,0.0,0.0,0,29203.0
0,1,19,1,0,0,0,0,0,0,0,0,0,1,0.0,0.0,1.0,1.0,1.0,0.0,0.0,1,100,1.0,0.0,1.0,0.03,0.0,0.0,0.02,0,23422.0
0,1,22,9,196,8271,0,0,1,0,0,0,0,1,0.0,0.0,0.0,0.0,1.0,0.0,0.0,6,255,1.0,0.0,0.17,0.04,0.0,0.0,0.0,0,53826.0
0,1,46,5,0,0,0,0,0,0,0,0,0,215,1.0,1.0,0.0,0.0,0.06,0.06,0.0,255,19,0.07,0.07,0.0,0.0,1.0,1.0,0.0,1,20458.0
0,1,46,5,0,0,0,0,0,0,0,0,0,227,1.0,1.0,0.0,0.0,0.03,0.06,0.0,255,15,0.06,0.08,0.0,0.0,1.0,1.0,0.0,1,54651.0
0,1,22,9,304,6084,0,0,1,0,0,0,0,17,0.0,0.0,0.0,0.0,1.0,0.0,0.0,255,255,1.0,0.0,0.0,0.0,0.0,0.0,0.0,0,18397.0
0,1,22,9,336,640,0,0,1,0,0,0,0,22,0.05,0.03,0.0,0.0,1.0,0.0,0.1,185,255,1.0,0.0,0.01,0.01,0.01,0.0,0.0,0,60572.0
0,2,11,9,44,129,0,0,0,0,0,0,0,64,0.0,0.0,0.0,0.0,1.0,0.0,0.01,240,120,0.5,0.02,0.0,0.0,0.0,0.0,0.0,0,70642.0
0,1,63,5,0,0,0,0,0,0,0,0,0,143,1.0,1.0,0.0,0.0,0.13,0.05,0.0,255,19,0.07,0.05,0.0,0.0,1.0,1.0,0.0,1,76636.0
0,1,22,9,256,1695,0,0,1,0,0,0,0,7,0.0,0.0,0.0,0.0,1.0,0.0,0.0,68,255,1.0,0.0,0.01,0.04,0.0,0.0,0.0,0,46750.0
0,1,46,5,0,0,0,0,0,0,0,0,0,226,1.0,1.0,0.0,0.0,0.06,0.07,0.0,255,2,0.01,0.08,0.0,0.0,1.0,1.0,0.0,1,28386.0
0,1,32,5,0,0,0,0,0,0,0,0,0,262,1.0,1.0,0.0,0.0,0.08,0.05,0.0,255,21,0.08,0.05,0.0,0.0,1.0,1.0,0.0,1,58777.0
0,2,11,9,46,46,0,0,0,0,0,0,0,6,0.0,0.0,0.0,0.0,1.0,0.0,0.18,255,255,1.0,0.0,0.01,0.0,0.0,0.0,0.0,0,63679.0
11,1,51,9,2710,366,0,0,1,0,0,0,0,1,0.0,0.0,0.0,0.0,1.0,0.0,0.0,232,126,0.54,0.02,0.0,0.0,0.0,0.0,0.0,0,18378.0
0,0,13,9,8,0,0,0,0,0,0,0,0,1,0.0,0.0,0.0,0.0,1.0,0.0,1.0,1,35,1.0,0.0,1.0,0.51,0.0,0.0,0.0,1,104361.0
0,1,22,9,206,2543,0,0,1,0,0,0,0,8,0.0,0.0,0.0,0.0,1.0,0.0,0.22,255,255,1.0,0.0,0.0,0.0,0.0,0.0,0.0,0,109339.0
0,1,46,5,0,0,0,0,0,0,0,0,0,203,1.0,1.0,0.0,0.0,0.05,0.06,0.0,255,19,0.07,0.06,0.0,0.0,1.0,1.0,0.0,1,44437.0
0,1,51,9,2859,336,0,0,1,0,0,0,0,1,0.0,0.0,0.0,0.0,1.0,0.0,0.0,156,186,0.65,0.03,0.01,0.01,0.0,0.0,0.0,0,70840.0
0,1,46,5,0,0,0,0,0,0,0,0,0,289,1.0,1.0,0.0,0.0,0.05,0.06,0.0,255,7,0.03,0.09,0.0,0.0,1.0,1.0,0.0,1,44677.0
0,1,19,9,59,0,0,0,1,0,0,0,0,6,0.0,0.0,0.0,0.0,1.0,0.0,0.0,186,74,0.31,0.04,0.31,0.03,0.0,0.0,0.0,0,57513.0
0,1,46,5,0,0,0,0,0,0,0,0,0,71,1.0,1.0,0.0,0.0,0.27,0.08,0.0,255,22,0.09,0.07,0.0,0.0,1.0,1.0,0.0,1,107853.0
0,1,22,9,206,1162,0,0,1,0,0,0,0,8,0.0,0.0,0.0,0.0,1.0,0.0,0.0,240,255,1.0,0.0,0.0,0.01,0.0,0.0,0.04,0,20314.0
0,1,51,9,1474,278,0,0,1,0,0,0,0,1,0.0,0.0,0.0,0.0,1.0,0.0,1.0,37,34,0.73,0.08,0.03,0.06,0.0,0.0,0.0,0,81683.0
0,1,46,4,0,0,0,0,0,0,0,0,0,1,0.0,0.0,1.0,1.0,1.0,0.0,0.0,255,1,0.0,0.62,0.62,0.0,0.0,0.0,1.0,1,107892.0
0,1,19,9,1339,0,0,0,1,0,0,0,0,2,0.0,0.0,0.0,0.0,1.0,0.0,0.0,113,49,0.05,0.04,0.05,0.04,0.03,0.02,0.0,0,30722.0
0,1,22,9,277,13083,0,0,1,0,0,0,0,16,0.0,0.0,0.0,0.0,1.0,0.0,0.17,255,255,1.0,0.0,0.0,0.0,0.0,0.0,0.0,0,22759.0
0,1,46,5,0,0,0,0,0,0,0,0,0,146,1.0,1.0,0.0,0.0,0.14,0.05,0.0,255,16,0.06,0.04,0.0,0.0,1.0,1.0,0.0,1,23878.0
0,1,22,9,170,13755,0,0,1,0,0,0,0,1,0.0,0.0,0.0,0.0,1.0,0.0,0.12,17,255,1.0,0.0,0.06,0.01,0.0,0.0,0.0,0,63394.0
0,1,22,9,213,774,0,0,1,0,0,0,0,11,0.0,0.0,0.0,0.0,1.0,0.0,0.0,255,255,1.0,0.0,0.0,0.0,0.0,0.0,0.01,0,110433.0
0,1,4,5,0,0,0,0,0,0,0,0,0,259,1.0,1.0,0.0,0.0,0.01,0.05,0.0,255,2,0.01,0.05,0.0,0.0,1.0,1.0,0.0,1,117954.0
0,1,46,5,0,0,0,0,0,0,0,0,0,181,1.0,1.0,0.0,0.0,0.03,0.06,0.0,255,16,0.06,0.07,0.0,0.0,1.0,1.0,0.0,1,29532.0
0,1,51,9,851,326,0,0,1,0,0,0,0,1,0.0,0.0,0.0,0.0,1.0,0.0,0.0,13,11,0.85,0.15,0.08,0.0,0.0,0.0,0.0,0,115864.0
0,1,44,5,0,0,0,0,0,0,0,0,0,225,1.0,1.0,0.0,0.0,0.06,0.07,0.0,255,15,0.06,0.07,0.0,0.0,1.0,1.0,0.0,1,4955.0
0,1,22,9,333,1688,0,0,1,0,0,0,0,6,0.0,0.0,0.0,0.0,1.0,0.0,0.21,80,255,1.0,0.0,0.01,0.02,0.0,0.0,0.0,0,24974.0
0,1,46,2,0,0,0,0,0,0,0,0,0,141,0.0,0.0,1.0,1.0,0.14,0.06,0.0,255,20,0.08,0.05,0.0,0.0,0.0,0.0,1.0,1,12151.0
0,1,22,9,226,5381,0,0,1,0,0,0,0,4,0.0,0.0,0.0,0.0,1.0,0.0,0.0,207,255,1.0,0.0,0.0,0.01,0.0,0.0,0.0,0,117624.0
0,2,46,9,215,0,0,0,0,0,0,0,0,1,0.0,0.0,0.0,0.0,1.0,0.0,0.0,55,47,0.85,0.04,0.85,0.0,0.0,0.0,0.0,1,90955.0
0,1,22,9,209,744,0,0,1,0,0,0,0,4,0.0,0.0,0.0,0.0,1.0,0.0,0.17,34,255,1.0,0.0,0.03,0.02,0.0,0.0,0.0,0,65760.0
0,1,46,1,0,0,0,0,0,0,0,0,0,409,0.06,0.0,0.93,1.0,0.0,1.0,0.0,255,1,0.0,1.0,0.0,0.0,0.09,0.0,1.0,1,16410.0
0,1,5,5,0,0,0,0,0,0,0,0,0,139,1.0,1.0,0.0,0.0,0.12,0.06,0.0,255,4,0.02,0.07,0.0,0.0,1.0,1.0,0.0,1,49050.0
0,1,31,5,0,0,0,0,0,0,0,0,0,142,1.0,1.0,0.0,0.0,0.07,0.06,0.0,255,16,0.06,0.05,0.0,0.0,1.0,1.0,0.0,1,37069.0
1,1,51,9,1327,337,0,0,1,0,0,0,0,2,0.0,0.0,0.0,0.0,0.5,1.0,1.0,148,121,0.5,0.03,0.01,0.02,0.0,0.0,0.0,0,38913.0
0,1,22,9,306,560,0,0,1,0,0,0,0,3,0.0,0.0,0.0,0.0,1.0,0.0,0.0,3,255,1.0,0.0,0.33,0.02,0.0,0.0,0.0,0,36227.0
0,1,46,1,0,0,0,0,0,0,0,0,0,2,0.0,0.0,1.0,1.0,0.5,1.0,0.0,255,1,0.0,0.17,0.14,0.0,0.0,0.0,1.0,1,48471.0
0,1,46,5,0,0,0,0,0,0,0,0,0,130,1.0,1.0,0.0,0.0,0.14,0.06,0.0,255,14,0.05,0.07,0.0,0.0,1.0,1.0,0.0,1,106732.0
0,1,22,9,315,1509,0,0,1,0,0,0,0,25,0.0,0.0,0.0,0.0,1.0,0.0,0.0,255,255,1.0,0.0,0.0,0.0,0.0,0.0,0.0,0,72115.0
22941,1,46,4,1,0,0,0,0,0,0,0,0,2,0.0,0.0,1.0,1.0,1.0,0.0,0.0,255,2,0.01,0.73,1.0,0.0,0.0,0.0,1.0,1,117378.0
0,1,22,9,233,1380,0,0,1,0,0,0,0,3,0.0,0.0,0.0,0.0,1.0,0.0,0.0,255,239,0.94,0.02,0.0,0.0,0.0,0.0,0.0,0,37542.0
0,1,46,5,0,0,0,0,0,0,0,0,0,186,1.0,1.0,0.0,0.0,0.11,0.05,0.0,255,21,0.08,0.05,0.0,0.0,1.0,1.0,0.0,1,69268.0
0,1,22,9,294,17848,0,0,1,0,0,0,0,21,0.0,0.0,0.0,0.0,1.0,0.0,0.07,47,255,1.0,0.0,0.02,0.02,0.0,0.0,0.0,0,98351.0
0,1,19,9,194,0,0,0,1,0,0,0,0,2,0.0,0.0,0.0,0.0,1.0,0.0,0.0,12,10,0.83,0.17,0.83,0.0,0.0,0.0,0.0,0,107684.0
0,2,11,9,44,89,0,0,0,0,0,0,0,152,0.0,0.0,0.0,0.0,1.0,0.0,0.0,255,225,0.88,0.01,0.0,0.0,0.0,0.0,0.0,0,54258.0
0,1,46,5,0,0,0,0,0,0,0,0,0,275,1.0,1.0,0.0,0.0,0.03,0.06,0.0,255,11,0.04,0.08,0.0,0.0,1.0,1.0,0.0,1,107025.0
0,1,2,5,0,0,0,0,0,0,0,0,0,229,1.0,1.0,0.0,0.0,0.03,0.07,0.0,255,6,0.02,0.08,0.0,0.0,1.0,1.0,0.0,1,25325.0
0,1,33,5,0,0,0,0,0,0,0,0,0,252,1.0,1.0,0.0,0.0,0.0,0.06,0.0,255,1,0.0,0.08,0.0,0.0,1.0,1.0,0.0,1,36298.0
5,1,51,9,1606,332,0,0,1,0,0,0,0,1,0.0,0.0,0.0,0.0,1.0,0.0,1.0,195,113,0.58,0.02,0.01,0.0,0.0,0.0,0.0,0,124587.0
0,1,46,5,0,0,0,0,0,0,0,0,0,209,1.0,1.0,0.0,0.0,0.06,0.07,0.0,255,12,0.05,0.06,0.0,0.0,1.0,1.0,0.0,1,56008.0
0,1,32,1,0,0,0,0,0,0,0,0,0,241,0.0,0.0,1.0,1.0,0.06,0.07,0.0,255,15,0.06,0.07,0.0,0.0,0.0,0.0,1.0,1,46744.0
0,1,22,9,267,1619,0,0,1,0,0,0,0,1,0.0,0.0,0.0,0.5,1.0,0.0,1.0,255,246,0.96,0.01,0.0,0.0,0.0,0.0,0.02,0,101535.0
0,1,46,1,0,0,0,0,0,0,0,0,0,376,0.06,0.0,0.92,1.0,0.0,1.0,0.0,255,1,0.0,1.0,0.0,0.0,0.09,0.0,1.0,1,106534.0
0,2,11,9,46,46,0,0,0,0,0,0,0,134,0.0,0.0,0.0,0.0,0.99,0.01,0.0,255,254,1.0,0.01,0.0,0.0,0.0,0.0,0.0,0,43917.0
0,1,51,9,1172,329,0,0,1,0,0,0,0,1,0.0,0.0,0.0,0.0,1.0,0.0,0.0,2,2,1.0,0.0,0.5,0.0,0.0,0.0,0.0,0,49614.0
0,1,22,9,221,311,0,0,1,0,0,0,0,11,0.0,0.0,0.0,0.0,1.0,0.0,0.0,28,132,1.0,0.0,0.04,0.02,0.0,0.0,0.03,0,92502.0
0,1,15,5,0,0,0,0,0,0,0,0,0,119,1.0,1.0,0.0,0.0,0.03,0.07,0.0,255,4,0.02,0.06,0.0,0.0,1.0,1.0,0.0,1,114514.0
0,1,22,9,311,396,0,0,1,0,0,0,0,6,0.0,0.0,0.0,0.0,1.0,0.0,0.0,255,255,1.0,0.0,0.0,0.0,0.0,0.0,0.0,0,23182.0
0,1,22,9,297,1645,0,0,1,0,0,0,0,4,0.0,0.0,0.0,0.0,1.0,0.0,0.0,15,255,1.0,0.0,0.07,0.01,0.0,0.0,0.03,0,3029.0
0,1,22,9,216,224,0,0,1,0,0,0,0,17,0.0,0.0,0.0,0.0,1.0,0.0,0.0,17,255,1.0,0.0,0.06,0.05,0.0,0.0,0.0,0,58566.0
0,0,14,9,1032,0,0,0,0,0,0,0,0,511,0.0,0.0,0.0,0.0,1.0,0.0,0.0,255,234,0.92,0.05,0.92,0.0,0.0,0.0,0.0,1,43030.0
0,1,19,9,567,0,0,0,1,0,0,6,0,1,0.0,0.0,0.0,0.0,1.0,0.0,0.0,104,53,0.07,0.16,0.16,0.04,0.03,0.02,0.0,0,11252.0
0,1,22,9,208,1660,0,0,1,0,0,0,0,33,0.0,0.0,0.0,0.0,1.0,0.0,0.0,255,255,1.0,0.0,0.0,0.0,0.0,0.0,0.0,0,39039.0
1,1,51,9,1348,331,0,0,1,0,0,0,0,1,0.0,0.0,0.0,0.0,1.0,0.0,1.0,32,65,0.41,0.06,0.03,0.03,0.0,0.0,0.0,0,24310.0
0,1,18,5,0,0,0,0,0,0,0,0,0,247,1.0,1.0,0.0,0.0,0.0,0.07,0.0,255,1,0.0,0.07,0.0,0.0,1.0,1.0,0.0,1,51525.0
0,1,22,9,324,57408,0,0,1,0,0,0,0,21,0.0,0.0,0.0,0.0,1.0,0.0,0.0,21,255,1.0,0.0,0.05,0.09,0.0,0.01,0.0,0,12170.0
0,1,19,9,1199,0,0,0,1,0,0,0,0,2,0.0,0.0,0.0,0.0,1.0,0.0,0.0,229,103,0.41,0.04,0.41,0.02,0.0,0.0,0.0,0,28055.0
0,0,13,9,8,0,0,0,0,0,0,0,0,1,0.0,0.0,0.0,0.0,1.0,0.0,1.0,2,54,1.0,0.0,1.0,0.5,0.0,0.0,0.0,1,31586.0
0,1,22,9,217,3212,0,0,1,0,0,0,0,3,0.0,0.0,0.0,0.0,1.0,0.0,0.0,3,255,1.0,0.0,0.33,0.02,0.0,0.0,0.0,0,70681.0
0,1,51,9,5281,391,0,0,1,0,0,0,0,1,0.0,0.0,0.0,0.0,1.0,0.0,0.0,255,22,0.09,0.09,0.0,0.0,0.81,0.0,0.0,0,120202.0
0,2,11,9,45,45,0,0,0,0,0,0,0,154,0.0,0.0,0.0,0.0,1.0,0.0,0.01,255,255,1.0,0.0,0.01,0.0,0.0,0.0,0.0,0,39245.0
0,1,9,2,0,0,0,0,0,0,0,0,0,272,0.0,0.0,1.0,1.0,0.07,0.06,0.0,255,20,0.08,0.07,0.0,0.0,0.0,0.0,1.0,1,105395.0
0,1,22,5,0,0,0,0,0,0,0,0,0,4,1.0,1.0,0.0,0.0,0.5,0.75,0.0,255,64,0.25,0.02,0.0,0.0,1.0,1.0,0.0,1,67546.0
1,1,51,9,1109,336,0,0,1,0,0,0,0,1,0.0,0.0,0.0,0.0,1.0,0.0,0.0,107,111,0.55,0.05,0.01,0.02,0.0,0.0,0.0,0,39419.0
0,1,51,7,762,331,0,0,1,0,0,0,0,1,1.0,1.0,0.0,0.0,1.0,0.0,0.0,81,166,0.83,0.05,0.01,0.01,0.02,0.01,0.0,0,46054.0
0,1,22,9,288,301,0,0,1,0,0,0,0,29,0.0,0.0,0.0,0.0,1.0,0.0,0.11,255,255,1.0,0.0,0.0,0.0,0.0,0.0,0.0,0,32916.0
0,1,17,5,0,0,0,0,0,0,0,0,0,23,1.0,1.0,0.0,0.0,0.26,0.17,0.0,255,47,0.18,0.05,0.02,0.0,1.0,1.0,0.0,1,91120.0
0,1,19,9,203,0,0,0,1,0,0,0,0,2,0.0,0.0,0.0,0.0,1.0,0.0,0.0,5,55,0.8,0.4,0.8,0.04,0.0,0.0,0.0,0,95858.0
0,1,22,9,311,7502,0,0,1,0,0,0,0,10,0.0,0.0,0.0,0.0,1.0,0.0,0.0,36,255,1.0,0.0,0.03,0.04,0.0,0.0,0.0,0,52068.0
0,1,46,5,0,0,0,0,0,0,0,0,0,209,1.0,1.0,0.0,0.0,0.03,0.05,0.0,13,6,0.46,0.23,0.08,0.0,0.85,1.0,0.0,1,120527.0
13659,2,41,9,147,105,0,0,0,0,0,0,0,1,0.0,0.0,0.0,0.0,1.0,0.0,0.0,255,2,0.01,0.59,0.87,0.0,0.0,0.0,0.0,0,102957.0
0,1,22,9,203,1233,0,0,1,0,0,0,0,16,0.0,0.05,0.0,0.0,1.0,0.0,0.14,255,255,1.0,0.0,0.0,0.0,0.0,0.0,0.0,0,111655.0
0,2,11,9,46,80,0,0,0,0,0,0,0,242,0.0,0.0,0.0,0.0,1.0,0.0,0.0,255,230,0.9,0.01,0.0,0.0,0.0,0.0,0.0,0,65645.0
0,1,36,5,0,0,0,0,0,0,0,0,0,292,1.0,1.0,0.0,0.0,0.03,0.05,0.0,255,3,0.01,0.07,0.0,0.0,1.0,1.0,0.0,1,116482.0
0,0,13,9,30,0,0,0,0,0,0,0,0,1,0.0,0.0,0.0,0.0,1.0,0.0,0.0,78,131,1.0,0.0,1.0,0.21,0.0,0.0,0.0,0,57151.0
0,0,14,9,520,0,0,0,0,0,0,0,0,487,0.0,0.0,0.0,0.0,1.0,0.0,0.0,128,128,1.0,0.0,1.0,0.0,0.0,0.0,0.0,1,17732.0
0,1,22,9,261,3834,0,0,1,0,0,0,0,1,0.0,0.0,0.0,0.0,1.0,0.0,0.0,255,245,0.96,0.01,0.0,0.0,0.0,0.0,0.0,0,17576.0
0,1,19,1,0,0,0,0,0,0,0,0,0,199,0.0,0.0,1.0,1.0,0.01,0.07,0.0,255,1,0.0,0.07,0.0,0.0,0.0,0.0,1.0,1,60301.0
3047,2,41,9,146,105,0,0,0,0,0,0,0,1,0.0,0.0,0.0,0.0,1.0,0.0,0.0,255,1,0.0,0.69,0.96,0.0,0.0,0.0,0.0,0,630.0
0,1,51,9,978,329,0,0,1,0,0,0,0,1,0.0,0.0,0.0,0.0,1.0,0.0,1.0,83,61,0.73,0.04,0.01,0.0,0.0,0.0,0.0,0,48430.0
0,1,46,1,0,0,0,0,0,0,0,0,0,1,0.0,0.0,1.0,1.0,1.0,0.0,0.0,62,2,0.02,1.0,0.02,1.0,0.0,0.0,1.0,1,107721.0
0,2,11,9,44,74,0,0,0,0,0,0,0,124,0.0,0.0,0.0,0.0,0.99,0.02,0.02,255,241,0.95,0.01,0.0,0.0,0.0,0.0,0.0,0,81995.0
0,1,52,1,0,0,0,0,0,0,0,0,0,69,0.0,0.0,1.0,1.0,0.23,0.07,0.0,255,15,0.06,0.08,0.0,0.0,0.0,0.0,1.0,1,18843.0
0,1,46,5,0,0,0,0,0,0,0,0,0,87,1.0,1.0,0.0,0.0,0.13,0.08,0.0,255,11,0.04,0.06,0.0,0.0,1.0,1.0,0.0,1,41434.0
0,1,22,9,250,3360,0,0,1,0,0,0,0,9,0.0,0.0,0.0,0.0,1.0,0.0,0.16,255,255,1.0,0.0,0.0,0.0,0.0,0.0,0.0,0,39143.0
0,0,47,9,91,0,0,0,0,0,0,0,0,7,0.0,0.0,0.0,0.0,1.0,0.0,0.0,132,7,0.05,0.02,0.05,0.0,0.0,0.0,0.0,0,1680.0
0,1,22,9,327,650,0,0,1,0,0,0,0,19,0.0,0.0,0.0,0.0,1.0,0.0,0.1,248,255,1.0,0.0,0.0,0.01,0.0,0.0,0.0,0,11128.0
0,1,12,5,0,0,0,0,0,0,0,0,0,138,1.0,1.0,0.0,0.0,0.09,0.05,0.0,255,1,0.0,0.06,0.0,0.0,1.0,1.0,0.0,1,52768.0
0,1,35,1,0,0,0,0,0,0,0,0,0,100,0.01,0.0,0.93,1.0,0.01,1.0,0.0,225,1,0.0,0.48,0.0,0.0,0.0,0.0,1.0,1,33911.0
0,1,22,9,236,14616,0,0,1,0,0,0,0,5,0.2,0.17,0.0,0.0,1.0,0.0,0.33,217,255,1.0,0.0,0.0,0.01,0.0,0.0,0.0,0,102697.0
0,0,13,9,8,0,0,0,0,0,0,0,0,1,0.0,0.0,0.0,0.0,1.0,0.0,1.0,4,132,1.0,0.0,1.0,0.25,0.0,0.0,0.0,1,119691.0
0,1,30,5,0,0,0,0,0,0,0,0,0,221,1.0,1.0,0.0,0.0,0.09,0.05,0.0,255,20,0.08,0.05,0.0,0.0,1.0,1.0,0.0,1,89973.0
0,0,13,9,8,0,0,0,0,0,0,0,0,1,0.0,0.0,0.0,0.0,1.0,0.0,1.0,1,32,1.0,0.0,1.0,0.53,0.0,0.0,0.0,1,94933.0
0,1,2,5,0,0,0,0,0,0,0,0,0,277,1.0,1.0,0.0,0.0,0.07,0.05,0.0,255,19,0.07,0.05,0.0,0.0,1.0,1.0,0.0,1,125654.0
0,1,19,5,0,0,0,0,0,0,0,0,0,79,1.0,1.0,0.0,0.0,0.24,0.05,0.0,255,66,0.26,0.02,0.01,0.0,1.0,1.0,0.0,1,53109.0
0,1,22,9,192,318,0,0,1,0,0,0,0,3,0.0,0.03,0.0,0.0,1.0,0.0,0.24,255,255,1.0,0.0,0.0,0.0,0.0,0.0,0.0,0,2540.0
0,0,13,9,8,0,0,0,0,0,0,0,0,1,0.0,0.0,0.0,0.0,1.0,0.0,1.0,1,13,1.0,0.0,1.0,0.54,0.0,0.0,0.0,1,103028.0
0,2,41,9,113,0,0,0,0,0,0,0,0,23,0.0,0.0,0.0,0.0,0.96,0.09,0.0,255,22,0.09,0.55,0.09,0.0,0.0,0.0,0.0,0,125133.0
0,2,46,9,28,0,3,0,0,0,0,0,0,136,0.74,0.0,0.0,0.0,0.26,0.05,0.0,255,36,0.14,0.86,0.14,0.0,0.09,0.0,0.0,1,106898.0
0,1,26,1,0,0,0,0,0,0,0,0,0,237,0.0,0.0,1.0,1.0,0.06,0.06,0.0,255,14,0.05,0.07,0.0,0.0,0.0,0.0,1.0,1,10359.0
0,1,37,5,0,0,0,0,0,0,0,0,0,193,1.0,1.0,0.0,0.0,0.01,0.06,0.0,255,1,0.0,0.07,0.0,0.0,1.0,1.0,0.0,1,44810.0
1832,2,41,9,146,105,0,0,0,0,0,0,0,1,0.0,0.0,0.0,0.0,1.0,0.0,0.0,255,2,0.01,0.72,0.97,0.0,0.0,0.0,0.0,0,111209.0
0,1,30,1,0,0,0,0,0,0,0,0,0,244,0.0,0.0,1.0,1.0,0.03,0.07,0.0,255,8,0.03,0.08,0.0,0.0,0.0,0.0,1.0,1,36697.0
0,1,22,9,306,3222,0,0,1,0,0,0,0,3,0.0,0.0,0.0,0.0,1.0,0.0,0.0,255,246,0.96,0.01,0.0,0.0,0.0,0.0,0.0,0,74671.0
0,1,26,1,0,0,0,0,0,0,0,0,0,119,0.0,0.0,1.0,1.0,0.03,0.07,0.0,255,4,0.02,0.07,0.0,0.0,0.0,0.0,1.0,1,7036.0
0,1,22,9,339,304,0,0,1,0,0,0,0,5,0.0,0.0,0.0,0.0,1.0,0.0,0.0,5,255,1.0,0.0,0.2,0.05,0.0,0.02,0.0,0,75145.0
0,1,30,1,0,0,0,0,0,0,0,0,0,252,0.0,0.0,1.0,1.0,0.05,0.07,0.0,255,13,0.05,0.08,0.0,0.0,0.0,0.0,1.0,1,93932.0
0,1,22,9,307,612,0,0,1,0,0,0,0,6,0.0,0.0,0.0,0.0,1.0,0.0,0.0,6,255,1.0,0.0,0.17,0.08,0.0,0.0,0.0,0,55103.0
0,1,22,9,322,4240,0,0,1,0,0,0,0,26,0.0,0.0,0.0,0.0,1.0,0.0,0.0,255,255,1.0,0.0,0.0,0.0,0.0,0.0,0.0,0,117683.0
0,1,46,1,0,0,0,0,0,0,0,0,0,79,0.0,0.0,1.0,1.0,0.05,0.06,0.0,255,4,0.02,0.06,0.0,0.0,0.0,0.0,1.0,1,36788.0
0,1,22,5,0,0,0,0,0,0,0,0,0,113,1.0,1.0,0.0,0.0,0.04,0.06,0.0,255,14,0.05,0.07,0.0,0.0,1.0,1.0,0.0,1,14806.0
0,1,22,9,257,398,0,0,1,0,0,0,0,6,0.0,0.0,0.0,0.0,1.0,0.0,0.15,76,255,1.0,0.0,0.01,0.03,0.01,0.01,0.01,0,73852.0
0,2,11,9,44,129,0,0,0,0,0,0,0,38,0.0,0.0,0.0,0.0,1.0,0.0,0.01,96,200,0.84,0.02,0.84,0.01,0.0,0.0,0.0,0,26724.0
0,1,22,9,306,457,0,0,1,0,0,0,0,27,0.0,0.0,0.0,0.0,1.0,0.0,0.09,255,255,1.0,0.0,0.0,0.0,0.0,0.0,0.0,0,110692.0
0,1,19,9,749,0,0,0,1,0,0,0,0,2,0.0,0.0,0.0,0.0,1.0,0.0,0.0,137,48,0.23,0.04,0.23,0.04,0.03,0.06,0.0,0,77590.0
12801,2,41,9,145,105,0,0,0,0,0,0,0,4,0.0,0.0,0.0,0.0,0.5,0.5,0.0,255,2,0.01,0.84,1.0,0.0,0.0,0.0,0.0,0,55422.0
0,1,25,5,0,0,0,0,0,0,0,0,0,279,1.0,1.0,0.0,0.0,0.03,0.06,0.0,255,9,0.04,0.07,0.0,0.0,1.0,1.0,0.0,1,107917.0
0,2,11,9,33,0,0,0,0,0,0,0,0,1,0.0,0.0,0.0,0.0,1.0,0.0,0.4,255,16,0.06,0.02,0.06,0.0,0.0,0.0,0.0,0,76724.0
0,1,22,9,299,1745,0,0,1,0,0,0,0,5,0.0,0.0,0.0,0.0,1.0,0.0,0.0,16,255,1.0,0.0,0.06,0.04,0.0,0.0,0.0,0,53942.0
0,1,22,9,54540,8314,0,2,1,1,0,0,0,4,0.0,0.0,0.0,0.0,1.0,0.0,0.0,53,53,1.0,0.0,0.02,0.0,0.02,0.02,0.02,1,42422.0
26442,1,46,4,1,0,0,0,0,0,0,0,0,2,0.0,0.0,1.0,1.0,1.0,0.0,0.0,255,2,0.01,0.74,1.0,0.0,0.0,0.0,1.0,1,81386.0
0,1,46,1,0,0,0,0,0,0,0,0,0,179,0.0,0.0,1.0,1.0,0.02,0.07,0.0,255,3,0.01,0.07,0.0,0.0,0.0,0.0,1.0,1,107008.0
0,1,46,1,0,0,0,0,0,0,0,0,0,269,0.0,0.0,1.0,1.0,0.02,0.06,0.0,255,6,0.02,0.08,0.0,0.0,0.0,0.0,1.0,1,20553.0
0,2,11,9,46,46,0,0,0,0,0,0,0,115,0.0,0.0,0.0,0.0,1.0,0.0,0.0,255,255,1.0,0.0,0.0,0.0,0.0,0.0,0.0,0,122324.0
0,1,46,1,0,0,0,0,0,0,0,0,0,133,0.0,0.0,1.0,1.0,0.05,0.07,0.0,255,6,0.02,0.06,0.0,0.0,0.0,0.0,1.0,1,89016.0
0,0,13,9,8,0,0,0,0,0,0,0,0,1,0.0,0.0,0.0,0.0,1.0,0.0,1.0,2,80,1.0,0.0,1.0,0.5,0.0,0.0,0.0,1,100473.0
0,2,11,9,46,143,0,0,0,0,0,0,0,242,0.0,0.0,0.0,0.0,1.0,0.01,0.01,255,247,0.97,0.01,0.0,0.0,0.0,0.0,0.0,0,85917.0
0,1,22,9,327,330,0,0,1,0,0,0,0,15,0.0,0.0,0.0,0.0,1.0,0.0,0.12,255,255,1.0,0.0,0.0,0.0,0.0,0.0,0.0,0,84109.0
0,1,22,9,278,622,0,0,1,0,0,0,0,22,0.0,0.0,0.0,0.0,1.0,0.0,0.0,255,255,1.0,0.0,0.0,0.0,0.0,0.0,0.0,0,120831.0
0,1,22,9,250,270,0,0,1,0,0,0,0,5,0.0,0.0,0.0,0.0,1.0,0.0,0.0,255,240,0.94,0.01,0.0,0.0,0.0,0.0,0.0,0,6224.0
0,1,22,9,294,2199,0,0,1,0,0,0,0,1,0.0,0.0,0.0,0.0,1.0,0.0,1.0,1,255,1.0,0.0,1.0,0.07,0.0,0.01,0.0,0,88987.0
0,1,22,9,331,2639,0,0,1,0,0,0,0,15,0.0,0.0,0.0,0.0,1.0,0.0,0.0,98,255,1.0,0.0,0.01,0.02,0.0,0.0,0.0,0,64756.0
0,1,6,5,0,0,0,0,0,0,0,0,0,252,1.0,1.0,0.0,0.0,0.08,0.05,0.0,255,21,0.08,0.05,0.0,0.0,1.0,1.0,0.0,1,118215.0
0,1,22,9,320,2459,0,0,1,0,0,0,0,1,0.0,0.0,0.0,0.0,1.0,0.0,0.4,8,255,1.0,0.0,0.12,0.02,0.0,0.0,0.0,0,31640.0
0,1,22,9,227,4241,0,0,1,0,0,0,0,6,0.0,0.0,0.0,0.0,1.0,0.0,0.14,6,255,1.0,0.0,0.17,0.01,0.0,0.0,0.0,0,32043.0
0,1,22,9,165,7775,0,0,1,0,0,0,0,1,0.0,0.0,0.0,0.0,1.0,0.0,0.0,1,255,1.0,0.0,1.0,0.04,0.0,0.0,0.0,0,28153.0
0,1,51,9,2481,388,0,0,1,0,0,0,1,1,0.0,0.0,0.0,0.0,1.0,0.0,0.0,15,142,0.47,0.2,0.07,0.01,0.0,0.0,0.0,0,43168.0
0,1,19,9,7280,0,0,0,1,0,0,0,0,12,0.0,0.0,0.0,0.0,1.0,0.0,0.0,255,72,0.28,0.02,0.11,0.0,0.67,0.62,0.0,0,111852.0
0,1,57,5,0,0,0,0,0,0,0,0,0,63,1.0,1.0,0.0,0.0,0.21,0.06,0.0,255,55,0.22,0.04,0.02,0.0,1.0,1.0,0.0,1,63278.0
0,0,13,9,8,0,0,0,0,0,0,0,0,1,0.0,0.0,0.0,0.0,1.0,0.0,1.0,3,239,1.0,0.0,1.0,0.25,0.0,0.0,0.0,1,121799.0
0,1,22,9,210,6746,0,0,1,0,0,0,0,7,0.0,0.0,0.0,0.0,1.0,0.0,0.0,7,255,1.0,0.0,0.14,0.02,0.0,0.0,0.0,0,9363.0
0,1,22,9,206,2611,0,0,1,0,0,0,0,4,0.0,0.0,0.0,0.0,1.0,0.0,0.0,4,255,1.0,0.0,0.25,0.03,0.0,0.0,0.0,0,53386.0
6956,2,41,9,146,105,0,0,0,0,0,0,0,1,0.0,0.0,0.0,0.0,1.0,0.0,0.0,255,1,0.0,0.53,0.84,0.0,0.0,0.0,0.0,0,89419.0
0,1,22,9,217,2351,0,0,1,0,0,0,0,6,0.0,0.0,0.0,0.0,1.0,0.0,0.14,24,255,1.0,0.0,0.04,0.03,0.0,0.0,0.0,0,108537.0
0,1,19,9,12,0,0,0,1,0,0,0,0,2,0.0,0.0,0.0,0.0,1.0,0.0,0.0,66,64,0.24,0.06,0.24,0.03,0.0,0.0,0.0,0,39063.0
0,1,22,9,297,362,0,0,1,0,0,0,0,4,0.0,0.0,0.0,0.0,1.0,0.0,0.0,4,255,1.0,0.0,0.25,0.04,0.0,0.0,0.0,0,32759.0
0,1,51,9,13552,1431,0,0,1,0,0,0,0,1,0.0,0.0,0.0,0.0,1.0,0.0,0.0,220,136,0.48,0.01,0.0,0.01,0.0,0.0,0.0,0,102168.0
0,1,36,5,0,0,0,0,0,0,0,0,0,268,1.0,1.0,0.0,0.0,0.09,0.05,0.0,255,24,0.09,0.05,0.0,0.0,1.0,1.0,0.0,1,37277.0
0,1,22,9,319,2481,0,0,1,0,0,0,0,5,0.0,0.0,0.0,0.0,1.0,0.0,0.0,255,255,1.0,0.0,0.0,0.0,0.0,0.0,0.0,0,103895.0
0,1,63,2,0,0,0,0,0,0,0,0,0,106,0.0,0.0,1.0,1.0,0.02,0.08,0.0,255,2,0.01,0.06,0.0,0.0,0.0,0.0,1.0,1,60800.0
0,1,9,5,0,0,0,0,0,0,0,0,0,213,1.0,1.0,0.0,0.0,0.08,0.07,0.0,255,18,0.07,0.07,0.0,0.0,1.0,1.0,0.0,1,105166.0
0,1,46,5,0,0,0,0,0,0,0,0,0,112,1.0,1.0,0.0,0.0,0.12,0.05,0.0,255,11,0.04,0.07,0.0,0.0,1.0,1.0,0.0,1,59737.0
0,2,11,9,43,131,0,0,0,0,0,0,0,65,0.0,0.0,0.0,0.0,1.0,0.0,0.01,255,254,1.0,0.01,0.0,0.0,0.0,0.0,0.0,0,39754.0
10,1,51,9,2709,328,0,0,1,0,0,0,0,1,0.0,0.0,0.0,0.0,1.0,0.0,0.0,255,165,0.65,0.03,0.0,0.0,0.0,0.0,0.01,0,80202.0
0,1,19,9,334,0,0,0,1,0,0,0,0,2,0.0,0.0,0.0,0.0,1.0,0.0,0.0,7,7,1.0,0.0,1.0,0.0,0.0,0.0,0.0,1,76663.0
0,1,22,9,308,15276,0,0,1,0,0,0,0,3,0.0,0.0,0.0,0.0,1.0,0.0,0.0,255,255,1.0,0.0,0.0,0.0,0.0,0.0,0.0,0,33516.0
0,1,8,2,0,0,0,0,0,0,0,0,0,233,0.0,0.0,1.0,1.0,0.03,0.06,0.0,255,7,0.03,0.07,0.0,0.0,0.0,0.0,1.0,1,6223.0
0,1,46,1,0,0,0,0,0,0,0,0,0,140,0.0,0.0,1.0,1.0,0.09,0.06,0.0,215,12,0.06,0.06,0.0,0.0,0.0,0.0,1.0,1,58957.0
0,1,64,5,0,0,0,0,0,0,0,0,0,237,1.0,1.0,0.0,0.0,0.09,0.05,0.0,255,22,0.09,0.05,0.0,0.0,1.0,1.0,0.0,1,71984.0
0,1,51,9,1188,327,0,0,1,0,0,0,0,1,0.0,0.0,0.0,0.0,1.0,0.0,0.0,61,110,0.52,0.07,0.02,0.02,0.0,0.0,0.0,0,25662.0
592,1,57,9,460,2238,0,0,1,10,0,0,0,1,0.0,0.0,0.0,0.0,1.0,0.0,0.0,135,14,0.1,0.04,0.01,0.0,0.02,0.21,0.0,0,33519.0
0,1,19,5,0,0,0,0,0,0,0,0,0,24,1.0,1.0,0.0,0.0,0.5,0.08,0.0,32,39,0.38,0.06,0.03,0.05,1.0,0.31,0.0,1,42096.0
0,1,20,5,0,0,0,0,0,0,0,0,0,289,1.0,1.0,0.0,0.0,0.09,0.05,0.0,255,25,0.1,0.05,0.0,0.0,1.0,1.0,0.0,1,53134.0
0,1,22,9,323,719,0,0,1,0,0,0,0,37,0.0,0.0,0.0,0.0,1.0,0.0,0.0,76,255,1.0,0.0,0.01,0.06,0.0,0.0,0.0,0,59948.0
0,1,22,9,266,5202,0,0,1,0,0,0,0,1,0.0,0.0,0.0,0.0,1.0,0.0,0.0,9,255,1.0,0.0,0.11,0.02,0.0,0.01,0.0,0,71038.0
0,1,22,9,350,3436,0,0,1,0,0,0,0,2,0.0,0.0,0.0,0.0,1.0,0.0,0.67,118,255,1.0,0.0,0.01,0.02,0.01,0.0,0.0,0,19536.0
0,1,22,5,0,0,0,0,0,0,0,0,0,262,1.0,0.56,0.0,0.0,0.07,0.07,0.06,255,18,0.07,0.07,0.0,0.0,1.0,1.0,0.0,1,93702.0
0,1,46,5,0,0,0,0,0,0,0,0,0,71,1.0,1.0,0.0,0.0,0.24,0.06,0.0,255,8,0.03,0.07,0.0,0.0,1.0,1.0,0.0,1,93859.0
0,1,46,5,0,0,0,0,0,0,0,0,0,132,1.0,1.0,0.0,0.0,0.08,0.06,0.0,243,9,0.04,0.08,0.0,0.0,1.0,1.0,0.0,1,76339.0
3,1,51,9,1227,331,0,0,1,0,0,0,0,1,0.0,0.0,0.0,0.0,1.0,0.0,1.0,77,173,0.71,0.05,0.01,0.01,0.0,0.0,0.0,0,50745.0
0,0,14,9,1032,0,0,0,0,0,0,0,0,34,0.0,0.0,0.0,0.0,1.0,0.0,0.0,255,34,0.13,0.02,0.13,0.0,0.0,0.0,0.0,1,78802.0
0,1,35,5,0,0,0,0,0,0,0,0,0,12,1.0,1.0,0.0,0.0,0.58,0.25,0.0,255,7,0.03,0.08,0.0,0.0,1.0,1.0,0.0,1,40847.0
0,1,55,5,0,0,0,0,0,0,0,0,0,232,1.0,1.0,0.0,0.0,0.03,0.06,0.0,255,20,0.08,0.07,0.0,0.0,1.0,1.0,0.0,1,55831.0
0,2,46,9,105,146,0,0,0,0,0,0,0,7,0.0,0.0,0.0,0.0,0.14,0.29,0.0,255,243,0.95,0.01,0.0,0.0,0.0,0.0,0.0,0,97858.0
0,1,46,1,0,0,0,0,0,0,0,0,0,113,0.0,0.0,1.0,1.0,0.09,0.07,0.0,88,10,0.11,0.09,0.01,0.0,0.0,0.0,1.0,1,22590.0
0,1,22,9,285,1955,0,0,1,0,0,0,0,8,0.0,0.0,0.0,0.0,1.0,0.0,0.31,33,255,1.0,0.0,0.03,0.04,0.0,0.0,0.0,0,122391.0
0,1,46,4,0,0,0,0,0,0,0,0,0,1,0.0,0.0,1.0,1.0,1.0,0.0,0.0,187,1,0.01,0.13,0.1,0.0,0.0,0.0,1.0,1,115862.0
0,2,11,9,45,128,0,0,0,0,0,0,0,74,0.0,0.0,0.0,0.0,1.0,0.0,0.01,255,254,1.0,0.01,0.0,0.0,0.0,0.0,0.0,0,17874.0
0,1,22,9,205,685,0,0,1,0,0,0,0,8,0.0,0.0,0.0,0.0,1.0,0.0,0.27,255,255,1.0,0.0,0.0,0.0,0.0,0.0,0.0,0,61681.0
0,1,22,9,368,327,0,0,1,0,0,0,0,1,0.0,0.0,0.0,0.0,1.0,0.0,0.19,13,255,1.0,0.0,0.08,0.01,0.0,0.0,0.0,0,81500.0
0,1,19,9,334,0,0,0,1,0,0,0,0,2,0.0,0.0,0.0,0.0,1.0,0.0,0.0,6,40,1.0,0.0,1.0,0.17,0.0,0.0,0.0,1,42345.0
0,1,46,5,0,0,0,0,0,0,0,0,0,206,1.0,1.0,0.0,0.0,0.06,0.06,0.0,255,1,0.0,0.09,0.0,0.0,1.0,1.0,0.0,1,28775.0
0,1,46,1,0,0,0,0,0,0,0,0,0,2,0.0,0.0,1.0,1.0,0.5,1.0,0.0,255,1,0.0,0.52,0.5,0.0,0.0,0.0,1.0,1,21782.0
0,1,19,5,0,0,0,0,0,0,0,0,0,65,1.0,1.0,0.0,0.0,0.25,0.06,0.0,145,54,0.25,0.03,0.01,0.04,1.0,0.67,0.0,1,93865.0
0,1,22,9,209,8843,0,0,1,0,0,0,0,1,0.0,0.0,0.0,0.0,1.0,0.0,0.75,2,255,1.0,0.0,0.5,0.03,0.0,0.0,0.0,0,8936.0
0,1,22,9,233,2801,0,0,1,0,0,0,0,19,0.0,0.0,0.0,0.0,1.0,0.0,0.12,226,255,1.0,0.0,0.0,0.03,0.0,0.0,0.0,0,34831.0
0,1,22,9,238,188,0,0,1,0,0,0,0,1,0.0,0.0,0.0,0.0,1.0,0.0,0.17,64,255,1.0,0.0,0.02,0.04,0.02,0.01,0.01,0,92198.0
0,1,21,1,0,0,0,0,0,0,0,0,0,216,0.0,0.0,1.0,1.0,0.0,0.52,0.0,255,1,0.0,0.44,0.85,0.0,0.0,0.0,1.0,1,103390.0
0,1,46,5,0,0,0,0,0,0,0,0,0,238,1.0,1.0,0.0,0.0,0.01,0.05,0.0,255,4,0.02,0.07,0.0,0.0,1.0,1.0,0.0,1,65857.0
0,1,9,5,0,0,0,0,0,0,0,0,0,222,1.0,1.0,0.0,0.0,0.08,0.05,0.0,255,18,0.07,0.05,0.0,0.0,1.0,1.0,0.0,1,592.0
0,1,22,9,190,398,0,0,1,0,0,0,0,2,0.0,0.0,0.0,0.0,1.0,0.0,0.0,9,9,1.0,0.0,0.11,0.0,0.0,0.0,0.0,0,119562.0
0,1,22,9,179,28586,0,0,1,0,0,0,0,1,0.0,0.0,0.0,0.0,1.0,0.0,0.5,77,255,1.0,0.0,0.01,0.04,0.0,0.0,0.0,0,67662.0
0,1,22,5,0,0,0,0,0,0,0,0,0,270,1.0,1.0,0.0,0.0,0.01,0.06,0.0,255,4,0.02,0.07,0.0,0.0,1.0,1.0,0.0,1,119954.0
0,0,13,9,30,0,0,0,0,0,0,0,0,2,0.0,0.0,0.0,0.0,0.5,1.0,0.0,255,3,0.01,0.01,0.01,0.0,0.0,0.0,0.0,0,50786.0
0,1,10,5,0,0,0,0,0,0,0,0,0,280,1.0,1.0,0.0,0.0,0.04,0.06,0.0,255,11,0.04,0.07,0.0,0.0,1.0,1.0,0.0,1,100291.0
0,2,11,9,44,44,0,0,0,0,0,0,0,160,0.0,0.0,0.0,0.0,1.0,0.0,0.01,255,254,1.0,0.01,0.01,0.0,0.0,0.0,0.0,0,7228.0
0,2,11,9,46,76,0,0,0,0,0,0,0,54,0.0,0.0,0.0,0.0,1.0,0.0,0.02,255,210,0.82,0.01,0.0,0.0,0.0,0.0,0.0,0,48771.0
0,1,22,9,300,24786,0,0,1,0,0,0,0,9,0.0,0.0,0.0,0.0,1.0,0.0,0.0,255,255,1.0,0.0,0.0,0.0,0.0,0.0,0.0,0,124852.0
0,1,46,5,0,0,0,0,0,0,0,0,0,243,1.0,1.0,0.0,0.0,0.04,0.06,0.0,255,11,0.04,0.07,0.0,0.0,1.0,1.0,0.0,1,24128.0
0,1,22,1,0,0,0,0,0,0,0,0,0,1,0.0,0.0,1.0,1.0,1.0,0.0,0.0,5,237,1.0,0.0,0.2,0.22,0.0,0.0,1.0,0,101663.0
0,1,46,1,0,0,0,0,0,0,0,0,0,125,0.06,0.0,0.92,1.0,0.01,1.0,0.0,255,1,0.0,0.7,0.0,0.0,0.03,0.0,1.0,1,75761.0
0,0,62,9,136,0,0,0,0,0,0,0,0,6,0.0,0.0,0.0,0.0,0.33,0.33,0.0,123,20,0.16,0.02,0.16,0.0,0.0,0.0,0.0,0,84358.0
0,1,46,10,0,0,0,0,0,0,0,0,0,1,1.0,1.0,0.0,0.0,1.0,0.0,0.0,132,1,0.01,0.92,0.94,0.0,0.94,1.0,0.0,1,22311.0
0,1,8,5,0,0,0,0,0,0,0,0,0,209,1.0,1.0,0.0,0.0,0.04,0.06,0.0,255,16,0.06,0.07,0.0,0.0,1.0,1.0,0.0,1,31445.0
0,1,46,5,0,0,0,0,0,0,0,0,0,203,1.0,1.0,0.0,0.0,0.01,0.06,0.0,255,15,0.06,0.06,0.0,0.0,1.0,1.0,0.0,1,70655.0
0,0,13,9,18,0,0,0,0,0,0,0,0,1,0.0,0.0,0.0,0.0,1.0,0.0,0.0,1,119,1.0,0.0,1.0,1.0,0.0,0.0,0.0,1,118565.0
0,1,26,5,0,0,0,0,0,0,0,0,0,280,1.0,1.0,0.0,0.0,0.05,0.05,0.0,255,14,0.05,0.07,0.0,0.0,1.0,1.0,0.0,1,39674.0
26,1,18,9,299,903,0,5,1,0,0,0,0,1,0.0,0.0,0.0,0.0,1.0,0.0,0.0,227,46,0.2,0.02,0.0,0.0,0.0,0.0,0.0,0,41363.0
0,1,22,1,0,0,0,0,0,0,0,0,0,247,0.0,0.0,1.0,1.0,0.01,0.07,0.0,255,3,0.01,0.07,0.0,0.0,0.0,0.0,1.0,1,108582.0
0,1,19,5,0,0,0,0,0,0,0,0,0,41,1.0,1.0,0.0,0.0,0.22,0.1,0.0,255,49,0.19,0.05,0.02,0.0,1.0,1.0,0.0,1,107442.0
0,1,22,9,187,3794,0,0,1,0,0,0,0,1,0.0,0.0,0.0,0.0,1.0,0.0,0.0,12,255,1.0,0.0,0.08,0.04,0.0,0.01,0.0,0,66578.0
0,1,22,9,216,5077,0,0,1,0,0,0,0,2,0.0,0.0,0.0,0.0,1.0,0.0,0.0,2,255,1.0,0.0,0.5,0.08,0.0,0.0,0.0,0,111722.0
0,0,13,9,8,0,0,0,0,0,0,0,0,1,0.0,0.0,0.0,0.0,1.0,0.0,1.0,2,62,1.0,0.0,1.0,0.52,0.0,0.0,0.0,1,114115.0
0,1,22,9,209,1690,0,0,1,0,0,0,0,21,0.0,0.0,0.0,0.0,1.0,0.0,0.09,21,255,1.0,0.0,0.05,0.04,0.0,0.0,0.0,0,52464.0
3,1,46,1,0,0,0,0,0,0,0,0,0,229,0.04,0.0,0.93,1.0,0.0,1.0,0.0,255,1,0.0,0.92,0.0,0.0,0.04,0.0,1.0,1,103879.0
0,2,11,9,42,108,0,0,0,0,0,0,0,1,0.0,0.0,0.0,0.0,1.0,0.0,0.0,1,224,1.0,0.0,1.0,0.01,0.0,0.0,0.0,0,56865.0
0,1,17,5,0,0,0,0,0,0,0,0,0,253,1.0,1.0,0.0,0.0,0.01,0.05,0.0,255,2,0.01,0.05,0.0,0.0,1.0,1.0,0.0,1,58402.0
0,2,11,9,46,145,0,0,0,0,0,0,0,77,0.0,0.0,0.0,0.0,1.0,0.0,0.01,255,254,1.0,0.01,0.0,0.0,0.0,0.0,0.0,0,113363.0
0,1,53,5,0,0,0,0,0,0,0,0,0,265,1.0,1.0,0.0,0.0,0.09,0.05,0.0,255,25,0.1,0.05,0.0,0.0,1.0,1.0,0.0,1,114779.0
0,1,22,9,207,283,0,0,1,0,0,0,0,2,0.0,0.0,0.0,0.0,1.0,0.0,0.0,236,255,1.0,0.0,0.0,0.01,0.0,0.0,0.0,0,119785.0
0,1,25,1,0,0,0,0,0,0,0,0,0,263,0.0,0.0,1.0,1.0,0.04,0.06,0.0,255,10,0.04,0.07,0.0,0.0,0.0,0.0,1.0,1,2481.0
0,1,22,1,0,0,0,0,0,0,0,0,0,1,0.0,0.0,1.0,1.0,1.0,0.0,0.0,83,206,1.0,0.0,0.01,0.02,0.0,0.0,0.93,0,1926.0
0,1,22,9,218,1023,0,0,1,0,0,0,0,14,0.0,0.0,0.0,0.0,1.0,0.0,0.13,54,255,1.0,0.0,0.02,0.05,0.0,0.0,0.0,0,28881.0
0,1,18,2,0,0,0,0,0,0,0,0,0,230,0.0,0.0,1.0,1.0,0.0,0.07,0.0,255,1,0.0,0.07,0.0,0.0,0.0,0.0,1.0,1,38980.0
0,2,11,9,34,0,0,0,0,0,0,0,0,1,0.0,0.0,0.0,0.0,1.0,0.0,1.0,96,44,0.21,0.07,0.21,0.05,0.0,0.0,0.0,0,36402.0
0,1,46,5,0,0,0,0,0,0,0,0,0,244,1.0,1.0,0.0,0.0,0.02,0.06,0.0,255,5,0.02,0.09,0.0,0.0,1.0,1.0,0.0,1,81122.0
0,2,46,9,28,0,3,0,0,0,0,0,0,90,0.0,0.0,0.0,0.0,1.0,0.0,0.0,162,90,0.56,0.02,0.56,0.0,0.0,0.0,0.0,1,25459.0
687,2,41,9,146,105,0,0,0,0,0,0,0,4,0.0,0.0,0.0,0.0,0.5,0.5,0.0,255,2,0.01,0.56,0.89,0.0,0.0,0.0,0.0,0,1821.0
8,1,51,9,1119,325,0,0,1,0,0,0,0,1,0.0,0.0,0.0,0.0,1.0,0.0,0.0,218,73,0.33,0.03,0.0,0.0,0.0,0.0,0.0,0,31847.0
0,1,46,5,0,0,0,0,0,0,0,0,0,144,1.0,1.0,0.0,0.0,0.1,0.06,0.0,255,8,0.03,0.05,0.0,0.0,1.0,1.0,0.0,1,87533.0
0,1,22,9,201,2560,0,0,1,0,0,0,0,2,0.0,0.0,0.0,0.0,1.0,0.0,0.0,42,255,1.0,0.0,0.02,0.04,0.0,0.0,0.0,0,89982.0
0,1,22,9,197,3434,0,0,1,0,0,0,0,5,0.0,0.0,0.0,0.0,1.0,0.0,0.0,49,255,1.0,0.0,0.02,0.05,0.0,0.0,0.0,0,11946.0
0,1,66,1,0,0,0,0,0,0,0,0,0,259,0.0,0.0,1.0,1.0,0.0,0.07,0.0,255,1,0.0,0.07,0.0,0.0,0.0,0.0,1.0,1,70515.0
0,1,28,5,0,0,0,0,0,0,0,0,0,113,1.0,1.0,0.0,0.0,0.09,0.06,0.0,255,8,0.03,0.05,0.0,0.0,1.0,1.0,0.0,1,123914.0
0,1,22,9,300,1380,0,0,1,0,0,0,0,7,0.0,0.0,0.0,0.0,1.0,0.0,0.25,255,246,0.96,0.01,0.0,0.0,0.0,0.0,0.0,0,10304.0
0,1,22,9,293,3002,0,0,1,0,0,0,0,3,0.0,0.0,0.0,0.0,1.0,0.0,0.0,18,255,1.0,0.0,0.06,0.04,0.0,0.0,0.0,0,93883.0
0,2,11,9,44,127,0,0,0,0,0,0,0,74,0.0,0.0,0.0,0.0,1.0,0.0,0.01,255,254,1.0,0.01,0.0,0.0,0.0,0.0,0.0,0,122597.0
0,1,21,5,0,0,0,0,0,0,0,0,0,236,1.0,1.0,0.0,0.0,0.01,0.07,0.0,255,3,0.01,0.07,0.0,0.0,1.0,1.0,0.0,1,77877.0
0,1,22,9,318,1066,0,0,1,0,0,0,0,5,0.0,0.0,0.0,0.0,1.0,0.0,0.1,76,88,1.0,0.0,0.01,0.06,0.01,0.02,0.0,0,81025.0
0,1,3,5,0,0,0,0,0,0,0,0,0,249,1.0,1.0,0.0,0.0,0.01,0.07,0.0,255,2,0.01,0.08,0.0,0.0,1.0,1.0,0.0,1,32997.0
0,1,46,5,0,0,0,0,0,0,0,0,0,130,1.0,1.0,0.0,0.0,0.02,0.06,0.0,255,19,0.07,0.06,0.0,0.0,1.0,1.0,0.0,1,84558.0
0,2,11,9,44,127,0,0,0,0,0,0,0,95,0.0,0.0,0.0,0.0,1.0,0.0,0.01,255,255,1.0,0.0,0.0,0.0,0.0,0.0,0.0,0,52719.0
0,1,60,5,0,0,0,0,0,0,0,0,0,216,1.0,1.0,0.0,0.0,0.01,0.06,0.0,255,18,0.07,0.06,0.0,0.0,1.0,1.0,0.0,1,32971.0
0,1,38,5,0,0,0,0,0,0,0,0,0,128,1.0,1.0,0.0,0.0,0.08,0.05,0.0,255,14,0.05,0.06,0.0,0.0,1.0,1.0,0.0,1,70132.0
0,1,19,9,501760,0,0,0,1,0,0,0,0,2,0.0,0.0,0.0,0.0,1.0,0.0,0.0,141,76,0.29,0.03,0.29,0.03,0.01,0.0,0.0,0,120227.0
0,0,13,9,8,0,0,0,0,0,0,0,0,1,0.0,0.0,0.0,0.0,1.0,0.0,1.0,1,67,1.0,0.0,1.0,0.51,0.0,0.0,0.0,1,57740.0
0,1,46,1,0,0,0,0,0,0,0,0,0,298,0.0,0.0,1.0,1.0,0.03,0.05,0.0,255,10,0.04,0.06,0.0,0.0,0.0,0.0,1.0,1,25544.0
0,1,51,9,2522,324,0,0,1,0,0,0,0,1,0.0,0.0,0.0,0.0,1.0,0.0,0.0,255,151,0.59,0.02,0.0,0.0,0.0,0.0,0.0,0,113141.0
0,1,22,9,222,10654,0,0,1,0,0,0,0,17,0.0,0.0,0.0,0.0,1.0,0.0,0.0,52,255,1.0,0.0,0.02,0.07,0.0,0.0,0.0,0,52885.0
0,0,13,9,8,0,0,0,0,0,0,0,0,1,0.0,0.0,0.0,0.0,1.0,0.0,1.0,4,255,1.0,0.0,1.0,0.25,0.0,0.0,0.0,1,30716.0
0,1,55,5,0,0,0,0,0,0,0,0,0,299,1.0,1.0,0.0,0.0,0.08,0.05,0.0,255,25,0.1,0.05,0.0,0.0,1.0,1.0,0.0,1,21315.0
0,0,14,9,1032,0,0,0,0,0,0,0,0,329,0.0,0.0,0.0,0.0,1.0,0.0,0.0,245,151,0.62,0.03,0.62,0.0,0.01,0.0,0.0,1,57343.0
0,1,50,5,0,0,0,0,0,0,0,0,0,150,1.0,1.0,0.0,0.0,0.11,0.05,0.0,255,17,0.07,0.06,0.0,0.0,1.0,1.0,0.0,1,49736.0
0,2,11,9,45,115,0,0,0,0,0,0,0,3,0.0,0.0,0.0,0.0,1.0,0.0,0.2,255,243,0.95,0.01,0.0,0.0,0.0,0.0,0.0,0,87142.0
2,1,51,9,1272,330,0,0,1,0,0,0,0,1,0.0,0.0,0.0,0.0,1.0,0.0,0.0,36,167,0.94,0.06,0.03,0.01,0.0,0.0,0.0,0,66692.0
0,1,31,5,0,0,0,0,0,0,0,0,0,150,1.0,1.0,0.0,0.0,0.13,0.05,0.0,255,20,0.08,0.06,0.0,0.0,1.0,1.0,0.0,1,97510.0
0,1,6,1,0,0,0,0,0,0,0,0,0,270,0.0,0.0,1.0,1.0,0.06,0.06,0.0,255,15,0.06,0.07,0.0,0.0,0.0,0.0,1.0,1,90275.0
0,1,22,9,196,124,0,0,1,0,0,0,0,1,0.0,0.22,0.0,0.11,1.0,0.0,0.44,12,255,1.0,0.0,0.08,0.05,0.0,0.0,0.0,0,111875.0
0,1,46,5,0,0,0,0,0,0,0,0,0,244,1.0,1.0,0.0,0.0,0.09,0.05,0.0,255,22,0.09,0.06,0.0,0.0,1.0,1.0,0.0,1,104473.0
0,0,13,9,8,0,0,0,0,0,0,0,0,1,0.0,0.0,0.0,0.0,1.0,0.0,1.0,3,23,1.0,0.0,1.0,0.26,0.0,0.0,0.0,1,120803.0
0,1,22,1,0,0,0,0,0,0,0,0,0,1,0.0,0.0,1.0,1.0,1.0,0.0,0.0,6,247,1.0,0.0,0.17,0.01,0.0,0.0,0.03,0,5450.0
0,1,51,9,1647,336,0,0,1,0,0,0,0,1,0.0,0.0,0.0,0.0,1.0,0.0,1.0,21,145,0.67,0.14,0.05,0.03,0.0,0.0,0.0,0,23187.0
0,0,13,9,8,0,0,0,0,0,0,0,0,1,0.0,0.0,0.0,0.0,1.0,0.0,1.0,1,255,1.0,0.0,1.0,0.5,0.0,0.0,0.0,1,10598.0
0,0,13,9,8,0,0,0,0,0,0,0,0,1,0.0,0.0,0.0,0.0,1.0,0.0,1.0,2,240,1.0,0.0,1.0,0.5,0.0,0.0,0.0,1,83148.0
0,1,54,5,0,0,0,0,0,0,0,0,0,102,1.0,1.0,0.0,0.0,0.02,0.05,0.0,255,2,0.01,0.05,0.0,0.0,1.0,1.0,0.0,1,54461.0
0,1,3,5,0,0,0,0,0,0,0,0,0,113,1.0,1.0,0.0,0.0,0.12,0.04,0.0,255,13,0.05,0.04,0.0,0.0,1.0,1.0,0.0,1,88651.0
0,1,33,5,0,0,0,0,0,0,0,0,0,121,1.0,1.0,0.0,0.0,0.05,0.07,0.0,255,6,0.02,0.09,0.0,0.0,1.0,1.0,0.0,1,45691.0
0,1,22,9,373,4777,0,0,1,0,0,0,0,5,0.0,0.0,0.0,0.0,1.0,0.0,0.0,62,255,1.0,0.0,0.02,0.04,0.0,0.0,0.0,0,125959.0
1,1,51,9,3525,330,0,0,1,0,0,0,0,1,0.0,0.0,0.0,0.0,1.0,0.0,1.0,255,67,0.26,0.02,0.0,0.0,0.0,0.0,0.0,0,83382.0
0,0,13,9,8,0,0,0,0,0,0,0,0,1,0.0,0.0,0.0,0.0,1.0,0.0,1.0,4,61,1.0,0.0,1.0,0.26,0.0,0.0,0.0,1,63960.0
0,1,16,5,0,0,0,0,0,0,0,0,0,123,1.0,1.0,0.0,0.0,0.01,0.07,0.0,255,6,0.02,0.07,0.0,0.0,1.0,1.0,0.0,1,89925.0
0,1,22,9,203,334,0,0,1,0,0,0,0,33,0.0,0.0,0.0,0.0,1.0,0.0,0.04,255,255,1.0,0.0,0.0,0.0,0.0,0.0,0.0,0,100296.0
1,1,51,9,2204,334,0,0,1,0,0,0,0,1,0.0,0.0,0.0,0.0,1.0,0.0,0.0,232,142,0.61,0.02,0.0,0.0,0.0,0.0,0.01,0,116092.0
0,1,8,5,0,0,0,0,0,0,0,0,0,242,1.0,1.0,0.0,0.0,0.02,0.07,0.0,255,6,0.02,0.08,0.0,0.0,1.0,1.0,0.0,1,49519.0
0,2,46,9,105,145,0,0,0,0,0,0,0,1,0.0,0.0,0.0,0.0,1.0,0.0,0.0,7,7,1.0,0.0,0.14,0.0,0.0,0.0,0.0,0,114474.0
0,1,22,9,212,1170,0,0,1,0,0,0,0,7,0.0,0.0,0.0,0.0,1.0,0.0,0.0,7,255,1.0,0.0,0.14,0.01,0.0,0.0,0.0,0,89781.0
0,1,22,9,269,1180,0,0,1,0,0,0,0,4,0.0,0.0,0.0,0.0,1.0,0.0,0.0,26,255,1.0,0.0,0.04,0.05,0.0,0.0,0.0,0,62167.0
0,1,51,2,0,0,0,0,0,0,0,0,0,205,0.0,0.0,1.0,1.0,0.01,0.07,0.0,255,3,0.01,0.07,0.0,0.0,0.0,0.0,1.0,1,13591.0
0,2,11,9,44,86,0,0,0,0,0,0,0,174,0.0,0.0,0.0,0.0,1.0,0.0,0.0,255,196,0.77,0.01,0.0,0.0,0.0,0.0,0.0,0,62109.0
0,1,22,9,235,3913,0,0,1,0,0,0,0,2,0.0,0.0,0.0,0.0,1.0,0.0,0.75,33,255,1.0,0.0,0.03,0.08,0.0,0.0,0.0,0,3923.0
0,1,22,9,316,337,0,0,1,0,0,0,0,24,0.0,0.0,0.0,0.0,1.0,0.0,0.0,55,255,1.0,0.0,0.02,0.01,0.0,0.0,0.0,0,25638.0
0,1,19,5,0,0,0,0,0,0,0,0,0,19,1.0,1.0,0.0,0.0,0.16,0.21,0.0,99,41,0.23,0.04,0.03,0.05,1.0,0.56,0.0,1,104485.0
0,1,46,1,0,0,0,0,0,0,0,0,0,117,0.0,0.0,1.0,1.0,0.13,0.07,0.0,192,15,0.08,0.07,0.01,0.0,0.0,0.0,1.0,1,115537.0
0,1,46,5,0,0,0,0,0,0,0,0,0,131,1.0,1.0,0.0,0.0,0.11,0.06,0.0,131,14,0.11,0.08,0.01,0.0,1.0,1.0,0.0,1,3405.0
0,1,44,9,38,130,0,0,1,0,0,0,0,1,0.0,0.0,0.0,0.0,1.0,0.0,0.0,121,8,0.05,0.06,0.01,0.25,0.0,0.0,0.0,0,4018.0
0,1,17,5,0,0,0,0,0,0,0,0,0,68,1.0,1.0,0.0,0.0,0.26,0.06,0.0,255,48,0.19,0.05,0.02,0.0,1.0,1.0,0.0,1,12407.0
0,1,60,5,0,0,0,0,0,0,0,0,0,274,1.0,1.0,0.0,0.0,0.02,0.05,0.0,255,5,0.02,0.05,0.0,0.0,1.0,1.0,0.0,1,106764.0
0,0,13,9,8,0,0,0,0,0,0,0,0,1,0.0,0.0,0.0,0.0,1.0,0.0,1.0,4,224,1.0,0.0,1.0,0.25,0.0,0.0,0.0,1,40514.0
0,1,63,5,0,0,0,0,0,0,0,0,0,102,1.0,1.0,0.0,0.0,0.02,0.07,0.0,255,2,0.01,0.07,0.0,0.0,1.0,1.0,0.0,1,36444.0
0,1,46,5,0,0,0,0,0,0,0,0,0,290,1.0,1.0,0.0,0.0,0.05,0.06,0.0,255,13,0.05,0.07,0.0,0.0,1.0,1.0,0.0,1,18708.0
0,2,46,9,105,146,0,0,0,0,0,0,0,3,0.0,0.0,0.0,0.0,0.33,1.0,0.0,255,238,0.93,0.01,0.0,0.0,0.0,0.0,0.0,0,55092.0
0,1,19,5,0,0,0,0,0,0,0,0,0,248,1.0,1.0,0.0,0.0,0.03,0.06,0.0,255,15,0.06,0.07,0.0,0.0,1.0,1.0,0.0,1,48726.0
0,1,19,5,0,0,0,0,0,0,0,0,0,27,0.96,1.0,0.04,0.0,0.22,0.11,0.0,255,11,0.04,0.06,0.01,0.0,1.0,1.0,0.0,1,61741.0
0,1,5,5,0,0,0,0,0,0,0,0,0,101,1.0,1.0,0.0,0.0,0.04,0.06,0.0,255,11,0.04,0.05,0.0,0.0,1.0,1.0,0.0,1,10340.0
0,1,22,9,197,1363,0,0,1,0,0,0,0,13,0.0,0.0,0.0,0.0,1.0,0.0,0.0,13,255,1.0,0.0,0.08,0.03,0.0,0.0,0.0,0,6463.0
0,1,28,5,0,0,0,0,0,0,0,0,0,97,1.0,1.0,0.0,0.0,0.13,0.08,0.0,255,13,0.05,0.07,0.0,0.0,1.0,1.0,0.0,1,100354.0
2219,2,41,9,145,105,0,0,0,0,0,0,0,1,0.0,0.0,0.0,0.0,1.0,0.0,0.0,255,1,0.0,0.6,0.96,0.0,0.0,0.0,0.0,0,77411.0
0,1,12,4,0,0,0,0,0,0,0,0,0,1,0.0,0.0,1.0,1.0,1.0,0.0,0.0,55,1,0.02,0.18,0.13,0.0,0.11,0.0,1.0,1,26513.0
10,1,57,9,103,1575,0,0,1,0,0,0,0,1,0.0,0.0,0.0,0.0,1.0,0.0,0.0,83,3,0.02,0.06,0.01,0.67,0.0,0.0,0.0,0,62836.0
3735,2,41,9,147,105,0,0,0,0,0,0,0,4,0.0,0.0,0.0,0.0,0.5,0.5,0.0,255,2,0.01,0.83,1.0,0.0,0.0,0.0,0.0,0,8388.0
0,1,22,9,193,757,0,0,1,0,0,0,0,2,0.0,0.0,0.0,0.0,1.0,0.0,0.29,85,255,1.0,0.0,0.01,0.04,0.0,0.0,0.0,0,84855.0
0,2,11,9,33,0,0,0,0,0,0,0,0,3,0.0,0.0,0.0,0.0,1.0,0.0,0.25,175,35,0.17,0.09,0.17,0.06,0.02,0.0,0.0,0,93773.0
0,2,11,9,44,44,0,0,0,0,0,0,0,7,0.0,0.0,0.0,0.0,1.0,0.0,0.17,255,254,1.0,0.01,0.01,0.0,0.0,0.0,0.0,0,118662.0
0,1,46,5,0,0,0,0,0,0,0,0,0,184,1.0,1.0,0.0,0.0,0.08,0.07,0.0,255,3,0.01,0.08,0.0,0.0,1.0,1.0,0.0,1,70613.0
0,2,46,9,1,0,0,0,0,0,0,0,0,3,0.0,0.0,0.0,0.0,1.0,0.0,0.0,255,3,0.01,0.32,1.0,0.0,0.0,0.0,0.0,1,33640.0
0,1,46,5,0,0,0,0,0,0,0,0,0,291,1.0,1.0,0.0,0.0,0.05,0.05,0.0,255,6,0.02,0.09,0.0,0.0,1.0,1.0,0.0,1,88378.0
0,1,51,9,579,330,0,0,1,0,0,0,0,1,0.0,0.0,0.0,0.0,1.0,0.0,0.0,118,104,0.88,0.04,0.01,0.0,0.0,0.0,0.0,0,75281.0
0,1,35,5,0,0,0,0,0,0,0,0,0,82,1.0,1.0,0.0,0.0,0.02,0.06,0.0,255,11,0.04,0.07,0.0,0.0,1.0,1.0,0.0,1,38202.0
0,1,22,9,229,1481,0,0,1,0,0,0,0,11,0.0,0.0,0.0,0.0,1.0,0.0,0.0,191,255,1.0,0.0,0.01,0.01,0.0,0.0,0.0,0,33385.0
0,1,20,5,0,0,0,0,0,0,0,0,0,220,1.0,1.0,0.0,0.0,0.02,0.06,0.0,255,17,0.07,0.08,0.0,0.0,1.0,1.0,0.0,1,26123.0
0,1,46,5,0,0,0,0,0,0,0,0,0,93,1.0,1.0,0.0,0.0,0.12,0.08,0.0,255,11,0.04,0.06,0.0,0.0,1.0,1.0,0.0,1,21368.0
0,1,25,1,0,0,0,0,0,0,0,0,0,262,0.0,0.0,1.0,1.0,0.03,0.06,0.0,255,8,0.03,0.07,0.0,0.0,0.0,0.0,1.0,1,108045.0
0,1,22,9,294,1425,0,0,1,0,0,0,0,6,0.17,0.17,0.0,0.0,1.0,0.0,0.0,248,255,1.0,0.0,0.0,0.01,0.0,0.0,0.0,0,88173.0
0,1,22,9,241,2224,0,0,1,0,0,0,0,4,0.0,0.0,0.0,0.0,1.0,0.0,0.17,86,255,1.0,0.0,0.01,0.04,0.0,0.0,0.0,0,7822.0
0,1,39,5,0,0,0,0,0,0,0,0,0,242,1.0,1.0,0.0,0.0,0.07,0.07,0.0,255,17,0.07,0.07,0.0,0.0,1.0,1.0,0.0,1,10798.0
0,2,11,9,46,135,0,0,0,0,0,0,0,251,0.0,0.0,0.0,0.0,1.0,0.0,0.0,255,251,0.98,0.01,0.0,0.0,0.0,0.0,0.0,0,70068.0
0,2,46,9,1,0,0,0,0,0,0,0,0,17,0.0,0.0,0.0,0.0,0.12,0.29,0.0,255,2,0.01,0.22,1.0,0.0,0.0,0.0,0.0,1,63543.0
0,1,18,9,1233,2449,0,28,1,0,0,0,0,1,0.0,0.0,0.0,0.0,1.0,0.0,0.0,255,98,0.38,0.02,0.0,0.0,0.0,0.0,0.0,0,96884.0
0,1,56,5,0,0,0,0,0,0,0,0,0,198,1.0,1.0,0.0,0.0,0.04,0.07,0.0,255,14,0.05,0.05,0.0,0.0,1.0,1.0,0.0,1,29183.0
0,2,11,9,31,0,0,0,0,0,0,0,0,1,0.0,0.0,0.0,0.0,1.0,0.0,1.0,26,41,0.12,0.15,0.12,0.05,0.0,0.0,0.0,0,116957.0
0,1,22,9,54540,8314,0,2,1,1,0,0,0,4,0.0,0.0,0.0,0.2,1.0,0.0,0.4,255,255,1.0,0.0,0.0,0.0,0.0,0.0,0.05,1,97256.0
0,1,22,9,319,3054,0,0,1,0,0,0,0,18,0.0,0.0,0.0,0.0,1.0,0.0,0.0,255,255,1.0,0.0,0.0,0.0,0.0,0.0,0.0,0,49234.0
0,1,19,9,641,0,0,0,1,0,0,0,0,1,0.0,0.0,0.0,0.0,1.0,0.0,0.0,244,48,0.17,0.02,0.17,0.04,0.0,0.0,0.0,0,120758.0
0,2,11,9,45,82,0,0,0,0,0,0,0,114,0.0,0.0,0.0,0.0,1.0,0.0,0.0,255,254,1.0,0.01,0.0,0.0,0.0,0.0,0.0,0,16928.0
0,1,22,9,342,386,0,0,1,0,0,0,0,2,0.0,0.0,0.0,0.0,1.0,0.0,0.0,255,255,1.0,0.0,0.0,0.0,0.0,0.0,0.0,0,23464.0
0,1,36,1,0,0,0,0,0,0,0,0,0,272,0.0,0.0,1.0,1.0,0.04,0.07,0.0,255,10,0.04,0.09,0.0,0.0,0.0,0.0,1.0,1,8021.0
0,1,17,5,0,0,0,0,0,0,0,0,0,47,1.0,1.0,0.0,0.0,0.28,0.09,0.0,255,64,0.25,0.02,0.02,0.0,1.0,1.0,0.0,1,53376.0
0,1,22,1,0,0,0,0,0,0,0,0,0,1,0.0,0.0,1.0,1.0,1.0,0.0,0.0,5,235,1.0,0.0,0.2,0.18,0.0,0.0,0.59,0,19644.0
0,1,51,9,857,331,0,0,1,0,0,0,0,1,0.0,0.0,0.0,0.0,1.0,0.0,1.0,222,162,0.73,0.02,0.0,0.0,0.0,0.0,0.0,0,24996.0
0,1,19,9,567,0,0,0,1,0,0,6,0,1,0.0,0.0,0.0,0.0,1.0,0.0,0.0,245,100,0.4,0.02,0.4,0.02,0.0,0.0,0.0,0,94898.0
0,1,22,9,228,1451,0,0,1,0,0,0,0,9,0.11,0.11,0.0,0.0,1.0,0.0,0.0,255,255,1.0,0.0,0.0,0.0,0.0,0.0,0.0,0,85209.0
0,1,17,9,8,147,0,0,0,0,0,0,0,1,0.0,0.0,0.0,0.0,1.0,0.0,0.0,93,3,0.03,0.06,0.01,0.0,0.02,0.33,0.0,0,95150.0
0,0,14,9,520,0,0,0,0,0,0,0,0,46,0.0,0.0,0.0,0.0,1.0,0.0,0.0,255,255,1.0,0.0,1.0,0.0,0.0,0.0,0.0,1,19049.0
0,1,22,9,189,296,0,0,1,0,0,0,0,10,0.0,0.0,0.0,0.0,1.0,0.0,0.2,255,255,1.0,0.0,0.0,0.0,0.0,0.0,0.0,0,88377.0
0,1,22,9,217,337,0,0,1,0,0,0,0,26,0.0,0.0,0.0,0.0,1.0,0.0,0.0,53,255,1.0,0.0,0.02,0.05,0.0,0.0,0.0,0,76759.0
0,1,46,5,0,0,0,0,0,0,0,0,0,128,1.0,1.0,0.0,0.0,0.13,0.05,0.0,255,17,0.07,0.08,0.0,0.0,1.0,1.0,0.0,1,47082.0
0,1,22,9,289,8822,0,0,1,0,0,0,0,4,0.0,0.0,0.0,0.0,1.0,0.0,0.09,141,255,1.0,0.0,0.01,0.02,0.0,0.0,0.0,0,20222.0
0,1,19,9,319,0,0,0,0,0,0,0,0,1,0.0,0.0,0.0,0.0,1.0,0.0,0.0,168,66,0.35,0.04,0.35,0.03,0.0,0.0,0.0,1,29542.0
0,1,22,9,322,903,0,0,1,0,0,0,0,2,0.0,0.0,0.0,0.0,1.0,0.0,0.0,62,255,1.0,0.0,0.02,0.02,0.0,0.0,0.0,0,72949.0
0,2,11,9,45,134,0,0,0,0,0,0,0,301,0.0,0.0,0.0,0.0,1.0,0.0,0.0,255,254,1.0,0.01,0.0,0.0,0.0,0.0,0.0,0,94712.0
0,1,46,5,0,0,0,0,0,0,0,0,0,280,1.0,1.0,0.0,0.0,0.02,0.06,0.0,255,14,0.05,0.07,0.0,0.0,1.0,1.0,0.0,1,104135.0
0,1,46,1,0,0,0,0,0,0,0,0,0,117,0.0,0.0,1.0,1.0,0.09,0.06,0.0,255,10,0.04,0.05,0.0,0.0,0.0,0.0,1.0,1,29793.0
2,1,46,4,0,0,0,0,0,0,0,0,0,405,0.0,0.0,1.0,1.0,0.0,0.52,0.0,255,2,0.01,0.52,1.0,0.0,0.0,0.0,1.0,1,95765.0
0,1,22,9,302,1075,0,0,1,0,0,0,0,3,0.0,0.0,0.0,0.0,1.0,0.0,0.0,255,215,0.84,0.02,0.0,0.0,0.0,0.0,0.0,0,7042.0
0,1,35,1,0,0,0,0,0,0,0,0,0,245,0.0,0.0,1.0,1.0,0.08,0.06,0.0,255,19,0.07,0.07,0.0,0.0,0.0,0.0,1.0,1,60505.0
37370,1,46,4,1,0,0,0,0,0,0,0,0,2,0.0,0.0,1.0,1.0,1.0,0.0,0.0,255,2,0.01,0.5,1.0,0.0,0.0,0.0,1.0,1,6354.0
0,1,46,5,0,0,0,0,0,0,0,0,0,143,1.0,1.0,0.0,0.0,0.02,0.06,0.0,255,2,0.01,0.07,0.0,0.0,1.0,1.0,0.0,1,90032.0
0,1,22,9,209,5949,0,0,1,0,0,0,0,5,0.0,0.0,0.0,0.0,1.0,0.0,0.0,5,255,1.0,0.0,0.2,0.04,0.0,0.0,0.0,0,77587.0
0,1,22,9,304,1718,0,0,1,0,0,0,0,12,0.0,0.06,0.0,0.0,1.0,0.0,0.17,255,255,1.0,0.0,0.0,0.0,0.0,0.0,0.01,0,122454.0
0,1,22,9,211,1733,0,0,1,0,0,0,0,9,0.0,0.0,0.0,0.0,1.0,0.0,0.0,129,255,1.0,0.0,0.01,0.03,0.0,0.0,0.0,0,31863.0
0,1,19,9,334,0,0,0,1,0,0,0,0,2,0.0,0.0,0.0,0.0,1.0,0.0,0.0,3,3,1.0,0.0,1.0,0.0,0.0,0.0,0.0,1,47323.0
11739,2,41,9,145,105,0,0,0,0,0,0,0,1,0.0,0.0,0.0,0.0,1.0,0.0,0.0,255,1,0.0,0.79,0.99,0.0,0.0,0.0,0.0,0,27246.0
0,1,46,5,0,0,0,0,0,0,0,0,0,32,1.0,1.0,0.0,0.0,0.06,0.12,0.0,255,2,0.01,0.07,0.0,0.0,1.0,1.0,0.0,1,45510.0
0,1,46,5,0,0,0,0,0,0,0,0,0,96,1.0,1.0,0.0,0.0,0.25,0.04,0.0,255,24,0.09,0.04,0.0,0.0,1.0,1.0,0.0,1,57232.0
0,1,22,9,317,2312,0,0,1,0,0,0,0,10,0.0,0.0,0.0,0.0,1.0,0.0,0.0,237,237,1.0,0.0,0.0,0.0,0.0,0.0,0.0,0,104175.0
0,1,33,5,0,0,0,0,0,0,0,0,0,251,1.0,1.0,0.0,0.0,0.02,0.06,0.0,255,2,0.01,0.07,0.0,0.0,1.0,1.0,0.0,1,22362.0
27,1,18,9,1464,4152,0,30,1,0,0,0,0,1,0.0,0.0,0.0,0.0,1.0,0.0,0.0,4,2,0.5,0.75,0.25,0.0,0.0,0.0,0.0,0,28636.0
0,1,64,5,0,0,0,0,0,0,0,0,0,208,1.0,1.0,0.0,0.0,0.05,0.06,0.0,255,19,0.07,0.07,0.0,0.0,1.0,1.0,0.0,1,13580.0
0,1,51,9,2546,388,0,0,1,0,0,0,0,1,0.0,0.0,0.0,0.0,1.0,0.0,0.0,255,3,0.01,0.02,0.0,0.0,0.98,0.0,0.0,0,4378.0
0,2,11,9,44,96,0,0,0,0,0,0,0,263,0.0,0.0,0.0,0.0,1.0,0.0,0.0,255,254,1.0,0.01,0.0,0.0,0.0,0.0,0.0,0,28786.0
0,0,14,9,1032,0,0,0,0,0,0,0,0,53,0.0,0.0,0.0,0.0,1.0,0.0,0.0,171,77,0.45,0.04,0.45,0.0,0.01,0.0,0.0,1,10409.0
0,1,22,9,206,2543,0,0,1,0,0,0,0,2,0.0,0.0,0.0,0.0,1.0,0.0,0.0,188,255,1.0,0.0,0.01,0.01,0.0,0.0,0.0,0,17446.0
0,1,46,5,0,0,0,0,0,0,0,0,0,230,1.0,1.0,0.0,0.0,0.07,0.06,0.0,255,14,0.05,0.07,0.0,0.0,1.0,1.0,0.0,1,64785.0
0,1,19,9,7940,0,0,0,0,0,0,0,0,10,0.0,0.0,0.0,0.0,1.0,0.0,0.0,84,88,0.76,0.06,0.76,0.02,0.0,0.0,0.0,0,8045.0
0,1,22,9,237,15298,0,0,1,0,0,0,0,2,0.0,0.0,0.0,0.0,1.0,0.0,0.75,255,255,1.0,0.0,0.0,0.0,0.0,0.0,0.0,0,38734.0
0,1,46,5,0,0,0,0,0,0,0,0,0,123,1.0,1.0,0.0,0.0,0.09,0.06,0.0,255,1,0.0,0.07,0.0,0.0,1.0,1.0,0.0,1,17893.0
0,2,11,9,44,131,0,0,0,0,0,0,0,201,0.0,0.0,0.0,0.0,1.0,0.01,0.01,203,164,0.81,0.01,0.0,0.0,0.0,0.0,0.0,0,121757.0
0,1,22,9,305,308,0,0,1,0,0,0,0,14,0.0,0.0,0.0,0.0,1.0,0.0,0.19,31,255,1.0,0.0,0.03,0.06,0.0,0.0,0.45,0,93691.0
0,1,46,5,0,0,0,0,0,0,0,0,0,104,1.0,1.0,0.0,0.0,0.11,0.07,0.0,255,17,0.07,0.06,0.0,0.0,1.0,1.0,0.0,1,48373.0
5,1,22,7,310,3746371,0,0,1,0,0,0,0,1,1.0,1.0,0.0,0.0,1.0,0.0,0.0,58,255,1.0,0.0,0.02,0.03,0.03,0.01,0.0,0,121978.0
0,1,19,9,10261,0,0,0,1,0,0,0,0,7,0.0,0.0,0.0,0.0,1.0,0.0,0.0,47,96,0.91,0.04,0.91,0.03,0.0,0.0,0.0,0,108764.0
0,1,46,4,0,0,0,0,0,0,0,0,0,1,0.0,0.0,1.0,1.0,1.0,0.0,0.0,234,1,0.0,0.58,0.58,0.0,0.0,0.0,1.0,1,122254.0
0,1,22,9,297,2006,0,0,1,0,0,0,0,11,0.0,0.0,0.0,0.0,1.0,0.0,0.15,255,255,1.0,0.0,0.0,0.0,0.0,0.0,0.01,0,25402.0
0,1,22,1,0,0,0,0,0,0,0,0,0,1,0.0,0.0,1.0,1.0,1.0,0.0,0.0,50,255,1.0,0.0,0.02,0.29,0.0,0.0,1.0,0,56668.0
0,1,46,5,0,0,0,0,0,0,0,0,0,234,1.0,1.0,0.0,0.0,0.06,0.06,0.0,255,7,0.03,0.08,0.0,0.0,1.0,1.0,0.0,1,80746.0
0,2,46,9,28,0,3,0,0,0,0,0,0,164,0.61,0.0,0.0,0.0,0.39,0.04,0.0,255,64,0.25,0.75,0.25,0.0,0.09,0.0,0.0,1,66287.0
0,1,22,1,0,0,0,0,0,0,0,0,0,1,0.0,0.0,1.0,1.0,1.0,0.0,1.0,10,239,1.0,0.0,0.1,0.11,0.0,0.0,1.0,0,47635.0
0,1,19,9,20,0,0,0,1,0,0,0,0,1,0.0,0.0,0.0,0.0,1.0,0.0,1.0,255,8,0.03,0.02,0.03,0.0,0.0,0.0,0.0,0,109444.0
0,1,17,9,7,222,0,0,0,0,0,0,0,1,0.0,0.0,0.0,0.0,1.0,0.0,0.0,204,12,0.05,0.02,0.0,0.17,0.01,0.08,0.0,0,25793.0
0,1,22,9,221,337,0,0,1,0,0,0,0,5,0.0,0.0,0.0,0.0,1.0,0.0,0.43,18,255,1.0,0.0,0.06,0.04,0.0,0.0,0.0,0,15845.0
0,1,60,5,0,0,0,0,0,0,0,0,0,276,1.0,1.0,0.0,0.0,0.07,0.05,0.0,255,20,0.08,0.05,0.0,0.0,1.0,1.0,0.0,1,22985.0
15,1,51,9,1124,330,0,0,1,0,0,0,0,1,0.0,0.0,0.0,0.0,1.0,0.0,1.0,20,12,0.6,0.15,0.05,0.0,0.0,0.0,0.0,0,60882.0
0,1,22,9,308,1379,0,0,1,0,0,0,0,3,0.0,0.0,0.0,0.0,1.0,0.0,0.0,76,255,1.0,0.0,0.01,0.01,0.0,0.0,0.0,0,84396.0
0,1,22,9,217,17039,0,0,1,0,0,0,0,1,0.0,0.0,0.0,0.0,1.0,0.0,0.33,1,255,1.0,0.0,1.0,0.07,0.0,0.0,0.0,0,123662.0
0,1,52,4,0,0,0,0,0,0,0,0,0,4,0.0,0.0,0.25,1.0,0.25,0.5,0.0,255,1,0.0,0.59,0.59,0.0,0.0,0.0,1.0,1,73295.0
0,1,64,1,0,0,0,0,0,0,0,0,0,220,0.0,0.0,1.0,1.0,0.05,0.07,0.0,255,11,0.04,0.07,0.0,0.0,0.0,0.0,1.0,1,109119.0
1,1,51,9,1845,366,0,0,1,0,0,0,0,1,0.0,0.0,0.0,0.0,1.0,0.0,1.0,226,156,0.69,0.02,0.0,0.0,0.0,0.0,0.0,0,38981.0
0,0,13,9,8,0,0,0,0,0,0,0,0,1,0.0,0.0,0.0,0.0,1.0,0.0,1.0,2,87,1.0,0.0,1.0,0.51,0.0,0.0,0.0,1,74713.0
0,1,22,9,316,540,0,0,1,0,0,0,0,13,0.0,0.0,0.0,0.0,1.0,0.0,0.0,47,255,1.0,0.0,0.02,0.02,0.0,0.0,0.0,0,6745.0
0,1,22,9,224,347,0,0,1,0,0,0,0,1,0.0,0.0,0.0,0.0,1.0,0.0,0.0,8,255,1.0,0.0,0.12,0.03,0.0,0.0,0.0,0,74494.0
0,1,21,5,0,0,0,0,0,0,0,0,0,139,1.0,1.0,0.0,0.0,0.14,0.04,0.0,255,19,0.07,0.04,0.0,0.0,1.0,1.0,0.0,1,84530.0
0,2,11,9,44,130,0,0,0,0,0,0,0,71,0.0,0.0,0.0,0.0,1.0,0.0,0.01,249,165,0.66,0.01,0.0,0.0,0.0,0.0,0.0,0,10270.0
0,2,46,9,100,0,0,0,0,0,0,0,0,1,0.0,0.0,0.0,0.0,1.0,0.0,0.0,31,1,0.03,0.06,0.03,0.0,0.0,0.0,0.0,1,18019.0
0,1,22,9,309,440,0,0,1,0,0,0,0,17,0.0,0.0,0.0,0.0,1.0,0.0,0.11,255,255,1.0,0.0,0.0,0.0,0.0,0.0,0.0,0,73479.0
0,0,14,9,30,0,0,0,0,0,0,0,0,2,0.0,0.0,0.0,0.0,1.0,0.0,0.0,158,158,1.0,0.0,1.0,0.0,0.0,0.0,0.0,0,111413.0
0,1,32,5,0,0,0,0,0,0,0,0,0,206,1.0,1.0,0.0,0.0,0.09,0.05,0.0,255,18,0.07,0.05,0.0,0.0,1.0,1.0,0.0,1,62194.0
0,1,24,5,0,0,0,0,0,0,0,0,0,41,1.0,1.0,0.0,0.0,0.1,0.12,0.0,255,4,0.02,0.08,0.0,0.0,1.0,1.0,0.0,1,121145.0
0,1,22,5,0,0,0,0,0,0,0,0,0,23,1.0,1.0,0.0,0.0,0.39,0.17,0.0,103,29,0.28,0.04,0.03,0.0,1.0,1.0,0.0,1,119755.0
0,1,19,5,0,0,0,0,0,0,0,0,0,57,1.0,1.0,0.0,0.0,0.18,0.07,0.0,255,50,0.2,0.02,0.01,0.0,1.0,1.0,0.0,1,68353.0
0,1,51,9,2044,397,0,0,1,0,0,0,0,1,0.0,0.0,0.0,0.0,1.0,0.0,0.0,103,215,0.85,0.04,0.01,0.01,0.0,0.0,0.0,0,69525.0
0,1,46,5,0,0,0,0,0,0,0,0,0,207,1.0,1.0,0.0,0.0,0.01,0.07,0.0,255,3,0.01,0.09,0.0,0.0,1.0,1.0,0.0,1,63143.0
0,1,46,5,0,0,0,0,0,0,0,0,0,282,1.0,1.0,0.0,0.0,0.01,0.06,0.0,255,1,0.0,0.09,0.0,0.0,1.0,1.0,0.0,1,80298.0
0,0,62,9,182,0,0,0,0,0,0,0,0,2,0.0,0.0,0.0,0.0,0.5,1.0,0.0,255,21,0.08,0.01,0.09,0.0,0.0,0.0,0.0,0,60677.0
1,1,18,9,1206,2447,0,28,1,0,0,0,0,1,0.0,0.0,0.0,0.0,1.0,0.0,0.0,255,73,0.29,0.02,0.0,0.0,0.0,0.0,0.0,0,30854.0
0,1,22,9,227,2865,0,0,1,0,0,0,0,3,0.0,0.0,0.0,0.0,1.0,0.0,0.4,3,255,1.0,0.0,0.33,0.04,0.0,0.0,0.0,0,75146.0
0,1,22,9,237,1273,0,0,1,0,0,0,0,14,0.0,0.0,0.0,0.0,1.0,0.0,0.0,35,255,1.0,0.0,0.03,0.01,0.0,0.0,0.0,0,39670.0
0,2,11,9,45,75,0,0,0,0,0,0,0,113,0.0,0.0,0.0,0.0,1.0,0.0,0.0,255,224,0.88,0.01,0.0,0.0,0.0,0.0,0.0,0,73549.0
0,1,22,9,246,10708,0,0,1,0,0,0,0,1,0.0,0.0,0.0,0.0,1.0,0.0,0.0,106,255,1.0,0.0,0.01,0.01,0.0,0.0,0.0,0,30781.0
0,1,22,9,268,4654,0,0,1,0,0,0,0,1,0.0,0.0,0.0,0.0,1.0,0.0,0.0,2,255,1.0,0.0,0.5,0.05,0.0,0.0,0.0,0,61040.0
0,2,11,9,44,132,0,0,0,0,0,0,0,72,0.0,0.0,0.0,0.0,1.0,0.0,0.01,255,255,1.0,0.0,0.0,0.0,0.0,0.0,0.0,0,103253.0
0,1,19,9,95,0,0,0,1,0,0,0,0,2,0.0,0.0,0.0,0.0,1.0,0.0,0.0,255,19,0.07,0.02,0.07,0.0,0.0,0.0,0.0,0,47147.0
0,0,14,9,1032,0,0,0,0,0,0,0,0,511,0.0,0.0,0.0,0.0,1.0,0.0,0.0,255,228,0.89,0.07,0.89,0.0,0.0,0.0,0.0,1,11450.0
0,1,22,9,232,975,0,0,1,0,0,0,0,7,0.0,0.0,0.0,0.0,1.0,0.0,0.33,130,255,1.0,0.0,0.01,0.04,0.0,0.0,0.0,0,58984.0
0,1,22,9,313,255,0,0,1,0,0,0,0,27,0.0,0.0,0.0,0.0,1.0,0.0,0.07,255,255,1.0,0.0,0.0,0.0,0.0,0.0,0.0,0,2943.0
0,0,13,9,8,0,0,0,0,0,0,0,0,1,0.0,0.0,0.0,0.0,1.0,0.0,1.0,2,186,1.0,0.0,1.0,0.25,0.0,0.0,0.0,1,84184.0
0,1,22,9,299,2698,0,0,1,0,0,0,1,2,0.0,0.0,0.0,0.5,1.0,0.0,0.75,255,250,0.98,0.01,0.0,0.0,0.0,0.0,0.0,0,38146.0
0,1,22,9,211,1417,0,0,1,0,0,0,0,7,0.0,0.0,0.0,0.0,1.0,0.0,0.0,46,255,1.0,0.0,0.02,0.01,0.0,0.0,0.0,0,8083.0
0,1,22,9,307,741,0,0,1,0,0,0,0,24,0.0,0.0,0.0,0.0,1.0,0.0,0.08,255,255,1.0,0.0,0.0,0.0,0.0,0.0,0.0,0,105086.0
0,2,11,9,44,131,0,0,0,0,0,0,0,179,0.0,0.0,0.0,0.0,1.0,0.0,0.0,255,255,1.0,0.0,0.0,0.0,0.0,0.0,0.0,0,74896.0
0,1,22,9,302,1548,0,0,1,0,0,0,0,18,0.0,0.0,0.0,0.0,1.0,0.0,0.0,18,255,1.0,0.0,0.06,0.04,0.0,0.0,0.0,0,64682.0
0,1,22,9,207,10679,0,0,1,0,0,0,0,12,0.0,0.0,0.0,0.0,1.0,0.0,0.0,12,255,1.0,0.0,0.08,0.02,0.0,0.01,0.0,0,8650.0
0,1,26,5,0,0,0,0,0,0,0,0,0,273,1.0,1.0,0.0,0.0,0.09,0.05,0.0,255,24,0.09,0.05,0.0,0.0,1.0,1.0,0.0,1,94322.0
0,0,13,9,18,0,0,0,0,0,0,0,0,1,0.0,0.0,0.0,0.0,1.0,0.0,0.0,4,40,1.0,0.0,1.0,0.25,0.0,0.0,0.0,1,117483.0
0,0,13,9,18,0,0,0,0,0,0,0,0,1,0.0,0.0,0.0,0.0,1.0,0.0,0.0,1,221,1.0,0.0,1.0,1.0,0.0,0.0,0.0,1,62817.0
0,1,19,5,0,0,0,0,0,0,0,0,0,73,1.0,1.0,0.0,0.0,0.23,0.05,0.0,255,53,0.21,0.04,0.02,0.0,1.0,1.0,0.0,1,77187.0
0,1,52,5,0,0,0,0,0,0,0,0,0,202,1.0,1.0,0.0,0.0,0.09,0.06,0.0,255,19,0.07,0.07,0.0,0.0,1.0,1.0,0.0,1,53742.0
0,1,22,1,0,0,0,0,0,0,0,0,0,1,0.0,0.0,1.0,1.0,1.0,0.0,1.0,11,254,1.0,0.0,0.09,0.25,0.0,0.0,0.89,0,123540.0
0,1,63,5,0,0,0,0,0,0,0,0,0,19,1.0,1.0,0.0,0.0,0.47,0.16,0.0,255,9,0.04,0.07,0.0,0.0,1.0,1.0,0.0,1,92205.0
0,0,13,9,8,0,0,0,0,0,0,0,0,1,0.0,0.0,0.0,0.0,1.0,0.0,1.0,2,212,1.0,0.0,1.0,0.5,0.0,0.0,0.0,1,15538.0
0,1,46,1,0,0,0,0,0,0,0,0,0,104,0.0,0.0,1.0,1.0,0.15,0.08,0.0,228,16,0.07,0.07,0.0,0.0,0.0,0.0,1.0,1,107535.0
0,1,22,9,274,1074,0,0,1,0,0,0,0,22,0.0,0.0,0.0,0.0,1.0,0.0,0.0,255,255,1.0,0.0,0.01,0.0,0.0,0.0,0.0,0,81090.0
0,1,46,5,0,0,0,0,0,0,0,0,0,173,1.0,1.0,0.0,0.0,0.01,0.07,0.0,255,13,0.05,0.07,0.0,0.0,1.0,1.0,0.0,1,93069.0
0,2,46,9,105,145,0,0,0,0,0,0,0,4,0.0,0.0,0.0,0.0,0.25,0.5,0.0,137,122,0.89,0.02,0.01,0.0,0.0,0.0,0.0,0,9629.0
0,1,22,9,226,2914,0,0,1,0,0,0,0,2,0.0,0.0,0.0,0.0,1.0,0.0,0.0,124,255,1.0,0.0,0.01,0.02,0.0,0.0,0.0,0,53270.0
0,1,22,9,204,1487,0,0,1,0,0,0,0,13,0.0,0.0,0.0,0.0,1.0,0.0,0.0,13,255,1.0,0.0,0.08,0.02,0.0,0.0,0.0,0,6987.0
0,0,62,9,183,0,0,0,0,0,0,0,0,2,0.0,0.0,0.0,0.0,0.5,1.0,0.0,255,21,0.08,0.01,0.09,0.0,0.0,0.0,0.0,0,10330.0
1,1,18,9,1250,2451,0,28,1,0,0,0,0,1,0.0,0.0,0.0,0.0,1.0,0.0,0.0,247,75,0.3,0.02,0.0,0.0,0.0,0.0,0.0,0,16790.0
0,1,46,0,0,0,0,0,0,0,0,0,0,1,0.0,0.0,0.0,0.0,1.0,0.0,0.0,199,1,0.01,0.76,0.76,0.0,0.03,0.0,0.0,1,28724.0
0,2,11,9,43,43,0,0,0,0,0,0,0,139,0.0,0.0,0.0,0.0,1.0,0.0,0.0,255,255,1.0,0.0,0.0,0.0,0.0,0.0,0.0,0,59371.0
0,1,19,9,567,0,0,0,0,0,0,0,0,1,0.0,0.0,0.0,0.0,1.0,0.0,0.0,130,136,0.62,0.04,0.62,0.01,0.0,0.0,0.0,0,22161.0
0,1,46,5,0,0,0,0,0,0,0,0,0,83,1.0,1.0,0.0,0.0,0.02,0.07,0.0,255,12,0.05,0.08,0.0,0.0,1.0,1.0,0.0,1,64546.0
0,1,22,9,250,608,0,0,1,0,0,0,0,11,0.0,0.0,0.0,0.0,1.0,0.0,0.0,255,255,1.0,0.0,0.0,0.0,0.0,0.0,0.0,0,70734.0
0,2,11,9,46,72,0,0,0,0,0,0,0,289,0.0,0.0,0.0,0.0,1.0,0.0,0.0,255,248,0.97,0.01,0.0,0.0,0.0,0.0,0.0,0,6647.0
0,1,22,9,267,617,0,0,1,0,0,0,0,8,0.0,0.0,0.0,0.0,1.0,0.0,0.0,35,255,1.0,0.0,0.03,0.02,0.0,0.0,0.0,0,83350.0
0,1,57,5,0,0,0,0,0,0,0,0,0,77,1.0,1.0,0.0,0.0,0.25,0.05,0.0,255,64,0.25,0.02,0.01,0.0,1.0,1.0,0.0,1,103787.0
0,0,62,9,182,0,0,0,0,0,0,0,0,2,0.0,0.0,0.0,0.0,0.5,1.0,0.0,255,6,0.02,0.01,0.03,0.0,0.0,0.0,0.0,0,41433.0
0,0,13,9,8,0,0,0,0,0,0,0,0,1,0.0,0.0,0.0,0.0,1.0,0.0,1.0,2,102,1.0,0.0,1.0,0.5,0.0,0.0,0.0,1,40755.0
0,0,13,9,8,0,0,0,0,0,0,0,0,1,0.0,0.0,0.0,0.0,1.0,0.0,1.0,2,140,1.0,0.0,1.0,0.5,0.0,0.0,0.0,1,82005.0
0,0,14,9,1032,0,0,0,0,0,0,0,0,511,0.0,0.0,0.0,0.0,1.0,0.0,0.0,255,22,0.09,0.14,0.09,0.0,0.13,0.0,0.0,1,27901.0
0,1,2,5,0,0,0,0,0,0,0,0,0,13,1.0,1.0,0.0,0.0,0.38,0.31,0.0,255,5,0.02,0.09,0.0,0.0,1.0,1.0,0.0,1,10669.0
0,1,51,9,1206,384,0,0,1,0,0,0,0,1,0.0,0.0,0.0,0.0,1.0,0.0,1.0,255,17,0.07,0.06,0.0,0.0,0.88,0.0,0.0,0,58358.0
0,1,5,1,0,0,0,0,0,0,0,0,0,115,0.0,0.0,1.0,1.0,0.14,0.06,0.0,255,16,0.06,0.06,0.0,0.0,0.0,0.0,1.0,1,52729.0
1,1,3,9,9,38,0,0,1,0,0,0,0,2,0.0,0.0,0.0,0.0,0.5,1.0,0.0,255,13,0.05,0.02,0.0,0.0,0.0,0.0,0.0,0,4882.0
26,1,57,9,116,9589,0,0,1,0,0,0,0,1,0.0,0.0,0.0,0.0,1.0,0.0,0.0,90,1,0.01,0.06,0.01,0.0,0.01,0.0,0.0,0,37493.0
0,1,46,5,0,0,0,0,0,0,0,0,0,254,1.0,1.0,0.0,0.0,0.02,0.06,0.0,255,1,0.0,0.07,0.0,0.0,1.0,1.0,0.0,1,55583.0
0,1,46,1,0,0,0,0,0,0,0,0,0,95,0.0,0.0,1.0,1.0,0.06,0.06,0.0,255,6,0.02,0.07,0.0,0.0,0.0,0.0,1.0,1,57045.0
0,1,22,9,296,1761,0,0,1,0,0,0,0,17,0.0,0.0,0.0,0.0,1.0,0.0,0.17,255,255,1.0,0.0,0.0,0.0,0.0,0.0,0.0,0,15970.0
0,1,19,9,3775,0,0,0,0,0,0,0,0,21,0.0,0.0,0.0,0.0,1.0,0.0,0.0,206,97,0.47,0.03,0.47,0.0,0.0,0.0,0.0,0,114865.0
0,1,22,9,294,7303,0,0,1,0,0,0,0,17,0.0,0.0,0.0,0.0,1.0,0.0,0.11,17,255,1.0,0.0,0.06,0.07,0.0,0.0,0.0,0,94145.0
0,1,46,5,0,0,0,0,0,0,0,0,0,243,1.0,1.0,0.0,0.0,0.02,0.05,0.0,255,6,0.02,0.05,0.0,0.0,1.0,1.0,0.0,1,90538.0
0,2,11,9,43,127,0,0,0,0,0,0,0,66,0.0,0.0,0.0,0.0,0.98,0.03,0.01,255,236,0.93,0.01,0.0,0.0,0.0,0.0,0.0,0,73117.0
0,1,46,5,0,0,0,0,0,0,0,0,0,138,1.0,1.0,0.0,0.0,0.08,0.06,0.0,255,9,0.04,0.06,0.0,0.0,1.0,1.0,0.0,1,89766.0
0,1,19,9,74,0,0,0,0,0,0,0,0,2,0.0,0.0,0.0,0.0,1.0,0.0,0.0,132,33,0.25,0.05,0.25,0.0,0.02,0.0,0.0,0,99867.0
0,1,19,5,0,0,0,0,0,0,0,0,0,40,1.0,1.0,0.0,0.0,0.5,0.05,0.0,255,20,0.08,0.06,0.01,0.0,1.0,1.0,0.0,1,52434.0
0,1,4,5,0,0,0,0,0,0,0,0,0,92,1.0,1.0,0.0,0.0,0.13,0.07,0.0,255,17,0.07,0.07,0.0,0.0,1.0,1.0,0.0,1,98907.0
0,1,46,1,0,0,0,0,0,0,0,0,0,114,0.0,0.0,1.0,1.0,0.06,0.08,0.0,255,7,0.03,0.08,0.0,0.0,0.0,0.0,1.0,1,76090.0
0,1,19,9,10389,0,0,0,1,0,0,0,0,17,0.0,0.0,0.0,0.0,1.0,0.0,0.0,161,80,0.35,0.02,0.35,0.03,0.0,0.0,0.0,0,56973.0
0,1,22,9,300,1041,0,0,1,0,0,0,0,7,0.0,0.0,0.0,0.0,1.0,0.0,0.0,185,255,1.0,0.0,0.01,0.01,0.0,0.0,0.0,0,81907.0
0,1,22,9,283,6560,0,0,1,0,0,0,0,1,0.0,0.0,0.0,0.0,1.0,0.0,0.0,4,255,1.0,0.0,0.25,0.05,0.25,0.0,0.01,0,110133.0
0,1,51,9,779,326,0,0,1,0,0,0,0,1,0.0,0.0,0.0,0.0,1.0,0.0,1.0,34,184,0.79,0.09,0.03,0.03,0.0,0.0,0.0,0,92907.0
0,1,22,1,0,0,0,0,0,0,0,0,0,7,0.0,0.0,0.57,0.57,1.0,0.0,0.0,58,255,1.0,0.0,0.02,0.02,0.0,0.0,0.04,0,44971.0
0,2,11,9,44,44,0,0,0,0,0,0,0,227,0.0,0.0,0.0,0.0,1.0,0.0,0.0,255,255,1.0,0.0,0.0,0.0,0.0,0.0,0.0,0,91282.0
0,1,46,5,0,0,0,0,0,0,0,0,0,208,1.0,1.0,0.0,0.0,0.1,0.05,0.0,255,2,0.01,0.07,0.0,0.0,1.0,1.0,0.0,1,94262.0
0,1,22,9,348,4712,0,0,1,0,0,0,0,3,0.0,0.0,0.0,0.0,1.0,0.0,0.0,255,255,1.0,0.0,0.0,0.0,0.0,0.0,0.0,0,19572.0
0,1,22,9,220,385,0,0,1,0,0,0,0,3,0.0,0.0,0.0,0.0,1.0,0.0,0.0,31,255,1.0,0.0,0.03,0.06,0.0,0.0,0.0,0,37532.0
0,1,27,1,0,0,0,0,0,0,0,0,0,145,0.0,0.0,1.0,1.0,0.12,0.06,0.0,255,18,0.07,0.06,0.0,0.0,0.0,0.0,1.0,1,8460.0
0,1,46,5,0,0,0,0,0,0,0,0,0,242,1.0,1.0,0.0,0.0,0.07,0.06,0.0,255,18,0.07,0.07,0.0,0.0,1.0,1.0,0.0,1,28928.0
0,1,12,5,0,0,0,0,0,0,0,0,0,232,1.0,1.0,0.0,0.0,0.01,0.07,0.0,255,3,0.01,0.07,0.0,0.0,1.0,1.0,0.0,1,89402.0
0,1,20,5,0,0,0,0,0,0,0,0,0,230,1.0,1.0,0.0,0.0,0.01,0.06,0.0,255,3,0.01,0.06,0.0,0.0,1.0,1.0,0.0,1,22217.0
0,1,18,5,0,0,0,0,0,0,0,0,0,281,1.0,1.0,0.0,0.0,0.07,0.05,0.0,255,2,0.01,0.09,0.0,0.0,1.0,1.0,0.0,1,59403.0
0,1,22,9,263,2618,0,0,1,0,0,0,0,10,0.0,0.0,0.0,0.0,1.0,0.0,0.12,43,255,1.0,0.0,0.02,0.04,0.0,0.0,0.0,0,37235.0
0,1,22,9,203,983,0,0,1,0,0,0,0,5,0.0,0.0,0.0,0.0,1.0,0.0,0.33,88,255,1.0,0.0,0.01,0.02,0.0,0.0,0.0,0,50594.0
0,2,11,9,30,0,0,0,0,0,0,0,0,1,0.0,0.0,0.0,0.0,1.0,0.0,0.75,66,52,0.24,0.06,0.24,0.04,0.0,0.0,0.0,0,53575.0
0,1,46,1,0,0,0,0,0,0,0,0,0,137,0.0,0.0,1.0,1.0,0.02,0.07,0.0,255,3,0.01,0.06,0.0,0.0,0.0,0.0,1.0,1,30647.0
0,1,19,9,10272,0,0,0,1,0,0,0,0,11,0.0,0.0,0.0,0.0,1.0,0.0,0.0,255,78,0.31,0.04,0.32,0.0,0.0,0.01,0.0,0,41987.0
0,1,15,5,0,0,0,0,0,0,0,0,0,103,1.0,1.0,0.0,0.0,0.09,0.06,0.0,255,18,0.07,0.06,0.0,0.0,1.0,1.0,0.0,1,74574.0
0,1,46,5,0,0,0,0,0,0,0,0,0,125,1.0,1.0,0.0,0.0,0.14,0.07,0.0,255,17,0.07,0.06,0.0,0.0,1.0,1.0,0.0,1,12659.0
0,1,22,9,265,31484,0,0,1,0,0,0,0,1,0.0,0.0,0.0,0.0,1.0,0.0,0.0,211,255,1.0,0.0,0.01,0.02,0.0,0.0,0.0,0,121479.0
0,1,22,9,223,6540,0,0,1,0,0,0,0,4,0.0,0.0,0.0,0.0,1.0,0.0,0.44,39,255,1.0,0.0,0.03,0.03,0.0,0.0,0.0,0,59425.0
0,1,19,9,334,0,0,0,1,0,0,0,0,1,0.0,0.0,0.0,0.0,1.0,0.0,0.0,3,47,1.0,0.0,1.0,0.09,0.0,0.0,0.0,1,62973.0
0,1,22,9,289,726,0,0,1,0,0,0,0,2,0.0,0.0,0.0,0.0,1.0,0.0,0.0,255,255,1.0,0.0,0.0,0.0,0.0,0.0,0.0,0,59580.0
0,0,14,9,520,0,0,0,0,0,0,0,0,311,0.0,0.0,0.0,0.0,1.0,0.0,0.0,255,255,1.0,0.0,1.0,0.0,0.0,0.0,0.0,1,117486.0
0,0,13,9,18,0,0,0,0,0,0,0,0,1,0.0,0.0,0.0,0.0,1.0,0.0,0.0,4,252,1.0,0.0,1.0,0.25,0.0,0.0,0.0,1,75742.0
0,1,54,5,0,0,0,0,0,0,0,0,0,243,1.0,1.0,0.0,0.0,0.08,0.05,0.0,255,20,0.08,0.07,0.0,0.0,1.0,1.0,0.0,1,119278.0
0,1,22,9,309,1846,0,0,1,0,0,0,0,9,0.0,0.0,0.0,0.0,1.0,0.0,0.0,31,255,1.0,0.0,0.03,0.01,0.0,0.0,0.0,0,122415.0
0,1,22,9,233,2660,0,0,1,0,0,0,0,5,0.0,0.0,0.0,0.0,1.0,0.0,0.0,138,255,1.0,0.0,0.01,0.02,0.0,0.0,0.0,0,69557.0
9411,2,41,9,147,105,0,0,0,0,0,0,0,1,0.0,0.0,0.0,0.0,1.0,0.0,0.0,255,1,0.0,0.82,1.0,0.0,0.0,0.0,0.0,0,45929.0
0,1,46,5,0,0,0,0,0,0,0,0,0,209,1.0,1.0,0.0,0.0,0.02,0.07,0.0,255,2,0.01,0.08,0.0,0.0,1.0,1.0,0.0,1,103041.0
0,1,22,9,317,619,0,0,1,0,0,0,0,11,0.0,0.0,0.0,0.0,1.0,0.0,0.0,255,255,1.0,0.0,0.0,0.0,0.0,0.0,0.0,0,108999.0
0,0,14,9,1480,0,1,0,0,0,0,0,0,9,0.0,0.0,0.0,0.0,1.0,0.0,0.0,93,9,0.1,0.04,0.1,0.0,0.0,0.0,0.0,0,47178.0
0,1,22,9,193,320,0,0,1,0,0,0,0,4,0.0,0.0,0.0,0.0,1.0,0.0,0.12,255,255,1.0,0.0,0.0,0.0,0.0,0.0,0.0,0,32208.0
0,1,7,5,0,0,0,0,0,0,0,0,0,120,1.0,1.0,0.0,0.0,0.15,0.07,0.0,210,18,0.09,0.07,0.0,0.0,1.0,1.0,0.0,1,98482.0
0,1,34,5,0,0,0,0,0,0,0,0,0,263,1.0,1.0,0.0,0.0,0.0,0.06,0.0,255,20,0.08,0.07,0.0,0.0,1.0,1.0,0.0,1,15459.0
0,1,19,9,854,0,0,0,1,0,0,0,0,18,0.0,0.0,0.0,0.0,1.0,0.0,0.0,7,74,1.0,0.0,1.0,0.04,0.0,0.0,0.0,0,49655.0
0,1,38,5,0,0,0,0,0,0,0,0,0,134,1.0,1.0,0.0,0.0,0.04,0.06,0.0,255,16,0.06,0.07,0.0,0.0,1.0,1.0,0.0,1,106370.0
0,1,22,9,350,6465,0,0,1,0,0,0,0,11,0.0,0.0,0.0,0.0,1.0,0.0,0.15,220,255,1.0,0.0,0.0,0.01,0.0,0.0,0.0,0,33306.0
0,1,22,9,205,1123,0,0,1,0,0,0,0,26,0.0,0.0,0.0,0.0,1.0,0.0,0.0,26,255,1.0,0.0,0.04,0.05,0.0,0.0,0.0,0,51807.0
0,1,22,9,163,22886,0,0,1,0,0,0,0,1,0.0,0.0,0.0,0.0,1.0,0.0,1.0,255,255,1.0,0.0,0.0,0.0,0.0,0.0,0.0,0,20552.0
0,1,3,1,0,0,0,0,0,0,0,0,0,268,0.0,0.0,1.0,1.0,0.04,0.06,0.0,255,10,0.04,0.07,0.0,0.0,0.0,0.0,1.0,1,123338.0
0,1,22,1,0,0,0,0,0,0,0,0,0,25,0.0,0.0,0.84,0.84,1.0,0.0,0.0,45,125,1.0,0.0,0.02,0.16,0.0,0.0,0.97,0,125397.0
0,1,46,5,0,0,0,0,0,0,0,0,0,157,1.0,1.0,0.0,0.0,0.03,0.05,0.0,255,4,0.02,0.05,0.0,0.0,1.0,1.0,0.0,1,7280.0
0,0,13,9,8,0,0,0,0,0,0,0,0,1,0.0,0.0,0.0,0.0,1.0,0.0,1.0,2,32,1.0,0.0,1.0,0.5,0.0,0.0,0.0,1,97671.0
1,1,51,9,1931,285,0,0,1,0,0,0,0,1,0.0,0.0,0.0,0.0,1.0,0.0,0.0,59,179,0.44,0.08,0.02,0.01,0.0,0.0,0.0,0,51877.0
0,1,46,5,0,0,0,0,0,0,0,0,0,134,1.0,1.0,0.0,0.0,0.13,0.06,0.0,39,4,0.1,0.18,0.03,0.0,1.0,1.0,0.0,1,13173.0
0,1,22,9,176,4090,0,0,1,0,0,0,0,2,0.0,0.0,0.0,0.0,1.0,0.0,0.0,255,255,1.0,0.0,0.0,0.0,0.0,0.0,0.0,0,122362.0
0,1,22,9,160,312,0,0,1,0,0,0,0,16,0.0,0.0,0.0,0.0,1.0,0.0,0.08,115,255,1.0,0.0,0.01,0.02,0.0,0.0,0.0,0,103130.0
31,1,18,9,1505,4152,0,30,1,0,0,0,0,1,0.0,0.0,0.0,0.0,1.0,0.0,0.0,255,43,0.17,0.02,0.0,0.0,0.0,0.0,0.0,0,18660.0
0,1,33,1,0,0,0,0,0,0,0,0,0,179,0.0,0.0,1.0,1.0,0.03,0.07,0.0,255,6,0.02,0.08,0.0,0.0,0.0,0.0,1.0,1,107549.0
0,1,46,5,0,0,0,0,0,0,0,0,0,134,1.0,1.0,0.0,0.0,0.02,0.06,0.0,84,17,0.2,0.13,0.01,0.0,1.0,1.0,0.0,1,19473.0
0,2,11,9,46,115,0,0,0,0,0,0,0,203,0.0,0.0,0.0,0.0,1.0,0.0,0.01,255,166,0.65,0.01,0.0,0.0,0.0,0.0,0.0,0,49793.0
0,1,26,5,0,0,0,0,0,0,0,0,0,273,1.0,1.0,0.0,0.0,0.05,0.05,0.0,255,15,0.06,0.07,0.0,0.0,1.0,1.0,0.0,1,66278.0
0,1,38,5,0,0,0,0,0,0,0,0,0,116,1.0,1.0,0.0,0.0,0.07,0.06,0.0,255,8,0.03,0.07,0.0,0.0,1.0,1.0,0.0,1,11810.0
0,1,22,9,280,18968,0,0,1,0,0,0,0,2,0.0,0.0,0.0,0.0,1.0,0.0,0.33,146,255,1.0,0.0,0.01,0.01,0.0,0.0,0.0,0,6507.0
0,2,11,9,45,131,0,0,0,0,0,0,0,29,0.0,0.0,0.0,0.0,1.0,0.0,0.02,255,235,0.92,0.01,0.0,0.0,0.0,0.0,0.0,0,97054.0
0,1,22,9,200,1794,0,0,1,0,0,0,0,6,0.0,0.0,0.0,0.0,1.0,0.0,0.19,7,255,1.0,0.0,0.14,0.02,0.0,0.0,0.0,0,59537.0
0,1,22,9,211,4097,0,0,1,0,0,0,0,27,0.0,0.0,0.0,0.0,1.0,0.0,0.0,42,255,1.0,0.0,0.02,0.04,0.0,0.0,0.0,0,59868.0
0,1,2,1,0,0,0,0,0,0,0,0,0,289,0.0,0.0,1.0,1.0,0.06,0.06,0.0,255,16,0.06,0.07,0.0,0.0,0.0,0.0,1.0,1,30063.0
0,0,14,9,1032,0,0,0,0,0,0,0,0,219,0.0,0.0,0.0,0.0,1.0,0.0,0.0,216,122,0.56,0.03,0.56,0.0,0.01,0.0,0.0,1,7928.0
0,1,46,5,0,0,0,0,0,0,0,0,0,142,1.0,1.0,0.0,0.0,0.04,0.06,0.0,255,22,0.09,0.06,0.0,0.0,1.0,1.0,0.0,1,12502.0
0,1,22,1,0,0,0,0,0,0,0,0,0,1,0.0,0.0,1.0,1.0,1.0,0.0,0.0,2,146,1.0,0.0,0.5,0.05,0.0,0.0,0.71,0,62858.0
0,1,22,1,0,0,0,0,0,0,0,0,0,1,0.0,0.0,1.0,1.0,1.0,0.0,1.0,46,255,1.0,0.0,0.02,0.14,0.0,0.0,1.0,0,90461.0
0,1,22,9,306,603,0,0,1,0,0,0,0,23,0.0,0.0,0.0,0.0,1.0,0.0,0.08,251,255,1.0,0.0,0.0,0.02,0.0,0.0,0.0,0,114629.0
0,1,46,5,0,0,0,0,0,0,0,0,0,136,1.0,1.0,0.0,0.0,0.14,0.06,0.0,255,8,0.03,0.06,0.0,0.0,1.0,1.0,0.0,1,118762.0
0,1,22,9,146,20006,0,0,1,0,0,0,0,1,0.0,0.0,0.0,0.0,1.0,0.0,0.0,22,255,1.0,0.0,0.05,0.06,0.0,0.01,0.01,0,3842.0
0,1,22,9,247,862,0,0,1,0,0,0,0,14,0.0,0.0,0.0,0.0,1.0,0.0,0.0,63,255,1.0,0.0,0.02,0.01,0.0,0.0,0.0,0,42154.0
891,1,41,4,1,0,0,0,0,0,0,0,0,2,0.0,0.0,1.0,1.0,1.0,0.0,0.0,255,2,0.01,0.73,1.0,0.0,0.0,0.0,1.0,1,55922.0
0,1,46,5,0,0,0,0,0,0,0,0,0,105,1.0,1.0,0.0,0.0,0.16,0.06,0.0,255,16,0.06,0.06,0.0,0.0,1.0,1.0,0.0,1,105359.0
0,1,22,9,301,1528,0,0,1,0,0,0,0,10,0.0,0.0,0.0,0.0,1.0,0.0,0.18,255,255,1.0,0.0,0.0,0.0,0.0,0.0,0.0,0,123625.0
0,1,51,9,748,331,0,0,1,0,0,0,0,1,0.0,0.0,0.0,0.0,1.0,0.0,0.0,72,192,0.85,0.04,0.01,0.01,0.0,0.01,0.0,0,22999.0
0,1,22,9,297,1445,0,0,1,0,0,0,0,12,0.0,0.0,0.0,0.0,1.0,0.0,0.0,91,255,1.0,0.0,0.01,0.05,0.0,0.0,0.0,0,67248.0
0,1,17,9,11,175,0,0,0,0,0,0,0,1,0.0,0.0,0.0,0.0,1.0,0.0,0.0,158,12,0.04,0.03,0.01,0.17,0.0,0.0,0.0,0,71114.0
0,1,34,5,0,0,0,0,0,0,0,0,0,239,1.0,1.0,0.0,0.0,0.08,0.05,0.0,255,19,0.07,0.05,0.0,0.0,1.0,1.0,0.0,1,25991.0
2,1,53,9,651,9615,0,0,1,0,0,0,0,1,0.0,0.0,0.0,0.0,1.0,0.0,0.0,43,1,0.02,0.09,0.02,0.0,0.0,0.0,0.0,0,76893.0
0,1,22,9,143,376,0,0,1,0,0,0,0,2,0.0,0.0,0.0,0.0,1.0,0.0,0.0,22,255,1.0,0.0,0.05,0.02,0.0,0.0,0.0,0,114013.0
0,1,46,5,0,0,0,0,0,0,0,0,0,115,1.0,1.0,0.0,0.0,0.09,0.06,0.0,255,10,0.04,0.06,0.0,0.0,1.0,1.0,0.0,1,74190.0
0,1,46,5,0,0,0,0,0,0,0,0,0,209,1.0,1.0,0.0,0.0,0.01,0.06,0.0,255,7,0.03,0.07,0.0,0.0,1.0,1.0,0.0,1,98444.0
1,1,51,9,1451,330,0,0,1,0,0,0,0,1,0.0,0.0,0.0,0.0,1.0,0.0,1.0,110,78,0.71,0.09,0.01,0.0,0.02,0.01,0.0,0,618.0
0,1,38,1,0,0,0,0,0,0,0,0,0,107,0.0,0.0,1.0,1.0,0.08,0.07,0.0,255,9,0.04,0.06,0.0,0.0,0.0,0.0,1.0,1,15079.0
0,1,31,5,0,0,0,0,0,0,0,0,0,135,1.0,1.0,0.0,0.0,0.12,0.06,0.0,255,5,0.02,0.07,0.0,0.0,1.0,1.0,0.0,1,72375.0
0,1,22,1,0,0,0,0,0,0,0,0,0,1,0.0,0.0,1.0,1.0,1.0,0.0,0.0,8,247,1.0,0.0,0.12,0.12,0.0,0.0,0.75,0,76071.0
0,1,22,5,0,0,0,0,0,0,0,0,0,33,1.0,1.0,0.0,0.0,0.42,0.12,0.0,255,65,0.25,0.04,0.0,0.0,1.0,1.0,0.0,1,114724.0
0,0,14,9,520,0,0,0,0,0,0,0,0,481,0.0,0.0,0.0,0.0,1.0,0.0,0.0,114,114,1.0,0.0,1.0,0.0,0.0,0.0,0.0,1,92178.0
0,1,5,5,0,0,0,0,0,0,0,0,0,102,1.0,1.0,0.0,0.0,0.06,0.06,0.0,255,6,0.02,0.06,0.0,0.0,1.0,1.0,0.0,1,117356.0
0,1,51,9,1528,328,0,0,1,0,0,0,0,1,0.0,0.0,0.0,0.0,1.0,0.0,0.0,12,146,0.58,0.25,0.08,0.01,0.0,0.01,0.0,0,57553.0
0,1,41,1,0,0,0,0,0,0,0,0,0,509,0.09,0.0,0.91,1.0,0.0,1.0,0.0,255,1,0.0,1.0,0.0,0.0,0.13,0.0,1.0,1,47413.0
0,1,17,5,0,0,0,0,0,0,0,0,0,68,1.0,1.0,0.0,0.0,0.28,0.06,0.0,255,60,0.24,0.02,0.0,0.0,1.0,1.0,0.0,1,56428.0
0,1,19,9,334,0,0,0,1,0,0,0,0,2,0.0,0.0,0.0,0.0,1.0,0.0,0.0,8,27,1.0,0.0,1.0,0.11,0.0,0.0,0.0,1,777.0
0,1,22,5,0,0,0,0,0,0,0,0,0,215,1.0,1.0,0.0,0.0,0.02,0.07,0.0,255,4,0.02,0.07,0.0,0.0,1.0,1.0,0.0,1,28652.0
0,1,22,9,200,294,0,0,1,0,0,0,0,10,0.0,0.0,0.0,0.0,1.0,0.0,0.0,94,255,1.0,0.0,0.01,0.05,0.01,0.01,0.0,0,92356.0
0,1,22,9,178,1745,0,0,1,0,0,0,0,7,0.0,0.0,0.0,0.0,1.0,0.0,0.0,255,255,1.0,0.0,0.0,0.0,0.0,0.0,0.0,0,32455.0
0,0,14,9,1032,0,0,0,0,0,0,0,0,511,0.0,0.0,0.0,0.0,1.0,0.0,0.0,255,99,0.39,0.19,0.39,0.0,0.0,0.0,0.0,1,42832.0
0,1,55,5,0,0,0,0,0,0,0,0,0,233,1.0,1.0,0.0,0.0,0.01,0.07,0.0,255,2,0.01,0.07,0.0,0.0,1.0,1.0,0.0,1,75333.0
0,1,22,5,0,0,0,0,0,0,0,0,0,3,0.33,0.5,0.67,0.5,0.33,1.0,1.0,255,42,0.16,0.04,0.0,0.0,1.0,1.0,0.0,1,89523.0
0,0,14,9,1032,0,0,0,0,0,0,0,0,399,0.0,0.0,0.0,0.0,1.0,0.0,0.0,255,255,1.0,0.0,1.0,0.0,0.0,0.0,0.0,1,81273.0
0,0,14,9,1480,0,1,0,0,0,0,0,0,1,0.0,0.0,0.0,0.0,1.0,0.0,0.67,1,35,1.0,0.0,1.0,0.51,0.0,0.0,0.0,1,58889.0
0,1,51,9,919,335,0,0,1,0,0,0,0,1,0.0,0.0,0.0,0.0,1.0,0.0,0.0,62,157,0.97,0.03,0.02,0.01,0.0,0.0,0.0,0,67445.0
0,0,14,9,1032,0,0,0,0,0,0,0,0,511,0.0,0.0,0.0,0.0,1.0,0.0,0.0,150,5,0.03,0.02,0.03,0.0,0.0,0.0,0.0,1,16255.0
0,2,11,9,44,44,0,0,0,0,0,0,0,178,0.0,0.0,0.0,0.0,1.0,0.0,0.0,255,250,0.98,0.01,0.01,0.0,0.0,0.0,0.0,0,12881.0
0,1,22,9,306,1380,0,0,1,0,0,0,0,3,0.0,0.0,0.0,0.0,1.0,0.0,0.0,255,246,0.96,0.01,0.0,0.0,0.0,0.0,0.0,0,60496.0
0,1,22,1,0,0,0,0,0,0,0,0,0,1,0.0,0.0,1.0,1.0,1.0,0.0,0.0,76,255,1.0,0.0,0.01,0.08,0.0,0.0,0.85,0,85412.0
0,1,46,5,0,0,0,0,0,0,0,0,0,113,1.0,1.0,0.0,0.0,0.07,0.07,0.0,15,8,0.53,0.2,0.07,0.0,1.0,1.0,0.0,1,100870.0
22,1,18,9,287,903,0,5,1,0,0,0,0,1,0.0,0.0,0.0,0.0,1.0,0.0,0.0,61,7,0.11,0.07,0.02,0.0,0.0,0.0,0.0,0,16299.0
0,1,3,5,0,0,0,0,0,0,0,0,0,8,1.0,1.0,0.0,0.0,0.25,0.5,0.0,255,2,0.01,0.08,0.0,0.0,1.0,1.0,0.0,1,105038.0
0,1,22,9,213,8657,0,0,1,0,0,0,0,5,0.0,0.0,0.0,0.0,1.0,0.0,0.0,23,255,1.0,0.0,0.04,0.04,0.0,0.01,0.0,0,107760.0
0,1,46,0,0,0,0,0,0,0,0,0,0,1,0.0,0.0,0.0,0.0,1.0,0.0,0.0,99,1,0.01,0.05,0.01,0.0,0.0,0.0,0.0,1,113904.0
0,1,22,9,231,844,0,0,1,0,0,0,0,39,0.05,0.05,0.0,0.0,1.0,0.0,0.0,255,255,1.0,0.0,0.0,0.0,0.0,0.0,0.0,0,24243.0
0,1,51,9,2083,329,0,0,1,0,0,0,0,1,0.0,0.0,0.0,0.0,1.0,0.0,0.0,60,180,0.45,0.08,0.02,0.01,0.0,0.0,0.0,0,4701.0
0,1,22,9,245,578,0,0,1,0,0,0,0,5,0.0,0.0,0.0,0.0,1.0,0.0,0.07,255,255,1.0,0.0,0.0,0.0,0.0,0.0,0.0,0,115924.0
0,1,46,5,0,0,0,0,0,0,0,0,0,129,1.0,1.0,0.0,0.0,0.14,0.06,0.0,239,18,0.08,0.07,0.0,0.0,1.0,1.0,0.0,1,59284.0
0,0,14,9,1032,0,0,0,0,0,0,0,0,511,0.0,0.0,0.0,0.0,1.0,0.0,0.0,255,202,0.79,0.02,0.79,0.0,0.0,0.0,0.0,1,4543.0
0,1,3,1,0,0,0,0,0,0,0,0,0,1,0.0,0.0,1.0,1.0,1.0,0.0,0.0,255,3,0.01,0.06,0.01,0.0,0.63,0.0,1.0,0,7161.0
0,1,22,9,214,2280,0,0,1,0,0,0,0,20,0.0,0.0,0.0,0.0,1.0,0.0,0.13,255,255,1.0,0.0,0.0,0.0,0.0,0.0,0.0,0,13325.0
0,1,22,9,451,4308,0,0,1,0,0,0,0,12,0.0,0.0,0.0,0.0,1.0,0.0,0.0,161,255,1.0,0.0,0.01,0.03,0.0,0.0,0.0,0,83849.0
0,1,22,5,0,0,0,0,0,0,0,0,0,2,0.5,0.5,0.0,0.0,1.0,0.0,0.0,3,254,1.0,0.0,0.67,0.07,0.33,0.0,0.0,0,95903.0
0,1,64,5,0,0,0,0,0,0,0,0,0,148,1.0,1.0,0.0,0.0,0.17,0.04,0.0,255,25,0.1,0.04,0.0,0.0,1.0,1.0,0.0,1,61672.0
0,1,46,5,0,0,0,0,0,0,0,0,0,15,1.0,1.0,0.0,0.0,0.53,0.2,0.0,255,8,0.03,0.08,0.0,0.0,1.0,1.0,0.0,1,78821.0
0,0,13,9,8,0,0,0,0,0,0,0,0,1,0.0,0.0,0.0,0.0,1.0,0.0,1.0,1,129,1.0,0.0,1.0,0.51,0.0,0.0,0.0,1,55904.0
0,1,22,9,289,6329,0,0,1,0,0,0,0,9,0.0,0.0,0.0,0.0,1.0,0.0,0.0,255,255,1.0,0.0,0.0,0.0,0.0,0.0,0.0,0,97890.0
0,1,46,5,0,0,0,0,0,0,0,0,0,145,1.0,1.0,0.0,0.0,0.06,0.06,0.0,255,28,0.11,0.05,0.0,0.0,1.0,1.0,0.0,1,8479.0
0,0,13,9,8,0,0,0,0,0,0,0,0,1,0.0,0.0,0.0,0.0,1.0,0.0,1.0,1,255,1.0,0.0,1.0,0.5,0.0,0.0,0.0,1,50865.0
0,1,31,2,0,0,0,0,0,0,0,0,0,148,0.0,0.0,1.0,1.0,0.09,0.05,0.0,255,13,0.05,0.07,0.0,0.0,0.0,0.0,1.0,1,63569.0
0,1,51,5,0,0,0,0,0,0,0,0,0,2,0.5,0.5,0.0,0.0,1.0,0.0,0.0,198,22,0.11,0.58,0.01,0.0,0.01,0.05,0.0,0,40697.0
0,2,11,9,42,42,0,0,0,0,0,0,0,8,0.0,0.0,0.0,0.0,1.0,0.0,0.15,255,240,0.94,0.01,0.0,0.0,0.0,0.0,0.0,0,19366.0
0,1,65,1,0,0,0,0,0,0,0,0,0,201,0.0,0.0,1.0,1.0,0.05,0.07,0.0,255,10,0.04,0.09,0.0,0.0,0.0,0.0,1.0,1,86492.0
0,1,22,5,0,0,0,0,0,0,0,0,0,30,1.0,1.0,0.0,0.0,0.33,0.13,0.0,192,50,0.26,0.02,0.02,0.0,0.99,1.0,0.0,1,56338.0
0,1,3,1,0,0,0,0,0,0,0,0,0,122,0.0,0.0,1.0,1.0,0.02,0.07,0.0,255,3,0.01,0.07,0.0,0.0,0.0,0.0,1.0,1,33001.0
0,1,46,5,0,0,0,0,0,0,0,0,0,257,1.0,1.0,0.0,0.0,0.02,0.06,0.0,255,6,0.02,0.08,0.0,0.0,1.0,1.0,0.0,1,123162.0
0,1,66,5,0,0,0,0,0,0,0,0,0,208,1.0,1.0,0.0,0.0,0.05,0.07,0.0,255,10,0.04,0.07,0.0,0.0,1.0,1.0,0.0,1,106277.0
0,1,10,5,0,0,0,0,0,0,0,0,0,280,1.0,1.0,0.0,0.0,0.01,0.06,0.0,255,4,0.02,0.06,0.0,0.0,1.0,1.0,0.0,1,32545.0
0,1,17,9,7,137,0,0,0,0,0,0,0,1,0.0,0.0,0.0,0.0,1.0,0.0,0.0,78,5,0.05,0.17,0.01,0.4,0.01,0.0,0.0,0,17963.0
0,1,22,1,0,0,0,0,0,0,0,0,0,1,0.0,0.0,1.0,1.0,1.0,0.0,0.0,14,255,1.0,0.0,0.07,0.08,0.0,0.0,0.84,0,100435.0
0,1,22,9,330,392,0,0,1,0,0,0,0,15,0.0,0.0,0.0,0.0,1.0,0.0,0.0,28,255,1.0,0.0,0.04,0.01,0.0,0.0,0.0,0,95329.0
0,1,19,9,4763,0,0,0,0,0,0,0,0,11,0.0,0.0,0.0,0.0,1.0,0.0,0.0,161,33,0.17,0.02,0.17,0.06,0.0,0.0,0.0,0,27236.0
0,1,22,9,232,2239,0,0,1,0,0,0,0,5,0.0,0.0,0.0,0.0,1.0,0.0,0.0,255,248,0.97,0.02,0.0,0.0,0.0,0.0,0.0,0,60520.0
13,1,51,9,1411,337,0,0,1,0,0,0,0,1,0.0,0.0,0.0,0.0,1.0,0.0,0.0,194,167,0.56,0.02,0.01,0.01,0.01,0.0,0.0,0,118669.0
0,1,22,9,316,5212,0,0,1,0,0,0,0,12,0.0,0.0,0.0,0.0,1.0,0.0,0.0,12,255,1.0,0.0,0.08,0.02,0.0,0.0,0.0,0,85345.0
0,2,46,9,1,0,0,0,0,0,0,0,0,12,0.0,0.0,0.0,0.0,1.0,0.0,0.0,255,12,0.05,0.38,0.81,0.0,0.0,0.0,0.0,1,89820.0
0,1,46,4,0,0,0,0,0,0,0,0,0,1,0.0,0.0,1.0,1.0,1.0,0.0,0.0,201,1,0.0,0.51,0.51,0.0,0.0,0.0,1.0,1,55962.0
0,1,34,5,0,0,0,0,0,0,0,0,0,249,1.0,1.0,0.0,0.0,0.01,0.06,0.0,255,3,0.01,0.05,0.0,0.0,1.0,1.0,0.0,1,12727.0
0,1,36,1,0,0,0,0,0,0,0,0,0,110,0.0,0.0,1.0,1.0,0.08,0.07,0.0,255,9,0.04,0.08,0.0,0.0,0.0,0.0,1.0,1,73440.0
0,1,22,9,200,337,0,0,1,0,0,0,0,8,0.0,0.0,0.0,0.0,1.0,0.0,0.0,28,255,1.0,0.0,0.04,0.04,0.0,0.0,0.0,0,125433.0
0,2,11,9,46,131,0,0,0,0,0,0,0,73,0.0,0.0,0.0,0.0,0.99,0.03,0.01,255,215,0.84,0.02,0.0,0.0,0.0,0.0,0.0,0,48223.0
0,1,8,5,0,0,0,0,0,0,0,0,0,274,1.0,1.0,0.0,0.0,0.01,0.05,0.0,255,17,0.07,0.06,0.0,0.0,1.0,1.0,0.0,1,40639.0
0,1,22,9,214,5510,0,0,1,0,0,0,0,4,0.0,0.44,0.0,0.0,1.0,0.0,0.09,4,255,1.0,0.0,0.25,0.03,0.0,0.0,0.0,0,36737.0
0,1,22,9,235,3796,0,0,1,0,0,0,0,27,0.0,0.0,0.0,0.0,1.0,0.0,0.07,96,255,1.0,0.0,0.01,0.03,0.0,0.0,0.0,0,19189.0
0,2,11,9,45,45,0,0,0,0,0,0,0,126,0.0,0.0,0.0,0.0,1.0,0.0,0.02,255,254,1.0,0.01,0.01,0.0,0.0,0.0,0.0,0,34082.0
0,1,22,9,297,12605,0,0,1,0,0,0,0,8,0.0,0.0,0.0,0.0,1.0,0.0,0.0,22,255,1.0,0.0,0.05,0.03,0.05,0.0,0.0,0,89039.0
23,1,18,9,344,1069,0,6,1,0,0,0,0,1,0.0,0.0,0.0,0.0,1.0,0.0,0.0,39,4,0.1,0.08,0.03,0.0,0.0,0.0,0.0,0,87224.0
0,1,22,9,304,2507,0,0,1,0,0,0,0,7,0.0,0.0,0.0,0.0,1.0,0.0,0.0,255,228,0.89,0.01,0.0,0.0,0.0,0.0,0.0,0,112967.0
0,1,15,5,0,0,0,0,0,0,0,0,0,146,1.0,1.0,0.0,0.0,0.14,0.06,0.0,255,20,0.08,0.06,0.0,0.0,1.0,1.0,0.0,1,124365.0
0,0,14,9,1032,0,0,0,0,0,0,0,0,135,0.0,0.0,0.0,0.0,1.0,0.0,0.0,255,135,0.53,0.01,0.53,0.0,0.0,0.0,0.0,1,41741.0
0,0,13,9,18,0,0,0,0,0,0,0,0,1,0.0,0.0,0.0,0.0,1.0,0.0,0.0,1,87,1.0,0.0,1.0,1.0,0.0,0.0,0.0,1,44434.0
0,0,13,9,8,0,0,0,0,0,0,0,0,1,0.0,0.0,0.0,0.0,1.0,0.0,1.0,1,21,1.0,0.0,1.0,0.52,0.0,0.0,0.0,1,13949.0
0,1,46,1,0,0,0,0,0,0,0,0,0,116,0.01,0.0,0.91,1.0,0.01,1.0,0.0,255,1,0.0,0.47,0.0,0.0,0.0,0.0,1.0,1,17395.0
0,1,46,1,0,0,0,0,0,0,0,0,0,1,0.0,0.0,1.0,1.0,1.0,0.0,0.0,31,2,0.03,1.0,0.03,1.0,0.0,0.0,1.0,1,118244.0
0,1,22,9,210,2570,0,0,1,0,0,0,0,13,0.0,0.0,0.0,0.0,1.0,0.0,0.2,30,255,1.0,0.0,0.03,0.02,0.0,0.0,0.0,0,29665.0
0,1,22,5,0,0,0,0,0,0,0,0,0,48,1.0,1.0,0.0,0.0,0.4,0.08,0.0,255,59,0.23,0.03,0.0,0.0,1.0,1.0,0.0,1,89490.0
0,1,48,1,0,0,0,0,0,0,0,0,0,1,0.0,0.0,1.0,1.0,1.0,0.0,0.0,52,1,0.02,1.0,0.02,0.0,0.0,0.0,1.0,1,46599.0
0,1,19,9,334,0,0,0,1,0,0,0,0,2,0.0,0.0,0.0,0.0,1.0,0.0,0.0,4,30,1.0,0.0,1.0,0.2,0.0,0.0,0.0,1,12985.0
0,2,11,9,45,114,0,0,0,0,0,0,0,103,0.0,0.0,0.0,0.0,1.0,0.0,0.03,255,255,1.0,0.0,0.0,0.0,0.0,0.0,0.0,0,64571.0
0,2,11,9,105,45,0,0,0,0,0,0,0,2,0.0,0.0,0.0,0.0,1.0,0.0,0.0,34,22,0.65,0.09,0.53,0.0,0.0,0.0,0.0,0,48027.0
0,1,16,2,0,0,0,0,0,0,0,0,0,149,0.0,0.0,1.0,1.0,0.13,0.05,0.0,255,20,0.08,0.05,0.0,0.0,0.0,0.0,1.0,1,8190.0
0,1,22,9,289,1617,0,0,1,0,0,0,0,23,0.0,0.0,0.0,0.0,1.0,0.0,0.0,255,255,1.0,0.0,0.0,0.0,0.0,0.0,0.0,0,49450.0
0,0,14,9,1032,0,0,0,0,0,0,0,0,133,0.0,0.0,0.0,0.0,1.0,0.0,0.0,138,44,0.32,0.05,0.32,0.0,0.01,0.0,0.0,1,116819.0
0,1,46,5,0,0,0,0,0,0,0,0,0,175,1.0,1.0,0.0,0.0,0.11,0.06,0.0,255,11,0.04,0.07,0.0,0.0,1.0,1.0,0.0,1,125854.0
0,1,32,5,0,0,0,0,0,0,0,0,0,253,1.0,1.0,0.0,0.0,0.01,0.07,0.0,255,3,0.01,0.07,0.0,0.0,1.0,1.0,0.0,1,63520.0
0,2,11,9,45,102,0,0,0,0,0,0,0,199,0.0,0.0,0.0,0.0,1.0,0.0,0.0,255,255,1.0,0.0,0.0,0.0,0.0,0.0,0.0,0,18952.0
0,2,11,9,43,128,0,0,0,0,0,0,0,195,0.0,0.0,0.0,0.0,1.0,0.0,0.01,255,253,0.99,0.01,0.0,0.0,0.0,0.0,0.0,0,18244.0
0,1,46,5,0,0,0,0,0,0,0,0,0,83,1.0,1.0,0.0,0.0,0.16,0.06,0.0,255,1,0.0,0.07,0.0,0.0,1.0,1.0,0.0,1,14434.0
0,2,46,9,28,0,3,0,0,0,0,0,0,85,0.0,0.0,0.0,0.0,1.0,0.0,0.0,255,85,0.33,0.02,0.33,0.0,0.0,0.0,0.0,1,65054.0
0,0,13,9,8,0,0,0,0,0,0,0,0,1,0.0,0.0,0.0,0.0,1.0,0.0,1.0,2,174,1.0,0.0,1.0,0.5,0.0,0.0,0.0,1,50608.0
0,1,46,4,0,0,0,0,0,0,0,0,0,1,0.0,0.0,1.0,1.0,1.0,0.0,0.0,255,1,0.0,0.71,0.71,0.0,0.0,0.0,1.0,1,116237.0
0,1,22,9,198,2168,0,0,1,0,0,0,0,30,0.0,0.0,0.0,0.0,1.0,0.0,0.0,255,255,1.0,0.0,0.0,0.0,0.0,0.0,0.0,0,71877.0
0,1,46,5,0,0,0,0,0,0,0,0,0,274,1.0,1.0,0.0,0.0,0.06,0.06,0.0,255,17,0.07,0.07,0.0,0.0,1.0,1.0,0.0,1,34166.0
0,1,46,1,0,0,0,0,0,0,0,0,0,155,0.0,0.0,0.99,1.0,0.03,0.08,0.0,255,4,0.02,0.07,0.0,0.0,0.0,0.0,1.0,1,10277.0
0,0,13,9,8,0,0,0,0,0,0,0,0,1,0.0,0.0,0.0,0.0,1.0,0.0,1.0,2,150,1.0,0.0,1.0,0.25,0.0,0.0,0.0,1,28907.0
0,1,46,5,0,0,0,0,0,0,0,0,0,110,1.0,1.0,0.0,0.0,0.09,0.06,0.0,255,28,0.11,0.06,0.0,0.0,1.0,1.0,0.0,1,5979.0
0,1,22,1,0,0,0,0,0,0,0,0,0,1,0.0,0.0,1.0,1.0,1.0,0.0,1.0,71,255,1.0,0.0,0.01,0.06,0.0,0.0,1.0,0,36755.0
0,0,13,9,18,0,0,0,0,0,0,0,0,1,0.0,0.0,0.0,0.0,1.0,0.0,0.0,1,27,1.0,0.0,1.0,1.0,0.0,0.0,0.0,1,53611.0
0,1,22,9,298,736,0,0,1,0,0,0,0,2,0.0,0.0,0.0,0.0,1.0,0.0,0.67,31,255,1.0,0.0,0.03,0.02,0.0,0.0,0.0,0,12223.0
6541,2,41,9,147,105,0,0,0,0,0,0,0,1,0.0,0.0,0.0,0.0,1.0,0.0,0.0,255,1,0.0,0.48,0.66,0.0,0.0,0.0,0.0,0,66845.0
0,1,66,5,0,0,0,0,0,0,0,0,0,233,1.0,1.0,0.0,0.0,0.02,0.06,0.0,255,5,0.02,0.07,0.0,0.0,1.0,1.0,0.0,1,18557.0
0,1,22,9,248,285,0,0,1,0,0,0,0,7,0.0,0.0,0.0,0.0,1.0,0.0,0.27,255,255,1.0,0.0,0.0,0.0,0.0,0.0,0.0,0,87694.0
0,1,22,9,312,285,0,0,1,0,0,0,0,19,0.0,0.0,0.0,0.0,1.0,0.0,0.1,255,255,1.0,0.0,0.0,0.0,0.0,0.0,0.0,0,47000.0
0,1,22,9,239,396,0,0,1,0,0,0,0,8,0.0,0.0,0.0,0.0,1.0,0.0,0.0,255,255,1.0,0.0,0.0,0.0,0.0,0.0,0.0,0,26325.0
0,1,19,9,203,0,0,0,1,0,0,0,0,1,0.0,0.0,0.0,0.0,1.0,0.0,0.0,120,79,0.35,0.03,0.35,0.03,0.0,0.0,0.0,0,48454.0
0,1,22,1,0,0,0,0,0,0,0,0,0,1,0.0,0.0,1.0,1.0,1.0,0.0,0.0,4,255,1.0,0.0,0.25,0.07,0.0,0.0,0.29,0,35462.0
0,1,38,5,0,0,0,0,0,0,0,0,0,103,1.0,1.0,0.0,0.0,0.05,0.06,0.0,255,17,0.07,0.06,0.0,0.0,1.0,1.0,0.0,1,115398.0
0,1,22,5,0,0,0,0,0,0,0,0,0,52,1.0,1.0,0.0,0.0,0.35,0.08,0.0,255,58,0.23,0.03,0.0,0.0,1.0,1.0,0.0,1,100404.0
0,0,14,9,1032,0,0,0,0,0,0,0,0,510,0.0,0.0,0.0,0.0,1.0,0.0,0.0,255,121,0.47,0.02,0.47,0.0,0.01,0.0,0.0,1,30917.0
0,1,30,5,0,0,0,0,0,0,0,0,0,144,1.0,1.0,0.0,0.0,0.13,0.06,0.0,255,19,0.07,0.07,0.0,0.0,1.0,1.0,0.0,1,27807.0
0,1,22,9,290,4774,0,0,1,0,0,0,0,2,0.0,0.0,0.0,0.0,1.0,0.0,0.0,9,255,1.0,0.0,0.11,0.05,0.0,0.0,0.0,0,48066.0
0,1,21,5,0,0,0,0,0,0,0,0,0,228,1.0,1.0,0.0,0.0,0.07,0.06,0.0,255,20,0.08,0.07,0.0,0.0,1.0,1.0,0.0,1,85589.0
0,1,22,9,235,1075,0,0,1,0,0,0,0,7,0.0,0.0,0.0,0.0,1.0,0.0,0.0,255,251,0.98,0.01,0.0,0.0,0.0,0.0,0.0,0,5696.0
0,0,14,9,1032,0,0,0,0,0,0,0,0,511,0.0,0.0,0.0,0.0,1.0,0.0,0.0,255,181,0.71,0.02,0.71,0.0,0.0,0.0,0.0,1,83813.0
0,1,22,9,218,316,0,0,1,0,0,0,0,7,0.14,0.08,0.0,0.0,1.0,0.0,0.17,255,255,1.0,0.0,0.0,0.0,0.0,0.0,0.0,0,105067.0
0,1,22,9,302,551,0,0,1,0,0,0,0,11,0.0,0.0,0.0,0.0,1.0,0.0,0.0,21,255,1.0,0.0,0.05,0.02,0.0,0.0,0.0,0,39557.0
1,1,17,9,7,311,0,0,0,0,0,0,0,1,0.0,0.0,0.0,0.0,1.0,0.0,0.0,168,6,0.02,0.02,0.01,0.33,0.01,0.0,0.0,0,41230.0
0,1,63,5,0,0,0,0,0,0,0,0,0,129,1.0,1.0,0.0,0.0,0.16,0.05,0.0,255,20,0.08,0.05,0.0,0.0,1.0,1.0,0.0,1,112766.0
0,1,37,5,0,0,0,0,0,0,0,0,0,193,1.0,1.0,0.0,0.0,0.05,0.06,0.0,255,10,0.04,0.07,0.0,0.0,1.0,1.0,0.0,1,116505.0
0,1,44,5,0,0,0,0,0,0,0,0,0,239,1.0,1.0,0.0,0.0,0.01,0.07,0.0,255,2,0.01,0.07,0.0,0.0,1.0,1.0,0.0,1,92684.0
0,1,60,5,0,0,0,0,0,0,0,0,0,116,1.0,1.0,0.0,0.0,0.09,0.06,0.0,255,11,0.04,0.08,0.0,0.0,1.0,1.0,0.0,1,107713.0
0,1,53,1,0,0,0,0,0,0,0,0,0,1,0.0,0.0,1.0,1.0,1.0,0.0,0.0,3,2,0.33,1.0,0.33,1.0,0.0,0.0,1.0,0,2256.0
0,1,22,9,272,269,0,0,1,0,0,0,0,13,0.0,0.0,0.0,0.0,1.0,0.0,0.0,255,255,1.0,0.0,0.0,0.0,0.0,0.0,0.0,0,70180.0
0,0,13,9,18,0,0,0,0,0,0,0,0,1,0.0,0.0,0.0,0.0,1.0,0.0,0.0,1,108,1.0,0.0,1.0,1.0,0.0,0.0,0.0,1,22571.0
0,1,22,9,54540,8314,0,2,1,1,0,0,0,4,0.0,0.0,0.0,0.0,1.0,0.0,0.0,229,229,1.0,0.0,0.0,0.0,0.0,0.0,0.06,1,53679.0
0,1,22,9,229,1041,0,0,1,0,0,0,0,22,0.0,0.0,0.0,0.0,1.0,0.0,0.0,116,255,1.0,0.0,0.01,0.02,0.0,0.0,0.0,0,100056.0
0,1,22,9,325,326,0,0,1,0,0,0,0,6,0.0,0.0,0.0,0.0,1.0,0.0,0.0,97,255,1.0,0.0,0.01,0.06,0.0,0.0,0.0,0,42676.0
0,1,65,5,0,0,0,0,0,0,0,0,0,228,1.0,1.0,0.0,0.0,0.06,0.06,0.0,255,13,0.05,0.07,0.0,0.0,1.0,1.0,0.0,1,95963.0
0,1,56,5,0,0,0,0,0,0,0,0,0,138,1.0,1.0,0.0,0.0,0.02,0.07,0.0,255,3,0.01,0.07,0.0,0.0,1.0,1.0,0.0,1,123160.0
0,1,46,5,0,0,0,0,0,0,0,0,0,159,1.0,1.0,0.0,0.0,0.11,0.06,0.0,255,17,0.07,0.06,0.0,0.0,1.0,1.0,0.0,1,8079.0
0,1,46,5,0,0,0,0,0,0,0,0,0,212,1.0,1.0,0.0,0.0,0.08,0.07,0.0,255,17,0.07,0.07,0.0,0.0,1.0,1.0,0.0,1,91476.0
0,1,46,5,0,0,0,0,0,0,0,0,0,214,1.0,1.0,0.0,0.0,0.03,0.06,0.0,255,8,0.03,0.07,0.0,0.0,1.0,1.0,0.0,1,110428.0
0,1,22,9,226,891,0,0,1,0,0,0,0,2,0.0,0.0,0.0,0.0,1.0,0.0,0.0,76,255,1.0,0.0,0.01,0.04,0.0,0.0,0.0,0,75283.0
0,1,22,9,267,1436,0,0,1,0,0,0,0,33,0.0,0.0,0.0,0.0,1.0,0.0,0.06,33,255,1.0,0.0,0.03,0.02,0.0,0.0,0.0,0,2386.0
0,1,41,1,0,0,0,0,0,0,0,0,0,511,0.17,0.0,0.83,1.0,0.0,1.0,0.0,255,1,0.0,1.0,0.0,0.0,0.0,0.0,1.0,1,83016.0
0,1,46,5,0,0,0,0,0,0,0,0,0,278,1.0,1.0,0.0,0.0,0.06,0.06,0.0,255,3,0.01,0.07,0.0,0.0,1.0,1.0,0.0,1,57741.0
0,1,20,5,0,0,0,0,0,0,0,0,0,259,1.0,1.0,0.0,0.0,0.02,0.06,0.0,255,6,0.02,0.06,0.0,0.0,1.0,1.0,0.0,1,56314.0
0,0,13,9,8,0,0,0,0,0,0,0,0,1,0.0,0.0,0.0,0.0,1.0,0.0,1.0,1,161,1.0,0.0,1.0,0.5,0.0,0.0,0.0,1,121516.0
0,1,51,9,846,325,0,0,1,0,0,0,0,1,0.0,0.0,0.0,0.0,1.0,0.0,0.0,1,83,1.0,0.0,1.0,0.02,0.0,0.0,0.0,0,21024.0
0,1,51,9,3229,330,0,0,1,0,0,0,0,1,0.0,0.0,0.0,0.0,1.0,0.0,0.0,255,151,0.59,0.01,0.0,0.0,0.0,0.01,0.0,0,103709.0
0,1,22,9,222,593,0,0,1,0,0,0,0,7,0.0,0.0,0.0,0.0,1.0,0.0,0.0,255,255,1.0,0.0,0.01,0.0,0.0,0.0,0.0,0,66668.0
0,1,22,9,250,719,0,0,1,0,0,0,0,8,0.0,0.0,0.0,0.0,1.0,0.0,0.21,45,255,1.0,0.0,0.02,0.05,0.0,0.0,0.0,0,114015.0
0,0,13,9,8,0,0,0,0,0,0,0,0,1,0.0,0.0,0.0,0.0,1.0,0.0,1.0,1,129,1.0,0.0,1.0,0.51,0.0,0.0,0.0,1,56875.0
0,1,19,5,0,0,0,0,0,0,0,0,0,10,1.0,1.0,0.0,0.0,0.4,0.2,0.0,210,48,0.21,0.02,0.01,0.04,1.0,0.92,0.0,1,124931.0
0,1,22,9,146,424,0,0,1,0,0,0,0,8,0.0,0.0,0.0,0.0,1.0,0.0,0.0,128,255,1.0,0.0,0.01,0.03,0.0,0.0,0.0,0,30544.0
0,1,51,9,1391,431,0,0,1,0,0,0,0,1,0.0,0.0,0.0,0.0,1.0,0.0,0.0,18,153,0.94,0.11,0.06,0.02,0.06,0.0,0.0,0,95380.0
0,1,19,9,7196,0,0,0,1,0,0,0,0,9,0.0,0.0,0.0,0.0,1.0,0.0,0.0,181,85,0.47,0.02,0.47,0.0,0.0,0.0,0.0,0,57034.0
0,1,36,5,0,0,0,0,0,0,0,0,0,296,1.0,1.0,0.0,0.0,0.05,0.05,0.0,255,2,0.01,0.09,0.0,0.0,1.0,1.0,0.0,1,119058.0
0,1,22,9,220,365,0,0,1,0,0,0,0,10,0.0,0.0,0.0,0.0,1.0,0.0,0.0,10,255,1.0,0.0,0.1,0.02,0.0,0.0,0.0,0,122026.0
0,1,63,2,0,0,0,0,0,0,0,0,0,111,0.0,0.0,1.0,1.0,0.05,0.08,0.0,255,6,0.02,0.07,0.0,0.0,0.0,0.0,1.0,1,84313.0
0,1,46,5,0,0,0,0,0,0,0,0,0,178,1.0,1.0,0.0,0.0,0.06,0.06,0.0,255,14,0.05,0.06,0.0,0.0,1.0,1.0,0.0,1,17307.0
0,1,46,5,0,0,0,0,0,0,0,0,0,185,1.0,1.0,0.0,0.0,0.04,0.06,0.0,255,20,0.08,0.07,0.0,0.0,1.0,1.0,0.0,1,105767.0
0,2,11,9,45,45,0,0,0,0,0,0,0,130,0.0,0.0,0.0,0.0,1.0,0.0,0.0,255,255,1.0,0.0,0.0,0.0,0.0,0.0,0.0,0,22512.0
0,1,51,5,0,0,0,0,0,0,0,0,0,2,0.5,0.5,0.0,0.0,1.0,0.0,0.0,160,101,0.4,0.05,0.01,0.02,0.01,0.02,0.0,0,306.0
0,1,22,9,163,30042,0,0,1,0,0,0,0,2,0.0,0.0,0.0,0.0,1.0,0.0,0.0,12,255,1.0,0.0,0.08,0.03,0.0,0.0,0.0,0,20549.0
0,1,26,5,0,0,0,0,0,0,0,0,0,264,1.0,1.0,0.0,0.0,0.04,0.05,0.0,255,10,0.04,0.05,0.0,0.0,1.0,1.0,0.0,1,110992.0
0,1,19,9,5319,0,0,0,1,0,0,0,0,4,0.0,0.0,0.0,0.0,1.0,0.0,0.0,42,94,0.24,0.05,0.24,0.03,0.0,0.0,0.0,0,61405.0
0,1,8,5,0,0,0,0,0,0,0,0,0,256,1.0,1.0,0.0,0.0,0.02,0.07,0.0,255,6,0.02,0.07,0.0,0.0,1.0,1.0,0.0,1,62246.0
0,1,51,9,664,335,0,0,1,0,0,0,0,1,0.0,0.0,0.0,0.0,1.0,0.0,0.0,122,173,0.72,0.03,0.01,0.01,0.0,0.0,0.0,0,39116.0
0,1,22,9,216,902,0,0,1,0,0,0,0,6,0.0,0.0,0.0,0.0,1.0,0.0,0.0,6,255,1.0,0.0,0.17,0.06,0.0,0.0,0.0,0,106810.0
0,2,11,9,44,134,0,0,0,0,0,0,0,75,0.0,0.0,0.0,0.0,0.99,0.03,0.01,255,240,0.94,0.01,0.0,0.0,0.0,0.0,0.0,0,47947.0
0,1,52,5,0,0,0,0,0,0,0,0,0,23,1.0,1.0,0.0,0.0,0.43,0.17,0.0,255,10,0.04,0.08,0.0,0.0,1.0,1.0,0.0,1,17879.0
0,1,2,1,0,0,0,0,0,0,0,0,0,159,0.0,0.0,1.0,1.0,0.11,0.06,0.0,255,18,0.07,0.07,0.0,0.0,0.0,0.0,1.0,1,82941.0
0,0,13,9,30,0,0,0,0,0,0,0,0,2,0.0,0.0,0.0,0.0,1.0,0.0,0.0,239,239,1.0,0.0,1.0,0.0,0.0,0.0,0.0,0,68493.0
0,2,46,9,1,0,0,0,0,0,0,0,0,25,0.0,0.0,0.0,0.0,0.88,0.08,0.0,255,35,0.14,0.67,0.38,0.0,0.05,0.0,0.0,1,85597.0
0,1,46,5,0,0,0,0,0,0,0,0,0,228,1.0,1.0,0.0,0.0,0.07,0.07,0.0,255,13,0.05,0.08,0.0,0.0,1.0,1.0,0.0,1,24644.0
0,1,22,9,321,1481,0,0,1,0,0,0,0,6,0.0,0.0,0.0,0.0,1.0,0.0,0.0,255,255,1.0,0.0,0.01,0.0,0.0,0.0,0.0,0,96595.0
0,1,46,1,0,0,0,0,0,0,0,0,0,208,0.01,0.0,0.96,1.0,0.0,1.0,0.0,255,1,0.0,0.84,0.0,0.0,0.01,0.0,1.0,1,112366.0
0,1,19,9,245,0,0,0,1,0,0,1,0,2,0.0,0.0,0.0,0.0,0.5,1.0,0.0,2,2,1.0,0.0,1.0,0.0,0.0,0.0,0.0,0,87313.0
0,2,46,9,28,0,3,0,0,0,0,0,0,33,0.0,0.0,0.0,0.0,1.0,0.0,0.0,255,133,0.52,0.48,0.52,0.0,0.09,0.0,0.0,1,79217.0
0,2,11,9,36,0,0,0,0,0,0,0,0,10,0.0,0.0,0.0,0.0,1.0,0.0,0.0,88,227,1.0,0.0,1.0,0.01,0.0,0.0,0.0,0,114694.0
0,1,44,2,0,0,0,0,0,0,0,0,0,249,0.0,0.0,1.0,1.0,0.05,0.07,0.0,255,12,0.05,0.07,0.0,0.0,0.0,0.0,1.0,1,20329.0
0,1,22,9,288,2055,0,0,1,0,0,0,0,3,0.0,0.0,0.0,0.0,1.0,0.0,0.0,255,255,1.0,0.0,0.0,0.0,0.0,0.0,0.0,0,110709.0
0,1,22,9,196,124,0,0,1,0,0,0,0,2,0.0,0.0,0.0,0.0,1.0,0.0,0.67,41,255,1.0,0.0,0.02,0.02,0.0,0.0,0.0,0,81243.0
0,1,19,9,383,0,0,0,0,0,0,0,0,1,0.0,0.0,0.0,0.0,1.0,0.0,0.0,77,13,0.17,0.05,0.17,0.0,0.0,0.0,0.0,0,44141.0
0,1,26,5,0,0,0,0,0,0,0,0,0,240,1.0,1.0,0.0,0.0,0.02,0.06,0.0,255,4,0.02,0.06,0.0,0.0,1.0,1.0,0.0,1,46898.0
0,1,17,5,0,0,0,0,0,0,0,0,0,32,1.0,1.0,0.0,0.0,0.5,0.06,0.0,192,58,0.29,0.02,0.01,0.03,1.0,0.97,0.0,1,94421.0
0,1,46,5,0,0,0,0,0,0,0,0,0,205,1.0,1.0,0.0,0.0,0.03,0.06,0.0,255,14,0.05,0.05,0.0,0.0,1.0,1.0,0.0,1,39101.0
0,1,17,5,0,0,0,0,0,0,0,0,0,45,1.0,1.0,0.0,0.0,0.27,0.09,0.0,255,44,0.17,0.04,0.02,0.0,1.0,1.0,0.0,1,55826.0
0,1,18,2,0,0,0,0,0,0,0,0,0,245,0.0,0.0,1.0,1.0,0.06,0.07,0.0,255,14,0.05,0.08,0.0,0.0,0.0,0.0,1.0,1,2211.0
0,1,22,9,274,760,0,0,1,0,0,0,0,3,0.0,0.0,0.0,0.0,1.0,0.0,0.27,99,255,1.0,0.0,0.01,0.02,0.0,0.0,0.0,0,101263.0
0,1,22,9,246,1860,0,0,1,0,0,0,0,3,0.0,0.0,0.0,0.0,1.0,0.0,0.0,83,255,1.0,0.0,0.01,0.03,0.0,0.0,0.0,0,21571.0
0,1,22,9,314,1018,0,0,1,0,0,0,0,24,0.0,0.0,0.0,0.0,1.0,0.0,0.08,108,255,1.0,0.0,0.01,0.02,0.0,0.0,0.0,0,84845.0
0,1,31,5,0,0,0,0,0,0,0,0,0,117,1.0,1.0,0.0,0.0,0.2,0.06,0.0,255,23,0.09,0.05,0.0,0.0,1.0,1.0,0.0,1,102783.0
0,1,22,9,227,438,0,0,1,0,0,0,0,17,0.0,0.0,0.0,0.0,1.0,0.0,0.0,255,255,1.0,0.0,0.0,0.0,0.0,0.0,0.0,0,64892.0
4,1,46,4,0,0,0,0,0,0,0,0,0,114,0.0,0.0,1.0,1.0,0.02,0.53,0.0,255,2,0.01,0.24,0.45,0.0,0.0,0.0,1.0,1,25977.0
0,1,4,1,0,0,0,0,0,0,0,0,0,143,0.0,0.0,1.0,1.0,0.04,0.06,0.0,255,3,0.01,0.07,0.0,0.0,0.0,0.0,1.0,1,38100.0
6,2,11,9,42,42,0,0,0,0,0,0,0,4,0.0,0.0,0.0,0.0,1.0,0.0,0.25,255,249,0.98,0.01,0.0,0.0,0.0,0.0,0.0,0,83157.0
1,1,18,9,1237,2451,0,28,1,0,0,0,0,1,0.0,0.0,0.0,0.0,1.0,0.0,0.0,228,56,0.25,0.02,0.0,0.0,0.0,0.0,0.0,0,43699.0
0,1,19,9,37,0,0,0,1,0,0,0,0,151,0.99,0.0,0.0,0.0,0.01,0.06,0.67,255,17,0.07,0.09,0.09,0.0,0.78,0.0,0.0,0,64945.0
0,1,46,1,0,0,0,0,0,0,0,0,0,150,0.0,0.0,1.0,1.0,0.01,0.08,0.0,255,2,0.01,0.08,0.0,0.0,0.0,0.0,1.0,1,25300.0
0,1,64,5,0,0,0,0,0,0,0,0,0,185,1.0,1.0,0.0,0.0,0.11,0.06,0.0,255,18,0.07,0.07,0.0,0.0,1.0,1.0,0.0,1,65926.0
46,1,41,9,3888,0,0,0,1,0,0,0,0,2,0.0,0.0,0.0,0.0,0.5,1.0,0.0,62,1,0.02,0.29,0.47,0.0,0.0,0.0,0.0,0,98560.0
0,1,22,9,294,22996,0,0,1,0,0,0,0,32,0.0,0.0,0.0,0.0,1.0,0.0,0.08,255,255,1.0,0.0,0.0,0.0,0.0,0.0,0.0,0,123219.0
0,0,13,9,18,0,0,0,0,0,0,0,0,1,0.0,0.0,0.0,0.0,1.0,0.0,0.0,3,35,1.0,0.0,1.0,0.26,0.0,0.0,0.0,1,108758.0
1,1,18,9,56,171,0,0,0,0,0,0,0,1,0.0,0.0,0.0,0.0,1.0,0.0,0.0,40,14,0.35,0.1,0.03,0.0,0.0,0.0,0.0,0,113688.0
0,2,46,9,105,146,0,0,0,0,0,0,0,1,0.0,0.0,0.0,0.0,1.0,0.0,0.0,116,106,0.91,0.03,0.01,0.0,0.0,0.0,0.0,0,99455.0
0,0,62,9,182,0,0,0,0,0,0,0,0,3,0.0,0.0,0.0,0.0,0.33,1.0,0.0,255,37,0.15,0.01,0.16,0.0,0.0,0.0,0.0,0,92188.0
0,1,22,9,303,2239,0,0,1,0,0,0,0,5,0.0,0.0,0.0,0.0,1.0,0.0,0.0,255,246,0.96,0.01,0.0,0.0,0.0,0.0,0.0,0,95057.0
0,2,11,9,43,130,0,0,0,0,0,0,0,74,0.0,0.0,0.0,0.0,1.0,0.0,0.01,255,254,1.0,0.01,0.0,0.0,0.0,0.0,0.0,0,17852.0
0,1,22,9,309,1442,0,0,1,0,0,0,0,7,0.0,0.0,0.0,0.0,1.0,0.0,0.22,50,255,1.0,0.0,0.02,0.04,0.0,0.0,0.0,0,114468.0
0,1,22,1,0,0,0,0,0,0,0,0,0,1,0.0,0.0,1.0,1.0,1.0,0.0,0.0,1,251,1.0,0.0,1.0,0.05,0.0,0.0,0.45,0,4207.0
0,1,45,5,0,0,0,0,0,0,0,0,0,124,1.0,1.0,0.0,0.0,0.05,0.06,0.0,255,6,0.02,0.07,0.0,0.0,1.0,1.0,0.0,1,55843.0
0,1,46,5,0,0,0,0,0,0,0,0,0,98,1.0,1.0,0.0,0.0,0.2,0.06,0.0,255,20,0.08,0.07,0.0,0.0,1.0,1.0,0.0,1,27267.0
0,1,22,9,257,4744,0,0,1,0,0,0,0,11,0.0,0.0,0.0,0.0,1.0,0.0,0.0,255,255,1.0,0.0,0.0,0.0,0.0,0.0,0.0,0,112257.0
0,1,46,5,0,0,0,0,0,0,0,0,0,145,1.0,1.0,0.0,0.0,0.1,0.06,0.0,255,8,0.03,0.07,0.0,0.0,1.0,1.0,0.0,1,116255.0
0,1,22,9,205,762,0,0,1,0,0,0,0,35,0.0,0.0,0.0,0.0,1.0,0.0,0.06,255,255,1.0,0.0,0.0,0.0,0.0,0.0,0.0,0,114575.0
0,1,9,5,0,0,0,0,0,0,0,0,0,194,1.0,1.0,0.0,0.0,0.05,0.07,0.0,255,9,0.04,0.07,0.0,0.0,1.0,1.0,0.0,1,61650.0
0,1,22,9,220,3010,0,0,1,0,0,0,0,7,0.0,0.0,0.0,0.0,1.0,0.0,0.14,34,255,1.0,0.0,0.03,0.01,0.0,0.0,0.01,0,80791.0
0,1,46,5,0,0,0,0,0,0,0,0,0,127,0.99,1.0,0.0,0.0,0.11,0.06,0.0,255,14,0.05,0.05,0.0,0.0,1.0,1.0,0.0,1,23551.0
0,1,54,5,0,0,0,0,0,0,0,0,0,236,1.0,1.0,0.0,0.0,0.02,0.07,0.0,255,17,0.07,0.08,0.0,0.0,1.0,1.0,0.0,1,25012.0
0,1,19,9,334,0,0,0,1,0,0,0,0,1,0.0,0.0,0.0,0.0,1.0,0.0,0.0,7,33,1.0,0.0,1.0,0.15,0.0,0.0,0.0,1,103515.0
0,1,46,5,0,0,0,0,0,0,0,0,0,49,1.0,1.0,0.0,0.0,0.02,0.12,0.0,255,14,0.05,0.08,0.0,0.0,1.0,1.0,0.0,1,48323.0
0,2,11,9,43,76,0,0,0,0,0,0,0,4,0.0,0.0,0.0,0.0,1.0,0.0,0.0,255,251,0.98,0.01,0.0,0.0,0.0,0.0,0.0,0,4069.0
23,1,18,9,306,1043,0,6,1,0,0,0,0,1,0.0,0.0,0.0,0.0,1.0,0.0,0.0,113,15,0.13,0.06,0.01,0.0,0.01,0.0,0.0,0,15099.0
27,2,40,9,48,48,0,0,0,0,0,0,0,1,0.0,0.0,0.0,0.0,1.0,0.0,0.0,255,8,0.03,0.01,0.03,0.0,0.0,0.0,0.0,0,65695.0
0,1,22,9,330,458,0,0,1,0,0,0,0,9,0.0,0.0,0.0,0.0,1.0,0.0,0.2,9,84,1.0,0.0,0.11,0.11,0.0,0.0,0.0,0,90617.0
0,2,46,9,1,0,0,0,0,0,0,0,0,7,0.0,0.0,0.0,0.0,1.0,0.0,0.0,255,7,0.03,0.4,0.79,0.0,0.0,0.0,0.0,1,28508.0
0,1,22,9,281,5856,0,0,1,0,0,0,0,2,0.0,0.0,0.0,0.0,1.0,0.0,0.0,8,255,1.0,0.0,0.12,0.07,0.0,0.0,0.0,0,32905.0
0,1,46,5,0,0,0,0,0,0,0,0,0,205,1.0,1.0,0.0,0.0,0.03,0.07,0.0,255,6,0.02,0.07,0.0,0.0,1.0,1.0,0.0,1,122178.0
0,0,14,9,520,0,0,0,0,0,0,0,0,126,0.0,0.0,0.0,0.0,1.0,0.0,0.0,255,255,1.0,0.0,1.0,0.0,0.0,0.0,0.0,1,102157.0
0,1,56,5,0,0,0,0,0,0,0,0,0,202,1.0,1.0,0.0,0.0,0.0,0.07,0.0,255,1,0.0,0.07,0.0,0.0,1.0,1.0,0.0,1,70663.0
9048,2,41,9,147,105,0,0,0,0,0,0,0,1,0.0,0.0,0.0,0.0,1.0,0.0,0.0,234,1,0.0,0.58,0.89,0.0,0.0,0.0,0.0,0,124604.0
0,1,46,1,0,0,0,0,0,0,0,0,0,235,0.0,0.0,1.0,1.0,0.08,0.06,0.0,255,19,0.07,0.06,0.0,0.0,0.0,0.0,1.0,1,19936.0
0,1,22,1,0,0,0,0,0,0,0,0,0,1,0.0,0.0,1.0,1.0,1.0,0.0,0.0,9,191,1.0,0.0,0.11,0.01,0.0,0.0,1.0,0,42910.0
0,1,46,5,0,0,0,0,0,0,0,0,0,191,1.0,1.0,0.0,0.0,0.02,0.06,0.0,230,3,0.01,0.07,0.0,0.0,0.94,1.0,0.0,1,6567.0
0,1,22,1,0,0,0,0,0,0,0,0,0,1,0.0,0.0,1.0,1.0,1.0,0.0,0.0,1,138,1.0,0.0,1.0,0.19,0.0,0.0,0.88,0,91190.0
0,1,46,1,0,0,0,0,0,0,0,0,0,1,0.0,0.0,1.0,1.0,1.0,0.0,0.0,22,2,0.05,1.0,0.05,1.0,0.0,0.0,1.0,1,117473.0
0,1,46,5,0,0,0,0,0,0,0,0,0,297,1.0,1.0,0.0,0.0,0.06,0.06,0.0,255,14,0.05,0.07,0.0,0.0,1.0,1.0,0.0,1,63970.0
0,1,51,9,978,439,0,0,1,0,0,0,0,1,0.0,0.0,0.0,0.0,1.0,0.0,0.0,255,12,0.05,0.02,0.0,0.0,0.88,0.0,0.0,0,105115.0
0,1,22,9,286,588,0,0,1,0,0,0,0,18,0.0,0.0,0.0,0.0,1.0,0.0,0.11,18,255,1.0,0.0,0.06,0.03,0.0,0.0,0.0,0,44767.0
0,1,22,9,319,1859,0,0,1,0,0,0,0,1,0.0,0.0,0.0,0.0,1.0,0.0,0.75,1,255,1.0,0.0,1.0,0.02,0.0,0.0,0.0,0,91428.0
6,1,51,9,1006,328,0,0,1,0,0,0,0,1,0.0,0.0,0.0,0.0,1.0,0.0,0.0,109,67,0.61,0.06,0.01,0.0,0.0,0.0,0.0,0,120370.0
0,1,46,5,0,0,0,0,0,0,0,0,0,213,1.0,1.0,0.0,0.0,0.07,0.05,0.0,255,14,0.05,0.06,0.0,0.0,1.0,1.0,0.0,1,2142.0
0,1,22,9,231,1287,0,0,1,0,0,0,0,18,0.0,0.0,0.0,0.0,1.0,0.0,0.0,255,255,1.0,0.0,0.0,0.0,0.0,0.0,0.0,0,15575.0
0,1,25,5,0,0,0,0,0,0,0,0,0,235,1.0,1.0,0.0,0.0,0.0,0.07,0.0,255,1,0.0,0.07,0.0,0.0,1.0,1.0,0.0,1,102816.0
0,1,22,9,247,2414,0,0,1,0,0,0,0,6,0.0,0.0,0.0,0.0,1.0,0.0,0.11,7,255,1.0,0.0,0.14,0.04,0.0,0.0,0.0,0,88044.0
0,1,48,5,0,0,0,0,0,0,0,0,0,266,1.0,1.0,0.0,0.0,0.03,0.06,0.0,255,9,0.04,0.07,0.0,0.0,1.0,1.0,0.0,1,71632.0
0,2,40,9,48,48,0,0,0,0,0,0,0,1,0.0,0.0,0.0,0.0,1.0,0.0,0.0,255,27,0.11,0.01,0.11,0.0,0.0,0.0,0.0,0,15040.0
0,1,46,5,0,0,0,0,0,0,0,0,0,254,1.0,1.0,0.0,0.0,0.08,0.06,0.0,255,8,0.03,0.06,0.0,0.0,1.0,1.0,0.0,1,88868.0
0,1,46,5,0,0,0,0,0,0,0,0,0,3,1.0,1.0,0.0,0.0,0.67,0.67,0.0,255,9,0.04,0.09,0.0,0.0,1.0,1.0,0.0,1,84217.0
0,0,14,9,1032,0,0,0,0,0,0,0,0,503,0.0,0.0,0.0,0.0,1.0,0.0,0.0,255,207,0.81,0.02,0.81,0.0,0.0,0.0,0.0,1,51398.0
0,1,46,5,0,0,0,0,0,0,0,0,0,207,1.0,1.0,0.0,0.0,0.06,0.07,0.0,255,28,0.11,0.07,0.0,0.0,1.0,1.0,0.0,1,113941.0
0,0,13,9,8,0,0,0,0,0,0,0,0,1,0.0,0.0,0.0,0.0,1.0,0.0,1.0,2,62,1.0,0.0,1.0,0.5,0.0,0.0,0.0,1,109845.0
0,1,46,5,0,0,0,0,0,0,0,0,0,79,1.0,1.0,0.0,0.0,0.2,0.06,0.0,255,17,0.07,0.07,0.0,0.0,1.0,1.0,0.0,1,124851.0
0,1,46,1,0,0,0,0,0,0,0,0,0,205,0.06,0.0,0.88,1.0,0.0,1.0,0.0,255,1,0.0,0.81,0.0,0.0,0.05,0.0,1.0,1,108636.0
0,1,22,9,319,1719,0,0,1,0,0,0,0,9,0.0,0.0,0.0,0.0,1.0,0.0,0.0,255,255,1.0,0.0,0.0,0.0,0.0,0.0,0.0,0,101496.0
0,1,19,5,0,0,0,0,0,0,0,0,0,36,1.0,1.0,0.0,0.0,0.17,0.11,0.0,255,53,0.21,0.04,0.01,0.0,1.0,1.0,0.0,1,43664.0
0,1,46,4,0,0,0,0,0,0,0,0,0,1,0.0,0.0,1.0,1.0,1.0,0.0,0.0,255,1,0.0,0.64,0.64,0.0,0.0,0.0,1.0,1,331.0
0,1,46,5,0,0,0,0,0,0,0,0,0,150,1.0,1.0,0.0,0.0,0.17,0.05,0.0,255,6,0.02,0.07,0.0,0.0,1.0,1.0,0.0,1,34875.0
0,1,46,1,0,0,0,0,0,0,0,0,0,244,0.0,0.0,1.0,1.0,0.07,0.07,0.0,255,18,0.07,0.07,0.0,0.0,0.0,0.0,1.0,1,65651.0
0,2,11,9,45,77,0,0,0,0,0,0,0,4,0.0,0.0,0.0,0.0,1.0,0.0,0.02,255,254,1.0,0.01,0.0,0.0,0.0,0.0,0.0,0,43022.0
0,1,46,5,0,0,0,0,0,0,0,0,0,215,1.0,1.0,0.0,0.0,0.03,0.06,0.0,255,5,0.02,0.08,0.0,0.0,1.0,1.0,0.0,1,115728.0
0,1,2,5,0,0,0,0,0,0,0,0,0,273,1.0,1.0,0.0,0.0,0.03,0.06,0.0,255,18,0.07,0.07,0.0,0.0,1.0,1.0,0.0,1,108393.0
314,1,57,9,243,1604,0,0,1,6,0,0,0,1,0.0,0.0,0.0,0.0,1.0,0.0,0.0,49,10,0.2,0.06,0.02,0.0,0.0,0.0,0.2,0,46462.0
0,1,22,9,308,318,0,0,1,0,0,0,0,2,0.0,0.05,0.0,0.05,1.0,0.0,0.38,255,255,1.0,0.0,0.0,0.0,0.0,0.0,0.0,0,68882.0
0,1,46,5,0,0,0,0,0,0,0,0,0,292,1.0,1.0,0.0,0.0,0.04,0.05,0.0,255,11,0.04,0.08,0.0,0.0,1.0,1.0,0.0,1,85271.0
20,1,18,9,236,769,0,4,1,0,0,0,0,1,0.0,0.0,0.0,0.0,1.0,0.0,0.0,21,6,0.29,0.1,0.05,0.0,0.0,0.0,0.0,0,8683.0
0,1,19,9,334,0,0,0,1,0,0,0,0,2,0.0,0.0,0.0,0.0,1.0,0.0,0.0,2,13,1.0,0.0,1.0,0.15,0.0,0.0,0.0,1,49955.0
0,2,41,9,147,0,0,0,0,0,0,0,0,3,0.0,0.0,0.0,0.0,0.33,0.67,0.0,255,2,0.01,0.81,0.99,0.0,0.0,0.0,0.0,0,57666.0
0,1,46,5,0,0,0,0,0,0,0,0,0,105,1.0,1.0,0.0,0.0,0.02,0.08,0.0,6,2,0.33,0.5,0.17,0.0,1.0,1.0,0.0,1,8966.0
0,2,11,9,33,95,0,0,0,0,0,0,0,2,0.0,0.0,0.0,0.0,1.0,0.0,0.0,232,171,0.74,0.02,0.01,0.0,0.0,0.0,0.0,0,79292.0
0,1,22,9,184,359,0,0,1,0,0,0,0,12,0.0,0.0,0.0,0.0,1.0,0.0,0.0,12,255,1.0,0.0,0.08,0.03,0.0,0.01,0.02,0,65353.0
0,1,22,9,256,788,0,0,1,0,0,0,0,3,0.0,0.0,0.0,0.0,1.0,0.0,0.0,175,255,1.0,0.0,0.01,0.01,0.0,0.0,0.0,0,117916.0
0,1,19,1,0,0,0,0,0,0,0,0,0,284,0.0,0.0,1.0,1.0,0.06,0.06,0.0,255,18,0.07,0.06,0.0,0.0,0.0,0.0,1.0,1,36196.0
0,1,22,9,245,1143,0,0,1,0,0,0,0,7,0.0,0.0,0.0,0.0,1.0,0.0,0.0,12,12,1.0,0.0,0.08,0.0,0.0,0.0,0.0,0,5821.0
0,1,16,5,0,0,0,0,0,0,0,0,0,140,1.0,1.0,0.0,0.0,0.03,0.06,0.0,255,4,0.02,0.05,0.0,0.0,1.0,1.0,0.0,1,3641.0
0,1,65,5,0,0,0,0,0,0,0,0,0,289,1.0,1.0,0.0,0.0,0.03,0.06,0.0,255,11,0.04,0.08,0.0,0.0,1.0,1.0,0.0,1,53843.0
0,1,46,5,0,0,0,0,0,0,0,0,0,261,1.0,1.0,0.0,0.0,0.02,0.07,0.0,255,6,0.02,0.09,0.0,0.0,1.0,1.0,0.0,1,79120.0
0,0,13,9,8,0,0,0,0,0,0,0,0,1,0.0,0.0,0.0,0.0,1.0,0.0,1.0,3,139,1.0,0.0,1.0,0.25,0.0,0.0,0.0,1,38831.0
0,2,11,9,37,53,0,0,0,0,0,0,0,3,0.0,0.0,0.0,0.0,1.0,0.0,0.5,255,255,1.0,0.0,0.01,0.0,0.0,0.0,0.0,0,79507.0
0,1,46,4,0,0,0,0,0,0,0,0,0,1,0.0,0.0,1.0,1.0,1.0,0.0,0.0,233,1,0.0,0.3,0.28,0.0,0.0,0.0,1.0,1,121581.0
1,1,18,9,1140,2445,0,28,1,0,0,0,0,1,0.0,0.0,0.0,0.0,1.0,0.0,0.0,255,116,0.45,0.02,0.0,0.0,0.0,0.0,0.0,0,67959.0
0,1,22,9,218,361,0,0,1,0,0,0,0,27,0.0,0.0,0.0,0.0,1.0,0.0,0.0,255,255,1.0,0.0,0.0,0.0,0.0,0.0,0.02,0,73625.0
0,1,22,9,262,7299,0,0,1,0,0,0,0,2,0.0,0.0,0.0,0.0,1.0,0.0,0.67,102,255,1.0,0.0,0.01,0.02,0.0,0.0,0.0,0,70938.0
0,1,19,5,0,0,0,0,0,0,0,0,0,59,0.98,1.0,0.02,0.0,0.22,0.08,0.0,255,33,0.13,0.05,0.01,0.0,1.0,1.0,0.0,1,68334.0
0,2,46,9,105,147,0,0,0,0,0,0,0,1,0.0,0.0,0.0,0.0,1.0,0.0,0.0,21,21,1.0,0.0,0.05,0.0,0.0,0.0,0.0,0,22247.0
0,1,46,1,0,0,0,0,0,0,0,0,0,103,0.0,0.0,1.0,1.0,0.03,0.08,0.0,128,3,0.02,0.08,0.01,0.0,0.0,0.0,1.0,1,22543.0
0,1,46,5,0,0,0,0,0,0,0,0,0,48,1.0,1.0,0.0,0.0,0.35,0.1,0.0,255,17,0.07,0.08,0.0,0.0,1.0,1.0,0.0,1,31913.0
9,1,51,9,744,282,0,0,1,0,0,0,0,1,0.0,0.0,0.0,0.0,1.0,0.0,0.0,166,98,0.57,0.05,0.01,0.02,0.01,0.01,0.0,0,13709.0
0,1,19,5,0,0,0,0,0,0,0,0,0,221,1.0,1.0,0.0,0.0,0.06,0.07,0.0,255,17,0.07,0.08,0.0,0.0,1.0,1.0,0.0,1,11095.0
0,1,22,9,296,394,0,0,1,0,0,0,0,4,0.25,0.1,0.0,0.0,1.0,0.0,0.2,255,255,1.0,0.0,0.0,0.0,0.01,0.01,0.0,0,30232.0
0,2,11,9,42,42,0,0,0,0,0,0,0,11,0.0,0.0,0.0,0.0,1.0,0.0,0.19,255,239,0.94,0.01,0.01,0.0,0.0,0.0,0.0,0,57621.0
0,1,19,9,192,0,0,0,0,0,0,0,0,2,0.0,0.0,0.0,0.0,1.0,0.0,0.0,187,68,0.21,0.02,0.21,0.03,0.0,0.0,0.0,0,13450.0
0,1,25,5,0,0,0,0,0,0,0,0,0,276,1.0,1.0,0.0,0.0,0.05,0.05,0.0,255,15,0.06,0.05,0.0,0.0,1.0,1.0,0.0,1,118712.0
0,1,25,1,0,0,0,0,0,0,0,0,0,229,0.0,0.0,1.0,1.0,0.0,0.07,0.0,255,1,0.0,0.08,0.0,0.0,0.0,0.0,1.0,1,91586.0
0,1,22,9,224,1556,0,0,1,0,0,0,0,13,0.0,0.0,0.0,0.0,1.0,0.0,0.17,89,249,1.0,0.0,0.01,0.04,0.0,0.0,0.0,0,111143.0
0,1,32,5,0,0,0,0,0,0,0,0,0,277,1.0,1.0,0.0,0.0,0.07,0.06,0.0,255,19,0.07,0.06,0.0,0.0,1.0,1.0,0.0,1,63947.0
0,1,15,1,0,0,0,0,0,0,0,0,0,119,0.0,0.0,1.0,1.0,0.14,0.06,0.0,255,17,0.07,0.06,0.0,0.0,0.0,0.0,1.0,1,110063.0
0,1,41,1,0,0,0,0,0,0,0,0,0,509,0.04,0.0,0.96,1.0,0.0,0.96,0.0,255,1,0.0,1.0,0.0,0.0,0.04,0.0,1.0,1,9504.0
0,1,5,5,0,0,0,0,0,0,0,0,0,135,1.0,1.0,0.0,0.0,0.01,0.06,0.0,255,3,0.01,0.07,0.0,0.0,1.0,1.0,0.0,1,91796.0
0,1,22,9,229,2318,0,0,1,0,0,0,0,15,0.0,0.0,0.0,0.0,1.0,0.0,0.0,15,255,1.0,0.0,0.07,0.04,0.0,0.0,0.0,0,88918.0
0,1,46,5,0,0,0,0,0,0,0,0,0,90,1.0,1.0,0.0,0.0,0.21,0.06,0.0,255,2,0.01,0.07,0.0,0.0,1.0,1.0,0.0,1,99186.0
0,1,51,5,0,0,0,0,0,0,0,0,0,29,1.0,1.0,0.0,0.0,0.17,0.17,0.0,255,14,0.05,0.08,0.0,0.0,1.0,1.0,0.0,1,39602.0
0,1,46,5,0,0,0,0,0,0,0,0,0,135,1.0,1.0,0.0,0.0,0.1,0.06,0.0,255,13,0.05,0.05,0.0,0.0,1.0,1.0,0.0,1,62548.0
0,1,22,9,225,1952,0,0,1,0,0,0,0,4,0.0,0.0,0.0,0.0,1.0,0.0,0.29,47,255,1.0,0.0,0.02,0.05,0.0,0.0,0.0,0,74009.0
0,1,22,9,204,2674,0,0,1,0,0,0,0,13,0.0,0.0,0.0,0.0,1.0,0.0,0.0,255,255,1.0,0.0,0.0,0.0,0.0,0.0,0.0,0,4348.0
0,2,11,9,45,45,0,0,0,0,0,0,0,16,0.0,0.0,0.0,0.0,1.0,0.0,0.0,255,253,0.99,0.01,0.0,0.0,0.0,0.0,0.0,0,19020.0
0,1,22,9,236,327,0,0,1,0,0,0,0,9,0.0,0.0,0.0,0.0,1.0,0.0,0.2,255,255,1.0,0.0,0.0,0.0,0.0,0.0,0.0,0,24650.0
0,1,4,1,0,0,0,0,0,0,0,0,0,208,0.0,0.0,1.0,1.0,0.02,0.07,0.0,255,4,0.02,0.08,0.0,0.0,0.0,0.0,1.0,1,79615.0
26090,1,46,4,1,0,0,0,0,0,0,0,0,2,0.0,0.0,1.0,1.0,1.0,0.0,0.0,255,2,0.01,0.72,1.0,0.0,0.0,0.0,1.0,1,15741.0
0,2,11,9,46,77,0,0,0,0,0,0,0,141,0.0,0.0,0.0,0.0,1.0,0.0,0.0,255,254,1.0,0.01,0.0,0.0,0.0,0.0,0.0,0,80044.0
0,1,22,9,243,912,0,0,1,0,0,0,0,11,0.0,0.0,0.0,0.0,1.0,0.0,0.12,52,255,1.0,0.0,0.02,0.02,0.0,0.0,0.0,0,94702.0
0,1,46,5,0,0,0,0,0,0,0,0,0,258,1.0,1.0,0.0,0.0,0.02,0.06,0.0,255,9,0.04,0.07,0.0,0.0,1.0,1.0,0.0,1,8088.0
0,1,22,9,297,2089,0,0,1,0,0,0,0,3,0.0,0.0,0.0,0.0,1.0,0.0,0.38,3,255,1.0,0.0,0.33,0.06,0.0,0.0,0.0,0,29236.0
0,1,8,5,0,0,0,0,0,0,0,0,0,290,1.0,1.0,0.0,0.0,0.02,0.06,0.0,255,11,0.04,0.08,0.0,0.0,1.0,1.0,0.0,1,31821.0
0,2,41,9,146,0,0,0,0,0,0,0,0,3,0.0,0.0,0.0,0.0,0.33,0.67,0.0,255,2,0.01,0.62,0.88,0.0,0.0,0.0,0.0,0,61968.0
0,1,57,5,0,0,0,0,0,0,0,0,0,61,1.0,1.0,0.0,0.0,0.23,0.07,0.0,255,61,0.24,0.02,0.01,0.0,1.0,1.0,0.0,1,70146.0
0,1,22,9,316,321,0,0,1,0,0,0,0,6,0.0,0.0,0.0,0.0,1.0,0.0,0.0,77,255,1.0,0.0,0.01,0.04,0.0,0.0,0.0,0,93505.0
0,2,11,9,46,74,0,0,0,0,0,0,0,266,0.0,0.0,0.0,0.0,1.0,0.0,0.0,255,254,1.0,0.01,0.0,0.0,0.0,0.0,0.0,0,107567.0
0,0,14,9,1032,0,0,0,0,0,0,0,0,511,0.0,0.0,0.0,0.0,1.0,0.0,0.0,255,52,0.2,0.21,0.2,0.0,0.0,0.0,0.0,1,35723.0
0,1,46,5,0,0,0,0,0,0,0,0,0,246,1.0,1.0,0.0,0.0,0.06,0.07,0.0,255,15,0.06,0.06,0.0,0.0,1.0,1.0,0.0,1,55579.0
0,1,19,9,334,0,0,0,1,0,0,0,0,1,0.0,0.0,0.0,0.0,1.0,0.0,0.0,12,24,1.0,0.0,1.0,0.17,0.0,0.0,0.0,1,94182.0
0,1,46,1,0,0,0,0,0,0,0,0,0,299,0.07,0.0,0.89,1.0,0.0,1.0,0.0,255,1,0.0,1.0,0.0,0.0,0.08,0.0,1.0,1,60868.0
0,0,62,9,78,0,0,0,0,0,0,0,0,12,0.0,0.0,0.0,0.0,0.25,0.17,0.33,255,11,0.04,0.01,0.04,0.0,0.0,0.0,0.0,0,19707.0
0,1,46,1,0,0,0,0,0,0,0,0,0,141,0.0,0.0,1.0,1.0,0.07,0.07,0.0,255,10,0.04,0.07,0.0,0.0,0.0,0.0,1.0,1,33913.0
0,2,11,9,44,150,0,0,0,0,0,0,0,169,0.0,0.0,0.0,0.0,1.0,0.0,0.01,255,253,0.99,0.01,0.0,0.0,0.0,0.0,0.0,0,117269.0
0,0,14,9,520,0,0,0,0,0,0,0,0,211,0.0,0.0,0.0,0.0,1.0,0.0,0.0,255,255,1.0,0.0,1.0,0.0,0.0,0.0,0.0,1,29905.0
0,1,19,9,334,0,0,0,1,0,0,0,0,1,0.0,0.0,0.0,0.0,1.0,0.0,0.0,10,47,1.0,0.0,1.0,0.11,0.0,0.0,0.0,1,22005.0
0,1,17,9,8,0,0,0,0,0,0,0,0,1,0.0,0.0,0.0,0.0,1.0,0.0,0.0,28,11,0.11,0.14,0.04,0.27,0.11,0.0,0.0,0,17448.0
0,1,21,5,0,0,0,0,0,0,0,0,0,257,1.0,1.0,0.0,0.0,0.04,0.05,0.0,255,9,0.04,0.05,0.0,0.0,1.0,1.0,0.0,1,58695.0
0,1,5,5,0,0,0,0,0,0,0,0,0,139,1.0,1.0,0.0,0.0,0.12,0.06,0.0,255,7,0.03,0.06,0.0,0.0,1.0,1.0,0.0,1,85042.0
0,1,17,9,7,491,0,0,0,0,0,0,0,1,0.0,0.0,0.0,0.0,1.0,0.0,0.0,178,9,0.02,0.02,0.01,0.22,0.0,0.0,0.22,0,21297.0
0,0,13,9,18,0,0,0,0,0,0,0,0,1,0.0,0.0,0.0,0.0,1.0,0.0,0.0,2,230,1.0,0.0,1.0,0.25,0.0,0.0,0.0,1,95304.0
0,1,46,5,0,0,0,0,0,0,0,0,0,140,1.0,1.0,0.0,0.0,0.16,0.06,0.0,255,23,0.09,0.07,0.0,0.0,1.0,1.0,0.0,1,110810.0
0,1,46,1,0,0,0,0,0,0,0,0,0,221,0.0,0.0,1.0,1.0,0.02,0.07,0.0,255,5,0.02,0.07,0.0,0.0,0.0,0.0,1.0,1,26789.0
0,1,46,1,0,0,0,0,0,0,0,0,0,283,0.07,0.0,0.88,1.0,0.0,1.0,0.0,255,1,0.0,1.0,0.0,0.0,0.08,0.0,1.0,1,19709.0
1,2,46,9,105,147,0,0,0,0,0,0,0,2,0.0,0.0,0.0,0.0,1.0,0.0,0.0,14,14,1.0,0.0,0.14,0.0,0.0,0.0,0.0,0,21364.0
0,1,41,1,0,0,0,0,0,0,0,0,0,401,0.09,0.0,0.91,1.0,0.0,1.0,0.0,255,1,0.0,1.0,0.0,0.0,0.11,0.0,1.0,1,31470.0
0,1,22,9,217,6163,0,0,1,0,0,0,0,10,0.0,0.0,0.0,0.0,1.0,0.0,0.0,45,255,1.0,0.0,0.02,0.02,0.02,0.0,0.09,0,17218.0
0,1,22,9,207,551,0,0,1,0,0,0,0,7,0.0,0.0,0.0,0.0,1.0,0.0,0.14,31,255,1.0,0.0,0.03,0.02,0.0,0.0,0.0,0,112807.0
0,1,3,1,0,0,0,0,0,0,0,0,0,1,0.0,0.0,1.0,1.0,1.0,0.0,0.0,41,3,0.07,0.12,0.02,0.0,0.05,0.0,1.0,0,58260.0
0,1,36,1,0,0,0,0,0,0,0,0,0,105,0.0,0.0,1.0,1.0,0.04,0.08,0.0,255,4,0.02,0.08,0.0,0.0,0.0,0.0,1.0,1,103626.0
0,1,22,9,251,50944,0,0,1,0,0,0,0,2,0.0,0.0,0.0,0.0,1.0,0.0,0.0,20,255,1.0,0.0,0.05,0.04,0.0,0.0,0.0,0,114851.0
0,1,22,9,218,7956,0,0,1,0,0,0,0,2,0.0,0.0,0.0,0.0,1.0,0.0,0.67,22,255,1.0,0.0,0.05,0.06,0.0,0.0,0.0,0,108371.0
0,1,22,9,275,498,0,0,1,0,0,0,0,6,0.0,0.0,0.0,0.0,1.0,0.0,0.0,24,122,1.0,0.0,0.04,0.02,0.0,0.0,0.0,0,76695.0
0,1,22,9,312,1198,0,0,1,0,0,0,0,3,0.0,0.0,0.0,0.0,1.0,0.0,0.0,255,255,1.0,0.0,0.01,0.0,0.0,0.0,0.0,0,114907.0
0,1,46,5,0,0,0,0,0,0,0,0,0,224,1.0,1.0,0.0,0.0,0.08,0.06,0.0,255,19,0.07,0.07,0.0,0.0,1.0,1.0,0.0,1,66244.0
0,1,46,1,0,0,0,0,0,0,0,0,0,1,0.0,0.0,1.0,1.0,1.0,0.0,0.0,255,1,0.0,1.0,1.0,0.0,0.05,0.0,1.0,1,88938.0
0,1,57,5,0,0,0,0,0,0,0,0,0,1,1.0,1.0,0.0,0.0,1.0,0.0,0.0,201,42,0.2,0.02,0.0,0.05,1.0,0.98,0.0,1,34265.0
0,1,15,5,0,0,0,0,0,0,0,0,0,144,1.0,1.0,0.0,0.0,0.11,0.06,0.0,255,16,0.06,0.06,0.0,0.0,1.0,1.0,0.0,1,26425.0
0,1,33,1,0,0,0,0,0,0,0,0,0,213,0.0,0.0,1.0,1.0,0.03,0.07,0.0,255,23,0.09,0.07,0.0,0.0,0.0,0.0,1.0,1,33062.0
0,1,46,5,0,0,0,0,0,0,0,0,0,125,1.0,1.0,0.0,0.0,0.06,0.06,0.0,255,13,0.05,0.06,0.0,0.0,1.0,1.0,0.0,1,89299.0
0,1,19,9,12,0,0,0,1,0,0,0,0,1,0.0,0.0,0.0,0.0,1.0,0.0,0.0,25,95,0.72,0.08,0.72,0.02,0.0,0.0,0.0,0,2369.0
0,1,46,5,0,0,0,0,0,0,0,0,0,254,1.0,1.0,0.0,0.0,0.03,0.06,0.0,255,7,0.03,0.09,0.0,0.0,1.0,1.0,0.0,1,41435.0
35,1,51,9,627,333,0,0,1,0,0,0,0,1,0.0,0.0,0.0,0.0,1.0,0.0,0.0,169,110,0.65,0.08,0.01,0.0,0.01,0.0,0.0,0,42899.0
0,1,3,5,0,0,0,0,0,0,0,0,0,229,1.0,1.0,0.0,0.0,0.08,0.05,0.0,255,19,0.07,0.05,0.0,0.0,1.0,1.0,0.0,1,110508.0
0,1,19,9,1830,0,0,0,1,0,0,0,0,4,0.0,0.0,0.0,0.0,1.0,0.0,0.0,191,40,0.21,0.03,0.21,0.0,0.0,0.0,0.0,0,37642.0
30357,1,27,4,1,0,0,0,0,0,0,0,0,2,0.0,0.0,1.0,1.0,1.0,0.0,0.0,255,2,0.01,0.67,1.0,0.0,0.0,0.0,1.0,1,38807.0
0,1,18,5,0,0,0,0,0,0,0,0,0,230,1.0,1.0,0.0,0.0,0.01,0.06,0.0,255,2,0.01,0.06,0.0,0.0,1.0,1.0,0.0,1,41413.0
0,1,55,1,0,0,0,0,0,0,0,0,0,269,0.0,0.0,1.0,1.0,0.07,0.06,0.0,255,20,0.08,0.07,0.0,0.0,0.0,0.0,1.0,1,67543.0
0,1,46,5,0,0,0,0,0,0,0,0,0,110,1.0,1.0,0.0,0.0,0.17,0.06,0.0,163,19,0.12,0.07,0.01,0.0,1.0,1.0,0.0,1,68497.0
0,2,11,9,45,130,0,0,0,0,0,0,0,68,0.0,0.0,0.0,0.0,1.0,0.0,0.01,255,254,1.0,0.01,0.0,0.0,0.0,0.0,0.0,0,30963.0
0,1,22,9,251,232,0,0,1,0,0,0,0,5,0.0,0.0,0.0,0.0,1.0,0.0,0.0,21,255,1.0,0.0,0.05,0.06,0.0,0.0,0.0,0,20966.0
0,1,46,5,0,0,0,0,0,0,0,0,0,134,1.0,1.0,0.0,0.0,0.08,0.06,0.0,255,15,0.06,0.05,0.0,0.0,1.0,1.0,0.0,1,38662.0
0,2,11,9,45,111,0,0,0,0,0,0,0,4,0.0,0.0,0.0,0.0,1.0,0.0,0.4,255,251,0.98,0.01,0.0,0.0,0.0,0.0,0.0,0,29137.0
0,2,41,9,147,147,0,0,0,0,0,0,0,1,0.0,0.0,0.0,0.0,1.0,0.0,0.0,255,3,0.01,0.47,0.93,0.0,0.0,0.0,0.0,0,75839.0
0,1,3,5,0,0,0,0,0,0,0,0,0,297,1.0,1.0,0.0,0.0,0.05,0.06,0.0,255,15,0.06,0.07,0.0,0.0,1.0,1.0,0.0,1,78067.0
0,1,22,9,224,3073,0,0,1,0,0,0,0,2,0.0,0.0,0.0,0.0,1.0,0.0,0.45,50,255,1.0,0.0,0.02,0.05,0.0,0.0,0.0,0,42221.0
0,1,22,9,242,256,0,0,1,0,0,0,0,7,0.0,0.0,0.0,0.0,1.0,0.0,0.0,18,255,1.0,0.0,0.06,0.03,0.0,0.0,0.0,0,65354.0
0,1,38,5,0,0,0,0,0,0,0,0,0,111,1.0,1.0,0.0,0.0,0.04,0.07,0.0,255,4,0.02,0.08,0.0,0.0,1.0,1.0,0.0,1,33592.0
0,1,46,5,0,0,0,0,0,0,0,0,0,130,1.0,1.0,0.0,0.0,0.07,0.06,0.0,135,12,0.09,0.11,0.01,0.0,1.0,1.0,0.0,1,12116.0
0,1,22,9,331,479,0,0,1,0,0,0,0,6,0.0,0.0,0.0,0.0,1.0,0.0,0.0,68,255,1.0,0.0,0.01,0.01,0.0,0.0,0.0,0,60954.0
0,0,14,9,1032,0,0,0,0,0,0,0,0,511,0.0,0.0,0.0,0.0,1.0,0.0,0.0,132,38,0.29,0.05,0.29,0.0,0.02,0.0,0.0,1,124926.0
0,1,22,5,0,0,0,0,0,0,0,0,0,7,1.0,1.0,0.0,0.0,0.57,0.43,0.0,255,55,0.22,0.02,0.0,0.0,1.0,1.0,0.0,1,116127.0
0,1,22,9,269,715,0,0,1,0,0,0,0,1,0.0,0.0,0.0,0.0,1.0,0.0,0.0,255,254,1.0,0.01,0.0,0.0,0.0,0.0,0.0,0,74022.0
0,1,46,5,0,0,0,0,0,0,0,0,0,92,1.0,1.0,0.0,0.0,0.04,0.08,0.0,255,5,0.02,0.07,0.0,0.0,1.0,1.0,0.0,1,94042.0
0,1,26,5,0,0,0,0,0,0,0,0,0,230,1.0,1.0,0.0,0.0,0.05,0.06,0.0,255,12,0.05,0.06,0.0,0.0,1.0,1.0,0.0,1,53603.0
0,1,22,9,144,1569,0,0,1,0,0,0,0,5,0.0,0.0,0.0,0.0,1.0,0.0,0.0,5,255,1.0,0.0,0.2,0.05,0.0,0.0,0.0,0,123454.0
0,0,14,9,520,0,0,0,0,0,0,0,0,88,0.0,0.0,0.0,0.0,1.0,0.0,0.0,255,255,1.0,0.0,1.0,0.0,0.0,0.0,0.0,1,57381.0
0,1,38,5,0,0,0,0,0,0,0,0,0,105,1.0,1.0,0.0,0.0,0.11,0.06,0.0,255,9,0.04,0.05,0.0,0.0,1.0,1.0,0.0,1,124177.0
0,0,13,9,8,0,0,0,0,0,0,0,0,1,0.0,0.0,0.0,0.0,1.0,0.0,1.0,1,31,1.0,0.0,1.0,0.52,0.0,0.0,0.0,1,28684.0
0,1,26,5,0,0,0,0,0,0,0,0,0,244,1.0,1.0,0.0,0.0,0.02,0.07,0.0,255,4,0.02,0.07,0.0,0.0,1.0,1.0,0.0,1,71596.0
0,2,46,9,1,0,0,0,0,0,0,0,0,12,0.0,0.0,0.0,0.0,0.92,0.17,0.0,255,11,0.04,0.23,1.0,0.0,0.0,0.0,0.0,1,120883.0
0,2,46,9,28,0,3,0,0,0,0,0,0,70,0.0,0.0,0.0,0.0,1.0,0.0,0.0,255,70,0.27,0.04,0.27,0.0,0.02,0.0,0.0,1,47846.0
0,1,15,5,0,0,0,0,0,0,0,0,0,145,1.0,1.0,0.0,0.0,0.12,0.06,0.0,255,17,0.07,0.05,0.0,0.0,1.0,1.0,0.0,1,48483.0
0,1,22,9,231,1462,0,0,1,0,0,0,0,27,0.0,0.0,0.0,0.0,1.0,0.0,0.0,255,255,1.0,0.0,0.0,0.0,0.0,0.0,0.01,0,95446.0
1,1,51,9,1405,326,0,0,1,0,0,0,0,1,0.0,0.0,0.0,0.0,1.0,0.0,0.0,43,130,0.51,0.12,0.02,0.02,0.0,0.0,0.0,0,76242.0
1,1,51,9,1802,328,0,0,1,0,0,0,0,1,0.0,0.0,0.0,0.0,1.0,0.0,1.0,208,131,0.51,0.02,0.0,0.02,0.0,0.0,0.0,0,114344.0
0,1,20,5,0,0,0,0,0,0,0,0,0,268,1.0,1.0,0.0,0.0,0.09,0.05,0.0,255,25,0.1,0.05,0.0,0.0,1.0,1.0,0.0,1,13137.0
0,0,13,9,8,0,0,0,0,0,0,0,0,1,0.0,0.0,0.0,0.0,1.0,0.0,1.0,2,86,1.0,0.0,1.0,0.5,0.0,0.0,0.0,1,64037.0
0,1,51,9,878,330,0,0,1,0,0,0,0,3,0.0,0.0,0.0,0.0,0.33,0.67,1.0,97,151,0.49,0.05,0.01,0.01,0.0,0.0,0.0,0,110895.0
0,1,19,5,0,0,0,0,0,0,0,0,0,293,1.0,1.0,0.0,0.0,0.02,0.05,0.0,255,6,0.02,0.05,0.0,0.0,1.0,1.0,0.0,1,58103.0
0,1,22,9,211,15404,0,0,1,0,0,0,0,4,0.0,0.0,0.0,0.0,1.0,0.0,0.25,255,255,1.0,0.0,0.0,0.0,0.0,0.0,0.0,0,71759.0
0,1,22,9,225,284,0,0,1,0,0,0,0,40,0.0,0.0,0.0,0.0,1.0,0.0,0.0,255,255,1.0,0.0,0.0,0.0,0.0,0.0,0.0,0,13795.0
0,2,11,9,45,138,0,0,0,0,0,0,0,121,0.0,0.0,0.0,0.0,1.0,0.0,0.0,255,255,1.0,0.0,0.0,0.0,0.0,0.0,0.0,0,67418.0
0,1,46,1,0,0,0,0,0,0,0,0,0,257,0.08,0.0,0.87,1.0,0.0,1.0,0.0,255,1,0.0,1.0,0.0,0.0,0.08,0.0,1.0,1,100442.0
411,1,57,9,398,11542,0,0,1,2,0,0,0,1,0.0,0.0,0.0,0.0,1.0,0.0,0.0,249,111,0.45,0.01,0.0,0.0,0.8,0.9,0.0,0,31764.0
0,1,46,5,0,0,0,0,0,0,0,0,0,203,1.0,1.0,0.0,0.0,0.01,0.07,0.0,255,2,0.01,0.06,0.0,0.0,1.0,1.0,0.0,1,11968.0
0,1,46,1,0,0,0,0,0,0,0,0,0,46,0.0,0.0,1.0,1.0,0.43,0.07,0.0,255,17,0.07,0.07,0.0,0.0,0.0,0.0,1.0,1,37799.0
0,1,22,9,465,9067,0,0,1,0,0,0,0,2,0.0,0.0,0.0,0.0,1.0,0.0,0.0,255,255,1.0,0.0,0.0,0.0,0.0,0.0,0.0,0,4698.0
0,1,22,9,319,770,0,0,1,0,0,0,0,12,0.0,0.0,0.0,0.0,1.0,0.0,0.0,61,255,1.0,0.0,0.02,0.01,0.0,0.0,0.0,0,10567.0
0,2,11,9,42,42,0,0,0,0,0,0,0,68,0.0,0.0,0.0,0.0,1.0,0.0,0.03,255,254,1.0,0.01,0.01,0.0,0.0,0.0,0.0,0,72116.0
0,1,22,9,199,419,0,0,1,0,0,0,0,6,0.0,0.0,0.0,0.0,1.0,0.0,0.22,42,255,1.0,0.0,0.02,0.05,0.0,0.0,0.0,0,51629.0
0,0,14,9,1032,0,0,0,0,0,0,0,0,511,0.0,0.0,0.0,0.0,1.0,0.0,0.0,255,218,0.85,0.01,0.85,0.0,0.0,0.0,0.0,1,66722.0
0,1,19,9,567,0,0,0,0,0,0,0,0,1,0.0,0.0,0.0,0.0,1.0,0.0,0.0,34,29,0.18,0.18,0.18,0.07,0.0,0.0,0.0,0,48269.0
0,1,22,9,297,9317,0,0,1,0,0,0,0,2,0.0,0.0,0.0,0.0,1.0,0.0,0.06,124,255,1.0,0.0,0.01,0.02,0.0,0.0,0.0,0,14985.0
0,1,20,5,0,0,0,0,0,0,0,0,0,226,1.0,1.0,0.0,0.0,0.01,0.08,0.0,255,3,0.01,0.07,0.0,0.0,1.0,1.0,0.0,1,12245.0
0,1,46,5,0,0,0,0,0,0,0,0,0,155,1.0,1.0,0.0,0.0,0.03,0.08,0.0,255,5,0.02,0.07,0.0,0.0,1.0,1.0,0.0,1,102808.0
0,1,56,5,0,0,0,0,0,0,0,0,0,234,1.0,1.0,0.0,0.0,0.01,0.06,0.0,255,3,0.01,0.07,0.0,0.0,1.0,1.0,0.0,1,10662.0
0,1,46,5,0,0,0,0,0,0,0,0,0,224,1.0,1.0,0.0,0.0,0.07,0.04,0.0,255,15,0.06,0.05,0.0,0.0,1.0,1.0,0.0,1,31990.0
0,0,13,9,30,0,0,0,0,0,0,0,0,1,0.0,0.0,0.0,0.0,1.0,0.0,0.0,250,250,1.0,0.0,1.0,0.0,0.0,0.0,0.0,0,118818.0
0,1,46,1,0,0,0,0,0,0,0,0,0,197,0.02,0.0,0.95,1.0,0.01,1.0,0.0,255,1,0.0,0.8,0.0,0.0,0.01,0.0,1.0,1,114257.0
0,1,46,5,0,0,0,0,0,0,0,0,0,287,1.0,1.0,0.0,0.0,0.05,0.06,0.0,255,7,0.03,0.07,0.0,0.0,1.0,1.0,0.0,1,77245.0
0,0,13,9,8,0,0,0,0,0,0,0,0,1,0.0,0.0,0.0,0.0,1.0,0.0,1.0,2,228,1.0,0.0,1.0,0.5,0.0,0.0,0.0,1,70327.0
0,1,8,5,0,0,0,0,0,0,0,0,0,202,1.0,1.0,0.0,0.0,0.0,0.06,0.0,255,1,0.0,0.06,0.0,0.0,1.0,1.0,0.0,1,84254.0
0,1,46,5,0,0,0,0,0,0,0,0,0,125,1.0,1.0,0.0,0.0,0.15,0.06,0.0,255,17,0.07,0.07,0.0,0.0,1.0,1.0,0.0,1,12900.0
0,1,22,1,0,0,0,0,0,0,0,0,0,1,0.0,0.0,1.0,1.0,1.0,0.0,0.0,8,60,1.0,0.0,0.12,0.03,0.0,0.02,0.98,0,76049.0
5,1,53,9,651,9615,0,0,0,0,0,0,0,1,0.0,0.0,0.0,0.0,1.0,0.0,0.0,110,1,0.01,0.04,0.01,0.0,0.0,0.0,0.0,0,31258.0
0,2,11,9,44,130,0,0,0,0,0,0,0,75,0.0,0.0,0.0,0.0,1.0,0.0,0.01,255,239,0.94,0.01,0.0,0.0,0.0,0.0,0.0,0,106721.0
0,1,52,1,0,0,0,0,0,0,0,0,0,298,0.0,0.0,1.0,1.0,0.06,0.05,0.0,255,18,0.07,0.06,0.0,0.0,0.0,0.0,1.0,1,67573.0
0,1,22,9,206,2097,0,0,1,0,0,0,0,5,0.0,0.0,0.0,0.0,1.0,0.0,0.0,23,255,1.0,0.0,0.04,0.04,0.0,0.0,0.0,0,75336.0
0,1,51,9,126,237,0,0,1,0,0,0,0,1,0.0,0.0,0.0,0.0,1.0,0.0,0.0,109,81,0.25,0.65,0.01,0.02,0.0,0.0,0.0,0,97567.0
0,2,11,9,45,71,0,0,0,0,0,0,0,191,0.0,0.0,0.0,0.0,1.0,0.0,0.0,255,229,0.9,0.01,0.0,0.0,0.0,0.0,0.0,0,72778.0
0,2,11,9,43,130,0,0,0,0,0,0,0,80,0.0,0.0,0.0,0.0,1.0,0.0,0.01,255,218,0.85,0.02,0.0,0.0,0.0,0.0,0.0,0,13598.0
0,1,22,9,194,7197,0,0,1,0,0,0,0,2,0.0,0.0,0.0,0.0,1.0,0.0,0.0,2,255,1.0,0.0,0.5,0.04,0.0,0.0,0.0,0,6966.0
0,2,41,9,1,0,0,0,0,0,0,0,0,16,0.0,0.0,0.0,0.0,0.38,0.19,0.0,255,6,0.02,0.15,0.45,0.0,0.0,0.0,0.0,1,120083.0
0,1,19,5,0,0,0,0,0,0,0,0,0,26,1.0,1.0,0.0,0.0,0.27,0.15,0.0,255,38,0.15,0.05,0.01,0.0,1.0,1.0,0.0,1,123733.0
0,1,22,9,354,1695,0,0,1,0,0,0,0,7,0.0,0.0,0.0,0.0,1.0,0.0,0.0,255,255,1.0,0.0,0.0,0.0,0.0,0.0,0.0,0,46061.0
0,1,19,5,0,0,0,0,0,0,0,0,0,31,1.0,1.0,0.0,0.0,0.13,0.13,0.0,255,44,0.17,0.03,0.0,0.0,1.0,1.0,0.0,1,86574.0
0,1,19,9,383,0,0,0,1,0,0,0,0,2,0.0,0.0,0.0,0.0,1.0,0.0,0.5,142,14,0.02,0.03,0.02,0.14,0.0,0.0,0.0,0,2101.0
0,1,46,5,0,0,0,0,0,0,0,0,0,361,0.04,1.0,0.94,0.0,0.0,1.0,0.0,255,1,0.0,1.0,0.0,0.0,0.06,1.0,0.0,1,103403.0
0,1,57,5,0,0,0,0,0,0,0,0,0,23,0.96,1.0,0.04,0.0,0.09,0.13,0.0,255,4,0.02,0.06,0.01,0.0,1.0,1.0,0.0,1,114490.0
0,1,33,5,0,0,0,0,0,0,0,0,0,126,1.0,1.0,0.0,0.0,0.05,0.06,0.0,255,15,0.06,0.06,0.0,0.0,1.0,1.0,0.0,1,104184.0
0,1,60,5,0,0,0,0,0,0,0,0,0,293,1.0,1.0,0.0,0.0,0.08,0.05,0.0,255,23,0.09,0.05,0.0,0.0,1.0,1.0,0.0,1,28296.0
0,1,22,5,0,0,0,0,0,0,0,0,0,238,1.0,1.0,0.0,0.0,0.0,0.07,0.0,255,1,0.0,0.07,0.0,0.0,1.0,1.0,0.0,1,42383.0
0,1,46,5,0,0,0,0,0,0,0,0,0,283,1.0,1.0,0.0,0.0,0.06,0.06,0.0,255,2,0.01,0.09,0.0,0.0,1.0,1.0,0.0,1,117989.0
0,1,22,1,0,0,0,0,0,0,0,0,0,1,0.0,0.0,1.0,1.0,1.0,0.0,0.0,1,120,1.0,0.0,1.0,0.22,0.0,0.0,1.0,0,15290.0
0,0,13,9,8,0,0,0,0,0,0,0,0,1,0.0,0.0,0.0,0.0,1.0,0.0,1.0,2,42,1.0,0.0,1.0,0.5,0.0,0.0,0.0,1,113145.0
0,1,57,5,0,0,0,0,0,0,0,0,0,227,1.0,1.0,0.0,0.0,0.06,0.07,0.0,255,13,0.05,0.07,0.0,0.0,1.0,1.0,0.0,1,83435.0
0,1,22,9,338,327,0,0,1,0,0,0,0,3,0.0,0.0,0.0,0.0,1.0,0.0,0.21,123,255,1.0,0.0,0.01,0.01,0.0,0.0,0.0,0,8156.0
0,1,22,9,310,3222,0,0,1,0,0,0,0,2,0.0,0.0,0.0,0.0,1.0,0.0,0.0,255,246,0.96,0.01,0.0,0.0,0.0,0.0,0.0,0,64599.0
0,1,51,9,1116,335,0,0,1,0,0,0,0,1,0.0,0.0,0.0,0.0,1.0,0.0,0.0,125,116,0.61,0.05,0.01,0.02,0.0,0.0,0.0,0,39456.0
6,1,46,4,0,0,0,0,0,0,0,0,0,1,0.0,0.0,1.0,1.0,1.0,0.0,0.0,255,1,0.0,0.77,0.77,0.0,0.0,0.0,1.0,1,9126.0
1,1,51,9,1303,331,0,0,1,0,0,0,0,1,0.0,0.0,0.0,0.0,1.0,0.0,0.0,140,129,0.45,0.03,0.01,0.02,0.0,0.0,0.05,0,61290.0
0,1,21,5,0,0,0,0,0,0,0,0,0,193,1.0,1.0,0.0,0.0,0.01,0.07,0.0,255,2,0.01,0.07,0.0,0.0,1.0,1.0,0.0,1,21731.0
0,0,62,9,78,0,0,0,0,0,0,0,0,11,0.0,0.0,0.0,0.0,0.18,0.18,0.0,255,8,0.03,0.01,0.03,0.0,0.0,0.0,0.0,0,61245.0
0,2,11,9,46,46,0,0,0,0,0,0,0,2,0.0,0.0,0.0,0.0,1.0,0.0,0.6,255,252,0.99,0.01,0.01,0.0,0.0,0.0,0.0,0,74497.0
0,1,27,1,0,0,0,0,0,0,0,0,0,149,0.0,0.0,1.0,1.0,0.07,0.05,0.0,255,11,0.04,0.06,0.0,0.0,0.0,0.0,1.0,1,80444.0
0,1,22,9,216,12425,0,0,1,0,0,0,0,2,0.0,0.0,0.0,0.0,1.0,0.0,0.15,255,255,1.0,0.0,0.0,0.0,0.0,0.0,0.0,0,86913.0
0,1,22,9,237,37746,0,0,1,0,0,0,0,2,0.0,0.0,0.0,0.0,1.0,0.0,0.0,28,255,1.0,0.0,0.04,0.01,0.0,0.0,0.0,0,38275.0
12,2,11,9,96,31,0,0,0,0,0,0,0,2,0.0,0.0,0.0,0.0,0.5,1.0,0.0,7,5,0.71,0.29,0.71,0.0,0.0,0.0,0.0,0,19704.0
0,1,22,1,0,0,0,0,0,0,0,0,0,212,0.0,0.0,1.0,1.0,0.03,0.07,0.0,255,6,0.02,0.08,0.0,0.0,0.0,0.0,1.0,1,90443.0
0,1,20,5,0,0,0,0,0,0,0,0,0,235,1.0,1.0,0.0,0.0,0.02,0.06,0.0,255,1,0.0,0.09,0.0,0.0,1.0,1.0,0.0,1,116002.0
0,1,51,9,1776,495,0,0,1,0,0,0,0,1,0.0,0.0,0.0,0.0,1.0,0.0,1.0,255,28,0.11,0.02,0.0,0.0,0.0,0.0,0.0,0,21920.0
0,1,22,9,285,5930,0,0,1,0,0,0,0,3,0.33,0.25,0.0,0.0,1.0,0.0,0.5,255,255,1.0,0.0,0.0,0.0,0.0,0.0,0.0,0,57824.0
0,0,62,9,78,0,0,0,0,0,0,0,0,9,0.0,0.0,0.0,0.0,0.33,0.22,0.0,255,20,0.08,0.01,0.08,0.0,0.0,0.0,0.0,0,105898.0
0,1,46,5,0,0,0,0,0,0,0,0,0,285,1.0,1.0,0.0,0.0,0.04,0.06,0.0,255,12,0.05,0.08,0.0,0.0,1.0,1.0,0.0,1,48230.0
0,1,38,5,0,0,0,0,0,0,0,0,0,132,1.0,1.0,0.0,0.0,0.11,0.06,0.0,255,14,0.05,0.07,0.0,0.0,1.0,1.0,0.0,1,83729.0
0,1,46,5,0,0,0,0,0,0,0,0,0,138,1.0,1.0,0.0,0.0,0.08,0.06,0.0,255,8,0.03,0.07,0.0,0.0,1.0,1.0,0.0,1,9978.0
0,2,11,9,43,70,0,0,0,0,0,0,0,180,0.0,0.0,0.0,0.0,0.99,0.01,0.0,255,254,1.0,0.01,0.01,0.0,0.0,0.0,0.0,0,88130.0
0,2,11,9,43,92,0,0,0,0,0,0,0,269,0.0,0.0,0.0,0.0,1.0,0.0,0.01,255,226,0.89,0.01,0.0,0.0,0.0,0.0,0.0,0,32835.0
0,1,22,9,321,3200,0,0,1,0,0,0,0,5,0.0,0.0,0.0,0.0,1.0,0.0,0.15,6,255,1.0,0.0,0.17,0.01,0.0,0.0,0.0,0,40335.0
0,2,41,9,1,0,0,0,0,0,0,0,0,8,0.0,0.0,0.0,0.0,1.0,0.0,0.0,255,8,0.03,0.15,0.42,0.0,0.0,0.0,0.0,1,23102.0
0,1,9,2,0,0,0,0,0,0,0,0,0,274,0.0,0.0,1.0,1.0,0.07,0.06,0.0,255,20,0.08,0.06,0.0,0.0,0.0,0.0,1.0,1,89281.0
0,0,14,9,1032,0,0,0,0,0,0,0,0,17,0.0,0.0,0.0,0.0,1.0,0.0,0.0,255,17,0.07,0.02,0.07,0.0,0.0,0.0,0.0,1,6731.0
0,1,51,9,2069,483,0,0,1,0,0,0,0,1,0.0,0.0,0.0,0.0,1.0,0.0,1.0,255,1,0.0,0.01,0.0,0.0,0.0,0.0,0.0,0,78983.0
0,1,46,5,0,0,0,0,0,0,0,0,0,140,1.0,1.0,0.0,0.0,0.03,0.06,0.0,255,29,0.11,0.06,0.0,0.0,1.0,1.0,0.0,1,80192.0
0,2,46,9,105,147,0,0,0,0,0,0,0,1,0.0,0.0,0.0,0.0,1.0,0.0,0.0,248,246,0.99,0.01,0.0,0.0,0.0,0.0,0.0,0,111056.0
0,1,29,5,0,0,0,0,0,0,0,0,0,99,1.0,1.0,0.0,0.0,0.12,0.06,0.0,255,20,0.08,0.07,0.0,0.0,1.0,1.0,0.0,1,26725.0
0,1,22,9,307,1075,0,0,1,0,0,0,0,7,0.0,0.0,0.0,0.12,1.0,0.0,0.25,125,112,0.9,0.02,0.01,0.0,0.0,0.0,0.0,0,84086.0
0,2,11,9,45,141,0,0,0,0,0,0,0,117,0.0,0.0,0.0,0.0,1.0,0.0,0.01,255,255,1.0,0.0,0.0,0.0,0.0,0.0,0.0,0,40127.0
0,1,46,1,0,0,0,0,0,0,0,0,0,356,0.0,0.0,1.0,1.0,0.0,0.52,0.0,255,1,0.0,0.52,1.0,0.0,0.0,0.0,1.0,1,2560.0
0,1,30,5,0,0,0,0,0,0,0,0,0,254,1.0,1.0,0.0,0.0,0.07,0.05,0.0,255,18,0.07,0.05,0.0,0.0,1.0,1.0,0.0,1,10884.0
0,1,46,1,0,0,0,0,0,0,0,0,0,260,0.0,0.0,1.0,1.0,0.06,0.07,0.0,255,15,0.06,0.07,0.0,0.0,0.0,0.0,1.0,1,68531.0
0,2,11,9,46,76,0,0,0,0,0,0,0,114,0.0,0.0,0.0,0.0,0.99,0.02,0.0,255,254,1.0,0.01,0.01,0.0,0.0,0.0,0.0,0,119255.0
0,1,22,9,223,366,0,0,1,0,0,0,0,14,0.0,0.0,0.0,0.0,1.0,0.0,0.13,134,250,1.0,0.0,0.01,0.09,0.0,0.0,0.37,0,27830.0
0,1,22,1,0,0,0,0,0,0,0,0,0,13,0.0,0.0,0.69,0.69,1.0,0.0,0.0,31,111,1.0,0.0,0.03,0.18,0.0,0.0,0.96,0,107215.0
0,1,22,9,291,13599,0,0,1,0,0,0,0,19,0.0,0.0,0.0,0.0,1.0,0.0,0.1,255,255,1.0,0.0,0.0,0.0,0.0,0.0,0.0,0,7625.0
0,1,60,5,0,0,0,0,0,0,0,0,0,182,1.0,1.0,0.0,0.0,0.06,0.06,0.0,255,11,0.04,0.07,0.0,0.0,1.0,1.0,0.0,1,76006.0
0,1,66,5,0,0,0,0,0,0,0,0,0,206,1.0,1.0,0.0,0.0,0.04,0.07,0.0,255,9,0.04,0.07,0.0,0.0,1.0,1.0,0.0,1,14330.0
0,1,64,5,0,0,0,0,0,0,0,0,0,231,1.0,1.0,0.0,0.0,0.06,0.06,0.0,255,15,0.06,0.07,0.0,0.0,1.0,1.0,0.0,1,103150.0
0,1,17,5,0,0,0,0,0,0,0,0,0,56,1.0,1.0,0.0,0.0,0.25,0.07,0.0,255,56,0.22,0.03,0.01,0.0,1.0,1.0,0.0,1,23109.0
0,1,46,5,0,0,0,0,0,0,0,0,0,226,1.0,1.0,0.0,0.0,0.03,0.07,0.0,255,15,0.06,0.07,0.0,0.0,1.0,1.0,0.0,1,79149.0
0,1,17,5,0,0,0,0,0,0,0,0,0,18,1.0,1.0,0.0,0.0,0.5,0.11,0.0,178,52,0.28,0.02,0.01,0.04,1.0,0.94,0.0,1,15187.0
4,1,51,9,1308,328,0,0,1,0,0,0,0,1,0.0,0.0,0.0,0.0,1.0,0.0,0.0,2,14,1.0,0.0,0.5,0.14,0.0,0.0,0.0,0,511.0
0,1,22,9,335,3248,0,0,1,0,0,0,0,18,0.0,0.0,0.0,0.0,1.0,0.0,0.0,255,255,1.0,0.0,0.0,0.0,0.0,0.0,0.01,0,89942.0
39018,1,46,4,1,0,0,0,0,0,0,0,0,2,0.0,0.0,1.0,1.0,1.0,0.0,0.0,255,2,0.01,0.51,1.0,0.0,0.0,0.0,1.0,1,120147.0
0,1,3,5,0,0,0,0,0,0,0,0,0,148,1.0,1.0,0.0,0.0,0.13,0.06,0.0,255,3,0.01,0.07,0.0,0.0,1.0,1.0,0.0,1,116815.0
0,1,51,9,1562,325,0,0,1,0,0,0,0,1,0.0,0.0,0.0,0.0,1.0,0.0,1.0,180,245,0.96,0.01,0.01,0.01,0.0,0.0,0.0,0,69061.0
0,1,41,1,0,0,0,0,0,0,0,0,0,511,0.14,0.0,0.86,1.0,0.0,1.0,0.0,255,1,0.0,1.0,0.0,0.0,0.18,0.0,1.0,1,18290.0
0,1,22,9,268,8718,0,0,1,0,0,0,0,4,0.0,0.0,0.0,0.0,1.0,0.0,0.0,100,129,1.0,0.0,0.01,0.02,0.0,0.01,0.06,0,69615.0
0,1,2,5,0,0,0,0,0,0,0,0,0,287,1.0,1.0,0.0,0.0,0.02,0.05,0.0,255,7,0.03,0.05,0.0,0.0,1.0,1.0,0.0,1,61911.0
0,1,46,5,0,0,0,0,0,0,0,0,0,114,1.0,1.0,0.0,0.0,0.07,0.06,0.0,255,32,0.13,0.05,0.0,0.0,1.0,1.0,0.0,1,81918.0
1,1,18,9,1191,2447,0,28,1,0,0,0,0,1,0.0,0.0,0.0,0.0,1.0,0.0,0.0,255,94,0.37,0.02,0.0,0.0,0.0,0.0,0.0,0,83290.0
0,1,46,1,0,0,0,0,0,0,0,0,0,449,0.05,0.0,0.94,1.0,0.0,1.0,0.0,255,1,0.0,1.0,0.0,0.0,0.08,0.0,1.0,1,79799.0
0,1,22,9,213,2445,0,0,1,0,0,0,0,4,0.0,0.0,0.0,0.0,1.0,0.0,0.0,255,255,1.0,0.0,0.0,0.0,0.0,0.0,0.0,0,40866.0
0,1,51,9,1248,324,0,0,1,0,0,0,0,1,0.0,0.0,0.0,0.0,1.0,0.0,0.0,120,245,0.97,0.02,0.01,0.01,0.0,0.0,0.0,0,100150.0
0,1,46,5,0,0,0,0,0,0,0,0,0,244,1.0,1.0,0.0,0.0,0.09,0.05,0.0,105,22,0.21,0.1,0.01,0.0,0.87,1.0,0.0,1,5920.0
0,1,5,5,0,0,0,0,0,0,0,0,0,142,1.0,1.0,0.0,0.0,0.11,0.06,0.0,255,15,0.06,0.06,0.0,0.0,1.0,1.0,0.0,1,81490.0
0,1,7,5,0,0,0,0,0,0,0,0,0,285,1.0,1.0,0.0,0.0,0.01,0.06,0.0,255,4,0.02,0.08,0.0,0.0,1.0,1.0,0.0,1,118759.0
0,1,66,5,0,0,0,0,0,0,0,0,0,110,1.0,1.0,0.0,0.0,0.05,0.06,0.0,255,6,0.02,0.06,0.0,0.0,1.0,1.0,0.0,1,56892.0
0,1,53,5,0,0,0,0,0,0,0,0,0,253,1.0,1.0,0.0,0.0,0.07,0.06,0.0,255,18,0.07,0.07,0.0,0.0,1.0,1.0,0.0,1,63617.0
0,1,46,5,0,0,0,0,0,0,0,0,0,110,1.0,1.0,0.0,0.0,0.14,0.05,0.0,255,15,0.06,0.08,0.0,0.0,1.0,1.0,0.0,1,120603.0
0,1,22,9,146,13603,0,0,1,0,0,0,0,1,0.0,0.0,0.0,0.0,1.0,0.0,0.22,15,15,1.0,0.0,0.07,0.0,0.0,0.0,0.0,0,101899.0
0,0,13,9,8,0,0,0,0,0,0,0,0,1,0.0,0.0,0.0,0.0,1.0,0.0,1.0,1,57,1.0,0.0,1.0,0.51,0.0,0.0,0.0,1,90042.0
13,1,57,9,105,2370,0,0,1,0,0,0,0,1,0.0,0.0,0.0,0.0,1.0,0.0,0.0,4,4,0.25,0.5,0.25,0.75,0.0,0.0,0.0,0,45981.0
0,1,22,9,282,267,0,0,1,0,0,0,0,5,0.0,0.0,0.0,0.0,1.0,0.0,0.13,13,255,1.0,0.0,0.08,0.05,0.0,0.0,0.0,0,57582.0
0,1,46,5,0,0,0,0,0,0,0,0,0,271,1.0,1.0,0.0,0.0,0.04,0.06,0.0,255,28,0.11,0.07,0.0,0.0,1.0,1.0,0.0,1,12718.0
0,1,20,5,0,0,0,0,0,0,0,0,0,254,1.0,1.0,0.0,0.0,0.01,0.06,0.0,255,19,0.07,0.08,0.0,0.0,1.0,1.0,0.0,1,10296.0
0,1,46,5,0,0,0,0,0,0,0,0,0,77,1.0,1.0,0.0,0.0,0.21,0.06,0.0,255,18,0.07,0.06,0.0,0.0,1.0,1.0,0.0,1,109295.0
0,0,62,9,78,0,0,0,0,0,0,0,0,11,0.0,0.0,0.0,0.0,0.18,0.18,0.0,255,10,0.04,0.01,0.04,0.0,0.0,0.0,0.0,0,26999.0
0,1,22,9,215,3310,0,0,1,0,0,0,0,4,0.0,0.0,0.0,0.0,1.0,0.0,0.3,19,255,1.0,0.0,0.05,0.03,0.0,0.0,0.0,0,77293.0
0,1,46,5,0,0,0,0,0,0,0,0,0,268,1.0,1.0,0.0,0.0,0.07,0.06,0.0,255,19,0.07,0.06,0.01,0.0,1.0,1.0,0.0,1,18590.0
0,2,11,9,43,127,0,0,0,0,0,0,0,288,0.0,0.0,0.0,0.0,1.0,0.0,0.0,255,251,0.98,0.01,0.0,0.0,0.0,0.0,0.0,0,117567.0
0,1,15,5,0,0,0,0,0,0,0,0,0,101,1.0,1.0,0.0,0.0,0.13,0.06,0.0,255,13,0.05,0.05,0.0,0.0,1.0,1.0,0.0,1,7500.0
0,1,22,9,237,394,0,0,1,0,0,0,0,1,0.0,0.0,0.0,0.0,1.0,0.0,0.0,1,255,1.0,0.0,1.0,0.07,0.0,0.0,0.0,0,16522.0
0,1,56,1,0,0,0,0,0,0,0,0,0,142,0.0,0.0,1.0,1.0,0.08,0.06,0.0,255,10,0.04,0.06,0.0,0.0,0.0,0.0,1.0,1,120325.0
0,1,22,9,170,5313,0,0,1,0,0,0,0,3,0.0,0.0,0.0,0.0,1.0,0.0,0.0,36,255,1.0,0.0,0.03,0.03,0.0,0.0,0.0,0,120746.0
3015,2,41,9,145,105,0,0,0,0,0,0,0,1,0.0,0.0,0.0,0.0,1.0,0.0,0.0,255,1,0.0,0.65,0.95,0.0,0.0,0.0,0.0,0,88206.0
0,0,13,9,8,0,0,0,0,0,0,0,0,1,0.0,0.0,0.0,0.0,1.0,0.0,1.0,2,14,1.0,0.0,1.0,0.5,0.0,0.0,0.0,1,104059.0
0,1,22,9,314,657,0,0,1,0,0,0,0,1,0.0,0.0,0.0,0.0,1.0,0.0,0.21,25,255,1.0,0.0,0.04,0.01,0.0,0.0,0.0,0,4597.0
2,1,51,9,1697,330,0,0,1,0,0,0,0,1,0.0,0.0,0.0,0.0,1.0,0.0,1.0,255,170,0.67,0.02,0.0,0.0,0.0,0.0,0.0,0,66784.0
0,1,22,1,0,0,0,0,0,0,0,0,0,1,0.0,0.0,1.0,1.0,1.0,0.0,1.0,5,255,1.0,0.0,0.2,0.16,0.0,0.0,0.99,0,49219.0
0,1,57,5,0,0,0,0,0,0,0,0,0,3,1.0,1.0,0.0,0.0,0.67,0.67,0.0,255,22,0.09,0.08,0.0,0.0,1.0,1.0,0.0,1,4470.0
0,2,11,9,45,72,0,0,0,0,0,0,0,257,0.0,0.0,0.0,0.0,1.0,0.0,0.0,255,254,1.0,0.01,0.0,0.0,0.0,0.0,0.0,0,80726.0
0,1,46,5,0,0,0,0,0,0,0,0,0,265,1.0,1.0,0.0,0.0,0.06,0.07,0.0,255,16,0.06,0.09,0.0,0.0,1.0,1.0,0.0,1,117329.0
0,1,22,9,253,745,0,0,1,0,0,0,0,2,0.0,0.0,0.0,0.0,1.0,0.0,0.27,215,255,1.0,0.0,0.0,0.01,0.0,0.0,0.0,0,124932.0
0,1,22,5,0,0,0,0,0,0,0,0,0,50,1.0,1.0,0.0,0.0,0.32,0.08,0.0,255,63,0.25,0.02,0.0,0.0,1.0,1.0,0.0,1,54382.0
0,1,46,5,0,0,0,0,0,0,0,0,0,164,1.0,1.0,0.0,0.0,0.12,0.06,0.0,255,19,0.07,0.07,0.0,0.0,1.0,1.0,0.0,1,46469.0
0,1,46,5,0,0,0,0,0,0,0,0,0,69,1.0,1.0,0.0,0.0,0.07,0.07,0.0,255,20,0.08,0.06,0.0,0.0,1.0,1.0,0.0,1,61046.0
0,1,22,9,54540,8314,0,2,1,1,0,0,0,5,0.0,0.0,0.0,0.17,1.0,0.0,0.33,55,55,1.0,0.0,0.02,0.0,0.0,0.0,0.04,1,71147.0
0,1,46,2,0,0,0,0,0,0,0,0,0,141,0.0,0.0,1.0,1.0,0.12,0.06,0.0,255,17,0.07,0.07,0.0,0.0,0.0,0.0,1.0,1,78853.0
0,1,22,9,225,1820,0,0,1,0,0,0,0,3,0.0,0.0,0.0,0.0,1.0,0.0,0.33,89,255,1.0,0.0,0.02,0.02,0.0,0.0,0.0,0,54676.0
0,2,46,9,28,0,3,0,0,0,0,0,0,18,0.0,0.0,0.0,0.0,1.0,0.0,0.0,255,18,0.07,0.02,0.07,0.0,0.0,0.0,0.0,1,100498.0
0,2,11,9,46,136,0,0,0,0,0,0,0,23,0.0,0.0,0.0,0.0,0.96,0.09,0.02,255,208,0.82,0.02,0.0,0.0,0.0,0.0,0.0,0,91676.0
0,1,30,5,0,0,0,0,0,0,0,0,0,253,1.0,1.0,0.0,0.0,0.02,0.06,0.0,255,4,0.02,0.06,0.0,0.0,1.0,1.0,0.0,1,90872.0
0,2,46,9,28,0,3,0,0,0,0,0,0,129,0.78,0.0,0.0,0.0,0.22,0.05,0.0,255,29,0.11,0.89,0.11,0.0,0.09,0.0,0.0,1,26717.0
0,1,22,9,304,3222,0,0,1,0,0,0,0,3,0.0,0.0,0.0,0.0,1.0,0.0,0.06,255,247,0.97,0.01,0.0,0.0,0.0,0.0,0.0,0,34804.0
0,1,22,9,230,1273,0,0,1,0,0,0,0,22,0.0,0.0,0.0,0.0,1.0,0.0,0.0,22,255,1.0,0.0,0.05,0.05,0.0,0.0,0.0,0,85139.0
0,1,19,9,5929,0,0,0,0,0,0,0,0,16,0.0,0.0,0.0,0.0,1.0,0.0,0.11,196,91,0.37,0.03,0.37,0.02,0.01,0.0,0.0,0,24934.0
0,1,19,5,0,0,0,0,0,0,0,0,0,232,1.0,1.0,0.0,0.0,0.03,0.06,0.0,255,6,0.02,0.07,0.0,0.0,1.0,1.0,0.0,1,107490.0
0,0,14,9,520,0,0,0,0,0,0,0,0,83,0.0,0.0,0.0,0.0,1.0,0.0,0.0,255,255,1.0,0.0,1.0,0.0,0.0,0.0,0.0,1,21403.0
0,1,53,5,0,0,0,0,0,0,0,0,0,101,1.0,1.0,0.0,0.0,0.08,0.05,0.0,255,8,0.03,0.06,0.0,0.0,1.0,1.0,0.0,1,13007.0
0,1,19,9,11,0,0,0,1,0,0,0,0,2,0.0,0.0,0.0,0.0,1.0,0.0,0.0,94,73,0.39,0.05,0.39,0.03,0.03,0.0,0.0,0,90248.0
0,1,22,9,297,10862,0,0,1,0,0,0,0,12,0.0,0.0,0.0,0.0,1.0,0.0,0.0,92,255,1.0,0.0,0.01,0.02,0.0,0.0,0.0,0,97816.0
0,2,41,9,516,4,0,0,0,0,0,0,0,457,0.0,0.0,0.0,0.0,1.0,0.0,0.0,255,255,1.0,0.0,1.0,0.0,0.0,0.0,0.0,0,36715.0
0,1,46,5,0,0,0,0,0,0,0,0,0,136,1.0,1.0,0.0,0.0,0.06,0.06,0.0,255,14,0.05,0.06,0.0,0.0,1.0,1.0,0.0,1,118517.0
0,2,11,9,44,44,0,0,0,0,0,0,0,40,0.0,0.0,0.0,0.0,1.0,0.0,0.02,255,255,1.0,0.0,0.01,0.0,0.0,0.0,0.0,0,61705.0
0,1,19,9,11,0,0,0,0,0,0,0,0,2,0.0,0.0,0.0,0.0,1.0,0.0,0.0,188,50,0.27,0.03,0.27,0.0,0.02,0.0,0.0,0,16858.0
0,1,22,9,317,6544,0,0,1,0,0,0,0,16,0.0,0.0,0.0,0.0,1.0,0.0,0.12,16,255,1.0,0.0,0.06,0.02,0.0,0.01,0.0,0,50568.0
0,1,46,5,0,0,0,0,0,0,0,0,0,148,1.0,1.0,0.0,0.0,0.07,0.05,0.0,255,11,0.04,0.06,0.0,0.0,1.0,1.0,0.0,1,119126.0
0,1,22,9,54540,8314,0,2,1,1,0,0,0,5,0.0,0.0,0.0,0.0,1.0,0.0,0.0,42,42,1.0,0.0,0.02,0.0,0.0,0.0,0.05,1,85913.0
7130,2,41,9,146,105,0,0,0,0,0,0,0,1,0.0,0.0,0.0,0.0,1.0,0.0,0.0,255,1,0.0,0.55,0.75,0.0,0.0,0.0,0.0,0,10139.0
0,1,51,9,1875,331,0,0,1,0,0,0,0,1,0.0,0.0,0.0,0.0,1.0,0.0,1.0,105,135,0.82,0.04,0.01,0.01,0.0,0.0,0.0,0,102423.0
0,2,11,9,45,70,0,0,0,0,0,0,0,131,0.0,0.0,0.0,0.0,1.0,0.0,0.0,255,254,1.0,0.01,0.0,0.0,0.0,0.0,0.0,0,94111.0
0,1,22,9,342,3793,0,0,1,0,0,0,0,53,0.0,0.0,0.0,0.0,1.0,0.0,0.0,86,255,1.0,0.0,0.01,0.03,0.0,0.0,0.0,0,95495.0
0,1,22,9,345,584,0,0,1,0,0,0,0,13,0.0,0.0,0.0,0.0,1.0,0.0,0.0,13,255,1.0,0.0,0.08,0.03,0.0,0.0,0.0,0,100898.0
0,2,46,9,28,0,3,0,0,0,0,0,0,89,0.0,0.0,0.0,0.0,1.0,0.0,0.0,255,89,0.35,0.64,0.35,0.0,0.0,0.0,0.0,1,4737.0
0,2,11,9,34,0,0,0,0,0,0,0,0,4,0.0,0.0,0.0,0.0,1.0,0.0,0.19,82,11,0.13,0.07,0.13,0.0,0.0,0.0,0.0,0,17414.0
0,1,38,5,0,0,0,0,0,0,0,0,0,109,1.0,1.0,0.0,0.0,0.14,0.06,0.0,217,15,0.07,0.06,0.0,0.0,1.0,1.0,0.0,1,40610.0
0,1,41,1,0,0,0,0,0,0,0,0,0,511,0.05,0.0,0.95,1.0,0.0,0.96,0.0,255,1,0.0,0.96,0.0,0.0,0.03,0.0,1.0,1,24661.0
0,1,22,9,272,1260,0,0,1,0,0,0,0,3,0.0,0.0,0.0,0.0,1.0,0.0,0.0,23,255,1.0,0.0,0.04,0.07,0.0,0.0,0.0,0,71383.0
0,1,57,6,0,0,0,0,0,0,0,0,0,1,1.0,1.0,0.0,0.0,1.0,0.0,0.0,39,1,0.03,0.1,0.03,0.0,0.03,1.0,0.0,0,45410.0
0,1,22,9,307,4988,0,0,1,0,0,0,0,4,0.0,0.0,0.0,0.06,1.0,0.0,0.35,255,255,1.0,0.0,0.0,0.0,0.0,0.0,0.0,0,57046.0
0,1,22,9,320,331,0,0,1,0,0,0,0,17,0.0,0.0,0.0,0.0,1.0,0.0,0.0,88,255,1.0,0.0,0.01,0.04,0.0,0.0,0.0,0,67698.0
13368,1,41,4,1,0,0,0,0,0,0,0,0,2,0.0,0.0,1.0,1.0,1.0,0.0,0.0,255,2,0.01,0.68,1.0,0.0,0.0,0.0,1.0,1,7794.0
0,1,22,9,232,280,0,0,1,0,0,0,0,6,0.0,0.0,0.0,0.0,1.0,0.0,0.0,255,255,1.0,0.0,0.0,0.0,0.0,0.0,0.0,0,37658.0
0,1,60,5,0,0,0,0,0,0,0,0,0,216,1.0,1.0,0.0,0.0,0.04,0.07,0.0,255,20,0.08,0.06,0.0,0.0,1.0,1.0,0.0,1,79740.0
3,1,41,4,0,0,0,0,0,0,0,0,0,1,0.0,0.0,1.0,1.0,1.0,0.0,0.0,255,1,0.0,0.64,1.0,0.0,0.0,0.0,1.0,1,51353.0
0,1,55,5,0,0,0,0,0,0,0,0,0,198,1.0,1.0,0.0,0.0,0.09,0.07,0.0,255,17,0.07,0.07,0.0,0.0,1.0,1.0,0.0,1,62876.0
0,1,51,9,2258,333,0,0,1,0,0,0,0,1,0.0,0.0,0.0,0.0,1.0,0.0,0.0,146,116,0.34,0.05,0.01,0.02,0.0,0.0,0.0,0,108178.0
0,1,46,5,0,0,0,0,0,0,0,0,0,152,1.0,1.0,0.0,0.0,0.07,0.08,0.0,255,11,0.04,0.06,0.0,0.0,1.0,1.0,0.0,1,96062.0
0,1,52,5,0,0,0,0,0,0,0,0,0,114,1.0,1.0,0.0,0.0,0.11,0.07,0.0,255,13,0.05,0.07,0.0,0.0,1.0,1.0,0.0,1,86768.0
0,1,46,5,0,0,0,0,0,0,0,0,0,135,1.0,1.0,0.0,0.0,0.07,0.06,0.0,255,10,0.04,0.07,0.0,0.0,1.0,1.0,0.0,1,52364.0
0,2,11,9,44,77,0,0,0,0,0,0,0,110,0.0,0.0,0.0,0.0,1.0,0.0,0.0,255,252,0.99,0.01,0.01,0.0,0.0,0.0,0.0,0,57508.0
0,1,22,9,265,34720,0,0,1,0,0,0,0,1,0.0,0.0,0.0,0.0,1.0,0.0,0.5,64,255,1.0,0.0,0.02,0.04,0.0,0.0,0.0,0,44470.0
0,1,9,5,0,0,0,0,0,0,0,0,0,99,1.0,1.0,0.0,0.0,0.02,0.08,0.0,255,2,0.01,0.07,0.0,0.0,1.0,1.0,0.0,1,14819.0
0,0,14,9,1032,0,0,0,0,0,0,0,0,147,0.0,0.0,0.0,0.0,1.0,0.0,0.0,255,162,0.64,0.03,0.64,0.0,0.0,0.0,0.0,1,71376.0
5,1,57,9,176,3335,0,0,1,0,0,0,0,1,0.0,0.0,0.0,0.0,1.0,0.0,0.0,255,29,0.11,0.02,0.0,0.0,0.0,0.0,0.0,0,38866.0
0,1,46,1,0,0,0,0,0,0,0,0,0,1,0.0,0.0,1.0,1.0,1.0,0.0,0.0,5,2,0.2,1.0,0.2,1.0,0.0,0.0,1.0,1,54408.0
0,1,46,5,0,0,0,0,0,0,0,0,0,282,1.0,1.0,0.0,0.0,0.06,0.06,0.0,255,11,0.04,0.05,0.0,0.0,1.0,1.0,0.0,1,120601.0
0,1,22,9,214,2046,0,0,1,0,0,0,0,6,0.0,0.0,0.0,0.0,1.0,0.0,0.12,6,255,1.0,0.0,0.17,0.03,0.0,0.0,0.0,0,123815.0
0,1,22,9,300,3850,0,0,1,0,0,0,0,15,0.0,0.0,0.0,0.0,1.0,0.0,0.11,70,255,1.0,0.0,0.01,0.04,0.0,0.0,0.0,0,77750.0
0,1,22,9,353,337,0,0,1,0,0,0,0,10,0.0,0.0,0.0,0.0,1.0,0.0,0.17,255,255,1.0,0.0,0.0,0.0,0.0,0.0,0.0,0,59623.0
0,0,13,9,30,0,0,0,0,0,0,0,0,1,0.0,0.0,0.0,0.0,1.0,0.0,0.0,3,3,1.0,0.0,1.0,0.0,0.0,0.0,0.0,0,27855.0
0,1,19,9,879,0,0,0,0,0,0,0,0,3,0.0,0.0,0.0,0.0,1.0,0.0,0.0,9,74,1.0,0.0,1.0,0.03,0.0,0.0,0.0,0,30117.0
3,1,65,4,0,0,0,0,0,0,0,0,0,286,0.0,0.0,1.0,1.0,0.01,0.52,0.0,255,2,0.01,0.52,1.0,0.0,0.0,0.0,1.0,1,30671.0
0,2,11,9,45,111,0,0,0,0,0,0,0,61,0.0,0.0,0.0,0.0,1.0,0.0,0.01,175,144,0.82,0.01,0.01,0.0,0.0,0.0,0.0,0,22190.0
0,2,46,9,1,0,0,0,0,0,0,0,0,25,0.0,0.0,0.0,0.0,0.04,0.2,0.0,255,1,0.0,0.84,0.19,0.0,0.1,0.0,0.0,1,118970.0
0,2,11,9,110,35,0,0,0,0,0,0,0,8,0.0,0.0,0.0,0.0,1.0,0.0,0.2,255,245,0.96,0.01,0.11,0.0,0.0,0.0,0.0,0,88668.0
0,1,66,5,0,0,0,0,0,0,0,0,0,254,1.0,1.0,0.0,0.0,0.02,0.07,0.0,255,4,0.02,0.07,0.0,0.0,1.0,1.0,0.0,1,13585.0
0,1,22,9,248,354,0,0,1,0,0,0,0,6,0.0,0.0,0.0,0.0,1.0,0.0,0.0,77,255,1.0,0.0,0.01,0.03,0.0,0.0,0.0,0,47263.0
0,1,46,5,0,0,0,0,0,0,0,0,0,115,1.0,1.0,0.0,0.0,0.04,0.06,0.0,255,14,0.05,0.07,0.0,0.0,1.0,1.0,0.0,1,35486.0
0,1,46,5,0,0,0,0,0,0,0,0,0,91,1.0,1.0,0.0,0.0,0.02,0.07,0.0,255,19,0.07,0.06,0.0,0.0,1.0,1.0,0.0,1,55694.0
0,1,22,9,235,370,0,0,1,0,0,0,0,16,0.0,0.0,0.0,0.0,1.0,0.0,0.0,255,255,1.0,0.0,0.0,0.0,0.0,0.0,0.0,0,13049.0
4,1,51,9,1119,329,0,0,1,0,0,0,0,1,0.0,0.0,0.0,0.0,1.0,0.0,1.0,149,151,0.46,0.04,0.01,0.01,0.0,0.0,0.0,0,23998.0
0,1,22,1,0,0,0,0,0,0,0,0,0,1,0.0,0.0,1.0,1.0,1.0,0.0,1.0,18,214,1.0,0.0,0.06,0.23,0.0,0.0,0.93,0,125932.0
0,1,21,5,0,0,0,0,0,0,0,0,0,8,1.0,1.0,0.0,0.0,0.12,0.5,0.0,255,2,0.01,0.09,0.0,0.0,1.0,1.0,0.0,1,46807.0
0,1,22,9,336,13637,0,0,1,0,0,0,0,1,0.0,0.0,0.0,0.0,1.0,0.0,0.0,7,255,1.0,0.0,0.14,0.04,0.0,0.0,0.0,0,9309.0
0,1,9,4,0,0,0,0,0,0,0,0,0,1,0.0,0.0,1.0,1.0,1.0,0.0,0.0,137,1,0.01,0.09,0.12,0.0,0.0,0.0,1.0,1,14763.0
0,1,22,9,291,244,0,0,1,0,0,0,0,3,0.33,0.2,0.0,0.0,1.0,0.0,0.2,3,255,1.0,0.0,0.33,0.04,0.33,0.0,0.0,0,85169.0
0,1,22,9,171,389,0,0,1,0,0,0,0,4,0.0,0.0,0.0,0.0,1.0,0.0,0.4,204,255,1.0,0.0,0.0,0.01,0.01,0.01,0.0,0,53741.0
0,1,22,9,306,24583,0,0,1,0,0,0,0,20,0.0,0.0,0.0,0.0,1.0,0.0,0.0,255,255,1.0,0.0,0.0,0.0,0.0,0.0,0.0,0,77125.0
0,0,13,9,30,0,0,0,0,0,0,0,0,1,0.0,0.0,0.0,0.0,1.0,0.0,0.0,52,90,0.98,0.04,0.98,0.23,0.0,0.0,0.0,0,26701.0
0,1,19,9,201,0,0,0,1,0,0,0,0,1,0.0,0.0,0.0,0.0,1.0,0.0,0.0,94,70,0.19,0.76,0.18,0.03,0.0,0.0,0.01,0,7933.0
0,1,22,5,0,0,0,0,0,0,0,0,0,43,1.0,1.0,0.0,0.0,0.23,0.09,0.0,255,17,0.07,0.05,0.0,0.0,1.0,1.0,0.0,1,18478.0
0,1,51,9,1870,331,0,0,1,0,0,0,0,1,0.0,0.0,0.0,0.0,1.0,0.0,0.0,117,106,0.91,0.03,0.01,0.0,0.0,0.0,0.0,0,125937.0
0,1,51,9,730,481,0,0,1,0,0,0,0,1,0.0,0.0,0.0,0.0,1.0,0.0,0.0,32,149,0.34,0.06,0.03,0.02,0.0,0.0,0.0,0,123742.0
0,2,46,9,1,0,0,0,0,0,0,0,0,37,0.0,0.0,0.0,0.0,0.76,0.08,0.0,255,39,0.15,0.22,1.0,0.0,0.0,0.0,0.0,1,74557.0
0,1,22,5,0,0,0,0,0,0,0,0,0,38,1.0,1.0,0.0,0.0,0.34,0.11,0.0,255,64,0.25,0.02,0.0,0.0,1.0,1.0,0.0,1,123511.0
0,1,34,5,0,0,0,0,0,0,0,0,0,60,1.0,1.0,0.0,0.0,0.22,0.1,0.0,255,13,0.05,0.07,0.0,0.0,1.0,1.0,0.0,1,24092.0
0,1,22,9,282,774,0,0,1,0,0,0,0,18,0.0,0.0,0.0,0.0,1.0,0.0,0.0,18,128,1.0,0.0,0.06,0.04,0.0,0.0,0.0,0,70172.0
12,2,11,9,99,34,0,0,0,0,0,0,0,1,0.0,0.0,0.0,0.0,1.0,0.0,0.0,23,12,0.52,0.09,0.52,0.0,0.0,0.0,0.0,0,124896.0
0,1,22,9,203,3175,0,0,1,0,0,0,0,8,0.12,0.12,0.0,0.0,1.0,0.0,0.0,107,255,1.0,0.0,0.01,0.01,0.01,0.0,0.0,0,112768.0
0,1,22,9,264,1608,0,0,1,0,0,0,0,6,0.0,0.0,0.0,0.0,1.0,0.0,0.0,255,255,1.0,0.0,0.0,0.0,0.0,0.0,0.0,0,89565.0
0,1,33,1,0,0,0,0,0,0,0,0,0,248,0.0,0.0,1.0,1.0,0.07,0.06,0.0,255,17,0.07,0.07,0.0,0.0,0.0,0.0,1.0,1,10417.0
0,1,51,9,1133,330,0,0,1,0,0,0,0,1,0.0,0.0,0.0,0.0,1.0,0.0,0.0,231,165,0.71,0.02,0.0,0.0,0.0,0.0,0.0,0,59070.0
0,1,19,5,0,0,0,0,0,0,0,0,0,267,1.0,1.0,0.0,0.0,0.02,0.06,0.0,255,17,0.07,0.09,0.0,0.0,1.0,1.0,0.0,1,119736.0
0,1,36,5,0,0,0,0,0,0,0,0,0,241,1.0,1.0,0.0,0.0,0.08,0.05,0.0,255,19,0.07,0.07,0.0,0.0,1.0,1.0,0.0,1,6999.0
0,1,22,9,272,259,0,0,1,0,0,0,0,27,0.0,0.0,0.0,0.0,1.0,0.0,0.0,255,255,1.0,0.0,0.0,0.0,0.0,0.0,0.0,0,68571.0
0,1,31,5,0,0,0,0,0,0,0,0,0,139,1.0,1.0,0.0,0.0,0.04,0.05,0.0,255,6,0.02,0.05,0.0,0.0,1.0,1.0,0.0,1,95523.0
0,2,11,9,46,190,0,0,0,0,0,0,0,293,0.0,0.0,0.0,0.0,1.0,0.0,0.0,255,251,0.98,0.01,0.0,0.0,0.0,0.0,0.0,0,23023.0
0,1,22,9,306,1075,0,0,1,0,0,0,0,6,0.0,0.0,0.0,0.0,1.0,0.0,0.0,255,250,0.98,0.01,0.0,0.0,0.0,0.0,0.0,0,106642.0
0,1,51,9,1029,374,0,0,1,0,0,0,0,1,0.0,0.0,0.0,0.0,1.0,0.0,1.0,121,92,0.76,0.04,0.01,0.0,0.0,0.0,0.04,0,116496.0
0,1,19,1,0,0,0,0,0,0,0,0,0,236,0.0,0.0,1.0,1.0,0.08,0.07,0.0,255,20,0.08,0.07,0.0,0.0,0.0,0.0,1.0,1,55981.0
0,1,19,9,6601,0,0,0,0,0,0,0,0,20,0.0,0.0,0.0,0.0,1.0,0.0,0.0,255,112,0.44,0.03,0.44,0.0,0.0,0.0,0.0,0,34795.0
0,1,22,9,284,467,0,0,1,0,0,0,0,3,0.0,0.0,0.0,0.0,1.0,0.0,0.0,41,255,1.0,0.0,0.02,0.01,0.0,0.0,0.0,0,92966.0
0,1,22,1,0,0,0,0,0,0,0,0,0,1,0.0,0.0,1.0,1.0,1.0,0.0,0.0,83,249,1.0,0.0,0.01,0.11,0.0,0.0,0.79,0,2496.0
0,1,64,1,0,0,0,0,0,0,0,0,0,144,0.0,0.0,1.0,1.0,0.08,0.07,0.0,255,12,0.05,0.07,0.0,0.0,0.0,0.0,1.0,1,101226.0
0,1,22,9,54540,8314,0,2,1,1,0,0,0,1,0.0,0.0,0.0,0.0,1.0,0.0,0.0,220,220,1.0,0.0,0.0,0.0,0.0,0.0,0.01,1,97544.0
12,1,51,9,1033,334,0,0,1,0,0,0,0,1,0.0,0.0,0.0,0.0,1.0,0.0,1.0,198,116,0.59,0.03,0.01,0.0,0.0,0.0,0.0,0,116132.0
0,1,55,5,0,0,0,0,0,0,0,0,0,203,1.0,1.0,0.0,0.0,0.03,0.06,0.0,255,19,0.07,0.07,0.0,0.0,1.0,1.0,0.0,1,115222.0
0,1,22,9,282,272,0,0,1,0,0,0,0,15,0.0,0.0,0.0,0.0,1.0,0.0,0.11,68,255,1.0,0.0,0.01,0.04,0.0,0.0,0.0,0,50942.0
0,1,7,1,0,0,0,0,0,0,0,0,0,270,0.0,0.0,1.0,1.0,0.04,0.06,0.0,255,11,0.04,0.07,0.0,0.0,0.0,0.0,1.0,1,118218.0
0,2,11,9,36,0,0,0,0,0,0,0,0,10,0.0,0.0,0.0,0.0,1.0,0.0,0.18,62,166,1.0,0.0,1.0,0.01,0.0,0.0,0.0,0,118355.0
0,1,19,9,61298,0,0,0,0,0,0,0,0,7,0.0,0.0,0.0,0.0,1.0,0.0,0.0,234,53,0.18,0.02,0.18,0.04,0.0,0.0,0.0,0,35775.0
0,1,22,9,172,35346,0,0,1,0,0,0,0,11,0.0,0.0,0.0,0.0,1.0,0.0,0.0,255,255,1.0,0.0,0.0,0.0,0.0,0.0,0.0,0,102879.0
0,1,22,9,307,3755,0,0,1,0,0,0,0,4,0.0,0.0,0.0,0.0,1.0,0.0,0.29,159,255,1.0,0.0,0.01,0.02,0.0,0.0,0.0,0,13674.0
0,2,11,9,45,77,0,0,0,0,0,0,0,174,0.0,0.0,0.0,0.0,0.99,0.01,0.0,255,254,1.0,0.01,0.01,0.0,0.0,0.0,0.0,0,71188.0
0,1,46,5,0,0,0,0,0,0,0,0,0,144,1.0,1.0,0.0,0.0,0.03,0.06,0.0,255,5,0.02,0.05,0.0,0.0,1.0,1.0,0.0,1,52533.0
0,1,51,5,0,0,0,0,0,0,0,0,0,104,1.0,1.0,0.0,0.0,0.23,0.06,0.0,255,6,0.02,0.06,0.0,0.0,1.0,1.0,0.0,1,25725.0
0,1,36,5,0,0,0,0,0,0,0,0,0,298,1.0,1.0,0.0,0.0,0.03,0.05,0.0,255,2,0.01,0.07,0.0,0.0,1.0,1.0,0.0,1,101651.0
0,1,22,9,223,10378,0,0,1,0,0,0,0,13,0.0,0.0,0.0,0.0,1.0,0.0,0.17,255,255,1.0,0.0,0.0,0.0,0.0,0.0,0.0,0,55708.0
0,1,22,9,221,511,0,0,1,0,0,0,0,19,0.0,0.0,0.0,0.0,1.0,0.0,0.15,255,255,1.0,0.0,0.0,0.0,0.0,0.0,0.0,0,21451.0
0,1,41,1,0,0,0,0,0,0,0,0,0,510,0.06,0.0,0.94,1.0,0.0,1.0,0.0,255,1,0.0,1.0,0.0,0.0,0.02,0.0,1.0,1,35392.0
0,1,46,5,0,0,0,0,0,0,0,0,0,122,1.0,1.0,0.0,0.0,0.04,0.07,0.0,52,16,0.31,0.13,0.02,0.0,1.0,1.0,0.0,1,45885.0
0,1,16,5,0,0,0,0,0,0,0,0,0,114,1.0,1.0,0.0,0.0,0.17,0.07,0.0,255,19,0.07,0.06,0.0,0.0,1.0,1.0,0.0,1,42355.0
0,1,51,9,1170,329,0,0,1,0,0,0,0,1,0.0,0.0,0.0,0.0,1.0,0.0,0.0,25,21,0.84,0.16,0.04,0.0,0.0,0.0,0.0,0,15264.0
0,1,22,9,376,2638,0,0,1,0,0,0,0,22,0.0,0.0,0.0,0.0,1.0,0.0,0.0,255,255,1.0,0.0,0.0,0.0,0.0,0.0,0.0,0,93830.0
0,1,31,5,0,0,0,0,0,0,0,0,0,142,1.0,1.0,0.0,0.0,0.09,0.06,0.0,255,13,0.05,0.06,0.0,0.0,1.0,1.0,0.0,1,111603.0
0,1,46,5,0,0,0,0,0,0,0,0,0,209,1.0,1.0,0.0,0.0,0.02,0.08,0.0,255,4,0.02,0.08,0.0,0.0,1.0,1.0,0.0,1,62562.0
0,1,22,9,54540,8314,0,2,1,1,0,0,0,6,0.0,0.0,0.0,0.14,1.0,0.0,0.29,255,255,1.0,0.0,0.0,0.0,0.0,0.0,0.05,1,12619.0
0,2,11,9,45,111,0,0,0,0,0,0,0,272,0.0,0.0,0.0,0.0,1.0,0.0,0.0,255,251,0.98,0.01,0.0,0.0,0.0,0.0,0.0,0,124528.0
0,1,46,5,0,0,0,0,0,0,0,0,0,261,1.0,1.0,0.0,0.0,0.01,0.06,0.0,255,3,0.01,0.09,0.0,0.0,1.0,1.0,0.0,1,73525.0
0,1,22,9,151,193,0,0,1,0,0,0,0,1,0.0,0.0,0.0,0.0,1.0,0.0,0.0,12,255,1.0,0.0,0.08,0.04,0.0,0.0,0.0,0,24218.0
0,1,51,9,1117,481,0,0,1,0,0,0,0,1,0.0,0.0,0.0,0.0,1.0,0.0,0.0,255,4,0.02,0.01,0.0,0.0,0.0,0.0,0.0,0,51972.0
0,1,22,9,327,883,0,0,1,0,0,0,0,3,0.0,0.0,0.0,0.0,1.0,0.0,0.0,255,255,1.0,0.0,0.0,0.0,0.0,0.0,0.0,0,10691.0
0,1,22,9,253,9912,0,0,1,0,0,0,0,6,0.0,0.0,0.0,0.0,1.0,0.0,0.0,19,255,1.0,0.0,0.05,0.01,0.0,0.0,0.0,0,121577.0
0,1,22,9,188,3726,0,0,1,0,0,0,0,3,0.0,0.0,0.0,0.0,1.0,0.0,0.0,255,250,0.98,0.02,0.0,0.0,0.0,0.0,0.0,0,60280.0
0,1,57,5,0,0,0,0,0,0,0,0,0,35,1.0,1.0,0.0,0.0,0.43,0.06,0.0,255,15,0.06,0.07,0.01,0.0,1.0,1.0,0.0,1,61385.0
0,1,22,9,54540,8314,0,2,1,1,0,0,0,3,0.0,0.0,0.0,0.0,1.0,0.0,0.0,99,99,1.0,0.0,0.01,0.0,0.01,0.01,0.01,1,94867.0
0,2,46,9,1,0,0,0,0,0,0,0,0,13,0.0,0.0,0.0,0.0,0.08,0.15,0.0,255,40,0.16,0.29,0.94,0.0,0.0,0.0,0.0,1,35720.0
21,1,57,9,419,26382,0,0,1,0,0,0,0,1,0.0,0.0,0.0,0.0,1.0,0.0,0.0,117,19,0.15,0.03,0.01,0.11,0.0,0.0,0.0,0,11812.0
0,1,22,9,235,2698,0,0,1,0,0,0,1,4,0.0,0.0,0.0,0.33,1.0,0.0,0.5,255,252,0.99,0.01,0.0,0.0,0.0,0.0,0.0,0,43103.0
0,2,11,9,44,130,0,0,0,0,0,0,0,56,0.0,0.0,0.0,0.0,1.0,0.0,0.02,255,254,1.0,0.01,0.0,0.0,0.0,0.0,0.0,0,51752.0
0,1,19,5,0,0,0,0,0,0,0,0,0,25,1.0,1.0,0.0,0.0,0.24,0.16,0.0,255,46,0.18,0.04,0.01,0.0,1.0,1.0,0.0,1,97636.0
0,1,19,5,0,0,0,0,0,0,0,0,0,272,1.0,1.0,0.0,0.0,0.05,0.06,0.0,255,6,0.02,0.07,0.0,0.0,1.0,1.0,0.0,1,92833.0
0,0,13,9,8,0,0,0,0,0,0,0,0,1,0.0,0.0,0.0,0.0,1.0,0.0,1.0,1,145,1.0,0.0,1.0,0.26,0.0,0.0,0.0,1,84871.0
0,1,46,5,0,0,0,0,0,0,0,0,0,165,1.0,1.0,0.0,0.0,0.08,0.08,0.0,255,14,0.05,0.07,0.0,0.0,1.0,1.0,0.0,1,107456.0
0,1,22,9,292,2828,0,0,1,0,0,0,0,17,0.0,0.0,0.0,0.0,1.0,0.0,0.14,42,255,1.0,0.0,0.02,0.01,0.0,0.0,0.0,0,4793.0
0,2,11,9,44,125,0,0,0,0,0,0,0,236,0.0,0.0,0.0,0.0,1.0,0.0,0.01,255,253,0.99,0.01,0.0,0.0,0.0,0.0,0.0,0,23151.0
0,1,51,9,942,332,0,0,1,0,0,0,0,2,0.0,0.0,0.0,0.0,1.0,0.0,0.0,207,117,0.44,0.03,0.0,0.02,0.0,0.0,0.0,0,84759.0
0,1,46,5,0,0,0,0,0,0,0,0,0,137,1.0,1.0,0.0,0.0,0.08,0.06,0.0,255,11,0.04,0.05,0.0,0.0,1.0,1.0,0.0,1,87945.0
0,0,13,9,8,0,0,0,0,0,0,0,0,1,0.0,0.0,0.0,0.0,1.0,0.0,1.0,2,10,1.0,0.0,1.0,0.5,0.0,0.0,0.0,1,29004.0
0,1,5,5,0,0,0,0,0,0,0,0,0,121,1.0,1.0,0.0,0.0,0.12,0.06,0.0,255,14,0.05,0.07,0.0,0.0,1.0,1.0,0.0,1,103891.0
0,1,46,5,0,0,0,0,0,0,0,0,0,116,1.0,1.0,0.0,0.0,0.08,0.06,0.0,9,3,0.33,0.44,0.11,0.0,1.0,1.0,0.0,1,93393.0
0,1,46,1,0,0,0,0,0,0,0,0,0,127,0.0,0.0,1.0,1.0,0.08,0.06,0.0,255,1,0.0,0.06,0.0,0.0,0.0,0.0,1.0,1,74858.0
0,0,13,9,8,0,0,0,0,0,0,0,0,1,0.0,0.0,0.0,0.0,1.0,0.0,1.0,1,129,1.0,0.0,1.0,0.51,0.0,0.0,0.0,1,53677.0
0,1,22,5,0,0,0,0,0,0,0,0,0,2,0.5,0.5,0.0,0.0,1.0,0.0,0.0,23,255,1.0,0.0,0.09,0.02,0.04,0.0,0.0,0,122270.0
0,1,46,5,0,0,0,0,0,0,0,0,0,198,1.0,1.0,0.0,0.0,0.06,0.08,0.0,255,12,0.05,0.08,0.0,0.0,1.0,1.0,0.0,1,82012.0
0,1,30,5,0,0,0,0,0,0,0,0,0,271,1.0,1.0,0.0,0.0,0.07,0.06,0.0,255,20,0.08,0.07,0.0,0.0,1.0,1.0,0.0,1,48901.0
0,2,11,9,127,44,0,0,0,0,0,0,0,283,0.0,0.0,0.0,0.0,1.0,0.01,0.0,172,139,0.81,0.01,0.38,0.0,0.0,0.0,0.0,0,109036.0
0,1,8,2,0,0,0,0,0,0,0,0,0,263,0.0,0.0,1.0,1.0,0.05,0.06,0.0,255,12,0.05,0.06,0.0,0.0,0.0,0.0,1.0,1,63234.0
0,1,6,1,0,0,0,0,0,0,0,0,0,236,0.0,0.0,1.0,1.0,0.08,0.06,0.0,255,18,0.07,0.07,0.0,0.0,0.0,0.0,1.0,1,9211.0
251,1,57,9,90,3302,0,0,1,0,0,0,0,1,0.0,0.0,0.0,0.0,1.0,0.0,0.0,181,35,0.19,0.03,0.01,0.0,0.0,0.0,0.0,0,20985.0
0,1,46,5,0,0,0,0,0,0,0,0,0,201,1.0,1.0,0.0,0.0,0.02,0.07,0.0,255,5,0.02,0.07,0.0,0.0,1.0,1.0,0.0,1,26867.0
0,1,22,9,228,4523,0,0,1,0,0,0,0,9,0.0,0.0,0.0,0.0,1.0,0.0,0.21,9,255,1.0,0.0,0.11,0.05,0.0,0.0,0.0,0,87568.0
1,1,51,9,2231,338,0,0,1,0,0,0,0,1,0.0,0.0,0.0,0.0,1.0,0.0,1.0,45,133,0.84,0.09,0.02,0.02,0.0,0.0,0.0,0,114259.0
0,1,2,5,0,0,0,0,0,0,0,0,0,236,1.0,1.0,0.0,0.0,0.07,0.05,0.0,255,17,0.07,0.05,0.0,0.0,1.0,1.0,0.0,1,35707.0
24,1,51,9,12295,1397,0,0,1,0,0,0,0,1,0.0,0.0,0.0,0.0,1.0,0.0,0.0,154,145,0.57,0.03,0.01,0.01,0.01,0.01,0.0,0,93150.0
0,0,13,9,8,0,0,0,0,0,0,0,0,1,0.0,0.0,0.0,0.0,1.0,0.0,1.0,1,79,1.0,0.0,1.0,0.51,0.0,0.0,0.0,1,14128.0
0,1,22,9,311,3117,0,0,1,0,0,0,0,11,0.0,0.0,0.0,0.0,1.0,0.0,0.0,45,255,1.0,0.0,0.02,0.01,0.0,0.0,0.0,0,106310.0
0,2,46,9,28,0,3,0,0,0,0,0,0,39,0.0,0.0,0.03,0.0,0.97,0.05,0.0,255,38,0.15,0.02,0.15,0.0,0.0,0.0,0.0,1,3637.0
0,1,22,5,0,0,0,0,0,0,0,0,0,2,0.5,0.5,0.0,0.0,1.0,0.0,0.0,50,255,1.0,0.0,0.04,0.01,0.02,0.0,0.0,0,125777.0
0,1,22,9,294,13752,0,0,1,0,0,0,0,9,0.0,0.0,0.0,0.0,1.0,0.0,0.23,20,255,1.0,0.0,0.05,0.09,0.0,0.01,0.01,0,91127.0
0,0,62,9,78,0,0,0,0,0,0,0,0,33,0.0,0.0,0.0,0.0,0.18,0.06,0.0,255,22,0.09,0.01,0.09,0.0,0.0,0.0,0.0,0,59310.0
0,1,6,5,0,0,0,0,0,0,0,0,0,106,1.0,1.0,0.0,0.0,0.09,0.08,0.0,255,10,0.04,0.07,0.0,0.0,1.0,1.0,0.0,1,111675.0
0,1,46,5,0,0,0,0,0,0,0,0,0,89,1.0,1.0,0.0,0.0,0.27,0.04,0.0,255,24,0.09,0.05,0.0,0.0,1.0,1.0,0.0,1,45954.0
0,2,11,9,45,45,0,0,0,0,0,0,0,213,0.0,0.0,0.0,0.0,1.0,0.0,0.0,255,255,1.0,0.0,0.0,0.0,0.0,0.0,0.0,0,65902.0
0,1,46,5,0,0,0,0,0,0,0,0,0,37,1.0,1.0,0.0,0.0,0.3,0.16,0.0,255,13,0.05,0.09,0.0,0.0,1.0,1.0,0.0,1,1646.0
0,2,11,9,44,44,0,0,0,0,0,0,0,159,0.0,0.0,0.0,0.0,1.0,0.0,0.0,255,255,1.0,0.0,0.01,0.0,0.0,0.0,0.0,0,55006.0
0,1,46,5,0,0,0,0,0,0,0,0,0,218,1.0,1.0,0.0,0.0,0.09,0.06,0.0,255,19,0.07,0.05,0.0,0.0,1.0,1.0,0.0,1,9373.0
0,1,22,9,233,2239,0,0,1,0,0,0,0,6,0.17,0.17,0.0,0.0,1.0,0.0,0.0,255,248,0.97,0.01,0.0,0.0,0.0,0.0,0.0,0,22822.0
0,1,46,5,0,0,0,0,0,0,0,0,0,242,1.0,1.0,0.0,0.0,0.02,0.06,0.0,255,2,0.01,0.08,0.0,0.0,1.0,1.0,0.0,1,31846.0
5,1,51,9,1757,361,0,0,1,0,0,0,0,3,0.0,0.0,0.0,0.0,0.33,0.67,0.75,255,19,0.07,0.6,0.0,0.0,0.0,0.05,0.0,0,18592.0
0,1,22,9,285,261,0,0,1,0,0,0,0,14,0.0,0.0,0.0,0.0,1.0,0.0,0.09,218,255,1.0,0.0,0.0,0.01,0.0,0.0,0.0,0,21415.0
1,1,51,9,785,441,0,0,1,0,0,0,0,1,0.0,0.0,0.0,0.0,1.0,0.0,1.0,113,152,0.6,0.03,0.01,0.01,0.0,0.0,0.0,0,25303.0
0,1,51,9,46,282,0,0,1,1,0,0,0,1,0.0,0.0,0.0,0.0,1.0,0.0,0.0,154,61,0.4,0.05,0.01,0.0,0.0,0.0,0.0,0,10808.0
0,0,13,9,8,0,0,0,0,0,0,0,0,1,0.0,0.0,0.0,0.0,1.0,0.0,1.0,2,202,1.0,0.0,1.0,0.5,0.0,0.0,0.0,1,31755.0
0,1,22,9,217,4061,0,0,1,0,0,0,0,8,0.0,0.0,0.0,0.0,1.0,0.0,0.12,255,255,1.0,0.0,0.0,0.0,0.0,0.0,0.0,0,34671.0
0,1,41,1,0,0,0,0,0,0,0,0,0,511,0.14,0.0,0.86,1.0,0.0,1.0,0.0,255,1,0.0,1.0,0.0,0.0,0.01,0.0,1.0,1,97405.0
0,1,46,5,0,0,0,0,0,0,0,0,0,59,1.0,1.0,0.0,0.0,0.08,0.1,0.0,255,5,0.02,0.05,0.0,0.0,1.0,1.0,0.0,1,49591.0
0,1,46,5,0,0,0,0,0,0,0,0,0,268,1.0,1.0,0.0,0.0,0.06,0.04,0.0,255,15,0.06,0.05,0.0,0.0,1.0,1.0,0.0,1,35050.0
0,1,33,1,0,0,0,0,0,0,0,0,0,242,0.0,0.0,1.0,1.0,0.02,0.07,0.0,255,5,0.02,0.07,0.0,0.0,0.0,0.0,1.0,1,85313.0
0,1,46,1,0,0,0,0,0,0,0,0,0,259,0.0,0.0,1.0,1.0,0.06,0.06,0.0,255,16,0.06,0.08,0.0,0.0,0.0,0.0,1.0,1,59370.0
7779,1,0,2,1313,4946,0,0,1,0,0,0,0,1,0.0,0.0,1.0,1.0,1.0,0.0,0.0,104,10,0.1,0.02,0.01,0.0,0.0,0.0,1.0,0,94747.0
0,1,38,5,0,0,0,0,0,0,0,0,0,104,1.0,1.0,0.0,0.0,0.13,0.06,0.0,255,19,0.07,0.07,0.0,0.0,1.0,1.0,0.0,1,78141.0
0,1,46,5,0,0,0,0,0,0,0,0,0,107,1.0,1.0,0.0,0.0,0.06,0.07,0.0,50,6,0.12,0.12,0.02,0.0,1.0,1.0,0.0,1,67203.0
0,1,22,9,300,707,0,0,1,0,0,0,0,4,0.0,0.0,0.0,0.0,1.0,0.0,0.0,255,255,1.0,0.0,0.0,0.0,0.0,0.0,0.0,0,64519.0
0,1,16,2,0,0,0,0,0,0,0,0,0,98,0.0,0.0,1.0,1.0,0.01,0.07,0.0,255,1,0.0,0.07,0.0,0.0,0.0,0.0,1.0,1,109859.0
0,1,55,5,0,0,0,0,0,0,0,0,0,123,1.0,1.0,0.0,0.0,0.14,0.07,0.0,255,17,0.07,0.06,0.0,0.0,1.0,1.0,0.0,1,6493.0
0,1,39,5,0,0,0,0,0,0,0,0,0,248,1.0,1.0,0.0,0.0,0.02,0.05,0.0,255,5,0.02,0.06,0.0,0.0,1.0,1.0,0.0,1,48969.0
0,1,22,9,294,10420,0,0,1,0,0,0,0,12,0.0,0.0,0.0,0.0,1.0,0.0,0.0,156,255,1.0,0.0,0.01,0.03,0.0,0.0,0.0,0,58711.0
0,1,57,5,0,0,0,0,0,0,0,0,0,74,1.0,1.0,0.0,0.0,0.26,0.05,0.0,255,52,0.2,0.05,0.01,0.0,1.0,1.0,0.0,1,35515.0
0,1,22,9,227,303,0,0,1,0,0,0,0,25,0.0,0.0,0.0,0.0,1.0,0.0,0.0,25,255,1.0,0.0,0.04,0.02,0.0,0.0,0.0,0,73293.0
0,1,22,9,202,18347,0,0,1,0,0,0,0,3,0.33,0.14,0.0,0.14,1.0,0.0,0.29,52,255,1.0,0.0,0.02,0.02,0.02,0.0,0.0,0,61928.0
16,1,51,9,11499,1370,0,0,1,0,0,0,0,1,0.0,0.0,0.0,0.0,1.0,0.0,0.0,135,183,0.64,0.02,0.01,0.01,0.01,0.01,0.0,0,124344.0
0,0,14,9,1032,0,0,0,0,0,0,0,0,511,0.0,0.0,0.0,0.0,1.0,0.0,0.0,255,65,0.25,0.15,0.25,0.0,0.0,0.0,0.0,1,115846.0
0,0,13,9,8,0,0,0,0,0,0,0,0,1,0.0,0.0,0.0,0.0,1.0,0.0,1.0,4,42,1.0,0.0,1.0,0.26,0.0,0.0,0.0,1,82427.0
1120,2,41,9,147,105,0,0,0,0,0,0,0,3,0.0,0.0,0.0,0.0,0.67,0.67,0.0,255,2,0.01,0.84,1.0,0.0,0.0,0.0,0.0,0,123667.0
0,1,46,5,0,0,0,0,0,0,0,0,0,96,1.0,1.0,0.0,0.0,0.01,0.07,0.0,255,12,0.05,0.06,0.0,0.0,1.0,1.0,0.0,1,118303.0
0,1,22,9,235,2507,0,0,1,0,0,0,0,6,0.17,0.17,0.0,0.0,1.0,0.0,0.0,15,15,1.0,0.0,0.07,0.0,0.07,0.07,0.0,0,74830.0
0,1,22,9,229,301,0,0,1,0,0,0,0,4,0.0,0.0,0.0,0.0,1.0,0.0,0.0,42,255,1.0,0.0,0.02,0.02,0.0,0.01,0.04,0,47708.0
0,0,13,9,8,0,0,0,0,0,0,0,0,1,0.0,0.0,0.0,0.0,1.0,0.0,1.0,1,193,1.0,0.0,1.0,0.5,0.0,0.0,0.0,1,90092.0
0,2,11,9,43,108,0,0,0,0,0,0,0,200,0.0,0.0,0.0,0.0,1.0,0.0,0.0,255,255,1.0,0.0,0.0,0.0,0.0,0.0,0.0,0,84852.0
0,1,19,9,212,0,0,0,1,0,0,1,0,2,0.0,0.0,0.0,0.0,1.0,0.0,0.0,92,73,0.16,0.07,0.16,0.03,0.01,0.0,0.0,0,122668.0
0,1,22,9,213,1108,0,0,1,0,0,0,0,3,0.33,0.33,0.0,0.0,1.0,0.0,0.0,125,255,1.0,0.0,0.01,0.01,0.01,0.0,0.03,0,87356.0
0,1,22,9,216,2431,0,0,1,0,0,0,0,2,0.0,0.0,0.0,0.0,1.0,0.0,0.0,255,255,1.0,0.0,0.0,0.0,0.0,0.0,0.0,0,69289.0
0,0,13,9,8,0,0,0,0,0,0,0,0,1,0.0,0.0,0.0,0.0,1.0,0.0,1.0,2,222,1.0,0.0,1.0,0.25,0.0,0.0,0.0,1,105715.0
0,1,22,9,0,3327,0,0,0,0,0,0,0,15,0.07,0.07,0.0,0.0,1.0,0.0,0.0,48,255,1.0,0.0,0.02,0.02,0.02,0.0,0.0,0,37911.0
0,1,19,9,95,0,0,0,0,0,0,0,0,1,0.0,0.0,0.0,0.0,1.0,0.0,0.0,9,82,0.78,0.22,0.78,0.04,0.0,0.0,0.0,0,79259.0
0,1,22,9,279,14361,0,0,1,0,0,0,0,19,0.0,0.0,0.0,0.0,1.0,0.0,0.0,40,255,1.0,0.0,0.03,0.01,0.0,0.0,0.0,0,47845.0
0,1,25,1,0,0,0,0,0,0,0,0,0,274,0.0,0.0,1.0,1.0,0.04,0.06,0.0,255,11,0.04,0.08,0.0,0.0,0.0,0.0,1.0,1,60713.0
2,1,51,9,1070,330,0,0,1,0,0,0,0,1,0.0,0.0,0.0,0.0,1.0,0.0,1.0,142,120,0.59,0.04,0.01,0.02,0.0,0.0,0.0,0,66660.0
0,1,22,9,300,8875,0,0,1,0,0,0,0,15,0.0,0.0,0.0,0.0,1.0,0.0,0.15,42,255,1.0,0.0,0.02,0.06,0.0,0.0,0.0,0,108592.0
0,1,46,1,0,0,0,0,0,0,0,0,0,216,0.0,0.0,1.0,1.0,0.08,0.06,0.0,255,18,0.07,0.08,0.0,0.0,0.0,0.0,1.0,1,23286.0
0,1,22,5,0,0,0,0,0,0,0,0,0,53,1.0,1.0,0.0,0.0,0.32,0.08,0.0,255,66,0.26,0.02,0.01,0.0,1.0,1.0,0.0,1,70141.0
0,1,22,5,0,0,0,0,0,0,0,0,0,19,1.0,1.0,0.0,0.0,0.47,0.21,0.0,255,65,0.25,0.02,0.0,0.0,1.0,1.0,0.0,1,8151.0
0,1,51,9,607,327,0,0,1,0,0,0,0,1,0.0,0.0,0.0,0.0,1.0,0.0,0.0,44,195,0.77,0.09,0.02,0.01,0.0,0.0,0.0,0,68512.0
3,1,51,9,11436,1383,0,0,1,0,0,0,0,1,0.0,0.0,0.0,0.0,1.0,0.0,1.0,176,142,0.62,0.02,0.01,0.01,0.0,0.0,0.02,0,814.0
0,1,22,9,316,1432,0,0,1,0,0,0,0,9,0.0,0.0,0.0,0.0,1.0,0.0,0.0,255,255,1.0,0.0,0.01,0.0,0.0,0.0,0.0,0,72393.0
0,1,22,9,215,442,0,0,1,0,0,0,0,5,0.0,0.0,0.0,0.0,1.0,0.0,0.0,26,255,1.0,0.0,0.04,0.02,0.0,0.0,0.0,0,43419.0
0,1,22,9,216,654,0,0,1,0,0,0,0,19,0.0,0.0,0.0,0.0,1.0,0.0,0.0,255,255,1.0,0.0,0.0,0.0,0.0,0.0,0.0,0,1920.0
0,1,41,1,0,0,0,0,0,0,0,0,0,510,0.09,0.0,0.91,1.0,0.0,1.0,0.0,255,1,0.0,1.0,0.0,0.0,0.08,0.0,1.0,1,86016.0
0,1,22,9,204,6546,0,0,1,0,0,0,0,5,0.0,0.0,0.0,0.0,1.0,0.0,0.0,74,255,1.0,0.0,0.01,0.03,0.0,0.0,0.0,0,85494.0
0,1,19,9,12,0,0,0,1,0,0,0,0,1,0.0,0.0,0.0,0.0,1.0,0.0,0.0,200,53,0.26,0.01,0.26,0.0,0.0,0.0,0.0,0,84435.0
0,1,46,1,0,0,0,0,0,0,0,0,0,93,0.0,0.0,1.0,1.0,0.04,0.09,0.0,255,4,0.02,0.07,0.0,0.0,0.0,0.0,1.0,1,23452.0
0,2,11,9,42,148,0,0,0,0,0,0,0,143,0.0,0.0,0.0,0.0,1.0,0.0,0.02,255,254,1.0,0.01,0.0,0.0,0.0,0.0,0.0,0,114036.0
0,2,11,9,43,133,0,0,0,0,0,0,0,280,0.0,0.0,0.0,0.0,1.0,0.01,0.0,245,210,0.86,0.01,0.0,0.0,0.0,0.0,0.0,0,32220.0
0,1,57,5,0,0,0,0,0,0,0,0,0,278,1.0,1.0,0.0,0.0,0.03,0.06,0.0,255,7,0.03,0.07,0.0,0.0,1.0,1.0,0.0,1,4168.0
0,1,6,5,0,0,0,0,0,0,0,0,0,272,1.0,1.0,0.0,0.0,0.05,0.06,0.0,255,6,0.02,0.08,0.0,0.0,1.0,1.0,0.0,1,90878.0
5051,1,19,9,5135678,0,0,4,1,0,0,0,0,1,0.0,0.0,0.0,0.0,1.0,0.0,0.0,5,30,1.0,0.0,1.0,0.17,0.0,0.0,0.0,0,85482.0
0,1,22,9,288,11846,0,0,1,0,0,0,0,9,0.0,0.0,0.0,0.0,1.0,0.0,0.0,39,255,1.0,0.0,0.03,0.03,0.0,0.0,0.0,0,44192.0
22,1,18,9,248,781,0,4,1,0,0,0,0,1,0.0,0.0,0.0,0.0,1.0,0.0,0.0,233,26,0.11,0.03,0.0,0.0,0.0,0.0,0.0,0,72098.0
0,1,22,9,227,5835,0,0,1,0,0,0,0,6,0.0,0.0,0.0,0.0,1.0,0.0,0.0,255,255,1.0,0.0,0.0,0.0,0.0,0.0,0.0,0,32214.0
0,1,46,5,0,0,0,0,0,0,0,0,0,102,0.99,1.0,0.0,0.0,0.01,0.07,0.0,255,1,0.0,0.06,0.0,0.0,1.0,1.0,0.0,1,54297.0
0,1,57,5,0,0,0,0,0,0,0,0,0,51,1.0,1.0,0.0,0.0,0.2,0.08,0.0,255,55,0.22,0.04,0.02,0.0,1.0,1.0,0.0,1,14620.0
0,1,46,5,0,0,0,0,0,0,0,0,0,194,1.0,1.0,0.0,0.0,0.03,0.06,0.0,255,18,0.07,0.07,0.0,0.0,1.0,1.0,0.0,1,79899.0
0,1,22,9,253,1001,0,0,1,0,0,0,0,2,0.5,0.5,0.0,0.0,1.0,0.0,0.0,255,255,1.0,0.0,0.0,0.0,0.01,0.01,0.0,0,24593.0
0,1,22,9,214,479,0,0,1,0,0,0,0,5,0.0,0.0,0.0,0.0,1.0,0.0,0.0,255,255,1.0,0.0,0.0,0.0,0.0,0.0,0.0,0,37403.0
0,1,22,9,206,2543,0,0,1,0,0,0,0,2,0.0,0.0,0.0,0.0,1.0,0.0,0.0,255,255,1.0,0.0,0.0,0.0,0.0,0.0,0.0,0,50200.0
0,1,63,5,0,0,0,0,0,0,0,0,0,128,1.0,1.0,0.0,0.0,0.02,0.07,0.0,255,2,0.01,0.06,0.0,0.0,1.0,1.0,0.0,1,15240.0
0,1,63,5,0,0,0,0,0,0,0,0,0,146,1.0,1.0,0.0,0.0,0.12,0.06,0.0,255,20,0.08,0.07,0.0,0.0,1.0,1.0,0.0,1,66664.0
15163,1,18,9,367,1202,0,6,1,0,0,0,0,1,0.0,0.0,0.0,0.0,1.0,0.0,0.0,255,4,0.02,0.02,0.0,0.0,0.2,0.0,0.0,1,92153.0
0,1,22,9,166,22342,0,0,1,0,0,0,0,1,0.0,0.0,0.0,0.0,1.0,0.0,0.0,1,255,1.0,0.0,1.0,0.05,0.0,0.01,0.0,0,95776.0
0,2,46,9,28,0,3,0,0,0,0,0,0,21,0.0,0.0,0.0,0.0,1.0,0.0,0.0,255,21,0.08,0.02,0.08,0.0,0.0,0.0,0.0,1,424.0
0,1,22,9,207,30886,0,0,1,0,0,0,0,2,0.0,0.0,0.0,0.0,1.0,0.0,0.0,2,255,1.0,0.0,0.5,0.02,0.0,0.0,0.0,0,124514.0
0,1,35,1,0,0,0,0,0,0,0,0,0,229,0.0,0.0,1.0,1.0,0.03,0.06,0.0,255,7,0.03,0.07,0.0,0.0,0.0,0.0,1.0,1,123411.0
0,1,35,1,0,0,0,0,0,0,0,0,0,148,0.0,0.0,1.0,1.0,0.13,0.05,0.0,255,11,0.04,0.08,0.0,0.0,0.0,0.0,1.0,1,120952.0
0,1,24,5,0,0,0,0,0,0,0,0,0,116,1.0,1.0,0.0,0.0,0.12,0.06,0.0,255,9,0.04,0.05,0.0,0.0,1.0,1.0,0.0,1,36940.0
0,1,51,9,1627,332,0,0,1,0,0,0,0,1,0.0,0.0,0.0,0.0,1.0,0.0,0.0,140,204,0.77,0.02,0.01,0.01,0.0,0.0,0.0,0,105270.0
0,1,22,9,54540,8314,0,2,1,1,0,0,0,3,0.0,0.0,0.0,0.25,1.0,0.0,0.5,42,42,1.0,0.0,0.02,0.0,0.0,0.0,0.0,1,62823.0
0,0,14,9,1032,0,0,0,0,0,0,0,0,510,0.0,0.0,0.0,0.0,1.0,0.0,0.0,255,245,0.96,0.01,0.96,0.0,0.0,0.0,0.0,1,111517.0
0,1,41,1,0,0,0,0,0,0,0,0,0,412,0.07,0.0,0.9,1.0,0.0,1.0,0.0,255,1,0.0,1.0,0.0,0.0,0.08,0.0,1.0,1,57565.0
0,1,6,5,0,0,0,0,0,0,0,0,0,260,1.0,1.0,0.0,0.0,0.03,0.07,0.0,255,8,0.03,0.09,0.0,0.0,1.0,1.0,0.0,1,73531.0
1,1,17,9,6,138,0,0,0,0,0,0,0,3,0.0,0.0,0.0,0.0,0.33,0.67,0.0,255,3,0.01,0.37,0.0,0.0,0.0,0.0,0.0,0,57520.0
0,2,46,9,28,0,3,0,0,0,0,0,0,43,0.0,0.0,0.0,0.0,1.0,0.0,0.0,255,43,0.17,0.02,0.17,0.0,0.0,0.0,0.0,1,7789.0
0,1,46,1,0,0,0,0,0,0,0,0,0,231,0.11,0.0,0.88,1.0,0.0,1.0,0.0,255,1,0.0,0.96,0.0,0.0,0.1,0.0,1.0,1,90120.0
0,1,22,9,319,468,0,0,1,0,0,0,0,3,0.0,0.0,0.0,0.0,1.0,0.0,0.5,255,255,1.0,0.0,0.0,0.0,0.01,0.01,0.0,0,69440.0
0,1,51,9,955,336,0,0,1,0,0,0,0,1,0.0,0.0,0.0,0.0,1.0,0.0,0.0,78,92,0.55,0.05,0.01,0.02,0.0,0.01,0.0,0,120252.0
0,1,19,9,7280,0,0,0,1,0,0,0,0,13,0.0,0.0,0.0,0.0,1.0,0.0,0.13,255,101,0.4,0.02,0.4,0.0,0.0,0.0,0.0,0,125727.0
0,1,22,9,280,8498,0,0,1,0,0,0,0,4,0.0,0.0,0.0,0.0,1.0,0.0,0.0,250,255,1.0,0.0,0.01,0.01,0.0,0.0,0.0,0,119862.0
0,1,22,9,323,1454,0,0,1,0,0,0,0,9,0.0,0.0,0.0,0.04,1.0,0.0,0.17,27,255,1.0,0.0,0.04,0.02,0.0,0.0,0.0,0,25585.0
0,1,3,1,0,0,0,0,0,0,0,0,0,234,0.0,0.0,1.0,1.0,0.01,0.07,0.0,255,3,0.01,0.08,0.0,0.0,0.0,0.0,1.0,1,28211.0
0,1,22,9,209,626,0,0,1,0,0,0,0,12,0.0,0.0,0.0,0.0,1.0,0.0,0.15,255,255,1.0,0.0,0.01,0.0,0.0,0.0,0.0,0,97149.0
0,1,22,9,319,320,0,0,1,0,0,0,0,1,0.0,0.0,0.0,0.0,1.0,0.0,0.0,255,255,1.0,0.0,0.0,0.0,0.0,0.0,0.0,0,113414.0
0,1,30,1,0,0,0,0,0,0,0,0,0,1,0.0,0.0,1.0,1.0,1.0,0.0,0.0,68,2,0.01,1.0,0.01,1.0,0.0,0.0,1.0,1,72555.0
0,1,37,5,0,0,0,0,0,0,0,0,0,265,1.0,1.0,0.0,0.0,0.02,0.06,0.0,255,9,0.04,0.08,0.0,0.0,1.0,1.0,0.0,1,10403.0
0,1,22,9,236,1396,0,0,1,0,0,0,0,4,0.0,0.0,0.0,0.0,1.0,0.0,0.38,255,255,1.0,0.0,0.0,0.0,0.0,0.0,0.0,0,48111.0
0,1,46,5,0,0,0,0,0,0,0,0,0,267,1.0,1.0,0.0,0.0,0.01,0.06,0.0,255,1,0.0,0.04,0.0,0.0,1.0,1.0,0.0,1,1819.0
0,1,22,9,317,398,0,0,1,0,0,0,0,4,0.0,0.0,0.0,0.0,1.0,0.0,0.0,4,255,1.0,0.0,0.25,0.05,0.0,0.0,0.0,0,2308.0
0,1,46,5,0,0,0,0,0,0,0,0,0,123,1.0,1.0,0.0,0.0,0.02,0.07,0.0,71,3,0.04,0.1,0.01,0.0,1.0,1.0,0.0,1,33975.0
0,2,11,9,46,132,0,0,0,0,0,0,0,189,0.0,0.0,0.0,0.0,1.0,0.0,0.01,255,253,0.99,0.01,0.0,0.0,0.0,0.0,0.0,0,9242.0
0,1,22,9,236,327,0,0,1,0,0,0,0,3,0.0,0.0,0.0,0.0,1.0,0.0,0.31,132,255,1.0,0.0,0.01,0.02,0.0,0.0,0.0,0,14916.0
0,1,22,9,155,8768,0,0,1,0,0,0,0,5,0.0,0.0,0.0,0.0,1.0,0.0,0.0,5,255,1.0,0.0,0.2,0.01,0.0,0.01,0.0,0,84439.0
0,1,22,9,232,406,0,0,1,0,0,0,0,34,0.0,0.0,0.0,0.0,1.0,0.0,0.0,255,255,1.0,0.0,0.0,0.0,0.0,0.0,0.0,0,34862.0
0,1,7,1,0,0,0,0,0,0,0,0,0,256,0.0,0.0,1.0,1.0,0.02,0.07,0.0,255,5,0.02,0.07,0.0,0.0,0.0,0.0,1.0,1,10076.0
18521,1,41,4,1,0,0,0,0,0,0,0,0,2,0.0,0.0,1.0,1.0,1.0,0.0,0.0,255,2,0.01,0.73,1.0,0.0,0.0,0.0,1.0,1,11356.0
0,1,46,5,0,0,0,0,0,0,0,0,0,208,1.0,1.0,0.0,0.0,0.02,0.06,0.0,255,2,0.01,0.07,0.0,0.0,1.0,1.0,0.0,1,102164.0
0,1,51,9,1602,336,0,0,1,0,0,0,0,1,0.0,0.0,0.0,0.0,1.0,0.0,0.0,255,149,0.58,0.02,0.0,0.0,0.0,0.01,0.0,0,31705.0
1,1,46,4,0,0,0,0,0,0,0,0,0,27,0.0,0.0,1.0,1.0,0.07,0.52,0.0,197,2,0.01,0.09,0.14,0.0,0.01,0.0,1.0,1,22899.0
0,1,8,5,0,0,0,0,0,0,0,0,0,209,1.0,1.0,0.0,0.0,0.01,0.08,0.0,255,3,0.01,0.08,0.0,0.0,1.0,1.0,0.0,1,45477.0
0,1,22,9,247,1884,0,0,1,0,0,0,0,6,0.0,0.0,0.0,0.0,1.0,0.0,0.0,23,255,1.0,0.0,0.04,0.01,0.0,0.0,0.0,0,90989.0
0,1,22,9,263,5557,0,0,1,0,0,0,0,10,0.0,0.0,0.0,0.0,1.0,0.0,0.09,56,255,1.0,0.0,0.02,0.03,0.0,0.0,0.0,0,25347.0
0,2,11,9,44,110,0,0,0,0,0,0,0,41,0.0,0.0,0.0,0.0,1.0,0.0,0.01,99,223,0.86,0.02,0.86,0.01,0.0,0.0,0.0,0,105163.0
0,1,22,9,224,1155,0,0,1,0,0,0,0,29,0.0,0.0,0.0,0.0,1.0,0.0,0.1,255,255,1.0,0.0,0.0,0.0,0.0,0.0,0.0,0,28635.0
0,1,4,5,0,0,0,0,0,0,0,0,0,22,1.0,1.0,0.0,0.0,0.45,0.18,0.0,255,10,0.04,0.08,0.0,0.0,1.0,1.0,0.0,1,3098.0
0,1,51,9,1132,279,0,0,1,0,0,0,0,1,0.0,0.0,0.0,0.0,1.0,0.0,0.0,119,141,0.54,0.06,0.01,0.01,0.0,0.0,0.0,0,2170.0
0,1,24,5,0,0,0,0,0,0,0,0,0,133,1.0,1.0,0.0,0.0,0.14,0.05,0.0,255,18,0.07,0.05,0.0,0.0,1.0,1.0,0.0,1,37316.0
0,1,51,9,795,335,0,0,1,0,0,0,0,1,0.0,0.0,0.0,0.0,1.0,0.0,0.0,4,130,1.0,0.0,0.25,0.02,0.0,0.0,0.0,0,107596.0
0,0,14,9,1032,0,0,0,0,0,0,0,0,442,0.0,0.0,0.0,0.0,1.0,0.0,0.0,255,255,1.0,0.0,1.0,0.0,0.0,0.0,0.0,1,47351.0
0,1,51,9,771,325,0,0,1,0,0,0,0,1,0.0,0.0,0.0,0.0,1.0,0.0,1.0,247,173,0.7,0.02,0.0,0.0,0.0,0.0,0.0,0,27990.0
0,1,22,9,338,10111,0,0,1,0,0,0,0,1,0.0,0.0,0.0,0.0,1.0,0.0,0.0,4,255,1.0,0.0,0.25,0.03,0.0,0.0,0.0,0,10002.0
0,1,51,9,3360,327,0,0,1,0,0,0,0,1,0.0,0.0,0.0,0.0,1.0,0.0,0.0,8,47,1.0,0.0,0.12,0.04,0.0,0.0,0.0,0,17853.0
45,1,57,9,125,11184,0,0,1,0,0,0,0,1,0.0,0.0,0.0,0.0,1.0,0.0,0.0,189,1,0.01,0.04,0.01,0.0,0.01,0.0,0.0,0,62153.0
0,1,31,5,0,0,0,0,0,0,0,0,0,138,1.0,1.0,0.0,0.0,0.12,0.06,0.0,255,16,0.06,0.07,0.0,0.0,1.0,1.0,0.0,1,22583.0
0,1,22,9,159,27305,0,0,1,0,0,0,0,1,0.0,0.0,0.0,0.0,1.0,0.0,0.0,255,255,1.0,0.0,0.0,0.0,0.0,0.0,0.0,0,92245.0
0,1,22,9,225,301,0,0,1,0,0,0,0,27,0.0,0.0,0.0,0.0,1.0,0.0,0.0,255,255,1.0,0.0,0.0,0.0,0.0,0.0,0.0,0,25310.0
0,1,8,5,0,0,0,0,0,0,0,0,0,147,1.0,1.0,0.0,0.0,0.05,0.07,0.0,255,7,0.03,0.07,0.0,0.0,1.0,1.0,0.0,1,47362.0
0,1,46,5,0,0,0,0,0,0,0,0,0,279,1.0,1.0,0.0,0.0,0.05,0.06,0.0,255,2,0.01,0.07,0.0,0.0,1.0,1.0,0.0,1,102553.0
0,1,46,4,0,0,0,0,0,0,0,0,0,1,0.0,0.0,1.0,1.0,1.0,0.0,0.0,255,1,0.0,0.23,0.22,0.0,0.0,0.0,1.0,1,5846.0
0,1,22,9,295,3350,0,0,1,0,0,0,0,18,0.0,0.0,0.0,0.0,1.0,0.0,0.08,18,255,1.0,0.0,0.06,0.01,0.0,0.0,0.0,0,24275.0
0,1,22,9,201,2245,0,0,1,0,0,0,0,3,0.0,0.0,0.0,0.0,1.0,0.0,0.0,25,255,1.0,0.0,0.04,0.04,0.04,0.0,0.0,0,69189.0
0,1,25,5,0,0,0,0,0,0,0,0,0,277,1.0,1.0,0.0,0.0,0.05,0.06,0.0,255,15,0.06,0.06,0.0,0.0,1.0,1.0,0.0,1,23389.0
0,1,36,5,0,0,0,0,0,0,0,0,0,287,1.0,1.0,0.0,0.0,0.08,0.05,0.0,255,23,0.09,0.05,0.0,0.0,1.0,1.0,0.0,1,8654.0
0,2,41,9,145,0,0,0,0,0,0,0,0,1,0.0,0.0,0.0,0.0,1.0,0.0,0.0,255,2,0.01,0.68,0.96,0.0,0.0,0.0,0.0,0,57631.0
31138,1,46,4,1,0,0,0,0,0,0,0,0,2,0.0,0.0,1.0,1.0,1.0,0.0,0.0,255,2,0.01,0.79,1.0,0.0,0.0,0.0,1.0,1,114960.0
2,1,18,9,1232,2451,0,28,1,0,0,0,0,1,0.0,0.0,0.0,0.0,1.0,0.0,0.0,255,106,0.42,0.02,0.0,0.0,0.0,0.0,0.0,0,77871.0
0,1,46,5,0,0,0,0,0,0,0,0,0,254,1.0,1.0,0.0,0.0,0.05,0.06,0.0,255,14,0.05,0.07,0.0,0.0,1.0,1.0,0.0,1,86615.0
0,0,13,9,8,0,0,0,0,0,0,0,0,1,0.0,0.0,0.0,0.0,1.0,0.0,1.0,2,62,1.0,0.0,1.0,0.52,0.0,0.0,0.0,1,124318.0
0,1,22,9,220,619,0,0,1,0,0,0,0,10,0.0,0.0,0.0,0.0,1.0,0.0,0.18,31,255,1.0,0.0,0.03,0.02,0.0,0.02,0.03,0,102193.0
0,1,19,9,59,0,0,0,1,0,0,0,0,23,0.0,0.0,0.0,0.0,1.0,0.0,0.0,247,60,0.24,0.02,0.24,0.0,0.0,0.0,0.0,0,95386.0
0,0,14,9,1032,0,0,0,0,0,0,0,0,357,0.0,0.0,0.0,0.0,1.0,0.0,0.0,255,255,1.0,0.0,1.0,0.0,0.0,0.0,0.0,1,120258.0
7,1,57,9,101,1291,0,0,1,0,0,0,0,1,0.0,0.0,0.0,0.0,1.0,0.0,0.0,11,5,0.09,0.36,0.09,0.6,0.0,0.0,0.0,0,70767.0
0,1,19,9,965,0,0,0,1,0,0,0,0,10,0.0,0.0,0.0,0.0,1.0,0.0,0.0,247,79,0.32,0.02,0.32,0.0,0.0,0.0,0.0,0,41747.0
0,1,5,5,0,0,0,0,0,0,0,0,0,106,1.0,1.0,0.0,0.0,0.06,0.06,0.0,255,6,0.02,0.05,0.0,0.0,1.0,1.0,0.0,1,63140.0
0,1,19,5,0,0,0,0,0,0,0,0,0,142,1.0,1.0,0.0,0.0,0.04,0.06,0.0,255,6,0.02,0.06,0.0,0.0,1.0,1.0,0.0,1,17878.0
0,1,22,9,307,2239,0,0,1,0,0,0,0,7,0.0,0.0,0.0,0.0,1.0,0.0,0.0,184,170,0.92,0.02,0.01,0.0,0.0,0.0,0.0,0,114507.0
0,1,46,5,0,0,0,0,0,0,0,0,0,27,1.0,1.0,0.0,0.0,0.15,0.22,0.0,255,14,0.05,0.08,0.0,0.0,1.0,1.0,0.0,1,38827.0
1,1,22,9,148,14506,0,0,1,0,0,0,0,1,0.0,0.0,0.0,0.0,1.0,0.0,1.0,255,255,1.0,0.0,0.0,0.0,0.0,0.0,0.0,0,69865.0
0,1,46,5,0,0,0,0,0,0,0,0,0,257,1.0,1.0,0.0,0.0,0.06,0.06,0.0,255,10,0.04,0.07,0.0,0.0,1.0,1.0,0.0,1,62598.0
0,1,22,9,332,503,0,0,1,0,0,0,0,21,0.0,0.0,0.0,0.0,1.0,0.0,0.0,255,255,1.0,0.0,0.0,0.0,0.0,0.0,0.0,0,51390.0
0,1,22,9,341,466,0,0,1,0,0,0,0,23,0.0,0.0,0.0,0.0,1.0,0.0,0.1,255,255,1.0,0.0,0.0,0.0,0.0,0.0,0.0,0,99821.0
0,2,11,9,44,126,0,0,0,0,0,0,0,186,0.0,0.0,0.0,0.0,1.0,0.0,0.01,255,253,0.99,0.01,0.0,0.0,0.0,0.0,0.0,0,96484.0
0,2,11,9,44,76,0,0,0,0,0,0,0,107,0.0,0.0,0.0,0.0,1.0,0.0,0.0,255,255,1.0,0.0,0.01,0.0,0.0,0.0,0.0,0,5048.0
3,1,51,9,1607,328,0,0,1,0,0,0,0,1,0.0,0.0,0.0,0.0,1.0,0.0,0.5,92,93,0.36,0.04,0.01,0.02,0.0,0.0,0.0,0,94404.0
0,1,22,9,313,4179,0,0,1,0,0,0,0,16,0.0,0.0,0.0,0.0,1.0,0.0,0.0,16,255,1.0,0.0,0.06,0.05,0.0,0.0,0.0,0,78382.0
0,1,22,9,189,45282,0,0,1,0,0,0,0,3,0.0,0.0,0.0,0.0,1.0,0.0,0.0,255,255,1.0,0.0,0.0,0.0,0.01,0.01,0.0,0,94147.0
0,1,22,9,238,1627,0,0,1,0,0,0,0,20,0.0,0.0,0.0,0.0,1.0,0.0,0.0,255,255,1.0,0.0,0.0,0.0,0.0,0.0,0.0,0,93154.0
0,0,13,9,8,0,0,0,0,0,0,0,0,1,0.0,0.0,0.0,0.0,1.0,0.0,1.0,1,44,1.0,0.0,1.0,0.52,0.0,0.0,0.0,1,117660.0
0,1,46,1,0,0,0,0,0,0,0,0,0,108,0.01,0.0,0.92,1.0,0.01,1.0,0.0,255,1,0.0,0.44,0.0,0.0,0.0,0.0,1.0,1,13929.0
0,1,26,5,0,0,0,0,0,0,0,0,0,285,1.0,1.0,0.0,0.0,0.02,0.06,0.0,255,1,0.0,0.07,0.0,0.0,1.0,1.0,0.0,1,85903.0
0,1,17,5,0,0,0,0,0,0,0,0,0,14,1.0,1.0,0.0,0.0,1.0,0.0,0.0,74,20,0.19,0.05,0.01,0.1,1.0,0.7,0.0,1,3550.0
0,1,22,9,362,327,0,0,1,0,0,0,0,2,0.0,0.0,0.0,0.0,1.0,0.0,0.13,99,255,1.0,0.0,0.01,0.01,0.0,0.0,0.0,0,115890.0
0,1,51,9,2200,328,0,0,1,0,0,0,0,2,0.0,0.0,0.0,0.0,0.5,1.0,0.0,141,98,0.7,0.05,0.01,0.0,0.0,0.0,0.0,0,53718.0
0,1,22,9,172,2595,0,0,1,0,0,0,0,1,0.0,0.0,0.0,0.0,1.0,0.0,0.2,31,255,1.0,0.0,0.03,0.02,0.0,0.0,0.0,0,60300.0
0,1,22,9,232,9017,0,0,1,0,0,0,0,1,0.0,0.0,0.0,0.0,1.0,0.0,0.22,6,255,1.0,0.0,0.17,0.05,0.0,0.0,0.0,0,105762.0
0,1,22,9,336,3915,0,0,1,0,0,0,0,2,0.0,0.0,0.0,0.0,1.0,0.0,0.67,2,255,1.0,0.0,0.5,0.02,0.0,0.0,0.0,0,6682.0
0,1,46,1,0,0,0,0,0,0,0,0,0,286,0.11,0.0,0.88,1.0,0.0,1.0,0.0,255,1,0.0,1.0,0.0,0.0,0.11,0.0,1.0,1,108478.0
0,1,46,5,0,0,0,0,0,0,0,0,0,200,1.0,1.0,0.0,0.0,0.07,0.07,0.0,255,14,0.05,0.08,0.0,0.0,1.0,1.0,0.0,1,42516.0
0,1,22,9,199,1056,0,0,1,0,0,0,0,3,0.0,0.0,0.0,0.0,1.0,0.0,0.28,125,255,1.0,0.0,0.01,0.04,0.0,0.0,0.0,0,114123.0
0,1,51,9,1564,329,0,0,1,0,0,0,0,2,0.0,0.0,0.0,0.0,0.5,1.0,0.0,186,191,0.75,0.02,0.01,0.01,0.0,0.0,0.0,0,19356.0
0,1,22,9,331,2309,0,0,1,0,0,0,0,4,0.0,0.0,0.0,0.0,1.0,0.0,0.3,21,255,1.0,0.0,0.05,0.03,0.0,0.0,0.0,0,39044.0
0,1,22,1,0,0,0,0,0,0,0,0,0,1,0.0,0.0,1.0,1.0,1.0,0.0,0.0,37,120,1.0,0.0,0.03,0.22,0.0,0.0,1.0,0,51136.0
0,1,22,9,281,296,0,0,1,0,0,0,0,8,0.0,0.0,0.0,0.0,1.0,0.0,0.2,255,255,1.0,0.0,0.0,0.0,0.0,0.0,0.0,0,48312.0
0,1,22,9,199,1705,0,0,1,0,0,0,0,29,0.0,0.0,0.0,0.0,1.0,0.0,0.07,255,255,1.0,0.0,0.0,0.0,0.0,0.0,0.0,0,85543.0
5041,1,41,9,5135678,0,0,3,1,0,0,0,0,1,0.0,0.0,0.0,0.0,1.0,0.0,0.0,255,1,0.0,0.08,0.32,0.0,0.01,0.0,0.0,0,36797.0
3,1,46,1,0,0,0,0,0,0,0,0,0,254,0.04,0.0,0.94,1.0,0.0,1.0,0.0,255,1,0.0,0.97,0.0,0.0,0.04,0.0,1.0,1,90567.0
0,1,51,9,909,331,0,0,1,0,0,0,0,1,0.0,0.0,0.0,0.0,1.0,0.0,1.0,85,147,0.59,0.06,0.01,0.01,0.0,0.0,0.0,0,37051.0
1,1,22,2,0,0,0,0,1,0,0,0,0,1,0.0,0.0,1.0,0.5,1.0,0.0,1.0,1,255,1.0,0.0,1.0,0.03,0.0,0.0,0.0,0,76331.0
0,1,3,5,0,0,0,0,0,0,0,0,0,262,1.0,1.0,0.0,0.0,0.07,0.06,0.0,255,19,0.07,0.06,0.0,0.0,1.0,1.0,0.0,1,11483.0
0,1,19,5,0,0,0,0,0,0,0,0,0,76,1.0,1.0,0.0,0.0,0.26,0.05,0.0,255,65,0.25,0.02,0.01,0.0,1.0,1.0,0.0,1,113970.0
12,1,19,9,7045,0,0,0,1,0,0,0,0,2,0.0,0.0,0.0,0.0,1.0,0.0,0.0,2,13,1.0,0.0,1.0,0.15,0.0,0.0,0.0,0,22537.0
0,1,15,5,0,0,0,0,0,0,0,0,0,147,1.0,1.0,0.0,0.0,0.13,0.05,0.0,255,19,0.07,0.05,0.0,0.0,1.0,1.0,0.0,1,119541.0
7,1,57,9,105,2138,0,0,1,0,0,0,0,1,0.0,0.0,0.0,0.0,1.0,0.0,0.0,189,2,0.01,0.03,0.01,0.0,0.0,0.0,0.0,0,71198.0
0,1,22,9,311,24017,0,0,1,0,0,0,0,6,0.0,0.0,0.0,0.0,1.0,0.0,0.0,6,255,1.0,0.0,0.17,0.08,0.0,0.0,0.0,0,119333.0
0,1,4,1,0,0,0,0,0,0,0,0,0,115,0.0,0.0,1.0,1.0,0.03,0.09,0.0,255,4,0.02,0.07,0.0,0.0,0.0,0.0,1.0,1,118246.0
0,1,22,9,308,405,0,0,1,0,0,0,0,13,0.0,0.0,0.0,0.0,1.0,0.0,0.0,255,255,1.0,0.0,0.0,0.0,0.0,0.0,0.0,0,92609.0
16,2,46,9,105,147,0,0,0,0,0,0,0,1,0.0,0.0,0.0,0.0,1.0,0.0,0.0,255,248,0.97,0.01,0.01,0.0,0.0,0.0,0.0,0,68546.0
0,1,51,9,780,333,0,0,1,0,0,0,0,1,0.0,0.0,0.0,0.0,1.0,0.0,0.0,255,189,0.74,0.02,0.0,0.0,0.0,0.0,0.0,0,124879.0
0,1,46,5,0,0,0,0,0,0,0,0,0,99,1.0,1.0,0.0,0.0,0.11,0.06,0.0,255,13,0.05,0.06,0.0,0.0,1.0,1.0,0.0,1,11941.0
0,1,22,9,246,707,0,0,1,0,0,0,0,11,0.0,0.0,0.0,0.0,1.0,0.0,0.0,49,255,1.0,0.0,0.02,0.03,0.02,0.0,0.0,0,101312.0
0,1,19,9,95,0,0,0,1,0,0,0,0,2,0.0,0.0,0.0,0.0,1.0,0.0,0.0,40,96,0.77,0.05,0.77,0.02,0.03,0.01,0.0,0,30795.0
0,1,22,9,308,1482,0,0,1,0,0,0,0,16,0.0,0.0,0.0,0.0,1.0,0.0,0.0,251,255,1.0,0.0,0.0,0.01,0.0,0.0,0.0,0,34601.0
3,1,51,9,1956,329,0,0,1,0,0,0,1,1,0.0,0.0,0.0,0.0,1.0,0.0,1.0,61,240,0.97,0.03,0.02,0.01,0.0,0.0,0.0,0,44417.0
0,1,22,9,242,1737,0,0,1,0,0,0,0,6,0.0,0.0,0.0,0.0,1.0,0.0,0.29,255,255,1.0,0.0,0.0,0.0,0.0,0.0,0.0,0,108518.0
0,1,22,9,213,9311,0,0,1,0,0,0,0,8,0.0,0.0,0.0,0.0,1.0,0.0,0.0,40,255,1.0,0.0,0.03,0.05,0.0,0.0,0.0,0,112442.0
0,2,11,9,30,30,0,0,0,0,0,0,0,1,0.0,0.0,0.0,0.0,1.0,0.0,0.67,255,250,0.98,0.01,0.0,0.0,0.0,0.0,0.0,0,90250.0
0,1,50,5,0,0,0,0,0,0,0,0,0,116,1.0,1.0,0.0,0.0,0.03,0.07,0.0,255,4,0.02,0.06,0.0,0.0,1.0,1.0,0.0,1,5970.0
0,1,22,9,310,1321,0,0,1,0,0,0,0,9,0.0,0.0,0.0,0.0,1.0,0.0,0.1,183,255,1.0,0.0,0.01,0.02,0.0,0.0,0.0,0,55312.0
0,1,46,5,0,0,0,0,0,0,0,0,0,143,1.0,1.0,0.0,0.0,0.17,0.05,0.0,255,3,0.01,0.05,0.0,0.0,1.0,1.0,0.0,1,116108.0
0,2,41,9,516,4,0,0,0,0,0,0,0,421,0.0,0.0,0.0,0.0,1.0,0.0,0.0,255,255,1.0,0.0,1.0,0.0,0.0,0.0,0.0,0,53017.0
0,2,11,9,36,101,0,0,0,0,0,0,0,2,0.0,0.0,0.0,0.0,0.5,1.0,0.0,143,128,0.9,0.02,0.01,0.0,0.0,0.0,0.0,0,113464.0
0,2,11,9,42,42,0,0,0,0,0,0,0,7,0.0,0.0,0.0,0.0,1.0,0.0,0.21,236,235,1.0,0.01,0.0,0.0,0.0,0.0,0.0,0,78130.0
0,1,37,1,0,0,0,0,0,0,0,0,0,235,0.0,0.0,1.0,1.0,0.01,0.07,0.0,255,2,0.01,0.07,0.0,0.0,0.0,0.0,1.0,1,48648.0
0,2,46,9,1,0,0,0,0,0,0,0,0,1,0.0,0.0,0.0,0.0,1.0,0.0,0.0,255,1,0.0,0.28,1.0,0.0,0.0,0.0,0.0,1,38543.0
0,2,46,9,28,0,3,0,0,0,0,0,0,2,0.0,0.0,0.0,0.0,1.0,0.0,0.0,255,2,0.01,0.01,0.01,0.0,0.0,0.0,0.0,1,107811.0
0,1,46,1,0,0,0,0,0,0,0,0,0,241,0.0,0.0,1.0,1.0,0.07,0.07,0.0,255,17,0.07,0.07,0.0,0.0,0.0,0.0,1.0,1,96550.0
0,2,11,9,43,43,0,0,0,0,0,0,0,150,0.0,0.0,0.0,0.0,1.0,0.0,0.01,255,255,1.0,0.0,0.01,0.0,0.0,0.0,0.0,0,118399.0
0,1,22,9,168,1150,0,0,1,0,0,0,0,1,0.0,0.0,0.0,0.0,1.0,0.0,0.0,29,255,1.0,0.0,0.03,0.04,0.0,0.0,0.0,0,62123.0
0,1,64,5,0,0,0,0,0,0,0,0,0,119,1.0,1.0,0.0,0.0,0.03,0.07,0.0,255,4,0.02,0.07,0.0,0.0,1.0,1.0,0.0,1,46161.0
0,1,22,9,315,7685,0,0,1,0,0,0,0,2,0.0,0.0,0.0,0.0,1.0,0.0,0.0,255,255,1.0,0.0,0.0,0.0,0.0,0.0,0.0,0,31796.0
0,1,22,9,247,65916,0,0,1,0,0,0,0,1,0.0,0.0,0.0,0.0,1.0,0.0,0.0,7,255,1.0,0.0,0.14,0.02,0.0,0.0,0.0,0,49775.0
1,1,46,3,0,0,0,0,0,0,0,0,0,138,0.04,0.5,0.96,0.5,0.01,0.57,0.0,255,2,0.01,0.31,0.54,0.0,0.02,0.5,0.5,1,74460.0
0,1,22,9,286,466,0,0,1,0,0,0,0,18,0.0,0.0,0.0,0.0,1.0,0.0,0.15,255,255,1.0,0.0,0.01,0.0,0.0,0.0,0.0,0,113155.0
0,2,11,9,46,498,0,0,0,0,0,0,0,28,0.0,0.0,0.0,0.0,0.96,0.07,0.02,255,209,0.82,0.01,0.0,0.0,0.0,0.0,0.0,0,69603.0
0,2,46,9,28,0,3,0,0,0,0,0,0,14,0.0,0.0,0.0,0.0,1.0,0.0,0.0,217,14,0.06,0.05,0.06,0.0,0.02,0.0,0.0,1,113707.0
0,1,46,4,0,0,0,0,0,0,0,0,0,1,0.0,0.0,1.0,1.0,1.0,0.0,0.0,255,1,0.0,0.92,0.92,0.0,0.0,0.0,1.0,1,51399.0
0,2,46,9,28,0,3,0,0,0,0,0,0,22,0.0,0.0,0.05,0.0,0.95,0.09,0.0,255,21,0.08,0.02,0.08,0.0,0.0,0.0,0.0,1,121113.0
0,1,17,9,9,284,0,0,0,0,0,0,0,1,0.0,0.0,0.0,0.0,1.0,0.0,0.0,204,13,0.04,0.03,0.0,0.15,0.0,0.0,0.0,0,26588.0
0,1,46,5,0,0,0,0,0,0,0,0,0,272,1.0,1.0,0.0,0.0,0.01,0.07,0.0,255,2,0.01,0.07,0.0,0.0,1.0,1.0,0.0,1,70626.0
0,1,22,9,206,471,0,0,1,0,0,0,0,3,0.0,0.0,0.0,0.0,1.0,0.0,0.0,84,255,1.0,0.0,0.01,0.01,0.0,0.0,0.0,0,83065.0
0,0,14,9,1480,0,1,0,0,0,0,0,0,2,0.0,0.0,0.0,0.0,1.0,0.0,0.5,2,151,1.0,0.0,1.0,0.14,0.0,0.0,0.0,1,63467.0
0,1,22,5,0,0,0,0,0,0,0,0,0,9,1.0,1.0,0.0,0.0,1.0,0.0,0.0,11,9,0.82,0.18,0.09,0.0,0.82,1.0,0.0,1,11037.0
0,1,22,9,341,447,0,0,1,0,0,0,0,3,0.0,0.0,0.0,0.0,1.0,0.0,0.5,255,255,1.0,0.0,0.0,0.0,0.0,0.0,0.0,0,86231.0
0,1,19,9,501760,0,0,0,1,0,0,0,0,1,0.0,0.0,0.0,0.0,1.0,0.0,0.0,191,52,0.27,0.04,0.29,0.0,0.02,0.04,0.0,0,125316.0
11310,1,57,9,87,1980,0,0,1,0,0,0,0,1,0.0,0.0,0.0,0.0,1.0,0.0,0.0,255,13,0.05,0.09,0.0,0.0,0.72,0.23,0.15,0,77993.0
0,1,46,5,0,0,0,0,0,0,0,0,0,234,1.0,1.0,0.0,0.0,0.01,0.06,0.0,255,20,0.08,0.08,0.0,0.0,1.0,1.0,0.0,1,76152.0
0,1,22,9,193,3101,0,0,1,0,0,0,0,29,0.0,0.0,0.0,0.0,1.0,0.0,0.09,255,255,1.0,0.0,0.0,0.0,0.0,0.0,0.0,0,46827.0
0,1,19,9,10389,0,0,0,1,0,0,0,0,18,0.0,0.0,0.0,0.0,1.0,0.0,0.0,39,125,0.62,0.08,0.62,0.02,0.0,0.0,0.0,0,4901.0
0,1,32,5,0,0,0,0,0,0,0,0,0,198,1.0,1.0,0.0,0.0,0.08,0.08,0.0,255,16,0.06,0.09,0.0,0.0,1.0,1.0,0.0,1,124986.0
0,0,13,9,8,0,0,0,0,0,0,0,0,1,0.0,0.0,0.0,0.0,1.0,0.0,1.0,2,61,1.0,0.0,1.0,0.51,0.0,0.0,0.0,1,91816.0
0,1,22,9,238,8718,0,0,1,0,0,0,0,1,0.0,0.0,0.0,0.0,1.0,0.0,0.0,255,255,1.0,0.0,0.0,0.0,0.0,0.0,0.0,0,100280.0
3,1,51,9,1421,405,0,0,1,0,0,0,0,1,0.0,0.0,0.0,0.0,1.0,0.0,0.0,244,165,0.64,0.02,0.0,0.01,0.0,0.0,0.0,0,56427.0
0,1,22,5,0,0,0,0,0,0,0,0,0,2,0.5,0.04,0.0,0.0,1.0,0.0,0.08,3,255,1.0,0.0,0.67,0.06,0.33,0.01,0.01,0,7487.0
0,1,46,5,0,0,0,0,0,0,0,0,0,96,1.0,1.0,0.0,0.0,0.07,0.05,0.0,255,7,0.03,0.04,0.0,0.0,1.0,1.0,0.0,1,119056.0
0,1,22,9,323,4937,0,0,1,0,0,0,0,3,0.0,0.0,0.0,0.0,1.0,0.0,0.5,202,255,1.0,0.0,0.0,0.03,0.0,0.0,0.0,0,66759.0
0,1,19,9,245,0,0,0,1,0,0,1,0,2,0.0,0.0,0.0,0.0,1.0,0.0,0.0,62,97,0.73,0.06,0.73,0.03,0.0,0.0,0.0,0,116151.0
0,1,46,5,0,0,0,0,0,0,0,0,0,114,1.0,1.0,0.0,0.0,0.04,0.08,0.0,255,20,0.08,0.07,0.0,0.0,1.0,1.0,0.0,1,84395.0
0,1,22,4,54540,7300,0,1,1,0,0,0,0,3,0.0,0.0,0.33,0.5,1.0,0.0,0.5,255,255,1.0,0.0,0.0,0.0,0.0,0.0,0.04,1,97911.0
0,1,22,9,299,662,0,0,1,0,0,0,0,10,0.0,0.0,0.0,0.0,1.0,0.0,0.0,219,255,1.0,0.0,0.0,0.01,0.0,0.0,0.0,0,105761.0
0,1,46,5,0,0,0,0,0,0,0,0,0,127,1.0,1.0,0.0,0.0,0.11,0.06,0.0,255,16,0.06,0.07,0.0,0.0,1.0,1.0,0.0,1,74880.0
0,1,32,5,0,0,0,0,0,0,0,0,0,44,1.0,1.0,0.0,0.0,0.2,0.11,0.0,255,16,0.06,0.07,0.0,0.0,1.0,1.0,0.0,1,25791.0
0,1,19,9,334,0,0,0,1,0,0,0,0,1,0.0,0.0,0.0,0.0,1.0,0.0,0.0,3,15,1.0,0.0,1.0,0.13,0.0,0.0,0.0,1,41512.0
0,2,46,9,28,0,3,0,0,0,0,0,0,91,0.0,0.0,0.0,0.0,1.0,0.0,0.0,255,91,0.36,0.01,0.36,0.0,0.0,0.0,0.0,1,73970.0
0,1,22,9,378,285,0,0,1,0,0,0,0,13,0.0,0.0,0.0,0.0,1.0,0.0,0.0,255,255,1.0,0.0,0.0,0.0,0.0,0.0,0.0,0,102345.0
0,1,22,9,195,124,0,0,1,0,0,0,0,3,0.0,0.14,0.0,0.0,1.0,0.0,0.29,114,255,1.0,0.0,0.01,0.02,0.0,0.0,0.01,0,108489.0
0,1,22,9,216,2602,0,0,1,0,0,0,0,2,0.0,0.0,0.0,0.0,1.0,0.0,0.09,2,254,1.0,0.0,0.5,0.06,0.0,0.0,0.0,0,41531.0
0,2,11,9,40,106,0,0,0,0,0,0,0,1,0.0,0.0,0.0,0.0,1.0,0.0,0.0,255,230,0.9,0.01,0.0,0.0,0.0,0.0,0.0,0,84249.0
0,2,11,9,46,46,0,0,0,0,0,0,0,88,0.0,0.0,0.0,0.0,1.0,0.0,0.01,255,250,0.98,0.01,0.01,0.0,0.0,0.0,0.0,0,2505.0
0,1,19,5,0,0,0,0,0,0,0,0,0,61,1.0,1.0,0.0,0.0,0.23,0.07,0.0,255,42,0.16,0.04,0.01,0.0,1.0,1.0,0.0,1,5519.0
0,1,19,8,12984,0,0,0,1,0,0,0,0,2,0.5,0.5,0.0,0.0,1.0,0.0,0.0,191,47,0.1,0.06,0.14,0.04,0.03,0.06,0.0,0,21638.0
0,1,46,5,0,0,0,0,0,0,0,0,0,166,1.0,1.0,0.0,0.0,0.01,0.06,0.0,255,20,0.08,0.07,0.0,0.0,1.0,1.0,0.0,1,12220.0
0,1,22,9,304,1319,0,0,1,0,0,0,0,8,0.0,0.0,0.0,0.0,1.0,0.0,0.0,12,255,1.0,0.0,0.08,0.03,0.0,0.0,0.0,0,70986.0
0,1,51,9,914,333,0,0,1,0,0,0,0,1,0.0,0.0,0.0,0.0,1.0,0.0,0.0,146,128,0.48,0.04,0.01,0.02,0.0,0.0,0.0,0,20365.0
0,1,9,5,0,0,0,0,0,0,0,0,0,46,1.0,1.0,0.0,0.0,0.13,0.11,0.0,255,6,0.02,0.07,0.0,0.0,1.0,1.0,0.0,1,49807.0
0,1,3,5,0,0,0,0,0,0,0,0,0,210,1.0,1.0,0.0,0.0,0.08,0.07,0.0,255,20,0.08,0.07,0.0,0.0,1.0,1.0,0.0,1,55985.0
0,1,20,5,0,0,0,0,0,0,0,0,0,271,1.0,1.0,0.0,0.0,0.02,0.06,0.0,255,5,0.02,0.07,0.0,0.0,1.0,1.0,0.0,1,97850.0
0,1,46,5,0,0,0,0,0,0,0,0,0,252,1.0,1.0,0.0,0.0,0.05,0.07,0.0,255,14,0.05,0.07,0.0,0.0,1.0,1.0,0.0,1,24878.0
0,1,22,9,249,431,0,0,1,0,0,0,0,8,0.0,0.0,0.0,0.0,1.0,0.0,0.22,255,255,1.0,0.0,0.0,0.0,0.0,0.0,0.0,0,121404.0
0,1,37,5,0,0,0,0,0,0,0,0,0,1,1.0,1.0,0.0,0.0,1.0,0.0,0.0,255,10,0.04,0.09,0.0,0.0,1.0,1.0,0.0,1,30805.0
0,1,19,9,768,0,0,0,1,0,0,0,0,10,0.0,0.0,0.0,0.0,1.0,0.0,0.0,255,120,0.47,0.02,0.47,0.0,0.0,0.0,0.0,0,53481.0
0,2,46,9,105,147,0,0,0,0,0,0,0,1,0.0,0.0,0.0,0.0,1.0,0.0,0.0,251,249,0.99,0.01,0.0,0.0,0.0,0.0,0.0,0,61074.0
0,0,13,9,8,0,0,0,0,0,0,0,0,1,0.0,0.0,0.0,0.0,1.0,0.0,1.0,1,203,1.0,0.0,1.0,0.5,0.0,0.0,0.0,1,114767.0
0,2,11,9,43,43,0,0,0,0,0,0,0,219,0.0,0.0,0.0,0.0,1.0,0.0,0.0,255,255,1.0,0.0,0.0,0.0,0.0,0.0,0.0,0,96263.0
0,1,22,9,319,2344,0,0,1,0,0,0,0,2,0.0,0.17,0.0,0.0,1.0,0.0,0.5,255,255,1.0,0.0,0.0,0.0,0.0,0.0,0.0,0,42033.0
0,1,19,9,192,0,0,0,1,0,0,0,0,2,0.0,0.0,0.0,0.0,1.0,0.0,0.0,77,14,0.05,0.06,0.05,0.14,0.0,0.0,0.0,0,80492.0
0,1,22,9,199,1582,0,0,1,0,0,0,0,12,0.0,0.0,0.0,0.0,1.0,0.0,0.0,255,255,1.0,0.0,0.0,0.0,0.0,0.0,0.0,0,18022.0
0,1,46,5,0,0,0,0,0,0,0,0,0,126,1.0,1.0,0.0,0.0,0.03,0.1,0.0,255,4,0.02,0.07,0.0,0.0,1.0,1.0,0.0,1,90259.0
0,1,46,5,0,0,0,0,0,0,0,0,0,223,1.0,1.0,0.0,0.0,0.02,0.06,0.0,255,6,0.02,0.06,0.0,0.0,1.0,1.0,0.0,1,72501.0
0,1,22,9,340,302,0,0,1,0,0,0,0,13,0.0,0.0,0.0,0.0,1.0,0.0,0.0,255,255,1.0,0.0,0.0,0.0,0.0,0.0,0.0,0,56005.0
0,0,14,9,1480,0,1,0,0,0,0,0,0,2,0.0,0.0,0.0,0.0,1.0,0.0,0.5,3,153,0.67,0.67,0.67,0.03,0.33,0.0,0.0,1,84552.0
0,0,13,9,8,0,0,0,0,0,0,0,0,1,0.0,0.0,0.0,0.0,1.0,0.0,1.0,2,255,1.0,0.0,1.0,0.5,0.0,0.0,0.0,1,365.0
0,1,2,5,0,0,0,0,0,0,0,0,0,107,1.0,1.0,0.0,0.0,0.02,0.07,0.0,255,2,0.01,0.09,0.0,0.0,1.0,1.0,0.0,1,96198.0
0,1,63,2,0,0,0,0,0,0,0,0,0,121,0.0,0.0,1.0,1.0,0.07,0.07,0.0,255,8,0.03,0.08,0.0,0.0,0.0,0.0,1.0,1,42007.0
0,1,22,9,325,644,0,0,1,0,0,0,0,9,0.0,0.0,0.0,0.0,1.0,0.0,0.11,9,255,1.0,0.0,0.11,0.02,0.0,0.0,0.0,0,7138.0
0,1,22,9,212,13599,0,0,1,0,0,0,0,14,0.0,0.0,0.0,0.0,1.0,0.0,0.0,255,255,1.0,0.0,0.0,0.0,0.0,0.0,0.0,0,36032.0
0,1,9,5,0,0,0,0,0,0,0,0,0,199,1.0,1.0,0.0,0.0,0.02,0.07,0.0,255,20,0.08,0.04,0.0,0.0,1.0,1.0,0.0,1,41205.0
0,0,13,9,8,0,0,0,0,0,0,0,0,1,0.0,0.0,0.0,0.0,1.0,0.0,1.0,1,42,1.0,0.0,1.0,0.52,0.0,0.0,0.0,1,123837.0
0,2,11,9,43,43,0,0,0,0,0,0,0,116,0.0,0.0,0.0,0.0,1.0,0.0,0.02,255,254,1.0,0.01,0.01,0.0,0.0,0.0,0.0,0,64293.0
0,1,46,5,0,0,0,0,0,0,0,0,0,237,1.0,1.0,0.0,0.0,0.06,0.06,0.0,255,14,0.05,0.05,0.0,0.0,1.0,1.0,0.0,1,95202.0
0,1,22,9,231,660,0,0,1,0,0,0,0,5,0.0,0.0,0.0,0.0,1.0,0.0,0.1,74,255,1.0,0.0,0.01,0.01,0.0,0.0,0.0,0,56711.0
0,2,11,9,44,137,0,0,0,0,0,0,0,77,0.0,0.0,0.0,0.0,1.0,0.0,0.01,255,243,0.95,0.01,0.0,0.0,0.0,0.0,0.0,0,39316.0
0,1,22,9,232,2105,0,0,1,0,0,0,0,4,0.0,0.0,0.0,0.0,1.0,0.0,0.0,59,255,1.0,0.0,0.02,0.04,0.0,0.01,0.0,0,75927.0
0,1,25,5,0,0,0,0,0,0,0,0,0,230,1.0,1.0,0.0,0.0,0.05,0.06,0.0,255,11,0.04,0.08,0.0,0.0,1.0,1.0,0.0,1,101324.0
0,1,22,9,208,6078,0,0,1,0,0,0,0,5,0.0,0.0,0.0,0.0,1.0,0.0,0.0,5,255,1.0,0.0,0.2,0.05,0.0,0.0,0.0,0,106127.0
0,1,22,9,193,4826,0,0,1,0,0,0,0,7,0.0,0.0,0.0,0.0,1.0,0.0,0.0,40,255,1.0,0.0,0.03,0.05,0.0,0.0,0.0,0,92380.0
0,1,46,5,0,0,0,0,0,0,0,0,0,105,1.0,1.0,0.0,0.0,0.02,0.07,0.0,255,2,0.01,0.08,0.0,0.0,1.0,1.0,0.0,1,63233.0
0,1,22,9,207,2568,0,0,1,0,0,0,0,18,0.0,0.0,0.0,0.0,1.0,0.0,0.11,255,255,1.0,0.0,0.0,0.0,0.0,0.0,0.0,0,108858.0
0,1,56,5,0,0,0,0,0,0,0,0,0,140,1.0,1.0,0.0,0.0,0.12,0.06,0.0,255,17,0.07,0.07,0.0,0.0,1.0,1.0,0.0,1,37264.0
0,1,7,5,0,0,0,0,0,0,0,0,0,129,1.0,1.0,0.0,0.0,0.16,0.05,0.0,255,19,0.07,0.08,0.0,0.0,1.0,1.0,0.0,1,62534.0
0,1,22,9,236,2119,0,0,1,0,0,0,0,7,0.0,0.0,0.0,0.0,1.0,0.0,0.0,119,253,1.0,0.0,0.01,0.04,0.0,0.0,0.0,0,47847.0
0,0,13,9,8,0,0,0,0,0,0,0,0,1,0.0,0.0,0.0,0.0,1.0,0.0,1.0,2,255,1.0,0.0,1.0,0.5,0.0,0.0,0.0,1,2819.0
0,1,32,5,0,0,0,0,0,0,0,0,0,199,1.0,1.0,0.0,0.0,0.01,0.07,0.0,255,1,0.0,0.07,0.0,0.0,1.0,1.0,0.0,1,98317.0
0,1,22,5,0,0,0,0,0,0,0,0,0,58,1.0,1.0,0.0,0.0,0.31,0.07,0.0,255,63,0.25,0.02,0.01,0.0,1.0,1.0,0.0,1,107377.0
0,1,20,5,0,0,0,0,0,0,0,0,0,34,1.0,1.0,0.0,0.0,0.18,0.15,0.0,255,6,0.02,0.08,0.0,0.0,1.0,1.0,0.0,1,74805.0
9,1,19,9,0,5153460,0,0,0,0,0,0,0,3,0.0,0.0,0.0,0.0,1.0,0.0,0.0,3,3,1.0,0.0,1.0,0.0,0.0,0.0,0.0,0,114997.0
0,1,17,5,0,0,0,0,0,0,0,0,0,2,0.5,1.0,0.5,0.0,0.5,1.0,0.0,255,5,0.02,0.08,0.0,0.0,1.0,1.0,0.0,1,70446.0
0,0,14,9,1032,0,0,0,0,0,0,0,0,511,0.0,0.0,0.0,0.0,1.0,0.0,0.0,255,18,0.07,0.25,0.07,0.0,0.0,0.0,0.0,1,80622.0
0,1,22,9,160,193,0,0,1,0,0,0,0,1,0.0,0.0,0.0,0.0,1.0,0.0,0.0,18,255,1.0,0.0,0.06,0.02,0.06,0.01,0.0,0,111685.0
0,1,46,5,0,0,0,0,0,0,0,0,0,198,1.0,1.0,0.0,0.0,0.05,0.07,0.0,255,10,0.04,0.06,0.0,0.0,1.0,1.0,0.0,1,80939.0
0,1,51,9,606,323,0,0,1,0,0,0,0,1,0.0,0.0,0.0,0.0,1.0,0.0,0.0,221,135,0.6,0.04,0.0,0.01,0.0,0.0,0.0,0,29736.0
0,2,41,9,516,4,0,0,0,0,0,0,0,136,0.0,0.0,0.0,0.0,1.0,0.0,0.0,136,136,1.0,0.0,1.0,0.0,0.0,0.0,0.0,0,8647.0
0,1,65,1,0,0,0,0,0,0,0,0,0,159,0.0,0.0,1.0,1.0,0.02,0.07,0.0,255,3,0.01,0.08,0.0,0.0,0.0,0.0,1.0,1,8602.0
0,1,8,5,0,0,0,0,0,0,0,0,0,207,1.0,1.0,0.0,0.0,0.04,0.06,0.0,255,8,0.03,0.06,0.0,0.0,1.0,1.0,0.0,1,102831.0
0,1,46,1,0,0,0,0,0,0,0,0,0,105,0.01,0.0,0.93,1.0,0.01,1.0,0.0,230,1,0.0,0.49,0.0,0.0,0.0,0.0,1.0,1,8864.0
4624,2,41,9,146,105,0,0,0,0,0,0,0,1,0.0,0.0,0.0,0.0,1.0,0.0,0.0,255,1,0.0,0.82,1.0,0.0,0.0,0.0,0.0,0,117441.0
0,1,22,9,291,1096,0,0,1,0,0,0,0,2,0.0,0.0,0.0,0.0,1.0,0.0,0.0,22,255,1.0,0.0,0.05,0.03,0.0,0.0,0.0,0,72639.0
0,1,2,1,0,0,0,0,0,0,0,0,0,144,0.0,0.0,1.0,1.0,0.12,0.06,0.0,255,7,0.03,0.07,0.0,0.0,0.0,0.0,1.0,1,35969.0
0,1,20,5,0,0,0,0,0,0,0,0,0,260,1.0,1.0,0.0,0.0,0.08,0.05,0.0,255,21,0.08,0.05,0.0,0.0,1.0,1.0,0.0,1,40174.0
0,1,7,5,0,0,0,0,0,0,0,0,0,281,1.0,1.0,0.0,0.0,0.02,0.06,0.0,255,6,0.02,0.07,0.0,0.0,1.0,1.0,0.0,1,2362.0
0,1,20,5,0,0,0,0,0,0,0,0,0,300,1.0,1.0,0.0,0.0,0.07,0.05,0.0,255,20,0.08,0.06,0.0,0.0,1.0,1.0,0.0,1,3043.0
0,1,22,9,212,300,0,0,1,0,0,0,0,5,0.0,0.0,0.0,0.0,1.0,0.0,0.33,35,255,1.0,0.0,0.03,0.03,0.0,0.0,0.0,0,29444.0
0,1,19,5,0,0,0,0,0,0,0,0,0,134,1.0,1.0,0.0,0.0,0.11,0.06,0.0,255,3,0.01,0.06,0.0,0.0,1.0,1.0,0.0,1,7730.0
0,1,17,2,0,0,0,0,0,0,0,0,0,235,0.0,0.0,1.0,1.0,0.05,0.06,0.0,255,11,0.04,0.07,0.0,0.0,0.0,0.0,1.0,1,117915.0
0,1,38,1,0,0,0,0,0,0,0,0,0,150,0.0,0.0,1.0,1.0,0.13,0.06,0.0,255,20,0.08,0.06,0.0,0.0,0.0,0.0,1.0,1,39268.0
0,1,22,9,198,1705,0,0,1,0,0,0,0,24,0.0,0.0,0.0,0.0,1.0,0.0,0.0,255,255,1.0,0.0,0.0,0.0,0.0,0.0,0.0,0,2120.0
0,2,11,9,90,30,0,0,0,0,0,0,0,4,0.0,0.0,0.0,0.0,1.0,0.0,0.0,80,56,0.7,0.04,0.7,0.0,0.0,0.0,0.0,0,77378.0
0,1,46,5,0,0,0,0,0,0,0,0,0,223,1.0,1.0,0.0,0.0,0.05,0.05,0.0,255,12,0.05,0.08,0.0,0.0,1.0,1.0,0.0,1,63683.0
0,1,22,9,304,8497,0,0,1,0,0,0,0,9,0.0,0.0,0.0,0.0,1.0,0.0,0.17,255,255,1.0,0.0,0.0,0.0,0.0,0.0,0.0,0,122158.0
0,2,46,9,1,0,0,0,0,0,0,0,0,24,0.0,0.0,0.0,0.0,0.92,0.08,0.0,255,31,0.12,0.22,1.0,0.0,0.0,0.0,0.0,1,25794.0
0,1,33,5,0,0,0,0,0,0,0,0,0,214,1.0,1.0,0.0,0.0,0.07,0.06,0.0,255,14,0.05,0.07,0.0,0.0,1.0,1.0,0.0,1,2334.0
0,1,57,5,0,0,0,0,0,0,0,0,0,297,1.0,1.0,0.0,0.0,0.03,0.05,0.0,255,2,0.01,0.09,0.0,0.0,1.0,1.0,0.0,1,1937.0
0,1,66,5,0,0,0,0,0,0,0,0,0,231,1.0,1.0,0.0,0.0,0.03,0.06,0.0,255,6,0.02,0.07,0.0,0.0,1.0,1.0,0.0,1,106369.0
0,1,17,9,13,229,0,0,0,0,0,0,0,1,0.0,0.0,0.0,0.0,1.0,0.0,0.0,57,16,0.11,0.07,0.02,0.19,0.0,0.0,0.0,0,42532.0
0,1,22,9,219,492,0,0,1,0,0,0,0,17,0.0,0.0,0.0,0.0,1.0,0.0,0.16,255,255,1.0,0.0,0.0,0.0,0.0,0.0,0.0,0,33075.0
0,1,55,5,0,0,0,0,0,0,0,0,0,290,1.0,1.0,0.0,0.0,0.02,0.05,0.0,255,6,0.02,0.05,0.0,0.0,1.0,1.0,0.0,1,7956.0
0,1,22,9,305,1247,0,0,1,0,0,0,0,17,0.0,0.0,0.0,0.0,1.0,0.0,0.16,188,255,1.0,0.0,0.01,0.01,0.0,0.0,0.0,0,24953.0
0,1,22,9,304,1930,0,0,1,0,0,0,0,19,0.0,0.0,0.0,0.0,1.0,0.0,0.09,188,198,1.0,0.0,0.01,0.02,0.01,0.01,0.0,0,2815.0
2969,2,41,9,147,105,0,0,0,0,0,0,0,4,0.0,0.0,0.0,0.0,0.5,0.5,0.0,255,2,0.01,0.85,1.0,0.0,0.0,0.0,0.0,0,1807.0
0,1,22,9,232,2140,0,0,1,0,0,0,0,2,0.0,0.0,0.0,0.0,1.0,0.0,0.0,2,255,1.0,0.0,0.5,0.02,0.0,0.01,0.0,0,33034.0
0,1,22,9,236,1885,0,0,1,0,0,0,0,4,0.25,0.4,0.0,0.0,1.0,0.0,0.4,107,255,1.0,0.0,0.01,0.01,0.01,0.0,0.0,0,104880.0
0,1,24,5,0,0,0,0,0,0,0,0,0,134,1.0,1.0,0.0,0.0,0.13,0.06,0.0,255,18,0.07,0.06,0.0,0.0,1.0,1.0,0.0,1,112907.0
0,1,22,9,221,5521,0,0,1,0,0,0,0,6,0.0,0.0,0.0,0.0,1.0,0.0,0.0,6,255,1.0,0.0,0.17,0.02,0.0,0.0,0.0,0,87459.0
0,1,22,9,206,1929,0,0,1,0,0,0,0,29,0.0,0.0,0.0,0.0,1.0,0.0,0.0,255,255,1.0,0.0,0.0,0.0,0.0,0.0,0.0,0,95519.0
0,1,51,9,766,286,0,0,1,0,0,0,0,1,0.0,0.0,0.0,0.0,1.0,0.0,0.0,1,145,1.0,0.0,1.0,0.01,0.0,0.01,0.0,0,14060.0
0,0,13,9,8,0,0,0,0,0,0,0,0,1,0.0,0.0,0.0,0.0,1.0,0.0,1.0,2,146,1.0,0.0,1.0,0.5,0.0,0.0,0.0,1,83320.0
0,1,22,9,360,1807,0,0,1,0,0,0,0,7,0.0,0.0,0.0,0.0,1.0,0.0,0.0,47,107,1.0,0.0,0.02,0.04,0.0,0.0,0.0,0,66887.0
3,1,51,9,798,329,0,0,1,0,0,0,0,1,0.0,0.0,0.0,0.0,1.0,0.0,1.0,234,169,0.65,0.02,0.0,0.01,0.0,0.0,0.0,0,57031.0
0,1,22,9,287,5200,0,0,1,0,0,0,0,5,0.0,0.0,0.0,0.0,1.0,0.0,0.0,255,255,1.0,0.0,0.0,0.0,0.0,0.0,0.0,0,56417.0
41822,1,46,4,1,0,0,0,0,0,0,0,0,2,0.0,0.0,1.0,1.0,1.0,0.0,0.0,214,2,0.01,0.22,0.44,0.0,0.0,0.0,1.0,1,99886.0
0,1,22,9,314,269,0,0,1,0,0,0,0,18,0.0,0.02,0.0,0.0,1.0,0.0,0.1,255,255,1.0,0.0,0.0,0.0,0.0,0.0,0.0,0,79850.0
0,1,22,9,243,6930,0,0,1,0,0,0,0,2,0.0,0.0,0.0,0.0,1.0,0.0,0.5,255,255,1.0,0.0,0.0,0.0,0.01,0.01,0.02,0,103564.0
0,1,22,9,201,6297,0,0,1,0,0,0,0,23,0.0,0.0,0.0,0.0,1.0,0.0,0.11,145,255,1.0,0.0,0.01,0.02,0.0,0.0,0.33,0,94823.0
0,1,51,9,2537,330,0,0,1,0,0,0,0,1,0.0,0.0,0.0,0.0,1.0,0.0,0.0,195,191,0.79,0.03,0.01,0.01,0.0,0.0,0.0,0,83952.0
0,1,22,9,323,4580,0,0,1,0,0,0,0,9,0.0,0.0,0.0,0.0,1.0,0.0,0.18,255,255,1.0,0.0,0.0,0.0,0.0,0.0,0.02,0,102209.0
0,1,2,5,0,0,0,0,0,0,0,0,0,284,1.0,1.0,0.0,0.0,0.06,0.06,0.0,255,18,0.07,0.08,0.0,0.0,1.0,1.0,0.0,1,4829.0
0,1,22,9,243,1053,0,0,1,0,0,0,0,27,0.0,0.0,0.0,0.0,1.0,0.0,0.07,255,255,1.0,0.0,0.0,0.0,0.0,0.0,0.0,0,51481.0
0,1,22,9,477,350,0,0,1,0,0,0,0,1,0.0,0.0,0.0,0.0,1.0,0.0,0.0,255,255,1.0,0.0,0.0,0.0,0.0,0.0,0.0,0,54718.0
0,1,46,4,0,0,0,0,0,0,0,0,0,1,0.0,0.0,1.0,1.0,1.0,0.0,0.0,255,1,0.0,0.54,1.0,0.0,0.0,0.0,1.0,1,66875.0
0,1,22,9,234,11864,0,0,1,0,0,0,0,1,0.0,0.0,0.0,0.0,1.0,0.0,0.0,52,255,1.0,0.0,0.02,0.02,0.0,0.0,0.0,0,15949.0
0,1,22,9,287,264,0,0,1,0,0,0,0,16,0.0,0.0,0.0,0.0,1.0,0.0,0.09,255,255,1.0,0.0,0.0,0.0,0.0,0.0,0.0,0,101131.0
0,1,22,9,299,1404,0,0,1,0,0,0,0,16,0.0,0.0,0.0,0.0,1.0,0.0,0.0,255,255,1.0,0.0,0.0,0.0,0.0,0.0,0.0,0,33135.0
3,1,51,9,1131,333,0,0,1,0,0,0,0,1,0.0,0.0,0.0,0.0,1.0,0.0,1.0,255,149,0.58,0.03,0.0,0.0,0.0,0.01,0.0,0,42559.0
0,1,46,5,0,0,0,0,0,0,0,0,0,228,1.0,1.0,0.0,0.0,0.01,0.06,0.0,255,3,0.01,0.07,0.0,0.0,1.0,1.0,0.0,1,111889.0
0,1,32,5,0,0,0,0,0,0,0,0,0,230,1.0,1.0,0.0,0.0,0.09,0.06,0.0,255,20,0.08,0.06,0.0,0.0,1.0,1.0,0.0,1,44001.0
0,1,22,9,341,4359,0,0,1,0,0,0,0,11,0.0,0.0,0.0,0.0,1.0,0.0,0.0,255,255,1.0,0.0,0.0,0.0,0.0,0.0,0.02,0,56519.0
0,1,22,9,308,299,0,0,1,0,0,0,0,8,0.0,0.0,0.0,0.0,1.0,0.0,0.0,255,255,1.0,0.0,0.0,0.0,0.01,0.01,0.0,0,9611.0
0,1,32,5,0,0,0,0,0,0,0,0,0,241,1.0,1.0,0.0,0.0,0.06,0.06,0.0,255,2,0.01,0.09,0.0,0.0,1.0,1.0,0.0,1,46544.0
0,1,22,9,302,1860,0,0,1,0,0,0,0,4,0.0,0.0,0.0,0.0,1.0,0.0,0.62,51,255,1.0,0.0,0.02,0.05,0.0,0.01,0.0,0,64430.0
1,1,51,9,1553,329,0,0,1,0,0,0,0,1,0.0,0.0,0.0,0.0,1.0,0.0,1.0,34,26,0.76,0.09,0.03,0.0,0.0,0.0,0.0,0,23096.0
0,1,46,5,0,0,0,0,0,0,0,0,0,125,1.0,1.0,0.0,0.0,0.1,0.06,0.0,255,12,0.05,0.08,0.0,0.0,1.0,1.0,0.0,1,5646.0
0,1,26,5,0,0,0,0,0,0,0,0,0,140,1.0,1.0,0.0,0.0,0.07,0.06,0.0,255,2,0.01,0.07,0.0,0.0,1.0,1.0,0.0,1,101044.0
0,2,46,9,207,0,0,0,0,0,0,0,0,2,0.0,0.0,0.0,0.0,1.0,0.0,0.0,253,212,0.84,0.01,0.84,0.0,0.0,0.0,0.0,0,108226.0
0,1,41,1,0,0,0,0,0,0,0,0,0,510,0.15,0.0,0.85,1.0,0.0,1.0,0.0,255,1,0.0,1.0,0.0,0.0,0.15,0.0,1.0,1,38329.0
0,0,14,9,1032,0,0,0,0,0,0,0,0,74,0.0,0.0,0.0,0.0,1.0,0.0,0.0,255,255,1.0,0.0,1.0,0.0,0.0,0.0,0.0,1,72924.0
0,1,19,9,567,0,0,0,1,0,0,6,0,1,0.0,0.0,0.0,0.0,1.0,0.0,0.0,30,35,0.03,0.17,0.03,0.06,0.0,0.03,0.0,0,43387.0
0,1,22,9,209,1160,0,0,1,0,0,0,0,9,0.0,0.0,0.0,0.0,1.0,0.0,0.13,255,255,1.0,0.0,0.0,0.0,0.0,0.0,0.0,0,93278.0
0,2,11,9,45,134,0,0,0,0,0,0,0,74,0.0,0.0,0.0,0.0,1.0,0.0,0.01,255,209,0.82,0.01,0.0,0.0,0.0,0.0,0.0,0,83944.0
0,1,22,9,269,35215,0,0,1,0,0,0,0,18,0.0,0.0,0.0,0.0,1.0,0.0,0.0,255,255,1.0,0.0,0.0,0.0,0.0,0.0,0.0,0,80122.0
0,2,11,9,44,116,0,0,0,0,0,0,0,177,0.0,0.0,0.0,0.0,1.0,0.0,0.0,255,250,0.98,0.01,0.0,0.0,0.0,0.0,0.0,0,42618.0
0,1,64,1,0,0,0,0,0,0,0,0,0,244,0.0,0.0,1.0,1.0,0.08,0.07,0.0,255,19,0.07,0.07,0.0,0.0,0.0,0.0,1.0,1,99670.0
0,1,46,5,0,0,0,0,0,0,0,0,0,135,1.0,1.0,0.0,0.0,0.12,0.04,0.0,255,16,0.06,0.06,0.0,0.0,1.0,1.0,0.0,1,50819.0
0,1,57,2,126,179,0,1,0,0,0,0,0,1,0.0,0.0,1.0,1.0,1.0,0.0,0.0,31,31,1.0,0.0,0.03,0.0,0.06,0.06,0.94,0,125118.0
0,2,11,9,45,129,0,0,0,0,0,0,0,68,0.0,0.0,0.0,0.0,1.0,0.0,0.01,255,255,1.0,0.0,0.0,0.0,0.0,0.0,0.0,0,19085.0
0,1,22,9,386,3173,0,0,1,0,0,0,0,12,0.0,0.0,0.0,0.0,1.0,0.0,0.0,255,255,1.0,0.0,0.0,0.0,0.0,0.0,0.0,0,86057.0
0,1,46,5,0,0,0,0,0,0,0,0,0,132,1.0,1.0,0.0,0.0,0.07,0.06,0.0,255,2,0.01,0.08,0.0,0.0,1.0,1.0,0.0,1,70150.0
0,1,46,5,0,0,0,0,0,0,0,0,0,274,1.0,1.0,0.0,0.0,0.06,0.07,0.0,255,5,0.02,0.11,0.0,0.0,1.0,1.0,0.0,1,20195.0
3,1,51,9,725,332,0,0,1,0,0,0,0,1,0.0,0.0,0.0,0.0,1.0,0.0,1.0,143,129,0.78,0.03,0.01,0.02,0.0,0.0,0.0,0,53129.0
235,1,51,7,728,331,0,0,1,0,0,0,0,1,1.0,1.0,0.0,0.0,1.0,0.0,0.0,83,144,0.58,0.05,0.01,0.01,0.01,0.01,0.0,0,75230.0
0,1,24,5,0,0,0,0,0,0,0,0,0,129,1.0,1.0,0.0,0.0,0.13,0.05,0.0,255,17,0.07,0.07,0.0,0.0,1.0,1.0,0.0,1,78333.0
0,1,22,9,252,6673,0,0,1,0,0,0,0,6,0.0,0.0,0.0,0.0,1.0,0.0,0.33,255,255,1.0,0.0,0.0,0.0,0.0,0.0,0.0,0,37420.0
0,1,46,1,0,0,0,0,0,0,0,0,0,1,0.0,0.0,1.0,1.0,1.0,0.0,0.0,255,1,0.0,1.0,1.0,0.0,0.0,0.0,1.0,1,124822.0
0,2,11,9,44,44,0,0,0,0,0,0,0,114,0.0,0.0,0.0,0.0,1.0,0.0,0.01,255,254,1.0,0.01,0.01,0.0,0.0,0.0,0.0,0,74891.0
0,1,46,5,0,0,0,0,0,0,0,0,0,234,1.0,1.0,0.0,0.0,0.04,0.06,0.0,255,10,0.04,0.09,0.0,0.0,1.0,1.0,0.0,1,63076.0
0,1,17,5,0,0,0,0,0,0,0,0,0,23,1.0,1.0,0.0,0.0,0.39,0.22,0.0,255,10,0.04,0.08,0.0,0.0,1.0,1.0,0.0,1,1269.0
0,1,22,9,190,1786,0,0,1,0,0,0,0,3,0.0,0.0,0.0,0.0,1.0,0.0,0.0,3,255,1.0,0.0,0.33,0.05,0.0,0.0,0.0,0,19305.0
0,0,62,9,181,0,0,0,0,0,0,0,0,3,0.0,0.0,0.0,0.0,0.33,1.0,0.0,255,16,0.06,0.01,0.08,0.0,0.0,0.0,0.0,0,89513.0
0,1,46,5,0,0,0,0,0,0,0,0,0,40,1.0,1.0,0.0,0.0,0.25,0.1,0.0,255,10,0.04,0.07,0.0,0.0,1.0,1.0,0.0,1,58951.0
0,2,46,9,1,0,0,0,0,0,0,0,0,40,0.0,0.0,0.0,0.0,0.17,0.1,0.0,255,7,0.03,0.22,0.98,0.0,0.0,0.0,0.0,1,78720.0
0,1,22,9,229,472,0,0,1,0,0,0,0,2,0.0,0.0,0.0,0.0,1.0,0.0,0.33,255,255,1.0,0.0,0.0,0.0,0.0,0.0,0.0,0,13395.0
0,1,22,1,0,0,0,0,0,0,0,0,0,1,0.0,0.0,1.0,1.0,1.0,0.0,0.0,51,231,1.0,0.0,0.02,0.16,0.0,0.0,0.98,0,100834.0
0,1,19,9,63,0,0,0,0,0,0,0,0,1,0.0,0.0,0.0,0.0,1.0,0.0,0.0,255,2,0.01,0.07,0.01,0.0,0.93,0.0,0.0,0,15947.0
0,1,22,9,163,22129,0,0,1,0,0,0,0,3,0.0,0.0,0.0,0.0,1.0,0.0,0.0,255,255,1.0,0.0,0.0,0.0,0.0,0.0,0.0,0,39371.0
0,1,46,5,0,0,0,0,0,0,0,0,0,96,1.0,1.0,0.0,0.0,0.07,0.07,0.0,255,10,0.04,0.07,0.0,0.0,1.0,1.0,0.0,1,38290.0
0,1,22,9,245,7333,0,0,1,0,0,0,0,6,0.0,0.0,0.0,0.0,1.0,0.0,0.22,255,255,1.0,0.0,0.0,0.0,0.01,0.01,0.0,0,43433.0
0,1,15,5,0,0,0,0,0,0,0,0,0,28,1.0,1.0,0.0,0.0,0.29,0.11,0.0,255,8,0.03,0.07,0.0,0.0,1.0,1.0,0.0,1,12711.0
0,1,3,9,10,38,0,0,0,0,0,0,0,1,0.0,0.0,0.0,0.0,1.0,0.0,0.0,1,1,1.0,0.0,1.0,0.0,0.0,0.0,0.0,0,115170.0
0,1,30,5,0,0,0,0,0,0,0,0,0,272,1.0,1.0,0.0,0.0,0.03,0.07,0.0,255,7,0.03,0.07,0.0,0.0,1.0,1.0,0.0,1,81650.0
0,1,46,5,0,0,0,0,0,0,0,0,0,263,1.0,1.0,0.0,0.0,0.04,0.07,0.0,255,10,0.04,0.09,0.0,0.0,1.0,1.0,0.0,1,103672.0
5990,2,41,9,146,105,0,0,0,0,0,0,0,1,0.0,0.0,0.0,0.0,1.0,0.0,0.0,255,1,0.0,0.62,0.88,0.0,0.0,0.0,0.0,0,81740.0
0,1,46,1,0,0,0,0,0,0,0,0,0,224,0.11,0.0,0.88,1.0,0.0,1.0,0.0,255,1,0.0,0.95,0.0,0.0,0.1,0.0,1.0,1,94902.0
0,1,19,9,59,0,0,0,1,0,0,0,0,13,0.0,0.0,0.0,0.0,1.0,0.0,0.0,51,68,0.31,0.06,0.31,0.04,0.04,0.0,0.0,0,117715.0
0,1,57,5,0,0,0,0,0,0,0,0,0,36,1.0,1.0,0.0,0.0,0.11,0.11,0.0,255,48,0.19,0.03,0.0,0.0,1.0,1.0,0.0,1,2909.0
0,0,62,9,78,0,0,0,0,0,0,0,0,13,0.0,0.0,0.0,0.0,0.08,0.15,0.0,255,17,0.07,0.01,0.07,0.0,0.0,0.0,0.0,0,106194.0
0,1,46,5,0,0,0,0,0,0,0,0,0,151,0.99,1.0,0.0,0.0,0.13,0.06,0.0,255,20,0.08,0.06,0.0,0.0,1.0,1.0,0.0,1,5316.0
0,1,26,5,0,0,0,0,0,0,0,0,0,265,1.0,1.0,0.0,0.0,0.05,0.06,0.0,255,14,0.05,0.07,0.0,0.0,1.0,1.0,0.0,1,89991.0
0,1,46,5,0,0,0,0,0,0,0,0,0,133,1.0,1.0,0.0,0.0,0.02,0.06,0.0,255,9,0.04,0.07,0.0,0.0,1.0,1.0,0.0,1,31525.0
0,1,60,5,0,0,0,0,0,0,0,0,0,4,1.0,1.0,0.0,0.0,0.5,0.75,0.0,255,8,0.03,0.08,0.0,0.0,1.0,1.0,0.0,1,18757.0
0,1,46,1,0,0,0,0,0,0,0,0,0,126,0.0,0.0,1.0,1.0,0.09,0.07,0.0,255,11,0.04,0.08,0.0,0.0,0.0,0.0,1.0,1,35815.0
0,0,14,9,1032,0,0,0,0,0,0,0,0,511,0.0,0.0,0.0,0.0,1.0,0.0,0.0,243,98,0.4,0.01,0.4,0.0,0.0,0.0,0.0,1,858.0
0,1,51,2,0,0,0,0,0,0,0,0,0,290,0.0,0.0,1.0,1.0,0.06,0.06,0.0,255,16,0.06,0.07,0.0,0.0,0.0,0.0,1.0,1,17163.0
0,1,51,9,1197,508,0,0,1,0,0,0,0,1,0.0,0.0,0.0,0.0,1.0,0.0,1.0,22,175,0.95,0.09,0.05,0.02,0.0,0.0,0.0,0,10799.0
0,1,22,9,192,395,0,0,1,0,0,0,0,2,0.0,0.0,0.0,0.0,1.0,0.0,0.0,82,255,1.0,0.0,0.01,0.02,0.0,0.0,0.0,0,83262.0
0,2,11,9,46,99,0,0,0,0,0,0,0,215,0.0,0.0,0.0,0.0,1.0,0.0,0.01,255,217,0.85,0.01,0.0,0.0,0.0,0.0,0.0,0,33912.0
0,1,51,9,1043,282,0,0,1,0,0,0,0,2,0.0,0.0,0.0,0.0,0.5,1.0,0.0,111,78,0.7,0.05,0.01,0.0,0.0,0.0,0.0,0,86426.0
0,0,62,9,78,0,0,0,0,0,0,0,0,16,0.0,0.0,0.0,0.0,0.12,0.12,0.0,255,11,0.04,0.01,0.04,0.0,0.0,0.0,0.0,0,96216.0
0,1,22,9,241,640,0,0,1,0,0,0,0,2,0.0,0.0,0.0,0.0,1.0,0.0,0.0,4,255,1.0,0.0,0.25,0.08,0.0,0.0,0.0,0,73646.0
0,1,22,9,214,1842,0,0,1,0,0,0,0,6,0.0,0.0,0.0,0.0,1.0,0.0,0.0,42,255,1.0,0.0,0.02,0.05,0.0,0.0,0.0,0,104780.0
0,0,13,9,8,0,0,0,0,0,0,0,0,1,0.0,0.0,0.0,0.0,1.0,0.0,1.0,2,44,1.0,0.0,1.0,0.5,0.0,0.0,0.0,1,64483.0
27098,1,46,4,1,0,0,0,0,0,0,0,0,2,0.0,0.0,1.0,1.0,1.0,0.0,0.0,255,2,0.01,0.74,1.0,0.0,0.0,0.0,1.0,1,103477.0
0,1,22,9,321,737,0,0,1,0,0,0,0,23,0.0,0.0,0.0,0.0,1.0,0.0,0.0,255,255,1.0,0.0,0.0,0.0,0.0,0.0,0.0,0,16446.0
0,1,22,9,318,2127,0,0,1,0,0,0,0,16,0.0,0.0,0.0,0.0,1.0,0.0,0.1,20,255,1.0,0.0,0.05,0.03,0.0,0.0,0.0,0,31814.0
0,1,22,9,219,931,0,0,1,0,0,0,0,15,0.0,0.0,0.0,0.0,1.0,0.0,0.11,255,255,1.0,0.0,0.0,0.0,0.0,0.0,0.0,0,87933.0
0,1,19,5,0,0,0,0,0,0,0,0,0,33,1.0,1.0,0.0,0.0,0.39,0.06,0.0,35,59,0.37,0.09,0.06,0.03,0.94,0.22,0.0,1,122032.0
0,1,22,9,54540,8314,0,2,1,1,0,0,0,4,0.0,0.0,0.25,0.33,0.75,0.5,0.0,73,73,1.0,0.0,0.01,0.0,0.0,0.0,0.04,1,41314.0
0,1,46,5,0,0,0,0,0,0,0,0,0,261,1.0,1.0,0.0,0.0,0.02,0.05,0.0,219,6,0.03,0.06,0.0,0.0,0.99,1.0,0.0,1,92830.0
0,1,22,9,281,8536,0,0,1,0,0,0,0,6,0.0,0.0,0.0,0.0,1.0,0.0,0.0,18,255,1.0,0.0,0.06,0.06,0.0,0.0,0.01,0,88500.0
0,2,46,9,105,146,0,0,0,0,0,0,0,4,0.0,0.0,0.0,0.0,0.25,0.5,0.0,255,234,0.92,0.01,0.01,0.0,0.0,0.0,0.0,0,77964.0
0,1,51,9,1364,582,0,0,1,0,0,0,0,1,0.0,0.0,0.0,0.0,1.0,0.0,1.0,255,2,0.01,0.01,0.0,0.0,0.0,0.0,0.0,0,60712.0
0,1,46,1,0,0,0,0,0,0,0,0,0,511,0.11,0.0,0.88,1.0,0.0,1.0,0.0,255,1,0.0,1.0,0.0,0.0,0.08,0.0,1.0,1,65790.0
0,1,22,1,0,0,0,0,0,0,0,0,0,255,0.0,0.0,1.0,1.0,0.03,0.07,0.0,255,7,0.03,0.08,0.0,0.0,0.0,0.0,1.0,1,98777.0
0,1,22,9,247,171,0,0,1,0,0,0,0,3,0.33,0.2,0.0,0.2,1.0,0.0,0.4,10,255,1.0,0.0,0.1,0.05,0.1,0.0,0.0,0,6705.0
1,1,51,9,758,328,0,0,1,0,0,0,0,1,0.0,0.0,0.0,0.0,1.0,0.0,1.0,43,190,0.63,0.09,0.02,0.02,0.0,0.0,0.0,0,4474.0
0,1,22,9,243,17313,0,0,1,0,0,0,0,9,0.0,0.0,0.0,0.0,1.0,0.0,0.0,23,255,1.0,0.0,0.04,0.03,0.0,0.0,0.0,0,124596.0
0,1,22,9,317,1484,0,0,1,0,0,0,0,11,0.0,0.0,0.0,0.0,1.0,0.0,0.0,255,255,1.0,0.0,0.0,0.0,0.0,0.0,0.0,0,125313.0
0,1,63,5,0,0,0,0,0,0,0,0,0,124,1.0,1.0,0.0,0.0,0.09,0.05,0.0,255,11,0.04,0.04,0.0,0.0,1.0,1.0,0.0,1,122963.0
0,1,63,2,0,0,0,0,0,0,0,0,0,118,0.0,0.0,1.0,1.0,0.1,0.07,0.0,255,12,0.05,0.06,0.0,0.0,0.0,0.0,1.0,1,10353.0
0,1,22,9,311,3800,0,0,1,0,0,0,0,8,0.0,0.0,0.0,0.0,1.0,0.0,0.0,44,255,1.0,0.0,0.02,0.16,0.0,0.0,0.83,0,45131.0
0,1,46,5,0,0,0,0,0,0,0,0,0,179,1.0,1.0,0.0,0.0,0.11,0.06,0.0,255,1,0.0,0.08,0.0,0.0,1.0,1.0,0.0,1,27729.0
0,1,46,10,0,0,0,0,0,0,0,0,0,1,1.0,1.0,0.0,0.0,1.0,0.0,0.0,235,1,0.0,0.96,0.97,0.0,0.97,1.0,0.0,1,89789.0
0,1,22,1,0,0,0,0,0,0,0,0,0,1,0.0,0.0,1.0,1.0,1.0,0.0,0.0,1,245,1.0,0.0,1.0,0.26,0.0,0.0,1.0,0,53635.0
0,1,17,5,0,0,0,0,0,0,0,0,0,11,1.0,1.0,0.0,0.0,0.27,0.36,0.0,255,45,0.18,0.04,0.0,0.0,1.0,1.0,0.0,1,106614.0
0,2,46,9,100,0,0,0,0,0,0,0,0,1,0.0,0.0,0.0,0.0,1.0,0.0,0.0,127,17,0.13,0.02,0.13,0.0,0.0,0.0,0.0,0,89797.0
0,2,11,9,44,72,0,0,0,0,0,0,0,206,0.0,0.0,0.0,0.0,1.0,0.0,0.0,255,255,1.0,0.0,0.01,0.0,0.0,0.0,0.0,0,10850.0
0,1,22,9,321,1628,0,0,1,0,0,0,0,11,0.0,0.0,0.0,0.0,1.0,0.0,0.0,123,255,1.0,0.0,0.01,0.04,0.0,0.0,0.0,0,35383.0
0,1,22,9,259,1541,0,0,1,0,0,0,0,1,0.0,0.0,0.0,0.0,1.0,0.0,1.0,79,255,1.0,0.0,0.01,0.04,0.0,0.0,0.0,0,1314.0
1,1,51,9,1236,329,0,0,1,0,0,0,0,1,0.0,0.0,0.0,0.0,1.0,0.0,0.0,18,65,0.89,0.17,0.06,0.03,0.0,0.0,0.0,0,70385.0
0,1,19,9,1139,0,0,0,1,0,0,0,0,1,0.0,0.0,0.0,0.0,1.0,0.0,0.0,255,59,0.23,0.02,0.04,0.0,0.66,0.75,0.0,0,7945.0
0,1,22,9,222,1237,0,0,1,0,0,0,0,9,0.0,0.0,0.0,0.0,1.0,0.0,0.0,170,255,1.0,0.0,0.01,0.01,0.0,0.0,0.0,0,89788.0
0,1,19,9,35195,0,0,0,0,0,0,0,0,22,0.0,0.0,0.0,0.0,1.0,0.0,0.0,251,74,0.29,0.02,0.29,0.0,0.0,0.0,0.0,0,59055.0
0,1,22,9,308,2698,0,0,1,0,0,0,1,1,0.0,0.0,0.0,0.17,1.0,0.0,0.5,255,216,0.85,0.02,0.0,0.0,0.0,0.0,0.0,0,57957.0
0,1,22,9,304,1870,0,0,1,0,0,0,0,5,0.0,0.0,0.0,0.0,1.0,0.0,0.33,34,255,1.0,0.0,0.03,0.03,0.0,0.0,0.0,0,73063.0
0,2,11,9,42,96,0,0,0,0,0,0,0,60,0.0,0.0,0.0,0.0,1.0,0.0,0.03,255,254,1.0,0.01,0.0,0.0,0.0,0.0,0.0,0,86181.0
0,1,7,5,0,0,0,0,0,0,0,0,0,236,1.0,1.0,0.0,0.0,0.02,0.06,0.0,255,4,0.02,0.07,0.0,0.0,1.0,1.0,0.0,1,28134.0
0,1,46,5,0,0,0,0,0,0,0,0,0,78,1.0,1.0,0.0,0.0,0.31,0.05,0.0,255,24,0.09,0.05,0.0,0.0,1.0,1.0,0.0,1,67671.0
0,1,22,9,227,2367,0,0,1,0,0,0,0,13,0.0,0.0,0.0,0.0,1.0,0.0,0.14,255,255,1.0,0.0,0.0,0.0,0.0,0.0,0.0,0,27471.0
0,0,13,9,8,0,0,0,0,0,0,0,0,1,0.0,0.0,0.0,0.0,1.0,0.0,1.0,2,166,1.0,0.0,1.0,0.25,0.0,0.0,0.0,1,49380.0
0,1,22,1,0,0,0,0,0,0,0,0,0,2,0.0,0.0,1.0,1.0,1.0,0.0,0.0,4,255,1.0,0.0,0.25,0.05,0.0,0.0,0.58,0,77342.0
0,0,13,9,8,0,0,0,0,0,0,0,0,1,0.0,0.0,0.0,0.0,1.0,0.0,1.0,1,77,1.0,0.0,1.0,0.26,0.0,0.0,0.0,1,91786.0
0,2,46,9,1,0,0,0,0,0,0,0,0,3,0.0,0.0,0.0,0.0,1.0,0.0,0.0,255,74,0.29,0.13,0.92,0.0,0.0,0.0,0.0,1,13861.0
0,1,22,9,235,4533,0,0,1,0,0,0,0,11,0.0,0.0,0.0,0.0,1.0,0.0,0.0,255,255,1.0,0.0,0.0,0.0,0.0,0.0,0.0,0,65375.0
0,1,46,5,0,0,0,0,0,0,0,0,0,103,1.0,1.0,0.0,0.0,0.15,0.07,0.0,255,6,0.02,0.07,0.0,0.0,1.0,1.0,0.0,1,58485.0
30639,1,46,4,1,0,0,0,0,0,0,0,0,2,0.0,0.0,1.0,1.0,1.0,0.0,0.0,255,2,0.01,0.72,1.0,0.0,0.0,0.0,1.0,1,104555.0
0,1,37,5,0,0,0,0,0,0,0,0,0,221,1.0,1.0,0.0,0.0,0.1,0.05,0.0,255,22,0.09,0.05,0.0,0.0,1.0,1.0,0.0,1,84605.0
0,2,41,9,516,4,0,0,0,0,0,0,0,487,0.0,0.0,0.0,0.0,1.0,0.0,0.0,255,255,1.0,0.0,1.0,0.0,0.0,0.0,0.0,0,12527.0
0,2,46,9,28,0,3,0,0,0,0,0,0,78,0.0,0.0,0.0,0.0,1.0,0.0,0.0,255,78,0.31,0.01,0.31,0.0,0.0,0.0,0.0,1,5263.0
0,0,13,9,8,0,0,0,0,0,0,0,0,1,0.0,0.0,0.0,0.0,1.0,0.0,1.0,2,96,1.0,0.0,1.0,0.5,0.0,0.0,0.0,1,110500.0
0,2,11,9,46,132,0,0,0,0,0,0,0,268,0.0,0.0,0.0,0.0,1.0,0.01,0.0,255,251,0.98,0.01,0.0,0.0,0.0,0.0,0.0,0,100301.0
0,1,46,5,0,0,0,0,0,0,0,0,0,186,1.0,1.0,0.0,0.0,0.04,0.06,0.0,32,8,0.25,0.19,0.03,0.0,0.56,1.0,0.0,1,10702.0
0,2,11,9,44,70,0,0,0,0,0,0,0,311,0.0,0.0,0.0,0.0,1.0,0.01,0.0,255,254,1.0,0.01,0.0,0.0,0.0,0.0,0.0,0,83309.0
0,1,22,9,201,1031,0,0,1,0,0,0,0,22,0.0,0.0,0.0,0.0,1.0,0.0,0.12,142,255,1.0,0.0,0.01,0.01,0.0,0.0,0.0,0,12218.0
0,1,22,9,233,406,0,0,1,0,0,0,0,1,0.0,0.0,0.0,0.0,1.0,0.0,0.0,255,255,1.0,0.0,0.0,0.0,0.0,0.0,0.0,0,123378.0
0,1,46,5,0,0,0,0,0,0,0,0,0,221,1.0,1.0,0.0,0.0,0.02,0.06,0.0,255,2,0.01,0.07,0.0,0.0,1.0,1.0,0.0,1,34142.0
0,1,1,1,0,0,0,0,0,0,0,0,0,4,0.0,0.0,0.75,1.0,0.75,0.5,0.0,255,3,0.01,0.03,0.0,0.0,0.0,0.0,1.0,0,72859.0
0,1,22,9,223,10516,0,0,1,0,0,0,0,5,0.0,0.0,0.0,0.0,1.0,0.0,0.0,255,255,1.0,0.0,0.0,0.0,0.0,0.0,0.0,0,51658.0
0,1,22,9,325,6665,0,0,1,0,0,0,0,5,0.2,0.2,0.0,0.0,1.0,0.0,0.0,255,255,1.0,0.0,0.0,0.0,0.0,0.0,0.0,0,5937.0
0,1,46,5,0,0,0,0,0,0,0,0,0,110,1.0,1.0,0.0,0.0,0.16,0.09,0.0,255,18,0.07,0.07,0.0,0.0,1.0,1.0,0.0,1,34066.0
0,0,14,9,1032,0,0,0,0,0,0,0,0,511,0.0,0.0,0.0,0.0,1.0,0.0,0.0,152,7,0.05,0.02,0.05,0.0,0.0,0.0,0.0,1,17953.0
0,1,24,5,0,0,0,0,0,0,0,0,0,126,1.0,1.0,0.0,0.0,0.02,0.07,0.0,255,2,0.01,0.06,0.0,0.0,1.0,1.0,0.0,1,83744.0
0,1,22,9,226,373,0,0,1,0,0,0,0,3,0.0,0.0,0.0,0.0,1.0,0.0,0.0,14,255,1.0,0.0,0.07,0.03,0.0,0.01,0.0,0,39411.0
0,1,55,5,0,0,0,0,0,0,0,0,0,190,1.0,1.0,0.0,0.0,0.09,0.06,0.0,255,17,0.07,0.07,0.0,0.0,1.0,1.0,0.0,1,65808.0
0,1,46,5,0,0,0,0,0,0,0,0,0,16,1.0,1.0,0.0,0.0,0.5,0.19,0.0,255,17,0.07,0.07,0.0,0.0,1.0,1.0,0.0,1,54886.0
0,1,46,5,0,0,0,0,0,0,0,0,0,117,1.0,1.0,0.0,0.0,0.09,0.06,0.0,255,5,0.02,0.08,0.0,0.0,1.0,1.0,0.0,1,62766.0
0,1,22,9,299,2330,0,0,1,0,0,0,0,13,0.0,0.0,0.0,0.0,1.0,0.0,0.0,13,255,1.0,0.0,0.08,0.04,0.0,0.0,0.01,0,69466.0
27,1,18,9,1424,4152,0,30,1,0,0,0,0,1,0.0,0.0,0.0,0.0,1.0,0.0,0.0,7,1,0.14,0.43,0.14,0.0,0.0,0.0,0.0,0,125851.0
0,1,22,9,175,2618,0,0,1,0,0,0,0,13,0.0,0.0,0.0,0.0,1.0,0.0,0.14,81,255,1.0,0.0,0.01,0.03,0.0,0.0,0.0,0,100860.0
0,1,22,9,234,285,0,0,1,0,0,0,0,11,0.0,0.0,0.0,0.0,1.0,0.0,0.0,255,255,1.0,0.0,0.0,0.0,0.0,0.0,0.0,0,31665.0
0,1,46,5,0,0,0,0,0,0,0,0,0,42,1.0,1.0,0.0,0.0,0.29,0.1,0.0,255,12,0.05,0.08,0.0,0.0,1.0,1.0,0.0,1,95205.0
0,2,41,9,147,0,0,0,0,0,0,0,0,3,0.0,0.0,0.0,0.0,0.33,0.67,0.0,255,1,0.0,0.5,0.68,0.0,0.0,0.0,0.0,0,32945.0
0,1,17,5,0,0,0,0,0,0,0,0,0,247,1.0,1.0,0.0,0.0,0.07,0.06,0.0,255,18,0.07,0.07,0.0,0.0,1.0,1.0,0.0,1,18206.0
0,1,16,5,0,0,0,0,0,0,0,0,0,140,1.0,1.0,0.0,0.0,0.13,0.06,0.0,255,18,0.07,0.07,0.0,0.0,1.0,1.0,0.0,1,74437.0
0,1,9,5,0,0,0,0,0,0,0,0,0,111,1.0,1.0,0.0,0.0,0.09,0.07,0.0,255,10,0.04,0.07,0.0,0.0,1.0,1.0,0.0,1,69895.0
0,1,22,9,235,1249,0,0,1,0,0,0,0,2,0.0,0.0,0.0,0.0,1.0,0.0,0.0,120,255,1.0,0.0,0.01,0.03,0.0,0.0,0.0,0,27499.0
0,1,46,5,0,0,0,0,0,0,0,0,0,282,1.0,1.0,0.0,0.0,0.06,0.06,0.0,255,15,0.06,0.08,0.0,0.0,1.0,1.0,0.0,1,967.0
0,1,22,1,0,0,0,0,0,0,0,0,0,1,0.0,0.0,1.0,1.0,1.0,0.0,1.0,1,251,1.0,0.0,1.0,0.14,0.0,0.0,0.96,0,118528.0
0,1,24,5,0,0,0,0,0,0,0,0,0,239,1.0,1.0,0.0,0.0,0.08,0.05,0.0,255,20,0.08,0.06,0.0,0.0,1.0,1.0,0.0,1,97710.0
0,1,49,1,0,0,0,0,0,0,0,0,0,1,0.0,0.0,1.0,1.0,1.0,0.0,0.0,255,1,0.0,1.0,1.0,0.0,0.0,0.0,1.0,1,105314.0
0,1,22,9,289,7384,0,0,1,0,0,0,0,25,0.0,0.0,0.0,0.0,1.0,0.0,0.0,255,255,1.0,0.0,0.0,0.0,0.0,0.0,0.0,0,102437.0
3,1,22,9,148,17425,0,0,1,0,0,0,0,1,0.0,0.0,0.0,0.0,1.0,0.0,0.0,255,255,1.0,0.0,0.0,0.0,0.0,0.0,0.0,0,109085.0
0,1,64,5,0,0,0,0,0,0,0,0,0,268,1.0,1.0,0.0,0.0,0.02,0.05,0.0,255,6,0.02,0.05,0.0,0.0,1.0,1.0,0.0,1,14154.0
0,1,22,1,0,0,0,0,0,0,0,0,0,1,0.0,0.0,1.0,1.0,1.0,0.0,1.0,3,67,1.0,0.0,0.33,0.31,0.0,0.0,1.0,0,23599.0
12,2,46,9,105,147,0,0,0,0,0,0,0,2,0.0,0.0,0.0,0.0,1.0,0.0,0.0,82,44,0.54,0.04,0.04,0.0,0.0,0.0,0.0,0,87998.0
0,1,22,9,302,6547,0,0,1,0,0,0,0,19,0.0,0.0,0.0,0.0,1.0,0.0,0.0,41,255,1.0,0.0,0.02,0.03,0.0,0.0,0.0,0,111397.0
0,1,22,9,216,1302,0,0,1,0,0,0,0,3,0.0,0.0,0.0,0.0,1.0,0.0,0.0,3,255,1.0,0.0,0.33,0.05,0.0,0.0,0.0,0,18479.0
0,1,20,5,0,0,0,0,0,0,0,0,0,243,1.0,1.0,0.0,0.0,0.03,0.07,0.0,255,8,0.03,0.07,0.0,0.0,1.0,1.0,0.0,1,42310.0
0,1,22,9,252,2897,0,0,1,0,0,0,0,3,0.0,0.04,0.0,0.04,1.0,0.0,0.22,86,255,1.0,0.0,0.01,0.01,0.0,0.0,0.0,0,115724.0
0,1,22,9,285,2069,0,0,1,0,0,0,0,8,0.0,0.0,0.0,0.0,1.0,0.0,0.13,8,255,1.0,0.0,0.12,0.05,0.0,0.0,0.0,0,38755.0
0,1,22,9,238,2997,0,0,1,0,0,0,0,1,0.0,0.0,0.0,0.0,1.0,0.0,0.5,80,255,1.0,0.0,0.01,0.02,0.0,0.0,0.0,0,68958.0
0,1,51,9,1259,479,0,0,1,0,0,0,0,1,0.0,0.0,0.0,0.0,1.0,0.0,1.0,255,2,0.01,0.01,0.0,0.0,0.0,0.0,0.0,0,33094.0
0,1,19,9,88382,0,0,0,0,0,0,0,0,14,0.0,0.0,0.0,0.0,1.0,0.0,0.0,125,96,0.59,0.02,0.59,0.02,0.0,0.0,0.0,0,47789.0
0,1,22,9,213,1168,0,0,1,0,0,0,0,26,0.0,0.0,0.0,0.0,1.0,0.0,0.0,26,255,1.0,0.0,0.04,0.04,0.0,0.0,0.0,0,100467.0
0,1,22,9,330,1252,0,0,1,0,0,0,0,11,0.09,0.09,0.0,0.0,1.0,0.0,0.0,221,255,1.0,0.0,0.0,0.02,0.0,0.0,0.0,0,63597.0
0,1,22,9,216,832,0,0,1,0,0,0,0,3,0.0,0.0,0.0,0.0,1.0,0.0,0.0,131,255,1.0,0.0,0.01,0.03,0.0,0.0,0.0,0,33390.0
0,1,22,9,232,2698,0,0,1,0,0,0,1,4,0.0,0.0,0.0,0.0,1.0,0.0,0.0,255,230,0.9,0.02,0.0,0.0,0.0,0.0,0.0,0,3811.0
0,1,22,9,206,658,0,0,1,0,0,0,0,8,0.0,0.0,0.0,0.0,1.0,0.0,0.2,9,255,1.0,0.0,0.11,0.03,0.0,0.0,0.01,0,4849.0
0,1,46,1,0,0,0,0,0,0,0,0,0,60,0.0,0.0,1.0,1.0,0.32,0.07,0.0,255,19,0.07,0.07,0.0,0.0,0.0,0.0,1.0,1,63304.0
0,1,46,5,0,0,0,0,0,0,0,0,0,218,1.0,1.0,0.0,0.0,0.02,0.06,0.0,255,4,0.02,0.05,0.0,0.0,1.0,1.0,0.0,1,57491.0
0,1,46,5,0,0,0,0,0,0,0,0,0,236,1.0,1.0,0.0,0.0,0.06,0.08,0.0,255,15,0.06,0.08,0.0,0.0,1.0,1.0,0.0,1,42272.0
0,1,19,5,0,0,0,0,0,0,0,0,0,146,1.0,1.0,0.0,0.0,0.12,0.05,0.0,255,11,0.04,0.07,0.0,0.0,1.0,1.0,0.0,1,52337.0
0,0,13,9,8,0,0,0,0,0,0,0,0,1,0.0,0.0,0.0,0.0,1.0,0.0,1.0,1,86,1.0,0.0,1.0,0.51,0.0,0.0,0.0,1,54191.0
0,1,12,5,0,0,0,0,0,0,0,0,0,148,1.0,1.0,0.0,0.0,0.16,0.05,0.0,255,11,0.04,0.05,0.0,0.0,1.0,1.0,0.0,1,55961.0
0,0,14,9,520,0,0,0,0,0,0,0,0,29,0.0,0.0,0.0,0.0,1.0,0.0,0.0,255,255,1.0,0.0,1.0,0.0,0.0,0.0,0.0,1,109982.0
0,1,22,9,212,1010,0,0,1,0,0,0,0,17,0.0,0.0,0.0,0.0,1.0,0.0,0.0,158,255,1.0,0.0,0.01,0.02,0.0,0.0,0.0,0,109798.0
0,1,46,5,0,0,0,0,0,0,0,0,0,209,1.0,1.0,0.0,0.0,0.04,0.06,0.0,255,8,0.03,0.06,0.0,0.0,1.0,1.0,0.0,1,4777.0
0,1,22,9,234,6409,0,0,1,0,0,0,0,1,0.0,0.0,0.0,0.0,1.0,0.0,0.0,67,255,1.0,0.0,0.01,0.03,0.0,0.0,0.0,0,79661.0
31,1,18,9,1000,3074,0,22,1,0,0,0,0,1,0.0,0.0,0.0,0.0,1.0,0.0,0.0,77,26,0.34,0.06,0.03,0.0,0.0,0.0,0.0,0,83560.0
0,1,22,9,330,16122,0,0,1,0,0,0,0,2,0.0,0.0,0.0,0.0,1.0,0.0,0.0,18,255,1.0,0.0,0.06,0.04,0.0,0.01,0.0,0,71932.0
0,2,11,9,46,112,0,0,0,0,0,0,0,166,0.0,0.0,0.0,0.0,0.99,0.01,0.0,55,22,0.4,0.04,0.02,0.0,0.0,0.0,0.0,0,116147.0
17,1,57,9,372,258229,0,0,1,0,0,0,0,1,0.0,0.0,0.0,0.0,1.0,0.0,0.0,1,2,1.0,0.0,1.0,1.0,0.0,0.0,0.0,0,84875.0
0,1,19,9,252,0,0,0,1,0,0,0,0,2,0.0,0.0,0.0,0.0,1.0,0.0,0.0,155,47,0.08,0.03,0.08,0.04,0.0,0.0,0.0,0,100669.0
0,1,46,5,0,0,0,0,0,0,0,0,0,97,1.0,1.0,0.0,0.0,0.07,0.06,0.0,255,23,0.09,0.07,0.0,0.0,1.0,1.0,0.0,1,94870.0
0,1,21,5,0,0,0,0,0,0,0,0,0,283,1.0,1.0,0.0,0.0,0.07,0.05,0.0,255,19,0.07,0.07,0.0,0.0,1.0,1.0,0.0,1,75753.0
28,2,11,9,46,46,0,0,0,0,0,0,0,4,0.0,0.0,0.0,0.0,0.5,0.5,0.33,102,99,0.97,0.02,0.01,0.0,0.0,0.0,0.0,0,70302.0
0,0,13,9,8,0,0,0,0,0,0,0,0,1,0.0,0.0,0.0,0.0,1.0,0.0,1.0,1,87,1.0,0.0,1.0,0.51,0.0,0.0,0.0,1,12070.0
20,1,18,9,235,767,0,4,1,0,0,0,0,1,0.0,0.0,0.0,0.0,1.0,0.0,0.0,234,54,0.23,0.02,0.0,0.0,0.0,0.0,0.0,0,27074.0
0,1,64,5,0,0,0,0,0,0,0,0,0,260,1.0,1.0,0.0,0.0,0.06,0.06,0.0,255,16,0.06,0.07,0.0,0.0,1.0,1.0,0.0,1,68516.0
0,0,13,9,8,0,0,0,0,0,0,0,0,1,0.0,0.0,0.0,0.0,1.0,0.0,1.0,1,143,1.0,0.0,1.0,0.5,0.0,0.0,0.0,1,2405.0
0,1,22,9,212,5030,0,0,1,0,0,0,0,13,0.0,0.0,0.0,0.0,1.0,0.0,0.0,255,255,1.0,0.0,0.0,0.0,0.0,0.0,0.0,0,59932.0
0,1,22,9,198,2424,0,0,1,0,0,0,0,11,0.0,0.0,0.0,0.0,1.0,0.0,0.12,104,255,1.0,0.0,0.01,0.01,0.01,0.0,0.0,0,11768.0
0,0,13,9,8,0,0,0,0,0,0,0,0,1,0.0,0.0,0.0,0.0,1.0,0.0,1.0,2,87,1.0,0.0,1.0,0.51,0.0,0.0,0.0,1,91828.0
0,1,57,5,0,0,0,0,0,0,0,0,0,10,1.0,1.0,0.0,0.0,1.0,0.0,0.0,172,92,0.53,0.01,0.01,0.0,0.99,0.98,0.0,1,75527.0
0,2,11,9,45,45,0,0,0,0,0,0,0,141,0.0,0.0,0.0,0.0,1.0,0.0,0.0,255,255,1.0,0.0,0.01,0.0,0.0,0.0,0.0,0,4780.0
0,1,22,9,224,262,0,0,1,0,0,0,0,9,0.0,0.0,0.0,0.0,1.0,0.0,0.0,36,255,1.0,0.0,0.03,0.02,0.0,0.0,0.0,0,52310.0
0,1,22,9,225,2248,0,0,1,0,0,0,0,11,0.0,0.0,0.0,0.0,1.0,0.0,0.0,50,255,1.0,0.0,0.02,0.04,0.0,0.0,0.0,0,43634.0
0,2,41,9,1,0,0,0,0,0,0,0,0,7,0.0,0.0,0.0,0.0,0.14,0.57,0.0,255,1,0.0,0.2,1.0,0.0,0.0,0.0,0.0,1,42536.0
0,1,19,9,1376,0,0,0,0,0,0,0,0,13,0.0,0.0,0.0,0.0,1.0,0.0,0.14,26,48,0.73,0.15,0.73,0.04,0.0,0.0,0.0,0,28946.0
22,1,18,9,224,761,0,4,1,0,0,0,0,1,0.0,0.0,0.0,0.0,1.0,0.0,0.0,107,30,0.28,0.05,0.01,0.0,0.0,0.0,0.03,0,27709.0
0,2,11,9,45,81,0,0,0,0,0,0,0,226,0.0,0.0,0.0,0.0,1.0,0.0,0.0,255,250,0.98,0.01,0.01,0.0,0.0,0.0,0.0,0,18889.0
0,1,44,9,38,130,0,0,1,0,0,0,0,1,0.0,0.0,0.0,0.0,1.0,0.0,0.0,128,5,0.03,0.05,0.01,0.4,0.01,0.0,0.0,0,97238.0
0,0,13,9,8,0,0,0,0,0,0,0,0,1,0.0,0.0,0.0,0.0,1.0,0.0,1.0,2,156,1.0,0.0,1.0,0.5,0.0,0.0,0.0,1,94654.0
0,0,62,9,182,0,0,0,0,0,0,0,0,2,0.0,0.0,0.0,0.0,0.5,1.0,0.0,212,13,0.06,0.01,0.08,0.0,0.0,0.0,0.0,0,51864.0
0,2,11,9,43,131,0,0,0,0,0,0,0,67,0.0,0.0,0.0,0.0,1.0,0.0,0.01,255,254,1.0,0.01,0.0,0.0,0.0,0.0,0.0,0,43174.0
0,1,46,5,0,0,0,0,0,0,0,0,0,182,1.0,1.0,0.0,0.0,0.05,0.07,0.0,255,20,0.08,0.07,0.0,0.0,1.0,1.0,0.0,1,64902.0
0,1,46,5,0,0,0,0,0,0,0,0,0,141,1.0,1.0,0.0,0.0,0.14,0.06,0.0,122,1,0.01,0.12,0.01,0.0,1.0,1.0,0.0,1,64386.0
0,1,46,5,0,0,0,0,0,0,0,0,0,120,1.0,1.0,0.0,0.0,0.12,0.07,0.0,119,14,0.12,0.08,0.01,0.0,1.0,1.0,0.0,1,63631.0
0,1,46,5,0,0,0,0,0,0,0,0,0,274,1.0,1.0,0.0,0.0,0.05,0.06,0.0,255,8,0.03,0.07,0.0,0.0,1.0,1.0,0.0,1,74785.0
0,1,20,5,0,0,0,0,0,0,0,0,0,237,1.0,1.0,0.0,0.0,0.04,0.05,0.0,255,9,0.04,0.06,0.0,0.0,1.0,1.0,0.0,1,55391.0
0,0,13,9,8,0,0,0,0,0,0,0,0,1,0.0,0.0,0.0,0.0,1.0,0.0,1.0,2,36,1.0,0.0,1.0,0.5,0.0,0.0,0.0,1,26469.0
0,1,15,5,0,0,0,0,0,0,0,0,0,143,1.0,1.0,0.0,0.0,0.1,0.06,0.0,255,14,0.05,0.06,0.0,0.0,1.0,1.0,0.0,1,39491.0
0,2,40,9,48,48,0,0,0,0,0,0,0,1,0.0,0.0,0.0,0.0,1.0,0.0,0.0,28,22,0.79,0.11,0.79,0.0,0.0,0.0,0.0,0,109983.0
0,1,46,5,0,0,0,0,0,0,0,0,0,124,1.0,1.0,0.0,0.0,0.02,0.06,0.0,255,3,0.01,0.06,0.0,0.0,1.0,1.0,0.0,1,24000.0
0,1,39,5,0,0,0,0,0,0,0,0,0,195,1.0,1.0,0.0,0.0,0.01,0.06,0.0,255,2,0.01,0.06,0.0,0.0,1.0,1.0,0.0,1,66333.0
0,1,22,9,315,1652,0,0,1,0,0,0,0,15,0.0,0.0,0.0,0.0,1.0,0.0,0.0,15,255,1.0,0.0,0.07,0.06,0.0,0.0,0.0,0,46971.0
0,1,63,2,0,0,0,0,0,0,0,0,0,108,0.0,0.0,1.0,1.0,0.07,0.07,0.0,255,8,0.03,0.06,0.0,0.0,0.0,0.0,1.0,1,17787.0
0,1,19,9,383,0,0,0,1,0,0,0,0,2,0.0,0.0,0.0,0.0,1.0,0.0,0.0,134,43,0.32,0.08,0.37,0.0,0.01,0.02,0.0,0,62765.0
0,1,22,9,216,184,0,0,1,0,0,0,0,23,0.0,0.0,0.0,0.0,1.0,0.0,0.0,23,255,1.0,0.0,0.04,0.04,0.0,0.0,0.01,0,89640.0
0,1,22,9,272,880,0,0,1,0,0,0,0,4,0.0,0.0,0.0,0.0,1.0,0.0,0.0,4,255,1.0,0.0,0.25,0.04,0.0,0.0,0.0,0,117957.0
0,2,11,9,45,79,0,0,0,0,0,0,0,285,0.0,0.0,0.0,0.0,1.0,0.01,0.0,255,254,1.0,0.01,0.0,0.0,0.0,0.0,0.0,0,32663.0
0,1,2,5,0,0,0,0,0,0,0,0,0,271,1.0,1.0,0.0,0.0,0.08,0.05,0.0,255,23,0.09,0.05,0.0,0.0,1.0,1.0,0.0,1,5147.0
0,1,22,9,309,2507,0,0,1,0,0,0,0,1,0.0,0.0,0.0,0.0,1.0,0.0,0.0,255,255,1.0,0.0,0.0,0.0,0.0,0.0,0.0,0,119919.0
0,1,46,1,0,0,0,0,0,0,0,0,0,275,0.0,0.0,1.0,1.0,0.05,0.07,0.0,255,13,0.05,0.07,0.0,0.0,0.0,0.0,1.0,1,102504.0
0,1,9,5,0,0,0,0,0,0,0,0,0,6,1.0,1.0,0.0,0.0,0.17,0.83,0.0,255,9,0.04,0.09,0.0,0.0,1.0,1.0,0.0,1,114402.0
0,1,46,5,0,0,0,0,0,0,0,0,0,162,1.0,1.0,0.0,0.0,0.07,0.06,0.0,255,1,0.0,0.07,0.0,0.0,1.0,1.0,0.0,1,28262.0
0,0,14,9,1032,0,0,0,0,0,0,0,0,201,0.0,0.0,0.0,0.0,1.0,0.0,0.0,255,4,0.02,0.18,0.02,0.0,0.0,0.0,0.0,1,54754.0
0,1,22,9,232,3270,0,0,1,0,0,0,0,1,0.0,0.0,0.0,0.0,1.0,0.0,0.0,6,37,1.0,0.0,0.17,0.05,0.0,0.0,0.0,0,2578.0
0,1,19,9,59,0,0,0,1,0,0,0,0,16,0.0,0.0,0.0,0.0,1.0,0.0,0.0,169,52,0.31,0.04,0.31,0.0,0.01,0.0,0.0,0,100040.0
0,1,38,5,0,0,0,0,0,0,0,0,0,227,1.0,1.0,0.0,0.0,0.04,0.05,0.0,255,9,0.04,0.06,0.0,0.0,1.0,1.0,0.0,1,18539.0
0,1,22,9,251,1745,0,0,1,0,0,0,0,5,0.0,0.0,0.0,0.17,1.0,0.0,0.33,255,252,0.99,0.01,0.0,0.0,0.0,0.0,0.0,0,113176.0
0,1,27,5,0,0,0,0,0,0,0,0,0,133,1.0,1.0,0.0,0.0,0.01,0.06,0.0,255,16,0.06,0.07,0.0,0.0,1.0,1.0,0.0,1,40598.0
0,1,46,1,0,0,0,0,0,0,0,0,0,511,0.08,0.0,0.9,1.0,0.0,1.0,0.0,255,1,0.0,1.0,0.0,0.0,0.14,0.0,1.0,1,33322.0
0,1,46,5,0,0,0,0,0,0,0,0,0,142,1.0,1.0,0.0,0.0,0.05,0.06,0.0,255,4,0.02,0.07,0.0,0.0,1.0,1.0,0.0,1,78554.0
0,1,46,5,0,0,0,0,0,0,0,0,0,56,1.0,1.0,0.0,0.0,0.36,0.05,0.0,255,20,0.08,0.05,0.0,0.0,1.0,1.0,0.0,1,84886.0
0,1,5,5,0,0,0,0,0,0,0,0,0,125,1.0,1.0,0.0,0.0,0.14,0.06,0.0,255,17,0.07,0.06,0.0,0.0,1.0,1.0,0.0,1,71263.0
0,1,2,1,0,0,0,0,0,0,0,0,0,102,0.0,0.0,1.0,1.0,0.02,0.07,0.0,255,2,0.01,0.07,0.0,0.0,0.0,0.0,1.0,1,50270.0
0,1,3,5,0,0,0,0,0,0,0,0,0,265,1.0,1.0,0.0,0.0,0.07,0.06,0.0,255,18,0.07,0.07,0.0,0.0,1.0,1.0,0.0,1,38670.0
0,1,22,9,323,19921,0,0,1,0,0,0,0,1,0.0,0.0,0.0,0.0,1.0,0.0,0.09,4,255,1.0,0.0,0.25,0.09,0.0,0.0,0.0,0,90023.0
0,1,22,9,151,21714,0,0,1,0,0,0,0,1,0.0,0.0,0.0,0.0,1.0,0.0,0.0,255,255,1.0,0.0,0.0,0.0,0.0,0.0,0.0,0,72399.0
0,1,46,5,0,0,0,0,0,0,0,0,0,231,1.0,1.0,0.0,0.0,0.07,0.04,0.0,91,17,0.19,0.09,0.01,0.0,0.98,1.0,0.0,1,16661.0
0,1,18,2,0,0,0,0,0,0,0,0,0,253,0.0,0.0,1.0,1.0,0.07,0.06,0.0,255,18,0.07,0.08,0.0,0.0,0.0,0.0,1.0,1,51514.0
0,2,46,9,1,0,0,0,0,0,0,0,0,13,0.0,0.0,0.0,0.0,0.69,0.15,0.0,255,9,0.04,0.85,0.17,0.0,0.03,0.0,0.0,1,71701.0
0,0,14,9,1032,0,0,0,0,0,0,0,0,511,0.0,0.0,0.0,0.0,1.0,0.0,0.0,242,148,0.61,0.03,0.61,0.0,0.01,0.0,0.0,1,15101.0
0,1,39,5,0,0,0,0,0,0,0,0,0,215,1.0,1.0,0.0,0.0,0.08,0.06,0.0,255,17,0.07,0.07,0.0,0.0,1.0,1.0,0.0,1,24340.0
0,2,46,9,1,0,0,0,0,0,0,0,0,3,0.0,0.0,0.0,0.0,1.0,0.0,0.0,255,3,0.01,0.99,0.01,0.0,0.21,0.0,0.0,1,29388.0
0,1,22,9,215,1358,0,0,1,0,0,0,0,13,0.0,0.0,0.0,0.0,1.0,0.0,0.0,40,255,1.0,0.0,0.03,0.02,0.0,0.0,0.0,0,31217.0
0,1,22,9,343,1189,0,0,1,0,0,0,0,8,0.0,0.0,0.0,0.0,1.0,0.0,0.0,255,255,1.0,0.0,0.0,0.0,0.0,0.0,0.0,0,46208.0
0,1,22,9,237,289,0,0,1,0,0,0,0,13,0.0,0.0,0.0,0.0,1.0,0.0,0.14,233,255,1.0,0.0,0.0,0.01,0.0,0.0,0.0,0,101989.0
0,1,22,9,311,2083,0,0,1,0,0,0,0,18,0.0,0.0,0.0,0.0,1.0,0.0,0.0,18,255,1.0,0.0,0.06,0.05,0.0,0.0,0.0,0,85182.0
0,1,22,9,252,1542,0,0,1,0,0,0,0,13,0.0,0.0,0.0,0.0,1.0,0.0,0.14,255,255,1.0,0.0,0.0,0.0,0.0,0.0,0.0,0,50696.0
0,1,19,9,1339,0,0,0,1,0,0,0,0,2,0.0,0.0,0.0,0.0,1.0,0.0,0.0,76,68,0.13,0.05,0.13,0.04,0.0,0.0,0.0,0,73394.0
0,1,39,5,0,0,0,0,0,0,0,0,0,129,1.0,1.0,0.0,0.0,0.09,0.08,0.0,255,2,0.01,0.09,0.0,0.0,1.0,1.0,0.0,1,60651.0
0,1,19,5,0,0,0,0,0,0,0,0,0,235,1.0,0.95,0.0,0.0,0.08,0.06,0.11,255,4,0.02,0.07,0.0,0.0,1.0,1.0,0.0,1,9181.0
0,1,46,1,0,0,0,0,0,0,0,0,0,1,0.0,0.0,1.0,1.0,1.0,0.0,0.0,19,2,0.05,1.0,0.05,1.0,0.0,0.0,1.0,1,68156.0
0,1,22,9,211,5565,0,0,1,0,0,0,0,1,0.0,0.0,0.0,0.0,1.0,0.0,0.4,25,255,1.0,0.0,0.04,0.04,0.0,0.0,0.0,0,54355.0
0,1,46,5,0,0,0,0,0,0,0,0,0,32,1.0,1.0,0.0,0.0,0.47,0.19,0.0,255,15,0.06,0.08,0.0,0.0,1.0,1.0,0.0,1,31142.0
0,1,19,9,3909,0,0,0,1,0,0,0,0,6,0.0,0.0,0.0,0.0,1.0,0.0,0.0,153,104,0.34,0.02,0.34,0.02,0.01,0.01,0.0,0,71276.0
0,1,22,9,244,495,0,0,1,0,0,0,0,7,0.0,0.0,0.0,0.0,1.0,0.0,0.09,255,255,1.0,0.0,0.0,0.0,0.0,0.0,0.0,0,103989.0
0,1,22,9,225,1875,0,0,1,0,0,0,0,5,0.0,0.0,0.0,0.0,1.0,0.0,0.0,255,255,1.0,0.0,0.0,0.0,0.0,0.0,0.0,0,73776.0
0,1,8,5,0,0,0,0,0,0,0,0,0,109,1.0,1.0,0.0,0.0,0.08,0.06,0.0,255,9,0.04,0.07,0.0,0.0,1.0,1.0,0.0,1,82848.0
0,1,6,5,0,0,0,0,0,0,0,0,0,115,1.0,1.0,0.0,0.0,0.15,0.06,0.0,255,15,0.06,0.07,0.0,0.0,1.0,1.0,0.0,1,44671.0
0,1,22,9,287,7524,0,0,1,0,0,0,0,23,0.0,0.0,0.0,0.0,1.0,0.0,0.0,255,255,1.0,0.0,0.0,0.0,0.0,0.0,0.0,0,112125.0
0,1,22,9,278,376,0,0,1,0,0,0,0,10,0.0,0.0,0.0,0.0,1.0,0.0,0.15,30,255,1.0,0.0,0.03,0.05,0.0,0.0,0.0,0,83105.0
0,2,46,9,28,0,3,0,0,0,0,0,0,5,0.0,0.0,0.0,0.0,1.0,0.0,0.0,77,5,0.06,0.05,0.06,0.0,0.0,0.0,0.0,1,39619.0
0,1,22,5,0,0,0,0,0,0,0,0,0,128,1.0,1.0,0.0,0.0,0.16,0.05,0.0,255,20,0.08,0.05,0.0,0.0,1.0,1.0,0.0,1,91994.0
0,1,22,9,310,275,0,0,1,0,0,0,0,17,0.0,0.0,0.0,0.0,1.0,0.0,0.0,129,255,1.0,0.0,0.01,0.01,0.0,0.0,0.0,0,82208.0
42746,1,12,4,1,0,0,0,0,0,0,0,0,2,0.0,0.0,1.0,1.0,1.0,0.0,0.0,134,2,0.01,0.07,0.1,0.0,0.0,0.0,1.0,1,100678.0
0,1,22,9,296,327,0,0,1,0,0,0,0,24,0.0,0.0,0.0,0.0,1.0,0.0,0.0,255,255,1.0,0.0,0.0,0.0,0.0,0.0,0.0,0,22176.0
0,1,46,1,0,0,0,0,0,0,0,0,0,2,0.0,0.0,1.0,1.0,0.5,1.0,0.0,255,1,0.0,0.9,0.89,0.0,0.0,0.0,1.0,1,45187.0
0,1,33,5,0,0,0,0,0,0,0,0,0,247,1.0,1.0,0.0,0.0,0.01,0.06,0.0,255,4,0.02,0.07,0.0,0.0,1.0,1.0,0.0,1,125141.0
0,1,46,5,0,0,0,0,0,0,0,0,0,137,1.0,1.0,0.0,0.0,0.14,0.06,0.0,255,10,0.04,0.07,0.0,0.0,1.0,1.0,0.0,1,54573.0
0,1,22,9,184,3763,0,0,1,0,0,0,0,12,0.0,0.0,0.0,0.0,1.0,0.0,0.12,41,255,1.0,0.0,0.02,0.02,0.0,0.0,0.0,0,48203.0
0,2,46,9,1,0,0,0,0,0,0,0,0,22,0.0,0.0,0.0,0.0,0.05,0.14,0.0,255,1,0.0,0.9,0.11,0.0,0.13,0.0,0.0,1,22304.0
0,1,46,2,0,0,0,0,0,0,0,0,0,265,0.0,0.0,1.0,1.0,0.08,0.06,0.0,255,20,0.08,0.07,0.0,0.0,0.0,0.0,1.0,1,66740.0
0,1,17,5,0,0,0,0,0,0,0,0,0,27,1.0,1.0,0.0,0.0,0.26,0.07,0.0,69,11,0.1,0.06,0.06,0.18,0.97,0.64,0.0,1,81900.0
0,1,22,9,192,22691,0,0,1,0,0,0,0,1,0.0,0.0,0.0,0.0,1.0,0.0,0.0,90,255,1.0,0.0,0.01,0.02,0.0,0.0,0.0,0,7931.0
0,1,22,9,331,16029,0,0,1,0,0,0,0,21,0.0,0.0,0.0,0.0,1.0,0.0,0.0,111,255,1.0,0.0,0.01,0.03,0.0,0.0,0.0,0,54006.0
0,1,22,9,147,28941,0,0,1,0,0,0,0,1,0.0,0.0,0.0,0.0,1.0,0.0,0.0,39,255,1.0,0.0,0.03,0.02,0.0,0.0,0.0,0,111399.0
0,0,14,9,1032,0,0,0,0,0,0,0,0,510,0.0,0.0,0.0,0.0,1.0,0.0,0.0,255,85,0.33,0.2,0.33,0.0,0.0,0.0,0.0,1,38707.0
0,1,46,5,0,0,0,0,0,0,0,0,0,210,1.0,1.0,0.0,0.0,0.04,0.06,0.0,255,11,0.04,0.05,0.0,0.0,1.0,1.0,0.0,1,78329.0
0,1,31,5,0,0,0,0,0,0,0,0,0,136,1.0,1.0,0.0,0.0,0.02,0.05,0.0,255,3,0.01,0.05,0.0,0.0,1.0,1.0,0.0,1,52299.0
0,1,46,5,0,0,0,0,0,0,0,0,0,150,1.0,1.0,0.0,0.0,0.07,0.05,0.0,255,2,0.01,0.08,0.0,0.0,1.0,1.0,0.0,1,45821.0
0,1,22,9,288,269,0,0,1,0,0,0,0,18,0.0,0.0,0.0,0.0,1.0,0.0,0.12,255,255,1.0,0.0,0.0,0.0,0.0,0.0,0.0,0,56560.0
0,1,46,5,0,0,0,0,0,0,0,0,0,291,1.0,1.0,0.0,0.0,0.05,0.05,0.0,255,5,0.02,0.08,0.0,0.0,1.0,1.0,0.0,1,50262.0
0,1,22,9,310,668,0,0,1,0,0,0,0,9,0.0,0.0,0.0,0.0,1.0,0.0,0.12,255,255,1.0,0.0,0.0,0.0,0.0,0.0,0.0,0,62604.0
0,1,22,9,208,744,0,0,1,0,0,0,0,4,0.0,0.0,0.0,0.0,1.0,0.0,0.18,126,255,1.0,0.0,0.01,0.02,0.0,0.0,0.0,0,31587.0
0,0,14,9,1032,0,0,0,0,0,0,0,0,341,0.0,0.0,0.0,0.0,1.0,0.0,0.0,255,255,1.0,0.0,1.0,0.0,0.0,0.0,0.0,1,53197.0
0,1,22,9,298,1037,0,0,1,0,0,0,0,9,0.0,0.0,0.0,0.0,1.0,0.0,0.27,255,255,1.0,0.0,0.0,0.0,0.0,0.0,0.0,0,88942.0
0,1,22,9,317,406,0,0,1,0,0,0,0,15,0.0,0.0,0.0,0.0,1.0,0.0,0.12,255,255,1.0,0.0,0.0,0.0,0.0,0.0,0.0,0,27103.0
2613,2,41,9,147,105,0,0,0,0,0,0,0,1,0.0,0.0,0.0,0.0,1.0,0.0,0.0,255,1,0.0,0.51,0.81,0.0,0.0,0.0,0.0,0,104102.0
0,1,46,5,0,0,0,0,0,0,0,0,0,148,1.0,1.0,0.0,0.0,0.11,0.05,0.0,255,3,0.01,0.06,0.0,0.0,1.0,1.0,0.0,1,76208.0
0,2,11,9,43,43,0,0,0,0,0,0,0,184,0.0,0.0,0.0,0.0,1.0,0.0,0.01,255,231,0.91,0.01,0.0,0.0,0.0,0.0,0.0,0,10300.0
0,1,19,9,7012,0,0,0,1,0,0,0,0,5,0.0,0.0,0.0,0.0,1.0,0.0,0.0,27,75,0.93,0.07,0.93,0.03,0.0,0.0,0.0,0,72992.0
0,0,13,9,8,0,0,0,0,0,0,0,0,1,0.0,0.0,0.0,0.0,1.0,0.0,1.0,2,26,1.0,0.0,1.0,0.5,0.0,0.0,0.0,1,57292.0
0,1,63,5,0,0,0,0,0,0,0,0,0,117,1.0,1.0,0.0,0.0,0.03,0.05,0.0,255,4,0.02,0.05,0.0,0.0,1.0,1.0,0.0,1,72354.0
0,1,17,5,0,0,0,0,0,0,0,0,0,17,1.0,1.0,0.0,0.0,0.53,0.12,0.0,255,69,0.27,0.02,0.01,0.0,1.0,1.0,0.0,1,16572.0
36224,1,46,4,1,0,0,0,0,0,0,0,0,2,0.0,0.0,1.0,1.0,1.0,0.0,0.0,255,2,0.01,0.5,1.0,0.0,0.0,0.0,1.0,1,118609.0
0,1,34,5,0,0,0,0,0,0,0,0,0,104,1.0,1.0,0.0,0.0,0.18,0.07,0.0,255,2,0.01,0.07,0.0,0.0,1.0,1.0,0.0,1,99546.0
0,0,14,9,520,0,0,0,0,0,0,0,0,219,0.0,0.0,0.0,0.0,1.0,0.0,0.0,255,255,1.0,0.0,1.0,0.0,0.0,0.0,0.0,1,91901.0
0,1,22,9,54540,8314,0,2,1,1,0,0,0,2,0.0,0.0,0.0,0.0,1.0,0.0,0.0,52,52,1.0,0.0,0.02,0.0,0.0,0.0,0.02,1,115402.0
0,1,63,5,0,0,0,0,0,0,0,0,0,102,1.0,1.0,0.0,0.0,0.02,0.07,0.0,255,2,0.01,0.06,0.0,0.0,1.0,1.0,0.0,1,15026.0
0,1,19,9,3690,0,0,0,1,0,0,0,0,21,0.0,0.0,0.0,0.0,1.0,0.0,0.0,66,91,0.41,0.06,0.41,0.02,0.0,0.0,0.0,0,45993.0
0,0,14,9,1032,0,0,0,0,0,0,0,0,511,0.0,0.0,0.0,0.0,1.0,0.0,0.0,255,161,0.63,0.01,0.63,0.0,0.0,0.0,0.0,1,61130.0
2696,2,41,9,146,105,0,0,0,0,0,0,0,1,0.0,0.0,0.0,0.0,1.0,0.0,0.0,255,5,0.02,0.48,0.76,0.0,0.0,0.0,0.0,0,102045.0
0,1,26,5,0,0,0,0,0,0,0,0,0,102,1.0,1.0,0.0,0.0,0.16,0.07,0.0,255,3,0.01,0.07,0.0,0.0,1.0,1.0,0.0,1,85951.0
0,1,22,9,265,309,0,0,1,0,0,0,0,29,0.0,0.0,0.0,0.0,1.0,0.0,0.09,255,255,1.0,0.0,0.0,0.0,0.0,0.0,0.0,0,9773.0
0,1,12,2,0,0,0,0,0,0,0,0,0,200,0.0,0.0,1.0,1.0,0.03,0.07,0.0,255,6,0.02,0.07,0.0,0.0,0.0,0.0,1.0,1,98658.0
0,1,46,5,0,0,0,0,0,0,0,0,0,123,1.0,1.0,0.0,0.0,0.13,0.06,0.0,255,18,0.07,0.07,0.0,0.0,1.0,1.0,0.0,1,30525.0
0,1,60,5,0,0,0,0,0,0,0,0,0,118,1.0,1.0,0.0,0.0,0.11,0.06,0.0,255,13,0.05,0.08,0.0,0.0,1.0,1.0,0.0,1,70241.0
1,1,18,9,1174,2447,0,28,1,0,0,0,0,1,0.0,0.0,0.0,0.0,1.0,0.0,0.0,255,125,0.49,0.02,0.0,0.0,0.0,0.0,0.0,0,100456.0
0,1,22,9,252,9514,0,0,1,0,0,0,0,2,0.0,0.0,0.0,0.0,1.0,0.0,0.67,26,255,1.0,0.0,0.04,0.05,0.0,0.0,0.0,0,102442.0
0,1,22,9,214,2124,0,0,1,0,0,0,0,4,0.25,0.2,0.0,0.0,1.0,0.0,0.4,52,255,1.0,0.0,0.02,0.02,0.02,0.01,0.0,0,98973.0
0,0,13,9,8,0,0,0,0,0,0,0,0,1,0.0,0.0,0.0,0.0,1.0,0.0,1.0,1,59,1.0,0.0,1.0,0.51,0.0,0.0,0.0,1,69890.0
0,1,22,9,276,490,0,0,1,0,0,0,0,2,0.0,0.0,0.0,0.0,1.0,0.0,0.0,54,255,1.0,0.0,0.02,0.04,0.0,0.0,0.0,0,91304.0
0,1,17,5,0,0,0,0,0,0,0,0,0,282,1.0,1.0,0.0,0.0,0.07,0.06,0.0,255,20,0.08,0.05,0.0,0.0,1.0,1.0,0.0,1,70154.0
0,1,19,9,37,0,0,0,1,0,0,0,0,151,0.99,0.0,0.0,0.0,0.01,0.07,0.0,255,3,0.01,0.06,0.01,0.0,0.99,0.0,0.0,1,2297.0
0,1,36,4,0,0,0,0,0,0,0,0,0,1,0.0,0.0,1.0,1.0,1.0,0.0,0.0,183,1,0.01,0.74,0.74,0.0,0.03,0.0,1.0,1,30563.0
0,1,60,9,0,4,0,0,0,0,0,0,0,1,0.0,0.0,0.0,0.0,1.0,0.0,0.0,18,18,1.0,0.0,0.06,0.0,0.11,0.11,0.0,0,12282.0
0,1,22,9,256,517,0,1,1,0,0,0,0,1,0.0,0.0,0.0,0.0,1.0,0.0,0.0,12,255,1.0,0.0,0.08,0.04,0.0,0.0,0.0,0,37892.0
0,1,46,2,0,0,0,0,0,0,0,0,0,130,0.0,0.0,1.0,1.0,0.15,0.06,0.0,255,19,0.07,0.07,0.0,0.0,0.0,0.0,1.0,1,29338.0
0,1,22,5,0,0,0,0,0,0,0,0,0,44,1.0,1.0,0.0,0.0,0.3,0.09,0.0,255,11,0.04,0.05,0.02,0.0,1.0,1.0,0.0,1,112570.0
0,1,51,9,1408,335,0,0,1,0,0,0,0,1,0.0,0.0,0.0,0.0,1.0,0.0,1.0,19,165,0.89,0.11,0.05,0.01,0.0,0.0,0.0,0,23127.0
0,1,17,5,0,0,0,0,0,0,0,0,0,28,1.0,1.0,0.0,0.0,0.32,0.07,0.0,255,9,0.04,0.07,0.01,0.0,1.0,1.0,0.0,1,80699.0
0,1,22,9,189,367,0,0,1,0,0,0,0,19,0.0,0.0,0.0,0.0,1.0,0.0,0.0,19,255,1.0,0.0,0.05,0.05,0.0,0.0,0.0,0,107199.0
1,1,51,9,2292,399,0,0,1,0,0,0,0,1,0.0,0.0,0.0,0.0,1.0,0.0,1.0,131,151,0.4,0.02,0.01,0.01,0.0,0.0,0.0,0,105651.0
0,1,46,5,0,0,0,0,0,0,0,0,0,110,1.0,1.0,0.0,0.0,0.09,0.05,0.0,255,12,0.05,0.09,0.0,0.0,1.0,1.0,0.0,1,42206.0
0,0,13,9,8,0,0,0,0,0,0,0,0,1,0.0,0.0,0.0,0.0,1.0,0.0,1.0,1,27,1.0,0.0,1.0,0.52,0.0,0.0,0.0,1,32650.0
0,1,55,5,0,0,0,0,0,0,0,0,0,289,1.0,1.0,0.0,0.0,0.07,0.06,0.0,255,3,0.01,0.07,0.0,0.0,1.0,1.0,0.0,1,90041.0
0,2,11,9,43,43,0,0,0,0,0,0,0,152,0.0,0.0,0.0,0.0,1.0,0.0,0.01,255,254,1.0,0.01,0.01,0.0,0.0,0.0,0.0,0,11300.0
0,1,22,1,0,0,0,0,0,0,0,0,0,1,0.0,0.0,1.0,1.0,1.0,0.0,1.0,71,63,0.89,0.03,0.01,0.0,0.0,0.0,1.0,0,110936.0
0,1,41,1,0,0,0,0,0,0,0,0,0,360,0.06,0.0,0.91,1.0,0.0,1.0,0.0,255,1,0.0,1.0,0.0,0.0,0.08,0.0,1.0,1,99463.0
0,0,62,9,78,0,0,0,0,0,0,0,0,43,0.0,0.0,0.0,0.0,0.14,0.05,0.0,255,11,0.04,0.01,0.04,0.0,0.0,0.0,0.0,0,99774.0
0,1,63,5,0,0,0,0,0,0,0,0,0,95,1.0,1.0,0.0,0.0,0.15,0.06,0.0,255,14,0.05,0.06,0.0,0.0,1.0,1.0,0.0,1,47920.0
0,1,51,9,693,333,0,0,1,0,0,0,0,1,0.0,0.0,0.0,0.0,1.0,0.0,0.0,108,111,0.42,0.05,0.01,0.02,0.0,0.0,0.0,0,111007.0
0,1,22,9,220,3749,0,0,1,0,0,0,0,10,0.0,0.0,0.0,0.0,1.0,0.0,0.09,255,255,1.0,0.0,0.0,0.0,0.0,0.0,0.0,0,105113.0
0,0,13,9,8,0,0,0,0,0,0,0,0,1,0.0,0.0,0.0,0.0,1.0,0.0,1.0,2,174,1.0,0.0,1.0,0.25,0.0,0.0,0.0,1,2751.0
0,2,11,9,44,44,0,0,0,0,0,0,0,149,0.0,0.0,0.0,0.0,1.0,0.0,0.0,255,255,1.0,0.0,0.01,0.0,0.0,0.0,0.0,0,124881.0
0,1,8,5,0,0,0,0,0,0,0,0,0,179,1.0,1.0,0.0,0.0,0.01,0.07,0.0,255,1,0.0,0.07,0.0,0.0,1.0,1.0,0.0,1,13918.0
15,1,51,9,903,388,0,0,1,0,0,0,0,1,0.0,0.0,0.0,0.0,1.0,0.0,0.0,255,59,0.23,0.58,0.0,0.0,0.58,0.0,0.0,0,19530.0
0,1,19,5,0,0,0,0,0,0,0,0,0,30,1.0,1.0,0.0,0.0,0.17,0.13,0.0,255,64,0.25,0.02,0.01,0.0,1.0,1.0,0.0,1,72619.0
0,1,22,9,192,7925,0,0,1,0,0,0,0,23,0.0,0.0,0.0,0.0,1.0,0.0,0.0,51,255,1.0,0.0,0.02,0.03,0.0,0.0,0.0,0,31832.0
0,0,14,9,1032,0,0,0,0,0,0,0,0,319,0.0,0.0,0.0,0.0,1.0,0.0,0.0,255,255,1.0,0.0,1.0,0.0,0.0,0.0,0.0,1,116601.0
0,1,31,5,0,0,0,0,0,0,0,0,0,136,1.0,1.0,0.0,0.0,0.14,0.07,0.0,255,19,0.07,0.07,0.0,0.0,1.0,1.0,0.0,1,45177.0
0,1,22,9,328,888,0,0,1,0,0,0,0,12,0.0,0.0,0.0,0.0,1.0,0.0,0.0,12,48,1.0,0.0,0.08,0.19,0.0,0.0,0.0,0,44550.0
0,1,22,1,0,0,0,0,0,0,0,0,0,21,0.0,0.0,0.81,0.81,1.0,0.0,0.0,40,120,1.0,0.0,0.03,0.17,0.0,0.0,0.97,0,8473.0
0,1,22,9,232,1905,0,0,1,0,0,0,0,9,0.0,0.0,0.0,0.0,1.0,0.0,0.17,184,255,1.0,0.0,0.01,0.01,0.0,0.0,0.0,0,50768.0
0,1,46,5,0,0,0,0,0,0,0,0,0,193,1.0,1.0,0.0,0.0,0.01,0.09,0.0,255,1,0.0,0.08,0.0,0.0,1.0,1.0,0.0,1,122299.0
0,1,46,5,0,0,0,0,0,0,0,0,0,70,1.0,1.0,0.0,0.0,0.06,0.07,0.0,255,4,0.02,0.07,0.0,0.0,1.0,1.0,0.0,1,42523.0
8437,1,41,4,1,0,0,0,0,0,0,0,0,2,0.0,0.0,1.0,1.0,1.0,0.0,0.0,255,2,0.01,0.68,1.0,0.0,0.0,0.0,1.0,1,8687.0
0,1,22,9,216,2188,0,0,1,0,0,0,0,10,0.0,0.0,0.0,0.0,1.0,0.0,0.17,54,255,1.0,0.0,0.02,0.05,0.0,0.01,0.01,0,79307.0
0,1,22,9,230,27222,0,0,1,0,0,0,0,6,0.0,0.0,0.0,0.0,1.0,0.0,0.18,243,255,1.0,0.0,0.0,0.02,0.0,0.0,0.0,0,109783.0
0,1,22,9,243,1273,0,0,1,0,0,0,0,6,0.17,0.29,0.0,0.0,1.0,0.0,0.29,109,255,1.0,0.0,0.01,0.01,0.01,0.0,0.0,0,104106.0
0,2,11,9,32,0,0,0,0,0,0,0,0,1,0.0,0.0,0.0,0.0,1.0,0.0,1.0,156,22,0.06,0.04,0.06,0.09,0.0,0.0,0.0,0,69952.0
0,1,22,9,344,2099,0,0,1,0,0,0,0,12,0.0,0.0,0.0,0.0,1.0,0.0,0.0,141,255,1.0,0.0,0.01,0.02,0.0,0.0,0.0,0,90737.0
0,1,22,9,235,1480,0,0,1,0,0,0,0,14,0.0,0.0,0.0,0.0,1.0,0.0,0.12,71,255,1.0,0.0,0.01,0.02,0.0,0.0,0.03,0,97658.0
0,0,14,9,1032,0,0,0,0,0,0,0,0,511,0.0,0.0,0.0,0.0,1.0,0.0,0.0,255,183,0.72,0.02,0.72,0.0,0.0,0.0,0.0,1,125084.0
0,1,37,5,0,0,0,0,0,0,0,0,0,143,1.0,1.0,0.0,0.0,0.15,0.05,0.0,255,21,0.08,0.06,0.0,0.0,1.0,1.0,0.0,1,22793.0
0,1,22,9,317,3245,0,0,1,0,0,0,0,8,0.0,0.0,0.0,0.0,1.0,0.0,0.0,255,255,1.0,0.0,0.0,0.0,0.0,0.0,0.0,0,24295.0
0,1,51,9,890,363,0,0,1,0,0,0,0,1,0.0,0.0,0.0,0.0,1.0,0.0,0.0,119,68,0.57,0.05,0.01,0.0,0.0,0.0,0.0,0,97309.0
0,1,5,5,0,0,0,0,0,0,0,0,0,122,1.0,1.0,0.0,0.0,0.02,0.06,0.0,255,3,0.01,0.06,0.0,0.0,1.0,1.0,0.0,1,74171.0
0,1,46,5,0,0,0,0,0,0,0,0,0,15,1.0,1.0,0.0,0.0,0.07,0.33,0.0,255,17,0.07,0.09,0.0,0.0,1.0,1.0,0.0,1,25195.0
0,1,10,5,0,0,0,0,0,0,0,0,0,252,1.0,1.0,0.0,0.0,0.02,0.07,0.0,255,5,0.02,0.08,0.0,0.0,1.0,1.0,0.0,1,109254.0
2,1,51,9,968,341,0,0,1,0,0,0,0,1,0.0,0.0,0.0,0.0,1.0,0.0,1.0,7,153,1.0,0.0,0.14,0.02,0.0,0.01,0.0,0,72938.0
0,1,22,9,222,278,0,0,1,0,0,0,0,17,0.0,0.0,0.0,0.0,1.0,0.0,0.24,38,255,1.0,0.0,0.03,0.02,0.0,0.01,0.03,0,51831.0
0,0,62,9,78,0,0,0,0,0,0,0,0,10,0.0,0.0,0.0,0.0,0.3,0.2,0.0,255,29,0.11,0.01,0.11,0.0,0.0,0.0,0.0,0,5156.0
0,2,11,9,44,71,0,0,0,0,0,0,0,150,0.0,0.0,0.0,0.0,0.99,0.01,0.02,255,249,0.98,0.01,0.0,0.0,0.0,0.0,0.0,0,39435.0
23,1,18,9,227,768,0,4,1,0,0,0,0,1,0.0,0.0,0.0,0.0,1.0,0.0,0.0,255,49,0.19,0.02,0.0,0.0,0.0,0.0,0.0,0,43846.0
0,1,22,9,223,255,0,0,1,0,0,0,0,7,0.0,0.0,0.0,0.0,1.0,0.0,0.0,7,255,1.0,0.0,0.14,0.04,0.0,0.0,0.0,0,48672.0
0,1,36,5,0,0,0,0,0,0,0,0,0,124,1.0,1.0,0.0,0.0,0.15,0.06,0.0,255,19,0.07,0.07,0.0,0.0,1.0,1.0,0.0,1,59947.0
0,1,36,5,0,0,0,0,0,0,0,0,0,286,1.0,1.0,0.0,0.0,0.07,0.05,0.0,255,21,0.08,0.05,0.0,0.0,1.0,1.0,0.0,1,124043.0
0,2,11,9,45,129,0,0,0,0,0,0,0,69,0.0,0.0,0.0,0.0,1.0,0.0,0.01,255,254,1.0,0.01,0.0,0.0,0.0,0.0,0.0,0,12011.0
0,1,20,1,0,0,0,0,0,0,0,0,0,231,0.0,0.0,1.0,1.0,0.04,0.07,0.0,255,10,0.04,0.07,0.0,0.0,0.0,0.0,1.0,1,115841.0
0,1,22,9,207,325,0,0,1,0,0,0,0,11,0.0,0.0,0.0,0.0,1.0,0.0,0.06,113,255,1.0,0.0,0.01,0.02,0.0,0.0,0.0,0,124440.0
0,1,22,9,277,525,0,0,1,0,0,0,0,1,0.0,0.0,0.0,0.0,1.0,0.0,0.0,120,255,1.0,0.0,0.01,0.04,0.0,0.01,0.02,0,56157.0
0,1,22,9,222,6043,0,0,1,0,0,0,0,1,0.0,0.0,0.0,0.0,1.0,0.0,0.0,4,255,1.0,0.0,0.25,0.04,0.25,0.0,0.0,0,34731.0
0,0,13,9,30,0,0,0,0,0,0,0,0,2,0.0,0.0,0.0,0.0,0.5,1.0,0.0,255,25,0.1,0.01,0.49,0.0,0.0,0.0,0.0,0,99583.0
0,1,22,9,305,633,0,0,1,0,0,0,0,3,0.0,0.0,0.0,0.0,1.0,0.0,0.0,74,255,1.0,0.0,0.01,0.04,0.0,0.0,0.0,0,94244.0
3,1,51,9,1374,403,0,0,1,0,0,0,0,1,0.0,0.0,0.0,0.0,1.0,0.0,0.0,51,106,0.92,0.04,0.02,0.02,0.0,0.0,0.0,0,47918.0
0,1,64,1,0,0,0,0,0,0,0,0,0,222,0.0,0.0,1.0,1.0,0.04,0.07,0.0,255,9,0.04,0.07,0.0,0.0,0.0,0.0,1.0,1,80463.0
0,1,22,9,303,828,0,0,1,0,0,0,0,15,0.0,0.0,0.0,0.0,1.0,0.0,0.17,72,255,1.0,0.0,0.01,0.03,0.0,0.0,0.0,0,70326.0
0,1,22,1,0,0,0,0,0,0,0,0,0,1,0.0,0.0,1.0,1.0,1.0,0.0,0.0,96,255,1.0,0.0,0.01,0.09,0.0,0.0,0.71,0,96638.0
0,1,22,9,337,441,0,0,1,0,0,0,0,11,0.0,0.0,0.0,0.0,1.0,0.0,0.0,36,255,1.0,0.0,0.03,0.04,0.0,0.0,0.0,0,15346.0
0,1,19,9,245,0,0,0,1,0,0,1,0,2,0.0,0.0,0.0,0.0,0.5,1.0,0.0,137,42,0.08,0.05,0.08,0.05,0.01,0.0,0.0,0,14692.0
0,1,22,9,319,2606,0,0,1,0,0,0,0,11,0.0,0.0,0.0,0.0,1.0,0.0,0.0,255,255,1.0,0.0,0.0,0.0,0.0,0.0,0.0,0,106412.0
0,2,11,9,43,76,0,0,0,0,0,0,0,133,0.0,0.0,0.0,0.0,1.0,0.0,0.0,255,201,0.79,0.01,0.0,0.0,0.0,0.0,0.0,0,2100.0
0,1,22,9,318,1030,0,0,1,0,0,0,0,29,0.0,0.0,0.0,0.0,1.0,0.0,0.0,67,255,1.0,0.0,0.01,0.04,0.0,0.0,0.0,0,41981.0
0,1,22,9,274,18930,0,0,1,0,0,0,0,1,0.0,0.0,0.0,0.0,1.0,0.0,0.0,19,255,1.0,0.0,0.05,0.08,0.0,0.0,0.0,0,18011.0
0,1,46,5,0,0,0,0,0,0,0,0,0,252,1.0,1.0,0.0,0.0,0.0,0.07,0.0,255,1,0.0,0.06,0.0,0.0,1.0,1.0,0.0,1,57260.0
0,1,46,5,0,0,0,0,0,0,0,0,0,226,1.0,1.0,0.0,0.0,0.04,0.06,0.0,255,18,0.07,0.07,0.0,0.0,1.0,1.0,0.0,1,72047.0
0,2,11,9,46,124,0,0,0,0,0,0,0,131,0.0,0.0,0.0,0.0,1.0,0.0,0.01,255,255,1.0,0.0,0.0,0.0,0.0,0.0,0.0,0,79448.0
0,1,46,5,0,0,0,0,0,0,0,0,0,109,1.0,1.0,0.0,0.0,0.03,0.06,0.0,255,16,0.06,0.05,0.0,0.0,1.0,1.0,0.0,1,48850.0
0,1,22,9,0,13246,0,0,0,0,0,0,0,6,0.17,0.17,0.0,0.0,1.0,0.0,0.0,6,255,1.0,0.0,0.17,0.04,0.17,0.01,0.0,0,3630.0
0,1,19,5,0,0,0,0,0,0,0,0,0,7,1.0,1.0,0.0,0.0,1.0,0.0,0.0,255,55,0.22,0.02,0.0,0.0,1.0,1.0,0.0,1,4167.0
0,0,13,9,8,0,0,0,0,0,0,0,0,1,0.0,0.0,0.0,0.0,1.0,0.0,1.0,1,41,1.0,0.0,1.0,0.27,0.0,0.0,0.0,1,82176.0
0,1,22,9,344,454,0,0,1,0,0,0,0,10,0.0,0.0,0.0,0.0,1.0,0.0,0.0,255,255,1.0,0.0,0.0,0.0,0.0,0.0,0.01,0,115932.0
0,2,11,9,45,81,0,0,0,0,0,0,0,310,0.0,0.0,0.0,0.0,1.0,0.0,0.0,255,254,1.0,0.01,0.0,0.0,0.0,0.0,0.0,0,54041.0
0,0,14,9,1032,0,0,0,0,0,0,0,0,511,0.0,0.0,0.0,0.0,1.0,0.0,0.0,255,126,0.49,0.01,0.49,0.0,0.0,0.0,0.0,1,120517.0
0,1,17,5,0,0,0,0,0,0,0,0,0,52,1.0,1.0,0.0,0.0,0.31,0.08,0.0,255,76,0.3,0.02,0.0,0.0,1.0,1.0,0.0,1,57512.0
0,0,13,9,8,0,0,0,0,0,0,0,0,1,0.0,0.0,0.0,0.0,1.0,0.0,1.0,2,144,1.0,0.0,1.0,0.5,0.0,0.0,0.0,1,63470.0
0,1,46,5,0,0,0,0,0,0,0,0,0,110,1.0,1.0,0.0,0.0,0.15,0.07,0.0,255,16,0.06,0.06,0.0,0.0,1.0,1.0,0.0,1,108229.0
0,0,14,9,1480,0,1,0,0,0,0,0,0,1,0.0,0.0,0.0,0.0,1.0,0.0,0.0,1,19,1.0,0.0,1.0,0.53,0.0,0.0,0.0,0,96906.0
0,0,62,9,78,0,0,0,0,0,0,0,0,46,0.0,0.0,0.0,0.0,0.2,0.04,0.0,255,14,0.05,0.01,0.05,0.0,0.0,0.0,0.0,0,41328.0
0,1,46,1,0,0,0,0,0,0,0,0,0,2,0.0,0.0,1.0,1.0,0.5,1.0,0.0,255,1,0.0,0.33,0.27,0.0,0.26,0.0,1.0,1,38138.0
0,1,27,5,0,0,0,0,0,0,0,0,0,2,1.0,1.0,0.0,0.0,1.0,0.0,0.0,255,2,0.01,0.07,0.0,0.0,1.0,1.0,0.0,1,640.0
0,1,60,5,0,0,0,0,0,0,0,0,0,290,1.0,1.0,0.0,0.0,0.07,0.05,0.0,255,20,0.08,0.07,0.0,0.0,1.0,1.0,0.0,1,89697.0
0,2,46,9,1,0,0,0,0,0,0,0,0,18,0.0,0.0,0.0,0.0,0.22,0.28,0.0,255,24,0.09,0.68,0.42,0.0,0.0,0.0,0.0,1,20020.0
0,1,22,9,316,7933,0,0,1,0,0,0,0,9,0.0,0.0,0.0,0.0,1.0,0.0,0.0,84,255,1.0,0.0,0.01,0.04,0.0,0.0,0.0,0,88578.0
0,1,22,9,314,1375,0,0,1,0,0,0,0,1,0.0,0.0,0.0,0.0,1.0,0.0,0.0,1,255,1.0,0.0,1.0,0.01,0.0,0.0,0.0,0,117393.0
0,1,22,9,251,403,0,0,1,0,0,0,0,1,0.0,0.0,0.0,0.0,1.0,0.0,0.0,8,255,1.0,0.0,0.12,0.02,0.0,0.0,0.0,0,90299.0
0,1,63,5,0,0,0,0,0,0,0,0,0,109,1.0,1.0,0.0,0.0,0.08,0.06,0.0,255,9,0.04,0.07,0.0,0.0,1.0,1.0,0.0,1,119391.0
0,1,22,9,181,2047,0,0,1,0,0,0,0,3,0.0,0.0,0.0,0.0,1.0,0.0,0.38,24,27,1.0,0.0,0.04,0.07,0.0,0.07,0.04,0,4867.0
7901,2,41,9,145,105,0,0,0,0,0,0,0,4,0.0,0.0,0.0,0.0,0.5,0.5,0.0,255,2,0.01,0.43,0.86,0.0,0.0,0.0,0.0,0,50241.0
0,1,22,9,210,2942,0,0,1,0,0,0,0,39,0.0,0.0,0.0,0.0,1.0,0.0,0.0,255,255,1.0,0.0,0.0,0.0,0.0,0.0,0.0,0,1953.0
0,1,63,5,0,0,0,0,0,0,0,0,0,136,1.0,1.0,0.0,0.0,0.1,0.06,0.0,255,7,0.03,0.07,0.0,0.0,1.0,1.0,0.0,1,108869.0
0,1,22,9,212,2130,0,0,1,0,0,0,0,6,0.0,0.0,0.0,0.0,1.0,0.0,0.25,11,255,1.0,0.0,0.09,0.03,0.0,0.0,0.0,0,52366.0
0,1,19,9,6062,0,0,0,0,0,0,0,0,6,0.0,0.0,0.0,0.0,1.0,0.0,0.0,12,77,1.0,0.0,1.0,0.03,0.0,0.0,0.0,0,67991.0
0,1,22,9,228,261,0,0,1,0,0,0,0,11,0.0,0.0,0.0,0.0,1.0,0.0,0.23,11,255,1.0,0.0,0.09,0.05,0.0,0.0,0.0,0,97638.0
0,1,26,5,0,0,0,0,0,0,0,0,0,233,1.0,1.0,0.0,0.0,0.08,0.06,0.0,255,18,0.07,0.07,0.0,0.0,1.0,1.0,0.0,1,49171.0
0,2,11,9,46,112,0,0,0,0,0,0,0,2,0.0,0.0,0.0,0.0,1.0,0.0,0.0,168,208,1.0,0.0,1.0,0.01,0.0,0.0,0.0,0,15796.0
0,2,46,9,105,145,0,0,0,0,0,0,0,1,0.0,0.0,0.0,0.0,1.0,0.0,0.0,86,85,0.99,0.02,0.01,0.0,0.0,0.0,0.0,0,95855.0
0,1,22,9,202,501,0,0,1,0,0,0,0,15,0.0,0.0,0.0,0.0,1.0,0.0,0.06,255,255,1.0,0.0,0.0,0.0,0.0,0.0,0.0,0,116795.0
0,1,22,9,235,7542,0,5,1,4,0,0,0,2,0.0,0.0,0.0,0.0,1.0,0.0,0.0,2,255,1.0,0.0,0.5,0.01,0.0,0.0,0.02,0,53977.0
0,1,46,5,0,0,0,0,0,0,0,0,0,123,1.0,1.0,0.0,0.0,0.11,0.06,0.0,255,14,0.05,0.07,0.0,0.0,1.0,1.0,0.0,1,61879.0
0,1,19,5,0,0,0,0,0,0,0,0,0,482,0.09,0.21,0.89,0.79,0.05,0.95,0.0,255,23,0.09,0.91,0.0,0.0,0.11,0.22,0.78,1,44899.0
0,1,22,1,0,0,0,0,0,0,0,0,0,1,0.0,0.0,1.0,1.0,1.0,0.0,0.0,53,255,1.0,0.0,0.02,0.12,0.0,0.0,0.73,0,63035.0
0,1,36,5,0,0,0,0,0,0,0,0,0,108,1.0,1.0,0.0,0.0,0.03,0.07,0.0,255,3,0.01,0.08,0.0,0.0,1.0,1.0,0.0,1,115665.0
0,2,46,9,1,0,0,0,0,0,0,0,0,18,0.0,0.0,0.0,0.0,0.56,0.22,0.0,255,10,0.04,0.22,1.0,0.0,0.0,0.0,0.0,1,65834.0
2,1,18,9,1222,2451,0,28,1,0,0,0,0,1,0.0,0.0,0.0,0.0,1.0,0.0,0.0,255,103,0.4,0.02,0.0,0.0,0.0,0.0,0.0,0,58417.0
0,1,22,9,204,527,0,0,1,0,0,0,0,3,0.0,0.0,0.0,0.0,1.0,0.0,0.5,158,255,1.0,0.0,0.01,0.04,0.0,0.0,0.0,0,34660.0
27,1,18,9,1031,3081,0,22,1,0,0,0,0,1,0.0,0.0,0.0,0.0,1.0,0.0,0.0,45,7,0.16,0.09,0.02,0.0,0.0,0.0,0.0,0,28594.0
26,1,18,9,284,903,0,5,1,0,0,0,0,1,0.0,0.0,0.0,0.0,1.0,0.0,0.0,131,37,0.28,0.03,0.01,0.0,0.0,0.0,0.0,0,10501.0
0,0,14,9,1032,0,0,0,0,0,0,0,0,511,0.0,0.0,0.0,0.0,1.0,0.0,0.0,255,212,0.83,0.01,0.83,0.0,0.0,0.0,0.0,1,122838.0
0,1,22,9,54540,8314,0,2,1,1,0,0,0,4,0.0,0.0,0.25,0.25,1.0,0.0,0.0,97,97,1.0,0.0,0.01,0.0,0.0,0.0,0.15,1,57187.0
0,1,22,9,310,3222,0,0,1,0,0,0,0,2,0.0,0.0,0.0,0.0,1.0,0.0,0.15,255,254,1.0,0.01,0.0,0.0,0.0,0.0,0.0,0,19881.0
0,1,5,5,0,0,0,0,0,0,0,0,0,123,1.0,1.0,0.0,0.0,0.11,0.06,0.0,255,14,0.05,0.05,0.0,0.0,1.0,1.0,0.0,1,53332.0
0,1,22,1,0,0,0,0,0,0,0,0,0,1,0.0,0.0,1.0,1.0,1.0,0.0,1.0,4,71,1.0,0.0,0.25,0.03,0.0,0.0,1.0,0,34638.0
0,1,22,9,351,280,0,0,1,0,0,0,0,4,0.0,0.0,0.0,0.0,1.0,0.0,0.0,255,255,1.0,0.0,0.0,0.0,0.0,0.0,0.01,0,20199.0
0,1,22,9,227,1748,0,0,1,0,0,0,0,7,0.0,0.0,0.0,0.0,1.0,0.0,0.0,31,204,1.0,0.0,0.03,0.05,0.0,0.0,0.0,0,37441.0
3,1,51,9,1238,331,0,0,1,0,0,0,0,1,0.0,0.0,0.0,0.0,1.0,0.0,1.0,82,64,0.78,0.05,0.01,0.0,0.0,0.0,0.0,0,85499.0
0,2,46,9,28,0,3,0,0,0,0,0,0,9,0.0,0.0,0.0,0.0,1.0,0.0,0.0,255,109,0.43,0.58,0.43,0.0,0.09,0.0,0.0,1,81202.0
0,1,66,5,0,0,0,0,0,0,0,0,0,223,1.0,1.0,0.0,0.0,0.07,0.05,0.0,255,15,0.06,0.07,0.0,0.0,1.0,1.0,0.0,1,99015.0
0,2,11,9,40,56,0,0,0,0,0,0,0,1,0.0,0.0,0.0,0.0,1.0,0.0,1.0,255,252,0.99,0.01,0.0,0.0,0.0,0.0,0.0,0,85554.0
0,1,22,9,270,9459,0,0,1,0,0,0,0,4,0.0,0.0,0.0,0.0,1.0,0.0,0.4,27,255,1.0,0.0,0.04,0.02,0.0,0.01,0.0,0,89987.0
0,0,62,9,78,0,0,0,0,0,0,0,0,22,0.0,0.0,0.0,0.0,0.45,0.09,0.0,255,18,0.07,0.01,0.07,0.0,0.0,0.0,0.0,0,35769.0
0,2,11,9,44,123,0,0,0,0,0,0,0,119,0.0,0.0,0.0,0.0,1.0,0.0,0.02,255,254,1.0,0.01,0.0,0.0,0.0,0.0,0.0,0,104766.0
0,1,46,5,0,0,0,0,0,0,0,0,0,134,1.0,1.0,0.0,0.0,0.06,0.06,0.0,255,14,0.05,0.08,0.0,0.0,1.0,1.0,0.0,1,74395.0
2085,2,41,9,147,105,0,0,0,0,0,0,0,4,0.0,0.0,0.0,0.0,0.5,0.5,0.0,255,2,0.01,0.44,0.92,0.0,0.0,0.0,0.0,0,52059.0
0,1,51,9,675,334,0,0,1,0,0,0,0,1,0.0,0.0,0.0,0.0,1.0,0.0,0.0,208,155,0.75,0.02,0.0,0.0,0.0,0.0,0.0,0,87414.0
0,1,19,9,501760,0,0,0,1,0,0,0,0,1,0.0,0.0,0.0,0.0,1.0,0.0,0.0,52,42,0.1,0.08,0.1,0.07,0.0,0.02,0.0,0,87704.0
0,1,19,9,12,0,0,0,1,0,0,0,0,1,0.0,0.0,0.0,0.0,1.0,0.0,0.0,145,19,0.13,0.02,0.13,0.0,0.0,0.0,0.0,0,77212.0
0,1,22,9,349,1483,0,0,1,0,0,0,0,4,0.0,0.0,0.0,0.0,1.0,0.0,0.29,154,254,1.0,0.0,0.01,0.02,0.01,0.0,0.0,0,39356.0
0,2,41,9,1,0,0,0,0,0,0,0,0,21,0.0,0.0,0.0,0.0,0.24,0.1,0.0,255,5,0.02,0.07,0.99,0.0,0.0,0.0,0.0,1,117134.0
0,1,46,1,0,0,0,0,0,0,0,0,0,112,0.0,0.0,1.0,1.0,0.09,0.06,0.0,13,4,0.31,0.15,0.08,0.0,0.0,0.0,1.0,1,48344.0
0,1,22,9,234,1395,0,0,1,0,0,0,0,18,0.0,0.0,0.0,0.0,1.0,0.0,0.16,255,255,1.0,0.0,0.0,0.0,0.0,0.0,0.0,0,67844.0
0,1,5,1,0,0,0,0,0,0,0,0,0,147,0.0,0.0,1.0,1.0,0.12,0.05,0.0,255,18,0.07,0.05,0.0,0.0,0.0,0.0,1.0,1,72487.0
0,1,19,9,5929,0,0,0,1,0,0,0,0,7,0.0,0.0,0.0,0.0,1.0,0.0,0.0,75,81,0.25,0.08,0.25,0.02,0.0,0.0,0.0,0,38101.0
0,1,51,9,1325,328,0,0,1,0,0,0,0,1,0.0,0.0,0.0,0.0,1.0,0.0,0.0,171,193,0.76,0.03,0.01,0.01,0.01,0.0,0.0,0,51894.0
0,2,46,9,1,0,0,0,0,0,0,0,0,7,0.0,0.0,0.0,0.0,1.0,0.0,0.0,255,7,0.03,0.21,1.0,0.0,0.0,0.0,0.0,1,106954.0
0,0,13,9,8,0,0,0,0,0,0,0,0,1,0.0,0.0,0.0,0.0,1.0,0.0,1.0,1,255,1.0,0.0,1.0,0.5,0.0,0.0,0.0,1,107955.0
0,2,11,9,45,74,0,0,0,0,0,0,0,258,0.0,0.0,0.0,0.0,1.0,0.01,0.01,255,255,1.0,0.0,0.0,0.0,0.0,0.0,0.0,0,72325.0
0,1,46,4,0,0,0,0,0,0,0,0,0,1,0.0,0.0,1.0,1.0,1.0,0.0,0.0,255,1,0.0,0.36,0.36,0.0,0.0,0.0,1.0,1,31792.0
0,1,10,1,0,0,0,0,0,0,0,0,0,267,0.0,0.0,1.0,1.0,0.02,0.06,0.0,255,5,0.02,0.07,0.0,0.0,0.0,0.0,1.0,1,64372.0
0,0,13,9,8,0,0,0,0,0,0,0,0,1,0.0,0.0,0.0,0.0,1.0,0.0,1.0,3,61,1.0,0.0,1.0,0.26,0.0,0.0,0.0,1,86043.0
0,1,46,5,0,0,0,0,0,0,0,0,0,275,1.0,1.0,0.0,0.0,0.07,0.06,0.0,255,15,0.06,0.07,0.0,0.0,1.0,1.0,0.0,1,1146.0
0,1,46,5,0,0,0,0,0,0,0,0,0,86,1.0,1.0,0.0,0.0,0.03,0.07,0.0,255,3,0.01,0.08,0.0,0.0,1.0,1.0,0.0,1,125053.0
0,1,19,9,501760,0,0,0,1,0,0,0,0,2,0.0,0.0,0.0,0.0,1.0,0.0,0.0,247,125,0.51,0.02,0.51,0.0,0.0,0.0,0.0,0,100938.0
0,1,15,5,0,0,0,0,0,0,0,0,0,120,1.0,1.0,0.0,0.0,0.01,0.06,0.0,255,20,0.08,0.07,0.0,0.0,1.0,1.0,0.0,1,57745.0
0,1,46,5,0,0,0,0,0,0,0,0,0,148,1.0,1.0,0.0,0.0,0.05,0.06,0.0,168,6,0.04,0.1,0.01,0.0,1.0,1.0,0.0,1,107597.0
0,1,22,5,0,0,0,0,0,0,0,0,0,13,1.0,1.0,0.0,0.0,0.31,0.23,0.0,255,64,0.25,0.02,0.0,0.0,1.0,1.0,0.0,1,45305.0
0,1,19,9,3834,0,0,0,1,0,0,0,0,1,0.0,0.0,0.0,0.0,1.0,0.0,0.0,255,68,0.27,0.04,0.27,0.0,0.21,0.0,0.0,0,17872.0
0,1,39,5,0,0,0,0,0,0,0,0,0,131,1.0,1.0,0.0,0.0,0.15,0.07,0.0,255,19,0.07,0.07,0.0,0.0,1.0,1.0,0.0,1,49221.0
0,0,14,9,520,0,0,0,0,0,0,0,0,333,0.0,0.0,0.0,0.0,1.0,0.0,0.0,255,255,1.0,0.0,1.0,0.0,0.0,0.0,0.0,1,118828.0
0,1,22,9,215,597,0,0,1,0,0,0,0,7,0.0,0.0,0.0,0.0,1.0,0.0,0.0,211,255,1.0,0.0,0.0,0.01,0.0,0.0,0.0,0,40296.0
23,1,18,9,339,1072,0,6,1,0,0,0,0,1,0.0,0.0,0.0,0.0,1.0,0.0,0.0,115,16,0.14,0.62,0.01,0.0,0.0,0.0,0.06,0,34072.0
0,1,22,9,225,616,0,0,1,0,0,0,0,6,0.0,0.0,0.0,0.0,1.0,0.0,0.0,255,255,1.0,0.0,0.0,0.0,0.0,0.0,0.0,0,107336.0
0,1,2,1,0,0,0,0,0,0,0,0,0,160,0.0,0.0,1.0,1.0,0.12,0.06,0.0,255,19,0.07,0.07,0.0,0.0,0.0,0.0,1.0,1,30233.0
0,1,22,9,203,2572,0,0,1,0,0,0,0,25,0.0,0.0,0.0,0.0,1.0,0.0,0.0,255,255,1.0,0.0,0.0,0.0,0.0,0.0,0.0,0,66443.0
0,1,51,9,1821,332,0,0,1,0,0,0,0,1,0.0,0.0,0.0,0.0,1.0,0.0,0.0,135,187,0.64,0.03,0.01,0.01,0.0,0.0,0.0,0,15872.0
0,1,22,1,0,0,0,0,0,0,0,0,0,1,0.0,0.0,1.0,1.0,1.0,0.0,1.0,50,251,1.0,0.0,0.02,0.16,0.0,0.0,1.0,0,1715.0
0,1,22,9,200,434,0,0,1,0,0,0,0,30,0.0,0.0,0.0,0.0,1.0,0.0,0.11,255,255,1.0,0.0,0.0,0.0,0.0,0.0,0.0,0,31914.0
0,1,22,9,305,525,0,0,1,0,0,0,0,3,0.0,0.0,0.0,0.0,1.0,0.0,0.0,57,255,1.0,0.0,0.02,0.04,0.0,0.0,0.0,0,18783.0
0,1,17,5,0,0,0,0,0,0,0,0,0,47,1.0,1.0,0.0,0.0,0.23,0.09,0.0,255,61,0.24,0.02,0.0,0.0,1.0,1.0,0.0,1,102337.0
0,0,14,9,1032,0,0,0,0,0,0,0,0,511,0.0,0.0,0.0,0.0,1.0,0.0,0.0,255,213,0.84,0.02,0.84,0.0,0.0,0.0,0.0,1,108203.0
0,1,19,9,59,0,0,0,1,0,0,0,0,19,0.0,0.0,0.0,0.0,1.0,0.0,0.1,255,101,0.4,0.02,0.4,0.0,0.0,0.0,0.0,0,122553.0
0,2,41,9,145,0,0,0,0,0,0,0,0,1,0.0,0.0,0.0,0.0,1.0,0.0,0.0,255,2,0.01,0.53,0.89,0.0,0.0,0.0,0.0,0,123518.0
7025,2,41,9,147,105,0,0,0,0,0,0,0,2,0.0,0.0,0.0,0.0,1.0,0.0,0.0,255,2,0.01,0.83,0.99,0.0,0.0,0.0,0.0,0,59628.0
0,1,22,9,254,2467,0,0,1,0,0,0,0,2,0.0,0.0,0.0,0.0,1.0,0.0,0.0,255,252,0.99,0.01,0.0,0.0,0.0,0.0,0.0,0,26130.0
0,1,16,5,0,0,0,0,0,0,0,0,0,129,1.0,1.0,0.0,0.0,0.16,0.05,0.0,255,20,0.08,0.05,0.0,0.0,1.0,1.0,0.0,1,71338.0
0,1,56,5,0,0,0,0,0,0,0,0,0,202,1.0,1.0,0.0,0.0,0.01,0.06,0.0,255,8,0.03,0.07,0.0,0.0,1.0,1.0,0.0,1,120160.0
0,2,41,9,516,4,0,0,0,0,0,0,0,432,0.0,0.0,0.0,0.0,1.0,0.0,0.0,255,255,1.0,0.0,1.0,0.0,0.0,0.0,0.0,0,118477.0
0,1,22,5,0,0,0,0,0,0,0,0,0,2,0.5,0.5,0.5,0.5,0.5,1.0,1.0,255,25,0.1,0.06,0.0,0.0,1.0,1.0,0.0,1,69835.0
0,1,46,1,0,0,0,0,0,0,0,0,0,1,0.0,0.0,1.0,1.0,1.0,0.0,0.0,35,2,0.03,1.0,0.03,1.0,0.0,0.0,1.0,1,15018.0
0,1,46,1,0,0,0,0,0,0,0,0,0,106,0.0,0.0,1.0,1.0,0.15,0.08,0.0,255,16,0.06,0.07,0.0,0.0,0.0,0.0,1.0,1,39786.0
0,2,11,9,44,44,0,0,0,0,0,0,0,131,0.0,0.0,0.0,0.0,1.0,0.0,0.0,255,254,1.0,0.01,0.0,0.0,0.0,0.0,0.0,0,27222.0
0,1,46,5,0,0,0,0,0,0,0,0,0,200,1.0,1.0,0.0,0.0,0.03,0.05,0.0,255,5,0.02,0.06,0.0,0.0,1.0,1.0,0.0,1,88680.0
1864,1,0,4,157,3074,0,0,0,0,0,0,0,1,0.0,0.0,1.0,1.0,1.0,0.0,0.0,21,9,0.43,0.1,0.05,0.0,0.05,0.11,0.89,0,53771.0
0,1,22,9,186,1020,0,0,1,0,0,0,0,1,0.0,0.0,0.0,0.0,1.0,0.0,0.0,1,255,1.0,0.0,1.0,0.04,0.0,0.0,0.0,0,25648.0
0,2,11,9,45,134,0,0,0,0,0,0,0,77,0.0,0.0,0.0,0.0,1.0,0.0,0.01,255,255,1.0,0.0,0.0,0.0,0.0,0.0,0.0,0,1090.0
0,1,18,5,0,0,0,0,0,0,0,0,0,230,1.0,1.0,0.0,0.0,0.02,0.06,0.0,255,4,0.02,0.07,0.0,0.0,1.0,1.0,0.0,1,104238.0
0,0,62,9,182,0,0,0,0,0,0,0,0,9,0.0,0.0,0.0,0.0,0.67,0.33,0.0,255,33,0.13,0.01,0.15,0.0,0.0,0.0,0.0,0,122743.0
0,0,13,9,8,0,0,0,0,0,0,0,0,1,0.0,0.0,0.0,0.0,1.0,0.0,1.0,1,7,1.0,0.0,1.0,0.57,0.0,0.0,0.0,1,123129.0
0,1,25,1,0,0,0,0,0,0,0,0,0,266,0.0,0.0,1.0,1.0,0.04,0.06,0.0,255,10,0.04,0.07,0.0,0.0,0.0,0.0,1.0,1,122722.0
0,1,22,9,195,7654,0,0,1,0,0,0,0,1,0.0,0.0,0.0,0.0,1.0,0.0,0.67,15,255,1.0,0.0,0.07,0.02,0.0,0.0,0.0,0,104403.0
0,0,14,9,1032,0,0,0,0,0,0,0,0,511,0.0,0.0,0.0,0.0,1.0,0.0,0.0,255,108,0.42,0.19,0.42,0.0,0.0,0.0,0.0,1,54558.0
0,2,11,9,45,134,0,0,0,0,0,0,0,79,0.0,0.0,0.0,0.0,1.0,0.0,0.01,255,252,0.99,0.01,0.0,0.0,0.0,0.0,0.0,0,45310.0
0,1,57,5,0,0,0,0,0,0,0,0,0,230,1.0,1.0,0.0,0.0,0.07,0.07,0.0,255,15,0.06,0.09,0.0,0.0,1.0,1.0,0.0,1,114658.0
0,1,19,9,740,0,0,0,0,0,0,0,0,1,0.0,0.0,0.0,0.0,1.0,0.0,0.0,124,24,0.19,0.02,0.19,0.0,0.0,0.0,0.0,0,15782.0
0,0,14,9,1032,0,0,0,0,0,0,0,0,510,0.0,0.0,0.0,0.0,1.0,0.0,0.0,255,144,0.56,0.02,0.56,0.0,0.01,0.0,0.0,1,46800.0
0,1,22,9,310,640,0,0,1,0,0,0,0,17,0.0,0.0,0.0,0.0,1.0,0.0,0.06,87,255,1.0,0.0,0.01,0.03,0.0,0.0,0.0,0,8551.0
0,1,46,4,0,0,0,0,0,0,0,0,0,1,0.0,0.0,1.0,1.0,1.0,0.0,0.0,197,1,0.01,0.76,0.76,0.0,0.03,0.0,1.0,1,57130.0
0,1,22,9,359,4962,0,0,1,0,0,0,0,37,0.0,0.0,0.0,0.0,1.0,0.0,0.0,255,255,1.0,0.0,0.0,0.0,0.0,0.0,0.0,0,110402.0
0,0,14,9,1032,0,0,0,0,0,0,0,0,511,0.0,0.0,0.0,0.0,1.0,0.0,0.0,255,83,0.33,0.2,0.33,0.0,0.0,0.0,0.0,1,104583.0
0,1,17,5,0,0,0,0,0,0,0,0,0,211,1.0,1.0,0.0,0.0,0.09,0.07,0.0,255,19,0.07,0.07,0.0,0.0,1.0,1.0,0.0,1,92155.0
0,1,18,9,1235,2449,0,28,1,0,0,0,0,1,0.0,0.0,0.0,0.0,1.0,0.0,0.0,192,20,0.1,0.03,0.01,0.0,0.01,0.0,0.0,0,44561.0
0,1,22,9,248,10403,0,0,1,0,0,0,0,6,0.0,0.0,0.0,0.0,1.0,0.0,0.0,255,255,1.0,0.0,0.0,0.0,0.0,0.0,0.0,0,13948.0
8359,2,41,9,145,105,0,0,0,0,0,0,0,1,0.0,0.0,0.0,0.0,1.0,0.0,0.0,255,1,0.0,0.62,0.93,0.0,0.0,0.0,0.0,0,12715.0
0,1,60,5,0,0,0,0,0,0,0,0,0,226,1.0,1.0,0.0,0.0,0.06,0.06,0.0,255,8,0.03,0.06,0.0,0.0,1.0,1.0,0.0,1,28872.0
0,1,22,9,211,691,0,0,1,0,0,0,0,14,0.0,0.0,0.0,0.0,1.0,0.0,0.0,94,255,1.0,0.0,0.01,0.05,0.0,0.0,0.0,0,36461.0
0,1,22,9,209,525,0,0,1,0,0,0,0,27,0.0,0.0,0.0,0.0,1.0,0.0,0.0,124,255,1.0,0.0,0.01,0.05,0.0,0.0,0.0,0,87167.0
0,1,22,9,217,760,0,0,1,0,0,0,0,2,0.0,0.0,0.0,0.0,1.0,0.0,0.67,28,113,1.0,0.0,0.04,0.03,0.0,0.0,0.0,0,77558.0
0,1,46,5,0,0,0,0,0,0,0,0,0,68,1.0,1.0,0.0,0.0,0.35,0.04,0.0,255,24,0.09,0.04,0.0,0.0,1.0,1.0,0.0,1,77740.0
0,1,30,1,0,0,0,0,0,0,0,0,0,213,0.0,0.0,1.0,1.0,0.04,0.07,0.0,255,8,0.03,0.08,0.0,0.0,0.0,0.0,1.0,1,8293.0
0,1,19,9,748,0,0,0,0,0,0,0,0,1,0.0,0.0,0.0,0.0,1.0,0.0,0.0,145,64,0.44,0.02,0.44,0.0,0.0,0.0,0.0,0,59345.0
0,1,22,9,201,2968,0,0,1,0,0,0,0,1,0.0,0.0,0.0,0.0,1.0,0.0,0.0,1,255,1.0,0.0,1.0,0.08,0.0,0.0,0.0,0,105138.0
0,1,25,5,0,0,0,0,0,0,0,0,0,211,1.0,1.0,0.0,0.0,0.1,0.06,0.0,255,22,0.09,0.05,0.0,0.0,1.0,1.0,0.0,1,39035.0
0,2,11,9,46,46,0,0,0,0,0,0,0,117,0.0,0.0,0.0,0.0,1.0,0.0,0.0,255,255,1.0,0.0,0.0,0.0,0.0,0.0,0.0,0,89477.0
0,1,19,9,383,0,0,0,1,0,0,0,0,2,0.0,0.0,0.0,0.0,1.0,0.0,0.0,3,122,1.0,0.0,1.0,0.02,0.0,0.0,0.0,0,116762.0
0,1,22,9,245,333,0,0,1,0,0,0,0,17,0.0,0.0,0.0,0.0,1.0,0.0,0.0,255,255,1.0,0.0,0.0,0.0,0.0,0.0,0.0,0,95915.0
0,1,22,2,0,0,0,0,1,0,0,0,0,1,0.0,0.0,1.0,1.0,1.0,0.0,1.0,255,245,0.96,0.01,0.0,0.0,0.0,0.0,0.03,0,25914.0
0,1,22,9,389,2419,0,0,1,0,0,0,0,7,0.0,0.0,0.0,0.0,1.0,0.0,0.0,255,255,1.0,0.0,0.0,0.0,0.0,0.0,0.0,0,49544.0
0,1,22,9,235,3913,0,0,1,0,0,0,0,2,0.0,0.0,0.0,0.0,1.0,0.0,0.67,38,255,1.0,0.0,0.03,0.08,0.0,0.0,0.0,0,112240.0
0,0,13,9,8,0,0,0,0,0,0,0,0,1,0.0,0.0,0.0,0.0,1.0,0.0,1.0,1,43,1.0,0.0,1.0,0.51,0.0,0.0,0.0,1,104091.0
0,1,46,1,0,0,0,0,0,0,0,0,0,101,0.0,0.0,1.0,1.0,0.19,0.07,0.0,255,3,0.01,0.07,0.0,0.0,0.0,0.0,1.0,1,15921.0
0,1,46,5,0,0,0,0,0,0,0,0,0,146,1.0,1.0,0.0,0.0,0.07,0.05,0.0,255,7,0.03,0.06,0.0,0.0,1.0,1.0,0.0,1,29065.0
0,1,46,1,0,0,0,0,0,0,0,0,0,281,0.0,0.0,1.0,1.0,0.04,0.06,0.0,255,11,0.04,0.09,0.0,0.0,0.0,0.0,1.0,1,69633.0
0,1,22,9,220,451,0,0,1,0,0,0,0,35,0.0,0.0,0.0,0.0,1.0,0.0,0.05,93,255,1.0,0.0,0.01,0.03,0.0,0.0,0.0,0,21935.0
0,1,51,9,720,333,0,0,1,0,0,0,0,1,0.0,0.0,0.0,0.0,1.0,0.0,0.0,78,120,0.47,0.04,0.01,0.02,0.0,0.0,0.0,0,115808.0
0,1,32,1,0,0,0,0,0,0,0,0,0,203,0.0,0.0,1.0,1.0,0.01,0.07,0.0,255,2,0.01,0.07,0.0,0.0,0.0,0.0,1.0,1,77527.0
0,2,46,9,1,0,0,0,0,0,0,0,0,119,0.0,0.0,0.0,0.0,0.83,0.03,0.0,255,149,0.58,0.05,1.0,0.0,0.0,0.0,0.0,1,8013.0
0,1,4,5,0,0,0,0,0,0,0,0,0,125,1.0,1.0,0.0,0.0,0.02,0.07,0.0,255,18,0.07,0.07,0.0,0.0,1.0,1.0,0.0,1,114428.0
0,1,46,5,0,0,0,0,0,0,0,0,0,107,1.0,1.0,0.0,0.0,0.18,0.07,0.0,255,18,0.07,0.08,0.0,0.0,1.0,1.0,0.0,1,31381.0
0,1,46,5,0,0,0,0,0,0,0,0,0,214,1.0,1.0,0.0,0.0,0.05,0.06,0.0,255,14,0.05,0.08,0.0,0.0,1.0,1.0,0.0,1,81462.0
0,2,11,9,46,46,0,0,0,0,0,0,0,137,0.0,0.0,0.0,0.0,1.0,0.0,0.0,255,247,0.97,0.01,0.0,0.0,0.0,0.0,0.0,0,49939.0
0,1,22,9,200,1061,0,0,1,0,0,0,0,17,0.0,0.0,0.0,0.0,1.0,0.0,0.0,17,255,1.0,0.0,0.06,0.06,0.0,0.0,0.0,0,18650.0
0,1,5,5,0,0,0,0,0,0,0,0,0,108,1.0,1.0,0.0,0.0,0.14,0.05,0.0,255,15,0.06,0.04,0.0,0.0,1.0,1.0,0.0,1,111115.0
0,1,46,1,0,0,0,0,0,0,0,0,0,345,0.03,0.0,0.96,1.0,0.0,1.0,0.0,255,1,0.0,1.0,0.0,0.0,0.03,0.0,1.0,1,105787.0
0,1,51,9,3580,387,0,0,1,0,0,0,0,1,0.0,0.0,0.0,0.0,1.0,0.0,0.0,255,45,0.18,0.08,0.0,0.0,0.68,0.0,0.0,0,44464.0
0,1,46,4,0,0,0,0,0,0,0,0,0,1,0.0,0.0,1.0,1.0,1.0,0.0,0.0,255,1,0.0,0.49,0.96,0.0,0.0,0.0,1.0,1,41964.0
0,1,22,9,345,566,0,0,1,0,0,0,0,17,0.0,0.0,0.0,0.0,1.0,0.0,0.0,114,255,1.0,0.0,0.01,0.02,0.0,0.0,0.0,0,116576.0
0,2,11,9,44,126,0,0,0,0,0,0,0,122,0.0,0.0,0.0,0.0,0.99,0.02,0.01,255,254,1.0,0.01,0.0,0.0,0.0,0.0,0.0,0,18042.0
0,1,19,9,3775,0,0,0,0,0,0,0,0,16,0.0,0.0,0.0,0.0,1.0,0.0,0.0,255,22,0.09,0.46,0.09,0.0,0.0,0.0,0.0,0,26541.0
0,1,22,9,314,9284,0,0,1,0,0,0,0,11,0.0,0.0,0.0,0.0,1.0,0.0,0.23,255,255,1.0,0.0,0.0,0.0,0.0,0.0,0.0,0,49815.0
0,2,46,9,1,0,0,0,0,0,0,0,0,61,0.0,0.0,0.0,0.0,0.38,0.08,0.0,255,57,0.22,0.18,1.0,0.0,0.0,0.0,0.0,1,73092.0
0,1,22,9,191,356,0,0,1,0,0,0,0,13,0.0,0.0,0.0,0.0,1.0,0.0,0.14,15,255,1.0,0.0,0.07,0.02,0.0,0.0,0.0,0,106839.0
6,1,57,9,104,1554,0,0,1,0,0,0,0,1,0.0,0.0,0.0,0.0,1.0,0.0,0.0,255,1,0.0,0.02,0.0,0.0,0.0,0.0,0.0,0,6538.0
0,1,22,9,248,1270,0,0,1,0,0,0,0,6,0.0,0.0,0.0,0.0,1.0,0.0,0.0,63,255,1.0,0.0,0.02,0.04,0.0,0.0,0.0,0,111424.0
0,1,22,9,205,1600,0,0,1,0,0,0,0,11,0.0,0.0,0.0,0.0,1.0,0.0,0.11,255,255,1.0,0.0,0.0,0.0,0.0,0.0,0.0,0,3685.0
0,1,29,5,0,0,0,0,0,0,0,0,0,50,1.0,1.0,0.0,0.0,0.04,0.1,0.0,255,10,0.04,0.08,0.0,0.0,1.0,1.0,0.0,1,54968.0
0,1,60,2,0,0,0,0,0,0,0,0,0,43,0.0,0.0,1.0,1.0,0.02,0.56,0.0,255,1,0.0,0.1,0.17,0.0,0.0,0.0,1.0,1,103977.0
0,1,22,9,374,6649,0,0,1,0,0,0,0,1,0.0,0.0,0.0,0.0,1.0,0.0,0.18,15,255,1.0,0.0,0.07,0.02,0.0,0.0,0.0,0,86625.0
0,1,41,1,0,0,0,0,0,0,0,0,0,363,0.06,0.0,0.91,1.0,0.0,1.0,0.0,255,1,0.0,1.0,0.0,0.0,0.08,0.0,1.0,1,12693.0
0,1,18,5,0,0,0,0,0,0,0,0,0,275,1.0,1.0,0.0,0.0,0.03,0.06,0.0,255,8,0.03,0.07,0.0,0.0,1.0,1.0,0.0,1,74706.0
0,1,51,5,0,0,0,0,0,0,0,0,0,95,1.0,1.0,0.0,0.0,0.18,0.05,0.0,255,1,0.0,0.05,0.0,0.0,1.0,1.0,0.0,1,31278.0
0,1,22,9,315,439,0,0,1,0,0,0,0,9,0.0,0.0,0.0,0.0,1.0,0.0,0.25,255,255,1.0,0.0,0.0,0.0,0.0,0.0,0.0,0,39431.0
0,1,22,9,342,3303,0,0,1,0,0,0,0,13,0.0,0.0,0.0,0.0,1.0,0.0,0.08,255,255,1.0,0.0,0.0,0.0,0.0,0.0,0.0,0,74477.0
0,1,9,2,0,0,0,0,0,0,0,0,0,258,0.0,0.0,1.0,1.0,0.02,0.07,0.0,255,5,0.02,0.07,0.0,0.0,0.0,0.0,1.0,1,74573.0
0,1,51,9,4657,334,0,0,1,0,0,0,0,1,0.0,0.0,0.0,0.0,1.0,0.0,1.0,147,94,0.64,0.02,0.01,0.0,0.0,0.0,0.0,0,12155.0
0,1,22,9,336,1021,0,0,1,0,0,0,0,14,0.0,0.0,0.0,0.0,1.0,0.0,0.13,38,255,1.0,0.0,0.03,0.02,0.0,0.0,0.0,0,60886.0
0,1,22,9,321,608,0,0,1,0,0,0,0,24,0.0,0.0,0.0,0.0,1.0,0.0,0.08,255,255,1.0,0.0,0.0,0.0,0.0,0.0,0.0,0,89217.0
0,1,22,9,210,757,0,0,1,0,0,0,0,3,0.0,0.0,0.0,0.0,1.0,0.0,0.22,117,255,1.0,0.0,0.01,0.04,0.0,0.0,0.0,0,62427.0
0,1,51,9,1970,325,0,0,1,0,0,0,0,1,0.0,0.0,0.0,0.0,1.0,0.0,1.0,146,135,0.5,0.05,0.01,0.01,0.02,0.02,0.0,0,21020.0
25701,1,46,4,1,0,0,0,0,0,0,0,0,2,0.0,0.0,1.0,1.0,1.0,0.0,0.0,255,2,0.01,0.65,1.0,0.0,0.0,0.0,1.0,1,16892.0
0,2,11,9,44,110,0,0,0,0,0,0,0,121,0.0,0.0,0.0,0.0,1.0,0.0,0.02,255,255,1.0,0.0,0.0,0.0,0.0,0.0,0.0,0,31589.0
0,0,13,9,8,0,0,0,0,0,0,0,0,1,0.0,0.0,0.0,0.0,1.0,0.0,1.0,2,2,1.0,0.0,1.0,0.0,0.0,0.0,0.0,1,77815.0
0,0,62,9,78,0,0,0,0,0,0,0,0,13,0.0,0.0,0.0,0.0,0.08,0.15,0.0,255,9,0.04,0.01,0.04,0.0,0.0,0.0,0.0,0,21185.0
0,1,22,9,238,1585,0,0,1,0,0,0,0,5,0.0,0.0,0.0,0.0,1.0,0.0,0.27,255,255,1.0,0.0,0.0,0.0,0.0,0.0,0.0,0,46424.0
15,2,40,9,48,48,0,0,0,0,0,0,0,1,0.0,0.0,0.0,0.0,1.0,0.0,0.0,170,52,0.31,0.01,0.31,0.0,0.0,0.0,0.0,0,98829.0
0,2,46,9,207,0,0,0,0,0,0,0,0,2,0.0,0.0,0.0,0.0,1.0,0.0,0.0,188,156,0.83,0.01,0.83,0.0,0.0,0.0,0.0,1,107973.0
0,1,38,5,0,0,0,0,0,0,0,0,0,121,1.0,1.0,0.0,0.0,0.05,0.07,0.0,255,6,0.02,0.06,0.0,0.0,1.0,1.0,0.0,1,88845.0
0,1,22,9,148,14432,0,0,1,0,0,0,0,1,0.0,0.0,0.0,0.0,1.0,0.0,0.16,32,255,1.0,0.0,0.03,0.02,0.0,0.01,0.0,0,86761.0
0,1,22,9,204,14682,0,0,1,0,0,0,0,7,0.0,0.0,0.0,0.0,1.0,0.0,0.0,7,255,1.0,0.0,0.14,0.04,0.0,0.0,0.0,0,71480.0
0,1,51,9,2712,328,0,0,1,0,0,0,0,1,0.0,0.0,0.0,0.0,1.0,0.0,0.0,165,243,0.98,0.02,0.01,0.01,0.0,0.0,0.0,0,110080.0
0,2,46,9,1,0,0,0,0,0,0,0,0,65,0.0,0.0,0.0,0.0,0.02,0.09,0.0,255,1,0.0,0.18,1.0,0.0,0.0,0.0,0.0,1,91268.0
0,1,22,9,359,263,0,0,1,0,0,0,0,32,0.0,0.0,0.0,0.0,1.0,0.0,0.1,255,255,1.0,0.0,0.0,0.0,0.0,0.0,0.0,0,81684.0
0,1,37,5,0,0,0,0,0,0,0,0,0,245,1.0,1.0,0.0,0.0,0.08,0.06,0.0,255,19,0.07,0.07,0.0,0.0,1.0,1.0,0.0,1,24797.0
0,1,10,5,0,0,0,0,0,0,0,0,0,262,1.0,1.0,0.0,0.0,0.08,0.05,0.0,255,22,0.09,0.05,0.0,0.0,1.0,1.0,0.0,1,119145.0
189,1,22,9,0,1380,0,0,0,0,0,0,0,2,0.5,0.5,0.0,0.0,1.0,0.0,0.0,255,248,0.97,0.01,0.0,0.0,0.01,0.01,0.0,0,86957.0
0,2,11,9,45,131,0,0,0,0,0,0,0,77,0.0,0.0,0.0,0.0,1.0,0.0,0.03,255,255,1.0,0.0,0.0,0.0,0.0,0.0,0.0,0,59579.0
0,2,11,9,42,42,0,0,0,0,0,0,0,4,0.0,0.0,0.0,0.0,1.0,0.0,0.33,125,121,0.97,0.02,0.01,0.0,0.0,0.0,0.0,0,79696.0
0,1,60,5,0,0,0,0,0,0,0,0,0,291,1.0,1.0,0.0,0.0,0.08,0.04,0.0,255,22,0.09,0.05,0.0,0.0,1.0,1.0,0.0,1,81167.0
0,1,51,9,845,384,0,0,1,0,0,0,0,1,0.0,0.0,0.0,0.0,1.0,0.0,0.0,140,77,0.24,0.51,0.01,0.03,0.01,0.0,0.03,0,22521.0
0,2,41,9,516,4,0,0,0,0,0,0,0,282,0.0,0.0,0.0,0.0,1.0,0.0,0.0,255,255,1.0,0.0,1.0,0.0,0.0,0.0,0.0,0,86974.0
0,1,57,5,0,0,0,0,0,0,0,0,0,18,1.0,1.0,0.0,0.0,0.5,0.11,0.0,255,49,0.19,0.04,0.01,0.0,1.0,1.0,0.0,1,23782.0
0,1,17,5,0,0,0,0,0,0,0,0,0,15,0.93,0.8,0.07,0.2,0.27,0.33,0.4,255,52,0.2,0.04,0.02,0.0,1.0,1.0,0.0,1,26479.0
0,0,14,9,1032,0,0,0,0,0,0,0,0,511,0.0,0.0,0.0,0.0,1.0,0.0,0.0,255,65,0.25,0.2,0.25,0.0,0.0,0.0,0.0,1,50307.0
0,1,22,8,193,22776,0,0,1,0,0,0,0,1,1.0,1.0,0.0,0.0,1.0,0.0,0.0,1,255,1.0,0.0,1.0,0.05,1.0,0.0,0.0,0,44555.0
0,2,46,9,28,0,3,0,0,0,0,0,0,94,0.01,0.0,0.01,0.0,0.98,0.03,0.0,255,92,0.36,0.02,0.36,0.0,0.0,0.0,0.0,1,122215.0
0,2,11,9,44,146,0,0,0,0,0,0,0,72,0.0,0.0,0.0,0.0,0.99,0.03,0.01,255,238,0.93,0.01,0.0,0.0,0.0,0.0,0.0,0,78999.0
0,1,27,5,0,0,0,0,0,0,0,0,0,149,1.0,1.0,0.0,0.0,0.07,0.05,0.0,255,10,0.04,0.05,0.0,0.0,1.0,1.0,0.0,1,125897.0
0,1,22,9,213,4555,0,0,1,0,0,0,0,11,0.0,0.0,0.0,0.0,1.0,0.0,0.1,255,255,1.0,0.0,0.0,0.0,0.0,0.0,0.0,0,26562.0
0,1,22,9,224,1405,0,0,1,0,0,0,0,4,0.0,0.0,0.0,0.0,1.0,0.0,0.0,255,255,1.0,0.0,0.0,0.0,0.0,0.0,0.0,0,62514.0
0,1,46,5,0,0,0,0,0,0,0,0,0,122,1.0,1.0,0.0,0.0,0.11,0.06,0.0,255,1,0.0,0.07,0.0,0.0,1.0,1.0,0.0,1,100358.0
5,1,17,9,7,138,0,0,0,0,0,0,0,2,0.0,0.0,0.0,0.0,0.5,1.0,0.0,255,15,0.06,0.02,0.0,0.0,0.0,0.0,0.0,0,113968.0
0,1,22,9,209,8422,0,0,1,0,0,0,0,40,0.0,0.0,0.0,0.0,1.0,0.0,0.04,255,255,1.0,0.0,0.0,0.0,0.0,0.0,0.0,0,106527.0
0,1,46,1,0,0,0,0,0,0,0,0,0,243,0.0,0.0,1.0,1.0,0.03,0.06,0.0,255,7,0.03,0.08,0.0,0.0,0.0,0.0,1.0,1,12735.0
0,2,11,9,46,130,0,0,0,0,0,0,0,42,0.0,0.0,0.0,0.0,1.0,0.0,0.02,255,254,1.0,0.01,0.0,0.0,0.0,0.0,0.0,0,21450.0
0,1,46,4,0,0,0,0,0,0,0,0,0,1,0.0,0.0,1.0,1.0,1.0,0.0,0.0,111,1,0.01,0.58,0.57,0.0,0.05,0.0,1.0,1,33090.0
0,2,11,9,45,72,0,0,0,0,0,0,0,171,0.0,0.0,0.0,0.0,1.0,0.0,0.0,255,255,1.0,0.0,0.0,0.0,0.0,0.0,0.0,0,40409.0
0,2,41,9,516,4,0,0,0,0,0,0,0,449,0.0,0.0,0.0,0.0,1.0,0.0,0.0,255,255,1.0,0.0,1.0,0.0,0.0,0.0,0.0,0,118658.0
0,1,22,9,324,1951,0,0,1,0,0,0,0,4,0.0,0.0,0.0,0.0,1.0,0.0,0.0,4,255,1.0,0.0,0.25,0.16,0.0,0.0,0.96,0,28596.0
0,1,46,1,0,0,0,0,0,0,0,0,0,119,0.01,0.0,0.92,1.0,0.01,1.0,0.0,255,1,0.0,0.48,0.0,0.0,0.0,0.0,1.0,1,71322.0
0,1,22,9,331,10578,0,0,1,0,0,0,0,2,0.0,0.0,0.0,0.0,1.0,0.0,0.29,10,255,1.0,0.0,0.1,0.06,0.0,0.01,0.01,0,34891.0
0,2,11,9,43,71,0,0,0,0,0,0,0,122,0.0,0.0,0.0,0.0,1.0,0.0,0.0,255,178,0.7,0.01,0.0,0.0,0.0,0.0,0.0,0,71674.0
0,1,65,1,0,0,0,0,0,0,0,0,0,180,0.0,0.0,1.0,1.0,0.02,0.07,0.0,255,4,0.02,0.08,0.0,0.0,0.0,0.0,1.0,1,84528.0
0,0,14,9,1032,0,0,0,0,0,0,0,0,511,0.0,0.0,0.0,0.0,1.0,0.0,0.0,219,125,0.57,0.03,0.57,0.0,0.01,0.0,0.0,1,92820.0
0,1,51,9,3439,327,0,0,1,0,0,0,0,1,0.0,0.0,0.0,0.0,1.0,0.0,1.0,96,111,0.53,0.15,0.01,0.02,0.03,0.02,0.0,0,33182.0
0,2,11,9,46,126,0,0,0,0,0,0,0,174,0.0,0.0,0.0,0.0,1.0,0.0,0.0,255,255,1.0,0.0,0.0,0.0,0.0,0.0,0.0,0,47424.0
0,1,22,9,324,1969,0,0,1,0,0,0,0,3,0.0,0.0,0.0,0.0,1.0,0.0,0.0,56,255,1.0,0.0,0.02,0.05,0.0,0.0,0.0,0,113780.0
0,1,46,5,0,0,0,0,0,0,0,0,0,106,1.0,1.0,0.0,0.0,0.03,0.07,0.0,255,11,0.04,0.06,0.0,0.0,1.0,1.0,0.0,1,44416.0
0,1,46,5,0,0,0,0,0,0,0,0,0,182,0.99,1.0,0.0,0.0,0.02,0.07,0.0,255,17,0.07,0.07,0.0,0.0,1.0,1.0,0.0,1,112632.0
0,1,22,9,212,930,0,0,1,0,0,0,0,2,0.0,0.0,0.0,0.0,1.0,0.0,0.67,99,255,1.0,0.0,0.02,0.02,0.0,0.0,0.0,0,42726.0
0,1,54,5,0,0,0,0,0,0,0,0,0,266,1.0,1.0,0.0,0.0,0.02,0.06,0.0,255,4,0.02,0.07,0.0,0.0,1.0,1.0,0.0,1,74418.0
0,1,46,5,0,0,0,0,0,0,0,0,0,68,1.0,1.0,0.0,0.0,0.13,0.07,0.0,255,9,0.04,0.07,0.0,0.0,1.0,1.0,0.0,1,74001.0
0,2,11,9,91,0,0,0,0,0,0,0,0,4,0.0,0.0,0.0,0.0,1.0,0.0,0.22,197,134,0.68,0.01,0.68,0.0,0.0,0.0,0.0,0,8353.0
0,1,46,5,0,0,0,0,0,0,0,0,0,113,1.0,1.0,0.0,0.0,0.11,0.06,0.0,255,30,0.12,0.06,0.0,0.0,1.0,1.0,0.0,1,84016.0
15188,1,0,4,2493,9386,0,0,1,0,0,0,0,1,0.0,0.0,1.0,1.0,1.0,0.0,0.0,9,1,0.11,0.22,0.11,0.0,0.0,0.0,1.0,0,92731.0
0,1,19,9,1874,0,0,0,1,0,0,0,0,6,0.0,0.0,0.0,0.0,1.0,0.0,0.0,78,72,0.44,0.06,0.44,0.03,0.0,0.01,0.0,0,31680.0
0,1,19,9,334,0,0,0,1,0,0,0,0,2,0.0,0.0,0.0,0.0,1.0,0.0,0.0,6,41,1.0,0.0,1.0,0.15,0.0,0.0,0.0,1,31850.0
0,1,22,9,223,16129,0,0,1,0,0,0,0,18,0.0,0.0,0.0,0.0,1.0,0.0,0.1,255,255,1.0,0.0,0.0,0.0,0.0,0.0,0.0,0,98851.0
0,1,41,1,0,0,0,0,0,0,0,0,0,511,0.14,0.0,0.86,1.0,0.0,1.0,0.0,255,1,0.0,1.0,0.0,0.0,0.04,0.0,1.0,1,15095.0
0,1,3,9,10,36,0,0,0,0,0,0,0,1,0.0,0.0,0.0,0.0,1.0,0.0,0.0,251,14,0.06,0.02,0.0,0.0,0.0,0.0,0.0,0,38789.0
0,1,46,5,0,0,0,0,0,0,0,0,0,284,1.0,1.0,0.0,0.0,0.02,0.06,0.0,255,9,0.04,0.08,0.0,0.0,1.0,1.0,0.0,1,91402.0
0,0,62,9,181,0,0,0,0,0,0,0,0,3,0.0,0.0,0.0,0.0,0.33,1.0,0.0,255,19,0.07,0.01,0.08,0.0,0.0,0.0,0.0,0,41218.0
0,1,24,1,0,0,0,0,0,0,0,0,0,103,0.0,0.0,1.0,1.0,0.01,0.08,0.0,255,1,0.0,0.07,0.0,0.0,0.0,0.0,1.0,1,12618.0
0,0,14,9,8,0,0,0,0,0,0,0,0,1,0.0,0.0,0.0,0.0,1.0,0.0,0.0,5,5,1.0,0.0,1.0,0.0,0.0,0.0,0.0,1,106599.0
0,1,0,9,87,129,0,0,1,0,0,0,0,1,0.0,0.0,0.0,0.0,1.0,0.0,0.0,13,7,0.54,0.15,0.08,0.0,0.15,0.29,0.43,0,40860.0
0,1,26,5,0,0,0,0,0,0,0,0,0,242,1.0,1.0,0.0,0.0,0.08,0.05,0.0,255,20,0.08,0.06,0.0,0.0,1.0,1.0,0.0,1,109811.0
0,1,30,1,0,0,0,0,0,0,0,0,0,242,0.0,0.0,1.0,1.0,0.07,0.07,0.0,255,18,0.07,0.08,0.0,0.0,0.0,0.0,1.0,1,96077.0
0,1,46,5,0,0,0,0,0,0,0,0,0,136,1.0,1.0,0.0,0.0,0.09,0.06,0.0,255,19,0.07,0.07,0.0,0.0,1.0,1.0,0.0,1,55514.0
0,1,22,9,297,9287,0,0,1,0,0,0,0,5,0.0,0.0,0.0,0.0,1.0,0.0,0.0,143,255,1.0,0.0,0.01,0.01,0.0,0.0,0.07,0,120117.0
0,1,22,9,247,1122,0,0,1,0,0,0,0,14,0.0,0.0,0.0,0.0,1.0,0.0,0.08,50,255,1.0,0.0,0.02,0.02,0.0,0.01,0.0,0,96975.0
0,2,11,9,24,24,0,0,0,0,0,0,0,1,0.0,0.0,0.0,0.0,1.0,0.0,0.0,1,241,1.0,0.0,1.0,0.01,0.0,0.0,0.0,0,18251.0
0,2,11,9,45,131,0,0,0,0,0,0,0,1,0.0,0.0,0.0,0.0,1.0,0.0,0.0,128,50,0.39,0.02,0.39,0.0,0.0,0.0,0.0,0,40157.0
0,1,17,5,0,0,0,0,0,0,0,0,0,32,0.97,1.0,0.03,0.0,0.38,0.12,0.0,255,13,0.05,0.06,0.01,0.0,1.0,1.0,0.0,1,65253.0
0,1,46,5,0,0,0,0,0,0,0,0,0,88,1.0,1.0,0.0,0.0,0.14,0.06,0.0,255,8,0.03,0.06,0.0,0.0,1.0,1.0,0.0,1,66547.0
0,2,11,9,43,135,0,0,0,0,0,0,0,137,0.0,0.0,0.0,0.0,1.0,0.0,0.02,255,254,1.0,0.01,0.0,0.0,0.0,0.0,0.0,0,101795.0
0,1,19,9,12,0,0,0,1,0,0,0,0,1,0.0,0.0,0.0,0.0,1.0,0.0,1.0,168,64,0.27,0.03,0.27,0.03,0.0,0.0,0.0,0,73488.0
4689,2,41,9,147,105,0,0,0,0,0,0,0,1,0.0,0.0,0.0,0.0,1.0,0.0,0.0,255,1,0.0,0.62,0.96,0.0,0.0,0.0,0.0,0,97084.0
0,1,22,9,175,4437,0,0,1,0,0,0,0,1,0.0,0.0,0.0,0.0,1.0,0.0,0.25,147,255,1.0,0.0,0.01,0.03,0.0,0.0,0.0,0,101569.0
0,2,11,9,45,45,0,0,0,0,0,0,0,261,0.0,0.0,0.0,0.0,1.0,0.01,0.01,255,242,0.95,0.01,0.0,0.0,0.0,0.0,0.0,0,79779.0
0,1,46,5,0,0,0,0,0,0,0,0,0,148,1.0,1.0,0.0,0.0,0.13,0.05,0.0,255,37,0.15,0.05,0.0,0.0,1.0,1.0,0.0,1,715.0
0,1,9,5,0,0,0,0,0,0,0,0,0,203,1.0,1.0,0.0,0.0,0.08,0.07,0.0,255,16,0.06,0.08,0.0,0.0,1.0,1.0,0.0,1,60725.0
0,1,38,5,0,0,0,0,0,0,0,0,0,101,1.0,1.0,0.0,0.0,0.01,0.07,0.0,255,1,0.0,0.07,0.0,0.0,1.0,1.0,0.0,1,73805.0
0,1,22,9,236,370,0,0,1,0,0,0,0,19,0.0,0.0,0.0,0.0,1.0,0.0,0.09,255,255,1.0,0.0,0.0,0.0,0.01,0.01,0.0,0,118442.0
0,1,4,5,0,0,0,0,0,0,0,0,0,18,1.0,1.0,0.0,0.0,0.44,0.22,0.0,255,8,0.03,0.08,0.0,0.0,1.0,1.0,0.0,1,77717.0
0,1,29,5,0,0,0,0,0,0,0,0,0,100,1.0,1.0,0.0,0.0,0.13,0.06,0.0,255,19,0.07,0.07,0.0,0.0,1.0,1.0,0.0,1,3617.0
0,1,26,5,0,0,0,0,0,0,0,0,0,232,1.0,1.0,0.0,0.0,0.1,0.05,0.0,255,23,0.09,0.06,0.0,0.0,1.0,1.0,0.0,1,20846.0
0,1,22,9,219,1896,0,0,1,0,0,0,0,25,0.0,0.0,0.0,0.0,1.0,0.0,0.08,255,255,1.0,0.0,0.0,0.0,0.0,0.0,0.0,0,27001.0
0,0,13,9,8,0,0,0,0,0,0,0,0,1,0.0,0.0,0.0,0.0,1.0,0.0,1.0,2,255,1.0,0.0,1.0,0.5,0.0,0.0,0.0,1,69800.0
0,1,41,1,0,0,0,0,0,0,0,0,0,403,0.07,0.0,0.9,1.0,0.0,1.0,0.0,255,1,0.0,1.0,0.0,0.0,0.08,0.0,1.0,1,62993.0
0,1,22,1,0,0,0,0,0,0,0,0,0,1,0.0,0.0,1.0,1.0,1.0,0.0,0.0,11,251,1.0,0.0,0.09,0.2,0.0,0.0,0.92,0,2519.0
107,1,57,9,66,131,0,0,0,0,0,0,0,1,0.0,0.0,0.0,0.0,1.0,0.0,0.0,255,29,0.11,0.41,0.0,0.0,0.4,0.1,0.03,0,60138.0
0,1,22,9,221,2583,0,0,1,0,0,0,0,10,0.0,0.0,0.0,0.0,1.0,0.0,0.18,34,255,1.0,0.0,0.03,0.03,0.0,0.0,0.0,0,75596.0
0,1,57,6,223,12698,0,0,1,94,1,104,0,1,1.0,1.0,0.0,0.0,1.0,0.0,0.0,134,20,0.15,0.04,0.01,0.0,0.01,0.05,0.1,0,93071.0
0,1,16,2,0,0,0,0,0,0,0,0,0,118,0.0,0.0,1.0,1.0,0.17,0.06,0.0,255,20,0.08,0.06,0.0,0.0,0.0,0.0,1.0,1,109077.0
0,1,19,5,0,0,0,0,0,0,0,0,0,68,1.0,1.0,0.0,0.0,0.16,0.06,0.0,255,31,0.12,0.06,0.02,0.0,1.0,1.0,0.0,1,102853.0
0,1,12,5,0,0,0,0,0,0,0,0,0,53,1.0,1.0,0.0,0.0,0.08,0.11,0.0,255,15,0.06,0.08,0.0,0.0,1.0,1.0,0.0,1,112154.0
0,1,46,5,0,0,0,0,0,0,0,0,0,79,1.0,1.0,0.0,0.0,0.2,0.06,0.0,255,8,0.03,0.06,0.0,0.0,1.0,1.0,0.0,1,45693.0
0,1,22,9,287,678,0,0,1,0,0,0,0,4,0.0,0.0,0.0,0.0,1.0,0.0,0.07,20,83,1.0,0.0,0.05,0.08,0.0,0.01,0.0,0,65479.0
1,1,51,9,834,330,0,0,1,0,0,0,0,1,0.0,0.0,0.0,0.0,1.0,0.0,1.0,139,150,0.76,0.05,0.01,0.01,0.01,0.01,0.0,0,13944.0
487,1,51,9,1856,330,0,0,1,0,0,0,0,1,0.0,0.0,0.0,0.0,1.0,0.0,1.0,139,103,0.35,0.51,0.01,0.02,0.0,0.0,0.0,0,108684.0
0,2,11,9,42,75,0,0,0,0,0,0,0,244,0.0,0.0,0.0,0.0,1.0,0.0,0.0,255,254,1.0,0.01,0.0,0.0,0.0,0.0,0.0,0,80197.0
0,1,22,9,299,3162,0,0,1,0,0,0,0,31,0.0,0.0,0.0,0.0,1.0,0.0,0.0,255,255,1.0,0.0,0.0,0.0,0.0,0.0,0.0,0,22481.0
0,1,22,9,236,405,0,0,1,0,0,0,0,16,0.0,0.0,0.0,0.0,1.0,0.0,0.0,255,255,1.0,0.0,0.0,0.0,0.0,0.0,0.07,0,50898.0
0,1,22,9,305,1075,0,0,1,0,0,0,0,5,0.0,0.14,0.0,0.0,1.0,0.0,0.29,255,235,0.92,0.01,0.0,0.0,0.0,0.0,0.0,0,61891.0
0,1,65,5,0,0,0,0,0,0,0,0,0,261,1.0,1.0,0.0,0.0,0.04,0.05,0.0,255,4,0.02,0.05,0.0,0.0,1.0,1.0,0.0,1,85302.0
0,1,22,9,244,848,0,0,1,0,0,0,0,15,0.0,0.0,0.0,0.0,1.0,0.0,0.12,255,255,1.0,0.0,0.0,0.0,0.0,0.0,0.0,0,91525.0
0,1,46,5,0,0,0,0,0,0,0,0,0,124,1.0,1.0,0.0,0.0,0.11,0.06,0.0,179,14,0.08,0.07,0.01,0.0,1.0,1.0,0.0,1,88734.0
0,0,62,9,183,0,0,0,0,0,0,0,0,2,0.0,0.0,0.0,0.0,0.5,1.0,0.0,255,46,0.18,0.01,0.2,0.0,0.0,0.0,0.0,0,86998.0
0,1,25,5,0,0,0,0,0,0,0,0,0,266,1.0,1.0,0.0,0.0,0.06,0.05,0.0,255,16,0.06,0.05,0.0,0.0,1.0,1.0,0.0,1,12184.0
0,1,46,1,0,0,0,0,0,0,0,0,0,144,0.0,0.0,1.0,1.0,0.11,0.06,0.0,255,9,0.04,0.06,0.0,0.0,0.0,0.0,1.0,1,50350.0
0,1,22,9,54540,8314,0,2,1,1,0,0,0,4,0.0,0.0,0.0,0.0,1.0,0.0,0.0,11,11,1.0,0.0,0.09,0.0,0.0,0.0,0.09,1,104890.0
0,1,46,5,0,0,0,0,0,0,0,0,0,98,1.0,1.0,0.0,0.0,0.26,0.08,0.0,255,25,0.1,0.06,0.0,0.0,1.0,1.0,0.0,1,82053.0
0,1,46,5,0,0,0,0,0,0,0,0,0,81,1.0,1.0,0.0,0.0,0.17,0.06,0.0,255,3,0.01,0.06,0.0,0.0,1.0,1.0,0.0,1,50560.0
0,1,22,9,299,1695,0,0,1,0,0,0,0,6,0.0,0.0,0.0,0.0,1.0,0.0,0.06,255,255,1.0,0.0,0.0,0.0,0.0,0.0,0.0,0,27928.0
0,1,22,9,332,1541,0,0,1,0,0,0,0,2,0.0,0.0,0.0,0.0,1.0,0.0,0.23,162,255,1.0,0.0,0.01,0.02,0.0,0.0,0.0,0,115941.0
0,1,46,5,0,0,0,0,0,0,0,0,0,20,1.0,1.0,0.0,0.0,0.05,0.15,0.0,255,11,0.04,0.07,0.0,0.0,1.0,1.0,0.0,1,33144.0
0,0,13,9,8,0,0,0,0,0,0,0,0,1,0.0,0.0,0.0,0.0,1.0,0.0,1.0,4,152,1.0,0.0,1.0,0.25,0.0,0.0,0.0,1,89070.0
0,1,12,2,0,0,0,0,0,0,0,0,0,259,0.0,0.0,1.0,1.0,0.02,0.07,0.0,255,5,0.02,0.09,0.0,0.0,0.0,0.0,1.0,1,116465.0
0,1,46,5,0,0,0,0,0,0,0,0,0,20,1.0,1.0,0.0,0.0,0.5,0.15,0.0,255,11,0.04,0.07,0.0,0.0,1.0,1.0,0.0,1,32943.0
0,2,46,9,1,0,0,0,0,0,0,0,0,1,0.0,0.0,0.0,0.0,1.0,0.0,0.0,255,1,0.0,0.55,0.5,0.0,0.05,0.0,0.0,1,71693.0
0,1,7,5,0,0,0,0,0,0,0,0,0,202,1.0,1.0,0.0,0.0,0.03,0.06,0.0,255,7,0.03,0.06,0.0,0.0,1.0,1.0,0.0,1,95638.0
0,1,46,5,0,0,0,0,0,0,0,0,0,131,1.0,1.0,0.0,0.0,0.15,0.05,0.0,255,19,0.07,0.07,0.0,0.0,1.0,1.0,0.0,1,57962.0
0,1,31,5,0,0,0,0,0,0,0,0,0,130,1.0,1.0,0.0,0.0,0.08,0.06,0.0,255,2,0.01,0.07,0.0,0.0,1.0,1.0,0.0,1,57973.0
0,1,22,9,333,492,0,0,1,0,0,0,0,34,0.0,0.0,0.0,0.0,1.0,0.0,0.12,255,255,1.0,0.0,0.0,0.0,0.0,0.0,0.0,0,12168.0
0,1,35,5,0,0,0,0,0,0,0,0,0,297,1.0,1.0,0.0,0.0,0.0,0.06,0.0,255,1,0.0,0.08,0.0,0.0,1.0,1.0,0.0,1,73236.0
0,1,22,9,235,1075,0,0,1,0,0,0,0,7,0.0,0.0,0.0,0.0,1.0,0.0,0.0,255,249,0.98,0.01,0.0,0.0,0.0,0.0,0.0,0,4268.0
1261,1,57,9,458,219837,0,0,1,2,2,4,0,1,0.0,0.0,0.0,0.0,1.0,0.0,0.0,255,55,0.22,0.02,0.0,0.0,0.54,0.65,0.0,0,56015.0
0,1,22,9,174,13184,0,0,1,0,0,0,0,1,0.0,0.0,0.0,0.0,1.0,0.0,0.0,219,248,1.0,0.0,0.0,0.01,0.0,0.0,0.0,0,5138.0
0,1,22,9,314,1614,0,0,1,0,0,0,0,16,0.0,0.0,0.0,0.0,1.0,0.0,0.0,16,255,1.0,0.0,0.06,0.04,0.0,0.0,0.0,0,5092.0
4675,1,57,9,459,81673,0,2,1,2,0,0,0,1,0.0,0.0,0.0,0.0,1.0,0.0,0.0,255,1,0.0,0.96,0.0,0.0,0.95,0.0,0.0,0,19464.0
0,1,51,9,1192,334,0,0,1,0,0,0,0,1,0.0,0.0,0.0,0.0,1.0,0.0,0.0,225,189,0.84,0.02,0.0,0.0,0.0,0.0,0.0,0,29727.0
0,2,11,9,97,0,0,0,0,0,0,0,0,1,0.0,0.0,0.0,0.0,1.0,0.0,1.0,255,250,0.98,0.01,0.09,0.0,0.0,0.0,0.0,0,27570.0
0,1,46,1,0,0,0,0,0,0,0,0,0,270,0.0,0.0,1.0,1.0,0.07,0.07,0.0,255,20,0.08,0.08,0.0,0.0,0.0,0.0,1.0,1,12461.0
0,1,22,9,309,731,0,0,1,0,0,0,0,20,0.0,0.0,0.0,0.0,1.0,0.0,0.07,40,255,1.0,0.0,0.03,0.03,0.0,0.0,0.0,0,101921.0
0,2,11,9,43,70,0,0,0,0,0,0,0,156,0.0,0.0,0.0,0.0,0.99,0.01,0.02,255,250,0.98,0.01,0.0,0.0,0.0,0.0,0.0,0,52320.0
0,1,9,5,0,0,0,0,0,0,0,0,0,140,1.0,1.0,0.0,0.0,0.14,0.04,0.0,255,9,0.04,0.06,0.0,0.0,1.0,1.0,0.0,1,93772.0
0,1,46,4,0,0,0,0,0,0,0,0,0,2,0.0,0.0,0.5,1.0,0.5,1.0,0.0,255,1,0.0,0.96,0.96,0.0,0.0,0.0,1.0,1,43956.0
0,1,46,5,0,0,0,0,0,0,0,0,0,87,1.0,1.0,0.0,0.0,0.18,0.06,0.0,255,2,0.01,0.07,0.0,0.0,1.0,1.0,0.0,1,114800.0
0,1,22,9,295,2789,0,0,1,0,0,0,0,3,0.0,0.0,0.0,0.0,1.0,0.0,0.21,255,255,1.0,0.0,0.0,0.0,0.0,0.0,0.0,0,53682.0
0,0,14,9,1032,0,0,0,0,0,0,0,0,98,0.0,0.0,0.0,0.0,1.0,0.0,0.0,152,58,0.38,0.05,0.38,0.0,0.01,0.0,0.0,1,13731.0
0,2,11,9,43,131,0,0,0,0,0,0,0,66,0.0,0.0,0.0,0.0,1.0,0.0,0.01,255,216,0.85,0.01,0.0,0.0,0.0,0.0,0.0,0,94497.0
0,1,51,9,1267,335,0,0,1,0,0,0,0,1,0.0,0.0,0.0,0.0,1.0,0.0,0.0,57,170,0.95,0.04,0.02,0.01,0.04,0.02,0.0,0,6390.0
0,2,11,9,43,81,0,0,0,0,0,0,0,4,0.0,0.0,0.0,0.0,1.0,0.0,0.0,79,39,0.49,0.03,0.01,0.0,0.0,0.0,0.0,0,16090.0
0,1,22,9,233,1075,0,0,1,0,0,0,0,2,0.0,0.0,0.0,0.0,1.0,0.0,0.05,255,250,0.98,0.01,0.0,0.0,0.0,0.0,0.0,0,125359.0
0,1,22,9,54540,8314,0,2,1,1,0,0,0,2,0.5,0.5,0.0,0.0,1.0,0.0,0.0,255,255,1.0,0.0,0.0,0.0,0.01,0.01,0.05,1,31857.0
4,1,51,9,886,326,0,0,1,0,0,0,0,1,0.0,0.0,0.0,0.0,1.0,0.0,0.0,135,60,0.44,0.02,0.01,0.0,0.0,0.0,0.0,0,613.0
0,1,22,1,0,0,0,0,0,0,0,0,0,1,0.0,0.0,1.0,1.0,1.0,0.0,1.0,1,87,1.0,0.0,1.0,0.21,0.0,0.0,1.0,0,97970.0
13858,1,41,4,1,0,0,0,0,0,0,0,0,2,0.0,0.0,1.0,1.0,1.0,0.0,0.0,255,2,0.01,0.68,1.0,0.0,0.0,0.0,1.0,1,105900.0
0,1,22,1,0,0,0,0,0,0,0,0,0,1,0.0,0.0,1.0,1.0,1.0,0.0,0.0,1,195,1.0,0.0,1.0,0.23,0.0,0.01,0.99,0,6768.0
0,1,46,5,0,0,0,0,0,0,0,0,0,286,1.0,1.0,0.0,0.0,0.03,0.06,0.0,255,16,0.06,0.05,0.0,0.0,1.0,1.0,0.0,1,114871.0
0,0,62,9,183,0,0,0,0,0,0,0,0,2,0.0,0.0,0.0,0.0,0.5,1.0,0.0,255,33,0.13,0.01,0.15,0.0,0.0,0.0,0.0,0,80852.0
0,1,22,9,220,866,0,0,1,0,0,0,0,4,0.0,0.0,0.0,0.0,1.0,0.0,0.4,26,255,1.0,0.0,0.04,0.03,0.04,0.0,0.0,0,7859.0
0,1,65,1,0,0,0,0,0,0,0,0,0,177,0.0,0.0,1.0,1.0,0.07,0.07,0.0,255,12,0.05,0.09,0.0,0.0,0.0,0.0,1.0,1,99624.0
0,1,46,5,0,0,0,0,0,0,0,0,0,140,1.0,1.0,0.0,0.0,0.06,0.06,0.0,255,18,0.07,0.05,0.0,0.0,1.0,1.0,0.0,1,44319.0
0,1,6,1,0,0,0,0,0,0,0,0,0,208,0.0,0.0,1.0,1.0,0.01,0.08,0.0,255,2,0.01,0.1,0.0,0.0,0.0,0.0,1.0,1,54204.0
0,1,8,5,0,0,0,0,0,0,0,0,0,281,1.0,1.0,0.0,0.0,0.09,0.05,0.0,255,25,0.1,0.05,0.0,0.0,1.0,1.0,0.0,1,4114.0
0,1,22,9,315,1999,0,0,1,0,0,0,0,2,0.0,0.0,0.0,0.0,1.0,0.0,0.67,13,255,1.0,0.0,0.08,0.05,0.0,0.0,0.0,0,88897.0
0,1,51,9,2168,402,0,0,1,0,0,0,0,1,0.0,0.0,0.0,0.0,1.0,0.0,0.0,255,16,0.06,0.02,0.0,0.0,0.93,0.0,0.0,0,942.0
1,1,51,9,979,365,0,0,1,0,0,0,0,1,0.0,0.0,0.0,0.0,1.0,0.0,1.0,184,181,0.65,0.03,0.01,0.01,0.0,0.0,0.0,0,48651.0
0,1,22,9,326,2659,0,0,1,0,0,0,0,18,0.0,0.0,0.0,0.0,1.0,0.0,0.11,255,255,1.0,0.0,0.0,0.0,0.0,0.0,0.0,0,14659.0
0,1,22,9,227,1197,0,0,1,0,0,0,0,2,0.0,0.0,0.0,0.0,1.0,0.0,0.75,67,255,1.0,0.0,0.01,0.03,0.03,0.01,0.0,0,94425.0
36,1,18,9,1463,4152,0,30,1,0,0,0,0,1,0.0,0.0,0.0,0.0,1.0,0.0,0.0,2,1,0.5,1.0,0.5,0.0,0.0,0.0,0.0,0,1838.0
0,1,46,5,0,0,0,0,0,0,0,0,0,105,1.0,1.0,0.0,0.0,0.1,0.07,0.0,255,18,0.07,0.07,0.0,0.0,1.0,1.0,0.0,1,37414.0
0,1,10,5,0,0,0,0,0,0,0,0,0,251,1.0,1.0,0.0,0.0,0.01,0.07,0.0,255,3,0.01,0.08,0.0,0.0,1.0,1.0,0.0,1,22522.0
0,1,22,9,207,2412,0,0,1,0,0,0,0,1,0.0,0.0,0.0,0.0,1.0,0.0,0.0,5,255,1.0,0.0,0.2,0.05,0.0,0.0,0.0,0,24902.0
0,1,65,5,0,0,0,0,0,0,0,0,0,229,1.0,1.0,0.0,0.0,0.07,0.07,0.0,255,17,0.07,0.07,0.0,0.0,1.0,1.0,0.0,1,109758.0
0,1,46,5,0,0,0,0,0,0,0,0,0,102,1.0,1.0,0.0,0.0,0.01,0.08,0.0,255,19,0.07,0.06,0.0,0.0,1.0,1.0,0.0,1,57118.0
0,1,22,9,290,492,0,0,1,0,0,0,0,26,0.0,0.0,0.0,0.0,1.0,0.0,0.08,255,255,1.0,0.0,0.0,0.0,0.0,0.0,0.0,0,21263.0
0,1,20,5,0,0,0,0,0,0,0,0,0,233,1.0,1.0,0.0,0.0,0.01,0.07,0.0,255,3,0.01,0.07,0.0,0.0,1.0,1.0,0.0,1,98722.0
0,1,22,9,252,1014,0,0,1,0,0,0,0,10,0.0,0.0,0.0,0.0,1.0,0.0,0.0,119,255,1.0,0.0,0.01,0.03,0.0,0.0,0.0,0,27658.0
0,1,22,9,197,2449,0,0,1,0,0,0,0,6,0.0,0.0,0.0,0.0,1.0,0.0,0.0,6,255,1.0,0.0,0.17,0.05,0.0,0.0,0.0,0,74866.0
0,1,22,9,334,5662,0,0,1,0,0,0,0,4,0.0,0.0,0.0,0.0,1.0,0.0,0.0,46,255,1.0,0.0,0.02,0.05,0.0,0.01,0.0,0,122879.0
0,1,15,5,0,0,0,0,0,0,0,0,0,132,1.0,1.0,0.0,0.0,0.05,0.06,0.0,255,14,0.05,0.07,0.0,0.0,1.0,1.0,0.0,1,98125.0
0,1,19,9,9178,0,0,0,1,0,0,0,0,6,0.0,0.0,0.0,0.0,1.0,0.0,0.0,255,68,0.27,0.02,0.08,0.0,0.69,0.69,0.0,0,60332.0
0,1,46,5,0,0,0,0,0,0,0,0,0,248,1.0,1.0,0.0,0.0,0.08,0.06,0.0,255,4,0.02,0.07,0.0,0.0,1.0,1.0,0.0,1,88303.0
0,1,25,5,0,0,0,0,0,0,0,0,0,271,1.0,1.0,0.0,0.0,0.05,0.06,0.0,255,14,0.05,0.06,0.0,0.0,1.0,1.0,0.0,1,1537.0
0,1,46,5,0,0,0,0,0,0,0,0,0,228,1.0,1.0,0.0,0.0,0.01,0.07,0.0,255,19,0.07,0.07,0.0,0.0,1.0,1.0,0.0,1,67311.0
0,1,10,5,0,0,0,0,0,0,0,0,0,214,1.0,1.0,0.0,0.0,0.08,0.07,0.0,255,17,0.07,0.07,0.0,0.0,1.0,1.0,0.0,1,7046.0
0,1,6,1,0,0,0,0,0,0,0,0,0,209,0.0,0.0,1.0,1.0,0.05,0.07,0.0,255,10,0.04,0.08,0.0,0.0,0.0,0.0,1.0,1,59114.0
10,1,3,9,9,36,0,0,1,0,0,0,0,1,0.0,0.0,0.0,0.0,1.0,0.0,0.0,255,4,0.02,0.03,0.0,0.0,0.0,0.0,0.0,0,73561.0
0,1,22,9,197,2543,0,0,1,0,0,0,0,20,0.0,0.0,0.0,0.0,1.0,0.0,0.0,255,255,1.0,0.0,0.0,0.0,0.0,0.0,0.0,0,16046.0
0,1,46,5,0,0,0,0,0,0,0,0,0,117,1.0,1.0,0.0,0.0,0.05,0.06,0.0,255,11,0.04,0.06,0.0,0.0,1.0,1.0,0.0,1,49628.0
0,0,14,9,1032,0,0,0,0,0,0,0,0,81,0.0,0.0,0.0,0.0,1.0,0.0,0.0,255,255,1.0,0.0,1.0,0.0,0.0,0.0,0.0,1,2355.0
0,1,22,9,54540,8314,0,2,1,1,0,0,0,2,0.0,0.0,0.0,0.0,1.0,0.0,0.0,124,124,1.0,0.0,0.01,0.0,0.0,0.0,0.02,1,55554.0
0,1,66,5,0,0,0,0,0,0,0,0,0,201,1.0,1.0,0.0,0.0,0.0,0.06,0.0,255,20,0.08,0.07,0.0,0.0,1.0,1.0,0.0,1,38206.0
0,1,51,9,1666,404,0,0,1,0,0,0,0,1,0.0,0.0,0.0,0.0,1.0,0.0,0.0,96,29,0.3,0.05,0.01,0.0,0.0,0.0,0.0,0,99328.0
1,1,51,9,1260,375,0,0,1,0,0,0,0,1,0.0,0.0,0.0,0.0,1.0,0.0,1.0,47,178,0.77,0.09,0.02,0.01,0.0,0.0,0.0,0,93095.0
0,0,14,9,1032,0,0,0,0,0,0,0,0,511,0.0,0.0,0.0,0.0,1.0,0.0,0.0,255,195,0.76,0.02,0.76,0.0,0.0,0.0,0.0,1,109297.0
2,1,51,9,645,326,0,0,1,0,0,0,0,1,0.0,0.0,0.0,0.0,1.0,0.0,1.0,186,137,0.74,0.03,0.01,0.0,0.01,0.01,0.0,0,39728.0
0,1,55,5,0,0,0,0,0,0,0,0,0,58,1.0,1.0,0.0,0.0,0.22,0.1,0.0,255,14,0.05,0.08,0.0,0.0,1.0,1.0,0.0,1,88427.0
0,2,11,9,43,76,0,0,0,0,0,0,0,130,0.0,0.0,0.0,0.0,1.0,0.0,0.0,255,201,0.79,0.01,0.0,0.0,0.0,0.0,0.0,0,23765.0
0,1,46,5,0,0,0,0,0,0,0,0,0,226,1.0,1.0,0.0,0.0,0.05,0.05,0.0,184,12,0.07,0.07,0.01,0.0,0.99,1.0,0.0,1,25610.0
3,1,51,9,1114,404,0,0,1,0,0,0,0,1,0.0,0.0,0.0,0.0,1.0,0.0,0.0,112,145,0.66,0.05,0.01,0.01,0.0,0.0,0.0,0,72093.0
0,1,19,9,641,0,0,0,1,0,0,0,0,2,0.0,0.0,0.0,0.0,1.0,0.0,0.0,6,47,0.83,0.33,0.83,0.04,0.0,0.0,0.0,0,100229.0
0,2,11,9,44,78,0,0,0,0,0,0,0,214,0.0,0.0,0.0,0.0,1.0,0.0,0.01,255,217,0.85,0.01,0.0,0.0,0.0,0.0,0.0,0,98933.0
0,1,46,5,0,0,0,0,0,0,0,0,0,205,1.0,1.0,0.0,0.0,0.09,0.06,0.0,255,19,0.07,0.06,0.0,0.0,1.0,1.0,0.0,1,120318.0
0,1,46,5,0,0,0,0,0,0,0,0,0,240,1.0,1.0,0.0,0.0,0.0,0.07,0.0,255,2,0.01,0.07,0.0,0.0,1.0,1.0,0.0,1,100154.0
8,1,51,9,525,335,0,0,1,0,0,0,0,1,0.0,0.0,0.0,0.0,1.0,0.0,1.0,67,178,0.99,0.03,0.01,0.01,0.0,0.0,0.0,0,660.0
0,1,22,9,339,3932,0,0,1,0,0,0,0,19,0.0,0.0,0.0,0.0,1.0,0.0,0.0,255,255,1.0,0.0,0.0,0.0,0.0,0.0,0.0,0,65652.0
0,1,19,9,641,0,0,0,1,0,0,0,0,2,0.0,0.0,0.0,0.0,1.0,0.0,0.0,74,65,0.14,0.05,0.14,0.03,0.0,0.0,0.0,0,123554.0
0,1,46,4,0,0,0,0,0,0,0,0,0,1,0.0,0.0,1.0,1.0,1.0,0.0,0.0,255,1,0.0,0.96,0.96,0.0,0.0,0.0,1.0,1,89893.0
0,0,14,9,1480,0,1,0,0,0,0,0,0,1,0.0,0.0,0.0,0.0,1.0,0.0,0.67,3,152,0.67,0.67,0.67,0.03,0.33,0.0,0.0,1,114355.0
0,1,19,9,11376,0,0,0,1,0,0,0,0,11,0.0,0.0,0.0,0.0,1.0,0.0,0.0,253,65,0.26,0.02,0.26,0.0,0.0,0.0,0.0,0,110417.0
0,1,19,9,607,0,0,0,1,0,0,0,0,2,0.0,0.0,0.0,0.0,1.0,0.0,0.0,255,146,0.57,0.03,0.58,0.0,0.0,0.01,0.0,0,51261.0
0,1,46,5,0,0,0,0,0,0,0,0,0,218,1.0,1.0,0.0,0.0,0.06,0.06,0.0,255,15,0.06,0.07,0.0,0.0,1.0,1.0,0.0,1,73381.0
0,1,7,5,0,0,0,0,0,0,0,0,0,272,1.0,1.0,0.0,0.0,0.07,0.06,0.0,255,3,0.01,0.08,0.0,0.0,1.0,1.0,0.0,1,84192.0
0,1,46,5,0,0,0,0,0,0,0,0,0,197,1.0,1.0,0.0,0.0,0.04,0.06,0.0,255,8,0.03,0.08,0.0,0.0,1.0,1.0,0.0,1,1876.0
0,1,22,9,235,281,0,0,1,0,0,0,0,16,0.0,0.0,0.0,0.0,1.0,0.0,0.09,225,255,1.0,0.0,0.0,0.01,0.0,0.0,0.0,0,108578.0
0,2,11,9,44,71,0,0,0,0,0,0,0,212,0.0,0.0,0.0,0.0,1.0,0.0,0.01,255,254,1.0,0.01,0.0,0.0,0.0,0.0,0.0,0,70536.0
0,1,46,4,0,0,0,0,0,0,0,0,0,1,0.0,0.0,1.0,1.0,1.0,0.0,0.0,213,1,0.0,0.54,0.54,0.0,0.0,0.0,1.0,1,29839.0
0,1,51,9,626,390,0,0,1,0,0,0,0,1,0.0,0.0,0.0,0.0,1.0,0.0,0.0,61,214,0.89,0.07,0.02,0.01,0.0,0.0,0.0,0,14322.0
0,1,22,9,182,1422,0,0,1,0,0,0,0,2,0.0,0.0,0.0,0.0,1.0,0.0,0.0,11,255,1.0,0.0,0.09,0.05,0.0,0.0,0.0,0,10755.0
0,2,11,9,44,71,0,0,0,0,0,0,0,278,0.0,0.0,0.0,0.0,1.0,0.0,0.0,255,254,1.0,0.01,0.0,0.0,0.0,0.0,0.0,0,47075.0
0,2,11,9,43,109,0,0,0,0,0,0,0,26,0.0,0.0,0.0,0.0,1.0,0.0,0.01,84,200,0.82,0.02,0.82,0.01,0.0,0.0,0.0,0,29998.0
14340,1,41,4,1,0,0,0,0,0,0,0,0,2,0.0,0.0,1.0,1.0,1.0,0.0,0.0,255,2,0.01,0.68,1.0,0.0,0.0,0.0,1.0,1,95041.0
0,0,13,9,30,0,0,0,0,0,0,0,0,1,0.0,0.0,0.0,0.0,1.0,0.0,0.0,20,126,1.0,0.0,1.0,0.43,0.0,0.0,0.0,0,105463.0
0,1,46,5,0,0,0,0,0,0,0,0,0,161,1.0,1.0,0.0,0.0,0.01,0.06,0.0,255,8,0.03,0.07,0.0,0.0,1.0,1.0,0.0,1,5123.0
0,1,22,9,246,2038,0,0,1,0,0,0,0,14,0.0,0.0,0.0,0.0,1.0,0.0,0.07,255,255,1.0,0.0,0.0,0.0,0.01,0.01,0.0,0,4802.0
0,2,11,9,43,71,0,0,0,0,0,0,0,281,0.0,0.0,0.0,0.0,1.0,0.0,0.0,255,209,0.82,0.01,0.0,0.0,0.0,0.0,0.0,0,69277.0
0,1,19,9,12324,0,0,0,1,0,0,0,1,2,0.0,0.0,0.0,0.0,1.0,0.0,0.0,240,72,0.3,0.03,0.3,0.0,0.0,0.0,0.0,0,44329.0
0,1,46,5,0,0,0,0,0,0,0,0,0,103,1.0,1.0,0.0,0.0,0.14,0.07,0.0,255,34,0.13,0.05,0.0,0.0,1.0,1.0,0.0,1,82397.0
0,1,46,1,0,0,0,0,0,0,0,0,0,377,0.06,0.0,0.92,1.0,0.0,1.0,0.0,255,1,0.0,1.0,0.0,0.0,0.09,0.0,1.0,1,94732.0
0,2,11,9,43,43,0,0,0,0,0,0,0,221,0.0,0.0,0.0,0.0,1.0,0.0,0.01,255,178,0.7,0.01,0.0,0.0,0.0,0.0,0.0,0,47532.0
16549,1,57,9,4662,26832,0,0,1,1,0,0,0,1,0.0,0.0,0.0,0.0,1.0,0.0,0.0,21,3,0.14,0.19,0.05,0.0,0.1,0.33,0.0,0,36137.0
0,1,22,9,185,19735,0,0,1,0,0,0,0,13,0.0,0.0,0.0,0.0,1.0,0.0,0.0,255,255,1.0,0.0,0.0,0.0,0.01,0.01,0.0,0,60678.0
0,1,22,9,235,3626,0,0,1,0,0,0,0,30,0.0,0.0,0.0,0.0,1.0,0.0,0.0,59,255,1.0,0.0,0.02,0.01,0.0,0.0,0.0,0,33192.0
0,1,26,5,0,0,0,0,0,0,0,0,0,257,1.0,1.0,0.0,0.0,0.04,0.06,0.0,255,10,0.04,0.07,0.0,0.0,1.0,1.0,0.0,1,26584.0
4,1,51,9,1770,403,0,0,1,0,0,0,0,1,0.0,0.0,0.0,0.0,1.0,0.0,0.0,67,182,0.82,0.04,0.01,0.01,0.0,0.0,0.0,0,103598.0
0,1,22,9,203,331,0,0,1,0,0,0,0,7,0.0,0.0,0.0,0.0,1.0,0.0,0.0,255,255,1.0,0.0,0.0,0.0,0.0,0.0,0.0,0,5925.0
0,1,22,9,295,4021,0,0,1,0,0,0,0,7,0.0,0.0,0.0,0.0,1.0,0.0,0.36,56,133,1.0,0.0,0.02,0.05,0.0,0.0,0.01,0,71301.0
0,1,46,5,0,0,0,0,0,0,0,0,0,102,1.0,1.0,0.0,0.0,0.02,0.07,0.0,255,10,0.04,0.08,0.0,0.0,1.0,1.0,0.0,1,73936.0
0,1,22,9,336,370,0,0,1,0,0,0,0,5,0.0,0.0,0.0,0.0,1.0,0.0,0.0,247,255,1.0,0.0,0.0,0.01,0.0,0.0,0.02,0,90070.0
1,1,51,9,867,326,0,0,1,0,0,0,0,1,0.0,0.0,0.0,0.0,1.0,0.0,1.0,88,185,0.75,0.06,0.01,0.01,0.0,0.0,0.0,0,91435.0
0,1,44,9,38,130,0,0,1,0,0,0,0,1,0.0,0.0,0.0,0.0,1.0,0.0,0.0,58,11,0.05,0.07,0.02,0.18,0.0,0.0,0.0,0,69434.0
0,1,46,5,0,0,0,0,0,0,0,0,0,154,0.85,1.0,0.0,0.0,0.13,0.05,0.0,255,1,0.0,0.05,0.0,0.0,1.0,1.0,0.0,1,86427.0
0,1,64,5,0,0,0,0,0,0,0,0,0,104,1.0,1.0,0.0,0.0,0.05,0.06,0.0,255,12,0.05,0.07,0.0,0.0,1.0,1.0,0.0,1,113881.0
0,1,22,9,287,74301,0,0,1,0,0,0,0,4,0.0,0.0,0.0,0.0,1.0,0.0,0.0,4,255,1.0,0.0,0.25,0.01,0.0,0.0,0.0,0,24865.0
0,1,22,9,235,805,0,0,1,0,0,0,0,8,0.0,0.0,0.0,0.0,1.0,0.0,0.0,177,255,1.0,0.0,0.01,0.01,0.0,0.01,0.0,0,18059.0
0,1,22,9,276,25868,0,0,1,0,0,0,0,1,0.0,0.29,0.0,0.0,1.0,0.0,0.43,255,255,1.0,0.0,0.0,0.0,0.0,0.0,0.0,0,71675.0
0,1,22,9,294,5499,0,0,1,0,0,0,0,2,0.0,0.0,0.0,0.0,1.0,0.0,0.0,2,255,1.0,0.0,0.5,0.04,0.0,0.0,0.0,0,51936.0
0,1,22,9,250,7176,0,0,1,0,0,0,0,6,0.0,0.0,0.0,0.0,1.0,0.0,0.0,255,255,1.0,0.0,0.0,0.0,0.0,0.0,0.0,0,6309.0
0,1,22,9,54540,8314,0,2,1,1,0,0,0,7,0.0,0.0,0.14,0.25,1.0,0.0,0.25,255,255,1.0,0.0,0.0,0.0,0.0,0.0,0.05,1,63350.0
0,2,11,9,44,128,0,0,0,0,0,0,0,157,0.0,0.0,0.0,0.0,1.0,0.0,0.01,255,216,0.85,0.01,0.0,0.0,0.0,0.0,0.0,0,109073.0
0,1,22,9,215,2445,0,0,1,0,0,0,0,2,0.0,0.0,0.0,0.0,1.0,0.0,0.67,2,255,1.0,0.0,0.5,0.02,0.0,0.0,0.0,0,103579.0
0,1,22,9,296,3221,0,0,1,0,0,0,0,7,0.0,0.0,0.0,0.0,1.0,0.0,0.0,87,255,1.0,0.0,0.01,0.02,0.0,0.0,0.0,0,124265.0
0,1,30,5,0,0,0,0,0,0,0,0,0,273,1.0,1.0,0.0,0.0,0.03,0.07,0.0,255,8,0.03,0.07,0.0,0.0,1.0,1.0,0.0,1,93609.0
0,2,11,9,42,42,0,0,0,0,0,0,0,10,0.0,0.0,0.0,0.0,1.0,0.0,0.14,255,245,0.96,0.01,0.0,0.0,0.0,0.0,0.0,0,98998.0
0,2,11,9,45,128,0,0,0,0,0,0,0,127,0.0,0.0,0.0,0.0,1.0,0.0,0.01,255,255,1.0,0.0,0.0,0.0,0.0,0.0,0.0,0,81208.0
0,1,46,5,0,0,0,0,0,0,0,0,0,196,1.0,1.0,0.0,0.0,0.1,0.06,0.0,255,4,0.02,0.08,0.0,0.0,1.0,1.0,0.0,1,84648.0
5,1,53,9,0,15,0,0,1,0,0,0,0,1,0.0,0.0,0.0,0.0,1.0,0.0,0.0,3,1,0.33,1.0,0.33,0.0,0.0,0.0,0.0,1,4205.0
0,1,19,9,252,0,0,0,0,0,0,0,0,1,0.0,0.0,0.0,0.0,1.0,0.0,0.0,96,45,0.23,0.04,0.23,0.04,0.0,0.0,0.0,0,69591.0
0,1,22,9,242,613,0,0,1,0,0,0,0,5,0.0,0.0,0.0,0.0,1.0,0.0,0.0,255,255,1.0,0.0,0.0,0.0,0.0,0.0,0.0,0,59796.0
0,0,13,9,8,0,0,0,0,0,0,0,0,1,0.0,0.0,0.0,0.0,1.0,0.0,1.0,3,67,1.0,0.0,1.0,0.25,0.0,0.0,0.0,1,101094.0
0,1,41,1,0,0,0,0,0,0,0,0,0,509,0.23,0.0,0.76,1.0,0.0,1.0,0.0,255,1,0.0,1.0,0.0,0.0,0.26,0.0,1.0,1,43621.0
0,1,22,9,331,1047,0,0,1,0,0,0,0,21,0.0,0.0,0.0,0.0,1.0,0.0,0.0,170,255,1.0,0.0,0.01,0.02,0.0,0.0,0.0,0,19071.0
0,0,14,9,1032,0,0,0,0,0,0,0,0,511,0.0,0.0,0.0,0.0,1.0,0.0,0.0,255,165,0.65,0.03,0.65,0.0,0.0,0.0,0.0,1,47264.0
0,1,37,5,0,0,0,0,0,0,0,0,0,218,1.0,1.0,0.0,0.0,0.1,0.05,0.0,255,21,0.08,0.05,0.0,0.0,1.0,1.0,0.0,1,42771.0
0,1,24,5,0,0,0,0,0,0,0,0,0,136,1.0,1.0,0.0,0.0,0.12,0.05,0.0,255,6,0.02,0.07,0.0,0.0,1.0,1.0,0.0,1,80256.0
168,1,57,9,217,38761,0,0,1,0,0,0,0,1,0.0,0.0,0.0,0.0,1.0,0.0,0.0,1,5,1.0,0.0,1.0,0.4,0.0,0.0,0.0,0,20854.0
0,1,22,9,193,7355,0,0,1,0,0,0,0,7,0.0,0.0,0.0,0.0,1.0,0.0,0.29,255,255,1.0,0.0,0.0,0.0,0.0,0.0,0.0,0,18553.0
0,2,41,9,147,0,0,0,0,0,0,0,0,1,0.0,0.0,0.0,0.0,1.0,0.0,0.0,255,5,0.02,0.63,0.97,0.0,0.0,0.0,0.0,0,81297.0
0,1,46,1,0,0,0,0,0,0,0,0,0,107,0.0,0.0,1.0,1.0,0.18,0.07,0.0,231,19,0.08,0.06,0.0,0.0,0.0,0.0,1.0,1,92150.0
14,1,22,9,54540,8314,0,2,1,1,0,0,0,4,0.0,0.0,0.5,0.5,1.0,0.0,0.0,18,18,1.0,0.0,0.06,0.0,0.0,0.0,0.44,1,33079.0
0,1,7,5,0,0,0,0,0,0,0,0,0,271,1.0,1.0,0.0,0.0,0.07,0.06,0.0,255,20,0.08,0.06,0.0,0.0,1.0,1.0,0.0,1,25045.0
0,0,13,9,8,0,0,0,0,0,0,0,0,1,0.0,0.0,0.0,0.0,1.0,0.0,1.0,1,49,1.0,0.0,1.0,0.51,0.0,0.0,0.0,1,9791.0
0,1,20,5,0,0,0,0,0,0,0,0,0,191,1.0,1.0,0.0,0.0,0.01,0.07,0.0,255,2,0.01,0.07,0.0,0.0,1.0,1.0,0.0,1,115254.0
0,1,66,5,0,0,0,0,0,0,0,0,0,214,1.0,1.0,0.0,0.0,0.0,0.07,0.0,255,1,0.0,0.08,0.0,0.0,1.0,1.0,0.0,1,101491.0
0,1,22,9,160,193,0,0,1,0,0,0,0,1,0.0,0.0,0.0,0.0,1.0,0.0,0.0,19,255,1.0,0.0,0.05,0.04,0.0,0.0,0.0,0,78100.0
0,1,22,9,287,1056,0,0,1,0,0,0,0,8,0.0,0.0,0.0,0.0,1.0,0.0,0.0,100,255,1.0,0.0,0.01,0.04,0.0,0.0,0.0,0,112371.0
0,1,46,5,0,0,0,0,0,0,0,0,0,143,1.0,1.0,0.0,0.0,0.13,0.06,0.0,255,4,0.02,0.08,0.0,0.0,1.0,1.0,0.0,1,13245.0
0,1,57,5,0,0,0,0,0,0,0,0,0,14,1.0,1.0,0.0,0.0,1.0,0.0,0.0,54,15,0.26,0.06,0.02,0.13,1.0,0.93,0.0,1,12558.0
0,1,22,9,203,498,0,0,1,0,0,0,0,4,0.0,0.0,0.0,0.0,1.0,0.0,0.0,255,255,1.0,0.0,0.0,0.0,0.0,0.0,0.0,0,39000.0
31,1,18,9,1455,4152,0,30,1,0,0,0,0,1,0.0,0.0,0.0,0.0,1.0,0.0,0.0,93,13,0.14,0.03,0.01,0.0,0.0,0.0,0.0,0,35120.0
0,1,22,9,229,1032,0,0,1,0,0,0,0,11,0.0,0.0,0.0,0.0,1.0,0.0,0.0,32,255,1.0,0.0,0.03,0.07,0.0,0.0,0.0,0,67826.0
0,1,51,5,0,0,0,0,0,0,0,0,0,98,1.0,1.0,0.0,0.0,0.2,0.05,0.0,255,4,0.02,0.05,0.0,0.0,1.0,1.0,0.0,1,115218.0
0,1,22,9,245,336,0,0,1,0,0,0,0,4,0.0,0.0,0.0,0.0,1.0,0.0,0.0,234,255,1.0,0.0,0.0,0.01,0.0,0.0,0.0,0,30601.0
0,2,11,9,44,126,0,0,0,0,0,0,0,44,0.0,0.0,0.0,0.0,1.0,0.0,0.02,255,255,1.0,0.0,0.0,0.0,0.0,0.0,0.0,0,84934.0
0,1,26,5,0,0,0,0,0,0,0,0,0,257,1.0,1.0,0.0,0.0,0.06,0.05,0.0,255,16,0.06,0.05,0.0,0.0,1.0,1.0,0.0,1,68672.0
0,1,19,9,9198,0,0,0,1,0,0,0,0,7,0.0,0.0,0.0,0.0,1.0,0.0,0.0,57,43,0.33,0.04,0.33,0.05,0.0,0.0,0.0,0,3696.0
0,1,22,9,282,4624,0,0,1,0,0,0,0,5,0.0,0.0,0.0,0.0,1.0,0.0,0.0,26,255,1.0,0.0,0.04,0.03,0.0,0.0,0.0,0,2180.0
0,1,22,9,305,2698,0,0,1,0,0,0,1,6,0.0,0.0,0.0,0.0,1.0,0.0,0.0,68,65,0.96,0.03,0.01,0.0,0.0,0.0,0.0,0,94704.0
0,1,22,9,314,1986,0,0,1,0,0,0,0,7,0.0,0.0,0.0,0.0,1.0,0.0,0.25,255,255,1.0,0.0,0.0,0.0,0.0,0.0,0.0,0,25757.0
0,1,6,5,0,0,0,0,0,0,0,0,0,122,0.99,1.0,0.0,0.0,0.05,0.09,0.0,255,6,0.02,0.07,0.0,0.0,1.0,1.0,0.0,1,56958.0
0,0,13,9,8,0,0,0,0,0,0,0,0,1,0.0,0.0,0.0,0.0,1.0,0.0,1.0,4,24,1.0,0.0,1.0,0.25,0.0,0.0,0.0,1,1777.0
0,1,7,5,0,0,0,0,0,0,0,0,0,235,1.0,1.0,0.0,0.0,0.03,0.06,0.0,255,7,0.03,0.08,0.0,0.0,1.0,1.0,0.0,1,18622.0
0,1,46,5,0,0,0,0,0,0,0,0,0,140,1.0,1.0,0.0,0.0,0.08,0.06,0.0,255,7,0.03,0.06,0.0,0.0,1.0,1.0,0.0,1,86515.0
0,1,22,9,211,12566,0,0,1,0,0,0,0,14,0.0,0.0,0.0,0.0,1.0,0.0,0.0,14,14,1.0,0.0,0.07,0.0,0.0,0.0,0.0,0,2777.0
0,1,22,9,228,1319,0,0,1,0,0,0,0,3,0.0,0.0,0.0,0.0,1.0,0.0,0.5,98,255,1.0,0.0,0.01,0.02,0.0,0.0,0.0,0,5404.0
0,1,22,9,221,1026,0,0,1,0,0,0,0,7,0.0,0.0,0.0,0.0,1.0,0.0,0.0,255,255,1.0,0.0,0.0,0.0,0.0,0.0,0.0,0,82962.0
0,2,11,9,44,44,0,0,0,0,0,0,0,117,0.0,0.0,0.0,0.0,1.0,0.0,0.0,255,224,0.88,0.01,0.0,0.0,0.0,0.0,0.0,0,41952.0
0,1,46,5,0,0,0,0,0,0,0,0,0,222,1.0,1.0,0.0,0.0,0.06,0.06,0.0,255,14,0.05,0.08,0.0,0.0,1.0,1.0,0.0,1,95622.0
0,1,19,9,252,0,0,0,1,0,0,0,0,2,0.0,0.0,0.0,0.0,1.0,0.0,0.0,44,106,0.32,0.09,0.32,0.02,0.0,0.01,0.0,0,21329.0
0,1,46,1,0,0,0,0,0,0,0,0,0,50,0.0,0.0,1.0,1.0,0.4,0.1,0.0,255,20,0.08,0.06,0.0,0.0,0.0,0.0,1.0,1,41760.0
3,1,51,9,896,335,0,0,1,0,0,0,0,1,0.0,0.0,0.0,0.0,1.0,0.0,0.0,87,126,0.62,0.03,0.01,0.02,0.0,0.0,0.0,0,113725.0
0,1,17,5,0,0,0,0,0,0,0,0,0,51,0.96,1.0,0.04,0.0,0.25,0.12,0.0,255,53,0.21,0.04,0.01,0.0,1.0,1.0,0.0,1,100777.0
0,1,22,9,293,278,0,0,1,0,0,0,0,19,0.0,0.0,0.0,0.0,1.0,0.0,0.18,255,255,1.0,0.0,0.0,0.0,0.0,0.0,0.0,0,40474.0
0,1,15,5,0,0,0,0,0,0,0,0,0,98,1.0,1.0,0.0,0.0,0.01,0.06,0.0,255,19,0.07,0.07,0.0,0.0,1.0,1.0,0.0,1,49203.0
0,1,22,9,227,1028,0,0,1,0,0,0,0,19,0.0,0.0,0.0,0.0,1.0,0.0,0.12,255,255,1.0,0.0,0.0,0.0,0.0,0.0,0.0,0,29037.0
1,1,51,9,797,328,0,0,1,0,0,0,0,1,0.0,0.0,0.0,0.0,1.0,0.0,1.0,76,136,0.42,0.07,0.01,0.01,0.01,0.01,0.0,0,94738.0
0,1,22,9,236,1694,0,0,1,0,0,0,0,7,0.0,0.0,0.0,0.0,1.0,0.0,0.0,255,255,1.0,0.0,0.0,0.0,0.0,0.0,0.0,0,42921.0
0,1,29,5,0,0,0,0,0,0,0,0,0,141,1.0,1.0,0.0,0.0,0.09,0.06,0.0,255,20,0.08,0.07,0.0,0.0,1.0,1.0,0.0,1,77286.0
0,1,22,9,229,8033,0,0,1,0,0,0,0,19,0.0,0.0,0.0,0.0,1.0,0.0,0.14,47,254,1.0,0.0,0.02,0.07,0.0,0.0,0.0,0,110295.0
0,1,46,5,0,0,0,0,0,0,0,0,0,267,1.0,1.0,0.0,0.0,0.02,0.07,0.0,255,6,0.02,0.09,0.0,0.0,1.0,1.0,0.0,1,27602.0
0,2,46,9,28,0,3,0,0,0,0,0,0,84,0.01,0.0,0.01,0.0,0.98,0.04,0.0,255,82,0.32,0.02,0.32,0.0,0.0,0.0,0.0,1,66608.0
0,2,11,9,45,75,0,0,0,0,0,0,0,109,0.0,0.0,0.0,0.0,1.0,0.0,0.0,255,255,1.0,0.0,0.01,0.0,0.0,0.0,0.0,0,71136.0
0,1,22,9,320,392,0,0,1,0,0,0,0,4,0.0,0.0,0.0,0.0,1.0,0.0,0.4,255,255,1.0,0.0,0.0,0.0,0.0,0.0,0.0,0,88715.0
0,1,51,9,1858,484,0,0,1,0,0,0,0,1,0.0,0.0,0.0,0.0,1.0,0.0,1.0,255,8,0.03,0.01,0.0,0.0,0.0,0.0,0.0,0,64356.0
0,1,22,9,323,4771,0,0,1,0,0,0,0,4,0.25,0.25,0.0,0.0,1.0,0.0,0.0,4,255,1.0,0.0,0.25,0.02,0.25,0.01,0.03,0,82749.0
0,2,46,9,105,147,0,0,0,0,0,0,0,8,0.0,0.0,0.0,0.0,0.12,0.25,0.0,255,234,0.92,0.01,0.0,0.0,0.0,0.0,0.0,0,36738.0
23,1,18,9,332,1069,0,6,1,0,0,0,0,1,0.0,0.0,0.0,0.0,1.0,0.0,0.0,1,1,1.0,0.0,1.0,0.0,0.0,0.0,0.0,0,117024.0
8564,2,41,9,145,105,0,0,0,0,0,0,0,4,0.0,0.0,0.0,0.0,0.5,0.5,0.0,103,2,0.02,0.65,0.86,0.0,0.0,0.0,0.0,0,84411.0
9,1,51,9,1163,413,0,0,1,0,0,0,0,1,0.0,0.0,0.0,0.0,1.0,0.0,0.0,163,247,0.96,0.01,0.01,0.01,0.0,0.0,0.0,0,55228.0
0,1,46,5,0,0,0,0,0,0,0,0,0,110,1.0,1.0,0.0,0.0,0.16,0.05,0.0,255,14,0.05,0.07,0.0,0.0,1.0,1.0,0.0,1,1250.0
0,1,22,9,337,3225,0,0,1,0,0,0,0,9,0.0,0.0,0.0,0.0,1.0,0.0,0.17,70,255,1.0,0.0,0.01,0.01,0.0,0.0,0.0,0,79780.0
8535,1,41,4,1,0,0,0,0,0,0,0,0,2,0.0,0.0,1.0,1.0,1.0,0.0,0.0,255,2,0.01,0.69,1.0,0.0,0.0,0.0,1.0,1,60356.0
0,1,48,1,0,0,0,0,0,0,0,0,0,1,0.0,0.0,1.0,1.0,1.0,0.0,0.0,52,2,0.02,1.0,0.02,1.0,0.0,0.0,1.0,1,99668.0
0,1,9,5,0,0,0,0,0,0,0,0,0,94,1.0,1.0,0.0,0.0,0.05,0.07,0.0,255,5,0.02,0.08,0.0,0.0,1.0,1.0,0.0,1,100878.0
5442,2,41,9,146,105,0,0,0,0,0,0,0,1,0.0,0.0,0.0,0.0,1.0,0.0,0.0,255,1,0.0,0.64,0.94,0.0,0.0,0.0,0.0,0,74021.0
0,2,11,9,44,44,0,0,0,0,0,0,0,109,0.0,0.0,0.0,0.0,1.0,0.0,0.0,255,255,1.0,0.0,0.0,0.0,0.0,0.0,0.0,0,65079.0
0,1,22,9,222,2168,0,0,1,0,0,0,0,23,0.0,0.0,0.0,0.0,1.0,0.0,0.0,23,255,1.0,0.0,0.04,0.08,0.0,0.0,0.0,0,16709.0
0,1,22,9,325,449,0,0,1,0,0,0,0,1,0.0,0.0,0.0,0.0,1.0,0.0,0.5,2,255,1.0,0.0,0.5,0.02,0.0,0.0,0.0,0,102648.0
0,1,51,9,1327,328,0,0,1,0,0,0,0,1,0.0,0.0,0.0,0.0,1.0,0.0,1.0,167,133,0.51,0.02,0.01,0.02,0.0,0.02,0.0,0,80103.0
0,1,19,9,12983,0,0,0,1,0,0,0,0,2,0.0,0.0,0.0,0.0,1.0,0.0,0.0,14,90,0.21,0.14,0.21,0.03,0.0,0.0,0.0,0,89532.0
0,1,22,9,217,11403,0,0,1,0,0,0,0,1,0.0,0.0,0.0,0.0,1.0,0.0,0.0,103,255,1.0,0.0,0.01,0.02,0.0,0.0,0.0,0,76128.0
0,1,38,5,0,0,0,0,0,0,0,0,0,143,1.0,1.0,0.0,0.0,0.09,0.06,0.0,255,13,0.05,0.07,0.0,0.0,1.0,1.0,0.0,1,71400.0
0,1,17,5,0,0,0,0,0,0,0,0,0,61,1.0,1.0,0.0,0.0,0.26,0.07,0.0,255,41,0.16,0.05,0.01,0.0,1.0,1.0,0.0,1,48061.0
0,2,46,9,105,147,0,0,0,0,0,0,0,7,0.0,0.0,0.0,0.0,0.14,0.29,0.0,255,242,0.95,0.01,0.0,0.0,0.0,0.0,0.0,0,38449.0
0,0,14,9,1032,0,0,0,0,0,0,0,0,390,0.0,0.0,0.0,0.0,1.0,0.0,0.0,234,140,0.6,0.03,0.6,0.0,0.01,0.0,0.0,1,18816.0
0,1,22,1,0,0,0,0,0,0,0,0,0,2,0.0,0.0,1.0,1.0,0.5,1.0,0.0,255,1,0.0,1.0,1.0,0.0,0.0,0.0,1.0,1,77402.0
0,1,35,5,0,0,0,0,0,0,0,0,0,294,1.0,1.0,0.0,0.0,0.0,0.06,0.0,255,2,0.01,0.06,0.0,0.0,1.0,1.0,0.0,1,119731.0
0,2,11,9,44,115,0,0,0,0,0,0,0,144,0.0,0.0,0.0,0.0,1.0,0.0,0.0,255,255,1.0,0.0,0.0,0.0,0.0,0.0,0.0,0,85828.0
0,1,46,1,0,0,0,0,0,0,0,0,0,84,0.0,0.0,1.0,1.0,0.05,0.08,0.0,255,4,0.02,0.06,0.0,0.0,0.0,0.0,1.0,1,80506.0
0,1,22,9,385,361,0,0,1,0,0,0,0,2,0.0,0.0,0.0,0.0,1.0,0.0,0.43,22,231,1.0,0.0,0.05,0.22,0.0,0.0,0.81,0,13038.0
0,1,22,9,360,7852,0,0,1,0,0,0,0,6,0.0,0.0,0.0,0.0,1.0,0.0,0.0,16,255,1.0,0.0,0.06,0.04,0.0,0.0,0.0,0,119339.0
0,1,22,9,258,3263,0,0,1,0,0,0,0,1,0.0,0.0,0.0,0.0,1.0,0.0,0.0,255,255,1.0,0.0,0.0,0.0,0.0,0.0,0.0,0,103583.0
0,1,20,5,0,0,0,0,0,0,0,0,0,272,1.0,1.0,0.0,0.0,0.09,0.05,0.0,255,24,0.09,0.05,0.0,0.0,1.0,1.0,0.0,1,109035.0
0,1,46,5,0,0,0,0,0,0,0,0,0,124,1.0,1.0,0.0,0.0,0.08,0.06,0.0,255,1,0.0,0.08,0.0,0.0,1.0,1.0,0.0,1,34724.0
0,1,22,9,312,353,0,0,1,0,0,0,0,13,0.0,0.0,0.0,0.0,1.0,0.0,0.0,14,254,1.0,0.0,0.07,0.08,0.0,0.0,0.0,0,36088.0
0,1,22,9,242,365,0,0,1,0,0,0,0,11,0.0,0.0,0.0,0.0,1.0,0.0,0.0,255,255,1.0,0.0,0.0,0.0,0.0,0.0,0.0,0,58454.0
0,1,20,5,0,0,0,0,0,0,0,0,0,248,1.0,1.0,0.0,0.0,0.05,0.06,0.0,255,12,0.05,0.06,0.0,0.0,1.0,1.0,0.0,1,111364.0
0,2,46,9,28,0,3,0,0,0,0,0,0,75,0.0,0.0,0.0,0.0,1.0,0.0,0.0,255,75,0.29,0.04,0.29,0.0,0.02,0.0,0.0,1,112696.0
0,1,22,9,54540,8314,0,2,1,1,0,0,0,4,0.0,0.0,0.0,0.0,1.0,0.0,0.0,201,201,1.0,0.0,0.0,0.0,0.0,0.0,0.05,1,78839.0
0,1,22,9,233,458,0,0,1,0,0,0,0,30,0.0,0.0,0.0,0.0,1.0,0.0,0.11,255,255,1.0,0.0,0.0,0.0,0.0,0.0,0.0,0,86703.0
0,1,34,5,0,0,0,0,0,0,0,0,0,187,1.0,1.0,0.0,0.0,0.05,0.06,0.0,255,11,0.04,0.06,0.0,0.0,1.0,1.0,0.0,1,89241.0
0,1,19,9,276,0,0,0,1,0,0,0,0,2,0.0,0.0,0.0,0.0,1.0,0.0,0.0,255,119,0.47,0.03,0.47,0.0,0.0,0.0,0.0,0,70907.0
0,1,46,1,0,0,0,0,0,0,0,0,0,86,0.0,0.0,1.0,1.0,0.01,0.08,0.0,255,1,0.0,0.06,0.0,0.0,0.0,0.0,1.0,1,9822.0
0,1,19,9,3775,0,0,0,0,0,0,0,0,22,0.0,0.0,0.0,0.0,1.0,0.0,0.0,255,112,0.44,0.03,0.44,0.0,0.0,0.0,0.0,0,37809.0
0,1,16,2,0,0,0,0,0,0,0,0,0,150,0.0,0.0,1.0,1.0,0.13,0.06,0.0,255,20,0.08,0.07,0.0,0.0,0.0,0.0,1.0,1,84173.0
11,1,51,9,5235,329,0,0,1,0,0,0,0,1,0.0,0.0,0.0,0.0,1.0,0.0,1.0,129,100,0.78,0.03,0.01,0.0,0.0,0.0,0.0,0,9483.0
0,1,22,1,0,0,0,0,0,0,0,0,0,1,0.0,0.0,1.0,1.0,1.0,0.0,0.0,1,33,1.0,0.0,1.0,0.39,0.0,0.0,1.0,0,116499.0
0,1,32,5,0,0,0,0,0,0,0,0,0,299,1.0,1.0,0.0,0.0,0.07,0.05,0.0,255,4,0.02,0.08,0.0,0.0,1.0,1.0,0.0,1,69180.0
980,2,41,9,146,105,0,0,0,0,0,0,0,1,0.0,0.0,0.0,0.0,1.0,0.0,0.0,255,1,0.0,0.68,0.97,0.0,0.0,0.0,0.0,0,29833.0
0,1,22,9,206,771,0,0,1,0,0,0,0,9,0.0,0.0,0.0,0.0,1.0,0.0,0.2,255,255,1.0,0.0,0.0,0.0,0.0,0.0,0.0,0,105759.0
0,2,11,9,44,77,0,0,0,0,0,0,0,192,0.0,0.0,0.0,0.0,1.0,0.0,0.0,255,254,1.0,0.01,0.01,0.0,0.0,0.0,0.0,0,123218.0
0,2,11,9,35,0,0,0,0,0,0,0,0,3,0.0,0.0,0.0,0.0,1.0,0.0,0.25,209,43,0.21,0.03,0.21,0.0,0.0,0.0,0.0,0,92095.0
0,0,14,9,1032,0,0,0,0,0,0,0,0,352,0.0,0.0,0.0,0.0,1.0,0.0,0.0,255,255,1.0,0.0,1.0,0.0,0.0,0.0,0.0,1,7049.0
39551,1,46,4,1,0,0,0,0,0,0,0,0,2,0.0,0.0,1.0,1.0,1.0,0.0,0.0,255,2,0.01,0.5,1.0,0.0,0.0,0.0,1.0,1,107651.0
0,1,22,9,309,2698,0,0,1,0,0,0,1,2,0.0,0.0,0.0,0.0,1.0,0.0,0.0,255,228,0.89,0.01,0.0,0.0,0.0,0.0,0.0,0,10380.0
0,2,46,9,28,0,3,0,0,0,0,0,0,55,0.0,0.0,0.0,0.0,1.0,0.0,0.0,255,155,0.61,0.4,0.61,0.0,0.09,0.0,0.0,1,104738.0
0,1,22,9,375,1856,0,0,1,0,0,0,0,6,0.0,0.0,0.0,0.0,1.0,0.0,0.0,255,255,1.0,0.0,0.0,0.0,0.0,0.0,0.0,0,101261.0
0,1,46,5,0,0,0,0,0,0,0,0,0,228,1.0,1.0,0.0,0.0,0.07,0.06,0.0,255,14,0.05,0.09,0.0,0.0,1.0,1.0,0.0,1,3155.0
0,1,46,5,0,0,0,0,0,0,0,0,0,121,1.0,1.0,0.0,0.0,0.07,0.07,0.0,255,9,0.04,0.06,0.0,0.0,1.0,1.0,0.0,1,3351.0
0,1,3,1,0,0,0,0,0,0,0,0,0,232,0.0,0.0,1.0,1.0,0.07,0.06,0.0,255,17,0.07,0.06,0.0,0.0,0.0,0.0,1.0,1,77933.0
13,1,57,9,104,2095,0,0,1,0,0,0,0,1,0.0,0.0,0.0,0.0,1.0,0.0,0.0,112,4,0.01,0.05,0.01,0.5,0.0,0.0,0.0,0,28245.0
0,1,64,1,0,0,0,0,0,0,0,0,0,268,0.0,0.0,1.0,1.0,0.03,0.06,0.0,255,9,0.04,0.08,0.0,0.0,0.0,0.0,1.0,1,112714.0
0,1,46,5,0,0,0,0,0,0,0,0,0,218,1.0,1.0,0.0,0.0,0.06,0.06,0.0,255,12,0.05,0.08,0.0,0.0,1.0,1.0,0.0,1,86623.0
0,1,18,5,0,0,0,0,0,0,0,0,0,49,1.0,1.0,0.0,0.0,0.1,0.12,0.0,255,5,0.02,0.09,0.0,0.0,1.0,1.0,0.0,1,14048.0
3,1,51,9,1049,370,0,0,1,0,0,0,0,1,0.0,0.0,0.0,0.0,1.0,0.0,1.0,49,175,0.71,0.08,0.02,0.01,0.0,0.0,0.0,0,125138.0
0,1,22,9,229,1359,0,0,1,0,0,0,0,4,0.0,0.0,0.0,0.0,1.0,0.0,0.0,4,255,1.0,0.0,0.25,0.01,0.0,0.0,0.0,0,111777.0
0,1,22,9,209,1158,0,0,1,0,0,0,0,12,0.0,0.04,0.0,0.0,1.0,0.0,0.21,34,255,1.0,0.0,0.03,0.04,0.0,0.0,0.0,0,38406.0
15248,2,41,9,146,105,0,0,0,0,0,0,0,1,0.0,0.0,0.0,0.0,1.0,0.0,0.0,255,1,0.0,0.68,0.98,0.0,0.0,0.0,0.0,0,67819.0
1,1,51,9,1111,371,0,0,1,0,0,0,0,1,0.0,0.0,0.0,0.0,1.0,0.0,0.0,14,170,1.0,0.0,0.07,0.01,0.0,0.0,0.0,0,111742.0
0,1,57,5,0,0,0,0,0,0,0,0,0,289,1.0,1.0,0.0,0.0,0.09,0.04,0.0,255,25,0.1,0.05,0.0,0.0,1.0,1.0,0.0,1,32842.0
2,1,51,9,1898,330,0,0,1,0,0,0,0,1,0.0,0.0,0.0,0.0,1.0,0.0,0.0,134,94,0.7,0.03,0.01,0.0,0.0,0.0,0.0,0,112728.0
0,1,4,1,0,0,0,0,0,0,0,0,0,240,0.0,0.0,1.0,1.0,0.01,0.08,0.0,255,3,0.01,0.08,0.0,0.0,0.0,0.0,1.0,1,105544.0
0,2,11,9,44,86,0,0,0,0,0,0,0,237,0.0,0.0,0.0,0.0,1.0,0.01,0.01,255,254,1.0,0.01,0.0,0.0,0.0,0.0,0.0,0,3838.0
0,1,27,5,0,0,0,0,0,0,0,0,0,7,1.0,1.0,0.0,0.0,1.0,0.0,0.0,255,7,0.03,0.07,0.0,0.0,1.0,1.0,0.0,1,39610.0
0,2,11,9,43,43,0,0,0,0,0,0,0,223,0.0,0.0,0.0,0.0,1.0,0.0,0.0,255,255,1.0,0.0,0.0,0.0,0.0,0.0,0.0,0,56011.0
3466,2,41,9,147,105,0,0,0,0,0,0,0,1,0.0,0.0,0.0,0.0,1.0,0.0,0.0,255,1,0.0,0.49,0.68,0.0,0.0,0.0,0.0,0,122575.0
0,1,46,5,0,0,0,0,0,0,0,0,0,220,1.0,1.0,0.0,0.0,0.03,0.08,0.0,255,6,0.02,0.08,0.0,0.0,1.0,1.0,0.0,1,110030.0
0,1,41,2,0,0,0,0,0,0,0,0,0,202,0.0,0.0,1.0,1.0,0.01,0.06,0.0,255,2,0.01,0.06,0.0,0.0,0.0,0.0,1.0,1,102217.0
0,1,46,5,0,0,0,0,0,0,0,0,0,84,1.0,1.0,0.0,0.0,0.15,0.06,0.0,255,2,0.01,0.08,0.0,0.0,1.0,1.0,0.0,1,101977.0
0,1,22,9,333,12085,0,0,1,0,0,0,0,3,0.33,0.33,0.0,0.0,1.0,0.0,0.0,3,255,1.0,0.0,0.33,0.02,0.33,0.01,0.03,0,5432.0
0,1,22,9,223,1033,0,0,1,0,0,0,0,3,0.0,0.0,0.0,0.0,1.0,0.0,0.0,3,255,1.0,0.0,0.33,0.02,0.0,0.0,0.0,0,123588.0
0,1,22,9,54540,8314,0,2,1,1,0,0,0,7,0.0,0.0,0.0,0.0,1.0,0.0,0.0,255,255,1.0,0.0,0.0,0.0,0.0,0.0,0.04,1,109241.0
0,1,56,1,0,0,0,0,0,0,0,0,0,235,0.0,0.0,1.0,1.0,0.03,0.07,0.0,255,6,0.02,0.07,0.0,0.0,0.0,0.0,1.0,1,81240.0
0,1,21,1,0,0,0,0,0,0,0,0,0,132,0.0,0.0,1.0,1.0,0.05,0.06,0.0,255,5,0.02,0.07,0.0,0.0,0.0,0.0,1.0,1,99196.0
0,1,3,5,0,0,0,0,0,0,0,0,0,275,1.0,1.0,0.0,0.0,0.03,0.07,0.0,255,9,0.04,0.07,0.0,0.0,1.0,1.0,0.0,1,58539.0
0,0,62,9,183,0,0,0,0,0,0,0,0,3,0.0,0.0,0.0,0.0,0.67,0.67,0.0,255,9,0.04,0.01,0.05,0.0,0.0,0.0,0.0,0,31681.0
1,1,51,9,2072,394,0,0,1,0,0,1,0,1,0.0,0.0,0.0,0.0,1.0,0.0,0.0,127,149,0.65,0.02,0.01,0.01,0.01,0.0,0.0,0,109225.0
0,2,11,9,43,128,0,0,0,0,0,0,0,78,0.0,0.0,0.0,0.0,0.99,0.03,0.01,255,216,0.85,0.02,0.0,0.0,0.0,0.0,0.0,0,51838.0
0,2,11,9,42,128,0,0,0,0,0,0,0,16,0.0,0.0,0.0,0.0,1.0,0.0,0.11,97,197,0.76,0.02,0.76,0.01,0.01,0.0,0.0,0,103483.0
0,1,22,9,234,1075,0,0,1,0,0,0,0,6,0.0,0.0,0.0,0.14,1.0,0.0,0.29,255,242,0.95,0.02,0.0,0.0,0.0,0.0,0.0,0,102594.0
0,1,22,9,155,2026,0,0,1,0,0,0,0,1,0.0,0.0,0.0,0.0,1.0,0.0,0.0,72,255,1.0,0.0,0.01,0.03,0.0,0.0,0.0,0,88529.0
0,1,22,1,0,0,0,0,0,0,0,0,0,1,0.0,0.0,1.0,1.0,1.0,0.0,0.0,48,255,1.0,0.0,0.02,0.12,0.0,0.0,0.96,0,34425.0
0,1,22,9,198,2537,0,0,1,0,0,0,0,13,0.0,0.0,0.0,0.0,1.0,0.0,0.14,255,255,1.0,0.0,0.0,0.0,0.0,0.0,0.0,0,26373.0
0,1,51,9,631,328,0,0,1,0,0,0,0,1,0.0,0.0,0.0,0.0,1.0,0.0,0.0,14,13,0.93,0.14,0.07,0.0,0.0,0.0,0.0,0,108724.0
1,1,51,9,2136,404,0,0,1,0,0,0,0,1,0.0,0.0,0.0,0.0,1.0,0.0,1.0,95,177,0.84,0.04,0.01,0.01,0.0,0.0,0.0,0,71169.0
0,1,46,5,0,0,0,0,0,0,0,0,0,115,1.0,1.0,0.0,0.0,0.22,0.05,0.0,255,25,0.1,0.05,0.0,0.0,1.0,1.0,0.0,1,111239.0
0,0,13,9,18,0,0,0,0,0,0,0,0,1,0.0,0.0,0.0,0.0,1.0,0.0,0.0,2,214,1.0,0.0,1.0,0.25,0.0,0.0,0.0,1,97549.0
7410,2,41,9,147,105,0,0,0,0,0,0,0,2,0.0,0.0,0.0,0.0,1.0,0.0,0.0,255,2,0.01,0.91,0.99,0.0,0.0,0.0,0.0,0,33172.0
0,1,55,5,0,0,0,0,0,0,0,0,0,220,1.0,1.0,0.0,0.0,0.02,0.07,0.0,255,5,0.02,0.09,0.0,0.0,1.0,1.0,0.0,1,52197.0
0,1,46,5,0,0,0,0,0,0,0,0,0,290,1.0,1.0,0.0,0.0,0.03,0.05,0.0,255,10,0.04,0.07,0.0,0.0,1.0,1.0,0.0,1,65832.0
0,1,22,9,223,1875,0,0,1,0,0,0,0,13,0.0,0.0,0.0,0.0,1.0,0.0,0.0,43,255,1.0,0.0,0.02,0.04,0.0,0.0,0.0,0,96091.0
33,1,18,9,1190,3380,0,24,1,0,0,0,0,1,0.0,0.0,0.0,0.0,1.0,0.0,0.0,80,25,0.31,0.05,0.01,0.0,0.0,0.0,0.0,0,95436.0
0,2,11,9,43,71,0,0,0,0,0,0,0,117,0.0,0.0,0.0,0.0,1.0,0.0,0.0,255,255,1.0,0.0,0.01,0.0,0.0,0.0,0.0,0,82981.0
0,1,22,9,292,8851,0,0,1,0,0,0,0,24,0.0,0.0,0.0,0.0,1.0,0.0,0.0,90,255,1.0,0.0,0.01,0.07,0.0,0.01,0.0,0,26415.0
0,1,46,1,0,0,0,0,0,0,0,0,0,300,0.0,0.0,1.0,1.0,0.06,0.05,0.0,255,18,0.07,0.07,0.0,0.0,0.0,0.0,1.0,1,61518.0
0,1,46,5,0,0,0,0,0,0,0,0,0,289,1.0,1.0,0.0,0.0,0.02,0.06,0.0,255,8,0.03,0.08,0.0,0.0,1.0,1.0,0.0,1,105325.0
0,1,17,9,8,138,0,0,0,0,0,0,0,1,0.0,0.0,0.0,0.0,1.0,0.0,0.0,182,15,0.08,0.03,0.01,0.0,0.0,0.0,0.0,0,119247.0
0,1,5,5,0,0,0,0,0,0,0,0,0,146,1.0,1.0,0.0,0.0,0.12,0.05,0.0,255,17,0.07,0.06,0.0,0.0,1.0,1.0,0.0,1,32110.0
0,1,22,9,292,930,0,0,1,0,0,0,0,3,0.0,0.0,0.0,0.0,1.0,0.0,0.25,255,255,1.0,0.0,0.0,0.0,0.0,0.0,0.0,0,62691.0
0,2,11,9,46,135,0,0,0,0,0,0,0,66,0.0,0.0,0.0,0.0,1.0,0.0,0.01,255,203,0.8,0.02,0.0,0.0,0.0,0.0,0.0,0,81324.0
0,1,57,2,126,179,0,1,0,0,0,0,0,1,0.0,0.0,1.0,1.0,1.0,0.0,0.0,46,46,1.0,0.0,0.02,0.0,0.04,0.04,0.96,0,59560.0
0,1,33,5,0,0,0,0,0,0,0,0,0,296,1.0,1.0,0.0,0.0,0.08,0.05,0.0,255,23,0.09,0.05,0.0,0.0,1.0,1.0,0.0,1,58812.0
0,2,11,9,46,137,0,0,0,0,0,0,0,91,0.0,0.0,0.0,0.0,1.0,0.0,0.01,255,253,0.99,0.01,0.0,0.0,0.0,0.0,0.0,0,52491.0
0,1,22,5,0,0,0,0,0,0,0,0,0,36,1.0,1.0,0.0,0.0,0.44,0.11,0.0,255,56,0.22,0.03,0.02,0.0,1.0,1.0,0.0,1,26540.0
0,1,22,9,220,1241,0,0,1,0,0,0,0,14,0.0,0.0,0.0,0.0,1.0,0.0,0.0,14,255,1.0,0.0,0.07,0.06,0.0,0.0,0.0,0,102310.0
21410,1,46,4,1,0,0,0,0,0,0,0,0,2,0.0,0.0,1.0,1.0,1.0,0.0,0.0,255,2,0.01,0.69,1.0,0.0,0.0,0.0,1.0,1,53461.0
0,0,62,9,182,0,0,0,0,0,0,0,0,5,0.0,0.0,0.0,0.0,1.0,0.0,0.0,255,17,0.07,0.01,0.08,0.0,0.0,0.0,0.0,0,109636.0
0,1,21,5,0,0,0,0,0,0,0,0,0,273,1.0,1.0,0.0,0.0,0.02,0.06,0.0,255,16,0.06,0.08,0.0,0.0,1.0,1.0,0.0,1,15955.0
0,2,46,9,105,146,0,0,0,0,0,0,0,7,0.0,0.0,0.0,0.0,0.14,0.29,0.0,255,228,0.89,0.01,0.0,0.0,0.0,0.0,0.0,0,52586.0
0,1,22,9,217,1239,0,0,1,0,0,0,0,14,0.0,0.0,0.0,0.0,1.0,0.0,0.0,14,255,1.0,0.0,0.07,0.04,0.0,0.0,0.0,0,45464.0
0,1,22,9,313,237,0,0,1,0,0,0,0,3,0.0,0.0,0.0,0.0,1.0,0.0,0.5,37,255,1.0,0.0,0.03,0.05,0.0,0.01,0.0,0,99269.0
0,1,22,9,212,313,0,0,1,0,0,0,0,9,0.0,0.0,0.0,0.0,1.0,0.0,0.0,255,255,1.0,0.0,0.0,0.0,0.0,0.0,0.0,0,11765.0
0,1,22,9,305,525,0,0,1,0,0,0,0,1,0.0,0.0,0.0,0.0,1.0,0.0,1.0,34,255,1.0,0.0,0.03,0.03,0.0,0.0,0.0,0,94329.0
0,1,19,9,0,5014,0,0,1,0,0,0,0,3,0.0,0.0,0.0,0.0,0.67,0.67,0.0,2,4,1.0,0.0,1.0,0.5,0.0,0.0,0.0,0,41716.0
0,1,22,9,300,885,0,0,1,0,0,0,0,8,0.0,0.0,0.0,0.0,1.0,0.0,0.0,255,255,1.0,0.0,0.0,0.0,0.0,0.0,0.0,0,60207.0
0,1,22,5,0,0,0,0,0,0,0,0,0,4,1.0,1.0,0.0,0.0,1.0,0.0,0.0,255,56,0.22,0.04,0.0,0.0,1.0,1.0,0.0,1,38099.0
0,1,26,5,0,0,0,0,0,0,0,0,0,235,1.0,1.0,0.0,0.0,0.05,0.07,0.0,255,11,0.04,0.07,0.0,0.0,1.0,1.0,0.0,1,32437.0
0,1,22,9,226,1270,0,0,1,0,0,0,0,8,0.0,0.0,0.0,0.0,1.0,0.0,0.2,255,255,1.0,0.0,0.0,0.0,0.0,0.0,0.0,0,18956.0
0,1,22,9,284,6015,0,0,1,0,0,0,0,2,0.5,0.5,0.0,0.0,1.0,0.0,0.0,7,255,1.0,0.0,0.14,0.04,0.14,0.0,0.0,0,122011.0
0,1,46,5,0,0,0,0,0,0,0,0,0,130,1.0,1.0,0.0,0.0,0.09,0.05,0.0,255,12,0.05,0.06,0.0,0.0,1.0,1.0,0.0,1,4922.0
0,1,51,9,705,333,0,0,1,0,0,0,0,1,0.0,0.0,0.0,0.0,1.0,0.0,0.0,129,84,0.65,0.02,0.01,0.0,0.0,0.0,0.0,0,37625.0
0,2,11,9,45,130,0,0,0,0,0,0,0,55,0.0,0.0,0.0,0.0,1.0,0.0,0.01,113,200,0.87,0.02,0.87,0.01,0.0,0.0,0.0,0,70848.0
0,2,11,9,46,75,0,0,0,0,0,0,0,228,0.0,0.0,0.0,0.0,1.0,0.01,0.0,255,254,1.0,0.01,0.01,0.0,0.0,0.0,0.0,0,30127.0
0,1,22,9,363,1596,0,0,1,0,0,0,0,4,0.0,0.0,0.0,0.0,1.0,0.0,0.0,89,255,1.0,0.0,0.01,0.05,0.0,0.0,0.0,0,24905.0
0,1,46,1,0,0,0,0,0,0,0,0,0,238,0.11,0.0,0.89,1.0,0.0,1.0,0.0,255,1,0.0,0.97,0.0,0.0,0.1,0.0,1.0,1,3469.0
0,1,46,5,0,0,0,0,0,0,0,0,0,116,1.0,1.0,0.0,0.0,0.09,0.06,0.0,255,14,0.05,0.07,0.0,0.0,1.0,1.0,0.0,1,107840.0
0,1,22,9,200,1299,0,0,1,0,0,0,0,12,0.0,0.0,0.0,0.0,1.0,0.0,0.0,12,255,1.0,0.0,0.08,0.03,0.0,0.0,0.0,0,107406.0
5,1,51,9,798,332,0,0,1,0,0,0,0,1,0.0,0.0,0.0,0.0,1.0,0.0,0.0,189,108,0.57,0.02,0.01,0.0,0.0,0.0,0.0,0,81881.0
0,1,22,9,244,1451,0,0,1,0,0,0,0,2,0.0,0.0,0.0,0.0,1.0,0.0,0.0,255,255,1.0,0.0,0.0,0.0,0.0,0.0,0.0,0,48682.0
0,1,22,9,211,2333,0,0,1,0,0,0,0,5,0.0,0.0,0.0,0.0,1.0,0.0,0.33,27,255,1.0,0.0,0.04,0.04,0.0,0.01,0.0,0,8101.0
0,1,22,5,0,0,0,0,0,0,0,0,0,131,1.0,1.0,0.0,0.0,0.02,0.06,0.0,255,2,0.01,0.07,0.0,0.0,1.0,1.0,0.0,1,10010.0
0,1,51,9,1202,373,0,0,1,0,0,0,0,1,0.0,0.0,0.0,0.0,1.0,0.0,1.0,71,97,0.62,0.04,0.01,0.02,0.0,0.0,0.0,0,38269.0
0,1,46,5,0,0,0,0,0,0,0,0,0,214,1.0,1.0,0.0,0.0,0.03,0.06,0.0,255,10,0.04,0.09,0.0,0.0,1.0,1.0,0.0,1,108302.0
0,1,22,9,313,27520,0,0,1,0,0,0,0,3,0.33,0.22,0.0,0.0,1.0,0.0,0.33,76,255,1.0,0.0,0.01,0.01,0.01,0.0,0.01,0,115732.0
0,1,22,1,0,0,0,0,0,0,0,0,0,1,0.0,0.0,1.0,1.0,1.0,0.0,1.0,33,255,1.0,0.0,0.03,0.06,0.0,0.0,1.0,0,59564.0
0,1,46,5,0,0,0,0,0,0,0,0,0,147,1.0,1.0,0.0,0.0,0.05,0.05,0.0,255,8,0.03,0.08,0.0,0.0,1.0,1.0,0.0,1,63187.0
6,1,57,9,121,913,0,0,1,0,0,0,0,1,0.0,0.0,0.0,0.0,1.0,0.0,0.0,169,12,0.07,0.02,0.01,0.0,0.0,0.0,0.0,0,103766.0
0,1,46,5,0,0,0,0,0,0,0,0,0,256,1.0,1.0,0.0,0.0,0.02,0.06,0.0,255,5,0.02,0.07,0.0,0.0,1.0,1.0,0.0,1,26138.0
0,1,56,5,0,0,0,0,0,0,0,0,0,251,1.0,1.0,0.0,0.0,0.08,0.06,0.0,255,20,0.08,0.07,0.0,0.0,1.0,1.0,0.0,1,23266.0
0,1,22,9,290,3084,0,0,1,0,0,0,0,2,0.0,0.0,0.0,0.0,1.0,0.0,0.0,111,255,1.0,0.0,0.01,0.02,0.0,0.0,0.0,0,51847.0
0,1,22,9,236,819,0,0,1,0,0,0,0,1,0.0,0.0,0.0,0.0,1.0,0.0,0.0,34,255,1.0,0.0,0.03,0.05,0.0,0.0,0.0,0,19047.0
0,1,19,9,7280,0,0,0,1,0,0,0,0,12,0.0,0.0,0.0,0.0,1.0,0.0,0.0,60,53,0.45,0.05,0.45,0.06,0.0,0.0,0.0,0,73274.0
0,1,22,9,236,398,0,0,1,0,0,0,0,2,0.5,0.5,0.0,0.0,1.0,0.0,0.0,1,255,1.0,0.0,1.0,0.04,0.0,0.0,0.0,0,118479.0
0,1,22,9,197,308,0,0,1,0,0,0,0,6,0.0,0.0,0.0,0.0,1.0,0.0,0.29,255,255,1.0,0.0,0.0,0.0,0.0,0.0,0.0,0,60375.0
0,1,22,9,54540,8314,0,2,1,1,0,0,0,3,0.0,0.0,0.0,0.0,1.0,0.0,0.0,11,11,1.0,0.0,0.09,0.0,0.0,0.0,0.0,1,17718.0
0,1,19,9,383,0,0,0,1,0,0,0,0,1,0.0,0.0,0.0,0.0,1.0,0.0,0.0,34,51,0.21,0.15,0.21,0.04,0.0,0.0,0.0,0,110829.0
0,0,13,9,8,0,0,0,0,0,0,0,0,1,0.0,0.0,0.0,0.0,1.0,0.0,1.0,2,146,1.0,0.0,1.0,0.25,0.0,0.0,0.0,1,122050.0
0,1,7,5,0,0,0,0,0,0,0,0,0,238,1.0,1.0,0.0,0.0,0.08,0.07,0.0,255,20,0.08,0.08,0.0,0.0,1.0,1.0,0.0,1,83738.0
0,0,62,9,78,0,0,0,0,0,0,0,0,28,0.0,0.0,0.0,0.0,0.21,0.07,0.0,255,13,0.05,0.01,0.05,0.0,0.0,0.0,0.0,0,48051.0
0,1,46,5,0,0,0,0,0,0,0,0,0,33,1.0,1.0,0.0,0.0,0.3,0.15,0.0,255,10,0.04,0.08,0.0,0.0,1.0,1.0,0.0,1,123812.0
0,1,22,9,231,1133,0,0,1,0,0,0,0,13,0.0,0.0,0.0,0.0,1.0,0.0,0.0,49,255,1.0,0.0,0.02,0.05,0.0,0.0,0.0,0,115382.0
0,0,14,9,1032,0,0,0,0,0,0,0,0,132,0.0,0.0,0.0,0.0,1.0,0.0,0.0,137,43,0.31,0.05,0.31,0.0,0.01,0.0,0.0,1,101024.0
0,1,33,1,0,0,0,0,0,0,0,0,0,270,0.0,0.0,1.0,1.0,0.07,0.06,0.0,255,19,0.07,0.07,0.0,0.0,0.0,0.0,1.0,1,88704.0
1,1,51,9,952,330,0,0,1,0,0,0,1,1,0.0,0.0,0.0,0.0,1.0,0.0,1.0,11,151,0.91,0.18,0.09,0.01,0.0,0.0,0.0,0,53248.0
0,1,37,5,0,0,0,0,0,0,0,0,0,276,1.0,1.0,0.0,0.0,0.01,0.06,0.0,255,3,0.01,0.07,0.0,0.0,1.0,1.0,0.0,1,17722.0
0,1,6,5,0,0,0,0,0,0,0,0,0,257,1.0,1.0,0.0,0.0,0.03,0.07,0.0,255,7,0.03,0.08,0.0,0.0,1.0,1.0,0.0,1,2398.0
0,1,52,1,0,0,0,0,0,0,0,0,0,102,0.0,0.0,1.0,1.0,0.02,0.07,0.0,255,2,0.01,0.07,0.0,0.0,0.0,0.0,1.0,1,49901.0
0,1,28,5,0,0,0,0,0,0,0,0,0,110,1.0,1.0,0.0,0.0,0.06,0.06,0.0,255,17,0.07,0.05,0.0,0.0,1.0,1.0,0.0,1,35167.0
0,1,22,9,314,1108,0,0,1,0,0,0,0,4,0.0,0.0,0.0,0.0,1.0,0.0,0.0,147,255,1.0,0.0,0.01,0.02,0.0,0.0,0.0,0,34325.0
0,1,22,9,229,2698,0,0,1,0,0,0,1,2,0.0,0.0,0.0,0.0,1.0,0.0,0.0,255,251,0.98,0.01,0.0,0.0,0.0,0.0,0.0,0,51690.0
0,1,22,9,194,3751,0,0,1,0,0,0,0,8,0.0,0.0,0.0,0.0,1.0,0.0,0.0,8,255,1.0,0.0,0.12,0.03,0.0,0.0,0.0,0,72885.0
0,2,11,9,44,134,0,0,0,0,0,0,0,71,0.0,0.0,0.0,0.0,1.0,0.0,0.01,255,195,0.76,0.02,0.0,0.0,0.0,0.0,0.0,0,102889.0
0,1,22,9,244,302,0,0,1,0,0,0,0,6,0.0,0.0,0.0,0.0,1.0,0.0,0.0,30,255,1.0,0.0,0.03,0.1,0.0,0.0,0.0,0,118418.0
0,1,41,1,0,0,0,0,0,0,0,0,0,337,0.09,0.0,0.9,1.0,0.0,1.0,0.0,255,1,0.0,1.0,0.0,0.0,0.09,0.0,1.0,1,72351.0
0,1,6,5,0,0,0,0,0,0,0,0,0,270,1.0,1.0,0.0,0.0,0.04,0.06,0.0,255,9,0.04,0.08,0.0,0.0,1.0,1.0,0.0,1,30246.0
0,1,46,5,0,0,0,0,0,0,0,0,0,44,1.0,1.0,0.0,0.0,0.09,0.11,0.0,255,18,0.07,0.08,0.0,0.0,1.0,1.0,0.0,1,121980.0
0,0,13,9,8,0,0,0,0,0,0,0,0,1,0.0,0.0,0.0,0.0,1.0,0.0,1.0,2,70,1.0,0.0,1.0,0.26,0.0,0.0,0.0,1,23627.0
0,0,13,9,8,0,0,0,0,0,0,0,0,1,0.0,0.0,0.0,0.0,1.0,0.0,1.0,2,20,1.0,0.0,1.0,0.55,0.0,0.0,0.0,1,14282.0
0,1,19,5,0,0,0,0,0,0,0,0,0,78,1.0,1.0,0.0,0.0,0.26,0.05,0.0,255,71,0.28,0.02,0.0,0.0,1.0,1.0,0.0,1,111547.0
0,1,22,9,219,460,0,0,1,0,0,0,0,4,0.0,0.0,0.0,0.0,1.0,0.0,0.06,4,255,1.0,0.0,0.25,0.05,0.0,0.01,0.0,0,46059.0
0,1,46,1,0,0,0,0,0,0,0,0,0,208,0.0,0.0,1.0,1.0,0.01,0.08,0.0,255,3,0.01,0.09,0.0,0.0,0.0,0.0,1.0,1,63159.0
0,1,57,5,0,0,0,0,0,0,0,0,0,247,1.0,1.0,0.0,0.0,0.04,0.07,0.0,255,10,0.04,0.07,0.0,0.0,1.0,1.0,0.0,1,16065.0
1,1,17,9,9,0,0,0,0,0,0,0,0,3,0.0,0.0,0.0,0.0,1.0,0.0,0.0,106,9,0.05,0.06,0.01,0.22,0.0,0.0,0.0,1,77677.0
0,1,31,5,0,0,0,0,0,0,0,0,0,129,1.0,1.0,0.0,0.0,0.14,0.06,0.0,255,9,0.04,0.09,0.0,0.0,1.0,1.0,0.0,1,97029.0
0,1,22,9,308,351,0,0,1,0,0,0,0,2,0.0,0.0,0.0,0.0,1.0,0.0,0.0,255,255,1.0,0.0,0.0,0.0,0.0,0.0,0.0,0,92449.0
0,1,19,5,0,0,0,0,0,0,0,0,0,41,1.0,1.0,0.0,0.0,0.27,0.1,0.0,255,28,0.11,0.05,0.01,0.0,1.0,1.0,0.0,1,37402.0
0,0,14,9,520,0,0,0,0,0,0,0,0,128,0.0,0.0,0.0,0.0,1.0,0.0,0.0,255,255,1.0,0.0,1.0,0.0,0.0,0.0,0.0,1,105064.0
0,1,19,9,852,0,0,0,1,0,0,0,0,1,0.0,0.0,0.0,0.0,1.0,0.0,1.0,9,11,0.78,0.22,0.78,0.18,0.0,0.0,0.0,0,62838.0
0,1,53,1,0,0,0,0,0,0,0,0,0,125,0.0,0.0,1.0,1.0,0.12,0.07,0.0,255,15,0.06,0.07,0.0,0.0,0.0,0.0,1.0,1,69730.0
0,2,11,9,45,130,0,0,0,0,0,0,0,68,0.0,0.0,0.0,0.0,1.0,0.0,0.01,255,189,0.74,0.02,0.01,0.0,0.0,0.0,0.0,0,19755.0
0,1,22,9,357,4084,0,0,1,0,0,0,0,10,0.0,0.0,0.0,0.0,1.0,0.0,0.0,255,255,1.0,0.0,0.0,0.0,0.0,0.0,0.0,0,32794.0
0,0,13,9,8,0,0,0,0,0,0,0,0,1,0.0,0.0,0.0,0.0,1.0,0.0,1.0,1,77,1.0,0.0,1.0,0.51,0.0,0.0,0.0,1,64747.0
0,1,22,9,197,1448,0,0,1,0,0,0,0,19,0.0,0.0,0.0,0.0,1.0,0.0,0.0,19,255,1.0,0.0,0.05,0.03,0.0,0.0,0.0,0,47229.0
0,1,22,9,269,9317,0,0,1,0,0,0,0,6,0.0,0.0,0.0,0.0,1.0,0.0,0.0,25,255,1.0,0.0,0.04,0.05,0.0,0.0,0.0,0,23585.0
0,0,14,9,1032,0,0,0,0,0,0,0,0,94,0.0,0.0,0.0,0.0,1.0,0.0,0.0,255,94,0.37,0.02,0.37,0.0,0.0,0.0,0.0,1,19797.0
0,1,19,9,1470,0,0,0,1,0,0,0,0,1,0.0,0.0,0.0,0.0,1.0,0.0,0.0,255,65,0.25,0.02,0.06,0.0,0.71,0.75,0.0,0,114473.0
0,1,22,9,243,387,0,0,1,0,0,0,0,31,0.0,0.0,0.0,0.0,1.0,0.0,0.0,118,255,1.0,0.0,0.01,0.04,0.0,0.0,0.0,0,64431.0
0,1,41,5,0,0,0,0,0,0,0,0,0,147,1.0,1.0,0.0,0.0,0.1,0.05,0.0,255,3,0.01,0.07,0.0,0.0,1.0,1.0,0.0,1,31399.0
3,1,51,9,915,325,0,0,1,0,0,0,0,1,0.0,0.0,0.0,0.0,1.0,0.0,0.0,71,187,0.76,0.04,0.01,0.01,0.0,0.0,0.0,0,93320.0
0,1,46,5,0,0,0,0,0,0,0,0,0,115,1.0,1.0,0.0,0.0,0.01,0.06,0.0,255,16,0.06,0.07,0.0,0.0,1.0,1.0,0.0,1,60127.0
0,1,46,5,0,0,0,0,0,0,0,0,0,147,1.0,1.0,0.0,0.0,0.06,0.05,0.0,255,12,0.05,0.06,0.0,0.0,1.0,1.0,0.0,1,69721.0
0,1,19,9,334,0,0,0,1,0,0,0,0,1,0.0,0.0,0.0,0.0,1.0,0.0,0.0,8,63,0.88,0.25,1.0,0.11,0.25,0.02,0.0,1,122747.0
0,1,38,5,0,0,0,0,0,0,0,0,0,121,1.0,1.0,0.0,0.0,0.11,0.06,0.0,255,13,0.05,0.07,0.0,0.0,1.0,1.0,0.0,1,101770.0
0,1,8,2,0,0,0,0,0,0,0,0,0,149,0.0,0.0,1.0,1.0,0.13,0.05,0.0,255,14,0.05,0.06,0.0,0.0,0.0,0.0,1.0,1,120661.0
0,1,46,1,0,0,0,0,0,0,0,0,0,156,0.01,0.0,0.96,1.0,0.01,1.0,0.0,255,1,0.0,0.64,0.0,0.0,0.0,0.0,1.0,1,108676.0
0,1,46,5,0,0,0,0,0,0,0,0,0,191,1.0,1.0,0.0,0.0,0.01,0.06,0.0,255,6,0.02,0.09,0.0,0.0,1.0,1.0,0.0,1,38087.0
0,1,22,5,0,0,0,0,0,0,0,0,0,57,1.0,1.0,0.0,0.0,0.35,0.07,0.0,255,40,0.16,0.06,0.0,0.0,1.0,1.0,0.0,1,119225.0
0,1,60,5,0,0,0,0,0,0,0,0,0,214,1.0,1.0,0.0,0.0,0.0,0.07,0.0,255,20,0.08,0.06,0.0,0.0,1.0,1.0,0.0,1,89085.0
0,2,11,9,42,42,0,0,0,0,0,0,0,271,0.0,0.0,0.0,0.0,1.0,0.0,0.0,255,205,0.8,0.01,0.0,0.0,0.0,0.0,0.0,0,116943.0
0,1,46,5,0,0,0,0,0,0,0,0,0,180,1.0,1.0,0.0,0.0,0.1,0.06,0.0,255,6,0.02,0.08,0.0,0.0,1.0,1.0,0.0,1,118377.0
0,1,46,1,0,0,0,0,0,0,0,0,0,233,0.0,0.0,1.0,1.0,0.07,0.06,0.0,255,16,0.06,0.08,0.0,0.0,0.0,0.0,1.0,1,66901.0
0,1,22,9,225,12884,0,0,1,0,0,0,0,7,0.0,0.0,0.0,0.0,1.0,0.0,0.0,21,21,1.0,0.0,0.05,0.0,0.0,0.0,0.0,0,38223.0
0,1,22,9,241,8108,0,0,1,0,0,0,0,4,0.0,0.0,0.0,0.0,1.0,0.0,0.0,255,255,1.0,0.0,0.0,0.0,0.0,0.0,0.0,0,48793.0
0,1,7,1,0,0,0,0,0,0,0,0,0,1,0.0,0.0,1.0,1.0,1.0,0.0,0.0,65,2,0.02,1.0,0.02,1.0,0.0,0.0,1.0,1,22604.0
0,1,46,5,0,0,0,0,0,0,0,0,0,104,1.0,1.0,0.0,0.0,0.18,0.06,0.0,255,19,0.07,0.08,0.0,0.0,1.0,1.0,0.0,1,56066.0
0,1,22,9,326,284,0,0,1,0,0,0,0,5,0.0,0.0,0.0,0.0,1.0,0.0,0.0,255,255,1.0,0.0,0.0,0.0,0.0,0.0,0.0,0,46154.0
0,1,22,9,260,389,0,0,1,0,0,0,0,1,0.0,0.0,0.0,0.0,1.0,0.0,1.0,1,255,1.0,0.0,1.0,0.02,0.0,0.0,0.0,0,105266.0
0,0,13,9,8,0,0,0,0,0,0,0,0,1,0.0,0.0,0.0,0.0,1.0,0.0,1.0,1,17,1.0,0.0,1.0,0.53,0.0,0.0,0.0,1,121285.0
0,2,11,9,45,82,0,0,0,0,0,0,0,289,0.0,0.0,0.0,0.0,1.0,0.01,0.0,255,254,1.0,0.01,0.0,0.0,0.0,0.0,0.0,0,30524.0
0,1,46,5,0,0,0,0,0,0,0,0,0,298,1.0,1.0,0.0,0.0,0.05,0.06,0.0,255,33,0.13,0.07,0.0,0.0,1.0,1.0,0.0,1,81131.0
0,1,22,9,219,1608,0,0,1,0,0,0,0,19,0.0,0.0,0.0,0.0,1.0,0.0,0.14,50,255,1.0,0.0,0.02,0.05,0.0,0.0,0.0,0,118079.0
0,1,7,5,0,0,0,0,0,0,0,0,0,46,1.0,1.0,0.0,0.0,0.24,0.11,0.0,255,11,0.04,0.08,0.0,0.0,1.0,1.0,0.0,1,32637.0
0,2,46,9,1,0,0,0,0,0,0,0,0,68,0.0,0.0,0.0,0.0,0.32,0.07,0.0,255,45,0.18,0.22,1.0,0.0,0.0,0.0,0.0,1,81028.0
0,1,17,9,9,593,0,0,0,0,0,0,0,1,0.0,0.0,0.0,0.0,1.0,0.0,0.0,178,6,0.02,0.02,0.01,0.33,0.0,0.0,0.0,0,8680.0
0,1,19,9,740,0,0,0,1,0,0,9,0,2,0.0,0.0,0.0,0.0,1.0,0.0,0.0,80,43,0.08,0.04,0.08,0.05,0.0,0.0,0.0,0,80156.0
0,1,51,9,1898,333,0,0,1,0,0,0,0,1,0.0,0.0,0.0,0.0,1.0,0.0,0.0,53,192,0.87,0.06,0.02,0.01,0.0,0.0,0.0,0,54981.0
0,0,13,9,8,0,0,0,0,0,0,0,0,1,0.0,0.0,0.0,0.0,1.0,0.0,1.0,1,77,1.0,0.0,1.0,0.51,0.0,0.0,0.0,1,7577.0
1,1,51,9,892,326,0,0,1,0,0,0,0,7,0.0,0.0,0.0,0.0,0.14,0.57,0.0,255,20,0.08,0.63,0.0,0.0,0.0,0.0,0.0,0,102778.0
0,1,53,1,0,0,0,0,0,0,0,0,0,123,0.0,0.0,1.0,1.0,0.11,0.07,0.0,255,13,0.05,0.07,0.0,0.0,0.0,0.0,1.0,1,103857.0
0,1,22,9,330,1024,0,0,1,0,0,0,0,17,0.0,0.0,0.0,0.0,1.0,0.0,0.0,255,255,1.0,0.0,0.0,0.0,0.0,0.0,0.0,0,12654.0
0,1,5,1,0,0,0,0,0,0,0,0,0,109,0.0,0.0,1.0,1.0,0.08,0.06,0.0,255,9,0.04,0.05,0.0,0.0,0.0,0.0,1.0,1,120059.0
0,1,17,5,0,0,0,0,0,0,0,0,0,52,1.0,1.0,0.0,0.0,0.25,0.08,0.0,255,56,0.22,0.02,0.01,0.0,1.0,1.0,0.0,1,93684.0
17277,1,41,4,1,0,0,0,0,0,0,0,0,2,0.0,0.0,1.0,1.0,1.0,0.0,0.0,255,2,0.01,0.73,1.0,0.0,0.0,0.0,1.0,1,107581.0
0,1,46,5,0,0,0,0,0,0,0,0,0,284,1.0,1.0,0.0,0.0,0.07,0.05,0.0,242,19,0.08,0.06,0.0,0.0,0.99,1.0,0.0,1,50365.0
0,1,46,5,0,0,0,0,0,0,0,0,0,41,1.0,1.0,0.0,0.0,0.39,0.12,0.0,255,16,0.06,0.08,0.0,0.0,1.0,1.0,0.0,1,110053.0
0,1,22,9,170,4198,0,0,1,0,0,0,0,1,0.0,0.0,0.0,0.0,1.0,0.0,0.6,7,255,1.0,0.0,0.14,0.03,0.0,0.0,0.0,0,112576.0
0,1,46,1,0,0,0,0,0,0,0,0,0,84,0.0,0.0,1.0,1.0,0.11,0.07,0.0,255,9,0.04,0.07,0.0,0.0,0.0,0.0,1.0,1,28468.0
0,1,22,5,0,0,0,0,0,0,0,0,0,59,1.0,1.0,0.0,0.0,0.31,0.07,0.0,255,62,0.24,0.02,0.01,0.0,1.0,1.0,0.0,1,57607.0
0,1,57,2,0,0,0,0,0,0,0,0,0,137,0.0,0.0,1.0,1.0,0.07,0.06,0.0,255,3,0.01,0.07,0.0,0.0,0.0,0.0,1.0,1,46763.0
0,1,22,9,310,868,0,0,1,0,0,0,0,7,0.0,0.0,0.0,0.0,1.0,0.0,0.0,27,255,1.0,0.0,0.04,0.03,0.0,0.0,0.0,0,87389.0
0,1,22,9,234,1904,0,0,1,0,0,0,0,5,0.0,0.0,0.0,0.0,1.0,0.0,0.08,12,255,1.0,0.0,0.08,0.01,0.0,0.0,0.0,0,28023.0
0,1,22,5,0,0,0,0,0,0,0,0,0,22,1.0,1.0,0.0,0.0,0.41,0.18,0.0,255,66,0.26,0.02,0.01,0.0,1.0,1.0,0.0,1,92635.0
0,1,22,9,305,308,0,0,1,0,0,0,0,10,0.0,0.0,0.0,0.0,1.0,0.0,0.18,148,255,1.0,0.0,0.01,0.02,0.01,0.0,0.0,0,98530.0
0,1,22,9,210,1801,0,0,1,0,0,0,0,10,0.0,0.0,0.0,0.0,1.0,0.0,0.0,71,255,1.0,0.0,0.01,0.02,0.0,0.0,0.0,0,1526.0
0,2,11,9,43,43,0,0,0,0,0,0,0,126,0.0,0.0,0.0,0.0,1.0,0.0,0.02,255,255,1.0,0.0,0.01,0.0,0.0,0.0,0.0,0,27398.0
0,0,13,9,8,0,0,0,0,0,0,0,0,1,0.0,0.0,0.0,0.0,1.0,0.0,1.0,2,14,1.0,0.0,1.0,0.5,0.0,0.0,0.0,1,115301.0
0,1,46,5,0,0,0,0,0,0,0,0,0,121,1.0,1.0,0.0,0.0,0.09,0.07,0.0,175,11,0.06,0.07,0.01,0.0,1.0,1.0,0.0,1,52847.0
0,0,14,9,1480,0,1,0,0,0,0,0,0,2,0.0,0.0,0.0,0.0,1.0,0.0,0.5,4,151,1.0,0.0,1.0,0.08,0.0,0.0,0.0,1,105677.0
0,1,60,5,0,0,0,0,0,0,0,0,0,289,1.0,1.0,0.0,0.0,0.02,0.06,0.0,255,5,0.02,0.06,0.0,0.0,1.0,1.0,0.0,1,98711.0
0,0,13,9,8,0,0,0,0,0,0,0,0,1,0.0,0.0,0.0,0.0,1.0,0.0,1.0,1,129,1.0,0.0,1.0,0.51,0.0,0.0,0.0,1,40196.0
0,1,10,5,0,0,0,0,0,0,0,0,0,231,1.0,1.0,0.0,0.0,0.07,0.07,0.0,255,18,0.07,0.08,0.0,0.0,1.0,1.0,0.0,1,65702.0
0,1,22,9,328,2595,0,0,1,0,0,0,0,6,0.0,0.0,0.0,0.0,1.0,0.0,0.0,44,242,1.0,0.0,0.02,0.02,0.0,0.0,0.0,0,112048.0
0,1,46,1,0,0,0,0,0,0,0,0,0,332,0.03,0.0,0.95,1.0,0.0,1.0,0.0,255,1,0.0,1.0,0.0,0.0,0.04,0.0,1.0,1,47076.0
0,1,46,5,0,0,0,0,0,0,0,0,0,115,1.0,1.0,0.0,0.0,0.09,0.07,0.0,255,4,0.02,0.07,0.0,0.0,1.0,1.0,0.0,1,7055.0
0,1,22,9,296,3007,0,0,1,0,0,0,0,5,0.0,0.0,0.0,0.0,1.0,0.0,0.0,62,255,1.0,0.0,0.02,0.03,0.0,0.0,0.01,0,33417.0
3,1,51,9,1996,329,0,0,1,0,0,0,0,1,0.0,0.0,0.0,0.0,1.0,0.0,1.0,3,3,1.0,0.0,0.33,0.0,0.0,0.0,0.0,0,6435.0
0,1,36,5,0,0,0,0,0,0,0,0,0,115,1.0,1.0,0.0,0.0,0.02,0.05,0.0,255,2,0.01,0.05,0.0,0.0,1.0,1.0,0.0,1,51400.0
0,1,46,5,0,0,0,0,0,0,0,0,0,16,1.0,1.0,0.0,0.0,0.5,0.25,0.0,255,8,0.03,0.09,0.0,0.0,1.0,1.0,0.0,1,85052.0
0,2,46,9,105,146,0,0,0,0,0,0,0,1,0.0,0.0,0.0,0.0,1.0,0.0,0.0,6,5,0.83,0.33,0.17,0.0,0.0,0.0,0.0,0,71552.0
0,1,19,9,1556,0,0,0,0,0,0,0,0,24,0.0,0.0,0.0,0.0,1.0,0.0,0.0,103,111,0.43,0.03,0.43,0.02,0.0,0.0,0.0,0,124283.0
0,1,22,9,193,296,0,0,1,0,0,0,0,4,0.0,0.0,0.0,0.0,1.0,0.0,0.12,164,255,1.0,0.0,0.01,0.02,0.01,0.01,0.0,0,69106.0
0,2,11,9,46,80,0,0,0,0,0,0,0,170,0.0,0.0,0.0,0.0,1.0,0.0,0.0,255,194,0.76,0.01,0.0,0.0,0.0,0.0,0.0,0,111998.0
0,1,38,5,0,0,0,0,0,0,0,0,0,125,1.0,1.0,0.0,0.0,0.06,0.06,0.0,255,7,0.03,0.07,0.0,0.0,1.0,1.0,0.0,1,100015.0
0,1,19,9,14052,0,0,0,1,0,0,0,0,2,0.0,0.0,0.0,0.0,1.0,0.0,0.0,255,38,0.15,0.02,0.15,0.0,0.0,0.0,0.0,0,61193.0
0,1,7,5,0,0,0,0,0,0,0,0,0,184,1.0,1.0,0.0,0.0,0.06,0.06,0.0,255,11,0.04,0.05,0.0,0.0,1.0,1.0,0.0,1,117565.0
0,1,22,9,293,659,0,0,1,0,0,0,0,18,0.0,0.0,0.0,0.0,1.0,0.0,0.0,255,255,1.0,0.0,0.0,0.0,0.0,0.0,0.0,0,45349.0
0,1,22,9,298,356,0,0,1,0,0,0,0,11,0.0,0.0,0.0,0.0,1.0,0.0,0.0,255,255,1.0,0.0,0.0,0.0,0.0,0.0,0.0,0,52427.0
0,1,25,1,0,0,0,0,0,0,0,0,0,133,0.0,0.0,1.0,1.0,0.11,0.06,0.0,255,14,0.05,0.07,0.0,0.0,0.0,0.0,1.0,1,1313.0
0,2,11,9,46,75,0,0,0,0,0,0,0,251,0.0,0.0,0.0,0.0,1.0,0.01,0.0,255,254,1.0,0.01,0.0,0.0,0.0,0.0,0.0,0,102922.0
0,2,11,9,43,155,0,0,0,0,0,0,0,78,0.0,0.0,0.0,0.0,1.0,0.0,0.01,255,254,1.0,0.01,0.0,0.0,0.0,0.0,0.0,0,107076.0
0,1,22,9,241,396,0,0,1,0,0,0,0,6,0.0,0.0,0.0,0.0,1.0,0.0,0.0,255,255,1.0,0.0,0.0,0.0,0.0,0.0,0.0,0,4720.0
0,1,51,9,863,283,0,0,1,0,0,0,0,1,0.0,0.0,0.0,0.0,1.0,0.0,0.0,119,169,0.8,0.04,0.01,0.01,0.0,0.0,0.0,0,86801.0
0,1,46,5,0,0,0,0,0,0,0,0,0,267,1.0,1.0,0.0,0.0,0.05,0.06,0.0,255,12,0.05,0.05,0.0,0.0,1.0,1.0,0.0,1,93309.0
0,1,22,9,241,7596,0,0,1,0,0,0,0,17,0.0,0.0,0.0,0.0,1.0,0.0,0.0,17,255,1.0,0.0,0.06,0.04,0.0,0.0,0.0,0,23541.0
0,1,18,2,0,0,0,0,0,0,0,0,0,1,0.0,0.0,1.0,1.0,1.0,0.0,0.0,212,43,0.2,0.02,0.0,0.0,0.0,0.0,0.12,1,290.0
0,2,41,9,516,4,0,0,0,0,0,0,0,388,0.0,0.0,0.0,0.0,1.0,0.0,0.0,255,255,1.0,0.0,1.0,0.0,0.0,0.0,0.0,0,27000.0
0,1,22,9,191,1938,0,0,1,0,0,0,0,2,0.0,0.0,0.0,0.0,1.0,0.0,0.38,8,255,1.0,0.0,0.12,0.05,0.0,0.0,0.0,0,107794.0
0,1,46,5,0,0,0,0,0,0,0,0,0,205,1.0,1.0,0.0,0.0,0.06,0.07,0.0,255,13,0.05,0.08,0.0,0.0,1.0,1.0,0.0,1,65207.0
0,1,19,5,0,0,0,0,0,0,0,0,0,64,1.0,1.0,0.0,0.0,0.25,0.06,0.0,255,30,0.12,0.05,0.01,0.0,1.0,1.0,0.0,1,99678.0
0,1,32,1,0,0,0,0,0,0,0,0,0,263,0.0,0.0,1.0,1.0,0.02,0.06,0.0,255,4,0.02,0.08,0.0,0.0,0.0,0.0,1.0,1,93958.0
0,1,15,5,0,0,0,0,0,0,0,0,0,141,1.0,1.0,0.0,0.0,0.06,0.06,0.0,255,8,0.03,0.06,0.0,0.0,1.0,1.0,0.0,1,45529.0
0,1,36,5,0,0,0,0,0,0,0,0,0,272,1.0,1.0,0.0,0.0,0.09,0.05,0.0,255,24,0.09,0.05,0.0,0.0,1.0,1.0,0.0,1,104933.0
0,1,3,5,0,0,0,0,0,0,0,0,0,189,1.0,1.0,0.0,0.0,0.01,0.06,0.0,255,1,0.0,0.07,0.0,0.0,1.0,1.0,0.0,1,6803.0
0,1,22,9,328,2109,0,0,1,0,0,0,0,4,0.0,0.0,0.0,0.0,1.0,0.0,0.25,144,255,1.0,0.0,0.01,0.02,0.0,0.0,0.0,0,122137.0
0,1,22,9,219,1492,0,0,1,0,0,0,0,8,0.0,0.0,0.0,0.0,1.0,0.0,0.17,133,255,1.0,0.0,0.01,0.01,0.0,0.0,0.0,0,119382.0
0,1,46,5,0,0,0,0,0,0,0,0,0,100,1.0,1.0,0.0,0.0,0.01,0.06,0.0,21,6,0.29,0.24,0.05,0.0,1.0,1.0,0.0,1,84149.0
32,1,18,9,1469,4152,0,30,1,0,0,0,0,1,0.0,0.0,0.0,0.0,1.0,0.0,0.0,21,8,0.38,0.24,0.05,0.0,0.0,0.0,0.0,0,111737.0
0,1,22,9,248,729,0,0,1,0,0,0,0,2,0.0,0.0,0.0,0.0,1.0,0.0,0.0,33,217,1.0,0.0,0.03,0.18,0.0,0.0,0.96,0,30749.0
0,1,22,9,347,623,0,0,1,0,0,0,0,9,0.0,0.0,0.0,0.0,1.0,0.0,0.0,43,255,1.0,0.0,0.02,0.05,0.0,0.0,0.0,0,55497.0
0,0,13,9,8,0,0,0,0,0,0,0,0,1,0.0,0.0,0.0,0.0,1.0,0.0,1.0,2,24,1.0,0.0,1.0,0.5,0.0,0.0,0.0,1,90950.0
0,1,46,5,0,0,0,0,0,0,0,0,0,224,1.0,1.0,0.0,0.0,0.04,0.05,0.0,255,10,0.04,0.05,0.0,0.0,1.0,1.0,0.0,1,79634.0
0,1,2,5,0,0,0,0,0,0,0,0,0,299,1.0,1.0,0.0,0.0,0.08,0.05,0.0,255,24,0.09,0.05,0.0,0.0,1.0,1.0,0.0,1,118863.0
0,1,2,5,0,0,0,0,0,0,0,0,0,240,1.0,1.0,0.0,0.0,0.08,0.06,0.0,255,2,0.01,0.09,0.0,0.0,1.0,1.0,0.0,1,109426.0
0,1,22,9,160,497,0,0,1,0,0,0,0,2,0.0,0.0,0.0,0.0,1.0,0.0,0.21,52,255,1.0,0.0,0.02,0.02,0.02,0.0,0.0,0,88798.0
0,1,22,9,195,2361,0,0,1,0,0,0,0,4,0.0,0.0,0.0,0.0,1.0,0.0,0.43,4,255,1.0,0.0,0.25,0.03,0.0,0.0,0.0,0,75966.0
0,1,63,2,0,0,0,0,0,0,0,0,0,2,0.0,0.0,1.0,1.0,0.5,1.0,0.0,255,1,0.0,1.0,1.0,0.0,0.0,0.0,1.0,1,32715.0
0,1,46,5,0,0,0,0,0,0,0,0,0,111,1.0,1.0,0.0,0.0,0.1,0.06,0.0,255,4,0.02,0.08,0.0,0.0,1.0,1.0,0.0,1,91196.0
0,1,46,5,0,0,0,0,0,0,0,0,0,247,1.0,1.0,0.0,0.0,0.02,0.06,0.0,255,4,0.02,0.07,0.0,0.0,1.0,1.0,0.0,1,81451.0
0,2,11,9,46,129,0,0,0,0,0,0,0,87,0.0,0.0,0.0,0.0,1.0,0.0,0.01,255,254,1.0,0.01,0.0,0.0,0.0,0.0,0.0,0,73463.0
0,1,51,5,0,0,0,0,0,0,0,0,0,2,1.0,0.5,0.0,0.0,1.0,0.0,0.75,24,136,0.08,0.08,0.04,0.01,0.92,0.01,0.0,1,59246.0
0,0,14,9,1032,0,0,0,0,0,0,0,0,86,0.0,0.0,0.0,0.0,1.0,0.0,0.0,255,86,0.34,0.02,0.34,0.0,0.0,0.0,0.0,1,13514.0
0,2,11,9,31,47,0,0,0,0,0,0,0,3,0.0,0.0,0.0,0.0,1.0,0.0,0.4,215,211,0.98,0.01,0.01,0.0,0.0,0.0,0.0,0,97321.0
0,2,11,9,42,42,0,0,0,0,0,0,0,16,0.0,0.0,0.0,0.0,1.0,0.0,0.12,255,255,1.0,0.0,0.0,0.0,0.0,0.0,0.0,0,64663.0
0,1,19,9,740,0,0,0,1,0,0,9,0,1,0.0,0.0,0.0,0.0,1.0,0.0,0.0,226,122,0.52,0.01,0.52,0.02,0.0,0.0,0.0,0,113581.0
0,1,22,9,309,423,0,0,1,0,0,0,0,2,0.0,0.0,0.0,0.06,1.0,0.0,0.17,4,255,1.0,0.0,0.25,0.05,0.0,0.0,0.0,0,114117.0
0,0,13,9,8,0,0,0,0,0,0,0,0,1,0.0,0.0,0.0,0.0,1.0,0.0,1.0,1,33,1.0,0.0,1.0,0.52,0.0,0.0,0.0,1,123741.0
0,1,22,9,210,706,0,0,1,0,0,0,0,13,0.0,0.0,0.0,0.0,1.0,0.0,0.0,255,255,1.0,0.0,0.0,0.0,0.0,0.0,0.0,0,120663.0
0,1,18,6,0,0,0,0,0,0,0,0,0,1,1.0,1.0,0.0,0.0,1.0,0.0,0.0,85,21,0.25,0.06,0.01,0.0,0.04,0.14,0.0,1,30940.0
0,1,22,9,295,35549,0,0,1,0,0,0,0,1,0.0,0.0,0.0,0.0,1.0,0.0,0.0,67,203,1.0,0.0,0.01,0.06,0.0,0.0,0.0,0,108835.0
0,1,46,1,0,0,0,0,0,0,0,0,0,172,0.0,0.0,1.0,1.0,0.02,0.07,0.0,255,4,0.02,0.07,0.0,0.0,0.0,0.0,1.0,1,82068.0
0,1,46,5,0,0,0,0,0,0,0,0,0,207,1.0,1.0,0.0,0.0,0.01,0.06,0.0,255,5,0.02,0.06,0.0,0.0,1.0,1.0,0.0,1,26326.0
0,1,22,9,251,28066,0,0,1,0,0,0,0,1,0.0,0.0,0.0,0.0,1.0,0.0,0.0,25,255,1.0,0.0,0.04,0.05,0.0,0.0,0.0,0,75000.0
0,1,56,5,0,0,0,0,0,0,0,0,0,111,1.0,1.0,0.0,0.0,0.06,0.06,0.0,255,9,0.04,0.07,0.0,0.0,1.0,1.0,0.0,1,124861.0
0,2,40,9,48,48,0,0,0,0,0,0,0,6,0.0,0.0,0.0,0.0,0.17,0.33,0.0,255,4,0.02,0.01,0.02,0.0,0.0,0.0,0.0,0,31791.0
0,1,22,9,315,1054,0,0,1,0,0,0,0,4,0.0,0.0,0.0,0.0,1.0,0.0,0.5,255,255,1.0,0.0,0.0,0.0,0.0,0.0,0.0,0,119901.0
0,1,22,1,0,0,0,0,0,0,0,0,0,1,0.0,0.0,1.0,1.0,1.0,0.0,0.0,9,77,1.0,0.0,0.11,0.29,0.0,0.0,1.0,0,115521.0
0,1,22,1,0,0,0,0,0,0,0,0,0,1,0.0,0.0,1.0,1.0,1.0,0.0,0.0,27,251,1.0,0.0,0.04,0.08,0.0,0.0,0.74,0,3498.0
0,1,22,9,258,285,0,0,1,0,0,0,0,20,0.0,0.0,0.0,0.0,1.0,0.0,0.0,255,255,1.0,0.0,0.0,0.0,0.0,0.0,0.0,0,111406.0
0,2,11,9,45,110,0,0,0,0,0,0,0,1,0.0,0.0,0.0,0.0,1.0,0.0,1.0,255,238,0.93,0.01,0.01,0.0,0.0,0.0,0.0,0,23529.0
0,1,19,9,2890,0,0,0,1,0,0,0,0,11,0.0,0.0,0.0,0.0,1.0,0.0,0.0,186,181,0.63,0.04,0.63,0.01,0.01,0.01,0.0,0,40851.0
0,2,11,9,45,79,0,0,0,0,0,0,0,311,0.0,0.0,0.0,0.0,1.0,0.01,0.0,255,233,0.91,0.01,0.0,0.0,0.0,0.0,0.0,0,5071.0
0,1,22,9,193,58410,0,0,1,0,0,0,0,2,0.0,0.0,0.0,0.0,1.0,0.0,0.0,10,255,1.0,0.0,0.1,0.04,0.0,0.0,0.01,0,62472.0
0,1,46,1,0,0,0,0,0,0,0,0,0,1,0.0,0.0,1.0,1.0,1.0,0.0,0.0,22,2,0.05,1.0,0.05,1.0,0.0,0.0,1.0,1,113089.0
0,1,22,9,239,3276,0,0,1,0,0,0,0,2,0.0,0.0,0.0,0.04,1.0,0.0,0.21,66,255,1.0,0.0,0.02,0.06,0.0,0.0,0.0,0,114632.0
0,1,22,9,300,937,0,0,1,0,0,0,0,6,0.0,0.0,0.0,0.0,1.0,0.0,0.0,6,6,1.0,0.0,0.17,0.0,0.0,0.0,0.0,0,8614.0
0,1,46,5,0,0,0,0,0,0,0,0,0,47,1.0,1.0,0.0,0.0,0.04,0.11,0.0,255,13,0.05,0.08,0.0,0.0,1.0,1.0,0.0,1,96734.0
2,1,19,9,2194619,0,0,0,0,0,0,0,0,2,0.0,0.0,0.0,0.0,1.0,0.0,0.0,56,41,0.11,0.07,0.11,0.05,0.0,0.0,0.0,0,63598.0
0,1,26,5,0,0,0,0,0,0,0,0,0,232,1.0,1.0,0.0,0.0,0.06,0.06,0.0,255,15,0.06,0.06,0.0,0.0,1.0,1.0,0.0,1,44324.0
0,1,22,9,337,188,0,0,1,0,0,0,0,1,0.0,0.0,0.0,0.0,1.0,0.0,0.0,17,255,1.0,0.0,0.06,0.05,0.0,0.0,0.0,0,2155.0
0,1,51,9,119,229,0,0,1,0,0,0,0,1,0.0,0.0,0.0,0.0,1.0,0.0,0.0,117,16,0.14,0.61,0.01,0.0,0.0,0.0,0.0,0,49364.0
0,1,46,1,0,0,0,0,0,0,0,0,0,2,0.0,0.0,1.0,1.0,0.5,1.0,0.0,255,1,0.0,0.26,0.23,0.0,0.0,0.0,1.0,1,6625.0
0,1,22,9,228,1697,0,0,1,0,0,0,0,15,0.0,0.0,0.0,0.0,1.0,0.0,0.14,22,255,1.0,0.0,0.05,0.04,0.0,0.0,0.0,0,34545.0
0,1,19,1,0,0,0,0,0,0,0,0,0,2,0.0,0.0,1.0,1.0,0.5,1.0,0.0,255,10,0.04,0.6,0.56,0.0,0.01,0.0,0.1,1,70517.0
0,1,22,9,225,1472,0,0,1,0,0,0,0,6,0.0,0.0,0.0,0.0,1.0,0.0,0.0,19,19,1.0,0.0,0.05,0.0,0.0,0.0,0.0,0,7305.0
0,1,22,1,0,0,0,0,0,0,0,0,0,2,0.0,0.0,1.0,1.0,1.0,0.0,0.0,5,254,1.0,0.0,0.2,0.18,0.0,0.0,1.0,0,108930.0
0,1,30,5,0,0,0,0,0,0,0,0,0,279,1.0,1.0,0.0,0.0,0.07,0.05,0.0,255,2,0.01,0.07,0.0,0.0,1.0,1.0,0.0,1,104771.0
0,1,31,5,0,0,0,0,0,0,0,0,0,138,1.0,1.0,0.0,0.0,0.04,0.06,0.0,255,6,0.02,0.06,0.0,0.0,1.0,1.0,0.0,1,477.0
0,0,14,9,1032,0,0,0,0,0,0,0,0,511,0.0,0.0,0.0,0.0,1.0,0.0,0.0,255,31,0.12,0.05,0.12,0.0,0.3,0.0,0.0,1,80917.0
9535,1,41,4,1,0,0,0,0,0,0,0,0,2,0.0,0.0,1.0,1.0,1.0,0.0,0.0,255,2,0.01,0.74,1.0,0.0,0.0,0.0,1.0,1,120335.0
0,1,24,1,0,0,0,0,0,0,0,0,0,123,0.0,0.0,1.0,1.0,0.14,0.07,0.0,255,17,0.07,0.07,0.0,0.0,0.0,0.0,1.0,1,63272.0
0,1,46,5,0,0,0,0,0,0,0,0,0,213,1.0,1.0,0.0,0.0,0.07,0.08,0.0,255,14,0.05,0.08,0.0,0.0,1.0,1.0,0.0,1,118791.0
1,1,51,9,738,328,0,0,1,0,0,0,0,1,0.0,0.0,0.0,0.0,1.0,0.0,1.0,34,102,0.68,0.12,0.03,0.02,0.0,0.0,0.0,0,118376.0
0,2,11,9,46,79,0,0,0,0,0,0,0,206,0.0,0.0,0.0,0.0,1.0,0.0,0.01,255,217,0.85,0.01,0.0,0.0,0.0,0.0,0.0,0,26297.0
0,1,41,1,0,0,0,0,0,0,0,0,0,510,0.08,0.0,0.92,1.0,0.0,1.0,0.0,255,1,0.0,1.0,0.0,0.0,0.06,0.0,1.0,1,103176.0
2,1,19,9,2194619,0,0,0,1,0,0,0,0,3,0.0,0.0,0.0,0.0,1.0,0.0,0.0,222,99,0.45,0.03,0.45,0.0,0.0,0.0,0.0,0,106683.0
0,1,22,9,54540,8314,0,2,1,1,0,0,0,4,0.0,0.0,0.0,0.0,1.0,0.0,0.0,35,35,1.0,0.0,0.03,0.0,0.0,0.0,0.06,1,86448.0
0,1,19,9,319,0,0,0,1,0,0,1,0,3,0.0,0.0,0.0,0.0,0.67,0.67,0.0,28,26,0.93,0.11,0.93,0.0,0.0,0.0,0.0,0,53927.0
0,1,64,5,0,0,0,0,0,0,0,0,0,139,1.0,1.0,0.0,0.0,0.05,0.08,0.0,255,7,0.03,0.07,0.0,0.0,1.0,1.0,0.0,1,121106.0
0,1,46,1,0,0,0,0,0,0,0,0,0,509,0.04,0.0,0.95,1.0,0.0,1.0,0.0,255,1,0.0,1.0,0.0,0.0,0.03,0.0,1.0,1,125695.0
0,1,22,9,256,3112,0,0,1,0,0,0,0,21,0.0,0.0,0.0,0.0,1.0,0.0,0.0,255,255,1.0,0.0,0.0,0.0,0.0,0.0,0.0,0,13582.0
0,1,12,5,0,0,0,0,0,0,0,0,0,261,1.0,1.0,0.0,0.0,0.1,0.05,0.0,255,25,0.1,0.05,0.0,0.0,1.0,1.0,0.0,1,24758.0
0,1,46,1,0,0,0,0,0,0,0,0,0,2,0.0,0.0,1.0,1.0,0.5,1.0,0.0,255,1,0.0,0.98,0.97,0.0,0.0,0.0,1.0,1,96908.0
0,1,22,9,213,44740,0,1,1,1,0,0,0,25,0.0,0.0,0.0,0.0,1.0,0.0,0.0,104,255,1.0,0.0,0.01,0.04,0.0,0.04,0.0,0,73164.0
0,1,41,9,16787,0,0,0,1,0,0,0,0,12,0.08,0.0,0.0,0.0,0.08,0.5,0.0,60,1,0.02,0.17,0.7,0.0,0.02,0.0,0.0,0,19016.0
0,1,12,1,0,0,0,0,0,0,0,0,0,101,0.0,0.0,1.0,1.0,0.01,0.53,0.0,255,1,0.0,0.22,0.4,0.0,0.0,0.0,1.0,1,111002.0
0,1,22,9,300,42747,0,0,1,0,0,0,0,3,0.0,0.0,0.0,0.0,1.0,0.0,0.0,12,255,1.0,0.0,0.08,0.05,0.0,0.0,0.0,0,63454.0
0,1,19,1,0,0,0,0,0,0,0,0,0,120,0.0,0.0,1.0,1.0,0.05,0.07,0.0,255,6,0.02,0.07,0.0,0.0,0.0,0.0,1.0,1,91850.0
0,1,22,9,272,1402,0,0,1,0,0,0,0,3,0.0,0.0,0.0,0.0,1.0,0.0,0.6,255,255,1.0,0.0,0.0,0.0,0.0,0.0,0.0,0,97178.0
0,1,22,1,0,0,0,0,0,0,0,0,0,1,0.0,0.0,1.0,1.0,1.0,0.0,1.0,8,254,1.0,0.0,0.12,0.23,0.0,0.01,0.97,0,41352.0
0,1,22,9,205,2543,0,0,1,0,0,0,0,23,0.04,0.04,0.0,0.0,1.0,0.0,0.0,22,255,1.0,0.0,0.05,0.02,0.0,0.0,0.0,0,95382.0
2395,2,41,9,145,105,0,0,0,0,0,0,0,1,0.0,0.0,0.0,0.0,1.0,0.0,0.0,255,3,0.01,0.62,0.95,0.0,0.0,0.0,0.0,0,74924.0
0,0,14,9,1032,0,0,0,0,0,0,0,0,511,0.0,0.0,0.0,0.0,1.0,0.0,0.0,255,114,0.45,0.02,0.45,0.0,0.01,0.0,0.0,1,101046.0
0,1,22,9,280,879,0,0,1,0,0,0,0,6,0.0,0.0,0.0,0.0,1.0,0.0,0.11,255,255,1.0,0.0,0.0,0.0,0.0,0.0,0.0,0,120896.0
0,0,13,9,8,0,0,0,0,0,0,0,0,1,0.0,0.0,0.0,0.0,1.0,0.0,1.0,1,129,1.0,0.0,1.0,0.51,0.0,0.0,0.0,1,103342.0
0,1,46,5,0,0,0,0,0,0,0,0,0,141,1.0,1.0,0.0,0.0,0.13,0.06,0.0,255,14,0.05,0.07,0.0,0.0,1.0,1.0,0.0,1,125050.0
0,1,46,5,0,0,0,0,0,0,0,0,0,130,1.0,1.0,0.0,0.0,0.12,0.07,0.0,255,13,0.05,0.07,0.0,0.0,1.0,1.0,0.0,1,96882.0
0,1,22,9,234,2501,0,0,1,0,0,0,0,26,0.0,0.0,0.0,0.0,1.0,0.0,0.1,46,131,1.0,0.0,0.02,0.04,0.0,0.0,0.0,0,9109.0
0,1,46,5,0,0,0,0,0,0,0,0,0,146,1.0,1.0,0.0,0.0,0.12,0.06,0.0,255,3,0.01,0.07,0.0,0.0,1.0,1.0,0.0,1,40260.0
0,1,56,5,0,0,0,0,0,0,0,0,0,292,1.0,1.0,0.0,0.0,0.07,0.06,0.0,255,11,0.04,0.05,0.0,0.0,1.0,1.0,0.0,1,86644.0
0,0,13,9,30,0,0,0,0,0,0,0,0,8,0.0,0.0,0.0,0.0,0.12,0.38,0.0,255,2,0.01,0.01,0.09,0.0,0.0,0.0,0.0,0,88394.0
0,1,46,5,0,0,0,0,0,0,0,0,0,120,1.0,1.0,0.0,0.0,0.08,0.06,0.0,255,1,0.0,0.07,0.0,0.0,1.0,1.0,0.0,1,29166.0
0,1,65,5,0,0,0,0,0,0,0,0,0,282,1.0,1.0,0.0,0.0,0.05,0.06,0.0,255,13,0.05,0.06,0.0,0.0,1.0,1.0,0.0,1,52712.0
0,1,22,9,227,20791,0,0,1,0,0,0,0,4,0.25,0.25,0.0,0.0,1.0,0.0,0.0,4,255,1.0,0.0,0.25,0.06,0.25,0.01,0.0,0,18239.0
2552,1,57,9,589,28390,0,0,1,21,1,17,1,1,0.0,0.0,0.0,0.0,1.0,0.0,0.0,255,2,0.01,0.02,0.0,0.0,0.0,0.0,0.0,0,106025.0
0,1,22,9,325,1817,0,0,1,0,0,0,0,14,0.0,0.0,0.0,0.0,1.0,0.0,0.0,98,255,1.0,0.0,0.01,0.03,0.0,0.0,0.0,0,13118.0
0,1,22,9,293,255,0,0,1,0,0,0,0,7,0.0,0.08,0.0,0.0,1.0,0.0,0.31,255,255,1.0,0.0,0.0,0.0,0.0,0.0,0.0,0,120837.0
0,2,46,9,105,105,0,0,0,0,0,0,0,1,0.0,0.0,0.0,0.0,1.0,0.0,0.0,255,252,0.99,0.01,0.01,0.0,0.0,0.0,0.0,0,70802.0
0,1,41,9,3468,0,0,0,0,0,0,0,0,23,0.04,0.0,0.0,0.0,0.04,0.09,0.0,240,1,0.0,0.02,0.45,0.0,0.0,0.0,0.0,0,111781.0
0,0,13,9,8,0,0,0,0,0,0,0,0,1,0.0,0.0,0.0,0.0,1.0,0.0,1.0,2,24,1.0,0.0,1.0,0.5,0.0,0.0,0.0,1,17208.0
0,1,22,9,223,391,0,0,1,0,0,0,0,5,0.0,0.0,0.0,0.0,1.0,0.0,0.0,49,255,1.0,0.0,0.02,0.05,0.0,0.0,0.0,0,25948.0
0,1,22,9,298,580,0,0,1,0,0,0,0,1,0.0,0.0,0.0,0.0,1.0,0.0,0.0,76,255,1.0,0.0,0.01,0.03,0.0,0.0,0.0,0,65653.0
0,1,22,9,219,3458,0,0,1,0,0,0,0,1,0.0,0.0,0.0,0.0,1.0,0.0,1.0,16,255,1.0,0.0,0.06,0.03,0.0,0.0,0.0,0,96354.0
0,2,11,9,45,82,0,0,0,0,0,0,0,206,0.0,0.0,0.0,0.0,1.0,0.0,0.0,255,255,1.0,0.0,0.01,0.0,0.0,0.0,0.0,0,104032.0
0,1,19,9,1214,0,0,0,1,0,0,0,0,9,0.0,0.0,0.0,0.0,1.0,0.0,0.0,191,27,0.14,0.03,0.14,0.0,0.01,0.0,0.0,0,28380.0
0,2,11,9,44,44,0,0,0,0,0,0,0,122,0.0,0.0,0.0,0.0,1.0,0.0,0.01,255,254,1.0,0.01,0.01,0.0,0.0,0.0,0.0,0,109147.0
0,2,11,9,46,77,0,0,0,0,0,0,0,194,0.0,0.0,0.0,0.0,1.0,0.0,0.0,255,236,0.93,0.01,0.0,0.0,0.0,0.0,0.0,0,89687.0
0,1,22,9,274,282,0,0,1,0,0,0,0,17,0.0,0.0,0.0,0.0,1.0,0.0,0.0,17,117,1.0,0.0,0.06,0.03,0.0,0.03,0.0,0,56354.0
0,1,19,9,245,0,0,0,1,0,0,1,0,2,0.0,0.0,0.0,0.0,1.0,0.0,0.0,238,57,0.24,0.02,0.24,0.0,0.0,0.0,0.0,0,107902.0
1871,2,41,9,146,105,0,0,0,0,0,0,0,4,0.0,0.0,0.0,0.0,0.5,0.5,0.0,255,2,0.01,0.87,1.0,0.0,0.0,0.0,0.0,0,55334.0
0,1,33,1,0,0,0,0,0,0,0,0,0,245,0.0,0.0,1.0,1.0,0.06,0.07,0.0,255,28,0.11,0.07,0.0,0.0,0.0,0.0,1.0,1,97795.0
0,1,22,9,288,1243,0,0,1,0,0,0,0,20,0.0,0.0,0.0,0.0,1.0,0.0,0.11,221,255,1.0,0.0,0.0,0.02,0.0,0.0,0.0,0,34026.0
0,1,46,1,0,0,0,0,0,0,0,0,0,211,0.0,0.0,1.0,1.0,0.07,0.06,0.0,255,14,0.05,0.08,0.0,0.0,0.0,0.0,1.0,1,61664.0
0,1,46,10,0,0,0,0,0,0,0,0,0,2,0.5,1.0,0.0,0.0,0.5,1.0,0.0,218,1,0.0,0.95,0.96,0.0,0.96,1.0,0.0,1,37726.0
0,1,26,5,0,0,0,0,0,0,0,0,0,252,1.0,1.0,0.0,0.0,0.05,0.07,0.0,255,14,0.05,0.07,0.0,0.0,1.0,1.0,0.0,1,43974.0
1,1,51,9,1290,335,0,0,1,0,0,0,0,1,0.0,0.0,0.0,0.0,1.0,0.0,1.0,189,164,0.63,0.04,0.01,0.01,0.0,0.0,0.0,0,15651.0
0,1,22,9,249,1397,0,0,1,0,0,0,0,10,0.0,0.0,0.0,0.0,1.0,0.0,0.0,152,255,1.0,0.0,0.01,0.01,0.0,0.0,0.0,0,18630.0
0,1,19,9,59,0,0,0,1,0,0,0,0,16,0.0,0.0,0.0,0.0,1.0,0.0,0.0,22,22,1.0,0.0,1.0,0.0,0.0,0.0,0.0,0,42597.0
3,1,46,1,0,0,0,0,0,0,0,0,0,234,0.04,0.0,0.94,1.0,0.0,1.0,0.0,255,1,0.0,0.94,0.0,0.0,0.04,0.0,1.0,1,91740.0
0,1,22,9,261,3834,0,0,1,0,0,0,0,8,0.0,0.0,0.0,0.0,1.0,0.0,0.0,255,245,0.96,0.01,0.0,0.0,0.0,0.0,0.0,0,21573.0
0,1,46,5,0,0,0,0,0,0,0,0,0,104,1.0,1.0,0.0,0.0,0.04,0.07,0.0,255,1,0.0,0.08,0.0,0.0,1.0,1.0,0.0,1,106924.0
0,2,11,9,45,128,0,0,0,0,0,0,0,81,0.0,0.0,0.0,0.0,1.0,0.0,0.01,255,255,1.0,0.0,0.0,0.0,0.0,0.0,0.0,0,45698.0
0,1,56,5,0,0,0,0,0,0,0,0,0,37,1.0,1.0,0.0,0.0,0.14,0.16,0.0,255,11,0.04,0.09,0.0,0.0,1.0,1.0,0.0,1,80334.0
0,1,38,5,0,0,0,0,0,0,0,0,0,138,1.0,1.0,0.0,0.0,0.07,0.06,0.0,255,2,0.01,0.07,0.0,0.0,1.0,1.0,0.0,1,123779.0
0,1,19,5,0,0,0,0,0,0,0,0,0,54,1.0,1.0,0.0,0.0,0.22,0.07,0.0,255,40,0.16,0.04,0.0,0.0,1.0,1.0,0.0,1,20452.0
0,1,19,5,0,0,0,0,0,0,0,0,0,294,1.0,1.0,0.0,0.0,0.02,0.05,0.0,255,7,0.03,0.05,0.0,0.0,1.0,1.0,0.0,1,121694.0
0,2,46,9,105,147,0,0,0,0,0,0,0,9,0.0,0.0,0.0,0.0,0.22,0.33,0.0,255,243,0.95,0.01,0.01,0.0,0.0,0.0,0.0,0,14818.0
0,2,11,9,46,122,0,0,0,0,0,0,0,196,0.0,0.0,0.0,0.0,1.0,0.0,0.0,255,255,1.0,0.0,0.0,0.0,0.0,0.0,0.0,0,73087.0
0,1,22,9,218,458,0,0,1,0,0,0,0,10,0.0,0.0,0.0,0.0,1.0,0.0,0.0,255,255,1.0,0.0,0.0,0.0,0.0,0.0,0.0,0,35638.0
0,1,64,5,0,0,0,0,0,0,0,0,0,134,1.0,1.0,0.0,0.0,0.13,0.06,0.0,255,18,0.07,0.06,0.0,0.0,1.0,1.0,0.0,1,95807.0
0,1,22,9,203,1367,0,0,1,0,0,0,0,3,0.0,0.0,0.0,0.0,1.0,0.0,0.5,57,255,1.0,0.0,0.02,0.01,0.0,0.0,0.0,0,125173.0
0,1,3,9,14,37,0,0,0,0,0,0,0,1,0.0,0.0,0.0,0.0,1.0,0.0,0.0,255,2,0.01,0.69,0.0,0.0,0.0,0.0,0.0,0,20488.0
0,1,22,9,307,680,0,0,1,0,0,0,0,16,0.0,0.0,0.0,0.0,1.0,0.0,0.0,255,255,1.0,0.0,0.0,0.0,0.0,0.0,0.0,0,18936.0
0,1,19,9,637,0,0,0,1,0,0,0,0,6,0.0,0.0,0.0,0.0,1.0,0.0,0.1,122,56,0.3,0.02,0.3,0.04,0.0,0.0,0.0,0,16479.0
0,1,22,9,327,2226,0,0,1,0,0,0,0,8,0.0,0.0,0.0,0.0,1.0,0.0,0.12,255,255,1.0,0.0,0.0,0.0,0.0,0.0,0.0,0,105668.0
0,1,4,5,0,0,0,0,0,0,0,0,0,265,1.0,1.0,0.0,0.0,0.03,0.06,0.0,255,9,0.04,0.06,0.0,0.0,1.0,1.0,0.0,1,875.0
0,1,22,9,214,4148,0,0,1,0,0,0,0,9,0.0,0.38,0.0,0.0,1.0,0.0,0.08,9,255,1.0,0.0,0.11,0.03,0.0,0.0,0.0,0,98212.0
0,1,46,5,0,0,0,0,0,0,0,0,0,238,1.0,1.0,0.0,0.0,0.07,0.06,0.0,255,19,0.07,0.05,0.0,0.0,1.0,1.0,0.0,1,66572.0
0,1,22,9,335,5083,0,0,1,0,0,0,0,12,0.0,0.0,0.0,0.0,1.0,0.0,0.0,245,255,1.0,0.0,0.0,0.01,0.0,0.0,0.0,0,115045.0
0,1,2,5,0,0,0,0,0,0,0,0,0,211,1.0,1.0,0.0,0.0,0.03,0.06,0.0,255,6,0.02,0.06,0.0,0.0,1.0,1.0,0.0,1,568.0
0,1,43,5,0,0,0,0,0,0,0,0,0,251,1.0,1.0,0.0,0.0,0.0,0.06,0.0,255,2,0.01,0.06,0.0,0.0,1.0,1.0,0.0,1,84128.0
0,1,41,1,0,0,0,0,0,0,0,0,0,510,0.15,0.0,0.85,1.0,0.0,1.0,0.0,255,1,0.0,1.0,0.0,0.0,0.12,0.0,1.0,1,8324.0
0,1,46,5,0,0,0,0,0,0,0,0,0,125,1.0,1.0,0.0,0.0,0.1,0.06,0.0,255,12,0.05,0.06,0.0,0.0,1.0,1.0,0.0,1,15854.0
0,0,62,9,181,0,0,0,0,0,0,0,0,2,0.0,0.0,0.0,0.0,0.5,1.0,0.0,255,29,0.11,0.01,0.12,0.0,0.0,0.0,0.0,0,79197.0
0,1,26,1,0,0,0,0,0,0,0,0,0,228,0.0,0.0,1.0,1.0,0.04,0.07,0.0,255,9,0.04,0.08,0.0,0.0,0.0,0.0,1.0,1,120412.0
0,1,22,9,245,12954,0,0,1,0,0,0,0,1,0.0,0.0,0.0,0.0,1.0,0.0,0.0,144,144,1.0,0.0,0.01,0.0,0.0,0.0,0.0,0,71705.0
0,1,29,5,0,0,0,0,0,0,0,0,0,238,1.0,1.0,0.0,0.0,0.1,0.05,0.0,255,23,0.09,0.06,0.0,0.0,1.0,1.0,0.0,1,112433.0
0,1,17,5,0,0,0,0,0,0,0,0,0,48,1.0,1.0,0.0,0.0,0.27,0.08,0.0,128,38,0.26,0.03,0.01,0.05,1.0,0.87,0.0,1,95307.0
0,1,19,1,0,0,0,0,0,0,0,0,0,465,0.07,0.0,0.9,1.0,0.02,0.98,0.0,255,10,0.04,0.96,0.0,0.0,0.08,0.0,1.0,1,28729.0
0,1,19,9,334,0,0,0,1,0,0,0,0,2,0.0,0.0,0.0,0.0,1.0,0.0,0.0,4,22,1.0,0.0,1.0,0.23,0.0,0.0,0.0,1,29497.0
0,1,28,1,0,0,0,0,0,0,0,0,0,91,0.0,0.0,1.0,1.0,0.01,0.09,0.0,255,1,0.0,0.06,0.0,0.0,0.0,0.0,1.0,1,105069.0
0,1,46,5,0,0,0,0,0,0,0,0,0,121,0.99,1.0,0.0,0.0,0.09,0.07,0.0,255,2,0.01,0.07,0.0,0.0,1.0,1.0,0.0,1,22175.0
0,1,56,5,0,0,0,0,0,0,0,0,0,266,1.0,1.0,0.0,0.0,0.01,0.06,0.0,255,3,0.01,0.08,0.0,0.0,1.0,1.0,0.0,1,54683.0
0,1,51,9,2932,327,0,0,1,0,0,0,0,1,0.0,0.0,0.0,0.0,1.0,0.0,0.0,100,67,0.67,0.03,0.01,0.0,0.0,0.0,0.0,0,15863.0
0,1,22,9,301,7177,0,0,1,0,0,0,0,10,0.0,0.0,0.0,0.0,1.0,0.0,0.21,52,255,1.0,0.0,0.02,0.02,0.0,0.01,0.01,0,100330.0
0,1,28,5,0,0,0,0,0,0,0,0,0,122,1.0,1.0,0.0,0.0,0.16,0.06,0.0,255,1,0.0,0.08,0.0,0.0,1.0,1.0,0.0,1,62769.0
0,1,3,5,0,0,0,0,0,0,0,0,0,146,1.0,1.0,0.0,0.0,0.16,0.04,0.0,255,24,0.09,0.04,0.0,0.0,1.0,1.0,0.0,1,31192.0
0,2,11,9,45,75,0,0,0,0,0,0,0,310,0.0,0.0,0.0,0.0,1.0,0.0,0.0,255,219,0.86,0.01,0.0,0.0,0.0,0.0,0.0,0,12105.0
0,0,13,9,18,0,0,0,0,0,0,0,0,1,0.0,0.0,0.0,0.0,1.0,0.0,0.0,3,195,1.0,0.0,1.0,0.25,0.0,0.0,0.0,1,101972.0
0,1,22,9,208,3897,0,0,1,0,0,0,0,3,0.0,0.0,0.0,0.0,1.0,0.0,0.5,3,255,1.0,0.0,0.33,0.04,0.0,0.01,0.0,0,61914.0
0,1,22,9,327,825,0,0,1,0,0,0,0,13,0.0,0.0,0.0,0.0,1.0,0.0,0.0,255,255,1.0,0.0,0.0,0.0,0.0,0.0,0.01,0,118438.0
0,1,22,9,312,9284,0,0,1,0,0,0,0,13,0.0,0.0,0.0,0.0,1.0,0.0,0.06,255,255,1.0,0.0,0.0,0.0,0.0,0.0,0.0,0,119074.0
0,1,46,5,0,0,0,0,0,0,0,0,0,129,1.0,1.0,0.0,0.0,0.1,0.07,0.0,255,6,0.02,0.07,0.0,0.0,1.0,1.0,0.0,1,48695.0
0,2,11,9,45,131,0,0,0,0,0,0,0,121,0.0,0.0,0.0,0.0,1.0,0.0,0.0,255,204,0.8,0.01,0.0,0.0,0.0,0.0,0.0,0,122811.0
0,1,46,1,0,0,0,0,0,0,0,0,0,2,0.0,0.0,1.0,1.0,0.5,1.0,0.0,255,1,0.0,0.42,0.36,0.0,0.16,0.0,1.0,1,32442.0
0,1,16,5,0,0,0,0,0,0,0,0,0,99,1.0,1.0,0.0,0.0,0.09,0.06,0.0,255,19,0.07,0.07,0.0,0.0,1.0,1.0,0.0,1,113327.0
0,1,22,9,233,2416,0,0,1,0,0,0,0,4,0.0,0.0,0.0,0.0,1.0,0.0,0.0,255,255,1.0,0.0,0.0,0.0,0.0,0.0,0.0,0,65263.0
0,1,22,9,292,1407,0,0,1,0,0,0,0,9,0.0,0.0,0.0,0.0,1.0,0.0,0.0,113,255,1.0,0.0,0.01,0.03,0.0,0.0,0.0,0,104056.0
0,1,22,9,221,3048,0,0,1,0,0,0,0,1,0.0,0.0,0.0,0.0,1.0,0.0,0.09,21,255,1.0,0.0,0.05,0.09,0.0,0.0,0.0,0,116658.0
0,1,46,5,0,0,0,0,0,0,0,0,0,130,1.0,1.0,0.0,0.0,0.08,0.06,0.0,255,6,0.02,0.06,0.0,0.0,1.0,1.0,0.0,1,50337.0
0,1,46,5,0,0,0,0,0,0,0,0,0,117,1.0,1.0,0.0,0.0,0.06,0.06,0.0,255,7,0.03,0.09,0.0,0.0,1.0,1.0,0.0,1,84791.0
0,0,13,9,8,0,0,0,0,0,0,0,0,1,0.0,0.0,0.0,0.0,1.0,0.0,1.0,2,68,1.0,0.0,1.0,0.5,0.0,0.0,0.0,1,62547.0
0,1,22,9,152,249,0,0,1,0,0,0,0,1,0.0,0.0,0.0,0.0,1.0,0.0,0.0,2,255,1.0,0.0,0.5,0.03,0.0,0.0,0.0,0,41311.0
0,2,11,9,44,70,0,0,0,0,0,0,0,193,0.0,0.0,0.0,0.0,1.0,0.0,0.0,255,254,1.0,0.01,0.0,0.0,0.0,0.0,0.0,0,106544.0
0,1,22,9,54540,8314,0,2,1,1,0,0,0,6,0.0,0.0,0.0,0.0,1.0,0.0,0.0,160,160,1.0,0.0,0.01,0.0,0.0,0.0,0.06,1,25571.0
0,1,46,5,0,0,0,0,0,0,0,0,0,120,1.0,1.0,0.0,0.0,0.06,0.06,0.0,255,3,0.01,0.06,0.0,0.0,1.0,1.0,0.0,1,54346.0
0,1,22,9,337,4874,0,0,1,0,0,0,0,2,0.0,0.0,0.0,0.0,1.0,0.0,0.0,35,255,1.0,0.0,0.03,0.05,0.0,0.0,0.0,0,53721.0
0,2,11,9,44,128,0,0,0,0,0,0,0,127,0.0,0.0,0.0,0.0,1.0,0.0,0.01,255,255,1.0,0.0,0.0,0.0,0.0,0.0,0.0,0,115963.0
0,1,22,9,324,5331,0,0,1,0,0,0,0,11,0.0,0.0,0.0,0.0,1.0,0.0,0.21,148,255,1.0,0.0,0.01,0.04,0.0,0.0,0.0,0,125781.0
0,2,11,9,43,71,0,0,0,0,0,0,0,124,0.0,0.0,0.0,0.0,1.0,0.0,0.0,255,224,0.88,0.01,0.0,0.0,0.0,0.0,0.0,0,23563.0
0,1,41,5,0,0,0,0,0,0,0,0,0,267,1.0,1.0,0.0,0.0,0.04,0.06,0.0,255,6,0.02,0.07,0.0,0.0,1.0,1.0,0.0,1,7520.0
0,1,22,9,215,12884,0,0,1,0,0,0,0,2,0.0,0.0,0.0,0.0,1.0,0.0,0.0,255,255,1.0,0.0,0.0,0.0,0.0,0.0,0.0,0,81035.0
0,1,64,5,0,0,0,0,0,0,0,0,0,236,1.0,1.0,0.0,0.0,0.07,0.06,0.0,255,16,0.06,0.06,0.0,0.0,1.0,1.0,0.0,1,117240.0
0,1,22,9,208,431,0,0,1,0,0,0,0,10,0.0,0.0,0.0,0.0,1.0,0.0,0.0,129,255,1.0,0.0,0.01,0.02,0.0,0.0,0.0,0,55441.0
447,2,41,9,147,105,0,0,0,0,0,0,0,1,0.0,0.0,0.0,0.0,1.0,0.0,0.0,255,1,0.0,0.64,0.95,0.0,0.0,0.0,0.0,0,86429.0
0,1,8,2,0,0,0,0,0,0,0,0,0,274,0.0,0.0,1.0,1.0,0.05,0.07,0.0,255,14,0.05,0.08,0.0,0.0,0.0,0.0,1.0,1,7849.0
0,1,46,5,0,0,0,0,0,0,0,0,0,298,1.0,1.0,0.0,0.0,0.05,0.06,0.0,255,16,0.06,0.06,0.0,0.0,1.0,1.0,0.0,1,52990.0
0,2,46,9,105,145,0,0,0,0,0,0,0,5,0.0,0.0,0.0,0.0,0.2,0.4,0.0,255,220,0.86,0.01,0.01,0.0,0.0,0.0,0.0,0,102984.0
0,1,22,9,54540,8314,0,2,1,1,0,0,0,2,0.0,0.0,0.0,0.0,1.0,0.0,0.0,140,140,1.0,0.0,0.01,0.0,0.0,0.0,0.01,1,105008.0
0,0,13,9,8,0,0,0,0,0,0,0,0,1,0.0,0.0,0.0,0.0,1.0,0.0,1.0,1,73,1.0,0.0,1.0,0.51,0.0,0.0,0.0,1,28700.0
0,0,13,9,30,0,0,0,0,0,0,0,0,3,0.0,0.0,0.0,0.0,0.33,0.67,0.0,255,3,0.01,0.01,0.01,0.0,0.0,0.0,0.0,0,33452.0
0,1,19,9,334,0,0,0,1,0,0,0,0,1,0.0,0.0,0.0,0.0,1.0,0.0,0.0,14,46,0.93,0.14,1.0,0.11,0.0,0.0,0.0,1,5021.0
0,1,19,5,0,0,0,0,0,0,0,0,0,22,1.0,1.0,0.0,0.0,0.45,0.09,0.0,30,37,0.33,0.07,0.03,0.05,1.0,0.27,0.0,1,16328.0
0,1,46,5,0,0,0,0,0,0,0,0,0,164,1.0,1.0,0.0,0.0,0.11,0.07,0.0,255,18,0.07,0.07,0.0,0.0,1.0,1.0,0.0,1,33088.0
0,1,46,5,0,0,0,0,0,0,0,0,0,186,1.0,1.0,0.0,0.0,0.04,0.08,0.0,255,8,0.03,0.08,0.0,0.0,1.0,1.0,0.0,1,48126.0
0,0,14,9,1032,0,0,0,0,0,0,0,0,511,0.0,0.0,0.0,0.0,1.0,0.0,0.0,255,241,0.95,0.01,0.95,0.0,0.0,0.0,0.0,1,7978.0
0,1,19,9,6062,0,0,0,0,0,0,0,0,15,0.0,0.0,0.0,0.0,1.0,0.0,0.0,85,44,0.52,0.04,0.52,0.0,0.0,0.0,0.0,0,87753.0
0,1,22,9,165,2725,0,2,1,0,0,0,0,1,0.0,0.0,0.0,0.0,1.0,0.0,1.0,9,10,1.0,0.0,0.11,0.2,0.0,0.0,0.0,0,44574.0
0,1,51,9,2560,334,0,0,1,0,0,0,0,1,0.0,0.0,0.0,0.0,1.0,0.0,0.0,18,230,0.89,0.11,0.06,0.02,0.0,0.0,0.0,0,111017.0
0,1,3,1,0,0,0,0,0,0,0,0,0,146,0.0,0.0,1.0,1.0,0.05,0.07,0.0,255,8,0.03,0.07,0.0,0.0,0.0,0.0,1.0,1,61182.0
0,0,14,9,520,0,0,0,0,0,0,0,0,479,0.0,0.0,0.0,0.0,1.0,0.0,0.0,101,101,1.0,0.0,1.0,0.0,0.0,0.0,0.0,1,42019.0
0,2,11,9,36,0,0,0,0,0,0,0,0,5,0.0,0.0,0.0,0.0,1.0,0.0,0.0,18,79,1.0,0.0,1.0,0.03,0.0,0.0,0.0,0,116409.0
0,0,14,9,1032,0,0,0,0,0,0,0,0,511,0.0,0.0,0.0,0.0,1.0,0.0,0.0,255,81,0.32,0.02,0.32,0.0,0.02,0.0,0.0,1,10269.0
0,1,26,5,0,0,0,0,0,0,0,0,0,226,1.0,1.0,0.0,0.0,0.01,0.06,0.0,255,3,0.01,0.07,0.0,0.0,1.0,1.0,0.0,1,80166.0
0,1,51,9,713,401,0,0,1,0,0,0,0,1,0.0,0.0,0.0,0.0,1.0,0.0,0.0,29,45,0.55,0.14,0.03,0.04,0.03,0.0,0.0,0,79926.0
0,0,13,9,8,0,0,0,0,0,0,0,0,1,0.0,0.0,0.0,0.0,1.0,0.0,1.0,1,255,1.0,0.0,1.0,0.25,0.0,0.0,0.0,1,105093.0
0,1,19,9,1376,0,0,0,1,0,0,0,0,2,0.0,0.0,0.0,0.0,1.0,0.0,0.38,60,131,0.63,0.03,0.63,0.02,0.0,0.0,0.0,0,13365.0
0,1,51,9,1350,329,0,0,1,0,0,0,0,1,0.0,0.0,0.0,0.0,1.0,0.0,0.0,57,149,0.4,0.11,0.02,0.01,0.0,0.0,0.0,0,42216.0
0,1,3,5,0,0,0,0,0,0,0,0,0,265,1.0,1.0,0.0,0.0,0.06,0.05,0.0,255,17,0.07,0.05,0.0,0.0,1.0,1.0,0.0,1,29648.0
0,1,51,6,9541,1349,0,0,1,0,0,0,0,1,1.0,0.33,0.0,0.0,1.0,0.0,1.0,71,185,0.97,0.03,0.01,0.02,0.01,0.01,0.0,0,116338.0
0,1,22,9,248,71903,0,1,1,0,0,0,0,1,0.0,0.0,0.0,0.0,1.0,0.0,0.0,12,255,1.0,0.0,0.08,0.02,0.0,0.0,0.0,0,100433.0
0,1,16,5,0,0,0,0,0,0,0,0,0,18,1.0,1.0,0.0,0.0,0.22,0.17,0.0,255,18,0.07,0.07,0.0,0.0,1.0,1.0,0.0,1,45508.0
0,1,46,5,0,0,0,0,0,0,0,0,0,146,1.0,1.0,0.0,0.0,0.14,0.05,0.0,255,14,0.05,0.06,0.0,0.0,1.0,1.0,0.0,1,120556.0
0,1,19,5,0,0,0,0,0,0,0,0,0,1,1.0,1.0,0.0,0.0,1.0,0.0,0.0,255,61,0.24,0.02,0.0,0.0,1.0,1.0,0.0,1,81768.0
0,1,51,9,1238,370,0,0,1,0,0,0,0,1,0.0,0.0,0.0,0.0,1.0,0.0,1.0,168,182,0.63,0.03,0.01,0.01,0.0,0.0,0.0,0,117130.0
0,1,22,9,305,1075,0,0,1,0,0,0,0,2,0.0,0.0,0.0,0.0,1.0,0.0,0.4,82,41,0.5,0.05,0.01,0.0,0.0,0.0,0.0,0,91773.0
0,2,11,9,43,71,0,0,0,0,0,0,0,129,0.0,0.0,0.0,0.0,1.0,0.0,0.0,255,255,1.0,0.0,0.0,0.0,0.0,0.0,0.0,0,102968.0
0,1,22,9,200,455,0,0,1,0,0,0,0,8,0.0,0.0,0.0,0.0,1.0,0.0,0.18,255,255,1.0,0.0,0.0,0.0,0.0,0.0,0.0,0,75168.0
0,2,46,9,1,0,0,0,0,0,0,0,0,46,0.0,0.0,0.0,0.0,0.46,0.09,0.0,255,66,0.26,0.27,0.78,0.0,0.05,0.0,0.0,1,111912.0
0,1,25,5,0,0,0,0,0,0,0,0,0,260,1.0,1.0,0.0,0.0,0.07,0.06,0.0,255,9,0.04,0.09,0.0,0.0,1.0,1.0,0.0,1,56271.0
0,1,22,9,251,1917,0,0,1,0,0,0,0,2,0.0,0.0,0.0,0.0,1.0,0.0,0.11,43,255,1.0,0.0,0.02,0.05,0.02,0.01,0.0,0,4816.0
0,1,4,5,0,0,0,0,0,0,0,0,0,298,1.0,1.0,0.0,0.0,0.06,0.05,0.0,255,19,0.07,0.07,0.0,0.0,1.0,1.0,0.0,1,73687.0
0,1,22,9,376,4675,0,0,1,0,0,0,0,1,0.0,0.0,0.0,0.0,1.0,0.0,0.0,4,254,1.0,0.0,0.25,0.06,0.0,0.0,0.0,0,9642.0
0,2,41,9,146,0,0,0,0,0,0,0,0,2,0.0,0.0,0.0,0.0,0.5,1.0,0.0,255,1,0.0,0.54,0.95,0.0,0.0,0.0,0.0,0,32861.0
0,0,14,9,1032,0,0,0,0,0,0,0,0,511,0.0,0.0,0.0,0.0,1.0,0.0,0.0,255,49,0.19,0.21,0.19,0.0,0.0,0.0,0.0,1,125546.0
0,2,11,9,42,42,0,0,0,0,0,0,0,9,0.0,0.0,0.0,0.0,1.0,0.0,0.21,255,232,0.91,0.01,0.0,0.0,0.0,0.0,0.0,0,79335.0
0,2,11,9,44,44,0,0,0,0,0,0,0,134,0.0,0.0,0.0,0.0,1.0,0.0,0.0,255,255,1.0,0.0,0.0,0.0,0.0,0.0,0.0,0,24022.0
0,2,11,9,44,135,0,0,0,0,0,0,0,72,0.0,0.0,0.0,0.0,0.97,0.04,0.01,255,237,0.93,0.01,0.0,0.0,0.0,0.0,0.0,0,4200.0
0,1,51,9,2532,486,0,0,1,0,0,0,0,144,0.99,0.0,0.0,0.0,0.01,0.06,1.0,255,29,0.11,0.09,0.0,0.0,0.76,0.0,0.0,0,99752.0
0,1,22,9,156,1809,0,0,1,0,0,0,0,1,0.0,0.0,0.0,0.0,1.0,0.0,0.0,18,255,1.0,0.0,0.06,0.02,0.0,0.0,0.0,0,125277.0
0,2,11,9,43,129,0,0,0,0,0,0,0,76,0.0,0.0,0.0,0.0,1.0,0.0,0.01,255,254,1.0,0.01,0.0,0.0,0.0,0.0,0.0,0,77285.0
0,1,22,9,229,4287,0,0,1,0,0,0,0,4,0.0,0.0,0.0,0.0,1.0,0.0,0.0,88,223,1.0,0.0,0.01,0.03,0.0,0.0,0.0,0,115086.0
0,1,46,1,0,0,0,0,0,0,0,0,0,511,0.16,0.0,0.82,1.0,0.0,1.0,0.0,255,1,0.0,1.0,0.0,0.0,0.17,0.0,1.0,1,43794.0
0,1,22,9,312,9284,0,0,1,0,0,0,0,17,0.0,0.0,0.0,0.0,1.0,0.0,0.0,255,255,1.0,0.0,0.01,0.0,0.0,0.0,0.0,0,125072.0
0,2,46,9,28,0,3,0,0,0,0,0,0,43,0.0,0.0,0.0,0.0,1.0,0.0,0.0,246,43,0.17,0.04,0.17,0.0,0.02,0.0,0.0,1,45793.0
0,1,46,5,0,0,0,0,0,0,0,0,0,68,1.0,1.0,0.0,0.0,0.15,0.06,0.0,255,12,0.05,0.06,0.0,0.0,1.0,1.0,0.0,1,68838.0
0,1,29,5,0,0,0,0,0,0,0,0,0,234,1.0,1.0,0.0,0.0,0.03,0.06,0.0,255,6,0.02,0.06,0.0,0.0,1.0,1.0,0.0,1,109428.0
0,1,18,2,0,0,0,0,0,0,0,0,0,240,0.0,0.0,1.0,1.0,0.01,0.07,0.0,255,2,0.01,0.08,0.0,0.0,0.0,0.0,1.0,1,38575.0
0,0,62,9,78,0,0,0,0,0,0,0,0,17,0.0,0.0,0.0,0.0,0.47,0.12,0.0,255,8,0.03,0.01,0.03,0.0,0.0,0.0,0.0,0,95632.0
0,1,22,9,215,4896,0,0,1,0,0,0,0,13,0.0,0.0,0.0,0.0,1.0,0.0,0.0,15,255,1.0,0.0,0.07,0.04,0.0,0.0,0.0,0,93000.0
0,1,22,9,195,255,0,0,1,0,0,0,0,1,0.0,0.0,0.0,0.0,1.0,0.0,0.4,74,74,1.0,0.0,0.01,0.0,0.0,0.0,0.0,0,77294.0
0,1,22,9,272,6752,0,0,1,0,0,0,0,8,0.0,0.0,0.0,0.0,1.0,0.0,0.0,55,255,1.0,0.0,0.02,0.02,0.0,0.0,0.0,0,56525.0
0,1,46,5,0,0,0,0,0,0,0,0,0,170,1.0,1.0,0.0,0.0,0.11,0.06,0.0,255,2,0.01,0.07,0.0,0.0,1.0,1.0,0.0,1,93159.0
0,1,46,1,0,0,0,0,0,0,0,0,0,317,0.0,0.0,1.0,1.0,0.0,0.5,0.0,255,1,0.0,0.51,1.0,0.0,0.0,0.0,1.0,1,81319.0
0,1,22,9,381,692,0,0,1,0,0,0,0,1,0.0,0.0,0.0,0.0,1.0,0.0,0.0,126,255,1.0,0.0,0.01,0.01,0.0,0.0,0.0,0,16604.0
0,2,46,9,28,0,3,0,0,0,0,0,0,13,0.0,0.0,0.0,0.0,1.0,0.0,0.0,255,13,0.05,0.01,0.05,0.0,0.0,0.0,0.0,1,20056.0
0,1,19,9,383,0,0,0,0,0,0,0,0,2,0.0,0.0,0.0,0.0,1.0,0.0,0.0,50,55,0.06,0.08,0.06,0.04,0.0,0.0,0.0,0,66752.0
0,1,22,9,192,2065,0,0,1,0,0,0,0,8,0.0,0.0,0.0,0.0,1.0,0.0,0.18,202,255,1.0,0.0,0.01,0.02,0.0,0.0,0.0,0,122116.0
0,0,14,9,1480,0,1,0,0,0,0,0,0,6,0.0,0.0,0.0,0.0,1.0,0.0,0.0,90,6,0.07,0.04,0.07,0.0,0.0,0.0,0.0,0,108953.0
0,1,46,5,0,0,0,0,0,0,0,0,0,258,1.0,1.0,0.0,0.0,0.03,0.06,0.0,255,10,0.04,0.09,0.0,0.0,1.0,1.0,0.0,1,21236.0
2,1,51,9,1464,336,0,0,1,0,0,0,0,2,0.0,0.0,0.0,0.0,1.0,0.0,0.0,108,189,0.64,0.06,0.01,0.01,0.0,0.0,0.0,0,24504.0
585,2,41,9,146,105,0,0,0,0,0,0,0,2,0.0,0.0,0.0,0.0,0.5,1.0,0.0,255,1,0.0,0.57,0.82,0.0,0.0,0.0,0.0,0,31818.0
0,2,11,9,43,75,0,0,0,0,0,0,0,216,0.0,0.0,0.0,0.0,1.0,0.0,0.0,255,255,1.0,0.0,0.01,0.0,0.0,0.0,0.0,0,33932.0
0,1,46,1,0,0,0,0,0,0,0,0,0,108,0.0,0.0,1.0,1.0,0.06,0.06,0.0,255,7,0.03,0.06,0.0,0.0,0.0,0.0,1.0,1,95607.0
0,2,11,9,43,43,0,0,0,0,0,0,0,163,0.0,0.0,0.0,0.0,1.0,0.0,0.0,255,255,1.0,0.0,0.0,0.0,0.0,0.0,0.0,0,105884.0
0,1,19,9,192,0,0,0,1,0,0,0,0,2,0.0,0.0,0.0,0.0,1.0,0.0,0.0,38,87,0.89,0.05,0.89,0.03,0.0,0.0,0.0,0,85537.0
0,1,46,5,0,0,0,0,0,0,0,0,0,264,1.0,1.0,0.0,0.0,0.06,0.06,0.0,255,2,0.01,0.09,0.0,0.0,1.0,1.0,0.0,1,49255.0
0,1,22,9,200,1618,0,0,1,0,0,0,0,5,0.0,0.0,0.0,0.0,1.0,0.0,0.0,5,255,1.0,0.0,0.2,0.05,0.0,0.0,0.0,0,85394.0
0,1,22,5,0,0,0,0,0,0,0,0,0,1,1.0,1.0,0.0,0.0,1.0,0.0,0.0,255,55,0.22,0.04,0.0,0.0,1.0,1.0,0.0,1,50596.0
0,1,22,9,213,27643,0,0,1,0,0,0,0,3,0.0,0.0,0.0,0.0,1.0,0.0,0.67,255,255,1.0,0.0,0.0,0.0,0.0,0.0,0.0,0,47326.0
0,1,22,1,0,0,0,0,0,0,0,0,0,8,0.0,0.0,1.0,0.96,1.0,0.0,0.08,11,251,1.0,0.0,0.09,0.08,0.0,0.0,0.74,0,57878.0
0,2,11,9,44,114,0,0,0,0,0,0,0,121,0.0,0.0,0.0,0.0,1.0,0.0,0.02,255,253,0.99,0.01,0.0,0.0,0.0,0.0,0.0,0,85584.0
0,2,11,9,45,111,0,0,0,0,0,0,0,68,0.0,0.0,0.0,0.0,1.0,0.0,0.01,255,255,1.0,0.0,0.0,0.0,0.0,0.0,0.0,0,99164.0
0,2,46,9,1,0,0,0,0,0,0,0,0,16,0.0,0.0,0.0,0.0,0.06,0.62,0.0,255,1,0.0,0.73,0.33,0.0,0.03,0.0,0.0,1,29971.0
0,2,11,9,45,138,0,0,0,0,0,0,0,227,0.0,0.0,0.0,0.0,1.0,0.0,0.0,255,246,0.96,0.01,0.0,0.0,0.0,0.0,0.0,0,46350.0
0,1,22,9,300,4099,0,0,1,0,0,0,0,19,0.0,0.0,0.0,0.0,1.0,0.0,0.0,255,255,1.0,0.0,0.0,0.0,0.0,0.0,0.0,0,118140.0
0,1,22,9,364,658,0,0,1,0,0,0,0,1,0.0,0.0,0.0,0.0,1.0,0.0,0.0,1,255,1.0,0.0,1.0,0.04,0.0,0.0,0.0,0,57506.0
0,1,46,5,0,0,0,0,0,0,0,0,0,190,1.0,1.0,0.0,0.0,0.01,0.07,0.0,255,11,0.04,0.07,0.0,0.0,1.0,1.0,0.0,1,121715.0
0,1,22,9,240,1469,0,0,1,0,0,0,0,7,0.0,0.0,0.0,0.0,1.0,0.0,0.25,29,255,1.0,0.0,0.03,0.02,0.0,0.0,0.0,0,73627.0
0,2,11,9,44,134,0,0,0,0,0,0,0,281,0.0,0.0,0.0,0.0,1.0,0.01,0.0,255,251,0.98,0.01,0.0,0.0,0.0,0.0,0.0,0,51615.0
0,2,11,9,34,0,0,0,0,0,0,0,0,1,0.0,0.0,0.0,0.0,1.0,0.0,1.0,240,48,0.19,0.02,0.19,0.04,0.0,0.0,0.0,0,95888.0
0,2,11,9,42,42,0,0,0,0,0,0,0,13,0.0,0.0,0.0,0.0,1.0,0.0,0.15,90,89,0.99,0.02,0.01,0.0,0.0,0.0,0.0,0,18182.0
0,1,22,9,322,1788,0,0,1,0,0,0,0,42,0.0,0.0,0.0,0.0,1.0,0.0,0.0,154,255,1.0,0.0,0.01,0.04,0.0,0.0,0.0,0,94540.0
0,1,22,5,0,0,0,0,0,0,0,0,0,278,1.0,1.0,0.0,0.0,0.02,0.06,0.0,255,5,0.02,0.06,0.0,0.0,1.0,1.0,0.0,1,1853.0
0,1,22,9,306,3751,0,0,1,0,0,0,0,2,0.0,0.0,0.0,0.0,1.0,0.0,0.0,20,255,1.0,0.0,0.05,0.05,0.0,0.0,0.0,0,113504.0
0,1,46,5,0,0,0,0,0,0,0,0,0,120,1.0,1.0,0.0,0.0,0.02,0.07,0.0,255,17,0.07,0.07,0.0,0.0,1.0,1.0,0.0,1,27374.0
0,1,46,5,0,0,0,0,0,0,0,0,0,165,1.0,1.0,0.0,0.0,0.05,0.06,0.0,255,18,0.07,0.06,0.0,0.0,1.0,1.0,0.0,1,71124.0
0,0,13,9,8,0,0,0,0,0,0,0,0,1,0.0,0.0,0.0,0.0,1.0,0.0,1.0,1,27,1.0,0.0,1.0,0.52,0.0,0.0,0.0,1,35613.0
0,1,22,1,0,0,0,0,0,0,0,0,0,1,0.0,0.0,1.0,1.0,1.0,0.0,0.0,6,114,1.0,0.0,0.17,0.11,0.0,0.0,1.0,0,5329.0
0,1,54,5,0,0,0,0,0,0,0,0,0,276,1.0,1.0,0.0,0.0,0.07,0.06,0.0,255,7,0.03,0.06,0.0,0.0,1.0,1.0,0.0,1,89239.0
0,1,22,9,244,250,0,0,1,0,0,0,0,3,0.0,0.0,0.0,0.0,1.0,0.0,0.5,213,255,1.0,0.0,0.0,0.01,0.0,0.0,0.0,0,84541.0
0,1,46,4,0,0,0,0,0,0,0,0,0,1,0.0,0.0,1.0,1.0,1.0,0.0,0.0,251,1,0.0,0.61,0.61,0.0,0.0,0.0,1.0,1,120619.0
0,1,46,5,0,0,0,0,0,0,0,0,0,140,1.0,1.0,0.0,0.0,0.02,0.06,0.0,255,23,0.09,0.05,0.0,0.0,1.0,1.0,0.0,1,103798.0
0,1,46,5,0,0,0,0,0,0,0,0,0,125,1.0,1.0,0.0,0.0,0.12,0.06,0.0,127,15,0.12,0.07,0.01,0.0,1.0,1.0,0.0,1,116123.0
0,1,22,9,320,2265,0,0,1,0,0,0,0,16,0.0,0.0,0.0,0.0,1.0,0.0,0.0,255,255,1.0,0.0,0.0,0.0,0.0,0.0,0.0,0,29101.0
0,1,35,5,0,0,0,0,0,0,0,0,0,299,1.0,1.0,0.0,0.0,0.08,0.05,0.0,255,25,0.1,0.05,0.0,0.0,1.0,1.0,0.0,1,80344.0
0,1,46,5,0,0,0,0,0,0,0,0,0,129,1.0,1.0,0.0,0.0,0.08,0.08,0.0,255,10,0.04,0.07,0.0,0.0,1.0,1.0,0.0,1,44722.0
0,1,38,5,0,0,0,0,0,0,0,0,0,145,1.0,1.0,0.0,0.0,0.03,0.06,0.0,255,5,0.02,0.07,0.0,0.0,1.0,1.0,0.0,1,53664.0
0,1,51,9,1003,332,0,0,1,0,0,0,0,1,0.0,0.0,0.0,0.0,1.0,0.0,1.0,88,39,0.44,0.07,0.01,0.0,0.0,0.0,0.0,0,9333.0
14360,1,41,4,1,0,0,0,0,0,0,0,0,2,0.0,0.0,1.0,1.0,1.0,0.0,0.0,255,2,0.01,0.68,1.0,0.0,0.0,0.0,1.0,1,12511.0
0,1,19,9,1363,0,0,0,1,0,0,0,0,2,0.0,0.0,0.0,0.0,1.0,0.0,0.0,103,38,0.37,0.05,0.37,0.0,0.0,0.0,0.0,0,104294.0
0,1,46,4,0,0,0,0,0,0,0,0,0,1,0.0,0.0,1.0,1.0,1.0,0.0,0.0,150,1,0.01,0.68,0.68,0.0,0.04,0.0,1.0,1,42524.0
0,1,22,9,230,9038,0,0,1,0,0,0,0,9,0.0,0.0,0.0,0.0,1.0,0.0,0.0,255,255,1.0,0.0,0.0,0.0,0.0,0.0,0.0,0,68023.0
0,1,22,9,267,1654,0,0,1,0,0,0,0,1,0.0,0.0,0.0,0.0,1.0,0.0,0.0,255,232,0.91,0.01,0.0,0.0,0.0,0.0,0.0,0,85350.0
0,1,22,9,282,261,0,0,1,0,0,0,0,13,0.0,0.0,0.0,0.0,1.0,0.0,0.0,255,255,1.0,0.0,0.0,0.0,0.0,0.0,0.0,0,69046.0
0,1,19,5,0,0,0,0,0,0,0,0,0,247,1.0,1.0,0.0,0.0,0.08,0.05,0.0,255,19,0.07,0.05,0.0,0.0,1.0,1.0,0.0,1,99201.0
27,1,18,9,874,2586,0,18,1,0,0,0,0,1,0.0,0.0,0.0,0.0,1.0,0.0,0.0,208,37,0.18,0.04,0.0,0.0,0.0,0.0,0.05,0,59636.0
0,1,17,5,0,0,0,0,0,0,0,0,0,1,1.0,1.0,0.0,0.0,1.0,0.0,0.0,255,61,0.24,0.02,0.0,0.0,1.0,1.0,0.0,1,73528.0
0,1,22,9,200,955,0,0,1,0,0,0,0,5,0.0,0.0,0.0,0.0,1.0,0.0,0.33,255,255,1.0,0.0,0.0,0.0,0.0,0.0,0.0,0,6972.0
0,1,22,9,227,1451,0,0,1,0,0,0,0,7,0.0,0.0,0.0,0.0,1.0,0.0,0.0,255,255,1.0,0.0,0.0,0.0,0.0,0.0,0.0,0,124262.0
0,1,22,9,223,10446,0,0,1,0,0,0,0,6,0.0,0.14,0.0,0.0,1.0,0.0,0.29,255,255,1.0,0.0,0.0,0.0,0.0,0.0,0.0,0,32349.0
0,1,10,5,0,0,0,0,0,0,0,0,0,23,1.0,1.0,0.0,0.0,0.43,0.13,0.0,255,16,0.06,0.07,0.0,0.0,1.0,1.0,0.0,1,67722.0
0,0,14,9,1480,0,1,0,0,0,0,0,0,13,0.0,0.0,0.0,0.0,1.0,0.0,0.0,255,14,0.05,0.08,0.05,0.0,0.56,0.0,0.0,0,121464.0
0,2,11,9,46,46,0,0,0,0,0,0,0,58,0.0,0.0,0.0,0.0,1.0,0.0,0.01,255,255,1.0,0.0,0.01,0.0,0.0,0.0,0.0,0,89669.0
0,1,16,5,0,0,0,0,0,0,0,0,0,120,1.0,1.0,0.0,0.0,0.16,0.06,0.0,255,19,0.07,0.06,0.0,0.0,1.0,1.0,0.0,1,122982.0
4345,2,41,9,147,105,0,0,0,0,0,0,0,5,0.0,0.0,0.0,0.0,0.2,0.6,0.0,255,1,0.0,0.73,0.99,0.0,0.0,0.0,0.0,0,15492.0
4,1,57,9,70,663,0,0,0,0,0,0,0,1,0.0,0.0,0.0,0.0,1.0,0.0,0.0,12,1,0.08,0.25,0.08,0.0,0.0,0.0,0.0,0,46990.0
0,1,22,9,260,6961,0,0,1,0,0,0,0,17,0.0,0.0,0.0,0.0,1.0,0.0,0.11,69,255,1.0,0.0,0.01,0.04,0.0,0.0,0.0,0,19133.0
0,1,19,9,1699,0,0,0,1,0,0,0,0,9,0.0,0.0,0.0,0.0,1.0,0.0,0.0,29,115,0.52,0.14,0.52,0.03,0.0,0.0,0.0,0,73774.0
0,0,13,9,8,0,0,0,0,0,0,0,0,1,0.0,0.0,0.0,0.0,1.0,0.0,1.0,2,6,1.0,0.0,1.0,0.5,0.0,0.0,0.0,1,106825.0
0,1,22,9,285,751,0,0,1,0,0,0,0,1,0.0,0.0,0.0,0.0,1.0,0.0,0.0,26,255,1.0,0.0,0.04,0.03,0.0,0.0,0.0,0,103155.0
0,1,57,5,0,0,0,0,0,0,0,0,0,35,1.0,1.0,0.0,0.0,0.49,0.06,0.0,59,21,0.32,0.05,0.05,0.1,0.97,0.81,0.0,1,110236.0
0,1,22,9,54540,8314,0,2,1,1,0,0,0,4,0.0,0.0,0.25,0.25,1.0,0.0,0.0,73,73,1.0,0.0,0.01,0.0,0.0,0.0,0.19,1,49118.0
0,1,46,5,0,0,0,0,0,0,0,0,0,35,1.0,1.0,0.0,0.0,0.34,0.17,0.0,255,12,0.05,0.08,0.0,0.0,1.0,1.0,0.0,1,53475.0
0,1,22,9,238,2063,0,0,1,0,0,0,0,23,0.0,0.0,0.0,0.0,1.0,0.0,0.08,75,255,1.0,0.0,0.01,0.04,0.0,0.0,0.0,0,21041.0
0,1,51,9,1428,501,0,0,1,0,0,0,0,1,0.0,0.0,0.0,0.0,1.0,0.0,0.0,116,215,0.85,0.03,0.01,0.01,0.0,0.0,0.0,0,100284.0
1,1,51,9,1205,335,0,0,1,0,0,0,0,1,0.0,0.0,0.0,0.0,1.0,0.0,1.0,136,146,0.54,0.24,0.01,0.01,0.04,0.01,0.0,0,72228.0
0,1,34,5,0,0,0,0,0,0,0,0,0,272,1.0,1.0,0.0,0.0,0.07,0.06,0.0,255,14,0.05,0.07,0.0,0.0,1.0,1.0,0.0,1,75610.0
0,1,51,9,1670,329,0,0,1,0,0,0,0,1,0.0,0.0,0.0,0.0,1.0,0.0,0.0,252,180,0.71,0.02,0.0,0.0,0.0,0.0,0.0,0,64251.0
0,1,22,9,358,2631,0,0,1,0,0,0,0,4,0.0,0.0,0.0,0.0,1.0,0.0,0.0,61,121,1.0,0.0,0.02,0.03,0.0,0.0,0.0,0,25924.0
0,2,46,9,1,0,0,0,0,0,0,0,0,143,0.0,0.0,0.0,0.0,0.93,0.01,0.0,255,201,0.79,0.03,1.0,0.0,0.0,0.0,0.0,1,19786.0
0,1,22,9,54540,8314,0,2,1,1,0,0,0,4,0.0,0.0,0.0,0.0,1.0,0.0,0.0,107,107,1.0,0.0,0.01,0.0,0.0,0.0,0.05,1,110626.0
0,2,11,9,42,106,0,0,0,0,0,0,0,214,0.0,0.0,0.0,0.0,1.0,0.01,0.0,255,240,0.94,0.02,0.0,0.0,0.0,0.0,0.0,0,63769.0
0,1,51,9,727,284,0,0,1,0,0,0,0,1,0.0,0.0,0.0,0.0,1.0,0.0,0.0,197,121,0.4,0.04,0.01,0.02,0.0,0.0,0.0,0,74841.0
0,1,55,1,0,0,0,0,0,0,0,0,0,137,0.0,0.0,1.0,1.0,0.01,0.07,0.0,255,1,0.0,0.07,0.0,0.0,0.0,0.0,1.0,1,4280.0
0,2,11,9,35,0,0,0,0,0,0,0,0,1,0.0,0.0,0.0,0.0,1.0,0.0,1.0,246,31,0.13,0.02,0.13,0.0,0.0,0.0,0.0,0,38367.0
0,1,19,9,5891,0,0,0,0,0,0,0,0,17,0.0,0.0,0.0,0.0,1.0,0.0,0.0,255,23,0.09,0.07,0.09,0.0,0.85,0.0,0.0,0,25150.0
0,1,46,5,0,0,0,0,0,0,0,0,0,112,1.0,1.0,0.0,0.0,0.14,0.05,0.0,255,12,0.05,0.05,0.0,0.0,1.0,1.0,0.0,1,24197.0
0,0,14,9,1032,0,0,0,0,0,0,0,0,511,0.0,0.0,0.0,0.0,1.0,0.0,0.0,255,87,0.34,0.04,0.34,0.0,0.08,0.0,0.0,1,55187.0
0,1,46,1,0,0,0,0,0,0,0,0,0,144,0.0,0.0,1.0,1.0,0.1,0.06,0.0,255,29,0.11,0.05,0.0,0.0,0.0,0.0,1.0,1,1036.0
0,1,51,9,877,337,0,0,1,0,0,0,0,1,0.0,0.0,0.0,0.0,1.0,0.0,1.0,177,125,0.41,0.03,0.01,0.02,0.01,0.01,0.0,0,64230.0
0,1,38,5,0,0,0,0,0,0,0,0,0,115,1.0,1.0,0.0,0.0,0.03,0.06,0.0,255,17,0.07,0.07,0.0,0.0,1.0,1.0,0.0,1,48930.0
0,1,19,9,501760,0,0,0,1,0,0,0,0,2,0.0,0.0,0.0,0.0,1.0,0.0,0.0,29,57,0.21,0.1,0.21,0.05,0.0,0.0,0.0,0,67489.0
0,1,22,9,244,9737,0,0,1,0,0,0,0,9,0.0,0.0,0.0,0.0,1.0,0.0,0.0,98,255,1.0,0.0,0.01,0.02,0.0,0.0,0.0,0,22634.0
0,1,51,9,1429,330,0,0,1,0,0,0,0,1,0.0,0.0,0.0,0.0,1.0,0.0,0.0,45,61,0.2,0.07,0.02,0.03,0.0,0.0,0.0,0,59521.0
0,1,31,5,0,0,0,0,0,0,0,0,0,74,1.0,1.0,0.0,0.0,0.04,0.08,0.0,255,3,0.01,0.06,0.0,0.0,1.0,1.0,0.0,1,109916.0
0,1,22,9,287,324,0,0,1,0,0,0,0,6,0.0,0.0,0.0,0.0,1.0,0.0,0.08,255,255,1.0,0.0,0.0,0.0,0.0,0.0,0.0,0,18989.0
0,1,51,9,797,283,0,0,1,0,0,0,0,1,0.0,0.0,0.0,0.0,1.0,0.0,0.0,191,191,0.69,0.03,0.01,0.01,0.0,0.0,0.0,0,124770.0
0,1,35,5,0,0,0,0,0,0,0,0,0,122,1.0,1.0,0.0,0.0,0.06,0.07,0.0,255,7,0.03,0.09,0.0,0.0,1.0,1.0,0.0,1,103351.0
0,1,2,5,0,0,0,0,0,0,0,0,0,16,1.0,1.0,0.0,0.0,0.19,0.25,0.0,255,9,0.04,0.08,0.0,0.0,1.0,1.0,0.0,1,553.0
0,1,19,9,3888,0,0,0,0,0,0,0,0,21,0.0,0.0,0.0,0.0,1.0,0.0,0.0,255,27,0.11,0.45,0.11,0.0,0.0,0.0,0.0,0,57941.0
0,1,22,9,317,264,0,0,1,0,0,0,0,12,0.0,0.0,0.0,0.0,1.0,0.0,0.16,38,255,1.0,0.0,0.03,0.01,0.0,0.0,0.01,0,70472.0
0,1,38,1,0,0,0,0,0,0,0,0,0,137,0.0,0.0,1.0,1.0,0.11,0.06,0.0,255,15,0.06,0.05,0.0,0.0,0.0,0.0,1.0,1,66594.0
0,1,22,9,336,1352,0,0,1,0,0,0,0,20,0.0,0.0,0.0,0.0,1.0,0.0,0.0,255,255,1.0,0.0,0.0,0.0,0.0,0.0,0.0,0,77547.0
0,1,52,1,0,0,0,0,0,0,0,0,0,232,0.0,0.0,1.0,1.0,0.08,0.06,0.0,255,18,0.07,0.07,0.0,0.0,0.0,0.0,1.0,1,101439.0
0,1,60,9,0,4,0,0,0,0,0,0,0,1,0.0,0.0,0.0,0.0,1.0,0.0,0.0,21,21,1.0,0.0,0.05,0.0,0.14,0.14,0.0,0,21341.0
0,1,22,4,15492,8314,0,2,1,1,0,0,0,5,0.0,0.0,0.2,0.33,1.0,0.0,0.33,255,255,1.0,0.0,0.0,0.0,0.0,0.0,0.05,0,115021.0
6,1,51,9,948,326,0,0,1,0,0,0,0,1,0.0,0.0,0.0,0.0,1.0,0.0,0.0,24,139,1.0,0.0,0.04,0.02,0.0,0.0,0.0,0,37299.0
0,1,22,9,255,28735,0,0,1,0,0,0,0,5,0.0,0.0,0.0,0.0,1.0,0.0,0.0,255,252,0.99,0.01,0.0,0.0,0.0,0.0,0.0,0,36690.0
0,1,22,9,244,744,0,0,1,0,0,0,0,34,0.0,0.0,0.0,0.0,1.0,0.0,0.0,255,255,1.0,0.0,0.0,0.0,0.0,0.0,0.0,0,36376.0
0,1,17,5,0,0,0,0,0,0,0,0,0,283,1.0,1.0,0.0,0.0,0.02,0.05,0.0,255,6,0.02,0.05,0.0,0.0,1.0,1.0,0.0,1,89206.0
0,1,19,9,641,0,0,0,1,0,0,0,0,3,0.0,0.0,0.0,0.0,0.67,0.67,0.0,6,5,0.83,0.33,0.83,0.0,0.0,0.0,0.0,0,111768.0
0,1,22,9,322,9418,0,0,1,0,0,0,0,42,0.0,0.0,0.0,0.0,1.0,0.0,0.0,255,255,1.0,0.0,0.0,0.0,0.0,0.0,0.0,0,30579.0
0,1,22,9,235,4393,0,0,1,0,0,0,0,9,0.0,0.0,0.0,0.0,1.0,0.0,0.0,101,255,1.0,0.0,0.01,0.03,0.01,0.0,0.0,0,26312.0
0,1,46,1,0,0,0,0,0,0,0,0,0,106,0.0,0.0,1.0,1.0,0.06,0.08,0.0,255,6,0.02,0.06,0.0,0.0,0.0,0.0,1.0,1,95664.0
0,1,22,9,196,3946,0,0,1,0,0,0,0,28,0.0,0.0,0.0,0.0,1.0,0.0,0.0,150,255,1.0,0.0,0.01,0.03,0.0,0.0,0.0,0,106882.0
0,1,18,5,0,0,0,0,0,0,0,0,0,54,1.0,1.0,0.0,0.0,0.19,0.09,0.0,255,17,0.07,0.07,0.0,0.0,1.0,1.0,0.0,1,33232.0
0,0,13,9,8,0,0,0,0,0,0,0,0,1,0.0,0.0,0.0,0.0,1.0,0.0,1.0,1,69,1.0,0.0,1.0,0.51,0.0,0.0,0.0,1,2280.0
0,0,14,9,1032,0,0,0,0,0,0,0,0,368,0.0,0.0,0.0,0.0,1.0,0.0,0.0,255,201,0.79,0.02,0.79,0.0,0.0,0.0,0.0,1,46655.0
0,1,41,1,0,0,0,0,0,0,0,0,0,343,0.06,0.0,0.9,1.0,0.0,1.0,0.0,255,1,0.0,1.0,0.0,0.0,0.08,0.0,1.0,1,38165.0
0,1,22,1,0,0,0,0,0,0,0,0,0,1,0.0,0.0,1.0,1.0,1.0,0.0,0.0,55,255,1.0,0.0,0.02,0.07,0.0,0.0,0.73,0,40239.0
0,2,46,9,1,0,0,0,0,0,0,0,0,153,0.0,0.0,0.0,0.0,0.93,0.01,0.0,255,206,0.81,0.03,1.0,0.0,0.0,0.0,0.0,1,115946.0
388,2,41,9,147,105,0,0,0,0,0,0,0,1,0.0,0.0,0.0,0.0,1.0,0.0,0.0,41,1,0.02,0.76,1.0,0.0,0.0,0.0,0.0,0,114537.0
0,1,22,1,0,0,0,0,0,0,0,0,0,1,0.0,0.0,1.0,1.0,1.0,0.0,0.67,9,255,1.0,0.0,0.11,0.07,0.0,0.0,0.8,0,125006.0
0,1,22,9,214,293,0,0,1,0,0,0,0,2,0.5,0.5,0.0,0.0,1.0,0.0,0.0,53,255,1.0,0.0,0.02,0.05,0.02,0.0,0.0,0,90997.0
0,1,17,5,0,0,0,0,0,0,0,0,0,212,1.0,1.0,0.0,0.0,0.04,0.07,0.0,255,8,0.03,0.08,0.0,0.0,1.0,1.0,0.0,1,80212.0
0,1,41,1,0,0,0,0,0,0,0,0,0,509,0.23,0.0,0.76,1.0,0.0,1.0,0.0,255,1,0.0,1.0,0.0,0.0,0.18,0.0,1.0,1,2764.0
0,1,19,9,567,0,0,0,1,0,0,6,0,1,0.0,0.0,0.0,0.0,1.0,0.0,0.0,82,49,0.11,0.07,0.11,0.04,0.0,0.0,0.0,0,44154.0
0,1,51,9,1143,329,0,0,1,0,0,0,0,1,0.0,0.0,0.0,0.0,1.0,0.0,0.0,162,119,0.6,0.03,0.01,0.02,0.0,0.0,0.0,0,22820.0
0,1,55,5,0,0,0,0,0,0,0,0,0,122,1.0,1.0,0.0,0.0,0.1,0.08,0.0,255,12,0.05,0.07,0.0,0.0,1.0,1.0,0.0,1,67386.0
0,1,22,9,225,4026,0,0,1,0,0,0,0,14,0.0,0.0,0.0,0.0,1.0,0.0,0.13,222,255,1.0,0.0,0.0,0.02,0.0,0.0,0.0,0,99341.0
0,1,5,5,0,0,0,0,0,0,0,0,0,138,1.0,1.0,0.0,0.0,0.06,0.07,0.0,255,20,0.08,0.07,0.0,0.0,1.0,1.0,0.0,1,102519.0
0,1,19,9,29,0,0,0,1,0,0,0,0,2,0.5,0.5,0.0,0.0,1.0,0.0,0.0,39,72,0.46,0.13,0.46,0.03,0.05,0.06,0.0,0,63080.0
0,1,22,5,0,0,0,0,0,0,0,0,0,5,0.4,0.33,0.0,0.0,1.0,0.0,0.33,255,255,1.0,0.0,0.01,0.0,0.01,0.01,0.0,0,8451.0
0,1,22,9,299,480,0,0,1,0,0,0,0,7,0.0,0.0,0.0,0.0,1.0,0.0,0.25,93,255,1.0,0.0,0.01,0.02,0.0,0.0,0.0,0,103747.0
0,1,46,5,0,0,0,0,0,0,0,0,0,148,1.0,1.0,0.0,0.0,0.08,0.05,0.0,255,3,0.01,0.07,0.0,0.0,1.0,1.0,0.0,1,72411.0
0,1,22,9,209,2894,0,0,1,0,0,0,0,53,0.0,0.0,0.0,0.0,1.0,0.0,0.04,255,255,1.0,0.0,0.0,0.0,0.0,0.0,0.0,0,11921.0
0,2,46,9,28,0,3,0,0,0,0,0,0,29,0.0,0.0,0.03,0.0,0.97,0.07,0.0,255,28,0.11,0.02,0.11,0.0,0.0,0.0,0.0,1,81130.0
0,1,46,1,0,0,0,0,0,0,0,0,0,284,0.03,0.0,0.95,1.0,0.0,1.0,0.0,255,1,0.0,0.97,0.0,0.0,0.04,0.0,1.0,1,65538.0
0,1,46,1,0,0,0,0,0,0,0,0,0,1,0.0,0.0,1.0,1.0,1.0,0.0,0.0,57,2,0.02,1.0,0.02,1.0,0.0,0.0,1.0,1,39326.0
0,0,13,9,8,0,0,0,0,0,0,0,0,1,0.0,0.0,0.0,0.0,1.0,0.0,1.0,1,149,1.0,0.0,1.0,0.5,0.0,0.0,0.0,1,119843.0
0,1,22,9,208,773,0,0,1,0,0,0,0,19,0.0,0.0,0.0,0.0,1.0,0.0,0.05,74,255,1.0,0.0,0.01,0.05,0.0,0.0,0.0,0,91742.0
0,1,19,9,2015,0,0,0,1,0,0,0,0,1,0.0,0.0,0.0,0.0,1.0,0.0,1.0,255,66,0.26,0.02,0.02,0.0,0.95,0.92,0.0,0,95907.0
0,2,11,9,45,84,0,0,0,0,0,0,0,222,0.0,0.0,0.0,0.0,1.0,0.0,0.0,255,255,1.0,0.0,0.01,0.0,0.0,0.0,0.0,0,70303.0
0,0,13,9,8,0,0,0,0,0,0,0,0,1,0.0,0.0,0.0,0.0,1.0,0.0,1.0,1,23,1.0,0.0,1.0,0.52,0.0,0.0,0.0,1,46629.0
0,1,22,1,0,0,0,0,0,0,0,0,0,1,0.0,0.0,1.0,1.0,1.0,0.0,0.0,6,71,1.0,0.0,0.17,0.24,0.0,0.0,1.0,0,116461.0
0,1,46,1,0,0,0,0,0,0,0,0,0,203,0.0,0.0,1.0,1.0,0.08,0.07,0.0,255,16,0.06,0.08,0.0,0.0,0.0,0.0,1.0,1,23174.0
0,1,22,9,222,25804,0,0,1,0,0,0,0,44,0.0,0.0,0.02,0.02,1.0,0.0,0.0,93,255,1.0,0.0,0.02,0.03,0.0,0.0,0.01,0,37953.0
0,1,22,9,190,8380,0,0,1,0,0,0,0,3,0.0,0.0,0.0,0.0,1.0,0.0,0.0,255,255,1.0,0.0,0.0,0.0,0.0,0.0,0.0,0,73268.0
0,1,19,9,748,0,0,0,0,0,0,0,0,1,0.0,0.0,0.0,0.0,1.0,0.0,0.0,128,26,0.2,0.02,0.2,0.0,0.0,0.0,0.0,0,62606.0
0,1,22,9,310,1122,0,0,1,0,0,0,0,3,0.0,0.0,0.0,0.0,1.0,0.0,0.12,3,255,1.0,0.0,0.33,0.03,0.0,0.0,0.0,0,39049.0
0,1,22,9,226,1245,0,0,1,0,0,0,0,6,0.0,0.0,0.0,0.0,1.0,0.0,0.0,34,255,1.0,0.0,0.03,0.03,0.0,0.0,0.0,0,87597.0
0,1,22,1,0,0,0,0,0,0,0,0,0,18,0.0,0.0,0.78,0.78,1.0,0.0,0.0,21,174,1.0,0.0,0.05,0.22,0.0,0.0,0.98,0,73152.0
0,1,22,9,217,292,0,0,1,0,0,0,0,14,0.0,0.0,0.0,0.0,1.0,0.0,0.0,186,255,1.0,0.0,0.01,0.02,0.0,0.0,0.0,0,47273.0
0,1,22,9,297,4146,0,0,1,0,0,0,0,3,0.33,0.33,0.0,0.0,1.0,0.0,0.0,92,255,1.0,0.0,0.01,0.02,0.01,0.0,0.0,0,89225.0
0,2,11,9,44,44,0,0,0,0,0,0,0,171,0.0,0.0,0.0,0.0,1.0,0.0,0.0,255,255,1.0,0.0,0.0,0.0,0.0,0.0,0.0,0,72017.0
0,1,30,1,0,0,0,0,0,0,0,0,0,272,0.0,0.0,1.0,1.0,0.03,0.06,0.0,255,8,0.03,0.07,0.0,0.0,0.0,0.0,1.0,1,71243.0
0,1,46,5,0,0,0,0,0,0,0,0,0,87,1.0,1.0,0.0,0.0,0.2,0.07,0.0,195,17,0.09,0.07,0.01,0.0,1.0,1.0,0.0,1,64988.0
0,1,22,9,293,10306,0,0,1,0,0,0,0,1,0.0,0.0,0.0,0.0,1.0,0.0,0.67,255,255,1.0,0.0,0.0,0.0,0.0,0.0,0.0,0,98827.0
0,1,22,9,413,8801,0,0,1,0,0,0,0,15,0.0,0.0,0.0,0.0,1.0,0.0,0.0,255,255,1.0,0.0,0.0,0.0,0.0,0.0,0.0,0,31350.0
0,1,57,5,0,0,0,0,0,0,0,0,0,51,1.0,1.0,0.0,0.0,0.33,0.06,0.0,255,70,0.27,0.02,0.01,0.0,1.0,1.0,0.0,1,57027.0
0,1,57,5,0,0,0,0,0,0,0,0,0,293,1.0,1.0,0.0,0.0,0.0,0.06,0.0,255,1,0.0,0.07,0.0,0.0,1.0,1.0,0.0,1,9057.0
0,1,56,5,0,0,0,0,0,0,0,0,0,188,1.0,1.0,0.0,0.0,0.01,0.07,0.0,255,1,0.0,0.08,0.0,0.0,1.0,1.0,0.0,1,46660.0
0,1,46,1,0,0,0,0,0,0,0,0,0,108,0.0,0.0,1.0,1.0,0.17,0.07,0.0,255,18,0.07,0.06,0.0,0.0,0.0,0.0,1.0,1,49510.0
0,1,46,5,0,0,0,0,0,0,0,0,0,239,1.0,1.0,0.0,0.0,0.08,0.06,0.0,255,12,0.05,0.06,0.0,0.0,1.0,1.0,0.0,1,92452.0
0,2,11,9,44,128,0,0,0,0,0,0,0,68,0.0,0.0,0.0,0.0,1.0,0.0,0.01,255,232,0.91,0.01,0.0,0.0,0.0,0.0,0.0,0,33242.0
0,1,38,1,0,0,0,0,0,0,0,0,0,107,0.0,0.0,1.0,1.0,0.04,0.07,0.0,255,4,0.02,0.07,0.0,0.0,0.0,0.0,1.0,1,41196.0
0,1,16,2,0,0,0,0,0,0,0,0,0,115,0.0,0.0,1.0,1.0,0.01,0.07,0.0,255,1,0.0,0.06,0.0,0.0,0.0,0.0,1.0,1,9743.0
0,1,22,9,299,1291,0,0,1,0,0,0,0,13,0.0,0.0,0.0,0.0,1.0,0.0,0.0,13,255,1.0,0.0,0.08,0.02,0.0,0.0,0.0,0,50850.0
3,1,51,9,1237,335,0,0,1,0,0,0,0,1,0.0,0.0,0.0,0.0,1.0,0.0,1.0,203,142,0.54,0.01,0.0,0.01,0.0,0.0,0.0,0,26260.0
0,1,5,5,0,0,0,0,0,0,0,0,0,128,1.0,1.0,0.0,0.0,0.1,0.06,0.0,255,8,0.03,0.08,0.0,0.0,1.0,1.0,0.0,1,36425.0
0,1,46,5,0,0,0,0,0,0,0,0,0,179,1.0,1.0,0.0,0.0,0.1,0.05,0.0,120,18,0.15,0.08,0.01,0.0,0.88,1.0,0.0,1,81866.0
0,1,22,9,219,370,0,0,1,0,0,0,0,7,0.0,0.0,0.0,0.0,1.0,0.0,0.0,255,255,1.0,0.0,0.01,0.0,0.0,0.0,0.0,0,62470.0
0,1,22,9,214,185,0,0,1,0,0,0,0,12,0.0,0.0,0.0,0.0,1.0,0.0,0.0,255,255,1.0,0.0,0.0,0.0,0.0,0.0,0.0,0,121078.0
0,1,46,1,0,0,0,0,0,0,0,0,0,188,0.0,0.0,1.0,1.0,0.1,0.07,0.0,255,19,0.07,0.08,0.0,0.0,0.0,0.0,1.0,1,110178.0
0,1,22,9,211,11359,0,0,1,0,0,0,0,38,0.0,0.0,0.0,0.0,1.0,0.0,0.0,123,254,1.0,0.0,0.01,0.1,0.0,0.0,0.67,0,33877.0
0,1,22,5,0,0,0,0,0,0,0,0,0,7,1.0,1.0,0.0,0.0,1.0,0.0,0.0,9,7,0.78,0.22,0.11,0.0,0.78,1.0,0.0,1,94292.0
0,1,22,9,297,616,0,0,1,0,0,0,0,21,0.0,0.0,0.0,0.0,1.0,0.0,0.0,241,255,1.0,0.0,0.0,0.01,0.0,0.0,0.0,0,21523.0
0,1,22,9,314,2077,0,0,1,0,0,0,0,19,0.0,0.0,0.0,0.0,1.0,0.0,0.0,19,255,1.0,0.0,0.05,0.06,0.0,0.0,0.0,0,11724.0
0,1,22,9,340,6631,0,0,1,0,0,0,0,16,0.0,0.0,0.0,0.0,1.0,0.0,0.11,40,255,1.0,0.0,0.03,0.05,0.0,0.0,0.0,0,109552.0
0,1,22,9,331,10355,0,0,1,0,0,0,0,6,0.0,0.0,0.0,0.0,1.0,0.0,0.27,6,255,1.0,0.0,0.17,0.01,0.0,0.0,0.01,0,31196.0
0,1,46,5,0,0,0,0,0,0,0,0,0,105,1.0,1.0,0.0,0.0,0.1,0.08,0.0,255,11,0.04,0.06,0.0,0.0,1.0,1.0,0.0,1,14061.0
0,1,22,1,0,0,0,0,0,0,0,0,0,1,0.0,0.0,1.0,1.0,1.0,0.0,1.0,22,255,1.0,0.0,0.05,0.1,0.0,0.0,0.8,0,20073.0
0,1,22,9,285,25519,0,0,1,0,0,0,0,3,0.33,0.33,0.0,0.0,1.0,0.0,0.0,255,255,1.0,0.0,0.0,0.0,0.01,0.01,0.0,0,69052.0
0,2,11,9,46,133,0,0,0,0,0,0,0,77,0.0,0.0,0.0,0.0,1.0,0.0,0.01,255,208,0.82,0.02,0.0,0.0,0.0,0.0,0.0,0,120379.0
0,1,46,5,0,0,0,0,0,0,0,0,0,287,1.0,1.0,0.0,0.0,0.02,0.06,0.0,255,13,0.05,0.07,0.0,0.0,1.0,1.0,0.0,1,48718.0
2730,2,41,9,147,105,0,0,0,0,0,0,0,1,0.0,0.0,0.0,0.0,1.0,0.0,0.0,255,1,0.0,0.74,0.99,0.0,0.0,0.0,0.0,0,51851.0
0,1,46,5,0,0,0,0,0,0,0,0,0,127,1.0,1.0,0.0,0.0,0.02,0.06,0.0,255,2,0.01,0.08,0.0,0.0,1.0,1.0,0.0,1,30475.0
0,1,22,9,361,10279,0,0,1,0,0,0,0,31,0.0,0.0,0.0,0.0,1.0,0.0,0.0,81,255,1.0,0.0,0.01,0.01,0.0,0.0,0.0,0,83129.0
0,1,6,5,0,0,0,0,0,0,0,0,0,285,1.0,1.0,0.0,0.0,0.09,0.05,0.0,255,25,0.1,0.05,0.0,0.0,1.0,1.0,0.0,1,44639.0
0,1,19,9,35195,0,0,0,0,0,0,0,0,22,0.0,0.0,0.0,0.0,1.0,0.0,0.0,219,64,0.29,0.02,0.29,0.0,0.0,0.0,0.0,0,84290.0
6680,2,41,9,147,105,0,0,0,0,0,0,0,5,0.0,0.0,0.0,0.0,0.2,0.6,0.0,255,2,0.01,0.56,0.94,0.0,0.0,0.0,0.0,0,87012.0
0,1,21,5,0,0,0,0,0,0,0,0,0,266,1.0,1.0,0.0,0.0,0.08,0.05,0.0,255,20,0.08,0.05,0.0,0.0,1.0,1.0,0.0,1,60425.0
0,1,19,1,0,0,0,0,0,0,0,0,0,216,0.0,0.0,1.0,1.0,0.05,0.06,0.0,255,10,0.04,0.08,0.0,0.0,0.0,0.0,1.0,1,80589.0
0,1,22,2,0,0,0,0,1,0,0,0,0,2,0.0,0.0,0.5,0.5,1.0,0.0,0.0,2,255,1.0,0.0,1.0,0.04,0.0,0.02,0.0,0,91782.0
0,2,11,9,45,77,0,0,0,0,0,0,0,76,0.0,0.0,0.0,0.0,1.0,0.0,0.01,255,254,1.0,0.01,0.0,0.0,0.0,0.0,0.0,0,81370.0
0,2,11,9,44,74,0,0,0,0,0,0,0,152,0.0,0.0,0.0,0.0,1.0,0.0,0.0,255,249,0.98,0.01,0.01,0.0,0.0,0.0,0.0,0,35827.0
0,0,13,9,8,0,0,0,0,0,0,0,0,1,0.0,0.0,0.0,0.0,1.0,0.0,1.0,2,58,1.0,0.0,1.0,0.5,0.0,0.0,0.0,1,10224.0
0,1,10,5,0,0,0,0,0,0,0,0,0,97,1.0,1.0,0.0,0.0,0.07,0.06,0.0,255,6,0.02,0.08,0.0,0.0,1.0,1.0,0.0,1,81049.0
0,1,46,5,0,0,0,0,0,0,0,0,0,147,1.0,1.0,0.0,0.0,0.12,0.05,0.0,255,18,0.07,0.06,0.0,0.0,1.0,1.0,0.0,1,97839.0
0,1,44,5,0,0,0,0,0,0,0,0,0,284,1.0,1.0,0.0,0.0,0.07,0.06,0.0,255,20,0.08,0.06,0.0,0.0,1.0,1.0,0.0,1,86399.0
0,1,22,9,193,7205,0,0,1,0,0,0,0,10,0.0,0.0,0.0,0.0,1.0,0.0,0.18,71,255,1.0,0.0,0.01,0.03,0.0,0.0,0.0,0,44713.0
0,1,22,1,0,0,0,0,0,0,0,0,0,1,0.0,0.0,1.0,1.0,1.0,0.0,0.0,29,255,1.0,0.0,0.03,0.09,0.0,0.0,0.67,0,42095.0
0,1,22,9,230,1285,0,0,1,0,0,0,0,1,0.0,0.0,0.0,0.0,1.0,0.0,1.0,35,255,1.0,0.0,0.03,0.02,0.0,0.0,0.0,0,36740.0
0,1,22,9,211,1197,0,0,1,0,0,0,0,3,0.33,0.33,0.0,0.0,1.0,0.0,0.0,147,255,1.0,0.0,0.01,0.01,0.01,0.01,0.0,0,120432.0
0,1,46,5,0,0,0,0,0,0,0,0,0,247,1.0,1.0,0.0,0.0,0.0,0.06,0.0,255,2,0.01,0.06,0.0,0.0,1.0,1.0,0.0,1,83498.0
0,1,22,9,356,1805,0,0,1,0,0,0,0,19,0.0,0.0,0.0,0.0,1.0,0.0,0.17,147,255,1.0,0.0,0.01,0.02,0.0,0.0,0.03,0,65014.0
0,1,22,9,298,7299,0,0,1,0,0,0,0,1,0.0,0.0,0.0,0.0,1.0,0.0,0.0,255,255,1.0,0.0,0.0,0.0,0.0,0.0,0.0,0,1776.0
0,1,19,9,748,0,0,0,1,0,0,9,0,1,0.0,0.0,0.0,0.0,1.0,0.0,0.0,255,75,0.29,0.02,0.29,0.0,0.0,0.0,0.0,0,26825.0
0,1,22,9,207,334,0,0,1,0,0,0,0,30,0.0,0.0,0.0,0.0,1.0,0.0,0.12,255,255,1.0,0.0,0.0,0.0,0.0,0.0,0.0,0,105036.0
0,1,46,1,0,0,0,0,0,0,0,0,0,121,0.0,0.0,1.0,1.0,0.05,0.06,0.0,255,6,0.02,0.05,0.0,0.0,0.0,0.0,1.0,1,100609.0
0,0,13,9,8,0,0,0,0,0,0,0,0,1,0.0,0.0,0.0,0.0,1.0,0.0,1.0,1,85,1.0,0.0,1.0,0.51,0.0,0.0,0.0,1,26150.0
2,1,51,9,658,324,0,0,1,0,0,0,0,1,0.0,0.0,0.0,0.0,1.0,0.0,0.0,102,169,0.65,0.06,0.01,0.01,0.0,0.0,0.0,0,59618.0
0,1,22,9,237,458,0,0,1,0,0,0,0,3,0.33,0.43,0.0,0.0,1.0,0.0,0.29,169,255,1.0,0.0,0.01,0.02,0.01,0.01,0.01,0,34063.0
0,1,19,9,501760,0,0,0,1,0,0,0,0,2,0.0,0.0,0.0,0.0,1.0,0.0,0.0,255,6,0.02,0.01,0.02,0.0,0.0,0.0,0.0,0,31224.0
0,1,26,5,0,0,0,0,0,0,0,0,0,267,1.0,1.0,0.0,0.0,0.07,0.06,0.0,255,20,0.08,0.08,0.0,0.0,1.0,1.0,0.0,1,78776.0
0,1,19,5,0,0,0,0,0,0,0,0,0,6,1.0,1.0,0.0,0.0,0.83,0.33,0.0,255,61,0.24,0.04,0.0,0.0,1.0,1.0,0.0,1,28093.0
0,1,22,9,288,7367,0,0,1,0,0,0,0,12,0.0,0.0,0.0,0.0,1.0,0.0,0.21,45,255,1.0,0.0,0.02,0.02,0.0,0.01,0.0,0,6352.0
0,1,22,9,319,12573,0,0,1,0,0,0,0,2,0.0,0.0,0.0,0.0,1.0,0.0,0.67,84,255,1.0,0.0,0.02,0.01,0.0,0.0,0.0,0,57437.0
0,2,11,9,44,77,0,0,0,0,0,0,0,66,0.0,0.0,0.0,0.0,1.0,0.0,0.0,141,101,0.72,0.01,0.01,0.0,0.0,0.0,0.0,0,69964.0
0,2,11,9,43,43,0,0,0,0,0,0,0,45,0.0,0.0,0.0,0.0,1.0,0.0,0.0,255,254,1.0,0.01,0.0,0.0,0.0,0.0,0.0,0,24695.0
0,1,57,5,0,0,0,0,0,0,0,0,0,211,1.0,1.0,0.0,0.0,0.02,0.07,0.0,255,5,0.02,0.09,0.0,0.0,1.0,1.0,0.0,1,70227.0
0,0,13,9,8,0,0,0,0,0,0,0,0,1,0.0,0.0,0.0,0.0,1.0,0.0,1.0,1,27,1.0,0.0,1.0,0.52,0.0,0.0,0.0,1,58813.0
0,1,22,9,316,4704,0,0,1,0,0,0,0,1,0.0,0.0,0.0,0.0,1.0,0.0,1.0,7,255,1.0,0.0,0.14,0.07,0.0,0.0,0.0,0,9649.0
0,1,46,5,0,0,0,0,0,0,0,0,0,260,1.0,1.0,0.0,0.0,0.03,0.05,0.0,218,7,0.03,0.06,0.0,0.0,0.99,1.0,0.0,1,64952.0
0,2,41,9,146,0,0,0,0,0,0,0,0,1,0.0,0.0,0.0,0.0,1.0,0.0,0.0,255,1,0.0,0.61,0.88,0.0,0.0,0.0,0.0,0,31304.0
0,1,32,5,0,0,0,0,0,0,0,0,0,209,1.0,1.0,0.0,0.0,0.1,0.05,0.0,255,21,0.08,0.05,0.0,0.0,1.0,1.0,0.0,1,59256.0
0,1,28,5,0,0,0,0,0,0,0,0,0,148,1.0,1.0,0.0,0.0,0.05,0.06,0.0,255,8,0.03,0.06,0.0,0.0,1.0,1.0,0.0,1,82589.0
0,1,19,9,16115,0,0,0,1,0,0,0,0,13,0.0,0.0,0.0,0.0,1.0,0.0,0.0,175,58,0.28,0.04,0.28,0.03,0.0,0.0,0.0,0,47876.0
0,1,46,5,0,0,0,0,0,0,0,0,0,114,1.0,1.0,0.0,0.0,0.18,0.05,0.0,255,7,0.03,0.06,0.0,0.0,1.0,1.0,0.0,1,102402.0
0,1,19,5,0,0,0,0,0,0,0,0,0,272,1.0,1.0,0.0,0.0,0.07,0.07,0.0,255,18,0.07,0.08,0.0,0.0,1.0,1.0,0.0,1,3769.0
0,2,11,9,17,70,0,0,0,0,0,0,0,1,0.0,0.0,0.0,0.0,1.0,0.0,1.0,175,228,1.0,0.0,1.0,0.01,0.0,0.0,0.0,0,8890.0
0,1,51,9,5248,334,0,0,1,0,0,0,0,1,0.0,0.0,0.0,0.0,1.0,0.0,1.0,142,151,0.48,0.04,0.01,0.01,0.0,0.0,0.0,0,91809.0
0,1,2,1,0,0,0,0,0,0,0,0,0,135,0.0,0.0,1.0,1.0,0.03,0.08,0.0,255,4,0.02,0.08,0.0,0.0,0.0,0.0,1.0,1,85759.0
0,1,6,5,0,0,0,0,0,0,0,0,0,236,1.0,1.0,0.0,0.0,0.08,0.06,0.0,255,20,0.08,0.06,0.0,0.0,1.0,1.0,0.0,1,12620.0
0,1,46,1,0,0,0,0,0,0,0,0,0,305,0.0,0.0,1.0,1.0,0.0,0.5,0.0,255,1,0.0,0.51,1.0,0.0,0.0,0.0,1.0,1,14435.0
0,0,62,9,183,0,0,0,0,0,0,0,0,2,0.0,0.0,0.0,0.0,0.5,1.0,0.0,255,45,0.18,0.01,0.2,0.0,0.0,0.0,0.0,0,53813.0
36721,1,46,4,1,0,0,0,0,0,0,0,0,2,0.0,0.0,1.0,1.0,1.0,0.0,0.0,255,2,0.01,0.5,1.0,0.0,0.0,0.0,1.0,1,32032.0
0,1,46,5,0,0,0,0,0,0,0,0,0,129,0.99,1.0,0.0,0.0,0.05,0.08,0.0,255,6,0.02,0.07,0.0,0.0,1.0,1.0,0.0,1,67009.0
11,1,22,4,26280,1460,0,1,1,0,0,0,0,5,0.0,0.0,1.0,1.0,1.0,0.0,0.0,5,5,1.0,0.0,0.2,0.0,0.0,0.0,1.0,0,35738.0
0,1,22,9,227,7488,0,0,1,0,0,0,0,3,0.0,0.0,0.0,0.0,1.0,0.0,0.0,3,255,1.0,0.0,0.33,0.04,0.0,0.0,0.0,0,20896.0
0,1,46,5,0,0,0,0,0,0,0,0,0,143,1.0,1.0,0.0,0.0,0.1,0.06,0.0,255,19,0.07,0.06,0.0,0.0,1.0,1.0,0.0,1,37211.0
0,1,22,9,210,63203,0,0,1,0,0,0,0,3,0.0,0.0,0.0,0.0,1.0,0.0,0.0,6,255,1.0,0.0,0.17,0.02,0.17,0.0,0.0,0,74949.0
0,1,46,5,0,0,0,0,0,0,0,0,0,116,1.0,1.0,0.0,0.0,0.03,0.06,0.0,255,17,0.07,0.07,0.0,0.0,1.0,1.0,0.0,1,28353.0
0,1,22,9,225,673,0,0,1,0,0,0,0,15,0.0,0.0,0.0,0.0,1.0,0.0,0.18,29,255,1.0,0.0,0.03,0.11,0.0,0.0,0.93,0,113749.0
7,1,25,9,6,164,0,0,1,0,0,0,0,509,0.02,0.0,0.98,0.0,0.0,1.0,0.0,255,1,0.0,1.0,0.0,0.0,0.02,0.0,0.0,1,65313.0
0,1,22,9,231,3325,0,0,1,0,0,0,0,4,0.0,0.0,0.0,0.0,1.0,0.0,0.4,14,255,1.0,0.0,0.07,0.05,0.0,0.0,0.0,0,99578.0
0,0,14,9,1032,0,0,0,0,0,0,0,0,511,0.0,0.0,0.0,0.0,1.0,0.0,0.0,246,101,0.41,0.01,0.41,0.0,0.0,0.0,0.0,1,65252.0
0,1,66,1,0,0,0,0,0,0,0,0,0,235,0.0,0.0,1.0,1.0,0.07,0.06,0.0,255,16,0.06,0.06,0.0,0.0,0.0,0.0,1.0,1,13972.0
0,1,46,1,0,0,0,0,0,0,0,0,0,511,0.09,0.0,0.9,1.0,0.0,1.0,0.0,255,1,0.0,1.0,0.0,0.0,0.14,0.0,1.0,1,33115.0
0,1,46,5,0,0,0,0,0,0,0,0,0,224,1.0,1.0,0.0,0.0,0.05,0.04,0.0,84,12,0.14,0.1,0.01,0.0,0.98,1.0,0.0,1,60918.0
0,1,22,9,329,64209,0,0,1,0,0,0,0,3,0.0,0.0,0.0,0.0,1.0,0.0,0.0,3,255,1.0,0.0,0.33,0.08,0.0,0.01,0.0,0,49367.0
0,1,46,1,0,0,0,0,0,0,0,0,0,236,0.0,0.0,1.0,1.0,0.06,0.06,0.0,255,15,0.06,0.06,0.0,0.0,0.0,0.0,1.0,1,69441.0
0,1,26,1,0,0,0,0,0,0,0,0,0,243,0.0,0.0,1.0,1.0,0.08,0.07,0.0,255,19,0.07,0.08,0.0,0.0,0.0,0.0,1.0,1,3455.0
0,1,22,9,209,383,0,0,1,0,0,0,0,27,0.0,0.0,0.0,0.0,1.0,0.0,0.0,255,255,1.0,0.0,0.0,0.0,0.0,0.0,0.0,0,97735.0
0,1,46,5,0,0,0,0,0,0,0,0,0,199,1.0,1.0,0.0,0.0,0.02,0.06,0.0,255,13,0.05,0.07,0.0,0.0,1.0,1.0,0.0,1,11.0
0,1,3,1,0,0,0,0,0,0,0,0,0,121,0.0,0.0,1.0,1.0,0.02,0.07,0.0,255,2,0.01,0.08,0.0,0.0,0.0,0.0,1.0,1,108201.0
0,1,41,9,3775,0,0,0,0,0,0,0,0,20,0.05,0.0,0.0,0.0,0.05,0.75,0.0,255,1,0.0,0.07,0.45,0.0,0.0,0.0,0.0,0,10100.0
1,1,51,9,1112,333,0,0,1,0,0,0,0,1,0.0,0.0,0.0,0.0,1.0,0.0,1.0,164,138,0.52,0.04,0.01,0.01,0.0,0.0,0.0,0,113583.0
0,1,46,5,0,0,0,0,0,0,0,0,0,104,1.0,1.0,0.0,0.0,0.04,0.06,0.0,242,17,0.07,0.08,0.0,0.0,1.0,1.0,0.0,1,65128.0
0,1,19,9,334,0,0,0,1,0,0,0,0,2,0.0,0.0,0.0,0.0,1.0,0.0,0.0,12,41,0.83,0.17,0.83,0.12,0.0,0.0,0.0,1,28208.0
0,1,51,9,663,385,0,0,1,0,0,0,0,1,0.0,0.0,0.0,0.0,1.0,0.0,0.0,255,29,0.11,0.06,0.0,0.0,0.73,0.0,0.0,0,58063.0
12,1,19,9,7045,0,0,0,1,0,0,0,0,2,0.0,0.0,0.0,0.0,1.0,0.0,0.0,6,62,1.0,0.0,1.0,0.11,0.17,0.02,0.0,0,108826.0
0,1,20,5,0,0,0,0,0,0,0,0,0,242,1.0,1.0,0.0,0.0,0.04,0.06,0.0,255,9,0.04,0.06,0.0,0.0,1.0,1.0,0.0,1,52041.0
0,1,51,9,609,281,0,0,1,0,0,0,0,1,0.0,0.0,0.0,0.0,1.0,0.0,0.0,228,126,0.5,0.02,0.0,0.02,0.0,0.0,0.0,0,115567.0
0,1,22,9,189,313,0,0,1,0,0,0,0,10,0.0,0.0,0.0,0.0,1.0,0.0,0.14,255,255,1.0,0.0,0.0,0.0,0.0,0.0,0.0,0,100417.0
0,1,22,1,0,0,0,0,0,0,0,0,0,1,0.0,0.0,1.0,1.0,1.0,0.0,0.0,1,220,1.0,0.0,1.0,0.16,0.0,0.0,0.92,0,96997.0
0,1,46,5,0,0,0,0,0,0,0,0,0,87,1.0,1.0,0.0,0.0,0.06,0.07,0.0,255,20,0.08,0.06,0.0,0.0,1.0,1.0,0.0,1,103703.0
0,1,22,9,288,538,0,0,1,0,0,0,0,5,0.0,0.0,0.0,0.0,1.0,0.0,0.33,6,255,1.0,0.0,0.17,0.04,0.0,0.0,0.0,0,123086.0
0,1,46,5,0,0,0,0,0,0,0,0,0,145,1.0,1.0,0.0,0.0,0.06,0.06,0.0,255,8,0.03,0.08,0.0,0.0,1.0,1.0,0.0,1,40042.0
0,1,22,5,0,0,0,0,0,0,0,0,0,2,0.5,0.5,0.0,0.0,1.0,0.0,0.0,50,255,1.0,0.0,0.04,0.02,0.02,0.01,0.0,0,114039.0
0,1,46,5,0,0,0,0,0,0,0,0,0,212,1.0,1.0,0.0,0.0,0.01,0.07,0.0,255,3,0.01,0.1,0.0,0.0,1.0,1.0,0.0,1,27340.0
0,1,46,5,0,0,0,0,0,0,0,0,0,61,1.0,1.0,0.0,0.0,0.31,0.07,0.0,241,19,0.08,0.06,0.0,0.0,1.0,1.0,0.0,1,116250.0
0,2,11,9,33,88,0,0,0,0,0,0,0,4,0.0,0.0,0.0,0.0,1.0,0.0,0.0,255,253,0.99,0.01,0.01,0.0,0.0,0.0,0.0,0,48765.0
0,1,22,5,0,0,0,0,0,0,0,0,0,196,1.0,1.0,0.0,0.0,0.06,0.06,0.0,255,12,0.05,0.07,0.0,0.0,1.0,1.0,0.0,1,5832.0
0,2,11,9,46,72,0,0,0,0,0,0,0,145,0.0,0.0,0.0,0.0,1.0,0.0,0.0,255,202,0.79,0.01,0.0,0.0,0.0,0.0,0.0,0,9267.0
4954,2,41,9,146,105,0,0,0,0,0,0,0,1,0.0,0.0,0.0,0.0,1.0,0.0,0.0,95,1,0.01,0.72,0.96,0.0,0.0,0.0,0.0,0,79142.0
0,1,22,9,233,1722,0,0,1,0,0,0,0,2,0.5,0.05,0.0,0.0,1.0,0.0,0.15,63,255,1.0,0.0,0.02,0.02,0.02,0.0,0.0,0,116610.0
0,1,22,1,0,0,0,0,0,0,0,0,0,204,0.0,0.0,1.0,1.0,0.01,0.07,0.0,255,2,0.01,0.08,0.0,0.0,0.0,0.0,1.0,1,40504.0
0,1,19,9,2802,0,0,0,1,0,0,0,0,1,0.0,0.0,0.0,0.0,1.0,0.0,0.0,141,98,0.34,0.04,0.34,0.02,0.01,0.01,0.0,0,112439.0
26888,1,46,4,1,0,0,0,0,0,0,0,0,2,0.0,0.0,1.0,1.0,1.0,0.0,0.0,255,2,0.01,0.74,1.0,0.0,0.0,0.0,1.0,1,49037.0
0,1,22,9,227,1300,0,0,1,0,0,0,0,21,0.0,0.0,0.0,0.0,1.0,0.0,0.0,43,255,1.0,0.0,0.02,0.02,0.0,0.0,0.0,0,17918.0
0,0,14,9,1032,0,0,0,0,0,0,0,0,198,0.0,0.0,0.0,0.0,1.0,0.0,0.0,255,255,1.0,0.0,1.0,0.0,0.0,0.0,0.0,1,34184.0
0,1,34,5,0,0,0,0,0,0,0,0,0,212,1.0,1.0,0.0,0.0,0.04,0.05,0.0,255,9,0.04,0.06,0.0,0.0,1.0,1.0,0.0,1,48109.0
0,1,22,9,304,1075,0,0,1,0,0,0,0,7,0.0,0.0,0.0,0.12,1.0,0.0,0.25,255,248,0.97,0.01,0.0,0.0,0.0,0.0,0.0,0,31626.0
0,1,46,1,0,0,0,0,0,0,0,0,0,287,0.0,0.0,1.0,1.0,0.06,0.06,0.0,255,18,0.07,0.07,0.0,0.0,0.0,0.0,1.0,1,118492.0
0,1,46,5,0,0,0,0,0,0,0,0,0,103,1.0,1.0,0.0,0.0,0.12,0.07,0.0,156,12,0.08,0.07,0.01,0.0,1.0,1.0,0.0,1,91881.0
0,1,46,5,0,0,0,0,0,0,0,0,0,126,1.0,1.0,0.0,0.0,0.12,0.06,0.0,255,6,0.02,0.07,0.0,0.0,1.0,1.0,0.0,1,47642.0
0,2,11,9,44,69,0,0,0,0,0,0,0,202,0.0,0.0,0.0,0.0,1.0,0.0,0.0,255,255,1.0,0.0,0.01,0.0,0.0,0.0,0.0,0,27256.0
0,1,51,9,1576,336,0,0,1,0,0,0,0,1,0.0,0.0,0.0,0.0,1.0,0.0,0.0,60,130,0.47,0.07,0.02,0.02,0.0,0.0,0.0,0,85031.0
0,1,19,9,26,0,0,0,1,0,0,0,0,2,0.0,0.0,0.0,0.0,1.0,0.0,0.0,78,47,0.08,0.04,0.08,0.06,0.0,0.0,0.0,0,74097.0
0,1,26,5,0,0,0,0,0,0,0,0,0,209,1.0,1.0,0.0,0.0,0.05,0.07,0.0,255,10,0.04,0.08,0.0,0.0,1.0,1.0,0.0,1,30190.0
0,1,22,9,213,1415,0,0,1,0,0,0,0,3,0.0,0.0,0.0,0.0,1.0,0.0,0.27,255,255,1.0,0.0,0.0,0.0,0.0,0.0,0.0,0,72787.0
0,2,11,9,43,129,0,0,0,0,0,0,0,73,0.0,0.0,0.0,0.0,1.0,0.0,0.01,255,255,1.0,0.0,0.0,0.0,0.0,0.0,0.0,0,108939.0
0,1,19,5,0,0,0,0,0,0,0,0,0,261,1.0,1.0,0.0,0.0,0.07,0.07,0.0,255,19,0.07,0.07,0.0,0.0,1.0,1.0,0.0,1,9765.0
0,2,11,9,46,74,0,0,0,0,0,0,0,133,0.0,0.0,0.0,0.0,1.0,0.0,0.0,255,255,1.0,0.0,0.01,0.0,0.0,0.0,0.0,0,113231.0
0,1,19,5,0,0,0,0,0,0,0,0,0,75,1.0,1.0,0.0,0.0,0.2,0.05,0.0,255,63,0.25,0.02,0.02,0.0,1.0,1.0,0.0,1,42483.0
0,2,11,9,42,42,0,0,0,0,0,0,0,4,0.0,0.0,0.0,0.0,1.0,0.0,0.29,255,244,0.96,0.01,0.01,0.0,0.0,0.0,0.0,0,111474.0
0,1,39,5,0,0,0,0,0,0,0,0,0,133,1.0,1.0,0.0,0.0,0.01,0.07,0.0,255,1,0.0,0.06,0.0,0.0,1.0,1.0,0.0,1,78103.0
0,1,22,9,205,676,0,0,1,0,0,0,0,5,0.0,0.0,0.0,0.0,1.0,0.0,0.0,23,255,1.0,0.0,0.04,0.05,0.0,0.0,0.0,0,110734.0
0,1,22,9,243,1020,0,0,1,0,0,0,0,27,0.0,0.0,0.0,0.0,1.0,0.0,0.0,255,255,1.0,0.0,0.0,0.0,0.0,0.0,0.0,0,29967.0
0,1,22,9,401,296,0,0,1,0,0,0,0,4,0.0,0.0,0.0,0.0,1.0,0.0,0.0,255,255,1.0,0.0,0.0,0.0,0.0,0.0,0.0,0,122358.0
0,0,61,9,36,0,0,0,0,0,0,0,0,1,0.0,0.0,0.0,0.0,1.0,0.0,0.0,124,39,0.31,0.06,0.31,0.0,0.0,0.0,0.0,0,63771.0
0,1,41,1,0,0,0,0,0,0,0,0,0,511,0.18,0.0,0.82,1.0,0.0,1.0,0.0,255,1,0.0,1.0,0.0,0.0,0.15,0.0,1.0,1,37517.0
0,1,9,2,0,0,0,0,0,0,0,0,0,128,0.0,0.0,1.0,1.0,0.1,0.06,0.0,255,13,0.05,0.06,0.0,0.0,0.0,0.0,1.0,1,119791.0
0,0,13,9,18,0,0,0,0,0,0,0,0,1,0.0,0.0,0.0,0.0,1.0,0.0,0.0,4,212,1.0,0.0,1.0,0.25,0.0,0.0,0.0,1,99148.0
0,0,14,9,520,0,0,0,0,0,0,0,0,369,0.0,0.0,0.0,0.0,1.0,0.0,0.0,255,255,1.0,0.0,1.0,0.0,0.0,0.0,0.0,1,32733.0
0,1,27,5,0,0,0,0,0,0,0,0,0,45,1.0,1.0,0.0,0.0,0.2,0.07,0.0,255,9,0.04,0.05,0.0,0.0,1.0,1.0,0.0,1,107108.0
0,1,22,9,295,946,0,0,1,0,0,0,0,26,0.04,0.03,0.0,0.0,1.0,0.0,0.05,255,255,1.0,0.0,0.0,0.0,0.0,0.0,0.0,0,27058.0
0,1,46,1,0,0,0,0,0,0,0,0,0,90,0.01,0.0,0.9,1.0,0.01,1.0,0.0,255,1,0.0,0.37,0.0,0.0,0.0,0.0,1.0,1,91946.0
0,2,46,9,1,0,0,0,0,0,0,0,0,23,0.0,0.0,0.0,0.0,0.52,0.17,0.0,255,12,0.05,0.87,0.15,0.0,0.16,0.0,0.0,1,72746.0
0,1,46,5,0,0,0,0,0,0,0,0,0,191,1.0,1.0,0.0,0.0,0.02,0.06,0.0,255,16,0.06,0.08,0.0,0.0,1.0,1.0,0.0,1,60512.0
0,1,46,5,0,0,0,0,0,0,0,0,0,227,1.0,1.0,0.0,0.0,0.07,0.04,0.0,87,15,0.17,0.09,0.01,0.0,0.98,1.0,0.0,1,61977.0
0,1,8,5,0,0,0,0,0,0,0,0,0,270,1.0,1.0,0.0,0.0,0.02,0.06,0.0,255,6,0.02,0.07,0.0,0.0,1.0,1.0,0.0,1,15059.0
0,1,46,5,0,0,0,0,0,0,0,0,0,220,1.0,1.0,0.0,0.0,0.1,0.05,0.0,255,21,0.08,0.06,0.0,0.0,1.0,1.0,0.0,1,97257.0
0,1,4,1,0,0,0,0,0,0,0,0,0,141,0.0,0.0,1.0,1.0,0.03,0.06,0.0,255,1,0.0,0.08,0.0,0.0,0.0,0.0,1.0,1,82552.0
0,1,16,2,0,0,0,0,0,0,0,0,0,129,0.0,0.0,1.0,1.0,0.03,0.07,0.0,255,4,0.02,0.07,0.0,0.0,0.0,0.0,1.0,1,40014.0
0,2,11,9,46,141,0,0,0,0,0,0,0,23,0.0,0.0,0.0,0.0,1.0,0.0,0.01,81,200,0.81,0.02,0.81,0.01,0.0,0.0,0.0,0,29418.0
0,1,66,5,0,0,0,0,0,0,0,0,0,291,1.0,1.0,0.0,0.0,0.02,0.05,0.0,255,5,0.02,0.05,0.0,0.0,1.0,1.0,0.0,1,62279.0
0,2,46,9,28,0,3,0,0,0,0,0,0,31,0.0,0.0,0.0,0.0,1.0,0.0,0.0,255,131,0.51,0.49,0.51,0.0,0.09,0.0,0.0,1,83920.0
0,2,11,9,45,45,0,0,0,0,0,0,0,262,0.0,0.0,0.0,0.0,1.0,0.0,0.01,255,222,0.87,0.01,0.0,0.0,0.0,0.0,0.0,0,57268.0
0,2,11,9,42,132,0,0,0,0,0,0,0,68,0.0,0.0,0.0,0.0,1.0,0.0,0.01,255,173,0.68,0.02,0.0,0.0,0.0,0.0,0.0,0,84764.0
0,1,51,9,1267,333,0,0,1,0,0,0,0,1,0.0,0.0,0.0,0.0,1.0,0.0,0.0,192,83,0.43,0.03,0.01,0.0,0.0,0.0,0.0,0,102631.0
0,1,46,5,0,0,0,0,0,0,0,0,0,185,1.0,1.0,0.0,0.0,0.03,0.06,0.0,31,6,0.19,0.19,0.03,0.0,0.55,1.0,0.0,1,58626.0
0,1,22,9,219,269,0,0,1,0,0,0,0,17,0.0,0.0,0.0,0.0,1.0,0.0,0.16,255,255,1.0,0.0,0.0,0.0,0.0,0.0,0.0,0,100453.0
0,1,19,9,19,0,0,0,1,0,0,0,0,1,0.0,0.0,0.0,0.0,1.0,0.0,0.0,8,58,0.62,0.25,0.62,0.05,0.0,0.0,0.0,0,122961.0
0,2,11,9,46,133,0,0,0,0,0,0,0,145,0.0,0.0,0.0,0.0,1.0,0.0,0.01,255,255,1.0,0.0,0.0,0.0,0.0,0.0,0.0,0,16414.0
0,1,22,9,215,299,0,0,1,0,0,0,0,3,0.0,0.0,0.0,0.0,1.0,0.0,0.13,152,255,1.0,0.0,0.01,0.02,0.0,0.0,0.0,0,123206.0
0,1,22,9,228,3200,0,0,1,0,0,0,0,2,0.0,0.0,0.0,0.0,1.0,0.0,0.67,63,255,1.0,0.0,0.02,0.01,0.0,0.0,0.0,0,89870.0
0,1,22,9,229,5341,0,0,1,0,0,0,0,1,0.0,0.0,0.0,0.0,1.0,0.0,0.75,14,255,1.0,0.0,0.07,0.03,0.0,0.0,0.0,0,29195.0
0,1,46,5,0,0,0,0,0,0,0,0,0,232,1.0,1.0,0.0,0.0,0.02,0.07,0.0,255,1,0.0,0.08,0.0,0.0,1.0,1.0,0.0,1,81852.0
0,1,22,9,289,33599,0,0,1,0,0,0,0,1,0.0,0.0,0.0,0.0,1.0,0.0,0.0,2,255,1.0,0.0,0.5,0.06,0.0,0.0,0.0,0,96090.0
0,0,13,9,18,0,0,0,0,0,0,0,0,1,0.0,0.0,0.0,0.0,1.0,0.0,0.0,1,237,1.0,0.0,1.0,1.0,0.0,0.0,0.0,1,101122.0
0,1,22,9,258,5384,0,0,1,0,0,0,0,1,0.0,0.0,0.0,0.0,1.0,0.0,0.0,255,244,0.96,0.02,0.0,0.0,0.0,0.0,0.0,0,38551.0
0,1,46,1,0,0,0,0,0,0,0,0,0,217,0.0,0.0,1.0,1.0,0.04,0.07,0.0,255,8,0.03,0.08,0.0,0.0,0.0,0.0,1.0,1,56397.0
0,1,65,5,0,0,0,0,0,0,0,0,0,292,1.0,1.0,0.0,0.0,0.06,0.05,0.0,255,4,0.02,0.07,0.0,0.0,1.0,1.0,0.0,1,83605.0
1,1,51,9,949,337,0,0,1,0,0,0,0,1,0.0,0.0,0.0,0.0,1.0,0.0,1.0,247,158,0.64,0.02,0.0,0.0,0.0,0.0,0.0,0,105983.0
0,1,22,9,299,2698,0,0,1,0,0,0,1,3,0.0,0.0,0.0,0.0,1.0,0.0,0.0,255,254,1.0,0.01,0.0,0.0,0.0,0.0,0.0,0,18232.0
0,1,46,5,0,0,0,0,0,0,0,0,0,171,1.0,1.0,0.0,0.0,0.05,0.06,0.0,255,9,0.04,0.05,0.0,0.0,1.0,1.0,0.0,1,11112.0
0,2,46,9,1,0,0,0,0,0,0,0,0,7,0.0,0.0,0.0,0.0,0.71,0.43,0.0,255,5,0.02,0.35,0.84,0.0,0.0,0.0,0.0,1,19316.0
0,1,17,9,8,136,0,0,0,0,0,0,0,1,0.0,0.0,0.0,0.0,1.0,0.0,0.0,9,2,0.22,0.44,0.11,0.0,0.0,0.0,0.0,0,97772.0
0,1,38,5,0,0,0,0,0,0,0,0,0,111,1.0,1.0,0.0,0.0,0.15,0.06,0.0,219,17,0.08,0.06,0.0,0.0,1.0,1.0,0.0,1,72994.0
0,1,46,5,0,0,0,0,0,0,0,0,0,267,1.0,1.0,0.0,0.0,0.07,0.07,0.0,255,18,0.07,0.08,0.0,0.0,1.0,1.0,0.0,1,11067.0
0,1,22,9,310,1159,0,0,1,0,0,0,0,17,0.0,0.0,0.0,0.0,1.0,0.0,0.0,255,255,1.0,0.0,0.0,0.0,0.0,0.0,0.0,0,70570.0
0,1,46,5,0,0,0,0,0,0,0,0,0,31,1.0,1.0,0.0,0.0,0.26,0.19,0.0,255,12,0.05,0.09,0.0,0.0,1.0,1.0,0.0,1,31372.0
265,1,22,9,249,266,0,0,1,0,0,0,0,1,0.0,0.0,0.0,0.0,1.0,0.0,0.0,255,240,0.94,0.02,0.0,0.0,0.0,0.0,0.0,0,103644.0
0,1,46,5,0,0,0,0,0,0,0,0,0,226,1.0,1.0,0.0,0.0,0.04,0.07,0.0,255,10,0.04,0.09,0.0,0.0,1.0,1.0,0.0,1,116962.0
0,1,46,5,0,0,0,0,0,0,0,0,0,61,1.0,1.0,0.0,0.0,0.39,0.07,0.0,255,24,0.09,0.06,0.0,0.0,1.0,1.0,0.0,1,44585.0
0,2,11,9,30,30,0,0,0,0,0,0,0,4,0.0,0.0,0.0,0.0,1.0,0.0,0.14,255,237,0.93,0.01,0.0,0.0,0.0,0.0,0.0,0,88607.0
0,1,8,2,0,0,0,0,0,0,0,0,0,234,0.0,0.0,1.0,1.0,0.03,0.06,0.0,255,8,0.03,0.07,0.0,0.0,0.0,0.0,1.0,1,97857.0
0,1,19,9,0,2072,0,1,1,0,0,0,0,1,0.0,0.0,0.0,0.0,1.0,0.0,0.0,4,42,1.0,0.0,1.0,0.05,0.0,0.0,0.0,0,109088.0
0,1,56,5,0,0,0,0,0,0,0,0,0,256,1.0,1.0,0.0,0.0,0.01,0.07,0.0,255,19,0.07,0.08,0.0,0.0,1.0,1.0,0.0,1,42805.0
0,1,22,5,0,0,0,0,0,0,0,0,0,258,1.0,1.0,0.0,0.0,0.0,0.06,0.0,255,1,0.0,0.07,0.0,0.0,1.0,1.0,0.0,1,89054.0
0,1,5,5,0,0,0,0,0,0,0,0,0,124,1.0,1.0,0.0,0.0,0.1,0.06,0.0,255,12,0.05,0.05,0.0,0.0,1.0,1.0,0.0,1,75395.0
0,2,11,9,45,45,0,0,0,0,0,0,0,204,0.0,0.0,0.0,0.0,1.0,0.0,0.0,255,255,1.0,0.0,0.0,0.0,0.0,0.0,0.0,0,95665.0
0,0,14,9,1032,0,0,0,0,0,0,0,0,510,0.0,0.0,0.0,0.0,1.0,0.0,0.0,255,234,0.92,0.01,0.92,0.0,0.0,0.0,0.0,1,54597.0
0,1,46,5,0,0,0,0,0,0,0,0,0,171,1.0,1.0,0.0,0.0,0.03,0.06,0.0,255,13,0.05,0.07,0.0,0.0,1.0,1.0,0.0,1,123355.0
0,2,46,9,1,0,0,0,0,0,0,0,0,8,0.0,0.0,0.0,0.0,1.0,0.0,0.0,255,8,0.03,0.07,0.13,0.0,0.0,0.0,0.0,1,10159.0
0,1,22,9,310,1423,0,0,1,0,0,0,0,8,0.0,0.0,0.0,0.0,1.0,0.0,0.0,255,255,1.0,0.0,0.0,0.0,0.0,0.0,0.0,0,84897.0
0,1,22,9,201,4080,0,0,1,0,0,0,0,4,0.0,0.0,0.0,0.0,1.0,0.0,0.0,158,255,1.0,0.0,0.01,0.03,0.0,0.0,0.0,0,24320.0
0,1,51,9,872,329,0,0,1,0,0,0,0,1,0.0,0.0,0.0,0.0,1.0,0.0,1.0,100,119,0.34,0.06,0.01,0.02,0.01,0.02,0.0,0,99334.0
0,0,13,9,8,0,0,0,0,0,0,0,0,1,0.0,0.0,0.0,0.0,1.0,0.0,1.0,2,100,1.0,0.0,1.0,0.5,0.0,0.0,0.0,1,68987.0
0,1,22,9,206,3931,0,0,1,0,0,0,0,4,0.0,0.0,0.0,0.0,1.0,0.0,0.0,43,255,1.0,0.0,0.02,0.03,0.0,0.0,0.0,0,26033.0
0,1,56,5,0,0,0,0,0,0,0,0,0,232,1.0,1.0,0.0,0.0,0.01,0.06,0.0,255,3,0.01,0.06,0.0,0.0,1.0,1.0,0.0,1,106960.0
0,1,60,5,0,0,0,0,0,0,0,0,0,221,1.0,1.0,0.0,0.0,0.05,0.06,0.0,255,20,0.08,0.06,0.0,0.0,1.0,1.0,0.0,1,86126.0
0,1,22,9,338,1587,0,0,1,0,0,0,0,5,0.0,0.0,0.0,0.0,1.0,0.0,0.0,87,255,1.0,0.0,0.01,0.03,0.0,0.0,0.0,0,53504.0
0,1,22,9,230,51823,0,0,1,0,0,0,0,1,0.0,0.0,0.0,0.0,1.0,0.0,0.0,55,255,1.0,0.0,0.02,0.04,0.0,0.0,0.0,0,93295.0
0,1,22,9,249,731,0,0,1,0,0,0,0,5,0.0,0.0,0.0,0.0,1.0,0.0,0.0,63,255,1.0,0.0,0.02,0.04,0.0,0.0,0.0,0,27653.0
0,1,19,9,567,0,0,0,1,0,0,6,0,1,0.0,0.0,0.0,0.0,1.0,0.0,0.6,255,39,0.15,0.03,0.15,0.0,0.0,0.0,0.0,0,7253.0
0,1,22,9,270,4111,0,0,1,0,0,0,0,3,0.0,0.0,0.0,0.0,1.0,0.0,0.0,255,255,1.0,0.0,0.0,0.0,0.0,0.0,0.0,0,8069.0
0,2,46,9,28,0,3,0,0,0,0,0,0,82,0.0,0.0,0.0,0.0,1.0,0.0,0.0,154,82,0.53,0.03,0.53,0.0,0.0,0.0,0.0,1,78300.0
0,1,22,9,317,1681,0,0,1,0,0,0,0,7,0.0,0.0,0.0,0.0,1.0,0.0,0.0,7,255,1.0,0.0,0.14,0.03,0.0,0.0,0.0,0,59895.0
0,1,22,9,294,2477,0,0,1,0,0,0,0,21,0.0,0.0,0.0,0.0,1.0,0.0,0.0,21,255,1.0,0.0,0.05,0.02,0.0,0.0,0.0,0,72838.0
0,1,19,5,0,0,0,0,0,0,0,0,0,147,1.0,1.0,0.0,0.0,0.01,0.05,0.0,255,1,0.0,0.06,0.0,0.0,1.0,1.0,0.0,1,91037.0
0,1,31,5,0,0,0,0,0,0,0,0,0,127,1.0,1.0,0.0,0.0,0.13,0.06,0.0,255,4,0.02,0.08,0.0,0.0,1.0,1.0,0.0,1,63979.0
0,1,22,9,237,7040,0,0,1,0,0,0,0,1,0.0,0.0,0.0,0.0,1.0,0.0,0.0,14,255,1.0,0.0,0.07,0.01,0.0,0.0,0.0,0,119103.0
0,1,25,1,0,0,0,0,0,0,0,0,0,137,0.0,0.0,1.0,1.0,0.13,0.06,0.0,255,18,0.07,0.07,0.0,0.0,0.0,0.0,1.0,1,101607.0
0,1,22,1,0,0,0,0,0,0,0,0,0,1,0.0,0.0,1.0,1.0,1.0,0.0,0.0,3,255,1.0,0.0,0.33,0.1,0.0,0.0,0.72,0,11143.0
0,1,22,5,0,0,0,0,0,0,0,0,0,2,0.5,0.5,0.0,0.0,1.0,0.0,0.0,35,255,1.0,0.0,0.06,0.01,0.03,0.0,0.0,0,83378.0
0,1,22,9,197,321,0,0,1,0,0,0,0,31,0.0,0.0,0.0,0.0,1.0,0.0,0.06,115,255,1.0,0.0,0.01,0.03,0.0,0.0,0.0,0,35918.0
0,1,46,5,0,0,0,0,0,0,0,0,0,133,1.0,1.0,0.0,0.0,0.03,0.06,0.0,136,4,0.03,0.07,0.01,0.0,1.0,1.0,0.0,1,101253.0
13919,1,57,4,125,3319,0,1,1,3,0,0,0,2,0.0,0.0,1.0,1.0,1.0,0.0,0.0,255,25,0.1,0.06,0.01,0.0,0.51,0.08,0.16,0,58581.0
0,1,46,5,0,0,0,0,0,0,0,0,0,201,1.0,1.0,0.0,0.0,0.08,0.05,0.0,255,18,0.07,0.08,0.0,0.0,1.0,1.0,0.0,1,80626.0
3,1,51,9,999,335,0,0,1,0,0,0,0,1,0.0,0.0,0.0,0.0,1.0,0.0,1.0,151,187,0.68,0.02,0.01,0.01,0.01,0.01,0.0,0,122710.0
0,1,33,5,0,0,0,0,0,0,0,0,0,220,1.0,1.0,0.0,0.0,0.09,0.06,0.0,255,20,0.08,0.08,0.0,0.0,1.0,1.0,0.0,1,98567.0
0,1,22,9,241,4137,0,0,1,0,0,0,0,11,0.0,0.0,0.0,0.0,1.0,0.0,0.0,255,255,1.0,0.0,0.0,0.0,0.0,0.0,0.0,0,51006.0
0,1,17,9,9,223,0,0,0,0,0,0,0,1,0.0,0.0,0.0,0.0,1.0,0.0,0.0,191,13,0.04,0.01,0.01,0.15,0.0,0.0,0.0,0,72068.0
0,1,56,1,0,0,0,0,0,0,0,0,0,243,0.0,0.0,1.0,1.0,0.01,0.07,0.0,255,2,0.01,0.08,0.0,0.0,0.0,0.0,1.0,1,68618.0
0,1,22,9,204,1109,0,0,1,0,0,0,0,3,0.0,0.0,0.0,0.0,1.0,0.0,0.0,3,255,1.0,0.0,0.33,0.04,0.0,0.0,0.0,0,24253.0
0,2,11,9,43,109,0,0,0,0,0,0,0,42,0.0,0.0,0.0,0.0,1.0,0.0,0.02,182,196,0.78,0.02,0.69,0.01,0.0,0.0,0.0,0,15162.0
0,1,30,1,0,0,0,0,0,0,0,0,0,266,0.0,0.0,1.0,1.0,0.07,0.06,0.0,255,18,0.07,0.08,0.0,0.0,0.0,0.0,1.0,1,62418.0
0,1,46,5,0,0,0,0,0,0,0,0,0,102,1.0,1.0,0.0,0.0,0.11,0.06,0.0,177,12,0.07,0.1,0.01,0.0,1.0,1.0,0.0,1,44477.0
0,2,11,9,29,0,0,0,0,0,0,0,0,1,0.0,0.0,0.0,0.0,1.0,0.0,0.28,180,29,0.12,0.03,0.12,0.07,0.0,0.0,0.0,0,3700.0
0,1,46,4,0,0,0,0,0,0,0,0,0,1,0.0,0.0,1.0,1.0,1.0,0.0,0.0,162,1,0.01,0.4,0.4,0.0,0.0,0.0,1.0,1,43830.0
0,0,14,9,520,0,0,0,0,0,0,0,0,154,0.0,0.0,0.0,0.0,1.0,0.0,0.0,255,255,1.0,0.0,1.0,0.0,0.0,0.0,0.0,1,40284.0
0,1,2,5,0,0,0,0,0,0,0,0,0,240,1.0,1.0,0.0,0.0,0.08,0.05,0.0,255,19,0.07,0.05,0.0,0.0,1.0,1.0,0.0,1,82851.0
0,1,22,9,232,2431,0,0,1,0,0,0,0,3,0.0,0.0,0.0,0.0,1.0,0.0,0.0,18,255,1.0,0.0,0.06,0.06,0.0,0.0,0.0,0,74314.0
28,1,18,9,871,2579,0,18,1,0,0,0,0,1,0.0,0.0,0.0,0.0,1.0,0.0,0.0,177,47,0.27,0.03,0.01,0.0,0.0,0.0,0.02,0,43961.0
2,1,51,9,1002,337,0,0,1,0,0,0,0,1,0.0,0.0,0.0,0.0,1.0,0.0,0.0,45,185,0.89,0.07,0.02,0.01,0.0,0.0,0.0,0,37458.0
0,1,38,5,0,0,0,0,0,0,0,0,0,143,1.0,1.0,0.0,0.0,0.1,0.06,0.0,255,14,0.05,0.06,0.0,0.0,1.0,1.0,0.0,1,12831.0
0,2,46,9,215,0,0,0,0,0,0,0,0,1,0.0,0.0,0.0,0.0,1.0,0.0,0.0,121,105,0.87,0.02,0.87,0.0,0.0,0.0,0.0,1,9247.0
5739,2,41,9,147,105,0,0,0,0,0,0,0,1,0.0,0.0,0.0,0.0,1.0,0.0,0.0,255,1,0.0,0.6,0.85,0.0,0.0,0.0,0.0,0,104905.0
0,1,22,9,336,1085,0,0,1,0,0,0,0,13,0.0,0.0,0.0,0.0,1.0,0.0,0.12,67,255,1.0,0.0,0.01,0.02,0.0,0.0,0.0,0,69958.0
0,2,11,9,44,77,0,0,0,0,0,0,0,214,0.0,0.0,0.0,0.0,1.0,0.0,0.0,255,232,0.91,0.01,0.0,0.0,0.0,0.0,0.0,0,25873.0
0,1,46,5,0,0,0,0,0,0,0,0,0,221,1.0,1.0,0.0,0.0,0.07,0.06,0.0,255,13,0.05,0.07,0.0,0.0,1.0,1.0,0.0,1,35051.0
0,1,63,5,0,0,0,0,0,0,0,0,0,145,1.0,1.0,0.0,0.0,0.14,0.06,0.0,255,20,0.08,0.06,0.0,0.0,1.0,1.0,0.0,1,97379.0
0,1,22,9,218,3183,0,0,1,0,0,0,0,2,0.0,0.0,0.0,0.0,1.0,0.0,0.67,148,255,1.0,0.0,0.01,0.04,0.0,0.0,0.0,0,106802.0
0,2,46,9,105,146,0,0,0,0,0,0,0,1,0.0,0.0,0.0,0.0,1.0,0.0,0.0,53,44,0.83,0.04,0.02,0.0,0.0,0.0,0.0,0,73066.0
0,1,22,9,259,861,0,0,1,0,0,0,0,37,0.0,0.0,0.0,0.0,1.0,0.0,0.05,221,255,1.0,0.0,0.0,0.02,0.0,0.0,0.0,0,51433.0
0,1,31,2,0,0,0,0,0,0,0,0,0,104,0.0,0.0,1.0,1.0,0.17,0.07,0.0,255,18,0.07,0.07,0.0,0.0,0.0,0.0,1.0,1,106983.0
0,1,46,1,0,0,0,0,0,0,0,0,0,41,0.15,0.0,0.85,1.0,0.02,1.0,0.0,255,1,0.0,0.47,0.0,0.0,0.02,0.0,1.0,1,96176.0
0,1,22,5,0,0,0,0,0,0,0,0,0,46,1.0,1.0,0.0,0.0,0.3,0.09,0.0,255,34,0.13,0.06,0.01,0.0,1.0,1.0,0.0,1,43520.0
0,1,28,5,0,0,0,0,0,0,0,0,0,133,1.0,1.0,0.0,0.0,0.15,0.05,0.0,255,18,0.07,0.07,0.0,0.0,1.0,1.0,0.0,1,106858.0
0,1,22,9,296,280,0,0,1,0,0,0,0,8,0.0,0.0,0.0,0.0,1.0,0.0,0.22,255,255,1.0,0.0,0.0,0.0,0.0,0.0,0.0,0,125861.0
0,1,22,9,266,549,0,0,1,0,0,0,0,1,0.0,0.0,0.0,0.0,1.0,0.0,0.0,4,255,1.0,0.0,0.25,0.03,0.0,0.0,0.0,0,90338.0
0,2,11,9,45,134,0,0,0,0,0,0,0,67,0.0,0.0,0.0,0.0,0.99,0.03,0.01,255,236,0.93,0.01,0.0,0.0,0.0,0.0,0.0,0,17693.0
0,1,22,1,0,0,0,0,0,0,0,0,0,1,0.0,0.0,1.0,1.0,1.0,0.0,1.0,6,253,1.0,0.0,0.17,0.2,0.0,0.0,1.0,0,4311.0
0,2,11,9,46,134,0,0,0,0,0,0,0,93,0.0,0.0,0.0,0.0,1.0,0.0,0.01,255,254,1.0,0.01,0.0,0.0,0.0,0.0,0.0,0,15451.0
17764,1,41,4,1,0,0,0,0,0,0,0,0,2,0.0,0.0,1.0,1.0,1.0,0.0,0.0,255,2,0.01,0.73,1.0,0.0,0.0,0.0,1.0,1,36024.0
0,1,22,1,0,0,0,0,0,0,0,0,0,1,0.0,0.0,1.0,0.5,1.0,0.0,1.0,14,143,1.0,0.0,0.07,0.14,0.0,0.0,1.0,0,88208.0
0,1,22,9,303,1341,0,0,1,0,0,0,0,12,0.0,0.0,0.0,0.0,1.0,0.0,0.0,12,255,1.0,0.0,0.08,0.02,0.0,0.0,0.0,0,100390.0
28,1,18,9,878,2586,0,18,1,0,0,0,0,1,0.0,0.0,0.0,0.0,1.0,0.0,0.0,141,31,0.22,0.04,0.01,0.0,0.0,0.0,0.0,0,97847.0
0,1,22,9,271,823,0,0,1,0,0,0,0,11,0.0,0.0,0.0,0.0,1.0,0.0,0.17,255,255,1.0,0.0,0.0,0.0,0.0,0.0,0.0,0,24091.0
0,1,22,9,274,403,0,0,1,0,0,0,0,1,0.0,0.0,0.0,0.0,1.0,0.0,0.17,5,255,1.0,0.0,0.2,0.02,0.0,0.0,0.0,0,99558.0
0,1,46,5,0,0,0,0,0,0,0,0,0,138,1.0,1.0,0.0,0.0,0.07,0.06,0.0,142,9,0.06,0.06,0.01,0.0,1.0,1.0,0.0,1,63047.0
0,1,17,9,8,276,0,0,0,0,0,0,0,1,0.0,0.0,0.0,0.0,1.0,0.0,0.0,213,4,0.02,0.03,0.0,0.0,0.0,0.0,0.0,0,81784.0
0,1,22,9,291,4204,0,0,1,0,0,0,0,11,0.0,0.0,0.0,0.0,1.0,0.0,0.0,188,255,1.0,0.0,0.01,0.02,0.0,0.0,0.0,0,9385.0
1,1,46,3,0,0,0,0,0,0,0,0,0,140,0.04,0.5,0.96,0.5,0.01,0.57,0.0,255,2,0.01,0.31,0.55,0.0,0.02,0.5,0.5,1,110601.0
0,1,22,9,332,7355,0,0,1,0,0,0,0,8,0.0,0.0,0.0,0.0,1.0,0.0,0.0,255,255,1.0,0.0,0.0,0.0,0.0,0.0,0.0,0,124509.0
0,2,46,9,1,0,0,0,0,0,0,0,0,36,0.0,0.0,0.0,0.0,0.08,0.11,0.0,255,3,0.01,0.24,0.96,0.0,0.0,0.0,0.0,1,5703.0
0,1,60,5,0,0,0,0,0,0,0,0,0,257,1.0,1.0,0.0,0.0,0.07,0.05,0.0,255,19,0.07,0.05,0.0,0.0,1.0,1.0,0.0,1,86514.0
0,1,38,5,0,0,0,0,0,0,0,0,0,138,1.0,1.0,0.0,0.0,0.14,0.06,0.0,249,20,0.08,0.06,0.0,0.0,1.0,1.0,0.0,1,31345.0
0,1,16,5,0,0,0,0,0,0,0,0,0,114,1.0,1.0,0.0,0.0,0.17,0.07,0.0,255,19,0.07,0.07,0.0,0.0,1.0,1.0,0.0,1,68918.0
39176,1,46,4,1,0,0,0,0,0,0,0,0,2,0.0,0.0,1.0,1.0,1.0,0.0,0.0,255,2,0.01,0.51,1.0,0.0,0.0,0.0,1.0,1,46135.0
0,1,22,1,0,0,0,0,0,0,0,0,0,1,0.0,0.0,1.0,1.0,1.0,0.0,0.0,12,253,1.0,0.0,0.08,0.15,0.0,0.0,1.0,0,117534.0
0,1,33,5,0,0,0,0,0,0,0,0,0,273,1.0,1.0,0.0,0.0,0.01,0.06,0.0,255,16,0.06,0.07,0.0,0.0,1.0,1.0,0.0,1,124088.0
0,1,22,9,247,17739,0,0,1,0,0,0,0,16,0.0,0.0,0.0,0.0,1.0,0.0,0.12,81,255,1.0,0.0,0.01,0.05,0.0,0.0,0.01,0,83415.0
0,1,22,9,321,1560,0,0,1,0,0,0,0,14,0.0,0.0,0.0,0.0,1.0,0.0,0.13,120,168,1.0,0.0,0.01,0.02,0.0,0.0,0.0,0,68988.0
0,1,22,9,214,505,0,0,1,0,0,0,0,1,0.0,0.0,0.0,0.0,1.0,0.0,1.0,2,255,1.0,0.0,0.5,0.07,0.0,0.0,0.0,0,67000.0
0,2,46,9,28,0,3,0,0,0,0,0,0,67,0.01,0.0,0.0,0.0,0.99,0.03,0.0,255,66,0.26,0.01,0.26,0.0,0.0,0.0,0.0,1,1974.0
0,1,4,5,0,0,0,0,0,0,0,0,0,249,1.0,1.0,0.0,0.0,0.02,0.06,0.0,255,6,0.02,0.05,0.0,0.0,1.0,1.0,0.0,1,96497.0
0,0,13,9,8,0,0,0,0,0,0,0,0,1,0.0,0.0,0.0,0.0,1.0,0.0,1.0,2,255,1.0,0.0,1.0,0.5,0.0,0.0,0.0,1,125284.0
0,2,11,9,36,101,0,0,0,0,0,0,0,2,0.0,0.0,0.0,0.0,1.0,0.0,0.0,255,234,0.92,0.01,0.0,0.0,0.0,0.0,0.0,0,74519.0
0,1,46,5,0,0,0,0,0,0,0,0,0,262,1.0,1.0,0.0,0.0,0.03,0.06,0.0,255,8,0.03,0.07,0.0,0.0,1.0,1.0,0.0,1,90283.0
0,1,46,5,0,0,0,0,0,0,0,0,0,105,1.0,1.0,0.0,0.0,0.04,0.07,0.0,162,17,0.1,0.1,0.01,0.0,1.0,1.0,0.0,1,37899.0
0,2,11,9,42,42,0,0,0,0,0,0,0,136,0.0,0.0,0.0,0.0,1.0,0.0,0.01,255,207,0.81,0.01,0.01,0.0,0.0,0.0,0.0,0,27740.0
0,1,46,5,0,0,0,0,0,0,0,0,0,49,1.0,1.0,0.0,0.0,0.41,0.08,0.0,228,19,0.08,0.06,0.0,0.0,1.0,1.0,0.0,1,76645.0
0,1,22,9,228,392,0,0,1,0,0,0,0,6,0.0,0.0,0.0,0.0,1.0,0.0,0.14,6,255,1.0,0.0,0.17,0.06,0.0,0.0,0.0,0,49004.0
0,1,22,9,304,507,0,0,1,0,0,0,0,19,0.0,0.0,0.0,0.0,1.0,0.0,0.0,65,255,1.0,0.0,0.02,0.02,0.0,0.0,0.0,0,96474.0
0,1,22,9,211,703,0,0,1,0,0,0,0,12,0.0,0.0,0.0,0.0,1.0,0.0,0.0,12,255,1.0,0.0,0.08,0.03,0.0,0.0,0.0,0,59060.0
0,1,22,9,310,3432,0,0,1,0,0,0,0,3,0.0,0.0,0.0,0.0,1.0,0.0,0.17,255,255,1.0,0.0,0.0,0.0,0.0,0.0,0.0,0,48535.0
0,0,14,9,1032,0,0,0,0,0,0,0,0,511,0.0,0.0,0.0,0.0,1.0,0.0,0.0,255,243,0.95,0.01,0.95,0.0,0.0,0.0,0.0,1,55912.0
0,0,13,9,8,0,0,0,0,0,0,0,0,1,0.0,0.0,0.0,0.0,1.0,0.0,1.0,1,61,1.0,0.0,1.0,0.26,0.0,0.0,0.0,1,48808.0
0,1,46,4,0,0,0,0,0,0,0,0,0,1,0.0,0.0,1.0,1.0,1.0,0.0,0.0,235,1,0.0,0.31,0.29,0.0,0.0,0.0,1.0,1,67360.0
2583,2,41,9,146,105,0,0,0,0,0,0,0,1,0.0,0.0,0.0,0.0,1.0,0.0,0.0,255,1,0.0,0.85,0.98,0.0,0.0,0.0,0.0,0,67641.0
0,1,22,9,390,1374,0,0,1,0,0,0,0,6,0.0,0.0,0.0,0.0,1.0,0.0,0.29,24,255,1.0,0.0,0.04,0.01,0.0,0.0,0.0,0,51823.0
0,2,46,9,28,0,3,0,0,0,0,0,0,92,0.0,0.0,0.0,0.0,1.0,0.0,0.0,255,92,0.36,0.63,0.36,0.0,0.0,0.0,0.0,1,106502.0
0,1,22,1,0,0,0,0,0,0,0,0,0,1,0.0,0.0,1.0,1.0,1.0,0.0,1.0,24,201,1.0,0.0,0.04,0.12,0.0,0.0,0.8,0,55356.0
0,2,11,9,44,44,0,0,0,0,0,0,0,146,0.0,0.0,0.0,0.0,1.0,0.0,0.02,255,254,1.0,0.01,0.01,0.0,0.0,0.0,0.0,0,47201.0
0,1,26,5,0,0,0,0,0,0,0,0,0,276,1.0,1.0,0.0,0.0,0.03,0.06,0.0,255,8,0.03,0.08,0.0,0.0,1.0,1.0,0.0,1,124260.0
0,0,13,9,8,0,0,0,0,0,0,0,0,1,0.0,0.0,0.0,0.0,1.0,0.0,1.0,1,185,1.0,0.0,1.0,0.25,0.0,0.0,0.0,1,35478.0
0,0,14,9,1032,0,0,0,0,0,0,0,0,511,0.0,0.0,0.0,0.0,1.0,0.0,0.0,255,74,0.29,0.02,0.29,0.0,0.02,0.0,0.0,1,113470.0
0,1,22,9,54540,8314,0,2,1,1,0,0,0,5,0.0,0.0,0.0,0.0,1.0,0.0,0.0,243,243,1.0,0.0,0.0,0.0,0.0,0.0,0.05,1,24365.0
0,1,22,9,303,401,0,0,1,0,0,0,0,13,0.0,0.0,0.0,0.0,1.0,0.0,0.0,98,254,1.0,0.0,0.01,0.02,0.0,0.0,0.0,0,116200.0
0,1,36,5,0,0,0,0,0,0,0,0,0,108,1.0,1.0,0.0,0.0,0.19,0.06,0.0,255,7,0.03,0.07,0.0,0.0,1.0,1.0,0.0,1,108932.0
0,2,46,9,100,0,0,0,0,0,0,0,0,2,0.0,0.0,0.0,0.0,1.0,0.0,0.0,128,18,0.14,0.02,0.14,0.0,0.0,0.0,0.0,0,41408.0
0,1,46,5,0,0,0,0,0,0,0,0,0,86,1.0,1.0,0.0,0.0,0.17,0.06,0.0,255,2,0.01,0.07,0.0,0.0,1.0,1.0,0.0,1,104654.0
0,1,18,9,1266,2451,0,28,1,0,0,0,0,1,0.0,0.0,0.0,0.0,1.0,0.0,0.0,255,134,0.53,0.02,0.0,0.0,0.0,0.0,0.0,0,48912.0
0,1,22,9,316,11609,0,0,1,0,0,0,0,24,0.0,0.0,0.0,0.0,1.0,0.0,0.0,255,255,1.0,0.0,0.0,0.0,0.0,0.0,0.0,0,18014.0
0,0,13,9,8,0,0,0,0,0,0,0,0,1,0.0,0.0,0.0,0.0,1.0,0.0,1.0,2,94,1.0,0.0,1.0,0.26,0.0,0.0,0.0,1,50363.0
0,1,22,9,299,1083,0,0,1,0,0,0,0,20,0.0,0.0,0.0,0.0,1.0,0.0,0.0,20,255,1.0,0.0,0.05,0.02,0.0,0.0,0.0,0,93432.0
0,2,11,9,45,138,0,0,0,0,0,0,0,142,0.0,0.0,0.0,0.0,0.99,0.01,0.01,255,224,0.88,0.02,0.0,0.0,0.0,0.0,0.0,0,48114.0
0,2,11,9,45,45,0,0,0,0,0,0,0,192,0.0,0.0,0.0,0.0,1.0,0.0,0.0,255,236,0.93,0.01,0.01,0.0,0.0,0.0,0.0,0,78708.0
0,1,22,9,299,1380,0,0,1,0,0,0,0,7,0.0,0.0,0.0,0.0,1.0,0.0,0.0,255,250,0.98,0.01,0.0,0.0,0.0,0.0,0.0,0,104899.0
0,1,51,9,1145,328,0,0,1,0,0,0,0,1,0.0,0.0,0.0,0.0,1.0,0.0,0.0,219,139,0.57,0.02,0.0,0.01,0.0,0.0,0.04,0,42166.0
0,1,38,5,0,0,0,0,0,0,0,0,0,132,1.0,1.0,0.0,0.0,0.02,0.06,0.0,255,18,0.07,0.07,0.0,0.0,1.0,1.0,0.0,1,91760.0
0,2,46,9,105,145,0,0,0,0,0,0,0,2,0.0,0.0,0.0,0.0,1.0,0.0,0.0,255,239,0.94,0.01,0.02,0.0,0.0,0.0,0.0,0,123542.0
0,1,46,1,0,0,0,0,0,0,0,0,0,408,0.09,0.0,0.91,1.0,0.0,1.0,0.0,255,1,0.0,1.0,0.0,0.0,0.11,0.0,1.0,1,14980.0
0,1,10,5,0,0,0,0,0,0,0,0,0,199,1.0,1.0,0.0,0.0,0.01,0.07,0.0,255,19,0.07,0.06,0.0,0.0,1.0,1.0,0.0,1,54449.0
0,1,46,1,0,0,0,0,0,0,0,0,0,422,0.05,0.0,0.93,1.0,0.0,1.0,0.0,255,1,0.0,1.0,0.0,0.0,0.08,0.0,1.0,1,71944.0
0,1,22,9,305,1211,0,0,1,0,0,0,0,12,0.0,0.0,0.0,0.0,1.0,0.0,0.12,255,255,1.0,0.0,0.0,0.0,0.0,0.0,0.0,0,88978.0
0,2,11,9,44,134,0,0,0,0,0,0,0,145,0.0,0.0,0.0,0.0,0.99,0.01,0.01,255,226,0.89,0.02,0.0,0.0,0.0,0.0,0.0,0,90446.0
0,0,62,9,78,0,0,0,0,0,0,0,0,18,0.0,0.0,0.0,0.0,0.5,0.11,0.0,255,9,0.04,0.01,0.04,0.0,0.0,0.0,0.0,0,112231.0
0,1,46,5,0,0,0,0,0,0,0,0,0,170,1.0,1.0,0.0,0.0,0.02,0.06,0.0,255,13,0.05,0.08,0.0,0.0,1.0,1.0,0.0,1,65547.0
0,1,46,5,0,0,0,0,0,0,0,0,0,143,1.0,1.0,0.0,0.0,0.06,0.06,0.0,255,12,0.05,0.06,0.0,0.0,1.0,1.0,0.0,1,93542.0
0,1,57,6,2895,14208,0,0,1,0,0,0,0,1,1.0,1.0,0.0,0.0,1.0,0.0,0.0,21,2,0.1,0.1,0.05,0.0,0.05,0.5,0.0,0,31774.0
584,1,57,9,568,2478,0,0,1,14,0,0,0,1,0.0,0.0,0.0,0.0,1.0,0.0,0.0,52,13,0.25,0.12,0.02,0.0,0.02,0.08,0.08,0,110241.0
0,2,41,9,147,0,0,0,0,0,0,0,0,5,0.0,0.0,0.0,0.0,0.2,0.6,0.0,43,1,0.02,0.6,0.84,0.0,0.0,0.0,0.0,0,33995.0
5,1,51,9,1174,369,0,0,1,0,0,0,0,1,0.0,0.0,0.0,0.0,1.0,0.0,1.0,130,237,0.98,0.02,0.01,0.01,0.0,0.0,0.0,0,55128.0
0,1,46,5,0,0,0,0,0,0,0,0,0,66,1.0,1.0,0.0,0.0,0.06,0.08,0.0,255,20,0.08,0.07,0.0,0.0,1.0,1.0,0.0,1,82072.0
1326,2,41,9,147,105,0,0,0,0,0,0,0,2,0.0,0.0,0.0,0.0,1.0,0.0,0.0,255,3,0.01,0.42,0.81,0.0,0.0,0.0,0.0,0,87984.0
0,1,22,9,249,1582,0,0,1,0,0,0,0,36,0.0,0.0,0.0,0.0,1.0,0.0,0.0,255,255,1.0,0.0,0.0,0.0,0.0,0.0,0.0,0,94916.0
0,1,32,1,0,0,0,0,0,0,0,0,0,273,0.0,0.0,1.0,1.0,0.07,0.06,0.0,255,19,0.07,0.07,0.0,0.0,0.0,0.0,1.0,1,73669.0
0,1,22,9,298,5290,0,0,1,0,0,0,0,10,0.0,0.0,0.0,0.0,1.0,0.0,0.0,57,255,1.0,0.0,0.02,0.01,0.02,0.0,0.0,0,39191.0
0,1,57,6,2107,12642,0,0,1,1,0,0,0,1,1.0,1.0,0.0,0.0,1.0,0.0,0.0,109,24,0.21,0.04,0.01,0.08,0.17,0.79,0.0,0,24742.0
0,1,9,5,0,0,0,0,0,0,0,0,0,253,1.0,1.0,0.0,0.0,0.03,0.07,0.0,255,7,0.03,0.07,0.0,0.0,1.0,1.0,0.0,1,65769.0
0,1,46,5,0,0,0,0,0,0,0,0,0,111,1.0,1.0,0.0,0.0,0.08,0.08,0.0,255,9,0.04,0.07,0.0,0.0,1.0,1.0,0.0,1,16684.0
0,0,14,9,1032,0,0,0,0,0,0,0,0,511,0.0,0.0,0.0,0.0,1.0,0.0,0.0,212,118,0.56,0.03,0.56,0.0,0.01,0.0,0.0,1,38354.0
0,1,35,5,0,0,0,0,0,0,0,0,0,251,1.0,1.0,0.0,0.0,0.02,0.07,0.0,255,5,0.02,0.07,0.0,0.0,1.0,1.0,0.0,1,12366.0
0,1,6,5,0,0,0,0,0,0,0,0,0,249,1.0,1.0,0.0,0.0,0.09,0.06,0.0,255,22,0.09,0.06,0.0,0.0,1.0,1.0,0.0,1,27209.0
0,1,12,2,0,0,0,0,0,0,0,0,0,255,0.0,0.0,1.0,1.0,0.01,0.07,0.0,255,3,0.01,0.08,0.0,0.0,0.0,0.0,1.0,1,60974.0
0,1,22,9,306,12235,0,0,1,0,0,0,0,30,0.0,0.0,0.0,0.0,1.0,0.0,0.0,65,255,1.0,0.0,0.02,0.02,0.0,0.0,0.0,0,94866.0
0,2,11,9,44,125,0,0,0,0,0,0,0,73,0.0,0.0,0.0,0.0,1.0,0.0,0.01,255,216,0.85,0.02,0.0,0.0,0.0,0.0,0.0,0,54192.0
0,1,22,9,218,5842,0,2,1,0,0,0,0,3,0.33,0.33,0.0,0.0,1.0,0.0,0.0,13,255,1.0,0.0,0.08,0.01,0.08,0.0,0.0,0,125405.0
0,1,22,9,221,685,0,0,1,0,0,0,0,7,0.0,0.0,0.0,0.0,1.0,0.0,0.0,91,255,1.0,0.0,0.01,0.03,0.0,0.0,0.0,0,27334.0
2,1,10,2,7,28,0,0,1,0,0,0,0,510,0.08,0.0,0.92,1.0,0.0,1.0,0.0,255,1,0.0,1.0,0.0,0.0,0.13,0.0,1.0,1,27486.0
0,0,14,9,1032,0,0,0,0,0,0,0,0,511,0.0,0.0,0.0,0.0,1.0,0.0,0.0,156,62,0.4,0.04,0.4,0.0,0.01,0.0,0.0,1,2351.0
0,1,46,5,0,0,0,0,0,0,0,0,0,118,1.0,1.0,0.0,0.0,0.08,0.06,0.0,255,14,0.05,0.07,0.0,0.0,1.0,1.0,0.0,1,37747.0
0,1,51,9,1546,336,0,0,1,0,0,0,0,2,0.0,0.0,0.0,0.0,1.0,0.0,0.67,255,6,0.02,0.73,0.0,0.0,0.0,0.0,0.0,0,14715.0
0,1,41,1,0,0,0,0,0,0,0,0,0,509,0.17,0.0,0.83,1.0,0.0,1.0,0.0,255,1,0.0,1.0,0.0,0.0,0.02,0.0,1.0,1,122079.0
1,1,46,4,0,0,0,0,0,0,0,0,0,314,0.0,0.0,1.0,1.0,0.01,0.5,0.0,255,2,0.01,0.5,1.0,0.0,0.0,0.0,1.0,1,88259.0
0,1,51,9,3953,329,0,0,1,0,0,0,0,2,0.0,0.0,0.0,0.0,1.0,0.0,0.67,30,24,0.8,0.13,0.03,0.0,0.0,0.0,0.0,0,29158.0
1,1,51,9,1390,334,0,0,1,0,0,0,0,1,0.0,0.0,0.0,0.0,1.0,0.0,0.0,232,148,0.57,0.01,0.0,0.01,0.0,0.0,0.0,0,110082.0
0,2,11,9,46,46,0,0,0,0,0,0,0,211,0.0,0.0,0.0,0.0,1.0,0.0,0.0,255,255,1.0,0.0,0.0,0.0,0.0,0.0,0.0,0,41063.0
0,2,41,9,145,0,0,0,0,0,0,0,0,4,0.0,0.0,0.0,0.0,0.25,0.75,0.0,255,1,0.0,0.6,0.97,0.0,0.0,0.0,0.0,0,100627.0
0,1,22,9,309,888,0,0,1,0,0,0,0,32,0.0,0.0,0.0,0.0,1.0,0.0,0.08,144,255,1.0,0.0,0.01,0.01,0.01,0.0,0.0,0,102051.0
0,1,22,9,214,1327,0,0,1,0,0,0,0,14,0.0,0.0,0.0,0.0,1.0,0.0,0.0,14,255,1.0,0.0,0.07,0.05,0.0,0.0,0.0,0,37274.0
0,1,19,9,641,0,0,0,0,0,0,0,0,2,0.0,0.0,0.0,0.0,1.0,0.0,0.0,49,5,0.1,0.08,0.1,0.0,0.0,0.0,0.0,0,8605.0
0,1,3,9,10,39,0,0,1,0,0,0,0,1,0.0,0.95,0.0,0.0,1.0,0.0,0.1,200,3,0.01,0.04,0.0,0.0,0.0,0.0,0.0,0,33635.0
0,1,41,1,0,0,0,0,0,0,0,0,0,509,0.23,0.0,0.76,1.0,0.0,1.0,0.0,255,1,0.0,1.0,0.0,0.0,0.26,0.0,1.0,1,83421.0
0,1,22,9,305,3222,0,0,1,0,0,0,0,3,0.0,0.0,0.0,0.25,1.0,0.0,0.5,255,247,0.97,0.01,0.0,0.0,0.0,0.0,0.02,0,74625.0
0,2,41,9,146,0,0,0,0,0,0,0,0,3,0.0,0.0,0.0,0.0,0.33,0.67,0.0,255,1,0.0,0.56,0.88,0.0,0.0,0.0,0.0,0,106467.0
0,1,22,9,250,4753,0,0,1,0,0,0,0,23,0.0,0.0,0.0,0.0,1.0,0.0,0.1,255,255,1.0,0.0,0.0,0.0,0.0,0.0,0.0,0,63530.0
0,1,41,9,5891,0,0,0,1,0,0,0,0,15,0.07,0.0,0.0,0.0,0.07,0.33,0.0,128,1,0.01,0.07,0.16,0.0,0.03,0.0,0.0,0,57011.0
0,2,11,9,45,150,0,0,0,0,0,0,0,75,0.0,0.0,0.0,0.0,0.99,0.03,0.01,255,245,0.96,0.01,0.0,0.0,0.0,0.0,0.0,0,116283.0
0,1,51,9,2492,391,0,0,1,0,0,0,0,1,0.0,0.0,0.0,0.0,1.0,0.0,0.0,255,4,0.02,0.06,0.0,0.0,0.0,0.0,0.0,0,28420.0
0,1,31,5,0,0,0,0,0,0,0,0,0,133,1.0,1.0,0.0,0.0,0.03,0.06,0.0,255,15,0.06,0.07,0.0,0.0,1.0,1.0,0.0,1,119714.0
0,1,19,9,71,0,0,0,0,0,0,0,0,1,0.0,0.0,0.0,0.0,1.0,0.0,0.0,255,1,0.0,1.0,0.0,0.0,0.99,0.0,0.0,0,15169.0
0,1,46,5,0,0,0,0,0,0,0,0,0,193,1.0,1.0,0.0,0.0,0.05,0.06,0.0,255,6,0.02,0.07,0.0,0.0,1.0,1.0,0.0,1,73404.0
0,1,19,5,0,0,0,0,0,0,0,0,0,7,1.0,1.0,0.0,0.0,0.14,0.43,0.0,249,61,0.24,0.02,0.0,0.0,0.99,1.0,0.0,1,11794.0
0,1,46,5,0,0,0,0,0,0,0,0,0,280,1.0,1.0,0.0,0.0,0.06,0.06,0.0,255,17,0.07,0.06,0.0,0.0,1.0,1.0,0.0,1,43388.0
0,0,13,9,8,0,0,0,0,0,0,0,0,1,0.0,0.0,0.0,0.0,1.0,0.0,1.0,1,163,1.0,0.0,1.0,0.5,0.0,0.0,0.0,1,50384.0
0,1,22,9,157,14052,0,0,1,0,0,0,0,2,0.0,0.0,0.0,0.0,1.0,0.0,0.0,2,255,1.0,0.0,0.5,0.04,0.0,0.0,0.0,0,101176.0
0,2,11,9,44,133,0,0,0,0,0,0,0,72,0.0,0.0,0.0,0.0,1.0,0.0,0.01,255,254,1.0,0.01,0.0,0.0,0.0,0.0,0.0,0,114645.0
0,0,14,9,520,0,0,0,0,0,0,0,0,270,0.0,0.0,0.0,0.0,1.0,0.0,0.0,255,255,1.0,0.0,1.0,0.0,0.0,0.0,0.0,1,66185.0
0,1,22,9,322,6660,0,0,1,0,0,0,0,6,0.0,0.0,0.0,0.0,1.0,0.0,0.0,175,255,1.0,0.0,0.01,0.01,0.01,0.0,0.03,0,122796.0
0,1,22,9,304,11094,0,0,1,0,0,0,0,5,0.0,0.0,0.0,0.0,1.0,0.0,0.0,5,37,1.0,0.0,0.2,0.05,0.0,0.0,0.0,0,99664.0
0,2,11,9,43,75,0,0,0,0,0,0,0,276,0.0,0.0,0.0,0.0,1.0,0.0,0.0,255,254,1.0,0.01,0.0,0.0,0.0,0.0,0.0,0,8645.0
0,1,22,5,0,0,0,0,0,0,0,0,0,5,1.0,1.0,0.0,0.0,1.0,0.0,0.0,255,57,0.22,0.04,0.0,0.0,1.0,1.0,0.0,1,112463.0
0,1,46,5,0,0,0,0,0,0,0,0,0,187,1.0,1.0,0.0,0.0,0.02,0.07,0.0,255,18,0.07,0.07,0.0,0.0,1.0,1.0,0.0,1,75940.0
0,1,51,9,569,333,0,0,1,0,0,0,0,1,0.0,0.0,0.0,0.0,1.0,0.0,1.0,31,147,0.77,0.1,0.03,0.01,0.0,0.0,0.0,0,24069.0
0,1,22,9,229,255,0,0,1,0,0,0,0,6,0.0,0.0,0.0,0.0,1.0,0.0,0.0,255,255,1.0,0.0,0.0,0.0,0.0,0.0,0.02,0,69388.0
0,0,13,9,30,0,0,0,0,0,0,0,0,8,0.0,0.0,0.0,0.0,0.12,0.38,0.0,255,3,0.01,0.01,0.08,0.0,0.0,0.0,0.0,0,125251.0
0,0,13,9,8,0,0,0,0,0,0,0,0,1,0.0,0.0,0.0,0.0,1.0,0.0,1.0,2,44,1.0,0.0,1.0,0.5,0.0,0.0,0.0,1,95078.0
0,1,22,9,262,180,0,0,1,0,0,0,0,8,0.0,0.0,0.0,0.0,1.0,0.0,0.0,116,255,1.0,0.0,0.01,0.02,0.0,0.0,0.0,0,45134.0
0,1,56,1,0,0,0,0,0,0,0,0,0,247,0.0,0.0,1.0,1.0,0.02,0.06,0.0,255,4,0.02,0.07,0.0,0.0,0.0,0.0,1.0,1,21520.0
0,2,46,9,1,0,0,0,0,0,0,0,0,64,0.0,0.0,0.0,0.0,0.58,0.06,0.0,255,101,0.4,0.06,1.0,0.0,0.0,0.0,0.0,1,93368.0
0,1,22,4,54540,7300,0,1,1,0,0,0,0,4,0.0,0.0,0.25,0.4,1.0,0.0,0.4,255,255,1.0,0.0,0.0,0.0,0.0,0.0,0.02,1,63296.0
26488,1,46,4,1,0,0,0,0,0,0,0,0,2,0.0,0.0,1.0,1.0,1.0,0.0,0.0,255,2,0.01,0.74,1.0,0.0,0.0,0.0,1.0,1,35059.0
0,1,46,5,0,0,0,0,0,0,0,0,0,215,1.0,1.0,0.0,0.0,0.03,0.07,0.0,255,20,0.08,0.06,0.0,0.0,1.0,1.0,0.0,1,65844.0
1,1,46,3,0,0,0,0,0,0,0,0,0,135,0.73,0.5,0.27,0.5,0.01,0.36,0.0,255,2,0.01,0.19,0.53,0.0,0.38,0.5,0.5,1,87050.0
0,1,51,9,652,333,0,0,1,0,0,0,0,1,0.0,0.0,0.0,0.0,1.0,0.0,0.0,117,163,0.73,0.03,0.01,0.02,0.0,0.0,0.0,0,67480.0
10,1,51,9,1614,325,0,0,1,0,0,0,0,1,0.0,0.0,0.0,0.0,1.0,0.0,0.0,137,148,0.5,0.05,0.01,0.01,0.0,0.0,0.0,0,94254.0
0,1,22,9,180,19707,0,0,1,0,0,0,0,1,0.0,0.0,0.0,0.0,1.0,0.0,1.0,255,255,1.0,0.0,0.0,0.0,0.0,0.0,0.0,0,50171.0
0,1,8,5,0,0,0,0,0,0,0,0,0,241,1.0,1.0,0.0,0.0,0.1,0.05,0.0,255,24,0.09,0.05,0.0,0.0,1.0,1.0,0.0,1,81405.0
0,1,57,5,0,0,0,0,0,0,0,0,0,8,0.88,1.0,0.0,0.0,0.88,0.25,0.0,7,8,1.0,0.0,0.14,0.25,1.0,0.88,0.0,1,21037.0
0,1,22,9,392,3759,0,0,1,0,0,0,0,8,0.0,0.0,0.0,0.0,1.0,0.0,0.31,48,255,1.0,0.0,0.02,0.06,0.0,0.0,0.0,0,67688.0
0,0,14,9,1032,0,0,0,0,0,0,0,0,193,0.0,0.0,0.0,0.0,1.0,0.0,0.0,255,193,0.76,0.01,0.76,0.0,0.0,0.0,0.0,1,113415.0
0,1,19,9,383,0,0,0,1,0,0,0,0,2,0.0,0.0,0.0,0.0,1.0,0.0,0.0,255,103,0.4,0.03,0.4,0.0,0.01,0.01,0.0,0,57820.0
0,1,22,9,216,448,0,0,1,0,0,0,0,3,0.0,0.0,0.0,0.0,1.0,0.0,0.33,62,255,1.0,0.0,0.02,0.03,0.0,0.0,0.0,0,56177.0
0,1,46,5,0,0,0,0,0,0,0,0,0,114,0.99,1.0,0.0,0.0,0.11,0.07,0.0,255,13,0.05,0.07,0.0,0.0,1.0,1.0,0.0,1,71639.0
0,1,46,5,0,0,0,0,0,0,0,0,0,101,1.0,1.0,0.0,0.0,0.19,0.05,0.0,255,7,0.03,0.06,0.0,0.0,1.0,1.0,0.0,1,114539.0
0,2,11,9,43,134,0,0,0,0,0,0,0,93,0.0,0.0,0.0,0.0,1.0,0.0,0.01,255,255,1.0,0.0,0.0,0.0,0.0,0.0,0.0,0,89470.0
0,1,22,9,289,4743,0,0,1,0,0,0,0,17,0.0,0.0,0.0,0.0,1.0,0.0,0.0,82,255,1.0,0.0,0.01,0.01,0.0,0.0,0.01,0,70039.0
0,1,22,9,289,706,0,0,1,0,0,0,0,6,0.0,0.0,0.0,0.0,1.0,0.0,0.0,224,255,1.0,0.0,0.0,0.02,0.0,0.0,0.0,0,66816.0
0,1,46,1,0,0,0,0,0,0,0,0,0,129,0.0,0.0,1.0,1.0,0.07,0.07,0.0,255,9,0.04,0.07,0.0,0.0,0.0,0.0,1.0,1,58013.0
0,0,13,9,8,0,0,0,0,0,0,0,0,1,0.0,0.0,0.0,0.0,1.0,0.0,1.0,2,129,1.0,0.0,1.0,0.5,0.0,0.0,0.0,1,829.0
4109,1,41,4,1,0,0,0,0,0,0,0,0,1,0.0,0.0,1.0,1.0,1.0,0.0,0.0,255,1,0.0,0.72,1.0,0.0,0.0,0.0,1.0,1,62636.0
0,1,25,5,0,0,0,0,0,0,0,0,0,234,1.0,1.0,0.0,0.0,0.05,0.07,0.0,255,13,0.05,0.09,0.0,0.0,1.0,1.0,0.0,1,65881.0
0,2,11,9,46,495,0,0,0,0,0,0,0,68,0.0,0.0,0.0,0.0,0.99,0.03,0.01,255,236,0.93,0.01,0.0,0.0,0.0,0.0,0.0,0,88714.0
1,1,39,9,6,0,0,0,1,0,0,0,0,6,0.0,0.0,0.33,0.0,0.17,1.0,0.0,113,1,0.01,0.1,0.01,0.0,0.0,0.0,0.0,1,69984.0
29,1,18,9,1486,4152,0,30,1,0,0,0,0,1,0.0,0.0,0.0,0.0,1.0,0.0,0.0,144,35,0.24,0.05,0.01,0.0,0.0,0.0,0.0,0,81613.0
0,1,19,5,0,0,0,0,0,0,0,0,0,6,1.0,1.0,0.0,0.0,0.33,0.67,0.0,255,49,0.19,0.04,0.01,0.0,1.0,1.0,0.0,1,112155.0
0,1,12,5,0,0,0,0,0,0,0,0,0,194,1.0,1.0,0.0,0.0,0.02,0.07,0.0,255,6,0.02,0.08,0.0,0.0,1.0,1.0,0.0,1,7708.0
0,1,22,9,351,1254,0,0,1,0,0,0,0,9,0.0,0.08,0.0,0.0,1.0,0.0,0.31,33,104,1.0,0.0,0.03,0.17,0.0,0.0,0.68,0,90559.0
0,1,22,9,212,28541,0,0,1,0,0,0,0,4,0.0,0.0,0.0,0.0,1.0,0.0,0.0,187,255,1.0,0.0,0.01,0.01,0.01,0.0,0.0,0,41843.0
3,1,46,4,0,0,0,0,0,0,0,0,0,323,0.0,0.0,1.0,1.0,0.01,0.52,0.0,255,2,0.01,0.52,1.0,0.0,0.0,0.0,1.0,1,3515.0
0,1,46,5,0,0,0,0,0,0,0,0,0,119,1.0,1.0,0.0,0.0,0.05,0.07,0.0,255,2,0.01,0.07,0.0,0.0,1.0,1.0,0.0,1,120209.0
0,2,11,9,34,88,0,0,0,0,0,0,0,4,0.0,0.0,0.0,0.0,1.0,0.0,0.25,255,236,0.93,0.01,0.0,0.0,0.0,0.0,0.0,0,95518.0
0,1,7,5,0,0,0,0,0,0,0,0,0,274,1.0,1.0,0.0,0.0,0.08,0.04,0.0,255,22,0.09,0.05,0.0,0.0,1.0,1.0,0.0,1,5787.0
0,1,22,1,0,0,0,0,0,0,0,0,0,1,0.0,0.0,1.0,1.0,1.0,0.0,0.0,142,255,1.0,0.0,0.01,0.06,0.0,0.0,0.7,0,10113.0
0,1,22,9,221,1112,0,0,1,0,0,0,0,14,0.0,0.0,0.0,0.0,1.0,0.0,0.11,255,255,1.0,0.0,0.0,0.0,0.0,0.0,0.0,0,81082.0
0,1,22,4,54060,7300,0,1,1,0,0,0,0,3,0.0,0.0,0.33,0.33,1.0,0.0,0.0,255,255,1.0,0.0,0.0,0.0,0.0,0.0,0.06,1,8786.0
0,0,14,9,1032,0,0,0,0,0,0,0,0,453,0.0,0.0,0.0,0.0,1.0,0.0,0.0,255,255,1.0,0.0,1.0,0.0,0.0,0.0,0.0,1,10117.0
0,1,15,5,0,0,0,0,0,0,0,0,0,133,1.0,1.0,0.0,0.0,0.04,0.06,0.0,255,5,0.02,0.06,0.0,0.0,1.0,1.0,0.0,1,36300.0
0,1,22,9,301,316,0,0,1,0,0,0,0,7,0.0,0.04,0.0,0.0,1.0,0.0,0.16,255,255,1.0,0.0,0.0,0.0,0.0,0.0,0.0,0,67435.0
0,1,41,1,0,0,0,0,0,0,0,0,0,509,0.07,0.0,0.93,1.0,0.0,1.0,0.0,255,1,0.0,1.0,0.0,0.0,0.08,0.0,1.0,1,35663.0
0,2,11,9,46,137,0,0,0,0,0,0,0,64,0.0,0.0,0.0,0.0,0.98,0.03,0.01,255,235,0.92,0.01,0.0,0.0,0.0,0.0,0.0,0,46022.0
0,2,11,9,33,88,0,0,0,0,0,0,0,4,0.0,0.0,0.0,0.0,1.0,0.0,0.0,255,253,0.99,0.01,0.0,0.0,0.0,0.0,0.0,0,125752.0
0,0,13,9,8,0,0,0,0,0,0,0,0,1,0.0,0.0,0.0,0.0,1.0,0.0,1.0,2,129,1.0,0.0,1.0,0.5,0.0,0.0,0.0,1,26583.0
0,0,13,9,8,0,0,0,0,0,0,0,0,1,0.0,0.0,0.0,0.0,1.0,0.0,1.0,1,80,1.0,0.0,1.0,0.26,0.0,0.0,0.0,1,15303.0
0,2,46,9,1,1,0,0,0,0,0,0,0,14,0.0,0.0,0.0,0.0,0.79,0.14,0.0,255,11,0.04,0.95,0.05,0.0,0.16,0.0,0.0,1,42172.0
0,2,11,9,42,75,0,0,0,0,0,0,0,208,0.0,0.0,0.0,0.0,1.0,0.0,0.0,255,250,0.98,0.01,0.01,0.0,0.0,0.0,0.0,0,92080.0
0,1,22,9,294,1357,0,0,1,0,0,0,0,6,0.0,0.0,0.0,0.0,1.0,0.0,0.0,77,255,1.0,0.0,0.01,0.03,0.0,0.0,0.0,0,109512.0
0,1,22,9,199,3451,0,0,1,0,0,0,0,18,0.0,0.0,0.0,0.0,1.0,0.0,0.11,255,255,1.0,0.0,0.0,0.0,0.0,0.0,0.0,0,82275.0
0,1,22,9,345,1874,0,0,1,0,0,0,0,18,0.0,0.0,0.0,0.0,1.0,0.0,0.15,255,255,1.0,0.0,0.0,0.0,0.0,0.0,0.0,0,41390.0
0,0,13,9,8,0,0,0,0,0,0,0,0,1,0.0,0.0,0.0,0.0,1.0,0.0,1.0,1,255,1.0,0.0,1.0,0.25,0.0,0.0,0.0,1,16097.0
0,1,56,5,0,0,0,0,0,0,0,0,0,263,1.0,1.0,0.0,0.0,0.01,0.06,0.0,255,6,0.02,0.08,0.0,0.0,1.0,1.0,0.0,1,123965.0
0,1,46,5,0,0,0,0,0,0,0,0,0,258,1.0,1.0,0.0,0.0,0.01,0.07,0.0,255,18,0.07,0.08,0.0,0.0,1.0,1.0,0.0,1,1877.0
5893,2,41,9,145,105,0,0,0,0,0,0,0,1,0.0,0.0,0.0,0.0,1.0,0.0,0.0,255,1,0.0,0.69,0.96,0.0,0.0,0.0,0.0,0,47954.0
0,1,22,9,316,1247,0,0,1,0,0,0,0,14,0.0,0.0,0.0,0.0,1.0,0.0,0.11,132,255,1.0,0.0,0.01,0.05,0.0,0.0,0.0,0,11636.0
0,1,22,9,241,8765,0,0,1,0,0,0,0,1,0.0,0.0,0.0,0.0,1.0,0.0,0.0,69,255,1.0,0.0,0.01,0.01,0.0,0.0,0.0,0,28315.0
2,1,46,4,0,0,0,0,0,0,0,0,0,415,0.0,0.0,1.0,1.0,0.0,0.52,0.0,255,2,0.01,0.51,1.0,0.0,0.0,0.0,1.0,1,62495.0
0,1,22,9,239,1423,0,0,1,0,0,0,0,13,0.0,0.0,0.0,0.0,1.0,0.0,0.0,26,158,1.0,0.0,0.04,0.02,0.0,0.0,0.0,0,43712.0
1,1,51,9,834,330,0,0,1,0,0,0,0,1,0.0,0.0,0.0,0.0,1.0,0.0,1.0,28,93,0.68,0.18,0.04,0.02,0.0,0.0,0.0,0,48571.0
0,1,19,9,1830,0,0,0,1,0,0,0,0,5,0.0,0.0,0.0,0.0,1.0,0.0,0.0,175,60,0.3,0.04,0.3,0.03,0.0,0.0,0.0,0,99663.0
0,1,22,9,322,318,0,0,1,0,0,0,0,3,0.0,0.0,0.0,0.0,1.0,0.0,0.19,66,255,1.0,0.0,0.02,0.01,0.0,0.0,0.0,0,28758.0
0,1,22,9,325,788,0,0,1,0,0,0,0,15,0.0,0.0,0.0,0.0,1.0,0.0,0.0,255,255,1.0,0.0,0.0,0.0,0.0,0.0,0.0,0,1608.0
0,2,41,9,1,0,0,0,0,0,0,0,0,7,0.0,0.0,0.0,0.0,1.0,0.0,0.0,255,7,0.03,0.2,0.58,0.0,0.0,0.0,0.0,1,125125.0
0,1,46,5,0,0,0,0,0,0,0,0,0,104,1.0,1.0,0.0,0.0,0.21,0.06,0.0,255,22,0.09,0.05,0.0,0.0,1.0,1.0,0.0,1,94751.0
0,1,24,1,0,0,0,0,0,0,0,0,0,107,0.0,0.0,1.0,1.0,0.12,0.07,0.0,255,13,0.05,0.05,0.0,0.0,0.0,0.0,1.0,1,105958.0
0,1,22,5,0,0,0,0,0,0,0,0,0,277,1.0,1.0,0.0,0.0,0.04,0.06,0.0,255,10,0.04,0.06,0.0,0.0,1.0,1.0,0.0,1,88099.0
0,1,46,5,0,0,0,0,0,0,0,0,0,200,1.0,1.0,0.0,0.0,0.1,0.05,0.0,255,1,0.0,0.08,0.0,0.0,1.0,1.0,0.0,1,71973.0
0,2,11,9,46,115,0,0,0,0,0,0,0,109,0.0,0.0,0.0,0.0,0.99,0.02,0.02,255,253,0.99,0.01,0.0,0.0,0.0,0.0,0.0,0,94648.0
0,1,22,9,311,1151,0,0,1,0,0,0,0,55,0.0,0.0,0.0,0.0,1.0,0.0,0.0,148,255,1.0,0.0,0.01,0.02,0.0,0.0,0.0,0,36229.0
5,1,51,9,914,370,0,0,1,0,0,0,0,1,0.0,0.0,0.0,0.0,1.0,0.0,1.0,5,141,0.8,0.4,0.2,0.01,0.0,0.0,0.0,0,5802.0
0,1,46,1,0,0,0,0,0,0,0,0,0,2,0.0,0.0,1.0,1.0,0.5,1.0,0.0,255,1,0.0,0.7,0.68,0.0,0.0,0.0,1.0,1,45143.0
0,2,11,9,44,44,0,0,0,0,0,0,0,138,0.0,0.0,0.0,0.0,1.0,0.0,0.01,255,207,0.81,0.01,0.01,0.0,0.0,0.0,0.0,0,98899.0
0,1,22,9,201,24716,0,0,1,0,0,0,0,2,0.0,0.0,0.0,0.0,1.0,0.0,0.67,14,255,1.0,0.0,0.07,0.04,0.0,0.0,0.0,0,3588.0
0,1,19,9,1342,0,0,0,1,0,0,0,0,16,0.0,0.0,0.0,0.0,1.0,0.0,0.0,73,26,0.36,0.07,0.36,0.0,0.0,0.0,0.0,0,76722.0
0,1,46,5,0,0,0,0,0,0,0,0,0,121,1.0,1.0,0.0,0.0,0.17,0.06,0.0,255,2,0.01,0.08,0.0,0.0,1.0,1.0,0.0,1,65923.0
21,1,57,9,114,9527,0,0,1,0,0,0,0,1,0.0,0.0,0.0,0.0,1.0,0.0,0.0,50,1,0.02,0.74,0.02,0.0,0.0,0.0,0.0,0,31718.0
0,1,22,7,236,0,0,2,1,0,0,0,0,1,1.0,1.0,0.0,0.0,1.0,0.0,0.0,3,255,1.0,0.0,0.33,0.04,0.33,0.0,0.0,0,13783.0
0,1,46,5,0,0,0,0,0,0,0,0,0,192,1.0,1.0,0.0,0.0,0.05,0.06,0.0,38,9,0.24,0.16,0.03,0.0,0.63,1.0,0.0,1,1663.0
1,1,51,9,809,330,0,0,1,0,0,0,0,2,0.0,0.0,0.0,0.0,1.0,0.0,0.67,60,50,0.83,0.07,0.02,0.0,0.0,0.0,0.0,0,106587.0
0,1,56,5,0,0,0,0,0,0,0,0,0,234,1.0,1.0,0.0,0.0,0.05,0.07,0.0,255,11,0.04,0.08,0.0,0.0,1.0,1.0,0.0,1,21277.0
0,1,20,1,0,0,0,0,0,0,0,0,0,270,0.0,0.0,1.0,1.0,0.06,0.07,0.0,255,17,0.07,0.07,0.0,0.0,0.0,0.0,1.0,1,4228.0
0,2,11,9,45,138,0,0,0,0,0,0,0,64,0.0,0.0,0.0,0.0,0.98,0.03,0.01,255,236,0.93,0.01,0.0,0.0,0.0,0.0,0.0,0,85225.0
0,1,19,5,0,0,0,0,0,0,0,0,0,4,1.0,1.0,0.0,0.0,0.75,0.5,0.0,255,60,0.24,0.04,0.0,0.0,1.0,1.0,0.0,1,2026.0
0,1,46,5,0,0,0,0,0,0,0,0,0,102,1.0,1.0,0.0,0.0,0.18,0.08,0.0,255,18,0.07,0.07,0.0,0.0,1.0,1.0,0.0,1,106479.0
0,1,22,9,222,1159,0,0,1,0,0,0,0,2,0.0,0.0,0.0,0.0,1.0,0.0,0.67,6,255,1.0,0.0,0.17,0.04,0.0,0.0,0.0,0,51157.0
0,2,46,9,1,0,0,0,0,0,0,0,0,63,0.0,0.0,0.0,0.0,0.14,0.08,0.0,255,9,0.04,0.2,0.85,0.0,0.0,0.0,0.0,1,25505.0
0,1,22,9,54540,8314,0,2,1,1,0,0,0,3,0.0,0.0,0.0,0.0,1.0,0.0,0.0,255,255,1.0,0.0,0.0,0.0,0.0,0.0,0.02,1,70400.0
0,2,11,9,45,138,0,0,0,0,0,0,0,115,0.0,0.0,0.0,0.0,1.0,0.0,0.01,255,255,1.0,0.0,0.0,0.0,0.0,0.0,0.0,0,46917.0
0,1,22,9,209,2325,0,0,1,0,0,0,0,11,0.0,0.0,0.0,0.0,1.0,0.0,0.0,255,255,1.0,0.0,0.0,0.0,0.0,0.0,0.0,0,85864.0
0,1,22,9,237,1159,0,0,1,0,0,0,0,1,0.0,0.0,0.0,0.0,1.0,0.0,0.0,42,255,1.0,0.0,0.02,0.04,0.0,0.0,0.0,0,76481.0
0,1,57,5,0,0,0,0,0,0,0,0,0,296,1.0,1.0,0.0,0.0,0.04,0.05,0.0,255,17,0.07,0.07,0.0,0.0,1.0,1.0,0.0,1,8133.0
0,1,3,5,0,0,0,0,0,0,0,0,0,282,1.0,1.0,0.0,0.0,0.04,0.06,0.0,255,12,0.05,0.06,0.0,0.0,1.0,1.0,0.0,1,34945.0
0,1,34,1,0,0,0,0,0,0,0,0,0,170,0.0,0.0,1.0,1.0,0.02,0.07,0.0,255,3,0.01,0.08,0.0,0.0,0.0,0.0,1.0,1,59836.0
0,1,22,9,332,1196,0,0,1,0,0,0,0,21,0.0,0.0,0.0,0.0,1.0,0.0,0.0,255,255,1.0,0.0,0.0,0.0,0.01,0.01,0.0,0,53895.0
0,1,46,5,0,0,0,0,0,0,0,0,0,178,1.0,1.0,0.0,0.0,0.07,0.06,0.0,255,13,0.05,0.07,0.0,0.0,1.0,1.0,0.0,1,106711.0
0,1,5,5,0,0,0,0,0,0,0,0,0,110,1.0,1.0,0.0,0.0,0.04,0.06,0.0,255,4,0.02,0.07,0.0,0.0,1.0,1.0,0.0,1,45638.0
0,0,14,9,1032,0,0,0,0,0,0,0,0,511,0.0,0.0,0.0,0.0,1.0,0.0,0.0,255,101,0.4,0.02,0.4,0.0,0.02,0.0,0.0,1,40579.0
0,2,11,9,43,126,0,0,0,0,0,0,0,37,0.0,0.0,0.0,0.0,1.0,0.0,0.02,177,196,0.77,0.02,0.68,0.01,0.0,0.0,0.0,0,18484.0
0,1,22,9,243,188,0,0,1,0,0,0,0,1,0.0,0.0,0.0,0.0,1.0,0.0,0.5,5,255,1.0,0.0,0.2,0.02,0.0,0.0,0.0,0,27338.0
0,2,46,9,1,0,0,0,0,0,0,0,0,4,0.0,0.0,0.0,0.0,1.0,0.0,0.0,255,4,0.02,0.23,1.0,0.0,0.0,0.0,0.0,1,73101.0
0,1,56,5,0,0,0,0,0,0,0,0,0,55,1.0,1.0,0.0,0.0,0.07,0.11,0.0,255,4,0.02,0.08,0.0,0.0,1.0,1.0,0.0,1,66114.0
0,1,25,4,0,0,0,0,0,0,0,0,0,1,0.0,0.0,1.0,1.0,1.0,0.0,0.0,255,1,0.0,1.0,1.0,0.0,0.0,0.0,1.0,1,71658.0
0,1,46,4,0,0,0,0,0,0,0,0,0,1,0.0,0.0,1.0,1.0,1.0,0.0,0.0,140,1,0.01,0.66,0.66,0.0,0.04,0.0,1.0,1,82470.0
0,1,46,5,0,0,0,0,0,0,0,0,0,256,1.0,1.0,0.0,0.0,0.07,0.05,0.0,255,7,0.03,0.08,0.0,0.0,1.0,1.0,0.0,1,78612.0
0,1,46,1,0,0,0,0,0,0,0,0,0,117,0.07,0.0,0.91,1.0,0.01,1.0,0.0,255,1,0.0,0.69,0.0,0.0,0.03,0.0,1.0,1,54749.0
0,1,46,5,0,0,0,0,0,0,0,0,0,121,1.0,1.0,0.0,0.0,0.15,0.06,0.0,255,1,0.0,0.07,0.01,0.0,1.0,1.0,0.0,1,107087.0
0,1,22,9,244,4187,0,0,1,0,0,0,0,4,0.0,0.0,0.0,0.0,1.0,0.0,0.0,45,45,1.0,0.0,0.02,0.0,0.0,0.0,0.0,0,59890.0
0,1,46,5,0,0,0,0,0,0,0,0,0,66,1.0,1.0,0.0,0.0,0.08,0.09,0.0,255,20,0.08,0.07,0.0,0.0,1.0,1.0,0.0,1,23490.0
0,2,11,9,44,138,0,0,0,0,0,0,0,1,0.0,0.0,0.0,0.0,1.0,0.0,0.67,255,245,0.96,0.01,0.0,0.0,0.0,0.0,0.0,0,47003.0
16820,2,41,9,147,105,0,0,0,0,0,0,0,1,0.0,0.0,0.0,0.0,1.0,0.0,0.0,249,1,0.0,0.44,0.82,0.0,0.0,0.0,0.0,0,49564.0
0,1,39,5,0,0,0,0,0,0,0,0,0,102,1.0,1.0,0.0,0.0,0.02,0.05,0.0,255,2,0.01,0.05,0.0,0.0,1.0,1.0,0.0,1,90383.0
0,1,22,9,302,561,0,0,1,0,0,0,0,8,0.0,0.0,0.0,0.0,1.0,0.0,0.0,114,255,1.0,0.0,0.01,0.01,0.0,0.0,0.0,0,10321.0
23120,2,41,9,146,105,0,0,0,0,0,0,0,6,0.17,0.0,0.0,0.0,0.33,0.5,0.0,255,2,0.01,0.56,0.88,0.0,0.0,0.0,0.0,0,11713.0
0,1,22,9,185,427,0,0,1,0,0,0,0,3,0.0,0.0,0.0,0.0,1.0,0.0,0.0,127,255,1.0,0.0,0.01,0.02,0.0,0.0,0.0,0,91205.0
0,1,21,1,0,0,0,0,0,0,0,0,0,282,0.0,0.0,1.0,1.0,0.07,0.06,0.0,255,20,0.08,0.07,0.0,0.0,0.0,0.0,1.0,1,117254.0
0,1,22,5,0,0,0,0,0,0,0,0,0,22,1.0,1.0,0.0,0.0,0.55,0.18,0.0,255,52,0.2,0.03,0.01,0.0,1.0,1.0,0.0,1,68835.0
0,1,51,9,2226,327,0,0,1,0,0,0,0,1,0.0,0.0,0.0,0.0,1.0,0.0,0.0,142,122,0.54,0.04,0.01,0.02,0.0,0.0,0.0,0,5207.0
0,1,21,5,0,0,0,0,0,0,0,0,0,204,1.0,1.0,0.0,0.0,0.06,0.07,0.0,255,12,0.05,0.08,0.0,0.0,1.0,1.0,0.0,1,12838.0
0,1,22,9,352,13668,0,0,1,0,0,0,0,27,0.0,0.0,0.0,0.0,1.0,0.0,0.0,28,255,1.0,0.0,0.04,0.05,0.0,0.01,0.0,0,37404.0
0,1,46,4,0,0,0,0,0,0,0,0,0,1,0.0,0.0,1.0,1.0,1.0,0.0,0.0,76,1,0.01,0.38,0.37,0.0,0.08,0.0,1.0,1,49152.0
0,1,22,9,217,1472,0,0,1,0,0,0,0,3,0.0,0.0,0.0,0.0,1.0,0.0,0.0,31,31,1.0,0.0,0.03,0.0,0.0,0.0,0.0,0,45122.0
1,1,51,9,3253,369,0,0,1,0,0,0,0,1,0.0,0.0,0.0,0.0,1.0,0.0,1.0,12,82,1.0,0.0,0.08,0.02,0.0,0.0,0.0,0,88226.0
0,1,22,9,257,570,0,0,1,0,0,0,0,3,0.0,0.0,0.0,0.0,1.0,0.0,0.0,3,255,1.0,0.0,0.33,0.06,0.0,0.0,0.01,0,2960.0
0,1,55,5,0,0,0,0,0,0,0,0,0,270,1.0,1.0,0.0,0.0,0.04,0.06,0.0,255,11,0.04,0.08,0.0,0.0,1.0,1.0,0.0,1,53113.0
0,1,3,1,0,0,0,0,0,0,0,0,0,261,0.0,0.0,1.0,1.0,0.06,0.07,0.0,255,16,0.06,0.07,0.0,0.0,0.0,0.0,1.0,1,69959.0
0,1,12,5,0,0,0,0,0,0,0,0,0,264,1.0,1.0,0.0,0.0,0.07,0.05,0.0,255,18,0.07,0.05,0.0,0.0,1.0,1.0,0.0,1,98689.0
0,2,11,9,44,110,0,0,0,0,0,0,0,1,0.0,0.0,0.0,0.0,1.0,0.0,0.02,255,254,1.0,0.01,0.0,0.0,0.0,0.0,0.0,0,4030.0
2,1,51,9,959,363,0,0,1,0,0,0,0,1,0.0,0.0,0.0,0.0,1.0,0.0,1.0,43,122,0.37,0.07,0.02,0.02,0.0,0.0,0.0,0,80390.0
0,1,18,2,0,0,0,0,0,0,0,0,0,247,0.0,0.0,1.0,1.0,0.06,0.06,0.0,255,15,0.06,0.08,0.0,0.0,0.0,0.0,1.0,1,103162.0
0,1,5,5,0,0,0,0,0,0,0,0,0,135,1.0,1.0,0.0,0.0,0.14,0.05,0.0,255,19,0.07,0.05,0.0,0.0,1.0,1.0,0.0,1,15824.0
0,2,11,9,44,44,0,0,0,0,0,0,0,277,0.0,0.0,0.0,0.0,1.0,0.0,0.01,255,234,0.92,0.01,0.0,0.0,0.0,0.0,0.0,0,119383.0
0,1,25,5,0,0,0,0,0,0,0,0,0,278,1.0,1.0,0.0,0.0,0.06,0.06,0.0,255,17,0.07,0.06,0.0,0.0,1.0,1.0,0.0,1,96866.0
0,1,19,1,0,0,0,0,0,0,0,0,0,253,0.0,0.0,1.0,1.0,0.04,0.07,0.0,255,11,0.04,0.08,0.0,0.0,0.0,0.0,1.0,1,29974.0
0,1,17,9,6,219,0,0,0,0,0,0,0,1,0.0,0.0,0.0,0.0,1.0,0.0,0.0,37,10,0.08,0.16,0.03,0.2,0.0,0.0,0.0,0,109245.0
0,1,22,9,235,607,0,0,1,0,0,0,0,15,0.0,0.0,0.0,0.0,1.0,0.0,0.0,255,255,1.0,0.0,0.0,0.0,0.0,0.0,0.0,0,87926.0
0,1,46,5,0,0,0,0,0,0,0,0,0,143,1.0,1.0,0.0,0.0,0.04,0.07,0.0,255,8,0.03,0.08,0.0,0.0,1.0,1.0,0.0,1,10939.0
0,1,19,9,192,0,0,0,1,0,0,0,0,1,0.0,0.0,0.0,0.0,1.0,0.0,0.0,100,90,0.53,0.04,0.53,0.02,0.01,0.01,0.0,0,104834.0
0,1,5,1,0,0,0,0,0,0,0,0,0,142,0.0,0.0,1.0,1.0,0.13,0.06,0.0,255,19,0.07,0.06,0.0,0.0,0.0,0.0,1.0,1,72905.0
29,2,11,9,44,44,0,0,0,0,0,0,0,3,0.0,0.0,0.0,0.0,0.33,0.67,0.5,70,67,0.96,0.03,0.01,0.0,0.0,0.0,0.0,0,71607.0
0,1,57,5,0,0,0,0,0,0,0,0,0,11,1.0,1.0,0.0,0.0,0.18,0.36,0.0,253,64,0.25,0.02,0.01,0.0,0.99,0.97,0.0,1,65060.0
0,1,46,5,0,0,0,0,0,0,0,0,0,26,1.0,1.0,0.0,0.0,0.12,0.15,0.0,255,6,0.02,0.08,0.0,0.0,1.0,1.0,0.0,1,86159.0
0,1,51,6,82,206,0,0,1,0,0,0,0,1,1.0,1.0,0.0,0.0,1.0,0.0,0.0,119,202,0.83,0.03,0.01,0.01,0.01,0.0,0.0,0,3932.0
0,1,38,5,0,0,0,0,0,0,0,0,0,132,1.0,1.0,0.0,0.0,0.12,0.06,0.0,255,16,0.06,0.07,0.0,0.0,1.0,1.0,0.0,1,25060.0
0,1,22,9,212,404,0,0,1,0,0,0,0,2,0.0,0.0,0.0,0.0,1.0,0.0,0.0,23,255,1.0,0.0,0.04,0.02,0.0,0.0,0.0,0,99375.0
0,2,11,9,73,45,0,0,0,0,0,0,0,129,0.0,0.0,0.0,0.0,1.0,0.0,0.0,255,166,0.65,0.01,0.26,0.0,0.0,0.0,0.0,0,113299.0
31,1,22,9,259,5228,0,0,1,0,0,0,0,1,0.0,0.0,0.0,0.0,1.0,0.0,0.0,127,255,1.0,0.0,0.01,0.01,0.01,0.0,0.0,0,63784.0
0,1,22,9,54540,8314,0,2,1,1,0,0,0,3,0.0,0.0,0.33,0.33,1.0,0.0,0.0,71,71,1.0,0.0,0.01,0.0,0.0,0.0,0.2,1,103306.0
0,1,22,9,305,400,0,0,1,0,0,0,0,41,0.0,0.0,0.0,0.0,1.0,0.0,0.05,255,255,1.0,0.0,0.0,0.0,0.0,0.0,0.0,0,61191.0
0,1,22,9,230,350,0,0,1,0,0,0,0,8,0.0,0.0,0.0,0.0,1.0,0.0,0.0,8,255,1.0,0.0,0.12,0.05,0.0,0.0,0.0,0,89204.0
0,2,11,9,45,45,0,0,0,0,0,0,0,190,0.0,0.0,0.0,0.0,1.0,0.0,0.0,255,255,1.0,0.0,0.0,0.0,0.0,0.0,0.0,0,22768.0
0,1,46,5,0,0,0,0,0,0,0,0,0,216,1.0,1.0,0.0,0.0,0.05,0.06,0.0,255,10,0.04,0.08,0.0,0.0,1.0,1.0,0.0,1,67348.0
0,1,22,9,212,1854,0,0,1,0,0,0,0,8,0.0,0.0,0.0,0.0,1.0,0.0,0.25,8,255,1.0,0.0,0.12,0.03,0.0,0.0,0.0,0,57060.0
0,1,19,5,0,0,0,0,0,0,0,0,0,203,0.65,1.0,0.35,0.0,0.0,0.41,0.0,255,1,0.0,0.33,0.8,0.0,0.52,1.0,0.0,1,59899.0
0,0,13,9,8,0,0,0,0,0,0,0,0,1,0.0,0.0,0.0,0.0,1.0,0.0,1.0,2,170,1.0,0.0,1.0,0.5,0.0,0.0,0.0,1,122812.0
0,1,22,9,289,1760,0,0,1,0,0,0,0,14,0.0,0.0,0.0,0.0,1.0,0.0,0.13,255,255,1.0,0.0,0.0,0.0,0.0,0.0,0.0,0,33162.0
0,1,17,5,0,0,0,0,0,0,0,0,0,31,0.94,1.0,0.06,0.0,0.29,0.13,0.0,255,9,0.04,0.06,0.01,0.0,1.0,1.0,0.0,1,34960.0
0,2,11,9,44,110,0,0,0,0,0,0,0,75,0.0,0.0,0.0,0.0,1.0,0.0,0.01,255,193,0.76,0.02,0.0,0.0,0.0,0.0,0.0,0,11417.0
0,1,18,9,1224,2451,0,28,1,0,0,0,0,1,0.0,0.0,0.0,0.0,1.0,0.0,0.0,207,35,0.17,0.02,0.0,0.0,0.0,0.0,0.0,0,97431.0
9,1,51,9,1435,333,0,0,1,0,0,0,0,1,0.0,0.0,0.0,0.0,1.0,0.0,1.0,122,146,0.48,0.03,0.01,0.01,0.01,0.01,0.0,0,15326.0
0,1,46,5,0,0,0,0,0,0,0,0,0,103,1.0,1.0,0.0,0.0,0.18,0.06,0.0,255,17,0.07,0.07,0.0,0.0,1.0,1.0,0.0,1,36487.0
0,1,55,5,0,0,0,0,0,0,0,0,0,12,1.0,1.0,0.0,0.0,0.42,0.42,0.0,255,6,0.02,0.09,0.0,0.0,1.0,1.0,0.0,1,101370.0
0,1,22,9,201,767,0,0,1,0,0,0,0,4,0.0,0.0,0.0,0.0,1.0,0.0,0.0,255,255,1.0,0.0,0.0,0.0,0.0,0.0,0.0,0,41368.0
0,1,46,5,0,0,0,0,0,0,0,0,0,298,1.0,1.0,0.0,0.0,0.03,0.05,0.0,255,7,0.03,0.07,0.0,0.0,1.0,1.0,0.0,1,50423.0
0,1,51,9,604,279,0,0,1,0,0,0,0,1,0.0,0.0,0.0,0.0,1.0,0.0,0.0,224,137,0.61,0.03,0.0,0.0,0.0,0.01,0.0,0,110021.0
0,1,22,9,221,571,0,0,1,0,0,0,0,3,0.0,0.0,0.0,0.0,1.0,0.0,0.4,40,255,1.0,0.0,0.03,0.02,0.0,0.0,0.0,0,80465.0
0,0,14,9,1480,0,1,0,0,0,0,0,0,1,0.0,0.0,0.0,0.0,1.0,0.0,0.0,3,5,0.33,0.67,0.33,0.6,0.0,0.0,0.0,0,77456.0
0,1,22,9,213,5930,0,0,1,0,0,0,0,14,0.0,0.0,0.0,0.0,1.0,0.0,0.1,255,255,1.0,0.0,0.0,0.0,0.0,0.0,0.0,0,36802.0
0,1,22,9,151,2220,0,0,1,0,0,0,0,2,0.0,0.0,0.0,0.0,1.0,0.0,0.67,2,255,1.0,0.0,0.5,0.05,0.0,0.0,0.0,0,69804.0
0,2,11,9,46,128,0,0,0,0,0,0,0,68,0.0,0.0,0.0,0.0,1.0,0.0,0.01,255,233,0.91,0.01,0.0,0.0,0.0,0.0,0.0,0,109004.0
0,1,22,9,215,431,0,0,1,0,0,0,0,1,0.0,0.0,0.0,0.0,1.0,0.0,0.0,70,255,1.0,0.0,0.01,0.04,0.0,0.0,0.0,0,101670.0
0,1,22,9,215,2108,0,0,1,0,0,0,0,12,0.0,0.0,0.0,0.0,1.0,0.0,0.15,46,255,1.0,0.0,0.02,0.01,0.0,0.0,0.0,0,85405.0
0,1,57,2,125,179,0,1,0,0,0,0,0,2,0.5,0.5,0.5,0.5,1.0,0.0,0.0,2,2,1.0,0.0,0.5,0.0,0.5,0.5,0.5,0,38208.0
0,1,46,5,0,0,0,0,0,0,0,0,0,192,1.0,1.0,0.0,0.0,0.1,0.06,0.0,255,19,0.07,0.07,0.0,0.0,1.0,1.0,0.0,1,5052.0
0,1,22,9,265,278,0,0,1,0,0,0,0,6,0.0,0.0,0.0,0.0,1.0,0.0,0.0,255,250,0.98,0.01,0.0,0.0,0.0,0.0,0.0,0,101161.0
0,0,13,9,8,0,0,0,0,0,0,0,0,1,0.0,0.0,0.0,0.0,1.0,0.0,1.0,1,81,1.0,0.0,1.0,0.51,0.0,0.0,0.0,1,115983.0
0,1,19,9,246,0,0,0,1,0,0,0,0,1,0.0,0.0,0.0,0.0,1.0,0.0,0.0,1,28,1.0,0.0,1.0,0.14,0.0,0.0,0.0,1,28213.0
0,1,5,5,0,0,0,0,0,0,0,0,0,117,1.0,1.0,0.0,0.0,0.04,0.07,0.0,255,6,0.02,0.07,0.0,0.0,1.0,1.0,0.0,1,125508.0
0,1,22,9,307,2090,0,0,1,0,0,0,0,6,0.0,0.0,0.0,0.0,1.0,0.0,0.0,24,255,1.0,0.0,0.04,0.01,0.0,0.0,0.07,0,123245.0
0,1,65,5,0,0,0,0,0,0,0,0,0,222,1.0,1.0,0.0,0.0,0.05,0.07,0.0,255,10,0.04,0.09,0.0,0.0,1.0,1.0,0.0,1,48554.0
0,1,22,9,303,1075,0,0,1,0,0,0,0,7,0.0,0.0,0.0,0.0,1.0,0.0,0.0,125,114,0.91,0.02,0.01,0.0,0.0,0.0,0.0,0,49154.0
0,1,22,9,252,370,0,0,1,0,0,0,0,34,0.0,0.0,0.0,0.0,1.0,0.0,0.0,255,255,1.0,0.0,0.0,0.0,0.0,0.0,0.0,0,86830.0
0,1,22,9,213,1043,0,0,1,0,0,0,0,17,0.0,0.0,0.0,0.0,1.0,0.0,0.0,255,255,1.0,0.0,0.0,0.0,0.0,0.0,0.0,0,96787.0
0,1,53,1,0,0,0,0,0,0,0,0,0,120,0.0,0.0,1.0,1.0,0.08,0.08,0.0,255,10,0.04,0.08,0.0,0.0,0.0,0.0,1.0,1,5738.0
0,1,22,9,286,670,0,0,1,0,0,0,0,1,0.0,0.0,0.0,0.0,1.0,0.0,1.0,4,237,1.0,0.0,0.25,0.07,0.0,0.01,0.0,0,36593.0
0,2,11,9,42,132,0,0,0,0,0,0,0,187,0.0,0.0,0.0,0.0,1.0,0.0,0.0,112,73,0.65,0.03,0.01,0.0,0.0,0.0,0.0,0,50232.0
0,1,9,2,0,0,0,0,0,0,0,0,0,270,0.0,0.0,1.0,1.0,0.04,0.06,0.0,255,12,0.05,0.07,0.0,0.0,0.0,0.0,1.0,1,58143.0
5110,1,41,4,1,0,0,0,0,0,0,0,0,2,0.0,0.0,1.0,1.0,1.0,0.0,0.0,255,2,0.01,0.74,1.0,0.0,0.0,0.0,1.0,1,92631.0
0,1,22,9,354,1425,0,0,1,0,0,0,0,2,0.0,0.0,0.0,0.0,1.0,0.0,0.33,3,135,1.0,0.0,0.33,0.02,0.0,0.0,0.0,0,118334.0
0,1,46,5,0,0,0,0,0,0,0,0,0,86,1.0,1.0,0.0,0.0,0.17,0.06,0.0,255,1,0.0,0.07,0.0,0.0,1.0,1.0,0.0,1,29073.0
0,1,22,9,286,421,0,0,1,0,0,0,0,2,0.0,0.0,0.0,0.0,1.0,0.0,0.14,255,255,1.0,0.0,0.0,0.0,0.0,0.0,0.0,0,10887.0
0,2,11,9,33,0,0,0,0,0,0,0,0,1,0.0,0.0,0.0,0.0,1.0,0.0,1.0,133,13,0.1,0.05,0.1,0.0,0.0,0.0,0.0,0,106102.0
0,1,19,5,0,0,0,0,0,0,0,0,0,78,1.0,1.0,0.0,0.0,0.24,0.05,0.0,255,55,0.22,0.04,0.02,0.0,1.0,1.0,0.0,1,60536.0
0,2,11,9,44,132,0,0,0,0,0,0,0,69,0.0,0.0,0.0,0.0,1.0,0.0,0.01,255,255,1.0,0.0,0.0,0.0,0.0,0.0,0.0,0,8617.0
0,1,19,5,0,0,0,0,0,0,0,0,0,228,1.0,1.0,0.0,0.0,0.08,0.05,0.0,255,19,0.07,0.08,0.0,0.0,1.0,1.0,0.0,1,75036.0
0,2,11,9,36,0,0,0,0,0,0,0,0,1,0.0,0.0,0.0,0.0,1.0,0.0,1.0,16,41,0.12,0.25,0.12,0.05,0.0,0.0,0.0,0,17619.0
4460,1,41,4,1,0,0,0,0,0,0,0,0,2,0.0,0.0,1.0,1.0,1.0,0.0,0.0,255,2,0.01,0.74,1.0,0.0,0.0,0.0,1.0,1,113739.0
0,1,51,2,9423,2901,0,0,1,0,0,0,0,2,0.0,0.0,1.0,1.0,1.0,0.0,0.0,76,32,0.08,0.93,0.03,0.06,0.0,0.0,0.06,0,65030.0
0,2,46,9,105,145,0,0,0,0,0,0,0,1,0.0,0.0,0.0,0.0,1.0,0.0,0.0,255,136,0.53,0.01,0.01,0.0,0.0,0.0,0.0,0,118632.0
0,1,46,5,0,0,0,0,0,0,0,0,0,252,1.0,1.0,0.0,0.0,0.03,0.06,0.0,255,4,0.02,0.08,0.0,0.0,1.0,1.0,0.0,1,5940.0
0,1,22,9,303,1312,0,0,1,0,0,0,0,4,0.0,0.0,0.0,0.0,1.0,0.0,0.4,255,255,1.0,0.0,0.0,0.0,0.0,0.0,0.0,0,104037.0
0,1,28,5,0,0,0,0,0,0,0,0,0,70,1.0,1.0,0.0,0.0,0.14,0.06,0.0,255,10,0.04,0.05,0.0,0.0,1.0,1.0,0.0,1,31920.0
0,1,22,9,228,370,0,0,1,0,0,0,0,11,0.0,0.0,0.0,0.0,1.0,0.0,0.23,255,255,1.0,0.0,0.0,0.0,0.0,0.0,0.0,0,102667.0
0,1,28,5,0,0,0,0,0,0,0,0,0,127,1.0,1.0,0.0,0.0,0.16,0.05,0.0,255,20,0.08,0.05,0.0,0.0,1.0,1.0,0.0,1,58265.0
0,1,26,5,0,0,0,0,0,0,0,0,0,254,1.0,1.0,0.0,0.0,0.0,0.07,0.0,255,1,0.0,0.07,0.0,0.0,1.0,1.0,0.0,1,10536.0
0,1,22,9,211,1236,0,0,1,0,0,0,0,3,0.0,0.0,0.0,0.0,1.0,0.0,0.0,105,255,1.0,0.0,0.01,0.02,0.0,0.0,0.0,0,117436.0
0,1,19,9,192,0,0,0,0,0,0,0,0,2,0.0,0.0,0.0,0.0,1.0,0.0,0.0,126,24,0.19,0.04,0.19,0.0,0.0,0.0,0.0,0,96148.0
0,2,11,9,45,45,0,0,0,0,0,0,0,74,0.0,0.0,0.0,0.0,1.0,0.0,0.0,255,254,1.0,0.01,0.0,0.0,0.0,0.0,0.0,0,110129.0
0,1,46,5,0,0,0,0,0,0,0,0,0,291,1.0,1.0,0.0,0.0,0.06,0.06,0.0,255,5,0.02,0.07,0.0,0.0,1.0,1.0,0.0,1,78706.0
0,1,22,9,250,430,0,0,1,0,0,0,0,8,0.0,0.0,0.0,0.0,1.0,0.0,0.2,38,255,1.0,0.0,0.03,0.03,0.0,0.0,0.0,0,115545.0
0,1,30,5,0,0,0,0,0,0,0,0,0,161,1.0,1.0,0.0,0.0,0.02,0.08,0.0,255,4,0.02,0.07,0.0,0.0,1.0,1.0,0.0,1,25893.0
826,2,41,9,146,105,0,0,0,0,0,0,0,2,0.0,0.0,0.0,0.0,1.0,0.0,0.0,255,2,0.01,0.46,0.74,0.0,0.0,0.0,0.0,0,16725.0
0,1,46,1,0,0,0,0,0,0,0,0,0,134,0.0,0.0,1.0,1.0,0.07,0.06,0.0,255,10,0.04,0.06,0.0,0.0,0.0,0.0,1.0,1,11522.0
0,1,53,5,0,0,0,0,0,0,0,0,0,232,1.0,1.0,0.0,0.0,0.09,0.05,0.0,255,22,0.09,0.05,0.0,0.0,1.0,1.0,0.0,1,67999.0
1,1,51,9,1615,392,0,0,1,0,0,0,0,1,0.0,0.0,0.0,0.0,1.0,0.0,0.0,106,149,0.6,0.04,0.01,0.01,0.01,0.01,0.0,0,63030.0
0,1,46,5,0,0,0,0,0,0,0,0,0,150,1.0,1.0,0.0,0.0,0.08,0.05,0.0,255,4,0.02,0.07,0.0,0.0,1.0,1.0,0.0,1,16891.0
0,1,41,9,10044,0,0,0,0,0,0,0,0,11,0.09,0.0,0.0,0.0,0.09,0.27,0.0,227,1,0.0,0.04,0.4,0.0,0.02,0.0,0.0,0,10178.0
0,1,64,5,0,0,0,0,0,0,0,0,0,137,1.0,1.0,0.0,0.0,0.08,0.06,0.0,255,11,0.04,0.05,0.0,0.0,1.0,1.0,0.0,1,46285.0
0,0,14,9,1032,0,0,0,0,0,0,0,0,204,0.0,0.0,0.0,0.0,1.0,0.0,0.0,255,204,0.8,0.01,0.8,0.0,0.0,0.0,0.0,1,88428.0
0,1,22,9,294,478,0,0,1,0,0,0,0,22,0.0,0.0,0.0,0.0,1.0,0.0,0.0,255,255,1.0,0.0,0.0,0.0,0.0,0.0,0.0,0,114904.0
0,1,15,5,0,0,0,0,0,0,0,0,0,118,1.0,1.0,0.0,0.0,0.03,0.07,0.0,255,3,0.01,0.06,0.0,0.0,1.0,1.0,0.0,1,121304.0
0,1,22,9,246,1287,0,0,1,0,0,0,0,8,0.0,0.0,0.0,0.0,1.0,0.0,0.17,124,255,1.0,0.0,0.01,0.02,0.0,0.0,0.0,0,117311.0
0,1,17,5,0,0,0,0,0,0,0,0,0,75,0.97,1.0,0.03,0.0,0.25,0.08,0.0,255,59,0.23,0.04,0.0,0.0,1.0,1.0,0.0,1,103374.0
0,2,11,9,46,72,0,0,0,0,0,0,0,164,0.0,0.0,0.0,0.0,1.0,0.0,0.0,255,204,0.8,0.01,0.0,0.0,0.0,0.0,0.0,0,25483.0
0,1,7,5,0,0,0,0,0,0,0,0,0,194,1.0,1.0,0.0,0.0,0.02,0.08,0.0,255,4,0.02,0.08,0.0,0.0,1.0,1.0,0.0,1,15431.0
0,1,22,9,252,451,0,0,1,0,0,0,0,3,0.0,0.0,0.0,0.0,1.0,0.0,0.0,255,255,1.0,0.0,0.0,0.0,0.0,0.0,0.0,0,113251.0
0,1,46,5,0,0,0,0,0,0,0,0,0,127,1.0,1.0,0.0,0.0,0.05,0.06,0.0,255,6,0.02,0.06,0.0,0.0,1.0,1.0,0.0,1,8298.0
0,1,63,5,0,0,0,0,0,0,0,0,0,123,1.0,1.0,0.0,0.0,0.04,0.06,0.0,255,13,0.05,0.07,0.0,0.0,1.0,1.0,0.0,1,13873.0
0,1,32,5,0,0,0,0,0,0,0,0,0,235,1.0,1.0,0.0,0.0,0.03,0.06,0.0,255,8,0.03,0.09,0.0,0.0,1.0,1.0,0.0,1,116134.0
0,0,59,9,564,0,0,0,0,0,0,0,0,1,0.0,0.0,0.0,0.0,1.0,0.0,0.0,2,2,1.0,0.0,1.0,0.0,0.0,0.0,0.0,1,91859.0
0,1,57,6,0,0,0,0,0,0,0,0,0,1,1.0,1.0,0.0,0.0,1.0,0.0,0.0,126,1,0.01,0.05,0.01,0.0,0.01,1.0,0.0,0,1529.0
0,1,22,9,260,853,0,0,1,0,0,0,0,3,0.0,0.0,0.0,0.0,1.0,0.0,0.11,12,255,1.0,0.0,0.08,0.06,0.0,0.0,0.0,0,45001.0
0,1,51,9,1301,335,0,0,1,0,0,0,0,1,0.0,0.0,0.0,0.0,1.0,0.0,1.0,67,114,0.24,0.1,0.01,0.03,0.0,0.0,0.0,0,784.0
0,1,46,5,0,0,0,0,0,0,0,0,0,259,1.0,1.0,0.0,0.0,0.03,0.07,0.0,255,13,0.05,0.09,0.0,0.0,1.0,1.0,0.0,1,107353.0
0,1,64,1,0,0,0,0,0,0,0,0,0,265,0.0,0.0,1.0,1.0,0.06,0.06,0.0,255,15,0.06,0.07,0.0,0.0,0.0,0.0,1.0,1,122290.0
0,1,19,9,0,8766,0,0,0,0,0,0,0,1,0.0,0.0,0.0,0.0,1.0,0.0,0.0,149,71,0.48,0.05,0.01,0.0,0.02,0.03,0.0,0,111625.0
0,1,39,5,0,0,0,0,0,0,0,0,0,218,1.0,1.0,0.0,0.0,0.09,0.06,0.0,255,20,0.08,0.07,0.0,0.0,1.0,1.0,0.0,1,29009.0
0,1,22,9,284,5048,0,0,1,0,0,0,0,1,0.0,0.0,0.0,0.0,1.0,0.0,0.0,1,255,1.0,0.0,1.0,0.05,0.0,0.0,0.0,0,90577.0
0,1,25,1,0,0,0,0,0,0,0,0,0,282,0.0,0.0,1.0,1.0,0.05,0.06,0.0,255,13,0.05,0.07,0.0,0.0,0.0,0.0,1.0,1,112526.0
0,1,46,5,0,0,0,0,0,0,0,0,0,185,1.0,1.0,0.0,0.0,0.07,0.06,0.0,255,17,0.07,0.07,0.0,0.0,1.0,1.0,0.0,1,105803.0
0,1,5,1,0,0,0,0,0,0,0,0,0,128,0.0,0.0,1.0,1.0,0.05,0.06,0.0,255,6,0.02,0.05,0.0,0.0,0.0,0.0,1.0,1,107163.0
0,2,11,9,44,131,0,0,0,0,0,0,0,153,0.0,0.0,0.0,0.0,1.0,0.0,0.02,255,254,1.0,0.01,0.0,0.0,0.0,0.0,0.0,0,37964.0
0,1,8,5,0,0,0,0,0,0,0,0,0,272,1.0,1.0,0.0,0.0,0.07,0.06,0.0,255,1,0.0,0.08,0.0,0.0,1.0,1.0,0.0,1,60870.0
0,1,22,9,217,309,0,0,1,0,0,0,0,6,0.0,0.0,0.0,0.0,1.0,0.0,0.0,196,255,1.0,0.0,0.01,0.03,0.01,0.0,0.0,0,56348.0
0,1,46,4,0,0,0,0,0,0,0,0,0,1,0.0,0.0,1.0,1.0,1.0,0.0,0.0,255,1,0.0,0.86,0.86,0.0,0.0,0.0,1.0,1,92281.0
0,2,11,9,45,133,0,0,0,0,0,0,0,66,0.0,0.0,0.0,0.0,1.0,0.0,0.01,124,200,0.88,0.02,0.88,0.01,0.0,0.0,0.0,0,36999.0
0,1,25,5,0,0,0,0,0,0,0,0,0,195,1.0,1.0,0.0,0.0,0.02,0.08,0.0,255,3,0.01,0.08,0.0,0.0,1.0,1.0,0.0,1,68032.0
0,0,14,9,1032,0,0,0,0,0,0,0,0,510,0.0,0.0,0.0,0.0,1.0,0.0,0.0,255,140,0.55,0.17,0.55,0.0,0.0,0.0,0.0,1,45044.0
0,1,46,5,0,0,0,0,0,0,0,0,0,147,1.0,1.0,0.0,0.0,0.12,0.05,0.0,255,18,0.07,0.05,0.0,0.0,1.0,1.0,0.0,1,37563.0
0,2,11,9,45,115,0,0,0,0,0,0,0,1,0.0,0.0,0.0,0.0,1.0,0.0,1.0,218,203,0.93,0.01,0.01,0.0,0.0,0.0,0.0,0,88914.0
0,1,46,1,0,0,0,0,0,0,0,0,0,111,0.0,0.0,1.0,1.0,0.05,0.07,0.0,255,26,0.1,0.06,0.0,0.0,0.0,0.0,1.0,1,10616.0
0,1,22,9,232,379,0,0,1,0,0,0,0,3,0.0,0.0,0.0,0.0,1.0,0.0,0.0,3,255,1.0,0.0,0.33,0.03,0.0,0.0,0.0,0,57939.0
1,1,51,9,990,328,0,0,1,0,0,0,0,1,0.0,0.0,0.0,0.0,1.0,0.0,1.0,184,157,0.85,0.03,0.01,0.0,0.0,0.0,0.0,0,70671.0
0,1,22,9,340,294,0,0,1,0,0,0,0,9,0.0,0.0,0.0,0.0,1.0,0.0,0.0,139,255,1.0,0.0,0.01,0.02,0.0,0.01,0.04,0,99457.0
0,2,11,9,34,34,0,0,0,0,0,0,0,1,0.0,0.0,0.0,0.0,1.0,0.0,0.6,255,255,1.0,0.0,0.0,0.0,0.0,0.0,0.0,0,67039.0
0,1,46,5,0,0,0,0,0,0,0,0,0,282,1.0,1.0,0.0,0.0,0.01,0.06,0.0,255,13,0.05,0.08,0.0,0.0,1.0,1.0,0.0,1,37758.0
0,1,19,5,0,0,0,0,0,0,0,0,0,199,1.0,1.0,0.0,0.0,0.03,0.07,0.0,255,6,0.02,0.07,0.0,0.0,1.0,1.0,0.0,1,103690.0
0,1,22,9,260,50154,0,0,1,0,0,0,0,1,0.0,0.0,0.0,0.0,1.0,0.0,1.0,235,255,1.0,0.0,0.0,0.01,0.0,0.0,0.02,0,72266.0
0,1,22,9,243,1451,0,0,1,0,0,0,0,6,0.0,0.0,0.0,0.0,1.0,0.0,0.2,255,255,1.0,0.0,0.0,0.0,0.0,0.0,0.0,0,103349.0
0,1,50,6,38,1,0,0,0,0,0,0,0,1,1.0,1.0,0.0,0.0,1.0,0.0,0.0,1,1,1.0,0.0,1.0,0.0,1.0,1.0,0.0,0,116103.0
0,1,26,5,0,0,0,0,0,0,0,0,0,272,1.0,1.0,0.0,0.0,0.09,0.05,0.0,255,25,0.1,0.05,0.0,0.0,1.0,1.0,0.0,1,103573.0
0,1,22,9,338,283,0,0,1,0,0,0,0,2,0.0,0.0,0.0,0.0,1.0,0.0,0.0,255,240,0.94,0.01,0.0,0.0,0.0,0.0,0.0,0,45883.0
0,1,22,9,325,1189,0,0,1,0,0,0,0,14,0.0,0.0,0.0,0.0,1.0,0.0,0.13,34,255,1.0,0.0,0.03,0.04,0.0,0.0,0.0,0,114503.0
0,1,51,9,1325,369,0,0,1,0,0,0,0,1,0.0,0.0,0.0,0.0,1.0,0.0,0.0,56,123,0.48,0.05,0.02,0.02,0.0,0.16,0.0,0,97586.0
15496,2,41,9,147,105,0,0,0,0,0,0,0,1,0.0,0.0,0.0,0.0,1.0,0.0,0.0,255,2,0.01,0.88,0.99,0.0,0.0,0.0,0.0,0,117531.0
0,1,46,1,0,0,0,0,0,0,0,0,0,63,0.0,0.0,1.0,1.0,0.11,0.06,0.0,255,7,0.03,0.05,0.0,0.0,0.0,0.0,1.0,1,73317.0
1313,2,41,9,147,105,0,0,0,0,0,0,0,6,0.0,0.0,0.0,0.0,0.33,0.5,0.0,127,3,0.02,0.55,0.84,0.0,0.0,0.0,0.0,0,4725.0
0,1,64,5,0,0,0,0,0,0,0,0,0,240,1.0,1.0,0.0,0.0,0.08,0.05,0.0,255,18,0.07,0.06,0.0,0.0,1.0,1.0,0.0,1,91571.0
0,1,16,2,0,0,0,0,0,0,0,0,0,109,0.0,0.0,1.0,1.0,0.06,0.06,0.0,255,6,0.02,0.05,0.0,0.0,0.0,0.0,1.0,1,109451.0
0,1,22,1,0,0,0,0,0,0,0,0,0,1,0.0,0.0,1.0,1.0,1.0,0.0,0.0,6,255,1.0,0.0,0.17,0.14,0.0,0.0,0.99,0,5294.0
0,1,22,9,218,974,0,0,1,0,0,0,0,6,0.0,0.0,0.0,0.0,1.0,0.0,0.0,6,255,1.0,0.0,0.17,0.02,0.0,0.01,0.0,0,118.0
0,1,22,1,0,0,0,0,0,0,0,0,0,1,0.0,0.0,1.0,1.0,1.0,0.0,0.0,11,223,1.0,0.0,0.09,0.15,0.0,0.0,0.95,0,36702.0
0,1,22,9,193,1117,0,0,1,0,0,0,0,14,0.0,0.0,0.0,0.0,1.0,0.0,0.08,48,230,1.0,0.0,0.02,0.06,0.0,0.0,0.0,0,21250.0
0,1,25,5,0,0,0,0,0,0,0,0,0,264,1.0,1.0,0.0,0.0,0.03,0.05,0.0,255,8,0.03,0.05,0.0,0.0,1.0,1.0,0.0,1,5045.0
0,1,22,9,248,801,0,0,1,0,0,0,0,10,0.0,0.0,0.0,0.0,1.0,0.0,0.18,255,255,1.0,0.0,0.0,0.0,0.0,0.0,0.0,0,76278.0
0,2,46,9,1,0,0,0,0,0,0,0,0,54,0.0,0.0,0.0,0.0,0.15,0.09,0.0,255,8,0.03,0.02,0.03,0.0,0.0,0.0,0.0,1,88443.0
0,2,11,9,46,46,0,0,0,0,0,0,0,104,0.0,0.0,0.0,0.0,1.0,0.0,0.01,255,255,1.0,0.0,0.01,0.0,0.0,0.0,0.0,0,36109.0
0,1,46,5,0,0,0,0,0,0,0,0,0,160,1.0,1.0,0.0,0.0,0.08,0.06,0.0,255,12,0.05,0.07,0.0,0.0,1.0,1.0,0.0,1,40069.0
0,1,19,5,0,0,0,0,0,0,0,0,0,11,1.0,1.0,0.0,0.0,0.09,0.36,0.0,255,41,0.16,0.04,0.01,0.0,1.0,1.0,0.0,1,107573.0
0,1,22,9,300,7038,0,0,1,0,0,0,0,8,0.0,0.0,0.0,0.0,1.0,0.0,0.0,20,255,1.0,0.0,0.05,0.03,0.0,0.0,0.0,0,76855.0
0,1,22,9,315,337,0,0,1,0,0,0,0,4,0.0,0.0,0.0,0.0,1.0,0.0,0.0,4,255,1.0,0.0,0.25,0.02,0.0,0.0,0.0,0,84329.0
8,1,22,9,180,1894,0,1,1,0,0,0,0,1,0.0,0.0,0.0,0.0,1.0,0.0,0.0,255,252,0.99,0.01,0.0,0.0,0.0,0.0,0.0,0,49053.0
0,1,46,5,0,0,0,0,0,0,0,0,0,26,1.0,1.0,0.0,0.0,0.27,0.23,0.0,255,7,0.03,0.09,0.0,0.0,1.0,1.0,0.0,1,30575.0
0,1,32,5,0,0,0,0,0,0,0,0,0,241,1.0,1.0,0.0,0.0,0.05,0.06,0.0,255,11,0.04,0.07,0.0,0.0,1.0,1.0,0.0,1,37699.0
0,1,19,9,12,0,0,0,1,0,0,0,0,1,0.0,0.0,0.0,0.0,1.0,0.0,0.0,40,97,0.88,0.08,0.88,0.02,0.0,0.0,0.0,0,119017.0
0,1,63,5,0,0,0,0,0,0,0,0,0,115,1.0,1.0,0.0,0.0,0.02,0.05,0.0,255,2,0.01,0.05,0.0,0.0,1.0,1.0,0.0,1,1139.0
0,1,22,9,227,2507,0,0,1,0,0,0,0,4,0.0,0.0,0.0,0.0,1.0,0.0,0.0,234,226,0.97,0.01,0.0,0.0,0.0,0.0,0.0,0,92427.0
0,1,22,9,153,338,0,0,1,0,0,0,0,2,0.0,0.0,0.0,0.0,1.0,0.0,0.0,2,255,1.0,0.0,0.5,0.03,0.0,0.0,0.0,0,78376.0
0,1,22,9,300,2507,0,0,1,0,0,0,0,5,0.0,0.0,0.0,0.0,1.0,0.0,0.17,255,255,1.0,0.0,0.0,0.0,0.0,0.0,0.0,0,80790.0
0,1,22,9,326,580,0,0,1,0,0,0,0,16,0.0,0.0,0.0,0.0,1.0,0.0,0.0,54,255,1.0,0.0,0.02,0.04,0.0,0.0,0.0,0,102145.0
0,1,16,5,0,0,0,0,0,0,0,0,0,141,1.0,1.0,0.0,0.0,0.04,0.06,0.0,255,5,0.02,0.05,0.0,0.0,1.0,1.0,0.0,1,55612.0
0,1,5,5,0,0,0,0,0,0,0,0,0,103,1.0,1.0,0.0,0.0,0.07,0.06,0.0,255,7,0.03,0.06,0.0,0.0,1.0,1.0,0.0,1,35459.0
0,1,46,5,0,0,0,0,0,0,0,0,0,217,1.0,1.0,0.0,0.0,0.09,0.06,0.0,255,7,0.03,0.08,0.0,0.0,1.0,1.0,0.0,1,6167.0
0,1,46,5,0,0,0,0,0,0,0,0,0,244,1.0,1.0,0.0,0.0,0.05,0.06,0.0,255,11,0.04,0.08,0.0,0.0,1.0,1.0,0.0,1,14097.0
0,2,46,9,100,0,0,0,0,0,0,0,0,3,0.0,0.0,0.0,0.0,1.0,0.0,0.0,178,28,0.16,0.01,0.16,0.0,0.0,0.0,0.0,0,13066.0
11,1,57,9,306,24556,0,0,1,0,0,0,0,1,0.0,0.0,0.0,0.0,1.0,0.0,0.0,255,61,0.24,0.02,0.0,0.0,0.0,0.0,0.0,0,30500.0
0,1,17,5,0,0,0,0,0,0,0,0,0,66,1.0,1.0,0.0,0.0,0.26,0.06,0.0,255,44,0.17,0.04,0.0,0.0,1.0,1.0,0.0,1,6276.0
0,1,46,5,0,0,0,0,0,0,0,0,0,125,1.0,1.0,0.0,0.0,0.15,0.06,0.0,255,7,0.03,0.07,0.0,0.0,1.0,1.0,0.0,1,106424.0
0,1,46,1,0,0,0,0,0,0,0,0,0,331,0.03,0.0,0.95,1.0,0.0,1.0,0.0,255,1,0.0,1.0,0.0,0.0,0.04,0.0,1.0,1,113495.0
0,1,22,9,54540,8314,0,2,1,1,0,0,0,3,0.0,0.0,0.33,0.33,1.0,0.0,0.0,113,113,1.0,0.0,0.01,0.0,0.0,0.0,0.02,1,27299.0
0,2,46,9,28,0,3,0,0,0,0,0,0,32,0.0,0.0,0.0,0.0,1.0,0.0,0.0,255,99,0.39,0.01,0.39,0.0,0.0,0.0,0.0,1,27219.0
0,2,46,9,105,146,0,0,0,0,0,0,0,1,0.0,0.0,0.0,0.0,1.0,0.0,0.0,14,10,0.71,0.14,0.07,0.0,0.0,0.0,0.0,0,102609.0
0,1,22,9,317,300,0,0,1,0,0,0,0,6,0.0,0.0,0.0,0.0,1.0,0.0,0.0,86,253,1.0,0.0,0.01,0.07,0.0,0.0,0.91,0,48035.0
0,2,11,9,46,72,0,0,0,0,0,0,0,21,0.0,0.0,0.0,0.0,1.0,0.0,0.0,84,66,0.79,0.02,0.01,0.0,0.0,0.0,0.0,0,15488.0
2,1,51,9,981,330,0,0,1,0,0,0,0,1,0.0,0.0,0.0,0.0,1.0,0.0,1.0,239,162,0.62,0.03,0.0,0.01,0.0,0.0,0.0,0,24290.0
0,2,11,9,43,123,0,0,0,0,0,0,0,58,0.0,0.0,0.0,0.0,1.0,0.0,0.0,255,255,1.0,0.0,0.0,0.0,0.0,0.0,0.0,0,104952.0
0,1,22,9,253,4849,0,0,1,0,0,0,0,13,0.0,0.0,0.0,0.0,1.0,0.0,0.0,81,255,1.0,0.0,0.01,0.03,0.0,0.0,0.0,0,31316.0
0,2,46,9,1,0,0,0,0,0,0,0,0,17,0.0,0.0,0.0,0.0,0.06,0.18,0.0,255,1,0.0,0.63,0.51,0.0,0.0,0.0,0.0,1,35187.0
0,1,46,1,0,0,0,0,0,0,0,0,0,91,0.0,0.0,1.0,1.0,0.05,0.07,0.0,255,5,0.02,0.07,0.0,0.0,0.0,0.0,1.0,1,88744.0
0,1,65,5,0,0,0,0,0,0,0,0,0,203,1.0,1.0,0.0,0.0,0.0,0.06,0.0,255,1,0.0,0.08,0.0,0.0,1.0,1.0,0.0,1,109491.0
0,1,22,9,224,1094,0,0,1,0,0,0,0,1,0.0,0.0,0.0,0.0,1.0,0.0,0.0,50,255,1.0,0.0,0.02,0.03,0.0,0.0,0.0,0,89639.0
4545,2,41,9,146,105,0,0,0,0,0,0,0,1,0.0,0.0,0.0,0.0,1.0,0.0,0.0,255,1,0.0,0.86,1.0,0.0,0.0,0.0,0.0,0,63042.0
0,1,19,9,641,0,0,0,0,0,0,0,0,2,0.0,0.0,0.0,0.0,1.0,0.0,0.0,9,5,0.56,0.33,0.56,0.0,0.0,0.0,0.0,0,124051.0
0,1,22,9,226,655,0,0,1,0,0,0,0,2,0.0,0.0,0.0,0.0,1.0,0.0,0.0,3,255,1.0,0.0,0.33,0.04,0.0,0.0,0.0,0,26458.0
0,1,19,9,245,0,0,0,1,0,0,1,0,2,0.0,0.0,0.0,0.0,1.0,0.0,0.0,12,2,0.17,0.17,0.17,0.0,0.0,0.0,0.0,0,65166.0
0,1,26,5,0,0,0,0,0,0,0,0,0,198,1.0,1.0,0.0,0.0,0.01,0.08,0.0,255,2,0.01,0.07,0.0,0.0,1.0,1.0,0.0,1,21668.0
0,1,46,5,0,0,0,0,0,0,0,0,0,114,1.0,1.0,0.0,0.0,0.03,0.06,0.0,92,7,0.08,0.12,0.01,0.0,1.0,1.0,0.0,1,38782.0
0,1,22,1,0,0,0,0,0,0,0,0,0,1,0.0,0.0,1.0,1.0,1.0,0.0,0.0,13,253,1.0,0.0,0.08,0.17,0.0,0.0,0.96,0,76878.0
0,1,22,9,248,7029,0,0,1,0,0,0,0,1,0.0,0.0,0.0,0.0,1.0,0.0,0.0,5,255,1.0,0.0,0.2,0.02,0.0,0.0,0.0,0,90649.0
0,1,22,9,315,671,0,0,1,0,0,0,0,2,0.5,0.5,0.0,0.0,1.0,0.0,0.0,130,255,1.0,0.0,0.01,0.01,0.01,0.0,0.0,0,81682.0
0,1,22,9,226,1820,0,0,1,0,0,0,0,1,0.0,0.0,0.0,0.0,1.0,0.0,0.31,119,255,1.0,0.0,0.01,0.04,0.0,0.0,0.0,0,125692.0
0,1,18,6,412,1187,0,0,1,0,0,0,0,1,1.0,1.0,0.0,0.0,1.0,0.0,0.0,172,46,0.27,0.06,0.01,0.0,0.02,0.04,0.0,0,90304.0
0,1,22,9,273,451,0,0,1,0,0,0,0,1,0.0,0.0,0.0,0.0,1.0,0.0,0.6,4,255,1.0,0.0,0.25,0.04,0.0,0.0,0.0,0,47999.0
0,1,46,5,0,0,0,0,0,0,0,0,0,135,1.0,1.0,0.0,0.0,0.06,0.06,0.0,255,14,0.05,0.07,0.0,0.0,1.0,1.0,0.0,1,120461.0
0,1,22,1,0,0,0,0,0,0,0,0,0,290,0.0,0.0,1.0,1.0,0.07,0.06,0.0,255,20,0.08,0.07,0.0,0.0,0.0,0.0,1.0,1,85411.0
0,1,10,5,0,0,0,0,0,0,0,0,0,285,1.0,1.0,0.0,0.0,0.04,0.05,0.0,255,10,0.04,0.05,0.0,0.0,1.0,1.0,0.0,1,71901.0
21967,1,46,4,1,0,0,0,0,0,0,0,0,2,0.0,0.0,1.0,1.0,1.0,0.0,0.0,255,2,0.01,0.73,1.0,0.0,0.0,0.0,1.0,1,9391.0
0,1,46,5,0,0,0,0,0,0,0,0,0,244,1.0,1.0,0.0,0.0,0.01,0.06,0.0,255,2,0.01,0.07,0.0,0.0,1.0,1.0,0.0,1,108798.0
0,1,18,5,0,0,0,0,0,0,0,0,0,223,1.0,1.0,0.0,0.0,0.09,0.06,0.0,255,20,0.08,0.07,0.0,0.0,1.0,1.0,0.0,1,45768.0
0,1,22,9,359,283,0,0,1,0,0,0,0,19,0.0,0.0,0.0,0.0,1.0,0.0,0.14,255,255,1.0,0.0,0.0,0.0,0.0,0.0,0.0,0,107501.0
0,1,22,9,148,432,0,0,1,0,0,0,0,1,0.0,0.0,0.0,0.0,1.0,0.0,0.0,2,255,1.0,0.0,0.5,0.05,0.0,0.0,0.0,0,69609.0
1,1,51,9,865,339,0,0,1,0,0,0,0,1,0.0,0.0,0.0,0.0,1.0,0.0,1.0,205,103,0.37,0.02,0.0,0.02,0.0,0.01,0.0,0,31891.0
0,0,14,9,1480,0,1,0,0,0,0,0,0,3,0.0,0.0,0.0,0.0,1.0,0.0,0.0,255,4,0.02,0.08,0.02,0.0,0.6,0.0,0.0,0,31799.0
0,0,14,9,1032,0,0,0,0,0,0,0,0,511,0.0,0.0,0.0,0.0,1.0,0.0,0.0,255,69,0.27,0.15,0.27,0.0,0.0,0.0,0.0,1,15776.0
0,1,32,5,0,0,0,0,0,0,0,0,0,60,1.0,1.0,0.0,0.0,0.08,0.08,0.0,255,5,0.02,0.07,0.0,0.0,1.0,1.0,0.0,1,14686.0
0,1,22,9,301,1305,0,0,1,0,0,0,0,4,0.0,0.0,0.0,0.0,1.0,0.0,0.0,21,255,1.0,0.0,0.05,0.07,0.0,0.0,0.0,0,108958.0
0,1,22,9,229,2004,0,0,1,0,0,0,0,34,0.0,0.0,0.0,0.0,1.0,0.0,0.0,37,255,1.0,0.0,0.03,0.04,0.0,0.0,0.0,0,31824.0
0,1,18,2,0,0,0,0,0,0,0,0,0,255,0.0,0.0,1.0,1.0,0.0,0.07,0.0,255,1,0.0,0.07,0.0,0.0,0.0,0.0,1.0,1,106307.0
0,2,11,9,43,134,0,0,0,0,0,0,0,76,0.0,0.0,0.0,0.0,1.0,0.0,0.01,255,254,1.0,0.01,0.0,0.0,0.0,0.0,0.0,0,21806.0
0,1,20,1,0,0,0,0,0,0,0,0,0,1,0.0,0.0,1.0,1.0,1.0,0.0,0.0,51,2,0.02,1.0,0.02,1.0,0.0,0.0,0.5,1,8688.0
0,2,11,9,45,110,0,0,0,0,0,0,0,1,0.0,0.0,0.0,0.0,1.0,0.0,1.0,70,65,0.93,0.03,0.01,0.0,0.0,0.0,0.0,0,84805.0
0,1,19,9,12,0,0,0,1,0,0,0,0,1,0.0,0.0,0.0,0.0,1.0,0.0,0.0,52,11,0.1,0.12,0.1,0.18,0.02,0.0,0.0,0,81400.0
0,1,46,1,0,0,0,0,0,0,0,0,0,1,0.0,0.0,1.0,1.0,1.0,0.0,0.0,43,2,0.02,1.0,0.02,1.0,0.0,0.0,1.0,1,58640.0
0,1,46,5,0,0,0,0,0,0,0,0,0,154,1.0,1.0,0.0,0.0,0.14,0.06,0.0,255,21,0.08,0.07,0.0,0.0,1.0,1.0,0.0,1,82489.0
0,1,22,9,167,11288,0,0,1,0,0,0,0,2,0.0,0.0,0.0,0.0,1.0,0.0,0.0,255,255,1.0,0.0,0.0,0.0,0.0,0.0,0.0,0,38257.0
0,1,46,5,0,0,0,0,0,0,0,0,0,110,0.99,1.0,0.01,0.0,0.09,0.07,0.0,255,10,0.04,0.07,0.0,0.0,1.0,1.0,0.0,1,80905.0
0,1,51,9,1447,288,0,0,1,0,0,0,0,1,0.0,0.0,0.0,0.0,1.0,0.0,1.0,183,161,0.61,0.03,0.01,0.01,0.0,0.0,0.0,0,82417.0
0,2,11,9,45,126,0,0,0,0,0,0,0,93,0.0,0.0,0.0,0.0,1.0,0.0,0.01,255,255,1.0,0.0,0.0,0.0,0.0,0.0,0.0,0,29475.0
0,1,46,5,0,0,0,0,0,0,0,0,0,262,1.0,1.0,0.0,0.0,0.05,0.07,0.0,255,13,0.05,0.07,0.0,0.0,1.0,1.0,0.0,1,8320.0
0,1,22,9,223,4382,0,0,1,0,0,0,0,4,0.0,0.0,0.0,0.0,1.0,0.0,0.0,49,255,1.0,0.0,0.02,0.03,0.0,0.0,0.0,0,33200.0
0,1,22,5,0,0,0,0,0,0,0,0,0,221,1.0,0.89,0.0,0.0,0.04,0.07,0.22,255,8,0.03,0.08,0.0,0.0,1.0,1.0,0.0,1,17721.0
1208,2,41,9,147,105,0,0,0,0,0,0,0,1,0.0,0.0,0.0,0.0,1.0,0.0,0.0,255,3,0.01,0.64,0.97,0.0,0.0,0.0,0.0,0,20081.0
0,1,27,5,0,0,0,0,0,0,0,0,0,145,1.0,1.0,0.0,0.0,0.08,0.06,0.0,255,6,0.02,0.06,0.0,0.0,1.0,1.0,0.0,1,60094.0
3,1,46,1,0,0,0,0,0,0,0,0,0,242,0.04,0.0,0.94,1.0,0.0,1.0,0.0,255,1,0.0,0.96,0.0,0.0,0.04,0.0,1.0,1,59473.0
0,1,51,9,870,328,0,0,1,0,0,0,0,1,0.0,0.0,0.0,0.0,1.0,0.0,0.0,18,16,0.89,0.11,0.06,0.0,0.0,0.0,0.0,0,99978.0
0,2,46,9,28,0,3,0,0,0,0,0,0,12,0.0,0.0,0.0,0.0,1.0,0.0,0.0,255,112,0.44,0.56,0.44,0.0,0.09,0.0,0.0,1,105928.0
0,1,46,5,0,0,0,0,0,0,0,0,0,103,1.0,1.0,0.0,0.0,0.19,0.06,0.0,158,20,0.13,0.06,0.01,0.0,1.0,1.0,0.0,1,117137.0
0,1,36,5,0,0,0,0,0,0,0,0,0,217,1.0,1.0,0.0,0.0,0.11,0.06,0.0,255,23,0.09,0.06,0.0,0.0,1.0,1.0,0.0,1,112814.0
0,1,22,9,229,5467,0,0,1,0,0,0,0,3,0.0,0.0,0.0,0.0,1.0,0.0,0.0,117,255,1.0,0.0,0.01,0.02,0.0,0.0,0.0,0,117075.0
0,1,46,4,0,0,0,0,0,0,0,0,0,1,0.0,0.0,1.0,1.0,1.0,0.0,0.0,183,1,0.01,0.46,0.46,0.0,0.0,0.0,1.0,1,40268.0
31,1,57,9,115,12436,0,0,1,0,0,0,0,1,0.0,0.0,0.0,0.0,1.0,0.0,0.0,219,1,0.0,0.03,0.0,0.0,0.01,0.0,0.0,0,92109.0
0,2,46,9,28,0,3,0,0,0,0,0,0,76,0.01,0.0,0.0,0.0,0.99,0.03,0.0,255,75,0.29,0.01,0.29,0.0,0.0,0.0,0.0,1,31713.0
0,1,46,5,0,0,0,0,0,0,0,0,0,85,1.0,1.0,0.0,0.0,0.22,0.06,0.0,255,2,0.01,0.06,0.0,0.0,1.0,1.0,0.0,1,31148.0
0,2,11,9,33,93,0,0,0,0,0,0,0,1,0.0,0.0,0.0,0.0,1.0,0.0,0.0,36,194,1.0,0.0,1.0,0.01,0.0,0.0,0.0,0,85144.0
0,1,22,1,0,0,0,0,0,0,0,0,0,1,0.0,0.0,1.0,1.0,1.0,0.0,0.0,20,255,1.0,0.0,0.05,0.15,0.0,0.0,0.94,0,110478.0
0,1,46,1,0,0,0,0,0,0,0,0,0,144,0.0,0.0,1.0,1.0,0.12,0.06,0.0,255,33,0.13,0.05,0.0,0.0,0.0,0.0,1.0,1,79757.0
0,1,36,5,0,0,0,0,0,0,0,0,0,257,1.0,1.0,0.0,0.0,0.1,0.05,0.0,255,25,0.1,0.05,0.0,0.0,1.0,1.0,0.0,1,80037.0
0,1,5,4,0,0,0,0,0,0,0,0,0,1,0.0,0.0,1.0,1.0,1.0,0.0,0.0,255,1,0.0,0.72,1.0,0.0,0.0,0.0,1.0,1,89554.0
0,1,22,9,202,21355,0,0,1,0,0,0,0,1,0.0,0.0,0.0,0.0,1.0,0.0,0.0,220,255,1.0,0.0,0.0,0.01,0.0,0.0,0.0,0,120285.0
3,1,57,9,111,3118,0,0,1,0,0,0,0,1,0.0,0.0,0.0,0.0,1.0,0.0,0.0,229,2,0.01,0.02,0.0,0.0,0.01,0.0,0.0,0,39382.0
0,1,51,9,1339,276,0,0,1,0,0,0,0,1,0.0,0.0,0.0,0.0,1.0,0.0,0.0,110,100,0.91,0.03,0.01,0.0,0.0,0.0,0.0,0,15930.0
0,1,19,9,491,0,0,0,1,0,0,5,0,1,0.0,0.0,0.0,0.0,1.0,0.0,0.0,146,79,0.5,0.03,0.5,0.03,0.0,0.0,0.0,0,89864.0
0,2,11,9,43,131,0,0,0,0,0,0,0,141,0.0,0.0,0.0,0.0,1.0,0.0,0.01,255,255,1.0,0.0,0.0,0.0,0.0,0.0,0.0,0,102719.0
0,1,22,9,242,4073,0,0,1,0,0,0,0,2,0.0,0.0,0.0,0.0,1.0,0.0,0.75,255,255,1.0,0.0,0.0,0.0,0.0,0.0,0.0,0,34864.0
38509,1,46,4,1,0,0,0,0,0,0,0,0,2,0.0,0.0,1.0,1.0,1.0,0.0,0.0,255,2,0.01,0.51,1.0,0.0,0.0,0.0,1.0,1,60041.0
13328,1,41,4,1,0,0,0,0,0,0,0,0,2,0.0,0.0,1.0,1.0,1.0,0.0,0.0,255,2,0.01,0.68,1.0,0.0,0.0,0.0,1.0,1,91318.0
0,2,11,9,44,77,0,0,0,0,0,0,0,216,0.0,0.0,0.0,0.0,1.0,0.0,0.0,255,255,1.0,0.0,0.01,0.0,0.0,0.0,0.0,0,102845.0
0,1,51,9,1028,330,0,0,1,0,0,0,0,1,0.0,0.0,0.0,0.0,1.0,0.0,0.0,189,244,0.97,0.01,0.01,0.01,0.0,0.0,0.0,0,73070.0
0,2,41,9,516,4,0,0,0,0,0,0,0,415,0.0,0.0,0.0,0.0,1.0,0.0,0.0,255,255,1.0,0.0,1.0,0.0,0.0,0.0,0.0,0,103985.0
0,1,21,5,0,0,0,0,0,0,0,0,0,292,1.0,1.0,0.0,0.0,0.09,0.05,0.0,255,25,0.1,0.05,0.0,0.0,1.0,1.0,0.0,1,23011.0
0,1,6,5,0,0,0,0,0,0,0,0,0,211,1.0,1.0,0.0,0.0,0.0,0.08,0.0,255,1,0.0,0.08,0.0,0.0,1.0,1.0,0.0,1,50398.0
0,1,2,5,0,0,0,0,0,0,0,0,0,119,1.0,1.0,0.0,0.0,0.13,0.06,0.0,255,15,0.06,0.07,0.0,0.0,1.0,1.0,0.0,1,1802.0
8,1,57,9,106,3211,0,0,1,0,0,0,0,1,0.0,0.0,0.0,0.0,1.0,0.0,0.0,232,2,0.01,0.03,0.0,0.0,0.0,0.0,0.0,0,39529.0
0,1,22,9,363,2690,0,0,1,0,0,0,0,1,0.0,0.0,0.0,0.0,1.0,0.0,0.0,12,255,1.0,0.0,0.08,0.1,0.0,0.0,0.0,0,20516.0
0,2,46,9,1,0,0,0,0,0,0,0,0,127,0.0,0.0,0.0,0.0,0.92,0.02,0.0,255,185,0.73,0.04,1.0,0.0,0.0,0.0,0.0,1,65989.0
5,1,57,9,179,3393,0,0,1,0,0,0,0,1,0.0,0.0,0.0,0.0,1.0,0.0,0.0,91,9,0.1,0.78,0.01,0.0,0.0,0.0,0.11,0,12381.0
0,1,46,1,0,0,0,0,0,0,0,0,0,74,0.01,0.0,0.92,1.0,0.01,1.0,0.0,255,1,0.0,0.32,0.0,0.0,0.0,0.0,1.0,1,24555.0
0,2,11,9,43,129,0,0,0,0,0,0,0,49,0.0,0.0,0.0,0.0,1.0,0.0,0.04,130,197,0.82,0.02,0.82,0.01,0.01,0.0,0.0,0,61794.0
13898,1,41,4,1,0,0,0,0,0,0,0,0,2,0.0,0.0,1.0,1.0,1.0,0.0,0.0,255,2,0.01,0.68,1.0,0.0,0.0,0.0,1.0,1,42086.0
0,0,14,9,1032,0,0,0,0,0,0,0,0,511,0.0,0.0,0.0,0.0,1.0,0.0,0.0,129,35,0.27,0.05,0.27,0.0,0.02,0.0,0.0,1,106592.0
0,1,46,5,0,0,0,0,0,0,0,0,0,85,1.0,1.0,0.0,0.0,0.07,0.07,0.0,255,9,0.04,0.06,0.0,0.0,1.0,1.0,0.0,1,23900.0
0,1,7,5,0,0,0,0,0,0,0,0,0,213,1.0,1.0,0.0,0.0,0.08,0.06,0.0,255,7,0.03,0.07,0.0,0.0,1.0,1.0,0.0,1,121911.0
0,1,22,9,319,483,0,0,1,0,0,0,0,8,0.0,0.0,0.0,0.0,1.0,0.0,0.3,255,255,1.0,0.0,0.01,0.0,0.0,0.0,0.0,0,110004.0
0,2,46,9,28,0,3,0,0,0,0,0,0,6,0.0,0.0,0.0,0.0,1.0,0.0,0.0,209,6,0.03,0.05,0.03,0.0,0.02,0.0,0.0,1,3584.0
0,1,22,9,207,1350,0,0,1,0,0,0,0,25,0.0,0.0,0.0,0.0,1.0,0.0,0.0,74,255,1.0,0.0,0.01,0.05,0.0,0.0,0.0,0,12876.0
0,1,41,1,0,0,0,0,0,0,0,0,0,510,0.19,0.0,0.81,1.0,0.0,1.0,0.0,255,1,0.0,1.0,0.0,0.0,0.21,0.0,1.0,1,50761.0
0,1,17,5,0,0,0,0,0,0,0,0,0,61,0.98,1.0,0.02,0.0,0.26,0.08,0.0,255,36,0.14,0.05,0.02,0.0,1.0,1.0,0.0,1,36894.0
0,1,5,5,0,0,0,0,0,0,0,0,0,115,1.0,1.0,0.0,0.0,0.06,0.07,0.0,255,7,0.03,0.07,0.0,0.0,1.0,1.0,0.0,1,105070.0
0,1,22,9,217,2536,0,0,1,0,0,0,0,18,0.0,0.0,0.0,0.0,1.0,0.0,0.0,255,255,1.0,0.0,0.0,0.0,0.0,0.0,0.0,0,38601.0
0,1,22,9,221,6480,0,0,1,0,0,0,0,20,0.0,0.0,0.0,0.0,1.0,0.0,0.0,49,255,1.0,0.0,0.02,0.05,0.0,0.0,0.0,0,6902.0
0,1,22,9,236,1571,0,0,1,0,0,0,0,14,0.0,0.0,0.0,0.0,1.0,0.0,0.13,255,255,1.0,0.0,0.0,0.0,0.0,0.0,0.0,0,60525.0
0,1,19,9,491,0,0,0,0,0,0,0,0,1,0.0,0.0,0.0,0.0,1.0,0.0,0.0,255,116,0.45,0.01,0.45,0.0,0.0,0.01,0.0,0,14133.0
0,1,22,9,308,23714,0,0,1,0,0,0,0,5,0.0,0.0,0.0,0.0,1.0,0.0,0.0,45,255,1.0,0.0,0.02,0.03,0.0,0.0,0.0,0,59863.0
0,1,66,1,0,0,0,0,0,0,0,0,0,229,0.0,0.0,1.0,1.0,0.02,0.07,0.0,255,5,0.02,0.08,0.0,0.0,0.0,0.0,1.0,1,46688.0
0,1,4,5,0,0,0,0,0,0,0,0,0,234,1.0,1.0,0.0,0.0,0.02,0.06,0.0,255,5,0.02,0.06,0.0,0.0,1.0,1.0,0.0,1,73163.0
0,1,16,5,0,0,0,0,0,0,0,0,0,92,1.0,1.0,0.0,0.0,0.03,0.07,0.0,255,3,0.01,0.05,0.0,0.0,1.0,1.0,0.0,1,36534.0
0,1,19,9,7162,0,0,0,1,0,0,0,0,7,0.0,0.0,0.0,0.0,1.0,0.0,0.0,22,50,0.59,0.09,0.59,0.04,0.0,0.0,0.0,0,112114.0
0,2,11,9,45,72,0,0,0,0,0,0,0,206,0.0,0.0,0.0,0.0,1.0,0.01,0.0,255,254,1.0,0.01,0.01,0.0,0.0,0.0,0.0,0,104980.0
0,1,22,1,0,0,0,0,0,0,0,0,0,15,0.0,0.0,0.8,0.8,1.0,0.0,0.0,32,118,1.0,0.0,0.03,0.16,0.0,0.01,0.86,0,53818.0
0,1,41,9,10044,0,0,0,1,0,0,0,0,12,0.08,0.0,0.0,0.0,0.08,0.33,0.0,167,1,0.01,0.06,0.21,0.0,0.01,0.0,0.0,0,82576.0
0,1,22,9,317,2787,0,0,1,0,0,0,0,4,0.0,0.0,0.0,0.0,1.0,0.0,0.07,42,255,1.0,0.0,0.02,0.03,0.0,0.0,0.0,0,91819.0
0,1,22,9,345,255,0,0,1,0,0,0,0,14,0.0,0.0,0.0,0.0,1.0,0.0,0.0,255,255,1.0,0.0,0.0,0.0,0.0,0.0,0.0,0,110058.0
0,1,51,9,1275,338,0,0,1,0,0,0,0,1,0.0,0.0,0.0,0.0,1.0,0.0,0.0,22,3,0.14,0.14,0.05,0.0,0.0,0.0,0.0,0,116365.0
0,1,22,9,361,15447,0,0,1,0,0,0,0,10,0.0,0.0,0.0,0.0,1.0,0.0,0.18,255,255,1.0,0.0,0.0,0.0,0.0,0.0,0.0,0,39281.0
0,1,4,5,0,0,0,0,0,0,0,0,0,125,1.0,1.0,0.0,0.0,0.02,0.07,0.0,255,3,0.01,0.08,0.0,0.0,1.0,1.0,0.0,1,102707.0
36783,1,46,4,1,0,0,0,0,0,0,0,0,2,0.0,0.0,1.0,1.0,1.0,0.0,0.0,255,2,0.01,0.5,1.0,0.0,0.0,0.0,1.0,1,31321.0
0,1,22,9,338,272,0,0,1,0,0,0,0,7,0.0,0.0,0.0,0.0,1.0,0.0,0.25,255,255,1.0,0.0,0.0,0.0,0.0,0.0,0.0,0,10854.0
0,2,11,9,45,78,0,0,0,0,0,0,0,258,0.0,0.0,0.0,0.0,1.0,0.01,0.0,255,254,1.0,0.01,0.0,0.0,0.0,0.0,0.0,0,61425.0
7,1,51,9,1030,331,0,0,1,0,0,0,0,1,0.0,0.0,0.0,0.0,1.0,0.0,0.0,10,201,0.9,0.2,0.1,0.01,0.0,0.0,0.0,0,2816.0
0,1,22,5,0,0,0,0,0,0,0,0,0,279,1.0,1.0,0.0,0.0,0.03,0.06,0.0,255,9,0.04,0.07,0.0,0.0,1.0,1.0,0.0,1,74623.0
0,1,22,1,0,0,0,0,0,0,0,0,0,1,0.0,0.0,1.0,1.0,1.0,0.0,0.0,3,255,1.0,0.0,0.33,0.19,0.0,0.0,0.96,0,116261.0
0,1,46,5,0,0,0,0,0,0,0,0,0,18,1.0,1.0,0.0,0.0,0.28,0.11,0.0,255,5,0.02,0.07,0.0,0.0,1.0,1.0,0.0,1,70176.0
0,1,12,5,0,0,0,0,0,0,0,0,0,179,1.0,1.0,0.0,0.0,0.03,0.06,0.0,255,6,0.02,0.07,0.0,0.0,1.0,1.0,0.0,1,72167.0
0,1,22,4,54540,7300,0,1,1,0,0,0,0,2,0.0,0.0,0.5,0.5,1.0,0.0,0.0,255,255,1.0,0.0,0.0,0.0,0.0,0.0,0.03,1,90142.0
0,1,22,9,323,2943,0,0,1,0,0,0,0,2,0.0,0.0,0.0,0.0,1.0,0.0,0.0,139,139,1.0,0.0,0.01,0.0,0.01,0.01,0.0,0,76858.0
2,1,17,9,8,225,0,0,0,0,0,0,0,1,0.0,0.0,0.0,0.0,1.0,0.0,0.0,101,5,0.03,0.07,0.01,0.4,0.0,0.0,0.0,0,45607.0
0,0,14,9,1032,0,0,0,0,0,0,0,0,234,0.0,0.0,0.0,0.0,1.0,0.0,0.0,255,5,0.02,0.26,0.02,0.0,0.0,0.0,0.0,1,105739.0
0,1,7,5,0,0,0,0,0,0,0,0,0,116,1.0,1.0,0.0,0.0,0.06,0.06,0.0,255,7,0.03,0.07,0.0,0.0,1.0,1.0,0.0,1,119694.0
0,1,57,2,0,0,0,0,0,0,0,0,0,144,0.0,0.0,1.0,1.0,0.11,0.06,0.0,255,10,0.04,0.06,0.0,0.0,0.0,0.0,1.0,1,25896.0
0,2,11,9,36,101,0,0,0,0,0,0,0,2,0.0,0.0,0.0,0.0,0.5,1.0,0.0,255,234,0.92,0.01,0.0,0.0,0.0,0.0,0.0,0,108602.0
0,1,46,1,0,0,0,0,0,0,0,0,0,148,0.0,0.0,1.0,1.0,0.07,0.05,0.0,255,10,0.04,0.07,0.0,0.0,0.0,0.0,1.0,1,85647.0
0,0,14,9,1032,0,0,0,0,0,0,0,0,511,0.0,0.0,0.0,0.0,1.0,0.0,0.0,255,106,0.42,0.02,0.42,0.0,0.01,0.0,0.0,1,6743.0
0,1,46,1,0,0,0,0,0,0,0,0,0,147,0.0,0.0,1.0,1.0,0.11,0.05,0.0,255,16,0.06,0.07,0.0,0.0,0.0,0.0,1.0,1,64249.0
0,1,22,5,0,0,0,0,0,0,0,0,0,2,0.5,0.25,0.0,0.0,1.0,0.0,0.5,5,255,1.0,0.0,0.4,0.03,0.2,0.0,0.0,0,15438.0
0,1,22,1,0,0,0,0,0,0,0,0,0,1,0.0,0.0,1.0,1.0,1.0,0.0,1.0,139,255,1.0,0.0,0.01,0.05,0.01,0.01,0.99,0,85057.0
28,2,11,9,44,44,0,0,0,0,0,0,0,3,0.0,0.0,0.0,0.0,0.33,0.67,1.0,65,62,0.95,0.03,0.02,0.0,0.0,0.0,0.0,0,118943.0
0,2,11,9,45,118,0,0,0,0,0,0,0,231,0.0,0.0,0.0,0.0,1.0,0.0,0.01,255,188,0.74,0.01,0.0,0.0,0.0,0.0,0.0,0,46509.0
0,0,14,9,1032,0,0,0,0,0,0,0,0,511,0.0,0.0,0.0,0.0,1.0,0.0,0.0,255,115,0.45,0.02,0.45,0.0,0.01,0.0,0.0,1,66772.0
0,1,51,9,892,332,0,0,1,0,0,0,0,1,0.0,0.0,0.0,0.0,1.0,0.0,0.0,248,152,0.61,0.02,0.0,0.01,0.0,0.0,0.04,0,42715.0
0,2,46,9,28,0,3,0,0,0,0,0,0,48,0.0,0.0,0.02,0.0,0.98,0.04,0.0,255,47,0.18,0.02,0.18,0.0,0.0,0.0,0.0,1,70209.0
11155,1,57,9,104,3112,0,0,1,0,0,0,0,1,0.0,0.0,0.0,0.0,1.0,0.0,0.0,47,7,0.15,0.11,0.02,0.0,0.04,0.14,0.0,0,46207.0
0,1,41,1,0,0,0,0,0,0,0,0,0,511,0.06,0.0,0.94,1.0,0.0,1.0,0.0,255,1,0.0,1.0,0.0,0.0,0.04,0.0,1.0,1,69681.0
0,2,46,9,105,145,0,0,0,0,0,0,0,4,0.0,0.0,0.0,0.0,0.25,0.5,0.0,255,243,0.95,0.01,0.01,0.0,0.0,0.0,0.0,0,67617.0
0,1,46,10,0,0,0,0,0,0,0,0,0,1,1.0,1.0,0.0,0.0,1.0,0.0,0.0,245,1,0.0,0.96,0.97,0.0,0.97,1.0,0.0,1,112076.0
0,0,13,9,8,0,0,0,0,0,0,0,0,1,0.0,0.0,0.0,0.0,1.0,0.0,1.0,1,129,1.0,0.0,1.0,0.5,0.0,0.0,0.0,1,30244.0
0,1,4,5,0,0,0,0,0,0,0,0,0,255,1.0,1.0,0.0,0.0,0.04,0.05,0.0,255,9,0.04,0.05,0.0,0.0,1.0,1.0,0.0,1,35064.0
7,1,57,9,127,1400,0,0,1,1,0,0,0,1,0.0,0.0,0.0,0.0,1.0,0.0,0.0,255,51,0.2,0.02,0.0,0.0,0.56,0.71,0.0,0,89081.0
0,1,46,5,0,0,0,0,0,0,0,0,0,102,1.0,1.0,0.0,0.0,0.02,0.07,0.0,255,19,0.07,0.08,0.0,0.0,1.0,1.0,0.0,1,107259.0
0,1,22,9,201,7384,0,0,1,0,0,0,0,11,0.09,0.09,0.0,0.0,1.0,0.0,0.0,73,255,1.0,0.0,0.01,0.01,0.0,0.0,0.0,0,113521.0
0,1,19,5,0,0,0,0,0,0,0,0,0,60,1.0,1.0,0.0,0.0,0.12,0.07,0.0,255,27,0.11,0.06,0.02,0.0,1.0,1.0,0.0,1,100290.0
0,1,19,9,192,0,0,0,1,0,0,0,0,2,0.0,0.0,0.0,0.0,1.0,0.0,0.0,255,126,0.49,0.02,0.49,0.0,0.0,0.01,0.0,0,92135.0
0,1,22,5,0,0,0,0,0,0,0,0,0,13,1.0,1.0,0.0,0.0,1.0,0.0,0.0,255,13,0.05,0.07,0.0,0.0,1.0,1.0,0.0,1,21957.0
0,1,46,5,0,0,0,0,0,0,0,0,0,214,1.0,1.0,0.0,0.0,0.03,0.06,0.0,255,6,0.02,0.07,0.0,0.0,1.0,1.0,0.0,1,45763.0
0,1,46,5,0,0,0,0,0,0,0,0,0,227,1.0,1.0,0.0,0.0,0.04,0.07,0.0,255,8,0.03,0.08,0.0,0.0,1.0,1.0,0.0,1,119281.0
0,1,4,5,0,0,0,0,0,0,0,0,0,253,1.0,1.0,0.0,0.0,0.02,0.07,0.0,255,6,0.02,0.08,0.0,0.0,1.0,1.0,0.0,1,19521.0
0,1,46,5,0,0,0,0,0,0,0,0,0,288,1.0,1.0,0.0,0.0,0.01,0.06,0.0,255,10,0.04,0.09,0.0,0.0,1.0,1.0,0.0,1,39381.0
0,1,18,5,0,0,0,0,0,0,0,0,0,288,1.0,1.0,0.0,0.0,0.02,0.06,0.0,255,5,0.02,0.07,0.0,0.0,1.0,1.0,0.0,1,37836.0
0,1,22,9,335,3248,0,0,1,0,0,0,0,12,0.0,0.0,0.0,0.0,1.0,0.0,0.13,84,255,1.0,0.0,0.01,0.01,0.0,0.01,0.0,0,84849.0
0,1,22,9,189,12948,0,0,1,0,0,0,0,16,0.0,0.0,0.0,0.0,1.0,0.0,0.0,34,255,1.0,0.0,0.03,0.01,0.0,0.0,0.01,0,30652.0
0,1,22,9,328,2532,0,0,1,0,0,0,0,2,0.0,0.0,0.0,0.0,1.0,0.0,0.0,255,255,1.0,0.0,0.0,0.0,0.0,0.0,0.0,0,70622.0
0,2,46,9,28,0,3,0,0,0,0,0,0,42,0.0,0.0,0.0,0.0,1.0,0.0,0.0,255,9,0.04,0.01,0.04,0.0,0.0,0.0,0.0,1,18005.0
0,1,22,9,268,8159,0,0,1,0,0,0,0,7,0.0,0.0,0.0,0.0,1.0,0.0,0.4,255,255,1.0,0.0,0.0,0.0,0.0,0.0,0.0,0,35987.0
0,1,46,5,0,0,0,0,0,0,0,0,0,5,1.0,1.0,0.0,0.0,1.0,0.0,0.0,255,5,0.02,0.06,0.0,0.0,1.0,1.0,0.0,1,69602.0
0,1,46,5,0,0,0,0,0,0,0,0,0,278,1.0,1.0,0.0,0.0,0.02,0.06,0.0,255,4,0.02,0.07,0.0,0.0,1.0,1.0,0.0,1,82225.0
3,1,51,9,1971,329,0,0,1,0,0,0,0,1,0.0,0.0,0.0,0.0,1.0,0.0,0.0,25,20,0.8,0.12,0.04,0.0,0.0,0.0,0.0,0,61586.0
0,1,22,6,282,1828,0,0,1,0,0,0,0,7,0.29,0.08,0.0,0.0,1.0,0.0,0.12,102,255,1.0,0.0,0.01,0.02,0.02,0.01,0.0,0,125726.0
0,1,27,5,0,0,0,0,0,0,0,0,0,126,1.0,1.0,0.0,0.0,0.17,0.06,0.0,255,22,0.09,0.05,0.0,0.0,1.0,1.0,0.0,1,15098.0
0,2,11,9,32,94,0,0,0,0,0,0,0,2,0.0,0.0,0.0,0.0,0.5,1.0,0.0,82,78,0.95,0.02,0.01,0.0,0.0,0.0,0.0,0,36041.0
0,1,2,5,0,0,0,0,0,0,0,0,0,139,1.0,1.0,0.0,0.0,0.04,0.09,0.0,255,6,0.02,0.07,0.0,0.0,1.0,1.0,0.0,1,38694.0
0,1,22,9,273,989,0,0,1,0,0,0,0,10,0.0,0.0,0.0,0.0,1.0,0.0,0.18,34,255,1.0,0.0,0.03,0.02,0.0,0.0,0.0,0,33379.0
0,1,64,5,0,0,0,0,0,0,0,0,0,293,1.0,1.0,0.0,0.0,0.09,0.04,0.0,255,25,0.1,0.05,0.0,0.0,1.0,1.0,0.0,1,49078.0
0,1,46,5,0,0,0,0,0,0,0,0,0,81,1.0,1.0,0.0,0.0,0.06,0.06,0.0,255,18,0.07,0.05,0.0,0.0,1.0,1.0,0.0,1,28102.0
0,1,19,5,0,0,0,0,0,0,0,0,0,44,1.0,1.0,0.0,0.0,0.23,0.09,0.0,206,50,0.24,0.02,0.0,0.0,0.99,1.0,0.0,1,103479.0
0,1,65,5,0,0,0,0,0,0,0,0,0,203,1.0,1.0,0.0,0.0,0.0,0.06,0.0,255,1,0.0,0.06,0.0,0.0,1.0,1.0,0.0,1,42734.0
0,0,14,9,1480,0,1,0,0,0,0,0,0,2,0.0,0.0,0.0,0.0,1.0,0.0,0.5,2,6,1.0,0.0,1.0,0.5,0.0,0.0,0.0,0,94784.0
0,1,22,9,308,7038,0,0,1,0,0,0,0,39,0.0,0.0,0.0,0.0,1.0,0.0,0.0,255,255,1.0,0.0,0.0,0.0,0.0,0.0,0.0,0,67516.0
0,1,22,9,226,509,0,0,1,0,0,0,0,1,0.0,0.0,0.0,0.0,1.0,0.0,0.0,45,255,1.0,0.0,0.02,0.05,0.0,0.0,0.0,0,71956.0
0,1,22,9,221,399,0,0,1,0,0,0,0,12,0.0,0.0,0.0,0.0,1.0,0.0,0.0,160,255,1.0,0.0,0.01,0.02,0.0,0.0,0.0,0,46431.0
0,1,22,9,269,261,0,0,1,0,0,0,0,18,0.0,0.0,0.0,0.0,1.0,0.0,0.11,255,255,1.0,0.0,0.0,0.0,0.0,0.0,0.0,0,78966.0
0,1,22,9,325,741,0,0,1,0,0,0,0,40,0.0,0.0,0.0,0.0,1.0,0.0,0.06,41,255,1.0,0.0,0.02,0.06,0.0,0.01,0.0,0,16139.0
1,1,17,9,9,223,0,0,0,0,0,0,0,1,0.0,0.0,0.0,0.0,1.0,0.0,0.0,255,14,0.05,0.02,0.0,0.0,0.0,0.07,0.0,0,125361.0
0,1,46,5,0,0,0,0,0,0,0,0,0,234,1.0,1.0,0.0,0.0,0.11,0.05,0.0,255,25,0.1,0.06,0.0,0.0,1.0,1.0,0.0,1,99603.0
0,1,22,1,0,0,0,0,0,0,0,0,0,1,0.0,0.0,1.0,1.0,1.0,0.0,0.0,4,237,1.0,0.0,0.25,0.21,0.0,0.0,1.0,0,73675.0
0,0,14,9,1032,0,0,0,0,0,0,0,0,511,0.0,0.0,0.0,0.0,1.0,0.0,0.0,216,71,0.33,0.01,0.33,0.0,0.0,0.0,0.0,1,115836.0
184,1,57,9,437,2619,0,0,1,0,0,0,0,1,0.0,0.0,0.0,0.0,1.0,0.0,0.0,255,33,0.13,0.06,0.0,0.0,0.65,0.39,0.12,0,92370.0
0,1,25,5,0,0,0,0,0,0,0,0,0,282,1.0,1.0,0.0,0.0,0.04,0.06,0.0,255,12,0.05,0.06,0.0,0.0,1.0,1.0,0.0,1,120874.0
0,1,2,5,0,0,0,0,0,0,0,0,0,260,1.0,1.0,0.0,0.0,0.03,0.07,0.0,255,7,0.03,0.07,0.0,0.0,1.0,1.0,0.0,1,54020.0
0,1,19,5,0,0,0,0,0,0,0,0,0,18,1.0,1.0,0.0,0.0,0.22,0.22,0.0,255,23,0.09,0.06,0.0,0.0,1.0,1.0,0.0,1,27339.0
4710,2,41,9,147,105,0,0,0,0,0,0,0,2,0.0,0.0,0.0,0.0,1.0,0.0,0.0,255,2,0.01,0.85,1.0,0.0,0.0,0.0,0.0,0,37706.0
0,0,13,9,8,0,0,0,0,0,0,0,0,1,0.0,0.0,0.0,0.0,1.0,0.0,1.0,2,102,1.0,0.0,1.0,0.5,0.0,0.0,0.0,1,43726.0
28,1,51,9,951,329,0,0,1,0,0,0,0,1,0.0,0.0,0.0,0.0,1.0,0.0,0.0,150,117,0.78,0.03,0.01,0.0,0.0,0.0,0.0,0,43420.0
0,1,22,9,291,342,0,0,1,0,0,0,0,15,0.0,0.0,0.0,0.0,1.0,0.0,0.0,255,255,1.0,0.0,0.0,0.0,0.0,0.0,0.0,0,121412.0
0,0,14,9,520,0,0,0,0,0,0,0,0,147,0.0,0.0,0.0,0.0,1.0,0.0,0.0,255,255,1.0,0.0,1.0,0.0,0.0,0.0,0.0,1,50327.0
0,0,13,9,8,0,0,0,0,0,0,0,0,1,0.0,0.0,0.0,0.0,1.0,0.0,1.0,2,34,1.0,0.0,1.0,0.5,0.0,0.0,0.0,1,124912.0
0,1,53,5,0,0,0,0,0,0,0,0,0,274,1.0,1.0,0.0,0.0,0.04,0.06,0.0,255,20,0.08,0.07,0.0,0.0,1.0,1.0,0.0,1,91943.0
0,1,22,9,242,17542,0,0,1,0,0,0,0,1,0.0,0.0,0.0,0.0,1.0,0.0,1.0,10,255,1.0,0.0,0.1,0.01,0.0,0.0,0.0,0,100340.0
0,1,22,9,334,1721,0,0,1,0,0,0,0,8,0.0,0.0,0.0,0.0,1.0,0.0,0.3,255,255,1.0,0.0,0.0,0.0,0.0,0.0,0.0,0,40105.0
0,2,41,9,516,4,0,0,0,0,0,0,0,197,0.0,0.0,0.0,0.0,1.0,0.0,0.0,197,197,1.0,0.0,1.0,0.0,0.0,0.0,0.0,0,4624.0
0,1,22,9,221,313,0,0,1,0,0,0,0,6,0.17,0.17,0.0,0.0,1.0,0.0,0.0,255,255,1.0,0.0,0.0,0.0,0.0,0.0,0.0,0,64532.0
0,1,22,9,293,1215,0,0,1,0,0,0,0,9,0.0,0.0,0.0,0.0,1.0,0.0,0.0,255,255,1.0,0.0,0.0,0.0,0.01,0.01,0.0,0,25890.0
0,2,11,9,46,132,0,0,0,0,0,0,0,87,0.0,0.0,0.0,0.0,1.0,0.0,0.02,255,254,1.0,0.01,0.0,0.0,0.0,0.0,0.0,0,56063.0
0,1,38,5,0,0,0,0,0,0,0,0,0,148,1.0,1.0,0.0,0.0,0.03,0.06,0.0,255,6,0.02,0.05,0.0,0.0,1.0,1.0,0.0,1,81357.0
0,1,22,9,196,578,0,0,1,0,0,0,0,34,0.0,0.0,0.0,0.0,1.0,0.0,0.0,255,255,1.0,0.0,0.0,0.0,0.0,0.0,0.0,0,54183.0
22596,1,46,4,1,0,0,0,0,0,0,0,0,2,0.0,0.0,1.0,1.0,1.0,0.0,0.0,255,2,0.01,0.73,1.0,0.0,0.0,0.0,1.0,1,56109.0
0,1,22,9,305,2019,0,0,1,0,0,0,0,29,0.0,0.0,0.0,0.0,1.0,0.0,0.0,255,255,1.0,0.0,0.0,0.0,0.0,0.0,0.0,0,37292.0
0,1,22,9,291,255,0,0,1,0,0,0,0,8,0.0,0.0,0.0,0.0,1.0,0.0,0.0,255,255,1.0,0.0,0.0,0.0,0.0,0.0,0.0,0,58474.0
0,1,22,9,240,756,0,0,1,0,0,0,0,8,0.0,0.0,0.0,0.0,1.0,0.0,0.15,149,254,1.0,0.0,0.01,0.01,0.01,0.0,0.0,0,3040.0
0,1,22,9,236,256,0,0,1,0,0,0,0,1,0.0,0.0,0.0,0.0,1.0,0.0,0.0,1,255,1.0,0.0,1.0,0.02,0.0,0.0,0.0,0,21349.0
0,1,46,5,0,0,0,0,0,0,0,0,0,135,1.0,1.0,0.0,0.0,0.15,0.06,0.0,255,12,0.05,0.07,0.0,0.0,1.0,1.0,0.0,1,103337.0
0,1,46,5,0,0,0,0,0,0,0,0,0,134,1.0,1.0,0.0,0.0,0.07,0.06,0.0,255,12,0.05,0.08,0.0,0.0,1.0,1.0,0.0,1,116350.0
5,1,0,9,77,17,0,0,0,0,0,0,0,1,0.0,0.0,0.0,0.0,1.0,0.0,0.0,128,23,0.18,0.02,0.01,0.0,0.0,0.0,0.61,0,33244.0
0,1,2,1,0,0,0,0,0,0,0,0,0,108,0.0,0.0,1.0,1.0,0.04,0.06,0.0,255,4,0.02,0.07,0.0,0.0,0.0,0.0,1.0,1,121855.0
0,1,22,9,211,274,0,0,1,0,0,0,0,23,0.0,0.0,0.0,0.0,1.0,0.0,0.0,255,255,1.0,0.0,0.0,0.0,0.0,0.0,0.0,0,32551.0
0,1,19,9,15722,0,0,0,1,0,0,0,0,4,0.0,0.0,0.0,0.0,1.0,0.0,0.0,127,38,0.3,0.05,0.3,0.0,0.0,0.0,0.0,0,66636.0
0,1,32,4,0,0,0,0,0,0,0,0,0,1,0.0,0.0,1.0,1.0,1.0,0.0,0.0,255,1,0.0,0.24,0.22,0.0,0.0,0.0,1.0,1,68520.0
0,1,5,5,0,0,0,0,0,0,0,0,0,113,1.0,1.0,0.0,0.0,0.18,0.04,0.0,255,20,0.08,0.04,0.0,0.0,1.0,1.0,0.0,1,62944.0
0,1,22,9,239,954,0,0,1,0,0,0,0,1,0.0,0.0,0.0,0.0,1.0,0.0,1.0,24,255,1.0,0.0,0.04,0.04,0.0,0.0,0.0,0,124005.0
0,2,11,9,43,69,0,0,0,0,0,0,0,155,0.0,0.0,0.0,0.0,1.0,0.0,0.0,255,225,0.88,0.01,0.0,0.0,0.0,0.0,0.0,0,78657.0
0,1,22,9,203,6356,0,0,1,0,0,0,0,3,0.0,0.14,0.0,0.0,1.0,0.0,0.43,255,255,1.0,0.0,0.0,0.0,0.0,0.0,0.0,0,35080.0
0,1,51,9,2483,329,0,0,1,0,0,0,0,1,0.0,0.0,0.0,0.0,1.0,0.0,0.0,232,119,0.51,0.03,0.0,0.0,0.0,0.0,0.0,0,114498.0
0,1,22,9,249,27998,0,0,1,0,0,0,0,1,0.0,0.0,0.0,0.0,1.0,0.0,0.33,6,255,1.0,0.0,0.17,0.02,0.0,0.0,0.0,0,937.0
0,1,7,5,0,0,0,0,0,0,0,0,0,126,1.0,1.0,0.0,0.0,0.16,0.06,0.0,255,18,0.07,0.06,0.0,0.0,1.0,1.0,0.0,1,4296.0
0,1,54,5,0,0,0,0,0,0,0,0,0,134,1.0,1.0,0.0,0.0,0.07,0.04,0.0,255,10,0.04,0.05,0.0,0.0,1.0,1.0,0.0,1,64973.0
0,0,13,9,8,0,0,0,0,0,0,0,0,1,0.0,0.0,0.0,0.0,1.0,0.0,1.0,1,77,1.0,0.0,1.0,0.51,0.0,0.0,0.0,1,42111.0
5729,2,41,9,147,105,0,0,0,0,0,0,0,1,0.0,0.0,0.0,0.0,1.0,0.0,0.0,255,1,0.0,0.64,0.97,0.0,0.0,0.0,0.0,0,82584.0
0,1,22,5,0,0,0,0,0,0,0,0,0,116,1.0,1.0,0.0,0.0,0.06,0.06,0.0,255,11,0.04,0.07,0.0,0.0,1.0,1.0,0.0,1,48918.0
0,1,22,9,232,30520,0,0,1,0,0,0,0,15,0.0,0.0,0.0,0.0,1.0,0.0,0.17,255,255,1.0,0.0,0.0,0.0,0.0,0.0,0.0,0,112052.0
0,1,22,9,371,620,0,0,1,0,0,0,0,51,0.0,0.0,0.0,0.0,1.0,0.0,0.04,255,255,1.0,0.0,0.0,0.0,0.0,0.0,0.0,0,57264.0
0,2,11,9,43,76,0,0,0,0,0,0,0,73,0.0,0.0,0.0,0.0,1.0,0.0,0.01,255,254,1.0,0.01,0.0,0.0,0.0,0.0,0.0,0,16402.0
0,1,51,9,832,330,0,0,1,0,0,0,0,1,0.0,0.0,0.0,0.0,1.0,0.0,0.0,211,109,0.38,0.03,0.0,0.02,0.0,0.0,0.0,0,54589.0
0,1,22,9,260,237,0,0,1,0,0,0,0,1,0.0,0.0,0.0,0.0,1.0,0.0,1.0,7,255,1.0,0.0,0.14,0.02,0.0,0.0,0.0,0,58409.0
0,1,19,5,0,0,0,0,0,0,0,0,0,1,1.0,1.0,0.0,0.0,1.0,0.0,0.0,255,51,0.2,0.02,0.0,0.0,1.0,1.0,0.0,1,41105.0
0,1,22,5,0,0,0,0,0,0,0,0,0,195,1.0,0.67,0.0,0.33,0.01,0.06,0.67,255,2,0.01,0.07,0.0,0.0,1.0,1.0,0.0,1,5370.0
0,1,9,5,0,0,0,0,0,0,0,0,0,254,1.0,1.0,0.0,0.0,0.03,0.06,0.0,255,8,0.03,0.06,0.0,0.0,1.0,1.0,0.0,1,49920.0
0,1,25,5,0,0,0,0,0,0,0,0,0,257,1.0,1.0,0.0,0.0,0.02,0.06,0.0,255,4,0.02,0.06,0.0,0.0,1.0,1.0,0.0,1,13698.0
0,1,54,5,0,0,0,0,0,0,0,0,0,143,1.0,1.0,0.0,0.0,0.1,0.06,0.0,255,4,0.02,0.07,0.0,0.0,1.0,1.0,0.0,1,84579.0
2630,2,41,9,147,105,0,0,0,0,0,0,0,1,0.0,0.0,0.0,0.0,1.0,0.0,0.0,255,1,0.0,0.86,0.98,0.0,0.0,0.0,0.0,0,124148.0
0,1,19,9,641,0,0,0,0,0,0,0,0,2,0.0,0.0,0.0,0.0,1.0,0.0,0.0,87,29,0.33,0.07,0.33,0.0,0.0,0.0,0.0,0,77010.0
0,1,19,9,334,0,0,0,1,0,0,0,0,1,0.0,0.0,0.0,0.0,1.0,0.0,0.0,3,43,1.0,0.0,1.0,0.07,0.0,0.0,0.0,1,24358.0
0,1,22,9,254,299,0,0,1,0,0,0,0,1,0.0,0.0,0.0,0.0,1.0,0.0,0.0,1,255,1.0,0.0,1.0,0.01,0.0,0.0,0.0,0,107694.0
0,2,11,9,45,127,0,0,0,0,0,0,0,205,0.0,0.0,0.0,0.0,1.0,0.0,0.01,255,253,0.99,0.01,0.0,0.0,0.0,0.0,0.0,0,87986.0
0,1,22,1,0,0,0,0,0,0,0,0,0,1,0.0,0.0,1.0,1.0,1.0,0.0,0.0,12,201,1.0,0.0,0.08,0.12,0.0,0.0,0.72,0,5990.0
0,1,22,9,215,3030,0,0,1,0,0,0,0,6,0.0,0.0,0.0,0.0,1.0,0.0,0.14,6,255,1.0,0.0,0.17,0.04,0.0,0.0,0.0,0,99881.0
0,1,22,9,226,1968,0,0,1,0,0,0,0,7,0.0,0.0,0.0,0.0,1.0,0.0,0.0,51,255,1.0,0.0,0.02,0.06,0.0,0.0,0.0,0,11405.0
0,1,19,9,175337,0,0,0,1,0,0,0,0,1,0.0,0.0,0.0,0.0,1.0,0.0,0.0,166,110,0.47,0.04,0.47,0.02,0.0,0.0,0.0,0,4194.0
0,1,22,9,315,4370,0,0,1,0,0,0,0,8,0.0,0.0,0.0,0.0,1.0,0.0,0.0,24,255,1.0,0.0,0.04,0.03,0.0,0.0,0.0,0,84455.0
0,1,22,9,217,1046,0,0,1,0,0,0,0,9,0.0,0.0,0.0,0.0,1.0,0.0,0.12,92,255,1.0,0.0,0.01,0.02,0.0,0.0,0.0,0,30243.0
0,1,20,5,0,0,0,0,0,0,0,0,0,262,1.0,1.0,0.0,0.0,0.06,0.06,0.0,255,17,0.07,0.07,0.0,0.0,1.0,1.0,0.0,1,34663.0
0,1,55,5,0,0,0,0,0,0,0,0,0,201,1.0,1.0,0.0,0.0,0.07,0.05,0.0,255,15,0.06,0.06,0.0,0.0,1.0,1.0,0.0,1,94858.0
0,2,46,9,28,0,3,0,0,0,0,0,0,80,0.0,0.0,0.0,0.0,1.0,0.0,0.0,255,80,0.31,0.02,0.31,0.0,0.0,0.0,0.0,1,46.0
0,1,22,5,0,0,0,0,0,0,0,0,0,26,1.0,1.0,0.0,0.0,0.35,0.15,0.0,188,49,0.26,0.02,0.02,0.0,0.99,1.0,0.0,1,58086.0
39,2,11,9,111,46,0,0,0,0,0,0,0,2,0.0,0.0,0.0,0.0,1.0,0.0,0.67,37,26,0.7,0.08,0.7,0.0,0.0,0.0,0.0,0,25441.0
0,1,22,9,224,3124,0,0,1,0,0,0,0,3,0.0,0.0,0.0,0.0,1.0,0.0,0.0,3,255,1.0,0.0,0.33,0.01,0.0,0.0,0.0,0,50561.0
0,1,22,9,247,1943,0,0,1,0,0,0,0,5,0.0,0.0,0.0,0.0,1.0,0.0,0.13,255,255,1.0,0.0,0.0,0.0,0.0,0.0,0.0,0,33804.0
0,2,41,9,516,4,0,0,0,0,0,0,0,271,0.0,0.0,0.0,0.0,1.0,0.0,0.0,255,255,1.0,0.0,1.0,0.0,0.0,0.0,0.0,0,5834.0
0,1,8,5,0,0,0,0,0,0,0,0,0,273,1.0,1.0,0.0,0.0,0.01,0.05,0.0,255,18,0.07,0.06,0.0,0.0,1.0,1.0,0.0,1,35166.0
0,1,22,4,54540,7300,0,1,1,0,0,0,0,5,0.0,0.0,0.2,0.2,1.0,0.0,0.0,218,218,1.0,0.0,0.0,0.0,0.0,0.0,0.06,1,78049.0
1,1,51,9,1187,361,0,0,1,0,0,0,0,2,0.0,0.0,0.0,0.0,0.5,1.0,1.0,250,147,0.59,0.03,0.0,0.0,0.0,0.01,0.0,0,77838.0
0,2,11,9,44,80,0,0,0,0,0,0,0,141,0.0,0.0,0.0,0.0,1.0,0.0,0.01,255,223,0.87,0.01,0.0,0.0,0.0,0.0,0.0,0,80234.0
0,1,22,5,0,0,0,0,0,0,0,0,0,2,1.0,1.0,0.0,0.0,0.5,1.0,0.0,242,61,0.25,0.02,0.0,0.0,1.0,1.0,0.0,1,124408.0
40383,1,46,4,1,0,0,0,0,0,0,0,0,2,0.0,0.0,1.0,1.0,1.0,0.0,0.0,255,2,0.01,0.43,0.84,0.0,0.0,0.0,1.0,1,105177.0
0,1,54,5,0,0,0,0,0,0,0,0,0,287,1.0,1.0,0.0,0.0,0.03,0.06,0.0,255,13,0.05,0.08,0.0,0.0,1.0,1.0,0.0,1,84464.0
0,1,2,5,0,0,0,0,0,0,0,0,0,207,1.0,1.0,0.0,0.0,0.09,0.05,0.0,255,12,0.05,0.07,0.0,0.0,1.0,1.0,0.0,1,99168.0
0,1,19,9,245,0,0,0,1,0,0,1,0,2,0.0,0.0,0.0,0.0,1.0,0.0,0.0,80,38,0.03,0.06,0.03,0.05,0.0,0.0,0.0,0,87618.0
0,1,46,5,0,0,0,0,0,0,0,0,0,104,1.0,1.0,0.0,0.0,0.09,0.06,0.0,255,14,0.05,0.07,0.0,0.0,1.0,1.0,0.0,1,14272.0
32,1,18,9,1493,4152,0,30,1,0,0,0,0,2,0.0,0.0,0.0,0.0,0.5,1.0,0.0,37,7,0.19,0.11,0.03,0.0,0.0,0.0,0.0,0,124800.0
0,1,51,9,632,374,0,0,1,0,0,0,0,1,0.0,0.0,0.0,0.0,1.0,0.0,1.0,11,194,0.91,0.18,0.09,0.02,0.0,0.0,0.0,0,76101.0
0,1,22,9,322,4137,0,0,1,0,0,0,0,9,0.0,0.0,0.0,0.0,1.0,0.0,0.0,255,255,1.0,0.0,0.0,0.0,0.01,0.01,0.0,0,19968.0
0,1,22,9,358,2085,0,0,1,0,0,0,0,10,0.0,0.0,0.0,0.0,1.0,0.0,0.17,255,255,1.0,0.0,0.0,0.0,0.01,0.01,0.0,0,2138.0
0,2,11,9,44,152,0,0,0,0,0,0,0,210,0.0,0.0,0.0,0.0,1.0,0.01,0.01,212,173,0.82,0.01,0.0,0.0,0.0,0.0,0.0,0,84190.0
0,1,51,9,2275,325,0,0,1,0,0,0,0,1,0.0,0.0,0.0,0.0,1.0,0.0,0.0,127,78,0.35,0.04,0.01,0.03,0.01,0.01,0.0,0,117577.0
0,1,46,5,0,0,0,0,0,0,0,0,0,144,1.0,1.0,0.0,0.0,0.08,0.06,0.0,255,3,0.01,0.06,0.0,0.0,1.0,1.0,0.0,1,4234.0
0,1,22,9,323,885,0,0,1,0,0,0,0,4,0.0,0.0,0.0,0.0,1.0,0.0,0.0,65,255,1.0,0.0,0.02,0.03,0.0,0.0,0.0,0,34419.0
0,1,22,9,169,9765,0,0,1,0,0,0,0,1,0.0,0.0,0.0,0.0,1.0,0.0,0.33,1,255,1.0,0.0,1.0,0.05,0.0,0.0,0.0,0,60917.0
0,1,22,9,301,1501,0,0,1,0,0,0,0,21,0.05,0.05,0.0,0.0,1.0,0.0,0.09,126,255,1.0,0.0,0.01,0.01,0.01,0.0,0.0,0,36618.0
0,2,46,9,1,0,0,0,0,0,0,0,0,126,0.0,0.0,0.0,0.0,0.84,0.03,0.0,255,155,0.61,0.05,1.0,0.0,0.0,0.0,0.0,1,108945.0
0,1,41,1,0,0,0,0,0,0,0,0,0,508,0.1,0.0,0.9,1.0,0.0,1.0,0.0,255,1,0.0,1.0,0.0,0.0,0.1,0.0,1.0,1,50914.0
0,0,14,9,520,0,0,0,0,0,0,0,0,229,0.0,0.0,0.0,0.0,1.0,0.0,0.0,255,255,1.0,0.0,1.0,0.0,0.0,0.0,0.0,1,109987.0
0,1,22,9,227,1750,0,0,1,0,0,0,0,29,0.0,0.0,0.0,0.0,1.0,0.0,0.0,29,255,1.0,0.0,0.03,0.04,0.0,0.0,0.0,0,86638.0
0,1,26,5,0,0,0,0,0,0,0,0,0,230,1.0,1.0,0.0,0.0,0.07,0.07,0.0,255,14,0.05,0.07,0.0,0.0,1.0,1.0,0.0,1,64927.0
0,1,19,9,1342,0,0,0,1,0,0,0,0,8,0.0,0.0,0.0,0.0,1.0,0.0,0.0,255,114,0.45,0.02,0.45,0.0,0.0,0.0,0.0,0,59798.0
0,2,11,9,45,45,0,0,0,0,0,0,0,134,0.0,0.0,0.0,0.0,1.0,0.0,0.0,255,255,1.0,0.0,0.01,0.0,0.0,0.0,0.0,0,34077.0
0,1,22,9,254,269,0,0,1,0,0,0,0,35,0.0,0.0,0.0,0.0,1.0,0.0,0.0,255,255,1.0,0.0,0.0,0.0,0.0,0.0,0.0,0,53936.0
0,1,22,9,250,768,0,0,1,0,0,0,0,1,0.0,0.0,0.0,0.0,1.0,0.0,0.0,255,255,1.0,0.0,0.0,0.0,0.0,0.0,0.0,0,73199.0
0,1,56,5,0,0,0,0,0,0,0,0,0,207,1.0,1.0,0.0,0.0,0.03,0.07,0.0,255,6,0.02,0.07,0.0,0.0,1.0,1.0,0.0,1,76099.0
0,1,3,9,9,36,0,0,1,0,0,0,0,4,0.0,0.0,0.0,0.0,0.25,0.5,0.0,255,17,0.07,0.02,0.0,0.0,0.0,0.0,0.0,0,110790.0
0,1,22,9,306,2321,0,0,1,0,0,0,0,24,0.0,0.0,0.0,0.0,1.0,0.0,0.08,197,255,1.0,0.0,0.01,0.04,0.0,0.0,0.0,0,46612.0
0,1,46,5,0,0,0,0,0,0,0,0,0,265,1.0,1.0,0.0,0.0,0.03,0.07,0.0,255,8,0.03,0.09,0.0,0.0,1.0,1.0,0.0,1,109793.0
0,0,14,9,30,0,0,0,0,0,0,0,0,1,0.0,0.0,0.0,0.0,1.0,0.0,0.0,21,21,1.0,0.0,1.0,0.0,0.0,0.0,0.0,0,103138.0
0,2,11,9,44,129,0,0,0,0,0,0,0,70,0.0,0.0,0.0,0.0,1.0,0.0,0.01,255,255,1.0,0.0,0.0,0.0,0.0,0.0,0.0,0,8098.0
0,1,22,9,267,10735,0,0,1,0,0,0,0,16,0.0,0.0,0.0,0.0,1.0,0.0,0.1,17,255,1.0,0.0,0.06,0.04,0.0,0.0,0.0,0,72875.0
0,1,19,9,12,0,0,0,1,0,0,0,0,2,0.0,0.0,0.0,0.0,1.0,0.0,0.0,52,58,0.19,0.08,0.19,0.03,0.0,0.0,0.0,0,63662.0
0,1,22,9,164,8083,0,0,1,0,0,0,0,7,0.0,0.0,0.0,0.0,1.0,0.0,0.0,255,255,1.0,0.0,0.0,0.0,0.0,0.0,0.29,0,6129.0
0,1,46,5,0,0,0,0,0,0,0,0,0,285,1.0,1.0,0.0,0.0,0.02,0.06,0.0,255,2,0.01,0.09,0.0,0.0,1.0,1.0,0.0,1,1495.0
0,1,22,5,0,0,0,0,0,0,0,0,0,10,1.0,1.0,0.0,0.0,0.4,0.4,0.0,172,44,0.26,0.02,0.02,0.0,0.99,1.0,0.0,1,13942.0
0,1,17,5,0,0,0,0,0,0,0,0,0,254,1.0,1.0,0.0,0.0,0.03,0.06,0.0,255,8,0.03,0.07,0.0,0.0,1.0,1.0,0.0,1,41085.0
0,1,46,4,0,0,0,0,0,0,0,0,0,1,0.0,0.0,1.0,1.0,1.0,0.0,0.0,196,1,0.01,0.5,0.5,0.0,0.0,0.0,1.0,1,3401.0
0,1,46,5,0,0,0,0,0,0,0,0,0,109,1.0,1.0,0.0,0.0,0.05,0.06,0.0,255,16,0.06,0.06,0.0,0.0,1.0,1.0,0.0,1,85927.0
0,1,22,9,332,893,0,0,1,0,0,0,0,14,0.0,0.0,0.0,0.0,1.0,0.0,0.14,255,255,1.0,0.0,0.0,0.0,0.0,0.0,0.0,0,23540.0
0,1,37,5,0,0,0,0,0,0,0,0,0,236,1.0,1.0,0.0,0.0,0.06,0.05,0.0,255,13,0.05,0.05,0.0,0.0,1.0,1.0,0.0,1,31049.0
0,1,22,9,295,288,0,0,1,0,0,0,0,4,0.0,0.0,0.0,0.0,1.0,0.0,0.0,20,255,1.0,0.0,0.05,0.03,0.0,0.0,0.0,0,21546.0
0,2,11,9,43,75,0,0,0,0,0,0,0,144,0.0,0.0,0.0,0.0,1.0,0.0,0.02,255,230,0.9,0.01,0.0,0.0,0.0,0.0,0.0,0,124330.0
0,2,11,9,44,127,0,0,0,0,0,0,0,59,0.0,0.0,0.0,0.0,1.0,0.0,0.02,255,254,1.0,0.01,0.0,0.0,0.0,0.0,0.0,0,62055.0
0,1,22,9,302,5293,0,0,1,0,0,0,0,17,0.0,0.0,0.0,0.0,1.0,0.0,0.0,37,255,1.0,0.0,0.03,0.02,0.0,0.0,0.0,0,82311.0
0,1,17,9,7,225,0,0,0,0,0,0,0,1,0.0,0.0,0.0,0.0,1.0,0.0,0.0,75,13,0.07,0.07,0.01,0.15,0.04,0.15,0.0,0,15985.0
0,1,5,5,0,0,0,0,0,0,0,0,0,114,1.0,1.0,0.0,0.0,0.05,0.07,0.0,255,6,0.02,0.07,0.0,0.0,1.0,1.0,0.0,1,49162.0
0,1,46,5,0,0,0,0,0,0,0,0,0,209,1.0,1.0,0.0,0.0,0.12,0.05,0.0,255,25,0.1,0.05,0.0,0.0,1.0,1.0,0.0,1,11296.0
0,1,46,5,0,0,0,0,0,0,0,0,0,67,1.0,1.0,0.0,0.0,0.01,0.09,0.0,255,4,0.02,0.08,0.0,0.0,1.0,1.0,0.0,1,46302.0
0,1,19,9,5558,0,0,0,1,0,0,0,0,12,0.0,0.0,0.0,0.0,1.0,0.0,0.0,255,103,0.4,0.02,0.4,0.0,0.0,0.0,0.0,0,101742.0
0,1,22,9,251,327,0,0,1,0,0,0,0,1,0.0,0.0,0.0,0.0,1.0,0.0,0.67,3,255,1.0,0.0,0.33,0.01,0.0,0.01,0.0,0,9151.0
0,1,46,1,0,0,0,0,0,0,0,0,0,290,0.07,0.0,0.88,1.0,0.0,1.0,0.0,255,1,0.0,1.0,0.0,0.0,0.08,0.0,1.0,1,27796.0
0,1,22,9,279,2141,0,0,1,0,0,0,0,12,0.0,0.0,0.0,0.0,1.0,0.0,0.0,35,255,1.0,0.0,0.03,0.03,0.0,0.0,0.0,0,26045.0
0,2,41,9,516,4,0,0,0,0,0,0,0,355,0.0,0.0,0.0,0.0,1.0,0.0,0.0,255,255,1.0,0.0,1.0,0.0,0.0,0.0,0.0,0,11217.0
0,2,46,9,105,146,0,0,0,0,0,0,0,7,0.0,0.0,0.0,0.0,0.14,0.29,0.0,255,229,0.9,0.01,0.01,0.0,0.0,0.0,0.0,0,108698.0
0,1,46,5,0,0,0,0,0,0,0,0,0,123,1.0,1.0,0.0,0.0,0.1,0.07,0.0,255,5,0.02,0.06,0.0,0.0,1.0,1.0,0.0,1,63800.0
0,1,46,1,0,0,0,0,0,0,0,0,0,139,0.0,0.0,1.0,1.0,0.06,0.06,0.0,64,9,0.14,0.09,0.02,0.0,0.0,0.0,1.0,1,114587.0
0,1,19,9,9198,0,0,0,1,0,0,0,0,5,0.0,0.0,0.0,0.0,1.0,0.0,0.0,24,15,0.62,0.12,0.62,0.0,0.0,0.0,0.0,0,68588.0
0,2,11,9,46,131,0,0,0,0,0,0,0,71,0.0,0.0,0.0,0.0,0.99,0.03,0.01,255,240,0.94,0.01,0.0,0.0,0.0,0.0,0.0,0,79686.0
0,1,46,5,0,0,0,0,0,0,0,0,0,192,1.0,1.0,0.0,0.0,0.03,0.06,0.0,255,6,0.02,0.05,0.0,0.0,1.0,1.0,0.0,1,95784.0
0,1,5,5,0,0,0,0,0,0,0,0,0,147,1.0,1.0,0.0,0.0,0.12,0.05,0.0,255,18,0.07,0.05,0.0,0.0,1.0,1.0,0.0,1,102604.0
0,1,22,9,389,9062,0,0,1,0,0,0,0,6,0.0,0.0,0.0,0.0,1.0,0.0,0.0,255,255,1.0,0.0,0.0,0.0,0.0,0.0,0.0,0,102826.0
0,1,36,5,0,0,0,0,0,0,0,0,0,259,1.0,1.0,0.0,0.0,0.03,0.05,0.0,255,14,0.05,0.07,0.0,0.0,1.0,1.0,0.0,1,26069.0
0,1,46,5,0,0,0,0,0,0,0,0,0,110,1.0,1.0,0.0,0.0,0.08,0.07,0.0,255,9,0.04,0.07,0.0,0.0,1.0,1.0,0.0,1,10603.0
1,1,44,9,35,130,0,0,1,0,0,0,0,1,0.0,0.0,0.0,0.0,1.0,0.0,0.0,47,3,0.04,0.09,0.02,0.67,0.0,0.0,0.0,0,8000.0
0,1,32,5,0,0,0,0,0,0,0,0,0,99,1.0,1.0,0.0,0.0,0.01,0.07,0.0,255,1,0.0,0.08,0.0,0.0,1.0,1.0,0.0,1,123814.0
0,1,22,9,280,327,0,0,1,0,0,0,0,4,0.0,0.0,0.0,0.0,1.0,0.0,0.33,31,255,1.0,0.0,0.03,0.04,0.0,0.0,0.0,0,121290.0
0,1,22,6,200,16060,0,0,1,0,0,0,0,3,0.33,0.11,0.0,0.0,1.0,0.0,0.22,16,216,1.0,0.0,0.06,0.02,0.06,0.01,0.27,0,77303.0
0,1,19,9,8325,0,0,0,1,0,0,0,0,19,0.0,0.0,0.0,0.0,1.0,0.0,0.0,114,111,0.58,0.04,0.59,0.02,0.0,0.0,0.0,0,56402.0
0,1,22,9,236,15777,0,0,1,0,0,0,0,1,0.0,0.0,0.0,0.0,1.0,0.0,0.18,1,255,1.0,0.0,1.0,0.05,0.0,0.0,0.0,0,5620.0
0,1,63,5,0,0,0,0,0,0,0,0,0,128,1.0,1.0,0.0,0.0,0.02,0.07,0.0,255,3,0.01,0.06,0.0,0.0,1.0,1.0,0.0,1,44293.0
0,1,51,9,1351,528,0,0,1,0,0,0,0,1,0.0,0.0,0.0,0.0,1.0,0.0,1.0,255,35,0.14,0.02,0.0,0.0,0.0,0.0,0.0,0,93891.0
0,0,14,9,520,0,0,0,0,0,0,0,0,417,0.0,0.0,0.0,0.0,1.0,0.0,0.0,255,255,1.0,0.0,1.0,0.0,0.0,0.0,0.0,1,18121.0
0,1,19,9,192,0,0,0,0,0,0,0,0,2,0.0,0.0,0.0,0.0,1.0,0.0,0.0,31,46,0.9,0.06,0.9,0.04,0.0,0.0,0.0,0,66715.0
0,1,22,9,225,3261,0,0,1,0,0,0,0,5,0.0,0.0,0.0,0.0,1.0,0.0,0.2,24,255,1.0,0.0,0.04,0.04,0.0,0.0,0.0,0,7897.0
0,1,22,9,296,1511,0,0,1,0,0,0,0,4,0.0,0.0,0.0,0.0,1.0,0.0,0.0,255,255,1.0,0.0,0.0,0.0,0.0,0.0,0.0,0,2283.0
0,1,63,2,0,0,0,0,0,0,0,0,0,118,0.0,0.0,1.0,1.0,0.04,0.07,0.0,255,5,0.02,0.08,0.0,0.0,0.0,0.0,1.0,1,79612.0
0,1,22,9,185,7129,0,0,1,0,0,0,0,4,0.0,0.0,0.0,0.0,1.0,0.0,0.0,255,246,0.96,0.01,0.0,0.0,0.0,0.0,0.0,0,24814.0
0,1,51,9,917,337,0,0,1,0,0,0,0,1,0.0,0.0,0.0,0.0,1.0,0.0,0.0,98,144,0.67,0.05,0.01,0.01,0.0,0.0,0.0,0,79154.0
0,1,18,5,0,0,0,0,0,0,0,0,0,243,1.0,1.0,0.0,0.0,0.02,0.07,0.0,255,9,0.04,0.07,0.0,0.0,1.0,1.0,0.0,1,109442.0
0,2,46,9,1,0,0,0,0,0,0,0,0,11,0.0,0.0,0.0,0.0,0.64,0.18,0.0,255,7,0.03,0.85,0.16,0.0,0.03,0.0,0.0,1,24956.0
0,1,22,5,0,0,0,0,0,0,0,0,0,44,1.0,1.0,0.0,0.0,0.32,0.09,0.0,255,46,0.18,0.05,0.01,0.0,1.0,1.0,0.0,1,111553.0
2,1,19,9,2194619,0,0,0,1,0,0,0,0,2,0.0,0.0,0.0,0.0,1.0,0.0,0.0,40,62,0.57,0.08,0.57,0.03,0.0,0.0,0.0,0,29381.0
0,1,35,5,0,0,0,0,0,0,0,0,0,97,1.0,1.0,0.0,0.0,0.18,0.05,0.0,255,5,0.02,0.07,0.0,0.0,1.0,1.0,0.0,1,121671.0
0,2,11,9,45,45,0,0,0,0,0,0,0,209,0.0,0.0,0.0,0.0,1.0,0.0,0.0,255,255,1.0,0.0,0.0,0.0,0.0,0.0,0.0,0,47854.0
1,1,51,9,6519,322,0,0,1,0,0,0,0,1,0.0,0.0,0.0,0.0,1.0,0.0,1.0,32,141,0.62,0.06,0.03,0.02,0.0,0.0,0.0,0,88023.0
0,1,51,9,11460,1552,0,0,1,0,0,0,0,1,0.0,0.0,0.0,0.0,1.0,0.0,0.0,255,41,0.16,0.02,0.0,0.0,0.78,0.0,0.0,0,58801.0
0,1,41,1,0,0,0,0,0,0,0,0,0,314,0.1,0.0,0.89,1.0,0.0,1.0,0.0,255,1,0.0,1.0,0.0,0.0,0.09,0.0,1.0,1,84850.0
0,1,22,9,489,5848,0,0,1,0,0,0,0,4,0.0,0.0,0.0,0.0,1.0,0.0,0.17,255,255,1.0,0.0,0.0,0.0,0.0,0.0,0.0,0,89045.0
0,2,46,9,1,0,0,0,0,0,0,0,0,105,0.0,0.0,0.0,0.0,0.65,0.06,0.0,255,128,0.5,0.06,1.0,0.0,0.0,0.0,0.0,1,100431.0
0,1,22,9,223,3616,0,0,1,0,0,0,0,5,0.2,0.12,0.0,0.0,1.0,0.0,0.25,97,231,1.0,0.0,0.01,0.04,0.0,0.0,0.0,0,8853.0
0,1,22,9,330,4509,0,0,1,0,0,0,0,4,0.0,0.0,0.0,0.0,1.0,0.0,0.29,4,255,1.0,0.0,0.25,0.03,0.0,0.0,0.0,0,14307.0
0,1,22,9,324,1148,0,0,1,0,0,0,0,3,0.0,0.0,0.0,0.0,1.0,0.0,0.0,3,255,1.0,0.0,0.33,0.05,0.0,0.0,0.0,0,106209.0
0,0,13,9,8,0,0,0,0,0,0,0,0,1,0.0,0.0,0.0,0.0,1.0,0.0,1.0,1,85,1.0,0.0,1.0,0.51,0.0,0.0,0.0,1,41676.0
0,1,22,9,296,589,0,0,1,0,0,0,0,20,0.0,0.0,0.0,0.0,1.0,0.0,0.0,90,255,1.0,0.0,0.01,0.03,0.0,0.0,0.0,0,52160.0
0,1,46,5,0,0,0,0,0,0,0,0,0,259,1.0,1.0,0.0,0.0,0.09,0.05,0.0,255,23,0.09,0.05,0.0,0.0,1.0,1.0,0.0,1,43622.0
0,1,22,9,332,11403,0,0,1,0,0,0,0,6,0.0,0.0,0.0,0.0,1.0,0.0,0.0,76,255,1.0,0.0,0.01,0.05,0.0,0.0,0.0,0,91446.0
8954,1,57,9,394,54636,0,0,1,102,2,119,3,1,0.0,0.0,0.0,0.0,1.0,0.0,0.0,255,97,0.38,0.01,0.0,0.0,0.64,0.82,0.0,0,68663.0
0,1,22,9,213,6593,0,0,1,0,0,0,0,8,0.0,0.0,0.0,0.0,1.0,0.0,0.0,8,255,1.0,0.0,0.12,0.02,0.0,0.0,0.0,0,14239.0
0,1,22,9,209,1296,0,0,1,0,0,0,0,4,0.25,0.33,0.0,0.0,1.0,0.0,0.33,4,255,1.0,0.0,0.25,0.03,0.25,0.01,0.0,0,14848.0
2,1,18,9,1254,2451,0,28,1,0,0,0,0,1,0.0,0.0,0.0,0.0,1.0,0.0,0.0,255,134,0.53,0.02,0.0,0.0,0.0,0.0,0.0,0,15953.0
0,1,17,5,0,0,0,0,0,0,0,0,0,30,0.93,1.0,0.07,0.0,0.27,0.13,0.0,255,8,0.03,0.06,0.01,0.0,1.0,1.0,0.0,1,3513.0
0,1,46,5,0,0,0,0,0,0,0,0,0,180,1.0,1.0,0.0,0.0,0.11,0.06,0.0,255,5,0.02,0.08,0.0,0.0,1.0,1.0,0.0,1,38070.0
0,1,22,1,0,0,0,0,0,0,0,0,0,1,0.0,0.0,1.0,1.0,1.0,0.0,0.0,3,255,1.0,0.0,0.33,0.22,0.0,0.0,0.92,0,56444.0
0,1,46,1,0,0,0,0,0,0,0,0,0,173,0.0,0.0,1.0,1.0,0.06,0.07,0.0,255,10,0.04,0.08,0.0,0.0,0.0,0.0,1.0,1,65305.0
0,2,11,9,41,73,0,0,0,0,0,0,0,183,0.0,0.0,0.0,0.0,1.0,0.0,0.0,255,229,0.9,0.01,0.0,0.0,0.0,0.0,0.0,0,14240.0
0,0,13,9,8,0,0,0,0,0,0,0,0,1,0.0,0.0,0.0,0.0,1.0,0.0,1.0,3,131,1.0,0.0,1.0,0.25,0.0,0.0,0.0,1,55158.0
0,1,46,5,0,0,0,0,0,0,0,0,0,138,1.0,1.0,0.0,0.0,0.09,0.06,0.0,255,10,0.04,0.06,0.0,0.0,1.0,1.0,0.0,1,76627.0
0,1,8,5,0,0,0,0,0,0,0,0,0,147,1.0,1.0,0.0,0.0,0.11,0.07,0.0,255,16,0.06,0.07,0.0,0.0,1.0,1.0,0.0,1,4699.0
0,1,46,5,0,0,0,0,0,0,0,0,0,74,1.0,1.0,0.0,0.0,0.3,0.07,0.0,255,22,0.09,0.05,0.0,0.0,1.0,1.0,0.0,1,7441.0
0,1,46,4,0,0,0,0,0,0,0,0,0,1,0.0,0.0,1.0,1.0,1.0,0.0,0.0,255,1,0.0,0.66,0.66,0.0,0.0,0.0,1.0,1,50656.0
0,0,13,9,8,0,0,0,0,0,0,0,0,1,0.0,0.0,0.0,0.0,1.0,0.0,1.0,1,27,1.0,0.0,1.0,0.52,0.0,0.0,0.0,1,50552.0
0,1,22,9,322,804,0,0,1,0,0,0,0,5,0.0,0.0,0.0,0.0,1.0,0.0,0.0,255,255,1.0,0.0,0.0,0.0,0.0,0.0,0.0,0,57964.0
0,0,14,9,1032,0,0,0,0,0,0,0,0,511,0.0,0.0,0.0,0.0,1.0,0.0,0.0,255,66,0.26,0.02,0.26,0.0,0.02,0.0,0.0,1,44305.0
0,1,12,2,0,0,0,0,0,0,0,0,0,262,0.0,0.0,1.0,1.0,0.07,0.06,0.0,255,18,0.07,0.07,0.0,0.0,0.0,0.0,1.0,1,31627.0
0,1,22,9,286,5336,0,0,1,0,0,0,0,1,0.0,0.0,0.0,0.0,1.0,0.0,0.6,255,255,1.0,0.0,0.0,0.0,0.01,0.01,0.0,0,117615.0
17,1,41,4,0,0,0,0,0,0,0,0,0,1,0.0,0.0,1.0,1.0,1.0,0.0,0.0,255,1,0.0,1.0,1.0,0.0,0.0,0.0,1.0,1,55822.0
0,1,46,5,0,0,0,0,0,0,0,0,0,230,1.0,1.0,0.0,0.0,0.08,0.06,0.0,255,15,0.06,0.06,0.0,0.0,1.0,1.0,0.0,1,91555.0
0,1,39,5,0,0,0,0,0,0,0,0,0,105,1.0,1.0,0.0,0.0,0.03,0.08,0.0,255,3,0.01,0.08,0.0,0.0,1.0,1.0,0.0,1,10785.0
1540,2,41,9,147,105,0,0,0,0,0,0,0,1,0.0,0.0,0.0,0.0,1.0,0.0,0.0,255,2,0.01,0.53,0.87,0.0,0.0,0.0,0.0,0,7495.0
0,1,7,5,0,0,0,0,0,0,0,0,0,127,1.0,1.0,0.0,0.0,0.14,0.06,0.0,255,17,0.07,0.06,0.0,0.0,1.0,1.0,0.0,1,82662.0
0,1,22,9,255,753,0,0,1,0,0,0,0,12,0.0,0.0,0.0,0.0,1.0,0.0,0.0,211,255,1.0,0.0,0.0,0.01,0.0,0.0,0.0,0,100307.0
0,1,22,9,257,8930,0,0,1,0,0,0,0,1,0.0,0.0,0.0,0.0,1.0,0.0,0.0,211,255,1.0,0.0,0.0,0.02,0.0,0.0,0.0,0,66086.0
0,1,60,5,0,0,0,0,0,0,0,0,0,149,1.0,1.0,0.0,0.0,0.13,0.05,0.0,255,3,0.01,0.07,0.0,0.0,1.0,1.0,0.0,1,51087.0
0,1,22,9,329,6148,0,0,1,0,0,0,0,15,0.0,0.0,0.0,0.0,1.0,0.0,0.0,15,255,1.0,0.0,0.07,0.05,0.0,0.0,0.0,0,24113.0
0,1,63,5,0,0,0,0,0,0,0,0,0,116,1.0,1.0,0.0,0.0,0.01,0.07,0.0,255,17,0.07,0.07,0.0,0.0,1.0,1.0,0.0,1,58019.0
0,1,46,5,0,0,0,0,0,0,0,0,0,116,1.0,1.0,0.0,0.0,0.04,0.06,0.0,194,8,0.04,0.09,0.01,0.0,1.0,1.0,0.0,1,32504.0
0,1,22,9,164,19085,0,0,1,0,0,0,0,1,0.0,0.0,0.0,0.0,1.0,0.0,0.0,255,255,1.0,0.0,0.0,0.0,0.0,0.0,0.0,0,43605.0
0,1,2,5,0,0,0,0,0,0,0,0,0,253,1.0,1.0,0.0,0.0,0.09,0.05,0.0,255,22,0.09,0.05,0.0,0.0,1.0,1.0,0.0,1,32635.0
5,1,51,9,663,328,0,0,1,0,0,0,0,1,0.0,0.0,0.0,0.0,1.0,0.0,0.0,251,138,0.55,0.02,0.0,0.0,0.0,0.0,0.0,0,66839.0
0,1,46,5,0,0,0,0,0,0,0,0,0,181,0.99,1.0,0.0,0.0,0.02,0.07,0.0,255,18,0.07,0.07,0.0,0.0,1.0,1.0,0.0,1,69533.0
0,1,19,5,0,0,0,0,0,0,0,0,0,10,1.0,1.0,0.0,0.0,0.1,0.4,0.0,255,64,0.25,0.02,0.01,0.0,1.0,1.0,0.0,1,20891.0
0,1,22,9,317,1617,0,0,1,0,0,0,0,15,0.0,0.0,0.0,0.0,1.0,0.0,0.0,255,255,1.0,0.0,0.0,0.0,0.0,0.0,0.0,0,98860.0
0,1,63,5,0,0,0,0,0,0,0,0,0,147,1.0,1.0,0.0,0.0,0.12,0.06,0.0,255,17,0.07,0.07,0.0,0.0,1.0,1.0,0.0,1,119493.0
0,1,46,5,0,0,0,0,0,0,0,0,0,181,1.0,1.0,0.0,0.0,0.04,0.05,0.0,122,8,0.07,0.08,0.01,0.0,0.89,1.0,0.0,1,114382.0
0,1,22,9,238,542,0,0,1,0,0,0,0,13,0.0,0.0,0.0,0.0,1.0,0.0,0.0,27,255,1.0,0.0,0.04,0.07,0.0,0.0,0.0,0,66891.0
0,1,56,5,0,0,0,0,0,0,0,0,0,293,1.0,1.0,0.0,0.0,0.06,0.05,0.0,255,6,0.02,0.07,0.0,0.0,1.0,1.0,0.0,1,14662.0
4,1,51,9,1157,333,0,0,1,0,0,0,0,1,0.0,0.0,0.0,0.0,1.0,0.0,1.0,143,193,0.8,0.02,0.01,0.01,0.0,0.0,0.0,0,18421.0
0,1,46,5,0,0,0,0,0,0,0,0,0,108,1.0,1.0,0.0,0.0,0.06,0.06,0.0,255,1,0.0,0.07,0.0,0.0,1.0,1.0,0.0,1,23285.0
0,1,35,5,0,0,0,0,0,0,0,0,0,251,1.0,1.0,0.0,0.0,0.08,0.06,0.0,255,21,0.08,0.07,0.0,0.0,1.0,1.0,0.0,1,86807.0
2,1,51,9,677,334,0,0,1,0,0,0,0,1,0.0,0.0,0.0,0.0,1.0,0.0,1.0,182,140,0.53,0.02,0.01,0.01,0.0,0.0,0.04,0,41477.0
0,0,62,9,78,0,0,0,0,0,0,0,0,7,0.0,0.0,0.0,0.0,0.14,0.29,0.0,255,18,0.07,0.01,0.07,0.0,0.0,0.0,0.0,0,44746.0
0,1,22,9,251,977,0,0,1,0,0,0,0,19,0.0,0.0,0.0,0.0,1.0,0.0,0.07,255,255,1.0,0.0,0.0,0.0,0.0,0.0,0.0,0,53077.0
0,1,22,9,219,2382,0,0,1,0,0,0,0,5,0.0,0.0,0.0,0.0,1.0,0.0,0.23,51,255,1.0,0.0,0.02,0.02,0.0,0.0,0.0,0,33490.0
0,2,11,9,45,78,0,0,0,0,0,0,0,220,0.0,0.0,0.0,0.0,1.0,0.01,0.01,255,255,1.0,0.0,0.0,0.0,0.0,0.0,0.0,0,34159.0
0,1,22,9,294,10371,0,0,1,0,0,0,0,4,0.0,0.0,0.0,0.0,1.0,0.0,0.0,255,255,1.0,0.0,0.0,0.0,0.0,0.0,0.0,0,94401.0
0,1,22,9,234,700,0,0,1,0,0,0,0,22,0.0,0.0,0.0,0.0,1.0,0.0,0.0,255,255,1.0,0.0,0.0,0.0,0.0,0.0,0.0,0,115622.0
0,1,5,1,0,0,0,0,0,0,0,0,0,111,0.0,0.0,1.0,1.0,0.1,0.06,0.0,255,11,0.04,0.05,0.0,0.0,0.0,0.0,1.0,1,99043.0
0,1,22,9,261,1691,0,0,1,0,0,0,0,1,0.0,0.0,0.0,0.0,1.0,0.0,0.0,1,255,1.0,0.0,1.0,0.02,0.0,0.0,0.0,0,111928.0
0,1,46,5,0,0,0,0,0,0,0,0,0,222,1.0,1.0,0.0,0.0,0.02,0.06,0.0,255,3,0.01,0.08,0.0,0.0,1.0,1.0,0.0,1,12781.0
0,2,11,9,34,34,0,0,0,0,0,0,0,1,0.0,0.0,0.0,0.0,1.0,0.0,1.0,41,37,0.9,0.05,0.02,0.0,0.0,0.0,0.0,0,46720.0
0,1,57,5,0,0,0,0,0,0,0,0,0,33,1.0,1.0,0.0,0.0,0.21,0.12,0.0,255,63,0.25,0.02,0.01,0.0,1.0,1.0,0.0,1,37326.0
0,1,19,9,12324,0,0,0,0,0,0,0,0,1,0.0,0.0,0.0,0.0,1.0,0.0,1.0,83,75,0.28,0.05,0.28,0.04,0.0,0.0,0.0,0,40633.0
0,1,22,9,238,2174,0,0,1,0,0,0,0,9,0.0,0.0,0.0,0.0,1.0,0.0,0.18,111,255,1.0,0.0,0.01,0.03,0.0,0.0,0.0,0,47534.0
0,0,14,9,1032,0,0,0,0,0,0,0,0,231,0.0,0.0,0.0,0.0,1.0,0.0,0.0,255,2,0.01,0.26,0.01,0.0,0.0,0.0,0.0,1,20686.0
0,0,14,9,1032,0,0,0,0,0,0,0,0,511,0.0,0.0,0.0,0.0,1.0,0.0,0.0,255,19,0.07,0.15,0.07,0.0,0.15,0.0,0.0,1,39167.0
0,1,51,9,1375,332,0,0,1,0,0,0,0,1,0.0,0.0,0.0,0.0,1.0,0.0,0.0,88,142,0.53,0.06,0.01,0.01,0.0,0.0,0.0,0,13076.0
0,1,19,9,1699,0,0,0,1,0,0,0,0,10,0.0,0.0,0.0,0.0,1.0,0.0,0.0,255,38,0.15,0.05,0.15,0.0,0.43,0.0,0.0,0,7294.0
0,1,22,9,342,4137,0,0,1,0,0,0,0,6,0.0,0.0,0.0,0.0,1.0,0.0,0.0,255,255,1.0,0.0,0.0,0.0,0.0,0.0,0.0,0,114614.0
10349,2,41,9,145,105,0,0,0,0,0,0,0,1,0.0,0.0,0.0,0.0,1.0,0.0,0.0,255,1,0.0,0.62,0.96,0.0,0.0,0.0,0.0,0,23017.0
0,1,46,1,0,0,0,0,0,0,0,0,0,263,0.0,0.0,1.0,1.0,0.02,0.06,0.0,255,5,0.02,0.06,0.0,0.0,0.0,0.0,1.0,1,49062.0
0,1,22,9,294,1701,0,0,1,0,0,0,0,8,0.0,0.0,0.0,0.0,1.0,0.0,0.0,255,255,1.0,0.0,0.0,0.0,0.01,0.01,0.0,0,116381.0
0,1,22,9,299,377,0,0,1,0,0,0,0,9,0.0,0.0,0.0,0.0,1.0,0.0,0.0,36,255,1.0,0.0,0.03,0.04,0.0,0.0,0.0,0,84603.0
0,1,22,9,208,607,0,0,1,0,0,0,0,10,0.0,0.0,0.0,0.0,1.0,0.0,0.0,97,97,1.0,0.0,0.02,0.0,0.01,0.01,0.0,0,112336.0
0,2,11,9,46,136,0,0,0,0,0,0,0,240,0.0,0.0,0.0,0.0,1.0,0.0,0.0,255,252,0.99,0.01,0.0,0.0,0.0,0.0,0.0,0,122579.0
0,1,22,9,290,751,0,0,1,0,0,0,0,14,0.0,0.0,0.0,0.0,1.0,0.0,0.16,255,255,1.0,0.0,0.0,0.0,0.0,0.0,0.0,0,2448.0
2,1,19,9,2194619,0,0,0,0,0,0,0,0,1,0.0,0.0,0.0,0.0,1.0,0.0,0.0,5,29,1.0,0.0,1.0,0.07,0.0,0.0,0.0,0,76030.0
0,1,22,9,217,2226,0,0,1,0,0,0,0,28,0.0,0.0,0.0,0.0,1.0,0.0,0.0,255,255,1.0,0.0,0.0,0.0,0.0,0.0,0.0,0,110850.0
0,1,46,5,0,0,0,0,0,0,0,0,0,212,1.0,1.0,0.0,0.0,0.0,0.07,0.0,255,1,0.0,0.08,0.0,0.0,1.0,1.0,0.0,1,44795.0
0,1,22,9,283,17087,0,0,1,0,0,0,0,18,0.0,0.0,0.0,0.0,1.0,0.0,0.0,18,255,1.0,0.0,0.06,0.06,0.0,0.0,0.0,0,91018.0
0,1,22,9,369,759,0,0,1,0,0,0,0,2,0.5,0.5,0.0,0.0,1.0,0.0,0.0,255,255,1.0,0.0,0.0,0.0,0.0,0.0,0.0,0,51093.0
0,1,3,5,0,0,0,0,0,0,0,0,0,250,1.0,1.0,0.0,0.0,0.02,0.07,0.0,255,6,0.02,0.08,0.0,0.0,1.0,1.0,0.0,1,79992.0
0,1,22,9,219,15128,0,0,1,0,0,0,0,7,0.0,0.0,0.0,0.0,1.0,0.0,0.0,7,255,1.0,0.0,0.14,0.02,0.0,0.0,0.0,0,23441.0
0,2,11,9,45,132,0,0,0,0,0,0,0,166,0.0,0.0,0.0,0.0,0.99,0.01,0.01,255,236,0.93,0.02,0.0,0.0,0.0,0.0,0.0,0,79824.0
0,1,10,5,0,0,0,0,0,0,0,0,0,295,1.0,1.0,0.0,0.0,0.02,0.05,0.0,255,5,0.02,0.07,0.0,0.0,1.0,1.0,0.0,1,9248.0
0,1,22,6,283,14600,0,0,1,0,0,0,0,1,1.0,1.0,0.0,0.0,1.0,0.0,0.0,255,255,1.0,0.0,0.0,0.0,0.0,0.0,0.0,0,113903.0
0,1,21,1,0,0,0,0,0,0,0,0,0,289,0.0,0.0,1.0,1.0,0.05,0.06,0.0,255,15,0.06,0.07,0.0,0.0,0.0,0.0,1.0,1,117264.0
0,1,22,9,321,2792,0,0,1,0,0,0,0,23,0.0,0.0,0.0,0.0,1.0,0.0,0.0,255,255,1.0,0.0,0.0,0.0,0.0,0.0,0.0,0,7826.0
0,1,46,1,0,0,0,0,0,0,0,0,0,2,0.0,0.0,1.0,1.0,0.5,1.0,0.0,255,1,0.0,0.57,0.55,0.0,0.0,0.0,1.0,1,66057.0
0,2,46,9,1,0,0,0,0,0,0,0,0,16,0.0,0.0,0.0,0.0,0.69,0.12,0.0,255,11,0.04,0.15,0.91,0.0,0.0,0.0,0.0,1,61031.0
0,1,19,9,4316,0,0,0,0,0,0,0,0,18,0.0,0.0,0.0,0.0,1.0,0.0,0.0,126,32,0.25,0.03,0.25,0.0,0.0,0.0,0.0,0,11045.0
0,1,22,9,210,392,0,0,1,0,0,0,0,5,0.0,0.0,0.0,0.0,1.0,0.0,0.0,137,255,1.0,0.0,0.01,0.04,0.0,0.0,0.01,0,43554.0
0,1,41,5,0,0,0,0,0,0,0,0,0,382,0.07,1.0,0.9,0.0,0.0,1.0,0.0,255,1,0.0,1.0,0.0,0.0,0.09,1.0,0.0,1,85593.0
0,1,34,5,0,0,0,0,0,0,0,0,0,234,1.0,1.0,0.0,0.0,0.03,0.06,0.0,255,9,0.04,0.07,0.0,0.0,1.0,1.0,0.0,1,12134.0
17,1,22,9,337,453,0,0,1,0,0,0,0,5,0.0,0.0,0.0,0.0,1.0,0.0,0.13,24,255,1.0,0.0,0.04,0.02,0.0,0.0,0.0,0,88362.0
0,1,19,9,373,0,0,0,1,0,0,0,0,1,0.0,0.0,0.0,0.0,1.0,0.0,0.0,188,72,0.29,0.04,0.29,0.03,0.02,0.01,0.0,0,108163.0
0,1,22,9,260,9728,0,0,1,0,0,0,0,1,0.0,0.0,0.0,0.0,1.0,0.0,0.0,6,255,1.0,0.0,0.17,0.07,0.0,0.0,0.0,0,5003.0
0,1,19,9,172,0,0,0,0,0,0,0,0,9,0.0,0.0,0.0,0.0,1.0,0.0,0.0,191,66,0.35,0.03,0.35,0.0,0.0,0.0,0.0,0,41366.0
0,1,41,1,0,0,0,0,0,0,0,0,0,511,0.15,0.0,0.85,1.0,0.0,1.0,0.0,255,1,0.0,1.0,0.0,0.0,0.18,0.0,1.0,1,44626.0
0,1,34,1,0,0,0,0,0,0,0,0,0,239,0.0,0.0,1.0,1.0,0.02,0.07,0.0,255,5,0.02,0.08,0.0,0.0,0.0,0.0,1.0,1,77418.0
0,1,22,9,224,324,0,0,1,0,0,0,0,1,0.0,0.0,0.0,0.0,1.0,0.0,0.0,40,255,1.0,0.0,0.03,0.02,0.0,0.01,0.0,0,106099.0
0,2,11,9,44,76,0,0,0,0,0,0,0,209,0.0,0.0,0.0,0.0,1.0,0.0,0.0,255,254,1.0,0.01,0.0,0.0,0.0,0.0,0.0,0,15287.0
0,1,19,9,245,0,0,0,0,0,0,0,0,2,0.0,0.0,0.0,0.0,1.0,0.0,0.0,61,117,0.84,0.05,0.84,0.02,0.0,0.0,0.0,0,44143.0
0,1,2,5,0,0,0,0,0,0,0,0,0,204,1.0,1.0,0.0,0.0,0.0,0.05,0.0,255,1,0.0,0.05,0.0,0.0,1.0,1.0,0.0,1,9317.0
0,1,17,5,0,0,0,0,0,0,0,0,0,22,1.0,1.0,0.0,0.0,0.36,0.23,0.0,255,9,0.04,0.08,0.0,0.0,1.0,1.0,0.0,1,125828.0
0,2,11,9,43,43,0,0,0,0,0,0,0,169,0.0,0.0,0.0,0.0,1.0,0.0,0.0,255,249,0.98,0.01,0.0,0.0,0.0,0.0,0.0,0,120889.0
0,1,57,5,0,0,0,0,0,0,0,0,0,34,1.0,1.0,0.0,0.0,0.41,0.06,0.0,255,14,0.05,0.07,0.01,0.0,1.0,1.0,0.0,1,15791.0
0,1,22,9,289,2536,0,0,1,0,0,0,0,27,0.0,0.0,0.0,0.0,1.0,0.0,0.0,255,255,1.0,0.0,0.0,0.0,0.0,0.0,0.0,0,22351.0
0,2,11,9,43,74,0,0,0,0,0,0,0,124,0.0,0.0,0.0,0.0,0.99,0.02,0.02,255,254,1.0,0.01,0.0,0.0,0.0,0.0,0.0,0,8472.0
0,1,20,1,0,0,0,0,0,0,0,0,0,130,0.0,0.0,1.0,1.0,0.02,0.09,0.0,255,2,0.01,0.09,0.0,0.0,0.0,0.0,1.0,1,50366.0
0,2,46,9,28,0,3,0,0,0,0,0,0,30,0.0,0.0,0.0,0.0,1.0,0.0,0.0,255,97,0.38,0.01,0.38,0.0,0.0,0.0,0.0,1,31488.0
0,1,22,9,307,3222,0,0,1,0,0,0,0,1,0.0,0.0,0.0,0.0,1.0,0.0,0.0,255,253,0.99,0.01,0.0,0.0,0.0,0.0,0.0,0,82260.0
0,1,22,9,304,1718,0,0,1,0,0,0,0,10,0.0,0.0,0.0,0.0,1.0,0.0,0.0,187,255,1.0,0.0,0.01,0.01,0.0,0.0,0.0,0,62295.0
0,1,57,5,0,0,0,0,0,0,0,0,0,13,1.0,1.0,0.0,0.0,1.0,0.0,0.0,15,15,1.0,0.0,0.07,0.0,0.87,0.87,0.0,1,64962.0
0,1,46,5,0,0,0,0,0,0,0,0,0,103,1.0,1.0,0.0,0.0,0.03,0.06,0.0,255,6,0.02,0.06,0.0,0.0,1.0,1.0,0.0,1,47439.0
0,1,19,9,501760,0,0,0,1,0,0,0,0,1,0.0,0.0,0.0,0.0,1.0,0.0,0.0,239,83,0.35,0.02,0.35,0.0,0.0,0.0,0.0,0,103948.0
0,1,22,9,255,407,0,0,1,0,0,0,0,7,0.0,0.0,0.0,0.0,1.0,0.0,0.2,22,255,1.0,0.0,0.05,0.05,0.0,0.0,0.0,0,49248.0
0,1,46,5,0,0,0,0,0,0,0,0,0,68,1.0,1.0,0.0,0.0,0.04,0.07,0.0,255,15,0.06,0.07,0.0,0.0,1.0,1.0,0.0,1,70639.0
1524,2,41,9,146,105,0,0,0,0,0,0,0,1,0.0,0.0,0.0,0.0,1.0,0.0,0.0,255,1,0.0,0.54,0.81,0.0,0.0,0.0,0.0,0,80669.0
0,1,22,9,194,2761,0,0,1,0,0,0,0,9,0.0,0.0,0.0,0.0,1.0,0.0,0.0,25,255,1.0,0.0,0.04,0.04,0.0,0.0,0.0,0,34085.0
0,1,22,9,322,1721,0,0,1,0,0,0,0,8,0.0,0.0,0.0,0.0,1.0,0.0,0.06,255,255,1.0,0.0,0.0,0.0,0.0,0.0,0.0,0,123335.0
9,1,51,9,895,339,0,0,1,0,0,0,0,1,0.0,0.0,0.0,0.0,1.0,0.0,1.0,143,80,0.08,0.5,0.01,0.03,0.0,0.0,0.0,0,57360.0
0,2,11,9,79,44,0,0,0,0,0,0,0,107,0.0,0.0,0.0,0.0,1.0,0.0,0.0,255,166,0.65,0.01,0.17,0.0,0.0,0.0,0.0,0,17759.0
0,1,19,9,567,0,0,0,0,0,0,0,0,1,0.0,0.0,0.0,0.0,1.0,0.0,0.0,72,49,0.01,0.08,0.01,0.04,0.0,0.0,0.0,0,87853.0
0,1,22,1,0,0,0,0,0,0,0,0,0,1,0.0,0.0,1.0,1.0,1.0,0.0,0.0,47,254,1.0,0.0,0.02,0.14,0.0,0.0,1.0,0,52408.0
34,1,57,9,127,11466,0,0,1,1,0,0,0,1,0.0,0.0,0.0,0.0,1.0,0.0,0.0,183,2,0.01,0.04,0.01,0.0,0.01,0.0,0.0,0,77961.0
0,1,4,5,0,0,0,0,0,0,0,0,0,268,1.0,1.0,0.0,0.0,0.02,0.05,0.0,255,5,0.02,0.05,0.0,0.0,1.0,1.0,0.0,1,71341.0
0,1,56,1,0,0,0,0,0,0,0,0,0,204,0.0,0.0,1.0,1.0,0.01,0.07,0.0,255,2,0.01,0.08,0.0,0.0,0.0,0.0,1.0,1,14658.0
0,1,22,9,211,14146,0,0,1,0,0,0,0,10,0.0,0.0,0.0,0.0,1.0,0.0,0.0,10,255,1.0,0.0,0.1,0.09,0.0,0.0,0.0,0,52865.0
0,1,24,5,0,0,0,0,0,0,0,0,0,2,1.0,1.0,0.0,0.0,0.5,1.0,0.0,255,11,0.04,0.09,0.0,0.0,1.0,1.0,0.0,1,61498.0
0,1,22,9,274,3690,0,0,1,0,0,0,0,19,0.0,0.0,0.0,0.0,1.0,0.0,0.0,19,119,1.0,0.0,0.05,0.03,0.0,0.03,0.0,0,59002.0
1,1,51,9,1663,336,0,0,1,0,0,0,0,1,0.0,0.0,0.0,0.0,1.0,0.0,1.0,59,168,0.85,0.05,0.02,0.01,0.0,0.0,0.0,0,9901.0
0,1,17,5,0,0,0,0,0,0,0,0,0,259,1.0,1.0,0.0,0.0,0.02,0.05,0.0,255,5,0.02,0.05,0.0,0.0,1.0,1.0,0.0,1,123586.0
0,1,22,9,291,7740,0,0,1,0,0,0,0,4,0.0,0.0,0.0,0.0,1.0,0.0,0.0,15,255,1.0,0.0,0.07,0.08,0.0,0.0,0.0,0,81724.0
0,0,13,9,8,0,0,0,0,0,0,0,0,1,0.0,0.0,0.0,0.0,1.0,0.0,1.0,1,43,1.0,0.0,1.0,0.51,0.0,0.0,0.0,1,34099.0
0,1,46,1,0,0,0,0,0,0,0,0,0,194,0.0,0.0,0.99,1.0,0.09,0.07,0.0,255,18,0.07,0.07,0.0,0.0,0.0,0.0,1.0,1,113785.0
0,1,27,5,0,0,0,0,0,0,0,0,0,103,1.0,1.0,0.0,0.0,0.2,0.05,0.0,255,21,0.08,0.05,0.0,0.0,1.0,1.0,0.0,1,75430.0
0,1,22,9,321,2333,0,0,1,0,0,0,0,7,0.0,0.0,0.0,0.0,1.0,0.0,0.0,27,255,1.0,0.0,0.04,0.08,0.0,0.0,0.0,0,12775.0
0,1,44,9,38,130,0,0,1,0,0,0,0,1,0.0,0.0,0.0,0.0,1.0,0.0,0.0,80,9,0.04,0.08,0.01,0.22,0.03,0.0,0.0,0,93488.0
0,1,22,9,310,294,0,0,1,0,0,0,0,11,0.0,0.0,0.0,0.0,1.0,0.0,0.0,255,255,1.0,0.0,0.0,0.0,0.0,0.0,0.0,0,111557.0
0,1,17,2,0,0,0,0,0,0,0,0,0,1,0.0,0.0,1.0,1.0,1.0,0.0,0.0,191,10,0.04,0.02,0.01,0.2,0.0,0.0,0.1,0,101622.0
2,1,19,9,2194619,0,0,0,1,0,0,0,0,3,0.0,0.0,0.0,0.0,0.67,0.67,0.0,89,141,0.56,0.04,0.56,0.01,0.0,0.0,0.0,0,83242.0
0,0,13,9,8,0,0,0,0,0,0,0,0,1,0.0,0.0,0.0,0.0,1.0,0.0,1.0,2,82,1.0,0.0,1.0,0.5,0.0,0.0,0.0,1,112520.0
0,1,22,9,213,2438,0,0,1,0,0,0,0,12,0.0,0.0,0.0,0.0,1.0,0.0,0.14,44,255,1.0,0.0,0.02,0.06,0.0,0.0,0.0,0,119817.0
13,1,57,9,141,2851,0,0,1,0,0,0,0,1,0.0,0.0,0.0,0.0,1.0,0.0,0.0,1,6,1.0,0.0,1.0,1.0,0.0,0.0,0.0,0,37641.0
0,1,22,9,357,1266,0,0,1,0,0,0,0,2,0.0,0.0,0.0,0.0,1.0,0.0,0.0,100,255,1.0,0.0,0.01,0.02,0.0,0.0,0.0,0,54879.0
0,1,46,5,0,0,0,0,0,0,0,0,0,129,1.0,1.0,0.0,0.0,0.11,0.06,0.0,255,8,0.03,0.07,0.0,0.0,1.0,1.0,0.0,1,62317.0
0,1,19,9,567,0,0,0,1,0,0,6,0,1,0.0,0.0,0.0,0.0,1.0,0.0,1.0,1,21,1.0,0.0,1.0,0.1,0.0,0.0,0.0,0,111318.0
0,1,46,5,0,0,0,0,0,0,0,0,0,106,1.0,1.0,0.0,0.0,0.07,0.06,0.0,161,7,0.04,0.06,0.01,0.0,1.0,1.0,0.0,1,44214.0
0,1,64,5,0,0,0,0,0,0,0,0,0,230,1.0,1.0,0.0,0.0,0.01,0.06,0.0,255,2,0.01,0.06,0.0,0.0,1.0,1.0,0.0,1,1271.0
0,2,46,9,28,0,3,0,0,0,0,0,0,72,0.0,0.0,0.0,0.0,1.0,0.0,0.0,255,72,0.28,0.02,0.28,0.0,0.0,0.0,0.0,1,46886.0
0,0,13,9,8,0,0,0,0,0,0,0,0,1,0.0,0.0,0.0,0.0,1.0,0.0,1.0,1,95,1.0,0.0,1.0,0.51,0.0,0.0,0.0,1,107763.0
0,1,51,9,929,332,0,0,1,0,0,0,0,1,0.0,0.0,0.0,0.0,1.0,0.0,1.0,98,58,0.59,0.06,0.01,0.0,0.0,0.0,0.0,0,56193.0
0,1,19,9,29,0,0,0,1,0,0,0,0,1,0.0,0.0,0.0,0.0,1.0,0.0,0.0,255,105,0.41,0.03,0.41,0.0,0.0,0.0,0.0,0,66584.0
0,1,22,9,221,8119,0,0,1,0,0,0,0,2,0.0,0.0,0.0,0.0,1.0,0.0,0.0,4,255,1.0,0.0,0.25,0.02,0.0,0.0,0.0,0,71788.0
0,1,51,9,594,325,0,0,1,0,0,0,0,1,0.0,0.0,0.0,0.0,1.0,0.0,0.0,219,118,0.54,0.02,0.0,0.0,0.0,0.0,0.0,0,2858.0
0,1,22,9,184,1650,0,0,1,0,0,0,0,5,0.0,0.0,0.0,0.17,1.0,0.0,0.33,255,248,0.97,0.01,0.0,0.0,0.0,0.0,0.0,0,8637.0
0,1,22,9,338,1158,0,0,1,0,0,0,0,7,0.0,0.0,0.0,0.0,1.0,0.0,0.0,29,255,1.0,0.0,0.03,0.05,0.0,0.0,0.0,0,59386.0
0,1,46,10,0,0,0,0,0,0,0,0,0,1,1.0,1.0,0.0,0.0,1.0,0.0,0.0,128,1,0.01,0.92,0.94,0.0,0.94,1.0,0.0,1,100158.0
0,1,46,4,0,0,0,0,0,0,0,0,0,1,0.0,0.0,1.0,1.0,1.0,0.0,0.0,75,1,0.01,0.37,0.36,0.0,0.08,0.0,1.0,1,37461.0
0,1,22,9,305,307,0,0,1,0,0,0,0,8,0.0,0.0,0.0,0.0,1.0,0.0,0.22,255,255,1.0,0.0,0.0,0.0,0.0,0.0,0.0,0,54149.0
0,1,46,1,0,0,0,0,0,0,0,0,0,261,0.1,0.0,0.9,1.0,0.0,1.0,0.0,255,1,0.0,1.0,0.0,0.0,0.1,0.0,1.0,1,31868.0
0,1,64,5,0,0,0,0,0,0,0,0,0,217,1.0,1.0,0.0,0.0,0.07,0.06,0.0,255,15,0.06,0.07,0.0,0.0,1.0,1.0,0.0,1,74291.0
0,1,46,5,0,0,0,0,0,0,0,0,0,128,1.0,1.0,0.0,0.0,0.07,0.05,0.0,255,13,0.05,0.08,0.0,0.0,1.0,1.0,0.0,1,87979.0
0,1,7,5,0,0,0,0,0,0,0,0,0,199,1.0,1.0,0.0,0.0,0.02,0.06,0.0,255,4,0.02,0.09,0.0,0.0,1.0,1.0,0.0,1,105029.0
0,1,22,9,238,39873,0,0,1,0,0,0,0,3,0.0,0.0,0.0,0.0,1.0,0.0,0.0,3,255,1.0,0.0,0.33,0.03,0.0,0.0,0.0,0,66719.0
0,2,11,9,71,27,0,0,0,0,0,0,0,2,0.0,0.0,0.0,0.0,1.0,0.0,0.67,113,87,0.77,0.03,0.73,0.0,0.0,0.0,0.0,0,43402.0
2474,2,41,9,147,105,0,0,0,0,0,0,0,1,0.0,0.0,0.0,0.0,1.0,0.0,0.0,255,1,0.0,0.69,0.87,0.0,0.0,0.0,0.0,0,45395.0
0,2,11,9,44,44,0,0,0,0,0,0,0,181,0.0,0.0,0.0,0.0,1.0,0.0,0.0,255,255,1.0,0.0,0.0,0.0,0.0,0.0,0.0,0,78565.0
0,1,51,9,1286,327,0,0,1,0,0,0,0,1,0.0,0.0,0.0,0.0,1.0,0.0,0.0,5,1,0.2,0.6,0.2,0.0,0.0,0.0,0.0,0,21478.0
0,1,4,5,0,0,0,0,0,0,0,0,0,84,1.0,1.0,0.0,0.0,0.01,0.07,0.0,255,1,0.0,0.07,0.0,0.0,1.0,1.0,0.0,1,44138.0
0,1,46,5,0,0,0,0,0,0,0,0,0,140,1.0,1.0,0.0,0.0,0.14,0.06,0.0,255,12,0.05,0.07,0.0,0.0,1.0,1.0,0.0,1,63522.0
0,1,22,9,210,13149,0,0,1,0,0,0,0,7,0.0,0.0,0.0,0.0,1.0,0.0,0.06,7,255,1.0,0.0,0.14,0.05,0.0,0.0,0.0,0,93801.0
0,1,22,9,235,361,0,0,1,0,0,0,0,12,0.0,0.0,0.0,0.0,1.0,0.0,0.0,255,255,1.0,0.0,0.0,0.0,0.0,0.0,0.0,0,66168.0
0,1,45,2,0,0,0,0,0,0,0,0,0,129,0.0,0.0,1.0,1.0,0.05,0.06,0.0,255,7,0.03,0.06,0.0,0.0,0.0,0.0,1.0,1,97418.0
0,2,11,9,34,0,0,0,0,0,0,0,0,1,0.0,0.0,0.0,0.0,1.0,0.0,1.0,97,10,0.07,0.06,0.07,0.2,0.0,0.0,0.0,0,103652.0
0,1,46,1,0,0,0,0,0,0,0,0,0,1,0.0,0.0,1.0,1.0,1.0,0.0,0.0,41,2,0.02,1.0,0.02,1.0,0.0,0.0,1.0,1,76530.0
0,1,22,9,234,1200,0,0,1,0,0,0,0,5,0.0,0.0,0.0,0.0,1.0,0.0,0.0,18,66,1.0,0.0,0.06,0.06,0.0,0.0,0.0,0,100179.0
0,2,11,9,46,80,0,0,0,0,0,0,0,161,0.0,0.0,0.0,0.0,1.0,0.0,0.0,255,227,0.89,0.01,0.0,0.0,0.0,0.0,0.0,0,90388.0
0,1,46,1,0,0,0,0,0,0,0,0,0,304,0.03,0.0,0.95,1.0,0.0,1.0,0.0,255,1,0.0,0.97,0.0,0.0,0.04,0.0,1.0,1,28773.0
0,1,41,5,0,0,0,0,0,0,0,0,0,509,0.24,1.0,0.75,0.0,0.0,1.0,0.0,255,1,0.0,1.0,0.0,0.0,0.16,1.0,0.0,1,30523.0
0,1,17,5,0,0,0,0,0,0,0,0,0,59,1.0,1.0,0.0,0.0,0.25,0.07,0.0,255,64,0.25,0.02,0.0,0.0,1.0,1.0,0.0,1,113960.0
0,1,46,1,0,0,0,0,0,0,0,0,0,418,0.06,0.0,0.93,1.0,0.0,1.0,0.0,255,1,0.0,1.0,0.0,0.0,0.09,0.0,1.0,1,106007.0
0,1,19,9,748,0,0,0,1,0,0,9,0,1,0.0,0.0,0.0,0.0,1.0,0.0,0.0,116,42,0.13,0.03,0.13,0.07,0.0,0.0,0.0,0,48615.0
0,1,57,5,0,0,0,0,0,0,0,0,0,111,1.0,1.0,0.0,0.0,0.13,0.05,0.0,255,14,0.05,0.07,0.0,0.0,1.0,1.0,0.0,1,13786.0
0,1,19,9,12,0,0,0,1,0,0,0,0,1,0.0,0.0,0.0,0.0,1.0,0.0,0.0,95,102,0.06,0.75,0.05,0.02,0.01,0.0,0.01,0,79915.0
0,2,11,9,46,46,0,0,0,0,0,0,0,13,0.0,0.0,0.0,0.0,1.0,0.0,0.29,255,255,1.0,0.0,0.0,0.0,0.0,0.0,0.0,0,4096.0
4041,1,41,4,1,0,0,0,0,0,0,0,0,2,0.0,0.0,1.0,1.0,1.0,0.0,0.0,255,2,0.01,0.7,1.0,0.0,0.0,0.0,1.0,1,84146.0
0,1,51,9,1295,331,0,0,1,0,0,0,0,1,0.0,0.0,0.0,0.0,1.0,0.0,0.0,93,68,0.66,0.06,0.01,0.03,0.01,0.01,0.0,0,89041.0
0,1,22,5,0,0,0,0,0,0,0,0,0,207,1.0,1.0,0.0,0.0,0.09,0.06,0.0,255,19,0.07,0.06,0.0,0.0,1.0,1.0,0.0,1,53894.0
0,1,39,5,0,0,0,0,0,0,0,0,0,104,1.0,1.0,0.0,0.0,0.13,0.06,0.0,255,11,0.04,0.07,0.0,0.0,1.0,1.0,0.0,1,113210.0
0,1,24,1,0,0,0,0,0,0,0,0,0,1,0.0,0.0,1.0,1.0,1.0,0.0,0.0,255,19,0.07,0.19,0.12,0.0,0.4,0.95,0.05,1,120844.0
0,1,22,9,201,9544,0,0,1,0,0,0,0,1,0.0,0.0,0.0,0.0,1.0,0.0,0.0,102,255,1.0,0.0,0.01,0.02,0.0,0.0,0.0,0,50476.0
0,1,22,9,251,301,0,0,1,0,0,0,0,3,0.0,0.0,0.0,0.0,1.0,0.0,0.29,255,252,0.99,0.01,0.0,0.0,0.0,0.0,0.0,0,110.0
0,0,13,9,8,0,0,0,0,0,0,0,0,1,0.0,0.0,0.0,0.0,1.0,0.0,1.0,2,20,1.0,0.0,1.0,0.5,0.0,0.0,0.0,1,14823.0
0,1,18,5,0,0,0,0,0,0,0,0,0,240,1.0,1.0,0.0,0.0,0.08,0.06,0.0,255,18,0.07,0.07,0.0,0.0,1.0,1.0,0.0,1,56554.0
0,1,46,1,0,0,0,0,0,0,0,0,0,106,0.0,0.0,1.0,1.0,0.11,0.06,0.0,255,10,0.04,0.07,0.0,0.0,0.0,0.0,1.0,1,107626.0
0,1,4,5,0,0,0,0,0,0,0,0,0,284,1.0,1.0,0.0,0.0,0.05,0.05,0.0,255,13,0.05,0.05,0.0,0.0,1.0,1.0,0.0,1,33444.0
0,1,32,5,0,0,0,0,0,0,0,0,0,278,1.0,1.0,0.0,0.0,0.06,0.06,0.0,255,1,0.0,0.07,0.0,0.0,1.0,1.0,0.0,1,81026.0
0,1,44,5,0,0,0,0,0,0,0,0,0,289,1.0,1.0,0.0,0.0,0.07,0.06,0.0,255,18,0.07,0.07,0.0,0.0,1.0,1.0,0.0,1,99044.0
0,1,22,1,0,0,0,0,0,0,0,0,0,1,0.0,0.0,1.0,1.0,1.0,0.0,0.0,10,149,1.0,0.0,0.1,0.03,0.0,0.0,0.39,0,97969.0
10,1,51,9,759,335,0,0,1,0,0,0,0,1,0.0,0.0,0.0,0.0,1.0,0.0,1.0,34,199,1.0,0.0,0.03,0.02,0.0,0.0,0.0,0,55930.0
0,1,22,9,212,1484,0,0,1,0,0,0,0,8,0.0,0.0,0.0,0.0,1.0,0.0,0.22,255,255,1.0,0.0,0.0,0.0,0.0,0.0,0.0,0,73346.0
1,1,17,9,6,0,0,0,0,0,0,0,0,17,0.0,0.0,0.0,0.0,0.18,0.12,0.0,104,7,0.03,0.06,0.01,0.29,0.0,0.0,0.0,1,97517.0
0,0,13,9,8,0,0,0,0,0,0,0,0,1,0.0,0.0,0.0,0.0,1.0,0.0,1.0,4,164,1.0,0.0,1.0,0.25,0.0,0.0,0.0,1,88057.0
0,1,22,9,345,280,0,0,1,0,0,0,0,9,0.0,0.0,0.0,0.0,1.0,0.0,0.0,38,255,1.0,0.0,0.03,0.02,0.0,0.0,0.0,0,50831.0
0,1,66,5,0,0,0,0,0,0,0,0,0,262,1.0,1.0,0.0,0.0,0.07,0.06,0.0,255,19,0.07,0.07,0.0,0.0,1.0,1.0,0.0,1,16375.0
0,1,17,9,10,225,0,0,0,0,0,0,0,1,0.0,0.0,0.0,0.0,1.0,0.0,0.0,30,19,0.1,0.13,0.03,0.11,0.0,0.0,0.0,0,124429.0
0,1,19,5,0,0,0,0,0,0,0,0,0,58,1.0,1.0,0.0,0.0,0.21,0.1,0.0,255,12,0.05,0.09,0.0,0.0,1.0,1.0,0.0,1,10525.0
0,1,22,9,316,1551,0,0,1,0,0,0,0,38,0.0,0.0,0.0,0.0,1.0,0.0,0.08,252,255,1.0,0.0,0.0,0.01,0.0,0.0,0.0,0,105148.0
0,1,46,1,0,0,0,0,0,0,0,0,0,169,0.0,0.0,1.0,1.0,0.09,0.07,0.0,255,15,0.06,0.07,0.0,0.0,0.0,0.0,1.0,1,5226.0
0,2,11,9,45,73,0,0,0,0,0,0,0,234,0.0,0.0,0.0,0.0,1.0,0.0,0.0,255,250,0.98,0.01,0.01,0.0,0.0,0.0,0.0,0,22391.0
0,1,22,9,370,398,0,0,1,0,0,0,0,4,0.0,0.0,0.0,0.0,1.0,0.0,0.0,27,255,1.0,0.0,0.04,0.04,0.0,0.0,0.0,0,9392.0
0,2,11,9,45,128,0,0,0,0,0,0,0,139,0.0,0.0,0.0,0.0,1.0,0.0,0.01,255,255,1.0,0.0,0.0,0.0,0.0,0.0,0.0,0,97672.0
0,1,22,9,315,283,0,0,1,0,0,0,0,5,0.0,0.0,0.0,0.0,1.0,0.0,0.0,15,255,1.0,0.0,0.07,0.04,0.0,0.0,0.0,0,25131.0
0,1,22,9,217,3267,0,0,1,0,0,0,0,14,0.07,0.07,0.0,0.0,1.0,0.0,0.0,255,255,1.0,0.0,0.0,0.0,0.0,0.0,0.0,0,50105.0
0,1,7,5,0,0,0,0,0,0,0,0,0,291,1.0,1.0,0.0,0.0,0.03,0.05,0.0,255,10,0.04,0.08,0.0,0.0,1.0,1.0,0.0,1,64365.0
0,1,46,5,0,0,0,0,0,0,0,0,0,117,1.0,1.0,0.0,0.0,0.03,0.06,0.0,255,3,0.01,0.06,0.0,0.0,1.0,1.0,0.0,1,48278.0
0,1,22,9,333,5369,0,0,1,0,0,0,0,18,0.0,0.0,0.0,0.0,1.0,0.0,0.0,255,255,1.0,0.0,0.0,0.0,0.0,0.0,0.0,0,3843.0
0,2,11,9,44,70,0,0,0,0,0,0,0,17,0.0,0.0,0.0,0.0,1.0,0.0,0.0,255,215,0.84,0.01,0.0,0.0,0.0,0.0,0.0,0,72242.0
10,1,19,9,0,5150180,0,0,0,0,0,0,0,1,0.0,0.0,0.0,0.0,1.0,0.0,0.0,17,17,1.0,0.0,1.0,0.0,0.0,0.0,0.0,0,7040.0
0,2,11,9,43,127,0,0,0,0,0,0,0,219,0.0,0.0,0.0,0.0,1.0,0.0,0.01,255,253,0.99,0.01,0.0,0.0,0.0,0.0,0.0,0,120189.0
0,1,38,5,0,0,0,0,0,0,0,0,0,134,1.0,1.0,0.0,0.0,0.12,0.06,0.0,255,16,0.06,0.07,0.0,0.0,1.0,1.0,0.0,1,118116.0
0,1,10,5,0,0,0,0,0,0,0,0,0,279,1.0,1.0,0.0,0.0,0.02,0.06,0.0,255,7,0.03,0.06,0.0,0.0,1.0,1.0,0.0,1,25270.0
0,2,11,9,44,76,0,0,0,0,0,0,0,248,0.0,0.0,0.0,0.0,1.0,0.0,0.01,255,205,0.8,0.01,0.0,0.0,0.0,0.0,0.0,0,28371.0
0,1,30,5,0,0,0,0,0,0,0,0,0,216,1.0,1.0,0.0,0.0,0.07,0.05,0.0,255,16,0.06,0.06,0.0,0.0,1.0,1.0,0.0,1,33656.0
0,1,37,5,0,0,0,0,0,0,0,0,0,137,1.0,1.0,0.0,0.0,0.12,0.05,0.0,255,15,0.06,0.06,0.0,0.0,1.0,1.0,0.0,1,99939.0
0,1,46,5,0,0,0,0,0,0,0,0,0,136,1.0,1.0,0.0,0.0,0.11,0.06,0.0,192,15,0.08,0.06,0.01,0.0,1.0,1.0,0.0,1,2967.0
0,1,22,9,347,255,0,0,1,0,0,0,0,21,0.0,0.0,0.0,0.0,1.0,0.0,0.0,255,255,1.0,0.0,0.0,0.0,0.0,0.0,0.0,0,14729.0
0,1,41,9,4539,0,0,0,1,0,0,0,0,15,0.07,0.0,0.0,0.0,0.07,0.13,0.0,52,1,0.02,0.1,0.52,0.0,0.02,0.0,0.0,0,84728.0
0,1,22,9,283,1368,0,0,1,0,0,0,0,1,0.0,0.0,0.0,0.0,1.0,0.0,0.0,1,255,1.0,0.0,1.0,0.01,0.0,0.0,0.0,0,5983.0
0,1,46,5,0,0,0,0,0,0,0,0,0,150,1.0,1.0,0.0,0.0,0.1,0.05,0.0,255,8,0.03,0.06,0.0,0.0,1.0,1.0,0.0,1,110482.0
0,0,13,9,8,0,0,0,0,0,0,0,0,1,0.0,0.0,0.0,0.0,1.0,0.0,1.0,3,7,1.0,0.0,1.0,0.29,0.0,0.0,0.0,1,102953.0
0,1,22,1,0,0,0,0,0,0,0,0,0,1,0.0,0.0,1.0,1.0,1.0,0.0,0.0,98,175,1.0,0.0,0.01,0.02,0.0,0.0,0.82,0,90123.0
0,0,14,9,30,0,0,0,0,0,0,0,0,2,0.0,0.0,0.0,0.0,1.0,0.0,0.0,179,179,1.0,0.0,1.0,0.0,0.0,0.0,0.0,0,97535.0
0,2,11,9,45,130,0,0,0,0,0,0,0,223,0.0,0.0,0.0,0.0,1.0,0.01,0.01,225,186,0.83,0.01,0.0,0.0,0.0,0.0,0.0,0,92193.0
0,1,66,5,0,0,0,0,0,0,0,0,0,231,1.0,1.0,0.0,0.0,0.01,0.07,0.0,255,2,0.01,0.08,0.0,0.0,1.0,1.0,0.0,1,58362.0
0,1,31,5,0,0,0,0,0,0,0,0,0,135,1.0,1.0,0.0,0.0,0.15,0.06,0.0,255,20,0.08,0.07,0.0,0.0,1.0,1.0,0.0,1,17929.0
0,1,22,9,238,1471,0,0,1,0,0,0,0,14,0.0,0.0,0.0,0.0,1.0,0.0,0.0,255,255,1.0,0.0,0.01,0.0,0.0,0.0,0.0,0,34857.0
0,1,22,9,227,1098,0,0,1,0,0,0,0,14,0.0,0.0,0.0,0.0,1.0,0.0,0.0,255,255,1.0,0.0,0.0,0.0,0.0,0.0,0.0,0,39815.0
0,1,22,9,208,4080,0,0,1,0,0,0,0,5,0.0,0.0,0.0,0.0,1.0,0.0,0.0,55,255,1.0,0.0,0.02,0.03,0.0,0.0,0.0,0,122690.0
0,1,46,5,0,0,0,0,0,0,0,0,0,254,1.0,1.0,0.0,0.0,0.07,0.07,0.0,255,24,0.09,0.07,0.0,0.0,1.0,1.0,0.0,1,88899.0
0,1,22,1,0,0,0,0,0,0,0,0,0,1,0.0,0.0,1.0,1.0,1.0,0.0,1.0,7,64,1.0,0.0,0.14,0.11,0.0,0.0,1.0,0,74189.0
3,1,51,9,1538,333,0,0,1,0,0,0,0,1,0.0,0.0,0.0,0.0,1.0,0.0,1.0,139,66,0.47,0.04,0.01,0.0,0.0,0.0,0.0,0,97453.0
0,1,46,5,0,0,0,0,0,0,0,0,0,275,1.0,1.0,0.0,0.0,0.05,0.06,0.0,255,11,0.04,0.05,0.0,0.0,1.0,1.0,0.0,1,5145.0
0,1,22,5,0,0,0,0,0,0,0,0,0,206,1.0,0.88,0.0,0.12,0.03,0.06,0.25,255,7,0.03,0.07,0.0,0.0,1.0,1.0,0.0,1,87773.0
0,1,22,9,308,1850,0,0,1,0,0,0,0,10,0.0,0.0,0.0,0.0,1.0,0.0,0.0,44,255,1.0,0.0,0.02,0.05,0.0,0.01,0.0,0,102327.0
0,1,22,9,295,1688,0,0,1,0,0,0,0,2,0.0,0.0,0.0,0.0,1.0,0.0,0.0,255,255,1.0,0.0,0.0,0.0,0.0,0.0,0.0,0,109228.0
0,0,14,9,1032,0,0,0,0,0,0,0,0,509,0.0,0.0,0.0,0.0,1.0,0.0,0.0,255,240,0.94,0.04,0.94,0.0,0.0,0.0,0.0,1,118389.0
0,1,22,5,0,0,0,0,0,0,0,0,0,12,1.0,1.0,0.0,0.0,0.25,0.33,0.0,255,48,0.19,0.05,0.01,0.0,1.0,1.0,0.0,1,74066.0
0,1,34,5,0,0,0,0,0,0,0,0,0,198,1.0,1.0,0.0,0.0,0.04,0.07,0.0,255,7,0.03,0.07,0.0,0.0,1.0,1.0,0.0,1,4000.0
0,1,57,5,0,0,0,0,0,0,0,0,0,9,1.0,1.0,0.0,0.0,1.0,0.0,0.0,171,91,0.53,0.01,0.01,0.0,0.99,0.98,0.0,1,58932.0
0,1,22,9,256,4779,0,0,1,0,0,0,0,5,0.0,0.0,0.0,0.0,1.0,0.0,0.43,255,255,1.0,0.0,0.0,0.0,0.0,0.0,0.0,0,49831.0
0,1,22,9,333,1242,0,0,1,0,0,0,0,12,0.0,0.0,0.0,0.0,1.0,0.0,0.0,251,255,1.0,0.0,0.0,0.01,0.0,0.0,0.0,0,58034.0
0,1,22,9,196,6277,0,0,1,0,0,0,0,11,0.0,0.0,0.0,0.0,1.0,0.0,0.0,11,255,1.0,0.0,0.09,0.02,0.0,0.0,0.0,0,41011.0
0,1,22,9,323,4708,0,0,1,0,0,0,0,13,0.0,0.0,0.0,0.0,1.0,0.0,0.12,37,255,1.0,0.0,0.03,0.05,0.0,0.0,0.0,0,121936.0
0,1,57,6,302,31786,0,0,1,198,2,218,1,1,1.0,1.0,0.0,0.0,1.0,0.0,0.0,103,18,0.17,0.05,0.01,0.0,0.01,0.06,0.0,0,80343.0
0,1,22,9,258,502,0,0,1,0,0,0,0,3,0.0,0.0,0.0,0.0,1.0,0.0,0.0,169,255,1.0,0.0,0.01,0.04,0.0,0.0,0.0,0,88817.0
0,1,22,9,361,2797,0,0,1,0,0,0,0,1,0.0,0.0,0.0,0.0,1.0,0.0,0.16,12,255,1.0,0.0,0.08,0.04,0.0,0.0,0.0,0,101960.0
0,1,22,9,54540,8314,0,2,1,1,0,0,0,3,0.0,0.0,0.0,0.0,1.0,0.0,0.0,255,255,1.0,0.0,0.0,0.0,0.01,0.01,0.03,1,97994.0
0,1,16,5,0,0,0,0,0,0,0,0,0,128,1.0,1.0,0.0,0.0,0.05,0.06,0.0,255,15,0.06,0.07,0.0,0.0,1.0,1.0,0.0,1,98490.0
0,1,51,9,1946,326,0,0,1,0,0,0,0,1,0.0,0.0,0.0,0.0,1.0,0.0,1.0,132,145,0.56,0.03,0.01,0.02,0.0,0.0,0.0,0,45645.0
0,1,46,5,0,0,0,0,0,0,0,0,0,158,1.0,1.0,0.0,0.0,0.07,0.06,0.0,255,20,0.08,0.07,0.0,0.0,1.0,1.0,0.0,1,102671.0
0,1,22,9,202,242,0,0,1,0,0,0,0,2,0.0,0.0,0.0,0.0,1.0,0.0,0.0,2,255,1.0,0.0,0.5,0.07,0.0,0.0,0.0,0,65283.0
0,1,51,9,970,388,0,0,1,0,0,0,0,1,0.0,0.0,0.0,0.0,1.0,0.0,0.0,255,65,0.25,0.05,0.0,0.0,0.55,0.0,0.0,0,6713.0
0,1,51,9,936,334,0,0,1,0,0,0,0,2,0.0,0.0,0.0,0.0,0.5,1.0,0.0,70,45,0.64,0.07,0.01,0.0,0.0,0.0,0.0,0,91903.0
0,1,18,2,107,424,0,0,1,0,0,0,0,3,0.0,0.0,0.33,1.0,0.33,0.67,0.0,24,5,0.21,0.17,0.04,0.0,0.0,0.0,0.4,0,6505.0
0,2,11,9,45,143,0,0,0,0,0,0,0,69,0.0,0.0,0.0,0.0,1.0,0.0,0.03,255,255,1.0,0.0,0.0,0.0,0.0,0.0,0.0,0,46451.0
0,2,46,9,215,0,0,0,0,0,0,0,0,1,0.0,0.0,0.0,0.0,1.0,0.0,0.0,11,11,1.0,0.0,1.0,0.0,0.0,0.0,0.0,1,39450.0
0,1,63,2,0,0,0,0,0,0,0,0,0,120,0.0,0.0,1.0,1.0,0.13,0.07,0.0,255,16,0.06,0.06,0.0,0.0,0.0,0.0,1.0,1,55727.0
2,1,46,4,0,0,0,0,0,0,0,0,0,381,0.0,0.0,1.0,1.0,0.01,0.52,0.0,255,2,0.01,0.52,1.0,0.0,0.0,0.0,1.0,1,44765.0
0,1,57,6,2050,12042,0,0,1,0,0,0,0,1,1.0,1.0,0.0,0.0,1.0,0.0,0.0,255,22,0.09,0.06,0.0,0.0,0.53,0.09,0.09,0,49325.0
0,1,46,1,0,0,0,0,0,0,0,0,0,164,0.0,0.0,1.0,1.0,0.1,0.06,0.0,255,17,0.07,0.06,0.0,0.0,0.0,0.0,1.0,1,94526.0
0,2,11,9,44,129,0,0,0,0,0,0,0,1,0.0,0.0,0.0,0.0,1.0,0.0,0.03,205,129,0.63,0.02,0.0,0.0,0.0,0.0,0.0,0,42001.0
0,1,22,9,278,5449,0,0,1,0,0,0,0,17,0.0,0.0,0.0,0.0,1.0,0.0,0.11,20,255,1.0,0.0,0.05,0.06,0.0,0.0,0.49,0,33746.0
0,0,13,9,8,0,0,0,0,0,0,0,0,1,0.0,0.0,0.0,0.0,1.0,0.0,1.0,1,185,1.0,0.0,1.0,0.25,0.0,0.0,0.0,1,111612.0
0,2,11,9,45,128,0,0,0,0,0,0,0,65,0.0,0.0,0.0,0.0,1.0,0.0,0.01,255,253,0.99,0.01,0.0,0.0,0.0,0.0,0.0,0,101084.0
0,1,46,5,0,0,0,0,0,0,0,0,0,248,1.0,1.0,0.0,0.0,0.01,0.06,0.0,255,8,0.03,0.08,0.0,0.0,1.0,1.0,0.0,1,92059.0
0,1,22,9,157,40411,0,0,1,0,0,0,0,1,0.0,0.0,0.0,0.0,1.0,0.0,0.0,255,255,1.0,0.0,0.0,0.0,0.0,0.0,0.0,0,100950.0
0,1,41,1,0,0,0,0,0,0,0,0,0,509,0.22,0.0,0.76,1.0,0.0,1.0,0.0,255,1,0.0,1.0,0.0,0.0,0.15,0.0,1.0,1,68996.0
0,1,46,10,0,0,0,0,0,0,0,0,0,1,1.0,1.0,0.0,0.0,1.0,0.0,0.0,146,1,0.01,0.93,0.95,0.0,0.95,1.0,0.0,1,42593.0
0,1,22,9,203,12156,0,0,1,0,0,0,0,9,0.0,0.0,0.0,0.0,1.0,0.0,0.2,11,255,1.0,0.0,0.09,0.04,0.0,0.0,0.0,0,97617.0
1073,2,41,9,146,105,0,0,0,0,0,0,0,2,0.0,0.0,0.0,0.0,0.5,1.0,0.0,255,1,0.0,0.53,0.78,0.0,0.0,0.0,0.0,0,114262.0
0,1,19,9,567,0,0,0,1,0,0,6,0,1,0.0,0.0,0.0,0.0,1.0,0.0,0.0,160,56,0.24,0.04,0.24,0.04,0.0,0.0,0.0,0,38974.0
0,1,22,9,236,435,0,0,1,0,0,0,0,1,0.0,0.0,0.0,0.0,1.0,0.0,0.0,5,255,1.0,0.0,0.2,0.06,0.0,0.01,0.0,0,34027.0
0,1,22,9,309,752,0,0,1,0,0,0,0,3,0.0,0.0,0.0,0.0,1.0,0.0,0.25,96,255,1.0,0.0,0.01,0.02,0.0,0.0,0.0,0,9047.0
0,1,22,9,306,12810,0,0,1,0,0,0,0,3,0.0,0.0,0.0,0.0,1.0,0.0,0.0,3,255,1.0,0.0,0.33,0.05,0.0,0.0,0.0,0,102267.0
0,2,40,9,48,48,0,0,0,0,0,0,0,5,0.0,0.0,0.0,0.0,0.2,0.4,0.0,90,29,0.32,0.02,0.32,0.0,0.0,0.0,0.0,0,30686.0
0,2,11,9,45,77,0,0,0,0,0,0,0,276,0.0,0.0,0.0,0.0,1.0,0.01,0.0,255,254,1.0,0.01,0.0,0.0,0.0,0.0,0.0,0,9111.0
0,1,22,9,287,870,0,0,1,0,0,0,0,5,0.0,0.0,0.0,0.0,1.0,0.0,0.33,24,255,1.0,0.0,0.04,0.04,0.0,0.0,0.0,0,4085.0
0,1,55,5,0,0,0,0,0,0,0,0,0,227,1.0,1.0,0.0,0.0,0.06,0.07,0.0,255,14,0.05,0.08,0.0,0.0,1.0,1.0,0.0,1,10040.0
0,2,11,9,46,135,0,0,0,0,0,0,0,1,0.0,0.0,0.0,0.0,1.0,0.0,0.67,255,203,0.8,0.02,0.01,0.0,0.0,0.0,0.0,0,59243.0
0,2,11,9,73,29,0,0,0,0,0,0,0,6,0.0,0.0,0.0,0.0,1.0,0.0,0.22,255,250,0.98,0.01,0.31,0.0,0.0,0.0,0.0,0,99550.0
0,1,46,1,0,0,0,0,0,0,0,0,0,101,0.0,0.0,1.0,1.0,0.02,0.06,0.0,255,2,0.01,0.06,0.0,0.0,0.0,0.0,1.0,1,44139.0
0,1,22,9,198,3870,0,0,1,0,0,0,0,4,0.0,0.0,0.0,0.0,1.0,0.0,0.4,4,255,1.0,0.0,0.25,0.04,0.0,0.0,0.0,0,33360.0
0,1,46,5,0,0,0,0,0,0,0,0,0,22,1.0,1.0,0.0,0.0,0.5,0.27,0.0,255,11,0.04,0.09,0.0,0.0,1.0,1.0,0.0,1,123686.0
0,1,19,9,12,0,0,0,1,0,0,0,0,1,0.0,0.0,0.0,0.0,1.0,0.0,0.0,44,21,0.48,0.07,0.48,0.0,0.0,0.0,0.0,0,803.0
0,1,22,9,232,13877,0,0,1,0,0,0,0,23,0.0,0.0,0.0,0.0,1.0,0.0,0.0,51,255,1.0,0.0,0.02,0.03,0.0,0.0,0.0,0,32292.0
0,1,22,9,208,682,0,0,1,0,0,0,0,18,0.0,0.0,0.0,0.0,1.0,0.0,0.0,255,255,1.0,0.0,0.0,0.0,0.0,0.0,0.0,0,46246.0
0,1,22,9,262,4165,0,0,1,0,0,0,0,5,0.0,0.0,0.0,0.0,1.0,0.0,0.0,5,255,1.0,0.0,0.2,0.05,0.0,0.0,0.01,0,4991.0
0,1,4,5,0,0,0,0,0,0,0,0,0,124,1.0,1.0,0.0,0.0,0.02,0.07,0.0,255,17,0.07,0.07,0.0,0.0,1.0,1.0,0.0,1,10882.0
0,1,22,1,0,0,0,0,0,0,0,0,0,1,0.0,0.0,1.0,1.0,1.0,0.0,0.0,29,253,1.0,0.0,0.03,0.22,0.0,0.0,1.0,0,7544.0
0,1,22,9,230,1283,0,0,1,0,0,0,0,2,0.0,0.0,0.0,0.0,1.0,0.0,0.0,107,254,1.0,0.0,0.01,0.01,0.01,0.0,0.0,0,35556.0
0,1,46,5,0,0,0,0,0,0,0,0,0,225,1.0,1.0,0.0,0.0,0.03,0.06,0.0,255,20,0.08,0.07,0.0,0.0,1.0,1.0,0.0,1,68577.0
25501,1,46,4,1,0,0,0,0,0,0,0,0,2,0.0,0.0,1.0,1.0,1.0,0.0,0.0,255,2,0.01,0.62,1.0,0.0,0.0,0.0,1.0,1,26883.0
0,1,22,9,226,2431,0,0,1,0,0,0,0,2,0.0,0.0,0.0,0.0,1.0,0.0,0.0,42,255,1.0,0.0,0.02,0.02,0.0,0.0,0.0,0,71141.0
3,1,46,4,0,0,0,0,0,0,0,0,0,310,0.0,0.0,1.0,1.0,0.01,0.52,0.0,255,2,0.01,0.52,1.0,0.0,0.0,0.0,1.0,1,66412.0
0,1,19,9,19,0,0,0,1,0,0,0,0,2,0.0,0.0,0.0,0.0,1.0,0.0,0.0,255,59,0.23,0.02,0.06,0.0,0.62,0.66,0.0,0,48469.0
37,1,51,9,1185,334,0,0,1,0,0,0,0,1,0.0,0.0,0.0,0.0,1.0,0.0,0.0,69,129,0.57,0.06,0.01,0.02,0.0,0.11,0.0,0,45194.0
0,2,11,9,133,45,0,0,0,0,0,0,0,239,0.0,0.0,0.0,0.0,1.0,0.01,0.0,128,95,0.74,0.02,0.16,0.0,0.0,0.0,0.0,0,119304.0
0,1,6,5,0,0,0,0,0,0,0,0,0,188,1.0,1.0,0.0,0.0,0.01,0.06,0.0,255,1,0.0,0.06,0.0,0.0,1.0,1.0,0.0,1,82554.0
0,1,22,5,0,0,0,0,0,0,0,0,0,24,1.0,1.0,0.0,0.0,0.42,0.17,0.0,104,30,0.29,0.04,0.04,0.0,1.0,1.0,0.0,1,20061.0
0,0,13,9,18,0,0,0,0,0,0,0,0,1,0.0,0.0,0.0,0.0,1.0,0.0,0.0,4,112,1.0,0.0,1.0,0.25,0.0,0.0,0.0,1,23590.0
0,2,11,9,42,108,0,0,0,0,0,0,0,66,0.0,0.0,0.0,0.0,1.0,0.0,0.01,255,204,0.8,0.01,0.0,0.0,0.0,0.0,0.0,0,50246.0
0,1,41,1,0,0,0,0,0,0,0,0,0,496,0.08,0.0,0.89,1.0,0.0,0.95,0.0,255,1,0.0,0.91,0.0,0.0,0.08,0.0,1.0,1,38298.0
0,1,21,5,0,0,0,0,0,0,0,0,0,289,1.0,1.0,0.0,0.0,0.04,0.06,0.0,255,11,0.04,0.08,0.0,0.0,1.0,1.0,0.0,1,53631.0
0,1,22,9,226,312,0,0,1,0,0,0,0,14,0.0,0.0,0.0,0.0,1.0,0.0,0.13,78,255,1.0,0.0,0.01,0.05,0.0,0.0,0.0,0,2668.0
0,1,57,5,0,0,0,0,0,0,0,0,0,268,1.0,1.0,0.0,0.0,0.03,0.06,0.0,255,8,0.03,0.07,0.0,0.0,1.0,1.0,0.0,1,86161.0
0,1,22,9,203,1115,0,0,1,0,0,0,0,7,0.0,0.0,0.0,0.0,1.0,0.0,0.0,91,255,1.0,0.0,0.01,0.03,0.0,0.0,0.0,0,57127.0
0,2,11,9,46,128,0,0,0,0,0,0,0,70,0.0,0.0,0.0,0.0,0.99,0.03,0.01,255,236,0.93,0.01,0.0,0.0,0.0,0.0,0.0,0,24583.0
0,1,22,9,309,2239,0,0,1,0,0,0,0,9,0.0,0.0,0.0,0.0,1.0,0.0,0.0,255,252,0.99,0.01,0.0,0.0,0.0,0.0,0.0,0,88849.0
0,1,19,5,0,0,0,0,0,0,0,0,0,27,1.0,1.0,0.0,0.0,0.56,0.07,0.0,35,42,0.43,0.06,0.03,0.05,1.0,0.36,0.0,1,62039.0
0,1,22,9,324,44211,0,0,1,0,0,0,0,7,0.0,0.0,0.0,0.0,1.0,0.0,0.0,7,255,1.0,0.0,0.14,0.04,0.0,0.0,0.0,0,41504.0
0,1,22,9,54540,8314,0,2,1,1,0,0,0,3,0.0,0.0,0.33,0.33,1.0,0.0,0.0,3,3,1.0,0.0,0.33,0.0,0.0,0.0,0.33,1,7659.0
0,2,11,9,46,132,0,0,0,0,0,0,0,261,0.0,0.0,0.0,0.0,1.0,0.0,0.0,255,251,0.98,0.01,0.0,0.0,0.0,0.0,0.0,0,89110.0
0,1,57,5,0,0,0,0,0,0,0,0,0,113,1.0,1.0,0.0,0.0,0.16,0.07,0.0,255,3,0.01,0.09,0.0,0.0,1.0,1.0,0.0,1,31096.0
0,1,25,5,0,0,0,0,0,0,0,0,0,165,1.0,1.0,0.0,0.0,0.01,0.07,0.0,255,2,0.01,0.06,0.0,0.0,1.0,1.0,0.0,1,43759.0
0,1,22,5,0,0,0,0,0,0,0,0,0,174,1.0,1.0,0.0,0.0,0.01,0.06,0.0,255,2,0.01,0.08,0.0,0.0,1.0,1.0,0.0,1,69295.0
0,1,19,9,334,0,0,0,1,0,0,0,0,2,0.0,0.0,0.0,0.0,1.0,0.0,0.0,15,47,0.93,0.13,1.0,0.11,0.0,0.0,0.0,1,22627.0
0,1,22,9,330,13508,0,0,1,0,0,0,0,7,0.0,0.0,0.0,0.0,1.0,0.0,0.0,24,24,1.0,0.0,0.04,0.0,0.0,0.0,0.0,0,1292.0
0,1,17,9,8,0,0,0,0,0,0,0,0,1,0.0,0.0,0.0,0.0,1.0,0.0,0.0,5,16,0.2,0.6,0.2,0.31,0.0,0.0,0.0,1,48181.0
0,1,22,9,215,1223,0,0,1,0,0,0,0,5,0.0,0.0,0.0,0.0,1.0,0.0,0.0,5,255,1.0,0.0,0.2,0.01,0.0,0.0,0.0,0,17898.0
0,0,13,9,8,0,0,0,0,0,0,0,0,1,0.0,0.0,0.0,0.0,1.0,0.0,1.0,1,99,1.0,0.0,1.0,0.52,0.0,0.0,0.0,1,50669.0
0,1,15,5,0,0,0,0,0,0,0,0,0,132,1.0,1.0,0.0,0.0,0.19,0.05,0.0,255,25,0.1,0.05,0.0,0.0,1.0,1.0,0.0,1,105233.0
0,1,22,9,219,392,0,0,1,0,0,0,0,24,0.0,0.0,0.0,0.0,1.0,0.0,0.11,255,255,1.0,0.0,0.0,0.0,0.0,0.0,0.0,0,99184.0
0,1,22,9,309,7353,0,0,1,0,0,0,0,5,0.0,0.0,0.0,0.0,1.0,0.0,0.29,255,255,1.0,0.0,0.0,0.0,0.0,0.0,0.0,0,93433.0
0,1,22,9,281,973,0,0,1,0,0,0,0,9,0.0,0.0,0.0,0.0,1.0,0.0,0.17,49,255,1.0,0.0,0.02,0.06,0.0,0.0,0.0,0,83357.0
1,1,51,9,1537,332,0,0,1,0,0,0,0,1,0.0,0.0,0.0,0.0,1.0,0.0,1.0,202,171,0.68,0.03,0.0,0.01,0.0,0.0,0.0,0,40480.0
0,1,22,9,208,1160,0,0,1,0,0,0,0,8,0.0,0.0,0.0,0.0,1.0,0.0,0.25,255,255,1.0,0.0,0.0,0.0,0.0,0.0,0.0,0,86813.0
0,0,13,9,8,0,0,0,0,0,0,0,0,1,0.0,0.0,0.0,0.0,1.0,0.0,0.0,2,82,1.0,0.0,1.0,0.5,0.0,0.0,0.0,1,116356.0
0,1,22,9,464,10134,0,0,1,0,0,0,0,12,0.0,0.0,0.0,0.0,1.0,0.0,0.0,79,255,1.0,0.0,0.01,0.09,0.0,0.0,0.56,0,20085.0
0,1,22,9,226,360,0,0,1,0,0,0,0,6,0.0,0.0,0.0,0.0,1.0,0.0,0.38,24,255,1.0,0.0,0.04,0.02,0.0,0.0,0.0,0,121384.0
0,2,11,9,43,121,0,0,0,0,0,0,0,31,0.0,0.0,0.0,0.0,1.0,0.0,0.0,255,206,0.81,0.01,0.0,0.0,0.0,0.0,0.0,0,112327.0
0,1,22,9,272,361,0,0,1,0,0,0,0,4,0.0,0.0,0.0,0.0,1.0,0.0,0.2,94,255,1.0,0.0,0.01,0.02,0.0,0.0,0.01,0,16566.0
0,1,46,5,0,0,0,0,0,0,0,0,0,139,1.0,1.0,0.0,0.0,0.13,0.06,0.0,255,1,0.0,0.07,0.0,0.0,1.0,1.0,0.0,1,24191.0
0,2,11,9,43,129,0,0,0,0,0,0,0,27,0.0,0.0,0.0,0.0,1.0,0.0,0.01,85,200,0.82,0.02,0.82,0.01,0.0,0.0,0.0,0,27496.0
0,2,11,9,45,70,0,0,0,0,0,0,0,177,0.0,0.0,0.0,0.0,1.0,0.0,0.0,255,204,0.8,0.01,0.0,0.0,0.0,0.0,0.0,0,45653.0
0,1,46,5,0,0,0,0,0,0,0,0,0,204,1.0,1.0,0.0,0.0,0.0,0.07,0.0,255,4,0.02,0.06,0.0,0.0,1.0,1.0,0.0,1,25245.0
0,1,22,9,226,1259,0,0,1,0,0,0,0,12,0.0,0.0,0.0,0.0,1.0,0.0,0.15,255,255,1.0,0.0,0.0,0.0,0.0,0.0,0.0,0,70752.0
0,1,38,5,0,0,0,0,0,0,0,0,0,108,1.0,1.0,0.0,0.0,0.03,0.06,0.0,255,3,0.01,0.06,0.0,0.0,1.0,1.0,0.0,1,98193.0
0,1,3,5,0,0,0,0,0,0,0,0,0,106,1.0,1.0,0.0,0.0,0.06,0.05,0.0,255,6,0.02,0.04,0.0,0.0,1.0,1.0,0.0,1,90499.0
0,2,11,9,43,129,0,0,0,0,0,0,0,205,0.0,0.0,0.0,0.0,1.0,0.01,0.0,94,61,0.65,0.02,0.01,0.0,0.0,0.0,0.0,0,16841.0
10,1,3,9,10,37,0,0,0,0,0,0,0,1,0.0,0.0,0.0,0.0,1.0,0.0,0.0,222,7,0.03,0.03,0.0,0.0,0.0,0.0,0.0,0,113476.0
0,1,46,5,0,0,0,0,0,0,0,0,0,133,1.0,1.0,0.0,0.0,0.02,0.07,0.0,255,16,0.06,0.07,0.0,0.0,1.0,1.0,0.0,1,30287.0
0,1,33,5,0,0,0,0,0,0,0,0,0,140,1.0,1.0,0.0,0.0,0.14,0.05,0.0,255,2,0.01,0.07,0.0,0.0,1.0,1.0,0.0,1,103987.0
0,0,13,9,8,0,0,0,0,0,0,0,0,1,0.0,0.0,0.0,0.0,1.0,0.0,1.0,3,191,1.0,0.0,1.0,0.25,0.0,0.0,0.0,1,88328.0
0,0,13,9,18,0,0,0,0,0,0,0,0,1,0.0,0.0,0.0,0.0,1.0,0.0,0.0,1,185,1.0,0.0,1.0,1.0,0.0,0.0,0.0,1,11089.0
0,1,22,9,325,2531,0,0,1,0,0,0,0,3,0.0,0.0,0.0,0.0,1.0,0.0,0.0,255,255,1.0,0.0,0.01,0.0,0.0,0.0,0.0,0,57237.0
0,1,22,9,226,1522,0,0,1,0,0,0,0,20,0.0,0.0,0.0,0.0,1.0,0.0,0.1,167,255,1.0,0.0,0.01,0.01,0.0,0.0,0.0,0,5114.0
0,1,51,9,729,333,0,0,1,0,0,0,0,1,0.0,0.0,0.0,0.0,1.0,0.0,1.0,22,130,0.68,0.18,0.05,0.02,0.0,0.0,0.0,0,15400.0
0,1,22,9,225,901,0,0,1,0,0,0,0,52,0.0,0.0,0.0,0.0,1.0,0.0,0.0,255,255,1.0,0.0,0.0,0.0,0.0,0.0,0.0,0,2089.0
0,1,46,1,0,0,0,0,0,0,0,0,0,283,0.0,0.0,1.0,1.0,0.0,0.53,0.0,255,1,0.0,0.52,1.0,0.0,0.0,0.0,1.0,1,62798.0
0,2,41,9,1,0,0,0,0,0,0,0,0,8,0.0,0.0,0.0,0.0,0.38,0.38,0.0,255,3,0.01,0.17,1.0,0.0,0.0,0.0,0.0,1,34721.0
0,1,22,9,213,8774,0,0,1,0,0,0,0,4,0.0,0.0,0.0,0.0,1.0,0.0,0.0,7,63,1.0,0.0,0.14,0.1,0.0,0.02,0.0,0,113922.0
0,1,22,9,243,195,0,0,1,0,0,0,0,17,0.0,0.0,0.0,0.0,1.0,0.0,0.11,255,255,1.0,0.0,0.0,0.0,0.0,0.0,0.0,0,43595.0
1,1,51,9,2243,333,0,0,1,0,0,0,0,2,0.0,0.0,0.0,0.0,1.0,0.0,0.67,124,83,0.67,0.05,0.01,0.0,0.0,0.0,0.0,0,112615.0
0,1,22,9,330,2103,0,0,1,0,0,0,0,5,0.0,0.0,0.0,0.0,1.0,0.0,0.0,152,255,1.0,0.0,0.01,0.02,0.01,0.0,0.0,0,82297.0
0,1,22,9,189,18004,0,0,1,0,0,0,0,9,0.0,0.0,0.0,0.0,1.0,0.0,0.0,70,255,1.0,0.0,0.01,0.04,0.0,0.0,0.0,0,7322.0
0,0,14,9,1032,0,0,0,0,0,0,0,0,232,0.0,0.0,0.0,0.0,1.0,0.0,0.0,208,114,0.55,0.03,0.55,0.0,0.01,0.0,0.0,1,82337.0
0,0,13,9,8,0,0,0,0,0,0,0,0,1,0.0,0.0,0.0,0.0,1.0,0.0,1.0,4,136,1.0,0.0,1.0,0.25,0.0,0.0,0.0,1,10093.0
0,1,65,5,0,0,0,0,0,0,0,0,0,270,1.0,1.0,0.0,0.0,0.05,0.06,0.0,255,7,0.03,0.07,0.0,0.0,1.0,1.0,0.0,1,110598.0
0,1,19,9,4539,0,0,0,0,0,0,0,0,20,0.0,0.0,0.0,0.0,1.0,0.0,0.0,255,100,0.39,0.02,0.39,0.0,0.0,0.0,0.0,0,21376.0
0,1,22,9,298,2239,0,0,1,0,0,0,0,5,0.0,0.0,0.0,0.0,1.0,0.0,0.0,255,245,0.96,0.02,0.0,0.0,0.0,0.0,0.0,0,91598.0
0,2,11,9,42,42,0,0,0,0,0,0,0,2,0.0,0.0,0.0,0.0,0.5,1.0,0.6,255,239,0.94,0.01,0.11,0.0,0.0,0.0,0.0,0,80880.0
0,1,65,1,0,0,0,0,0,0,0,0,0,168,0.0,0.0,1.0,1.0,0.07,0.07,0.0,255,12,0.05,0.07,0.0,0.0,0.0,0.0,1.0,1,50126.0
0,1,22,9,199,8564,0,0,1,0,0,0,0,5,0.0,0.0,0.0,0.0,1.0,0.0,0.0,5,255,1.0,0.0,0.2,0.07,0.0,0.0,0.0,0,24117.0
0,1,51,9,1623,334,0,0,1,0,0,0,0,1,0.0,0.0,0.0,0.0,1.0,0.0,1.0,131,110,0.84,0.04,0.01,0.0,0.0,0.0,0.03,0,43149.0
0,1,56,5,0,0,0,0,0,0,0,0,0,105,1.0,1.0,0.0,0.0,0.05,0.06,0.0,255,5,0.02,0.07,0.0,0.0,1.0,1.0,0.0,1,79544.0
0,1,46,1,0,0,0,0,0,0,0,0,0,150,0.0,0.0,1.0,1.0,0.02,0.08,0.0,255,3,0.01,0.07,0.0,0.0,0.0,0.0,1.0,1,114691.0
0,1,22,9,216,2417,0,0,1,0,0,0,0,5,0.0,0.0,0.0,0.0,1.0,0.0,0.19,26,255,1.0,0.0,0.04,0.07,0.0,0.0,0.0,0,97626.0
0,1,19,9,4753,0,0,0,1,0,0,0,0,9,0.0,0.0,0.0,0.0,1.0,0.0,0.14,200,89,0.34,0.02,0.34,0.02,0.0,0.0,0.0,0,104397.0
0,1,63,2,0,0,0,0,0,0,0,0,0,120,0.0,0.0,1.0,1.0,0.13,0.07,0.0,255,16,0.06,0.07,0.0,0.0,0.0,0.0,1.0,1,35366.0
0,1,22,9,265,14515,0,0,1,0,0,0,0,4,0.0,0.0,0.0,0.0,1.0,0.0,0.33,200,255,1.0,0.0,0.0,0.02,0.0,0.0,0.01,0,77277.0
0,1,51,9,1133,332,0,0,1,0,0,0,0,1,0.0,0.0,0.0,0.0,1.0,0.0,1.0,67,130,0.75,0.07,0.01,0.02,0.0,0.0,0.0,0,118689.0
0,1,46,5,0,0,0,0,0,0,0,0,0,142,1.0,1.0,0.0,0.0,0.12,0.06,0.0,255,10,0.04,0.06,0.0,0.0,1.0,1.0,0.0,1,29770.0
0,1,22,9,286,2031,0,0,1,0,0,0,0,7,0.0,0.0,0.0,0.0,1.0,0.0,0.0,7,255,1.0,0.0,0.14,0.04,0.0,0.0,0.0,0,52457.0
0,1,22,9,214,306,0,0,1,0,0,0,0,17,0.0,0.0,0.0,0.0,1.0,0.0,0.16,255,255,1.0,0.0,0.0,0.0,0.0,0.0,0.0,0,13322.0
0,0,62,9,182,0,0,0,0,0,0,0,0,2,0.0,0.0,0.0,0.0,0.5,1.0,0.0,255,8,0.03,0.01,0.03,0.0,0.0,0.0,0.0,0,50956.0
0,1,22,9,233,3140,0,0,1,0,0,0,0,7,0.0,0.0,0.0,0.0,1.0,0.0,0.0,241,255,1.0,0.0,0.0,0.03,0.0,0.0,0.39,0,108174.0
0,1,26,5,0,0,0,0,0,0,0,0,0,287,1.0,1.0,0.0,0.0,0.01,0.05,0.0,255,2,0.01,0.05,0.0,0.0,1.0,1.0,0.0,1,71685.0
0,1,46,5,0,0,0,0,0,0,0,0,0,85,1.0,1.0,0.0,0.0,0.14,0.06,0.0,255,12,0.05,0.06,0.0,0.0,1.0,1.0,0.0,1,40248.0
0,1,22,9,157,4316,0,0,1,0,0,0,0,4,0.0,0.0,0.0,0.0,1.0,0.0,0.0,13,255,1.0,0.0,0.08,0.04,0.0,0.0,0.0,0,115672.0
0,1,22,9,299,294,0,0,1,0,0,0,0,9,0.0,0.0,0.0,0.0,1.0,0.0,0.0,9,255,1.0,0.0,0.11,0.06,0.0,0.0,0.0,0,54123.0
0,1,22,9,282,362,0,0,1,0,0,0,0,8,0.0,0.0,0.0,0.0,1.0,0.0,0.22,255,255,1.0,0.0,0.0,0.0,0.0,0.0,0.0,0,79125.0
0,1,46,5,0,0,0,0,0,0,0,0,0,245,1.0,1.0,0.0,0.0,0.1,0.04,0.0,255,25,0.1,0.05,0.0,0.0,1.0,1.0,0.0,1,37267.0
0,1,22,9,237,3119,0,0,1,0,0,0,0,7,0.0,0.0,0.0,0.0,1.0,0.0,0.0,46,255,1.0,0.0,0.02,0.02,0.0,0.0,0.0,0,14157.0
0,1,19,5,0,0,0,0,0,0,0,0,0,139,1.0,1.0,0.0,0.0,0.14,0.06,0.0,255,7,0.03,0.06,0.0,0.0,1.0,1.0,0.0,1,61415.0
0,1,22,5,0,0,0,0,0,0,0,0,0,289,1.0,0.34,0.0,0.0,0.05,0.06,0.07,255,15,0.06,0.08,0.0,0.0,1.0,1.0,0.0,1,51549.0
0,1,51,9,1150,387,0,0,1,0,0,0,0,1,0.0,0.0,0.0,0.0,1.0,0.0,0.0,255,65,0.25,0.02,0.0,0.0,0.59,0.0,0.0,0,53189.0
0,1,46,5,0,0,0,0,0,0,0,0,0,102,1.0,1.0,0.0,0.0,0.02,0.07,0.0,255,11,0.04,0.08,0.0,0.0,1.0,1.0,0.0,1,111394.0
0,1,46,5,0,0,0,0,0,0,0,0,0,77,1.0,1.0,0.0,0.0,0.22,0.06,0.0,255,17,0.07,0.06,0.0,0.0,1.0,1.0,0.0,1,21834.0
0,1,22,9,221,776,0,0,1,0,0,0,0,1,0.0,0.0,0.0,0.0,1.0,0.0,0.0,4,255,1.0,0.0,0.25,0.06,0.25,0.01,0.01,0,110435.0
0,1,22,9,243,1899,0,0,1,0,0,0,0,10,0.0,0.0,0.0,0.0,1.0,0.0,0.15,141,255,1.0,0.0,0.01,0.02,0.01,0.0,0.0,0,109425.0
0,1,22,9,167,4352,0,0,1,0,0,0,0,3,0.0,0.0,0.0,0.0,1.0,0.0,0.0,255,255,1.0,0.0,0.0,0.0,0.0,0.0,0.0,0,70574.0
0,1,22,9,331,529,0,0,1,0,0,0,0,6,0.0,0.0,0.0,0.0,1.0,0.0,0.29,89,255,1.0,0.0,0.01,0.07,0.0,0.0,0.82,0,84054.0
0,1,22,5,0,0,0,0,0,0,0,0,0,3,1.0,1.0,0.0,0.0,1.0,0.0,0.0,3,3,1.0,0.0,0.33,0.0,1.0,1.0,0.0,1,15218.0
0,1,46,5,0,0,0,0,0,0,0,0,0,19,1.0,1.0,0.0,0.0,1.0,0.0,0.0,255,19,0.07,0.06,0.0,0.0,1.0,1.0,0.0,1,61438.0
0,0,13,9,30,0,0,0,0,0,0,0,0,1,0.0,0.0,0.0,0.0,1.0,0.0,0.0,44,131,1.0,0.0,1.0,0.34,0.0,0.0,0.0,0,59118.0
0,1,22,9,242,4201,0,0,1,0,0,0,0,9,0.0,0.0,0.0,0.0,1.0,0.0,0.0,255,255,1.0,0.0,0.01,0.0,0.0,0.0,0.0,0,36296.0
0,1,22,9,270,1791,0,0,1,0,0,0,0,11,0.0,0.0,0.0,0.0,1.0,0.0,0.17,51,255,1.0,0.0,0.02,0.04,0.0,0.0,0.0,0,35201.0
0,1,4,5,0,0,0,0,0,0,0,0,0,207,1.0,1.0,0.0,0.0,0.09,0.05,0.0,255,19,0.07,0.06,0.0,0.0,1.0,1.0,0.0,1,85524.0
0,1,41,9,59,0,0,0,1,0,0,0,0,23,0.04,0.0,0.0,0.0,0.04,0.43,0.0,241,1,0.0,0.06,0.38,0.0,0.02,0.0,0.0,0,107542.0
0,1,51,9,3446,328,0,0,1,0,0,0,0,1,0.0,0.0,0.0,0.0,1.0,0.0,0.0,255,149,0.58,0.03,0.0,0.0,0.0,0.01,0.0,0,4593.0
0,1,22,9,224,5537,0,0,1,0,0,0,0,3,0.0,0.0,0.0,0.0,1.0,0.0,0.18,255,255,1.0,0.0,0.0,0.0,0.0,0.0,0.0,0,123592.0
0,1,17,9,6,135,0,0,0,0,0,0,0,1,0.0,0.0,0.0,0.0,1.0,0.0,0.0,58,5,0.05,0.05,0.02,0.4,0.0,0.0,0.0,0,57712.0
0,1,22,9,339,1405,0,0,1,0,0,0,0,28,0.0,0.0,0.0,0.0,1.0,0.0,0.06,61,255,1.0,0.0,0.02,0.04,0.0,0.0,0.0,0,79664.0
0,1,46,5,0,0,0,0,0,0,0,0,0,139,1.0,1.0,0.0,0.0,0.09,0.06,0.0,255,5,0.02,0.07,0.0,0.0,1.0,1.0,0.0,1,52707.0
0,1,30,5,0,0,0,0,0,0,0,0,0,267,1.0,1.0,0.0,0.0,0.07,0.06,0.0,255,18,0.07,0.07,0.0,0.0,1.0,1.0,0.0,1,93954.0
0,1,22,9,307,1212,0,0,1,0,0,0,0,8,0.0,0.0,0.0,0.0,1.0,0.0,0.0,248,255,1.0,0.0,0.0,0.01,0.0,0.0,0.0,0,27357.0
5081,1,18,9,1042,2279,0,20,1,0,0,0,0,1,0.0,0.0,0.0,0.0,1.0,0.0,0.0,255,20,0.08,0.02,0.0,0.0,0.14,0.0,0.0,0,101910.0
0,0,14,9,1032,0,0,0,0,0,0,0,0,511,0.0,0.0,0.0,0.0,1.0,0.0,0.0,255,204,0.8,0.02,0.8,0.0,0.0,0.0,0.0,1,11441.0
2,1,51,9,1304,330,0,0,1,0,0,0,0,1,0.0,0.0,0.0,0.0,1.0,0.0,0.0,10,103,1.0,0.0,0.1,0.02,0.0,0.0,0.0,0,19638.0
0,1,22,9,299,296,0,0,1,0,0,0,0,15,0.0,0.0,0.0,0.0,1.0,0.0,0.0,185,255,1.0,0.0,0.01,0.02,0.0,0.0,0.0,0,42362.0
0,2,46,9,1,0,0,0,0,0,0,0,0,28,0.0,0.0,0.0,0.0,0.43,0.11,0.0,255,12,0.05,0.58,0.55,0.0,0.0,0.0,0.0,1,14462.0
0,1,22,1,0,0,0,0,0,0,0,0,0,1,0.0,0.0,1.0,1.0,1.0,0.0,0.0,8,247,1.0,0.0,0.12,0.11,0.0,0.0,0.4,0,122702.0
0,1,22,9,216,188,0,0,1,0,0,0,0,48,0.0,0.0,0.0,0.0,1.0,0.0,0.04,255,255,1.0,0.0,0.0,0.0,0.0,0.0,0.0,0,93282.0
0,1,36,5,0,0,0,0,0,0,0,0,0,229,1.0,1.0,0.0,0.0,0.07,0.07,0.0,255,15,0.06,0.08,0.0,0.0,1.0,1.0,0.0,1,62748.0
0,1,25,5,0,0,0,0,0,0,0,0,0,219,1.0,1.0,0.0,0.0,0.07,0.07,0.0,255,15,0.06,0.08,0.0,0.0,1.0,1.0,0.0,1,46337.0
1995,2,41,9,147,105,0,0,0,0,0,0,0,5,0.0,0.0,0.0,0.0,0.4,0.6,0.0,255,2,0.01,0.84,1.0,0.0,0.0,0.0,0.0,0,95313.0
0,1,46,5,0,0,0,0,0,0,0,0,0,121,0.98,1.0,0.0,0.0,0.12,0.07,0.0,255,13,0.05,0.05,0.0,0.0,1.0,1.0,0.0,1,58074.0
0,1,3,1,0,0,0,0,0,0,0,0,0,284,0.0,0.0,1.0,1.0,0.05,0.06,0.0,255,14,0.05,0.07,0.0,0.0,0.0,0.0,1.0,1,36774.0
0,1,46,5,0,0,0,0,0,0,0,0,0,199,1.0,1.0,0.0,0.0,0.09,0.06,0.0,255,3,0.01,0.08,0.0,0.0,1.0,1.0,0.0,1,28726.0
0,0,13,9,30,0,0,0,0,0,0,0,0,1,0.0,0.0,0.0,0.0,1.0,0.0,0.0,41,131,1.0,0.0,1.0,0.35,0.0,0.0,0.0,0,116149.0
0,1,22,9,328,2431,0,0,1,0,0,0,0,5,0.0,0.0,0.0,0.0,1.0,0.0,0.25,255,255,1.0,0.0,0.0,0.0,0.0,0.0,0.0,0,41183.0
5647,2,41,9,146,105,0,0,0,0,0,0,0,1,0.0,0.0,0.0,0.0,1.0,0.0,0.0,255,2,0.01,0.69,0.95,0.0,0.0,0.0,0.0,0,39673.0
0,1,46,5,0,0,0,0,0,0,0,0,0,227,1.0,1.0,0.0,0.0,0.07,0.06,0.0,255,20,0.08,0.08,0.0,0.0,1.0,1.0,0.0,1,39109.0
0,1,22,9,323,8444,0,0,1,0,0,0,0,5,0.0,0.0,0.0,0.0,1.0,0.0,0.33,51,255,1.0,0.0,0.02,0.03,0.0,0.0,0.0,0,34320.0
0,1,60,5,0,0,0,0,0,0,0,0,0,276,1.0,1.0,0.0,0.0,0.07,0.06,0.0,255,20,0.08,0.07,0.0,0.0,1.0,1.0,0.0,1,105024.0
0,0,14,9,520,0,0,0,0,0,0,0,0,445,0.0,0.0,0.0,0.0,1.0,0.0,0.0,208,208,1.0,0.0,1.0,0.0,0.0,0.0,0.0,1,42312.0
0,1,22,9,227,1395,0,0,1,0,0,0,0,22,0.0,0.0,0.0,0.0,1.0,0.0,0.09,255,255,1.0,0.0,0.0,0.0,0.0,0.0,0.0,0,86713.0
0,1,46,5,0,0,0,0,0,0,0,0,0,75,1.0,1.0,0.0,0.0,0.21,0.07,0.0,255,11,0.04,0.06,0.0,0.0,1.0,1.0,0.0,1,19901.0
3,1,19,9,2194619,0,0,0,1,0,0,0,0,2,0.0,0.0,0.0,0.0,1.0,0.0,0.0,23,72,0.3,0.09,0.3,0.03,0.0,0.0,0.0,0,1046.0
0,1,41,1,0,0,0,0,0,0,0,0,0,511,0.14,0.0,0.86,1.0,0.0,1.0,0.0,255,1,0.0,1.0,0.0,0.0,0.24,0.0,1.0,1,36491.0
0,1,22,9,330,1053,0,0,1,0,0,0,0,20,0.0,0.0,0.0,0.0,1.0,0.0,0.0,255,255,1.0,0.0,0.0,0.0,0.0,0.0,0.0,0,28443.0
26211,1,46,4,1,0,0,0,0,0,0,0,0,2,0.0,0.0,1.0,1.0,1.0,0.0,0.0,255,2,0.01,0.73,1.0,0.0,0.0,0.0,1.0,1,46833.0
0,1,17,9,8,141,0,0,0,0,0,0,0,1,0.0,0.0,0.0,0.0,1.0,0.0,0.0,51,5,0.08,0.08,0.02,0.4,0.0,0.0,0.0,0,6874.0
0,1,46,5,0,0,0,0,0,0,0,0,0,128,0.99,1.0,0.0,0.0,0.02,0.08,0.0,255,2,0.01,0.06,0.0,0.0,1.0,1.0,0.0,1,8132.0
0,1,46,5,0,0,0,0,0,0,0,0,0,131,1.0,1.0,0.0,0.0,0.01,0.05,0.0,255,1,0.0,0.05,0.0,0.0,1.0,1.0,0.0,1,28711.0
0,1,55,5,0,0,0,0,0,0,0,0,0,110,1.0,1.0,0.0,0.0,0.05,0.09,0.0,255,6,0.02,0.08,0.0,0.0,1.0,1.0,0.0,1,99480.0
0,2,11,9,44,44,0,0,0,0,0,0,0,118,0.0,0.0,0.0,0.0,1.0,0.0,0.01,255,255,1.0,0.0,0.01,0.0,0.0,0.0,0.0,0,50372.0
0,1,56,1,0,0,0,0,0,0,0,0,0,132,0.0,0.0,1.0,1.0,0.05,0.07,0.0,255,4,0.02,0.06,0.0,0.0,0.0,0.0,1.0,1,6030.0
0,0,13,9,8,0,0,0,0,0,0,0,0,1,0.0,0.0,0.0,0.0,1.0,0.0,1.0,2,156,1.0,0.0,1.0,0.5,0.0,0.0,0.0,1,35686.0
0,1,31,2,0,0,0,0,0,0,0,0,0,139,0.0,0.0,1.0,1.0,0.03,0.06,0.0,255,4,0.02,0.07,0.0,0.0,0.0,0.0,1.0,1,74581.0
0,2,46,9,1,0,0,0,0,0,0,0,0,13,0.0,0.0,0.0,0.0,0.62,0.15,0.0,255,8,0.03,0.16,0.9,0.0,0.0,0.0,0.0,1,19042.0
0,0,14,9,1032,0,0,0,0,0,0,0,0,511,0.0,0.0,0.0,0.0,1.0,0.0,0.0,255,224,0.88,0.01,0.88,0.0,0.0,0.0,0.0,1,72139.0
27720,1,46,4,1,0,0,0,0,0,0,0,0,2,0.0,0.0,1.0,1.0,1.0,0.0,0.0,255,2,0.01,0.73,1.0,0.0,0.0,0.0,1.0,1,23660.0
0,1,56,5,0,0,0,0,0,0,0,0,0,192,1.0,1.0,0.0,0.0,0.03,0.08,0.0,255,6,0.02,0.07,0.0,0.0,1.0,1.0,0.0,1,26673.0
0,1,45,5,0,0,0,0,0,0,0,0,0,128,1.0,1.0,0.0,0.0,0.02,0.07,0.0,255,2,0.01,0.07,0.0,0.0,1.0,1.0,0.0,1,56098.0
0,0,14,9,1032,0,0,0,0,0,0,0,0,86,0.0,0.0,0.0,0.0,1.0,0.0,0.0,255,255,1.0,0.0,1.0,0.0,0.0,0.0,0.0,1,45098.0
0,1,17,5,0,0,0,0,0,0,0,0,0,41,1.0,1.0,0.0,0.0,0.32,0.1,0.0,255,60,0.24,0.02,0.01,0.0,1.0,1.0,0.0,1,30790.0
0,1,63,5,0,0,0,0,0,0,0,0,0,123,1.0,1.0,0.0,0.0,0.02,0.07,0.0,255,3,0.01,0.06,0.0,0.0,1.0,1.0,0.0,1,99490.0
0,0,13,9,8,0,0,0,0,0,0,0,0,1,0.0,0.0,0.0,0.0,1.0,0.0,1.0,1,19,1.0,0.0,1.0,0.53,0.0,0.0,0.0,1,73978.0
0,1,10,5,0,0,0,0,0,0,0,0,0,273,1.0,1.0,0.0,0.0,0.05,0.07,0.0,255,13,0.05,0.07,0.0,0.0,1.0,1.0,0.0,1,58920.0
0,1,17,5,0,0,0,0,0,0,0,0,0,7,1.0,1.0,0.0,0.0,0.29,0.57,0.0,255,46,0.18,0.05,0.02,0.0,1.0,1.0,0.0,1,92831.0
0,1,66,1,0,0,0,0,0,0,0,0,0,224,0.0,0.0,1.0,1.0,0.02,0.07,0.0,255,4,0.02,0.07,0.0,0.0,0.0,0.0,1.0,1,11467.0
0,1,19,9,11842,0,0,0,0,0,0,0,0,1,0.0,0.0,0.0,0.0,1.0,0.0,0.0,32,4,0.12,0.06,0.12,0.0,0.0,0.0,0.0,0,45462.0
0,1,6,5,0,0,0,0,0,0,0,0,0,268,1.0,1.0,0.0,0.0,0.04,0.06,0.0,255,12,0.05,0.09,0.0,0.0,1.0,1.0,0.0,1,108738.0
0,1,7,5,0,0,0,0,0,0,0,0,0,258,1.0,1.0,0.0,0.0,0.07,0.05,0.0,255,18,0.07,0.05,0.0,0.0,1.0,1.0,0.0,1,106752.0
1,1,51,9,904,334,0,0,1,0,0,0,0,2,0.0,0.0,0.0,0.0,0.5,1.0,0.0,69,133,0.25,0.06,0.01,0.02,0.0,0.01,0.0,0,101189.0
0,1,15,5,0,0,0,0,0,0,0,0,0,144,1.0,1.0,0.0,0.0,0.1,0.06,0.0,255,14,0.05,0.06,0.0,0.0,1.0,1.0,0.0,1,42130.0
0,1,19,9,71,0,0,0,0,0,0,0,0,1,0.0,0.0,0.0,0.0,1.0,0.0,0.0,255,35,0.14,0.06,0.14,0.0,0.75,0.0,0.0,0,100643.0
0,1,22,9,255,438,0,0,1,0,0,0,0,15,0.0,0.0,0.0,0.0,1.0,0.0,0.0,255,255,1.0,0.0,0.0,0.0,0.0,0.0,0.0,0,93837.0
0,2,11,9,44,70,0,0,0,0,0,0,0,202,0.0,0.0,0.0,0.0,1.0,0.01,0.01,255,254,1.0,0.01,0.0,0.0,0.0,0.0,0.0,0,88074.0
0,1,22,9,160,10873,0,0,1,0,0,0,0,1,0.0,0.0,0.0,0.0,1.0,0.0,0.0,1,255,1.0,0.0,1.0,0.01,0.0,0.0,0.0,0,101272.0
0,0,13,9,8,0,0,0,0,0,0,0,0,1,0.0,0.0,0.0,0.0,1.0,0.0,1.0,2,86,1.0,0.0,1.0,0.5,0.0,0.0,0.0,1,98843.0
0,1,22,9,225,550,0,0,1,0,0,0,0,20,0.0,0.0,0.0,0.0,1.0,0.0,0.0,255,255,1.0,0.0,0.0,0.0,0.0,0.0,0.0,0,29049.0
2976,2,41,9,147,105,0,0,0,0,0,0,0,1,0.0,0.0,0.0,0.0,1.0,0.0,0.0,255,4,0.02,0.67,0.98,0.0,0.0,0.0,0.0,0,18563.0
0,1,46,5,0,0,0,0,0,0,0,0,0,135,1.0,1.0,0.0,0.0,0.04,0.06,0.0,255,3,0.01,0.08,0.0,0.0,1.0,1.0,0.0,1,106496.0
0,1,46,1,0,0,0,0,0,0,0,0,0,1,0.0,0.0,1.0,1.0,1.0,0.0,0.0,25,2,0.04,1.0,0.04,1.0,0.0,0.0,1.0,1,97556.0
0,1,46,5,0,0,0,0,0,0,0,0,0,60,1.0,1.0,0.0,0.0,0.05,0.07,0.0,255,17,0.07,0.05,0.0,0.0,1.0,1.0,0.0,1,23425.0
0,1,22,1,0,0,0,0,0,0,0,0,0,23,0.0,0.0,0.83,0.83,1.0,0.0,0.0,176,187,1.0,0.0,0.01,0.03,0.01,0.01,0.36,0,78457.0
0,0,13,9,8,0,0,0,0,0,0,0,0,1,0.0,0.0,0.0,0.0,1.0,0.0,1.0,2,255,1.0,0.0,1.0,0.5,0.0,0.0,0.0,1,58375.0
0,1,30,5,0,0,0,0,0,0,0,0,0,255,1.0,1.0,0.0,0.0,0.03,0.05,0.0,255,14,0.05,0.08,0.0,0.0,1.0,1.0,0.0,1,1762.0
0,1,41,1,0,0,0,0,0,0,0,0,0,511,0.21,0.0,0.79,1.0,0.0,1.0,0.0,255,1,0.0,1.0,0.0,0.0,0.26,0.0,1.0,1,99591.0
0,1,63,5,0,0,0,0,0,0,0,0,0,121,1.0,1.0,0.0,0.0,0.13,0.06,0.0,255,16,0.06,0.06,0.0,0.0,1.0,1.0,0.0,1,36238.0
0,2,11,9,30,30,0,0,0,0,0,0,0,3,0.0,0.0,0.0,0.0,0.67,0.67,0.67,8,7,0.88,0.25,0.12,0.0,0.0,0.0,0.0,0,38400.0
0,1,51,9,621,327,0,0,1,0,0,0,0,1,0.0,0.0,0.0,0.0,1.0,0.0,0.0,177,135,0.66,0.02,0.01,0.01,0.0,0.0,0.0,0,108697.0
22,1,18,9,341,1069,0,6,1,0,0,0,0,1,0.0,0.0,0.0,0.0,1.0,0.0,0.0,150,36,0.24,0.05,0.01,0.0,0.0,0.0,0.0,0,64167.0
0,1,17,5,0,0,0,0,0,0,0,0,0,2,0.5,0.5,0.0,0.0,1.0,0.0,0.0,191,10,0.04,0.03,0.01,0.2,0.01,0.1,0.0,0,59682.0
0,1,22,9,341,1221,0,0,1,0,0,0,0,12,0.0,0.0,0.0,0.0,1.0,0.0,0.0,255,255,1.0,0.0,0.0,0.0,0.0,0.0,0.0,0,45545.0
0,1,65,5,0,0,0,0,0,0,0,0,0,23,1.0,1.0,0.0,0.0,0.13,0.26,0.0,255,3,0.01,0.08,0.0,0.0,1.0,1.0,0.0,1,61918.0
0,1,46,5,0,0,0,0,0,0,0,0,0,132,1.0,1.0,0.0,0.0,0.14,0.06,0.0,255,19,0.07,0.07,0.0,0.0,1.0,1.0,0.0,1,19190.0
0,1,46,5,0,0,0,0,0,0,0,0,0,114,1.0,1.0,0.0,0.0,0.08,0.06,0.0,255,15,0.06,0.06,0.0,0.0,1.0,1.0,0.0,1,117500.0
0,1,22,9,404,10908,0,0,1,0,0,0,0,1,0.0,0.0,0.0,0.0,1.0,0.0,0.75,255,255,1.0,0.0,0.0,0.0,0.0,0.0,0.0,0,79306.0
0,1,57,6,89,2832,0,0,1,0,0,0,0,1,1.0,1.0,0.0,0.0,1.0,0.0,0.0,123,19,0.15,0.58,0.01,0.0,0.02,0.16,0.05,0,85150.0
0,1,22,9,244,5061,0,0,1,0,0,0,0,2,0.0,0.0,0.0,0.0,1.0,0.0,0.0,255,255,1.0,0.0,0.0,0.0,0.0,0.0,0.0,0,78150.0
0,0,14,9,1032,0,0,0,0,0,0,0,0,511,0.0,0.0,0.0,0.0,1.0,0.0,0.0,255,31,0.12,0.1,0.12,0.0,0.1,0.0,0.0,1,63412.0
0,2,46,9,28,0,3,0,0,0,0,0,0,82,0.0,0.0,0.0,0.0,1.0,0.0,0.0,255,82,0.32,0.04,0.32,0.0,0.02,0.0,0.0,1,32514.0
0,1,2,5,0,0,0,0,0,0,0,0,0,247,1.0,1.0,0.0,0.0,0.1,0.05,0.0,255,25,0.1,0.06,0.0,0.0,1.0,1.0,0.0,1,112237.0
0,1,33,1,0,0,0,0,0,0,0,0,0,245,0.0,0.0,1.0,1.0,0.04,0.07,0.0,255,11,0.04,0.07,0.0,0.0,0.0,0.0,1.0,1,45962.0
0,1,22,9,233,4759,0,0,1,0,0,0,0,14,0.0,0.0,0.0,0.0,1.0,0.0,0.0,133,255,1.0,0.0,0.01,0.01,0.0,0.0,0.0,0,691.0
0,1,22,9,216,808,0,0,1,0,0,0,0,9,0.0,0.0,0.0,0.0,1.0,0.0,0.0,9,255,1.0,0.0,0.11,0.03,0.0,0.0,0.0,0,106038.0
0,1,22,9,307,1112,0,0,1,0,0,0,0,12,0.0,0.0,0.0,0.0,1.0,0.0,0.1,82,255,1.0,0.0,0.01,0.02,0.0,0.0,0.0,0,33053.0
0,1,22,9,294,832,0,0,1,0,0,0,0,8,0.0,0.0,0.0,0.0,1.0,0.0,0.0,171,255,1.0,0.0,0.01,0.02,0.0,0.0,0.0,0,66557.0
0,1,10,5,0,0,0,0,0,0,0,0,0,147,1.0,1.0,0.0,0.0,0.12,0.06,0.0,255,2,0.01,0.08,0.0,0.0,1.0,1.0,0.0,1,44007.0
0,1,19,9,9,0,0,0,1,0,0,0,0,2,0.0,0.0,0.0,0.0,1.0,0.0,0.0,22,95,0.09,0.14,0.09,0.02,0.05,0.0,0.0,0,20526.0
0,1,19,5,0,0,0,0,0,0,0,0,0,29,1.0,1.0,0.0,0.0,0.1,0.14,0.0,255,43,0.17,0.03,0.0,0.0,1.0,1.0,0.0,1,70534.0
0,1,46,5,0,0,0,0,0,0,0,0,0,285,1.0,1.0,0.0,0.0,0.02,0.06,0.0,255,10,0.04,0.06,0.0,0.0,1.0,1.0,0.0,1,72097.0
0,1,4,5,0,0,0,0,0,0,0,0,0,235,1.0,1.0,0.0,0.0,0.08,0.06,0.0,255,18,0.07,0.07,0.0,0.0,1.0,1.0,0.0,1,82579.0
0,1,22,9,294,1214,0,0,1,0,0,0,0,18,0.0,0.0,0.0,0.0,1.0,0.0,0.0,73,255,1.0,0.0,0.01,0.03,0.0,0.01,0.0,0,84608.0
0,1,46,1,0,0,0,0,0,0,0,0,0,121,0.01,0.0,0.92,1.0,0.01,1.0,0.0,255,1,0.0,0.49,0.01,0.0,0.0,0.0,1.0,1,27891.0
0,1,22,9,341,21816,0,0,1,0,0,0,0,1,0.0,0.0,0.0,0.0,1.0,0.0,0.5,14,255,1.0,0.0,0.07,0.01,0.0,0.0,0.0,0,123497.0
0,2,11,9,34,88,0,0,0,0,0,0,0,1,0.0,0.0,0.0,0.0,1.0,0.0,1.0,255,249,0.98,0.01,0.0,0.0,0.0,0.0,0.0,0,23076.0
0,2,11,9,42,42,0,0,0,0,0,0,0,2,0.0,0.0,0.0,0.0,1.0,0.0,0.67,255,248,0.97,0.01,0.01,0.0,0.0,0.0,0.0,0,122193.0
0,1,2,5,0,0,0,0,0,0,0,0,0,265,1.0,1.0,0.0,0.0,0.07,0.05,0.0,255,19,0.07,0.05,0.0,0.0,1.0,1.0,0.0,1,45577.0
0,1,19,4,0,0,0,0,0,0,0,0,0,1,0.0,0.0,1.0,1.0,1.0,0.0,0.0,255,1,0.0,0.09,0.08,0.0,0.0,0.0,1.0,1,60440.0
0,0,13,9,8,0,0,0,0,0,0,0,0,1,0.0,0.0,0.0,0.0,1.0,0.0,1.0,2,34,1.0,0.0,1.0,0.5,0.0,0.0,0.0,1,33048.0
0,1,22,9,300,2507,0,0,1,0,0,0,0,5,0.0,0.0,0.0,0.0,1.0,0.0,0.0,29,22,0.76,0.07,0.03,0.0,0.03,0.05,0.0,0,83739.0
0,1,22,9,310,9158,0,0,1,0,0,0,0,2,0.0,0.0,0.0,0.0,1.0,0.0,0.0,142,255,1.0,0.0,0.01,0.01,0.0,0.0,0.0,0,69449.0
0,1,22,9,309,854,0,0,1,0,0,0,0,7,0.14,0.22,0.0,0.0,1.0,0.0,0.22,189,255,1.0,0.0,0.01,0.02,0.01,0.0,0.0,0,27922.0
0,1,10,1,0,0,0,0,0,0,0,0,0,236,0.0,0.0,1.0,1.0,0.03,0.06,0.0,255,8,0.03,0.06,0.0,0.0,0.0,0.0,1.0,1,27019.0
0,0,14,9,1480,0,1,0,0,0,0,0,0,2,0.0,0.0,0.0,0.0,1.0,0.0,0.5,4,151,1.0,0.0,1.0,0.07,0.0,0.0,0.0,1,14979.0
0,2,11,9,42,42,0,0,0,0,0,0,0,5,0.0,0.0,0.0,0.0,1.0,0.0,0.38,255,248,0.97,0.01,0.0,0.0,0.0,0.0,0.0,0,99959.0
0,1,19,9,5150,0,0,0,1,0,0,0,0,1,0.0,0.0,0.0,0.0,1.0,0.0,0.0,149,61,0.21,0.03,0.21,0.03,0.0,0.0,0.0,0,99769.0
0,2,11,9,46,137,0,0,0,0,0,0,0,180,0.0,0.0,0.0,0.0,1.0,0.0,0.0,255,251,0.98,0.01,0.0,0.0,0.0,0.0,0.0,0,102417.0
0,1,22,9,275,10056,0,0,1,0,0,0,0,9,0.0,0.0,0.0,0.0,1.0,0.0,0.2,32,255,1.0,0.0,0.03,0.02,0.0,0.0,0.0,0,90681.0
0,1,22,9,405,23786,0,0,1,0,0,0,0,1,0.0,0.0,0.0,0.0,1.0,0.0,0.0,9,255,1.0,0.0,0.11,0.05,0.0,0.0,0.0,0,473.0
0,2,46,9,105,145,0,0,0,0,0,0,0,1,0.0,0.0,0.0,0.0,1.0,0.0,0.0,23,23,1.0,0.0,0.04,0.0,0.0,0.0,0.0,0,3879.0
0,0,13,9,8,0,0,0,0,0,0,0,0,2,0.5,0.0,0.0,0.0,0.5,1.0,0.0,17,6,0.35,0.71,0.35,0.0,0.53,0.0,0.0,0,97506.0
0,1,19,5,0,0,0,0,0,0,0,0,0,22,1.0,1.0,0.0,0.0,0.18,0.18,0.0,255,64,0.25,0.02,0.01,0.0,1.0,1.0,0.0,1,78389.0
0,1,22,9,307,468,0,0,1,0,0,0,0,2,0.0,0.0,0.0,0.0,1.0,0.0,0.0,212,255,1.0,0.0,0.0,0.02,0.0,0.0,0.0,0,58807.0
0,0,14,9,1032,0,0,0,0,0,0,0,0,511,0.0,0.0,0.0,0.0,1.0,0.0,0.0,255,197,0.77,0.01,0.77,0.0,0.0,0.0,0.0,1,102988.0
0,1,51,9,1370,326,0,0,1,0,0,0,0,1,0.0,0.0,0.0,0.0,1.0,0.0,1.0,17,103,0.41,0.18,0.06,0.02,0.0,0.0,0.0,0,56342.0
0,1,16,5,0,0,0,0,0,0,0,0,0,119,1.0,1.0,0.0,0.0,0.19,0.05,0.0,255,23,0.09,0.05,0.0,0.0,1.0,1.0,0.0,1,125391.0
0,1,60,5,0,0,0,0,0,0,0,0,0,232,1.0,1.0,0.0,0.0,0.03,0.06,0.0,255,6,0.02,0.06,0.0,0.0,1.0,1.0,0.0,1,42710.0
0,2,41,9,147,0,0,0,0,0,0,0,0,5,0.0,0.0,0.0,0.0,0.2,0.6,0.0,255,4,0.02,0.51,0.95,0.0,0.0,0.0,0.0,0,14637.0
0,1,17,5,0,0,0,0,0,0,0,0,0,19,1.0,1.0,0.0,0.0,0.53,0.11,0.0,255,70,0.27,0.02,0.01,0.0,1.0,1.0,0.0,1,74208.0
0,0,13,9,8,0,0,0,0,0,0,0,0,1,0.0,0.0,0.0,0.0,1.0,0.0,1.0,2,255,1.0,0.0,1.0,0.5,0.0,0.0,0.0,1,59226.0
0,1,8,2,0,0,0,0,0,0,0,0,0,277,0.0,0.0,1.0,1.0,0.03,0.06,0.0,255,9,0.04,0.07,0.0,0.0,0.0,0.0,1.0,1,108776.0
0,1,22,9,289,183,0,0,1,0,0,0,0,1,0.0,0.0,0.0,0.0,1.0,0.0,0.5,255,255,1.0,0.0,0.0,0.0,0.0,0.0,0.0,0,4358.0
0,0,13,9,8,0,0,0,0,0,0,0,0,1,0.0,0.0,0.0,0.0,1.0,0.0,1.0,1,75,1.0,0.0,1.0,0.51,0.0,0.0,0.0,1,73186.0
0,1,65,5,0,0,0,0,0,0,0,0,0,277,1.0,1.0,0.0,0.0,0.06,0.04,0.0,255,12,0.05,0.05,0.0,0.0,1.0,1.0,0.0,1,115448.0
0,1,22,9,282,11476,0,0,1,0,0,0,0,6,0.0,0.0,0.0,0.0,1.0,0.0,0.0,6,255,1.0,0.0,0.17,0.05,0.0,0.0,0.0,0,110966.0
0,1,22,9,212,285,0,0,1,0,0,0,0,4,0.0,0.0,0.0,0.0,1.0,0.0,0.0,202,255,1.0,0.0,0.0,0.01,0.0,0.0,0.0,0,102532.0
0,1,22,9,239,4198,0,0,1,0,0,0,0,1,0.0,0.0,0.0,0.0,1.0,0.0,1.0,29,255,1.0,0.0,0.03,0.02,0.0,0.0,0.0,0,74130.0
0,1,46,5,0,0,0,0,0,0,0,0,0,210,1.0,1.0,0.0,0.0,0.03,0.08,0.0,255,7,0.03,0.08,0.0,0.0,1.0,1.0,0.0,1,9784.0
0,1,46,5,0,0,0,0,0,0,0,0,0,269,1.0,1.0,0.0,0.0,0.01,0.06,0.0,255,4,0.02,0.08,0.0,0.0,1.0,1.0,0.0,1,51304.0
0,1,22,9,192,6874,0,0,1,0,0,0,0,20,0.0,0.0,0.0,0.0,1.0,0.0,0.0,246,255,1.0,0.0,0.0,0.02,0.0,0.0,0.0,0,25014.0
0,1,22,9,261,391,0,0,1,0,0,0,0,12,0.0,0.0,0.0,0.0,1.0,0.0,0.12,255,255,1.0,0.0,0.0,0.0,0.0,0.0,0.0,0,12227.0
0,1,64,5,0,0,0,0,0,0,0,0,0,198,1.0,1.0,0.0,0.0,0.02,0.06,0.0,255,3,0.01,0.06,0.0,0.0,1.0,1.0,0.0,1,95206.0
0,1,22,1,0,0,0,0,0,0,0,0,0,1,0.0,0.0,1.0,1.0,1.0,0.0,1.0,16,253,1.0,0.0,0.06,0.15,0.0,0.0,1.0,0,64705.0
0,0,14,9,8,0,0,0,0,0,0,0,0,1,0.0,0.0,0.0,0.0,1.0,0.0,0.0,3,3,1.0,0.0,1.0,0.0,0.0,0.0,0.0,1,5142.0
0,2,11,9,44,120,0,0,0,0,0,0,0,105,0.0,0.0,0.0,0.0,0.99,0.02,0.02,255,254,1.0,0.01,0.0,0.0,0.0,0.0,0.0,0,105486.0
0,1,22,9,307,635,0,0,1,0,0,0,0,35,0.0,0.0,0.0,0.0,1.0,0.0,0.0,255,255,1.0,0.0,0.0,0.0,0.0,0.0,0.0,0,10357.0
0,1,22,9,239,11592,0,0,1,0,0,0,0,6,0.0,0.0,0.0,0.0,1.0,0.0,0.0,69,255,1.0,0.0,0.01,0.04,0.0,0.0,0.0,0,90946.0
22276,1,46,4,1,0,0,0,0,0,0,0,0,2,0.0,0.0,1.0,1.0,1.0,0.0,0.0,255,2,0.01,0.73,1.0,0.0,0.0,0.0,1.0,1,124919.0
0,1,60,5,0,0,0,0,0,0,0,0,0,292,1.0,1.0,0.0,0.0,0.08,0.05,0.0,255,24,0.09,0.05,0.0,0.0,1.0,1.0,0.0,1,53150.0
0,1,19,9,12324,0,0,0,0,0,0,0,0,1,0.0,0.0,0.0,0.0,1.0,0.0,0.0,33,27,0.15,0.09,0.15,0.07,0.0,0.0,0.0,0,36467.0
93,1,51,9,1357,330,0,0,1,0,0,0,0,1,0.0,0.0,0.0,0.0,1.0,0.0,0.0,146,86,0.36,0.49,0.01,0.02,0.0,0.0,0.01,0,121415.0
0,1,66,5,0,0,0,0,0,0,0,0,0,232,1.0,1.0,0.0,0.0,0.06,0.06,0.0,255,14,0.05,0.07,0.0,0.0,1.0,1.0,0.0,1,14039.0
0,1,27,5,0,0,0,0,0,0,0,0,0,142,1.0,1.0,0.0,0.0,0.08,0.06,0.0,255,12,0.05,0.07,0.0,0.0,1.0,1.0,0.0,1,23804.0
0,0,14,9,1032,0,0,0,0,0,0,0,0,511,0.0,0.0,0.0,0.0,1.0,0.0,0.0,255,118,0.46,0.18,0.46,0.0,0.0,0.0,0.0,1,26627.0
0,1,22,9,329,1443,0,0,1,0,0,0,0,25,0.0,0.0,0.0,0.0,1.0,0.0,0.0,47,255,1.0,0.0,0.02,0.02,0.0,0.02,0.0,0,72630.0
0,1,22,9,222,336,0,0,1,0,0,0,0,8,0.0,0.0,0.0,0.0,1.0,0.0,0.13,255,255,1.0,0.0,0.0,0.0,0.0,0.0,0.0,0,120036.0
0,1,46,5,0,0,0,0,0,0,0,0,0,222,1.0,1.0,0.0,0.0,0.02,0.06,0.0,255,18,0.07,0.06,0.0,0.0,1.0,1.0,0.0,1,35585.0
0,1,22,9,280,261,0,0,1,0,0,0,0,14,0.0,0.0,0.0,0.0,1.0,0.0,0.12,35,255,1.0,0.0,0.03,0.05,0.0,0.0,0.0,0,33792.0
0,1,57,5,0,0,0,0,0,0,0,0,0,109,1.0,1.0,0.0,0.0,0.08,0.06,0.0,255,28,0.11,0.06,0.0,0.0,1.0,1.0,0.0,1,84802.0
0,1,32,1,0,0,0,0,0,0,0,0,0,278,0.0,0.0,1.0,1.0,0.04,0.06,0.0,255,10,0.04,0.07,0.0,0.0,0.0,0.0,1.0,1,43471.0
0,1,22,9,345,1066,0,0,1,0,0,0,0,4,0.0,0.0,0.0,0.0,1.0,0.0,0.0,255,255,1.0,0.0,0.0,0.0,0.0,0.0,0.0,0,107727.0
0,1,9,5,0,0,0,0,0,0,0,0,0,259,1.0,1.0,0.0,0.0,0.05,0.06,0.0,255,7,0.03,0.05,0.0,0.0,1.0,1.0,0.0,1,70011.0
0,1,25,5,0,0,0,0,0,0,0,0,0,287,1.0,1.0,0.0,0.0,0.06,0.06,0.0,255,6,0.02,0.07,0.0,0.0,1.0,1.0,0.0,1,99748.0
0,1,38,5,0,0,0,0,0,0,0,0,0,99,1.0,1.0,0.0,0.0,0.01,0.06,0.0,255,10,0.04,0.05,0.0,0.0,1.0,1.0,0.0,1,61565.0
0,1,38,5,0,0,0,0,0,0,0,0,0,141,1.0,1.0,0.0,0.0,0.12,0.06,0.0,255,17,0.07,0.06,0.0,0.0,1.0,1.0,0.0,1,1601.0
0,1,32,1,0,0,0,0,0,0,0,0,0,237,0.0,0.0,1.0,1.0,0.03,0.07,0.0,255,7,0.03,0.08,0.0,0.0,0.0,0.0,1.0,1,31442.0
0,1,22,9,211,3358,0,0,1,0,0,0,0,21,0.0,0.0,0.0,0.0,1.0,0.0,0.0,255,255,1.0,0.0,0.0,0.0,0.0,0.0,0.0,0,25298.0
0,1,46,5,0,0,0,0,0,0,0,0,0,229,1.0,1.0,0.0,0.0,0.05,0.06,0.0,255,12,0.05,0.07,0.0,0.0,1.0,1.0,0.0,1,10921.0
0,1,46,5,0,0,0,0,0,0,0,0,0,94,1.0,1.0,0.0,0.0,0.03,0.06,0.0,255,19,0.07,0.06,0.0,0.0,1.0,1.0,0.0,1,118993.0
5032,1,19,9,5131424,0,0,2,1,0,0,0,0,1,0.0,0.0,0.0,0.0,1.0,0.0,1.0,6,33,1.0,0.0,1.0,0.12,0.0,0.0,0.0,0,30712.0
0,0,14,9,520,0,0,0,0,0,0,0,0,95,0.0,0.0,0.0,0.0,1.0,0.0,0.0,255,255,1.0,0.0,1.0,0.0,0.0,0.0,0.0,1,68602.0
0,0,13,9,8,0,0,0,0,0,0,0,0,1,0.0,0.0,0.0,0.0,1.0,0.0,1.0,2,86,1.0,0.0,1.0,0.5,0.0,0.0,0.0,1,6871.0
0,2,11,9,33,49,0,0,0,0,0,0,0,2,0.0,0.0,0.0,0.0,1.0,0.0,0.45,255,237,0.93,0.01,0.01,0.0,0.0,0.0,0.0,0,78984.0
0,1,22,9,246,763,0,0,1,0,0,0,0,5,0.0,0.0,0.0,0.0,1.0,0.0,0.0,91,255,1.0,0.0,0.01,0.03,0.0,0.0,0.0,0,82382.0
0,1,22,9,265,255,0,0,1,0,0,0,0,22,0.0,0.0,0.0,0.0,1.0,0.0,0.16,255,255,1.0,0.0,0.0,0.0,0.0,0.0,0.0,0,41315.0
2,1,19,9,2194619,0,0,0,1,0,0,0,0,1,0.0,0.0,0.0,0.0,1.0,0.0,0.0,46,81,0.63,0.04,0.63,0.02,0.0,0.0,0.0,0,84487.0
9190,2,41,9,145,105,0,0,0,0,0,0,0,1,0.0,0.0,0.0,0.0,1.0,0.0,0.0,255,1,0.0,0.66,0.96,0.0,0.0,0.0,0.0,0,26861.0
0,1,22,9,192,1587,0,0,1,0,0,0,0,2,0.0,0.0,0.0,0.0,1.0,0.0,0.0,20,255,1.0,0.0,0.05,0.02,0.0,0.0,0.0,0,35304.0
0,1,17,5,0,0,0,0,0,0,0,0,0,247,1.0,1.0,0.0,0.0,0.08,0.07,0.0,255,19,0.07,0.08,0.0,0.0,1.0,1.0,0.0,1,117730.0
22721,1,46,4,1,0,0,0,0,0,0,0,0,2,0.0,0.0,1.0,1.0,1.0,0.0,0.0,255,2,0.01,0.73,1.0,0.0,0.0,0.0,1.0,1,102422.0
0,1,22,9,298,2445,0,0,1,0,0,0,0,4,0.0,0.0,0.0,0.0,1.0,0.0,0.22,255,255,1.0,0.0,0.0,0.0,0.0,0.0,0.01,0,87992.0
0,1,46,5,0,0,0,0,0,0,0,0,0,278,1.0,1.0,0.0,0.0,0.0,0.05,0.0,255,1,0.0,0.06,0.0,0.0,1.0,1.0,0.0,1,1380.0
0,1,22,9,320,870,0,0,1,0,0,0,0,9,0.0,0.0,0.0,0.0,1.0,0.0,0.0,255,255,1.0,0.0,0.0,0.0,0.0,0.0,0.0,0,28836.0
0,2,46,9,105,147,0,0,0,0,0,0,0,8,0.0,0.0,0.0,0.0,0.12,0.25,0.0,255,209,0.82,0.01,0.0,0.0,0.0,0.0,0.0,0,40970.0
0,1,22,9,338,10554,0,0,1,0,0,0,0,2,0.0,0.0,0.0,0.0,1.0,0.0,0.67,113,255,1.0,0.0,0.01,0.01,0.0,0.0,0.0,0,51285.0
0,1,26,5,0,0,0,0,0,0,0,0,0,231,1.0,1.0,0.0,0.0,0.06,0.06,0.0,255,13,0.05,0.06,0.0,0.0,1.0,1.0,0.0,1,54770.0
0,2,11,9,45,130,0,0,0,0,0,0,0,67,0.0,0.0,0.0,0.0,1.0,0.0,0.01,255,243,0.95,0.01,0.0,0.0,0.0,0.0,0.0,0,58033.0
0,1,44,9,52,1066,0,0,1,0,0,0,0,1,0.0,0.0,0.0,0.0,1.0,0.0,0.0,105,5,0.03,0.09,0.01,0.4,0.01,0.0,0.0,0,16218.0
0,1,6,1,0,0,0,0,0,0,0,0,0,2,0.0,0.0,1.0,1.0,0.5,1.0,0.0,255,1,0.0,1.0,1.0,0.0,0.0,0.0,1.0,1,631.0
0,1,46,5,0,0,0,0,0,0,0,0,0,147,1.0,1.0,0.0,0.0,0.07,0.07,0.0,255,11,0.04,0.05,0.0,0.0,1.0,1.0,0.0,1,45655.0
0,2,11,9,45,71,0,0,0,0,0,0,0,258,0.0,0.0,0.0,0.0,1.0,0.0,0.0,255,226,0.89,0.01,0.0,0.0,0.0,0.0,0.0,0,87674.0
0,1,46,4,0,0,0,0,0,0,0,0,0,1,0.0,0.0,1.0,1.0,1.0,0.0,0.0,244,1,0.0,0.33,0.31,0.0,0.0,0.0,1.0,1,73008.0
0,1,19,9,10272,0,0,0,1,0,0,0,0,11,0.0,0.0,0.0,0.0,1.0,0.0,0.0,21,121,0.81,0.14,0.81,0.02,0.0,0.0,0.0,0,102591.0
0,1,17,5,0,0,0,0,0,0,0,0,0,22,1.0,1.0,0.0,0.0,0.32,0.18,0.0,255,67,0.26,0.02,0.0,0.0,1.0,1.0,0.0,1,5247.0
0,1,31,5,0,0,0,0,0,0,0,0,0,106,1.0,1.0,0.0,0.0,0.23,0.06,0.0,255,24,0.09,0.06,0.0,0.0,1.0,1.0,0.0,1,19988.0
0,1,41,1,0,0,0,0,0,0,0,0,0,511,0.05,0.0,0.95,1.0,0.0,0.96,0.0,255,1,0.0,0.99,0.0,0.0,0.02,0.0,1.0,1,69760.0
0,1,60,5,0,0,0,0,0,0,0,0,0,204,1.0,1.0,0.0,0.0,0.01,0.07,0.0,255,7,0.03,0.07,0.0,0.0,1.0,1.0,0.0,1,26836.0
0,2,46,9,215,0,0,0,0,0,0,0,0,1,0.0,0.0,0.0,0.0,1.0,0.0,0.0,211,179,0.85,0.01,0.85,0.0,0.0,0.0,0.0,1,107602.0
4169,1,41,4,1,0,0,0,0,0,0,0,0,2,0.0,0.0,1.0,1.0,1.0,0.0,0.0,255,2,0.01,0.73,1.0,0.0,0.0,0.0,1.0,1,47320.0
0,1,19,9,383,0,0,0,1,0,0,0,0,2,0.0,0.0,0.0,0.0,1.0,0.0,0.0,11,20,0.27,0.27,0.27,0.15,0.0,0.0,0.0,0,100680.0
2,1,19,9,2194619,0,0,0,1,0,0,0,0,2,0.0,0.0,0.0,0.0,1.0,0.0,0.0,10,35,0.6,0.4,0.6,0.06,0.0,0.0,0.0,0,1244.0
0,1,63,5,0,0,0,0,0,0,0,0,0,147,1.0,1.0,0.0,0.0,0.12,0.05,0.0,255,18,0.07,0.06,0.0,0.0,1.0,1.0,0.0,1,29970.0
0,1,22,9,214,1099,0,0,1,0,0,0,0,33,0.0,0.0,0.0,0.0,1.0,0.0,0.06,33,255,1.0,0.0,0.03,0.04,0.0,0.0,0.0,0,4491.0
36570,1,46,4,1,0,0,0,0,0,0,0,0,2,0.0,0.0,1.0,1.0,1.0,0.0,0.0,255,2,0.01,0.5,1.0,0.0,0.0,0.0,1.0,1,83490.0
0,1,41,5,0,0,0,0,0,0,0,0,0,509,0.2,1.0,0.79,0.0,0.0,1.0,0.0,255,1,0.0,1.0,0.0,0.0,0.15,1.0,0.0,1,95149.0
0,1,31,2,0,0,0,0,0,0,0,0,0,133,0.0,0.0,1.0,1.0,0.05,0.07,0.0,255,6,0.02,0.06,0.0,0.0,0.0,0.0,1.0,1,70625.0
0,1,22,9,216,1230,0,0,1,0,0,0,0,10,0.0,0.0,0.0,0.0,1.0,0.0,0.0,10,255,1.0,0.0,0.1,0.01,0.0,0.0,0.0,0,58850.0
0,1,19,9,960,0,0,0,1,0,0,0,0,2,0.0,0.0,0.0,0.0,1.0,0.0,0.0,6,6,1.0,0.0,1.0,0.0,0.0,0.0,0.0,0,58687.0
0,1,6,5,0,0,0,0,0,0,0,0,0,266,1.0,1.0,0.0,0.0,0.07,0.05,0.0,255,19,0.07,0.05,0.0,0.0,1.0,1.0,0.0,1,54213.0
0,0,13,9,8,0,0,0,0,0,0,0,0,1,0.0,0.0,0.0,0.0,1.0,0.0,1.0,2,50,1.0,0.0,1.0,0.26,0.0,0.0,0.0,1,27232.0
0,1,22,9,327,304,0,0,1,0,0,0,0,10,0.0,0.0,0.0,0.0,1.0,0.0,0.0,255,255,1.0,0.0,0.0,0.0,0.0,0.0,0.0,0,120233.0
0,1,28,5,0,0,0,0,0,0,0,0,0,77,1.0,1.0,0.0,0.0,0.21,0.05,0.0,255,16,0.06,0.05,0.0,0.0,1.0,1.0,0.0,1,4436.0
0,1,22,9,242,2317,0,0,1,0,0,0,0,2,0.0,0.0,0.0,0.0,1.0,0.0,0.67,72,255,1.0,0.0,0.01,0.07,0.0,0.0,0.0,0,16304.0
0,1,46,5,0,0,0,0,0,0,0,0,0,167,1.0,1.0,0.0,0.0,0.06,0.07,0.0,255,2,0.01,0.07,0.0,0.0,1.0,1.0,0.0,1,106250.0
0,1,46,5,0,0,0,0,0,0,0,0,0,114,1.0,1.0,0.0,0.0,0.05,0.07,0.0,255,9,0.04,0.05,0.0,0.0,1.0,1.0,0.0,1,103883.0
0,1,66,5,0,0,0,0,0,0,0,0,0,227,1.0,1.0,0.0,0.0,0.0,0.07,0.0,255,1,0.0,0.08,0.0,0.0,1.0,1.0,0.0,1,76587.0
0,1,18,5,0,0,0,0,0,0,0,0,0,251,1.0,1.0,0.0,0.0,0.08,0.06,0.0,255,20,0.08,0.08,0.0,0.0,1.0,1.0,0.0,1,40228.0
0,1,46,1,0,0,0,0,0,0,0,0,0,431,0.05,0.0,0.93,1.0,0.0,1.0,0.0,255,1,0.0,1.0,0.0,0.0,0.08,0.0,1.0,1,69302.0
0,1,25,5,0,0,0,0,0,0,0,0,0,278,1.0,1.0,0.0,0.0,0.06,0.06,0.0,255,16,0.06,0.06,0.0,0.0,1.0,1.0,0.0,1,119947.0
0,1,2,5,0,0,0,0,0,0,0,0,0,207,1.0,1.0,0.0,0.0,0.02,0.07,0.0,255,3,0.01,0.08,0.0,0.0,1.0,1.0,0.0,1,26459.0
0,1,26,5,0,0,0,0,0,0,0,0,0,251,1.0,1.0,0.0,0.0,0.06,0.06,0.0,255,14,0.05,0.05,0.0,0.0,1.0,1.0,0.0,1,68669.0
0,1,57,5,0,0,0,0,0,0,0,0,0,266,1.0,1.0,0.0,0.0,0.01,0.05,0.0,255,2,0.01,0.05,0.0,0.0,1.0,1.0,0.0,1,51627.0
0,2,11,9,45,72,0,0,0,0,0,0,0,175,0.0,0.0,0.0,0.0,1.0,0.0,0.0,255,234,0.92,0.01,0.0,0.0,0.0,0.0,0.0,0,74772.0
0,1,22,9,213,1247,0,0,1,0,0,0,0,3,0.33,0.09,0.0,0.09,1.0,0.0,0.18,14,255,1.0,0.0,0.07,0.04,0.07,0.0,0.0,0,38813.0
0,1,7,5,0,0,0,0,0,0,0,0,0,237,1.0,1.0,0.0,0.0,0.07,0.06,0.0,255,16,0.06,0.06,0.0,0.0,1.0,1.0,0.0,1,39246.0
0,1,22,9,227,1719,0,0,1,0,0,0,0,13,0.0,0.0,0.0,0.0,1.0,0.0,0.0,255,255,1.0,0.0,0.0,0.0,0.0,0.0,0.0,0,117136.0
0,1,46,5,0,0,0,0,0,0,0,0,0,168,1.0,1.0,0.0,0.0,0.1,0.07,0.0,255,1,0.0,0.07,0.0,0.0,1.0,1.0,0.0,1,64533.0
0,1,22,9,219,1579,0,0,1,0,0,0,0,11,0.0,0.0,0.0,0.0,1.0,0.0,0.17,60,255,1.0,0.0,0.02,0.02,0.0,0.0,0.0,0,38274.0
0,1,22,9,166,429,0,0,1,0,0,0,0,1,0.0,0.0,0.0,0.0,1.0,0.0,0.0,18,250,1.0,0.0,0.06,0.01,0.0,0.0,0.0,0,65399.0
0,0,13,9,30,0,0,0,0,0,0,0,0,6,0.0,0.0,0.0,0.0,0.33,0.33,0.0,255,2,0.01,0.01,0.05,0.0,0.0,0.0,0.0,0,9302.0
0,1,19,9,641,0,0,0,0,0,0,0,0,2,0.0,0.0,0.0,0.0,1.0,0.0,0.0,41,104,0.22,0.07,0.22,0.02,0.0,0.01,0.0,0,35211.0
0,1,27,5,0,0,0,0,0,0,0,0,0,148,1.0,1.0,0.0,0.0,0.12,0.05,0.0,255,18,0.07,0.06,0.0,0.0,1.0,1.0,0.0,1,49574.0
0,1,22,9,212,253,0,0,1,0,0,0,0,21,0.0,0.0,0.0,0.0,1.0,0.0,0.09,255,255,1.0,0.0,0.0,0.0,0.0,0.0,0.0,0,2951.0
0,1,19,9,641,0,0,0,0,0,0,0,0,1,0.0,0.0,0.0,0.0,1.0,0.0,0.0,115,105,0.44,0.03,0.44,0.02,0.0,0.0,0.0,0,44524.0
0,1,4,5,0,0,0,0,0,0,0,0,0,9,1.0,1.0,0.0,0.0,0.22,0.33,0.0,255,2,0.01,0.07,0.0,0.0,1.0,1.0,0.0,1,871.0
0,1,19,9,334,0,0,0,1,0,0,0,0,1,0.0,0.0,0.0,0.0,1.0,0.0,0.0,1,31,1.0,0.0,1.0,0.16,0.0,0.0,0.0,1,25023.0
0,1,22,9,318,761,0,0,1,0,0,0,0,2,0.0,0.0,0.0,0.0,1.0,0.0,0.67,202,255,1.0,0.0,0.0,0.01,0.0,0.0,0.0,0,123956.0
6,1,51,9,1290,397,0,0,1,0,0,0,0,1,0.0,0.0,0.0,0.0,1.0,0.0,1.0,156,115,0.33,0.03,0.01,0.02,0.0,0.0,0.0,0,37455.0
0,2,11,9,45,125,0,0,0,0,0,0,0,74,0.0,0.0,0.0,0.0,0.99,0.03,0.01,255,236,0.93,0.01,0.0,0.0,0.0,0.0,0.0,0,20897.0
0,1,22,1,0,0,0,0,0,0,0,0,0,1,0.0,0.0,1.0,1.0,1.0,0.0,0.0,38,255,1.0,0.0,0.03,0.19,0.0,0.01,0.99,0,53709.0
0,0,13,9,18,0,0,0,0,0,0,0,0,1,0.0,0.0,0.0,0.0,1.0,0.0,0.0,1,229,1.0,0.0,1.0,1.0,0.0,0.0,0.0,1,82482.0
0,1,22,9,299,12471,0,0,1,0,0,0,0,15,0.0,0.0,0.0,0.0,1.0,0.0,0.0,255,255,1.0,0.0,0.01,0.0,0.0,0.0,0.0,0,1037.0
0,1,51,5,0,0,0,0,0,0,0,0,0,226,1.0,1.0,0.0,0.0,0.0,0.07,0.0,255,19,0.07,0.07,0.0,0.0,1.0,1.0,0.0,1,119810.0
0,1,22,9,253,2445,0,0,1,0,0,0,0,9,0.0,0.0,0.0,0.0,1.0,0.0,0.0,255,255,1.0,0.0,0.0,0.0,0.0,0.0,0.0,0,3907.0
0,1,46,5,0,0,0,0,0,0,0,0,0,188,1.0,1.0,0.0,0.0,0.06,0.06,0.0,255,2,0.01,0.09,0.0,0.0,1.0,1.0,0.0,1,71830.0
0,1,57,5,0,0,0,0,0,0,0,0,0,78,1.0,1.0,0.0,0.0,0.24,0.05,0.0,158,40,0.25,0.03,0.03,0.05,1.0,0.98,0.0,1,33381.0
0,0,13,9,8,0,0,0,0,0,0,0,0,1,0.0,0.0,0.0,0.0,1.0,0.0,1.0,1,73,1.0,0.0,1.0,0.51,0.0,0.0,0.0,1,17512.0
1,2,11,9,42,42,0,0,0,0,0,0,0,3,0.0,0.0,0.0,0.0,1.0,0.0,0.25,255,245,0.96,0.01,0.0,0.0,0.0,0.0,0.0,0,61458.0
0,1,46,5,0,0,0,0,0,0,0,0,0,183,1.0,1.0,0.0,0.0,0.06,0.07,0.0,255,1,0.0,0.07,0.0,0.0,1.0,1.0,0.0,1,22603.0
0,1,22,9,215,1425,0,0,1,0,0,0,0,6,0.0,0.0,0.0,0.0,1.0,0.0,0.0,255,255,1.0,0.0,0.0,0.0,0.0,0.0,0.0,0,7350.0
0,1,22,9,251,6145,0,0,1,0,0,0,0,1,0.0,0.0,0.0,0.0,1.0,0.0,0.0,34,132,1.0,0.0,0.03,0.02,0.0,0.0,0.0,0,116826.0
29,1,57,9,150,7204,0,0,1,0,0,0,0,1,0.0,0.0,0.0,0.0,1.0,0.0,0.0,1,8,1.0,0.0,1.0,0.75,0.0,0.0,0.0,0,86592.0
0,1,22,9,212,682,0,0,1,0,0,0,0,10,0.0,0.0,0.0,0.0,1.0,0.0,0.0,255,255,1.0,0.0,0.0,0.0,0.0,0.0,0.0,0,109012.0
0,1,18,0,135,503,0,18,1,0,0,0,0,1,0.0,0.0,0.0,0.0,1.0,0.0,0.0,213,37,0.17,0.02,0.0,0.0,0.01,0.05,0.0,0,109006.0
0,1,22,9,318,21580,0,0,1,0,0,0,0,3,0.0,0.0,0.0,0.0,1.0,0.0,0.1,3,255,1.0,0.0,0.33,0.04,0.0,0.0,0.0,0,111502.0
0,1,22,9,258,349,0,0,1,0,0,0,0,6,0.0,0.0,0.0,0.0,1.0,0.0,0.0,124,255,1.0,0.0,0.01,0.02,0.0,0.0,0.0,0,43219.0
0,1,22,9,331,7262,0,0,1,0,0,0,0,15,0.0,0.0,0.0,0.0,1.0,0.0,0.0,19,255,1.0,0.0,0.05,0.13,0.0,0.0,0.83,0,60586.0
0,1,22,9,295,1399,0,0,1,0,0,0,0,14,0.0,0.0,0.0,0.0,1.0,0.0,0.0,236,255,1.0,0.0,0.0,0.01,0.0,0.0,0.0,0,27309.0
0,1,22,9,249,8825,0,0,1,0,0,0,0,1,0.0,0.0,0.0,0.0,1.0,0.0,0.36,157,255,1.0,0.0,0.01,0.01,0.0,0.0,0.0,0,29602.0
0,1,51,9,712,330,0,0,1,0,0,0,0,1,0.0,0.0,0.0,0.0,1.0,0.0,0.0,177,156,0.58,0.02,0.01,0.01,0.0,0.0,0.0,0,96458.0
0,1,22,9,213,774,0,0,1,0,0,0,0,22,0.0,0.0,0.0,0.0,1.0,0.0,0.08,255,255,1.0,0.0,0.0,0.0,0.0,0.0,0.0,0,124462.0
0,1,22,9,238,13902,0,0,1,0,0,0,0,2,0.0,0.0,0.0,0.0,1.0,0.0,0.0,186,255,1.0,0.0,0.01,0.03,0.0,0.0,0.0,0,40018.0
0,1,22,9,234,5190,0,0,1,0,0,0,0,12,0.0,0.0,0.0,0.0,1.0,0.0,0.0,12,255,1.0,0.0,0.08,0.06,0.0,0.0,0.0,0,89827.0
0,1,46,5,0,0,0,0,0,0,0,0,0,98,1.0,1.0,0.0,0.0,0.09,0.06,0.0,255,9,0.04,0.07,0.0,0.0,1.0,1.0,0.0,1,68707.0
0,2,11,9,46,46,0,0,0,0,0,0,0,137,0.0,0.0,0.0,0.0,0.99,0.01,0.0,255,254,1.0,0.01,0.0,0.0,0.0,0.0,0.0,0,34398.0
0,2,11,9,44,115,0,0,0,0,0,0,0,112,0.0,0.0,0.0,0.0,1.0,0.0,0.03,255,255,1.0,0.0,0.0,0.0,0.0,0.0,0.0,0,1883.0
37983,1,46,4,1,0,0,0,0,0,0,0,0,2,0.0,0.0,1.0,1.0,1.0,0.0,0.0,255,2,0.01,0.5,1.0,0.0,0.0,0.0,1.0,1,75910.0
0,1,22,9,226,983,0,0,1,0,0,0,0,19,0.0,0.0,0.0,0.0,1.0,0.0,0.12,170,255,1.0,0.0,0.01,0.01,0.0,0.0,0.0,0,68964.0
1,1,51,9,674,327,0,0,1,0,0,0,0,1,0.0,0.0,0.0,0.0,1.0,0.0,1.0,2,137,1.0,0.0,0.5,0.01,0.0,0.0,0.0,0,30777.0
0,1,22,9,327,4058,0,0,1,0,0,0,0,6,0.0,0.0,0.0,0.0,1.0,0.0,0.0,27,255,1.0,0.0,0.04,0.13,0.0,0.0,0.65,0,18617.0
0,1,46,1,0,0,0,0,0,0,0,0,0,509,0.05,0.0,0.94,1.0,0.0,1.0,0.0,255,1,0.0,1.0,0.0,0.0,0.06,0.0,1.0,1,2268.0
0,2,46,9,28,0,3,0,0,0,0,0,0,6,0.0,0.0,0.0,0.0,1.0,0.0,0.0,255,6,0.02,0.01,0.02,0.0,0.0,0.0,0.0,1,98968.0
0,1,22,9,171,13014,0,0,1,0,0,0,0,1,0.0,0.0,0.0,0.0,1.0,0.0,0.14,36,255,1.0,0.0,0.03,0.04,0.0,0.0,0.0,0,60503.0
0,1,22,9,206,1037,0,0,1,0,0,0,0,8,0.0,0.0,0.0,0.0,1.0,0.0,0.0,8,255,1.0,0.0,0.12,0.02,0.0,0.01,0.0,0,14406.0
0,1,22,1,0,0,0,0,0,0,0,0,0,1,0.0,0.0,1.0,1.0,1.0,0.0,0.0,59,219,1.0,0.0,0.02,0.16,0.0,0.0,1.0,0,19957.0
3109,2,41,9,146,105,0,0,0,0,0,0,0,5,0.0,0.0,0.0,0.0,0.2,0.6,0.0,255,1,0.0,0.48,0.91,0.0,0.0,0.0,0.0,0,108947.0
0,1,28,5,0,0,0,0,0,0,0,0,0,135,1.0,1.0,0.0,0.0,0.16,0.04,0.0,255,22,0.09,0.05,0.0,0.0,1.0,1.0,0.0,1,26763.0
0,1,22,9,203,379,0,0,1,0,0,0,0,39,0.0,0.0,0.0,0.0,1.0,0.0,0.05,255,255,1.0,0.0,0.0,0.0,0.0,0.0,0.0,0,37768.0
0,1,51,9,1273,492,0,0,1,0,0,0,0,1,0.0,0.0,0.0,0.0,1.0,0.0,1.0,70,244,0.96,0.03,0.01,0.01,0.0,0.0,0.0,0,58345.0
0,1,22,1,0,0,0,0,0,0,0,0,0,1,0.0,0.0,1.0,1.0,1.0,0.0,0.0,24,255,1.0,0.0,0.04,0.04,0.0,0.0,0.06,0,50391.0
0,1,22,9,211,2420,0,0,1,0,0,0,0,2,0.0,0.0,0.0,0.0,1.0,0.0,0.67,255,255,1.0,0.0,0.0,0.0,0.0,0.0,0.0,0,85019.0
0,1,22,5,0,0,0,0,0,0,0,0,0,7,0.86,1.0,0.14,0.0,0.86,0.29,0.0,255,7,0.03,0.06,0.0,0.0,1.0,1.0,0.0,1,103298.0
0,1,64,5,0,0,0,0,0,0,0,0,0,64,1.0,1.0,0.0,0.0,0.28,0.08,0.0,255,18,0.07,0.08,0.0,0.0,1.0,1.0,0.0,1,27515.0
0,1,22,9,309,1362,0,0,1,0,0,0,0,4,0.0,0.0,0.0,0.0,1.0,0.0,0.12,178,255,1.0,0.0,0.01,0.02,0.0,0.0,0.0,0,21984.0
0,1,22,9,286,263,0,0,1,0,0,0,0,19,0.0,0.0,0.0,0.0,1.0,0.0,0.0,255,255,1.0,0.0,0.0,0.0,0.0,0.0,0.0,0,83051.0
0,1,24,5,0,0,0,0,0,0,0,0,0,143,1.0,1.0,0.0,0.0,0.1,0.06,0.0,255,14,0.05,0.06,0.0,0.0,1.0,1.0,0.0,1,49407.0
0,1,22,9,233,4097,0,0,1,0,0,0,0,1,0.0,0.0,0.0,0.0,1.0,0.0,0.0,255,255,1.0,0.0,0.0,0.0,0.01,0.01,0.0,0,6346.0
0,1,46,1,0,0,0,0,0,0,0,0,0,1,0.0,0.0,1.0,1.0,1.0,0.0,0.0,255,1,0.0,0.54,0.49,0.0,0.04,0.0,1.0,1,4340.0
0,1,46,5,0,0,0,0,0,0,0,0,0,209,1.0,1.0,0.0,0.0,0.08,0.06,0.0,255,16,0.06,0.05,0.0,0.0,1.0,1.0,0.0,1,6735.0
0,1,22,1,0,0,0,0,0,0,0,0,0,1,0.0,0.0,1.0,1.0,1.0,0.0,1.0,9,255,1.0,0.0,0.11,0.09,0.0,0.0,0.66,0,121371.0
0,1,46,5,0,0,0,0,0,0,0,0,0,232,1.0,1.0,0.0,0.0,0.05,0.05,0.0,255,11,0.04,0.05,0.0,0.0,1.0,1.0,0.0,1,94310.0
0,2,11,9,44,137,0,0,0,0,0,0,0,81,0.0,0.0,0.0,0.0,0.99,0.02,0.01,255,243,0.95,0.01,0.0,0.0,0.0,0.0,0.0,0,42428.0
0,1,22,9,240,1774,0,0,1,0,0,0,0,4,0.0,0.0,0.0,0.0,1.0,0.0,0.11,20,20,1.0,0.0,0.05,0.0,0.0,0.0,0.0,0,50558.0
60,1,57,9,90,233,0,0,0,0,0,0,0,1,0.0,0.0,0.0,0.0,1.0,0.0,0.0,255,2,0.01,0.02,0.0,0.0,0.0,0.0,0.0,0,42564.0
0,1,22,6,204,140205,0,0,1,0,0,0,0,1,1.0,0.25,0.0,0.0,1.0,0.0,0.75,141,255,1.0,0.0,0.01,0.03,0.01,0.01,0.0,0,105054.0
0,2,41,9,1,0,0,0,0,0,0,0,0,96,0.0,0.0,0.0,0.0,0.06,0.05,0.0,255,6,0.02,0.05,1.0,0.0,0.0,0.0,0.0,1,93637.0
0,1,46,1,0,0,0,0,0,0,0,0,0,131,0.0,0.0,1.0,1.0,0.04,0.08,0.0,255,5,0.02,0.07,0.0,0.0,0.0,0.0,1.0,1,120065.0
0,1,17,5,0,0,0,0,0,0,0,0,0,191,1.0,1.0,0.0,0.0,0.01,0.08,0.0,255,1,0.0,0.08,0.0,0.0,1.0,1.0,0.0,1,5481.0
0,1,19,1,0,0,0,0,0,0,0,0,0,277,0.0,0.0,1.0,1.0,0.04,0.06,0.0,255,10,0.04,0.09,0.0,0.0,0.0,0.0,1.0,1,28743.0
0,1,22,9,229,1120,0,0,1,0,0,0,0,2,0.0,0.0,0.0,0.0,1.0,0.0,0.0,38,49,1.0,0.0,0.03,0.04,0.0,0.0,0.0,0,102810.0
0,1,22,9,320,709,0,0,1,0,0,0,0,19,0.0,0.0,0.0,0.0,1.0,0.0,0.0,94,255,1.0,0.0,0.01,0.03,0.0,0.0,0.0,0,2246.0
0,1,27,5,0,0,0,0,0,0,0,0,0,11,1.0,1.0,0.0,0.0,1.0,0.0,0.0,255,11,0.04,0.07,0.0,0.0,1.0,1.0,0.0,1,38758.0
0,1,17,2,0,0,0,0,0,0,0,0,0,246,0.0,0.0,1.0,1.0,0.0,0.07,0.0,255,1,0.0,0.08,0.0,0.0,0.0,0.0,1.0,1,83676.0
0,2,11,9,45,45,0,0,0,0,0,0,0,118,0.0,0.0,0.0,0.0,1.0,0.0,0.0,255,203,0.8,0.01,0.01,0.0,0.0,0.0,0.0,0,102696.0
3,1,51,9,756,331,0,0,1,0,0,0,0,1,0.0,0.0,0.0,0.0,1.0,0.0,1.0,104,134,0.24,0.02,0.01,0.02,0.0,0.0,0.0,0,83733.0
