protocol_type,service,flag,src_bytes,dst_bytes,land,classe,posicaoOriginal
1,49,5,0,0,0,1,59741.0
1,20,9,832,0,0,0,21452.0
2,41,9,147,105,0,0,35866.0
1,61,5,0,0,0,1,7996.0
1,45,5,0,0,0,1,87880.0
0,15,9,1480,0,0,0,104977.0
1,23,9,215,19835,0,0,101574.0
1,41,1,0,0,0,1,46234.0
1,45,1,0,0,0,1,22139.0
1,23,9,339,8292,0,0,47970.0
1,23,9,307,254,0,0,51190.0
1,55,5,0,0,0,1,80737.0
1,18,5,0,0,0,1,100516.0
1,23,9,342,753,0,0,21549.0
1,23,9,226,986,0,0,48840.0
1,23,9,221,1212,0,0,52944.0
1,23,9,198,279,0,0,44668.0
1,36,5,0,0,0,1,19543.0
1,20,9,63,0,0,0,10322.0
1,49,9,726,335,0,0,121419.0
1,20,9,175337,0,0,0,16691.0
1,55,5,0,0,0,1,96256.0
2,12,9,105,45,0,0,48027.0
1,20,9,10073,0,0,0,54989.0
1,51,5,0,0,0,1,101012.0
1,45,5,0,0,0,1,103027.0
1,45,5,0,0,0,1,15883.0
1,10,5,0,0,0,1,39788.0
0,60,9,181,0,0,0,72.0
1,23,9,249,1706,0,0,80881.0
1,45,5,0,0,0,1,120144.0
1,23,9,319,2572,0,0,51608.0
1,23,9,213,1408,0,0,39207.0
1,41,1,0,0,0,1,61667.0
1,13,2,0,0,0,1,59041.0
1,41,1,0,0,0,1,63343.0
2,12,9,44,69,0,0,14945.0
1,4,9,14,37,0,0,63518.0
1,45,5,0,0,0,1,94774.0
1,23,5,0,0,0,1,1638.0
1,23,9,188,4051,0,0,78001.0
2,41,9,147,105,0,0,3755.0
1,23,9,218,4741,0,0,10753.0
1,18,9,9,141,0,0,29981.0
1,45,5,0,0,0,1,107010.0
1,32,5,0,0,0,1,105095.0
1,23,1,0,0,0,1,26550.0
0,14,9,8,0,0,1,43896.0
1,58,2,0,0,0,1,49355.0
1,23,9,342,659,0,0,7224.0
1,11,5,0,0,0,1,47901.0
1,23,9,301,1870,0,0,84338.0
1,45,5,0,0,0,1,43224.0
1,20,9,95,0,0,0,24847.0
1,31,5,0,0,0,1,91075.0
1,4,1,0,0,0,1,57145.0
1,23,9,273,316,0,0,27071.0
1,49,9,2456,479,0,0,40223.0
1,45,5,0,0,0,1,105178.0
1,17,5,0,0,0,1,32961.0
1,55,2,126,179,0,0,21822.0
1,23,9,203,12922,0,0,98633.0
1,23,9,286,365,0,0,5677.0
1,34,5,0,0,0,1,62176.0
1,23,9,305,2698,0,0,50586.0
1,23,9,248,851,0,0,68228.0
1,23,9,265,1791,0,0,110643.0
1,23,9,232,1374,0,0,125676.0
1,11,5,0,0,0,1,87266.0
1,45,1,0,0,0,1,14927.0
1,23,9,325,2575,0,0,99802.0
1,23,9,208,919,0,0,85476.0
1,49,9,975,326,0,0,64312.0
1,62,1,0,0,0,1,1354.0
1,54,5,0,0,0,1,64559.0
1,23,9,287,788,0,0,90696.0
1,23,9,235,7886,0,0,104016.0
1,49,5,0,0,0,1,52272.0
1,45,5,0,0,0,1,11199.0
1,49,9,751,338,0,0,30928.0
0,60,9,183,0,0,0,98837.0
1,45,5,0,0,0,1,32295.0
1,41,5,0,0,0,1,114934.0
1,23,9,204,3541,0,0,123531.0
1,49,9,1602,336,0,0,31705.0
1,31,5,0,0,0,1,86831.0
2,41,9,146,105,0,0,25566.0
2,41,9,1,0,0,1,123524.0
1,24,5,0,0,0,1,8659.0
1,23,9,303,1555,0,0,87016.0
2,12,9,44,71,0,0,25413.0
1,61,2,0,0,0,1,118208.0
1,45,5,0,0,0,1,40147.0
1,45,4,0,0,0,1,73830.0
1,54,1,0,0,0,1,33799.0
1,35,5,0,0,0,1,97343.0
1,45,5,0,0,0,1,55555.0
1,45,1,0,0,0,1,90207.0
1,20,9,192,0,0,0,28967.0
1,45,5,0,0,0,1,75831.0
1,23,9,245,167,0,0,21893.0
1,23,9,148,17425,0,0,109085.0
2,45,9,105,147,0,0,119096.0
1,8,5,0,0,0,1,54863.0
1,20,9,383,0,0,0,75568.0
1,49,9,1119,330,0,0,7619.0
1,0,6,43505,46584,0,0,116457.0
1,35,1,0,0,0,1,66632.0
2,12,9,44,114,0,0,99361.0
1,45,5,0,0,0,1,79884.0
1,45,5,0,0,0,1,103554.0
1,23,9,246,1701,0,0,108604.0
1,23,9,360,638,0,0,90238.0
1,49,9,1356,403,0,0,102777.0
1,62,5,0,0,0,1,94396.0
1,20,9,334,0,0,0,50085.0
2,12,9,44,129,0,0,26724.0
2,12,9,45,132,0,0,11115.0
1,27,5,0,0,0,1,20393.0
1,49,9,11732,1435,0,0,71695.0
2,12,9,46,78,0,0,100312.0
1,30,5,0,0,0,1,111131.0
2,12,9,45,137,0,0,85371.0
0,14,9,30,0,0,0,17312.0
1,23,9,139,29859,0,0,92705.0
1,23,9,287,511,0,0,47431.0
1,36,1,0,0,0,1,93470.0
1,23,9,204,3502,0,0,34764.0
1,23,9,331,1862,0,0,35891.0
1,23,9,311,304,0,0,35073.0
2,12,9,45,131,0,0,106132.0
1,23,9,289,3428,0,0,78396.0
1,18,9,5,136,0,0,79856.0
1,45,1,0,0,0,1,125002.0
2,41,9,146,105,0,0,63415.0
1,41,5,0,0,0,1,102298.0
1,23,1,0,0,0,1,58125.0
1,23,9,208,1660,0,0,39039.0
2,41,9,147,0,0,0,55991.0
2,12,9,45,73,0,0,21685.0
1,58,2,0,0,0,1,106064.0
1,55,5,0,0,0,1,3492.0
2,12,9,99,37,0,0,117209.0
1,58,2,0,0,0,1,55075.0
1,24,5,0,0,0,1,45541.0
1,29,5,0,0,0,1,77491.0
1,23,9,235,512,0,0,1179.0
1,7,5,0,0,0,1,108287.0
1,45,5,0,0,0,1,110033.0
1,45,1,0,0,0,1,90080.0
1,25,5,0,0,0,1,14401.0
1,23,9,210,279,0,0,8601.0
0,14,9,8,0,0,1,92331.0
1,49,9,641,335,0,0,106484.0
1,23,1,0,0,0,1,109946.0
1,18,5,0,0,0,1,73237.0
1,23,9,195,1521,0,0,68057.0
1,45,5,0,0,0,1,77458.0
1,20,9,192,0,0,0,123850.0
1,45,5,0,0,0,1,87664.0
1,45,5,0,0,0,1,94095.0
1,45,3,0,0,0,1,20916.0
0,14,9,8,0,0,1,83320.0
1,23,9,276,1851,0,0,103584.0
1,23,9,258,2776,0,0,117682.0
1,45,1,0,0,0,1,3027.0
1,45,5,0,0,0,1,119820.0
1,23,9,346,1185,0,0,14657.0
1,49,9,2361,328,0,0,5670.0
1,23,9,293,955,0,0,51083.0
1,23,9,324,44211,0,0,41504.0
1,6,1,0,0,0,1,33695.0
1,6,1,0,0,0,1,71397.0
1,23,2,0,0,0,1,94300.0
1,45,5,0,0,0,1,94968.0
2,45,9,1,0,0,1,44717.0
1,23,9,338,283,0,0,92625.0
1,32,5,0,0,0,1,91595.0
1,45,5,0,0,0,1,10823.0
1,45,1,0,0,0,1,119753.0
1,49,9,1129,332,0,0,64001.0
1,20,5,0,0,0,1,9765.0
1,20,9,8173,0,0,0,84368.0
1,11,5,0,0,0,1,20099.0
1,49,9,762,323,0,0,36700.0
1,23,9,233,581,0,0,400.0
1,45,5,0,0,0,1,80475.0
1,41,4,1,0,0,1,23284.0
1,23,9,239,1471,0,0,15457.0
2,45,9,28,0,0,1,233.0
1,45,5,0,0,0,1,56842.0
1,23,9,54540,8314,0,0,5280.0
1,23,9,201,2435,0,0,1345.0
1,23,9,324,258,0,0,55127.0
1,26,5,0,0,0,1,31369.0
1,54,1,0,0,0,1,109152.0
1,49,9,774,336,0,0,80244.0
1,23,9,338,1179,0,0,2080.0
1,23,9,222,1680,0,0,20078.0
1,49,9,1715,328,0,0,51034.0
1,45,5,0,0,0,1,29295.0
1,64,1,0,0,0,1,51306.0
1,35,5,0,0,0,1,51084.0
1,23,9,205,1400,0,0,2881.0
1,20,9,12324,0,0,0,97651.0
1,23,9,209,5260,0,0,14926.0
1,20,9,192,0,0,0,42775.0
1,31,5,0,0,0,1,47095.0
1,19,9,1443,4152,0,0,74098.0
1,20,5,0,0,0,1,2966.0
1,23,9,262,2198,0,0,114246.0
1,45,5,0,0,0,1,72737.0
1,20,9,8325,0,0,0,93971.0
1,37,5,0,0,0,1,45022.0
1,45,5,0,0,0,1,1426.0
1,45,5,0,0,0,1,60781.0
1,2,5,0,0,0,1,33585.0
2,12,9,46,134,0,0,108048.0
1,29,1,0,0,0,1,91368.0
2,12,9,46,46,0,0,84472.0
1,45,1,0,0,0,1,11579.0
0,15,9,520,0,0,0,70212.0
2,12,9,42,42,0,0,113263.0
1,63,1,0,0,0,1,60212.0
1,45,1,0,0,0,1,13746.0
1,38,5,0,0,0,1,49455.0
1,23,9,302,2550,0,0,5994.0
1,45,5,0,0,0,1,62680.0
1,23,5,0,0,0,1,11110.0
1,23,9,240,492,0,0,64572.0
2,45,9,105,145,0,0,34955.0
2,12,9,46,82,0,0,104720.0
2,12,9,42,42,0,0,51714.0
1,23,9,304,507,0,0,96474.0
1,11,5,0,0,0,1,83777.0
1,23,9,292,1275,0,0,109624.0
1,23,5,0,0,0,1,105185.0
0,14,9,30,0,0,0,84342.0
1,38,5,0,0,0,1,83775.0
1,20,9,4753,0,0,0,85216.0
1,23,9,296,2335,0,0,38546.0
2,41,9,145,105,0,0,96687.0
1,45,5,0,0,0,1,4605.0
0,59,9,36,0,0,0,75705.0
2,12,9,44,131,0,0,5532.0
0,15,9,18,0,0,1,111707.0
1,55,9,189,25322,0,0,56968.0
1,20,9,1199,0,0,0,36015.0
1,20,9,5319,0,0,0,24988.0
1,45,1,0,0,0,1,68477.0
1,23,9,323,4675,0,0,10366.0
1,23,9,235,2698,0,0,69949.0
1,23,9,236,19983,0,0,70605.0
1,41,9,9178,0,0,0,40529.0
1,45,5,0,0,0,1,72918.0
2,12,9,30,0,0,0,54195.0
1,23,9,293,1389,0,0,114868.0
1,23,9,237,2325,0,0,110640.0
1,41,1,0,0,0,1,95543.0
1,4,9,10,39,0,0,61167.0
1,41,1,0,0,0,1,8325.0
1,23,9,278,359,0,0,97011.0
2,12,9,95,39,0,0,106473.0
1,23,9,197,9442,0,0,95080.0
0,14,9,8,0,0,1,14210.0
1,23,9,301,12471,0,0,4611.0
1,23,9,311,3222,0,0,43984.0
1,45,1,0,0,0,1,121147.0
1,23,9,316,2345,0,0,10710.0
1,23,9,322,7314,0,0,125034.0
1,23,9,223,405,0,0,84018.0
1,45,5,0,0,0,1,51242.0
1,23,9,240,881,0,0,11539.0
0,14,9,8,0,0,1,87293.0
1,23,9,326,234,0,0,117327.0
2,12,9,45,74,0,0,74229.0
1,45,5,0,0,0,1,106719.0
2,12,9,69,45,0,0,60458.0
1,49,9,810,332,0,0,36213.0
1,49,9,1837,330,0,0,17507.0
1,20,9,18,0,0,0,113613.0
1,23,9,200,468,0,0,19889.0
1,23,9,240,1484,0,0,30020.0
1,23,9,224,3616,0,0,5401.0
1,8,5,0,0,0,1,18829.0
1,23,9,236,370,0,0,121263.0
1,23,1,0,0,0,1,3741.0
0,14,9,8,0,0,1,117740.0
1,23,9,234,1600,0,0,115390.0
1,41,1,0,0,0,1,71881.0
2,45,9,28,0,0,1,60362.0
1,27,1,0,0,0,1,67723.0
1,34,5,0,0,0,1,87796.0
1,45,5,0,0,0,1,56112.0
1,23,9,275,312,0,0,118456.0
1,23,9,163,19983,0,0,21012.0
1,41,4,1,0,0,1,110871.0
1,49,9,1766,335,0,0,28552.0
1,23,9,196,585,0,0,41586.0
1,55,5,0,0,0,1,95110.0
1,23,9,303,8720,0,0,123261.0
2,12,9,111,42,0,0,75201.0
1,45,5,0,0,0,1,52471.0
2,12,9,43,74,0,0,24333.0
1,45,5,0,0,0,1,10731.0
1,20,9,641,0,0,0,114657.0
1,4,5,0,0,0,1,56346.0
1,2,5,0,0,0,1,1739.0
1,5,1,0,0,0,1,67560.0
1,49,9,631,333,0,0,115234.0
1,20,9,5319,0,0,0,83040.0
1,23,9,292,8258,0,0,21824.0
2,12,9,51,32,0,0,124918.0
1,33,1,0,0,0,1,125839.0
0,15,9,1032,0,0,0,36820.0
1,43,5,0,0,0,1,56264.0
1,23,9,148,18275,0,0,37183.0
2,12,9,46,134,0,0,119234.0
1,23,9,299,3552,0,0,118675.0
1,45,10,0,0,0,1,101656.0
1,45,4,1,0,0,1,112881.0
0,15,9,1032,0,0,0,94517.0
2,45,9,1,0,0,1,3704.0
2,12,9,46,46,0,0,86466.0
1,23,9,265,608,0,0,108112.0
1,51,1,0,0,0,1,31688.0
0,15,9,1032,0,0,0,92820.0
1,21,5,0,0,0,1,99366.0
1,20,9,201,0,0,0,109753.0
1,5,5,0,0,0,1,51963.0
1,20,9,11,0,0,0,14990.0
1,49,9,926,370,0,0,11029.0
1,23,9,245,509,0,0,96132.0
2,45,9,28,0,0,1,11559.0
1,55,5,0,0,0,1,65273.0
1,45,5,0,0,0,1,43172.0
1,9,5,0,0,0,1,86245.0
1,49,9,7176,392,0,0,99397.0
1,45,5,0,0,0,1,96611.0
1,23,9,226,11333,0,0,44505.0
1,55,5,0,0,0,1,7087.0
1,51,5,0,0,0,1,53468.0
1,19,9,1194,2449,0,0,64232.0
1,13,5,0,0,0,1,104237.0
1,9,5,0,0,0,1,57088.0
1,49,9,678,329,0,0,14120.0
1,49,9,779,327,0,0,94389.0
1,23,9,285,331,0,0,75600.0
1,19,9,1233,2451,0,0,65315.0
1,62,5,0,0,0,1,13426.0
1,23,9,295,4380,0,0,22938.0
1,18,5,0,0,0,1,119891.0
1,49,9,11228,936,0,0,95620.0
1,32,5,0,0,0,1,5410.0
1,45,1,0,0,0,1,69840.0
1,45,1,0,0,0,1,101460.0
2,12,9,45,77,0,0,30901.0
2,41,9,147,105,0,0,125408.0
1,45,1,0,0,0,1,40976.0
1,23,9,307,2119,0,0,66332.0
1,33,5,0,0,0,1,3750.0
1,23,1,0,0,0,1,10686.0
1,23,9,344,430,0,0,62332.0
1,61,2,0,0,0,1,5789.0
0,60,9,78,0,0,0,74319.0
1,23,9,195,1635,0,0,66736.0
1,23,9,275,388,0,0,110679.0
1,49,9,2429,475,0,0,53553.0
0,14,9,8,0,0,1,24500.0
1,23,9,224,3279,0,0,90029.0
2,12,9,91,0,0,0,50160.0
1,23,9,163,307,0,0,30008.0
1,49,9,1684,330,0,0,1500.0
1,23,9,159,217,0,0,78606.0
1,23,9,200,4320,0,0,31021.0
2,12,9,42,42,0,0,28226.0
1,45,1,0,0,0,1,68937.0
1,33,5,0,0,0,1,111979.0
1,24,5,0,0,0,1,63559.0
1,23,9,249,5310,0,0,123756.0
1,23,9,307,1354,0,0,4089.0
1,23,9,208,16985,0,0,105970.0
1,18,3,0,0,0,1,93385.0
0,15,9,1032,0,0,0,85038.0
1,49,9,1996,285,0,0,7547.0
1,23,9,325,293,0,0,84556.0
2,45,9,1,0,0,1,10677.0
1,20,9,6062,0,0,0,87753.0
1,23,9,305,2239,0,0,86936.0
1,21,5,0,0,0,1,73554.0
1,23,9,227,6822,0,0,5636.0
1,23,9,235,7333,0,0,33056.0
1,45,5,0,0,0,1,122828.0
2,45,9,1,0,0,1,117574.0
1,26,5,0,0,0,1,44928.0
1,23,9,286,3678,0,0,117277.0
1,23,5,0,0,0,1,84785.0
1,23,9,178,437,0,0,19805.0
1,45,1,0,0,0,1,107755.0
1,7,1,0,0,0,1,119612.0
2,45,9,1,0,0,1,68098.0
1,7,5,0,0,0,1,56080.0
1,23,9,253,230,0,0,125395.0
1,23,9,292,1402,0,0,80559.0
1,23,9,325,2000,0,0,96073.0
1,26,5,0,0,0,1,26589.0
1,22,5,0,0,0,1,109765.0
1,13,5,0,0,0,1,121336.0
1,49,5,0,0,0,1,123560.0
1,20,9,5319,0,0,0,43214.0
1,23,9,241,3329,0,0,35758.0
1,26,5,0,0,0,1,46211.0
1,5,5,0,0,0,1,24463.0
1,23,9,175,14776,0,0,102695.0
1,20,9,192,0,0,0,118131.0
1,23,9,339,284,0,0,24023.0
1,23,9,231,1287,0,0,15575.0
1,23,4,0,0,0,1,29751.0
1,37,5,0,0,0,1,36946.0
2,12,9,44,73,0,0,58198.0
1,49,9,1150,387,0,0,53189.0
2,12,9,43,131,0,0,37120.0
2,12,9,44,128,0,0,124184.0
1,45,5,0,0,0,1,102717.0
1,23,9,265,3781,0,0,49275.0
1,20,9,884,0,0,0,19586.0
1,45,1,0,0,0,1,123784.0
1,23,9,295,261,0,0,35991.0
1,23,9,54540,8314,0,0,67710.0
2,12,9,43,136,0,0,79441.0
1,6,5,0,0,0,1,97668.0
1,19,5,0,0,0,1,93151.0
1,23,6,286,10584,0,0,57997.0
1,23,9,228,24786,0,0,1214.0
1,7,5,0,0,0,1,46277.0
2,12,9,46,137,0,0,17565.0
1,49,9,2704,375,0,0,123192.0
1,37,5,0,0,0,1,11195.0
0,15,9,1032,0,0,0,19797.0
1,38,5,0,0,0,1,11170.0
1,23,9,229,855,0,0,91993.0
1,23,9,332,9211,0,0,45777.0
1,49,9,504,280,0,0,53115.0
1,23,9,220,3591,0,0,63244.0
1,58,5,0,0,0,1,113275.0
1,23,9,269,9287,0,0,23150.0
1,23,9,151,632,0,0,71034.0
1,45,5,0,0,0,1,5188.0
2,12,9,46,46,0,0,54987.0
0,14,9,8,0,0,1,16845.0
2,12,9,46,46,0,0,102823.0
1,23,1,0,0,0,1,95769.0
1,53,5,0,0,0,1,124720.0
2,12,9,43,43,0,0,98303.0
1,45,5,0,0,0,1,12624.0
0,14,9,8,0,0,1,30667.0
0,14,9,8,0,0,1,73955.0
1,23,9,202,6534,0,0,47695.0
1,45,1,0,0,0,1,22689.0
2,12,9,44,44,0,0,107064.0
1,23,9,313,1293,0,0,94827.0
1,23,9,182,15646,0,0,89867.0
1,55,5,0,0,0,1,57329.0
1,36,5,0,0,0,1,94176.0
1,18,9,9,225,0,0,94500.0
1,19,9,287,903,0,0,60489.0
0,15,9,1032,0,0,0,50910.0
0,15,9,1032,0,0,0,107348.0
1,23,9,313,180,0,0,73221.0
1,45,5,0,0,0,1,74392.0
1,23,9,209,8661,0,0,62639.0
1,49,9,11773,1459,0,0,115765.0
1,17,5,0,0,0,1,92495.0
1,45,1,0,0,0,1,53096.0
1,18,2,0,0,0,1,2202.0
1,20,5,0,0,0,1,83146.0
1,23,9,284,1086,0,0,56684.0
1,49,9,689,329,0,0,31606.0
1,23,9,271,2364,0,0,43243.0
1,49,9,1628,329,0,0,69727.0
2,12,9,46,83,0,0,87678.0
1,23,9,297,1779,0,0,114696.0
1,49,9,644,278,0,0,64916.0
1,45,5,0,0,0,1,57411.0
1,2,5,0,0,0,1,124626.0
2,12,9,36,0,0,0,109069.0
1,4,5,0,0,0,1,15450.0
0,15,9,1032,0,0,0,46248.0
1,45,5,0,0,0,1,79047.0
1,45,1,0,0,0,1,44238.0
1,23,9,211,711,0,0,43683.0
1,23,9,208,431,0,0,111142.0
1,22,1,0,0,0,1,24062.0
1,23,9,159,9534,0,0,70321.0
1,23,9,218,361,0,0,82660.0
1,23,9,145,2954,0,0,118085.0
1,23,9,211,3421,0,0,109975.0
1,45,4,1,0,0,1,42405.0
1,23,9,234,1033,0,0,123937.0
1,49,9,1046,374,0,0,54463.0
1,45,5,0,0,0,1,50485.0
0,14,9,8,0,0,1,33055.0
1,23,9,371,7931,0,0,48255.0
1,6,5,0,0,0,1,100845.0
1,20,5,0,0,0,1,72619.0
2,12,9,43,126,0,0,26434.0
1,23,1,0,0,0,1,30284.0
1,23,9,153,535,0,0,60920.0
1,23,9,207,306,0,0,97615.0
1,32,5,0,0,0,1,50481.0
2,12,9,42,108,0,0,14779.0
1,45,5,0,0,0,1,45747.0
1,7,5,0,0,0,1,62499.0
1,45,1,0,0,0,1,1358.0
1,45,4,0,0,0,1,100979.0
1,23,9,197,2543,0,0,63433.0
1,58,5,0,0,0,1,94854.0
1,23,9,220,594,0,0,104695.0
2,41,9,147,105,0,0,68130.0
1,19,9,361,1198,0,0,121459.0
1,62,1,0,0,0,1,111214.0
1,18,9,7,222,0,0,65706.0
1,17,5,0,0,0,1,55814.0
1,23,1,0,0,0,1,74819.0
1,43,9,49,2553,0,0,41581.0
1,58,9,0,4,0,1,82693.0
1,10,5,0,0,0,1,26596.0
1,23,9,226,373,0,0,39411.0
1,23,9,237,1329,0,0,116227.0
1,23,9,144,193,0,0,60808.0
1,23,9,298,3380,0,0,71934.0
1,45,5,0,0,0,1,83698.0
1,23,5,0,0,0,1,96258.0
1,45,5,0,0,0,1,4171.0
1,23,9,205,2486,0,0,14619.0
1,45,5,0,0,0,1,56235.0
1,23,9,342,4714,0,0,105868.0
1,62,5,0,0,0,1,47116.0
1,23,9,235,1026,0,0,43249.0
1,45,1,0,0,0,1,11106.0
1,5,5,0,0,0,1,84752.0
0,15,9,1032,0,0,0,27221.0
1,23,9,289,236,0,0,95222.0
1,20,9,740,0,0,0,42998.0
2,41,9,146,105,0,0,28426.0
1,20,7,0,0,0,1,96010.0
1,23,9,217,1107,0,0,120688.0
1,23,9,222,1880,0,0,19386.0
1,23,9,332,400,0,0,16474.0
1,23,9,215,288,0,0,66721.0
2,12,9,111,36,0,0,12470.0
1,9,5,0,0,0,1,111038.0
0,15,9,520,0,0,0,28865.0
1,23,5,0,0,0,1,121535.0
1,49,9,1838,333,0,0,95311.0
0,15,9,1032,0,0,0,124231.0
1,23,9,272,10936,0,0,72516.0
1,49,9,1218,432,0,0,62256.0
1,23,5,0,0,0,1,29788.0
0,60,9,181,0,0,0,33241.0
1,20,5,0,0,0,1,73235.0
1,33,5,0,0,0,1,67756.0
1,20,5,0,0,0,1,5809.0
1,61,5,0,0,0,1,31430.0
2,40,9,48,48,0,0,70786.0
1,20,9,8173,0,0,0,119352.0
1,20,9,7077,0,0,0,70218.0
1,25,5,0,0,0,1,7159.0
0,15,9,1032,0,0,0,53042.0
1,45,5,0,0,0,1,18680.0
1,64,5,0,0,0,1,15717.0
1,19,9,1181,2447,0,0,40004.0
1,23,5,0,0,0,1,108361.0
1,64,5,0,0,0,1,116111.0
0,15,9,1032,0,0,0,15407.0
1,23,9,273,4471,0,0,12524.0
1,23,9,324,366,0,0,3216.0
1,23,9,232,5166,0,0,120385.0
1,23,9,223,8584,0,0,46261.0
1,45,5,0,0,0,1,54959.0
1,10,5,0,0,0,1,48833.0
2,41,9,147,105,0,0,51275.0
2,12,9,45,94,0,0,26102.0
1,45,1,0,0,0,1,124809.0
1,23,1,0,0,0,1,14348.0
1,45,1,0,0,0,1,94810.0
2,45,9,105,0,0,0,39503.0
1,23,9,198,366,0,0,83329.0
0,14,9,8,0,0,1,13830.0
2,12,9,43,76,0,0,109265.0
1,9,5,0,0,0,1,19398.0
1,18,5,0,0,0,1,31645.0
1,23,9,237,2748,0,0,122231.0
1,45,5,0,0,0,1,75636.0
1,23,9,306,1380,0,0,107898.0
1,23,9,340,1275,0,0,113237.0
1,45,4,0,0,0,1,116208.0
1,7,1,0,0,0,1,85973.0
2,12,9,34,94,0,0,54270.0
1,20,9,374,0,0,0,89552.0
1,64,1,0,0,0,1,9675.0
1,23,9,238,821,0,0,10227.0
1,23,9,251,569,0,0,40344.0
1,52,5,0,0,0,1,121284.0
1,23,5,0,0,0,1,72492.0
1,49,9,794,331,0,0,125723.0
1,21,5,0,0,0,1,58099.0
2,12,9,44,44,0,0,64723.0
1,50,1,0,0,0,1,85045.0
1,17,5,0,0,0,1,2778.0
1,23,9,292,5336,0,0,38722.0
1,55,9,746,537176,0,0,31510.0
1,13,5,0,0,0,1,49769.0
2,12,9,44,44,0,0,31987.0
1,23,1,0,0,0,1,60673.0
1,20,9,740,0,0,0,62814.0
0,15,9,1032,0,0,0,75848.0
1,23,9,349,3155,0,0,115108.0
2,40,9,48,48,0,0,51566.0
1,45,5,0,0,0,1,13184.0
1,24,5,0,0,0,1,91130.0
1,49,9,638,330,0,0,44529.0
1,20,5,0,0,0,1,124974.0
2,45,9,105,146,0,0,18086.0
1,23,9,235,1075,0,0,5696.0
1,49,9,2143,328,0,0,15818.0
1,23,9,189,622,0,0,10548.0
0,14,9,8,0,0,1,15706.0
1,45,1,0,0,0,1,34474.0
1,23,9,254,1133,0,0,11815.0
1,45,4,0,0,0,1,81567.0
1,20,9,194,0,0,0,18614.0
1,45,1,0,0,0,1,70435.0
1,23,9,181,9317,0,0,86353.0
1,20,9,740,0,0,0,91296.0
1,23,9,54540,8314,0,0,31014.0
1,45,5,0,0,0,1,102806.0
1,61,1,0,0,0,1,80452.0
1,5,1,0,0,0,1,29155.0
1,23,5,0,0,0,1,114798.0
1,45,5,0,0,0,1,71264.0
1,49,9,1482,327,0,0,74636.0
2,12,9,88,0,0,0,47799.0
1,41,9,10044,0,0,0,28255.0
1,43,9,38,130,0,0,26602.0
1,58,2,0,0,0,1,116916.0
1,23,9,207,1505,0,0,111440.0
1,49,9,11322,1362,0,0,61770.0
2,41,9,1,0,0,1,89139.0
2,12,9,45,133,0,0,98852.0
0,60,9,181,0,0,0,57948.0
0,14,9,18,0,0,1,45536.0
0,14,9,8,0,0,1,86484.0
1,23,9,283,253,0,0,96730.0
1,23,9,375,2655,0,0,39551.0
1,23,9,281,326,0,0,78601.0
1,61,5,0,0,0,1,101967.0
1,27,5,0,0,0,1,117309.0
1,23,9,300,375,0,0,18207.0
1,45,5,0,0,0,1,56921.0
1,23,9,236,6011,0,0,65821.0
2,12,9,43,43,0,0,86431.0
1,23,9,226,3102,0,0,112205.0
1,22,1,0,0,0,1,101220.0
0,14,9,8,0,0,1,102552.0
1,23,9,346,4227,0,0,113523.0
1,23,9,308,1060,0,0,111299.0
1,20,9,6601,0,0,0,35818.0
2,45,9,100,0,0,0,51489.0
1,23,9,209,315,0,0,78084.0
1,23,9,218,3195,0,0,64768.0
1,23,9,244,1610,0,0,102318.0
1,23,9,318,1885,0,0,7703.0
1,45,5,0,0,0,1,11010.0
1,45,5,0,0,0,1,40003.0
1,52,5,0,0,0,1,55501.0
1,23,9,210,63203,0,0,60407.0
2,12,9,45,131,0,0,82860.0
1,20,9,5319,0,0,0,108756.0
1,64,1,0,0,0,1,75496.0
1,45,4,0,0,0,1,40419.0
2,12,9,17,0,0,0,118143.0
1,23,9,299,480,0,0,10302.0
1,7,1,0,0,0,1,27203.0
1,23,9,292,12922,0,0,68906.0
1,45,1,0,0,0,1,109683.0
1,45,5,0,0,0,1,97649.0
1,23,9,306,1718,0,0,114593.0
1,9,5,0,0,0,1,28614.0
1,45,5,0,0,0,1,54309.0
1,23,9,54540,8314,0,0,11012.0
2,41,9,146,105,0,0,113066.0
1,23,9,379,1669,0,0,9816.0
1,23,9,230,530,0,0,98848.0
2,12,9,43,112,0,0,20386.0
1,23,9,267,4930,0,0,28764.0
1,23,1,0,0,0,1,5036.0
1,63,5,0,0,0,1,109997.0
1,23,9,233,1783,0,0,7837.0
1,23,9,261,4032,0,0,66150.0
1,23,9,273,451,0,0,47999.0
2,41,9,516,4,0,0,98668.0
1,23,9,304,5202,0,0,36923.0
2,12,9,42,69,0,0,37039.0
1,20,9,6062,0,0,0,29124.0
1,23,2,0,0,0,1,92018.0
1,19,9,222,753,0,0,83552.0
1,45,5,0,0,0,1,94336.0
1,45,5,0,0,0,1,115957.0
1,6,5,0,0,0,1,49162.0
1,23,9,237,280,0,0,52466.0
1,45,5,0,0,0,1,53207.0
1,41,1,0,0,0,1,18119.0
1,23,9,294,2605,0,0,94843.0
1,21,5,0,0,0,1,43944.0
1,23,1,0,0,0,1,43466.0
0,14,9,8,0,0,1,52631.0
1,20,9,2099,0,0,0,32305.0
1,24,5,0,0,0,1,75257.0
1,23,9,282,4537,0,0,29252.0
1,51,5,0,0,0,1,85039.0
1,20,9,832,0,0,0,52879.0
1,23,9,172,2595,0,0,60300.0
1,23,9,303,253,0,0,99246.0
0,14,9,8,0,0,1,52996.0
1,45,5,0,0,0,1,68838.0
1,41,5,0,0,0,1,75091.0
1,23,9,210,640,0,0,71533.0
1,23,9,297,4123,0,0,100542.0
0,14,9,8,0,0,1,759.0
1,23,9,216,3505,0,0,92107.0
1,23,9,224,576,0,0,16850.0
1,23,7,154,30114,0,0,45652.0
1,23,9,297,616,0,0,21523.0
0,14,9,8,0,0,1,56052.0
2,12,9,34,91,0,0,35227.0
1,23,9,376,2638,0,0,93830.0
1,23,9,305,5357,0,0,47441.0
1,46,5,0,0,0,1,6932.0
1,23,9,310,1686,0,0,23889.0
1,51,9,651,9615,0,0,89578.0
1,55,9,4571,29709,0,0,110022.0
1,45,1,0,0,0,1,1552.0
1,23,9,308,2241,0,0,8194.0
1,45,5,0,0,0,1,90912.0
1,23,9,303,11445,0,0,113261.0
0,14,9,30,0,0,0,120737.0
1,23,9,247,2073,0,0,83237.0
1,20,9,641,0,0,0,70423.0
1,23,9,251,313,0,0,3048.0
1,4,9,10,37,0,0,75921.0
1,23,9,217,363,0,0,68146.0
1,45,5,0,0,0,1,13522.0
1,49,5,0,0,0,1,5175.0
1,45,5,0,0,0,1,30525.0
1,45,4,0,0,0,1,63273.0
1,20,9,172,0,0,0,3684.0
1,62,5,0,0,0,1,27515.0
1,23,9,299,12211,0,0,3044.0
2,12,9,45,45,0,0,62305.0
1,30,5,0,0,0,1,7684.0
1,23,9,260,1984,0,0,59781.0
1,19,9,953,2720,0,0,41739.0
1,23,9,192,4977,0,0,9166.0
1,23,9,291,12334,0,0,98008.0
1,23,9,311,2606,0,0,49285.0
0,14,9,8,0,0,1,89415.0
1,20,9,637,0,0,0,18489.0
1,23,9,331,1721,0,0,83005.0
1,37,5,0,0,0,1,120457.0
1,23,5,0,0,0,1,91878.0
1,23,9,365,516,0,0,34299.0
1,39,2,0,0,0,1,114479.0
1,38,1,0,0,0,1,88076.0
1,49,9,2526,325,0,0,114306.0
1,23,9,54540,8314,0,0,85913.0
1,41,1,0,0,0,1,73652.0
1,49,9,1036,331,0,0,92130.0
1,45,5,0,0,0,1,12612.0
1,45,5,0,0,0,1,110052.0
2,12,9,44,77,0,0,74498.0
1,23,5,0,0,0,1,120277.0
1,45,5,0,0,0,1,688.0
2,12,9,43,43,0,0,36427.0
1,45,5,0,0,0,1,48669.0
2,12,9,42,125,0,0,94228.0
1,23,9,206,1162,0,0,20314.0
2,12,9,44,129,0,0,12120.0
2,12,9,42,67,0,0,87265.0
1,23,9,249,1397,0,0,18630.0
1,20,5,0,0,0,1,17059.0
1,23,9,312,284,0,0,118451.0
1,45,5,0,0,0,1,55039.0
0,14,9,8,0,0,1,70878.0
1,55,5,0,0,0,1,116074.0
1,34,5,0,0,0,1,72434.0
1,45,1,0,0,0,1,45276.0
1,7,5,0,0,0,1,54679.0
1,6,1,0,0,0,1,86381.0
1,23,9,175,4437,0,0,101569.0
1,45,5,0,0,0,1,121111.0
1,6,5,0,0,0,1,48630.0
2,12,9,45,45,0,0,508.0
1,45,1,0,0,0,1,97663.0
1,20,9,748,0,0,0,109270.0
1,23,9,298,1468,0,0,47510.0
1,49,9,1235,335,0,0,77329.0
1,23,9,221,508,0,0,111662.0
1,41,1,0,0,0,1,10676.0
0,14,9,8,0,0,1,72931.0
1,45,5,0,0,0,1,124640.0
2,45,9,1,0,0,1,8201.0
1,45,5,0,0,0,1,50411.0
1,23,9,220,303,0,0,90777.0
1,2,5,0,0,0,1,83352.0
1,45,5,0,0,0,1,99460.0
1,45,5,0,0,0,1,4785.0
1,23,9,240,2994,0,0,104733.0
1,23,9,352,7764,0,0,97721.0
1,20,9,5131424,0,0,0,6693.0
1,19,9,1505,4152,0,0,117148.0
1,23,9,327,686,0,0,79270.0
1,45,5,0,0,0,1,14661.0
1,29,5,0,0,0,1,35558.0
0,14,9,8,0,0,1,76119.0
1,23,9,226,934,0,0,48123.0
1,19,9,275,903,0,0,82058.0
1,23,9,304,845,0,0,98196.0
1,45,5,0,0,0,1,54651.0
1,23,9,506,10848,0,0,20484.0
2,12,9,45,150,0,0,78674.0
2,41,9,147,0,0,0,99286.0
1,23,9,216,1484,0,0,24734.0
1,23,9,325,1433,0,0,59302.0
0,15,9,30,0,0,0,23672.0
1,23,9,354,3098,0,0,88590.0
2,12,9,43,68,0,0,123707.0
1,23,9,164,1812,0,0,100046.0
1,23,9,54540,8314,0,0,9990.0
1,23,9,318,6014,0,0,7315.0
1,23,9,258,1955,0,0,44623.0
1,9,5,0,0,0,1,51336.0
1,23,9,314,343,0,0,36368.0
1,45,5,0,0,0,1,56690.0
1,23,1,0,0,0,1,109944.0
1,13,5,0,0,0,1,98365.0
1,28,1,0,0,0,1,62377.0
2,12,9,46,46,0,0,32356.0
1,45,1,0,0,0,1,96547.0
1,45,5,0,0,0,1,116964.0
1,23,9,196,1368,0,0,30572.0
1,64,5,0,0,0,1,21209.0
1,18,9,7,325,0,0,107434.0
1,2,5,0,0,0,1,12431.0
1,45,5,0,0,0,1,54665.0
1,45,5,0,0,0,1,14113.0
1,23,9,324,431,0,0,114.0
1,23,1,0,0,0,1,92500.0
1,45,5,0,0,0,1,58575.0
1,23,9,220,309,0,0,75175.0
1,23,9,363,1092,0,0,119012.0
1,23,9,238,453,0,0,32138.0
1,20,9,748,0,0,0,2444.0
1,23,5,0,0,0,1,106895.0
0,60,9,78,0,0,0,14233.0
1,45,5,0,0,0,1,56497.0
1,41,4,1,0,0,1,62036.0
0,14,9,8,0,0,1,23894.0
1,23,9,322,1564,0,0,37148.0
1,45,5,0,0,0,1,29781.0
1,23,9,296,10441,0,0,101665.0
1,23,9,326,548,0,0,107823.0
2,45,9,28,0,0,1,4251.0
2,41,9,516,4,0,0,96374.0
1,50,5,0,0,0,1,61951.0
1,11,5,0,0,0,1,85919.0
1,20,9,334,0,0,0,113079.0
1,49,9,888,335,0,0,18267.0
1,23,9,301,1362,0,0,48238.0
1,49,9,1289,394,0,0,95835.0
1,7,5,0,0,0,1,115628.0
1,23,9,200,3523,0,0,116052.0
1,23,9,225,3926,0,0,62955.0
0,14,9,8,0,0,1,90397.0
1,49,5,0,0,0,1,107415.0
0,14,9,8,0,0,1,99857.0
1,55,5,0,0,0,1,106892.0
1,23,1,0,0,0,1,89223.0
1,49,9,950,331,0,0,6187.0
1,23,9,292,2367,0,0,7096.0
1,23,9,211,1986,0,0,50893.0
1,23,9,299,783,0,0,71332.0
1,23,1,0,0,0,1,12047.0
1,23,9,326,4704,0,0,70822.0
1,45,5,0,0,0,1,96860.0
1,23,5,0,0,0,1,80706.0
1,38,1,0,0,0,1,117558.0
0,14,9,8,0,0,1,14908.0
1,61,5,0,0,0,1,109956.0
1,49,9,1242,330,0,0,64342.0
1,45,5,0,0,0,1,116700.0
1,45,1,0,0,0,1,47943.0
1,23,9,233,2507,0,0,106763.0
1,4,2,0,0,0,1,25509.0
1,23,9,324,267,0,0,56730.0
1,45,5,0,0,0,1,118317.0
1,23,9,54540,8314,0,0,119201.0
1,23,9,252,1144,0,0,59982.0
1,23,9,304,2264,0,0,47286.0
1,19,9,1501,4152,0,0,60365.0
2,12,9,44,126,0,0,57375.0
1,45,5,0,0,0,1,108509.0
0,14,9,8,0,0,1,42774.0
1,23,9,266,282,0,0,39020.0
1,49,9,1944,334,0,0,95691.0
1,23,9,216,1412,0,0,7444.0
1,23,1,0,0,0,1,74974.0
1,23,9,235,4076,0,0,70966.0
1,23,9,299,439,0,0,30302.0
1,23,9,281,8536,0,0,88500.0
1,23,1,0,0,0,1,35130.0
1,20,9,383,0,0,0,61694.0
1,45,5,0,0,0,1,87713.0
1,5,5,0,0,0,1,37880.0
0,15,9,520,0,0,0,14251.0
2,45,9,215,0,0,0,14565.0
1,41,4,1,0,0,1,6947.0
1,23,9,54540,8314,0,0,118255.0
1,23,9,296,1511,0,0,7249.0
1,23,9,210,566,0,0,1199.0
1,41,4,1,0,0,1,9668.0
1,49,5,0,0,0,1,41367.0
1,41,9,12241,0,0,0,116608.0
1,41,1,0,0,0,1,59552.0
2,45,9,105,145,0,0,101843.0
1,23,9,308,368,0,0,74804.0
2,41,9,146,0,0,0,12543.0
2,12,9,43,125,0,0,92052.0
1,49,9,1012,331,0,0,33470.0
1,20,9,1199,0,0,0,36918.0
1,41,4,1,0,0,1,21817.0
1,18,9,9,141,0,0,72281.0
1,23,9,212,11193,0,0,10039.0
1,4,5,0,0,0,1,28718.0
1,5,5,0,0,0,1,25895.0
1,23,1,0,0,0,1,8055.0
1,23,9,175,35216,0,0,48183.0
1,23,9,265,278,0,0,75654.0
1,23,9,210,9454,0,0,105594.0
0,15,9,64,0,0,0,108730.0
1,5,5,0,0,0,1,111377.0
1,23,9,223,805,0,0,61309.0
1,23,9,310,8228,0,0,56575.0
1,23,9,157,30880,0,0,58738.0
1,45,5,0,0,0,1,108817.0
1,20,9,374,0,0,0,88439.0
1,55,5,0,0,0,1,53909.0
1,32,5,0,0,0,1,46544.0
1,23,9,205,1651,0,0,79399.0
1,23,9,212,2531,0,0,9035.0
1,23,9,264,32,0,0,95079.0
1,23,9,216,772,0,0,93639.0
1,49,6,0,0,0,1,77443.0
1,45,5,0,0,0,1,52808.0
2,45,9,1,0,0,1,32783.0
1,45,5,0,0,0,1,125239.0
1,23,9,314,810,0,0,6910.0
1,2,5,0,0,0,1,50490.0
2,12,9,45,134,0,0,26843.0
1,45,5,0,0,0,1,28346.0
1,23,9,241,5399,0,0,54103.0
1,41,1,0,0,0,1,78374.0
1,45,5,0,0,0,1,114815.0
1,49,9,855,327,0,0,79609.0
1,34,5,0,0,0,1,48460.0
1,64,5,0,0,0,1,97325.0
1,49,9,1378,387,0,0,82753.0
1,45,5,0,0,0,1,83700.0
1,23,9,247,492,0,0,59894.0
1,23,9,207,471,0,0,122478.0
1,23,9,156,2377,0,0,67812.0
1,23,9,235,384,0,0,94694.0
2,45,9,105,146,0,0,93918.0
1,29,5,0,0,0,1,2962.0
1,23,9,281,839,0,0,26631.0
1,23,9,222,51166,0,0,48998.0
2,12,9,44,113,0,0,68216.0
1,23,9,230,345,0,0,54552.0
1,62,5,0,0,0,1,74377.0
1,49,9,1699,332,0,0,96116.0
1,20,5,0,0,0,1,71348.0
1,17,2,0,0,0,1,16643.0
1,23,9,315,350,0,0,50641.0
1,23,9,237,804,0,0,111361.0
1,20,9,748,0,0,0,81522.0
1,23,9,235,986,0,0,96018.0
1,49,9,659,328,0,0,71572.0
1,45,5,0,0,0,1,15091.0
2,12,9,43,78,0,0,33945.0
1,43,2,0,0,0,1,11419.0
2,12,9,43,78,0,0,11952.0
1,45,1,0,0,0,1,19388.0
1,23,9,253,540,0,0,3344.0
1,23,9,144,9813,0,0,80502.0
1,23,5,0,0,0,1,54414.0
1,54,5,0,0,0,1,39287.0
1,23,9,330,1183,0,0,60172.0
1,23,9,165,16819,0,0,102559.0
1,23,9,224,284,0,0,24652.0
2,41,9,147,0,0,0,90821.0
2,12,9,44,129,0,0,54795.0
2,41,9,147,105,0,0,104102.0
1,45,5,0,0,0,1,101546.0
1,23,9,339,488,0,0,11729.0
1,23,9,222,259,0,0,48603.0
1,23,9,340,1060,0,0,49949.0
1,23,1,0,0,0,1,17122.0
1,45,1,0,0,0,1,39097.0
1,37,5,0,0,0,1,5038.0
2,12,9,44,70,0,0,2866.0
1,23,9,297,1695,0,0,74539.0
1,23,9,297,526,0,0,105375.0
1,23,9,194,2446,0,0,61988.0
1,2,5,0,0,0,1,37655.0
1,39,5,0,0,0,1,85281.0
2,12,9,44,128,0,0,51663.0
1,49,9,638,331,0,0,50247.0
2,41,9,147,105,0,0,111690.0
1,23,9,54540,8314,0,0,102424.0
2,12,9,44,113,0,0,75382.0
1,45,1,0,0,0,1,18486.0
1,39,5,0,0,0,1,96613.0
1,41,1,0,0,0,1,69336.0
1,2,5,0,0,0,1,73673.0
1,49,9,1372,374,0,0,96375.0
2,12,9,40,40,0,0,12264.0
0,15,9,1032,0,0,0,7978.0
1,49,9,2524,321,0,0,117865.0
1,23,9,260,11512,0,0,10121.0
1,23,9,338,566,0,0,32850.0
1,23,9,189,3865,0,0,5626.0
2,12,9,45,130,0,0,30963.0
2,12,9,45,135,0,0,113934.0
1,23,9,293,2446,0,0,51829.0
1,7,5,0,0,0,1,101793.0
1,23,9,222,2446,0,0,80810.0
1,23,5,0,0,0,1,25545.0
1,23,9,213,1565,0,0,20637.0
1,23,9,235,18986,0,0,32607.0
1,31,5,0,0,0,1,29678.0
1,45,5,0,0,0,1,67993.0
0,14,9,8,0,0,1,30700.0
1,45,5,0,0,0,1,115929.0
1,64,1,0,0,0,1,118945.0
1,23,9,318,6250,0,0,72504.0
1,41,4,1,0,0,1,38814.0
1,49,9,3665,372,0,0,93847.0
1,45,5,0,0,0,1,105572.0
1,26,5,0,0,0,1,43764.0
1,54,5,0,0,0,1,62089.0
1,45,5,0,0,0,1,111394.0
1,23,9,207,3018,0,0,15052.0
1,21,1,0,0,0,1,33465.0
1,45,4,0,0,0,1,78441.0
1,41,9,4763,0,0,0,21198.0
1,23,9,296,1511,0,0,125153.0
1,23,9,210,358,0,0,62968.0
1,45,5,0,0,0,1,95507.0
1,23,9,216,1885,0,0,78320.0
1,23,9,328,357,0,0,100320.0
1,10,5,0,0,0,1,45598.0
1,23,9,320,16080,0,0,50675.0
1,23,9,234,3600,0,0,119624.0
1,49,9,1169,327,0,0,125357.0
1,53,1,0,0,0,1,2546.0
1,23,9,313,2698,0,0,65120.0
1,41,1,0,0,0,1,18341.0
1,23,9,205,188,0,0,81946.0
1,20,5,0,0,0,1,28540.0
1,49,9,2079,321,0,0,104981.0
1,45,5,0,0,0,1,5841.0
1,23,9,304,3222,0,0,114881.0
1,23,6,293,81760,0,0,96347.0
0,15,9,1032,0,0,0,43982.0
0,14,9,8,0,0,1,75993.0
1,26,5,0,0,0,1,50825.0
1,20,9,192,0,0,0,55392.0
1,23,9,219,520,0,0,98240.0
1,23,9,247,933,0,0,69791.0
1,20,9,172,0,0,0,69118.0
0,15,9,1032,0,0,0,53491.0
1,20,9,15377,0,0,0,4109.0
2,41,9,1,0,0,1,29277.0
1,45,5,0,0,0,1,48182.0
1,23,9,326,5131,0,0,42768.0
1,23,9,330,584,0,0,20042.0
1,55,5,0,0,0,1,102531.0
1,23,9,243,863,0,0,40964.0
1,9,5,0,0,0,1,99356.0
1,23,1,0,0,0,1,91132.0
1,49,9,3438,381,0,0,79841.0
2,12,9,45,45,0,0,55335.0
1,49,5,0,0,0,1,21399.0
1,23,9,235,13382,0,0,75964.0
1,45,5,0,0,0,1,60739.0
1,23,9,193,1337,0,0,10568.0
1,45,5,0,0,0,1,85211.0
1,49,9,3133,329,0,0,68052.0
1,23,5,0,0,0,1,20503.0
1,45,1,0,0,0,1,83742.0
1,37,5,0,0,0,1,24040.0
1,23,9,153,1078,0,0,45882.0
1,22,5,0,0,0,1,96266.0
0,14,9,8,0,0,1,61102.0
2,12,9,36,52,0,0,94129.0
1,23,9,54540,8314,0,0,75138.0
0,14,9,8,0,0,1,49548.0
1,20,9,201,0,0,0,55132.0
1,25,5,0,0,0,1,118523.0
1,45,5,0,0,0,1,15773.0
1,23,9,323,8924,0,0,29412.0
1,45,5,0,0,0,1,38679.0
1,23,9,222,259,0,0,24964.0
1,45,1,0,0,0,1,19212.0
2,12,9,45,45,0,0,48418.0
2,45,9,105,145,0,0,58432.0
2,12,9,44,74,0,0,104715.0
1,23,9,415,4167,0,0,68456.0
1,63,1,0,0,0,1,118794.0
1,32,5,0,0,0,1,42356.0
1,4,5,0,0,0,1,13158.0
1,45,5,0,0,0,1,76514.0
1,45,5,0,0,0,1,121297.0
1,28,5,0,0,0,1,8142.0
1,49,9,1092,390,0,0,121722.0
1,9,5,0,0,0,1,30495.0
1,11,5,0,0,0,1,109110.0
2,12,9,36,0,0,0,2363.0
1,23,9,179,14496,0,0,13865.0
1,49,9,1179,328,0,0,2984.0
1,49,9,1734,330,0,0,87970.0
1,23,9,313,403,0,0,68192.0
1,26,5,0,0,0,1,7147.0
1,49,9,632,374,0,0,76101.0
1,20,5,0,0,0,1,100290.0
1,23,9,188,1872,0,0,102494.0
1,49,9,1323,332,0,0,3631.0
1,45,5,0,0,0,1,72024.0
1,23,9,218,316,0,0,105067.0
1,58,5,0,0,0,1,95718.0
1,45,5,0,0,0,1,72134.0
0,14,9,8,0,0,1,56814.0
1,45,1,0,0,0,1,41119.0
1,23,9,244,1127,0,0,65894.0
1,23,9,246,497,0,0,51651.0
1,23,9,255,310,0,0,4766.0
2,12,9,44,112,0,0,107005.0
0,14,9,8,0,0,1,82967.0
1,23,9,171,2417,0,0,30548.0
1,23,9,222,575,0,0,83843.0
1,53,5,0,0,0,1,24108.0
1,23,9,147,438,0,0,76959.0
1,53,5,0,0,0,1,13139.0
1,23,9,233,710,0,0,36079.0
1,23,1,0,0,0,1,64743.0
1,10,5,0,0,0,1,29299.0
0,15,9,1032,0,0,0,69896.0
1,38,1,0,0,0,1,88564.0
1,23,9,295,5392,0,0,115824.0
1,58,9,0,4,0,1,48438.0
2,12,9,46,78,0,0,116748.0
0,14,9,18,0,0,1,42627.0
2,12,9,33,95,0,0,73693.0
1,39,5,0,0,0,1,13557.0
2,45,9,105,145,0,0,105307.0
1,45,5,0,0,0,1,88927.0
0,14,9,8,0,0,1,114161.0
1,38,5,0,0,0,1,106617.0
1,30,5,0,0,0,1,122159.0
1,22,5,0,0,0,1,51395.0
1,23,9,232,17905,0,0,35994.0
1,45,5,0,0,0,1,76842.0
1,23,9,225,616,0,0,31767.0
1,23,9,227,349,0,0,12163.0
1,13,1,0,0,0,1,111002.0
1,19,9,1528,4152,0,0,57601.0
2,41,9,146,105,0,0,36028.0
1,18,5,0,0,0,1,57192.0
1,45,5,0,0,0,1,124378.0
1,20,9,245,0,0,0,114210.0
1,34,5,0,0,0,1,83763.0
1,23,9,144,5919,0,0,75695.0
2,45,9,105,146,0,0,7162.0
2,45,9,1,0,0,1,13275.0
1,45,1,0,0,0,1,22078.0
1,23,9,198,2543,0,0,123205.0
1,13,5,0,0,0,1,14777.0
1,23,9,280,349,0,0,91840.0
1,23,9,217,588,0,0,55849.0
1,29,5,0,0,0,1,86087.0
1,23,9,159,8391,0,0,24591.0
1,23,9,257,4611,0,0,105026.0
1,23,9,305,8549,0,0,79001.0
1,23,6,215,10220,0,0,43547.0
1,23,9,216,402,0,0,76554.0
1,45,5,0,0,0,1,53534.0
2,12,9,45,114,0,0,104875.0
1,23,9,319,8841,0,0,57209.0
1,45,5,0,0,0,1,55599.0
1,23,9,281,1695,0,0,55380.0
1,55,5,0,0,0,1,73080.0
1,23,9,307,3588,0,0,52271.0
1,45,5,0,0,0,1,113045.0
2,12,9,43,43,0,0,78510.0
1,23,9,361,753,0,0,49732.0
1,23,9,214,868,0,0,95876.0
1,49,9,1615,392,0,0,63030.0
1,45,5,0,0,0,1,23639.0
1,27,5,0,0,0,1,72632.0
2,41,9,1,0,0,1,100600.0
2,12,9,44,132,0,0,124796.0
1,23,9,221,2209,0,0,94699.0
1,54,5,0,0,0,1,11049.0
1,23,9,266,2424,0,0,77562.0
1,45,5,0,0,0,1,82653.0
1,45,5,0,0,0,1,71310.0
1,45,5,0,0,0,1,8380.0
1,45,5,0,0,0,1,61103.0
2,12,9,44,44,0,0,81249.0
1,45,5,0,0,0,1,37129.0
1,20,9,748,0,0,0,119961.0
1,45,5,0,0,0,1,59918.0
1,45,5,0,0,0,1,117546.0
1,41,4,1,0,0,1,111456.0
1,45,1,0,0,0,1,96344.0
1,45,5,0,0,0,1,106060.0
1,23,5,0,0,0,1,10272.0
1,45,5,0,0,0,1,93225.0
0,14,9,8,0,0,1,48490.0
1,23,9,204,6479,0,0,31772.0
1,50,5,0,0,0,1,84169.0
1,45,1,0,0,0,1,7031.0
1,49,9,844,336,0,0,100815.0
1,8,1,0,0,0,1,4450.0
0,14,9,8,0,0,1,87508.0
0,14,9,8,0,0,1,64381.0
0,15,9,520,0,0,0,34053.0
2,12,9,45,76,0,0,50130.0
2,12,9,43,71,0,0,27977.0
2,12,9,43,43,0,0,2457.0
1,26,1,0,0,0,1,55594.0
1,23,1,0,0,0,1,111215.0
1,37,5,0,0,0,1,99542.0
2,12,9,46,131,0,0,80420.0
1,49,9,1162,329,0,0,107144.0
1,23,9,352,12922,0,0,65859.0
1,49,9,1534,401,0,0,15775.0
0,15,9,64,0,0,0,97066.0
1,23,9,253,1423,0,0,95190.0
2,12,9,45,110,0,0,58599.0
2,45,9,1,0,0,1,56490.0
1,23,5,0,0,0,1,43568.0
2,12,9,45,119,0,0,32762.0
1,49,9,1145,331,0,0,77312.0
1,2,10,0,0,0,1,102732.0
1,23,9,295,2727,0,0,102516.0
1,10,5,0,0,0,1,86406.0
1,45,5,0,0,0,1,62887.0
1,45,5,0,0,0,1,21682.0
1,45,5,0,0,0,1,52168.0
1,45,5,0,0,0,1,111871.0
1,23,9,219,492,0,0,33075.0
1,45,5,0,0,0,1,16240.0
1,23,1,0,0,0,1,68409.0
1,49,9,12858,1851,0,0,92301.0
1,23,9,196,14496,0,0,51207.0
1,23,9,383,9712,0,0,100514.0
1,23,9,288,8156,0,0,82560.0
1,22,5,0,0,0,1,12806.0
1,25,5,0,0,0,1,112330.0
1,23,1,0,0,0,1,34735.0
1,23,9,314,7096,0,0,107920.0
1,23,9,208,4321,0,0,29755.0
1,23,9,333,1819,0,0,38240.0
1,23,9,226,1705,0,0,15785.0
1,49,9,1278,400,0,0,42760.0
1,23,9,222,368,0,0,19406.0
0,15,9,1032,0,0,0,97482.0
1,49,9,1566,385,0,0,4941.0
1,45,1,0,0,0,1,22779.0
2,12,9,45,111,0,0,41918.0
2,12,9,42,42,0,0,112710.0
1,23,9,257,5989,0,0,28168.0
1,23,9,219,284,0,0,97096.0
2,12,9,45,45,0,0,40821.0
1,29,1,0,0,0,1,43936.0
1,23,9,218,4859,0,0,55589.0
1,23,9,247,2265,0,0,15477.0
1,49,9,1950,481,0,0,125718.0
1,55,9,710,1632218,0,0,42898.0
1,23,9,54540,8314,0,0,67313.0
1,26,5,0,0,0,1,36523.0
1,18,2,0,0,0,1,15482.0
1,23,9,292,1069,0,0,44597.0
1,4,9,10,37,0,0,118988.0
1,13,5,0,0,0,1,107548.0
2,12,9,45,77,0,0,93447.0
1,45,5,0,0,0,1,61438.0
1,45,5,0,0,0,1,10035.0
1,45,5,0,0,0,1,90548.0
1,9,5,0,0,0,1,45355.0
1,22,5,0,0,0,1,91679.0
0,14,9,8,0,0,1,93614.0
1,26,5,0,0,0,1,65983.0
2,41,9,147,0,0,0,49600.0
1,23,1,0,0,0,1,112617.0
1,45,5,0,0,0,1,82320.0
1,23,1,0,0,0,1,39531.0
1,5,5,0,0,0,1,86959.0
1,20,9,1766,0,0,0,81434.0
1,45,4,1,0,0,1,11895.0
1,23,1,0,0,0,1,84228.0
1,49,9,250777,379,0,0,53339.0
1,23,9,345,883,0,0,69125.0
1,49,9,849,328,0,0,122420.0
2,12,9,46,46,0,0,75589.0
2,45,9,28,0,0,1,71041.0
1,23,9,350,3874,0,0,30973.0
1,64,5,0,0,0,1,57136.0
1,41,9,10272,0,0,0,62455.0
2,41,9,147,0,0,0,21718.0
1,45,5,0,0,0,1,88616.0
1,49,9,3034,409,0,0,10078.0
1,31,5,0,0,0,1,414.0
1,49,9,1518,331,0,0,39414.0
1,10,5,0,0,0,1,44336.0
1,23,9,228,14408,0,0,36485.0
2,12,9,46,135,0,0,97290.0
1,23,9,203,331,0,0,1692.0
1,23,9,212,12471,0,0,36957.0
1,49,9,204876,327,0,0,95246.0
1,19,5,0,0,0,1,80246.0
2,12,9,45,131,0,0,85676.0
1,23,9,193,8856,0,0,35226.0
1,49,9,813,327,0,0,7923.0
2,45,9,105,147,0,0,2953.0
1,25,5,0,0,0,1,73385.0
1,23,9,237,1512,0,0,63694.0
1,50,5,0,0,0,1,40475.0
1,45,5,0,0,0,1,107922.0
1,23,9,221,1556,0,0,35643.0
1,23,9,222,602,0,0,29374.0
1,23,9,286,579,0,0,121040.0
1,20,5,0,0,0,1,100157.0
1,23,9,314,271,0,0,88723.0
1,23,9,205,248,0,0,15412.0
1,45,5,0,0,0,1,102690.0
1,45,5,0,0,0,1,14072.0
1,20,9,71,0,0,0,1969.0
1,45,5,0,0,0,1,18039.0
1,23,9,306,1104,0,0,12174.0
1,18,2,0,0,0,1,61131.0
1,45,1,0,0,0,1,115656.0
1,52,2,0,0,0,1,73302.0
1,6,5,0,0,0,1,90233.0
1,23,9,162,19994,0,0,4567.0
2,12,9,44,80,0,0,116158.0
1,51,5,0,0,0,1,16788.0
1,45,5,0,0,0,1,100728.0
1,23,9,219,438,0,0,53874.0
1,20,9,12,0,0,0,71146.0
2,45,9,105,0,0,0,8327.0
2,45,9,1,0,0,1,51872.0
1,45,5,0,0,0,1,120556.0
1,23,9,54540,8314,0,0,5563.0
1,23,9,190,622,0,0,97043.0
2,45,9,105,0,0,0,25213.0
1,45,3,0,0,0,1,99170.0
0,14,9,8,0,0,1,50109.0
1,36,5,0,0,0,1,51400.0
1,23,9,334,570,0,0,84829.0
1,49,9,1448,366,0,0,81797.0
1,45,5,0,0,0,1,63006.0
1,23,9,241,389,0,0,76528.0
1,23,9,368,789,0,0,34900.0
2,12,9,43,128,0,0,98536.0
1,23,9,221,2398,0,0,97488.0
1,23,9,320,1092,0,0,4323.0
1,23,1,0,0,0,1,102230.0
2,12,9,44,129,0,0,37060.0
1,45,5,0,0,0,1,2655.0
1,23,9,325,1390,0,0,37309.0
1,23,9,239,370,0,0,76100.0
2,12,9,30,83,0,0,21057.0
1,23,9,342,1745,0,0,70658.0
0,15,9,1032,0,0,0,28406.0
1,23,9,221,458,0,0,46900.0
1,23,9,304,335,0,0,76865.0
1,17,5,0,0,0,1,8626.0
1,45,1,0,0,0,1,47945.0
1,23,9,311,16025,0,0,8078.0
1,45,5,0,0,0,1,14250.0
1,49,9,775,336,0,0,102890.0
1,45,5,0,0,0,1,34854.0
1,45,5,0,0,0,1,14967.0
1,45,1,0,0,0,1,111905.0
1,23,1,0,0,0,1,7433.0
1,45,5,0,0,0,1,8015.0
0,60,9,181,0,0,0,53592.0
1,23,1,0,0,0,1,65411.0
1,49,9,892,332,0,0,66473.0
1,49,2,13794,2966,0,0,535.0
2,45,9,28,0,0,1,53737.0
1,48,5,0,0,0,1,29022.0
1,53,5,0,0,0,1,58562.0
1,18,5,0,0,0,1,109650.0
1,58,2,0,0,0,1,38421.0
1,23,9,213,1344,0,0,118944.0
1,45,5,0,0,0,1,21340.0
1,45,1,0,0,0,1,15192.0
2,12,9,44,44,0,0,68237.0
1,45,5,0,0,0,1,15759.0
2,45,9,1,0,0,1,26625.0
2,12,9,42,108,0,0,115488.0
1,23,9,208,3399,0,0,43322.0
1,23,9,353,2342,0,0,114596.0
2,12,9,44,134,0,0,57064.0
1,23,9,308,261,0,0,39781.0
1,45,5,0,0,0,1,98078.0
2,41,9,1,0,0,1,72538.0
1,45,5,0,0,0,1,84186.0
1,23,9,236,4376,0,0,112241.0
1,51,5,0,0,0,1,45707.0
1,23,5,0,0,0,1,79604.0
0,14,9,8,0,0,1,108641.0
0,14,9,8,0,0,1,102762.0
1,22,1,0,0,0,1,30585.0
1,28,5,0,0,0,1,70022.0
1,45,1,0,0,0,1,117165.0
1,49,9,1282,334,0,0,116209.0
1,23,9,258,502,0,0,88817.0
1,21,5,0,0,0,1,112895.0
2,12,9,44,44,0,0,118662.0
1,23,9,220,439,0,0,92910.0
1,20,9,175337,0,0,0,53452.0
1,45,5,0,0,0,1,5090.0
1,26,1,0,0,0,1,33076.0
1,18,5,0,0,0,1,4913.0
1,49,9,852,393,0,0,107983.0
1,45,1,0,0,0,1,4665.0
1,23,9,217,2111,0,0,49060.0
2,45,9,1,0,0,1,97613.0
1,36,5,0,0,0,1,113086.0
1,18,5,0,0,0,1,58109.0
2,41,9,147,105,0,0,3825.0
1,23,5,0,0,0,1,22350.0
1,23,1,0,0,0,1,48465.0
1,23,9,236,9986,0,0,117292.0
1,23,9,199,1606,0,0,19823.0
1,23,9,350,564,0,0,86225.0
1,20,9,1363,0,0,0,65890.0
1,18,5,0,0,0,1,35444.0
1,51,5,0,0,0,1,29292.0
1,23,9,314,2996,0,0,34755.0
1,45,4,0,0,0,1,887.0
1,49,9,1712,328,0,0,53975.0
1,45,1,0,0,0,1,42841.0
1,25,5,0,0,0,1,20861.0
1,45,5,0,0,0,1,57530.0
1,23,9,282,263,0,0,60601.0
1,20,9,501760,0,0,0,107653.0
1,20,9,252,0,0,0,6551.0
1,45,1,0,0,0,1,900.0
1,45,4,0,0,0,1,3465.0
1,23,9,288,956,0,0,15066.0
1,23,9,304,1494,0,0,36526.0
0,15,9,1480,0,0,0,97045.0
1,64,5,0,0,0,1,34889.0
1,49,9,2483,329,0,0,114498.0
1,23,9,217,308,0,0,46158.0
1,49,9,626,390,0,0,14322.0
1,23,9,237,10146,0,0,98988.0
1,23,9,276,10861,0,0,4883.0
1,23,9,217,280,0,0,37488.0
1,45,5,0,0,0,1,39171.0
1,45,1,0,0,0,1,89265.0
1,38,5,0,0,0,1,124177.0
1,23,9,342,9284,0,0,67419.0
0,14,9,8,0,0,1,38027.0
1,23,9,319,4050,0,0,56777.0
1,45,5,0,0,0,1,23776.0
1,20,9,1830,0,0,0,76237.0
1,45,5,0,0,0,1,31284.0
1,45,1,0,0,0,1,32665.0
1,45,5,0,0,0,1,58951.0
1,23,9,258,508,0,0,50779.0
1,61,5,0,0,0,1,61195.0
1,23,9,237,1159,0,0,76481.0
1,45,4,1,0,0,1,35956.0
1,13,5,0,0,0,1,57244.0
1,45,5,0,0,0,1,35736.0
0,14,9,8,0,0,1,104404.0
2,12,9,45,92,0,0,7342.0
1,41,1,0,0,0,1,105693.0
1,23,9,288,370,0,0,120093.0
1,45,5,0,0,0,1,30569.0
1,45,5,0,0,0,1,16684.0
1,38,5,0,0,0,1,47002.0
1,45,5,0,0,0,1,6984.0
1,23,9,370,274,0,0,1369.0
1,5,5,0,0,0,1,88810.0
1,19,9,1227,2449,0,0,3424.0
1,23,9,221,9668,0,0,66261.0
1,49,9,760,335,0,0,18950.0
1,23,9,210,1820,0,0,25224.0
1,55,6,0,0,0,1,86237.0
1,45,5,0,0,0,1,78695.0
1,49,9,12456,1428,0,0,52720.0
1,45,5,0,0,0,1,3761.0
1,23,1,0,0,0,1,78136.0
1,45,1,0,0,0,1,86572.0
1,45,5,0,0,0,1,113214.0
1,43,9,35,130,0,0,51099.0
1,13,5,0,0,0,1,20482.0
1,23,9,321,9021,0,0,42600.0
1,20,9,11,0,0,0,110200.0
1,20,1,0,0,0,1,41250.0
1,11,1,0,0,0,1,91165.0
1,11,5,0,0,0,1,62128.0
1,23,9,200,1695,0,0,17367.0
1,23,9,346,2229,0,0,121375.0
1,23,9,313,32782,0,0,86981.0
1,23,9,204,260,0,0,990.0
1,23,9,316,454,0,0,81013.0
1,23,9,259,290,0,0,32340.0
1,0,4,2974,10399,0,0,40858.0
1,23,9,222,916,0,0,11745.0
1,49,9,1147,388,0,0,72715.0
1,23,9,235,882,0,0,94403.0
1,22,1,0,0,0,1,80361.0
1,23,9,219,6902,0,0,5959.0
0,15,9,1480,0,0,0,94360.0
1,54,1,0,0,0,1,68618.0
1,49,9,705,330,0,0,19210.0
0,14,9,18,0,0,1,15406.0
0,14,9,8,0,0,1,117141.0
1,49,6,0,0,0,1,108285.0
1,23,9,148,432,0,0,69609.0
1,23,9,243,3934,0,0,10767.0
1,45,1,0,0,0,1,107279.0
1,45,5,0,0,0,1,78375.0
2,12,9,45,129,0,0,84930.0
1,23,9,217,617,0,0,47748.0
1,45,4,0,0,0,1,72445.0
1,45,1,0,0,0,1,97470.0
1,23,9,239,3637,0,0,84170.0
1,45,5,0,0,0,1,17296.0
1,23,9,205,365,0,0,70906.0
1,5,5,0,0,0,1,103471.0
1,23,9,208,318,0,0,25849.0
2,12,9,44,44,0,0,59495.0
1,18,5,0,0,0,1,85617.0
0,14,9,8,0,0,1,118920.0
1,45,5,0,0,0,1,59727.0
1,23,9,324,1427,0,0,123583.0
1,23,9,332,3395,0,0,36993.0
1,23,6,325,14600,0,0,50746.0
1,52,2,0,0,0,1,91171.0
2,45,9,28,0,0,1,1770.0
1,23,9,226,324,0,0,107206.0
1,23,9,230,1109,0,0,9154.0
1,45,1,0,0,0,1,57499.0
1,23,9,221,1384,0,0,55552.0
1,49,9,1189,332,0,0,58208.0
1,23,9,394,7896,0,0,57131.0
1,58,5,0,0,0,1,7252.0
2,41,9,147,105,0,0,116535.0
1,23,9,253,1977,0,0,106621.0
1,49,9,1627,333,0,0,56741.0
1,42,5,0,0,0,1,121849.0
1,43,5,0,0,0,1,20072.0
1,41,1,0,0,0,1,23926.0
2,12,9,45,81,0,0,106706.0
1,31,2,0,0,0,1,11144.0
1,23,1,0,0,0,1,71491.0
0,14,9,8,0,0,1,89038.0
1,23,9,328,1199,0,0,113786.0
1,31,5,0,0,0,1,69910.0
1,11,5,0,0,0,1,65604.0
1,23,1,0,0,0,1,84518.0
1,37,5,0,0,0,1,91746.0
1,23,9,295,6120,0,0,47429.0
1,23,9,220,1608,0,0,25006.0
2,41,9,145,105,0,0,26907.0
1,45,5,0,0,0,1,56781.0
1,45,5,0,0,0,1,47356.0
0,15,9,1032,0,0,0,65767.0
1,23,9,144,9531,0,0,120931.0
1,49,9,568,285,0,0,37399.0
1,26,5,0,0,0,1,33881.0
1,23,9,231,844,0,0,24243.0
1,49,9,8952,332,0,0,67115.0
1,23,9,222,5255,0,0,72100.0
1,18,5,0,0,0,1,57728.0
1,49,9,1003,363,0,0,95237.0
1,11,5,0,0,0,1,16526.0
2,12,9,45,45,0,0,4780.0
2,12,9,42,42,0,0,28511.0
1,23,9,267,1206,0,0,37681.0
2,41,9,147,0,0,0,17924.0
1,23,9,215,301,0,0,110426.0
2,12,9,31,91,0,0,45565.0
1,41,4,1,0,0,1,40622.0
1,20,9,11,0,0,0,121964.0
1,23,9,323,310,0,0,71079.0
1,23,9,297,1125,0,0,43847.0
1,23,9,271,2422,0,0,45512.0
1,19,5,0,0,0,1,41986.0
1,23,9,254,337,0,0,103596.0
0,15,9,1032,0,0,0,82272.0
2,12,9,45,45,0,0,3372.0
1,18,5,0,0,0,1,62656.0
1,38,5,0,0,0,1,124616.0
1,49,9,633,338,0,0,111090.0
2,12,9,44,44,0,0,56171.0
1,23,9,253,1092,0,0,105909.0
1,49,9,757,338,0,0,82492.0
1,23,9,358,409,0,0,21152.0
1,23,9,299,1380,0,0,1192.0
1,23,9,222,660,0,0,13111.0
1,23,9,245,391,0,0,96103.0
1,32,1,0,0,0,1,124277.0
1,20,9,1153,0,0,0,68362.0
1,23,9,312,139,0,0,43670.0
1,35,5,0,0,0,1,4355.0
1,39,5,0,0,0,1,16204.0
1,20,9,854,0,0,0,60110.0
2,45,9,105,147,0,0,34069.0
1,23,7,228,0,0,0,119031.0
1,23,9,294,252,0,0,89346.0
1,55,5,0,0,0,1,58123.0
1,23,9,272,2492,0,0,48128.0
2,12,9,33,0,0,0,70700.0
1,45,5,0,0,0,1,38199.0
2,12,9,44,132,0,0,30058.0
2,12,9,45,77,0,0,51696.0
1,52,5,0,0,0,1,86106.0
0,14,9,8,0,0,1,79805.0
1,23,9,223,1761,0,0,121891.0
1,45,5,0,0,0,1,64530.0
1,23,1,0,0,0,1,40776.0
1,45,5,0,0,0,1,109976.0
1,45,5,0,0,0,1,111043.0
1,45,1,0,0,0,1,78728.0
2,12,9,45,131,0,0,70222.0
1,22,5,0,0,0,1,96313.0
1,20,9,3482,0,0,0,19254.0
2,12,9,46,135,0,0,93997.0
1,23,9,307,331,0,0,33353.0
2,12,9,46,77,0,0,80044.0
2,12,9,32,0,0,0,55871.0
1,20,9,2194619,0,0,0,99153.0
1,23,9,225,267,0,0,41482.0
1,41,1,0,0,0,1,108572.0
1,27,5,0,0,0,1,3003.0
1,23,9,295,6874,0,0,101298.0
1,23,9,295,4123,0,0,64376.0
1,20,9,383,0,0,0,120199.0
1,51,1,0,0,0,1,118998.0
1,23,9,261,12236,0,0,125548.0
1,23,9,207,325,0,0,124440.0
0,14,9,18,0,0,1,23311.0
1,23,9,269,1283,0,0,70909.0
1,23,9,283,482,0,0,115298.0
1,23,9,213,729,0,0,107481.0
1,23,9,215,2528,0,0,17272.0
1,23,9,255,338,0,0,40060.0
0,14,9,8,0,0,1,100423.0
1,45,5,0,0,0,1,57767.0
1,2,1,0,0,0,1,121855.0
1,38,1,0,0,0,1,125732.0
1,19,9,1231,2451,0,0,37990.0
1,23,9,238,13902,0,0,40018.0
0,14,9,8,0,0,1,42709.0
1,22,5,0,0,0,1,67127.0
1,45,5,0,0,0,1,14641.0
2,45,9,1,0,0,1,96317.0
1,25,5,0,0,0,1,35954.0
1,19,9,1465,4152,0,0,106427.0
2,45,9,1,0,0,1,22669.0
0,14,9,18,0,0,1,73908.0
2,12,9,45,138,0,0,18350.0
1,10,5,0,0,0,1,7764.0
2,45,9,28,0,0,1,32576.0
1,49,9,1116,333,0,0,6709.0
1,45,1,0,0,0,1,81939.0
1,23,9,328,835,0,0,86423.0
1,18,5,0,0,0,1,63056.0
1,23,1,0,0,0,1,122146.0
1,23,9,240,364,0,0,81024.0
0,14,9,8,0,0,1,35454.0
1,23,9,209,7355,0,0,13741.0
1,45,1,0,0,0,1,54401.0
1,23,9,281,1395,0,0,101740.0
1,62,5,0,0,0,1,109879.0
1,45,5,0,0,0,1,68523.0
2,12,9,46,133,0,0,15916.0
1,5,5,0,0,0,1,82579.0
1,23,9,330,1232,0,0,71978.0
1,23,9,228,10276,0,0,105624.0
1,11,3,0,0,0,1,112897.0
1,23,9,235,406,0,0,123717.0
1,20,9,59,0,0,0,19629.0
1,32,5,0,0,0,1,49262.0
1,23,9,201,2685,0,0,99700.0
2,12,9,45,45,0,0,101411.0
2,45,9,105,146,0,0,54038.0
2,12,9,91,0,0,0,107793.0
1,23,9,262,21250,0,0,82624.0
2,41,9,1,0,0,1,75960.0
1,23,9,300,1473,0,0,17139.0
1,45,5,0,0,0,1,16274.0
1,23,9,315,1148,0,0,92538.0
1,29,5,0,0,0,1,124201.0
1,23,9,317,504,0,0,90917.0
1,23,9,320,3163,0,0,88648.0
0,15,9,1032,0,0,0,17125.0
1,23,9,204,616,0,0,78965.0
2,12,9,45,130,0,0,35067.0
0,14,9,8,0,0,1,82000.0
1,43,9,49,1460,0,0,36826.0
1,23,9,205,13965,0,0,69414.0
1,54,5,0,0,0,1,6372.0
1,23,9,227,5839,0,0,23513.0
1,53,5,0,0,0,1,65808.0
1,49,2,0,0,0,1,42583.0
2,12,9,45,111,0,0,125159.0
1,23,9,332,1196,0,0,53895.0
1,20,5,0,0,0,1,86574.0
1,55,5,0,0,0,1,15258.0
1,20,9,10389,0,0,0,48957.0
1,23,9,326,1011,0,0,83844.0
1,23,9,305,577,0,0,124097.0
1,49,9,1649,336,0,0,24398.0
1,49,9,867,330,0,0,38587.0
1,23,9,318,1460,0,0,71908.0
1,19,9,1488,4152,0,0,68061.0
1,20,9,5131424,0,0,0,100297.0
2,12,9,46,46,0,0,116463.0
1,49,9,3044,330,0,0,104528.0
1,23,9,229,1380,0,0,15335.0
1,45,5,0,0,0,1,59132.0
2,12,9,45,137,0,0,81885.0
0,14,9,8,0,0,1,31471.0
1,20,9,748,0,0,0,101395.0
1,64,1,0,0,0,1,50267.0
1,23,9,294,1901,0,0,100077.0
2,41,9,146,105,0,0,105676.0
1,23,9,212,498,0,0,47337.0
1,45,5,0,0,0,1,66547.0
1,45,1,0,0,0,1,2599.0
1,36,1,0,0,0,1,40953.0
1,45,5,0,0,0,1,27524.0
1,22,5,0,0,0,1,85559.0
2,12,9,43,131,0,0,62174.0
1,20,5,0,0,0,1,50662.0
1,23,9,358,256,0,0,7461.0
1,55,9,104,2124,0,0,93005.0
1,23,9,214,6662,0,0,122404.0
1,23,9,217,312,0,0,13128.0
2,12,9,45,89,0,0,4974.0
1,23,9,244,274,0,0,95046.0
1,27,1,0,0,0,1,47371.0
1,23,9,327,18798,0,0,110059.0
2,41,9,147,105,0,0,67438.0
1,23,9,335,1088,0,0,56502.0
1,23,9,263,4097,0,0,19293.0
1,23,9,143,9743,0,0,31250.0
1,45,1,0,0,0,1,60887.0
1,23,9,307,812,0,0,102285.0
1,23,9,280,758,0,0,90141.0
1,23,9,198,310,0,0,76478.0
1,23,5,0,0,0,1,124257.0
2,45,9,105,146,0,0,105975.0
0,14,9,18,0,0,1,6715.0
1,45,5,0,0,0,1,114454.0
2,45,9,105,146,0,0,19155.0
1,23,9,308,551,0,0,80705.0
1,45,1,0,0,0,1,45396.0
1,23,5,0,0,0,1,6632.0
1,23,9,207,1705,0,0,30374.0
1,6,1,0,0,0,1,43980.0
1,45,5,0,0,0,1,76442.0
0,60,9,182,0,0,0,2043.0
0,15,9,64,0,0,0,47126.0
1,23,9,247,1875,0,0,34699.0
1,23,9,295,370,0,0,51693.0
2,12,9,45,123,0,0,25701.0
1,5,5,0,0,0,1,20177.0
1,23,9,323,2462,0,0,42218.0
1,23,9,197,1108,0,0,61797.0
1,45,4,0,0,0,1,40797.0
1,4,1,0,0,0,1,77028.0
2,12,9,45,128,0,0,37029.0
1,23,9,207,325,0,0,113287.0
1,5,5,0,0,0,1,73959.0
1,41,1,0,0,0,1,33332.0
1,9,2,0,0,0,1,57903.0
1,23,5,0,0,0,1,116127.0
1,49,9,883,332,0,0,88402.0
2,12,9,44,44,0,0,34669.0
0,15,9,1032,0,0,0,29100.0
1,23,1,0,0,0,1,123769.0
1,61,5,0,0,0,1,42088.0
1,23,9,281,15668,0,0,99027.0
1,11,1,0,0,0,1,64629.0
1,23,9,333,2167,0,0,78043.0
1,23,9,197,2664,0,0,125219.0
1,20,5,0,0,0,1,89007.0
1,23,9,243,2595,0,0,3668.0
1,23,9,222,974,0,0,57845.0
1,45,5,0,0,0,1,118224.0
1,45,5,0,0,0,1,116502.0
1,49,9,961,288,0,0,113085.0
0,14,9,8,0,0,1,115916.0
0,15,9,520,0,0,0,13006.0
1,23,9,228,328,0,0,24836.0
1,45,4,0,0,0,1,95349.0
1,23,9,324,2015,0,0,113352.0
2,12,9,42,42,0,0,47851.0
1,41,4,1,0,0,1,104772.0
1,23,9,204,1274,0,0,108338.0
1,23,9,332,3473,0,0,39331.0
1,23,9,328,301,0,0,82913.0
1,31,5,0,0,0,1,76042.0
1,23,9,293,6217,0,0,27931.0
1,8,1,0,0,0,1,25166.0
1,49,9,899,334,0,0,109893.0
1,23,9,287,28392,0,0,36293.0
2,12,9,44,136,0,0,59125.0
2,41,9,1,0,0,1,109022.0
1,45,1,0,0,0,1,66363.0
1,23,9,295,471,0,0,2062.0
1,23,9,204,3006,0,0,104519.0
1,30,1,0,0,0,1,83636.0
1,21,1,0,0,0,1,37834.0
1,20,9,334,0,0,0,31046.0
1,45,5,0,0,0,1,56192.0
1,45,1,0,0,0,1,103534.0
1,63,5,0,0,0,1,9153.0
1,23,9,285,6748,0,0,119406.0
1,23,9,218,3801,0,0,117648.0
1,20,9,12,0,0,0,63330.0
1,45,5,0,0,0,1,99676.0
1,20,9,194,0,0,0,90489.0
1,23,9,196,1635,0,0,53067.0
1,20,9,192,0,0,0,28567.0
0,60,9,181,0,0,0,25375.0
1,23,9,222,392,0,0,119010.0
2,12,9,43,130,0,0,110431.0
2,12,9,45,45,0,0,81431.0
1,45,5,0,0,0,1,49750.0
1,49,9,1324,300,0,0,38243.0
1,49,9,766,286,0,0,14060.0
1,45,5,0,0,0,1,102269.0
2,12,9,44,78,0,0,15597.0
1,23,9,227,2701,0,0,52169.0
1,45,5,0,0,0,1,120694.0
0,60,9,78,0,0,0,12703.0
1,49,9,1339,322,0,0,16991.0
1,20,9,192,0,0,0,115455.0
1,23,9,314,5300,0,0,47149.0
1,31,5,0,0,0,1,123681.0
2,12,9,45,74,0,0,72243.0
1,23,9,328,2943,0,0,76994.0
1,23,9,205,8064,0,0,122617.0
1,7,5,0,0,0,1,31924.0
1,11,5,0,0,0,1,25973.0
2,45,9,1,0,0,1,71701.0
1,20,9,2436,0,0,0,90101.0
1,23,9,277,1942,0,0,104809.0
0,14,9,8,0,0,1,122050.0
1,45,5,0,0,0,1,96723.0
1,23,9,284,2280,0,0,86827.0
1,41,4,1,0,0,1,88343.0
1,49,9,1744,411,0,0,113730.0
1,23,9,227,2068,0,0,77617.0
1,29,5,0,0,0,1,123388.0
1,16,5,0,0,0,1,20605.0
2,12,9,141,45,0,0,19875.0
1,30,5,0,0,0,1,94332.0
1,45,1,0,0,0,1,111393.0
1,20,9,192,0,0,0,29574.0
1,49,9,982,329,0,0,34452.0
1,17,5,0,0,0,1,2087.0
0,14,9,8,0,0,1,31269.0
1,23,9,303,259,0,0,34611.0
1,23,9,286,1993,0,0,17225.0
1,20,9,203,0,0,0,66833.0
2,12,9,43,73,0,0,100461.0
1,61,9,6,0,0,1,23620.0
1,23,9,276,9988,0,0,47558.0
1,45,5,0,0,0,1,78368.0
1,4,5,0,0,0,1,90436.0
1,20,5,0,0,0,1,1416.0
2,12,9,38,54,0,0,15695.0
1,23,9,281,290,0,0,101645.0
1,23,9,199,1102,0,0,82485.0
1,45,5,0,0,0,1,119609.0
1,24,5,0,0,0,1,3248.0
1,23,9,335,3200,0,0,72558.0
1,45,1,0,0,0,1,110419.0
1,23,9,228,3276,0,0,9636.0
1,49,5,0,0,0,1,8741.0
1,41,9,4892,0,0,0,60534.0
1,23,9,254,1474,0,0,105330.0
2,12,9,46,46,0,0,91253.0
2,12,9,43,132,0,0,58982.0
1,23,9,206,1215,0,0,50441.0
1,20,9,383,0,0,0,23363.0
1,23,9,342,795,0,0,88136.0
2,45,9,105,147,0,0,22966.0
2,12,9,45,111,0,0,60231.0
1,45,4,0,0,0,1,52051.0
1,61,5,0,0,0,1,100042.0
1,23,1,0,0,0,1,43838.0
1,23,9,238,306,0,0,31162.0
0,60,9,182,0,0,0,81381.0
1,19,9,1255,2451,0,0,33757.0
1,24,1,0,0,0,0,95148.0
2,41,9,516,4,0,0,72957.0
1,49,9,1165,329,0,0,14007.0
1,23,1,0,0,0,1,22954.0
1,23,9,301,480,0,0,24829.0
0,15,9,520,0,0,0,55965.0
1,23,9,184,707,0,0,79858.0
1,23,9,296,507534,0,0,50650.0
1,20,5,0,0,0,1,60830.0
1,18,5,0,0,0,1,21796.0
1,23,9,345,3938,0,0,983.0
1,23,9,199,986,0,0,15604.0
1,23,9,324,3751,0,0,91875.0
1,45,5,0,0,0,1,8150.0
1,33,1,0,0,0,1,28863.0
1,7,5,0,0,0,1,7505.0
1,23,9,245,1194,0,0,45887.0
1,19,9,1458,4152,0,0,525.0
1,63,5,0,0,0,1,76034.0
1,45,5,0,0,0,1,38527.0
1,45,5,0,0,0,1,66844.0
1,45,1,0,0,0,1,2863.0
1,25,5,0,0,0,1,3222.0
2,45,9,28,0,0,1,86871.0
1,20,5,0,0,0,1,88811.0
1,41,9,8325,0,0,0,118209.0
1,23,9,298,2885,0,0,26156.0
1,46,5,0,0,0,1,42358.0
1,23,9,328,2739,0,0,55116.0
1,45,1,0,0,0,1,118522.0
1,8,5,0,0,0,1,114104.0
1,20,9,37,0,0,0,99816.0
1,49,9,955,279,0,0,65289.0
2,41,9,147,105,0,0,46806.0
1,23,9,218,6459,0,0,54516.0
1,23,9,218,2402,0,0,2028.0
1,23,9,206,278,0,0,27413.0
1,45,5,0,0,0,1,34249.0
1,16,5,0,0,0,1,53541.0
1,23,9,320,181,0,0,62369.0
1,55,9,9933,14772,0,0,121942.0
1,23,9,349,22780,0,0,97644.0
1,20,9,6932,0,0,0,97329.0
1,23,9,300,2647,0,0,2220.0
1,53,5,0,0,0,1,101350.0
1,34,5,0,0,0,1,92123.0
1,23,9,307,517,0,0,58931.0
1,55,2,0,0,0,1,49194.0
1,23,9,195,14515,0,0,115117.0
1,25,5,0,0,0,1,121434.0
1,23,9,254,20731,0,0,97297.0
1,45,4,1,0,0,1,5987.0
2,41,9,516,4,0,0,113356.0
1,49,9,587,331,0,0,42688.0
1,23,9,244,290,0,0,76726.0
1,23,9,149,12632,0,0,53598.0
1,44,5,0,0,0,1,98174.0
1,23,1,0,0,0,1,120689.0
2,45,9,1,0,0,1,103574.0
1,4,5,0,0,0,1,88651.0
0,14,9,8,0,0,1,64058.0
1,45,1,0,0,0,1,17875.0
1,23,9,339,577,0,0,28229.0
2,12,9,30,0,0,0,76777.0
1,45,1,0,0,0,1,44412.0
1,45,5,0,0,0,1,29065.0
1,20,9,12,0,0,0,125830.0
1,53,4,0,0,0,1,34969.0
2,41,9,146,105,0,0,18038.0
1,45,5,0,0,0,1,85927.0
1,23,9,218,5473,0,0,124324.0
1,23,9,308,8485,0,0,53910.0
1,41,1,0,0,0,1,80208.0
1,23,9,289,2833,0,0,24936.0
1,58,5,0,0,0,1,50305.0
2,12,9,46,135,0,0,60933.0
2,12,9,33,88,0,0,22010.0
1,45,5,0,0,0,1,64518.0
1,23,9,329,1032,0,0,20068.0
1,25,5,0,0,0,1,23389.0
1,24,5,0,0,0,1,94536.0
1,45,5,0,0,0,1,84894.0
0,15,9,1032,0,0,0,110215.0
1,52,5,0,0,0,1,118552.0
1,23,9,330,346,0,0,10766.0
1,23,1,0,0,0,1,63012.0
1,20,9,59,0,0,0,31605.0
1,23,9,224,1645,0,0,58275.0
2,12,9,44,133,0,0,16089.0
0,14,9,8,0,0,1,6087.0
1,45,5,0,0,0,1,33806.0
1,23,9,330,1128,0,0,67656.0
1,20,9,641,0,0,0,85728.0
1,41,1,0,0,0,1,78587.0
1,23,9,338,408,0,0,49650.0
1,45,5,0,0,0,1,72431.0
1,28,5,0,0,0,1,73267.0
1,17,5,0,0,0,1,58532.0
1,23,9,224,33586,0,0,21002.0
1,23,9,230,2316,0,0,4284.0
1,45,1,0,0,0,1,109284.0
1,7,5,0,0,0,1,58636.0
1,49,9,689,341,0,0,93735.0
0,14,9,30,0,0,0,117612.0
1,45,1,0,0,0,1,34372.0
1,45,1,0,0,0,1,83951.0
1,23,9,277,35138,0,0,47975.0
1,49,9,2099,368,0,0,19853.0
1,45,5,0,0,0,1,104476.0
1,23,9,320,535,0,0,65803.0
1,4,1,0,0,0,1,67119.0
0,15,9,18,0,0,1,25217.0
1,58,5,0,0,0,1,44177.0
1,30,5,0,0,0,1,54632.0
1,23,5,0,0,0,1,63711.0
1,34,1,0,0,0,1,91655.0
1,45,5,0,0,0,1,87234.0
1,23,9,229,392,0,0,75628.0
1,20,5,0,0,0,1,14518.0
1,55,5,0,0,0,1,46364.0
2,12,9,45,76,0,0,45328.0
2,45,9,1,0,0,1,35715.0
1,20,9,201,0,0,0,47939.0
1,23,9,284,452,0,0,123506.0
0,14,9,8,0,0,1,1826.0
1,41,1,0,0,0,1,89080.0
1,23,9,286,810,0,0,31710.0
1,23,9,325,12884,0,0,494.0
1,45,5,0,0,0,1,110046.0
1,49,9,4016,334,0,0,77196.0
1,6,5,0,0,0,1,48674.0
1,2,5,0,0,0,1,81580.0
1,23,1,0,0,0,1,19655.0
1,64,1,0,0,0,1,87617.0
1,63,5,0,0,0,1,110604.0
1,49,9,590,326,0,0,35146.0
1,30,5,0,0,0,1,109958.0
1,23,9,250,608,0,0,70734.0
1,45,5,0,0,0,1,90629.0
2,12,9,44,113,0,0,85149.0
0,14,9,8,0,0,1,123562.0
1,23,9,218,12235,0,0,16400.0
2,12,9,46,135,0,0,116389.0
1,7,1,0,0,0,1,94051.0
1,23,9,244,4047,0,0,90591.0
1,23,9,308,944,0,0,104191.0
1,19,9,1237,2449,0,0,50900.0
1,23,9,358,256,0,0,60220.0
1,23,9,311,13208,0,0,89680.0
1,23,9,297,3992,0,0,37398.0
1,23,9,189,313,0,0,32863.0
2,41,9,147,0,0,0,94185.0
2,41,9,147,105,0,0,106402.0
1,23,9,236,870,0,0,81542.0
1,55,5,0,0,0,1,10913.0
0,14,9,8,0,0,1,40459.0
1,23,9,261,333,0,0,85208.0
1,49,9,822,365,0,0,55750.0
1,23,9,307,2698,0,0,71185.0
1,23,9,296,188,0,0,69068.0
1,18,5,0,0,0,1,56116.0
1,45,1,0,0,0,1,17496.0
1,41,1,0,0,0,1,35000.0
1,45,5,0,0,0,1,85307.0
1,21,5,0,0,0,1,74280.0
0,15,9,520,0,0,0,76721.0
1,23,9,309,4777,0,0,38609.0
1,58,5,0,0,0,1,78880.0
1,23,9,338,392,0,0,98652.0
1,4,5,0,0,0,1,74288.0
1,45,5,0,0,0,1,34982.0
1,45,5,0,0,0,1,29246.0
1,23,9,212,5790,0,0,81959.0
1,45,5,0,0,0,1,96274.0
1,23,9,229,1276,0,0,42021.0
1,62,1,0,0,0,1,36536.0
1,49,9,981,388,0,0,109096.0
1,23,9,250,666,0,0,37856.0
1,20,5,0,0,0,1,116520.0
2,12,9,44,127,0,0,50113.0
2,41,9,147,0,0,0,71289.0
1,58,5,0,0,0,1,107051.0
1,23,1,0,0,0,1,8646.0
1,0,2,1149,5865,0,0,67276.0
2,45,9,105,146,0,0,103145.0
2,12,9,43,145,0,0,54782.0
1,17,5,0,0,0,1,33744.0
2,12,9,42,42,0,0,114874.0
1,23,9,236,783,0,0,28376.0
1,45,4,0,0,0,1,43830.0
1,45,1,0,0,0,1,97682.0
1,61,5,0,0,0,1,124464.0
1,23,9,299,1856,0,0,30677.0
1,23,9,217,3516,0,0,35906.0
1,21,5,0,0,0,1,11328.0
1,41,9,4892,0,0,0,121333.0
1,11,9,48,474,0,0,87659.0
1,13,5,0,0,0,1,105094.0
1,29,1,0,0,0,1,7713.0
1,23,1,0,0,0,1,121378.0
1,23,9,214,1097,0,0,52357.0
2,12,9,43,69,0,0,56773.0
1,23,9,242,853,0,0,71864.0
1,55,9,179,9682,0,0,94213.0
2,12,9,44,125,0,0,67686.0
1,23,9,251,1687,0,0,83385.0
1,45,5,0,0,0,1,115870.0
1,23,9,258,20810,0,0,33355.0
1,54,5,0,0,0,1,92073.0
1,63,1,0,0,0,1,77060.0
1,20,9,641,0,0,0,26472.0
1,23,9,215,466,0,0,101466.0
1,61,5,0,0,0,1,118006.0
1,23,1,0,0,0,1,40153.0
0,14,9,8,0,0,1,122015.0
1,23,9,254,299,0,0,107694.0
1,45,5,0,0,0,1,23539.0
1,20,9,1556,0,0,0,36772.0
1,11,5,0,0,0,1,13192.0
1,55,9,104,997,0,0,91607.0
1,23,9,209,1411,0,0,116421.0
1,49,9,652,330,0,0,33449.0
1,52,5,0,0,0,1,9501.0
1,21,5,0,0,0,1,5302.0
1,53,5,0,0,0,1,84526.0
2,12,9,45,81,0,0,116062.0
1,23,9,334,916,0,0,78995.0
1,45,5,0,0,0,1,119040.0
1,23,9,309,412,0,0,62666.0
1,58,5,0,0,0,1,19697.0
1,6,5,0,0,0,1,99141.0
1,49,9,722,330,0,0,61198.0
1,23,9,208,1107,0,0,49912.0
1,45,4,1,0,0,1,32627.0
1,39,2,0,0,0,1,53657.0
1,35,5,0,0,0,1,37812.0
1,23,9,189,2542,0,0,43863.0
1,18,5,0,0,0,1,35676.0
1,20,9,59,0,0,0,40859.0
1,45,5,0,0,0,1,55169.0
1,26,5,0,0,0,1,107484.0
1,16,5,0,0,0,1,68902.0
0,14,9,18,0,0,1,5608.0
1,61,5,0,0,0,1,79422.0
1,61,5,0,0,0,1,55805.0
1,23,9,322,9418,0,0,30579.0
1,19,9,1419,4152,0,0,122037.0
1,23,9,146,18538,0,0,31223.0
0,14,9,8,0,0,1,78943.0
1,23,9,314,6211,0,0,82557.0
1,41,9,3468,0,0,0,111781.0
1,20,9,2881,0,0,0,64662.0
1,63,1,0,0,0,1,9984.0
2,41,9,145,105,0,0,19197.0
1,23,9,208,6992,0,0,102616.0
1,18,5,0,0,0,1,98249.0
1,13,2,0,0,0,1,124306.0
2,12,9,44,133,0,0,37584.0
1,4,5,0,0,0,1,37077.0
1,45,5,0,0,0,1,98464.0
2,45,9,1,0,0,1,104406.0
1,45,5,0,0,0,1,39641.0
1,23,9,238,797,0,0,66935.0
2,12,9,44,136,0,0,71508.0
1,49,9,1631,399,0,0,23390.0
1,23,9,327,270,0,0,4740.0
2,12,9,45,74,0,0,62080.0
2,41,9,147,105,0,0,111602.0
2,41,9,147,105,0,0,79361.0
1,45,5,0,0,0,1,80964.0
1,23,9,278,7561,0,0,28016.0
2,12,9,45,131,0,0,82283.0
1,23,9,221,1159,0,0,53947.0
1,20,9,7940,0,0,0,38207.0
1,45,4,1,0,0,1,106923.0
1,45,5,0,0,0,1,627.0
1,45,5,0,0,0,1,50751.0
1,45,5,0,0,0,1,32198.0
1,23,9,210,273,0,0,76275.0
1,23,9,330,6880,0,0,53792.0
1,19,9,232,769,0,0,107871.0
2,12,9,44,145,0,0,106287.0
1,45,5,0,0,0,1,39843.0
1,45,5,0,0,0,1,31301.0
1,1,9,248,368,0,0,33518.0
1,20,9,1470,0,0,0,119635.0
1,34,5,0,0,0,1,1436.0
1,23,9,54540,8314,0,0,106757.0
1,23,9,250,273,0,0,22490.0
1,23,9,291,1329,0,0,30772.0
1,45,5,0,0,0,1,103961.0
0,15,9,1032,0,0,0,121732.0
2,12,9,45,45,0,0,43240.0
1,45,5,0,0,0,1,102712.0
1,45,5,0,0,0,1,118327.0
0,14,9,8,0,0,1,103966.0
1,45,5,0,0,0,1,61424.0
1,23,9,171,1074,0,0,65320.0
2,12,9,29,82,0,0,47296.0
1,10,2,0,0,0,1,117265.0
1,23,9,211,1695,0,0,40611.0
1,52,5,0,0,0,1,6865.0
1,11,5,0,0,0,1,120225.0
1,58,9,0,4,0,1,105861.0
1,41,1,0,0,0,1,110606.0
1,20,9,59,0,0,0,117104.0
1,55,5,0,0,0,1,125829.0
1,23,9,217,1818,0,0,97489.0
1,49,9,1714,376,0,0,1708.0
1,41,1,0,0,0,1,15842.0
1,23,9,337,398,0,0,68280.0
1,23,9,172,3935,0,0,66753.0
2,12,9,44,157,0,0,121137.0
1,48,5,0,0,0,1,86194.0
1,45,5,0,0,0,1,59130.0
1,20,9,10044,0,0,0,25480.0
1,23,1,0,0,0,1,51976.0
1,45,1,0,0,0,1,84877.0
1,55,2,0,0,0,1,65169.0
1,13,5,0,0,0,1,93694.0
1,45,5,0,0,0,1,94944.0
1,45,5,0,0,0,1,75768.0
2,45,9,1,0,0,1,70672.0
1,23,9,280,10188,0,0,105996.0
2,41,9,113,0,0,0,97796.0
1,45,5,0,0,0,1,38408.0
1,19,9,1224,2451,0,0,97431.0
1,6,1,0,0,0,1,79150.0
2,12,9,36,0,0,0,38678.0
2,12,9,33,0,0,0,86311.0
1,23,9,197,6924,0,0,109233.0
1,23,9,211,3376,0,0,12720.0
1,45,5,0,0,0,1,49324.0
1,23,9,278,453,0,0,62206.0
2,12,9,42,42,0,0,76358.0
1,55,6,1960,6893,0,0,118009.0
1,45,5,0,0,0,1,100360.0
1,41,9,8325,0,0,0,24985.0
2,45,9,105,0,0,0,10652.0
1,50,5,0,0,0,1,29640.0
1,23,9,335,2648,0,0,75001.0
0,15,9,1032,0,0,0,46385.0
1,23,9,198,27266,0,0,45392.0
1,6,5,0,0,0,1,118948.0
1,49,9,1209,329,0,0,113341.0
1,38,5,0,0,0,1,70877.0
1,23,9,233,2507,0,0,69903.0
1,45,1,0,0,0,1,52110.0
1,64,5,0,0,0,1,89979.0
1,23,9,218,2904,0,0,117370.0
1,23,9,164,1778,0,0,95054.0
1,45,5,0,0,0,1,17803.0
1,23,9,189,9140,0,0,79432.0
1,45,5,0,0,0,1,94681.0
2,12,9,42,76,0,0,96383.0
0,15,9,1032,0,0,0,47879.0
1,23,5,0,0,0,1,103298.0
2,12,9,44,132,0,0,34347.0
1,23,9,211,348,0,0,57236.0
1,49,9,1141,329,0,0,55008.0
1,23,9,202,7817,0,0,34131.0
1,23,9,310,1423,0,0,115792.0
1,23,9,221,9721,0,0,63910.0
1,19,2,0,0,0,1,93283.0
1,23,9,186,1089,0,0,28882.0
1,23,1,0,0,0,1,102.0
1,18,5,0,0,0,1,77692.0
1,20,5,0,0,0,1,76446.0
1,23,9,323,3627,0,0,78682.0
1,52,5,0,0,0,1,96819.0
1,49,5,0,0,0,1,98003.0
1,18,9,8,137,0,0,68565.0
1,23,9,284,346,0,0,81908.0
1,18,5,0,0,0,1,43071.0
1,23,7,247,4168,0,0,52528.0
1,45,5,0,0,0,1,17056.0
2,45,9,215,0,0,0,58219.0
1,45,5,0,0,0,1,17790.0
2,12,9,46,46,0,0,50223.0
1,23,9,264,3687,0,0,113326.0
2,12,9,45,132,0,0,52917.0
2,12,9,44,72,0,0,96691.0
2,45,9,1,0,0,1,85457.0
1,23,9,243,722,0,0,122762.0
1,23,9,285,25519,0,0,57330.0
1,55,5,0,0,0,1,124793.0
1,23,9,229,356,0,0,25431.0
1,54,5,0,0,0,1,86644.0
1,45,1,0,0,0,1,120566.0
1,61,5,0,0,0,1,13882.0
1,27,1,0,0,0,1,37903.0
1,2,5,0,0,0,1,109379.0
1,23,9,372,531,0,0,37802.0
0,15,9,1032,0,0,0,63176.0
1,41,4,1,0,0,1,23631.0
1,23,9,331,2518,0,0,66748.0
1,23,9,330,406,0,0,58808.0
1,23,9,341,1547,0,0,29737.0
1,9,5,0,0,0,1,53510.0
1,55,5,0,0,0,1,45677.0
1,20,9,1766,0,0,0,70175.0
1,23,1,0,0,0,1,110621.0
1,23,9,259,1100,0,0,109923.0
2,12,9,45,93,0,0,25146.0
1,23,9,249,1425,0,0,4609.0
0,15,9,520,0,0,0,80924.0
1,45,5,0,0,0,1,111944.0
2,12,9,43,129,0,0,11052.0
1,45,5,0,0,0,1,6359.0
1,45,1,0,0,0,1,57795.0
1,23,9,252,1562,0,0,25109.0
2,12,9,45,45,0,0,101508.0
1,18,5,0,0,0,1,120403.0
1,45,10,0,0,0,1,83603.0
1,49,9,1691,326,0,0,94590.0
1,43,9,36,130,0,0,23650.0
1,55,9,105,1019,0,0,110151.0
1,20,9,319,0,0,0,27763.0
2,45,9,28,0,0,1,104087.0
1,29,1,0,0,0,1,125476.0
1,23,9,199,5137,0,0,13669.0
0,15,9,64,0,0,0,42110.0
1,31,5,0,0,0,1,1442.0
1,23,9,200,1484,0,0,97963.0
0,14,9,18,0,0,1,99901.0
2,12,9,43,131,0,0,86297.0
1,45,5,0,0,0,1,88067.0
2,12,9,46,46,0,0,124836.0
1,49,9,1759,334,0,0,23736.0
1,11,5,0,0,0,1,80971.0
2,12,9,45,77,0,0,71188.0
1,23,9,311,3222,0,0,102004.0
1,23,9,226,12202,0,0,76940.0
1,41,5,0,0,0,1,36703.0
1,23,9,228,2878,0,0,120960.0
1,28,5,0,0,0,1,61166.0
1,23,9,164,2365,0,0,72472.0
1,19,5,0,0,0,1,28704.0
1,49,9,1752,328,0,0,40891.0
1,45,5,0,0,0,1,78830.0
1,23,9,296,1919,0,0,38962.0
1,49,9,2103,327,0,0,13671.0
2,12,9,45,130,0,0,40484.0
1,20,9,373,0,0,0,943.0
2,12,9,45,71,0,0,112018.0
0,15,9,520,0,0,0,103109.0
1,45,5,0,0,0,1,38689.0
1,23,9,338,311,0,0,122173.0
2,12,9,42,108,0,0,47504.0
1,23,9,296,275,0,0,6375.0
1,20,9,2194619,0,0,0,4163.0
1,34,5,0,0,0,1,16958.0
0,14,9,8,0,0,1,13135.0
1,19,9,232,768,0,0,90701.0
0,15,9,1032,0,0,0,49988.0
2,12,9,46,46,0,0,16721.0
1,23,9,196,5670,0,0,17614.0
2,45,9,1,0,0,1,19849.0
1,45,5,0,0,0,1,86276.0
1,23,9,320,261,0,0,99659.0
1,23,9,145,11974,0,0,97174.0
1,49,9,1510,334,0,0,25809.0
1,45,5,0,0,0,1,119871.0
1,23,9,197,777,0,0,11639.0
1,23,9,166,34720,0,0,119432.0
1,62,5,0,0,0,1,57970.0
1,23,9,164,4723,0,0,121143.0
1,8,5,0,0,0,1,121839.0
1,32,5,0,0,0,1,5669.0
1,45,4,0,0,0,1,91113.0
1,23,9,167,5377,0,0,74413.0
1,23,9,280,248,0,0,26100.0
1,45,1,0,0,0,1,101375.0
1,23,9,308,409,0,0,55696.0
1,20,9,59,0,0,0,115519.0
1,18,5,0,0,0,1,57087.0
1,23,9,454,4635,0,0,48551.0
0,60,9,129,0,0,0,40010.0
1,58,5,0,0,0,1,116223.0
1,11,5,0,0,0,1,84825.0
1,45,5,0,0,0,1,30270.0
1,23,9,292,1718,0,0,44374.0
1,49,9,1158,327,0,0,32773.0
1,45,5,0,0,0,1,96695.0
2,41,9,516,4,0,0,111398.0
1,45,5,0,0,0,1,40195.0
1,45,5,0,0,0,1,111088.0
1,45,1,0,0,0,1,57543.0
2,12,9,44,72,0,0,101519.0
2,45,9,1,0,0,1,16433.0
1,23,9,209,401,0,0,39771.0
2,45,9,1,26,0,1,76527.0
2,12,9,45,45,0,0,14537.0
0,14,9,18,0,0,1,7003.0
2,12,9,44,76,0,0,33357.0
1,23,9,333,748,0,0,85993.0
1,23,1,0,0,0,1,84185.0
2,12,9,30,0,0,0,60969.0
2,45,9,105,146,0,0,19939.0
1,64,5,0,0,0,1,89550.0
1,19,9,1052,3081,0,0,123248.0
1,23,9,250,600,0,0,13374.0
1,45,4,1,0,0,1,54587.0
1,20,5,0,0,0,1,22715.0
1,5,1,0,0,0,1,33018.0
1,28,5,0,0,0,1,4689.0
1,23,9,209,2640,0,0,98394.0
1,45,1,0,0,0,1,125382.0
1,20,9,0,59,0,1,26146.0
1,23,9,224,1075,0,0,69314.0
1,18,9,8,0,0,0,106487.0
1,49,9,906,332,0,0,41877.0
1,62,5,0,0,0,1,71984.0
1,45,1,0,0,0,1,63212.0
1,22,1,0,0,0,1,38318.0
0,14,9,8,0,0,1,85733.0
1,23,9,485,8122,0,0,27460.0
1,23,9,222,955,0,0,37489.0
2,12,9,43,126,0,0,40373.0
2,45,9,28,0,0,1,89292.0
1,23,9,371,327,0,0,25285.0
1,8,5,0,0,0,1,65520.0
0,15,9,1032,0,0,0,51398.0
1,23,4,53452,7300,0,0,81448.0
1,45,5,0,0,0,1,52952.0
2,45,9,1,0,0,1,74080.0
1,23,9,220,1215,0,0,46317.0
1,45,5,0,0,0,1,84697.0
0,14,9,8,0,0,1,119843.0
2,12,9,44,132,0,0,44509.0
0,15,9,1032,0,0,0,106141.0
1,18,5,0,0,0,1,75745.0
0,15,9,1032,0,0,0,85772.0
1,45,1,0,0,0,1,9926.0
1,13,2,0,0,0,1,98658.0
1,2,5,0,0,0,1,34007.0
1,23,9,215,2748,0,0,98119.0
0,14,9,18,0,0,1,106295.0
1,35,5,0,0,0,1,3886.0
1,23,1,0,0,0,1,73483.0
1,17,5,0,0,0,1,53506.0
1,23,9,312,336,0,0,122582.0
2,41,9,146,0,0,0,63603.0
2,12,9,45,70,0,0,64043.0
1,23,9,217,320,0,0,87099.0
1,8,5,0,0,0,1,110905.0
1,6,5,0,0,0,1,71796.0
1,23,9,315,1112,0,0,85678.0
2,41,9,147,105,0,0,2436.0
0,14,9,8,0,0,1,69800.0
1,58,9,0,4,0,1,20819.0
1,20,9,4316,0,0,0,120362.0
1,37,5,0,0,0,1,42771.0
1,23,9,198,175,0,0,14062.0
1,45,5,0,0,0,1,36013.0
1,23,9,205,12615,0,0,105377.0
1,23,9,328,1411,0,0,107503.0
1,20,9,748,0,0,0,106799.0
1,23,9,249,1931,0,0,65657.0
1,27,5,0,0,0,1,125681.0
1,64,5,0,0,0,1,11983.0
1,23,9,331,685,0,0,21101.0
2,12,9,45,111,0,0,110842.0
1,20,9,3775,0,0,0,59598.0
1,45,5,0,0,0,1,81983.0
2,41,9,146,105,0,0,102575.0
1,49,9,1418,372,0,0,30965.0
1,20,9,5891,0,0,0,71768.0
1,23,9,251,1408,0,0,125016.0
1,20,9,1470,0,0,0,34414.0
2,12,9,44,78,0,0,96467.0
1,23,9,250,7176,0,0,6309.0
1,45,5,0,0,0,1,44562.0
1,20,9,246,0,0,0,28689.0
1,43,9,35,130,0,0,65835.0
1,45,1,0,0,0,1,122939.0
1,58,5,0,0,0,1,47477.0
1,45,5,0,0,0,1,23834.0
1,38,1,0,0,0,1,73109.0
1,49,9,3369,364,0,0,33389.0
1,45,5,0,0,0,1,73404.0
2,45,9,105,147,0,0,113513.0
1,45,5,0,0,0,1,84068.0
1,23,9,268,745,0,0,72067.0
0,14,9,8,0,0,1,124838.0
1,20,9,7045,0,0,0,90351.0
1,4,9,9,35,0,0,50482.0
2,12,9,46,46,0,0,86190.0
1,23,9,299,2698,0,0,38146.0
2,12,9,112,46,0,0,45456.0
1,23,9,212,1254,0,0,100105.0
1,23,9,320,280,0,0,91539.0
1,17,5,0,0,0,1,89925.0
1,20,9,334,0,0,0,118064.0
2,45,9,1,1,0,1,1890.0
1,20,9,607,0,0,0,53627.0
1,20,9,567,0,0,0,38974.0
1,23,9,234,5083,0,0,93780.0
1,53,1,0,0,0,1,120004.0
1,23,9,313,321,0,0,45154.0
1,23,9,319,1870,0,0,72340.0
1,23,9,341,16123,0,0,63638.0
1,23,9,301,669,0,0,89176.0
1,23,9,250,499,0,0,104288.0
1,45,4,0,0,0,1,42729.0
2,12,9,44,71,0,0,53373.0
2,45,9,28,0,0,1,5041.0
2,45,9,28,0,0,1,63687.0
1,18,5,0,0,0,1,14618.0
1,23,9,267,1747,0,0,113981.0
1,23,9,196,9287,0,0,8833.0
1,45,5,0,0,0,1,120628.0
1,45,1,0,0,0,1,98222.0
2,45,9,1,0,0,1,57746.0
1,23,9,293,1056,0,0,82078.0
1,23,9,205,365,0,0,14047.0
1,23,9,243,2090,0,0,50598.0
1,41,9,383,0,0,0,53614.0
1,50,1,0,0,0,1,9476.0
1,19,9,1489,4152,0,0,122314.0
1,49,9,740,338,0,0,78857.0
1,23,9,195,204,0,0,108807.0
1,45,5,0,0,0,1,77385.0
1,54,5,0,0,0,1,17013.0
2,12,9,44,78,0,0,98933.0
2,12,9,100,0,0,0,68617.0
1,23,9,215,442,0,0,43419.0
1,23,9,288,8100,0,0,99143.0
0,60,9,183,0,0,0,123655.0
1,45,5,0,0,0,1,5874.0
1,18,9,11,175,0,0,71114.0
1,45,5,0,0,0,1,51903.0
1,23,9,296,303,0,0,90197.0
1,49,9,2092,336,0,0,5452.0
1,23,6,208,18980,0,0,114414.0
1,23,9,246,1719,0,0,109742.0
2,12,9,45,131,0,0,109796.0
0,14,9,8,0,0,1,118810.0
1,23,1,0,0,0,1,34165.0
1,19,9,240,774,0,0,96715.0
1,18,5,0,0,0,1,56596.0
2,12,9,44,129,0,0,57538.0
2,12,9,32,0,0,0,69952.0
1,28,5,0,0,0,1,237.0
1,53,5,0,0,0,1,114228.0
1,45,5,0,0,0,1,74062.0
1,23,9,290,263,0,0,11249.0
1,45,5,0,0,0,1,98447.0
1,23,9,211,1322,0,0,45222.0
1,23,9,290,732,0,0,31898.0
1,49,9,952,330,0,0,53248.0
2,12,9,45,121,0,0,20343.0
0,15,9,1032,0,0,0,28591.0
1,61,5,0,0,0,1,45341.0
1,45,1,0,0,0,1,26789.0
1,23,9,202,424,0,0,111965.0
1,45,5,0,0,0,1,72124.0
1,23,9,203,2108,0,0,746.0
1,52,5,0,0,0,1,45403.0
1,30,5,0,0,0,1,83074.0
1,20,9,8737,0,0,0,11789.0
1,23,9,54540,8314,0,0,115743.0
1,34,5,0,0,0,1,44834.0
2,12,9,44,44,0,0,124273.0
1,45,5,0,0,0,1,109266.0
1,63,5,0,0,0,1,122122.0
1,23,1,0,0,0,1,113823.0
1,37,5,0,0,0,1,25730.0
1,45,1,0,0,0,1,58896.0
1,62,5,0,0,0,1,42966.0
0,14,9,8,0,0,1,49530.0
1,28,5,0,0,0,1,76129.0
1,23,9,149,9692,0,0,29676.0
1,20,5,0,0,0,1,94668.0
1,20,5,0,0,0,1,30783.0
1,23,9,294,1721,0,0,71066.0
2,45,9,105,0,0,0,58134.0
1,45,5,0,0,0,1,27336.0
2,12,9,43,128,0,0,104194.0
2,12,9,45,45,0,0,35581.0
1,26,5,0,0,0,1,66923.0
1,20,9,11376,0,0,0,65967.0
1,23,9,236,4028,0,0,115282.0
2,12,9,50,38,0,0,82303.0
1,23,9,276,10075,0,0,104285.0
1,63,1,0,0,0,1,109496.0
1,45,5,0,0,0,1,18863.0
1,23,9,321,1395,0,0,38924.0
1,23,9,250,768,0,0,67741.0
1,23,9,261,531,0,0,44188.0
1,23,9,300,311,0,0,1274.0
1,20,9,194,0,0,0,11910.0
1,49,9,833,332,0,0,3751.0
2,41,9,146,105,0,0,6497.0
1,45,5,0,0,0,1,75872.0
1,23,9,299,3260,0,0,105287.0
1,23,9,218,5007,0,0,110937.0
1,20,9,8766,0,0,0,47091.0
1,33,1,0,0,0,1,86820.0
1,23,9,235,757,0,0,65284.0
1,63,5,0,0,0,1,16730.0
1,23,9,142,8947,0,0,51290.0
1,23,9,230,193,0,0,52285.0
1,45,5,0,0,0,1,8075.0
1,45,4,0,0,0,1,18243.0
1,23,9,201,1263,0,0,24520.0
1,9,5,0,0,0,1,98516.0
2,12,9,46,124,0,0,36413.0
1,53,1,0,0,0,1,12603.0
1,45,1,0,0,0,1,81967.0
1,20,9,2890,0,0,0,56385.0
0,60,9,181,0,0,0,48845.0
1,23,9,292,805,0,0,38462.0
0,14,9,18,0,0,1,23713.0
1,49,9,6519,322,0,0,88023.0
0,15,9,1032,0,0,0,53857.0
1,45,5,0,0,0,1,82053.0
1,49,9,1321,331,0,0,71976.0
1,30,5,0,0,0,1,109785.0
1,45,5,0,0,0,1,111065.0
1,22,5,0,0,0,1,78289.0
1,53,5,0,0,0,1,42437.0
1,23,9,174,1227,0,0,46519.0
1,23,9,54540,8314,0,0,93630.0
2,12,9,37,37,0,0,56943.0
1,18,9,6,138,0,0,122649.0
1,38,5,0,0,0,1,93407.0
2,41,9,146,0,0,0,57333.0
1,19,9,376,1181,0,0,105714.0
1,55,5,0,0,0,1,87973.0
1,45,5,0,0,0,1,97759.0
1,23,9,226,284,0,0,97192.0
0,14,9,30,0,0,0,36457.0
1,23,9,247,260,0,0,42446.0
1,36,1,0,0,0,1,14894.0
1,23,9,217,923,0,0,58313.0
1,19,9,242,774,0,0,13207.0
1,23,9,193,334,0,0,92589.0
2,12,9,46,71,0,0,31848.0
2,45,9,105,147,0,0,96353.0
1,49,9,1141,388,0,0,30340.0
0,15,9,1032,0,0,0,125622.0
1,23,9,237,5440,0,0,92804.0
1,23,9,288,2095,0,0,120125.0
1,49,9,1831,394,0,0,80955.0
0,14,9,8,0,0,1,67299.0
1,23,9,374,2950,0,0,107155.0
1,21,1,0,0,0,1,118614.0
0,14,9,8,0,0,1,2819.0
1,23,9,225,409,0,0,44494.0
2,12,9,44,123,0,0,28675.0
1,23,9,229,639,0,0,45390.0
1,52,5,0,0,0,1,67264.0
0,60,9,181,0,0,0,14088.0
1,23,9,205,709,0,0,96712.0
1,20,9,334,0,0,0,8987.0
1,23,9,180,175,0,0,5766.0
1,23,9,253,2395,0,0,74353.0
1,23,1,0,0,0,1,87965.0
0,14,9,8,0,0,1,29446.0
1,45,5,0,0,0,1,44749.0
1,23,1,0,0,0,1,21833.0
2,12,9,43,68,0,0,124285.0
1,45,5,0,0,0,1,79199.0
1,13,5,0,0,0,1,31717.0
1,20,9,10389,0,0,0,82688.0
0,15,9,1032,0,0,0,78209.0
1,45,1,0,0,0,1,123541.0
2,12,9,44,44,0,0,72017.0
1,37,5,0,0,0,1,100193.0
1,23,9,275,833,0,0,19271.0
1,23,9,320,12155,0,0,78903.0
2,12,9,46,127,0,0,20759.0
1,23,9,307,4544,0,0,26981.0
1,45,5,0,0,0,1,25922.0
1,20,9,2194619,0,0,0,64383.0
1,24,5,0,0,0,1,95577.0
1,23,9,321,962,0,0,45458.0
1,23,9,275,337,0,0,118969.0
1,23,9,304,11472,0,0,14277.0
2,12,9,45,75,0,0,9268.0
1,45,1,0,0,0,1,106755.0
1,45,10,0,0,0,1,42394.0
1,23,9,217,3212,0,0,70681.0
1,49,9,809,401,0,0,105273.0
1,23,9,192,755,0,0,122957.0
1,23,9,229,682,0,0,1074.0
2,12,9,44,80,0,0,38192.0
1,23,9,232,2698,0,0,3811.0
1,23,9,229,3624,0,0,58213.0
1,23,9,226,7219,0,0,49109.0
1,21,1,0,0,0,1,69867.0
1,23,9,289,3474,0,0,123922.0
2,45,9,28,0,0,1,107993.0
1,23,9,230,613,0,0,13449.0
2,12,9,46,132,0,0,78448.0
2,12,9,42,42,0,0,57404.0
1,45,1,0,0,0,1,3243.0
2,45,9,105,147,0,0,115340.0
1,23,9,220,385,0,0,37532.0
1,54,1,0,0,0,1,64245.0
1,45,5,0,0,0,1,87833.0
1,23,9,318,370,0,0,26387.0
1,19,5,0,0,0,1,101204.0
2,12,9,44,118,0,0,23268.0
1,2,5,0,0,0,1,81731.0
1,20,6,1460,0,0,0,59581.0
1,23,9,206,842,0,0,55277.0
1,45,5,0,0,0,1,61580.0
0,14,9,8,0,0,1,47582.0
0,14,9,8,0,0,1,76931.0
0,14,9,8,0,0,1,82435.0
1,23,9,184,2393,0,0,57904.0
2,12,9,42,123,0,0,57846.0
1,23,9,289,1856,0,0,19689.0
2,12,9,46,46,0,0,61186.0
1,2,5,0,0,0,1,49967.0
1,4,5,0,0,0,1,19724.0
2,12,9,44,129,0,0,107081.0
2,12,9,97,41,0,0,112883.0
1,23,9,324,3330,0,0,87721.0
1,20,9,2194619,0,0,0,70269.0
1,23,9,298,11960,0,0,101062.0
1,24,1,0,0,0,0,24082.0
1,20,5,0,0,0,1,6204.0
1,23,9,236,1180,0,0,105796.0
1,49,9,815,375,0,0,49854.0
1,61,5,0,0,0,1,22728.0
1,45,5,0,0,0,1,93383.0
1,23,9,187,17386,0,0,95810.0
1,23,9,201,2968,0,0,105138.0
1,49,9,1022,327,0,0,97529.0
1,23,2,175,0,0,0,104565.0
0,14,9,8,0,0,1,38812.0
1,45,5,0,0,0,1,62908.0
1,23,9,303,2507,0,0,70171.0
1,23,9,313,1553,0,0,38685.0
1,23,9,393,327,0,0,114441.0
1,45,5,0,0,0,1,38341.0
1,16,5,0,0,0,1,51163.0
1,27,5,0,0,0,1,86272.0
1,55,5,0,0,0,1,96079.0
1,45,5,0,0,0,1,56691.0
1,55,9,2987,58843,0,0,47186.0
1,23,9,191,944,0,0,56701.0
1,23,9,216,14799,0,0,93362.0
1,20,9,641,0,0,0,95978.0
1,32,5,0,0,0,1,40256.0
0,15,9,1480,0,0,0,39493.0
1,23,9,298,3751,0,0,18514.0
1,23,9,199,3067,0,0,96338.0
1,20,9,12,0,0,0,88015.0
1,45,1,0,0,0,1,806.0
1,23,9,294,413,0,0,18541.0
1,6,5,0,0,0,1,15314.0
1,23,9,302,4509,0,0,95701.0
1,21,5,0,0,0,1,47814.0
2,41,9,146,105,0,0,89.0
1,23,9,205,4557,0,0,104906.0
1,23,1,0,0,0,1,110821.0
1,29,5,0,0,0,1,102769.0
0,14,9,8,0,0,1,19044.0
1,49,9,1626,386,0,0,90688.0
1,55,5,0,0,0,1,112477.0
0,14,9,8,0,0,1,95219.0
1,29,5,0,0,0,1,16468.0
2,45,9,28,0,0,1,95163.0
1,45,1,0,0,0,1,28815.0
1,45,5,0,0,0,1,63686.0
1,23,9,332,1930,0,0,63121.0
1,23,9,258,392,0,0,44449.0
1,31,5,0,0,0,1,29827.0
1,20,9,245,0,0,0,11423.0
1,63,5,0,0,0,1,72597.0
2,12,9,42,42,0,0,96492.0
1,41,1,0,0,0,1,33007.0
2,12,9,45,142,0,0,5803.0
1,51,5,0,0,0,1,26438.0
1,30,5,0,0,0,1,58390.0
0,15,9,1032,0,0,0,20499.0
1,5,5,0,0,0,1,120210.0
1,23,9,54540,8314,0,0,10560.0
1,49,9,787,393,0,0,26348.0
1,45,5,0,0,0,1,98342.0
1,45,1,0,0,0,1,52090.0
1,41,1,0,0,0,1,89056.0
1,4,5,0,0,0,1,32174.0
1,37,5,0,0,0,1,46619.0
1,23,9,302,893,0,0,40411.0
1,45,5,0,0,0,1,93324.0
1,31,5,0,0,0,1,41061.0
1,45,5,0,0,0,1,43738.0
1,23,9,204,3055,0,0,27147.0
1,18,9,6,135,0,0,57712.0
1,30,5,0,0,0,1,32824.0
1,52,5,0,0,0,1,96229.0
1,23,9,231,867,0,0,60472.0
2,12,9,44,131,0,0,49001.0
1,20,9,276,0,0,0,29408.0
1,45,1,0,0,0,1,57642.0
1,22,5,0,0,0,1,24154.0
1,23,9,212,447,0,0,121023.0
1,23,9,261,8914,0,0,86949.0
1,23,9,239,7922,0,0,115486.0
2,12,9,45,45,0,0,39648.0
1,23,9,188,3484,0,0,78676.0
1,23,9,286,13246,0,0,102883.0
1,45,1,0,0,0,1,68609.0
1,23,9,300,1263,0,0,81219.0
0,15,9,1032,0,0,0,57834.0
2,12,9,44,71,0,0,101282.0
1,45,5,0,0,0,1,62828.0
1,19,2,0,0,0,1,65360.0
0,15,9,1032,0,0,0,109659.0
1,23,9,235,608,0,0,5741.0
1,45,5,0,0,0,1,55726.0
1,45,5,0,0,0,1,108650.0
1,23,9,232,2280,0,0,79515.0
1,49,9,880,332,0,0,15124.0
0,14,9,8,0,0,1,121361.0
1,45,5,0,0,0,1,46184.0
1,25,1,0,0,0,0,111950.0
1,23,9,241,13224,0,0,14801.0
1,49,9,12217,1457,0,0,42249.0
1,23,1,0,0,0,1,41525.0
2,12,9,45,83,0,0,123608.0
1,45,1,0,0,0,1,116897.0
1,9,5,0,0,0,1,19460.0
0,15,9,1032,0,0,0,9145.0
1,23,9,231,660,0,0,123042.0
1,5,5,0,0,0,1,32355.0
2,45,9,105,147,0,0,116884.0
2,12,9,46,133,0,0,57024.0
1,23,9,213,1026,0,0,5152.0
1,21,1,0,0,0,1,59089.0
1,55,9,758,343450,0,0,25915.0
1,6,5,0,0,0,1,43429.0
1,18,5,0,0,0,1,66992.0
1,45,1,0,0,0,1,38557.0
1,11,1,0,0,0,1,78924.0
1,18,9,9,178,0,0,34274.0
1,49,9,1108,327,0,0,96482.0
1,49,9,754,328,0,0,32463.0
1,23,9,284,296,0,0,87922.0
1,23,9,280,942,0,0,21302.0
1,23,9,202,4768,0,0,24373.0
1,23,5,0,0,0,1,16844.0
1,23,1,0,0,0,1,76120.0
1,20,9,192,0,0,0,124651.0
1,45,5,0,0,0,1,7380.0
1,41,1,0,0,0,1,106575.0
1,23,5,0,0,0,1,20729.0
1,23,9,225,2717,0,0,121676.0
1,49,9,1994,332,0,0,108123.0
0,15,9,1032,0,0,0,29194.0
1,55,5,0,0,0,1,57877.0
1,23,9,310,3222,0,0,64599.0
1,45,5,0,0,0,1,39509.0
1,23,9,313,406,0,0,109578.0
1,22,1,0,0,0,1,119795.0
0,15,9,1480,0,0,0,82800.0
1,20,9,879,0,0,0,5073.0
0,60,9,183,0,0,0,8592.0
1,24,5,0,0,0,1,94918.0
2,41,9,147,105,0,0,61626.0
2,45,9,1,0,0,1,5683.0
1,23,9,312,2364,0,0,70559.0
1,20,5,0,0,0,1,46453.0
1,45,4,1,0,0,1,25453.0
1,23,9,231,342,0,0,61708.0
2,12,9,41,127,0,0,77576.0
1,17,5,0,0,0,1,90102.0
1,23,9,236,256,0,0,21349.0
1,20,5,0,0,0,1,15594.0
2,45,9,105,105,0,0,70802.0
1,23,9,230,715,0,0,19574.0
1,18,9,10,140,0,0,55914.0
2,41,9,147,105,0,0,22081.0
1,23,9,216,8422,0,0,96034.0
1,23,9,281,3731,0,0,92450.0
0,14,9,18,0,0,1,76518.0
1,45,5,0,0,0,1,122487.0
1,23,9,214,4115,0,0,17954.0
1,25,5,0,0,0,1,115787.0
1,23,9,235,253,0,0,19544.0
1,2,5,0,0,0,1,3235.0
1,28,5,0,0,0,1,21990.0
1,23,9,309,296,0,0,53344.0
1,34,5,0,0,0,1,30347.0
1,23,5,0,0,0,1,40724.0
0,15,9,520,0,0,0,59603.0
1,45,5,0,0,0,1,87509.0
1,23,9,193,2408,0,0,75155.0
1,20,9,5135678,0,0,0,104438.0
1,23,9,316,1195,0,0,31712.0
1,27,5,0,0,0,1,121983.0
1,19,5,0,0,0,1,117487.0
1,23,9,228,2507,0,0,87286.0
1,23,9,219,1492,0,0,119382.0
1,45,1,0,0,0,1,23036.0
0,15,9,1480,0,0,0,2380.0
1,45,1,0,0,0,1,97936.0
1,49,9,1960,281,0,0,92160.0
1,34,4,0,0,0,1,46516.0
2,12,9,44,133,0,0,124040.0
1,45,5,0,0,0,1,56632.0
1,26,1,0,0,0,1,46029.0
1,49,9,1149,334,0,0,39506.0
1,45,1,0,0,0,1,91029.0
1,49,9,1345,328,0,0,44190.0
1,22,5,0,0,0,1,15955.0
2,41,9,146,105,0,0,101582.0
2,40,9,48,48,0,0,89878.0
1,45,5,0,0,0,1,37486.0
1,45,5,0,0,0,1,109860.0
1,22,5,0,0,0,1,52010.0
1,23,9,219,5976,0,0,73838.0
1,39,5,0,0,0,1,89690.0
1,45,5,0,0,0,1,124687.0
1,23,9,301,1917,0,0,87261.0
1,23,9,230,693,0,0,82687.0
1,4,5,0,0,0,1,94865.0
1,23,9,219,1651,0,0,84334.0
2,12,9,43,126,0,0,81413.0
0,14,9,8,0,0,1,65972.0
1,23,9,202,798,0,0,90564.0
0,14,9,8,0,0,1,72839.0
1,23,9,206,671,0,0,104599.0
1,23,7,314,24854,0,0,124414.0
0,14,9,30,0,0,0,120726.0
1,20,9,5558,0,0,0,70718.0
1,23,9,210,307,0,0,4587.0
0,15,9,520,0,0,0,77069.0
2,12,9,42,42,0,0,7515.0
1,20,9,6932,0,0,0,19186.0
2,45,9,1,0,0,1,79117.0
2,12,9,44,136,0,0,86286.0
1,25,5,0,0,0,1,14059.0
1,23,5,0,0,0,1,121856.0
2,12,9,44,131,0,0,8917.0
1,45,5,0,0,0,1,83141.0
2,12,9,45,78,0,0,38588.0
1,25,1,0,0,0,0,90547.0
0,60,9,182,0,0,0,94519.0
1,45,5,0,0,0,1,40440.0
1,18,5,0,0,0,1,50064.0
1,27,5,0,0,0,1,119603.0
1,49,9,3697,330,0,0,101911.0
1,23,9,227,340,0,0,51450.0
1,45,5,0,0,0,1,95775.0
1,58,2,0,0,0,1,77535.0
1,20,5,0,0,0,1,55476.0
1,45,5,0,0,0,1,69556.0
1,39,5,0,0,0,1,11576.0
1,45,5,0,0,0,1,107668.0
1,23,9,258,8702,0,0,64254.0
1,23,5,0,0,0,1,26594.0
1,45,5,0,0,0,1,1180.0
1,20,9,334,0,0,0,11223.0
1,23,9,243,10182,0,0,46255.0
1,23,9,254,392,0,0,33847.0
1,23,9,290,2762,0,0,78799.0
1,19,9,231,770,0,0,117063.0
1,63,5,0,0,0,1,69037.0
1,20,9,567,0,0,0,71847.0
1,23,9,296,449,0,0,22540.0
1,23,9,167,4659,0,0,21914.0
1,45,5,0,0,0,1,80027.0
1,23,9,54540,8314,0,0,86524.0
1,5,5,0,0,0,1,96573.0
1,23,9,333,10910,0,0,113990.0
1,23,9,334,2169,0,0,100054.0
1,23,9,224,1405,0,0,62514.0
1,23,9,366,256,0,0,67170.0
1,23,9,305,1819,0,0,67631.0
1,49,9,1194,369,0,0,6054.0
1,23,9,251,327,0,0,103512.0
1,18,5,0,0,0,1,19678.0
1,49,9,711,399,0,0,1773.0
1,20,5,0,0,0,1,86678.0
1,49,9,731,332,0,0,27048.0
1,23,1,0,0,0,1,121351.0
1,23,9,214,5134,0,0,59967.0
1,20,9,3775,0,0,0,37809.0
1,45,5,0,0,0,1,18576.0
1,55,5,0,0,0,1,44502.0
1,53,1,0,0,0,1,103799.0
2,45,9,105,147,0,0,105369.0
1,23,9,202,26285,0,0,116770.0
1,32,5,0,0,0,1,22172.0
1,45,5,0,0,0,1,123834.0
1,45,1,0,0,0,1,8034.0
1,23,9,199,401,0,0,111265.0
1,45,1,0,0,0,1,125264.0
1,23,9,349,238,0,0,73657.0
1,2,1,0,0,0,1,77398.0
2,12,9,44,110,0,0,118385.0
1,20,9,7940,0,0,0,61692.0
1,55,5,0,0,0,1,4287.0
1,34,5,0,0,0,1,14942.0
2,41,9,516,4,0,0,61499.0
2,12,9,44,44,0,0,2027.0
1,49,5,0,0,0,1,38184.0
1,23,9,226,1282,0,0,41486.0
1,23,9,159,27085,0,0,94767.0
1,23,9,333,2630,0,0,119317.0
1,23,9,200,354,0,0,94133.0
1,23,9,155,8768,0,0,84439.0
1,45,1,0,0,0,1,58036.0
1,45,5,0,0,0,1,84833.0
1,45,1,0,0,0,1,112708.0
1,23,9,342,12832,0,0,62440.0
1,23,9,382,1268,0,0,69026.0
0,14,9,8,0,0,1,41965.0
1,22,1,0,0,0,1,3251.0
1,23,9,350,1857,0,0,97104.0
1,23,9,410,6726,0,0,12492.0
1,23,9,307,1240,0,0,63955.0
1,20,5,0,0,0,1,18370.0
2,12,9,46,128,0,0,30122.0
1,45,5,0,0,0,1,48365.0
1,45,5,0,0,0,1,63726.0
1,53,5,0,0,0,1,85590.0
1,20,9,245,0,0,0,99336.0
1,20,9,5558,0,0,0,32100.0
1,41,4,1,0,0,1,45092.0
1,23,9,289,2841,0,0,9141.0
1,45,1,0,0,0,1,96844.0
1,23,9,324,313,0,0,74754.0
1,23,9,194,616,0,0,53577.0
1,45,5,0,0,0,1,8995.0
1,6,5,0,0,0,1,74596.0
1,27,5,0,0,0,1,2109.0
1,23,9,209,655,0,0,99368.0
1,23,9,330,717,0,0,23630.0
1,45,1,0,0,0,1,109150.0
1,20,9,29,0,0,0,53794.0
1,23,9,275,2907,0,0,93444.0
1,20,9,1342,0,0,0,21095.0
1,45,1,0,0,0,1,88.0
0,14,9,18,0,0,1,59369.0
1,33,1,0,0,0,1,53888.0
1,23,9,287,8420,0,0,59049.0
1,23,9,289,504,0,0,80721.0
1,23,9,289,2536,0,0,28243.0
1,23,9,303,15511,0,0,108169.0
1,23,9,326,2445,0,0,25623.0
0,14,9,8,0,0,1,99082.0
1,23,9,199,1470,0,0,97481.0
1,23,9,229,4382,0,0,27550.0
1,23,9,177,12635,0,0,106451.0
0,15,9,1480,0,0,0,114229.0
1,49,9,1474,368,0,0,27369.0
2,12,9,45,73,0,0,119929.0
1,45,1,0,0,0,1,113506.0
2,45,9,1,0,0,1,39878.0
0,15,9,1032,0,0,0,106940.0
2,41,9,146,0,0,0,59540.0
1,45,5,0,0,0,1,122394.0
1,23,9,244,4145,0,0,78789.0
1,45,1,0,0,0,1,84646.0
1,49,9,2398,340,0,0,87311.0
1,6,5,0,0,0,1,85042.0
1,23,9,333,609,0,0,8542.0
1,20,9,35195,0,0,0,59194.0
1,23,9,293,1236,0,0,121711.0
1,45,5,0,0,0,1,10804.0
0,15,9,1032,0,0,0,124303.0
2,12,9,46,74,0,0,41971.0
1,20,9,192,0,0,0,54639.0
1,23,9,410,10161,0,0,102620.0
1,23,9,310,263,0,0,68396.0
1,23,9,264,295,0,0,1758.0
1,45,5,0,0,0,1,47194.0
2,45,9,28,0,0,1,96893.0
1,53,5,0,0,0,1,65140.0
1,23,9,332,305,0,0,91949.0
1,20,9,40494,0,0,0,32655.0
1,23,9,195,40975,0,0,24166.0
1,49,9,1064,483,0,0,41713.0
1,45,5,0,0,0,1,83265.0
1,45,5,0,0,0,1,119151.0
1,23,9,217,2654,0,0,94442.0
1,23,9,281,1395,0,0,90170.0
1,49,9,1440,328,0,0,91558.0
1,27,1,0,0,0,1,16846.0
1,45,5,0,0,0,1,97136.0
1,23,9,222,10654,0,0,52885.0
2,45,9,105,146,0,0,40771.0
0,15,9,1032,0,0,0,60962.0
1,30,1,0,0,0,1,56278.0
1,20,9,748,0,0,0,31079.0
1,20,5,0,0,0,1,59712.0
1,45,5,0,0,0,1,82060.0
1,23,9,228,7333,0,0,123339.0
1,23,9,218,1792,0,0,95122.0
1,34,5,0,0,0,1,91352.0
1,45,5,0,0,0,1,7904.0
1,45,5,0,0,0,1,16291.0
1,23,9,245,255,0,0,4961.0
1,23,9,216,1278,0,0,27021.0
1,20,9,0,5153771,0,0,33767.0
1,23,1,0,0,0,1,56852.0
1,23,9,231,660,0,0,56711.0
1,45,5,0,0,0,1,89584.0
1,23,1,0,0,0,1,28104.0
0,14,9,8,0,0,1,11345.0
0,15,9,1032,0,0,0,57536.0
1,49,9,886,329,0,0,29932.0
1,36,5,0,0,0,1,24261.0
1,23,9,316,473,0,0,1811.0
1,54,5,0,0,0,1,120728.0
1,23,9,295,808,0,0,112554.0
1,45,5,0,0,0,1,834.0
1,23,9,330,1935,0,0,99504.0
1,54,1,0,0,0,1,62103.0
1,23,1,0,0,0,1,20688.0
1,34,1,0,0,0,1,122107.0
1,23,9,218,6678,0,0,69173.0
1,23,9,313,12779,0,0,115137.0
1,62,5,0,0,0,1,83469.0
2,12,9,44,75,0,0,43937.0
1,45,5,0,0,0,1,105977.0
1,33,1,0,0,0,1,86314.0
1,45,4,1,0,0,1,2119.0
1,23,9,306,2431,0,0,107511.0
1,64,5,0,0,0,1,36134.0
1,41,1,0,0,0,1,96102.0
2,45,9,1,0,0,1,28820.0
1,23,1,0,0,0,1,39822.0
1,49,9,1073,279,0,0,66694.0
1,23,9,293,10986,0,0,71046.0
1,23,9,350,5369,0,0,94663.0
1,45,5,0,0,0,1,88997.0
1,61,5,0,0,0,1,87141.0
1,45,1,0,0,0,1,77054.0
1,19,9,1223,2449,0,0,28403.0
1,4,1,0,0,0,1,7066.0
1,19,5,0,0,0,1,122994.0
1,20,9,383,0,0,0,95428.0
1,23,9,222,5507,0,0,100694.0
2,41,9,146,105,0,0,69092.0
1,23,9,227,1404,0,0,68001.0
1,23,9,227,3266,0,0,65045.0
1,23,9,303,2239,0,0,16070.0
2,45,9,1,0,0,1,2507.0
1,23,9,305,633,0,0,108783.0
1,23,1,0,0,0,1,100839.0
1,49,9,1849,327,0,0,88128.0
2,12,9,22,75,0,0,98021.0
2,12,9,45,130,0,0,32573.0
1,23,9,54540,8314,0,0,74411.0
1,13,5,0,0,0,1,39744.0
1,23,9,228,291,0,0,93318.0
1,23,9,321,13056,0,0,8967.0
1,49,9,1234,327,0,0,67883.0
1,23,9,365,295,0,0,36224.0
0,14,9,8,0,0,1,123916.0
1,23,9,163,17786,0,0,111677.0
1,49,9,951,330,0,0,22375.0
1,26,5,0,0,0,1,48119.0
1,23,9,237,4627,0,0,68025.0
1,23,9,235,480,0,0,106465.0
1,45,4,0,0,0,1,7597.0
2,12,9,46,75,0,0,91670.0
1,23,1,0,0,0,1,122443.0
1,23,9,211,3184,0,0,56483.0
1,23,9,277,891,0,0,91951.0
1,45,5,0,0,0,1,83715.0
1,28,5,0,0,0,1,70231.0
1,23,1,0,0,0,1,7142.0
1,2,5,0,0,0,1,122715.0
1,45,5,0,0,0,1,2482.0
1,41,9,4539,0,0,0,84728.0
1,23,9,196,467,0,0,18441.0
1,35,5,0,0,0,1,19216.0
1,23,1,0,0,0,1,54531.0
1,45,5,0,0,0,1,120378.0
0,14,9,8,0,0,1,108189.0
1,45,5,0,0,0,1,98277.0
1,23,9,234,14570,0,0,65085.0
1,23,9,331,2309,0,0,39044.0
1,23,1,0,0,0,1,16865.0
1,45,1,0,0,0,1,64273.0
1,32,5,0,0,0,1,110551.0
1,23,9,231,481,0,0,28950.0
1,45,1,0,0,0,1,67665.0
1,23,9,319,943,0,0,112164.0
1,45,1,0,0,0,1,103131.0
1,23,9,233,2431,0,0,98155.0
1,23,9,226,1091,0,0,98313.0
1,8,1,0,0,0,1,20936.0
0,60,9,182,0,0,0,31785.0
1,23,9,250,264,0,0,3883.0
1,23,9,223,391,0,0,25948.0
1,23,9,186,4445,0,0,33664.0
0,14,9,8,0,0,1,19072.0
1,23,9,305,260,0,0,108035.0
2,12,9,44,44,0,0,122591.0
1,45,5,0,0,0,1,36016.0
1,23,9,54540,8314,0,0,24751.0
1,23,9,220,5339,0,0,121086.0
1,23,9,350,590,0,0,17335.0
1,23,9,219,11487,0,0,94305.0
1,20,9,334,0,0,0,84390.0
1,41,1,0,0,0,1,11514.0
1,45,5,0,0,0,1,36076.0
0,14,9,8,0,0,1,117545.0
1,20,9,252,0,0,0,103616.0
1,20,9,334,0,0,0,41938.0
1,49,9,3025,331,0,0,5628.0
2,12,9,44,83,0,0,108105.0
1,53,5,0,0,0,1,116746.0
1,23,9,295,1547,0,0,10993.0
1,23,9,234,1931,0,0,86952.0
1,19,2,0,0,0,1,6765.0
1,31,5,0,0,0,1,24622.0
1,23,9,305,1001,0,0,59180.0
1,23,9,337,3220,0,0,123767.0
1,49,9,1397,334,0,0,63645.0
1,23,9,231,25155,0,0,36604.0
2,41,9,145,105,0,0,26861.0
1,23,9,291,1400,0,0,100969.0
1,4,5,0,0,0,1,53245.0
1,45,4,0,0,0,1,82894.0
2,41,9,516,4,0,0,55405.0
1,23,9,227,2850,0,0,119078.0
1,23,9,211,2315,0,0,65746.0
1,23,9,328,3729,0,0,75096.0
1,23,9,192,1630,0,0,67198.0
1,23,9,184,7094,0,0,124839.0
2,41,9,516,4,0,0,12767.0
2,12,9,45,74,0,0,111156.0
2,45,9,105,147,0,0,31146.0
2,40,9,48,48,0,0,119979.0
1,45,5,0,0,0,1,21877.0
0,14,9,18,0,0,1,64323.0
1,23,9,283,1366,0,0,4692.0
2,41,9,146,105,0,0,19567.0
1,23,9,326,501,0,0,115263.0
1,35,5,0,0,0,1,18537.0
1,49,9,1597,332,0,0,71717.0
1,45,5,0,0,0,1,45199.0
1,8,1,0,0,0,1,77900.0
0,14,9,8,0,0,1,39147.0
1,20,9,8766,0,0,0,88699.0
1,23,9,224,413,0,0,93473.0
1,18,5,0,0,0,1,12052.0
2,12,9,44,84,0,0,54302.0
1,45,5,0,0,0,1,33158.0
1,61,2,0,0,0,1,42519.0
1,23,9,237,3443,0,0,49049.0
1,45,5,0,0,0,1,114196.0
1,23,9,199,41018,0,0,90939.0
1,45,1,0,0,0,1,124401.0
0,14,9,8,0,0,1,19367.0
1,30,5,0,0,0,1,34881.0
1,49,9,2162,334,0,0,6687.0
1,41,1,0,0,0,1,177.0
1,23,9,244,2169,0,0,68461.0
1,45,5,0,0,0,1,2967.0
1,23,5,0,0,0,1,119680.0
1,23,1,0,0,0,1,42589.0
1,49,9,990,328,0,0,70671.0
1,25,5,0,0,0,1,110292.0
1,45,10,0,0,0,1,112013.0
1,23,9,277,2627,0,0,40432.0
1,45,5,0,0,0,1,61962.0
1,23,9,280,3409,0,0,73939.0
1,23,9,251,13491,0,0,17761.0
1,23,1,0,0,0,1,20492.0
1,38,5,0,0,0,1,13407.0
1,45,5,0,0,0,1,48999.0
2,12,9,44,69,0,0,50215.0
1,49,9,1247,330,0,0,22277.0
2,12,9,91,0,0,0,46979.0
1,23,9,212,924,0,0,16608.0
1,45,5,0,0,0,1,90970.0
1,41,4,1,0,0,1,113515.0
1,39,5,0,0,0,1,32908.0
2,12,9,46,46,0,0,122858.0
1,23,9,224,301,0,0,65980.0
1,23,9,282,1227,0,0,30669.0
1,23,9,304,2824,0,0,114329.0
1,23,9,266,7570,0,0,8570.0
1,23,9,277,1274,0,0,96727.0
1,23,9,306,2692,0,0,48459.0
1,45,5,0,0,0,1,108288.0
1,9,5,0,0,0,1,45626.0
1,45,5,0,0,0,1,86134.0
1,23,9,179,3798,0,0,101451.0
0,14,9,8,0,0,1,118489.0
1,23,9,218,1833,0,0,101138.0
1,53,1,0,0,0,1,30962.0
2,12,9,45,125,0,0,64569.0
1,45,5,0,0,0,1,117347.0
1,20,9,5133876,0,0,0,9909.0
1,23,9,226,396,0,0,98976.0
1,23,9,292,861,0,0,81398.0
1,23,9,233,2943,0,0,13204.0
1,45,5,0,0,0,1,30295.0
1,23,9,288,9693,0,0,109500.0
1,23,9,324,10446,0,0,66565.0
1,45,5,0,0,0,1,122403.0
1,0,4,144,3141,0,0,114141.0
1,45,1,0,0,0,1,105997.0
1,23,9,206,364,0,0,11777.0
1,49,9,1867,586,0,0,31530.0
1,45,5,0,0,0,1,95160.0
1,23,9,216,7925,0,0,106147.0
1,49,9,927,327,0,0,3196.0
1,19,9,937,2720,0,0,95168.0
1,45,1,0,0,0,1,88644.0
1,58,5,0,0,0,1,76666.0
0,15,9,520,0,0,0,7840.0
1,23,9,293,5540,0,0,75054.0
1,55,9,292,1970,0,0,15256.0
1,23,9,330,256,0,0,789.0
2,12,9,33,93,0,0,74455.0
2,12,9,43,126,0,0,120654.0
1,25,5,0,0,0,1,112685.0
1,45,5,0,0,0,1,9670.0
1,55,5,0,0,0,1,1824.0
1,35,5,0,0,0,1,59611.0
0,14,9,30,0,0,0,111249.0
1,19,9,342,1069,0,0,82273.0
1,23,9,230,1862,0,0,103431.0
0,15,9,1480,0,0,0,61746.0
1,55,6,1752,5177,0,0,74221.0
1,23,9,54540,8314,0,0,62579.0
1,45,5,0,0,0,1,10335.0
1,23,9,247,1187,0,0,28616.0
2,12,9,46,46,0,0,55299.0
2,41,9,516,4,0,0,112638.0
2,12,9,91,0,0,0,92124.0
2,12,9,45,81,0,0,60631.0
1,13,5,0,0,0,1,54944.0
1,45,5,0,0,0,1,20033.0
1,55,9,105,1851,0,0,33756.0
1,49,9,3229,330,0,0,103709.0
1,23,1,0,0,0,1,77769.0
1,45,5,0,0,0,1,117319.0
2,12,9,44,132,0,0,85528.0
0,14,9,8,0,0,1,41851.0
1,37,1,0,0,0,1,34144.0
0,14,9,30,0,0,0,22433.0
1,23,9,233,293,0,0,20461.0
1,55,2,0,0,0,1,59772.0
1,20,9,151,0,0,0,116720.0
1,9,5,0,0,0,1,53451.0
1,36,1,0,0,0,1,8693.0
2,12,9,44,115,0,0,27754.0
1,23,9,308,2698,0,0,16706.0
1,34,1,0,0,0,1,8981.0
1,20,9,383,0,0,0,5054.0
1,23,9,372,1813,0,0,52305.0
2,45,9,28,0,0,1,424.0
1,23,9,331,2526,0,0,114423.0
1,20,9,641,0,0,0,63804.0
1,23,1,0,0,0,1,101328.0
1,45,5,0,0,0,1,50262.0
0,15,9,1032,0,0,0,62679.0
1,62,1,0,0,0,1,125083.0
1,23,9,195,679,0,0,84952.0
1,18,5,0,0,0,1,48928.0
1,18,9,5,135,0,0,58573.0
1,62,5,0,0,0,1,57836.0
2,12,9,93,38,0,0,61875.0
1,23,9,235,1075,0,0,109302.0
1,23,9,228,1587,0,0,71943.0
2,12,9,46,78,0,0,72221.0
1,45,5,0,0,0,1,30606.0
2,12,9,44,44,0,0,63471.0
2,12,9,34,34,0,0,2235.0
1,49,9,543,280,0,0,119676.0
1,22,5,0,0,0,1,5391.0
1,23,9,288,1745,0,0,40904.0
1,45,5,0,0,0,1,69067.0
0,15,9,1480,0,0,0,84907.0
1,45,5,0,0,0,1,33487.0
0,14,9,8,0,0,1,31976.0
1,49,9,966,336,0,0,70567.0
1,45,5,0,0,0,1,118647.0
1,18,9,10,173,0,0,48429.0
1,23,9,237,720,0,0,94377.0
1,20,5,0,0,0,1,9908.0
1,30,5,0,0,0,1,89452.0
1,23,9,199,1246,0,0,13470.0
2,12,9,30,0,0,0,74139.0
1,23,5,0,0,0,1,113869.0
1,55,9,759,25224,0,0,84302.0
1,23,1,0,0,0,1,23007.0
1,45,5,0,0,0,1,43208.0
1,21,5,0,0,0,1,19890.0
1,19,9,231,769,0,0,7479.0
1,23,9,312,22403,0,0,6104.0
1,23,9,295,277,0,0,80674.0
1,31,5,0,0,0,1,96199.0
1,23,9,210,2073,0,0,26956.0
2,41,9,147,105,0,0,120893.0
1,23,9,239,754,0,0,123819.0
1,23,9,252,1682,0,0,52439.0
1,10,5,0,0,0,1,53859.0
1,23,9,202,6763,0,0,33977.0
2,12,9,34,94,0,0,109432.0
1,25,5,0,0,0,1,56580.0
2,12,9,43,121,0,0,103676.0
1,23,9,301,8513,0,0,14163.0
1,55,2,1506,1887,0,0,42396.0
1,2,5,0,0,0,1,120002.0
1,24,1,0,0,0,0,91661.0
1,23,9,217,6501,0,0,94449.0
1,45,5,0,0,0,1,106447.0
0,14,9,8,0,0,1,56609.0
1,45,5,0,0,0,1,114189.0
1,45,5,0,0,0,1,110354.0
0,60,9,78,0,0,0,13053.0
2,12,9,45,140,0,0,124222.0
1,5,5,0,0,0,1,70965.0
1,50,5,0,0,0,1,86768.0
1,45,4,1,0,0,1,59265.0
1,36,5,0,0,0,1,101651.0
1,23,9,216,5937,0,0,18322.0
1,23,9,328,271,0,0,92326.0
1,23,9,164,3583,0,0,9723.0
1,20,9,567,0,0,0,125047.0
1,23,5,0,0,0,1,4539.0
1,55,5,0,0,0,1,58285.0
1,20,9,11376,0,0,0,30401.0
2,12,9,44,113,0,0,50891.0
1,45,5,0,0,0,1,97536.0
1,43,5,0,0,0,1,86399.0
1,45,5,0,0,0,1,45397.0
0,14,9,18,0,0,1,101972.0
2,12,9,44,44,0,0,18135.0
0,14,9,30,0,0,0,32162.0
1,23,9,302,2725,0,0,52039.0
1,23,9,246,1394,0,0,60241.0
1,7,5,0,0,0,1,34202.0
1,23,9,354,1127,0,0,29872.0
1,20,9,11,0,0,0,110444.0
2,12,9,44,110,0,0,100253.0
2,12,9,41,70,0,0,87363.0
1,27,5,0,0,0,1,23804.0
1,53,5,0,0,0,1,118291.0
1,45,5,0,0,0,1,9298.0
1,32,5,0,0,0,1,27388.0
2,41,9,145,105,0,0,111583.0
1,49,9,622,330,0,0,106984.0
1,23,9,327,1357,0,0,12642.0
1,20,9,641,0,0,0,24388.0
1,27,5,0,0,0,1,101069.0
1,23,9,415,235,0,0,4394.0
0,14,9,8,0,0,1,67961.0
1,62,5,0,0,0,1,25761.0
1,45,5,0,0,0,1,10173.0
2,12,9,44,132,0,0,64638.0
1,9,2,0,0,0,1,63234.0
1,18,9,7,137,0,0,85478.0
1,18,5,0,0,0,1,97346.0
1,23,9,199,788,0,0,19144.0
1,45,1,0,0,0,1,75754.0
1,23,9,331,885,0,0,16222.0
1,5,5,0,0,0,1,12281.0
1,23,9,180,19488,0,0,45892.0
2,12,9,46,73,0,0,97769.0
1,23,9,238,5423,0,0,63938.0
1,45,1,0,0,0,1,111739.0
1,18,9,5,135,0,0,123761.0
1,23,9,270,11636,0,0,28581.0
1,13,2,0,0,0,1,6261.0
1,2,1,0,0,0,1,53791.0
1,2,5,0,0,0,1,96084.0
1,20,9,383,0,0,0,51430.0
1,45,5,0,0,0,1,43318.0
1,49,9,1336,339,0,0,54523.0
2,12,9,45,132,0,0,82150.0
1,23,9,248,487,0,0,26405.0
1,23,9,318,295,0,0,14310.0
1,45,5,0,0,0,1,25617.0
1,45,5,0,0,0,1,5337.0
1,23,9,247,9324,0,0,14325.0
1,50,5,0,0,0,1,92347.0
1,23,9,244,837,0,0,82708.0
1,38,5,0,0,0,1,40610.0
1,23,9,311,670,0,0,69406.0
1,32,5,0,0,0,1,36075.0
1,23,9,311,289,0,0,85893.0
0,14,9,8,0,0,1,26427.0
0,14,9,30,0,0,0,106584.0
2,12,9,44,126,0,0,96484.0
1,49,9,2092,363,0,0,13213.0
1,49,9,2069,483,0,0,78983.0
1,23,5,0,0,0,1,61801.0
1,20,9,334,0,0,0,61283.0
0,14,9,8,0,0,1,41533.0
2,12,9,44,44,0,0,29560.0
1,58,5,0,0,0,1,55736.0
1,61,5,0,0,0,1,899.0
1,23,9,205,365,0,0,109049.0
0,15,9,1032,0,0,0,112472.0
1,50,5,0,0,0,1,76613.0
0,14,9,8,0,0,1,7312.0
1,45,4,1,0,0,1,75645.0
1,58,5,0,0,0,1,95158.0
1,49,9,1364,329,0,0,62489.0
1,45,5,0,0,0,1,92310.0
1,45,5,0,0,0,1,61374.0
1,39,5,0,0,0,1,82238.0
1,38,5,0,0,0,1,119661.0
2,12,9,32,0,0,0,59900.0
1,23,9,318,10976,0,0,22989.0
2,45,9,1,0,0,1,105528.0
1,23,9,323,1271,0,0,32438.0
2,41,9,145,0,0,0,107245.0
1,23,9,221,6273,0,0,10984.0
1,23,9,161,9533,0,0,12874.0
1,45,5,0,0,0,1,110890.0
1,23,9,286,263,0,0,83051.0
1,45,5,0,0,0,1,98954.0
1,23,9,201,6585,0,0,76323.0
1,16,5,0,0,0,1,44731.0
1,45,5,0,0,0,1,94458.0
1,45,5,0,0,0,1,72716.0
1,23,9,229,255,0,0,69388.0
0,15,9,1480,0,0,0,24947.0
1,45,5,0,0,0,1,97865.0
1,23,9,222,480,0,0,125059.0
1,41,1,0,0,0,1,74313.0
1,49,9,11562,1399,0,0,72188.0
1,23,9,213,350,0,0,63580.0
1,5,5,0,0,0,1,7721.0
1,2,5,0,0,0,1,117389.0
1,61,5,0,0,0,1,79713.0
1,20,9,14,0,0,0,9378.0
1,23,9,221,398,0,0,3030.0
1,23,9,336,548,0,0,88527.0
0,14,9,8,0,0,1,2476.0
1,23,1,0,0,0,1,36510.0
1,23,9,246,3200,0,0,122485.0
1,36,5,0,0,0,1,101577.0
2,12,9,43,70,0,0,27760.0
1,23,9,321,12615,0,0,66206.0
1,45,5,0,0,0,1,38901.0
2,41,9,516,4,0,0,53445.0
1,49,9,1575,335,0,0,103439.0
1,21,5,0,0,0,1,18209.0
1,23,9,209,8843,0,0,8936.0
1,43,5,0,0,0,1,103197.0
1,4,1,0,0,0,1,104572.0
1,33,5,0,0,0,1,121596.0
1,55,9,209,1824,0,0,584.0
2,45,9,1,0,0,1,49997.0
1,55,5,0,0,0,1,13280.0
1,45,1,0,0,0,1,45605.0
1,23,9,208,6806,0,0,103421.0
1,55,5,0,0,0,1,48757.0
1,23,9,178,3221,0,0,86024.0
0,14,9,8,0,0,1,23018.0
1,20,9,854,0,0,0,109521.0
1,8,5,0,0,0,1,74231.0
2,45,9,1,0,0,1,38439.0
1,49,9,1631,335,0,0,62870.0
2,12,9,43,74,0,0,9108.0
1,23,9,238,1223,0,0,74644.0
1,45,4,1,0,0,1,69631.0
1,26,5,0,0,0,1,1450.0
1,23,9,289,2441,0,0,41620.0
1,63,5,0,0,0,1,60391.0
2,12,9,46,135,0,0,4487.0
2,41,9,146,105,0,0,93921.0
2,12,9,44,44,0,0,115223.0
1,23,9,309,314,0,0,74358.0
1,64,5,0,0,0,1,48219.0
2,45,9,1,0,0,1,77255.0
1,23,9,212,1843,0,0,67830.0
1,23,9,248,766,0,0,111527.0
1,45,5,0,0,0,1,21563.0
0,14,9,8,0,0,1,6641.0
1,20,9,19,0,0,0,51465.0
1,45,4,0,0,0,1,16305.0
1,23,5,0,0,0,1,77081.0
1,23,9,296,511,0,0,28647.0
1,23,9,342,434,0,0,56031.0
1,26,5,0,0,0,1,89379.0
1,23,9,189,23086,0,0,15402.0
1,5,5,0,0,0,1,9650.0
2,45,9,1,0,0,1,79261.0
1,23,9,274,313,0,0,125639.0
1,49,10,0,0,0,1,39477.0
2,12,9,43,43,0,0,74748.0
2,45,9,1,0,0,1,76658.0
1,23,9,317,814,0,0,100124.0
1,45,5,0,0,0,1,71902.0
1,23,9,241,1899,0,0,32188.0
1,20,9,1363,0,0,0,107273.0
1,45,5,0,0,0,1,98181.0
0,14,9,8,0,0,1,52336.0
1,53,5,0,0,0,1,6528.0
1,11,5,0,0,0,1,78469.0
1,49,9,937,330,0,0,89475.0
1,23,9,307,12202,0,0,86263.0
1,23,9,239,5967,0,0,54156.0
1,10,5,0,0,0,1,65309.0
2,12,9,42,42,0,0,61340.0
1,23,9,215,7551,0,0,71730.0
1,45,5,0,0,0,1,76761.0
1,45,1,0,0,0,1,77921.0
2,12,9,88,0,0,0,52587.0
1,20,9,641,0,0,0,8605.0
1,55,5,0,0,0,1,60723.0
1,23,9,244,274,0,0,85909.0
1,20,5,0,0,0,1,3213.0
1,23,1,0,0,0,1,112806.0
1,23,9,265,6886,0,0,55807.0
1,45,5,0,0,0,1,65865.0
1,23,9,260,7562,0,0,60734.0
2,12,9,44,126,0,0,66038.0
1,23,9,209,1856,0,0,54208.0
1,23,9,295,0,0,0,34049.0
1,20,1,0,0,0,1,27878.0
1,23,9,317,6544,0,0,50568.0
1,23,9,291,406,0,0,41014.0
0,15,9,520,0,0,0,115674.0
1,23,9,262,4928,0,0,101614.0
1,10,5,0,0,0,1,90335.0
1,23,1,0,0,0,1,117401.0
1,23,9,242,2327,0,0,13792.0
1,49,9,1833,333,0,0,51652.0
2,45,9,1,0,0,1,110817.0
1,49,9,2621,332,0,0,7905.0
1,23,9,301,1691,0,0,125303.0
1,37,5,0,0,0,1,60863.0
1,49,9,1630,333,0,0,5164.0
1,33,5,0,0,0,1,11523.0
1,23,9,213,454,0,0,108134.0
1,5,5,0,0,0,1,30775.0
1,23,9,333,261,0,0,1923.0
1,49,9,1418,330,0,0,66650.0
1,20,9,2194619,0,0,0,46430.0
1,20,5,0,0,0,1,98429.0
1,0,9,87,129,0,0,40860.0
1,4,5,0,0,0,1,11770.0
2,12,9,45,159,0,0,12465.0
2,41,9,145,0,0,0,76574.0
1,49,9,2493,475,0,0,114940.0
0,15,9,1032,0,0,0,87598.0
1,23,9,181,14276,0,0,22812.0
2,45,9,207,0,0,0,22710.0
1,23,9,228,3420,0,0,23233.0
1,23,9,221,714,0,0,125517.0
1,23,9,243,7333,0,0,26672.0
1,26,5,0,0,0,1,106322.0
1,23,9,202,454,0,0,72206.0
1,20,9,1342,0,0,0,82922.0
1,45,5,0,0,0,1,65042.0
1,36,5,0,0,0,1,36012.0
1,20,9,151,0,0,0,5673.0
1,23,9,317,248,0,0,35476.0
2,41,9,145,105,0,0,76445.0
1,49,9,1089,326,0,0,26786.0
1,9,5,0,0,0,1,60926.0
1,45,1,0,0,0,1,57928.0
1,20,9,192,0,0,0,37610.0
1,49,9,49,285,0,0,11953.0
2,12,9,34,0,0,0,95888.0
1,23,9,212,6258,0,0,30607.0
1,64,5,0,0,0,1,873.0
1,23,9,344,1234,0,0,89125.0
1,27,5,0,0,0,1,30529.0
1,23,9,236,16120,0,0,70845.0
1,41,5,0,0,0,1,16636.0
2,45,9,105,145,0,0,105919.0
1,23,9,292,2572,0,0,122559.0
1,16,1,0,0,0,1,124256.0
1,23,9,249,2388,0,0,114032.0
1,63,5,0,0,0,1,109758.0
1,18,2,0,0,0,1,96564.0
1,45,5,0,0,0,1,29274.0
1,45,5,0,0,0,1,61010.0
1,23,9,200,1912,0,0,71320.0
1,18,5,0,0,0,1,50402.0
1,23,9,217,2167,0,0,25844.0
1,49,9,914,327,0,0,93566.0
1,23,9,315,855,0,0,39401.0
1,26,5,0,0,0,1,85951.0
1,63,5,0,0,0,1,94197.0
1,64,5,0,0,0,1,106029.0
1,23,9,323,2446,0,0,75008.0
1,19,9,231,767,0,0,77052.0
1,45,5,0,0,0,1,17832.0
1,23,1,0,0,0,1,115649.0
1,23,9,158,18472,0,0,101110.0
1,19,9,293,907,0,0,78866.0
0,15,9,1032,0,0,0,70717.0
1,20,9,7077,0,0,0,62761.0
1,23,9,228,2507,0,0,40588.0
2,45,9,1,0,0,1,28494.0
0,15,9,1032,0,0,0,46665.0
1,23,9,220,438,0,0,50989.0
2,12,9,44,113,0,0,90516.0
1,26,5,0,0,0,1,35115.0
1,23,9,182,324,0,0,12722.0
1,23,9,234,819,0,0,46989.0
1,49,9,834,334,0,0,59735.0
0,14,9,64,0,0,0,4733.0
1,45,1,0,0,0,1,34515.0
2,45,9,105,0,0,0,115098.0
1,13,5,0,0,0,1,97374.0
2,12,9,43,81,0,0,1531.0
2,12,9,45,74,0,0,70854.0
1,41,1,0,0,0,1,4057.0
1,20,9,334,0,0,0,20764.0
1,2,5,0,0,0,1,35707.0
1,55,5,0,0,0,1,103756.0
1,41,4,1,0,0,1,101530.0
1,23,9,215,1787,0,0,34271.0
0,14,9,8,0,0,1,107801.0
1,23,9,245,8546,0,0,5485.0
1,45,5,0,0,0,1,10787.0
1,23,1,0,0,0,1,106092.0
1,23,9,395,760,0,0,19999.0
1,45,5,0,0,0,1,87890.0
1,23,9,327,1047,0,0,3543.0
1,63,5,0,0,0,1,109491.0
1,0,6,0,0,0,0,5902.0
1,61,2,0,0,0,1,77615.0
1,23,9,233,886,0,0,109694.0
1,23,9,202,303,0,0,42406.0
1,45,5,0,0,0,1,48473.0
1,45,4,0,0,0,1,61442.0
1,23,9,324,290,0,0,24196.0
1,20,9,245,0,0,0,79002.0
1,23,9,143,12691,0,0,37415.0
1,45,1,0,0,0,1,48147.0
1,49,9,1012,327,0,0,111903.0
1,18,5,0,0,0,1,103374.0
1,45,1,0,0,0,1,59165.0
1,6,5,0,0,0,1,46546.0
1,45,4,0,0,0,1,111681.0
0,14,9,18,0,0,1,21258.0
2,45,9,1,4,0,1,42155.0
1,49,9,2522,326,0,0,5266.0
2,12,9,44,129,0,0,114585.0
1,45,5,0,0,0,1,8600.0
1,20,9,2194619,0,0,0,56384.0
1,45,5,0,0,0,1,123492.0
1,23,9,309,2507,0,0,119919.0
1,45,4,1,0,0,1,26883.0
1,41,1,0,0,0,1,71298.0
1,22,5,0,0,0,1,88662.0
1,18,5,0,0,0,1,111468.0
1,55,9,598,21454,0,0,112629.0
1,23,9,215,2990,0,0,117263.0
1,2,5,0,0,0,1,83599.0
1,23,9,205,914,0,0,65246.0
1,45,5,0,0,0,1,57189.0
1,23,9,303,2013,0,0,73338.0
1,23,9,303,2600,0,0,86577.0
1,23,9,309,3928,0,0,94778.0
1,30,5,0,0,0,1,17710.0
1,23,9,298,1260,0,0,112536.0
1,49,9,2679,325,0,0,60786.0
1,23,9,213,3276,0,0,4536.0
1,62,5,0,0,0,1,9797.0
1,23,9,205,2223,0,0,65124.0
1,41,1,0,0,0,1,89343.0
2,12,9,44,126,0,0,5956.0
1,23,9,283,3557,0,0,66598.0
1,23,9,235,406,0,0,17539.0
1,34,1,0,0,0,1,32578.0
1,20,9,12165,0,0,0,78504.0
1,23,9,206,2337,0,0,72542.0
1,6,5,0,0,0,1,11542.0
1,49,9,3078,329,0,0,43364.0
1,9,5,0,0,0,1,40303.0
1,23,1,0,0,0,1,35404.0
1,45,5,0,0,0,1,102508.0
1,45,5,0,0,0,1,7317.0
1,45,5,0,0,0,1,1928.0
2,12,9,45,45,0,0,99395.0
1,49,9,1812,325,0,0,108859.0
1,45,5,0,0,0,1,52967.0
1,44,9,6,43,0,1,48241.0
2,12,9,46,129,0,0,24950.0
0,15,9,1480,0,0,0,121464.0
1,23,9,299,2699,0,0,39099.0
1,11,5,0,0,0,1,89881.0
1,52,5,0,0,0,1,1763.0
2,45,9,105,147,0,0,1173.0
1,20,9,383,0,0,0,125051.0
1,45,5,0,0,0,1,106030.0
1,23,9,264,482,0,0,49686.0
1,45,1,0,0,0,1,116528.0
1,23,9,316,8422,0,0,97289.0
1,45,1,0,0,0,1,67697.0
1,23,5,0,0,0,1,101015.0
1,23,9,226,301,0,0,25887.0
1,45,1,0,0,0,1,36122.0
1,23,9,286,1043,0,0,88264.0
2,12,9,45,102,0,0,100149.0
1,53,5,0,0,0,1,102419.0
1,19,9,1506,4145,0,0,103842.0
1,49,9,1284,322,0,0,54748.0
1,20,9,192,0,0,0,32574.0
0,14,9,8,0,0,1,61454.0
1,20,9,7196,0,0,0,88813.0
1,23,9,260,27810,0,0,46051.0
1,41,9,1363,0,0,0,19908.0
1,45,5,0,0,0,1,72985.0
1,11,5,0,0,0,1,108438.0
1,20,9,334,0,0,0,12476.0
1,23,9,304,1645,0,0,80035.0
2,12,9,46,137,0,0,114502.0
1,45,1,0,0,0,1,97163.0
1,23,9,54540,8314,0,0,72306.0
1,45,5,0,0,0,1,810.0
1,23,9,231,1913,0,0,80820.0
1,45,5,0,0,0,1,32310.0
1,45,1,0,0,0,1,101951.0
1,41,9,965,0,0,0,78652.0
1,23,9,54540,8314,0,0,98918.0
1,4,1,0,0,0,1,94135.0
1,23,1,0,0,0,1,36063.0
1,29,1,0,0,0,1,88497.0
1,23,1,0,0,0,1,8877.0
1,23,9,216,369,0,0,111669.0
0,15,9,30,0,0,0,96914.0
1,23,9,299,7492,0,0,65671.0
1,45,5,0,0,0,1,74434.0
1,20,9,1874,0,0,0,41080.0
1,54,5,0,0,0,1,67188.0
1,45,5,0,0,0,1,42199.0
1,23,9,364,10724,0,0,86517.0
1,23,9,228,2636,0,0,111103.0
0,14,9,8,0,0,1,82655.0
1,13,5,0,0,0,1,35196.0
1,45,5,0,0,0,1,45956.0
2,12,9,43,107,0,0,69328.0
1,10,5,0,0,0,1,348.0
1,23,9,286,670,0,0,110678.0
1,23,9,243,2026,0,0,33903.0
1,13,5,0,0,0,1,110780.0
1,23,9,54540,8314,0,0,8306.0
1,23,9,217,3189,0,0,100045.0
1,45,5,0,0,0,1,68397.0
1,23,5,0,0,0,1,31285.0
1,23,9,232,23742,0,0,77148.0
2,12,9,45,111,0,0,74402.0
1,45,4,0,0,0,1,121805.0
1,23,9,243,301,0,0,80704.0
2,41,9,147,105,0,0,27700.0
1,23,9,285,1670,0,0,124865.0
2,12,9,36,0,0,0,61597.0
1,49,9,1760,334,0,0,103164.0
1,45,5,0,0,0,1,17420.0
1,23,9,307,1212,0,0,27357.0
1,18,9,6,171,0,0,123154.0
1,20,9,334,0,0,0,75440.0
1,23,9,316,2627,0,0,101313.0
1,45,1,0,0,0,1,124079.0
0,14,9,18,0,0,1,94351.0
1,23,9,51,8127,0,0,47545.0
2,41,9,145,105,0,0,106024.0
0,60,9,78,0,0,0,118326.0
1,23,9,344,269,0,0,99425.0
1,23,9,210,529,0,0,53632.0
1,23,9,294,5919,0,0,70469.0
2,45,9,1,0,0,1,49691.0
1,53,5,0,0,0,1,34797.0
2,12,9,43,69,0,0,116346.0
1,23,9,315,737,0,0,57591.0
1,45,1,0,0,0,1,67138.0
0,15,9,1032,0,0,0,67567.0
1,23,9,227,63211,0,0,63874.0
1,23,9,243,10155,0,0,45799.0
1,45,5,0,0,0,1,5684.0
1,20,9,63,0,0,0,60433.0
1,20,9,501760,0,0,0,103975.0
1,23,9,317,74301,0,0,103836.0
1,23,9,204,1418,0,0,44120.0
1,23,9,219,1123,0,0,108238.0
1,23,9,277,2701,0,0,86073.0
1,49,9,1061,332,0,0,45730.0
1,23,9,334,279,0,0,23888.0
0,14,9,8,0,0,1,9048.0
1,23,9,252,255,0,0,30373.0
1,23,9,296,1761,0,0,116497.0
0,14,9,8,0,0,1,87669.0
1,49,9,1534,333,0,0,114337.0
1,49,9,797,392,0,0,72736.0
2,41,9,516,4,0,0,26851.0
1,23,9,299,14729,0,0,34612.0
1,23,9,243,5083,0,0,83448.0
1,23,1,0,0,0,1,44936.0
2,12,9,33,0,0,0,113311.0
1,45,5,0,0,0,1,11703.0
1,49,9,617,279,0,0,113985.0
1,45,5,0,0,0,1,81065.0
0,15,9,1480,0,0,0,108751.0
1,23,7,364,646196,0,0,19771.0
1,45,5,0,0,0,1,102807.0
1,23,9,308,1197,0,0,28414.0
1,21,5,0,0,0,1,42957.0
1,45,5,0,0,0,1,102039.0
2,12,9,46,83,0,0,84213.0
2,45,9,28,0,0,1,107162.0
1,23,9,228,2006,0,0,81722.0
1,23,9,191,511,0,0,21481.0
1,45,4,1,0,0,1,72955.0
1,2,5,0,0,0,1,52647.0
1,23,9,239,976,0,0,25856.0
1,49,9,2808,488,0,0,105378.0
1,23,9,211,1696,0,0,19493.0
1,62,5,0,0,0,1,16262.0
1,23,9,236,732,0,0,26345.0
1,23,9,235,3222,0,0,26858.0
1,63,5,0,0,0,1,94793.0
1,51,5,0,0,0,1,113038.0
1,23,9,285,3048,0,0,64277.0
1,30,5,0,0,0,1,58250.0
1,23,1,0,0,0,1,92266.0
1,45,1,0,0,0,1,111866.0
1,49,9,1154,333,0,0,66672.0
1,20,5,0,0,0,1,116304.0
1,23,9,226,1787,0,0,4949.0
1,45,1,0,0,0,1,6662.0
0,14,9,8,0,0,1,71120.0
1,18,5,0,0,0,1,119399.0
1,45,5,0,0,0,1,3725.0
2,12,9,46,117,0,0,62236.0
2,45,9,105,145,0,0,118243.0
1,45,5,0,0,0,1,18150.0
1,18,9,10,224,0,0,71609.0
1,53,5,0,0,0,1,8044.0
1,23,9,286,4250,0,0,67262.0
1,41,4,1,0,0,1,91318.0
1,23,9,54540,8314,0,0,101817.0
1,45,5,0,0,0,1,31990.0
1,51,5,0,0,0,1,59502.0
1,45,5,0,0,0,1,80109.0
1,49,9,1003,326,0,0,46114.0
1,45,5,0,0,0,1,63643.0
1,49,9,2039,335,0,0,21080.0
1,41,9,59,0,0,0,35470.0
1,23,9,286,915,0,0,22550.0
1,45,5,0,0,0,1,107500.0
2,12,9,44,127,0,0,52719.0
1,23,9,287,2293,0,0,35436.0
1,30,1,0,0,0,1,72953.0
1,19,9,1151,2445,0,0,95231.0
1,23,9,209,6387,0,0,120219.0
1,20,9,1030,0,0,0,62132.0
0,14,9,8,0,0,1,12954.0
2,41,9,146,105,0,0,67881.0
1,45,1,0,0,0,1,117754.0
1,45,1,0,0,0,1,1137.0
1,45,5,0,0,0,1,20770.0
1,49,9,1140,330,0,0,66827.0
1,63,5,0,0,0,1,91382.0
1,49,9,2374,335,0,0,88313.0
1,23,6,299,26280,0,0,106902.0
1,21,1,0,0,0,1,77948.0
2,12,9,46,135,0,0,29956.0
1,45,5,0,0,0,1,92372.0
1,54,1,0,0,0,1,125698.0
1,45,1,0,0,0,1,105412.0
1,23,9,259,9851,0,0,32016.0
1,38,5,0,0,0,1,92487.0
1,23,1,0,0,0,1,65542.0
1,61,5,0,0,0,1,59574.0
1,23,1,0,0,0,1,75658.0
1,45,4,1,0,0,1,92366.0
1,4,5,0,0,0,1,6723.0
1,23,9,240,885,0,0,23354.0
1,23,9,353,3155,0,0,30188.0
1,5,5,0,0,0,1,76355.0
1,23,9,230,1856,0,0,36828.0
1,23,9,230,960,0,0,62915.0
1,49,9,4012,400,0,0,92359.0
1,23,9,232,9521,0,0,93199.0
2,41,9,146,105,0,0,41730.0
1,23,9,211,760,0,0,45497.0
1,23,9,306,466,0,0,79674.0
1,45,5,0,0,0,1,79290.0
1,45,5,0,0,0,1,76328.0
1,23,9,206,365,0,0,18960.0
1,45,1,0,0,0,1,23468.0
0,14,9,8,0,0,1,55345.0
1,4,5,0,0,0,1,31097.0
1,45,1,0,0,0,1,34383.0
2,12,9,44,135,0,0,45283.0
1,25,5,0,0,0,1,96654.0
0,14,9,8,0,0,1,110177.0
1,41,1,0,0,0,1,118619.0
1,20,9,7280,0,0,0,46677.0
1,32,5,0,0,0,1,87036.0
1,45,5,0,0,0,1,82495.0
1,45,1,0,0,0,1,55735.0
1,23,9,337,307,0,0,69135.0
1,23,9,244,3750,0,0,61807.0
1,45,5,0,0,0,1,31204.0
1,49,9,1542,335,0,0,80438.0
1,23,9,233,544,0,0,101399.0
0,15,9,1032,0,0,0,30605.0
2,12,9,44,75,0,0,59100.0
1,23,9,194,11593,0,0,102037.0
2,12,9,35,91,0,0,74680.0
0,15,9,1032,0,0,0,122906.0
2,12,9,46,46,0,0,81564.0
1,23,9,271,3582,0,0,435.0
1,45,5,0,0,0,1,81141.0
1,4,2,0,0,0,1,115094.0
1,23,9,205,285,0,0,32232.0
1,45,5,0,0,0,1,92037.0
1,23,9,221,916,0,0,41498.0
1,62,5,0,0,0,1,14731.0
1,45,4,1,0,0,1,83490.0
2,12,9,40,56,0,0,85554.0
1,5,5,0,0,0,1,76092.0
1,8,5,0,0,0,1,38862.0
1,45,5,0,0,0,1,60416.0
1,45,5,0,0,0,1,52291.0
1,23,9,229,1003,0,0,24037.0
1,4,5,0,0,0,1,115790.0
0,15,9,520,0,0,0,40462.0
1,23,9,291,1096,0,0,72639.0
1,23,1,0,0,0,1,108268.0
1,23,9,338,256,0,0,15678.0
1,49,5,0,0,0,1,13419.0
2,45,9,105,0,0,0,92606.0
1,23,9,208,914,0,0,81792.0
1,23,9,231,417,0,0,22817.0
1,23,5,0,0,0,1,47355.0
1,25,5,0,0,0,1,86966.0
1,45,5,0,0,0,1,4224.0
1,38,5,0,0,0,1,13420.0
1,64,5,0,0,0,1,98065.0
1,23,9,304,651,0,0,11743.0
1,45,5,0,0,0,1,87209.0
1,45,5,0,0,0,1,98810.0
1,23,9,221,7621,0,0,115508.0
2,12,9,37,37,0,0,27510.0
1,49,9,709,331,0,0,7920.0
2,12,9,45,82,0,0,92013.0
1,7,5,0,0,0,1,62864.0
2,12,9,43,126,0,0,125865.0
1,45,5,0,0,0,1,102671.0
1,50,5,0,0,0,1,62507.0
2,45,9,1,0,0,1,52574.0
2,45,9,28,0,0,1,71776.0
2,12,9,44,131,0,0,106836.0
1,62,5,0,0,0,1,14025.0
1,23,9,157,2893,0,0,87212.0
1,49,9,926,328,0,0,53091.0
0,14,9,8,0,0,1,13512.0
1,49,9,2754,327,0,0,98980.0
1,45,5,0,0,0,1,5356.0
1,23,9,157,2645,0,0,93698.0
0,14,9,8,0,0,1,25605.0
1,23,9,199,13357,0,0,69657.0
2,12,9,42,42,0,0,66703.0
1,49,9,751,329,0,0,124648.0
1,23,9,214,185,0,0,121078.0
2,12,9,46,121,0,0,56023.0
1,45,5,0,0,0,1,29085.0
1,23,9,199,181,0,0,113158.0
1,23,9,195,24572,0,0,43332.0
1,23,9,251,1978,0,0,4301.0
1,23,9,250,613,0,0,95609.0
1,49,9,1511,332,0,0,72855.0
2,45,9,1,0,0,1,30625.0
1,43,9,35,130,0,0,85096.0
1,45,5,0,0,0,1,111508.0
1,45,5,0,0,0,1,11308.0
2,41,9,145,105,0,0,123822.0
1,23,9,262,458,0,0,72710.0
1,19,9,1053,3081,0,0,56017.0
2,45,9,1,0,0,1,51319.0
0,15,9,1480,0,0,0,30221.0
1,23,9,281,7205,0,0,98762.0
1,26,5,0,0,0,1,36406.0
1,23,9,215,294,0,0,64563.0
1,23,9,227,1248,0,0,6254.0
1,45,5,0,0,0,1,31070.0
1,19,9,1240,2449,0,0,45850.0
1,23,9,331,1694,0,0,87230.0
1,17,5,0,0,0,1,92268.0
0,14,9,8,0,0,1,74620.0
0,15,9,1032,0,0,0,86792.0
1,45,10,0,0,0,1,95522.0
1,23,9,218,1976,0,0,3878.0
1,45,5,0,0,0,1,62779.0
1,23,9,241,443,0,0,8352.0
1,45,5,0,0,0,1,28717.0
1,45,1,0,0,0,1,13242.0
1,23,9,217,1856,0,0,22659.0
1,45,5,0,0,0,1,93046.0
1,23,1,0,0,0,1,26532.0
1,49,9,2695,334,0,0,68136.0
1,23,9,269,1588,0,0,69366.0
1,49,9,2136,404,0,0,71169.0
0,14,9,8,0,0,1,82122.0
1,23,9,258,16627,0,0,47869.0
1,62,1,0,0,0,1,55168.0
1,23,9,292,3351,0,0,105962.0
1,42,1,0,0,0,1,8070.0
1,20,9,95,0,0,0,54010.0
1,23,9,233,2067,0,0,52882.0
1,23,9,218,726,0,0,66599.0
1,55,5,0,0,0,1,75634.0
1,23,9,204,952,0,0,85085.0
1,39,5,0,0,0,1,9643.0
1,23,9,274,9145,0,0,106274.0
1,23,9,186,4841,0,0,117912.0
1,23,9,261,788,0,0,38513.0
1,23,9,233,2507,0,0,82533.0
1,21,5,0,0,0,1,18618.0
1,4,5,0,0,0,1,111618.0
1,23,9,333,6209,0,0,50530.0
2,12,9,42,42,0,0,47755.0
1,23,9,242,816,0,0,73410.0
1,23,9,428,2659,0,0,26657.0
1,38,5,0,0,0,1,43616.0
1,51,5,0,0,0,1,78592.0
2,45,9,1,0,0,1,67860.0
1,41,1,0,0,0,1,53436.0
1,23,9,229,973,0,0,72251.0
1,53,5,0,0,0,1,111645.0
1,25,1,0,0,0,0,122722.0
1,62,5,0,0,0,1,75651.0
2,12,9,43,135,0,0,6282.0
1,45,5,0,0,0,1,83624.0
1,2,5,0,0,0,1,10837.0
1,23,9,216,292,0,0,65055.0
1,23,9,323,1085,0,0,14124.0
1,49,2,0,0,0,1,116743.0
0,14,9,30,0,0,0,70788.0
1,45,4,1,0,0,1,64534.0
1,45,5,0,0,0,1,26935.0
1,20,9,4539,0,0,0,85277.0
1,49,9,1274,331,0,0,30019.0
1,23,9,277,5967,0,0,40266.0
1,20,9,383,0,0,0,75580.0
2,12,9,45,45,0,0,87749.0
1,64,5,0,0,0,1,71854.0
2,41,9,516,4,0,0,53836.0
1,49,9,1227,332,0,0,95489.0
1,53,5,0,0,0,1,55045.0
1,23,9,231,12426,0,0,61973.0
1,23,9,298,2445,0,0,35098.0
1,45,5,0,0,0,1,59275.0
0,60,9,183,0,0,0,50579.0
1,45,5,0,0,0,1,86539.0
1,23,9,326,276,0,0,1604.0
1,55,5,0,0,0,1,46081.0
0,14,9,8,0,0,1,125746.0
1,23,9,293,1226,0,0,110386.0
1,37,5,0,0,0,1,82133.0
2,12,9,45,132,0,0,104450.0
1,55,5,0,0,0,1,108349.0
1,18,9,10,147,0,0,70516.0
1,45,5,0,0,0,1,89299.0
1,49,9,1357,368,0,0,104570.0
1,23,9,315,663,0,0,2372.0
1,45,1,0,0,0,1,74960.0
1,23,1,0,0,0,1,86217.0
1,23,9,352,2241,0,0,122311.0
1,54,5,0,0,0,1,77074.0
1,20,5,0,0,0,1,66408.0
2,45,9,105,0,0,0,21203.0
1,23,9,214,947,0,0,78244.0
1,23,1,0,0,0,1,52715.0
0,15,9,1032,0,0,0,95432.0
1,23,9,225,8539,0,0,116128.0
1,23,6,204,140205,0,0,105054.0
1,23,9,232,5381,0,0,90956.0
1,45,5,0,0,0,1,50711.0
1,29,5,0,0,0,1,6374.0
1,23,9,268,12595,0,0,60907.0
2,12,9,46,135,0,0,44990.0
1,49,9,894,330,0,0,44199.0
2,12,9,32,32,0,0,62358.0
1,23,9,340,310,0,0,40751.0
1,23,9,235,473,0,0,29580.0
1,45,5,0,0,0,1,109176.0
1,23,5,0,0,0,1,18981.0
1,8,5,0,0,0,1,87129.0
1,23,9,270,20979,0,0,52363.0
1,20,9,334,0,0,0,28208.0
1,23,9,315,1230,0,0,110256.0
1,54,5,0,0,0,1,6014.0
1,23,9,291,303,0,0,74490.0
1,23,9,198,1108,0,0,51457.0
1,45,5,0,0,0,1,100018.0
1,19,9,697,2077,0,0,78181.0
1,41,1,0,0,0,1,39154.0
1,23,9,222,44673,0,0,61172.0
1,23,9,191,5678,0,0,5695.0
1,48,5,0,0,0,1,33215.0
1,45,5,0,0,0,1,58677.0
1,49,9,1791,328,0,0,77819.0
1,49,9,3421,330,0,0,38716.0
1,23,9,279,296,0,0,9123.0
1,45,5,0,0,0,1,67332.0
1,4,9,10,39,0,0,37422.0
1,45,5,0,0,0,1,99796.0
1,53,1,0,0,0,1,11822.0
1,20,9,10044,0,0,0,1076.0
1,23,1,0,0,0,1,110223.0
1,45,5,0,0,0,1,122148.0
1,23,9,324,4867,0,0,76070.0
1,23,9,211,4361,0,0,47955.0
1,49,9,10864,398,0,0,121100.0
1,23,9,309,1528,0,0,16310.0
0,15,9,1032,0,0,0,101046.0
2,45,9,1,0,0,1,121475.0
1,45,5,0,0,0,1,47680.0
0,14,9,8,0,0,1,71573.0
1,45,5,0,0,0,1,85295.0
1,23,9,190,14358,0,0,12817.0
1,20,9,6601,0,0,0,97831.0
1,7,5,0,0,0,1,119975.0
1,11,5,0,0,0,1,26729.0
1,23,9,339,272,0,0,3778.0
1,20,9,192,0,0,0,13450.0
1,45,1,0,0,0,1,123711.0
1,41,4,1,0,0,1,70300.0
1,38,5,0,0,0,1,103744.0
1,26,5,0,0,0,1,29210.0
1,45,5,0,0,0,1,12036.0
1,23,5,0,0,0,1,42224.0
1,23,5,0,0,0,1,48970.0
1,26,5,0,0,0,1,15720.0
1,23,9,220,4123,0,0,32645.0
1,45,1,0,0,0,1,79909.0
1,41,9,59,0,0,0,109238.0
1,23,9,304,260,0,0,75807.0
2,12,9,44,133,0,0,10839.0
1,23,9,217,6163,0,0,17218.0
1,63,1,0,0,0,1,38861.0
1,45,5,0,0,0,1,25054.0
2,12,9,45,150,0,0,61032.0
1,45,5,0,0,0,1,24090.0
1,23,5,0,0,0,1,117650.0
1,23,9,309,808,0,0,97406.0
1,45,5,0,0,0,1,123118.0
1,23,9,232,596,0,0,44687.0
1,23,9,317,7562,0,0,38890.0
1,20,9,334,0,0,0,27419.0
1,19,9,1519,4152,0,0,11011.0
1,23,9,224,5260,0,0,17662.0
1,45,5,0,0,0,1,20589.0
1,45,5,0,0,0,1,12554.0
1,20,9,3909,0,0,0,61471.0
1,31,5,0,0,0,1,77854.0
1,23,9,224,1155,0,0,123864.0
1,49,9,1308,328,0,0,511.0
1,49,9,1257,367,0,0,92097.0
1,23,9,309,3353,0,0,32849.0
2,12,9,39,39,0,0,58145.0
1,23,9,201,1800,0,0,88137.0
1,23,9,293,37817,0,0,35461.0
2,12,9,44,131,0,0,78784.0
1,23,9,201,911,0,0,95261.0
1,23,9,225,2248,0,0,43634.0
0,14,9,18,0,0,1,106723.0
1,49,9,2264,339,0,0,61905.0
1,45,5,0,0,0,1,53674.0
1,49,9,2097,333,0,0,9186.0
1,49,9,1019,333,0,0,4734.0
2,12,9,46,75,0,0,11425.0
1,20,9,854,0,0,0,112408.0
1,20,9,965,0,0,0,21827.0
1,45,1,0,0,0,1,60543.0
1,45,1,0,0,0,1,109061.0
1,23,9,359,20214,0,0,37503.0
1,19,9,230,768,0,0,61484.0
1,45,5,0,0,0,1,51712.0
1,20,9,151,0,0,0,36943.0
1,23,9,206,15351,0,0,121209.0
1,49,5,0,0,0,1,39602.0
1,49,9,582,325,0,0,92518.0
1,23,9,288,958,0,0,33323.0
1,58,5,0,0,0,1,110547.0
2,45,9,105,147,0,0,116303.0
1,20,9,7280,0,0,0,65203.0
1,23,8,319,5280,0,0,38502.0
1,62,5,0,0,0,1,90201.0
1,23,9,219,2808,0,0,102192.0
1,23,9,218,1719,0,0,108971.0
1,45,5,0,0,0,1,21391.0
1,23,9,236,1713,0,0,121128.0
1,23,9,146,13603,0,0,101899.0
1,23,9,216,6329,0,0,14107.0
1,45,1,0,0,0,1,35549.0
1,55,5,0,0,0,1,89129.0
1,23,8,193,22776,0,0,44555.0
1,45,1,0,0,0,1,93882.0
1,63,5,0,0,0,1,9023.0
1,23,9,306,1147,0,0,44326.0
1,6,5,0,0,0,1,30672.0
1,45,1,0,0,0,1,63734.0
1,41,1,0,0,0,1,67930.0
0,14,9,8,0,0,1,1659.0
1,23,9,241,2113,0,0,1983.0
2,45,9,1,0,0,1,36268.0
1,20,9,491,0,0,0,89864.0
1,1,5,0,0,0,0,118248.0
1,4,9,14,40,0,0,38639.0
1,23,9,224,16462,0,0,52877.0
0,15,9,1032,0,0,0,25340.0
1,23,9,213,170,0,0,31020.0
1,23,9,241,9284,0,0,105108.0
1,45,5,0,0,0,1,56955.0
1,55,9,104,1410,0,0,12373.0
1,4,9,9,35,0,0,50408.0
1,49,9,1184,482,0,0,95066.0
2,45,9,105,146,0,0,125814.0
1,45,5,0,0,0,1,6735.0
1,23,1,0,0,0,1,55640.0
1,23,9,355,1587,0,0,63351.0
1,35,5,0,0,0,1,56317.0
1,23,9,331,1288,0,0,117461.0
2,12,9,46,46,0,0,9234.0
1,48,9,6,0,0,1,76903.0
1,23,9,169,4134,0,0,73433.0
2,45,9,1,0,0,1,5353.0
1,23,9,225,188,0,0,96286.0
1,25,5,0,0,0,1,1105.0
1,23,9,223,310,0,0,7406.0
1,45,4,1,0,0,1,86495.0
1,23,9,295,1563,0,0,31111.0
0,14,9,8,0,0,1,16743.0
0,14,9,30,0,0,0,123174.0
1,45,4,0,0,0,1,7009.0
1,23,9,247,29269,0,0,93986.0
1,22,5,0,0,0,1,85945.0
1,41,4,1,0,0,1,16902.0
1,23,9,314,6552,0,0,95663.0
1,49,9,3245,399,0,0,13304.0
2,12,9,42,116,0,0,24160.0
1,49,9,2377,324,0,0,61554.0
1,35,1,0,0,0,1,4208.0
1,45,5,0,0,0,1,39012.0
1,20,9,6601,0,0,0,64668.0
0,60,9,182,0,0,0,13381.0
1,23,9,237,1748,0,0,61701.0
1,49,9,1173,333,0,0,66351.0
1,8,5,0,0,0,1,14708.0
1,49,9,1423,282,0,0,53427.0
1,45,5,0,0,0,1,87724.0
1,23,9,303,3222,0,0,33425.0
1,62,5,0,0,0,1,99588.0
1,23,9,322,1701,0,0,61787.0
1,23,9,148,7542,0,0,112034.0
1,2,5,0,0,0,1,55017.0
1,23,9,323,306,0,0,30424.0
1,49,9,11861,1371,0,0,112455.0
1,17,5,0,0,0,1,76044.0
1,50,5,0,0,0,1,18181.0
2,45,9,28,0,0,1,87306.0
1,20,5,0,0,0,1,109153.0
1,23,9,259,414,0,0,114251.0
0,14,9,8,0,0,1,88692.0
1,23,9,316,434,0,0,71528.0
1,27,5,0,0,0,1,70974.0
1,19,9,288,903,0,0,48333.0
1,23,9,292,8277,0,0,7172.0
0,14,9,8,0,0,1,94980.0
0,14,9,8,0,0,1,16810.0
1,21,5,0,0,0,1,110273.0
1,18,9,6,360,0,0,33009.0
1,23,9,314,815,0,0,80870.0
1,23,9,269,11400,0,0,125519.0
1,49,9,652,327,0,0,54146.0
1,45,1,0,0,0,1,12681.0
1,23,9,221,14561,0,0,5484.0
1,23,9,203,1767,0,0,73024.0
2,12,9,46,135,0,0,67761.0
1,49,9,845,438,0,0,112150.0
1,45,1,0,0,0,1,44421.0
1,23,9,318,1790,0,0,26428.0
1,23,9,158,38643,0,0,1069.0
1,23,9,338,14496,0,0,83368.0
1,23,9,222,1215,0,0,90814.0
1,23,9,263,5557,0,0,25347.0
1,41,9,59,0,0,0,77942.0
1,23,9,243,9284,0,0,102234.0
1,23,9,212,44486,0,0,46027.0
1,23,8,305,5381,0,0,63191.0
1,54,5,0,0,0,1,34295.0
1,41,1,0,0,0,1,65381.0
1,29,5,0,0,0,1,32669.0
1,55,5,0,0,0,1,90181.0
1,45,5,0,0,0,1,31913.0
1,23,9,315,2603,0,0,89877.0
1,23,9,220,867,0,0,56727.0
1,49,9,6469,491,0,0,36183.0
1,45,5,0,0,0,1,18581.0
1,2,5,0,0,0,1,91761.0
1,23,9,235,11394,0,0,116221.0
1,49,9,1561,330,0,0,2248.0
1,23,9,183,13640,0,0,42683.0
1,23,9,195,8777,0,0,68721.0
1,23,9,225,331,0,0,106774.0
1,18,5,0,0,0,1,16307.0
0,15,9,520,0,0,0,61848.0
1,24,1,0,0,0,0,102821.0
1,41,1,0,0,0,1,9246.0
2,41,9,147,105,0,0,65093.0
1,45,5,0,0,0,1,42267.0
2,12,9,45,111,0,0,116210.0
1,23,9,313,25429,0,0,14965.0
1,17,5,0,0,0,1,13057.0
1,45,5,0,0,0,1,58118.0
2,12,9,45,45,0,0,106720.0
1,23,9,253,849,0,0,14609.0
1,20,9,1874,0,0,0,89498.0
1,52,5,0,0,0,1,54942.0
1,23,9,272,1373,0,0,27365.0
1,62,5,0,0,0,1,101525.0
2,12,9,43,43,0,0,64596.0
1,23,9,234,2239,0,0,14287.0
1,13,5,0,0,0,1,70737.0
1,25,1,0,0,0,0,70714.0
1,20,9,12,0,0,0,102840.0
0,15,9,1032,0,0,0,87854.0
1,23,9,289,1255,0,0,69264.0
2,41,9,1,0,0,1,68180.0
1,45,5,0,0,0,1,12960.0
1,45,5,0,0,0,1,23560.0
1,25,5,0,0,0,1,79325.0
2,12,9,46,46,0,0,89477.0
2,12,9,31,0,0,0,70028.0
1,35,5,0,0,0,1,96043.0
1,45,5,0,0,0,1,76208.0
1,20,9,748,0,0,0,43769.0
1,46,5,0,0,0,1,105462.0
1,43,9,108,13614,0,0,17222.0
1,49,9,1241,327,0,0,7620.0
1,45,5,0,0,0,1,105595.0
1,23,9,217,4017,0,0,33195.0
1,23,9,231,7466,0,0,7436.0
1,11,5,0,0,0,1,40965.0
1,45,1,0,0,0,1,106007.0
1,45,5,0,0,0,1,13553.0
1,51,5,0,0,0,1,12597.0
1,23,9,312,3750,0,0,82762.0
1,23,9,314,694,0,0,47395.0
1,23,9,233,4330,0,0,93484.0
1,20,5,0,0,0,1,42417.0
1,47,1,0,0,0,1,24041.0
1,45,5,0,0,0,1,3570.0
1,49,9,882,338,0,0,7941.0
2,12,9,42,42,0,0,52969.0
1,20,9,19,0,0,0,79469.0
1,45,1,0,0,0,1,103343.0
1,23,9,201,978,0,0,4565.0
1,23,9,242,575,0,0,104706.0
1,49,9,250760,364,0,0,99634.0
0,15,9,30,0,0,0,22700.0
1,23,9,321,2563,0,0,115324.0
1,7,1,0,0,0,1,99097.0
1,23,1,0,0,0,1,53247.0
1,31,5,0,0,0,1,21515.0
1,2,5,0,0,0,1,19361.0
2,12,9,44,115,0,0,113466.0
1,20,9,1199,0,0,0,123207.0
1,23,9,223,2309,0,0,114371.0
1,23,9,363,4815,0,0,119769.0
1,23,9,212,343,0,0,62043.0
1,33,5,0,0,0,1,53055.0
2,12,9,41,124,0,0,51439.0
1,2,5,0,0,0,1,106014.0
1,45,5,0,0,0,1,2630.0
1,45,1,0,0,0,1,58057.0
2,12,9,46,71,0,0,57500.0
1,41,1,0,0,0,1,69445.0
2,12,9,42,42,0,0,85468.0
1,23,9,158,9231,0,0,40493.0
1,45,5,0,0,0,1,92321.0
1,41,1,0,0,0,1,119702.0
1,23,9,346,2077,0,0,30741.0
1,23,9,339,1092,0,0,18824.0
1,20,9,35195,0,0,0,118216.0
1,23,9,325,268,0,0,3208.0
0,15,9,1032,0,0,0,1942.0
1,34,5,0,0,0,1,70535.0
2,45,9,1,0,0,1,111012.0
1,55,5,0,0,0,1,64962.0
1,49,9,1232,328,0,0,108926.0
1,45,5,0,0,0,1,10072.0
0,15,9,1032,0,0,0,2324.0
1,23,9,240,397,0,0,70652.0
1,23,9,250,15583,0,0,121959.0
1,54,5,0,0,0,1,3557.0
1,45,5,0,0,0,1,41663.0
1,45,5,0,0,0,1,577.0
1,23,9,280,2601,0,0,66471.0
1,20,5,0,0,0,1,99227.0
1,23,9,205,286,0,0,28019.0
1,45,5,0,0,0,1,118822.0
1,8,5,0,0,0,1,94873.0
1,20,9,26,0,0,0,42120.0
1,23,9,203,595,0,0,116347.0
1,23,9,204,44979,0,0,41786.0
1,45,5,0,0,0,1,28779.0
1,20,9,1363,0,0,0,64101.0
0,14,9,8,0,0,1,71859.0
1,23,9,204,297,0,0,25824.0
2,12,9,45,46,0,0,40593.0
1,55,9,688,477817,0,0,37310.0
1,45,5,0,0,0,1,40657.0
2,12,9,44,85,0,0,38019.0
1,2,5,0,0,0,1,769.0
0,14,9,8,0,0,1,52315.0
1,51,1,0,0,0,1,24457.0
1,23,9,214,8435,0,0,125939.0
1,23,9,343,429,0,0,107357.0
1,49,9,1007,333,0,0,25085.0
2,12,9,43,43,0,0,99685.0
1,55,2,0,0,0,1,85264.0
1,45,5,0,0,0,1,68597.0
1,26,5,0,0,0,1,100249.0
1,11,5,0,0,0,1,64178.0
1,45,5,0,0,0,1,11476.0
1,32,1,0,0,0,1,31354.0
2,12,9,42,125,0,0,58159.0
1,23,9,194,320,0,0,53403.0
1,20,9,374,0,0,0,4730.0
2,12,9,33,0,0,0,30331.0
1,45,5,0,0,0,1,39205.0
1,58,5,0,0,0,1,102818.0
1,20,5,0,0,0,1,68696.0
1,20,5,0,0,0,1,69223.0
1,45,5,0,0,0,1,122676.0
1,23,9,263,3112,0,0,35854.0
0,14,9,8,0,0,1,42489.0
1,23,9,222,1357,0,0,35393.0
1,23,9,298,1971,0,0,3807.0
1,23,9,331,7054,0,0,105841.0
1,23,9,453,6866,0,0,93545.0
1,53,1,0,0,0,1,4957.0
1,20,5,0,0,0,1,27776.0
1,45,1,0,0,0,1,4072.0
2,12,9,46,142,0,0,57248.0
1,29,5,0,0,0,1,108104.0
2,12,9,45,111,0,0,119136.0
1,45,4,1,0,0,1,20028.0
1,49,9,1194,328,0,0,79198.0
1,45,5,0,0,0,1,91942.0
1,62,5,0,0,0,1,24382.0
1,20,9,5929,0,0,0,91886.0
1,23,9,242,398,0,0,116690.0
1,30,1,0,0,0,1,64510.0
1,45,5,0,0,0,1,36853.0
1,23,9,221,10003,0,0,98165.0
1,45,5,0,0,0,1,109326.0
1,20,5,0,0,0,1,58064.0
1,20,9,5336,0,0,0,44910.0
1,23,1,0,0,0,1,80901.0
1,23,1,0,0,0,1,84031.0
1,23,9,290,2560,0,0,86501.0
1,41,1,0,0,0,1,47616.0
1,23,5,0,0,0,1,69075.0
1,23,9,205,3156,0,0,54446.0
1,45,5,0,0,0,1,61709.0
0,14,9,8,0,0,1,39229.0
1,45,1,0,0,0,1,82989.0
1,23,9,320,279,0,0,78599.0
1,45,5,0,0,0,1,101445.0
1,23,9,211,1382,0,0,98377.0
2,12,9,44,71,0,0,50792.0
1,2,5,0,0,0,1,73690.0
1,20,9,4539,0,0,0,32500.0
2,12,9,33,88,0,0,4379.0
1,23,9,276,1295,0,0,50978.0
1,20,9,501760,0,0,0,65874.0
1,4,5,0,0,0,1,119470.0
1,23,9,206,1929,0,0,95519.0
1,23,9,227,421,0,0,32272.0
1,23,1,0,0,0,1,56296.0
1,23,9,268,282,0,0,11348.0
1,23,9,196,18417,0,0,68920.0
0,15,9,1032,0,0,0,34520.0
1,23,9,303,644,0,0,96107.0
0,14,9,8,0,0,1,61616.0
1,45,1,0,0,0,1,22348.0
1,49,9,1110,334,0,0,31085.0
1,23,1,0,0,0,1,102706.0
1,23,9,271,272,0,0,79506.0
1,20,9,2280318,0,0,0,3337.0
1,45,4,1,0,0,1,6604.0
1,49,9,738,331,0,0,26263.0
1,23,1,0,0,0,1,71311.0
2,12,9,44,110,0,0,99032.0
1,13,5,0,0,0,1,97106.0
1,23,9,345,259,0,0,117541.0
2,12,9,45,70,0,0,16463.0
0,15,9,1032,0,0,0,104583.0
1,45,1,0,0,0,1,55142.0
1,23,9,188,3913,0,0,88763.0
1,45,4,1,0,0,1,117781.0
1,23,9,273,244,0,0,31546.0
1,45,5,0,0,0,1,49813.0
1,45,5,0,0,0,1,38568.0
1,35,1,0,0,0,1,117046.0
1,63,1,0,0,0,1,104399.0
1,4,5,0,0,0,1,41096.0
1,63,1,0,0,0,1,86492.0
1,45,4,1,0,0,1,29399.0
0,60,9,128,0,0,0,75623.0
1,49,9,1608,334,0,0,15078.0
0,14,9,8,0,0,1,69569.0
1,23,9,235,1014,0,0,112180.0
1,23,1,0,0,0,1,4554.0
2,12,9,46,128,0,0,24583.0
1,2,5,0,0,0,1,11101.0
1,23,9,213,1086,0,0,67771.0
1,23,6,230,43800,0,0,18185.0
2,12,9,44,44,0,0,23484.0
1,49,9,1444,282,0,0,31879.0
2,12,9,45,128,0,0,111031.0
1,23,9,237,10432,0,0,11632.0
0,15,9,520,0,0,0,3391.0
1,9,5,0,0,0,1,60219.0
1,23,2,234,0,0,0,37512.0
1,23,9,336,285,0,0,78117.0
1,23,9,364,11811,0,0,62449.0
1,20,1,0,0,0,1,105892.0
1,23,9,54540,8314,0,0,118771.0
1,23,9,298,943,0,0,37619.0
0,15,9,1032,0,0,0,52903.0
1,63,5,0,0,0,1,32350.0
1,23,9,233,777,0,0,49211.0
2,12,9,45,118,0,0,86464.0
1,45,5,0,0,0,1,110777.0
1,36,5,0,0,0,1,50518.0
1,23,9,236,1694,0,0,42921.0
2,12,9,43,109,0,0,84932.0
1,20,9,740,0,0,0,53610.0
1,49,9,693,337,0,0,66954.0
1,23,9,258,11394,0,0,26846.0
1,49,9,2466,329,0,0,80080.0
1,23,9,329,1378,0,0,25597.0
1,49,9,927,386,0,0,78507.0
1,45,1,0,0,0,1,85606.0
1,23,1,0,0,0,1,115280.0
1,45,4,1,0,0,1,31800.0
1,45,5,0,0,0,1,73210.0
2,12,9,43,136,0,0,51412.0
1,20,9,12,0,0,0,40926.0
1,38,5,0,0,0,1,70553.0
1,45,1,0,0,0,1,83475.0
1,23,1,0,0,0,1,114879.0
1,20,9,2890,0,0,0,24952.0
1,7,5,0,0,0,1,83010.0
0,14,9,8,0,0,1,13541.0
1,64,5,0,0,0,1,32577.0
1,23,1,0,0,0,1,92980.0
1,23,5,0,0,0,1,29078.0
0,14,9,8,0,0,1,111213.0
1,29,5,0,0,0,1,72618.0
1,23,9,54540,8314,0,0,70381.0
1,19,5,0,0,0,1,51525.0
1,49,9,895,327,0,0,58919.0
1,23,9,332,1930,0,0,84924.0
1,49,9,637,326,0,0,69966.0
1,23,6,261,29200,0,0,110534.0
1,23,9,326,414,0,0,37019.0
1,45,5,0,0,0,1,16909.0
1,45,5,0,0,0,1,34236.0
1,23,9,255,1587,0,0,105101.0
1,9,5,0,0,0,1,110732.0
1,45,5,0,0,0,1,42316.0
1,37,5,0,0,0,1,35997.0
1,45,5,0,0,0,1,66610.0
1,45,1,0,0,0,1,112366.0
1,23,9,288,1318,0,0,98773.0
1,20,9,2056,0,0,0,45027.0
1,45,1,0,0,0,1,11335.0
1,27,5,0,0,0,1,23795.0
1,16,5,0,0,0,1,100710.0
1,63,5,0,0,0,1,57679.0
1,61,5,0,0,0,1,90605.0
1,23,9,297,4673,0,0,44081.0
1,5,5,0,0,0,1,90212.0
0,14,9,8,0,0,1,17208.0
1,41,1,0,0,0,1,114747.0
0,60,9,181,0,0,0,51832.0
1,61,5,0,0,0,1,50772.0
1,45,5,0,0,0,1,36199.0
1,23,9,178,8541,0,0,121941.0
1,5,5,0,0,0,1,103758.0
1,23,1,0,0,0,1,88665.0
2,41,9,146,105,0,0,51805.0
1,23,9,236,942,0,0,87549.0
1,23,9,222,1688,0,0,10130.0
1,18,5,0,0,0,1,69127.0
1,23,9,349,342,0,0,106002.0
1,23,9,322,707,0,0,77552.0
1,23,5,0,0,0,1,14249.0
1,26,1,0,0,0,1,31707.0
2,40,9,48,48,0,0,11023.0
0,60,9,182,0,0,0,35370.0
1,45,5,0,0,0,1,55107.0
1,45,5,0,0,0,1,2568.0
1,23,9,139,34577,0,0,122819.0
1,45,5,0,0,0,1,36474.0
1,41,7,1376,0,0,0,87940.0
1,20,9,245,0,0,0,45433.0
1,49,9,3247,407,0,0,33568.0
1,9,5,0,0,0,1,77116.0
1,45,5,0,0,0,1,78741.0
1,23,9,222,310,0,0,20979.0
1,34,4,0,0,0,1,66.0
1,63,1,0,0,0,1,39612.0
1,4,5,0,0,0,1,113635.0
1,49,9,662,341,0,0,84780.0
1,19,9,1258,2453,0,0,34535.0
1,4,5,0,0,0,1,69225.0
1,49,9,662,338,0,0,119938.0
1,23,9,147,376,0,0,7510.0
1,45,4,0,0,0,1,76457.0
1,45,5,0,0,0,1,39758.0
1,23,9,301,1380,0,0,1528.0
1,49,9,669,279,0,0,107888.0
1,23,9,305,759,0,0,114540.0
1,23,5,0,0,0,1,30638.0
1,20,9,192,0,0,0,68908.0
1,23,9,190,1925,0,0,125515.0
1,23,9,295,655,0,0,12005.0
1,58,2,0,0,0,1,3192.0
1,23,9,240,379,0,0,21729.0
1,25,1,0,0,0,0,96678.0
1,55,5,0,0,0,1,89221.0
1,23,9,259,821,0,0,58052.0
1,45,1,0,0,0,1,78431.0
1,23,9,301,2507,0,0,112141.0
1,49,9,2011,332,0,0,56675.0
1,45,1,0,0,0,1,44474.0
2,45,9,28,0,0,1,25459.0
1,23,9,192,820,0,0,61351.0
1,45,1,0,0,0,1,81444.0
2,12,9,45,136,0,0,113478.0
1,35,5,0,0,0,1,59457.0
1,23,9,244,4649,0,0,112110.0
1,23,1,0,0,0,1,63760.0
1,41,4,1,0,0,1,120491.0
0,14,9,8,0,0,1,92894.0
0,14,9,8,0,0,1,22467.0
1,49,9,2427,332,0,0,122326.0
1,23,9,227,1546,0,0,54386.0
1,45,5,0,0,0,1,112272.0
1,23,9,314,288,0,0,21854.0
0,14,9,30,0,0,0,98741.0
1,53,5,0,0,0,1,83036.0
1,23,9,322,236,0,0,9297.0
1,23,9,346,269,0,0,63935.0
0,14,9,8,0,0,1,74654.0
1,20,9,252,0,0,0,80478.0
1,17,5,0,0,0,1,3288.0
0,14,9,8,0,0,1,9647.0
0,14,9,8,0,0,1,39697.0
1,13,5,0,0,0,1,7663.0
1,26,5,0,0,0,1,95039.0
1,23,9,210,2243,0,0,29176.0
1,23,9,281,1693,0,0,95677.0
1,49,9,1463,481,0,0,36898.0
1,20,9,6932,0,0,0,3335.0
1,2,5,0,0,0,1,33520.0
1,39,2,0,0,0,1,116070.0
1,23,9,309,1158,0,0,82248.0
1,23,5,0,0,0,1,55852.0
1,34,1,0,0,0,1,42913.0
2,45,9,28,0,0,1,58416.0
2,45,9,105,147,0,0,53925.0
2,41,9,145,105,0,0,18516.0
1,50,5,0,0,0,1,22979.0
1,23,9,228,515,0,0,108980.0
1,49,9,1388,391,0,0,6310.0
2,41,9,145,105,0,0,98921.0
1,36,5,0,0,0,1,96212.0
1,23,9,249,506,0,0,61220.0
0,15,9,1032,0,0,0,36165.0
1,45,5,0,0,0,1,74698.0
1,45,3,0,0,0,1,47253.0
1,18,5,0,0,0,1,6630.0
2,12,9,45,130,0,0,112634.0
1,49,9,531,478,0,0,52365.0
1,45,5,0,0,0,1,64223.0
1,20,5,0,0,0,1,15522.0
1,23,9,214,1773,0,0,46821.0
1,23,9,233,8982,0,0,49366.0
1,45,5,0,0,0,1,77879.0
2,41,9,1,0,0,1,5611.0
1,45,5,0,0,0,1,101880.0
1,23,9,290,3006,0,0,44.0
1,23,9,54540,8314,0,0,63775.0
2,12,9,110,45,0,0,27617.0
1,23,9,200,1100,0,0,100218.0
1,19,9,58,189,0,0,121682.0
1,18,9,8,137,0,0,69381.0
2,12,9,44,128,0,0,52974.0
1,55,9,65,911,0,0,85317.0
1,23,9,208,311,0,0,38233.0
1,29,5,0,0,0,1,104275.0
1,23,9,322,998,0,0,20231.0
1,23,9,209,535,0,0,67590.0
1,23,9,283,679,0,0,39417.0
1,23,9,233,1978,0,0,119270.0
1,49,9,838,330,0,0,78901.0
1,23,9,240,1475,0,0,499.0
1,23,9,268,73,0,0,89503.0
1,41,5,0,0,0,1,112880.0
1,23,9,279,10726,0,0,21431.0
1,49,9,1624,336,0,0,25754.0
1,45,1,0,0,0,1,3007.0
1,45,5,0,0,0,1,15112.0
2,41,9,146,105,0,0,55182.0
1,23,9,287,2251,0,0,12.0
1,55,5,0,0,0,1,8996.0
1,23,9,345,1834,0,0,33776.0
1,6,5,0,0,0,1,33023.0
2,12,9,42,106,0,0,51266.0
1,23,9,314,7331,0,0,120717.0
2,12,9,44,130,0,0,115000.0
1,61,5,0,0,0,1,27593.0
1,13,2,0,0,0,1,64854.0
1,23,9,204,1769,0,0,49788.0
1,45,5,0,0,0,1,119786.0
1,45,5,0,0,0,1,32002.0
0,15,9,1032,0,0,0,125066.0
1,23,9,255,322,0,0,74520.0
1,23,9,272,389,0,0,75254.0
1,30,5,0,0,0,1,19200.0
1,49,9,2888,331,0,0,109671.0
1,23,9,298,256,0,0,31156.0
1,23,9,213,9311,0,0,112442.0
1,23,9,0,1371,0,0,27880.0
1,45,5,0,0,0,1,90552.0
1,23,9,237,406,0,0,103833.0
1,23,9,299,1075,0,0,52960.0
1,45,5,0,0,0,1,96439.0
1,45,1,0,0,0,1,103364.0
0,14,9,8,0,0,1,93413.0
1,45,4,1,0,0,1,8905.0
1,45,5,0,0,0,1,11580.0
1,23,9,250,6015,0,0,35479.0
2,12,9,44,71,0,0,31252.0
1,8,5,0,0,0,1,106907.0
1,58,5,0,0,0,1,116167.0
1,23,9,358,3781,0,0,3524.0
1,23,9,236,731,0,0,77377.0
1,18,9,10,0,0,0,74311.0
1,22,5,0,0,0,1,109568.0
1,20,9,4892,0,0,0,25659.0
1,4,1,0,0,0,1,104975.0
1,10,5,0,0,0,1,84116.0
1,23,9,171,13014,0,0,60503.0
1,23,9,295,1158,0,0,91871.0
1,20,9,192,0,0,0,87432.0
1,45,5,0,0,0,1,17966.0
1,23,9,214,2141,0,0,35169.0
1,23,9,284,666,0,0,31414.0
2,12,9,45,81,0,0,119390.0
1,25,5,0,0,0,1,29630.0
1,13,1,0,0,0,1,38405.0
1,10,5,0,0,0,1,20760.0
1,19,9,320,1054,0,0,74820.0
1,19,9,916,2586,0,0,120366.0
1,45,1,0,0,0,1,114202.0
2,41,9,1,0,0,1,81686.0
1,45,5,0,0,0,1,44957.0
1,23,9,0,1380,0,0,86957.0
2,41,9,146,105,0,0,29780.0
1,49,9,1867,330,0,0,113697.0
1,20,9,7162,0,0,0,118190.0
1,11,5,0,0,0,1,33619.0
1,20,9,12,0,0,0,100482.0
1,9,5,0,0,0,1,82343.0
1,45,5,0,0,0,1,48557.0
1,20,9,276,0,0,0,20862.0
1,23,9,227,1404,0,0,16898.0
1,23,9,228,14880,0,0,92180.0
2,45,9,105,105,0,0,730.0
1,49,9,1934,402,0,0,93087.0
1,36,1,0,0,0,1,56669.0
2,12,9,45,90,0,0,62945.0
1,19,9,1532,4152,0,0,46065.0
1,23,9,334,1578,0,0,60642.0
1,34,5,0,0,0,1,123670.0
1,23,9,243,300,0,0,77861.0
1,45,5,0,0,0,1,43813.0
1,23,9,357,255,0,0,100984.0
1,10,2,0,0,0,1,117342.0
1,53,5,0,0,0,1,74239.0
0,14,9,8,0,0,1,111075.0
1,45,1,0,0,0,1,67966.0
2,12,9,34,34,0,0,32260.0
1,10,5,0,0,0,1,21015.0
1,52,2,0,0,0,1,57835.0
1,49,9,1562,331,0,0,44430.0
1,23,9,220,337,0,0,27458.0
1,20,5,0,0,0,1,65484.0
2,45,9,1,0,0,1,110932.0
1,61,2,0,0,0,1,48031.0
1,45,9,6,0,0,1,88080.0
1,20,5,0,0,0,1,113970.0
1,23,9,183,9736,0,0,92564.0
0,15,9,1032,0,0,0,47651.0
1,49,9,11769,324,0,0,107393.0
1,23,9,300,808,0,0,28434.0
1,55,9,114,8762,0,0,66161.0
1,23,9,204,1487,0,0,6987.0
1,23,9,315,664,0,0,96296.0
1,23,9,214,2325,0,0,78366.0
1,23,9,181,128,0,0,10736.0
1,53,5,0,0,0,1,53583.0
0,14,9,30,0,0,0,88243.0
1,20,5,0,0,0,1,121357.0
1,45,5,0,0,0,1,61344.0
0,14,9,8,0,0,1,22567.0
0,14,9,8,0,0,1,66947.0
1,23,9,288,588,0,0,101655.0
1,23,9,267,944,0,0,90317.0
1,23,1,0,0,0,1,15668.0
1,45,5,0,0,0,1,39934.0
1,42,5,0,0,0,1,57585.0
1,13,5,0,0,0,1,24758.0
1,49,9,3947,323,0,0,52837.0
1,45,5,0,0,0,1,53153.0
1,25,5,0,0,0,1,42141.0
2,12,9,44,118,0,0,28933.0
1,45,5,0,0,0,1,74586.0
0,15,9,1032,0,0,0,78026.0
1,23,9,336,13637,0,0,9309.0
1,23,1,0,0,0,1,1407.0
0,14,9,18,0,0,1,1931.0
1,20,9,16115,0,0,0,73544.0
1,23,9,204,1010,0,0,20156.0
1,23,9,229,753,0,0,96456.0
1,23,9,205,396,0,0,78660.0
1,45,5,0,0,0,1,74480.0
0,15,9,520,0,0,0,81174.0
1,45,5,0,0,0,1,95627.0
1,23,9,327,1921,0,0,23184.0
2,12,9,41,128,0,0,66103.0
1,23,9,314,9284,0,0,43684.0
1,23,5,0,0,0,1,51671.0
1,23,9,152,8718,0,0,75524.0
1,45,1,0,0,0,1,89347.0
1,49,9,1320,371,0,0,94423.0
1,62,5,0,0,0,1,97168.0
2,12,9,46,76,0,0,48536.0
1,23,9,284,716,0,0,113621.0
1,23,9,258,278,0,0,51158.0
1,23,9,209,5049,0,0,119097.0
1,45,4,0,0,0,1,50304.0
1,23,1,0,0,0,1,91009.0
1,23,9,166,9597,0,0,103482.0
1,23,9,189,1613,0,0,83192.0
1,45,5,0,0,0,1,61044.0
1,45,5,0,0,0,1,38928.0
1,23,9,245,3631,0,0,124804.0
1,19,9,238,773,0,0,26777.0
1,23,9,305,400,0,0,61191.0
1,13,5,0,0,0,1,55569.0
1,45,1,0,0,0,1,45427.0
2,45,9,105,146,0,0,5882.0
1,45,5,0,0,0,1,93877.0
1,23,9,211,23473,0,0,67908.0
0,14,9,8,0,0,1,49925.0
2,45,9,1,0,0,1,64528.0
1,23,9,307,506,0,0,107039.0
1,45,1,0,0,0,1,103507.0
1,23,9,251,11485,0,0,37778.0
1,45,1,0,0,0,1,55492.0
1,45,5,0,0,0,1,118053.0
1,23,9,263,1307,0,0,105833.0
1,6,5,0,0,0,1,6810.0
1,63,5,0,0,0,1,33930.0
1,45,5,0,0,0,1,29055.0
1,2,5,0,0,0,1,64332.0
1,49,9,1664,365,0,0,99052.0
2,12,9,42,128,0,0,105128.0
2,12,9,46,117,0,0,81133.0
1,43,9,49,1871,0,0,64016.0
1,49,9,867,371,0,0,88413.0
0,60,9,78,0,0,0,33466.0
1,49,9,5349,334,0,0,33840.0
1,45,5,0,0,0,1,71357.0
1,58,2,0,0,0,1,70056.0
1,49,9,755,325,0,0,85227.0
2,45,9,1,0,0,1,115452.0
1,18,5,0,0,0,1,92254.0
1,45,5,0,0,0,1,45063.0
1,7,5,0,0,0,1,24097.0
1,23,9,237,374,0,0,23327.0
1,23,9,228,4556,0,0,38253.0
1,45,5,0,0,0,1,91732.0
1,23,9,315,1086,0,0,2023.0
1,24,5,0,0,0,1,89506.0
1,62,5,0,0,0,1,73135.0
1,23,9,306,526,0,0,24772.0
1,26,5,0,0,0,1,110806.0
1,7,5,0,0,0,1,18562.0
1,18,5,0,0,0,1,16929.0
1,49,9,549,325,0,0,121900.0
1,45,1,0,0,0,1,109663.0
1,23,9,229,356,0,0,103649.0
1,23,9,204,616,0,0,114701.0
2,45,9,1,0,0,1,77616.0
1,23,1,0,0,0,1,106854.0
1,45,1,0,0,0,1,5181.0
1,23,1,0,0,0,1,18127.0
1,45,5,0,0,0,1,115500.0
1,23,9,294,10371,0,0,91374.0
0,15,9,1032,0,0,0,102301.0
1,20,5,0,0,0,1,77781.0
2,41,9,146,105,0,0,112392.0
1,55,5,0,0,0,1,49838.0
1,23,9,280,2446,0,0,111236.0
1,23,9,331,1846,0,0,124574.0
1,49,9,1500,390,0,0,109063.0
2,12,9,44,79,0,0,31550.0
1,55,5,0,0,0,1,111194.0
1,36,5,0,0,0,1,115074.0
1,23,9,192,885,0,0,30703.0
1,33,5,0,0,0,1,10543.0
1,45,5,0,0,0,1,40606.0
1,23,9,347,1406,0,0,4246.0
1,49,9,865,327,0,0,80685.0
1,23,9,351,7886,0,0,2739.0
1,23,9,160,468,0,0,89219.0
1,49,9,951,336,0,0,119464.0
1,23,1,0,0,0,1,20089.0
1,20,9,383,0,0,0,110713.0
1,45,5,0,0,0,1,75508.0
1,23,9,193,1658,0,0,43238.0
2,12,9,43,126,0,0,32907.0
1,23,9,184,1831,0,0,12949.0
1,23,9,267,387,0,0,105910.0
1,23,9,246,1817,0,0,2073.0
0,15,9,1032,0,0,0,56651.0
1,23,9,291,17637,0,0,36677.0
1,49,9,1671,365,0,0,115051.0
1,31,5,0,0,0,1,116462.0
1,23,9,212,171,0,0,110131.0
1,45,0,0,0,0,1,94226.0
1,23,9,211,305,0,0,27835.0
1,19,9,1514,4152,0,0,49867.0
1,23,9,240,306,0,0,36658.0
1,45,1,0,0,0,1,54408.0
1,23,9,213,2246,0,0,104693.0
1,50,5,0,0,0,1,124977.0
1,23,9,240,33586,0,0,5273.0
1,49,9,1452,337,0,0,8761.0
0,14,9,18,0,0,1,34374.0
1,23,9,347,1366,0,0,4512.0
1,49,9,777,332,0,0,121611.0
1,20,1,0,0,0,1,93610.0
0,14,9,8,0,0,1,41305.0
1,22,5,0,0,0,1,78667.0
2,45,9,105,146,0,0,93689.0
1,28,5,0,0,0,1,43337.0
1,45,1,0,0,0,1,118925.0
1,8,1,0,0,0,1,62458.0
0,15,9,1032,0,0,0,96057.0
1,23,9,224,2183,0,0,17147.0
2,45,9,105,146,0,0,62783.0
1,23,5,0,0,0,1,31188.0
0,14,9,8,0,0,1,125388.0
1,63,5,0,0,0,1,74602.0
1,45,1,0,0,0,1,56376.0
1,20,9,334,0,0,0,47323.0
1,8,1,0,0,0,1,20447.0
1,23,9,217,592,0,0,124008.0
1,18,5,0,0,0,1,18928.0
1,18,5,0,0,0,1,79287.0
1,23,9,257,10820,0,0,70956.0
2,12,9,44,134,0,0,28056.0
1,48,5,0,0,0,1,16318.0
1,45,1,0,0,0,1,7414.0
1,23,9,201,7384,0,0,87263.0
1,23,9,242,2222,0,0,50988.0
1,23,9,205,10044,0,0,2071.0
1,49,9,535,326,0,0,44132.0
1,31,5,0,0,0,1,8888.0
1,23,9,197,659,0,0,75110.0
1,26,1,0,0,0,1,26855.0
2,41,9,146,105,0,0,45067.0
1,23,9,307,3222,0,0,10552.0
1,23,9,281,2170,0,0,64760.0
2,12,9,30,30,0,0,48466.0
1,23,9,260,50154,0,0,72266.0
1,49,9,1528,332,0,0,121394.0
1,22,5,0,0,0,1,62784.0
1,23,7,167,0,0,0,31509.0
2,12,9,46,134,0,0,969.0
1,20,9,175337,0,0,0,86382.0
2,12,9,46,46,0,0,100543.0
1,23,1,0,0,0,1,104110.0
1,23,9,289,1617,0,0,49450.0
1,45,5,0,0,0,1,93332.0
1,23,9,246,349,0,0,34973.0
0,14,9,8,0,0,1,2539.0
1,23,9,328,2109,0,0,122137.0
1,45,3,0,0,0,1,57361.0
1,23,9,379,370,0,0,34773.0
1,20,9,10261,0,0,0,90079.0
1,55,5,0,0,0,1,114490.0
1,23,1,0,0,0,1,65026.0
1,49,9,1485,365,0,0,25767.0
1,45,4,0,0,0,1,62250.0
1,23,9,311,248,0,0,10619.0
1,23,9,248,1856,0,0,30840.0
1,53,5,0,0,0,1,53952.0
1,23,9,211,976,0,0,16507.0
1,19,9,1268,2453,0,0,68455.0
1,23,9,340,750,0,0,65402.0
2,12,9,44,128,0,0,96880.0
1,23,9,338,304,0,0,110567.0
2,45,9,28,0,0,1,96500.0
1,23,9,186,3440,0,0,59409.0
1,23,4,43232,7300,0,0,19343.0
2,12,9,44,75,0,0,55798.0
0,14,9,18,0,0,1,4204.0
1,23,1,0,0,0,1,113064.0
1,23,9,300,1466,0,0,25142.0
1,45,5,0,0,0,1,32333.0
1,20,9,201,0,0,0,57662.0
2,12,9,46,139,0,0,37436.0
1,23,9,323,1651,0,0,14952.0
1,18,5,0,0,0,1,75121.0
1,26,5,0,0,0,1,1687.0
1,23,9,337,1454,0,0,55960.0
1,45,4,1,0,0,1,75910.0
2,12,9,46,46,0,0,10873.0
1,23,5,0,0,0,1,15963.0
1,45,5,0,0,0,1,24566.0
1,23,9,54540,8314,0,0,41102.0
1,49,9,1414,377,0,0,57935.0
1,23,9,220,1209,0,0,88184.0
1,20,5,0,0,0,1,86899.0
2,41,9,147,105,0,0,106595.0
1,23,9,308,2507,0,0,23117.0
1,23,9,280,2364,0,0,42829.0
1,23,9,234,688,0,0,102533.0
1,61,5,0,0,0,1,77413.0
1,49,9,676,328,0,0,562.0
1,41,1,0,0,0,1,123115.0
1,23,1,0,0,0,1,37878.0
1,41,1,0,0,0,1,91964.0
1,20,9,6601,0,0,0,66949.0
1,45,5,0,0,0,1,104465.0
1,23,9,234,7605,0,0,60661.0
1,26,5,0,0,0,1,46625.0
1,20,9,334,0,0,0,110984.0
0,14,9,8,0,0,1,55158.0
1,45,1,0,0,0,1,52240.0
1,23,9,300,321,0,0,21474.0
1,23,9,233,6097,0,0,115286.0
1,55,9,105,1401,0,0,428.0
1,45,1,0,0,0,1,85849.0
1,23,9,224,753,0,0,75732.0
1,23,9,229,849,0,0,85610.0
1,45,4,0,0,0,1,116741.0
1,45,1,0,0,0,1,100852.0
1,45,5,0,0,0,1,21116.0
1,23,9,229,9891,0,0,51999.0
1,30,5,0,0,0,1,70305.0
2,12,9,45,71,0,0,96522.0
1,23,9,229,309,0,0,41124.0
1,23,9,282,1824,0,0,31966.0
1,23,9,202,1405,0,0,115335.0
1,23,9,295,612,0,0,113746.0
1,20,9,5558,0,0,0,104552.0
0,14,9,8,0,0,1,64750.0
0,15,9,520,0,0,0,10583.0
1,23,9,339,866,0,0,27921.0
1,45,5,0,0,0,1,50981.0
0,14,9,8,0,0,1,22614.0
1,17,5,0,0,0,1,60420.0
1,45,5,0,0,0,1,73697.0
1,45,5,0,0,0,1,9534.0
1,23,9,321,2333,0,0,12775.0
1,20,9,259,0,0,0,2384.0
2,12,9,45,75,0,0,96322.0
1,45,1,0,0,0,1,66687.0
1,4,5,0,0,0,1,31213.0
1,29,5,0,0,0,1,28850.0
1,53,5,0,0,0,1,13721.0
1,30,1,0,0,0,1,20859.0
2,12,9,102,0,0,0,6206.0
1,23,9,343,5856,0,0,79004.0
1,23,9,348,6552,0,0,63445.0
0,14,9,8,0,0,1,16577.0
1,18,5,0,0,0,1,35543.0
1,19,9,64,190,0,0,106391.0
2,12,9,44,44,0,0,50274.0
1,45,5,0,0,0,1,25473.0
1,45,5,0,0,0,1,31899.0
1,23,9,306,1785,0,0,48995.0
1,23,9,165,3615,0,0,98233.0
2,45,9,1,0,0,1,14902.0
2,12,9,46,132,0,0,20777.0
1,45,5,0,0,0,1,48387.0
1,23,1,0,0,0,1,58351.0
1,23,9,213,2019,0,0,24046.0
1,23,9,153,338,0,0,78376.0
2,12,9,45,45,0,0,7817.0
1,18,5,0,0,0,1,111884.0
1,23,9,304,484,0,0,124522.0
1,23,5,0,0,0,1,101828.0
1,5,1,0,0,0,1,27187.0
1,50,5,0,0,0,1,83975.0
1,23,9,265,1594,0,0,117970.0
1,55,5,0,0,0,1,22578.0
1,20,9,383,0,0,0,43094.0
1,63,5,0,0,0,1,117722.0
2,12,9,43,130,0,0,7812.0
1,20,9,245,0,0,0,71193.0
1,45,5,0,0,0,1,36616.0
2,41,9,516,4,0,0,87407.0
2,45,9,1,0,0,1,30115.0
1,23,9,160,447,0,0,82814.0
1,23,9,403,4355,0,0,20425.0
1,23,9,256,29868,0,0,90161.0
1,45,5,0,0,0,1,108251.0
1,23,9,305,313,0,0,33261.0
0,60,9,182,0,0,0,45781.0
1,20,9,151,0,0,0,57334.0
1,23,9,170,10292,0,0,103097.0
1,18,9,9,31,0,0,119547.0
1,45,5,0,0,0,1,105454.0
1,20,9,7422,0,0,0,70437.0
1,23,9,333,1242,0,0,58034.0
1,26,5,0,0,0,1,38555.0
0,14,9,18,0,0,1,90395.0
1,4,5,0,0,0,1,24492.0
1,23,9,317,10722,0,0,65704.0
1,23,9,215,3814,0,0,4173.0
1,6,5,0,0,0,1,77770.0
2,12,9,45,115,0,0,7596.0
0,15,9,1032,0,0,0,88033.0
1,45,5,0,0,0,1,73043.0
0,14,9,8,0,0,1,18731.0
1,23,9,325,673,0,0,7944.0
1,64,5,0,0,0,1,31884.0
1,18,5,0,0,0,1,84630.0
1,23,9,161,17183,0,0,82942.0
1,5,5,0,0,0,1,112223.0
1,16,5,0,0,0,1,31338.0
2,45,9,105,0,0,0,59092.0
1,10,5,0,0,0,1,2330.0
1,58,9,0,4,0,1,86579.0
1,23,9,257,1806,0,0,95377.0
1,41,1,0,0,0,1,104549.0
1,41,1,0,0,0,1,84494.0
1,2,5,0,0,0,1,91447.0
2,12,9,43,132,0,0,21215.0
1,23,9,325,465,0,0,90211.0
1,23,9,318,7433,0,0,82226.0
1,23,9,233,835,0,0,26927.0
1,23,1,0,0,0,1,29777.0
1,23,9,0,2422,0,0,101043.0
1,23,9,211,1349,0,0,15662.0
0,14,9,8,0,0,1,91385.0
1,23,9,232,550,0,0,28200.0
1,20,9,2881,0,0,0,36423.0
1,9,5,0,0,0,1,40431.0
1,49,9,2720,372,0,0,65301.0
1,45,5,0,0,0,1,10940.0
1,23,9,296,431,0,0,64125.0
2,45,9,105,0,0,0,100272.0
1,23,9,212,1694,0,0,107083.0
1,50,5,0,0,0,1,94659.0
1,23,9,315,1531,0,0,31153.0
1,18,5,0,0,0,1,51813.0
1,20,9,9198,0,0,0,77446.0
1,7,5,0,0,0,1,118670.0
1,23,9,236,5280,0,0,105123.0
1,41,1,0,0,0,1,36361.0
1,23,9,258,38789,0,0,29572.0
1,23,1,0,0,0,1,20361.0
1,49,9,1974,334,0,0,115308.0
1,23,1,0,0,0,1,40607.0
1,62,5,0,0,0,1,94216.0
0,15,9,1032,0,0,0,36279.0
2,12,9,45,133,0,0,112698.0
1,53,5,0,0,0,1,84553.0
1,23,1,0,0,0,1,6783.0
1,45,5,0,0,0,1,8463.0
2,45,9,28,0,0,1,99787.0
1,7,5,0,0,0,1,124432.0
1,23,9,290,7308,0,0,37558.0
1,23,9,335,14638,0,0,16161.0
0,14,9,8,0,0,1,51080.0
1,23,9,270,2170,0,0,47342.0
1,58,5,0,0,0,1,94089.0
1,23,9,201,290,0,0,2034.0
1,58,5,0,0,0,1,54096.0
1,45,2,0,0,0,1,81270.0
1,55,9,207,1586,0,0,25966.0
1,55,5,0,0,0,1,43194.0
2,12,9,45,111,0,0,101380.0
0,14,9,18,0,0,1,17791.0
1,45,3,0,0,0,1,60684.0
1,23,9,236,632,0,0,116996.0
1,20,9,305,0,0,0,121876.0
1,45,1,0,0,0,1,92303.0
1,20,9,7012,0,0,0,69991.0
1,45,1,0,0,0,1,33051.0
1,49,9,1435,333,0,0,15326.0
1,45,5,0,0,0,1,115328.0
1,20,9,9,0,0,0,80718.0
1,23,9,192,2246,0,0,102096.0
1,23,9,218,462,0,0,26838.0
2,12,9,43,126,0,0,53944.0
1,45,1,0,0,0,1,124284.0
1,11,5,0,0,0,1,1160.0
1,24,1,0,0,0,0,107759.0
1,45,5,0,0,0,1,96641.0
1,23,9,319,402,0,0,30081.0
1,26,1,0,0,0,1,115904.0
0,14,9,8,0,0,1,75620.0
1,55,5,0,0,0,1,123496.0
1,23,9,289,738,0,0,21911.0
1,45,5,0,0,0,1,82689.0
1,23,9,196,3282,0,0,355.0
1,58,2,0,0,0,1,104325.0
1,23,9,338,6137,0,0,113437.0
1,49,9,726,386,0,0,100460.0
1,23,9,251,271,0,0,31732.0
1,45,4,1,0,0,1,75637.0
1,45,1,0,0,0,1,74305.0
1,20,9,8325,0,0,0,99265.0
1,20,9,832,0,0,0,72657.0
1,23,9,285,173,0,0,107426.0
1,23,9,208,655,0,0,11717.0
0,60,9,183,0,0,0,31348.0
1,37,1,0,0,0,1,10284.0
1,23,9,263,10334,0,0,63485.0
0,14,9,8,0,0,1,22283.0
2,41,9,147,0,0,0,100491.0
0,15,9,1032,0,0,0,27211.0
2,12,9,44,80,0,0,7720.0
1,23,9,238,2022,0,0,82503.0
2,45,9,28,0,0,1,33935.0
1,20,9,11842,0,0,0,45462.0
2,12,9,45,131,0,0,56366.0
1,45,5,0,0,0,1,26114.0
1,55,5,0,0,0,1,89859.0
1,23,9,242,2524,0,0,120648.0
1,49,9,1216,518,0,0,52355.0
1,11,5,0,0,0,1,78897.0
1,26,5,0,0,0,1,79733.0
1,55,9,284,1726,0,0,76795.0
1,45,5,0,0,0,1,3368.0
1,45,5,0,0,0,1,43197.0
1,20,9,7045,0,0,0,22537.0
1,23,9,326,188,0,0,96784.0
1,2,5,0,0,0,1,1067.0
1,19,9,231,770,0,0,73157.0
1,61,5,0,0,0,1,94851.0
2,12,9,36,0,0,0,27574.0
1,49,9,1268,333,0,0,82308.0
1,54,5,0,0,0,1,41837.0
1,55,5,0,0,0,1,112588.0
1,45,5,0,0,0,1,110495.0
1,20,9,1363,0,0,0,31842.0
0,15,9,1480,0,0,0,5525.0
1,49,9,601,332,0,0,55952.0
1,23,9,304,261,0,0,72712.0
1,64,4,0,0,0,1,94624.0
1,20,9,501760,0,0,0,19011.0
1,45,4,0,0,0,1,54447.0
1,20,9,383,0,0,0,66327.0
1,23,9,296,30361,0,0,34096.0
2,12,9,45,134,0,0,64626.0
1,45,5,0,0,0,1,10903.0
1,23,9,231,1046,0,0,32166.0
1,45,5,0,0,0,1,94864.0
2,12,9,42,42,0,0,98600.0
1,23,9,245,3257,0,0,87091.0
1,49,9,898,331,0,0,8321.0
1,9,5,0,0,0,1,123551.0
1,20,9,334,0,0,0,39457.0
1,33,1,0,0,0,1,59343.0
1,23,9,245,270,0,0,115356.0
1,45,5,0,0,0,1,114459.0
1,6,5,0,0,0,1,7135.0
1,13,5,0,0,0,1,62609.0
1,63,1,0,0,0,1,24186.0
1,37,1,0,0,0,1,83593.0
2,12,9,45,132,0,0,45651.0
1,24,4,0,0,0,1,78823.0
1,23,9,168,10388,0,0,8082.0
1,13,5,0,0,0,1,55507.0
1,23,9,312,301,0,0,35182.0
1,23,9,241,136339,0,0,49593.0
1,20,9,10389,0,0,0,90378.0
1,38,5,0,0,0,1,65739.0
0,15,9,1032,0,0,0,31325.0
1,23,9,286,4566,0,0,113649.0
1,45,5,0,0,0,1,79464.0
1,23,9,264,4095,0,0,68324.0
1,23,9,253,2099,0,0,17058.0
1,23,9,256,1585,0,0,112434.0
2,12,9,45,132,0,0,102654.0
1,23,9,417,9852,0,0,118757.0
0,15,9,1032,0,0,0,69177.0
1,23,9,256,4779,0,0,49831.0
1,23,9,264,1237,0,0,108067.0
1,23,5,0,0,0,1,9030.0
1,23,9,258,1747,0,0,12486.0
1,23,9,214,1032,0,0,2553.0
1,23,9,164,19085,0,0,43605.0
1,45,5,0,0,0,1,69420.0
1,55,5,0,0,0,1,100028.0
1,52,5,0,0,0,1,75918.0
1,23,9,242,8729,0,0,90398.0
1,21,5,0,0,0,1,45058.0
2,12,9,46,136,0,0,3627.0
2,40,9,48,48,0,0,6863.0
1,23,9,295,443,0,0,66756.0
1,29,5,0,0,0,1,56521.0
2,12,9,42,131,0,0,44194.0
1,23,9,170,5572,0,0,59914.0
1,10,5,0,0,0,1,114402.0
1,45,5,0,0,0,1,68472.0
0,15,9,520,0,0,0,125360.0
1,45,5,0,0,0,1,40667.0
1,23,9,331,1848,0,0,104869.0
1,23,9,290,1820,0,0,59746.0
1,45,1,0,0,0,1,117950.0
1,45,1,0,0,0,1,54604.0
1,45,1,0,0,0,1,36410.0
1,25,5,0,0,0,1,94484.0
1,18,5,0,0,0,1,109747.0
1,45,5,0,0,0,1,5734.0
0,14,9,8,0,0,1,30768.0
1,45,5,0,0,0,1,29722.0
1,45,5,0,0,0,1,39158.0
1,23,9,1952,2234,0,0,34054.0
1,23,9,294,310,0,0,3793.0
2,41,9,147,0,0,0,49005.0
2,12,9,45,76,0,0,103369.0
1,45,5,0,0,0,1,58872.0
1,52,5,0,0,0,1,37780.0
1,55,5,0,0,0,1,60593.0
1,23,9,296,1999,0,0,6169.0
1,23,9,316,1260,0,0,523.0
1,23,9,295,633,0,0,80102.0
1,23,9,342,2178,0,0,105546.0
1,23,9,231,7208,0,0,92340.0
1,45,5,0,0,0,1,6545.0
1,23,9,404,10908,0,0,79306.0
0,15,9,1032,0,0,0,91363.0
1,23,9,238,13279,0,0,99571.0
2,12,9,45,45,0,0,103636.0
1,47,1,0,0,0,1,89487.0
1,23,9,220,190,0,0,41522.0
1,23,1,0,0,0,1,36609.0
0,14,9,8,0,0,1,124731.0
1,64,5,0,0,0,1,15298.0
1,23,9,233,421,0,0,78934.0
1,41,1,0,0,0,1,103176.0
1,23,9,256,9428,0,0,70257.0
1,23,9,231,1159,0,0,27580.0
1,23,9,247,1986,0,0,105047.0
1,23,9,211,333,0,0,105758.0
0,15,9,1032,0,0,0,14225.0
2,12,9,44,135,0,0,54189.0
1,52,5,0,0,0,1,119555.0
2,12,9,46,74,0,0,113231.0
1,5,1,0,0,0,1,84920.0
1,39,5,0,0,0,1,32093.0
0,14,9,8,0,0,1,70728.0
1,23,1,0,0,0,1,20709.0
1,23,9,293,808,0,0,40640.0
1,23,9,320,3422,0,0,115818.0
0,15,9,1032,0,0,0,73383.0
1,23,9,168,4528,0,0,65036.0
1,23,9,309,491,0,0,100623.0
1,23,9,204,64021,0,0,124550.0
2,41,9,147,105,0,0,122484.0
1,11,5,0,0,0,1,73073.0
2,41,9,145,105,0,0,82261.0
1,45,5,0,0,0,1,59162.0
1,45,4,0,0,0,1,46212.0
1,45,5,0,0,0,1,115412.0
1,23,9,291,2669,0,0,65053.0
1,45,5,0,0,0,1,33366.0
1,23,9,246,424,0,0,41319.0
1,64,5,0,0,0,1,62957.0
1,19,5,0,0,0,1,101285.0
2,12,9,36,0,0,0,46420.0
1,45,5,0,0,0,1,67862.0
1,23,1,0,0,0,1,66997.0
1,55,5,0,0,0,1,88438.0
1,23,9,176,6545,0,0,109164.0
0,15,9,1032,0,0,0,88238.0
2,12,9,45,45,0,0,58284.0
1,45,5,0,0,0,1,105879.0
1,49,9,666,328,0,0,13354.0
1,23,9,339,19790,0,0,13234.0
2,12,9,44,73,0,0,87153.0
1,49,9,842,334,0,0,56186.0
1,23,1,0,0,0,1,52731.0
1,23,9,229,3028,0,0,41088.0
1,49,9,1753,485,0,0,107131.0
1,45,5,0,0,0,1,37427.0
2,45,9,105,146,0,0,97085.0
1,23,9,340,422,0,0,44266.0
1,45,1,0,0,0,1,34070.0
1,45,5,0,0,0,1,16517.0
2,45,9,28,0,0,1,32557.0
1,23,9,181,10333,0,0,3287.0
1,45,1,0,0,0,1,47346.0
1,45,5,0,0,0,1,17024.0
1,23,9,210,6724,0,0,109614.0
1,23,9,237,294,0,0,125795.0
1,23,9,226,2402,0,0,102781.0
1,18,5,0,0,0,1,88944.0
2,12,9,33,88,0,0,8107.0
1,6,5,0,0,0,1,7239.0
1,29,1,0,0,0,1,121579.0
1,23,1,0,0,0,1,12191.0
1,23,9,210,10609,0,0,114564.0
0,14,9,8,0,0,1,3556.0
1,45,5,0,0,0,1,124101.0
1,20,9,36696,0,0,0,122287.0
1,45,5,0,0,0,1,112283.0
1,20,9,209,0,0,0,108131.0
1,45,5,0,0,0,1,125505.0
1,23,9,243,1694,0,0,24803.0
1,23,9,200,2210,0,0,88429.0
1,33,5,0,0,0,1,121606.0
2,12,9,44,129,0,0,58209.0
1,23,9,205,3433,0,0,120141.0
1,23,9,236,803,0,0,52775.0
2,45,9,1,0,0,1,82518.0
2,45,9,28,0,0,1,55340.0
1,45,1,0,0,0,1,98086.0
1,49,9,1207,310,0,0,36937.0
1,0,2,74,17,0,0,83033.0
1,23,9,331,316,0,0,43020.0
1,23,9,245,39242,0,0,32074.0
1,16,5,0,0,0,1,35135.0
1,19,5,0,0,0,1,120109.0
1,23,9,241,2971,0,0,67601.0
1,49,9,677,335,0,0,37268.0
1,45,5,0,0,0,1,5255.0
1,45,5,0,0,0,1,10716.0
1,2,5,0,0,0,1,36734.0
1,23,1,0,0,0,1,31690.0
1,20,9,245,0,0,0,98278.0
1,45,5,0,0,0,1,4735.0
1,41,4,1,0,0,1,19859.0
1,23,9,256,9621,0,0,7333.0
1,55,9,101,3195,0,0,58315.0
2,12,9,46,92,0,0,18313.0
1,23,1,0,0,0,1,103571.0
1,23,9,229,2030,0,0,29275.0
1,13,5,0,0,0,1,74092.0
1,45,1,0,0,0,1,120009.0
1,23,9,350,1769,0,0,19451.0
1,45,5,0,0,0,1,101481.0
2,12,9,45,45,0,0,65734.0
1,20,5,0,0,0,1,11022.0
1,49,9,2620,326,0,0,21564.0
1,23,9,270,281,0,0,51189.0
1,45,5,0,0,0,1,32330.0
1,19,9,1060,3081,0,0,32282.0
1,23,9,200,1244,0,0,121120.0
1,23,9,235,261,0,0,125203.0
1,23,9,215,1644,0,0,9343.0
1,45,5,0,0,0,1,103266.0
1,45,5,0,0,0,1,56604.0
2,12,9,45,166,0,0,9886.0
1,45,5,0,0,0,1,99306.0
1,64,5,0,0,0,1,74103.0
1,45,5,0,0,0,1,44472.0
1,20,5,0,0,0,1,10943.0
1,63,5,0,0,0,1,124612.0
2,12,9,44,44,0,0,64116.0
1,23,9,251,8046,0,0,112957.0
1,23,1,0,0,0,1,21692.0
2,12,9,43,43,0,0,78220.0
2,12,9,42,115,0,0,48192.0
1,37,5,0,0,0,1,24797.0
1,23,9,313,1508,0,0,43725.0
1,23,9,148,34027,0,0,77663.0
2,12,9,45,44,0,0,83940.0
1,6,5,0,0,0,1,91002.0
2,12,9,45,82,0,0,25547.0
1,49,5,0,0,0,1,81191.0
1,45,5,0,0,0,1,92781.0
1,29,5,0,0,0,1,104701.0
1,45,4,0,0,0,1,74446.0
1,10,4,0,0,0,1,122264.0
1,20,9,607,0,0,0,122656.0
2,12,9,44,72,0,0,50725.0
2,12,9,46,76,0,0,60654.0
1,49,9,1810,370,0,0,25302.0
1,54,1,0,0,0,1,81240.0
0,14,9,8,0,0,1,69230.0
1,23,9,222,3411,0,0,107594.0
1,49,9,11587,1431,0,0,8937.0
1,45,5,0,0,0,1,24265.0
2,41,9,147,105,0,0,8388.0
1,45,5,0,0,0,1,64995.0
1,18,5,0,0,0,1,107716.0
1,45,1,0,0,0,1,20959.0
1,23,9,302,1556,0,0,41153.0
1,23,9,291,3299,0,0,110481.0
1,18,5,0,0,0,1,48082.0
1,45,5,0,0,0,1,57511.0
1,16,5,0,0,0,1,71489.0
1,45,5,0,0,0,1,121015.0
1,58,5,0,0,0,1,4625.0
1,41,1,0,0,0,1,75500.0
2,12,9,45,45,0,0,24885.0
1,45,1,0,0,0,1,124172.0
1,37,5,0,0,0,1,2118.0
0,15,9,64,0,0,0,45845.0
1,26,5,0,0,0,1,125130.0
2,45,9,28,0,0,1,19013.0
1,23,9,307,3222,0,0,21393.0
1,23,9,233,607,0,0,53111.0
1,45,5,0,0,0,1,35585.0
2,12,9,43,127,0,0,120189.0
1,23,9,281,757,0,0,11119.0
2,12,9,44,131,0,0,36757.0
1,23,9,204,2219,0,0,44657.0
1,49,9,1388,368,0,0,45904.0
1,23,9,163,17087,0,0,123043.0
2,12,9,46,78,0,0,100807.0
1,4,5,0,0,0,1,63820.0
1,20,9,74,0,0,0,38786.0
1,49,9,1008,330,0,0,78740.0
1,49,9,831,335,0,0,49471.0
0,14,9,64,0,0,0,86704.0
1,23,9,326,1380,0,0,24547.0
1,20,9,748,0,0,0,92976.0
1,19,9,1190,3380,0,0,25477.0
1,20,9,12,0,0,0,80885.0
1,19,6,389,1217,0,0,117284.0
2,12,9,31,91,0,0,1098.0
1,45,5,0,0,0,1,16529.0
1,23,9,308,3672,0,0,30984.0
2,45,9,1,0,0,1,12455.0
1,21,5,0,0,0,1,13137.0
1,23,9,274,1233,0,0,70680.0
1,23,9,294,3560,0,0,49811.0
1,45,5,0,0,0,1,67424.0
1,23,9,274,4841,0,0,68326.0
1,55,9,113,4070,0,0,100767.0
0,15,9,1032,0,0,0,32862.0
2,45,9,1,0,0,1,46838.0
1,23,9,331,2263,0,0,23091.0
2,12,9,45,76,0,0,37219.0
0,15,9,1032,0,0,0,77243.0
1,45,5,0,0,0,1,104814.0
1,64,5,0,0,0,1,90277.0
1,32,5,0,0,0,1,121481.0
1,45,1,0,0,0,1,109315.0
0,14,9,8,0,0,1,79869.0
1,23,9,192,2442,0,0,105068.0
1,20,9,641,0,0,0,12667.0
1,62,5,0,0,0,1,63133.0
1,20,9,832,0,0,0,48028.0
1,23,9,295,26504,0,0,19214.0
1,61,5,0,0,0,1,115866.0
2,45,9,1,0,0,1,49031.0
2,45,9,207,0,0,0,116926.0
1,16,1,0,0,0,1,36490.0
1,26,5,0,0,0,1,77853.0
1,45,5,0,0,0,1,40263.0
1,45,5,0,0,0,1,11856.0
2,45,9,1,0,0,1,26803.0
1,20,9,1470,0,0,0,28039.0
2,41,9,146,105,0,0,3501.0
1,54,5,0,0,0,1,19424.0
1,23,9,229,4711,0,0,33838.0
1,23,1,0,0,0,1,15486.0
2,12,9,44,44,0,0,59383.0
1,2,5,0,0,0,1,7452.0
2,12,9,45,132,0,0,17400.0
1,2,5,0,0,0,1,87175.0
1,20,9,334,0,0,0,118229.0
2,12,9,43,109,0,0,66648.0
2,41,9,147,0,0,0,81297.0
1,10,5,0,0,0,1,32033.0
1,36,5,0,0,0,1,104933.0
1,2,5,0,0,0,1,85561.0
1,45,5,0,0,0,1,77320.0
1,49,5,0,0,0,1,93756.0
1,19,9,1480,4152,0,0,119744.0
2,12,9,46,46,0,0,79814.0
1,41,1,0,0,0,1,53959.0
1,23,9,228,4781,0,0,22839.0
1,33,5,0,0,0,1,49706.0
0,15,9,1032,0,0,0,62150.0
2,12,9,45,130,0,0,20049.0
1,45,4,0,400291060,0,0,95029.0
1,19,9,1223,2451,0,0,14920.0
1,20,9,334,0,0,0,103680.0
1,20,9,61298,0,0,0,46875.0
2,45,9,105,0,0,0,42240.0
1,9,5,0,0,0,1,99100.0
1,13,5,0,0,0,1,88832.0
1,45,5,0,0,0,1,88474.0
1,45,5,0,0,0,1,93539.0
1,49,9,715,333,0,0,78450.0
1,23,1,0,0,0,1,52152.0
0,60,9,78,0,0,0,96216.0
1,17,5,0,0,0,1,27869.0
1,20,5,0,0,0,1,89158.0
1,33,5,0,0,0,1,37364.0
2,41,9,145,105,0,0,111477.0
1,53,5,0,0,0,1,96862.0
1,20,5,0,0,0,1,110515.0
1,23,9,251,4214,0,0,110549.0
1,52,5,0,0,0,1,51118.0
1,45,5,0,0,0,1,77300.0
1,23,5,0,0,0,1,62647.0
1,45,5,0,0,0,1,7725.0
1,21,5,0,0,0,1,20894.0
2,12,9,43,43,0,0,70004.0
1,42,5,0,0,0,1,51033.0
1,55,2,125,179,0,0,107326.0
1,8,5,0,0,0,1,97916.0
1,45,5,0,0,0,1,53712.0
1,41,4,1,0,0,1,64751.0
2,45,9,1,0,0,1,63222.0
2,12,9,45,115,0,0,97427.0
1,23,9,207,294,0,0,85435.0
1,45,5,0,0,0,1,39522.0
1,23,9,255,283,0,0,34554.0
1,20,9,960,0,0,0,22925.0
1,32,5,0,0,0,1,44001.0
2,12,9,43,107,0,0,7035.0
1,23,9,215,10499,0,0,93131.0
1,19,9,1458,4152,0,0,12131.0
1,23,6,218,14600,0,0,39267.0
1,23,5,0,0,0,1,53309.0
1,23,9,350,1483,0,0,24242.0
1,45,5,0,0,0,1,73026.0
1,23,9,327,1842,0,0,116040.0
0,14,9,18,0,0,1,57347.0
1,23,9,287,7732,0,0,53081.0
1,4,5,0,0,0,1,62753.0
1,19,9,1168,2447,0,0,124542.0
1,23,9,241,640,0,0,73646.0
1,23,9,200,3296,0,0,71663.0
1,50,1,0,0,0,1,20850.0
2,12,9,46,146,0,0,30692.0
1,4,1,0,0,0,1,88853.0
1,23,9,240,4359,0,0,12330.0
1,45,5,0,0,0,1,48366.0
2,12,9,45,111,0,0,77333.0
1,22,5,0,0,0,1,60425.0
1,62,5,0,0,0,1,1688.0
1,45,5,0,0,0,1,93924.0
1,21,1,0,0,0,1,30312.0
1,23,1,0,0,0,1,40239.0
0,14,9,18,0,0,1,110633.0
1,23,9,242,1408,0,0,14770.0
1,23,9,224,281,0,0,35792.0
1,23,9,248,703,0,0,101437.0
0,14,9,8,0,0,1,2901.0
1,45,1,0,0,0,1,105461.0
1,23,1,0,0,0,1,53879.0
1,45,5,0,0,0,1,10157.0
1,30,5,0,0,0,1,63572.0
1,16,5,0,0,0,1,6130.0
2,45,9,105,147,0,0,30514.0
1,23,5,0,0,0,1,121185.0
1,23,1,0,0,0,1,88541.0
1,23,9,286,1410,0,0,61732.0
1,23,9,229,1610,0,0,30877.0
2,41,9,147,105,0,0,93955.0
2,12,9,30,0,0,0,125500.0
1,45,1,0,0,0,1,29309.0
1,23,9,291,910,0,0,31803.0
1,64,1,0,0,0,1,11467.0
1,23,1,0,0,0,1,61673.0
0,14,9,8,0,0,1,122645.0
2,12,9,43,71,0,0,102968.0
2,12,9,45,131,0,0,10955.0
1,5,5,0,0,0,1,119546.0
1,23,9,225,1972,0,0,3619.0
1,49,5,0,0,0,1,106913.0
1,23,9,258,646195,0,0,14712.0
1,45,1,0,0,0,1,116724.0
1,23,9,325,2322,0,0,67896.0
1,23,9,297,555,0,0,18580.0
1,23,9,203,940,0,0,43343.0
1,45,5,0,0,0,1,96385.0
1,23,9,221,1237,0,0,96950.0
1,20,9,12165,0,0,0,7119.0
1,20,9,10044,0,0,0,65236.0
2,12,9,97,37,0,0,102713.0
1,23,9,316,334,0,0,12631.0
1,23,9,54540,8314,0,0,30997.0
1,23,9,221,8119,0,0,71788.0
1,54,5,0,0,0,1,120308.0
1,20,9,11376,0,0,0,1131.0
1,21,5,0,0,0,1,98173.0
2,45,9,105,0,0,0,119533.0
1,19,9,224,761,0,0,27709.0
1,16,5,0,0,0,1,75161.0
2,12,9,45,137,0,0,91101.0
0,14,9,8,0,0,1,113003.0
1,49,9,2493,328,0,0,12181.0
1,45,5,0,0,0,1,87221.0
1,19,9,1500,4152,0,0,27281.0
0,14,9,8,0,0,1,63128.0
1,45,1,0,0,0,1,10018.0
1,23,9,227,5220,0,0,7795.0
1,23,9,280,263,0,0,22924.0
1,23,9,232,1722,0,0,86388.0
1,20,9,567,0,0,0,4887.0
1,9,5,0,0,0,1,18526.0
1,11,5,0,0,0,1,67215.0
1,45,5,0,0,0,1,47082.0
1,23,9,357,1394,0,0,47310.0
1,23,9,275,426,0,0,46365.0
1,20,9,151,0,0,0,20223.0
1,45,5,0,0,0,1,114634.0
1,20,5,0,0,0,1,93906.0
1,32,1,0,0,0,1,6315.0
2,12,9,45,77,0,0,107095.0
1,45,5,0,0,0,1,24816.0
1,23,9,212,321,0,0,115950.0
1,23,9,332,934,0,0,81186.0
1,23,9,228,7897,0,0,98940.0
1,7,5,0,0,0,1,68402.0
1,23,9,312,2977,0,0,119082.0
1,23,1,0,0,0,1,79240.0
0,60,9,183,0,0,0,90000.0
1,41,5,0,0,0,1,102278.0
1,23,2,0,0,0,1,40684.0
1,38,5,0,0,0,1,88269.0
1,7,5,0,0,0,1,92852.0
1,20,9,2194619,0,0,0,106221.0
0,14,9,8,0,0,1,50416.0
0,15,9,520,0,0,0,57319.0
1,45,5,0,0,0,1,47668.0
1,49,9,886,330,0,0,94498.0
1,23,9,223,314,0,0,122048.0
1,45,5,0,0,0,1,56526.0
2,41,9,146,0,0,0,50780.0
1,23,9,274,4841,0,0,78378.0
1,23,9,210,24905,0,0,86973.0
1,4,1,0,0,0,1,97241.0
0,14,9,8,0,0,1,86130.0
1,45,5,0,0,0,1,65385.0
1,45,5,0,0,0,1,6319.0
1,38,5,0,0,0,1,100224.0
1,61,5,0,0,0,1,66664.0
1,45,5,0,0,0,1,37470.0
1,45,5,0,0,0,1,38368.0
1,55,5,0,0,0,1,7368.0
1,23,5,0,0,0,1,50614.0
1,23,9,226,2914,0,0,109169.0
1,52,5,0,0,0,1,71051.0
1,19,9,58,222,0,0,8094.0
1,45,5,0,0,0,1,87229.0
1,16,1,0,0,0,1,93585.0
1,18,5,0,0,0,1,8215.0
1,45,5,0,0,0,1,61535.0
1,23,9,232,503,0,0,64677.0
1,23,9,259,275,0,0,93194.0
1,4,4,0,0,0,1,108188.0
1,23,9,217,5575,0,0,79170.0
1,37,5,0,0,0,1,90933.0
1,23,1,0,0,0,1,5334.0
2,12,9,46,134,0,0,120049.0
1,49,2,6526,1134,0,0,49486.0
0,15,9,520,0,0,0,31674.0
1,23,9,319,1718,0,0,75387.0
1,47,5,0,0,0,1,118699.0
0,15,9,520,0,0,0,99511.0
1,55,5,0,0,0,1,4415.0
1,45,1,0,0,0,1,76530.0
1,45,5,0,0,0,1,97224.0
1,45,4,0,0,0,1,71229.0
1,23,9,308,7176,0,0,71093.0
1,23,9,351,1483,0,0,21032.0
1,23,9,219,1109,0,0,7878.0
1,23,9,239,501,0,0,15865.0
1,23,9,205,770,0,0,35274.0
1,24,5,0,0,0,1,26952.0
1,49,9,2633,332,0,0,122455.0
0,14,9,8,0,0,1,110510.0
2,45,9,28,0,0,1,68069.0
1,6,5,0,0,0,1,25700.0
1,8,5,0,0,0,1,2362.0
1,20,9,67816,0,0,0,85346.0
1,23,9,353,2251,0,0,79331.0
1,23,9,288,4136,0,0,13313.0
1,41,1,0,0,0,1,61941.0
1,45,5,0,0,0,1,38818.0
1,23,6,209,21900,0,0,113191.0
1,23,9,251,10880,0,0,17652.0
1,49,9,1095,328,0,0,63853.0
1,45,5,0,0,0,1,54912.0
1,45,1,0,0,0,1,93115.0
0,14,9,8,0,0,1,68725.0
1,23,9,194,1912,0,0,93148.0
1,45,1,0,0,0,1,50488.0
2,41,9,516,4,0,0,122062.0
1,45,5,0,0,0,1,69354.0
1,49,9,1596,392,0,0,31482.0
1,49,5,0,0,0,1,33245.0
1,25,1,0,0,0,0,2481.0
1,23,9,212,1951,0,0,70772.0
1,23,9,314,1801,0,0,23380.0
1,49,9,1281,329,0,0,43851.0
1,23,1,0,0,0,1,55068.0
0,14,9,18,0,0,1,96725.0
1,49,9,1830,332,0,0,49339.0
1,63,5,0,0,0,1,18917.0
1,58,5,0,0,0,1,102119.0
1,45,5,0,0,0,1,78733.0
1,64,5,0,0,0,1,79877.0
1,23,1,0,0,0,1,63517.0
1,23,9,348,716,0,0,77572.0
1,16,1,0,0,0,1,71030.0
1,23,9,323,1464,0,0,57722.0
2,12,9,44,136,0,0,40849.0
1,49,9,2797,327,0,0,80693.0
1,23,9,324,1668,0,0,5555.0
1,63,1,0,0,0,1,16017.0
2,41,9,113,0,0,0,22355.0
1,25,5,0,0,0,1,15734.0
2,41,9,147,105,0,0,97387.0
1,49,9,11848,1391,0,0,87868.0
1,23,9,229,2156,0,0,31806.0
1,23,9,250,274,0,0,66406.0
2,12,9,45,45,0,0,33434.0
1,43,9,35,130,0,0,67644.0
2,45,9,28,0,0,1,33621.0
1,23,9,241,382,0,0,20841.0
1,23,9,221,1651,0,0,120845.0
2,12,9,44,44,0,0,6728.0
2,12,9,43,71,0,0,20228.0
1,20,5,0,0,0,1,114619.0
1,23,9,333,106411,0,0,124962.0
1,42,5,0,0,0,1,119840.0
1,23,1,0,0,0,1,16994.0
1,23,9,292,188,0,0,105257.0
1,20,9,6601,0,0,0,23644.0
1,45,5,0,0,0,1,69751.0
1,49,9,1186,339,0,0,57370.0
1,23,9,240,265,0,0,80363.0
1,23,9,226,327,0,0,59230.0
1,55,5,0,0,0,1,77966.0
1,23,9,293,12893,0,0,92419.0
1,23,9,233,2538,0,0,89227.0
1,24,5,0,0,0,1,58590.0
1,45,1,0,0,0,1,56674.0
1,20,9,334,0,0,0,11550.0
1,23,9,224,4073,0,0,17069.0
2,12,9,45,75,0,0,5079.0
1,45,5,0,0,0,1,40466.0
2,12,9,44,71,0,0,94499.0
0,15,9,1032,0,0,0,64551.0
2,12,9,44,44,0,0,76953.0
1,45,5,0,0,0,1,11805.0
1,23,9,143,21435,0,0,81312.0
1,49,9,938,328,0,0,84912.0
0,14,9,8,0,0,1,27306.0
1,23,1,0,0,0,1,50777.0
1,53,1,0,0,0,1,110931.0
2,45,9,28,0,0,1,62303.0
1,49,9,2395,360,0,0,41327.0
1,23,9,245,2662,0,0,11185.0
1,5,5,0,0,0,1,18914.0
1,23,9,235,1694,0,0,23052.0
1,19,9,1486,4152,0,0,22145.0
1,23,9,211,3355,0,0,73114.0
2,12,9,43,43,0,0,82419.0
1,16,1,0,0,0,1,86031.0
1,23,9,169,6236,0,0,78846.0
1,5,5,0,0,0,1,21720.0
1,49,9,1979,332,0,0,78531.0
1,23,9,331,483,0,0,72077.0
1,20,9,95,0,0,0,47147.0
1,45,5,0,0,0,1,49111.0
1,17,5,0,0,0,1,103322.0
1,23,9,226,2471,0,0,12498.0
1,23,9,254,2631,0,0,122657.0
1,23,9,304,3222,0,0,12934.0
2,41,9,147,105,0,0,70129.0
1,18,5,0,0,0,1,50179.0
1,23,9,285,7203,0,0,110901.0
1,23,9,299,1380,0,0,52219.0
1,49,9,1307,331,0,0,3533.0
1,20,9,14189,0,0,0,55835.0
1,62,5,0,0,0,1,55663.0
0,15,9,1480,0,0,0,71425.0
2,12,9,46,134,0,0,51444.0
1,23,1,0,0,0,1,77230.0
1,63,5,0,0,0,1,23362.0
1,49,9,1188,333,0,0,13306.0
1,23,9,218,726,0,0,57850.0
1,49,9,2968,328,0,0,77007.0
1,20,9,3909,0,0,0,115994.0
0,14,9,8,0,0,1,81977.0
0,15,9,1032,0,0,0,119351.0
1,55,6,199,1341,0,0,35063.0
1,23,9,197,1134,0,0,101362.0
1,45,5,0,0,0,1,117016.0
1,4,5,0,0,0,1,15946.0
1,62,5,0,0,0,1,55846.0
1,55,9,2327,418769,0,0,33702.0
1,23,9,327,2129,0,0,44888.0
1,23,5,0,0,0,1,106777.0
1,23,9,293,259,0,0,24220.0
0,14,9,30,0,0,0,98620.0
2,41,9,147,105,0,0,90452.0
1,9,5,0,0,0,1,14049.0
1,23,9,312,2507,0,0,3174.0
1,2,5,0,0,0,1,121320.0
1,61,5,0,0,0,1,36238.0
1,7,5,0,0,0,1,112850.0
1,8,5,0,0,0,1,113163.0
1,55,5,0,0,0,1,50013.0
0,15,9,1032,0,0,0,60392.0
1,23,9,210,481,0,0,47784.0
1,45,5,0,0,0,1,26037.0
1,23,9,200,955,0,0,6972.0
1,4,5,0,0,0,1,60780.0
0,14,9,18,0,0,1,90865.0
1,49,9,1020,326,0,0,7077.0
1,17,5,0,0,0,1,30735.0
2,12,9,44,126,0,0,55889.0
1,23,9,302,2698,0,0,68131.0
0,15,9,1032,0,0,0,64591.0
1,45,5,0,0,0,1,13502.0
1,45,5,0,0,0,1,44411.0
1,19,2,0,0,0,1,75746.0
1,23,1,0,0,0,1,109919.0
1,9,5,0,0,0,1,30171.0
1,45,1,0,0,0,1,26482.0
1,45,1,0,0,0,1,47182.0
1,55,9,590,19589,0,0,86235.0
1,20,5,0,0,0,1,90943.0
1,48,4,0,0,0,1,109772.0
1,41,4,0,1309937401,0,0,62233.0
1,20,9,4753,0,0,0,107142.0
1,23,9,316,426,0,0,26863.0
1,23,9,226,2040,0,0,44944.0
2,12,9,29,29,0,0,69001.0
1,19,9,285,903,0,0,38723.0
1,45,1,0,0,0,1,33333.0
1,23,9,213,7765,0,0,87857.0
1,45,5,0,0,0,1,64890.0
1,45,5,0,0,0,1,40338.0
1,45,1,0,0,0,1,32385.0
2,12,9,46,80,0,0,18536.0
1,45,5,0,0,0,1,47060.0
1,23,9,324,1918,0,0,30512.0
1,45,5,0,0,0,1,44653.0
1,33,1,0,0,0,1,107605.0
1,23,9,208,2113,0,0,72995.0
1,39,5,0,0,0,1,62686.0
1,23,9,212,808,0,0,87900.0
2,12,9,45,129,0,0,89191.0
1,32,1,0,0,0,1,7303.0
1,23,7,203,0,0,0,125092.0
1,20,9,2194619,0,0,0,805.0
1,58,5,0,0,0,1,105766.0
1,45,5,0,0,0,1,50365.0
1,23,9,204,2807,0,0,78584.0
1,23,9,205,5435,0,0,90954.0
1,23,5,0,0,0,1,86756.0
1,23,9,295,337,0,0,85396.0
1,49,9,1403,337,0,0,18183.0
1,49,9,1973,321,0,0,58827.0
1,23,9,278,9263,0,0,98364.0
2,12,9,42,72,0,0,20106.0
1,45,5,0,0,0,1,107363.0
0,15,9,1032,0,0,0,98708.0
1,23,9,310,7339,0,0,115999.0
1,23,9,54540,8314,0,0,93788.0
1,10,2,0,0,0,1,85333.0
0,14,9,8,0,0,1,97467.0
0,14,9,8,0,0,1,115920.0
2,12,9,45,110,0,0,53651.0
2,41,9,147,105,0,0,46911.0
1,23,9,213,1721,0,0,54241.0
1,13,5,0,0,0,1,78325.0
1,45,1,0,0,0,1,43920.0
0,60,9,132,0,0,0,69269.0
1,20,9,1010,0,0,0,107179.0
0,14,9,8,0,0,1,22869.0
1,49,9,934,335,0,0,125844.0
1,23,9,190,12149,0,0,107766.0
2,12,9,44,84,0,0,121557.0
0,15,9,520,0,0,0,95254.0
0,14,9,8,0,0,1,98843.0
1,55,9,243,1604,0,0,46462.0
0,15,9,1032,0,0,0,58667.0
1,7,5,0,0,0,1,48525.0
2,12,9,42,127,0,0,102340.0
1,55,9,125,9979,0,0,82947.0
1,23,9,207,1244,0,0,113228.0
1,23,9,258,1548,0,0,49946.0
1,36,4,0,0,0,1,23173.0
1,49,9,1171,332,0,0,18524.0
1,20,9,12,0,0,0,48698.0
1,30,5,0,0,0,1,57797.0
1,49,9,2578,369,0,0,48266.0
1,23,9,140,29859,0,0,116939.0
1,26,1,0,0,0,1,69429.0
2,45,9,1,0,0,1,96655.0
1,11,1,0,0,0,1,56835.0
1,64,5,0,0,0,1,90254.0
1,45,5,0,0,0,1,40630.0
1,23,9,255,2226,0,0,46229.0
0,15,9,520,0,0,0,111894.0
1,23,9,215,4320,0,0,51079.0
0,60,9,181,0,0,0,38532.0
1,45,1,0,0,0,1,55385.0
2,12,9,44,132,0,0,55984.0
1,49,9,732,327,0,0,67884.0
1,51,1,0,0,0,1,115722.0
1,45,1,0,0,0,1,87241.0
2,12,9,33,88,0,0,61487.0
1,41,1,0,0,0,1,65634.0
1,20,9,641,0,0,0,94535.0
2,45,9,105,146,0,0,119280.0
1,20,9,15876,0,0,0,43271.0
0,14,9,18,0,0,1,3944.0
1,49,9,1956,480,0,0,88174.0
1,45,5,0,0,0,1,44831.0
2,41,9,147,105,0,0,70586.0
1,45,1,0,0,0,1,4339.0
1,8,5,0,0,0,1,5101.0
1,61,5,0,0,0,1,40778.0
1,23,9,292,44237,0,0,31214.0
1,45,5,0,0,0,1,99626.0
1,20,6,20440,0,0,0,43007.0
1,45,5,0,0,0,1,10633.0
2,12,9,44,78,0,0,32876.0
1,23,9,300,1400,0,0,23411.0
2,41,9,147,105,0,0,10557.0
1,23,9,265,279,0,0,110922.0
1,45,5,0,0,0,1,13173.0
1,23,9,295,770,0,0,8971.0
1,32,5,0,0,0,1,24811.0
1,23,9,322,998,0,0,37820.0
1,18,5,0,0,0,1,69325.0
2,12,9,44,115,0,0,83721.0
1,23,9,316,268,0,0,107240.0
1,45,5,0,0,0,1,40306.0
0,15,9,1480,0,0,0,117093.0
1,49,9,2886,330,0,0,50463.0
2,41,9,146,105,0,0,61783.0
1,41,9,2056,0,0,0,50164.0
0,15,9,1032,0,0,0,46614.0
2,41,9,113,0,0,0,113355.0
1,23,9,216,458,0,0,27150.0
0,15,9,1032,0,0,0,35870.0
1,49,9,1015,278,0,0,79690.0
2,12,9,36,0,0,0,82442.0
1,45,5,0,0,0,1,74184.0
1,45,5,0,0,0,1,71510.0
1,23,9,237,454,0,0,34623.0
1,23,9,257,770,0,0,36856.0
1,23,9,212,318,0,0,51804.0
1,23,9,348,354,0,0,122016.0
1,45,1,0,0,0,1,35203.0
1,23,9,298,669,0,0,88294.0
1,23,9,239,10378,0,0,38959.0
2,40,9,48,48,0,0,24224.0
1,45,5,0,0,0,1,96888.0
1,23,4,46152,7300,0,0,53447.0
1,20,9,383,0,0,0,91134.0
1,45,1,0,0,0,1,94455.0
1,20,9,11376,0,0,0,76497.0
1,23,9,185,584,0,0,32628.0
1,61,5,0,0,0,1,6763.0
1,23,9,342,3793,0,0,95495.0
1,49,9,921,327,0,0,114746.0
1,23,9,381,1139,0,0,9812.0
1,20,5,0,0,0,1,72494.0
2,12,9,43,125,0,0,99695.0
1,20,9,59,0,0,0,106173.0
2,12,9,45,111,0,0,76400.0
1,23,9,203,578,0,0,642.0
1,52,5,0,0,0,1,24221.0
1,49,9,2104,499,0,0,113957.0
1,38,5,0,0,0,1,55084.0
2,12,9,32,0,0,0,38344.0
1,23,9,233,1931,0,0,48735.0
1,45,5,0,0,0,1,112469.0
1,24,5,0,0,0,1,25657.0
2,41,9,145,105,0,0,77101.0
1,23,9,261,345,0,0,67877.0
1,55,5,0,0,0,1,122565.0
1,32,5,0,0,0,1,78115.0
1,23,5,0,0,0,1,21121.0
1,45,5,0,0,0,1,54360.0
1,23,9,307,635,0,0,10357.0
1,49,9,2083,378,0,0,123299.0
1,17,2,0,0,0,1,36308.0
1,55,9,112,847,0,0,21445.0
1,23,9,323,343,0,0,22725.0
1,45,5,0,0,0,1,86074.0
1,30,1,0,0,0,1,124669.0
0,14,9,8,0,0,1,101357.0
1,45,1,0,0,0,1,82391.0
2,12,9,46,71,0,0,17148.0
1,23,9,199,2710,0,0,104274.0
1,23,9,322,4083,0,0,90855.0
1,29,1,0,0,0,1,19687.0
2,41,9,146,105,0,0,4489.0
1,23,9,294,1600,0,0,23823.0
1,23,9,252,24356,0,0,97859.0
2,41,9,146,105,0,0,68591.0
1,23,9,227,484,0,0,22535.0
1,23,9,244,1469,0,0,78617.0
1,45,5,0,0,0,1,24305.0
0,14,9,8,0,0,1,64483.0
1,23,9,339,4350,0,0,80700.0
1,49,9,1999,327,0,0,104796.0
1,23,9,291,1792,0,0,12507.0
1,13,5,0,0,0,1,111907.0
1,18,9,6,0,0,0,61333.0
1,23,5,0,0,0,1,26475.0
0,15,9,1032,0,0,0,100352.0
1,19,2,0,61,0,1,12649.0
1,45,5,0,0,0,1,80572.0
1,45,1,0,0,0,1,48907.0
1,23,9,285,1994,0,0,110150.0
1,20,9,2191,0,0,0,101533.0
1,45,5,0,0,0,1,88948.0
1,49,9,902,337,0,0,67708.0
1,49,9,0,82,0,1,81772.0
1,64,5,0,0,0,1,19626.0
1,23,9,274,1233,0,0,70927.0
1,45,5,0,0,0,1,9448.0
1,49,9,573,283,0,0,5514.0
1,17,5,0,0,0,1,122788.0
1,45,1,0,0,0,1,98778.0
1,37,1,0,0,0,1,25708.0
1,45,5,0,0,0,1,64776.0
1,23,9,335,482,0,0,85724.0
1,41,9,3775,0,0,0,34678.0
0,14,9,8,0,0,1,91026.0
1,23,1,0,0,0,1,40836.0
1,23,9,228,3453,0,0,39350.0
1,20,9,1830,0,0,0,115024.0
1,23,9,337,1443,0,0,55313.0
2,12,9,43,70,0,0,35269.0
1,18,9,9,139,0,0,63023.0
2,12,9,42,42,0,0,114455.0
1,45,1,0,0,0,1,11674.0
1,45,1,0,0,0,1,616.0
2,45,9,105,145,0,0,3879.0
1,45,5,0,0,0,1,72849.0
1,45,5,0,0,0,1,89348.0
1,61,5,0,0,0,1,26176.0
1,31,5,0,0,0,1,55565.0
1,23,9,326,1502,0,0,110530.0
1,23,9,311,18050,0,0,113190.0
1,41,4,1,0,0,1,87898.0
1,6,5,0,0,0,1,39976.0
1,53,5,0,0,0,1,125594.0
1,55,9,257,7126,0,0,96131.0
1,23,9,339,2406,0,0,25423.0
1,49,9,1162,331,0,0,38687.0
1,16,5,0,0,0,1,72688.0
1,32,5,0,0,0,1,100337.0
1,23,9,240,535,0,0,51727.0
1,23,9,217,1092,0,0,77773.0
1,23,9,292,1108,0,0,15252.0
2,12,9,44,78,0,0,31877.0
1,25,1,0,0,0,0,24869.0
1,23,9,225,2043,0,0,37881.0
1,23,9,218,3183,0,0,106802.0
1,23,9,296,5565,0,0,53821.0
1,45,2,0,0,0,1,5217.0
1,43,9,35,130,0,0,74122.0
1,25,1,0,0,0,0,24098.0
1,10,5,0,0,0,1,98532.0
1,23,9,304,2698,0,0,18419.0
1,23,9,219,356,0,0,115821.0
1,45,5,0,0,0,1,56614.0
1,23,9,206,261,0,0,63420.0
1,23,9,291,280,0,0,55122.0
1,54,5,0,0,0,1,81501.0
1,18,9,9,0,0,0,64111.0
1,23,9,208,5098,0,0,74503.0
1,45,5,0,0,0,1,109213.0
2,12,9,35,0,0,0,92095.0
1,25,1,0,0,0,0,65130.0
2,12,9,45,125,0,0,70052.0
1,49,9,1283,439,0,0,74258.0
1,23,9,299,1112,0,0,41823.0
1,23,9,214,1400,0,0,76501.0
1,23,9,290,392,0,0,28937.0
0,14,9,8,0,0,1,104649.0
2,12,9,43,107,0,0,72527.0
1,23,5,0,0,0,1,33900.0
2,45,9,1,0,0,1,92322.0
1,23,9,205,173,0,0,90561.0
1,34,1,0,0,0,1,9615.0
1,18,9,8,142,0,0,85402.0
0,14,9,8,0,0,1,101641.0
1,23,9,220,7662,0,0,85200.0
1,23,9,285,7203,0,0,79619.0
2,12,9,45,125,0,0,65917.0
1,45,5,0,0,0,1,123901.0
0,15,9,520,0,0,0,37928.0
2,41,9,146,105,0,0,112451.0
1,45,1,0,0,0,1,119160.0
1,23,9,216,1726,0,0,4426.0
1,23,9,249,8985,0,0,40221.0
1,4,9,10,37,0,0,58348.0
1,18,5,0,0,0,1,114768.0
1,45,5,0,0,0,1,81838.0
1,20,9,16115,0,0,0,22776.0
1,64,5,0,0,0,1,13565.0
1,23,9,215,260,0,0,103854.0
1,45,5,0,0,0,1,45385.0
1,50,1,0,0,0,1,76383.0
1,50,5,0,0,0,1,69627.0
1,23,9,341,786,0,0,1231.0
0,14,9,8,0,0,1,85109.0
1,23,9,215,1190,0,0,20373.0
1,45,5,0,0,0,1,83398.0
1,45,5,0,0,0,1,83886.0
1,23,9,314,1165,0,0,101159.0
1,19,9,311,1052,0,0,85248.0
2,12,9,44,123,0,0,121687.0
2,41,9,516,4,0,0,31911.0
1,38,1,0,0,0,1,35895.0
1,45,1,0,0,0,1,86777.0
2,12,9,44,130,0,0,90533.0
1,23,9,219,1681,0,0,58522.0
1,45,5,0,0,0,1,73002.0
1,9,5,0,0,0,1,107593.0
1,55,5,0,0,0,1,14981.0
0,14,9,8,0,0,1,19955.0
1,45,5,0,0,0,1,63531.0
1,55,9,489,3368,0,0,41891.0
1,24,1,0,0,0,0,95036.0
1,49,9,914,327,0,0,64432.0
1,21,5,0,0,0,1,109300.0
1,30,5,0,0,0,1,104169.0
2,45,9,1,0,0,1,121558.0
1,61,5,0,0,0,1,28985.0
1,45,5,0,0,0,1,99523.0
1,45,5,0,0,0,1,5052.0
1,45,5,0,0,0,1,77591.0
2,45,9,1,0,0,1,58455.0
1,45,5,0,0,0,1,77530.0
0,15,9,1032,0,0,0,14504.0
1,58,5,0,0,0,1,19531.0
1,49,9,753,335,0,0,104883.0
1,45,5,0,0,0,1,114179.0
1,41,1,0,0,0,1,3082.0
1,23,9,195,292,0,0,27959.0
1,5,4,0,0,0,1,44054.0
1,28,5,0,0,0,1,121845.0
1,23,9,201,546,0,0,112618.0
1,16,5,0,0,0,1,81763.0
1,23,9,308,1018,0,0,23964.0
1,23,9,300,308,0,0,114981.0
1,49,9,1557,333,0,0,87103.0
1,19,9,324,1054,0,0,105832.0
0,14,9,8,0,0,1,123851.0
2,12,9,36,0,0,0,109079.0
1,23,9,340,2431,0,0,119946.0
1,23,1,0,0,0,1,81645.0
1,23,9,200,4091,0,0,105550.0
1,23,9,316,1432,0,0,72393.0
1,23,9,195,24572,0,0,49674.0
1,19,2,0,0,0,1,44397.0
1,20,9,15876,0,0,0,52630.0
1,23,9,292,1569,0,0,117762.0
0,15,9,1032,0,0,0,92787.0
2,41,9,146,105,0,0,3903.0
1,55,5,0,0,0,1,90620.0
1,19,9,1507,4152,0,0,26520.0
1,23,9,233,3819,0,0,49786.0
1,45,1,0,0,0,1,61865.0
1,23,9,260,3269,0,0,95595.0
1,23,9,208,3373,0,0,54015.0
1,23,9,295,2649,0,0,124944.0
1,22,5,0,0,0,1,123630.0
2,12,9,44,134,0,0,86032.0
1,45,1,0,0,0,1,91931.0
1,10,5,0,0,0,1,105690.0
1,23,9,152,5476,0,0,13382.0
1,23,9,260,2972,0,0,98804.0
1,45,5,0,0,0,1,38624.0
2,12,9,44,84,0,0,28737.0
1,23,9,284,2251,0,0,19734.0
1,21,5,0,0,0,1,113951.0
1,23,9,304,1463,0,0,54548.0
2,41,9,145,105,0,0,71023.0
1,45,5,0,0,0,1,20766.0
1,20,9,7012,0,0,0,85329.0
1,45,5,0,0,0,1,21886.0
1,23,9,281,776,0,0,75525.0
1,23,9,216,410,0,0,43148.0
1,27,5,0,0,0,1,17594.0
1,23,9,292,296,0,0,61485.0
2,41,9,147,105,0,0,86429.0
1,55,5,0,0,0,1,87740.0
1,23,1,0,0,0,1,71722.0
1,49,9,1633,337,0,0,78478.0
1,45,10,0,0,0,1,119411.0
2,41,9,516,4,0,0,56046.0
0,15,9,1032,0,0,0,97913.0
1,23,9,317,1617,0,0,56155.0
1,45,5,0,0,0,1,20660.0
1,49,9,2221,330,0,0,19715.0
1,16,5,0,0,0,1,95247.0
1,6,5,0,0,0,1,20794.0
1,23,9,214,895,0,0,87413.0
1,23,9,244,6403,0,0,118547.0
1,23,9,242,464,0,0,33486.0
1,2,5,0,0,0,1,112652.0
1,45,5,0,0,0,1,45197.0
1,23,9,300,8875,0,0,108592.0
2,41,9,146,105,0,0,40465.0
1,45,5,0,0,0,1,20808.0
2,12,9,44,72,0,0,55666.0
1,23,5,0,0,0,1,54812.0
1,20,9,491,0,0,0,3188.0
1,20,9,26408,0,0,0,73689.0
1,20,9,1699,0,0,0,7294.0
1,0,2,1308,5642,0,0,37481.0
1,45,5,0,0,0,1,63099.0
2,40,9,48,48,0,0,88363.0
1,45,5,0,0,0,1,112137.0
1,34,5,0,0,0,1,28430.0
1,45,5,0,0,0,1,11191.0
1,23,9,307,237,0,0,17821.0
1,37,5,0,0,0,1,72767.0
1,23,9,345,10773,0,0,26318.0
1,23,1,0,0,0,1,19345.0
1,55,9,697,94872,0,0,75655.0
1,23,9,203,749,0,0,70544.0
1,23,1,0,0,0,1,12101.0
1,45,5,0,0,0,1,51919.0
2,45,9,28,0,0,1,17615.0
2,41,9,516,4,0,0,109862.0
1,55,5,0,0,0,1,52542.0
1,20,5,0,0,0,1,116983.0
1,19,9,890,2586,0,0,77387.0
1,45,1,0,0,0,1,80113.0
1,23,9,304,2239,0,0,104322.0
1,23,9,303,1380,0,0,115178.0
1,48,5,0,0,0,1,106840.0
1,34,5,0,0,0,1,32370.0
1,45,5,0,0,0,1,95622.0
1,23,9,242,2278,0,0,46331.0
1,23,9,336,714,0,0,31516.0
1,45,5,0,0,0,1,121050.0
2,45,9,28,0,0,1,55148.0
1,28,1,0,0,0,1,105069.0
1,23,9,170,10105,0,0,109262.0
1,23,9,284,170,0,0,21426.0
1,23,9,350,1931,0,0,112956.0
1,49,5,0,0,0,1,115005.0
1,23,9,212,1532,0,0,75242.0
1,23,9,238,390,0,0,121794.0
1,20,9,495,0,0,0,121833.0
1,45,5,0,0,0,1,96463.0
2,45,9,105,147,0,0,31535.0
1,20,9,501760,0,0,0,14365.0
2,12,9,43,43,0,0,88281.0
2,12,9,44,76,0,0,114068.0
1,45,1,0,0,0,1,45324.0
1,23,1,0,0,0,1,37907.0
1,23,9,226,12139,0,0,13690.0
1,49,9,1039,335,0,0,80873.0
1,49,9,2710,333,0,0,36896.0
2,12,9,44,134,0,0,114604.0
1,23,9,229,1445,0,0,19733.0
1,45,1,0,0,0,1,8026.0
1,23,9,236,28549,0,0,100761.0
1,50,5,0,0,0,1,362.0
1,49,9,12161,1551,0,0,35611.0
1,5,1,0,0,0,1,13961.0
1,41,5,0,0,0,1,61048.0
1,41,4,1,0,0,1,37361.0
1,27,1,0,0,0,1,13804.0
1,29,5,0,0,0,1,85667.0
1,45,1,0,0,0,1,95713.0
0,15,9,1032,0,0,0,28035.0
1,23,6,259,13140,0,0,73760.0
1,23,9,186,841,0,0,95658.0
1,5,5,0,0,0,1,85659.0
1,23,9,344,531,0,0,53852.0
1,49,4,0,0,0,1,20280.0
1,6,1,0,0,0,1,91344.0
1,2,5,0,0,0,1,19903.0
1,23,1,0,0,0,1,98107.0
1,23,9,317,300,0,0,48035.0
1,23,9,260,9534,0,0,35198.0
1,23,9,210,360,0,0,5598.0
1,45,1,0,0,0,1,113431.0
1,23,9,279,757,0,0,86832.0
1,45,5,0,0,0,1,4234.0
1,23,9,274,2592,0,0,22658.0
2,12,9,45,136,0,0,46349.0
2,45,9,1,0,0,1,29869.0
1,23,9,195,3712,0,0,106993.0
1,11,4,0,0,0,1,30389.0
1,23,9,345,7396,0,0,54759.0
1,37,5,0,0,0,1,17571.0
1,23,9,235,608,0,0,114750.0
1,5,5,0,0,0,1,103906.0
1,23,9,160,193,0,0,111685.0
1,23,9,328,243,0,0,87350.0
2,12,9,45,45,0,0,45907.0
1,23,9,302,2507,0,0,53232.0
1,2,5,0,0,0,1,16006.0
2,45,9,1,0,0,1,72127.0
1,31,5,0,0,0,1,7967.0
2,12,9,45,111,0,0,47759.0
1,20,9,4892,0,0,0,25526.0
2,12,9,34,34,0,0,9320.0
1,2,5,0,0,0,1,62482.0
2,12,9,42,42,0,0,100763.0
1,20,5,0,0,0,1,115407.0
1,23,9,332,405,0,0,15249.0
1,27,1,0,0,0,1,97458.0
1,33,5,0,0,0,1,125507.0
1,20,9,7196,0,0,0,79527.0
1,49,9,1102,324,0,0,48341.0
1,23,9,227,1456,0,0,81472.0
1,25,5,0,0,0,1,10642.0
1,20,9,172,0,0,0,15025.0
1,23,9,214,7483,0,0,27116.0
2,45,9,105,147,0,0,79866.0
1,34,5,0,0,0,1,3893.0
1,23,9,284,10352,0,0,145.0
1,33,5,0,0,0,1,9171.0
1,21,5,0,0,0,1,43370.0
1,19,9,287,903,0,0,14131.0
1,23,9,216,420,0,0,75581.0
2,41,9,516,4,0,0,67377.0
1,45,1,0,0,0,1,84135.0
1,61,5,0,0,0,1,63112.0
1,21,5,0,0,0,1,117658.0
1,23,9,309,2238,0,0,17106.0
1,23,9,301,3654,0,0,12384.0
0,14,9,8,0,0,1,103937.0
1,49,9,655,334,0,0,121343.0
1,63,5,0,0,0,1,75870.0
1,23,9,287,1509,0,0,16908.0
1,45,5,0,0,0,1,23943.0
1,49,9,1643,522,0,0,95786.0
1,64,5,0,0,0,1,71413.0
1,23,9,239,2428,0,0,78335.0
1,23,9,243,475,0,0,54936.0
1,18,5,0,0,0,1,61969.0
1,45,1,0,0,0,1,40537.0
1,23,9,212,774,0,0,31599.0
1,23,9,197,313,0,0,31340.0
2,12,9,45,150,0,0,46573.0
1,63,4,1,0,0,1,55250.0
2,41,9,147,105,0,0,1670.0
1,45,1,0,0,0,1,62879.0
1,45,5,0,0,0,1,91719.0
1,23,9,227,269,0,0,123789.0
1,23,9,284,255,0,0,77092.0
2,12,9,45,45,0,0,48904.0
1,23,9,333,458,0,0,47489.0
1,49,9,1298,335,0,0,66910.0
0,15,9,1480,0,0,0,13119.0
2,45,9,105,146,0,0,87705.0
1,23,9,279,1115,0,0,86537.0
1,23,9,212,4405,0,0,14723.0
1,23,5,0,0,0,1,68415.0
1,61,5,0,0,0,1,21591.0
1,20,5,0,0,0,1,113967.0
2,12,9,42,68,0,0,34938.0
0,15,9,1032,0,0,0,41179.0
1,54,1,0,0,0,1,22419.0
2,45,9,1,0,0,1,86467.0
1,45,10,0,0,0,1,99616.0
1,25,5,0,0,0,1,35932.0
1,23,1,0,0,0,1,104641.0
1,23,9,407,53508,0,0,113467.0
1,45,5,0,0,0,1,109957.0
1,23,9,247,65916,0,0,49775.0
2,45,9,28,0,0,1,34796.0
1,23,9,233,891,0,0,14752.0
2,45,9,207,0,0,0,100904.0
1,49,9,1421,405,0,0,56427.0
2,12,9,46,46,0,0,31428.0
1,23,9,246,1842,0,0,30623.0
1,23,9,312,1611,0,0,87761.0
1,23,9,305,3797,0,0,29284.0
2,41,9,146,105,0,0,68661.0
1,55,5,0,0,0,1,70753.0
1,23,9,143,585,0,0,50557.0
1,41,4,1,0,0,1,33706.0
1,18,5,0,0,0,1,41085.0
1,33,5,0,0,0,1,73568.0
1,19,9,1458,4152,0,0,118276.0
1,49,9,1127,327,0,0,50628.0
1,45,5,0,0,0,1,119948.0
1,61,2,0,0,0,1,19801.0
1,45,5,0,0,0,1,119182.0
1,23,6,164,29200,0,0,8906.0
0,14,9,30,0,0,0,111371.0
1,45,5,0,0,0,1,87893.0
1,10,5,0,0,0,1,92373.0
1,45,5,0,0,0,1,28711.0
1,28,5,0,0,0,1,59876.0
1,45,5,0,0,0,1,23760.0
1,41,1,0,0,0,1,39916.0
1,20,9,59,0,0,0,48232.0
1,20,9,71,0,0,0,52042.0
2,12,9,46,138,0,0,14224.0
1,49,9,2261,332,0,0,22227.0
2,12,9,45,74,0,0,100275.0
1,2,4,0,0,0,1,122890.0
0,14,9,30,0,0,0,86561.0
1,30,5,0,0,0,1,39996.0
1,25,5,0,0,0,1,24432.0
1,23,9,327,4024,0,0,37444.0
1,50,1,0,0,0,1,66846.0
1,49,9,788,328,0,0,62473.0
1,45,10,0,0,0,1,108535.0
1,8,5,0,0,0,1,4296.0
0,14,9,8,0,0,1,17372.0
1,20,9,12,0,0,0,94452.0
1,5,5,0,0,0,1,38221.0
0,14,9,8,0,0,1,103668.0
0,14,9,8,0,0,1,111877.0
1,23,1,0,0,0,1,58859.0
1,45,5,0,0,0,1,12377.0
1,23,9,338,18918,0,0,72826.0
1,41,9,5135678,0,0,0,78000.0
1,23,9,228,547,0,0,11117.0
1,23,9,316,406,0,0,109981.0
0,14,9,8,0,0,1,58077.0
1,52,5,0,0,0,1,32777.0
1,23,9,222,802,0,0,55274.0
1,50,1,0,0,0,1,105772.0
1,27,5,0,0,0,1,22454.0
1,23,9,359,294,0,0,109688.0
1,41,1,0,0,0,1,104370.0
1,49,9,811,328,0,0,12242.0
1,55,5,0,0,0,1,104268.0
0,14,9,30,0,0,0,43523.0
1,23,9,318,8357,0,0,60791.0
1,23,9,199,8091,0,0,106809.0
1,23,9,323,601,0,0,22547.0
1,23,9,299,474,0,0,60171.0
1,23,9,241,415,0,0,86835.0
1,23,9,262,873,0,0,8749.0
1,23,9,307,470,0,0,32105.0
1,4,9,10,37,0,0,4306.0
1,49,9,631,333,0,0,79829.0
0,15,9,1032,0,0,0,68323.0
1,49,9,11149,923,0,0,106662.0
1,23,9,223,3707,0,0,113584.0
2,12,9,44,67,0,0,60023.0
1,23,1,0,0,0,1,64818.0
1,23,9,245,491,0,0,33777.0
1,23,9,236,2255,0,0,124083.0
1,23,9,316,293,0,0,92137.0
2,41,9,145,105,0,0,102314.0
1,23,9,286,7669,0,0,36906.0
2,12,9,45,45,0,0,109746.0
0,15,9,1032,0,0,0,41782.0
1,45,5,0,0,0,1,74223.0
2,45,9,105,147,0,0,952.0
1,23,9,316,626,0,0,71507.0
1,49,9,1209,336,0,0,6288.0
2,41,9,146,105,0,0,2903.0
1,23,9,272,477,0,0,87522.0
1,49,9,870,336,0,0,61617.0
2,45,9,100,0,0,0,110696.0
1,49,9,2215,436,0,0,45718.0
1,23,9,221,1600,0,0,69535.0
1,23,9,210,748,0,0,16533.0
1,45,5,0,0,0,1,19054.0
1,29,1,0,0,0,1,119143.0
1,45,1,0,0,0,1,47102.0
2,41,9,516,4,0,0,121220.0
1,23,9,192,9385,0,0,57301.0
1,23,9,306,303,0,0,115187.0
1,18,5,0,0,0,1,104263.0
1,23,9,290,3973,0,0,73367.0
1,23,9,256,9691,0,0,49825.0
1,8,5,0,0,0,1,119709.0
2,45,9,1,0,0,1,49045.0
1,23,1,0,0,0,1,56207.0
1,23,9,336,1197,0,0,91752.0
1,23,9,400,950,0,0,70424.0
0,14,9,8,0,0,1,104232.0
1,45,1,0,0,0,1,89963.0
1,23,9,235,2249,0,0,75857.0
2,45,9,28,0,0,1,80423.0
2,41,9,516,4,0,0,102528.0
1,25,5,0,0,0,1,1537.0
1,23,9,202,1078,0,0,52067.0
1,23,9,248,10556,0,0,122849.0
1,45,5,0,0,0,1,81451.0
1,11,5,0,0,0,1,59218.0
1,23,9,288,538,0,0,123086.0
1,23,9,218,434,0,0,62140.0
1,55,9,615,31623,0,0,109493.0
1,45,5,0,0,0,1,101660.0
1,51,5,0,0,0,1,50289.0
1,23,9,291,1193,0,0,75559.0
2,12,9,45,131,0,0,70897.0
2,12,9,46,139,0,0,28761.0
1,18,5,0,0,0,1,86630.0
1,23,9,221,3159,0,0,79423.0
1,19,9,306,1043,0,0,78159.0
1,23,9,229,564,0,0,99508.0
1,23,9,294,15376,0,0,83384.0
1,49,9,1000,326,0,0,29962.0
1,45,1,0,0,0,1,9041.0
2,12,9,34,94,0,0,65040.0
1,23,9,216,448,0,0,56177.0
1,6,5,0,0,0,1,5305.0
1,23,9,192,4500,0,0,8970.0
2,45,9,207,0,0,0,26662.0
1,31,5,0,0,0,1,22747.0
1,24,5,0,0,0,1,96851.0
1,45,5,0,0,0,1,114661.0
0,14,9,8,0,0,1,23692.0
2,12,9,44,44,0,0,22720.0
1,20,9,501760,0,0,0,14570.0
1,24,5,0,0,0,1,10180.0
1,45,1,0,0,0,1,99503.0
2,45,9,1,0,0,1,59804.0
0,60,9,78,0,0,0,3404.0
2,45,9,1,0,0,1,51767.0
1,20,5,0,0,0,1,124653.0
1,20,5,0,0,0,1,52337.0
1,23,9,303,2239,0,0,82528.0
0,14,9,8,0,0,1,51495.0
1,23,9,247,3905,0,0,26002.0
1,23,9,249,5691,0,0,24999.0
1,25,5,0,0,0,1,6155.0
1,7,5,0,0,0,1,88342.0
1,23,9,252,3791,0,0,110758.0
0,14,9,8,0,0,1,250.0
1,45,5,0,0,0,1,40098.0
1,45,5,0,0,0,1,65832.0
1,23,9,232,806,0,0,93523.0
2,41,9,145,105,0,0,112288.0
1,23,9,360,189,0,0,93422.0
1,23,9,189,15875,0,0,90420.0
1,41,4,1,0,0,1,20258.0
1,23,9,215,1425,0,0,3139.0
1,8,5,0,0,0,1,39246.0
1,23,9,191,940,0,0,107480.0
1,45,4,0,0,0,1,85915.0
1,26,1,0,0,0,1,7036.0
1,23,9,198,7003,0,0,10050.0
1,23,9,335,5381,0,0,44988.0
1,41,4,0,0,0,1,5622.0
1,51,5,0,0,0,1,61909.0
1,20,9,3746,0,0,0,83007.0
2,41,9,146,105,0,0,42985.0
1,49,9,1268,370,0,0,93211.0
1,23,9,241,1556,0,0,1675.0
1,49,9,1188,339,0,0,93273.0
1,23,9,233,279,0,0,84158.0
1,23,9,231,659,0,0,119481.0
0,57,9,564,0,0,0,91859.0
2,41,9,146,105,0,0,18247.0
1,23,9,219,1769,0,0,91569.0
1,22,5,0,0,0,1,83021.0
1,45,1,0,0,0,1,53572.0
1,23,9,275,37865,0,0,66053.0
1,45,1,0,0,0,1,21733.0
1,20,9,334,0,0,0,96976.0
1,45,5,0,0,0,1,8795.0
1,49,5,0,0,0,1,113178.0
1,49,5,0,0,0,1,26849.0
1,19,2,0,0,0,1,85168.0
1,45,5,0,0,0,1,50549.0
2,12,9,31,0,0,0,84610.0
1,13,5,0,0,0,1,22503.0
2,45,9,105,147,0,0,54627.0
1,4,9,10,39,0,0,20996.0
1,24,5,0,0,0,1,97267.0
1,23,9,246,1718,0,0,1990.0
1,45,1,0,0,0,1,103896.0
1,23,9,297,1334,0,0,61470.0
1,45,5,0,0,0,1,17316.0
0,14,9,8,0,0,1,117945.0
1,23,1,0,0,0,1,108152.0
1,23,9,298,1075,0,0,80547.0
1,23,9,319,2481,0,0,48910.0
1,20,9,71,0,0,0,100643.0
2,45,9,215,0,0,0,88073.0
2,12,9,45,45,0,0,35612.0
1,45,5,0,0,0,1,9.0
1,21,5,0,0,0,1,117553.0
2,12,9,89,0,0,0,32734.0
1,23,9,248,3299,0,0,122693.0
2,12,9,43,71,0,0,95493.0
1,64,1,0,0,0,1,88968.0
1,20,5,0,0,0,1,95939.0
1,45,1,0,0,0,1,50454.0
1,8,5,0,0,0,1,92834.0
2,41,9,145,105,0,0,111450.0
1,45,4,1,0,0,1,114085.0
1,45,4,0,0,0,1,118154.0
1,38,5,0,0,0,1,117755.0
1,20,9,5319,0,0,0,87075.0
2,12,9,90,33,0,0,75180.0
1,45,1,0,0,0,1,53304.0
2,12,9,73,44,0,0,3967.0
1,23,9,215,26526,0,0,5863.0
1,45,5,0,0,0,1,40407.0
1,23,9,255,150,0,0,56844.0
1,23,9,504,10261,0,0,41489.0
1,20,9,8325,0,0,0,111005.0
1,23,9,184,3376,0,0,82676.0
2,12,9,46,75,0,0,111467.0
1,29,5,0,0,0,1,23329.0
1,23,9,235,261,0,0,68579.0
1,23,9,248,2224,0,0,19615.0
1,44,5,0,0,0,1,17529.0
1,23,9,333,259,0,0,72755.0
1,34,5,0,0,0,1,109437.0
2,12,9,44,131,0,0,54394.0
1,45,1,0,0,0,1,51540.0
1,26,5,0,0,0,1,27644.0
1,23,9,213,9879,0,0,118392.0
1,52,2,0,0,0,1,55655.0
1,49,9,697,327,0,0,79194.0
1,23,9,309,12911,0,0,112673.0
1,23,9,252,1377,0,0,58277.0
1,23,0,0,0,0,1,101203.0
1,62,5,0,0,0,1,21690.0
2,40,9,48,48,0,0,40907.0
1,23,9,220,45263,0,0,36098.0
1,45,5,0,0,0,1,1888.0
0,15,9,30,0,0,0,95469.0
2,45,9,1,0,0,1,24009.0
1,45,5,0,0,0,1,93369.0
1,23,9,275,1204,0,0,39796.0
1,20,5,0,0,0,1,105060.0
1,23,9,214,392,0,0,80566.0
1,49,9,862,480,0,0,113936.0
1,23,9,231,241,0,0,107616.0
1,45,5,0,0,0,1,99908.0
1,55,5,0,0,0,1,54771.0
0,14,9,8,0,0,1,41335.0
1,23,9,310,267,0,0,26347.0
1,23,5,0,0,0,1,51774.0
1,23,9,251,870,0,0,3892.0
0,15,9,1032,0,0,0,90038.0
2,41,9,146,105,0,0,29734.0
1,45,1,0,0,0,1,50471.0
1,23,9,346,11317,0,0,32288.0
0,14,9,8,0,0,1,69890.0
1,45,5,0,0,0,1,60768.0
2,12,9,44,142,0,0,28517.0
1,45,5,0,0,0,1,18635.0
2,45,9,28,0,0,1,22308.0
2,45,9,28,0,0,1,109985.0
1,21,5,0,0,0,1,81927.0
2,12,9,46,46,0,0,35219.0
1,9,5,0,0,0,1,73227.0
2,12,9,44,115,0,0,88189.0
1,23,1,0,0,0,1,26013.0
1,23,9,215,315,0,0,101014.0
1,23,9,355,2005,0,0,101019.0
1,23,9,302,3471,0,0,76174.0
1,45,1,0,0,0,1,12265.0
1,5,5,0,0,0,1,63275.0
1,49,9,3266,330,0,0,99671.0
1,45,5,0,0,0,1,71145.0
2,45,9,1,74,0,1,72448.0
0,14,9,8,0,0,1,1169.0
1,45,5,0,0,0,1,23459.0
1,62,5,0,0,0,1,25141.0
2,12,9,43,75,0,0,22265.0
1,41,2,0,0,0,1,73749.0
1,45,5,0,0,0,1,66716.0
1,23,9,54540,8314,0,0,24694.0
1,20,9,201,0,0,0,109021.0
1,61,5,0,0,0,1,74256.0
1,45,1,0,0,0,1,117637.0
2,45,9,105,0,0,0,57263.0
1,23,9,326,283,0,0,119462.0
1,4,1,0,0,0,1,15737.0
1,21,1,0,0,0,1,5585.0
1,49,9,1561,327,0,0,40015.0
0,14,9,8,0,0,1,59562.0
1,23,9,208,1357,0,0,25679.0
1,23,9,163,30042,0,0,20549.0
2,12,9,45,74,0,0,117590.0
1,18,5,0,0,0,1,16332.0
0,14,9,8,0,0,1,26693.0
1,23,9,214,14560,0,0,46526.0
1,23,9,311,354,0,0,76209.0
1,49,9,1155,339,0,0,45601.0
1,23,9,211,261,0,0,119241.0
1,23,9,342,1028,0,0,51348.0
1,49,9,938,384,0,0,76778.0
1,23,1,0,0,0,1,55680.0
1,23,9,214,382,0,0,123895.0
1,41,4,1,0,0,1,114962.0
1,23,9,172,4139,0,0,39947.0
1,27,1,0,0,0,1,34967.0
0,14,9,8,0,0,1,122629.0
1,23,9,243,495,0,0,53594.0
1,23,1,0,0,0,1,120509.0
1,23,9,183,8939,0,0,6236.0
2,12,9,45,129,0,0,109303.0
1,23,9,306,2772,0,0,48931.0
2,12,9,43,134,0,0,53329.0
1,38,5,0,0,0,1,61565.0
1,23,9,233,1931,0,0,73512.0
1,53,5,0,0,0,1,21392.0
1,45,1,0,0,0,1,102021.0
2,12,9,44,73,0,0,17410.0
1,23,9,305,2698,0,0,45772.0
1,7,5,0,0,0,1,7658.0
1,49,9,2364,329,0,0,28450.0
1,45,5,0,0,0,1,28957.0
2,12,9,46,46,0,0,45953.0
1,45,1,0,0,0,1,22270.0
1,20,1,0,0,0,1,60335.0
2,12,9,44,44,0,0,79220.0
1,23,9,388,138,0,0,19017.0
1,23,9,209,757,0,0,51863.0
0,14,9,30,0,0,0,23603.0
1,23,9,225,284,0,0,103519.0
0,14,9,8,0,0,1,120999.0
1,45,5,0,0,0,1,51186.0
1,20,9,641,0,0,0,124874.0
1,20,9,209,0,0,0,50818.0
1,26,5,0,0,0,1,54770.0
1,2,5,0,0,0,1,83039.0
2,45,9,105,147,0,0,55325.0
1,45,1,0,0,0,1,103662.0
1,52,5,0,0,0,1,87582.0
1,23,1,0,0,0,1,66142.0
2,12,9,44,137,0,0,68028.0
1,23,9,271,351,0,0,92149.0
1,45,1,0,0,0,1,26841.0
1,23,9,296,11753,0,0,3246.0
1,21,9,0,0,0,1,64714.0
1,45,5,0,0,0,1,78009.0
1,23,9,198,1223,0,0,80921.0
1,23,9,263,155,0,0,53833.0
1,23,9,201,2280,0,0,4642.0
2,12,9,44,80,0,0,87138.0
1,49,9,2172,341,0,0,69739.0
1,23,5,0,0,0,1,17126.0
0,14,9,8,0,0,1,41676.0
1,23,9,158,6917,0,0,18664.0
1,45,5,0,0,0,1,105053.0
1,4,1,0,0,0,1,1904.0
1,23,9,220,696,0,0,110093.0
2,41,9,516,4,0,0,117979.0
1,30,5,0,0,0,1,87640.0
0,60,9,78,0,0,0,102703.0
2,41,9,147,105,0,0,31351.0
1,23,1,0,0,0,1,2462.0
1,23,9,344,1775,0,0,107539.0
1,23,9,251,3311,0,0,75295.0
1,33,5,0,0,0,1,24482.0
1,41,4,1,0,0,1,109943.0
1,48,5,0,0,0,1,66516.0
1,23,9,285,28967,0,0,26997.0
1,20,9,965,0,0,0,91855.0
1,23,1,0,0,0,1,115296.0
1,20,9,9,0,0,0,19991.0
1,63,1,0,0,0,1,112781.0
1,49,9,1560,335,0,0,82036.0
1,45,5,0,0,0,1,107229.0
1,23,9,54540,8314,0,0,46111.0
2,41,9,146,105,0,0,10240.0
1,45,1,0,0,0,1,70079.0
1,62,5,0,0,0,1,18976.0
1,23,1,0,0,0,1,87564.0
2,45,9,28,0,0,1,78112.0
1,23,9,229,291,0,0,26254.0
1,41,1,0,0,0,1,26511.0
1,23,1,0,0,0,1,124922.0
1,23,1,0,0,0,1,96931.0
1,4,9,10,35,0,0,116754.0
1,49,9,2781,331,0,0,122151.0
1,45,1,0,0,0,1,119496.0
1,20,9,13772,0,0,0,24132.0
2,45,9,105,147,0,0,44327.0
1,23,9,339,279,0,0,60197.0
0,15,9,1032,0,0,0,58552.0
1,23,9,213,1280,0,0,44486.0
1,64,1,0,0,0,1,46688.0
1,49,9,1572,329,0,0,57427.0
1,23,9,357,2224,0,0,96779.0
1,45,5,0,0,0,1,106980.0
1,20,9,259,0,0,0,99778.0
1,45,5,0,0,0,1,3014.0
1,23,9,220,398,0,0,73207.0
1,21,9,6,77,0,0,107470.0
1,55,2,118,8926,0,0,67176.0
1,49,9,2079,336,0,0,89279.0
2,45,9,28,0,0,1,32514.0
1,45,5,0,0,0,1,23215.0
1,49,9,11575,1360,0,0,123692.0
1,49,9,1035,369,0,0,48179.0
1,45,1,0,0,0,1,80419.0
1,23,9,351,1254,0,0,90559.0
2,12,9,42,42,0,0,73.0
1,23,9,330,2152,0,0,21766.0
1,19,9,1492,4152,0,0,28847.0
1,45,5,0,0,0,1,66194.0
1,45,5,0,0,0,1,7876.0
1,41,4,1,0,0,1,118409.0
1,23,9,260,4021,0,0,103953.0
1,20,9,740,0,0,0,49561.0
2,41,9,147,0,0,0,7382.0
2,45,9,1,0,0,1,97753.0
2,12,9,43,73,0,0,95553.0
1,45,5,0,0,0,1,84171.0
1,37,5,0,0,0,1,6823.0
1,41,4,1,0,0,1,61473.0
1,23,9,306,298,0,0,35037.0
1,23,9,337,3626,0,0,121795.0
1,45,5,0,0,0,1,29440.0
1,23,9,298,9248,0,0,44341.0
1,49,9,1049,370,0,0,125138.0
0,15,9,64,0,0,0,51544.0
1,23,9,218,4546,0,0,92859.0
1,45,5,0,0,0,1,43874.0
1,4,5,0,0,0,1,13755.0
1,23,9,375,23151,0,0,96646.0
1,23,9,301,310,0,0,15866.0
1,45,1,0,0,0,1,83188.0
1,52,5,0,0,0,1,80315.0
1,23,9,212,6134,0,0,16516.0
1,23,9,54540,8314,0,0,94815.0
2,12,9,46,136,0,0,6694.0
1,23,9,318,236,0,0,108895.0
2,41,9,146,105,0,0,30611.0
1,49,9,1611,325,0,0,68111.0
1,45,1,0,0,0,1,38285.0
1,45,5,0,0,0,1,41387.0
1,45,1,0,0,0,1,22290.0
0,15,9,1032,0,0,0,108316.0
2,12,9,45,150,0,0,42711.0
2,12,9,46,72,0,0,39396.0
0,14,9,18,0,0,1,67270.0
2,41,9,147,105,0,0,119092.0
1,23,9,214,5925,0,0,37912.0
2,12,9,46,46,0,0,74953.0
0,15,9,520,0,0,0,61330.0
1,45,5,0,0,0,1,9461.0
2,12,9,46,46,0,0,111926.0
1,41,1,0,0,0,1,116705.0
1,45,5,0,0,0,1,73619.0
1,23,9,284,31044,0,0,49019.0
2,12,9,43,133,0,0,7543.0
1,23,9,286,4146,0,0,70590.0
1,23,9,296,997,0,0,79572.0
1,45,5,0,0,0,1,49975.0
1,54,1,0,0,0,1,118382.0
1,45,5,0,0,0,1,23707.0
2,12,9,45,81,0,0,65776.0
1,23,6,211,1460,0,0,48343.0
1,61,9,6,23,0,1,109188.0
0,15,9,1032,0,0,0,104279.0
1,23,9,217,674,0,0,21829.0
1,49,9,1335,327,0,0,52423.0
1,45,5,0,0,0,1,81862.0
2,12,9,43,134,0,0,26064.0
1,2,4,1,0,0,0,93055.0
1,41,4,1,0,0,1,125338.0
1,5,5,0,0,0,1,39051.0
1,23,9,250,1107,0,0,36962.0
2,45,9,28,0,0,1,107735.0
1,51,1,0,0,0,1,38348.0
1,45,5,0,0,0,1,1266.0
2,41,9,146,105,0,0,71929.0
0,14,9,8,0,0,1,85827.0
1,20,5,0,0,0,1,28222.0
1,9,5,0,0,0,1,114264.0
1,23,1,0,0,0,1,19264.0
2,12,9,44,125,0,0,40034.0
1,23,9,240,397,0,0,96345.0
1,28,5,0,0,0,1,79400.0
2,45,9,1,0,0,1,21139.0
1,24,5,0,0,0,1,58785.0
1,42,1,0,0,0,1,30724.0
2,41,9,146,0,0,0,96465.0
1,23,9,292,930,0,0,62691.0
1,23,9,433,8113,0,0,49218.0
1,45,5,0,0,0,1,33691.0
1,45,5,0,0,0,1,125208.0
1,23,9,285,12884,0,0,121074.0
2,12,9,33,0,0,0,111750.0
2,12,9,45,45,0,0,81016.0
0,14,9,8,0,0,1,11080.0
1,23,9,320,462,0,0,112678.0
1,20,9,245,0,0,0,4880.0
2,12,9,33,49,0,0,114706.0
2,12,9,43,130,0,0,91866.0
1,23,9,189,296,0,0,11020.0
1,23,9,224,321,0,0,86472.0
1,23,9,292,987,0,0,28903.0
2,45,9,105,146,0,0,26058.0
1,55,5,0,0,0,1,77905.0
1,6,1,0,0,0,1,42034.0
1,23,9,209,736,0,0,45833.0
1,23,9,452,7931,0,0,42434.0
1,23,1,0,0,0,1,68923.0
1,45,5,0,0,0,1,77612.0
2,12,9,46,139,0,0,67478.0
1,55,5,0,0,0,1,87024.0
2,45,9,1,0,0,1,62574.0
1,45,1,0,0,0,1,66259.0
1,23,9,237,2676,0,0,59901.0
1,58,5,0,0,0,1,108927.0
2,41,9,145,0,0,0,86072.0
1,64,1,0,0,0,1,32242.0
1,32,5,0,0,0,1,62758.0
1,4,5,0,0,0,1,85603.0
1,50,5,0,0,0,1,124493.0
1,23,1,0,0,0,1,73191.0
1,37,4,1,0,0,1,84201.0
2,12,9,43,118,0,0,49612.0
1,20,9,3909,0,0,0,53342.0
2,12,9,45,77,0,0,16152.0
1,25,1,0,0,0,0,62274.0
1,64,5,0,0,0,1,110441.0
1,54,5,0,0,0,1,75850.0
1,23,9,290,7397,0,0,38225.0
1,63,5,0,0,0,1,122783.0
1,36,5,0,0,0,1,23089.0
1,54,5,0,0,0,1,101318.0
1,23,9,289,670,0,0,28784.0
1,23,9,306,342,0,0,28988.0
2,45,9,28,0,0,1,45546.0
1,23,9,246,1571,0,0,102914.0
2,12,9,44,130,0,0,4084.0
1,23,9,327,607,0,0,17202.0
1,45,5,0,0,0,1,74356.0
1,23,9,290,1693,0,0,43503.0
1,23,9,239,2507,0,0,104392.0
0,14,9,8,0,0,1,83133.0
1,20,9,852,0,0,0,116270.0
1,49,9,16711,368,0,0,22558.0
1,23,9,287,3413,0,0,87259.0
2,12,9,44,127,0,0,107080.0
1,45,1,0,0,0,1,79757.0
1,45,5,0,0,0,1,9960.0
1,49,9,970,325,0,0,107740.0
1,23,9,316,1551,0,0,105148.0
1,23,9,244,1041,0,0,21219.0
2,41,9,147,105,0,0,19520.0
1,20,9,4753,0,0,0,50731.0
1,55,3,0,0,0,1,42558.0
1,39,5,0,0,0,1,112986.0
1,23,9,352,5381,0,0,86347.0
1,64,5,0,0,0,1,80807.0
1,55,5,0,0,0,1,90056.0
1,20,5,0,0,0,1,13588.0
2,12,9,96,32,0,0,11021.0
1,23,9,165,9787,0,0,102939.0
1,30,1,0,0,0,1,8293.0
1,45,5,0,0,0,1,56094.0
2,45,9,28,0,0,1,91521.0
2,41,9,146,105,0,0,119800.0
1,23,1,0,0,0,1,20054.0
1,23,9,325,1146,0,0,60265.0
0,14,9,8,0,0,1,8713.0
1,23,9,323,272,0,0,75751.0
2,12,9,42,42,0,0,108146.0
2,41,9,113,0,0,0,104144.0
1,23,9,363,2256,0,0,99402.0
1,20,9,22,0,0,0,120947.0
2,45,9,1,0,0,1,105613.0
1,45,5,0,0,0,1,19007.0
1,11,9,48,483,0,0,11705.0
2,12,9,96,35,0,0,66937.0
1,45,5,0,0,0,1,125525.0
1,45,5,0,0,0,1,20646.0
0,57,9,564,0,0,0,14098.0
1,21,5,0,0,0,1,113394.0
1,21,5,0,0,0,1,82057.0
1,45,5,0,0,0,1,28444.0
0,60,9,78,0,0,0,61562.0
1,20,9,607,0,0,0,6605.0
1,23,9,214,1099,0,0,4491.0
1,20,9,2194619,0,0,0,121067.0
1,23,1,0,0,0,1,122817.0
1,23,9,318,2077,0,0,106267.0
1,23,9,218,501,0,0,98393.0
1,45,5,0,0,0,1,40515.0
1,18,5,0,0,0,1,42074.0
1,6,5,0,0,0,1,118954.0
1,23,9,359,4962,0,0,110402.0
0,14,9,8,0,0,1,98800.0
1,63,5,0,0,0,1,54011.0
1,23,9,283,1787,0,0,84410.0
1,63,1,0,0,0,1,111702.0
1,45,1,0,0,0,1,104791.0
1,20,9,8737,0,0,0,95414.0
1,5,5,0,0,0,1,78989.0
0,14,9,18,0,0,1,70090.0
1,45,1,0,0,0,1,63830.0
1,23,9,283,2751,0,0,30482.0
1,55,9,590,1050583,0,0,70198.0
1,23,9,212,808,0,0,39846.0
1,45,1,0,0,0,1,42567.0
1,45,5,0,0,0,1,10957.0
0,15,9,1032,0,0,0,69642.0
1,64,5,0,0,0,1,64895.0
1,45,5,0,0,0,1,33309.0
1,29,5,0,0,0,1,37620.0
1,23,9,206,66067,0,0,74916.0
1,49,5,0,0,0,1,97770.0
1,42,4,1,0,0,1,121744.0
2,45,9,28,0,0,1,109992.0
1,23,9,210,3870,0,0,93581.0
1,10,5,0,0,0,1,121218.0
1,23,9,191,1894,0,0,46126.0
1,20,9,245,0,0,0,59045.0
1,23,9,191,270,0,0,50469.0
2,45,9,28,0,0,1,48739.0
1,23,9,213,567,0,0,9458.0
1,49,9,895,360,0,0,41770.0
1,50,1,0,0,0,1,105984.0
1,23,9,216,648,0,0,97299.0
1,23,9,329,7217,0,0,103398.0
1,23,9,216,6979,0,0,5110.0
1,20,9,7012,0,0,0,36798.0
0,14,9,30,0,0,0,31563.0
1,45,5,0,0,0,1,7946.0
1,29,5,0,0,0,1,47112.0
1,23,1,0,0,0,1,49219.0
2,12,9,43,69,0,0,55260.0
1,45,1,0,0,0,1,46267.0
1,23,9,226,856,0,0,80127.0
1,23,9,199,2067,0,0,34421.0
1,49,5,0,0,0,1,43633.0
0,15,9,64,0,0,0,123832.0
1,19,2,0,0,0,1,92703.0
1,23,9,209,944,0,0,63649.0
2,12,9,46,134,0,0,87952.0
1,20,5,0,0,0,1,82980.0
1,9,5,0,0,0,1,31515.0
1,23,9,243,274,0,0,113265.0
1,2,1,0,0,0,1,119165.0
1,23,9,144,27305,0,0,36240.0
1,53,5,0,0,0,1,102833.0
1,23,9,238,866,0,0,18007.0
1,34,1,0,0,0,1,91789.0
1,20,9,10261,0,0,0,55218.0
0,15,9,1032,0,0,0,39914.0
1,61,5,0,0,0,1,50300.0
1,45,1,0,0,0,1,83003.0
1,21,5,0,0,0,1,73124.0
1,45,5,0,0,0,1,18667.0
2,12,9,31,31,0,0,97242.0
0,15,9,520,0,0,0,68602.0
1,4,5,0,0,0,1,117397.0
0,15,9,1032,0,0,0,48929.0
1,45,5,0,0,0,1,93748.0
1,23,9,293,1370,0,0,118155.0
1,20,5,0,0,0,1,109316.0
2,12,9,36,0,0,0,39357.0
1,55,5,0,0,0,1,65306.0
1,23,5,0,0,0,1,22638.0
1,23,9,217,2445,0,0,107312.0
1,34,5,0,0,0,1,23535.0
0,14,9,8,0,0,1,46316.0
1,19,9,60,189,0,0,116570.0
1,23,9,325,2662,0,0,116820.0
1,23,9,341,1905,0,0,43780.0
1,23,9,212,882,0,0,21001.0
2,12,9,46,71,0,0,75540.0
1,23,9,238,788,0,0,27289.0
1,23,9,234,1409,0,0,90126.0
1,23,9,272,4201,0,0,17926.0
1,55,5,0,0,0,1,103071.0
1,49,9,2006,391,0,0,81225.0
1,23,9,315,449,0,0,55016.0
1,45,5,0,0,0,1,117172.0
1,20,9,276,0,0,0,40677.0
1,23,9,226,673,0,0,84784.0
1,23,9,223,1645,0,0,119320.0
1,49,9,1520,327,0,0,60803.0
1,1,1,0,0,0,0,125393.0
1,23,9,296,1511,0,0,2283.0
2,12,9,44,86,0,0,114090.0
1,23,9,295,1555,0,0,92915.0
1,45,5,0,0,0,1,105439.0
1,45,5,0,0,0,1,105670.0
2,41,9,145,0,0,0,77317.0
1,4,2,0,0,0,1,33761.0
1,45,1,0,0,0,1,100872.0
1,9,5,0,0,0,1,35107.0
1,2,5,0,0,0,1,117163.0
1,23,9,189,732,0,0,19998.0
1,58,5,0,0,0,1,122502.0
1,49,9,741,338,0,0,20007.0
1,20,9,334,0,0,0,99384.0
1,23,9,235,3222,0,0,3698.0
1,20,9,383,0,0,0,21895.0
1,23,9,239,1337,0,0,71778.0
1,45,5,0,0,0,1,42225.0
1,28,5,0,0,0,1,112862.0
1,21,5,0,0,0,1,10671.0
1,45,1,0,0,0,1,95195.0
1,20,9,12165,0,0,0,104119.0
1,45,5,0,0,0,1,109729.0
1,23,5,0,0,0,1,112752.0
2,12,9,45,132,0,0,78182.0
1,23,9,189,622,0,0,113885.0
1,20,9,0,5134218,0,0,72503.0
1,23,9,236,369,0,0,86242.0
1,20,9,26,0,0,0,74972.0
1,64,5,0,0,0,1,21253.0
1,41,4,1,0,0,1,83652.0
1,54,5,0,0,0,1,34407.0
0,14,9,8,0,0,1,7309.0
2,12,9,44,77,0,0,85817.0
2,12,9,29,29,0,0,1594.0
1,20,5,0,0,0,1,4421.0
1,52,5,0,0,0,1,54286.0
1,23,9,290,9887,0,0,108261.0
1,45,5,0,0,0,1,98785.0
1,24,5,0,0,0,1,42357.0
1,64,1,0,0,0,1,13908.0
0,15,9,1032,0,0,0,122838.0
2,41,9,145,0,0,0,25078.0
1,23,1,0,0,0,1,77823.0
1,45,5,0,0,0,1,14156.0
1,23,9,261,8412,0,0,140.0
1,45,5,0,0,0,1,13222.0
1,23,9,350,603,0,0,122283.0
1,49,9,1254,327,0,0,112909.0
0,14,9,18,0,0,1,55263.0
1,4,5,0,0,0,1,62357.0
1,20,9,2194619,0,0,0,80232.0
1,45,5,0,0,0,1,109915.0
0,60,9,182,0,0,0,103642.0
1,23,9,229,534,0,0,79396.0
2,41,9,147,105,0,0,81854.0
2,12,9,45,72,0,0,62998.0
1,30,5,0,0,0,1,125674.0
1,23,9,196,124,0,0,81243.0
1,23,9,247,412,0,0,86357.0
1,21,5,0,0,0,1,21968.0
1,23,9,265,434,0,0,121292.0
1,45,4,1,0,0,1,75604.0
1,45,1,0,0,0,1,74694.0
1,23,9,289,1856,0,0,82944.0
2,45,9,207,0,0,0,114902.0
1,23,9,210,1124,0,0,33539.0
1,23,9,187,25209,0,0,55975.0
0,14,9,30,0,0,0,86814.0
1,23,9,335,306,0,0,51132.0
1,10,5,0,0,0,1,114266.0
1,23,9,238,1627,0,0,93154.0
2,12,9,44,44,0,0,80471.0
1,7,5,0,0,0,1,104318.0
1,45,5,0,0,0,1,70228.0
1,23,9,239,3567,0,0,61467.0
1,23,9,260,468,0,0,80026.0
1,23,9,297,2507,0,0,52691.0
1,23,9,370,2113,0,0,78600.0
1,49,9,878,337,0,0,93067.0
1,49,9,752,331,0,0,90803.0
1,23,9,297,498,0,0,18502.0
2,12,9,44,69,0,0,28699.0
2,12,9,45,45,0,0,98891.0
2,12,9,33,95,0,0,113638.0
1,55,5,0,0,0,1,3421.0
1,23,9,186,4841,0,0,114322.0
1,45,5,0,0,0,1,117993.0
1,23,9,271,706,0,0,94202.0
0,14,9,8,0,0,1,121508.0
1,20,5,0,0,0,1,95014.0
1,23,9,218,1703,0,0,51149.0
1,23,9,263,3303,0,0,64402.0
1,23,9,232,1197,0,0,11558.0
1,23,9,217,7549,0,0,89876.0
1,20,9,59,0,0,0,125925.0
1,23,9,221,1481,0,0,1679.0
2,45,9,1,0,0,1,60606.0
1,45,1,0,0,0,1,30336.0
1,52,5,0,0,0,1,117373.0
1,49,9,12022,1430,0,0,20438.0
1,26,5,0,0,0,1,30943.0
1,18,9,8,445,0,0,115684.0
1,2,5,0,0,0,1,119277.0
1,45,5,0,0,0,1,6789.0
1,41,5,0,0,0,1,74559.0
1,49,9,738,328,0,0,118376.0
1,23,9,363,519,0,0,47024.0
1,23,9,224,595,0,0,109306.0
1,49,9,795,330,0,0,31344.0
2,41,9,147,147,0,0,30721.0
1,23,9,295,14496,0,0,105814.0
1,23,9,335,289,0,0,10876.0
1,49,9,1004,325,0,0,64648.0
1,22,5,0,0,0,1,31753.0
2,12,9,43,43,0,0,118234.0
2,12,9,45,131,0,0,115759.0
1,23,9,222,12437,0,0,27259.0
0,14,9,8,0,0,1,63341.0
0,15,9,1032,0,0,0,41694.0
1,23,9,320,1366,0,0,67059.0
2,12,9,39,99,0,0,96152.0
2,12,9,44,82,0,0,56355.0
1,45,5,0,0,0,1,124228.0
1,23,9,316,540,0,0,6745.0
1,23,9,166,542,0,0,94085.0
1,23,9,219,324,0,0,70657.0
1,23,9,212,4570,0,0,11475.0
2,12,9,45,128,0,0,100192.0
1,23,9,336,1222,0,0,33380.0
1,23,1,0,0,0,1,120868.0
1,64,5,0,0,0,1,121898.0
1,18,9,8,446,0,0,86802.0
1,23,9,314,282,0,0,74657.0
2,12,9,43,125,0,0,101932.0
1,18,5,0,0,0,1,31633.0
1,49,9,1305,331,0,0,25920.0
1,23,9,321,3109,0,0,106542.0
1,5,5,0,0,0,1,85760.0
1,23,9,238,2202,0,0,125372.0
2,45,9,105,147,0,0,47813.0
2,12,9,44,132,0,0,47169.0
0,15,9,520,0,0,0,60412.0
0,14,9,8,0,0,1,115206.0
1,49,9,1409,328,0,0,80598.0
0,14,9,8,0,0,1,121799.0
1,35,5,0,0,0,1,90963.0
2,12,9,44,124,0,0,30271.0
1,23,9,302,788,0,0,70876.0
2,12,9,43,118,0,0,68317.0
1,23,9,300,1004,0,0,83037.0
2,12,9,46,128,0,0,39848.0
1,45,5,0,0,0,1,21939.0
1,58,5,0,0,0,1,94953.0
1,23,9,199,474,0,0,33247.0
1,20,9,383,0,0,0,37741.0
1,23,9,347,8113,0,0,388.0
1,23,9,163,1157,0,0,32948.0
2,12,9,45,120,0,0,88276.0
0,15,9,1032,0,0,0,23406.0
2,12,9,43,75,0,0,124752.0
1,23,9,237,2698,0,0,109838.0
1,45,1,0,0,0,1,110671.0
1,23,9,216,2417,0,0,97626.0
1,45,5,0,0,0,1,73813.0
1,25,5,0,0,0,1,4422.0
1,45,5,0,0,0,1,119802.0
1,20,9,15377,0,0,0,38930.0
1,45,4,1,0,0,1,111720.0
1,23,9,291,302,0,0,83128.0
1,41,1,0,0,0,1,20706.0
1,13,5,0,0,0,1,42862.0
1,49,9,669,327,0,0,99935.0
1,45,5,0,0,0,1,91466.0
1,33,5,0,0,0,1,14.0
1,20,9,245,0,0,0,41018.0
1,45,5,0,0,0,1,9018.0
1,45,5,0,0,0,1,44952.0
1,53,5,0,0,0,1,85573.0
1,23,5,0,0,0,1,42874.0
1,55,5,0,0,0,1,2193.0
1,23,5,0,0,0,1,115035.0
1,23,9,207,3743,0,0,73864.0
1,54,1,0,0,0,1,14667.0
0,14,9,8,0,0,1,53281.0
1,18,5,0,0,0,1,94665.0
1,45,5,0,0,0,1,96156.0
1,23,9,208,514,0,0,76948.0
1,6,5,0,0,0,1,105630.0
1,34,1,0,0,0,1,5676.0
1,45,1,0,0,0,1,112817.0
1,23,5,0,0,0,1,76378.0
1,23,9,174,45478,0,0,85047.0
1,45,4,0,0,0,1,26283.0
1,45,1,0,0,0,1,51998.0
1,23,9,335,282,0,0,112774.0
1,45,1,0,0,0,1,72810.0
1,23,1,0,0,0,1,16907.0
1,64,5,0,0,0,1,46328.0
2,41,9,147,0,0,0,9017.0
1,23,9,201,1938,0,0,194.0
1,45,10,0,0,0,1,125549.0
1,20,9,567,0,0,0,118007.0
1,20,9,5319,0,0,0,64426.0
1,23,9,252,176,0,0,84196.0
1,23,9,293,3187,0,0,25231.0
1,13,5,0,0,0,1,72167.0
2,12,9,44,70,0,0,71392.0
1,45,5,0,0,0,1,55237.0
2,12,9,44,75,0,0,70636.0
1,23,9,54540,8314,0,0,77416.0
1,49,9,1351,330,0,0,38770.0
1,23,9,300,1569,0,0,94079.0
1,23,9,277,2955,0,0,67772.0
1,23,9,348,7223,0,0,26222.0
1,23,9,214,7096,0,0,29669.0
1,8,5,0,0,0,1,88809.0
1,23,9,290,25517,0,0,74450.0
1,49,5,0,0,0,1,66215.0
2,40,9,48,48,0,0,23498.0
1,18,5,0,0,0,1,124233.0
1,23,9,242,3855,0,0,40896.0
1,19,9,1455,4152,0,0,35120.0
1,45,1,0,0,0,1,68794.0
1,20,9,2982,0,0,0,39286.0
1,18,5,0,0,0,1,121947.0
1,38,5,0,0,0,1,69636.0
1,23,9,204,8774,0,0,91991.0
1,23,9,219,10550,0,0,116333.0
1,45,10,0,0,0,1,113383.0
1,20,9,748,0,0,0,9054.0
1,45,1,0,0,0,1,61622.0
2,40,9,48,48,0,0,31747.0
1,23,9,207,2596,0,0,20923.0
0,14,9,8,0,0,1,108218.0
1,7,5,0,0,0,1,116412.0
1,49,9,1095,332,0,0,111455.0
1,23,9,325,1091,0,0,52474.0
1,23,9,301,17844,0,0,3678.0
1,45,1,0,0,0,1,62492.0
1,4,1,0,0,0,1,84183.0
1,49,9,1641,329,0,0,106136.0
1,13,5,0,0,0,1,114943.0
1,63,5,0,0,0,1,94059.0
1,23,9,224,3462,0,0,5439.0
2,12,9,44,72,0,0,11612.0
1,45,5,0,0,0,1,16154.0
1,45,1,0,0,0,1,58342.0
2,12,9,41,149,0,0,13549.0
2,45,9,28,0,0,1,9495.0
1,20,5,0,0,0,1,101076.0
1,23,9,364,2625,0,0,45828.0
1,52,5,0,0,0,1,66613.0
1,23,9,328,426,0,0,85006.0
1,6,5,0,0,0,1,112669.0
1,23,9,472,9463,0,0,14472.0
1,5,5,0,0,0,1,78859.0
2,12,9,45,82,0,0,97761.0
1,45,1,0,0,0,1,79986.0
0,14,9,8,0,0,1,108632.0
1,45,4,0,0,0,1,36129.0
1,49,9,1219,329,0,0,55924.0
1,23,9,209,59540,0,0,106282.0
1,20,9,2890,0,0,0,115345.0
2,12,9,44,79,0,0,598.0
1,45,5,0,0,0,1,121599.0
1,23,9,345,2254,0,0,636.0
1,23,1,0,0,0,1,105471.0
1,55,9,177,3500,0,0,84882.0
1,9,2,0,0,0,1,48281.0
1,20,9,334,0,0,0,111122.0
2,12,9,29,0,0,0,118884.0
0,14,9,8,0,0,1,69762.0
1,45,5,0,0,0,1,106321.0
1,41,1,0,0,0,1,39831.0
1,23,9,224,260,0,0,123183.0
1,34,5,0,0,0,1,107729.0
1,45,5,0,0,0,1,20157.0
1,2,5,0,0,0,1,96198.0
1,23,9,234,305,0,0,125443.0
1,23,9,196,260,0,0,68395.0
1,55,5,0,0,0,1,71797.0
1,55,5,0,0,0,1,16699.0
1,23,1,0,0,0,1,98825.0
1,23,9,203,334,0,0,100296.0
1,23,9,309,1000,0,0,62367.0
2,12,9,34,94,0,0,25363.0
1,23,9,234,2507,0,0,125534.0
1,23,9,208,1773,0,0,81760.0
2,41,9,146,105,0,0,99767.0
1,23,1,0,0,0,1,74906.0
1,45,4,1,0,0,1,32728.0
1,45,5,0,0,0,1,38063.0
1,49,9,3053,329,0,0,89195.0
1,23,9,334,17149,0,0,54957.0
1,58,2,0,0,0,1,31337.0
1,23,9,243,608,0,0,84787.0
1,19,2,0,0,0,1,766.0
1,23,9,295,1680,0,0,27173.0
1,53,5,0,0,0,1,42444.0
1,45,5,0,0,0,1,62881.0
1,45,5,0,0,0,1,12356.0
1,45,4,0,0,0,1,53788.0
1,20,9,14189,0,0,0,98234.0
1,45,4,0,0,0,1,27384.0
1,20,9,2056,0,0,0,59928.0
1,49,2,0,0,0,1,13591.0
1,34,1,0,0,0,1,103240.0
1,7,5,0,0,0,1,29783.0
0,14,9,8,0,0,1,88979.0
0,15,9,1032,0,0,0,106591.0
1,23,9,235,652,0,0,31967.0
1,49,9,880,335,0,0,83381.0
1,20,5,0,0,0,1,97025.0
1,23,9,199,7469,0,0,107120.0
1,23,1,0,0,0,1,72844.0
1,18,5,0,0,0,1,31957.0
1,23,9,247,392,0,0,30216.0
1,58,5,0,0,0,1,31663.0
1,23,9,249,8825,0,0,29602.0
1,23,9,215,3310,0,0,77293.0
0,14,9,8,0,0,1,121447.0
1,45,5,0,0,0,1,86536.0
1,45,5,0,0,0,1,63287.0
1,8,5,0,0,0,1,41324.0
2,12,9,43,69,0,0,45530.0
1,49,9,1309,394,0,0,119076.0
1,23,9,165,34720,0,0,58353.0
1,49,9,845,384,0,0,22521.0
1,45,1,0,0,0,1,52213.0
1,45,5,0,0,0,1,11067.0
1,23,9,284,2996,0,0,49804.0
1,45,1,0,0,0,1,47649.0
1,23,9,229,391,0,0,83845.0
1,23,9,334,3751,0,0,8351.0
1,58,5,0,0,0,1,6975.0
2,12,9,44,79,0,0,82232.0
1,16,1,0,0,0,1,109973.0
0,14,9,8,0,0,1,103595.0
1,23,9,205,175,0,0,50032.0
2,12,9,44,76,0,0,46108.0
1,23,9,349,16411,0,0,58267.0
2,12,9,45,150,0,0,40650.0
1,45,5,0,0,0,1,95854.0
1,23,9,202,11670,0,0,44853.0
1,20,9,63,0,0,0,66065.0
1,23,9,211,26937,0,0,104035.0
1,45,5,0,0,0,1,19822.0
1,5,5,0,0,0,1,61510.0
1,23,9,319,15251,0,0,123332.0
1,23,9,209,2115,0,0,99233.0
1,23,1,0,0,0,1,9780.0
1,21,5,0,0,0,1,59340.0
1,23,9,227,1522,0,0,2184.0
1,23,9,265,40439,0,0,94925.0
1,45,5,0,0,0,1,22299.0
1,23,9,243,910,0,0,15760.0
1,23,9,163,35870,0,0,58783.0
0,15,9,1032,0,0,0,29019.0
0,15,9,1480,0,0,0,34993.0
0,14,9,18,0,0,1,25905.0
1,23,9,292,16641,0,0,19668.0
1,20,9,748,0,0,0,47962.0
2,45,9,105,147,0,0,61074.0
1,23,9,220,370,0,0,38801.0
0,15,9,1032,0,0,0,62407.0
1,23,9,228,2325,0,0,24882.0
1,19,5,0,0,0,1,60598.0
1,23,1,0,0,0,1,66359.0
1,45,5,0,0,0,1,12189.0
1,49,9,2994,334,0,0,64022.0
1,23,9,262,680,0,0,72007.0
1,8,5,0,0,0,1,50001.0
2,40,9,48,48,0,0,79359.0
1,23,9,508,10160,0,0,25642.0
1,23,9,325,2006,0,0,93492.0
0,14,9,30,0,0,0,51580.0
1,55,5,0,0,0,1,9950.0
2,12,9,44,70,0,0,56203.0
1,19,5,0,0,0,1,51839.0
1,25,5,0,0,0,1,23621.0
1,49,9,1725,368,0,0,123841.0
1,24,1,0,0,0,0,56700.0
1,23,9,198,3175,0,0,56199.0
2,12,9,43,131,0,0,43174.0
0,15,9,1032,0,0,0,75198.0
2,45,9,1,0,0,1,65370.0
2,12,9,42,42,0,0,120372.0
1,4,1,0,0,0,1,113572.0
2,41,9,147,105,0,0,14085.0
1,23,9,206,998,0,0,99266.0
1,23,9,368,1412,0,0,62064.0
1,41,1,0,0,0,1,76810.0
1,23,1,0,0,0,1,116571.0
1,45,5,0,0,0,1,44715.0
1,20,9,2194619,0,0,0,58655.0
1,23,9,240,2698,0,0,68676.0
1,23,9,229,770,0,0,8465.0
1,23,9,294,2591,0,0,124153.0
1,23,9,289,593,0,0,40658.0
0,14,9,8,0,0,1,96070.0
1,23,9,330,6010,0,0,93311.0
1,20,9,641,0,0,0,12142.0
1,61,5,0,0,0,1,16677.0
1,20,9,12,0,0,0,100164.0
1,45,5,0,0,0,1,28960.0
1,55,2,126,179,0,0,26413.0
1,23,9,295,1674,0,0,24926.0
1,55,9,708,1905934,0,0,104664.0
0,14,9,8,0,0,1,85790.0
1,23,9,291,593,0,0,4843.0
1,33,5,0,0,0,1,119431.0
1,20,9,26408,0,0,0,78547.0
1,20,9,748,0,0,0,28535.0
1,23,9,234,327,0,0,77728.0
1,23,9,252,1809,0,0,34784.0
1,23,9,267,451,0,0,32300.0
1,23,9,249,25024,0,0,18759.0
1,31,5,0,0,0,1,71227.0
1,28,5,0,0,0,1,2756.0
1,45,5,0,0,0,1,39054.0
1,20,9,383,0,0,0,3463.0
1,64,5,0,0,0,1,79269.0
1,23,1,0,0,0,1,75147.0
1,20,9,383,0,0,0,55766.0
1,23,9,258,7770,0,0,57391.0
1,49,9,851,337,0,0,47619.0
2,12,9,45,128,0,0,54921.0
1,23,9,381,692,0,0,16604.0
1,23,9,178,2742,0,0,48131.0
2,45,9,28,0,0,1,111212.0
1,61,5,0,0,0,1,120778.0
1,19,5,0,0,0,1,19735.0
0,14,9,8,0,0,1,12819.0
2,45,9,1,0,0,1,78650.0
1,23,9,302,1728,0,0,20181.0
1,41,1,0,0,0,1,122333.0
1,23,9,300,17287,0,0,11538.0
1,16,5,0,0,0,1,9176.0
0,14,9,8,0,0,1,10224.0
1,49,9,890,328,0,0,75747.0
1,23,9,305,528,0,0,56884.0
1,11,5,0,0,0,1,24922.0
1,39,5,0,0,0,1,115675.0
2,41,9,146,105,0,0,70742.0
1,23,9,266,649,0,0,50047.0
0,15,9,1032,0,0,0,16084.0
1,23,9,314,2113,0,0,110306.0
1,20,9,245,0,0,0,113517.0
1,23,5,0,0,0,1,12627.0
1,23,9,241,9284,0,0,119176.0
1,20,9,5891,0,0,0,5713.0
0,14,9,8,0,0,1,97245.0
1,10,5,0,0,0,1,109638.0
1,23,9,209,1750,0,0,43718.0
1,45,1,0,0,0,1,113302.0
1,62,5,0,0,0,1,94803.0
2,12,9,46,128,0,0,1423.0
1,45,1,0,0,0,1,100357.0
1,23,9,223,7937,0,0,59128.0
1,23,9,216,1735,0,0,24621.0
1,23,9,382,1503,0,0,18155.0
1,23,9,253,4561,0,0,28976.0
1,23,9,258,9428,0,0,109023.0
2,12,9,45,45,0,0,104108.0
2,12,9,43,121,0,0,112327.0
1,49,9,699,335,0,0,67442.0
1,20,5,0,0,0,1,98647.0
2,41,9,516,4,0,0,120891.0
1,23,9,358,1247,0,0,109268.0
1,23,9,318,762,0,0,31295.0
1,23,9,328,1197,0,0,100715.0
1,23,5,0,0,0,1,91994.0
1,23,9,299,392,0,0,25159.0
2,41,9,146,105,0,0,93200.0
1,23,9,221,187,0,0,75506.0
1,45,1,0,0,0,1,5571.0
1,45,1,0,0,0,1,81256.0
1,23,9,232,1035,0,0,78094.0
1,23,9,210,61957,0,0,86893.0
1,23,9,170,936,0,0,123649.0
1,55,5,0,0,0,1,74840.0
2,12,9,39,99,0,0,25173.0
2,45,9,1,0,0,1,35372.0
1,45,5,0,0,0,1,25171.0
1,45,4,0,0,0,1,41889.0
1,16,5,0,0,0,1,90418.0
2,12,9,45,75,0,0,91832.0
1,23,9,252,18968,0,0,81481.0
1,25,5,0,0,0,1,124996.0
1,23,9,311,3117,0,0,106310.0
1,41,9,59,0,0,0,62538.0
1,45,5,0,0,0,1,92701.0
2,45,9,105,146,0,0,57405.0
1,2,5,0,0,0,1,61133.0
1,21,1,0,0,0,1,57154.0
2,41,9,516,4,0,0,73738.0
1,23,9,235,1248,0,0,117958.0
1,23,1,0,0,0,1,14298.0
1,23,9,213,17173,0,0,54389.0
1,61,5,0,0,0,1,83751.0
2,45,9,105,145,0,0,23626.0
0,14,9,8,0,0,1,125760.0
1,45,1,0,0,0,1,29495.0
1,23,9,316,1381,0,0,77108.0
1,34,1,0,0,0,1,82935.0
1,49,9,1662,328,0,0,29598.0
1,45,5,0,0,0,1,99777.0
1,64,5,0,0,0,1,21694.0
1,43,2,0,0,0,1,97041.0
1,23,9,172,17501,0,0,64018.0
1,23,9,314,701,0,0,83379.0
0,15,9,1032,0,0,0,65112.0
1,4,5,0,0,0,1,33356.0
1,23,9,315,2006,0,0,73956.0
1,23,9,195,3968,0,0,109154.0
1,23,9,267,327,0,0,72720.0
1,23,9,216,12425,0,0,86913.0
1,23,5,0,0,0,1,119667.0
1,49,9,1094,324,0,0,59557.0
1,49,9,1727,331,0,0,41288.0
1,45,5,0,0,0,1,4413.0
1,23,9,305,3115,0,0,105080.0
1,23,9,325,1155,0,0,97331.0
1,23,9,214,4749,0,0,99754.0
1,23,9,196,16493,0,0,83678.0
1,45,5,0,0,0,1,93795.0
1,23,9,202,6935,0,0,124060.0
1,23,6,296,17520,0,0,88165.0
1,45,5,0,0,0,1,18216.0
1,49,9,881,330,0,0,103034.0
1,49,9,2119,387,0,0,59770.0
1,23,9,286,406,0,0,118521.0
1,20,9,12,0,0,0,111167.0
1,19,9,1535,4152,0,0,55198.0
0,14,9,8,0,0,1,104371.0
1,4,9,14,38,0,0,96413.0
1,23,9,221,3127,0,0,55161.0
1,20,9,567,0,0,0,20620.0
1,23,9,290,6178,0,0,91621.0
2,41,9,516,4,0,0,109240.0
1,23,9,296,1806,0,0,107247.0
1,23,9,296,1509,0,0,2551.0
1,23,9,220,866,0,0,7859.0
1,23,9,215,2650,0,0,118723.0
0,14,9,8,0,0,1,78636.0
2,41,9,145,105,0,0,102653.0
1,45,5,0,0,0,1,114254.0
0,60,9,183,0,0,0,99739.0
1,23,9,321,283,0,0,61715.0
1,23,9,223,1538,0,0,63071.0
1,5,1,0,0,0,1,23177.0
1,23,9,215,57111,0,0,65083.0
1,23,9,268,4175,0,0,25064.0
1,49,9,3110,330,0,0,84490.0
1,49,9,860,390,0,0,92484.0
1,23,9,321,1161,0,0,64183.0
1,19,9,1220,3380,0,0,7299.0
1,23,9,331,33990,0,0,106948.0
2,12,9,46,134,0,0,102026.0
1,23,9,240,3214,0,0,118309.0
1,45,5,0,0,0,1,19905.0
2,12,9,44,135,0,0,67487.0
1,23,9,301,1810,0,0,99653.0
1,23,9,305,2178,0,0,110768.0
1,23,9,226,1125,0,0,22539.0
1,23,9,320,1529,0,0,36274.0
1,23,9,365,807,0,0,64803.0
1,49,9,2222,327,0,0,52787.0
1,20,9,5558,0,0,0,91218.0
1,49,9,640,328,0,0,52948.0
1,45,5,0,0,0,1,35359.0
2,12,9,44,134,0,0,51615.0
0,15,9,1032,0,0,0,76600.0
1,23,9,349,4726,0,0,109019.0
1,45,4,1,0,0,1,62157.0
0,15,9,1032,0,0,0,11450.0
1,45,1,0,0,0,1,61242.0
1,23,9,228,3766,0,0,3362.0
1,22,5,0,0,0,1,45933.0
1,45,5,0,0,0,1,52713.0
1,63,1,0,0,0,1,80553.0
1,23,9,321,11485,0,0,80099.0
1,6,5,0,0,0,1,55819.0
1,23,9,209,3692,0,0,53260.0
1,45,5,0,0,0,1,31453.0
2,12,9,45,135,0,0,96759.0
1,23,9,232,9567,0,0,7229.0
0,14,9,8,0,0,1,83407.0
1,7,1,0,0,0,1,19789.0
1,23,1,0,0,0,1,73985.0
1,23,9,323,511,0,0,41419.0
2,12,9,46,147,0,0,103273.0
1,10,5,0,0,0,1,19969.0
1,20,9,852,0,0,0,33375.0
1,20,9,607,0,0,0,33294.0
1,23,9,293,8212,0,0,114525.0
1,23,9,199,174,0,0,36441.0
1,24,5,0,0,0,1,50245.0
1,49,9,817,333,0,0,113745.0
1,20,9,3690,0,0,0,45993.0
1,19,9,243,774,0,0,28137.0
1,23,9,238,2174,0,0,47534.0
0,14,9,8,0,0,1,63960.0
1,20,9,5319,0,0,0,45140.0
1,23,9,216,594,0,0,51386.0
1,23,9,315,5730,0,0,67653.0
1,18,5,0,0,1,1,47492.0
2,41,9,145,0,0,0,52891.0
2,12,9,43,43,0,0,61780.0
1,49,9,642,339,0,0,86865.0
1,4,9,9,36,0,0,31860.0
1,23,9,205,1900,0,0,8615.0
1,34,5,0,0,0,1,101447.0
2,12,9,44,73,0,0,114305.0
1,20,9,1199,0,0,0,76202.0
1,23,4,54540,8314,0,0,118932.0
0,15,9,1032,0,0,0,65851.0
1,23,9,148,14997,0,0,46766.0
1,34,5,0,0,0,1,77032.0
1,45,5,0,0,0,1,58764.0
1,41,1,0,0,0,1,115696.0
1,23,9,245,22021,0,0,114339.0
1,23,1,0,0,0,1,98434.0
1,20,9,12,0,0,0,23225.0
1,49,2,0,0,0,1,95370.0
1,49,9,698,331,0,0,37003.0
2,45,9,28,0,0,1,81130.0
1,6,5,0,0,0,1,22210.0
1,45,5,0,0,0,1,58002.0
0,14,9,8,0,0,1,3563.0
1,23,9,352,2212,0,0,49913.0
2,12,9,44,113,0,0,39722.0
1,37,5,0,0,0,1,78328.0
1,23,9,304,10393,0,0,38489.0
1,23,9,209,2408,0,0,932.0
1,20,9,40494,0,0,0,35878.0
2,12,9,44,132,0,0,68864.0
1,64,5,0,0,0,1,100383.0
1,23,1,0,0,0,1,96076.0
1,23,9,242,569,0,0,38392.0
1,45,5,0,0,0,1,62371.0
1,20,9,2194619,0,0,0,33565.0
1,23,9,205,1643,0,0,46973.0
1,22,5,0,0,0,1,16911.0
1,5,1,0,0,0,1,116273.0
1,23,9,261,282,0,0,96098.0
1,41,4,0,0,0,1,125069.0
1,45,1,0,0,0,1,97912.0
2,41,9,1,0,0,1,78025.0
2,12,9,44,138,0,0,24645.0
2,12,9,86,0,0,0,98586.0
1,38,5,0,0,0,1,97363.0
2,12,9,42,42,0,0,12506.0
1,58,5,0,0,0,1,3333.0
1,33,5,0,0,0,1,24336.0
1,23,9,207,324,0,0,16149.0
1,23,9,54540,8314,0,0,1540.0
0,15,9,1032,0,0,0,13329.0
1,23,9,286,13635,0,0,23085.0
1,45,5,0,0,0,1,41577.0
2,12,9,45,139,0,0,110844.0
1,23,9,235,434,0,0,69755.0
0,15,9,1480,0,0,0,45914.0
0,15,9,1032,0,0,0,124760.0
1,4,5,0,0,0,1,108217.0
1,23,9,325,392,0,0,123478.0
1,23,9,175,8520,0,0,64824.0
2,12,9,45,74,0,0,5006.0
1,23,5,0,0,0,1,45398.0
1,45,5,0,0,0,1,116788.0
1,45,1,0,0,0,1,99167.0
1,23,1,0,0,0,1,59564.0
1,45,5,0,0,0,1,113149.0
0,14,9,8,0,0,1,99859.0
2,12,9,45,45,0,0,1050.0
1,33,5,0,0,0,1,50735.0
1,5,5,0,0,0,1,81546.0
1,24,5,0,0,0,1,95401.0
2,12,9,43,65,0,0,81568.0
0,14,9,8,0,0,1,78518.0
1,41,5,0,0,0,1,89869.0
1,23,9,399,229,0,0,86037.0
1,41,4,1,0,0,1,51245.0
1,23,9,223,422,0,0,74227.0
0,15,9,520,0,0,0,13412.0
1,23,9,211,11620,0,0,62069.0
2,12,9,29,82,0,0,29088.0
1,49,9,942,332,0,0,28760.0
1,23,5,0,0,0,1,10506.0
1,54,5,0,0,0,1,10136.0
1,45,5,0,0,0,1,94398.0
1,20,5,0,0,0,1,37951.0
1,7,1,0,0,0,1,60065.0
1,62,5,0,0,0,1,16156.0
1,23,1,0,0,0,1,112777.0
0,14,9,8,0,0,1,80469.0
1,23,1,0,0,0,1,60114.0
2,12,9,45,130,0,0,125585.0
1,49,9,837,335,0,0,14066.0
2,12,9,44,129,0,0,113643.0
2,41,9,146,0,0,0,87574.0
1,23,9,321,703,0,0,112799.0
1,11,5,0,0,0,1,37944.0
1,23,9,304,263,0,0,115365.0
1,49,9,974,332,0,0,112468.0
1,18,9,6,138,0,0,57520.0
1,45,5,0,0,0,1,20955.0
1,23,9,309,2728,0,0,4619.0
1,55,5,0,0,0,1,103939.0
1,20,9,0,5150841,0,0,40287.0
1,23,9,269,944,0,0,46125.0
1,23,9,216,594,0,0,12053.0
1,45,5,0,0,0,1,93503.0
1,52,5,0,0,0,1,12072.0
1,20,9,259,0,0,0,27041.0
1,58,5,0,0,0,1,59227.0
1,23,9,161,27554,0,0,114298.0
2,45,9,1,0,0,1,35720.0
1,45,5,0,0,0,1,49127.0
1,5,1,0,0,0,1,12428.0
1,23,9,311,1646,0,0,35309.0
1,2,5,0,0,0,1,78723.0
1,49,9,1165,330,0,0,109625.0
1,45,5,0,0,0,1,115835.0
1,23,9,221,915,0,0,121515.0
1,45,1,0,0,0,1,43135.0
1,23,9,208,3892,0,0,42725.0
0,14,9,8,0,0,1,101467.0
1,45,5,0,0,0,1,112695.0
1,23,9,246,354,0,0,47878.0
1,58,5,0,0,0,1,42424.0
1,23,9,54540,8314,0,0,10828.0
2,12,9,45,133,0,0,62037.0
1,45,5,0,0,0,1,79652.0
0,14,9,8,0,0,1,44734.0
1,23,9,334,281,0,0,116857.0
1,23,9,204,3670,0,0,63615.0
1,23,9,212,261,0,0,98271.0
1,2,5,0,0,0,1,109182.0
1,61,5,0,0,0,1,83987.0
1,20,9,15377,0,0,0,75067.0
2,41,9,147,105,0,0,11279.0
1,23,9,293,9965,0,0,9040.0
1,23,1,0,0,0,1,47282.0
2,41,9,1,0,0,1,11891.0
1,23,9,303,392,0,0,111441.0
0,14,9,8,0,0,1,88571.0
1,62,5,0,0,0,1,37044.0
1,23,9,328,2532,0,0,70622.0
1,49,9,567,328,0,0,40825.0
1,23,9,324,762,0,0,79580.0
1,52,5,0,0,0,1,110040.0
0,15,9,1032,0,0,0,95612.0
1,23,9,304,3222,0,0,75843.0
1,45,5,0,0,0,1,45537.0
2,12,9,46,130,0,0,108398.0
1,23,9,242,2341,0,0,93035.0
1,18,5,0,0,0,1,85832.0
1,23,9,321,2792,0,0,7826.0
1,23,9,326,1528,0,0,65352.0
1,23,9,330,447,0,0,5183.0
1,45,5,0,0,0,1,111062.0
1,5,5,0,0,0,1,7001.0
2,41,9,146,105,0,0,61733.0
1,6,5,0,0,0,1,73915.0
1,10,2,0,0,0,1,79607.0
1,23,5,0,0,0,1,17951.0
1,45,5,0,0,0,1,36812.0
1,23,9,199,363,0,0,11692.0
1,23,9,298,37236,0,0,87063.0
1,23,9,329,6148,0,0,24113.0
1,23,9,325,369,0,0,106419.0
1,20,9,19,0,0,0,70879.0
1,23,9,234,623,0,0,114121.0
1,23,9,272,769,0,0,96813.0
2,45,9,28,0,0,1,18005.0
1,23,9,299,4555,0,0,60571.0
1,37,5,0,0,0,1,106379.0
1,45,5,0,0,0,1,32903.0
1,55,5,0,0,0,1,92539.0
1,22,1,0,0,0,1,116467.0
1,23,9,235,7900,0,0,86418.0
1,23,1,0,0,0,1,52955.0
1,23,9,198,6232,0,0,97091.0
1,19,5,0,0,0,1,60078.0
1,23,9,258,2366,0,0,33586.0
1,45,5,0,0,0,1,116190.0
1,6,5,0,0,0,1,66465.0
1,23,9,330,330,0,0,121701.0
1,23,9,244,2576,0,0,31807.0
2,12,9,45,130,0,0,23431.0
1,23,9,264,3393,0,0,122366.0
1,23,9,230,559,0,0,14488.0
2,12,9,88,0,0,0,67112.0
1,37,5,0,0,0,1,10403.0
1,63,4,0,0,0,1,30671.0
1,63,5,0,0,0,1,76960.0
1,61,5,0,0,0,1,33532.0
1,55,5,0,0,0,1,92489.0
1,5,4,0,0,0,1,11371.0
1,23,9,309,367,0,0,23350.0
1,23,9,321,695,0,0,40961.0
1,20,9,1363,0,0,0,17451.0
2,12,9,43,107,0,0,27472.0
1,20,5,0,0,0,1,109828.0
2,12,9,34,0,0,0,95123.0
1,23,9,252,1800,0,0,28027.0
1,6,5,0,0,0,1,54810.0
0,60,9,181,0,0,0,29461.0
1,45,5,0,0,0,1,47015.0
1,23,9,181,22657,0,0,120643.0
1,27,1,0,0,0,1,99428.0
0,15,9,1032,0,0,0,115865.0
1,49,9,1116,333,0,0,3020.0
1,23,1,0,0,0,1,12331.0
1,45,5,0,0,0,1,8050.0
2,41,9,147,105,0,0,45395.0
1,23,9,265,254,0,0,51235.0
1,49,9,1036,337,0,0,22485.0
0,15,9,1032,0,0,0,7788.0
2,45,9,105,146,0,0,38185.0
1,23,9,228,2507,0,0,120446.0
1,23,9,252,7488,0,0,72141.0
1,45,1,0,0,0,1,120429.0
1,0,2,0,0,0,0,98774.0
1,23,1,0,0,0,1,89091.0
2,45,9,1,0,0,1,56208.0
1,49,9,680,335,0,0,95741.0
1,23,9,336,600,0,0,119271.0
1,49,9,1328,438,0,0,35100.0
1,23,9,324,13335,0,0,110940.0
1,23,9,350,2097,0,0,5725.0
1,45,1,0,0,0,1,37254.0
1,19,5,0,0,0,1,111034.0
1,23,9,222,267,0,0,15725.0
1,23,9,329,1695,0,0,114278.0
1,45,1,0,0,0,1,59473.0
1,45,5,0,0,0,1,89854.0
1,23,1,0,0,0,1,35077.0
1,45,5,0,0,0,1,47922.0
1,23,9,228,1112,0,0,21987.0
1,20,9,11,0,0,0,70346.0
2,41,9,516,4,0,0,61889.0
1,31,2,0,0,0,1,63569.0
1,45,5,0,0,0,1,124608.0
1,23,9,336,7602,0,0,120431.0
1,23,9,234,5292,0,0,30704.0
1,23,1,0,0,0,1,105492.0
1,23,9,240,311,0,0,95283.0
1,23,9,219,4624,0,0,40704.0
0,14,9,8,0,0,1,19855.0
1,10,5,0,0,0,1,64840.0
1,45,1,0,0,0,1,63359.0
1,45,5,0,0,0,1,15439.0
1,23,9,182,14650,0,0,64279.0
2,41,9,147,105,0,0,3950.0
1,23,9,345,3076,0,0,63162.0
1,23,9,224,994,0,0,18899.0
1,23,9,148,5170,0,0,69889.0
2,45,9,105,145,0,0,118484.0
1,45,1,0,0,0,1,7348.0
1,23,9,297,2584,0,0,50296.0
1,20,9,334,0,0,0,56027.0
2,12,9,42,42,0,0,28052.0
1,10,5,0,0,0,1,28977.0
1,20,9,334,0,0,0,42512.0
1,23,1,0,0,0,1,111338.0
1,45,5,0,0,0,1,108662.0
1,55,5,0,0,0,1,73040.0
0,14,9,8,0,0,1,17342.0
1,23,9,309,839,0,0,54986.0
0,14,9,8,0,0,1,107927.0
0,14,9,8,0,0,1,16603.0
2,12,9,43,109,0,0,91078.0
1,49,9,1000,388,0,0,111284.0
1,45,5,0,0,0,1,119168.0
1,45,5,0,0,0,1,74190.0
1,49,9,3217,333,0,0,90363.0
1,23,9,261,22311,0,0,108736.0
1,23,9,219,3313,0,0,5490.0
1,64,5,0,0,0,1,42838.0
1,23,5,0,0,0,1,101193.0
1,49,9,1170,404,0,0,31583.0
1,23,9,284,39474,0,0,88540.0
1,19,9,1500,4152,0,0,106517.0
1,61,5,0,0,0,1,47607.0
1,23,9,169,25256,0,0,116234.0
1,23,9,228,269,0,0,7231.0
1,6,5,0,0,0,1,76612.0
1,45,1,0,0,0,1,43278.0
1,23,5,0,0,0,1,103878.0
1,20,9,2194619,0,0,0,68871.0
1,45,5,0,0,0,1,187.0
1,54,5,0,0,0,1,108708.0
1,23,9,418,9927,0,0,28484.0
1,48,2,0,0,0,1,60031.0
2,12,9,46,129,0,0,102006.0
1,23,9,290,7764,0,0,121728.0
1,23,9,255,3561,0,0,72640.0
2,41,9,145,105,0,0,71362.0
1,23,9,211,362,0,0,78595.0
1,41,1,0,0,0,1,98693.0
0,14,9,8,0,0,1,29534.0
1,11,5,0,0,0,1,61502.0
1,23,9,225,9284,0,0,103635.0
1,23,9,321,14962,0,0,11841.0
2,41,9,23,0,0,1,62967.0
1,20,9,59,0,0,0,31104.0
1,23,9,222,1721,0,0,98066.0
2,12,9,46,122,0,0,30798.0
1,45,1,0,0,0,1,105346.0
1,23,9,239,452,0,0,106179.0
1,2,5,0,0,0,1,38729.0
1,49,9,909,331,0,0,37051.0
1,23,9,210,2480,0,0,8997.0
1,45,5,0,0,0,1,8131.0
1,35,5,0,0,0,1,39053.0
1,27,5,0,0,0,1,37240.0
1,41,5,0,0,0,1,43767.0
1,38,5,0,0,0,1,114561.0
1,23,9,214,19377,0,0,37204.0
1,45,5,0,0,0,1,98593.0
1,42,5,0,0,0,1,15583.0
1,23,9,291,6924,0,0,56101.0
1,23,9,303,1075,0,0,11395.0
0,60,9,78,0,0,0,26870.0
1,21,5,0,0,0,1,118934.0
1,45,1,0,0,0,1,25366.0
1,23,9,368,1871,0,0,100907.0
1,23,9,236,1906,0,0,28271.0
0,15,9,1032,0,0,0,44432.0
1,49,9,1020,329,0,0,68451.0
0,14,9,8,0,0,1,120650.0
2,41,9,113,0,0,0,64986.0
1,23,9,262,5957,0,0,42999.0
1,23,9,314,255,0,0,16874.0
1,28,5,0,0,0,1,29401.0
1,45,5,0,0,0,1,121158.0
2,12,9,45,136,0,0,123572.0
1,23,9,227,10431,0,0,21938.0
0,15,9,1032,0,0,0,120567.0
2,12,9,45,131,0,0,102333.0
1,45,5,0,0,0,1,11865.0
1,23,9,317,280,0,0,25538.0
1,55,9,11487,20777,0,0,75079.0
1,20,9,1342,0,0,0,110870.0
0,15,9,520,0,0,0,96272.0
1,20,9,8173,0,0,0,57663.0
1,45,5,0,0,0,1,60357.0
1,23,9,248,285,0,0,96551.0
1,23,9,209,9158,0,0,17591.0
1,49,9,810,329,0,0,17347.0
1,45,5,0,0,0,1,109668.0
1,45,5,0,0,0,1,39658.0
1,17,5,0,0,0,1,60043.0
1,23,9,204,2289,0,0,75306.0
1,23,9,187,764,0,0,30921.0
1,41,9,15876,0,0,0,43331.0
1,45,5,0,0,0,1,111018.0
1,23,9,192,163,0,0,73777.0
1,61,5,0,0,0,1,12244.0
1,45,5,0,0,0,1,103274.0
0,14,9,8,0,0,1,51542.0
1,23,9,270,1114,0,0,70813.0
1,45,5,0,0,0,1,29968.0
0,14,9,18,0,0,1,26009.0
1,23,9,206,1037,0,0,14406.0
2,45,9,28,0,0,1,113707.0
1,23,9,241,1734,0,0,58579.0
1,32,5,0,0,0,1,26446.0
1,11,5,0,0,0,1,117910.0
1,23,9,352,8260,0,0,22948.0
1,23,9,338,290,0,0,23476.0
1,45,5,0,0,0,1,12522.0
1,23,9,282,10189,0,0,29096.0
1,23,9,216,381,0,0,77674.0
0,60,9,183,0,0,0,61942.0
1,45,5,0,0,0,1,67365.0
1,63,1,0,0,0,1,95426.0
1,33,1,0,0,0,1,46485.0
1,23,9,327,125015,0,0,115574.0
0,15,9,1032,0,0,0,43266.0
1,24,5,0,0,0,1,62195.0
1,20,9,334,0,0,0,11190.0
1,23,9,225,761,0,0,53644.0
1,23,9,54540,8314,0,0,120710.0
2,45,9,28,0,0,1,23668.0
1,23,9,291,321,0,0,32893.0
1,45,1,0,0,0,1,72459.0
1,23,9,264,2622,0,0,86089.0
0,15,9,30,0,0,0,44156.0
1,45,1,0,0,0,1,86821.0
1,4,5,0,0,0,1,97425.0
1,23,9,302,2507,0,0,82880.0
1,23,9,206,5739,0,0,2522.0
1,23,9,166,1992,0,0,8074.0
1,45,5,0,0,0,1,47005.0
0,14,9,8,0,0,1,7628.0
1,45,5,0,0,0,1,60037.0
1,20,9,12,0,0,0,100443.0
1,37,5,0,0,0,1,77666.0
1,23,9,284,614,0,0,62125.0
1,63,5,0,0,0,1,79925.0
1,23,9,222,9763,0,0,57259.0
1,18,5,0,0,0,1,54824.0
1,22,5,0,0,0,1,54974.0
2,45,9,28,0,0,1,82782.0
1,10,5,0,0,0,1,104737.0
2,12,9,43,132,0,0,55214.0
1,41,4,1,0,0,1,69900.0
1,23,1,0,0,0,1,97611.0
1,9,5,0,0,0,1,69917.0
1,5,5,0,0,0,1,11058.0
1,22,1,0,0,0,1,87440.0
1,45,5,0,0,0,1,57930.0
1,23,9,235,1483,0,0,83347.0
1,23,9,54540,8314,0,0,89547.0
1,23,9,232,5381,0,0,29728.0
1,45,5,0,0,0,1,33097.0
1,45,5,0,0,0,1,95899.0
1,41,1,0,0,0,1,59299.0
1,20,9,334,0,0,0,44365.0
1,31,2,0,0,0,1,7326.0
2,12,9,45,140,0,0,34447.0
1,41,9,8325,0,0,0,30981.0
1,55,5,0,0,0,1,59262.0
2,45,9,1,0,0,1,79773.0
1,5,5,0,0,0,1,117800.0
1,29,5,0,0,0,1,31511.0
1,20,9,35,0,0,0,114390.0
1,45,5,0,0,0,1,120181.0
1,22,1,0,0,0,1,14444.0
1,24,5,0,0,0,1,53117.0
0,15,9,1032,0,0,0,26360.0
1,23,9,228,1380,0,0,106317.0
1,20,9,334,0,0,0,43342.0
1,23,9,296,301,0,0,112645.0
1,20,5,0,0,0,1,13379.0
1,23,9,289,261,0,0,97417.0
0,14,9,8,0,0,1,23044.0
0,14,9,8,0,0,1,93553.0
1,23,9,259,749,0,0,24152.0
1,49,9,2996,386,0,0,33109.0
1,23,9,227,955,0,0,106220.0
1,27,5,0,0,0,1,26814.0
2,12,9,45,135,0,0,32680.0
1,23,9,226,4368,0,0,40312.0
1,19,6,333,1025,0,0,38953.0
1,23,9,305,313,0,0,42736.0
0,14,9,8,0,0,1,61064.0
1,4,9,9,37,0,0,123977.0
1,45,5,0,0,0,1,73853.0
1,45,5,0,0,0,1,51462.0
1,45,4,0,0,0,1,125773.0
2,12,9,45,134,0,0,99968.0
1,23,9,316,1848,0,0,33663.0
1,52,5,0,0,0,1,11644.0
1,61,2,0,0,0,1,57980.0
1,10,5,0,0,0,1,57400.0
1,23,9,345,566,0,0,116576.0
2,41,9,147,105,0,0,18223.0
1,55,9,283,6519,0,0,107403.0
1,45,1,0,0,0,1,35205.0
1,38,5,0,0,0,1,41766.0
1,23,5,0,0,0,1,121875.0
1,8,5,0,0,0,1,44867.0
1,23,9,240,4600,0,0,71485.0
1,23,9,208,2774,0,0,10094.0
1,23,9,298,13020,0,0,100606.0
2,12,9,46,75,0,0,117589.0
1,23,9,307,12304,0,0,16359.0
1,45,5,0,0,0,1,50985.0
0,14,9,8,0,0,1,50475.0
1,41,4,1,0,0,1,35668.0
1,23,9,182,9442,0,0,107683.0
1,23,9,298,370,0,0,88605.0
1,34,5,0,0,0,1,101288.0
1,41,1,0,0,0,1,40041.0
1,23,9,198,5501,0,0,40550.0
1,19,9,1473,4152,0,0,78206.0
2,12,9,46,120,0,0,45669.0
1,20,9,3775,0,0,0,113660.0
1,23,9,265,14496,0,0,90725.0
2,41,9,147,105,0,0,94076.0
1,23,9,201,492,0,0,27247.0
1,35,5,0,0,0,1,86528.0
0,15,9,1032,0,0,0,8119.0
1,61,5,0,0,0,1,13873.0
2,12,9,35,51,0,0,13224.0
1,37,5,0,0,0,1,20993.0
1,17,5,0,0,0,1,44702.0
1,45,5,0,0,0,1,93807.0
2,12,9,45,131,0,0,66809.0
1,23,9,301,2545,0,0,34689.0
2,12,9,44,70,0,0,21900.0
1,20,5,0,0,0,1,70683.0
1,45,5,0,0,0,1,69547.0
1,45,5,0,0,0,1,28287.0
1,39,5,0,0,0,1,48063.0
1,23,9,171,389,0,0,80860.0
1,45,5,0,0,0,1,30916.0
1,49,9,1048,337,0,0,20942.0
1,23,9,217,1818,0,0,88675.0
1,23,9,233,636,0,0,34297.0
1,45,5,0,0,0,1,86672.0
1,13,5,0,0,0,1,29761.0
1,18,9,10,139,0,0,70219.0
1,45,5,0,0,0,1,83326.0
1,45,5,0,0,0,1,28493.0
1,23,9,328,1995,0,0,86191.0
0,14,9,8,0,0,1,57089.0
2,12,9,44,132,0,0,35124.0
1,23,9,321,36644,0,0,26739.0
1,23,9,302,1075,0,0,100432.0
1,25,5,0,0,0,1,41177.0
1,37,5,0,0,0,1,84657.0
1,18,9,6,139,0,0,59315.0
1,23,9,234,361,0,0,104447.0
1,45,5,0,0,0,1,10647.0
1,23,9,266,572,0,0,116747.0
2,12,9,44,131,0,0,117584.0
1,33,5,0,0,0,1,103987.0
1,45,5,0,0,0,1,49134.0
1,23,9,259,392,0,0,24747.0
1,62,5,0,0,0,1,117920.0
1,49,9,988,331,0,0,49848.0
1,20,5,0,0,0,1,68353.0
2,56,9,1,0,0,1,96164.0
1,20,9,1470,0,0,0,86947.0
1,58,5,0,0,0,1,36746.0
1,45,5,0,0,0,1,4416.0
1,20,9,3468,0,0,0,124504.0
1,23,9,54540,8314,0,0,85808.0
1,27,5,0,0,0,1,110420.0
1,45,5,0,0,0,1,73334.0
1,23,9,234,1075,0,0,107639.0
0,14,9,8,0,0,1,91111.0
1,52,5,0,0,0,1,97570.0
2,12,9,43,70,0,0,41329.0
1,23,9,220,3885,0,0,45646.0
1,45,5,0,0,0,1,19223.0
1,20,9,7321,0,0,0,48829.0
1,23,9,296,373,0,0,54235.0
0,15,9,1032,0,0,0,42797.0
1,23,9,225,2043,0,0,31886.0
1,64,5,0,0,0,1,40349.0
2,45,9,105,147,0,0,16886.0
1,49,9,1272,384,0,0,61037.0
2,12,9,46,46,0,0,60066.0
1,16,5,0,0,0,1,32374.0
1,23,9,306,342,0,0,72277.0
1,45,1,0,0,0,1,31481.0
2,12,9,44,74,0,0,39946.0
1,23,7,182,9443,0,0,109464.0
1,45,5,0,0,0,1,68753.0
1,49,9,1514,491,0,0,28826.0
1,45,4,0,0,0,1,40600.0
1,45,5,0,0,0,1,108916.0
1,23,9,237,642,0,0,89645.0
1,13,5,0,0,0,1,76648.0
1,43,9,38,130,0,0,28012.0
1,23,9,260,9728,0,0,5003.0
1,55,5,0,0,0,1,112893.0
1,23,1,0,0,0,1,107230.0
2,12,9,44,114,0,0,85584.0
0,14,9,18,0,0,1,53634.0
1,55,9,9941,41006,0,0,114075.0
1,23,9,198,293,0,0,17648.0
1,45,10,0,0,0,1,73175.0
2,45,9,105,147,0,0,64164.0
1,23,9,323,1262,0,0,64218.0
1,23,5,0,0,0,1,88152.0
2,41,9,147,105,0,0,95067.0
1,20,9,641,0,0,0,33296.0
1,39,2,0,0,0,1,69857.0
1,23,9,267,10735,0,0,72875.0
1,23,1,0,0,0,1,12303.0
2,12,9,31,0,0,0,69875.0
0,15,9,1032,0,0,0,74543.0
1,23,9,246,380,0,0,48117.0
1,45,5,0,0,0,1,39103.0
1,23,9,328,7161,0,0,97971.0
1,23,9,230,1380,0,0,3941.0
1,45,5,0,0,0,1,106711.0
1,53,5,0,0,0,1,1411.0
1,28,5,0,0,0,1,45939.0
1,23,9,186,50390,0,0,122089.0
1,20,9,495,0,0,0,78589.0
1,23,5,0,0,0,1,109010.0
1,23,1,0,0,0,1,46144.0
1,20,9,334,0,0,0,48.0
1,45,5,0,0,0,1,36059.0
1,9,5,0,0,0,1,50686.0
1,11,9,48,487,0,0,123875.0
1,23,9,207,1695,0,0,77395.0
2,12,9,45,45,0,0,53912.0
1,55,6,0,0,0,1,45410.0
1,45,1,0,0,0,1,12662.0
0,14,9,30,0,0,0,116656.0
1,45,5,0,0,0,1,51304.0
1,45,1,0,0,0,1,2495.0
1,45,5,0,0,0,1,20324.0
1,41,4,1,0,0,1,103098.0
1,5,5,0,0,0,1,51553.0
1,11,9,48,496,0,0,102771.0
1,45,1,0,0,0,1,36369.0
1,23,9,192,1482,0,0,73451.0
1,49,9,1784,361,0,0,11868.0
1,23,1,0,0,0,1,59926.0
1,23,9,222,623,0,0,125793.0
2,12,9,44,44,0,0,55743.0
1,62,1,0,0,0,1,11970.0
1,49,9,1331,329,0,0,48513.0
1,23,9,311,2083,0,0,85182.0
2,45,9,28,0,0,1,119128.0
1,49,9,14305,1369,0,0,123113.0
2,12,9,86,0,0,0,32461.0
1,49,9,2017,487,0,0,43742.0
1,23,9,223,1694,0,0,72658.0
1,49,9,2168,402,0,0,942.0
1,45,5,0,0,0,1,80033.0
2,12,9,43,129,0,0,41346.0
1,3,1,0,0,0,1,101687.0
2,45,9,105,146,0,0,55092.0
1,45,5,0,0,0,1,97237.0
2,45,9,105,146,0,0,68837.0
1,20,9,8325,0,0,0,121410.0
1,64,3,0,0,0,1,106083.0
1,45,5,0,0,0,1,23725.0
2,12,9,45,136,0,0,43904.0
2,45,9,105,0,0,0,35287.0
1,45,5,0,0,0,1,45060.0
2,12,9,45,45,0,0,94914.0
1,23,9,166,429,0,0,65399.0
1,23,5,0,0,0,1,22030.0
1,45,1,0,0,0,1,18021.0
2,12,9,131,44,0,0,88754.0
1,23,9,235,5280,0,0,30321.0
1,23,9,307,433,0,0,80138.0
1,23,9,139,29859,0,0,114352.0
1,45,5,0,0,0,1,38503.0
1,20,9,12,0,0,0,114042.0
1,58,5,0,0,0,1,61575.0
2,12,9,46,78,0,0,73251.0
1,23,9,334,260,0,0,39681.0
1,45,5,0,0,0,1,85682.0
2,12,9,44,128,0,0,22950.0
1,50,5,0,0,0,1,88534.0
1,17,2,0,0,0,1,31968.0
1,23,9,248,321,0,0,116827.0
1,23,9,283,18037,0,0,15642.0
1,23,9,333,4296,0,0,17179.0
2,12,9,45,131,0,0,1493.0
2,45,9,28,0,0,1,69404.0
1,23,9,237,275,0,0,124118.0
1,45,5,0,0,0,1,30091.0
1,20,5,0,0,0,1,47883.0
1,20,5,0,0,0,1,79861.0
1,45,4,0,0,0,1,8120.0
1,45,5,0,0,0,1,90846.0
2,12,9,46,92,0,0,105470.0
2,12,9,31,0,0,0,75128.0
1,45,5,0,0,0,1,80626.0
1,23,9,326,982,0,0,7053.0
2,45,9,207,0,0,0,113194.0
1,23,9,256,481,0,0,119163.0
1,52,5,0,0,0,1,117575.0
2,12,9,45,45,0,0,44889.0
1,23,0,0,17520,0,0,115822.0
1,23,9,160,497,0,0,34403.0
1,45,5,0,0,0,1,82336.0
0,60,9,182,0,0,0,38197.0
1,24,5,0,0,0,1,63270.0
1,23,9,225,1406,0,0,125459.0
1,45,5,0,0,0,1,62511.0
2,12,9,42,70,0,0,90654.0
1,45,5,0,0,0,1,74626.0
1,10,5,0,0,0,1,93326.0
1,23,9,211,1896,0,0,87011.0
1,11,1,0,0,0,1,17344.0
1,49,9,1869,390,0,0,48683.0
1,5,5,0,0,0,1,83259.0
1,45,5,0,0,0,1,4144.0
0,14,9,8,0,0,1,68610.0
1,55,9,5851,15387,0,0,38735.0
1,45,4,0,0,0,1,25616.0
1,10,5,0,0,0,1,32276.0
0,14,9,30,0,0,0,47398.0
1,23,1,0,0,0,1,89307.0
1,23,1,0,0,0,1,7391.0
1,58,5,0,0,0,1,101929.0
1,23,9,218,5269,0,0,51187.0
1,23,9,332,1722,0,0,116613.0
1,20,9,1690,0,0,0,77084.0
1,53,5,0,0,0,1,73018.0
2,12,9,42,0,0,0,56217.0
1,26,5,0,0,0,1,109811.0
2,12,9,44,79,0,0,92527.0
1,23,9,349,1112,0,0,95106.0
1,38,1,0,0,0,1,95076.0
1,23,9,322,9079,0,0,29754.0
1,45,5,0,0,0,1,59526.0
1,20,9,334,0,0,0,8927.0
0,14,9,8,0,0,1,117944.0
1,18,5,0,0,0,1,114899.0
1,58,5,0,0,0,1,8991.0
2,12,9,45,139,0,0,44627.0
1,23,9,206,2483,0,0,40643.0
1,23,9,290,394,0,0,3125.0
2,40,9,48,48,0,0,342.0
1,62,5,0,0,0,1,82367.0
0,15,9,1032,0,0,0,104848.0
1,49,9,1951,363,0,0,49502.0
1,23,9,188,17140,0,0,42498.0
1,23,9,232,9743,0,0,91849.0
1,38,5,0,0,0,1,5973.0
1,45,5,0,0,0,1,58688.0
1,45,5,0,0,0,1,91961.0
1,45,5,0,0,0,1,21427.0
1,49,9,707,332,0,0,84260.0
1,4,5,0,0,0,1,51467.0
1,23,9,324,788,0,0,78387.0
1,23,9,241,349,0,0,27049.0
1,45,5,0,0,0,1,87052.0
1,20,9,10261,0,0,0,40177.0
0,14,9,8,0,0,1,15673.0
1,18,5,0,0,0,1,123251.0
1,53,5,0,0,0,1,42906.0
1,23,9,261,33318,0,0,95112.0
1,20,5,0,0,0,1,35425.0
1,41,1,0,0,0,1,108405.0
1,23,9,186,719,0,0,90020.0
1,33,5,0,0,0,1,57258.0
1,23,9,216,924,0,0,106134.0
2,12,9,44,130,0,0,39643.0
1,61,5,0,0,0,1,106004.0
1,23,9,217,3193,0,0,80947.0
1,10,5,0,0,0,1,49353.0
1,61,5,0,0,0,1,46552.0
1,45,5,0,0,0,1,49962.0
1,23,1,0,0,0,1,92754.0
1,20,9,175337,0,0,0,81769.0
1,61,2,0,0,0,1,125090.0
1,23,9,351,7310,0,0,105805.0
1,23,9,223,1296,0,0,96905.0
1,45,5,0,0,0,1,8145.0
0,15,9,1032,0,0,0,8123.0
1,23,9,161,760,0,0,14897.0
2,12,9,46,135,0,0,64777.0
1,20,9,334,0,0,0,122309.0
1,55,2,0,15,0,1,76813.0
1,23,5,0,0,0,1,65039.0
1,55,9,141,2713,0,0,40333.0
2,45,9,105,0,0,0,9691.0
1,49,9,689,329,0,0,94009.0
1,23,9,223,1134,0,0,101734.0
2,12,9,45,136,0,0,36358.0
1,19,5,0,0,0,1,28790.0
1,55,9,353,18600,0,0,48702.0
1,23,9,212,1197,0,0,19392.0
1,0,4,858,5503,0,0,8804.0
1,49,9,2777,391,0,0,111374.0
1,23,9,54540,8314,0,0,103754.0
1,23,9,343,5121,0,0,22796.0
1,6,5,0,0,0,1,20004.0
1,23,9,255,2042,0,0,32280.0
2,41,9,145,105,0,0,67677.0
1,23,9,327,10407,0,0,103791.0
1,23,9,317,856,0,0,8545.0
1,45,5,0,0,0,1,49485.0
1,23,9,227,3552,0,0,11853.0
1,23,9,292,11619,0,0,44210.0
1,23,5,0,0,0,1,42399.0
1,63,5,0,0,0,1,24464.0
1,23,9,267,322,0,0,107106.0
1,20,9,1690,0,0,0,65632.0
1,23,9,257,617,0,0,28547.0
2,12,9,45,128,0,0,69395.0
1,23,9,205,8773,0,0,47600.0
2,12,9,44,113,0,0,93818.0
1,4,5,0,0,0,1,108929.0
1,49,9,2346,328,0,0,97219.0
1,23,9,161,13614,0,0,42211.0
1,25,5,0,0,0,1,20869.0
1,7,5,0,0,0,1,99344.0
1,23,9,191,4116,0,0,67352.0
1,53,5,0,0,0,1,102711.0
1,55,5,0,0,0,1,67122.0
2,45,9,28,0,0,1,53908.0
1,23,9,280,327,0,0,121290.0
1,45,5,0,0,0,1,56816.0
1,4,5,0,0,0,1,5709.0
1,45,5,0,0,0,1,34426.0
1,45,5,0,0,0,1,15806.0
1,23,9,338,238,0,0,15774.0
1,45,5,0,0,0,1,55500.0
1,23,9,283,3763,0,0,55649.0
1,23,9,306,1140,0,0,52368.0
0,15,9,1032,0,0,0,5996.0
2,12,9,44,139,0,0,55584.0
2,45,9,1,0,0,1,111912.0
1,23,9,292,2367,0,0,98692.0
1,23,9,227,1404,0,0,52965.0
1,23,7,163,18276,0,0,62400.0
1,23,9,224,1341,0,0,118795.0
1,23,5,0,0,0,1,69916.0
1,23,9,215,2637,0,0,17851.0
1,49,9,1631,330,0,0,66003.0
1,49,9,784,330,0,0,76949.0
1,23,9,206,2607,0,0,32579.0
1,32,1,0,0,0,1,54436.0
1,45,5,0,0,0,1,73842.0
1,18,2,0,0,0,1,38545.0
1,8,1,0,0,0,1,107200.0
2,12,9,44,99,0,0,46085.0
1,45,1,0,0,0,1,100998.0
1,23,5,0,0,0,1,1059.0
1,25,5,0,0,0,1,120874.0
1,7,1,0,0,0,1,121821.0
1,23,9,319,369,0,0,88155.0
1,23,9,223,3521,0,0,2064.0
0,14,9,18,0,0,1,86175.0
0,14,9,8,0,0,1,12672.0
2,40,9,48,48,0,0,42407.0
1,45,1,0,0,0,1,34901.0
1,23,9,289,2377,0,0,68294.0
1,23,9,264,1254,0,0,122313.0
1,23,9,291,10500,0,0,65495.0
1,49,9,1537,334,0,0,23129.0
1,17,5,0,0,0,1,106338.0
1,49,9,999,330,0,0,88883.0
2,45,9,1,0,0,1,17679.0
1,23,9,297,809,0,0,93802.0
0,14,9,8,0,0,1,21902.0
0,14,9,8,0,0,1,121075.0
1,20,9,4316,0,0,0,124638.0
1,45,5,0,0,0,1,19201.0
1,23,9,144,1821,0,0,58862.0
2,45,9,105,147,0,0,16880.0
1,23,9,224,318,0,0,6457.0
1,23,9,160,45756,0,0,124976.0
0,14,9,8,0,0,1,30603.0
1,49,9,1531,447,0,0,85195.0
1,7,5,0,0,0,1,37502.0
1,23,9,207,5053,0,0,70799.0
0,15,9,8,0,0,1,13272.0
0,15,9,1032,0,0,0,118314.0
1,23,9,205,27280,0,0,111317.0
0,60,9,78,0,0,0,120733.0
1,49,9,1357,328,0,0,64930.0
2,12,9,44,74,0,0,118799.0
1,58,5,0,0,0,1,20720.0
1,45,1,0,0,0,1,46160.0
1,23,9,195,172,0,0,94548.0
1,45,5,0,0,0,1,60927.0
2,12,9,31,31,0,0,39962.0
1,23,9,222,566,0,0,41654.0
1,45,1,0,0,0,1,10220.0
2,45,9,105,147,0,0,27200.0
1,23,9,312,124,0,0,68345.0
0,14,9,8,0,0,1,28419.0
1,55,9,39,121,0,0,53766.0
1,5,1,0,0,0,1,113342.0
1,23,9,310,573,0,0,111288.0
2,12,9,44,72,0,0,48091.0
1,64,1,0,0,0,1,102315.0
1,20,9,1339,0,0,0,18572.0
1,23,9,236,453,0,0,98795.0
1,45,5,0,0,0,1,86515.0
1,52,5,0,0,0,1,54423.0
2,45,9,1,0,0,1,91067.0
1,49,9,1390,334,0,0,110082.0
2,12,9,44,141,0,0,58950.0
1,23,9,312,1078,0,0,7494.0
1,45,5,0,0,0,1,4166.0
1,23,9,300,296,0,0,120438.0
1,23,9,282,7205,0,0,94773.0
1,23,1,0,0,0,1,99942.0
1,23,9,328,434,0,0,70107.0
1,45,1,0,0,0,1,51705.0
1,45,5,0,0,0,1,77016.0
1,23,9,250,270,0,0,6224.0
1,45,5,0,0,0,1,104525.0
1,23,9,336,1543,0,0,34842.0
1,44,5,0,0,0,1,87913.0
1,23,9,240,4359,0,0,34278.0
1,45,1,0,0,0,1,4023.0
1,23,9,183,791,0,0,17650.0
1,2,1,0,0,0,1,37957.0
1,5,5,0,0,0,1,34430.0
1,45,5,0,0,0,1,43233.0
2,41,9,147,105,0,0,42624.0
1,45,5,0,0,0,1,45007.0
1,23,9,54540,8314,0,0,63074.0
1,23,9,209,580,0,0,95045.0
0,15,9,1032,0,0,0,119150.0
1,23,9,287,324,0,0,18989.0
1,39,5,0,0,0,1,30764.0
1,28,5,0,0,0,1,95336.0
1,23,1,0,0,0,1,17850.0
1,23,9,233,7501,0,0,45277.0
2,45,9,1,0,0,1,68204.0
1,4,9,14,37,0,0,57020.0
1,37,5,0,0,0,1,110808.0
1,41,1,0,0,0,1,74721.0
1,45,5,0,0,0,1,115680.0
1,20,9,26,0,0,0,4112.0
1,64,5,0,0,0,1,49754.0
1,45,5,0,0,0,1,116159.0
1,23,9,297,811,0,0,72561.0
1,23,9,201,468,0,0,15877.0
1,23,9,283,25519,0,0,35847.0
1,32,5,0,0,0,1,15253.0
1,23,9,350,255,0,0,103919.0
2,41,9,1,0,0,1,108843.0
1,23,9,338,4218,0,0,75057.0
1,49,9,1362,363,0,0,111185.0
0,14,9,8,0,0,1,72541.0
1,23,9,265,825,0,0,115817.0
1,45,1,0,0,0,1,37013.0
0,14,9,8,0,0,1,11129.0
1,16,5,0,0,0,1,21762.0
1,45,5,0,0,0,1,35230.0
1,23,9,54540,8314,0,0,80501.0
2,41,9,147,105,0,0,33904.0
1,20,9,245,0,0,0,98175.0
1,31,5,0,0,0,1,32596.0
1,16,5,0,0,0,1,16519.0
1,8,5,0,0,0,1,26683.0
2,45,9,1,0,0,1,32149.0
1,49,9,636,327,0,0,96120.0
1,26,5,0,0,0,1,19919.0
1,23,9,282,1146,0,0,97327.0
1,23,9,308,2698,0,0,11083.0
1,49,2,0,0,0,1,111613.0
0,14,9,8,0,0,1,53523.0
2,12,9,41,70,0,0,8515.0
1,45,4,0,0,0,1,102222.0
1,45,5,0,0,0,1,82209.0
1,50,1,0,0,0,1,96635.0
1,23,9,219,2688,0,0,67635.0
1,23,9,284,577,0,0,58670.0
1,20,9,1342,0,0,0,22736.0
1,23,9,280,4344,0,0,115659.0
2,12,9,44,72,0,0,74202.0
2,12,9,45,45,0,0,104054.0
1,23,9,339,4268,0,0,117106.0
1,32,5,0,0,0,1,15089.0
1,20,9,884,0,0,0,88839.0
0,15,9,1032,0,0,0,93559.0
0,14,9,8,0,0,1,40577.0
1,23,9,183,44488,0,0,51071.0
2,45,9,105,147,0,0,34560.0
1,23,5,0,0,0,1,2203.0
0,14,9,18,0,0,1,13616.0
2,45,9,1,0,0,1,13995.0
1,23,9,327,962,0,0,118995.0
1,45,1,0,0,0,1,27866.0
2,45,9,1,0,0,1,38584.0
1,6,5,0,0,0,1,88678.0
1,49,9,1202,373,0,0,38269.0
2,12,9,43,72,0,0,58854.0
1,20,5,0,0,0,1,75036.0
1,32,5,0,0,0,1,4748.0
1,23,9,328,1377,0,0,108715.0
2,12,9,46,130,0,0,64025.0
1,23,1,0,0,0,1,29619.0
1,23,9,312,462,0,0,14784.0
1,45,4,1,0,0,1,120026.0
1,45,1,0,0,0,1,98210.0
1,45,5,0,0,0,1,459.0
1,45,4,0,0,0,1,121281.0
1,23,9,239,2874,0,0,87738.0
1,23,5,0,0,0,1,122745.0
1,49,9,3507,327,0,0,82154.0
1,49,5,0,0,0,1,19108.0
1,23,9,259,282,0,0,45115.0
1,52,2,0,0,0,1,110342.0
1,20,9,2194619,0,0,0,110144.0
0,14,9,8,0,0,1,68411.0
1,4,5,0,0,0,1,75224.0
1,23,9,314,1961,0,0,85541.0
1,23,9,212,16493,0,0,27031.0
1,20,9,334,0,0,0,95646.0
1,4,1,0,0,0,1,6626.0
1,23,9,298,2494,0,0,54102.0
1,53,5,0,0,0,1,41883.0
1,45,1,0,0,0,1,106784.0
2,12,9,44,117,0,0,10944.0
1,10,2,0,0,0,1,107890.0
0,14,9,8,0,0,1,15303.0
2,12,9,45,142,0,0,67863.0
2,12,9,45,78,0,0,16488.0
1,32,5,0,0,0,1,2996.0
0,15,9,30,0,0,0,75368.0
0,15,9,1032,0,0,0,68492.0
1,8,1,0,0,0,1,98243.0
2,12,9,46,77,0,0,38067.0
1,22,5,0,0,0,1,10592.0
1,45,4,0,0,0,1,76831.0
1,45,1,0,0,0,1,66268.0
1,45,1,0,0,0,1,20950.0
1,45,5,0,0,0,1,102553.0
2,12,9,43,182,0,0,103868.0
1,41,9,15876,0,0,0,91044.0
1,20,9,884,0,0,0,16062.0
1,10,5,0,0,0,1,5320.0
1,23,9,300,2780,0,0,55087.0
1,61,2,0,0,0,1,83362.0
2,12,9,44,134,0,0,18210.0
2,12,9,46,46,0,0,122473.0
1,11,5,0,0,0,1,65173.0
1,62,1,0,0,0,1,44503.0
1,17,5,0,0,0,1,49693.0
0,15,9,1480,0,0,0,18577.0
0,15,9,1032,0,0,0,79081.0
0,15,9,1032,0,0,0,117760.0
1,45,5,0,0,0,1,78896.0
1,45,5,0,0,0,1,57860.0
1,45,5,0,0,0,1,70359.0
1,45,5,0,0,0,1,894.0
1,64,5,0,0,0,1,124764.0
1,20,9,0,5921,0,0,113266.0
1,49,9,933,332,0,0,68771.0
1,4,5,0,0,0,1,125889.0
1,20,5,0,0,0,1,53109.0
1,49,9,1922,373,0,0,5109.0
1,23,9,190,1925,0,0,17262.0
1,9,2,0,0,0,1,114006.0
1,23,9,209,809,0,0,16049.0
1,45,3,0,0,0,1,124204.0
1,23,9,246,9002,0,0,8868.0
1,49,9,1206,332,0,0,57178.0
1,49,9,1411,336,0,0,21547.0
1,55,5,0,0,0,1,16409.0
0,14,9,8,0,0,1,63906.0
1,20,5,0,0,0,1,91152.0
1,41,1,0,0,0,1,61571.0
0,15,9,1032,0,0,0,82591.0
2,41,9,516,4,0,0,118658.0
2,12,9,42,42,0,0,35075.0
1,23,9,491,9127,0,0,99242.0
1,24,5,0,0,0,1,115155.0
1,23,9,274,4841,0,0,112382.0
1,61,2,0,0,0,1,83504.0
1,20,9,7045,0,0,0,61384.0
1,45,5,0,0,0,1,50193.0
2,12,9,42,78,0,0,80429.0
0,14,9,8,0,0,1,8486.0
1,20,9,383,0,0,0,63037.0
1,45,4,0,0,0,1,87908.0
1,55,5,0,0,0,1,55983.0
1,45,5,0,0,0,1,26761.0
1,23,9,194,31441,0,0,30541.0
1,23,9,309,1248,0,0,115126.0
2,12,9,43,126,0,0,77528.0
1,48,5,0,0,0,1,67151.0
1,49,9,1378,333,0,0,80421.0
0,15,9,1032,0,0,0,103875.0
1,55,5,0,0,0,1,121296.0
1,23,9,244,1382,0,0,95275.0
1,45,5,0,0,0,1,100101.0
1,45,1,0,0,0,1,97809.0
1,55,9,105,2322,0,0,60183.0
0,14,9,30,0,0,0,8912.0
1,23,9,226,9284,0,0,117184.0
1,35,5,0,0,0,1,10030.0
1,20,9,641,0,0,0,77010.0
1,45,1,0,0,0,1,101996.0
1,49,9,2229,329,0,0,91945.0
2,41,9,145,105,0,0,87342.0
1,36,1,0,0,0,1,87250.0
1,20,9,641,0,0,0,113371.0
0,15,9,1032,0,0,0,93117.0
1,20,9,607,0,0,0,70431.0
1,23,9,206,934,0,0,122544.0
2,12,9,46,136,0,0,11883.0
1,23,5,0,0,0,1,83916.0
1,45,1,0,0,0,1,34912.0
1,23,9,232,8973,0,0,75770.0
1,55,5,0,0,0,1,94969.0
1,49,9,796,377,0,0,1643.0
1,23,9,185,15786,0,0,50810.0
1,23,9,298,3635,0,0,79385.0
0,14,9,8,0,0,1,14128.0
1,5,5,0,0,0,1,56178.0
2,12,9,42,42,0,0,62816.0
1,17,5,0,0,0,1,52331.0
0,14,9,8,0,0,1,104960.0
1,23,9,340,1964,0,0,102460.0
1,45,5,0,0,0,1,18633.0
1,23,9,227,1383,0,0,100550.0
1,23,2,0,0,0,1,105301.0
1,16,1,0,0,0,1,120508.0
1,23,9,189,18004,0,0,7322.0
1,23,9,217,821,0,0,21885.0
1,49,9,895,328,0,0,17080.0
2,12,9,45,71,0,0,74554.0
2,41,9,147,0,0,0,64235.0
1,45,5,0,0,0,1,14414.0
1,28,5,0,0,0,1,46086.0
2,12,9,45,77,0,0,53269.0
1,45,5,0,0,0,1,72110.0
1,20,5,0,0,0,1,86060.0
1,10,5,0,0,0,1,87086.0
1,45,4,0,0,0,1,82481.0
1,45,5,0,0,0,1,35487.0
1,23,9,333,774,0,0,15483.0
0,14,9,18,0,0,1,101463.0
1,23,9,224,1447,0,0,100116.0
1,23,9,290,2056,0,0,38385.0
1,23,9,213,24572,0,0,41771.0
1,23,9,334,10383,0,0,10540.0
1,45,5,0,0,0,1,15814.0
1,20,9,95,0,0,0,122556.0
1,23,9,54540,8314,0,0,112776.0
1,23,9,235,1249,0,0,27499.0
0,60,9,183,0,0,0,54223.0
1,45,5,0,0,0,1,75829.0
1,45,4,1,0,0,1,114137.0
1,23,1,0,0,0,1,29667.0
1,45,5,0,0,0,1,75726.0
1,45,5,0,0,0,1,75959.0
1,23,9,234,2229,0,0,41700.0
1,23,9,306,6924,0,0,76651.0
1,49,9,1177,333,0,0,92039.0
2,12,9,44,128,0,0,75552.0
1,34,5,0,0,0,1,39269.0
1,4,9,10,37,0,0,71013.0
1,23,9,338,2547,0,0,16817.0
1,49,9,1625,371,0,0,75243.0
2,12,9,34,0,0,0,110568.0
1,23,9,221,1587,0,0,76838.0
1,23,2,0,0,0,1,40392.0
1,23,9,229,3614,0,0,81371.0
1,45,5,0,0,0,1,14500.0
1,49,9,811,338,0,0,36590.0
2,12,9,46,132,0,0,28183.0
1,20,9,5891,0,0,0,102965.0
1,23,9,234,367,0,0,84896.0
2,12,9,43,129,0,0,16841.0
1,49,9,791,361,0,0,112172.0
1,49,9,1347,336,0,0,36036.0
2,41,9,145,105,0,0,72466.0
1,16,1,0,0,0,1,45947.0
1,45,5,0,0,0,1,109594.0
1,45,10,0,0,0,1,114635.0
0,14,9,8,0,0,1,38190.0
1,43,9,52,1565,0,0,9553.0
1,45,1,0,0,0,1,102764.0
1,49,9,1441,363,0,0,72015.0
1,23,1,0,0,0,1,66507.0
1,55,9,140,1672,0,0,34332.0
1,23,9,308,1408,0,0,106686.0
1,20,5,0,0,0,1,99296.0
1,23,1,0,0,0,1,99495.0
1,2,5,0,0,0,1,74922.0
2,12,9,46,129,0,0,97756.0
1,4,5,0,0,0,1,45278.0
1,31,2,0,0,0,1,42938.0
1,23,9,337,1535,0,0,23568.0
0,14,9,8,0,0,1,110782.0
1,45,5,0,0,0,1,86282.0
1,23,1,0,0,0,1,30400.0
1,20,9,334,0,0,0,6692.0
1,49,9,763,338,0,0,2923.0
1,23,9,283,1942,0,0,52915.0
1,6,5,0,0,0,1,46283.0
1,64,5,0,0,0,1,15707.0
1,45,1,0,0,0,1,64255.0
1,45,5,0,0,0,1,79404.0
1,61,5,0,0,0,1,35248.0
1,20,9,641,0,0,0,103148.0
1,23,9,300,1896,0,0,74312.0
1,49,9,720,324,0,0,57857.0
1,23,9,330,292,0,0,44932.0
2,12,9,36,92,0,0,48093.0
1,23,5,0,0,0,1,77442.0
2,45,9,105,147,0,0,84734.0
2,12,9,45,130,0,0,58851.0
1,32,5,0,0,0,1,28569.0
1,45,4,1,0,0,1,81093.0
1,26,5,0,0,0,1,46399.0
1,49,9,4211,334,0,0,95547.0
1,27,5,0,0,0,1,90845.0
1,23,9,215,310,0,0,12179.0
1,23,9,201,546,0,0,29219.0
1,45,5,0,0,0,1,23878.0
0,15,9,1032,0,0,0,113128.0
1,23,9,306,1060,0,0,56496.0
2,41,9,113,0,0,0,46920.0
1,20,9,567,0,0,0,11427.0
2,41,9,1,0,0,1,53872.0
1,23,9,297,1340,0,0,37932.0
1,23,1,0,0,0,1,25825.0
2,45,9,105,147,0,0,121861.0
1,18,9,7,147,0,0,26203.0
0,14,9,8,0,0,1,101259.0
1,23,5,0,0,0,1,40227.0
1,20,9,2194619,0,0,0,15339.0
1,23,9,245,188,0,0,57235.0
2,45,9,28,0,0,1,113657.0
1,23,9,263,345,0,0,125527.0
1,22,1,0,0,0,1,15360.0
1,6,5,0,0,0,1,15559.0
1,23,9,256,3397,0,0,20633.0
1,23,9,327,2648,0,0,102367.0
1,18,9,8,0,0,0,81391.0
0,15,9,1032,0,0,0,121626.0
1,20,9,5133876,0,0,0,5261.0
2,12,9,43,109,0,0,89244.0
0,14,9,8,0,0,1,113908.0
1,20,5,0,0,0,1,121781.0
1,23,9,221,11803,0,0,98287.0
1,23,9,319,261,0,0,44575.0
0,14,9,18,0,0,1,107857.0
1,23,9,217,2576,0,0,34449.0
1,23,9,288,4768,0,0,47392.0
1,20,9,7162,0,0,0,74809.0
1,19,9,1055,3081,0,0,86485.0
2,12,9,44,44,0,0,99288.0
1,22,5,0,0,0,1,115550.0
1,0,4,1121,7999,0,0,1178.0
2,41,9,146,105,0,0,61898.0
1,23,9,303,1863,0,0,121309.0
1,45,5,0,0,0,1,94355.0
1,49,9,947,337,0,0,123247.0
1,45,5,0,0,0,1,113627.0
1,9,5,0,0,0,1,64713.0
1,2,5,0,0,0,1,125705.0
1,8,5,0,0,0,1,17703.0
1,20,9,748,0,0,0,45988.0
1,19,5,0,0,0,1,31047.0
1,45,5,0,0,0,1,25728.0
2,12,9,45,45,0,0,88233.0
1,23,9,210,4418,0,0,73023.0
1,33,5,0,0,0,1,118623.0
1,23,9,297,2531,0,0,20305.0
1,5,5,0,0,0,1,109629.0
1,20,9,5135678,0,0,0,101456.0
1,23,9,305,3222,0,0,23829.0
2,45,9,105,147,0,0,64053.0
2,41,9,147,0,0,0,27536.0
1,23,9,208,759,0,0,125091.0
1,45,5,0,0,0,1,95181.0
1,23,9,246,763,0,0,82382.0
1,23,9,195,313,0,0,97105.0
1,0,9,73,17,0,0,95249.0
1,27,5,0,0,0,1,20441.0
1,33,1,0,0,0,1,39897.0
1,49,9,1713,396,0,0,45483.0
1,23,6,148,14600,0,0,94464.0
2,45,9,28,0,0,1,53479.0
1,37,5,0,0,0,1,87692.0
2,41,9,146,105,0,0,77931.0
1,49,5,0,0,0,1,94291.0
1,9,5,0,0,0,1,69334.0
1,45,5,0,0,0,1,18109.0
2,45,9,28,0,0,1,94284.0
1,45,5,0,0,0,1,83791.0
1,23,5,0,0,0,1,11235.0
1,55,9,231,44329,0,0,120563.0
1,13,5,0,0,0,1,42247.0
1,23,9,289,3780,0,0,11182.0
1,23,1,0,0,0,1,8554.0
0,14,9,8,0,0,1,50033.0
2,12,9,42,42,0,0,37375.0
0,14,9,8,0,0,1,74004.0
1,45,1,0,0,0,1,107879.0
2,12,9,46,137,0,0,44641.0
1,62,5,0,0,0,1,15554.0
1,23,9,305,528,0,0,73170.0
1,23,9,316,912,0,0,87775.0
1,23,9,322,294,0,0,104139.0
1,23,5,0,0,0,1,8137.0
1,49,7,11772,1434,0,0,17889.0
1,0,4,4674,14573,0,0,49396.0
1,20,9,1342,0,0,0,108358.0
1,23,9,291,12125,0,0,77683.0
1,23,9,219,767,0,0,14492.0
1,20,9,567,0,0,0,56619.0
1,23,9,284,4595,0,0,70860.0
2,12,9,42,42,0,0,67577.0
2,12,9,44,73,0,0,120841.0
1,10,5,0,0,0,1,14836.0
1,39,2,0,0,0,1,51100.0
1,45,5,0,0,0,1,13744.0
1,45,3,0,0,0,1,29462.0
2,45,9,28,0,0,1,98666.0
1,35,1,0,0,0,1,122354.0
1,45,5,0,0,0,1,119698.0
1,23,9,200,1856,0,0,34354.0
1,45,5,0,0,0,1,110693.0
1,35,5,0,0,0,1,90981.0
1,16,1,0,0,0,1,104010.0
1,23,5,0,0,0,1,39436.0
1,49,9,4115,320,0,0,36585.0
1,18,9,11,142,0,0,92644.0
1,23,9,239,3272,0,0,53235.0
1,23,9,225,4359,0,0,48521.0
1,45,1,0,0,0,1,62102.0
1,22,5,0,0,0,1,16068.0
1,23,9,277,255,0,0,65853.0
1,23,9,233,1556,0,0,66449.0
1,23,9,219,3221,0,0,79317.0
1,4,5,0,0,0,1,118232.0
1,41,1,0,0,0,1,103918.0
1,22,5,0,0,0,1,40096.0
2,12,9,45,130,0,0,96549.0
1,8,1,0,0,0,1,67850.0
1,23,9,311,261,0,0,52998.0
1,23,9,333,5178,0,0,108364.0
1,23,9,159,1822,0,0,17587.0
1,20,9,192,0,0,0,113846.0
1,43,5,0,0,0,1,88906.0
1,45,5,0,0,0,1,23670.0
1,20,9,6062,0,0,0,87523.0
2,12,9,45,111,0,0,78633.0
1,23,9,319,776,0,0,69456.0
0,14,9,8,0,0,1,93948.0
1,49,9,731,388,0,0,49379.0
1,45,5,0,0,0,1,88028.0
1,23,9,293,728,0,0,80252.0
1,32,5,0,0,0,1,33032.0
1,13,4,1,0,0,1,100678.0
1,23,9,204,873,0,0,115444.0
1,45,5,0,0,0,1,36320.0
1,45,5,0,0,0,1,120419.0
1,2,5,0,0,0,1,70929.0
1,23,9,306,1075,0,0,28288.0
2,12,9,24,42,0,0,95109.0
2,12,9,45,80,0,0,70707.0
1,23,9,288,2332,0,0,109858.0
1,23,9,212,549,0,0,117572.0
1,45,5,0,0,0,1,25321.0
2,45,9,1,0,0,1,97039.0
0,14,9,30,0,0,0,28483.0
1,45,5,0,0,0,1,87606.0
1,45,2,0,0,0,1,70733.0
1,25,5,0,0,0,1,21202.0
1,45,1,0,0,0,1,77540.0
1,23,9,230,2087,0,0,31379.0
1,23,1,0,0,0,1,32372.0
1,23,9,221,511,0,0,81896.0
1,23,9,273,3468,0,0,90510.0
1,37,5,0,0,0,1,8571.0
2,41,9,146,105,0,0,68542.0
2,12,9,45,74,0,0,2774.0
1,20,9,12286,0,0,0,31234.0
1,23,9,204,406,0,0,115558.0
1,20,9,567,0,0,0,4490.0
2,45,9,105,146,0,0,89339.0
1,23,9,208,774,0,0,28577.0
1,23,1,0,0,0,1,62133.0
1,45,5,0,0,0,1,82225.0
1,23,9,257,835,0,0,63855.0
1,23,5,0,0,0,1,101838.0
1,23,5,0,0,0,1,20855.0
2,12,9,29,45,0,0,3887.0
0,14,9,8,0,0,1,20952.0
1,23,9,275,561,0,0,31902.0
1,7,5,0,0,0,1,82682.0
1,20,9,334,0,0,0,36782.0
1,45,5,0,0,0,1,109934.0
1,41,1,0,0,0,1,73898.0
2,12,9,34,0,0,0,58690.0
1,45,5,0,0,0,1,83243.0
1,19,9,1241,2451,0,0,25910.0
1,23,9,238,3222,0,0,125210.0
1,45,5,0,0,0,1,2335.0
1,23,9,320,1673,0,0,93232.0
1,23,9,190,1337,0,0,58501.0
1,23,9,225,927,0,0,77754.0
1,13,2,0,0,0,1,19489.0
1,23,9,255,1723,0,0,117490.0
1,23,9,298,189,0,0,33735.0
2,12,9,46,72,0,0,97063.0
0,14,9,18,0,0,1,48900.0
1,55,5,0,0,0,1,63514.0
1,9,2,0,0,0,1,67439.0
1,49,9,1533,329,0,0,9654.0
1,6,1,0,0,0,1,14195.0
0,60,9,78,0,0,0,6923.0
0,14,9,8,0,0,1,109484.0
2,41,9,145,105,0,0,13010.0
1,23,9,199,1054,0,0,96360.0
1,33,5,0,0,0,1,120571.0
1,45,5,0,0,0,1,75864.0
2,12,9,45,138,0,0,46917.0
1,23,1,0,0,0,1,3399.0
1,23,6,289,2920,0,0,24050.0
1,20,9,9,0,0,0,104471.0
1,20,9,501760,0,0,0,118789.0
1,23,5,0,0,0,1,15218.0
0,15,9,1032,0,0,0,24536.0
1,13,5,0,0,0,1,47240.0
1,19,2,0,0,0,1,68376.0
1,29,5,0,0,0,1,34300.0
1,45,4,0,0,0,1,116137.0
1,20,9,15876,0,0,0,94439.0
1,45,10,0,0,0,1,56481.0
0,14,9,8,0,0,1,62335.0
1,45,5,0,0,0,1,14272.0
1,16,1,0,0,0,1,8922.0
2,45,9,105,147,0,0,104426.0
1,32,5,0,0,0,1,35065.0
2,12,9,46,46,0,0,25281.0
2,12,9,36,0,0,0,45511.0
1,8,5,0,0,0,1,21485.0
2,45,9,105,105,0,0,43612.0
1,23,9,208,762,0,0,57809.0
1,24,5,0,0,0,1,107974.0
0,14,9,8,0,0,1,64561.0
1,2,5,0,0,0,1,31780.0
1,45,5,0,0,0,1,50066.0
1,23,9,221,281,0,0,97021.0
1,23,9,233,2801,0,0,34831.0
0,14,9,18,0,0,1,15869.0
2,41,9,147,105,0,0,81221.0
1,55,5,0,0,0,1,83612.0
2,45,9,28,0,0,1,83367.0
2,12,9,46,144,0,0,17833.0
1,23,9,347,1875,0,0,63722.0
0,14,9,8,0,0,1,17544.0
1,23,9,207,1185,0,0,47932.0
1,45,5,0,0,0,1,9558.0
1,18,5,0,0,0,1,1938.0
1,7,5,0,0,0,1,58423.0
1,23,9,305,188,0,0,59520.0
1,16,5,0,0,0,1,6691.0
1,23,9,337,1173,0,0,13498.0
1,23,9,376,642,0,0,12352.0
1,30,5,0,0,0,1,48869.0
1,20,9,4753,0,0,0,109430.0
1,45,5,0,0,0,1,18013.0
1,23,9,236,5989,0,0,77315.0
1,45,4,1,0,0,1,99493.0
1,63,5,0,0,0,1,54260.0
2,12,9,46,78,0,0,87199.0
0,15,9,520,0,0,0,85727.0
1,2,5,0,0,0,1,41831.0
2,12,9,44,129,0,0,39106.0
1,23,9,340,2527,0,0,51810.0
1,23,9,207,2091,0,0,6548.0
1,20,9,192,0,0,0,66991.0
1,45,1,0,0,0,1,46266.0
2,12,9,44,77,0,0,123218.0
1,41,9,16787,0,0,0,4139.0
1,23,9,350,4137,0,0,9112.0
2,12,9,44,44,0,0,104560.0
1,45,5,0,0,0,1,51017.0
0,60,9,78,0,0,0,6852.0
2,12,9,95,42,0,0,14370.0
1,49,9,2181,330,0,0,8497.0
1,45,1,0,0,0,1,51997.0
1,23,9,164,7096,0,0,58975.0
1,30,5,0,0,0,1,61294.0
1,49,9,1743,404,0,0,103553.0
1,45,5,0,0,0,1,102433.0
1,23,9,306,2996,0,0,107194.0
1,23,9,249,1541,0,0,68186.0
1,20,9,748,0,0,0,125267.0
1,41,1,0,0,0,1,69862.0
1,23,9,297,2584,0,0,47888.0
1,23,5,0,0,0,1,119248.0
1,49,9,1042,281,0,0,43099.0
0,15,9,1032,0,0,0,78626.0
1,45,5,0,0,0,1,80187.0
1,23,9,296,5670,0,0,337.0
1,45,5,0,0,0,1,21205.0
1,51,1,0,0,0,1,64900.0
1,38,5,0,0,0,1,76922.0
1,20,9,7233,0,0,0,119888.0
1,26,5,0,0,0,1,105555.0
1,45,0,0,0,0,1,69738.0
0,14,9,30,0,0,0,6881.0
1,45,4,1,0,0,1,65457.0
1,23,9,225,2924,0,0,11236.0
1,23,5,0,0,0,1,3016.0
1,20,9,245,0,0,0,53628.0
1,7,5,0,0,0,1,21047.0
1,45,5,0,0,0,1,101545.0
1,23,9,346,570,0,0,4896.0
1,23,9,379,453,0,0,36720.0
1,25,5,0,0,0,1,65186.0
1,53,1,0,0,0,1,11046.0
0,15,9,30,0,0,0,80395.0
1,49,9,1442,334,0,0,16835.0
1,20,9,203,0,0,0,12741.0
1,23,9,189,1260,0,0,58977.0
2,12,9,102,0,0,0,28964.0
2,45,9,28,0,0,1,10883.0
0,15,9,1032,0,0,0,55102.0
1,18,5,0,0,0,1,114214.0
1,46,5,0,0,0,1,115893.0
1,19,9,947,2720,0,0,91167.0
1,23,9,164,15174,0,0,105946.0
1,45,5,0,0,0,1,7926.0
1,45,1,0,0,0,1,11440.0
1,45,5,0,0,0,1,75455.0
1,23,9,367,3360,0,0,33715.0
1,24,5,0,0,0,1,109523.0
1,55,9,101,1493,0,0,60599.0
1,23,9,358,6252,0,0,106470.0
1,4,9,9,38,0,0,56113.0
1,45,5,0,0,0,1,74303.0
1,20,9,373,0,0,0,74831.0
2,12,9,45,136,0,0,54471.0
0,14,9,30,0,0,0,82106.0
1,33,5,0,0,0,1,54053.0
1,20,9,748,0,0,0,59702.0
1,23,9,298,775,0,0,117758.0
1,24,5,0,0,0,1,64978.0
1,44,6,6,40,0,1,49960.0
2,12,9,29,0,0,0,86270.0
1,23,9,204,1337,0,0,68555.0
1,7,1,0,0,0,1,90835.0
1,45,5,0,0,0,1,2831.0
1,64,5,0,0,0,1,27711.0
0,14,9,8,0,0,1,48265.0
1,23,9,200,1492,0,0,39226.0
1,45,1,0,0,0,1,82408.0
1,34,5,0,0,0,1,39611.0
1,45,5,0,0,0,1,119293.0
1,23,9,307,20165,0,0,20075.0
1,20,9,12,0,0,0,118682.0
1,18,5,0,0,0,1,32949.0
2,12,9,46,135,0,0,59243.0
1,45,5,0,0,0,1,35665.0
1,23,9,360,462,0,0,110814.0
1,30,1,0,0,0,1,8334.0
1,45,5,0,0,0,1,53753.0
1,7,5,0,0,0,1,119937.0
1,23,9,233,25257,0,0,121868.0
1,27,5,0,0,0,1,57433.0
1,19,9,334,1069,0,0,8911.0
2,41,9,145,105,0,0,12548.0
1,22,1,0,0,0,1,44252.0
1,45,1,0,0,0,1,114765.0
1,28,5,0,0,0,1,112892.0
1,45,5,0,0,0,1,109218.0
1,22,5,0,0,0,1,46344.0
1,45,5,0,0,0,1,122405.0
1,20,5,0,0,0,1,112934.0
1,23,9,292,4584,0,0,114509.0
2,41,9,146,105,0,0,77502.0
1,45,4,1,0,0,1,48664.0
0,15,9,1032,0,0,0,66316.0
2,12,9,44,113,0,0,117092.0
1,45,5,0,0,0,1,72687.0
1,23,9,337,2214,0,0,55383.0
1,45,5,0,0,0,1,70223.0
1,38,5,0,0,0,1,48340.0
1,8,5,0,0,0,1,80781.0
1,64,5,0,0,0,1,110487.0
1,55,5,0,0,0,1,26338.0
1,49,9,939,325,0,0,15521.0
1,23,9,289,3428,0,0,105367.0
1,63,5,0,0,0,1,42620.0
1,19,9,690,2077,0,0,67150.0
2,12,9,44,79,0,0,105939.0
1,41,5,0,0,0,1,38157.0
1,45,5,0,0,0,1,2381.0
1,23,9,400,4154,0,0,75963.0
1,23,9,202,35387,0,0,94633.0
1,23,9,162,10384,0,0,4814.0
1,45,5,0,0,0,1,5853.0
1,17,5,0,0,0,1,90823.0
1,23,9,217,373,0,0,89095.0
1,23,9,210,2921,0,0,48110.0
1,49,9,1137,332,0,0,24775.0
1,19,9,58,189,0,0,37782.0
1,45,5,0,0,0,1,68006.0
1,55,5,0,0,0,1,90022.0
1,49,9,1020,358,0,0,10059.0
0,14,9,8,0,0,1,50909.0
2,12,9,45,45,0,0,38796.0
1,41,1,0,0,0,1,31608.0
1,49,9,1916,331,0,0,33054.0
1,49,9,1793,330,0,0,124622.0
2,12,9,43,75,0,0,117766.0
1,23,9,315,285,0,0,117651.0
1,49,9,860,388,0,0,62382.0
1,49,9,2171,361,0,0,59638.0
1,45,1,0,0,0,1,62380.0
1,45,10,0,0,0,1,115200.0
1,23,9,205,1597,0,0,7762.0
1,21,5,0,0,0,1,85249.0
1,45,5,0,0,0,1,90618.0
1,45,1,0,0,0,1,41726.0
1,23,9,356,11682,0,0,16884.0
2,45,9,28,0,0,1,50525.0
1,23,6,149,14507,0,0,92084.0
1,23,9,294,1043,0,0,46727.0
1,23,9,274,15342,0,0,21062.0
1,38,5,0,0,0,1,59762.0
1,23,9,221,2486,0,0,125635.0
1,23,9,298,454,0,0,117966.0
1,23,9,343,3305,0,0,44752.0
0,15,9,1032,0,0,0,3569.0
1,20,9,19,0,0,0,117149.0
1,49,9,2063,334,0,0,38043.0
1,49,9,1277,329,0,0,51009.0
2,12,9,132,43,0,0,32447.0
1,23,9,225,966,0,0,95871.0
1,23,1,0,0,0,1,22488.0
1,45,5,0,0,0,1,8053.0
1,45,5,0,0,0,1,665.0
1,2,5,0,0,0,1,123006.0
1,23,9,236,1425,0,0,84300.0
1,20,1,0,0,0,1,61987.0
1,23,9,309,1362,0,0,21984.0
1,23,1,0,0,0,1,84516.0
2,41,9,146,105,0,0,94840.0
2,12,9,44,76,0,0,15287.0
1,45,5,0,0,0,1,9567.0
1,36,1,0,0,0,1,15447.0
1,23,9,309,1442,0,0,114468.0
1,23,9,332,4088,0,0,31187.0
1,20,9,2194619,0,0,0,2160.0
2,41,9,146,105,0,0,104606.0
0,14,9,30,0,0,0,77551.0
0,14,9,8,0,0,1,100204.0
2,12,9,45,128,0,0,26494.0
0,15,9,1032,0,0,0,87366.0
2,45,9,207,0,0,0,116920.0
1,0,4,861,8193,0,0,40455.0
2,12,9,43,130,0,0,117831.0
1,49,9,749,328,0,0,93241.0
1,23,9,162,1310,0,0,50872.0
1,23,9,263,272,0,0,100756.0
1,23,9,340,3893,0,0,55341.0
2,12,9,45,135,0,0,49229.0
1,49,9,900,334,0,0,81758.0
1,41,1,0,0,0,1,112065.0
1,23,9,323,2592,0,0,8625.0
1,52,5,0,0,0,1,21702.0
1,45,4,1,0,0,1,74173.0
1,23,9,296,1761,0,0,111945.0
1,53,5,0,0,0,1,76399.0
1,23,9,213,2446,0,0,95542.0
0,15,9,1032,0,0,0,60221.0
1,45,5,0,0,0,1,86782.0
1,23,9,295,27221,0,0,45381.0
1,49,9,1168,329,0,0,48947.0
1,23,9,321,413,0,0,99295.0
1,23,9,228,302,0,0,14447.0
1,38,1,0,0,0,1,71990.0
1,23,9,317,4370,0,0,103496.0
1,23,9,184,23681,0,0,9065.0
1,23,9,321,20737,0,0,19261.0
1,23,9,225,1738,0,0,31909.0
1,17,5,0,0,0,1,94158.0
1,23,9,194,1577,0,0,79031.0
1,18,9,8,0,0,0,91987.0
1,23,1,0,0,0,1,56912.0
2,12,9,43,43,0,0,94942.0
1,23,9,160,39228,0,0,65765.0
1,8,5,0,0,0,1,125144.0
0,15,9,1480,0,0,0,63437.0
1,55,5,0,0,0,1,123223.0
1,45,5,0,0,0,1,95984.0
0,14,9,8,0,0,1,57859.0
1,23,9,194,263,0,0,84105.0
1,23,9,202,2295,0,0,86895.0
0,15,9,1032,0,0,0,62824.0
1,23,9,324,1564,0,0,86344.0
0,15,9,64,0,0,0,12065.0
2,12,9,45,73,0,0,83922.0
1,45,5,0,0,0,1,61115.0
1,23,9,210,396,0,0,21940.0
1,23,9,188,3371,0,0,109226.0
1,45,5,0,0,0,1,63004.0
1,7,1,0,0,0,1,27893.0
2,41,9,516,4,0,0,53505.0
1,23,9,235,2131,0,0,34195.0
1,19,9,874,2586,0,0,59636.0
1,20,9,5133876,0,0,0,82798.0
1,23,9,288,3848,0,0,58370.0
1,45,5,0,0,0,1,98194.0
1,23,9,205,2543,0,0,95382.0
1,4,5,0,0,0,1,16334.0
0,14,9,8,0,0,1,6063.0
2,12,9,44,142,0,0,106920.0
1,58,5,0,0,0,1,76326.0
2,45,9,105,145,0,0,95661.0
1,23,9,325,555,0,0,40485.0
1,23,9,246,5285,0,0,19665.0
1,25,5,0,0,0,1,77786.0
0,60,9,181,0,0,0,20121.0
2,12,9,46,46,0,0,22719.0
1,23,9,302,572,0,0,8489.0
2,12,9,30,0,0,0,59818.0
1,55,5,0,0,0,1,42181.0
1,23,9,331,5337,0,0,20025.0
0,15,9,8,0,0,1,120273.0
2,41,9,1,0,0,1,53223.0
1,23,9,255,31360,0,0,123147.0
1,23,9,328,1486,0,0,40718.0
1,23,1,0,0,0,1,112351.0
1,20,9,1342,0,0,0,98941.0
1,9,5,0,0,0,1,104713.0
1,45,5,0,0,0,1,65304.0
1,45,5,0,0,0,1,67592.0
2,41,9,146,105,0,0,100485.0
1,23,9,234,8837,0,0,116851.0
1,16,5,0,0,0,1,55767.0
1,20,9,26,0,0,0,36317.0
1,23,7,256,15968,0,0,20003.0
2,12,9,46,46,0,0,15739.0
1,23,9,340,467,0,0,68244.0
1,23,9,205,1346,0,0,57188.0
1,23,9,232,1144,0,0,84551.0
2,12,9,42,44,0,0,58437.0
0,14,9,8,0,0,1,67552.0
0,60,9,78,0,0,0,43101.0
1,23,9,191,171,0,0,125296.0
1,20,9,7077,0,0,0,7381.0
1,49,9,690,326,0,0,80266.0
1,23,9,296,431,0,0,26035.0
1,9,5,0,0,0,1,60910.0
1,23,9,266,2319,0,0,99988.0
0,14,9,8,0,0,1,4022.0
1,23,9,265,10724,0,0,65505.0
2,12,9,45,115,0,0,42911.0
1,28,5,0,0,0,1,64159.0
1,45,5,0,0,0,1,122114.0
2,12,9,44,132,0,0,125295.0
2,41,9,147,0,0,0,97811.0
2,41,9,147,0,0,0,50188.0
1,24,1,0,0,0,0,100445.0
1,23,1,0,0,0,1,65007.0
1,45,4,0,0,0,1,28344.0
2,12,9,42,42,0,0,39472.0
1,45,2,0,0,0,1,63430.0
1,10,2,0,0,0,1,7352.0
1,45,5,0,0,0,1,91017.0
1,45,5,0,0,0,1,125636.0
1,25,1,0,0,0,0,9502.0
1,23,9,326,20400,0,0,37157.0
1,63,5,0,0,0,1,84253.0
0,15,9,1032,0,0,0,59081.0
1,20,9,9311,0,0,0,113964.0
1,23,9,310,362,0,0,1559.0
2,12,9,37,118,0,0,24348.0
1,43,9,35,130,0,0,115497.0
1,45,5,0,0,0,1,58825.0
1,47,5,0,0,0,1,5808.0
1,4,1,0,0,0,1,105616.0
1,18,5,0,0,0,1,97516.0
1,23,9,299,267,0,0,90662.0
1,23,9,240,639,0,0,96346.0
0,15,9,1032,0,0,0,61183.0
1,4,5,0,0,0,1,54442.0
1,23,9,341,1588,0,0,86699.0
1,20,9,245,0,0,0,46578.0
1,23,9,209,6857,0,0,94569.0
2,41,9,146,105,0,0,121865.0
2,45,9,105,147,0,0,69704.0
1,23,9,208,9363,0,0,95097.0
1,49,9,931,329,0,0,121822.0
1,23,9,224,324,0,0,57126.0
0,15,9,1032,0,0,0,47855.0
1,26,5,0,0,0,1,2266.0
1,5,5,0,0,0,1,8158.0
1,45,5,0,0,0,1,71251.0
1,45,5,0,0,0,1,12766.0
1,53,5,0,0,0,1,115974.0
1,23,9,310,516,0,0,72138.0
1,23,9,285,17602,0,0,86881.0
2,12,9,46,136,0,0,122579.0
1,55,9,375,6252,0,0,123868.0
1,49,9,48,284,0,0,63924.0
1,24,5,0,0,0,1,51850.0
1,58,5,0,0,0,1,21838.0
0,14,9,8,0,0,1,94061.0
1,41,9,6062,0,0,0,87758.0
1,10,5,0,0,0,1,81965.0
1,27,5,0,0,0,1,122604.0
1,45,1,0,0,0,1,42403.0
1,63,5,0,0,0,1,61918.0
2,12,9,46,132,0,0,75222.0
1,23,9,324,2015,0,0,100951.0
0,14,9,8,0,0,1,88689.0
1,36,5,0,0,0,1,91865.0
1,28,1,0,0,0,1,23307.0
1,23,9,351,5200,0,0,35573.0
1,19,9,1204,3380,0,0,59357.0
1,23,9,207,2412,0,0,24902.0
1,45,1,0,0,0,1,80727.0
1,8,5,0,0,0,1,105065.0
0,14,9,8,0,0,1,31557.0
1,23,1,0,0,0,1,103120.0
1,45,4,0,0,0,1,528.0
1,49,9,1222,330,0,0,85037.0
1,64,5,0,0,0,1,100766.0
1,45,5,0,0,0,1,102871.0
1,41,4,0,0,0,1,52848.0
1,23,9,204,3465,0,0,110079.0
1,23,9,200,14289,0,0,119438.0
1,23,9,317,1215,0,0,55241.0
1,23,9,330,848,0,0,49672.0
1,23,9,254,5184,0,0,71802.0
0,15,9,1032,0,0,0,16112.0
2,45,9,28,0,0,1,115796.0
1,49,9,607,325,0,0,13714.0
1,45,5,0,0,0,1,76360.0
2,45,9,105,146,0,0,73926.0
1,23,9,232,2042,0,0,6207.0
1,45,5,0,0,0,1,78908.0
1,27,5,0,0,0,1,66792.0
1,13,5,0,0,0,1,18990.0
0,15,9,520,0,0,0,22246.0
0,15,9,30,0,0,0,36842.0
2,12,9,46,46,0,0,54508.0
2,45,9,28,0,0,1,45673.0
0,14,9,8,0,0,1,38787.0
1,49,9,853,331,0,0,104589.0
2,12,9,44,118,0,0,63611.0
0,14,9,18,0,0,1,30184.0
1,45,5,0,0,0,1,69034.0
1,62,5,0,0,0,1,58022.0
0,15,9,1032,0,0,0,23634.0
1,30,5,0,0,0,1,110612.0
1,20,9,246,0,0,0,95695.0
2,12,9,44,44,0,0,46873.0
1,23,9,296,470,0,0,42145.0
1,20,5,0,0,0,1,94973.0
1,23,9,259,6086,0,0,98057.0
1,49,9,1213,402,0,0,107015.0
1,23,9,252,1628,0,0,15965.0
1,23,9,303,480,0,0,124221.0
1,7,1,0,0,0,1,59960.0
2,12,9,44,133,0,0,22890.0
0,14,9,8,0,0,1,39581.0
2,41,9,516,4,0,0,59643.0
1,45,5,0,0,0,1,113243.0
2,45,9,1,0,0,1,7179.0
2,12,9,46,122,0,0,24701.0
1,26,1,0,0,0,1,112270.0
1,45,5,0,0,0,1,30932.0
1,23,9,216,4080,0,0,15585.0
1,9,5,0,0,0,1,43115.0
1,49,9,1292,361,0,0,53257.0
1,30,5,0,0,0,1,99714.0
1,23,7,147,0,0,0,72520.0
1,23,9,301,1501,0,0,36618.0
1,23,9,219,1862,0,0,67636.0
1,23,9,348,350,0,0,38472.0
1,23,9,294,341,0,0,73298.0
1,23,5,0,0,0,1,25787.0
2,45,9,105,146,0,0,97654.0
1,45,1,0,0,0,1,14522.0
2,45,9,105,147,0,0,80784.0
1,23,9,323,2996,0,0,87711.0
1,23,9,206,1707,0,0,21171.0
1,11,5,0,0,0,1,82546.0
1,23,9,244,4369,0,0,61874.0
2,12,9,42,42,0,0,89465.0
1,7,5,0,0,0,1,116998.0
1,23,9,221,2054,0,0,61393.0
1,23,9,224,1270,0,0,682.0
1,45,5,0,0,0,1,76304.0
2,12,9,45,133,0,0,39580.0
1,49,9,678,332,0,0,55911.0
1,4,5,0,0,0,1,34076.0
1,4,5,0,0,0,1,15518.0
1,45,4,0,0,0,1,112968.0
1,6,1,0,0,0,1,46394.0
1,23,1,0,0,0,1,38394.0
1,23,9,235,434,0,0,116531.0
2,45,9,105,146,0,0,95653.0
1,28,5,0,0,0,1,62005.0
1,0,4,861,9304,0,0,5162.0
1,45,5,0,0,0,1,70730.0
1,45,5,0,0,0,1,88931.0
1,23,9,342,397,0,0,27348.0
1,33,5,0,0,0,1,6022.0
0,15,9,1032,0,0,0,65205.0
1,45,5,0,0,0,1,39381.0
1,20,9,11,0,0,0,116728.0
1,53,5,0,0,0,1,99023.0
1,23,9,247,1601,0,0,97728.0
1,49,9,2774,363,0,0,89740.0
1,50,1,0,0,0,1,19688.0
1,23,9,54540,8314,0,0,105850.0
2,41,9,147,0,0,0,52277.0
1,45,1,0,0,0,1,56950.0
1,29,5,0,0,0,1,17396.0
1,43,9,35,130,0,0,90597.0
1,62,5,0,0,0,1,83433.0
1,23,9,289,1080,0,0,14563.0
1,53,1,0,0,0,1,89543.0
1,49,9,1177,332,0,0,103591.0
1,45,5,0,0,0,1,29417.0
1,23,9,207,916,0,0,5759.0
1,20,9,334,0,0,0,4262.0
1,24,5,0,0,0,1,23252.0
1,23,9,245,485,0,0,112868.0
1,23,9,317,2446,0,0,42129.0
0,14,9,30,0,0,0,55289.0
1,23,9,302,1075,0,0,120373.0
1,31,5,0,0,0,1,89312.0
1,45,5,0,0,0,1,105887.0
1,41,1,0,0,0,1,71743.0
0,14,9,8,0,0,1,107988.0
1,41,1,0,0,0,1,44468.0
1,23,9,233,4759,0,0,691.0
1,23,9,309,518,0,0,44013.0
1,23,9,331,1417,0,0,76872.0
1,20,9,7940,0,0,0,64062.0
1,55,5,0,0,0,1,84179.0
1,22,5,0,0,0,1,75753.0
1,23,9,226,1411,0,0,217.0
2,41,9,147,105,0,0,59628.0
1,49,9,1326,330,0,0,120200.0
1,45,5,0,0,0,1,81504.0
1,45,4,0,0,0,1,57130.0
1,13,5,0,0,0,1,51836.0
1,23,9,353,1408,0,0,50588.0
2,12,9,44,44,0,0,118841.0
1,49,9,2662,333,0,0,98230.0
1,23,9,256,658,0,0,117705.0
1,23,9,232,2180,0,0,44840.0
1,49,9,1694,325,0,0,52836.0
1,45,4,0,0,0,1,66229.0
0,15,9,1032,0,0,0,85466.0
1,4,5,0,0,0,1,79496.0
1,27,5,0,0,0,1,44150.0
1,45,1,0,0,0,1,100921.0
1,20,5,0,0,0,1,11047.0
1,23,9,308,2862,0,0,62764.0
1,23,9,323,1056,0,0,10648.0
2,41,9,147,105,0,0,79210.0
1,10,5,0,0,0,1,40224.0
1,20,9,748,0,0,0,35278.0
1,49,9,2066,386,0,0,22268.0
1,23,1,0,0,0,1,45428.0
1,23,1,0,0,0,1,55356.0
1,20,9,12983,0,0,0,43571.0
1,26,5,0,0,0,1,67486.0
1,23,9,302,1581,0,0,68551.0
1,45,5,0,0,0,1,47782.0
0,15,9,1032,0,0,0,78546.0
0,14,9,18,0,0,1,106687.0
0,14,9,8,0,0,1,117960.0
1,45,5,0,0,0,1,113316.0
1,23,9,327,5650,0,0,63665.0
2,12,9,43,43,0,0,92919.0
1,23,9,249,726,0,0,76505.0
1,45,5,0,0,0,1,76195.0
1,45,1,0,0,0,1,33507.0
1,27,1,0,0,0,1,87173.0
2,12,9,36,0,0,0,14469.0
1,23,9,261,5238,0,0,9237.0
1,23,9,233,2213,0,0,23108.0
0,15,9,520,0,0,0,122972.0
1,23,9,283,4770,0,0,17502.0
1,23,1,0,0,0,1,79537.0
2,45,9,105,145,0,0,14627.0
1,23,9,328,4185,0,0,7154.0
1,23,9,249,1092,0,0,22807.0
1,49,9,1927,361,0,0,118908.0
1,23,9,233,261,0,0,95815.0
1,0,4,1526,7561,0,0,65286.0
1,45,1,0,0,0,1,76563.0
1,33,1,0,0,0,1,56703.0
1,33,5,0,0,0,1,30774.0
1,54,5,0,0,0,1,80575.0
1,23,9,221,6284,0,0,38316.0
1,23,9,234,1679,0,0,73681.0
1,49,9,1006,364,0,0,3693.0
1,23,9,332,2753,0,0,19417.0
2,40,9,48,48,0,0,6244.0
0,14,9,8,0,0,1,60374.0
0,15,9,1032,0,0,0,105981.0
1,49,9,2370,337,0,0,110031.0
1,23,9,232,968,0,0,51044.0
1,23,9,282,1800,0,0,105516.0
2,12,9,46,135,0,0,30446.0
1,64,5,0,0,0,1,14394.0
1,55,9,2496,79280,0,0,102861.0
1,36,5,0,0,0,1,89709.0
1,23,9,195,10257,0,0,42830.0
1,23,9,217,309,0,0,91614.0
1,4,9,10,35,0,0,93455.0
1,23,9,334,2309,0,0,82282.0
1,23,1,0,0,0,1,59535.0
1,45,5,0,0,0,1,2987.0
1,41,1,0,0,0,1,7034.0
2,45,9,207,0,0,0,45313.0
1,58,5,0,0,0,1,70572.0
1,28,5,0,0,0,1,125468.0
1,58,5,0,0,0,1,75776.0
1,23,6,341,11601,0,0,51977.0
2,45,9,28,0,0,1,6523.0
1,20,9,192,0,0,0,17912.0
1,55,9,104,2858,0,0,97228.0
1,23,9,348,925,0,0,90801.0
1,20,9,192,0,0,0,45784.0
2,45,9,100,0,0,0,84010.0
1,45,1,0,0,0,1,115820.0
0,15,9,520,0,0,0,93536.0
1,41,1,0,0,0,1,85770.0
1,23,5,0,0,0,1,97862.0
1,23,9,238,10589,0,0,120872.0
2,12,9,46,130,0,0,117750.0
1,23,9,236,3222,0,0,68787.0
1,45,1,0,0,0,1,104716.0
1,23,9,324,3410,0,0,22019.0
1,23,9,350,19080,0,0,89609.0
1,49,9,1158,334,0,0,96828.0
1,23,9,297,498,0,0,112670.0
1,23,9,231,1813,0,0,26486.0
1,23,9,303,1719,0,0,21752.0
1,24,5,0,0,0,1,96147.0
1,20,9,9178,0,0,0,119799.0
1,23,9,300,1380,0,0,6684.0
1,36,5,0,0,0,1,101169.0
1,23,9,280,303,0,0,10088.0
1,30,5,0,0,0,1,31797.0
1,18,9,10,226,0,0,54814.0
1,23,9,159,9542,0,0,116634.0
1,18,5,0,0,0,1,3632.0
1,20,9,0,8766,0,0,111625.0
1,23,1,0,0,0,1,5383.0
1,2,5,0,0,0,1,13297.0
2,45,9,28,0,0,1,67823.0
0,15,9,1032,0,0,0,112916.0
1,45,5,0,0,0,1,43244.0
1,23,9,296,1024,0,0,76890.0
1,23,1,0,0,0,1,40189.0
2,12,9,45,111,0,0,79561.0
1,23,9,54540,8314,0,0,81404.0
1,49,9,793,332,0,0,12657.0
1,23,9,157,41901,0,0,20506.0
1,23,9,210,1707,0,0,57920.0
0,14,9,30,0,0,0,105463.0
1,49,9,1234,386,0,0,5028.0
1,23,9,301,2507,0,0,121406.0
1,49,9,1100,332,0,0,26049.0
2,12,9,33,0,0,0,80078.0
1,45,1,0,0,0,1,105620.0
1,64,5,0,0,0,1,80889.0
1,61,2,0,0,0,1,42868.0
2,12,9,86,0,0,0,97009.0
1,23,9,293,247,0,0,113671.0
1,23,9,293,1870,0,0,118814.0
1,25,5,0,0,0,1,33747.0
0,14,9,8,0,0,1,108250.0
2,12,9,36,0,0,0,97215.0
1,23,9,335,839,0,0,34024.0
1,38,5,0,0,0,1,91760.0
1,24,5,0,0,0,1,37316.0
1,13,5,0,0,0,1,62047.0
1,45,5,0,0,0,1,108575.0
1,23,9,339,11763,0,0,8405.0
2,12,9,42,108,0,0,39211.0
1,43,5,0,0,0,1,65084.0
1,23,9,237,11499,0,0,76001.0
1,23,9,229,3233,0,0,50584.0
0,14,9,8,0,0,1,8594.0
1,23,9,256,2005,0,0,37737.0
1,23,9,317,1660,0,0,7662.0
1,45,5,0,0,0,1,9585.0
1,49,9,1627,327,0,0,78474.0
1,25,5,0,0,0,1,44682.0
1,49,9,733,328,0,0,61404.0
2,45,9,1,0,0,1,79586.0
1,23,9,209,25736,0,0,59159.0
1,38,5,0,0,0,1,32066.0
1,26,1,0,0,0,1,4043.0
1,63,5,0,0,0,1,108153.0
1,41,9,59,0,0,0,98088.0
1,20,9,832,0,0,0,122546.0
1,5,5,0,0,0,1,56414.0
1,23,9,249,7255,0,0,22918.0
1,49,9,1208,335,0,0,59544.0
1,19,9,1209,2447,0,0,75688.0
1,49,9,915,326,0,0,77868.0
1,30,5,0,0,0,1,16197.0
1,45,5,0,0,0,1,52483.0
1,49,9,920,338,0,0,83455.0
1,20,9,0,5149533,0,0,7307.0
0,15,9,1032,0,0,0,10360.0
1,55,5,0,0,0,1,78549.0
1,23,9,167,657,0,0,7402.0
1,23,9,195,63785,0,0,82215.0
1,49,9,1029,374,0,0,116496.0
1,45,5,0,0,0,1,74869.0
1,45,4,1,0,0,1,99797.0
1,23,9,216,1660,0,0,74890.0
1,23,9,201,4080,0,0,24320.0
1,23,9,232,5834,0,0,49146.0
1,20,9,3888,0,0,0,100484.0
1,45,5,0,0,0,1,124058.0
1,23,9,322,270,0,0,14402.0
1,8,1,0,0,0,1,81955.0
2,12,9,44,68,0,0,56908.0
1,23,9,303,5745,0,0,53243.0
2,45,9,28,0,0,1,121006.0
1,45,5,0,0,0,1,54240.0
1,41,4,1,0,0,1,27676.0
2,12,9,43,70,0,0,52320.0
0,14,9,8,0,0,1,76566.0
1,45,1,0,0,0,1,52441.0
2,12,9,44,73,0,0,55574.0
1,23,9,54540,8314,0,0,53618.0
2,41,9,146,0,0,0,9038.0
0,14,9,8,0,0,1,58645.0
1,45,1,0,0,0,1,37552.0
1,19,9,58,189,0,0,120182.0
0,15,9,1032,0,0,0,43328.0
1,20,9,14189,0,0,0,88169.0
0,14,9,8,0,0,1,53615.0
1,49,9,0,90,0,1,52760.0
2,45,9,1,0,0,1,32833.0
1,45,5,0,0,0,1,119227.0
1,23,5,0,0,0,1,125353.0
1,23,9,241,285,0,0,87917.0
1,16,1,0,0,0,1,83801.0
1,45,5,0,0,0,1,117048.0
1,31,5,0,0,0,1,122791.0
1,23,9,234,5381,0,0,96640.0
1,45,5,0,0,0,1,36631.0
1,38,5,0,0,0,1,117542.0
0,14,9,8,0,0,1,24151.0
1,23,9,246,1610,0,0,81737.0
1,49,9,709,332,0,0,48036.0
1,23,5,0,0,0,1,103617.0
2,12,9,44,44,0,0,45210.0
1,5,5,0,0,0,1,30040.0
1,45,5,0,0,0,1,88336.0
1,36,4,0,0,0,1,100403.0
1,23,9,354,824,0,0,111795.0
2,41,9,147,0,0,0,45916.0
1,45,5,0,0,0,1,11923.0
1,45,5,0,0,0,1,41985.0
1,23,9,210,1013,0,0,15602.0
1,45,5,0,0,0,1,83206.0
1,49,9,13823,1874,0,0,116726.0
1,23,9,244,458,0,0,54602.0
2,45,9,105,146,0,0,115772.0
1,7,5,0,0,0,1,49310.0
1,9,5,0,0,0,1,65809.0
0,14,9,8,0,0,1,12107.0
1,24,5,0,0,0,1,55028.0
1,49,9,1298,447,0,0,76494.0
1,23,9,211,2081,0,0,13124.0
1,45,4,0,0,0,1,58503.0
1,23,9,218,1067,0,0,106123.0
1,53,5,0,0,0,1,102632.0
1,20,5,0,0,0,1,34807.0
1,23,9,314,1043,0,0,110926.0
2,45,9,28,0,0,1,100274.0
1,23,9,302,2143,0,0,44997.0
2,12,9,34,91,0,0,122277.0
1,45,5,0,0,0,1,104688.0
1,19,5,0,0,0,1,12614.0
2,41,9,147,0,0,0,81480.0
1,23,9,272,1215,0,0,79649.0
1,18,5,0,0,0,1,30620.0
2,12,9,52,105,0,0,22606.0
1,52,5,0,0,0,1,36156.0
2,12,9,44,80,0,0,56801.0
2,12,9,44,113,0,0,116722.0
1,17,5,0,0,0,1,3123.0
0,14,9,8,0,0,1,56902.0
1,45,5,0,0,0,1,9758.0
1,49,9,1431,336,0,0,100169.0
1,45,5,0,0,0,1,123384.0
1,20,9,641,0,0,0,104454.0
2,41,9,147,0,0,0,21697.0
1,23,9,248,3756,0,0,59700.0
1,49,9,1190,362,0,0,17908.0
1,49,9,1822,333,0,0,109938.0
1,62,1,0,0,0,1,89383.0
0,60,9,181,0,0,0,4155.0
1,23,9,278,2092,0,0,67620.0
1,23,9,54540,8314,0,0,125877.0
2,12,9,44,44,0,0,56954.0
1,45,4,0,0,0,1,112370.0
1,23,9,252,271,0,0,36608.0
1,23,9,213,17996,0,0,80034.0
1,23,9,349,3326,0,0,82954.0
0,15,9,1480,0,0,0,77842.0
2,45,9,1,0,0,1,68337.0
1,49,9,780,327,0,0,85458.0
1,55,4,0,0,0,1,47591.0
1,18,9,7,223,0,0,113056.0
2,12,9,45,75,0,0,78692.0
0,15,9,1032,0,0,0,5861.0
1,38,5,0,0,0,1,49054.0
1,23,9,336,1791,0,0,55882.0
1,23,9,325,1964,0,0,16957.0
1,49,9,12333,1429,0,0,59654.0
1,20,5,0,0,0,1,50445.0
1,23,4,13748,8314,0,0,43888.0
1,45,5,0,0,0,1,94860.0
0,15,9,1032,0,0,0,106592.0
1,23,9,304,420,0,0,32510.0
1,26,5,0,0,0,1,113001.0
1,45,5,0,0,0,1,64910.0
1,23,9,338,392,0,0,27719.0
1,21,5,0,0,0,1,102452.0
1,49,9,958,331,0,0,112179.0
1,64,5,0,0,0,1,89491.0
2,12,9,42,42,0,0,82819.0
1,45,5,0,0,0,1,59155.0
1,64,5,0,0,0,1,2879.0
1,54,5,0,0,0,1,41144.0
1,25,5,0,0,0,1,86019.0
1,23,9,317,6866,0,0,110868.0
1,49,9,1106,338,0,0,118790.0
1,23,1,0,0,0,1,65232.0
1,45,5,0,0,0,1,123266.0
2,12,9,42,42,0,0,46335.0
1,23,9,338,2468,0,0,112686.0
1,49,9,1506,332,0,0,15571.0
1,23,9,250,719,0,0,114015.0
1,5,5,0,0,0,1,79679.0
1,45,5,0,0,0,1,30325.0
0,14,9,18,0,0,1,22960.0
1,23,9,313,10111,0,0,10455.0
1,24,5,0,0,0,1,78333.0
1,23,9,155,1032,0,0,111223.0
1,23,9,351,886,0,0,118508.0
1,23,9,364,255,0,0,105653.0
1,23,9,295,306,0,0,120060.0
1,23,9,209,3878,0,0,100108.0
1,9,5,0,0,0,1,119497.0
1,4,5,0,0,0,1,10919.0
2,41,9,1,0,0,1,35090.0
2,12,9,46,133,0,0,119346.0
0,14,9,8,0,0,1,44912.0
1,45,1,0,0,0,1,8518.0
1,23,9,183,3376,0,0,32600.0
1,23,9,279,13869,0,0,113477.0
1,45,2,0,0,0,1,87783.0
1,45,5,0,0,0,1,91641.0
1,19,9,1503,4152,0,0,12160.0
1,20,9,567,0,0,0,95552.0
1,23,9,262,310,0,0,11604.0
2,12,9,46,46,0,0,15656.0
1,23,9,253,128,0,0,60191.0
0,14,9,8,0,0,1,37464.0
1,45,5,0,0,0,1,38864.0
1,17,2,0,0,0,1,76367.0
1,55,9,111,3118,0,0,39382.0
1,63,1,0,0,0,1,125487.0
2,12,9,44,72,0,0,57619.0
1,58,5,0,0,0,1,43198.0
1,23,9,212,1385,0,0,13916.0
2,12,9,43,43,0,0,41978.0
2,41,9,147,105,0,0,44796.0
1,5,5,0,0,0,1,16781.0
0,15,9,1032,0,0,0,17686.0
1,23,9,233,1072,0,0,124811.0
0,15,9,1032,0,0,0,46423.0
1,64,4,0,0,0,1,27818.0
1,45,1,0,0,0,1,67449.0
1,45,1,0,0,0,1,120390.0
1,58,5,0,0,0,1,19480.0
1,45,5,0,0,0,1,91157.0
1,45,5,0,0,0,1,6815.0
2,12,9,44,80,0,0,3567.0
1,23,9,227,3008,0,0,88129.0
1,23,1,0,0,0,1,111588.0
1,23,9,180,1541,0,0,70851.0
1,23,9,214,891,0,0,36846.0
1,45,5,0,0,0,1,122435.0
2,12,9,34,0,0,0,55267.0
1,13,2,0,0,0,1,3872.0
1,39,5,0,0,0,1,111636.0
1,55,5,0,0,0,1,28529.0
1,45,5,0,0,0,1,71673.0
2,40,9,48,48,0,0,79061.0
1,50,1,0,0,0,1,16127.0
1,20,9,14189,0,0,0,28015.0
2,45,9,28,0,0,1,20719.0
1,23,9,206,6682,0,0,88493.0
1,50,1,0,0,0,1,64056.0
1,23,9,219,8111,0,0,76657.0
1,23,1,0,0,0,1,54897.0
1,10,5,0,0,0,1,102941.0
1,28,5,0,0,0,1,81015.0
1,2,5,0,0,0,1,114469.0
1,23,9,316,1247,0,0,122199.0
1,23,9,200,7139,0,0,27168.0
1,45,5,0,0,0,1,95081.0
1,45,1,0,0,0,1,23591.0
1,45,5,0,0,0,1,54573.0
1,45,5,0,0,0,1,14616.0
1,23,9,336,1533,0,0,60736.0
0,14,9,8,0,0,1,69994.0
1,45,5,0,0,0,1,113498.0
1,18,9,8,364,0,0,100441.0
1,45,5,0,0,0,1,111306.0
0,15,9,1032,0,0,0,40097.0
1,49,9,1420,362,0,0,102490.0
1,29,5,0,0,0,1,97692.0
1,31,5,0,0,0,1,36096.0
1,49,9,2426,326,0,0,82601.0
1,23,9,305,502,0,0,9594.0
1,23,9,311,11417,0,0,40707.0
1,23,9,226,4512,0,0,8303.0
1,45,5,0,0,0,1,11296.0
1,45,5,0,0,0,1,62530.0
1,23,9,199,2801,0,0,39363.0
0,14,9,30,0,0,0,46631.0
1,63,5,0,0,0,1,18367.0
1,23,9,283,171,0,0,18632.0
1,61,5,0,0,0,1,31639.0
1,18,5,0,0,0,1,112060.0
1,45,5,0,0,0,1,58924.0
0,60,9,183,0,0,0,92916.0
1,55,4,623,2492,0,0,55055.0
1,20,9,7422,0,0,0,86355.0
1,45,4,0,0,0,1,63735.0
2,41,9,146,105,0,0,54078.0
1,45,1,0,0,0,1,38538.0
1,19,5,0,0,0,1,70168.0
1,45,5,0,0,0,1,67348.0
2,12,9,46,136,0,0,54196.0
1,45,4,0,0,0,1,3266.0
1,45,5,0,0,0,1,55771.0
1,45,1,0,0,0,1,24896.0
1,23,9,222,768,0,0,90093.0
2,12,9,45,74,0,0,57775.0
1,23,9,285,315,0,0,65431.0
2,12,9,46,46,0,0,86083.0
1,17,2,0,0,0,1,69915.0
1,49,9,3346,374,0,0,22051.0
1,45,1,0,0,0,1,8535.0
1,45,1,0,0,0,1,47403.0
2,45,9,100,100,0,0,30521.0
1,55,9,654,21094,0,0,47806.0
1,23,9,259,86,0,0,68586.0
1,23,9,409,6033,0,0,9480.0
1,23,9,329,2080,0,0,51833.0
2,12,9,34,94,0,0,25652.0
1,41,4,1,0,0,1,110423.0
1,45,3,0,0,0,1,21443.0
1,44,5,0,0,0,1,92286.0
1,23,9,285,7203,0,0,51827.0
1,58,9,0,4,0,1,28852.0
1,23,9,301,12634,0,0,94000.0
1,55,5,0,0,0,1,60558.0
1,23,9,413,309,0,0,16686.0
1,45,5,0,0,0,1,87282.0
1,23,9,300,2698,0,0,90476.0
1,23,9,227,13337,0,0,125180.0
1,45,5,0,0,0,1,90644.0
1,23,1,0,0,0,1,86566.0
1,23,9,219,1283,0,0,24805.0
1,23,9,278,382,0,0,114130.0
1,23,9,189,10372,0,0,69664.0
2,41,9,146,105,0,0,56200.0
1,23,9,202,1001,0,0,123706.0
1,23,9,221,813,0,0,99892.0
1,23,9,280,5854,0,0,25931.0
2,12,9,43,107,0,0,72695.0
1,20,9,1699,0,0,0,39593.0
0,14,9,8,0,0,1,31349.0
1,23,9,281,272,0,0,20860.0
1,45,5,0,0,0,1,34018.0
1,61,5,0,0,0,1,96592.0
1,45,1,0,0,0,1,110227.0
1,8,5,0,0,0,1,94790.0
1,23,9,215,293,0,0,50775.0
1,17,5,0,0,0,1,52623.0
1,35,5,0,0,0,1,45719.0
1,23,5,0,0,0,1,51817.0
1,45,4,0,0,0,1,36992.0
1,45,5,0,0,0,1,1625.0
0,15,9,1480,0,0,0,70868.0
1,23,9,148,684,0,0,77120.0
1,7,5,0,0,0,1,63822.0
1,23,9,369,124,0,0,92601.0
1,23,9,235,579,0,0,57747.0
1,39,5,0,0,0,1,37991.0
1,23,9,291,1105,0,0,49762.0
0,14,9,8,0,0,1,36951.0
1,23,9,198,11607,0,0,22435.0
1,55,2,737,112155,0,0,23954.0
1,62,1,0,0,0,1,35894.0
1,45,5,0,0,0,1,125926.0
1,23,1,0,0,0,1,42504.0
1,20,9,35,0,0,0,67913.0
1,23,9,224,616,0,0,84701.0
1,5,5,0,0,0,1,48541.0
2,45,9,1,0,0,1,65978.0
1,41,4,1,0,0,1,14334.0
1,23,9,257,3973,0,0,47925.0
1,23,5,0,0,0,1,77463.0
1,19,2,0,0,0,1,47078.0
1,45,5,0,0,0,1,37920.0
1,23,9,296,1044,0,0,114273.0
1,20,9,567,0,0,0,103128.0
1,23,9,331,1064,0,0,57242.0
1,45,5,0,0,0,1,79836.0
0,14,9,18,0,0,1,91838.0
1,23,9,355,369,0,0,27684.0
1,23,9,185,25618,0,0,14690.0
2,12,9,45,73,0,0,78795.0
1,23,9,307,1112,0,0,53548.0
0,60,9,183,0,0,0,32194.0
1,23,9,316,2965,0,0,4804.0
1,45,5,0,0,0,1,19846.0
1,23,9,296,316,0,0,110950.0
1,19,5,0,0,0,1,33203.0
0,14,9,8,0,0,1,76788.0
2,12,9,43,70,0,0,18696.0
1,45,5,0,0,0,1,87626.0
0,60,9,183,0,0,0,13041.0
1,23,9,275,303,0,0,93678.0
1,9,5,0,0,0,1,18855.0
1,23,9,201,5606,0,0,22328.0
1,23,9,236,21319,0,0,42183.0
0,15,9,1032,0,0,0,17631.0
1,49,9,2292,329,0,0,3604.0
1,23,9,218,2112,0,0,110408.0
1,49,9,634,327,0,0,72053.0
0,14,9,18,0,0,1,54391.0
1,45,1,0,0,0,1,480.0
1,41,1,0,0,0,1,62699.0
1,41,1,0,0,0,1,122079.0
1,18,9,6,139,0,0,21456.0
1,23,9,257,1968,0,0,123543.0
1,20,9,383,0,0,0,100680.0
1,23,9,312,1472,0,0,16558.0
2,45,9,105,147,0,0,78701.0
1,2,5,0,0,0,1,102735.0
1,23,9,222,406,0,0,98792.0
1,23,9,278,19280,0,0,121256.0
1,23,9,312,1423,0,0,114582.0
1,23,9,347,90976,0,0,114437.0
1,23,9,304,1976,0,0,12870.0
1,20,9,960,0,0,0,34210.0
1,45,1,0,0,0,1,89051.0
1,45,1,0,0,0,1,28892.0
1,45,5,0,0,0,1,97323.0
1,45,5,0,0,0,1,53027.0
1,23,9,380,361,0,0,104893.0
1,23,9,217,1079,0,0,118241.0
1,49,9,1335,398,0,0,26774.0
1,45,1,0,0,0,1,19208.0
1,23,9,310,950,0,0,30236.0
1,23,9,293,1031,0,0,122683.0
1,45,5,0,0,0,1,70613.0
1,18,9,10,177,0,0,112219.0
1,23,9,324,718,0,0,120352.0
2,12,9,43,132,0,0,88419.0
0,14,9,8,0,0,1,111581.0
1,45,4,0,0,0,1,109401.0
1,45,5,0,0,0,1,95699.0
1,45,5,0,0,0,1,60632.0
0,14,9,8,0,0,1,60648.0
1,41,5,0,0,0,1,92745.0
1,49,9,2215,333,0,0,113378.0
2,45,9,1,0,0,1,68471.0
2,12,9,24,42,0,0,39418.0
1,23,9,214,310,0,0,10544.0
1,49,9,1087,387,0,0,48149.0
2,12,9,46,127,0,0,102008.0
1,23,9,335,1724,0,0,47064.0
1,23,9,409,4167,0,0,107373.0
1,23,5,0,0,0,1,116043.0
2,12,9,46,86,0,0,15962.0
0,15,9,8,0,0,1,95161.0
1,64,1,0,0,0,1,102819.0
1,23,9,54540,8314,0,0,2368.0
1,23,9,286,354,0,0,103430.0
1,45,1,0,0,0,1,105529.0
1,45,5,0,0,0,1,19628.0
1,23,1,0,0,0,1,36695.0
1,49,9,1265,327,0,0,95337.0
1,45,5,0,0,0,1,86427.0
1,49,9,1042,326,0,0,57579.0
0,14,9,8,0,0,1,73359.0
1,6,5,0,0,0,1,1818.0
1,23,1,0,0,0,1,93644.0
1,23,9,262,5480,0,0,90833.0
1,23,9,312,6533,0,0,13211.0
1,49,9,909,386,0,0,90503.0
1,55,5,0,0,0,1,89316.0
1,49,9,851,482,0,0,38963.0
0,14,9,8,0,0,1,116354.0
1,63,5,0,0,0,1,15820.0
1,45,5,0,0,0,1,103446.0
2,45,9,1,0,0,1,25668.0
1,23,9,201,7980,0,0,1467.0
1,64,5,0,0,0,1,9238.0
1,49,9,1076,334,0,0,66646.0
1,23,9,324,5220,0,0,103158.0
1,19,9,1471,4152,0,0,110535.0
1,23,9,216,384,0,0,124442.0
1,25,5,0,0,0,1,114733.0
1,23,9,294,1214,0,0,11390.0
1,45,5,0,0,0,1,100751.0
1,11,1,0,0,0,1,104608.0
1,61,5,0,0,0,1,58546.0
1,23,9,233,13380,0,0,87492.0
1,20,5,0,0,0,1,40721.0
1,23,9,204,3182,0,0,88037.0
1,41,1,0,0,0,1,112035.0
1,49,9,1015,332,0,0,51624.0
2,12,9,42,127,0,0,104150.0
1,23,9,295,2727,0,0,34115.0
2,12,9,45,130,0,0,72792.0
1,2,1,0,0,0,1,31802.0
1,23,9,284,210,0,0,35174.0
2,41,9,147,105,0,0,66984.0
2,12,9,43,43,0,0,45285.0
1,45,5,0,0,0,1,84084.0
1,23,9,296,1600,0,0,55908.0
1,45,5,0,0,0,1,104998.0
1,45,5,0,0,0,1,93201.0
1,23,9,233,1075,0,0,54498.0
2,41,9,147,105,0,0,98588.0
1,23,9,250,1597,0,0,38797.0
1,55,5,0,0,0,1,35431.0
1,23,9,363,8676,0,0,104763.0
1,23,9,288,751,0,0,43519.0
0,14,9,8,0,0,1,54199.0
1,23,9,193,10799,0,0,72189.0
1,55,9,384,269225,0,0,28077.0
1,45,5,0,0,0,1,53845.0
0,14,9,8,0,0,1,101094.0
1,23,5,0,0,0,1,46130.0
1,23,9,213,2126,0,0,101594.0
1,6,1,0,0,0,1,124497.0
1,45,5,0,0,0,1,4815.0
1,23,9,238,1585,0,0,119718.0
1,23,9,161,5977,0,0,75958.0
1,23,9,296,1875,0,0,93371.0
0,15,9,1032,0,0,0,95924.0
2,12,9,44,75,0,0,50905.0
1,45,5,0,0,0,1,83099.0
1,23,9,341,279,0,0,73314.0
1,45,5,0,0,0,1,1088.0
1,49,9,875,332,0,0,74677.0
1,49,9,1733,330,0,0,84317.0
1,64,5,0,0,0,1,29909.0
1,23,9,194,365,0,0,36973.0
1,20,9,245,0,0,0,46486.0
2,12,9,44,44,0,0,11507.0
1,43,9,52,2026,0,0,90457.0
1,45,5,0,0,0,1,75888.0
1,16,1,0,0,0,1,24262.0
0,14,9,8,0,0,1,75080.0
1,23,5,0,0,0,1,71618.0
1,49,9,1671,366,0,0,112547.0
1,23,5,0,0,0,1,14806.0
1,23,9,314,3729,0,0,75543.0
1,41,1,0,0,0,1,34924.0
1,45,4,0,0,0,1,123569.0
1,6,1,0,0,0,1,97730.0
1,45,5,0,0,0,1,9580.0
1,23,9,141,40380,0,0,14505.0
1,51,5,0,0,0,1,25583.0
1,23,9,197,1463,0,0,8384.0
1,45,5,0,0,0,1,66195.0
2,12,9,22,75,0,0,18919.0
0,14,9,30,0,0,0,125259.0
1,23,9,226,2630,0,0,25097.0
1,45,1,0,0,0,1,56448.0
1,45,5,0,0,0,1,33952.0
1,23,9,344,2839,0,0,21261.0
1,45,5,0,0,0,1,49906.0
1,23,9,368,11342,0,0,116890.0
1,20,1,0,0,0,1,16637.0
0,14,9,18,0,0,1,121796.0
1,23,9,268,282,0,0,62714.0
1,41,1,0,0,0,1,35618.0
1,49,9,1003,332,0,0,9333.0
1,23,9,311,2446,0,0,74778.0
1,45,5,0,0,0,1,25196.0
1,49,9,3983,337,0,0,45728.0
2,12,9,44,68,0,0,116778.0
1,61,5,0,0,0,1,45635.0
2,12,9,45,77,0,0,92390.0
1,45,5,0,0,0,1,13526.0
1,41,9,7280,0,0,0,40075.0
1,23,5,0,0,0,1,92422.0
1,23,9,158,7698,0,0,37176.0
1,23,9,0,25519,0,0,110492.0
1,20,9,175337,0,0,0,4194.0
1,55,5,0,0,0,1,102027.0
1,23,9,282,1227,0,0,18088.0
2,12,9,45,129,0,0,67508.0
1,19,5,0,0,0,1,8249.0
1,10,2,0,0,0,1,82093.0
0,14,9,8,0,0,1,9547.0
1,45,1,0,0,0,1,94326.0
1,23,9,222,278,0,0,19595.0
1,64,5,0,0,0,1,8586.0
2,12,9,45,76,0,0,89951.0
1,45,5,0,0,0,1,102155.0
1,49,9,768,338,0,0,112258.0
1,23,9,284,2712,0,0,51898.0
1,20,9,832,0,0,0,93091.0
1,23,9,240,1137,0,0,2059.0
1,23,9,222,7280,0,0,52711.0
1,45,1,0,0,0,1,121228.0
1,4,5,0,0,0,1,30665.0
1,23,9,219,759,0,0,10651.0
1,23,9,307,8624,0,0,73677.0
1,6,5,0,0,0,1,72433.0
1,4,9,10,38,0,0,55030.0
1,23,9,181,12246,0,0,92270.0
1,55,9,103,2822,0,0,4176.0
1,45,5,0,0,0,1,40879.0
1,23,9,237,1582,0,0,4431.0
1,23,9,278,1413,0,0,39971.0
0,14,9,8,0,0,1,61842.0
1,45,1,0,0,0,1,50602.0
1,2,1,0,0,0,1,122986.0
2,41,9,147,0,0,0,68567.0
0,15,9,520,0,0,0,81578.0
1,6,1,0,0,0,1,6889.0
1,49,9,1175,285,0,0,32984.0
1,62,5,0,0,0,1,94128.0
0,15,9,1032,0,0,0,12989.0
1,45,5,0,0,0,1,8666.0
1,23,9,299,2314,0,0,109906.0
1,26,5,0,0,0,1,85336.0
1,23,9,251,7314,0,0,39314.0
1,45,5,0,0,0,1,30089.0
2,12,9,44,44,0,0,30599.0
2,12,9,46,46,0,0,2505.0
1,19,5,0,0,0,1,121030.0
1,45,5,0,0,0,1,116669.0
1,45,5,0,0,0,1,4374.0
1,33,5,0,0,0,1,114077.0
1,37,5,0,0,0,1,75399.0
2,12,9,36,101,0,0,96160.0
1,20,9,383,0,0,0,37935.0
1,53,5,0,0,0,1,76136.0
1,45,5,0,0,0,1,35978.0
1,23,9,308,2698,0,0,123919.0
2,12,9,45,111,0,0,99164.0
1,45,5,0,0,0,1,21076.0
2,41,9,147,105,0,0,32175.0
1,23,9,313,1268,0,0,42376.0
1,6,5,0,0,0,1,116803.0
1,41,4,1,0,0,1,13452.0
1,38,5,0,0,0,1,92315.0
1,45,1,0,0,0,1,37463.0
1,28,1,0,0,0,1,94007.0
1,54,1,0,0,0,1,104650.0
1,22,5,0,0,0,1,125339.0
1,23,9,330,19341,0,0,66890.0
1,23,9,218,2575,0,0,28639.0
1,49,9,1484,369,0,0,26099.0
1,23,1,0,0,0,1,21853.0
1,49,9,1104,331,0,0,6108.0
2,45,9,207,0,0,0,21970.0
1,23,9,214,8487,0,0,18858.0
1,49,9,866,329,0,0,45077.0
0,14,9,8,0,0,1,83938.0
1,18,5,0,0,0,1,4696.0
1,23,9,241,724,0,0,75679.0
0,14,9,8,0,0,1,65494.0
1,23,9,223,1719,0,0,51180.0
1,23,9,238,5234,0,0,62010.0
1,23,1,0,0,0,1,122372.0
1,23,9,200,430,0,0,101009.0
1,20,5,0,0,0,1,48338.0
1,9,5,0,0,0,1,45477.0
1,41,4,1,0,0,1,108093.0
1,23,9,338,1481,0,0,72537.0
1,23,9,491,9127,0,0,35457.0
1,45,5,0,0,0,1,63753.0
1,45,1,0,0,0,1,123626.0
1,23,9,186,1263,0,0,63506.0
1,23,9,219,1826,0,0,95033.0
1,23,9,228,6879,0,0,50765.0
1,41,5,0,0,0,1,963.0
1,38,5,0,0,0,1,85996.0
1,38,1,0,0,0,1,102741.0
1,23,9,210,13149,0,0,93801.0
1,23,9,244,837,0,0,65416.0
1,20,9,14189,0,0,0,15480.0
1,63,5,0,0,0,1,61453.0
1,23,9,336,12892,0,0,91812.0
1,23,9,314,3487,0,0,87944.0
1,23,9,256,13598,0,0,93531.0
2,12,9,45,45,0,0,15516.0
1,23,9,226,527,0,0,65249.0
1,49,9,815,478,0,0,105202.0
1,45,5,0,0,0,1,95981.0
1,45,1,0,0,0,1,26791.0
1,49,9,1033,340,0,0,59642.0
1,23,9,211,811,0,0,6212.0
0,14,9,8,0,0,1,80448.0
1,45,5,0,0,0,1,37688.0
1,45,5,0,0,0,1,10074.0
1,45,1,0,0,0,1,92698.0
1,23,9,278,2774,0,0,103252.0
1,18,9,7,361,0,0,52252.0
0,14,9,30,0,0,0,31979.0
1,62,1,0,0,0,1,99670.0
1,45,5,0,0,0,1,11882.0
1,24,5,0,0,0,1,11408.0
2,12,9,33,88,0,0,24720.0
1,5,1,0,0,0,1,12553.0
1,20,9,63,0,0,0,92343.0
2,12,9,43,43,0,0,96263.0
1,38,1,0,0,0,1,55891.0
1,27,5,0,0,0,1,97552.0
1,36,5,0,0,0,1,54631.0
1,45,1,0,0,0,1,35964.0
2,12,9,45,74,0,0,123242.0
1,49,9,1455,281,0,0,33533.0
2,45,9,1,0,0,1,72106.0
1,20,9,7280,0,0,0,110540.0
1,6,5,0,0,0,1,20293.0
1,23,1,0,0,0,1,87634.0
1,23,9,234,24583,0,0,94198.0
1,45,5,0,0,0,1,69256.0
1,23,1,0,0,0,1,10265.0
1,20,9,854,0,0,0,99180.0
1,23,9,275,313,0,0,9535.0
1,23,9,350,3436,0,0,116427.0
2,41,9,516,4,0,0,123810.0
1,26,5,0,0,0,1,60190.0
1,43,9,136,17122,0,0,33105.0
2,12,9,46,46,0,0,43917.0
1,23,1,0,0,0,1,17086.0
1,20,9,965,0,0,0,60665.0
1,45,1,0,0,0,1,22752.0
1,23,9,235,3913,0,0,112240.0
1,11,1,0,0,0,1,33234.0
1,45,4,1,0,0,1,123264.0
2,12,9,44,129,0,0,92485.0
1,16,5,0,0,0,1,51797.0
1,23,9,253,272,0,0,68070.0
1,45,5,0,0,0,1,9790.0
1,23,5,0,0,0,1,124567.0
0,14,9,8,0,0,1,8126.0
1,23,9,350,6959,0,0,119389.0
1,62,1,0,0,0,1,119847.0
1,23,9,243,321,0,0,26142.0
1,5,5,0,0,0,1,66888.0
1,45,5,0,0,0,1,54411.0
1,23,5,0,0,0,1,94049.0
2,45,9,1,0,0,1,32752.0
1,23,9,319,117,0,0,96293.0
1,23,9,315,261,0,0,14017.0
2,41,9,145,105,0,0,46322.0
1,45,1,0,0,0,1,124521.0
1,49,9,1362,380,0,0,42746.0
1,24,5,0,0,0,1,116793.0
1,32,5,0,0,0,1,24324.0
1,23,5,0,0,0,1,110909.0
1,23,9,284,2812,0,0,85306.0
1,55,9,104,1025,0,0,60922.0
2,45,9,105,146,0,0,73066.0
1,23,9,300,15934,0,0,114944.0
1,62,5,0,0,0,1,31862.0
1,45,5,0,0,0,1,104663.0
1,45,5,0,0,0,1,106180.0
1,23,1,0,0,0,1,29803.0
1,49,9,949,477,0,0,85254.0
0,15,9,1032,0,0,0,27141.0
1,23,1,0,0,0,1,50563.0
1,7,5,0,0,0,1,76758.0
1,23,9,196,6277,0,0,41011.0
1,23,9,313,10993,0,0,103494.0
1,45,5,0,0,0,1,79741.0
1,61,5,0,0,0,1,37989.0
1,2,5,0,0,0,1,90160.0
1,45,5,0,0,0,1,16947.0
1,23,9,241,2051,0,0,31531.0
2,12,9,34,0,0,0,25721.0
1,23,9,232,128,0,0,114380.0
2,45,9,105,146,0,0,100355.0
1,23,9,333,3550,0,0,76697.0
1,23,9,269,9317,0,0,83430.0
1,21,5,0,0,0,1,44754.0
1,23,9,233,1380,0,0,114528.0
1,23,9,177,1414,0,0,57466.0
1,25,1,0,0,0,0,113601.0
1,49,9,1272,330,0,0,66692.0
2,45,9,1,0,0,1,117906.0
1,23,9,212,296,0,0,117402.0
1,18,5,0,0,0,1,7284.0
2,12,9,44,133,0,0,34133.0
1,23,9,338,468,0,0,25311.0
1,50,5,0,0,0,1,57392.0
1,23,9,252,14445,0,0,95395.0
1,23,9,285,12884,0,0,118660.0
1,23,9,144,37654,0,0,12001.0
1,5,5,0,0,0,1,115940.0
1,55,5,0,0,0,1,22284.0
1,23,9,294,1600,0,0,39429.0
1,45,2,0,0,0,1,106162.0
2,45,9,28,0,0,1,65138.0
1,29,1,0,0,0,1,37727.0
1,23,9,318,1342,0,0,47258.0
1,23,9,317,2269,0,0,92480.0
1,20,9,0,5150823,0,0,124045.0
1,20,9,2191,0,0,0,74747.0
1,23,5,0,0,0,1,112316.0
1,23,9,299,1291,0,0,50850.0
1,49,9,1502,332,0,0,99726.0
1,45,5,0,0,0,1,125840.0
1,33,5,0,0,0,1,33492.0
1,19,9,918,2720,0,0,49463.0
1,23,9,327,330,0,0,84109.0
1,23,9,196,17602,0,0,22251.0
1,23,9,216,11094,0,0,27560.0
1,23,9,213,1321,0,0,47306.0
1,49,9,806,327,0,0,101890.0
2,12,9,44,78,0,0,39620.0
1,23,9,251,426,0,0,70362.0
1,23,9,207,3672,0,0,106744.0
1,23,9,333,266,0,0,84273.0
1,20,9,12,0,0,0,62648.0
1,19,9,935,2720,0,0,90359.0
1,23,9,328,312,0,0,114281.0
1,49,9,1635,392,0,0,38410.0
1,37,5,0,0,0,1,98450.0
1,2,5,0,0,0,1,115305.0
1,18,9,10,277,0,0,90949.0
1,18,5,0,0,0,1,104718.0
2,12,9,45,45,0,0,101865.0
2,45,9,100,0,0,0,18019.0
1,23,9,316,1698,0,0,38556.0
0,15,9,520,0,0,0,118033.0
1,20,9,1470,0,0,0,69725.0
1,2,5,0,0,0,1,60101.0
1,23,9,223,1158,0,0,123477.0
1,23,9,217,492,0,0,82806.0
2,41,9,145,105,0,0,46580.0
1,49,9,1937,339,0,0,80580.0
1,23,9,302,6717,0,0,10286.0
1,23,9,312,1078,0,0,71293.0
1,23,9,296,835,0,0,99920.0
1,18,9,0,0,0,1,13021.0
1,23,9,283,2156,0,0,111826.0
1,23,9,205,1719,0,0,25200.0
1,21,5,0,0,0,1,107893.0
1,23,9,214,4858,0,0,20283.0
1,45,5,0,0,0,1,50853.0
1,23,9,231,281,0,0,44632.0
1,20,5,0,0,0,1,108446.0
1,23,9,232,6008,0,0,50915.0
1,23,9,361,2797,0,0,101960.0
1,23,1,0,0,0,1,3829.0
1,44,5,0,0,0,1,31981.0
2,12,9,44,123,0,0,80079.0
1,23,9,233,155,0,0,30220.0
1,23,9,361,858,0,0,7366.0
1,45,1,0,0,0,1,78561.0
2,12,9,44,74,0,0,94885.0
1,45,5,0,0,0,1,57219.0
1,49,9,4239,328,0,0,74933.0
1,45,5,0,0,0,1,32503.0
1,45,5,0,0,0,1,90192.0
1,23,9,206,2014,0,0,97843.0
1,62,5,0,0,0,1,107699.0
1,23,9,209,17035,0,0,45720.0
1,23,9,278,6608,0,0,44198.0
1,23,9,201,17733,0,0,53107.0
1,20,9,641,0,0,0,81248.0
1,17,5,0,0,0,1,37826.0
1,23,9,306,3313,0,0,63688.0
1,23,9,242,2328,0,0,60809.0
1,20,5,0,0,0,1,38209.0
0,14,9,8,0,0,1,45080.0
1,51,5,0,0,0,1,105776.0
1,10,5,0,0,0,1,117145.0
1,45,5,0,0,0,1,18048.0
1,35,5,0,0,0,1,55193.0
1,23,9,226,2038,0,0,120113.0
1,19,5,0,0,0,1,3509.0
2,12,9,35,0,0,0,32619.0
2,41,9,147,105,0,0,120552.0
1,45,5,0,0,0,1,38487.0
1,45,5,0,0,0,1,25355.0
1,18,5,0,0,0,1,93684.0
1,20,9,30,0,0,0,1277.0
2,12,9,45,75,0,0,52025.0
1,45,5,0,0,0,1,124654.0
2,12,9,44,127,0,0,53855.0
1,20,5,0,0,0,1,31529.0
1,23,9,240,5291,0,0,68213.0
1,27,5,0,0,0,1,41854.0
1,6,5,0,0,0,1,78111.0
1,23,9,287,811,0,0,18924.0
1,55,2,0,0,0,1,120941.0
1,23,9,243,399,0,0,49922.0
2,12,9,45,83,0,0,65307.0
1,45,5,0,0,0,1,31371.0
2,12,9,43,133,0,0,60667.0
1,23,9,200,17733,0,0,4098.0
1,50,1,0,0,0,1,62871.0
1,45,5,0,0,0,1,13962.0
1,23,9,253,477,0,0,95526.0
1,34,5,0,0,0,1,103796.0
1,23,9,331,2029,0,0,110137.0
1,23,9,290,2107,0,0,1130.0
1,23,9,359,724,0,0,106222.0
1,23,9,242,6725,0,0,843.0
1,51,5,0,0,0,1,77474.0
1,20,9,0,640,0,0,4823.0
1,23,9,303,6224,0,0,100388.0
1,28,5,0,0,0,1,83786.0
1,23,9,235,4955,0,0,106714.0
1,23,9,209,171,0,0,18868.0
1,49,9,725,389,0,0,73928.0
1,25,5,0,0,0,1,64742.0
1,45,4,0,0,0,1,89993.0
0,14,9,8,0,0,1,120097.0
1,23,9,174,5683,0,0,113491.0
1,45,5,0,0,0,1,418.0
1,25,5,0,0,0,1,107917.0
1,23,9,316,415,0,0,100740.0
1,23,9,226,1075,0,0,28868.0
1,23,9,281,296,0,0,48312.0
1,23,9,210,180,0,0,63608.0
1,8,5,0,0,0,1,53191.0
1,23,9,287,8867,0,0,17160.0
1,23,9,280,263,0,0,19040.0
1,23,2,0,0,0,1,110555.0
1,23,9,240,285,0,0,103740.0
2,12,9,46,46,0,0,68297.0
1,49,9,1836,331,0,0,6264.0
1,23,9,352,397,0,0,80846.0
1,23,9,223,488,0,0,50169.0
1,25,5,0,0,0,1,34408.0
1,49,9,866,368,0,0,113450.0
1,11,5,0,0,0,1,9227.0
1,23,9,288,6763,0,0,6067.0
1,23,9,218,342,0,0,120519.0
1,35,1,0,0,0,1,49377.0
1,23,9,252,1585,0,0,120802.0
2,45,9,1,0,0,1,73092.0
1,45,5,0,0,0,1,92739.0
0,14,9,8,0,0,1,88404.0
2,12,9,43,43,0,0,112905.0
2,12,9,46,79,0,0,53123.0
1,23,9,198,3978,0,0,124999.0
1,23,9,320,11863,0,0,38413.0
1,45,1,0,0,0,1,114908.0
1,23,9,278,5767,0,0,64951.0
2,12,9,44,130,0,0,42149.0
1,45,5,0,0,0,1,29430.0
1,23,9,235,653,0,0,120175.0
1,23,9,319,453,0,0,124232.0
1,23,9,250,790,0,0,13440.0
1,23,9,267,1165,0,0,66375.0
2,12,9,30,0,0,0,64117.0
1,45,1,0,0,0,1,60602.0
1,23,9,234,4073,0,0,84245.0
0,14,9,8,0,0,1,57295.0
1,23,6,196,36500,0,0,4305.0
2,12,9,44,75,0,0,4260.0
2,12,9,42,42,0,0,31237.0
0,15,9,520,0,0,0,11005.0
1,45,5,0,0,0,1,114759.0
1,23,5,0,0,0,1,73529.0
0,15,9,1032,0,0,0,20278.0
1,23,9,207,11617,0,0,122665.0
1,35,5,0,0,0,1,111362.0
2,45,9,1,0,0,1,18195.0
1,23,9,210,255,0,0,111880.0
1,16,5,0,0,0,1,24753.0
1,49,9,11915,1361,0,0,67220.0
1,23,9,230,2527,0,0,93916.0
1,45,5,0,0,0,1,83501.0
2,12,9,43,77,0,0,119587.0
1,49,9,922,332,0,0,110912.0
1,45,5,0,0,0,1,66382.0
2,45,9,105,146,0,0,3994.0
1,64,5,0,0,0,1,107987.0
1,20,9,12165,0,0,0,76259.0
2,45,9,1,0,0,1,44076.0
0,15,9,1032,0,0,0,18565.0
1,23,9,322,2025,0,0,67785.0
2,12,9,46,130,0,0,21450.0
1,20,9,748,0,0,0,118328.0
1,27,5,0,0,0,1,8871.0
1,52,5,0,0,0,1,97714.0
1,30,5,0,0,0,1,48978.0
1,23,9,284,189,0,0,70108.0
1,23,9,294,343,0,0,67219.0
1,23,9,185,11437,0,0,121810.0
1,45,5,0,0,0,1,7563.0
1,45,5,0,0,0,1,34166.0
1,23,9,283,2531,0,0,26396.0
1,41,1,0,0,0,1,63157.0
2,12,9,44,81,0,0,78143.0
1,63,5,0,0,0,1,37891.0
1,45,4,0,0,0,1,22147.0
1,23,9,252,1680,0,0,120172.0
1,49,9,1136,332,0,0,113069.0
1,29,5,0,0,0,1,103603.0
1,23,9,414,588,0,0,25863.0
1,39,9,6,0,0,1,89990.0
1,23,9,318,392,0,0,39917.0
2,12,9,43,133,0,0,95950.0
1,23,9,54540,8314,0,0,45683.0
1,23,9,232,933,0,0,32475.0
1,23,9,296,3751,0,0,12491.0
1,23,5,0,0,0,1,4979.0
1,45,1,0,0,0,1,40594.0
1,20,9,192,0,0,0,64412.0
1,33,5,0,0,0,1,1865.0
1,52,5,0,0,0,1,22851.0
1,49,9,1173,337,0,0,91712.0
1,23,9,204,1896,0,0,115087.0
1,45,5,0,0,0,1,31846.0
1,45,5,0,0,0,1,39961.0
1,45,5,0,0,0,1,71269.0
1,45,1,0,0,0,1,97738.0
2,12,9,42,123,0,0,102292.0
1,58,5,0,0,0,1,60209.0
1,45,5,0,0,0,1,80838.0
1,23,1,0,0,0,1,119454.0
1,45,5,0,0,0,1,101278.0
2,41,9,516,4,0,0,83917.0
1,8,3,0,0,0,1,53692.0
0,14,9,8,0,0,1,64106.0
2,41,9,516,4,0,0,42332.0
0,15,9,1480,0,0,0,71850.0
1,45,5,0,0,0,1,46102.0
1,31,5,0,0,0,1,120158.0
1,26,1,0,0,0,1,111271.0
2,41,9,1,0,0,1,73923.0
1,37,5,0,0,0,1,52485.0
1,55,9,139,2257,0,0,25175.0
1,23,9,220,9768,0,0,10778.0
1,23,9,320,745,0,0,52648.0
1,23,9,177,8654,0,0,46596.0
1,45,4,0,0,0,1,51568.0
1,45,5,0,0,0,1,15918.0
1,19,9,1251,2451,0,0,48264.0
1,23,9,290,4073,0,0,85755.0
1,23,9,54540,8314,0,0,90766.0
0,14,9,18,0,0,1,60061.0
1,63,5,0,0,0,1,3342.0
1,54,1,0,0,0,1,41853.0
1,23,9,278,2444,0,0,19426.0
2,41,9,146,105,0,0,24774.0
1,49,9,1162,394,0,0,118189.0
2,12,9,44,79,0,0,57478.0
1,34,5,0,0,0,1,754.0
1,45,5,0,0,0,1,79186.0
1,19,2,0,0,0,1,25174.0
1,19,5,0,0,0,1,122769.0
1,21,5,0,0,0,1,96631.0
2,12,9,43,69,0,0,67818.0
1,23,5,0,0,0,1,24649.0
1,49,9,1896,446,0,0,22091.0
1,23,9,340,302,0,0,56005.0
1,23,9,307,3765,0,0,48949.0
2,12,9,45,141,0,0,106807.0
1,23,5,0,0,0,1,29271.0
1,23,9,232,12682,0,0,98519.0
1,45,5,0,0,0,1,60011.0
2,12,9,44,75,0,0,120956.0
1,23,9,221,1694,0,0,111988.0
1,20,9,5336,0,0,0,114761.0
1,64,5,0,0,0,1,45188.0
1,45,1,0,0,0,1,119308.0
1,23,9,196,37327,0,0,92238.0
1,23,9,141,5388,0,0,56733.0
2,41,9,147,105,0,0,98853.0
1,23,9,315,1728,0,0,64783.0
1,45,5,0,0,0,1,98603.0
1,45,5,0,0,0,1,59865.0
1,45,2,0,0,0,1,52167.0
1,9,2,0,0,0,1,91854.0
2,12,9,46,136,0,0,73914.0
1,33,5,0,0,0,1,122513.0
1,4,9,10,37,0,0,107531.0
1,33,5,0,0,0,1,71558.0
1,23,9,215,131,0,0,116089.0
0,60,9,181,0,0,0,47587.0
2,12,9,46,82,0,0,100187.0
1,45,4,0,0,0,1,113902.0
2,12,9,42,42,0,0,107303.0
1,22,1,0,0,0,1,96777.0
1,23,9,287,788,0,0,26893.0
2,12,9,45,45,0,0,89551.0
1,5,5,0,0,0,1,56228.0
1,45,1,0,0,0,1,39637.0
1,23,1,0,0,0,1,38277.0
1,8,5,0,0,0,1,7128.0
2,12,9,41,131,0,0,87668.0
1,23,9,321,11745,0,0,110548.0
1,23,1,0,0,0,1,14228.0
1,23,9,253,4849,0,0,31316.0
1,23,9,479,6839,0,0,43272.0
1,23,9,181,23294,0,0,99386.0
1,23,9,188,171,0,0,54726.0
1,45,5,0,0,0,1,29593.0
1,23,9,301,3128,0,0,38452.0
2,12,9,45,81,0,0,73682.0
1,23,9,211,274,0,0,32551.0
0,15,9,1032,0,0,0,103106.0
1,23,9,207,551,0,0,112807.0
1,23,9,302,1120,0,0,78191.0
1,23,9,54540,8314,0,0,19277.0
1,45,5,0,0,0,1,26055.0
1,23,9,316,282,0,0,123513.0
0,14,9,18,0,0,1,118565.0
1,23,9,189,29363,0,0,58083.0
1,23,9,336,4154,0,0,97357.0
1,45,1,0,0,0,1,13423.0
1,45,5,0,0,0,1,11903.0
2,12,9,45,124,0,0,109829.0
1,20,9,334,0,0,0,32213.0
1,23,9,293,2400,0,0,1742.0
1,23,9,229,258,0,0,87631.0
1,23,9,192,60,0,0,73377.0
1,23,9,315,1187,0,0,121327.0
1,23,9,212,984,0,0,4153.0
1,23,9,200,1059,0,0,39346.0
1,23,1,0,0,0,1,41615.0
1,45,5,0,0,0,1,19353.0
1,23,9,351,3045,0,0,87963.0
1,7,5,0,0,0,1,82554.0
1,9,5,0,0,0,1,101540.0
1,45,5,0,0,0,1,28011.0
1,23,9,150,435,0,0,30155.0
1,23,9,229,986,0,0,119299.0
1,23,9,163,404,0,0,20229.0
1,23,9,231,401,0,0,52328.0
1,35,5,0,0,0,1,64798.0
1,28,5,0,0,0,1,48355.0
1,23,9,208,1073,0,0,121172.0
1,35,1,0,0,0,1,42604.0
2,12,9,44,161,0,0,13212.0
1,23,9,273,11943,0,0,56122.0
0,14,9,8,0,0,1,53536.0
2,45,9,1,0,0,1,48087.0
1,39,9,6,0,0,1,69984.0
1,41,9,1363,0,0,0,76847.0
1,49,9,851,329,0,0,106660.0
1,17,5,0,0,0,1,53772.0
1,23,9,218,575,0,0,98805.0
1,45,5,0,0,0,1,12718.0
2,12,9,46,139,0,0,75591.0
1,18,9,7,363,0,0,14785.0
1,25,5,0,0,0,1,5045.0
1,19,5,0,0,0,1,87935.0
1,63,5,0,0,0,1,106028.0
1,23,9,253,392,0,0,99820.0
1,13,5,0,0,0,1,110898.0
2,12,9,36,0,0,0,868.0
1,16,5,0,0,0,1,8095.0
2,12,9,43,69,0,0,62045.0
1,45,5,0,0,0,1,86641.0
1,49,9,970,338,0,0,116262.0
1,41,1,0,0,0,1,61970.0
1,23,9,294,4295,0,0,32383.0
1,23,7,266,70559,0,0,43489.0
1,45,5,0,0,0,1,113820.0
2,12,9,42,42,0,0,32469.0
1,20,5,0,0,0,1,16106.0
1,23,9,299,2209,0,0,116342.0
0,14,9,8,0,0,1,112520.0
1,23,9,205,8892,0,0,11094.0
1,23,9,249,24232,0,0,65376.0
1,23,9,222,3438,0,0,117790.0
0,14,9,8,0,0,1,41960.0
1,23,9,261,37654,0,0,87725.0
1,49,5,0,0,0,1,1119.0
2,12,9,45,78,0,0,46480.0
1,23,9,317,664,0,0,115435.0
1,45,1,0,0,0,1,117635.0
1,4,9,10,37,0,0,111301.0
1,20,9,495,0,0,0,54236.0
1,23,9,235,4097,0,0,4428.0
1,23,9,222,2460,0,0,39225.0
2,12,9,43,71,0,0,82981.0
2,41,9,1,0,0,1,7704.0
2,12,9,45,110,0,0,60564.0
1,20,9,641,0,0,0,13013.0
1,55,5,0,0,0,1,6056.0
1,9,5,0,0,0,1,5107.0
1,41,1,0,0,0,1,78969.0
1,49,9,1350,441,0,0,114105.0
1,23,9,192,1587,0,0,35304.0
1,23,9,226,1085,0,0,28637.0
1,23,9,163,552,0,0,42029.0
1,19,9,898,2720,0,0,62228.0
1,23,9,316,301,0,0,121857.0
0,14,9,8,0,0,1,79482.0
0,15,9,1032,0,0,0,94447.0
1,16,5,0,0,0,1,79668.0
1,45,5,0,0,0,1,100842.0
1,49,9,888,327,0,0,19718.0
1,23,9,286,332,0,0,17985.0
1,27,5,0,0,0,1,70341.0
1,8,1,0,0,0,1,29738.0
2,12,9,42,42,0,0,115582.0
1,45,5,0,0,0,1,95648.0
1,23,9,219,3211,0,0,86296.0
1,49,9,1250,325,0,0,34152.0
1,23,9,212,313,0,0,112941.0
1,23,9,318,4430,0,0,28599.0
1,9,5,0,0,0,1,95896.0
1,4,5,0,0,0,1,16659.0
1,49,6,26,110,0,0,108842.0
1,52,5,0,0,0,1,48639.0
1,23,9,210,765,0,0,58166.0
2,12,9,46,128,0,0,162.0
1,45,5,0,0,0,1,97720.0
0,14,9,8,0,0,1,95117.0
2,41,9,113,0,0,0,101011.0
1,55,5,0,0,0,1,59456.0
1,49,9,1313,337,0,0,78957.0
1,23,9,217,16835,0,0,114168.0
1,33,5,0,0,0,1,58291.0
1,18,4,0,0,0,1,69114.0
1,20,9,1339,0,0,0,49648.0
1,49,9,1334,365,0,0,60246.0
1,23,9,248,575,0,0,12983.0
1,23,9,301,313,0,0,61420.0
1,23,9,211,1719,0,0,24209.0
1,45,5,0,0,0,1,94460.0
1,64,5,0,0,0,1,110301.0
1,23,9,202,693,0,0,35141.0
0,15,9,1032,0,0,0,111097.0
1,19,9,240,771,0,0,92851.0
0,15,9,1032,0,0,0,81385.0
0,14,9,8,0,0,1,25612.0
2,12,9,45,133,0,0,55830.0
1,58,2,0,0,0,1,15752.0
1,21,5,0,0,0,1,99841.0
1,23,9,294,313,0,0,94769.0
1,23,9,235,676,0,0,57279.0
1,23,9,240,12595,0,0,49190.0
2,41,9,146,105,0,0,94583.0
1,32,5,0,0,0,1,73374.0
1,45,5,0,0,0,1,113827.0
1,23,9,325,8172,0,0,49562.0
1,49,9,1274,328,0,0,70060.0
1,45,5,0,0,0,1,22957.0
1,45,1,0,0,0,1,24252.0
1,18,9,8,141,0,0,105671.0
1,23,9,272,13154,0,0,124950.0
1,23,9,54540,8314,0,0,32684.0
1,23,9,279,1400,0,0,100228.0
1,23,9,273,6831,0,0,79070.0
1,8,5,0,0,0,1,40582.0
1,45,4,1,0,0,1,106476.0
1,55,5,0,0,0,1,110511.0
0,60,9,182,0,0,0,63025.0
1,23,9,230,2770,0,0,30493.0
1,26,5,0,0,0,1,84025.0
1,20,9,10389,0,0,0,4859.0
1,27,5,0,0,0,1,32915.0
1,45,5,0,0,0,1,17588.0
1,10,5,0,0,0,1,28092.0
1,20,5,0,0,0,1,73765.0
1,23,9,210,9076,0,0,22143.0
1,45,5,0,0,0,1,63750.0
1,23,9,198,4712,0,0,30125.0
1,23,9,296,327,0,0,22176.0
1,6,5,0,0,0,1,119200.0
1,62,1,0,0,0,1,11866.0
1,33,5,0,0,0,1,65694.0
1,8,5,0,0,0,1,29267.0
2,45,9,1,0,0,1,108205.0
1,30,5,0,0,0,1,11442.0
1,20,9,748,0,0,0,17142.0
1,45,5,0,0,0,1,25265.0
1,23,9,308,1482,0,0,34601.0
1,23,9,187,316,0,0,34341.0
1,55,5,0,0,0,1,114504.0
1,23,9,301,195,0,0,68174.0
2,45,9,28,0,0,1,86433.0
1,63,5,0,0,0,1,97945.0
1,45,5,0,0,0,1,12770.0
0,15,9,520,0,0,0,48289.0
1,39,5,0,0,0,1,15564.0
1,23,9,149,4767,0,0,70629.0
0,14,9,18,0,0,1,75060.0
1,23,9,224,1040,0,0,65392.0
1,45,5,0,0,0,1,46876.0
0,14,9,8,0,0,1,57239.0
1,23,9,202,2965,0,0,27036.0
1,18,9,10,147,0,0,15784.0
0,14,9,8,0,0,1,107271.0
1,23,9,232,7737,0,0,71465.0
2,56,9,1,0,0,1,111459.0
2,12,9,44,44,0,0,93079.0
1,23,1,0,0,0,1,73670.0
1,23,9,175,450,0,0,115317.0
2,40,9,48,48,0,0,8727.0
1,11,5,0,0,0,1,7046.0
2,45,9,1,0,0,1,25290.0
1,23,5,0,0,0,1,45867.0
1,45,5,0,0,0,1,99876.0
2,45,9,1,0,0,1,102466.0
1,23,9,216,674,0,0,108570.0
1,20,9,1214,0,0,0,28380.0
0,14,9,8,0,0,1,5256.0
2,12,9,46,77,0,0,54692.0
1,23,9,240,664,0,0,11130.0
1,49,9,917,333,0,0,40923.0
2,12,9,43,79,0,0,123772.0
1,23,9,228,1438,0,0,7383.0
2,45,9,28,0,0,1,75749.0
1,45,5,0,0,0,1,71835.0
1,23,9,214,289,0,0,112274.0
1,55,5,0,0,0,1,68423.0
1,5,5,0,0,0,1,124674.0
1,48,5,0,0,0,1,114292.0
1,13,5,0,0,0,1,125366.0
1,58,5,0,0,0,1,16915.0
1,49,9,1313,332,0,0,123134.0
1,49,9,1305,332,0,0,39427.0
1,45,5,0,0,0,1,21755.0
1,49,9,1508,350,0,0,56900.0
1,23,9,211,934,0,0,86186.0
0,15,9,1032,0,0,0,101363.0
1,49,9,878,330,0,0,110895.0
1,10,5,0,0,0,1,57805.0
1,62,5,0,0,0,1,102742.0
1,58,5,0,0,0,1,102347.0
1,45,1,0,0,0,1,72868.0
2,12,9,44,130,0,0,7186.0
1,20,9,12324,0,0,0,86900.0
1,45,5,0,0,0,1,97949.0
0,15,9,520,0,0,0,18121.0
1,22,5,0,0,0,1,124961.0
2,12,9,45,124,0,0,78863.0
1,23,9,302,1451,0,0,18452.0
1,23,9,321,1735,0,0,87596.0
0,60,9,78,0,0,0,45876.0
1,45,5,0,0,0,1,27732.0
1,20,9,2194619,0,0,0,74641.0
1,23,9,331,955,0,0,231.0
1,29,5,0,0,0,1,19895.0
2,12,9,44,78,0,0,125280.0
1,45,5,0,0,0,1,87066.0
1,23,9,232,1380,0,0,55153.0
1,23,9,220,2486,0,0,112608.0
1,23,9,230,2175,0,0,79366.0
1,64,5,0,0,0,1,57238.0
1,23,9,164,3687,0,0,45083.0
1,11,5,0,0,0,1,76140.0
1,20,5,0,0,0,1,6646.0
1,23,9,237,595,0,0,28490.0
1,49,9,11396,1428,0,0,19446.0
1,49,9,559,335,0,0,112250.0
1,18,5,0,0,0,1,27011.0
1,19,2,0,0,0,1,105679.0
2,12,9,44,113,0,0,82758.0
1,6,5,0,0,0,1,4192.0
1,8,5,0,0,0,1,19664.0
2,12,9,46,112,0,0,108319.0
1,18,9,7,276,0,0,10503.0
1,19,5,0,0,0,1,87454.0
1,20,9,4763,0,0,0,111020.0
1,23,9,186,1020,0,0,25648.0
1,55,9,102,2063,0,0,75193.0
1,32,5,0,0,0,1,89883.0
0,15,9,520,0,0,0,70100.0
1,22,5,0,0,0,1,87988.0
1,45,5,0,0,0,1,80948.0
1,45,5,0,0,0,1,118036.0
1,23,5,0,0,0,1,24276.0
1,20,9,334,0,0,0,10579.0
1,20,5,0,0,0,1,33427.0
1,23,9,285,2783,0,0,48985.0
1,23,9,205,4858,0,0,1488.0
1,23,7,197,19238,0,0,95849.0
1,45,5,0,0,0,1,186.0
1,23,9,232,791,0,0,30384.0
2,12,9,46,92,0,0,58729.0
1,23,9,259,448,0,0,15397.0
1,23,9,182,9442,0,0,42379.0
1,23,9,167,12937,0,0,1947.0
1,19,9,1015,2197,0,0,77798.0
1,20,9,383,0,0,0,93855.0
0,14,9,8,0,0,1,16029.0
1,45,5,0,0,0,1,48354.0
1,9,5,0,0,0,1,36803.0
1,20,9,2194619,0,0,0,50609.0
1,49,9,1996,338,0,0,18199.0
1,61,5,0,0,0,1,28983.0
1,49,9,2381,279,0,0,6785.0
1,23,9,243,6089,0,0,51947.0
0,15,9,30,0,0,0,63934.0
1,36,5,0,0,0,1,112671.0
1,29,5,0,0,0,1,109428.0
1,45,1,0,0,0,1,59984.0
1,64,5,0,0,0,1,52609.0
1,26,5,0,0,0,1,90717.0
1,23,1,0,0,0,1,90228.0
1,18,5,0,0,0,1,58.0
1,23,9,211,321,0,0,1217.0
1,41,1,0,0,0,1,37348.0
0,14,9,30,0,0,0,49499.0
1,45,1,0,0,0,1,68187.0
1,45,5,0,0,0,1,18627.0
1,20,9,192,0,0,0,81397.0
1,41,1,0,0,0,1,26277.0
1,23,9,204,375,0,0,53486.0
1,26,5,0,0,0,1,22878.0
1,10,5,0,0,0,1,30439.0
1,4,5,0,0,0,1,117249.0
1,30,1,0,0,0,1,125330.0
1,45,4,1,0,0,1,16268.0
1,49,2,0,0,0,1,61398.0
2,45,9,105,146,0,0,7000.0
1,45,5,0,0,0,1,24207.0
1,20,9,4892,0,0,0,67328.0
0,14,9,8,0,0,1,123972.0
1,23,9,253,674,0,0,108846.0
1,45,1,0,0,0,1,59679.0
1,45,5,0,0,0,1,53502.0
0,14,9,8,0,0,1,46853.0
1,29,5,0,0,0,1,69102.0
1,45,5,0,0,0,1,105936.0
1,7,1,0,0,0,1,49551.0
1,23,9,313,1707,0,0,50640.0
0,60,9,124,0,0,0,76735.0
1,23,9,54540,8314,0,0,90133.0
1,23,9,249,2111,0,0,112021.0
1,23,5,0,0,0,1,51549.0
1,24,5,0,0,0,1,9777.0
1,45,5,0,0,0,1,111802.0
1,45,5,0,0,0,1,89248.0
1,20,9,6932,0,0,0,111139.0
1,23,5,0,0,0,1,79085.0
1,23,1,0,0,0,1,90054.0
1,4,1,0,0,0,1,34161.0
1,23,9,204,406,0,0,68807.0
1,49,9,1046,324,0,0,73963.0
1,45,5,0,0,0,1,17548.0
1,23,9,239,2698,0,0,117312.0
1,41,9,8325,0,0,0,87067.0
1,45,5,0,0,0,1,121617.0
1,23,9,321,737,0,0,16446.0
1,23,1,0,0,0,1,76265.0
1,45,1,0,0,0,1,71212.0
1,20,9,203,0,0,0,11848.0
1,45,5,0,0,0,1,81821.0
1,23,9,236,3106,0,0,53639.0
2,12,9,43,134,0,0,27270.0
2,12,9,46,132,0,0,73055.0
1,45,1,0,0,0,1,73411.0
1,23,9,250,768,0,0,73199.0
1,45,5,0,0,0,1,17857.0
1,23,9,227,392,0,0,32540.0
1,20,9,4753,0,0,0,9393.0
2,45,9,1,0,0,1,63834.0
1,18,5,0,0,0,1,69055.0
1,23,5,0,0,0,1,77257.0
0,15,9,1032,0,0,0,123947.0
0,14,9,18,0,0,1,59385.0
0,14,9,8,0,0,1,41429.0
1,9,5,0,0,0,1,32795.0
1,50,5,0,0,0,1,107488.0
1,53,5,0,0,0,1,117281.0
1,20,9,567,0,0,0,2692.0
1,23,9,54540,8314,0,0,113611.0
1,23,9,315,13591,0,0,54475.0
1,45,5,0,0,0,1,47168.0
1,23,9,208,567,0,0,104324.0
0,15,9,520,0,0,0,50878.0
1,17,5,0,0,0,1,20345.0
1,53,5,0,0,0,1,112403.0
1,23,9,54540,8314,0,0,72350.0
0,14,9,8,0,0,1,124169.0
0,14,9,18,0,0,1,12469.0
1,41,1,0,0,0,1,35329.0
1,23,9,286,6781,0,0,86179.0
0,15,9,1032,0,0,0,110400.0
1,20,6,2194619,0,0,0,59113.0
0,14,9,8,0,0,1,98428.0
1,45,5,0,0,0,1,25357.0
0,60,9,78,0,0,0,22189.0
1,23,9,211,2343,0,0,77714.0
1,23,9,228,1200,0,0,78798.0
1,45,1,0,0,0,1,18490.0
1,23,9,295,2168,0,0,31662.0
1,18,5,0,0,0,1,24169.0
1,45,5,0,0,0,1,50443.0
2,41,9,146,105,0,0,76825.0
1,49,9,786,364,0,0,67512.0
1,31,2,0,0,0,1,103774.0
1,49,9,1418,333,0,0,112193.0
1,18,9,8,137,0,0,3716.0
1,23,1,0,0,0,1,82322.0
1,45,5,0,0,0,1,118284.0
1,20,9,245,0,0,0,54481.0
1,45,1,0,0,0,1,105808.0
1,55,9,621,8356,0,0,3173.0
1,23,9,274,970,0,0,32365.0
0,14,9,8,0,0,1,6552.0
2,12,9,45,135,0,0,65861.0
1,45,5,0,0,0,1,84576.0
1,23,9,302,2446,0,0,53663.0
1,23,9,213,2689,0,0,101190.0
1,20,9,9178,0,0,0,9415.0
1,21,5,0,0,0,1,87318.0
2,12,9,44,44,0,0,25971.0
1,23,9,235,1552,0,0,64209.0
1,49,9,1053,394,0,0,25273.0
1,23,9,206,2523,0,0,70903.0
1,23,9,308,774,0,0,3103.0
1,20,9,227532,0,0,0,33185.0
2,41,9,145,105,0,0,31657.0
1,45,5,0,0,0,1,125670.0
0,60,9,78,0,0,0,117847.0
1,23,9,274,1233,0,0,30049.0
2,12,9,42,42,0,0,47978.0
1,37,5,0,0,0,1,36785.0
1,49,5,0,0,0,1,32035.0
1,23,9,292,354,0,0,23381.0
1,23,9,240,1928,0,0,112424.0
1,49,9,727,284,0,0,74841.0
1,45,1,0,0,0,1,121153.0
1,20,9,1339,0,0,0,115033.0
1,45,5,0,0,0,1,117988.0
1,23,9,212,882,0,0,66164.0
1,23,9,174,13184,0,0,5138.0
1,20,9,2194619,0,0,0,13200.0
1,23,9,347,3932,0,0,78196.0
2,41,9,1,0,0,1,57357.0
1,58,5,0,0,0,1,68823.0
1,20,9,245,0,0,0,16894.0
1,49,9,860,333,0,0,91023.0
1,29,1,0,0,0,1,58401.0
1,23,9,278,1826,0,0,81063.0
1,18,9,8,494,0,0,108198.0
1,23,9,224,343,0,0,61719.0
1,50,5,0,0,0,1,50317.0
2,12,9,44,44,0,0,24608.0
1,23,9,196,7203,0,0,74850.0
1,23,8,242,80476,0,0,4784.0
1,2,1,0,0,0,1,17416.0
2,12,9,44,140,0,0,107033.0
1,23,1,0,0,0,1,23414.0
1,23,9,144,7909,0,0,53182.0
1,23,9,224,3707,0,0,21386.0
1,58,5,0,0,0,1,22863.0
2,45,9,28,0,0,1,22575.0
1,49,9,1698,390,0,0,70232.0
1,23,9,204,1915,0,0,51253.0
1,23,9,208,418,0,0,71076.0
1,18,5,0,0,0,1,102581.0
2,12,9,43,127,0,0,46510.0
1,45,5,0,0,0,1,37267.0
1,45,5,0,0,0,1,27490.0
2,45,9,105,146,0,0,86474.0
2,45,9,207,0,0,0,68240.0
1,2,5,0,0,0,1,54020.0
0,14,9,8,0,0,1,54496.0
2,12,9,42,130,0,0,107560.0
2,12,9,36,36,0,0,73696.0
1,54,5,0,0,0,1,105311.0
1,45,1,0,0,0,1,90065.0
1,45,5,0,0,0,1,111619.0
1,23,9,347,273,0,0,72680.0
1,23,9,229,1496,0,0,111470.0
2,12,9,31,0,0,0,121965.0
0,15,9,1032,0,0,0,117562.0
1,23,9,349,22780,0,0,97568.0
1,23,9,317,1952,0,0,66325.0
1,45,5,0,0,0,1,119807.0
1,23,9,222,934,0,0,63213.0
1,23,9,194,321,0,0,6937.0
0,14,9,8,0,0,1,26032.0
1,23,9,339,10378,0,0,110600.0
1,23,9,458,4759,0,0,60097.0
2,12,9,46,135,0,0,69590.0
1,23,9,229,2239,0,0,78528.0
1,2,1,0,0,0,1,59551.0
1,55,5,0,0,0,1,15821.0
1,2,5,0,0,0,1,13294.0
1,63,5,0,0,0,1,56762.0
1,45,5,0,0,0,1,117469.0
1,45,1,0,0,0,1,82799.0
1,45,1,0,0,0,1,13540.0
1,45,2,0,0,0,1,53757.0
1,55,5,0,0,0,1,119087.0
1,45,5,0,0,0,1,75364.0
1,23,9,208,2318,0,0,79599.0
1,45,5,0,0,0,1,108219.0
1,55,9,93,1785,0,0,96012.0
1,45,5,0,0,0,1,113433.0
1,20,9,3124,0,0,0,93061.0
1,46,5,0,0,0,1,117039.0
1,23,9,232,364,0,0,123818.0
1,43,9,6,151,0,1,99330.0
0,15,9,1032,0,0,0,70732.0
1,20,9,245,0,0,0,23962.0
1,45,5,0,0,0,1,30666.0
1,45,5,0,0,0,1,86479.0
2,45,9,105,147,0,0,35.0
2,41,9,516,4,0,0,7017.0
1,9,5,0,0,0,1,56650.0
1,19,9,1494,4152,0,0,28363.0
1,23,5,0,0,0,1,97819.0
1,23,1,0,0,0,1,79136.0
1,23,9,242,369,0,0,26487.0
1,49,9,1263,337,0,0,28065.0
1,25,5,0,0,0,1,49893.0
1,9,2,0,0,0,1,97857.0
1,45,1,0,0,0,1,81263.0
1,23,9,313,343,0,0,114381.0
1,23,9,179,273525,0,0,104079.0
1,20,5,0,0,0,1,100945.0
1,45,5,0,0,0,1,38985.0
2,12,9,36,0,0,0,98470.0
1,23,9,194,10994,0,0,18704.0
1,23,9,299,1046,0,0,3115.0
2,12,9,45,45,0,0,122414.0
1,23,1,0,0,0,1,119445.0
1,55,5,0,0,0,1,84423.0
1,22,1,0,0,0,1,28447.0
1,23,9,54540,8314,0,0,124737.0
1,45,1,0,0,0,1,99805.0
2,12,9,46,132,0,0,89728.0
1,23,9,254,18798,0,0,34313.0
1,21,5,0,0,0,1,108778.0
1,6,5,0,0,0,1,113518.0
1,23,9,203,18905,0,0,92942.0
1,45,5,0,0,0,1,17962.0
1,9,5,0,0,0,1,6664.0
1,23,9,293,4123,0,0,35306.0
1,24,5,0,0,0,1,112140.0
1,45,5,0,0,0,1,25493.0
1,20,9,960,0,0,0,50345.0
1,49,9,1557,329,0,0,123680.0
1,20,9,63,0,0,0,69718.0
1,23,9,213,1528,0,0,100531.0
1,23,9,335,1849,0,0,6836.0
1,23,9,321,3200,0,0,40335.0
1,4,5,0,0,0,1,78876.0
1,45,1,0,0,0,1,13260.0
1,45,5,0,0,0,1,103333.0
1,25,1,0,0,0,0,97808.0
1,20,9,2194619,0,0,0,1046.0
1,18,5,0,0,0,1,33237.0
1,49,5,0,0,0,1,26137.0
2,45,9,105,146,0,0,1632.0
1,23,9,155,916,0,0,79548.0
1,45,5,0,0,0,1,57958.0
2,41,9,145,105,0,0,76526.0
1,31,5,0,0,0,1,17460.0
1,23,9,256,8708,0,0,6742.0
1,18,5,0,0,0,1,88709.0
1,23,9,225,7956,0,0,115083.0
0,14,9,8,0,0,1,23110.0
1,45,5,0,0,0,1,703.0
1,45,5,0,0,0,1,116123.0
1,29,5,0,0,0,1,90734.0
0,15,9,1032,0,0,0,105131.0
0,14,9,8,0,0,1,101387.0
1,23,9,281,9637,0,0,77165.0
1,45,1,0,0,0,1,42012.0
1,4,5,0,0,0,1,7504.0
1,49,9,1138,329,0,0,122842.0
0,14,9,8,0,0,1,104341.0
2,41,9,516,4,0,0,116688.0
1,2,5,0,0,0,1,45774.0
2,45,9,28,0,0,1,11640.0
1,45,5,0,0,0,1,66356.0
2,12,9,45,45,0,0,60060.0
1,20,9,30,0,0,0,114157.0
1,23,9,234,3675,0,0,29658.0
1,20,9,246,0,0,0,112972.0
1,23,9,306,2507,0,0,53801.0
2,12,9,45,138,0,0,89069.0
2,12,9,45,144,0,0,33687.0
2,41,9,147,105,0,0,4693.0
1,45,1,0,0,0,1,18500.0
1,23,9,202,54674,0,0,55602.0
1,23,9,259,870,0,0,15198.0
1,4,5,0,0,0,1,69508.0
1,23,9,226,2977,0,0,76930.0
2,12,9,43,72,0,0,548.0
1,49,9,658,335,0,0,98995.0
1,49,9,2397,328,0,0,105216.0
0,14,9,30,0,0,0,32708.0
2,45,9,105,146,0,0,13965.0
2,12,9,44,73,0,0,107172.0
0,14,9,8,0,0,1,107203.0
1,23,9,210,28076,0,0,10232.0
1,20,5,0,0,0,1,1263.0
1,23,9,54540,8314,0,0,84167.0
1,23,9,304,296,0,0,115449.0
2,41,9,146,105,0,0,11713.0
1,45,5,0,0,0,1,36645.0
1,23,9,262,926,0,0,6586.0
1,45,1,0,0,0,1,114416.0
1,23,9,293,398,0,0,46901.0
2,12,9,44,125,0,0,23936.0
1,49,9,617,330,0,0,69439.0
1,45,5,0,0,0,1,44975.0
1,45,1,0,0,0,1,54074.0
1,23,9,353,2251,0,0,17687.0
0,14,9,8,0,0,1,39584.0
1,45,5,0,0,0,1,55072.0
0,15,9,520,0,0,0,33382.0
1,23,9,201,2560,0,0,89982.0
1,23,9,283,1045,0,0,11744.0
1,23,5,0,0,0,1,52987.0
1,23,9,255,6824,0,0,96966.0
1,23,9,54540,8314,0,0,96517.0
1,45,5,0,0,0,1,105895.0
1,23,1,0,0,0,1,96233.0
0,14,9,30,0,0,0,41655.0
2,12,9,45,45,0,0,12418.0
1,21,5,0,0,0,1,97511.0
2,12,9,44,78,0,0,17440.0
1,55,5,0,0,0,1,74482.0
0,15,9,1032,0,0,0,107577.0
1,45,5,0,0,0,1,66187.0
1,23,9,306,4378,0,0,98856.0
1,23,9,236,2393,0,0,74254.0
1,39,5,0,0,0,1,117769.0
1,23,9,220,846,0,0,54720.0
0,14,9,8,0,0,1,35289.0
1,45,1,0,0,0,1,35323.0
1,23,9,220,326,0,0,62835.0
1,23,9,350,1894,0,0,14898.0
1,23,9,205,1825,0,0,42643.0
1,23,9,169,10326,0,0,35910.0
1,19,5,0,0,0,1,113884.0
1,23,9,242,3102,0,0,42945.0
2,45,9,105,146,0,0,33335.0
1,20,9,16,0,0,0,4953.0
1,45,4,1,0,0,1,71064.0
1,49,5,0,0,0,1,45404.0
1,16,1,0,0,0,1,30994.0
0,14,9,8,0,0,1,31418.0
1,45,5,0,0,0,1,62683.0
1,23,9,360,3063,0,0,7618.0
1,49,9,803,389,0,0,19114.0
1,23,9,332,455,0,0,110833.0
1,2,1,0,0,0,1,98180.0
1,45,5,0,0,0,1,44652.0
1,20,9,2194619,0,0,0,59966.0
1,45,1,0,0,0,1,16630.0
1,20,9,5133876,0,0,0,75597.0
1,23,9,322,1236,0,0,121901.0
1,45,5,0,0,0,1,114359.0
1,23,9,237,386,0,0,98352.0
1,45,5,0,0,0,1,109013.0
1,23,9,151,9518,0,0,103997.0
1,23,1,0,0,0,1,34696.0
2,12,9,42,131,0,0,97775.0
1,20,9,172,0,0,0,7310.0
0,14,9,8,0,0,1,15702.0
1,23,9,311,1014,0,0,121055.0
1,23,9,348,14642,0,0,22766.0
1,49,9,1032,363,0,0,17461.0
1,10,5,0,0,0,1,42006.0
1,45,5,0,0,0,1,56677.0
1,16,5,0,0,0,1,120573.0
1,41,9,7280,0,0,0,89017.0
1,45,4,0,0,0,1,86745.0
0,14,9,8,0,0,1,119969.0
1,23,9,322,6660,0,0,10306.0
1,45,5,0,0,0,1,13668.0
1,9,4,0,0,0,1,53819.0
1,45,5,0,0,0,1,71937.0
1,49,9,914,370,0,0,5802.0
1,45,1,0,0,0,1,45356.0
1,23,9,325,2649,0,0,35655.0
0,14,9,8,0,0,1,47074.0
1,64,5,0,0,0,1,104517.0
1,49,9,17086,340,0,0,13910.0
1,24,5,0,0,0,1,11905.0
1,45,0,0,0,0,1,35009.0
1,23,9,295,2552,0,0,31019.0
2,12,9,45,71,0,0,5066.0
1,20,5,0,0,0,1,64191.0
1,23,9,54540,8314,0,0,39787.0
1,53,5,0,0,0,1,32337.0
1,64,5,0,0,0,1,75156.0
1,23,9,223,543,0,0,30796.0
1,55,5,0,0,0,1,55518.0
1,23,9,231,609,0,0,58680.0
0,15,9,520,0,0,0,29905.0
1,45,5,0,0,0,1,54049.0
1,23,9,217,2073,0,0,86747.0
1,37,5,0,0,0,1,9918.0
1,23,9,225,309,0,0,14045.0
1,23,9,268,3970,0,0,91895.0
1,20,9,12,0,0,0,57927.0
1,23,9,198,776,0,0,108808.0
1,23,9,223,488,0,0,75220.0
1,49,9,1354,364,0,0,17382.0
1,23,9,285,338,0,0,102986.0
1,20,9,37,0,0,0,91763.0
1,45,5,0,0,0,1,46079.0
1,23,9,213,4025,0,0,84933.0
2,45,9,1,0,0,1,95779.0
0,14,9,8,0,0,1,20194.0
1,23,9,251,6706,0,0,56316.0
1,24,5,0,0,0,1,35016.0
1,23,9,233,1378,0,0,75416.0
1,45,5,0,0,0,1,117526.0
1,23,9,237,1423,0,0,66269.0
1,23,9,244,2724,0,0,56307.0
1,8,1,0,0,0,1,48021.0
1,45,4,1,0,0,1,80440.0
2,41,9,147,0,0,0,16337.0
1,23,9,328,608,0,0,114151.0
1,53,5,0,0,0,1,34129.0
0,14,9,30,0,0,0,77597.0
1,23,9,297,5740,0,0,51871.0
1,64,5,0,0,0,1,106658.0
1,58,2,0,0,0,1,7490.0
1,6,1,0,0,0,1,52723.0
2,45,9,1,0,0,1,93803.0
1,20,9,26,0,0,0,73527.0
1,49,9,1422,327,0,0,79905.0
1,49,9,1623,332,0,0,113458.0
1,7,1,0,0,0,1,54204.0
1,49,9,1218,327,0,0,66154.0
1,23,9,168,124,0,0,125573.0
1,45,3,0,0,0,1,110601.0
1,45,5,0,0,0,1,70148.0
1,9,5,0,0,0,1,3321.0
0,15,9,1032,0,0,0,55048.0
1,23,9,319,3207,0,0,97664.0
1,23,5,0,0,0,1,119492.0
1,18,5,0,0,0,1,89359.0
2,12,9,33,0,0,0,102141.0
1,30,5,0,0,0,1,29892.0
2,45,9,1,0,0,1,36535.0
1,19,9,287,903,0,0,16299.0
2,41,9,147,105,0,0,98850.0
1,23,9,258,1955,0,0,12986.0
1,20,9,334,0,0,0,116824.0
1,23,1,0,0,0,1,70653.0
1,45,5,0,0,0,1,43213.0
1,23,9,304,255,0,0,18258.0
0,60,9,65,0,0,0,232.0
1,45,5,0,0,0,1,113953.0
1,45,5,0,0,0,1,13524.0
1,55,5,0,0,0,1,11764.0
1,20,9,334,0,0,0,111962.0
1,13,2,0,0,0,1,60974.0
1,20,9,334,0,0,0,111837.0
1,18,5,0,0,0,1,94614.0
1,23,9,279,2961,0,0,117585.0
1,8,5,0,0,0,1,22742.0
1,45,1,0,0,0,1,27050.0
1,58,5,0,0,0,1,86863.0
1,20,9,7045,0,0,0,15232.0
2,12,9,45,135,0,0,116552.0
1,49,9,1060,331,0,0,45564.0
2,12,9,34,34,0,0,46826.0
1,23,9,219,370,0,0,125524.0
1,45,5,0,0,0,1,77470.0
1,49,9,2069,330,0,0,123684.0
1,20,9,334,0,0,0,93176.0
1,23,9,355,1645,0,0,86378.0
1,23,9,219,4624,0,0,111174.0
2,12,9,43,116,0,0,122885.0
1,45,1,0,0,0,1,25998.0
1,7,5,0,0,0,1,56958.0
2,12,9,45,45,0,0,79779.0
1,45,5,0,0,0,1,2738.0
1,45,5,0,0,0,1,75012.0
2,41,9,146,105,0,0,116081.0
1,45,5,0,0,0,1,114178.0
2,12,9,44,113,0,0,16624.0
2,12,9,97,0,0,0,27570.0
1,49,9,1528,334,0,0,116602.0
1,21,1,0,0,0,1,125456.0
1,23,9,309,2651,0,0,70931.0
1,23,9,235,560,0,0,110212.0
1,49,9,3149,332,0,0,69384.0
1,23,9,229,2090,0,0,2415.0
1,45,1,0,0,0,1,88744.0
1,43,5,0,0,0,1,64631.0
1,20,9,641,0,0,0,17684.0
1,45,5,0,0,0,1,95089.0
1,49,9,2455,333,0,0,11116.0
1,5,5,0,0,0,1,62417.0
1,23,9,300,1524,0,0,72478.0
1,45,5,0,0,0,1,25909.0
1,23,1,0,0,0,1,94733.0
1,41,4,1,0,0,1,68991.0
1,53,5,0,0,0,1,77543.0
1,24,5,0,0,0,1,114610.0
1,28,1,0,0,0,1,2400.0
1,45,5,0,0,0,1,69715.0
1,23,9,300,1260,0,0,28605.0
1,23,1,0,0,0,1,17351.0
1,45,5,0,0,0,1,22319.0
1,23,9,326,1528,0,0,70001.0
1,18,9,6,360,0,0,34378.0
1,55,5,0,0,0,1,112144.0
2,45,9,105,147,0,0,87888.0
1,45,5,0,0,0,1,52821.0
1,23,9,332,1265,0,0,65377.0
2,12,9,45,140,0,0,4935.0
1,23,9,285,10993,0,0,3135.0
1,49,9,2433,388,0,0,44863.0
1,64,5,0,0,0,1,96424.0
1,45,5,0,0,0,1,91890.0
0,14,9,8,0,0,1,23384.0
1,20,9,334,0,0,0,5030.0
1,27,5,0,0,0,1,53208.0
1,2,5,0,0,0,1,26285.0
2,41,9,147,105,0,0,19203.0
1,45,5,0,0,0,1,71830.0
0,15,9,1032,0,0,0,106126.0
0,14,9,8,0,0,1,80182.0
2,41,9,147,105,0,0,59446.0
1,45,5,0,0,0,1,114539.0
1,23,9,146,5764,0,0,55431.0
1,45,5,0,0,0,1,9431.0
1,23,1,0,0,0,1,125528.0
1,23,9,345,1613,0,0,82711.0
1,23,9,327,304,0,0,120233.0
1,45,1,0,0,0,1,86786.0
1,23,9,238,843,0,0,56850.0
1,23,5,0,0,0,1,82885.0
1,23,9,300,3485,0,0,99888.0
1,55,5,0,0,0,1,105842.0
1,51,5,0,0,0,1,17822.0
1,49,9,674,327,0,0,30777.0
2,45,9,105,146,0,0,105254.0
0,14,9,18,0,0,1,120224.0
1,23,9,291,1340,0,0,112555.0
1,49,9,822,334,0,0,81055.0
1,49,9,992,330,0,0,45207.0
1,49,9,769,331,0,0,64500.0
0,14,9,8,0,0,1,82468.0
1,20,9,192,0,0,0,84637.0
1,23,9,318,17081,0,0,76082.0
1,19,9,1503,4152,0,0,55524.0
1,45,5,0,0,0,1,53535.0
2,41,9,146,105,0,0,100990.0
1,23,9,295,993,0,0,14057.0
1,23,9,286,991,0,0,73493.0
1,20,9,0,1690,0,0,94456.0
0,14,9,18,0,0,1,55585.0
1,23,9,265,1701,0,0,102287.0
1,19,5,0,0,0,1,5906.0
1,41,1,0,0,0,1,91307.0
1,45,1,0,0,0,1,832.0
1,22,5,0,0,0,1,72443.0
0,14,9,8,0,0,1,44774.0
1,49,5,0,0,0,1,73206.0
1,20,9,334,0,0,0,81739.0
1,6,1,0,0,0,1,103324.0
2,12,9,46,46,0,0,123553.0
1,9,2,0,0,0,1,123309.0
1,23,9,282,426,0,0,29258.0
2,12,9,44,124,0,0,55173.0
1,23,9,54540,8314,0,0,61512.0
1,23,9,232,2334,0,0,64858.0
1,45,5,0,0,0,1,116363.0
0,14,9,8,0,0,1,93365.0
1,62,5,0,0,0,1,84740.0
1,45,1,0,0,0,1,32442.0
1,23,9,219,516,0,0,60361.0
1,23,9,343,418,0,0,66289.0
1,49,9,1672,365,0,0,83690.0
1,49,2,0,0,0,1,17163.0
1,23,9,197,5790,0,0,70332.0
1,23,9,250,674,0,0,34999.0
1,23,9,348,255,0,0,84193.0
1,45,5,0,0,0,1,71570.0
1,49,9,1393,333,0,0,98330.0
1,49,9,1442,360,0,0,97376.0
1,4,1,0,0,0,1,13096.0
1,45,5,0,0,0,1,125320.0
1,23,9,339,14468,0,0,8729.0
0,60,9,78,0,0,0,64233.0
1,23,9,206,12642,0,0,974.0
2,45,9,1,0,0,1,63632.0
1,45,1,0,0,0,1,62365.0
0,14,9,18,0,0,1,93961.0
1,20,9,2194619,0,0,0,82820.0
1,23,9,54540,8314,0,0,19867.0
1,20,1,0,0,0,1,79266.0
1,23,9,207,5062,0,0,66735.0
0,15,9,1480,0,0,0,34373.0
1,24,5,0,0,0,1,107159.0
2,12,9,43,136,0,0,122303.0
1,23,9,154,38970,0,0,90322.0
1,49,9,3145,325,0,0,4093.0
1,23,9,226,1933,0,0,14786.0
2,45,9,105,146,0,0,94821.0
1,23,9,235,1480,0,0,97658.0
1,41,1,0,0,0,1,36190.0
1,23,1,0,0,0,1,11715.0
1,23,9,249,564,0,0,50227.0
1,23,9,241,1839,0,0,104633.0
1,23,9,210,321,0,0,88533.0
2,41,9,1,0,0,1,178.0
1,20,9,12,0,0,0,50728.0
1,34,5,0,0,0,1,85510.0
1,36,5,0,0,0,1,49728.0
1,52,5,0,0,0,1,39945.0
1,45,5,0,0,0,1,82555.0
1,20,9,2191,0,0,0,19141.0
1,45,4,1,0,0,1,47230.0
1,23,9,321,1673,0,0,106055.0
1,45,5,0,0,0,1,16285.0
1,45,10,0,0,0,1,47366.0
2,45,9,105,147,0,0,82357.0
1,61,5,0,0,0,1,75076.0
1,20,5,0,0,0,1,113042.0
1,49,9,881,365,0,0,38673.0
1,23,9,226,527,0,0,79524.0
1,23,9,247,365,0,0,7555.0
1,45,5,0,0,0,1,110810.0
0,14,9,30,0,0,0,44665.0
2,41,9,1,0,0,1,55946.0
1,23,9,224,6325,0,0,88658.0
1,41,9,192,0,0,0,81690.0
2,12,9,44,44,0,0,45150.0
1,45,10,0,0,0,1,91420.0
0,14,9,30,0,0,0,32331.0
1,23,9,287,749,0,0,35776.0
1,23,9,209,1695,0,0,45931.0
1,45,1,0,0,0,1,114756.0
1,23,9,189,5360,0,0,3151.0
1,49,9,787,388,0,0,1707.0
1,58,2,0,0,0,1,36664.0
1,22,5,0,0,0,1,626.0
1,23,9,313,2754,0,0,91683.0
0,14,9,8,0,0,1,69491.0
1,45,5,0,0,0,1,90938.0
1,23,9,215,18728,0,0,123132.0
1,23,9,369,238,0,0,68134.0
1,23,9,190,1490,0,0,21487.0
0,15,9,1032,0,0,0,86033.0
1,41,1,0,0,0,1,21208.0
2,12,9,45,81,0,0,122528.0
1,45,5,0,0,0,1,47989.0
1,23,9,308,4930,0,0,101279.0
1,45,5,0,0,0,1,46019.0
0,15,9,1032,0,0,0,26525.0
1,49,9,1114,326,0,0,108258.0
0,14,9,8,0,0,1,110560.0
1,28,5,0,0,0,1,46063.0
1,20,9,748,0,0,0,114648.0
1,55,2,126,179,0,0,59560.0
1,20,5,0,0,0,1,42483.0
1,18,9,10,0,0,0,119429.0
0,14,9,8,0,0,1,68466.0
1,23,9,244,9966,0,0,113961.0
1,4,5,0,0,0,1,58189.0
1,49,9,1004,481,0,0,81268.0
1,45,5,0,0,0,1,89028.0
1,23,9,244,749,0,0,88946.0
1,20,5,0,0,0,1,77197.0
1,23,9,324,2394,0,0,50886.0
1,23,9,222,5395,0,0,44662.0
0,15,9,520,0,0,0,93496.0
1,45,5,0,0,0,1,123330.0
1,23,1,0,0,0,1,29549.0
2,12,9,46,46,0,0,110740.0
1,23,9,312,1559,0,0,101188.0
1,45,5,0,0,0,1,90793.0
1,45,4,1,0,0,1,73755.0
1,18,5,0,0,0,1,72182.0
1,45,5,0,0,0,1,21251.0
1,20,9,192,0,0,0,64344.0
1,28,5,0,0,0,1,124945.0
1,23,9,282,11590,0,0,98760.0
2,12,9,42,42,0,0,100308.0
1,55,9,258,1904,0,0,23231.0
1,62,5,0,0,0,1,90144.0
1,13,2,0,0,0,1,17942.0
1,23,9,332,12282,0,0,6081.0
1,45,5,0,0,0,1,109197.0
1,20,9,334,0,0,0,29540.0
1,23,9,300,5013,0,0,68859.0
1,4,9,13,37,0,0,120211.0
1,20,9,74,0,0,0,89882.0
1,23,9,325,3941,0,0,1006.0
1,23,9,195,11121,0,0,72698.0
1,5,5,0,0,0,1,875.0
2,45,9,105,147,0,0,83635.0
1,49,9,992,358,0,0,19575.0
2,12,9,112,45,0,0,74074.0
1,7,5,0,0,0,1,94078.0
2,41,9,145,105,0,0,63305.0
1,55,5,0,0,0,1,84191.0
1,23,9,236,304,0,0,58359.0
1,55,5,0,0,0,1,50510.0
1,23,9,343,614,0,0,80411.0
1,49,9,925,327,0,0,68883.0
2,12,9,36,52,0,0,74131.0
1,20,9,12983,0,0,0,119467.0
1,23,5,0,0,0,1,48964.0
1,55,9,7766,11508,0,0,87272.0
1,23,9,204,1046,0,0,52395.0
1,62,5,0,0,0,1,35363.0
1,45,1,0,0,0,1,92261.0
1,23,9,322,1408,0,0,1297.0
0,14,9,8,0,0,1,49707.0
1,19,5,0,0,0,1,59058.0
2,12,9,42,42,0,0,90609.0
1,23,9,214,1111,0,0,121476.0
1,23,9,201,3968,0,0,111257.0
1,23,9,296,11509,0,0,54733.0
1,23,9,203,1908,0,0,67609.0
2,12,9,44,134,0,0,49742.0
1,45,5,0,0,0,1,83000.0
2,12,9,36,0,0,0,70162.0
1,23,9,322,6044,0,0,59765.0
1,45,5,0,0,0,1,16714.0
2,12,9,44,131,0,0,71481.0
1,49,9,796,333,0,0,109505.0
0,14,9,8,0,0,1,104172.0
1,45,4,0,0,0,1,122254.0
2,41,9,146,105,0,0,62235.0
1,23,9,301,557,0,0,124575.0
0,14,9,8,0,0,1,35800.0
1,49,9,737,330,0,0,71230.0
1,45,5,0,0,0,1,73313.0
1,23,9,228,1462,0,0,78678.0
0,15,9,520,0,0,0,42019.0
1,17,2,0,0,0,1,12429.0
1,64,5,0,0,0,1,35617.0
1,23,9,333,3322,0,0,93227.0
1,36,5,0,0,0,1,95637.0
1,45,5,0,0,0,1,66156.0
1,23,9,244,481,0,0,91199.0
1,23,9,363,1554,0,0,16314.0
0,15,9,520,0,0,0,99922.0
1,28,5,0,0,0,1,41206.0
1,23,9,284,3062,0,0,31177.0
1,28,5,0,0,0,1,20756.0
1,23,9,321,1738,0,0,92964.0
1,23,9,317,2332,0,0,117468.0
1,55,5,0,0,0,1,74987.0
1,49,9,1179,334,0,0,66480.0
1,35,5,0,0,0,1,80756.0
1,49,9,942,332,0,0,84759.0
1,33,5,0,0,0,1,92591.0
1,11,2,6,28,0,0,23912.0
0,14,9,18,0,0,1,33625.0
1,23,9,298,255,0,0,49667.0
1,45,5,0,0,0,1,82174.0
1,43,9,35,130,0,0,34106.0
1,23,1,0,0,0,1,85412.0
1,49,9,1461,283,0,0,20175.0
2,12,9,34,87,0,0,29347.0
1,45,1,0,0,0,1,58355.0
1,49,9,2943,328,0,0,108270.0
1,2,1,0,0,0,1,43835.0
1,20,9,12286,0,0,0,40572.0
1,32,5,0,0,0,1,52347.0
1,49,9,1699,334,0,0,65294.0
1,21,5,0,0,0,1,37055.0
1,23,9,250,5640,0,0,68063.0
1,18,5,0,0,0,1,40693.0
2,41,9,145,105,0,0,63788.0
1,45,5,0,0,0,1,114617.0
1,49,9,674,330,0,0,67221.0
1,45,5,0,0,0,1,9059.0
1,41,9,201,0,0,0,98270.0
1,23,9,208,885,0,0,122640.0
1,8,5,0,0,0,1,85992.0
1,23,9,193,761,0,0,88570.0
1,19,5,0,0,0,1,67315.0
1,45,1,0,0,0,1,36152.0
1,23,9,301,1380,0,0,96187.0
1,20,5,0,0,0,1,53152.0
1,34,5,0,0,0,1,125657.0
1,30,5,0,0,0,1,91996.0
1,23,9,195,1205,0,0,45162.0
0,14,9,18,0,0,1,5346.0
1,23,9,256,7312,0,0,51962.0
0,15,9,1032,0,0,0,97259.0
2,41,9,147,105,0,0,10715.0
1,18,5,0,0,0,1,18433.0
2,45,9,28,0,0,1,115678.0
1,45,5,0,0,0,1,62664.0
1,45,4,1,0,0,1,17326.0
1,23,9,304,1870,0,0,73557.0
1,45,5,0,0,0,1,71157.0
2,45,9,28,0,0,1,34281.0
1,23,9,247,457,0,0,71352.0
1,53,5,0,0,0,1,102566.0
1,23,9,299,479,0,0,32547.0
1,49,9,866,331,0,0,20322.0
1,32,5,0,0,0,1,10856.0
1,21,5,0,0,0,1,22632.0
1,10,2,0,0,0,1,26880.0
1,45,1,0,0,0,1,79745.0
1,6,5,0,0,0,1,3818.0
2,12,9,43,70,0,0,39115.0
1,23,9,157,4278,0,0,50291.0
1,23,1,0,0,0,1,99026.0
1,45,1,0,0,0,1,59006.0
1,23,9,196,2594,0,0,34649.0
1,58,9,0,4,0,1,93705.0
1,20,5,0,0,0,1,119772.0
1,27,5,0,0,0,1,121265.0
0,14,9,8,0,0,1,54742.0
1,23,9,222,238,0,0,1684.0
1,20,9,641,0,0,0,96367.0
1,45,10,0,0,0,1,124833.0
1,23,9,272,1145,0,0,112853.0
1,23,9,341,5468,0,0,3539.0
1,20,9,9086,0,0,0,51144.0
0,14,9,18,0,0,1,52461.0
1,23,1,0,0,0,1,43484.0
2,41,9,147,105,0,0,53338.0
1,30,5,0,0,0,1,120743.0
1,23,9,216,1024,0,0,109219.0
2,45,9,1,0,0,1,41357.0
0,14,9,8,0,0,1,64013.0
2,12,9,44,79,0,0,96499.0
0,14,9,18,0,0,1,6478.0
1,23,9,335,1211,0,0,95570.0
1,23,9,309,1075,0,0,74167.0
0,14,9,8,0,0,1,21532.0
0,14,9,20,0,0,1,120383.0
1,45,5,0,0,0,1,81627.0
1,23,1,0,0,0,1,121907.0
1,45,5,0,0,0,1,4359.0
1,45,5,0,0,0,1,33740.0
0,14,9,8,0,0,1,114985.0
1,23,9,209,9282,0,0,94695.0
1,45,4,0,0,0,1,77336.0
1,45,1,0,0,0,1,65727.0
1,23,5,0,0,0,1,78160.0
1,23,9,218,7384,0,0,81579.0
0,14,9,8,0,0,1,114630.0
1,0,4,900,8925,0,0,105606.0
1,41,9,3468,0,0,0,81759.0
1,34,1,0,0,0,1,104629.0
1,23,9,243,3446,0,0,31523.0
1,4,1,0,0,0,1,80834.0
2,12,9,44,134,0,0,106789.0
1,23,9,184,3758,0,0,30186.0
1,23,9,305,2226,0,0,3805.0
1,19,9,874,2586,0,0,7151.0
1,23,1,0,0,0,1,53000.0
1,20,9,12324,0,0,0,59802.0
1,58,5,0,0,0,1,95430.0
1,23,9,0,3724,0,0,95011.0
2,41,9,147,105,0,0,66097.0
1,55,5,0,0,0,1,93452.0
1,45,5,0,0,0,1,29429.0
1,61,5,0,0,0,1,86839.0
1,8,5,0,0,0,1,14372.0
1,23,9,318,1378,0,0,36718.0
2,12,9,42,72,0,0,124489.0
1,64,5,0,0,0,1,17734.0
1,23,9,306,309,0,0,22730.0
2,12,9,32,32,0,0,40881.0
1,9,5,0,0,0,1,63768.0
1,31,2,0,0,0,1,71027.0
1,23,9,228,12471,0,0,38658.0
1,20,9,12165,0,0,0,83283.0
0,15,9,1032,0,0,0,103332.0
1,23,9,319,397,0,0,92101.0
1,37,5,0,0,0,1,39367.0
1,49,7,1875,331,0,0,103520.0
1,35,5,0,0,0,1,65226.0
1,23,9,303,480,0,0,105051.0
1,23,1,0,0,0,1,106700.0
1,45,5,0,0,0,1,124023.0
1,23,9,254,471,0,0,41354.0
1,63,5,0,0,0,1,116574.0
1,45,5,0,0,0,1,22682.0
1,45,4,0,0,0,1,28770.0
1,49,5,0,0,0,1,49581.0
0,15,9,1032,0,0,0,98524.0
1,51,5,0,0,0,1,15689.0
1,45,5,0,0,0,1,39986.0
1,23,9,227,3079,0,0,104676.0
1,45,5,0,0,0,1,1258.0
1,62,1,0,0,0,1,107009.0
1,23,1,0,0,0,1,77018.0
1,23,9,233,2507,0,0,51001.0
1,45,1,0,0,0,1,17332.0
1,49,5,0,0,0,1,80324.0
1,23,9,323,8444,0,0,34320.0
1,9,1,0,0,0,1,114663.0
1,23,9,279,2337,0,0,38291.0
1,23,9,218,1128,0,0,109519.0
1,49,9,1573,404,0,0,8567.0
1,18,5,0,0,0,1,120243.0
1,23,9,252,327,0,0,120545.0
1,19,9,365,1181,0,0,104266.0
1,45,5,0,0,0,1,104394.0
1,13,5,0,0,0,1,7469.0
1,18,5,0,0,0,1,19486.0
1,20,5,0,0,0,1,52434.0
1,61,5,0,0,0,1,68277.0
1,23,9,155,11268,0,0,91060.0
2,45,9,207,0,0,0,87714.0
1,58,5,0,0,0,1,23273.0
1,55,5,0,0,0,1,49752.0
1,23,9,204,2674,0,0,4348.0
1,23,1,0,0,0,1,46075.0
1,23,9,314,6946,0,0,2822.0
1,45,5,0,0,0,1,28692.0
1,34,5,0,0,0,1,56131.0
2,45,9,1,0,0,1,13694.0
1,9,5,0,0,0,1,11001.0
1,23,9,200,526,0,0,13314.0
0,14,9,8,0,0,1,21438.0
1,49,9,1453,332,0,0,52590.0
1,6,5,0,0,0,1,58330.0
1,45,5,0,0,0,1,95840.0
1,49,9,1119,325,0,0,31847.0
1,32,5,0,0,0,1,81878.0
1,55,9,301,1293386,0,0,94312.0
1,23,1,0,0,0,1,117322.0
1,45,5,0,0,0,1,122728.0
1,17,5,0,0,0,1,74266.0
1,49,9,2483,325,0,0,43909.0
1,49,9,1327,372,0,0,20524.0
1,23,9,276,80498,0,0,62983.0
1,45,1,0,0,0,1,28572.0
1,20,9,3468,0,0,0,69752.0
1,11,5,0,0,0,1,18371.0
2,12,9,44,128,0,0,32460.0
2,41,9,146,105,0,0,1490.0
1,20,9,749,0,0,0,79589.0
1,53,5,0,0,0,1,118695.0
1,23,9,363,511,0,0,78121.0
1,41,1,0,0,0,1,52792.0
1,7,5,0,0,0,1,55867.0
0,14,9,8,0,0,1,115208.0
2,41,9,147,105,0,0,2189.0
1,45,5,0,0,0,1,89202.0
2,12,9,44,130,0,0,82220.0
1,45,1,0,0,0,1,18289.0
1,33,5,0,0,0,1,67867.0
1,23,1,0,0,0,1,93886.0
1,53,5,0,0,0,1,41718.0
1,23,1,0,0,0,1,83867.0
1,23,9,161,13187,0,0,65090.0
1,23,9,249,1985,0,0,78887.0
1,23,9,335,365,0,0,115046.0
1,39,5,0,0,0,1,63540.0
1,23,9,279,14361,0,0,47845.0
1,63,1,0,0,0,1,45905.0
1,20,9,192,0,0,0,80497.0
1,23,9,258,13542,0,0,46669.0
1,23,9,320,1602,0,0,40583.0
1,34,5,0,0,0,1,73514.0
1,23,9,297,632,0,0,91362.0
2,12,9,44,127,0,0,81858.0
1,49,6,2280,286,0,0,96121.0
1,41,4,1,0,0,1,73351.0
2,12,9,43,133,0,0,74192.0
1,33,1,0,0,0,1,75937.0
1,23,9,337,1619,0,0,94609.0
1,23,9,227,782,0,0,44254.0
1,45,5,0,0,0,1,15658.0
1,45,1,0,0,0,1,27777.0
1,45,5,0,0,0,1,77691.0
1,24,5,0,0,0,1,99220.0
1,18,5,0,0,0,1,88840.0
1,2,5,0,0,0,1,39285.0
2,12,9,42,42,0,0,5856.0
1,23,9,223,1664,0,0,20022.0
1,20,9,192,0,0,0,37959.0
1,23,9,300,1451,0,0,54390.0
1,6,5,0,0,0,1,113420.0
1,45,2,0,0,0,1,73533.0
1,45,5,0,0,0,1,32084.0
0,14,9,8,0,0,1,45089.0
1,23,9,162,2966,0,0,43354.0
1,23,9,202,1761,0,0,3092.0
2,41,9,147,105,0,0,100153.0
1,6,5,0,0,0,1,72827.0
1,23,9,338,278,0,0,18344.0
1,45,5,0,0,0,1,91753.0
1,45,5,0,0,0,1,10013.0
1,49,9,1206,334,0,0,18712.0
2,41,9,516,4,0,0,124459.0
1,63,5,0,0,0,1,76057.0
2,12,9,44,44,0,0,65079.0
1,31,5,0,0,0,1,99929.0
2,12,9,42,42,0,0,98998.0
1,23,9,255,4531,0,0,51634.0
1,23,1,0,0,0,1,90811.0
1,19,9,1287,2453,0,0,105358.0
0,14,9,8,0,0,1,27056.0
0,14,9,8,0,0,1,49919.0
1,8,1,0,0,0,1,104271.0
1,23,9,208,1918,0,0,114704.0
0,60,9,181,0,0,0,49376.0
1,21,1,0,0,0,1,105853.0
1,23,1,0,0,0,1,88392.0
1,23,9,359,917,0,0,51618.0
0,14,9,8,0,0,1,30810.0
0,15,9,520,0,0,0,25096.0
1,23,9,261,828,0,0,106296.0
1,45,1,0,0,0,1,46594.0
1,23,5,0,0,0,1,50822.0
1,20,9,748,0,0,0,4671.0
1,23,9,301,714,0,0,70975.0
1,23,9,348,863,0,0,101336.0
1,23,1,0,0,0,1,32683.0
1,55,5,0,0,0,1,125628.0
1,23,9,293,483,0,0,63633.0
1,55,9,105,2259,0,0,73848.0
2,12,9,45,75,0,0,51740.0
2,41,9,1,0,0,1,48184.0
1,18,4,7,0,0,0,19711.0
2,41,9,146,105,0,0,34659.0
1,20,9,7077,0,0,0,7279.0
1,45,4,1,0,0,1,100818.0
1,23,9,294,5875,0,0,65560.0
1,23,9,288,475,0,0,7102.0
0,14,9,8,0,0,1,124318.0
1,45,4,1,0,0,1,116994.0
1,23,9,54540,8314,0,0,36398.0
0,15,9,520,0,0,0,42757.0
1,49,9,733,372,0,0,86456.0
1,7,5,0,0,0,1,47528.0
1,23,9,206,370,0,0,51046.0
1,23,9,255,1419,0,0,101624.0
1,23,9,214,128,0,0,62120.0
1,45,5,0,0,0,1,77219.0
1,23,9,321,3270,0,0,123362.0
1,49,9,696,333,0,0,13572.0
1,45,5,0,0,0,1,9735.0
1,2,5,0,0,0,1,100982.0
1,55,5,0,0,0,1,86325.0
1,13,5,0,0,0,1,66396.0
2,12,9,43,135,0,0,73324.0
1,45,5,0,0,0,1,47767.0
1,23,9,189,45284,0,0,76462.0
1,19,5,0,0,0,1,77401.0
1,23,9,262,7714,0,0,27687.0
1,45,10,0,0,0,1,72551.0
0,15,9,1032,0,0,0,115846.0
1,45,5,0,0,0,1,55023.0
1,49,9,1450,332,0,0,112684.0
1,23,9,208,801,0,0,90435.0
1,23,9,213,603,0,0,19614.0
1,13,5,0,0,0,1,72423.0
1,62,1,0,0,0,1,77775.0
1,49,5,0,0,0,1,48337.0
1,45,5,0,0,0,1,3564.0
1,23,9,300,11688,0,0,106499.0
1,4,5,0,0,0,1,30645.0
1,39,5,0,0,0,1,115346.0
1,45,5,0,0,0,1,36409.0
2,12,9,29,0,0,0,89047.0
1,23,9,230,744,0,0,13223.0
1,23,9,368,1366,0,0,41558.0
1,45,5,0,0,0,1,63375.0
0,15,9,1032,0,0,0,1115.0
1,51,5,0,0,0,1,51505.0
1,19,9,1211,2449,0,0,112995.0
1,20,9,9311,0,0,0,58073.0
1,23,9,282,142,0,0,93719.0
1,23,9,281,322,0,0,113078.0
2,12,9,44,128,0,0,9793.0
1,53,1,0,0,0,1,18165.0
1,45,5,0,0,0,1,6467.0
1,54,5,0,0,0,1,60612.0
1,45,5,0,0,0,1,37533.0
1,23,9,202,2488,0,0,35591.0
2,45,9,28,0,0,1,91766.0
1,8,5,0,0,0,1,71109.0
1,23,9,221,2251,0,0,44116.0
1,45,1,0,0,0,1,92412.0
1,6,5,0,0,0,1,104246.0
1,20,9,7233,0,0,0,17705.0
1,49,9,800,334,0,0,125701.0
1,45,5,0,0,0,1,12386.0
0,14,9,8,0,0,1,110908.0
1,23,9,245,11947,0,0,72345.0
1,23,9,306,5492,0,0,81342.0
2,12,9,44,76,0,0,11818.0
1,23,9,279,7363,0,0,92823.0
1,19,9,1199,2449,0,0,27600.0
1,45,1,0,0,0,1,7856.0
1,49,9,1033,341,0,0,120466.0
1,26,5,0,0,0,1,43885.0
1,23,9,333,1384,0,0,24433.0
1,20,9,1766,0,0,0,53036.0
1,2,5,0,0,0,1,99856.0
1,19,9,1508,4152,0,0,115111.0
1,23,1,0,0,0,1,111532.0
1,23,9,241,1978,0,0,100956.0
1,45,5,0,0,0,1,20176.0
2,41,9,146,105,0,0,102905.0
2,12,9,42,133,0,0,57155.0
0,60,9,78,0,0,0,69378.0
2,45,9,1,0,0,1,123416.0
1,55,2,0,0,0,1,94877.0
1,52,5,0,0,0,1,67594.0
1,45,5,0,0,0,1,31389.0
1,23,9,254,386,0,0,8550.0
0,15,9,520,0,0,0,10821.0
2,12,9,45,77,0,0,32810.0
1,23,9,272,150,0,0,29759.0
2,12,9,45,130,0,0,77151.0
1,49,9,807,330,0,0,123126.0
1,2,5,0,0,0,1,115671.0
1,23,9,359,1960,0,0,102068.0
1,45,4,1,0,0,1,41207.0
1,30,5,0,0,0,1,76618.0
0,14,9,30,0,0,0,114626.0
1,5,5,0,0,0,1,52914.0
1,1,9,487528,80800,0,0,124037.0
1,10,5,0,0,0,1,60894.0
1,2,5,0,0,0,1,44959.0
1,21,1,0,0,0,1,39636.0
2,12,9,45,45,0,0,110129.0
1,19,9,980,2191,0,0,57544.0
1,55,5,0,0,0,1,88460.0
1,36,5,0,0,0,1,44938.0
1,23,9,302,2507,0,0,117088.0
1,61,5,0,0,0,1,97227.0
1,45,5,0,0,0,1,94042.0
1,20,9,641,0,0,0,125202.0
1,52,2,0,0,0,1,61534.0
1,23,9,267,3563,0,0,110379.0
1,36,1,0,0,0,1,108372.0
1,45,5,0,0,0,1,38126.0
1,45,5,0,0,0,1,105179.0
1,46,4,0,0,0,1,28792.0
0,14,9,8,0,0,1,29371.0
1,23,9,247,12919,0,0,85867.0
1,45,5,0,0,0,1,54827.0
1,45,4,0,0,0,1,108870.0
1,23,9,300,1400,0,0,113818.0
2,45,9,28,0,0,1,70209.0
2,12,9,43,129,0,0,89922.0
1,20,5,0,0,0,1,54238.0
1,52,5,0,0,0,1,92104.0
1,25,1,0,0,0,0,101607.0
1,23,9,199,908,0,0,77926.0
1,54,5,0,0,0,1,106210.0
1,55,5,0,0,0,1,52017.0
1,33,5,0,0,0,1,33797.0
1,17,5,0,0,0,1,105614.0
1,45,5,0,0,0,1,36290.0
1,23,9,237,384,0,0,2147.0
1,23,9,289,1484,0,0,21011.0
1,38,1,0,0,0,1,78449.0
1,45,5,0,0,0,1,62012.0
1,23,9,322,2242,0,0,90709.0
1,23,9,311,598,0,0,38724.0
1,45,1,0,0,0,1,13377.0
1,45,1,0,0,0,1,68557.0
1,9,5,0,0,0,1,101706.0
1,49,9,1300,329,0,0,81126.0
1,45,4,1,0,0,1,105875.0
1,49,9,827,330,0,0,72872.0
1,23,9,263,3625,0,0,71624.0
1,23,9,305,4414,0,0,38045.0
1,45,2,0,0,0,1,15661.0
1,23,9,205,1274,0,0,88827.0
1,45,5,0,0,0,1,50480.0
1,23,9,258,194,0,0,77107.0
1,61,5,0,0,0,1,12087.0
1,49,9,2023,376,0,0,39957.0
1,45,5,0,0,0,1,77556.0
1,28,5,0,0,0,1,103315.0
1,23,9,358,442,0,0,41811.0
1,49,9,1535,338,0,0,38255.0
1,45,4,1,0,0,1,32424.0
1,11,5,0,0,0,1,110375.0
1,20,9,2194619,0,0,0,63347.0
1,49,9,2417,330,0,0,70484.0
1,23,9,263,895,0,0,19046.0
0,14,9,8,0,0,1,99012.0
0,14,9,8,0,0,1,103393.0
1,33,1,0,0,0,1,120266.0
1,23,5,0,0,0,1,122270.0
1,34,5,0,0,0,1,3512.0
1,23,9,306,435,0,0,116521.0
1,23,9,365,301,0,0,100978.0
1,45,5,0,0,0,1,5406.0
1,20,9,12,0,0,0,50520.0
2,12,9,45,77,0,0,124492.0
1,23,1,0,0,0,1,44568.0
1,22,5,0,0,0,1,7885.0
1,23,9,180,4697,0,0,62565.0
1,13,2,0,0,0,1,35083.0
1,45,5,0,0,0,1,111241.0
1,51,5,0,0,0,1,102486.0
0,15,9,1032,0,0,0,106342.0
1,45,5,0,0,0,1,17634.0
1,45,5,0,0,0,1,61879.0
1,23,9,201,760,0,0,29710.0
0,14,9,8,0,0,1,68050.0
1,23,9,281,8110,0,0,118296.0
1,45,5,0,0,0,1,121668.0
1,7,5,0,0,0,1,78353.0
1,23,9,226,1659,0,0,12521.0
1,23,5,0,0,0,1,15716.0
1,45,5,0,0,0,1,70152.0
1,1,9,61548,35800,0,0,80734.0
2,45,9,1,0,0,1,84499.0
1,45,1,0,0,0,1,57045.0
1,5,5,0,0,0,1,21365.0
1,63,5,0,0,0,1,125624.0
1,55,2,0,0,0,1,75037.0
1,23,9,219,3100,0,0,24075.0
0,15,9,1032,0,0,0,2779.0
1,20,5,0,0,0,1,20520.0
1,23,9,335,2325,0,0,82455.0
1,49,9,1266,329,0,0,88781.0
1,23,9,320,8263,0,0,7419.0
1,20,9,245,0,0,0,102689.0
1,45,5,0,0,0,1,16527.0
1,49,9,924,330,0,0,46511.0
2,12,9,45,134,0,0,93571.0
1,23,9,213,17753,0,0,76856.0
1,49,9,3696,328,0,0,32658.0
1,30,1,0,0,0,1,117491.0
2,12,9,43,43,0,0,124603.0
2,12,9,43,73,0,0,66971.0
1,23,9,309,412,0,0,1785.0
1,23,1,0,0,0,1,119767.0
1,23,9,213,4681,0,0,107012.0
2,12,9,46,76,0,0,39979.0
2,41,9,146,105,0,0,33021.0
1,41,1,0,0,0,1,120401.0
0,60,9,78,0,0,0,23220.0
1,20,9,12,0,0,0,118820.0
1,23,9,233,33730,0,0,119015.0
0,15,9,520,0,0,0,30413.0
1,23,9,217,2438,0,0,121314.0
1,20,9,35195,0,0,0,43320.0
1,23,5,0,0,0,1,94894.0
1,64,5,0,0,0,1,84623.0
0,14,9,18,0,0,1,69340.0
2,45,9,105,0,0,0,44781.0
1,23,9,216,4449,0,0,81178.0
1,45,4,0,0,0,1,22084.0
1,23,9,161,13985,0,0,53409.0
1,20,1,0,0,0,1,19018.0
1,45,5,0,0,0,1,42409.0
1,20,5,0,0,0,1,27613.0
1,23,9,230,2698,0,0,39294.0
1,23,9,332,1722,0,0,107176.0
1,45,5,0,0,0,1,113203.0
1,45,4,0,0,0,1,331.0
1,13,2,0,0,0,1,60033.0
1,20,9,12165,0,0,0,62918.0
1,31,5,0,0,0,1,19988.0
1,6,5,0,0,0,1,79251.0
1,13,5,0,0,0,1,113347.0
1,48,2,358678,252,0,0,53128.0
1,20,9,567,0,0,0,122938.0
0,15,9,1032,0,0,0,104710.0
1,23,9,224,280,0,0,97575.0
