duration,protocol_type,service,flag,src_bytes,dst_bytes,wrong_fragment,hot,logged_in,num_compromised,su_attempted,num_root,num_access_files,count,serror_rate,srv_serror_rate,rerror_rate,srv_rerror_rate,same_srv_rate,diff_srv_rate,srv_diff_host_rate,dst_host_count,dst_host_srv_count,dst_host_same_srv_rate,dst_host_diff_srv_rate,dst_host_same_src_port_rate,dst_host_srv_diff_host_rate,dst_host_serror_rate,dst_host_srv_serror_rate,dst_host_srv_rerror_rate,classe,posicaoOriginal
0.0,1.0,17.0,5.0,0.0,0.0,0.0,0.0,0.0,0.0,0.0,0.0,0.0,75.0,1.0,1.0,0.0,0.0,0.27,0.05,0.0,157.0,42.0,0.25,0.03,0.01,0.05,0.99,0.95,0.0,1.0,75356.0
0.0,1.0,51.0,5.0,0.0,0.0,0.0,0.0,0.0,0.0,0.0,0.0,0.0,20.0,1.0,1.0,0.0,0.0,1.0,0.0,0.0,82.0,140.0,0.49,0.02,0.01,0.01,0.98,0.29,0.0,1.0,16098.0
0.0,1.0,46.0,5.0,0.0,0.0,0.0,0.0,0.0,0.0,0.0,0.0,0.0,102.0,1.0,1.0,0.0,0.0,0.19,0.06,0.0,255.0,5.0,0.02,0.07,0.0,0.0,1.0,1.0,0.0,1.0,117183.0
0.0,1.0,62.0,2.0,0.0,0.0,0.0,0.0,0.0,0.0,0.0,0.0,0.0,139.0,0.0,0.0,1.0,1.0,0.14,0.06,0.0,255.0,19.0,0.07,0.06,0.0,0.0,0.0,0.0,1.0,1.0,82460.0
0.0,1.0,4.0,1.0,0.0,0.0,0.0,0.0,0.0,0.0,0.0,0.0,0.0,188.0,0.0,0.0,1.0,1.0,0.06,0.06,0.0,255.0,12.0,0.05,0.07,0.0,0.0,0.0,0.0,1.0,1.0,81943.0
0.0,1.0,46.0,5.0,0.0,0.0,0.0,0.0,0.0,0.0,0.0,0.0,0.0,268.0,1.0,1.0,0.0,0.0,0.03,0.06,0.0,255.0,14.0,0.05,0.07,0.0,0.0,1.0,1.0,0.0,1.0,96206.0
17399.0,1.0,41.0,4.0,1.0,0.0,0.0,0.0,0.0,0.0,0.0,0.0,0.0,2.0,0.0,0.0,1.0,1.0,1.0,0.0,0.0,255.0,2.0,0.01,0.73,1.0,0.0,0.0,0.0,1.0,1.0,776.0
0.0,1.0,46.0,5.0,0.0,0.0,0.0,0.0,0.0,0.0,0.0,0.0,0.0,240.0,1.0,1.0,0.0,0.0,0.04,0.07,0.0,255.0,9.0,0.04,0.07,0.0,0.0,1.0,1.0,0.0,1.0,11543.0
0.0,2.0,11.0,9.0,46.0,79.0,0.0,0.0,0.0,0.0,0.0,0.0,0.0,108.0,0.0,0.0,0.0,0.0,0.99,0.02,0.0,255.0,254.0,1.0,0.01,0.01,0.0,0.0,0.0,0.0,0.0,39474.0
0.0,1.0,46.0,1.0,0.0,0.0,0.0,0.0,0.0,0.0,0.0,0.0,0.0,2.0,0.0,0.0,1.0,1.0,0.5,1.0,0.0,255.0,1.0,0.0,0.58,0.56,0.0,0.0,0.0,1.0,1.0,33874.0
0.0,1.0,5.0,5.0,0.0,0.0,0.0,0.0,0.0,0.0,0.0,0.0,0.0,146.0,1.0,1.0,0.0,0.0,0.14,0.05,0.0,255.0,18.0,0.07,0.07,0.0,0.0,1.0,1.0,0.0,1.0,95874.0
0.0,2.0,46.0,9.0,28.0,0.0,3.0,0.0,0.0,0.0,0.0,0.0,0.0,61.0,0.0,0.0,0.0,0.0,1.0,0.0,0.0,255.0,61.0,0.24,0.64,0.24,0.0,0.01,0.0,0.0,1.0,26502.0
0.0,0.0,13.0,9.0,8.0,0.0,0.0,0.0,0.0,0.0,0.0,0.0,0.0,1.0,0.0,0.0,0.0,0.0,1.0,0.0,1.0,1.0,129.0,1.0,0.0,1.0,0.51,0.0,0.0,0.0,1.0,32287.0
0.0,1.0,12.0,5.0,0.0,0.0,0.0,0.0,0.0,0.0,0.0,0.0,0.0,156.0,1.0,1.0,0.0,0.0,0.03,0.06,0.0,255.0,4.0,0.02,0.06,0.0,0.0,1.0,1.0,0.0,1.0,64260.0
0.0,1.0,46.0,1.0,0.0,0.0,0.0,0.0,0.0,0.0,0.0,0.0,0.0,2.0,0.0,0.0,1.0,1.0,0.5,1.0,0.0,255.0,1.0,0.0,0.4,0.37,0.0,0.0,0.0,1.0,1.0,57099.0
0.0,1.0,46.0,1.0,0.0,0.0,0.0,0.0,0.0,0.0,0.0,0.0,0.0,179.0,0.0,0.0,1.0,1.0,0.11,0.07,0.0,255.0,20.0,0.08,0.07,0.0,0.0,0.0,0.0,1.0,1.0,28551.0
0.0,1.0,46.0,5.0,0.0,0.0,0.0,0.0,0.0,0.0,0.0,0.0,0.0,76.0,1.0,1.0,0.0,0.0,0.32,0.05,0.0,255.0,24.0,0.09,0.05,0.0,0.0,1.0,1.0,0.0,1.0,115499.0
0.0,1.0,41.0,9.0,59.0,0.0,0.0,0.0,0.0,0.0,0.0,0.0,0.0,10.0,0.0,0.0,0.0,0.0,0.1,0.2,0.0,19.0,1.0,0.05,0.16,0.84,0.0,0.0,0.0,0.0,0.0,37660.0
0.0,1.0,17.0,5.0,0.0,0.0,0.0,0.0,0.0,0.0,0.0,0.0,0.0,300.0,1.0,1.0,0.0,0.0,0.07,0.06,0.0,255.0,8.0,0.03,0.07,0.0,0.0,1.0,1.0,0.0,1.0,30620.0
0.0,0.0,13.0,9.0,8.0,0.0,0.0,0.0,0.0,0.0,0.0,0.0,0.0,1.0,0.0,0.0,0.0,0.0,1.0,0.0,1.0,2.0,110.0,1.0,0.0,1.0,0.5,0.0,0.0,0.0,1.0,59592.0
0.0,1.0,64.0,1.0,0.0,0.0,0.0,0.0,0.0,0.0,0.0,0.0,0.0,129.0,0.0,0.0,1.0,1.0,0.01,0.07,0.0,255.0,1.0,0.0,0.08,0.0,0.0,0.0,0.0,1.0,1.0,14970.0
2.0,1.0,22.0,1.0,0.0,0.0,0.0,0.0,0.0,0.0,0.0,0.0,0.0,1.0,0.0,0.0,1.0,1.0,1.0,0.0,0.0,249.0,182.0,0.73,0.02,0.0,0.0,0.0,0.0,1.0,0.0,58419.0
0.0,0.0,14.0,9.0,8.0,0.0,0.0,0.0,0.0,0.0,0.0,0.0,0.0,1.0,0.0,0.0,0.0,0.0,1.0,0.0,0.0,5.0,5.0,1.0,0.0,1.0,0.0,0.0,0.0,0.0,1.0,72383.0
0.0,1.0,30.0,5.0,0.0,0.0,0.0,0.0,0.0,0.0,0.0,0.0,0.0,250.0,1.0,1.0,0.0,0.0,0.08,0.06,0.0,255.0,19.0,0.07,0.07,0.0,0.0,1.0,1.0,0.0,1.0,111935.0
0.0,1.0,46.0,5.0,0.0,0.0,0.0,0.0,0.0,0.0,0.0,0.0,0.0,266.0,1.0,1.0,0.0,0.0,0.09,0.05,0.0,207.0,25.0,0.12,0.07,0.0,0.0,0.93,1.0,0.0,1.0,100486.0
0.0,1.0,21.0,5.0,0.0,0.0,0.0,0.0,0.0,0.0,0.0,0.0,0.0,234.0,1.0,1.0,0.0,0.0,0.04,0.05,0.0,255.0,9.0,0.04,0.06,0.0,0.0,1.0,1.0,0.0,1.0,34208.0
0.0,1.0,46.0,5.0,0.0,0.0,0.0,0.0,0.0,0.0,0.0,0.0,0.0,197.0,1.0,1.0,0.0,0.0,0.01,0.07,0.0,255.0,2.0,0.01,0.06,0.0,0.0,1.0,1.0,0.0,1.0,108231.0
0.0,0.0,13.0,9.0,8.0,0.0,0.0,0.0,0.0,0.0,0.0,0.0,0.0,1.0,0.0,0.0,0.0,0.0,1.0,0.0,1.0,1.0,69.0,1.0,0.0,1.0,0.51,0.0,0.0,0.0,1.0,44774.0
0.0,1.0,46.0,1.0,0.0,0.0,0.0,0.0,0.0,0.0,0.0,0.0,0.0,141.0,0.0,0.0,1.0,1.0,0.11,0.06,0.0,255.0,15.0,0.06,0.07,0.0,0.0,0.0,0.0,1.0,1.0,88877.0
4129.0,1.0,41.0,4.0,1.0,0.0,0.0,0.0,0.0,0.0,0.0,0.0,0.0,2.0,0.0,0.0,1.0,1.0,1.0,0.0,0.0,255.0,2.0,0.01,0.72,1.0,0.0,0.0,0.0,1.0,1.0,17696.0
5207.0,2.0,41.0,9.0,147.0,105.0,0.0,0.0,0.0,0.0,0.0,0.0,0.0,1.0,0.0,0.0,0.0,0.0,1.0,0.0,0.0,100.0,1.0,0.01,0.52,0.8,0.0,0.0,0.0,0.0,0.0,62992.0
0.0,1.0,19.0,5.0,0.0,0.0,0.0,0.0,0.0,0.0,0.0,0.0,0.0,64.0,1.0,1.0,0.0,0.0,0.25,0.06,0.0,255.0,56.0,0.22,0.03,0.01,0.0,1.0,1.0,0.0,1.0,57758.0
0.0,1.0,46.0,5.0,0.0,0.0,0.0,0.0,0.0,0.0,0.0,0.0,0.0,225.0,1.0,1.0,0.0,0.0,0.04,0.06,0.0,255.0,9.0,0.04,0.07,0.0,0.0,1.0,1.0,0.0,1.0,62680.0
0.0,1.0,12.0,5.0,0.0,0.0,0.0,0.0,0.0,0.0,0.0,0.0,0.0,170.0,1.0,1.0,0.0,0.0,0.01,0.06,0.0,255.0,1.0,0.0,0.07,0.0,0.0,1.0,1.0,0.0,1.0,30252.0
0.0,1.0,3.0,1.0,0.0,0.0,0.0,0.0,0.0,0.0,0.0,0.0,0.0,264.0,0.0,0.0,1.0,1.0,0.01,0.06,0.0,255.0,3.0,0.01,0.08,0.0,0.0,0.0,0.0,1.0,1.0,13096.0
0.0,1.0,46.0,5.0,0.0,0.0,0.0,0.0,0.0,0.0,0.0,0.0,0.0,273.0,1.0,1.0,0.0,0.0,0.07,0.05,0.0,255.0,18.0,0.07,0.06,0.0,0.0,1.0,1.0,0.0,1.0,69256.0
0.0,0.0,13.0,9.0,18.0,0.0,0.0,0.0,0.0,0.0,0.0,0.0,0.0,1.0,0.0,0.0,0.0,0.0,1.0,0.0,0.0,1.0,253.0,1.0,0.0,1.0,0.25,0.0,0.0,0.0,1.0,79888.0
0.0,2.0,41.0,9.0,147.0,147.0,0.0,0.0,0.0,0.0,0.0,0.0,0.0,1.0,0.0,0.0,0.0,0.0,1.0,0.0,0.0,255.0,1.0,0.0,0.62,0.99,0.0,0.0,0.0,0.0,0.0,69632.0
0.0,1.0,30.0,1.0,0.0,0.0,0.0,0.0,0.0,0.0,0.0,0.0,0.0,235.0,0.0,0.0,1.0,1.0,0.01,0.07,0.0,255.0,3.0,0.01,0.08,0.0,0.0,0.0,0.0,1.0,1.0,102131.0
0.0,1.0,38.0,5.0,0.0,0.0,0.0,0.0,0.0,0.0,0.0,0.0,0.0,105.0,1.0,1.0,0.0,0.0,0.19,0.06,0.0,255.0,20.0,0.08,0.07,0.0,0.0,1.0,1.0,0.0,1.0,4238.0
0.0,1.0,46.0,5.0,0.0,0.0,0.0,0.0,0.0,0.0,0.0,0.0,0.0,75.0,1.0,1.0,0.0,0.0,0.24,0.05,0.0,255.0,18.0,0.07,0.07,0.0,0.0,1.0,1.0,0.0,1.0,105572.0
0.0,1.0,46.0,5.0,0.0,0.0,0.0,0.0,0.0,0.0,0.0,0.0,0.0,90.0,1.0,1.0,0.0,0.0,0.26,0.07,0.0,255.0,23.0,0.09,0.05,0.0,0.0,1.0,1.0,0.0,1.0,98225.0
0.0,1.0,41.0,1.0,0.0,0.0,0.0,0.0,0.0,0.0,0.0,0.0,0.0,326.0,0.1,0.0,0.9,1.0,0.0,1.0,0.0,255.0,1.0,0.0,1.0,0.0,0.0,0.09,0.0,1.0,1.0,91964.0
0.0,1.0,46.0,5.0,0.0,0.0,0.0,0.0,0.0,0.0,0.0,0.0,0.0,109.0,1.0,1.0,0.0,0.0,0.22,0.05,0.0,255.0,24.0,0.09,0.04,0.0,0.0,1.0,1.0,0.0,1.0,109317.0
0.0,1.0,46.0,1.0,0.0,0.0,0.0,0.0,0.0,0.0,0.0,0.0,0.0,86.0,0.08,0.0,0.92,1.0,0.01,1.0,0.0,255.0,1.0,0.0,0.61,0.0,0.0,0.03,0.0,1.0,1.0,16696.0
0.0,1.0,64.0,1.0,0.0,0.0,0.0,0.0,0.0,0.0,0.0,0.0,0.0,201.0,0.0,0.0,1.0,1.0,0.09,0.06,0.0,255.0,18.0,0.07,0.09,0.0,0.0,0.0,0.0,1.0,1.0,61180.0
0.0,1.0,46.0,5.0,0.0,0.0,0.0,0.0,0.0,0.0,0.0,0.0,0.0,108.0,1.0,1.0,0.0,0.0,0.06,0.06,0.0,51.0,7.0,0.14,0.12,0.02,0.0,1.0,1.0,0.0,1.0,60011.0
0.0,1.0,46.0,4.0,0.0,0.0,0.0,0.0,0.0,0.0,0.0,0.0,0.0,1.0,0.0,0.0,1.0,1.0,1.0,0.0,0.0,249.0,1.0,0.0,0.34,0.33,0.0,0.0,0.0,1.0,1.0,74011.0
0.0,1.0,46.0,5.0,0.0,0.0,0.0,0.0,0.0,0.0,0.0,0.0,0.0,122.0,1.0,1.0,0.0,0.0,0.12,0.06,0.0,255.0,12.0,0.05,0.05,0.0,0.0,1.0,1.0,0.0,1.0,71564.0
0.0,0.0,13.0,9.0,8.0,0.0,0.0,0.0,0.0,0.0,0.0,0.0,0.0,1.0,0.0,0.0,0.0,0.0,1.0,0.0,1.0,1.0,95.0,1.0,0.0,1.0,0.51,0.0,0.0,0.0,1.0,81088.0
0.0,1.0,50.0,5.0,0.0,0.0,0.0,0.0,0.0,0.0,0.0,0.0,0.0,129.0,1.0,1.0,0.0,0.0,0.1,0.05,0.0,255.0,13.0,0.05,0.05,0.0,0.0,1.0,1.0,0.0,1.0,98915.0
0.0,1.0,15.0,5.0,0.0,0.0,0.0,0.0,0.0,0.0,0.0,0.0,0.0,103.0,1.0,1.0,0.0,0.0,0.19,0.06,0.0,255.0,19.0,0.07,0.07,0.0,0.0,1.0,1.0,0.0,1.0,100356.0
0.0,1.0,29.0,1.0,0.0,0.0,0.0,0.0,0.0,0.0,0.0,0.0,0.0,111.0,0.0,0.0,1.0,1.0,0.03,0.08,0.0,235.0,3.0,0.01,0.07,0.0,0.0,0.0,0.0,1.0,1.0,25121.0
0.0,1.0,5.0,1.0,0.0,0.0,0.0,0.0,0.0,0.0,0.0,0.0,0.0,116.0,0.0,0.0,1.0,1.0,0.15,0.06,0.0,255.0,17.0,0.07,0.06,0.0,0.0,0.0,0.0,1.0,1.0,4856.0
0.0,2.0,11.0,9.0,44.0,44.0,0.0,0.0,0.0,0.0,0.0,0.0,0.0,116.0,0.0,0.0,0.0,0.0,1.0,0.0,0.01,255.0,254.0,1.0,0.01,0.01,0.0,0.0,0.0,0.0,0.0,110498.0
0.0,1.0,46.0,5.0,0.0,0.0,0.0,0.0,0.0,0.0,0.0,0.0,0.0,112.0,1.0,1.0,0.0,0.0,0.07,0.06,0.0,255.0,16.0,0.06,0.06,0.0,0.0,1.0,1.0,0.0,1.0,45302.0
0.0,1.0,19.0,9.0,334.0,0.0,0.0,0.0,1.0,0.0,0.0,0.0,0.0,1.0,0.0,0.0,0.0,0.0,1.0,0.0,0.0,7.0,33.0,1.0,0.0,1.0,0.15,0.0,0.0,0.0,1.0,103515.0
0.0,1.0,65.0,5.0,0.0,0.0,0.0,0.0,0.0,0.0,0.0,0.0,0.0,271.0,1.0,1.0,0.0,0.0,0.03,0.06,0.0,255.0,7.0,0.03,0.07,0.0,0.0,1.0,1.0,0.0,1.0,111380.0
0.0,1.0,64.0,5.0,0.0,0.0,0.0,0.0,0.0,0.0,0.0,0.0,0.0,201.0,1.0,1.0,0.0,0.0,0.0,0.06,0.0,255.0,1.0,0.0,0.09,0.0,0.0,1.0,1.0,0.0,1.0,31853.0
0.0,2.0,11.0,9.0,43.0,137.0,0.0,0.0,0.0,0.0,0.0,0.0,0.0,154.0,0.0,0.0,0.0,0.0,0.99,0.01,0.01,255.0,254.0,1.0,0.01,0.0,0.0,0.0,0.0,0.0,0.0,104355.0
0.0,1.0,6.0,5.0,0.0,0.0,0.0,0.0,0.0,0.0,0.0,0.0,0.0,191.0,1.0,1.0,0.0,0.0,0.02,0.06,0.0,255.0,3.0,0.01,0.06,0.0,0.0,1.0,1.0,0.0,1.0,100151.0
0.0,1.0,5.0,5.0,0.0,0.0,0.0,0.0,0.0,0.0,0.0,0.0,0.0,103.0,1.0,1.0,0.0,0.0,0.09,0.06,0.0,255.0,19.0,0.07,0.07,0.0,0.0,1.0,1.0,0.0,1.0,105630.0
0.0,1.0,19.0,1.0,0.0,0.0,0.0,0.0,0.0,0.0,0.0,0.0,0.0,234.0,0.0,0.0,1.0,1.0,0.01,0.07,0.0,255.0,2.0,0.01,0.07,0.0,0.0,0.0,0.0,1.0,1.0,113877.0
0.0,1.0,46.0,5.0,0.0,0.0,0.0,0.0,0.0,0.0,0.0,0.0,0.0,110.0,1.0,1.0,0.0,0.0,0.09,0.06,0.0,255.0,30.0,0.12,0.06,0.0,0.0,1.0,1.0,0.0,1.0,17891.0
0.0,0.0,13.0,9.0,8.0,0.0,0.0,0.0,0.0,0.0,0.0,0.0,0.0,1.0,0.0,0.0,0.0,0.0,1.0,0.0,1.0,2.0,81.0,1.0,0.0,1.0,0.51,0.0,0.0,0.0,1.0,102934.0
0.0,1.0,46.0,4.0,0.0,0.0,0.0,0.0,0.0,0.0,0.0,0.0,0.0,1.0,0.0,0.0,1.0,1.0,1.0,0.0,0.0,179.0,1.0,0.01,0.45,0.45,0.0,0.0,0.0,1.0,1.0,59140.0
0.0,2.0,11.0,9.0,41.0,74.0,0.0,0.0,0.0,0.0,0.0,0.0,0.0,130.0,0.0,0.0,0.0,0.0,1.0,0.0,0.0,255.0,255.0,1.0,0.0,0.0,0.0,0.0,0.0,0.0,0.0,115478.0
0.0,1.0,59.0,5.0,0.0,0.0,0.0,0.0,0.0,0.0,0.0,0.0,0.0,267.0,1.0,1.0,0.0,0.0,0.07,0.06,0.0,255.0,20.0,0.08,0.07,0.0,0.0,1.0,1.0,0.0,1.0,37434.0
0.0,1.0,20.0,1.0,0.0,0.0,0.0,0.0,0.0,0.0,0.0,0.0,0.0,239.0,0.0,0.0,1.0,1.0,0.06,0.07,0.0,255.0,14.0,0.05,0.07,0.0,0.0,0.0,0.0,1.0,1.0,54757.0
0.0,1.0,19.0,9.0,334.0,0.0,0.0,0.0,1.0,0.0,0.0,0.0,0.0,1.0,0.0,0.0,0.0,0.0,1.0,0.0,0.0,13.0,24.0,1.0,0.0,1.0,0.08,0.0,0.0,0.0,1.0,119155.0
0.0,1.0,22.0,1.0,0.0,0.0,0.0,0.0,0.0,0.0,0.0,0.0,0.0,10.0,0.0,0.0,1.0,1.0,1.0,0.0,0.17,39.0,193.0,1.0,0.0,0.03,0.17,0.0,0.0,0.55,0.0,41594.0
0.0,1.0,64.0,5.0,0.0,0.0,0.0,0.0,0.0,0.0,0.0,0.0,0.0,72.0,1.0,1.0,0.0,0.0,0.06,0.08,0.0,255.0,1.0,0.0,0.07,0.0,0.0,1.0,1.0,0.0,1.0,17158.0
0.0,1.0,46.0,5.0,0.0,0.0,0.0,0.0,0.0,0.0,0.0,0.0,0.0,216.0,1.0,1.0,0.0,0.0,0.02,0.07,0.0,255.0,13.0,0.05,0.08,0.0,0.0,1.0,1.0,0.0,1.0,118710.0
0.0,1.0,51.0,6.0,0.0,0.0,0.0,0.0,0.0,0.0,0.0,0.0,0.0,1.0,1.0,1.0,0.0,0.0,1.0,0.0,0.0,87.0,157.0,0.39,0.03,0.01,0.01,0.02,0.01,0.0,0.0,9449.0
0.0,1.0,46.0,1.0,0.0,0.0,0.0,0.0,0.0,0.0,0.0,0.0,0.0,2.0,0.0,0.0,1.0,1.0,0.5,1.0,0.0,255.0,1.0,0.0,0.53,0.51,0.0,0.0,0.0,1.0,1.0,86639.0
0.0,0.0,14.0,9.0,1032.0,0.0,0.0,0.0,0.0,0.0,0.0,0.0,0.0,510.0,0.0,0.0,0.0,0.0,1.0,0.0,0.0,255.0,85.0,0.33,0.2,0.33,0.0,0.0,0.0,0.0,1.0,38707.0
0.0,1.0,46.0,5.0,0.0,0.0,0.0,0.0,0.0,0.0,0.0,0.0,0.0,196.0,1.0,1.0,0.0,0.0,0.12,0.06,0.0,57.0,17.0,0.3,0.16,0.02,0.0,0.75,1.0,0.0,1.0,62464.0
0.0,0.0,13.0,9.0,18.0,0.0,0.0,0.0,0.0,0.0,0.0,0.0,0.0,1.0,0.0,0.0,0.0,0.0,1.0,0.0,0.0,2.0,98.0,1.0,0.0,1.0,0.26,0.0,0.0,0.0,1.0,114589.0
0.0,1.0,22.0,1.0,0.0,0.0,0.0,0.0,0.0,0.0,0.0,0.0,0.0,250.0,0.0,0.0,1.0,1.0,0.02,0.07,0.0,255.0,4.0,0.02,0.07,0.0,0.0,0.0,0.0,1.0,1.0,31950.0
0.0,1.0,25.0,5.0,0.0,0.0,0.0,0.0,0.0,0.0,0.0,0.0,0.0,278.0,1.0,1.0,0.0,0.0,0.04,0.06,0.0,255.0,10.0,0.04,0.06,0.0,0.0,1.0,1.0,0.0,1.0,37049.0
0.0,2.0,41.0,9.0,1.0,0.0,0.0,0.0,0.0,0.0,0.0,0.0,0.0,31.0,0.0,0.0,0.0,0.0,0.29,0.1,0.0,255.0,9.0,0.04,0.06,1.0,0.0,0.0,0.0,0.0,1.0,80842.0
0.0,1.0,21.0,5.0,0.0,0.0,0.0,0.0,0.0,0.0,0.0,0.0,0.0,217.0,1.0,1.0,0.0,0.0,0.01,0.06,0.0,255.0,3.0,0.01,0.07,0.0,0.0,1.0,1.0,0.0,1.0,54974.0
0.0,1.0,46.0,1.0,0.0,0.0,0.0,0.0,0.0,0.0,0.0,0.0,0.0,92.0,0.01,0.0,0.9,1.0,0.01,1.0,0.0,255.0,1.0,0.0,0.38,0.0,0.0,0.0,0.0,1.0,1.0,112070.0
0.0,1.0,46.0,5.0,0.0,0.0,0.0,0.0,0.0,0.0,0.0,0.0,0.0,124.0,1.0,1.0,0.0,0.0,0.11,0.06,0.0,126.0,14.0,0.11,0.07,0.01,0.0,1.0,1.0,0.0,1.0,112994.0
0.0,1.0,57.0,5.0,0.0,0.0,0.0,0.0,0.0,0.0,0.0,0.0,0.0,244.0,1.0,1.0,0.0,0.0,0.05,0.06,0.0,255.0,19.0,0.07,0.07,0.0,0.0,1.0,1.0,0.0,1.0,75388.0
0.0,1.0,19.0,5.0,0.0,0.0,0.0,0.0,0.0,0.0,0.0,0.0,0.0,76.0,1.0,1.0,0.0,0.0,0.24,0.05,0.0,255.0,64.0,0.25,0.02,0.01,0.0,1.0,1.0,0.0,1.0,28918.0
0.0,0.0,13.0,9.0,8.0,0.0,0.0,0.0,0.0,0.0,0.0,0.0,0.0,1.0,0.0,0.0,0.0,0.0,1.0,0.0,1.0,3.0,95.0,1.0,0.0,1.0,0.25,0.0,0.0,0.0,1.0,12541.0
0.0,2.0,11.0,9.0,45.0,75.0,0.0,0.0,0.0,0.0,0.0,0.0,0.0,151.0,0.0,0.0,0.0,0.0,1.0,0.0,0.0,255.0,203.0,0.8,0.01,0.0,0.0,0.0,0.0,0.0,0.0,55616.0
0.0,1.0,56.0,5.0,0.0,0.0,0.0,0.0,0.0,0.0,0.0,0.0,0.0,233.0,1.0,1.0,0.0,0.0,0.07,0.06,0.0,255.0,17.0,0.07,0.07,0.0,0.0,1.0,1.0,0.0,1.0,82793.0
0.0,1.0,19.0,9.0,334.0,0.0,0.0,0.0,1.0,0.0,0.0,0.0,0.0,1.0,0.0,0.0,0.0,0.0,1.0,0.0,0.0,5.0,39.0,1.0,0.0,1.0,0.05,0.0,0.0,0.0,1.0,26579.0
0.0,1.0,46.0,1.0,0.0,0.0,0.0,0.0,0.0,0.0,0.0,0.0,0.0,196.0,0.1,0.0,0.89,1.0,0.01,1.0,0.0,255.0,1.0,0.0,0.89,0.0,0.0,0.07,0.0,1.0,1.0,45906.0
0.0,1.0,38.0,1.0,0.0,0.0,0.0,0.0,0.0,0.0,0.0,0.0,0.0,77.0,0.0,0.0,1.0,1.0,0.13,0.08,0.0,255.0,10.0,0.04,0.07,0.0,0.0,0.0,0.0,1.0,1.0,14890.0
0.0,0.0,14.0,9.0,1032.0,0.0,0.0,0.0,0.0,0.0,0.0,0.0,0.0,494.0,0.0,0.0,0.0,0.0,1.0,0.0,0.0,175.0,81.0,0.46,0.04,0.46,0.0,0.01,0.0,0.0,1.0,60980.0
0.0,1.0,46.0,5.0,0.0,0.0,0.0,0.0,0.0,0.0,0.0,0.0,0.0,143.0,1.0,1.0,0.0,0.0,0.07,0.06,0.0,255.0,1.0,0.0,0.06,0.0,0.0,1.0,1.0,0.0,1.0,92199.0
0.0,1.0,2.0,5.0,0.0,0.0,0.0,0.0,0.0,0.0,0.0,0.0,0.0,208.0,1.0,1.0,0.0,0.0,0.11,0.06,0.0,255.0,23.0,0.09,0.06,0.0,0.0,1.0,1.0,0.0,1.0,89298.0
0.0,1.0,46.0,4.0,0.0,0.0,0.0,0.0,0.0,0.0,0.0,0.0,0.0,1.0,0.0,0.0,1.0,1.0,1.0,0.0,0.0,255.0,1.0,0.0,0.88,0.88,0.0,0.0,0.0,1.0,1.0,39217.0
0.0,1.0,17.0,5.0,0.0,0.0,0.0,0.0,0.0,0.0,0.0,0.0,0.0,43.0,0.98,0.92,0.02,0.08,0.26,0.12,0.17,255.0,42.0,0.16,0.05,0.0,0.0,1.0,1.0,0.0,1.0,72416.0
0.0,0.0,13.0,9.0,8.0,0.0,0.0,0.0,0.0,0.0,0.0,0.0,0.0,1.0,0.0,0.0,0.0,0.0,1.0,0.0,1.0,2.0,66.0,1.0,0.0,1.0,0.26,0.0,0.0,0.0,1.0,34252.0
0.0,0.0,13.0,9.0,8.0,0.0,0.0,0.0,0.0,0.0,0.0,0.0,0.0,1.0,0.0,0.0,0.0,0.0,1.0,0.0,1.0,1.0,39.0,1.0,0.0,1.0,0.51,0.0,0.0,0.0,1.0,91161.0
0.0,1.0,46.0,5.0,0.0,0.0,0.0,0.0,0.0,0.0,0.0,0.0,0.0,117.0,1.0,1.0,0.0,0.0,0.16,0.07,0.0,255.0,10.0,0.04,0.06,0.0,0.0,1.0,1.0,0.0,1.0,32503.0
0.0,1.0,46.0,5.0,0.0,0.0,0.0,0.0,0.0,0.0,0.0,0.0,0.0,163.0,1.0,1.0,0.0,0.0,0.1,0.06,0.0,255.0,8.0,0.03,0.08,0.0,0.0,1.0,1.0,0.0,1.0,70292.0
0.0,1.0,46.0,5.0,0.0,0.0,0.0,0.0,0.0,0.0,0.0,0.0,0.0,129.0,1.0,1.0,0.0,0.0,0.16,0.05,0.0,255.0,16.0,0.06,0.06,0.0,0.0,1.0,1.0,0.0,1.0,56362.0
0.0,1.0,28.0,1.0,0.0,0.0,0.0,0.0,0.0,0.0,0.0,0.0,0.0,92.0,0.0,0.0,1.0,1.0,0.02,0.09,0.0,255.0,2.0,0.01,0.06,0.0,0.0,0.0,0.0,1.0,1.0,83189.0
0.0,1.0,20.0,5.0,0.0,0.0,0.0,0.0,0.0,0.0,0.0,0.0,0.0,251.0,1.0,1.0,0.0,0.0,0.04,0.06,0.0,255.0,9.0,0.04,0.08,0.0,0.0,1.0,1.0,0.0,1.0,46726.0
0.0,1.0,46.0,1.0,0.0,0.0,0.0,0.0,0.0,0.0,0.0,0.0,0.0,270.0,0.0,0.0,1.0,1.0,0.03,0.06,0.0,255.0,9.0,0.04,0.06,0.0,0.0,0.0,0.0,1.0,1.0,27318.0
0.0,1.0,46.0,1.0,0.0,0.0,0.0,0.0,0.0,0.0,0.0,0.0,0.0,1.0,0.0,0.0,1.0,1.0,1.0,0.0,0.0,255.0,1.0,0.0,0.27,0.24,0.0,0.0,0.0,1.0,1.0,4475.0
0.0,1.0,17.0,2.0,0.0,0.0,0.0,0.0,0.0,0.0,0.0,0.0,0.0,145.0,0.0,0.0,1.0,1.0,0.14,0.06,0.0,255.0,20.0,0.08,0.07,0.0,0.0,0.0,0.0,1.0,1.0,106540.0
0.0,1.0,19.0,5.0,0.0,0.0,0.0,0.0,0.0,0.0,0.0,0.0,0.0,148.0,1.0,1.0,0.0,0.0,0.08,0.05,0.0,255.0,12.0,0.05,0.06,0.0,0.0,1.0,1.0,0.0,1.0,75053.0
0.0,1.0,52.0,1.0,0.0,0.0,0.0,0.0,0.0,0.0,0.0,0.0,0.0,179.0,0.0,0.0,1.0,1.0,0.08,0.07,0.0,255.0,14.0,0.05,0.07,0.0,0.0,0.0,0.0,1.0,1.0,96635.0
0.0,1.0,46.0,5.0,0.0,0.0,0.0,0.0,0.0,0.0,0.0,0.0,0.0,211.0,1.0,1.0,0.0,0.0,0.07,0.07,0.0,255.0,30.0,0.12,0.07,0.0,0.0,1.0,1.0,0.0,1.0,62942.0
0.0,1.0,41.0,9.0,59.0,0.0,0.0,0.0,1.0,0.0,0.0,0.0,0.0,16.0,0.06,0.0,0.0,0.0,0.06,0.81,0.0,140.0,1.0,0.01,0.13,0.19,0.0,0.01,0.0,0.0,0.0,119030.0
0.0,1.0,46.0,5.0,0.0,0.0,0.0,0.0,0.0,0.0,0.0,0.0,0.0,56.0,1.0,1.0,0.0,0.0,0.39,0.07,0.0,255.0,22.0,0.09,0.05,0.0,0.0,1.0,1.0,0.0,1.0,119286.0
0.0,1.0,51.0,5.0,0.0,0.0,0.0,0.0,0.0,0.0,0.0,0.0,0.0,13.0,1.0,0.87,0.0,0.0,1.0,0.0,0.2,35.0,147.0,0.37,0.06,0.03,0.01,0.94,0.09,0.0,1.0,93756.0
0.0,1.0,41.0,1.0,0.0,0.0,0.0,0.0,0.0,0.0,0.0,0.0,0.0,509.0,0.16,0.0,0.84,1.0,0.0,1.0,0.0,255.0,1.0,0.0,1.0,0.0,0.0,0.26,0.0,1.0,1.0,93782.0
0.0,1.0,46.0,5.0,0.0,0.0,0.0,0.0,0.0,0.0,0.0,0.0,0.0,220.0,1.0,1.0,0.0,0.0,0.04,0.05,0.0,255.0,12.0,0.05,0.07,0.0,0.0,1.0,1.0,0.0,1.0,100446.0
0.0,1.0,7.0,1.0,0.0,0.0,0.0,0.0,0.0,0.0,0.0,0.0,0.0,25.0,0.0,0.0,0.92,1.0,0.04,1.0,0.0,255.0,1.0,0.0,0.14,0.0,0.0,0.0,0.0,1.0,1.0,50351.0
0.0,1.0,46.0,1.0,0.0,0.0,0.0,0.0,0.0,0.0,0.0,0.0,0.0,97.0,0.0,0.0,1.0,1.0,0.18,0.07,0.0,255.0,17.0,0.07,0.06,0.0,0.0,0.0,0.0,1.0,1.0,32415.0
0.0,1.0,41.0,1.0,0.0,0.0,0.0,0.0,0.0,0.0,0.0,0.0,0.0,475.0,0.07,0.0,0.9,1.0,0.0,0.96,0.0,255.0,1.0,0.0,0.93,0.0,0.0,0.08,0.0,1.0,1.0,88144.0
0.0,1.0,5.0,5.0,0.0,0.0,0.0,0.0,0.0,0.0,0.0,0.0,0.0,112.0,1.0,1.0,0.0,0.0,0.17,0.04,0.0,255.0,19.0,0.07,0.04,0.0,0.0,1.0,1.0,0.0,1.0,6085.0
0.0,1.0,59.0,5.0,0.0,0.0,0.0,0.0,0.0,0.0,0.0,0.0,0.0,300.0,1.0,1.0,0.0,0.0,0.03,0.06,0.0,255.0,3.0,0.01,0.08,0.0,0.0,1.0,1.0,0.0,1.0,26495.0
0.0,0.0,13.0,9.0,8.0,0.0,0.0,0.0,0.0,0.0,0.0,0.0,0.0,1.0,0.0,0.0,0.0,0.0,1.0,0.0,1.0,2.0,112.0,1.0,0.0,1.0,0.5,0.0,0.0,0.0,1.0,35454.0
0.0,2.0,46.0,9.0,1.0,0.0,0.0,0.0,0.0,0.0,0.0,0.0,0.0,5.0,0.0,0.0,0.0,0.0,1.0,0.0,0.0,255.0,76.0,0.3,0.13,0.93,0.0,0.0,0.0,0.0,1.0,97513.0
0.0,1.0,3.0,2.0,0.0,0.0,0.0,0.0,0.0,0.0,0.0,0.0,0.0,237.0,0.0,0.0,1.0,1.0,0.0,0.53,0.0,255.0,1.0,0.0,0.49,0.93,0.0,0.0,0.0,1.0,1.0,25509.0
5863.0,2.0,41.0,9.0,147.0,105.0,0.0,0.0,0.0,0.0,0.0,0.0,0.0,1.0,0.0,0.0,0.0,0.0,1.0,0.0,0.0,255.0,1.0,0.0,0.7,0.94,0.0,0.0,0.0,0.0,0.0,122292.0
0.0,1.0,33.0,5.0,0.0,0.0,0.0,0.0,0.0,0.0,0.0,0.0,0.0,294.0,1.0,1.0,0.0,0.0,0.09,0.05,0.0,255.0,25.0,0.1,0.05,0.0,0.0,1.0,1.0,0.0,1.0,43637.0
0.0,1.0,46.0,5.0,0.0,0.0,0.0,0.0,0.0,0.0,0.0,0.0,0.0,204.0,1.0,1.0,0.0,0.0,0.12,0.05,0.0,255.0,25.0,0.1,0.05,0.0,0.0,1.0,1.0,0.0,1.0,80005.0
0.0,1.0,56.0,5.0,0.0,0.0,0.0,0.0,0.0,0.0,0.0,0.0,0.0,125.0,1.0,1.0,0.0,0.0,0.15,0.06,0.0,255.0,13.0,0.05,0.06,0.0,0.0,1.0,1.0,0.0,1.0,17021.0
0.0,1.0,9.0,5.0,0.0,0.0,0.0,0.0,0.0,0.0,0.0,0.0,0.0,246.0,1.0,1.0,0.0,0.0,0.02,0.06,0.0,255.0,4.0,0.02,0.06,0.0,0.0,1.0,1.0,0.0,1.0,10477.0
0.0,1.0,46.0,5.0,0.0,0.0,0.0,0.0,0.0,0.0,0.0,0.0,0.0,89.0,1.0,1.0,0.0,0.0,0.02,0.07,0.0,255.0,18.0,0.07,0.07,0.0,0.0,1.0,1.0,0.0,1.0,91579.0
0.0,1.0,57.0,2.0,0.0,0.0,0.0,0.0,0.0,0.0,0.0,0.0,0.0,262.0,0.0,0.0,1.0,1.0,0.03,0.06,0.0,255.0,7.0,0.03,0.07,0.0,0.0,0.0,0.0,1.0,1.0,83123.0
0.0,1.0,30.0,4.0,0.0,0.0,0.0,0.0,0.0,0.0,0.0,0.0,0.0,1.0,0.0,0.0,1.0,1.0,1.0,0.0,0.0,185.0,1.0,0.01,0.47,0.47,0.0,0.0,0.0,1.0,1.0,55201.0
0.0,1.0,9.0,2.0,0.0,0.0,0.0,0.0,0.0,0.0,0.0,0.0,0.0,117.0,0.0,0.0,1.0,1.0,0.02,0.07,0.0,255.0,2.0,0.01,0.07,0.0,0.0,0.0,0.0,1.0,1.0,77388.0
0.0,0.0,14.0,9.0,1032.0,0.0,0.0,0.0,0.0,0.0,0.0,0.0,0.0,369.0,0.0,0.0,0.0,0.0,1.0,0.0,0.0,255.0,255.0,1.0,0.0,1.0,0.0,0.0,0.0,0.0,1.0,112472.0
0.0,1.0,29.0,5.0,0.0,0.0,0.0,0.0,0.0,0.0,0.0,0.0,0.0,147.0,1.0,1.0,0.0,0.0,0.13,0.05,0.0,255.0,19.0,0.07,0.06,0.0,0.0,1.0,1.0,0.0,1.0,21107.0
0.0,0.0,14.0,9.0,1032.0,0.0,0.0,0.0,0.0,0.0,0.0,0.0,0.0,450.0,0.0,0.0,0.0,0.0,1.0,0.0,0.0,255.0,255.0,1.0,0.0,1.0,0.0,0.0,0.0,0.0,1.0,103332.0
0.0,0.0,13.0,9.0,8.0,0.0,0.0,0.0,0.0,0.0,0.0,0.0,0.0,1.0,0.0,0.0,0.0,0.0,1.0,0.0,1.0,2.0,146.0,1.0,0.0,1.0,0.5,0.0,0.0,0.0,1.0,94278.0
0.0,1.0,15.0,5.0,0.0,0.0,0.0,0.0,0.0,0.0,0.0,0.0,0.0,139.0,1.0,1.0,0.0,0.0,0.1,0.06,0.0,255.0,14.0,0.05,0.06,0.0,0.0,1.0,1.0,0.0,1.0,86781.0
0.0,1.0,46.0,1.0,0.0,0.0,0.0,0.0,0.0,0.0,0.0,0.0,0.0,133.0,0.0,0.0,1.0,1.0,0.11,0.06,0.0,255.0,15.0,0.06,0.07,0.0,0.0,0.0,0.0,1.0,1.0,25946.0
0.0,1.0,22.0,5.0,0.0,0.0,0.0,0.0,0.0,0.0,0.0,0.0,0.0,12.0,1.0,1.0,0.0,0.0,0.5,0.33,0.0,255.0,46.0,0.18,0.05,0.02,0.0,1.0,1.0,0.0,1.0,114728.0
0.0,1.0,65.0,5.0,0.0,0.0,0.0,0.0,0.0,0.0,0.0,0.0,0.0,255.0,1.0,1.0,0.0,0.0,0.01,0.06,0.0,255.0,3.0,0.01,0.07,0.0,0.0,1.0,1.0,0.0,1.0,116211.0
0.0,1.0,62.0,5.0,0.0,0.0,0.0,0.0,0.0,0.0,0.0,0.0,0.0,104.0,1.0,1.0,0.0,0.0,0.04,0.07,0.0,255.0,11.0,0.04,0.07,0.0,0.0,1.0,1.0,0.0,1.0,60934.0
0.0,1.0,17.0,5.0,0.0,0.0,0.0,0.0,0.0,0.0,0.0,0.0,0.0,121.0,1.0,1.0,0.0,0.0,0.05,0.07,0.0,255.0,6.0,0.02,0.07,0.0,0.0,1.0,1.0,0.0,1.0,121142.0
0.0,1.0,22.0,4.0,0.0,0.0,0.0,0.0,0.0,0.0,0.0,0.0,0.0,1.0,0.0,0.0,1.0,1.0,1.0,0.0,0.0,128.0,1.0,0.01,0.62,0.62,0.0,0.05,0.0,1.0,1.0,29751.0
0.0,1.0,27.0,5.0,0.0,0.0,0.0,0.0,0.0,0.0,0.0,0.0,0.0,148.0,1.0,1.0,0.0,0.0,0.16,0.05,0.0,255.0,24.0,0.09,0.05,0.0,0.0,1.0,1.0,0.0,1.0,63976.0
0.0,1.0,41.0,1.0,0.0,0.0,0.0,0.0,0.0,0.0,0.0,0.0,0.0,509.0,0.23,0.0,0.76,1.0,0.0,1.0,0.0,255.0,1.0,0.0,1.0,0.0,0.0,0.26,0.0,1.0,1.0,83421.0
0.0,1.0,63.0,5.0,0.0,0.0,0.0,0.0,0.0,0.0,0.0,0.0,0.0,143.0,1.0,1.0,0.0,0.0,0.06,0.08,0.0,255.0,9.0,0.04,0.07,0.0,0.0,1.0,1.0,0.0,1.0,103907.0
0.0,1.0,63.0,5.0,0.0,0.0,0.0,0.0,0.0,0.0,0.0,0.0,0.0,163.0,1.0,1.0,0.0,0.0,0.08,0.07,0.0,255.0,13.0,0.05,0.06,0.0,0.0,1.0,1.0,0.0,1.0,96196.0
0.0,1.0,57.0,5.0,0.0,0.0,0.0,0.0,0.0,0.0,0.0,0.0,0.0,61.0,1.0,1.0,0.0,0.0,0.25,0.07,0.0,255.0,65.0,0.25,0.02,0.01,0.0,1.0,1.0,0.0,1.0,74753.0
0.0,2.0,11.0,9.0,88.0,0.0,0.0,0.0,0.0,0.0,0.0,0.0,0.0,1.0,0.0,0.0,0.0,0.0,1.0,0.0,1.0,255.0,255.0,1.0,0.0,0.11,0.0,0.0,0.0,0.0,0.0,64231.0
0.0,1.0,46.0,5.0,0.0,0.0,0.0,0.0,0.0,0.0,0.0,0.0,0.0,265.0,1.0,1.0,0.0,0.0,0.07,0.06,0.0,255.0,17.0,0.07,0.06,0.0,0.0,1.0,1.0,0.0,1.0,121117.0
0.0,1.0,15.0,5.0,0.0,0.0,0.0,0.0,0.0,0.0,0.0,0.0,0.0,99.0,1.0,1.0,0.0,0.0,0.09,0.06,0.0,255.0,9.0,0.04,0.06,0.0,0.0,1.0,1.0,0.0,1.0,116566.0
0.0,2.0,11.0,9.0,31.0,0.0,0.0,0.0,0.0,0.0,0.0,0.0,0.0,1.0,0.0,0.0,0.0,0.0,1.0,0.0,1.0,44.0,27.0,0.18,0.09,0.18,0.07,0.0,0.0,0.0,0.0,6407.0
0.0,1.0,12.0,5.0,0.0,0.0,0.0,0.0,0.0,0.0,0.0,0.0,0.0,232.0,1.0,1.0,0.0,0.0,0.01,0.06,0.0,255.0,3.0,0.01,0.07,0.0,0.0,1.0,1.0,0.0,1.0,107548.0
0.0,1.0,63.0,5.0,0.0,0.0,0.0,0.0,0.0,0.0,0.0,0.0,0.0,119.0,1.0,1.0,0.0,0.0,0.03,0.07,0.0,255.0,4.0,0.02,0.07,0.0,0.0,1.0,1.0,0.0,1.0,46161.0
0.0,1.0,62.0,5.0,0.0,0.0,0.0,0.0,0.0,0.0,0.0,0.0,0.0,118.0,1.0,1.0,0.0,0.0,0.06,0.06,0.0,255.0,7.0,0.03,0.06,0.0,0.0,1.0,1.0,0.0,1.0,39730.0
0.0,2.0,46.0,9.0,1.0,0.0,0.0,0.0,0.0,0.0,0.0,0.0,0.0,38.0,0.0,0.0,0.0,0.0,0.13,0.11,0.0,255.0,5.0,0.02,0.23,0.97,0.0,0.0,0.0,0.0,1.0,111276.0
0.0,1.0,3.0,5.0,0.0,0.0,0.0,0.0,0.0,0.0,0.0,0.0,0.0,230.0,1.0,1.0,0.0,0.0,0.06,0.07,0.0,255.0,14.0,0.05,0.07,0.0,0.0,1.0,1.0,0.0,1.0,107358.0
0.0,1.0,32.0,1.0,0.0,0.0,0.0,0.0,0.0,0.0,0.0,0.0,0.0,263.0,0.0,0.0,1.0,1.0,0.02,0.06,0.0,255.0,4.0,0.02,0.08,0.0,0.0,0.0,0.0,1.0,1.0,93958.0
0.0,1.0,12.0,5.0,0.0,0.0,0.0,0.0,0.0,0.0,0.0,0.0,0.0,223.0,1.0,1.0,0.0,0.0,0.0,0.05,0.0,255.0,1.0,0.0,0.05,0.0,0.0,1.0,1.0,0.0,1.0,55621.0
0.0,2.0,11.0,9.0,43.0,43.0,0.0,0.0,0.0,0.0,0.0,0.0,0.0,139.0,0.0,0.0,0.0,0.0,1.0,0.0,0.01,255.0,254.0,1.0,0.01,0.0,0.0,0.0,0.0,0.0,0.0,23872.0
0.0,1.0,31.0,5.0,0.0,0.0,0.0,0.0,0.0,0.0,0.0,0.0,0.0,146.0,1.0,1.0,0.0,0.0,0.12,0.06,0.0,255.0,5.0,0.02,0.07,0.0,0.0,1.0,1.0,0.0,1.0,60626.0
0.0,0.0,13.0,9.0,8.0,0.0,0.0,0.0,0.0,0.0,0.0,0.0,0.0,1.0,0.0,0.0,0.0,0.0,1.0,0.0,1.0,1.0,33.0,1.0,0.0,1.0,0.27,0.0,0.0,0.0,1.0,64539.0
1133.0,2.0,41.0,9.0,147.0,105.0,0.0,0.0,0.0,0.0,0.0,0.0,0.0,1.0,0.0,0.0,0.0,0.0,1.0,0.0,0.0,255.0,1.0,0.0,0.84,1.0,0.0,0.0,0.0,0.0,0.0,14452.0
0.0,1.0,21.0,5.0,0.0,0.0,0.0,0.0,0.0,0.0,0.0,0.0,0.0,257.0,1.0,1.0,0.0,0.0,0.08,0.05,0.0,255.0,20.0,0.08,0.05,0.0,0.0,1.0,1.0,0.0,1.0,111436.0
0.0,0.0,13.0,9.0,8.0,0.0,0.0,0.0,0.0,0.0,0.0,0.0,0.0,1.0,0.0,0.0,0.0,0.0,1.0,0.0,1.0,2.0,80.0,1.0,0.0,1.0,0.5,0.0,0.0,0.0,1.0,116400.0
0.0,1.0,63.0,5.0,0.0,0.0,0.0,0.0,0.0,0.0,0.0,0.0,0.0,267.0,1.0,1.0,0.0,0.0,0.05,0.05,0.0,255.0,13.0,0.05,0.05,0.0,0.0,1.0,1.0,0.0,1.0,65506.0
0.0,1.0,46.0,5.0,0.0,0.0,0.0,0.0,0.0,0.0,0.0,0.0,0.0,241.0,1.0,1.0,0.0,0.0,0.01,0.06,0.0,255.0,2.0,0.01,0.08,0.0,0.0,1.0,1.0,0.0,1.0,18125.0
0.0,0.0,13.0,9.0,18.0,0.0,0.0,0.0,0.0,0.0,0.0,0.0,0.0,1.0,0.0,0.0,0.0,0.0,1.0,0.0,0.0,1.0,9.0,1.0,0.0,1.0,0.33,0.0,0.0,0.0,1.0,101946.0
0.0,1.0,5.0,1.0,0.0,0.0,0.0,0.0,0.0,0.0,0.0,0.0,0.0,128.0,0.0,0.0,1.0,1.0,0.04,0.07,0.0,255.0,5.0,0.02,0.07,0.0,0.0,0.0,0.0,1.0,1.0,90011.0
0.0,1.0,46.0,5.0,0.0,0.0,0.0,0.0,0.0,0.0,0.0,0.0,0.0,231.0,1.0,1.0,0.0,0.0,0.04,0.06,0.0,255.0,8.0,0.03,0.06,0.0,0.0,1.0,1.0,0.0,1.0,36933.0
0.0,1.0,22.0,1.0,0.0,0.0,0.0,0.0,0.0,0.0,0.0,0.0,0.0,1.0,0.0,0.0,1.0,1.0,1.0,0.0,0.0,25.0,239.0,1.0,0.0,0.04,0.01,0.0,0.0,0.1,0.0,42329.0
0.0,1.0,33.0,5.0,0.0,0.0,0.0,0.0,0.0,0.0,0.0,0.0,0.0,252.0,1.0,1.0,0.0,0.0,0.0,0.06,0.0,255.0,1.0,0.0,0.08,0.0,0.0,1.0,1.0,0.0,1.0,36298.0
0.0,1.0,33.0,5.0,0.0,0.0,0.0,0.0,0.0,0.0,0.0,0.0,0.0,246.0,1.0,1.0,0.0,0.0,0.01,0.06,0.0,255.0,4.0,0.02,0.07,0.0,0.0,1.0,1.0,0.0,1.0,24699.0
0.0,1.0,46.0,1.0,0.0,0.0,0.0,0.0,0.0,0.0,0.0,0.0,0.0,277.0,0.03,0.0,0.95,1.0,0.0,1.0,0.0,255.0,1.0,0.0,0.97,0.0,0.0,0.04,0.0,1.0,1.0,30914.0
0.0,1.0,46.0,5.0,0.0,0.0,0.0,0.0,0.0,0.0,0.0,0.0,0.0,223.0,1.0,1.0,0.0,0.0,0.02,0.07,0.0,255.0,5.0,0.02,0.04,0.0,0.0,1.0,1.0,0.0,1.0,56526.0
0.0,1.0,55.0,5.0,0.0,0.0,0.0,0.0,0.0,0.0,0.0,0.0,0.0,202.0,1.0,1.0,0.0,0.0,0.05,0.05,0.0,255.0,10.0,0.04,0.05,0.0,0.0,1.0,1.0,0.0,1.0,74382.0
0.0,1.0,57.0,5.0,0.0,0.0,0.0,0.0,0.0,0.0,0.0,0.0,0.0,52.0,1.0,1.0,0.0,0.0,0.23,0.08,0.0,255.0,52.0,0.2,0.03,0.01,0.0,1.0,1.0,0.0,1.0,68207.0
0.0,1.0,7.0,5.0,0.0,0.0,0.0,0.0,0.0,0.0,0.0,0.0,0.0,274.0,1.0,1.0,0.0,0.0,0.01,0.06,0.0,255.0,3.0,0.01,0.07,0.0,0.0,1.0,1.0,0.0,1.0,124732.0
0.0,1.0,46.0,5.0,0.0,0.0,0.0,0.0,0.0,0.0,0.0,0.0,0.0,143.0,1.0,1.0,0.0,0.0,0.12,0.06,0.0,255.0,5.0,0.02,0.06,0.0,0.0,1.0,1.0,0.0,1.0,6980.0
0.0,1.0,46.0,5.0,0.0,0.0,0.0,0.0,0.0,0.0,0.0,0.0,0.0,90.0,1.0,1.0,0.0,0.0,0.22,0.06,0.0,255.0,20.0,0.08,0.06,0.0,0.0,1.0,1.0,0.0,1.0,41559.0
0.0,1.0,4.0,5.0,0.0,0.0,0.0,0.0,0.0,0.0,0.0,0.0,0.0,300.0,1.0,1.0,0.0,0.0,0.07,0.06,0.0,255.0,20.0,0.08,0.06,0.0,0.0,1.0,1.0,0.0,1.0,29756.0
0.0,0.0,61.0,9.0,78.0,0.0,0.0,0.0,0.0,0.0,0.0,0.0,0.0,6.0,0.0,0.0,0.0,0.0,0.17,0.33,0.0,255.0,9.0,0.04,0.01,0.04,0.0,0.0,0.0,0.0,0.0,111255.0
0.0,1.0,46.0,1.0,0.0,0.0,0.0,0.0,0.0,0.0,0.0,0.0,0.0,131.0,0.0,0.0,1.0,1.0,0.11,0.08,0.0,255.0,15.0,0.06,0.07,0.0,0.0,0.0,0.0,1.0,1.0,100872.0
0.0,1.0,52.0,5.0,0.0,0.0,0.0,0.0,0.0,0.0,0.0,0.0,0.0,223.0,1.0,1.0,0.0,0.0,0.05,0.05,0.0,255.0,11.0,0.04,0.06,0.0,0.0,1.0,1.0,0.0,1.0,8379.0
0.0,1.0,46.0,10.0,0.0,0.0,0.0,0.0,0.0,0.0,0.0,0.0,0.0,1.0,1.0,1.0,0.0,0.0,1.0,0.0,0.0,178.0,1.0,0.01,0.94,0.96,0.0,0.96,1.0,0.0,1.0,122047.0
0.0,1.0,18.0,5.0,0.0,0.0,0.0,0.0,0.0,0.0,0.0,0.0,0.0,215.0,1.0,1.0,0.0,0.0,0.04,0.06,0.0,255.0,9.0,0.04,0.08,0.0,0.0,1.0,1.0,0.0,1.0,50999.0
3.0,1.0,46.0,4.0,0.0,0.0,0.0,0.0,0.0,0.0,0.0,0.0,0.0,333.0,0.0,0.0,1.0,1.0,0.01,0.52,0.0,255.0,2.0,0.01,0.52,1.0,0.0,0.0,0.0,1.0,1.0,11305.0
0.0,1.0,46.0,1.0,0.0,0.0,0.0,0.0,0.0,0.0,0.0,0.0,0.0,254.0,0.0,0.0,1.0,1.0,0.06,0.06,0.0,255.0,14.0,0.05,0.07,0.0,0.0,0.0,0.0,1.0,1.0,74128.0
0.0,1.0,63.0,5.0,0.0,0.0,0.0,0.0,0.0,0.0,0.0,0.0,0.0,135.0,1.0,1.0,0.0,0.0,0.04,0.08,0.0,255.0,5.0,0.02,0.07,0.0,0.0,1.0,1.0,0.0,1.0,11929.0
1125.0,2.0,41.0,9.0,146.0,105.0,0.0,0.0,0.0,0.0,0.0,0.0,0.0,1.0,0.0,0.0,0.0,0.0,1.0,0.0,0.0,255.0,2.0,0.01,0.64,0.95,0.0,0.0,0.0,0.0,0.0,3497.0
0.0,1.0,22.0,6.0,0.0,0.0,0.0,0.0,1.0,0.0,0.0,0.0,0.0,1.0,1.0,1.0,0.0,0.0,1.0,0.0,0.0,37.0,255.0,1.0,0.0,0.03,0.08,0.03,0.0,1.0,0.0,31275.0
0.0,1.0,38.0,1.0,0.0,0.0,0.0,0.0,0.0,0.0,0.0,0.0,0.0,107.0,0.0,0.0,1.0,1.0,0.15,0.07,0.0,255.0,16.0,0.06,0.07,0.0,0.0,0.0,0.0,1.0,1.0,7749.0
0.0,1.0,46.0,5.0,0.0,0.0,0.0,0.0,0.0,0.0,0.0,0.0,0.0,43.0,1.0,1.0,0.0,0.0,0.19,0.14,0.0,255.0,17.0,0.07,0.09,0.0,0.0,1.0,1.0,0.0,1.0,87751.0
0.0,1.0,65.0,5.0,0.0,0.0,0.0,0.0,0.0,0.0,0.0,0.0,0.0,208.0,1.0,1.0,0.0,0.0,0.04,0.06,0.0,255.0,13.0,0.05,0.07,0.0,0.0,1.0,1.0,0.0,1.0,2879.0
0.0,1.0,46.0,5.0,0.0,0.0,0.0,0.0,0.0,0.0,0.0,0.0,0.0,146.0,1.0,1.0,0.0,0.0,0.12,0.06,0.0,255.0,35.0,0.14,0.06,0.0,0.0,1.0,1.0,0.0,1.0,23522.0
0.0,1.0,23.0,5.0,0.0,0.0,0.0,0.0,0.0,0.0,0.0,0.0,0.0,101.0,1.0,1.0,0.0,0.0,0.11,0.06,0.0,255.0,11.0,0.04,0.07,0.0,0.0,1.0,1.0,0.0,1.0,24676.0
0.0,1.0,3.0,5.0,0.0,0.0,0.0,0.0,0.0,0.0,0.0,0.0,0.0,140.0,1.0,1.0,0.0,0.0,0.13,0.04,0.0,255.0,18.0,0.07,0.04,0.0,0.0,1.0,1.0,0.0,1.0,69110.0
0.0,1.0,63.0,1.0,0.0,0.0,0.0,0.0,0.0,0.0,0.0,0.0,0.0,148.0,0.0,0.0,1.0,1.0,0.09,0.07,0.0,255.0,14.0,0.05,0.07,0.0,0.0,0.0,0.0,1.0,1.0,105097.0
0.0,1.0,5.0,5.0,0.0,0.0,0.0,0.0,0.0,0.0,0.0,0.0,0.0,118.0,1.0,1.0,0.0,0.0,0.01,0.07,0.0,255.0,1.0,0.0,0.08,0.0,0.0,1.0,1.0,0.0,1.0,26393.0
0.0,0.0,13.0,9.0,8.0,0.0,0.0,0.0,0.0,0.0,0.0,0.0,0.0,1.0,0.0,0.0,0.0,0.0,1.0,0.0,1.0,2.0,22.0,1.0,0.0,1.0,0.5,0.0,0.0,0.0,1.0,120561.0
0.0,1.0,46.0,1.0,0.0,0.0,0.0,0.0,0.0,0.0,0.0,0.0,0.0,260.0,0.1,0.0,0.9,1.0,0.0,1.0,0.0,255.0,1.0,0.0,1.0,0.0,0.0,0.1,0.0,1.0,1.0,65546.0
0.0,1.0,46.0,5.0,0.0,0.0,0.0,0.0,0.0,0.0,0.0,0.0,0.0,277.0,1.0,1.0,0.0,0.0,0.02,0.06,0.0,255.0,1.0,0.0,0.07,0.0,0.0,1.0,1.0,0.0,1.0,3562.0
0.0,1.0,46.0,5.0,0.0,0.0,0.0,0.0,0.0,0.0,0.0,0.0,0.0,108.0,1.0,1.0,0.0,0.0,0.14,0.06,0.0,255.0,9.0,0.04,0.07,0.0,0.0,1.0,1.0,0.0,1.0,32218.0
0.0,0.0,13.0,9.0,8.0,0.0,0.0,0.0,0.0,0.0,0.0,0.0,0.0,1.0,0.0,0.0,0.0,0.0,1.0,0.0,1.0,2.0,146.0,1.0,0.0,1.0,0.25,0.0,0.0,0.0,1.0,115385.0
0.0,1.0,22.0,5.0,0.0,0.0,0.0,0.0,0.0,0.0,0.0,0.0,0.0,9.0,1.0,1.0,0.0,0.0,0.56,0.33,0.0,255.0,12.0,0.05,0.05,0.01,0.0,1.0,1.0,0.0,1.0,1059.0
0.0,1.0,19.0,9.0,12.0,0.0,0.0,0.0,1.0,0.0,0.0,0.0,0.0,1.0,0.0,0.0,0.0,0.0,1.0,0.0,0.0,255.0,11.0,0.04,0.02,0.04,0.0,0.0,0.0,0.0,0.0,62026.0
0.0,0.0,13.0,9.0,18.0,0.0,0.0,0.0,0.0,0.0,0.0,0.0,0.0,1.0,0.0,0.0,0.0,0.0,1.0,0.0,0.0,1.0,193.0,1.0,0.0,1.0,0.25,0.0,0.0,0.0,1.0,12896.0
0.0,1.0,57.0,5.0,0.0,0.0,0.0,0.0,0.0,0.0,0.0,0.0,0.0,40.0,1.0,1.0,0.0,0.0,0.22,0.1,0.0,255.0,49.0,0.19,0.03,0.01,0.0,1.0,1.0,0.0,1.0,12576.0
0.0,0.0,14.0,9.0,1032.0,0.0,0.0,0.0,0.0,0.0,0.0,0.0,0.0,511.0,0.0,0.0,0.0,0.0,1.0,0.0,0.0,255.0,237.0,0.93,0.04,0.93,0.0,0.0,0.0,0.0,1.0,31325.0
0.0,1.0,26.0,5.0,0.0,0.0,0.0,0.0,0.0,0.0,0.0,0.0,0.0,242.0,1.0,1.0,0.0,0.0,0.05,0.06,0.0,255.0,11.0,0.04,0.06,0.0,0.0,1.0,1.0,0.0,1.0,17188.0
0.0,1.0,22.0,5.0,0.0,0.0,0.0,0.0,0.0,0.0,0.0,0.0,0.0,48.0,1.0,1.0,0.0,0.0,0.31,0.08,0.0,255.0,35.0,0.14,0.06,0.0,0.0,1.0,1.0,0.0,1.0,106351.0
0.0,1.0,46.0,1.0,0.0,0.0,0.0,0.0,0.0,0.0,0.0,0.0,0.0,202.0,0.0,0.0,1.0,1.0,0.05,0.07,0.0,255.0,11.0,0.04,0.07,0.0,0.0,0.0,0.0,1.0,1.0,65662.0
0.0,1.0,25.0,5.0,0.0,0.0,0.0,0.0,0.0,0.0,0.0,0.0,0.0,215.0,1.0,1.0,0.0,0.0,0.06,0.07,0.0,255.0,13.0,0.05,0.08,0.0,0.0,1.0,1.0,0.0,1.0,110680.0
0.0,1.0,8.0,5.0,0.0,0.0,0.0,0.0,0.0,0.0,0.0,0.0,0.0,171.0,1.0,1.0,0.0,0.0,0.1,0.06,0.0,255.0,17.0,0.07,0.05,0.0,0.0,1.0,1.0,0.0,1.0,6052.0
0.0,2.0,11.0,9.0,42.0,75.0,0.0,0.0,0.0,0.0,0.0,0.0,0.0,159.0,0.0,0.0,0.0,0.0,1.0,0.0,0.0,255.0,255.0,1.0,0.0,0.0,0.0,0.0,0.0,0.0,0.0,81602.0
0.0,2.0,11.0,9.0,45.0,45.0,0.0,0.0,0.0,0.0,0.0,0.0,0.0,96.0,0.0,0.0,0.0,0.0,1.0,0.0,0.01,255.0,255.0,1.0,0.0,0.01,0.0,0.0,0.0,0.0,0.0,20561.0
0.0,1.0,46.0,5.0,0.0,0.0,0.0,0.0,0.0,0.0,0.0,0.0,0.0,131.0,1.0,1.0,0.0,0.0,0.12,0.05,0.0,255.0,15.0,0.06,0.06,0.0,0.0,1.0,1.0,0.0,1.0,17882.0
0.0,1.0,46.0,5.0,0.0,0.0,0.0,0.0,0.0,0.0,0.0,0.0,0.0,241.0,1.0,1.0,0.0,0.0,0.09,0.05,0.0,102.0,21.0,0.21,0.1,0.01,0.0,0.86,1.0,0.0,1.0,35110.0
0.0,1.0,19.0,9.0,334.0,0.0,0.0,0.0,1.0,0.0,0.0,0.0,0.0,2.0,0.0,0.0,0.0,0.0,1.0,0.0,0.0,12.0,47.0,1.0,0.0,1.0,0.11,0.0,0.0,0.0,1.0,122784.0
0.0,1.0,46.0,10.0,0.0,0.0,0.0,0.0,0.0,0.0,0.0,0.0,0.0,1.0,1.0,1.0,0.0,0.0,1.0,0.0,0.0,18.0,1.0,0.06,0.72,0.56,0.0,0.56,1.0,0.0,1.0,20538.0
0.0,1.0,46.0,1.0,0.0,0.0,0.0,0.0,0.0,0.0,0.0,0.0,0.0,78.0,0.0,0.0,1.0,1.0,0.21,0.06,0.0,255.0,12.0,0.05,0.07,0.0,0.0,0.0,0.0,1.0,1.0,23400.0
0.0,2.0,11.0,9.0,44.0,70.0,0.0,0.0,0.0,0.0,0.0,0.0,0.0,171.0,0.0,0.0,0.0,0.0,1.0,0.0,0.0,255.0,194.0,0.76,0.01,0.0,0.0,0.0,0.0,0.0,0.0,29883.0
0.0,1.0,46.0,5.0,0.0,0.0,0.0,0.0,0.0,0.0,0.0,0.0,0.0,142.0,1.0,1.0,0.0,0.0,0.07,0.06,0.0,255.0,12.0,0.05,0.06,0.0,0.0,1.0,1.0,0.0,1.0,64993.0
0.0,1.0,46.0,5.0,0.0,0.0,0.0,0.0,0.0,0.0,0.0,0.0,0.0,261.0,1.0,1.0,0.0,0.0,0.02,0.07,0.0,255.0,4.0,0.02,0.09,0.0,0.0,1.0,1.0,0.0,1.0,90106.0
0.0,1.0,46.0,5.0,0.0,0.0,0.0,0.0,0.0,0.0,0.0,0.0,0.0,128.0,1.0,1.0,0.0,0.0,0.14,0.05,0.0,255.0,3.0,0.01,0.06,0.0,0.0,1.0,1.0,0.0,1.0,16714.0
0.0,0.0,14.0,9.0,1032.0,0.0,0.0,0.0,0.0,0.0,0.0,0.0,0.0,510.0,0.0,0.0,0.0,0.0,1.0,0.0,0.0,255.0,246.0,0.96,0.01,0.96,0.0,0.0,0.0,0.0,1.0,4992.0
0.0,1.0,46.0,1.0,0.0,0.0,0.0,0.0,0.0,0.0,0.0,0.0,0.0,1.0,0.0,0.0,1.0,1.0,1.0,0.0,0.0,255.0,1.0,0.0,0.54,0.49,0.0,0.04,0.0,1.0,1.0,4340.0
1609.0,2.0,41.0,9.0,146.0,105.0,0.0,0.0,0.0,0.0,0.0,0.0,0.0,1.0,0.0,0.0,0.0,0.0,1.0,0.0,0.0,255.0,1.0,0.0,0.63,0.96,0.0,0.0,0.0,0.0,0.0,74499.0
0.0,1.0,20.0,5.0,0.0,0.0,0.0,0.0,0.0,0.0,0.0,0.0,0.0,283.0,1.0,1.0,0.0,0.0,0.07,0.06,0.0,255.0,19.0,0.07,0.08,0.0,0.0,1.0,1.0,0.0,1.0,121029.0
0.0,1.0,59.0,5.0,0.0,0.0,0.0,0.0,0.0,0.0,0.0,0.0,0.0,261.0,1.0,1.0,0.0,0.0,0.03,0.05,0.0,255.0,8.0,0.03,0.05,0.0,0.0,1.0,1.0,0.0,1.0,36746.0
0.0,1.0,22.0,1.0,0.0,0.0,0.0,0.0,0.0,0.0,0.0,0.0,0.0,1.0,0.0,0.0,1.0,1.0,1.0,0.0,1.0,12.0,100.0,1.0,0.0,0.08,0.02,0.0,0.0,1.0,0.0,18845.0
0.0,1.0,29.0,5.0,0.0,0.0,0.0,0.0,0.0,0.0,0.0,0.0,0.0,48.0,1.0,1.0,0.0,0.0,0.17,0.12,0.0,255.0,8.0,0.03,0.09,0.0,0.0,1.0,1.0,0.0,1.0,12981.0
36375.0,1.0,46.0,4.0,1.0,0.0,0.0,0.0,0.0,0.0,0.0,0.0,0.0,2.0,0.0,0.0,1.0,1.0,1.0,0.0,0.0,255.0,2.0,0.01,0.5,1.0,0.0,0.0,0.0,1.0,1.0,86495.0
0.0,0.0,13.0,9.0,8.0,0.0,0.0,0.0,0.0,0.0,0.0,0.0,0.0,1.0,0.0,0.0,0.0,0.0,1.0,0.0,1.0,1.0,129.0,1.0,0.0,1.0,0.51,0.0,0.0,0.0,1.0,1157.0
0.0,1.0,39.0,5.0,0.0,0.0,0.0,0.0,0.0,0.0,0.0,0.0,0.0,202.0,1.0,1.0,0.0,0.0,0.01,0.06,0.0,255.0,15.0,0.06,0.07,0.0,0.0,1.0,1.0,0.0,1.0,15839.0
0.0,0.0,14.0,9.0,520.0,0.0,0.0,0.0,0.0,0.0,0.0,0.0,0.0,480.0,0.0,0.0,0.0,0.0,1.0,0.0,0.0,71.0,71.0,1.0,0.0,1.0,0.0,0.0,0.0,0.0,1.0,41220.0
0.0,1.0,37.0,5.0,0.0,0.0,0.0,0.0,0.0,0.0,0.0,0.0,0.0,126.0,1.0,1.0,0.0,0.0,0.04,0.06,0.0,255.0,5.0,0.02,0.06,0.0,0.0,1.0,1.0,0.0,1.0,110101.0
0.0,1.0,26.0,5.0,0.0,0.0,0.0,0.0,0.0,0.0,0.0,0.0,0.0,249.0,1.0,1.0,0.0,0.0,0.05,0.06,0.0,255.0,12.0,0.05,0.06,0.0,0.0,1.0,1.0,0.0,1.0,78270.0
0.0,1.0,25.0,5.0,0.0,0.0,0.0,0.0,0.0,0.0,0.0,0.0,0.0,259.0,1.0,1.0,0.0,0.0,0.03,0.06,0.0,255.0,2.0,0.01,0.06,0.0,0.0,1.0,1.0,0.0,1.0,112685.0
0.0,1.0,46.0,5.0,0.0,0.0,0.0,0.0,0.0,0.0,0.0,0.0,0.0,211.0,1.0,1.0,0.0,0.0,0.06,0.06,0.0,255.0,16.0,0.06,0.07,0.0,0.0,1.0,1.0,0.0,1.0,97812.0
0.0,1.0,46.0,5.0,0.0,0.0,0.0,0.0,0.0,0.0,0.0,0.0,0.0,239.0,1.0,1.0,0.0,0.0,0.08,0.04,0.0,99.0,20.0,0.2,0.08,0.01,0.0,0.98,1.0,0.0,1.0,81627.0
0.0,0.0,13.0,9.0,30.0,0.0,0.0,0.0,0.0,0.0,0.0,0.0,0.0,2.0,0.0,0.0,0.0,0.0,0.5,1.0,0.0,255.0,4.0,0.02,0.01,0.03,0.0,0.0,0.0,0.0,0.0,40133.0
0.0,1.0,41.0,5.0,0.0,0.0,0.0,0.0,0.0,0.0,0.0,0.0,0.0,509.0,0.2,1.0,0.79,0.0,0.0,1.0,0.0,255.0,1.0,0.0,1.0,0.0,0.0,0.15,1.0,0.0,1.0,95149.0
0.0,1.0,41.0,1.0,0.0,0.0,0.0,0.0,0.0,0.0,0.0,0.0,0.0,347.0,0.06,0.0,0.9,1.0,0.0,1.0,0.0,255.0,1.0,0.0,1.0,0.0,0.0,0.08,0.0,1.0,1.0,102687.0
0.0,1.0,46.0,5.0,0.0,0.0,0.0,0.0,0.0,0.0,0.0,0.0,0.0,129.0,1.0,1.0,0.0,0.0,0.01,0.06,0.0,255.0,7.0,0.03,0.07,0.0,0.0,1.0,1.0,0.0,1.0,66058.0
0.0,1.0,46.0,5.0,0.0,0.0,0.0,0.0,0.0,0.0,0.0,0.0,0.0,1.0,1.0,1.0,0.0,0.0,1.0,0.0,0.0,255.0,1.0,0.0,1.0,1.0,0.0,0.01,1.0,0.0,1.0,12441.0
0.0,1.0,8.0,5.0,0.0,0.0,0.0,0.0,0.0,0.0,0.0,0.0,0.0,210.0,1.0,1.0,0.0,0.0,0.05,0.06,0.0,255.0,17.0,0.07,0.07,0.0,0.0,1.0,1.0,0.0,1.0,119282.0
0.0,2.0,11.0,9.0,43.0,73.0,0.0,0.0,0.0,0.0,0.0,0.0,0.0,145.0,0.0,0.0,0.0,0.0,1.0,0.0,0.02,255.0,230.0,0.9,0.01,0.01,0.0,0.0,0.0,0.0,0.0,93519.0
0.0,1.0,41.0,1.0,0.0,0.0,0.0,0.0,0.0,0.0,0.0,0.0,0.0,509.0,0.1,0.0,0.89,1.0,0.0,1.0,0.0,255.0,1.0,0.0,1.0,0.0,0.0,0.18,0.0,1.0,1.0,109024.0
0.0,2.0,11.0,9.0,36.0,101.0,0.0,0.0,0.0,0.0,0.0,0.0,0.0,2.0,0.0,0.0,0.0,0.0,1.0,0.0,0.0,183.0,104.0,0.57,0.03,0.01,0.0,0.0,0.0,0.0,0.0,110749.0
2474.0,2.0,41.0,9.0,147.0,105.0,0.0,0.0,0.0,0.0,0.0,0.0,0.0,1.0,0.0,0.0,0.0,0.0,1.0,0.0,0.0,255.0,1.0,0.0,0.83,1.0,0.0,0.0,0.0,0.0,0.0,96350.0
0.0,1.0,9.0,5.0,0.0,0.0,0.0,0.0,0.0,0.0,0.0,0.0,0.0,216.0,1.0,1.0,0.0,0.0,0.0,0.06,0.0,255.0,1.0,0.0,0.07,0.0,0.0,1.0,1.0,0.0,1.0,66527.0
0.0,2.0,11.0,9.0,43.0,75.0,0.0,0.0,0.0,0.0,0.0,0.0,0.0,144.0,0.0,0.0,0.0,0.0,1.0,0.0,0.0,255.0,254.0,1.0,0.01,0.0,0.0,0.0,0.0,0.0,0.0,59869.0
0.0,1.0,46.0,1.0,0.0,0.0,0.0,0.0,0.0,0.0,0.0,0.0,0.0,1.0,0.0,0.0,1.0,1.0,1.0,0.0,0.0,50.0,1.0,0.02,1.0,0.02,0.0,0.0,0.0,1.0,1.0,60624.0
0.0,1.0,46.0,5.0,0.0,0.0,0.0,0.0,0.0,0.0,0.0,0.0,0.0,280.0,1.0,1.0,0.0,0.0,0.06,0.06,0.0,255.0,20.0,0.08,0.08,0.0,0.0,1.0,1.0,0.0,1.0,82837.0
0.0,1.0,12.0,5.0,0.0,0.0,0.0,0.0,0.0,0.0,0.0,0.0,0.0,277.0,1.0,1.0,0.0,0.0,0.04,0.05,0.0,255.0,8.0,0.03,0.07,0.0,0.0,1.0,1.0,0.0,1.0,28990.0
0.0,1.0,52.0,5.0,0.0,0.0,0.0,0.0,0.0,0.0,0.0,0.0,0.0,269.0,1.0,1.0,0.0,0.0,0.04,0.06,0.0,255.0,12.0,0.05,0.07,0.0,0.0,1.0,1.0,0.0,1.0,116798.0
0.0,1.0,15.0,5.0,0.0,0.0,0.0,0.0,0.0,0.0,0.0,0.0,0.0,146.0,1.0,1.0,0.0,0.0,0.15,0.05,0.0,255.0,22.0,0.09,0.05,0.0,0.0,1.0,1.0,0.0,1.0,60070.0
0.0,1.0,29.0,1.0,0.0,0.0,0.0,0.0,0.0,0.0,0.0,0.0,0.0,135.0,0.0,0.0,1.0,1.0,0.04,0.06,0.0,255.0,1.0,0.0,0.07,0.0,0.0,0.0,0.0,1.0,1.0,131.0
0.0,1.0,46.0,5.0,0.0,0.0,0.0,0.0,0.0,0.0,0.0,0.0,0.0,74.0,1.0,1.0,0.0,0.0,0.3,0.05,0.0,255.0,22.0,0.09,0.05,0.0,0.0,1.0,1.0,0.0,1.0,38426.0
0.0,1.0,34.0,5.0,0.0,0.0,0.0,0.0,0.0,0.0,0.0,0.0,0.0,242.0,1.0,1.0,0.0,0.0,0.02,0.07,0.0,255.0,4.0,0.02,0.07,0.0,0.0,1.0,1.0,0.0,1.0,54800.0
0.0,1.0,16.0,5.0,0.0,0.0,0.0,0.0,0.0,0.0,0.0,0.0,0.0,60.0,1.0,1.0,0.0,0.0,0.27,0.07,0.0,255.0,16.0,0.06,0.05,0.0,0.0,1.0,1.0,0.0,1.0,42540.0
0.0,1.0,46.0,5.0,0.0,0.0,0.0,0.0,0.0,0.0,0.0,0.0,0.0,138.0,1.0,1.0,0.0,0.0,0.07,0.06,0.0,255.0,7.0,0.03,0.07,0.01,0.0,1.0,1.0,0.0,1.0,7775.0
0.0,1.0,3.0,5.0,0.0,0.0,0.0,0.0,0.0,0.0,0.0,0.0,0.0,299.0,1.0,1.0,0.0,0.0,0.04,0.05,0.0,255.0,2.0,0.01,0.08,0.0,0.0,1.0,1.0,0.0,1.0,82825.0
0.0,1.0,46.0,5.0,0.0,0.0,0.0,0.0,0.0,0.0,0.0,0.0,0.0,252.0,1.0,1.0,0.0,0.0,0.02,0.06,0.0,255.0,14.0,0.05,0.07,0.0,0.0,1.0,1.0,0.0,1.0,68198.0
0.0,1.0,22.0,5.0,0.0,0.0,0.0,0.0,0.0,0.0,0.0,0.0,0.0,64.0,1.0,1.0,0.0,0.0,0.3,0.06,0.0,255.0,42.0,0.16,0.04,0.0,0.0,1.0,1.0,0.0,1.0,10951.0
0.0,2.0,11.0,9.0,45.0,79.0,0.0,0.0,0.0,0.0,0.0,0.0,0.0,146.0,0.0,0.0,0.0,0.0,1.0,0.0,0.0,255.0,254.0,1.0,0.01,0.0,0.0,0.0,0.0,0.0,0.0,36925.0
0.0,2.0,46.0,9.0,1.0,0.0,0.0,0.0,0.0,0.0,0.0,0.0,0.0,18.0,0.0,0.0,0.0,0.0,1.0,0.0,0.0,86.0,18.0,0.21,0.06,0.24,0.0,0.0,0.0,0.0,1.0,50470.0
0.0,1.0,19.0,5.0,0.0,0.0,0.0,0.0,0.0,0.0,0.0,0.0,0.0,236.0,1.0,1.0,0.0,0.0,0.04,0.06,0.0,255.0,10.0,0.04,0.07,0.0,0.0,1.0,1.0,0.0,1.0,117632.0
0.0,0.0,14.0,9.0,1032.0,0.0,0.0,0.0,0.0,0.0,0.0,0.0,0.0,511.0,0.0,0.0,0.0,0.0,1.0,0.0,0.0,255.0,104.0,0.41,0.02,0.41,0.0,0.02,0.0,0.0,1.0,24264.0
0.0,1.0,9.0,4.0,0.0,0.0,0.0,0.0,0.0,0.0,0.0,0.0,0.0,1.0,0.0,0.0,1.0,1.0,1.0,0.0,0.0,57.0,1.0,0.02,0.21,0.16,0.0,0.11,0.0,1.0,1.0,88390.0
0.0,1.0,46.0,1.0,0.0,0.0,0.0,0.0,0.0,0.0,0.0,0.0,0.0,97.0,0.01,0.0,0.91,1.0,0.01,1.0,0.0,255.0,1.0,0.0,0.4,0.0,0.0,0.0,0.0,1.0,1.0,48113.0
0.0,1.0,46.0,5.0,0.0,0.0,0.0,0.0,0.0,0.0,0.0,0.0,0.0,115.0,1.0,1.0,0.0,0.0,0.07,0.07,0.0,255.0,5.0,0.02,0.07,0.0,0.0,1.0,1.0,0.0,1.0,29044.0
0.0,1.0,46.0,5.0,0.0,0.0,0.0,0.0,0.0,0.0,0.0,0.0,0.0,267.0,1.0,1.0,0.0,0.0,0.01,0.06,0.0,255.0,2.0,0.01,0.06,0.0,0.0,1.0,1.0,0.0,1.0,26148.0
0.0,1.0,30.0,5.0,0.0,0.0,0.0,0.0,0.0,0.0,0.0,0.0,0.0,188.0,1.0,1.0,0.0,0.0,0.08,0.06,0.0,255.0,17.0,0.07,0.07,0.0,0.0,1.0,1.0,0.0,1.0,36602.0
0.0,2.0,11.0,9.0,43.0,72.0,0.0,0.0,0.0,0.0,0.0,0.0,0.0,168.0,0.0,0.0,0.0,0.0,0.99,0.01,0.0,255.0,254.0,1.0,0.01,0.01,0.0,0.0,0.0,0.0,0.0,11462.0
0.0,1.0,57.0,2.0,0.0,0.0,0.0,0.0,0.0,0.0,0.0,0.0,0.0,299.0,0.0,0.0,1.0,1.0,0.07,0.06,0.0,255.0,20.0,0.08,0.07,0.0,0.0,0.0,0.0,1.0,1.0,105122.0
0.0,1.0,46.0,4.0,0.0,0.0,0.0,0.0,0.0,0.0,0.0,0.0,0.0,1.0,0.0,0.0,1.0,1.0,1.0,0.0,0.0,169.0,1.0,0.01,0.04,0.01,0.0,0.0,0.0,1.0,1.0,120248.0
0.0,2.0,11.0,9.0,44.0,44.0,0.0,0.0,0.0,0.0,0.0,0.0,0.0,124.0,0.0,0.0,0.0,0.0,1.0,0.0,0.02,255.0,228.0,0.89,0.01,0.0,0.0,0.0,0.0,0.0,0.0,115198.0
0.0,1.0,16.0,5.0,0.0,0.0,0.0,0.0,0.0,0.0,0.0,0.0,0.0,117.0,1.0,1.0,0.0,0.0,0.04,0.06,0.0,255.0,14.0,0.05,0.06,0.0,0.0,1.0,1.0,0.0,1.0,70995.0
0.0,1.0,8.0,5.0,0.0,0.0,0.0,0.0,0.0,0.0,0.0,0.0,0.0,256.0,1.0,1.0,0.0,0.0,0.02,0.06,0.0,255.0,4.0,0.02,0.05,0.0,0.0,1.0,1.0,0.0,1.0,844.0
0.0,1.0,46.0,1.0,0.0,0.0,0.0,0.0,0.0,0.0,0.0,0.0,0.0,110.0,0.0,0.0,1.0,1.0,0.1,0.06,0.0,255.0,1.0,0.0,0.07,0.0,0.0,0.0,0.0,1.0,1.0,118978.0
0.0,0.0,13.0,9.0,18.0,0.0,0.0,0.0,0.0,0.0,0.0,0.0,0.0,1.0,0.0,0.0,0.0,0.0,1.0,0.0,1.0,4.0,224.0,1.0,0.0,1.0,0.25,0.0,0.0,0.0,1.0,39104.0
0.0,0.0,13.0,9.0,8.0,0.0,0.0,0.0,0.0,0.0,0.0,0.0,0.0,1.0,0.0,0.0,0.0,0.0,1.0,0.0,1.0,2.0,61.0,1.0,0.0,1.0,0.51,0.0,0.0,0.0,1.0,83407.0
0.0,0.0,14.0,9.0,1032.0,0.0,0.0,0.0,0.0,0.0,0.0,0.0,0.0,511.0,0.0,0.0,0.0,0.0,1.0,0.0,0.0,255.0,120.0,0.47,0.01,0.47,0.0,0.0,0.0,0.0,1.0,3232.0
15168.0,1.0,18.0,9.0,365.0,1202.0,0.0,5.0,1.0,0.0,0.0,0.0,0.0,1.0,0.0,0.0,0.0,0.0,1.0,0.0,0.0,255.0,3.0,0.01,0.02,0.0,0.0,0.21,0.0,0.0,0.0,14473.0
0.0,1.0,46.0,1.0,0.0,0.0,0.0,0.0,0.0,0.0,0.0,0.0,0.0,76.0,0.0,0.0,1.0,1.0,0.2,0.07,0.0,255.0,5.0,0.02,0.06,0.0,0.0,0.0,0.0,1.0,1.0,35964.0
0.0,1.0,8.0,5.0,0.0,0.0,0.0,0.0,0.0,0.0,0.0,0.0,0.0,217.0,1.0,1.0,0.0,0.0,0.0,0.06,0.0,255.0,1.0,0.0,0.06,0.0,0.0,1.0,1.0,0.0,1.0,51686.0
0.0,2.0,41.0,9.0,1.0,0.0,0.0,0.0,0.0,0.0,0.0,0.0,0.0,9.0,0.0,0.0,0.0,0.0,0.22,0.44,0.0,255.0,2.0,0.01,0.24,1.0,0.0,0.0,0.0,0.0,1.0,86882.0
0.0,1.0,7.0,5.0,0.0,0.0,0.0,0.0,0.0,0.0,0.0,0.0,0.0,182.0,1.0,1.0,0.0,0.0,0.05,0.06,0.0,255.0,10.0,0.04,0.05,0.0,0.0,1.0,1.0,0.0,1.0,24703.0
0.0,1.0,19.0,9.0,37.0,0.0,0.0,0.0,1.0,0.0,0.0,0.0,0.0,2.0,0.0,0.0,0.0,0.0,1.0,0.0,0.0,124.0,17.0,0.06,0.05,0.06,0.12,0.01,0.0,0.0,0.0,102978.0
0.0,1.0,46.0,1.0,0.0,0.0,0.0,0.0,0.0,0.0,0.0,0.0,0.0,2.0,0.0,0.0,1.0,1.0,0.5,1.0,0.0,255.0,1.0,0.0,1.0,0.99,0.0,0.0,0.0,1.0,1.0,92561.0
0.0,1.0,65.0,5.0,0.0,0.0,0.0,0.0,0.0,0.0,0.0,0.0,0.0,206.0,1.0,1.0,0.0,0.0,0.03,0.06,0.0,255.0,6.0,0.02,0.07,0.0,0.0,1.0,1.0,0.0,1.0,99064.0
0.0,1.0,46.0,5.0,0.0,0.0,0.0,0.0,0.0,0.0,0.0,0.0,0.0,148.0,1.0,1.0,0.0,0.0,0.06,0.05,0.0,99.0,9.0,0.09,0.07,0.01,0.0,1.0,1.0,0.0,1.0,18512.0
0.0,0.0,13.0,9.0,8.0,0.0,0.0,0.0,0.0,0.0,0.0,0.0,0.0,1.0,0.0,0.0,0.0,0.0,1.0,0.0,1.0,2.0,76.0,1.0,0.0,1.0,0.5,0.0,0.0,0.0,1.0,7027.0
0.0,1.0,41.0,1.0,0.0,0.0,0.0,0.0,0.0,0.0,0.0,0.0,0.0,511.0,0.08,0.0,0.91,1.0,0.0,0.95,0.0,255.0,1.0,0.0,0.91,0.0,0.0,0.08,0.0,1.0,1.0,104362.0
0.0,1.0,25.0,5.0,0.0,0.0,0.0,0.0,0.0,0.0,0.0,0.0,0.0,247.0,1.0,1.0,0.0,0.0,0.07,0.06,0.0,255.0,19.0,0.07,0.07,0.0,0.0,1.0,1.0,0.0,1.0,109541.0
0.0,1.0,46.0,5.0,0.0,0.0,0.0,0.0,0.0,0.0,0.0,0.0,0.0,216.0,1.0,1.0,0.0,0.0,0.05,0.07,0.0,255.0,10.0,0.04,0.08,0.0,0.0,1.0,1.0,0.0,1.0,87083.0
0.0,1.0,41.0,1.0,0.0,0.0,0.0,0.0,0.0,0.0,0.0,0.0,0.0,511.0,0.14,0.0,0.86,1.0,0.0,1.0,0.0,255.0,1.0,0.0,1.0,0.0,0.0,0.14,0.0,1.0,1.0,77476.0
0.0,1.0,46.0,4.0,0.0,0.0,0.0,0.0,0.0,0.0,0.0,0.0,0.0,1.0,0.0,0.0,1.0,1.0,1.0,0.0,0.0,100.0,1.0,0.01,0.06,0.02,0.0,0.0,0.0,1.0,1.0,69552.0
6326.0,2.0,41.0,9.0,147.0,105.0,0.0,0.0,0.0,0.0,0.0,0.0,0.0,1.0,0.0,0.0,0.0,0.0,1.0,0.0,0.0,255.0,1.0,0.0,0.63,0.89,0.0,0.0,0.0,0.0,0.0,92792.0
0.0,1.0,36.0,5.0,0.0,0.0,0.0,0.0,0.0,0.0,0.0,0.0,0.0,296.0,1.0,1.0,0.0,0.0,0.06,0.05,0.0,255.0,11.0,0.04,0.06,0.0,0.0,1.0,1.0,0.0,1.0,60185.0
0.0,1.0,46.0,5.0,0.0,0.0,0.0,0.0,0.0,0.0,0.0,0.0,0.0,121.0,1.0,1.0,0.0,0.0,0.16,0.06,0.0,255.0,19.0,0.07,0.07,0.0,0.0,1.0,1.0,0.0,1.0,35804.0
0.0,1.0,46.0,5.0,0.0,0.0,0.0,0.0,0.0,0.0,0.0,0.0,0.0,279.0,1.0,1.0,0.0,0.0,0.05,0.06,0.0,255.0,16.0,0.06,0.08,0.0,0.0,1.0,1.0,0.0,1.0,104868.0
0.0,1.0,46.0,5.0,0.0,0.0,0.0,0.0,0.0,0.0,0.0,0.0,0.0,208.0,1.0,1.0,0.0,0.0,0.01,0.05,0.0,255.0,2.0,0.01,0.05,0.0,0.0,1.0,1.0,0.0,1.0,71226.0
0.0,1.0,31.0,5.0,0.0,0.0,0.0,0.0,0.0,0.0,0.0,0.0,0.0,107.0,1.0,1.0,0.0,0.0,0.21,0.05,0.0,255.0,23.0,0.09,0.04,0.0,0.0,1.0,1.0,0.0,1.0,4106.0
0.0,1.0,46.0,5.0,0.0,0.0,0.0,0.0,0.0,0.0,0.0,0.0,0.0,116.0,1.0,1.0,0.0,0.0,0.08,0.06,0.0,255.0,14.0,0.05,0.07,0.0,0.0,1.0,1.0,0.0,1.0,12369.0
37983.0,1.0,46.0,4.0,1.0,0.0,0.0,0.0,0.0,0.0,0.0,0.0,0.0,2.0,0.0,0.0,1.0,1.0,1.0,0.0,0.0,255.0,2.0,0.01,0.5,1.0,0.0,0.0,0.0,1.0,1.0,75910.0
0.0,1.0,8.0,2.0,0.0,0.0,0.0,0.0,0.0,0.0,0.0,0.0,0.0,256.0,0.0,0.0,1.0,1.0,0.04,0.06,0.0,255.0,9.0,0.04,0.06,0.0,0.0,0.0,0.0,1.0,1.0,57788.0
0.0,2.0,11.0,9.0,45.0,45.0,0.0,0.0,0.0,0.0,0.0,0.0,0.0,122.0,0.0,0.0,0.0,0.0,1.0,0.0,0.0,255.0,205.0,0.8,0.01,0.01,0.0,0.0,0.0,0.0,0.0,100847.0
0.0,1.0,26.0,5.0,0.0,0.0,0.0,0.0,0.0,0.0,0.0,0.0,0.0,220.0,1.0,1.0,0.0,0.0,0.08,0.05,0.0,255.0,17.0,0.07,0.06,0.0,0.0,1.0,1.0,0.0,1.0,20903.0
0.0,1.0,22.0,1.0,0.0,0.0,0.0,0.0,0.0,0.0,0.0,0.0,0.0,13.0,0.0,0.0,0.69,0.69,1.0,0.0,0.0,31.0,111.0,1.0,0.0,0.03,0.18,0.0,0.0,0.96,0.0,107215.0
0.0,1.0,17.0,2.0,0.0,0.0,0.0,0.0,0.0,0.0,0.0,0.0,0.0,259.0,0.0,0.0,1.0,1.0,0.02,0.07,0.0,255.0,5.0,0.02,0.08,0.0,0.0,0.0,0.0,1.0,1.0,64831.0
0.0,1.0,38.0,5.0,0.0,0.0,0.0,0.0,0.0,0.0,0.0,0.0,0.0,128.0,1.0,1.0,0.0,0.0,0.08,0.05,0.0,255.0,14.0,0.05,0.06,0.0,0.0,1.0,1.0,0.0,1.0,70132.0
0.0,1.0,46.0,1.0,0.0,0.0,0.0,0.0,0.0,0.0,0.0,0.0,0.0,123.0,0.0,0.0,1.0,1.0,0.07,0.07,0.0,255.0,28.0,0.11,0.06,0.0,0.0,0.0,0.0,1.0,1.0,7458.0
0.0,1.0,17.0,5.0,0.0,0.0,0.0,0.0,0.0,0.0,0.0,0.0,0.0,285.0,1.0,1.0,0.0,0.0,0.07,0.06,0.0,255.0,19.0,0.07,0.06,0.0,0.0,1.0,1.0,0.0,1.0,93284.0
31541.0,1.0,46.0,4.0,1.0,0.0,0.0,0.0,0.0,0.0,0.0,0.0,0.0,2.0,0.0,0.0,1.0,1.0,1.0,0.0,0.0,255.0,2.0,0.01,0.82,1.0,0.0,0.0,0.0,1.0,1.0,81093.0
0.0,1.0,3.0,5.0,0.0,0.0,0.0,0.0,0.0,0.0,0.0,0.0,0.0,224.0,1.0,1.0,0.0,0.0,0.08,0.06,0.0,255.0,18.0,0.07,0.06,0.0,0.0,1.0,1.0,0.0,1.0,107600.0
0.0,1.0,5.0,5.0,0.0,0.0,0.0,0.0,0.0,0.0,0.0,0.0,0.0,110.0,1.0,1.0,0.0,0.0,0.13,0.05,0.0,255.0,14.0,0.05,0.06,0.0,0.0,1.0,1.0,0.0,1.0,19169.0
0.0,1.0,46.0,5.0,0.0,0.0,0.0,0.0,0.0,0.0,0.0,0.0,0.0,103.0,1.0,1.0,0.0,0.0,0.03,0.07,0.0,255.0,11.0,0.04,0.06,0.0,0.0,1.0,1.0,0.0,1.0,120820.0
0.0,0.0,14.0,9.0,1032.0,0.0,0.0,0.0,0.0,0.0,0.0,0.0,0.0,236.0,0.0,0.0,0.0,0.0,1.0,0.0,0.0,255.0,7.0,0.03,0.26,0.03,0.0,0.0,0.0,0.0,1.0,80904.0
0.0,0.0,13.0,9.0,8.0,0.0,0.0,0.0,0.0,0.0,0.0,0.0,0.0,1.0,0.0,0.0,0.0,0.0,1.0,0.0,1.0,1.0,81.0,1.0,0.0,1.0,0.51,0.0,0.0,0.0,1.0,78607.0
0.0,1.0,17.0,5.0,0.0,0.0,0.0,0.0,0.0,0.0,0.0,0.0,0.0,34.0,1.0,1.0,0.0,0.0,0.32,0.09,0.0,255.0,62.0,0.24,0.02,0.0,0.0,1.0,1.0,0.0,1.0,38246.0
0.0,1.0,18.0,5.0,0.0,0.0,0.0,0.0,0.0,0.0,0.0,0.0,0.0,234.0,1.0,1.0,0.0,0.0,0.04,0.06,0.0,255.0,9.0,0.04,0.07,0.0,0.0,1.0,1.0,0.0,1.0,117400.0
0.0,1.0,22.0,1.0,0.0,0.0,0.0,0.0,0.0,0.0,0.0,0.0,0.0,1.0,0.0,0.0,1.0,0.12,1.0,0.0,0.25,43.0,219.0,1.0,0.0,0.02,0.18,0.0,0.0,1.0,0.0,68409.0
0.0,1.0,65.0,5.0,0.0,0.0,0.0,0.0,0.0,0.0,0.0,0.0,0.0,235.0,1.0,1.0,0.0,0.0,0.08,0.06,0.0,255.0,19.0,0.07,0.07,0.0,0.0,1.0,1.0,0.0,1.0,105402.0
0.0,1.0,46.0,5.0,0.0,0.0,0.0,0.0,0.0,0.0,0.0,0.0,0.0,260.0,1.0,1.0,0.0,0.0,0.01,0.06,0.0,255.0,18.0,0.07,0.07,0.0,0.0,1.0,1.0,0.0,1.0,124128.0
0.0,1.0,17.0,5.0,0.0,0.0,0.0,0.0,0.0,0.0,0.0,0.0,0.0,198.0,1.0,1.0,0.0,0.0,0.06,0.08,0.0,255.0,12.0,0.05,0.08,0.0,0.0,1.0,1.0,0.0,1.0,65875.0
0.0,1.0,36.0,5.0,0.0,0.0,0.0,0.0,0.0,0.0,0.0,0.0,0.0,287.0,1.0,1.0,0.0,0.0,0.02,0.06,0.0,255.0,11.0,0.04,0.08,0.0,0.0,1.0,1.0,0.0,1.0,112148.0
0.0,1.0,46.0,5.0,0.0,0.0,0.0,0.0,0.0,0.0,0.0,0.0,0.0,101.0,1.0,1.0,0.0,0.0,0.07,0.06,0.0,255.0,18.0,0.07,0.06,0.0,0.0,1.0,1.0,0.0,1.0,67862.0
0.0,1.0,5.0,5.0,0.0,0.0,0.0,0.0,0.0,0.0,0.0,0.0,0.0,126.0,1.0,1.0,0.0,0.0,0.02,0.06,0.0,255.0,2.0,0.01,0.07,0.0,0.0,1.0,1.0,0.0,1.0,77126.0
0.0,1.0,5.0,5.0,0.0,0.0,0.0,0.0,0.0,0.0,0.0,0.0,0.0,140.0,1.0,1.0,0.0,0.0,0.07,0.06,0.0,255.0,3.0,0.01,0.07,0.0,0.0,1.0,1.0,0.0,1.0,59543.0
0.0,1.0,27.0,5.0,0.0,0.0,0.0,0.0,0.0,0.0,0.0,0.0,0.0,103.0,1.0,1.0,0.0,0.0,0.19,0.06,0.0,255.0,17.0,0.07,0.05,0.0,0.0,1.0,1.0,0.0,1.0,20441.0
0.0,1.0,19.0,9.0,12.0,0.0,0.0,0.0,1.0,0.0,0.0,0.0,0.0,1.0,0.0,0.0,0.0,0.0,1.0,0.0,0.67,221.0,36.0,0.1,0.04,0.1,0.06,0.0,0.0,0.0,0.0,68774.0
0.0,1.0,38.0,5.0,0.0,0.0,0.0,0.0,0.0,0.0,0.0,0.0,0.0,130.0,1.0,1.0,0.0,0.0,0.09,0.05,0.0,255.0,16.0,0.06,0.06,0.0,0.0,1.0,1.0,0.0,1.0,13420.0
0.0,1.0,46.0,5.0,0.0,0.0,0.0,0.0,0.0,0.0,0.0,0.0,0.0,36.0,1.0,1.0,0.0,0.0,0.14,0.14,0.0,255.0,5.0,0.02,0.08,0.0,0.0,1.0,1.0,0.0,1.0,60357.0
0.0,1.0,46.0,5.0,0.0,0.0,0.0,0.0,0.0,0.0,0.0,0.0,0.0,214.0,1.0,1.0,0.0,0.0,0.07,0.06,0.0,255.0,4.0,0.02,0.08,0.0,0.0,1.0,1.0,0.0,1.0,116100.0
0.0,2.0,46.0,9.0,1.0,0.0,0.0,0.0,0.0,0.0,0.0,0.0,0.0,44.0,0.0,0.0,0.0,0.0,0.39,0.09,0.0,255.0,45.0,0.18,0.44,0.6,0.0,0.16,0.0,0.0,1.0,124157.0
0.0,1.0,26.0,5.0,0.0,0.0,0.0,0.0,0.0,0.0,0.0,0.0,0.0,273.0,1.0,1.0,0.0,0.0,0.03,0.06,0.0,255.0,7.0,0.03,0.07,0.0,0.0,1.0,1.0,0.0,1.0,9898.0
0.0,1.0,4.0,5.0,0.0,0.0,0.0,0.0,0.0,0.0,0.0,0.0,0.0,243.0,1.0,1.0,0.0,0.0,0.07,0.06,0.0,255.0,5.0,0.02,0.08,0.0,0.0,1.0,1.0,0.0,1.0,38106.0
0.0,1.0,22.0,1.0,0.0,0.0,0.0,0.0,0.0,0.0,0.0,0.0,0.0,1.0,0.0,0.0,1.0,1.0,1.0,0.0,0.0,12.0,78.0,1.0,0.0,0.08,0.06,0.0,0.0,1.0,0.0,67878.0
0.0,1.0,22.0,5.0,0.0,0.0,0.0,0.0,0.0,0.0,0.0,0.0,0.0,2.0,1.0,1.0,0.0,0.0,0.5,1.0,0.0,242.0,61.0,0.25,0.02,0.0,0.0,1.0,1.0,0.0,1.0,124408.0
0.0,1.0,17.0,5.0,0.0,0.0,0.0,0.0,0.0,0.0,0.0,0.0,0.0,45.0,1.0,1.0,0.0,0.0,0.31,0.09,0.0,255.0,59.0,0.23,0.02,0.01,0.0,1.0,1.0,0.0,1.0,111289.0
0.0,2.0,11.0,9.0,70.0,44.0,0.0,0.0,0.0,0.0,0.0,0.0,0.0,87.0,0.0,0.0,0.0,0.0,1.0,0.0,0.0,255.0,166.0,0.65,0.01,0.09,0.0,0.0,0.0,0.0,0.0,123461.0
0.0,1.0,46.0,5.0,0.0,0.0,0.0,0.0,0.0,0.0,0.0,0.0,0.0,208.0,1.0,1.0,0.0,0.0,0.05,0.06,0.0,255.0,9.0,0.04,0.07,0.0,0.0,1.0,1.0,0.0,1.0,59037.0
0.0,2.0,11.0,9.0,43.0,43.0,0.0,0.0,0.0,0.0,0.0,0.0,0.0,94.0,0.0,0.0,0.0,0.0,1.0,0.0,0.01,255.0,255.0,1.0,0.0,0.01,0.0,0.0,0.0,0.0,0.0,117871.0
0.0,1.0,56.0,5.0,0.0,0.0,0.0,0.0,0.0,0.0,0.0,0.0,0.0,32.0,1.0,1.0,0.0,0.0,0.09,0.19,0.0,255.0,9.0,0.04,0.09,0.0,0.0,1.0,1.0,0.0,1.0,70812.0
0.0,1.0,57.0,5.0,0.0,0.0,0.0,0.0,0.0,0.0,0.0,0.0,0.0,38.0,1.0,1.0,0.0,0.0,0.24,0.11,0.0,255.0,50.0,0.2,0.05,0.01,0.0,1.0,1.0,0.0,1.0,11844.0
0.0,1.0,22.0,1.0,0.0,0.0,0.0,0.0,0.0,0.0,0.0,0.0,0.0,45.0,0.0,0.0,0.96,1.0,0.02,1.0,0.0,163.0,2.0,0.01,0.34,0.01,0.0,0.0,0.0,1.0,1.0,84684.0
0.0,1.0,15.0,5.0,0.0,0.0,0.0,0.0,0.0,0.0,0.0,0.0,0.0,141.0,1.0,1.0,0.0,0.0,0.09,0.06,0.0,255.0,13.0,0.05,0.05,0.0,0.0,1.0,1.0,0.0,1.0,14207.0
0.0,1.0,57.0,5.0,0.0,0.0,0.0,0.0,0.0,0.0,0.0,0.0,0.0,74.0,1.0,1.0,0.0,0.0,0.23,0.05,0.0,255.0,58.0,0.23,0.02,0.02,0.0,1.0,1.0,0.0,1.0,23111.0
0.0,1.0,9.0,5.0,0.0,0.0,0.0,0.0,0.0,0.0,0.0,0.0,0.0,273.0,1.0,1.0,0.0,0.0,0.06,0.05,0.0,255.0,17.0,0.07,0.05,0.0,0.0,1.0,1.0,0.0,1.0,55691.0
0.0,0.0,13.0,9.0,8.0,0.0,0.0,0.0,0.0,0.0,0.0,0.0,0.0,1.0,0.0,0.0,0.0,0.0,1.0,0.0,1.0,2.0,170.0,1.0,0.0,1.0,0.5,0.0,0.0,0.0,1.0,92572.0
0.0,2.0,11.0,9.0,46.0,46.0,0.0,0.0,0.0,0.0,0.0,0.0,0.0,112.0,0.0,0.0,0.0,0.0,1.0,0.0,0.0,255.0,254.0,1.0,0.01,0.0,0.0,0.0,0.0,0.0,0.0,77841.0
0.0,1.0,27.0,5.0,0.0,0.0,0.0,0.0,0.0,0.0,0.0,0.0,0.0,147.0,1.0,1.0,0.0,0.0,0.07,0.05,0.0,255.0,10.0,0.04,0.06,0.0,0.0,1.0,1.0,0.0,1.0,64810.0
0.0,1.0,22.0,5.0,0.0,0.0,0.0,0.0,0.0,0.0,0.0,0.0,0.0,243.0,1.0,0.35,0.0,0.0,0.04,0.07,0.08,255.0,9.0,0.04,0.07,0.0,0.0,1.0,1.0,0.0,1.0,41813.0
0.0,1.0,59.0,5.0,0.0,0.0,0.0,0.0,0.0,0.0,0.0,0.0,0.0,264.0,1.0,1.0,0.0,0.0,0.08,0.05,0.0,255.0,21.0,0.08,0.05,0.0,0.0,1.0,1.0,0.0,1.0,123096.0
0.0,1.0,22.0,1.0,0.0,0.0,0.0,0.0,0.0,0.0,0.0,0.0,0.0,12.0,0.0,0.0,0.83,0.83,1.0,0.0,0.0,46.0,255.0,1.0,0.0,0.02,0.17,0.0,0.0,0.99,0.0,89682.0
0.0,1.0,2.0,5.0,0.0,0.0,0.0,0.0,0.0,0.0,0.0,0.0,0.0,236.0,1.0,1.0,0.0,0.0,0.07,0.05,0.0,255.0,17.0,0.07,0.05,0.0,0.0,1.0,1.0,0.0,1.0,35707.0
0.0,1.0,46.0,5.0,0.0,0.0,0.0,0.0,0.0,0.0,0.0,0.0,0.0,258.0,1.0,1.0,0.0,0.0,0.01,0.07,0.0,255.0,3.0,0.01,0.07,0.0,0.0,1.0,1.0,0.0,1.0,18132.0
0.0,1.0,31.0,5.0,0.0,0.0,0.0,0.0,0.0,0.0,0.0,0.0,0.0,144.0,1.0,1.0,0.0,0.0,0.14,0.06,0.0,255.0,20.0,0.08,0.06,0.0,0.0,1.0,1.0,0.0,1.0,7967.0
0.0,1.0,12.0,5.0,0.0,0.0,0.0,0.0,0.0,0.0,0.0,0.0,0.0,275.0,1.0,1.0,0.0,0.0,0.03,0.06,0.0,255.0,8.0,0.03,0.08,0.0,0.0,1.0,1.0,0.0,1.0,39782.0
0.0,1.0,2.0,5.0,0.0,0.0,0.0,0.0,0.0,0.0,0.0,0.0,0.0,237.0,1.0,1.0,0.0,0.0,0.07,0.05,0.0,255.0,17.0,0.07,0.06,0.0,0.0,1.0,1.0,0.0,1.0,51431.0
0.0,1.0,55.0,5.0,0.0,0.0,0.0,0.0,0.0,0.0,0.0,0.0,0.0,115.0,1.0,1.0,0.0,0.0,0.08,0.07,0.0,255.0,9.0,0.04,0.07,0.0,0.0,1.0,1.0,0.0,1.0,30868.0
0.0,1.0,46.0,1.0,0.0,0.0,0.0,0.0,0.0,0.0,0.0,0.0,0.0,2.0,0.0,0.0,1.0,1.0,0.5,1.0,0.0,255.0,1.0,0.0,0.33,0.27,0.0,0.26,0.0,1.0,1.0,38138.0
0.0,1.0,46.0,5.0,0.0,0.0,0.0,0.0,0.0,0.0,0.0,0.0,0.0,197.0,1.0,1.0,0.0,0.0,0.06,0.06,0.0,255.0,11.0,0.04,0.05,0.0,0.0,1.0,1.0,0.0,1.0,110711.0
0.0,2.0,11.0,9.0,44.0,126.0,0.0,0.0,0.0,0.0,0.0,0.0,0.0,122.0,0.0,0.0,0.0,0.0,1.0,0.0,0.0,210.0,177.0,0.84,0.01,0.0,0.0,0.0,0.0,0.0,0.0,9329.0
0.0,1.0,46.0,5.0,0.0,0.0,0.0,0.0,0.0,0.0,0.0,0.0,0.0,140.0,1.0,1.0,0.0,0.0,0.1,0.06,0.0,255.0,4.0,0.02,0.06,0.0,0.0,1.0,1.0,0.0,1.0,96641.0
0.0,1.0,46.0,5.0,0.0,0.0,0.0,0.0,0.0,0.0,0.0,0.0,0.0,137.0,1.0,1.0,0.0,0.0,0.05,0.07,0.0,255.0,17.0,0.07,0.06,0.0,0.0,1.0,1.0,0.0,1.0,110956.0
0.0,1.0,57.0,5.0,0.0,0.0,0.0,0.0,0.0,0.0,0.0,0.0,0.0,9.0,1.0,1.0,0.0,0.0,0.11,0.33,0.0,255.0,64.0,0.25,0.02,0.01,0.0,1.0,1.0,0.0,1.0,68465.0
0.0,1.0,46.0,5.0,0.0,0.0,0.0,0.0,0.0,0.0,0.0,0.0,0.0,141.0,1.0,1.0,0.0,0.0,0.06,0.06,0.0,255.0,14.0,0.05,0.07,0.0,0.0,1.0,1.0,0.0,1.0,37345.0
0.0,1.0,46.0,5.0,0.0,0.0,0.0,0.0,0.0,0.0,0.0,0.0,0.0,158.0,1.0,1.0,0.0,0.0,0.01,0.07,0.0,255.0,2.0,0.01,0.07,0.0,0.0,1.0,1.0,0.0,1.0,5237.0
0.0,1.0,19.0,9.0,334.0,0.0,0.0,0.0,1.0,0.0,0.0,0.0,0.0,2.0,0.0,0.0,0.0,0.0,1.0,0.0,0.0,6.0,28.0,1.0,0.0,1.0,0.07,0.0,0.0,0.0,1.0,34423.0
0.0,1.0,5.0,5.0,0.0,0.0,0.0,0.0,0.0,0.0,0.0,0.0,0.0,114.0,1.0,1.0,0.0,0.0,0.16,0.05,0.0,255.0,18.0,0.07,0.06,0.0,0.0,1.0,1.0,0.0,1.0,84574.0
0.0,1.0,46.0,1.0,0.0,0.0,0.0,0.0,0.0,0.0,0.0,0.0,0.0,2.0,0.0,0.0,1.0,1.0,0.5,1.0,0.0,255.0,1.0,0.0,0.54,0.48,0.0,0.04,0.0,1.0,1.0,33578.0
0.0,0.0,13.0,9.0,8.0,0.0,0.0,0.0,0.0,0.0,0.0,0.0,0.0,1.0,0.0,0.0,0.0,0.0,1.0,0.0,1.0,1.0,23.0,1.0,0.0,1.0,0.52,0.0,0.0,0.0,1.0,71095.0
0.0,1.0,46.0,5.0,0.0,0.0,0.0,0.0,0.0,0.0,0.0,0.0,0.0,227.0,1.0,1.0,0.0,0.0,0.04,0.06,0.0,255.0,4.0,0.02,0.07,0.0,0.0,1.0,1.0,0.0,1.0,49698.0
0.0,1.0,51.0,5.0,0.0,0.0,0.0,0.0,0.0,0.0,0.0,0.0,0.0,2.0,0.5,0.5,0.0,0.0,1.0,0.0,0.0,31.0,132.0,0.84,0.13,0.06,0.02,0.03,0.01,0.0,0.0,42748.0
0.0,1.0,17.0,5.0,0.0,0.0,0.0,0.0,0.0,0.0,0.0,0.0,0.0,37.0,0.95,1.0,0.05,0.0,0.41,0.11,0.0,255.0,15.0,0.06,0.06,0.0,0.0,1.0,1.0,0.0,1.0,111482.0
0.0,1.0,46.0,5.0,0.0,0.0,0.0,0.0,0.0,0.0,0.0,0.0,0.0,246.0,1.0,1.0,0.0,0.0,0.01,0.06,0.0,255.0,3.0,0.01,0.09,0.0,0.0,1.0,1.0,0.0,1.0,17806.0
0.0,2.0,11.0,9.0,32.0,0.0,0.0,0.0,0.0,0.0,0.0,0.0,0.0,1.0,0.0,0.0,0.0,0.0,1.0,0.0,0.0,211.0,12.0,0.06,0.03,0.06,0.0,0.0,0.0,0.0,0.0,19159.0
0.0,0.0,14.0,9.0,1032.0,0.0,0.0,0.0,0.0,0.0,0.0,0.0,0.0,511.0,0.0,0.0,0.0,0.0,1.0,0.0,0.0,255.0,182.0,0.71,0.16,0.71,0.0,0.0,0.0,0.0,1.0,86099.0
2620.0,2.0,41.0,9.0,146.0,105.0,0.0,0.0,0.0,0.0,0.0,0.0,0.0,2.0,0.0,0.0,0.0,0.0,1.0,0.0,0.0,255.0,2.0,0.01,0.84,0.99,0.0,0.0,0.0,0.0,0.0,116450.0
0.0,1.0,8.0,5.0,0.0,0.0,0.0,0.0,0.0,0.0,0.0,0.0,0.0,238.0,1.0,1.0,0.0,0.0,0.02,0.07,0.0,255.0,4.0,0.02,0.08,0.0,0.0,1.0,1.0,0.0,1.0,54873.0
0.0,1.0,15.0,1.0,0.0,0.0,0.0,0.0,0.0,0.0,0.0,0.0,0.0,150.0,0.0,0.0,1.0,1.0,0.13,0.06,0.0,255.0,20.0,0.08,0.06,0.0,0.0,0.0,0.0,1.0,1.0,15131.0
0.0,2.0,11.0,9.0,46.0,84.0,0.0,0.0,0.0,0.0,0.0,0.0,0.0,156.0,0.0,0.0,0.0,0.0,1.0,0.0,0.0,255.0,166.0,0.65,0.01,0.0,0.0,0.0,0.0,0.0,0.0,8773.0
0.0,1.0,46.0,5.0,0.0,0.0,0.0,0.0,0.0,0.0,0.0,0.0,0.0,221.0,1.0,1.0,0.0,0.0,0.01,0.08,0.0,255.0,17.0,0.07,0.07,0.0,0.0,1.0,1.0,0.0,1.0,97281.0
0.0,2.0,46.0,9.0,28.0,0.0,3.0,0.0,0.0,0.0,0.0,0.0,0.0,108.0,0.93,0.0,0.0,0.0,0.07,0.06,0.0,255.0,8.0,0.03,0.97,0.03,0.0,0.09,0.0,0.0,1.0,30742.0
0.0,2.0,11.0,9.0,44.0,133.0,0.0,0.0,0.0,0.0,0.0,0.0,0.0,123.0,0.0,0.0,0.0,0.0,1.0,0.0,0.0,255.0,254.0,1.0,0.01,0.0,0.0,0.0,0.0,0.0,0.0,33231.0
0.0,1.0,20.0,5.0,0.0,0.0,0.0,0.0,0.0,0.0,0.0,0.0,0.0,277.0,1.0,1.0,0.0,0.0,0.07,0.05,0.0,255.0,19.0,0.07,0.05,0.0,0.0,1.0,1.0,0.0,1.0,73124.0
0.0,1.0,46.0,4.0,0.0,0.0,0.0,0.0,0.0,0.0,0.0,0.0,0.0,1.0,0.0,0.0,1.0,1.0,1.0,0.0,0.0,255.0,1.0,0.0,0.42,0.41,0.0,0.0,0.0,1.0,1.0,62165.0
0.0,1.0,20.0,5.0,0.0,0.0,0.0,0.0,0.0,0.0,0.0,0.0,0.0,286.0,1.0,1.0,0.0,0.0,0.03,0.05,0.0,255.0,8.0,0.03,0.05,0.0,0.0,1.0,1.0,0.0,1.0,46951.0
4.0,1.0,6.0,4.0,0.0,0.0,0.0,0.0,0.0,0.0,0.0,0.0,0.0,225.0,0.0,0.0,1.0,1.0,0.01,0.52,0.0,255.0,2.0,0.01,0.46,0.88,0.0,0.0,0.0,1.0,1.0,38136.0
0.0,1.0,8.0,5.0,0.0,0.0,0.0,0.0,0.0,0.0,0.0,0.0,0.0,273.0,1.0,1.0,0.0,0.0,0.05,0.07,0.0,255.0,15.0,0.06,0.07,0.0,0.0,1.0,1.0,0.0,1.0,34933.0
0.0,1.0,41.0,1.0,0.0,0.0,0.0,0.0,0.0,0.0,0.0,0.0,0.0,509.0,0.21,0.0,0.78,1.0,0.0,1.0,0.0,255.0,1.0,0.0,1.0,0.0,0.0,0.24,0.0,1.0,1.0,53368.0
0.0,1.0,46.0,4.0,0.0,0.0,0.0,0.0,0.0,0.0,0.0,0.0,0.0,1.0,0.0,0.0,1.0,1.0,1.0,0.0,0.0,164.0,1.0,0.01,0.41,0.4,0.0,0.0,0.0,1.0,1.0,46212.0
0.0,2.0,11.0,9.0,46.0,136.0,0.0,0.0,0.0,0.0,0.0,0.0,0.0,114.0,0.0,0.0,0.0,0.0,1.0,0.0,0.0,255.0,254.0,1.0,0.01,0.0,0.0,0.0,0.0,0.0,0.0,65962.0
0.0,1.0,46.0,5.0,0.0,0.0,0.0,0.0,0.0,0.0,0.0,0.0,0.0,244.0,1.0,1.0,0.0,0.0,0.09,0.05,0.0,105.0,22.0,0.21,0.1,0.01,0.0,0.87,1.0,0.0,1.0,5920.0
0.0,1.0,22.0,1.0,0.0,0.0,0.0,0.0,0.0,0.0,0.0,0.0,0.0,1.0,0.0,0.0,1.0,1.0,1.0,0.0,0.0,106.0,253.0,1.0,0.0,0.01,0.09,0.0,0.0,0.55,0.0,90470.0
0.0,1.0,22.0,2.0,0.0,0.0,0.0,0.0,1.0,0.0,0.0,0.0,0.0,3.0,0.0,0.0,0.33,0.33,1.0,0.0,0.0,255.0,255.0,1.0,0.0,0.01,0.0,0.0,0.0,0.0,0.0,52761.0
0.0,1.0,65.0,5.0,0.0,0.0,0.0,0.0,0.0,0.0,0.0,0.0,0.0,295.0,1.0,1.0,0.0,0.0,0.06,0.06,0.0,255.0,18.0,0.07,0.07,0.0,0.0,1.0,1.0,0.0,1.0,81330.0
0.0,1.0,33.0,1.0,0.0,0.0,0.0,0.0,0.0,0.0,0.0,0.0,0.0,234.0,0.0,0.0,1.0,1.0,0.04,0.07,0.0,255.0,24.0,0.09,0.07,0.0,0.0,0.0,0.0,1.0,1.0,72173.0
0.0,1.0,46.0,5.0,0.0,0.0,0.0,0.0,0.0,0.0,0.0,0.0,0.0,190.0,1.0,1.0,0.0,0.0,0.02,0.07,0.0,255.0,4.0,0.02,0.07,0.0,0.0,1.0,1.0,0.0,1.0,3312.0
0.0,2.0,11.0,9.0,45.0,78.0,0.0,0.0,0.0,0.0,0.0,0.0,0.0,143.0,0.0,0.0,0.0,0.0,1.0,0.0,0.01,255.0,254.0,1.0,0.01,0.0,0.0,0.0,0.0,0.0,0.0,6940.0
0.0,1.0,46.0,5.0,0.0,0.0,0.0,0.0,0.0,0.0,0.0,0.0,0.0,109.0,1.0,1.0,0.0,0.0,0.07,0.06,0.0,255.0,1.0,0.0,0.08,0.0,0.0,1.0,1.0,0.0,1.0,33817.0
0.0,1.0,46.0,5.0,0.0,0.0,0.0,0.0,0.0,0.0,0.0,0.0,0.0,101.0,1.0,1.0,0.0,0.0,0.19,0.05,0.0,255.0,19.0,0.07,0.06,0.0,0.0,1.0,1.0,0.0,1.0,88674.0
0.0,1.0,46.0,5.0,0.0,0.0,0.0,0.0,0.0,0.0,0.0,0.0,0.0,126.0,1.0,1.0,0.0,0.0,0.16,0.07,0.0,255.0,17.0,0.07,0.07,0.0,0.0,1.0,1.0,0.0,1.0,110495.0
0.0,1.0,22.0,9.0,327.0,191.0,0.0,0.0,1.0,0.0,0.0,0.0,0.0,9.0,0.0,0.0,0.0,0.0,1.0,0.0,0.0,255.0,255.0,1.0,0.0,0.01,0.0,0.01,0.01,0.0,0.0,113568.0
0.0,1.0,62.0,5.0,0.0,0.0,0.0,0.0,0.0,0.0,0.0,0.0,0.0,104.0,1.0,1.0,0.0,0.0,0.04,0.07,0.0,255.0,9.0,0.04,0.05,0.0,0.0,1.0,1.0,0.0,1.0,26548.0
0.0,1.0,39.0,5.0,0.0,0.0,0.0,0.0,0.0,0.0,0.0,0.0,0.0,90.0,1.0,1.0,0.0,0.0,0.01,0.07,0.0,255.0,4.0,0.02,0.06,0.0,0.0,1.0,1.0,0.0,1.0,120386.0
0.0,2.0,41.0,9.0,1.0,0.0,0.0,0.0,0.0,0.0,0.0,0.0,0.0,16.0,0.0,0.0,0.0,0.0,0.12,0.5,0.0,255.0,2.0,0.01,0.23,0.68,0.0,0.0,0.0,0.0,1.0,119184.0
0.0,1.0,6.0,5.0,0.0,0.0,0.0,0.0,0.0,0.0,0.0,0.0,0.0,116.0,1.0,1.0,0.0,0.0,0.06,0.06,0.0,255.0,2.0,0.01,0.08,0.0,0.0,1.0,1.0,0.0,1.0,7251.0
0.0,1.0,19.0,5.0,0.0,0.0,0.0,0.0,0.0,0.0,0.0,0.0,0.0,253.0,1.0,1.0,0.0,0.0,0.08,0.06,0.0,255.0,19.0,0.07,0.06,0.0,0.0,1.0,1.0,0.0,1.0,113770.0
0.0,1.0,27.0,5.0,0.0,0.0,0.0,0.0,0.0,0.0,0.0,0.0,0.0,139.0,1.0,1.0,0.0,0.0,0.03,0.06,0.0,255.0,4.0,0.02,0.06,0.0,0.0,1.0,1.0,0.0,1.0,60552.0
0.0,1.0,57.0,5.0,0.0,0.0,0.0,0.0,0.0,0.0,0.0,0.0,0.0,33.0,0.97,1.0,0.03,0.0,0.27,0.15,0.0,255.0,42.0,0.16,0.05,0.01,0.0,1.0,1.0,0.0,1.0,38682.0
0.0,2.0,46.0,9.0,28.0,0.0,3.0,0.0,0.0,0.0,0.0,0.0,0.0,139.0,0.72,0.0,0.0,0.0,0.28,0.05,0.0,255.0,39.0,0.15,0.85,0.15,0.0,0.09,0.0,0.0,1.0,22575.0
0.0,1.0,46.0,5.0,0.0,0.0,0.0,0.0,0.0,0.0,0.0,0.0,0.0,105.0,1.0,1.0,0.0,0.0,0.05,0.07,0.0,255.0,11.0,0.04,0.08,0.0,0.0,1.0,1.0,0.0,1.0,39641.0
0.0,1.0,39.0,5.0,0.0,0.0,0.0,0.0,0.0,0.0,0.0,0.0,0.0,300.0,1.0,1.0,0.0,0.0,0.08,0.05,0.0,255.0,25.0,0.1,0.05,0.0,0.0,1.0,1.0,0.0,1.0,79940.0
0.0,1.0,46.0,4.0,0.0,0.0,0.0,0.0,0.0,0.0,0.0,0.0,0.0,1.0,0.0,0.0,1.0,1.0,1.0,0.0,0.0,255.0,1.0,0.0,1.0,1.0,0.0,0.0,0.0,1.0,1.0,96887.0
0.0,1.0,8.0,5.0,0.0,0.0,0.0,0.0,0.0,0.0,0.0,0.0,0.0,290.0,1.0,1.0,0.0,0.0,0.08,0.05,0.0,255.0,23.0,0.09,0.05,0.0,0.0,1.0,1.0,0.0,1.0,46874.0
0.0,0.0,14.0,9.0,1032.0,0.0,0.0,0.0,0.0,0.0,0.0,0.0,0.0,511.0,0.0,0.0,0.0,0.0,1.0,0.0,0.0,255.0,27.0,0.11,0.12,0.11,0.0,0.11,0.0,0.0,1.0,103106.0
0.0,2.0,46.0,9.0,28.0,0.0,3.0,0.0,0.0,0.0,0.0,0.0,0.0,100.0,0.01,0.0,0.01,0.0,0.98,0.03,0.0,255.0,98.0,0.38,0.02,0.38,0.0,0.0,0.0,0.0,1.0,119329.0
6.0,1.0,22.0,1.0,0.0,0.0,0.0,0.0,0.0,0.0,0.0,0.0,0.0,1.0,0.0,0.0,1.0,1.0,1.0,0.0,0.0,185.0,153.0,0.83,0.03,0.01,0.0,0.0,0.0,1.0,0.0,95906.0
0.0,1.0,46.0,4.0,0.0,0.0,0.0,0.0,0.0,0.0,0.0,0.0,0.0,1.0,0.0,0.0,1.0,1.0,1.0,0.0,0.0,215.0,1.0,0.0,0.23,0.44,0.0,0.0,0.0,1.0,1.0,122202.0
0.0,1.0,26.0,1.0,0.0,0.0,0.0,0.0,0.0,0.0,0.0,0.0,0.0,228.0,0.0,0.0,1.0,1.0,0.01,0.07,0.0,255.0,2.0,0.01,0.08,0.0,0.0,0.0,0.0,1.0,1.0,59439.0
0.0,1.0,22.0,1.0,0.0,0.0,0.0,0.0,0.0,0.0,0.0,0.0,0.0,221.0,0.0,0.0,1.0,1.0,0.05,0.07,0.0,255.0,10.0,0.04,0.08,0.0,0.0,0.0,0.0,1.0,1.0,92494.0
0.0,1.0,51.0,5.0,0.0,0.0,0.0,0.0,0.0,0.0,0.0,0.0,0.0,5.0,1.0,1.0,0.0,0.0,1.0,0.0,0.0,107.0,127.0,0.42,0.02,0.01,0.02,0.98,0.35,0.0,1.0,13419.0
0.0,1.0,5.0,5.0,0.0,0.0,0.0,0.0,0.0,0.0,0.0,0.0,0.0,103.0,1.0,1.0,0.0,0.0,0.01,0.07,0.0,255.0,1.0,0.0,0.06,0.0,0.0,1.0,1.0,0.0,1.0,49372.0
0.0,1.0,27.0,5.0,0.0,0.0,0.0,0.0,0.0,0.0,0.0,0.0,0.0,100.0,1.0,1.0,0.0,0.0,0.18,0.05,0.0,255.0,18.0,0.07,0.05,0.0,0.0,1.0,1.0,0.0,1.0,5590.0
0.0,1.0,22.0,1.0,0.0,0.0,0.0,0.0,0.0,0.0,0.0,0.0,0.0,1.0,0.0,0.0,1.0,1.0,1.0,0.0,0.0,30.0,36.0,1.0,0.0,0.03,0.11,0.0,0.0,1.0,0.0,102302.0
0.0,1.0,46.0,5.0,0.0,0.0,0.0,0.0,0.0,0.0,0.0,0.0,0.0,245.0,1.0,1.0,0.0,0.0,0.05,0.07,0.0,255.0,12.0,0.05,0.08,0.0,0.0,1.0,1.0,0.0,1.0,116014.0
1.0,1.0,46.0,3.0,0.0,0.0,0.0,0.0,0.0,0.0,0.0,0.0,0.0,70.0,0.0,0.0,1.0,1.0,0.01,0.54,0.0,240.0,1.0,0.0,0.16,0.29,0.0,0.01,0.0,1.0,1.0,20511.0
0.0,0.0,13.0,9.0,8.0,0.0,0.0,0.0,0.0,0.0,0.0,0.0,0.0,1.0,0.0,0.0,0.0,0.0,1.0,0.0,1.0,1.0,17.0,1.0,0.0,1.0,0.53,0.0,0.0,0.0,1.0,79932.0
0.0,1.0,46.0,5.0,0.0,0.0,0.0,0.0,0.0,0.0,0.0,0.0,0.0,177.0,1.0,1.0,0.0,0.0,0.03,0.07,0.0,255.0,16.0,0.06,0.06,0.0,0.0,1.0,1.0,0.0,1.0,93077.0
0.0,1.0,33.0,5.0,0.0,0.0,0.0,0.0,0.0,0.0,0.0,0.0,0.0,300.0,1.0,1.0,0.0,0.0,0.06,0.05,0.0,255.0,18.0,0.07,0.08,0.0,0.0,1.0,1.0,0.0,1.0,71907.0
0.0,1.0,2.0,5.0,0.0,0.0,0.0,0.0,0.0,0.0,0.0,0.0,0.0,297.0,1.0,1.0,0.0,0.0,0.06,0.05,0.0,255.0,8.0,0.03,0.08,0.0,0.0,1.0,1.0,0.0,1.0,74207.0
0.0,1.0,17.0,5.0,0.0,0.0,0.0,0.0,0.0,0.0,0.0,0.0,0.0,282.0,1.0,1.0,0.0,0.0,0.02,0.06,0.0,255.0,7.0,0.03,0.07,0.0,0.0,1.0,1.0,0.0,1.0,124280.0
0.0,1.0,46.0,1.0,0.0,0.0,0.0,0.0,0.0,0.0,0.0,0.0,0.0,330.0,0.0,0.0,1.0,1.0,0.0,0.52,0.0,255.0,1.0,0.0,0.52,1.0,0.0,0.0,0.0,1.0,1.0,77643.0
0.0,1.0,46.0,5.0,0.0,0.0,0.0,0.0,0.0,0.0,0.0,0.0,0.0,149.0,1.0,1.0,0.0,0.0,0.11,0.05,0.0,255.0,7.0,0.03,0.06,0.0,0.0,1.0,1.0,0.0,1.0,109141.0
0.0,1.0,46.0,5.0,0.0,0.0,0.0,0.0,0.0,0.0,0.0,0.0,0.0,126.0,1.0,1.0,0.0,0.0,0.04,0.06,0.0,255.0,16.0,0.06,0.06,0.0,0.0,1.0,1.0,0.0,1.0,16487.0
0.0,1.0,48.0,5.0,0.0,0.0,0.0,0.0,0.0,0.0,0.0,0.0,0.0,224.0,1.0,1.0,0.0,0.0,0.09,0.07,0.0,255.0,20.0,0.08,0.08,0.0,0.0,1.0,1.0,0.0,1.0,92640.0
0.0,2.0,46.0,9.0,1.0,0.0,0.0,0.0,0.0,0.0,0.0,0.0,0.0,13.0,0.0,0.0,0.0,0.0,1.0,0.0,0.0,255.0,84.0,0.33,0.09,0.96,0.0,0.0,0.0,0.0,1.0,59710.0
0.0,0.0,14.0,9.0,1032.0,0.0,0.0,0.0,0.0,0.0,0.0,0.0,0.0,348.0,0.0,0.0,0.0,0.0,1.0,0.0,0.0,255.0,255.0,1.0,0.0,1.0,0.0,0.0,0.0,0.0,1.0,17671.0
0.0,1.0,10.0,5.0,0.0,0.0,0.0,0.0,0.0,0.0,0.0,0.0,0.0,213.0,1.0,1.0,0.0,0.0,0.0,0.07,0.0,255.0,2.0,0.01,0.08,0.0,0.0,1.0,1.0,0.0,1.0,123758.0
0.0,1.0,46.0,5.0,0.0,0.0,0.0,0.0,0.0,0.0,0.0,0.0,0.0,166.0,1.0,1.0,0.0,0.0,0.05,0.06,0.0,255.0,9.0,0.04,0.05,0.0,0.0,1.0,1.0,0.0,1.0,6.0
0.0,1.0,3.0,1.0,0.0,0.0,0.0,0.0,0.0,0.0,0.0,0.0,0.0,279.0,0.0,0.0,1.0,1.0,0.04,0.06,0.0,255.0,10.0,0.04,0.06,0.0,0.0,0.0,0.0,1.0,1.0,8858.0
0.0,1.0,48.0,4.0,0.0,0.0,0.0,0.0,0.0,0.0,0.0,0.0,0.0,1.0,0.0,0.0,1.0,1.0,1.0,0.0,0.0,255.0,1.0,0.0,0.28,0.55,0.0,0.0,0.0,1.0,1.0,54167.0
0.0,1.0,7.0,5.0,0.0,0.0,0.0,0.0,0.0,0.0,0.0,0.0,0.0,232.0,1.0,1.0,0.0,0.0,0.07,0.06,0.0,255.0,16.0,0.06,0.07,0.0,0.0,1.0,1.0,0.0,1.0,77644.0
0.0,1.0,22.0,5.0,0.0,0.0,0.0,0.0,0.0,0.0,0.0,0.0,0.0,192.0,1.0,1.0,0.0,0.0,0.09,0.05,0.0,255.0,17.0,0.07,0.05,0.0,0.0,1.0,1.0,0.0,1.0,21660.0
0.0,1.0,19.0,5.0,0.0,0.0,0.0,0.0,0.0,0.0,0.0,0.0,0.0,233.0,1.0,1.0,0.0,0.0,0.03,0.06,0.0,255.0,7.0,0.03,0.07,0.0,0.0,1.0,1.0,0.0,1.0,6392.0
0.0,1.0,19.0,5.0,0.0,0.0,0.0,0.0,0.0,0.0,0.0,0.0,0.0,35.0,1.0,1.0,0.0,0.0,0.43,0.06,0.0,255.0,55.0,0.22,0.04,0.01,0.0,1.0,1.0,0.0,1.0,112934.0
0.0,2.0,11.0,9.0,44.0,44.0,0.0,0.0,0.0,0.0,0.0,0.0,0.0,129.0,0.0,0.0,0.0,0.0,0.99,0.02,0.01,255.0,254.0,1.0,0.01,0.01,0.0,0.0,0.0,0.0,0.0,3961.0
0.0,1.0,46.0,5.0,0.0,0.0,0.0,0.0,0.0,0.0,0.0,0.0,0.0,15.0,1.0,1.0,0.0,0.0,0.47,0.2,0.0,255.0,16.0,0.06,0.07,0.0,0.0,1.0,1.0,0.0,1.0,26423.0
0.0,1.0,46.0,4.0,0.0,0.0,0.0,0.0,0.0,0.0,0.0,0.0,0.0,1.0,0.0,0.0,1.0,1.0,1.0,0.0,0.0,225.0,1.0,0.0,0.28,0.25,0.0,0.0,0.0,1.0,1.0,27151.0
0.0,1.0,46.0,1.0,0.0,0.0,0.0,0.0,0.0,0.0,0.0,0.0,0.0,141.0,0.0,0.0,1.0,1.0,0.13,0.06,0.0,255.0,15.0,0.06,0.07,0.0,0.0,0.0,0.0,1.0,1.0,67090.0
0.0,1.0,46.0,1.0,0.0,0.0,0.0,0.0,0.0,0.0,0.0,0.0,0.0,110.0,0.0,0.0,1.0,1.0,0.14,0.06,0.0,255.0,7.0,0.03,0.07,0.0,0.0,0.0,0.0,1.0,1.0,73095.0
0.0,0.0,13.0,9.0,18.0,0.0,0.0,0.0,0.0,0.0,0.0,0.0,0.0,1.0,0.0,0.0,0.0,0.0,1.0,0.0,0.0,1.0,199.0,1.0,0.0,1.0,1.0,0.0,0.0,0.0,1.0,4282.0
0.0,1.0,16.0,5.0,0.0,0.0,0.0,0.0,0.0,0.0,0.0,0.0,0.0,109.0,1.0,1.0,0.0,0.0,0.17,0.06,0.0,255.0,8.0,0.03,0.07,0.0,0.0,1.0,1.0,0.0,1.0,103443.0
0.0,1.0,57.0,5.0,0.0,0.0,0.0,0.0,0.0,0.0,0.0,0.0,0.0,16.0,1.0,1.0,0.0,0.0,1.0,0.0,0.0,18.0,18.0,1.0,0.0,0.06,0.0,0.89,0.89,0.0,1.0,44916.0
15.0,1.0,3.0,9.0,10.0,37.0,0.0,0.0,1.0,0.0,0.0,0.0,0.0,1.0,0.0,0.0,0.0,0.0,1.0,0.0,0.0,255.0,13.0,0.05,0.02,0.0,0.0,0.0,0.0,0.0,0.0,118988.0
0.0,1.0,57.0,5.0,0.0,0.0,0.0,0.0,0.0,0.0,0.0,0.0,0.0,8.0,1.0,1.0,0.0,0.0,0.38,0.5,0.0,255.0,66.0,0.26,0.02,0.01,0.0,1.0,1.0,0.0,1.0,50510.0
0.0,1.0,46.0,5.0,0.0,0.0,0.0,0.0,0.0,0.0,0.0,0.0,0.0,108.0,1.0,1.0,0.0,0.0,0.05,0.06,0.0,255.0,8.0,0.03,0.06,0.0,0.0,1.0,1.0,0.0,1.0,92604.0
0.0,1.0,46.0,5.0,0.0,0.0,0.0,0.0,0.0,0.0,0.0,0.0,0.0,173.0,1.0,1.0,0.0,0.0,0.05,0.07,0.0,255.0,9.0,0.04,0.07,0.0,0.0,1.0,1.0,0.0,1.0,88095.0
0.0,1.0,23.0,5.0,0.0,0.0,0.0,0.0,0.0,0.0,0.0,0.0,0.0,141.0,1.0,1.0,0.0,0.0,0.06,0.06,0.0,255.0,8.0,0.03,0.06,0.0,0.0,1.0,1.0,0.0,1.0,108790.0
0.0,1.0,46.0,5.0,0.0,0.0,0.0,0.0,0.0,0.0,0.0,0.0,0.0,194.0,1.0,1.0,0.0,0.0,0.08,0.06,0.0,255.0,1.0,0.0,0.07,0.0,0.0,1.0,1.0,0.0,1.0,97891.0
0.0,1.0,18.0,2.0,0.0,0.0,0.0,0.0,0.0,0.0,0.0,0.0,0.0,238.0,0.0,0.0,1.0,1.0,0.0,0.07,0.0,255.0,1.0,0.0,0.08,0.0,0.0,0.0,0.0,1.0,1.0,100137.0
0.0,1.0,22.0,1.0,0.0,0.0,0.0,0.0,0.0,0.0,0.0,0.0,0.0,207.0,0.0,0.0,1.0,1.0,0.02,0.07,0.0,255.0,4.0,0.02,0.08,0.0,0.0,0.0,0.0,1.0,1.0,22102.0
0.0,1.0,65.0,1.0,0.0,0.0,0.0,0.0,0.0,0.0,0.0,0.0,0.0,261.0,0.0,0.0,1.0,1.0,0.05,0.07,0.0,255.0,13.0,0.05,0.09,0.0,0.0,0.0,0.0,1.0,1.0,50737.0
0.0,1.0,18.0,5.0,0.0,0.0,0.0,0.0,0.0,0.0,0.0,0.0,0.0,235.0,1.0,1.0,0.0,0.0,0.02,0.06,0.0,255.0,5.0,0.02,0.06,0.0,0.0,1.0,1.0,0.0,1.0,101632.0
0.0,1.0,46.0,5.0,0.0,0.0,0.0,0.0,0.0,0.0,0.0,0.0,0.0,54.0,1.0,1.0,0.0,0.0,0.26,0.06,0.0,255.0,2.0,0.01,0.08,0.0,0.0,1.0,1.0,0.0,1.0,36559.0
0.0,1.0,46.0,5.0,0.0,0.0,0.0,0.0,0.0,0.0,0.0,0.0,0.0,109.0,1.0,1.0,0.0,0.0,0.07,0.06,0.0,255.0,16.0,0.06,0.07,0.0,0.0,1.0,1.0,0.0,1.0,7129.0
0.0,1.0,46.0,5.0,0.0,0.0,0.0,0.0,0.0,0.0,0.0,0.0,0.0,103.0,1.0,1.0,0.0,0.0,0.03,0.07,0.0,255.0,26.0,0.1,0.05,0.0,0.0,1.0,1.0,0.0,1.0,66386.0
0.0,1.0,22.0,5.0,0.0,0.0,0.0,0.0,0.0,0.0,0.0,0.0,0.0,2.0,0.5,0.33,0.0,0.0,1.0,0.0,0.67,148.0,148.0,1.0,0.0,0.01,0.0,0.01,0.01,0.0,0.0,53896.0
0.0,1.0,62.0,2.0,0.0,0.0,0.0,0.0,0.0,0.0,0.0,0.0,0.0,117.0,0.0,0.0,1.0,1.0,0.1,0.07,0.0,255.0,12.0,0.05,0.05,0.0,0.0,0.0,0.0,1.0,1.0,73158.0
0.0,2.0,46.0,9.0,1.0,0.0,0.0,0.0,0.0,0.0,0.0,0.0,0.0,157.0,0.0,0.0,0.0,0.0,0.87,0.03,0.0,255.0,174.0,0.68,0.04,1.0,0.0,0.0,0.0,0.0,1.0,75501.0
0.0,1.0,34.0,5.0,0.0,0.0,0.0,0.0,0.0,0.0,0.0,0.0,0.0,60.0,1.0,1.0,0.0,0.0,0.22,0.1,0.0,255.0,13.0,0.05,0.07,0.0,0.0,1.0,1.0,0.0,1.0,24092.0
0.0,2.0,46.0,9.0,1.0,0.0,0.0,0.0,0.0,0.0,0.0,0.0,0.0,26.0,0.0,0.0,0.0,0.0,0.08,0.19,0.0,255.0,2.0,0.01,0.83,0.19,0.0,0.1,0.0,0.0,1.0,50043.0
0.0,1.0,46.0,5.0,0.0,0.0,0.0,0.0,0.0,0.0,0.0,0.0,0.0,265.0,1.0,1.0,0.0,0.0,0.08,0.05,0.0,255.0,18.0,0.07,0.08,0.0,0.0,1.0,1.0,0.0,1.0,92892.0
0.0,1.0,30.0,5.0,0.0,0.0,0.0,0.0,0.0,0.0,0.0,0.0,0.0,33.0,0.79,1.0,0.21,0.0,0.03,0.42,0.0,255.0,1.0,0.0,0.06,0.13,0.0,0.1,1.0,0.0,1.0,29141.0
0.0,1.0,30.0,1.0,0.0,0.0,0.0,0.0,0.0,0.0,0.0,0.0,0.0,1.0,0.0,0.0,1.0,1.0,1.0,0.0,0.0,68.0,2.0,0.01,1.0,0.01,1.0,0.0,0.0,1.0,1.0,96801.0
0.0,1.0,63.0,5.0,0.0,0.0,0.0,0.0,0.0,0.0,0.0,0.0,0.0,222.0,1.0,1.0,0.0,0.0,0.07,0.05,0.0,255.0,15.0,0.06,0.05,0.0,0.0,1.0,1.0,0.0,1.0,27129.0
0.0,2.0,46.0,9.0,28.0,0.0,3.0,0.0,0.0,0.0,0.0,0.0,0.0,11.0,0.0,0.0,0.0,0.0,1.0,0.0,0.0,255.0,11.0,0.04,0.02,0.04,0.0,0.0,0.0,0.0,1.0,61904.0
0.0,1.0,26.0,5.0,0.0,0.0,0.0,0.0,0.0,0.0,0.0,0.0,0.0,255.0,1.0,1.0,0.0,0.0,0.06,0.07,0.0,255.0,17.0,0.07,0.07,0.0,0.0,1.0,1.0,0.0,1.0,1009.0
0.0,1.0,34.0,5.0,0.0,0.0,0.0,0.0,0.0,0.0,0.0,0.0,0.0,268.0,1.0,1.0,0.0,0.0,0.02,0.06,0.0,255.0,15.0,0.06,0.07,0.0,0.0,1.0,1.0,0.0,1.0,100910.0
0.0,1.0,46.0,5.0,0.0,0.0,0.0,0.0,0.0,0.0,0.0,0.0,0.0,274.0,1.0,1.0,0.0,0.0,0.01,0.05,0.0,255.0,4.0,0.02,0.07,0.0,0.0,1.0,1.0,0.0,1.0,81899.0
0.0,1.0,29.0,5.0,0.0,0.0,0.0,0.0,0.0,0.0,0.0,0.0,0.0,38.0,1.0,1.0,0.0,0.0,0.24,0.13,0.0,255.0,9.0,0.04,0.08,0.0,0.0,1.0,1.0,0.0,1.0,96786.0
0.0,1.0,63.0,5.0,0.0,0.0,0.0,0.0,0.0,0.0,0.0,0.0,0.0,257.0,1.0,1.0,0.0,0.0,0.05,0.06,0.0,255.0,13.0,0.05,0.06,0.0,0.0,1.0,1.0,0.0,1.0,70756.0
0.0,1.0,41.0,1.0,0.0,0.0,0.0,0.0,0.0,0.0,0.0,0.0,0.0,511.0,0.19,0.0,0.81,1.0,0.0,1.0,0.0,255.0,1.0,0.0,1.0,0.0,0.0,0.24,0.0,1.0,1.0,99281.0
0.0,1.0,46.0,5.0,0.0,0.0,0.0,0.0,0.0,0.0,0.0,0.0,0.0,101.0,1.0,1.0,0.0,0.0,0.19,0.06,0.0,255.0,20.0,0.08,0.06,0.0,0.0,1.0,1.0,0.0,1.0,71937.0
0.0,0.0,13.0,9.0,8.0,0.0,0.0,0.0,0.0,0.0,0.0,0.0,0.0,1.0,0.0,0.0,0.0,0.0,1.0,0.0,1.0,2.0,46.0,1.0,0.0,1.0,0.5,0.0,0.0,0.0,1.0,108586.0
0.0,1.0,29.0,5.0,0.0,0.0,0.0,0.0,0.0,0.0,0.0,0.0,0.0,122.0,1.0,1.0,0.0,0.0,0.18,0.05,0.0,255.0,22.0,0.09,0.05,0.0,0.0,1.0,1.0,0.0,1.0,69982.0
0.0,1.0,57.0,5.0,0.0,0.0,0.0,0.0,0.0,0.0,0.0,0.0,0.0,78.0,1.0,1.0,0.0,0.0,0.24,0.05,0.0,255.0,59.0,0.23,0.02,0.02,0.0,1.0,1.0,0.0,1.0,27331.0
0.0,1.0,22.0,5.0,0.0,0.0,0.0,0.0,0.0,0.0,0.0,0.0,0.0,13.0,0.92,1.0,0.08,0.0,0.92,0.15,0.0,255.0,58.0,0.23,0.04,0.0,0.0,1.0,1.0,0.0,1.0,36596.0
0.0,1.0,23.0,5.0,0.0,0.0,0.0,0.0,0.0,0.0,0.0,0.0,0.0,149.0,1.0,1.0,0.0,0.0,0.13,0.05,0.0,255.0,20.0,0.08,0.06,0.0,0.0,1.0,1.0,0.0,1.0,105267.0
0.0,1.0,46.0,5.0,0.0,0.0,0.0,0.0,0.0,0.0,0.0,0.0,0.0,27.0,1.0,1.0,0.0,0.0,0.22,0.15,0.0,255.0,6.0,0.02,0.09,0.0,0.0,1.0,1.0,0.0,1.0,58252.0
0.0,1.0,59.0,5.0,0.0,0.0,0.0,0.0,0.0,0.0,0.0,0.0,0.0,277.0,1.0,1.0,0.0,0.0,0.09,0.05,0.0,255.0,24.0,0.09,0.05,0.0,0.0,1.0,1.0,0.0,1.0,89930.0
0.0,1.0,29.0,5.0,0.0,0.0,0.0,0.0,0.0,0.0,0.0,0.0,0.0,241.0,1.0,1.0,0.0,0.0,0.08,0.06,0.0,255.0,19.0,0.07,0.05,0.0,0.0,1.0,1.0,0.0,1.0,124923.0
0.0,1.0,65.0,5.0,0.0,0.0,0.0,0.0,0.0,0.0,0.0,0.0,0.0,228.0,1.0,1.0,0.0,0.0,0.02,0.07,0.0,255.0,7.0,0.03,0.08,0.0,0.0,1.0,1.0,0.0,1.0,89550.0
0.0,1.0,46.0,1.0,0.0,0.0,0.0,0.0,0.0,0.0,0.0,0.0,0.0,92.0,0.0,0.0,1.0,1.0,0.14,0.05,0.0,255.0,13.0,0.05,0.08,0.0,0.0,0.0,0.0,1.0,1.0,66441.0
0.0,1.0,57.0,5.0,0.0,0.0,0.0,0.0,0.0,0.0,0.0,0.0,0.0,230.0,1.0,1.0,0.0,0.0,0.04,0.06,0.0,255.0,10.0,0.04,0.07,0.0,0.0,1.0,1.0,0.0,1.0,25592.0
0.0,0.0,13.0,9.0,8.0,0.0,0.0,0.0,0.0,0.0,0.0,0.0,0.0,1.0,0.0,0.0,0.0,0.0,1.0,0.0,1.0,1.0,155.0,1.0,0.0,1.0,0.5,0.0,0.0,0.0,1.0,61842.0
0.0,1.0,23.0,5.0,0.0,0.0,0.0,0.0,0.0,0.0,0.0,0.0,0.0,101.0,1.0,1.0,0.0,0.0,0.23,0.07,0.0,255.0,23.0,0.09,0.05,0.0,0.0,1.0,1.0,0.0,1.0,58199.0
0.0,1.0,46.0,5.0,0.0,0.0,0.0,0.0,0.0,0.0,0.0,0.0,0.0,255.0,1.0,1.0,0.0,0.0,0.07,0.06,0.0,255.0,17.0,0.07,0.08,0.0,0.0,1.0,1.0,0.0,1.0,75804.0
0.0,0.0,13.0,9.0,8.0,0.0,0.0,0.0,0.0,0.0,0.0,0.0,0.0,1.0,0.0,0.0,0.0,0.0,1.0,0.0,1.0,1.0,137.0,1.0,0.0,1.0,0.5,0.0,0.0,0.0,1.0,16518.0
0.0,1.0,56.0,1.0,0.0,0.0,0.0,0.0,0.0,0.0,0.0,0.0,0.0,278.0,0.0,0.0,1.0,1.0,0.04,0.06,0.0,255.0,10.0,0.04,0.07,0.0,0.0,0.0,0.0,1.0,1.0,109763.0
0.0,2.0,46.0,9.0,28.0,0.0,3.0,0.0,0.0,0.0,0.0,0.0,0.0,66.0,0.0,0.0,0.0,0.0,1.0,0.0,0.0,255.0,66.0,0.26,0.01,0.26,0.0,0.0,0.0,0.0,1.0,87748.0
0.0,1.0,17.0,5.0,0.0,0.0,0.0,0.0,0.0,0.0,0.0,0.0,0.0,246.0,1.0,1.0,0.0,0.0,0.06,0.06,0.0,255.0,2.0,0.01,0.09,0.0,0.0,1.0,1.0,0.0,1.0,96886.0
0.0,2.0,46.0,9.0,28.0,0.0,3.0,0.0,0.0,0.0,0.0,0.0,0.0,15.0,0.0,0.0,0.0,0.0,1.0,0.0,0.0,87.0,15.0,0.17,0.05,0.17,0.0,0.0,0.0,0.0,1.0,69543.0
0.0,1.0,2.0,1.0,0.0,0.0,0.0,0.0,0.0,0.0,0.0,0.0,0.0,224.0,0.0,0.0,1.0,1.0,0.04,0.07,0.0,255.0,10.0,0.04,0.07,0.0,0.0,0.0,0.0,1.0,1.0,93806.0
0.0,0.0,14.0,9.0,520.0,0.0,0.0,0.0,0.0,0.0,0.0,0.0,0.0,54.0,0.0,0.0,0.0,0.0,1.0,0.0,0.0,255.0,255.0,1.0,0.0,1.0,0.0,0.0,0.0,0.0,1.0,31051.0
0.0,1.0,46.0,5.0,0.0,0.0,0.0,0.0,0.0,0.0,0.0,0.0,0.0,89.0,1.0,1.0,0.0,0.0,0.18,0.06,0.0,255.0,2.0,0.01,0.06,0.0,0.0,1.0,1.0,0.0,1.0,6314.0
0.0,1.0,57.0,5.0,0.0,0.0,0.0,0.0,0.0,0.0,0.0,0.0,0.0,268.0,1.0,1.0,0.0,0.0,0.05,0.06,0.0,255.0,13.0,0.05,0.08,0.0,0.0,1.0,1.0,0.0,1.0,96363.0
0.0,1.0,46.0,1.0,0.0,0.0,0.0,0.0,0.0,0.0,0.0,0.0,0.0,99.0,0.07,0.0,0.93,1.0,0.01,1.0,0.0,255.0,1.0,0.0,0.65,0.0,0.0,0.03,0.0,1.0,1.0,39347.0
0.0,2.0,11.0,9.0,35.0,0.0,0.0,0.0,0.0,0.0,0.0,0.0,0.0,1.0,0.0,0.0,0.0,0.0,1.0,0.0,1.0,246.0,31.0,0.13,0.02,0.13,0.0,0.0,0.0,0.0,0.0,38367.0
0.0,1.0,57.0,5.0,0.0,0.0,0.0,0.0,0.0,0.0,0.0,0.0,0.0,14.0,1.0,1.0,0.0,0.0,0.07,0.36,0.0,255.0,11.0,0.04,0.08,0.0,0.0,1.0,1.0,0.0,1.0,43126.0
1500.0,2.0,41.0,9.0,147.0,105.0,0.0,0.0,0.0,0.0,0.0,0.0,0.0,4.0,0.0,0.0,0.0,0.0,0.5,0.5,0.0,255.0,2.0,0.01,0.72,1.0,0.0,0.0,0.0,0.0,0.0,40617.0
0.0,2.0,11.0,9.0,44.0,44.0,0.0,0.0,0.0,0.0,0.0,0.0,0.0,85.0,0.0,0.0,0.0,0.0,0.99,0.02,0.01,255.0,254.0,1.0,0.01,0.01,0.0,0.0,0.0,0.0,0.0,109489.0
0.0,1.0,44.0,5.0,0.0,0.0,0.0,0.0,0.0,0.0,0.0,0.0,0.0,274.0,1.0,1.0,0.0,0.0,0.05,0.06,0.0,255.0,14.0,0.05,0.07,0.0,0.0,1.0,1.0,0.0,1.0,56264.0
0.0,1.0,22.0,5.0,0.0,0.0,0.0,0.0,0.0,0.0,0.0,0.0,0.0,53.0,1.0,1.0,0.0,0.0,0.3,0.08,0.0,255.0,43.0,0.17,0.04,0.0,0.0,1.0,1.0,0.0,1.0,28613.0
0.0,1.0,46.0,1.0,0.0,0.0,0.0,0.0,0.0,0.0,0.0,0.0,0.0,87.0,0.01,0.0,0.92,1.0,0.01,1.0,0.0,212.0,1.0,0.0,0.44,0.0,0.0,0.0,0.0,1.0,1.0,88778.0
0.0,1.0,4.0,5.0,0.0,0.0,0.0,0.0,0.0,0.0,0.0,0.0,0.0,277.0,1.0,1.0,0.0,0.0,0.04,0.05,0.0,255.0,12.0,0.05,0.07,0.0,0.0,1.0,1.0,0.0,1.0,45465.0
0.0,1.0,22.0,5.0,0.0,0.0,0.0,0.0,0.0,0.0,0.0,0.0,0.0,243.0,1.0,1.0,0.0,0.0,0.02,0.07,0.0,255.0,6.0,0.02,0.08,0.0,0.0,1.0,1.0,0.0,1.0,121756.0
0.0,1.0,46.0,1.0,0.0,0.0,0.0,0.0,0.0,0.0,0.0,0.0,0.0,199.0,0.1,0.0,0.89,1.0,0.01,1.0,0.0,255.0,1.0,0.0,0.9,0.0,0.0,0.07,0.0,1.0,1.0,68477.0
0.0,1.0,41.0,1.0,0.0,0.0,0.0,0.0,0.0,0.0,0.0,0.0,0.0,511.0,0.2,0.0,0.79,1.0,0.0,1.0,0.0,255.0,1.0,0.0,1.0,0.0,0.0,0.27,0.0,1.0,1.0,20763.0
0.0,1.0,46.0,5.0,0.0,0.0,0.0,0.0,0.0,0.0,0.0,0.0,0.0,129.0,1.0,1.0,0.0,0.0,0.16,0.05,0.0,255.0,20.0,0.08,0.05,0.0,0.0,1.0,1.0,0.0,1.0,66382.0
2295.0,2.0,41.0,9.0,147.0,105.0,0.0,0.0,0.0,0.0,0.0,0.0,0.0,2.0,0.0,0.0,0.0,0.0,1.0,0.0,0.0,255.0,2.0,0.01,0.91,1.0,0.0,0.0,0.0,0.0,0.0,75514.0
0.0,1.0,2.0,5.0,0.0,0.0,0.0,0.0,0.0,0.0,0.0,0.0,0.0,122.0,1.0,1.0,0.0,0.0,0.13,0.07,0.0,255.0,16.0,0.06,0.07,0.0,0.0,1.0,1.0,0.0,1.0,37995.0
0.0,1.0,57.0,5.0,0.0,0.0,0.0,0.0,0.0,0.0,0.0,0.0,0.0,227.0,1.0,1.0,0.0,0.0,0.06,0.07,0.0,255.0,14.0,0.05,0.09,0.0,0.0,1.0,1.0,0.0,1.0,1824.0
0.0,2.0,11.0,9.0,43.0,43.0,0.0,0.0,0.0,0.0,0.0,0.0,0.0,130.0,0.0,0.0,0.0,0.0,1.0,0.0,0.01,255.0,255.0,1.0,0.0,0.01,0.0,0.0,0.0,0.0,0.0,12680.0
5.0,1.0,22.0,1.0,0.0,0.0,0.0,0.0,0.0,0.0,0.0,0.0,0.0,1.0,0.0,0.0,1.0,1.0,1.0,0.0,1.0,255.0,211.0,0.83,0.02,0.0,0.0,0.0,0.0,1.0,0.0,42134.0
0.0,1.0,46.0,5.0,0.0,0.0,0.0,0.0,0.0,0.0,0.0,0.0,0.0,8.0,1.0,1.0,0.0,0.0,0.38,0.5,0.0,255.0,3.0,0.01,0.09,0.0,0.0,1.0,1.0,0.0,1.0,18314.0
4178.0,2.0,41.0,9.0,147.0,105.0,0.0,0.0,0.0,0.0,0.0,0.0,0.0,1.0,0.0,0.0,0.0,0.0,1.0,0.0,0.0,255.0,3.0,0.01,0.29,0.62,0.0,0.0,0.0,0.0,0.0,98588.0
0.0,1.0,19.0,5.0,0.0,0.0,0.0,0.0,0.0,0.0,0.0,0.0,0.0,15.0,1.0,1.0,0.0,0.0,0.2,0.27,0.0,255.0,63.0,0.25,0.02,0.0,0.0,1.0,1.0,0.0,1.0,80606.0
0.0,1.0,46.0,5.0,0.0,0.0,0.0,0.0,0.0,0.0,0.0,0.0,0.0,27.0,1.0,1.0,0.0,0.0,0.04,0.22,0.0,255.0,13.0,0.05,0.09,0.0,0.0,1.0,1.0,0.0,1.0,52043.0
0.0,1.0,3.0,5.0,0.0,0.0,0.0,0.0,0.0,0.0,0.0,0.0,0.0,206.0,1.0,1.0,0.0,0.0,0.01,0.07,0.0,255.0,3.0,0.01,0.07,0.0,0.0,1.0,1.0,0.0,1.0,22746.0
0.0,1.0,46.0,5.0,0.0,0.0,0.0,0.0,0.0,0.0,0.0,0.0,0.0,211.0,1.0,1.0,0.0,0.0,0.07,0.05,0.0,255.0,14.0,0.05,0.05,0.0,0.0,1.0,1.0,0.0,1.0,124347.0
0.0,1.0,35.0,5.0,0.0,0.0,0.0,0.0,0.0,0.0,0.0,0.0,0.0,274.0,1.0,1.0,0.0,0.0,0.03,0.06,0.0,255.0,3.0,0.01,0.07,0.0,0.0,1.0,1.0,0.0,1.0,111711.0
0.0,1.0,26.0,5.0,0.0,0.0,0.0,0.0,0.0,0.0,0.0,0.0,0.0,211.0,1.0,1.0,0.0,0.0,0.02,0.07,0.0,255.0,12.0,0.05,0.09,0.0,0.0,1.0,1.0,0.0,1.0,33527.0
5619.0,2.0,41.0,9.0,147.0,105.0,0.0,0.0,0.0,0.0,0.0,0.0,0.0,1.0,0.0,0.0,0.0,0.0,1.0,0.0,0.0,255.0,1.0,0.0,0.85,1.0,0.0,0.0,0.0,0.0,0.0,52644.0
0.0,1.0,36.0,5.0,0.0,0.0,0.0,0.0,0.0,0.0,0.0,0.0,0.0,242.0,1.0,1.0,0.0,0.0,0.08,0.07,0.0,255.0,20.0,0.08,0.07,0.0,0.0,1.0,1.0,0.0,1.0,70503.0
0.0,1.0,21.0,5.0,0.0,0.0,0.0,0.0,0.0,0.0,0.0,0.0,0.0,284.0,1.0,1.0,0.0,0.0,0.07,0.06,0.0,255.0,19.0,0.07,0.09,0.0,0.0,1.0,1.0,0.0,1.0,81917.0
0.0,2.0,11.0,9.0,46.0,74.0,0.0,0.0,0.0,0.0,0.0,0.0,0.0,133.0,0.0,0.0,0.0,0.0,1.0,0.0,0.0,255.0,255.0,1.0,0.0,0.01,0.0,0.0,0.0,0.0,0.0,113231.0
0.0,1.0,46.0,5.0,0.0,0.0,0.0,0.0,0.0,0.0,0.0,0.0,0.0,185.0,1.0,1.0,0.0,0.0,0.03,0.06,0.0,224.0,5.0,0.02,0.08,0.0,0.0,0.94,1.0,0.0,1.0,79676.0
0.0,1.0,29.0,5.0,0.0,0.0,0.0,0.0,0.0,0.0,0.0,0.0,0.0,262.0,1.0,1.0,0.0,0.0,0.09,0.05,0.0,255.0,24.0,0.09,0.05,0.0,0.0,1.0,1.0,0.0,1.0,82107.0
0.0,1.0,22.0,5.0,0.0,0.0,0.0,0.0,0.0,0.0,0.0,0.0,0.0,7.0,1.0,1.0,0.0,0.0,0.43,0.43,0.0,255.0,55.0,0.22,0.03,0.0,0.0,1.0,1.0,0.0,1.0,43761.0
0.0,1.0,25.0,1.0,0.0,0.0,0.0,0.0,0.0,0.0,0.0,0.0,0.0,268.0,0.0,0.0,1.0,1.0,0.01,0.06,0.0,255.0,4.0,0.02,0.07,0.0,0.0,0.0,0.0,1.0,1.0,125663.0
0.0,1.0,32.0,5.0,0.0,0.0,0.0,0.0,0.0,0.0,0.0,0.0,0.0,262.0,1.0,1.0,0.0,0.0,0.09,0.05,0.0,255.0,24.0,0.09,0.05,0.0,0.0,1.0,1.0,0.0,1.0,112612.0
0.0,2.0,46.0,9.0,1.0,0.0,0.0,0.0,0.0,0.0,0.0,0.0,0.0,29.0,0.0,0.0,0.0,0.0,0.28,0.1,0.0,255.0,8.0,0.03,0.87,0.14,0.0,0.1,0.0,0.0,1.0,11359.0
0.0,1.0,46.0,5.0,0.0,0.0,0.0,0.0,0.0,0.0,0.0,0.0,0.0,67.0,1.0,1.0,0.0,0.0,0.03,0.07,0.0,255.0,14.0,0.05,0.07,0.0,0.0,1.0,1.0,0.0,1.0,99474.0
0.0,1.0,46.0,5.0,0.0,0.0,0.0,0.0,0.0,0.0,0.0,0.0,0.0,131.0,1.0,1.0,0.0,0.0,0.02,0.06,0.0,255.0,17.0,0.07,0.08,0.0,0.0,1.0,1.0,0.0,1.0,66713.0
0.0,1.0,46.0,5.0,0.0,0.0,0.0,0.0,0.0,0.0,0.0,0.0,0.0,133.0,1.0,1.0,0.0,0.0,0.13,0.06,0.0,255.0,3.0,0.01,0.07,0.0,0.0,1.0,1.0,0.0,1.0,9487.0
0.0,1.0,22.0,5.0,0.0,0.0,0.0,0.0,0.0,0.0,0.0,0.0,0.0,238.0,1.0,1.0,0.0,0.0,0.0,0.07,0.0,255.0,1.0,0.0,0.07,0.0,0.0,1.0,1.0,0.0,1.0,42383.0
0.0,0.0,61.0,9.0,78.0,0.0,0.0,0.0,0.0,0.0,0.0,0.0,0.0,21.0,0.0,0.0,0.0,0.0,0.19,0.1,0.0,255.0,5.0,0.02,0.01,0.02,0.0,0.0,0.0,0.0,0.0,76456.0
0.0,2.0,11.0,9.0,46.0,72.0,0.0,0.0,0.0,0.0,0.0,0.0,0.0,135.0,0.0,0.0,0.0,0.0,0.99,0.01,0.0,255.0,254.0,1.0,0.01,0.01,0.0,0.0,0.0,0.0,0.0,35105.0
0.0,1.0,22.0,1.0,0.0,0.0,0.0,0.0,0.0,0.0,0.0,0.0,0.0,2.0,0.0,0.0,1.0,1.0,1.0,0.0,0.0,19.0,201.0,1.0,0.0,0.05,0.21,0.0,0.0,1.0,0.0,12187.0
0.0,1.0,46.0,5.0,0.0,0.0,0.0,0.0,0.0,0.0,0.0,0.0,0.0,87.0,1.0,1.0,0.0,0.0,0.1,0.08,0.0,255.0,18.0,0.07,0.08,0.0,0.0,1.0,1.0,0.0,1.0,64708.0
0.0,1.0,62.0,2.0,0.0,0.0,0.0,0.0,0.0,0.0,0.0,0.0,0.0,118.0,0.0,0.0,1.0,1.0,0.15,0.07,0.0,255.0,18.0,0.07,0.06,0.0,0.0,0.0,0.0,1.0,1.0,81218.0
0.0,1.0,8.0,5.0,0.0,0.0,0.0,0.0,0.0,0.0,0.0,0.0,0.0,252.0,1.0,1.0,0.0,0.0,0.02,0.07,0.0,255.0,4.0,0.02,0.07,0.0,0.0,1.0,1.0,0.0,1.0,70453.0
0.0,2.0,11.0,9.0,45.0,138.0,0.0,0.0,0.0,0.0,0.0,0.0,0.0,142.0,0.0,0.0,0.0,0.0,0.99,0.01,0.01,255.0,224.0,0.88,0.02,0.0,0.0,0.0,0.0,0.0,0.0,48114.0
0.0,1.0,46.0,4.0,0.0,0.0,0.0,0.0,0.0,0.0,0.0,0.0,0.0,1.0,0.0,0.0,1.0,1.0,1.0,0.0,0.0,56.0,1.0,0.02,0.2,0.14,0.0,0.11,0.0,1.0,1.0,60582.0
0.0,1.0,3.0,1.0,0.0,0.0,0.0,0.0,0.0,0.0,0.0,0.0,0.0,228.0,0.0,0.0,1.0,1.0,0.03,0.07,0.0,255.0,6.0,0.02,0.07,0.0,0.0,0.0,0.0,1.0,1.0,12992.0
0.0,2.0,46.0,9.0,215.0,0.0,0.0,0.0,0.0,0.0,0.0,0.0,0.0,1.0,0.0,0.0,0.0,0.0,1.0,0.0,0.0,55.0,47.0,0.85,0.04,0.85,0.0,0.0,0.0,0.0,1.0,90955.0
0.0,1.0,62.0,5.0,0.0,0.0,0.0,0.0,0.0,0.0,0.0,0.0,0.0,121.0,1.0,1.0,0.0,0.0,0.08,0.06,0.0,255.0,10.0,0.04,0.06,0.0,0.0,1.0,1.0,0.0,1.0,3979.0
0.0,2.0,11.0,9.0,32.0,0.0,0.0,0.0,0.0,0.0,0.0,0.0,0.0,1.0,0.0,0.0,0.0,0.0,1.0,0.0,1.0,156.0,22.0,0.06,0.04,0.06,0.09,0.0,0.0,0.0,0.0,69952.0
0.0,2.0,11.0,9.0,46.0,46.0,0.0,0.0,0.0,0.0,0.0,0.0,0.0,88.0,0.0,0.0,0.0,0.0,1.0,0.0,0.02,255.0,254.0,1.0,0.01,0.01,0.0,0.0,0.0,0.0,0.0,86052.0
0.0,0.0,14.0,9.0,1032.0,0.0,0.0,0.0,0.0,0.0,0.0,0.0,0.0,511.0,0.0,0.0,0.0,0.0,1.0,0.0,0.0,255.0,58.0,0.23,0.04,0.23,0.0,0.19,0.0,0.0,1.0,106974.0
0.0,1.0,53.0,5.0,0.0,0.0,0.0,0.0,0.0,0.0,0.0,0.0,0.0,245.0,1.0,1.0,0.0,0.0,0.08,0.06,0.0,255.0,3.0,0.01,0.06,0.0,0.0,1.0,1.0,0.0,1.0,120283.0
0.0,1.0,46.0,5.0,0.0,0.0,0.0,0.0,0.0,0.0,0.0,0.0,0.0,120.0,1.0,1.0,0.0,0.0,0.03,0.07,0.0,255.0,1.0,0.0,0.07,0.0,0.0,1.0,1.0,0.0,1.0,98606.0
0.0,0.0,13.0,9.0,8.0,0.0,0.0,0.0,0.0,0.0,0.0,0.0,0.0,1.0,0.0,0.0,0.0,0.0,1.0,0.0,1.0,2.0,129.0,1.0,0.0,1.0,0.5,0.0,0.0,0.0,1.0,9526.0
0.0,1.0,46.0,5.0,0.0,0.0,0.0,0.0,0.0,0.0,0.0,0.0,0.0,131.0,1.0,1.0,0.0,0.0,0.08,0.07,0.0,255.0,4.0,0.02,0.09,0.0,0.0,1.0,1.0,0.0,1.0,89255.0
0.0,1.0,30.0,1.0,0.0,0.0,0.0,0.0,0.0,0.0,0.0,0.0,0.0,280.0,0.0,0.0,1.0,1.0,0.04,0.06,0.0,255.0,12.0,0.05,0.07,0.0,0.0,0.0,0.0,1.0,1.0,123992.0
0.0,1.0,19.0,5.0,0.0,0.0,0.0,0.0,0.0,0.0,0.0,0.0,0.0,1.0,1.0,1.0,0.0,0.0,1.0,0.0,0.0,255.0,44.0,0.17,0.05,0.0,0.0,1.0,1.0,0.0,1.0,62286.0
0.0,1.0,46.0,5.0,0.0,0.0,0.0,0.0,0.0,0.0,0.0,0.0,0.0,293.0,1.0,1.0,0.0,0.0,0.04,0.05,0.0,255.0,16.0,0.06,0.06,0.0,0.0,1.0,1.0,0.0,1.0,63286.0
0.0,1.0,46.0,5.0,0.0,0.0,0.0,0.0,0.0,0.0,0.0,0.0,0.0,127.0,1.0,1.0,0.0,0.0,0.17,0.06,0.0,255.0,1.0,0.0,0.06,0.0,0.0,1.0,1.0,0.0,1.0,85816.0
0.0,2.0,46.0,9.0,1.0,0.0,0.0,0.0,0.0,0.0,0.0,0.0,0.0,50.0,0.0,0.0,0.0,0.0,0.02,0.14,0.0,255.0,1.0,0.0,0.22,1.0,0.0,0.0,0.0,0.0,1.0,95035.0
0.0,2.0,11.0,9.0,44.0,71.0,0.0,0.0,0.0,0.0,0.0,0.0,0.0,112.0,0.0,0.0,0.0,0.0,0.99,0.02,0.0,255.0,254.0,1.0,0.01,0.01,0.0,0.0,0.0,0.0,0.0,20949.0
0.0,1.0,46.0,1.0,0.0,0.0,0.0,0.0,0.0,0.0,0.0,0.0,0.0,511.0,0.11,0.0,0.88,1.0,0.0,1.0,0.0,255.0,1.0,0.0,1.0,0.0,0.0,0.13,0.0,1.0,1.0,78888.0
0.0,1.0,46.0,1.0,0.0,0.0,0.0,0.0,0.0,0.0,0.0,0.0,0.0,252.0,0.0,0.0,1.0,1.0,0.04,0.07,0.0,255.0,10.0,0.04,0.08,0.0,0.0,0.0,0.0,1.0,1.0,121503.0
0.0,1.0,22.0,5.0,0.0,0.0,0.0,0.0,0.0,0.0,0.0,0.0,0.0,48.0,1.0,1.0,0.0,0.0,0.35,0.08,0.0,255.0,57.0,0.22,0.03,0.0,0.0,1.0,1.0,0.0,1.0,33265.0
0.0,1.0,28.0,5.0,0.0,0.0,0.0,0.0,0.0,0.0,0.0,0.0,0.0,117.0,1.0,1.0,0.0,0.0,0.08,0.06,0.0,255.0,9.0,0.04,0.05,0.0,0.0,1.0,1.0,0.0,1.0,45939.0
0.0,1.0,2.0,5.0,0.0,0.0,0.0,0.0,0.0,0.0,0.0,0.0,0.0,290.0,1.0,1.0,0.0,0.0,0.06,0.06,0.0,255.0,3.0,0.01,0.07,0.0,0.0,1.0,1.0,0.0,1.0,43815.0
0.0,0.0,14.0,9.0,1032.0,0.0,0.0,0.0,0.0,0.0,0.0,0.0,0.0,511.0,0.0,0.0,0.0,0.0,1.0,0.0,0.0,255.0,204.0,0.8,0.02,0.8,0.0,0.0,0.0,0.0,1.0,74543.0
0.0,0.0,61.0,9.0,78.0,0.0,0.0,0.0,0.0,0.0,0.0,0.0,0.0,13.0,0.0,0.0,0.0,0.0,0.08,0.15,0.0,255.0,17.0,0.07,0.01,0.07,0.0,0.0,0.0,0.0,0.0,106194.0
0.0,1.0,12.0,4.0,0.0,0.0,0.0,0.0,0.0,0.0,0.0,0.0,0.0,1.0,0.0,0.0,1.0,1.0,1.0,0.0,0.0,55.0,1.0,0.02,0.18,0.13,0.0,0.11,0.0,1.0,1.0,26513.0
0.0,1.0,46.0,5.0,0.0,0.0,0.0,0.0,0.0,0.0,0.0,0.0,0.0,99.0,1.0,1.0,0.0,0.0,0.1,0.06,0.0,255.0,33.0,0.13,0.05,0.0,0.0,1.0,1.0,0.0,1.0,98785.0
0.0,1.0,46.0,5.0,0.0,0.0,0.0,0.0,0.0,0.0,0.0,0.0,0.0,120.0,1.0,1.0,0.0,0.0,0.09,0.08,0.0,64.0,11.0,0.17,0.12,0.02,0.0,1.0,1.0,0.0,1.0,76828.0
0.0,1.0,35.0,5.0,0.0,0.0,0.0,0.0,0.0,0.0,0.0,0.0,0.0,86.0,1.0,1.0,0.0,0.0,0.07,0.06,0.0,255.0,3.0,0.01,0.07,0.0,0.0,1.0,1.0,0.0,1.0,118763.0
0.0,0.0,14.0,9.0,520.0,0.0,0.0,0.0,0.0,0.0,0.0,0.0,0.0,214.0,0.0,0.0,0.0,0.0,1.0,0.0,0.0,255.0,255.0,1.0,0.0,1.0,0.0,0.0,0.0,0.0,1.0,14678.0
0.0,1.0,18.0,5.0,0.0,0.0,0.0,0.0,0.0,0.0,0.0,0.0,0.0,279.0,1.0,1.0,0.0,0.0,0.04,0.06,0.0,255.0,10.0,0.04,0.07,0.0,0.0,1.0,1.0,0.0,1.0,49656.0
0.0,1.0,31.0,5.0,0.0,0.0,0.0,0.0,0.0,0.0,0.0,0.0,0.0,147.0,1.0,1.0,0.0,0.0,0.17,0.05,0.0,255.0,25.0,0.1,0.05,0.0,0.0,1.0,1.0,0.0,1.0,84403.0
0.0,1.0,46.0,5.0,0.0,0.0,0.0,0.0,0.0,0.0,0.0,0.0,0.0,80.0,1.0,1.0,0.0,0.0,0.3,0.06,0.0,255.0,24.0,0.09,0.05,0.0,0.0,1.0,1.0,0.0,1.0,82612.0
39399.0,1.0,46.0,4.0,1.0,0.0,0.0,0.0,0.0,0.0,0.0,0.0,0.0,2.0,0.0,0.0,1.0,1.0,1.0,0.0,0.0,255.0,2.0,0.01,0.5,1.0,0.0,0.0,0.0,1.0,1.0,5987.0
0.0,1.0,65.0,4.0,0.0,0.0,0.0,0.0,0.0,0.0,0.0,0.0,0.0,1.0,0.0,0.0,1.0,1.0,1.0,0.0,0.0,141.0,1.0,0.01,0.31,0.3,0.0,0.0,0.0,1.0,1.0,15998.0
0.0,1.0,15.0,1.0,0.0,0.0,0.0,0.0,0.0,0.0,0.0,0.0,0.0,133.0,0.0,0.0,1.0,1.0,0.05,0.07,0.0,255.0,6.0,0.02,0.06,0.0,0.0,0.0,0.0,1.0,1.0,90096.0
0.0,1.0,12.0,5.0,0.0,0.0,0.0,0.0,0.0,0.0,0.0,0.0,0.0,198.0,1.0,1.0,0.0,0.0,0.07,0.07,0.0,255.0,13.0,0.05,0.07,0.0,0.0,1.0,1.0,0.0,1.0,59364.0
0.0,1.0,22.0,5.0,0.0,0.0,0.0,0.0,0.0,0.0,0.0,0.0,0.0,2.0,0.5,0.33,0.0,0.0,1.0,0.0,0.67,50.0,255.0,1.0,0.0,0.04,0.06,0.04,0.01,0.01,0.0,29357.0
0.0,1.0,46.0,5.0,0.0,0.0,0.0,0.0,0.0,0.0,0.0,0.0,0.0,83.0,1.0,1.0,0.0,0.0,0.04,0.06,0.0,255.0,16.0,0.06,0.07,0.0,0.0,1.0,1.0,0.0,1.0,63011.0
0.0,1.0,17.0,2.0,0.0,0.0,0.0,0.0,0.0,0.0,0.0,0.0,0.0,173.0,0.0,0.0,1.0,1.0,0.01,0.53,0.0,255.0,3.0,0.01,0.36,0.68,0.0,0.0,0.0,0.33,1.0,5615.0
0.0,1.0,62.0,2.0,0.0,0.0,0.0,0.0,0.0,0.0,0.0,0.0,0.0,135.0,0.0,0.0,1.0,1.0,0.11,0.06,0.0,255.0,15.0,0.06,0.06,0.0,0.0,0.0,0.0,1.0,1.0,10418.0
0.0,0.0,13.0,9.0,8.0,0.0,0.0,0.0,0.0,0.0,0.0,0.0,0.0,1.0,0.0,0.0,0.0,0.0,1.0,0.0,1.0,2.0,176.0,1.0,0.0,1.0,0.5,0.0,0.0,0.0,1.0,31230.0
0.0,1.0,59.0,2.0,0.0,0.0,0.0,0.0,0.0,0.0,0.0,0.0,0.0,257.0,0.0,0.0,1.0,1.0,0.01,0.07,0.0,255.0,2.0,0.01,0.07,0.0,0.0,0.0,0.0,1.0,1.0,123472.0
0.0,2.0,46.0,9.0,28.0,0.0,3.0,0.0,0.0,0.0,0.0,0.0,0.0,96.0,0.0,0.0,0.0,0.0,1.0,0.0,0.0,255.0,96.0,0.38,0.01,0.38,0.0,0.0,0.0,0.0,1.0,60239.0
0.0,1.0,28.0,1.0,0.0,0.0,0.0,0.0,0.0,0.0,0.0,0.0,0.0,130.0,0.0,0.0,1.0,1.0,0.05,0.06,0.0,255.0,6.0,0.02,0.05,0.0,0.0,0.0,0.0,1.0,1.0,59590.0
6.0,1.0,20.0,2.0,0.0,77.0,0.0,0.0,1.0,0.0,0.0,0.0,0.0,1.0,0.0,0.0,1.0,1.0,1.0,0.0,0.0,51.0,2.0,0.02,1.0,0.02,1.0,0.0,0.0,0.5,1.0,97474.0
2470.0,2.0,41.0,9.0,147.0,105.0,0.0,0.0,0.0,0.0,0.0,0.0,0.0,1.0,0.0,0.0,0.0,0.0,1.0,0.0,0.0,255.0,1.0,0.0,0.82,1.0,0.0,0.0,0.0,0.0,0.0,26073.0
0.0,1.0,46.0,5.0,0.0,0.0,0.0,0.0,0.0,0.0,0.0,0.0,0.0,98.0,1.0,1.0,0.0,0.0,0.09,0.06,0.0,255.0,9.0,0.04,0.07,0.0,0.0,1.0,1.0,0.0,1.0,68707.0
0.0,1.0,46.0,5.0,0.0,0.0,0.0,0.0,0.0,0.0,0.0,0.0,0.0,218.0,1.0,1.0,0.0,0.0,0.02,0.07,0.0,255.0,8.0,0.03,0.07,0.0,0.0,1.0,1.0,0.0,1.0,49227.0
0.0,0.0,13.0,9.0,8.0,0.0,0.0,0.0,0.0,0.0,0.0,0.0,0.0,1.0,0.0,0.0,0.0,0.0,1.0,0.0,1.0,2.0,37.0,1.0,0.0,1.0,0.51,0.0,0.0,0.0,1.0,22913.0
0.0,0.0,14.0,9.0,1032.0,0.0,0.0,0.0,0.0,0.0,0.0,0.0,0.0,511.0,0.0,0.0,0.0,0.0,1.0,0.0,0.0,118.0,24.0,0.2,0.06,0.2,0.0,0.02,0.0,0.0,1.0,86335.0
0.0,1.0,22.0,1.0,0.0,0.0,0.0,0.0,0.0,0.0,0.0,0.0,0.0,1.0,0.0,0.0,1.0,1.0,1.0,0.0,0.0,87.0,58.0,0.67,0.07,0.01,0.0,0.02,0.0,0.97,0.0,8877.0
0.0,1.0,20.0,1.0,0.0,0.0,0.0,0.0,0.0,0.0,0.0,0.0,0.0,259.0,0.0,0.0,1.0,1.0,0.06,0.05,0.0,255.0,16.0,0.06,0.06,0.0,0.0,0.0,0.0,1.0,1.0,12230.0
915.0,2.0,41.0,9.0,147.0,105.0,0.0,0.0,0.0,0.0,0.0,0.0,0.0,1.0,0.0,0.0,0.0,0.0,1.0,0.0,0.0,255.0,1.0,0.0,0.53,0.93,0.0,0.0,0.0,0.0,0.0,2306.0
0.0,1.0,46.0,1.0,0.0,0.0,0.0,0.0,0.0,0.0,0.0,0.0,0.0,130.0,0.0,0.0,1.0,1.0,0.07,0.07,0.0,255.0,6.0,0.02,0.06,0.0,0.0,0.0,0.0,1.0,1.0,107755.0
0.0,1.0,23.0,5.0,0.0,0.0,0.0,0.0,0.0,0.0,0.0,0.0,0.0,121.0,1.0,1.0,0.0,0.0,0.05,0.07,0.0,255.0,6.0,0.02,0.06,0.0,0.0,1.0,1.0,0.0,1.0,55028.0
0.0,1.0,46.0,5.0,0.0,0.0,0.0,0.0,0.0,0.0,0.0,0.0,0.0,33.0,1.0,1.0,0.0,0.0,0.3,0.09,0.0,255.0,16.0,0.06,0.07,0.0,0.0,1.0,1.0,0.0,1.0,8141.0
0.0,1.0,57.0,5.0,0.0,0.0,0.0,0.0,0.0,0.0,0.0,0.0,0.0,251.0,1.0,1.0,0.0,0.0,0.02,0.06,0.0,255.0,16.0,0.06,0.07,0.0,0.0,1.0,1.0,0.0,1.0,10259.0
0.0,2.0,11.0,9.0,30.0,0.0,0.0,0.0,0.0,0.0,0.0,0.0,0.0,1.0,0.0,0.0,0.0,0.0,1.0,0.0,0.75,255.0,26.0,0.1,0.03,0.1,0.0,0.0,0.0,0.0,0.0,54195.0
0.0,1.0,4.0,1.0,0.0,0.0,0.0,0.0,0.0,0.0,0.0,0.0,0.0,237.0,0.0,0.0,1.0,1.0,0.07,0.07,0.0,255.0,17.0,0.07,0.07,0.0,0.0,0.0,0.0,1.0,1.0,98060.0
0.0,1.0,57.0,5.0,0.0,0.0,0.0,0.0,0.0,0.0,0.0,0.0,0.0,2.0,1.0,1.0,0.0,0.0,0.5,1.0,0.0,255.0,48.0,0.19,0.05,0.01,0.0,1.0,1.0,0.0,1.0,28890.0
0.0,1.0,46.0,1.0,0.0,0.0,0.0,0.0,0.0,0.0,0.0,0.0,0.0,199.0,0.0,0.0,1.0,1.0,0.09,0.07,0.0,255.0,18.0,0.07,0.09,0.0,0.0,0.0,0.0,1.0,1.0,68783.0
0.0,1.0,46.0,5.0,0.0,0.0,0.0,0.0,0.0,0.0,0.0,0.0,0.0,212.0,1.0,1.0,0.0,0.0,0.01,0.07,0.0,255.0,3.0,0.01,0.08,0.0,0.0,1.0,1.0,0.0,1.0,13058.0
0.0,1.0,22.0,5.0,0.0,0.0,0.0,0.0,0.0,0.0,0.0,0.0,0.0,279.0,1.0,1.0,0.0,0.0,0.04,0.06,0.0,255.0,11.0,0.04,0.06,0.0,0.0,1.0,1.0,0.0,1.0,43695.0
0.0,1.0,22.0,5.0,0.0,0.0,0.0,0.0,0.0,0.0,0.0,0.0,0.0,31.0,1.0,1.0,0.0,0.0,0.48,0.06,0.0,255.0,60.0,0.24,0.04,0.01,0.0,1.0,1.0,0.0,1.0,93136.0
0.0,1.0,46.0,5.0,0.0,0.0,0.0,0.0,0.0,0.0,0.0,0.0,0.0,116.0,1.0,1.0,0.0,0.0,0.14,0.06,0.0,255.0,36.0,0.14,0.06,0.0,0.0,1.0,1.0,0.0,1.0,88078.0
0.0,2.0,46.0,9.0,28.0,0.0,3.0,0.0,0.0,0.0,0.0,0.0,0.0,86.0,0.0,0.0,0.0,0.0,1.0,0.0,0.0,255.0,86.0,0.34,0.64,0.34,0.0,0.0,0.0,0.0,1.0,38022.0
0.0,1.0,22.0,1.0,0.0,0.0,0.0,0.0,0.0,0.0,0.0,0.0,0.0,1.0,0.0,0.0,1.0,1.0,1.0,0.0,0.0,255.0,211.0,0.83,0.02,0.0,0.0,0.0,0.0,1.0,0.0,60876.0
0.0,1.0,22.0,1.0,0.0,0.0,0.0,0.0,0.0,0.0,0.0,0.0,0.0,1.0,0.0,0.0,1.0,1.0,1.0,0.0,0.0,118.0,118.0,1.0,0.0,0.01,0.0,0.0,0.0,1.0,0.0,32858.0
1.0,1.0,46.0,4.0,0.0,0.0,0.0,0.0,0.0,0.0,0.0,0.0,0.0,8.0,0.0,0.0,1.0,1.0,0.25,0.5,0.0,178.0,2.0,0.01,0.04,0.04,0.0,0.01,0.0,1.0,1.0,96876.0
0.0,1.0,3.0,5.0,0.0,0.0,0.0,0.0,0.0,0.0,0.0,0.0,0.0,105.0,1.0,1.0,0.0,0.0,0.05,0.05,0.0,255.0,5.0,0.02,0.04,0.0,0.0,1.0,1.0,0.0,1.0,24408.0
0.0,2.0,11.0,9.0,46.0,46.0,0.0,0.0,0.0,0.0,0.0,0.0,0.0,96.0,0.0,0.0,0.0,0.0,1.0,0.0,0.01,255.0,255.0,1.0,0.0,0.01,0.0,0.0,0.0,0.0,0.0,64118.0
0.0,1.0,34.0,5.0,0.0,0.0,0.0,0.0,0.0,0.0,0.0,0.0,0.0,150.0,1.0,1.0,0.0,0.0,0.13,0.06,0.0,255.0,4.0,0.02,0.07,0.0,0.0,1.0,1.0,0.0,1.0,49457.0
0.0,1.0,18.0,2.0,0.0,0.0,0.0,0.0,0.0,0.0,0.0,0.0,0.0,275.0,0.0,0.0,1.0,1.0,0.07,0.06,0.0,255.0,19.0,0.07,0.07,0.0,0.0,0.0,0.0,1.0,1.0,99724.0
0.0,1.0,41.0,1.0,0.0,0.0,0.0,0.0,0.0,0.0,0.0,0.0,0.0,403.0,0.09,0.0,0.91,1.0,0.0,1.0,0.0,255.0,1.0,0.0,1.0,0.0,0.0,0.11,0.0,1.0,1.0,110389.0
0.0,0.0,14.0,9.0,1032.0,0.0,0.0,0.0,0.0,0.0,0.0,0.0,0.0,511.0,0.0,0.0,0.0,0.0,1.0,0.0,0.0,255.0,119.0,0.47,0.18,0.47,0.0,0.0,0.0,0.0,1.0,15976.0
0.0,1.0,46.0,5.0,0.0,0.0,0.0,0.0,0.0,0.0,0.0,0.0,0.0,141.0,1.0,1.0,0.0,0.0,0.15,0.05,0.0,255.0,21.0,0.08,0.05,0.0,0.0,1.0,1.0,0.0,1.0,85576.0
0.0,0.0,13.0,9.0,30.0,0.0,0.0,0.0,0.0,0.0,0.0,0.0,0.0,1.0,0.0,0.0,0.0,0.0,1.0,0.0,0.0,237.0,237.0,1.0,0.0,1.0,0.0,0.0,0.0,0.0,0.0,121224.0
0.0,2.0,11.0,9.0,44.0,44.0,0.0,0.0,0.0,0.0,0.0,0.0,0.0,134.0,0.0,0.0,0.0,0.0,1.0,0.0,0.02,255.0,254.0,1.0,0.01,0.01,0.0,0.0,0.0,0.0,0.0,32207.0
0.0,1.0,46.0,1.0,0.0,0.0,0.0,0.0,0.0,0.0,0.0,0.0,0.0,244.0,0.1,0.0,0.89,1.0,0.0,1.0,0.0,255.0,1.0,0.0,0.99,0.0,0.0,0.1,0.0,1.0,1.0,125382.0
0.0,1.0,22.0,5.0,0.0,0.0,0.0,0.0,0.0,0.0,0.0,0.0,0.0,2.0,0.5,0.12,0.0,0.0,1.0,0.0,0.25,50.0,255.0,1.0,0.0,0.04,0.07,0.06,0.01,0.0,0.0,18951.0
0.0,1.0,17.0,5.0,0.0,0.0,0.0,0.0,0.0,0.0,0.0,0.0,0.0,204.0,1.0,1.0,0.0,0.0,0.08,0.07,0.0,255.0,16.0,0.06,0.07,0.0,0.0,1.0,1.0,0.0,1.0,61969.0
0.0,1.0,31.0,5.0,0.0,0.0,0.0,0.0,0.0,0.0,0.0,0.0,0.0,102.0,1.0,1.0,0.0,0.0,0.12,0.06,0.0,255.0,12.0,0.05,0.06,0.0,0.0,1.0,1.0,0.0,1.0,70532.0
0.0,1.0,33.0,5.0,0.0,0.0,0.0,0.0,0.0,0.0,0.0,0.0,0.0,243.0,1.0,1.0,0.0,0.0,0.02,0.06,0.0,255.0,5.0,0.02,0.06,0.0,0.0,1.0,1.0,0.0,1.0,69355.0
0.0,2.0,11.0,9.0,45.0,128.0,0.0,0.0,0.0,0.0,0.0,0.0,0.0,127.0,0.0,0.0,0.0,0.0,1.0,0.0,0.01,255.0,255.0,1.0,0.0,0.0,0.0,0.0,0.0,0.0,0.0,81208.0
0.0,1.0,10.0,5.0,0.0,0.0,0.0,0.0,0.0,0.0,0.0,0.0,0.0,237.0,1.0,1.0,0.0,0.0,0.08,0.07,0.0,255.0,20.0,0.08,0.07,0.0,0.0,1.0,1.0,0.0,1.0,2761.0
0.0,0.0,14.0,9.0,1032.0,0.0,0.0,0.0,0.0,0.0,0.0,0.0,0.0,511.0,0.0,0.0,0.0,0.0,1.0,0.0,0.0,160.0,66.0,0.41,0.04,0.41,0.0,0.01,0.0,0.0,1.0,109795.0
0.0,1.0,46.0,5.0,0.0,0.0,0.0,0.0,0.0,0.0,0.0,0.0,0.0,202.0,1.0,1.0,0.0,0.0,0.02,0.07,0.0,255.0,6.0,0.02,0.07,0.0,0.0,1.0,1.0,0.0,1.0,28437.0
0.0,1.0,22.0,5.0,0.0,0.0,0.0,0.0,0.0,0.0,0.0,0.0,0.0,19.0,0.95,1.0,0.05,0.0,0.95,0.11,0.0,255.0,56.0,0.22,0.04,0.0,0.0,1.0,1.0,0.0,1.0,124884.0
0.0,1.0,26.0,5.0,0.0,0.0,0.0,0.0,0.0,0.0,0.0,0.0,0.0,244.0,1.0,1.0,0.0,0.0,0.04,0.06,0.0,255.0,9.0,0.04,0.07,0.0,0.0,1.0,1.0,0.0,1.0,95074.0
0.0,1.0,56.0,5.0,0.0,0.0,0.0,0.0,0.0,0.0,0.0,0.0,0.0,262.0,1.0,1.0,0.0,0.0,0.08,0.05,0.0,255.0,22.0,0.09,0.05,0.0,0.0,1.0,1.0,0.0,1.0,27137.0
0.0,1.0,29.0,5.0,0.0,0.0,0.0,0.0,0.0,0.0,0.0,0.0,0.0,300.0,1.0,1.0,0.0,0.0,0.08,0.05,0.0,255.0,25.0,0.1,0.05,0.0,0.0,1.0,1.0,0.0,1.0,35558.0
0.0,1.0,46.0,5.0,0.0,0.0,0.0,0.0,0.0,0.0,0.0,0.0,0.0,130.0,1.0,1.0,0.0,0.0,0.06,0.06,0.0,255.0,15.0,0.06,0.06,0.0,0.0,1.0,1.0,0.0,1.0,79365.0
0.0,1.0,46.0,5.0,0.0,0.0,0.0,0.0,0.0,0.0,0.0,0.0,0.0,125.0,1.0,1.0,0.0,0.0,0.11,0.06,0.0,255.0,34.0,0.13,0.06,0.0,0.0,1.0,1.0,0.0,1.0,38819.0
0.0,1.0,46.0,5.0,0.0,0.0,0.0,0.0,0.0,0.0,0.0,0.0,0.0,54.0,1.0,1.0,0.0,0.0,0.26,0.11,0.0,255.0,14.0,0.05,0.08,0.0,0.0,1.0,1.0,0.0,1.0,82416.0
6.0,1.0,10.0,9.0,0.0,0.0,0.0,0.0,0.0,0.0,0.0,0.0,0.0,1.0,0.0,0.0,0.0,0.0,1.0,0.0,0.0,34.0,2.0,0.03,1.0,0.03,1.0,0.0,0.0,0.0,1.0,104000.0
0.0,0.0,14.0,9.0,1032.0,0.0,0.0,0.0,0.0,0.0,0.0,0.0,0.0,402.0,0.0,0.0,0.0,0.0,1.0,0.0,0.0,255.0,255.0,1.0,0.0,1.0,0.0,0.0,0.0,0.0,1.0,31248.0
0.0,1.0,7.0,5.0,0.0,0.0,0.0,0.0,0.0,0.0,0.0,0.0,0.0,232.0,1.0,1.0,0.0,0.0,0.07,0.07,0.0,255.0,17.0,0.07,0.08,0.0,0.0,1.0,1.0,0.0,1.0,104320.0
0.0,1.0,3.0,1.0,0.0,0.0,0.0,0.0,0.0,0.0,0.0,0.0,0.0,131.0,0.0,0.0,1.0,1.0,0.01,0.07,0.0,255.0,1.0,0.0,0.06,0.0,0.0,0.0,0.0,1.0,1.0,49403.0
0.0,1.0,46.0,5.0,0.0,0.0,0.0,0.0,0.0,0.0,0.0,0.0,0.0,211.0,1.0,1.0,0.0,0.0,0.08,0.06,0.0,255.0,11.0,0.04,0.06,0.0,0.0,1.0,1.0,0.0,1.0,118112.0
0.0,1.0,37.0,5.0,0.0,0.0,0.0,0.0,0.0,0.0,0.0,0.0,0.0,283.0,1.0,1.0,0.0,0.0,0.04,0.06,0.0,255.0,2.0,0.01,0.07,0.0,0.0,1.0,1.0,0.0,1.0,80489.0
0.0,1.0,46.0,1.0,0.0,0.0,0.0,0.0,0.0,0.0,0.0,0.0,0.0,257.0,0.0,0.0,1.0,1.0,0.03,0.06,0.0,255.0,7.0,0.03,0.06,0.0,0.0,0.0,0.0,1.0,1.0,23382.0
0.0,0.0,13.0,9.0,8.0,0.0,0.0,0.0,0.0,0.0,0.0,0.0,0.0,1.0,0.0,0.0,0.0,0.0,1.0,0.0,1.0,2.0,56.0,1.0,0.0,1.0,0.5,0.0,0.0,0.0,1.0,7175.0
0.0,1.0,18.0,5.0,0.0,0.0,0.0,0.0,0.0,0.0,0.0,0.0,0.0,288.0,1.0,1.0,0.0,0.0,0.07,0.05,0.0,255.0,21.0,0.08,0.05,0.0,0.0,1.0,1.0,0.0,1.0,95050.0
0.0,2.0,11.0,9.0,33.0,0.0,0.0,0.0,0.0,0.0,0.0,0.0,0.0,1.0,0.0,0.0,0.0,0.0,1.0,0.0,0.67,213.0,12.0,0.04,0.03,0.04,0.17,0.0,0.0,0.0,0.0,8662.0
871.0,1.0,41.0,4.0,1.0,0.0,0.0,0.0,0.0,0.0,0.0,0.0,0.0,2.0,0.0,0.0,1.0,1.0,1.0,0.0,0.0,255.0,2.0,0.01,0.73,1.0,0.0,0.0,0.0,1.0,1.0,25625.0
0.0,1.0,46.0,5.0,0.0,0.0,0.0,0.0,0.0,0.0,0.0,0.0,0.0,122.0,1.0,1.0,0.0,0.0,0.02,0.06,0.0,255.0,3.0,0.01,0.07,0.0,0.0,1.0,1.0,0.0,1.0,98359.0
0.0,1.0,46.0,5.0,0.0,0.0,0.0,0.0,0.0,0.0,0.0,0.0,0.0,203.0,1.0,1.0,0.0,0.0,0.07,0.05,0.0,255.0,12.0,0.05,0.09,0.0,0.0,1.0,1.0,0.0,1.0,71089.0
0.0,1.0,22.0,1.0,0.0,0.0,0.0,0.0,0.0,0.0,0.0,0.0,0.0,1.0,0.0,0.0,1.0,1.0,1.0,0.0,0.0,85.0,255.0,1.0,0.0,0.01,0.14,0.0,0.0,0.93,0.0,53809.0
0.0,2.0,11.0,9.0,45.0,45.0,0.0,0.0,0.0,0.0,0.0,0.0,0.0,130.0,0.0,0.0,0.0,0.0,1.0,0.0,0.0,255.0,255.0,1.0,0.0,0.0,0.0,0.0,0.0,0.0,0.0,22512.0
0.0,1.0,22.0,1.0,0.0,0.0,0.0,0.0,0.0,0.0,0.0,0.0,0.0,1.0,0.0,0.0,1.0,1.0,1.0,0.0,0.0,31.0,114.0,1.0,0.0,0.03,0.18,0.0,0.0,1.0,0.0,42495.0
0.0,1.0,46.0,5.0,0.0,0.0,0.0,0.0,0.0,0.0,0.0,0.0,0.0,12.0,1.0,1.0,0.0,0.0,0.42,0.33,0.0,255.0,5.0,0.02,0.1,0.0,0.0,1.0,1.0,0.0,1.0,703.0
0.0,2.0,11.0,9.0,43.0,70.0,0.0,0.0,0.0,0.0,0.0,0.0,0.0,156.0,0.0,0.0,0.0,0.0,0.99,0.01,0.02,255.0,250.0,0.98,0.01,0.0,0.0,0.0,0.0,0.0,0.0,52320.0
4625.0,2.0,41.0,9.0,146.0,105.0,0.0,0.0,0.0,0.0,0.0,0.0,0.0,5.0,0.0,0.0,0.0,0.0,0.4,0.6,0.0,255.0,2.0,0.01,0.83,1.0,0.0,0.0,0.0,0.0,0.0,77141.0
0.0,1.0,22.0,5.0,0.0,0.0,0.0,0.0,0.0,0.0,0.0,0.0,0.0,44.0,1.0,1.0,0.0,0.0,0.36,0.09,0.0,255.0,61.0,0.24,0.02,0.01,0.0,1.0,1.0,0.0,1.0,79865.0
0.0,1.0,46.0,1.0,0.0,0.0,0.0,0.0,0.0,0.0,0.0,0.0,0.0,55.0,0.0,0.0,0.96,1.0,0.02,1.0,0.0,173.0,1.0,0.01,0.38,0.01,0.0,0.0,0.0,1.0,1.0,116430.0
0.0,1.0,46.0,4.0,0.0,0.0,0.0,0.0,0.0,0.0,0.0,0.0,0.0,1.0,0.0,0.0,1.0,1.0,1.0,0.0,0.0,65.0,1.0,0.02,0.31,0.26,0.0,0.09,0.0,1.0,1.0,78452.0
0.0,1.0,16.0,5.0,0.0,0.0,0.0,0.0,0.0,0.0,0.0,0.0,0.0,123.0,1.0,1.0,0.0,0.0,0.18,0.06,0.0,255.0,22.0,0.09,0.05,0.0,0.0,1.0,1.0,0.0,1.0,32961.0
0.0,1.0,46.0,5.0,0.0,0.0,0.0,0.0,0.0,0.0,0.0,0.0,0.0,109.0,1.0,1.0,0.0,0.0,0.05,0.06,0.0,255.0,1.0,0.0,0.06,0.0,0.0,1.0,1.0,0.0,1.0,62884.0
0.0,1.0,18.0,5.0,0.0,0.0,0.0,0.0,0.0,0.0,0.0,0.0,0.0,284.0,1.0,1.0,0.0,0.0,0.04,0.06,0.0,255.0,12.0,0.05,0.07,0.0,0.0,1.0,1.0,0.0,1.0,53241.0
0.0,1.0,22.0,5.0,0.0,0.0,0.0,0.0,0.0,0.0,0.0,0.0,0.0,2.0,0.5,0.5,0.0,0.0,1.0,0.0,0.0,58.0,255.0,1.0,0.0,0.03,0.03,0.03,0.01,0.0,0.0,101015.0
0.0,1.0,35.0,5.0,0.0,0.0,0.0,0.0,0.0,0.0,0.0,0.0,0.0,124.0,1.0,1.0,0.0,0.0,0.15,0.05,0.0,255.0,19.0,0.07,0.05,0.0,0.0,1.0,1.0,0.0,1.0,209.0
0.0,1.0,46.0,5.0,0.0,0.0,0.0,0.0,0.0,0.0,0.0,0.0,0.0,81.0,1.0,1.0,0.0,0.0,0.31,0.06,0.0,255.0,25.0,0.1,0.05,0.0,0.0,1.0,1.0,0.0,1.0,29012.0
0.0,1.0,46.0,5.0,0.0,0.0,0.0,0.0,0.0,0.0,0.0,0.0,0.0,236.0,1.0,1.0,0.0,0.0,0.01,0.06,0.0,255.0,3.0,0.01,0.07,0.0,0.0,1.0,1.0,0.0,1.0,23752.0
0.0,0.0,13.0,9.0,8.0,0.0,0.0,0.0,0.0,0.0,0.0,0.0,0.0,1.0,0.0,0.0,0.0,0.0,1.0,0.0,1.0,1.0,25.0,1.0,0.0,1.0,0.52,0.0,0.0,0.0,1.0,14573.0
0.0,1.0,26.0,5.0,0.0,0.0,0.0,0.0,0.0,0.0,0.0,0.0,0.0,209.0,1.0,1.0,0.0,0.0,0.1,0.06,0.0,255.0,20.0,0.08,0.06,0.0,0.0,1.0,1.0,0.0,1.0,50182.0
0.0,1.0,53.0,5.0,0.0,0.0,0.0,0.0,0.0,0.0,0.0,0.0,0.0,134.0,1.0,1.0,0.0,0.0,0.14,0.06,0.0,255.0,21.0,0.08,0.07,0.0,0.0,1.0,1.0,0.0,1.0,17201.0
0.0,0.0,14.0,9.0,1032.0,0.0,0.0,0.0,0.0,0.0,0.0,0.0,0.0,180.0,0.0,0.0,0.0,0.0,1.0,0.0,0.0,255.0,180.0,0.71,0.01,0.71,0.0,0.0,0.0,0.0,1.0,24480.0
0.0,1.0,35.0,5.0,0.0,0.0,0.0,0.0,0.0,0.0,0.0,0.0,0.0,273.0,1.0,1.0,0.0,0.0,0.03,0.06,0.0,255.0,7.0,0.03,0.08,0.0,0.0,1.0,1.0,0.0,1.0,80756.0
0.0,1.0,46.0,1.0,0.0,0.0,0.0,0.0,0.0,0.0,0.0,0.0,0.0,282.0,0.0,0.0,1.0,1.0,0.04,0.06,0.0,255.0,11.0,0.04,0.08,0.0,0.0,0.0,0.0,1.0,1.0,14795.0
1214.0,2.0,41.0,9.0,147.0,105.0,0.0,0.0,0.0,0.0,0.0,0.0,0.0,1.0,0.0,0.0,0.0,0.0,1.0,0.0,0.0,111.0,1.0,0.01,0.71,0.95,0.0,0.0,0.0,0.0,0.0,108473.0
0.0,1.0,57.0,2.0,0.0,0.0,0.0,0.0,0.0,0.0,0.0,0.0,0.0,208.0,0.0,0.0,1.0,1.0,0.0,0.07,0.0,255.0,1.0,0.0,0.07,0.0,0.0,0.0,0.0,1.0,1.0,49194.0
0.0,2.0,46.0,9.0,28.0,0.0,3.0,0.0,0.0,0.0,0.0,0.0,0.0,32.0,0.0,0.0,0.0,0.0,1.0,0.0,0.0,255.0,32.0,0.13,0.02,0.13,0.0,0.0,0.0,0.0,1.0,65616.0
0.0,1.0,46.0,5.0,0.0,0.0,0.0,0.0,0.0,0.0,0.0,0.0,0.0,218.0,1.0,1.0,0.0,0.0,0.0,0.07,0.0,255.0,1.0,0.0,0.07,0.0,0.0,1.0,1.0,0.0,1.0,123330.0
0.0,0.0,13.0,9.0,18.0,0.0,0.0,0.0,0.0,0.0,0.0,0.0,0.0,1.0,0.0,0.0,0.0,0.0,1.0,0.0,0.0,1.0,156.0,1.0,0.0,1.0,1.0,0.0,0.0,0.0,1.0,2947.0
0.0,0.0,13.0,9.0,18.0,0.0,0.0,0.0,0.0,0.0,0.0,0.0,0.0,1.0,0.0,0.0,0.0,0.0,1.0,0.0,0.0,1.0,233.0,1.0,0.0,1.0,0.25,0.0,0.0,0.0,1.0,23311.0
0.0,1.0,22.0,5.0,0.0,0.0,0.0,0.0,0.0,0.0,0.0,0.0,0.0,11.0,1.0,1.0,0.0,0.0,0.73,0.18,0.0,255.0,59.0,0.23,0.04,0.0,0.0,1.0,1.0,0.0,1.0,6091.0
0.0,2.0,11.0,9.0,44.0,44.0,0.0,0.0,0.0,0.0,0.0,0.0,0.0,106.0,0.0,0.0,0.0,0.0,1.0,0.0,0.0,255.0,252.0,0.99,0.01,0.01,0.0,0.0,0.0,0.0,0.0,102311.0
0.0,1.0,31.0,5.0,0.0,0.0,0.0,0.0,0.0,0.0,0.0,0.0,0.0,105.0,1.0,1.0,0.0,0.0,0.1,0.05,0.0,255.0,10.0,0.04,0.04,0.0,0.0,1.0,1.0,0.0,1.0,62056.0
0.0,1.0,63.0,5.0,0.0,0.0,0.0,0.0,0.0,0.0,0.0,0.0,0.0,213.0,1.0,1.0,0.0,0.0,0.01,0.08,0.0,255.0,2.0,0.01,0.09,0.0,0.0,1.0,1.0,0.0,1.0,86371.0
0.0,0.0,14.0,9.0,520.0,0.0,0.0,0.0,0.0,0.0,0.0,0.0,0.0,463.0,0.0,0.0,0.0,0.0,1.0,0.0,0.0,27.0,27.0,1.0,0.0,1.0,0.0,0.0,0.0,0.0,1.0,67957.0
0.0,1.0,5.0,5.0,0.0,0.0,0.0,0.0,0.0,0.0,0.0,0.0,0.0,18.0,1.0,1.0,0.0,0.0,0.17,0.17,0.0,255.0,3.0,0.01,0.07,0.0,0.0,1.0,1.0,0.0,1.0,110253.0
0.0,2.0,11.0,9.0,35.0,0.0,0.0,0.0,0.0,0.0,0.0,0.0,0.0,1.0,0.0,0.0,0.0,0.0,1.0,0.0,1.0,255.0,17.0,0.07,0.02,0.07,0.0,0.0,0.0,0.0,0.0,66374.0
0.0,1.0,46.0,5.0,0.0,0.0,0.0,0.0,0.0,0.0,0.0,0.0,0.0,140.0,1.0,1.0,0.0,0.0,0.14,0.06,0.0,235.0,2.0,0.01,0.09,0.0,0.0,1.0,1.0,0.0,1.0,75767.0
1973.0,2.0,41.0,9.0,146.0,105.0,0.0,0.0,0.0,0.0,0.0,0.0,0.0,1.0,0.0,0.0,0.0,0.0,1.0,0.0,0.0,255.0,2.0,0.01,0.61,0.96,0.0,0.0,0.0,0.0,0.0,102575.0
0.0,1.0,46.0,5.0,0.0,0.0,0.0,0.0,0.0,0.0,0.0,0.0,0.0,144.0,1.0,1.0,0.0,0.0,0.12,0.06,0.0,255.0,18.0,0.07,0.07,0.01,0.0,1.0,1.0,0.0,1.0,101789.0
0.0,2.0,46.0,9.0,28.0,0.0,3.0,0.0,0.0,0.0,0.0,0.0,0.0,175.0,0.57,0.0,0.0,0.0,0.43,0.04,0.0,255.0,75.0,0.29,0.71,0.29,0.0,0.09,0.0,0.0,1.0,86871.0
0.0,1.0,48.0,1.0,0.0,0.0,0.0,0.0,0.0,0.0,0.0,0.0,0.0,207.0,0.0,0.0,1.0,1.0,0.08,0.06,0.0,255.0,16.0,0.06,0.07,0.0,0.0,0.0,0.0,1.0,1.0,70643.0
0.0,1.0,65.0,1.0,0.0,0.0,0.0,0.0,0.0,0.0,0.0,0.0,0.0,203.0,0.0,0.0,1.0,1.0,0.01,0.06,0.0,255.0,2.0,0.01,0.07,0.0,0.0,0.0,0.0,1.0,1.0,38681.0
0.0,1.0,57.0,5.0,0.0,0.0,0.0,0.0,0.0,0.0,0.0,0.0,0.0,36.0,1.0,1.0,0.0,0.0,0.44,0.06,0.0,255.0,16.0,0.06,0.07,0.01,0.0,1.0,1.0,0.0,1.0,106254.0
0.0,2.0,46.0,9.0,1.0,0.0,0.0,0.0,0.0,0.0,0.0,0.0,0.0,163.0,0.0,0.0,0.0,0.0,0.88,0.02,0.0,255.0,177.0,0.69,0.04,1.0,0.0,0.0,0.0,0.0,1.0,50936.0
0.0,1.0,5.0,5.0,0.0,0.0,0.0,0.0,0.0,0.0,0.0,0.0,0.0,146.0,1.0,1.0,0.0,0.0,0.11,0.06,0.0,255.0,9.0,0.04,0.07,0.0,0.0,1.0,1.0,0.0,1.0,114333.0
0.0,1.0,7.0,5.0,0.0,0.0,0.0,0.0,0.0,0.0,0.0,0.0,0.0,222.0,1.0,1.0,0.0,0.0,0.1,0.06,0.0,255.0,22.0,0.09,0.07,0.0,0.0,1.0,1.0,0.0,1.0,119709.0
0.0,1.0,46.0,5.0,0.0,0.0,0.0,0.0,0.0,0.0,0.0,0.0,0.0,257.0,1.0,1.0,0.0,0.0,0.02,0.05,0.0,118.0,6.0,0.05,0.08,0.01,0.0,0.88,1.0,0.0,1.0,26395.0
0.0,1.0,6.0,5.0,0.0,0.0,0.0,0.0,0.0,0.0,0.0,0.0,0.0,228.0,1.0,1.0,0.0,0.0,0.01,0.07,0.0,255.0,2.0,0.01,0.09,0.0,0.0,1.0,1.0,0.0,1.0,72611.0
0.0,1.0,46.0,10.0,0.0,0.0,0.0,0.0,0.0,0.0,0.0,0.0,0.0,1.0,1.0,1.0,0.0,0.0,1.0,0.0,0.0,130.0,1.0,0.01,0.92,0.94,0.0,0.94,1.0,0.0,1.0,67532.0
0.0,1.0,46.0,1.0,0.0,0.0,0.0,0.0,0.0,0.0,0.0,0.0,0.0,1.0,0.0,0.0,1.0,1.0,1.0,0.0,0.0,33.0,2.0,0.03,1.0,0.03,1.0,0.0,0.0,1.0,1.0,42214.0
0.0,1.0,41.0,1.0,0.0,0.0,0.0,0.0,0.0,0.0,0.0,0.0,0.0,510.0,0.08,0.0,0.92,1.0,0.0,1.0,0.0,255.0,1.0,0.0,1.0,0.0,0.0,0.09,0.0,1.0,1.0,41561.0
0.0,1.0,46.0,5.0,0.0,0.0,0.0,0.0,0.0,0.0,0.0,0.0,0.0,253.0,1.0,1.0,0.0,0.0,0.02,0.07,0.0,255.0,5.0,0.02,0.08,0.0,0.0,1.0,1.0,0.0,1.0,12027.0
0.0,2.0,11.0,9.0,45.0,75.0,0.0,0.0,0.0,0.0,0.0,0.0,0.0,115.0,0.0,0.0,0.0,0.0,1.0,0.0,0.0,255.0,224.0,0.88,0.01,0.0,0.0,0.0,0.0,0.0,0.0,8831.0
0.0,2.0,11.0,9.0,46.0,81.0,0.0,0.0,0.0,0.0,0.0,0.0,0.0,158.0,0.0,0.0,0.0,0.0,0.99,0.01,0.0,255.0,254.0,1.0,0.01,0.01,0.0,0.0,0.0,0.0,0.0,60410.0
0.0,1.0,2.0,1.0,0.0,0.0,0.0,0.0,0.0,0.0,0.0,0.0,0.0,283.0,0.0,0.0,1.0,1.0,0.05,0.06,0.0,255.0,14.0,0.05,0.07,0.0,0.0,0.0,0.0,1.0,1.0,82748.0
0.0,1.0,46.0,1.0,0.0,0.0,0.0,0.0,0.0,0.0,0.0,0.0,0.0,2.0,0.0,0.0,1.0,1.0,0.5,1.0,0.0,255.0,1.0,0.0,0.6,0.56,0.0,0.01,0.0,1.0,1.0,330.0
0.0,1.0,46.0,5.0,0.0,0.0,0.0,0.0,0.0,0.0,0.0,0.0,0.0,79.0,1.0,1.0,0.0,0.0,0.03,0.08,0.0,255.0,18.0,0.07,0.06,0.0,0.0,1.0,1.0,0.0,1.0,7676.0
0.0,0.0,13.0,9.0,30.0,0.0,0.0,0.0,0.0,0.0,0.0,0.0,0.0,3.0,0.0,0.0,0.0,0.0,0.33,0.67,0.0,255.0,3.0,0.01,0.01,0.05,0.0,0.0,0.0,0.0,0.0,72324.0
0.0,1.0,4.0,5.0,0.0,0.0,0.0,0.0,0.0,0.0,0.0,0.0,0.0,260.0,1.0,1.0,0.0,0.0,0.04,0.07,0.0,255.0,11.0,0.04,0.07,0.0,0.0,1.0,1.0,0.0,1.0,37693.0
0.0,1.0,46.0,1.0,0.0,0.0,0.0,0.0,0.0,0.0,0.0,0.0,0.0,2.0,0.0,0.0,1.0,1.0,0.5,1.0,0.0,255.0,1.0,0.0,0.57,0.53,0.0,0.01,0.0,1.0,1.0,36386.0
0.0,1.0,46.0,1.0,0.0,0.0,0.0,0.0,0.0,0.0,0.0,0.0,0.0,141.0,0.0,0.0,1.0,1.0,0.07,0.06,0.0,255.0,10.0,0.04,0.05,0.0,0.0,0.0,0.0,1.0,1.0,124979.0
0.0,1.0,30.0,1.0,0.0,0.0,0.0,0.0,0.0,0.0,0.0,0.0,0.0,252.0,0.0,0.0,1.0,1.0,0.05,0.07,0.0,255.0,13.0,0.05,0.08,0.0,0.0,0.0,0.0,1.0,1.0,93932.0
0.0,1.0,38.0,5.0,0.0,0.0,0.0,0.0,0.0,0.0,0.0,0.0,0.0,90.0,1.0,1.0,0.0,0.0,0.04,0.07,0.0,255.0,4.0,0.02,0.05,0.0,0.0,1.0,1.0,0.0,1.0,83775.0
0.0,1.0,46.0,5.0,0.0,0.0,0.0,0.0,0.0,0.0,0.0,0.0,0.0,200.0,1.0,1.0,0.0,0.0,0.07,0.07,0.0,255.0,14.0,0.05,0.08,0.0,0.0,1.0,1.0,0.0,1.0,42516.0
0.0,1.0,17.0,2.0,0.0,0.0,0.0,0.0,0.0,0.0,0.0,0.0,0.0,258.0,0.0,0.0,1.0,1.0,0.02,0.07,0.0,255.0,4.0,0.02,0.08,0.0,0.0,0.0,0.0,1.0,1.0,98612.0
0.0,1.0,46.0,5.0,0.0,0.0,0.0,0.0,0.0,0.0,0.0,0.0,0.0,216.0,1.0,1.0,0.0,0.0,0.07,0.06,0.0,255.0,14.0,0.05,0.07,0.0,0.0,1.0,1.0,0.0,1.0,65523.0
0.0,1.0,19.0,5.0,0.0,0.0,0.0,0.0,0.0,0.0,0.0,0.0,0.0,228.0,1.0,1.0,0.0,0.0,0.02,0.06,0.0,255.0,4.0,0.02,0.07,0.0,0.0,1.0,1.0,0.0,1.0,595.0
0.0,1.0,57.0,5.0,0.0,0.0,0.0,0.0,0.0,0.0,0.0,0.0,0.0,29.0,1.0,1.0,0.0,0.0,0.07,0.14,0.0,255.0,62.0,0.24,0.02,0.01,0.0,1.0,1.0,0.0,1.0,946.0
2010.0,2.0,41.0,9.0,146.0,105.0,0.0,0.0,0.0,0.0,0.0,0.0,0.0,2.0,0.0,0.0,0.0,0.0,1.0,0.0,0.0,255.0,2.0,0.01,0.65,0.95,0.0,0.0,0.0,0.0,0.0,60125.0
0.0,1.0,19.0,5.0,0.0,0.0,0.0,0.0,0.0,0.0,0.0,0.0,0.0,25.0,0.96,1.0,0.04,0.0,0.16,0.12,0.0,255.0,13.0,0.05,0.06,0.01,0.0,1.0,1.0,0.0,1.0,55802.0
0.0,1.0,57.0,5.0,0.0,0.0,0.0,0.0,0.0,0.0,0.0,0.0,0.0,77.0,1.0,1.0,0.0,0.0,0.25,0.05,0.0,255.0,63.0,0.25,0.02,0.02,0.0,1.0,1.0,0.0,1.0,64932.0
26151.0,1.0,46.0,4.0,1.0,0.0,0.0,0.0,0.0,0.0,0.0,0.0,0.0,2.0,0.0,0.0,1.0,1.0,1.0,0.0,0.0,255.0,2.0,0.01,0.73,1.0,0.0,0.0,0.0,1.0,1.0,103227.0
0.0,1.0,22.0,1.0,0.0,0.0,0.0,0.0,0.0,0.0,0.0,0.0,0.0,251.0,0.0,0.0,1.0,1.0,0.01,0.07,0.0,255.0,3.0,0.01,0.07,0.0,0.0,0.0,0.0,1.0,1.0,33343.0
0.0,2.0,11.0,9.0,45.0,80.0,0.0,0.0,0.0,0.0,0.0,0.0,0.0,144.0,0.0,0.0,0.0,0.0,1.0,0.0,0.0,255.0,255.0,1.0,0.0,0.0,0.0,0.0,0.0,0.0,0.0,66709.0
0.0,1.0,19.0,5.0,0.0,0.0,0.0,0.0,0.0,0.0,0.0,0.0,0.0,280.0,1.0,1.0,0.0,0.0,0.09,0.05,0.0,255.0,24.0,0.09,0.05,0.0,0.0,1.0,1.0,0.0,1.0,4073.0
0.0,1.0,15.0,5.0,0.0,0.0,0.0,0.0,0.0,0.0,0.0,0.0,0.0,94.0,1.0,1.0,0.0,0.0,0.04,0.06,0.0,255.0,4.0,0.02,0.06,0.0,0.0,1.0,1.0,0.0,1.0,96311.0
0.0,1.0,46.0,1.0,0.0,0.0,0.0,0.0,0.0,0.0,0.0,0.0,0.0,1.0,0.0,0.0,1.0,1.0,1.0,0.0,0.0,40.0,2.0,0.03,1.0,0.03,1.0,0.0,0.0,1.0,1.0,54057.0
0.0,1.0,46.0,5.0,0.0,0.0,0.0,0.0,0.0,0.0,0.0,0.0,0.0,125.0,1.0,1.0,0.0,0.0,0.15,0.06,0.0,255.0,7.0,0.03,0.07,0.0,0.0,1.0,1.0,0.0,1.0,106424.0
2710.0,2.0,41.0,9.0,147.0,105.0,0.0,0.0,0.0,0.0,0.0,0.0,0.0,3.0,0.0,0.0,0.0,0.0,0.67,0.67,0.0,255.0,2.0,0.01,0.84,1.0,0.0,0.0,0.0,0.0,0.0,92470.0
0.0,2.0,11.0,9.0,43.0,127.0,0.0,0.0,0.0,0.0,0.0,0.0,0.0,113.0,0.0,0.0,0.0,0.0,1.0,0.0,0.02,255.0,254.0,1.0,0.01,0.0,0.0,0.0,0.0,0.0,0.0,72316.0
0.0,1.0,26.0,5.0,0.0,0.0,0.0,0.0,0.0,0.0,0.0,0.0,0.0,232.0,1.0,1.0,0.0,0.0,0.07,0.06,0.0,255.0,16.0,0.06,0.08,0.0,0.0,1.0,1.0,0.0,1.0,19919.0
0.0,1.0,32.0,5.0,0.0,0.0,0.0,0.0,0.0,0.0,0.0,0.0,0.0,265.0,1.0,1.0,0.0,0.0,0.08,0.05,0.0,255.0,21.0,0.08,0.05,0.0,0.0,1.0,1.0,0.0,1.0,27195.0
0.0,0.0,14.0,9.0,520.0,0.0,0.0,0.0,0.0,0.0,0.0,0.0,0.0,139.0,0.0,0.0,0.0,0.0,1.0,0.0,0.0,255.0,255.0,1.0,0.0,1.0,0.0,0.0,0.0,0.0,1.0,567.0
0.0,1.0,22.0,1.0,0.0,0.0,0.0,0.0,0.0,0.0,0.0,0.0,0.0,1.0,0.0,0.0,1.0,1.0,1.0,0.0,0.0,115.0,219.0,1.0,0.0,0.01,0.03,0.0,0.0,1.0,0.0,91321.0
0.0,1.0,22.0,5.0,0.0,0.0,0.0,0.0,0.0,0.0,0.0,0.0,0.0,280.0,1.0,1.0,0.0,0.0,0.03,0.06,0.0,255.0,7.0,0.03,0.06,0.0,0.0,1.0,1.0,0.0,1.0,51671.0
0.0,1.0,46.0,5.0,0.0,0.0,0.0,0.0,0.0,0.0,0.0,0.0,0.0,289.0,1.0,1.0,0.0,0.0,0.03,0.06,0.0,255.0,1.0,0.0,0.07,0.0,0.0,1.0,1.0,0.0,1.0,66635.0
0.0,0.0,14.0,9.0,520.0,0.0,0.0,0.0,0.0,0.0,0.0,0.0,0.0,370.0,0.0,0.0,0.0,0.0,1.0,0.0,0.0,255.0,255.0,1.0,0.0,1.0,0.0,0.0,0.0,0.0,1.0,44398.0
0.0,1.0,57.0,5.0,0.0,0.0,0.0,0.0,0.0,0.0,0.0,0.0,0.0,73.0,1.0,1.0,0.0,0.0,0.25,0.05,0.0,255.0,58.0,0.23,0.03,0.01,0.0,1.0,1.0,0.0,1.0,111765.0
0.0,1.0,46.0,5.0,0.0,0.0,0.0,0.0,0.0,0.0,0.0,0.0,0.0,85.0,1.0,1.0,0.0,0.0,0.07,0.08,0.0,255.0,6.0,0.02,0.07,0.0,0.0,1.0,1.0,0.0,1.0,22447.0
0.0,1.0,22.0,5.0,0.0,0.0,0.0,0.0,0.0,0.0,0.0,0.0,0.0,9.0,1.0,1.0,0.0,0.0,0.44,0.33,0.0,249.0,64.0,0.26,0.02,0.0,0.0,1.0,1.0,0.0,1.0,58576.0
0.0,1.0,46.0,5.0,0.0,0.0,0.0,0.0,0.0,0.0,0.0,0.0,0.0,225.0,1.0,1.0,0.0,0.0,0.01,0.06,0.0,255.0,5.0,0.02,0.07,0.0,0.0,1.0,1.0,0.0,1.0,78221.0
0.0,1.0,46.0,5.0,0.0,0.0,0.0,0.0,0.0,0.0,0.0,0.0,0.0,154.0,1.0,1.0,0.0,0.0,0.12,0.05,0.0,255.0,4.0,0.02,0.08,0.0,0.0,1.0,1.0,0.0,1.0,63706.0
0.0,1.0,8.0,5.0,0.0,0.0,0.0,0.0,0.0,0.0,0.0,0.0,0.0,258.0,1.0,1.0,0.0,0.0,0.01,0.07,0.0,255.0,3.0,0.01,0.08,0.0,0.0,1.0,1.0,0.0,1.0,29452.0
0.0,0.0,14.0,9.0,30.0,0.0,0.0,0.0,0.0,0.0,0.0,0.0,0.0,2.0,0.0,0.0,0.0,0.0,1.0,0.0,0.0,200.0,200.0,1.0,0.0,1.0,0.0,0.0,0.0,0.0,0.0,90730.0
0.0,1.0,41.0,1.0,0.0,0.0,0.0,0.0,0.0,0.0,0.0,0.0,0.0,511.0,0.23,0.0,0.77,1.0,0.0,1.0,0.0,255.0,1.0,0.0,1.0,0.0,0.0,0.19,0.0,1.0,1.0,62882.0
0.0,0.0,14.0,9.0,1032.0,0.0,0.0,0.0,0.0,0.0,0.0,0.0,0.0,511.0,0.0,0.0,0.0,0.0,1.0,0.0,0.0,255.0,247.0,0.97,0.01,0.97,0.0,0.0,0.0,0.0,1.0,95924.0
0.0,1.0,7.0,1.0,0.0,0.0,0.0,0.0,0.0,0.0,0.0,0.0,0.0,247.0,0.0,0.0,1.0,1.0,0.02,0.07,0.0,255.0,5.0,0.02,0.08,0.0,0.0,0.0,0.0,1.0,1.0,77900.0
0.0,1.0,46.0,5.0,0.0,0.0,0.0,0.0,0.0,0.0,0.0,0.0,0.0,19.0,1.0,1.0,0.0,0.0,0.42,0.26,0.0,255.0,8.0,0.03,0.1,0.0,0.0,1.0,1.0,0.0,1.0,82351.0
0.0,1.0,16.0,5.0,0.0,0.0,0.0,0.0,0.0,0.0,0.0,0.0,0.0,102.0,1.0,1.0,0.0,0.0,0.17,0.06,0.0,255.0,18.0,0.07,0.06,0.0,0.0,1.0,1.0,0.0,1.0,87423.0
0.0,1.0,46.0,1.0,0.0,0.0,0.0,0.0,0.0,0.0,0.0,0.0,0.0,204.0,0.01,0.0,0.96,1.0,0.0,1.0,0.0,255.0,1.0,0.0,0.82,0.0,0.0,0.01,0.0,1.0,1.0,111154.0
0.0,1.0,64.0,5.0,0.0,0.0,0.0,0.0,0.0,0.0,0.0,0.0,0.0,265.0,1.0,1.0,0.0,0.0,0.05,0.05,0.0,255.0,13.0,0.05,0.05,0.0,0.0,1.0,1.0,0.0,1.0,96864.0
0.0,1.0,29.0,5.0,0.0,0.0,0.0,0.0,0.0,0.0,0.0,0.0,0.0,264.0,1.0,1.0,0.0,0.0,0.09,0.05,0.0,255.0,24.0,0.09,0.05,0.0,0.0,1.0,1.0,0.0,1.0,30004.0
0.0,2.0,11.0,9.0,45.0,144.0,0.0,0.0,0.0,0.0,0.0,0.0,0.0,131.0,0.0,0.0,0.0,0.0,1.0,0.0,0.01,255.0,255.0,1.0,0.0,0.0,0.0,0.0,0.0,0.0,0.0,55884.0
0.0,2.0,11.0,9.0,43.0,73.0,0.0,0.0,0.0,0.0,0.0,0.0,0.0,120.0,0.0,0.0,0.0,0.0,1.0,0.0,0.0,255.0,255.0,1.0,0.0,0.01,0.0,0.0,0.0,0.0,0.0,74326.0
0.0,1.0,7.0,5.0,0.0,0.0,0.0,0.0,0.0,0.0,0.0,0.0,0.0,126.0,1.0,1.0,0.0,0.0,0.16,0.06,0.0,255.0,18.0,0.07,0.06,0.0,0.0,1.0,1.0,0.0,1.0,4296.0
0.0,1.0,46.0,5.0,0.0,0.0,0.0,0.0,0.0,0.0,0.0,0.0,0.0,40.0,1.0,1.0,0.0,0.0,0.5,0.08,0.0,255.0,20.0,0.08,0.07,0.0,0.0,1.0,1.0,0.0,1.0,122175.0
0.0,1.0,64.0,5.0,0.0,0.0,0.0,0.0,0.0,0.0,0.0,0.0,0.0,256.0,1.0,1.0,0.0,0.0,0.03,0.05,0.0,255.0,1.0,0.0,0.05,0.0,0.0,1.0,1.0,0.0,1.0,99648.0
0.0,1.0,27.0,5.0,0.0,0.0,0.0,0.0,0.0,0.0,0.0,0.0,0.0,112.0,1.0,1.0,0.0,0.0,0.13,0.07,0.0,255.0,4.0,0.02,0.08,0.0,0.0,1.0,1.0,0.0,1.0,103242.0
0.0,1.0,46.0,5.0,0.0,0.0,0.0,0.0,0.0,0.0,0.0,0.0,0.0,210.0,1.0,1.0,0.0,0.0,0.04,0.06,0.0,255.0,11.0,0.04,0.05,0.0,0.0,1.0,1.0,0.0,1.0,78329.0
0.0,1.0,41.0,1.0,0.0,0.0,0.0,0.0,0.0,0.0,0.0,0.0,0.0,404.0,0.07,0.0,0.9,1.0,0.0,1.0,0.0,255.0,1.0,0.0,1.0,0.0,0.0,0.08,0.0,1.0,1.0,72347.0
0.0,0.0,13.0,9.0,8.0,0.0,0.0,0.0,0.0,0.0,0.0,0.0,0.0,1.0,0.0,0.0,0.0,0.0,1.0,0.0,1.0,1.0,131.0,1.0,0.0,1.0,0.5,0.0,0.0,0.0,1.0,76972.0
0.0,1.0,46.0,1.0,0.0,0.0,0.0,0.0,0.0,0.0,0.0,0.0,0.0,3.0,0.0,0.0,0.67,1.0,0.33,1.0,0.0,230.0,1.0,0.0,0.04,0.01,0.0,0.0,0.0,1.0,1.0,78076.0
0.0,1.0,46.0,4.0,0.0,0.0,0.0,0.0,0.0,0.0,0.0,0.0,0.0,1.0,0.0,0.0,1.0,1.0,1.0,0.0,0.0,106.0,1.0,0.01,0.11,0.08,0.0,0.0,0.0,1.0,1.0,3813.0
0.0,1.0,30.0,1.0,0.0,0.0,0.0,0.0,0.0,0.0,0.0,0.0,0.0,102.0,0.0,0.0,1.0,1.0,0.15,0.08,0.0,255.0,3.0,0.01,0.09,0.0,0.0,0.0,0.0,1.0,1.0,117196.0
0.0,1.0,25.0,5.0,0.0,0.0,0.0,0.0,0.0,0.0,0.0,0.0,0.0,279.0,1.0,1.0,0.0,0.0,0.04,0.06,0.0,255.0,11.0,0.04,0.08,0.0,0.0,1.0,1.0,0.0,1.0,89840.0
0.0,1.0,38.0,5.0,0.0,0.0,0.0,0.0,0.0,0.0,0.0,0.0,0.0,108.0,1.0,1.0,0.0,0.0,0.19,0.07,0.0,255.0,20.0,0.08,0.06,0.0,0.0,1.0,1.0,0.0,1.0,36204.0
0.0,0.0,14.0,9.0,520.0,0.0,0.0,0.0,0.0,0.0,0.0,0.0,0.0,407.0,0.0,0.0,0.0,0.0,1.0,0.0,0.0,255.0,255.0,1.0,0.0,1.0,0.0,0.0,0.0,0.0,1.0,113173.0
0.0,1.0,31.0,5.0,0.0,0.0,0.0,0.0,0.0,0.0,0.0,0.0,0.0,80.0,1.0,1.0,0.0,0.0,0.11,0.08,0.0,255.0,9.0,0.04,0.06,0.0,0.0,1.0,1.0,0.0,1.0,28096.0
0.0,2.0,11.0,9.0,46.0,86.0,0.0,0.0,0.0,0.0,0.0,0.0,0.0,106.0,0.0,0.0,0.0,0.0,1.0,0.0,0.0,255.0,254.0,1.0,0.01,0.0,0.0,0.0,0.0,0.0,0.0,124193.0
2238.0,2.0,41.0,9.0,146.0,105.0,0.0,0.0,0.0,0.0,0.0,0.0,0.0,1.0,0.0,0.0,0.0,0.0,1.0,0.0,0.0,255.0,1.0,0.0,0.85,0.99,0.0,0.0,0.0,0.0,0.0,33603.0
0.0,0.0,13.0,9.0,18.0,0.0,0.0,0.0,0.0,0.0,0.0,0.0,0.0,1.0,0.0,0.0,0.0,0.0,1.0,0.0,0.0,1.0,238.0,1.0,0.0,1.0,1.0,0.0,0.0,0.0,1.0,106384.0
0.0,1.0,46.0,5.0,0.0,0.0,0.0,0.0,0.0,0.0,0.0,0.0,0.0,276.0,1.0,1.0,0.0,0.0,0.01,0.06,0.0,255.0,1.0,0.0,0.08,0.0,0.0,1.0,1.0,0.0,1.0,49966.0
0.0,1.0,64.0,5.0,0.0,0.0,0.0,0.0,0.0,0.0,0.0,0.0,0.0,266.0,1.0,1.0,0.0,0.0,0.02,0.05,0.0,255.0,6.0,0.02,0.05,0.0,0.0,1.0,1.0,0.0,1.0,19788.0
0.0,2.0,11.0,9.0,33.0,0.0,0.0,0.0,0.0,0.0,0.0,0.0,0.0,1.0,0.0,0.0,0.0,0.0,1.0,0.0,1.0,66.0,11.0,0.17,0.09,0.17,0.0,0.0,0.0,0.0,0.0,66282.0
0.0,1.0,19.0,5.0,0.0,0.0,0.0,0.0,0.0,0.0,0.0,0.0,0.0,63.0,1.0,1.0,0.0,0.0,0.24,0.06,0.0,255.0,43.0,0.17,0.05,0.0,0.0,1.0,1.0,0.0,1.0,17936.0
0.0,1.0,22.0,5.0,0.0,0.0,0.0,0.0,0.0,0.0,0.0,0.0,0.0,54.0,1.0,1.0,0.0,0.0,0.35,0.07,0.0,255.0,59.0,0.23,0.02,0.01,0.0,1.0,1.0,0.0,1.0,93428.0
0.0,2.0,11.0,9.0,45.0,45.0,0.0,0.0,0.0,0.0,0.0,0.0,0.0,114.0,0.0,0.0,0.0,0.0,1.0,0.0,0.01,255.0,255.0,1.0,0.0,0.01,0.0,0.0,0.0,0.0,0.0,33429.0
0.0,2.0,11.0,9.0,44.0,139.0,0.0,0.0,0.0,0.0,0.0,0.0,0.0,127.0,0.0,0.0,0.0,0.0,1.0,0.0,0.01,255.0,255.0,1.0,0.0,0.0,0.0,0.0,0.0,0.0,0.0,55584.0
0.0,1.0,46.0,5.0,0.0,0.0,0.0,0.0,0.0,0.0,0.0,0.0,0.0,148.0,1.0,1.0,0.0,0.0,0.13,0.05,0.0,255.0,15.0,0.06,0.07,0.0,0.0,1.0,1.0,0.0,1.0,111098.0
0.0,1.0,46.0,1.0,0.0,0.0,0.0,0.0,0.0,0.0,0.0,0.0,0.0,2.0,0.0,0.0,1.0,1.0,0.5,1.0,0.0,255.0,1.0,0.0,0.47,0.45,0.0,0.0,0.0,1.0,1.0,101580.0
0.0,1.0,4.0,5.0,0.0,0.0,0.0,0.0,0.0,0.0,0.0,0.0,0.0,118.0,1.0,1.0,0.0,0.0,0.03,0.08,0.0,255.0,3.0,0.01,0.08,0.0,0.0,1.0,1.0,0.0,1.0,8706.0
0.0,1.0,46.0,5.0,0.0,0.0,0.0,0.0,0.0,0.0,0.0,0.0,0.0,13.0,1.0,1.0,0.0,0.0,0.54,0.23,0.0,255.0,7.0,0.03,0.07,0.0,0.0,1.0,1.0,0.0,1.0,12036.0
0.0,1.0,46.0,5.0,0.0,0.0,0.0,0.0,0.0,0.0,0.0,0.0,0.0,213.0,1.0,1.0,0.0,0.0,0.03,0.08,0.0,255.0,7.0,0.03,0.09,0.0,0.0,1.0,1.0,0.0,1.0,6359.0
0.0,0.0,13.0,9.0,8.0,0.0,0.0,0.0,0.0,0.0,0.0,0.0,0.0,1.0,0.0,0.0,0.0,0.0,1.0,0.0,1.0,1.0,83.0,1.0,0.0,1.0,0.51,0.0,0.0,0.0,1.0,63705.0
0.0,0.0,13.0,9.0,8.0,0.0,0.0,0.0,0.0,0.0,0.0,0.0,0.0,1.0,0.0,0.0,0.0,0.0,1.0,0.0,1.0,4.0,224.0,1.0,0.0,1.0,0.25,0.0,0.0,0.0,1.0,20097.0
0.0,1.0,2.0,1.0,0.0,0.0,0.0,0.0,0.0,0.0,0.0,0.0,0.0,252.0,0.0,0.0,1.0,1.0,0.02,0.06,0.0,255.0,6.0,0.02,0.07,0.0,0.0,0.0,0.0,1.0,1.0,118098.0
0.0,1.0,46.0,5.0,0.0,0.0,0.0,0.0,0.0,0.0,0.0,0.0,0.0,144.0,1.0,1.0,0.0,0.0,0.06,0.06,0.0,255.0,9.0,0.04,0.05,0.0,0.0,1.0,1.0,0.0,1.0,1024.0
0.0,1.0,51.0,9.0,2405.0,290.0,0.0,0.0,1.0,0.0,0.0,0.0,0.0,2.0,0.0,0.0,0.0,0.0,0.5,1.0,1.0,54.0,179.0,0.87,0.07,0.02,0.01,0.0,0.0,0.0,0.0,123933.0
0.0,1.0,46.0,5.0,0.0,0.0,0.0,0.0,0.0,0.0,0.0,0.0,0.0,119.0,0.99,1.0,0.0,0.0,0.05,0.08,0.0,255.0,6.0,0.02,0.06,0.0,0.0,1.0,1.0,0.0,1.0,42761.0
0.0,1.0,17.0,2.0,0.0,0.0,0.0,0.0,0.0,0.0,0.0,0.0,0.0,254.0,0.0,0.0,1.0,1.0,0.02,0.07,0.0,255.0,5.0,0.02,0.07,0.0,0.0,0.0,0.0,1.0,1.0,111778.0
0.0,1.0,35.0,5.0,0.0,0.0,0.0,0.0,0.0,0.0,0.0,0.0,0.0,284.0,1.0,1.0,0.0,0.0,0.05,0.06,0.0,255.0,7.0,0.03,0.06,0.0,0.0,1.0,1.0,0.0,1.0,10358.0
0.0,1.0,46.0,5.0,0.0,0.0,0.0,0.0,0.0,0.0,0.0,0.0,0.0,28.0,1.0,1.0,0.0,0.0,0.11,0.11,0.0,255.0,15.0,0.06,0.07,0.0,0.0,1.0,1.0,0.0,1.0,27310.0
0.0,1.0,56.0,1.0,0.0,0.0,0.0,0.0,0.0,0.0,0.0,0.0,0.0,242.0,0.0,0.0,1.0,1.0,0.0,0.07,0.0,255.0,1.0,0.0,0.08,0.0,0.0,0.0,0.0,1.0,1.0,611.0
0.0,1.0,46.0,1.0,0.0,0.0,0.0,0.0,0.0,0.0,0.0,0.0,0.0,263.0,0.0,0.0,1.0,1.0,0.05,0.06,0.0,255.0,25.0,0.1,0.07,0.0,0.0,0.0,0.0,1.0,1.0,109664.0
0.0,1.0,22.0,5.0,0.0,0.0,0.0,0.0,0.0,0.0,0.0,0.0,0.0,2.0,0.5,0.5,0.0,0.0,1.0,0.0,0.0,146.0,255.0,1.0,0.0,0.01,0.01,0.01,0.01,0.0,0.0,83200.0
0.0,1.0,46.0,5.0,0.0,0.0,0.0,0.0,0.0,0.0,0.0,0.0,0.0,285.0,1.0,1.0,0.0,0.0,0.05,0.06,0.0,255.0,11.0,0.04,0.06,0.0,0.0,1.0,1.0,0.0,1.0,34854.0
0.0,1.0,39.0,5.0,0.0,0.0,0.0,0.0,0.0,0.0,0.0,0.0,0.0,249.0,1.0,1.0,0.0,0.0,0.08,0.06,0.0,255.0,2.0,0.01,0.07,0.0,0.0,1.0,1.0,0.0,1.0,54294.0
0.0,2.0,11.0,9.0,45.0,102.0,0.0,0.0,0.0,0.0,0.0,0.0,0.0,194.0,0.0,0.0,0.0,0.0,0.99,0.01,0.01,255.0,254.0,1.0,0.01,0.0,0.0,0.0,0.0,0.0,0.0,100149.0
0.0,1.0,17.0,5.0,0.0,0.0,0.0,0.0,0.0,0.0,0.0,0.0,0.0,62.0,1.0,1.0,0.0,0.0,0.32,0.06,0.0,255.0,80.0,0.31,0.02,0.0,0.0,1.0,1.0,0.0,1.0,78694.0
0.0,1.0,6.0,5.0,0.0,0.0,0.0,0.0,0.0,0.0,0.0,0.0,0.0,222.0,1.0,1.0,0.0,0.0,0.08,0.07,0.0,255.0,17.0,0.07,0.08,0.0,0.0,1.0,1.0,0.0,1.0,122196.0
0.0,1.0,46.0,1.0,0.0,0.0,0.0,0.0,0.0,0.0,0.0,0.0,0.0,70.0,0.0,0.0,1.0,1.0,0.06,0.07,0.0,255.0,4.0,0.02,0.07,0.0,0.0,0.0,0.0,1.0,1.0,71563.0
0.0,1.0,18.0,5.0,0.0,0.0,0.0,0.0,0.0,0.0,0.0,0.0,0.0,266.0,1.0,1.0,0.0,0.0,0.02,0.06,0.0,255.0,1.0,0.0,0.09,0.0,0.0,1.0,1.0,0.0,1.0,118227.0
0.0,1.0,46.0,5.0,0.0,0.0,0.0,0.0,0.0,0.0,0.0,0.0,0.0,293.0,1.0,1.0,0.0,0.0,0.06,0.05,0.0,255.0,18.0,0.07,0.06,0.0,0.0,1.0,1.0,0.0,1.0,124020.0
0.0,1.0,9.0,2.0,0.0,0.0,0.0,0.0,0.0,0.0,0.0,0.0,0.0,275.0,0.0,0.0,1.0,1.0,0.07,0.06,0.0,255.0,20.0,0.08,0.07,0.0,0.0,0.0,0.0,1.0,1.0,120488.0
0.0,1.0,10.0,5.0,0.0,0.0,0.0,0.0,0.0,0.0,0.0,0.0,0.0,258.0,1.0,1.0,0.0,0.0,0.02,0.07,0.0,255.0,4.0,0.02,0.08,0.0,0.0,1.0,1.0,0.0,1.0,51231.0
0.0,1.0,28.0,5.0,0.0,0.0,0.0,0.0,0.0,0.0,0.0,0.0,0.0,122.0,1.0,1.0,0.0,0.0,0.16,0.06,0.0,255.0,5.0,0.02,0.06,0.0,0.0,1.0,1.0,0.0,1.0,29401.0
0.0,1.0,5.0,1.0,0.0,0.0,0.0,0.0,0.0,0.0,0.0,0.0,0.0,133.0,0.0,0.0,1.0,1.0,0.04,0.06,0.0,255.0,5.0,0.02,0.06,0.0,0.0,0.0,0.0,1.0,1.0,97730.0
0.0,1.0,63.0,5.0,0.0,0.0,0.0,0.0,0.0,0.0,0.0,0.0,0.0,119.0,1.0,1.0,0.0,0.0,0.17,0.05,0.0,255.0,18.0,0.07,0.07,0.0,0.0,1.0,1.0,0.0,1.0,79709.0
0.0,1.0,36.0,5.0,0.0,0.0,0.0,0.0,0.0,0.0,0.0,0.0,0.0,60.0,1.0,1.0,0.0,0.0,0.03,0.08,0.0,255.0,10.0,0.04,0.07,0.0,0.0,1.0,1.0,0.0,1.0,36692.0
0.0,1.0,46.0,1.0,0.0,0.0,0.0,0.0,0.0,0.0,0.0,0.0,0.0,386.0,0.06,0.0,0.92,1.0,0.0,1.0,0.0,255.0,1.0,0.0,1.0,0.0,0.0,0.09,0.0,1.0,1.0,47749.0
0.0,1.0,46.0,5.0,0.0,0.0,0.0,0.0,0.0,0.0,0.0,0.0,0.0,220.0,1.0,1.0,0.0,0.0,0.02,0.06,0.0,255.0,7.0,0.03,0.07,0.0,0.0,1.0,1.0,0.0,1.0,25675.0
0.0,1.0,4.0,1.0,0.0,0.0,0.0,0.0,0.0,0.0,0.0,0.0,0.0,132.0,0.0,0.0,1.0,1.0,0.01,0.08,0.0,255.0,1.0,0.0,0.08,0.0,0.0,0.0,0.0,1.0,1.0,27187.0
0.0,2.0,11.0,9.0,42.0,0.0,0.0,0.0,0.0,0.0,0.0,0.0,0.0,1.0,0.0,0.0,0.0,0.0,1.0,0.0,1.0,214.0,212.0,0.99,0.01,0.01,0.0,0.0,0.0,0.0,0.0,101571.0
0.0,1.0,46.0,5.0,0.0,0.0,0.0,0.0,0.0,0.0,0.0,0.0,0.0,102.0,1.0,1.0,0.0,0.0,0.18,0.06,0.0,255.0,8.0,0.03,0.07,0.0,0.0,1.0,1.0,0.0,1.0,46960.0
0.0,1.0,21.0,5.0,0.0,0.0,0.0,0.0,0.0,0.0,0.0,0.0,0.0,256.0,1.0,1.0,0.0,0.0,0.01,0.07,0.0,255.0,2.0,0.01,0.08,0.0,0.0,1.0,1.0,0.0,1.0,122824.0
0.0,1.0,16.0,5.0,0.0,0.0,0.0,0.0,0.0,0.0,0.0,0.0,0.0,135.0,1.0,1.0,0.0,0.0,0.1,0.06,0.0,255.0,6.0,0.02,0.07,0.0,0.0,1.0,1.0,0.0,1.0,85060.0
0.0,1.0,18.0,5.0,0.0,0.0,0.0,0.0,0.0,0.0,0.0,0.0,0.0,246.0,1.0,1.0,0.0,0.0,0.06,0.06,0.0,255.0,15.0,0.06,0.07,0.0,0.0,1.0,1.0,0.0,1.0,45333.0
0.0,2.0,46.0,9.0,1.0,0.0,0.0,0.0,0.0,0.0,0.0,0.0,0.0,37.0,0.0,0.0,0.0,0.0,0.3,0.08,0.0,255.0,14.0,0.05,0.9,0.11,0.0,0.13,0.0,0.0,1.0,116732.0
0.0,1.0,4.0,5.0,0.0,0.0,0.0,0.0,0.0,0.0,0.0,0.0,0.0,207.0,1.0,1.0,0.0,0.0,0.02,0.05,0.0,165.0,4.0,0.02,0.07,0.01,0.0,0.99,1.0,0.0,1.0,27782.0
0.0,1.0,38.0,5.0,0.0,0.0,0.0,0.0,0.0,0.0,0.0,0.0,0.0,125.0,1.0,1.0,0.0,0.0,0.06,0.06,0.0,255.0,7.0,0.03,0.07,0.0,0.0,1.0,1.0,0.0,1.0,100015.0
0.0,0.0,13.0,9.0,8.0,0.0,0.0,0.0,0.0,0.0,0.0,0.0,0.0,1.0,0.0,0.0,0.0,0.0,1.0,0.0,1.0,4.0,96.0,1.0,0.0,1.0,0.25,0.0,0.0,0.0,1.0,104790.0
0.0,0.0,13.0,9.0,8.0,0.0,0.0,0.0,0.0,0.0,0.0,0.0,0.0,1.0,0.0,0.0,0.0,0.0,1.0,0.0,1.0,2.0,18.0,1.0,0.0,1.0,0.5,0.0,0.0,0.0,1.0,102110.0
0.0,1.0,36.0,5.0,0.0,0.0,0.0,0.0,0.0,0.0,0.0,0.0,0.0,124.0,1.0,1.0,0.0,0.0,0.09,0.05,0.0,255.0,11.0,0.04,0.05,0.0,0.0,1.0,1.0,0.0,1.0,44603.0
0.0,2.0,46.0,9.0,1.0,0.0,0.0,0.0,0.0,0.0,0.0,0.0,0.0,73.0,0.0,0.0,0.0,0.0,0.25,0.05,0.0,255.0,38.0,0.15,0.23,1.0,0.0,0.0,0.0,0.0,1.0,27157.0
0.0,1.0,5.0,5.0,0.0,0.0,0.0,0.0,0.0,0.0,0.0,0.0,0.0,125.0,1.0,1.0,0.0,0.0,0.03,0.06,0.0,255.0,4.0,0.02,0.06,0.0,0.0,1.0,1.0,0.0,1.0,83495.0
584.0,2.0,41.0,9.0,145.0,105.0,0.0,0.0,0.0,0.0,0.0,0.0,0.0,1.0,0.0,0.0,0.0,0.0,1.0,0.0,0.0,255.0,2.0,0.01,0.61,0.96,0.0,0.0,0.0,0.0,0.0,8309.0
0.0,2.0,46.0,9.0,1.0,0.0,0.0,0.0,0.0,0.0,0.0,0.0,0.0,17.0,0.0,0.0,0.0,0.0,0.65,0.29,0.0,255.0,11.0,0.04,0.78,0.27,0.0,0.1,0.0,0.0,1.0,75502.0
0.0,1.0,46.0,1.0,0.0,0.0,0.0,0.0,0.0,0.0,0.0,0.0,0.0,1.0,0.0,0.0,1.0,1.0,1.0,0.0,0.0,66.0,2.0,0.02,1.0,0.02,1.0,0.0,0.0,1.0,1.0,29309.0
0.0,2.0,46.0,9.0,28.0,0.0,3.0,0.0,0.0,0.0,0.0,0.0,0.0,59.0,0.0,0.0,0.0,0.0,1.0,0.0,0.0,255.0,59.0,0.23,0.02,0.23,0.0,0.0,0.0,0.0,1.0,71704.0
0.0,1.0,46.0,1.0,0.0,0.0,0.0,0.0,0.0,0.0,0.0,0.0,0.0,212.0,0.01,0.0,0.96,1.0,0.0,1.0,0.0,255.0,1.0,0.0,0.85,0.0,0.0,0.01,0.0,1.0,1.0,114652.0
0.0,1.0,5.0,5.0,0.0,0.0,0.0,0.0,0.0,0.0,0.0,0.0,0.0,126.0,1.0,1.0,0.0,0.0,0.08,0.06,0.0,255.0,10.0,0.04,0.05,0.0,0.0,1.0,1.0,0.0,1.0,5348.0
0.0,1.0,46.0,5.0,0.0,0.0,0.0,0.0,0.0,0.0,0.0,0.0,0.0,236.0,1.0,1.0,0.0,0.0,0.02,0.06,0.0,255.0,14.0,0.05,0.07,0.0,0.0,1.0,1.0,0.0,1.0,96695.0
0.0,1.0,3.0,5.0,0.0,0.0,0.0,0.0,0.0,0.0,0.0,0.0,0.0,254.0,1.0,1.0,0.0,0.0,0.02,0.05,0.0,255.0,6.0,0.02,0.05,0.0,0.0,1.0,1.0,0.0,1.0,13543.0
0.0,1.0,62.0,5.0,0.0,0.0,0.0,0.0,0.0,0.0,0.0,0.0,0.0,121.0,1.0,1.0,0.0,0.0,0.04,0.06,0.0,255.0,5.0,0.02,0.05,0.0,0.0,1.0,1.0,0.0,1.0,47409.0
0.0,1.0,46.0,5.0,0.0,0.0,0.0,0.0,0.0,0.0,0.0,0.0,0.0,178.0,1.0,1.0,0.0,0.0,0.01,0.06,0.0,255.0,10.0,0.04,0.09,0.0,0.0,1.0,1.0,0.0,1.0,39171.0
0.0,1.0,46.0,5.0,0.0,0.0,0.0,0.0,0.0,0.0,0.0,0.0,0.0,135.0,1.0,1.0,0.0,0.0,0.09,0.06,0.0,255.0,16.0,0.06,0.05,0.0,0.0,1.0,1.0,0.0,1.0,71737.0
0.0,1.0,46.0,5.0,0.0,0.0,0.0,0.0,0.0,0.0,0.0,0.0,0.0,257.0,1.0,1.0,0.0,0.0,0.05,0.06,0.0,255.0,14.0,0.05,0.09,0.0,0.0,1.0,1.0,0.0,1.0,66819.0
0.0,2.0,11.0,9.0,45.0,116.0,0.0,0.0,0.0,0.0,0.0,0.0,0.0,106.0,0.0,0.0,0.0,0.0,1.0,0.0,0.0,255.0,255.0,1.0,0.0,0.0,0.0,0.0,0.0,0.0,0.0,103279.0
0.0,1.0,46.0,1.0,0.0,0.0,0.0,0.0,0.0,0.0,0.0,0.0,0.0,394.0,0.06,0.0,0.93,1.0,0.0,1.0,0.0,255.0,1.0,0.0,1.0,0.0,0.0,0.09,0.0,1.0,1.0,73071.0
0.0,1.0,46.0,1.0,0.0,0.0,0.0,0.0,0.0,0.0,0.0,0.0,0.0,269.0,0.0,0.0,1.0,1.0,0.04,0.07,0.0,255.0,10.0,0.04,0.09,0.0,0.0,0.0,0.0,1.0,1.0,56345.0
0.0,1.0,25.0,1.0,0.0,0.0,0.0,0.0,0.0,0.0,0.0,0.0,0.0,252.0,0.0,0.0,1.0,1.0,0.02,0.07,0.0,255.0,5.0,0.02,0.07,0.0,0.0,0.0,0.0,1.0,1.0,33437.0
0.0,1.0,46.0,1.0,0.0,0.0,0.0,0.0,0.0,0.0,0.0,0.0,0.0,119.0,0.0,0.0,1.0,1.0,0.1,0.08,0.0,144.0,12.0,0.08,0.08,0.01,0.0,0.0,0.0,1.0,1.0,51337.0
0.0,1.0,46.0,5.0,0.0,0.0,0.0,0.0,0.0,0.0,0.0,0.0,0.0,249.0,1.0,1.0,0.0,0.0,0.01,0.06,0.0,255.0,3.0,0.01,0.08,0.0,0.0,1.0,1.0,0.0,1.0,9092.0
0.0,0.0,13.0,9.0,8.0,0.0,0.0,0.0,0.0,0.0,0.0,0.0,0.0,1.0,0.0,0.0,0.0,0.0,1.0,0.0,1.0,2.0,14.0,1.0,0.0,1.0,0.5,0.0,0.0,0.0,1.0,13970.0
0.0,1.0,46.0,5.0,0.0,0.0,0.0,0.0,0.0,0.0,0.0,0.0,0.0,105.0,1.0,1.0,0.0,0.0,0.08,0.05,0.0,255.0,5.0,0.02,0.08,0.0,0.0,1.0,1.0,0.0,1.0,20749.0
0.0,1.0,34.0,5.0,0.0,0.0,0.0,0.0,0.0,0.0,0.0,0.0,0.0,272.0,1.0,1.0,0.0,0.0,0.07,0.06,0.0,255.0,14.0,0.05,0.07,0.0,0.0,1.0,1.0,0.0,1.0,75610.0
0.0,2.0,11.0,9.0,45.0,72.0,0.0,0.0,0.0,0.0,0.0,0.0,0.0,119.0,0.0,0.0,0.0,0.0,1.0,0.0,0.02,255.0,253.0,0.99,0.01,0.0,0.0,0.0,0.0,0.0,0.0,102931.0
0.0,1.0,46.0,5.0,0.0,0.0,0.0,0.0,0.0,0.0,0.0,0.0,0.0,212.0,1.0,1.0,0.0,0.0,0.0,0.07,0.0,255.0,19.0,0.07,0.09,0.0,0.0,1.0,1.0,0.0,1.0,106324.0
0.0,1.0,21.0,5.0,0.0,0.0,0.0,0.0,0.0,0.0,0.0,0.0,0.0,98.0,1.0,1.0,0.0,0.0,0.01,0.05,0.0,255.0,1.0,0.0,0.05,0.0,0.0,1.0,1.0,0.0,1.0,119501.0
0.0,1.0,46.0,5.0,0.0,0.0,0.0,0.0,0.0,0.0,0.0,0.0,0.0,139.0,1.0,1.0,0.0,0.0,0.1,0.06,0.0,255.0,9.0,0.04,0.06,0.0,0.0,1.0,1.0,0.0,1.0,49295.0
0.0,1.0,46.0,1.0,0.0,0.0,0.0,0.0,0.0,0.0,0.0,0.0,0.0,103.0,0.01,0.0,0.93,1.0,0.01,1.0,0.0,228.0,1.0,0.0,0.48,0.0,0.0,0.0,0.0,1.0,1.0,36410.0
0.0,1.0,30.0,5.0,0.0,0.0,0.0,0.0,0.0,0.0,0.0,0.0,0.0,294.0,1.0,1.0,0.0,0.0,0.08,0.04,0.0,255.0,24.0,0.09,0.05,0.0,0.0,1.0,1.0,0.0,1.0,70305.0
0.0,1.0,65.0,5.0,0.0,0.0,0.0,0.0,0.0,0.0,0.0,0.0,0.0,48.0,1.0,1.0,0.0,0.0,0.06,0.12,0.0,255.0,11.0,0.04,0.08,0.0,0.0,1.0,1.0,0.0,1.0,14013.0
0.0,1.0,46.0,5.0,0.0,0.0,0.0,0.0,0.0,0.0,0.0,0.0,0.0,79.0,1.0,1.0,0.0,0.0,0.03,0.06,0.0,255.0,18.0,0.07,0.07,0.0,0.0,1.0,1.0,0.0,1.0,28622.0
0.0,1.0,46.0,5.0,0.0,0.0,0.0,0.0,0.0,0.0,0.0,0.0,0.0,119.0,1.0,1.0,0.0,0.0,0.07,0.06,0.0,197.0,11.0,0.06,0.09,0.01,0.0,1.0,1.0,0.0,1.0,74508.0
0.0,1.0,62.0,5.0,0.0,0.0,0.0,0.0,0.0,0.0,0.0,0.0,0.0,141.0,1.0,1.0,0.0,0.0,0.09,0.06,0.0,255.0,12.0,0.05,0.06,0.0,0.0,1.0,1.0,0.0,1.0,81245.0
0.0,0.0,13.0,9.0,30.0,0.0,0.0,0.0,0.0,0.0,0.0,0.0,0.0,3.0,0.0,0.0,0.0,0.0,0.33,1.0,0.0,255.0,2.0,0.01,0.01,0.04,0.0,0.0,0.0,0.0,0.0,107068.0
0.0,1.0,29.0,5.0,0.0,0.0,0.0,0.0,0.0,0.0,0.0,0.0,0.0,139.0,1.0,1.0,0.0,0.0,0.05,0.06,0.0,255.0,4.0,0.02,0.06,0.0,0.0,1.0,1.0,0.0,1.0,100651.0
0.0,1.0,65.0,1.0,0.0,0.0,0.0,0.0,0.0,0.0,0.0,0.0,0.0,244.0,0.0,0.0,1.0,1.0,0.07,0.06,0.0,255.0,18.0,0.07,0.07,0.0,0.0,0.0,0.0,1.0,1.0,31882.0
0.0,2.0,46.0,9.0,28.0,0.0,3.0,0.0,0.0,0.0,0.0,0.0,0.0,62.0,0.0,0.0,0.02,0.0,0.98,0.03,0.0,255.0,61.0,0.24,0.02,0.24,0.0,0.0,0.0,0.0,1.0,94887.0
0.0,1.0,46.0,5.0,0.0,0.0,0.0,0.0,0.0,0.0,0.0,0.0,0.0,158.0,1.0,1.0,0.0,0.0,0.05,0.07,0.0,255.0,8.0,0.03,0.09,0.0,0.0,1.0,1.0,0.0,1.0,109326.0
0.0,1.0,46.0,1.0,0.0,0.0,0.0,0.0,0.0,0.0,0.0,0.0,0.0,2.0,0.0,0.0,1.0,1.0,0.5,1.0,0.0,255.0,1.0,0.0,0.96,0.95,0.0,0.0,0.0,1.0,1.0,71531.0
0.0,1.0,46.0,5.0,0.0,0.0,0.0,0.0,0.0,0.0,0.0,0.0,0.0,148.0,1.0,1.0,0.0,0.0,0.09,0.07,0.0,255.0,14.0,0.05,0.07,0.0,0.0,1.0,1.0,0.0,1.0,62552.0
0.0,1.0,46.0,1.0,0.0,0.0,0.0,0.0,0.0,0.0,0.0,0.0,0.0,1.0,0.0,0.0,1.0,1.0,1.0,0.0,0.0,50.0,2.0,0.02,1.0,0.02,1.0,0.0,0.0,1.0,1.0,77272.0
0.0,1.0,46.0,5.0,0.0,0.0,0.0,0.0,0.0,0.0,0.0,0.0,0.0,208.0,1.0,1.0,0.0,0.0,0.08,0.07,0.0,255.0,17.0,0.07,0.06,0.0,0.0,1.0,1.0,0.0,1.0,103420.0
0.0,1.0,22.0,5.0,0.0,0.0,0.0,0.0,0.0,0.0,0.0,0.0,0.0,19.0,1.0,1.0,0.0,0.0,0.37,0.21,0.0,255.0,60.0,0.24,0.04,0.0,0.0,1.0,1.0,0.0,1.0,47548.0
0.0,1.0,46.0,5.0,0.0,0.0,0.0,0.0,0.0,0.0,0.0,0.0,0.0,135.0,1.0,1.0,0.0,0.0,0.1,0.08,0.0,255.0,13.0,0.05,0.07,0.0,0.0,1.0,1.0,0.0,1.0,78475.0
0.0,1.0,46.0,5.0,0.0,0.0,0.0,0.0,0.0,0.0,0.0,0.0,0.0,55.0,1.0,1.0,0.0,0.0,0.24,0.07,0.0,234.0,13.0,0.06,0.06,0.0,0.0,1.0,1.0,0.0,1.0,120297.0
0.0,1.0,46.0,5.0,0.0,0.0,0.0,0.0,0.0,0.0,0.0,0.0,0.0,115.0,1.0,1.0,0.0,0.0,0.09,0.07,0.0,255.0,13.0,0.05,0.07,0.0,0.0,1.0,1.0,0.0,1.0,84310.0
0.0,1.0,46.0,5.0,0.0,0.0,0.0,0.0,0.0,0.0,0.0,0.0,0.0,297.0,1.0,1.0,0.0,0.0,0.07,0.05,0.0,255.0,20.0,0.08,0.09,0.0,0.0,1.0,1.0,0.0,1.0,39374.0
0.0,1.0,20.0,5.0,0.0,0.0,0.0,0.0,0.0,0.0,0.0,0.0,0.0,248.0,1.0,1.0,0.0,0.0,0.06,0.07,0.0,255.0,14.0,0.05,0.07,0.0,0.0,1.0,1.0,0.0,1.0,80868.0
0.0,1.0,23.0,5.0,0.0,0.0,0.0,0.0,0.0,0.0,0.0,0.0,0.0,278.0,1.0,1.0,0.0,0.0,0.09,0.05,0.0,255.0,24.0,0.09,0.07,0.0,0.0,1.0,1.0,0.0,1.0,110772.0
0.0,1.0,21.0,1.0,0.0,0.0,0.0,0.0,0.0,0.0,0.0,0.0,0.0,252.0,0.0,0.0,1.0,1.0,0.03,0.06,0.0,255.0,8.0,0.03,0.07,0.0,0.0,0.0,0.0,1.0,1.0,55685.0
0.0,1.0,46.0,5.0,0.0,0.0,0.0,0.0,0.0,0.0,0.0,0.0,0.0,139.0,1.0,1.0,0.0,0.0,0.07,0.06,0.0,143.0,10.0,0.07,0.06,0.01,0.0,1.0,1.0,0.0,1.0,94998.0
0.0,1.0,46.0,5.0,0.0,0.0,0.0,0.0,0.0,0.0,0.0,0.0,0.0,224.0,1.0,1.0,0.0,0.0,0.07,0.06,0.0,255.0,3.0,0.01,0.08,0.0,0.0,1.0,1.0,0.0,1.0,79211.0
0.0,1.0,46.0,5.0,0.0,0.0,0.0,0.0,0.0,0.0,0.0,0.0,0.0,109.0,1.0,1.0,0.0,0.0,0.16,0.06,0.0,255.0,17.0,0.07,0.05,0.0,0.0,1.0,1.0,0.0,1.0,78541.0
0.0,1.0,63.0,5.0,0.0,0.0,0.0,0.0,0.0,0.0,0.0,0.0,0.0,238.0,1.0,1.0,0.0,0.0,0.08,0.06,0.0,255.0,19.0,0.07,0.07,0.0,0.0,1.0,1.0,0.0,1.0,103195.0
0.0,1.0,10.0,1.0,0.0,0.0,0.0,0.0,0.0,0.0,0.0,0.0,0.0,240.0,0.0,0.0,1.0,1.0,0.03,0.07,0.0,255.0,8.0,0.03,0.07,0.0,0.0,0.0,0.0,1.0,1.0,109752.0
0.0,1.0,46.0,5.0,0.0,0.0,0.0,0.0,0.0,0.0,0.0,0.0,0.0,217.0,1.0,1.0,0.0,0.0,0.03,0.05,0.0,255.0,6.0,0.02,0.05,0.0,0.0,1.0,1.0,0.0,1.0,9885.0
0.0,0.0,14.0,9.0,520.0,0.0,0.0,0.0,0.0,0.0,0.0,0.0,0.0,200.0,0.0,0.0,0.0,0.0,1.0,0.0,0.0,255.0,255.0,1.0,0.0,1.0,0.0,0.0,0.0,0.0,1.0,118012.0
0.0,2.0,11.0,9.0,44.0,127.0,0.0,0.0,0.0,0.0,0.0,0.0,0.0,111.0,0.0,0.0,0.0,0.0,1.0,0.0,0.01,255.0,254.0,1.0,0.01,0.0,0.0,0.0,0.0,0.0,0.0,108389.0
0.0,1.0,22.0,5.0,0.0,0.0,0.0,0.0,0.0,0.0,0.0,0.0,0.0,2.0,0.5,0.04,0.0,0.0,1.0,0.0,0.07,171.0,255.0,1.0,0.0,0.01,0.02,0.01,0.0,0.0,0.0,99382.0
0.0,1.0,7.0,5.0,0.0,0.0,0.0,0.0,0.0,0.0,0.0,0.0,0.0,234.0,1.0,1.0,0.0,0.0,0.0,0.07,0.0,255.0,1.0,0.0,0.08,0.0,0.0,1.0,1.0,0.0,1.0,30660.0
0.0,1.0,44.0,5.0,0.0,0.0,0.0,0.0,0.0,0.0,0.0,0.0,0.0,199.0,1.0,1.0,0.0,0.0,0.04,0.07,0.0,255.0,7.0,0.03,0.07,0.0,0.0,1.0,1.0,0.0,1.0,11044.0
0.0,1.0,19.0,9.0,246.0,0.0,0.0,0.0,1.0,0.0,0.0,0.0,0.0,1.0,0.0,0.0,0.0,0.0,1.0,0.0,0.0,5.0,13.0,1.0,0.0,1.0,0.15,0.0,0.0,0.0,1.0,38072.0
0.0,1.0,46.0,4.0,0.0,0.0,0.0,0.0,0.0,0.0,0.0,0.0,0.0,1.0,0.0,0.0,1.0,1.0,1.0,0.0,0.0,255.0,1.0,0.0,0.44,0.42,0.0,0.0,0.0,1.0,1.0,108753.0
0.0,1.0,46.0,5.0,0.0,0.0,0.0,0.0,0.0,0.0,0.0,0.0,0.0,110.0,1.0,1.0,0.0,0.0,0.09,0.06,0.0,255.0,10.0,0.04,0.08,0.0,0.0,1.0,1.0,0.0,1.0,7580.0
27281.0,1.0,46.0,4.0,1.0,0.0,0.0,0.0,0.0,0.0,0.0,0.0,0.0,2.0,0.0,0.0,1.0,1.0,1.0,0.0,0.0,255.0,2.0,0.01,0.74,1.0,0.0,0.0,0.0,1.0,1.0,25235.0
0.0,1.0,22.0,5.0,0.0,0.0,0.0,0.0,0.0,0.0,0.0,0.0,0.0,28.0,1.0,1.0,0.0,0.0,0.39,0.14,0.0,255.0,67.0,0.26,0.02,0.01,0.0,1.0,1.0,0.0,1.0,13628.0
0.0,1.0,46.0,5.0,0.0,0.0,0.0,0.0,0.0,0.0,0.0,0.0,0.0,71.0,1.0,1.0,0.0,0.0,0.34,0.07,0.0,255.0,24.0,0.09,0.05,0.0,0.0,1.0,1.0,0.0,1.0,105953.0
0.0,2.0,11.0,9.0,43.0,73.0,0.0,0.0,0.0,0.0,0.0,0.0,0.0,121.0,0.0,0.0,0.0,0.0,1.0,0.0,0.0,255.0,224.0,0.88,0.01,0.0,0.0,0.0,0.0,0.0,0.0,107397.0
0.0,1.0,22.0,5.0,0.0,0.0,0.0,0.0,0.0,0.0,0.0,0.0,0.0,17.0,0.94,1.0,0.06,0.0,0.94,0.12,0.0,255.0,17.0,0.07,0.06,0.0,0.0,1.0,1.0,0.0,1.0,30140.0
0.0,1.0,46.0,5.0,0.0,0.0,0.0,0.0,0.0,0.0,0.0,0.0,0.0,168.0,1.0,1.0,0.0,0.0,0.07,0.07,0.0,255.0,3.0,0.01,0.07,0.0,0.0,1.0,1.0,0.0,1.0,86341.0
0.0,2.0,46.0,9.0,28.0,0.0,3.0,0.0,0.0,0.0,0.0,0.0,0.0,116.0,0.86,0.0,0.0,0.0,0.14,0.06,0.0,255.0,16.0,0.06,0.94,0.06,0.0,0.09,0.0,0.0,1.0,1734.0
0.0,1.0,46.0,5.0,0.0,0.0,0.0,0.0,0.0,0.0,0.0,0.0,0.0,266.0,1.0,1.0,0.0,0.0,0.01,0.06,0.0,255.0,20.0,0.08,0.07,0.0,0.0,1.0,1.0,0.0,1.0,75035.0
465.0,2.0,41.0,9.0,147.0,105.0,0.0,0.0,0.0,0.0,0.0,0.0,0.0,1.0,0.0,0.0,0.0,0.0,1.0,0.0,0.0,255.0,1.0,0.0,0.58,0.93,0.0,0.0,0.0,0.0,0.0,16260.0
0.0,2.0,46.0,9.0,28.0,0.0,3.0,0.0,0.0,0.0,0.0,0.0,0.0,71.0,0.0,0.0,0.0,0.0,1.0,0.0,0.0,143.0,71.0,0.5,0.03,0.5,0.0,0.0,0.0,0.0,1.0,47099.0
0.0,1.0,53.0,5.0,0.0,0.0,0.0,0.0,0.0,0.0,0.0,0.0,0.0,87.0,1.0,1.0,0.0,0.0,0.26,0.05,0.0,255.0,11.0,0.04,0.06,0.0,0.0,1.0,1.0,0.0,1.0,117538.0
0.0,1.0,46.0,5.0,0.0,0.0,0.0,0.0,0.0,0.0,0.0,0.0,0.0,136.0,1.0,1.0,0.0,0.0,0.05,0.07,0.0,255.0,5.0,0.02,0.06,0.0,0.0,1.0,1.0,0.0,1.0,103336.0
0.0,1.0,31.0,5.0,0.0,0.0,0.0,0.0,0.0,0.0,0.0,0.0,0.0,142.0,1.0,1.0,0.0,0.0,0.07,0.06,0.0,255.0,16.0,0.06,0.05,0.0,0.0,1.0,1.0,0.0,1.0,37069.0
0.0,1.0,46.0,5.0,0.0,0.0,0.0,0.0,0.0,0.0,0.0,0.0,0.0,140.0,1.0,1.0,0.0,0.0,0.17,0.05,0.0,255.0,24.0,0.09,0.04,0.0,0.0,1.0,1.0,0.0,1.0,87155.0
0.0,1.0,46.0,5.0,0.0,0.0,0.0,0.0,0.0,0.0,0.0,0.0,0.0,191.0,1.0,1.0,0.0,0.0,0.01,0.08,0.0,255.0,2.0,0.01,0.08,0.0,0.0,1.0,1.0,0.0,1.0,101412.0
0.0,2.0,46.0,9.0,1.0,0.0,0.0,0.0,0.0,0.0,0.0,0.0,0.0,24.0,0.0,0.0,0.0,0.0,0.92,0.12,0.0,255.0,22.0,0.09,0.73,0.31,0.0,0.08,0.0,0.0,1.0,108476.0
0.0,1.0,46.0,1.0,0.0,0.0,0.0,0.0,0.0,0.0,0.0,0.0,0.0,1.0,0.0,0.0,1.0,1.0,1.0,0.0,0.0,64.0,1.0,0.02,1.0,0.02,0.0,0.0,0.0,1.0,1.0,26214.0
0.0,0.0,13.0,9.0,8.0,0.0,0.0,0.0,0.0,0.0,0.0,0.0,0.0,1.0,0.0,0.0,0.0,0.0,1.0,0.0,1.0,4.0,80.0,1.0,0.0,1.0,0.25,0.0,0.0,0.0,1.0,66417.0
0.0,0.0,14.0,9.0,1032.0,0.0,0.0,0.0,0.0,0.0,0.0,0.0,0.0,510.0,0.0,0.0,0.0,0.0,1.0,0.0,0.0,255.0,9.0,0.04,0.18,0.04,0.0,0.0,0.0,0.0,1.0,67821.0
0.0,1.0,46.0,5.0,0.0,0.0,0.0,0.0,0.0,0.0,0.0,0.0,0.0,136.0,1.0,1.0,0.0,0.0,0.08,0.07,0.0,255.0,4.0,0.02,0.07,0.0,0.0,1.0,1.0,0.0,1.0,94864.0
0.0,1.0,9.0,5.0,0.0,0.0,0.0,0.0,0.0,0.0,0.0,0.0,0.0,279.0,1.0,1.0,0.0,0.0,0.03,0.06,0.0,255.0,16.0,0.06,0.07,0.0,0.0,1.0,1.0,0.0,1.0,26431.0
0.0,1.0,3.0,5.0,0.0,0.0,0.0,0.0,0.0,0.0,0.0,0.0,0.0,228.0,1.0,1.0,0.0,0.0,0.01,0.07,0.0,255.0,3.0,0.01,0.07,0.0,0.0,1.0,1.0,0.0,1.0,58795.0
0.0,0.0,13.0,9.0,8.0,0.0,0.0,0.0,0.0,0.0,0.0,0.0,0.0,1.0,0.0,0.0,0.0,0.0,1.0,0.0,1.0,2.0,202.0,1.0,0.0,1.0,0.25,0.0,0.0,0.0,1.0,73187.0
0.0,1.0,46.0,5.0,0.0,0.0,0.0,0.0,0.0,0.0,0.0,0.0,0.0,162.0,1.0,1.0,0.0,0.0,0.01,0.07,0.0,255.0,12.0,0.05,0.07,0.0,0.0,1.0,1.0,0.0,1.0,47060.0
0.0,1.0,46.0,5.0,0.0,0.0,0.0,0.0,0.0,0.0,0.0,0.0,0.0,121.0,1.0,1.0,0.0,0.0,0.12,0.06,0.0,255.0,18.0,0.07,0.07,0.0,0.0,1.0,1.0,0.0,1.0,68248.0
0.0,1.0,18.0,2.0,0.0,0.0,0.0,0.0,0.0,0.0,0.0,0.0,0.0,259.0,0.0,0.0,1.0,1.0,0.01,0.07,0.0,255.0,3.0,0.01,0.07,0.0,0.0,0.0,0.0,1.0,1.0,77863.0
0.0,2.0,11.0,9.0,43.0,76.0,0.0,0.0,0.0,0.0,0.0,0.0,0.0,133.0,0.0,0.0,0.0,0.0,1.0,0.0,0.0,255.0,201.0,0.79,0.01,0.0,0.0,0.0,0.0,0.0,0.0,2100.0
0.0,1.0,46.0,5.0,0.0,0.0,0.0,0.0,0.0,0.0,0.0,0.0,0.0,171.0,1.0,1.0,0.0,0.0,0.06,0.06,0.0,255.0,20.0,0.08,0.07,0.0,0.0,1.0,1.0,0.0,1.0,92501.0
0.0,1.0,46.0,5.0,0.0,0.0,0.0,0.0,0.0,0.0,0.0,0.0,0.0,224.0,1.0,1.0,0.0,0.0,0.0,0.07,0.0,255.0,1.0,0.0,0.07,0.0,0.0,1.0,1.0,0.0,1.0,37790.0
0.0,0.0,13.0,9.0,8.0,0.0,0.0,0.0,0.0,0.0,0.0,0.0,0.0,1.0,0.0,0.0,0.0,0.0,1.0,0.0,1.0,2.0,30.0,1.0,0.0,1.0,0.5,0.0,0.0,0.0,1.0,18198.0
0.0,1.0,46.0,5.0,0.0,0.0,0.0,0.0,0.0,0.0,0.0,0.0,0.0,85.0,1.0,1.0,0.0,0.0,0.06,0.06,0.0,255.0,17.0,0.07,0.06,0.0,0.0,1.0,1.0,0.0,1.0,6312.0
0.0,1.0,46.0,1.0,0.0,0.0,0.0,0.0,0.0,0.0,0.0,0.0,0.0,2.0,0.0,0.0,1.0,1.0,0.5,1.0,0.0,255.0,1.0,0.0,0.48,0.45,0.0,0.0,0.0,1.0,1.0,101205.0
0.0,0.0,13.0,9.0,8.0,0.0,0.0,0.0,0.0,0.0,0.0,0.0,0.0,1.0,0.0,0.0,0.0,0.0,1.0,0.0,1.0,1.0,45.0,1.0,0.0,1.0,0.51,0.0,0.0,0.0,1.0,5864.0
0.0,1.0,35.0,5.0,0.0,0.0,0.0,0.0,0.0,0.0,0.0,0.0,0.0,135.0,1.0,1.0,0.0,0.0,0.15,0.06,0.0,255.0,20.0,0.08,0.07,0.0,0.0,1.0,1.0,0.0,1.0,103651.0
0.0,1.0,38.0,1.0,0.0,0.0,0.0,0.0,0.0,0.0,0.0,0.0,0.0,141.0,0.0,0.0,1.0,1.0,0.13,0.06,0.0,255.0,19.0,0.07,0.05,0.0,0.0,0.0,0.0,1.0,1.0,91978.0
0.0,1.0,19.0,5.0,0.0,0.0,0.0,0.0,0.0,0.0,0.0,0.0,0.0,8.0,1.0,1.0,0.0,0.0,0.88,0.25,0.0,255.0,57.0,0.22,0.04,0.0,0.0,1.0,1.0,0.0,1.0,85419.0
0.0,1.0,32.0,5.0,0.0,0.0,0.0,0.0,0.0,0.0,0.0,0.0,0.0,222.0,1.0,1.0,0.0,0.0,0.0,0.06,0.0,255.0,1.0,0.0,0.07,0.0,0.0,1.0,1.0,0.0,1.0,9049.0
0.0,1.0,46.0,5.0,0.0,0.0,0.0,0.0,0.0,0.0,0.0,0.0,0.0,120.0,1.0,1.0,0.0,0.0,0.03,0.06,0.0,255.0,18.0,0.07,0.06,0.0,0.0,1.0,1.0,0.0,1.0,4380.0
0.0,1.0,46.0,5.0,0.0,0.0,0.0,0.0,0.0,0.0,0.0,0.0,0.0,293.0,1.0,1.0,0.0,0.0,0.06,0.06,0.0,255.0,3.0,0.01,0.08,0.0,0.0,1.0,1.0,0.0,1.0,95257.0
0.0,1.0,31.0,5.0,0.0,0.0,0.0,0.0,0.0,0.0,0.0,0.0,0.0,143.0,1.0,1.0,0.0,0.0,0.01,0.06,0.0,255.0,4.0,0.02,0.07,0.0,0.0,1.0,1.0,0.0,1.0,97350.0
0.0,2.0,11.0,9.0,42.0,72.0,0.0,0.0,0.0,0.0,0.0,0.0,0.0,158.0,0.0,0.0,0.0,0.0,1.0,0.0,0.0,255.0,254.0,1.0,0.01,0.0,0.0,0.0,0.0,0.0,0.0,20106.0
0.0,1.0,19.0,9.0,12.0,0.0,0.0,0.0,1.0,0.0,0.0,0.0,0.0,1.0,0.0,0.0,0.0,0.0,1.0,0.0,0.0,88.0,9.0,0.1,0.05,0.1,0.0,0.0,0.0,0.0,0.0,119745.0
0.0,1.0,18.0,2.0,0.0,0.0,0.0,0.0,0.0,0.0,0.0,0.0,0.0,134.0,0.0,0.0,1.0,1.0,0.07,0.07,0.0,255.0,4.0,0.02,0.06,0.0,0.0,0.0,0.0,1.0,1.0,111478.0
13816.0,1.0,41.0,4.0,1.0,0.0,0.0,0.0,0.0,0.0,0.0,0.0,0.0,2.0,0.0,0.0,1.0,1.0,1.0,0.0,0.0,255.0,2.0,0.01,0.68,1.0,0.0,0.0,0.0,1.0,1.0,3561.0
0.0,1.0,46.0,5.0,0.0,0.0,0.0,0.0,0.0,0.0,0.0,0.0,0.0,120.0,1.0,1.0,0.0,0.0,0.16,0.06,0.0,255.0,19.0,0.07,0.06,0.0,0.0,1.0,1.0,0.0,1.0,87554.0
0.0,1.0,25.0,1.0,0.0,0.0,0.0,0.0,0.0,0.0,0.0,0.0,0.0,280.0,0.0,0.0,1.0,1.0,0.04,0.06,0.0,255.0,10.0,0.04,0.07,0.0,0.0,0.0,0.0,1.0,1.0,24820.0
0.0,1.0,46.0,4.0,0.0,0.0,0.0,0.0,0.0,0.0,0.0,0.0,0.0,1.0,0.0,0.0,1.0,1.0,1.0,0.0,0.0,58.0,1.0,0.02,0.22,0.17,0.0,0.1,0.0,1.0,1.0,107285.0
0.0,1.0,65.0,5.0,0.0,0.0,0.0,0.0,0.0,0.0,0.0,0.0,0.0,228.0,1.0,1.0,0.0,0.0,0.02,0.07,0.0,255.0,5.0,0.02,0.07,0.0,0.0,1.0,1.0,0.0,1.0,67784.0
0.0,1.0,41.0,1.0,0.0,0.0,0.0,0.0,0.0,0.0,0.0,0.0,0.0,510.0,0.13,0.0,0.87,1.0,0.0,1.0,0.0,255.0,1.0,0.0,1.0,0.0,0.0,0.14,0.0,1.0,1.0,114548.0
0.0,1.0,46.0,1.0,0.0,0.0,0.0,0.0,0.0,0.0,0.0,0.0,0.0,84.0,0.0,0.0,1.0,1.0,0.11,0.07,0.0,255.0,9.0,0.04,0.07,0.0,0.0,0.0,0.0,1.0,1.0,28468.0
0.0,1.0,52.0,1.0,0.0,0.0,0.0,0.0,0.0,0.0,0.0,0.0,0.0,69.0,0.0,0.0,1.0,1.0,0.23,0.07,0.0,255.0,15.0,0.06,0.08,0.0,0.0,0.0,0.0,1.0,1.0,18843.0
0.0,1.0,57.0,5.0,0.0,0.0,0.0,0.0,0.0,0.0,0.0,0.0,0.0,52.0,1.0,1.0,0.0,0.0,0.23,0.08,0.0,255.0,67.0,0.26,0.02,0.0,0.0,1.0,1.0,0.0,1.0,67841.0
0.0,2.0,11.0,9.0,46.0,72.0,0.0,0.0,0.0,0.0,0.0,0.0,0.0,172.0,0.0,0.0,0.0,0.0,1.0,0.0,0.0,255.0,204.0,0.8,0.01,0.0,0.0,0.0,0.0,0.0,0.0,11902.0
0.0,0.0,14.0,9.0,1032.0,0.0,0.0,0.0,0.0,0.0,0.0,0.0,0.0,234.0,0.0,0.0,0.0,0.0,1.0,0.0,0.0,255.0,234.0,0.92,0.01,0.92,0.0,0.0,0.0,0.0,1.0,12426.0
0.0,1.0,38.0,1.0,0.0,0.0,0.0,0.0,0.0,0.0,0.0,0.0,0.0,72.0,0.0,0.0,1.0,1.0,0.1,0.08,0.0,255.0,7.0,0.03,0.07,0.0,0.0,0.0,0.0,1.0,1.0,72036.0
0.0,0.0,13.0,9.0,8.0,0.0,0.0,0.0,0.0,0.0,0.0,0.0,0.0,1.0,0.0,0.0,0.0,0.0,1.0,0.0,1.0,2.0,86.0,1.0,0.0,1.0,0.5,0.0,0.0,0.0,1.0,99640.0
0.0,2.0,11.0,9.0,44.0,70.0,0.0,0.0,0.0,0.0,0.0,0.0,0.0,143.0,0.0,0.0,0.0,0.0,1.0,0.0,0.0,255.0,185.0,0.73,0.01,0.0,0.0,0.0,0.0,0.0,0.0,21900.0
0.0,2.0,11.0,9.0,34.0,0.0,0.0,0.0,0.0,0.0,0.0,0.0,0.0,1.0,0.0,0.0,0.0,0.0,1.0,0.0,1.0,223.0,27.0,0.11,0.03,0.11,0.07,0.0,0.0,0.0,0.0,9356.0
0.0,1.0,25.0,1.0,0.0,0.0,0.0,0.0,0.0,0.0,0.0,0.0,0.0,120.0,0.0,0.0,1.0,1.0,0.01,0.07,0.0,255.0,1.0,0.0,0.08,0.0,0.0,0.0,0.0,1.0,1.0,57895.0
0.0,1.0,26.0,5.0,0.0,0.0,0.0,0.0,0.0,0.0,0.0,0.0,0.0,282.0,1.0,1.0,0.0,0.0,0.02,0.05,0.0,255.0,5.0,0.02,0.05,0.0,0.0,1.0,1.0,0.0,1.0,120849.0
0.0,1.0,64.0,1.0,0.0,0.0,0.0,0.0,0.0,0.0,0.0,0.0,0.0,138.0,0.0,0.0,1.0,1.0,0.09,0.07,0.0,255.0,2.0,0.01,0.07,0.0,0.0,0.0,0.0,1.0,1.0,104399.0
0.0,1.0,56.0,1.0,0.0,0.0,0.0,0.0,0.0,0.0,0.0,0.0,0.0,294.0,0.0,0.0,1.0,1.0,0.07,0.05,0.0,255.0,20.0,0.08,0.07,0.0,0.0,0.0,0.0,1.0,1.0,59778.0
0.0,1.0,46.0,1.0,0.0,0.0,0.0,0.0,0.0,0.0,0.0,0.0,0.0,139.0,0.06,0.0,0.93,1.0,0.01,1.0,0.0,255.0,1.0,0.0,0.74,0.0,0.0,0.03,0.0,1.0,1.0,77189.0
2989.0,2.0,41.0,9.0,146.0,105.0,0.0,0.0,0.0,0.0,0.0,0.0,0.0,1.0,0.0,0.0,0.0,0.0,1.0,0.0,0.0,206.0,3.0,0.01,0.48,0.84,0.0,0.0,0.0,0.0,0.0,35019.0
0.0,1.0,46.0,5.0,0.0,0.0,0.0,0.0,0.0,0.0,0.0,0.0,0.0,209.0,1.0,1.0,0.0,0.0,0.08,0.05,0.0,255.0,4.0,0.02,0.07,0.0,0.0,1.0,1.0,0.0,1.0,3394.0
0.0,1.0,46.0,5.0,0.0,0.0,0.0,0.0,0.0,0.0,0.0,0.0,0.0,180.0,1.0,1.0,0.0,0.0,0.11,0.06,0.0,255.0,5.0,0.02,0.08,0.0,0.0,1.0,1.0,0.0,1.0,38070.0
0.0,1.0,44.0,2.0,0.0,0.0,0.0,0.0,0.0,0.0,0.0,0.0,0.0,219.0,0.0,0.0,1.0,1.0,0.05,0.07,0.0,255.0,10.0,0.04,0.07,0.0,0.0,0.0,0.0,1.0,1.0,93650.0
0.0,1.0,15.0,5.0,0.0,0.0,0.0,0.0,0.0,0.0,0.0,0.0,0.0,143.0,1.0,1.0,0.0,0.0,0.1,0.06,0.0,255.0,15.0,0.06,0.05,0.0,0.0,1.0,1.0,0.0,1.0,16878.0
0.0,1.0,46.0,5.0,0.0,0.0,0.0,0.0,0.0,0.0,0.0,0.0,0.0,261.0,1.0,1.0,0.0,0.0,0.05,0.07,0.0,255.0,5.0,0.02,0.06,0.0,0.0,1.0,1.0,0.0,1.0,26455.0
0.0,1.0,57.0,5.0,0.0,0.0,0.0,0.0,0.0,0.0,0.0,0.0,0.0,33.0,1.0,1.0,0.0,0.0,0.15,0.12,0.0,255.0,65.0,0.25,0.03,0.01,0.0,1.0,1.0,0.0,1.0,107055.0
0.0,1.0,32.0,5.0,0.0,0.0,0.0,0.0,0.0,0.0,0.0,0.0,0.0,245.0,1.0,1.0,0.0,0.0,0.01,0.06,0.0,255.0,2.0,0.01,0.08,0.0,0.0,1.0,1.0,0.0,1.0,40256.0
0.0,1.0,35.0,5.0,0.0,0.0,0.0,0.0,0.0,0.0,0.0,0.0,0.0,204.0,1.0,1.0,0.0,0.0,0.01,0.06,0.0,255.0,19.0,0.07,0.06,0.0,0.0,1.0,1.0,0.0,1.0,32522.0
0.0,0.0,13.0,9.0,8.0,0.0,0.0,0.0,0.0,0.0,0.0,0.0,0.0,1.0,0.0,0.0,0.0,0.0,1.0,0.0,1.0,1.0,89.0,1.0,0.0,1.0,0.26,0.0,0.0,0.0,1.0,93245.0
0.0,2.0,11.0,9.0,43.0,43.0,0.0,0.0,0.0,0.0,0.0,0.0,0.0,108.0,0.0,0.0,0.0,0.0,1.0,0.0,0.01,255.0,255.0,1.0,0.0,0.01,0.0,0.0,0.0,0.0,0.0,11796.0
0.0,1.0,46.0,5.0,0.0,0.0,0.0,0.0,0.0,0.0,0.0,0.0,0.0,89.0,1.0,1.0,0.0,0.0,0.08,0.07,0.0,255.0,18.0,0.07,0.06,0.0,0.0,1.0,1.0,0.0,1.0,101493.0
0.0,0.0,14.0,9.0,520.0,0.0,0.0,0.0,0.0,0.0,0.0,0.0,0.0,225.0,0.0,0.0,0.0,0.0,1.0,0.0,0.0,255.0,255.0,1.0,0.0,1.0,0.0,0.0,0.0,0.0,1.0,89179.0
0.0,1.0,46.0,5.0,0.0,0.0,0.0,0.0,0.0,0.0,0.0,0.0,0.0,276.0,1.0,1.0,0.0,0.0,0.0,0.06,0.0,255.0,13.0,0.05,0.07,0.0,0.0,1.0,1.0,0.0,1.0,125525.0
3.0,1.0,46.0,4.0,0.0,0.0,0.0,0.0,0.0,0.0,0.0,0.0,0.0,325.0,0.0,0.0,1.0,1.0,0.01,0.52,0.0,255.0,2.0,0.01,0.52,1.0,0.0,0.0,0.0,1.0,1.0,52026.0
0.0,1.0,46.0,1.0,0.0,0.0,0.0,0.0,0.0,0.0,0.0,0.0,0.0,1.0,0.0,0.0,1.0,1.0,1.0,0.0,0.0,15.0,1.0,0.07,1.0,0.07,0.0,0.0,0.0,1.0,1.0,43556.0
0.0,1.0,46.0,5.0,0.0,0.0,0.0,0.0,0.0,0.0,0.0,0.0,0.0,124.0,1.0,1.0,0.0,0.0,0.02,0.06,0.0,255.0,15.0,0.06,0.07,0.0,0.0,1.0,1.0,0.0,1.0,75022.0
0.0,1.0,27.0,5.0,0.0,0.0,0.0,0.0,0.0,0.0,0.0,0.0,0.0,139.0,1.0,1.0,0.0,0.0,0.18,0.05,0.0,255.0,25.0,0.1,0.05,0.0,0.0,1.0,1.0,0.0,1.0,93084.0
0.0,1.0,46.0,5.0,0.0,0.0,0.0,0.0,0.0,0.0,0.0,0.0,0.0,26.0,1.0,1.0,0.0,0.0,0.08,0.12,0.0,255.0,12.0,0.05,0.07,0.0,0.0,1.0,1.0,0.0,1.0,112847.0
0.0,1.0,31.0,5.0,0.0,0.0,0.0,0.0,0.0,0.0,0.0,0.0,0.0,107.0,1.0,1.0,0.0,0.0,0.23,0.06,0.0,255.0,25.0,0.1,0.06,0.0,0.0,1.0,1.0,0.0,1.0,83923.0
0.0,1.0,37.0,5.0,0.0,0.0,0.0,0.0,0.0,0.0,0.0,0.0,0.0,127.0,1.0,1.0,0.0,0.0,0.03,0.06,0.0,255.0,4.0,0.02,0.05,0.0,0.0,1.0,1.0,0.0,1.0,33439.0
0.0,2.0,46.0,9.0,1.0,0.0,0.0,0.0,0.0,0.0,0.0,0.0,0.0,53.0,0.0,0.0,0.0,0.0,0.02,0.13,0.0,255.0,1.0,0.0,0.02,0.04,0.0,0.0,0.0,0.0,1.0,102466.0
0.0,0.0,13.0,9.0,8.0,0.0,0.0,0.0,0.0,0.0,0.0,0.0,0.0,1.0,0.0,0.0,0.0,0.0,1.0,0.0,1.0,4.0,204.0,1.0,0.0,1.0,0.25,0.0,0.0,0.0,1.0,58035.0
0.0,1.0,46.0,5.0,0.0,0.0,0.0,0.0,0.0,0.0,0.0,0.0,0.0,120.0,1.0,1.0,0.0,0.0,0.1,0.06,0.0,255.0,4.0,0.02,0.07,0.0,0.0,1.0,1.0,0.0,1.0,54201.0
0.0,1.0,6.0,5.0,0.0,0.0,0.0,0.0,0.0,0.0,0.0,0.0,0.0,199.0,1.0,1.0,0.0,0.0,0.03,0.08,0.0,255.0,6.0,0.02,0.08,0.0,0.0,1.0,1.0,0.0,1.0,2427.0
0.0,1.0,46.0,5.0,0.0,0.0,0.0,0.0,0.0,0.0,0.0,0.0,0.0,258.0,1.0,1.0,0.0,0.0,0.05,0.07,0.0,255.0,26.0,0.1,0.07,0.0,0.0,1.0,1.0,0.0,1.0,5255.0
0.0,1.0,17.0,5.0,0.0,0.0,0.0,0.0,0.0,0.0,0.0,0.0,0.0,58.0,1.0,1.0,0.0,0.0,0.29,0.07,0.0,255.0,65.0,0.25,0.02,0.02,0.0,1.0,1.0,0.0,1.0,109083.0
0.0,1.0,3.0,1.0,0.0,0.0,0.0,0.0,0.0,0.0,0.0,0.0,0.0,158.0,0.0,0.0,1.0,1.0,0.09,0.06,0.0,255.0,14.0,0.05,0.07,0.0,0.0,0.0,0.0,1.0,1.0,19102.0
0.0,1.0,4.0,5.0,0.0,0.0,0.0,0.0,0.0,0.0,0.0,0.0,0.0,246.0,1.0,1.0,0.0,0.0,0.02,0.06,0.0,255.0,4.0,0.02,0.05,0.0,0.0,1.0,1.0,0.0,1.0,13323.0
0.0,1.0,46.0,5.0,0.0,0.0,0.0,0.0,0.0,0.0,0.0,0.0,0.0,189.0,1.0,1.0,0.0,0.0,0.1,0.06,0.0,255.0,2.0,0.01,0.07,0.0,0.0,1.0,1.0,0.0,1.0,71835.0
0.0,1.0,28.0,5.0,0.0,0.0,0.0,0.0,0.0,0.0,0.0,0.0,0.0,136.0,1.0,1.0,0.0,0.0,0.03,0.06,0.0,255.0,4.0,0.02,0.06,0.0,0.0,1.0,1.0,0.0,1.0,1936.0
0.0,1.0,23.0,1.0,0.0,0.0,0.0,0.0,0.0,0.0,0.0,0.0,0.0,135.0,0.0,0.0,1.0,1.0,0.12,0.07,0.0,255.0,16.0,0.06,0.06,0.0,0.0,0.0,0.0,1.0,1.0,61383.0
0.0,2.0,46.0,9.0,1.0,0.0,0.0,0.0,0.0,0.0,0.0,0.0,0.0,10.0,0.0,0.0,0.0,0.0,1.0,0.0,0.0,255.0,10.0,0.04,0.39,0.8,0.0,0.0,0.0,0.0,1.0,106709.0
27058.0,1.0,46.0,4.0,1.0,0.0,0.0,0.0,0.0,0.0,0.0,0.0,0.0,2.0,0.0,0.0,1.0,1.0,1.0,0.0,0.0,255.0,2.0,0.01,0.74,1.0,0.0,0.0,0.0,1.0,1.0,61557.0
0.0,1.0,46.0,5.0,0.0,0.0,0.0,0.0,0.0,0.0,0.0,0.0,0.0,221.0,1.0,1.0,0.0,0.0,0.0,0.06,0.0,255.0,20.0,0.08,0.06,0.0,0.0,1.0,1.0,0.0,1.0,117690.0
0.0,1.0,27.0,5.0,0.0,0.0,0.0,0.0,0.0,0.0,0.0,0.0,0.0,137.0,1.0,1.0,0.0,0.0,0.04,0.06,0.0,255.0,12.0,0.05,0.07,0.0,0.0,1.0,1.0,0.0,1.0,42175.0
0.0,1.0,46.0,1.0,0.0,0.0,0.0,0.0,0.0,0.0,0.0,0.0,0.0,404.0,0.0,0.0,1.0,1.0,0.0,0.52,0.0,255.0,1.0,0.0,0.52,1.0,0.0,0.0,0.0,1.0,1.0,12704.0
0.0,1.0,3.0,5.0,0.0,0.0,0.0,0.0,0.0,0.0,0.0,0.0,0.0,230.0,1.0,1.0,0.0,0.0,0.0,0.07,0.0,255.0,1.0,0.0,0.08,0.0,0.0,1.0,1.0,0.0,1.0,4603.0
0.0,1.0,19.0,5.0,0.0,0.0,0.0,0.0,0.0,0.0,0.0,0.0,0.0,55.0,0.98,1.0,0.02,0.0,0.22,0.09,0.0,255.0,24.0,0.09,0.05,0.0,0.0,1.0,1.0,0.0,1.0,125230.0
0.0,1.0,46.0,1.0,0.0,0.0,0.0,0.0,0.0,0.0,0.0,0.0,0.0,241.0,0.0,0.0,1.0,1.0,0.08,0.07,0.0,255.0,19.0,0.07,0.07,0.0,0.0,0.0,0.0,1.0,1.0,70290.0
0.0,0.0,14.0,9.0,1032.0,0.0,0.0,0.0,0.0,0.0,0.0,0.0,0.0,511.0,0.0,0.0,0.0,0.0,1.0,0.0,0.0,235.0,90.0,0.38,0.01,0.38,0.0,0.0,0.0,0.0,1.0,26256.0
0.0,1.0,46.0,5.0,0.0,0.0,0.0,0.0,0.0,0.0,0.0,0.0,0.0,17.0,1.0,1.0,0.0,0.0,0.24,0.18,0.0,255.0,5.0,0.02,0.09,0.0,0.0,1.0,1.0,0.0,1.0,37479.0
0.0,1.0,29.0,5.0,0.0,0.0,0.0,0.0,0.0,0.0,0.0,0.0,0.0,123.0,1.0,1.0,0.0,0.0,0.11,0.07,0.0,255.0,13.0,0.05,0.07,0.0,0.0,1.0,1.0,0.0,1.0,57114.0
0.0,1.0,46.0,5.0,0.0,0.0,0.0,0.0,0.0,0.0,0.0,0.0,0.0,299.0,1.0,1.0,0.0,0.0,0.05,0.05,0.0,255.0,16.0,0.06,0.06,0.0,0.0,1.0,1.0,0.0,1.0,76409.0
0.0,2.0,11.0,9.0,46.0,46.0,0.0,0.0,0.0,0.0,0.0,0.0,0.0,121.0,0.0,0.0,0.0,0.0,0.99,0.02,0.01,255.0,254.0,1.0,0.01,0.01,0.0,0.0,0.0,0.0,0.0,28116.0
0.0,0.0,14.0,9.0,1032.0,0.0,0.0,0.0,0.0,0.0,0.0,0.0,0.0,511.0,0.0,0.0,0.0,0.0,1.0,0.0,0.0,255.0,108.0,0.42,0.09,0.42,0.0,0.0,0.0,0.0,1.0,60331.0
0.0,1.0,46.0,1.0,0.0,0.0,0.0,0.0,0.0,0.0,0.0,0.0,0.0,255.0,0.0,0.0,1.0,1.0,0.04,0.06,0.0,255.0,9.0,0.04,0.07,0.0,0.0,0.0,0.0,1.0,1.0,15437.0
0.0,2.0,11.0,9.0,44.0,73.0,0.0,0.0,0.0,0.0,0.0,0.0,0.0,150.0,0.0,0.0,0.0,0.0,1.0,0.0,0.0,255.0,255.0,1.0,0.0,0.01,0.0,0.0,0.0,0.0,0.0,57632.0
0.0,1.0,41.0,1.0,0.0,0.0,0.0,0.0,0.0,0.0,0.0,0.0,0.0,511.0,0.25,0.0,0.75,1.0,0.0,1.0,0.0,255.0,1.0,0.0,1.0,0.0,0.0,0.27,0.0,1.0,1.0,21962.0
0.0,2.0,11.0,9.0,46.0,46.0,0.0,0.0,0.0,0.0,0.0,0.0,0.0,177.0,0.0,0.0,0.0,0.0,1.0,0.0,0.0,255.0,255.0,1.0,0.0,0.0,0.0,0.0,0.0,0.0,0.0,28302.0
0.0,1.0,46.0,5.0,0.0,0.0,0.0,0.0,0.0,0.0,0.0,0.0,0.0,266.0,1.0,1.0,0.0,0.0,0.0,0.07,0.0,255.0,1.0,0.0,0.07,0.0,0.0,1.0,1.0,0.0,1.0,96577.0
0.0,1.0,46.0,5.0,0.0,0.0,0.0,0.0,0.0,0.0,0.0,0.0,0.0,203.0,1.0,1.0,0.0,0.0,0.05,0.07,0.0,255.0,11.0,0.04,0.07,0.0,0.0,1.0,1.0,0.0,1.0,76097.0
0.0,1.0,19.0,5.0,0.0,0.0,0.0,0.0,0.0,0.0,0.0,0.0,0.0,259.0,1.0,1.0,0.0,0.0,0.08,0.05,0.0,255.0,22.0,0.09,0.05,0.0,0.0,1.0,1.0,0.0,1.0,23908.0
0.0,1.0,46.0,5.0,0.0,0.0,0.0,0.0,0.0,0.0,0.0,0.0,0.0,287.0,1.0,1.0,0.0,0.0,0.06,0.05,0.0,255.0,3.0,0.01,0.08,0.0,0.0,1.0,1.0,0.0,1.0,33688.0
0.0,1.0,27.0,5.0,0.0,0.0,0.0,0.0,0.0,0.0,0.0,0.0,0.0,119.0,1.0,1.0,0.0,0.0,0.05,0.06,0.0,255.0,6.0,0.02,0.05,0.0,0.0,1.0,1.0,0.0,1.0,96808.0
0.0,1.0,16.0,2.0,0.0,0.0,0.0,0.0,0.0,0.0,0.0,0.0,0.0,118.0,0.0,0.0,1.0,1.0,0.03,0.06,0.0,255.0,4.0,0.02,0.07,0.0,0.0,0.0,0.0,1.0,1.0,12429.0
3240.0,2.0,41.0,9.0,147.0,105.0,0.0,0.0,0.0,0.0,0.0,0.0,0.0,1.0,0.0,0.0,0.0,0.0,1.0,0.0,0.0,255.0,2.0,0.01,0.65,0.96,0.0,0.0,0.0,0.0,0.0,66160.0
0.0,1.0,38.0,5.0,0.0,0.0,0.0,0.0,0.0,0.0,0.0,0.0,0.0,251.0,1.0,1.0,0.0,0.0,0.0,0.05,0.0,255.0,1.0,0.0,0.05,0.0,0.0,1.0,1.0,0.0,1.0,86706.0
0.0,1.0,33.0,4.0,0.0,0.0,0.0,0.0,0.0,0.0,0.0,0.0,0.0,1.0,0.0,0.0,1.0,1.0,1.0,0.0,0.0,203.0,1.0,0.0,0.21,0.41,0.0,0.0,0.0,1.0,1.0,31731.0
0.0,0.0,13.0,9.0,8.0,0.0,0.0,0.0,0.0,0.0,0.0,0.0,0.0,1.0,0.0,0.0,0.0,0.0,1.0,0.0,1.0,4.0,44.0,1.0,0.0,1.0,0.25,0.0,0.0,0.0,1.0,114047.0
0.0,1.0,63.0,5.0,0.0,0.0,0.0,0.0,0.0,0.0,0.0,0.0,0.0,127.0,1.0,1.0,0.0,0.0,0.03,0.05,0.0,255.0,4.0,0.02,0.05,0.0,0.0,1.0,1.0,0.0,1.0,45942.0
0.0,1.0,46.0,5.0,0.0,0.0,0.0,0.0,0.0,0.0,0.0,0.0,0.0,152.0,1.0,1.0,0.0,0.0,0.09,0.08,0.0,255.0,13.0,0.05,0.07,0.0,0.0,1.0,1.0,0.0,1.0,119778.0
0.0,0.0,14.0,9.0,1032.0,0.0,0.0,0.0,0.0,0.0,0.0,0.0,0.0,511.0,0.0,0.0,0.0,0.0,1.0,0.0,0.0,156.0,62.0,0.4,0.04,0.4,0.0,0.01,0.0,0.0,1.0,2351.0
0.0,1.0,25.0,5.0,0.0,0.0,0.0,0.0,0.0,0.0,0.0,0.0,0.0,273.0,1.0,1.0,0.0,0.0,0.02,0.07,0.0,255.0,6.0,0.02,0.07,0.0,0.0,1.0,1.0,0.0,1.0,1105.0
0.0,0.0,13.0,9.0,8.0,0.0,0.0,0.0,0.0,0.0,0.0,0.0,0.0,1.0,0.0,0.0,0.0,0.0,1.0,0.0,1.0,1.0,61.0,1.0,0.0,1.0,0.26,0.0,0.0,0.0,1.0,104649.0
0.0,1.0,29.0,1.0,0.0,0.0,0.0,0.0,0.0,0.0,0.0,0.0,0.0,150.0,0.0,0.0,1.0,1.0,0.13,0.06,0.0,255.0,20.0,0.08,0.07,0.0,0.0,0.0,0.0,1.0,1.0,87529.0
0.0,1.0,46.0,1.0,0.0,0.0,0.0,0.0,0.0,0.0,0.0,0.0,0.0,84.0,0.0,0.0,1.0,1.0,0.08,0.07,0.0,255.0,7.0,0.03,0.06,0.0,0.0,0.0,0.0,1.0,1.0,89319.0
0.0,1.0,53.0,5.0,0.0,0.0,0.0,0.0,0.0,0.0,0.0,0.0,0.0,267.0,1.0,1.0,0.0,0.0,0.07,0.06,0.0,255.0,19.0,0.07,0.07,0.0,0.0,1.0,1.0,0.0,1.0,64042.0
0.0,1.0,62.0,5.0,0.0,0.0,0.0,0.0,0.0,0.0,0.0,0.0,0.0,126.0,1.0,1.0,0.0,0.0,0.04,0.06,0.0,255.0,5.0,0.02,0.07,0.0,0.0,1.0,1.0,0.0,1.0,33532.0
0.0,1.0,46.0,5.0,0.0,0.0,0.0,0.0,0.0,0.0,0.0,0.0,0.0,37.0,1.0,1.0,0.0,0.0,0.08,0.14,0.0,255.0,19.0,0.07,0.08,0.0,0.0,1.0,1.0,0.0,1.0,8148.0
0.0,1.0,46.0,5.0,0.0,0.0,0.0,0.0,0.0,0.0,0.0,0.0,0.0,201.0,1.0,1.0,0.0,0.0,0.04,0.05,0.0,255.0,9.0,0.04,0.06,0.0,0.0,1.0,1.0,0.0,1.0,97125.0
0.0,1.0,22.0,1.0,0.0,0.0,0.0,0.0,0.0,0.0,0.0,0.0,0.0,229.0,0.0,0.0,1.0,1.0,0.06,0.07,0.0,255.0,14.0,0.05,0.07,0.0,0.0,0.0,0.0,1.0,1.0,68431.0
0.0,1.0,46.0,5.0,0.0,0.0,0.0,0.0,0.0,0.0,0.0,0.0,0.0,101.0,1.0,1.0,0.0,0.0,0.1,0.07,0.0,255.0,19.0,0.07,0.07,0.0,0.0,1.0,1.0,0.0,1.0,57628.0
0.0,1.0,46.0,1.0,0.0,0.0,0.0,0.0,0.0,0.0,0.0,0.0,0.0,1.0,0.0,0.0,1.0,1.0,1.0,0.0,0.0,20.0,1.0,0.05,1.0,0.05,0.0,0.0,0.0,1.0,1.0,11309.0
0.0,1.0,46.0,1.0,0.0,0.0,0.0,0.0,0.0,0.0,0.0,0.0,0.0,204.0,0.0,0.0,1.0,1.0,0.06,0.06,0.0,255.0,13.0,0.05,0.08,0.0,0.0,0.0,0.0,1.0,1.0,79179.0
0.0,1.0,19.0,5.0,0.0,0.0,0.0,0.0,0.0,0.0,0.0,0.0,0.0,54.0,1.0,1.0,0.0,0.0,0.22,0.07,0.0,255.0,40.0,0.16,0.04,0.0,0.0,1.0,1.0,0.0,1.0,20452.0
0.0,1.0,57.0,5.0,0.0,0.0,0.0,0.0,0.0,0.0,0.0,0.0,0.0,12.0,1.0,1.0,0.0,0.0,1.0,0.0,0.0,14.0,14.0,1.0,0.0,0.07,0.0,0.86,0.86,0.0,1.0,39616.0
0.0,0.0,14.0,9.0,520.0,0.0,0.0,0.0,0.0,0.0,0.0,0.0,0.0,481.0,0.0,0.0,0.0,0.0,1.0,0.0,0.0,110.0,110.0,1.0,0.0,1.0,0.0,0.0,0.0,0.0,1.0,111894.0
0.0,1.0,46.0,5.0,0.0,0.0,0.0,0.0,0.0,0.0,0.0,0.0,0.0,247.0,1.0,1.0,0.0,0.0,0.01,0.07,0.0,255.0,3.0,0.01,0.08,0.0,0.0,1.0,1.0,0.0,1.0,44388.0
0.0,1.0,27.0,1.0,0.0,0.0,0.0,0.0,0.0,0.0,0.0,0.0,0.0,98.0,0.0,0.0,1.0,1.0,0.05,0.08,0.0,255.0,5.0,0.02,0.06,0.0,0.0,0.0,0.0,1.0,1.0,70008.0
0.0,1.0,65.0,5.0,0.0,0.0,0.0,0.0,0.0,0.0,0.0,0.0,0.0,222.0,1.0,1.0,0.0,0.0,0.09,0.06,0.0,255.0,19.0,0.07,0.08,0.0,0.0,1.0,1.0,0.0,1.0,98327.0
0.0,1.0,64.0,5.0,0.0,0.0,0.0,0.0,0.0,0.0,0.0,0.0,0.0,226.0,1.0,1.0,0.0,0.0,0.03,0.07,0.0,255.0,6.0,0.02,0.08,0.0,0.0,1.0,1.0,0.0,1.0,110604.0
0.0,1.0,29.0,1.0,0.0,0.0,0.0,0.0,0.0,0.0,0.0,0.0,0.0,113.0,0.0,0.0,1.0,1.0,0.04,0.08,0.0,237.0,5.0,0.02,0.07,0.0,0.0,0.0,0.0,1.0,1.0,57142.0
0.0,1.0,46.0,5.0,0.0,0.0,0.0,0.0,0.0,0.0,0.0,0.0,0.0,65.0,1.0,1.0,0.0,0.0,0.17,0.09,0.0,255.0,11.0,0.04,0.07,0.0,0.0,1.0,1.0,0.0,1.0,18256.0
1995.0,2.0,41.0,9.0,147.0,105.0,0.0,0.0,0.0,0.0,0.0,0.0,0.0,5.0,0.0,0.0,0.0,0.0,0.4,0.6,0.0,255.0,2.0,0.01,0.84,1.0,0.0,0.0,0.0,0.0,0.0,95313.0
0.0,1.0,22.0,1.0,0.0,0.0,0.0,0.0,0.0,0.0,0.0,0.0,0.0,1.0,0.0,0.0,1.0,1.0,1.0,0.0,0.0,18.0,32.0,1.0,0.0,0.06,0.25,0.0,0.0,1.0,0.0,83159.0
0.0,1.0,46.0,5.0,0.0,0.0,0.0,0.0,0.0,0.0,0.0,0.0,0.0,234.0,1.0,1.0,0.0,0.0,0.01,0.06,0.0,255.0,18.0,0.07,0.06,0.0,0.0,1.0,1.0,0.0,1.0,35665.0
0.0,1.0,46.0,5.0,0.0,0.0,0.0,0.0,0.0,0.0,0.0,0.0,0.0,115.0,1.0,1.0,0.0,0.0,0.06,0.06,0.0,255.0,7.0,0.03,0.05,0.0,0.0,1.0,1.0,0.0,1.0,37643.0
0.0,1.0,46.0,5.0,0.0,0.0,0.0,0.0,0.0,0.0,0.0,0.0,0.0,230.0,1.0,1.0,0.0,0.0,0.05,0.06,0.0,255.0,12.0,0.05,0.08,0.0,0.0,1.0,1.0,0.0,1.0,39658.0
0.0,1.0,9.0,5.0,0.0,0.0,0.0,0.0,0.0,0.0,0.0,0.0,0.0,208.0,1.0,1.0,0.0,0.0,0.04,0.06,0.0,255.0,10.0,0.04,0.07,0.0,0.0,1.0,1.0,0.0,1.0,13307.0
0.0,0.0,13.0,9.0,8.0,0.0,0.0,0.0,0.0,0.0,0.0,0.0,0.0,1.0,0.0,0.0,0.0,0.0,1.0,0.0,1.0,1.0,141.0,1.0,0.0,1.0,0.5,0.0,0.0,0.0,1.0,42489.0
1.0,1.0,46.0,4.0,0.0,0.0,0.0,0.0,0.0,0.0,0.0,0.0,0.0,23.0,0.0,0.0,1.0,1.0,0.09,0.52,0.0,193.0,2.0,0.01,0.08,0.12,0.0,0.01,0.0,1.0,1.0,104934.0
0.0,1.0,16.0,5.0,0.0,0.0,0.0,0.0,0.0,0.0,0.0,0.0,0.0,106.0,1.0,1.0,0.0,0.0,0.04,0.08,0.0,255.0,4.0,0.02,0.07,0.0,0.0,1.0,1.0,0.0,1.0,119498.0
0.0,2.0,11.0,9.0,44.0,132.0,0.0,0.0,0.0,0.0,0.0,0.0,0.0,123.0,0.0,0.0,0.0,0.0,1.0,0.0,0.01,255.0,255.0,1.0,0.0,0.0,0.0,0.0,0.0,0.0,0.0,42412.0
0.0,1.0,46.0,1.0,0.0,0.0,0.0,0.0,0.0,0.0,0.0,0.0,0.0,154.0,0.04,0.0,0.88,1.0,0.01,0.99,0.0,255.0,1.0,0.0,0.61,0.0,0.0,0.02,0.0,1.0,1.0,4958.0
0.0,1.0,32.0,1.0,0.0,0.0,0.0,0.0,0.0,0.0,0.0,0.0,0.0,268.0,0.0,0.0,1.0,1.0,0.03,0.06,0.0,255.0,7.0,0.03,0.08,0.0,0.0,0.0,0.0,1.0,1.0,5050.0
0.0,1.0,65.0,5.0,0.0,0.0,0.0,0.0,0.0,0.0,0.0,0.0,0.0,263.0,1.0,1.0,0.0,0.0,0.08,0.05,0.0,255.0,22.0,0.09,0.05,0.0,0.0,1.0,1.0,0.0,1.0,14168.0
0.0,0.0,14.0,9.0,520.0,0.0,0.0,0.0,0.0,0.0,0.0,0.0,0.0,462.0,0.0,0.0,0.0,0.0,1.0,0.0,0.0,16.0,16.0,1.0,0.0,1.0,0.0,0.0,0.0,0.0,1.0,54687.0
0.0,1.0,17.0,9.0,6.0,25.0,0.0,0.0,0.0,0.0,0.0,0.0,0.0,3.0,0.0,0.0,0.0,0.0,0.67,0.67,0.0,255.0,2.0,0.01,0.02,0.0,0.0,0.0,0.0,0.0,1.0,45126.0
0.0,1.0,46.0,1.0,0.0,0.0,0.0,0.0,0.0,0.0,0.0,0.0,0.0,1.0,0.0,0.0,1.0,1.0,1.0,0.0,0.0,7.0,1.0,0.14,1.0,0.14,0.0,0.0,0.0,1.0,1.0,23119.0
0.0,2.0,11.0,9.0,45.0,89.0,0.0,0.0,0.0,0.0,0.0,0.0,0.0,113.0,0.0,0.0,0.0,0.0,1.0,0.0,0.0,255.0,255.0,1.0,0.0,0.01,0.0,0.0,0.0,0.0,0.0,4974.0
0.0,1.0,62.0,5.0,0.0,0.0,0.0,0.0,0.0,0.0,0.0,0.0,0.0,123.0,1.0,1.0,0.0,0.0,0.07,0.07,0.0,255.0,7.0,0.03,0.07,0.0,0.0,1.0,1.0,0.0,1.0,51487.0
0.0,1.0,6.0,5.0,0.0,0.0,0.0,0.0,0.0,0.0,0.0,0.0,0.0,127.0,0.99,1.0,0.0,0.0,0.07,0.09,0.0,255.0,9.0,0.04,0.07,0.0,0.0,1.0,1.0,0.0,1.0,104520.0
0.0,1.0,10.0,5.0,0.0,0.0,0.0,0.0,0.0,0.0,0.0,0.0,0.0,202.0,1.0,1.0,0.0,0.0,0.07,0.06,0.0,255.0,19.0,0.07,0.06,0.0,0.0,1.0,1.0,0.0,1.0,42877.0
0.0,1.0,8.0,2.0,0.0,0.0,0.0,0.0,0.0,0.0,0.0,0.0,0.0,206.0,0.0,0.0,1.0,1.0,0.0,0.07,0.0,255.0,1.0,0.0,0.08,0.0,0.0,0.0,0.0,1.0,1.0,43535.0
0.0,1.0,46.0,1.0,0.0,0.0,0.0,0.0,0.0,0.0,0.0,0.0,0.0,93.0,0.0,0.0,1.0,1.0,0.06,0.06,0.0,255.0,6.0,0.02,0.07,0.0,0.0,0.0,0.0,1.0,1.0,38107.0
0.0,1.0,5.0,5.0,0.0,0.0,0.0,0.0,0.0,0.0,0.0,0.0,0.0,98.0,1.0,1.0,0.0,0.0,0.02,0.06,0.0,255.0,2.0,0.01,0.06,0.0,0.0,1.0,1.0,0.0,1.0,93647.0
0.0,1.0,62.0,5.0,0.0,0.0,0.0,0.0,0.0,0.0,0.0,0.0,0.0,118.0,1.0,1.0,0.0,0.0,0.11,0.06,0.0,255.0,13.0,0.05,0.06,0.0,0.0,1.0,1.0,0.0,1.0,92509.0
0.0,2.0,11.0,9.0,36.0,0.0,0.0,0.0,0.0,0.0,0.0,0.0,0.0,1.0,0.0,0.0,0.0,0.0,1.0,0.0,1.0,233.0,30.0,0.06,0.03,0.06,0.07,0.0,0.0,0.0,0.0,32124.0
0.0,1.0,10.0,5.0,0.0,0.0,0.0,0.0,0.0,0.0,0.0,0.0,0.0,294.0,1.0,1.0,0.0,0.0,0.03,0.05,0.0,255.0,10.0,0.04,0.07,0.0,0.0,1.0,1.0,0.0,1.0,120850.0
0.0,1.0,46.0,5.0,0.0,0.0,0.0,0.0,0.0,0.0,0.0,0.0,0.0,264.0,1.0,1.0,0.0,0.0,0.02,0.06,0.0,255.0,6.0,0.02,0.06,0.0,0.0,1.0,1.0,0.0,1.0,115527.0
0.0,0.0,13.0,9.0,30.0,0.0,0.0,0.0,0.0,0.0,0.0,0.0,0.0,2.0,0.0,0.0,0.0,0.0,0.5,1.0,0.0,255.0,5.0,0.02,0.01,0.12,0.0,0.0,0.0,0.0,0.0,124275.0
0.0,1.0,46.0,10.0,0.0,0.0,0.0,0.0,0.0,0.0,0.0,0.0,0.0,1.0,1.0,1.0,0.0,0.0,1.0,0.0,0.0,148.0,1.0,0.01,0.93,0.95,0.0,0.95,1.0,0.0,1.0,59921.0
0.0,1.0,33.0,5.0,0.0,0.0,0.0,0.0,0.0,0.0,0.0,0.0,0.0,123.0,1.0,1.0,0.0,0.0,0.02,0.06,0.0,255.0,16.0,0.06,0.07,0.0,0.0,1.0,1.0,0.0,1.0,120489.0
0.0,1.0,26.0,5.0,0.0,0.0,0.0,0.0,0.0,0.0,0.0,0.0,0.0,256.0,1.0,1.0,0.0,0.0,0.06,0.05,0.0,255.0,15.0,0.06,0.05,0.0,0.0,1.0,1.0,0.0,1.0,66923.0
0.0,1.0,2.0,5.0,0.0,0.0,0.0,0.0,0.0,0.0,0.0,0.0,0.0,21.0,1.0,1.0,0.0,0.0,0.24,0.24,0.0,255.0,11.0,0.04,0.08,0.0,0.0,1.0,1.0,0.0,1.0,69237.0
0.0,2.0,11.0,9.0,44.0,44.0,0.0,0.0,0.0,0.0,0.0,0.0,0.0,104.0,0.0,0.0,0.0,0.0,1.0,0.0,0.02,255.0,255.0,1.0,0.0,0.01,0.0,0.0,0.0,0.0,0.0,78497.0
0.0,1.0,38.0,5.0,0.0,0.0,0.0,0.0,0.0,0.0,0.0,0.0,0.0,134.0,1.0,1.0,0.0,0.0,0.12,0.06,0.0,255.0,16.0,0.06,0.07,0.0,0.0,1.0,1.0,0.0,1.0,118116.0
0.0,1.0,46.0,1.0,0.0,0.0,0.0,0.0,0.0,0.0,0.0,0.0,0.0,125.0,0.0,0.0,1.0,1.0,0.14,0.07,0.0,150.0,18.0,0.12,0.07,0.01,0.0,0.0,0.0,1.0,1.0,83958.0
0.0,1.0,18.0,5.0,0.0,0.0,0.0,0.0,0.0,0.0,0.0,0.0,0.0,248.0,1.0,1.0,0.0,0.0,0.05,0.06,0.0,255.0,12.0,0.05,0.06,0.0,0.0,1.0,1.0,0.0,1.0,124634.0
0.0,0.0,14.0,9.0,1032.0,0.0,0.0,0.0,0.0,0.0,0.0,0.0,0.0,510.0,0.0,0.0,0.0,0.0,1.0,0.0,0.0,255.0,221.0,0.87,0.08,0.87,0.0,0.0,0.0,0.0,1.0,80659.0
0.0,1.0,23.0,1.0,0.0,0.0,0.0,0.0,0.0,0.0,0.0,0.0,0.0,109.0,0.0,0.0,1.0,1.0,0.14,0.06,0.0,255.0,15.0,0.06,0.05,0.0,0.0,0.0,0.0,1.0,1.0,24082.0
0.0,0.0,14.0,9.0,520.0,0.0,0.0,0.0,0.0,0.0,0.0,0.0,0.0,203.0,0.0,0.0,0.0,0.0,1.0,0.0,0.0,255.0,255.0,1.0,0.0,1.0,0.0,0.0,0.0,0.0,1.0,65699.0
0.0,1.0,3.0,5.0,0.0,0.0,0.0,0.0,0.0,0.0,0.0,0.0,0.0,112.0,1.0,1.0,0.0,0.0,0.11,0.06,0.0,255.0,12.0,0.05,0.07,0.0,0.0,1.0,1.0,0.0,1.0,95278.0
0.0,1.0,15.0,5.0,0.0,0.0,0.0,0.0,0.0,0.0,0.0,0.0,0.0,143.0,1.0,1.0,0.0,0.0,0.1,0.06,0.0,255.0,14.0,0.05,0.06,0.0,0.0,1.0,1.0,0.0,1.0,39491.0
0.0,1.0,46.0,5.0,0.0,0.0,0.0,0.0,0.0,0.0,0.0,0.0,0.0,141.0,1.0,1.0,0.0,0.0,0.04,0.06,0.0,255.0,23.0,0.09,0.06,0.0,0.0,1.0,1.0,0.0,1.0,103079.0
0.0,1.0,12.0,5.0,0.0,0.0,0.0,0.0,0.0,0.0,0.0,0.0,0.0,207.0,1.0,1.0,0.0,0.0,0.08,0.06,0.0,255.0,18.0,0.07,0.07,0.0,0.0,1.0,1.0,0.0,1.0,121322.0
0.0,0.0,13.0,9.0,8.0,0.0,0.0,0.0,0.0,0.0,0.0,0.0,0.0,1.0,0.0,0.0,0.0,0.0,1.0,0.0,1.0,2.0,60.0,1.0,0.0,1.0,0.5,0.0,0.0,0.0,1.0,103966.0
0.0,1.0,46.0,5.0,0.0,0.0,0.0,0.0,0.0,0.0,0.0,0.0,0.0,290.0,1.0,1.0,0.0,0.0,0.04,0.06,0.0,255.0,11.0,0.04,0.06,0.0,0.0,1.0,1.0,0.0,1.0,87820.0
0.0,1.0,30.0,5.0,0.0,0.0,0.0,0.0,0.0,0.0,0.0,0.0,0.0,248.0,1.0,1.0,0.0,0.0,0.07,0.07,0.0,255.0,18.0,0.07,0.08,0.0,0.0,1.0,1.0,0.0,1.0,73736.0
0.0,1.0,46.0,1.0,0.0,0.0,0.0,0.0,0.0,0.0,0.0,0.0,0.0,175.0,0.0,0.0,1.0,1.0,0.03,0.07,0.0,255.0,6.0,0.02,0.08,0.0,0.0,0.0,0.0,1.0,1.0,92420.0
0.0,1.0,36.0,5.0,0.0,0.0,0.0,0.0,0.0,0.0,0.0,0.0,0.0,273.0,1.0,1.0,0.0,0.0,0.02,0.05,0.0,255.0,5.0,0.02,0.05,0.0,0.0,1.0,1.0,0.0,1.0,68276.0
0.0,1.0,46.0,5.0,0.0,0.0,0.0,0.0,0.0,0.0,0.0,0.0,0.0,130.0,1.0,1.0,0.0,0.0,0.05,0.06,0.0,255.0,12.0,0.05,0.05,0.0,0.0,1.0,1.0,0.0,1.0,5208.0
0.0,1.0,55.0,5.0,0.0,0.0,0.0,0.0,0.0,0.0,0.0,0.0,0.0,234.0,1.0,1.0,0.0,0.0,0.07,0.06,0.0,255.0,17.0,0.07,0.07,0.0,0.0,1.0,1.0,0.0,1.0,76335.0
0.0,1.0,46.0,5.0,0.0,0.0,0.0,0.0,0.0,0.0,0.0,0.0,0.0,121.0,1.0,1.0,0.0,0.0,0.14,0.06,0.0,255.0,1.0,0.0,0.07,0.0,0.0,1.0,1.0,0.0,1.0,19423.0
0.0,2.0,46.0,9.0,28.0,0.0,3.0,0.0,0.0,0.0,0.0,0.0,0.0,53.0,0.0,0.0,0.0,0.0,1.0,0.0,0.0,255.0,53.0,0.21,0.01,0.21,0.0,0.0,0.0,0.0,1.0,122767.0
0.0,1.0,46.0,5.0,0.0,0.0,0.0,0.0,0.0,0.0,0.0,0.0,0.0,181.0,1.0,1.0,0.0,0.0,0.03,0.07,0.0,255.0,19.0,0.07,0.06,0.0,0.0,1.0,1.0,0.0,1.0,75969.0
0.0,0.0,13.0,9.0,30.0,0.0,0.0,0.0,0.0,0.0,0.0,0.0,0.0,1.0,0.0,0.0,0.0,0.0,1.0,0.0,0.0,31.0,131.0,1.0,0.0,1.0,0.39,0.0,0.0,0.0,0.0,1502.0
0.0,0.0,13.0,9.0,8.0,0.0,0.0,0.0,0.0,0.0,0.0,0.0,0.0,1.0,0.0,0.0,0.0,0.0,1.0,0.0,1.0,2.0,34.0,1.0,0.0,1.0,0.5,0.0,0.0,0.0,1.0,61981.0
0.0,1.0,19.0,9.0,95.0,0.0,0.0,0.0,1.0,0.0,0.0,0.0,0.0,1.0,0.0,0.0,0.0,0.0,1.0,0.0,0.0,8.0,84.0,0.88,0.25,0.88,0.02,0.0,0.0,0.0,0.0,32922.0
0.0,1.0,41.0,1.0,0.0,0.0,0.0,0.0,0.0,0.0,0.0,0.0,0.0,511.0,0.18,0.0,0.82,1.0,0.0,1.0,0.0,255.0,1.0,0.0,1.0,0.0,0.0,0.03,0.0,1.0,1.0,35136.0
0.0,1.0,7.0,5.0,0.0,0.0,0.0,0.0,0.0,0.0,0.0,0.0,0.0,224.0,1.0,1.0,0.0,0.0,0.09,0.06,0.0,255.0,20.0,0.08,0.07,0.0,0.0,1.0,1.0,0.0,1.0,14372.0
0.0,1.0,46.0,1.0,0.0,0.0,0.0,0.0,0.0,0.0,0.0,0.0,0.0,272.0,0.0,0.0,1.0,1.0,0.03,0.06,0.0,255.0,24.0,0.09,0.07,0.0,0.0,0.0,0.0,1.0,1.0,19916.0
0.0,1.0,46.0,1.0,0.0,0.0,0.0,0.0,0.0,0.0,0.0,0.0,0.0,247.0,0.0,0.0,1.0,1.0,0.04,0.06,0.0,255.0,11.0,0.04,0.08,0.0,0.0,0.0,0.0,1.0,1.0,19001.0
0.0,1.0,8.0,5.0,0.0,0.0,0.0,0.0,0.0,0.0,0.0,0.0,0.0,186.0,1.0,1.0,0.0,0.0,0.13,0.05,0.0,255.0,24.0,0.09,0.05,0.0,0.0,1.0,1.0,0.0,1.0,17090.0
0.0,1.0,46.0,1.0,0.0,0.0,0.0,0.0,0.0,0.0,0.0,0.0,0.0,266.0,0.0,0.0,1.0,1.0,0.02,0.06,0.0,255.0,5.0,0.02,0.07,0.0,0.0,0.0,0.0,1.0,1.0,42841.0
0.0,1.0,12.0,5.0,0.0,0.0,0.0,0.0,0.0,0.0,0.0,0.0,0.0,287.0,1.0,1.0,0.0,0.0,0.05,0.06,0.0,255.0,14.0,0.05,0.08,0.0,0.0,1.0,1.0,0.0,1.0,54944.0
0.0,1.0,22.0,1.0,0.0,0.0,0.0,0.0,0.0,0.0,0.0,0.0,0.0,1.0,0.0,0.0,1.0,1.0,1.0,0.0,1.0,60.0,255.0,1.0,0.0,0.02,0.06,0.0,0.0,1.0,0.0,62230.0
0.0,1.0,25.0,1.0,0.0,0.0,0.0,0.0,0.0,0.0,0.0,0.0,0.0,275.0,0.0,0.0,1.0,1.0,0.06,0.06,0.0,255.0,16.0,0.06,0.07,0.0,0.0,0.0,0.0,1.0,1.0,23866.0
0.0,1.0,46.0,5.0,0.0,0.0,0.0,0.0,0.0,0.0,0.0,0.0,0.0,132.0,1.0,1.0,0.0,0.0,0.06,0.06,0.0,255.0,2.0,0.01,0.06,0.0,0.0,1.0,1.0,0.0,1.0,104752.0
0.0,1.0,22.0,5.0,0.0,0.0,0.0,0.0,0.0,0.0,0.0,0.0,0.0,2.0,0.5,0.25,0.0,0.25,1.0,0.0,0.5,92.0,255.0,1.0,0.0,0.02,0.05,0.01,0.01,0.0,0.0,93170.0
0.0,1.0,46.0,1.0,0.0,0.0,0.0,0.0,0.0,0.0,0.0,0.0,0.0,252.0,0.0,0.0,1.0,1.0,0.06,0.06,0.0,255.0,14.0,0.05,0.06,0.0,0.0,0.0,0.0,1.0,1.0,125377.0
0.0,1.0,20.0,1.0,0.0,0.0,0.0,0.0,0.0,0.0,0.0,0.0,0.0,231.0,0.0,0.0,1.0,1.0,0.06,0.06,0.0,255.0,15.0,0.06,0.07,0.0,0.0,0.0,0.0,1.0,1.0,107592.0
0.0,1.0,37.0,5.0,0.0,0.0,0.0,0.0,0.0,0.0,0.0,0.0,0.0,46.0,1.0,1.0,0.0,0.0,0.11,0.13,0.0,255.0,5.0,0.02,0.09,0.0,0.0,1.0,1.0,0.0,1.0,123979.0
0.0,1.0,46.0,10.0,0.0,0.0,0.0,0.0,0.0,0.0,0.0,0.0,0.0,1.0,1.0,1.0,0.0,0.0,1.0,0.0,0.0,228.0,1.0,0.0,0.96,0.96,0.0,0.96,1.0,0.0,1.0,120529.0
0.0,1.0,29.0,5.0,0.0,0.0,0.0,0.0,0.0,0.0,0.0,0.0,0.0,240.0,1.0,1.0,0.0,0.0,0.04,0.06,0.0,255.0,9.0,0.04,0.06,0.0,0.0,1.0,1.0,0.0,1.0,949.0
0.0,0.0,13.0,9.0,8.0,0.0,0.0,0.0,0.0,0.0,0.0,0.0,0.0,1.0,0.0,0.0,0.0,0.0,1.0,0.0,1.0,1.0,17.0,1.0,0.0,1.0,0.53,0.0,0.0,0.0,1.0,14363.0
0.0,1.0,46.0,5.0,0.0,0.0,0.0,0.0,0.0,0.0,0.0,0.0,0.0,140.0,1.0,1.0,0.0,0.0,0.08,0.06,0.0,61.0,20.0,0.33,0.13,0.02,0.0,1.0,1.0,0.0,1.0,53765.0
0.0,1.0,2.0,5.0,0.0,0.0,0.0,0.0,0.0,0.0,0.0,0.0,0.0,265.0,1.0,1.0,0.0,0.0,0.05,0.06,0.0,255.0,14.0,0.05,0.07,0.0,0.0,1.0,1.0,0.0,1.0,57166.0
0.0,1.0,56.0,5.0,0.0,0.0,0.0,0.0,0.0,0.0,0.0,0.0,0.0,245.0,1.0,1.0,0.0,0.0,0.02,0.06,0.0,255.0,6.0,0.02,0.07,0.0,0.0,1.0,1.0,0.0,1.0,104259.0
0.0,1.0,17.0,5.0,0.0,0.0,0.0,0.0,0.0,0.0,0.0,0.0,0.0,274.0,1.0,1.0,0.0,0.0,0.0,0.05,0.0,255.0,1.0,0.0,0.05,0.0,0.0,1.0,1.0,0.0,1.0,104736.0
0.0,1.0,46.0,1.0,0.0,0.0,0.0,0.0,0.0,0.0,0.0,0.0,0.0,2.0,0.0,0.0,1.0,1.0,0.5,1.0,0.0,255.0,1.0,0.0,0.35,0.29,0.0,0.24,0.0,1.0,1.0,71825.0
0.0,1.0,5.0,5.0,0.0,0.0,0.0,0.0,0.0,0.0,0.0,0.0,0.0,101.0,1.0,1.0,0.0,0.0,0.18,0.06,0.0,255.0,20.0,0.08,0.06,0.0,0.0,1.0,1.0,0.0,1.0,103912.0
0.0,1.0,30.0,5.0,0.0,0.0,0.0,0.0,0.0,0.0,0.0,0.0,0.0,208.0,1.0,1.0,0.0,0.0,0.08,0.05,0.0,255.0,17.0,0.07,0.05,0.0,0.0,1.0,1.0,0.0,1.0,86993.0
0.0,1.0,46.0,5.0,0.0,0.0,0.0,0.0,0.0,0.0,0.0,0.0,0.0,109.0,1.0,1.0,0.0,0.0,0.08,0.06,0.0,255.0,13.0,0.05,0.08,0.0,0.0,1.0,1.0,0.0,1.0,32906.0
0.0,2.0,46.0,9.0,28.0,0.0,3.0,0.0,0.0,0.0,0.0,0.0,0.0,60.0,0.0,0.0,0.0,0.0,1.0,0.0,0.0,132.0,60.0,0.45,0.03,0.45,0.0,0.0,0.0,0.0,1.0,27968.0
0.0,0.0,13.0,9.0,8.0,0.0,0.0,0.0,0.0,0.0,0.0,0.0,0.0,1.0,0.0,0.0,0.0,0.0,1.0,0.0,1.0,1.0,32.0,1.0,0.0,1.0,0.53,0.0,0.0,0.0,1.0,73816.0
0.0,1.0,27.0,5.0,0.0,0.0,0.0,0.0,0.0,0.0,0.0,0.0,0.0,27.0,1.0,1.0,0.0,0.0,0.81,0.07,0.0,255.0,22.0,0.09,0.06,0.0,0.0,1.0,1.0,0.0,1.0,23795.0
0.0,1.0,46.0,5.0,0.0,0.0,0.0,0.0,0.0,0.0,0.0,0.0,0.0,116.0,1.0,1.0,0.0,0.0,0.03,0.07,0.0,255.0,3.0,0.01,0.07,0.0,0.0,1.0,1.0,0.0,1.0,37942.0
0.0,1.0,46.0,5.0,0.0,0.0,0.0,0.0,0.0,0.0,0.0,0.0,0.0,211.0,1.0,1.0,0.0,0.0,0.09,0.05,0.0,255.0,19.0,0.07,0.05,0.0,0.0,1.0,1.0,0.0,1.0,19360.0
0.0,2.0,41.0,9.0,1.0,0.0,0.0,0.0,0.0,0.0,0.0,0.0,0.0,13.0,0.0,0.0,0.0,0.0,0.08,0.54,0.0,255.0,1.0,0.0,0.18,1.0,0.0,0.0,0.0,0.0,1.0,11695.0
0.0,1.0,12.0,5.0,0.0,0.0,0.0,0.0,0.0,0.0,0.0,0.0,0.0,205.0,1.0,1.0,0.0,0.0,0.07,0.06,0.0,255.0,16.0,0.06,0.07,0.0,0.0,1.0,1.0,0.0,1.0,17252.0
0.0,1.0,3.0,1.0,0.0,0.0,0.0,0.0,0.0,0.0,0.0,0.0,0.0,138.0,0.0,0.0,1.0,1.0,0.03,0.07,0.0,255.0,4.0,0.02,0.07,0.0,0.0,0.0,0.0,1.0,1.0,80314.0
0.0,1.0,8.0,5.0,0.0,0.0,0.0,0.0,0.0,0.0,0.0,0.0,0.0,273.0,1.0,1.0,0.0,0.0,0.03,0.06,0.0,255.0,7.0,0.03,0.07,0.0,0.0,1.0,1.0,0.0,1.0,11238.0
0.0,1.0,65.0,1.0,0.0,0.0,0.0,0.0,0.0,0.0,0.0,0.0,0.0,235.0,0.0,0.0,1.0,1.0,0.07,0.06,0.0,255.0,16.0,0.06,0.06,0.0,0.0,0.0,0.0,1.0,1.0,13972.0
0.0,1.0,46.0,4.0,0.0,0.0,0.0,0.0,0.0,0.0,0.0,0.0,0.0,1.0,0.0,0.0,1.0,1.0,1.0,0.0,0.0,255.0,1.0,0.0,0.43,0.41,0.0,0.0,0.0,1.0,1.0,100427.0
0.0,1.0,46.0,5.0,0.0,0.0,0.0,0.0,0.0,0.0,0.0,0.0,0.0,125.0,1.0,1.0,0.0,0.0,0.08,0.05,0.0,255.0,10.0,0.04,0.05,0.0,0.0,1.0,1.0,0.0,1.0,67430.0
0.0,1.0,46.0,5.0,0.0,0.0,0.0,0.0,0.0,0.0,0.0,0.0,0.0,19.0,1.0,1.0,0.0,0.0,0.47,0.21,0.0,255.0,10.0,0.04,0.09,0.0,0.0,1.0,1.0,0.0,1.0,123159.0
0.0,1.0,46.0,5.0,0.0,0.0,0.0,0.0,0.0,0.0,0.0,0.0,0.0,193.0,1.0,1.0,0.0,0.0,0.01,0.06,0.0,255.0,20.0,0.08,0.07,0.0,0.0,1.0,1.0,0.0,1.0,64910.0
0.0,0.0,13.0,9.0,8.0,0.0,0.0,0.0,0.0,0.0,0.0,0.0,0.0,1.0,0.0,0.0,0.0,0.0,1.0,0.0,1.0,1.0,177.0,1.0,0.0,1.0,0.5,0.0,0.0,0.0,1.0,110839.0
0.0,2.0,11.0,9.0,44.0,44.0,0.0,0.0,0.0,0.0,0.0,0.0,0.0,106.0,0.0,0.0,0.0,0.0,1.0,0.0,0.01,255.0,255.0,1.0,0.0,0.01,0.0,0.0,0.0,0.0,0.0,122674.0
0.0,2.0,46.0,9.0,1.0,0.0,0.0,0.0,0.0,0.0,0.0,0.0,0.0,19.0,0.0,0.0,0.0,0.0,1.0,0.0,0.0,87.0,19.0,0.22,0.06,0.25,0.0,0.0,0.0,0.0,1.0,42903.0
0.0,1.0,46.0,5.0,0.0,0.0,0.0,0.0,0.0,0.0,0.0,0.0,0.0,183.0,1.0,1.0,0.0,0.0,0.01,0.06,0.0,255.0,19.0,0.07,0.07,0.0,0.0,1.0,1.0,0.0,1.0,54028.0
0.0,1.0,23.0,5.0,0.0,0.0,0.0,0.0,0.0,0.0,0.0,0.0,0.0,119.0,1.0,1.0,0.0,0.0,0.03,0.07,0.0,255.0,3.0,0.01,0.07,0.0,0.0,1.0,1.0,0.0,1.0,17849.0
0.0,1.0,46.0,5.0,0.0,0.0,0.0,0.0,0.0,0.0,0.0,0.0,0.0,117.0,1.0,1.0,0.0,0.0,0.03,0.09,0.0,255.0,4.0,0.02,0.06,0.0,0.0,1.0,1.0,0.0,1.0,71187.0
8417.0,1.0,41.0,4.0,1.0,0.0,0.0,0.0,0.0,0.0,0.0,0.0,0.0,2.0,0.0,0.0,1.0,1.0,1.0,0.0,0.0,255.0,2.0,0.01,0.68,1.0,0.0,0.0,0.0,1.0,1.0,23631.0
0.0,0.0,14.0,9.0,520.0,0.0,0.0,0.0,0.0,0.0,0.0,0.0,0.0,384.0,0.0,0.0,0.0,0.0,1.0,0.0,0.0,255.0,255.0,1.0,0.0,1.0,0.0,0.0,0.0,0.0,1.0,121789.0
0.0,1.0,46.0,5.0,0.0,0.0,0.0,0.0,0.0,0.0,0.0,0.0,0.0,213.0,1.0,1.0,0.0,0.0,0.05,0.06,0.0,255.0,13.0,0.05,0.06,0.0,0.0,1.0,1.0,0.0,1.0,101417.0
0.0,1.0,2.0,5.0,0.0,0.0,0.0,0.0,0.0,0.0,0.0,0.0,0.0,128.0,1.0,1.0,0.0,0.0,0.13,0.05,0.0,255.0,17.0,0.07,0.05,0.0,0.0,1.0,1.0,0.0,1.0,68995.0
0.0,0.0,13.0,9.0,8.0,0.0,0.0,0.0,0.0,0.0,0.0,0.0,0.0,1.0,0.0,0.0,0.0,0.0,1.0,0.0,1.0,2.0,162.0,1.0,0.0,1.0,0.5,0.0,0.0,0.0,1.0,19478.0
0.0,0.0,13.0,9.0,18.0,0.0,0.0,0.0,0.0,0.0,0.0,0.0,0.0,1.0,0.0,0.0,0.0,0.0,1.0,0.0,0.0,1.0,117.0,1.0,0.0,1.0,0.26,0.0,0.0,0.0,1.0,48996.0
0.0,0.0,13.0,9.0,8.0,0.0,0.0,0.0,0.0,0.0,0.0,0.0,0.0,1.0,0.0,0.0,0.0,0.0,1.0,0.0,1.0,1.0,77.0,1.0,0.0,1.0,0.51,0.0,0.0,0.0,1.0,105696.0
0.0,1.0,28.0,5.0,0.0,0.0,0.0,0.0,0.0,0.0,0.0,0.0,0.0,133.0,1.0,1.0,0.0,0.0,0.16,0.05,0.0,255.0,21.0,0.08,0.05,0.0,0.0,1.0,1.0,0.0,1.0,6079.0
0.0,1.0,46.0,1.0,0.0,0.0,0.0,0.0,0.0,0.0,0.0,0.0,0.0,100.0,0.0,0.0,1.0,1.0,0.02,0.07,0.0,255.0,2.0,0.01,0.08,0.01,0.0,0.0,0.0,1.0,1.0,57744.0
0.0,2.0,11.0,9.0,45.0,74.0,0.0,0.0,0.0,0.0,0.0,0.0,0.0,177.0,0.0,0.0,0.0,0.0,1.0,0.0,0.0,255.0,255.0,1.0,0.0,0.01,0.0,0.0,0.0,0.0,0.0,4002.0
0.0,1.0,19.0,5.0,0.0,0.0,0.0,0.0,0.0,0.0,0.0,0.0,0.0,35.0,1.0,1.0,0.0,0.0,0.29,0.11,0.0,255.0,61.0,0.24,0.02,0.01,0.0,1.0,1.0,0.0,1.0,94973.0
0.0,1.0,23.0,5.0,0.0,0.0,0.0,0.0,0.0,0.0,0.0,0.0,0.0,140.0,1.0,1.0,0.0,0.0,0.05,0.06,0.0,255.0,7.0,0.03,0.06,0.0,0.0,1.0,1.0,0.0,1.0,119750.0
0.0,1.0,8.0,4.0,0.0,0.0,0.0,0.0,0.0,0.0,0.0,0.0,0.0,1.0,0.0,0.0,1.0,1.0,1.0,0.0,0.0,172.0,1.0,0.01,0.05,0.02,0.0,0.0,0.0,1.0,1.0,23348.0
0.0,0.0,13.0,9.0,8.0,0.0,0.0,0.0,0.0,0.0,0.0,0.0,0.0,1.0,0.0,0.0,0.0,0.0,1.0,0.0,1.0,3.0,75.0,1.0,0.0,1.0,0.25,0.0,0.0,0.0,1.0,1169.0
0.0,1.0,46.0,5.0,0.0,0.0,0.0,0.0,0.0,0.0,0.0,0.0,0.0,111.0,1.0,1.0,0.0,0.0,0.06,0.06,0.0,255.0,13.0,0.05,0.07,0.0,0.0,1.0,1.0,0.0,1.0,55726.0
0.0,2.0,11.0,9.0,31.0,0.0,0.0,0.0,0.0,0.0,0.0,0.0,0.0,1.0,0.0,0.0,0.0,0.0,1.0,0.0,0.75,247.0,40.0,0.16,0.03,0.16,0.05,0.0,0.0,0.0,0.0,124121.0
0.0,2.0,11.0,9.0,44.0,44.0,0.0,0.0,0.0,0.0,0.0,0.0,0.0,144.0,0.0,0.0,0.0,0.0,1.0,0.0,0.01,255.0,255.0,1.0,0.0,0.01,0.0,0.0,0.0,0.0,0.0,97981.0
0.0,2.0,11.0,9.0,46.0,46.0,0.0,0.0,0.0,0.0,0.0,0.0,0.0,132.0,0.0,0.0,0.0,0.0,1.0,0.0,0.01,255.0,255.0,1.0,0.0,0.01,0.0,0.0,0.0,0.0,0.0,123457.0
0.0,1.0,46.0,5.0,0.0,0.0,0.0,0.0,0.0,0.0,0.0,0.0,0.0,267.0,1.0,1.0,0.0,0.0,0.04,0.07,0.0,255.0,1.0,0.0,0.07,0.0,0.0,1.0,1.0,0.0,1.0,123384.0
0.0,1.0,2.0,1.0,0.0,0.0,0.0,0.0,0.0,0.0,0.0,0.0,0.0,220.0,0.0,0.0,1.0,1.0,0.05,0.07,0.0,255.0,10.0,0.04,0.09,0.0,0.0,0.0,0.0,1.0,1.0,92432.0
0.0,1.0,46.0,1.0,0.0,0.0,0.0,0.0,0.0,0.0,0.0,0.0,0.0,74.0,0.0,0.0,1.0,1.0,0.03,0.07,0.0,255.0,2.0,0.01,0.06,0.0,0.0,0.0,0.0,1.0,1.0,47041.0
0.0,1.0,18.0,5.0,0.0,0.0,0.0,0.0,0.0,0.0,0.0,0.0,0.0,240.0,1.0,1.0,0.0,0.0,0.05,0.05,0.0,255.0,12.0,0.05,0.08,0.0,0.0,1.0,1.0,0.0,1.0,80114.0
0.0,1.0,2.0,1.0,0.0,0.0,0.0,0.0,0.0,0.0,0.0,0.0,0.0,227.0,0.0,0.0,1.0,1.0,0.06,0.07,0.0,255.0,13.0,0.05,0.08,0.0,0.0,0.0,0.0,1.0,1.0,84819.0
0.0,1.0,29.0,1.0,0.0,0.0,0.0,0.0,0.0,0.0,0.0,0.0,0.0,281.0,0.0,0.0,1.0,1.0,0.04,0.06,0.0,255.0,12.0,0.05,0.07,0.0,0.0,0.0,0.0,1.0,1.0,79377.0
0.0,1.0,3.0,5.0,0.0,0.0,0.0,0.0,0.0,0.0,0.0,0.0,0.0,199.0,1.0,1.0,0.0,0.0,0.01,0.07,0.0,255.0,3.0,0.01,0.07,0.0,0.0,1.0,1.0,0.0,1.0,107948.0
0.0,0.0,13.0,9.0,8.0,0.0,0.0,0.0,0.0,0.0,0.0,0.0,0.0,1.0,0.0,0.0,0.0,0.0,1.0,0.0,1.0,2.0,224.0,1.0,0.0,1.0,0.5,0.0,0.0,0.0,1.0,40974.0
0.0,1.0,36.0,5.0,0.0,0.0,0.0,0.0,0.0,0.0,0.0,0.0,0.0,299.0,1.0,1.0,0.0,0.0,0.08,0.05,0.0,255.0,25.0,0.1,0.05,0.0,0.0,1.0,1.0,0.0,1.0,82609.0
0.0,1.0,3.0,5.0,0.0,0.0,0.0,0.0,0.0,0.0,0.0,0.0,0.0,233.0,1.0,1.0,0.0,0.0,0.03,0.06,0.0,255.0,8.0,0.03,0.07,0.0,0.0,1.0,1.0,0.0,1.0,64906.0
0.0,1.0,22.0,9.0,260.0,184.0,0.0,0.0,1.0,0.0,0.0,0.0,0.0,1.0,0.0,0.0,0.0,0.0,1.0,0.0,0.18,255.0,255.0,1.0,0.0,0.0,0.0,0.0,0.0,0.0,0.0,40628.0
0.0,1.0,17.0,5.0,0.0,0.0,0.0,0.0,0.0,0.0,0.0,0.0,0.0,58.0,1.0,1.0,0.0,0.0,0.24,0.07,0.0,255.0,63.0,0.25,0.02,0.02,0.0,1.0,1.0,0.0,1.0,124981.0
0.0,0.0,13.0,9.0,8.0,0.0,0.0,0.0,0.0,0.0,0.0,0.0,0.0,1.0,0.0,0.0,0.0,0.0,1.0,0.0,1.0,2.0,126.0,1.0,0.0,1.0,0.5,0.0,0.0,0.0,1.0,36291.0
0.0,1.0,46.0,4.0,0.0,0.0,0.0,0.0,0.0,0.0,0.0,0.0,0.0,1.0,0.0,0.0,1.0,1.0,1.0,0.0,0.0,191.0,1.0,0.01,0.49,0.49,0.0,0.0,0.0,1.0,1.0,9007.0
0.0,1.0,46.0,5.0,0.0,0.0,0.0,0.0,0.0,0.0,0.0,0.0,0.0,213.0,1.0,1.0,0.0,0.0,0.09,0.05,0.0,255.0,9.0,0.04,0.08,0.0,0.0,1.0,1.0,0.0,1.0,45596.0
0.0,1.0,19.0,5.0,0.0,0.0,0.0,0.0,0.0,0.0,0.0,0.0,0.0,214.0,1.0,1.0,0.0,0.0,0.02,0.07,0.0,255.0,4.0,0.02,0.08,0.0,0.0,1.0,1.0,0.0,1.0,31624.0
0.0,1.0,46.0,1.0,0.0,0.0,0.0,0.0,0.0,0.0,0.0,0.0,0.0,299.0,0.1,0.0,0.89,1.0,0.0,1.0,0.0,255.0,1.0,0.0,1.0,0.0,0.0,0.09,0.0,1.0,1.0,9843.0
0.0,1.0,57.0,5.0,0.0,0.0,0.0,0.0,0.0,0.0,0.0,0.0,0.0,67.0,1.0,1.0,0.0,0.0,0.34,0.06,0.0,255.0,6.0,0.02,0.06,0.0,0.0,1.0,1.0,0.0,1.0,121691.0
0.0,1.0,16.0,5.0,0.0,0.0,0.0,0.0,0.0,0.0,0.0,0.0,0.0,140.0,1.0,1.0,0.0,0.0,0.11,0.06,0.0,255.0,15.0,0.06,0.07,0.0,0.0,1.0,1.0,0.0,1.0,11327.0
0.0,1.0,46.0,5.0,0.0,0.0,0.0,0.0,0.0,0.0,0.0,0.0,0.0,92.0,1.0,1.0,0.0,0.0,0.03,0.07,0.0,255.0,1.0,0.0,0.06,0.0,0.0,1.0,1.0,0.0,1.0,123259.0
0.0,1.0,64.0,5.0,0.0,0.0,0.0,0.0,0.0,0.0,0.0,0.0,0.0,201.0,1.0,1.0,0.0,0.0,0.02,0.07,0.0,255.0,4.0,0.02,0.08,0.0,0.0,1.0,1.0,0.0,1.0,60981.0
0.0,1.0,22.0,1.0,0.0,0.0,0.0,0.0,0.0,0.0,0.0,0.0,0.0,2.0,0.0,0.0,1.0,1.0,1.0,0.0,0.0,224.0,186.0,0.83,0.02,0.0,0.0,0.0,0.0,1.0,0.0,29947.0
0.0,1.0,46.0,5.0,0.0,0.0,0.0,0.0,0.0,0.0,0.0,0.0,0.0,125.0,1.0,1.0,0.0,0.0,0.16,0.07,0.0,255.0,19.0,0.07,0.08,0.0,0.0,1.0,1.0,0.0,1.0,64645.0
1530.0,2.0,41.0,9.0,145.0,105.0,0.0,0.0,0.0,0.0,0.0,0.0,0.0,1.0,0.0,0.0,0.0,0.0,1.0,0.0,0.0,255.0,1.0,0.0,0.61,0.82,0.0,0.0,0.0,0.0,0.0,17035.0
0.0,1.0,17.0,5.0,0.0,0.0,0.0,0.0,0.0,0.0,0.0,0.0,0.0,269.0,1.0,1.0,0.0,0.0,0.09,0.05,0.0,255.0,23.0,0.09,0.05,0.0,0.0,1.0,1.0,0.0,1.0,56298.0
0.0,1.0,53.0,5.0,0.0,0.0,0.0,0.0,0.0,0.0,0.0,0.0,0.0,133.0,1.0,1.0,0.0,0.0,0.14,0.06,0.0,255.0,25.0,0.1,0.07,0.0,0.0,1.0,1.0,0.0,1.0,21665.0
0.0,2.0,46.0,9.0,28.0,0.0,3.0,0.0,0.0,0.0,0.0,0.0,0.0,23.0,0.0,0.0,0.0,0.0,1.0,0.0,0.0,236.0,23.0,0.1,0.69,0.1,0.0,0.03,0.0,0.0,1.0,82782.0
0.0,1.0,41.0,1.0,0.0,0.0,0.0,0.0,0.0,0.0,0.0,0.0,0.0,511.0,0.35,0.0,0.65,1.0,0.0,1.0,0.0,255.0,1.0,0.0,1.0,0.0,0.0,0.53,0.0,1.0,1.0,47401.0
29.0,2.0,11.0,9.0,46.0,46.0,0.0,0.0,0.0,0.0,0.0,0.0,0.0,11.0,0.0,0.0,0.0,0.0,0.18,0.18,0.15,56.0,54.0,0.96,0.04,0.02,0.0,0.0,0.0,0.0,0.0,87903.0
0.0,1.0,8.0,5.0,0.0,0.0,0.0,0.0,0.0,0.0,0.0,0.0,0.0,289.0,1.0,1.0,0.0,0.0,0.07,0.05,0.0,255.0,2.0,0.01,0.08,0.0,0.0,1.0,1.0,0.0,1.0,122430.0
0.0,1.0,63.0,1.0,0.0,0.0,0.0,0.0,0.0,0.0,0.0,0.0,0.0,273.0,0.0,0.0,1.0,1.0,0.07,0.06,0.0,255.0,19.0,0.07,0.07,0.0,0.0,0.0,0.0,1.0,1.0,8735.0
0.0,2.0,46.0,9.0,1.0,0.0,0.0,0.0,0.0,0.0,0.0,0.0,0.0,63.0,0.0,0.0,0.0,0.0,0.27,0.08,0.0,255.0,40.0,0.16,0.22,1.0,0.0,0.0,0.0,0.0,1.0,79261.0
0.0,1.0,46.0,5.0,0.0,0.0,0.0,0.0,0.0,0.0,0.0,0.0,0.0,185.0,1.0,1.0,0.0,0.0,0.1,0.06,0.0,255.0,6.0,0.02,0.07,0.0,0.0,1.0,1.0,0.0,1.0,114952.0
0.0,2.0,46.0,9.0,1.0,0.0,0.0,0.0,0.0,0.0,0.0,0.0,0.0,21.0,0.0,0.0,0.0,0.0,0.05,0.24,0.0,255.0,1.0,0.0,0.49,0.58,0.0,0.03,0.0,0.0,1.0,99048.0
0.0,1.0,33.0,5.0,0.0,0.0,0.0,0.0,0.0,0.0,0.0,0.0,0.0,298.0,1.0,1.0,0.0,0.0,0.08,0.05,0.0,255.0,25.0,0.1,0.05,0.0,0.0,1.0,1.0,0.0,1.0,20892.0
0.0,0.0,13.0,9.0,8.0,0.0,0.0,0.0,0.0,0.0,0.0,0.0,0.0,1.0,0.0,0.0,0.0,0.0,1.0,0.0,1.0,2.0,14.0,1.0,0.0,1.0,0.5,0.0,0.0,0.0,1.0,90636.0
0.0,1.0,19.0,5.0,0.0,0.0,0.0,0.0,0.0,0.0,0.0,0.0,0.0,27.0,1.0,1.0,0.0,0.0,0.56,0.07,0.0,35.0,42.0,0.43,0.06,0.03,0.05,1.0,0.36,0.0,1.0,62039.0
0.0,1.0,46.0,5.0,0.0,0.0,0.0,0.0,0.0,0.0,0.0,0.0,0.0,177.0,1.0,1.0,0.0,0.0,0.14,0.07,0.0,255.0,25.0,0.1,0.07,0.0,0.0,1.0,1.0,0.0,1.0,58786.0
0.0,1.0,22.0,5.0,0.0,0.0,0.0,0.0,0.0,0.0,0.0,0.0,0.0,2.0,0.5,0.5,0.0,0.0,1.0,0.0,0.0,160.0,255.0,1.0,0.0,0.01,0.01,0.01,0.0,0.02,0.0,93442.0
7.0,1.0,41.0,4.0,0.0,0.0,0.0,0.0,0.0,0.0,0.0,0.0,0.0,2.0,0.0,0.0,1.0,1.0,1.0,0.0,0.0,255.0,2.0,0.01,0.74,1.0,0.0,0.0,0.0,1.0,1.0,75378.0
0.0,1.0,46.0,5.0,0.0,0.0,0.0,0.0,0.0,0.0,0.0,0.0,0.0,130.0,1.0,1.0,0.0,0.0,0.03,0.06,0.0,255.0,4.0,0.02,0.05,0.0,0.0,1.0,1.0,0.0,1.0,10137.0
0.0,1.0,6.0,5.0,0.0,0.0,0.0,0.0,0.0,0.0,0.0,0.0,0.0,104.0,1.0,1.0,0.0,0.0,0.07,0.07,0.0,255.0,5.0,0.02,0.08,0.0,0.0,1.0,1.0,0.0,1.0,109543.0
0.0,1.0,22.0,5.0,0.0,0.0,0.0,0.0,0.0,0.0,0.0,0.0,0.0,22.0,1.0,1.0,0.0,0.0,0.45,0.14,0.0,255.0,66.0,0.26,0.02,0.01,0.0,1.0,1.0,0.0,1.0,52741.0
0.0,1.0,21.0,5.0,0.0,0.0,0.0,0.0,0.0,0.0,0.0,0.0,0.0,294.0,1.0,1.0,0.0,0.0,0.08,0.05,0.0,255.0,23.0,0.09,0.05,0.0,0.0,1.0,1.0,0.0,1.0,67127.0
0.0,1.0,46.0,5.0,0.0,0.0,0.0,0.0,0.0,0.0,0.0,0.0,0.0,117.0,1.0,1.0,0.0,0.0,0.09,0.06,0.0,255.0,26.0,0.1,0.06,0.0,0.0,1.0,1.0,0.0,1.0,11633.0
0.0,1.0,16.0,5.0,0.0,0.0,0.0,0.0,0.0,0.0,0.0,0.0,0.0,96.0,1.0,1.0,0.0,0.0,0.03,0.06,0.0,255.0,3.0,0.01,0.06,0.0,0.0,1.0,1.0,0.0,1.0,121748.0
0.0,1.0,22.0,1.0,0.0,0.0,0.0,0.0,0.0,0.0,0.0,0.0,0.0,1.0,0.0,0.0,1.0,1.0,1.0,0.0,0.0,30.0,255.0,1.0,0.0,0.03,0.1,0.0,0.0,0.95,0.0,121853.0
0.0,1.0,55.0,5.0,0.0,0.0,0.0,0.0,0.0,0.0,0.0,0.0,0.0,296.0,1.0,1.0,0.0,0.0,0.06,0.06,0.0,255.0,19.0,0.07,0.07,0.0,0.0,1.0,1.0,0.0,1.0,104642.0
0.0,1.0,46.0,5.0,0.0,0.0,0.0,0.0,0.0,0.0,0.0,0.0,0.0,115.0,1.0,1.0,0.0,0.0,0.12,0.06,0.0,255.0,12.0,0.05,0.07,0.0,0.0,1.0,1.0,0.0,1.0,123359.0
0.0,1.0,46.0,5.0,0.0,0.0,0.0,0.0,0.0,0.0,0.0,0.0,0.0,54.0,1.0,1.0,0.0,0.0,0.22,0.07,0.0,233.0,12.0,0.05,0.06,0.0,0.0,1.0,1.0,0.0,1.0,43874.0
0.0,1.0,34.0,5.0,0.0,0.0,0.0,0.0,0.0,0.0,0.0,0.0,0.0,195.0,1.0,1.0,0.0,0.0,0.09,0.06,0.0,255.0,17.0,0.07,0.07,0.0,0.0,1.0,1.0,0.0,1.0,21417.0
0.0,1.0,8.0,5.0,0.0,0.0,0.0,0.0,0.0,0.0,0.0,0.0,0.0,273.0,1.0,1.0,0.0,0.0,0.07,0.06,0.0,255.0,20.0,0.08,0.07,0.0,0.0,1.0,1.0,0.0,1.0,27503.0
0.0,1.0,65.0,5.0,0.0,0.0,0.0,0.0,0.0,0.0,0.0,0.0,0.0,206.0,1.0,1.0,0.0,0.0,0.09,0.06,0.0,255.0,19.0,0.07,0.07,0.0,0.0,1.0,1.0,0.0,1.0,80714.0
0.0,1.0,46.0,5.0,0.0,0.0,0.0,0.0,0.0,0.0,0.0,0.0,0.0,211.0,1.0,1.0,0.0,0.0,0.07,0.06,0.0,255.0,12.0,0.05,0.07,0.0,0.0,1.0,1.0,0.0,1.0,89028.0
0.0,1.0,53.0,5.0,0.0,0.0,0.0,0.0,0.0,0.0,0.0,0.0,0.0,232.0,1.0,1.0,0.0,0.0,0.09,0.05,0.0,255.0,22.0,0.09,0.05,0.0,0.0,1.0,1.0,0.0,1.0,67999.0
0.0,0.0,13.0,9.0,8.0,0.0,0.0,0.0,0.0,0.0,0.0,0.0,0.0,1.0,0.0,0.0,0.0,0.0,1.0,0.0,1.0,3.0,207.0,1.0,0.0,1.0,0.25,0.0,0.0,0.0,1.0,14883.0
0.0,0.0,13.0,9.0,8.0,0.0,0.0,0.0,0.0,0.0,0.0,0.0,0.0,1.0,0.0,0.0,0.0,0.0,1.0,0.0,1.0,4.0,132.0,1.0,0.0,1.0,0.25,0.0,0.0,0.0,1.0,81884.0
0.0,1.0,46.0,5.0,0.0,0.0,0.0,0.0,0.0,0.0,0.0,0.0,0.0,298.0,1.0,1.0,0.0,0.0,0.07,0.06,0.0,255.0,3.0,0.01,0.08,0.0,0.0,1.0,1.0,0.0,1.0,119182.0
0.0,2.0,41.0,9.0,1.0,0.0,0.0,0.0,0.0,0.0,0.0,0.0,0.0,13.0,0.0,0.0,0.0,0.0,0.15,0.62,0.0,255.0,2.0,0.01,0.29,0.82,0.0,0.0,0.0,0.0,1.0,38738.0
0.0,1.0,46.0,5.0,0.0,0.0,0.0,0.0,0.0,0.0,0.0,0.0,0.0,213.0,1.0,1.0,0.0,0.0,0.06,0.07,0.0,255.0,9.0,0.04,0.08,0.0,0.0,1.0,1.0,0.0,1.0,4402.0
0.0,1.0,46.0,5.0,0.0,0.0,0.0,0.0,0.0,0.0,0.0,0.0,0.0,172.0,1.0,1.0,0.0,0.0,0.12,0.05,0.0,255.0,1.0,0.0,0.07,0.0,0.0,1.0,1.0,0.0,1.0,72024.0
0.0,1.0,2.0,5.0,0.0,0.0,0.0,0.0,0.0,0.0,0.0,0.0,0.0,200.0,1.0,1.0,0.0,0.0,0.07,0.06,0.0,255.0,13.0,0.05,0.07,0.0,0.0,1.0,1.0,0.0,1.0,7234.0
0.0,1.0,46.0,1.0,0.0,0.0,0.0,0.0,0.0,0.0,0.0,0.0,0.0,10.0,0.0,0.0,1.0,1.0,0.1,0.2,0.0,255.0,13.0,0.05,0.06,0.0,0.0,0.0,0.0,1.0,1.0,30218.0
0.0,1.0,12.0,5.0,0.0,0.0,0.0,0.0,0.0,0.0,0.0,0.0,0.0,187.0,1.0,1.0,0.0,0.0,0.11,0.06,0.0,255.0,20.0,0.08,0.06,0.0,0.0,1.0,1.0,0.0,1.0,102788.0
0.0,1.0,46.0,5.0,0.0,0.0,0.0,0.0,0.0,0.0,0.0,0.0,0.0,27.0,1.0,1.0,0.0,0.0,0.07,0.22,0.0,255.0,15.0,0.06,0.08,0.0,0.0,1.0,1.0,0.0,1.0,15490.0
0.0,0.0,14.0,9.0,520.0,0.0,0.0,0.0,0.0,0.0,0.0,0.0,0.0,353.0,0.0,0.0,0.0,0.0,1.0,0.0,0.0,255.0,255.0,1.0,0.0,1.0,0.0,0.0,0.0,0.0,1.0,56797.0
0.0,1.0,22.0,1.0,0.0,0.0,0.0,0.0,0.0,0.0,0.0,0.0,0.0,1.0,0.0,0.0,1.0,1.0,1.0,0.0,0.0,17.0,85.0,1.0,0.0,0.06,0.21,0.0,0.0,1.0,0.0,74923.0
0.0,1.0,22.0,1.0,0.0,0.0,0.0,0.0,0.0,0.0,0.0,0.0,0.0,1.0,0.0,0.0,1.0,1.0,1.0,0.0,0.0,207.0,255.0,1.0,0.0,0.0,0.02,0.0,0.0,0.36,0.0,92549.0
1.0,1.0,46.0,3.0,0.0,0.0,0.0,0.0,0.0,0.0,0.0,0.0,0.0,167.0,0.68,0.5,0.32,0.5,0.01,0.39,0.0,255.0,2.0,0.01,0.25,0.65,0.0,0.45,0.5,0.5,1.0,27006.0
0.0,1.0,22.0,5.0,0.0,0.0,0.0,0.0,0.0,0.0,0.0,0.0,0.0,26.0,1.0,1.0,0.0,0.0,0.38,0.15,0.0,255.0,38.0,0.15,0.04,0.02,0.0,1.0,1.0,0.0,1.0,63591.0
0.0,1.0,22.0,5.0,0.0,0.0,0.0,0.0,0.0,0.0,0.0,0.0,0.0,2.0,0.5,0.5,0.0,0.0,1.0,0.0,0.0,255.0,255.0,1.0,0.0,0.01,0.0,0.0,0.0,0.01,0.0,73643.0
0.0,1.0,46.0,5.0,0.0,0.0,0.0,0.0,0.0,0.0,0.0,0.0,0.0,265.0,1.0,1.0,0.0,0.0,0.06,0.05,0.0,255.0,16.0,0.06,0.05,0.0,0.0,1.0,1.0,0.0,1.0,43739.0
2126.0,2.0,41.0,9.0,147.0,105.0,0.0,0.0,0.0,0.0,0.0,0.0,0.0,1.0,0.0,0.0,0.0,0.0,1.0,0.0,0.0,255.0,1.0,0.0,0.72,0.98,0.0,0.0,0.0,0.0,0.0,67735.0
0.0,1.0,54.0,5.0,0.0,0.0,0.0,0.0,0.0,0.0,0.0,0.0,0.0,208.0,1.0,1.0,0.0,0.0,0.08,0.06,0.0,255.0,11.0,0.04,0.06,0.0,0.0,1.0,1.0,0.0,1.0,33734.0
0.0,1.0,6.0,5.0,0.0,0.0,0.0,0.0,0.0,0.0,0.0,0.0,0.0,253.0,1.0,1.0,0.0,0.0,0.09,0.05,0.0,255.0,22.0,0.09,0.05,0.0,0.0,1.0,1.0,0.0,1.0,115905.0
0.0,2.0,41.0,9.0,5.0,0.0,0.0,0.0,0.0,0.0,0.0,0.0,0.0,140.0,0.0,0.0,0.0,0.0,0.01,0.01,0.0,255.0,11.0,0.04,0.02,0.04,0.0,0.0,0.0,0.0,1.0,124832.0
0.0,1.0,41.0,1.0,0.0,0.0,0.0,0.0,0.0,0.0,0.0,0.0,0.0,437.0,0.08,0.0,0.92,1.0,0.0,1.0,0.0,255.0,1.0,0.0,1.0,0.0,0.0,0.06,0.0,1.0,1.0,65072.0
0.0,1.0,46.0,1.0,0.0,0.0,0.0,0.0,0.0,0.0,0.0,0.0,0.0,380.0,0.06,0.0,0.92,1.0,0.0,1.0,0.0,255.0,1.0,0.0,1.0,0.0,0.0,0.09,0.0,1.0,1.0,38032.0
0.0,0.0,13.0,9.0,8.0,0.0,0.0,0.0,0.0,0.0,0.0,0.0,0.0,1.0,0.0,0.0,0.0,0.0,1.0,0.0,1.0,2.0,36.0,1.0,0.0,1.0,0.5,0.0,0.0,0.0,1.0,77522.0
0.0,1.0,46.0,1.0,0.0,0.0,0.0,0.0,0.0,0.0,0.0,0.0,0.0,7.0,0.0,0.0,1.0,1.0,0.14,1.0,0.0,255.0,1.0,0.0,0.36,0.0,0.0,0.0,0.0,1.0,1.0,67681.0
0.0,1.0,7.0,5.0,0.0,0.0,0.0,0.0,0.0,0.0,0.0,0.0,0.0,172.0,1.0,1.0,0.0,0.0,0.03,0.06,0.0,255.0,5.0,0.02,0.05,0.0,0.0,1.0,1.0,0.0,1.0,67654.0
0.0,1.0,59.0,2.0,0.0,0.0,0.0,0.0,0.0,0.0,0.0,0.0,0.0,188.0,0.0,0.0,1.0,1.0,0.1,0.06,0.0,255.0,18.0,0.07,0.07,0.0,0.0,0.0,0.0,1.0,1.0,119756.0
0.0,1.0,32.0,5.0,0.0,0.0,0.0,0.0,0.0,0.0,0.0,0.0,0.0,189.0,1.0,1.0,0.0,0.0,0.01,0.06,0.0,255.0,1.0,0.0,0.07,0.0,0.0,1.0,1.0,0.0,1.0,123068.0
0.0,1.0,26.0,5.0,0.0,0.0,0.0,0.0,0.0,0.0,0.0,0.0,0.0,299.0,1.0,1.0,0.0,0.0,0.03,0.06,0.0,255.0,7.0,0.03,0.07,0.0,0.0,1.0,1.0,0.0,1.0,67720.0
0.0,1.0,46.0,1.0,0.0,0.0,0.0,0.0,0.0,0.0,0.0,0.0,0.0,139.0,0.0,0.0,1.0,1.0,0.08,0.06,0.0,164.0,11.0,0.07,0.07,0.01,0.0,0.0,0.0,1.0,1.0,2796.0
0.0,1.0,46.0,5.0,0.0,0.0,0.0,0.0,0.0,0.0,0.0,0.0,0.0,173.0,1.0,1.0,0.0,0.0,0.03,0.06,0.0,255.0,7.0,0.03,0.08,0.0,0.0,1.0,1.0,0.0,1.0,39635.0
0.0,1.0,31.0,5.0,0.0,0.0,0.0,0.0,0.0,0.0,0.0,0.0,0.0,133.0,1.0,1.0,0.0,0.0,0.11,0.06,0.0,255.0,4.0,0.02,0.07,0.0,0.0,1.0,1.0,0.0,1.0,11422.0
0.0,1.0,46.0,5.0,0.0,0.0,0.0,0.0,0.0,0.0,0.0,0.0,0.0,101.0,1.0,1.0,0.0,0.0,0.09,0.07,0.0,255.0,9.0,0.04,0.07,0.0,0.0,1.0,1.0,0.0,1.0,46910.0
0.0,1.0,46.0,5.0,0.0,0.0,0.0,0.0,0.0,0.0,0.0,0.0,0.0,106.0,1.0,1.0,0.0,0.0,0.01,0.07,0.0,255.0,18.0,0.07,0.07,0.0,0.0,1.0,1.0,0.0,1.0,116522.0
0.0,1.0,17.0,5.0,0.0,0.0,0.0,0.0,0.0,0.0,0.0,0.0,0.0,20.0,1.0,1.0,0.0,0.0,0.25,0.2,0.0,255.0,25.0,0.1,0.07,0.01,0.0,1.0,1.0,0.0,1.0,112304.0
0.0,1.0,41.0,1.0,0.0,0.0,0.0,0.0,0.0,0.0,0.0,0.0,0.0,511.0,0.17,0.0,0.83,1.0,0.0,1.0,0.0,255.0,1.0,0.0,1.0,0.0,0.0,0.27,0.0,1.0,1.0,112074.0
0.0,0.0,13.0,9.0,8.0,0.0,0.0,0.0,0.0,0.0,0.0,0.0,0.0,1.0,0.0,0.0,0.0,0.0,1.0,0.0,1.0,1.0,41.0,1.0,0.0,1.0,0.51,0.0,0.0,0.0,1.0,112315.0
0.0,1.0,27.0,5.0,0.0,0.0,0.0,0.0,0.0,0.0,0.0,0.0,0.0,135.0,1.0,1.0,0.0,0.0,0.01,0.06,0.0,255.0,10.0,0.04,0.05,0.0,0.0,1.0,1.0,0.0,1.0,57550.0
0.0,1.0,57.0,2.0,0.0,0.0,0.0,0.0,0.0,0.0,0.0,0.0,0.0,264.0,0.0,0.0,1.0,1.0,0.01,0.06,0.0,255.0,3.0,0.01,0.07,0.0,0.0,0.0,0.0,1.0,1.0,22343.0
0.0,1.0,26.0,5.0,0.0,0.0,0.0,0.0,0.0,0.0,0.0,0.0,0.0,280.0,1.0,1.0,0.0,0.0,0.04,0.06,0.0,255.0,11.0,0.04,0.08,0.0,0.0,1.0,1.0,0.0,1.0,112224.0
0.0,1.0,46.0,5.0,0.0,0.0,0.0,0.0,0.0,0.0,0.0,0.0,0.0,290.0,1.0,1.0,0.0,0.0,0.05,0.06,0.0,255.0,13.0,0.05,0.07,0.0,0.0,1.0,1.0,0.0,1.0,18708.0
0.0,1.0,46.0,5.0,0.0,0.0,0.0,0.0,0.0,0.0,0.0,0.0,0.0,145.0,1.0,1.0,0.0,0.0,0.1,0.05,0.0,255.0,14.0,0.05,0.05,0.0,0.0,1.0,1.0,0.0,1.0,50015.0
0.0,1.0,55.0,5.0,0.0,0.0,0.0,0.0,0.0,0.0,0.0,0.0,0.0,227.0,1.0,1.0,0.0,0.0,0.04,0.06,0.0,255.0,10.0,0.04,0.07,0.0,0.0,1.0,1.0,0.0,1.0,77681.0
0.0,1.0,46.0,5.0,0.0,0.0,0.0,0.0,0.0,0.0,0.0,0.0,0.0,116.0,1.0,1.0,0.0,0.0,0.03,0.06,0.0,255.0,12.0,0.05,0.06,0.0,0.0,1.0,1.0,0.0,1.0,73526.0
0.0,1.0,26.0,5.0,0.0,0.0,0.0,0.0,0.0,0.0,0.0,0.0,0.0,205.0,1.0,1.0,0.0,0.0,0.04,0.05,0.0,255.0,9.0,0.04,0.06,0.0,0.0,1.0,1.0,0.0,1.0,124100.0
0.0,1.0,2.0,5.0,0.0,0.0,0.0,0.0,0.0,0.0,0.0,0.0,0.0,121.0,1.0,1.0,0.0,0.0,0.15,0.06,0.0,255.0,15.0,0.06,0.07,0.0,0.0,1.0,1.0,0.0,1.0,120002.0
0.0,1.0,46.0,1.0,0.0,0.0,0.0,0.0,0.0,0.0,0.0,0.0,0.0,13.0,0.0,0.0,1.0,1.0,0.08,1.0,0.0,255.0,1.0,0.0,0.38,0.0,0.0,0.0,0.0,1.0,1.0,60160.0
0.0,2.0,11.0,9.0,46.0,72.0,0.0,0.0,0.0,0.0,0.0,0.0,0.0,138.0,0.0,0.0,0.0,0.0,1.0,0.0,0.0,255.0,255.0,1.0,0.0,0.01,0.0,0.0,0.0,0.0,0.0,115147.0
0.0,0.0,14.0,9.0,1032.0,0.0,0.0,0.0,0.0,0.0,0.0,0.0,0.0,511.0,0.0,0.0,0.0,0.0,1.0,0.0,0.0,210.0,65.0,0.31,0.01,0.31,0.0,0.0,0.0,0.0,1.0,98320.0
0.0,1.0,22.0,5.0,0.0,0.0,0.0,0.0,0.0,0.0,0.0,0.0,0.0,53.0,1.0,1.0,0.0,0.0,0.38,0.08,0.0,255.0,60.0,0.24,0.02,0.01,0.0,1.0,1.0,0.0,1.0,94881.0
37498.0,1.0,46.0,4.0,1.0,0.0,0.0,0.0,0.0,0.0,0.0,0.0,0.0,2.0,0.0,0.0,1.0,1.0,1.0,0.0,0.0,255.0,2.0,0.01,0.5,1.0,0.0,0.0,0.0,1.0,1.0,13655.0
0.0,1.0,17.0,5.0,0.0,0.0,0.0,0.0,0.0,0.0,0.0,0.0,0.0,60.0,1.0,1.0,0.0,0.0,0.25,0.07,0.0,255.0,55.0,0.22,0.02,0.01,0.0,1.0,1.0,0.0,1.0,16501.0
0.0,1.0,57.0,5.0,0.0,0.0,0.0,0.0,0.0,0.0,0.0,0.0,0.0,62.0,1.0,1.0,0.0,0.0,0.24,0.06,0.0,255.0,58.0,0.23,0.03,0.01,0.0,1.0,1.0,0.0,1.0,110536.0
0.0,2.0,46.0,9.0,1.0,0.0,0.0,0.0,0.0,0.0,0.0,0.0,0.0,43.0,0.0,0.0,0.0,0.0,0.37,0.09,0.0,255.0,44.0,0.17,0.44,0.6,0.0,0.16,0.0,0.0,1.0,91361.0
0.0,1.0,19.0,9.0,334.0,0.0,0.0,0.0,1.0,0.0,0.0,0.0,0.0,2.0,0.0,0.0,0.0,0.0,1.0,0.0,0.0,2.0,36.0,1.0,0.0,1.0,0.14,0.0,0.0,0.0,1.0,29130.0
0.0,0.0,14.0,9.0,1032.0,0.0,0.0,0.0,0.0,0.0,0.0,0.0,0.0,511.0,0.0,0.0,0.0,0.0,1.0,0.0,0.0,255.0,25.0,0.1,0.05,0.1,0.0,0.32,0.0,0.0,1.0,107348.0
0.0,1.0,46.0,1.0,0.0,0.0,0.0,0.0,0.0,0.0,0.0,0.0,0.0,37.0,0.0,0.0,1.0,1.0,0.46,0.08,0.0,255.0,17.0,0.07,0.06,0.0,0.0,0.0,0.0,1.0,1.0,35850.0
2.0,1.0,46.0,4.0,0.0,0.0,0.0,0.0,0.0,0.0,0.0,0.0,0.0,405.0,0.0,0.0,1.0,1.0,0.0,0.52,0.0,255.0,2.0,0.01,0.52,1.0,0.0,0.0,0.0,1.0,1.0,95765.0
0.0,1.0,12.0,5.0,0.0,0.0,0.0,0.0,0.0,0.0,0.0,0.0,0.0,201.0,1.0,1.0,0.0,0.0,0.05,0.06,0.0,255.0,12.0,0.05,0.07,0.0,0.0,1.0,1.0,0.0,1.0,106387.0
0.0,1.0,46.0,5.0,0.0,0.0,0.0,0.0,0.0,0.0,0.0,0.0,0.0,242.0,1.0,1.0,0.0,0.0,0.02,0.06,0.0,255.0,2.0,0.01,0.08,0.0,0.0,1.0,1.0,0.0,1.0,31846.0
0.0,1.0,8.0,5.0,0.0,0.0,0.0,0.0,0.0,0.0,0.0,0.0,0.0,282.0,1.0,1.0,0.0,0.0,0.04,0.05,0.0,255.0,9.0,0.04,0.08,0.0,0.0,1.0,1.0,0.0,1.0,31012.0
0.0,2.0,46.0,9.0,28.0,0.0,3.0,0.0,0.0,0.0,0.0,0.0,0.0,53.0,0.0,0.0,0.02,0.0,0.98,0.04,0.0,255.0,52.0,0.2,0.02,0.2,0.0,0.0,0.0,0.0,1.0,34281.0
0.0,1.0,46.0,5.0,0.0,0.0,0.0,0.0,0.0,0.0,0.0,0.0,0.0,128.0,1.0,1.0,0.0,0.0,0.14,0.05,0.0,255.0,18.0,0.07,0.07,0.0,0.0,1.0,1.0,0.0,1.0,41157.0
0.0,1.0,6.0,1.0,0.0,0.0,0.0,0.0,0.0,0.0,0.0,0.0,0.0,232.0,0.0,0.0,1.0,1.0,0.02,0.06,0.0,255.0,5.0,0.02,0.07,0.0,0.0,0.0,0.0,1.0,1.0,28244.0
0.0,1.0,46.0,5.0,0.0,0.0,0.0,0.0,0.0,0.0,0.0,0.0,0.0,289.0,1.0,1.0,0.0,0.0,0.01,0.06,0.0,255.0,2.0,0.01,0.06,0.0,0.0,1.0,1.0,0.0,1.0,55587.0
0.0,1.0,35.0,5.0,0.0,0.0,0.0,0.0,0.0,0.0,0.0,0.0,0.0,232.0,1.0,1.0,0.0,0.0,0.0,0.06,0.0,255.0,1.0,0.0,0.07,0.0,0.0,1.0,1.0,0.0,1.0,14214.0
0.0,1.0,34.0,1.0,0.0,0.0,0.0,0.0,0.0,0.0,0.0,0.0,0.0,229.0,0.0,0.0,1.0,1.0,0.04,0.07,0.0,255.0,9.0,0.04,0.07,0.0,0.0,0.0,0.0,1.0,1.0,8981.0
0.0,1.0,53.0,1.0,0.0,0.0,0.0,0.0,0.0,0.0,0.0,0.0,0.0,254.0,0.0,0.0,1.0,1.0,0.08,0.06,0.0,255.0,20.0,0.08,0.07,0.0,0.0,0.0,0.0,1.0,1.0,120875.0
0.0,1.0,57.0,5.0,0.0,0.0,0.0,0.0,0.0,0.0,0.0,0.0,0.0,14.0,0.93,1.0,0.0,0.0,0.93,0.14,0.0,13.0,14.0,1.0,0.0,0.08,0.14,1.0,0.93,0.0,1.0,27308.0
0.0,0.0,14.0,9.0,30.0,0.0,0.0,0.0,0.0,0.0,0.0,0.0,0.0,2.0,0.0,0.0,0.0,0.0,1.0,0.0,0.0,182.0,182.0,1.0,0.0,1.0,0.0,0.0,0.0,0.0,0.0,15751.0
0.0,2.0,46.0,9.0,1.0,0.0,0.0,0.0,0.0,0.0,0.0,0.0,0.0,3.0,0.0,0.0,0.0,0.0,1.0,0.0,0.0,255.0,3.0,0.01,0.36,0.82,0.0,0.02,0.0,0.0,1.0,107550.0
0.0,1.0,46.0,5.0,0.0,0.0,0.0,0.0,0.0,0.0,0.0,0.0,0.0,178.0,1.0,1.0,0.0,0.0,0.1,0.06,0.0,255.0,17.0,0.07,0.06,0.0,0.0,1.0,1.0,0.0,1.0,57335.0
0.0,1.0,46.0,5.0,0.0,0.0,0.0,0.0,0.0,0.0,0.0,0.0,0.0,80.0,1.0,1.0,0.0,0.0,0.12,0.08,0.0,188.0,10.0,0.05,0.07,0.01,0.0,1.0,1.0,0.0,1.0,55913.0
0.0,1.0,15.0,5.0,0.0,0.0,0.0,0.0,0.0,0.0,0.0,0.0,0.0,130.0,1.0,1.0,0.0,0.0,0.05,0.06,0.0,255.0,2.0,0.01,0.06,0.0,0.0,1.0,1.0,0.0,1.0,115560.0
0.0,1.0,46.0,1.0,0.0,0.0,0.0,0.0,0.0,0.0,0.0,0.0,0.0,80.0,0.0,0.0,1.0,1.0,0.09,0.08,0.0,255.0,21.0,0.08,0.06,0.0,0.0,0.0,0.0,1.0,1.0,56825.0
0.0,0.0,13.0,9.0,8.0,0.0,0.0,0.0,0.0,0.0,0.0,0.0,0.0,1.0,0.0,0.0,0.0,0.0,1.0,0.0,1.0,1.0,217.0,1.0,0.0,1.0,0.5,0.0,0.0,0.0,1.0,29216.0
0.0,0.0,14.0,9.0,1032.0,0.0,0.0,0.0,0.0,0.0,0.0,0.0,0.0,511.0,0.0,0.0,0.0,0.0,1.0,0.0,0.0,255.0,248.0,0.97,0.01,0.97,0.0,0.0,0.0,0.0,1.0,60905.0
0.0,1.0,22.0,5.0,0.0,0.0,0.0,0.0,0.0,0.0,0.0,0.0,0.0,197.0,1.0,1.0,0.0,0.0,0.07,0.06,0.0,255.0,13.0,0.05,0.07,0.0,0.0,1.0,1.0,0.0,1.0,51478.0
0.0,1.0,41.0,9.0,59.0,0.0,0.0,0.0,1.0,0.0,0.0,0.0,0.0,23.0,0.04,0.0,0.0,0.0,0.04,0.43,0.0,241.0,1.0,0.0,0.06,0.38,0.0,0.02,0.0,0.0,0.0,107542.0
28.0,2.0,11.0,9.0,46.0,46.0,0.0,0.0,0.0,0.0,0.0,0.0,0.0,4.0,0.0,0.0,0.0,0.0,0.25,0.5,0.5,88.0,85.0,0.97,0.02,0.01,0.0,0.0,0.0,0.0,0.0,65182.0
0.0,1.0,46.0,5.0,0.0,0.0,0.0,0.0,0.0,0.0,0.0,0.0,0.0,236.0,1.0,1.0,0.0,0.0,0.07,0.06,0.0,255.0,10.0,0.04,0.07,0.0,0.0,1.0,1.0,0.0,1.0,30551.0
0.0,1.0,38.0,5.0,0.0,0.0,0.0,0.0,0.0,0.0,0.0,0.0,0.0,131.0,1.0,1.0,0.0,0.0,0.12,0.07,0.0,255.0,16.0,0.06,0.06,0.0,0.0,1.0,1.0,0.0,1.0,57285.0
0.0,1.0,3.0,5.0,0.0,0.0,0.0,0.0,0.0,0.0,0.0,0.0,0.0,208.0,1.0,1.0,0.0,0.0,0.01,0.06,0.0,255.0,3.0,0.01,0.06,0.0,0.0,1.0,1.0,0.0,1.0,51467.0
0.0,1.0,30.0,5.0,0.0,0.0,0.0,0.0,0.0,0.0,0.0,0.0,0.0,233.0,1.0,1.0,0.0,0.0,0.0,0.06,0.0,255.0,1.0,0.0,0.07,0.0,0.0,1.0,1.0,0.0,1.0,70046.0
0.0,1.0,22.0,5.0,0.0,0.0,0.0,0.0,0.0,0.0,0.0,0.0,0.0,52.0,1.0,1.0,0.0,0.0,0.33,0.06,0.0,255.0,64.0,0.25,0.02,0.0,0.0,1.0,1.0,0.0,1.0,97683.0
0.0,1.0,64.0,5.0,0.0,0.0,0.0,0.0,0.0,0.0,0.0,0.0,0.0,1.0,1.0,1.0,0.0,0.0,1.0,0.0,0.0,255.0,1.0,0.0,0.07,0.0,0.0,1.0,1.0,0.0,1.0,62297.0
1.0,1.0,46.0,4.0,0.0,0.0,0.0,0.0,0.0,0.0,0.0,0.0,0.0,52.0,0.0,0.0,1.0,1.0,0.04,0.54,0.0,222.0,2.0,0.01,0.13,0.23,0.0,0.01,0.0,1.0,1.0,17325.0
0.0,0.0,14.0,9.0,1032.0,0.0,0.0,0.0,0.0,0.0,0.0,0.0,0.0,510.0,0.0,0.0,0.0,0.0,1.0,0.0,0.0,255.0,241.0,0.95,0.02,0.95,0.0,0.0,0.0,0.0,1.0,80250.0
0.0,0.0,14.0,9.0,1032.0,0.0,0.0,0.0,0.0,0.0,0.0,0.0,0.0,509.0,0.0,0.0,0.0,0.0,1.0,0.0,0.0,255.0,198.0,0.78,0.14,0.78,0.0,0.0,0.0,0.0,1.0,62372.0
0.0,1.0,41.0,1.0,0.0,0.0,0.0,0.0,0.0,0.0,0.0,0.0,0.0,408.0,0.07,0.0,0.9,1.0,0.0,1.0,0.0,255.0,1.0,0.0,1.0,0.0,0.0,0.08,0.0,1.0,1.0,33216.0
0.0,1.0,51.0,5.0,0.0,0.0,0.0,0.0,0.0,0.0,0.0,0.0,0.0,1.0,1.0,1.0,0.0,0.0,1.0,0.0,0.0,103.0,123.0,0.4,0.02,0.01,0.02,0.98,0.33,0.0,1.0,78158.0
0.0,1.0,46.0,5.0,0.0,0.0,0.0,0.0,0.0,0.0,0.0,0.0,0.0,32.0,1.0,1.0,0.0,0.0,0.31,0.12,0.0,255.0,10.0,0.04,0.08,0.0,0.0,1.0,1.0,0.0,1.0,124331.0
0.0,1.0,22.0,5.0,0.0,0.0,0.0,0.0,0.0,0.0,0.0,0.0,0.0,37.0,1.0,1.0,0.0,0.0,0.41,0.11,0.0,255.0,55.0,0.22,0.02,0.01,0.0,1.0,1.0,0.0,1.0,112706.0
0.0,1.0,46.0,1.0,0.0,0.0,0.0,0.0,0.0,0.0,0.0,0.0,0.0,139.0,0.0,0.0,1.0,1.0,0.06,0.06,0.0,255.0,3.0,0.01,0.06,0.0,0.0,0.0,0.0,1.0,1.0,30306.0
0.0,2.0,11.0,9.0,33.0,0.0,0.0,0.0,0.0,0.0,0.0,0.0,0.0,1.0,0.0,0.0,0.0,0.0,1.0,0.0,1.0,133.0,13.0,0.1,0.05,0.1,0.0,0.0,0.0,0.0,0.0,106102.0
0.0,1.0,3.0,5.0,0.0,0.0,0.0,0.0,0.0,0.0,0.0,0.0,0.0,108.0,1.0,1.0,0.0,0.0,0.07,0.06,0.0,255.0,8.0,0.03,0.07,0.0,0.0,1.0,1.0,0.0,1.0,58900.0
0.0,1.0,19.0,9.0,12.0,0.0,0.0,0.0,1.0,0.0,0.0,0.0,0.0,1.0,0.0,0.0,0.0,0.0,1.0,0.0,0.0,168.0,35.0,0.21,0.03,0.21,0.0,0.0,0.0,0.0,0.0,115903.0
0.0,0.0,13.0,9.0,8.0,0.0,0.0,0.0,0.0,0.0,0.0,0.0,0.0,1.0,0.0,0.0,0.0,0.0,1.0,0.0,1.0,4.0,41.0,1.0,0.0,1.0,0.27,0.0,0.0,0.0,1.0,12107.0
0.0,1.0,22.0,1.0,0.0,0.0,0.0,0.0,0.0,0.0,0.0,0.0,0.0,1.0,0.0,0.0,1.0,1.0,1.0,0.0,1.0,84.0,255.0,1.0,0.0,0.01,0.13,0.0,0.01,0.99,0.0,96480.0
0.0,1.0,46.0,5.0,0.0,0.0,0.0,0.0,0.0,0.0,0.0,0.0,0.0,114.0,1.0,1.0,0.0,0.0,0.02,0.08,0.0,255.0,2.0,0.01,0.07,0.0,0.0,1.0,1.0,0.0,1.0,57053.0
0.0,0.0,14.0,9.0,30.0,0.0,0.0,0.0,0.0,0.0,0.0,0.0,0.0,2.0,0.0,0.0,0.0,0.0,1.0,0.0,0.0,184.0,184.0,1.0,0.0,1.0,0.0,0.0,0.0,0.0,0.0,124031.0
0.0,1.0,34.0,5.0,0.0,0.0,0.0,0.0,0.0,0.0,0.0,0.0,0.0,53.0,1.0,1.0,0.0,0.0,0.19,0.11,0.0,255.0,10.0,0.04,0.07,0.0,0.0,1.0,1.0,0.0,1.0,58349.0
0.0,1.0,5.0,5.0,0.0,0.0,0.0,0.0,0.0,0.0,0.0,0.0,0.0,122.0,1.0,1.0,0.0,0.0,0.08,0.07,0.0,255.0,10.0,0.04,0.07,0.0,0.0,1.0,1.0,0.0,1.0,42461.0
0.0,1.0,25.0,1.0,0.0,0.0,0.0,0.0,0.0,0.0,0.0,0.0,0.0,250.0,0.0,0.0,1.0,1.0,0.01,0.06,0.0,255.0,2.0,0.01,0.07,0.0,0.0,0.0,0.0,1.0,1.0,54837.0
0.0,1.0,63.0,1.0,0.0,0.0,0.0,0.0,0.0,0.0,0.0,0.0,0.0,231.0,0.0,0.0,1.0,1.0,0.02,0.06,0.0,255.0,5.0,0.02,0.07,0.0,0.0,0.0,0.0,1.0,1.0,3762.0
0.0,0.0,13.0,9.0,30.0,0.0,0.0,0.0,0.0,0.0,0.0,0.0,0.0,2.0,0.0,0.0,0.0,0.0,0.5,1.0,0.0,255.0,5.0,0.02,0.01,0.16,0.0,0.0,0.0,0.0,0.0,61998.0
0.0,1.0,46.0,5.0,0.0,0.0,0.0,0.0,0.0,0.0,0.0,0.0,0.0,115.0,1.0,1.0,0.0,0.0,0.1,0.06,0.0,255.0,7.0,0.03,0.07,0.0,0.0,1.0,1.0,0.0,1.0,98299.0
0.0,1.0,19.0,9.0,334.0,0.0,0.0,0.0,1.0,0.0,0.0,0.0,0.0,1.0,0.0,0.0,0.0,0.0,1.0,0.0,0.0,11.0,11.0,1.0,0.0,1.0,0.0,0.0,0.0,0.0,1.0,12259.0
0.0,1.0,5.0,5.0,0.0,0.0,0.0,0.0,0.0,0.0,0.0,0.0,0.0,142.0,1.0,1.0,0.0,0.0,0.13,0.06,0.0,255.0,3.0,0.01,0.06,0.0,0.0,1.0,1.0,0.0,1.0,98609.0
0.0,1.0,20.0,1.0,0.0,0.0,0.0,0.0,0.0,0.0,0.0,0.0,0.0,242.0,0.0,0.0,1.0,1.0,0.01,0.07,0.0,255.0,3.0,0.01,0.08,0.0,0.0,0.0,0.0,1.0,1.0,30312.0
0.0,1.0,17.0,9.0,8.0,141.0,0.0,0.0,0.0,0.0,0.0,0.0,0.0,1.0,0.0,0.0,0.0,0.0,1.0,0.0,0.0,255.0,4.0,0.02,0.34,0.0,0.0,0.0,0.0,0.0,0.0,38598.0
0.0,1.0,29.0,5.0,0.0,0.0,0.0,0.0,0.0,0.0,0.0,0.0,0.0,242.0,1.0,1.0,0.0,0.0,0.07,0.05,0.0,255.0,16.0,0.06,0.06,0.0,0.0,1.0,1.0,0.0,1.0,118666.0
0.0,1.0,46.0,5.0,0.0,0.0,0.0,0.0,0.0,0.0,0.0,0.0,0.0,299.0,1.0,1.0,0.0,0.0,0.04,0.05,0.0,255.0,8.0,0.03,0.07,0.0,0.0,1.0,1.0,0.0,1.0,8431.0
0.0,1.0,46.0,5.0,0.0,0.0,0.0,0.0,0.0,0.0,0.0,0.0,0.0,150.0,1.0,1.0,0.0,0.0,0.11,0.05,0.0,255.0,18.0,0.07,0.05,0.0,0.0,1.0,1.0,0.0,1.0,35875.0
0.0,0.0,13.0,9.0,8.0,0.0,0.0,0.0,0.0,0.0,0.0,0.0,0.0,1.0,0.0,0.0,0.0,0.0,1.0,0.0,1.0,2.0,22.0,1.0,0.0,1.0,0.5,0.0,0.0,0.0,1.0,125661.0
0.0,1.0,46.0,1.0,0.0,0.0,0.0,0.0,0.0,0.0,0.0,0.0,0.0,59.0,0.0,0.0,1.0,1.0,0.14,0.07,0.0,255.0,8.0,0.03,0.07,0.0,0.0,0.0,0.0,1.0,1.0,9253.0
0.0,0.0,14.0,9.0,1032.0,0.0,0.0,0.0,0.0,0.0,0.0,0.0,0.0,399.0,0.0,0.0,0.0,0.0,1.0,0.0,0.0,255.0,255.0,1.0,0.0,1.0,0.0,0.0,0.0,0.0,1.0,81273.0
0.0,1.0,3.0,1.0,0.0,0.0,0.0,0.0,0.0,0.0,0.0,0.0,0.0,268.0,0.0,0.0,1.0,1.0,0.04,0.06,0.0,255.0,10.0,0.04,0.07,0.0,0.0,0.0,0.0,1.0,1.0,123338.0
0.0,1.0,46.0,5.0,0.0,0.0,0.0,0.0,0.0,0.0,0.0,0.0,0.0,135.0,1.0,1.0,0.0,0.0,0.14,0.06,0.0,255.0,14.0,0.05,0.07,0.0,0.0,1.0,1.0,0.0,1.0,13209.0
0.0,0.0,14.0,9.0,520.0,0.0,0.0,0.0,0.0,0.0,0.0,0.0,0.0,478.0,0.0,0.0,0.0,0.0,1.0,0.0,0.0,97.0,97.0,1.0,0.0,1.0,0.0,0.0,0.0,0.0,1.0,65676.0
0.0,1.0,29.0,4.0,0.0,0.0,0.0,0.0,0.0,0.0,0.0,0.0,0.0,1.0,0.0,0.0,1.0,1.0,1.0,0.0,0.0,255.0,1.0,0.0,1.0,1.0,0.0,0.0,0.0,1.0,1.0,19706.0
0.0,1.0,46.0,5.0,0.0,0.0,0.0,0.0,0.0,0.0,0.0,0.0,0.0,137.0,1.0,1.0,0.0,0.0,0.15,0.06,0.0,138.0,20.0,0.14,0.07,0.01,0.0,1.0,1.0,0.0,1.0,52524.0
0.0,1.0,59.0,5.0,0.0,0.0,0.0,0.0,0.0,0.0,0.0,0.0,0.0,288.0,1.0,1.0,0.0,0.0,0.01,0.06,0.0,255.0,4.0,0.02,0.06,0.0,0.0,1.0,1.0,0.0,1.0,57769.0
0.0,1.0,41.0,1.0,0.0,0.0,0.0,0.0,0.0,0.0,0.0,0.0,0.0,344.0,0.06,0.0,0.9,1.0,0.0,1.0,0.0,255.0,1.0,0.0,1.0,0.0,0.0,0.08,0.0,1.0,1.0,49467.0
0.0,1.0,19.0,5.0,0.0,0.0,0.0,0.0,0.0,0.0,0.0,0.0,0.0,81.0,0.99,1.0,0.01,0.0,0.25,0.06,0.0,255.0,38.0,0.15,0.05,0.0,0.0,1.0,1.0,0.0,1.0,56276.0
0.0,1.0,23.0,5.0,0.0,0.0,0.0,0.0,0.0,0.0,0.0,0.0,0.0,131.0,1.0,1.0,0.0,0.0,0.02,0.06,0.0,255.0,3.0,0.01,0.06,0.0,0.0,1.0,1.0,0.0,1.0,75458.0
0.0,0.0,13.0,9.0,18.0,0.0,0.0,0.0,0.0,0.0,0.0,0.0,0.0,1.0,0.0,0.0,0.0,0.0,1.0,0.0,0.0,1.0,185.0,1.0,0.0,1.0,1.0,0.0,0.0,0.0,1.0,11089.0
0.0,1.0,12.0,5.0,0.0,0.0,0.0,0.0,0.0,0.0,0.0,0.0,0.0,226.0,1.0,1.0,0.0,0.0,0.0,0.07,0.0,255.0,1.0,0.0,0.07,0.0,0.0,1.0,1.0,0.0,1.0,31717.0
0.0,1.0,19.0,5.0,0.0,0.0,0.0,0.0,0.0,0.0,0.0,0.0,0.0,25.0,0.96,1.0,0.04,0.0,0.24,0.2,0.0,255.0,48.0,0.19,0.04,0.0,0.0,1.0,1.0,0.0,1.0,23611.0
0.0,1.0,5.0,5.0,0.0,0.0,0.0,0.0,0.0,0.0,0.0,0.0,0.0,111.0,1.0,1.0,0.0,0.0,0.09,0.06,0.0,255.0,10.0,0.04,0.05,0.0,0.0,1.0,1.0,0.0,1.0,10195.0
0.0,1.0,46.0,5.0,0.0,0.0,0.0,0.0,0.0,0.0,0.0,0.0,0.0,148.0,1.0,1.0,0.0,0.0,0.1,0.05,0.0,255.0,16.0,0.06,0.07,0.0,0.0,1.0,1.0,0.0,1.0,55159.0
9761.0,1.0,41.0,4.0,1.0,0.0,0.0,0.0,0.0,0.0,0.0,0.0,0.0,2.0,0.0,0.0,1.0,1.0,1.0,0.0,0.0,255.0,2.0,0.01,0.74,1.0,0.0,0.0,0.0,1.0,1.0,101059.0
0.0,1.0,64.0,1.0,0.0,0.0,0.0,0.0,0.0,0.0,0.0,0.0,0.0,181.0,0.0,0.0,1.0,1.0,0.03,0.07,0.0,255.0,5.0,0.02,0.08,0.0,0.0,0.0,0.0,1.0,1.0,55108.0
0.0,1.0,39.0,5.0,0.0,0.0,0.0,0.0,0.0,0.0,0.0,0.0,0.0,282.0,1.0,1.0,0.0,0.0,0.06,0.06,0.0,255.0,4.0,0.02,0.07,0.0,0.0,1.0,1.0,0.0,1.0,119777.0
0.0,1.0,3.0,5.0,0.0,0.0,0.0,0.0,0.0,0.0,0.0,0.0,0.0,245.0,1.0,1.0,0.0,0.0,0.06,0.06,0.0,255.0,9.0,0.04,0.07,0.0,0.0,1.0,1.0,0.0,1.0,27820.0
0.0,1.0,19.0,9.0,334.0,0.0,0.0,0.0,1.0,0.0,0.0,0.0,0.0,1.0,0.0,0.0,0.0,0.0,1.0,0.0,0.0,9.0,38.0,0.78,0.22,0.78,0.13,0.0,0.0,0.0,1.0,65396.0
0.0,1.0,52.0,5.0,0.0,0.0,0.0,0.0,0.0,0.0,0.0,0.0,0.0,115.0,1.0,1.0,0.0,0.0,0.08,0.07,0.0,255.0,9.0,0.04,0.09,0.0,0.0,1.0,1.0,0.0,1.0,69563.0
0.0,1.0,38.0,5.0,0.0,0.0,0.0,0.0,0.0,0.0,0.0,0.0,0.0,104.0,1.0,1.0,0.0,0.0,0.07,0.06,0.0,255.0,20.0,0.08,0.06,0.0,0.0,1.0,1.0,0.0,1.0,32440.0
0.0,1.0,46.0,5.0,0.0,0.0,0.0,0.0,0.0,0.0,0.0,0.0,0.0,190.0,1.0,1.0,0.0,0.0,0.03,0.07,0.0,255.0,6.0,0.02,0.06,0.0,0.0,1.0,1.0,0.0,1.0,39242.0
0.0,1.0,46.0,5.0,0.0,0.0,0.0,0.0,0.0,0.0,0.0,0.0,0.0,208.0,1.0,1.0,0.0,0.0,0.04,0.06,0.0,255.0,5.0,0.02,0.09,0.0,0.0,1.0,1.0,0.0,1.0,124144.0
0.0,1.0,17.0,5.0,0.0,0.0,0.0,0.0,0.0,0.0,0.0,0.0,0.0,17.0,1.0,1.0,0.0,0.0,1.0,0.0,0.0,77.0,23.0,0.22,0.05,0.01,0.09,1.0,0.74,0.0,1.0,23194.0
0.0,0.0,13.0,9.0,8.0,0.0,0.0,0.0,0.0,0.0,0.0,0.0,0.0,1.0,0.0,0.0,0.0,0.0,1.0,0.0,1.0,2.0,6.0,1.0,0.0,1.0,0.5,0.0,0.0,0.0,1.0,53523.0
0.0,1.0,35.0,5.0,0.0,0.0,0.0,0.0,0.0,0.0,0.0,0.0,0.0,227.0,1.0,1.0,0.0,0.0,0.06,0.06,0.0,255.0,7.0,0.03,0.07,0.0,0.0,1.0,1.0,0.0,1.0,56317.0
0.0,1.0,22.0,1.0,0.0,0.0,0.0,0.0,0.0,0.0,0.0,0.0,0.0,1.0,0.0,0.0,1.0,1.0,1.0,0.0,0.0,244.0,204.0,0.84,0.01,0.0,0.0,0.0,0.0,1.0,0.0,120887.0
0.0,1.0,5.0,5.0,0.0,0.0,0.0,0.0,0.0,0.0,0.0,0.0,0.0,22.0,1.0,1.0,0.0,0.0,0.32,0.14,0.0,255.0,7.0,0.03,0.07,0.0,0.0,1.0,1.0,0.0,1.0,30057.0
0.0,2.0,11.0,9.0,45.0,71.0,0.0,0.0,0.0,0.0,0.0,0.0,0.0,154.0,0.0,0.0,0.0,0.0,1.0,0.0,0.0,255.0,190.0,0.75,0.01,0.0,0.0,0.0,0.0,0.0,0.0,44166.0
0.0,1.0,46.0,5.0,0.0,0.0,0.0,0.0,0.0,0.0,0.0,0.0,0.0,218.0,1.0,1.0,0.0,0.0,0.02,0.06,0.0,255.0,2.0,0.01,0.06,0.0,0.0,1.0,1.0,0.0,1.0,21214.0
0.0,0.0,14.0,9.0,1032.0,0.0,0.0,0.0,0.0,0.0,0.0,0.0,0.0,436.0,0.0,0.0,0.0,0.0,1.0,0.0,0.0,255.0,255.0,1.0,0.0,1.0,0.0,0.0,0.0,0.0,1.0,81742.0
0.0,2.0,11.0,9.0,43.0,69.0,0.0,0.0,0.0,0.0,0.0,0.0,0.0,150.0,0.0,0.0,0.0,0.0,0.99,0.01,0.0,255.0,254.0,1.0,0.01,0.01,0.0,0.0,0.0,0.0,0.0,109193.0
0.0,1.0,17.0,5.0,0.0,0.0,0.0,0.0,0.0,0.0,0.0,0.0,0.0,213.0,1.0,1.0,0.0,0.0,0.0,0.07,0.0,255.0,1.0,0.0,0.07,0.0,0.0,1.0,1.0,0.0,1.0,92360.0
0.0,1.0,53.0,5.0,0.0,0.0,0.0,0.0,0.0,0.0,0.0,0.0,0.0,233.0,1.0,1.0,0.0,0.0,0.1,0.05,0.0,255.0,23.0,0.09,0.05,0.0,0.0,1.0,1.0,0.0,1.0,61661.0
0.0,1.0,19.0,9.0,59.0,0.0,0.0,0.0,1.0,0.0,0.0,0.0,0.0,3.0,0.0,0.0,0.0,0.0,1.0,0.0,0.0,11.0,85.0,0.82,0.27,0.82,0.02,0.0,0.0,0.0,0.0,6919.0
0.0,1.0,46.0,4.0,0.0,0.0,0.0,0.0,0.0,0.0,0.0,0.0,0.0,1.0,0.0,0.0,1.0,1.0,1.0,0.0,0.0,203.0,1.0,0.0,0.2,0.17,0.0,0.0,0.0,1.0,1.0,55043.0
0.0,1.0,64.0,5.0,0.0,0.0,0.0,0.0,0.0,0.0,0.0,0.0,0.0,260.0,1.0,1.0,0.0,0.0,0.03,0.07,0.0,255.0,8.0,0.03,0.07,0.0,0.0,1.0,1.0,0.0,1.0,83979.0
0.0,1.0,46.0,1.0,0.0,0.0,0.0,0.0,0.0,0.0,0.0,0.0,0.0,164.0,0.0,0.0,1.0,1.0,0.02,0.07,0.0,255.0,4.0,0.02,0.06,0.0,0.0,0.0,0.0,1.0,1.0,101854.0
0.0,1.0,46.0,5.0,0.0,0.0,0.0,0.0,0.0,0.0,0.0,0.0,0.0,133.0,1.0,1.0,0.0,0.0,0.09,0.06,0.0,241.0,8.0,0.03,0.08,0.0,0.0,1.0,1.0,0.0,1.0,122200.0
38635.0,1.0,46.0,4.0,1.0,0.0,0.0,0.0,0.0,0.0,0.0,0.0,0.0,2.0,0.0,0.0,1.0,1.0,1.0,0.0,0.0,255.0,2.0,0.01,0.51,1.0,0.0,0.0,0.0,1.0,1.0,91128.0
0.0,1.0,7.0,5.0,0.0,0.0,0.0,0.0,0.0,0.0,0.0,0.0,0.0,253.0,1.0,1.0,0.0,0.0,0.01,0.06,0.0,255.0,3.0,0.01,0.07,0.0,0.0,1.0,1.0,0.0,1.0,69919.0
0.0,1.0,46.0,5.0,0.0,0.0,0.0,0.0,0.0,0.0,0.0,0.0,0.0,249.0,1.0,1.0,0.0,0.0,0.06,0.06,0.0,255.0,4.0,0.02,0.09,0.0,0.0,1.0,1.0,0.0,1.0,123319.0
0.0,1.0,19.0,5.0,0.0,0.0,0.0,0.0,0.0,0.0,0.0,0.0,0.0,145.0,1.0,1.0,0.0,0.0,0.06,0.06,0.0,255.0,9.0,0.04,0.07,0.0,0.0,1.0,1.0,0.0,1.0,125778.0
0.0,1.0,46.0,5.0,0.0,0.0,0.0,0.0,0.0,0.0,0.0,0.0,0.0,171.0,1.0,1.0,0.0,0.0,0.06,0.06,0.0,255.0,20.0,0.08,0.06,0.0,0.0,1.0,1.0,0.0,1.0,73300.0
0.0,1.0,46.0,5.0,0.0,0.0,0.0,0.0,0.0,0.0,0.0,0.0,0.0,221.0,1.0,1.0,0.0,0.0,0.01,0.07,0.0,255.0,3.0,0.01,0.06,0.0,0.0,1.0,1.0,0.0,1.0,5915.0
0.0,1.0,46.0,1.0,0.0,0.0,0.0,0.0,0.0,0.0,0.0,0.0,0.0,79.0,0.0,0.0,1.0,1.0,0.23,0.06,0.0,255.0,8.0,0.03,0.07,0.0,0.0,0.0,0.0,1.0,1.0,54273.0
0.0,1.0,10.0,5.0,0.0,0.0,0.0,0.0,0.0,0.0,0.0,0.0,0.0,267.0,1.0,1.0,0.0,0.0,0.01,0.05,0.0,255.0,3.0,0.01,0.05,0.0,0.0,1.0,1.0,0.0,1.0,24815.0
0.0,1.0,46.0,5.0,0.0,0.0,0.0,0.0,0.0,0.0,0.0,0.0,0.0,218.0,1.0,1.0,0.0,0.0,0.03,0.07,0.0,255.0,6.0,0.02,0.07,0.0,0.0,1.0,1.0,0.0,1.0,72620.0
0.0,1.0,65.0,5.0,0.0,0.0,0.0,0.0,0.0,0.0,0.0,0.0,0.0,210.0,1.0,1.0,0.0,0.0,0.05,0.07,0.0,255.0,11.0,0.04,0.07,0.0,0.0,1.0,1.0,0.0,1.0,6499.0
0.0,1.0,56.0,5.0,0.0,0.0,0.0,0.0,0.0,0.0,0.0,0.0,0.0,284.0,1.0,1.0,0.0,0.0,0.01,0.06,0.0,255.0,2.0,0.01,0.04,0.0,0.0,1.0,1.0,0.0,1.0,115434.0
0.0,1.0,33.0,5.0,0.0,0.0,0.0,0.0,0.0,0.0,0.0,0.0,0.0,254.0,1.0,1.0,0.0,0.0,0.0,0.07,0.0,255.0,1.0,0.0,0.07,0.0,0.0,1.0,1.0,0.0,1.0,105802.0
0.0,1.0,37.0,5.0,0.0,0.0,0.0,0.0,0.0,0.0,0.0,0.0,0.0,206.0,1.0,1.0,0.0,0.0,0.02,0.07,0.0,255.0,14.0,0.05,0.08,0.0,0.0,1.0,1.0,0.0,1.0,52485.0
0.0,1.0,46.0,5.0,0.0,0.0,0.0,0.0,0.0,0.0,0.0,0.0,0.0,132.0,1.0,1.0,0.0,0.0,0.15,0.06,0.0,255.0,5.0,0.02,0.08,0.0,0.0,1.0,1.0,0.0,1.0,67013.0
0.0,1.0,57.0,5.0,0.0,0.0,0.0,0.0,0.0,0.0,0.0,0.0,0.0,54.0,1.0,1.0,0.0,0.0,0.24,0.07,0.0,255.0,47.0,0.18,0.05,0.0,0.0,1.0,1.0,0.0,1.0,63123.0
0.0,0.0,13.0,9.0,8.0,0.0,0.0,0.0,0.0,0.0,0.0,0.0,0.0,1.0,0.0,0.0,0.0,0.0,1.0,0.0,1.0,1.0,149.0,1.0,0.0,1.0,0.26,0.0,0.0,0.0,1.0,114740.0
0.0,1.0,28.0,5.0,0.0,0.0,0.0,0.0,0.0,0.0,0.0,0.0,0.0,31.0,1.0,1.0,0.0,0.0,0.48,0.1,0.0,255.0,15.0,0.06,0.07,0.0,0.0,1.0,1.0,0.0,1.0,16695.0
0.0,0.0,14.0,9.0,1032.0,0.0,0.0,0.0,0.0,0.0,0.0,0.0,0.0,511.0,0.0,0.0,0.0,0.0,1.0,0.0,0.0,255.0,130.0,0.51,0.17,0.51,0.0,0.0,0.0,0.0,1.0,46423.0
0.0,1.0,17.0,5.0,0.0,0.0,0.0,0.0,0.0,0.0,0.0,0.0,0.0,146.0,1.0,1.0,0.0,0.0,0.16,0.05,0.0,255.0,11.0,0.04,0.05,0.0,0.0,1.0,1.0,0.0,1.0,41460.0
0.0,0.0,14.0,9.0,1032.0,0.0,0.0,0.0,0.0,0.0,0.0,0.0,0.0,155.0,0.0,0.0,0.0,0.0,1.0,0.0,0.0,255.0,155.0,0.61,0.01,0.61,0.0,0.0,0.0,0.0,1.0,79230.0
0.0,1.0,65.0,5.0,0.0,0.0,0.0,0.0,0.0,0.0,0.0,0.0,0.0,180.0,1.0,1.0,0.0,0.0,0.06,0.06,0.0,255.0,12.0,0.05,0.06,0.0,0.0,1.0,1.0,0.0,1.0,32361.0
0.0,1.0,35.0,5.0,0.0,0.0,0.0,0.0,0.0,0.0,0.0,0.0,0.0,92.0,1.0,1.0,0.0,0.0,0.01,0.07,0.0,255.0,1.0,0.0,0.05,0.0,0.0,1.0,1.0,0.0,1.0,9130.0
0.0,0.0,13.0,9.0,18.0,0.0,0.0,0.0,0.0,0.0,0.0,0.0,0.0,1.0,0.0,0.0,0.0,0.0,1.0,0.0,0.0,2.0,122.0,1.0,0.0,1.0,0.25,0.0,0.0,0.0,1.0,41838.0
0.0,1.0,12.0,2.0,0.0,0.0,0.0,0.0,0.0,0.0,0.0,0.0,0.0,254.0,0.0,0.0,1.0,1.0,0.01,0.07,0.0,255.0,2.0,0.01,0.09,0.0,0.0,0.0,0.0,1.0,1.0,103803.0
0.0,1.0,33.0,5.0,0.0,0.0,0.0,0.0,0.0,0.0,0.0,0.0,0.0,213.0,1.0,1.0,0.0,0.0,0.03,0.07,0.0,255.0,18.0,0.07,0.08,0.0,0.0,1.0,1.0,0.0,1.0,104319.0
0.0,1.0,22.0,1.0,0.0,0.0,0.0,0.0,0.0,0.0,0.0,0.0,0.0,1.0,0.0,0.0,1.0,1.0,1.0,0.0,0.0,156.0,128.0,0.82,0.01,0.01,0.0,0.0,0.0,1.0,0.0,122146.0
0.0,1.0,19.0,9.0,334.0,0.0,0.0,0.0,1.0,0.0,0.0,0.0,0.0,1.0,0.0,0.0,0.0,0.0,1.0,0.0,0.0,5.0,25.0,1.0,0.0,1.0,0.2,0.0,0.0,0.0,1.0,7139.0
0.0,1.0,22.0,9.0,205.0,188.0,0.0,0.0,1.0,0.0,0.0,0.0,0.0,13.0,0.0,0.0,0.0,0.0,1.0,0.0,0.11,255.0,255.0,1.0,0.0,0.0,0.0,0.0,0.0,0.0,0.0,81946.0
0.0,1.0,46.0,5.0,0.0,0.0,0.0,0.0,0.0,0.0,0.0,0.0,0.0,132.0,1.0,1.0,0.0,0.0,0.17,0.05,0.0,255.0,3.0,0.01,0.05,0.0,0.0,1.0,1.0,0.0,1.0,105887.0
2311.0,2.0,41.0,9.0,147.0,105.0,0.0,0.0,0.0,0.0,0.0,0.0,0.0,7.0,0.0,0.0,0.0,0.0,0.14,0.57,0.0,255.0,3.0,0.01,0.36,0.78,0.0,0.0,0.0,0.0,0.0,39666.0
0.0,1.0,22.0,5.0,0.0,0.0,0.0,0.0,0.0,0.0,0.0,0.0,0.0,50.0,1.0,1.0,0.0,0.0,0.34,0.08,0.0,255.0,63.0,0.25,0.02,0.0,0.0,1.0,1.0,0.0,1.0,108031.0
0.0,1.0,22.0,1.0,0.0,0.0,0.0,0.0,0.0,0.0,0.0,0.0,0.0,1.0,0.0,0.0,1.0,1.0,1.0,0.0,0.0,104.0,249.0,1.0,0.0,0.01,0.12,0.0,0.0,0.95,0.0,32995.0
0.0,0.0,13.0,9.0,8.0,0.0,0.0,0.0,0.0,0.0,0.0,0.0,0.0,1.0,0.0,0.0,0.0,0.0,1.0,0.0,1.0,1.0,129.0,1.0,0.0,1.0,0.51,0.0,0.0,0.0,1.0,123653.0
0.0,2.0,11.0,9.0,46.0,46.0,0.0,0.0,0.0,0.0,0.0,0.0,0.0,128.0,0.0,0.0,0.0,0.0,1.0,0.0,0.02,248.0,183.0,0.74,0.02,0.01,0.0,0.0,0.0,0.0,0.0,123522.0
0.0,1.0,19.0,1.0,0.0,0.0,0.0,0.0,0.0,0.0,0.0,0.0,0.0,259.0,0.0,0.0,1.0,1.0,0.01,0.07,0.0,255.0,3.0,0.01,0.07,0.0,0.0,0.0,0.0,1.0,1.0,47025.0
0.0,2.0,11.0,9.0,45.0,147.0,0.0,0.0,0.0,0.0,0.0,0.0,0.0,119.0,0.0,0.0,0.0,0.0,1.0,0.0,0.01,255.0,255.0,1.0,0.0,0.0,0.0,0.0,0.0,0.0,0.0,11192.0
0.0,1.0,22.0,1.0,0.0,0.0,0.0,0.0,0.0,0.0,0.0,0.0,0.0,1.0,0.0,0.0,1.0,1.0,1.0,0.0,0.0,19.0,255.0,1.0,0.0,0.05,0.15,0.0,0.0,0.92,0.0,95252.0
0.0,2.0,46.0,9.0,1.0,0.0,0.0,0.0,0.0,0.0,0.0,0.0,0.0,10.0,0.0,0.0,0.0,0.0,1.0,0.0,0.0,255.0,10.0,0.04,0.52,0.53,0.0,0.03,0.0,0.0,1.0,117574.0
0.0,1.0,46.0,5.0,0.0,0.0,0.0,0.0,0.0,0.0,0.0,0.0,0.0,262.0,1.0,1.0,0.0,0.0,0.03,0.06,0.0,255.0,14.0,0.05,0.06,0.0,0.0,1.0,1.0,0.0,1.0,95643.0
0.0,0.0,13.0,9.0,8.0,0.0,0.0,0.0,0.0,0.0,0.0,0.0,0.0,1.0,0.0,0.0,0.0,0.0,1.0,0.0,1.0,1.0,129.0,1.0,0.0,1.0,0.51,0.0,0.0,0.0,1.0,33528.0
0.0,0.0,14.0,9.0,1032.0,0.0,0.0,0.0,0.0,0.0,0.0,0.0,0.0,397.0,0.0,0.0,0.0,0.0,1.0,0.0,0.0,255.0,196.0,0.77,0.02,0.77,0.0,0.0,0.0,0.0,1.0,26466.0
0.0,0.0,14.0,9.0,520.0,0.0,0.0,0.0,0.0,0.0,0.0,0.0,0.0,486.0,0.0,0.0,0.0,0.0,1.0,0.0,0.0,98.0,98.0,1.0,0.0,1.0,0.0,0.0,0.0,0.0,1.0,117290.0
0.0,1.0,46.0,4.0,0.0,0.0,0.0,0.0,0.0,0.0,0.0,0.0,0.0,1.0,0.0,0.0,1.0,1.0,1.0,0.0,0.0,121.0,1.0,0.01,0.03,0.01,0.0,0.0,0.0,1.0,1.0,54751.0
0.0,1.0,46.0,1.0,0.0,0.0,0.0,0.0,0.0,0.0,0.0,0.0,0.0,174.0,0.0,0.0,1.0,1.0,0.03,0.07,0.0,255.0,6.0,0.02,0.08,0.0,0.0,0.0,0.0,1.0,1.0,35524.0
0.0,1.0,57.0,5.0,0.0,0.0,0.0,0.0,0.0,0.0,0.0,0.0,0.0,296.0,1.0,1.0,0.0,0.0,0.04,0.05,0.0,255.0,17.0,0.07,0.07,0.0,0.0,1.0,1.0,0.0,1.0,8133.0
0.0,0.0,13.0,9.0,8.0,0.0,0.0,0.0,0.0,0.0,0.0,0.0,0.0,1.0,0.0,0.0,0.0,0.0,1.0,0.0,1.0,1.0,34.0,1.0,0.0,1.0,0.53,0.0,0.0,0.0,1.0,109861.0
0.0,1.0,17.0,5.0,0.0,0.0,0.0,0.0,0.0,0.0,0.0,0.0,0.0,21.0,1.0,1.0,0.0,0.0,0.38,0.19,0.0,255.0,57.0,0.22,0.03,0.01,0.0,1.0,1.0,0.0,1.0,113757.0
0.0,1.0,38.0,5.0,0.0,0.0,0.0,0.0,0.0,0.0,0.0,0.0,0.0,93.0,1.0,1.0,0.0,0.0,0.04,0.08,0.0,200.0,4.0,0.02,0.07,0.0,0.0,1.0,1.0,0.0,1.0,113171.0
0.0,0.0,14.0,9.0,1032.0,0.0,0.0,0.0,0.0,0.0,0.0,0.0,0.0,511.0,0.0,0.0,0.0,0.0,1.0,0.0,0.0,255.0,52.0,0.2,0.02,0.2,0.0,0.02,0.0,0.0,1.0,17125.0
0.0,0.0,13.0,9.0,8.0,0.0,0.0,0.0,0.0,0.0,0.0,0.0,0.0,1.0,0.0,0.0,0.0,0.0,1.0,0.0,1.0,2.0,146.0,1.0,0.0,1.0,0.25,0.0,0.0,0.0,1.0,122050.0
0.0,0.0,14.0,9.0,520.0,0.0,0.0,0.0,0.0,0.0,0.0,0.0,0.0,446.0,0.0,0.0,0.0,0.0,1.0,0.0,0.0,181.0,181.0,1.0,0.0,1.0,0.0,0.0,0.0,0.0,1.0,104254.0
0.0,0.0,13.0,9.0,8.0,0.0,0.0,0.0,0.0,0.0,0.0,0.0,0.0,1.0,0.0,0.0,0.0,0.0,1.0,0.0,1.0,2.0,18.0,1.0,0.0,1.0,0.5,0.0,0.0,0.0,1.0,99643.0
0.0,1.0,46.0,5.0,0.0,0.0,0.0,0.0,0.0,0.0,0.0,0.0,0.0,145.0,1.0,1.0,0.0,0.0,0.11,0.06,0.0,255.0,7.0,0.03,0.08,0.0,0.0,1.0,1.0,0.0,1.0,75939.0
0.0,0.0,13.0,9.0,8.0,0.0,0.0,0.0,0.0,0.0,0.0,0.0,0.0,1.0,0.0,0.0,0.0,0.0,1.0,0.0,1.0,2.0,42.0,1.0,0.0,1.0,0.5,0.0,0.0,0.0,1.0,92120.0
0.0,1.0,59.0,5.0,0.0,0.0,0.0,0.0,0.0,0.0,0.0,0.0,0.0,17.0,1.0,1.0,0.0,0.0,0.53,0.18,0.0,255.0,15.0,0.06,0.07,0.0,0.0,1.0,1.0,0.0,1.0,34550.0
0.0,1.0,46.0,1.0,0.0,0.0,0.0,0.0,0.0,0.0,0.0,0.0,0.0,104.0,0.0,0.0,1.0,1.0,0.13,0.07,0.0,255.0,5.0,0.02,0.08,0.0,0.0,0.0,0.0,1.0,1.0,55593.0
1198.0,2.0,41.0,9.0,147.0,105.0,0.0,0.0,0.0,0.0,0.0,0.0,0.0,6.0,0.0,0.0,0.0,0.0,0.33,0.5,0.0,255.0,2.0,0.01,0.39,0.86,0.0,0.0,0.0,0.0,0.0,13466.0
0.0,0.0,14.0,9.0,1032.0,0.0,0.0,0.0,0.0,0.0,0.0,0.0,0.0,146.0,0.0,0.0,0.0,0.0,1.0,0.0,0.0,255.0,146.0,0.57,0.01,0.57,0.0,0.0,0.0,0.0,1.0,60764.0
0.0,1.0,45.0,5.0,0.0,0.0,0.0,0.0,0.0,0.0,0.0,0.0,0.0,138.0,1.0,1.0,0.0,0.0,0.14,0.05,0.0,255.0,19.0,0.07,0.05,0.0,0.0,1.0,1.0,0.0,1.0,75530.0
0.0,2.0,41.0,9.0,1.0,0.0,0.0,0.0,0.0,0.0,0.0,0.0,0.0,27.0,0.0,0.0,0.0,0.0,0.04,0.3,0.0,255.0,1.0,0.0,0.22,0.66,0.0,0.0,0.0,0.0,1.0,62263.0
2474.0,2.0,41.0,9.0,147.0,105.0,0.0,0.0,0.0,0.0,0.0,0.0,0.0,1.0,0.0,0.0,0.0,0.0,1.0,0.0,0.0,255.0,2.0,0.01,0.71,0.87,0.0,0.0,0.0,0.0,0.0,23744.0
0.0,1.0,19.0,5.0,0.0,0.0,0.0,0.0,0.0,0.0,0.0,0.0,0.0,17.0,1.0,1.0,0.0,0.0,0.29,0.24,0.0,255.0,48.0,0.19,0.05,0.01,0.0,1.0,1.0,0.0,1.0,10923.0
0.0,1.0,2.0,5.0,0.0,0.0,0.0,0.0,0.0,0.0,0.0,0.0,0.0,127.0,1.0,1.0,0.0,0.0,0.16,0.06,0.0,255.0,20.0,0.08,0.07,0.0,0.0,1.0,1.0,0.0,1.0,97650.0
0.0,1.0,57.0,5.0,0.0,0.0,0.0,0.0,0.0,0.0,0.0,0.0,0.0,255.0,1.0,1.0,0.0,0.0,0.08,0.05,0.0,255.0,20.0,0.08,0.05,0.0,0.0,1.0,1.0,0.0,1.0,122679.0
0.0,0.0,13.0,9.0,8.0,0.0,0.0,0.0,0.0,0.0,0.0,0.0,0.0,1.0,0.0,0.0,0.0,0.0,1.0,0.0,1.0,2.0,148.0,1.0,0.0,1.0,0.5,0.0,0.0,0.0,1.0,73858.0
26525.0,2.0,41.0,9.0,146.0,105.0,0.0,0.0,0.0,0.0,0.0,0.0,0.0,1.0,0.0,0.0,0.0,0.0,1.0,0.0,0.0,138.0,1.0,0.01,0.65,0.96,0.0,0.0,0.0,0.0,1.0,15679.0
0.0,1.0,46.0,5.0,0.0,0.0,0.0,0.0,0.0,0.0,0.0,0.0,0.0,154.0,1.0,1.0,0.0,0.0,0.13,0.06,0.0,255.0,1.0,0.0,0.07,0.0,0.0,1.0,1.0,0.0,1.0,93771.0
0.0,0.0,13.0,9.0,8.0,0.0,0.0,0.0,0.0,0.0,0.0,0.0,0.0,1.0,0.0,0.0,0.0,0.0,1.0,0.0,1.0,2.0,25.0,1.0,0.0,1.0,0.52,0.0,0.0,0.0,1.0,22321.0
0.0,1.0,38.0,5.0,0.0,0.0,0.0,0.0,0.0,0.0,0.0,0.0,0.0,124.0,1.0,1.0,0.0,0.0,0.05,0.06,0.0,255.0,6.0,0.02,0.07,0.0,0.0,1.0,1.0,0.0,1.0,21371.0
0.0,1.0,19.0,5.0,0.0,0.0,0.0,0.0,0.0,0.0,0.0,0.0,0.0,16.0,1.0,1.0,0.0,0.0,0.31,0.19,0.0,255.0,5.0,0.02,0.08,0.0,0.0,1.0,1.0,0.0,1.0,55188.0
0.0,1.0,57.0,5.0,0.0,0.0,0.0,0.0,0.0,0.0,0.0,0.0,0.0,13.0,1.0,1.0,0.0,0.0,1.0,0.0,0.0,175.0,95.0,0.54,0.01,0.01,0.0,0.99,0.98,0.0,1.0,64113.0
0.0,1.0,4.0,1.0,0.0,0.0,0.0,0.0,0.0,0.0,0.0,0.0,0.0,234.0,0.0,0.0,1.0,1.0,0.08,0.06,0.0,255.0,18.0,0.07,0.07,0.0,0.0,0.0,0.0,1.0,1.0,66026.0
0.0,1.0,56.0,5.0,0.0,0.0,0.0,0.0,0.0,0.0,0.0,0.0,0.0,120.0,1.0,1.0,0.0,0.0,0.12,0.06,0.0,255.0,8.0,0.03,0.07,0.0,0.0,1.0,1.0,0.0,1.0,17259.0
0.0,0.0,13.0,9.0,8.0,0.0,0.0,0.0,0.0,0.0,0.0,0.0,0.0,1.0,0.0,0.0,0.0,0.0,1.0,0.0,1.0,4.0,228.0,1.0,0.0,1.0,0.25,0.0,0.0,0.0,1.0,20714.0
0.0,0.0,13.0,9.0,8.0,0.0,0.0,0.0,0.0,0.0,0.0,0.0,0.0,1.0,0.0,0.0,0.0,0.0,1.0,0.0,1.0,2.0,166.0,1.0,0.0,1.0,0.25,0.0,0.0,0.0,1.0,109540.0
0.0,1.0,17.0,5.0,0.0,0.0,0.0,0.0,0.0,0.0,0.0,0.0,0.0,45.0,1.0,1.0,0.0,0.0,0.24,0.09,0.0,255.0,61.0,0.24,0.02,0.02,0.0,1.0,1.0,0.0,1.0,60287.0
0.0,1.0,46.0,5.0,0.0,0.0,0.0,0.0,0.0,0.0,0.0,0.0,0.0,119.0,1.0,1.0,0.0,0.0,0.09,0.06,0.0,255.0,4.0,0.02,0.08,0.0,0.0,1.0,1.0,0.0,1.0,105870.0
0.0,1.0,22.0,5.0,0.0,0.0,0.0,0.0,0.0,0.0,0.0,0.0,0.0,32.0,0.97,1.0,0.03,0.0,0.25,0.16,0.0,255.0,33.0,0.13,0.04,0.01,0.0,1.0,1.0,0.0,1.0,10120.0
0.0,1.0,6.0,5.0,0.0,0.0,0.0,0.0,0.0,0.0,0.0,0.0,0.0,248.0,1.0,1.0,0.0,0.0,0.09,0.05,0.0,255.0,22.0,0.09,0.06,0.0,0.0,1.0,1.0,0.0,1.0,106252.0
0.0,1.0,34.0,5.0,0.0,0.0,0.0,0.0,0.0,0.0,0.0,0.0,0.0,239.0,1.0,1.0,0.0,0.0,0.01,0.07,0.0,255.0,3.0,0.01,0.07,0.0,0.0,1.0,1.0,0.0,1.0,89284.0
0.0,1.0,57.0,5.0,0.0,0.0,0.0,0.0,0.0,0.0,0.0,0.0,0.0,231.0,1.0,1.0,0.0,0.0,0.06,0.06,0.0,255.0,15.0,0.06,0.07,0.0,0.0,1.0,1.0,0.0,1.0,35431.0
0.0,2.0,11.0,9.0,44.0,137.0,0.0,0.0,0.0,0.0,0.0,0.0,0.0,124.0,0.0,0.0,0.0,0.0,1.0,0.0,0.02,255.0,255.0,1.0,0.0,0.0,0.0,0.0,0.0,0.0,0.0,64958.0
0.0,1.0,46.0,5.0,0.0,0.0,0.0,0.0,0.0,0.0,0.0,0.0,0.0,299.0,1.0,1.0,0.0,0.0,0.05,0.05,0.0,255.0,1.0,0.0,0.08,0.0,0.0,1.0,1.0,0.0,1.0,63372.0
0.0,1.0,19.0,9.0,334.0,0.0,0.0,0.0,1.0,0.0,0.0,0.0,0.0,1.0,0.0,0.0,0.0,0.0,1.0,0.0,0.0,1.0,43.0,1.0,0.0,1.0,0.16,0.0,0.0,0.0,1.0,34980.0
0.0,1.0,27.0,1.0,0.0,0.0,0.0,0.0,0.0,0.0,0.0,0.0,0.0,1.0,0.0,0.0,1.0,1.0,1.0,0.0,0.0,255.0,1.0,0.0,1.0,1.0,0.0,0.0,0.0,1.0,1.0,55522.0
0.0,1.0,46.0,5.0,0.0,0.0,0.0,0.0,0.0,0.0,0.0,0.0,0.0,121.0,1.0,1.0,0.0,0.0,0.05,0.07,0.0,255.0,15.0,0.06,0.09,0.0,0.0,1.0,1.0,0.0,1.0,57779.0
0.0,1.0,8.0,5.0,0.0,0.0,0.0,0.0,0.0,0.0,0.0,0.0,0.0,212.0,1.0,1.0,0.0,0.0,0.06,0.06,0.0,255.0,19.0,0.07,0.07,0.0,0.0,1.0,1.0,0.0,1.0,86392.0
0.0,1.0,31.0,5.0,0.0,0.0,0.0,0.0,0.0,0.0,0.0,0.0,0.0,132.0,1.0,1.0,0.0,0.0,0.08,0.05,0.0,255.0,11.0,0.04,0.05,0.0,0.0,1.0,1.0,0.0,1.0,74957.0
0.0,0.0,13.0,9.0,30.0,0.0,0.0,0.0,0.0,0.0,0.0,0.0,0.0,3.0,0.0,0.0,0.0,0.0,0.33,0.67,0.0,255.0,5.0,0.02,0.01,0.02,0.0,0.0,0.0,0.0,0.0,84927.0
0.0,1.0,2.0,5.0,0.0,0.0,0.0,0.0,0.0,0.0,0.0,0.0,0.0,241.0,1.0,1.0,0.0,0.0,0.07,0.05,0.0,255.0,16.0,0.06,0.06,0.0,0.0,1.0,1.0,0.0,1.0,64931.0
0.0,1.0,54.0,4.0,0.0,0.0,0.0,0.0,0.0,0.0,0.0,0.0,0.0,1.0,0.0,0.0,1.0,1.0,1.0,0.0,0.0,255.0,1.0,0.0,1.0,1.0,0.0,0.0,0.0,1.0,1.0,72483.0
0.0,1.0,46.0,1.0,0.0,0.0,0.0,0.0,0.0,0.0,0.0,0.0,0.0,107.0,0.0,0.0,1.0,1.0,0.15,0.07,0.0,255.0,5.0,0.02,0.07,0.0,0.0,0.0,0.0,1.0,1.0,108077.0
0.0,1.0,46.0,1.0,0.0,0.0,0.0,0.0,0.0,0.0,0.0,0.0,0.0,287.0,0.11,0.0,0.89,1.0,0.0,1.0,0.0,255.0,1.0,0.0,1.0,0.0,0.0,0.1,0.0,1.0,1.0,21193.0
0.0,1.0,46.0,5.0,0.0,0.0,0.0,0.0,0.0,0.0,0.0,0.0,0.0,210.0,1.0,1.0,0.0,0.0,0.03,0.05,0.0,14.0,7.0,0.5,0.21,0.07,0.0,0.86,1.0,0.0,1.0,109554.0
0.0,1.0,46.0,1.0,0.0,0.0,0.0,0.0,0.0,0.0,0.0,0.0,0.0,230.0,0.11,0.0,0.88,1.0,0.0,1.0,0.0,255.0,1.0,0.0,0.96,0.0,0.0,0.1,0.0,1.0,1.0,31614.0
0.0,0.0,13.0,9.0,8.0,0.0,0.0,0.0,0.0,0.0,0.0,0.0,0.0,1.0,0.0,0.0,0.0,0.0,1.0,0.0,1.0,1.0,41.0,1.0,0.0,1.0,0.51,0.0,0.0,0.0,1.0,67433.0
0.0,1.0,46.0,5.0,0.0,0.0,0.0,0.0,0.0,0.0,0.0,0.0,0.0,510.0,0.2,1.0,0.8,0.0,0.0,1.0,0.0,255.0,1.0,0.0,1.0,0.0,0.0,0.17,1.0,0.0,1.0,119293.0
0.0,2.0,11.0,9.0,33.0,0.0,0.0,0.0,0.0,0.0,0.0,0.0,0.0,1.0,0.0,0.0,0.0,0.0,1.0,0.0,0.5,211.0,31.0,0.14,0.03,0.14,0.06,0.0,0.0,0.0,0.0,99955.0
0.0,1.0,19.0,5.0,0.0,0.0,0.0,0.0,0.0,0.0,0.0,0.0,0.0,235.0,1.0,1.0,0.0,0.0,0.03,0.06,0.0,255.0,8.0,0.03,0.06,0.0,0.0,1.0,1.0,0.0,1.0,122136.0
0.0,1.0,18.0,5.0,0.0,0.0,0.0,0.0,0.0,0.0,0.0,0.0,0.0,245.0,1.0,1.0,0.0,0.0,0.04,0.06,0.0,255.0,9.0,0.04,0.06,0.0,0.0,1.0,1.0,0.0,1.0,91456.0
0.0,2.0,46.0,9.0,1.0,0.0,0.0,0.0,0.0,0.0,0.0,0.0,0.0,71.0,0.0,0.0,0.0,0.0,0.01,0.08,0.0,255.0,1.0,0.0,0.22,1.0,0.0,0.0,0.0,0.0,1.0,40616.0
0.0,2.0,11.0,9.0,42.0,75.0,0.0,0.0,0.0,0.0,0.0,0.0,0.0,137.0,0.0,0.0,0.0,0.0,1.0,0.0,0.0,255.0,224.0,0.88,0.01,0.0,0.0,0.0,0.0,0.0,0.0,63251.0
0.0,1.0,19.0,9.0,63.0,0.0,0.0,0.0,1.0,0.0,0.0,0.0,0.0,2.0,0.0,0.0,0.0,0.0,1.0,0.0,0.67,255.0,74.0,0.29,0.02,0.16,0.0,0.49,0.45,0.0,0.0,60433.0
0.0,1.0,22.0,5.0,0.0,0.0,0.0,0.0,0.0,0.0,0.0,0.0,0.0,7.0,0.71,0.83,0.29,0.17,0.71,0.43,0.33,255.0,46.0,0.18,0.04,0.0,0.0,1.0,1.0,0.0,1.0,13854.0
0.0,1.0,46.0,5.0,0.0,0.0,0.0,0.0,0.0,0.0,0.0,0.0,0.0,289.0,1.0,1.0,0.0,0.0,0.04,0.06,0.0,255.0,6.0,0.02,0.08,0.0,0.0,1.0,1.0,0.0,1.0,22596.0
0.0,1.0,55.0,5.0,0.0,0.0,0.0,0.0,0.0,0.0,0.0,0.0,0.0,125.0,1.0,1.0,0.0,0.0,0.15,0.06,0.0,255.0,18.0,0.07,0.06,0.0,0.0,1.0,1.0,0.0,1.0,41761.0
0.0,1.0,46.0,5.0,0.0,0.0,0.0,0.0,0.0,0.0,0.0,0.0,0.0,206.0,1.0,1.0,0.0,0.0,0.05,0.06,0.0,255.0,16.0,0.06,0.07,0.0,0.0,1.0,1.0,0.0,1.0,10880.0
0.0,1.0,41.0,1.0,0.0,0.0,0.0,0.0,0.0,0.0,0.0,0.0,0.0,511.0,0.08,0.0,0.92,1.0,0.0,1.0,0.0,255.0,1.0,0.0,1.0,0.0,0.0,0.02,0.0,1.0,1.0,118176.0
0.0,1.0,2.0,5.0,0.0,0.0,0.0,0.0,0.0,0.0,0.0,0.0,0.0,237.0,1.0,1.0,0.0,0.0,0.09,0.05,0.0,255.0,21.0,0.08,0.06,0.0,0.0,1.0,1.0,0.0,1.0,22692.0
0.0,1.0,46.0,1.0,0.0,0.0,0.0,0.0,0.0,0.0,0.0,0.0,0.0,222.0,0.0,0.0,1.0,1.0,0.08,0.07,0.0,255.0,17.0,0.07,0.07,0.0,0.0,0.0,0.0,1.0,1.0,3412.0
22901.0,1.0,46.0,4.0,1.0,0.0,0.0,0.0,0.0,0.0,0.0,0.0,0.0,2.0,0.0,0.0,1.0,1.0,1.0,0.0,0.0,255.0,2.0,0.01,0.73,1.0,0.0,0.0,0.0,1.0,1.0,109961.0
0.0,1.0,9.0,5.0,0.0,0.0,0.0,0.0,0.0,0.0,0.0,0.0,0.0,289.0,1.0,1.0,0.0,0.0,0.07,0.06,0.0,255.0,17.0,0.07,0.05,0.0,0.0,1.0,1.0,0.0,1.0,12003.0
0.0,2.0,46.0,9.0,28.0,0.0,3.0,0.0,0.0,0.0,0.0,0.0,0.0,57.0,0.0,0.0,0.0,0.0,1.0,0.0,0.0,255.0,57.0,0.22,0.02,0.22,0.0,0.0,0.0,0.0,1.0,20041.0
0.0,1.0,51.0,5.0,0.0,0.0,0.0,0.0,0.0,0.0,0.0,0.0,0.0,225.0,1.0,1.0,0.0,0.0,0.0,0.07,0.0,255.0,18.0,0.07,0.07,0.0,0.0,1.0,1.0,0.0,1.0,30511.0
0.0,1.0,51.0,9.0,2680.0,330.0,0.0,0.0,1.0,0.0,0.0,0.0,0.0,1.0,0.0,0.0,0.0,0.0,1.0,0.0,1.0,57.0,248.0,0.98,0.04,0.02,0.01,0.0,0.0,0.0,0.0,85408.0
0.0,1.0,17.0,5.0,0.0,0.0,0.0,0.0,0.0,0.0,0.0,0.0,0.0,11.0,1.0,1.0,0.0,0.0,0.45,0.27,0.0,255.0,69.0,0.27,0.02,0.01,0.0,1.0,1.0,0.0,1.0,53529.0
0.0,1.0,46.0,1.0,0.0,0.0,0.0,0.0,0.0,0.0,0.0,0.0,0.0,1.0,0.0,0.0,1.0,1.0,1.0,0.0,0.0,19.0,2.0,0.05,1.0,0.05,1.0,0.0,0.0,1.0,1.0,109181.0
0.0,1.0,63.0,1.0,0.0,0.0,0.0,0.0,0.0,0.0,0.0,0.0,0.0,226.0,0.0,0.0,1.0,1.0,0.06,0.07,0.0,255.0,14.0,0.05,0.07,0.0,0.0,0.0,0.0,1.0,1.0,55168.0
0.0,1.0,19.0,9.0,24.0,0.0,0.0,0.0,0.0,0.0,0.0,0.0,0.0,1.0,0.0,0.0,0.0,0.0,1.0,0.0,0.0,255.0,8.0,0.03,0.97,0.03,0.0,0.96,0.0,0.0,0.0,40211.0
0.0,1.0,41.0,1.0,0.0,0.0,0.0,0.0,0.0,0.0,0.0,0.0,0.0,509.0,0.23,0.0,0.76,1.0,0.0,1.0,0.0,255.0,1.0,0.0,1.0,0.0,0.0,0.19,0.0,1.0,1.0,120936.0
0.0,1.0,46.0,1.0,0.0,0.0,0.0,0.0,0.0,0.0,0.0,0.0,0.0,43.0,0.0,0.0,0.98,1.0,0.02,1.0,0.0,161.0,1.0,0.01,0.35,0.01,0.0,0.0,0.0,1.0,1.0,54074.0
0.0,1.0,32.0,4.0,0.0,0.0,0.0,0.0,0.0,0.0,0.0,0.0,0.0,1.0,0.0,0.0,1.0,1.0,1.0,0.0,0.0,233.0,1.0,0.0,0.25,0.48,0.0,0.0,0.0,1.0,1.0,100972.0
0.0,1.0,46.0,5.0,0.0,0.0,0.0,0.0,0.0,0.0,0.0,0.0,0.0,250.0,1.0,1.0,0.0,0.0,0.04,0.06,0.0,255.0,20.0,0.08,0.06,0.0,0.0,1.0,1.0,0.0,1.0,51242.0
0.0,0.0,13.0,9.0,8.0,0.0,0.0,0.0,0.0,0.0,0.0,0.0,0.0,1.0,0.0,0.0,0.0,0.0,1.0,0.0,1.0,2.0,68.0,1.0,0.0,1.0,0.5,0.0,0.0,0.0,1.0,5150.0
0.0,1.0,2.0,5.0,0.0,0.0,0.0,0.0,0.0,0.0,0.0,0.0,0.0,214.0,1.0,1.0,0.0,0.0,0.0,0.07,0.0,255.0,1.0,0.0,0.08,0.0,0.0,1.0,1.0,0.0,1.0,114005.0
0.0,1.0,57.0,2.0,0.0,0.0,0.0,0.0,0.0,0.0,0.0,0.0,0.0,226.0,0.0,0.0,1.0,1.0,0.04,0.07,0.0,255.0,9.0,0.04,0.08,0.0,0.0,0.0,0.0,1.0,1.0,118685.0
0.0,1.0,46.0,5.0,0.0,0.0,0.0,0.0,0.0,0.0,0.0,0.0,0.0,103.0,1.0,1.0,0.0,0.0,0.17,0.06,0.0,255.0,17.0,0.07,0.07,0.0,0.0,1.0,1.0,0.0,1.0,76965.0
0.0,1.0,18.0,5.0,0.0,0.0,0.0,0.0,0.0,0.0,0.0,0.0,0.0,248.0,1.0,1.0,0.0,0.0,0.06,0.06,0.0,255.0,14.0,0.05,0.07,0.0,0.0,1.0,1.0,0.0,1.0,36817.0
0.0,0.0,13.0,9.0,8.0,0.0,0.0,0.0,0.0,0.0,0.0,0.0,0.0,1.0,0.0,0.0,0.0,0.0,1.0,0.0,1.0,1.0,255.0,1.0,0.0,1.0,0.5,0.0,0.0,0.0,1.0,58261.0
0.0,1.0,4.0,5.0,0.0,0.0,0.0,0.0,0.0,0.0,0.0,0.0,0.0,264.0,1.0,1.0,0.0,0.0,0.04,0.06,0.0,255.0,10.0,0.04,0.07,0.0,0.0,1.0,1.0,0.0,1.0,65811.0
0.0,2.0,46.0,9.0,1.0,0.0,0.0,0.0,0.0,0.0,0.0,0.0,0.0,3.0,0.0,0.0,0.0,0.0,1.0,0.0,0.0,255.0,3.0,0.01,0.07,0.11,0.0,0.0,0.0,0.0,1.0,63632.0
0.0,0.0,13.0,9.0,30.0,0.0,0.0,0.0,0.0,0.0,0.0,0.0,0.0,5.0,0.0,0.0,0.0,0.0,0.2,0.6,0.0,255.0,24.0,0.09,0.01,0.46,0.0,0.0,0.0,0.0,0.0,35959.0
2440.0,2.0,41.0,9.0,147.0,105.0,0.0,0.0,0.0,0.0,0.0,0.0,0.0,4.0,0.0,0.0,0.0,0.0,0.5,0.5,0.0,255.0,2.0,0.01,0.85,1.0,0.0,0.0,0.0,0.0,0.0,91985.0
0.0,1.0,46.0,1.0,0.0,0.0,0.0,0.0,0.0,0.0,0.0,0.0,0.0,125.0,0.0,0.0,1.0,1.0,0.03,0.09,0.0,255.0,4.0,0.02,0.09,0.0,0.0,0.0,0.0,1.0,1.0,100921.0
0.0,1.0,46.0,5.0,0.0,0.0,0.0,0.0,0.0,0.0,0.0,0.0,0.0,259.0,1.0,1.0,0.0,0.0,0.05,0.06,0.0,255.0,11.0,0.04,0.09,0.0,0.0,1.0,1.0,0.0,1.0,46888.0
0.0,1.0,19.0,5.0,0.0,0.0,0.0,0.0,0.0,0.0,0.0,0.0,0.0,218.0,1.0,0.75,0.0,0.0,0.01,0.06,0.5,255.0,18.0,0.07,0.06,0.0,0.0,1.0,1.0,0.0,1.0,48408.0
0.0,1.0,25.0,5.0,0.0,0.0,0.0,0.0,0.0,0.0,0.0,0.0,0.0,258.0,1.0,1.0,0.0,0.0,0.0,0.07,0.0,255.0,1.0,0.0,0.08,0.0,0.0,1.0,1.0,0.0,1.0,74213.0
0.0,1.0,6.0,5.0,0.0,0.0,0.0,0.0,0.0,0.0,0.0,0.0,0.0,92.0,1.0,1.0,0.0,0.0,0.03,0.09,0.0,255.0,3.0,0.01,0.06,0.0,0.0,1.0,1.0,0.0,1.0,74553.0
0.0,0.0,14.0,9.0,1032.0,0.0,0.0,0.0,0.0,0.0,0.0,0.0,0.0,511.0,0.0,0.0,0.0,0.0,1.0,0.0,0.0,255.0,175.0,0.69,0.02,0.69,0.0,0.0,0.0,0.0,1.0,24643.0
0.0,1.0,46.0,5.0,0.0,0.0,0.0,0.0,0.0,0.0,0.0,0.0,0.0,212.0,1.0,1.0,0.0,0.0,0.04,0.06,0.0,255.0,7.0,0.03,0.07,0.0,0.0,1.0,1.0,0.0,1.0,62511.0
0.0,1.0,46.0,1.0,0.0,0.0,0.0,0.0,0.0,0.0,0.0,0.0,0.0,511.0,0.11,0.0,0.88,1.0,0.0,1.0,0.0,255.0,1.0,0.0,1.0,0.0,0.0,0.08,0.0,1.0,1.0,65790.0
0.0,0.0,14.0,9.0,520.0,0.0,0.0,0.0,0.0,0.0,0.0,0.0,0.0,400.0,0.0,0.0,0.0,0.0,1.0,0.0,0.0,255.0,255.0,1.0,0.0,1.0,0.0,0.0,0.0,0.0,1.0,50501.0
0.0,1.0,46.0,5.0,0.0,0.0,0.0,0.0,0.0,0.0,0.0,0.0,0.0,142.0,1.0,1.0,0.0,0.0,0.09,0.06,0.0,255.0,31.0,0.12,0.05,0.0,0.0,1.0,1.0,0.0,1.0,112577.0
0.0,1.0,41.0,5.0,0.0,0.0,0.0,0.0,0.0,0.0,0.0,0.0,0.0,102.0,1.0,1.0,0.0,0.0,0.14,0.06,0.0,255.0,14.0,0.05,0.06,0.0,0.0,1.0,1.0,0.0,1.0,29874.0
0.0,1.0,46.0,5.0,0.0,0.0,0.0,0.0,0.0,0.0,0.0,0.0,0.0,207.0,1.0,1.0,0.0,0.0,0.04,0.06,0.0,255.0,19.0,0.07,0.07,0.0,0.0,1.0,1.0,0.0,1.0,44057.0
0.0,1.0,46.0,5.0,0.0,0.0,0.0,0.0,0.0,0.0,0.0,0.0,0.0,93.0,1.0,1.0,0.0,0.0,0.08,0.06,0.0,255.0,2.0,0.01,0.06,0.0,0.0,1.0,1.0,0.0,1.0,42735.0
0.0,1.0,56.0,5.0,0.0,0.0,0.0,0.0,0.0,0.0,0.0,0.0,0.0,131.0,1.0,1.0,0.0,0.0,0.06,0.07,0.0,255.0,8.0,0.03,0.07,0.0,0.0,1.0,1.0,0.0,1.0,63862.0
0.0,1.0,51.0,9.0,2715.0,330.0,0.0,0.0,1.0,0.0,0.0,0.0,0.0,1.0,0.0,0.0,0.0,0.0,1.0,0.0,0.0,213.0,245.0,0.96,0.01,0.0,0.01,0.0,0.0,0.0,0.0,38454.0
0.0,1.0,26.0,5.0,0.0,0.0,0.0,0.0,0.0,0.0,0.0,0.0,0.0,278.0,1.0,1.0,0.0,0.0,0.0,0.06,0.0,255.0,19.0,0.07,0.06,0.0,0.0,1.0,1.0,0.0,1.0,67467.0
0.0,1.0,35.0,1.0,0.0,0.0,0.0,0.0,0.0,0.0,0.0,0.0,0.0,153.0,0.0,0.0,1.0,1.0,0.01,0.07,0.0,255.0,1.0,0.0,0.07,0.0,0.0,0.0,0.0,1.0,1.0,30996.0
0.0,0.0,14.0,9.0,1032.0,0.0,0.0,0.0,0.0,0.0,0.0,0.0,0.0,511.0,0.0,0.0,0.0,0.0,1.0,0.0,0.0,255.0,150.0,0.59,0.02,0.59,0.0,0.0,0.0,0.0,1.0,20401.0
0.0,1.0,63.0,5.0,0.0,0.0,0.0,0.0,0.0,0.0,0.0,0.0,0.0,228.0,1.0,1.0,0.0,0.0,0.06,0.06,0.0,255.0,13.0,0.05,0.06,0.0,0.0,1.0,1.0,0.0,1.0,34055.0
0.0,1.0,16.0,5.0,0.0,0.0,0.0,0.0,0.0,0.0,0.0,0.0,0.0,120.0,1.0,1.0,0.0,0.0,0.2,0.05,0.0,255.0,24.0,0.09,0.05,0.0,0.0,1.0,1.0,0.0,1.0,62112.0
0.0,1.0,19.0,5.0,0.0,0.0,0.0,0.0,0.0,0.0,0.0,0.0,0.0,189.0,1.0,1.0,0.0,0.0,0.02,0.06,0.0,255.0,4.0,0.02,0.07,0.0,0.0,1.0,1.0,0.0,1.0,15531.0
0.0,1.0,46.0,5.0,0.0,0.0,0.0,0.0,0.0,0.0,0.0,0.0,0.0,139.0,1.0,1.0,0.0,0.0,0.16,0.04,0.0,255.0,22.0,0.09,0.05,0.0,0.0,1.0,1.0,0.0,1.0,6515.0
0.0,1.0,46.0,5.0,0.0,0.0,0.0,0.0,0.0,0.0,0.0,0.0,0.0,284.0,1.0,1.0,0.0,0.0,0.04,0.06,0.0,255.0,11.0,0.04,0.09,0.0,0.0,1.0,1.0,0.0,1.0,10075.0
0.0,2.0,41.0,9.0,1.0,0.0,0.0,0.0,0.0,0.0,0.0,0.0,0.0,16.0,0.0,0.0,0.0,0.0,0.06,0.62,0.0,255.0,1.0,0.0,0.12,0.36,0.0,0.0,0.0,0.0,1.0,54076.0
0.0,1.0,16.0,5.0,0.0,0.0,0.0,0.0,0.0,0.0,0.0,0.0,0.0,145.0,1.0,1.0,0.0,0.0,0.06,0.06,0.0,255.0,2.0,0.01,0.07,0.0,0.0,1.0,1.0,0.0,1.0,52645.0
0.0,1.0,46.0,1.0,0.0,0.0,0.0,0.0,0.0,0.0,0.0,0.0,0.0,93.0,0.0,0.0,1.0,1.0,0.18,0.08,0.0,255.0,17.0,0.07,0.07,0.0,0.0,0.0,0.0,1.0,1.0,34148.0
0.0,1.0,62.0,2.0,0.0,0.0,0.0,0.0,0.0,0.0,0.0,0.0,0.0,117.0,0.0,0.0,1.0,1.0,0.03,0.07,0.0,255.0,4.0,0.02,0.08,0.0,0.0,0.0,0.0,1.0,1.0,76958.0
0.0,0.0,13.0,9.0,8.0,0.0,0.0,0.0,0.0,0.0,0.0,0.0,0.0,1.0,0.0,0.0,0.0,0.0,1.0,0.0,1.0,1.0,137.0,1.0,0.0,1.0,0.5,0.0,0.0,0.0,1.0,44601.0
0.0,0.0,13.0,9.0,8.0,0.0,0.0,0.0,0.0,0.0,0.0,0.0,0.0,1.0,0.0,0.0,0.0,0.0,1.0,0.0,1.0,2.0,26.0,1.0,0.0,1.0,0.5,0.0,0.0,0.0,1.0,57292.0
0.0,2.0,11.0,9.0,46.0,46.0,0.0,0.0,0.0,0.0,0.0,0.0,0.0,115.0,0.0,0.0,0.0,0.0,1.0,0.0,0.0,255.0,255.0,1.0,0.0,0.0,0.0,0.0,0.0,0.0,0.0,122324.0
0.0,1.0,54.0,2.0,0.0,0.0,0.0,0.0,0.0,0.0,0.0,0.0,0.0,296.0,0.0,0.0,1.0,1.0,0.06,0.05,0.0,255.0,19.0,0.07,0.06,0.0,0.0,0.0,0.0,1.0,1.0,108754.0
0.0,1.0,46.0,5.0,0.0,0.0,0.0,0.0,0.0,0.0,0.0,0.0,0.0,208.0,1.0,1.0,0.0,0.0,0.03,0.07,0.0,255.0,16.0,0.06,0.07,0.0,0.0,1.0,1.0,0.0,1.0,18216.0
0.0,1.0,17.0,5.0,0.0,0.0,0.0,0.0,0.0,0.0,0.0,0.0,0.0,29.0,1.0,1.0,0.0,0.0,0.24,0.14,0.0,255.0,63.0,0.25,0.02,0.02,0.0,1.0,1.0,0.0,1.0,1166.0
0.0,1.0,57.0,5.0,0.0,0.0,0.0,0.0,0.0,0.0,0.0,0.0,0.0,7.0,1.0,1.0,0.0,0.0,0.71,0.29,0.0,207.0,46.0,0.22,0.02,0.0,0.04,1.0,0.98,0.0,1.0,22395.0
0.0,1.0,63.0,1.0,0.0,0.0,0.0,0.0,0.0,0.0,0.0,0.0,0.0,144.0,0.0,0.0,1.0,1.0,0.08,0.07,0.0,255.0,12.0,0.05,0.07,0.0,0.0,0.0,0.0,1.0,1.0,101226.0
0.0,1.0,46.0,5.0,0.0,0.0,0.0,0.0,0.0,0.0,0.0,0.0,0.0,199.0,1.0,1.0,0.0,0.0,0.03,0.06,0.0,255.0,6.0,0.02,0.07,0.0,0.0,1.0,1.0,0.0,1.0,38927.0
0.0,1.0,46.0,5.0,0.0,0.0,0.0,0.0,0.0,0.0,0.0,0.0,0.0,239.0,1.0,1.0,0.0,0.0,0.06,0.06,0.0,255.0,15.0,0.06,0.07,0.0,0.0,1.0,1.0,0.0,1.0,6339.0
0.0,1.0,46.0,5.0,0.0,0.0,0.0,0.0,0.0,0.0,0.0,0.0,0.0,142.0,1.0,1.0,0.0,0.0,0.06,0.06,0.0,255.0,16.0,0.06,0.07,0.0,0.0,1.0,1.0,0.0,1.0,17634.0
0.0,0.0,13.0,9.0,8.0,0.0,0.0,0.0,0.0,0.0,0.0,0.0,0.0,1.0,0.0,0.0,0.0,0.0,1.0,0.0,1.0,1.0,209.0,1.0,0.0,1.0,0.5,0.0,0.0,0.0,1.0,81353.0
0.0,1.0,63.0,5.0,0.0,0.0,0.0,0.0,0.0,0.0,0.0,0.0,0.0,110.0,1.0,1.0,0.0,0.0,0.1,0.05,0.0,255.0,7.0,0.03,0.07,0.0,0.0,1.0,1.0,0.0,1.0,87128.0
0.0,1.0,22.0,1.0,0.0,0.0,0.0,0.0,0.0,0.0,0.0,0.0,0.0,298.0,0.0,0.0,1.0,1.0,0.07,0.06,0.0,255.0,20.0,0.08,0.07,0.0,0.0,0.0,0.0,1.0,1.0,35404.0
0.0,2.0,46.0,9.0,1.0,0.0,0.0,0.0,0.0,0.0,0.0,0.0,0.0,29.0,0.0,0.0,0.0,0.0,0.24,0.1,0.0,255.0,52.0,0.2,0.33,0.71,0.0,0.11,0.0,0.0,1.0,59101.0
0.0,0.0,13.0,9.0,8.0,0.0,0.0,0.0,0.0,0.0,0.0,0.0,0.0,1.0,0.0,0.0,0.0,0.0,1.0,0.0,1.0,1.0,255.0,1.0,0.0,1.0,0.5,0.0,0.0,0.0,1.0,17372.0
0.0,1.0,22.0,1.0,0.0,0.0,0.0,0.0,0.0,0.0,0.0,0.0,0.0,1.0,0.0,0.0,1.0,1.0,1.0,0.0,0.0,14.0,137.0,1.0,0.0,0.07,0.04,0.0,0.0,1.0,0.0,47463.0
0.0,0.0,14.0,9.0,1032.0,0.0,0.0,0.0,0.0,0.0,0.0,0.0,0.0,509.0,0.0,0.0,0.0,0.0,1.0,0.0,0.0,255.0,151.0,0.59,0.17,0.59,0.0,0.0,0.0,0.0,1.0,112361.0
0.0,1.0,46.0,5.0,0.0,0.0,0.0,0.0,0.0,0.0,0.0,0.0,0.0,160.0,1.0,1.0,0.0,0.0,0.06,0.08,0.0,255.0,10.0,0.04,0.07,0.0,0.0,1.0,1.0,0.0,1.0,48529.0
0.0,0.0,14.0,9.0,520.0,0.0,0.0,0.0,0.0,0.0,0.0,0.0,0.0,366.0,0.0,0.0,0.0,0.0,1.0,0.0,0.0,255.0,255.0,1.0,0.0,1.0,0.0,0.0,0.0,0.0,1.0,77069.0
0.0,0.0,13.0,9.0,8.0,0.0,0.0,0.0,0.0,0.0,0.0,0.0,0.0,1.0,0.0,0.0,0.0,0.0,1.0,0.0,1.0,3.0,107.0,1.0,0.0,1.0,0.25,0.0,0.0,0.0,1.0,50109.0
0.0,0.0,13.0,9.0,8.0,0.0,0.0,0.0,0.0,0.0,0.0,0.0,0.0,1.0,0.0,0.0,0.0,0.0,1.0,0.0,1.0,2.0,84.0,1.0,0.0,1.0,0.5,0.0,0.0,0.0,1.0,41722.0
0.0,0.0,13.0,9.0,8.0,0.0,0.0,0.0,0.0,0.0,0.0,0.0,0.0,1.0,0.0,0.0,0.0,0.0,1.0,0.0,1.0,1.0,38.0,1.0,0.0,1.0,0.53,0.0,0.0,0.0,1.0,4968.0
0.0,1.0,46.0,5.0,0.0,0.0,0.0,0.0,0.0,0.0,0.0,0.0,0.0,58.0,1.0,1.0,0.0,0.0,0.09,0.1,0.0,255.0,5.0,0.02,0.08,0.0,0.0,1.0,1.0,0.0,1.0,100309.0
0.0,0.0,13.0,9.0,8.0,0.0,0.0,0.0,0.0,0.0,0.0,0.0,0.0,1.0,0.0,0.0,0.0,0.0,1.0,0.0,1.0,3.0,3.0,1.0,0.0,1.0,0.0,0.0,0.0,0.0,1.0,33397.0
0.0,1.0,46.0,5.0,0.0,0.0,0.0,0.0,0.0,0.0,0.0,0.0,0.0,149.0,1.0,1.0,0.0,0.0,0.09,0.05,0.0,255.0,5.0,0.02,0.07,0.0,0.0,1.0,1.0,0.0,1.0,61662.0
0.0,1.0,10.0,5.0,0.0,0.0,0.0,0.0,0.0,0.0,0.0,0.0,0.0,281.0,1.0,1.0,0.0,0.0,0.01,0.06,0.0,255.0,3.0,0.01,0.07,0.0,0.0,1.0,1.0,0.0,1.0,30192.0
0.0,1.0,21.0,5.0,0.0,0.0,0.0,0.0,0.0,0.0,0.0,0.0,0.0,266.0,1.0,1.0,0.0,0.0,0.07,0.06,0.0,255.0,19.0,0.07,0.06,0.0,0.0,1.0,1.0,0.0,1.0,72837.0
0.0,1.0,19.0,5.0,0.0,0.0,0.0,0.0,0.0,0.0,0.0,0.0,0.0,243.0,1.0,1.0,0.0,0.0,0.01,0.06,0.0,255.0,4.0,0.02,0.07,0.0,0.0,1.0,1.0,0.0,1.0,89741.0
0.0,1.0,33.0,5.0,0.0,0.0,0.0,0.0,0.0,0.0,0.0,0.0,0.0,203.0,1.0,1.0,0.0,0.0,0.05,0.06,0.0,255.0,11.0,0.04,0.07,0.0,0.0,1.0,1.0,0.0,1.0,3750.0
2304.0,2.0,41.0,9.0,146.0,105.0,0.0,0.0,0.0,0.0,0.0,0.0,0.0,2.0,0.0,0.0,0.0,0.0,1.0,0.0,0.0,66.0,2.0,0.03,0.52,0.73,0.0,0.0,0.0,0.0,0.0,117774.0
0.0,1.0,33.0,5.0,0.0,0.0,0.0,0.0,0.0,0.0,0.0,0.0,0.0,40.0,1.0,1.0,0.0,0.0,0.28,0.15,0.0,255.0,11.0,0.04,0.09,0.0,0.0,1.0,1.0,0.0,1.0,80020.0
0.0,1.0,19.0,5.0,0.0,0.0,0.0,0.0,0.0,0.0,0.0,0.0,0.0,77.0,1.0,1.0,0.0,0.0,0.23,0.05,0.0,239.0,58.0,0.24,0.02,0.01,0.0,0.99,1.0,0.0,1.0,75443.0
0.0,1.0,46.0,5.0,0.0,0.0,0.0,0.0,0.0,0.0,0.0,0.0,0.0,204.0,1.0,1.0,0.0,0.0,0.06,0.06,0.0,255.0,12.0,0.05,0.08,0.0,0.0,1.0,1.0,0.0,1.0,82264.0
0.0,1.0,46.0,5.0,0.0,0.0,0.0,0.0,0.0,0.0,0.0,0.0,0.0,119.0,1.0,1.0,0.0,0.0,0.17,0.05,0.0,255.0,14.0,0.05,0.07,0.0,0.0,1.0,1.0,0.0,1.0,113164.0
0.0,1.0,2.0,1.0,0.0,0.0,0.0,0.0,0.0,0.0,0.0,0.0,0.0,267.0,0.0,0.0,1.0,1.0,0.02,0.06,0.0,255.0,6.0,0.02,0.07,0.0,0.0,0.0,0.0,1.0,1.0,72177.0
0.0,1.0,22.0,1.0,0.0,0.0,0.0,0.0,0.0,0.0,0.0,0.0,0.0,1.0,0.0,0.0,1.0,1.0,1.0,0.0,0.0,32.0,255.0,1.0,0.0,0.03,0.06,0.0,0.0,0.82,0.0,114022.0
0.0,1.0,22.0,1.0,0.0,0.0,0.0,0.0,0.0,0.0,0.0,0.0,0.0,1.0,0.0,0.0,1.0,1.0,1.0,0.0,0.0,30.0,255.0,1.0,0.0,0.03,0.22,0.0,0.0,0.95,0.0,112414.0
0.0,1.0,53.0,5.0,0.0,0.0,0.0,0.0,0.0,0.0,0.0,0.0,0.0,99.0,1.0,1.0,0.0,0.0,0.06,0.05,0.0,255.0,6.0,0.02,0.06,0.0,0.0,1.0,1.0,0.0,1.0,80304.0
0.0,1.0,16.0,5.0,0.0,0.0,0.0,0.0,0.0,0.0,0.0,0.0,0.0,125.0,1.0,1.0,0.0,0.0,0.02,0.06,0.0,255.0,4.0,0.02,0.07,0.0,0.0,1.0,1.0,0.0,1.0,98143.0
0.0,1.0,46.0,5.0,0.0,0.0,0.0,0.0,0.0,0.0,0.0,0.0,0.0,104.0,1.0,1.0,0.0,0.0,0.13,0.07,0.0,255.0,8.0,0.03,0.07,0.0,0.0,1.0,1.0,0.0,1.0,38537.0
0.0,1.0,2.0,1.0,0.0,0.0,0.0,0.0,0.0,0.0,0.0,0.0,0.0,194.0,0.0,0.0,1.0,1.0,0.07,0.07,0.0,255.0,14.0,0.05,0.07,0.0,0.0,0.0,0.0,1.0,1.0,89286.0
0.0,1.0,46.0,1.0,0.0,0.0,0.0,0.0,0.0,0.0,0.0,0.0,0.0,36.0,0.0,0.0,0.97,1.0,0.03,1.0,0.0,154.0,1.0,0.01,0.32,0.01,0.0,0.0,0.0,1.0,1.0,26489.0
0.0,1.0,46.0,1.0,0.0,0.0,0.0,0.0,0.0,0.0,0.0,0.0,0.0,222.0,0.0,0.0,1.0,1.0,0.05,0.06,0.0,255.0,10.0,0.04,0.07,0.0,0.0,0.0,0.0,1.0,1.0,6579.0
0.0,1.0,20.0,5.0,0.0,0.0,0.0,0.0,0.0,0.0,0.0,0.0,0.0,181.0,1.0,1.0,0.0,0.0,0.04,0.06,0.0,255.0,7.0,0.03,0.05,0.0,0.0,1.0,1.0,0.0,1.0,1524.0
0.0,1.0,46.0,1.0,0.0,0.0,0.0,0.0,0.0,0.0,0.0,0.0,0.0,356.0,0.0,0.0,1.0,1.0,0.0,0.52,0.0,255.0,1.0,0.0,0.52,1.0,0.0,0.0,0.0,1.0,1.0,2560.0
0.0,1.0,46.0,5.0,0.0,0.0,0.0,0.0,0.0,0.0,0.0,0.0,0.0,97.0,1.0,1.0,0.0,0.0,0.11,0.06,0.0,255.0,5.0,0.02,0.07,0.0,0.0,1.0,1.0,0.0,1.0,5734.0
0.0,1.0,59.0,5.0,0.0,0.0,0.0,0.0,0.0,0.0,0.0,0.0,0.0,223.0,1.0,1.0,0.0,0.0,0.04,0.07,0.0,255.0,9.0,0.04,0.08,0.0,0.0,1.0,1.0,0.0,1.0,109142.0
2840.0,2.0,41.0,9.0,147.0,105.0,0.0,0.0,0.0,0.0,0.0,0.0,0.0,4.0,0.0,0.0,0.0,0.0,0.5,0.5,0.0,255.0,3.0,0.01,0.79,1.0,0.0,0.0,0.0,0.0,0.0,41495.0
0.0,1.0,46.0,4.0,0.0,0.0,0.0,0.0,0.0,0.0,0.0,0.0,0.0,2.0,0.0,0.0,0.5,1.0,0.5,1.0,0.0,255.0,1.0,0.0,0.51,0.51,0.0,0.0,0.0,1.0,1.0,101275.0
0.0,1.0,25.0,5.0,0.0,0.0,0.0,0.0,0.0,0.0,0.0,0.0,0.0,197.0,1.0,1.0,0.0,0.0,0.02,0.07,0.0,255.0,4.0,0.02,0.07,0.0,0.0,1.0,1.0,0.0,1.0,81135.0
0.0,1.0,62.0,5.0,0.0,0.0,0.0,0.0,0.0,0.0,0.0,0.0,0.0,93.0,1.0,1.0,0.0,0.0,0.13,0.06,0.0,255.0,12.0,0.05,0.06,0.0,0.0,1.0,1.0,0.0,1.0,69477.0
0.0,1.0,26.0,5.0,0.0,0.0,0.0,0.0,0.0,0.0,0.0,0.0,0.0,240.0,1.0,1.0,0.0,0.0,0.06,0.05,0.0,255.0,8.0,0.03,0.07,0.0,0.0,1.0,1.0,0.0,1.0,27502.0
0.0,1.0,38.0,5.0,0.0,0.0,0.0,0.0,0.0,0.0,0.0,0.0,0.0,113.0,1.0,1.0,0.0,0.0,0.01,0.06,0.0,255.0,19.0,0.07,0.07,0.0,0.0,1.0,1.0,0.0,1.0,96957.0
0.0,1.0,46.0,5.0,0.0,0.0,0.0,0.0,0.0,0.0,0.0,0.0,0.0,143.0,1.0,1.0,0.0,0.0,0.13,0.06,0.0,255.0,4.0,0.02,0.08,0.0,0.0,1.0,1.0,0.0,1.0,13245.0
0.0,0.0,14.0,9.0,1032.0,0.0,0.0,0.0,0.0,0.0,0.0,0.0,0.0,148.0,0.0,0.0,0.0,0.0,1.0,0.0,0.0,255.0,163.0,0.64,0.03,0.64,0.0,0.0,0.0,0.0,1.0,70824.0
0.0,1.0,46.0,5.0,0.0,0.0,0.0,0.0,0.0,0.0,0.0,0.0,0.0,13.0,1.0,1.0,0.0,0.0,0.54,0.15,0.0,255.0,9.0,0.04,0.07,0.0,0.0,1.0,1.0,0.0,1.0,18720.0
0.0,1.0,33.0,5.0,0.0,0.0,0.0,0.0,0.0,0.0,0.0,0.0,0.0,236.0,1.0,1.0,0.0,0.0,0.02,0.07,0.0,255.0,4.0,0.02,0.07,0.0,0.0,1.0,1.0,0.0,1.0,73083.0
0.0,1.0,10.0,5.0,0.0,0.0,0.0,0.0,0.0,0.0,0.0,0.0,0.0,277.0,1.0,1.0,0.0,0.0,0.02,0.06,0.0,255.0,6.0,0.02,0.06,0.0,0.0,1.0,1.0,0.0,1.0,62669.0
0.0,1.0,62.0,5.0,0.0,0.0,0.0,0.0,0.0,0.0,0.0,0.0,0.0,129.0,1.0,1.0,0.0,0.0,0.05,0.06,0.0,255.0,8.0,0.03,0.06,0.0,0.0,1.0,1.0,0.0,1.0,92250.0
0.0,1.0,22.0,5.0,0.0,0.0,0.0,0.0,0.0,0.0,0.0,0.0,0.0,2.0,0.5,0.4,0.0,0.0,1.0,0.0,0.4,255.0,255.0,1.0,0.0,0.01,0.0,0.0,0.0,0.0,0.0,79450.0
0.0,2.0,11.0,9.0,44.0,71.0,0.0,0.0,0.0,0.0,0.0,0.0,0.0,149.0,0.0,0.0,0.0,0.0,1.0,0.0,0.0,255.0,254.0,1.0,0.01,0.0,0.0,0.0,0.0,0.0,0.0,64686.0
0.0,0.0,13.0,9.0,18.0,0.0,0.0,0.0,0.0,0.0,0.0,0.0,0.0,1.0,0.0,0.0,0.0,0.0,1.0,0.0,0.0,1.0,55.0,1.0,0.0,1.0,1.0,0.0,0.0,0.0,1.0,84617.0
0.0,1.0,25.0,5.0,0.0,0.0,0.0,0.0,0.0,0.0,0.0,0.0,0.0,276.0,1.0,1.0,0.0,0.0,0.03,0.06,0.0,255.0,8.0,0.03,0.08,0.0,0.0,1.0,1.0,0.0,1.0,16986.0
0.0,1.0,46.0,5.0,0.0,0.0,0.0,0.0,0.0,0.0,0.0,0.0,0.0,237.0,1.0,1.0,0.0,0.0,0.05,0.08,0.0,255.0,12.0,0.05,0.07,0.0,0.0,1.0,1.0,0.0,1.0,112803.0
0.0,1.0,22.0,5.0,0.0,0.0,0.0,0.0,0.0,0.0,0.0,0.0,0.0,245.0,1.0,1.0,0.0,0.0,0.09,0.05,0.0,255.0,21.0,0.08,0.06,0.0,0.0,1.0,1.0,0.0,1.0,6942.0
0.0,1.0,22.0,1.0,0.0,0.0,0.0,0.0,0.0,0.0,0.0,0.0,0.0,281.0,0.0,0.0,1.0,1.0,0.04,0.06,0.0,255.0,12.0,0.05,0.06,0.0,0.0,0.0,0.0,1.0,1.0,61013.0
0.0,1.0,26.0,5.0,0.0,0.0,0.0,0.0,0.0,0.0,0.0,0.0,0.0,269.0,1.0,1.0,0.0,0.0,0.01,0.05,0.0,255.0,2.0,0.01,0.05,0.0,0.0,1.0,1.0,0.0,1.0,94669.0
0.0,1.0,46.0,5.0,0.0,0.0,0.0,0.0,0.0,0.0,0.0,0.0,0.0,158.0,1.0,1.0,0.0,0.0,0.04,0.07,0.0,255.0,20.0,0.08,0.07,0.0,0.0,1.0,1.0,0.0,1.0,42611.0
0.0,1.0,36.0,5.0,0.0,0.0,0.0,0.0,0.0,0.0,0.0,0.0,0.0,278.0,1.0,1.0,0.0,0.0,0.04,0.06,0.0,255.0,2.0,0.01,0.06,0.0,0.0,1.0,1.0,0.0,1.0,119452.0
0.0,2.0,11.0,9.0,45.0,76.0,0.0,0.0,0.0,0.0,0.0,0.0,0.0,117.0,0.0,0.0,0.0,0.0,1.0,0.0,0.0,255.0,254.0,1.0,0.01,0.0,0.0,0.0,0.0,0.0,0.0,97412.0
0.0,1.0,22.0,5.0,0.0,0.0,0.0,0.0,0.0,0.0,0.0,0.0,0.0,207.0,1.0,1.0,0.0,0.0,0.09,0.06,0.0,255.0,19.0,0.07,0.06,0.0,0.0,1.0,1.0,0.0,1.0,53894.0
0.0,1.0,46.0,5.0,0.0,0.0,0.0,0.0,0.0,0.0,0.0,0.0,0.0,215.0,1.0,1.0,0.0,0.0,0.04,0.07,0.0,255.0,9.0,0.04,0.07,0.0,0.0,1.0,1.0,0.0,1.0,29603.0
0.0,1.0,65.0,5.0,0.0,0.0,0.0,0.0,0.0,0.0,0.0,0.0,0.0,7.0,1.0,1.0,0.0,0.0,0.43,0.57,0.0,255.0,3.0,0.01,0.08,0.0,0.0,1.0,1.0,0.0,1.0,40203.0
0.0,1.0,46.0,1.0,0.0,0.0,0.0,0.0,0.0,0.0,0.0,0.0,0.0,124.0,0.0,0.0,1.0,1.0,0.08,0.07,0.0,255.0,10.0,0.04,0.07,0.0,0.0,0.0,0.0,1.0,1.0,60668.0
4.0,1.0,22.0,1.0,0.0,0.0,0.0,0.0,0.0,0.0,0.0,0.0,0.0,1.0,0.0,0.0,1.0,1.0,1.0,0.0,1.0,187.0,157.0,0.84,0.01,0.01,0.0,0.0,0.0,1.0,0.0,67286.0
0.0,1.0,7.0,5.0,0.0,0.0,0.0,0.0,0.0,0.0,0.0,0.0,0.0,211.0,1.0,1.0,0.0,0.0,0.08,0.06,0.0,255.0,16.0,0.06,0.07,0.0,0.0,1.0,1.0,0.0,1.0,48546.0
0.0,0.0,13.0,9.0,8.0,0.0,0.0,0.0,0.0,0.0,0.0,0.0,0.0,1.0,0.0,0.0,0.0,0.0,1.0,0.0,1.0,1.0,5.0,1.0,0.0,1.0,0.6,0.0,0.0,0.0,1.0,91830.0
0.0,1.0,46.0,5.0,0.0,0.0,0.0,0.0,0.0,0.0,0.0,0.0,0.0,105.0,1.0,1.0,0.0,0.0,0.12,0.06,0.0,255.0,13.0,0.05,0.08,0.0,0.0,1.0,1.0,0.0,1.0,121449.0
0.0,1.0,32.0,5.0,0.0,0.0,0.0,0.0,0.0,0.0,0.0,0.0,0.0,209.0,1.0,1.0,0.0,0.0,0.1,0.05,0.0,255.0,21.0,0.08,0.05,0.0,0.0,1.0,1.0,0.0,1.0,59256.0
0.0,1.0,46.0,5.0,0.0,0.0,0.0,0.0,0.0,0.0,0.0,0.0,0.0,112.0,1.0,1.0,0.0,0.0,0.03,0.08,0.0,255.0,3.0,0.01,0.09,0.0,0.0,1.0,1.0,0.0,1.0,36120.0
0.0,1.0,46.0,5.0,0.0,0.0,0.0,0.0,0.0,0.0,0.0,0.0,0.0,143.0,1.0,1.0,0.0,0.0,0.02,0.06,0.0,255.0,3.0,0.01,0.06,0.0,0.0,1.0,1.0,0.0,1.0,106045.0
0.0,1.0,46.0,5.0,0.0,0.0,0.0,0.0,0.0,0.0,0.0,0.0,0.0,62.0,1.0,1.0,0.0,0.0,0.08,0.06,0.0,255.0,18.0,0.07,0.05,0.0,0.0,1.0,1.0,0.0,1.0,70145.0
0.0,1.0,4.0,5.0,0.0,0.0,0.0,0.0,0.0,0.0,0.0,0.0,0.0,95.0,1.0,1.0,0.0,0.0,0.16,0.06,0.0,255.0,13.0,0.05,0.06,0.0,0.0,1.0,1.0,0.0,1.0,52655.0
0.0,1.0,46.0,5.0,0.0,0.0,0.0,0.0,0.0,0.0,0.0,0.0,0.0,275.0,1.0,1.0,0.0,0.0,0.05,0.06,0.0,255.0,6.0,0.02,0.08,0.0,0.0,1.0,1.0,0.0,1.0,12076.0
0.0,1.0,57.0,5.0,0.0,0.0,0.0,0.0,0.0,0.0,0.0,0.0,0.0,106.0,1.0,1.0,0.0,0.0,0.08,0.06,0.0,255.0,9.0,0.04,0.07,0.0,0.0,1.0,1.0,0.0,1.0,43194.0
0.0,1.0,22.0,7.0,236.0,0.0,0.0,2.0,1.0,0.0,0.0,0.0,0.0,1.0,1.0,1.0,0.0,0.0,1.0,0.0,0.0,3.0,255.0,1.0,0.0,0.33,0.04,0.33,0.0,0.0,0.0,13783.0
0.0,1.0,33.0,5.0,0.0,0.0,0.0,0.0,0.0,0.0,0.0,0.0,0.0,236.0,1.0,1.0,0.0,0.0,0.04,0.06,0.0,255.0,9.0,0.04,0.07,0.0,0.0,1.0,1.0,0.0,1.0,3291.0
0.0,1.0,12.0,5.0,0.0,0.0,0.0,0.0,0.0,0.0,0.0,0.0,0.0,213.0,1.0,1.0,0.0,0.0,0.08,0.06,0.0,255.0,15.0,0.06,0.07,0.0,0.0,1.0,1.0,0.0,1.0,120428.0
0.0,1.0,46.0,1.0,0.0,0.0,0.0,0.0,0.0,0.0,0.0,0.0,0.0,263.0,0.0,0.0,1.0,1.0,0.06,0.06,0.0,255.0,16.0,0.06,0.07,0.0,0.0,0.0,0.0,1.0,1.0,52110.0
0.0,1.0,12.0,5.0,0.0,0.0,0.0,0.0,0.0,0.0,0.0,0.0,0.0,64.0,1.0,1.0,0.0,0.0,0.17,0.09,0.0,255.0,11.0,0.04,0.07,0.0,0.0,1.0,1.0,0.0,1.0,55719.0
745.0,2.0,41.0,9.0,146.0,105.0,0.0,0.0,0.0,0.0,0.0,0.0,0.0,1.0,0.0,0.0,0.0,0.0,1.0,0.0,0.0,255.0,1.0,0.0,0.66,0.95,0.0,0.0,0.0,0.0,0.0,117076.0
0.0,1.0,20.0,5.0,0.0,0.0,0.0,0.0,0.0,0.0,0.0,0.0,0.0,258.0,1.0,1.0,0.0,0.0,0.08,0.05,0.0,255.0,20.0,0.08,0.05,0.0,0.0,1.0,1.0,0.0,1.0,124307.0
0.0,1.0,12.0,2.0,0.0,0.0,0.0,0.0,0.0,0.0,0.0,0.0,0.0,262.0,0.0,0.0,1.0,1.0,0.07,0.06,0.0,255.0,18.0,0.07,0.07,0.0,0.0,0.0,0.0,1.0,1.0,31627.0
0.0,1.0,46.0,5.0,0.0,0.0,0.0,0.0,0.0,0.0,0.0,0.0,0.0,126.0,1.0,1.0,0.0,0.0,0.08,0.07,0.0,255.0,10.0,0.04,0.08,0.0,0.0,1.0,1.0,0.0,1.0,61341.0
0.0,1.0,35.0,5.0,0.0,0.0,0.0,0.0,0.0,0.0,0.0,0.0,0.0,119.0,1.0,1.0,0.0,0.0,0.03,0.07,0.0,255.0,4.0,0.02,0.08,0.0,0.0,1.0,1.0,0.0,1.0,45248.0
0.0,1.0,65.0,1.0,0.0,0.0,0.0,0.0,0.0,0.0,0.0,0.0,0.0,228.0,0.0,0.0,1.0,1.0,0.03,0.07,0.0,255.0,6.0,0.02,0.07,0.0,0.0,0.0,0.0,1.0,1.0,97386.0
0.0,1.0,46.0,5.0,0.0,0.0,0.0,0.0,0.0,0.0,0.0,0.0,0.0,104.0,1.0,1.0,0.0,0.0,0.03,0.07,0.0,255.0,14.0,0.05,0.06,0.0,0.0,1.0,1.0,0.0,1.0,94487.0
0.0,1.0,46.0,1.0,0.0,0.0,0.0,0.0,0.0,0.0,0.0,0.0,0.0,2.0,0.0,0.0,1.0,1.0,0.5,1.0,0.0,255.0,1.0,0.0,0.56,0.51,0.0,0.01,0.0,1.0,1.0,101314.0
0.0,1.0,30.0,5.0,0.0,0.0,0.0,0.0,0.0,0.0,0.0,0.0,0.0,230.0,1.0,1.0,0.0,0.0,0.1,0.05,0.0,255.0,24.0,0.09,0.05,0.0,0.0,1.0,1.0,0.0,1.0,110612.0
0.0,1.0,46.0,1.0,0.0,0.0,0.0,0.0,0.0,0.0,0.0,0.0,0.0,1.0,0.0,0.0,1.0,1.0,1.0,0.0,0.0,22.0,2.0,0.05,1.0,0.05,1.0,0.0,0.0,1.0,1.0,57111.0
0.0,1.0,62.0,5.0,0.0,0.0,0.0,0.0,0.0,0.0,0.0,0.0,0.0,117.0,1.0,1.0,0.0,0.0,0.16,0.07,0.0,255.0,19.0,0.07,0.07,0.0,0.0,1.0,1.0,0.0,1.0,15652.0
0.0,0.0,14.0,9.0,1032.0,0.0,0.0,0.0,0.0,0.0,0.0,0.0,0.0,193.0,0.0,0.0,0.0,0.0,1.0,0.0,0.0,255.0,193.0,0.76,0.01,0.76,0.0,0.0,0.0,0.0,1.0,113415.0
0.0,1.0,46.0,1.0,0.0,0.0,0.0,0.0,0.0,0.0,0.0,0.0,0.0,135.0,0.0,0.0,1.0,1.0,0.15,0.06,0.0,110.0,20.0,0.18,0.07,0.01,0.0,0.0,0.0,1.0,1.0,120819.0
0.0,1.0,35.0,5.0,0.0,0.0,0.0,0.0,0.0,0.0,0.0,0.0,0.0,253.0,1.0,1.0,0.0,0.0,0.08,0.07,0.0,255.0,20.0,0.08,0.07,0.0,0.0,1.0,1.0,0.0,1.0,112046.0
0.0,1.0,23.0,1.0,0.0,0.0,0.0,0.0,0.0,0.0,0.0,0.0,0.0,111.0,0.0,0.0,1.0,1.0,0.1,0.06,0.0,255.0,11.0,0.04,0.05,0.0,0.0,0.0,0.0,1.0,1.0,11343.0
0.0,0.0,13.0,9.0,8.0,0.0,0.0,0.0,0.0,0.0,0.0,0.0,0.0,1.0,0.0,0.0,0.0,0.0,1.0,0.0,1.0,2.0,94.0,1.0,0.0,1.0,0.26,0.0,0.0,0.0,1.0,50363.0
0.0,1.0,2.0,5.0,0.0,0.0,0.0,0.0,0.0,0.0,0.0,0.0,0.0,240.0,1.0,1.0,0.0,0.0,0.08,0.07,0.0,255.0,18.0,0.07,0.07,0.0,0.0,1.0,1.0,0.0,1.0,60084.0
0.0,1.0,23.0,5.0,0.0,0.0,0.0,0.0,0.0,0.0,0.0,0.0,0.0,243.0,1.0,1.0,0.0,0.0,0.09,0.05,0.0,255.0,23.0,0.09,0.05,0.0,0.0,1.0,1.0,0.0,1.0,66883.0
17689.0,1.0,41.0,4.0,1.0,0.0,0.0,0.0,0.0,0.0,0.0,0.0,0.0,2.0,0.0,0.0,1.0,1.0,1.0,0.0,0.0,255.0,2.0,0.01,0.73,1.0,0.0,0.0,0.0,1.0,1.0,120863.0
0.0,1.0,46.0,5.0,0.0,0.0,0.0,0.0,0.0,0.0,0.0,0.0,0.0,146.0,1.0,1.0,0.0,0.0,0.05,0.05,0.0,255.0,5.0,0.02,0.06,0.0,0.0,1.0,1.0,0.0,1.0,117988.0
0.0,1.0,9.0,5.0,0.0,0.0,0.0,0.0,0.0,0.0,0.0,0.0,0.0,271.0,1.0,1.0,0.0,0.0,0.01,0.06,0.0,255.0,4.0,0.02,0.07,0.0,0.0,1.0,1.0,0.0,1.0,49353.0
0.0,1.0,16.0,5.0,0.0,0.0,0.0,0.0,0.0,0.0,0.0,0.0,0.0,134.0,1.0,1.0,0.0,0.0,0.09,0.06,0.0,255.0,5.0,0.02,0.07,0.0,0.0,1.0,1.0,0.0,1.0,69433.0
0.0,1.0,6.0,5.0,0.0,0.0,0.0,0.0,0.0,0.0,0.0,0.0,0.0,33.0,1.0,1.0,0.0,0.0,0.18,0.15,0.0,255.0,7.0,0.03,0.08,0.0,0.0,1.0,1.0,0.0,1.0,20522.0
0.0,1.0,46.0,5.0,0.0,0.0,0.0,0.0,0.0,0.0,0.0,0.0,0.0,171.0,1.0,1.0,0.0,0.0,0.02,0.07,0.0,255.0,16.0,0.06,0.07,0.0,0.0,1.0,1.0,0.0,1.0,87229.0
0.0,0.0,14.0,9.0,1032.0,0.0,0.0,0.0,0.0,0.0,0.0,0.0,0.0,511.0,0.0,0.0,0.0,0.0,1.0,0.0,0.0,255.0,200.0,0.78,0.02,0.78,0.0,0.0,0.0,0.0,1.0,84319.0
0.0,1.0,46.0,5.0,0.0,0.0,0.0,0.0,0.0,0.0,0.0,0.0,0.0,108.0,0.99,1.0,0.0,0.0,0.07,0.07,0.0,255.0,12.0,0.05,0.07,0.0,0.0,1.0,1.0,0.0,1.0,88685.0
0.0,1.0,46.0,5.0,0.0,0.0,0.0,0.0,0.0,0.0,0.0,0.0,0.0,226.0,1.0,1.0,0.0,0.0,0.07,0.07,0.0,255.0,11.0,0.04,0.07,0.0,0.0,1.0,1.0,0.0,1.0,12927.0
0.0,1.0,6.0,5.0,0.0,0.0,0.0,0.0,0.0,0.0,0.0,0.0,0.0,233.0,1.0,1.0,0.0,0.0,0.03,0.06,0.0,255.0,7.0,0.03,0.07,0.0,0.0,1.0,1.0,0.0,1.0,74124.0
0.0,2.0,11.0,9.0,45.0,45.0,0.0,0.0,0.0,0.0,0.0,0.0,0.0,105.0,0.0,0.0,0.0,0.0,1.0,0.0,0.0,255.0,245.0,0.96,0.01,0.0,0.0,0.0,0.0,0.0,0.0,106720.0
0.0,1.0,17.0,5.0,0.0,0.0,0.0,0.0,0.0,0.0,0.0,0.0,0.0,226.0,1.0,1.0,0.0,0.0,0.0,0.06,0.0,255.0,1.0,0.0,0.06,0.0,0.0,1.0,1.0,0.0,1.0,47197.0
0.0,1.0,46.0,4.0,0.0,0.0,0.0,0.0,0.0,0.0,0.0,0.0,0.0,1.0,0.0,0.0,1.0,1.0,1.0,0.0,0.0,255.0,1.0,0.0,0.83,0.83,0.0,0.0,0.0,1.0,1.0,58503.0
0.0,2.0,11.0,9.0,45.0,69.0,0.0,0.0,0.0,0.0,0.0,0.0,0.0,135.0,0.0,0.0,0.0,0.0,1.0,0.0,0.02,255.0,226.0,0.89,0.01,0.0,0.0,0.0,0.0,0.0,0.0,41048.0
0.0,1.0,46.0,1.0,0.0,0.0,0.0,0.0,0.0,0.0,0.0,0.0,0.0,109.0,0.01,0.0,0.94,1.0,0.01,1.0,0.0,234.0,1.0,0.0,0.5,0.0,0.0,0.0,0.0,1.0,1.0,41872.0
0.0,1.0,12.0,2.0,0.0,0.0,0.0,0.0,0.0,0.0,0.0,0.0,0.0,255.0,0.0,0.0,1.0,1.0,0.05,0.07,0.0,255.0,12.0,0.05,0.07,0.0,0.0,0.0,0.0,1.0,1.0,67605.0
0.0,0.0,13.0,9.0,8.0,0.0,0.0,0.0,0.0,0.0,0.0,0.0,0.0,1.0,0.0,0.0,0.0,0.0,1.0,0.0,1.0,1.0,49.0,1.0,0.0,1.0,0.51,0.0,0.0,0.0,1.0,27725.0
0.0,1.0,38.0,5.0,0.0,0.0,0.0,0.0,0.0,0.0,0.0,0.0,0.0,121.0,1.0,1.0,0.0,0.0,0.07,0.06,0.0,255.0,12.0,0.05,0.07,0.0,0.0,1.0,1.0,0.0,1.0,120898.0
0.0,1.0,5.0,5.0,0.0,0.0,0.0,0.0,0.0,0.0,0.0,0.0,0.0,121.0,1.0,1.0,0.0,0.0,0.03,0.07,0.0,255.0,4.0,0.02,0.08,0.0,0.0,1.0,1.0,0.0,1.0,7239.0
0.0,1.0,46.0,1.0,0.0,0.0,0.0,0.0,0.0,0.0,0.0,0.0,0.0,511.0,0.11,0.0,0.87,1.0,0.0,1.0,0.0,255.0,1.0,0.0,1.0,0.0,0.0,0.09,0.0,1.0,1.0,27579.0
0.0,1.0,46.0,4.0,0.0,0.0,0.0,0.0,0.0,0.0,0.0,0.0,0.0,1.0,0.0,0.0,1.0,1.0,1.0,0.0,0.0,196.0,1.0,0.01,0.17,0.14,0.0,0.0,0.0,1.0,1.0,91612.0
11.0,1.0,53.0,2.0,6.0,34.0,0.0,0.0,1.0,0.0,0.0,0.0,0.0,87.0,0.01,0.0,0.91,1.0,0.01,1.0,0.0,255.0,1.0,0.0,0.36,0.0,0.0,0.0,0.0,1.0,1.0,123450.0
0.0,1.0,25.0,1.0,0.0,0.0,0.0,0.0,0.0,0.0,0.0,0.0,0.0,244.0,0.0,0.0,1.0,1.0,0.07,0.06,0.0,255.0,18.0,0.07,0.07,0.0,0.0,0.0,0.0,1.0,1.0,21342.0
0.0,1.0,46.0,1.0,0.0,0.0,0.0,0.0,0.0,0.0,0.0,0.0,0.0,81.0,0.0,0.0,1.0,1.0,0.25,0.06,0.0,255.0,10.0,0.04,0.06,0.0,0.0,0.0,0.0,1.0,1.0,57642.0
0.0,1.0,6.0,5.0,0.0,0.0,0.0,0.0,0.0,0.0,0.0,0.0,0.0,257.0,1.0,1.0,0.0,0.0,0.09,0.05,0.0,255.0,24.0,0.09,0.05,0.0,0.0,1.0,1.0,0.0,1.0,111220.0
0.0,1.0,5.0,1.0,0.0,0.0,0.0,0.0,0.0,0.0,0.0,0.0,0.0,131.0,0.0,0.0,1.0,1.0,0.14,0.06,0.0,255.0,18.0,0.07,0.07,0.0,0.0,0.0,0.0,1.0,1.0,53054.0
0.0,0.0,14.0,9.0,1032.0,0.0,0.0,0.0,0.0,0.0,0.0,0.0,0.0,511.0,0.0,0.0,0.0,0.0,1.0,0.0,0.0,255.0,12.0,0.05,0.26,0.05,0.0,0.0,0.0,0.0,1.0,18513.0
0.0,1.0,46.0,5.0,0.0,0.0,0.0,0.0,0.0,0.0,0.0,0.0,0.0,293.0,1.0,1.0,0.0,0.0,0.05,0.06,0.0,255.0,12.0,0.05,0.07,0.01,0.0,1.0,1.0,0.0,1.0,71865.0
0.0,1.0,46.0,1.0,0.0,0.0,0.0,0.0,0.0,0.0,0.0,0.0,0.0,126.0,0.06,0.0,0.92,1.0,0.01,1.0,0.0,255.0,1.0,0.0,0.7,0.0,0.0,0.03,0.0,1.0,1.0,112630.0
0.0,2.0,46.0,9.0,1.0,0.0,0.0,0.0,0.0,0.0,0.0,0.0,0.0,125.0,0.0,0.0,0.0,0.0,0.92,0.02,0.0,255.0,183.0,0.72,0.04,1.0,0.0,0.0,0.0,0.0,1.0,105229.0
0.0,0.0,13.0,9.0,8.0,0.0,0.0,0.0,0.0,0.0,0.0,0.0,0.0,1.0,0.0,0.0,0.0,0.0,1.0,0.0,1.0,2.0,106.0,1.0,0.0,1.0,0.5,0.0,0.0,0.0,1.0,11231.0
0.0,1.0,26.0,5.0,0.0,0.0,0.0,0.0,0.0,0.0,0.0,0.0,0.0,201.0,1.0,1.0,0.0,0.0,0.08,0.06,0.0,255.0,16.0,0.06,0.06,0.0,0.0,1.0,1.0,0.0,1.0,52145.0
0.0,1.0,7.0,1.0,0.0,0.0,0.0,0.0,0.0,0.0,0.0,0.0,0.0,144.0,0.0,0.0,1.0,1.0,0.14,0.06,0.0,255.0,20.0,0.08,0.07,0.0,0.0,0.0,0.0,1.0,1.0,16740.0
0.0,1.0,46.0,5.0,0.0,0.0,0.0,0.0,0.0,0.0,0.0,0.0,0.0,106.0,1.0,1.0,0.0,0.0,0.03,0.07,0.0,255.0,2.0,0.01,0.07,0.0,0.0,1.0,1.0,0.0,1.0,35757.0
0.0,2.0,11.0,9.0,46.0,46.0,0.0,0.0,0.0,0.0,0.0,0.0,0.0,152.0,0.0,0.0,0.0,0.0,1.0,0.0,0.0,255.0,255.0,1.0,0.0,0.0,0.0,0.0,0.0,0.0,0.0,116463.0
0.0,1.0,46.0,5.0,0.0,0.0,0.0,0.0,0.0,0.0,0.0,0.0,0.0,149.0,1.0,1.0,0.0,0.0,0.13,0.05,0.0,255.0,9.0,0.04,0.06,0.0,0.0,1.0,1.0,0.0,1.0,34057.0
0.0,1.0,62.0,5.0,0.0,0.0,0.0,0.0,0.0,0.0,0.0,0.0,0.0,114.0,1.0,1.0,0.0,0.0,0.12,0.06,0.0,255.0,4.0,0.02,0.06,0.0,0.0,1.0,1.0,0.0,1.0,16677.0
0.0,2.0,11.0,9.0,43.0,43.0,0.0,0.0,0.0,0.0,0.0,0.0,0.0,128.0,0.0,0.0,0.0,0.0,1.0,0.0,0.01,255.0,255.0,1.0,0.0,0.01,0.0,0.0,0.0,0.0,0.0,66693.0
0.0,1.0,46.0,1.0,0.0,0.0,0.0,0.0,0.0,0.0,0.0,0.0,0.0,264.0,0.09,0.0,0.9,1.0,0.0,1.0,0.0,255.0,1.0,0.0,1.0,0.0,0.0,0.1,0.0,1.0,1.0,112838.0
0.0,1.0,46.0,5.0,0.0,0.0,0.0,0.0,0.0,0.0,0.0,0.0,0.0,103.0,1.0,1.0,0.0,0.0,0.12,0.06,0.0,63.0,10.0,0.16,0.14,0.02,0.0,1.0,1.0,0.0,1.0,101885.0
0.0,1.0,46.0,5.0,0.0,0.0,0.0,0.0,0.0,0.0,0.0,0.0,0.0,142.0,1.0,1.0,0.0,0.0,0.17,0.05,0.0,255.0,24.0,0.09,0.05,0.0,0.0,1.0,1.0,0.0,1.0,117745.0
0.0,1.0,19.0,5.0,0.0,0.0,0.0,0.0,0.0,0.0,0.0,0.0,0.0,79.0,1.0,1.0,0.0,0.0,0.24,0.05,0.0,255.0,39.0,0.15,0.06,0.0,0.0,1.0,1.0,0.0,1.0,38754.0
0.0,1.0,46.0,5.0,0.0,0.0,0.0,0.0,0.0,0.0,0.0,0.0,0.0,73.0,1.0,1.0,0.0,0.0,0.26,0.08,0.0,255.0,19.0,0.07,0.07,0.0,0.0,1.0,1.0,0.0,1.0,8855.0
0.0,1.0,46.0,1.0,0.0,0.0,0.0,0.0,0.0,0.0,0.0,0.0,0.0,282.0,0.0,0.0,1.0,1.0,0.05,0.06,0.0,255.0,28.0,0.11,0.07,0.0,0.0,0.0,0.0,1.0,1.0,43135.0
0.0,1.0,46.0,5.0,0.0,0.0,0.0,0.0,0.0,0.0,0.0,0.0,0.0,232.0,1.0,1.0,0.0,0.0,0.05,0.06,0.0,255.0,20.0,0.08,0.06,0.0,0.0,1.0,1.0,0.0,1.0,33424.0
0.0,0.0,13.0,9.0,18.0,0.0,0.0,0.0,0.0,0.0,0.0,0.0,0.0,1.0,0.0,0.0,0.0,0.0,1.0,0.0,0.0,3.0,43.0,1.0,0.0,1.0,0.26,0.0,0.0,0.0,1.0,17412.0
0.0,1.0,46.0,5.0,0.0,0.0,0.0,0.0,0.0,0.0,0.0,0.0,0.0,140.0,1.0,1.0,0.0,0.0,0.03,0.08,0.0,255.0,4.0,0.02,0.08,0.0,0.0,1.0,1.0,0.0,1.0,55828.0
0.0,1.0,6.0,5.0,0.0,0.0,0.0,0.0,0.0,0.0,0.0,0.0,0.0,276.0,1.0,1.0,0.0,0.0,0.07,0.06,0.0,255.0,3.0,0.01,0.08,0.0,0.0,1.0,1.0,0.0,1.0,52050.0
0.0,1.0,15.0,1.0,0.0,0.0,0.0,0.0,0.0,0.0,0.0,0.0,0.0,113.0,0.0,0.0,1.0,1.0,0.14,0.06,0.0,255.0,16.0,0.06,0.06,0.0,0.0,0.0,0.0,1.0,1.0,15621.0
0.0,2.0,11.0,9.0,46.0,46.0,0.0,0.0,0.0,0.0,0.0,0.0,0.0,160.0,0.0,0.0,0.0,0.0,1.0,0.0,0.0,255.0,255.0,1.0,0.0,0.0,0.0,0.0,0.0,0.0,0.0,111166.0
0.0,1.0,2.0,5.0,0.0,0.0,0.0,0.0,0.0,0.0,0.0,0.0,0.0,248.0,1.0,1.0,0.0,0.0,0.08,0.05,0.0,255.0,19.0,0.07,0.06,0.0,0.0,1.0,1.0,0.0,1.0,13087.0
0.0,1.0,23.0,5.0,0.0,0.0,0.0,0.0,0.0,0.0,0.0,0.0,0.0,3.0,1.0,1.0,0.0,0.0,0.67,0.67,0.0,255.0,12.0,0.05,0.09,0.0,0.0,1.0,1.0,0.0,1.0,77071.0
0.0,1.0,4.0,5.0,0.0,0.0,0.0,0.0,0.0,0.0,0.0,0.0,0.0,270.0,1.0,1.0,0.0,0.0,0.03,0.06,0.0,255.0,8.0,0.03,0.07,0.0,0.0,1.0,1.0,0.0,1.0,21560.0
0.0,1.0,46.0,5.0,0.0,0.0,0.0,0.0,0.0,0.0,0.0,0.0,0.0,102.0,1.0,1.0,0.0,0.0,0.01,0.07,0.0,165.0,20.0,0.12,0.1,0.01,0.0,1.0,1.0,0.0,1.0,7991.0
0.0,2.0,11.0,9.0,44.0,117.0,0.0,0.0,0.0,0.0,0.0,0.0,0.0,104.0,0.0,0.0,0.0,0.0,1.0,0.0,0.0,255.0,255.0,1.0,0.0,0.0,0.0,0.0,0.0,0.0,0.0,65594.0
0.0,2.0,11.0,9.0,46.0,77.0,0.0,0.0,0.0,0.0,0.0,0.0,0.0,178.0,0.0,0.0,0.0,0.0,1.0,0.0,0.0,255.0,227.0,0.89,0.01,0.0,0.0,0.0,0.0,0.0,0.0,107450.0
0.0,1.0,9.0,5.0,0.0,0.0,0.0,0.0,0.0,0.0,0.0,0.0,0.0,141.0,1.0,1.0,0.0,0.0,0.14,0.04,0.0,255.0,10.0,0.04,0.06,0.0,0.0,1.0,1.0,0.0,1.0,21578.0
0.0,1.0,5.0,5.0,0.0,0.0,0.0,0.0,0.0,0.0,0.0,0.0,0.0,141.0,1.0,1.0,0.0,0.0,0.13,0.06,0.0,255.0,4.0,0.02,0.06,0.0,0.0,1.0,1.0,0.0,1.0,46445.0
0.0,1.0,46.0,1.0,0.0,0.0,0.0,0.0,0.0,0.0,0.0,0.0,0.0,116.0,0.01,0.0,0.94,1.0,0.01,1.0,0.0,241.0,1.0,0.0,0.51,0.0,0.0,0.0,0.0,1.0,1.0,52763.0
0.0,0.0,14.0,9.0,1032.0,0.0,0.0,0.0,0.0,0.0,0.0,0.0,0.0,511.0,0.0,0.0,0.0,0.0,1.0,0.0,0.0,255.0,102.0,0.4,0.02,0.4,0.0,0.02,0.0,0.0,1.0,30237.0
0.0,1.0,46.0,5.0,0.0,0.0,0.0,0.0,0.0,0.0,0.0,0.0,0.0,275.0,1.0,1.0,0.0,0.0,0.03,0.06,0.0,255.0,7.0,0.03,0.07,0.0,0.0,1.0,1.0,0.0,1.0,36645.0
0.0,1.0,37.0,5.0,0.0,0.0,0.0,0.0,0.0,0.0,0.0,0.0,0.0,234.0,1.0,1.0,0.0,0.0,0.09,0.04,0.0,255.0,20.0,0.08,0.05,0.0,0.0,1.0,1.0,0.0,1.0,70871.0
0.0,2.0,11.0,9.0,46.0,76.0,0.0,0.0,0.0,0.0,0.0,0.0,0.0,179.0,0.0,0.0,0.0,0.0,1.0,0.0,0.0,255.0,255.0,1.0,0.0,0.0,0.0,0.0,0.0,0.0,0.0,11092.0
0.0,1.0,16.0,2.0,0.0,0.0,0.0,0.0,0.0,0.0,0.0,0.0,0.0,144.0,0.0,0.0,1.0,1.0,0.1,0.06,0.0,255.0,14.0,0.05,0.07,0.0,0.0,0.0,0.0,1.0,1.0,66768.0
0.0,1.0,22.0,9.0,240.0,189.0,0.0,0.0,1.0,0.0,0.0,0.0,0.0,30.0,0.0,0.0,0.0,0.0,1.0,0.0,0.0,255.0,255.0,1.0,0.0,0.0,0.0,0.0,0.0,0.0,0.0,117856.0
0.0,1.0,46.0,5.0,0.0,0.0,0.0,0.0,0.0,0.0,0.0,0.0,0.0,130.0,1.0,1.0,0.0,0.0,0.15,0.05,0.0,255.0,9.0,0.04,0.07,0.0,0.0,1.0,1.0,0.0,1.0,57629.0
0.0,0.0,13.0,9.0,8.0,0.0,0.0,0.0,0.0,0.0,0.0,0.0,0.0,1.0,0.0,0.0,0.0,0.0,1.0,0.0,1.0,1.0,255.0,1.0,0.0,1.0,0.5,0.0,0.0,0.0,1.0,13290.0
0.0,1.0,18.0,5.0,0.0,0.0,0.0,0.0,0.0,0.0,0.0,0.0,0.0,242.0,1.0,1.0,0.0,0.0,0.0,0.06,0.0,255.0,1.0,0.0,0.06,0.0,0.0,1.0,1.0,0.0,1.0,79425.0
0.0,1.0,3.0,5.0,0.0,0.0,0.0,0.0,0.0,0.0,0.0,0.0,0.0,21.0,1.0,1.0,0.0,0.0,0.38,0.19,0.0,255.0,8.0,0.03,0.07,0.0,0.0,1.0,1.0,0.0,1.0,31023.0
0.0,1.0,22.0,5.0,0.0,0.0,0.0,0.0,0.0,0.0,0.0,0.0,0.0,268.0,1.0,1.0,0.0,0.0,0.07,0.06,0.0,255.0,20.0,0.08,0.07,0.0,0.0,1.0,1.0,0.0,1.0,25545.0
0.0,1.0,46.0,5.0,0.0,0.0,0.0,0.0,0.0,0.0,0.0,0.0,0.0,280.0,1.0,1.0,0.0,0.0,0.06,0.06,0.0,255.0,16.0,0.06,0.06,0.0,0.0,1.0,1.0,0.0,1.0,45593.0
4931.0,2.0,41.0,9.0,147.0,105.0,0.0,0.0,0.0,0.0,0.0,0.0,0.0,2.0,0.0,0.0,0.0,0.0,1.0,0.0,0.0,255.0,2.0,0.01,0.91,1.0,0.0,0.0,0.0,0.0,0.0,58678.0
0.0,1.0,20.0,5.0,0.0,0.0,0.0,0.0,0.0,0.0,0.0,0.0,0.0,234.0,1.0,1.0,0.0,0.0,0.08,0.08,0.0,255.0,18.0,0.07,0.07,0.0,0.0,1.0,1.0,0.0,1.0,117374.0
0.0,0.0,14.0,9.0,1032.0,0.0,0.0,0.0,0.0,0.0,0.0,0.0,0.0,508.0,0.0,0.0,0.0,0.0,1.0,0.0,0.0,255.0,81.0,0.32,0.04,0.32,0.0,0.1,0.0,0.0,1.0,118488.0
0.0,1.0,5.0,5.0,0.0,0.0,0.0,0.0,0.0,0.0,0.0,0.0,0.0,135.0,1.0,1.0,0.0,0.0,0.09,0.06,0.0,255.0,15.0,0.06,0.06,0.0,0.0,1.0,1.0,0.0,1.0,112200.0
0.0,2.0,11.0,9.0,44.0,44.0,0.0,0.0,0.0,0.0,0.0,0.0,0.0,116.0,0.0,0.0,0.0,0.0,1.0,0.0,0.01,255.0,255.0,1.0,0.0,0.01,0.0,0.0,0.0,0.0,0.0,94575.0
0.0,1.0,46.0,5.0,0.0,0.0,0.0,0.0,0.0,0.0,0.0,0.0,0.0,145.0,0.97,1.0,0.0,0.0,0.08,0.07,0.0,255.0,12.0,0.05,0.08,0.0,0.0,1.0,1.0,0.0,1.0,12998.0
0.0,1.0,46.0,5.0,0.0,0.0,0.0,0.0,0.0,0.0,0.0,0.0,0.0,93.0,1.0,1.0,0.0,0.0,0.03,0.08,0.0,255.0,3.0,0.01,0.07,0.0,0.0,1.0,1.0,0.0,1.0,53276.0
0.0,0.0,14.0,9.0,1032.0,0.0,0.0,0.0,0.0,0.0,0.0,0.0,0.0,316.0,0.0,0.0,0.0,0.0,1.0,0.0,0.0,255.0,255.0,1.0,0.0,1.0,0.0,0.0,0.0,0.0,1.0,69019.0
0.0,2.0,46.0,9.0,28.0,0.0,3.0,0.0,0.0,0.0,0.0,0.0,0.0,52.0,0.0,0.0,0.02,0.0,0.98,0.04,0.0,255.0,51.0,0.2,0.02,0.2,0.0,0.0,0.0,0.0,1.0,4271.0
0.0,1.0,46.0,5.0,0.0,0.0,0.0,0.0,0.0,0.0,0.0,0.0,0.0,293.0,1.0,1.0,0.0,0.0,0.05,0.06,0.0,255.0,12.0,0.05,0.06,0.0,0.0,1.0,1.0,0.0,1.0,9767.0
0.0,1.0,19.0,5.0,0.0,0.0,0.0,0.0,0.0,0.0,0.0,0.0,0.0,8.0,1.0,1.0,0.0,0.0,0.25,0.5,0.0,255.0,69.0,0.27,0.02,0.0,0.0,1.0,1.0,0.0,1.0,40387.0
1011.0,1.0,41.0,4.0,1.0,0.0,0.0,0.0,0.0,0.0,0.0,0.0,0.0,2.0,0.0,0.0,1.0,1.0,1.0,0.0,0.0,255.0,2.0,0.01,0.73,1.0,0.0,0.0,0.0,1.0,1.0,47440.0
0.0,1.0,21.0,5.0,0.0,0.0,0.0,0.0,0.0,0.0,0.0,0.0,0.0,262.0,1.0,1.0,0.0,0.0,0.02,0.06,0.0,255.0,16.0,0.06,0.06,0.0,0.0,1.0,1.0,0.0,1.0,55184.0
0.0,1.0,65.0,5.0,0.0,0.0,0.0,0.0,0.0,0.0,0.0,0.0,0.0,144.0,1.0,1.0,0.0,0.0,0.03,0.06,0.0,255.0,1.0,0.0,0.08,0.0,0.0,1.0,1.0,0.0,1.0,117828.0
0.0,1.0,46.0,1.0,0.0,0.0,0.0,0.0,0.0,0.0,0.0,0.0,0.0,38.0,0.0,0.0,1.0,1.0,0.47,0.08,0.0,255.0,18.0,0.07,0.06,0.0,0.0,0.0,0.0,1.0,1.0,16771.0
0.0,1.0,22.0,1.0,0.0,0.0,0.0,0.0,0.0,0.0,0.0,0.0,0.0,1.0,0.0,0.0,1.0,1.0,1.0,0.0,1.0,37.0,255.0,1.0,0.0,0.03,0.02,0.0,0.01,0.03,0.0,113404.0
0.0,1.0,22.0,5.0,0.0,0.0,0.0,0.0,0.0,0.0,0.0,0.0,0.0,238.0,1.0,1.0,0.0,0.0,0.01,0.07,0.0,255.0,3.0,0.01,0.08,0.0,0.0,1.0,1.0,0.0,1.0,33307.0
756.0,2.0,41.0,9.0,147.0,105.0,0.0,0.0,0.0,0.0,0.0,0.0,0.0,1.0,0.0,0.0,0.0,0.0,1.0,0.0,0.0,255.0,1.0,0.0,0.62,0.95,0.0,0.0,0.0,0.0,0.0,10715.0
0.0,0.0,13.0,9.0,8.0,0.0,0.0,0.0,0.0,0.0,0.0,0.0,0.0,1.0,0.0,0.0,0.0,0.0,1.0,0.0,1.0,1.0,131.0,1.0,0.0,1.0,0.5,0.0,0.0,0.0,1.0,70087.0
0.0,2.0,46.0,9.0,1.0,0.0,0.0,0.0,0.0,0.0,0.0,0.0,0.0,25.0,0.0,0.0,0.0,0.0,0.04,0.2,0.0,255.0,1.0,0.0,0.84,0.19,0.0,0.1,0.0,0.0,1.0,118970.0
0.0,1.0,4.0,5.0,0.0,0.0,0.0,0.0,0.0,0.0,0.0,0.0,0.0,150.0,1.0,1.0,0.0,0.0,0.13,0.06,0.0,255.0,9.0,0.04,0.06,0.0,0.0,1.0,1.0,0.0,1.0,92465.0
0.0,1.0,18.0,2.0,0.0,0.0,0.0,0.0,0.0,0.0,0.0,0.0,0.0,136.0,0.0,0.0,1.0,1.0,0.09,0.07,0.0,255.0,6.0,0.02,0.06,0.0,0.0,0.0,0.0,1.0,1.0,47778.0
0.0,0.0,14.0,9.0,1032.0,0.0,0.0,0.0,0.0,0.0,0.0,0.0,0.0,511.0,0.0,0.0,0.0,0.0,1.0,0.0,0.0,255.0,247.0,0.97,0.01,0.97,0.0,0.0,0.0,0.0,1.0,113822.0
0.0,0.0,13.0,9.0,30.0,0.0,0.0,0.0,0.0,0.0,0.0,0.0,0.0,9.0,0.0,0.0,0.0,0.0,0.11,0.33,0.0,255.0,5.0,0.02,0.01,0.17,0.0,0.0,0.0,0.0,0.0,3051.0
0.0,1.0,26.0,5.0,0.0,0.0,0.0,0.0,0.0,0.0,0.0,0.0,0.0,240.0,1.0,1.0,0.0,0.0,0.06,0.07,0.0,255.0,14.0,0.05,0.07,0.0,0.0,1.0,1.0,0.0,1.0,48846.0
0.0,1.0,59.0,2.0,0.0,0.0,0.0,0.0,0.0,0.0,0.0,0.0,0.0,204.0,0.0,0.0,1.0,1.0,0.01,0.07,0.0,255.0,2.0,0.01,0.07,0.0,0.0,0.0,0.0,1.0,1.0,71831.0
0.0,1.0,25.0,5.0,0.0,0.0,0.0,0.0,0.0,0.0,0.0,0.0,0.0,255.0,1.0,1.0,0.0,0.0,0.03,0.06,0.0,255.0,10.0,0.04,0.07,0.0,0.0,1.0,1.0,0.0,1.0,876.0
0.0,0.0,13.0,9.0,8.0,0.0,0.0,0.0,0.0,0.0,0.0,0.0,0.0,1.0,0.0,0.0,0.0,0.0,1.0,0.0,1.0,1.0,231.0,1.0,0.0,1.0,0.5,0.0,0.0,0.0,1.0,54742.0
0.0,1.0,3.0,5.0,0.0,0.0,0.0,0.0,0.0,0.0,0.0,0.0,0.0,258.0,1.0,1.0,0.0,0.0,0.02,0.06,0.0,255.0,4.0,0.02,0.07,0.0,0.0,1.0,1.0,0.0,1.0,9353.0
0.0,0.0,14.0,9.0,1032.0,0.0,0.0,0.0,0.0,0.0,0.0,0.0,0.0,511.0,0.0,0.0,0.0,0.0,1.0,0.0,0.0,255.0,11.0,0.04,0.18,0.04,0.0,0.0,0.0,0.0,1.0,39721.0
0.0,1.0,8.0,5.0,0.0,0.0,0.0,0.0,0.0,0.0,0.0,0.0,0.0,212.0,1.0,1.0,0.0,0.0,0.08,0.06,0.0,255.0,10.0,0.04,0.08,0.0,0.0,1.0,1.0,0.0,1.0,39638.0
0.0,2.0,46.0,9.0,1.0,0.0,0.0,0.0,0.0,0.0,0.0,0.0,0.0,29.0,0.0,0.0,0.0,0.0,0.9,0.07,0.0,255.0,26.0,0.1,0.26,1.0,0.0,0.0,0.0,0.0,1.0,78650.0
0.0,1.0,46.0,5.0,0.0,0.0,0.0,0.0,0.0,0.0,0.0,0.0,0.0,128.0,1.0,1.0,0.0,0.0,0.09,0.06,0.0,255.0,4.0,0.02,0.07,0.0,0.0,1.0,1.0,0.0,1.0,121122.0
0.0,2.0,11.0,9.0,45.0,125.0,0.0,0.0,0.0,0.0,0.0,0.0,0.0,78.0,0.0,0.0,0.0,0.0,1.0,0.0,0.01,131.0,83.0,0.63,0.02,0.01,0.0,0.0,0.0,0.0,0.0,75346.0
0.0,2.0,46.0,9.0,28.0,0.0,3.0,0.0,0.0,0.0,0.0,0.0,0.0,59.0,0.0,0.0,0.0,0.0,1.0,0.0,0.0,255.0,59.0,0.23,0.04,0.23,0.0,0.02,0.0,0.0,1.0,113083.0
0.0,1.0,34.0,5.0,0.0,0.0,0.0,0.0,0.0,0.0,0.0,0.0,0.0,88.0,1.0,1.0,0.0,0.0,0.14,0.07,0.0,255.0,7.0,0.03,0.07,0.0,0.0,1.0,1.0,0.0,1.0,44834.0
0.0,1.0,57.0,5.0,0.0,0.0,0.0,0.0,0.0,0.0,0.0,0.0,0.0,261.0,1.0,1.0,0.0,0.0,0.05,0.05,0.0,255.0,13.0,0.05,0.05,0.0,0.0,1.0,1.0,0.0,1.0,4415.0
0.0,1.0,65.0,5.0,0.0,0.0,0.0,0.0,0.0,0.0,0.0,0.0,0.0,230.0,1.0,1.0,0.0,0.0,0.03,0.07,0.0,255.0,9.0,0.04,0.08,0.0,0.0,1.0,1.0,0.0,1.0,40842.0
0.0,1.0,46.0,5.0,0.0,0.0,0.0,0.0,0.0,0.0,0.0,0.0,0.0,244.0,1.0,1.0,0.0,0.0,0.01,0.06,0.0,255.0,2.0,0.01,0.07,0.0,0.0,1.0,1.0,0.0,1.0,108798.0
0.0,1.0,8.0,5.0,0.0,0.0,0.0,0.0,0.0,0.0,0.0,0.0,0.0,249.0,1.0,1.0,0.0,0.0,0.0,0.07,0.0,255.0,1.0,0.0,0.07,0.0,0.0,1.0,1.0,0.0,1.0,36050.0
0.0,1.0,65.0,1.0,0.0,0.0,0.0,0.0,0.0,0.0,0.0,0.0,0.0,232.0,0.0,0.0,1.0,1.0,0.04,0.07,0.0,255.0,9.0,0.04,0.07,0.0,0.0,0.0,0.0,1.0,1.0,68849.0
0.0,1.0,62.0,5.0,0.0,0.0,0.0,0.0,0.0,0.0,0.0,0.0,0.0,116.0,1.0,1.0,0.0,0.0,0.16,0.07,0.0,255.0,18.0,0.07,0.07,0.0,0.0,1.0,1.0,0.0,1.0,123561.0
0.0,1.0,46.0,1.0,0.0,0.0,0.0,0.0,0.0,0.0,0.0,0.0,0.0,106.0,0.0,0.0,1.0,1.0,0.11,0.06,0.0,255.0,10.0,0.04,0.07,0.0,0.0,0.0,0.0,1.0,1.0,107626.0
0.0,0.0,13.0,9.0,18.0,0.0,0.0,0.0,0.0,0.0,0.0,0.0,0.0,2.0,0.0,0.0,0.0,0.0,0.5,1.0,0.0,2.0,26.0,1.0,0.0,1.0,0.27,0.0,0.0,0.0,1.0,85183.0
0.0,0.0,14.0,9.0,1032.0,0.0,0.0,0.0,0.0,0.0,0.0,0.0,0.0,140.0,0.0,0.0,0.0,0.0,1.0,0.0,0.0,255.0,140.0,0.55,0.01,0.55,0.0,0.0,0.0,0.0,1.0,9421.0
0.0,1.0,46.0,5.0,0.0,0.0,0.0,0.0,0.0,0.0,0.0,0.0,0.0,293.0,1.0,1.0,0.0,0.0,0.03,0.05,0.0,255.0,4.0,0.02,0.06,0.0,0.0,1.0,1.0,0.0,1.0,86727.0
0.0,0.0,14.0,9.0,1032.0,0.0,0.0,0.0,0.0,0.0,0.0,0.0,0.0,511.0,0.0,0.0,0.0,0.0,1.0,0.0,0.0,204.0,110.0,0.54,0.03,0.54,0.0,0.01,0.0,0.0,1.0,50191.0
0.0,1.0,46.0,5.0,0.0,0.0,0.0,0.0,0.0,0.0,0.0,0.0,0.0,95.0,1.0,1.0,0.0,0.0,0.12,0.06,0.0,255.0,8.0,0.03,0.08,0.0,0.0,1.0,1.0,0.0,1.0,48182.0
0.0,1.0,5.0,1.0,0.0,0.0,0.0,0.0,0.0,0.0,0.0,0.0,0.0,129.0,0.0,0.0,1.0,1.0,0.12,0.06,0.0,255.0,16.0,0.06,0.07,0.0,0.0,0.0,0.0,1.0,1.0,30094.0
0.0,1.0,18.0,5.0,0.0,0.0,0.0,0.0,0.0,0.0,0.0,0.0,0.0,247.0,1.0,1.0,0.0,0.0,0.04,0.06,0.0,255.0,11.0,0.04,0.06,0.0,0.0,1.0,1.0,0.0,1.0,116029.0
0.0,0.0,14.0,9.0,520.0,0.0,0.0,0.0,0.0,0.0,0.0,0.0,0.0,480.0,0.0,0.0,0.0,0.0,1.0,0.0,0.0,138.0,138.0,1.0,0.0,1.0,0.0,0.0,0.0,0.0,1.0,51716.0
0.0,0.0,14.0,9.0,30.0,0.0,0.0,0.0,0.0,0.0,0.0,0.0,0.0,2.0,0.0,0.0,0.0,0.0,1.0,0.0,0.0,223.0,223.0,1.0,0.0,1.0,0.0,0.0,0.0,0.0,0.0,80605.0
0.0,1.0,6.0,1.0,0.0,0.0,0.0,0.0,0.0,0.0,0.0,0.0,0.0,146.0,0.0,0.0,1.0,1.0,0.11,0.05,0.0,255.0,11.0,0.04,0.06,0.0,0.0,0.0,0.0,1.0,1.0,88495.0
0.0,1.0,46.0,5.0,0.0,0.0,0.0,0.0,0.0,0.0,0.0,0.0,0.0,142.0,1.0,1.0,0.0,0.0,0.08,0.08,0.0,255.0,12.0,0.05,0.08,0.0,0.0,1.0,1.0,0.0,1.0,64286.0
0.0,0.0,13.0,9.0,18.0,0.0,0.0,0.0,0.0,0.0,0.0,0.0,0.0,1.0,0.0,0.0,0.0,0.0,1.0,0.0,0.0,2.0,62.0,1.0,0.0,1.0,0.26,0.0,0.0,0.0,1.0,120033.0
0.0,1.0,46.0,1.0,0.0,0.0,0.0,0.0,0.0,0.0,0.0,0.0,0.0,4.0,0.0,0.0,0.75,1.0,0.25,1.0,0.0,255.0,1.0,0.0,0.05,0.0,0.0,0.0,0.0,1.0,1.0,91893.0
8.0,1.0,65.0,4.0,0.0,0.0,0.0,0.0,0.0,0.0,0.0,0.0,0.0,2.0,0.0,0.0,1.0,1.0,1.0,0.0,0.0,206.0,2.0,0.01,0.21,0.42,0.0,0.0,0.0,1.0,1.0,94624.0
0.0,1.0,19.0,5.0,0.0,0.0,0.0,0.0,0.0,0.0,0.0,0.0,0.0,273.0,1.0,1.0,0.0,0.0,0.03,0.05,0.0,255.0,4.0,0.02,0.09,0.0,0.0,1.0,1.0,0.0,1.0,106989.0
0.0,1.0,46.0,5.0,0.0,0.0,0.0,0.0,0.0,0.0,0.0,0.0,0.0,48.0,1.0,1.0,0.0,0.0,0.27,0.12,0.0,255.0,13.0,0.05,0.08,0.0,0.0,1.0,1.0,0.0,1.0,52897.0
0.0,1.0,12.0,5.0,0.0,0.0,0.0,0.0,0.0,0.0,0.0,0.0,0.0,292.0,1.0,1.0,0.0,0.0,0.01,0.05,0.0,255.0,2.0,0.01,0.05,0.0,0.0,1.0,1.0,0.0,1.0,45481.0
0.0,1.0,54.0,5.0,0.0,0.0,0.0,0.0,0.0,0.0,0.0,0.0,0.0,273.0,1.0,1.0,0.0,0.0,0.01,0.06,0.0,255.0,2.0,0.01,0.07,0.0,0.0,1.0,1.0,0.0,1.0,86106.0
0.0,1.0,59.0,5.0,0.0,0.0,0.0,0.0,0.0,0.0,0.0,0.0,0.0,243.0,1.0,1.0,0.0,0.0,0.09,0.05,0.0,255.0,23.0,0.09,0.06,0.0,0.0,1.0,1.0,0.0,1.0,53983.0
0.0,1.0,27.0,5.0,0.0,0.0,0.0,0.0,0.0,0.0,0.0,0.0,0.0,139.0,1.0,1.0,0.0,0.0,0.02,0.06,0.0,255.0,6.0,0.02,0.07,0.0,0.0,1.0,1.0,0.0,1.0,121511.0
0.0,0.0,13.0,9.0,8.0,0.0,0.0,0.0,0.0,0.0,0.0,0.0,0.0,1.0,0.0,0.0,0.0,0.0,1.0,0.0,0.0,2.0,12.0,1.0,0.0,1.0,0.5,0.0,0.0,0.0,1.0,18189.0
0.0,2.0,11.0,9.0,44.0,110.0,0.0,0.0,0.0,0.0,0.0,0.0,0.0,109.0,0.0,0.0,0.0,0.0,1.0,0.0,0.01,255.0,255.0,1.0,0.0,0.0,0.0,0.0,0.0,0.0,0.0,80139.0
0.0,0.0,13.0,9.0,8.0,0.0,0.0,0.0,0.0,0.0,0.0,0.0,0.0,1.0,0.0,0.0,0.0,0.0,1.0,0.0,1.0,2.0,190.0,1.0,0.0,1.0,0.25,0.0,0.0,0.0,1.0,7934.0
0.0,1.0,46.0,5.0,0.0,0.0,0.0,0.0,0.0,0.0,0.0,0.0,0.0,231.0,1.0,1.0,0.0,0.0,0.01,0.06,0.0,255.0,1.0,0.0,0.08,0.0,0.0,1.0,1.0,0.0,1.0,19894.0
0.0,1.0,46.0,5.0,0.0,0.0,0.0,0.0,0.0,0.0,0.0,0.0,0.0,221.0,1.0,1.0,0.0,0.0,0.1,0.05,0.0,255.0,22.0,0.09,0.06,0.0,0.0,1.0,1.0,0.0,1.0,78269.0
0.0,2.0,41.0,9.0,1.0,0.0,0.0,0.0,0.0,0.0,0.0,0.0,0.0,10.0,0.0,0.0,0.0,0.0,0.1,0.8,0.0,255.0,1.0,0.0,0.2,1.0,0.0,0.0,0.0,0.0,1.0,71005.0
11.0,1.0,16.0,9.0,6.0,0.0,0.0,0.0,0.0,0.0,0.0,0.0,0.0,510.0,0.2,0.0,0.79,0.0,0.0,1.0,0.0,255.0,1.0,0.0,1.0,0.0,0.0,0.19,0.0,0.0,1.0,124599.0
0.0,1.0,46.0,5.0,0.0,0.0,0.0,0.0,0.0,0.0,0.0,0.0,0.0,267.0,1.0,1.0,0.0,0.0,0.02,0.07,0.0,255.0,6.0,0.02,0.09,0.0,0.0,1.0,1.0,0.0,1.0,27602.0
0.0,1.0,46.0,5.0,0.0,0.0,0.0,0.0,0.0,0.0,0.0,0.0,0.0,42.0,1.0,1.0,0.0,0.0,0.19,0.12,0.0,255.0,8.0,0.03,0.08,0.0,0.0,1.0,1.0,0.0,1.0,108817.0
0.0,1.0,57.0,5.0,0.0,0.0,0.0,0.0,0.0,0.0,0.0,0.0,0.0,64.0,0.98,1.0,0.02,0.0,0.23,0.08,0.0,255.0,35.0,0.14,0.05,0.01,0.0,1.0,1.0,0.0,1.0,102262.0
0.0,1.0,46.0,5.0,0.0,0.0,0.0,0.0,0.0,0.0,0.0,0.0,0.0,113.0,1.0,1.0,0.0,0.0,0.08,0.06,0.0,255.0,12.0,0.05,0.08,0.0,0.0,1.0,1.0,0.0,1.0,81394.0
0.0,1.0,46.0,5.0,0.0,0.0,0.0,0.0,0.0,0.0,0.0,0.0,0.0,102.0,1.0,1.0,0.0,0.0,0.01,0.08,0.0,255.0,1.0,0.0,0.07,0.0,0.0,1.0,1.0,0.0,1.0,22995.0
0.0,1.0,46.0,5.0,0.0,0.0,0.0,0.0,0.0,0.0,0.0,0.0,0.0,187.0,1.0,1.0,0.0,0.0,0.11,0.06,0.0,255.0,20.0,0.08,0.07,0.0,0.0,1.0,1.0,0.0,1.0,29260.0
0.0,2.0,41.0,9.0,1.0,0.0,0.0,0.0,0.0,0.0,0.0,0.0,0.0,7.0,0.0,0.0,0.0,0.0,0.29,0.43,0.0,255.0,2.0,0.01,0.17,1.0,0.0,0.0,0.0,0.0,1.0,121655.0
0.0,0.0,13.0,9.0,8.0,0.0,0.0,0.0,0.0,0.0,0.0,0.0,0.0,1.0,0.0,0.0,0.0,0.0,1.0,0.0,1.0,1.0,137.0,1.0,0.0,1.0,0.26,0.0,0.0,0.0,1.0,40612.0
0.0,1.0,46.0,5.0,0.0,0.0,0.0,0.0,0.0,0.0,0.0,0.0,0.0,175.0,1.0,1.0,0.0,0.0,0.05,0.06,0.0,255.0,17.0,0.07,0.07,0.0,0.0,1.0,1.0,0.0,1.0,36616.0
0.0,1.0,46.0,4.0,0.0,0.0,0.0,0.0,0.0,0.0,0.0,0.0,0.0,1.0,0.0,0.0,1.0,1.0,1.0,0.0,0.0,181.0,1.0,0.01,0.18,0.34,0.0,0.0,0.0,1.0,1.0,31108.0
4530.0,2.0,41.0,9.0,147.0,105.0,0.0,0.0,0.0,0.0,0.0,0.0,0.0,1.0,0.0,0.0,0.0,0.0,1.0,0.0,0.0,255.0,1.0,0.0,0.69,0.91,0.0,0.0,0.0,0.0,0.0,24945.0
0.0,1.0,46.0,5.0,0.0,0.0,0.0,0.0,0.0,0.0,0.0,0.0,0.0,231.0,1.0,1.0,0.0,0.0,0.06,0.06,0.0,255.0,19.0,0.07,0.08,0.0,0.0,1.0,1.0,0.0,1.0,16219.0
0.0,1.0,53.0,5.0,0.0,0.0,0.0,0.0,0.0,0.0,0.0,0.0,0.0,274.0,1.0,1.0,0.0,0.0,0.08,0.04,0.0,255.0,23.0,0.09,0.05,0.0,0.0,1.0,1.0,0.0,1.0,118458.0
0.0,1.0,46.0,1.0,0.0,0.0,0.0,0.0,0.0,0.0,0.0,0.0,0.0,139.0,0.0,0.0,1.0,1.0,0.08,0.06,0.0,214.0,11.0,0.05,0.06,0.0,0.0,0.0,0.0,1.0,1.0,44783.0
0.0,1.0,19.0,5.0,0.0,0.0,0.0,0.0,0.0,0.0,0.0,0.0,0.0,37.0,1.0,1.0,0.0,0.0,0.24,0.11,0.0,255.0,55.0,0.22,0.04,0.01,0.0,1.0,1.0,0.0,1.0,23112.0
0.0,1.0,46.0,5.0,0.0,0.0,0.0,0.0,0.0,0.0,0.0,0.0,0.0,123.0,0.98,1.0,0.0,0.0,0.13,0.07,0.0,255.0,14.0,0.05,0.05,0.0,0.0,1.0,1.0,0.0,1.0,57270.0
0.0,1.0,25.0,5.0,0.0,0.0,0.0,0.0,0.0,0.0,0.0,0.0,0.0,275.0,1.0,1.0,0.0,0.0,0.03,0.06,0.0,255.0,8.0,0.03,0.07,0.0,0.0,1.0,1.0,0.0,1.0,81761.0
0.0,1.0,26.0,1.0,0.0,0.0,0.0,0.0,0.0,0.0,0.0,0.0,0.0,235.0,0.0,0.0,1.0,1.0,0.03,0.07,0.0,255.0,6.0,0.02,0.07,0.0,0.0,0.0,0.0,1.0,1.0,27943.0
0.0,1.0,55.0,5.0,0.0,0.0,0.0,0.0,0.0,0.0,0.0,0.0,0.0,291.0,1.0,1.0,0.0,0.0,0.05,0.06,0.0,255.0,3.0,0.01,0.11,0.0,0.0,1.0,1.0,0.0,1.0,65140.0
0.0,1.0,46.0,5.0,0.0,0.0,0.0,0.0,0.0,0.0,0.0,0.0,0.0,165.0,1.0,1.0,0.0,0.0,0.06,0.06,0.0,255.0,20.0,0.08,0.07,0.0,0.0,1.0,1.0,0.0,1.0,100652.0
0.0,2.0,11.0,9.0,45.0,45.0,0.0,0.0,0.0,0.0,0.0,0.0,0.0,90.0,0.0,0.0,0.0,0.0,1.0,0.0,0.01,255.0,252.0,0.99,0.01,0.01,0.0,0.0,0.0,0.0,0.0,96665.0
0.0,1.0,46.0,1.0,0.0,0.0,0.0,0.0,0.0,0.0,0.0,0.0,0.0,95.0,0.0,0.0,1.0,1.0,0.06,0.06,0.0,255.0,6.0,0.02,0.07,0.0,0.0,0.0,0.0,1.0,1.0,57045.0
0.0,1.0,46.0,5.0,0.0,0.0,0.0,0.0,0.0,0.0,0.0,0.0,0.0,164.0,1.0,1.0,0.0,0.0,0.08,0.07,0.0,255.0,5.0,0.02,0.07,0.0,0.0,1.0,1.0,0.0,1.0,56779.0
205.0,2.0,41.0,9.0,146.0,105.0,0.0,0.0,0.0,0.0,0.0,0.0,0.0,1.0,0.0,0.0,0.0,0.0,1.0,0.0,0.0,255.0,3.0,0.01,0.64,0.95,0.0,0.0,0.0,0.0,0.0,121865.0
0.0,0.0,13.0,9.0,8.0,0.0,0.0,0.0,0.0,0.0,0.0,0.0,0.0,1.0,0.0,0.0,0.0,0.0,1.0,0.0,1.0,1.0,86.0,1.0,0.0,1.0,0.51,0.0,0.0,0.0,1.0,20585.0
0.0,1.0,46.0,4.0,0.0,0.0,0.0,0.0,0.0,0.0,0.0,0.0,0.0,1.0,0.0,0.0,1.0,1.0,1.0,0.0,0.0,121.0,1.0,0.01,0.61,0.6,0.0,0.05,0.0,1.0,1.0,97372.0
0.0,1.0,22.0,5.0,0.0,0.0,0.0,0.0,0.0,0.0,0.0,0.0,0.0,141.0,1.0,1.0,0.0,0.0,0.09,0.06,0.0,255.0,6.0,0.02,0.06,0.0,0.0,1.0,1.0,0.0,1.0,116176.0
0.0,1.0,46.0,5.0,0.0,0.0,0.0,0.0,0.0,0.0,0.0,0.0,0.0,218.0,1.0,1.0,0.0,0.0,0.08,0.06,0.0,255.0,3.0,0.01,0.08,0.0,0.0,1.0,1.0,0.0,1.0,41560.0
0.0,1.0,7.0,1.0,0.0,0.0,0.0,0.0,0.0,0.0,0.0,0.0,0.0,141.0,0.0,0.0,1.0,1.0,0.12,0.06,0.0,255.0,17.0,0.07,0.07,0.0,0.0,0.0,0.0,1.0,1.0,17983.0
0.0,1.0,12.0,5.0,0.0,0.0,0.0,0.0,0.0,0.0,0.0,0.0,0.0,56.0,1.0,1.0,0.0,0.0,0.12,0.09,0.0,255.0,7.0,0.03,0.07,0.0,0.0,1.0,1.0,0.0,1.0,10338.0
0.0,1.0,36.0,5.0,0.0,0.0,0.0,0.0,0.0,0.0,0.0,0.0,0.0,292.0,1.0,1.0,0.0,0.0,0.01,0.05,0.0,255.0,7.0,0.03,0.07,0.0,0.0,1.0,1.0,0.0,1.0,113086.0
0.0,1.0,3.0,5.0,0.0,0.0,0.0,0.0,0.0,0.0,0.0,0.0,0.0,283.0,1.0,1.0,0.0,0.0,0.05,0.06,0.0,255.0,13.0,0.05,0.06,0.0,0.0,1.0,1.0,0.0,1.0,69596.0
0.0,1.0,17.0,5.0,0.0,0.0,0.0,0.0,0.0,0.0,0.0,0.0,0.0,144.0,1.0,1.0,0.0,0.0,0.15,0.05,0.0,255.0,10.0,0.04,0.06,0.0,0.0,1.0,1.0,0.0,1.0,11041.0
0.0,1.0,22.0,5.0,0.0,0.0,0.0,0.0,0.0,0.0,0.0,0.0,0.0,13.0,1.0,0.93,0.0,0.07,1.0,0.0,0.14,13.0,13.0,1.0,0.0,0.08,0.0,1.0,1.0,0.0,1.0,71833.0
0.0,1.0,41.0,1.0,0.0,0.0,0.0,0.0,0.0,0.0,0.0,0.0,0.0,409.0,0.07,0.0,0.9,1.0,0.0,1.0,0.0,255.0,1.0,0.0,1.0,0.0,0.0,0.08,0.0,1.0,1.0,79665.0
0.0,2.0,46.0,9.0,1.0,0.0,0.0,0.0,0.0,0.0,0.0,0.0,0.0,15.0,0.0,0.0,0.0,0.0,0.27,0.47,0.0,255.0,4.0,0.02,0.23,1.0,0.0,0.0,0.0,0.0,1.0,103611.0
0.0,1.0,46.0,1.0,0.0,0.0,0.0,0.0,0.0,0.0,0.0,0.0,0.0,1.0,0.0,0.0,1.0,1.0,1.0,0.0,0.0,40.0,2.0,0.03,1.0,0.03,1.0,0.0,0.0,1.0,1.0,98778.0
0.0,1.0,46.0,4.0,0.0,0.0,0.0,0.0,0.0,0.0,0.0,0.0,0.0,1.0,0.0,0.0,1.0,1.0,1.0,0.0,0.0,197.0,1.0,0.01,0.76,0.76,0.0,0.03,0.0,1.0,1.0,57130.0
0.0,1.0,46.0,5.0,0.0,0.0,0.0,0.0,0.0,0.0,0.0,0.0,0.0,208.0,1.0,1.0,0.0,0.0,0.03,0.06,0.0,255.0,11.0,0.04,0.06,0.0,0.0,1.0,1.0,0.0,1.0,115124.0
0.0,1.0,46.0,5.0,0.0,0.0,0.0,0.0,0.0,0.0,0.0,0.0,0.0,89.0,1.0,1.0,0.0,0.0,0.28,0.09,0.0,255.0,25.0,0.1,0.06,0.0,0.0,1.0,1.0,0.0,1.0,95174.0
0.0,1.0,46.0,5.0,0.0,0.0,0.0,0.0,0.0,0.0,0.0,0.0,0.0,105.0,1.0,1.0,0.0,0.0,0.1,0.06,0.0,255.0,10.0,0.04,0.06,0.0,0.0,1.0,1.0,0.0,1.0,54949.0
0.0,1.0,55.0,5.0,0.0,0.0,0.0,0.0,0.0,0.0,0.0,0.0,0.0,168.0,1.0,1.0,0.0,0.0,0.12,0.06,0.0,255.0,21.0,0.08,0.06,0.0,0.0,1.0,1.0,0.0,1.0,69.0
0.0,1.0,46.0,1.0,0.0,0.0,0.0,0.0,0.0,0.0,0.0,0.0,0.0,294.0,0.07,0.0,0.88,1.0,0.0,1.0,0.0,255.0,1.0,0.0,1.0,0.0,0.0,0.08,0.0,1.0,1.0,35236.0
0.0,1.0,46.0,1.0,0.0,0.0,0.0,0.0,0.0,0.0,0.0,0.0,0.0,196.0,0.0,0.0,1.0,1.0,0.07,0.06,0.0,255.0,14.0,0.05,0.08,0.0,0.0,0.0,0.0,1.0,1.0,25913.0
0.0,1.0,20.0,5.0,0.0,0.0,0.0,0.0,0.0,0.0,0.0,0.0,0.0,220.0,1.0,1.0,0.0,0.0,0.02,0.06,0.0,255.0,17.0,0.07,0.08,0.0,0.0,1.0,1.0,0.0,1.0,26123.0
0.0,0.0,13.0,9.0,8.0,0.0,0.0,0.0,0.0,0.0,0.0,0.0,0.0,1.0,0.0,0.0,0.0,0.0,1.0,0.0,1.0,2.0,44.0,1.0,0.0,1.0,0.5,0.0,0.0,0.0,1.0,15546.0
0.0,1.0,17.0,5.0,0.0,0.0,0.0,0.0,0.0,0.0,0.0,0.0,0.0,254.0,1.0,1.0,0.0,0.0,0.01,0.07,0.0,255.0,2.0,0.01,0.07,0.0,0.0,1.0,1.0,0.0,1.0,1514.0
0.0,1.0,22.0,5.0,0.0,0.0,0.0,0.0,0.0,0.0,0.0,0.0,0.0,216.0,1.0,0.32,0.0,0.0,0.04,0.06,0.12,255.0,8.0,0.03,0.08,0.0,0.0,1.0,1.0,0.0,1.0,31801.0
0.0,1.0,63.0,5.0,0.0,0.0,0.0,0.0,0.0,0.0,0.0,0.0,0.0,148.0,1.0,1.0,0.0,0.0,0.17,0.04,0.0,255.0,25.0,0.1,0.04,0.0,0.0,1.0,1.0,0.0,1.0,61672.0
0.0,1.0,57.0,5.0,0.0,0.0,0.0,0.0,0.0,0.0,0.0,0.0,0.0,289.0,1.0,1.0,0.0,0.0,0.09,0.04,0.0,255.0,25.0,0.1,0.05,0.0,0.0,1.0,1.0,0.0,1.0,32842.0
0.0,1.0,46.0,5.0,0.0,0.0,0.0,0.0,0.0,0.0,0.0,0.0,0.0,128.0,1.0,1.0,0.0,0.0,0.08,0.05,0.0,255.0,7.0,0.03,0.07,0.0,0.0,1.0,1.0,0.0,1.0,62779.0
0.0,1.0,46.0,1.0,0.0,0.0,0.0,0.0,0.0,0.0,0.0,0.0,0.0,137.0,0.0,0.0,1.0,1.0,0.12,0.06,0.0,255.0,3.0,0.01,0.07,0.0,0.0,0.0,0.0,1.0,1.0,66717.0
0.0,1.0,52.0,5.0,0.0,0.0,0.0,0.0,0.0,0.0,0.0,0.0,0.0,115.0,1.0,1.0,0.0,0.0,0.13,0.05,0.0,255.0,15.0,0.06,0.05,0.0,0.0,1.0,1.0,0.0,1.0,62493.0
0.0,1.0,46.0,5.0,0.0,0.0,0.0,0.0,0.0,0.0,0.0,0.0,0.0,140.0,1.0,1.0,0.0,0.0,0.07,0.06,0.0,255.0,12.0,0.05,0.07,0.0,0.0,1.0,1.0,0.0,1.0,123050.0
0.0,2.0,46.0,9.0,1.0,0.0,0.0,0.0,0.0,0.0,0.0,0.0,0.0,11.0,0.0,0.0,0.0,0.0,1.0,0.0,0.0,255.0,11.0,0.04,0.95,0.05,0.0,0.13,0.0,0.0,1.0,3049.0
0.0,1.0,46.0,5.0,0.0,0.0,0.0,0.0,0.0,0.0,0.0,0.0,0.0,161.0,1.0,1.0,0.0,0.0,0.06,0.07,0.0,255.0,10.0,0.04,0.07,0.0,0.0,1.0,1.0,0.0,1.0,48425.0
0.0,0.0,14.0,9.0,520.0,0.0,0.0,0.0,0.0,0.0,0.0,0.0,0.0,72.0,0.0,0.0,0.0,0.0,1.0,0.0,0.0,255.0,255.0,1.0,0.0,1.0,0.0,0.0,0.0,0.0,1.0,116590.0
0.0,1.0,46.0,5.0,0.0,0.0,0.0,0.0,0.0,0.0,0.0,0.0,0.0,141.0,0.99,1.0,0.0,0.0,0.04,0.06,0.0,255.0,7.0,0.03,0.06,0.0,0.0,1.0,1.0,0.0,1.0,44683.0
0.0,1.0,46.0,5.0,0.0,0.0,0.0,0.0,0.0,0.0,0.0,0.0,0.0,114.0,1.0,1.0,0.0,0.0,0.18,0.04,0.0,255.0,20.0,0.08,0.05,0.0,0.0,1.0,1.0,0.0,1.0,88069.0
0.0,0.0,13.0,9.0,8.0,0.0,0.0,0.0,0.0,0.0,0.0,0.0,0.0,1.0,0.0,0.0,0.0,0.0,1.0,0.0,1.0,2.0,129.0,1.0,0.0,1.0,0.5,0.0,0.0,0.0,1.0,26583.0
0.0,1.0,46.0,1.0,0.0,0.0,0.0,0.0,0.0,0.0,0.0,0.0,0.0,511.0,0.11,0.0,0.88,1.0,0.0,1.0,0.0,255.0,1.0,0.0,1.0,0.0,0.0,0.13,0.0,1.0,1.0,13551.0
0.0,1.0,46.0,5.0,0.0,0.0,0.0,0.0,0.0,0.0,0.0,0.0,0.0,228.0,1.0,1.0,0.0,0.0,0.01,0.06,0.0,255.0,4.0,0.02,0.07,0.0,0.0,1.0,1.0,0.0,1.0,39799.0
0.0,2.0,11.0,9.0,44.0,44.0,0.0,0.0,0.0,0.0,0.0,0.0,0.0,135.0,0.0,0.0,0.0,0.0,1.0,0.0,0.0,255.0,254.0,1.0,0.01,0.0,0.0,0.0,0.0,0.0,0.0,96339.0
0.0,1.0,6.0,5.0,0.0,0.0,0.0,0.0,0.0,0.0,0.0,0.0,0.0,286.0,1.0,1.0,0.0,0.0,0.01,0.05,0.0,255.0,4.0,0.02,0.05,0.0,0.0,1.0,1.0,0.0,1.0,14843.0
0.0,1.0,29.0,1.0,0.0,0.0,0.0,0.0,0.0,0.0,0.0,0.0,0.0,110.0,0.0,0.0,1.0,1.0,0.02,0.08,0.0,234.0,2.0,0.01,0.07,0.0,0.0,0.0,0.0,1.0,1.0,95422.0
42108.0,1.0,46.0,4.0,1.0,0.0,0.0,0.0,0.0,0.0,0.0,0.0,0.0,2.0,0.0,0.0,1.0,1.0,1.0,0.0,0.0,188.0,2.0,0.01,0.19,0.36,0.0,0.0,0.0,1.0,1.0,125582.0
0.0,1.0,35.0,1.0,0.0,0.0,0.0,0.0,0.0,0.0,0.0,0.0,0.0,142.0,0.0,0.0,1.0,1.0,0.09,0.06,0.0,255.0,5.0,0.02,0.08,0.0,0.0,0.0,0.0,1.0,1.0,80090.0
0.0,0.0,14.0,9.0,18.0,0.0,0.0,0.0,0.0,0.0,0.0,0.0,0.0,1.0,0.0,0.0,0.0,0.0,1.0,0.0,0.0,15.0,15.0,1.0,0.0,1.0,0.0,0.0,0.0,0.0,1.0,55464.0
0.0,1.0,5.0,1.0,0.0,0.0,0.0,0.0,0.0,0.0,0.0,0.0,0.0,145.0,0.0,0.0,1.0,1.0,0.11,0.06,0.0,255.0,16.0,0.06,0.06,0.0,0.0,0.0,0.0,1.0,1.0,91344.0
0.0,1.0,46.0,5.0,0.0,0.0,0.0,0.0,0.0,0.0,0.0,0.0,0.0,144.0,1.0,1.0,0.0,0.0,0.09,0.06,0.0,255.0,2.0,0.01,0.08,0.0,0.0,1.0,1.0,0.0,1.0,117167.0
0.0,1.0,57.0,5.0,0.0,0.0,0.0,0.0,0.0,0.0,0.0,0.0,0.0,57.0,1.0,1.0,0.0,0.0,0.25,0.07,0.0,255.0,47.0,0.18,0.05,0.01,0.0,1.0,1.0,0.0,1.0,66152.0
0.0,1.0,46.0,5.0,0.0,0.0,0.0,0.0,0.0,0.0,0.0,0.0,0.0,278.0,1.0,1.0,0.0,0.0,0.04,0.06,0.0,255.0,9.0,0.04,0.07,0.0,0.0,1.0,1.0,0.0,1.0,54309.0
0.0,1.0,25.0,5.0,0.0,0.0,0.0,0.0,0.0,0.0,0.0,0.0,0.0,218.0,1.0,1.0,0.0,0.0,0.01,0.08,0.0,255.0,3.0,0.01,0.08,0.0,0.0,1.0,1.0,0.0,1.0,42141.0
0.0,1.0,46.0,5.0,0.0,0.0,0.0,0.0,0.0,0.0,0.0,0.0,0.0,227.0,1.0,1.0,0.0,0.0,0.08,0.06,0.0,255.0,18.0,0.07,0.07,0.0,0.0,1.0,1.0,0.0,1.0,24670.0
0.0,2.0,46.0,9.0,28.0,0.0,3.0,0.0,0.0,0.0,0.0,0.0,0.0,14.0,0.0,0.0,0.0,0.0,1.0,0.0,0.0,255.0,14.0,0.05,0.02,0.05,0.0,0.0,0.0,0.0,1.0,77943.0
2230.0,2.0,41.0,9.0,146.0,105.0,0.0,0.0,0.0,0.0,0.0,0.0,0.0,3.0,0.0,0.0,0.0,0.0,0.33,0.67,0.0,255.0,1.0,0.0,0.86,1.0,0.0,0.0,0.0,0.0,0.0,35852.0
0.0,1.0,46.0,5.0,0.0,0.0,0.0,0.0,0.0,0.0,0.0,0.0,0.0,201.0,1.0,1.0,0.0,0.0,0.09,0.07,0.0,255.0,19.0,0.07,0.07,0.0,0.0,1.0,1.0,0.0,1.0,114581.0
0.0,1.0,25.0,5.0,0.0,0.0,0.0,0.0,0.0,0.0,0.0,0.0,0.0,217.0,1.0,1.0,0.0,0.0,0.02,0.07,0.0,255.0,20.0,0.08,0.08,0.0,0.0,1.0,1.0,0.0,1.0,6873.0
0.0,1.0,22.0,5.0,0.0,0.0,0.0,0.0,0.0,0.0,0.0,0.0,0.0,20.0,0.95,1.0,0.05,0.0,0.25,0.25,0.0,255.0,41.0,0.16,0.04,0.01,0.0,1.0,1.0,0.0,1.0,90058.0
0.0,2.0,11.0,9.0,43.0,126.0,0.0,0.0,0.0,0.0,0.0,0.0,0.0,131.0,0.0,0.0,0.0,0.0,1.0,0.0,0.01,255.0,254.0,1.0,0.01,0.0,0.0,0.0,0.0,0.0,0.0,52679.0
0.0,1.0,26.0,5.0,0.0,0.0,0.0,0.0,0.0,0.0,0.0,0.0,0.0,242.0,1.0,1.0,0.0,0.0,0.07,0.05,0.0,255.0,7.0,0.03,0.07,0.0,0.0,1.0,1.0,0.0,1.0,118754.0
0.0,1.0,21.0,1.0,0.0,0.0,0.0,0.0,0.0,0.0,0.0,0.0,0.0,282.0,0.0,0.0,1.0,1.0,0.04,0.06,0.0,255.0,12.0,0.05,0.07,0.0,0.0,0.0,0.0,1.0,1.0,52013.0
0.0,2.0,11.0,9.0,43.0,64.0,0.0,0.0,0.0,0.0,0.0,0.0,0.0,107.0,0.0,0.0,0.0,0.0,1.0,0.0,0.02,255.0,254.0,1.0,0.01,0.0,0.0,0.0,0.0,0.0,0.0,75641.0
0.0,1.0,15.0,5.0,0.0,0.0,0.0,0.0,0.0,0.0,0.0,0.0,0.0,150.0,1.0,1.0,0.0,0.0,0.07,0.05,0.0,255.0,11.0,0.04,0.06,0.0,0.0,1.0,1.0,0.0,1.0,48805.0
0.0,1.0,21.0,5.0,0.0,0.0,0.0,0.0,0.0,0.0,0.0,0.0,0.0,136.0,1.0,1.0,0.0,0.0,0.06,0.06,0.0,255.0,2.0,0.01,0.06,0.0,0.0,1.0,1.0,0.0,1.0,4928.0
0.0,1.0,9.0,2.0,0.0,0.0,0.0,0.0,0.0,0.0,0.0,0.0,0.0,211.0,0.0,0.0,1.0,1.0,0.0,0.07,0.0,255.0,1.0,0.0,0.08,0.0,0.0,0.0,0.0,1.0,1.0,63135.0
0.0,1.0,46.0,10.0,0.0,0.0,0.0,0.0,0.0,0.0,0.0,0.0,0.0,1.0,1.0,1.0,0.0,0.0,1.0,0.0,0.0,209.0,1.0,0.0,0.95,0.96,0.0,0.96,1.0,0.0,1.0,123298.0
0.0,1.0,46.0,5.0,0.0,0.0,0.0,0.0,0.0,0.0,0.0,0.0,0.0,114.0,1.0,1.0,0.0,0.0,0.12,0.06,0.0,255.0,3.0,0.01,0.05,0.0,0.0,1.0,1.0,0.0,1.0,25576.0
0.0,1.0,46.0,1.0,0.0,0.0,0.0,0.0,0.0,0.0,0.0,0.0,0.0,35.0,0.17,0.0,0.83,1.0,0.03,1.0,0.0,255.0,1.0,0.0,0.46,0.0,0.0,0.02,0.0,1.0,1.0,23645.0
0.0,1.0,62.0,5.0,0.0,0.0,0.0,0.0,0.0,0.0,0.0,0.0,0.0,145.0,1.0,1.0,0.0,0.0,0.09,0.06,0.0,255.0,5.0,0.02,0.07,0.0,0.0,1.0,1.0,0.0,1.0,92901.0
0.0,2.0,46.0,9.0,28.0,0.0,3.0,0.0,0.0,0.0,0.0,0.0,0.0,47.0,0.0,0.0,0.02,0.0,0.98,0.04,0.0,255.0,46.0,0.18,0.02,0.18,0.0,0.0,0.0,0.0,1.0,47148.0
0.0,1.0,46.0,5.0,0.0,0.0,0.0,0.0,0.0,0.0,0.0,0.0,0.0,252.0,1.0,1.0,0.0,0.0,0.08,0.06,0.0,255.0,6.0,0.02,0.07,0.0,0.0,1.0,1.0,0.0,1.0,47675.0
0.0,1.0,62.0,5.0,0.0,0.0,0.0,0.0,0.0,0.0,0.0,0.0,0.0,144.0,1.0,1.0,0.0,0.0,0.13,0.06,0.0,255.0,19.0,0.07,0.06,0.0,0.0,1.0,1.0,0.0,1.0,51361.0
0.0,1.0,46.0,5.0,0.0,0.0,0.0,0.0,0.0,0.0,0.0,0.0,0.0,131.0,1.0,1.0,0.0,0.0,0.08,0.07,0.0,255.0,9.0,0.04,0.07,0.0,0.0,1.0,1.0,0.0,1.0,80691.0
0.0,0.0,13.0,9.0,8.0,0.0,0.0,0.0,0.0,0.0,0.0,0.0,0.0,1.0,0.0,0.0,0.0,0.0,1.0,0.0,1.0,1.0,95.0,1.0,0.0,1.0,0.51,0.0,0.0,0.0,1.0,83.0
0.0,1.0,19.0,5.0,0.0,0.0,0.0,0.0,0.0,0.0,0.0,0.0,0.0,230.0,1.0,1.0,0.0,0.0,0.09,0.06,0.0,255.0,21.0,0.08,0.06,0.0,0.0,1.0,1.0,0.0,1.0,22120.0
0.0,1.0,63.0,5.0,0.0,0.0,0.0,0.0,0.0,0.0,0.0,0.0,0.0,284.0,1.0,1.0,0.0,0.0,0.07,0.06,0.0,255.0,14.0,0.05,0.07,0.0,0.0,1.0,1.0,0.0,1.0,49386.0
0.0,1.0,46.0,5.0,0.0,0.0,0.0,0.0,0.0,0.0,0.0,0.0,0.0,205.0,1.0,1.0,0.0,0.0,0.03,0.06,0.0,255.0,6.0,0.02,0.07,0.0,0.0,1.0,1.0,0.0,1.0,30794.0
0.0,1.0,19.0,9.0,12.0,0.0,0.0,0.0,1.0,0.0,0.0,0.0,0.0,1.0,0.0,0.0,0.0,0.0,1.0,0.0,0.0,216.0,75.0,0.35,0.02,0.35,0.0,0.0,0.0,0.0,0.0,96136.0
0.0,1.0,46.0,5.0,0.0,0.0,0.0,0.0,0.0,0.0,0.0,0.0,0.0,217.0,1.0,1.0,0.0,0.0,0.02,0.07,0.0,255.0,6.0,0.02,0.06,0.0,0.0,1.0,1.0,0.0,1.0,1238.0
0.0,0.0,14.0,9.0,1032.0,0.0,0.0,0.0,0.0,0.0,0.0,0.0,0.0,511.0,0.0,0.0,0.0,0.0,1.0,0.0,0.0,255.0,62.0,0.24,0.15,0.24,0.0,0.0,0.0,0.0,1.0,102124.0
0.0,1.0,46.0,5.0,0.0,0.0,0.0,0.0,0.0,0.0,0.0,0.0,0.0,299.0,1.0,1.0,0.0,0.0,0.05,0.05,0.0,255.0,4.0,0.02,0.07,0.0,0.0,1.0,1.0,0.0,1.0,118350.0
0.0,1.0,5.0,1.0,0.0,0.0,0.0,0.0,0.0,0.0,0.0,0.0,0.0,114.0,0.0,0.0,1.0,1.0,0.12,0.06,0.0,255.0,14.0,0.05,0.05,0.0,0.0,0.0,0.0,1.0,1.0,60367.0
0.0,1.0,4.0,5.0,0.0,0.0,0.0,0.0,0.0,0.0,0.0,0.0,0.0,249.0,1.0,1.0,0.0,0.0,0.07,0.06,0.0,255.0,5.0,0.02,0.06,0.0,0.0,1.0,1.0,0.0,1.0,20177.0
0.0,1.0,62.0,5.0,0.0,0.0,0.0,0.0,0.0,0.0,0.0,0.0,0.0,108.0,1.0,1.0,0.0,0.0,0.07,0.06,0.0,255.0,12.0,0.05,0.05,0.0,0.0,1.0,1.0,0.0,1.0,51367.0
4329.0,1.0,41.0,4.0,1.0,0.0,0.0,0.0,0.0,0.0,0.0,0.0,0.0,2.0,0.0,0.0,1.0,1.0,1.0,0.0,0.0,255.0,2.0,0.01,0.74,1.0,0.0,0.0,0.0,1.0,1.0,9668.0
0.0,2.0,11.0,9.0,34.0,0.0,0.0,0.0,0.0,0.0,0.0,0.0,0.0,1.0,0.0,0.0,0.0,0.0,1.0,0.0,1.0,163.0,14.0,0.07,0.04,0.07,0.14,0.0,0.0,0.0,0.0,88536.0
0.0,1.0,46.0,5.0,0.0,0.0,0.0,0.0,0.0,0.0,0.0,0.0,0.0,1.0,1.0,1.0,0.0,0.0,1.0,0.0,0.0,255.0,1.0,0.0,1.0,1.0,0.0,0.07,1.0,0.0,1.0,35658.0
0.0,1.0,37.0,5.0,0.0,0.0,0.0,0.0,0.0,0.0,0.0,0.0,0.0,238.0,1.0,1.0,0.0,0.0,0.01,0.07,0.0,255.0,3.0,0.01,0.07,0.0,0.0,1.0,1.0,0.0,1.0,83714.0
0.0,0.0,14.0,9.0,1032.0,0.0,0.0,0.0,0.0,0.0,0.0,0.0,0.0,511.0,0.0,0.0,0.0,0.0,1.0,0.0,0.0,255.0,172.0,0.67,0.02,0.67,0.0,0.0,0.0,0.0,1.0,29894.0
0.0,1.0,46.0,5.0,0.0,0.0,0.0,0.0,0.0,0.0,0.0,0.0,0.0,171.0,0.99,1.0,0.01,0.0,0.03,0.08,0.0,255.0,5.0,0.02,0.08,0.0,0.0,1.0,1.0,0.0,1.0,59115.0
0.0,1.0,3.0,1.0,0.0,0.0,0.0,0.0,0.0,0.0,0.0,0.0,0.0,137.0,0.0,0.0,1.0,1.0,0.12,0.07,0.0,255.0,17.0,0.07,0.06,0.0,0.0,0.0,0.0,1.0,1.0,29238.0
14078.0,1.0,41.0,4.0,1.0,0.0,0.0,0.0,0.0,0.0,0.0,0.0,0.0,2.0,0.0,0.0,1.0,1.0,1.0,0.0,0.0,255.0,2.0,0.01,0.68,1.0,0.0,0.0,0.0,1.0,1.0,91302.0
0.0,0.0,13.0,9.0,8.0,0.0,0.0,0.0,0.0,0.0,0.0,0.0,0.0,1.0,0.0,0.0,0.0,0.0,1.0,0.0,1.0,1.0,119.0,1.0,0.0,1.0,0.5,0.0,0.0,0.0,1.0,56504.0
1730.0,2.0,41.0,9.0,145.0,105.0,0.0,0.0,0.0,0.0,0.0,0.0,0.0,5.0,0.0,0.0,0.0,0.0,0.2,0.6,0.0,255.0,1.0,0.0,0.83,1.0,0.0,0.0,0.0,0.0,0.0,23069.0
0.0,1.0,22.0,1.0,0.0,0.0,0.0,0.0,0.0,0.0,0.0,0.0,0.0,1.0,0.0,0.0,1.0,1.0,1.0,0.0,0.0,14.0,205.0,1.0,0.0,0.07,0.16,0.0,0.0,0.98,0.0,80339.0
0.0,1.0,46.0,1.0,0.0,0.0,0.0,0.0,0.0,0.0,0.0,0.0,0.0,1.0,0.0,0.0,1.0,1.0,1.0,0.0,0.0,255.0,1.0,0.0,0.84,0.82,0.0,0.0,0.0,1.0,1.0,7489.0
0.0,2.0,11.0,9.0,43.0,78.0,0.0,0.0,0.0,0.0,0.0,0.0,0.0,128.0,0.0,0.0,0.0,0.0,0.99,0.02,0.0,255.0,254.0,1.0,0.01,0.01,0.0,0.0,0.0,0.0,0.0,93749.0
0.0,1.0,46.0,5.0,0.0,0.0,0.0,0.0,0.0,0.0,0.0,0.0,0.0,103.0,1.0,1.0,0.0,0.0,0.05,0.07,0.0,255.0,5.0,0.02,0.06,0.0,0.0,1.0,1.0,0.0,1.0,117222.0
0.0,1.0,5.0,5.0,0.0,0.0,0.0,0.0,0.0,0.0,0.0,0.0,0.0,142.0,1.0,1.0,0.0,0.0,0.08,0.06,0.0,255.0,5.0,0.02,0.07,0.0,0.0,1.0,1.0,0.0,1.0,4192.0
0.0,0.0,13.0,9.0,8.0,0.0,0.0,0.0,0.0,0.0,0.0,0.0,0.0,1.0,0.0,0.0,0.0,0.0,1.0,0.0,1.0,2.0,255.0,1.0,0.0,1.0,0.5,0.0,0.0,0.0,1.0,68400.0
0.0,1.0,33.0,5.0,0.0,0.0,0.0,0.0,0.0,0.0,0.0,0.0,0.0,257.0,1.0,1.0,0.0,0.0,0.04,0.06,0.0,255.0,4.0,0.02,0.07,0.0,0.0,1.0,1.0,0.0,1.0,49905.0
0.0,1.0,41.0,1.0,0.0,0.0,0.0,0.0,0.0,0.0,0.0,0.0,0.0,415.0,0.08,0.0,0.91,1.0,0.0,1.0,0.0,255.0,1.0,0.0,1.0,0.0,0.0,0.11,0.0,1.0,1.0,25773.0
0.0,2.0,46.0,9.0,28.0,0.0,3.0,0.0,0.0,0.0,0.0,0.0,0.0,181.0,0.55,0.0,0.0,0.0,0.45,0.04,0.0,255.0,81.0,0.32,0.69,0.32,0.0,0.09,0.0,0.0,1.0,80888.0
0.0,1.0,46.0,1.0,0.0,0.0,0.0,0.0,0.0,0.0,0.0,0.0,0.0,87.0,0.0,0.0,1.0,1.0,0.23,0.07,0.0,255.0,3.0,0.01,0.06,0.0,0.0,0.0,0.0,1.0,1.0,102722.0
0.0,1.0,46.0,5.0,0.0,0.0,0.0,0.0,0.0,0.0,0.0,0.0,0.0,208.0,1.0,1.0,0.0,0.0,0.02,0.07,0.0,255.0,5.0,0.02,0.07,0.0,0.0,1.0,1.0,0.0,1.0,46936.0
0.0,1.0,46.0,5.0,0.0,0.0,0.0,0.0,0.0,0.0,0.0,0.0,0.0,118.0,1.0,1.0,0.0,0.0,0.04,0.06,0.0,255.0,28.0,0.11,0.06,0.0,0.0,1.0,1.0,0.0,1.0,29010.0
0.0,1.0,46.0,5.0,0.0,0.0,0.0,0.0,0.0,0.0,0.0,0.0,0.0,176.0,1.0,1.0,0.0,0.0,0.11,0.06,0.0,255.0,8.0,0.03,0.07,0.0,0.0,1.0,1.0,0.0,1.0,49640.0
0.0,1.0,46.0,5.0,0.0,0.0,0.0,0.0,0.0,0.0,0.0,0.0,0.0,128.0,1.0,1.0,0.0,0.0,0.1,0.05,0.0,255.0,16.0,0.06,0.07,0.0,0.0,1.0,1.0,0.0,1.0,88496.0
0.0,0.0,13.0,9.0,8.0,0.0,0.0,0.0,0.0,0.0,0.0,0.0,0.0,1.0,0.0,0.0,0.0,0.0,1.0,0.0,0.0,2.0,14.0,1.0,0.0,1.0,0.57,0.0,0.0,0.0,1.0,13484.0
3.0,1.0,31.0,9.0,6.0,0.0,0.0,0.0,1.0,0.0,0.0,0.0,0.0,105.0,0.07,0.0,0.92,0.0,0.01,1.0,0.0,255.0,1.0,0.0,0.67,0.0,0.0,0.03,0.0,0.0,1.0,70915.0
0.0,1.0,33.0,5.0,0.0,0.0,0.0,0.0,0.0,0.0,0.0,0.0,0.0,267.0,1.0,1.0,0.0,0.0,0.02,0.06,0.0,255.0,5.0,0.02,0.07,0.0,0.0,1.0,1.0,0.0,1.0,67537.0
0.0,1.0,2.0,5.0,0.0,0.0,0.0,0.0,0.0,0.0,0.0,0.0,0.0,228.0,1.0,1.0,0.0,0.0,0.03,0.06,0.0,255.0,14.0,0.05,0.08,0.0,0.0,1.0,1.0,0.0,1.0,108113.0
0.0,1.0,19.0,5.0,0.0,0.0,0.0,0.0,0.0,0.0,0.0,0.0,0.0,14.0,1.0,1.0,0.0,0.0,0.43,0.14,0.0,214.0,50.0,0.21,0.02,0.0,0.04,1.0,0.92,0.0,1.0,67042.0
0.0,1.0,19.0,9.0,35.0,0.0,0.0,0.0,0.0,0.0,0.0,0.0,0.0,2.0,0.0,0.0,0.0,0.0,1.0,0.0,0.0,83.0,20.0,0.24,0.07,0.24,0.0,0.02,0.0,0.0,0.0,32565.0
0.0,1.0,33.0,5.0,0.0,0.0,0.0,0.0,0.0,0.0,0.0,0.0,0.0,80.0,1.0,1.0,0.0,0.0,0.17,0.08,0.0,255.0,14.0,0.05,0.05,0.0,0.0,1.0,1.0,0.0,1.0,83335.0
0.0,1.0,28.0,5.0,0.0,0.0,0.0,0.0,0.0,0.0,0.0,0.0,0.0,129.0,1.0,1.0,0.0,0.0,0.12,0.05,0.0,255.0,16.0,0.06,0.05,0.0,0.0,1.0,1.0,0.0,1.0,121845.0
0.0,1.0,46.0,5.0,0.0,0.0,0.0,0.0,0.0,0.0,0.0,0.0,0.0,238.0,1.0,1.0,0.0,0.0,0.06,0.06,0.0,255.0,7.0,0.03,0.09,0.0,0.0,1.0,1.0,0.0,1.0,118702.0
0.0,1.0,10.0,5.0,0.0,0.0,0.0,0.0,0.0,0.0,0.0,0.0,0.0,234.0,1.0,1.0,0.0,0.0,0.01,0.07,0.0,255.0,2.0,0.01,0.07,0.0,0.0,1.0,1.0,0.0,1.0,74267.0
0.0,1.0,32.0,5.0,0.0,0.0,0.0,0.0,0.0,0.0,0.0,0.0,0.0,187.0,1.0,1.0,0.0,0.0,0.01,0.07,0.0,255.0,1.0,0.0,0.08,0.0,0.0,1.0,1.0,0.0,1.0,31526.0
0.0,1.0,7.0,5.0,0.0,0.0,0.0,0.0,0.0,0.0,0.0,0.0,0.0,224.0,1.0,1.0,0.0,0.0,0.08,0.05,0.0,255.0,18.0,0.07,0.06,0.0,0.0,1.0,1.0,0.0,1.0,66697.0
0.0,1.0,41.0,1.0,0.0,0.0,0.0,0.0,0.0,0.0,0.0,0.0,0.0,511.0,0.14,0.0,0.86,1.0,0.0,1.0,0.0,255.0,1.0,0.0,1.0,0.0,0.0,0.19,0.0,1.0,1.0,73511.0
0.0,1.0,32.0,5.0,0.0,0.0,0.0,0.0,0.0,0.0,0.0,0.0,0.0,195.0,1.0,1.0,0.0,0.0,0.03,0.07,0.0,255.0,5.0,0.02,0.08,0.0,0.0,1.0,1.0,0.0,1.0,76690.0
0.0,1.0,19.0,5.0,0.0,0.0,0.0,0.0,0.0,0.0,0.0,0.0,0.0,272.0,1.0,1.0,0.0,0.0,0.07,0.07,0.0,255.0,18.0,0.07,0.08,0.0,0.0,1.0,1.0,0.0,1.0,3769.0
0.0,1.0,57.0,5.0,0.0,0.0,0.0,0.0,0.0,0.0,0.0,0.0,0.0,266.0,1.0,1.0,0.0,0.0,0.06,0.05,0.0,255.0,16.0,0.06,0.05,0.0,0.0,1.0,1.0,0.0,1.0,16409.0
0.0,1.0,46.0,5.0,0.0,0.0,0.0,0.0,0.0,0.0,0.0,0.0,0.0,129.0,1.0,1.0,0.0,0.0,0.11,0.06,0.0,255.0,3.0,0.01,0.06,0.0,0.0,1.0,1.0,0.0,1.0,58541.0
0.0,1.0,46.0,5.0,0.0,0.0,0.0,0.0,0.0,0.0,0.0,0.0,0.0,112.0,1.0,1.0,0.0,0.0,0.12,0.05,0.0,255.0,19.0,0.07,0.07,0.0,0.0,1.0,1.0,0.0,1.0,87365.0
0.0,1.0,46.0,5.0,0.0,0.0,0.0,0.0,0.0,0.0,0.0,0.0,0.0,42.0,1.0,1.0,0.0,0.0,0.21,0.1,0.0,255.0,9.0,0.04,0.08,0.0,0.0,1.0,1.0,0.0,1.0,98954.0
0.0,2.0,11.0,9.0,45.0,126.0,0.0,0.0,0.0,0.0,0.0,0.0,0.0,120.0,0.0,0.0,0.0,0.0,0.99,0.02,0.01,255.0,215.0,0.84,0.02,0.0,0.0,0.0,0.0,0.0,0.0,16531.0
0.0,1.0,46.0,5.0,0.0,0.0,0.0,0.0,0.0,0.0,0.0,0.0,0.0,221.0,1.0,1.0,0.0,0.0,0.07,0.06,0.0,255.0,7.0,0.03,0.07,0.0,0.0,1.0,1.0,0.0,1.0,76968.0
0.0,1.0,46.0,5.0,0.0,0.0,0.0,0.0,0.0,0.0,0.0,0.0,0.0,123.0,1.0,1.0,0.0,0.0,0.04,0.09,0.0,255.0,5.0,0.02,0.07,0.0,0.0,1.0,1.0,0.0,1.0,57882.0
0.0,1.0,25.0,1.0,0.0,0.0,0.0,0.0,0.0,0.0,0.0,0.0,0.0,228.0,0.0,0.0,1.0,1.0,0.04,0.07,0.0,255.0,10.0,0.04,0.08,0.0,0.0,0.0,0.0,1.0,1.0,99494.0
0.0,2.0,46.0,9.0,28.0,0.0,3.0,0.0,0.0,0.0,0.0,0.0,0.0,20.0,0.0,0.0,0.0,0.0,1.0,0.0,0.0,255.0,20.0,0.08,0.02,0.08,0.0,0.0,0.0,0.0,1.0,88846.0
0.0,1.0,46.0,5.0,0.0,0.0,0.0,0.0,0.0,0.0,0.0,0.0,0.0,5.0,1.0,1.0,0.0,0.0,0.2,0.6,0.0,255.0,17.0,0.07,0.09,0.0,0.0,1.0,1.0,0.0,1.0,24462.0
0.0,2.0,11.0,9.0,44.0,71.0,0.0,0.0,0.0,0.0,0.0,0.0,0.0,122.0,0.0,0.0,0.0,0.0,1.0,0.0,0.02,255.0,253.0,0.99,0.01,0.0,0.0,0.0,0.0,0.0,0.0,72996.0
0.0,1.0,27.0,1.0,0.0,0.0,0.0,0.0,0.0,0.0,0.0,0.0,0.0,150.0,0.0,0.0,1.0,1.0,0.08,0.05,0.0,255.0,12.0,0.05,0.06,0.0,0.0,0.0,0.0,1.0,1.0,99428.0
0.0,1.0,22.0,1.0,0.0,0.0,0.0,0.0,0.0,0.0,0.0,0.0,0.0,1.0,0.0,0.0,1.0,1.0,1.0,0.0,0.0,17.0,255.0,1.0,0.0,0.06,0.06,0.0,0.0,0.49,0.0,35732.0
0.0,1.0,46.0,1.0,0.0,0.0,0.0,0.0,0.0,0.0,0.0,0.0,0.0,1.0,0.0,0.0,1.0,1.0,1.0,0.0,0.0,62.0,2.0,0.02,1.0,0.02,1.0,0.0,0.0,1.0,1.0,616.0
0.0,1.0,27.0,5.0,0.0,0.0,0.0,0.0,0.0,0.0,0.0,0.0,0.0,141.0,1.0,1.0,0.0,0.0,0.14,0.06,0.0,255.0,20.0,0.08,0.06,0.0,0.0,1.0,1.0,0.0,1.0,17194.0
0.0,1.0,46.0,4.0,0.0,0.0,0.0,0.0,0.0,0.0,0.0,0.0,0.0,1.0,0.0,0.0,1.0,1.0,1.0,0.0,0.0,184.0,1.0,0.01,0.47,0.47,0.0,0.0,0.0,1.0,1.0,91107.0
0.0,1.0,8.0,2.0,0.0,0.0,0.0,0.0,0.0,0.0,0.0,0.0,0.0,273.0,0.0,0.0,1.0,1.0,0.05,0.07,0.0,255.0,13.0,0.05,0.08,0.0,0.0,0.0,0.0,1.0,1.0,95626.0
0.0,1.0,46.0,5.0,0.0,0.0,0.0,0.0,0.0,0.0,0.0,0.0,0.0,128.0,1.0,1.0,0.0,0.0,0.1,0.05,0.0,255.0,15.0,0.06,0.07,0.0,0.0,1.0,1.0,0.0,1.0,50442.0
0.0,1.0,63.0,5.0,0.0,0.0,0.0,0.0,0.0,0.0,0.0,0.0,0.0,236.0,1.0,1.0,0.0,0.0,0.07,0.06,0.0,255.0,17.0,0.07,0.07,0.0,0.0,1.0,1.0,0.0,1.0,63600.0
0.0,1.0,41.0,1.0,0.0,0.0,0.0,0.0,0.0,0.0,0.0,0.0,0.0,381.0,0.09,0.0,0.9,1.0,0.0,1.0,0.0,255.0,1.0,0.0,1.0,0.0,0.0,0.11,0.0,1.0,1.0,38820.0
0.0,1.0,9.0,2.0,0.0,0.0,0.0,0.0,0.0,0.0,0.0,0.0,0.0,237.0,0.0,0.0,1.0,1.0,0.01,0.07,0.0,255.0,2.0,0.01,0.07,0.0,0.0,0.0,0.0,1.0,1.0,34491.0
0.0,1.0,64.0,5.0,0.0,0.0,0.0,0.0,0.0,0.0,0.0,0.0,0.0,290.0,1.0,1.0,0.0,0.0,0.04,0.06,0.0,255.0,12.0,0.05,0.08,0.0,0.0,1.0,1.0,0.0,1.0,107856.0
0.0,1.0,46.0,5.0,0.0,0.0,0.0,0.0,0.0,0.0,0.0,0.0,0.0,271.0,1.0,1.0,0.0,0.0,0.02,0.06,0.0,255.0,5.0,0.02,0.09,0.0,0.0,1.0,1.0,0.0,1.0,64202.0
0.0,1.0,36.0,5.0,0.0,0.0,0.0,0.0,0.0,0.0,0.0,0.0,0.0,30.0,1.0,1.0,0.0,0.0,0.43,0.2,0.0,255.0,13.0,0.05,0.09,0.0,0.0,1.0,1.0,0.0,1.0,83058.0
0.0,1.0,3.0,5.0,0.0,0.0,0.0,0.0,0.0,0.0,0.0,0.0,0.0,283.0,1.0,1.0,0.0,0.0,0.03,0.06,0.0,255.0,8.0,0.03,0.07,0.0,0.0,1.0,1.0,0.0,1.0,120551.0
0.0,1.0,41.0,1.0,0.0,0.0,0.0,0.0,0.0,0.0,0.0,0.0,0.0,510.0,0.1,0.0,0.89,1.0,0.0,1.0,0.0,255.0,1.0,0.0,1.0,0.0,0.0,0.14,0.0,1.0,1.0,61571.0
0.0,0.0,13.0,9.0,8.0,0.0,0.0,0.0,0.0,0.0,0.0,0.0,0.0,1.0,0.0,0.0,0.0,0.0,1.0,0.0,1.0,4.0,48.0,1.0,0.0,1.0,0.25,0.0,0.0,0.0,1.0,3908.0
0.0,1.0,46.0,5.0,0.0,0.0,0.0,0.0,0.0,0.0,0.0,0.0,0.0,190.0,1.0,1.0,0.0,0.0,0.11,0.06,0.0,255.0,1.0,0.0,0.06,0.0,0.0,1.0,1.0,0.0,1.0,94830.0
0.0,1.0,19.0,5.0,0.0,0.0,0.0,0.0,0.0,0.0,0.0,0.0,0.0,35.0,1.0,1.0,0.0,0.0,0.2,0.11,0.0,255.0,47.0,0.18,0.03,0.0,0.0,1.0,1.0,0.0,1.0,31195.0
0.0,1.0,19.0,5.0,0.0,0.0,0.0,0.0,0.0,0.0,0.0,0.0,0.0,204.0,1.0,1.0,0.0,0.0,0.05,0.06,0.0,255.0,11.0,0.04,0.07,0.0,0.0,1.0,1.0,0.0,1.0,56915.0
0.0,1.0,46.0,5.0,0.0,0.0,0.0,0.0,0.0,0.0,0.0,0.0,0.0,213.0,1.0,1.0,0.0,0.0,0.05,0.05,0.0,154.0,11.0,0.07,0.07,0.01,0.0,0.91,1.0,0.0,1.0,52546.0
0.0,2.0,11.0,9.0,44.0,44.0,0.0,0.0,0.0,0.0,0.0,0.0,0.0,86.0,0.0,0.0,0.0,0.0,1.0,0.0,0.03,255.0,255.0,1.0,0.0,0.01,0.0,0.0,0.0,0.0,0.0,123294.0
0.0,1.0,4.0,5.0,0.0,0.0,0.0,0.0,0.0,0.0,0.0,0.0,0.0,232.0,1.0,1.0,0.0,0.0,0.08,0.06,0.0,255.0,18.0,0.07,0.07,0.0,0.0,1.0,1.0,0.0,1.0,106910.0
21354.0,1.0,46.0,4.0,1.0,0.0,0.0,0.0,0.0,0.0,0.0,0.0,0.0,2.0,0.0,0.0,1.0,1.0,1.0,0.0,0.0,255.0,2.0,0.01,0.68,1.0,0.0,0.0,0.0,1.0,1.0,47104.0
0.0,1.0,39.0,2.0,0.0,0.0,0.0,0.0,0.0,0.0,0.0,0.0,0.0,196.0,0.0,0.0,1.0,1.0,0.06,0.07,0.0,255.0,11.0,0.04,0.07,0.0,0.0,0.0,0.0,1.0,1.0,53657.0
0.0,1.0,64.0,1.0,0.0,0.0,0.0,0.0,0.0,0.0,0.0,0.0,0.0,234.0,0.0,0.0,1.0,1.0,0.01,0.07,0.0,255.0,2.0,0.01,0.08,0.0,0.0,0.0,0.0,1.0,1.0,122740.0
0.0,1.0,26.0,5.0,0.0,0.0,0.0,0.0,0.0,0.0,0.0,0.0,0.0,240.0,1.0,1.0,0.0,0.0,0.08,0.05,0.0,255.0,19.0,0.07,0.06,0.0,0.0,1.0,1.0,0.0,1.0,85336.0
0.0,1.0,46.0,1.0,0.0,0.0,0.0,0.0,0.0,0.0,0.0,0.0,0.0,13.0,0.0,0.0,0.85,1.0,0.08,1.0,0.0,255.0,1.0,0.0,0.09,0.0,0.0,0.0,0.0,1.0,1.0,7697.0
0.0,2.0,41.0,9.0,1.0,0.0,0.0,0.0,0.0,0.0,0.0,0.0,0.0,98.0,0.0,0.0,0.0,0.0,0.02,0.06,0.0,255.0,2.0,0.01,0.06,1.0,0.0,0.0,0.0,0.0,1.0,82530.0
0.0,1.0,6.0,1.0,0.0,0.0,0.0,0.0,0.0,0.0,0.0,0.0,0.0,208.0,0.0,0.0,1.0,1.0,0.0,0.07,0.0,255.0,1.0,0.0,0.08,0.0,0.0,0.0,0.0,1.0,1.0,119612.0
0.0,1.0,37.0,5.0,0.0,0.0,0.0,0.0,0.0,0.0,0.0,0.0,0.0,206.0,1.0,1.0,0.0,0.0,0.03,0.06,0.0,255.0,19.0,0.07,0.06,0.0,0.0,1.0,1.0,0.0,1.0,8571.0
0.0,1.0,46.0,5.0,0.0,0.0,0.0,0.0,0.0,0.0,0.0,0.0,0.0,144.0,1.0,1.0,0.0,0.0,0.08,0.06,0.0,255.0,2.0,0.01,0.08,0.0,0.0,1.0,1.0,0.0,1.0,35578.0
0.0,1.0,34.0,1.0,0.0,0.0,0.0,0.0,0.0,0.0,0.0,0.0,0.0,229.0,0.0,0.0,1.0,1.0,0.0,0.07,0.0,255.0,1.0,0.0,0.07,0.0,0.0,0.0,0.0,1.0,1.0,104629.0
0.0,1.0,22.0,5.0,0.0,0.0,0.0,0.0,0.0,0.0,0.0,0.0,0.0,264.0,1.0,1.0,0.0,0.0,0.07,0.05,0.0,255.0,19.0,0.07,0.05,0.0,0.0,1.0,1.0,0.0,1.0,38189.0
0.0,1.0,51.0,2.0,0.0,0.0,0.0,0.0,0.0,0.0,0.0,0.0,0.0,259.0,0.0,0.0,1.0,1.0,0.02,0.07,0.0,255.0,4.0,0.02,0.07,0.0,0.0,0.0,0.0,1.0,1.0,110720.0
0.0,1.0,46.0,5.0,0.0,0.0,0.0,0.0,0.0,0.0,0.0,0.0,0.0,246.0,1.0,1.0,0.0,0.0,0.08,0.06,0.0,255.0,20.0,0.08,0.07,0.0,0.0,1.0,1.0,0.0,1.0,113915.0
0.0,1.0,34.0,5.0,0.0,0.0,0.0,0.0,0.0,0.0,0.0,0.0,0.0,236.0,1.0,1.0,0.0,0.0,0.01,0.06,0.0,255.0,6.0,0.02,0.08,0.0,0.0,1.0,1.0,0.0,1.0,81932.0
0.0,0.0,13.0,9.0,8.0,0.0,0.0,0.0,0.0,0.0,0.0,0.0,0.0,1.0,0.0,0.0,0.0,0.0,1.0,0.0,1.0,1.0,129.0,1.0,0.0,1.0,0.51,0.0,0.0,0.0,1.0,39584.0
0.0,1.0,29.0,5.0,0.0,0.0,0.0,0.0,0.0,0.0,0.0,0.0,0.0,235.0,1.0,1.0,0.0,0.0,0.05,0.06,0.0,255.0,12.0,0.05,0.06,0.0,0.0,1.0,1.0,0.0,1.0,54929.0
0.0,1.0,38.0,5.0,0.0,0.0,0.0,0.0,0.0,0.0,0.0,0.0,0.0,106.0,1.0,1.0,0.0,0.0,0.08,0.06,0.0,255.0,13.0,0.05,0.06,0.0,0.0,1.0,1.0,0.0,1.0,18926.0
0.0,1.0,46.0,5.0,0.0,0.0,0.0,0.0,0.0,0.0,0.0,0.0,0.0,23.0,1.0,1.0,0.0,0.0,0.35,0.17,0.0,255.0,8.0,0.03,0.07,0.0,0.0,1.0,1.0,0.0,1.0,96228.0
0.0,1.0,46.0,1.0,0.0,0.0,0.0,0.0,0.0,0.0,0.0,0.0,0.0,120.0,0.0,0.0,1.0,1.0,0.07,0.06,0.0,255.0,8.0,0.03,0.07,0.0,0.0,0.0,0.0,1.0,1.0,108279.0
0.0,1.0,27.0,1.0,0.0,0.0,0.0,0.0,0.0,0.0,0.0,0.0,0.0,101.0,0.0,0.0,1.0,1.0,0.08,0.08,0.0,255.0,8.0,0.03,0.06,0.0,0.0,0.0,0.0,1.0,1.0,99613.0
0.0,1.0,46.0,5.0,0.0,0.0,0.0,0.0,0.0,0.0,0.0,0.0,0.0,52.0,1.0,1.0,0.0,0.0,0.04,0.08,0.0,255.0,2.0,0.01,0.07,0.0,0.0,1.0,1.0,0.0,1.0,33973.0
0.0,1.0,7.0,5.0,0.0,0.0,0.0,0.0,0.0,0.0,0.0,0.0,0.0,239.0,1.0,1.0,0.0,0.0,0.06,0.06,0.0,255.0,6.0,0.02,0.07,0.0,0.0,1.0,1.0,0.0,1.0,59665.0
0.0,1.0,20.0,5.0,0.0,0.0,0.0,0.0,0.0,0.0,0.0,0.0,0.0,270.0,1.0,1.0,0.0,0.0,0.07,0.06,0.0,255.0,3.0,0.01,0.09,0.0,0.0,1.0,1.0,0.0,1.0,72309.0
0.0,1.0,46.0,5.0,0.0,0.0,0.0,0.0,0.0,0.0,0.0,0.0,0.0,227.0,1.0,1.0,0.0,0.0,0.07,0.06,0.0,255.0,16.0,0.06,0.08,0.0,0.0,1.0,1.0,0.0,1.0,27336.0
0.0,1.0,29.0,1.0,0.0,0.0,0.0,0.0,0.0,0.0,0.0,0.0,0.0,261.0,0.0,0.0,1.0,1.0,0.01,0.07,0.0,255.0,2.0,0.01,0.07,0.0,0.0,0.0,0.0,1.0,1.0,52149.0
0.0,1.0,39.0,5.0,0.0,0.0,0.0,0.0,0.0,0.0,0.0,0.0,0.0,289.0,1.0,1.0,0.0,0.0,0.03,0.06,0.0,255.0,9.0,0.04,0.07,0.0,0.0,1.0,1.0,0.0,1.0,93132.0
0.0,1.0,25.0,5.0,0.0,0.0,0.0,0.0,0.0,0.0,0.0,0.0,0.0,295.0,1.0,1.0,0.0,0.0,0.08,0.05,0.0,255.0,23.0,0.09,0.05,0.0,0.0,1.0,1.0,0.0,1.0,90176.0
0.0,1.0,46.0,1.0,0.0,0.0,0.0,0.0,0.0,0.0,0.0,0.0,0.0,102.0,0.0,0.0,1.0,1.0,0.02,0.06,0.0,255.0,22.0,0.09,0.05,0.0,0.0,0.0,0.0,1.0,1.0,66814.0
0.0,1.0,46.0,2.0,0.0,0.0,0.0,0.0,0.0,0.0,0.0,0.0,0.0,184.0,0.0,0.0,1.0,1.0,0.09,0.07,0.0,255.0,16.0,0.06,0.07,0.0,0.0,0.0,0.0,1.0,1.0,24260.0
0.0,1.0,9.0,5.0,0.0,0.0,0.0,0.0,0.0,0.0,0.0,0.0,0.0,203.0,1.0,1.0,0.0,0.0,0.08,0.07,0.0,255.0,16.0,0.06,0.08,0.0,0.0,1.0,1.0,0.0,1.0,60725.0
0.0,1.0,41.0,1.0,0.0,0.0,0.0,0.0,0.0,0.0,0.0,0.0,0.0,509.0,0.2,0.0,0.79,1.0,0.0,1.0,0.0,255.0,1.0,0.0,1.0,0.0,0.0,0.16,0.0,1.0,1.0,15251.0
0.0,1.0,19.0,5.0,0.0,0.0,0.0,0.0,0.0,0.0,0.0,0.0,0.0,276.0,1.0,1.0,0.0,0.0,0.05,0.06,0.0,255.0,2.0,0.01,0.07,0.0,0.0,1.0,1.0,0.0,1.0,60162.0
0.0,1.0,7.0,5.0,0.0,0.0,0.0,0.0,0.0,0.0,0.0,0.0,0.0,128.0,1.0,1.0,0.0,0.0,0.15,0.05,0.0,255.0,18.0,0.07,0.08,0.0,0.0,1.0,1.0,0.0,1.0,114124.0
0.0,1.0,7.0,5.0,0.0,0.0,0.0,0.0,0.0,0.0,0.0,0.0,0.0,238.0,1.0,1.0,0.0,0.0,0.03,0.06,0.0,255.0,8.0,0.03,0.05,0.0,0.0,1.0,1.0,0.0,1.0,61460.0
0.0,1.0,46.0,2.0,0.0,0.0,0.0,0.0,0.0,0.0,0.0,0.0,0.0,123.0,0.0,0.0,1.0,1.0,0.11,0.07,0.0,255.0,14.0,0.05,0.07,0.0,0.0,0.0,0.0,1.0,1.0,5217.0
0.0,1.0,19.0,5.0,0.0,0.0,0.0,0.0,0.0,0.0,0.0,0.0,0.0,299.0,1.0,1.0,0.0,0.0,0.07,0.06,0.0,255.0,20.0,0.08,0.07,0.0,0.0,1.0,1.0,0.0,1.0,103030.0
0.0,1.0,10.0,1.0,0.0,0.0,0.0,0.0,0.0,0.0,0.0,0.0,0.0,238.0,0.0,0.0,1.0,1.0,0.03,0.07,0.0,255.0,7.0,0.03,0.07,0.0,0.0,0.0,0.0,1.0,1.0,67120.0
18641.0,1.0,41.0,4.0,1.0,0.0,0.0,0.0,0.0,0.0,0.0,0.0,0.0,2.0,0.0,0.0,1.0,1.0,1.0,0.0,0.0,255.0,2.0,0.01,0.72,1.0,0.0,0.0,0.0,1.0,1.0,77542.0
0.0,1.0,19.0,9.0,334.0,0.0,0.0,0.0,1.0,0.0,0.0,0.0,0.0,1.0,0.0,0.0,0.0,0.0,1.0,0.0,0.0,15.0,49.0,1.0,0.0,1.0,0.14,0.0,0.0,0.0,1.0,67139.0
0.0,1.0,19.0,5.0,0.0,0.0,0.0,0.0,0.0,0.0,0.0,0.0,0.0,18.0,1.0,1.0,0.0,0.0,0.17,0.22,0.0,255.0,63.0,0.25,0.02,0.01,0.0,1.0,1.0,0.0,1.0,117072.0
0.0,2.0,11.0,9.0,41.0,71.0,0.0,0.0,0.0,0.0,0.0,0.0,0.0,153.0,0.0,0.0,0.0,0.0,1.0,0.0,0.0,255.0,166.0,0.65,0.01,0.0,0.0,0.0,0.0,0.0,0.0,65598.0
0.0,1.0,10.0,5.0,0.0,0.0,0.0,0.0,0.0,0.0,0.0,0.0,0.0,244.0,1.0,1.0,0.0,0.0,0.02,0.06,0.0,255.0,5.0,0.02,0.08,0.0,0.0,1.0,1.0,0.0,1.0,59218.0
0.0,1.0,5.0,5.0,0.0,0.0,0.0,0.0,0.0,0.0,0.0,0.0,0.0,107.0,1.0,1.0,0.0,0.0,0.07,0.07,0.0,255.0,7.0,0.03,0.07,0.0,0.0,1.0,1.0,0.0,1.0,108936.0
0.0,1.0,62.0,5.0,0.0,0.0,0.0,0.0,0.0,0.0,0.0,0.0,0.0,136.0,1.0,1.0,0.0,0.0,0.04,0.06,0.0,255.0,6.0,0.02,0.07,0.0,0.0,1.0,1.0,0.0,1.0,123019.0
0.0,1.0,46.0,1.0,0.0,0.0,0.0,0.0,0.0,0.0,0.0,0.0,0.0,280.0,0.08,0.0,0.88,1.0,0.0,1.0,0.0,255.0,1.0,0.0,1.0,0.0,0.0,0.08,0.0,1.0,1.0,48788.0
0.0,1.0,46.0,5.0,0.0,0.0,0.0,0.0,0.0,0.0,0.0,0.0,0.0,144.0,1.0,1.0,0.0,0.0,0.09,0.06,0.0,255.0,6.0,0.02,0.07,0.0,0.0,1.0,1.0,0.0,1.0,80537.0
0.0,0.0,14.0,9.0,520.0,0.0,0.0,0.0,0.0,0.0,0.0,0.0,0.0,87.0,0.0,0.0,0.0,0.0,1.0,0.0,0.0,255.0,255.0,1.0,0.0,1.0,0.0,0.0,0.0,0.0,1.0,96039.0
0.0,1.0,46.0,1.0,0.0,0.0,0.0,0.0,0.0,0.0,0.0,0.0,0.0,70.0,0.0,0.0,1.0,1.0,0.16,0.09,0.0,255.0,11.0,0.04,0.07,0.0,0.0,0.0,0.0,1.0,1.0,119020.0
0.0,1.0,59.0,5.0,0.0,0.0,0.0,0.0,0.0,0.0,0.0,0.0,0.0,196.0,1.0,1.0,0.0,0.0,0.04,0.07,0.0,255.0,8.0,0.03,0.07,0.0,0.0,1.0,1.0,0.0,1.0,83640.0
0.0,1.0,57.0,5.0,0.0,0.0,0.0,0.0,0.0,0.0,0.0,0.0,0.0,10.0,1.0,1.0,0.0,0.0,0.5,0.2,0.0,255.0,57.0,0.22,0.02,0.0,0.0,1.0,1.0,0.0,1.0,62446.0
0.0,1.0,28.0,5.0,0.0,0.0,0.0,0.0,0.0,0.0,0.0,0.0,0.0,33.0,1.0,1.0,0.0,0.0,0.18,0.09,0.0,255.0,6.0,0.02,0.07,0.0,0.0,1.0,1.0,0.0,1.0,72083.0
0.0,0.0,13.0,9.0,8.0,0.0,0.0,0.0,0.0,0.0,0.0,0.0,0.0,1.0,0.0,0.0,0.0,0.0,1.0,0.0,0.0,2.0,25.0,1.0,0.0,1.0,0.52,0.0,0.0,0.0,1.0,85998.0
0.0,1.0,46.0,5.0,0.0,0.0,0.0,0.0,0.0,0.0,0.0,0.0,0.0,28.0,1.0,1.0,0.0,0.0,0.18,0.11,0.0,255.0,5.0,0.02,0.07,0.0,0.0,1.0,1.0,0.0,1.0,83048.0
40005.0,1.0,46.0,4.0,1.0,0.0,0.0,0.0,0.0,0.0,0.0,0.0,0.0,2.0,0.0,0.0,1.0,1.0,1.0,0.0,0.0,255.0,2.0,0.01,0.49,0.98,0.0,0.0,0.0,1.0,1.0,36607.0
0.0,1.0,46.0,5.0,0.0,0.0,0.0,0.0,0.0,0.0,0.0,0.0,0.0,11.0,1.0,1.0,0.0,0.0,0.27,0.45,0.0,255.0,11.0,0.04,0.08,0.0,0.0,1.0,1.0,0.0,1.0,63920.0
0.0,1.0,46.0,5.0,0.0,0.0,0.0,0.0,0.0,0.0,0.0,0.0,0.0,114.0,1.0,1.0,0.0,0.0,0.04,0.07,0.0,168.0,4.0,0.02,0.07,0.01,0.0,1.0,1.0,0.0,1.0,122368.0
0.0,1.0,46.0,5.0,0.0,0.0,0.0,0.0,0.0,0.0,0.0,0.0,0.0,106.0,0.99,1.0,0.0,0.0,0.13,0.07,0.0,255.0,13.0,0.05,0.05,0.0,0.0,1.0,1.0,0.0,1.0,111846.0
0.0,1.0,17.0,5.0,0.0,0.0,0.0,0.0,0.0,0.0,0.0,0.0,0.0,130.0,1.0,1.0,0.0,0.0,0.04,0.05,0.0,255.0,5.0,0.02,0.06,0.0,0.0,1.0,1.0,0.0,1.0,61857.0
0.0,1.0,46.0,1.0,0.0,0.0,0.0,0.0,0.0,0.0,0.0,0.0,0.0,259.0,0.0,0.0,1.0,1.0,0.03,0.07,0.0,255.0,8.0,0.03,0.09,0.0,0.0,0.0,0.0,1.0,1.0,106848.0
0.0,1.0,41.0,5.0,0.0,0.0,0.0,0.0,0.0,0.0,0.0,0.0,0.0,511.0,0.23,1.0,0.77,0.0,0.0,1.0,0.0,255.0,1.0,0.0,1.0,0.0,0.0,0.27,1.0,0.0,1.0,35931.0
0.0,1.0,64.0,5.0,0.0,0.0,0.0,0.0,0.0,0.0,0.0,0.0,0.0,265.0,1.0,1.0,0.0,0.0,0.05,0.05,0.0,255.0,6.0,0.02,0.05,0.0,0.0,1.0,1.0,0.0,1.0,120396.0
0.0,1.0,46.0,5.0,0.0,0.0,0.0,0.0,0.0,0.0,0.0,0.0,0.0,27.0,1.0,1.0,0.0,0.0,0.3,0.11,0.0,255.0,8.0,0.03,0.08,0.0,0.0,1.0,1.0,0.0,1.0,79250.0
0.0,1.0,41.0,1.0,0.0,0.0,0.0,0.0,0.0,0.0,0.0,0.0,0.0,511.0,0.05,0.0,0.95,1.0,0.0,0.96,0.0,255.0,1.0,0.0,0.96,0.0,0.0,0.03,0.0,1.0,1.0,24661.0
0.0,0.0,13.0,9.0,8.0,0.0,0.0,0.0,0.0,0.0,0.0,0.0,0.0,1.0,0.0,0.0,0.0,0.0,1.0,0.0,1.0,2.0,24.0,1.0,0.0,1.0,0.5,0.0,0.0,0.0,1.0,55395.0
0.0,1.0,46.0,5.0,0.0,0.0,0.0,0.0,0.0,0.0,0.0,0.0,0.0,135.0,1.0,1.0,0.0,0.0,0.11,0.07,0.0,255.0,35.0,0.14,0.05,0.0,0.0,1.0,1.0,0.0,1.0,85446.0
0.0,1.0,23.0,5.0,0.0,0.0,0.0,0.0,0.0,0.0,0.0,0.0,0.0,142.0,1.0,1.0,0.0,0.0,0.01,0.06,0.0,255.0,6.0,0.02,0.07,0.0,0.0,1.0,1.0,0.0,1.0,72338.0
0.0,1.0,46.0,5.0,0.0,0.0,0.0,0.0,0.0,0.0,0.0,0.0,0.0,273.0,1.0,1.0,0.0,0.0,0.03,0.06,0.0,255.0,23.0,0.09,0.07,0.0,0.0,1.0,1.0,0.0,1.0,108353.0
0.0,1.0,46.0,5.0,0.0,0.0,0.0,0.0,0.0,0.0,0.0,0.0,0.0,115.0,1.0,1.0,0.0,0.0,0.03,0.07,0.0,255.0,4.0,0.02,0.07,0.0,0.0,1.0,1.0,0.0,1.0,53045.0
0.0,1.0,21.0,5.0,0.0,0.0,0.0,0.0,0.0,0.0,0.0,0.0,0.0,143.0,1.0,1.0,0.0,0.0,0.16,0.04,0.0,255.0,23.0,0.09,0.04,0.0,0.0,1.0,1.0,0.0,1.0,77721.0
0.0,1.0,46.0,0.0,0.0,0.0,0.0,0.0,0.0,0.0,0.0,0.0,0.0,1.0,0.0,0.0,0.0,0.0,1.0,0.0,0.0,177.0,1.0,0.01,0.73,0.73,0.0,0.03,0.0,0.0,1.0,38432.0
0.0,1.0,45.0,5.0,0.0,0.0,0.0,0.0,0.0,0.0,0.0,0.0,0.0,9.0,1.0,1.0,0.0,0.0,0.56,0.33,0.0,255.0,5.0,0.02,0.07,0.0,0.0,1.0,1.0,0.0,1.0,3284.0
0.0,1.0,9.0,2.0,0.0,0.0,0.0,0.0,0.0,0.0,0.0,0.0,0.0,250.0,0.0,0.0,1.0,1.0,0.08,0.06,0.0,255.0,20.0,0.08,0.08,0.0,0.0,0.0,0.0,1.0,1.0,41598.0
0.0,1.0,46.0,5.0,0.0,0.0,0.0,0.0,0.0,0.0,0.0,0.0,0.0,140.0,1.0,1.0,0.0,0.0,0.04,0.06,0.0,255.0,14.0,0.05,0.07,0.0,0.0,1.0,1.0,0.0,1.0,19745.0
0.0,1.0,46.0,5.0,0.0,0.0,0.0,0.0,0.0,0.0,0.0,0.0,0.0,134.0,1.0,1.0,0.0,0.0,0.18,0.05,0.0,255.0,24.0,0.09,0.05,0.0,0.0,1.0,1.0,0.0,1.0,65511.0
0.0,1.0,7.0,5.0,0.0,0.0,0.0,0.0,0.0,0.0,0.0,0.0,0.0,281.0,1.0,1.0,0.0,0.0,0.04,0.05,0.0,255.0,11.0,0.04,0.05,0.0,0.0,1.0,1.0,0.0,1.0,10914.0
0.0,2.0,46.0,9.0,1.0,0.0,0.0,0.0,0.0,0.0,0.0,0.0,0.0,49.0,0.0,0.0,0.0,0.0,0.06,0.1,0.0,255.0,3.0,0.01,0.02,0.01,0.0,0.0,0.0,0.0,1.0,39556.0
0.0,1.0,62.0,5.0,0.0,0.0,0.0,0.0,0.0,0.0,0.0,0.0,0.0,132.0,1.0,1.0,0.0,0.0,0.14,0.05,0.0,255.0,19.0,0.07,0.04,0.0,0.0,1.0,1.0,0.0,1.0,35972.0
0.0,1.0,17.0,5.0,0.0,0.0,0.0,0.0,0.0,0.0,0.0,0.0,0.0,3.0,1.0,1.0,0.0,0.0,0.67,0.67,0.0,255.0,58.0,0.23,0.02,0.01,0.0,1.0,1.0,0.0,1.0,105347.0
0.0,2.0,46.0,9.0,28.0,0.0,3.0,0.0,0.0,0.0,0.0,0.0,0.0,31.0,0.0,0.0,0.0,0.0,1.0,0.0,0.0,255.0,31.0,0.12,0.01,0.12,0.0,0.0,0.0,0.0,1.0,103819.0
0.0,1.0,33.0,5.0,0.0,0.0,0.0,0.0,0.0,0.0,0.0,0.0,0.0,268.0,1.0,1.0,0.0,0.0,0.06,0.07,0.0,255.0,4.0,0.02,0.05,0.0,0.0,1.0,1.0,0.0,1.0,19371.0
0.0,1.0,46.0,5.0,0.0,0.0,0.0,0.0,0.0,0.0,0.0,0.0,0.0,48.0,1.0,1.0,0.0,0.0,0.17,0.1,0.0,255.0,9.0,0.04,0.07,0.0,0.0,1.0,1.0,0.0,1.0,91942.0
0.0,1.0,29.0,5.0,0.0,0.0,0.0,0.0,0.0,0.0,0.0,0.0,0.0,269.0,1.0,1.0,0.0,0.0,0.09,0.05,0.0,255.0,24.0,0.09,0.05,0.0,0.0,1.0,1.0,0.0,1.0,15919.0
0.0,1.0,19.0,5.0,0.0,0.0,0.0,0.0,0.0,0.0,0.0,0.0,0.0,25.0,1.0,1.0,0.0,0.0,0.24,0.16,0.0,255.0,46.0,0.18,0.04,0.01,0.0,1.0,1.0,0.0,1.0,97636.0
0.0,1.0,19.0,9.0,11.0,0.0,0.0,0.0,1.0,0.0,0.0,0.0,0.0,2.0,0.0,0.0,0.0,0.0,1.0,0.0,0.0,112.0,14.0,0.12,0.04,0.12,0.0,0.01,0.0,0.0,0.0,110968.0
0.0,0.0,13.0,9.0,30.0,0.0,0.0,0.0,0.0,0.0,0.0,0.0,0.0,9.0,0.0,0.0,0.0,0.0,0.22,0.33,0.0,255.0,5.0,0.02,0.01,0.09,0.0,0.0,0.0,0.0,0.0,20296.0
0.0,1.0,46.0,5.0,0.0,0.0,0.0,0.0,0.0,0.0,0.0,0.0,0.0,153.0,1.0,1.0,0.0,0.0,0.12,0.07,0.0,255.0,19.0,0.07,0.06,0.0,0.0,1.0,1.0,0.0,1.0,22941.0
0.0,1.0,57.0,5.0,0.0,0.0,0.0,0.0,0.0,0.0,0.0,0.0,0.0,8.0,1.0,1.0,0.0,0.0,1.0,0.0,0.0,170.0,90.0,0.53,0.01,0.01,0.0,0.99,0.98,0.0,1.0,108914.0
0.0,1.0,2.0,5.0,0.0,0.0,0.0,0.0,0.0,0.0,0.0,0.0,0.0,118.0,1.0,1.0,0.0,0.0,0.11,0.07,0.0,255.0,13.0,0.05,0.07,0.0,0.0,1.0,1.0,0.0,1.0,8250.0
0.0,1.0,46.0,5.0,0.0,0.0,0.0,0.0,0.0,0.0,0.0,0.0,0.0,134.0,1.0,1.0,0.0,0.0,0.07,0.06,0.0,255.0,12.0,0.05,0.08,0.0,0.0,1.0,1.0,0.0,1.0,116350.0
0.0,1.0,57.0,5.0,0.0,0.0,0.0,0.0,0.0,0.0,0.0,0.0,0.0,149.0,1.0,1.0,0.0,0.0,0.07,0.05,0.0,255.0,7.0,0.03,0.07,0.0,0.0,1.0,1.0,0.0,1.0,77651.0
0.0,1.0,46.0,5.0,0.0,0.0,0.0,0.0,0.0,0.0,0.0,0.0,0.0,117.0,1.0,1.0,0.0,0.0,0.07,0.05,0.0,255.0,8.0,0.03,0.05,0.0,0.0,1.0,1.0,0.0,1.0,119820.0
4481.0,1.0,41.0,4.0,1.0,0.0,0.0,0.0,0.0,0.0,0.0,0.0,0.0,2.0,0.0,0.0,1.0,1.0,1.0,0.0,0.0,255.0,2.0,0.01,0.74,1.0,0.0,0.0,0.0,1.0,1.0,90453.0
0.0,1.0,64.0,5.0,0.0,0.0,0.0,0.0,0.0,0.0,0.0,0.0,0.0,295.0,1.0,1.0,0.0,0.0,0.06,0.06,0.0,255.0,19.0,0.07,0.06,0.0,0.0,1.0,1.0,0.0,1.0,38110.0
0.0,0.0,13.0,9.0,8.0,0.0,0.0,0.0,0.0,0.0,0.0,0.0,0.0,1.0,0.0,0.0,0.0,0.0,1.0,0.0,1.0,2.0,100.0,1.0,0.0,1.0,0.5,0.0,0.0,0.0,1.0,18987.0
0.0,1.0,63.0,5.0,0.0,0.0,0.0,0.0,0.0,0.0,0.0,0.0,0.0,146.0,1.0,1.0,0.0,0.0,0.05,0.08,0.0,255.0,6.0,0.02,0.07,0.0,0.0,1.0,1.0,0.0,1.0,41465.0
0.0,1.0,2.0,5.0,0.0,0.0,0.0,0.0,0.0,0.0,0.0,0.0,0.0,247.0,1.0,1.0,0.0,0.0,0.04,0.06,0.0,255.0,9.0,0.04,0.07,0.0,0.0,1.0,1.0,0.0,1.0,115748.0
0.0,0.0,13.0,9.0,8.0,0.0,0.0,0.0,0.0,0.0,0.0,0.0,0.0,1.0,0.0,0.0,0.0,0.0,1.0,0.0,1.0,2.0,46.0,1.0,0.0,1.0,0.5,0.0,0.0,0.0,1.0,102896.0
0.0,2.0,46.0,9.0,28.0,0.0,3.0,0.0,0.0,0.0,0.0,0.0,0.0,40.0,0.0,0.0,0.0,0.0,1.0,0.0,0.0,255.0,140.0,0.55,0.45,0.55,0.0,0.09,0.0,0.0,1.0,78424.0
0.0,1.0,46.0,1.0,0.0,0.0,0.0,0.0,0.0,0.0,0.0,0.0,0.0,196.0,0.0,0.0,1.0,1.0,0.01,0.06,0.0,255.0,2.0,0.01,0.06,0.0,0.0,0.0,0.0,1.0,1.0,68387.0
0.0,1.0,22.0,9.0,213.0,189.0,0.0,0.0,1.0,0.0,0.0,0.0,0.0,28.0,0.0,0.0,0.0,0.0,1.0,0.0,0.0,255.0,255.0,1.0,0.0,0.0,0.0,0.0,0.0,0.0,0.0,76365.0
0.0,1.0,22.0,1.0,0.0,0.0,0.0,0.0,0.0,0.0,0.0,0.0,0.0,1.0,0.0,0.0,1.0,1.0,1.0,0.0,0.0,43.0,201.0,1.0,0.0,0.02,0.12,0.0,0.0,0.89,0.0,16961.0
0.0,1.0,46.0,5.0,0.0,0.0,0.0,0.0,0.0,0.0,0.0,0.0,0.0,142.0,1.0,1.0,0.0,0.0,0.05,0.06,0.0,255.0,4.0,0.02,0.07,0.0,0.0,1.0,1.0,0.0,1.0,78554.0
0.0,0.0,14.0,9.0,1032.0,0.0,0.0,0.0,0.0,0.0,0.0,0.0,0.0,510.0,0.0,0.0,0.0,0.0,1.0,0.0,0.0,255.0,198.0,0.78,0.02,0.78,0.0,0.0,0.0,0.0,1.0,80289.0
0.0,1.0,10.0,5.0,0.0,0.0,0.0,0.0,0.0,0.0,0.0,0.0,0.0,207.0,1.0,1.0,0.0,0.0,0.09,0.06,0.0,255.0,18.0,0.07,0.05,0.0,0.0,1.0,1.0,0.0,1.0,121319.0
0.0,1.0,38.0,5.0,0.0,0.0,0.0,0.0,0.0,0.0,0.0,0.0,0.0,149.0,1.0,1.0,0.0,0.0,0.16,0.05,0.0,255.0,24.0,0.09,0.05,0.0,0.0,1.0,1.0,0.0,1.0,35134.0
0.0,1.0,23.0,5.0,0.0,0.0,0.0,0.0,0.0,0.0,0.0,0.0,0.0,114.0,1.0,1.0,0.0,0.0,0.18,0.05,0.0,255.0,14.0,0.05,0.07,0.0,0.0,1.0,1.0,0.0,1.0,6465.0
0.0,1.0,15.0,5.0,0.0,0.0,0.0,0.0,0.0,0.0,0.0,0.0,0.0,30.0,1.0,1.0,0.0,0.0,0.33,0.1,0.0,255.0,10.0,0.04,0.07,0.0,0.0,1.0,1.0,0.0,1.0,71489.0
0.0,1.0,56.0,5.0,0.0,0.0,0.0,0.0,0.0,0.0,0.0,0.0,0.0,208.0,1.0,1.0,0.0,0.0,0.04,0.06,0.0,255.0,20.0,0.08,0.07,0.0,0.0,1.0,1.0,0.0,1.0,94382.0
0.0,1.0,31.0,5.0,0.0,0.0,0.0,0.0,0.0,0.0,0.0,0.0,0.0,106.0,1.0,1.0,0.0,0.0,0.08,0.07,0.0,255.0,16.0,0.06,0.06,0.0,0.0,1.0,1.0,0.0,1.0,97866.0
0.0,1.0,46.0,5.0,0.0,0.0,0.0,0.0,0.0,0.0,0.0,0.0,0.0,268.0,1.0,1.0,0.0,0.0,0.01,0.07,0.0,255.0,2.0,0.01,0.08,0.0,0.0,1.0,1.0,0.0,1.0,564.0
0.0,1.0,17.0,5.0,0.0,0.0,0.0,0.0,0.0,0.0,0.0,0.0,0.0,49.0,1.0,1.0,0.0,0.0,0.24,0.08,0.0,255.0,56.0,0.22,0.02,0.01,0.0,1.0,1.0,0.0,1.0,104605.0
0.0,1.0,19.0,9.0,12.0,0.0,0.0,0.0,1.0,0.0,0.0,0.0,0.0,1.0,0.0,0.0,0.0,0.0,1.0,0.0,0.0,255.0,83.0,0.33,0.03,0.31,0.0,0.01,0.02,0.0,0.0,108545.0
0.0,1.0,19.0,5.0,0.0,0.0,0.0,0.0,0.0,0.0,0.0,0.0,0.0,64.0,1.0,1.0,0.0,0.0,0.23,0.06,0.0,226.0,55.0,0.24,0.02,0.0,0.0,0.99,1.0,0.0,1.0,53423.0
0.0,1.0,30.0,5.0,0.0,0.0,0.0,0.0,0.0,0.0,0.0,0.0,0.0,280.0,1.0,1.0,0.0,0.0,0.04,0.06,0.0,255.0,11.0,0.04,0.07,0.0,0.0,1.0,1.0,0.0,1.0,104323.0
0.0,0.0,13.0,9.0,8.0,0.0,0.0,0.0,0.0,0.0,0.0,0.0,0.0,1.0,0.0,0.0,0.0,0.0,1.0,0.0,1.0,1.0,93.0,1.0,0.0,1.0,0.51,0.0,0.0,0.0,1.0,62883.0
0.0,1.0,7.0,5.0,0.0,0.0,0.0,0.0,0.0,0.0,0.0,0.0,0.0,245.0,1.0,1.0,0.0,0.0,0.02,0.07,0.0,255.0,5.0,0.02,0.07,0.0,0.0,1.0,1.0,0.0,1.0,29267.0
0.0,1.0,22.0,1.0,0.0,0.0,0.0,0.0,0.0,0.0,0.0,0.0,0.0,1.0,0.0,0.0,1.0,1.0,1.0,0.0,1.0,28.0,152.0,1.0,0.0,0.04,0.12,0.0,0.0,0.86,0.0,125445.0
0.0,1.0,10.0,5.0,0.0,0.0,0.0,0.0,0.0,0.0,0.0,0.0,0.0,222.0,1.0,1.0,0.0,0.0,0.09,0.05,0.0,255.0,1.0,0.0,0.07,0.0,0.0,1.0,1.0,0.0,1.0,53262.0
0.0,1.0,32.0,5.0,0.0,0.0,0.0,0.0,0.0,0.0,0.0,0.0,0.0,215.0,1.0,1.0,0.0,0.0,0.09,0.06,0.0,255.0,19.0,0.07,0.06,0.0,0.0,1.0,1.0,0.0,1.0,2705.0
0.0,1.0,46.0,5.0,0.0,0.0,0.0,0.0,0.0,0.0,0.0,0.0,0.0,267.0,1.0,1.0,0.0,0.0,0.0,0.06,0.0,255.0,1.0,0.0,0.07,0.0,0.0,1.0,1.0,0.0,1.0,42204.0
0.0,0.0,13.0,9.0,8.0,0.0,0.0,0.0,0.0,0.0,0.0,0.0,0.0,1.0,0.0,0.0,0.0,0.0,1.0,0.0,1.0,1.0,19.0,1.0,0.0,1.0,0.53,0.0,0.0,0.0,1.0,83757.0
0.0,1.0,30.0,5.0,0.0,0.0,0.0,0.0,0.0,0.0,0.0,0.0,0.0,207.0,1.0,1.0,0.0,0.0,0.08,0.07,0.0,255.0,17.0,0.07,0.07,0.0,0.0,1.0,1.0,0.0,1.0,65115.0
0.0,1.0,65.0,5.0,0.0,0.0,0.0,0.0,0.0,0.0,0.0,0.0,0.0,251.0,1.0,1.0,0.0,0.0,0.04,0.07,0.0,255.0,11.0,0.04,0.08,0.0,0.0,1.0,1.0,0.0,1.0,94110.0
0.0,1.0,46.0,5.0,0.0,0.0,0.0,0.0,0.0,0.0,0.0,0.0,0.0,138.0,1.0,1.0,0.0,0.0,0.01,0.06,0.0,255.0,30.0,0.12,0.06,0.0,0.0,1.0,1.0,0.0,1.0,2571.0
0.0,1.0,8.0,2.0,0.0,0.0,0.0,0.0,0.0,0.0,0.0,0.0,0.0,221.0,0.0,0.0,1.0,1.0,0.0,0.07,0.0,255.0,1.0,0.0,0.07,0.0,0.0,0.0,0.0,1.0,1.0,5112.0
0.0,1.0,51.0,9.0,11402.0,1553.0,0.0,0.0,1.0,0.0,0.0,0.0,0.0,144.0,0.99,0.0,0.0,0.0,0.01,0.07,0.0,255.0,11.0,0.04,0.06,0.0,0.0,0.95,0.0,0.0,0.0,112812.0
0.0,1.0,22.0,1.0,0.0,0.0,0.0,0.0,0.0,0.0,0.0,0.0,0.0,1.0,0.0,0.0,1.0,1.0,1.0,0.0,0.0,55.0,255.0,1.0,0.0,0.02,0.09,0.0,0.0,0.91,0.0,94707.0
0.0,1.0,41.0,1.0,0.0,0.0,0.0,0.0,0.0,0.0,0.0,0.0,0.0,395.0,0.09,0.0,0.91,1.0,0.0,1.0,0.0,255.0,1.0,0.0,1.0,0.0,0.0,0.11,0.0,1.0,1.0,33332.0
0.0,1.0,8.0,5.0,0.0,0.0,0.0,0.0,0.0,0.0,0.0,0.0,0.0,257.0,1.0,1.0,0.0,0.0,0.02,0.07,0.0,255.0,5.0,0.02,0.08,0.0,0.0,1.0,1.0,0.0,1.0,76625.0
0.0,1.0,2.0,5.0,0.0,0.0,0.0,0.0,0.0,0.0,0.0,0.0,0.0,297.0,1.0,1.0,0.0,0.0,0.07,0.06,0.0,255.0,20.0,0.08,0.07,0.0,0.0,1.0,1.0,0.0,1.0,37847.0
0.0,1.0,46.0,5.0,0.0,0.0,0.0,0.0,0.0,0.0,0.0,0.0,0.0,141.0,1.0,1.0,0.0,0.0,0.11,0.06,0.0,255.0,2.0,0.01,0.07,0.0,0.0,1.0,1.0,0.0,1.0,3536.0
0.0,0.0,13.0,9.0,8.0,0.0,0.0,0.0,0.0,0.0,0.0,0.0,0.0,1.0,0.0,0.0,0.0,0.0,1.0,0.0,1.0,3.0,227.0,1.0,0.0,1.0,0.25,0.0,0.0,0.0,1.0,80469.0
0.0,1.0,46.0,5.0,0.0,0.0,0.0,0.0,0.0,0.0,0.0,0.0,0.0,144.0,1.0,1.0,0.0,0.0,0.09,0.06,0.0,255.0,10.0,0.04,0.05,0.0,0.0,1.0,1.0,0.0,1.0,1637.0
0.0,1.0,46.0,5.0,0.0,0.0,0.0,0.0,0.0,0.0,0.0,0.0,0.0,189.0,1.0,1.0,0.0,0.0,0.01,0.07,0.0,255.0,10.0,0.04,0.07,0.0,0.0,1.0,1.0,0.0,1.0,4362.0
0.0,1.0,41.0,1.0,0.0,0.0,0.0,0.0,0.0,0.0,0.0,0.0,0.0,498.0,0.07,0.0,0.93,1.0,0.0,1.0,0.0,255.0,1.0,0.0,1.0,0.0,0.0,0.04,0.0,1.0,1.0,71103.0
0.0,1.0,20.0,5.0,0.0,0.0,0.0,0.0,0.0,0.0,0.0,0.0,0.0,300.0,1.0,1.0,0.0,0.0,0.08,0.05,0.0,255.0,25.0,0.1,0.05,0.0,0.0,1.0,1.0,0.0,1.0,65951.0
0.0,1.0,46.0,5.0,0.0,0.0,0.0,0.0,0.0,0.0,0.0,0.0,0.0,290.0,1.0,1.0,0.0,0.0,0.07,0.06,0.0,255.0,4.0,0.02,0.09,0.0,0.0,1.0,1.0,0.0,1.0,42525.0
0.0,1.0,46.0,5.0,0.0,0.0,0.0,0.0,0.0,0.0,0.0,0.0,0.0,294.0,1.0,1.0,0.0,0.0,0.05,0.05,0.0,255.0,20.0,0.08,0.05,0.0,0.0,1.0,1.0,0.0,1.0,5596.0
0.0,0.0,14.0,9.0,1032.0,0.0,0.0,0.0,0.0,0.0,0.0,0.0,0.0,511.0,0.0,0.0,0.0,0.0,1.0,0.0,0.0,255.0,77.0,0.3,0.02,0.3,0.0,0.02,0.0,0.0,1.0,31696.0
0.0,1.0,46.0,5.0,0.0,0.0,0.0,0.0,0.0,0.0,0.0,0.0,0.0,129.0,1.0,1.0,0.0,0.0,0.15,0.05,0.0,255.0,14.0,0.05,0.07,0.0,0.0,1.0,1.0,0.0,1.0,21569.0
0.0,1.0,4.0,5.0,0.0,0.0,0.0,0.0,0.0,0.0,0.0,0.0,0.0,268.0,1.0,1.0,0.0,0.0,0.03,0.06,0.0,255.0,9.0,0.04,0.07,0.0,0.0,1.0,1.0,0.0,1.0,124749.0
0.0,1.0,22.0,5.0,0.0,0.0,0.0,0.0,0.0,0.0,0.0,0.0,0.0,3.0,0.67,1.0,0.33,0.0,0.67,0.67,0.0,255.0,3.0,0.01,0.07,0.0,0.0,1.0,1.0,0.0,1.0,55409.0
0.0,1.0,16.0,10.0,0.0,0.0,0.0,0.0,0.0,0.0,0.0,0.0,0.0,1.0,1.0,1.0,0.0,0.0,1.0,0.0,0.0,255.0,1.0,0.0,1.0,1.0,0.0,1.0,1.0,0.0,1.0,80797.0
0.0,1.0,30.0,5.0,0.0,0.0,0.0,0.0,0.0,0.0,0.0,0.0,0.0,245.0,1.0,1.0,0.0,0.0,0.08,0.07,0.0,255.0,20.0,0.08,0.07,0.0,0.0,1.0,1.0,0.0,1.0,105220.0
0.0,1.0,41.0,1.0,0.0,0.0,0.0,0.0,0.0,0.0,0.0,0.0,0.0,510.0,0.14,0.0,0.86,1.0,0.0,1.0,0.0,255.0,1.0,0.0,1.0,0.0,0.0,0.15,0.0,1.0,1.0,89914.0
0.0,1.0,31.0,5.0,0.0,0.0,0.0,0.0,0.0,0.0,0.0,0.0,0.0,144.0,1.0,1.0,0.0,0.0,0.13,0.06,0.0,255.0,19.0,0.07,0.06,0.0,0.0,1.0,1.0,0.0,1.0,8888.0
0.0,2.0,11.0,9.0,44.0,131.0,0.0,0.0,0.0,0.0,0.0,0.0,0.0,123.0,0.0,0.0,0.0,0.0,1.0,0.0,0.01,255.0,255.0,1.0,0.0,0.0,0.0,0.0,0.0,0.0,0.0,42160.0
0.0,1.0,62.0,5.0,0.0,0.0,0.0,0.0,0.0,0.0,0.0,0.0,0.0,112.0,1.0,1.0,0.0,0.0,0.11,0.06,0.0,255.0,3.0,0.01,0.07,0.0,0.0,1.0,1.0,0.0,1.0,59693.0
0.0,1.0,10.0,5.0,0.0,0.0,0.0,0.0,0.0,0.0,0.0,0.0,0.0,282.0,1.0,1.0,0.0,0.0,0.01,0.06,0.0,255.0,4.0,0.02,0.07,0.0,0.0,1.0,1.0,0.0,1.0,12452.0
0.0,1.0,46.0,1.0,0.0,0.0,0.0,0.0,0.0,0.0,0.0,0.0,0.0,105.0,0.0,0.0,1.0,1.0,0.02,0.08,0.0,130.0,2.0,0.02,0.08,0.01,0.0,0.0,0.0,1.0,1.0,55062.0
0.0,1.0,46.0,5.0,0.0,0.0,0.0,0.0,0.0,0.0,0.0,0.0,0.0,118.0,1.0,1.0,0.0,0.0,0.14,0.06,0.0,255.0,18.0,0.07,0.06,0.0,0.0,1.0,1.0,0.0,1.0,112552.0
2.0,1.0,46.0,4.0,0.0,0.0,0.0,0.0,0.0,0.0,0.0,0.0,0.0,433.0,0.0,0.0,1.0,1.0,0.0,0.52,0.0,255.0,2.0,0.01,0.51,1.0,0.0,0.0,0.0,1.0,1.0,100979.0
0.0,1.0,46.0,5.0,0.0,0.0,0.0,0.0,0.0,0.0,0.0,0.0,0.0,17.0,1.0,1.0,0.0,0.0,0.12,0.29,0.0,255.0,2.0,0.01,0.1,0.0,0.0,1.0,1.0,0.0,1.0,50837.0
4708.0,2.0,41.0,9.0,146.0,105.0,0.0,0.0,0.0,0.0,0.0,0.0,0.0,4.0,0.0,0.0,0.0,0.0,0.25,0.75,0.0,255.0,1.0,0.0,0.63,0.95,0.0,0.0,0.0,0.0,0.0,90864.0
0.0,1.0,46.0,1.0,0.0,0.0,0.0,0.0,0.0,0.0,0.0,0.0,0.0,202.0,0.09,0.0,0.9,1.0,0.0,1.0,0.0,255.0,1.0,0.0,0.9,0.0,0.0,0.07,0.0,1.0,1.0,125771.0
0.0,1.0,57.0,5.0,0.0,0.0,0.0,0.0,0.0,0.0,0.0,0.0,0.0,13.0,1.0,1.0,0.0,0.0,0.23,0.31,0.0,255.0,32.0,0.13,0.05,0.01,0.0,1.0,1.0,0.0,1.0,14323.0
0.0,0.0,13.0,9.0,8.0,0.0,0.0,0.0,0.0,0.0,0.0,0.0,0.0,1.0,0.0,0.0,0.0,0.0,1.0,0.0,1.0,4.0,148.0,1.0,0.0,1.0,0.25,0.0,0.0,0.0,1.0,68225.0
0.0,1.0,23.0,5.0,0.0,0.0,0.0,0.0,0.0,0.0,0.0,0.0,0.0,147.0,1.0,1.0,0.0,0.0,0.12,0.06,0.0,255.0,16.0,0.06,0.06,0.0,0.0,1.0,1.0,0.0,1.0,21831.0
0.0,1.0,19.0,5.0,0.0,0.0,0.0,0.0,0.0,0.0,0.0,0.0,0.0,21.0,1.0,1.0,0.0,0.0,0.24,0.19,0.0,255.0,52.0,0.2,0.04,0.01,0.0,1.0,1.0,0.0,1.0,17794.0
0.0,1.0,65.0,1.0,0.0,0.0,0.0,0.0,0.0,0.0,0.0,0.0,0.0,245.0,0.0,0.0,1.0,1.0,0.05,0.07,0.0,255.0,13.0,0.05,0.08,0.0,0.0,0.0,0.0,1.0,1.0,38654.0
0.0,1.0,46.0,5.0,0.0,0.0,0.0,0.0,0.0,0.0,0.0,0.0,0.0,238.0,1.0,1.0,0.0,0.0,0.06,0.07,0.0,255.0,14.0,0.05,0.05,0.0,0.0,1.0,1.0,0.0,1.0,74560.0
0.0,2.0,46.0,9.0,1.0,0.0,0.0,0.0,0.0,0.0,0.0,0.0,0.0,37.0,0.0,0.0,0.0,0.0,0.76,0.08,0.0,255.0,39.0,0.15,0.22,1.0,0.0,0.0,0.0,0.0,1.0,74557.0
0.0,2.0,41.0,9.0,1.0,0.0,0.0,0.0,0.0,0.0,0.0,0.0,0.0,36.0,0.0,0.0,0.0,0.0,0.08,0.11,0.0,255.0,3.0,0.01,0.07,1.0,0.0,0.0,0.0,0.0,1.0,103930.0
0.0,0.0,14.0,9.0,1032.0,0.0,0.0,0.0,0.0,0.0,0.0,0.0,0.0,162.0,0.0,0.0,0.0,0.0,1.0,0.0,0.0,255.0,162.0,0.64,0.01,0.64,0.0,0.0,0.0,0.0,1.0,61595.0
0.0,1.0,46.0,5.0,0.0,0.0,0.0,0.0,0.0,0.0,0.0,0.0,0.0,79.0,1.0,1.0,0.0,0.0,0.29,0.05,0.0,255.0,23.0,0.09,0.05,0.0,0.0,1.0,1.0,0.0,1.0,93600.0
3928.0,2.0,41.0,9.0,146.0,105.0,0.0,0.0,0.0,0.0,0.0,0.0,0.0,1.0,0.0,0.0,0.0,0.0,1.0,0.0,0.0,255.0,1.0,0.0,0.4,0.8,0.0,0.0,0.0,0.0,0.0,66019.0
0.0,1.0,22.0,1.0,0.0,0.0,0.0,0.0,0.0,0.0,0.0,0.0,0.0,1.0,0.0,0.0,1.0,1.0,1.0,0.0,0.0,103.0,255.0,1.0,0.0,0.01,0.12,0.01,0.0,0.49,0.0,119445.0
0.0,1.0,22.0,1.0,0.0,0.0,0.0,0.0,0.0,0.0,0.0,0.0,0.0,1.0,0.0,0.0,1.0,1.0,1.0,0.0,0.0,20.0,249.0,1.0,0.0,0.05,0.11,0.0,0.0,0.69,0.0,91620.0
0.0,1.0,46.0,5.0,0.0,0.0,0.0,0.0,0.0,0.0,0.0,0.0,0.0,211.0,1.0,1.0,0.0,0.0,0.02,0.07,0.0,255.0,6.0,0.02,0.06,0.0,0.0,1.0,1.0,0.0,1.0,73031.0
0.0,1.0,52.0,5.0,0.0,0.0,0.0,0.0,0.0,0.0,0.0,0.0,0.0,244.0,1.0,1.0,0.0,0.0,0.08,0.06,0.0,255.0,5.0,0.02,0.06,0.0,0.0,1.0,1.0,0.0,1.0,81810.0
0.0,1.0,46.0,5.0,0.0,0.0,0.0,0.0,0.0,0.0,0.0,0.0,0.0,126.0,1.0,1.0,0.0,0.0,0.16,0.06,0.0,255.0,20.0,0.08,0.06,0.0,0.0,1.0,1.0,0.0,1.0,4440.0
0.0,1.0,22.0,1.0,0.0,0.0,0.0,0.0,0.0,0.0,0.0,0.0,0.0,217.0,0.0,0.0,1.0,1.0,0.03,0.07,0.0,255.0,6.0,0.02,0.07,0.0,0.0,0.0,0.0,1.0,1.0,51513.0
0.0,0.0,13.0,9.0,8.0,0.0,0.0,0.0,0.0,0.0,0.0,0.0,0.0,1.0,0.0,0.0,0.0,0.0,1.0,0.0,1.0,2.0,134.0,1.0,0.0,1.0,0.5,0.0,0.0,0.0,1.0,27131.0
0.0,1.0,28.0,1.0,0.0,0.0,0.0,0.0,0.0,0.0,0.0,0.0,0.0,140.0,0.0,0.0,1.0,1.0,0.09,0.06,0.0,255.0,8.0,0.03,0.06,0.0,0.0,0.0,0.0,1.0,1.0,77193.0
0.0,1.0,26.0,5.0,0.0,0.0,0.0,0.0,0.0,0.0,0.0,0.0,0.0,298.0,1.0,1.0,0.0,0.0,0.06,0.05,0.0,255.0,16.0,0.06,0.08,0.0,0.0,1.0,1.0,0.0,1.0,117711.0
239.0,2.0,41.0,9.0,146.0,105.0,0.0,0.0,0.0,0.0,0.0,0.0,0.0,1.0,0.0,0.0,0.0,0.0,1.0,0.0,0.0,255.0,1.0,0.0,0.68,0.97,0.0,0.0,0.0,0.0,0.0,78850.0
0.0,1.0,46.0,5.0,0.0,0.0,0.0,0.0,0.0,0.0,0.0,0.0,0.0,146.0,1.0,1.0,0.0,0.0,0.11,0.05,0.0,255.0,20.0,0.08,0.06,0.0,0.0,1.0,1.0,0.0,1.0,14053.0
0.0,1.0,19.0,9.0,29.0,0.0,0.0,0.0,0.0,0.0,0.0,0.0,0.0,2.0,0.0,0.0,0.0,0.0,0.5,1.0,0.0,255.0,73.0,0.29,0.03,0.29,0.0,0.0,0.0,0.0,0.0,53794.0
0.0,1.0,41.0,9.0,19.0,0.0,0.0,0.0,1.0,0.0,0.0,0.0,0.0,1.0,0.0,0.0,0.0,0.0,1.0,0.0,0.0,255.0,1.0,0.0,0.08,0.07,0.0,0.91,0.0,0.0,0.0,65462.0
0.0,1.0,18.0,5.0,0.0,0.0,0.0,0.0,0.0,0.0,0.0,0.0,0.0,247.0,1.0,1.0,0.0,0.0,0.04,0.07,0.0,255.0,20.0,0.08,0.06,0.0,0.0,1.0,1.0,0.0,1.0,6229.0
0.0,1.0,46.0,5.0,0.0,0.0,0.0,0.0,0.0,0.0,0.0,0.0,0.0,114.0,1.0,1.0,0.0,0.0,0.14,0.05,0.0,255.0,15.0,0.06,0.06,0.0,0.0,1.0,1.0,0.0,1.0,2914.0
0.0,1.0,51.0,5.0,0.0,0.0,0.0,0.0,0.0,0.0,0.0,0.0,0.0,3.0,1.0,1.0,0.0,0.0,1.0,0.0,0.0,105.0,125.0,0.41,0.02,0.01,0.02,0.98,0.34,0.0,1.0,113041.0
0.0,1.0,63.0,5.0,0.0,0.0,0.0,0.0,0.0,0.0,0.0,0.0,0.0,250.0,1.0,1.0,0.0,0.0,0.0,0.06,0.0,255.0,16.0,0.06,0.07,0.0,0.0,1.0,1.0,0.0,1.0,70133.0
0.0,1.0,22.0,5.0,0.0,0.0,0.0,0.0,0.0,0.0,0.0,0.0,0.0,8.0,1.0,1.0,0.0,0.0,1.0,0.0,0.0,10.0,8.0,0.8,0.2,0.1,0.0,0.8,1.0,0.0,1.0,54277.0
0.0,1.0,59.0,5.0,0.0,0.0,0.0,0.0,0.0,0.0,0.0,0.0,0.0,231.0,1.0,1.0,0.0,0.0,0.08,0.06,0.0,255.0,3.0,0.01,0.07,0.0,0.0,1.0,1.0,0.0,1.0,14079.0
0.0,1.0,46.0,5.0,0.0,0.0,0.0,0.0,0.0,0.0,0.0,0.0,0.0,181.0,1.0,1.0,0.0,0.0,0.06,0.06,0.0,255.0,17.0,0.07,0.06,0.0,0.0,1.0,1.0,0.0,1.0,55085.0
0.0,1.0,12.0,5.0,0.0,0.0,0.0,0.0,0.0,0.0,0.0,0.0,0.0,265.0,1.0,1.0,0.0,0.0,0.07,0.06,0.0,255.0,19.0,0.07,0.07,0.0,0.0,1.0,1.0,0.0,1.0,5719.0
0.0,0.0,13.0,9.0,8.0,0.0,0.0,0.0,0.0,0.0,0.0,0.0,0.0,1.0,0.0,0.0,0.0,0.0,1.0,0.0,1.0,3.0,215.0,1.0,0.0,1.0,0.25,0.0,0.0,0.0,1.0,118281.0
0.0,2.0,11.0,9.0,43.0,43.0,0.0,0.0,0.0,0.0,0.0,0.0,0.0,107.0,0.0,0.0,0.0,0.0,1.0,0.0,0.0,255.0,255.0,1.0,0.0,0.0,0.0,0.0,0.0,0.0,0.0,65672.0
0.0,1.0,46.0,1.0,0.0,0.0,0.0,0.0,0.0,0.0,0.0,0.0,0.0,73.0,0.0,0.0,1.0,1.0,0.12,0.07,0.0,255.0,9.0,0.04,0.05,0.0,0.0,0.0,0.0,1.0,1.0,36622.0
0.0,1.0,22.0,5.0,0.0,0.0,0.0,0.0,0.0,0.0,0.0,0.0,0.0,42.0,1.0,1.0,0.0,0.0,0.33,0.1,0.0,255.0,64.0,0.25,0.02,0.0,0.0,1.0,1.0,0.0,1.0,2203.0
0.0,1.0,54.0,5.0,0.0,0.0,0.0,0.0,0.0,0.0,0.0,0.0,0.0,146.0,1.0,1.0,0.0,0.0,0.14,0.04,0.0,255.0,21.0,0.08,0.05,0.0,0.0,1.0,1.0,0.0,1.0,20983.0
0.0,1.0,46.0,4.0,0.0,0.0,0.0,0.0,0.0,0.0,0.0,0.0,0.0,1.0,0.0,0.0,1.0,1.0,1.0,0.0,0.0,255.0,1.0,0.0,0.83,0.82,0.0,0.0,0.0,1.0,1.0,78620.0
0.0,2.0,11.0,9.0,42.0,42.0,0.0,0.0,0.0,0.0,0.0,0.0,0.0,90.0,0.0,0.0,0.0,0.0,1.0,0.0,0.0,255.0,255.0,1.0,0.0,0.0,0.0,0.0,0.0,0.0,0.0,51108.0
0.0,1.0,6.0,5.0,0.0,0.0,0.0,0.0,0.0,0.0,0.0,0.0,0.0,107.0,1.0,1.0,0.0,0.0,0.17,0.08,0.0,255.0,18.0,0.07,0.08,0.0,0.0,1.0,1.0,0.0,1.0,120052.0
0.0,1.0,46.0,5.0,0.0,0.0,0.0,0.0,0.0,0.0,0.0,0.0,0.0,264.0,1.0,1.0,0.0,0.0,0.06,0.06,0.0,255.0,2.0,0.01,0.07,0.0,0.0,1.0,1.0,0.0,1.0,54501.0
0.0,1.0,34.0,5.0,0.0,0.0,0.0,0.0,0.0,0.0,0.0,0.0,0.0,95.0,1.0,1.0,0.0,0.0,0.19,0.06,0.0,255.0,13.0,0.05,0.06,0.0,0.0,1.0,1.0,0.0,1.0,9381.0
0.0,1.0,52.0,5.0,0.0,0.0,0.0,0.0,0.0,0.0,0.0,0.0,0.0,167.0,1.0,1.0,0.0,0.0,0.03,0.08,0.0,255.0,5.0,0.02,0.08,0.0,0.0,1.0,1.0,0.0,1.0,111208.0
0.0,1.0,46.0,5.0,0.0,0.0,0.0,0.0,0.0,0.0,0.0,0.0,0.0,276.0,1.0,1.0,0.0,0.0,0.01,0.07,0.0,255.0,3.0,0.01,0.08,0.0,0.0,1.0,1.0,0.0,1.0,81065.0
27401.0,1.0,46.0,4.0,1.0,0.0,0.0,0.0,0.0,0.0,0.0,0.0,0.0,2.0,0.0,0.0,1.0,1.0,1.0,0.0,0.0,255.0,2.0,0.01,0.74,1.0,0.0,0.0,0.0,1.0,1.0,23275.0
0.0,1.0,23.0,5.0,0.0,0.0,0.0,0.0,0.0,0.0,0.0,0.0,0.0,125.0,1.0,1.0,0.0,0.0,0.02,0.06,0.0,255.0,3.0,0.01,0.07,0.0,0.0,1.0,1.0,0.0,1.0,82971.0
0.0,2.0,46.0,9.0,1.0,0.0,0.0,0.0,0.0,0.0,0.0,0.0,0.0,57.0,0.0,0.0,0.0,0.0,0.53,0.07,0.0,255.0,95.0,0.37,0.06,1.0,0.0,0.0,0.0,0.0,1.0,114314.0
0.0,2.0,11.0,9.0,45.0,130.0,0.0,0.0,0.0,0.0,0.0,0.0,0.0,135.0,0.0,0.0,0.0,0.0,1.0,0.0,0.02,255.0,190.0,0.75,0.02,0.0,0.0,0.0,0.0,0.0,0.0,13639.0
31214.0,1.0,46.0,4.0,1.0,0.0,0.0,0.0,0.0,0.0,0.0,0.0,0.0,2.0,0.0,0.0,1.0,1.0,1.0,0.0,0.0,255.0,2.0,0.01,0.8,1.0,0.0,0.0,0.0,1.0,1.0,102078.0
0.0,1.0,46.0,1.0,0.0,0.0,0.0,0.0,0.0,0.0,0.0,0.0,0.0,370.0,0.0,0.0,1.0,1.0,0.0,0.52,0.0,255.0,1.0,0.0,0.52,1.0,0.0,0.0,0.0,1.0,1.0,93679.0
0.0,1.0,62.0,2.0,0.0,0.0,0.0,0.0,0.0,0.0,0.0,0.0,0.0,106.0,0.0,0.0,1.0,1.0,0.01,0.08,0.0,255.0,1.0,0.0,0.07,0.0,0.0,0.0,0.0,1.0,1.0,37338.0
0.0,1.0,16.0,2.0,0.0,0.0,0.0,0.0,0.0,0.0,0.0,0.0,0.0,109.0,0.0,0.0,1.0,1.0,0.06,0.06,0.0,255.0,6.0,0.02,0.05,0.0,0.0,0.0,0.0,1.0,1.0,109451.0
0.0,1.0,46.0,5.0,0.0,0.0,0.0,0.0,0.0,0.0,0.0,0.0,0.0,245.0,1.0,1.0,0.0,0.0,0.07,0.06,0.0,255.0,17.0,0.07,0.08,0.0,0.0,1.0,1.0,0.0,1.0,113053.0
0.0,1.0,29.0,5.0,0.0,0.0,0.0,0.0,0.0,0.0,0.0,0.0,0.0,85.0,1.0,1.0,0.0,0.0,0.24,0.07,0.0,255.0,20.0,0.08,0.06,0.0,0.0,1.0,1.0,0.0,1.0,8867.0
0.0,0.0,14.0,9.0,1032.0,0.0,0.0,0.0,0.0,0.0,0.0,0.0,0.0,216.0,0.0,0.0,0.0,0.0,1.0,0.0,0.0,255.0,216.0,0.85,0.01,0.85,0.0,0.0,0.0,0.0,1.0,71981.0
0.0,0.0,14.0,9.0,1032.0,0.0,0.0,0.0,0.0,0.0,0.0,0.0,0.0,493.0,0.0,0.0,0.0,0.0,1.0,0.0,0.0,255.0,255.0,1.0,0.0,1.0,0.0,0.0,0.0,0.0,1.0,106011.0
0.0,0.0,13.0,9.0,18.0,0.0,0.0,0.0,0.0,0.0,0.0,0.0,0.0,1.0,0.0,0.0,0.0,0.0,1.0,0.0,1.0,1.0,15.0,1.0,0.0,1.0,1.0,0.0,0.0,0.0,1.0,30861.0
0.0,1.0,22.0,1.0,0.0,0.0,0.0,0.0,0.0,0.0,0.0,0.0,0.0,1.0,0.0,0.0,1.0,1.0,1.0,0.0,0.0,33.0,255.0,1.0,0.0,0.03,0.09,0.0,0.0,0.67,0.0,98434.0
0.0,1.0,63.0,5.0,0.0,0.0,0.0,0.0,0.0,0.0,0.0,0.0,0.0,233.0,1.0,1.0,0.0,0.0,0.06,0.07,0.0,255.0,13.0,0.05,0.08,0.0,0.0,1.0,1.0,0.0,1.0,107711.0
1.0,1.0,46.0,3.0,0.0,0.0,0.0,0.0,0.0,0.0,0.0,0.0,0.0,220.0,0.64,0.5,0.36,0.5,0.01,0.42,0.0,255.0,2.0,0.01,0.36,0.86,0.0,0.55,0.5,0.5,1.0,119523.0
0.0,0.0,14.0,9.0,520.0,0.0,0.0,0.0,0.0,0.0,0.0,0.0,0.0,449.0,0.0,0.0,0.0,0.0,1.0,0.0,0.0,234.0,234.0,1.0,0.0,1.0,0.0,0.0,0.0,0.0,1.0,67711.0
0.0,0.0,14.0,9.0,520.0,0.0,0.0,0.0,0.0,0.0,0.0,0.0,0.0,63.0,0.0,0.0,0.0,0.0,1.0,0.0,0.0,255.0,255.0,1.0,0.0,1.0,0.0,0.0,0.0,0.0,1.0,30079.0
0.0,1.0,46.0,5.0,0.0,0.0,0.0,0.0,0.0,0.0,0.0,0.0,0.0,81.0,1.0,1.0,0.0,0.0,0.05,0.07,0.0,255.0,19.0,0.07,0.06,0.0,0.0,1.0,1.0,0.0,1.0,19751.0
0.0,2.0,11.0,9.0,44.0,147.0,0.0,0.0,0.0,0.0,0.0,0.0,0.0,143.0,0.0,0.0,0.0,0.0,0.99,0.01,0.01,255.0,225.0,0.88,0.02,0.01,0.0,0.0,0.0,0.0,0.0,41401.0
0.0,1.0,46.0,5.0,0.0,0.0,0.0,0.0,0.0,0.0,0.0,0.0,0.0,130.0,1.0,1.0,0.0,0.0,0.08,0.06,0.0,79.0,10.0,0.13,0.09,0.01,0.0,1.0,1.0,0.0,1.0,22053.0
0.0,1.0,8.0,5.0,0.0,0.0,0.0,0.0,0.0,0.0,0.0,0.0,0.0,285.0,1.0,1.0,0.0,0.0,0.05,0.05,0.0,255.0,13.0,0.05,0.05,0.0,0.0,1.0,1.0,0.0,1.0,84826.0
0.0,2.0,46.0,9.0,28.0,0.0,3.0,0.0,0.0,0.0,0.0,0.0,0.0,59.0,0.0,0.0,0.0,0.0,1.0,0.0,0.0,131.0,59.0,0.45,0.03,0.45,0.0,0.0,0.0,0.0,1.0,73225.0
0.0,1.0,46.0,5.0,0.0,0.0,0.0,0.0,0.0,0.0,0.0,0.0,0.0,299.0,1.0,1.0,0.0,0.0,0.07,0.05,0.0,255.0,17.0,0.07,0.08,0.0,0.0,1.0,1.0,0.0,1.0,115756.0
0.0,1.0,46.0,5.0,0.0,0.0,0.0,0.0,0.0,0.0,0.0,0.0,0.0,201.0,1.0,1.0,0.0,0.0,0.0,0.06,0.0,255.0,14.0,0.05,0.06,0.0,0.0,1.0,1.0,0.0,1.0,47452.0
0.0,1.0,3.0,5.0,0.0,0.0,0.0,0.0,0.0,0.0,0.0,0.0,0.0,203.0,1.0,1.0,0.0,0.0,0.05,0.06,0.0,255.0,10.0,0.04,0.07,0.0,0.0,1.0,1.0,0.0,1.0,15941.0
0.0,1.0,12.0,5.0,0.0,0.0,0.0,0.0,0.0,0.0,0.0,0.0,0.0,259.0,1.0,1.0,0.0,0.0,0.09,0.05,0.0,255.0,24.0,0.09,0.05,0.0,0.0,1.0,1.0,0.0,1.0,66231.0
0.0,0.0,14.0,9.0,1032.0,0.0,0.0,0.0,0.0,0.0,0.0,0.0,0.0,511.0,0.0,0.0,0.0,0.0,1.0,0.0,0.0,255.0,84.0,0.33,0.04,0.33,0.0,0.09,0.0,0.0,1.0,80618.0
0.0,1.0,46.0,5.0,0.0,0.0,0.0,0.0,0.0,0.0,0.0,0.0,0.0,120.0,1.0,1.0,0.0,0.0,0.08,0.06,0.0,255.0,13.0,0.05,0.05,0.0,0.0,1.0,1.0,0.0,1.0,25508.0
0.0,1.0,22.0,1.0,0.0,0.0,0.0,0.0,0.0,0.0,0.0,0.0,0.0,1.0,0.0,0.0,1.0,1.0,1.0,0.0,1.0,132.0,255.0,1.0,0.0,0.01,0.07,0.0,0.0,0.97,0.0,32660.0
0.0,1.0,9.0,5.0,0.0,0.0,0.0,0.0,0.0,0.0,0.0,0.0,0.0,239.0,1.0,1.0,0.0,0.0,0.0,0.07,0.0,255.0,1.0,0.0,0.07,0.0,0.0,1.0,1.0,0.0,1.0,81420.0
0.0,0.0,13.0,9.0,30.0,0.0,0.0,0.0,0.0,0.0,0.0,0.0,0.0,3.0,0.0,0.0,0.0,0.0,0.33,1.0,0.0,255.0,9.0,0.04,0.01,0.16,0.0,0.0,0.0,0.0,0.0,44665.0
0.0,1.0,46.0,5.0,0.0,0.0,0.0,0.0,0.0,0.0,0.0,0.0,0.0,107.0,1.0,1.0,0.0,0.0,0.13,0.08,0.0,255.0,14.0,0.05,0.07,0.0,0.0,1.0,1.0,0.0,1.0,19978.0
0.0,2.0,46.0,9.0,1.0,0.0,0.0,0.0,0.0,0.0,0.0,0.0,0.0,15.0,0.0,0.0,0.0,0.0,0.27,0.13,0.0,255.0,49.0,0.19,0.38,0.66,0.0,0.16,0.0,0.0,1.0,101419.0
0.0,0.0,14.0,9.0,1032.0,0.0,0.0,0.0,0.0,0.0,0.0,0.0,0.0,231.0,0.0,0.0,0.0,0.0,1.0,0.0,0.0,207.0,113.0,0.55,0.03,0.55,0.0,0.01,0.0,0.0,1.0,42652.0
0.0,0.0,13.0,9.0,8.0,0.0,0.0,0.0,0.0,0.0,0.0,0.0,0.0,1.0,0.0,0.0,0.0,0.0,1.0,0.0,0.0,2.0,30.0,1.0,0.0,1.0,0.5,0.0,0.0,0.0,1.0,63896.0
0.0,1.0,46.0,5.0,0.0,0.0,0.0,0.0,0.0,0.0,0.0,0.0,0.0,296.0,1.0,1.0,0.0,0.0,0.0,0.06,0.0,255.0,3.0,0.01,0.06,0.0,0.0,1.0,1.0,0.0,1.0,53226.0
0.0,1.0,57.0,5.0,0.0,0.0,0.0,0.0,0.0,0.0,0.0,0.0,0.0,34.0,1.0,1.0,0.0,0.0,0.53,0.06,0.0,234.0,59.0,0.25,0.02,0.01,0.03,1.0,0.98,0.0,1.0,108731.0
0.0,1.0,46.0,5.0,0.0,0.0,0.0,0.0,0.0,0.0,0.0,0.0,0.0,80.0,1.0,1.0,0.0,0.0,0.2,0.06,0.0,255.0,19.0,0.07,0.05,0.0,0.0,1.0,1.0,0.0,1.0,32678.0
0.0,0.0,13.0,9.0,8.0,0.0,0.0,0.0,0.0,0.0,0.0,0.0,0.0,1.0,0.0,0.0,0.0,0.0,1.0,0.0,1.0,3.0,87.0,1.0,0.0,1.0,0.25,0.0,0.0,0.0,1.0,101467.0
0.0,1.0,64.0,5.0,0.0,0.0,0.0,0.0,0.0,0.0,0.0,0.0,0.0,276.0,1.0,1.0,0.0,0.0,0.01,0.05,0.0,255.0,4.0,0.02,0.05,0.0,0.0,1.0,1.0,0.0,1.0,18917.0
0.0,0.0,14.0,9.0,1032.0,0.0,0.0,0.0,0.0,0.0,0.0,0.0,0.0,511.0,0.0,0.0,0.0,0.0,1.0,0.0,0.0,255.0,172.0,0.67,0.03,0.67,0.0,0.0,0.0,0.0,1.0,62135.0
0.0,1.0,64.0,5.0,0.0,0.0,0.0,0.0,0.0,0.0,0.0,0.0,0.0,70.0,1.0,1.0,0.0,0.0,0.03,0.09,0.0,255.0,9.0,0.04,0.08,0.0,0.0,1.0,1.0,0.0,1.0,98688.0
0.0,2.0,11.0,9.0,42.0,0.0,0.0,0.0,0.0,0.0,0.0,0.0,0.0,2.0,0.0,0.0,0.0,0.0,1.0,0.0,0.33,255.0,233.0,0.91,0.01,0.0,0.0,0.0,0.0,0.0,0.0,56217.0
0.0,1.0,54.0,5.0,0.0,0.0,0.0,0.0,0.0,0.0,0.0,0.0,0.0,138.0,1.0,1.0,0.0,0.0,0.07,0.06,0.0,255.0,9.0,0.04,0.06,0.0,0.0,1.0,1.0,0.0,1.0,55501.0
0.0,1.0,53.0,5.0,0.0,0.0,0.0,0.0,0.0,0.0,0.0,0.0,0.0,225.0,1.0,1.0,0.0,0.0,0.08,0.05,0.0,255.0,19.0,0.07,0.05,0.0,0.0,1.0,1.0,0.0,1.0,21069.0
0.0,1.0,30.0,5.0,0.0,0.0,0.0,0.0,0.0,0.0,0.0,0.0,0.0,295.0,1.0,1.0,0.0,0.0,0.01,0.06,0.0,255.0,3.0,0.01,0.07,0.0,0.0,1.0,1.0,0.0,1.0,25458.0
0.0,1.0,7.0,5.0,0.0,0.0,0.0,0.0,0.0,0.0,0.0,0.0,0.0,262.0,1.0,1.0,0.0,0.0,0.03,0.06,0.0,255.0,7.0,0.03,0.07,0.0,0.0,1.0,1.0,0.0,1.0,92917.0
0.0,1.0,46.0,5.0,0.0,0.0,0.0,0.0,0.0,0.0,0.0,0.0,0.0,18.0,1.0,1.0,0.0,0.0,0.56,0.17,0.0,255.0,10.0,0.04,0.09,0.0,0.0,1.0,1.0,0.0,1.0,109086.0
0.0,0.0,13.0,9.0,8.0,0.0,0.0,0.0,0.0,0.0,0.0,0.0,0.0,1.0,0.0,0.0,0.0,0.0,1.0,0.0,1.0,1.0,179.0,1.0,0.0,1.0,0.5,0.0,0.0,0.0,1.0,63513.0
0.0,2.0,46.0,9.0,1.0,0.0,0.0,0.0,0.0,0.0,0.0,0.0,0.0,27.0,0.0,0.0,0.0,0.0,0.07,0.11,0.0,255.0,2.0,0.01,0.66,0.38,0.0,0.05,0.0,0.0,1.0,96655.0
0.0,1.0,21.0,1.0,0.0,0.0,0.0,0.0,0.0,0.0,0.0,0.0,0.0,247.0,0.0,0.0,1.0,1.0,0.01,0.07,0.0,255.0,2.0,0.01,0.08,0.0,0.0,0.0,0.0,1.0,1.0,105422.0
235.0,2.0,41.0,9.0,146.0,105.0,0.0,0.0,0.0,0.0,0.0,0.0,0.0,2.0,0.0,0.0,0.0,0.0,0.5,1.0,0.0,255.0,3.0,0.01,0.52,0.91,0.0,0.0,0.0,0.0,0.0,16465.0
0.0,1.0,46.0,5.0,0.0,0.0,0.0,0.0,0.0,0.0,0.0,0.0,0.0,198.0,1.0,1.0,0.0,0.0,0.03,0.08,0.0,255.0,5.0,0.02,0.07,0.0,0.0,1.0,1.0,0.0,1.0,33607.0
0.0,2.0,11.0,9.0,44.0,133.0,0.0,0.0,0.0,0.0,0.0,0.0,0.0,155.0,0.0,0.0,0.0,0.0,1.0,0.0,0.01,255.0,255.0,1.0,0.0,0.0,0.0,0.0,0.0,0.0,0.0,55504.0
0.0,0.0,61.0,9.0,78.0,0.0,0.0,0.0,0.0,0.0,0.0,0.0,0.0,12.0,0.0,0.0,0.0,0.0,0.33,0.17,0.0,255.0,19.0,0.07,0.01,0.07,0.0,0.0,0.0,0.0,0.0,80836.0
0.0,1.0,34.0,1.0,0.0,0.0,0.0,0.0,0.0,0.0,0.0,0.0,0.0,213.0,0.0,0.0,1.0,1.0,0.0,0.07,0.0,255.0,1.0,0.0,0.07,0.0,0.0,0.0,0.0,1.0,1.0,64240.0
0.0,1.0,17.0,5.0,0.0,0.0,0.0,0.0,0.0,0.0,0.0,0.0,0.0,38.0,1.0,1.0,0.0,0.0,0.24,0.11,0.0,255.0,49.0,0.19,0.03,0.01,0.0,1.0,1.0,0.0,1.0,25191.0
0.0,1.0,63.0,0.0,0.0,0.0,0.0,0.0,0.0,0.0,0.0,0.0,0.0,1.0,0.0,0.0,0.0,0.0,1.0,0.0,0.0,161.0,1.0,0.01,0.7,0.7,0.0,0.04,0.0,0.0,1.0,24143.0
0.0,2.0,11.0,9.0,44.0,71.0,0.0,0.0,0.0,0.0,0.0,0.0,0.0,158.0,0.0,0.0,0.0,0.0,1.0,0.0,0.0,255.0,254.0,1.0,0.01,0.0,0.0,0.0,0.0,0.0,0.0,16735.0
0.0,1.0,19.0,5.0,0.0,0.0,0.0,0.0,0.0,0.0,0.0,0.0,0.0,210.0,1.0,1.0,0.0,0.0,0.08,0.06,0.0,255.0,17.0,0.07,0.07,0.0,0.0,1.0,1.0,0.0,1.0,83538.0
0.0,2.0,46.0,9.0,28.0,0.0,3.0,0.0,0.0,0.0,0.0,0.0,0.0,162.0,0.62,0.0,0.0,0.0,0.38,0.04,0.0,255.0,62.0,0.24,0.76,0.24,0.0,0.09,0.0,0.0,1.0,69986.0
0.0,1.0,59.0,2.0,0.0,0.0,0.0,0.0,0.0,0.0,0.0,0.0,0.0,189.0,0.0,0.0,1.0,1.0,0.06,0.06,0.0,255.0,12.0,0.05,0.07,0.0,0.0,0.0,0.0,1.0,1.0,125399.0
0.0,1.0,46.0,5.0,0.0,0.0,0.0,0.0,0.0,0.0,0.0,0.0,0.0,129.0,1.0,1.0,0.0,0.0,0.1,0.05,0.0,255.0,26.0,0.1,0.05,0.0,0.0,1.0,1.0,0.0,1.0,17559.0
0.0,1.0,65.0,5.0,0.0,0.0,0.0,0.0,0.0,0.0,0.0,0.0,0.0,103.0,1.0,1.0,0.0,0.0,0.13,0.06,0.0,255.0,7.0,0.03,0.07,0.0,0.0,1.0,1.0,0.0,1.0,84996.0
0.0,1.0,22.0,5.0,0.0,0.0,0.0,0.0,0.0,0.0,0.0,0.0,0.0,47.0,1.0,1.0,0.0,0.0,0.26,0.09,0.0,255.0,27.0,0.11,0.04,0.0,0.0,1.0,1.0,0.0,1.0,62797.0
0.0,1.0,57.0,5.0,0.0,0.0,0.0,0.0,0.0,0.0,0.0,0.0,0.0,14.0,1.0,1.0,0.0,0.0,0.21,0.29,0.0,255.0,51.0,0.2,0.05,0.02,0.0,1.0,1.0,0.0,1.0,121444.0
0.0,1.0,46.0,5.0,0.0,0.0,0.0,0.0,0.0,0.0,0.0,0.0,0.0,178.0,1.0,1.0,0.0,0.0,0.02,0.07,0.0,255.0,13.0,0.05,0.06,0.0,0.0,1.0,1.0,0.0,1.0,86376.0
0.0,1.0,32.0,5.0,0.0,0.0,0.0,0.0,0.0,0.0,0.0,0.0,0.0,235.0,1.0,1.0,0.0,0.0,0.01,0.06,0.0,255.0,17.0,0.07,0.06,0.0,0.0,1.0,1.0,0.0,1.0,82864.0
0.0,0.0,14.0,9.0,1032.0,0.0,0.0,0.0,0.0,0.0,0.0,0.0,0.0,509.0,0.0,0.0,0.0,0.0,1.0,0.0,0.0,255.0,153.0,0.6,0.17,0.6,0.0,0.0,0.0,0.0,1.0,117220.0
0.0,1.0,46.0,5.0,0.0,0.0,0.0,0.0,0.0,0.0,0.0,0.0,0.0,174.0,0.99,1.0,0.0,0.0,0.1,0.07,0.0,255.0,10.0,0.04,0.07,0.0,0.0,1.0,1.0,0.0,1.0,113625.0
0.0,1.0,57.0,5.0,0.0,0.0,0.0,0.0,0.0,0.0,0.0,0.0,0.0,282.0,1.0,1.0,0.0,0.0,0.08,0.05,0.0,255.0,22.0,0.09,0.05,0.0,0.0,1.0,1.0,0.0,1.0,76094.0
0.0,1.0,19.0,5.0,0.0,0.0,0.0,0.0,0.0,0.0,0.0,0.0,0.0,80.0,1.0,1.0,0.0,0.0,0.25,0.05,0.0,255.0,59.0,0.23,0.04,0.0,0.0,1.0,1.0,0.0,1.0,36132.0
0.0,1.0,46.0,5.0,0.0,0.0,0.0,0.0,0.0,0.0,0.0,0.0,0.0,225.0,1.0,1.0,0.0,0.0,0.08,0.05,0.0,255.0,18.0,0.07,0.05,0.0,0.0,1.0,1.0,0.0,1.0,87124.0
0.0,1.0,46.0,5.0,0.0,0.0,0.0,0.0,0.0,0.0,0.0,0.0,0.0,104.0,1.0,1.0,0.0,0.0,0.12,0.06,0.0,172.0,10.0,0.06,0.09,0.01,0.0,1.0,1.0,0.0,1.0,77290.0
0.0,1.0,12.0,5.0,0.0,0.0,0.0,0.0,0.0,0.0,0.0,0.0,0.0,236.0,1.0,1.0,0.0,0.0,0.03,0.06,0.0,255.0,7.0,0.03,0.06,0.0,0.0,1.0,1.0,0.0,1.0,64727.0
0.0,2.0,11.0,9.0,36.0,0.0,0.0,0.0,0.0,0.0,0.0,0.0,0.0,1.0,0.0,0.0,0.0,0.0,1.0,0.0,1.0,197.0,53.0,0.2,0.02,0.2,0.04,0.0,0.0,0.0,0.0,63207.0
0.0,1.0,3.0,5.0,0.0,0.0,0.0,0.0,0.0,0.0,0.0,0.0,0.0,244.0,1.0,1.0,0.0,0.0,0.02,0.07,0.0,255.0,5.0,0.02,0.07,0.0,0.0,1.0,1.0,0.0,1.0,79769.0
0.0,1.0,46.0,5.0,0.0,0.0,0.0,0.0,0.0,0.0,0.0,0.0,0.0,182.0,1.0,1.0,0.0,0.0,0.03,0.08,0.0,255.0,15.0,0.06,0.06,0.0,0.0,1.0,1.0,0.0,1.0,48259.0
0.0,1.0,46.0,5.0,0.0,0.0,0.0,0.0,0.0,0.0,0.0,0.0,0.0,143.0,1.0,1.0,0.0,0.0,0.11,0.06,0.0,255.0,18.0,0.07,0.07,0.0,0.0,1.0,1.0,0.0,1.0,115105.0
0.0,0.0,13.0,9.0,8.0,0.0,0.0,0.0,0.0,0.0,0.0,0.0,0.0,1.0,0.0,0.0,0.0,0.0,1.0,0.0,1.0,1.0,87.0,1.0,0.0,1.0,0.51,0.0,0.0,0.0,1.0,89033.0
0.0,1.0,17.0,9.0,9.0,141.0,0.0,0.0,0.0,0.0,0.0,0.0,0.0,1.0,0.0,0.0,0.0,0.0,1.0,0.0,0.0,236.0,14.0,0.06,0.02,0.0,0.0,0.0,0.0,0.0,0.0,29981.0
0.0,0.0,14.0,9.0,1032.0,0.0,0.0,0.0,0.0,0.0,0.0,0.0,0.0,510.0,0.0,0.0,0.0,0.0,1.0,0.0,0.0,255.0,158.0,0.62,0.01,0.62,0.0,0.0,0.0,0.0,1.0,66342.0
0.0,1.0,19.0,5.0,0.0,0.0,0.0,0.0,0.0,0.0,0.0,0.0,0.0,80.0,1.0,1.0,0.0,0.0,0.25,0.05,0.0,255.0,67.0,0.26,0.02,0.0,0.0,1.0,1.0,0.0,1.0,26127.0
0.0,1.0,46.0,5.0,0.0,0.0,0.0,0.0,0.0,0.0,0.0,0.0,0.0,248.0,1.0,1.0,0.0,0.0,0.08,0.05,0.0,255.0,2.0,0.01,0.07,0.0,0.0,1.0,1.0,0.0,1.0,105979.0
0.0,1.0,22.0,5.0,0.0,0.0,0.0,0.0,0.0,0.0,0.0,0.0,0.0,35.0,1.0,1.0,0.0,0.0,0.34,0.11,0.0,255.0,64.0,0.25,0.02,0.0,0.0,1.0,1.0,0.0,1.0,39033.0
0.0,1.0,59.0,5.0,0.0,0.0,0.0,0.0,0.0,0.0,0.0,0.0,0.0,233.0,1.0,1.0,0.0,0.0,0.07,0.06,0.0,255.0,16.0,0.06,0.08,0.0,0.0,1.0,1.0,0.0,1.0,99719.0
0.0,1.0,46.0,5.0,0.0,0.0,0.0,0.0,0.0,0.0,0.0,0.0,0.0,147.0,1.0,1.0,0.0,0.0,0.07,0.05,0.0,255.0,11.0,0.04,0.08,0.0,0.0,1.0,1.0,0.0,1.0,121422.0
0.0,1.0,2.0,5.0,0.0,0.0,0.0,0.0,0.0,0.0,0.0,0.0,0.0,284.0,1.0,1.0,0.0,0.0,0.08,0.05,0.0,255.0,24.0,0.09,0.05,0.0,0.0,1.0,1.0,0.0,1.0,102735.0
0.0,0.0,13.0,9.0,8.0,0.0,0.0,0.0,0.0,0.0,0.0,0.0,0.0,1.0,0.0,0.0,0.0,0.0,1.0,0.0,1.0,3.0,223.0,1.0,0.0,1.0,0.25,0.0,0.0,0.0,1.0,42207.0
0.0,1.0,12.0,2.0,0.0,0.0,0.0,0.0,0.0,0.0,0.0,0.0,0.0,249.0,0.0,0.0,1.0,1.0,0.04,0.07,0.0,255.0,9.0,0.04,0.07,0.0,0.0,0.0,0.0,1.0,1.0,72404.0
0.0,1.0,46.0,5.0,0.0,0.0,0.0,0.0,0.0,0.0,0.0,0.0,0.0,40.0,1.0,1.0,0.0,0.0,0.1,0.12,0.0,255.0,4.0,0.02,0.07,0.0,0.0,1.0,1.0,0.0,1.0,125720.0
0.0,1.0,55.0,5.0,0.0,0.0,0.0,0.0,0.0,0.0,0.0,0.0,0.0,126.0,1.0,1.0,0.0,0.0,0.13,0.06,0.0,255.0,14.0,0.05,0.07,0.0,0.0,1.0,1.0,0.0,1.0,38141.0
0.0,1.0,46.0,1.0,0.0,0.0,0.0,0.0,0.0,0.0,0.0,0.0,0.0,160.0,0.0,0.0,1.0,1.0,0.06,0.07,0.0,255.0,10.0,0.04,0.07,0.0,0.0,0.0,0.0,1.0,1.0,51417.0
0.0,1.0,46.0,5.0,0.0,0.0,0.0,0.0,0.0,0.0,0.0,0.0,0.0,138.0,1.0,1.0,0.0,0.0,0.01,0.07,0.0,255.0,1.0,0.0,0.07,0.0,0.0,1.0,1.0,0.0,1.0,83317.0
0.0,1.0,46.0,1.0,0.0,0.0,0.0,0.0,0.0,0.0,0.0,0.0,0.0,186.0,0.02,0.0,0.95,1.0,0.01,1.0,0.0,255.0,1.0,0.0,0.76,0.0,0.0,0.01,0.0,1.0,1.0,38939.0
0.0,1.0,38.0,4.0,0.0,0.0,0.0,0.0,0.0,0.0,0.0,0.0,0.0,1.0,0.0,0.0,1.0,1.0,1.0,0.0,0.0,255.0,1.0,0.0,0.77,1.0,0.0,0.0,0.0,1.0,1.0,55774.0
0.0,1.0,28.0,5.0,0.0,0.0,0.0,0.0,0.0,0.0,0.0,0.0,0.0,19.0,1.0,1.0,0.0,0.0,0.16,0.16,0.0,255.0,3.0,0.01,0.07,0.0,0.0,1.0,1.0,0.0,1.0,113567.0
0.0,1.0,46.0,5.0,0.0,0.0,0.0,0.0,0.0,0.0,0.0,0.0,0.0,131.0,1.0,1.0,0.0,0.0,0.07,0.06,0.0,255.0,9.0,0.04,0.08,0.0,0.0,1.0,1.0,0.0,1.0,94290.0
0.0,1.0,46.0,5.0,0.0,0.0,0.0,0.0,0.0,0.0,0.0,0.0,0.0,121.0,1.0,1.0,0.0,0.0,0.09,0.07,0.0,255.0,19.0,0.07,0.06,0.0,0.0,1.0,1.0,0.0,1.0,91384.0
0.0,2.0,46.0,9.0,28.0,0.0,3.0,0.0,0.0,0.0,0.0,0.0,0.0,35.0,0.0,0.0,0.0,0.0,1.0,0.0,0.0,255.0,2.0,0.01,0.01,0.01,0.0,0.0,0.0,0.0,1.0,111266.0
0.0,1.0,16.0,5.0,0.0,0.0,0.0,0.0,0.0,0.0,0.0,0.0,0.0,145.0,1.0,1.0,0.0,0.0,0.14,0.05,0.0,255.0,21.0,0.08,0.05,0.0,0.0,1.0,1.0,0.0,1.0,51041.0
0.0,1.0,46.0,5.0,0.0,0.0,0.0,0.0,0.0,0.0,0.0,0.0,0.0,142.0,1.0,1.0,0.0,0.0,0.02,0.06,0.0,255.0,5.0,0.02,0.06,0.0,0.0,1.0,1.0,0.0,1.0,114994.0
0.0,1.0,29.0,5.0,0.0,0.0,0.0,0.0,0.0,0.0,0.0,0.0,0.0,141.0,1.0,1.0,0.0,0.0,0.13,0.06,0.0,255.0,18.0,0.07,0.07,0.0,0.0,1.0,1.0,0.0,1.0,66524.0
0.0,1.0,26.0,5.0,0.0,0.0,0.0,0.0,0.0,0.0,0.0,0.0,0.0,141.0,1.0,1.0,0.0,0.0,0.04,0.07,0.0,255.0,5.0,0.02,0.07,0.0,0.0,1.0,1.0,0.0,1.0,48112.0
0.0,1.0,22.0,5.0,0.0,0.0,0.0,0.0,0.0,0.0,0.0,0.0,0.0,2.0,1.0,1.0,0.0,0.0,0.5,1.0,0.0,244.0,61.0,0.25,0.02,0.0,0.0,0.99,1.0,0.0,1.0,106895.0
0.0,0.0,13.0,9.0,30.0,0.0,0.0,0.0,0.0,0.0,0.0,0.0,0.0,2.0,0.0,0.0,0.0,0.0,1.0,0.0,0.0,192.0,192.0,1.0,0.0,1.0,0.0,0.0,0.0,0.0,0.0,47611.0
0.0,1.0,22.0,1.0,0.0,0.0,0.0,0.0,0.0,0.0,0.0,0.0,0.0,16.0,0.0,0.0,0.69,0.69,1.0,0.0,0.0,16.0,255.0,1.0,0.0,0.06,0.01,0.0,0.0,0.06,0.0,13596.0
0.0,1.0,19.0,9.0,334.0,0.0,0.0,0.0,1.0,0.0,0.0,0.0,0.0,1.0,0.0,0.0,0.0,0.0,1.0,0.0,0.0,3.0,23.0,1.0,0.0,1.0,0.17,0.0,0.0,0.0,1.0,84390.0
0.0,1.0,32.0,5.0,0.0,0.0,0.0,0.0,0.0,0.0,0.0,0.0,0.0,143.0,1.0,1.0,0.0,0.0,0.12,0.06,0.0,255.0,8.0,0.03,0.07,0.0,0.0,1.0,1.0,0.0,1.0,18957.0
0.0,1.0,41.0,1.0,0.0,0.0,0.0,0.0,0.0,0.0,0.0,0.0,0.0,511.0,0.01,0.0,0.99,1.0,0.0,1.0,0.0,255.0,1.0,0.0,1.0,0.0,0.0,0.01,0.0,1.0,1.0,21506.0
0.0,1.0,46.0,1.0,0.0,0.0,0.0,0.0,0.0,0.0,0.0,0.0,0.0,2.0,0.0,0.0,1.0,1.0,1.0,0.0,0.0,255.0,2.0,0.01,0.07,0.0,0.0,0.0,0.0,1.0,1.0,88644.0
0.0,1.0,36.0,5.0,0.0,0.0,0.0,0.0,0.0,0.0,0.0,0.0,0.0,292.0,1.0,1.0,0.0,0.0,0.01,0.06,0.0,255.0,4.0,0.02,0.06,0.0,0.0,1.0,1.0,0.0,1.0,7443.0
0.0,1.0,22.0,1.0,0.0,0.0,0.0,0.0,0.0,0.0,0.0,0.0,0.0,1.0,0.0,0.0,1.0,1.0,1.0,0.0,0.0,33.0,255.0,1.0,0.0,0.03,0.2,0.0,0.0,1.0,0.0,88392.0
0.0,0.0,13.0,9.0,30.0,0.0,0.0,0.0,0.0,0.0,0.0,0.0,0.0,2.0,0.0,0.0,0.0,0.0,0.5,1.0,0.0,255.0,30.0,0.12,0.01,0.56,0.0,0.0,0.0,0.0,0.0,102847.0
0.0,1.0,46.0,1.0,0.0,0.0,0.0,0.0,0.0,0.0,0.0,0.0,0.0,96.0,0.0,0.0,1.0,1.0,0.09,0.06,0.0,255.0,9.0,0.04,0.05,0.0,0.0,0.0,0.0,1.0,1.0,8343.0
0.0,1.0,26.0,5.0,0.0,0.0,0.0,0.0,0.0,0.0,0.0,0.0,0.0,229.0,1.0,1.0,0.0,0.0,0.01,0.07,0.0,255.0,2.0,0.01,0.08,0.0,0.0,1.0,1.0,0.0,1.0,102746.0
0.0,0.0,14.0,9.0,1032.0,0.0,0.0,0.0,0.0,0.0,0.0,0.0,0.0,511.0,0.0,0.0,0.0,0.0,1.0,0.0,0.0,255.0,171.0,0.67,0.02,0.67,0.0,0.0,0.0,0.0,1.0,55988.0
0.0,0.0,14.0,9.0,1032.0,0.0,0.0,0.0,0.0,0.0,0.0,0.0,0.0,510.0,0.0,0.0,0.0,0.0,1.0,0.0,0.0,255.0,88.0,0.35,0.2,0.35,0.0,0.0,0.0,0.0,1.0,36165.0
0.0,1.0,46.0,5.0,0.0,0.0,0.0,0.0,0.0,0.0,0.0,0.0,0.0,225.0,1.0,1.0,0.0,0.0,0.05,0.05,0.0,255.0,11.0,0.04,0.06,0.0,0.0,1.0,1.0,0.0,1.0,125185.0
0.0,1.0,17.0,5.0,0.0,0.0,0.0,0.0,0.0,0.0,0.0,0.0,0.0,272.0,1.0,1.0,0.0,0.0,0.09,0.05,0.0,255.0,24.0,0.09,0.05,0.0,0.0,1.0,1.0,0.0,1.0,47212.0
0.0,1.0,29.0,1.0,0.0,0.0,0.0,0.0,0.0,0.0,0.0,0.0,0.0,145.0,0.0,0.0,1.0,1.0,0.1,0.06,0.0,255.0,11.0,0.04,0.07,0.0,0.0,0.0,0.0,1.0,1.0,37128.0
0.0,0.0,13.0,9.0,8.0,0.0,0.0,0.0,0.0,0.0,0.0,0.0,0.0,1.0,0.0,0.0,0.0,0.0,1.0,0.0,1.0,4.0,72.0,1.0,0.0,1.0,0.25,0.0,0.0,0.0,1.0,116763.0
0.0,1.0,46.0,5.0,0.0,0.0,0.0,0.0,0.0,0.0,0.0,0.0,0.0,131.0,1.0,1.0,0.0,0.0,0.15,0.06,0.0,255.0,31.0,0.12,0.06,0.0,0.0,1.0,1.0,0.0,1.0,120649.0
0.0,1.0,3.0,5.0,0.0,0.0,0.0,0.0,0.0,0.0,0.0,0.0,0.0,200.0,1.0,1.0,0.0,0.0,0.05,0.05,0.0,255.0,10.0,0.04,0.06,0.0,0.0,1.0,1.0,0.0,1.0,106669.0
0.0,2.0,11.0,9.0,44.0,77.0,0.0,0.0,0.0,0.0,0.0,0.0,0.0,159.0,0.0,0.0,0.0,0.0,1.0,0.0,0.0,255.0,225.0,0.88,0.01,0.0,0.0,0.0,0.0,0.0,0.0,39577.0
0.0,2.0,46.0,9.0,1.0,0.0,0.0,0.0,0.0,0.0,0.0,0.0,0.0,16.0,0.0,0.0,0.0,0.0,0.19,0.12,0.0,255.0,50.0,0.2,0.37,0.82,0.0,0.0,0.0,0.0,1.0,37526.0
0.0,1.0,22.0,9.0,325.0,185.0,0.0,0.0,1.0,0.0,0.0,0.0,0.0,6.0,0.0,0.0,0.0,0.0,1.0,0.0,0.25,235.0,255.0,1.0,0.0,0.0,0.01,0.0,0.0,0.0,0.0,19921.0
0.0,1.0,46.0,5.0,0.0,0.0,0.0,0.0,0.0,0.0,0.0,0.0,0.0,298.0,1.0,1.0,0.0,0.0,0.06,0.05,0.0,255.0,14.0,0.05,0.06,0.0,0.0,1.0,1.0,0.0,1.0,6136.0
0.0,1.0,35.0,5.0,0.0,0.0,0.0,0.0,0.0,0.0,0.0,0.0,0.0,240.0,1.0,1.0,0.0,0.0,0.08,0.06,0.0,255.0,19.0,0.07,0.07,0.0,0.0,1.0,1.0,0.0,1.0,54908.0
0.0,1.0,57.0,5.0,0.0,0.0,0.0,0.0,0.0,0.0,0.0,0.0,0.0,67.0,1.0,1.0,0.0,0.0,0.21,0.06,0.0,255.0,54.0,0.21,0.03,0.01,0.0,1.0,1.0,0.0,1.0,15764.0
0.0,1.0,15.0,5.0,0.0,0.0,0.0,0.0,0.0,0.0,0.0,0.0,0.0,118.0,1.0,1.0,0.0,0.0,0.03,0.07,0.0,255.0,3.0,0.01,0.06,0.0,0.0,1.0,1.0,0.0,1.0,121304.0
0.0,1.0,30.0,5.0,0.0,0.0,0.0,0.0,0.0,0.0,0.0,0.0,0.0,147.0,1.0,1.0,0.0,0.0,0.11,0.05,0.0,255.0,16.0,0.06,0.05,0.0,0.0,1.0,1.0,0.0,1.0,68391.0
0.0,1.0,46.0,1.0,0.0,0.0,0.0,0.0,0.0,0.0,0.0,0.0,0.0,1.0,0.0,0.0,1.0,1.0,1.0,0.0,0.0,20.0,2.0,0.05,1.0,0.05,1.0,0.0,0.0,1.0,1.0,19284.0
0.0,1.0,4.0,1.0,0.0,0.0,0.0,0.0,0.0,0.0,0.0,0.0,0.0,267.0,0.0,0.0,1.0,1.0,0.02,0.06,0.0,255.0,6.0,0.02,0.07,0.0,0.0,0.0,0.0,1.0,1.0,2066.0
0.0,1.0,19.0,9.0,334.0,0.0,0.0,0.0,1.0,0.0,0.0,0.0,0.0,2.0,0.0,0.0,0.0,0.0,1.0,0.0,0.67,2.0,10.0,1.0,0.0,1.0,0.4,0.0,0.0,0.0,1.0,79327.0
0.0,1.0,46.0,5.0,0.0,0.0,0.0,0.0,0.0,0.0,0.0,0.0,0.0,288.0,1.0,1.0,0.0,0.0,0.05,0.06,0.0,255.0,15.0,0.06,0.07,0.0,0.0,1.0,1.0,0.0,1.0,69344.0
0.0,1.0,38.0,5.0,0.0,0.0,0.0,0.0,0.0,0.0,0.0,0.0,0.0,120.0,1.0,1.0,0.0,0.0,0.16,0.08,0.0,255.0,19.0,0.07,0.06,0.0,0.0,1.0,1.0,0.0,1.0,94635.0
0.0,2.0,11.0,9.0,44.0,130.0,0.0,0.0,0.0,0.0,0.0,0.0,0.0,121.0,0.0,0.0,0.0,0.0,1.0,0.0,0.02,241.0,176.0,0.73,0.02,0.0,0.0,0.0,0.0,0.0,0.0,116282.0
4025.0,2.0,41.0,9.0,146.0,105.0,0.0,0.0,0.0,0.0,0.0,0.0,0.0,5.0,0.0,0.0,0.0,0.0,0.2,0.6,0.0,255.0,3.0,0.01,0.47,0.91,0.0,0.0,0.0,0.0,0.0,72846.0
0.0,0.0,13.0,9.0,8.0,0.0,0.0,0.0,0.0,0.0,0.0,0.0,0.0,1.0,0.0,0.0,0.0,0.0,1.0,0.0,1.0,1.0,221.0,1.0,0.0,1.0,0.25,0.0,0.0,0.0,1.0,31506.0
0.0,1.0,46.0,5.0,0.0,0.0,0.0,0.0,0.0,0.0,0.0,0.0,0.0,218.0,1.0,1.0,0.0,0.0,0.04,0.05,0.0,78.0,9.0,0.12,0.1,0.01,0.0,0.97,1.0,0.0,1.0,22111.0
0.0,1.0,46.0,1.0,0.0,0.0,0.0,0.0,0.0,0.0,0.0,0.0,0.0,511.0,0.07,0.0,0.91,1.0,0.0,1.0,0.0,255.0,1.0,0.0,1.0,0.0,0.0,0.07,0.0,1.0,1.0,105827.0
0.0,2.0,46.0,9.0,28.0,0.0,3.0,0.0,0.0,0.0,0.0,0.0,0.0,83.0,0.01,0.0,0.0,0.0,0.99,0.02,0.0,255.0,82.0,0.32,0.01,0.32,0.0,0.0,0.0,0.0,1.0,4239.0
835.0,2.0,41.0,9.0,147.0,105.0,0.0,0.0,0.0,0.0,0.0,0.0,0.0,1.0,0.0,0.0,0.0,0.0,1.0,0.0,0.0,255.0,1.0,0.0,0.63,0.86,0.0,0.0,0.0,0.0,0.0,38386.0
0.0,1.0,18.0,5.0,0.0,0.0,0.0,0.0,0.0,0.0,0.0,0.0,0.0,277.0,1.0,1.0,0.0,0.0,0.08,0.05,0.0,255.0,21.0,0.08,0.05,0.0,0.0,1.0,1.0,0.0,1.0,30406.0
0.0,1.0,6.0,5.0,0.0,0.0,0.0,0.0,0.0,0.0,0.0,0.0,0.0,300.0,1.0,1.0,0.0,0.0,0.02,0.06,0.0,255.0,3.0,0.01,0.07,0.0,0.0,1.0,1.0,0.0,1.0,94.0
0.0,1.0,46.0,5.0,0.0,0.0,0.0,0.0,0.0,0.0,0.0,0.0,0.0,74.0,1.0,1.0,0.0,0.0,0.05,0.07,0.0,255.0,17.0,0.07,0.07,0.0,0.0,1.0,1.0,0.0,1.0,122403.0
0.0,1.0,28.0,5.0,0.0,0.0,0.0,0.0,0.0,0.0,0.0,0.0,0.0,140.0,1.0,1.0,0.0,0.0,0.06,0.06,0.0,255.0,8.0,0.03,0.06,0.0,0.0,1.0,1.0,0.0,1.0,97558.0
0.0,1.0,17.0,9.0,0.0,0.0,0.0,0.0,0.0,0.0,0.0,0.0,0.0,1.0,0.0,0.0,0.0,0.0,1.0,0.0,0.0,60.0,9.0,0.02,1.0,0.02,0.22,0.0,0.0,0.0,1.0,1801.0
0.0,1.0,46.0,5.0,0.0,0.0,0.0,0.0,0.0,0.0,0.0,0.0,0.0,125.0,1.0,1.0,0.0,0.0,0.09,0.05,0.0,255.0,11.0,0.04,0.04,0.0,0.0,1.0,1.0,0.0,1.0,27495.0
0.0,1.0,57.0,5.0,0.0,0.0,0.0,0.0,0.0,0.0,0.0,0.0,0.0,17.0,0.94,1.0,0.06,0.0,0.29,0.24,0.0,255.0,10.0,0.04,0.07,0.0,0.0,1.0,1.0,0.0,1.0,73587.0
0.0,1.0,38.0,5.0,0.0,0.0,0.0,0.0,0.0,0.0,0.0,0.0,0.0,12.0,1.0,1.0,0.0,0.0,0.33,0.33,0.0,255.0,4.0,0.02,0.09,0.0,0.0,1.0,1.0,0.0,1.0,17683.0
0.0,2.0,46.0,9.0,1.0,0.0,0.0,0.0,0.0,0.0,0.0,0.0,0.0,67.0,0.0,0.0,0.0,0.0,0.18,0.06,0.0,255.0,37.0,0.15,0.23,1.0,0.0,0.0,0.0,0.0,1.0,29213.0
0.0,1.0,43.0,5.0,0.0,0.0,0.0,0.0,0.0,0.0,0.0,0.0,0.0,246.0,1.0,1.0,0.0,0.0,0.03,0.07,0.0,255.0,8.0,0.03,0.07,0.0,0.0,1.0,1.0,0.0,1.0,111633.0
0.0,1.0,44.0,5.0,0.0,0.0,0.0,0.0,0.0,0.0,0.0,0.0,0.0,228.0,1.0,1.0,0.0,0.0,0.05,0.07,0.0,255.0,11.0,0.04,0.07,0.0,0.0,1.0,1.0,0.0,1.0,112465.0
0.0,2.0,46.0,9.0,1.0,0.0,0.0,0.0,0.0,0.0,0.0,0.0,0.0,14.0,0.0,0.0,0.0,0.0,0.07,0.71,0.0,255.0,1.0,0.0,0.27,1.0,0.0,0.0,0.0,0.0,1.0,49391.0
0.0,1.0,17.0,5.0,0.0,0.0,0.0,0.0,0.0,0.0,0.0,0.0,0.0,18.0,1.0,1.0,0.0,0.0,0.5,0.11,0.0,255.0,59.0,0.23,0.04,0.0,0.0,1.0,1.0,0.0,1.0,8874.0
0.0,1.0,12.0,5.0,0.0,0.0,0.0,0.0,0.0,0.0,0.0,0.0,0.0,191.0,1.0,1.0,0.0,0.0,0.06,0.06,0.0,255.0,12.0,0.05,0.07,0.0,0.0,1.0,1.0,0.0,1.0,114943.0
0.0,1.0,46.0,5.0,0.0,0.0,0.0,0.0,0.0,0.0,0.0,0.0,0.0,121.0,1.0,1.0,0.0,0.0,0.09,0.05,0.0,255.0,11.0,0.04,0.04,0.0,0.0,1.0,1.0,0.0,1.0,72488.0
0.0,1.0,46.0,5.0,0.0,0.0,0.0,0.0,0.0,0.0,0.0,0.0,0.0,107.0,1.0,1.0,0.0,0.0,0.13,0.07,0.0,255.0,14.0,0.05,0.06,0.0,0.0,1.0,1.0,0.0,1.0,104356.0
0.0,1.0,27.0,5.0,0.0,0.0,0.0,0.0,0.0,0.0,0.0,0.0,0.0,145.0,1.0,1.0,0.0,0.0,0.06,0.05,0.0,255.0,9.0,0.04,0.05,0.0,0.0,1.0,1.0,0.0,1.0,102693.0
2976.0,2.0,41.0,9.0,147.0,105.0,0.0,0.0,0.0,0.0,0.0,0.0,0.0,1.0,0.0,0.0,0.0,0.0,1.0,0.0,0.0,255.0,4.0,0.02,0.67,0.98,0.0,0.0,0.0,0.0,0.0,18563.0
0.0,1.0,46.0,5.0,0.0,0.0,0.0,0.0,0.0,0.0,0.0,0.0,0.0,207.0,1.0,1.0,0.0,0.0,0.07,0.06,0.0,255.0,14.0,0.05,0.06,0.0,0.0,1.0,1.0,0.0,1.0,66434.0
0.0,1.0,52.0,5.0,0.0,0.0,0.0,0.0,0.0,0.0,0.0,0.0,0.0,125.0,1.0,1.0,0.0,0.0,0.15,0.06,0.0,255.0,18.0,0.07,0.07,0.0,0.0,1.0,1.0,0.0,1.0,362.0
0.0,0.0,61.0,9.0,78.0,0.0,0.0,0.0,0.0,0.0,0.0,0.0,0.0,37.0,0.0,0.0,0.0,0.0,0.16,0.05,0.29,255.0,30.0,0.12,0.01,0.12,0.0,0.0,0.0,0.0,0.0,6852.0
1.0,1.0,46.0,4.0,0.0,0.0,0.0,0.0,0.0,0.0,0.0,0.0,0.0,316.0,0.0,0.0,1.0,1.0,0.01,0.5,0.0,255.0,2.0,0.01,0.5,1.0,0.0,0.0,0.0,1.0,1.0,73365.0
0.0,1.0,46.0,5.0,0.0,0.0,0.0,0.0,0.0,0.0,0.0,0.0,0.0,225.0,1.0,1.0,0.0,0.0,0.04,0.08,0.0,255.0,9.0,0.04,0.07,0.0,0.0,1.0,1.0,0.0,1.0,90644.0
0.0,1.0,46.0,5.0,0.0,0.0,0.0,0.0,0.0,0.0,0.0,0.0,0.0,274.0,1.0,1.0,0.0,0.0,0.05,0.04,0.0,255.0,13.0,0.05,0.05,0.0,0.0,1.0,1.0,0.0,1.0,74448.0
0.0,1.0,46.0,5.0,0.0,0.0,0.0,0.0,0.0,0.0,0.0,0.0,0.0,202.0,1.0,1.0,0.0,0.0,0.09,0.06,0.0,255.0,18.0,0.07,0.06,0.0,0.0,1.0,1.0,0.0,1.0,19990.0
0.0,1.0,46.0,1.0,0.0,0.0,0.0,0.0,0.0,0.0,0.0,0.0,0.0,196.0,0.0,0.0,1.0,1.0,0.02,0.07,0.0,255.0,3.0,0.01,0.08,0.0,0.0,0.0,0.0,1.0,1.0,68374.0
0.0,1.0,27.0,5.0,0.0,0.0,0.0,0.0,0.0,0.0,0.0,0.0,0.0,149.0,1.0,1.0,0.0,0.0,0.09,0.05,0.0,255.0,13.0,0.05,0.06,0.0,0.0,1.0,1.0,0.0,1.0,102744.0
0.0,1.0,46.0,1.0,0.0,0.0,0.0,0.0,0.0,0.0,0.0,0.0,0.0,103.0,0.0,0.0,1.0,1.0,0.01,0.08,0.0,255.0,1.0,0.0,0.07,0.0,0.0,0.0,0.0,1.0,1.0,30751.0
0.0,2.0,11.0,9.0,44.0,44.0,0.0,0.0,0.0,0.0,0.0,0.0,0.0,124.0,0.0,0.0,0.0,0.0,1.0,0.0,0.01,255.0,255.0,1.0,0.0,0.01,0.0,0.0,0.0,0.0,0.0,8753.0
0.0,1.0,57.0,5.0,0.0,0.0,0.0,0.0,0.0,0.0,0.0,0.0,0.0,38.0,1.0,1.0,0.0,0.0,0.21,0.11,0.0,255.0,25.0,0.1,0.06,0.01,0.0,1.0,1.0,0.0,1.0,49880.0
0.0,1.0,19.0,5.0,0.0,0.0,0.0,0.0,0.0,0.0,0.0,0.0,0.0,275.0,1.0,1.0,0.0,0.0,0.03,0.06,0.0,255.0,8.0,0.03,0.07,0.0,0.0,1.0,1.0,0.0,1.0,89272.0
0.0,1.0,18.0,5.0,0.0,0.0,0.0,0.0,0.0,0.0,0.0,0.0,0.0,249.0,1.0,1.0,0.0,0.0,0.03,0.06,0.0,255.0,7.0,0.03,0.07,0.0,0.0,1.0,1.0,0.0,1.0,93151.0
0.0,1.0,41.0,1.0,0.0,0.0,0.0,0.0,0.0,0.0,0.0,0.0,0.0,406.0,0.07,0.0,0.9,1.0,0.0,1.0,0.0,255.0,1.0,0.0,1.0,0.0,0.0,0.08,0.0,1.0,1.0,10621.0
0.0,1.0,46.0,5.0,0.0,0.0,0.0,0.0,0.0,0.0,0.0,0.0,0.0,236.0,1.0,1.0,0.0,0.0,0.07,0.06,0.0,255.0,2.0,0.01,0.08,0.0,0.0,1.0,1.0,0.0,1.0,19584.0
0.0,1.0,4.0,1.0,0.0,0.0,0.0,0.0,0.0,0.0,0.0,0.0,0.0,143.0,0.0,0.0,1.0,1.0,0.13,0.06,0.0,255.0,19.0,0.07,0.07,0.0,0.0,0.0,0.0,1.0,1.0,97813.0
0.0,1.0,21.0,1.0,0.0,0.0,0.0,0.0,0.0,0.0,0.0,0.0,0.0,254.0,0.0,0.0,1.0,1.0,0.02,0.07,0.0,255.0,5.0,0.02,0.09,0.0,0.0,0.0,0.0,1.0,1.0,37248.0
0.0,1.0,64.0,1.0,0.0,0.0,0.0,0.0,0.0,0.0,0.0,0.0,0.0,206.0,0.0,0.0,1.0,1.0,0.02,0.07,0.0,255.0,4.0,0.02,0.07,0.0,0.0,0.0,0.0,1.0,1.0,88569.0
0.0,0.0,61.0,9.0,78.0,0.0,0.0,0.0,0.0,0.0,0.0,0.0,0.0,13.0,0.0,0.0,0.0,0.0,0.08,0.15,0.0,255.0,11.0,0.04,0.01,0.04,0.0,0.0,0.0,0.0,0.0,91480.0
0.0,1.0,15.0,5.0,0.0,0.0,0.0,0.0,0.0,0.0,0.0,0.0,0.0,115.0,1.0,1.0,0.0,0.0,0.04,0.06,0.0,255.0,5.0,0.02,0.06,0.0,0.0,1.0,1.0,0.0,1.0,123689.0
0.0,1.0,18.0,2.0,0.0,0.0,0.0,0.0,0.0,0.0,0.0,0.0,0.0,232.0,0.0,0.0,1.0,1.0,0.03,0.07,0.0,255.0,8.0,0.03,0.08,0.0,0.0,0.0,0.0,1.0,1.0,47184.0
0.0,1.0,46.0,1.0,0.0,0.0,0.0,0.0,0.0,0.0,0.0,0.0,0.0,188.0,0.0,0.0,1.0,1.0,0.07,0.07,0.0,255.0,14.0,0.05,0.07,0.0,0.0,0.0,0.0,1.0,1.0,45805.0
0.0,1.0,46.0,5.0,0.0,0.0,0.0,0.0,0.0,0.0,0.0,0.0,0.0,243.0,1.0,1.0,0.0,0.0,0.05,0.05,0.0,255.0,12.0,0.05,0.05,0.0,0.0,1.0,1.0,0.0,1.0,96623.0
0.0,1.0,46.0,5.0,0.0,0.0,0.0,0.0,0.0,0.0,0.0,0.0,0.0,138.0,1.0,1.0,0.0,0.0,0.16,0.05,0.0,255.0,22.0,0.09,0.06,0.0,0.0,1.0,1.0,0.0,1.0,38864.0
0.0,1.0,46.0,5.0,0.0,0.0,0.0,0.0,0.0,0.0,0.0,0.0,0.0,192.0,1.0,1.0,0.0,0.0,0.13,0.05,0.0,255.0,25.0,0.1,0.05,0.0,0.0,1.0,1.0,0.0,1.0,36299.0
0.0,1.0,46.0,4.0,0.0,0.0,0.0,0.0,0.0,0.0,0.0,0.0,0.0,1.0,0.0,0.0,1.0,1.0,1.0,0.0,0.0,134.0,1.0,0.01,0.28,0.27,0.0,0.0,0.0,1.0,1.0,116137.0
0.0,1.0,57.0,5.0,0.0,0.0,0.0,0.0,0.0,0.0,0.0,0.0,0.0,19.0,1.0,1.0,0.0,0.0,1.0,0.0,0.0,21.0,21.0,1.0,0.0,0.05,0.0,0.9,0.9,0.0,1.0,117119.0
0.0,1.0,51.0,2.0,0.0,0.0,0.0,0.0,0.0,0.0,0.0,0.0,0.0,256.0,0.0,0.0,1.0,1.0,0.01,0.06,0.0,255.0,3.0,0.01,0.08,0.0,0.0,0.0,0.0,1.0,1.0,95167.0
0.0,1.0,5.0,5.0,0.0,0.0,0.0,0.0,0.0,0.0,0.0,0.0,0.0,101.0,1.0,1.0,0.0,0.0,0.01,0.06,0.0,255.0,1.0,0.0,0.05,0.0,0.0,1.0,1.0,0.0,1.0,5269.0
0.0,1.0,46.0,4.0,0.0,0.0,0.0,0.0,0.0,0.0,0.0,0.0,0.0,1.0,0.0,0.0,1.0,1.0,1.0,0.0,0.0,255.0,1.0,0.0,0.93,0.92,0.0,0.0,0.0,1.0,1.0,97744.0
0.0,1.0,46.0,1.0,0.0,0.0,0.0,0.0,0.0,0.0,0.0,0.0,0.0,1.0,0.0,0.0,1.0,1.0,1.0,0.0,0.0,63.0,2.0,0.02,1.0,0.02,1.0,0.0,0.0,1.0,1.0,70844.0
0.0,1.0,46.0,5.0,0.0,0.0,0.0,0.0,0.0,0.0,0.0,0.0,0.0,4.0,1.0,1.0,0.0,0.0,0.25,0.5,0.0,255.0,14.0,0.05,0.07,0.0,0.0,1.0,1.0,0.0,1.0,110117.0
0.0,1.0,22.0,1.0,0.0,0.0,0.0,0.0,0.0,0.0,0.0,0.0,0.0,1.0,0.0,0.0,1.0,1.0,1.0,0.0,0.0,196.0,171.0,0.87,0.03,0.01,0.0,0.0,0.0,1.0,0.0,57138.0
0.0,1.0,19.0,5.0,0.0,0.0,0.0,0.0,0.0,0.0,0.0,0.0,0.0,204.0,1.0,1.0,0.0,0.0,0.08,0.06,0.0,255.0,16.0,0.06,0.07,0.0,0.0,1.0,1.0,0.0,1.0,74142.0
0.0,1.0,57.0,5.0,0.0,0.0,0.0,0.0,0.0,0.0,0.0,0.0,0.0,25.0,1.0,1.0,0.0,0.0,0.12,0.16,0.0,255.0,63.0,0.25,0.03,0.0,0.0,1.0,1.0,0.0,1.0,95969.0
0.0,1.0,46.0,5.0,0.0,0.0,0.0,0.0,0.0,0.0,0.0,0.0,0.0,182.0,1.0,1.0,0.0,0.0,0.01,0.06,0.0,255.0,11.0,0.04,0.07,0.0,0.0,1.0,1.0,0.0,1.0,99332.0
0.0,1.0,46.0,5.0,0.0,0.0,0.0,0.0,0.0,0.0,0.0,0.0,0.0,229.0,1.0,1.0,0.0,0.0,0.08,0.07,0.0,255.0,3.0,0.01,0.07,0.0,0.0,1.0,1.0,0.0,1.0,93332.0
0.0,1.0,46.0,5.0,0.0,0.0,0.0,0.0,0.0,0.0,0.0,0.0,0.0,116.0,1.0,1.0,0.0,0.0,0.05,0.07,0.0,170.0,6.0,0.04,0.07,0.01,0.0,1.0,1.0,0.0,1.0,9412.0
0.0,1.0,46.0,5.0,0.0,0.0,0.0,0.0,0.0,0.0,0.0,0.0,0.0,301.0,1.0,1.0,0.0,0.0,0.07,0.06,0.0,255.0,19.0,0.07,0.05,0.0,0.0,1.0,1.0,0.0,1.0,248.0
0.0,1.0,46.0,4.0,0.0,0.0,0.0,0.0,0.0,0.0,0.0,0.0,0.0,1.0,0.0,0.0,1.0,1.0,1.0,0.0,0.0,127.0,1.0,0.01,0.24,0.23,0.0,0.0,0.0,1.0,1.0,78441.0
0.0,1.0,64.0,5.0,0.0,0.0,0.0,0.0,0.0,0.0,0.0,0.0,0.0,43.0,1.0,1.0,0.0,0.0,0.3,0.14,0.0,255.0,13.0,0.05,0.08,0.0,0.0,1.0,1.0,0.0,1.0,6821.0
0.0,1.0,17.0,5.0,0.0,0.0,0.0,0.0,0.0,0.0,0.0,0.0,0.0,36.0,1.0,1.0,0.0,0.0,0.33,0.11,0.0,255.0,72.0,0.28,0.02,0.0,0.0,1.0,1.0,0.0,1.0,1118.0
0.0,2.0,46.0,9.0,28.0,0.0,3.0,0.0,0.0,0.0,0.0,0.0,0.0,51.0,0.0,0.0,0.0,0.0,1.0,0.0,0.0,254.0,51.0,0.2,0.04,0.2,0.0,0.02,0.0,0.0,1.0,97729.0
0.0,0.0,14.0,9.0,520.0,0.0,0.0,0.0,0.0,0.0,0.0,0.0,0.0,137.0,0.0,0.0,0.0,0.0,1.0,0.0,0.0,255.0,255.0,1.0,0.0,1.0,0.0,0.0,0.0,0.0,1.0,22246.0
0.0,0.0,14.0,9.0,520.0,0.0,0.0,0.0,0.0,0.0,0.0,0.0,0.0,254.0,0.0,0.0,0.0,0.0,1.0,0.0,0.0,255.0,255.0,1.0,0.0,1.0,0.0,0.0,0.0,0.0,1.0,52769.0
0.0,1.0,16.0,2.0,0.0,0.0,0.0,0.0,0.0,0.0,0.0,0.0,0.0,2.0,0.0,0.0,1.0,1.0,0.5,1.0,0.0,255.0,1.0,0.0,0.8,0.78,0.0,0.0,0.0,1.0,1.0,56453.0
0.0,1.0,22.0,1.0,0.0,0.0,0.0,0.0,0.0,0.0,0.0,0.0,0.0,1.0,0.0,0.0,1.0,1.0,1.0,0.0,0.0,53.0,251.0,1.0,0.0,0.02,0.09,0.0,0.0,0.99,0.0,57014.0
0.0,1.0,22.0,1.0,0.0,0.0,0.0,0.0,0.0,0.0,0.0,0.0,0.0,1.0,0.0,0.0,1.0,1.0,1.0,0.0,0.0,41.0,255.0,1.0,0.0,0.02,0.06,0.0,0.0,1.0,0.0,71220.0
0.0,1.0,5.0,5.0,0.0,0.0,0.0,0.0,0.0,0.0,0.0,0.0,0.0,107.0,1.0,1.0,0.0,0.0,0.01,0.07,0.0,255.0,1.0,0.0,0.08,0.0,0.0,1.0,1.0,0.0,1.0,94353.0
0.0,1.0,22.0,7.0,261.0,0.0,0.0,1.0,1.0,0.0,0.0,0.0,0.0,1.0,1.0,0.5,0.0,0.0,1.0,0.0,1.0,30.0,255.0,1.0,0.0,0.03,0.02,0.03,0.0,0.0,0.0,40403.0
0.0,0.0,61.0,9.0,78.0,0.0,0.0,0.0,0.0,0.0,0.0,0.0,0.0,19.0,0.0,0.0,0.0,0.0,0.21,0.11,0.0,255.0,16.0,0.06,0.01,0.06,0.0,0.0,0.0,0.0,0.0,2623.0
0.0,1.0,46.0,1.0,0.0,0.0,0.0,0.0,0.0,0.0,0.0,0.0,0.0,92.0,0.08,0.0,0.92,1.0,0.01,1.0,0.0,255.0,1.0,0.0,0.63,0.0,0.0,0.03,0.0,1.0,1.0,95529.0
0.0,0.0,13.0,9.0,8.0,0.0,0.0,0.0,0.0,0.0,0.0,0.0,0.0,1.0,0.0,0.0,0.0,0.0,1.0,0.0,1.0,2.0,62.0,1.0,0.0,1.0,0.52,0.0,0.0,0.0,1.0,123312.0
27161.0,1.0,46.0,4.0,1.0,0.0,0.0,0.0,0.0,0.0,0.0,0.0,0.0,2.0,0.0,0.0,1.0,1.0,1.0,0.0,0.0,255.0,2.0,0.01,0.74,1.0,0.0,0.0,0.0,1.0,1.0,35812.0
6.0,1.0,20.0,9.0,0.0,0.0,0.0,0.0,0.0,0.0,0.0,0.0,0.0,1.0,0.0,0.0,0.0,0.0,1.0,0.0,0.0,51.0,2.0,0.02,1.0,0.02,1.0,0.0,0.0,0.0,1.0,99813.0
0.0,2.0,11.0,9.0,45.0,68.0,0.0,0.0,0.0,0.0,0.0,0.0,0.0,126.0,0.0,0.0,0.0,0.0,1.0,0.0,0.02,255.0,225.0,0.88,0.01,0.0,0.0,0.0,0.0,0.0,0.0,84328.0
0.0,1.0,46.0,5.0,0.0,0.0,0.0,0.0,0.0,0.0,0.0,0.0,0.0,126.0,1.0,1.0,0.0,0.0,0.07,0.06,0.0,255.0,29.0,0.11,0.05,0.0,0.0,1.0,1.0,0.0,1.0,59656.0
0.0,1.0,25.0,5.0,0.0,0.0,0.0,0.0,0.0,0.0,0.0,0.0,0.0,272.0,1.0,1.0,0.0,0.0,0.06,0.06,0.0,255.0,13.0,0.05,0.06,0.0,0.0,1.0,1.0,0.0,1.0,76425.0
0.0,1.0,22.0,5.0,0.0,0.0,0.0,0.0,0.0,0.0,0.0,0.0,0.0,36.0,1.0,1.0,0.0,0.0,0.44,0.11,0.0,255.0,56.0,0.22,0.03,0.02,0.0,1.0,1.0,0.0,1.0,26540.0
0.0,1.0,38.0,5.0,0.0,0.0,0.0,0.0,0.0,0.0,0.0,0.0,0.0,101.0,1.0,1.0,0.0,0.0,0.05,0.07,0.0,255.0,5.0,0.02,0.06,0.0,0.0,1.0,1.0,0.0,1.0,70641.0
0.0,1.0,15.0,5.0,0.0,0.0,0.0,0.0,0.0,0.0,0.0,0.0,0.0,96.0,1.0,1.0,0.0,0.0,0.06,0.06,0.0,255.0,6.0,0.02,0.06,0.0,0.0,1.0,1.0,0.0,1.0,86886.0
0.0,1.0,19.0,5.0,0.0,0.0,0.0,0.0,0.0,0.0,0.0,0.0,0.0,2.0,1.0,1.0,0.0,0.0,1.0,0.0,0.0,255.0,51.0,0.2,0.02,0.0,0.0,1.0,1.0,0.0,1.0,28222.0
0.0,1.0,46.0,5.0,0.0,0.0,0.0,0.0,0.0,0.0,0.0,0.0,0.0,130.0,1.0,1.0,0.0,0.0,0.07,0.06,0.0,255.0,7.0,0.03,0.08,0.0,0.0,1.0,1.0,0.0,1.0,51881.0
0.0,1.0,4.0,5.0,0.0,0.0,0.0,0.0,0.0,0.0,0.0,0.0,0.0,263.0,1.0,1.0,0.0,0.0,0.04,0.07,0.0,255.0,10.0,0.04,0.08,0.0,0.0,1.0,1.0,0.0,1.0,2554.0
0.0,1.0,46.0,5.0,0.0,0.0,0.0,0.0,0.0,0.0,0.0,0.0,0.0,55.0,1.0,1.0,0.0,0.0,0.45,0.05,0.0,255.0,25.0,0.1,0.05,0.0,0.0,1.0,1.0,0.0,1.0,54332.0
0.0,1.0,41.0,1.0,0.0,0.0,0.0,0.0,0.0,0.0,0.0,0.0,0.0,511.0,0.16,0.0,0.84,1.0,0.0,1.0,0.0,255.0,1.0,0.0,1.0,0.0,0.0,0.17,0.0,1.0,1.0,74721.0
0.0,1.0,22.0,1.0,0.0,0.0,0.0,0.0,0.0,0.0,0.0,0.0,0.0,1.0,0.0,0.0,1.0,1.0,1.0,0.0,0.0,36.0,253.0,1.0,0.0,0.03,0.16,0.0,0.0,0.98,0.0,76513.0
0.0,1.0,46.0,5.0,0.0,0.0,0.0,0.0,0.0,0.0,0.0,0.0,0.0,144.0,1.0,1.0,0.0,0.0,0.11,0.08,0.0,255.0,16.0,0.06,0.08,0.0,0.0,1.0,1.0,0.0,1.0,111622.0
0.0,0.0,14.0,9.0,1032.0,0.0,0.0,0.0,0.0,0.0,0.0,0.0,0.0,269.0,0.0,0.0,0.0,0.0,1.0,0.0,0.0,255.0,255.0,1.0,0.0,1.0,0.0,0.0,0.0,0.0,1.0,36563.0
0.0,1.0,22.0,1.0,0.0,0.0,0.0,0.0,0.0,0.0,0.0,0.0,0.0,101.0,0.0,0.0,1.0,1.0,0.07,0.07,0.0,255.0,5.0,0.02,0.07,0.0,0.0,0.0,0.0,1.0,1.0,119780.0
0.0,1.0,46.0,5.0,0.0,0.0,0.0,0.0,0.0,0.0,0.0,0.0,0.0,193.0,1.0,1.0,0.0,0.0,0.01,0.06,0.0,255.0,20.0,0.08,0.07,0.0,0.0,1.0,1.0,0.0,1.0,29178.0
0.0,1.0,46.0,1.0,0.0,0.0,0.0,0.0,0.0,0.0,0.0,0.0,0.0,2.0,0.0,0.0,1.0,1.0,0.5,1.0,0.0,255.0,1.0,0.0,0.36,0.29,0.0,0.23,0.0,1.0,1.0,38170.0
0.0,2.0,11.0,9.0,43.0,72.0,0.0,0.0,0.0,0.0,0.0,0.0,0.0,150.0,0.0,0.0,0.0,0.0,1.0,0.0,0.0,255.0,254.0,1.0,0.01,0.01,0.0,0.0,0.0,0.0,0.0,11329.0
0.0,1.0,46.0,5.0,0.0,0.0,0.0,0.0,0.0,0.0,0.0,0.0,0.0,80.0,1.0,1.0,0.0,0.0,0.14,0.06,0.0,231.0,11.0,0.05,0.06,0.0,0.0,1.0,1.0,0.0,1.0,31740.0
0.0,2.0,11.0,9.0,45.0,133.0,0.0,0.0,0.0,0.0,0.0,0.0,0.0,66.0,0.0,0.0,0.0,0.0,1.0,0.0,0.01,124.0,200.0,0.88,0.02,0.88,0.01,0.0,0.0,0.0,0.0,36999.0
0.0,1.0,59.0,5.0,0.0,0.0,0.0,0.0,0.0,0.0,0.0,0.0,0.0,294.0,1.0,1.0,0.0,0.0,0.09,0.05,0.0,255.0,25.0,0.1,0.05,0.0,0.0,1.0,1.0,0.0,1.0,41535.0
0.0,0.0,13.0,9.0,8.0,0.0,0.0,0.0,0.0,0.0,0.0,0.0,0.0,1.0,0.0,0.0,0.0,0.0,1.0,0.0,1.0,1.0,93.0,1.0,0.0,1.0,0.51,0.0,0.0,0.0,1.0,67705.0
0.0,1.0,36.0,5.0,0.0,0.0,0.0,0.0,0.0,0.0,0.0,0.0,0.0,295.0,1.0,1.0,0.0,0.0,0.04,0.05,0.0,255.0,3.0,0.01,0.09,0.0,0.0,1.0,1.0,0.0,1.0,122804.0
0.0,0.0,13.0,9.0,8.0,0.0,0.0,0.0,0.0,0.0,0.0,0.0,0.0,1.0,0.0,0.0,0.0,0.0,1.0,0.0,1.0,2.0,114.0,1.0,0.0,1.0,0.25,0.0,0.0,0.0,1.0,83145.0
0.0,1.0,41.0,1.0,0.0,0.0,0.0,0.0,0.0,0.0,0.0,0.0,0.0,343.0,0.06,0.0,0.9,1.0,0.0,1.0,0.0,255.0,1.0,0.0,1.0,0.0,0.0,0.08,0.0,1.0,1.0,38165.0
0.0,1.0,29.0,5.0,0.0,0.0,0.0,0.0,0.0,0.0,0.0,0.0,0.0,102.0,1.0,1.0,0.0,0.0,0.15,0.06,0.0,255.0,17.0,0.07,0.07,0.0,0.0,1.0,1.0,0.0,1.0,17386.0
0.0,2.0,46.0,9.0,1.0,0.0,0.0,0.0,0.0,0.0,0.0,0.0,0.0,107.0,0.0,0.0,0.0,0.0,0.65,0.06,0.0,255.0,130.0,0.51,0.06,1.0,0.0,0.0,0.0,0.0,1.0,80274.0
0.0,1.0,65.0,5.0,0.0,0.0,0.0,0.0,0.0,0.0,0.0,0.0,0.0,184.0,1.0,1.0,0.0,0.0,0.08,0.06,0.0,255.0,16.0,0.06,0.06,0.0,0.0,1.0,1.0,0.0,1.0,60672.0
0.0,2.0,46.0,9.0,1.0,0.0,0.0,0.0,0.0,0.0,0.0,0.0,0.0,48.0,0.0,0.0,0.0,0.0,0.17,0.08,0.0,255.0,19.0,0.07,0.6,0.42,0.0,0.16,0.0,0.0,1.0,20331.0
0.0,2.0,11.0,9.0,43.0,43.0,0.0,0.0,0.0,0.0,0.0,0.0,0.0,122.0,0.0,0.0,0.0,0.0,1.0,0.0,0.01,255.0,255.0,1.0,0.0,0.01,0.0,0.0,0.0,0.0,0.0,380.0
0.0,1.0,54.0,5.0,0.0,0.0,0.0,0.0,0.0,0.0,0.0,0.0,0.0,265.0,1.0,1.0,0.0,0.0,0.07,0.06,0.0,255.0,19.0,0.07,0.06,0.0,0.0,1.0,1.0,0.0,1.0,49928.0
2705.0,2.0,41.0,9.0,147.0,105.0,0.0,0.0,0.0,0.0,0.0,0.0,0.0,4.0,0.0,0.0,0.0,0.0,0.5,0.5,0.0,255.0,2.0,0.01,0.85,1.0,0.0,0.0,0.0,0.0,0.0,17315.0
0.0,1.0,46.0,5.0,0.0,0.0,0.0,0.0,0.0,0.0,0.0,0.0,0.0,248.0,1.0,1.0,0.0,0.0,0.06,0.06,0.0,255.0,8.0,0.03,0.06,0.0,0.0,1.0,1.0,0.0,1.0,23979.0
0.0,1.0,46.0,5.0,0.0,0.0,0.0,0.0,0.0,0.0,0.0,0.0,0.0,101.0,1.0,1.0,0.0,0.0,0.05,0.06,0.0,255.0,15.0,0.06,0.07,0.0,0.0,1.0,1.0,0.0,1.0,187.0
0.0,1.0,46.0,5.0,0.0,0.0,0.0,0.0,0.0,0.0,0.0,0.0,0.0,156.0,1.0,1.0,0.0,0.0,0.05,0.08,0.0,255.0,8.0,0.03,0.07,0.0,0.0,1.0,1.0,0.0,1.0,44402.0
0.0,1.0,46.0,1.0,0.0,0.0,0.0,0.0,0.0,0.0,0.0,0.0,0.0,291.0,0.07,0.0,0.88,1.0,0.0,1.0,0.0,255.0,1.0,0.0,1.0,0.0,0.0,0.08,0.0,1.0,1.0,2941.0
0.0,1.0,22.0,1.0,0.0,0.0,0.0,0.0,0.0,0.0,0.0,0.0,0.0,1.0,0.0,0.0,1.0,1.0,1.0,0.0,0.0,26.0,255.0,1.0,0.0,0.04,0.02,0.0,0.0,0.03,0.0,123678.0
0.0,1.0,46.0,1.0,0.0,0.0,0.0,0.0,0.0,0.0,0.0,0.0,0.0,2.0,0.0,0.0,1.0,1.0,0.5,1.0,0.0,255.0,1.0,0.0,0.18,0.15,0.0,0.0,0.0,1.0,1.0,43822.0
0.0,1.0,38.0,5.0,0.0,0.0,0.0,0.0,0.0,0.0,0.0,0.0,0.0,147.0,1.0,1.0,0.0,0.0,0.12,0.05,0.0,255.0,7.0,0.03,0.07,0.0,0.0,1.0,1.0,0.0,1.0,29467.0
0.0,1.0,20.0,5.0,0.0,0.0,0.0,0.0,0.0,0.0,0.0,0.0,0.0,208.0,1.0,1.0,0.0,0.0,0.08,0.06,0.0,255.0,15.0,0.06,0.07,0.0,0.0,1.0,1.0,0.0,1.0,119537.0
0.0,1.0,46.0,5.0,0.0,0.0,0.0,0.0,0.0,0.0,0.0,0.0,0.0,62.0,1.0,1.0,0.0,0.0,0.05,0.06,0.0,255.0,3.0,0.01,0.07,0.0,0.0,1.0,1.0,0.0,1.0,115148.0
0.0,1.0,2.0,5.0,0.0,0.0,0.0,0.0,0.0,0.0,0.0,0.0,0.0,246.0,1.0,1.0,0.0,0.0,0.02,0.07,0.0,255.0,5.0,0.02,0.07,0.0,0.0,1.0,1.0,0.0,1.0,118184.0
0.0,1.0,59.0,5.0,0.0,0.0,0.0,0.0,0.0,0.0,0.0,0.0,0.0,227.0,1.0,1.0,0.0,0.0,0.07,0.06,0.0,255.0,15.0,0.06,0.07,0.0,0.0,1.0,1.0,0.0,1.0,80387.0
0.0,1.0,46.0,4.0,0.0,0.0,0.0,0.0,0.0,0.0,0.0,0.0,0.0,1.0,0.0,0.0,1.0,1.0,1.0,0.0,0.0,167.0,1.0,0.01,0.16,0.28,0.0,0.0,0.0,1.0,1.0,81418.0
0.0,2.0,46.0,9.0,1.0,0.0,0.0,0.0,0.0,0.0,0.0,0.0,0.0,21.0,0.0,0.0,0.0,0.0,0.24,0.14,0.0,255.0,5.0,0.02,0.61,0.52,0.0,0.0,0.0,0.0,1.0,108666.0
0.0,1.0,52.0,5.0,0.0,0.0,0.0,0.0,0.0,0.0,0.0,0.0,0.0,231.0,1.0,1.0,0.0,0.0,0.03,0.06,0.0,255.0,18.0,0.07,0.06,0.0,0.0,1.0,1.0,0.0,1.0,4164.0
0.0,1.0,59.0,5.0,0.0,0.0,0.0,0.0,0.0,0.0,0.0,0.0,0.0,149.0,1.0,1.0,0.0,0.0,0.13,0.06,0.0,255.0,1.0,0.0,0.07,0.0,0.0,1.0,1.0,0.0,1.0,85152.0
0.0,1.0,46.0,5.0,0.0,0.0,0.0,0.0,0.0,0.0,0.0,0.0,0.0,197.0,1.0,1.0,0.0,0.0,0.06,0.07,0.0,255.0,11.0,0.04,0.07,0.0,0.0,1.0,1.0,0.0,1.0,68694.0
0.0,0.0,14.0,9.0,1032.0,0.0,0.0,0.0,0.0,0.0,0.0,0.0,0.0,337.0,0.0,0.0,0.0,0.0,1.0,0.0,0.0,255.0,255.0,1.0,0.0,1.0,0.0,0.0,0.0,0.0,1.0,103824.0
0.0,0.0,13.0,9.0,8.0,0.0,0.0,0.0,0.0,0.0,0.0,0.0,0.0,1.0,0.0,0.0,0.0,0.0,1.0,0.0,1.0,3.0,3.0,1.0,0.0,1.0,0.0,0.0,0.0,0.0,1.0,122855.0
39602.0,1.0,25.0,4.0,1.0,0.0,0.0,0.0,0.0,0.0,0.0,0.0,0.0,2.0,0.0,0.0,1.0,1.0,1.0,0.0,0.0,255.0,2.0,0.01,0.5,1.0,0.0,0.0,0.0,1.0,1.0,5840.0
0.0,1.0,19.0,5.0,0.0,0.0,0.0,0.0,0.0,0.0,0.0,0.0,0.0,17.0,1.0,1.0,0.0,0.0,1.0,0.0,0.0,255.0,62.0,0.24,0.02,0.0,0.0,1.0,1.0,0.0,1.0,104692.0
0.0,2.0,11.0,9.0,44.0,44.0,0.0,0.0,0.0,0.0,0.0,0.0,0.0,114.0,0.0,0.0,0.0,0.0,1.0,0.0,0.01,255.0,255.0,1.0,0.0,0.01,0.0,0.0,0.0,0.0,0.0,4258.0
0.0,1.0,17.0,5.0,0.0,0.0,0.0,0.0,0.0,0.0,0.0,0.0,0.0,28.0,1.0,1.0,0.0,0.0,0.29,0.07,0.0,70.0,12.0,0.11,0.06,0.06,0.17,0.97,0.67,0.0,1.0,41431.0
0.0,1.0,19.0,1.0,0.0,0.0,0.0,0.0,0.0,0.0,0.0,0.0,0.0,255.0,0.0,0.0,1.0,1.0,0.0,0.07,0.0,255.0,1.0,0.0,0.07,0.0,0.0,0.0,0.0,1.0,1.0,44836.0
0.0,1.0,19.0,5.0,0.0,0.0,0.0,0.0,0.0,0.0,0.0,0.0,0.0,61.0,1.0,1.0,0.0,0.0,0.25,0.07,0.0,141.0,53.0,0.25,0.03,0.02,0.04,1.0,0.66,0.0,1.0,37775.0
0.0,1.0,46.0,5.0,0.0,0.0,0.0,0.0,0.0,0.0,0.0,0.0,0.0,143.0,1.0,1.0,0.0,0.0,0.1,0.06,0.0,255.0,14.0,0.05,0.06,0.0,0.0,1.0,1.0,0.0,1.0,68017.0
0.0,1.0,46.0,5.0,0.0,0.0,0.0,0.0,0.0,0.0,0.0,0.0,0.0,237.0,1.0,1.0,0.0,0.0,0.01,0.06,0.0,255.0,10.0,0.04,0.06,0.0,0.0,1.0,1.0,0.0,1.0,12055.0
0.0,1.0,46.0,1.0,0.0,0.0,0.0,0.0,0.0,0.0,0.0,0.0,0.0,418.0,0.06,0.0,0.93,1.0,0.0,1.0,0.0,255.0,1.0,0.0,1.0,0.0,0.0,0.09,0.0,1.0,1.0,106007.0
0.0,1.0,28.0,5.0,0.0,0.0,0.0,0.0,0.0,0.0,0.0,0.0,0.0,102.0,1.0,1.0,0.0,0.0,0.02,0.07,0.0,255.0,2.0,0.01,0.06,0.0,0.0,1.0,1.0,0.0,1.0,237.0
0.0,1.0,27.0,5.0,0.0,0.0,0.0,0.0,0.0,0.0,0.0,0.0,0.0,128.0,1.0,1.0,0.0,0.0,0.03,0.07,0.0,255.0,4.0,0.02,0.06,0.0,0.0,1.0,1.0,0.0,1.0,28829.0
0.0,1.0,51.0,2.0,0.0,0.0,0.0,0.0,0.0,0.0,0.0,0.0,0.0,218.0,0.0,0.0,1.0,1.0,0.05,0.06,0.0,255.0,10.0,0.04,0.07,0.0,0.0,0.0,0.0,1.0,1.0,73496.0
0.0,0.0,14.0,9.0,1032.0,0.0,0.0,0.0,0.0,0.0,0.0,0.0,0.0,510.0,0.0,0.0,0.0,0.0,1.0,0.0,0.0,253.0,108.0,0.43,0.01,0.43,0.0,0.0,0.0,0.0,1.0,98863.0
0.0,1.0,46.0,1.0,0.0,0.0,0.0,0.0,0.0,0.0,0.0,0.0,0.0,1.0,0.0,0.0,1.0,1.0,1.0,0.0,0.0,46.0,1.0,0.02,1.0,0.02,0.0,0.0,0.0,1.0,1.0,115634.0
0.0,1.0,17.0,9.0,10.0,147.0,0.0,0.0,0.0,0.0,0.0,0.0,0.0,2.0,0.0,0.0,0.5,0.0,0.5,1.0,0.0,255.0,1.0,0.0,0.09,0.0,0.0,0.87,0.0,0.0,0.0,49430.0
0.0,1.0,46.0,5.0,0.0,0.0,0.0,0.0,0.0,0.0,0.0,0.0,0.0,127.0,1.0,1.0,0.0,0.0,0.14,0.06,0.0,255.0,1.0,0.0,0.07,0.0,0.0,1.0,1.0,0.0,1.0,78738.0
0.0,2.0,46.0,9.0,28.0,0.0,3.0,0.0,0.0,0.0,0.0,0.0,0.0,59.0,0.0,0.0,0.02,0.0,0.98,0.03,0.0,255.0,58.0,0.23,0.02,0.23,0.0,0.0,0.0,0.0,1.0,76455.0
0.0,1.0,63.0,5.0,0.0,0.0,0.0,0.0,0.0,0.0,0.0,0.0,0.0,207.0,1.0,1.0,0.0,0.0,0.08,0.07,0.0,255.0,16.0,0.06,0.08,0.0,0.0,1.0,1.0,0.0,1.0,72336.0
0.0,1.0,21.0,5.0,0.0,0.0,0.0,0.0,0.0,0.0,0.0,0.0,0.0,300.0,1.0,1.0,0.0,0.0,0.07,0.06,0.0,255.0,5.0,0.02,0.08,0.0,0.0,1.0,1.0,0.0,1.0,64802.0
0.0,1.0,27.0,5.0,0.0,0.0,0.0,0.0,0.0,0.0,0.0,0.0,0.0,123.0,1.0,1.0,0.0,0.0,0.05,0.07,0.0,255.0,6.0,0.02,0.08,0.0,0.0,1.0,1.0,0.0,1.0,74889.0
0.0,1.0,22.0,9.0,287.0,175.0,0.0,0.0,1.0,0.0,0.0,0.0,0.0,14.0,0.0,0.0,0.0,0.0,1.0,0.0,0.0,255.0,255.0,1.0,0.0,0.0,0.0,0.0,0.0,0.0,0.0,39007.0
0.0,1.0,0.0,6.0,0.0,0.0,0.0,1.0,0.0,0.0,0.0,0.0,0.0,2.0,0.5,0.5,0.5,0.5,1.0,0.0,0.0,44.0,35.0,0.8,0.07,0.02,0.0,0.05,0.06,0.8,0.0,79239.0
0.0,1.0,20.0,5.0,0.0,0.0,0.0,0.0,0.0,0.0,0.0,0.0,0.0,228.0,1.0,1.0,0.0,0.0,0.04,0.06,0.0,255.0,8.0,0.03,0.07,0.0,0.0,1.0,1.0,0.0,1.0,110891.0
0.0,1.0,62.0,5.0,0.0,0.0,0.0,0.0,0.0,0.0,0.0,0.0,0.0,128.0,1.0,1.0,0.0,0.0,0.02,0.06,0.0,255.0,18.0,0.07,0.07,0.0,0.0,1.0,1.0,0.0,1.0,115923.0
0.0,1.0,22.0,9.0,296.0,163.0,0.0,0.0,1.0,0.0,0.0,0.0,0.0,1.0,0.0,0.0,0.0,0.0,1.0,0.0,0.0,255.0,255.0,1.0,0.0,0.0,0.0,0.0,0.0,0.0,0.0,109639.0
0.0,0.0,14.0,9.0,1032.0,0.0,0.0,0.0,0.0,0.0,0.0,0.0,0.0,511.0,0.0,0.0,0.0,0.0,1.0,0.0,0.0,255.0,47.0,0.18,0.04,0.18,0.0,0.24,0.0,0.0,1.0,91983.0
0.0,1.0,46.0,1.0,0.0,0.0,0.0,0.0,0.0,0.0,0.0,0.0,0.0,120.0,0.0,0.0,1.0,1.0,0.11,0.08,0.0,145.0,13.0,0.09,0.08,0.01,0.0,0.0,0.0,1.0,1.0,37851.0
0.0,2.0,41.0,9.0,1.0,0.0,0.0,0.0,0.0,0.0,0.0,0.0,0.0,22.0,0.0,0.0,0.0,0.0,0.09,0.23,0.0,255.0,2.0,0.01,0.21,0.64,0.0,0.0,0.0,0.0,1.0,43232.0
0.0,0.0,13.0,9.0,8.0,0.0,0.0,0.0,0.0,0.0,0.0,0.0,0.0,1.0,0.0,0.0,0.0,0.0,1.0,0.0,1.0,1.0,119.0,1.0,0.0,1.0,0.5,0.0,0.0,0.0,1.0,85861.0
0.0,1.0,63.0,1.0,0.0,0.0,0.0,0.0,0.0,0.0,0.0,0.0,0.0,2.0,0.0,0.0,1.0,1.0,0.5,1.0,0.0,255.0,1.0,0.0,0.76,0.74,0.0,0.0,0.0,1.0,1.0,46106.0
0.0,1.0,22.0,1.0,0.0,0.0,0.0,0.0,0.0,0.0,0.0,0.0,0.0,1.0,0.0,0.0,1.0,1.0,1.0,0.0,1.0,88.0,255.0,1.0,0.0,0.01,0.13,0.0,0.01,0.99,0.0,102014.0
0.0,2.0,41.0,9.0,1.0,0.0,0.0,0.0,0.0,0.0,0.0,0.0,0.0,5.0,0.0,0.0,0.0,0.0,0.4,0.4,0.0,255.0,2.0,0.01,0.16,1.0,0.0,0.0,0.0,0.0,1.0,30977.0
0.0,1.0,6.0,5.0,0.0,0.0,0.0,0.0,0.0,0.0,0.0,0.0,0.0,286.0,1.0,1.0,0.0,0.0,0.09,0.05,0.0,255.0,25.0,0.1,0.05,0.0,0.0,1.0,1.0,0.0,1.0,121554.0
1.0,1.0,17.0,9.0,6.0,15.0,0.0,0.0,0.0,0.0,0.0,0.0,0.0,6.0,0.0,0.0,0.0,0.0,0.5,0.5,0.0,153.0,5.0,0.03,0.06,0.01,0.0,0.01,0.0,0.0,1.0,42836.0
0.0,1.0,32.0,5.0,0.0,0.0,0.0,0.0,0.0,0.0,0.0,0.0,0.0,261.0,1.0,1.0,0.0,0.0,0.06,0.06,0.0,255.0,5.0,0.02,0.07,0.0,0.0,1.0,1.0,0.0,1.0,8744.0
0.0,0.0,13.0,9.0,8.0,0.0,0.0,0.0,0.0,0.0,0.0,0.0,0.0,1.0,0.0,0.0,0.0,0.0,1.0,0.0,1.0,2.0,12.0,1.0,0.0,1.0,0.5,0.0,0.0,0.0,1.0,59068.0
0.0,1.0,3.0,5.0,0.0,0.0,0.0,0.0,0.0,0.0,0.0,0.0,0.0,201.0,1.0,1.0,0.0,0.0,0.05,0.05,0.0,255.0,11.0,0.04,0.06,0.0,0.0,1.0,1.0,0.0,1.0,21974.0
2835.0,2.0,41.0,9.0,146.0,105.0,0.0,0.0,0.0,0.0,0.0,0.0,0.0,1.0,0.0,0.0,0.0,0.0,1.0,0.0,0.0,255.0,1.0,0.0,0.62,0.9,0.0,0.0,0.0,0.0,0.0,10052.0
0.0,1.0,46.0,5.0,0.0,0.0,0.0,0.0,0.0,0.0,0.0,0.0,0.0,271.0,1.0,1.0,0.0,0.0,0.04,0.05,0.0,229.0,12.0,0.05,0.06,0.0,0.0,0.99,1.0,0.0,1.0,58625.0
0.0,1.0,8.0,2.0,0.0,0.0,0.0,0.0,0.0,0.0,0.0,0.0,0.0,143.0,0.0,0.0,1.0,1.0,0.1,0.06,0.0,255.0,8.0,0.03,0.06,0.0,0.0,0.0,0.0,1.0,1.0,81818.0
0.0,1.0,46.0,5.0,0.0,0.0,0.0,0.0,0.0,0.0,0.0,0.0,0.0,185.0,1.0,1.0,0.0,0.0,0.03,0.08,0.0,255.0,6.0,0.02,0.08,0.0,0.0,1.0,1.0,0.0,1.0,28997.0
0.0,1.0,46.0,5.0,0.0,0.0,0.0,0.0,0.0,0.0,0.0,0.0,0.0,128.0,1.0,1.0,0.0,0.0,0.08,0.08,0.0,255.0,10.0,0.04,0.07,0.0,0.0,1.0,1.0,0.0,1.0,114456.0
0.0,1.0,22.0,1.0,0.0,0.0,0.0,0.0,0.0,0.0,0.0,0.0,0.0,1.0,0.0,0.0,1.0,1.0,1.0,0.0,0.0,50.0,255.0,1.0,0.0,0.02,0.13,0.0,0.0,0.67,0.0,18016.0
0.0,1.0,46.0,5.0,0.0,0.0,0.0,0.0,0.0,0.0,0.0,0.0,0.0,143.0,1.0,1.0,0.0,0.0,0.1,0.06,0.0,255.0,32.0,0.13,0.05,0.0,0.0,1.0,1.0,0.0,1.0,74965.0
0.0,1.0,65.0,5.0,0.0,0.0,0.0,0.0,0.0,0.0,0.0,0.0,0.0,134.0,1.0,1.0,0.0,0.0,0.1,0.05,0.0,255.0,14.0,0.05,0.06,0.0,0.0,1.0,1.0,0.0,1.0,94900.0
0.0,1.0,31.0,5.0,0.0,0.0,0.0,0.0,0.0,0.0,0.0,0.0,0.0,143.0,1.0,1.0,0.0,0.0,0.07,0.05,0.0,255.0,10.0,0.04,0.05,0.0,0.0,1.0,1.0,0.0,1.0,38347.0
0.0,1.0,22.0,1.0,0.0,0.0,0.0,0.0,0.0,0.0,0.0,0.0,0.0,1.0,0.0,0.0,1.0,1.0,1.0,0.0,0.0,65.0,199.0,1.0,0.0,0.02,0.15,0.0,0.0,1.0,0.0,42443.0
0.0,1.0,19.0,5.0,0.0,0.0,0.0,0.0,0.0,0.0,0.0,0.0,0.0,24.0,1.0,1.0,0.0,0.0,0.17,0.08,0.0,255.0,4.0,0.02,0.07,0.01,0.0,1.0,1.0,0.0,1.0,82980.0
0.0,1.0,46.0,5.0,0.0,0.0,0.0,0.0,0.0,0.0,0.0,0.0,0.0,149.0,0.99,1.0,0.0,0.0,0.13,0.06,0.0,255.0,19.0,0.07,0.06,0.0,0.0,1.0,1.0,0.0,1.0,77016.0
0.0,1.0,54.0,5.0,0.0,0.0,0.0,0.0,0.0,0.0,0.0,0.0,0.0,263.0,1.0,1.0,0.0,0.0,0.05,0.05,0.0,255.0,13.0,0.05,0.05,0.0,0.0,1.0,1.0,0.0,1.0,118340.0
0.0,1.0,5.0,5.0,0.0,0.0,0.0,0.0,0.0,0.0,0.0,0.0,0.0,115.0,1.0,1.0,0.0,0.0,0.09,0.07,0.0,255.0,10.0,0.04,0.07,0.0,0.0,1.0,1.0,0.0,1.0,103882.0
0.0,1.0,2.0,1.0,0.0,0.0,0.0,0.0,0.0,0.0,0.0,0.0,0.0,148.0,0.0,0.0,1.0,1.0,0.01,0.07,0.0,255.0,2.0,0.01,0.07,0.0,0.0,0.0,0.0,1.0,1.0,91575.0
0.0,2.0,11.0,9.0,44.0,131.0,0.0,0.0,0.0,0.0,0.0,0.0,0.0,127.0,0.0,0.0,0.0,0.0,0.99,0.02,0.01,255.0,218.0,0.85,0.02,0.0,0.0,0.0,0.0,0.0,0.0,9122.0
0.0,0.0,61.0,9.0,78.0,0.0,0.0,0.0,0.0,0.0,0.0,0.0,0.0,43.0,0.0,0.0,0.0,0.0,0.07,0.05,0.0,255.0,19.0,0.07,0.01,0.07,0.0,0.0,0.0,0.0,0.0,116051.0
0.0,1.0,46.0,5.0,0.0,0.0,0.0,0.0,0.0,0.0,0.0,0.0,0.0,137.0,1.0,1.0,0.0,0.0,0.04,0.06,0.0,255.0,12.0,0.05,0.07,0.0,0.0,1.0,1.0,0.0,1.0,84171.0
0.0,0.0,13.0,9.0,8.0,0.0,0.0,0.0,0.0,0.0,0.0,0.0,0.0,1.0,0.0,0.0,0.0,0.0,1.0,0.0,1.0,1.0,27.0,1.0,0.0,1.0,0.52,0.0,0.0,0.0,1.0,27547.0
0.0,1.0,46.0,5.0,0.0,0.0,0.0,0.0,0.0,0.0,0.0,0.0,0.0,255.0,1.0,1.0,0.0,0.0,0.02,0.05,0.0,213.0,4.0,0.02,0.07,0.0,0.0,0.99,1.0,0.0,1.0,32867.0
0.0,1.0,46.0,5.0,0.0,0.0,0.0,0.0,0.0,0.0,0.0,0.0,0.0,131.0,1.0,1.0,0.0,0.0,0.01,0.06,0.0,255.0,2.0,0.01,0.07,0.0,0.0,1.0,1.0,0.0,1.0,113519.0
0.0,0.0,13.0,9.0,30.0,0.0,0.0,0.0,0.0,0.0,0.0,0.0,0.0,3.0,0.0,0.0,0.0,0.0,0.33,1.0,0.0,255.0,3.0,0.01,0.01,0.06,0.0,0.0,0.0,0.0,0.0,20731.0
0.0,0.0,14.0,9.0,520.0,0.0,0.0,0.0,0.0,0.0,0.0,0.0,0.0,482.0,0.0,0.0,0.0,0.0,1.0,0.0,0.0,90.0,90.0,1.0,0.0,1.0,0.0,0.0,0.0,0.0,1.0,2622.0
0.0,1.0,46.0,5.0,0.0,0.0,0.0,0.0,0.0,0.0,0.0,0.0,0.0,221.0,1.0,1.0,0.0,0.0,0.03,0.07,0.0,255.0,6.0,0.02,0.09,0.0,0.0,1.0,1.0,0.0,1.0,11831.0
0.0,1.0,46.0,5.0,0.0,0.0,0.0,0.0,0.0,0.0,0.0,0.0,0.0,107.0,1.0,1.0,0.0,0.0,0.08,0.06,0.0,255.0,6.0,0.02,0.07,0.0,0.0,1.0,1.0,0.0,1.0,95948.0
0.0,0.0,13.0,9.0,8.0,0.0,0.0,0.0,0.0,0.0,0.0,0.0,0.0,1.0,0.0,0.0,0.0,0.0,1.0,0.0,1.0,1.0,86.0,1.0,0.0,1.0,0.51,0.0,0.0,0.0,1.0,44074.0
0.0,1.0,34.0,5.0,0.0,0.0,0.0,0.0,0.0,0.0,0.0,0.0,0.0,217.0,1.0,1.0,0.0,0.0,0.03,0.06,0.0,255.0,19.0,0.07,0.07,0.0,0.0,1.0,1.0,0.0,1.0,5031.0
0.0,2.0,11.0,9.0,46.0,80.0,0.0,0.0,0.0,0.0,0.0,0.0,0.0,164.0,0.0,0.0,0.0,0.0,1.0,0.0,0.0,255.0,227.0,0.89,0.01,0.0,0.0,0.0,0.0,0.0,0.0,8798.0
0.0,1.0,46.0,1.0,0.0,0.0,0.0,0.0,0.0,0.0,0.0,0.0,0.0,276.0,0.0,0.0,1.0,1.0,0.04,0.06,0.0,255.0,11.0,0.04,0.06,0.0,0.0,0.0,0.0,1.0,1.0,103246.0
0.0,0.0,61.0,9.0,78.0,0.0,0.0,0.0,0.0,0.0,0.0,0.0,0.0,28.0,0.0,0.0,0.0,0.0,0.14,0.07,0.0,255.0,20.0,0.08,0.01,0.08,0.0,0.0,0.0,0.0,0.0,16873.0
0.0,1.0,57.0,5.0,0.0,0.0,0.0,0.0,0.0,0.0,0.0,0.0,0.0,23.0,1.0,1.0,0.0,0.0,0.22,0.17,0.0,255.0,63.0,0.25,0.02,0.01,0.0,1.0,1.0,0.0,1.0,48757.0
0.0,1.0,46.0,1.0,0.0,0.0,0.0,0.0,0.0,0.0,0.0,0.0,0.0,105.0,0.0,0.0,1.0,1.0,0.06,0.07,0.0,255.0,6.0,0.02,0.05,0.0,0.0,0.0,0.0,1.0,1.0,82551.0
2469.0,2.0,41.0,9.0,147.0,105.0,0.0,0.0,0.0,0.0,0.0,0.0,0.0,1.0,0.0,0.0,0.0,0.0,1.0,0.0,0.0,255.0,4.0,0.02,0.46,0.88,0.0,0.0,0.0,0.0,0.0,112428.0
0.0,1.0,46.0,5.0,0.0,0.0,0.0,0.0,0.0,0.0,0.0,0.0,0.0,244.0,1.0,1.0,0.0,0.0,0.06,0.06,0.0,255.0,13.0,0.05,0.08,0.0,0.0,1.0,1.0,0.0,1.0,60739.0
0.0,2.0,11.0,9.0,33.0,0.0,0.0,0.0,0.0,0.0,0.0,0.0,0.0,3.0,0.0,0.0,0.0,0.0,0.67,0.67,0.5,208.0,29.0,0.14,0.03,0.14,0.0,0.0,0.0,0.0,0.0,107497.0
0.0,2.0,11.0,9.0,45.0,70.0,0.0,0.0,0.0,0.0,0.0,0.0,0.0,120.0,0.0,0.0,0.0,0.0,1.0,0.0,0.0,255.0,254.0,1.0,0.01,0.0,0.0,0.0,0.0,0.0,0.0,14176.0
0.0,1.0,35.0,1.0,0.0,0.0,0.0,0.0,0.0,0.0,0.0,0.0,0.0,139.0,0.0,0.0,1.0,1.0,0.03,0.06,0.0,255.0,3.0,0.01,0.07,0.0,0.0,0.0,0.0,1.0,1.0,49799.0
0.0,2.0,11.0,9.0,44.0,71.0,0.0,0.0,0.0,0.0,0.0,0.0,0.0,140.0,0.0,0.0,0.0,0.0,1.0,0.0,0.0,255.0,185.0,0.73,0.01,0.0,0.0,0.0,0.0,0.0,0.0,17725.0
0.0,1.0,59.0,5.0,0.0,0.0,0.0,0.0,0.0,0.0,0.0,0.0,0.0,121.0,1.0,1.0,0.0,0.0,0.13,0.06,0.0,255.0,16.0,0.06,0.08,0.0,0.0,1.0,1.0,0.0,1.0,9275.0
0.0,1.0,12.0,5.0,0.0,0.0,0.0,0.0,0.0,0.0,0.0,0.0,0.0,271.0,1.0,1.0,0.0,0.0,0.07,0.06,0.0,255.0,19.0,0.07,0.08,0.0,0.0,1.0,1.0,0.0,1.0,105174.0
0.0,1.0,46.0,5.0,0.0,0.0,0.0,0.0,0.0,0.0,0.0,0.0,0.0,163.0,1.0,1.0,0.0,0.0,0.01,0.07,0.0,255.0,20.0,0.08,0.08,0.0,0.0,1.0,1.0,0.0,1.0,111150.0
0.0,1.0,19.0,9.0,334.0,0.0,0.0,0.0,1.0,0.0,0.0,0.0,0.0,2.0,0.0,0.0,0.0,0.0,1.0,0.0,0.0,13.0,39.0,1.0,0.0,1.0,0.13,0.0,0.0,0.0,1.0,63160.0
0.0,1.0,19.0,9.0,334.0,0.0,0.0,0.0,1.0,0.0,0.0,0.0,0.0,2.0,0.0,0.0,0.0,0.0,1.0,0.0,0.0,2.0,44.0,1.0,0.0,1.0,0.16,0.0,0.0,0.0,1.0,12984.0
0.0,1.0,3.0,5.0,0.0,0.0,0.0,0.0,0.0,0.0,0.0,0.0,0.0,295.0,1.0,1.0,0.0,0.0,0.05,0.06,0.0,255.0,14.0,0.05,0.07,0.0,0.0,1.0,1.0,0.0,1.0,114470.0
0.0,1.0,16.0,5.0,0.0,0.0,0.0,0.0,0.0,0.0,0.0,0.0,0.0,114.0,1.0,1.0,0.0,0.0,0.17,0.07,0.0,255.0,20.0,0.08,0.07,0.0,0.0,1.0,1.0,0.0,1.0,63078.0
0.0,1.0,57.0,5.0,0.0,0.0,0.0,0.0,0.0,0.0,0.0,0.0,0.0,17.0,1.0,1.0,0.0,0.0,0.47,0.24,0.0,255.0,28.0,0.11,0.07,0.0,0.0,1.0,1.0,0.0,1.0,57284.0
0.0,1.0,46.0,1.0,0.0,0.0,0.0,0.0,0.0,0.0,0.0,0.0,0.0,296.0,0.07,0.0,0.89,1.0,0.0,1.0,0.0,255.0,1.0,0.0,1.0,0.0,0.0,0.08,0.0,1.0,1.0,85928.0
0.0,2.0,46.0,9.0,28.0,0.0,3.0,0.0,0.0,0.0,0.0,0.0,0.0,69.0,0.0,0.0,0.0,0.0,1.0,0.0,0.0,255.0,69.0,0.27,0.01,0.27,0.0,0.0,0.0,0.0,1.0,67298.0
0.0,1.0,38.0,5.0,0.0,0.0,0.0,0.0,0.0,0.0,0.0,0.0,0.0,146.0,1.0,1.0,0.0,0.0,0.11,0.06,0.0,255.0,16.0,0.06,0.06,0.0,0.0,1.0,1.0,0.0,1.0,107464.0
0.0,1.0,53.0,5.0,0.0,0.0,0.0,0.0,0.0,0.0,0.0,0.0,0.0,195.0,1.0,1.0,0.0,0.0,0.01,0.07,0.0,255.0,1.0,0.0,0.07,0.0,0.0,1.0,1.0,0.0,1.0,88775.0
0.0,1.0,46.0,5.0,0.0,0.0,0.0,0.0,0.0,0.0,0.0,0.0,0.0,149.0,1.0,1.0,0.0,0.0,0.11,0.05,0.0,255.0,30.0,0.12,0.05,0.0,0.0,1.0,1.0,0.0,1.0,59593.0
0.0,1.0,15.0,5.0,0.0,0.0,0.0,0.0,0.0,0.0,0.0,0.0,0.0,141.0,1.0,1.0,0.0,0.0,0.01,0.06,0.0,255.0,2.0,0.01,0.06,0.0,0.0,1.0,1.0,0.0,1.0,65245.0
0.0,0.0,14.0,9.0,1032.0,0.0,0.0,0.0,0.0,0.0,0.0,0.0,0.0,511.0,0.0,0.0,0.0,0.0,1.0,0.0,0.0,255.0,179.0,0.7,0.01,0.7,0.0,0.0,0.0,0.0,1.0,22266.0
0.0,1.0,46.0,5.0,0.0,0.0,0.0,0.0,0.0,0.0,0.0,0.0,0.0,175.0,1.0,1.0,0.0,0.0,0.02,0.07,0.0,255.0,4.0,0.02,0.07,0.0,0.0,1.0,1.0,0.0,1.0,91146.0
0.0,0.0,13.0,9.0,8.0,0.0,0.0,0.0,0.0,0.0,0.0,0.0,0.0,1.0,0.0,0.0,0.0,0.0,1.0,0.0,1.0,1.0,101.0,1.0,0.0,1.0,0.5,0.0,0.0,0.0,1.0,17544.0
0.0,1.0,46.0,5.0,0.0,0.0,0.0,0.0,0.0,0.0,0.0,0.0,0.0,283.0,1.0,1.0,0.0,0.0,0.05,0.06,0.0,255.0,19.0,0.07,0.07,0.0,0.0,1.0,1.0,0.0,1.0,123266.0
0.0,1.0,56.0,5.0,0.0,0.0,0.0,0.0,0.0,0.0,0.0,0.0,0.0,141.0,1.0,1.0,0.0,0.0,0.14,0.04,0.0,255.0,6.0,0.02,0.06,0.0,0.0,1.0,1.0,0.0,1.0,44204.0
0.0,0.0,13.0,9.0,8.0,0.0,0.0,0.0,0.0,0.0,0.0,0.0,0.0,1.0,0.0,0.0,0.0,0.0,1.0,0.0,1.0,1.0,59.0,1.0,0.0,1.0,0.51,0.0,0.0,0.0,1.0,14863.0
0.0,1.0,46.0,5.0,0.0,0.0,0.0,0.0,0.0,0.0,0.0,0.0,0.0,114.0,1.0,1.0,0.0,0.0,0.05,0.06,0.0,255.0,6.0,0.02,0.08,0.0,0.0,1.0,1.0,0.0,1.0,120541.0
0.0,1.0,41.0,1.0,0.0,0.0,0.0,0.0,0.0,0.0,0.0,0.0,0.0,511.0,0.21,0.0,0.79,1.0,0.0,1.0,0.0,255.0,1.0,0.0,1.0,0.0,0.0,0.25,0.0,1.0,1.0,12030.0
0.0,1.0,31.0,5.0,0.0,0.0,0.0,0.0,0.0,0.0,0.0,0.0,0.0,118.0,1.0,1.0,0.0,0.0,0.01,0.06,0.0,255.0,1.0,0.0,0.05,0.0,0.0,1.0,1.0,0.0,1.0,120156.0
0.0,0.0,14.0,9.0,1032.0,0.0,0.0,0.0,0.0,0.0,0.0,0.0,0.0,511.0,0.0,0.0,0.0,0.0,1.0,0.0,0.0,255.0,235.0,0.92,0.02,0.92,0.0,0.0,0.0,0.0,1.0,103586.0
0.0,1.0,15.0,5.0,0.0,0.0,0.0,0.0,0.0,0.0,0.0,0.0,0.0,142.0,1.0,1.0,0.0,0.0,0.13,0.06,0.0,255.0,18.0,0.07,0.06,0.0,0.0,1.0,1.0,0.0,1.0,51945.0
0.0,1.0,46.0,5.0,0.0,0.0,0.0,0.0,0.0,0.0,0.0,0.0,0.0,284.0,1.0,1.0,0.0,0.0,0.07,0.06,0.0,255.0,1.0,0.0,0.08,0.0,0.0,1.0,1.0,0.0,1.0,60259.0
0.0,1.0,20.0,5.0,0.0,0.0,0.0,0.0,0.0,0.0,0.0,0.0,0.0,126.0,1.0,1.0,0.0,0.0,0.01,0.06,0.0,255.0,1.0,0.0,0.07,0.0,0.0,1.0,1.0,0.0,1.0,28314.0
0.0,1.0,46.0,5.0,0.0,0.0,0.0,0.0,0.0,0.0,0.0,0.0,0.0,58.0,1.0,1.0,0.0,0.0,0.28,0.07,0.0,237.0,16.0,0.07,0.06,0.0,0.0,1.0,1.0,0.0,1.0,90774.0
0.0,1.0,50.0,4.0,0.0,0.0,0.0,0.0,0.0,0.0,0.0,0.0,0.0,1.0,0.0,0.0,1.0,1.0,1.0,0.0,0.0,255.0,1.0,0.0,1.0,1.0,0.0,0.0,0.0,1.0,1.0,68950.0
0.0,1.0,41.0,1.0,0.0,0.0,0.0,0.0,0.0,0.0,0.0,0.0,0.0,510.0,0.19,0.0,0.81,1.0,0.0,1.0,0.0,255.0,1.0,0.0,1.0,0.0,0.0,0.2,0.0,1.0,1.0,103918.0
32038.0,1.0,46.0,4.0,1.0,0.0,0.0,0.0,0.0,0.0,0.0,0.0,0.0,2.0,0.0,0.0,1.0,1.0,1.0,0.0,0.0,255.0,2.0,0.01,0.82,1.0,0.0,0.0,0.0,1.0,1.0,24020.0
0.0,1.0,63.0,1.0,0.0,0.0,0.0,0.0,0.0,0.0,0.0,0.0,0.0,143.0,0.0,0.0,1.0,1.0,0.08,0.07,0.0,255.0,11.0,0.04,0.07,0.0,0.0,0.0,0.0,1.0,1.0,112168.0
0.0,1.0,2.0,5.0,0.0,0.0,0.0,0.0,0.0,0.0,0.0,0.0,0.0,210.0,1.0,1.0,0.0,0.0,0.02,0.06,0.0,255.0,5.0,0.02,0.06,0.0,0.0,1.0,1.0,0.0,1.0,125076.0
0.0,1.0,57.0,5.0,0.0,0.0,0.0,0.0,0.0,0.0,0.0,0.0,0.0,288.0,1.0,1.0,0.0,0.0,0.0,0.06,0.0,255.0,4.0,0.02,0.08,0.0,0.0,1.0,1.0,0.0,1.0,78429.0
0.0,1.0,65.0,5.0,0.0,0.0,0.0,0.0,0.0,0.0,0.0,0.0,0.0,147.0,1.0,1.0,0.0,0.0,0.13,0.06,0.0,255.0,16.0,0.06,0.06,0.0,0.0,1.0,1.0,0.0,1.0,84723.0
0.0,1.0,63.0,5.0,0.0,0.0,0.0,0.0,0.0,0.0,0.0,0.0,0.0,271.0,1.0,1.0,0.0,0.0,0.03,0.06,0.0,255.0,9.0,0.04,0.08,0.0,0.0,1.0,1.0,0.0,1.0,61768.0
0.0,1.0,41.0,1.0,0.0,0.0,0.0,0.0,0.0,0.0,0.0,0.0,0.0,511.0,0.33,0.0,0.67,1.0,0.0,1.0,0.0,255.0,1.0,0.0,1.0,0.0,0.0,0.24,0.0,1.0,1.0,21183.0
0.0,1.0,15.0,5.0,0.0,0.0,0.0,0.0,0.0,0.0,0.0,0.0,0.0,144.0,1.0,1.0,0.0,0.0,0.14,0.06,0.0,255.0,20.0,0.08,0.06,0.0,0.0,1.0,1.0,0.0,1.0,80573.0
0.0,1.0,46.0,5.0,0.0,0.0,0.0,0.0,0.0,0.0,0.0,0.0,0.0,214.0,1.0,1.0,0.0,0.0,0.01,0.07,0.0,255.0,19.0,0.07,0.07,0.0,0.0,1.0,1.0,0.0,1.0,95585.0
0.0,1.0,63.0,4.0,0.0,0.0,0.0,0.0,0.0,0.0,0.0,0.0,0.0,1.0,0.0,0.0,1.0,1.0,1.0,0.0,0.0,255.0,1.0,0.0,0.46,0.91,0.0,0.0,0.0,1.0,1.0,42188.0
0.0,1.0,65.0,5.0,0.0,0.0,0.0,0.0,0.0,0.0,0.0,0.0,0.0,268.0,1.0,1.0,0.0,0.0,0.07,0.05,0.0,255.0,20.0,0.08,0.05,0.0,0.0,1.0,1.0,0.0,1.0,66645.0
0.0,1.0,34.0,1.0,0.0,0.0,0.0,0.0,0.0,0.0,0.0,0.0,0.0,231.0,0.0,0.0,1.0,1.0,0.01,0.07,0.0,255.0,2.0,0.01,0.07,0.0,0.0,0.0,0.0,1.0,1.0,103068.0
0.0,1.0,23.0,5.0,0.0,0.0,0.0,0.0,0.0,0.0,0.0,0.0,0.0,126.0,1.0,1.0,0.0,0.0,0.03,0.06,0.0,255.0,4.0,0.02,0.07,0.0,0.0,1.0,1.0,0.0,1.0,42952.0
0.0,1.0,50.0,2.0,0.0,0.0,0.0,0.0,0.0,0.0,0.0,0.0,0.0,107.0,0.0,0.0,1.0,1.0,0.06,0.07,0.0,255.0,6.0,0.02,0.07,0.0,0.0,0.0,0.0,1.0,1.0,60031.0
0.0,0.0,61.0,9.0,78.0,0.0,0.0,0.0,0.0,0.0,0.0,0.0,0.0,38.0,0.0,0.0,0.0,0.0,0.18,0.05,0.25,255.0,31.0,0.12,0.01,0.12,0.0,0.0,0.0,0.0,0.0,36166.0
0.0,1.0,46.0,1.0,0.0,0.0,0.0,0.0,0.0,0.0,0.0,0.0,0.0,1.0,0.0,0.0,1.0,1.0,1.0,0.0,0.0,62.0,2.0,0.02,1.0,0.02,1.0,0.0,0.0,1.0,1.0,114719.0
0.0,1.0,46.0,1.0,0.0,0.0,0.0,0.0,0.0,0.0,0.0,0.0,0.0,75.0,0.0,0.0,1.0,1.0,0.25,0.08,0.0,255.0,9.0,0.04,0.07,0.0,0.0,0.0,0.0,1.0,1.0,103569.0
0.0,0.0,13.0,9.0,8.0,0.0,0.0,0.0,0.0,0.0,0.0,0.0,0.0,1.0,0.0,0.0,0.0,0.0,1.0,0.0,1.0,1.0,13.0,1.0,0.0,1.0,0.54,0.0,0.0,0.0,1.0,96379.0
0.0,0.0,13.0,9.0,8.0,0.0,0.0,0.0,0.0,0.0,0.0,0.0,0.0,1.0,0.0,0.0,0.0,0.0,1.0,0.0,1.0,1.0,129.0,1.0,0.0,1.0,0.51,0.0,0.0,0.0,1.0,44827.0
0.0,2.0,46.0,9.0,1.0,0.0,0.0,0.0,0.0,0.0,0.0,0.0,0.0,49.0,0.0,0.0,0.0,0.0,0.18,0.08,0.0,255.0,20.0,0.08,0.6,0.43,0.0,0.16,0.0,0.0,1.0,87351.0
0.0,1.0,46.0,5.0,0.0,0.0,0.0,0.0,0.0,0.0,0.0,0.0,0.0,140.0,1.0,1.0,0.0,0.0,0.14,0.05,0.0,255.0,6.0,0.02,0.06,0.0,0.0,1.0,1.0,0.0,1.0,72343.0
0.0,1.0,46.0,5.0,0.0,0.0,0.0,0.0,0.0,0.0,0.0,0.0,0.0,203.0,1.0,1.0,0.0,0.0,0.11,0.05,0.0,255.0,23.0,0.09,0.06,0.0,0.0,1.0,1.0,0.0,1.0,71612.0
0.0,1.0,59.0,5.0,0.0,0.0,0.0,0.0,0.0,0.0,0.0,0.0,0.0,108.0,1.0,1.0,0.0,0.0,0.07,0.06,0.0,255.0,10.0,0.04,0.07,0.0,0.0,1.0,1.0,0.0,1.0,114313.0
0.0,1.0,19.0,9.0,334.0,0.0,0.0,0.0,1.0,0.0,0.0,0.0,0.0,1.0,0.0,0.0,0.0,0.0,1.0,0.0,0.0,5.0,13.0,1.0,0.0,1.0,0.23,0.0,0.0,0.0,1.0,39341.0
0.0,1.0,46.0,5.0,0.0,0.0,0.0,0.0,0.0,0.0,0.0,0.0,0.0,119.0,1.0,1.0,0.0,0.0,0.08,0.08,0.0,63.0,10.0,0.16,0.13,0.02,0.0,1.0,1.0,0.0,1.0,22198.0
0.0,0.0,13.0,9.0,30.0,0.0,0.0,0.0,0.0,0.0,0.0,0.0,0.0,3.0,0.0,0.0,0.0,0.0,0.33,0.67,0.0,255.0,6.0,0.02,0.01,0.11,0.0,0.0,0.0,0.0,0.0,83982.0
4.0,1.0,46.0,4.0,0.0,0.0,0.0,0.0,0.0,0.0,0.0,0.0,0.0,145.0,0.0,0.0,1.0,1.0,0.01,0.52,0.0,255.0,2.0,0.01,0.31,0.57,0.0,0.0,0.0,1.0,1.0,7201.0
0.0,1.0,46.0,5.0,0.0,0.0,0.0,0.0,0.0,0.0,0.0,0.0,0.0,96.0,1.0,1.0,0.0,0.0,0.07,0.07,0.0,255.0,10.0,0.04,0.07,0.0,0.0,1.0,1.0,0.0,1.0,38290.0
0.0,1.0,28.0,5.0,0.0,0.0,0.0,0.0,0.0,0.0,0.0,0.0,0.0,131.0,1.0,1.0,0.0,0.0,0.18,0.05,0.0,255.0,24.0,0.09,0.05,0.0,0.0,1.0,1.0,0.0,1.0,85638.0
0.0,1.0,22.0,1.0,0.0,0.0,0.0,0.0,0.0,0.0,0.0,0.0,0.0,1.0,0.0,0.0,1.0,1.0,1.0,0.0,1.0,28.0,255.0,1.0,0.0,0.04,0.06,0.0,0.0,0.8,0.0,89892.0
0.0,2.0,46.0,9.0,1.0,0.0,0.0,0.0,0.0,0.0,0.0,0.0,0.0,22.0,0.0,0.0,0.0,0.0,0.14,0.18,0.0,255.0,47.0,0.18,0.21,1.0,0.0,0.0,0.0,0.0,1.0,48712.0
0.0,1.0,21.0,5.0,0.0,0.0,0.0,0.0,0.0,0.0,0.0,0.0,0.0,131.0,1.0,1.0,0.0,0.0,0.14,0.06,0.0,255.0,18.0,0.07,0.06,0.0,0.0,1.0,1.0,0.0,1.0,32294.0
0.0,1.0,3.0,1.0,0.0,0.0,0.0,0.0,0.0,0.0,0.0,0.0,0.0,231.0,0.0,0.0,1.0,1.0,0.02,0.07,0.0,255.0,5.0,0.02,0.08,0.0,0.0,0.0,0.0,1.0,1.0,6626.0
0.0,1.0,46.0,5.0,0.0,0.0,0.0,0.0,0.0,0.0,0.0,0.0,0.0,123.0,1.0,1.0,0.0,0.0,0.01,0.07,0.0,255.0,20.0,0.08,0.05,0.0,0.0,1.0,1.0,0.0,1.0,117793.0
0.0,2.0,46.0,9.0,1.0,0.0,0.0,0.0,0.0,0.0,0.0,0.0,0.0,57.0,0.0,0.0,0.0,0.0,0.02,0.16,0.0,255.0,1.0,0.0,0.03,0.05,0.0,0.0,0.0,0.0,1.0,111386.0
0.0,0.0,13.0,9.0,8.0,0.0,0.0,0.0,0.0,0.0,0.0,0.0,0.0,1.0,0.0,0.0,0.0,0.0,1.0,0.0,1.0,2.0,81.0,1.0,0.0,1.0,0.51,0.0,0.0,0.0,1.0,64620.0
0.0,0.0,14.0,9.0,1032.0,0.0,0.0,0.0,0.0,0.0,0.0,0.0,0.0,273.0,0.0,0.0,0.0,0.0,1.0,0.0,0.0,255.0,255.0,1.0,0.0,1.0,0.0,0.0,0.0,0.0,1.0,38453.0
0.0,1.0,25.0,5.0,0.0,0.0,0.0,0.0,0.0,0.0,0.0,0.0,0.0,209.0,1.0,1.0,0.0,0.0,0.05,0.06,0.0,255.0,18.0,0.07,0.08,0.0,0.0,1.0,1.0,0.0,1.0,53199.0
0.0,1.0,3.0,1.0,0.0,0.0,0.0,0.0,0.0,0.0,0.0,0.0,0.0,224.0,0.0,0.0,1.0,1.0,0.06,0.07,0.0,255.0,13.0,0.05,0.08,0.0,0.0,0.0,0.0,1.0,1.0,57145.0
0.0,0.0,14.0,9.0,1032.0,0.0,0.0,0.0,0.0,0.0,0.0,0.0,0.0,511.0,0.0,0.0,0.0,0.0,1.0,0.0,0.0,255.0,124.0,0.49,0.02,0.49,0.0,0.02,0.0,0.0,1.0,6541.0
0.0,1.0,46.0,5.0,0.0,0.0,0.0,0.0,0.0,0.0,0.0,0.0,0.0,91.0,1.0,1.0,0.0,0.0,0.04,0.07,0.0,255.0,20.0,0.08,0.07,0.0,0.0,1.0,1.0,0.0,1.0,123168.0
0.0,1.0,46.0,5.0,0.0,0.0,0.0,0.0,0.0,0.0,0.0,0.0,0.0,123.0,1.0,1.0,0.0,0.0,0.11,0.07,0.0,125.0,13.0,0.1,0.07,0.01,0.0,1.0,1.0,0.0,1.0,90279.0
0.0,1.0,64.0,5.0,0.0,0.0,0.0,0.0,0.0,0.0,0.0,0.0,0.0,284.0,1.0,1.0,0.0,0.0,0.02,0.06,0.0,255.0,6.0,0.02,0.08,0.0,0.0,1.0,1.0,0.0,1.0,59414.0
0.0,1.0,45.0,5.0,0.0,0.0,0.0,0.0,0.0,0.0,0.0,0.0,0.0,146.0,1.0,1.0,0.0,0.0,0.14,0.05,0.0,255.0,21.0,0.08,0.05,0.0,0.0,1.0,1.0,0.0,1.0,74384.0
0.0,2.0,11.0,9.0,42.0,0.0,0.0,0.0,0.0,0.0,0.0,0.0,0.0,2.0,0.0,0.0,0.0,0.0,1.0,0.0,0.6,224.0,222.0,0.99,0.01,0.0,0.0,0.0,0.0,0.0,0.0,49942.0
0.0,1.0,46.0,1.0,0.0,0.0,0.0,0.0,0.0,0.0,0.0,0.0,0.0,131.0,0.0,0.0,1.0,1.0,0.08,0.07,0.0,255.0,11.0,0.04,0.06,0.0,0.0,0.0,0.0,1.0,1.0,29627.0
0.0,1.0,51.0,5.0,0.0,0.0,0.0,0.0,0.0,0.0,0.0,0.0,0.0,2.0,1.0,1.0,0.0,0.0,0.5,1.0,0.0,255.0,1.0,0.0,0.08,0.0,0.0,1.0,1.0,0.0,1.0,6798.0
0.0,2.0,46.0,9.0,28.0,0.0,3.0,0.0,0.0,0.0,0.0,0.0,0.0,98.0,0.0,0.0,0.0,0.0,1.0,0.0,0.0,255.0,98.0,0.38,0.02,0.38,0.0,0.0,0.0,0.0,1.0,113166.0
0.0,1.0,46.0,5.0,0.0,0.0,0.0,0.0,0.0,0.0,0.0,0.0,0.0,110.0,1.0,1.0,0.0,0.0,0.04,0.07,0.0,255.0,8.0,0.03,0.05,0.0,0.0,1.0,1.0,0.0,1.0,30437.0
0.0,1.0,46.0,1.0,0.0,0.0,0.0,0.0,0.0,0.0,0.0,0.0,0.0,113.0,0.0,0.0,1.0,1.0,0.09,0.07,0.0,88.0,10.0,0.11,0.09,0.01,0.0,0.0,0.0,1.0,1.0,22590.0
0.0,1.0,18.0,5.0,0.0,0.0,0.0,0.0,0.0,0.0,0.0,0.0,0.0,255.0,1.0,1.0,0.0,0.0,0.01,0.07,0.0,255.0,3.0,0.01,0.08,0.0,0.0,1.0,1.0,0.0,1.0,56361.0
0.0,1.0,22.0,1.0,0.0,0.0,0.0,0.0,0.0,0.0,0.0,0.0,0.0,4.0,0.0,0.0,0.75,0.75,1.0,0.0,0.0,38.0,255.0,1.0,0.0,0.03,0.17,0.0,0.0,0.99,0.0,115559.0
0.0,2.0,11.0,9.0,46.0,46.0,0.0,0.0,0.0,0.0,0.0,0.0,0.0,132.0,0.0,0.0,0.0,0.0,1.0,0.0,0.0,255.0,255.0,1.0,0.0,0.0,0.0,0.0,0.0,0.0,0.0,100474.0
0.0,1.0,22.0,5.0,0.0,0.0,0.0,0.0,0.0,0.0,0.0,0.0,0.0,235.0,1.0,0.23,0.0,0.0,0.02,0.07,0.09,255.0,5.0,0.02,0.07,0.0,0.0,1.0,1.0,0.0,1.0,29464.0
0.0,1.0,22.0,1.0,0.0,0.0,0.0,0.0,0.0,0.0,0.0,0.0,0.0,1.0,0.0,0.0,1.0,1.0,1.0,0.0,0.0,143.0,255.0,1.0,0.0,0.01,0.09,0.0,0.0,0.62,0.0,111994.0
0.0,0.0,13.0,9.0,8.0,0.0,0.0,0.0,0.0,0.0,0.0,0.0,0.0,1.0,0.0,0.0,0.0,0.0,1.0,0.0,1.0,2.0,182.0,1.0,0.0,1.0,0.25,0.0,0.0,0.0,1.0,85224.0
0.0,1.0,46.0,4.0,0.0,0.0,0.0,0.0,0.0,0.0,0.0,0.0,0.0,1.0,0.0,0.0,1.0,1.0,1.0,0.0,0.0,178.0,1.0,0.01,0.08,0.06,0.0,0.0,0.0,1.0,1.0,29135.0
20.0,1.0,46.0,4.0,0.0,0.0,0.0,0.0,0.0,0.0,0.0,0.0,0.0,1.0,0.0,0.0,1.0,1.0,1.0,0.0,0.0,221.0,1.0,0.0,0.26,0.24,0.0,0.0,0.0,1.0,1.0,12089.0
0.0,1.0,46.0,5.0,0.0,0.0,0.0,0.0,0.0,0.0,0.0,0.0,0.0,128.0,1.0,1.0,0.0,0.0,0.14,0.05,0.0,255.0,8.0,0.03,0.07,0.0,0.0,1.0,1.0,0.0,1.0,41125.0
0.0,0.0,14.0,9.0,1032.0,0.0,0.0,0.0,0.0,0.0,0.0,0.0,0.0,511.0,0.0,0.0,0.0,0.0,1.0,0.0,0.0,255.0,100.0,0.39,0.1,0.39,0.0,0.0,0.0,0.0,1.0,56447.0
0.0,2.0,11.0,9.0,91.0,0.0,0.0,0.0,0.0,0.0,0.0,0.0,0.0,2.0,0.0,0.0,0.0,0.0,1.0,0.0,0.33,255.0,234.0,0.92,0.01,0.18,0.0,0.0,0.0,0.0,0.0,85413.0
0.0,1.0,41.0,1.0,0.0,0.0,0.0,0.0,0.0,0.0,0.0,0.0,0.0,360.0,0.06,0.0,0.91,1.0,0.0,1.0,0.0,255.0,1.0,0.0,1.0,0.0,0.0,0.08,0.0,1.0,1.0,99463.0
0.0,1.0,46.0,5.0,0.0,0.0,0.0,0.0,0.0,0.0,0.0,0.0,0.0,148.0,1.0,1.0,0.0,0.0,0.06,0.05,0.0,255.0,6.0,0.02,0.07,0.0,0.0,1.0,1.0,0.0,1.0,112469.0
2705.0,2.0,41.0,9.0,147.0,105.0,0.0,0.0,0.0,0.0,0.0,0.0,0.0,3.0,0.0,0.0,0.0,0.0,0.67,0.67,0.0,255.0,2.0,0.01,0.84,1.0,0.0,0.0,0.0,0.0,0.0,120937.0
0.0,1.0,62.0,5.0,0.0,0.0,0.0,0.0,0.0,0.0,0.0,0.0,0.0,135.0,1.0,1.0,0.0,0.0,0.04,0.06,0.0,255.0,6.0,0.02,0.06,0.0,0.0,1.0,1.0,0.0,1.0,56419.0
0.0,1.0,23.0,5.0,0.0,0.0,0.0,0.0,0.0,0.0,0.0,0.0,0.0,141.0,1.0,1.0,0.0,0.0,0.18,0.05,0.0,255.0,25.0,0.1,0.05,0.0,0.0,1.0,1.0,0.0,1.0,80512.0
0.0,1.0,62.0,5.0,0.0,0.0,0.0,0.0,0.0,0.0,0.0,0.0,0.0,133.0,1.0,1.0,0.0,0.0,0.06,0.07,0.0,255.0,8.0,0.03,0.06,0.0,0.0,1.0,1.0,0.0,1.0,38437.0
0.0,1.0,9.0,2.0,0.0,0.0,0.0,0.0,0.0,0.0,0.0,0.0,0.0,261.0,0.0,0.0,1.0,1.0,0.05,0.06,0.0,255.0,13.0,0.05,0.06,0.0,0.0,0.0,0.0,1.0,1.0,75465.0
0.0,0.0,13.0,9.0,18.0,0.0,0.0,0.0,0.0,0.0,0.0,0.0,0.0,1.0,0.0,0.0,0.0,0.0,1.0,0.0,0.0,2.0,218.0,1.0,0.0,1.0,0.25,0.0,0.0,0.0,1.0,125947.0
0.0,1.0,46.0,1.0,0.0,0.0,0.0,0.0,0.0,0.0,0.0,0.0,0.0,107.0,0.0,0.0,1.0,1.0,0.07,0.06,0.0,255.0,27.0,0.11,0.05,0.0,0.0,0.0,0.0,1.0,1.0,28272.0
0.0,1.0,46.0,5.0,0.0,0.0,0.0,0.0,0.0,0.0,0.0,0.0,0.0,93.0,1.0,1.0,0.0,0.0,0.05,0.08,0.0,145.0,5.0,0.03,0.08,0.01,0.0,1.0,1.0,0.0,1.0,100162.0
0.0,1.0,10.0,5.0,0.0,0.0,0.0,0.0,0.0,0.0,0.0,0.0,0.0,17.0,1.0,1.0,0.0,0.0,0.41,0.18,0.0,255.0,13.0,0.05,0.07,0.0,0.0,1.0,1.0,0.0,1.0,89053.0
2049.0,2.0,41.0,9.0,147.0,105.0,0.0,0.0,0.0,0.0,0.0,0.0,0.0,1.0,0.0,0.0,0.0,0.0,1.0,0.0,0.0,255.0,1.0,0.0,0.65,0.97,0.0,0.0,0.0,0.0,0.0,60658.0
0.0,1.0,2.0,5.0,0.0,0.0,0.0,0.0,0.0,0.0,0.0,0.0,0.0,117.0,1.0,1.0,0.0,0.0,0.12,0.06,0.0,255.0,3.0,0.01,0.07,0.0,0.0,1.0,1.0,0.0,1.0,3207.0
0.0,2.0,46.0,9.0,28.0,0.0,3.0,0.0,0.0,0.0,0.0,0.0,0.0,9.0,0.0,0.0,0.0,0.0,1.0,0.0,0.0,255.0,9.0,0.04,0.01,0.04,0.0,0.0,0.0,0.0,1.0,124491.0
0.0,1.0,46.0,5.0,0.0,0.0,0.0,0.0,0.0,0.0,0.0,0.0,0.0,254.0,1.0,1.0,0.0,0.0,0.01,0.07,0.0,255.0,4.0,0.02,0.07,0.0,0.0,1.0,1.0,0.0,1.0,111062.0
0.0,1.0,9.0,5.0,0.0,0.0,0.0,0.0,0.0,0.0,0.0,0.0,0.0,19.0,1.0,1.0,0.0,0.0,0.37,0.32,0.0,255.0,15.0,0.06,0.09,0.0,0.0,1.0,1.0,0.0,1.0,121218.0
0.0,1.0,41.0,1.0,0.0,0.0,0.0,0.0,0.0,0.0,0.0,0.0,0.0,510.0,0.08,0.0,0.91,1.0,0.0,0.95,0.0,255.0,1.0,0.0,0.91,0.0,0.0,0.08,0.0,1.0,1.0,58433.0
0.0,1.0,46.0,5.0,0.0,0.0,0.0,0.0,0.0,0.0,0.0,0.0,0.0,175.0,1.0,1.0,0.0,0.0,0.02,0.07,0.0,255.0,18.0,0.07,0.07,0.0,0.0,1.0,1.0,0.0,1.0,64728.0
0.0,1.0,46.0,1.0,0.0,0.0,0.0,0.0,0.0,0.0,0.0,0.0,0.0,283.0,0.0,0.0,1.0,1.0,0.05,0.06,0.0,255.0,15.0,0.06,0.09,0.0,0.0,0.0,0.0,1.0,1.0,118783.0
0.0,1.0,46.0,5.0,0.0,0.0,0.0,0.0,0.0,0.0,0.0,0.0,0.0,196.0,1.0,1.0,0.0,0.0,0.04,0.07,0.0,255.0,2.0,0.01,0.07,0.0,0.0,1.0,1.0,0.0,1.0,112729.0
0.0,1.0,46.0,5.0,0.0,0.0,0.0,0.0,0.0,0.0,0.0,0.0,0.0,244.0,1.0,1.0,0.0,0.0,0.05,0.06,0.0,255.0,9.0,0.04,0.06,0.0,0.0,1.0,1.0,0.0,1.0,112816.0
0.0,0.0,14.0,9.0,1032.0,0.0,0.0,0.0,0.0,0.0,0.0,0.0,0.0,511.0,0.0,0.0,0.0,0.0,1.0,0.0,0.0,255.0,80.0,0.31,0.2,0.31,0.0,0.0,0.0,0.0,1.0,106725.0
0.0,1.0,46.0,5.0,0.0,0.0,0.0,0.0,0.0,0.0,0.0,0.0,0.0,265.0,1.0,1.0,0.0,0.0,0.06,0.06,0.0,255.0,1.0,0.0,0.06,0.0,0.0,1.0,1.0,0.0,1.0,56532.0
18521.0,1.0,41.0,4.0,1.0,0.0,0.0,0.0,0.0,0.0,0.0,0.0,0.0,2.0,0.0,0.0,1.0,1.0,1.0,0.0,0.0,255.0,2.0,0.01,0.73,1.0,0.0,0.0,0.0,1.0,1.0,11356.0
0.0,1.0,19.0,9.0,383.0,0.0,0.0,0.0,1.0,0.0,0.0,0.0,0.0,2.0,0.0,0.0,0.0,0.0,1.0,0.0,0.0,3.0,54.0,1.0,0.0,1.0,0.04,0.0,0.0,0.0,1.0,106637.0
0.0,1.0,37.0,5.0,0.0,0.0,0.0,0.0,0.0,0.0,0.0,0.0,0.0,268.0,1.0,1.0,0.0,0.0,0.04,0.06,0.0,255.0,13.0,0.05,0.06,0.0,0.0,1.0,1.0,0.0,1.0,67950.0
0.0,1.0,4.0,5.0,0.0,0.0,0.0,0.0,0.0,0.0,0.0,0.0,0.0,286.0,1.0,1.0,0.0,0.0,0.03,0.06,0.0,255.0,12.0,0.05,0.07,0.0,0.0,1.0,1.0,0.0,1.0,67834.0
0.0,1.0,46.0,5.0,0.0,0.0,0.0,0.0,0.0,0.0,0.0,0.0,0.0,104.0,1.0,1.0,0.0,0.0,0.03,0.06,0.0,255.0,3.0,0.01,0.06,0.0,0.0,1.0,1.0,0.0,1.0,122163.0
18704.0,1.0,41.0,4.0,1.0,0.0,0.0,0.0,0.0,0.0,0.0,0.0,0.0,2.0,0.0,0.0,1.0,1.0,1.0,0.0,0.0,255.0,2.0,0.01,0.72,1.0,0.0,0.0,0.0,1.0,1.0,103025.0
0.0,1.0,25.0,5.0,0.0,0.0,0.0,0.0,0.0,0.0,0.0,0.0,0.0,286.0,1.0,1.0,0.0,0.0,0.05,0.06,0.0,255.0,14.0,0.05,0.06,0.0,0.0,1.0,1.0,0.0,1.0,45247.0
0.0,1.0,22.0,1.0,0.0,0.0,0.0,0.0,0.0,0.0,0.0,0.0,0.0,1.0,0.0,0.0,1.0,1.0,1.0,0.0,0.0,15.0,143.0,1.0,0.0,0.07,0.14,0.0,0.0,1.0,0.0,29760.0
0.0,1.0,46.0,5.0,0.0,0.0,0.0,0.0,0.0,0.0,0.0,0.0,0.0,246.0,1.0,1.0,0.0,0.0,0.01,0.06,0.0,255.0,2.0,0.01,0.05,0.0,0.0,1.0,1.0,0.0,1.0,22309.0
0.0,0.0,61.0,9.0,78.0,0.0,0.0,0.0,0.0,0.0,0.0,0.0,0.0,9.0,0.0,0.0,0.0,0.0,0.11,0.22,0.0,255.0,28.0,0.11,0.01,0.11,0.0,0.0,0.0,0.0,0.0,61707.0
0.0,1.0,46.0,1.0,0.0,0.0,0.0,0.0,0.0,0.0,0.0,0.0,0.0,2.0,0.0,0.0,1.0,1.0,0.5,1.0,0.0,255.0,1.0,0.0,0.8,0.78,0.0,0.0,0.0,1.0,1.0,124809.0
0.0,1.0,15.0,5.0,0.0,0.0,0.0,0.0,0.0,0.0,0.0,0.0,0.0,98.0,1.0,1.0,0.0,0.0,0.2,0.06,0.0,255.0,20.0,0.08,0.07,0.0,0.0,1.0,1.0,0.0,1.0,23699.0
0.0,1.0,2.0,1.0,0.0,0.0,0.0,0.0,0.0,0.0,0.0,0.0,0.0,176.0,0.0,0.0,1.0,1.0,0.04,0.07,0.0,255.0,7.0,0.03,0.07,0.0,0.0,0.0,0.0,1.0,1.0,107474.0
0.0,1.0,46.0,1.0,0.0,0.0,0.0,0.0,0.0,0.0,0.0,0.0,0.0,1.0,0.0,0.0,1.0,1.0,1.0,0.0,0.0,66.0,1.0,0.02,1.0,0.02,0.0,0.0,0.0,1.0,1.0,75288.0
0.0,1.0,46.0,5.0,0.0,0.0,0.0,0.0,0.0,0.0,0.0,0.0,0.0,203.0,1.0,1.0,0.0,0.0,0.0,0.06,0.0,255.0,20.0,0.08,0.06,0.0,0.0,1.0,1.0,0.0,1.0,55186.0
0.0,0.0,14.0,9.0,1032.0,0.0,0.0,0.0,0.0,0.0,0.0,0.0,0.0,511.0,0.0,0.0,0.0,0.0,1.0,0.0,0.0,255.0,185.0,0.73,0.01,0.73,0.0,0.0,0.0,0.0,1.0,36314.0
0.0,1.0,46.0,5.0,0.0,0.0,0.0,0.0,0.0,0.0,0.0,0.0,0.0,215.0,1.0,1.0,0.0,0.0,0.05,0.06,0.0,255.0,15.0,0.06,0.07,0.0,0.0,1.0,1.0,0.0,1.0,67751.0
0.0,1.0,41.0,5.0,0.0,0.0,0.0,0.0,0.0,0.0,0.0,0.0,0.0,429.0,0.07,1.0,0.9,0.0,0.0,1.0,0.0,255.0,1.0,0.0,1.0,0.0,0.0,0.09,1.0,0.0,1.0,43105.0
0.0,1.0,7.0,5.0,0.0,0.0,0.0,0.0,0.0,0.0,0.0,0.0,0.0,185.0,1.0,1.0,0.0,0.0,0.06,0.06,0.0,255.0,12.0,0.05,0.05,0.0,0.0,1.0,1.0,0.0,1.0,68126.0
0.0,1.0,4.0,5.0,0.0,0.0,0.0,0.0,0.0,0.0,0.0,0.0,0.0,9.0,1.0,1.0,0.0,0.0,0.22,0.33,0.0,255.0,2.0,0.01,0.07,0.0,0.0,1.0,1.0,0.0,1.0,871.0
0.0,1.0,38.0,5.0,0.0,0.0,0.0,0.0,0.0,0.0,0.0,0.0,0.0,132.0,1.0,1.0,0.0,0.0,0.12,0.06,0.0,255.0,16.0,0.06,0.07,0.0,0.0,1.0,1.0,0.0,1.0,25060.0
0.0,2.0,11.0,9.0,43.0,119.0,0.0,0.0,0.0,0.0,0.0,0.0,0.0,146.0,0.0,0.0,0.0,0.0,1.0,0.0,0.0,255.0,255.0,1.0,0.0,0.0,0.0,0.0,0.0,0.0,0.0,27514.0
0.0,1.0,62.0,5.0,0.0,0.0,0.0,0.0,0.0,0.0,0.0,0.0,0.0,141.0,1.0,1.0,0.0,0.0,0.14,0.06,0.0,255.0,20.0,0.08,0.06,0.0,0.0,1.0,1.0,0.0,1.0,114838.0
0.0,1.0,46.0,5.0,0.0,0.0,0.0,0.0,0.0,0.0,0.0,0.0,0.0,119.0,1.0,1.0,0.0,0.0,0.15,0.06,0.0,255.0,12.0,0.05,0.07,0.0,0.0,1.0,1.0,0.0,1.0,94910.0
0.0,1.0,64.0,5.0,0.0,0.0,0.0,0.0,0.0,0.0,0.0,0.0,0.0,276.0,1.0,1.0,0.0,0.0,0.06,0.04,0.0,255.0,11.0,0.04,0.05,0.0,0.0,1.0,1.0,0.0,1.0,72176.0
0.0,1.0,22.0,5.0,0.0,0.0,0.0,0.0,0.0,0.0,0.0,0.0,0.0,1.0,1.0,1.0,0.0,0.0,1.0,0.0,0.0,255.0,13.0,0.05,0.05,0.0,0.0,1.0,1.0,0.0,1.0,78128.0
0.0,0.0,13.0,9.0,8.0,0.0,0.0,0.0,0.0,0.0,0.0,0.0,0.0,1.0,0.0,0.0,0.0,0.0,1.0,0.0,1.0,2.0,2.0,1.0,0.0,1.0,0.0,0.0,0.0,0.0,1.0,9733.0
0.0,1.0,46.0,5.0,0.0,0.0,0.0,0.0,0.0,0.0,0.0,0.0,0.0,259.0,1.0,1.0,0.0,0.0,0.05,0.07,0.0,255.0,13.0,0.05,0.09,0.0,0.0,1.0,1.0,0.0,1.0,40195.0
0.0,0.0,13.0,9.0,8.0,0.0,0.0,0.0,0.0,0.0,0.0,0.0,0.0,1.0,0.0,0.0,0.0,0.0,1.0,0.0,1.0,2.0,255.0,1.0,0.0,1.0,0.5,0.0,0.0,0.0,1.0,55730.0
0.0,1.0,46.0,5.0,0.0,0.0,0.0,0.0,0.0,0.0,0.0,0.0,0.0,192.0,1.0,1.0,0.0,0.0,0.08,0.07,0.0,255.0,15.0,0.06,0.07,0.0,0.0,1.0,1.0,0.0,1.0,69611.0
0.0,0.0,13.0,9.0,18.0,0.0,0.0,0.0,0.0,0.0,0.0,0.0,0.0,1.0,0.0,0.0,0.0,0.0,1.0,0.0,0.0,2.0,34.0,1.0,0.0,1.0,0.26,0.0,0.0,0.0,1.0,84709.0
0.0,1.0,46.0,4.0,0.0,0.0,0.0,0.0,0.0,0.0,0.0,0.0,0.0,1.0,0.0,0.0,1.0,1.0,1.0,0.0,0.0,187.0,1.0,0.01,0.48,0.48,0.0,0.0,0.0,1.0,1.0,12255.0
0.0,1.0,46.0,5.0,0.0,0.0,0.0,0.0,0.0,0.0,0.0,0.0,0.0,110.0,1.0,1.0,0.0,0.0,0.03,0.08,0.0,255.0,3.0,0.01,0.06,0.0,0.0,1.0,1.0,0.0,1.0,70763.0
0.0,2.0,11.0,9.0,35.0,0.0,0.0,0.0,0.0,0.0,0.0,0.0,0.0,2.0,0.0,0.0,0.0,0.0,0.5,1.0,0.0,186.0,17.0,0.06,0.03,0.06,0.12,0.01,0.0,0.0,0.0,58891.0
36172.0,1.0,46.0,4.0,1.0,0.0,0.0,0.0,0.0,0.0,0.0,0.0,0.0,2.0,0.0,0.0,1.0,1.0,1.0,0.0,0.0,255.0,2.0,0.01,0.5,1.0,0.0,0.0,0.0,1.0,1.0,42157.0
0.0,1.0,41.0,5.0,0.0,0.0,0.0,0.0,0.0,0.0,0.0,0.0,0.0,511.0,0.03,1.0,0.97,0.0,0.0,1.0,0.0,255.0,1.0,0.0,1.0,0.0,0.0,0.05,1.0,0.0,1.0,117710.0
0.0,1.0,51.0,9.0,2938.0,386.0,0.0,0.0,1.0,0.0,0.0,0.0,0.0,1.0,0.0,0.0,0.0,0.0,1.0,0.0,0.0,255.0,121.0,0.47,0.02,0.0,0.0,0.47,0.5,0.0,0.0,120034.0
0.0,1.0,22.0,1.0,0.0,0.0,0.0,0.0,0.0,0.0,0.0,0.0,0.0,254.0,0.0,0.0,1.0,1.0,0.02,0.07,0.0,255.0,4.0,0.02,0.07,0.0,0.0,0.0,0.0,1.0,1.0,7398.0
12653.0,1.0,41.0,4.0,1.0,0.0,0.0,0.0,0.0,0.0,0.0,0.0,0.0,2.0,0.0,0.0,1.0,1.0,1.0,0.0,0.0,255.0,2.0,0.01,0.64,1.0,0.0,0.0,0.0,1.0,1.0,32401.0
0.0,1.0,22.0,1.0,0.0,0.0,0.0,0.0,0.0,0.0,0.0,0.0,0.0,1.0,0.0,0.0,1.0,1.0,1.0,0.0,0.0,33.0,255.0,1.0,0.0,0.03,0.06,0.0,0.0,1.0,0.0,35077.0
0.0,1.0,46.0,5.0,0.0,0.0,0.0,0.0,0.0,0.0,0.0,0.0,0.0,296.0,1.0,1.0,0.0,0.0,0.02,0.05,0.0,255.0,11.0,0.04,0.08,0.0,0.0,1.0,1.0,0.0,1.0,37872.0
0.0,1.0,4.0,5.0,0.0,0.0,0.0,0.0,0.0,0.0,0.0,0.0,0.0,258.0,1.0,1.0,0.0,0.0,0.02,0.07,0.0,255.0,4.0,0.02,0.07,0.0,0.0,1.0,1.0,0.0,1.0,72174.0
0.0,1.0,22.0,1.0,0.0,0.0,0.0,0.0,0.0,0.0,0.0,0.0,0.0,1.0,0.0,0.0,1.0,1.0,1.0,0.0,1.0,111.0,215.0,1.0,0.0,0.01,0.03,0.0,0.0,1.0,0.0,6822.0
0.0,2.0,46.0,9.0,1.0,0.0,0.0,0.0,0.0,0.0,0.0,0.0,0.0,30.0,0.0,0.0,0.0,0.0,0.17,0.1,0.0,255.0,5.0,0.02,0.65,0.4,0.0,0.05,0.0,0.0,1.0,102652.0
0.0,1.0,51.0,5.0,0.0,0.0,0.0,0.0,0.0,0.0,0.0,0.0,0.0,3.0,1.0,0.6,0.0,0.0,1.0,0.0,0.6,25.0,137.0,0.12,0.08,0.04,0.01,0.92,0.02,0.0,1.0,6135.0
0.0,1.0,46.0,1.0,0.0,0.0,0.0,0.0,0.0,0.0,0.0,0.0,0.0,190.0,0.0,0.0,1.0,1.0,0.1,0.07,0.0,255.0,19.0,0.07,0.08,0.0,0.0,0.0,0.0,1.0,1.0,71636.0
0.0,1.0,22.0,5.0,0.0,0.0,0.0,0.0,0.0,0.0,0.0,0.0,0.0,272.0,1.0,1.0,0.0,0.0,0.07,0.06,0.0,255.0,20.0,0.08,0.07,0.0,0.0,1.0,1.0,0.0,1.0,36882.0
0.0,1.0,28.0,5.0,0.0,0.0,0.0,0.0,0.0,0.0,0.0,0.0,0.0,62.0,1.0,1.0,0.0,0.0,0.03,0.06,0.0,255.0,2.0,0.01,0.05,0.0,0.0,1.0,1.0,0.0,1.0,110878.0
0.0,1.0,46.0,1.0,0.0,0.0,0.0,0.0,0.0,0.0,0.0,0.0,0.0,261.0,0.0,0.0,1.0,1.0,0.01,0.07,0.0,255.0,3.0,0.01,0.09,0.0,0.0,0.0,0.0,1.0,1.0,51379.0
0.0,1.0,46.0,2.0,0.0,0.0,0.0,0.0,0.0,0.0,0.0,0.0,0.0,134.0,0.0,0.0,1.0,1.0,0.01,0.06,0.0,255.0,1.0,0.0,0.06,0.0,0.0,0.0,0.0,1.0,1.0,36791.0
0.0,1.0,10.0,5.0,0.0,0.0,0.0,0.0,0.0,0.0,0.0,0.0,0.0,237.0,1.0,1.0,0.0,0.0,0.05,0.06,0.0,255.0,12.0,0.05,0.07,0.0,0.0,1.0,1.0,0.0,1.0,24007.0
0.0,1.0,46.0,4.0,0.0,0.0,0.0,0.0,0.0,0.0,0.0,0.0,0.0,1.0,0.0,0.0,1.0,1.0,1.0,0.0,0.0,255.0,1.0,0.0,0.38,0.37,0.0,0.0,0.0,1.0,1.0,87908.0
0.0,1.0,35.0,5.0,0.0,0.0,0.0,0.0,0.0,0.0,0.0,0.0,0.0,300.0,1.0,1.0,0.0,0.0,0.02,0.06,0.0,255.0,6.0,0.02,0.07,0.0,0.0,1.0,1.0,0.0,1.0,24719.0
0.0,0.0,13.0,9.0,8.0,0.0,0.0,0.0,0.0,0.0,0.0,0.0,0.0,1.0,0.0,0.0,0.0,0.0,1.0,0.0,1.0,4.0,116.0,1.0,0.0,1.0,0.25,0.0,0.0,0.0,1.0,85134.0
0.0,1.0,3.0,5.0,0.0,0.0,0.0,0.0,0.0,0.0,0.0,0.0,0.0,240.0,1.0,1.0,0.0,0.0,0.03,0.07,0.0,255.0,7.0,0.03,0.07,0.0,0.0,1.0,1.0,0.0,1.0,59471.0
0.0,1.0,46.0,5.0,0.0,0.0,0.0,0.0,0.0,0.0,0.0,0.0,0.0,185.0,1.0,1.0,0.0,0.0,0.14,0.06,0.0,255.0,25.0,0.1,0.05,0.0,0.0,1.0,1.0,0.0,1.0,71170.0
0.0,1.0,28.0,5.0,0.0,0.0,0.0,0.0,0.0,0.0,0.0,0.0,0.0,148.0,1.0,1.0,0.0,0.0,0.13,0.05,0.0,255.0,19.0,0.07,0.06,0.0,0.0,1.0,1.0,0.0,1.0,65979.0
0.0,2.0,46.0,9.0,28.0,0.0,3.0,0.0,0.0,0.0,0.0,0.0,0.0,56.0,0.0,0.0,0.0,0.0,1.0,0.0,0.0,128.0,56.0,0.44,0.03,0.44,0.0,0.0,0.0,0.0,1.0,119171.0
0.0,1.0,36.0,5.0,0.0,0.0,0.0,0.0,0.0,0.0,0.0,0.0,0.0,272.0,1.0,1.0,0.0,0.0,0.06,0.06,0.0,255.0,16.0,0.06,0.07,0.0,0.0,1.0,1.0,0.0,1.0,41078.0
0.0,1.0,46.0,5.0,0.0,0.0,0.0,0.0,0.0,0.0,0.0,0.0,0.0,70.0,1.0,1.0,0.0,0.0,0.09,0.1,0.0,255.0,6.0,0.02,0.07,0.0,0.0,1.0,1.0,0.0,1.0,124165.0
0.0,1.0,62.0,5.0,0.0,0.0,0.0,0.0,0.0,0.0,0.0,0.0,0.0,120.0,1.0,1.0,0.0,0.0,0.08,0.06,0.0,255.0,10.0,0.04,0.05,0.0,0.0,1.0,1.0,0.0,1.0,22119.0
0.0,1.0,46.0,5.0,0.0,0.0,0.0,0.0,0.0,0.0,0.0,0.0,0.0,89.0,1.0,1.0,0.0,0.0,0.21,0.06,0.0,255.0,1.0,0.0,0.07,0.0,0.0,1.0,1.0,0.0,1.0,77295.0
0.0,1.0,46.0,5.0,0.0,0.0,0.0,0.0,0.0,0.0,0.0,0.0,0.0,55.0,1.0,1.0,0.0,0.0,0.27,0.05,0.0,255.0,3.0,0.01,0.08,0.0,0.0,1.0,1.0,0.0,1.0,90993.0
0.0,0.0,13.0,9.0,8.0,0.0,0.0,0.0,0.0,0.0,0.0,0.0,0.0,1.0,0.0,0.0,0.0,0.0,1.0,0.0,1.0,2.0,56.0,1.0,0.0,1.0,0.5,0.0,0.0,0.0,1.0,38003.0
0.0,1.0,3.0,1.0,0.0,0.0,0.0,0.0,0.0,0.0,0.0,0.0,0.0,178.0,0.0,0.0,1.0,1.0,0.11,0.07,0.0,255.0,20.0,0.08,0.06,0.0,0.0,0.0,0.0,1.0,1.0,37037.0
0.0,1.0,64.0,1.0,0.0,0.0,0.0,0.0,0.0,0.0,0.0,0.0,0.0,160.0,0.0,0.0,1.0,1.0,0.03,0.07,0.0,255.0,4.0,0.02,0.08,0.0,0.0,0.0,0.0,1.0,1.0,43552.0
0.0,1.0,57.0,2.0,0.0,0.0,0.0,0.0,0.0,0.0,0.0,0.0,0.0,246.0,0.0,0.0,1.0,1.0,0.07,0.07,0.0,255.0,18.0,0.07,0.08,0.0,0.0,0.0,0.0,1.0,1.0,115277.0
0.0,1.0,46.0,5.0,0.0,0.0,0.0,0.0,0.0,0.0,0.0,0.0,0.0,145.0,0.94,1.0,0.0,0.0,0.01,0.06,0.0,255.0,2.0,0.01,0.07,0.0,0.0,1.0,1.0,0.0,1.0,23509.0
0.0,1.0,46.0,5.0,0.0,0.0,0.0,0.0,0.0,0.0,0.0,0.0,0.0,167.0,1.0,1.0,0.0,0.0,0.06,0.06,0.0,255.0,19.0,0.07,0.06,0.0,0.0,1.0,1.0,0.0,1.0,30478.0
0.0,1.0,19.0,5.0,0.0,0.0,0.0,0.0,0.0,0.0,0.0,0.0,0.0,67.0,1.0,1.0,0.0,0.0,0.13,0.06,0.0,255.0,64.0,0.25,0.02,0.02,0.0,1.0,1.0,0.0,1.0,117488.0
0.0,1.0,46.0,1.0,0.0,0.0,0.0,0.0,0.0,0.0,0.0,0.0,0.0,104.0,0.0,0.0,1.0,1.0,0.08,0.07,0.0,255.0,8.0,0.03,0.07,0.0,0.0,0.0,0.0,1.0,1.0,123813.0
0.0,0.0,14.0,9.0,520.0,0.0,0.0,0.0,0.0,0.0,0.0,0.0,0.0,393.0,0.0,0.0,0.0,0.0,1.0,0.0,0.0,255.0,255.0,1.0,0.0,1.0,0.0,0.0,0.0,0.0,1.0,52049.0
0.0,0.0,14.0,9.0,1032.0,0.0,0.0,0.0,0.0,0.0,0.0,0.0,0.0,145.0,0.0,0.0,0.0,0.0,1.0,0.0,0.0,255.0,145.0,0.57,0.01,0.57,0.0,0.0,0.0,0.0,1.0,80956.0
0.0,1.0,65.0,5.0,0.0,0.0,0.0,0.0,0.0,0.0,0.0,0.0,0.0,106.0,1.0,1.0,0.0,0.0,0.15,0.06,0.0,255.0,4.0,0.02,0.07,0.0,0.0,1.0,1.0,0.0,1.0,27706.0
0.0,1.0,15.0,1.0,0.0,0.0,0.0,0.0,0.0,0.0,0.0,0.0,0.0,143.0,0.0,0.0,1.0,1.0,0.11,0.06,0.0,255.0,16.0,0.06,0.06,0.0,0.0,0.0,0.0,1.0,1.0,25510.0
43.0,1.0,22.0,9.0,227.0,189.0,0.0,0.0,1.0,0.0,0.0,0.0,0.0,25.0,0.0,0.0,0.0,0.0,1.0,0.0,0.0,255.0,255.0,1.0,0.0,0.0,0.0,0.0,0.0,0.0,0.0,125728.0
0.0,1.0,5.0,5.0,0.0,0.0,0.0,0.0,0.0,0.0,0.0,0.0,0.0,125.0,1.0,1.0,0.0,0.0,0.14,0.06,0.0,255.0,17.0,0.07,0.06,0.0,0.0,1.0,1.0,0.0,1.0,71263.0
0.0,1.0,33.0,5.0,0.0,0.0,0.0,0.0,0.0,0.0,0.0,0.0,0.0,281.0,1.0,1.0,0.0,0.0,0.04,0.06,0.0,255.0,11.0,0.04,0.08,0.0,0.0,1.0,1.0,0.0,1.0,11375.0
0.0,1.0,34.0,5.0,0.0,0.0,0.0,0.0,0.0,0.0,0.0,0.0,0.0,249.0,1.0,1.0,0.0,0.0,0.08,0.06,0.0,255.0,2.0,0.01,0.07,0.0,0.0,1.0,1.0,0.0,1.0,125356.0
0.0,1.0,9.0,2.0,0.0,0.0,0.0,0.0,0.0,0.0,0.0,0.0,0.0,242.0,0.0,0.0,1.0,1.0,0.02,0.06,0.0,255.0,4.0,0.02,0.07,0.0,0.0,0.0,0.0,1.0,1.0,104968.0
0.0,1.0,19.0,9.0,11.0,0.0,0.0,0.0,0.0,0.0,0.0,0.0,0.0,1.0,0.0,0.0,0.0,0.0,1.0,0.0,0.0,255.0,42.0,0.16,0.51,0.16,0.0,0.51,0.0,0.0,0.0,48920.0
0.0,0.0,13.0,9.0,8.0,0.0,0.0,0.0,0.0,0.0,0.0,0.0,0.0,1.0,0.0,0.0,0.0,0.0,1.0,0.0,1.0,2.0,56.0,1.0,0.0,1.0,0.5,0.0,0.0,0.0,1.0,58645.0
0.0,0.0,14.0,9.0,520.0,0.0,0.0,0.0,0.0,0.0,0.0,0.0,0.0,443.0,0.0,0.0,0.0,0.0,1.0,0.0,0.0,167.0,167.0,1.0,0.0,1.0,0.0,0.0,0.0,0.0,1.0,39795.0
0.0,0.0,13.0,9.0,8.0,0.0,0.0,0.0,0.0,0.0,0.0,0.0,0.0,1.0,0.0,0.0,0.0,0.0,1.0,0.0,1.0,1.0,53.0,1.0,0.0,1.0,0.51,0.0,0.0,0.0,1.0,24707.0
0.0,2.0,11.0,9.0,30.0,0.0,0.0,0.0,0.0,0.0,0.0,0.0,0.0,1.0,0.0,0.0,0.0,0.0,1.0,0.0,0.75,66.0,52.0,0.24,0.06,0.24,0.04,0.0,0.0,0.0,0.0,53575.0
0.0,1.0,17.0,5.0,0.0,0.0,0.0,0.0,0.0,0.0,0.0,0.0,0.0,4.0,1.0,1.0,0.0,0.0,0.5,0.75,0.0,255.0,42.0,0.16,0.05,0.0,0.0,1.0,1.0,0.0,1.0,15261.0
0.0,1.0,22.0,1.0,0.0,0.0,0.0,0.0,0.0,0.0,0.0,0.0,0.0,1.0,0.0,0.0,1.0,1.0,1.0,0.0,0.0,10.0,43.0,1.0,0.0,0.1,0.26,0.0,0.0,1.0,0.0,42445.0
0.0,1.0,46.0,5.0,0.0,0.0,0.0,0.0,0.0,0.0,0.0,0.0,0.0,129.0,1.0,1.0,0.0,0.0,0.05,0.06,0.0,255.0,5.0,0.02,0.06,0.0,0.0,1.0,1.0,0.0,1.0,94470.0
0.0,2.0,11.0,9.0,43.0,43.0,0.0,0.0,0.0,0.0,0.0,0.0,0.0,120.0,0.0,0.0,0.0,0.0,1.0,0.0,0.02,240.0,175.0,0.73,0.02,0.01,0.0,0.0,0.0,0.0,0.0,102959.0
0.0,1.0,46.0,5.0,0.0,0.0,0.0,0.0,0.0,0.0,0.0,0.0,0.0,154.0,1.0,1.0,0.0,0.0,0.02,0.06,0.0,255.0,18.0,0.07,0.07,0.0,0.0,1.0,1.0,0.0,1.0,71269.0
0.0,0.0,13.0,9.0,8.0,0.0,0.0,0.0,0.0,0.0,0.0,0.0,0.0,1.0,0.0,0.0,0.0,0.0,1.0,0.0,1.0,1.0,251.0,1.0,0.0,1.0,0.5,0.0,0.0,0.0,1.0,119643.0
0.0,1.0,15.0,5.0,0.0,0.0,0.0,0.0,0.0,0.0,0.0,0.0,0.0,140.0,1.0,1.0,0.0,0.0,0.1,0.06,0.0,255.0,14.0,0.05,0.06,0.0,0.0,1.0,1.0,0.0,1.0,16640.0
0.0,1.0,32.0,5.0,0.0,0.0,0.0,0.0,0.0,0.0,0.0,0.0,0.0,275.0,1.0,1.0,0.0,0.0,0.03,0.06,0.0,255.0,8.0,0.03,0.09,0.0,0.0,1.0,1.0,0.0,1.0,66022.0
4.0,1.0,46.0,4.0,0.0,0.0,0.0,0.0,0.0,0.0,0.0,0.0,0.0,110.0,0.0,0.0,1.0,1.0,0.02,0.53,0.0,255.0,2.0,0.01,0.24,0.43,0.0,0.0,0.0,1.0,1.0,34058.0
0.0,1.0,36.0,5.0,0.0,0.0,0.0,0.0,0.0,0.0,0.0,0.0,0.0,109.0,1.0,1.0,0.0,0.0,0.04,0.07,0.0,255.0,4.0,0.02,0.08,0.0,0.0,1.0,1.0,0.0,1.0,44367.0
0.0,1.0,17.0,5.0,0.0,0.0,0.0,0.0,0.0,0.0,0.0,0.0,0.0,49.0,1.0,1.0,0.0,0.0,0.27,0.08,0.0,255.0,34.0,0.13,0.05,0.01,0.0,1.0,1.0,0.0,1.0,120909.0
0.0,1.0,36.0,5.0,0.0,0.0,0.0,0.0,0.0,0.0,0.0,0.0,0.0,108.0,1.0,1.0,0.0,0.0,0.19,0.06,0.0,255.0,7.0,0.03,0.07,0.0,0.0,1.0,1.0,0.0,1.0,108932.0
0.0,1.0,46.0,4.0,0.0,0.0,0.0,0.0,0.0,0.0,0.0,0.0,0.0,1.0,0.0,0.0,1.0,1.0,1.0,0.0,0.0,238.0,1.0,0.0,0.59,0.59,0.0,0.0,0.0,1.0,1.0,32931.0
0.0,1.0,46.0,1.0,0.0,0.0,0.0,0.0,0.0,0.0,0.0,0.0,0.0,139.0,0.0,0.0,1.0,1.0,0.12,0.06,0.0,255.0,16.0,0.06,0.07,0.0,0.0,0.0,0.0,1.0,1.0,44622.0
0.0,1.0,4.0,5.0,0.0,0.0,0.0,0.0,0.0,0.0,0.0,0.0,0.0,285.0,1.0,1.0,0.0,0.0,0.05,0.05,0.0,255.0,13.0,0.05,0.05,0.0,0.0,1.0,1.0,0.0,1.0,94811.0
0.0,1.0,46.0,5.0,0.0,0.0,0.0,0.0,0.0,0.0,0.0,0.0,0.0,46.0,1.0,1.0,0.0,0.0,0.07,0.13,0.0,255.0,15.0,0.06,0.09,0.0,0.0,1.0,1.0,0.0,1.0,25684.0
0.0,1.0,10.0,5.0,0.0,0.0,0.0,0.0,0.0,0.0,0.0,0.0,0.0,221.0,1.0,1.0,0.0,0.0,0.01,0.06,0.0,255.0,3.0,0.01,0.06,0.0,0.0,1.0,1.0,0.0,1.0,23519.0
0.0,0.0,13.0,9.0,8.0,0.0,0.0,0.0,0.0,0.0,0.0,0.0,0.0,1.0,0.0,0.0,0.0,0.0,1.0,0.0,1.0,1.0,153.0,1.0,0.0,1.0,0.5,0.0,0.0,0.0,1.0,86726.0
0.0,1.0,25.0,1.0,0.0,0.0,0.0,0.0,0.0,0.0,0.0,0.0,0.0,137.0,0.0,0.0,1.0,1.0,0.13,0.06,0.0,255.0,18.0,0.07,0.07,0.0,0.0,0.0,0.0,1.0,1.0,101607.0
0.0,1.0,46.0,5.0,0.0,0.0,0.0,0.0,0.0,0.0,0.0,0.0,0.0,300.0,1.0,1.0,0.0,0.0,0.02,0.06,0.0,255.0,4.0,0.02,0.08,0.0,0.0,1.0,1.0,0.0,1.0,51005.0
0.0,1.0,46.0,5.0,0.0,0.0,0.0,0.0,0.0,0.0,0.0,0.0,0.0,146.0,1.0,1.0,0.0,0.0,0.08,0.05,0.0,255.0,2.0,0.01,0.08,0.0,0.0,1.0,1.0,0.0,1.0,19272.0
2697.0,2.0,41.0,9.0,147.0,105.0,0.0,0.0,0.0,0.0,0.0,0.0,0.0,1.0,0.0,0.0,0.0,0.0,1.0,0.0,0.0,255.0,1.0,0.0,0.83,0.99,0.0,0.0,0.0,0.0,0.0,45714.0
0.0,1.0,19.0,5.0,0.0,0.0,0.0,0.0,0.0,0.0,0.0,0.0,0.0,38.0,1.0,1.0,0.0,0.0,0.21,0.11,0.0,118.0,46.0,0.24,0.03,0.02,0.04,1.0,0.61,0.0,1.0,11061.0
0.0,1.0,46.0,4.0,0.0,0.0,0.0,0.0,0.0,0.0,0.0,0.0,0.0,1.0,0.0,0.0,1.0,1.0,1.0,0.0,0.0,255.0,1.0,0.0,0.73,1.0,0.0,0.0,0.0,1.0,1.0,15698.0
6318.0,2.0,41.0,9.0,147.0,105.0,0.0,0.0,0.0,0.0,0.0,0.0,0.0,6.0,0.0,0.0,0.0,0.0,0.33,0.5,0.0,77.0,2.0,0.03,0.52,0.86,0.0,0.0,0.0,0.0,0.0,45860.0
0.0,2.0,11.0,9.0,45.0,45.0,0.0,0.0,0.0,0.0,0.0,0.0,0.0,139.0,0.0,0.0,0.0,0.0,1.0,0.0,0.0,255.0,254.0,1.0,0.01,0.0,0.0,0.0,0.0,0.0,0.0,30573.0
0.0,1.0,23.0,5.0,0.0,0.0,0.0,0.0,0.0,0.0,0.0,0.0,0.0,123.0,1.0,1.0,0.0,0.0,0.17,0.06,0.0,255.0,21.0,0.08,0.05,0.0,0.0,1.0,1.0,0.0,1.0,86097.0
0.0,1.0,46.0,1.0,0.0,0.0,0.0,0.0,0.0,0.0,0.0,0.0,0.0,26.0,0.0,0.0,1.0,1.0,0.04,0.54,0.0,196.0,1.0,0.01,0.09,0.13,0.0,0.01,0.0,1.0,1.0,70513.0
0.0,1.0,51.0,5.0,0.0,0.0,0.0,0.0,0.0,0.0,0.0,0.0,0.0,2.0,0.5,0.5,0.0,0.0,1.0,0.0,0.0,96.0,143.0,0.32,0.06,0.03,0.01,0.01,0.01,0.0,0.0,123400.0
0.0,1.0,17.0,5.0,0.0,0.0,0.0,0.0,0.0,0.0,0.0,0.0,0.0,257.0,1.0,1.0,0.0,0.0,0.02,0.05,0.0,255.0,4.0,0.02,0.05,0.0,0.0,1.0,1.0,0.0,1.0,120769.0
0.0,0.0,13.0,9.0,8.0,0.0,0.0,0.0,0.0,0.0,0.0,0.0,0.0,1.0,0.0,0.0,0.0,0.0,1.0,0.0,1.0,2.0,84.0,1.0,0.0,1.0,0.5,0.0,0.0,0.0,1.0,46316.0
0.0,1.0,46.0,1.0,0.0,0.0,0.0,0.0,0.0,0.0,0.0,0.0,0.0,64.0,0.0,0.0,1.0,1.0,0.2,0.06,0.0,255.0,13.0,0.05,0.05,0.0,0.0,0.0,0.0,1.0,1.0,54203.0
0.0,1.0,10.0,5.0,0.0,0.0,0.0,0.0,0.0,0.0,0.0,0.0,0.0,276.0,1.0,1.0,0.0,0.0,0.03,0.06,0.0,255.0,9.0,0.04,0.07,0.0,0.0,1.0,1.0,0.0,1.0,10009.0
0.0,0.0,61.0,9.0,78.0,0.0,0.0,0.0,0.0,0.0,0.0,0.0,0.0,6.0,0.0,0.0,0.0,0.0,0.33,0.33,0.0,255.0,2.0,0.01,0.01,0.01,0.0,0.0,0.0,0.0,0.0,34645.0
0.0,1.0,63.0,1.0,0.0,0.0,0.0,0.0,0.0,0.0,0.0,0.0,0.0,261.0,0.0,0.0,1.0,1.0,0.07,0.06,0.0,255.0,19.0,0.07,0.07,0.0,0.0,0.0,0.0,1.0,1.0,9740.0
0.0,0.0,13.0,9.0,8.0,0.0,0.0,0.0,0.0,0.0,0.0,0.0,0.0,1.0,0.0,0.0,0.0,0.0,1.0,0.0,1.0,2.0,74.0,1.0,0.0,1.0,0.5,0.0,0.0,0.0,1.0,116695.0
0.0,1.0,46.0,5.0,0.0,0.0,0.0,0.0,0.0,0.0,0.0,0.0,0.0,26.0,1.0,1.0,0.0,0.0,0.04,0.19,0.0,255.0,11.0,0.04,0.08,0.0,0.0,1.0,1.0,0.0,1.0,48917.0
0.0,0.0,13.0,9.0,8.0,0.0,0.0,0.0,0.0,0.0,0.0,0.0,0.0,1.0,0.0,0.0,0.0,0.0,1.0,0.0,1.0,1.0,87.0,1.0,0.0,1.0,0.51,0.0,0.0,0.0,1.0,106684.0
0.0,2.0,46.0,9.0,1.0,1.0,0.0,0.0,0.0,0.0,0.0,0.0,0.0,12.0,0.0,0.0,0.0,0.0,0.75,0.17,0.0,255.0,9.0,0.04,0.96,0.05,0.0,0.17,0.0,0.0,1.0,1890.0
0.0,1.0,10.0,5.0,0.0,0.0,0.0,0.0,0.0,0.0,0.0,0.0,0.0,220.0,1.0,1.0,0.0,0.0,0.09,0.05,0.0,255.0,2.0,0.01,0.07,0.0,0.0,1.0,1.0,0.0,1.0,82.0
0.0,1.0,19.0,9.0,334.0,0.0,0.0,0.0,1.0,0.0,0.0,0.0,0.0,1.0,0.0,0.0,0.0,0.0,1.0,0.0,0.0,13.0,42.0,0.85,0.15,0.85,0.12,0.0,0.0,0.0,1.0,104594.0
0.0,0.0,13.0,9.0,18.0,0.0,0.0,0.0,0.0,0.0,0.0,0.0,0.0,1.0,0.0,0.0,0.0,0.0,1.0,0.0,0.0,1.0,130.0,1.0,0.0,1.0,1.0,0.0,0.0,0.0,1.0,94977.0
0.0,1.0,35.0,5.0,0.0,0.0,0.0,0.0,0.0,0.0,0.0,0.0,0.0,133.0,1.0,1.0,0.0,0.0,0.12,0.06,0.0,255.0,16.0,0.06,0.06,0.0,0.0,1.0,1.0,0.0,1.0,88154.0
0.0,1.0,56.0,5.0,0.0,0.0,0.0,0.0,0.0,0.0,0.0,0.0,0.0,295.0,1.0,1.0,0.0,0.0,0.01,0.06,0.0,255.0,2.0,0.01,0.09,0.0,0.0,1.0,1.0,0.0,1.0,17847.0
0.0,1.0,46.0,5.0,0.0,0.0,0.0,0.0,0.0,0.0,0.0,0.0,0.0,131.0,1.0,1.0,0.0,0.0,0.01,0.06,0.0,255.0,5.0,0.02,0.06,0.0,0.0,1.0,1.0,0.0,1.0,123640.0
0.0,1.0,59.0,9.0,0.0,4.0,0.0,0.0,0.0,0.0,0.0,0.0,0.0,1.0,0.0,0.0,0.0,0.0,1.0,0.0,0.0,18.0,2.0,0.06,1.0,0.06,1.0,0.0,0.0,0.0,1.0,124714.0
0.0,1.0,64.0,5.0,0.0,0.0,0.0,0.0,0.0,0.0,0.0,0.0,0.0,39.0,1.0,1.0,0.0,0.0,0.28,0.15,0.0,255.0,11.0,0.04,0.08,0.0,0.0,1.0,1.0,0.0,1.0,3342.0
0.0,1.0,2.0,1.0,0.0,0.0,0.0,0.0,0.0,0.0,0.0,0.0,0.0,201.0,0.0,0.0,1.0,1.0,0.08,0.06,0.0,255.0,17.0,0.07,0.07,0.0,0.0,0.0,0.0,1.0,1.0,37929.0
0.0,1.0,22.0,9.0,203.0,178.0,0.0,0.0,1.0,0.0,0.0,0.0,0.0,10.0,0.0,0.0,0.0,0.07,1.0,0.0,0.33,255.0,255.0,1.0,0.0,0.0,0.0,0.0,0.0,0.0,0.0,25979.0
0.0,1.0,16.0,5.0,0.0,0.0,0.0,0.0,0.0,0.0,0.0,0.0,0.0,89.0,1.0,1.0,0.0,0.0,0.07,0.08,0.0,255.0,6.0,0.02,0.06,0.0,0.0,1.0,1.0,0.0,1.0,39922.0
0.0,1.0,33.0,5.0,0.0,0.0,0.0,0.0,0.0,0.0,0.0,0.0,0.0,233.0,1.0,1.0,0.0,0.0,0.0,0.06,0.0,255.0,1.0,0.0,0.07,0.0,0.0,1.0,1.0,0.0,1.0,14.0
0.0,1.0,57.0,5.0,0.0,0.0,0.0,0.0,0.0,0.0,0.0,0.0,0.0,33.0,1.0,1.0,0.0,0.0,0.33,0.09,0.0,255.0,69.0,0.27,0.02,0.01,0.0,1.0,1.0,0.0,1.0,50953.0
0.0,0.0,14.0,9.0,1032.0,0.0,0.0,0.0,0.0,0.0,0.0,0.0,0.0,511.0,0.0,0.0,0.0,0.0,1.0,0.0,0.0,255.0,207.0,0.81,0.12,0.81,0.0,0.0,0.0,0.0,1.0,76887.0
0.0,0.0,13.0,9.0,8.0,0.0,0.0,0.0,0.0,0.0,0.0,0.0,0.0,1.0,0.0,0.0,0.0,0.0,1.0,0.0,1.0,1.0,255.0,1.0,0.0,1.0,0.5,0.0,0.0,0.0,1.0,42283.0
0.0,1.0,19.0,5.0,0.0,0.0,0.0,0.0,0.0,0.0,0.0,0.0,0.0,77.0,1.0,1.0,0.0,0.0,0.23,0.05,0.0,255.0,54.0,0.21,0.04,0.02,0.0,1.0,1.0,0.0,1.0,26619.0
1228.0,2.0,41.0,9.0,147.0,105.0,0.0,0.0,0.0,0.0,0.0,0.0,0.0,1.0,0.0,0.0,0.0,0.0,1.0,0.0,0.0,255.0,2.0,0.01,0.65,0.91,0.0,0.0,0.0,0.0,0.0,10103.0
0.0,1.0,18.0,5.0,0.0,0.0,0.0,0.0,0.0,0.0,0.0,0.0,0.0,246.0,1.0,1.0,0.0,0.0,0.05,0.06,0.0,255.0,13.0,0.05,0.07,0.0,0.0,1.0,1.0,0.0,1.0,31761.0
0.0,1.0,9.0,5.0,0.0,0.0,0.0,0.0,0.0,0.0,0.0,0.0,0.0,273.0,1.0,1.0,0.0,0.0,0.07,0.06,0.0,255.0,18.0,0.07,0.08,0.01,0.0,1.0,1.0,0.0,1.0,17049.0
0.0,1.0,51.0,5.0,0.0,0.0,0.0,0.0,0.0,0.0,0.0,0.0,0.0,2.0,0.5,0.33,0.0,0.0,1.0,0.0,0.67,204.0,152.0,0.58,0.02,0.01,0.01,0.0,0.02,0.0,0.0,21846.0
0.0,1.0,3.0,5.0,0.0,0.0,0.0,0.0,0.0,0.0,0.0,0.0,0.0,241.0,1.0,1.0,0.0,0.0,0.02,0.07,0.0,255.0,7.0,0.03,0.07,0.0,0.0,1.0,1.0,0.0,1.0,30665.0
0.0,1.0,46.0,5.0,0.0,0.0,0.0,0.0,0.0,0.0,0.0,0.0,0.0,144.0,1.0,1.0,0.0,0.0,0.13,0.06,0.0,255.0,18.0,0.07,0.06,0.0,0.0,1.0,1.0,0.0,1.0,25805.0
0.0,1.0,4.0,5.0,0.0,0.0,0.0,0.0,0.0,0.0,0.0,0.0,0.0,145.0,1.0,1.0,0.0,0.0,0.03,0.07,0.0,255.0,5.0,0.02,0.07,0.0,0.0,1.0,1.0,0.0,1.0,9358.0
0.0,1.0,41.0,9.0,59.0,0.0,0.0,0.0,1.0,0.0,0.0,0.0,0.0,23.0,0.13,0.0,0.0,0.0,0.04,0.7,0.0,132.0,1.0,0.01,0.24,0.34,0.0,0.05,0.0,0.0,0.0,79896.0
0.0,2.0,46.0,9.0,28.0,0.0,3.0,0.0,0.0,0.0,0.0,0.0,0.0,43.0,0.0,0.0,0.0,0.0,1.0,0.0,0.0,255.0,43.0,0.17,0.01,0.17,0.0,0.0,0.0,0.0,1.0,8441.0
0.0,0.0,14.0,9.0,1032.0,0.0,0.0,0.0,0.0,0.0,0.0,0.0,0.0,511.0,0.0,0.0,0.0,0.0,1.0,0.0,0.0,204.0,59.0,0.29,0.01,0.29,0.0,0.0,0.0,0.0,1.0,67351.0
0.0,0.0,13.0,9.0,8.0,0.0,0.0,0.0,0.0,0.0,0.0,0.0,0.0,1.0,0.0,0.0,0.0,0.0,1.0,0.0,1.0,2.0,58.0,1.0,0.0,1.0,0.5,0.0,0.0,0.0,1.0,28810.0
0.0,1.0,46.0,1.0,0.0,0.0,0.0,0.0,0.0,0.0,0.0,0.0,0.0,248.0,0.0,0.0,1.0,1.0,0.06,0.06,0.0,255.0,14.0,0.05,0.07,0.0,0.0,0.0,0.0,1.0,1.0,17729.0
0.0,0.0,13.0,9.0,8.0,0.0,0.0,0.0,0.0,0.0,0.0,0.0,0.0,1.0,0.0,0.0,0.0,0.0,1.0,0.0,1.0,2.0,186.0,1.0,0.0,1.0,0.25,0.0,0.0,0.0,1.0,84184.0
0.0,1.0,30.0,5.0,0.0,0.0,0.0,0.0,0.0,0.0,0.0,0.0,0.0,150.0,1.0,1.0,0.0,0.0,0.01,0.06,0.0,255.0,1.0,0.0,0.07,0.0,0.0,1.0,1.0,0.0,1.0,48487.0
0.0,1.0,36.0,5.0,0.0,0.0,0.0,0.0,0.0,0.0,0.0,0.0,0.0,145.0,1.0,1.0,0.0,0.0,0.14,0.06,0.0,255.0,20.0,0.08,0.07,0.0,0.0,1.0,1.0,0.0,1.0,30848.0
0.0,1.0,46.0,5.0,0.0,0.0,0.0,0.0,0.0,0.0,0.0,0.0,0.0,138.0,1.0,1.0,0.0,0.0,0.14,0.07,0.0,255.0,20.0,0.08,0.06,0.0,0.0,1.0,1.0,0.0,1.0,91747.0
0.0,1.0,36.0,5.0,0.0,0.0,0.0,0.0,0.0,0.0,0.0,0.0,0.0,289.0,1.0,1.0,0.0,0.0,0.02,0.06,0.0,255.0,9.0,0.04,0.08,0.0,0.0,1.0,1.0,0.0,1.0,116138.0
0.0,1.0,4.0,5.0,0.0,0.0,0.0,0.0,0.0,0.0,0.0,0.0,0.0,288.0,1.0,1.0,0.0,0.0,0.09,0.05,0.0,255.0,25.0,0.1,0.05,0.0,0.0,1.0,1.0,0.0,1.0,122839.0
0.0,1.0,12.0,5.0,0.0,0.0,0.0,0.0,0.0,0.0,0.0,0.0,0.0,212.0,1.0,1.0,0.0,0.0,0.01,0.06,0.0,255.0,18.0,0.07,0.06,0.0,0.0,1.0,1.0,0.0,1.0,50214.0
0.0,1.0,39.0,5.0,0.0,0.0,0.0,0.0,0.0,0.0,0.0,0.0,0.0,130.0,1.0,1.0,0.0,0.0,0.14,0.07,0.0,255.0,18.0,0.07,0.07,0.0,0.0,1.0,1.0,0.0,1.0,63684.0
0.0,0.0,13.0,9.0,18.0,0.0,0.0,0.0,0.0,0.0,0.0,0.0,0.0,1.0,0.0,0.0,0.0,0.0,1.0,0.0,0.0,2.0,126.0,1.0,0.0,1.0,0.25,0.0,0.0,0.0,1.0,91876.0
0.0,2.0,11.0,9.0,44.0,44.0,0.0,0.0,0.0,0.0,0.0,0.0,0.0,111.0,0.0,0.0,0.0,0.0,1.0,0.0,0.0,255.0,255.0,1.0,0.0,0.0,0.0,0.0,0.0,0.0,0.0,121843.0
0.0,1.0,57.0,5.0,0.0,0.0,0.0,0.0,0.0,0.0,0.0,0.0,0.0,31.0,1.0,1.0,0.0,0.0,0.35,0.06,0.0,255.0,11.0,0.04,0.07,0.01,0.0,1.0,1.0,0.0,1.0,788.0
0.0,1.0,53.0,5.0,0.0,0.0,0.0,0.0,0.0,0.0,0.0,0.0,0.0,117.0,1.0,1.0,0.0,0.0,0.02,0.07,0.0,255.0,22.0,0.09,0.07,0.0,0.0,1.0,1.0,0.0,1.0,13608.0
0.0,1.0,46.0,5.0,0.0,0.0,0.0,0.0,0.0,0.0,0.0,0.0,0.0,113.0,1.0,1.0,0.0,0.0,0.08,0.06,0.0,255.0,3.0,0.01,0.06,0.0,0.0,1.0,1.0,0.0,1.0,93951.0
0.0,0.0,61.0,9.0,88.0,0.0,0.0,0.0,0.0,0.0,0.0,0.0,0.0,7.0,0.0,0.0,0.0,0.0,0.14,0.29,0.67,255.0,16.0,0.06,0.01,0.06,0.0,0.0,0.0,0.0,0.0,116565.0
0.0,1.0,46.0,5.0,0.0,0.0,0.0,0.0,0.0,0.0,0.0,0.0,0.0,281.0,1.0,1.0,0.0,0.0,0.05,0.06,0.0,255.0,32.0,0.13,0.07,0.0,0.0,1.0,1.0,0.0,1.0,28692.0
0.0,1.0,56.0,5.0,0.0,0.0,0.0,0.0,0.0,0.0,0.0,0.0,0.0,234.0,1.0,1.0,0.0,0.0,0.02,0.06,0.0,255.0,5.0,0.02,0.07,0.0,0.0,1.0,1.0,0.0,1.0,80091.0
0.0,1.0,18.0,5.0,0.0,0.0,0.0,0.0,0.0,0.0,0.0,0.0,0.0,46.0,1.0,1.0,0.0,0.0,0.09,0.13,0.0,255.0,4.0,0.02,0.09,0.0,0.0,1.0,1.0,0.0,1.0,80263.0
0.0,1.0,9.0,5.0,0.0,0.0,0.0,0.0,0.0,0.0,0.0,0.0,0.0,275.0,1.0,1.0,0.0,0.0,0.05,0.05,0.0,255.0,13.0,0.05,0.05,0.0,0.0,1.0,1.0,0.0,1.0,104737.0
0.0,1.0,30.0,5.0,0.0,0.0,0.0,0.0,0.0,0.0,0.0,0.0,0.0,159.0,1.0,1.0,0.0,0.0,0.02,0.08,0.0,255.0,3.0,0.01,0.07,0.0,0.0,1.0,1.0,0.0,1.0,68262.0
0.0,1.0,2.0,5.0,0.0,0.0,0.0,0.0,0.0,0.0,0.0,0.0,0.0,280.0,1.0,1.0,0.0,0.0,0.06,0.06,0.0,255.0,17.0,0.07,0.07,0.0,0.0,1.0,1.0,0.0,1.0,75738.0
0.0,1.0,46.0,4.0,0.0,0.0,0.0,0.0,0.0,0.0,0.0,0.0,0.0,1.0,0.0,0.0,1.0,1.0,1.0,0.0,0.0,104.0,1.0,0.01,0.1,0.06,0.0,0.0,0.0,1.0,1.0,84811.0
0.0,1.0,57.0,5.0,0.0,0.0,0.0,0.0,0.0,0.0,0.0,0.0,0.0,9.0,1.0,1.0,0.0,0.0,0.33,0.44,0.0,255.0,43.0,0.17,0.05,0.0,0.0,1.0,1.0,0.0,1.0,82331.0
0.0,1.0,46.0,5.0,0.0,0.0,0.0,0.0,0.0,0.0,0.0,0.0,0.0,286.0,1.0,1.0,0.0,0.0,0.05,0.05,0.0,255.0,13.0,0.05,0.05,0.0,0.0,1.0,1.0,0.0,1.0,122669.0
0.0,1.0,57.0,5.0,0.0,0.0,0.0,0.0,0.0,0.0,0.0,0.0,0.0,275.0,1.0,1.0,0.0,0.0,0.09,0.05,0.0,255.0,25.0,0.1,0.05,0.0,0.0,1.0,1.0,0.0,1.0,121287.0
0.0,1.0,46.0,5.0,0.0,0.0,0.0,0.0,0.0,0.0,0.0,0.0,0.0,282.0,1.0,1.0,0.0,0.0,0.04,0.06,0.0,255.0,13.0,0.05,0.06,0.0,0.0,1.0,1.0,0.0,1.0,98592.0
0.0,1.0,32.0,5.0,0.0,0.0,0.0,0.0,0.0,0.0,0.0,0.0,0.0,249.0,1.0,1.0,0.0,0.0,0.02,0.06,0.0,255.0,4.0,0.02,0.08,0.0,0.0,1.0,1.0,0.0,1.0,84405.0
0.0,1.0,55.0,5.0,0.0,0.0,0.0,0.0,0.0,0.0,0.0,0.0,0.0,122.0,1.0,1.0,0.0,0.0,0.13,0.07,0.0,255.0,16.0,0.06,0.06,0.0,0.0,1.0,1.0,0.0,1.0,85573.0
0.0,1.0,21.0,5.0,0.0,0.0,0.0,0.0,0.0,0.0,0.0,0.0,0.0,280.0,1.0,1.0,0.0,0.0,0.06,0.06,0.0,255.0,17.0,0.07,0.09,0.0,0.0,1.0,1.0,0.0,1.0,34163.0
0.0,1.0,19.0,5.0,0.0,0.0,0.0,0.0,0.0,0.0,0.0,0.0,0.0,478.0,0.08,0.14,0.9,0.86,0.05,0.95,0.0,255.0,21.0,0.08,0.92,0.0,0.0,0.09,0.14,0.86,1.0,91528.0
0.0,1.0,46.0,5.0,0.0,0.0,0.0,0.0,0.0,0.0,0.0,0.0,0.0,282.0,1.0,1.0,0.0,0.0,0.09,0.05,0.0,255.0,25.0,0.1,0.07,0.0,0.0,1.0,1.0,0.0,1.0,7675.0
0.0,1.0,46.0,5.0,0.0,0.0,0.0,0.0,0.0,0.0,0.0,0.0,0.0,98.0,1.0,1.0,0.0,0.0,0.07,0.06,0.0,255.0,4.0,0.02,0.07,0.0,0.0,1.0,1.0,0.0,1.0,54256.0
3.0,1.0,46.0,1.0,0.0,0.0,0.0,0.0,0.0,0.0,0.0,0.0,0.0,235.0,0.04,0.0,0.94,1.0,0.0,1.0,0.0,255.0,1.0,0.0,0.94,0.0,0.0,0.04,0.0,1.0,1.0,21338.0
731.0,1.0,41.0,4.0,1.0,0.0,0.0,0.0,0.0,0.0,0.0,0.0,0.0,2.0,0.0,0.0,1.0,1.0,1.0,0.0,0.0,255.0,2.0,0.01,0.73,1.0,0.0,0.0,0.0,1.0,1.0,125262.0
0.0,1.0,35.0,5.0,0.0,0.0,0.0,0.0,0.0,0.0,0.0,0.0,0.0,1.0,1.0,1.0,0.0,0.0,1.0,0.0,0.0,255.0,1.0,0.0,0.07,0.0,0.0,1.0,1.0,0.0,1.0,87287.0
0.0,0.0,14.0,9.0,1032.0,0.0,0.0,0.0,0.0,0.0,0.0,0.0,0.0,426.0,0.0,0.0,0.0,0.0,1.0,0.0,0.0,255.0,255.0,1.0,0.0,1.0,0.0,0.0,0.0,0.0,1.0,101787.0
0.0,0.0,13.0,9.0,8.0,0.0,0.0,0.0,0.0,0.0,0.0,0.0,0.0,1.0,0.0,0.0,0.0,0.0,1.0,0.0,1.0,1.0,73.0,1.0,0.0,1.0,0.26,0.0,0.0,0.0,1.0,40700.0
0.0,1.0,46.0,5.0,0.0,0.0,0.0,0.0,0.0,0.0,0.0,0.0,0.0,124.0,1.0,1.0,0.0,0.0,0.02,0.06,0.0,255.0,2.0,0.01,0.07,0.0,0.0,1.0,1.0,0.0,1.0,37259.0
0.0,0.0,13.0,9.0,8.0,0.0,0.0,0.0,0.0,0.0,0.0,0.0,0.0,1.0,0.0,0.0,0.0,0.0,1.0,0.0,1.0,2.0,222.0,1.0,0.0,1.0,0.25,0.0,0.0,0.0,1.0,82108.0
0.0,1.0,23.0,1.0,0.0,0.0,0.0,0.0,0.0,0.0,0.0,0.0,0.0,107.0,0.0,0.0,1.0,1.0,0.15,0.07,0.0,255.0,16.0,0.06,0.07,0.0,0.0,0.0,0.0,1.0,1.0,106159.0
0.0,1.0,46.0,5.0,0.0,0.0,0.0,0.0,0.0,0.0,0.0,0.0,0.0,178.0,1.0,1.0,0.0,0.0,0.03,0.07,0.0,255.0,5.0,0.02,0.06,0.0,0.0,1.0,1.0,0.0,1.0,91601.0
0.0,1.0,46.0,1.0,0.0,0.0,0.0,0.0,0.0,0.0,0.0,0.0,0.0,511.0,0.07,0.0,0.92,1.0,0.0,1.0,0.0,255.0,1.0,0.0,1.0,0.0,0.0,0.11,0.0,1.0,1.0,63185.0
0.0,2.0,46.0,9.0,28.0,0.0,3.0,0.0,0.0,0.0,0.0,0.0,0.0,27.0,0.0,0.0,0.0,0.0,1.0,0.0,0.0,99.0,27.0,0.27,0.04,0.27,0.0,0.0,0.0,0.0,1.0,91897.0
0.0,1.0,35.0,1.0,0.0,0.0,0.0,0.0,0.0,0.0,0.0,0.0,0.0,209.0,0.0,0.0,1.0,1.0,0.02,0.06,0.0,255.0,5.0,0.02,0.06,0.0,0.0,0.0,0.0,1.0,1.0,42604.0
0.0,0.0,13.0,9.0,30.0,0.0,0.0,0.0,0.0,0.0,0.0,0.0,0.0,2.0,0.0,0.0,0.0,0.0,1.0,0.0,0.0,255.0,4.0,0.02,0.01,0.07,0.0,0.0,0.0,0.0,0.0,23195.0
0.0,1.0,46.0,1.0,0.0,0.0,0.0,0.0,0.0,0.0,0.0,0.0,0.0,271.0,0.0,0.0,1.0,1.0,0.03,0.07,0.0,255.0,7.0,0.03,0.08,0.0,0.0,0.0,0.0,1.0,1.0,72981.0
0.0,1.0,46.0,5.0,0.0,0.0,0.0,0.0,0.0,0.0,0.0,0.0,0.0,290.0,1.0,1.0,0.0,0.0,0.04,0.06,0.0,255.0,4.0,0.02,0.07,0.0,0.0,1.0,1.0,0.0,1.0,121863.0
0.0,1.0,46.0,5.0,0.0,0.0,0.0,0.0,0.0,0.0,0.0,0.0,0.0,216.0,1.0,1.0,0.0,0.0,0.07,0.06,0.0,255.0,16.0,0.06,0.08,0.0,0.0,1.0,1.0,0.0,1.0,85697.0
0.0,1.0,59.0,5.0,0.0,0.0,0.0,0.0,0.0,0.0,0.0,0.0,0.0,262.0,1.0,1.0,0.0,0.0,0.02,0.06,0.0,255.0,5.0,0.02,0.07,0.0,0.0,1.0,1.0,0.0,1.0,60743.0
0.0,2.0,46.0,9.0,28.0,0.0,3.0,0.0,0.0,0.0,0.0,0.0,0.0,152.0,0.66,0.0,0.0,0.0,0.34,0.05,0.0,255.0,52.0,0.2,0.8,0.2,0.0,0.09,0.0,0.0,1.0,119018.0
0.0,1.0,46.0,5.0,0.0,0.0,0.0,0.0,0.0,0.0,0.0,0.0,0.0,180.0,1.0,1.0,0.0,0.0,0.02,0.06,0.0,255.0,19.0,0.07,0.07,0.0,0.0,1.0,1.0,0.0,1.0,72812.0
0.0,1.0,46.0,5.0,0.0,0.0,0.0,0.0,0.0,0.0,0.0,0.0,0.0,166.0,1.0,1.0,0.0,0.0,0.07,0.06,0.0,255.0,12.0,0.05,0.06,0.0,0.0,1.0,1.0,0.0,1.0,92365.0
0.0,1.0,46.0,1.0,0.0,0.0,0.0,0.0,0.0,0.0,0.0,0.0,0.0,247.0,0.0,0.0,1.0,1.0,0.04,0.07,0.0,255.0,10.0,0.04,0.07,0.0,0.0,0.0,0.0,1.0,1.0,76018.0
0.0,1.0,30.0,5.0,0.0,0.0,0.0,0.0,0.0,0.0,0.0,0.0,0.0,287.0,1.0,1.0,0.0,0.0,0.06,0.06,0.0,255.0,18.0,0.07,0.08,0.0,0.0,1.0,1.0,0.0,1.0,73938.0
0.0,1.0,57.0,5.0,0.0,0.0,0.0,0.0,0.0,0.0,0.0,0.0,0.0,300.0,1.0,1.0,0.0,0.0,0.06,0.05,0.0,255.0,19.0,0.07,0.05,0.0,0.0,1.0,1.0,0.0,1.0,112477.0
0.0,0.0,14.0,9.0,1032.0,0.0,0.0,0.0,0.0,0.0,0.0,0.0,0.0,511.0,0.0,0.0,0.0,0.0,1.0,0.0,0.0,255.0,45.0,0.18,0.21,0.18,0.0,0.0,0.0,0.0,1.0,23299.0
0.0,0.0,13.0,9.0,8.0,0.0,0.0,0.0,0.0,0.0,0.0,0.0,0.0,1.0,0.0,0.0,0.0,0.0,1.0,0.0,1.0,1.0,23.0,1.0,0.0,1.0,0.52,0.0,0.0,0.0,1.0,98373.0
0.0,1.0,9.0,5.0,0.0,0.0,0.0,0.0,0.0,0.0,0.0,0.0,0.0,123.0,1.0,1.0,0.0,0.0,0.12,0.06,0.0,255.0,9.0,0.04,0.06,0.0,0.0,1.0,1.0,0.0,1.0,82895.0
0.0,1.0,27.0,5.0,0.0,0.0,0.0,0.0,0.0,0.0,0.0,0.0,0.0,5.0,1.0,1.0,0.0,0.0,1.0,0.0,0.0,255.0,5.0,0.02,0.07,0.0,0.0,1.0,1.0,0.0,1.0,47916.0
0.0,1.0,10.0,5.0,0.0,0.0,0.0,0.0,0.0,0.0,0.0,0.0,0.0,120.0,1.0,1.0,0.0,0.0,0.21,0.06,0.0,255.0,10.0,0.04,0.07,0.0,0.0,1.0,1.0,0.0,1.0,36850.0
0.0,1.0,37.0,5.0,0.0,0.0,0.0,0.0,0.0,0.0,0.0,0.0,0.0,286.0,1.0,1.0,0.0,0.0,0.08,0.05,0.0,255.0,24.0,0.09,0.05,0.0,0.0,1.0,1.0,0.0,1.0,83694.0
0.0,1.0,46.0,5.0,0.0,0.0,0.0,0.0,0.0,0.0,0.0,0.0,0.0,87.0,1.0,1.0,0.0,0.0,0.01,0.07,0.0,255.0,15.0,0.06,0.07,0.0,0.0,1.0,1.0,0.0,1.0,51992.0
0.0,1.0,52.0,10.0,0.0,0.0,0.0,0.0,0.0,0.0,0.0,0.0,0.0,1.0,1.0,1.0,0.0,0.0,1.0,0.0,0.0,255.0,1.0,0.0,1.0,1.0,0.0,1.0,1.0,0.0,1.0,254.0
0.0,1.0,46.0,5.0,0.0,0.0,0.0,0.0,0.0,0.0,0.0,0.0,0.0,167.0,1.0,1.0,0.0,0.0,0.1,0.06,0.0,255.0,5.0,0.02,0.07,0.0,0.0,1.0,1.0,0.0,1.0,41103.0
0.0,2.0,11.0,9.0,43.0,83.0,0.0,0.0,0.0,0.0,0.0,0.0,0.0,102.0,0.0,0.0,0.0,0.0,0.99,0.02,0.02,255.0,254.0,1.0,0.01,0.0,0.0,0.0,0.0,0.0,0.0,62939.0
0.0,1.0,55.0,5.0,0.0,0.0,0.0,0.0,0.0,0.0,0.0,0.0,0.0,92.0,1.0,1.0,0.0,0.0,0.08,0.08,0.0,255.0,7.0,0.03,0.08,0.0,0.0,1.0,1.0,0.0,1.0,29363.0
37592.0,1.0,46.0,4.0,1.0,0.0,0.0,0.0,0.0,0.0,0.0,0.0,0.0,2.0,0.0,0.0,1.0,1.0,1.0,0.0,0.0,255.0,2.0,0.01,0.5,1.0,0.0,0.0,0.0,1.0,1.0,109612.0
0.0,1.0,62.0,2.0,0.0,0.0,0.0,0.0,0.0,0.0,0.0,0.0,0.0,112.0,0.0,0.0,1.0,1.0,0.05,0.07,0.0,255.0,6.0,0.02,0.06,0.0,0.0,0.0,0.0,1.0,1.0,39948.0
0.0,1.0,31.0,5.0,0.0,0.0,0.0,0.0,0.0,0.0,0.0,0.0,0.0,140.0,1.0,1.0,0.0,0.0,0.02,0.05,0.0,255.0,3.0,0.01,0.05,0.0,0.0,1.0,1.0,0.0,1.0,1431.0
0.0,1.0,46.0,5.0,0.0,0.0,0.0,0.0,0.0,0.0,0.0,0.0,0.0,42.0,1.0,1.0,0.0,0.0,0.29,0.1,0.0,255.0,12.0,0.05,0.08,0.0,0.0,1.0,1.0,0.0,1.0,95205.0
0.0,1.0,27.0,1.0,0.0,0.0,0.0,0.0,0.0,0.0,0.0,0.0,0.0,107.0,0.0,0.0,1.0,1.0,0.07,0.07,0.0,255.0,7.0,0.03,0.07,0.0,0.0,0.0,0.0,1.0,1.0,28476.0
0.0,1.0,46.0,1.0,0.0,0.0,0.0,0.0,0.0,0.0,0.0,0.0,0.0,1.0,0.0,0.0,1.0,1.0,1.0,0.0,0.0,39.0,2.0,0.03,1.0,0.03,1.0,0.0,0.0,1.0,1.0,6730.0
0.0,1.0,19.0,5.0,0.0,0.0,0.0,0.0,0.0,0.0,0.0,0.0,0.0,73.0,1.0,1.0,0.0,0.0,0.18,0.05,0.0,255.0,33.0,0.13,0.06,0.01,0.0,1.0,1.0,0.0,1.0,94805.0
0.0,1.0,4.0,5.0,0.0,0.0,0.0,0.0,0.0,0.0,0.0,0.0,0.0,271.0,1.0,1.0,0.0,0.0,0.03,0.06,0.0,255.0,9.0,0.04,0.07,0.0,0.0,1.0,1.0,0.0,1.0,104662.0
0.0,1.0,19.0,9.0,26.0,0.0,0.0,0.0,0.0,0.0,0.0,0.0,0.0,2.0,0.0,0.0,0.0,0.0,1.0,0.0,0.0,238.0,72.0,0.3,0.02,0.3,0.0,0.0,0.0,0.0,0.0,26611.0
0.0,1.0,46.0,1.0,0.0,0.0,0.0,0.0,0.0,0.0,0.0,0.0,0.0,311.0,0.07,0.0,0.89,1.0,0.0,1.0,0.0,255.0,1.0,0.0,1.0,0.0,0.0,0.08,0.0,1.0,1.0,32481.0
0.0,1.0,63.0,5.0,0.0,0.0,0.0,0.0,0.0,0.0,0.0,0.0,0.0,253.0,1.0,1.0,0.0,0.0,0.07,0.06,0.0,255.0,18.0,0.07,0.07,0.0,0.0,1.0,1.0,0.0,1.0,57230.0
0.0,1.0,3.0,5.0,0.0,0.0,0.0,0.0,0.0,0.0,0.0,0.0,0.0,291.0,1.0,1.0,0.0,0.0,0.04,0.05,0.0,255.0,5.0,0.02,0.07,0.0,0.0,1.0,1.0,0.0,1.0,71829.0
0.0,1.0,46.0,1.0,0.0,0.0,0.0,0.0,0.0,0.0,0.0,0.0,0.0,147.0,0.0,0.0,1.0,1.0,0.12,0.05,0.0,255.0,11.0,0.04,0.07,0.0,0.0,0.0,0.0,1.0,1.0,88082.0
5595.0,2.0,41.0,9.0,146.0,105.0,0.0,0.0,0.0,0.0,0.0,0.0,0.0,1.0,0.0,0.0,0.0,0.0,1.0,0.0,0.0,255.0,1.0,0.0,0.66,1.0,0.0,0.0,0.0,0.0,0.0,123449.0
0.0,1.0,46.0,1.0,0.0,0.0,0.0,0.0,0.0,0.0,0.0,0.0,0.0,259.0,0.0,0.0,1.0,1.0,0.02,0.07,0.0,255.0,4.0,0.02,0.06,0.0,0.0,0.0,0.0,1.0,1.0,123781.0
0.0,1.0,30.0,1.0,0.0,0.0,0.0,0.0,0.0,0.0,0.0,0.0,0.0,252.0,0.0,0.0,1.0,1.0,0.05,0.07,0.0,255.0,13.0,0.05,0.07,0.0,0.0,0.0,0.0,1.0,1.0,6373.0
0.0,1.0,55.0,5.0,0.0,0.0,0.0,0.0,0.0,0.0,0.0,0.0,0.0,169.0,1.0,1.0,0.0,0.0,0.04,0.07,0.0,255.0,7.0,0.03,0.07,0.0,0.0,1.0,1.0,0.0,1.0,117009.0
0.0,1.0,5.0,5.0,0.0,0.0,0.0,0.0,0.0,0.0,0.0,0.0,0.0,146.0,1.0,1.0,0.0,0.0,0.15,0.05,0.0,255.0,22.0,0.09,0.06,0.0,0.0,1.0,1.0,0.0,1.0,121531.0
0.0,0.0,14.0,9.0,1032.0,0.0,0.0,0.0,0.0,0.0,0.0,0.0,0.0,379.0,0.0,0.0,0.0,0.0,1.0,0.0,0.0,255.0,255.0,1.0,0.0,1.0,0.0,0.0,0.0,0.0,1.0,98273.0
0.0,1.0,26.0,5.0,0.0,0.0,0.0,0.0,0.0,0.0,0.0,0.0,0.0,237.0,1.0,1.0,0.0,0.0,0.02,0.06,0.0,255.0,4.0,0.02,0.07,0.0,0.0,1.0,1.0,0.0,1.0,61134.0
0.0,0.0,13.0,9.0,8.0,0.0,0.0,0.0,0.0,0.0,0.0,0.0,0.0,1.0,0.0,0.0,0.0,0.0,1.0,0.0,1.0,2.0,160.0,1.0,0.0,1.0,0.5,0.0,0.0,0.0,1.0,34656.0
0.0,1.0,46.0,5.0,0.0,0.0,0.0,0.0,0.0,0.0,0.0,0.0,0.0,89.0,1.0,1.0,0.0,0.0,0.19,0.06,0.0,255.0,2.0,0.01,0.08,0.0,0.0,1.0,1.0,0.0,1.0,1034.0
0.0,1.0,5.0,5.0,0.0,0.0,0.0,0.0,0.0,0.0,0.0,0.0,0.0,140.0,1.0,1.0,0.0,0.0,0.14,0.06,0.0,255.0,19.0,0.07,0.06,0.0,0.0,1.0,1.0,0.0,1.0,78111.0
4112.0,2.0,41.0,9.0,146.0,105.0,0.0,0.0,0.0,0.0,0.0,0.0,0.0,2.0,0.0,0.0,0.0,0.0,1.0,0.0,0.0,255.0,2.0,0.01,0.83,0.98,0.0,0.0,0.0,0.0,0.0,36028.0
0.0,1.0,65.0,5.0,0.0,0.0,0.0,0.0,0.0,0.0,0.0,0.0,0.0,140.0,1.0,1.0,0.0,0.0,0.14,0.06,0.0,255.0,19.0,0.07,0.05,0.0,0.0,1.0,1.0,0.0,1.0,38711.0
0.0,1.0,46.0,5.0,0.0,0.0,0.0,0.0,0.0,0.0,0.0,0.0,0.0,122.0,1.0,1.0,0.0,0.0,0.04,0.07,0.0,52.0,16.0,0.31,0.13,0.02,0.0,1.0,1.0,0.0,1.0,45885.0
0.0,1.0,64.0,1.0,0.0,0.0,0.0,0.0,0.0,0.0,0.0,0.0,0.0,209.0,0.0,0.0,1.0,1.0,0.02,0.07,0.0,255.0,5.0,0.02,0.07,0.0,0.0,0.0,0.0,1.0,1.0,16017.0
0.0,1.0,32.0,5.0,0.0,0.0,0.0,0.0,0.0,0.0,0.0,0.0,0.0,268.0,1.0,1.0,0.0,0.0,0.02,0.06,0.0,255.0,5.0,0.02,0.09,0.0,0.0,1.0,1.0,0.0,1.0,14656.0
0.0,1.0,63.0,5.0,0.0,0.0,0.0,0.0,0.0,0.0,0.0,0.0,0.0,202.0,1.0,1.0,0.0,0.0,0.0,0.06,0.0,255.0,1.0,0.0,0.07,0.0,0.0,1.0,1.0,0.0,1.0,30938.0
0.0,1.0,9.0,5.0,0.0,0.0,0.0,0.0,0.0,0.0,0.0,0.0,0.0,6.0,1.0,1.0,0.0,0.0,0.33,0.33,0.0,255.0,2.0,0.01,0.08,0.0,0.0,1.0,1.0,0.0,1.0,96342.0
0.0,1.0,46.0,5.0,0.0,0.0,0.0,0.0,0.0,0.0,0.0,0.0,0.0,125.0,1.0,1.0,0.0,0.0,0.06,0.06,0.0,255.0,26.0,0.1,0.05,0.0,0.0,1.0,1.0,0.0,1.0,72493.0
0.0,2.0,46.0,9.0,1.0,0.0,0.0,0.0,0.0,0.0,0.0,0.0,0.0,27.0,0.0,0.0,0.0,0.0,0.22,0.11,0.0,255.0,6.0,0.02,0.88,0.13,0.0,0.11,0.0,0.0,1.0,42488.0
0.0,1.0,19.0,9.0,71.0,0.0,0.0,0.0,0.0,0.0,0.0,0.0,0.0,1.0,0.0,0.0,0.0,0.0,1.0,0.0,0.0,98.0,102.0,0.36,0.04,0.36,0.02,0.0,0.0,0.0,0.0,8656.0
0.0,0.0,13.0,9.0,8.0,0.0,0.0,0.0,0.0,0.0,0.0,0.0,0.0,1.0,0.0,0.0,0.0,0.0,1.0,0.0,1.0,1.0,13.0,1.0,0.0,1.0,0.54,0.0,0.0,0.0,1.0,103429.0
0.0,1.0,33.0,5.0,0.0,0.0,0.0,0.0,0.0,0.0,0.0,0.0,0.0,198.0,1.0,1.0,0.0,0.0,0.1,0.06,0.0,255.0,20.0,0.08,0.07,0.0,0.0,1.0,1.0,0.0,1.0,113666.0
2638.0,2.0,41.0,9.0,146.0,105.0,0.0,0.0,0.0,0.0,0.0,0.0,0.0,1.0,0.0,0.0,0.0,0.0,1.0,0.0,0.0,255.0,1.0,0.0,0.84,1.0,0.0,0.0,0.0,0.0,0.0,97794.0
0.0,1.0,30.0,5.0,0.0,0.0,0.0,0.0,0.0,0.0,0.0,0.0,0.0,190.0,1.0,1.0,0.0,0.0,0.09,0.07,0.0,255.0,18.0,0.07,0.06,0.0,0.0,1.0,1.0,0.0,1.0,16602.0
0.0,0.0,14.0,9.0,1032.0,0.0,0.0,0.0,0.0,0.0,0.0,0.0,0.0,511.0,0.0,0.0,0.0,0.0,1.0,0.0,0.0,255.0,224.0,0.88,0.01,0.88,0.0,0.0,0.0,0.0,1.0,72139.0
0.0,1.0,22.0,1.0,0.0,0.0,0.0,0.0,0.0,0.0,0.0,0.0,0.0,1.0,0.0,0.0,1.0,1.0,1.0,0.0,0.0,160.0,129.0,0.81,0.03,0.01,0.0,0.0,0.0,1.0,0.0,52306.0
0.0,2.0,46.0,9.0,1.0,0.0,0.0,0.0,0.0,0.0,0.0,0.0,0.0,18.0,0.0,0.0,0.0,0.0,0.22,0.17,0.0,255.0,53.0,0.21,0.31,0.89,0.0,0.0,0.0,0.0,1.0,112509.0
0.0,2.0,46.0,9.0,28.0,0.0,3.0,0.0,0.0,0.0,0.0,0.0,0.0,79.0,0.0,0.0,0.0,0.0,1.0,0.0,0.0,255.0,79.0,0.31,0.64,0.31,0.0,0.01,0.0,0.0,1.0,63963.0
0.0,1.0,46.0,1.0,0.0,0.0,0.0,0.0,0.0,0.0,0.0,0.0,0.0,214.0,0.06,0.0,0.88,1.0,0.0,1.0,0.0,255.0,1.0,0.0,0.85,0.0,0.0,0.05,0.0,1.0,1.0,110582.0
0.0,0.0,13.0,9.0,8.0,0.0,0.0,0.0,0.0,0.0,0.0,0.0,0.0,1.0,0.0,0.0,0.0,0.0,1.0,0.0,1.0,2.0,96.0,1.0,0.0,1.0,0.5,0.0,0.0,0.0,1.0,39692.0
0.0,1.0,46.0,5.0,0.0,0.0,0.0,0.0,0.0,0.0,0.0,0.0,0.0,267.0,1.0,1.0,0.0,0.0,0.07,0.07,0.0,255.0,18.0,0.07,0.08,0.0,0.0,1.0,1.0,0.0,1.0,11067.0
0.0,1.0,46.0,5.0,0.0,0.0,0.0,0.0,0.0,0.0,0.0,0.0,0.0,141.0,1.0,1.0,0.0,0.0,0.09,0.06,0.0,255.0,10.0,0.04,0.06,0.01,0.0,1.0,1.0,0.0,1.0,80504.0
0.0,1.0,6.0,5.0,0.0,0.0,0.0,0.0,0.0,0.0,0.0,0.0,0.0,259.0,1.0,1.0,0.0,0.0,0.03,0.07,0.0,255.0,8.0,0.03,0.08,0.0,0.0,1.0,1.0,0.0,1.0,122.0
0.0,1.0,31.0,5.0,0.0,0.0,0.0,0.0,0.0,0.0,0.0,0.0,0.0,130.0,1.0,1.0,0.0,0.0,0.15,0.07,0.0,255.0,20.0,0.08,0.07,0.0,0.0,1.0,1.0,0.0,1.0,120471.0
0.0,1.0,46.0,1.0,0.0,0.0,0.0,0.0,0.0,0.0,0.0,0.0,0.0,145.0,0.0,0.0,1.0,1.0,0.12,0.06,0.0,255.0,18.0,0.07,0.07,0.0,0.0,0.0,0.0,1.0,1.0,122586.0
0.0,1.0,46.0,5.0,0.0,0.0,0.0,0.0,0.0,0.0,0.0,0.0,0.0,206.0,1.0,1.0,0.0,0.0,0.07,0.07,0.0,255.0,15.0,0.06,0.08,0.0,0.0,1.0,1.0,0.0,1.0,93914.0
0.0,1.0,64.0,5.0,0.0,0.0,0.0,0.0,0.0,0.0,0.0,0.0,0.0,202.0,1.0,1.0,0.0,0.0,0.01,0.06,0.0,255.0,2.0,0.01,0.09,0.0,0.0,1.0,1.0,0.0,1.0,110194.0
0.0,1.0,34.0,5.0,0.0,0.0,0.0,0.0,0.0,0.0,0.0,0.0,0.0,298.0,1.0,1.0,0.0,0.0,0.08,0.05,0.0,255.0,24.0,0.09,0.05,0.0,0.0,1.0,1.0,0.0,1.0,113887.0
0.0,1.0,41.0,5.0,0.0,0.0,0.0,0.0,0.0,0.0,0.0,0.0,0.0,430.0,0.07,1.0,0.9,0.0,0.0,1.0,0.0,255.0,1.0,0.0,1.0,0.0,0.0,0.1,1.0,0.0,1.0,100279.0
0.0,1.0,22.0,1.0,0.0,0.0,0.0,0.0,0.0,0.0,0.0,0.0,0.0,1.0,0.0,0.0,1.0,1.0,1.0,0.0,0.0,22.0,255.0,1.0,0.0,0.05,0.02,0.0,0.0,0.01,0.0,63555.0
0.0,1.0,8.0,5.0,0.0,0.0,0.0,0.0,0.0,0.0,0.0,0.0,0.0,234.0,1.0,1.0,0.0,0.0,0.08,0.05,0.0,255.0,18.0,0.07,0.05,0.0,0.0,1.0,1.0,0.0,1.0,78035.0
0.0,1.0,57.0,2.0,0.0,0.0,0.0,0.0,0.0,0.0,0.0,0.0,0.0,259.0,0.0,0.0,1.0,1.0,0.06,0.06,0.0,255.0,16.0,0.06,0.07,0.0,0.0,0.0,0.0,1.0,1.0,77748.0
0.0,1.0,28.0,5.0,0.0,0.0,0.0,0.0,0.0,0.0,0.0,0.0,0.0,109.0,1.0,1.0,0.0,0.0,0.06,0.06,0.0,255.0,14.0,0.05,0.07,0.0,0.0,1.0,1.0,0.0,1.0,14396.0
0.0,1.0,27.0,5.0,0.0,0.0,0.0,0.0,0.0,0.0,0.0,0.0,0.0,106.0,1.0,1.0,0.0,0.0,0.01,0.07,0.0,255.0,1.0,0.0,0.05,0.0,0.0,1.0,1.0,0.0,1.0,1836.0
0.0,1.0,28.0,5.0,0.0,0.0,0.0,0.0,0.0,0.0,0.0,0.0,0.0,102.0,1.0,1.0,0.0,0.0,0.18,0.08,0.0,255.0,18.0,0.07,0.07,0.0,0.0,1.0,1.0,0.0,1.0,34559.0
39287.0,1.0,46.0,4.0,1.0,0.0,0.0,0.0,0.0,0.0,0.0,0.0,0.0,2.0,0.0,0.0,1.0,1.0,1.0,0.0,0.0,255.0,2.0,0.01,0.51,1.0,0.0,0.0,0.0,1.0,1.0,44284.0
0.0,1.0,46.0,5.0,0.0,0.0,0.0,0.0,0.0,0.0,0.0,0.0,0.0,89.0,1.0,1.0,0.0,0.0,0.12,0.07,0.0,255.0,11.0,0.04,0.06,0.0,0.0,1.0,1.0,0.0,1.0,31827.0
0.0,1.0,31.0,5.0,0.0,0.0,0.0,0.0,0.0,0.0,0.0,0.0,0.0,147.0,1.0,1.0,0.0,0.0,0.12,0.05,0.0,255.0,3.0,0.01,0.07,0.0,0.0,1.0,1.0,0.0,1.0,64345.0
0.0,1.0,41.0,1.0,0.0,0.0,0.0,0.0,0.0,0.0,0.0,0.0,0.0,511.0,0.1,0.0,0.87,1.0,0.0,1.0,0.0,255.0,1.0,0.0,1.0,0.0,0.0,0.09,0.0,1.0,1.0,40767.0
0.0,1.0,25.0,5.0,0.0,0.0,0.0,0.0,0.0,0.0,0.0,0.0,0.0,274.0,1.0,1.0,0.0,0.0,0.06,0.06,0.0,255.0,11.0,0.04,0.06,0.0,0.0,1.0,1.0,0.0,1.0,89387.0
0.0,1.0,23.0,5.0,0.0,0.0,0.0,0.0,0.0,0.0,0.0,0.0,0.0,144.0,1.0,1.0,0.0,0.0,0.1,0.06,0.0,255.0,13.0,0.05,0.06,0.0,0.0,1.0,1.0,0.0,1.0,8239.0
0.0,1.0,46.0,5.0,0.0,0.0,0.0,0.0,0.0,0.0,0.0,0.0,0.0,131.0,1.0,1.0,0.0,0.0,0.11,0.05,0.0,255.0,33.0,0.13,0.05,0.0,0.0,1.0,1.0,0.0,1.0,6029.0
0.0,1.0,46.0,5.0,0.0,0.0,0.0,0.0,0.0,0.0,0.0,0.0,0.0,148.0,1.0,1.0,0.0,0.0,0.03,0.06,0.0,255.0,5.0,0.02,0.05,0.0,0.0,1.0,1.0,0.0,1.0,84491.0
101.0,1.0,41.0,4.0,1.0,0.0,0.0,0.0,0.0,0.0,0.0,0.0,0.0,2.0,0.0,0.0,1.0,1.0,1.0,0.0,0.0,255.0,2.0,0.01,0.73,1.0,0.0,0.0,0.0,1.0,1.0,63235.0
0.0,1.0,41.0,1.0,0.0,0.0,0.0,0.0,0.0,0.0,0.0,0.0,0.0,511.0,0.18,0.0,0.82,1.0,0.0,1.0,0.0,255.0,1.0,0.0,1.0,0.0,0.0,0.17,0.0,1.0,1.0,101221.0
0.0,0.0,13.0,9.0,8.0,0.0,0.0,0.0,0.0,0.0,0.0,0.0,0.0,1.0,0.0,0.0,0.0,0.0,1.0,0.0,1.0,2.0,80.0,1.0,0.0,1.0,0.5,0.0,0.0,0.0,1.0,102723.0
0.0,2.0,11.0,9.0,45.0,79.0,0.0,0.0,0.0,0.0,0.0,0.0,0.0,151.0,0.0,0.0,0.0,0.0,1.0,0.0,0.02,255.0,227.0,0.89,0.01,0.01,0.0,0.0,0.0,0.0,0.0,86408.0
0.0,1.0,30.0,5.0,0.0,0.0,0.0,0.0,0.0,0.0,0.0,0.0,0.0,205.0,1.0,1.0,0.0,0.0,0.08,0.05,0.0,255.0,16.0,0.06,0.05,0.0,0.0,1.0,1.0,0.0,1.0,102022.0
0.0,1.0,46.0,5.0,0.0,0.0,0.0,0.0,0.0,0.0,0.0,0.0,0.0,134.0,1.0,1.0,0.0,0.0,0.13,0.06,0.0,39.0,4.0,0.1,0.18,0.03,0.0,1.0,1.0,0.0,1.0,13173.0
0.0,0.0,13.0,9.0,30.0,0.0,0.0,0.0,0.0,0.0,0.0,0.0,0.0,8.0,0.0,0.0,0.0,0.0,0.12,0.38,0.0,255.0,5.0,0.02,0.01,0.15,0.0,0.0,0.0,0.0,0.0,59116.0
0.0,1.0,46.0,5.0,0.0,0.0,0.0,0.0,0.0,0.0,0.0,0.0,0.0,208.0,1.0,1.0,0.0,0.0,0.04,0.07,0.0,255.0,16.0,0.06,0.07,0.0,0.0,1.0,1.0,0.0,1.0,44354.0
2230.0,2.0,41.0,9.0,146.0,105.0,0.0,0.0,0.0,0.0,0.0,0.0,0.0,2.0,0.0,0.0,0.0,0.0,0.5,1.0,0.0,255.0,3.0,0.01,0.67,0.96,0.0,0.0,0.0,0.0,0.0,114154.0
0.0,1.0,46.0,5.0,0.0,0.0,0.0,0.0,0.0,0.0,0.0,0.0,0.0,179.0,1.0,1.0,0.0,0.0,0.04,0.07,0.0,255.0,19.0,0.07,0.07,0.0,0.0,1.0,1.0,0.0,1.0,87370.0
0.0,2.0,11.0,9.0,34.0,0.0,0.0,0.0,0.0,0.0,0.0,0.0,0.0,1.0,0.0,0.0,0.0,0.0,1.0,0.0,1.0,219.0,21.0,0.1,0.03,0.1,0.0,0.0,0.0,0.0,0.0,110568.0
0.0,0.0,13.0,9.0,18.0,0.0,0.0,0.0,0.0,0.0,0.0,0.0,0.0,1.0,0.0,0.0,0.0,0.0,1.0,0.0,0.0,1.0,85.0,1.0,0.0,1.0,1.0,0.0,0.0,0.0,1.0,58184.0
0.0,1.0,4.0,5.0,0.0,0.0,0.0,0.0,0.0,0.0,0.0,0.0,0.0,180.0,1.0,1.0,0.0,0.0,0.1,0.06,0.0,255.0,18.0,0.07,0.05,0.0,0.0,1.0,1.0,0.0,1.0,41422.0
0.0,1.0,19.0,5.0,0.0,0.0,0.0,0.0,0.0,0.0,0.0,0.0,0.0,29.0,0.97,1.0,0.03,0.0,0.28,0.1,0.0,255.0,20.0,0.08,0.06,0.01,0.0,1.0,1.0,0.0,1.0,94647.0
0.0,1.0,56.0,5.0,0.0,0.0,0.0,0.0,0.0,0.0,0.0,0.0,0.0,284.0,1.0,1.0,0.0,0.0,0.05,0.06,0.0,255.0,6.0,0.02,0.05,0.0,0.0,1.0,1.0,0.0,1.0,105504.0
0.0,1.0,25.0,5.0,0.0,0.0,0.0,0.0,0.0,0.0,0.0,0.0,0.0,216.0,1.0,1.0,0.0,0.0,0.09,0.06,0.0,255.0,20.0,0.08,0.08,0.0,0.0,1.0,1.0,0.0,1.0,88270.0
15.0,1.0,22.0,9.0,195.0,178.0,0.0,0.0,1.0,0.0,0.0,0.0,0.0,34.0,0.0,0.0,0.0,0.0,1.0,0.0,0.05,255.0,255.0,1.0,0.0,0.0,0.0,0.0,0.0,0.0,0.0,11302.0
0.0,1.0,65.0,1.0,0.0,0.0,0.0,0.0,0.0,0.0,0.0,0.0,0.0,298.0,0.0,0.0,1.0,1.0,0.07,0.06,0.0,255.0,20.0,0.08,0.06,0.0,0.0,0.0,0.0,1.0,1.0,85572.0
0.0,1.0,56.0,5.0,0.0,0.0,0.0,0.0,0.0,0.0,0.0,0.0,0.0,295.0,1.0,1.0,0.0,0.0,0.06,0.05,0.0,255.0,19.0,0.07,0.08,0.0,0.0,1.0,1.0,0.0,1.0,111712.0
0.0,1.0,46.0,5.0,0.0,0.0,0.0,0.0,0.0,0.0,0.0,0.0,0.0,42.0,1.0,1.0,0.0,0.0,0.26,0.12,0.0,255.0,11.0,0.04,0.08,0.0,0.0,1.0,1.0,0.0,1.0,67295.0
0.0,0.0,13.0,9.0,8.0,0.0,0.0,0.0,0.0,0.0,0.0,0.0,0.0,1.0,0.0,0.0,0.0,0.0,1.0,0.0,1.0,3.0,203.0,1.0,0.0,1.0,0.25,0.0,0.0,0.0,1.0,112920.0
0.0,1.0,27.0,5.0,0.0,0.0,0.0,0.0,0.0,0.0,0.0,0.0,0.0,47.0,1.0,1.0,0.0,0.0,0.23,0.06,0.0,255.0,11.0,0.04,0.05,0.0,0.0,1.0,1.0,0.0,1.0,121830.0
0.0,1.0,19.0,9.0,334.0,0.0,0.0,0.0,1.0,0.0,0.0,0.0,0.0,2.0,0.0,0.0,0.0,0.0,1.0,0.0,0.0,4.0,22.0,1.0,0.0,1.0,0.23,0.0,0.0,0.0,1.0,29497.0
0.0,1.0,29.0,5.0,0.0,0.0,0.0,0.0,0.0,0.0,0.0,0.0,0.0,2.0,1.0,1.0,0.0,0.0,0.5,1.0,0.0,255.0,9.0,0.04,0.09,0.0,0.0,1.0,1.0,0.0,1.0,10864.0
3.0,2.0,11.0,9.0,111.0,34.0,0.0,0.0,0.0,0.0,0.0,0.0,0.0,2.0,0.0,0.0,0.0,0.0,0.5,1.0,0.0,56.0,40.0,0.71,0.05,0.64,0.0,0.0,0.0,0.0,0.0,22592.0
0.0,1.0,8.0,5.0,0.0,0.0,0.0,0.0,0.0,0.0,0.0,0.0,0.0,104.0,1.0,1.0,0.0,0.0,0.14,0.06,0.0,255.0,4.0,0.02,0.07,0.0,0.0,1.0,1.0,0.0,1.0,67693.0
0.0,1.0,19.0,5.0,0.0,0.0,0.0,0.0,0.0,0.0,0.0,0.0,0.0,244.0,1.0,1.0,0.0,0.0,0.01,0.06,0.0,255.0,19.0,0.07,0.07,0.0,0.0,1.0,1.0,0.0,1.0,27473.0
0.0,1.0,19.0,9.0,59.0,0.0,0.0,0.0,1.0,0.0,0.0,0.0,0.0,22.0,0.0,0.0,0.0,0.0,1.0,0.0,0.0,255.0,77.0,0.3,0.02,0.15,0.0,0.63,0.52,0.0,0.0,68527.0
0.0,1.0,23.0,5.0,0.0,0.0,0.0,0.0,0.0,0.0,0.0,0.0,0.0,97.0,1.0,1.0,0.0,0.0,0.2,0.05,0.0,255.0,19.0,0.07,0.05,0.0,0.0,1.0,1.0,0.0,1.0,114610.0
0.0,1.0,2.0,5.0,0.0,0.0,0.0,0.0,0.0,0.0,0.0,0.0,0.0,207.0,1.0,1.0,0.0,0.0,0.02,0.06,0.0,255.0,4.0,0.02,0.06,0.0,0.0,1.0,1.0,0.0,1.0,83596.0
0.0,1.0,46.0,5.0,0.0,0.0,0.0,0.0,0.0,0.0,0.0,0.0,0.0,168.0,1.0,1.0,0.0,0.0,0.02,0.07,0.0,255.0,20.0,0.08,0.07,0.0,0.0,1.0,1.0,0.0,1.0,94971.0
0.0,1.0,19.0,5.0,0.0,0.0,0.0,0.0,0.0,0.0,0.0,0.0,0.0,259.0,1.0,1.0,0.0,0.0,0.0,0.06,0.0,255.0,1.0,0.0,0.09,0.0,0.0,1.0,1.0,0.0,1.0,21739.0
0.0,1.0,2.0,1.0,0.0,0.0,0.0,0.0,0.0,0.0,0.0,0.0,0.0,117.0,0.0,0.0,1.0,1.0,0.09,0.07,0.0,255.0,11.0,0.04,0.07,0.0,0.0,0.0,0.0,1.0,1.0,41221.0
0.0,1.0,46.0,5.0,0.0,0.0,0.0,0.0,0.0,0.0,0.0,0.0,0.0,188.0,1.0,1.0,0.0,0.0,0.05,0.06,0.0,255.0,20.0,0.08,0.07,0.0,0.0,1.0,1.0,0.0,1.0,69184.0
0.0,0.0,13.0,9.0,8.0,0.0,0.0,0.0,0.0,0.0,0.0,0.0,0.0,1.0,0.0,0.0,0.0,0.0,1.0,0.0,1.0,1.0,125.0,1.0,0.0,1.0,0.5,0.0,0.0,0.0,1.0,117939.0
0.0,1.0,46.0,1.0,0.0,0.0,0.0,0.0,0.0,0.0,0.0,0.0,0.0,69.0,0.0,0.0,1.0,1.0,0.09,0.07,0.0,255.0,6.0,0.02,0.07,0.0,0.0,0.0,0.0,1.0,1.0,111932.0
0.0,1.0,46.0,5.0,0.0,0.0,0.0,0.0,0.0,0.0,0.0,0.0,0.0,191.0,1.0,1.0,0.0,0.0,0.13,0.05,0.0,255.0,25.0,0.1,0.06,0.0,0.0,1.0,1.0,0.0,1.0,24289.0
0.0,1.0,19.0,9.0,37.0,0.0,0.0,0.0,0.0,0.0,0.0,0.0,0.0,2.0,0.0,0.0,0.0,0.0,1.0,0.0,0.0,187.0,49.0,0.26,0.03,0.26,0.0,0.02,0.0,0.0,0.0,13886.0
0.0,1.0,52.0,5.0,0.0,0.0,0.0,0.0,0.0,0.0,0.0,0.0,0.0,299.0,1.0,1.0,0.0,0.0,0.07,0.06,0.0,255.0,20.0,0.08,0.07,0.0,0.0,1.0,1.0,0.0,1.0,82841.0
0.0,1.0,46.0,5.0,0.0,0.0,0.0,0.0,0.0,0.0,0.0,0.0,0.0,119.0,1.0,1.0,0.0,0.0,0.01,0.07,0.0,255.0,1.0,0.0,0.07,0.0,0.0,1.0,1.0,0.0,1.0,88278.0
0.0,2.0,11.0,9.0,43.0,133.0,0.0,0.0,0.0,0.0,0.0,0.0,0.0,138.0,0.0,0.0,0.0,0.0,0.99,0.01,0.0,255.0,254.0,1.0,0.01,0.0,0.0,0.0,0.0,0.0,0.0,30278.0
0.0,1.0,17.0,5.0,0.0,0.0,0.0,0.0,0.0,0.0,0.0,0.0,0.0,50.0,1.0,1.0,0.0,0.0,0.36,0.06,0.0,255.0,70.0,0.27,0.02,0.01,0.0,1.0,1.0,0.0,1.0,110367.0
0.0,1.0,26.0,5.0,0.0,0.0,0.0,0.0,0.0,0.0,0.0,0.0,0.0,217.0,1.0,1.0,0.0,0.0,0.06,0.07,0.0,255.0,14.0,0.05,0.07,0.0,0.0,1.0,1.0,0.0,1.0,1450.0
0.0,0.0,13.0,9.0,18.0,0.0,0.0,0.0,0.0,0.0,0.0,0.0,0.0,1.0,0.0,0.0,0.0,0.0,1.0,0.0,0.0,1.0,103.0,1.0,0.0,1.0,1.0,0.0,0.0,0.0,1.0,26734.0
0.0,1.0,46.0,4.0,0.0,0.0,0.0,0.0,0.0,0.0,0.0,0.0,0.0,1.0,0.0,0.0,1.0,1.0,1.0,0.0,0.0,255.0,1.0,0.0,0.67,0.66,0.0,0.0,0.0,1.0,1.0,10474.0
0.0,0.0,13.0,9.0,8.0,0.0,0.0,0.0,0.0,0.0,0.0,0.0,0.0,1.0,0.0,0.0,0.0,0.0,1.0,0.0,1.0,2.0,94.0,1.0,0.0,1.0,0.5,0.0,0.0,0.0,1.0,79413.0
0.0,1.0,12.0,5.0,0.0,0.0,0.0,0.0,0.0,0.0,0.0,0.0,0.0,204.0,1.0,1.0,0.0,0.0,0.03,0.06,0.0,255.0,20.0,0.08,0.07,0.0,0.0,1.0,1.0,0.0,1.0,39890.0
0.0,1.0,54.0,5.0,0.0,0.0,0.0,0.0,0.0,0.0,0.0,0.0,0.0,297.0,1.0,1.0,0.0,0.0,0.08,0.05,0.0,255.0,25.0,0.1,0.05,0.0,0.0,1.0,1.0,0.0,1.0,43948.0
0.0,1.0,19.0,5.0,0.0,0.0,0.0,0.0,0.0,0.0,0.0,0.0,0.0,274.0,1.0,1.0,0.0,0.0,0.05,0.06,0.0,255.0,1.0,0.0,0.07,0.0,0.0,1.0,1.0,0.0,1.0,33391.0
0.0,1.0,46.0,5.0,0.0,0.0,0.0,0.0,0.0,0.0,0.0,0.0,0.0,133.0,1.0,1.0,0.0,0.0,0.15,0.06,0.0,255.0,16.0,0.06,0.07,0.0,0.0,1.0,1.0,0.0,1.0,70627.0
0.0,1.0,26.0,5.0,0.0,0.0,0.0,0.0,0.0,0.0,0.0,0.0,0.0,235.0,1.0,1.0,0.0,0.0,0.09,0.06,0.0,255.0,19.0,0.07,0.06,0.0,0.0,1.0,1.0,0.0,1.0,80012.0
8.0,1.0,46.0,4.0,0.0,0.0,0.0,0.0,0.0,0.0,0.0,0.0,0.0,1.0,0.0,0.0,1.0,1.0,1.0,0.0,0.0,255.0,1.0,0.0,1.0,1.0,0.0,0.0,0.0,1.0,1.0,24524.0
0.0,1.0,46.0,1.0,0.0,0.0,0.0,0.0,0.0,0.0,0.0,0.0,0.0,1.0,0.0,0.0,1.0,1.0,1.0,0.0,0.0,66.0,1.0,0.02,1.0,0.02,0.0,0.0,0.0,1.0,1.0,71371.0
0.0,1.0,46.0,5.0,0.0,0.0,0.0,0.0,0.0,0.0,0.0,0.0,0.0,137.0,1.0,1.0,0.0,0.0,0.04,0.08,0.0,255.0,5.0,0.02,0.07,0.0,0.0,1.0,1.0,0.0,1.0,28444.0
0.0,0.0,14.0,9.0,1032.0,0.0,0.0,0.0,0.0,0.0,0.0,0.0,0.0,511.0,0.0,0.0,0.0,0.0,1.0,0.0,0.0,255.0,188.0,0.74,0.01,0.74,0.0,0.0,0.0,0.0,1.0,21559.0
0.0,1.0,46.0,5.0,0.0,0.0,0.0,0.0,0.0,0.0,0.0,0.0,0.0,126.0,1.0,1.0,0.0,0.0,0.12,0.06,0.0,255.0,5.0,0.02,0.07,0.0,0.0,1.0,1.0,0.0,1.0,125840.0
0.0,1.0,41.0,1.0,0.0,0.0,0.0,0.0,0.0,0.0,0.0,0.0,0.0,342.0,0.06,0.0,0.9,1.0,0.0,1.0,0.0,255.0,1.0,0.0,1.0,0.0,0.0,0.08,0.0,1.0,1.0,31608.0
0.0,1.0,34.0,5.0,0.0,0.0,0.0,0.0,0.0,0.0,0.0,0.0,0.0,263.0,1.0,1.0,0.0,0.0,0.09,0.05,0.0,255.0,24.0,0.09,0.05,0.0,0.0,1.0,1.0,0.0,1.0,105593.0
0.0,0.0,13.0,9.0,8.0,0.0,0.0,0.0,0.0,0.0,0.0,0.0,0.0,1.0,0.0,0.0,0.0,0.0,1.0,0.0,1.0,2.0,66.0,1.0,0.0,1.0,0.5,0.0,0.0,0.0,1.0,42709.0
0.0,1.0,22.0,5.0,0.0,0.0,0.0,0.0,0.0,0.0,0.0,0.0,0.0,10.0,0.9,0.83,0.1,0.17,0.5,0.4,0.33,255.0,22.0,0.09,0.06,0.01,0.0,1.0,1.0,0.0,1.0,77940.0
0.0,1.0,46.0,5.0,0.0,0.0,0.0,0.0,0.0,0.0,0.0,0.0,0.0,109.0,1.0,1.0,0.0,0.0,0.09,0.05,0.0,255.0,10.0,0.04,0.04,0.0,0.0,1.0,1.0,0.0,1.0,32854.0
0.0,1.0,64.0,5.0,0.0,0.0,0.0,0.0,0.0,0.0,0.0,0.0,0.0,258.0,1.0,1.0,0.0,0.0,0.03,0.06,0.0,255.0,13.0,0.05,0.07,0.0,0.0,1.0,1.0,0.0,1.0,57606.0
0.0,1.0,17.0,5.0,0.0,0.0,0.0,0.0,0.0,0.0,0.0,0.0,0.0,2.0,1.0,1.0,0.0,0.0,1.0,0.0,0.0,255.0,62.0,0.24,0.02,0.0,0.0,1.0,1.0,0.0,1.0,16929.0
31.0,2.0,11.0,9.0,112.0,36.0,0.0,0.0,0.0,0.0,0.0,0.0,0.0,3.0,0.0,0.0,0.0,0.0,1.0,0.0,0.4,77.0,58.0,0.75,0.03,0.75,0.0,0.0,0.0,0.0,0.0,106152.0
0.0,1.0,46.0,5.0,0.0,0.0,0.0,0.0,0.0,0.0,0.0,0.0,0.0,144.0,1.0,1.0,0.0,0.0,0.06,0.06,0.0,255.0,13.0,0.05,0.06,0.0,0.0,1.0,1.0,0.0,1.0,93942.0
0.0,1.0,46.0,5.0,0.0,0.0,0.0,0.0,0.0,0.0,0.0,0.0,0.0,24.0,1.0,1.0,0.0,0.0,0.12,0.21,0.0,255.0,3.0,0.01,0.08,0.0,0.0,1.0,1.0,0.0,1.0,46908.0
27700.0,1.0,46.0,4.0,1.0,0.0,0.0,0.0,0.0,0.0,0.0,0.0,0.0,2.0,0.0,0.0,1.0,1.0,1.0,0.0,0.0,255.0,2.0,0.01,0.73,1.0,0.0,0.0,0.0,1.0,1.0,64140.0
5698.0,1.0,41.0,4.0,1.0,0.0,0.0,0.0,0.0,0.0,0.0,0.0,0.0,2.0,0.0,0.0,1.0,1.0,1.0,0.0,0.0,255.0,2.0,0.01,0.73,1.0,0.0,0.0,0.0,1.0,1.0,4522.0
0.0,1.0,6.0,1.0,0.0,0.0,0.0,0.0,0.0,0.0,0.0,0.0,0.0,228.0,0.0,0.0,1.0,1.0,0.05,0.07,0.0,255.0,12.0,0.05,0.08,0.0,0.0,0.0,0.0,1.0,1.0,99097.0
0.0,1.0,10.0,5.0,0.0,0.0,0.0,0.0,0.0,0.0,0.0,0.0,0.0,148.0,1.0,1.0,0.0,0.0,0.11,0.05,0.0,255.0,16.0,0.06,0.05,0.0,0.0,1.0,1.0,0.0,1.0,8980.0
0.0,1.0,46.0,5.0,0.0,0.0,0.0,0.0,0.0,0.0,0.0,0.0,0.0,36.0,1.0,1.0,0.0,0.0,0.33,0.14,0.0,255.0,12.0,0.05,0.1,0.0,0.0,1.0,1.0,0.0,1.0,383.0
0.0,1.0,46.0,5.0,0.0,0.0,0.0,0.0,0.0,0.0,0.0,0.0,0.0,127.0,1.0,1.0,0.0,0.0,0.13,0.06,0.0,255.0,4.0,0.02,0.06,0.0,0.0,1.0,1.0,0.0,1.0,5684.0
0.0,1.0,35.0,5.0,0.0,0.0,0.0,0.0,0.0,0.0,0.0,0.0,0.0,125.0,1.0,1.0,0.0,0.0,0.08,0.06,0.0,255.0,10.0,0.04,0.07,0.0,0.0,1.0,1.0,0.0,1.0,77044.0
0.0,1.0,59.0,5.0,0.0,0.0,0.0,0.0,0.0,0.0,0.0,0.0,0.0,227.0,1.0,1.0,0.0,0.0,0.02,0.07,0.0,255.0,16.0,0.06,0.07,0.0,0.0,1.0,1.0,0.0,1.0,11906.0
0.0,1.0,41.0,5.0,0.0,0.0,0.0,0.0,0.0,0.0,0.0,0.0,0.0,511.0,0.13,1.0,0.87,0.0,0.0,1.0,0.0,255.0,1.0,0.0,1.0,0.0,0.0,0.16,1.0,0.0,1.0,98427.0
0.0,1.0,31.0,5.0,0.0,0.0,0.0,0.0,0.0,0.0,0.0,0.0,0.0,130.0,1.0,1.0,0.0,0.0,0.08,0.06,0.0,255.0,2.0,0.01,0.07,0.0,0.0,1.0,1.0,0.0,1.0,57973.0
0.0,1.0,22.0,1.0,0.0,0.0,0.0,0.0,0.0,0.0,0.0,0.0,0.0,1.0,0.0,0.0,1.0,1.0,1.0,0.0,1.0,19.0,71.0,1.0,0.0,0.05,0.25,0.0,0.0,0.97,0.0,31690.0
0.0,1.0,46.0,5.0,0.0,0.0,0.0,0.0,0.0,0.0,0.0,0.0,0.0,161.0,1.0,1.0,0.0,0.0,0.02,0.06,0.0,255.0,16.0,0.06,0.09,0.0,0.0,1.0,1.0,0.0,1.0,115623.0
0.0,1.0,22.0,2.0,0.0,0.0,0.0,0.0,1.0,0.0,0.0,0.0,0.0,2.0,0.0,0.0,0.5,0.5,1.0,0.0,0.0,190.0,255.0,1.0,0.0,0.01,0.03,0.0,0.0,0.01,0.0,5923.0
0.0,1.0,9.0,5.0,0.0,0.0,0.0,0.0,0.0,0.0,0.0,0.0,0.0,272.0,1.0,1.0,0.0,0.0,0.06,0.06,0.0,255.0,5.0,0.02,0.07,0.0,0.0,1.0,1.0,0.0,1.0,61860.0
0.0,0.0,14.0,9.0,1032.0,0.0,0.0,0.0,0.0,0.0,0.0,0.0,0.0,511.0,0.0,0.0,0.0,0.0,1.0,0.0,0.0,255.0,128.0,0.5,0.01,0.5,0.0,0.0,0.0,0.0,1.0,94166.0
0.0,1.0,46.0,5.0,0.0,0.0,0.0,0.0,0.0,0.0,0.0,0.0,0.0,132.0,1.0,1.0,0.0,0.0,0.12,0.05,0.0,255.0,29.0,0.11,0.05,0.0,0.0,1.0,1.0,0.0,1.0,18048.0
0.0,1.0,22.0,5.0,0.0,0.0,0.0,0.0,0.0,0.0,0.0,0.0,0.0,2.0,0.5,0.5,0.0,0.0,1.0,0.0,0.5,151.0,255.0,1.0,0.0,0.01,0.01,0.01,0.0,0.0,0.0,61199.0
0.0,0.0,13.0,9.0,8.0,0.0,0.0,0.0,0.0,0.0,0.0,0.0,0.0,1.0,0.0,0.0,0.0,0.0,1.0,0.0,1.0,1.0,55.0,1.0,0.0,1.0,0.51,0.0,0.0,0.0,1.0,125355.0
0.0,1.0,22.0,1.0,0.0,0.0,0.0,0.0,0.0,0.0,0.0,0.0,0.0,1.0,0.0,0.0,1.0,1.0,1.0,0.0,1.0,129.0,255.0,1.0,0.0,0.01,0.09,0.0,0.0,0.49,0.0,112904.0
0.0,1.0,65.0,1.0,0.0,0.0,0.0,0.0,0.0,0.0,0.0,0.0,0.0,229.0,0.0,0.0,1.0,1.0,0.03,0.07,0.0,255.0,7.0,0.03,0.07,0.0,0.0,0.0,0.0,1.0,1.0,11592.0
0.0,1.0,46.0,4.0,0.0,0.0,0.0,0.0,0.0,0.0,0.0,0.0,0.0,1.0,0.0,0.0,1.0,1.0,1.0,0.0,0.0,194.0,1.0,0.01,0.49,0.49,0.0,0.0,0.0,1.0,1.0,71229.0
49.0,2.0,11.0,9.0,111.0,44.0,0.0,0.0,0.0,0.0,0.0,0.0,0.0,4.0,0.0,0.0,0.0,0.0,1.0,0.0,0.4,64.0,64.0,1.0,0.0,1.0,0.0,0.0,0.0,0.0,0.0,27722.0
0.0,1.0,46.0,5.0,0.0,0.0,0.0,0.0,0.0,0.0,0.0,0.0,0.0,184.0,0.85,1.0,0.0,0.0,0.05,0.05,0.0,255.0,4.0,0.02,0.06,0.0,0.0,1.0,1.0,0.0,1.0,122498.0
0.0,0.0,13.0,9.0,8.0,0.0,0.0,0.0,0.0,0.0,0.0,0.0,0.0,1.0,0.0,0.0,0.0,0.0,1.0,0.0,1.0,2.0,44.0,1.0,0.0,1.0,0.52,0.0,0.0,0.0,1.0,8546.0
0.0,1.0,22.0,5.0,0.0,0.0,0.0,0.0,0.0,0.0,0.0,0.0,0.0,9.0,1.0,1.0,0.0,0.0,0.44,0.44,0.0,255.0,66.0,0.26,0.02,0.0,0.0,1.0,1.0,0.0,1.0,79085.0
0.0,2.0,46.0,9.0,28.0,0.0,3.0,0.0,0.0,0.0,0.0,0.0,0.0,97.0,0.0,0.0,0.0,0.0,1.0,0.0,0.0,255.0,97.0,0.38,0.01,0.38,0.0,0.0,0.0,0.0,1.0,87306.0
0.0,1.0,37.0,5.0,0.0,0.0,0.0,0.0,0.0,0.0,0.0,0.0,0.0,289.0,1.0,1.0,0.0,0.0,0.07,0.06,0.0,255.0,20.0,0.08,0.07,0.0,0.0,1.0,1.0,0.0,1.0,4308.0
0.0,1.0,46.0,1.0,0.0,0.0,0.0,0.0,0.0,0.0,0.0,0.0,0.0,123.0,0.0,0.0,1.0,1.0,0.07,0.07,0.0,255.0,23.0,0.09,0.07,0.0,0.0,0.0,0.0,1.0,1.0,97755.0
0.0,1.0,37.0,5.0,0.0,0.0,0.0,0.0,0.0,0.0,0.0,0.0,0.0,217.0,1.0,1.0,0.0,0.0,0.09,0.06,0.0,255.0,18.0,0.07,0.07,0.0,0.0,1.0,1.0,0.0,1.0,6823.0
0.0,1.0,46.0,4.0,0.0,0.0,0.0,0.0,0.0,0.0,0.0,0.0,0.0,1.0,0.0,0.0,1.0,1.0,1.0,0.0,0.0,179.0,1.0,0.01,0.17,0.33,0.0,0.0,0.0,1.0,1.0,643.0
0.0,1.0,9.0,5.0,0.0,0.0,0.0,0.0,0.0,0.0,0.0,0.0,0.0,281.0,1.0,1.0,0.0,0.0,0.04,0.06,0.0,255.0,11.0,0.04,0.08,0.0,0.0,1.0,1.0,0.0,1.0,30268.0
0.0,1.0,46.0,5.0,0.0,0.0,0.0,0.0,0.0,0.0,0.0,0.0,0.0,208.0,1.0,1.0,0.0,0.0,0.08,0.06,0.0,255.0,20.0,0.08,0.07,0.0,0.0,1.0,1.0,0.0,1.0,85112.0
0.0,1.0,25.0,5.0,0.0,0.0,0.0,0.0,0.0,0.0,0.0,0.0,0.0,280.0,1.0,1.0,0.0,0.0,0.05,0.06,0.0,255.0,14.0,0.05,0.06,0.0,0.0,1.0,1.0,0.0,1.0,122697.0
0.0,0.0,14.0,9.0,520.0,0.0,0.0,0.0,0.0,0.0,0.0,0.0,0.0,364.0,0.0,0.0,0.0,0.0,1.0,0.0,0.0,255.0,255.0,1.0,0.0,1.0,0.0,0.0,0.0,0.0,1.0,75184.0
0.0,1.0,3.0,5.0,0.0,0.0,0.0,0.0,0.0,0.0,0.0,0.0,0.0,287.0,1.0,1.0,0.0,0.0,0.03,0.06,0.0,255.0,11.0,0.04,0.06,0.0,0.0,1.0,1.0,0.0,1.0,30925.0
0.0,2.0,11.0,9.0,46.0,157.0,0.0,0.0,0.0,0.0,0.0,0.0,0.0,159.0,0.0,0.0,0.0,0.0,0.99,0.01,0.01,255.0,232.0,0.91,0.02,0.0,0.0,0.0,0.0,0.0,0.0,68430.0
0.0,1.0,46.0,4.0,0.0,0.0,0.0,0.0,0.0,0.0,0.0,0.0,0.0,1.0,0.0,0.0,1.0,1.0,1.0,0.0,0.0,128.0,1.0,0.01,0.24,0.23,0.0,0.0,0.0,1.0,1.0,77336.0
0.0,1.0,44.0,2.0,0.0,0.0,0.0,0.0,0.0,0.0,0.0,0.0,0.0,104.0,0.0,0.0,1.0,1.0,0.06,0.06,0.0,255.0,4.0,0.02,0.07,0.0,0.0,0.0,0.0,1.0,1.0,61316.0
0.0,1.0,46.0,5.0,0.0,0.0,0.0,0.0,0.0,0.0,0.0,0.0,0.0,82.0,1.0,1.0,0.0,0.0,0.04,0.06,0.0,255.0,3.0,0.01,0.05,0.0,0.0,1.0,1.0,0.0,1.0,42730.0
0.0,1.0,22.0,5.0,0.0,0.0,0.0,0.0,0.0,0.0,0.0,0.0,0.0,247.0,1.0,0.39,0.0,0.0,0.04,0.06,0.07,255.0,11.0,0.04,0.07,0.0,0.0,1.0,1.0,0.0,1.0,39425.0
0.0,2.0,11.0,9.0,45.0,45.0,0.0,0.0,0.0,0.0,0.0,0.0,0.0,168.0,0.0,0.0,0.0,0.0,1.0,0.0,0.01,255.0,229.0,0.9,0.01,0.0,0.0,0.0,0.0,0.0,0.0,59645.0
0.0,1.0,41.0,1.0,0.0,0.0,0.0,0.0,0.0,0.0,0.0,0.0,0.0,422.0,0.06,0.0,0.91,1.0,0.0,1.0,0.0,255.0,1.0,0.0,1.0,0.0,0.0,0.08,0.0,1.0,1.0,109931.0
0.0,1.0,39.0,5.0,0.0,0.0,0.0,0.0,0.0,0.0,0.0,0.0,0.0,192.0,1.0,1.0,0.0,0.0,0.05,0.07,0.0,255.0,10.0,0.04,0.08,0.0,0.0,1.0,1.0,0.0,1.0,90769.0
3.0,1.0,46.0,4.0,0.0,0.0,0.0,0.0,0.0,0.0,0.0,0.0,0.0,321.0,0.0,0.0,1.0,1.0,0.01,0.52,0.0,255.0,2.0,0.01,0.52,1.0,0.0,0.0,0.0,1.0,1.0,39671.0
0.0,1.0,46.0,5.0,0.0,0.0,0.0,0.0,0.0,0.0,0.0,0.0,0.0,232.0,1.0,1.0,0.0,0.0,0.01,0.06,0.0,255.0,3.0,0.01,0.07,0.0,0.0,1.0,1.0,0.0,1.0,14687.0
0.0,1.0,35.0,5.0,0.0,0.0,0.0,0.0,0.0,0.0,0.0,0.0,0.0,282.0,1.0,1.0,0.0,0.0,0.04,0.06,0.0,255.0,6.0,0.02,0.07,0.0,0.0,1.0,1.0,0.0,1.0,10793.0
0.0,1.0,46.0,5.0,0.0,0.0,0.0,0.0,0.0,0.0,0.0,0.0,0.0,125.0,1.0,1.0,0.0,0.0,0.06,0.06,0.0,255.0,3.0,0.01,0.08,0.0,0.0,1.0,1.0,0.0,1.0,60718.0
0.0,2.0,11.0,9.0,44.0,44.0,0.0,0.0,0.0,0.0,0.0,0.0,0.0,160.0,0.0,0.0,0.0,0.0,1.0,0.0,0.01,255.0,254.0,1.0,0.01,0.01,0.0,0.0,0.0,0.0,0.0,7228.0
0.0,1.0,46.0,2.0,0.0,0.0,0.0,0.0,0.0,0.0,0.0,0.0,0.0,112.0,0.0,0.0,1.0,1.0,0.01,0.07,0.0,255.0,1.0,0.0,0.07,0.0,0.0,0.0,0.0,1.0,1.0,87839.0
0.0,1.0,46.0,5.0,0.0,0.0,0.0,0.0,0.0,0.0,0.0,0.0,0.0,209.0,1.0,1.0,0.0,0.0,0.04,0.05,0.0,255.0,8.0,0.03,0.07,0.0,0.0,1.0,1.0,0.0,1.0,41215.0
0.0,1.0,31.0,5.0,0.0,0.0,0.0,0.0,0.0,0.0,0.0,0.0,0.0,114.0,1.0,1.0,0.0,0.0,0.04,0.06,0.0,255.0,17.0,0.07,0.07,0.0,0.0,1.0,1.0,0.0,1.0,93214.0
0.0,0.0,13.0,9.0,8.0,0.0,0.0,0.0,0.0,0.0,0.0,0.0,0.0,1.0,0.0,0.0,0.0,0.0,1.0,0.0,1.0,2.0,162.0,1.0,0.0,1.0,0.5,0.0,0.0,0.0,1.0,27243.0
0.0,1.0,5.0,1.0,0.0,0.0,0.0,0.0,0.0,0.0,0.0,0.0,0.0,147.0,0.0,0.0,1.0,1.0,0.14,0.06,0.0,255.0,20.0,0.08,0.06,0.0,0.0,0.0,0.0,1.0,1.0,69287.0
0.0,1.0,3.0,5.0,0.0,0.0,0.0,0.0,0.0,0.0,0.0,0.0,0.0,101.0,1.0,1.0,0.0,0.0,0.01,0.07,0.0,255.0,1.0,0.0,0.07,0.0,0.0,1.0,1.0,0.0,1.0,34397.0
3771.0,1.0,41.0,4.0,1.0,0.0,0.0,0.0,0.0,0.0,0.0,0.0,0.0,2.0,0.0,0.0,1.0,1.0,1.0,0.0,0.0,255.0,2.0,0.01,0.65,1.0,0.0,0.0,0.0,1.0,1.0,73064.0
0.0,1.0,22.0,9.0,241.0,191.0,0.0,0.0,1.0,0.0,0.0,0.0,0.0,41.0,0.0,0.0,0.0,0.0,1.0,0.0,0.0,255.0,255.0,1.0,0.0,0.0,0.0,0.0,0.0,0.02,0.0,25068.0
0.0,1.0,2.0,1.0,0.0,0.0,0.0,0.0,0.0,0.0,0.0,0.0,0.0,199.0,0.0,0.0,1.0,1.0,0.01,0.07,0.0,255.0,1.0,0.0,0.07,0.0,0.0,0.0,0.0,1.0,1.0,111184.0
0.0,1.0,32.0,5.0,0.0,0.0,0.0,0.0,0.0,0.0,0.0,0.0,0.0,251.0,1.0,1.0,0.0,0.0,0.1,0.06,0.0,255.0,25.0,0.1,0.06,0.0,0.0,1.0,1.0,0.0,1.0,56273.0
0.0,1.0,64.0,5.0,0.0,0.0,0.0,0.0,0.0,0.0,0.0,0.0,0.0,231.0,1.0,1.0,0.0,0.0,0.03,0.06,0.0,255.0,8.0,0.03,0.08,0.0,0.0,1.0,1.0,0.0,1.0,56396.0
0.0,0.0,14.0,9.0,1032.0,0.0,0.0,0.0,0.0,0.0,0.0,0.0,0.0,511.0,0.0,0.0,0.0,0.0,1.0,0.0,0.0,255.0,29.0,0.11,0.18,0.11,0.0,0.0,0.0,0.0,1.0,94989.0
0.0,0.0,14.0,9.0,1032.0,0.0,0.0,0.0,0.0,0.0,0.0,0.0,0.0,511.0,0.0,0.0,0.0,0.0,1.0,0.0,0.0,255.0,66.0,0.26,0.04,0.26,0.0,0.16,0.0,0.0,1.0,17047.0
0.0,1.0,46.0,5.0,0.0,0.0,0.0,0.0,0.0,0.0,0.0,0.0,0.0,250.0,1.0,1.0,0.0,0.0,0.05,0.07,0.0,255.0,12.0,0.05,0.08,0.0,0.0,1.0,1.0,0.0,1.0,122183.0
1071.0,1.0,41.0,4.0,1.0,0.0,0.0,0.0,0.0,0.0,0.0,0.0,0.0,2.0,0.0,0.0,1.0,1.0,1.0,0.0,0.0,255.0,2.0,0.01,0.73,1.0,0.0,0.0,0.0,1.0,1.0,123244.0
0.0,1.0,22.0,5.0,0.0,0.0,0.0,0.0,0.0,0.0,0.0,0.0,0.0,296.0,1.0,1.0,0.0,0.0,0.08,0.05,0.0,255.0,25.0,0.1,0.05,0.0,0.0,1.0,1.0,0.0,1.0,14606.0
0.0,1.0,46.0,5.0,0.0,0.0,0.0,0.0,0.0,0.0,0.0,0.0,0.0,117.0,1.0,1.0,0.0,0.0,0.15,0.07,0.0,255.0,6.0,0.02,0.07,0.0,0.0,1.0,1.0,0.0,1.0,3603.0
0.0,0.0,14.0,9.0,1032.0,0.0,0.0,0.0,0.0,0.0,0.0,0.0,0.0,511.0,0.0,0.0,0.0,0.0,1.0,0.0,0.0,183.0,38.0,0.21,0.02,0.21,0.0,0.0,0.0,0.0,1.0,70047.0
0.0,1.0,46.0,5.0,0.0,0.0,0.0,0.0,0.0,0.0,0.0,0.0,0.0,232.0,1.0,1.0,0.0,0.0,0.03,0.06,0.0,255.0,4.0,0.02,0.08,0.0,0.0,1.0,1.0,0.0,1.0,80047.0
0.0,1.0,10.0,4.0,0.0,0.0,0.0,0.0,0.0,0.0,0.0,0.0,0.0,1.0,0.0,0.0,1.0,1.0,1.0,0.0,0.0,255.0,1.0,0.0,0.22,0.21,0.0,0.0,0.0,1.0,1.0,99038.0
0.0,1.0,55.0,5.0,0.0,0.0,0.0,0.0,0.0,0.0,0.0,0.0,0.0,255.0,1.0,1.0,0.0,0.0,0.01,0.07,0.0,255.0,2.0,0.01,0.07,0.0,0.0,1.0,1.0,0.0,1.0,118291.0
0.0,1.0,46.0,1.0,0.0,0.0,0.0,0.0,0.0,0.0,0.0,0.0,0.0,231.0,0.0,0.0,1.0,1.0,0.04,0.07,0.0,255.0,9.0,0.04,0.07,0.0,0.0,0.0,0.0,1.0,1.0,107019.0
0.0,1.0,46.0,5.0,0.0,0.0,0.0,0.0,0.0,0.0,0.0,0.0,0.0,106.0,1.0,1.0,0.0,0.0,0.16,0.07,0.0,255.0,3.0,0.01,0.07,0.0,0.0,1.0,1.0,0.0,1.0,120417.0
0.0,1.0,2.0,5.0,0.0,0.0,0.0,0.0,0.0,0.0,0.0,0.0,0.0,121.0,1.0,1.0,0.0,0.0,0.12,0.07,0.0,255.0,15.0,0.06,0.07,0.0,0.0,1.0,1.0,0.0,1.0,55110.0
0.0,1.0,46.0,5.0,0.0,0.0,0.0,0.0,0.0,0.0,0.0,0.0,0.0,235.0,1.0,1.0,0.0,0.0,0.06,0.06,0.0,255.0,15.0,0.06,0.05,0.0,0.0,1.0,1.0,0.0,1.0,110354.0
0.0,1.0,39.0,5.0,0.0,0.0,0.0,0.0,0.0,0.0,0.0,0.0,0.0,227.0,1.0,1.0,0.0,0.0,0.09,0.05,0.0,255.0,21.0,0.08,0.06,0.0,0.0,1.0,1.0,0.0,1.0,65993.0
0.0,1.0,46.0,5.0,0.0,0.0,0.0,0.0,0.0,0.0,0.0,0.0,0.0,212.0,1.0,1.0,0.0,0.0,0.03,0.07,0.0,255.0,19.0,0.07,0.07,0.0,0.0,1.0,1.0,0.0,1.0,23784.0
0.0,0.0,13.0,9.0,8.0,0.0,0.0,0.0,0.0,0.0,0.0,0.0,0.0,1.0,0.0,0.0,0.0,0.0,1.0,0.0,1.0,1.0,101.0,1.0,0.0,1.0,0.5,0.0,0.0,0.0,1.0,53615.0
0.0,1.0,46.0,5.0,0.0,0.0,0.0,0.0,0.0,0.0,0.0,0.0,0.0,211.0,1.0,1.0,0.0,0.0,0.0,0.07,0.0,255.0,3.0,0.01,0.08,0.0,0.0,1.0,1.0,0.0,1.0,19975.0
0.0,0.0,13.0,9.0,8.0,0.0,0.0,0.0,0.0,0.0,0.0,0.0,0.0,1.0,0.0,0.0,0.0,0.0,1.0,0.0,1.0,1.0,67.0,1.0,0.0,1.0,0.51,0.0,0.0,0.0,1.0,57740.0
0.0,2.0,46.0,9.0,28.0,0.0,3.0,0.0,0.0,0.0,0.0,0.0,0.0,49.0,0.0,0.0,0.0,0.0,1.0,0.0,0.0,121.0,49.0,0.4,0.03,0.4,0.0,0.0,0.0,0.0,1.0,24422.0
0.0,2.0,11.0,9.0,35.0,0.0,0.0,0.0,0.0,0.0,0.0,0.0,0.0,2.0,0.0,0.0,0.0,0.0,1.0,0.0,0.4,155.0,37.0,0.24,0.04,0.24,0.0,0.0,0.0,0.0,0.0,4776.0
0.0,1.0,20.0,5.0,0.0,0.0,0.0,0.0,0.0,0.0,0.0,0.0,0.0,105.0,1.0,1.0,0.0,0.0,0.18,0.06,0.0,255.0,5.0,0.02,0.08,0.0,0.0,1.0,1.0,0.0,1.0,99172.0
0.0,0.0,14.0,9.0,1032.0,0.0,0.0,0.0,0.0,0.0,0.0,0.0,0.0,330.0,0.0,0.0,0.0,0.0,1.0,0.0,0.0,255.0,255.0,1.0,0.0,1.0,0.0,0.0,0.0,0.0,1.0,52444.0
0.0,1.0,51.0,2.0,0.0,0.0,0.0,0.0,0.0,0.0,0.0,0.0,0.0,220.0,0.0,0.0,1.0,1.0,0.01,0.07,0.0,255.0,2.0,0.01,0.08,0.0,0.0,0.0,0.0,1.0,1.0,110322.0
0.0,1.0,2.0,5.0,0.0,0.0,0.0,0.0,0.0,0.0,0.0,0.0,0.0,266.0,1.0,1.0,0.0,0.0,0.06,0.06,0.0,255.0,16.0,0.06,0.06,0.0,0.0,1.0,1.0,0.0,1.0,105925.0
0.0,1.0,33.0,1.0,0.0,0.0,0.0,0.0,0.0,0.0,0.0,0.0,0.0,237.0,0.0,0.0,1.0,1.0,0.05,0.07,0.0,255.0,24.0,0.09,0.07,0.0,0.0,0.0,0.0,1.0,1.0,39897.0
0.0,1.0,46.0,5.0,0.0,0.0,0.0,0.0,0.0,0.0,0.0,0.0,0.0,175.0,0.85,1.0,0.0,0.0,0.07,0.06,0.0,255.0,3.0,0.01,0.06,0.0,0.0,1.0,1.0,0.0,1.0,34249.0
0.0,1.0,36.0,5.0,0.0,0.0,0.0,0.0,0.0,0.0,0.0,0.0,0.0,263.0,1.0,1.0,0.0,0.0,0.01,0.06,0.0,255.0,3.0,0.01,0.06,0.0,0.0,1.0,1.0,0.0,1.0,112671.0
0.0,1.0,20.0,5.0,0.0,0.0,0.0,0.0,0.0,0.0,0.0,0.0,0.0,263.0,1.0,1.0,0.0,0.0,0.0,0.06,0.0,255.0,1.0,0.0,0.08,0.0,0.0,1.0,1.0,0.0,1.0,94347.0
0.0,1.0,46.0,1.0,0.0,0.0,0.0,0.0,0.0,0.0,0.0,0.0,0.0,1.0,0.0,0.0,1.0,1.0,1.0,0.0,0.0,7.0,2.0,0.14,1.0,0.14,1.0,0.0,0.0,1.0,1.0,26756.0
12.0,2.0,11.0,9.0,99.0,37.0,0.0,0.0,0.0,0.0,0.0,0.0,0.0,6.0,0.0,0.0,0.0,0.0,1.0,0.0,0.0,38.0,26.0,0.68,0.08,0.58,0.0,0.0,0.0,0.0,0.0,117209.0
0.0,0.0,13.0,9.0,8.0,0.0,0.0,0.0,0.0,0.0,0.0,0.0,0.0,1.0,0.0,0.0,0.0,0.0,1.0,0.0,1.0,1.0,23.0,1.0,0.0,1.0,0.52,0.0,0.0,0.0,1.0,29287.0
0.0,1.0,46.0,5.0,0.0,0.0,0.0,0.0,0.0,0.0,0.0,0.0,0.0,79.0,1.0,1.0,0.0,0.0,0.24,0.05,0.0,255.0,20.0,0.08,0.06,0.0,0.0,1.0,1.0,0.0,1.0,70189.0
0.0,1.0,46.0,5.0,0.0,0.0,0.0,0.0,0.0,0.0,0.0,0.0,0.0,119.0,1.0,1.0,0.0,0.0,0.01,0.08,0.0,255.0,2.0,0.01,0.06,0.0,0.0,1.0,1.0,0.0,1.0,2187.0
0.0,1.0,3.0,5.0,0.0,0.0,0.0,0.0,0.0,0.0,0.0,0.0,0.0,295.0,1.0,1.0,0.0,0.0,0.03,0.05,0.0,255.0,6.0,0.02,0.07,0.0,0.0,1.0,1.0,0.0,1.0,22740.0
0.0,1.0,46.0,5.0,0.0,0.0,0.0,0.0,0.0,0.0,0.0,0.0,0.0,245.0,1.0,1.0,0.0,0.0,0.0,0.05,0.0,105.0,1.0,0.01,0.1,0.01,0.0,0.98,1.0,0.0,1.0,32903.0
0.0,1.0,46.0,1.0,0.0,0.0,0.0,0.0,0.0,0.0,0.0,0.0,0.0,199.0,0.0,0.0,1.0,1.0,0.1,0.07,0.0,255.0,20.0,0.08,0.07,0.0,0.0,0.0,0.0,1.0,1.0,53714.0
0.0,1.0,7.0,5.0,0.0,0.0,0.0,0.0,0.0,0.0,0.0,0.0,0.0,245.0,1.0,1.0,0.0,0.0,0.07,0.06,0.0,255.0,3.0,0.01,0.07,0.0,0.0,1.0,1.0,0.0,1.0,13085.0
0.0,1.0,9.0,5.0,0.0,0.0,0.0,0.0,0.0,0.0,0.0,0.0,0.0,143.0,1.0,1.0,0.0,0.0,0.14,0.06,0.0,255.0,20.0,0.08,0.06,0.0,0.0,1.0,1.0,0.0,1.0,32089.0
0.0,2.0,46.0,9.0,1.0,0.0,0.0,0.0,0.0,0.0,0.0,0.0,0.0,41.0,0.0,0.0,0.0,0.0,0.15,0.1,0.0,255.0,16.0,0.06,0.62,0.41,0.0,0.16,0.0,0.0,1.0,82776.0
0.0,2.0,11.0,9.0,44.0,130.0,0.0,0.0,0.0,0.0,0.0,0.0,0.0,128.0,0.0,0.0,0.0,0.0,0.99,0.02,0.01,255.0,254.0,1.0,0.01,0.0,0.0,0.0,0.0,0.0,0.0,39643.0
41334.0,1.0,46.0,4.0,1.0,0.0,0.0,0.0,0.0,0.0,0.0,0.0,0.0,2.0,0.0,0.0,1.0,1.0,1.0,0.0,0.0,255.0,2.0,0.01,0.27,0.54,0.0,0.0,0.0,1.0,1.0,48270.0
0.0,1.0,10.0,5.0,0.0,0.0,0.0,0.0,0.0,0.0,0.0,0.0,0.0,237.0,1.0,1.0,0.0,0.0,0.01,0.06,0.0,255.0,2.0,0.01,0.08,0.0,0.0,1.0,1.0,0.0,1.0,122401.0
0.0,1.0,33.0,5.0,0.0,0.0,0.0,0.0,0.0,0.0,0.0,0.0,0.0,211.0,1.0,1.0,0.0,0.0,0.03,0.06,0.0,255.0,18.0,0.07,0.07,0.0,0.0,1.0,1.0,0.0,1.0,97918.0
0.0,0.0,13.0,9.0,8.0,0.0,0.0,0.0,0.0,0.0,0.0,0.0,0.0,1.0,0.0,0.0,0.0,0.0,1.0,0.0,1.0,2.0,242.0,1.0,0.0,1.0,0.5,0.0,0.0,0.0,1.0,43437.0
0.0,1.0,46.0,5.0,0.0,0.0,0.0,0.0,0.0,0.0,0.0,0.0,0.0,287.0,1.0,1.0,0.0,0.0,0.02,0.06,0.0,255.0,14.0,0.05,0.08,0.0,0.0,1.0,1.0,0.0,1.0,23811.0
0.0,2.0,41.0,9.0,147.0,147.0,0.0,0.0,0.0,0.0,0.0,0.0,0.0,4.0,0.0,0.0,0.0,0.0,0.5,0.5,0.0,255.0,2.0,0.01,0.43,0.93,0.0,0.0,0.0,0.0,0.0,75689.0
0.0,0.0,13.0,9.0,8.0,0.0,0.0,0.0,0.0,0.0,0.0,0.0,0.0,1.0,0.0,0.0,0.0,0.0,1.0,0.0,1.0,1.0,62.0,1.0,0.0,1.0,0.52,0.0,0.0,0.0,1.0,28311.0
0.0,1.0,6.0,5.0,0.0,0.0,0.0,0.0,0.0,0.0,0.0,0.0,0.0,201.0,1.0,1.0,0.0,0.0,0.01,0.06,0.0,255.0,3.0,0.01,0.06,0.0,0.0,1.0,1.0,0.0,1.0,4010.0
0.0,1.0,46.0,5.0,0.0,0.0,0.0,0.0,0.0,0.0,0.0,0.0,0.0,205.0,1.0,1.0,0.0,0.0,0.09,0.06,0.0,255.0,19.0,0.07,0.06,0.0,0.0,1.0,1.0,0.0,1.0,120318.0
0.0,2.0,11.0,9.0,44.0,76.0,0.0,0.0,0.0,0.0,0.0,0.0,0.0,116.0,0.0,0.0,0.0,0.0,1.0,0.0,0.0,255.0,255.0,1.0,0.0,0.0,0.0,0.0,0.0,0.0,0.0,9360.0
0.0,1.0,46.0,5.0,0.0,0.0,0.0,0.0,0.0,0.0,0.0,0.0,0.0,121.0,1.0,1.0,0.0,0.0,0.13,0.07,0.0,24.0,16.0,0.67,0.17,0.04,0.0,1.0,1.0,0.0,1.0,2140.0
0.0,1.0,46.0,5.0,0.0,0.0,0.0,0.0,0.0,0.0,0.0,0.0,0.0,194.0,1.0,1.0,0.0,0.0,0.01,0.06,0.0,255.0,19.0,0.07,0.07,0.0,0.0,1.0,1.0,0.0,1.0,100100.0
0.0,1.0,55.0,5.0,0.0,0.0,0.0,0.0,0.0,0.0,0.0,0.0,0.0,275.0,1.0,1.0,0.0,0.0,0.08,0.05,0.0,255.0,21.0,0.08,0.05,0.0,0.0,1.0,1.0,0.0,1.0,69996.0
0.0,1.0,19.0,5.0,0.0,0.0,0.0,0.0,0.0,0.0,0.0,0.0,0.0,75.0,1.0,1.0,0.0,0.0,0.2,0.05,0.0,255.0,63.0,0.25,0.02,0.02,0.0,1.0,1.0,0.0,1.0,42483.0
0.0,1.0,57.0,2.0,0.0,0.0,0.0,0.0,0.0,0.0,0.0,0.0,0.0,236.0,0.0,0.0,1.0,1.0,0.08,0.07,0.0,255.0,18.0,0.07,0.09,0.0,0.0,0.0,0.0,1.0,1.0,71716.0
0.0,0.0,13.0,9.0,8.0,0.0,0.0,0.0,0.0,0.0,0.0,0.0,0.0,1.0,0.0,0.0,0.0,0.0,1.0,0.0,1.0,2.0,240.0,1.0,0.0,1.0,0.5,0.0,0.0,0.0,1.0,83148.0
0.0,1.0,16.0,5.0,0.0,0.0,0.0,0.0,0.0,0.0,0.0,0.0,0.0,133.0,1.0,1.0,0.0,0.0,0.04,0.07,0.0,255.0,5.0,0.02,0.06,0.0,0.0,1.0,1.0,0.0,1.0,59908.0
0.0,1.0,46.0,5.0,0.0,0.0,0.0,0.0,0.0,0.0,0.0,0.0,0.0,97.0,1.0,1.0,0.0,0.0,0.13,0.07,0.0,255.0,13.0,0.05,0.06,0.0,0.0,1.0,1.0,0.0,1.0,37217.0
0.0,1.0,22.0,5.0,0.0,0.0,0.0,0.0,0.0,0.0,0.0,0.0,0.0,44.0,1.0,1.0,0.0,0.0,0.34,0.09,0.0,255.0,64.0,0.25,0.02,0.0,0.0,1.0,1.0,0.0,1.0,35694.0
0.0,1.0,19.0,9.0,59.0,0.0,0.0,0.0,1.0,0.0,0.0,0.0,0.0,4.0,0.0,0.0,0.0,0.0,1.0,0.0,0.0,11.0,123.0,0.91,0.18,0.91,0.02,0.0,0.01,0.0,0.0,47445.0
0.0,1.0,46.0,5.0,0.0,0.0,0.0,0.0,0.0,0.0,0.0,0.0,0.0,242.0,1.0,1.0,0.0,0.0,0.08,0.07,0.0,255.0,20.0,0.08,0.08,0.0,0.0,1.0,1.0,0.0,1.0,32379.0
13448.0,1.0,41.0,4.0,1.0,0.0,0.0,0.0,0.0,0.0,0.0,0.0,0.0,2.0,0.0,0.0,1.0,1.0,1.0,0.0,0.0,255.0,2.0,0.01,0.68,1.0,0.0,0.0,0.0,1.0,1.0,76988.0
0.0,2.0,46.0,9.0,1.0,0.0,0.0,0.0,0.0,0.0,0.0,0.0,0.0,32.0,0.0,0.0,0.0,0.0,0.16,0.12,0.0,255.0,5.0,0.02,0.48,0.55,0.0,0.16,0.0,0.0,1.0,87333.0
0.0,1.0,2.0,5.0,0.0,0.0,0.0,0.0,0.0,0.0,0.0,0.0,0.0,212.0,1.0,1.0,0.0,0.0,0.06,0.06,0.0,255.0,12.0,0.05,0.07,0.0,0.0,1.0,1.0,0.0,1.0,88632.0
0.0,1.0,53.0,5.0,0.0,0.0,0.0,0.0,0.0,0.0,0.0,0.0,0.0,130.0,1.0,1.0,0.0,0.0,0.12,0.06,0.0,255.0,30.0,0.12,0.07,0.0,0.0,1.0,1.0,0.0,1.0,25422.0
0.0,1.0,35.0,5.0,0.0,0.0,0.0,0.0,0.0,0.0,0.0,0.0,0.0,256.0,1.0,1.0,0.0,0.0,0.09,0.05,0.0,255.0,24.0,0.09,0.05,0.0,0.0,1.0,1.0,0.0,1.0,66204.0
0.0,1.0,21.0,1.0,0.0,0.0,0.0,0.0,0.0,0.0,0.0,0.0,0.0,300.0,0.0,0.0,1.0,1.0,0.07,0.06,0.0,255.0,20.0,0.08,0.08,0.0,0.0,0.0,0.0,1.0,1.0,4878.0
0.0,1.0,46.0,1.0,0.0,0.0,0.0,0.0,0.0,0.0,0.0,0.0,0.0,320.0,0.0,0.0,1.0,1.0,0.0,0.52,0.0,255.0,1.0,0.0,0.52,1.0,0.0,0.0,0.0,1.0,1.0,68557.0
0.0,1.0,17.0,2.0,0.0,0.0,0.0,0.0,0.0,0.0,0.0,0.0,0.0,274.0,0.0,0.0,1.0,1.0,0.03,0.06,0.0,255.0,9.0,0.04,0.09,0.0,0.0,0.0,0.0,1.0,1.0,1448.0
0.0,1.0,59.0,5.0,0.0,0.0,0.0,0.0,0.0,0.0,0.0,0.0,0.0,279.0,1.0,1.0,0.0,0.0,0.07,0.05,0.0,255.0,20.0,0.08,0.07,0.0,0.0,1.0,1.0,0.0,1.0,102347.0
0.0,1.0,4.0,5.0,0.0,0.0,0.0,0.0,0.0,0.0,0.0,0.0,0.0,207.0,1.0,1.0,0.0,0.0,0.06,0.07,0.0,255.0,10.0,0.04,0.07,0.0,0.0,1.0,1.0,0.0,1.0,29590.0
0.0,1.0,10.0,5.0,0.0,0.0,0.0,0.0,0.0,0.0,0.0,0.0,0.0,294.0,1.0,1.0,0.0,0.0,0.05,0.06,0.0,255.0,13.0,0.05,0.06,0.0,0.0,1.0,1.0,0.0,1.0,24112.0
0.0,1.0,65.0,5.0,0.0,0.0,0.0,0.0,0.0,0.0,0.0,0.0,0.0,204.0,1.0,1.0,0.0,0.0,0.01,0.07,0.0,255.0,2.0,0.01,0.04,0.0,0.0,1.0,1.0,0.0,1.0,6590.0
0.0,1.0,4.0,1.0,0.0,0.0,0.0,0.0,0.0,0.0,0.0,0.0,0.0,233.0,0.0,0.0,1.0,1.0,0.07,0.06,0.0,255.0,17.0,0.07,0.07,0.0,0.0,0.0,0.0,1.0,1.0,75366.0
0.0,1.0,22.0,5.0,0.0,0.0,0.0,0.0,0.0,0.0,0.0,0.0,0.0,274.0,1.0,1.0,0.0,0.0,0.01,0.07,0.0,255.0,2.0,0.01,0.07,0.0,0.0,1.0,1.0,0.0,1.0,121976.0
0.0,1.0,32.0,5.0,0.0,0.0,0.0,0.0,0.0,0.0,0.0,0.0,0.0,199.0,1.0,1.0,0.0,0.0,0.04,0.07,0.0,255.0,7.0,0.03,0.08,0.0,0.0,1.0,1.0,0.0,1.0,19259.0
0.0,1.0,30.0,5.0,0.0,0.0,0.0,0.0,0.0,0.0,0.0,0.0,0.0,283.0,1.0,1.0,0.0,0.0,0.05,0.06,0.0,255.0,13.0,0.05,0.07,0.0,0.0,1.0,1.0,0.0,1.0,8525.0
0.0,1.0,46.0,1.0,0.0,0.0,0.0,0.0,0.0,0.0,0.0,0.0,0.0,430.0,0.0,0.0,1.0,1.0,0.0,0.52,0.0,255.0,1.0,0.0,0.51,1.0,0.0,0.0,0.0,1.0,1.0,27405.0
0.0,1.0,46.0,1.0,0.0,0.0,0.0,0.0,0.0,0.0,0.0,0.0,0.0,1.0,0.0,0.0,1.0,1.0,1.0,0.0,0.0,67.0,2.0,0.01,1.0,0.01,1.0,0.0,0.0,1.0,1.0,35873.0
0.0,1.0,46.0,5.0,0.0,0.0,0.0,0.0,0.0,0.0,0.0,0.0,0.0,183.0,1.0,1.0,0.0,0.0,0.1,0.08,0.0,255.0,19.0,0.07,0.09,0.0,0.0,1.0,1.0,0.0,1.0,77881.0
0.0,0.0,14.0,9.0,1032.0,0.0,0.0,0.0,0.0,0.0,0.0,0.0,0.0,383.0,0.0,0.0,0.0,0.0,1.0,0.0,0.0,255.0,255.0,1.0,0.0,1.0,0.0,0.0,0.0,0.0,1.0,106685.0
0.0,1.0,16.0,5.0,0.0,0.0,0.0,0.0,0.0,0.0,0.0,0.0,0.0,92.0,1.0,1.0,0.0,0.0,0.03,0.07,0.0,255.0,3.0,0.01,0.05,0.0,0.0,1.0,1.0,0.0,1.0,36534.0
2230.0,2.0,41.0,9.0,146.0,105.0,0.0,0.0,0.0,0.0,0.0,0.0,0.0,4.0,0.0,0.0,0.0,0.0,0.5,0.5,0.0,255.0,2.0,0.01,0.85,0.99,0.0,0.0,0.0,0.0,0.0,13681.0
0.0,1.0,62.0,5.0,0.0,0.0,0.0,0.0,0.0,0.0,0.0,0.0,0.0,150.0,1.0,1.0,0.0,0.0,0.13,0.06,0.0,255.0,13.0,0.05,0.07,0.0,0.0,1.0,1.0,0.0,1.0,31639.0
0.0,1.0,49.0,1.0,0.0,0.0,0.0,0.0,0.0,0.0,0.0,0.0,0.0,104.0,0.0,0.0,1.0,1.0,0.18,0.07,0.0,255.0,2.0,0.01,0.08,0.0,0.0,0.0,0.0,1.0,1.0,69157.0
0.0,1.0,46.0,1.0,0.0,0.0,0.0,0.0,0.0,0.0,0.0,0.0,0.0,194.0,0.0,0.0,1.0,1.0,0.1,0.07,0.0,255.0,19.0,0.07,0.08,0.0,0.0,0.0,0.0,1.0,1.0,113118.0
0.0,2.0,11.0,9.0,45.0,45.0,0.0,0.0,0.0,0.0,0.0,0.0,0.0,120.0,0.0,0.0,0.0,0.0,1.0,0.0,0.0,255.0,255.0,1.0,0.0,0.0,0.0,0.0,0.0,0.0,0.0,26020.0
0.0,1.0,46.0,5.0,0.0,0.0,0.0,0.0,0.0,0.0,0.0,0.0,0.0,188.0,1.0,1.0,0.0,0.0,0.01,0.06,0.0,255.0,19.0,0.07,0.07,0.0,0.0,1.0,1.0,0.0,1.0,106006.0
0.0,1.0,46.0,5.0,0.0,0.0,0.0,0.0,0.0,0.0,0.0,0.0,0.0,50.0,1.0,1.0,0.0,0.0,0.02,0.1,0.0,255.0,10.0,0.04,0.08,0.0,0.0,1.0,1.0,0.0,1.0,64788.0
0.0,1.0,4.0,5.0,0.0,0.0,0.0,0.0,0.0,0.0,0.0,0.0,0.0,208.0,1.0,1.0,0.0,0.0,0.1,0.05,0.0,255.0,20.0,0.08,0.06,0.0,0.0,1.0,1.0,0.0,1.0,85540.0
0.0,1.0,19.0,5.0,0.0,0.0,0.0,0.0,0.0,0.0,0.0,0.0,0.0,246.0,1.0,1.0,0.0,0.0,0.03,0.07,0.0,255.0,7.0,0.03,0.07,0.0,0.0,1.0,1.0,0.0,1.0,1418.0
0.0,1.0,20.0,5.0,0.0,0.0,0.0,0.0,0.0,0.0,0.0,0.0,0.0,233.0,1.0,1.0,0.0,0.0,0.07,0.06,0.0,255.0,4.0,0.02,0.08,0.0,0.0,1.0,1.0,0.0,1.0,27389.0
0.0,1.0,46.0,1.0,0.0,0.0,0.0,0.0,0.0,0.0,0.0,0.0,0.0,133.0,0.0,0.0,1.0,1.0,0.11,0.06,0.0,255.0,27.0,0.11,0.07,0.0,0.0,0.0,0.0,1.0,1.0,103201.0
0.0,1.0,41.0,1.0,0.0,0.0,0.0,0.0,0.0,0.0,0.0,0.0,0.0,397.0,0.07,0.0,0.9,1.0,0.0,1.0,0.0,255.0,1.0,0.0,1.0,0.0,0.0,0.08,0.0,1.0,1.0,53436.0
0.0,2.0,11.0,9.0,44.0,127.0,0.0,0.0,0.0,0.0,0.0,0.0,0.0,113.0,0.0,0.0,0.0,0.0,1.0,0.0,0.01,255.0,255.0,1.0,0.0,0.0,0.0,0.0,0.0,0.0,0.0,54358.0
0.0,1.0,17.0,9.0,8.0,147.0,0.0,0.0,0.0,0.0,0.0,0.0,0.0,1.0,0.0,0.0,0.0,0.0,1.0,0.0,0.0,255.0,3.0,0.01,0.72,0.0,0.0,0.71,0.33,0.0,0.0,103135.0
0.0,1.0,17.0,5.0,0.0,0.0,0.0,0.0,0.0,0.0,0.0,0.0,0.0,127.0,1.0,1.0,0.0,0.0,0.14,0.06,0.0,255.0,18.0,0.07,0.08,0.0,0.0,1.0,1.0,0.0,1.0,67659.0
0.0,1.0,22.0,1.0,0.0,0.0,0.0,0.0,0.0,0.0,0.0,0.0,0.0,1.0,0.0,0.0,1.0,1.0,1.0,0.0,0.0,19.0,219.0,1.0,0.0,0.05,0.16,0.0,0.0,1.0,0.0,25206.0
0.0,1.0,46.0,5.0,0.0,0.0,0.0,0.0,0.0,0.0,0.0,0.0,0.0,180.0,1.0,1.0,0.0,0.0,0.02,0.07,0.0,255.0,13.0,0.05,0.07,0.0,0.0,1.0,1.0,0.0,1.0,112787.0
0.0,0.0,14.0,9.0,520.0,0.0,0.0,0.0,0.0,0.0,0.0,0.0,0.0,455.0,0.0,0.0,0.0,0.0,1.0,0.0,0.0,40.0,40.0,1.0,0.0,1.0,0.0,0.0,0.0,0.0,1.0,80360.0
0.0,1.0,46.0,5.0,0.0,0.0,0.0,0.0,0.0,0.0,0.0,0.0,0.0,146.0,1.0,1.0,0.0,0.0,0.14,0.06,0.0,255.0,3.0,0.01,0.08,0.0,0.0,1.0,1.0,0.0,1.0,104029.0
0.0,0.0,13.0,9.0,8.0,0.0,0.0,0.0,0.0,0.0,0.0,0.0,0.0,1.0,0.0,0.0,0.0,0.0,1.0,0.0,1.0,4.0,32.0,1.0,0.0,1.0,0.25,0.0,0.0,0.0,1.0,24641.0
0.0,1.0,22.0,5.0,0.0,0.0,0.0,0.0,0.0,0.0,0.0,0.0,0.0,266.0,1.0,0.59,0.0,0.0,0.08,0.07,0.06,255.0,20.0,0.08,0.07,0.0,0.0,1.0,1.0,0.0,1.0,40724.0
0.0,0.0,14.0,9.0,520.0,0.0,0.0,0.0,0.0,0.0,0.0,0.0,0.0,485.0,0.0,0.0,0.0,0.0,1.0,0.0,0.0,116.0,116.0,1.0,0.0,1.0,0.0,0.0,0.0,0.0,1.0,92521.0
0.0,1.0,46.0,5.0,0.0,0.0,0.0,0.0,0.0,0.0,0.0,0.0,0.0,69.0,1.0,1.0,0.0,0.0,0.13,0.06,0.0,255.0,9.0,0.04,0.07,0.0,0.0,1.0,1.0,0.0,1.0,4735.0
0.0,0.0,14.0,9.0,1032.0,0.0,0.0,0.0,0.0,0.0,0.0,0.0,0.0,511.0,0.0,0.0,0.0,0.0,1.0,0.0,0.0,255.0,221.0,0.87,0.01,0.87,0.0,0.0,0.0,0.0,1.0,121236.0
0.0,1.0,15.0,5.0,0.0,0.0,0.0,0.0,0.0,0.0,0.0,0.0,0.0,79.0,1.0,1.0,0.0,0.0,0.22,0.06,0.0,255.0,17.0,0.07,0.07,0.0,0.0,1.0,1.0,0.0,1.0,63211.0
0.0,1.0,46.0,5.0,0.0,0.0,0.0,0.0,0.0,0.0,0.0,0.0,0.0,254.0,1.0,1.0,0.0,0.0,0.04,0.06,0.0,255.0,5.0,0.02,0.07,0.0,0.0,1.0,1.0,0.0,1.0,94673.0
0.0,0.0,13.0,9.0,8.0,0.0,0.0,0.0,0.0,0.0,0.0,0.0,0.0,1.0,0.0,0.0,0.0,0.0,1.0,0.0,1.0,4.0,41.0,1.0,0.0,1.0,0.27,0.0,0.0,0.0,1.0,41848.0
0.0,1.0,46.0,5.0,0.0,0.0,0.0,0.0,0.0,0.0,0.0,0.0,0.0,231.0,1.0,1.0,0.0,0.0,0.05,0.06,0.0,255.0,8.0,0.03,0.07,0.0,0.0,1.0,1.0,0.0,1.0,111508.0
0.0,1.0,46.0,5.0,0.0,0.0,0.0,0.0,0.0,0.0,0.0,0.0,0.0,57.0,1.0,1.0,0.0,0.0,0.37,0.07,0.0,255.0,21.0,0.08,0.06,0.0,0.0,1.0,1.0,0.0,1.0,10289.0
0.0,1.0,38.0,5.0,0.0,0.0,0.0,0.0,0.0,0.0,0.0,0.0,0.0,102.0,1.0,1.0,0.0,0.0,0.07,0.07,0.0,255.0,7.0,0.03,0.07,0.0,0.0,1.0,1.0,0.0,1.0,69636.0
0.0,1.0,46.0,5.0,0.0,0.0,0.0,0.0,0.0,0.0,0.0,0.0,0.0,252.0,1.0,1.0,0.0,0.0,0.04,0.06,0.0,255.0,17.0,0.07,0.08,0.0,0.0,1.0,1.0,0.0,1.0,78354.0
0.0,1.0,15.0,1.0,0.0,0.0,0.0,0.0,0.0,0.0,0.0,0.0,0.0,116.0,0.0,0.0,1.0,1.0,0.1,0.08,0.0,255.0,12.0,0.05,0.07,0.0,0.0,0.0,0.0,1.0,1.0,930.0
0.0,1.0,57.0,5.0,0.0,0.0,0.0,0.0,0.0,0.0,0.0,0.0,0.0,43.0,1.0,1.0,0.0,0.0,0.16,0.09,0.0,255.0,67.0,0.26,0.02,0.02,0.0,1.0,1.0,0.0,1.0,11024.0
0.0,1.0,51.0,9.0,3375.0,451.0,0.0,0.0,1.0,0.0,0.0,0.0,0.0,1.0,0.0,0.0,0.0,0.0,1.0,0.0,1.0,255.0,68.0,0.27,0.05,0.0,0.0,0.46,0.0,0.0,0.0,79398.0
0.0,1.0,49.0,1.0,0.0,0.0,0.0,0.0,0.0,0.0,0.0,0.0,0.0,260.0,0.0,0.0,1.0,1.0,0.07,0.07,0.0,255.0,18.0,0.07,0.07,0.0,0.0,0.0,0.0,1.0,1.0,35889.0
0.0,1.0,28.0,5.0,0.0,0.0,0.0,0.0,0.0,0.0,0.0,0.0,0.0,129.0,1.0,1.0,0.0,0.0,0.15,0.05,0.0,255.0,19.0,0.07,0.05,0.0,0.0,1.0,1.0,0.0,1.0,41206.0
0.0,1.0,46.0,5.0,0.0,0.0,0.0,0.0,0.0,0.0,0.0,0.0,0.0,240.0,1.0,1.0,0.0,0.0,0.02,0.06,0.0,255.0,9.0,0.04,0.09,0.0,0.0,1.0,1.0,0.0,1.0,76801.0
0.0,1.0,46.0,5.0,0.0,0.0,0.0,0.0,0.0,0.0,0.0,0.0,0.0,295.0,1.0,1.0,0.0,0.0,0.05,0.05,0.0,255.0,4.0,0.02,0.08,0.0,0.0,1.0,1.0,0.0,1.0,121697.0
0.0,1.0,38.0,5.0,0.0,0.0,0.0,0.0,0.0,0.0,0.0,0.0,0.0,94.0,1.0,1.0,0.0,0.0,0.09,0.06,0.0,255.0,8.0,0.03,0.05,0.0,0.0,1.0,1.0,0.0,1.0,29002.0
0.0,1.0,22.0,5.0,0.0,0.0,0.0,0.0,0.0,0.0,0.0,0.0,0.0,19.0,1.0,1.0,0.0,0.0,0.32,0.21,0.0,255.0,8.0,0.03,0.06,0.01,0.0,1.0,1.0,0.0,1.0,20352.0
0.0,1.0,19.0,5.0,0.0,0.0,0.0,0.0,0.0,0.0,0.0,0.0,0.0,273.0,1.0,1.0,0.0,0.0,0.03,0.06,0.0,255.0,14.0,0.05,0.09,0.0,0.0,1.0,1.0,0.0,1.0,45509.0
0.0,1.0,36.0,1.0,0.0,0.0,0.0,0.0,0.0,0.0,0.0,0.0,0.0,295.0,0.0,0.0,1.0,1.0,0.06,0.06,0.0,255.0,18.0,0.07,0.07,0.0,0.0,0.0,0.0,1.0,1.0,76683.0
0.0,1.0,29.0,5.0,0.0,0.0,0.0,0.0,0.0,0.0,0.0,0.0,0.0,103.0,1.0,1.0,0.0,0.0,0.13,0.06,0.0,255.0,3.0,0.01,0.07,0.0,0.0,1.0,1.0,0.0,1.0,56206.0
0.0,1.0,28.0,5.0,0.0,0.0,0.0,0.0,0.0,0.0,0.0,0.0,0.0,17.0,1.0,1.0,0.0,0.0,0.12,0.12,0.0,255.0,11.0,0.04,0.06,0.0,0.0,1.0,1.0,0.0,1.0,116630.0
58.0,1.0,51.0,9.0,2599.0,485.0,0.0,0.0,1.0,0.0,0.0,0.0,0.0,511.0,0.0,0.0,0.0,0.0,0.0,0.0,0.0,255.0,4.0,0.02,0.01,0.0,0.0,0.0,0.0,0.0,0.0,12750.0
0.0,1.0,46.0,5.0,0.0,0.0,0.0,0.0,0.0,0.0,0.0,0.0,0.0,293.0,1.0,1.0,0.0,0.0,0.06,0.05,0.0,255.0,4.0,0.02,0.08,0.0,0.0,1.0,1.0,0.0,1.0,58155.0
0.0,1.0,46.0,5.0,0.0,0.0,0.0,0.0,0.0,0.0,0.0,0.0,0.0,136.0,1.0,1.0,0.0,0.0,0.11,0.06,0.0,192.0,15.0,0.08,0.06,0.01,0.0,1.0,1.0,0.0,1.0,2967.0
0.0,1.0,21.0,1.0,0.0,0.0,0.0,0.0,0.0,0.0,0.0,0.0,0.0,282.0,0.0,0.0,1.0,1.0,0.07,0.06,0.0,255.0,20.0,0.08,0.07,0.0,0.0,0.0,0.0,1.0,1.0,117254.0
0.0,2.0,46.0,9.0,1.0,0.0,0.0,0.0,0.0,0.0,0.0,0.0,0.0,15.0,0.0,0.0,0.0,0.0,0.13,0.13,0.0,255.0,31.0,0.12,0.63,0.5,0.0,0.0,0.0,0.0,1.0,74832.0
0.0,2.0,11.0,9.0,29.0,0.0,0.0,0.0,0.0,0.0,0.0,0.0,0.0,2.0,0.0,0.0,0.0,0.0,0.5,1.0,1.0,114.0,44.0,0.15,0.04,0.15,0.05,0.0,0.0,0.0,0.0,593.0
0.0,1.0,46.0,5.0,0.0,0.0,0.0,0.0,0.0,0.0,0.0,0.0,0.0,272.0,1.0,1.0,0.0,0.0,0.02,0.06,0.0,255.0,1.0,0.0,0.09,0.0,0.0,1.0,1.0,0.0,1.0,5187.0
0.0,2.0,11.0,9.0,44.0,76.0,0.0,0.0,0.0,0.0,0.0,0.0,0.0,147.0,0.0,0.0,0.0,0.0,1.0,0.0,0.0,255.0,202.0,0.79,0.01,0.01,0.0,0.0,0.0,0.0,0.0,61053.0
0.0,1.0,46.0,5.0,0.0,0.0,0.0,0.0,0.0,0.0,0.0,0.0,0.0,216.0,1.0,1.0,0.0,0.0,0.04,0.06,0.0,255.0,13.0,0.05,0.08,0.0,0.0,1.0,1.0,0.0,1.0,25080.0
0.0,1.0,26.0,5.0,0.0,0.0,0.0,0.0,0.0,0.0,0.0,0.0,0.0,10.0,1.0,1.0,0.0,0.0,0.5,0.4,0.0,255.0,5.0,0.02,0.09,0.0,0.0,1.0,1.0,0.0,1.0,18191.0
0.0,1.0,46.0,1.0,0.0,0.0,0.0,0.0,0.0,0.0,0.0,0.0,0.0,95.0,0.07,0.0,0.93,1.0,0.01,1.0,0.0,255.0,1.0,0.0,0.64,0.0,0.0,0.03,0.0,1.0,1.0,60340.0
0.0,1.0,19.0,5.0,0.0,0.0,0.0,0.0,0.0,0.0,0.0,0.0,0.0,39.0,1.0,1.0,0.0,0.0,0.49,0.05,0.0,255.0,57.0,0.22,0.04,0.01,0.0,1.0,1.0,0.0,1.0,32298.0
0.0,1.0,46.0,5.0,0.0,0.0,0.0,0.0,0.0,0.0,0.0,0.0,0.0,260.0,1.0,1.0,0.0,0.0,0.04,0.06,0.0,255.0,11.0,0.04,0.05,0.0,0.0,1.0,1.0,0.0,1.0,35902.0
0.0,1.0,46.0,5.0,0.0,0.0,0.0,0.0,0.0,0.0,0.0,0.0,0.0,91.0,1.0,1.0,0.0,0.0,0.02,0.07,0.0,200.0,2.0,0.01,0.06,0.0,0.0,1.0,1.0,0.0,1.0,116837.0
0.0,1.0,38.0,5.0,0.0,0.0,0.0,0.0,0.0,0.0,0.0,0.0,0.0,106.0,1.0,1.0,0.0,0.0,0.03,0.07,0.0,255.0,3.0,0.01,0.05,0.0,0.0,1.0,1.0,0.0,1.0,94927.0
0.0,1.0,55.0,5.0,0.0,0.0,0.0,0.0,0.0,0.0,0.0,0.0,0.0,272.0,1.0,1.0,0.0,0.0,0.07,0.05,0.0,255.0,20.0,0.08,0.05,0.0,0.0,1.0,1.0,0.0,1.0,125612.0
0.0,1.0,17.0,5.0,0.0,0.0,0.0,0.0,0.0,0.0,0.0,0.0,0.0,16.0,1.0,1.0,0.0,0.0,0.31,0.25,0.0,255.0,64.0,0.25,0.02,0.01,0.0,1.0,1.0,0.0,1.0,7284.0
0.0,1.0,7.0,1.0,0.0,0.0,0.0,0.0,0.0,0.0,0.0,0.0,0.0,274.0,0.0,0.0,1.0,1.0,0.07,0.06,0.0,255.0,18.0,0.07,0.07,0.0,0.0,0.0,0.0,1.0,1.0,84394.0
0.0,1.0,10.0,1.0,0.0,0.0,0.0,0.0,0.0,0.0,0.0,0.0,0.0,253.0,0.0,0.0,1.0,1.0,0.05,0.06,0.0,255.0,13.0,0.05,0.08,0.0,0.0,0.0,0.0,1.0,1.0,110730.0
0.0,1.0,46.0,5.0,0.0,0.0,0.0,0.0,0.0,0.0,0.0,0.0,0.0,119.0,1.0,1.0,0.0,0.0,0.16,0.06,0.0,67.0,18.0,0.27,0.09,0.01,0.0,1.0,1.0,0.0,1.0,7242.0
0.0,1.0,59.0,2.0,0.0,0.0,0.0,0.0,0.0,0.0,0.0,0.0,0.0,180.0,0.0,0.0,1.0,1.0,0.04,0.07,0.0,255.0,8.0,0.03,0.07,0.0,0.0,0.0,0.0,1.0,1.0,73737.0
0.0,2.0,46.0,9.0,1.0,4.0,0.0,0.0,0.0,0.0,0.0,0.0,0.0,22.0,0.0,0.0,0.0,0.0,0.23,0.14,0.0,255.0,5.0,0.02,0.73,0.3,0.0,0.16,0.0,0.0,1.0,105340.0
0.0,2.0,11.0,9.0,45.0,132.0,0.0,0.0,0.0,0.0,0.0,0.0,0.0,128.0,0.0,0.0,0.0,0.0,1.0,0.0,0.0,255.0,254.0,1.0,0.01,0.0,0.0,0.0,0.0,0.0,0.0,28317.0
0.0,1.0,5.0,1.0,0.0,0.0,0.0,0.0,0.0,0.0,0.0,0.0,0.0,117.0,0.0,0.0,1.0,1.0,0.13,0.07,0.0,255.0,15.0,0.06,0.06,0.0,0.0,0.0,0.0,1.0,1.0,67400.0
0.0,1.0,10.0,5.0,0.0,0.0,0.0,0.0,0.0,0.0,0.0,0.0,0.0,149.0,1.0,1.0,0.0,0.0,0.13,0.06,0.0,255.0,17.0,0.07,0.07,0.0,0.0,1.0,1.0,0.0,1.0,80036.0
577.0,2.0,41.0,9.0,147.0,105.0,0.0,0.0,0.0,0.0,0.0,0.0,0.0,7.0,0.0,0.0,0.0,0.0,0.14,0.57,0.0,255.0,1.0,0.0,0.48,0.91,0.0,0.0,0.0,0.0,0.0,120322.0
0.0,1.0,46.0,5.0,0.0,0.0,0.0,0.0,0.0,0.0,0.0,0.0,0.0,109.0,1.0,1.0,0.0,0.0,0.08,0.06,0.0,188.0,12.0,0.06,0.1,0.01,0.0,1.0,1.0,0.0,1.0,89009.0
0.0,1.0,44.0,5.0,0.0,0.0,0.0,0.0,0.0,0.0,0.0,0.0,0.0,254.0,1.0,1.0,0.0,0.0,0.07,0.07,0.0,255.0,18.0,0.07,0.07,0.0,0.0,1.0,1.0,0.0,1.0,124611.0
0.0,1.0,9.0,5.0,0.0,0.0,0.0,0.0,0.0,0.0,0.0,0.0,0.0,16.0,1.0,1.0,0.0,0.0,0.38,0.38,0.0,255.0,14.0,0.05,0.09,0.0,0.0,1.0,1.0,0.0,1.0,26596.0
0.0,1.0,46.0,5.0,0.0,0.0,0.0,0.0,0.0,0.0,0.0,0.0,0.0,130.0,1.0,1.0,0.0,0.0,0.07,0.05,0.0,255.0,6.0,0.02,0.06,0.0,0.0,1.0,1.0,0.0,1.0,25660.0
0.0,1.0,46.0,5.0,0.0,0.0,0.0,0.0,0.0,0.0,0.0,0.0,0.0,121.0,1.0,1.0,0.0,0.0,0.09,0.06,0.0,255.0,12.0,0.05,0.05,0.0,0.0,1.0,1.0,0.0,1.0,8792.0
0.0,1.0,46.0,1.0,0.0,0.0,0.0,0.0,0.0,0.0,0.0,0.0,0.0,126.0,0.0,0.0,1.0,1.0,0.13,0.06,0.0,255.0,17.0,0.07,0.07,0.0,0.0,0.0,0.0,1.0,1.0,109723.0
0.0,1.0,35.0,5.0,0.0,0.0,0.0,0.0,0.0,0.0,0.0,0.0,0.0,228.0,1.0,1.0,0.0,0.0,0.09,0.06,0.0,255.0,20.0,0.08,0.07,0.0,0.0,1.0,1.0,0.0,1.0,98485.0
0.0,1.0,34.0,5.0,0.0,0.0,0.0,0.0,0.0,0.0,0.0,0.0,0.0,245.0,1.0,1.0,0.0,0.0,0.09,0.05,0.0,255.0,23.0,0.09,0.06,0.0,0.0,1.0,1.0,0.0,1.0,55009.0
0.0,1.0,38.0,5.0,0.0,0.0,0.0,0.0,0.0,0.0,0.0,0.0,0.0,15.0,1.0,1.0,0.0,0.0,0.4,0.27,0.0,255.0,6.0,0.02,0.09,0.0,0.0,1.0,1.0,0.0,1.0,48340.0
0.0,2.0,46.0,9.0,28.0,0.0,3.0,0.0,0.0,0.0,0.0,0.0,0.0,4.0,0.0,0.0,0.0,0.0,1.0,0.0,0.0,255.0,4.0,0.02,0.02,0.02,0.0,0.0,0.0,0.0,1.0,70505.0
0.0,1.0,46.0,5.0,0.0,0.0,0.0,0.0,0.0,0.0,0.0,0.0,0.0,228.0,1.0,1.0,0.0,0.0,0.02,0.07,0.0,255.0,19.0,0.07,0.06,0.0,0.0,1.0,1.0,0.0,1.0,2723.0
0.0,0.0,13.0,9.0,18.0,0.0,0.0,0.0,0.0,0.0,0.0,0.0,0.0,1.0,0.0,0.0,0.0,0.0,1.0,0.0,0.0,3.0,227.0,1.0,0.0,1.0,0.25,0.0,0.0,0.0,1.0,30296.0
0.0,1.0,55.0,1.0,0.0,0.0,0.0,0.0,0.0,0.0,0.0,0.0,0.0,206.0,0.0,0.0,1.0,1.0,0.01,0.08,0.0,255.0,2.0,0.01,0.09,0.0,0.0,0.0,0.0,1.0,1.0,30962.0
0.0,1.0,36.0,1.0,0.0,0.0,0.0,0.0,0.0,0.0,0.0,0.0,0.0,268.0,0.0,0.0,1.0,1.0,0.03,0.07,0.0,255.0,8.0,0.03,0.09,0.0,0.0,0.0,0.0,1.0,1.0,79969.0
0.0,0.0,13.0,9.0,8.0,0.0,0.0,0.0,0.0,0.0,0.0,0.0,0.0,1.0,0.0,0.0,0.0,0.0,1.0,0.0,1.0,3.0,147.0,1.0,0.0,1.0,0.25,0.0,0.0,0.0,1.0,70878.0
0.0,1.0,46.0,1.0,0.0,0.0,0.0,0.0,0.0,0.0,0.0,0.0,0.0,121.0,0.0,0.0,1.0,1.0,0.14,0.06,0.0,255.0,17.0,0.07,0.05,0.0,0.0,0.0,0.0,1.0,1.0,122934.0
0.0,0.0,13.0,9.0,18.0,0.0,0.0,0.0,0.0,0.0,0.0,0.0,0.0,1.0,0.0,0.0,0.0,0.0,1.0,0.0,0.0,1.0,89.0,1.0,0.0,1.0,1.0,0.0,0.0,0.0,1.0,41186.0
0.0,1.0,57.0,5.0,0.0,0.0,0.0,0.0,0.0,0.0,0.0,0.0,0.0,29.0,1.0,1.0,0.0,0.0,0.31,0.1,0.0,255.0,69.0,0.27,0.02,0.0,0.0,1.0,1.0,0.0,1.0,51726.0
0.0,0.0,13.0,9.0,8.0,0.0,0.0,0.0,0.0,0.0,0.0,0.0,0.0,1.0,0.0,0.0,0.0,0.0,1.0,0.0,1.0,1.0,62.0,1.0,0.0,1.0,0.52,0.0,0.0,0.0,1.0,47114.0
0.0,1.0,57.0,5.0,0.0,0.0,0.0,0.0,0.0,0.0,0.0,0.0,0.0,19.0,1.0,1.0,0.0,0.0,0.21,0.26,0.0,255.0,14.0,0.05,0.08,0.0,0.0,1.0,1.0,0.0,1.0,22578.0
0.0,2.0,11.0,9.0,44.0,76.0,0.0,0.0,0.0,0.0,0.0,0.0,0.0,150.0,0.0,0.0,0.0,0.0,0.99,0.01,0.01,255.0,255.0,1.0,0.0,0.0,0.0,0.0,0.0,0.0,0.0,27683.0
0.0,1.0,22.0,1.0,0.0,0.0,0.0,0.0,0.0,0.0,0.0,0.0,0.0,1.0,0.0,0.0,1.0,1.0,1.0,0.0,1.0,54.0,255.0,1.0,0.0,0.02,0.16,0.0,0.01,0.99,0.0,14635.0
2.0,1.0,46.0,4.0,0.0,0.0,0.0,0.0,0.0,0.0,0.0,0.0,0.0,379.0,0.0,0.0,1.0,1.0,0.01,0.52,0.0,255.0,2.0,0.01,0.52,1.0,0.0,0.0,0.0,1.0,1.0,88795.0
0.0,1.0,46.0,5.0,0.0,0.0,0.0,0.0,0.0,0.0,0.0,0.0,0.0,117.0,1.0,1.0,0.0,0.0,0.15,0.05,0.0,255.0,18.0,0.07,0.05,0.0,0.0,1.0,1.0,0.0,1.0,34687.0
0.0,1.0,46.0,5.0,0.0,0.0,0.0,0.0,0.0,0.0,0.0,0.0,0.0,71.0,1.0,1.0,0.0,0.0,0.17,0.07,0.0,221.0,12.0,0.05,0.06,0.0,0.0,1.0,1.0,0.0,1.0,27462.0
0.0,2.0,11.0,9.0,44.0,44.0,0.0,0.0,0.0,0.0,0.0,0.0,0.0,102.0,0.0,0.0,0.0,0.0,1.0,0.0,0.01,255.0,255.0,1.0,0.0,0.01,0.0,0.0,0.0,0.0,0.0,108402.0
0.0,1.0,46.0,5.0,0.0,0.0,0.0,0.0,0.0,0.0,0.0,0.0,0.0,140.0,1.0,1.0,0.0,0.0,0.14,0.06,0.0,90.0,20.0,0.22,0.08,0.01,0.0,1.0,1.0,0.0,1.0,51267.0
0.0,1.0,46.0,1.0,0.0,0.0,0.0,0.0,0.0,0.0,0.0,0.0,0.0,146.0,0.0,0.0,1.0,1.0,0.1,0.07,0.0,255.0,14.0,0.05,0.07,0.0,0.0,0.0,0.0,1.0,1.0,122639.0
0.0,2.0,11.0,9.0,46.0,83.0,0.0,0.0,0.0,0.0,0.0,0.0,0.0,129.0,0.0,0.0,0.0,0.0,1.0,0.0,0.02,255.0,230.0,0.9,0.01,0.0,0.0,0.0,0.0,0.0,0.0,19653.0
0.0,1.0,17.0,5.0,0.0,0.0,0.0,0.0,0.0,0.0,0.0,0.0,0.0,32.0,1.0,1.0,0.0,0.0,0.25,0.12,0.0,255.0,59.0,0.23,0.04,0.0,0.0,1.0,1.0,0.0,1.0,120854.0
0.0,1.0,59.0,5.0,0.0,0.0,0.0,0.0,0.0,0.0,0.0,0.0,0.0,231.0,1.0,1.0,0.0,0.0,0.04,0.06,0.0,255.0,1.0,0.0,0.07,0.0,0.0,1.0,1.0,0.0,1.0,43470.0
0.0,1.0,46.0,1.0,0.0,0.0,0.0,0.0,0.0,0.0,0.0,0.0,0.0,202.0,0.0,0.0,1.0,1.0,0.01,0.06,0.0,255.0,5.0,0.02,0.07,0.0,0.0,0.0,0.0,1.0,1.0,60568.0
0.0,1.0,46.0,5.0,0.0,0.0,0.0,0.0,0.0,0.0,0.0,0.0,0.0,70.0,1.0,1.0,0.0,0.0,0.07,0.09,0.0,255.0,18.0,0.07,0.07,0.0,0.0,1.0,1.0,0.0,1.0,51017.0
0.0,1.0,19.0,9.0,334.0,0.0,0.0,0.0,1.0,0.0,0.0,0.0,0.0,2.0,0.0,0.0,0.0,0.0,1.0,0.0,0.0,8.0,49.0,1.0,0.0,1.0,0.14,0.0,0.0,0.0,1.0,85544.0
0.0,1.0,26.0,5.0,0.0,0.0,0.0,0.0,0.0,0.0,0.0,0.0,0.0,31.0,1.0,1.0,0.0,0.0,0.19,0.16,0.0,255.0,6.0,0.02,0.08,0.0,0.0,1.0,1.0,0.0,1.0,43885.0
0.0,2.0,11.0,9.0,33.0,0.0,0.0,0.0,0.0,0.0,0.0,0.0,0.0,2.0,0.0,0.0,0.0,0.0,0.5,1.0,1.0,255.0,28.0,0.11,0.05,0.11,0.0,0.01,0.0,0.0,0.0,48304.0
0.0,1.0,46.0,5.0,0.0,0.0,0.0,0.0,0.0,0.0,0.0,0.0,0.0,113.0,1.0,1.0,0.0,0.0,0.03,0.06,0.0,255.0,11.0,0.04,0.06,0.0,0.0,1.0,1.0,0.0,1.0,19656.0
0.0,1.0,62.0,2.0,0.0,0.0,0.0,0.0,0.0,0.0,0.0,0.0,0.0,2.0,0.0,0.0,1.0,1.0,0.5,1.0,0.0,255.0,1.0,0.0,1.0,1.0,0.0,0.0,0.0,1.0,1.0,32715.0
0.0,1.0,46.0,5.0,0.0,0.0,0.0,0.0,0.0,0.0,0.0,0.0,0.0,185.0,1.0,1.0,0.0,0.0,0.09,0.06,0.0,255.0,7.0,0.03,0.07,0.0,0.0,1.0,1.0,0.0,1.0,114913.0
0.0,1.0,12.0,5.0,0.0,0.0,0.0,0.0,0.0,0.0,0.0,0.0,0.0,263.0,1.0,1.0,0.0,0.0,0.07,0.06,0.0,255.0,18.0,0.07,0.07,0.0,0.0,1.0,1.0,0.0,1.0,123127.0
0.0,1.0,17.0,5.0,0.0,0.0,0.0,0.0,0.0,0.0,0.0,0.0,0.0,39.0,0.95,1.0,0.05,0.0,0.44,0.1,0.0,255.0,17.0,0.07,0.06,0.0,0.0,1.0,1.0,0.0,1.0,79818.0
0.0,1.0,17.0,2.0,0.0,0.0,0.0,0.0,0.0,0.0,0.0,0.0,0.0,257.0,0.0,0.0,1.0,1.0,0.02,0.07,0.0,255.0,6.0,0.02,0.07,0.0,0.0,0.0,0.0,1.0,1.0,107845.0
0.0,1.0,46.0,5.0,0.0,0.0,0.0,0.0,0.0,0.0,0.0,0.0,0.0,112.0,1.0,1.0,0.0,0.0,0.12,0.05,0.0,255.0,20.0,0.08,0.06,0.0,0.0,1.0,1.0,0.0,1.0,64776.0
0.0,1.0,46.0,1.0,0.0,0.0,0.0,0.0,0.0,0.0,0.0,0.0,0.0,133.0,0.0,0.0,1.0,1.0,0.11,0.07,0.0,255.0,15.0,0.06,0.08,0.0,0.0,0.0,0.0,1.0,1.0,84793.0
18398.0,1.0,41.0,4.0,1.0,0.0,0.0,0.0,0.0,0.0,0.0,0.0,0.0,2.0,0.0,0.0,1.0,1.0,1.0,0.0,0.0,255.0,2.0,0.01,0.73,1.0,0.0,0.0,0.0,1.0,1.0,59475.0
0.0,1.0,46.0,5.0,0.0,0.0,0.0,0.0,0.0,0.0,0.0,0.0,0.0,122.0,1.0,1.0,0.0,0.0,0.1,0.07,0.0,255.0,18.0,0.07,0.06,0.0,0.0,1.0,1.0,0.0,1.0,42759.0
0.0,1.0,19.0,9.0,29.0,0.0,0.0,0.0,1.0,0.0,0.0,0.0,0.0,2.0,0.0,0.0,0.0,0.0,1.0,0.0,0.0,255.0,72.0,0.28,0.02,0.28,0.0,0.0,0.0,0.0,0.0,56026.0
0.0,1.0,7.0,5.0,0.0,0.0,0.0,0.0,0.0,0.0,0.0,0.0,0.0,274.0,1.0,1.0,0.0,0.0,0.07,0.06,0.0,255.0,20.0,0.08,0.08,0.0,0.0,1.0,1.0,0.0,1.0,28710.0
9395.0,1.0,41.0,4.0,1.0,0.0,0.0,0.0,0.0,0.0,0.0,0.0,0.0,2.0,0.0,0.0,1.0,1.0,1.0,0.0,0.0,255.0,2.0,0.01,0.74,1.0,0.0,0.0,0.0,1.0,1.0,90736.0
0.0,1.0,19.0,5.0,0.0,0.0,0.0,0.0,0.0,0.0,0.0,0.0,0.0,76.0,1.0,1.0,0.0,0.0,0.24,0.05,0.0,255.0,58.0,0.23,0.04,0.01,0.0,1.0,1.0,0.0,1.0,101076.0
0.0,1.0,19.0,5.0,0.0,0.0,0.0,0.0,0.0,0.0,0.0,0.0,0.0,26.0,1.0,1.0,0.0,0.0,0.19,0.15,0.0,255.0,63.0,0.25,0.02,0.01,0.0,1.0,1.0,0.0,1.0,14186.0
0.0,2.0,11.0,9.0,44.0,75.0,0.0,0.0,0.0,0.0,0.0,0.0,0.0,133.0,0.0,0.0,0.0,0.0,0.99,0.02,0.02,255.0,244.0,0.96,0.01,0.0,0.0,0.0,0.0,0.0,0.0,17813.0
0.0,1.0,2.0,1.0,0.0,0.0,0.0,0.0,0.0,0.0,0.0,0.0,0.0,219.0,0.0,0.0,1.0,1.0,0.04,0.07,0.0,255.0,9.0,0.04,0.09,0.0,0.0,0.0,0.0,1.0,1.0,68087.0
0.0,0.0,13.0,9.0,8.0,0.0,0.0,0.0,0.0,0.0,0.0,0.0,0.0,1.0,0.0,0.0,0.0,0.0,1.0,0.0,0.0,2.0,146.0,1.0,0.0,1.0,0.5,0.0,0.0,0.0,1.0,117681.0
0.0,1.0,2.0,1.0,0.0,0.0,0.0,0.0,0.0,0.0,0.0,0.0,0.0,366.0,0.0,0.0,1.0,1.0,0.0,0.52,0.0,255.0,1.0,0.0,0.52,1.0,0.0,0.0,0.0,1.0,1.0,807.0
0.0,0.0,13.0,9.0,8.0,0.0,0.0,0.0,0.0,0.0,0.0,0.0,0.0,1.0,0.0,0.0,0.0,0.0,1.0,0.0,1.0,2.0,40.0,1.0,0.0,1.0,0.5,0.0,0.0,0.0,1.0,11696.0
0.0,1.0,46.0,1.0,0.0,0.0,0.0,0.0,0.0,0.0,0.0,0.0,0.0,1.0,0.0,0.0,1.0,1.0,1.0,0.0,0.0,30.0,2.0,0.03,1.0,0.03,1.0,0.0,0.0,1.0,1.0,105000.0
0.0,1.0,23.0,1.0,0.0,0.0,0.0,0.0,0.0,0.0,0.0,0.0,0.0,147.0,0.0,0.0,1.0,1.0,0.12,0.05,0.0,255.0,18.0,0.07,0.06,0.0,0.0,0.0,0.0,1.0,1.0,96764.0
0.0,1.0,46.0,5.0,0.0,0.0,0.0,0.0,0.0,0.0,0.0,0.0,0.0,114.0,1.0,1.0,0.0,0.0,0.03,0.07,0.0,223.0,3.0,0.01,0.07,0.0,0.0,1.0,1.0,0.0,1.0,31204.0
968.0,2.0,41.0,9.0,146.0,105.0,0.0,0.0,0.0,0.0,0.0,0.0,0.0,1.0,0.0,0.0,0.0,0.0,1.0,0.0,0.0,255.0,1.0,0.0,0.69,0.97,0.0,0.0,0.0,0.0,0.0,95425.0
0.0,2.0,11.0,9.0,43.0,69.0,0.0,0.0,0.0,0.0,0.0,0.0,0.0,154.0,0.0,0.0,0.0,0.0,1.0,0.0,0.0,255.0,203.0,0.8,0.01,0.0,0.0,0.0,0.0,0.0,0.0,93799.0
0.0,1.0,27.0,5.0,0.0,0.0,0.0,0.0,0.0,0.0,0.0,0.0,0.0,124.0,1.0,1.0,0.0,0.0,0.02,0.06,0.0,255.0,3.0,0.01,0.07,0.0,0.0,1.0,1.0,0.0,1.0,85520.0
0.0,2.0,46.0,9.0,1.0,0.0,0.0,0.0,0.0,0.0,0.0,0.0,0.0,12.0,0.0,0.0,0.0,0.0,0.08,0.75,0.0,255.0,1.0,0.0,0.32,1.0,0.0,0.0,0.0,0.0,1.0,17533.0
0.0,1.0,17.0,5.0,0.0,0.0,0.0,0.0,0.0,0.0,0.0,0.0,0.0,14.0,1.0,1.0,0.0,0.0,0.21,0.29,0.0,255.0,63.0,0.25,0.02,0.01,0.0,1.0,1.0,0.0,1.0,123084.0
0.0,1.0,22.0,1.0,0.0,0.0,0.0,0.0,0.0,0.0,0.0,0.0,0.0,1.0,0.0,0.0,1.0,1.0,1.0,0.0,1.0,38.0,255.0,1.0,0.0,0.03,0.02,0.0,0.01,0.06,0.0,68639.0
0.0,0.0,13.0,9.0,8.0,0.0,0.0,0.0,0.0,0.0,0.0,0.0,0.0,1.0,0.0,0.0,0.0,0.0,1.0,0.0,1.0,1.0,103.0,1.0,0.0,1.0,0.5,0.0,0.0,0.0,1.0,60446.0
0.0,1.0,2.0,5.0,0.0,0.0,0.0,0.0,0.0,0.0,0.0,0.0,0.0,215.0,1.0,1.0,0.0,0.0,0.07,0.06,0.0,255.0,15.0,0.06,0.07,0.0,0.0,1.0,1.0,0.0,1.0,124626.0
0.0,1.0,30.0,5.0,0.0,0.0,0.0,0.0,0.0,0.0,0.0,0.0,0.0,211.0,1.0,1.0,0.0,0.0,0.09,0.07,0.0,255.0,19.0,0.07,0.07,0.0,0.0,1.0,1.0,0.0,1.0,117109.0
0.0,1.0,22.0,1.0,0.0,0.0,0.0,0.0,0.0,0.0,0.0,0.0,0.0,1.0,0.0,0.0,1.0,1.0,1.0,0.0,1.0,50.0,251.0,1.0,0.0,0.02,0.16,0.0,0.0,1.0,0.0,1715.0
0.0,2.0,11.0,9.0,30.0,0.0,0.0,0.0,0.0,0.0,0.0,0.0,0.0,1.0,0.0,0.0,0.0,0.0,1.0,0.0,1.0,120.0,12.0,0.1,0.05,0.1,0.0,0.01,0.0,0.0,0.0,107859.0
22701.0,1.0,46.0,4.0,1.0,0.0,0.0,0.0,0.0,0.0,0.0,0.0,0.0,2.0,0.0,0.0,1.0,1.0,1.0,0.0,0.0,255.0,2.0,0.01,0.73,1.0,0.0,0.0,0.0,1.0,1.0,69122.0
0.0,1.0,34.0,5.0,0.0,0.0,0.0,0.0,0.0,0.0,0.0,0.0,0.0,48.0,1.0,1.0,0.0,0.0,0.17,0.12,0.0,255.0,8.0,0.03,0.07,0.0,0.0,1.0,1.0,0.0,1.0,118130.0
0.0,0.0,13.0,9.0,8.0,0.0,0.0,0.0,0.0,0.0,0.0,0.0,0.0,1.0,0.0,0.0,0.0,0.0,1.0,0.0,1.0,4.0,104.0,1.0,0.0,1.0,0.25,0.0,0.0,0.0,1.0,125099.0
0.0,1.0,46.0,5.0,0.0,0.0,0.0,0.0,0.0,0.0,0.0,0.0,0.0,130.0,1.0,1.0,0.0,0.0,0.15,0.06,0.0,133.0,20.0,0.15,0.07,0.01,0.0,1.0,1.0,0.0,1.0,110512.0
0.0,1.0,65.0,1.0,0.0,0.0,0.0,0.0,0.0,0.0,0.0,0.0,0.0,219.0,0.0,0.0,1.0,1.0,0.04,0.06,0.0,255.0,8.0,0.03,0.07,0.0,0.0,0.0,0.0,1.0,1.0,6634.0
0.0,1.0,54.0,5.0,0.0,0.0,0.0,0.0,0.0,0.0,0.0,0.0,0.0,233.0,1.0,1.0,0.0,0.0,0.02,0.07,0.0,255.0,5.0,0.02,0.07,0.0,0.0,1.0,1.0,0.0,1.0,65342.0
0.0,1.0,46.0,1.0,0.0,0.0,0.0,0.0,0.0,0.0,0.0,0.0,0.0,261.0,0.0,0.0,1.0,1.0,0.01,0.06,0.0,255.0,2.0,0.01,0.06,0.0,0.0,0.0,0.0,1.0,1.0,36062.0
0.0,1.0,38.0,5.0,0.0,0.0,0.0,0.0,0.0,0.0,0.0,0.0,0.0,123.0,1.0,1.0,0.0,0.0,0.11,0.06,0.0,255.0,13.0,0.05,0.05,0.0,0.0,1.0,1.0,0.0,1.0,72010.0
0.0,1.0,46.0,5.0,0.0,0.0,0.0,0.0,0.0,0.0,0.0,0.0,0.0,109.0,1.0,1.0,0.0,0.0,0.07,0.06,0.0,255.0,8.0,0.03,0.06,0.0,0.0,1.0,1.0,0.0,1.0,78153.0
0.0,1.0,57.0,5.0,0.0,0.0,0.0,0.0,0.0,0.0,0.0,0.0,0.0,111.0,1.0,1.0,0.0,0.0,0.1,0.06,0.0,255.0,30.0,0.12,0.06,0.0,0.0,1.0,1.0,0.0,1.0,55258.0
0.0,1.0,46.0,1.0,0.0,0.0,0.0,0.0,0.0,0.0,0.0,0.0,0.0,198.0,0.0,0.0,1.0,1.0,0.04,0.06,0.0,255.0,7.0,0.03,0.08,0.0,0.0,0.0,0.0,1.0,1.0,7362.0
0.0,1.0,19.0,5.0,0.0,0.0,0.0,0.0,0.0,0.0,0.0,0.0,0.0,30.0,1.0,1.0,0.0,0.0,0.5,0.07,0.0,255.0,60.0,0.24,0.02,0.0,0.0,1.0,1.0,0.0,1.0,84710.0
0.0,1.0,46.0,5.0,0.0,0.0,0.0,0.0,0.0,0.0,0.0,0.0,0.0,123.0,1.0,1.0,0.0,0.0,0.07,0.06,0.0,255.0,1.0,0.0,0.07,0.0,0.0,1.0,1.0,0.0,1.0,113203.0
0.0,1.0,7.0,5.0,0.0,0.0,0.0,0.0,0.0,0.0,0.0,0.0,0.0,282.0,1.0,1.0,0.0,0.0,0.09,0.04,0.0,255.0,25.0,0.1,0.05,0.0,0.0,1.0,1.0,0.0,1.0,7128.0
0.0,1.0,4.0,1.0,0.0,0.0,0.0,0.0,0.0,0.0,0.0,0.0,0.0,196.0,0.0,0.0,1.0,1.0,0.08,0.06,0.0,255.0,16.0,0.06,0.07,0.0,0.0,0.0,0.0,1.0,1.0,69877.0
0.0,1.0,20.0,5.0,0.0,0.0,0.0,0.0,0.0,0.0,0.0,0.0,0.0,238.0,1.0,1.0,0.0,0.0,0.01,0.07,0.0,255.0,3.0,0.01,0.08,0.0,0.0,1.0,1.0,0.0,1.0,7060.0
0.0,1.0,46.0,5.0,0.0,0.0,0.0,0.0,0.0,0.0,0.0,0.0,0.0,295.0,1.0,1.0,0.0,0.0,0.03,0.06,0.0,255.0,9.0,0.04,0.07,0.0,0.0,1.0,1.0,0.0,1.0,3180.0
0.0,1.0,54.0,5.0,0.0,0.0,0.0,0.0,0.0,0.0,0.0,0.0,0.0,298.0,1.0,1.0,0.0,0.0,0.07,0.05,0.0,255.0,20.0,0.08,0.07,0.0,0.0,1.0,1.0,0.0,1.0,69937.0
0.0,1.0,31.0,5.0,0.0,0.0,0.0,0.0,0.0,0.0,0.0,0.0,0.0,143.0,1.0,1.0,0.0,0.0,0.1,0.06,0.0,255.0,14.0,0.05,0.06,0.0,0.0,1.0,1.0,0.0,1.0,46613.0
0.0,1.0,53.0,5.0,0.0,0.0,0.0,0.0,0.0,0.0,0.0,0.0,0.0,5.0,1.0,1.0,0.0,0.0,0.4,0.6,0.0,255.0,2.0,0.01,0.09,0.0,0.0,1.0,1.0,0.0,1.0,91960.0
0.0,1.0,46.0,5.0,0.0,0.0,0.0,0.0,0.0,0.0,0.0,0.0,0.0,272.0,1.0,1.0,0.0,0.0,0.03,0.07,0.0,255.0,10.0,0.04,0.06,0.0,0.0,1.0,1.0,0.0,1.0,124657.0
0.0,1.0,16.0,5.0,0.0,0.0,0.0,0.0,0.0,0.0,0.0,0.0,0.0,148.0,1.0,1.0,0.0,0.0,0.16,0.05,0.0,255.0,23.0,0.09,0.05,0.0,0.0,1.0,1.0,0.0,1.0,125532.0
0.0,1.0,57.0,5.0,0.0,0.0,0.0,0.0,0.0,0.0,0.0,0.0,0.0,16.0,1.0,1.0,0.0,0.0,1.0,0.0,0.0,138.0,78.0,0.57,0.01,0.01,0.0,0.99,0.97,0.0,1.0,45614.0
0.0,1.0,46.0,5.0,0.0,0.0,0.0,0.0,0.0,0.0,0.0,0.0,0.0,295.0,1.0,1.0,0.0,0.0,0.07,0.05,0.0,255.0,13.0,0.05,0.06,0.0,0.0,1.0,1.0,0.0,1.0,68250.0
0.0,1.0,46.0,5.0,0.0,0.0,0.0,0.0,0.0,0.0,0.0,0.0,0.0,241.0,1.0,1.0,0.0,0.0,0.06,0.06,0.0,255.0,12.0,0.05,0.07,0.0,0.0,1.0,1.0,0.0,1.0,39206.0
0.0,1.0,49.0,5.0,0.0,0.0,0.0,0.0,0.0,0.0,0.0,0.0,0.0,148.0,1.0,1.0,0.0,0.0,0.17,0.05,0.0,255.0,14.0,0.05,0.06,0.0,0.0,1.0,1.0,0.0,1.0,8908.0
1.0,1.0,46.0,3.0,0.0,0.0,0.0,0.0,0.0,0.0,0.0,0.0,0.0,140.0,0.04,0.5,0.96,0.5,0.01,0.57,0.0,255.0,2.0,0.01,0.31,0.55,0.0,0.02,0.5,0.5,1.0,110601.0
0.0,2.0,11.0,9.0,45.0,129.0,0.0,0.0,0.0,0.0,0.0,0.0,0.0,129.0,0.0,0.0,0.0,0.0,1.0,0.0,0.02,255.0,254.0,1.0,0.01,0.0,0.0,0.0,0.0,0.0,0.0,33599.0
0.0,1.0,4.0,5.0,0.0,0.0,0.0,0.0,0.0,0.0,0.0,0.0,0.0,238.0,1.0,1.0,0.0,0.0,0.08,0.05,0.0,255.0,10.0,0.04,0.08,0.0,0.0,1.0,1.0,0.0,1.0,123320.0
0.0,1.0,46.0,5.0,0.0,0.0,0.0,0.0,0.0,0.0,0.0,0.0,0.0,109.0,1.0,1.0,0.0,0.0,0.07,0.07,0.0,255.0,14.0,0.05,0.07,0.0,0.0,1.0,1.0,0.0,1.0,29116.0
0.0,1.0,46.0,5.0,0.0,0.0,0.0,0.0,0.0,0.0,0.0,0.0,0.0,142.0,1.0,1.0,0.0,0.0,0.08,0.06,0.0,255.0,12.0,0.05,0.09,0.0,0.0,1.0,1.0,0.0,1.0,1458.0
0.0,1.0,46.0,5.0,0.0,0.0,0.0,0.0,0.0,0.0,0.0,0.0,0.0,273.0,1.0,1.0,0.0,0.0,0.07,0.07,0.0,255.0,20.0,0.08,0.08,0.0,0.0,1.0,1.0,0.0,1.0,79383.0
0.0,1.0,17.0,5.0,0.0,0.0,0.0,0.0,0.0,0.0,0.0,0.0,0.0,29.0,1.0,1.0,0.0,0.0,0.28,0.14,0.0,255.0,41.0,0.16,0.04,0.0,0.0,1.0,1.0,0.0,1.0,43596.0
4910.0,2.0,41.0,9.0,147.0,105.0,0.0,0.0,0.0,0.0,0.0,0.0,0.0,1.0,0.0,0.0,0.0,0.0,1.0,0.0,0.0,255.0,2.0,0.01,0.65,0.94,0.0,0.0,0.0,0.0,0.0,120540.0
0.0,1.0,4.0,5.0,0.0,0.0,0.0,0.0,0.0,0.0,0.0,0.0,0.0,260.0,1.0,1.0,0.0,0.0,0.03,0.07,0.0,255.0,9.0,0.04,0.08,0.0,0.0,1.0,1.0,0.0,1.0,121712.0
0.0,1.0,46.0,5.0,0.0,0.0,0.0,0.0,0.0,0.0,0.0,0.0,0.0,148.0,1.0,1.0,0.0,0.0,0.13,0.05,0.0,255.0,23.0,0.09,0.06,0.0,0.0,1.0,1.0,0.0,1.0,88470.0
13348.0,1.0,41.0,4.0,1.0,0.0,0.0,0.0,0.0,0.0,0.0,0.0,0.0,2.0,0.0,0.0,1.0,1.0,1.0,0.0,0.0,255.0,2.0,0.01,0.68,1.0,0.0,0.0,0.0,1.0,1.0,40112.0
0.0,1.0,41.0,1.0,0.0,0.0,0.0,0.0,0.0,0.0,0.0,0.0,0.0,511.0,0.13,0.0,0.87,1.0,0.0,1.0,0.0,255.0,1.0,0.0,1.0,0.0,0.0,0.0,0.0,1.0,1.0,54314.0
0.0,1.0,30.0,5.0,0.0,0.0,0.0,0.0,0.0,0.0,0.0,0.0,0.0,244.0,1.0,1.0,0.0,0.0,0.05,0.05,0.0,255.0,13.0,0.05,0.06,0.0,0.0,1.0,1.0,0.0,1.0,120668.0
0.0,1.0,62.0,5.0,0.0,0.0,0.0,0.0,0.0,0.0,0.0,0.0,0.0,121.0,1.0,1.0,0.0,0.0,0.09,0.06,0.0,255.0,11.0,0.04,0.05,0.0,0.0,1.0,1.0,0.0,1.0,5259.0
0.0,1.0,46.0,5.0,0.0,0.0,0.0,0.0,0.0,0.0,0.0,0.0,0.0,111.0,1.0,1.0,0.0,0.0,0.17,0.06,0.0,255.0,15.0,0.06,0.06,0.0,0.0,1.0,1.0,0.0,1.0,37704.0
0.0,1.0,33.0,5.0,0.0,0.0,0.0,0.0,0.0,0.0,0.0,0.0,0.0,202.0,1.0,1.0,0.0,0.0,0.0,0.07,0.0,255.0,1.0,0.0,0.08,0.0,0.0,1.0,1.0,0.0,1.0,24482.0
0.0,0.0,13.0,9.0,18.0,0.0,0.0,0.0,0.0,0.0,0.0,0.0,0.0,1.0,0.0,0.0,0.0,0.0,1.0,0.0,0.0,1.0,173.0,1.0,0.0,1.0,1.0,0.0,0.0,0.0,1.0,93751.0
0.0,1.0,46.0,5.0,0.0,0.0,0.0,0.0,0.0,0.0,0.0,0.0,0.0,23.0,1.0,1.0,0.0,0.0,0.13,0.22,0.0,255.0,3.0,0.01,0.08,0.0,0.0,1.0,1.0,0.0,1.0,80354.0
0.0,0.0,13.0,9.0,8.0,0.0,0.0,0.0,0.0,0.0,0.0,0.0,0.0,1.0,0.0,0.0,0.0,0.0,1.0,0.0,1.0,2.0,86.0,1.0,0.0,1.0,0.5,0.0,0.0,0.0,1.0,78868.0
0.0,0.0,13.0,9.0,8.0,0.0,0.0,0.0,0.0,0.0,0.0,0.0,0.0,1.0,0.0,0.0,0.0,0.0,1.0,0.0,1.0,1.0,141.0,1.0,0.0,1.0,0.26,0.0,0.0,0.0,1.0,42791.0
0.0,0.0,13.0,9.0,8.0,0.0,0.0,0.0,0.0,0.0,0.0,0.0,0.0,1.0,0.0,0.0,0.0,0.0,1.0,0.0,1.0,1.0,61.0,1.0,0.0,1.0,0.26,0.0,0.0,0.0,1.0,48808.0
0.0,1.0,62.0,2.0,0.0,0.0,0.0,0.0,0.0,0.0,0.0,0.0,0.0,81.0,0.0,0.0,1.0,1.0,0.12,0.07,0.0,255.0,10.0,0.04,0.07,0.0,0.0,0.0,0.0,1.0,1.0,66404.0
0.0,1.0,46.0,5.0,0.0,0.0,0.0,0.0,0.0,0.0,0.0,0.0,0.0,142.0,1.0,1.0,0.0,0.0,0.07,0.07,0.0,255.0,2.0,0.01,0.06,0.0,0.0,1.0,1.0,0.0,1.0,80528.0
0.0,1.0,46.0,5.0,0.0,0.0,0.0,0.0,0.0,0.0,0.0,0.0,0.0,116.0,1.0,1.0,0.0,0.0,0.12,0.06,0.0,255.0,14.0,0.05,0.05,0.0,0.0,1.0,1.0,0.0,1.0,42090.0
0.0,0.0,13.0,9.0,8.0,0.0,0.0,0.0,0.0,0.0,0.0,0.0,0.0,1.0,0.0,0.0,0.0,0.0,1.0,0.0,1.0,2.0,76.0,1.0,0.0,1.0,0.5,0.0,0.0,0.0,1.0,53256.0
0.0,1.0,7.0,5.0,0.0,0.0,0.0,0.0,0.0,0.0,0.0,0.0,0.0,238.0,1.0,1.0,0.0,0.0,0.08,0.07,0.0,255.0,20.0,0.08,0.08,0.0,0.0,1.0,1.0,0.0,1.0,83738.0
0.0,1.0,38.0,5.0,0.0,0.0,0.0,0.0,0.0,0.0,0.0,0.0,0.0,153.0,1.0,1.0,0.0,0.0,0.14,0.05,0.0,255.0,21.0,0.08,0.05,0.0,0.0,1.0,1.0,0.0,1.0,114866.0
2455.0,2.0,41.0,9.0,146.0,105.0,0.0,0.0,0.0,0.0,0.0,0.0,0.0,1.0,0.0,0.0,0.0,0.0,1.0,0.0,0.0,117.0,1.0,0.01,0.56,0.79,0.0,0.0,0.0,0.0,0.0,118709.0
0.0,1.0,51.0,5.0,0.0,0.0,0.0,0.0,0.0,0.0,0.0,0.0,0.0,104.0,1.0,1.0,0.0,0.0,0.23,0.06,0.0,255.0,6.0,0.02,0.06,0.0,0.0,1.0,1.0,0.0,1.0,25725.0
0.0,1.0,41.0,1.0,0.0,0.0,0.0,0.0,0.0,0.0,0.0,0.0,0.0,509.0,0.2,0.0,0.8,1.0,0.0,1.0,0.0,255.0,1.0,0.0,1.0,0.0,0.0,0.15,0.0,1.0,1.0,9811.0
0.0,2.0,11.0,9.0,46.0,141.0,0.0,0.0,0.0,0.0,0.0,0.0,0.0,136.0,0.0,0.0,0.0,0.0,1.0,0.0,0.0,255.0,254.0,1.0,0.01,0.0,0.0,0.0,0.0,0.0,0.0,86608.0
0.0,1.0,19.0,5.0,0.0,0.0,0.0,0.0,0.0,0.0,0.0,0.0,0.0,208.0,1.0,1.0,0.0,0.0,0.07,0.07,0.0,255.0,15.0,0.06,0.07,0.0,0.0,1.0,1.0,0.0,1.0,123448.0
0.0,0.0,14.0,9.0,1032.0,0.0,0.0,0.0,0.0,0.0,0.0,0.0,0.0,509.0,0.0,0.0,0.0,0.0,1.0,0.0,0.0,255.0,229.0,0.9,0.01,0.9,0.0,0.0,0.0,0.0,1.0,59437.0
0.0,1.0,9.0,5.0,0.0,0.0,0.0,0.0,0.0,0.0,0.0,0.0,0.0,279.0,1.0,1.0,0.0,0.0,0.03,0.06,0.0,255.0,7.0,0.03,0.07,0.0,0.0,1.0,1.0,0.0,1.0,54829.0
0.0,0.0,14.0,9.0,1032.0,0.0,0.0,0.0,0.0,0.0,0.0,0.0,0.0,511.0,0.0,0.0,0.0,0.0,1.0,0.0,0.0,255.0,166.0,0.65,0.03,0.65,0.0,0.0,0.0,0.0,1.0,116968.0
0.0,1.0,35.0,5.0,0.0,0.0,0.0,0.0,0.0,0.0,0.0,0.0,0.0,126.0,1.0,1.0,0.0,0.0,0.17,0.05,0.0,255.0,21.0,0.08,0.05,0.0,0.0,1.0,1.0,0.0,1.0,65544.0
0.0,1.0,46.0,4.0,0.0,0.0,0.0,0.0,0.0,0.0,0.0,0.0,0.0,1.0,0.0,0.0,1.0,1.0,1.0,0.0,0.0,223.0,1.0,0.0,0.56,0.56,0.0,0.0,0.0,1.0,1.0,119235.0
0.0,1.0,46.0,1.0,0.0,0.0,0.0,0.0,0.0,0.0,0.0,0.0,0.0,511.0,0.07,0.0,0.92,1.0,0.0,1.0,0.0,255.0,1.0,0.0,1.0,0.01,0.0,0.1,0.0,1.0,1.0,99530.0
0.0,1.0,46.0,5.0,0.0,0.0,0.0,0.0,0.0,0.0,0.0,0.0,0.0,155.0,1.0,1.0,0.0,0.0,0.08,0.06,0.0,255.0,13.0,0.05,0.07,0.0,0.0,1.0,1.0,0.0,1.0,100865.0
0.0,1.0,62.0,5.0,0.0,0.0,0.0,0.0,0.0,0.0,0.0,0.0,0.0,144.0,1.0,1.0,0.0,0.0,0.14,0.06,0.0,255.0,19.0,0.07,0.06,0.0,0.0,1.0,1.0,0.0,1.0,65023.0
0.0,0.0,61.0,9.0,78.0,0.0,0.0,0.0,0.0,0.0,0.0,0.0,0.0,9.0,0.0,0.0,0.0,0.0,0.22,0.22,0.33,255.0,2.0,0.01,0.01,0.01,0.0,0.0,0.0,0.0,0.0,96319.0
0.0,1.0,65.0,5.0,0.0,0.0,0.0,0.0,0.0,0.0,0.0,0.0,0.0,230.0,1.0,1.0,0.0,0.0,0.02,0.07,0.0,255.0,4.0,0.02,0.07,0.0,0.0,1.0,1.0,0.0,1.0,38381.0
0.0,1.0,18.0,5.0,0.0,0.0,0.0,0.0,0.0,0.0,0.0,0.0,0.0,206.0,1.0,1.0,0.0,0.0,0.07,0.06,0.0,255.0,14.0,0.05,0.06,0.0,0.0,1.0,1.0,0.0,1.0,54180.0
0.0,1.0,46.0,1.0,0.0,0.0,0.0,0.0,0.0,0.0,0.0,0.0,0.0,83.0,0.0,0.0,1.0,1.0,0.08,0.08,0.0,255.0,7.0,0.03,0.08,0.0,0.0,0.0,0.0,1.0,1.0,60224.0
0.0,1.0,12.0,5.0,0.0,0.0,0.0,0.0,0.0,0.0,0.0,0.0,0.0,199.0,1.0,1.0,0.0,0.0,0.03,0.07,0.0,255.0,6.0,0.02,0.07,0.0,0.0,1.0,1.0,0.0,1.0,119713.0
0.0,1.0,46.0,5.0,0.0,0.0,0.0,0.0,0.0,0.0,0.0,0.0,0.0,227.0,1.0,1.0,0.0,0.0,0.04,0.05,0.0,255.0,10.0,0.04,0.06,0.0,0.0,1.0,1.0,0.0,1.0,110192.0
0.0,1.0,17.0,5.0,0.0,0.0,0.0,0.0,0.0,0.0,0.0,0.0,0.0,20.0,1.0,1.0,0.0,0.0,0.25,0.2,0.0,255.0,42.0,0.16,0.05,0.0,0.0,1.0,1.0,0.0,1.0,51012.0
0.0,1.0,32.0,5.0,0.0,0.0,0.0,0.0,0.0,0.0,0.0,0.0,0.0,238.0,1.0,1.0,0.0,0.0,0.05,0.06,0.0,255.0,5.0,0.02,0.09,0.0,0.0,1.0,1.0,0.0,1.0,85362.0
0.0,1.0,46.0,5.0,0.0,0.0,0.0,0.0,0.0,0.0,0.0,0.0,0.0,133.0,1.0,1.0,0.0,0.0,0.14,0.05,0.0,255.0,18.0,0.07,0.04,0.0,0.0,1.0,1.0,0.0,1.0,124717.0
0.0,1.0,46.0,5.0,0.0,0.0,0.0,0.0,0.0,0.0,0.0,0.0,0.0,178.0,1.0,1.0,0.0,0.0,0.04,0.06,0.0,255.0,20.0,0.08,0.06,0.0,0.0,1.0,1.0,0.0,1.0,57246.0
0.0,2.0,11.0,9.0,45.0,76.0,0.0,0.0,0.0,0.0,0.0,0.0,0.0,118.0,0.0,0.0,0.0,0.0,1.0,0.0,0.0,255.0,254.0,1.0,0.01,0.0,0.0,0.0,0.0,0.0,0.0,49550.0
0.0,1.0,46.0,1.0,0.0,0.0,0.0,0.0,0.0,0.0,0.0,0.0,0.0,147.0,0.0,0.0,1.0,1.0,0.12,0.06,0.0,72.0,17.0,0.24,0.08,0.01,0.0,0.0,0.0,1.0,1.0,22203.0
0.0,0.0,13.0,9.0,18.0,0.0,0.0,0.0,0.0,0.0,0.0,0.0,0.0,1.0,0.0,0.0,0.0,0.0,1.0,0.0,0.0,1.0,15.0,1.0,0.0,1.0,1.0,0.0,0.0,0.0,1.0,60486.0
0.0,1.0,46.0,5.0,0.0,0.0,0.0,0.0,0.0,0.0,0.0,0.0,0.0,183.0,1.0,1.0,0.0,0.0,0.04,0.06,0.0,255.0,8.0,0.03,0.06,0.0,0.0,1.0,1.0,0.0,1.0,74315.0
0.0,1.0,46.0,5.0,0.0,0.0,0.0,0.0,0.0,0.0,0.0,0.0,0.0,219.0,1.0,1.0,0.0,0.0,0.0,0.07,0.0,255.0,1.0,0.0,0.08,0.0,0.0,1.0,1.0,0.0,1.0,85792.0
0.0,1.0,22.0,1.0,0.0,0.0,0.0,0.0,0.0,0.0,0.0,0.0,0.0,298.0,0.0,0.0,1.0,1.0,0.05,0.05,0.0,255.0,15.0,0.06,0.07,0.0,0.0,0.0,0.0,1.0,1.0,85305.0
0.0,0.0,14.0,9.0,30.0,0.0,0.0,0.0,0.0,0.0,0.0,0.0,0.0,1.0,0.0,0.0,0.0,0.0,1.0,0.0,0.0,212.0,212.0,1.0,0.0,1.0,0.0,0.0,0.0,0.0,0.0,109874.0
2.0,2.0,11.0,9.0,96.0,35.0,0.0,0.0,0.0,0.0,0.0,0.0,0.0,2.0,0.0,0.0,0.0,0.0,1.0,0.0,0.67,47.0,33.0,0.7,0.06,0.7,0.0,0.0,0.0,0.0,0.0,66937.0
0.0,1.0,41.0,1.0,0.0,0.0,0.0,0.0,0.0,0.0,0.0,0.0,0.0,511.0,0.23,0.0,0.77,1.0,0.0,1.0,0.0,255.0,1.0,0.0,1.0,0.0,0.0,0.16,0.0,1.0,1.0,104380.0
0.0,1.0,4.0,5.0,0.0,0.0,0.0,0.0,0.0,0.0,0.0,0.0,0.0,212.0,1.0,1.0,0.0,0.0,0.03,0.05,0.0,170.0,7.0,0.04,0.07,0.01,0.0,0.99,1.0,0.0,1.0,39051.0
0.0,1.0,57.0,5.0,0.0,0.0,0.0,0.0,0.0,0.0,0.0,0.0,0.0,3.0,1.0,1.0,0.0,0.0,0.33,1.0,0.0,255.0,41.0,0.16,0.04,0.01,0.0,1.0,1.0,0.0,1.0,16499.0
0.0,2.0,46.0,9.0,1.0,0.0,0.0,0.0,0.0,0.0,0.0,0.0,0.0,68.0,0.0,0.0,0.0,0.0,0.19,0.06,0.0,255.0,37.0,0.15,0.23,1.0,0.0,0.0,0.0,0.0,1.0,7179.0
0.0,1.0,6.0,5.0,0.0,0.0,0.0,0.0,0.0,0.0,0.0,0.0,0.0,260.0,1.0,1.0,0.0,0.0,0.03,0.07,0.0,255.0,8.0,0.03,0.09,0.0,0.0,1.0,1.0,0.0,1.0,73531.0
0.0,1.0,5.0,5.0,0.0,0.0,0.0,0.0,0.0,0.0,0.0,0.0,0.0,121.0,1.0,1.0,0.0,0.0,0.02,0.06,0.0,255.0,2.0,0.01,0.07,0.0,0.0,1.0,1.0,0.0,1.0,39271.0
0.0,1.0,46.0,1.0,0.0,0.0,0.0,0.0,0.0,0.0,0.0,0.0,0.0,1.0,0.0,0.0,1.0,1.0,1.0,0.0,0.0,255.0,1.0,0.0,0.42,0.36,0.0,0.17,0.0,1.0,1.0,36685.0
0.0,1.0,34.0,5.0,0.0,0.0,0.0,0.0,0.0,0.0,0.0,0.0,0.0,245.0,1.0,1.0,0.0,0.0,0.09,0.05,0.0,255.0,21.0,0.08,0.07,0.0,0.0,1.0,1.0,0.0,1.0,29107.0
0.0,1.0,46.0,1.0,0.0,0.0,0.0,0.0,0.0,0.0,0.0,0.0,0.0,39.0,0.0,0.0,0.97,1.0,0.03,1.0,0.0,157.0,1.0,0.01,0.33,0.01,0.0,0.0,0.0,1.0,1.0,34060.0
0.0,1.0,6.0,5.0,0.0,0.0,0.0,0.0,0.0,0.0,0.0,0.0,0.0,129.0,1.0,1.0,0.0,0.0,0.05,0.05,0.0,255.0,7.0,0.03,0.05,0.0,0.0,1.0,1.0,0.0,1.0,110334.0
0.0,1.0,2.0,5.0,0.0,0.0,0.0,0.0,0.0,0.0,0.0,0.0,0.0,203.0,1.0,1.0,0.0,0.0,0.01,0.06,0.0,255.0,2.0,0.01,0.06,0.0,0.0,1.0,1.0,0.0,1.0,40197.0
0.0,1.0,54.0,2.0,0.0,0.0,0.0,0.0,0.0,0.0,0.0,0.0,0.0,186.0,0.0,0.0,1.0,1.0,0.05,0.07,0.0,255.0,10.0,0.04,0.08,0.0,0.0,0.0,0.0,1.0,1.0,87691.0
0.0,1.0,46.0,1.0,0.0,0.0,0.0,0.0,0.0,0.0,0.0,0.0,0.0,142.0,0.0,0.0,1.0,1.0,0.1,0.06,0.0,167.0,14.0,0.08,0.07,0.01,0.0,0.0,0.0,1.0,1.0,48147.0
0.0,1.0,38.0,5.0,0.0,0.0,0.0,0.0,0.0,0.0,0.0,0.0,0.0,104.0,1.0,1.0,0.0,0.0,0.14,0.06,0.0,255.0,15.0,0.06,0.05,0.0,0.0,1.0,1.0,0.0,1.0,28184.0
0.0,1.0,10.0,5.0,0.0,0.0,0.0,0.0,0.0,0.0,0.0,0.0,0.0,230.0,1.0,1.0,0.0,0.0,0.01,0.07,0.0,255.0,2.0,0.01,0.08,0.0,0.0,1.0,1.0,0.0,1.0,112744.0
0.0,1.0,46.0,5.0,0.0,0.0,0.0,0.0,0.0,0.0,0.0,0.0,0.0,76.0,1.0,1.0,0.0,0.0,0.32,0.05,0.0,255.0,21.0,0.08,0.05,0.0,0.0,1.0,1.0,0.0,1.0,7552.0
0.0,1.0,46.0,5.0,0.0,0.0,0.0,0.0,0.0,0.0,0.0,0.0,0.0,82.0,1.0,1.0,0.0,0.0,0.22,0.06,0.0,255.0,3.0,0.01,0.07,0.0,0.0,1.0,1.0,0.0,1.0,87833.0
0.0,1.0,46.0,1.0,0.0,0.0,0.0,0.0,0.0,0.0,0.0,0.0,0.0,167.0,0.0,0.0,1.0,1.0,0.04,0.07,0.0,255.0,6.0,0.02,0.09,0.0,0.0,0.0,0.0,1.0,1.0,96452.0
0.0,1.0,6.0,5.0,0.0,0.0,0.0,0.0,0.0,0.0,0.0,0.0,0.0,268.0,1.0,1.0,0.0,0.0,0.01,0.06,0.0,255.0,4.0,0.02,0.06,0.0,0.0,1.0,1.0,0.0,1.0,6240.0
0.0,1.0,65.0,5.0,0.0,0.0,0.0,0.0,0.0,0.0,0.0,0.0,0.0,215.0,1.0,1.0,0.0,0.0,0.06,0.06,0.0,255.0,11.0,0.04,0.08,0.0,0.0,1.0,1.0,0.0,1.0,56861.0
0.0,1.0,64.0,1.0,0.0,0.0,0.0,0.0,0.0,0.0,0.0,0.0,0.0,205.0,0.0,0.0,1.0,1.0,0.06,0.07,0.0,255.0,12.0,0.05,0.08,0.0,0.0,0.0,0.0,1.0,1.0,61416.0
0.0,0.0,14.0,9.0,1032.0,0.0,0.0,0.0,0.0,0.0,0.0,0.0,0.0,177.0,0.0,0.0,0.0,0.0,1.0,0.0,0.0,255.0,177.0,0.69,0.01,0.69,0.0,0.0,0.0,0.0,1.0,55048.0
0.0,1.0,64.0,5.0,0.0,0.0,0.0,0.0,0.0,0.0,0.0,0.0,0.0,133.0,1.0,1.0,0.0,0.0,0.17,0.05,0.0,255.0,22.0,0.09,0.05,0.0,0.0,1.0,1.0,0.0,1.0,52627.0
0.0,2.0,11.0,9.0,44.0,74.0,0.0,0.0,0.0,0.0,0.0,0.0,0.0,127.0,0.0,0.0,0.0,0.0,1.0,0.0,0.02,255.0,225.0,0.88,0.01,0.0,0.0,0.0,0.0,0.0,0.0,1799.0
0.0,1.0,10.0,5.0,0.0,0.0,0.0,0.0,0.0,0.0,0.0,0.0,0.0,276.0,1.0,1.0,0.0,0.0,0.01,0.06,0.0,255.0,3.0,0.01,0.06,0.0,0.0,1.0,1.0,0.0,1.0,92600.0
0.0,1.0,46.0,1.0,0.0,0.0,0.0,0.0,0.0,0.0,0.0,0.0,0.0,111.0,0.0,0.0,1.0,1.0,0.02,0.08,0.0,36.0,2.0,0.06,0.17,0.03,0.0,0.0,0.0,1.0,1.0,36168.0
0.0,0.0,13.0,9.0,8.0,0.0,0.0,0.0,0.0,0.0,0.0,0.0,0.0,1.0,0.0,0.0,0.0,0.0,1.0,0.0,1.0,2.0,76.0,1.0,0.0,1.0,0.5,0.0,0.0,0.0,1.0,75379.0
0.0,1.0,46.0,5.0,0.0,0.0,0.0,0.0,0.0,0.0,0.0,0.0,0.0,129.0,1.0,1.0,0.0,0.0,0.09,0.06,0.0,255.0,9.0,0.04,0.07,0.0,0.0,1.0,1.0,0.0,1.0,5985.0
0.0,1.0,46.0,1.0,0.0,0.0,0.0,0.0,0.0,0.0,0.0,0.0,0.0,106.0,0.0,0.0,1.0,1.0,0.07,0.06,0.0,255.0,7.0,0.03,0.07,0.0,0.0,0.0,0.0,1.0,1.0,71212.0
0.0,1.0,46.0,5.0,0.0,0.0,0.0,0.0,0.0,0.0,0.0,0.0,0.0,148.0,1.0,1.0,0.0,0.0,0.11,0.05,0.0,65.0,1.0,0.02,0.15,0.02,0.0,1.0,1.0,0.0,1.0,102749.0
0.0,1.0,46.0,5.0,0.0,0.0,0.0,0.0,0.0,0.0,0.0,0.0,0.0,275.0,1.0,1.0,0.0,0.0,0.07,0.06,0.0,255.0,2.0,0.01,0.09,0.0,0.0,1.0,1.0,0.0,1.0,56037.0
0.0,1.0,36.0,5.0,0.0,0.0,0.0,0.0,0.0,0.0,0.0,0.0,0.0,286.0,1.0,1.0,0.0,0.0,0.05,0.06,0.0,255.0,6.0,0.02,0.07,0.0,0.0,1.0,1.0,0.0,1.0,58570.0
0.0,1.0,46.0,1.0,0.0,0.0,0.0,0.0,0.0,0.0,0.0,0.0,0.0,2.0,0.0,0.0,1.0,1.0,0.5,1.0,0.0,255.0,1.0,0.0,0.69,0.68,0.0,0.0,0.0,1.0,1.0,25086.0
0.0,1.0,65.0,5.0,0.0,0.0,0.0,0.0,0.0,0.0,0.0,0.0,0.0,219.0,1.0,1.0,0.0,0.0,0.09,0.06,0.0,255.0,20.0,0.08,0.09,0.0,0.0,1.0,1.0,0.0,1.0,62953.0
0.0,1.0,20.0,5.0,0.0,0.0,0.0,0.0,0.0,0.0,0.0,0.0,0.0,148.0,1.0,1.0,0.0,0.0,0.08,0.05,0.0,255.0,13.0,0.05,0.07,0.0,0.0,1.0,1.0,0.0,1.0,63001.0
0.0,0.0,14.0,9.0,1032.0,0.0,0.0,0.0,0.0,0.0,0.0,0.0,0.0,318.0,0.0,0.0,0.0,0.0,1.0,0.0,0.0,221.0,76.0,0.34,0.01,0.34,0.0,0.0,0.0,0.0,1.0,9842.0
0.0,1.0,57.0,5.0,0.0,0.0,0.0,0.0,0.0,0.0,0.0,0.0,0.0,290.0,1.0,1.0,0.0,0.0,0.05,0.05,0.0,255.0,14.0,0.05,0.05,0.0,0.0,1.0,1.0,0.0,1.0,88251.0
0.0,0.0,14.0,9.0,1032.0,0.0,0.0,0.0,0.0,0.0,0.0,0.0,0.0,510.0,0.0,0.0,0.0,0.0,1.0,0.0,0.0,255.0,218.0,0.85,0.02,0.85,0.0,0.0,0.0,0.0,1.0,108516.0
0.0,1.0,46.0,5.0,0.0,0.0,0.0,0.0,0.0,0.0,0.0,0.0,0.0,173.0,1.0,1.0,0.0,0.0,0.09,0.07,0.0,255.0,15.0,0.06,0.07,0.0,0.0,1.0,1.0,0.0,1.0,123534.0
0.0,1.0,2.0,5.0,0.0,0.0,0.0,0.0,0.0,0.0,0.0,0.0,0.0,271.0,1.0,1.0,0.0,0.0,0.01,0.06,0.0,255.0,2.0,0.01,0.06,0.0,0.0,1.0,1.0,0.0,1.0,73673.0
0.0,0.0,13.0,9.0,8.0,0.0,0.0,0.0,0.0,0.0,0.0,0.0,0.0,1.0,0.0,0.0,0.0,0.0,1.0,0.0,1.0,1.0,16.0,1.0,0.0,1.0,0.56,0.0,0.0,0.0,1.0,47599.0
0.0,0.0,14.0,9.0,1032.0,0.0,0.0,0.0,0.0,0.0,0.0,0.0,0.0,511.0,0.0,0.0,0.0,0.0,1.0,0.0,0.0,255.0,15.0,0.06,0.16,0.06,0.0,0.16,0.0,0.0,1.0,79088.0
0.0,2.0,11.0,9.0,33.0,0.0,0.0,0.0,0.0,0.0,0.0,0.0,0.0,1.0,0.0,0.0,0.0,0.0,1.0,0.0,0.43,136.0,8.0,0.06,0.05,0.06,0.0,0.0,0.0,0.0,0.0,5801.0
0.0,1.0,41.0,9.0,59.0,0.0,0.0,0.0,1.0,0.0,0.0,0.0,0.0,12.0,0.08,0.0,0.0,0.0,0.08,0.83,0.0,106.0,1.0,0.01,0.12,0.45,0.0,0.01,0.0,0.0,0.0,15104.0
0.0,1.0,38.0,5.0,0.0,0.0,0.0,0.0,0.0,0.0,0.0,0.0,0.0,135.0,1.0,1.0,0.0,0.0,0.13,0.05,0.0,255.0,9.0,0.04,0.07,0.0,0.0,1.0,1.0,0.0,1.0,42812.0
0.0,1.0,8.0,5.0,0.0,0.0,0.0,0.0,0.0,0.0,0.0,0.0,0.0,262.0,1.0,1.0,0.0,0.0,0.08,0.05,0.0,255.0,21.0,0.08,0.05,0.0,0.0,1.0,1.0,0.0,1.0,50244.0
0.0,1.0,26.0,5.0,0.0,0.0,0.0,0.0,0.0,0.0,0.0,0.0,0.0,255.0,1.0,1.0,0.0,0.0,0.08,0.06,0.0,255.0,20.0,0.08,0.08,0.0,0.0,1.0,1.0,0.0,1.0,112160.0
1.0,1.0,46.0,3.0,0.0,0.0,0.0,0.0,0.0,0.0,0.0,0.0,0.0,106.0,0.75,0.67,0.25,0.33,0.03,0.37,0.0,255.0,3.0,0.01,0.15,0.42,0.0,0.31,0.67,0.33,1.0,100741.0
0.0,1.0,55.0,5.0,0.0,0.0,0.0,0.0,0.0,0.0,0.0,0.0,0.0,267.0,1.0,1.0,0.0,0.0,0.06,0.06,0.0,255.0,7.0,0.03,0.08,0.0,0.0,1.0,1.0,0.0,1.0,77792.0
0.0,1.0,46.0,5.0,0.0,0.0,0.0,0.0,0.0,0.0,0.0,0.0,0.0,122.0,1.0,1.0,0.0,0.0,0.03,0.07,0.0,255.0,1.0,0.0,0.08,0.0,0.0,1.0,1.0,0.0,1.0,99676.0
0.0,2.0,46.0,9.0,28.0,0.0,3.0,0.0,0.0,0.0,0.0,0.0,0.0,74.0,0.01,0.0,0.0,0.0,0.99,0.03,0.0,255.0,73.0,0.29,0.01,0.29,0.0,0.0,0.0,0.0,1.0,93261.0
0.0,1.0,34.0,5.0,0.0,0.0,0.0,0.0,0.0,0.0,0.0,0.0,0.0,227.0,1.0,1.0,0.0,0.0,0.05,0.06,0.0,255.0,3.0,0.01,0.08,0.0,0.0,1.0,1.0,0.0,1.0,70644.0
0.0,1.0,41.0,1.0,0.0,0.0,0.0,0.0,0.0,0.0,0.0,0.0,0.0,510.0,0.1,0.0,0.9,1.0,0.0,1.0,0.0,255.0,1.0,0.0,1.0,0.0,0.0,0.14,0.0,1.0,1.0,95721.0
0.0,1.0,53.0,5.0,0.0,0.0,0.0,0.0,0.0,0.0,0.0,0.0,0.0,131.0,1.0,1.0,0.0,0.0,0.09,0.05,0.0,255.0,10.0,0.04,0.06,0.0,0.0,1.0,1.0,0.0,1.0,78703.0
0.0,1.0,3.0,1.0,0.0,0.0,0.0,0.0,0.0,0.0,0.0,0.0,0.0,269.0,0.0,0.0,1.0,1.0,0.04,0.06,0.0,255.0,11.0,0.04,0.07,0.0,0.0,0.0,0.0,1.0,1.0,121544.0
0.0,0.0,14.0,9.0,1032.0,0.0,0.0,0.0,0.0,0.0,0.0,0.0,0.0,511.0,0.0,0.0,0.0,0.0,1.0,0.0,0.0,255.0,183.0,0.72,0.02,0.72,0.0,0.0,0.0,0.0,1.0,125084.0
0.0,1.0,54.0,5.0,0.0,0.0,0.0,0.0,0.0,0.0,0.0,0.0,0.0,221.0,1.0,1.0,0.0,0.0,0.03,0.06,0.0,255.0,7.0,0.03,0.07,0.0,0.0,1.0,1.0,0.0,1.0,75244.0
1.0,1.0,46.0,3.0,0.0,0.0,0.0,0.0,0.0,0.0,0.0,0.0,0.0,192.0,0.66,0.5,0.34,0.5,0.01,0.41,0.0,255.0,2.0,0.01,0.31,0.75,0.0,0.49,0.5,0.5,1.0,82859.0
0.0,0.0,14.0,9.0,1032.0,0.0,0.0,0.0,0.0,0.0,0.0,0.0,0.0,511.0,0.0,0.0,0.0,0.0,1.0,0.0,0.0,255.0,90.0,0.35,0.03,0.35,0.0,0.07,0.0,0.0,1.0,76596.0
0.0,0.0,13.0,9.0,8.0,0.0,0.0,0.0,0.0,0.0,0.0,0.0,0.0,1.0,0.0,0.0,0.0,0.0,1.0,0.0,1.0,2.0,78.0,1.0,0.0,1.0,0.26,0.0,0.0,0.0,1.0,67451.0
0.0,1.0,33.0,5.0,0.0,0.0,0.0,0.0,0.0,0.0,0.0,0.0,0.0,199.0,1.0,1.0,0.0,0.0,0.05,0.07,0.0,255.0,9.0,0.04,0.07,0.0,0.0,1.0,1.0,0.0,1.0,22597.0
2300.0,2.0,41.0,9.0,147.0,105.0,0.0,0.0,0.0,0.0,0.0,0.0,0.0,1.0,0.0,0.0,0.0,0.0,1.0,0.0,0.0,255.0,1.0,0.0,0.89,1.0,0.0,0.0,0.0,0.0,0.0,67438.0
0.0,1.0,17.0,5.0,0.0,0.0,0.0,0.0,0.0,0.0,0.0,0.0,0.0,26.0,1.0,1.0,0.0,0.0,0.38,0.15,0.0,255.0,70.0,0.27,0.02,0.01,0.0,1.0,1.0,0.0,1.0,46742.0
0.0,1.0,19.0,5.0,0.0,0.0,0.0,0.0,0.0,0.0,0.0,0.0,0.0,35.0,1.0,1.0,0.0,0.0,0.51,0.06,0.0,255.0,62.0,0.24,0.02,0.01,0.0,1.0,1.0,0.0,1.0,101007.0
0.0,2.0,46.0,9.0,28.0,0.0,3.0,0.0,0.0,0.0,0.0,0.0,0.0,80.0,0.0,0.0,0.0,0.0,1.0,0.0,0.0,255.0,47.0,0.18,0.01,0.18,0.0,0.0,0.0,0.0,1.0,28210.0
0.0,1.0,32.0,5.0,0.0,0.0,0.0,0.0,0.0,0.0,0.0,0.0,0.0,255.0,1.0,1.0,0.0,0.0,0.01,0.07,0.0,255.0,2.0,0.01,0.08,0.0,0.0,1.0,1.0,0.0,1.0,83991.0
0.0,2.0,46.0,9.0,1.0,0.0,0.0,0.0,0.0,0.0,0.0,0.0,0.0,27.0,0.0,0.0,0.0,0.0,0.04,0.3,0.0,255.0,1.0,0.0,0.47,0.6,0.0,0.03,0.0,0.0,1.0,89936.0
0.0,2.0,11.0,9.0,46.0,139.0,0.0,0.0,0.0,0.0,0.0,0.0,0.0,153.0,0.0,0.0,0.0,0.0,1.0,0.0,0.01,255.0,254.0,1.0,0.01,0.0,0.0,0.0,0.0,0.0,0.0,28761.0
0.0,1.0,8.0,2.0,0.0,0.0,0.0,0.0,0.0,0.0,0.0,0.0,0.0,202.0,0.0,0.0,1.0,1.0,0.0,0.07,0.0,255.0,1.0,0.0,0.08,0.0,0.0,0.0,0.0,1.0,1.0,92447.0
0.0,1.0,27.0,5.0,0.0,0.0,0.0,0.0,0.0,0.0,0.0,0.0,0.0,142.0,1.0,1.0,0.0,0.0,0.05,0.06,0.0,255.0,6.0,0.02,0.05,0.0,0.0,1.0,1.0,0.0,1.0,121935.0
0.0,1.0,46.0,1.0,0.0,0.0,0.0,0.0,0.0,0.0,0.0,0.0,0.0,131.0,0.0,0.0,1.0,1.0,0.15,0.07,0.0,56.0,4.0,0.07,0.11,0.02,0.0,0.0,0.0,1.0,1.0,89702.0
0.0,1.0,54.0,2.0,0.0,0.0,0.0,0.0,0.0,0.0,0.0,0.0,0.0,280.0,0.0,0.0,1.0,1.0,0.04,0.06,0.0,255.0,10.0,0.04,0.07,0.0,0.0,0.0,0.0,1.0,1.0,42366.0
0.0,0.0,13.0,9.0,8.0,0.0,0.0,0.0,0.0,0.0,0.0,0.0,0.0,1.0,0.0,0.0,0.0,0.0,1.0,0.0,1.0,1.0,86.0,1.0,0.0,1.0,0.51,0.0,0.0,0.0,1.0,11233.0
0.0,1.0,57.0,5.0,0.0,0.0,0.0,0.0,0.0,0.0,0.0,0.0,0.0,230.0,1.0,1.0,0.0,0.0,0.07,0.07,0.0,255.0,15.0,0.06,0.09,0.0,0.0,1.0,1.0,0.0,1.0,114658.0
0.0,1.0,59.0,5.0,0.0,0.0,0.0,0.0,0.0,0.0,0.0,0.0,0.0,125.0,1.0,1.0,0.0,0.0,0.16,0.06,0.0,255.0,20.0,0.08,0.07,0.0,0.0,1.0,1.0,0.0,1.0,19126.0
0.0,1.0,22.0,1.0,0.0,0.0,0.0,0.0,0.0,0.0,0.0,0.0,0.0,1.0,0.0,0.0,1.0,1.0,1.0,0.0,0.0,42.0,193.0,1.0,0.0,0.02,0.02,0.0,0.0,0.94,0.0,89624.0
0.0,1.0,7.0,5.0,0.0,0.0,0.0,0.0,0.0,0.0,0.0,0.0,0.0,124.0,1.0,1.0,0.0,0.0,0.12,0.06,0.0,255.0,14.0,0.05,0.06,0.0,0.0,1.0,1.0,0.0,1.0,103600.0
0.0,1.0,43.0,1.0,0.0,0.0,0.0,0.0,0.0,0.0,0.0,0.0,0.0,277.0,0.0,0.0,1.0,1.0,0.04,0.06,0.0,255.0,10.0,0.04,0.06,0.0,0.0,0.0,0.0,1.0,1.0,84421.0
0.0,0.0,14.0,9.0,1032.0,0.0,0.0,0.0,0.0,0.0,0.0,0.0,0.0,511.0,0.0,0.0,0.0,0.0,1.0,0.0,0.0,255.0,77.0,0.3,0.2,0.3,0.0,0.0,0.0,0.0,1.0,84743.0
0.0,1.0,35.0,5.0,0.0,0.0,0.0,0.0,0.0,0.0,0.0,0.0,0.0,85.0,1.0,1.0,0.0,0.0,0.06,0.06,0.0,255.0,10.0,0.04,0.07,0.0,0.0,1.0,1.0,0.0,1.0,54707.0
0.0,1.0,46.0,10.0,0.0,0.0,0.0,0.0,0.0,0.0,0.0,0.0,0.0,1.0,1.0,1.0,0.0,0.0,1.0,0.0,0.0,136.0,1.0,0.01,0.93,0.94,0.0,0.94,1.0,0.0,1.0,59805.0
0.0,1.0,34.0,5.0,0.0,0.0,0.0,0.0,0.0,0.0,0.0,0.0,0.0,265.0,1.0,1.0,0.0,0.0,0.01,0.06,0.0,255.0,18.0,0.07,0.07,0.0,0.0,1.0,1.0,0.0,1.0,66861.0
0.0,1.0,46.0,5.0,0.0,0.0,0.0,0.0,0.0,0.0,0.0,0.0,0.0,243.0,1.0,1.0,0.0,0.0,0.01,0.07,0.0,255.0,2.0,0.01,0.06,0.0,0.0,1.0,1.0,0.0,1.0,23162.0
0.0,1.0,46.0,5.0,0.0,0.0,0.0,0.0,0.0,0.0,0.0,0.0,0.0,84.0,1.0,1.0,0.0,0.0,0.04,0.07,0.0,255.0,15.0,0.06,0.08,0.0,0.0,1.0,1.0,0.0,1.0,15140.0
0.0,1.0,64.0,5.0,0.0,0.0,0.0,0.0,0.0,0.0,0.0,0.0,0.0,231.0,1.0,1.0,0.0,0.0,0.03,0.07,0.0,255.0,6.0,0.02,0.08,0.0,0.0,1.0,1.0,0.0,1.0,56762.0
0.0,1.0,46.0,5.0,0.0,0.0,0.0,0.0,0.0,0.0,0.0,0.0,0.0,268.0,1.0,1.0,0.0,0.0,0.05,0.06,0.0,255.0,15.0,0.06,0.08,0.0,0.0,1.0,1.0,0.0,1.0,79610.0
0.0,1.0,46.0,1.0,0.0,0.0,0.0,0.0,0.0,0.0,0.0,0.0,0.0,127.0,0.0,0.0,1.0,1.0,0.06,0.06,0.0,255.0,4.0,0.02,0.07,0.0,0.0,0.0,0.0,1.0,1.0,94955.0
0.0,1.0,46.0,5.0,0.0,0.0,0.0,0.0,0.0,0.0,0.0,0.0,0.0,268.0,1.0,1.0,0.0,0.0,0.09,0.04,0.0,255.0,23.0,0.09,0.05,0.0,0.0,1.0,1.0,0.0,1.0,102420.0
0.0,1.0,3.0,5.0,0.0,0.0,0.0,0.0,0.0,0.0,0.0,0.0,0.0,234.0,1.0,1.0,0.0,0.0,0.07,0.06,0.0,255.0,17.0,0.07,0.06,0.0,0.0,1.0,1.0,0.0,1.0,91263.0
0.0,2.0,11.0,9.0,43.0,109.0,0.0,0.0,0.0,0.0,0.0,0.0,0.0,106.0,0.0,0.0,0.0,0.0,0.99,0.02,0.01,255.0,254.0,1.0,0.01,0.0,0.0,0.0,0.0,0.0,0.0,112153.0
0.0,0.0,14.0,9.0,520.0,0.0,0.0,0.0,0.0,0.0,0.0,0.0,0.0,452.0,0.0,0.0,0.0,0.0,1.0,0.0,0.0,50.0,50.0,1.0,0.0,1.0,0.0,0.0,0.0,0.0,1.0,72822.0
0.0,1.0,4.0,5.0,0.0,0.0,0.0,0.0,0.0,0.0,0.0,0.0,0.0,221.0,1.0,1.0,0.0,0.0,0.02,0.06,0.0,255.0,16.0,0.06,0.07,0.0,0.0,1.0,1.0,0.0,1.0,14144.0
0.0,1.0,27.0,5.0,0.0,0.0,0.0,0.0,0.0,0.0,0.0,0.0,0.0,133.0,1.0,1.0,0.0,0.0,0.15,0.05,0.0,255.0,20.0,0.08,0.05,0.0,0.0,1.0,1.0,0.0,1.0,97151.0
0.0,0.0,14.0,9.0,520.0,0.0,0.0,0.0,0.0,0.0,0.0,0.0,0.0,274.0,0.0,0.0,0.0,0.0,1.0,0.0,0.0,255.0,255.0,1.0,0.0,1.0,0.0,0.0,0.0,0.0,1.0,102562.0
0.0,1.0,64.0,5.0,0.0,0.0,0.0,0.0,0.0,0.0,0.0,0.0,0.0,227.0,1.0,1.0,0.0,0.0,0.05,0.06,0.0,255.0,12.0,0.05,0.07,0.0,0.0,1.0,1.0,0.0,1.0,14793.0
0.0,1.0,34.0,5.0,0.0,0.0,0.0,0.0,0.0,0.0,0.0,0.0,0.0,231.0,1.0,1.0,0.0,0.0,0.01,0.06,0.0,255.0,5.0,0.02,0.07,0.0,0.0,1.0,1.0,0.0,1.0,87049.0
0.0,1.0,2.0,5.0,0.0,0.0,0.0,0.0,0.0,0.0,0.0,0.0,0.0,275.0,1.0,1.0,0.0,0.0,0.01,0.05,0.0,255.0,3.0,0.01,0.05,0.0,0.0,1.0,1.0,0.0,1.0,91447.0
0.0,1.0,41.0,1.0,0.0,0.0,0.0,0.0,0.0,0.0,0.0,0.0,0.0,511.0,0.15,0.0,0.85,1.0,0.0,1.0,0.0,255.0,1.0,0.0,1.0,0.0,0.0,0.0,0.0,1.0,1.0,8923.0
0.0,1.0,46.0,5.0,0.0,0.0,0.0,0.0,0.0,0.0,0.0,0.0,0.0,25.0,1.0,1.0,0.0,0.0,0.44,0.2,0.0,255.0,11.0,0.04,0.09,0.0,0.0,1.0,1.0,0.0,1.0,7434.0
0.0,1.0,2.0,1.0,0.0,0.0,0.0,0.0,0.0,0.0,0.0,0.0,0.0,274.0,0.0,0.0,1.0,1.0,0.06,0.06,0.0,255.0,16.0,0.06,0.07,0.0,0.0,0.0,0.0,1.0,1.0,24437.0
0.0,1.0,46.0,5.0,0.0,0.0,0.0,0.0,0.0,0.0,0.0,0.0,0.0,208.0,1.0,1.0,0.0,0.0,0.03,0.06,0.0,255.0,6.0,0.02,0.07,0.0,0.0,1.0,1.0,0.0,1.0,119513.0
0.0,1.0,46.0,5.0,0.0,0.0,0.0,0.0,0.0,0.0,0.0,0.0,0.0,69.0,1.0,1.0,0.0,0.0,0.03,0.07,0.0,255.0,14.0,0.05,0.06,0.0,0.0,1.0,1.0,0.0,1.0,51270.0
0.0,2.0,11.0,9.0,44.0,80.0,0.0,0.0,0.0,0.0,0.0,0.0,0.0,132.0,0.0,0.0,0.0,0.0,1.0,0.0,0.0,255.0,254.0,1.0,0.01,0.0,0.0,0.0,0.0,0.0,0.0,39140.0
0.0,1.0,29.0,5.0,0.0,0.0,0.0,0.0,0.0,0.0,0.0,0.0,0.0,228.0,1.0,1.0,0.0,0.0,0.08,0.05,0.0,255.0,19.0,0.07,0.06,0.0,0.0,1.0,1.0,0.0,1.0,123921.0
0.0,1.0,5.0,5.0,0.0,0.0,0.0,0.0,0.0,0.0,0.0,0.0,0.0,102.0,1.0,1.0,0.0,0.0,0.08,0.06,0.0,255.0,20.0,0.08,0.06,0.0,0.0,1.0,1.0,0.0,1.0,114547.0
0.0,1.0,30.0,5.0,0.0,0.0,0.0,0.0,0.0,0.0,0.0,0.0,0.0,223.0,1.0,1.0,0.0,0.0,0.02,0.07,0.0,255.0,4.0,0.02,0.08,0.0,0.0,1.0,1.0,0.0,1.0,108149.0
0.0,0.0,14.0,9.0,1032.0,0.0,0.0,0.0,0.0,0.0,0.0,0.0,0.0,511.0,0.0,0.0,0.0,0.0,1.0,0.0,0.0,255.0,249.0,0.98,0.02,0.98,0.0,0.0,0.0,0.0,1.0,125566.0
0.0,1.0,18.0,5.0,0.0,0.0,0.0,0.0,0.0,0.0,0.0,0.0,0.0,251.0,1.0,1.0,0.0,0.0,0.08,0.06,0.0,255.0,20.0,0.08,0.08,0.0,0.0,1.0,1.0,0.0,1.0,40228.0
0.0,1.0,33.0,5.0,0.0,0.0,0.0,0.0,0.0,0.0,0.0,0.0,0.0,89.0,1.0,1.0,0.0,0.0,0.22,0.08,0.0,255.0,20.0,0.08,0.06,0.0,0.0,1.0,1.0,0.0,1.0,118692.0
0.0,2.0,11.0,9.0,34.0,0.0,0.0,0.0,0.0,0.0,0.0,0.0,0.0,2.0,0.0,0.0,0.0,0.0,1.0,0.0,0.2,255.0,75.0,0.29,0.03,0.29,0.0,0.0,0.0,0.0,0.0,113360.0
0.0,2.0,46.0,9.0,28.0,0.0,3.0,0.0,0.0,0.0,0.0,0.0,0.0,91.0,0.01,0.0,0.01,0.0,0.98,0.03,0.0,255.0,89.0,0.35,0.02,0.35,0.0,0.0,0.0,0.0,1.0,4251.0
0.0,1.0,46.0,5.0,0.0,0.0,0.0,0.0,0.0,0.0,0.0,0.0,0.0,178.0,1.0,1.0,0.0,0.0,0.04,0.07,0.0,255.0,19.0,0.07,0.07,0.0,0.0,1.0,1.0,0.0,1.0,45986.0
0.0,1.0,41.0,1.0,0.0,0.0,0.0,0.0,0.0,0.0,0.0,0.0,0.0,337.0,0.06,0.0,0.9,1.0,0.0,1.0,0.0,255.0,1.0,0.0,1.0,0.0,0.0,0.08,0.0,1.0,1.0,103182.0
0.0,1.0,22.0,1.0,0.0,0.0,0.0,0.0,0.0,0.0,0.0,0.0,0.0,1.0,0.0,0.0,1.0,1.0,1.0,0.0,1.0,19.0,252.0,1.0,0.0,0.05,0.2,0.0,0.0,1.0,0.0,40925.0
0.0,1.0,57.0,5.0,0.0,0.0,0.0,0.0,0.0,0.0,0.0,0.0,0.0,10.0,1.0,1.0,0.0,0.0,0.2,0.3,0.0,255.0,34.0,0.13,0.05,0.01,0.0,1.0,1.0,0.0,1.0,45666.0
0.0,1.0,2.0,5.0,0.0,0.0,0.0,0.0,0.0,0.0,0.0,0.0,0.0,197.0,1.0,1.0,0.0,0.0,0.07,0.06,0.0,255.0,15.0,0.06,0.07,0.0,0.0,1.0,1.0,0.0,1.0,28273.0
0.0,1.0,18.0,5.0,0.0,0.0,0.0,0.0,0.0,0.0,0.0,0.0,0.0,244.0,1.0,1.0,0.0,0.0,0.03,0.07,0.0,255.0,5.0,0.02,0.07,0.0,0.0,1.0,1.0,0.0,1.0,17783.0
0.0,1.0,46.0,5.0,0.0,0.0,0.0,0.0,0.0,0.0,0.0,0.0,0.0,298.0,1.0,1.0,0.0,0.0,0.01,0.06,0.0,255.0,2.0,0.01,0.08,0.0,0.0,1.0,1.0,0.0,1.0,98439.0
0.0,1.0,7.0,5.0,0.0,0.0,0.0,0.0,0.0,0.0,0.0,0.0,0.0,112.0,1.0,1.0,0.0,0.0,0.03,0.06,0.0,255.0,3.0,0.01,0.09,0.0,0.0,1.0,1.0,0.0,1.0,86227.0
0.0,1.0,54.0,5.0,0.0,0.0,0.0,0.0,0.0,0.0,0.0,0.0,0.0,293.0,1.0,1.0,0.0,0.0,0.01,0.06,0.0,255.0,3.0,0.01,0.07,0.0,0.0,1.0,1.0,0.0,1.0,34205.0
0.0,1.0,17.0,9.0,8.0,137.0,0.0,0.0,0.0,0.0,0.0,0.0,0.0,2.0,0.0,0.0,0.0,0.0,0.5,1.0,0.0,255.0,9.0,0.04,0.02,0.0,0.0,0.0,0.0,0.0,0.0,3716.0
0.0,1.0,46.0,5.0,0.0,0.0,0.0,0.0,0.0,0.0,0.0,0.0,0.0,212.0,1.0,1.0,0.0,0.0,0.01,0.07,0.0,255.0,19.0,0.07,0.07,0.0,0.0,1.0,1.0,0.0,1.0,7735.0
0.0,1.0,25.0,5.0,0.0,0.0,0.0,0.0,0.0,0.0,0.0,0.0,0.0,282.0,1.0,1.0,0.0,0.0,0.04,0.06,0.0,255.0,1.0,0.0,0.07,0.0,0.0,1.0,1.0,0.0,1.0,44682.0
0.0,1.0,46.0,5.0,0.0,0.0,0.0,0.0,0.0,0.0,0.0,0.0,0.0,61.0,1.0,1.0,0.0,0.0,0.25,0.1,0.0,255.0,15.0,0.06,0.09,0.0,0.0,1.0,1.0,0.0,1.0,75787.0
0.0,1.0,46.0,5.0,0.0,0.0,0.0,0.0,0.0,0.0,0.0,0.0,0.0,222.0,1.0,1.0,0.0,0.0,0.02,0.06,0.0,255.0,18.0,0.07,0.06,0.0,0.0,1.0,1.0,0.0,1.0,35585.0
0.0,1.0,35.0,5.0,0.0,0.0,0.0,0.0,0.0,0.0,0.0,0.0,0.0,288.0,1.0,1.0,0.0,0.0,0.05,0.06,0.0,255.0,9.0,0.04,0.06,0.0,0.0,1.0,1.0,0.0,1.0,20803.0
0.0,1.0,46.0,5.0,0.0,0.0,0.0,0.0,0.0,0.0,0.0,0.0,0.0,238.0,1.0,1.0,0.0,0.0,0.06,0.05,0.0,255.0,13.0,0.05,0.08,0.0,0.0,1.0,1.0,0.0,1.0,86192.0
0.0,1.0,57.0,5.0,0.0,0.0,0.0,0.0,0.0,0.0,0.0,0.0,0.0,16.0,1.0,1.0,0.0,0.0,0.25,0.25,0.0,255.0,33.0,0.13,0.05,0.01,0.0,1.0,1.0,0.0,1.0,114203.0
0.0,1.0,46.0,1.0,0.0,0.0,0.0,0.0,0.0,0.0,0.0,0.0,0.0,164.0,0.0,0.0,1.0,1.0,0.06,0.07,0.0,255.0,10.0,0.04,0.07,0.0,0.0,0.0,0.0,1.0,1.0,36244.0
0.0,2.0,11.0,9.0,33.0,0.0,0.0,0.0,0.0,0.0,0.0,0.0,0.0,1.0,0.0,0.0,0.0,0.0,1.0,0.0,1.0,189.0,14.0,0.07,0.04,0.07,0.0,0.0,0.0,0.0,0.0,90521.0
0.0,1.0,4.0,5.0,0.0,0.0,0.0,0.0,0.0,0.0,0.0,0.0,0.0,276.0,1.0,1.0,0.0,0.0,0.07,0.06,0.0,255.0,19.0,0.07,0.07,0.0,0.0,1.0,1.0,0.0,1.0,112436.0
0.0,1.0,7.0,5.0,0.0,0.0,0.0,0.0,0.0,0.0,0.0,0.0,0.0,202.0,1.0,1.0,0.0,0.0,0.0,0.07,0.0,255.0,1.0,0.0,0.07,0.0,0.0,1.0,1.0,0.0,1.0,96830.0
0.0,1.0,46.0,5.0,0.0,0.0,0.0,0.0,0.0,0.0,0.0,0.0,0.0,230.0,1.0,1.0,0.0,0.0,0.08,0.06,0.0,255.0,3.0,0.01,0.07,0.0,0.0,1.0,1.0,0.0,1.0,76396.0
0.0,1.0,46.0,5.0,0.0,0.0,0.0,0.0,0.0,0.0,0.0,0.0,0.0,143.0,1.0,1.0,0.0,0.0,0.06,0.06,0.0,255.0,9.0,0.04,0.07,0.0,0.0,1.0,1.0,0.0,1.0,108571.0
0.0,1.0,19.0,9.0,334.0,0.0,0.0,0.0,1.0,0.0,0.0,0.0,0.0,1.0,0.0,0.0,0.0,0.0,1.0,0.0,0.0,3.0,43.0,1.0,0.0,1.0,0.07,0.0,0.0,0.0,1.0,24358.0
0.0,1.0,65.0,5.0,0.0,0.0,0.0,0.0,0.0,0.0,0.0,0.0,0.0,123.0,1.0,1.0,0.0,0.0,0.02,0.06,0.0,255.0,3.0,0.01,0.05,0.0,0.0,1.0,1.0,0.0,1.0,29823.0
0.0,0.0,14.0,9.0,1032.0,0.0,0.0,0.0,0.0,0.0,0.0,0.0,0.0,511.0,0.0,0.0,0.0,0.0,1.0,0.0,0.0,255.0,16.0,0.06,0.18,0.06,0.0,0.0,0.0,0.0,1.0,92765.0
0.0,1.0,38.0,5.0,0.0,0.0,0.0,0.0,0.0,0.0,0.0,0.0,0.0,136.0,1.0,1.0,0.0,0.0,0.13,0.06,0.0,247.0,18.0,0.07,0.06,0.0,0.0,1.0,1.0,0.0,1.0,95513.0
0.0,2.0,41.0,9.0,1.0,0.0,0.0,0.0,0.0,0.0,0.0,0.0,0.0,23.0,0.0,0.0,0.0,0.0,0.04,0.35,0.0,255.0,1.0,0.0,0.18,0.53,0.0,0.0,0.0,0.0,1.0,21947.0
0.0,0.0,13.0,9.0,8.0,0.0,0.0,0.0,0.0,0.0,0.0,0.0,0.0,1.0,0.0,0.0,0.0,0.0,1.0,0.0,1.0,2.0,100.0,1.0,0.0,1.0,0.5,0.0,0.0,0.0,1.0,26693.0
0.0,1.0,46.0,5.0,0.0,0.0,0.0,0.0,0.0,0.0,0.0,0.0,0.0,130.0,1.0,1.0,0.0,0.0,0.08,0.06,0.0,255.0,11.0,0.04,0.05,0.0,0.0,1.0,1.0,0.0,1.0,82680.0
0.0,1.0,26.0,5.0,0.0,0.0,0.0,0.0,0.0,0.0,0.0,0.0,0.0,245.0,1.0,1.0,0.0,0.0,0.04,0.06,0.0,255.0,10.0,0.04,0.06,0.0,0.0,1.0,1.0,0.0,1.0,14939.0
7.0,1.0,20.0,9.0,0.0,0.0,0.0,0.0,0.0,0.0,0.0,0.0,0.0,1.0,0.0,0.0,0.0,0.0,1.0,0.0,0.0,51.0,1.0,0.02,1.0,0.02,0.0,0.0,0.0,0.0,1.0,69394.0
0.0,1.0,7.0,5.0,0.0,0.0,0.0,0.0,0.0,0.0,0.0,0.0,0.0,238.0,1.0,1.0,0.0,0.0,0.01,0.07,0.0,255.0,3.0,0.01,0.08,0.0,0.0,1.0,1.0,0.0,1.0,98201.0
0.0,1.0,39.0,4.0,0.0,0.0,0.0,0.0,0.0,0.0,0.0,0.0,0.0,1.0,0.0,0.0,1.0,1.0,1.0,0.0,0.0,217.0,1.0,0.0,0.55,0.55,0.0,0.0,0.0,1.0,1.0,60473.0
0.0,1.0,57.0,5.0,0.0,0.0,0.0,0.0,0.0,0.0,0.0,0.0,0.0,5.0,1.0,1.0,0.0,0.0,1.0,0.0,0.0,167.0,87.0,0.52,0.01,0.01,0.0,0.99,0.98,0.0,1.0,63514.0
0.0,1.0,46.0,5.0,0.0,0.0,0.0,0.0,0.0,0.0,0.0,0.0,0.0,224.0,1.0,1.0,0.0,0.0,0.01,0.06,0.0,255.0,9.0,0.04,0.08,0.0,0.0,1.0,1.0,0.0,1.0,118958.0
0.0,1.0,7.0,5.0,0.0,0.0,0.0,0.0,0.0,0.0,0.0,0.0,0.0,297.0,1.0,1.0,0.0,0.0,0.08,0.04,0.0,255.0,24.0,0.09,0.05,0.0,0.0,1.0,1.0,0.0,1.0,115437.0
0.0,0.0,13.0,9.0,30.0,0.0,0.0,0.0,0.0,0.0,0.0,0.0,0.0,1.0,0.0,0.0,0.0,0.0,1.0,0.0,0.0,255.0,34.0,0.13,0.01,0.64,0.0,0.0,0.0,0.0,0.0,104111.0
0.0,1.0,46.0,4.0,0.0,0.0,0.0,0.0,0.0,0.0,0.0,0.0,0.0,1.0,0.0,0.0,1.0,1.0,1.0,0.0,0.0,255.0,1.0,0.0,0.97,0.96,0.0,0.0,0.0,1.0,1.0,37523.0
0.0,1.0,39.0,5.0,0.0,0.0,0.0,0.0,0.0,0.0,0.0,0.0,0.0,16.0,1.0,1.0,0.0,0.0,0.44,0.31,0.0,255.0,7.0,0.03,0.08,0.0,0.0,1.0,1.0,0.0,1.0,29077.0
0.0,1.0,22.0,1.0,0.0,0.0,0.0,0.0,0.0,0.0,0.0,0.0,0.0,8.0,0.0,0.0,0.62,0.62,1.0,0.0,0.0,24.0,171.0,1.0,0.0,0.04,0.19,0.0,0.0,0.98,0.0,1900.0
0.0,1.0,46.0,5.0,0.0,0.0,0.0,0.0,0.0,0.0,0.0,0.0,0.0,97.0,1.0,1.0,0.0,0.0,0.06,0.06,0.0,255.0,6.0,0.02,0.07,0.0,0.0,1.0,1.0,0.0,1.0,86278.0
0.0,1.0,62.0,5.0,0.0,0.0,0.0,0.0,0.0,0.0,0.0,0.0,0.0,102.0,1.0,1.0,0.0,0.0,0.01,0.08,0.0,255.0,1.0,0.0,0.08,0.0,0.0,1.0,1.0,0.0,1.0,17572.0
0.0,0.0,13.0,9.0,8.0,0.0,0.0,0.0,0.0,0.0,0.0,0.0,0.0,1.0,0.0,0.0,0.0,0.0,1.0,0.0,1.0,2.0,86.0,1.0,0.0,1.0,0.5,0.0,0.0,0.0,1.0,15781.0
0.0,1.0,46.0,5.0,0.0,0.0,0.0,0.0,0.0,0.0,0.0,0.0,0.0,149.0,1.0,1.0,0.0,0.0,0.06,0.06,0.0,255.0,11.0,0.04,0.08,0.0,0.0,1.0,1.0,0.0,1.0,38398.0
0.0,1.0,46.0,1.0,0.0,0.0,0.0,0.0,0.0,0.0,0.0,0.0,0.0,115.0,0.0,0.0,1.0,1.0,0.14,0.06,0.0,255.0,16.0,0.06,0.06,0.0,0.0,0.0,0.0,1.0,1.0,23613.0
0.0,1.0,17.0,5.0,0.0,0.0,0.0,0.0,0.0,0.0,0.0,0.0,0.0,64.0,1.0,1.0,0.0,0.0,0.25,0.06,0.0,255.0,56.0,0.22,0.02,0.01,0.0,1.0,1.0,0.0,1.0,120416.0
0.0,0.0,13.0,9.0,8.0,0.0,0.0,0.0,0.0,0.0,0.0,0.0,0.0,1.0,0.0,0.0,0.0,0.0,1.0,0.0,1.0,1.0,25.0,1.0,0.0,1.0,0.56,0.0,0.0,0.0,1.0,79265.0
0.0,0.0,13.0,9.0,8.0,0.0,0.0,0.0,0.0,0.0,0.0,0.0,0.0,1.0,0.0,0.0,0.0,0.0,1.0,0.0,1.0,1.0,153.0,1.0,0.0,1.0,0.5,0.0,0.0,0.0,1.0,46005.0
12546.0,1.0,18.0,2.0,358.0,1184.0,0.0,6.0,1.0,0.0,0.0,0.0,0.0,1.0,0.0,0.0,1.0,1.0,1.0,0.0,0.0,255.0,144.0,0.56,0.02,0.0,0.0,0.0,0.0,0.01,0.0,36827.0
0.0,1.0,19.0,9.0,19.0,0.0,0.0,0.0,1.0,0.0,0.0,0.0,0.0,2.0,0.0,0.0,0.0,0.0,1.0,0.0,0.0,255.0,59.0,0.23,0.02,0.06,0.0,0.62,0.66,0.0,0.0,48469.0
0.0,1.0,46.0,5.0,0.0,0.0,0.0,0.0,0.0,0.0,0.0,0.0,0.0,127.0,1.0,1.0,0.0,0.0,0.13,0.07,0.0,255.0,14.0,0.05,0.07,0.0,0.0,1.0,1.0,0.0,1.0,51492.0
0.0,1.0,46.0,5.0,0.0,0.0,0.0,0.0,0.0,0.0,0.0,0.0,0.0,120.0,1.0,1.0,0.0,0.0,0.12,0.06,0.0,255.0,15.0,0.06,0.07,0.0,0.0,1.0,1.0,0.0,1.0,89001.0
0.0,1.0,46.0,5.0,0.0,0.0,0.0,0.0,0.0,0.0,0.0,0.0,0.0,228.0,1.0,1.0,0.0,0.0,0.03,0.06,0.0,255.0,7.0,0.03,0.06,0.0,0.0,1.0,1.0,0.0,1.0,101667.0
0.0,2.0,46.0,9.0,28.0,0.0,3.0,0.0,0.0,0.0,0.0,0.0,0.0,58.0,0.0,0.0,0.0,0.0,1.0,0.0,0.0,255.0,58.0,0.23,0.04,0.23,0.0,0.02,0.0,0.0,1.0,24066.0
0.0,1.0,46.0,5.0,0.0,0.0,0.0,0.0,0.0,0.0,0.0,0.0,0.0,114.0,1.0,1.0,0.0,0.0,0.1,0.07,0.0,255.0,14.0,0.05,0.06,0.0,0.0,1.0,1.0,0.0,1.0,123969.0
0.0,1.0,4.0,5.0,0.0,0.0,0.0,0.0,0.0,0.0,0.0,0.0,0.0,91.0,1.0,1.0,0.0,0.0,0.12,0.07,0.0,255.0,3.0,0.01,0.08,0.0,0.0,1.0,1.0,0.0,1.0,18584.0
0.0,1.0,46.0,1.0,0.0,0.0,0.0,0.0,0.0,0.0,0.0,0.0,0.0,322.0,0.0,0.0,1.0,1.0,0.0,0.51,0.0,255.0,1.0,0.0,0.51,1.0,0.0,0.0,0.0,1.0,1.0,42975.0
0.0,1.0,46.0,1.0,0.0,0.0,0.0,0.0,0.0,0.0,0.0,0.0,0.0,2.0,0.0,0.0,1.0,1.0,0.5,1.0,0.0,255.0,1.0,0.0,0.91,0.9,0.0,0.0,0.0,1.0,1.0,4550.0
0.0,1.0,8.0,5.0,0.0,0.0,0.0,0.0,0.0,0.0,0.0,0.0,0.0,119.0,1.0,1.0,0.0,0.0,0.13,0.06,0.0,255.0,16.0,0.06,0.07,0.0,0.0,1.0,1.0,0.0,1.0,115882.0
0.0,0.0,13.0,9.0,8.0,0.0,0.0,0.0,0.0,0.0,0.0,0.0,0.0,1.0,0.0,0.0,0.0,0.0,1.0,0.0,1.0,1.0,45.0,1.0,0.0,1.0,0.51,0.0,0.0,0.0,1.0,50054.0
0.0,1.0,59.0,5.0,0.0,0.0,0.0,0.0,0.0,0.0,0.0,0.0,0.0,290.0,1.0,1.0,0.0,0.0,0.03,0.06,0.0,255.0,9.0,0.04,0.09,0.0,0.0,1.0,1.0,0.0,1.0,49800.0
0.0,0.0,13.0,9.0,18.0,0.0,0.0,0.0,0.0,0.0,0.0,0.0,0.0,1.0,0.0,0.0,0.0,0.0,1.0,0.0,0.0,4.0,64.0,1.0,0.0,1.0,0.25,0.0,0.0,0.0,1.0,44399.0
22219.0,2.0,41.0,9.0,147.0,105.0,0.0,0.0,0.0,0.0,0.0,0.0,0.0,1.0,0.0,0.0,0.0,0.0,1.0,0.0,0.0,255.0,2.0,0.01,0.84,1.0,0.0,0.0,0.0,0.0,1.0,66402.0
0.0,1.0,3.0,5.0,0.0,0.0,0.0,0.0,0.0,0.0,0.0,0.0,0.0,262.0,1.0,1.0,0.0,0.0,0.04,0.05,0.0,255.0,10.0,0.04,0.05,0.0,0.0,1.0,1.0,0.0,1.0,71115.0
0.0,1.0,57.0,5.0,0.0,0.0,0.0,0.0,0.0,0.0,0.0,0.0,0.0,237.0,1.0,1.0,0.0,0.0,0.07,0.06,0.0,255.0,23.0,0.09,0.06,0.0,0.0,1.0,1.0,0.0,1.0,115633.0
0.0,1.0,22.0,1.0,0.0,0.0,0.0,0.0,0.0,0.0,0.0,0.0,0.0,1.0,0.0,0.0,1.0,1.0,1.0,0.0,0.0,15.0,255.0,1.0,0.0,0.07,0.13,0.0,0.0,0.93,0.0,101329.0
0.0,0.0,13.0,9.0,8.0,0.0,0.0,0.0,0.0,0.0,0.0,0.0,0.0,1.0,0.0,0.0,0.0,0.0,1.0,0.0,1.0,1.0,1.0,1.0,0.0,1.0,0.0,0.0,0.0,0.0,1.0,82966.0
0.0,1.0,28.0,5.0,0.0,0.0,0.0,0.0,0.0,0.0,0.0,0.0,0.0,119.0,1.0,1.0,0.0,0.0,0.1,0.05,0.0,255.0,12.0,0.05,0.05,0.0,0.0,1.0,1.0,0.0,1.0,8261.0
0.0,1.0,46.0,5.0,0.0,0.0,0.0,0.0,0.0,0.0,0.0,0.0,0.0,116.0,1.0,1.0,0.0,0.0,0.13,0.06,0.0,255.0,13.0,0.05,0.06,0.0,0.0,1.0,1.0,0.0,1.0,34056.0
0.0,1.0,53.0,5.0,0.0,0.0,0.0,0.0,0.0,0.0,0.0,0.0,0.0,223.0,1.0,1.0,0.0,0.0,0.05,0.06,0.0,255.0,1.0,0.0,0.06,0.0,0.0,1.0,1.0,0.0,1.0,110588.0
0.0,1.0,62.0,2.0,0.0,0.0,0.0,0.0,0.0,0.0,0.0,0.0,0.0,110.0,0.0,0.0,1.0,1.0,0.05,0.07,0.0,255.0,5.0,0.02,0.06,0.0,0.0,0.0,0.0,1.0,1.0,57525.0
0.0,1.0,36.0,5.0,0.0,0.0,0.0,0.0,0.0,0.0,0.0,0.0,0.0,287.0,1.0,1.0,0.0,0.0,0.08,0.05,0.0,255.0,23.0,0.09,0.05,0.0,0.0,1.0,1.0,0.0,1.0,8654.0
0.0,1.0,23.0,1.0,0.0,0.0,0.0,0.0,0.0,0.0,0.0,0.0,0.0,108.0,0.0,0.0,1.0,1.0,0.16,0.07,0.0,255.0,17.0,0.07,0.07,0.0,0.0,0.0,0.0,1.0,1.0,51154.0
0.0,1.0,12.0,5.0,0.0,0.0,0.0,0.0,0.0,0.0,0.0,0.0,0.0,257.0,1.0,1.0,0.0,0.0,0.08,0.05,0.0,255.0,20.0,0.08,0.05,0.0,0.0,1.0,1.0,0.0,1.0,124385.0
0.0,1.0,46.0,5.0,0.0,0.0,0.0,0.0,0.0,0.0,0.0,0.0,0.0,65.0,1.0,1.0,0.0,0.0,0.05,0.08,0.0,255.0,17.0,0.07,0.07,0.0,0.0,1.0,1.0,0.0,1.0,80109.0
0.0,1.0,65.0,5.0,0.0,0.0,0.0,0.0,0.0,0.0,0.0,0.0,0.0,257.0,1.0,1.0,0.0,0.0,0.05,0.05,0.0,255.0,13.0,0.05,0.05,0.0,0.0,1.0,1.0,0.0,1.0,118297.0
0.0,1.0,2.0,5.0,0.0,0.0,0.0,0.0,0.0,0.0,0.0,0.0,0.0,277.0,1.0,1.0,0.0,0.0,0.03,0.05,0.0,255.0,9.0,0.04,0.05,0.0,0.0,1.0,1.0,0.0,1.0,27543.0
0.0,2.0,11.0,9.0,44.0,74.0,0.0,0.0,0.0,0.0,0.0,0.0,0.0,149.0,0.0,0.0,0.0,0.0,1.0,0.0,0.0,255.0,254.0,1.0,0.01,0.0,0.0,0.0,0.0,0.0,0.0,107171.0
0.0,0.0,13.0,9.0,8.0,0.0,0.0,0.0,0.0,0.0,0.0,0.0,0.0,1.0,0.0,0.0,0.0,0.0,1.0,0.0,1.0,1.0,221.0,1.0,0.0,1.0,0.5,0.0,0.0,0.0,1.0,76546.0
0.0,1.0,46.0,5.0,0.0,0.0,0.0,0.0,0.0,0.0,0.0,0.0,0.0,236.0,1.0,1.0,0.0,0.0,0.05,0.07,0.0,255.0,12.0,0.05,0.09,0.0,0.0,1.0,1.0,0.0,1.0,111033.0
0.0,1.0,46.0,5.0,0.0,0.0,0.0,0.0,0.0,0.0,0.0,0.0,0.0,136.0,1.0,1.0,0.0,0.0,0.04,0.06,0.0,255.0,7.0,0.03,0.07,0.0,0.0,1.0,1.0,0.0,1.0,92206.0
0.0,1.0,46.0,5.0,0.0,0.0,0.0,0.0,0.0,0.0,0.0,0.0,0.0,104.0,1.0,1.0,0.0,0.0,0.1,0.05,0.0,255.0,10.0,0.04,0.06,0.0,0.0,1.0,1.0,0.0,1.0,52471.0
0.0,1.0,46.0,5.0,0.0,0.0,0.0,0.0,0.0,0.0,0.0,0.0,0.0,132.0,1.0,1.0,0.0,0.0,0.08,0.06,0.0,255.0,12.0,0.05,0.06,0.0,0.0,1.0,1.0,0.0,1.0,13097.0
0.0,1.0,46.0,5.0,0.0,0.0,0.0,0.0,0.0,0.0,0.0,0.0,0.0,144.0,1.0,1.0,0.0,0.0,0.11,0.06,0.0,91.0,16.0,0.18,0.09,0.01,0.0,1.0,1.0,0.0,1.0,85846.0
0.0,0.0,13.0,9.0,8.0,0.0,0.0,0.0,0.0,0.0,0.0,0.0,0.0,1.0,0.0,0.0,0.0,0.0,1.0,0.0,1.0,2.0,57.0,1.0,0.0,1.0,0.51,0.0,0.0,0.0,1.0,89433.0
0.0,0.0,13.0,9.0,8.0,0.0,0.0,0.0,0.0,0.0,0.0,0.0,0.0,1.0,0.0,0.0,0.0,0.0,1.0,0.0,1.0,2.0,222.0,1.0,0.0,1.0,0.25,0.0,0.0,0.0,1.0,105715.0
0.0,2.0,11.0,9.0,45.0,126.0,0.0,0.0,0.0,0.0,0.0,0.0,0.0,141.0,0.0,0.0,0.0,0.0,1.0,0.0,0.02,255.0,255.0,1.0,0.0,0.0,0.0,0.0,0.0,0.0,0.0,67680.0
0.0,1.0,3.0,1.0,0.0,0.0,0.0,0.0,0.0,0.0,0.0,0.0,0.0,2.0,0.0,0.0,1.0,1.0,0.5,1.0,0.0,255.0,1.0,0.0,1.0,1.0,0.0,0.0,0.0,1.0,1.0,101906.0
0.0,1.0,52.0,5.0,0.0,0.0,0.0,0.0,0.0,0.0,0.0,0.0,0.0,92.0,1.0,1.0,0.0,0.0,0.21,0.07,0.0,255.0,2.0,0.01,0.07,0.0,0.0,1.0,1.0,0.0,1.0,110110.0
0.0,1.0,26.0,5.0,0.0,0.0,0.0,0.0,0.0,0.0,0.0,0.0,0.0,294.0,1.0,1.0,0.0,0.0,0.01,0.05,0.0,255.0,2.0,0.01,0.05,0.0,0.0,1.0,1.0,0.0,1.0,4472.0
0.0,1.0,32.0,1.0,0.0,0.0,0.0,0.0,0.0,0.0,0.0,0.0,0.0,276.0,0.0,0.0,1.0,1.0,0.03,0.06,0.0,255.0,9.0,0.04,0.07,0.0,0.0,0.0,0.0,1.0,1.0,99701.0
0.0,1.0,41.0,1.0,0.0,0.0,0.0,0.0,0.0,0.0,0.0,0.0,0.0,510.0,0.19,0.0,0.81,1.0,0.0,1.0,0.0,255.0,1.0,0.0,1.0,0.0,0.0,0.21,0.0,1.0,1.0,50761.0
0.0,0.0,13.0,9.0,8.0,0.0,0.0,0.0,0.0,0.0,0.0,0.0,0.0,1.0,0.0,0.0,0.0,0.0,1.0,0.0,1.0,2.0,46.0,1.0,0.0,1.0,0.5,0.0,0.0,0.0,1.0,3831.0
0.0,1.0,46.0,5.0,0.0,0.0,0.0,0.0,0.0,0.0,0.0,0.0,0.0,179.0,1.0,1.0,0.0,0.0,0.03,0.08,0.0,255.0,5.0,0.02,0.07,0.0,0.0,1.0,1.0,0.0,1.0,37904.0
0.0,1.0,46.0,4.0,0.0,0.0,0.0,0.0,0.0,0.0,0.0,0.0,0.0,1.0,0.0,0.0,1.0,1.0,1.0,0.0,0.0,255.0,1.0,0.0,0.69,0.68,0.0,0.0,0.0,1.0,1.0,111793.0
0.0,1.0,10.0,5.0,0.0,0.0,0.0,0.0,0.0,0.0,0.0,0.0,0.0,297.0,1.0,1.0,0.0,0.0,0.04,0.05,0.0,255.0,11.0,0.04,0.07,0.0,0.0,1.0,1.0,0.0,1.0,92210.0
0.0,1.0,22.0,1.0,0.0,0.0,0.0,0.0,0.0,0.0,0.0,0.0,0.0,1.0,0.0,0.0,1.0,1.0,1.0,0.0,0.0,27.0,255.0,1.0,0.0,0.04,0.07,0.0,0.0,0.74,0.0,29619.0
0.0,1.0,15.0,5.0,0.0,0.0,0.0,0.0,0.0,0.0,0.0,0.0,0.0,148.0,1.0,1.0,0.0,0.0,0.14,0.05,0.0,255.0,20.0,0.08,0.06,0.0,0.0,1.0,1.0,0.0,1.0,33477.0
0.0,1.0,6.0,5.0,0.0,0.0,0.0,0.0,0.0,0.0,0.0,0.0,0.0,212.0,1.0,1.0,0.0,0.0,0.0,0.07,0.0,255.0,1.0,0.0,0.09,0.0,0.0,1.0,1.0,0.0,1.0,57293.0
0.0,0.0,13.0,9.0,30.0,0.0,0.0,0.0,0.0,0.0,0.0,0.0,0.0,6.0,0.0,0.0,0.0,0.0,0.33,0.33,0.0,255.0,4.0,0.02,0.01,0.05,0.0,0.0,0.0,0.0,0.0,124510.0
0.0,1.0,64.0,1.0,0.0,0.0,0.0,0.0,0.0,0.0,0.0,0.0,0.0,156.0,0.0,0.0,1.0,1.0,0.04,0.07,0.0,255.0,7.0,0.03,0.07,0.0,0.0,0.0,0.0,1.0,1.0,125487.0
0.0,1.0,23.0,5.0,0.0,0.0,0.0,0.0,0.0,0.0,0.0,0.0,0.0,148.0,1.0,1.0,0.0,0.0,0.12,0.06,0.0,255.0,17.0,0.07,0.05,0.0,0.0,1.0,1.0,0.0,1.0,65111.0
0.0,1.0,46.0,5.0,0.0,0.0,0.0,0.0,0.0,0.0,0.0,0.0,0.0,1.0,1.0,1.0,0.0,0.0,1.0,0.0,0.0,255.0,15.0,0.06,0.07,0.0,0.0,1.0,1.0,0.0,1.0,39295.0
0.0,0.0,13.0,9.0,8.0,0.0,0.0,0.0,0.0,0.0,0.0,0.0,0.0,1.0,0.0,0.0,0.0,0.0,1.0,0.0,1.0,2.0,206.0,1.0,0.0,1.0,0.25,0.0,0.0,0.0,1.0,125207.0
0.0,2.0,11.0,9.0,33.0,0.0,0.0,0.0,0.0,0.0,0.0,0.0,0.0,1.0,0.0,0.0,0.0,0.0,1.0,0.0,1.0,255.0,34.0,0.13,0.03,0.13,0.0,0.0,0.0,0.0,0.0,35988.0
0.0,1.0,35.0,1.0,0.0,0.0,0.0,0.0,0.0,0.0,0.0,0.0,0.0,160.0,0.0,0.0,1.0,1.0,0.03,0.08,0.0,255.0,5.0,0.02,0.07,0.0,0.0,0.0,0.0,1.0,1.0,122856.0
14380.0,1.0,41.0,4.0,1.0,0.0,0.0,0.0,0.0,0.0,0.0,0.0,0.0,2.0,0.0,0.0,1.0,1.0,1.0,0.0,0.0,255.0,2.0,0.01,0.68,1.0,0.0,0.0,0.0,1.0,1.0,3794.0
0.0,1.0,7.0,5.0,0.0,0.0,0.0,0.0,0.0,0.0,0.0,0.0,0.0,216.0,1.0,1.0,0.0,0.0,0.07,0.06,0.0,255.0,16.0,0.06,0.07,0.0,0.0,1.0,1.0,0.0,1.0,88628.0
0.0,1.0,19.0,5.0,0.0,0.0,0.0,0.0,0.0,0.0,0.0,0.0,0.0,30.0,0.97,1.0,0.03,0.0,0.3,0.1,0.0,255.0,8.0,0.03,0.06,0.01,0.0,1.0,1.0,0.0,1.0,40814.0
0.0,1.0,41.0,1.0,0.0,0.0,0.0,0.0,0.0,0.0,0.0,0.0,0.0,511.0,0.08,0.0,0.92,1.0,0.0,1.0,0.0,255.0,1.0,0.0,1.0,0.0,0.0,0.06,0.0,1.0,1.0,82958.0
0.0,2.0,11.0,9.0,44.0,70.0,0.0,0.0,0.0,0.0,0.0,0.0,0.0,145.0,0.0,0.0,0.0,0.0,1.0,0.0,0.0,255.0,254.0,1.0,0.01,0.0,0.0,0.0,0.0,0.0,0.0,3772.0
0.0,1.0,22.0,5.0,0.0,0.0,0.0,0.0,0.0,0.0,0.0,0.0,0.0,288.0,1.0,1.0,0.0,0.0,0.05,0.06,0.0,255.0,11.0,0.04,0.07,0.0,0.0,1.0,1.0,0.0,1.0,38570.0
0.0,1.0,17.0,5.0,0.0,0.0,0.0,0.0,0.0,0.0,0.0,0.0,0.0,57.0,1.0,1.0,0.0,0.0,0.28,0.07,0.0,255.0,30.0,0.12,0.05,0.01,0.0,1.0,1.0,0.0,1.0,26649.0
0.0,1.0,62.0,5.0,0.0,0.0,0.0,0.0,0.0,0.0,0.0,0.0,0.0,110.0,1.0,1.0,0.0,0.0,0.05,0.07,0.0,255.0,6.0,0.02,0.06,0.0,0.0,1.0,1.0,0.0,1.0,119762.0
9.0,1.0,39.0,9.0,6.0,0.0,0.0,0.0,1.0,0.0,0.0,0.0,0.0,490.0,0.06,0.0,0.93,0.0,0.0,1.0,0.0,255.0,1.0,0.0,1.0,0.0,0.0,0.08,0.0,0.0,1.0,89990.0
0.0,1.0,31.0,2.0,0.0,0.0,0.0,0.0,0.0,0.0,0.0,0.0,0.0,103.0,0.0,0.0,1.0,1.0,0.01,0.08,0.0,255.0,1.0,0.0,0.07,0.0,0.0,0.0,0.0,1.0,1.0,50597.0
0.0,1.0,2.0,1.0,0.0,0.0,0.0,0.0,0.0,0.0,0.0,0.0,0.0,185.0,0.0,0.0,1.0,1.0,0.06,0.07,0.0,255.0,12.0,0.05,0.07,0.0,0.0,0.0,0.0,1.0,1.0,67713.0
0.0,0.0,61.0,9.0,78.0,0.0,0.0,0.0,0.0,0.0,0.0,0.0,0.0,43.0,0.0,0.0,0.0,0.0,0.19,0.05,0.0,255.0,12.0,0.05,0.01,0.05,0.0,0.0,0.0,0.0,0.0,94515.0
0.0,1.0,39.0,2.0,0.0,0.0,0.0,0.0,0.0,0.0,0.0,0.0,0.0,200.0,0.0,0.0,1.0,1.0,0.06,0.07,0.0,255.0,13.0,0.05,0.07,0.0,0.0,0.0,0.0,1.0,1.0,58883.0
0.0,1.0,26.0,5.0,0.0,0.0,0.0,0.0,0.0,0.0,0.0,0.0,0.0,149.0,1.0,1.0,0.0,0.0,0.06,0.07,0.0,255.0,9.0,0.04,0.06,0.0,0.0,1.0,1.0,0.0,1.0,86847.0
0.0,1.0,65.0,5.0,0.0,0.0,0.0,0.0,0.0,0.0,0.0,0.0,0.0,259.0,1.0,1.0,0.0,0.0,0.08,0.06,0.0,255.0,20.0,0.08,0.06,0.0,0.0,1.0,1.0,0.0,1.0,109395.0
0.0,2.0,46.0,9.0,28.0,0.0,3.0,0.0,0.0,0.0,0.0,0.0,0.0,96.0,0.0,0.0,0.0,0.0,1.0,0.0,0.0,255.0,63.0,0.25,0.01,0.25,0.0,0.0,0.0,0.0,1.0,17904.0
0.0,1.0,41.0,1.0,0.0,0.0,0.0,0.0,0.0,0.0,0.0,0.0,0.0,509.0,0.17,0.0,0.83,1.0,0.0,1.0,0.0,255.0,1.0,0.0,1.0,0.0,0.0,0.02,0.0,1.0,1.0,122079.0
0.0,1.0,55.0,1.0,0.0,0.0,0.0,0.0,0.0,0.0,0.0,0.0,0.0,139.0,0.0,0.0,1.0,1.0,0.06,0.06,0.0,255.0,4.0,0.02,0.07,0.0,0.0,0.0,0.0,1.0,1.0,33068.0
0.0,2.0,46.0,9.0,1.0,0.0,0.0,0.0,0.0,0.0,0.0,0.0,0.0,11.0,0.0,0.0,0.0,0.0,0.27,0.27,0.0,255.0,3.0,0.01,0.31,1.0,0.0,0.0,0.0,0.0,1.0,123700.0
0.0,1.0,8.0,5.0,0.0,0.0,0.0,0.0,0.0,0.0,0.0,0.0,0.0,231.0,1.0,1.0,0.0,0.0,0.01,0.07,0.0,255.0,4.0,0.02,0.08,0.0,0.0,1.0,1.0,0.0,1.0,22361.0
0.0,1.0,44.0,5.0,0.0,0.0,0.0,0.0,0.0,0.0,0.0,0.0,0.0,239.0,1.0,1.0,0.0,0.0,0.01,0.07,0.0,255.0,2.0,0.01,0.07,0.0,0.0,1.0,1.0,0.0,1.0,92684.0
0.0,1.0,64.0,1.0,0.0,0.0,0.0,0.0,0.0,0.0,0.0,0.0,0.0,246.0,0.0,0.0,1.0,1.0,0.06,0.07,0.0,255.0,14.0,0.05,0.07,0.0,0.0,0.0,0.0,1.0,1.0,101797.0
0.0,2.0,46.0,9.0,1.0,26.0,0.0,0.0,0.0,0.0,0.0,0.0,0.0,21.0,0.0,0.0,0.0,0.0,0.14,0.19,0.0,255.0,3.0,0.01,0.87,0.14,0.0,0.16,0.0,0.0,1.0,75483.0
0.0,1.0,19.0,5.0,0.0,0.0,0.0,0.0,0.0,0.0,0.0,0.0,0.0,30.0,1.0,1.0,0.0,0.0,0.33,0.07,0.0,255.0,10.0,0.04,0.06,0.01,0.0,1.0,1.0,0.0,1.0,5046.0
0.0,0.0,13.0,9.0,8.0,0.0,0.0,0.0,0.0,0.0,0.0,0.0,0.0,1.0,0.0,0.0,0.0,0.0,1.0,0.0,1.0,1.0,255.0,1.0,0.0,1.0,0.5,0.0,0.0,0.0,1.0,69851.0
4601.0,1.0,41.0,4.0,1.0,0.0,0.0,0.0,0.0,0.0,0.0,0.0,0.0,2.0,0.0,0.0,1.0,1.0,1.0,0.0,0.0,255.0,2.0,0.01,0.74,1.0,0.0,0.0,0.0,1.0,1.0,41924.0
0.0,1.0,3.0,5.0,0.0,0.0,0.0,0.0,0.0,0.0,0.0,0.0,0.0,209.0,1.0,1.0,0.0,0.0,0.0,0.07,0.0,255.0,1.0,0.0,0.07,0.0,0.0,1.0,1.0,0.0,1.0,109825.0
1073.0,2.0,41.0,9.0,146.0,105.0,0.0,0.0,0.0,0.0,0.0,0.0,0.0,2.0,0.0,0.0,0.0,0.0,0.5,1.0,0.0,255.0,1.0,0.0,0.53,0.78,0.0,0.0,0.0,0.0,0.0,114262.0
0.0,0.0,61.0,9.0,78.0,0.0,0.0,0.0,0.0,0.0,0.0,0.0,0.0,12.0,0.0,0.0,0.0,0.0,0.08,0.17,0.0,255.0,4.0,0.02,0.01,0.02,0.0,0.0,0.0,0.0,0.0,14957.0
0.0,2.0,46.0,9.0,1.0,0.0,0.0,0.0,0.0,0.0,0.0,0.0,0.0,39.0,0.0,0.0,0.0,0.0,0.36,0.1,0.0,255.0,59.0,0.23,0.29,0.75,0.0,0.07,0.0,0.0,1.0,24009.0
0.0,1.0,46.0,5.0,0.0,0.0,0.0,0.0,0.0,0.0,0.0,0.0,0.0,111.0,1.0,1.0,0.0,0.0,0.01,0.07,0.0,255.0,5.0,0.02,0.06,0.0,0.0,1.0,1.0,0.0,1.0,86279.0
0.0,2.0,11.0,9.0,45.0,45.0,0.0,0.0,0.0,0.0,0.0,0.0,0.0,124.0,0.0,0.0,0.0,0.0,1.0,0.0,0.01,255.0,255.0,1.0,0.0,0.01,0.0,0.0,0.0,0.0,0.0,54140.0
0.0,1.0,54.0,5.0,0.0,0.0,0.0,0.0,0.0,0.0,0.0,0.0,0.0,135.0,1.0,1.0,0.0,0.0,0.04,0.06,0.0,255.0,6.0,0.02,0.07,0.0,0.0,1.0,1.0,0.0,1.0,56413.0
0.0,1.0,64.0,5.0,0.0,0.0,0.0,0.0,0.0,0.0,0.0,0.0,0.0,248.0,1.0,1.0,0.0,0.0,0.01,0.06,0.0,255.0,18.0,0.07,0.07,0.0,0.0,1.0,1.0,0.0,1.0,108087.0
0.0,1.0,56.0,5.0,0.0,0.0,0.0,0.0,0.0,0.0,0.0,0.0,0.0,232.0,1.0,1.0,0.0,0.0,0.01,0.06,0.0,255.0,3.0,0.01,0.07,0.0,0.0,1.0,1.0,0.0,1.0,35199.0
0.0,1.0,46.0,5.0,0.0,0.0,0.0,0.0,0.0,0.0,0.0,0.0,0.0,115.0,1.0,1.0,0.0,0.0,0.12,0.06,0.0,255.0,15.0,0.06,0.08,0.0,0.0,1.0,1.0,0.0,1.0,28774.0
0.0,0.0,13.0,9.0,8.0,0.0,0.0,0.0,0.0,0.0,0.0,0.0,0.0,1.0,0.0,0.0,0.0,0.0,1.0,0.0,1.0,2.0,134.0,1.0,0.0,1.0,0.25,0.0,0.0,0.0,1.0,58993.0
0.0,2.0,46.0,9.0,1.0,0.0,0.0,0.0,0.0,0.0,0.0,0.0,0.0,22.0,0.0,0.0,0.0,0.0,1.0,0.0,0.0,90.0,22.0,0.24,0.06,0.28,0.0,0.0,0.0,0.0,1.0,84364.0
0.0,1.0,46.0,5.0,0.0,0.0,0.0,0.0,0.0,0.0,0.0,0.0,0.0,115.0,1.0,1.0,0.0,0.0,0.01,0.07,0.0,255.0,1.0,0.0,0.06,0.0,0.0,1.0,1.0,0.0,1.0,78739.0
0.0,1.0,54.0,5.0,0.0,0.0,0.0,0.0,0.0,0.0,0.0,0.0,0.0,147.0,1.0,1.0,0.0,0.0,0.12,0.05,0.0,255.0,12.0,0.05,0.07,0.0,0.0,1.0,1.0,0.0,1.0,121144.0
0.0,1.0,19.0,5.0,0.0,0.0,0.0,0.0,0.0,0.0,0.0,0.0,0.0,13.0,1.0,1.0,0.0,0.0,0.31,0.31,0.0,255.0,47.0,0.18,0.05,0.01,0.0,1.0,1.0,0.0,1.0,64703.0
0.0,1.0,6.0,5.0,0.0,0.0,0.0,0.0,0.0,0.0,0.0,0.0,0.0,261.0,1.0,1.0,0.0,0.0,0.01,0.05,0.0,255.0,3.0,0.01,0.05,0.0,0.0,1.0,1.0,0.0,1.0,105741.0
0.0,1.0,46.0,4.0,0.0,0.0,0.0,0.0,0.0,0.0,0.0,0.0,0.0,1.0,0.0,0.0,1.0,1.0,1.0,0.0,0.0,189.0,1.0,0.01,0.75,0.75,0.0,0.03,0.0,1.0,1.0,36992.0
0.0,1.0,46.0,5.0,0.0,0.0,0.0,0.0,0.0,0.0,0.0,0.0,0.0,297.0,1.0,1.0,0.0,0.0,0.07,0.05,0.0,255.0,18.0,0.07,0.07,0.0,0.0,1.0,1.0,0.0,1.0,93108.0
0.0,1.0,22.0,1.0,0.0,0.0,0.0,0.0,0.0,0.0,0.0,0.0,0.0,1.0,0.0,0.0,1.0,1.0,1.0,0.0,0.0,21.0,238.0,1.0,0.0,0.05,0.18,0.0,0.0,1.0,0.0,87634.0
0.0,1.0,2.0,5.0,0.0,0.0,0.0,0.0,0.0,0.0,0.0,0.0,0.0,206.0,1.0,1.0,0.0,0.0,0.0,0.06,0.0,255.0,1.0,0.0,0.07,0.0,0.0,1.0,1.0,0.0,1.0,18742.0
0.0,2.0,46.0,9.0,1.0,74.0,0.0,0.0,0.0,0.0,0.0,0.0,0.0,28.0,0.0,0.0,0.0,0.0,0.5,0.11,0.0,255.0,14.0,0.05,0.75,0.27,0.0,0.16,0.0,0.0,1.0,124154.0
0.0,1.0,46.0,1.0,0.0,0.0,0.0,0.0,0.0,0.0,0.0,0.0,0.0,230.0,0.0,0.0,1.0,1.0,0.03,0.07,0.0,255.0,8.0,0.03,0.09,0.0,0.0,0.0,0.0,1.0,1.0,49735.0
0.0,1.0,22.0,5.0,0.0,0.0,0.0,0.0,0.0,0.0,0.0,0.0,0.0,3.0,1.0,1.0,0.0,0.0,1.0,0.0,0.0,255.0,64.0,0.25,0.02,0.0,0.0,1.0,1.0,0.0,1.0,2375.0
0.0,1.0,46.0,5.0,0.0,0.0,0.0,0.0,0.0,0.0,0.0,0.0,0.0,81.0,1.0,1.0,0.0,0.0,0.23,0.06,0.0,255.0,10.0,0.04,0.06,0.0,0.0,1.0,1.0,0.0,1.0,10107.0
0.0,1.0,51.0,5.0,0.0,0.0,0.0,0.0,0.0,0.0,0.0,0.0,0.0,259.0,1.0,1.0,0.0,0.0,0.0,0.07,0.0,255.0,1.0,0.0,0.07,0.0,0.0,1.0,1.0,0.0,1.0,64292.0
0.0,1.0,15.0,1.0,0.0,0.0,0.0,0.0,0.0,0.0,0.0,0.0,0.0,144.0,0.0,0.0,1.0,1.0,0.1,0.06,0.0,255.0,15.0,0.06,0.07,0.0,0.0,0.0,0.0,1.0,1.0,34754.0
2126.0,2.0,41.0,9.0,147.0,105.0,0.0,0.0,0.0,0.0,0.0,0.0,0.0,3.0,0.0,0.0,0.0,0.0,0.33,0.67,0.0,255.0,3.0,0.01,0.56,0.86,0.0,0.0,0.0,0.0,0.0,46213.0
0.0,1.0,46.0,5.0,0.0,0.0,0.0,0.0,0.0,0.0,0.0,0.0,0.0,240.0,1.0,1.0,0.0,0.0,0.05,0.06,0.0,255.0,10.0,0.04,0.06,0.0,0.0,1.0,1.0,0.0,1.0,16331.0
0.0,1.0,46.0,5.0,0.0,0.0,0.0,0.0,0.0,0.0,0.0,0.0,0.0,88.0,1.0,1.0,0.0,0.0,0.02,0.07,0.0,255.0,14.0,0.05,0.07,0.0,0.0,1.0,1.0,0.0,1.0,96078.0
0.0,1.0,46.0,1.0,0.0,0.0,0.0,0.0,0.0,0.0,0.0,0.0,0.0,130.0,0.0,0.0,1.0,1.0,0.13,0.06,0.0,255.0,29.0,0.11,0.07,0.0,0.0,0.0,0.0,1.0,1.0,63734.0
0.0,1.0,8.0,5.0,0.0,0.0,0.0,0.0,0.0,0.0,0.0,0.0,0.0,265.0,1.0,1.0,0.0,0.0,0.01,0.05,0.0,255.0,3.0,0.01,0.05,0.0,0.0,1.0,1.0,0.0,1.0,109388.0
0.0,0.0,13.0,9.0,8.0,0.0,0.0,0.0,0.0,0.0,0.0,0.0,0.0,1.0,0.0,0.0,0.0,0.0,1.0,0.0,1.0,1.0,251.0,1.0,0.0,1.0,0.5,0.0,0.0,0.0,1.0,30097.0
0.0,1.0,46.0,5.0,0.0,0.0,0.0,0.0,0.0,0.0,0.0,0.0,0.0,101.0,1.0,1.0,0.0,0.0,0.04,0.06,0.0,255.0,1.0,0.0,0.07,0.0,0.0,1.0,1.0,0.0,1.0,90185.0
0.0,1.0,46.0,5.0,0.0,0.0,0.0,0.0,0.0,0.0,0.0,0.0,0.0,98.0,1.0,1.0,0.0,0.0,0.12,0.06,0.0,255.0,9.0,0.04,0.07,0.0,0.0,1.0,1.0,0.0,1.0,55126.0
0.0,1.0,46.0,5.0,0.0,0.0,0.0,0.0,0.0,0.0,0.0,0.0,0.0,268.0,1.0,1.0,0.0,0.0,0.06,0.06,0.0,255.0,6.0,0.02,0.06,0.0,0.0,1.0,1.0,0.0,1.0,27932.0
0.0,1.0,46.0,1.0,0.0,0.0,0.0,0.0,0.0,0.0,0.0,0.0,0.0,124.0,0.0,0.0,1.0,1.0,0.08,0.06,0.0,199.0,10.0,0.05,0.07,0.01,0.0,0.0,0.0,1.0,1.0,87615.0
0.0,1.0,39.0,5.0,0.0,0.0,0.0,0.0,0.0,0.0,0.0,0.0,0.0,293.0,1.0,1.0,0.0,0.0,0.07,0.05,0.0,255.0,21.0,0.08,0.05,0.0,0.0,1.0,1.0,0.0,1.0,71931.0
0.0,1.0,46.0,5.0,0.0,0.0,0.0,0.0,0.0,0.0,0.0,0.0,0.0,120.0,1.0,1.0,0.0,0.0,0.04,0.08,0.0,255.0,20.0,0.08,0.07,0.0,0.0,1.0,1.0,0.0,1.0,16529.0
0.0,1.0,15.0,5.0,0.0,0.0,0.0,0.0,0.0,0.0,0.0,0.0,0.0,139.0,1.0,1.0,0.0,0.0,0.01,0.06,0.0,255.0,4.0,0.02,0.06,0.0,0.0,1.0,1.0,0.0,1.0,105261.0
0.0,0.0,14.0,9.0,30.0,0.0,0.0,0.0,0.0,0.0,0.0,0.0,0.0,2.0,0.0,0.0,0.0,0.0,1.0,0.0,0.0,150.0,150.0,1.0,0.0,1.0,0.0,0.0,0.0,0.0,0.0,27152.0
0.0,2.0,11.0,9.0,45.0,75.0,0.0,0.0,0.0,0.0,0.0,0.0,0.0,139.0,0.0,0.0,0.0,0.0,1.0,0.0,0.0,255.0,254.0,1.0,0.01,0.0,0.0,0.0,0.0,0.0,0.0,9268.0
0.0,1.0,46.0,5.0,0.0,0.0,0.0,0.0,0.0,0.0,0.0,0.0,0.0,109.0,1.0,1.0,0.0,0.0,0.05,0.07,0.0,255.0,8.0,0.03,0.07,0.0,0.0,1.0,1.0,0.0,1.0,18402.0
0.0,1.0,59.0,5.0,0.0,0.0,0.0,0.0,0.0,0.0,0.0,0.0,0.0,122.0,1.0,1.0,0.0,0.0,0.03,0.06,0.0,255.0,4.0,0.02,0.05,0.0,0.0,1.0,1.0,0.0,1.0,41871.0
0.0,1.0,46.0,5.0,0.0,0.0,0.0,0.0,0.0,0.0,0.0,0.0,0.0,95.0,1.0,1.0,0.0,0.0,0.06,0.06,0.0,255.0,29.0,0.11,0.07,0.0,0.0,1.0,1.0,0.0,1.0,21471.0
0.0,0.0,14.0,9.0,1032.0,0.0,0.0,0.0,0.0,0.0,0.0,0.0,0.0,511.0,0.0,0.0,0.0,0.0,1.0,0.0,0.0,255.0,39.0,0.15,0.04,0.15,0.0,0.27,0.0,0.0,1.0,9220.0
0.0,1.0,17.0,5.0,0.0,0.0,0.0,0.0,0.0,0.0,0.0,0.0,0.0,10.0,1.0,1.0,0.0,0.0,0.3,0.4,0.0,252.0,63.0,0.25,0.02,0.01,0.0,0.99,1.0,0.0,1.0,61893.0
0.0,1.0,46.0,5.0,0.0,0.0,0.0,0.0,0.0,0.0,0.0,0.0,0.0,148.0,1.0,1.0,0.0,0.0,0.06,0.05,0.0,255.0,2.0,0.01,0.08,0.0,0.0,1.0,1.0,0.0,1.0,19019.0
0.0,1.0,57.0,5.0,0.0,0.0,0.0,0.0,0.0,0.0,0.0,0.0,0.0,8.0,1.0,1.0,0.0,0.0,0.12,0.5,0.0,255.0,61.0,0.24,0.02,0.01,0.0,1.0,1.0,0.0,1.0,54771.0
0.0,1.0,3.0,5.0,0.0,0.0,0.0,0.0,0.0,0.0,0.0,0.0,0.0,233.0,1.0,1.0,0.0,0.0,0.0,0.06,0.0,255.0,11.0,0.04,0.06,0.0,0.0,1.0,1.0,0.0,1.0,46740.0
0.0,1.0,46.0,5.0,0.0,0.0,0.0,0.0,0.0,0.0,0.0,0.0,0.0,299.0,1.0,1.0,0.0,0.0,0.05,0.05,0.0,255.0,7.0,0.03,0.08,0.0,0.0,1.0,1.0,0.0,1.0,1672.0
0.0,1.0,46.0,5.0,0.0,0.0,0.0,0.0,0.0,0.0,0.0,0.0,0.0,220.0,1.0,1.0,0.0,0.0,0.05,0.06,0.0,255.0,12.0,0.05,0.05,0.0,0.0,1.0,1.0,0.0,1.0,66381.0
0.0,2.0,11.0,9.0,46.0,80.0,0.0,0.0,0.0,0.0,0.0,0.0,0.0,133.0,0.0,0.0,0.0,0.0,1.0,0.0,0.0,255.0,254.0,1.0,0.01,0.0,0.0,0.0,0.0,0.0,0.0,71919.0
0.0,1.0,15.0,1.0,0.0,0.0,0.0,0.0,0.0,0.0,0.0,0.0,0.0,123.0,0.0,0.0,1.0,1.0,0.15,0.07,0.0,255.0,19.0,0.07,0.07,0.0,0.0,0.0,0.0,1.0,1.0,61683.0
0.0,1.0,46.0,5.0,0.0,0.0,0.0,0.0,0.0,0.0,0.0,0.0,0.0,252.0,1.0,1.0,0.0,0.0,0.04,0.07,0.0,255.0,9.0,0.04,0.08,0.0,0.0,1.0,1.0,0.0,1.0,16169.0
0.0,1.0,27.0,5.0,0.0,0.0,0.0,0.0,0.0,0.0,0.0,0.0,0.0,60.0,1.0,1.0,0.0,0.0,0.05,0.07,0.0,255.0,3.0,0.01,0.05,0.0,0.0,1.0,1.0,0.0,1.0,19171.0
0.0,1.0,38.0,5.0,0.0,0.0,0.0,0.0,0.0,0.0,0.0,0.0,0.0,118.0,1.0,1.0,0.0,0.0,0.01,0.07,0.0,255.0,1.0,0.0,0.07,0.0,0.0,1.0,1.0,0.0,1.0,20525.0
0.0,1.0,19.0,9.0,334.0,0.0,0.0,0.0,1.0,0.0,0.0,0.0,0.0,1.0,0.0,0.0,0.0,0.0,1.0,0.0,0.0,8.0,26.0,0.88,0.25,1.0,0.12,0.0,0.0,0.0,1.0,71417.0
1900.0,2.0,41.0,9.0,145.0,105.0,0.0,0.0,0.0,0.0,0.0,0.0,0.0,3.0,0.0,0.0,0.0,0.0,0.67,0.67,0.0,72.0,2.0,0.03,0.67,0.83,0.0,0.0,0.0,0.0,0.0,13010.0
0.0,1.0,46.0,4.0,0.0,0.0,0.0,0.0,0.0,0.0,0.0,0.0,0.0,1.0,0.0,0.0,1.0,1.0,1.0,0.0,0.0,171.0,1.0,0.01,0.43,0.43,0.0,0.0,0.0,1.0,1.0,7193.0
0.0,0.0,14.0,9.0,520.0,0.0,0.0,0.0,0.0,0.0,0.0,0.0,0.0,185.0,0.0,0.0,0.0,0.0,1.0,0.0,0.0,255.0,255.0,1.0,0.0,1.0,0.0,0.0,0.0,0.0,1.0,89300.0
0.0,0.0,13.0,9.0,8.0,0.0,0.0,0.0,0.0,0.0,0.0,0.0,0.0,1.0,0.0,0.0,0.0,0.0,1.0,0.0,1.0,1.0,55.0,1.0,0.0,1.0,0.51,0.0,0.0,0.0,1.0,62471.0
0.0,1.0,36.0,5.0,0.0,0.0,0.0,0.0,0.0,0.0,0.0,0.0,0.0,294.0,1.0,1.0,0.0,0.0,0.04,0.05,0.0,255.0,5.0,0.02,0.07,0.0,0.0,1.0,1.0,0.0,1.0,51578.0
0.0,1.0,57.0,5.0,0.0,0.0,0.0,0.0,0.0,0.0,0.0,0.0,0.0,194.0,1.0,1.0,0.0,0.0,0.01,0.06,0.0,255.0,1.0,0.0,0.07,0.0,0.0,1.0,1.0,0.0,1.0,118514.0
0.0,1.0,46.0,5.0,0.0,0.0,0.0,0.0,0.0,0.0,0.0,0.0,0.0,141.0,1.0,1.0,0.0,0.0,0.09,0.06,0.0,255.0,14.0,0.05,0.06,0.0,0.0,1.0,1.0,0.0,1.0,53177.0
0.0,1.0,23.0,5.0,0.0,0.0,0.0,0.0,0.0,0.0,0.0,0.0,0.0,105.0,1.0,1.0,0.0,0.0,0.14,0.06,0.0,255.0,17.0,0.07,0.07,0.0,0.0,1.0,1.0,0.0,1.0,39844.0
0.0,2.0,11.0,9.0,46.0,92.0,0.0,0.0,0.0,0.0,0.0,0.0,0.0,172.0,0.0,0.0,0.0,0.0,1.0,0.0,0.0,255.0,255.0,1.0,0.0,0.01,0.0,0.0,0.0,0.0,0.0,58729.0
0.0,1.0,46.0,5.0,0.0,0.0,0.0,0.0,0.0,0.0,0.0,0.0,0.0,256.0,1.0,1.0,0.0,0.0,0.06,0.05,0.0,255.0,14.0,0.05,0.08,0.0,0.0,1.0,1.0,0.0,1.0,111687.0
0.0,1.0,18.0,5.0,0.0,0.0,0.0,0.0,0.0,0.0,0.0,0.0,0.0,248.0,1.0,1.0,0.0,0.0,0.08,0.05,0.0,255.0,19.0,0.07,0.07,0.0,0.0,1.0,1.0,0.0,1.0,20165.0
0.0,1.0,46.0,5.0,0.0,0.0,0.0,0.0,0.0,0.0,0.0,0.0,0.0,106.0,1.0,1.0,0.0,0.0,0.08,0.06,0.0,255.0,7.0,0.03,0.08,0.0,0.0,1.0,1.0,0.0,1.0,83411.0
0.0,1.0,62.0,5.0,0.0,0.0,0.0,0.0,0.0,0.0,0.0,0.0,0.0,148.0,1.0,1.0,0.0,0.0,0.12,0.06,0.0,255.0,20.0,0.08,0.05,0.0,0.0,1.0,1.0,0.0,1.0,5372.0
0.0,1.0,62.0,5.0,0.0,0.0,0.0,0.0,0.0,0.0,0.0,0.0,0.0,110.0,1.0,1.0,0.0,0.0,0.09,0.06,0.0,255.0,10.0,0.04,0.07,0.0,0.0,1.0,1.0,0.0,1.0,85830.0
0.0,1.0,19.0,5.0,0.0,0.0,0.0,0.0,0.0,0.0,0.0,0.0,0.0,37.0,1.0,1.0,0.0,0.0,0.19,0.11,0.0,117.0,45.0,0.23,0.03,0.02,0.04,1.0,0.6,0.0,1.0,57533.0
18888.0,2.0,41.0,9.0,147.0,105.0,0.0,0.0,0.0,0.0,0.0,0.0,0.0,5.0,0.0,0.0,0.0,0.0,0.2,0.6,0.0,255.0,2.0,0.01,0.46,0.89,0.0,0.0,0.0,0.0,1.0,7915.0
0.0,1.0,41.0,1.0,0.0,0.0,0.0,0.0,0.0,0.0,0.0,0.0,0.0,322.0,0.1,0.0,0.9,1.0,0.0,1.0,0.0,255.0,1.0,0.0,1.0,0.0,0.0,0.09,0.0,1.0,1.0,67539.0
0.0,1.0,30.0,5.0,0.0,0.0,0.0,0.0,0.0,0.0,0.0,0.0,0.0,235.0,1.0,1.0,0.0,0.0,0.05,0.07,0.0,255.0,12.0,0.05,0.07,0.0,0.0,1.0,1.0,0.0,1.0,44813.0
0.0,0.0,13.0,9.0,8.0,0.0,0.0,0.0,0.0,0.0,0.0,0.0,0.0,1.0,0.0,0.0,0.0,0.0,1.0,0.0,1.0,2.0,3.0,1.0,0.0,1.0,0.67,0.0,0.0,0.0,1.0,65071.0
0.0,2.0,46.0,9.0,1.0,0.0,0.0,0.0,0.0,0.0,0.0,0.0,0.0,12.0,0.0,0.0,0.0,0.0,0.08,0.42,0.0,255.0,1.0,0.0,0.7,0.39,0.0,0.0,0.0,0.0,1.0,76160.0
0.0,0.0,14.0,9.0,1032.0,0.0,0.0,0.0,0.0,0.0,0.0,0.0,0.0,511.0,0.0,0.0,0.0,0.0,1.0,0.0,0.0,255.0,176.0,0.69,0.02,0.69,0.0,0.0,0.0,0.0,1.0,59728.0
0.0,2.0,11.0,9.0,44.0,44.0,0.0,0.0,0.0,0.0,0.0,0.0,0.0,122.0,0.0,0.0,0.0,0.0,1.0,0.0,0.01,255.0,254.0,1.0,0.01,0.01,0.0,0.0,0.0,0.0,0.0,109147.0
0.0,1.0,46.0,5.0,0.0,0.0,0.0,0.0,0.0,0.0,0.0,0.0,0.0,224.0,1.0,1.0,0.0,0.0,0.08,0.06,0.0,255.0,3.0,0.01,0.07,0.0,0.0,1.0,1.0,0.0,1.0,43175.0
0.0,1.0,46.0,5.0,0.0,0.0,0.0,0.0,0.0,0.0,0.0,0.0,0.0,120.0,1.0,1.0,0.0,0.0,0.12,0.06,0.0,255.0,29.0,0.11,0.05,0.0,0.0,1.0,1.0,0.0,1.0,54138.0
0.0,1.0,19.0,1.0,0.0,0.0,0.0,0.0,0.0,0.0,0.0,0.0,0.0,233.0,0.0,0.0,1.0,1.0,0.0,0.07,0.0,255.0,1.0,0.0,0.07,0.0,0.0,0.0,0.0,1.0,1.0,60409.0
0.0,1.0,37.0,5.0,0.0,0.0,0.0,0.0,0.0,0.0,0.0,0.0,0.0,212.0,1.0,1.0,0.0,0.0,0.12,0.06,0.0,255.0,25.0,0.1,0.06,0.0,0.0,1.0,1.0,0.0,1.0,2763.0
0.0,1.0,46.0,5.0,0.0,0.0,0.0,0.0,0.0,0.0,0.0,0.0,0.0,179.0,1.0,1.0,0.0,0.0,0.06,0.07,0.0,255.0,11.0,0.04,0.08,0.0,0.0,1.0,1.0,0.0,1.0,13155.0
0.0,1.0,46.0,5.0,0.0,0.0,0.0,0.0,0.0,0.0,0.0,0.0,0.0,120.0,1.0,1.0,0.0,0.0,0.08,0.07,0.0,255.0,1.0,0.0,0.07,0.0,0.0,1.0,1.0,0.0,1.0,43638.0
0.0,1.0,46.0,5.0,0.0,0.0,0.0,0.0,0.0,0.0,0.0,0.0,0.0,199.0,1.0,1.0,0.0,0.0,0.09,0.07,0.0,255.0,4.0,0.02,0.07,0.0,0.0,1.0,1.0,0.0,1.0,39168.0
0.0,1.0,22.0,1.0,0.0,0.0,0.0,0.0,0.0,0.0,0.0,0.0,0.0,1.0,0.0,0.0,1.0,1.0,1.0,0.0,1.0,18.0,253.0,1.0,0.0,0.06,0.17,0.0,0.0,0.97,0.0,41826.0
0.0,1.0,46.0,5.0,0.0,0.0,0.0,0.0,0.0,0.0,0.0,0.0,0.0,143.0,1.0,1.0,0.0,0.0,0.04,0.07,0.0,255.0,8.0,0.03,0.08,0.0,0.0,1.0,1.0,0.0,1.0,10939.0
0.0,1.0,22.0,1.0,0.0,0.0,0.0,0.0,0.0,0.0,0.0,0.0,0.0,112.0,0.0,0.0,1.0,1.0,0.15,0.06,0.0,255.0,15.0,0.06,0.07,0.0,0.0,0.0,0.0,1.0,1.0,77144.0
0.0,1.0,32.0,5.0,0.0,0.0,0.0,0.0,0.0,0.0,0.0,0.0,0.0,221.0,1.0,1.0,0.0,0.0,0.07,0.06,0.0,255.0,17.0,0.07,0.08,0.0,0.0,1.0,1.0,0.0,1.0,520.0
0.0,2.0,11.0,9.0,42.0,75.0,0.0,0.0,0.0,0.0,0.0,0.0,0.0,152.0,0.0,0.0,0.0,0.0,1.0,0.0,0.0,255.0,226.0,0.89,0.01,0.0,0.0,0.0,0.0,0.0,0.0,74136.0
0.0,1.0,34.0,5.0,0.0,0.0,0.0,0.0,0.0,0.0,0.0,0.0,0.0,288.0,1.0,1.0,0.0,0.0,0.0,0.05,0.0,255.0,1.0,0.0,0.05,0.0,0.0,1.0,1.0,0.0,1.0,75618.0
0.0,0.0,13.0,9.0,8.0,0.0,0.0,0.0,0.0,0.0,0.0,0.0,0.0,1.0,0.0,0.0,0.0,0.0,1.0,0.0,1.0,2.0,86.0,1.0,0.0,1.0,0.5,0.0,0.0,0.0,1.0,91461.0
0.0,0.0,14.0,9.0,520.0,0.0,0.0,0.0,0.0,0.0,0.0,0.0,0.0,188.0,0.0,0.0,0.0,0.0,1.0,0.0,0.0,255.0,255.0,1.0,0.0,1.0,0.0,0.0,0.0,0.0,1.0,95708.0
0.0,1.0,46.0,5.0,0.0,0.0,0.0,0.0,0.0,0.0,0.0,0.0,0.0,256.0,1.0,1.0,0.0,0.0,0.02,0.05,0.0,214.0,5.0,0.02,0.07,0.0,0.0,0.99,1.0,0.0,1.0,8032.0
0.0,1.0,46.0,5.0,0.0,0.0,0.0,0.0,0.0,0.0,0.0,0.0,0.0,114.0,1.0,1.0,0.0,0.0,0.11,0.05,0.0,255.0,12.0,0.05,0.04,0.0,0.0,1.0,1.0,0.0,1.0,19958.0
0.0,1.0,63.0,1.0,0.0,0.0,0.0,0.0,0.0,0.0,0.0,0.0,0.0,203.0,0.0,0.0,1.0,1.0,0.01,0.07,0.0,255.0,2.0,0.01,0.07,0.0,0.0,0.0,0.0,1.0,1.0,95908.0
0.0,1.0,6.0,5.0,0.0,0.0,0.0,0.0,0.0,0.0,0.0,0.0,0.0,195.0,1.0,1.0,0.0,0.0,0.1,0.06,0.0,255.0,19.0,0.07,0.07,0.0,0.0,1.0,1.0,0.0,1.0,14010.0
0.0,1.0,2.0,5.0,0.0,0.0,0.0,0.0,0.0,0.0,0.0,0.0,0.0,296.0,1.0,1.0,0.0,0.0,0.08,0.04,0.0,255.0,24.0,0.09,0.05,0.0,0.0,1.0,1.0,0.0,1.0,47771.0
0.0,1.0,46.0,5.0,0.0,0.0,0.0,0.0,0.0,0.0,0.0,0.0,0.0,111.0,0.93,1.0,0.0,0.0,0.07,0.06,0.0,255.0,6.0,0.02,0.07,0.0,0.0,1.0,1.0,0.0,1.0,79186.0
0.0,1.0,46.0,5.0,0.0,0.0,0.0,0.0,0.0,0.0,0.0,0.0,0.0,121.0,1.0,1.0,0.0,0.0,0.06,0.07,0.0,255.0,7.0,0.03,0.05,0.0,0.0,1.0,1.0,0.0,1.0,46887.0
0.0,1.0,46.0,5.0,0.0,0.0,0.0,0.0,0.0,0.0,0.0,0.0,0.0,198.0,1.0,1.0,0.0,0.0,0.1,0.07,0.0,255.0,10.0,0.04,0.06,0.0,0.0,1.0,1.0,0.0,1.0,57934.0
0.0,1.0,5.0,1.0,0.0,0.0,0.0,0.0,0.0,0.0,0.0,0.0,0.0,146.0,0.0,0.0,1.0,1.0,0.12,0.05,0.0,255.0,17.0,0.07,0.06,0.0,0.0,0.0,0.0,1.0,1.0,113516.0
0.0,1.0,46.0,5.0,0.0,0.0,0.0,0.0,0.0,0.0,0.0,0.0,0.0,98.0,1.0,1.0,0.0,0.0,0.04,0.07,0.0,255.0,14.0,0.05,0.07,0.0,0.0,1.0,1.0,0.0,1.0,43455.0
0.0,0.0,13.0,9.0,30.0,0.0,0.0,0.0,0.0,0.0,0.0,0.0,0.0,2.0,0.0,0.0,0.0,0.0,0.5,1.0,0.0,255.0,8.0,0.03,0.01,0.14,0.0,0.0,0.0,0.0,0.0,86814.0
0.0,2.0,11.0,9.0,44.0,75.0,0.0,0.0,0.0,0.0,0.0,0.0,0.0,157.0,0.0,0.0,0.0,0.0,1.0,0.0,0.0,255.0,203.0,0.8,0.01,0.0,0.0,0.0,0.0,0.0,0.0,70587.0
0.0,1.0,6.0,5.0,0.0,0.0,0.0,0.0,0.0,0.0,0.0,0.0,0.0,227.0,1.0,1.0,0.0,0.0,0.09,0.07,0.0,255.0,20.0,0.08,0.08,0.0,0.0,1.0,1.0,0.0,1.0,107485.0
0.0,1.0,46.0,1.0,0.0,0.0,0.0,0.0,0.0,0.0,0.0,0.0,0.0,148.0,0.04,0.0,0.88,1.0,0.01,0.99,0.0,255.0,1.0,0.0,0.59,0.0,0.0,0.02,0.0,1.0,1.0,82192.0
0.0,1.0,4.0,5.0,0.0,0.0,0.0,0.0,0.0,0.0,0.0,0.0,0.0,240.0,1.0,1.0,0.0,0.0,0.0,0.05,0.0,255.0,1.0,0.0,0.05,0.0,0.0,1.0,1.0,0.0,1.0,103471.0
0.0,0.0,13.0,9.0,8.0,0.0,0.0,0.0,0.0,0.0,0.0,0.0,0.0,1.0,0.0,0.0,0.0,0.0,1.0,0.0,1.0,1.0,255.0,1.0,0.0,1.0,0.5,0.0,0.0,0.0,1.0,11584.0
0.0,1.0,21.0,5.0,0.0,0.0,0.0,0.0,0.0,0.0,0.0,0.0,0.0,284.0,1.0,1.0,0.0,0.0,0.07,0.05,0.0,255.0,21.0,0.08,0.05,0.0,0.0,1.0,1.0,0.0,1.0,83828.0
0.0,1.0,2.0,1.0,0.0,0.0,0.0,0.0,0.0,0.0,0.0,0.0,0.0,279.0,0.0,0.0,1.0,1.0,0.04,0.06,0.0,255.0,12.0,0.05,0.07,0.0,0.0,0.0,0.0,1.0,1.0,71022.0
0.0,1.0,22.0,1.0,0.0,0.0,0.0,0.0,0.0,0.0,0.0,0.0,0.0,149.0,0.0,0.0,1.0,1.0,0.13,0.05,0.0,255.0,3.0,0.01,0.07,0.0,0.0,0.0,0.0,1.0,1.0,102230.0
0.0,1.0,26.0,5.0,0.0,0.0,0.0,0.0,0.0,0.0,0.0,0.0,0.0,243.0,1.0,1.0,0.0,0.0,0.08,0.07,0.0,255.0,19.0,0.07,0.07,0.0,0.0,1.0,1.0,0.0,1.0,11063.0
0.0,0.0,14.0,9.0,30.0,0.0,0.0,0.0,0.0,0.0,0.0,0.0,0.0,1.0,0.0,0.0,0.0,0.0,1.0,0.0,0.0,172.0,172.0,1.0,0.0,1.0,0.0,0.0,0.0,0.0,0.0,76054.0
0.0,1.0,46.0,4.0,0.0,0.0,0.0,0.0,0.0,0.0,0.0,0.0,0.0,1.0,0.0,0.0,1.0,1.0,1.0,0.0,0.0,255.0,1.0,0.0,0.37,0.72,0.0,0.0,0.0,1.0,1.0,116534.0
0.0,1.0,57.0,5.0,0.0,0.0,0.0,0.0,0.0,0.0,0.0,0.0,0.0,263.0,1.0,1.0,0.0,0.0,0.03,0.06,0.0,255.0,7.0,0.03,0.07,0.0,0.0,1.0,1.0,0.0,1.0,73665.0
0.0,1.0,46.0,5.0,0.0,0.0,0.0,0.0,0.0,0.0,0.0,0.0,0.0,57.0,1.0,1.0,0.0,0.0,0.14,0.07,0.0,255.0,8.0,0.03,0.05,0.0,0.0,1.0,1.0,0.0,1.0,29234.0
0.0,1.0,46.0,4.0,0.0,0.0,0.0,0.0,0.0,0.0,0.0,0.0,0.0,1.0,0.0,0.0,1.0,1.0,1.0,0.0,0.0,255.0,1.0,0.0,0.84,0.84,0.0,0.0,0.0,1.0,1.0,49797.0
13113.0,1.0,41.0,4.0,1.0,0.0,0.0,0.0,0.0,0.0,0.0,0.0,0.0,2.0,0.0,0.0,1.0,1.0,1.0,0.0,0.0,255.0,2.0,0.01,0.68,1.0,0.0,0.0,0.0,1.0,1.0,23466.0
0.0,1.0,46.0,5.0,0.0,0.0,0.0,0.0,0.0,0.0,0.0,0.0,0.0,196.0,1.0,1.0,0.0,0.0,0.09,0.06,0.0,255.0,5.0,0.02,0.07,0.0,0.0,1.0,1.0,0.0,1.0,73276.0
0.0,1.0,36.0,5.0,0.0,0.0,0.0,0.0,0.0,0.0,0.0,0.0,0.0,267.0,1.0,1.0,0.0,0.0,0.04,0.05,0.0,255.0,12.0,0.05,0.05,0.0,0.0,1.0,1.0,0.0,1.0,89205.0
0.0,1.0,22.0,1.0,0.0,0.0,0.0,0.0,0.0,0.0,0.0,0.0,0.0,1.0,0.0,0.0,1.0,1.0,1.0,0.0,0.0,19.0,255.0,1.0,0.0,0.05,0.19,0.0,0.0,0.99,0.0,119113.0
0.0,1.0,15.0,1.0,0.0,0.0,0.0,0.0,0.0,0.0,0.0,0.0,0.0,149.0,0.0,0.0,1.0,1.0,0.13,0.05,0.0,255.0,20.0,0.08,0.06,0.0,0.0,0.0,0.0,1.0,1.0,17172.0
0.0,1.0,22.0,5.0,0.0,0.0,0.0,0.0,0.0,0.0,0.0,0.0,0.0,17.0,1.0,1.0,0.0,0.0,0.47,0.24,0.0,255.0,67.0,0.26,0.02,0.01,0.0,1.0,1.0,0.0,1.0,102797.0
0.0,1.0,44.0,5.0,0.0,0.0,0.0,0.0,0.0,0.0,0.0,0.0,0.0,256.0,1.0,1.0,0.0,0.0,0.01,0.06,0.0,255.0,2.0,0.01,0.07,0.0,0.0,1.0,1.0,0.0,1.0,16644.0
0.0,0.0,13.0,9.0,30.0,0.0,0.0,0.0,0.0,0.0,0.0,0.0,0.0,2.0,0.0,0.0,0.0,0.0,0.5,1.0,0.0,255.0,3.0,0.01,0.01,0.06,0.0,0.0,0.0,0.0,0.0,83322.0
0.0,0.0,14.0,9.0,1032.0,0.0,0.0,0.0,0.0,0.0,0.0,0.0,0.0,510.0,0.0,0.0,0.0,0.0,1.0,0.0,0.0,255.0,116.0,0.45,0.08,0.45,0.0,0.0,0.0,0.0,1.0,110661.0
8615.0,1.0,41.0,4.0,1.0,0.0,0.0,0.0,0.0,0.0,0.0,0.0,0.0,2.0,0.0,0.0,1.0,1.0,1.0,0.0,0.0,255.0,2.0,0.01,0.7,1.0,0.0,0.0,0.0,1.0,1.0,35525.0
0.0,1.0,46.0,5.0,0.0,0.0,0.0,0.0,0.0,0.0,0.0,0.0,0.0,103.0,1.0,1.0,0.0,0.0,0.15,0.06,0.0,255.0,12.0,0.05,0.06,0.0,0.0,1.0,1.0,0.0,1.0,33873.0
0.0,1.0,57.0,5.0,0.0,0.0,0.0,0.0,0.0,0.0,0.0,0.0,0.0,264.0,1.0,1.0,0.0,0.0,0.01,0.06,0.0,255.0,2.0,0.01,0.06,0.0,0.0,1.0,1.0,0.0,1.0,45984.0
0.0,1.0,17.0,5.0,0.0,0.0,0.0,0.0,0.0,0.0,0.0,0.0,0.0,60.0,1.0,1.0,0.0,0.0,0.25,0.07,0.0,142.0,38.0,0.25,0.03,0.02,0.05,0.99,0.92,0.0,1.0,93036.0
0.0,1.0,18.0,2.0,0.0,0.0,0.0,0.0,0.0,0.0,0.0,0.0,0.0,279.0,0.0,0.0,1.0,1.0,0.06,0.06,0.0,255.0,18.0,0.07,0.08,0.0,0.0,0.0,0.0,1.0,1.0,94834.0
0.0,1.0,21.0,5.0,0.0,0.0,0.0,0.0,0.0,0.0,0.0,0.0,0.0,135.0,1.0,1.0,0.0,0.0,0.05,0.06,0.0,255.0,1.0,0.0,0.06,0.0,0.0,1.0,1.0,0.0,1.0,94414.0
0.0,1.0,18.0,2.0,0.0,0.0,0.0,0.0,0.0,0.0,0.0,0.0,0.0,240.0,0.0,0.0,1.0,1.0,0.05,0.07,0.0,255.0,12.0,0.05,0.08,0.0,0.0,0.0,0.0,1.0,1.0,77870.0
0.0,1.0,46.0,5.0,0.0,0.0,0.0,0.0,0.0,0.0,0.0,0.0,0.0,174.0,1.0,1.0,0.0,0.0,0.07,0.05,0.0,255.0,12.0,0.05,0.05,0.0,0.0,1.0,1.0,0.0,1.0,31475.0
0.0,1.0,65.0,5.0,0.0,0.0,0.0,0.0,0.0,0.0,0.0,0.0,0.0,212.0,1.0,1.0,0.0,0.0,0.08,0.06,0.0,255.0,16.0,0.06,0.07,0.0,0.0,1.0,1.0,0.0,1.0,52801.0
0.0,1.0,5.0,1.0,0.0,0.0,0.0,0.0,0.0,0.0,0.0,0.0,0.0,125.0,0.0,0.0,1.0,1.0,0.1,0.06,0.0,255.0,12.0,0.05,0.08,0.0,0.0,0.0,0.0,1.0,1.0,54893.0
0.0,1.0,46.0,5.0,0.0,0.0,0.0,0.0,0.0,0.0,0.0,0.0,0.0,73.0,1.0,1.0,0.0,0.0,0.25,0.07,0.0,255.0,18.0,0.07,0.05,0.0,0.0,1.0,1.0,0.0,1.0,73005.0
0.0,1.0,36.0,5.0,0.0,0.0,0.0,0.0,0.0,0.0,0.0,0.0,0.0,209.0,1.0,1.0,0.0,0.0,0.02,0.07,0.0,255.0,20.0,0.08,0.06,0.0,0.0,1.0,1.0,0.0,1.0,100572.0
0.0,1.0,22.0,5.0,0.0,0.0,0.0,0.0,0.0,0.0,0.0,0.0,0.0,79.0,1.0,1.0,0.0,0.0,0.25,0.05,0.0,255.0,60.0,0.24,0.02,0.02,0.0,1.0,1.0,0.0,1.0,120554.0
0.0,1.0,46.0,4.0,0.0,0.0,0.0,0.0,0.0,0.0,0.0,0.0,0.0,1.0,0.0,0.0,1.0,1.0,1.0,0.0,0.0,255.0,1.0,0.0,0.38,0.38,0.0,0.0,0.0,1.0,1.0,66523.0
0.0,0.0,13.0,9.0,8.0,0.0,0.0,0.0,0.0,0.0,0.0,0.0,0.0,1.0,0.0,0.0,0.0,0.0,1.0,0.0,1.0,2.0,94.0,1.0,0.0,1.0,0.5,0.0,0.0,0.0,1.0,91145.0
0.0,2.0,11.0,9.0,45.0,45.0,0.0,0.0,0.0,0.0,0.0,0.0,0.0,162.0,0.0,0.0,0.0,0.0,1.0,0.0,0.01,255.0,229.0,0.9,0.01,0.0,0.0,0.0,0.0,0.0,0.0,40396.0
0.0,1.0,5.0,5.0,0.0,0.0,0.0,0.0,0.0,0.0,0.0,0.0,0.0,143.0,1.0,1.0,0.0,0.0,0.13,0.06,0.0,255.0,19.0,0.07,0.06,0.0,0.0,1.0,1.0,0.0,1.0,28956.0
0.0,1.0,2.0,5.0,0.0,0.0,0.0,0.0,0.0,0.0,0.0,0.0,0.0,269.0,1.0,1.0,0.0,0.0,0.06,0.06,0.0,255.0,16.0,0.06,0.07,0.0,0.0,1.0,1.0,0.0,1.0,75215.0
0.0,1.0,62.0,5.0,0.0,0.0,0.0,0.0,0.0,0.0,0.0,0.0,0.0,128.0,1.0,1.0,0.0,0.0,0.05,0.07,0.0,255.0,7.0,0.03,0.06,0.0,0.0,1.0,1.0,0.0,1.0,101068.0
0.0,0.0,14.0,9.0,520.0,0.0,0.0,0.0,0.0,0.0,0.0,0.0,0.0,473.0,0.0,0.0,0.0,0.0,1.0,0.0,0.0,123.0,123.0,1.0,0.0,1.0,0.0,0.0,0.0,0.0,1.0,16815.0
0.0,1.0,46.0,5.0,0.0,0.0,0.0,0.0,0.0,0.0,0.0,0.0,0.0,230.0,1.0,1.0,0.0,0.0,0.01,0.05,0.0,91.0,3.0,0.03,0.11,0.01,0.0,0.85,1.0,0.0,1.0,29455.0
0.0,1.0,46.0,5.0,0.0,0.0,0.0,0.0,0.0,0.0,0.0,0.0,0.0,117.0,1.0,1.0,0.0,0.0,0.15,0.06,0.0,255.0,37.0,0.15,0.05,0.0,0.0,1.0,1.0,0.0,1.0,60087.0
0.0,0.0,14.0,9.0,1032.0,0.0,0.0,0.0,0.0,0.0,0.0,0.0,0.0,361.0,0.0,0.0,0.0,0.0,1.0,0.0,0.0,255.0,255.0,1.0,0.0,1.0,0.0,0.0,0.0,0.0,1.0,65669.0
0.0,0.0,13.0,9.0,18.0,0.0,0.0,0.0,0.0,0.0,0.0,0.0,0.0,2.0,0.0,0.0,0.0,0.0,0.5,1.0,0.0,3.0,199.0,1.0,0.0,1.0,0.25,0.0,0.0,0.0,1.0,32748.0
0.0,1.0,4.0,5.0,0.0,0.0,0.0,0.0,0.0,0.0,0.0,0.0,0.0,261.0,1.0,1.0,0.0,0.0,0.03,0.06,0.0,255.0,7.0,0.03,0.07,0.0,0.0,1.0,1.0,0.0,1.0,38710.0
0.0,2.0,46.0,9.0,1.0,0.0,0.0,0.0,0.0,0.0,0.0,0.0,0.0,5.0,0.0,0.0,0.0,0.0,1.0,0.0,0.0,73.0,5.0,0.07,0.07,0.11,0.0,0.0,0.0,0.0,1.0,93803.0
0.0,1.0,22.0,1.0,0.0,0.0,0.0,0.0,0.0,0.0,0.0,0.0,0.0,1.0,0.0,0.0,1.0,1.0,1.0,0.0,0.0,11.0,73.0,1.0,0.0,0.09,0.08,0.0,0.0,0.99,0.0,10437.0
0.0,1.0,46.0,5.0,0.0,0.0,0.0,0.0,0.0,0.0,0.0,0.0,0.0,115.0,1.0,1.0,0.0,0.0,0.07,0.06,0.0,59.0,9.0,0.15,0.14,0.02,0.0,1.0,1.0,0.0,1.0,55139.0
0.0,1.0,16.0,2.0,0.0,0.0,0.0,0.0,0.0,0.0,0.0,0.0,0.0,136.0,0.0,0.0,1.0,1.0,0.15,0.07,0.0,255.0,20.0,0.08,0.06,0.0,0.0,0.0,0.0,1.0,1.0,31968.0
0.0,2.0,46.0,9.0,1.0,0.0,0.0,0.0,0.0,0.0,0.0,0.0,0.0,8.0,0.0,0.0,0.0,0.0,0.88,0.25,0.0,255.0,7.0,0.03,0.23,1.0,0.0,0.0,0.0,0.0,1.0,1410.0
0.0,1.0,59.0,2.0,0.0,0.0,0.0,0.0,0.0,0.0,0.0,0.0,0.0,164.0,0.0,0.0,1.0,1.0,0.04,0.07,0.0,255.0,6.0,0.02,0.08,0.0,0.0,0.0,0.0,1.0,1.0,46275.0
0.0,1.0,46.0,1.0,0.0,0.0,0.0,0.0,0.0,0.0,0.0,0.0,0.0,20.0,0.0,0.0,1.0,1.0,0.05,1.0,0.0,255.0,1.0,0.0,0.41,0.0,0.0,0.0,0.0,1.0,1.0,56725.0
1315.0,2.0,11.0,9.0,110.0,28.0,0.0,0.0,0.0,0.0,0.0,0.0,0.0,2.0,0.0,0.0,0.0,0.0,1.0,0.0,0.0,23.0,16.0,0.7,0.09,0.3,0.0,0.0,0.0,0.0,0.0,120828.0
0.0,2.0,11.0,9.0,44.0,86.0,0.0,0.0,0.0,0.0,0.0,0.0,0.0,160.0,0.0,0.0,0.0,0.0,1.0,0.0,0.0,255.0,227.0,0.89,0.01,0.0,0.0,0.0,0.0,0.0,0.0,119357.0
0.0,1.0,22.0,5.0,0.0,0.0,0.0,0.0,0.0,0.0,0.0,0.0,0.0,14.0,0.93,0.86,0.07,0.14,0.43,0.36,0.29,255.0,26.0,0.1,0.06,0.02,0.0,1.0,1.0,0.0,1.0,119664.0
0.0,1.0,41.0,1.0,0.0,0.0,0.0,0.0,0.0,0.0,0.0,0.0,0.0,508.0,0.08,0.0,0.92,1.0,0.0,1.0,0.0,255.0,1.0,0.0,1.0,0.0,0.0,0.09,0.0,1.0,1.0,89333.0
0.0,1.0,6.0,5.0,0.0,0.0,0.0,0.0,0.0,0.0,0.0,0.0,0.0,245.0,1.0,1.0,0.0,0.0,0.0,0.07,0.0,255.0,2.0,0.01,0.08,0.0,0.0,1.0,1.0,0.0,1.0,47420.0
0.0,1.0,46.0,5.0,0.0,0.0,0.0,0.0,0.0,0.0,0.0,0.0,0.0,251.0,1.0,1.0,0.0,0.0,0.05,0.06,0.0,255.0,13.0,0.05,0.09,0.0,0.0,1.0,1.0,0.0,1.0,50685.0
0.0,1.0,46.0,5.0,0.0,0.0,0.0,0.0,0.0,0.0,0.0,0.0,0.0,187.0,1.0,1.0,0.0,0.0,0.1,0.06,0.0,255.0,5.0,0.02,0.07,0.0,0.0,1.0,1.0,0.0,1.0,61243.0
0.0,1.0,53.0,5.0,0.0,0.0,0.0,0.0,0.0,0.0,0.0,0.0,0.0,101.0,1.0,1.0,0.0,0.0,0.01,0.07,0.0,255.0,1.0,0.0,0.06,0.0,0.0,1.0,1.0,0.0,1.0,102838.0
0.0,1.0,30.0,5.0,0.0,0.0,0.0,0.0,0.0,0.0,0.0,0.0,0.0,281.0,1.0,1.0,0.0,0.0,0.04,0.06,0.0,255.0,11.0,0.04,0.07,0.0,0.0,1.0,1.0,0.0,1.0,104822.0
0.0,0.0,14.0,9.0,1032.0,0.0,0.0,0.0,0.0,0.0,0.0,0.0,0.0,511.0,0.0,0.0,0.0,0.0,1.0,0.0,0.0,224.0,79.0,0.35,0.01,0.35,0.0,0.0,0.0,0.0,1.0,82023.0
0.0,1.0,63.0,1.0,0.0,0.0,0.0,0.0,0.0,0.0,0.0,0.0,0.0,273.0,0.0,0.0,1.0,1.0,0.04,0.06,0.0,255.0,12.0,0.05,0.08,0.0,0.0,0.0,0.0,1.0,1.0,14384.0
0.0,0.0,13.0,9.0,8.0,0.0,0.0,0.0,0.0,0.0,0.0,0.0,0.0,1.0,0.0,0.0,0.0,0.0,1.0,0.0,1.0,2.0,38.0,1.0,0.0,1.0,0.5,0.0,0.0,0.0,1.0,97953.0
0.0,1.0,46.0,5.0,0.0,0.0,0.0,0.0,0.0,0.0,0.0,0.0,0.0,109.0,1.0,1.0,0.0,0.0,0.01,0.06,0.0,255.0,5.0,0.02,0.07,0.0,0.0,1.0,1.0,0.0,1.0,113497.0
0.0,1.0,46.0,5.0,0.0,0.0,0.0,0.0,0.0,0.0,0.0,0.0,0.0,125.0,0.99,1.0,0.0,0.0,0.07,0.07,0.0,255.0,9.0,0.04,0.07,0.0,0.0,1.0,1.0,0.0,1.0,65665.0
0.0,1.0,33.0,5.0,0.0,0.0,0.0,0.0,0.0,0.0,0.0,0.0,0.0,73.0,1.0,1.0,0.0,0.0,0.14,0.08,0.0,255.0,10.0,0.04,0.05,0.0,0.0,1.0,1.0,0.0,1.0,93920.0
0.0,1.0,62.0,5.0,0.0,0.0,0.0,0.0,0.0,0.0,0.0,0.0,0.0,129.0,1.0,1.0,0.0,0.0,0.04,0.05,0.0,255.0,5.0,0.02,0.05,0.0,0.0,1.0,1.0,0.0,1.0,43160.0
0.0,1.0,46.0,1.0,0.0,0.0,0.0,0.0,0.0,0.0,0.0,0.0,0.0,128.0,0.0,0.0,1.0,1.0,0.04,0.06,0.0,255.0,4.0,0.02,0.06,0.0,0.0,0.0,0.0,1.0,1.0,63612.0
0.0,1.0,46.0,1.0,0.0,0.0,0.0,0.0,0.0,0.0,0.0,0.0,0.0,46.0,0.0,0.0,1.0,1.0,0.35,0.11,0.0,255.0,16.0,0.06,0.06,0.0,0.0,0.0,0.0,1.0,1.0,107979.0
0.0,1.0,17.0,5.0,0.0,0.0,0.0,0.0,0.0,0.0,0.0,0.0,0.0,257.0,1.0,0.75,0.0,0.0,0.01,0.06,0.5,255.0,3.0,0.01,0.06,0.0,0.0,1.0,1.0,0.0,1.0,91672.0
0.0,0.0,14.0,9.0,1032.0,0.0,0.0,0.0,0.0,0.0,0.0,0.0,0.0,511.0,0.0,0.0,0.0,0.0,1.0,0.0,0.0,255.0,178.0,0.7,0.02,0.7,0.0,0.0,0.0,0.0,1.0,10255.0
0.0,1.0,23.0,1.0,0.0,0.0,0.0,0.0,0.0,0.0,0.0,0.0,0.0,134.0,0.0,0.0,1.0,1.0,0.02,0.07,0.0,255.0,3.0,0.01,0.06,0.0,0.0,0.0,0.0,1.0,1.0,43268.0
0.0,1.0,46.0,5.0,0.0,0.0,0.0,0.0,0.0,0.0,0.0,0.0,0.0,126.0,1.0,1.0,0.0,0.0,0.07,0.06,0.0,126.0,9.0,0.07,0.08,0.01,0.0,1.0,1.0,0.0,1.0,94458.0
0.0,1.0,2.0,5.0,0.0,0.0,0.0,0.0,0.0,0.0,0.0,0.0,0.0,229.0,1.0,1.0,0.0,0.0,0.0,0.06,0.0,255.0,1.0,0.0,0.07,0.0,0.0,1.0,1.0,0.0,1.0,100470.0
0.0,0.0,13.0,9.0,8.0,0.0,0.0,0.0,0.0,0.0,0.0,0.0,0.0,1.0,0.0,0.0,0.0,0.0,1.0,0.0,1.0,1.0,93.0,1.0,0.0,1.0,0.51,0.0,0.0,0.0,1.0,30966.0
0.0,1.0,46.0,5.0,0.0,0.0,0.0,0.0,0.0,0.0,0.0,0.0,0.0,123.0,1.0,1.0,0.0,0.0,0.11,0.07,0.0,255.0,13.0,0.05,0.07,0.0,0.0,1.0,1.0,0.0,1.0,63450.0
30855.0,1.0,46.0,4.0,1.0,0.0,0.0,0.0,0.0,0.0,0.0,0.0,0.0,2.0,0.0,0.0,1.0,1.0,1.0,0.0,0.0,255.0,2.0,0.01,0.75,1.0,0.0,0.0,0.0,1.0,1.0,53624.0
0.0,1.0,46.0,1.0,0.0,0.0,0.0,0.0,0.0,0.0,0.0,0.0,0.0,152.0,0.01,0.0,0.95,1.0,0.01,1.0,0.0,255.0,1.0,0.0,0.62,0.0,0.0,0.0,0.0,1.0,1.0,13637.0
0.0,2.0,11.0,9.0,44.0,44.0,0.0,0.0,0.0,0.0,0.0,0.0,0.0,94.0,0.0,0.0,0.0,0.0,1.0,0.0,0.01,255.0,255.0,1.0,0.0,0.01,0.0,0.0,0.0,0.0,0.0,10129.0
0.0,1.0,46.0,5.0,0.0,0.0,0.0,0.0,0.0,0.0,0.0,0.0,0.0,268.0,1.0,1.0,0.0,0.0,0.06,0.06,0.0,255.0,15.0,0.06,0.06,0.0,0.0,1.0,1.0,0.0,1.0,22319.0
0.0,1.0,17.0,5.0,0.0,0.0,0.0,0.0,0.0,0.0,0.0,0.0,0.0,45.0,1.0,1.0,0.0,0.0,0.27,0.09,0.0,125.0,37.0,0.26,0.03,0.01,0.05,1.0,0.86,0.0,1.0,124057.0
0.0,1.0,6.0,5.0,0.0,0.0,0.0,0.0,0.0,0.0,0.0,0.0,0.0,290.0,1.0,1.0,0.0,0.0,0.04,0.06,0.0,255.0,10.0,0.04,0.07,0.0,0.0,1.0,1.0,0.0,1.0,53401.0
0.0,0.0,13.0,9.0,18.0,0.0,0.0,0.0,0.0,0.0,0.0,0.0,0.0,1.0,0.0,0.0,0.0,0.0,1.0,0.0,0.0,1.0,183.0,1.0,0.0,1.0,1.0,0.0,0.0,0.0,1.0,39905.0
0.0,1.0,52.0,5.0,0.0,0.0,0.0,0.0,0.0,0.0,0.0,0.0,0.0,273.0,1.0,1.0,0.0,0.0,0.09,0.04,0.0,255.0,25.0,0.1,0.05,0.0,0.0,1.0,1.0,0.0,1.0,60103.0
0.0,1.0,57.0,5.0,0.0,0.0,0.0,0.0,0.0,0.0,0.0,0.0,0.0,42.0,1.0,1.0,0.0,0.0,0.21,0.1,0.0,255.0,23.0,0.09,0.06,0.01,0.0,1.0,1.0,0.0,1.0,4233.0
0.0,1.0,54.0,5.0,0.0,0.0,0.0,0.0,0.0,0.0,0.0,0.0,0.0,278.0,1.0,1.0,0.0,0.0,0.01,0.06,0.0,255.0,18.0,0.07,0.08,0.0,0.0,1.0,1.0,0.0,1.0,16506.0
0.0,1.0,39.0,5.0,0.0,0.0,0.0,0.0,0.0,0.0,0.0,0.0,0.0,196.0,1.0,1.0,0.0,0.0,0.06,0.07,0.0,255.0,12.0,0.05,0.08,0.0,0.0,1.0,1.0,0.0,1.0,373.0
0.0,1.0,65.0,5.0,0.0,0.0,0.0,0.0,0.0,0.0,0.0,0.0,0.0,271.0,1.0,1.0,0.0,0.0,0.05,0.06,0.0,255.0,13.0,0.05,0.07,0.0,0.0,1.0,1.0,0.0,1.0,52621.0
0.0,1.0,27.0,5.0,0.0,0.0,0.0,0.0,0.0,0.0,0.0,0.0,0.0,141.0,1.0,1.0,0.0,0.0,0.13,0.05,0.0,255.0,18.0,0.07,0.05,0.0,0.0,1.0,1.0,0.0,1.0,125681.0
0.0,2.0,46.0,9.0,1.0,0.0,0.0,0.0,0.0,0.0,0.0,0.0,0.0,31.0,0.0,0.0,0.0,0.0,0.1,0.13,0.0,255.0,3.0,0.01,0.58,0.56,0.0,0.0,0.0,0.0,1.0,119370.0
0.0,1.0,46.0,5.0,0.0,0.0,0.0,0.0,0.0,0.0,0.0,0.0,0.0,169.0,1.0,1.0,0.0,0.0,0.01,0.07,0.0,255.0,12.0,0.05,0.08,0.0,0.0,1.0,1.0,0.0,1.0,41744.0
0.0,1.0,46.0,1.0,0.0,0.0,0.0,0.0,0.0,0.0,0.0,0.0,0.0,62.0,0.0,0.0,0.92,1.0,0.02,1.0,0.0,187.0,1.0,0.01,0.39,0.01,0.0,0.0,0.0,1.0,1.0,28283.0
0.0,1.0,46.0,5.0,0.0,0.0,0.0,0.0,0.0,0.0,0.0,0.0,0.0,68.0,1.0,1.0,0.0,0.0,0.13,0.09,0.0,255.0,9.0,0.04,0.06,0.0,0.0,1.0,1.0,0.0,1.0,112235.0
0.0,1.0,57.0,2.0,0.0,0.0,0.0,0.0,0.0,0.0,0.0,0.0,0.0,263.0,0.0,0.0,1.0,1.0,0.03,0.06,0.0,255.0,8.0,0.03,0.07,0.0,0.0,0.0,0.0,1.0,1.0,66871.0
0.0,1.0,53.0,5.0,0.0,0.0,0.0,0.0,0.0,0.0,0.0,0.0,0.0,227.0,1.0,1.0,0.0,0.0,0.04,0.07,0.0,255.0,8.0,0.03,0.08,0.0,0.0,1.0,1.0,0.0,1.0,107608.0
0.0,1.0,7.0,4.0,0.0,0.0,0.0,0.0,0.0,0.0,0.0,0.0,0.0,1.0,0.0,0.0,1.0,1.0,1.0,0.0,0.0,182.0,1.0,0.01,0.46,0.46,0.0,0.0,0.0,1.0,1.0,45531.0
0.0,1.0,22.0,1.0,0.0,0.0,0.0,0.0,0.0,0.0,0.0,0.0,0.0,1.0,0.0,0.0,1.0,1.0,1.0,0.0,0.0,28.0,251.0,1.0,0.0,0.04,0.08,0.0,0.0,0.74,0.0,29820.0
0.0,0.0,14.0,9.0,520.0,0.0,0.0,0.0,0.0,0.0,0.0,0.0,0.0,482.0,0.0,0.0,0.0,0.0,1.0,0.0,0.0,93.0,93.0,1.0,0.0,1.0,0.0,0.0,0.0,0.0,1.0,99511.0
9155.0,1.0,41.0,4.0,1.0,0.0,0.0,0.0,0.0,0.0,0.0,0.0,0.0,2.0,0.0,0.0,1.0,1.0,1.0,0.0,0.0,255.0,2.0,0.01,0.74,1.0,0.0,0.0,0.0,1.0,1.0,43804.0
0.0,1.0,34.0,5.0,0.0,0.0,0.0,0.0,0.0,0.0,0.0,0.0,0.0,297.0,1.0,1.0,0.0,0.0,0.06,0.06,0.0,255.0,18.0,0.07,0.07,0.0,0.0,1.0,1.0,0.0,1.0,61582.0
0.0,1.0,7.0,5.0,0.0,0.0,0.0,0.0,0.0,0.0,0.0,0.0,0.0,285.0,1.0,1.0,0.0,0.0,0.03,0.06,0.0,255.0,8.0,0.03,0.07,0.0,0.0,1.0,1.0,0.0,1.0,28527.0
0.0,2.0,46.0,9.0,28.0,0.0,3.0,0.0,0.0,0.0,0.0,0.0,0.0,81.0,0.0,0.0,0.0,0.0,1.0,0.0,0.0,255.0,181.0,0.71,0.29,0.71,0.0,0.09,0.0,0.0,1.0,104379.0
0.0,0.0,13.0,9.0,8.0,0.0,0.0,0.0,0.0,0.0,0.0,0.0,0.0,1.0,0.0,0.0,0.0,0.0,1.0,0.0,1.0,1.0,58.0,1.0,0.0,1.0,0.52,0.0,0.0,0.0,1.0,1302.0
3920.0,2.0,41.0,9.0,147.0,105.0,0.0,0.0,0.0,0.0,0.0,0.0,0.0,2.0,0.0,0.0,0.0,0.0,1.0,0.0,0.0,255.0,2.0,0.01,0.83,1.0,0.0,0.0,0.0,0.0,0.0,83424.0
0.0,1.0,2.0,1.0,0.0,0.0,0.0,0.0,0.0,0.0,0.0,0.0,0.0,135.0,0.0,0.0,1.0,1.0,0.03,0.08,0.0,255.0,4.0,0.02,0.08,0.0,0.0,0.0,0.0,1.0,1.0,85759.0
0.0,1.0,57.0,5.0,0.0,0.0,0.0,0.0,0.0,0.0,0.0,0.0,0.0,38.0,1.0,1.0,0.0,0.0,0.21,0.11,0.0,120.0,31.0,0.25,0.03,0.03,0.06,0.98,0.9,0.0,1.0,20057.0
0.0,2.0,46.0,9.0,28.0,0.0,3.0,0.0,0.0,0.0,0.0,0.0,0.0,25.0,0.0,0.0,0.0,0.0,1.0,0.0,0.0,228.0,25.0,0.11,0.05,0.11,0.0,0.02,0.0,0.0,1.0,74590.0
0.0,1.0,56.0,5.0,0.0,0.0,0.0,0.0,0.0,0.0,0.0,0.0,0.0,297.0,1.0,1.0,0.0,0.0,0.06,0.06,0.0,255.0,18.0,0.07,0.07,0.0,0.0,1.0,1.0,0.0,1.0,21124.0
0.0,1.0,17.0,5.0,0.0,0.0,0.0,0.0,0.0,0.0,0.0,0.0,0.0,63.0,1.0,1.0,0.0,0.0,0.25,0.06,0.0,255.0,65.0,0.25,0.02,0.01,0.0,1.0,1.0,0.0,1.0,59449.0
0.0,2.0,11.0,9.0,44.0,44.0,0.0,0.0,0.0,0.0,0.0,0.0,0.0,106.0,0.0,0.0,0.0,0.0,0.99,0.02,0.0,255.0,254.0,1.0,0.01,0.0,0.0,0.0,0.0,0.0,0.0,653.0
0.0,1.0,46.0,5.0,0.0,0.0,0.0,0.0,0.0,0.0,0.0,0.0,0.0,141.0,1.0,1.0,0.0,0.0,0.01,0.06,0.0,255.0,9.0,0.04,0.07,0.0,0.0,1.0,1.0,0.0,1.0,23729.0
0.0,1.0,46.0,5.0,0.0,0.0,0.0,0.0,0.0,0.0,0.0,0.0,0.0,219.0,1.0,1.0,0.0,0.0,0.07,0.06,0.0,255.0,8.0,0.03,0.06,0.0,0.0,1.0,1.0,0.0,1.0,71927.0
8397.0,1.0,41.0,4.0,1.0,0.0,0.0,0.0,0.0,0.0,0.0,0.0,0.0,2.0,0.0,0.0,1.0,1.0,1.0,0.0,0.0,255.0,2.0,0.01,0.68,1.0,0.0,0.0,0.0,1.0,1.0,7093.0
0.0,1.0,26.0,1.0,0.0,0.0,0.0,0.0,0.0,0.0,0.0,0.0,0.0,284.0,0.0,0.0,1.0,1.0,0.06,0.06,0.0,255.0,17.0,0.07,0.08,0.0,0.0,0.0,0.0,1.0,1.0,82030.0
0.0,1.0,9.0,5.0,0.0,0.0,0.0,0.0,0.0,0.0,0.0,0.0,0.0,46.0,1.0,1.0,0.0,0.0,0.13,0.11,0.0,255.0,6.0,0.02,0.07,0.0,0.0,1.0,1.0,0.0,1.0,49807.0
0.0,1.0,7.0,5.0,0.0,0.0,0.0,0.0,0.0,0.0,0.0,0.0,0.0,224.0,1.0,1.0,0.0,0.0,0.11,0.06,0.0,255.0,25.0,0.1,0.06,0.0,0.0,1.0,1.0,0.0,1.0,64225.0
0.0,2.0,46.0,9.0,1.0,74.0,0.0,0.0,0.0,0.0,0.0,0.0,0.0,28.0,0.0,0.0,0.0,0.0,0.25,0.14,0.0,255.0,7.0,0.03,0.78,0.24,0.0,0.16,0.0,0.0,1.0,116233.0
0.0,1.0,46.0,5.0,0.0,0.0,0.0,0.0,0.0,0.0,0.0,0.0,0.0,186.0,1.0,1.0,0.0,0.0,0.08,0.06,0.0,255.0,2.0,0.01,0.08,0.0,0.0,1.0,1.0,0.0,1.0,71264.0
8237.0,1.0,41.0,4.0,1.0,0.0,0.0,0.0,0.0,0.0,0.0,0.0,0.0,2.0,0.0,0.0,1.0,1.0,1.0,0.0,0.0,255.0,2.0,0.01,0.65,1.0,0.0,0.0,0.0,1.0,1.0,112443.0
0.0,0.0,14.0,9.0,1032.0,0.0,0.0,0.0,0.0,0.0,0.0,0.0,0.0,511.0,0.0,0.0,0.0,0.0,1.0,0.0,0.0,255.0,124.0,0.49,0.02,0.49,0.0,0.01,0.0,0.0,1.0,84750.0
0.0,1.0,56.0,5.0,0.0,0.0,0.0,0.0,0.0,0.0,0.0,0.0,0.0,138.0,1.0,1.0,0.0,0.0,0.12,0.04,0.0,255.0,5.0,0.02,0.06,0.0,0.0,1.0,1.0,0.0,1.0,90724.0
0.0,0.0,13.0,9.0,8.0,0.0,0.0,0.0,0.0,0.0,0.0,0.0,0.0,1.0,0.0,0.0,0.0,0.0,1.0,0.0,1.0,2.0,34.0,1.0,0.0,1.0,0.5,0.0,0.0,0.0,1.0,33048.0
0.0,1.0,63.0,1.0,0.0,0.0,0.0,0.0,0.0,0.0,0.0,0.0,0.0,206.0,0.0,0.0,1.0,1.0,0.01,0.07,0.0,255.0,3.0,0.01,0.07,0.0,0.0,0.0,0.0,1.0,1.0,30080.0
0.0,1.0,46.0,5.0,0.0,0.0,0.0,0.0,0.0,0.0,0.0,0.0,0.0,84.0,1.0,1.0,0.0,0.0,0.13,0.06,0.0,255.0,1.0,0.0,0.06,0.0,0.0,1.0,1.0,0.0,1.0,121111.0
0.0,1.0,46.0,4.0,0.0,0.0,0.0,0.0,0.0,0.0,0.0,0.0,0.0,1.0,0.0,0.0,1.0,1.0,1.0,0.0,0.0,185.0,1.0,0.01,0.18,0.35,0.0,0.0,0.0,1.0,1.0,118872.0
0.0,1.0,46.0,1.0,0.0,0.0,0.0,0.0,0.0,0.0,0.0,0.0,0.0,114.0,0.0,0.0,1.0,1.0,0.06,0.08,0.0,139.0,7.0,0.05,0.08,0.01,0.0,0.0,0.0,1.0,1.0,68535.0
0.0,2.0,11.0,9.0,46.0,46.0,0.0,0.0,0.0,0.0,0.0,0.0,0.0,138.0,0.0,0.0,0.0,0.0,1.0,0.0,0.0,255.0,247.0,0.97,0.01,0.01,0.0,0.0,0.0,0.0,0.0,19888.0
0.0,1.0,25.0,5.0,0.0,0.0,0.0,0.0,0.0,0.0,0.0,0.0,0.0,140.0,1.0,1.0,0.0,0.0,0.05,0.07,0.0,255.0,7.0,0.03,0.07,0.0,0.0,1.0,1.0,0.0,1.0,1470.0
3.0,1.0,46.0,4.0,0.0,0.0,0.0,0.0,0.0,0.0,0.0,0.0,0.0,323.0,0.0,0.0,1.0,1.0,0.01,0.52,0.0,255.0,2.0,0.01,0.52,1.0,0.0,0.0,0.0,1.0,1.0,3515.0
0.0,1.0,2.0,5.0,0.0,0.0,0.0,0.0,0.0,0.0,0.0,0.0,0.0,137.0,1.0,1.0,0.0,0.0,0.03,0.05,0.0,255.0,4.0,0.02,0.05,0.0,0.0,1.0,1.0,0.0,1.0,117841.0
0.0,0.0,14.0,9.0,1032.0,0.0,0.0,0.0,0.0,0.0,0.0,0.0,0.0,511.0,0.0,0.0,0.0,0.0,1.0,0.0,0.0,255.0,36.0,0.14,0.05,0.14,0.0,0.28,0.0,0.0,1.0,46620.0
0.0,0.0,13.0,9.0,8.0,0.0,0.0,0.0,0.0,0.0,0.0,0.0,0.0,1.0,0.0,0.0,0.0,0.0,1.0,0.0,1.0,2.0,160.0,1.0,0.0,1.0,0.5,0.0,0.0,0.0,1.0,68009.0
0.0,0.0,13.0,9.0,18.0,0.0,0.0,0.0,0.0,0.0,0.0,0.0,0.0,1.0,0.0,0.0,0.0,0.0,1.0,0.0,0.0,1.0,245.0,1.0,0.0,1.0,1.0,0.0,0.0,0.0,1.0,107837.0
0.0,0.0,14.0,9.0,520.0,0.0,0.0,0.0,0.0,0.0,0.0,0.0,0.0,394.0,0.0,0.0,0.0,0.0,1.0,0.0,0.0,255.0,255.0,1.0,0.0,1.0,0.0,0.0,0.0,0.0,1.0,70304.0
0.0,2.0,11.0,9.0,44.0,70.0,0.0,0.0,0.0,0.0,0.0,0.0,0.0,127.0,0.0,0.0,0.0,0.0,1.0,0.0,0.0,255.0,224.0,0.88,0.01,0.0,0.0,0.0,0.0,0.0,0.0,583.0
0.0,1.0,46.0,5.0,0.0,0.0,0.0,0.0,0.0,0.0,0.0,0.0,0.0,71.0,1.0,1.0,0.0,0.0,0.01,0.07,0.0,255.0,14.0,0.05,0.07,0.0,0.0,1.0,1.0,0.0,1.0,33940.0
0.0,1.0,19.0,5.0,0.0,0.0,0.0,0.0,0.0,0.0,0.0,0.0,0.0,229.0,1.0,1.0,0.0,0.0,0.09,0.05,0.0,255.0,20.0,0.08,0.08,0.0,0.0,1.0,1.0,0.0,1.0,8189.0
464.0,2.0,41.0,9.0,145.0,105.0,0.0,0.0,0.0,0.0,0.0,0.0,0.0,4.0,0.0,0.0,0.0,0.0,0.5,0.5,0.0,255.0,2.0,0.01,0.53,0.91,0.0,0.0,0.0,0.0,0.0,43227.0
0.0,1.0,46.0,5.0,0.0,0.0,0.0,0.0,0.0,0.0,0.0,0.0,0.0,190.0,1.0,1.0,0.0,0.0,0.01,0.06,0.0,255.0,19.0,0.07,0.06,0.0,0.0,1.0,1.0,0.0,1.0,32799.0
0.0,1.0,51.0,5.0,0.0,0.0,0.0,0.0,0.0,0.0,0.0,0.0,0.0,284.0,1.0,1.0,0.0,0.0,0.07,0.06,0.0,255.0,19.0,0.07,0.06,0.0,0.0,1.0,1.0,0.0,1.0,47093.0
0.0,1.0,56.0,5.0,0.0,0.0,0.0,0.0,0.0,0.0,0.0,0.0,0.0,266.0,1.0,1.0,0.0,0.0,0.01,0.06,0.0,255.0,3.0,0.01,0.08,0.0,0.0,1.0,1.0,0.0,1.0,54683.0
0.0,1.0,22.0,1.0,0.0,0.0,0.0,0.0,0.0,0.0,0.0,0.0,0.0,258.0,0.0,0.0,1.0,1.0,0.05,0.07,0.0,255.0,13.0,0.05,0.08,0.0,0.0,0.0,0.0,1.0,1.0,83563.0
16965.0,1.0,41.0,4.0,1.0,0.0,0.0,0.0,0.0,0.0,0.0,0.0,0.0,2.0,0.0,0.0,1.0,1.0,1.0,0.0,0.0,255.0,2.0,0.01,0.69,1.0,0.0,0.0,0.0,1.0,1.0,13909.0
0.0,1.0,22.0,1.0,0.0,0.0,0.0,0.0,0.0,0.0,0.0,0.0,0.0,29.0,0.0,0.0,0.86,0.86,1.0,0.0,0.0,182.0,193.0,1.0,0.0,0.01,0.03,0.01,0.01,0.38,0.0,122010.0
0.0,1.0,57.0,5.0,0.0,0.0,0.0,0.0,0.0,0.0,0.0,0.0,0.0,293.0,1.0,1.0,0.0,0.0,0.0,0.06,0.0,255.0,1.0,0.0,0.07,0.0,0.0,1.0,1.0,0.0,1.0,9057.0
0.0,1.0,46.0,5.0,0.0,0.0,0.0,0.0,0.0,0.0,0.0,0.0,0.0,98.0,1.0,1.0,0.0,0.0,0.05,0.06,0.0,255.0,5.0,0.02,0.07,0.0,0.0,1.0,1.0,0.0,1.0,4338.0
0.0,1.0,9.0,2.0,0.0,0.0,0.0,0.0,0.0,0.0,0.0,0.0,0.0,278.0,0.0,0.0,1.0,1.0,0.05,0.06,0.0,255.0,15.0,0.06,0.07,0.0,0.0,0.0,0.0,1.0,1.0,73578.0
0.0,1.0,10.0,5.0,0.0,0.0,0.0,0.0,0.0,0.0,0.0,0.0,0.0,291.0,1.0,1.0,0.0,0.0,0.04,0.05,0.0,255.0,13.0,0.05,0.05,0.0,0.0,1.0,1.0,0.0,1.0,62509.0
0.0,1.0,46.0,5.0,0.0,0.0,0.0,0.0,0.0,0.0,0.0,0.0,0.0,30.0,1.0,1.0,0.0,0.0,0.1,0.17,0.0,255.0,6.0,0.02,0.08,0.0,0.0,1.0,1.0,0.0,1.0,103961.0
0.0,2.0,46.0,9.0,1.0,74.0,0.0,0.0,0.0,0.0,0.0,0.0,0.0,29.0,0.0,0.0,0.0,0.0,0.28,0.14,0.0,255.0,8.0,0.03,0.78,0.24,0.0,0.16,0.0,0.0,1.0,101404.0
0.0,1.0,46.0,5.0,0.0,0.0,0.0,0.0,0.0,0.0,0.0,0.0,0.0,243.0,1.0,1.0,0.0,0.0,0.07,0.06,0.0,255.0,16.0,0.06,0.07,0.0,0.0,1.0,1.0,0.0,1.0,7123.0
0.0,1.0,5.0,5.0,0.0,0.0,0.0,0.0,0.0,0.0,0.0,0.0,0.0,123.0,1.0,1.0,0.0,0.0,0.07,0.07,0.0,255.0,17.0,0.07,0.07,0.0,0.0,1.0,1.0,0.0,1.0,44941.0
0.0,1.0,56.0,5.0,0.0,0.0,0.0,0.0,0.0,0.0,0.0,0.0,0.0,117.0,1.0,1.0,0.0,0.0,0.09,0.06,0.0,255.0,5.0,0.02,0.07,0.0,0.0,1.0,1.0,0.0,1.0,54095.0
0.0,1.0,19.0,9.0,12.0,0.0,0.0,0.0,1.0,0.0,0.0,0.0,0.0,1.0,0.0,0.0,0.0,0.0,1.0,0.0,0.0,119.0,14.0,0.12,0.03,0.12,0.0,0.0,0.0,0.0,0.0,50520.0
0.0,1.0,23.0,5.0,0.0,0.0,0.0,0.0,0.0,0.0,0.0,0.0,0.0,121.0,1.0,1.0,0.0,0.0,0.02,0.06,0.0,255.0,16.0,0.06,0.07,0.0,0.0,1.0,1.0,0.0,1.0,9372.0
0.0,0.0,14.0,9.0,1032.0,0.0,0.0,0.0,0.0,0.0,0.0,0.0,0.0,511.0,0.0,0.0,0.0,0.0,1.0,0.0,0.0,255.0,168.0,0.66,0.03,0.66,0.0,0.0,0.0,0.0,1.0,100518.0
0.0,2.0,11.0,9.0,44.0,74.0,0.0,0.0,0.0,0.0,0.0,0.0,0.0,158.0,0.0,0.0,0.0,0.0,1.0,0.0,0.0,255.0,226.0,0.89,0.01,0.0,0.0,0.0,0.0,0.0,0.0,116383.0
0.0,1.0,3.0,5.0,0.0,0.0,0.0,0.0,0.0,0.0,0.0,0.0,0.0,243.0,1.0,1.0,0.0,0.0,0.05,0.06,0.0,255.0,4.0,0.02,0.07,0.0,0.0,1.0,1.0,0.0,1.0,10344.0
0.0,1.0,57.0,5.0,0.0,0.0,0.0,0.0,0.0,0.0,0.0,0.0,0.0,54.0,1.0,1.0,0.0,0.0,0.24,0.07,0.0,255.0,29.0,0.11,0.06,0.0,0.0,1.0,1.0,0.0,1.0,4505.0
0.0,1.0,59.0,2.0,0.0,0.0,0.0,0.0,0.0,0.0,0.0,0.0,0.0,240.0,0.0,0.0,1.0,1.0,0.08,0.07,0.0,255.0,20.0,0.08,0.07,0.0,0.0,0.0,0.0,1.0,1.0,84029.0
0.0,1.0,25.0,5.0,0.0,0.0,0.0,0.0,0.0,0.0,0.0,0.0,0.0,284.0,1.0,1.0,0.0,0.0,0.04,0.06,0.0,255.0,12.0,0.05,0.07,0.0,0.0,1.0,1.0,0.0,1.0,72862.0
0.0,1.0,46.0,5.0,0.0,0.0,0.0,0.0,0.0,0.0,0.0,0.0,0.0,199.0,1.0,1.0,0.0,0.0,0.01,0.06,0.0,255.0,19.0,0.07,0.07,0.0,0.0,1.0,1.0,0.0,1.0,39886.0
0.0,0.0,13.0,9.0,8.0,0.0,0.0,0.0,0.0,0.0,0.0,0.0,0.0,1.0,0.0,0.0,0.0,0.0,1.0,0.0,1.0,2.0,20.0,1.0,0.0,1.0,0.5,0.0,0.0,0.0,1.0,41925.0
0.0,1.0,46.0,5.0,0.0,0.0,0.0,0.0,0.0,0.0,0.0,0.0,0.0,113.0,1.0,1.0,0.0,0.0,0.06,0.07,0.0,255.0,13.0,0.05,0.07,0.0,0.0,1.0,1.0,0.0,1.0,105438.0
0.0,2.0,11.0,9.0,46.0,125.0,0.0,0.0,0.0,0.0,0.0,0.0,0.0,105.0,0.0,0.0,0.0,0.0,1.0,0.0,0.01,255.0,255.0,1.0,0.0,0.0,0.0,0.0,0.0,0.0,0.0,18091.0
0.0,1.0,7.0,1.0,0.0,0.0,0.0,0.0,0.0,0.0,0.0,0.0,0.0,239.0,0.0,0.0,1.0,1.0,0.02,0.07,0.0,255.0,5.0,0.02,0.07,0.0,0.0,0.0,0.0,1.0,1.0,100684.0
0.0,0.0,13.0,9.0,8.0,0.0,0.0,0.0,0.0,0.0,0.0,0.0,0.0,1.0,0.0,0.0,0.0,0.0,1.0,0.0,1.0,1.0,85.0,1.0,0.0,1.0,0.51,0.0,0.0,0.0,1.0,83360.0
0.0,0.0,13.0,9.0,18.0,0.0,0.0,0.0,0.0,0.0,0.0,0.0,0.0,1.0,0.0,0.0,0.0,0.0,1.0,0.0,0.0,3.0,191.0,1.0,0.0,1.0,0.25,0.0,0.0,0.0,1.0,92411.0
0.0,1.0,22.0,5.0,0.0,0.0,0.0,0.0,0.0,0.0,0.0,0.0,0.0,7.0,0.86,0.8,0.14,0.2,0.57,0.43,0.4,255.0,21.0,0.08,0.06,0.0,0.0,1.0,1.0,0.0,1.0,93686.0
0.0,1.0,46.0,5.0,0.0,0.0,0.0,0.0,0.0,0.0,0.0,0.0,0.0,89.0,1.0,1.0,0.0,0.0,0.01,0.08,0.0,140.0,1.0,0.01,0.08,0.01,0.0,1.0,1.0,0.0,1.0,74406.0
0.0,1.0,16.0,2.0,0.0,0.0,0.0,0.0,0.0,0.0,0.0,0.0,0.0,130.0,0.0,0.0,1.0,1.0,0.13,0.06,0.0,255.0,17.0,0.07,0.06,0.0,0.0,0.0,0.0,1.0,1.0,117685.0
0.0,2.0,46.0,9.0,28.0,0.0,3.0,0.0,0.0,0.0,0.0,0.0,0.0,82.0,0.0,0.0,0.0,0.0,1.0,0.0,0.0,255.0,49.0,0.19,0.01,0.19,0.0,0.0,0.0,0.0,1.0,35921.0
0.0,1.0,46.0,5.0,0.0,0.0,0.0,0.0,0.0,0.0,0.0,0.0,0.0,92.0,1.0,1.0,0.0,0.0,0.04,0.09,0.0,255.0,4.0,0.02,0.06,0.0,0.0,1.0,1.0,0.0,1.0,29286.0
0.0,1.0,46.0,5.0,0.0,0.0,0.0,0.0,0.0,0.0,0.0,0.0,0.0,239.0,1.0,1.0,0.0,0.0,0.1,0.05,0.0,255.0,23.0,0.09,0.07,0.0,0.0,1.0,1.0,0.0,1.0,4162.0
0.0,1.0,46.0,5.0,0.0,0.0,0.0,0.0,0.0,0.0,0.0,0.0,0.0,147.0,1.0,1.0,0.0,0.0,0.11,0.05,0.0,180.0,1.0,0.01,0.1,0.01,0.0,1.0,1.0,0.0,1.0,36065.0
0.0,1.0,2.0,5.0,0.0,0.0,0.0,0.0,0.0,0.0,0.0,0.0,0.0,241.0,1.0,1.0,0.0,0.0,0.08,0.07,0.0,255.0,19.0,0.07,0.07,0.0,0.0,1.0,1.0,0.0,1.0,83039.0
0.0,1.0,31.0,5.0,0.0,0.0,0.0,0.0,0.0,0.0,0.0,0.0,0.0,141.0,1.0,1.0,0.0,0.0,0.09,0.06,0.0,255.0,12.0,0.05,0.06,0.0,0.0,1.0,1.0,0.0,1.0,88004.0
0.0,1.0,6.0,1.0,0.0,0.0,0.0,0.0,0.0,0.0,0.0,0.0,0.0,229.0,0.0,0.0,1.0,1.0,0.09,0.06,0.0,255.0,20.0,0.08,0.07,0.0,0.0,0.0,0.0,1.0,1.0,60065.0
0.0,1.0,46.0,5.0,0.0,0.0,0.0,0.0,0.0,0.0,0.0,0.0,0.0,41.0,1.0,1.0,0.0,0.0,0.05,0.15,0.0,255.0,15.0,0.06,0.08,0.0,0.0,1.0,1.0,0.0,1.0,116557.0
0.0,1.0,19.0,9.0,334.0,0.0,0.0,0.0,1.0,0.0,0.0,0.0,0.0,1.0,0.0,0.0,0.0,0.0,1.0,0.0,0.0,8.0,33.0,1.0,0.0,1.0,0.15,0.0,0.0,0.0,1.0,16633.0
0.0,1.0,46.0,5.0,0.0,0.0,0.0,0.0,0.0,0.0,0.0,0.0,0.0,251.0,1.0,1.0,0.0,0.0,0.06,0.06,0.0,255.0,20.0,0.08,0.07,0.0,0.0,1.0,1.0,0.0,1.0,65873.0
0.0,0.0,14.0,9.0,1032.0,0.0,0.0,0.0,0.0,0.0,0.0,0.0,0.0,511.0,0.0,0.0,0.0,0.0,1.0,0.0,0.0,255.0,54.0,0.21,0.2,0.21,0.0,0.0,0.0,0.0,1.0,113238.0
0.0,1.0,9.0,2.0,0.0,0.0,0.0,0.0,0.0,0.0,0.0,0.0,0.0,262.0,0.0,0.0,1.0,1.0,0.05,0.06,0.0,255.0,14.0,0.05,0.06,0.0,0.0,0.0,0.0,1.0,1.0,102085.0
0.0,1.0,7.0,5.0,0.0,0.0,0.0,0.0,0.0,0.0,0.0,0.0,0.0,290.0,1.0,1.0,0.0,0.0,0.01,0.05,0.0,255.0,3.0,0.01,0.05,0.0,0.0,1.0,1.0,0.0,1.0,41239.0
0.0,1.0,17.0,5.0,0.0,0.0,0.0,0.0,0.0,0.0,0.0,0.0,0.0,28.0,1.0,1.0,0.0,0.0,0.21,0.14,0.0,255.0,62.0,0.24,0.02,0.02,0.0,1.0,1.0,0.0,1.0,123886.0
0.0,0.0,14.0,9.0,1032.0,0.0,0.0,0.0,0.0,0.0,0.0,0.0,0.0,511.0,0.0,0.0,0.0,0.0,1.0,0.0,0.0,162.0,17.0,0.1,0.02,0.1,0.0,0.0,0.0,0.0,1.0,34160.0
0.0,1.0,46.0,2.0,0.0,0.0,0.0,0.0,0.0,0.0,0.0,0.0,0.0,141.0,0.0,0.0,1.0,1.0,0.12,0.06,0.0,255.0,17.0,0.07,0.07,0.0,0.0,0.0,0.0,1.0,1.0,78853.0
0.0,1.0,46.0,5.0,0.0,0.0,0.0,0.0,0.0,0.0,0.0,0.0,0.0,93.0,1.0,1.0,0.0,0.0,0.09,0.06,0.0,255.0,8.0,0.03,0.06,0.0,0.0,1.0,1.0,0.0,1.0,52793.0
0.0,1.0,46.0,5.0,0.0,0.0,0.0,0.0,0.0,0.0,0.0,0.0,0.0,240.0,1.0,1.0,0.0,0.0,0.02,0.06,0.0,255.0,4.0,0.02,0.06,0.0,0.0,1.0,1.0,0.0,1.0,65813.0
0.0,1.0,2.0,5.0,0.0,0.0,0.0,0.0,0.0,0.0,0.0,0.0,0.0,208.0,1.0,1.0,0.0,0.0,0.01,0.06,0.0,255.0,2.0,0.01,0.07,0.0,0.0,1.0,1.0,0.0,1.0,122714.0
0.0,1.0,46.0,1.0,0.0,0.0,0.0,0.0,0.0,0.0,0.0,0.0,0.0,1.0,0.0,0.0,1.0,1.0,1.0,0.0,0.0,17.0,2.0,0.06,1.0,0.06,1.0,0.0,0.0,1.0,1.0,50175.0
0.0,1.0,46.0,1.0,0.0,0.0,0.0,0.0,0.0,0.0,0.0,0.0,0.0,141.0,0.0,0.0,1.0,1.0,0.14,0.06,0.0,255.0,19.0,0.07,0.06,0.0,0.0,0.0,0.0,1.0,1.0,69546.0
0.0,1.0,21.0,5.0,0.0,0.0,0.0,0.0,0.0,0.0,0.0,0.0,0.0,230.0,1.0,1.0,0.0,0.0,0.0,0.06,0.0,255.0,5.0,0.02,0.07,0.0,0.0,1.0,1.0,0.0,1.0,2762.0
0.0,1.0,22.0,5.0,0.0,0.0,0.0,0.0,0.0,0.0,0.0,0.0,0.0,16.0,1.0,1.0,0.0,0.0,0.25,0.25,0.0,255.0,63.0,0.25,0.02,0.01,0.0,1.0,1.0,0.0,1.0,7134.0
0.0,1.0,46.0,5.0,0.0,0.0,0.0,0.0,0.0,0.0,0.0,0.0,0.0,134.0,1.0,1.0,0.0,0.0,0.11,0.07,0.0,255.0,18.0,0.07,0.07,0.0,0.0,1.0,1.0,0.0,1.0,28328.0
0.0,0.0,14.0,9.0,30.0,0.0,0.0,0.0,0.0,0.0,0.0,0.0,0.0,2.0,0.0,0.0,0.0,0.0,1.0,0.0,0.0,156.0,156.0,1.0,0.0,1.0,0.0,0.0,0.0,0.0,0.0,2589.0
0.0,1.0,27.0,5.0,0.0,0.0,0.0,0.0,0.0,0.0,0.0,0.0,0.0,4.0,1.0,1.0,0.0,0.0,1.0,0.0,0.0,255.0,4.0,0.02,0.07,0.0,0.0,1.0,1.0,0.0,1.0,90625.0
0.0,2.0,46.0,9.0,28.0,0.0,3.0,0.0,0.0,0.0,0.0,0.0,0.0,98.0,0.01,0.0,0.0,0.0,0.99,0.02,0.0,255.0,97.0,0.38,0.01,0.38,0.0,0.0,0.0,0.0,1.0,70593.0
0.0,1.0,46.0,5.0,0.0,0.0,0.0,0.0,0.0,0.0,0.0,0.0,0.0,145.0,1.0,1.0,0.0,0.0,0.02,0.06,0.0,255.0,5.0,0.02,0.06,0.0,0.0,1.0,1.0,0.0,1.0,32498.0
0.0,1.0,46.0,1.0,0.0,0.0,0.0,0.0,0.0,0.0,0.0,0.0,0.0,161.0,0.0,0.0,1.0,1.0,0.06,0.06,0.0,255.0,10.0,0.04,0.07,0.0,0.0,0.0,0.0,1.0,1.0,86972.0
0.0,1.0,16.0,5.0,0.0,0.0,0.0,0.0,0.0,0.0,0.0,0.0,0.0,129.0,1.0,1.0,0.0,0.0,0.13,0.05,0.0,255.0,4.0,0.02,0.06,0.0,0.0,1.0,1.0,0.0,1.0,120174.0
0.0,1.0,46.0,5.0,0.0,0.0,0.0,0.0,0.0,0.0,0.0,0.0,0.0,111.0,1.0,1.0,0.0,0.0,0.14,0.05,0.0,255.0,3.0,0.01,0.06,0.0,0.0,1.0,1.0,0.0,1.0,75621.0
0.0,1.0,20.0,5.0,0.0,0.0,0.0,0.0,0.0,0.0,0.0,0.0,0.0,256.0,1.0,1.0,0.0,0.0,0.02,0.06,0.0,255.0,4.0,0.02,0.07,0.0,0.0,1.0,1.0,0.0,1.0,85249.0
0.0,1.0,12.0,5.0,0.0,0.0,0.0,0.0,0.0,0.0,0.0,0.0,0.0,276.0,1.0,1.0,0.0,0.0,0.08,0.05,0.0,255.0,22.0,0.09,0.05,0.0,0.0,1.0,1.0,0.0,1.0,20482.0
0.0,1.0,6.0,1.0,0.0,0.0,0.0,0.0,0.0,0.0,0.0,0.0,0.0,255.0,0.0,0.0,1.0,1.0,0.03,0.07,0.0,255.0,8.0,0.03,0.07,0.0,0.0,0.0,0.0,1.0,1.0,64093.0
0.0,1.0,33.0,5.0,0.0,0.0,0.0,0.0,0.0,0.0,0.0,0.0,0.0,209.0,1.0,1.0,0.0,0.0,0.02,0.07,0.0,255.0,16.0,0.06,0.08,0.0,0.0,1.0,1.0,0.0,1.0,8271.0
0.0,1.0,59.0,5.0,0.0,0.0,0.0,0.0,0.0,0.0,0.0,0.0,0.0,252.0,1.0,1.0,0.0,0.0,0.08,0.06,0.0,255.0,19.0,0.07,0.07,0.0,0.0,1.0,1.0,0.0,1.0,76197.0
0.0,1.0,46.0,1.0,0.0,0.0,0.0,0.0,0.0,0.0,0.0,0.0,0.0,223.0,0.0,0.0,1.0,1.0,0.03,0.08,0.0,255.0,7.0,0.03,0.09,0.0,0.0,0.0,0.0,1.0,1.0,69411.0
0.0,1.0,9.0,5.0,0.0,0.0,0.0,0.0,0.0,0.0,0.0,0.0,0.0,268.0,1.0,1.0,0.0,0.0,0.03,0.06,0.0,255.0,9.0,0.04,0.07,0.0,0.0,1.0,1.0,0.0,1.0,18866.0
0.0,1.0,46.0,1.0,0.0,0.0,0.0,0.0,0.0,0.0,0.0,0.0,0.0,2.0,0.0,0.0,1.0,1.0,0.5,1.0,0.0,255.0,1.0,0.0,0.4,0.33,0.0,0.19,0.0,1.0,1.0,56674.0
0.0,1.0,2.0,1.0,0.0,0.0,0.0,0.0,0.0,0.0,0.0,0.0,0.0,115.0,0.0,0.0,1.0,1.0,0.09,0.06,0.0,255.0,10.0,0.04,0.06,0.0,0.0,0.0,0.0,1.0,1.0,124278.0
0.0,1.0,46.0,5.0,0.0,0.0,0.0,0.0,0.0,0.0,0.0,0.0,0.0,121.0,1.0,1.0,0.0,0.0,0.1,0.06,0.0,123.0,12.0,0.1,0.07,0.01,0.0,1.0,1.0,0.0,1.0,60587.0
0.0,1.0,46.0,5.0,0.0,0.0,0.0,0.0,0.0,0.0,0.0,0.0,0.0,206.0,1.0,1.0,0.0,0.0,0.04,0.06,0.0,255.0,13.0,0.05,0.07,0.0,0.0,1.0,1.0,0.0,1.0,12960.0
0.0,0.0,13.0,9.0,8.0,0.0,0.0,0.0,0.0,0.0,0.0,0.0,0.0,1.0,0.0,0.0,0.0,0.0,1.0,0.0,1.0,1.0,135.0,1.0,0.0,1.0,0.5,0.0,0.0,0.0,1.0,24713.0
0.0,1.0,31.0,2.0,0.0,0.0,0.0,0.0,0.0,0.0,0.0,0.0,0.0,139.0,0.0,0.0,1.0,1.0,0.03,0.06,0.0,255.0,4.0,0.02,0.07,0.0,0.0,0.0,0.0,1.0,1.0,74581.0
0.0,1.0,5.0,5.0,0.0,0.0,0.0,0.0,0.0,0.0,0.0,0.0,0.0,109.0,1.0,1.0,0.0,0.0,0.15,0.05,0.0,255.0,16.0,0.06,0.04,0.0,0.0,1.0,1.0,0.0,1.0,25779.0
0.0,1.0,21.0,5.0,0.0,0.0,0.0,0.0,0.0,0.0,0.0,0.0,0.0,241.0,1.0,1.0,0.0,0.0,0.02,0.06,0.0,255.0,4.0,0.02,0.07,0.0,0.0,1.0,1.0,0.0,1.0,105170.0
0.0,1.0,46.0,1.0,0.0,0.0,0.0,0.0,0.0,0.0,0.0,0.0,0.0,132.0,0.0,0.0,1.0,1.0,0.14,0.06,0.0,255.0,36.0,0.14,0.07,0.0,0.0,0.0,0.0,1.0,1.0,54977.0
0.0,1.0,46.0,5.0,0.0,0.0,0.0,0.0,0.0,0.0,0.0,0.0,0.0,256.0,1.0,1.0,0.0,0.0,0.02,0.06,0.0,255.0,3.0,0.01,0.08,0.0,0.0,1.0,1.0,0.0,1.0,125873.0
0.0,0.0,14.0,9.0,1032.0,0.0,0.0,0.0,0.0,0.0,0.0,0.0,0.0,359.0,0.0,0.0,0.0,0.0,1.0,0.0,0.0,255.0,255.0,1.0,0.0,1.0,0.0,0.0,0.0,0.0,1.0,106141.0
0.0,1.0,9.0,5.0,0.0,0.0,0.0,0.0,0.0,0.0,0.0,0.0,0.0,114.0,1.0,1.0,0.0,0.0,0.11,0.07,0.0,255.0,11.0,0.04,0.07,0.0,0.0,1.0,1.0,0.0,1.0,43945.0
0.0,1.0,62.0,5.0,0.0,0.0,0.0,0.0,0.0,0.0,0.0,0.0,0.0,122.0,1.0,1.0,0.0,0.0,0.02,0.07,0.0,255.0,2.0,0.01,0.06,0.0,0.0,1.0,1.0,0.0,1.0,79238.0
0.0,1.0,30.0,1.0,0.0,0.0,0.0,0.0,0.0,0.0,0.0,0.0,0.0,233.0,0.0,0.0,1.0,1.0,0.01,0.07,0.0,255.0,3.0,0.01,0.08,0.0,0.0,0.0,0.0,1.0,1.0,62700.0
0.0,0.0,13.0,9.0,8.0,0.0,0.0,0.0,0.0,0.0,0.0,0.0,0.0,1.0,0.0,0.0,0.0,0.0,1.0,0.0,1.0,2.0,50.0,1.0,0.0,1.0,0.5,0.0,0.0,0.0,1.0,31660.0
0.0,1.0,46.0,1.0,0.0,0.0,0.0,0.0,0.0,0.0,0.0,0.0,0.0,146.0,0.0,0.0,1.0,1.0,0.07,0.08,0.0,255.0,10.0,0.04,0.08,0.0,0.0,0.0,0.0,1.0,1.0,69644.0
0.0,1.0,29.0,1.0,0.0,0.0,0.0,0.0,0.0,0.0,0.0,0.0,0.0,137.0,0.0,0.0,1.0,1.0,0.05,0.06,0.0,255.0,3.0,0.01,0.07,0.0,0.0,0.0,0.0,1.0,1.0,65077.0
0.0,1.0,53.0,5.0,0.0,0.0,0.0,0.0,0.0,0.0,0.0,0.0,0.0,278.0,1.0,1.0,0.0,0.0,0.09,0.04,0.0,255.0,25.0,0.1,0.05,0.0,0.0,1.0,1.0,0.0,1.0,55105.0
0.0,1.0,6.0,5.0,0.0,0.0,0.0,0.0,0.0,0.0,0.0,0.0,0.0,203.0,1.0,1.0,0.0,0.0,0.0,0.06,0.0,255.0,1.0,0.0,0.06,0.0,0.0,1.0,1.0,0.0,1.0,86788.0
1.0,1.0,10.0,3.0,0.0,0.0,0.0,0.0,0.0,0.0,0.0,0.0,0.0,141.0,0.72,0.5,0.28,0.5,0.01,0.37,0.0,255.0,2.0,0.01,0.2,0.55,0.0,0.4,0.5,0.5,1.0,112897.0
0.0,1.0,57.0,5.0,0.0,0.0,0.0,0.0,0.0,0.0,0.0,0.0,0.0,18.0,1.0,1.0,0.0,0.0,0.28,0.11,0.0,45.0,6.0,0.11,0.07,0.02,0.33,1.0,0.83,0.0,1.0,51519.0
0.0,1.0,16.0,2.0,0.0,0.0,0.0,0.0,0.0,0.0,0.0,0.0,0.0,127.0,0.0,0.0,1.0,1.0,0.02,0.07,0.0,255.0,2.0,0.01,0.07,0.0,0.0,0.0,0.0,1.0,1.0,105623.0
0.0,2.0,11.0,9.0,34.0,0.0,0.0,0.0,0.0,0.0,0.0,0.0,0.0,1.0,0.0,0.0,0.0,0.0,1.0,0.0,0.67,215.0,21.0,0.09,0.03,0.09,0.1,0.0,0.0,0.0,0.0,48770.0
0.0,1.0,39.0,5.0,0.0,0.0,0.0,0.0,0.0,0.0,0.0,0.0,0.0,108.0,1.0,1.0,0.0,0.0,0.18,0.06,0.0,255.0,6.0,0.02,0.07,0.0,0.0,1.0,1.0,0.0,1.0,53145.0
0.0,1.0,22.0,1.0,0.0,0.0,0.0,0.0,0.0,0.0,0.0,0.0,0.0,1.0,0.0,0.0,1.0,1.0,1.0,0.0,1.0,120.0,197.0,1.0,0.0,0.01,0.02,0.0,0.0,0.84,0.0,125918.0
0.0,2.0,11.0,9.0,45.0,45.0,0.0,0.0,0.0,0.0,0.0,0.0,0.0,86.0,0.0,0.0,0.0,0.0,1.0,0.0,0.01,255.0,250.0,0.98,0.01,0.01,0.0,0.0,0.0,0.0,0.0,65230.0
0.0,2.0,46.0,9.0,1.0,0.0,0.0,0.0,0.0,0.0,0.0,0.0,0.0,8.0,0.0,0.0,0.0,0.0,1.0,0.0,0.0,255.0,8.0,0.03,0.96,0.04,0.0,0.13,0.0,0.0,1.0,97328.0
0.0,1.0,16.0,5.0,0.0,0.0,0.0,0.0,0.0,0.0,0.0,0.0,0.0,110.0,1.0,1.0,0.0,0.0,0.01,0.06,0.0,255.0,2.0,0.01,0.06,0.0,0.0,1.0,1.0,0.0,1.0,113323.0
0.0,1.0,46.0,5.0,0.0,0.0,0.0,0.0,0.0,0.0,0.0,0.0,0.0,176.0,1.0,1.0,0.0,0.0,0.05,0.06,0.0,255.0,20.0,0.08,0.07,0.0,0.0,1.0,1.0,0.0,1.0,60566.0
1779.0,2.0,41.0,9.0,146.0,105.0,0.0,0.0,0.0,0.0,0.0,0.0,0.0,1.0,0.0,0.0,0.0,0.0,1.0,0.0,0.0,255.0,3.0,0.01,0.64,0.95,0.0,0.0,0.0,0.0,0.0,101573.0
0.0,1.0,59.0,5.0,0.0,0.0,0.0,0.0,0.0,0.0,0.0,0.0,0.0,233.0,1.0,1.0,0.0,0.0,0.09,0.06,0.0,255.0,1.0,0.0,0.07,0.0,0.0,1.0,1.0,0.0,1.0,115797.0
0.0,1.0,9.0,5.0,0.0,0.0,0.0,0.0,0.0,0.0,0.0,0.0,0.0,128.0,1.0,1.0,0.0,0.0,0.04,0.07,0.0,255.0,5.0,0.02,0.07,0.0,0.0,1.0,1.0,0.0,1.0,109725.0
0.0,1.0,38.0,5.0,0.0,0.0,0.0,0.0,0.0,0.0,0.0,0.0,0.0,104.0,1.0,1.0,0.0,0.0,0.19,0.06,0.0,255.0,20.0,0.08,0.07,0.0,0.0,1.0,1.0,0.0,1.0,67805.0
1398.0,2.0,41.0,9.0,147.0,105.0,0.0,0.0,0.0,0.0,0.0,0.0,0.0,5.0,0.0,0.0,0.0,0.0,0.2,0.6,0.0,255.0,1.0,0.0,0.53,0.95,0.0,0.0,0.0,0.0,0.0,74613.0
0.0,1.0,34.0,5.0,0.0,0.0,0.0,0.0,0.0,0.0,0.0,0.0,0.0,81.0,1.0,1.0,0.0,0.0,0.07,0.07,0.0,255.0,2.0,0.01,0.08,0.0,0.0,1.0,1.0,0.0,1.0,21495.0
0.0,0.0,13.0,9.0,8.0,0.0,0.0,0.0,0.0,0.0,0.0,0.0,0.0,1.0,0.0,0.0,0.0,0.0,1.0,0.0,1.0,4.0,96.0,1.0,0.0,1.0,0.25,0.0,0.0,0.0,1.0,123257.0
0.0,1.0,26.0,5.0,0.0,0.0,0.0,0.0,0.0,0.0,0.0,0.0,0.0,209.0,1.0,1.0,0.0,0.0,0.05,0.07,0.0,255.0,10.0,0.04,0.08,0.0,0.0,1.0,1.0,0.0,1.0,30190.0
0.0,2.0,11.0,9.0,46.0,76.0,0.0,0.0,0.0,0.0,0.0,0.0,0.0,139.0,0.0,0.0,0.0,0.0,1.0,0.0,0.01,255.0,228.0,0.89,0.01,0.01,0.0,0.0,0.0,0.0,0.0,4150.0
0.0,1.0,7.0,5.0,0.0,0.0,0.0,0.0,0.0,0.0,0.0,0.0,0.0,116.0,1.0,1.0,0.0,0.0,0.06,0.06,0.0,255.0,7.0,0.03,0.07,0.0,0.0,1.0,1.0,0.0,1.0,119694.0
0.0,1.0,19.0,5.0,0.0,0.0,0.0,0.0,0.0,0.0,0.0,0.0,0.0,145.0,1.0,1.0,0.0,0.0,0.11,0.06,0.0,255.0,4.0,0.02,0.07,0.0,0.0,1.0,1.0,0.0,1.0,2201.0
0.0,0.0,61.0,9.0,78.0,0.0,0.0,0.0,0.0,0.0,0.0,0.0,0.0,12.0,0.0,0.0,0.0,0.0,0.25,0.17,0.33,255.0,11.0,0.04,0.01,0.04,0.0,0.0,0.0,0.0,0.0,19707.0
0.0,1.0,17.0,5.0,0.0,0.0,0.0,0.0,0.0,0.0,0.0,0.0,0.0,10.0,1.0,1.0,0.0,0.0,0.3,0.4,0.0,255.0,61.0,0.24,0.04,0.0,0.0,1.0,1.0,0.0,1.0,42655.0
0.0,1.0,46.0,5.0,0.0,0.0,0.0,0.0,0.0,0.0,0.0,0.0,0.0,73.0,1.0,1.0,0.0,0.0,0.04,0.07,0.0,255.0,17.0,0.07,0.05,0.0,0.0,1.0,1.0,0.0,1.0,679.0
0.0,1.0,9.0,5.0,0.0,0.0,0.0,0.0,0.0,0.0,0.0,0.0,0.0,240.0,1.0,1.0,0.0,0.0,0.08,0.06,0.0,255.0,20.0,0.08,0.06,0.0,0.0,1.0,1.0,0.0,1.0,41879.0
38136.0,1.0,46.0,4.0,1.0,0.0,0.0,0.0,0.0,0.0,0.0,0.0,0.0,2.0,0.0,0.0,1.0,1.0,1.0,0.0,0.0,255.0,2.0,0.01,0.5,1.0,0.0,0.0,0.0,1.0,1.0,108998.0
0.0,1.0,15.0,1.0,0.0,0.0,0.0,0.0,0.0,0.0,0.0,0.0,0.0,147.0,0.0,0.0,1.0,1.0,0.12,0.05,0.0,255.0,18.0,0.07,0.06,0.0,0.0,0.0,0.0,1.0,1.0,105426.0
0.0,1.0,16.0,5.0,0.0,0.0,0.0,0.0,0.0,0.0,0.0,0.0,0.0,144.0,1.0,1.0,0.0,0.0,0.05,0.06,0.0,255.0,3.0,0.01,0.07,0.0,0.0,1.0,1.0,0.0,1.0,67223.0
0.0,2.0,46.0,9.0,28.0,0.0,3.0,0.0,0.0,0.0,0.0,0.0,0.0,34.0,0.0,0.0,0.0,0.0,1.0,0.0,0.0,247.0,34.0,0.14,0.66,0.14,0.0,0.02,0.0,0.0,1.0,5644.0
0.0,1.0,17.0,5.0,0.0,0.0,0.0,0.0,0.0,0.0,0.0,0.0,0.0,279.0,1.0,1.0,0.0,0.0,0.02,0.06,0.0,255.0,6.0,0.02,0.07,0.0,0.0,1.0,1.0,0.0,1.0,47140.0
0.0,2.0,11.0,9.0,46.0,46.0,0.0,0.0,0.0,0.0,0.0,0.0,0.0,117.0,0.0,0.0,0.0,0.0,0.99,0.02,0.0,255.0,254.0,1.0,0.01,0.0,0.0,0.0,0.0,0.0,0.0,43672.0
0.0,1.0,46.0,5.0,0.0,0.0,0.0,0.0,0.0,0.0,0.0,0.0,0.0,194.0,1.0,1.0,0.0,0.0,0.03,0.06,0.0,255.0,16.0,0.06,0.07,0.0,0.0,1.0,1.0,0.0,1.0,111095.0
0.0,1.0,64.0,5.0,0.0,0.0,0.0,0.0,0.0,0.0,0.0,0.0,0.0,274.0,1.0,1.0,0.0,0.0,0.03,0.06,0.0,255.0,11.0,0.04,0.07,0.0,0.0,1.0,1.0,0.0,1.0,94059.0
0.0,1.0,52.0,1.0,0.0,0.0,0.0,0.0,0.0,0.0,0.0,0.0,0.0,104.0,0.0,0.0,1.0,1.0,0.04,0.07,0.0,255.0,4.0,0.02,0.07,0.0,0.0,0.0,0.0,1.0,1.0,75534.0
0.0,1.0,46.0,5.0,0.0,0.0,0.0,0.0,0.0,0.0,0.0,0.0,0.0,29.0,1.0,1.0,0.0,0.0,0.1,0.21,0.0,255.0,16.0,0.06,0.08,0.0,0.0,1.0,1.0,0.0,1.0,81238.0
0.0,0.0,14.0,9.0,1032.0,0.0,0.0,0.0,0.0,0.0,0.0,0.0,0.0,511.0,0.0,0.0,0.0,0.0,1.0,0.0,0.0,255.0,40.0,0.16,0.04,0.16,0.0,0.26,0.0,0.0,1.0,107883.0
0.0,1.0,41.0,1.0,0.0,0.0,0.0,0.0,0.0,0.0,0.0,0.0,0.0,510.0,0.1,0.0,0.9,1.0,0.0,1.0,0.0,255.0,1.0,0.0,1.0,0.0,0.0,0.12,0.0,1.0,1.0,81694.0
0.0,1.0,53.0,5.0,0.0,0.0,0.0,0.0,0.0,0.0,0.0,0.0,0.0,276.0,1.0,1.0,0.0,0.0,0.09,0.04,0.0,255.0,24.0,0.09,0.05,0.0,0.0,1.0,1.0,0.0,1.0,93302.0
0.0,1.0,16.0,5.0,0.0,0.0,0.0,0.0,0.0,0.0,0.0,0.0,0.0,118.0,1.0,1.0,0.0,0.0,0.16,0.06,0.0,255.0,19.0,0.07,0.05,0.0,0.0,1.0,1.0,0.0,1.0,6672.0
0.0,2.0,46.0,9.0,28.0,0.0,3.0,0.0,0.0,0.0,0.0,0.0,0.0,72.0,0.0,0.0,0.0,0.0,1.0,0.0,0.0,255.0,72.0,0.28,0.01,0.28,0.0,0.0,0.0,0.0,1.0,73661.0
0.0,1.0,22.0,9.0,275.0,197.0,0.0,0.0,1.0,0.0,0.0,0.0,0.0,21.0,0.0,0.0,0.0,0.0,1.0,0.0,0.0,255.0,255.0,1.0,0.0,0.0,0.0,0.0,0.0,0.0,0.0,39005.0
0.0,1.0,2.0,5.0,0.0,0.0,0.0,0.0,0.0,0.0,0.0,0.0,0.0,103.0,1.0,1.0,0.0,0.0,0.02,0.07,0.0,255.0,2.0,0.01,0.05,0.0,0.0,1.0,1.0,0.0,1.0,77170.0
0.0,1.0,46.0,1.0,0.0,0.0,0.0,0.0,0.0,0.0,0.0,0.0,0.0,224.0,0.0,0.0,1.0,1.0,0.05,0.07,0.0,255.0,23.0,0.09,0.08,0.0,0.0,0.0,0.0,1.0,1.0,73412.0
0.0,1.0,63.0,5.0,0.0,0.0,0.0,0.0,0.0,0.0,0.0,0.0,0.0,209.0,1.0,1.0,0.0,0.0,0.01,0.08,0.0,255.0,2.0,0.01,0.08,0.0,0.0,1.0,1.0,0.0,1.0,51840.0
0.0,1.0,46.0,5.0,0.0,0.0,0.0,0.0,0.0,0.0,0.0,0.0,0.0,13.0,1.0,1.0,0.0,0.0,0.15,0.38,0.0,255.0,2.0,0.01,0.08,0.0,0.0,1.0,1.0,0.0,1.0,53294.0
40593.0,1.0,46.0,4.0,1.0,0.0,0.0,0.0,0.0,0.0,0.0,0.0,0.0,2.0,0.0,0.0,1.0,1.0,1.0,0.0,0.0,255.0,2.0,0.01,0.39,0.77,0.0,0.0,0.0,1.0,1.0,70351.0
0.0,1.0,46.0,5.0,0.0,0.0,0.0,0.0,0.0,0.0,0.0,0.0,0.0,133.0,1.0,1.0,0.0,0.0,0.11,0.07,0.0,255.0,14.0,0.05,0.06,0.0,0.0,1.0,1.0,0.0,1.0,39353.0
0.0,1.0,20.0,5.0,0.0,0.0,0.0,0.0,0.0,0.0,0.0,0.0,0.0,211.0,1.0,1.0,0.0,0.0,0.06,0.06,0.0,255.0,20.0,0.08,0.07,0.0,0.0,1.0,1.0,0.0,1.0,82158.0
0.0,1.0,12.0,5.0,0.0,0.0,0.0,0.0,0.0,0.0,0.0,0.0,0.0,259.0,1.0,1.0,0.0,0.0,0.05,0.06,0.0,255.0,20.0,0.08,0.07,0.0,0.0,1.0,1.0,0.0,1.0,38841.0
0.0,0.0,13.0,9.0,8.0,0.0,0.0,0.0,0.0,0.0,0.0,0.0,0.0,1.0,0.0,0.0,0.0,0.0,1.0,0.0,1.0,1.0,24.0,1.0,0.0,1.0,0.54,0.0,0.0,0.0,1.0,94706.0
0.0,1.0,38.0,5.0,0.0,0.0,0.0,0.0,0.0,0.0,0.0,0.0,0.0,106.0,1.0,1.0,0.0,0.0,0.16,0.06,0.0,255.0,17.0,0.07,0.05,0.0,0.0,1.0,1.0,0.0,1.0,3788.0
0.0,1.0,41.0,5.0,0.0,0.0,0.0,0.0,0.0,0.0,0.0,0.0,0.0,427.0,0.07,1.0,0.9,0.0,0.0,1.0,0.0,255.0,1.0,0.0,1.0,0.0,0.0,0.09,1.0,0.0,1.0,97505.0
0.0,2.0,11.0,9.0,44.0,77.0,0.0,0.0,0.0,0.0,0.0,0.0,0.0,144.0,0.0,0.0,0.0,0.0,1.0,0.0,0.01,255.0,223.0,0.87,0.01,0.0,0.0,0.0,0.0,0.0,0.0,111149.0
9943.0,1.0,41.0,4.0,1.0,0.0,0.0,0.0,0.0,0.0,0.0,0.0,0.0,2.0,0.0,0.0,1.0,1.0,1.0,0.0,0.0,255.0,2.0,0.01,0.74,1.0,0.0,0.0,0.0,1.0,1.0,113515.0
0.0,1.0,46.0,5.0,0.0,0.0,0.0,0.0,0.0,0.0,0.0,0.0,0.0,244.0,1.0,1.0,0.0,0.0,0.01,0.06,0.0,255.0,7.0,0.03,0.07,0.0,0.0,1.0,1.0,0.0,1.0,8211.0
0.0,1.0,41.0,1.0,0.0,0.0,0.0,0.0,0.0,0.0,0.0,0.0,0.0,349.0,0.09,0.0,0.91,1.0,0.0,1.0,0.0,255.0,1.0,0.0,1.0,0.0,0.0,0.09,0.0,1.0,1.0,83827.0
0.0,2.0,11.0,9.0,69.0,45.0,0.0,0.0,0.0,0.0,0.0,0.0,0.0,111.0,0.0,0.0,0.0,0.0,1.0,0.0,0.0,255.0,166.0,0.65,0.01,0.19,0.0,0.0,0.0,0.0,0.0,60458.0
0.0,1.0,30.0,5.0,0.0,0.0,0.0,0.0,0.0,0.0,0.0,0.0,0.0,284.0,1.0,1.0,0.0,0.0,0.06,0.06,0.0,255.0,1.0,0.0,0.07,0.0,0.0,1.0,1.0,0.0,1.0,54595.0
0.0,1.0,46.0,1.0,0.0,0.0,0.0,0.0,0.0,0.0,0.0,0.0,0.0,48.0,0.02,0.0,0.9,1.0,0.02,1.0,0.0,255.0,1.0,0.0,0.22,0.0,0.0,0.0,0.0,1.0,1.0,113895.0
0.0,1.0,46.0,5.0,0.0,0.0,0.0,0.0,0.0,0.0,0.0,0.0,0.0,123.0,1.0,1.0,0.0,0.0,0.1,0.07,0.0,255.0,32.0,0.13,0.05,0.0,0.0,1.0,1.0,0.0,1.0,43975.0
0.0,1.0,4.0,5.0,0.0,0.0,0.0,0.0,0.0,0.0,0.0,0.0,0.0,268.0,1.0,1.0,0.0,0.0,0.02,0.05,0.0,255.0,5.0,0.02,0.05,0.0,0.0,1.0,1.0,0.0,1.0,71341.0
0.0,1.0,19.0,9.0,12.0,0.0,0.0,0.0,0.0,0.0,0.0,0.0,0.0,2.0,0.0,0.0,0.0,0.0,1.0,0.0,0.0,255.0,62.0,0.24,0.38,0.24,0.0,0.38,0.0,0.0,0.0,62648.0
0.0,1.0,46.0,4.0,0.0,0.0,0.0,0.0,0.0,0.0,0.0,0.0,0.0,1.0,0.0,0.0,1.0,1.0,1.0,0.0,0.0,255.0,1.0,0.0,0.52,0.51,0.0,0.0,0.0,1.0,1.0,72445.0
0.0,2.0,11.0,9.0,44.0,131.0,0.0,0.0,0.0,0.0,0.0,0.0,0.0,135.0,0.0,0.0,0.0,0.0,0.99,0.01,0.01,255.0,221.0,0.87,0.02,0.0,0.0,0.0,0.0,0.0,0.0,23913.0
0.0,1.0,46.0,5.0,0.0,0.0,0.0,0.0,0.0,0.0,0.0,0.0,0.0,234.0,1.0,1.0,0.0,0.0,0.05,0.07,0.0,255.0,12.0,0.05,0.08,0.0,0.0,1.0,1.0,0.0,1.0,68031.0
0.0,1.0,20.0,1.0,0.0,0.0,0.0,0.0,0.0,0.0,0.0,0.0,0.0,232.0,0.0,0.0,1.0,1.0,0.05,0.06,0.0,255.0,11.0,0.04,0.07,0.0,0.0,0.0,0.0,1.0,1.0,93089.0
0.0,1.0,22.0,1.0,0.0,0.0,0.0,0.0,0.0,0.0,0.0,0.0,0.0,1.0,0.0,0.0,1.0,1.0,1.0,0.0,0.0,33.0,70.0,1.0,0.0,0.03,0.09,0.0,0.0,1.0,0.0,13105.0
0.0,1.0,22.0,1.0,0.0,0.0,0.0,0.0,0.0,0.0,0.0,0.0,0.0,1.0,0.0,0.0,1.0,1.0,1.0,0.0,0.0,29.0,106.0,1.0,0.0,0.03,0.04,0.0,0.0,1.0,0.0,77883.0
0.0,2.0,11.0,9.0,43.0,43.0,0.0,0.0,0.0,0.0,0.0,0.0,0.0,155.0,0.0,0.0,0.0,0.0,0.99,0.01,0.01,255.0,254.0,1.0,0.01,0.01,0.0,0.0,0.0,0.0,0.0,112501.0
0.0,1.0,62.0,5.0,0.0,0.0,0.0,0.0,0.0,0.0,0.0,0.0,0.0,128.0,1.0,1.0,0.0,0.0,0.15,0.05,0.0,255.0,19.0,0.07,0.05,0.0,0.0,1.0,1.0,0.0,1.0,103718.0
0.0,1.0,35.0,5.0,0.0,0.0,0.0,0.0,0.0,0.0,0.0,0.0,0.0,90.0,1.0,1.0,0.0,0.0,0.11,0.06,0.0,255.0,17.0,0.07,0.07,0.0,0.0,1.0,1.0,0.0,1.0,118649.0
0.0,1.0,2.0,5.0,0.0,0.0,0.0,0.0,0.0,0.0,0.0,0.0,0.0,270.0,1.0,1.0,0.0,0.0,0.02,0.06,0.0,255.0,6.0,0.02,0.06,0.0,0.0,1.0,1.0,0.0,1.0,118272.0
0.0,1.0,46.0,2.0,0.0,0.0,0.0,0.0,0.0,0.0,0.0,0.0,0.0,298.0,0.0,0.0,1.0,1.0,0.07,0.06,0.0,255.0,20.0,0.08,0.07,0.0,0.0,0.0,0.0,1.0,1.0,53757.0
0.0,0.0,14.0,9.0,1032.0,0.0,0.0,0.0,0.0,0.0,0.0,0.0,0.0,511.0,0.0,0.0,0.0,0.0,1.0,0.0,0.0,255.0,93.0,0.36,0.1,0.36,0.0,0.0,0.0,0.0,1.0,98569.0
0.0,1.0,46.0,5.0,0.0,0.0,0.0,0.0,0.0,0.0,0.0,0.0,0.0,27.0,1.0,1.0,0.0,0.0,0.04,0.22,0.0,255.0,11.0,0.04,0.09,0.0,0.0,1.0,1.0,0.0,1.0,50443.0
0.0,1.0,26.0,1.0,0.0,0.0,0.0,0.0,0.0,0.0,0.0,0.0,0.0,8.0,0.0,0.0,0.88,1.0,0.12,1.0,0.0,255.0,1.0,0.0,0.07,0.0,0.0,0.0,0.0,1.0,1.0,22235.0
0.0,1.0,46.0,5.0,0.0,0.0,0.0,0.0,0.0,0.0,0.0,0.0,0.0,33.0,1.0,1.0,0.0,0.0,0.64,0.09,0.0,255.0,21.0,0.08,0.07,0.0,0.0,1.0,1.0,0.0,1.0,99017.0
0.0,1.0,38.0,5.0,0.0,0.0,0.0,0.0,0.0,0.0,0.0,0.0,0.0,131.0,1.0,1.0,0.0,0.0,0.02,0.06,0.0,255.0,17.0,0.07,0.05,0.0,0.0,1.0,1.0,0.0,1.0,32101.0
0.0,1.0,10.0,5.0,0.0,0.0,0.0,0.0,0.0,0.0,0.0,0.0,0.0,197.0,1.0,1.0,0.0,0.0,0.08,0.07,0.0,255.0,16.0,0.06,0.07,0.0,0.0,1.0,1.0,0.0,1.0,33872.0
0.0,1.0,57.0,5.0,0.0,0.0,0.0,0.0,0.0,0.0,0.0,0.0,0.0,30.0,1.0,1.0,0.0,0.0,0.2,0.13,0.0,112.0,29.0,0.25,0.04,0.04,0.07,0.98,0.9,0.0,1.0,68970.0
0.0,1.0,46.0,4.0,0.0,0.0,0.0,0.0,0.0,0.0,0.0,0.0,0.0,1.0,0.0,0.0,1.0,1.0,1.0,0.0,0.0,222.0,1.0,0.0,0.27,0.24,0.0,0.0,0.0,1.0,1.0,108667.0
0.0,0.0,13.0,9.0,8.0,0.0,0.0,0.0,0.0,0.0,0.0,0.0,0.0,1.0,0.0,0.0,0.0,0.0,1.0,0.0,1.0,1.0,125.0,1.0,0.0,1.0,0.5,0.0,0.0,0.0,1.0,78454.0
0.0,0.0,14.0,9.0,1032.0,0.0,0.0,0.0,0.0,0.0,0.0,0.0,0.0,509.0,0.0,0.0,0.0,0.0,1.0,0.0,0.0,255.0,230.0,0.9,0.01,0.9,0.0,0.0,0.0,0.0,1.0,69679.0
0.0,1.0,16.0,5.0,0.0,0.0,0.0,0.0,0.0,0.0,0.0,0.0,0.0,144.0,1.0,1.0,0.0,0.0,0.06,0.06,0.0,255.0,1.0,0.0,0.06,0.0,0.0,1.0,1.0,0.0,1.0,2778.0
0.0,1.0,46.0,5.0,0.0,0.0,0.0,0.0,0.0,0.0,0.0,0.0,0.0,112.0,1.0,1.0,0.0,0.0,0.04,0.07,0.0,14.0,5.0,0.36,0.21,0.07,0.0,1.0,1.0,0.0,1.0,83946.0
0.0,2.0,11.0,9.0,42.0,133.0,0.0,0.0,0.0,0.0,0.0,0.0,0.0,129.0,0.0,0.0,0.0,0.0,0.99,0.02,0.01,255.0,218.0,0.85,0.02,0.0,0.0,0.0,0.0,0.0,0.0,33494.0
0.0,2.0,11.0,9.0,45.0,78.0,0.0,0.0,0.0,0.0,0.0,0.0,0.0,124.0,0.0,0.0,0.0,0.0,1.0,0.0,0.0,255.0,245.0,0.96,0.01,0.01,0.0,0.0,0.0,0.0,0.0,2132.0
0.0,1.0,2.0,1.0,0.0,0.0,0.0,0.0,0.0,0.0,0.0,0.0,0.0,215.0,0.0,0.0,1.0,1.0,0.03,0.07,0.0,255.0,7.0,0.03,0.08,0.0,0.0,0.0,0.0,1.0,1.0,35734.0
0.0,2.0,46.0,9.0,28.0,0.0,3.0,0.0,0.0,0.0,0.0,0.0,0.0,77.0,0.0,0.0,0.0,0.0,1.0,0.0,0.0,255.0,177.0,0.69,0.31,0.69,0.0,0.09,0.0,0.0,1.0,34867.0
0.0,1.0,46.0,5.0,0.0,0.0,0.0,0.0,0.0,0.0,0.0,0.0,0.0,262.0,1.0,1.0,0.0,0.0,0.03,0.05,0.0,255.0,13.0,0.05,0.07,0.0,0.0,1.0,1.0,0.0,1.0,9431.0
0.0,1.0,10.0,5.0,0.0,0.0,0.0,0.0,0.0,0.0,0.0,0.0,0.0,107.0,1.0,1.0,0.0,0.0,0.16,0.06,0.0,255.0,4.0,0.02,0.07,0.0,0.0,1.0,1.0,0.0,1.0,12935.0
0.0,1.0,22.0,1.0,0.0,0.0,0.0,0.0,0.0,0.0,0.0,0.0,0.0,1.0,0.0,0.0,1.0,1.0,1.0,0.0,1.0,29.0,255.0,1.0,0.0,0.03,0.07,0.0,0.0,0.91,0.0,85086.0
0.0,1.0,7.0,5.0,0.0,0.0,0.0,0.0,0.0,0.0,0.0,0.0,0.0,289.0,1.0,1.0,0.0,0.0,0.04,0.05,0.0,255.0,13.0,0.05,0.05,0.0,0.0,1.0,1.0,0.0,1.0,118897.0
0.0,2.0,11.0,9.0,46.0,67.0,0.0,0.0,0.0,0.0,0.0,0.0,0.0,132.0,0.0,0.0,0.0,0.0,1.0,0.0,0.0,255.0,255.0,1.0,0.0,0.01,0.0,0.0,0.0,0.0,0.0,106761.0
0.0,1.0,46.0,0.0,0.0,0.0,0.0,0.0,0.0,0.0,0.0,0.0,0.0,1.0,0.0,0.0,0.0,0.0,1.0,0.0,0.0,174.0,1.0,0.01,0.72,0.72,0.0,0.03,0.0,0.0,1.0,69738.0
0.0,1.0,46.0,5.0,0.0,0.0,0.0,0.0,0.0,0.0,0.0,0.0,0.0,237.0,1.0,1.0,0.0,0.0,0.08,0.06,0.0,255.0,3.0,0.01,0.08,0.0,0.0,1.0,1.0,0.0,1.0,24551.0
0.0,1.0,34.0,5.0,0.0,0.0,0.0,0.0,0.0,0.0,0.0,0.0,0.0,131.0,1.0,1.0,0.0,0.0,0.03,0.05,0.0,255.0,4.0,0.02,0.05,0.0,0.0,1.0,1.0,0.0,1.0,51914.0
0.0,1.0,46.0,5.0,0.0,0.0,0.0,0.0,0.0,0.0,0.0,0.0,0.0,275.0,1.0,1.0,0.0,0.0,0.02,0.05,0.0,255.0,6.0,0.02,0.07,0.0,0.0,1.0,1.0,0.0,1.0,31872.0
0.0,1.0,34.0,5.0,0.0,0.0,0.0,0.0,0.0,0.0,0.0,0.0,0.0,128.0,1.0,1.0,0.0,0.0,0.01,0.05,0.0,255.0,1.0,0.0,0.05,0.0,0.0,1.0,1.0,0.0,1.0,21780.0
0.0,1.0,23.0,5.0,0.0,0.0,0.0,0.0,0.0,0.0,0.0,0.0,0.0,204.0,1.0,1.0,0.0,0.0,0.08,0.05,0.0,255.0,16.0,0.06,0.05,0.0,0.0,1.0,1.0,0.0,1.0,70492.0
0.0,1.0,41.0,1.0,0.0,0.0,0.0,0.0,0.0,0.0,0.0,0.0,0.0,508.0,0.1,0.0,0.9,1.0,0.0,1.0,0.0,255.0,1.0,0.0,1.0,0.0,0.0,0.1,0.0,1.0,1.0,50914.0
0.0,2.0,11.0,9.0,44.0,72.0,0.0,0.0,0.0,0.0,0.0,0.0,0.0,131.0,0.0,0.0,0.0,0.0,0.99,0.02,0.02,255.0,243.0,0.95,0.01,0.0,0.0,0.0,0.0,0.0,0.0,93500.0
0.0,1.0,50.0,5.0,0.0,0.0,0.0,0.0,0.0,0.0,0.0,0.0,0.0,128.0,1.0,1.0,0.0,0.0,0.15,0.05,0.0,255.0,19.0,0.07,0.05,0.0,0.0,1.0,1.0,0.0,1.0,6595.0
0.0,1.0,46.0,1.0,0.0,0.0,0.0,0.0,0.0,0.0,0.0,0.0,0.0,106.0,0.0,0.0,1.0,1.0,0.08,0.06,0.0,255.0,9.0,0.04,0.07,0.0,0.0,0.0,0.0,1.0,1.0,23097.0
0.0,1.0,36.0,5.0,0.0,0.0,0.0,0.0,0.0,0.0,0.0,0.0,0.0,14.0,1.0,1.0,0.0,0.0,0.36,0.43,0.0,255.0,5.0,0.02,0.09,0.0,0.0,1.0,1.0,0.0,1.0,90337.0
0.0,2.0,11.0,9.0,44.0,73.0,0.0,0.0,0.0,0.0,0.0,0.0,0.0,136.0,0.0,0.0,0.0,0.0,1.0,0.0,0.0,255.0,202.0,0.79,0.01,0.0,0.0,0.0,0.0,0.0,0.0,97856.0
0.0,1.0,64.0,5.0,0.0,0.0,0.0,0.0,0.0,0.0,0.0,0.0,0.0,276.0,1.0,1.0,0.0,0.0,0.06,0.05,0.0,255.0,4.0,0.02,0.07,0.0,0.0,1.0,1.0,0.0,1.0,53625.0
0.0,1.0,26.0,5.0,0.0,0.0,0.0,0.0,0.0,0.0,0.0,0.0,0.0,287.0,1.0,1.0,0.0,0.0,0.05,0.06,0.0,255.0,14.0,0.05,0.08,0.0,0.0,1.0,1.0,0.0,1.0,35737.0
0.0,2.0,46.0,9.0,1.0,0.0,0.0,0.0,0.0,0.0,0.0,0.0,0.0,31.0,0.0,0.0,0.0,0.0,0.61,0.1,0.0,255.0,19.0,0.07,0.18,1.0,0.0,0.0,0.0,0.0,1.0,119534.0
0.0,0.0,13.0,9.0,8.0,0.0,0.0,0.0,0.0,0.0,0.0,0.0,0.0,1.0,0.0,0.0,0.0,0.0,1.0,0.0,1.0,2.0,50.0,1.0,0.0,1.0,0.5,0.0,0.0,0.0,1.0,95183.0
0.0,1.0,46.0,5.0,0.0,0.0,0.0,0.0,0.0,0.0,0.0,0.0,0.0,35.0,1.0,1.0,0.0,0.0,0.03,0.14,0.0,255.0,19.0,0.07,0.07,0.0,0.0,1.0,1.0,0.0,1.0,102077.0
0.0,1.0,16.0,5.0,0.0,0.0,0.0,0.0,0.0,0.0,0.0,0.0,0.0,143.0,1.0,1.0,0.0,0.0,0.09,0.06,0.0,255.0,13.0,0.05,0.05,0.0,0.0,1.0,1.0,0.0,1.0,100642.0
0.0,1.0,46.0,5.0,0.0,0.0,0.0,0.0,0.0,0.0,0.0,0.0,0.0,236.0,1.0,1.0,0.0,0.0,0.08,0.06,0.0,255.0,15.0,0.06,0.07,0.0,0.0,1.0,1.0,0.0,1.0,87245.0
0.0,1.0,55.0,5.0,0.0,0.0,0.0,0.0,0.0,0.0,0.0,0.0,0.0,208.0,1.0,1.0,0.0,0.0,0.07,0.05,0.0,255.0,15.0,0.06,0.05,0.0,0.0,1.0,1.0,0.0,1.0,99983.0
0.0,1.0,56.0,5.0,0.0,0.0,0.0,0.0,0.0,0.0,0.0,0.0,0.0,270.0,1.0,1.0,0.0,0.0,0.02,0.06,0.0,255.0,5.0,0.02,0.08,0.0,0.0,1.0,1.0,0.0,1.0,102886.0
0.0,0.0,14.0,9.0,520.0,0.0,0.0,0.0,0.0,0.0,0.0,0.0,0.0,398.0,0.0,0.0,0.0,0.0,1.0,0.0,0.0,255.0,255.0,1.0,0.0,1.0,0.0,0.0,0.0,0.0,1.0,8950.0
0.0,1.0,19.0,9.0,245.0,0.0,0.0,0.0,1.0,0.0,0.0,1.0,0.0,2.0,0.0,0.0,0.0,0.0,1.0,0.0,0.5,2.0,22.0,1.0,0.0,1.0,0.09,0.0,0.0,0.0,1.0,54481.0
0.0,1.0,46.0,5.0,0.0,0.0,0.0,0.0,0.0,0.0,0.0,0.0,0.0,114.0,1.0,1.0,0.0,0.0,0.18,0.05,0.0,255.0,11.0,0.04,0.06,0.0,0.0,1.0,1.0,0.0,1.0,109441.0
0.0,1.0,35.0,5.0,0.0,0.0,0.0,0.0,0.0,0.0,0.0,0.0,0.0,235.0,1.0,1.0,0.0,0.0,0.02,0.07,0.0,255.0,5.0,0.02,0.08,0.0,0.0,1.0,1.0,0.0,1.0,20795.0
0.0,1.0,46.0,5.0,0.0,0.0,0.0,0.0,0.0,0.0,0.0,0.0,0.0,124.0,1.0,1.0,0.0,0.0,0.12,0.06,0.0,255.0,19.0,0.07,0.07,0.0,0.0,1.0,1.0,0.0,1.0,65318.0
0.0,1.0,51.0,5.0,0.0,0.0,0.0,0.0,0.0,0.0,0.0,0.0,0.0,2.0,0.5,0.5,0.0,0.0,1.0,0.0,0.0,172.0,180.0,0.64,0.03,0.01,0.01,0.01,0.01,0.0,0.0,27787.0
0.0,2.0,11.0,9.0,44.0,44.0,0.0,0.0,0.0,0.0,0.0,0.0,0.0,147.0,0.0,0.0,0.0,0.0,0.99,0.01,0.0,255.0,254.0,1.0,0.01,0.0,0.0,0.0,0.0,0.0,0.0,62566.0
0.0,1.0,5.0,5.0,0.0,0.0,0.0,0.0,0.0,0.0,0.0,0.0,0.0,125.0,1.0,1.0,0.0,0.0,0.18,0.06,0.0,255.0,23.0,0.09,0.05,0.0,0.0,1.0,1.0,0.0,1.0,109547.0
0.0,1.0,46.0,1.0,0.0,0.0,0.0,0.0,0.0,0.0,0.0,0.0,0.0,190.0,0.0,0.0,1.0,1.0,0.01,0.06,0.0,255.0,1.0,0.0,0.07,0.0,0.0,0.0,0.0,1.0,1.0,17599.0
0.0,0.0,14.0,9.0,520.0,0.0,0.0,0.0,0.0,0.0,0.0,0.0,0.0,336.0,0.0,0.0,0.0,0.0,1.0,0.0,0.0,255.0,255.0,1.0,0.0,1.0,0.0,0.0,0.0,0.0,1.0,104643.0
0.0,0.0,14.0,9.0,1032.0,0.0,0.0,0.0,0.0,0.0,0.0,0.0,0.0,510.0,0.0,0.0,0.0,0.0,1.0,0.0,0.0,255.0,173.0,0.68,0.03,0.68,0.0,0.0,0.0,0.0,1.0,103272.0
0.0,1.0,19.0,5.0,0.0,0.0,0.0,0.0,0.0,0.0,0.0,0.0,0.0,238.0,1.0,1.0,0.0,0.0,0.04,0.06,0.0,255.0,9.0,0.04,0.06,0.0,0.0,1.0,1.0,0.0,1.0,101444.0
0.0,1.0,19.0,9.0,334.0,0.0,0.0,0.0,1.0,0.0,0.0,0.0,0.0,1.0,0.0,0.0,0.0,0.0,1.0,0.0,0.0,4.0,29.0,1.0,0.0,1.0,0.17,0.0,0.03,0.0,1.0,41969.0
0.0,1.0,46.0,5.0,0.0,0.0,0.0,0.0,0.0,0.0,0.0,0.0,0.0,149.0,1.0,1.0,0.0,0.0,0.09,0.05,0.0,255.0,2.0,0.01,0.07,0.0,0.0,1.0,1.0,0.0,1.0,72824.0
0.0,0.0,14.0,9.0,1032.0,0.0,0.0,0.0,0.0,0.0,0.0,0.0,0.0,230.0,0.0,0.0,0.0,0.0,1.0,0.0,0.0,206.0,112.0,0.54,0.03,0.54,0.0,0.01,0.0,0.0,1.0,52385.0
0.0,1.0,32.0,1.0,0.0,0.0,0.0,0.0,0.0,0.0,0.0,0.0,0.0,277.0,0.0,0.0,1.0,1.0,0.03,0.06,0.0,255.0,9.0,0.04,0.07,0.0,0.0,0.0,0.0,1.0,1.0,21703.0
0.0,1.0,46.0,5.0,0.0,0.0,0.0,0.0,0.0,0.0,0.0,0.0,0.0,227.0,1.0,1.0,0.0,0.0,0.08,0.04,0.0,255.0,18.0,0.07,0.05,0.0,0.0,1.0,1.0,0.0,1.0,112783.0
0.0,1.0,46.0,5.0,0.0,0.0,0.0,0.0,0.0,0.0,0.0,0.0,0.0,295.0,1.0,1.0,0.0,0.0,0.05,0.05,0.0,255.0,16.0,0.06,0.06,0.0,0.0,1.0,1.0,0.0,1.0,43012.0
0.0,1.0,45.0,2.0,0.0,0.0,0.0,0.0,0.0,0.0,0.0,0.0,0.0,129.0,0.0,0.0,1.0,1.0,0.05,0.06,0.0,255.0,7.0,0.03,0.06,0.0,0.0,0.0,0.0,1.0,1.0,97418.0
0.0,2.0,46.0,9.0,28.0,0.0,3.0,0.0,0.0,0.0,0.0,0.0,0.0,76.0,0.0,0.0,0.0,0.0,1.0,0.0,0.0,255.0,43.0,0.17,0.01,0.17,0.0,0.0,0.0,0.0,1.0,79098.0
0.0,0.0,13.0,9.0,8.0,0.0,0.0,0.0,0.0,0.0,0.0,0.0,0.0,1.0,0.0,0.0,0.0,0.0,1.0,0.0,1.0,2.0,144.0,1.0,0.0,1.0,0.5,0.0,0.0,0.0,1.0,77873.0
0.0,1.0,46.0,5.0,0.0,0.0,0.0,0.0,0.0,0.0,0.0,0.0,0.0,220.0,1.0,1.0,0.0,0.0,0.05,0.08,0.0,255.0,12.0,0.05,0.09,0.0,0.0,1.0,1.0,0.0,1.0,90163.0
0.0,1.0,59.0,5.0,0.0,0.0,0.0,0.0,0.0,0.0,0.0,0.0,0.0,229.0,1.0,1.0,0.0,0.0,0.03,0.07,0.0,255.0,14.0,0.05,0.07,0.0,0.0,1.0,1.0,0.0,1.0,49201.0
0.0,2.0,46.0,9.0,1.0,0.0,0.0,0.0,0.0,0.0,0.0,0.0,0.0,9.0,0.0,0.0,0.0,0.0,0.56,0.22,0.0,255.0,5.0,0.02,0.86,0.15,0.0,0.03,0.0,0.0,1.0,47659.0
0.0,1.0,22.0,1.0,0.0,0.0,0.0,0.0,0.0,0.0,0.0,0.0,0.0,225.0,0.0,0.0,1.0,1.0,0.04,0.07,0.0,255.0,10.0,0.04,0.08,0.0,0.0,0.0,0.0,1.0,1.0,121614.0
0.0,1.0,26.0,1.0,0.0,0.0,0.0,0.0,0.0,0.0,0.0,0.0,0.0,231.0,0.0,0.0,1.0,1.0,0.01,0.07,0.0,255.0,2.0,0.01,0.07,0.0,0.0,0.0,0.0,1.0,1.0,92435.0
0.0,0.0,13.0,9.0,8.0,0.0,0.0,0.0,0.0,0.0,0.0,0.0,0.0,1.0,0.0,0.0,0.0,0.0,1.0,0.0,1.0,2.0,102.0,1.0,0.0,1.0,0.25,0.0,0.0,0.0,1.0,17463.0
0.0,1.0,46.0,5.0,0.0,0.0,0.0,0.0,0.0,0.0,0.0,0.0,0.0,39.0,1.0,1.0,0.0,0.0,0.03,0.13,0.0,255.0,10.0,0.04,0.07,0.0,0.0,1.0,1.0,0.0,1.0,94001.0
0.0,1.0,18.0,5.0,0.0,0.0,0.0,0.0,0.0,0.0,0.0,0.0,0.0,230.0,1.0,1.0,0.0,0.0,0.03,0.06,0.0,255.0,7.0,0.03,0.07,0.0,0.0,1.0,1.0,0.0,1.0,117487.0
0.0,1.0,46.0,5.0,0.0,0.0,0.0,0.0,0.0,0.0,0.0,0.0,0.0,221.0,1.0,1.0,0.0,0.0,0.04,0.08,0.0,255.0,9.0,0.04,0.08,0.0,0.0,1.0,1.0,0.0,1.0,27360.0
0.0,1.0,19.0,9.0,26.0,0.0,0.0,0.0,1.0,0.0,0.0,0.0,0.0,1.0,0.0,0.0,0.0,0.0,1.0,0.0,0.0,195.0,41.0,0.21,0.02,0.21,0.0,0.0,0.0,0.0,0.0,9779.0
0.0,1.0,46.0,1.0,0.0,0.0,0.0,0.0,0.0,0.0,0.0,0.0,0.0,66.0,0.0,0.0,1.0,1.0,0.02,0.55,0.0,236.0,1.0,0.0,0.16,0.28,0.0,0.01,0.0,1.0,1.0,71581.0
0.0,2.0,46.0,9.0,1.0,0.0,0.0,0.0,0.0,0.0,0.0,0.0,0.0,65.0,0.0,0.0,0.0,0.0,0.58,0.06,0.0,255.0,102.0,0.4,0.06,1.0,0.0,0.0,0.0,0.0,1.0,123991.0
0.0,1.0,5.0,5.0,0.0,0.0,0.0,0.0,0.0,0.0,0.0,0.0,0.0,149.0,1.0,1.0,0.0,0.0,0.11,0.05,0.0,255.0,1.0,0.0,0.07,0.0,0.0,1.0,1.0,0.0,1.0,55010.0
0.0,1.0,25.0,5.0,0.0,0.0,0.0,0.0,0.0,0.0,0.0,0.0,0.0,222.0,1.0,1.0,0.0,0.0,0.03,0.07,0.0,255.0,4.0,0.02,0.09,0.0,0.0,1.0,1.0,0.0,1.0,121174.0
41193.0,1.0,46.0,4.0,1.0,0.0,0.0,0.0,0.0,0.0,0.0,0.0,0.0,2.0,0.0,0.0,1.0,1.0,1.0,0.0,0.0,255.0,2.0,0.01,0.29,0.58,0.0,0.0,0.0,1.0,1.0,97344.0
0.0,1.0,46.0,5.0,0.0,0.0,0.0,0.0,0.0,0.0,0.0,0.0,0.0,255.0,1.0,1.0,0.0,0.0,0.06,0.07,0.0,255.0,15.0,0.06,0.08,0.0,0.0,1.0,1.0,0.0,1.0,4605.0
0.0,1.0,46.0,1.0,0.0,0.0,0.0,0.0,0.0,0.0,0.0,0.0,0.0,136.0,0.0,0.0,1.0,1.0,0.06,0.07,0.0,161.0,8.0,0.05,0.07,0.01,0.0,0.0,0.0,1.0,1.0,104514.0
0.0,1.0,38.0,5.0,0.0,0.0,0.0,0.0,0.0,0.0,0.0,0.0,0.0,102.0,1.0,1.0,0.0,0.0,0.02,0.09,0.0,255.0,2.0,0.01,0.07,0.0,0.0,1.0,1.0,0.0,1.0,63280.0
0.0,1.0,41.0,1.0,0.0,0.0,0.0,0.0,0.0,0.0,0.0,0.0,0.0,510.0,0.12,0.0,0.88,1.0,0.0,1.0,0.0,255.0,1.0,0.0,1.0,0.0,0.0,0.13,0.0,1.0,1.0,108083.0
0.0,1.0,63.0,5.0,0.0,0.0,0.0,0.0,0.0,0.0,0.0,0.0,0.0,290.0,1.0,1.0,0.0,0.0,0.09,0.04,0.0,255.0,25.0,0.1,0.05,0.0,0.0,1.0,1.0,0.0,1.0,100099.0
0.0,1.0,22.0,5.0,0.0,0.0,0.0,0.0,0.0,0.0,0.0,0.0,0.0,3.0,1.0,1.0,0.0,0.0,1.0,0.0,0.0,255.0,3.0,0.01,0.07,0.0,0.0,1.0,1.0,0.0,1.0,98558.0
0.0,1.0,22.0,1.0,0.0,0.0,0.0,0.0,0.0,0.0,0.0,0.0,0.0,1.0,0.0,0.0,1.0,1.0,1.0,0.0,0.0,23.0,255.0,1.0,0.0,0.04,0.07,0.0,0.0,0.99,0.0,106724.0
0.0,1.0,5.0,5.0,0.0,0.0,0.0,0.0,0.0,0.0,0.0,0.0,0.0,115.0,1.0,1.0,0.0,0.0,0.12,0.06,0.0,255.0,14.0,0.05,0.05,0.0,0.0,1.0,1.0,0.0,1.0,95782.0
0.0,1.0,46.0,1.0,0.0,0.0,0.0,0.0,0.0,0.0,0.0,0.0,0.0,72.0,0.1,0.0,0.9,1.0,0.01,1.0,0.0,255.0,1.0,0.0,0.56,0.0,0.0,0.03,0.0,1.0,1.0,16805.0
0.0,1.0,22.0,5.0,0.0,0.0,0.0,0.0,0.0,0.0,0.0,0.0,0.0,20.0,1.0,1.0,0.0,0.0,0.3,0.2,0.0,255.0,65.0,0.25,0.02,0.01,0.0,1.0,1.0,0.0,1.0,60178.0
0.0,1.0,46.0,5.0,0.0,0.0,0.0,0.0,0.0,0.0,0.0,0.0,0.0,249.0,1.0,1.0,0.0,0.0,0.06,0.06,0.0,255.0,2.0,0.01,0.08,0.0,0.0,1.0,1.0,0.0,1.0,96816.0
0.0,1.0,46.0,5.0,0.0,0.0,0.0,0.0,0.0,0.0,0.0,0.0,0.0,118.0,1.0,1.0,0.0,0.0,0.08,0.06,0.0,255.0,15.0,0.06,0.07,0.0,0.0,1.0,1.0,0.0,1.0,86305.0
0.0,1.0,54.0,5.0,0.0,0.0,0.0,0.0,0.0,0.0,0.0,0.0,0.0,231.0,1.0,1.0,0.0,0.0,0.03,0.07,0.0,255.0,8.0,0.03,0.07,0.0,0.0,1.0,1.0,0.0,1.0,33946.0
0.0,1.0,46.0,5.0,0.0,0.0,0.0,0.0,0.0,0.0,0.0,0.0,0.0,169.0,1.0,1.0,0.0,0.0,0.1,0.06,0.0,255.0,4.0,0.02,0.07,0.0,0.0,1.0,1.0,0.0,1.0,7736.0
0.0,1.0,57.0,5.0,0.0,0.0,0.0,0.0,0.0,0.0,0.0,0.0,0.0,32.0,1.0,1.0,0.0,0.0,0.22,0.12,0.0,255.0,47.0,0.18,0.04,0.01,0.0,1.0,1.0,0.0,1.0,54265.0
4629.0,2.0,41.0,9.0,146.0,105.0,0.0,0.0,0.0,0.0,0.0,0.0,0.0,1.0,0.0,0.0,0.0,0.0,1.0,0.0,0.0,255.0,1.0,0.0,0.82,1.0,0.0,0.0,0.0,0.0,0.0,3920.0
0.0,1.0,26.0,5.0,0.0,0.0,0.0,0.0,0.0,0.0,0.0,0.0,0.0,272.0,1.0,1.0,0.0,0.0,0.06,0.06,0.0,255.0,17.0,0.07,0.07,0.0,0.0,1.0,1.0,0.0,1.0,28509.0
0.0,1.0,26.0,5.0,0.0,0.0,0.0,0.0,0.0,0.0,0.0,0.0,0.0,255.0,1.0,1.0,0.0,0.0,0.02,0.05,0.0,255.0,6.0,0.02,0.07,0.0,0.0,1.0,1.0,0.0,1.0,17497.0
0.0,1.0,59.0,2.0,0.0,0.0,0.0,0.0,0.0,0.0,0.0,0.0,0.0,203.0,0.0,0.0,1.0,1.0,0.0,0.07,0.0,255.0,1.0,0.0,0.07,0.0,0.0,0.0,0.0,1.0,1.0,45490.0
0.0,1.0,26.0,5.0,0.0,0.0,0.0,0.0,0.0,0.0,0.0,0.0,0.0,265.0,1.0,1.0,0.0,0.0,0.06,0.06,0.0,255.0,17.0,0.07,0.07,0.0,0.0,1.0,1.0,0.0,1.0,46625.0
0.0,1.0,46.0,5.0,0.0,0.0,0.0,0.0,0.0,0.0,0.0,0.0,0.0,229.0,1.0,1.0,0.0,0.0,0.01,0.07,0.0,255.0,16.0,0.06,0.07,0.0,0.0,1.0,1.0,0.0,1.0,37922.0
0.0,1.0,46.0,5.0,0.0,0.0,0.0,0.0,0.0,0.0,0.0,0.0,0.0,166.0,1.0,1.0,0.0,0.0,0.02,0.07,0.0,255.0,20.0,0.08,0.07,0.0,0.0,1.0,1.0,0.0,1.0,68473.0
0.0,0.0,14.0,9.0,520.0,0.0,0.0,0.0,0.0,0.0,0.0,0.0,0.0,480.0,0.0,0.0,0.0,0.0,1.0,0.0,0.0,105.0,105.0,1.0,0.0,1.0,0.0,0.0,0.0,0.0,1.0,70512.0
0.0,2.0,11.0,9.0,46.0,72.0,0.0,0.0,0.0,0.0,0.0,0.0,0.0,184.0,0.0,0.0,0.0,0.0,1.0,0.0,0.0,255.0,255.0,1.0,0.0,0.01,0.0,0.0,0.0,0.0,0.0,19440.0
0.0,1.0,46.0,5.0,0.0,0.0,0.0,0.0,0.0,0.0,0.0,0.0,0.0,133.0,1.0,1.0,0.0,0.0,0.01,0.06,0.0,255.0,4.0,0.02,0.06,0.0,0.0,1.0,1.0,0.0,1.0,40519.0
0.0,2.0,11.0,9.0,45.0,129.0,0.0,0.0,0.0,0.0,0.0,0.0,0.0,135.0,0.0,0.0,0.0,0.0,1.0,0.0,0.02,255.0,254.0,1.0,0.01,0.0,0.0,0.0,0.0,0.0,0.0,21865.0
0.0,2.0,46.0,9.0,1.0,0.0,0.0,0.0,0.0,0.0,0.0,0.0,0.0,30.0,0.0,0.0,0.0,0.0,0.03,0.13,0.0,255.0,1.0,0.0,0.08,0.22,0.0,0.0,0.0,0.0,1.0,35483.0
0.0,1.0,46.0,1.0,0.0,0.0,0.0,0.0,0.0,0.0,0.0,0.0,0.0,449.0,0.05,0.0,0.94,1.0,0.0,1.0,0.0,255.0,1.0,0.0,1.0,0.0,0.0,0.08,0.0,1.0,1.0,79799.0
0.0,0.0,13.0,9.0,8.0,0.0,0.0,0.0,0.0,0.0,0.0,0.0,0.0,1.0,0.0,0.0,0.0,0.0,1.0,0.0,1.0,1.0,139.0,1.0,0.0,1.0,0.5,0.0,0.0,0.0,1.0,50174.0
0.0,1.0,8.0,5.0,0.0,0.0,0.0,0.0,0.0,0.0,0.0,0.0,0.0,234.0,1.0,1.0,0.0,0.0,0.09,0.04,0.0,255.0,21.0,0.08,0.05,0.0,0.0,1.0,1.0,0.0,1.0,122104.0
0.0,1.0,46.0,5.0,0.0,0.0,0.0,0.0,0.0,0.0,0.0,0.0,0.0,204.0,1.0,1.0,0.0,0.0,0.0,0.07,0.0,255.0,4.0,0.02,0.06,0.0,0.0,1.0,1.0,0.0,1.0,25245.0
0.0,1.0,46.0,5.0,0.0,0.0,0.0,0.0,0.0,0.0,0.0,0.0,0.0,122.0,1.0,1.0,0.0,0.0,0.02,0.07,0.0,255.0,5.0,0.02,0.06,0.0,0.0,1.0,1.0,0.0,1.0,5879.0
0.0,1.0,20.0,5.0,0.0,0.0,0.0,0.0,0.0,0.0,0.0,0.0,0.0,260.0,1.0,1.0,0.0,0.0,0.07,0.05,0.0,255.0,18.0,0.07,0.05,0.0,0.0,1.0,1.0,0.0,1.0,17660.0
0.0,1.0,62.0,5.0,0.0,0.0,0.0,0.0,0.0,0.0,0.0,0.0,0.0,128.0,1.0,1.0,0.0,0.0,0.13,0.05,0.0,255.0,17.0,0.07,0.06,0.0,0.0,1.0,1.0,0.0,1.0,73945.0
0.0,1.0,46.0,1.0,0.0,0.0,0.0,0.0,0.0,0.0,0.0,0.0,0.0,117.0,0.0,0.0,1.0,1.0,0.15,0.06,0.0,255.0,14.0,0.05,0.08,0.0,0.0,0.0,0.0,1.0,1.0,18486.0
0.0,1.0,15.0,5.0,0.0,0.0,0.0,0.0,0.0,0.0,0.0,0.0,0.0,144.0,1.0,1.0,0.0,0.0,0.16,0.05,0.0,255.0,23.0,0.09,0.05,0.0,0.0,1.0,1.0,0.0,1.0,87097.0
25.0,1.0,3.0,9.0,10.0,35.0,0.0,0.0,1.0,0.0,0.0,0.0,0.0,1.0,0.0,0.0,0.0,0.0,1.0,0.0,0.0,99.0,9.0,0.06,0.06,0.01,0.22,0.0,0.0,0.0,0.0,102225.0
0.0,1.0,46.0,5.0,0.0,0.0,0.0,0.0,0.0,0.0,0.0,0.0,0.0,112.0,1.0,1.0,0.0,0.0,0.04,0.07,0.0,255.0,9.0,0.04,0.07,0.0,0.0,1.0,1.0,0.0,1.0,32044.0
0.0,0.0,13.0,9.0,8.0,0.0,0.0,0.0,0.0,0.0,0.0,0.0,0.0,1.0,0.0,0.0,0.0,0.0,1.0,0.0,1.0,2.0,102.0,1.0,0.0,1.0,0.5,0.0,0.0,0.0,1.0,47382.0
0.0,1.0,3.0,5.0,0.0,0.0,0.0,0.0,0.0,0.0,0.0,0.0,0.0,272.0,1.0,1.0,0.0,0.0,0.03,0.06,0.0,255.0,8.0,0.03,0.08,0.0,0.0,1.0,1.0,0.0,1.0,19603.0
0.0,1.0,46.0,5.0,0.0,0.0,0.0,0.0,0.0,0.0,0.0,0.0,0.0,127.0,1.0,1.0,0.0,0.0,0.12,0.06,0.0,255.0,8.0,0.03,0.07,0.0,0.0,1.0,1.0,0.0,1.0,108219.0
0.0,1.0,46.0,1.0,0.0,0.0,0.0,0.0,0.0,0.0,0.0,0.0,0.0,108.0,0.01,0.0,0.94,1.0,0.01,1.0,0.0,233.0,1.0,0.0,0.49,0.0,0.0,0.0,0.0,1.0,1.0,86867.0
0.0,1.0,46.0,5.0,0.0,0.0,0.0,0.0,0.0,0.0,0.0,0.0,0.0,87.0,1.0,1.0,0.0,0.0,0.06,0.07,0.0,255.0,2.0,0.01,0.06,0.0,0.0,1.0,1.0,0.0,1.0,89711.0
0.0,1.0,3.0,5.0,0.0,0.0,0.0,0.0,0.0,0.0,0.0,0.0,0.0,250.0,1.0,1.0,0.0,0.0,0.04,0.05,0.0,255.0,10.0,0.04,0.06,0.0,0.0,1.0,1.0,0.0,1.0,95129.0
0.0,1.0,46.0,5.0,0.0,0.0,0.0,0.0,0.0,0.0,0.0,0.0,0.0,112.0,1.0,1.0,0.0,0.0,0.05,0.06,0.0,255.0,35.0,0.14,0.05,0.0,0.0,1.0,1.0,0.0,1.0,54306.0
0.0,1.0,46.0,5.0,0.0,0.0,0.0,0.0,0.0,0.0,0.0,0.0,0.0,8.0,1.0,1.0,0.0,0.0,0.12,0.38,0.0,255.0,5.0,0.02,0.09,0.0,0.0,1.0,1.0,0.0,1.0,76108.0
0.0,1.0,46.0,1.0,0.0,0.0,0.0,0.0,0.0,0.0,0.0,0.0,0.0,2.0,0.0,0.0,1.0,1.0,0.5,1.0,0.0,255.0,1.0,0.0,0.78,0.76,0.0,0.0,0.0,1.0,1.0,97653.0
0.0,1.0,46.0,5.0,0.0,0.0,0.0,0.0,0.0,0.0,0.0,0.0,0.0,107.0,1.0,1.0,0.0,0.0,0.06,0.07,0.0,160.0,15.0,0.09,0.1,0.01,0.0,1.0,1.0,0.0,1.0,10478.0
0.0,1.0,46.0,5.0,0.0,0.0,0.0,0.0,0.0,0.0,0.0,0.0,0.0,105.0,1.0,1.0,0.0,0.0,0.12,0.06,0.0,255.0,12.0,0.05,0.07,0.0,0.0,1.0,1.0,0.0,1.0,38985.0
0.0,2.0,11.0,9.0,42.0,42.0,0.0,0.0,0.0,0.0,0.0,0.0,0.0,106.0,0.0,0.0,0.0,0.0,1.0,0.0,0.01,255.0,255.0,1.0,0.0,0.01,0.0,0.0,0.0,0.0,0.0,94251.0
0.0,1.0,46.0,1.0,0.0,0.0,0.0,0.0,0.0,0.0,0.0,0.0,0.0,112.0,0.0,0.0,1.0,1.0,0.01,0.09,0.0,255.0,1.0,0.0,0.09,0.0,0.0,0.0,0.0,1.0,1.0,111282.0
0.0,1.0,46.0,5.0,0.0,0.0,0.0,0.0,0.0,0.0,0.0,0.0,0.0,251.0,1.0,1.0,0.0,0.0,0.04,0.06,0.0,255.0,20.0,0.08,0.08,0.0,0.0,1.0,1.0,0.0,1.0,72352.0
0.0,1.0,57.0,5.0,0.0,0.0,0.0,0.0,0.0,0.0,0.0,0.0,0.0,40.0,1.0,1.0,0.0,0.0,0.25,0.1,0.0,255.0,64.0,0.25,0.02,0.01,0.0,1.0,1.0,0.0,1.0,37260.0
0.0,1.0,18.0,2.0,0.0,0.0,0.0,0.0,0.0,0.0,0.0,0.0,0.0,146.0,0.0,0.0,1.0,1.0,0.12,0.06,0.0,255.0,11.0,0.04,0.07,0.0,0.0,0.0,0.0,1.0,1.0,39554.0
0.0,1.0,2.0,1.0,0.0,0.0,0.0,0.0,0.0,0.0,0.0,0.0,0.0,293.0,0.0,0.0,1.0,1.0,0.06,0.06,0.0,255.0,18.0,0.07,0.07,0.0,0.0,0.0,0.0,1.0,1.0,77232.0
0.0,1.0,19.0,5.0,0.0,0.0,0.0,0.0,0.0,0.0,0.0,0.0,0.0,28.0,1.0,1.0,0.0,0.0,0.07,0.14,0.0,255.0,42.0,0.16,0.03,0.0,0.0,1.0,1.0,0.0,1.0,185.0
0.0,1.0,46.0,1.0,0.0,0.0,0.0,0.0,0.0,0.0,0.0,0.0,0.0,111.0,0.0,0.0,1.0,1.0,0.07,0.07,0.0,255.0,8.0,0.03,0.08,0.0,0.0,0.0,0.0,1.0,1.0,49902.0
0.0,2.0,11.0,9.0,43.0,75.0,0.0,0.0,0.0,0.0,0.0,0.0,0.0,173.0,0.0,0.0,0.0,0.0,1.0,0.0,0.0,255.0,254.0,1.0,0.01,0.0,0.0,0.0,0.0,0.0,0.0,4375.0
0.0,1.0,5.0,1.0,0.0,0.0,0.0,0.0,0.0,0.0,0.0,0.0,0.0,112.0,0.0,0.0,1.0,1.0,0.12,0.06,0.0,255.0,13.0,0.05,0.06,0.0,0.0,0.0,0.0,1.0,1.0,18881.0
0.0,1.0,46.0,1.0,0.0,0.0,0.0,0.0,0.0,0.0,0.0,0.0,0.0,67.0,0.0,0.0,1.0,1.0,0.28,0.07,0.0,255.0,19.0,0.07,0.07,0.0,0.0,0.0,0.0,1.0,1.0,117566.0
0.0,1.0,46.0,5.0,0.0,0.0,0.0,0.0,0.0,0.0,0.0,0.0,0.0,189.0,1.0,1.0,0.0,0.0,0.05,0.06,0.0,255.0,17.0,0.07,0.07,0.0,0.0,1.0,1.0,0.0,1.0,50714.0
0.0,1.0,46.0,5.0,0.0,0.0,0.0,0.0,0.0,0.0,0.0,0.0,0.0,223.0,1.0,1.0,0.0,0.0,0.06,0.06,0.0,255.0,14.0,0.05,0.09,0.0,0.0,1.0,1.0,0.0,1.0,77730.0
0.0,1.0,46.0,1.0,0.0,0.0,0.0,0.0,0.0,0.0,0.0,0.0,0.0,260.0,0.08,0.0,0.87,1.0,0.0,1.0,0.0,255.0,1.0,0.0,1.0,0.0,0.0,0.08,0.0,1.0,1.0,117867.0
0.0,1.0,52.0,5.0,0.0,0.0,0.0,0.0,0.0,0.0,0.0,0.0,0.0,299.0,1.0,1.0,0.0,0.0,0.08,0.05,0.0,255.0,25.0,0.1,0.05,0.0,0.0,1.0,1.0,0.0,1.0,38387.0
0.0,1.0,46.0,1.0,0.0,0.0,0.0,0.0,0.0,0.0,0.0,0.0,0.0,2.0,0.5,0.0,0.5,1.0,0.5,1.0,0.0,255.0,1.0,0.0,1.0,1.0,0.0,0.06,0.0,1.0,1.0,101850.0
0.0,1.0,46.0,5.0,0.0,0.0,0.0,0.0,0.0,0.0,0.0,0.0,0.0,292.0,1.0,1.0,0.0,0.0,0.01,0.05,0.0,255.0,8.0,0.03,0.07,0.0,0.0,1.0,1.0,0.0,1.0,44370.0
0.0,0.0,13.0,9.0,8.0,0.0,0.0,0.0,0.0,0.0,0.0,0.0,0.0,1.0,0.0,0.0,0.0,0.0,1.0,0.0,1.0,2.0,78.0,1.0,0.0,1.0,0.5,0.0,0.0,0.0,1.0,101568.0
0.0,1.0,4.0,5.0,0.0,0.0,0.0,0.0,0.0,0.0,0.0,0.0,0.0,284.0,1.0,1.0,0.0,0.0,0.05,0.05,0.0,255.0,13.0,0.05,0.05,0.0,0.0,1.0,1.0,0.0,1.0,33444.0
0.0,1.0,46.0,4.0,0.0,0.0,0.0,0.0,0.0,0.0,0.0,0.0,0.0,1.0,0.0,0.0,1.0,1.0,1.0,0.0,0.0,131.0,1.0,0.01,0.63,0.63,0.0,0.05,0.0,1.0,1.0,30950.0
0.0,1.0,46.0,5.0,0.0,0.0,0.0,0.0,0.0,0.0,0.0,0.0,0.0,19.0,1.0,1.0,0.0,0.0,0.11,0.21,0.0,255.0,15.0,0.06,0.09,0.0,0.0,1.0,1.0,0.0,1.0,78281.0
0.0,0.0,61.0,9.0,78.0,0.0,0.0,0.0,0.0,0.0,0.0,0.0,0.0,4.0,0.0,0.0,0.0,0.0,0.25,0.5,0.0,255.0,25.0,0.1,0.01,0.1,0.0,0.0,0.0,0.0,0.0,8047.0
0.0,1.0,19.0,5.0,0.0,0.0,0.0,0.0,0.0,0.0,0.0,0.0,0.0,275.0,1.0,1.0,0.0,0.0,0.03,0.06,0.0,255.0,13.0,0.05,0.09,0.0,0.0,1.0,1.0,0.0,1.0,46165.0
0.0,1.0,5.0,1.0,0.0,0.0,0.0,0.0,0.0,0.0,0.0,0.0,0.0,113.0,0.0,0.0,1.0,1.0,0.12,0.06,0.0,255.0,14.0,0.05,0.06,0.0,0.0,0.0,0.0,1.0,1.0,59625.0
0.0,1.0,46.0,1.0,0.0,0.0,0.0,0.0,0.0,0.0,0.0,0.0,0.0,81.0,0.0,0.0,1.0,1.0,0.04,0.09,0.0,255.0,3.0,0.01,0.06,0.0,0.0,0.0,0.0,1.0,1.0,18289.0
0.0,1.0,55.0,5.0,0.0,0.0,0.0,0.0,0.0,0.0,0.0,0.0,0.0,235.0,1.0,1.0,0.0,0.0,0.08,0.06,0.0,255.0,18.0,0.07,0.07,0.0,0.0,1.0,1.0,0.0,1.0,8609.0
0.0,2.0,11.0,9.0,46.0,46.0,0.0,0.0,0.0,0.0,0.0,0.0,0.0,146.0,0.0,0.0,0.0,0.0,1.0,0.0,0.01,255.0,255.0,1.0,0.0,0.01,0.0,0.0,0.0,0.0,0.0,100543.0
0.0,2.0,46.0,9.0,1.0,0.0,0.0,0.0,0.0,0.0,0.0,0.0,0.0,121.0,0.0,0.0,0.0,0.0,0.69,0.05,0.0,255.0,141.0,0.55,0.05,1.0,0.0,0.0,0.0,0.0,1.0,34298.0
0.0,1.0,41.0,1.0,0.0,0.0,0.0,0.0,0.0,0.0,0.0,0.0,0.0,501.0,0.08,0.0,0.89,1.0,0.0,0.95,0.0,255.0,1.0,0.0,0.91,0.0,0.0,0.08,0.0,1.0,1.0,28079.0
0.0,1.0,54.0,5.0,0.0,0.0,0.0,0.0,0.0,0.0,0.0,0.0,0.0,136.0,1.0,1.0,0.0,0.0,0.15,0.06,0.0,255.0,16.0,0.06,0.07,0.0,0.0,1.0,1.0,0.0,1.0,24137.0
0.0,1.0,23.0,5.0,0.0,0.0,0.0,0.0,0.0,0.0,0.0,0.0,0.0,98.0,1.0,1.0,0.0,0.0,0.04,0.06,0.0,255.0,15.0,0.06,0.07,0.0,0.0,1.0,1.0,0.0,1.0,23252.0
0.0,1.0,46.0,5.0,0.0,0.0,0.0,0.0,0.0,0.0,0.0,0.0,0.0,269.0,1.0,1.0,0.0,0.0,0.07,0.06,0.0,255.0,19.0,0.07,0.06,0.0,0.0,1.0,1.0,0.0,1.0,87444.0
0.0,1.0,46.0,5.0,0.0,0.0,0.0,0.0,0.0,0.0,0.0,0.0,0.0,149.0,1.0,1.0,0.0,0.0,0.13,0.05,0.0,255.0,19.0,0.07,0.06,0.0,0.0,1.0,1.0,0.0,1.0,6640.0
0.0,1.0,33.0,5.0,0.0,0.0,0.0,0.0,0.0,0.0,0.0,0.0,0.0,86.0,1.0,1.0,0.0,0.0,0.2,0.07,0.0,255.0,17.0,0.07,0.05,0.0,0.0,1.0,1.0,0.0,1.0,65694.0
0.0,1.0,54.0,2.0,0.0,0.0,0.0,0.0,0.0,0.0,0.0,0.0,0.0,178.0,0.0,0.0,1.0,1.0,0.03,0.07,0.0,255.0,6.0,0.02,0.08,0.0,0.0,0.0,0.0,1.0,1.0,33377.0
0.0,1.0,28.0,5.0,0.0,0.0,0.0,0.0,0.0,0.0,0.0,0.0,0.0,92.0,1.0,1.0,0.0,0.0,0.05,0.09,0.0,255.0,5.0,0.02,0.07,0.0,0.0,1.0,1.0,0.0,1.0,58248.0
0.0,1.0,6.0,5.0,0.0,0.0,0.0,0.0,0.0,0.0,0.0,0.0,0.0,270.0,1.0,1.0,0.0,0.0,0.07,0.05,0.0,255.0,18.0,0.07,0.05,0.0,0.0,1.0,1.0,0.0,1.0,113390.0
2059.0,2.0,41.0,9.0,147.0,105.0,0.0,0.0,0.0,0.0,0.0,0.0,0.0,1.0,0.0,0.0,0.0,0.0,1.0,0.0,0.0,255.0,3.0,0.01,0.62,0.94,0.0,0.0,0.0,0.0,0.0,11279.0
0.0,1.0,65.0,5.0,0.0,0.0,0.0,0.0,0.0,0.0,0.0,0.0,0.0,275.0,1.0,1.0,0.0,0.0,0.01,0.06,0.0,255.0,6.0,0.02,0.06,0.0,0.0,1.0,1.0,0.0,1.0,36134.0
0.0,1.0,5.0,1.0,0.0,0.0,0.0,0.0,0.0,0.0,0.0,0.0,0.0,133.0,0.0,0.0,1.0,1.0,0.03,0.06,0.0,255.0,4.0,0.02,0.06,0.0,0.0,0.0,0.0,1.0,1.0,101923.0
0.0,1.0,32.0,5.0,0.0,0.0,0.0,0.0,0.0,0.0,0.0,0.0,0.0,44.0,1.0,1.0,0.0,0.0,0.2,0.11,0.0,255.0,16.0,0.06,0.07,0.0,0.0,1.0,1.0,0.0,1.0,25791.0
0.0,1.0,46.0,5.0,0.0,0.0,0.0,0.0,0.0,0.0,0.0,0.0,0.0,276.0,1.0,1.0,0.0,0.0,0.01,0.07,0.0,255.0,17.0,0.07,0.07,0.0,0.0,1.0,1.0,0.0,1.0,118434.0
0.0,1.0,46.0,5.0,0.0,0.0,0.0,0.0,0.0,0.0,0.0,0.0,0.0,145.0,1.0,1.0,0.0,0.0,0.1,0.06,0.0,225.0,18.0,0.08,0.08,0.0,0.0,1.0,1.0,0.0,1.0,41588.0
0.0,1.0,10.0,5.0,0.0,0.0,0.0,0.0,0.0,0.0,0.0,0.0,0.0,205.0,1.0,1.0,0.0,0.0,0.12,0.05,0.0,255.0,25.0,0.1,0.05,0.0,0.0,1.0,1.0,0.0,1.0,123823.0
0.0,1.0,63.0,5.0,0.0,0.0,0.0,0.0,0.0,0.0,0.0,0.0,0.0,203.0,1.0,1.0,0.0,0.0,0.01,0.07,0.0,255.0,2.0,0.01,0.08,0.0,0.0,1.0,1.0,0.0,1.0,113255.0
0.0,1.0,46.0,5.0,0.0,0.0,0.0,0.0,0.0,0.0,0.0,0.0,0.0,8.0,1.0,1.0,0.0,0.0,0.62,0.25,0.0,255.0,10.0,0.04,0.08,0.0,0.0,1.0,1.0,0.0,1.0,111659.0
0.0,1.0,46.0,1.0,0.0,0.0,0.0,0.0,0.0,0.0,0.0,0.0,0.0,262.0,0.0,0.0,1.0,1.0,0.04,0.07,0.0,255.0,11.0,0.04,0.07,0.0,0.0,0.0,0.0,1.0,1.0,51042.0
0.0,1.0,46.0,5.0,0.0,0.0,0.0,0.0,0.0,0.0,0.0,0.0,0.0,56.0,1.0,1.0,0.0,0.0,0.02,0.11,0.0,255.0,17.0,0.07,0.08,0.0,0.0,1.0,1.0,0.0,1.0,67309.0
0.0,1.0,22.0,5.0,0.0,0.0,0.0,0.0,0.0,0.0,0.0,0.0,0.0,295.0,1.0,1.0,0.0,0.0,0.08,0.04,0.0,255.0,25.0,0.1,0.05,0.0,0.0,1.0,1.0,0.0,1.0,63475.0
0.0,1.0,15.0,5.0,0.0,0.0,0.0,0.0,0.0,0.0,0.0,0.0,0.0,139.0,1.0,1.0,0.0,0.0,0.04,0.06,0.0,255.0,6.0,0.02,0.06,0.0,0.0,1.0,1.0,0.0,1.0,53541.0
0.0,1.0,46.0,5.0,0.0,0.0,0.0,0.0,0.0,0.0,0.0,0.0,0.0,270.0,1.0,1.0,0.0,0.0,0.09,0.05,0.0,211.0,25.0,0.12,0.07,0.0,0.0,0.93,1.0,0.0,1.0,124202.0
0.0,1.0,37.0,5.0,0.0,0.0,0.0,0.0,0.0,0.0,0.0,0.0,0.0,287.0,1.0,1.0,0.0,0.0,0.07,0.05,0.0,255.0,21.0,0.08,0.05,0.0,0.0,1.0,1.0,0.0,1.0,5088.0
0.0,1.0,56.0,5.0,0.0,0.0,0.0,0.0,0.0,0.0,0.0,0.0,0.0,267.0,1.0,1.0,0.0,0.0,0.01,0.06,0.0,255.0,4.0,0.02,0.08,0.0,0.0,1.0,1.0,0.0,1.0,112511.0
0.0,1.0,57.0,5.0,0.0,0.0,0.0,0.0,0.0,0.0,0.0,0.0,0.0,30.0,1.0,1.0,0.0,0.0,0.33,0.07,0.0,255.0,10.0,0.04,0.07,0.01,0.0,1.0,1.0,0.0,1.0,52017.0
0.0,1.0,46.0,5.0,0.0,0.0,0.0,0.0,0.0,0.0,0.0,0.0,0.0,95.0,1.0,1.0,0.0,0.0,0.02,0.06,0.0,255.0,19.0,0.07,0.06,0.0,0.0,1.0,1.0,0.0,1.0,61431.0
0.0,1.0,22.0,5.0,0.0,0.0,0.0,0.0,0.0,0.0,0.0,0.0,0.0,295.0,1.0,1.0,0.0,0.0,0.05,0.06,0.0,255.0,2.0,0.01,0.08,0.0,0.0,1.0,1.0,0.0,1.0,111792.0
0.0,1.0,46.0,5.0,0.0,0.0,0.0,0.0,0.0,0.0,0.0,0.0,0.0,27.0,1.0,1.0,0.0,0.0,0.11,0.19,0.0,255.0,15.0,0.06,0.08,0.0,0.0,1.0,1.0,0.0,1.0,87052.0
0.0,1.0,26.0,5.0,0.0,0.0,0.0,0.0,0.0,0.0,0.0,0.0,0.0,288.0,1.0,1.0,0.0,0.0,0.01,0.06,0.0,255.0,5.0,0.02,0.07,0.0,0.0,1.0,1.0,0.0,1.0,117195.0
0.0,1.0,46.0,5.0,0.0,0.0,0.0,0.0,0.0,0.0,0.0,0.0,0.0,210.0,1.0,1.0,0.0,0.0,0.01,0.06,0.0,255.0,3.0,0.01,0.07,0.0,0.0,1.0,1.0,0.0,1.0,56289.0
0.0,1.0,27.0,5.0,0.0,0.0,0.0,0.0,0.0,0.0,0.0,0.0,0.0,144.0,1.0,1.0,0.0,0.0,0.11,0.06,0.0,255.0,9.0,0.04,0.07,0.0,0.0,1.0,1.0,0.0,1.0,87346.0
0.0,1.0,46.0,5.0,0.0,0.0,0.0,0.0,0.0,0.0,0.0,0.0,0.0,280.0,1.0,1.0,0.0,0.0,0.06,0.06,0.0,255.0,1.0,0.0,0.06,0.0,0.0,1.0,1.0,0.0,1.0,114201.0
0.0,0.0,13.0,9.0,8.0,0.0,0.0,0.0,0.0,0.0,0.0,0.0,0.0,1.0,0.0,0.0,0.0,0.0,1.0,0.0,1.0,1.0,14.0,1.0,0.0,1.0,0.57,0.0,0.0,0.0,1.0,109579.0
0.0,1.0,8.0,5.0,0.0,0.0,0.0,0.0,0.0,0.0,0.0,0.0,0.0,8.0,1.0,1.0,0.0,0.0,0.25,0.75,0.0,255.0,6.0,0.02,0.1,0.0,0.0,1.0,1.0,0.0,1.0,45355.0
0.0,1.0,46.0,5.0,0.0,0.0,0.0,0.0,0.0,0.0,0.0,0.0,0.0,131.0,1.0,1.0,0.0,0.0,0.03,0.06,0.0,255.0,16.0,0.06,0.08,0.0,0.0,1.0,1.0,0.0,1.0,32970.0
0.0,0.0,14.0,9.0,1032.0,0.0,0.0,0.0,0.0,0.0,0.0,0.0,0.0,511.0,0.0,0.0,0.0,0.0,1.0,0.0,0.0,221.0,127.0,0.57,0.03,0.57,0.0,0.01,0.0,0.0,1.0,94505.0
0.0,0.0,13.0,9.0,8.0,0.0,0.0,0.0,0.0,0.0,0.0,0.0,0.0,1.0,0.0,0.0,0.0,0.0,1.0,0.0,1.0,2.0,10.0,1.0,0.0,1.0,0.5,0.0,0.0,0.0,1.0,81915.0
0.0,1.0,10.0,1.0,0.0,0.0,0.0,0.0,0.0,0.0,0.0,0.0,0.0,130.0,0.0,0.0,1.0,1.0,0.02,0.07,0.0,255.0,2.0,0.01,0.07,0.0,0.0,0.0,0.0,1.0,1.0,51445.0
0.0,1.0,8.0,2.0,0.0,0.0,0.0,0.0,0.0,0.0,0.0,0.0,0.0,279.0,0.0,0.0,1.0,1.0,0.07,0.06,0.0,255.0,20.0,0.08,0.06,0.0,0.0,0.0,0.0,1.0,1.0,116648.0
0.0,1.0,2.0,5.0,0.0,0.0,0.0,0.0,0.0,0.0,0.0,0.0,0.0,232.0,1.0,1.0,0.0,0.0,0.01,0.07,0.0,255.0,3.0,0.01,0.08,0.0,0.0,1.0,1.0,0.0,1.0,41092.0
0.0,2.0,11.0,9.0,46.0,128.0,0.0,0.0,0.0,0.0,0.0,0.0,0.0,156.0,0.0,0.0,0.0,0.0,1.0,0.0,0.0,255.0,254.0,1.0,0.01,0.0,0.0,0.0,0.0,0.0,0.0,110483.0
0.0,1.0,8.0,5.0,0.0,0.0,0.0,0.0,0.0,0.0,0.0,0.0,0.0,230.0,1.0,1.0,0.0,0.0,0.09,0.06,0.0,255.0,20.0,0.08,0.08,0.0,0.0,1.0,1.0,0.0,1.0,19762.0
0.0,1.0,62.0,2.0,0.0,0.0,0.0,0.0,0.0,0.0,0.0,0.0,0.0,107.0,0.0,0.0,1.0,1.0,0.01,0.07,0.0,255.0,1.0,0.0,0.06,0.0,0.0,0.0,0.0,1.0,1.0,88924.0
27261.0,1.0,46.0,4.0,1.0,0.0,0.0,0.0,0.0,0.0,0.0,0.0,0.0,2.0,0.0,0.0,1.0,1.0,1.0,0.0,0.0,255.0,2.0,0.01,0.74,1.0,0.0,0.0,0.0,1.0,1.0,49892.0
0.0,0.0,13.0,9.0,8.0,0.0,0.0,0.0,0.0,0.0,0.0,0.0,0.0,1.0,0.0,0.0,0.0,0.0,1.0,0.0,1.0,1.0,81.0,1.0,0.0,1.0,0.51,0.0,0.0,0.0,1.0,95610.0
5712.0,2.0,41.0,9.0,146.0,105.0,0.0,0.0,0.0,0.0,0.0,0.0,0.0,1.0,0.0,0.0,0.0,0.0,1.0,0.0,0.0,255.0,2.0,0.01,0.65,0.95,0.0,0.0,0.0,0.0,0.0,118693.0
0.0,2.0,11.0,9.0,44.0,44.0,0.0,0.0,0.0,0.0,0.0,0.0,0.0,132.0,0.0,0.0,0.0,0.0,1.0,0.0,0.02,255.0,254.0,1.0,0.01,0.01,0.0,0.0,0.0,0.0,0.0,12150.0
0.0,1.0,17.0,5.0,0.0,0.0,0.0,0.0,0.0,0.0,0.0,0.0,0.0,140.0,1.0,1.0,0.0,0.0,0.13,0.05,0.0,255.0,7.0,0.03,0.06,0.0,0.0,1.0,1.0,0.0,1.0,2164.0
0.0,1.0,46.0,1.0,0.0,0.0,0.0,0.0,0.0,0.0,0.0,0.0,0.0,471.0,0.06,0.0,0.93,1.0,0.0,1.0,0.0,255.0,1.0,0.0,1.0,0.0,0.0,0.1,0.0,1.0,1.0,21162.0
0.0,1.0,52.0,5.0,0.0,0.0,0.0,0.0,0.0,0.0,0.0,0.0,0.0,117.0,1.0,1.0,0.0,0.0,0.09,0.07,0.0,255.0,11.0,0.04,0.09,0.0,0.0,1.0,1.0,0.0,1.0,21684.0
0.0,0.0,13.0,9.0,8.0,0.0,0.0,0.0,0.0,0.0,0.0,0.0,0.0,1.0,0.0,0.0,0.0,0.0,1.0,0.0,1.0,1.0,25.0,1.0,0.0,1.0,0.52,0.0,0.0,0.0,1.0,30457.0
0.0,1.0,10.0,1.0,0.0,0.0,0.0,0.0,0.0,0.0,0.0,0.0,0.0,145.0,0.0,0.0,1.0,1.0,0.12,0.06,0.0,255.0,17.0,0.07,0.08,0.0,0.0,0.0,0.0,1.0,1.0,118501.0
0.0,1.0,21.0,5.0,0.0,0.0,0.0,0.0,0.0,0.0,0.0,0.0,0.0,249.0,1.0,1.0,0.0,0.0,0.05,0.05,0.0,255.0,12.0,0.05,0.05,0.0,0.0,1.0,1.0,0.0,1.0,54489.0
0.0,1.0,46.0,5.0,0.0,0.0,0.0,0.0,0.0,0.0,0.0,0.0,0.0,95.0,1.0,1.0,0.0,0.0,0.2,0.05,0.0,255.0,19.0,0.07,0.07,0.0,0.0,1.0,1.0,0.0,1.0,26117.0
0.0,1.0,5.0,5.0,0.0,0.0,0.0,0.0,0.0,0.0,0.0,0.0,0.0,123.0,1.0,1.0,0.0,0.0,0.02,0.07,0.0,255.0,4.0,0.02,0.07,0.0,0.0,1.0,1.0,0.0,1.0,31036.0
0.0,0.0,14.0,9.0,520.0,0.0,0.0,0.0,0.0,0.0,0.0,0.0,0.0,482.0,0.0,0.0,0.0,0.0,1.0,0.0,0.0,111.0,111.0,1.0,0.0,1.0,0.0,0.0,0.0,0.0,1.0,35967.0
0.0,1.0,46.0,5.0,0.0,0.0,0.0,0.0,0.0,0.0,0.0,0.0,0.0,207.0,1.0,1.0,0.0,0.0,0.01,0.07,0.0,255.0,3.0,0.01,0.09,0.0,0.0,1.0,1.0,0.0,1.0,63143.0
0.0,1.0,46.0,5.0,0.0,0.0,0.0,0.0,0.0,0.0,0.0,0.0,0.0,237.0,1.0,1.0,0.0,0.0,0.03,0.07,0.0,255.0,20.0,0.08,0.07,0.0,0.0,1.0,1.0,0.0,1.0,712.0
0.0,1.0,2.0,5.0,0.0,0.0,0.0,0.0,0.0,0.0,0.0,0.0,0.0,7.0,1.0,1.0,0.0,0.0,0.29,0.43,0.0,255.0,2.0,0.01,0.09,0.0,0.0,1.0,1.0,0.0,1.0,81061.0
0.0,1.0,19.0,5.0,0.0,0.0,0.0,0.0,0.0,0.0,0.0,0.0,0.0,76.0,1.0,1.0,0.0,0.0,0.26,0.05,0.0,255.0,65.0,0.25,0.02,0.01,0.0,1.0,1.0,0.0,1.0,113970.0
0.0,1.0,46.0,5.0,0.0,0.0,0.0,0.0,0.0,0.0,0.0,0.0,0.0,223.0,1.0,1.0,0.0,0.0,0.06,0.06,0.0,255.0,12.0,0.05,0.08,0.0,0.0,1.0,1.0,0.0,1.0,24733.0
0.0,1.0,38.0,5.0,0.0,0.0,0.0,0.0,0.0,0.0,0.0,0.0,0.0,130.0,1.0,1.0,0.0,0.0,0.02,0.06,0.0,255.0,14.0,0.05,0.06,0.0,0.0,1.0,1.0,0.0,1.0,88269.0
0.0,1.0,46.0,5.0,0.0,0.0,0.0,0.0,0.0,0.0,0.0,0.0,0.0,290.0,1.0,1.0,0.0,0.0,0.0,0.06,0.0,255.0,1.0,0.0,0.07,0.0,0.0,1.0,1.0,0.0,1.0,78051.0
0.0,1.0,46.0,1.0,0.0,0.0,0.0,0.0,0.0,0.0,0.0,0.0,0.0,415.0,0.06,0.0,0.93,1.0,0.0,1.0,0.0,255.0,1.0,0.0,1.0,0.0,0.0,0.09,0.0,1.0,1.0,58206.0
0.0,1.0,17.0,5.0,0.0,0.0,0.0,0.0,0.0,0.0,0.0,0.0,0.0,278.0,1.0,1.0,0.0,0.0,0.02,0.06,0.0,255.0,5.0,0.02,0.07,0.0,0.0,1.0,1.0,0.0,1.0,38821.0
0.0,1.0,46.0,5.0,0.0,0.0,0.0,0.0,0.0,0.0,0.0,0.0,0.0,276.0,1.0,1.0,0.0,0.0,0.0,0.06,0.0,255.0,20.0,0.08,0.07,0.0,0.0,1.0,1.0,0.0,1.0,110689.0
0.0,1.0,46.0,5.0,0.0,0.0,0.0,0.0,0.0,0.0,0.0,0.0,0.0,122.0,1.0,1.0,0.0,0.0,0.1,0.07,0.0,255.0,10.0,0.04,0.08,0.0,0.0,1.0,1.0,0.0,1.0,50671.0
0.0,1.0,22.0,5.0,0.0,0.0,0.0,0.0,0.0,0.0,0.0,0.0,0.0,7.0,1.0,1.0,0.0,0.0,0.43,0.43,0.0,247.0,63.0,0.26,0.02,0.0,0.0,1.0,1.0,0.0,1.0,5471.0
0.0,1.0,3.0,5.0,0.0,0.0,0.0,0.0,0.0,0.0,0.0,0.0,0.0,227.0,1.0,1.0,0.0,0.0,0.08,0.04,0.0,255.0,18.0,0.07,0.05,0.0,0.0,1.0,1.0,0.0,1.0,10861.0
0.0,1.0,38.0,1.0,0.0,0.0,0.0,0.0,0.0,0.0,0.0,0.0,0.0,128.0,0.0,0.0,1.0,1.0,0.15,0.07,0.0,255.0,19.0,0.07,0.07,0.0,0.0,0.0,0.0,1.0,1.0,22629.0
0.0,1.0,46.0,1.0,0.0,0.0,0.0,0.0,0.0,0.0,0.0,0.0,0.0,124.0,0.0,0.0,1.0,1.0,0.01,0.06,0.0,25.0,1.0,0.04,0.12,0.04,0.0,0.0,0.0,1.0,1.0,57179.0
0.0,1.0,46.0,5.0,0.0,0.0,0.0,0.0,0.0,0.0,0.0,0.0,0.0,263.0,1.0,1.0,0.0,0.0,0.03,0.06,0.0,255.0,7.0,0.03,0.08,0.0,0.0,1.0,1.0,0.0,1.0,33469.0
21621.0,1.0,46.0,4.0,1.0,0.0,0.0,0.0,0.0,0.0,0.0,0.0,0.0,2.0,0.0,0.0,1.0,1.0,1.0,0.0,0.0,255.0,2.0,0.01,0.73,1.0,0.0,0.0,0.0,1.0,1.0,75645.0
0.0,1.0,5.0,5.0,0.0,0.0,0.0,0.0,0.0,0.0,0.0,0.0,0.0,114.0,1.0,1.0,0.0,0.0,0.09,0.06,0.0,255.0,10.0,0.04,0.06,0.0,0.0,1.0,1.0,0.0,1.0,21753.0
0.0,1.0,46.0,5.0,0.0,0.0,0.0,0.0,0.0,0.0,0.0,0.0,0.0,294.0,1.0,1.0,0.0,0.0,0.01,0.06,0.0,255.0,4.0,0.02,0.06,0.0,0.0,1.0,1.0,0.0,1.0,95279.0
1.0,1.0,51.0,9.0,2701.0,328.0,0.0,0.0,1.0,0.0,0.0,0.0,0.0,1.0,0.0,0.0,0.0,0.0,1.0,0.0,1.0,181.0,169.0,0.79,0.03,0.01,0.01,0.01,0.01,0.0,0.0,27666.0
0.0,2.0,46.0,9.0,1.0,0.0,0.0,0.0,0.0,0.0,0.0,0.0,0.0,5.0,0.0,0.0,0.0,0.0,1.0,0.0,0.0,255.0,5.0,0.02,0.51,0.64,0.0,0.0,0.0,0.0,1.0,93494.0
0.0,1.0,21.0,1.0,0.0,0.0,0.0,0.0,0.0,0.0,0.0,0.0,0.0,283.0,0.0,0.0,1.0,1.0,0.06,0.06,0.0,255.0,18.0,0.07,0.09,0.0,0.0,0.0,0.0,1.0,1.0,14562.0
0.0,1.0,41.0,1.0,0.0,0.0,0.0,0.0,0.0,0.0,0.0,0.0,0.0,324.0,0.1,0.0,0.9,1.0,0.0,1.0,0.0,255.0,1.0,0.0,1.0,0.0,0.0,0.09,0.0,1.0,1.0,15842.0
0.0,2.0,46.0,9.0,28.0,0.0,3.0,0.0,0.0,0.0,0.0,0.0,0.0,31.0,0.0,0.0,0.0,0.0,1.0,0.0,0.0,255.0,131.0,0.51,0.49,0.51,0.0,0.09,0.0,0.0,1.0,83920.0
0.0,1.0,64.0,5.0,0.0,0.0,0.0,0.0,0.0,0.0,0.0,0.0,0.0,248.0,1.0,1.0,0.0,0.0,0.06,0.06,0.0,255.0,7.0,0.03,0.09,0.0,0.0,1.0,1.0,0.0,1.0,101529.0
36.0,2.0,11.0,9.0,92.0,36.0,0.0,0.0,0.0,0.0,0.0,0.0,0.0,5.0,0.0,0.0,0.0,0.0,1.0,0.0,0.33,50.0,26.0,0.52,0.06,0.52,0.0,0.0,0.0,0.0,0.0,17245.0
0.0,1.0,46.0,5.0,0.0,0.0,0.0,0.0,0.0,0.0,0.0,0.0,0.0,210.0,1.0,1.0,0.0,0.0,0.06,0.07,0.0,255.0,20.0,0.08,0.06,0.0,0.0,1.0,1.0,0.0,1.0,49712.0
0.0,1.0,4.0,5.0,0.0,0.0,0.0,0.0,0.0,0.0,0.0,0.0,0.0,259.0,1.0,1.0,0.0,0.0,0.01,0.05,0.0,255.0,2.0,0.01,0.05,0.0,0.0,1.0,1.0,0.0,1.0,117954.0
0.0,1.0,46.0,5.0,0.0,0.0,0.0,0.0,0.0,0.0,0.0,0.0,0.0,218.0,1.0,1.0,0.0,0.0,0.09,0.07,0.0,255.0,20.0,0.08,0.07,0.0,0.0,1.0,1.0,0.0,1.0,98895.0
0.0,1.0,46.0,5.0,0.0,0.0,0.0,0.0,0.0,0.0,0.0,0.0,0.0,143.0,1.0,1.0,0.0,0.0,0.02,0.06,0.0,255.0,2.0,0.01,0.07,0.0,0.0,1.0,1.0,0.0,1.0,90032.0
0.0,1.0,33.0,5.0,0.0,0.0,0.0,0.0,0.0,0.0,0.0,0.0,0.0,124.0,1.0,1.0,0.0,0.0,0.03,0.06,0.0,255.0,15.0,0.06,0.06,0.0,0.0,1.0,1.0,0.0,1.0,6409.0
26291.0,1.0,46.0,4.0,1.0,0.0,0.0,0.0,0.0,0.0,0.0,0.0,0.0,2.0,0.0,0.0,1.0,1.0,1.0,0.0,0.0,255.0,2.0,0.01,0.74,1.0,0.0,0.0,0.0,1.0,1.0,25453.0
0.0,1.0,7.0,5.0,0.0,0.0,0.0,0.0,0.0,0.0,0.0,0.0,0.0,268.0,1.0,1.0,0.0,0.0,0.04,0.07,0.0,255.0,10.0,0.04,0.09,0.0,0.0,1.0,1.0,0.0,1.0,87144.0
0.0,1.0,21.0,5.0,0.0,0.0,0.0,0.0,0.0,0.0,0.0,0.0,0.0,267.0,1.0,1.0,0.0,0.0,0.0,0.05,0.0,255.0,1.0,0.0,0.05,0.0,0.0,1.0,1.0,0.0,1.0,22877.0
0.0,1.0,26.0,5.0,0.0,0.0,0.0,0.0,0.0,0.0,0.0,0.0,0.0,246.0,1.0,1.0,0.0,0.0,0.02,0.07,0.0,255.0,4.0,0.02,0.07,0.0,0.0,1.0,1.0,0.0,1.0,103434.0
0.0,1.0,26.0,5.0,0.0,0.0,0.0,0.0,0.0,0.0,0.0,0.0,0.0,260.0,1.0,1.0,0.0,0.0,0.04,0.06,0.0,255.0,11.0,0.04,0.07,0.0,0.0,1.0,1.0,0.0,1.0,111040.0
0.0,1.0,46.0,5.0,0.0,0.0,0.0,0.0,0.0,0.0,0.0,0.0,0.0,252.0,1.0,1.0,0.0,0.0,0.07,0.06,0.0,255.0,14.0,0.05,0.08,0.0,0.0,1.0,1.0,0.0,1.0,108904.0
0.0,0.0,13.0,9.0,8.0,0.0,0.0,0.0,0.0,0.0,0.0,0.0,0.0,1.0,0.0,0.0,0.0,0.0,1.0,0.0,1.0,3.0,127.0,1.0,0.0,1.0,0.25,0.0,0.0,0.0,1.0,119131.0
0.0,1.0,46.0,5.0,0.0,0.0,0.0,0.0,0.0,0.0,0.0,0.0,0.0,132.0,1.0,1.0,0.0,0.0,0.14,0.05,0.0,255.0,7.0,0.03,0.07,0.0,0.0,1.0,1.0,0.0,1.0,121750.0
0.0,1.0,16.0,5.0,0.0,0.0,0.0,0.0,0.0,0.0,0.0,0.0,0.0,128.0,1.0,1.0,0.0,0.0,0.15,0.05,0.0,255.0,19.0,0.07,0.06,0.0,0.0,1.0,1.0,0.0,1.0,26569.0
0.0,1.0,46.0,5.0,0.0,0.0,0.0,0.0,0.0,0.0,0.0,0.0,0.0,133.0,1.0,1.0,0.0,0.0,0.15,0.05,0.0,255.0,17.0,0.07,0.07,0.0,0.0,1.0,1.0,0.0,1.0,124236.0
0.0,1.0,54.0,5.0,0.0,0.0,0.0,0.0,0.0,0.0,0.0,0.0,0.0,267.0,1.0,1.0,0.0,0.0,0.09,0.05,0.0,255.0,25.0,0.1,0.05,0.0,0.0,1.0,1.0,0.0,1.0,5099.0
0.0,1.0,57.0,5.0,0.0,0.0,0.0,0.0,0.0,0.0,0.0,0.0,0.0,244.0,1.0,1.0,0.0,0.0,0.08,0.06,0.0,255.0,20.0,0.08,0.07,0.0,0.0,1.0,1.0,0.0,1.0,13078.0
0.0,1.0,46.0,1.0,0.0,0.0,0.0,0.0,0.0,0.0,0.0,0.0,0.0,113.0,0.0,0.0,1.0,1.0,0.13,0.06,0.0,255.0,15.0,0.06,0.07,0.0,0.0,0.0,0.0,1.0,1.0,103507.0
0.0,1.0,53.0,5.0,0.0,0.0,0.0,0.0,0.0,0.0,0.0,0.0,0.0,220.0,1.0,1.0,0.0,0.0,0.08,0.06,0.0,255.0,18.0,0.07,0.07,0.0,0.0,1.0,1.0,0.0,1.0,7308.0
0.0,1.0,46.0,5.0,0.0,0.0,0.0,0.0,0.0,0.0,0.0,0.0,0.0,216.0,1.0,1.0,0.0,0.0,0.08,0.07,0.0,255.0,20.0,0.08,0.07,0.0,0.0,1.0,1.0,0.0,1.0,12161.0
0.0,1.0,51.0,6.0,0.0,0.0,0.0,0.0,0.0,0.0,0.0,0.0,0.0,1.0,1.0,0.33,0.0,0.0,1.0,0.0,1.0,42.0,154.0,0.24,0.07,0.02,0.02,0.12,0.02,0.0,0.0,77443.0
0.0,1.0,46.0,5.0,0.0,0.0,0.0,0.0,0.0,0.0,0.0,0.0,0.0,170.0,1.0,1.0,0.0,0.0,0.11,0.06,0.0,255.0,2.0,0.01,0.07,0.0,0.0,1.0,1.0,0.0,1.0,93159.0
0.0,1.0,27.0,5.0,0.0,0.0,0.0,0.0,0.0,0.0,0.0,0.0,0.0,145.0,1.0,1.0,0.0,0.0,0.06,0.06,0.0,255.0,9.0,0.04,0.07,0.0,0.0,1.0,1.0,0.0,1.0,123167.0
0.0,1.0,63.0,5.0,0.0,0.0,0.0,0.0,0.0,0.0,0.0,0.0,0.0,251.0,1.0,1.0,0.0,0.0,0.02,0.06,0.0,255.0,16.0,0.06,0.07,0.0,0.0,1.0,1.0,0.0,1.0,33575.0
0.0,0.0,14.0,9.0,1032.0,0.0,0.0,0.0,0.0,0.0,0.0,0.0,0.0,511.0,0.0,0.0,0.0,0.0,1.0,0.0,0.0,255.0,43.0,0.17,0.05,0.17,0.0,0.05,0.0,0.0,1.0,112088.0
0.0,1.0,31.0,5.0,0.0,0.0,0.0,0.0,0.0,0.0,0.0,0.0,0.0,109.0,1.0,1.0,0.0,0.0,0.04,0.06,0.0,255.0,13.0,0.05,0.06,0.0,0.0,1.0,1.0,0.0,1.0,78628.0
0.0,0.0,14.0,9.0,520.0,0.0,0.0,0.0,0.0,0.0,0.0,0.0,0.0,136.0,0.0,0.0,0.0,0.0,1.0,0.0,0.0,255.0,255.0,1.0,0.0,1.0,0.0,0.0,0.0,0.0,1.0,76437.0
0.0,0.0,14.0,9.0,1032.0,0.0,0.0,0.0,0.0,0.0,0.0,0.0,0.0,511.0,0.0,0.0,0.0,0.0,1.0,0.0,0.0,255.0,73.0,0.29,0.2,0.29,0.0,0.0,0.0,0.0,1.0,24198.0
37770.0,1.0,46.0,4.0,1.0,0.0,0.0,0.0,0.0,0.0,0.0,0.0,0.0,2.0,0.0,0.0,1.0,1.0,1.0,0.0,0.0,255.0,2.0,0.01,0.5,1.0,0.0,0.0,0.0,1.0,1.0,44071.0
0.0,1.0,21.0,5.0,0.0,0.0,0.0,0.0,0.0,0.0,0.0,0.0,0.0,266.0,1.0,1.0,0.0,0.0,0.01,0.06,0.0,255.0,2.0,0.01,0.07,0.0,0.0,1.0,1.0,0.0,1.0,31003.0
0.0,1.0,46.0,5.0,0.0,0.0,0.0,0.0,0.0,0.0,0.0,0.0,0.0,239.0,1.0,1.0,0.0,0.0,0.03,0.06,0.0,255.0,13.0,0.05,0.08,0.0,0.0,1.0,1.0,0.0,1.0,77153.0
0.0,1.0,46.0,1.0,0.0,0.0,0.0,0.0,0.0,0.0,0.0,0.0,0.0,124.0,0.0,0.0,1.0,1.0,0.04,0.08,0.0,255.0,5.0,0.02,0.09,0.0,0.0,0.0,0.0,1.0,1.0,110609.0
0.0,1.0,46.0,5.0,0.0,0.0,0.0,0.0,0.0,0.0,0.0,0.0,0.0,179.0,1.0,1.0,0.0,0.0,0.05,0.06,0.0,255.0,19.0,0.07,0.06,0.0,0.0,1.0,1.0,0.0,1.0,9056.0
0.0,1.0,46.0,5.0,0.0,0.0,0.0,0.0,0.0,0.0,0.0,0.0,0.0,198.0,1.0,1.0,0.0,0.0,0.05,0.07,0.0,255.0,10.0,0.04,0.07,0.0,0.0,1.0,1.0,0.0,1.0,96496.0
0.0,1.0,8.0,5.0,0.0,0.0,0.0,0.0,0.0,0.0,0.0,0.0,0.0,193.0,1.0,1.0,0.0,0.0,0.04,0.06,0.0,255.0,7.0,0.03,0.07,0.0,0.0,1.0,1.0,0.0,1.0,57724.0
0.0,1.0,16.0,5.0,0.0,0.0,0.0,0.0,0.0,0.0,0.0,0.0,0.0,85.0,1.0,1.0,0.0,0.0,0.05,0.07,0.0,255.0,4.0,0.02,0.06,0.0,0.0,1.0,1.0,0.0,1.0,110314.0
0.0,1.0,65.0,1.0,0.0,0.0,0.0,0.0,0.0,0.0,0.0,0.0,0.0,242.0,0.0,0.0,1.0,1.0,0.08,0.06,0.0,255.0,19.0,0.07,0.06,0.0,0.0,0.0,0.0,1.0,1.0,52205.0
0.0,1.0,34.0,5.0,0.0,0.0,0.0,0.0,0.0,0.0,0.0,0.0,0.0,266.0,1.0,1.0,0.0,0.0,0.05,0.06,0.0,255.0,19.0,0.07,0.07,0.0,0.0,1.0,1.0,0.0,1.0,77606.0
0.0,1.0,29.0,5.0,0.0,0.0,0.0,0.0,0.0,0.0,0.0,0.0,0.0,89.0,1.0,1.0,0.0,0.0,0.02,0.07,0.0,255.0,4.0,0.02,0.07,0.0,0.0,1.0,1.0,0.0,1.0,12938.0
0.0,1.0,65.0,5.0,0.0,0.0,0.0,0.0,0.0,0.0,0.0,0.0,0.0,138.0,1.0,1.0,0.0,0.0,0.13,0.05,0.0,255.0,18.0,0.07,0.05,0.0,0.0,1.0,1.0,0.0,1.0,47085.0
0.0,1.0,2.0,5.0,0.0,0.0,0.0,0.0,0.0,0.0,0.0,0.0,0.0,138.0,1.0,1.0,0.0,0.0,0.04,0.05,0.0,255.0,5.0,0.02,0.05,0.0,0.0,1.0,1.0,0.0,1.0,106821.0
0.0,0.0,13.0,9.0,18.0,0.0,0.0,0.0,0.0,0.0,0.0,0.0,0.0,1.0,0.0,0.0,0.0,0.0,1.0,0.0,0.0,1.0,170.0,1.0,0.0,1.0,1.0,0.0,0.0,0.0,1.0,33700.0
0.0,1.0,46.0,4.0,0.0,0.0,0.0,0.0,0.0,0.0,0.0,0.0,0.0,1.0,0.0,0.0,1.0,1.0,1.0,0.0,0.0,154.0,1.0,0.01,0.37,0.36,0.0,0.0,0.0,1.0,1.0,91537.0
0.0,1.0,50.0,5.0,0.0,0.0,0.0,0.0,0.0,0.0,0.0,0.0,0.0,123.0,1.0,1.0,0.0,0.0,0.16,0.07,0.0,255.0,20.0,0.08,0.07,0.0,0.0,1.0,1.0,0.0,1.0,61828.0
0.0,0.0,14.0,9.0,1032.0,0.0,0.0,0.0,0.0,0.0,0.0,0.0,0.0,233.0,0.0,0.0,0.0,0.0,1.0,0.0,0.0,209.0,115.0,0.55,0.03,0.55,0.0,0.01,0.0,0.0,1.0,62162.0
0.0,0.0,13.0,9.0,8.0,0.0,0.0,0.0,0.0,0.0,0.0,0.0,0.0,1.0,0.0,0.0,0.0,0.0,1.0,0.0,1.0,2.0,80.0,1.0,0.0,1.0,0.5,0.0,0.0,0.0,1.0,100473.0
0.0,1.0,64.0,5.0,0.0,0.0,0.0,0.0,0.0,0.0,0.0,0.0,0.0,296.0,1.0,1.0,0.0,0.0,0.08,0.05,0.0,255.0,24.0,0.09,0.05,0.0,0.0,1.0,1.0,0.0,1.0,39233.0
0.0,0.0,13.0,9.0,8.0,0.0,0.0,0.0,0.0,0.0,0.0,0.0,0.0,1.0,0.0,0.0,0.0,0.0,1.0,0.0,1.0,2.0,4.0,1.0,0.0,1.0,0.5,0.0,0.0,0.0,1.0,69672.0
0.0,1.0,22.0,5.0,0.0,0.0,0.0,0.0,0.0,0.0,0.0,0.0,0.0,19.0,0.05,0.04,0.0,0.0,1.0,0.0,0.11,54.0,255.0,1.0,0.0,0.04,0.02,0.02,0.01,0.0,0.0,97113.0
0.0,1.0,64.0,5.0,0.0,0.0,0.0,0.0,0.0,0.0,0.0,0.0,0.0,77.0,1.0,1.0,0.0,0.0,0.12,0.08,0.0,255.0,2.0,0.01,0.06,0.0,0.0,1.0,1.0,0.0,1.0,46121.0
0.0,2.0,11.0,9.0,43.0,71.0,0.0,0.0,0.0,0.0,0.0,0.0,0.0,138.0,0.0,0.0,0.0,0.0,1.0,0.0,0.0,255.0,254.0,1.0,0.01,0.0,0.0,0.0,0.0,0.0,0.0,19298.0
0.0,1.0,46.0,5.0,0.0,0.0,0.0,0.0,0.0,0.0,0.0,0.0,0.0,132.0,1.0,1.0,0.0,0.0,0.13,0.05,0.0,255.0,1.0,0.0,0.07,0.0,0.0,1.0,1.0,0.0,1.0,122059.0
0.0,1.0,51.0,5.0,0.0,0.0,0.0,0.0,0.0,0.0,0.0,0.0,0.0,15.0,1.0,1.0,0.0,0.0,1.0,0.0,0.0,197.0,144.0,0.48,0.01,0.01,0.01,0.99,0.66,0.0,1.0,45404.0
0.0,2.0,11.0,9.0,44.0,44.0,0.0,0.0,0.0,0.0,0.0,0.0,0.0,129.0,0.0,0.0,0.0,0.0,1.0,0.0,0.02,255.0,228.0,0.89,0.01,0.01,0.0,0.0,0.0,0.0,0.0,24308.0
0.0,1.0,16.0,5.0,0.0,0.0,0.0,0.0,0.0,0.0,0.0,0.0,0.0,101.0,1.0,1.0,0.0,0.0,0.18,0.07,0.0,255.0,18.0,0.07,0.06,0.0,0.0,1.0,1.0,0.0,1.0,39944.0
0.0,1.0,3.0,5.0,0.0,0.0,0.0,0.0,0.0,0.0,0.0,0.0,0.0,239.0,1.0,1.0,0.0,0.0,0.01,0.07,0.0,255.0,3.0,0.01,0.07,0.0,0.0,1.0,1.0,0.0,1.0,48002.0
0.0,1.0,17.0,5.0,0.0,0.0,0.0,0.0,0.0,0.0,0.0,0.0,0.0,3.0,1.0,1.0,0.0,0.0,0.67,0.67,0.0,243.0,63.0,0.26,0.02,0.0,0.03,1.0,0.98,0.0,1.0,79095.0
0.0,1.0,10.0,5.0,0.0,0.0,0.0,0.0,0.0,0.0,0.0,0.0,0.0,290.0,1.0,1.0,0.0,0.0,0.03,0.06,0.0,255.0,8.0,0.03,0.07,0.0,0.0,1.0,1.0,0.0,1.0,1855.0
0.0,1.0,33.0,1.0,0.0,0.0,0.0,0.0,0.0,0.0,0.0,0.0,0.0,52.0,0.0,0.0,1.0,1.0,0.02,0.56,0.0,255.0,1.0,0.0,0.12,0.2,0.0,0.0,0.0,1.0,1.0,91685.0
0.0,1.0,57.0,5.0,0.0,0.0,0.0,0.0,0.0,0.0,0.0,0.0,0.0,295.0,1.0,1.0,0.0,0.0,0.03,0.05,0.0,255.0,3.0,0.01,0.08,0.0,0.0,1.0,1.0,0.0,1.0,84636.0
0.0,1.0,46.0,5.0,0.0,0.0,0.0,0.0,0.0,0.0,0.0,0.0,0.0,147.0,1.0,1.0,0.0,0.0,0.04,0.06,0.0,166.0,5.0,0.03,0.1,0.01,0.0,1.0,1.0,0.0,1.0,124070.0
0.0,1.0,46.0,1.0,0.0,0.0,0.0,0.0,0.0,0.0,0.0,0.0,0.0,118.0,0.0,0.0,1.0,1.0,0.03,0.07,0.0,255.0,23.0,0.09,0.05,0.0,0.0,0.0,0.0,1.0,1.0,94962.0
0.0,2.0,46.0,9.0,28.0,0.0,3.0,0.0,0.0,0.0,0.0,0.0,0.0,23.0,0.0,0.0,0.0,0.0,1.0,0.0,0.0,226.0,23.0,0.1,0.05,0.1,0.0,0.02,0.0,0.0,1.0,15572.0
0.0,2.0,46.0,9.0,28.0,0.0,3.0,0.0,0.0,0.0,0.0,0.0,0.0,94.0,0.0,0.0,0.0,0.0,1.0,0.0,0.0,255.0,94.0,0.37,0.02,0.37,0.0,0.0,0.0,0.0,1.0,92330.0
0.0,1.0,46.0,4.0,0.0,0.0,0.0,0.0,0.0,0.0,0.0,0.0,0.0,1.0,0.0,0.0,1.0,1.0,1.0,0.0,0.0,183.0,1.0,0.01,0.46,0.46,0.0,0.0,0.0,1.0,1.0,40268.0
0.0,1.0,46.0,5.0,0.0,0.0,0.0,0.0,0.0,0.0,0.0,0.0,0.0,256.0,1.0,1.0,0.0,0.0,0.08,0.06,0.0,255.0,14.0,0.05,0.06,0.0,0.0,1.0,1.0,0.0,1.0,63166.0
0.0,1.0,64.0,1.0,0.0,0.0,0.0,0.0,0.0,0.0,0.0,0.0,0.0,172.0,0.0,0.0,1.0,1.0,0.08,0.06,0.0,255.0,14.0,0.05,0.07,0.0,0.0,0.0,0.0,1.0,1.0,12437.0
0.0,1.0,57.0,2.0,0.0,0.0,0.0,0.0,0.0,0.0,0.0,0.0,0.0,231.0,0.0,0.0,1.0,1.0,0.01,0.07,0.0,255.0,2.0,0.01,0.07,0.0,0.0,0.0,0.0,1.0,1.0,111516.0
0.0,1.0,17.0,5.0,0.0,0.0,0.0,0.0,0.0,0.0,0.0,0.0,0.0,31.0,1.0,1.0,0.0,0.0,0.52,0.06,0.0,255.0,73.0,0.29,0.02,0.01,0.0,1.0,1.0,0.0,1.0,54257.0
0.0,1.0,12.0,5.0,0.0,0.0,0.0,0.0,0.0,0.0,0.0,0.0,0.0,175.0,1.0,1.0,0.0,0.0,0.02,0.06,0.0,255.0,4.0,0.02,0.07,0.0,0.0,1.0,1.0,0.0,1.0,91103.0
0.0,1.0,27.0,5.0,0.0,0.0,0.0,0.0,0.0,0.0,0.0,0.0,0.0,101.0,1.0,1.0,0.0,0.0,0.15,0.06,0.0,255.0,12.0,0.05,0.06,0.0,0.0,1.0,1.0,0.0,1.0,122604.0
0.0,2.0,46.0,9.0,1.0,0.0,0.0,0.0,0.0,0.0,0.0,0.0,0.0,22.0,0.0,0.0,0.0,0.0,0.86,0.09,0.0,255.0,32.0,0.13,0.68,0.36,0.0,0.05,0.0,0.0,1.0,59714.0
0.0,1.0,22.0,1.0,0.0,0.0,0.0,0.0,0.0,0.0,0.0,0.0,0.0,229.0,0.0,0.0,1.0,1.0,0.05,0.07,0.0,255.0,12.0,0.05,0.08,0.0,0.0,0.0,0.0,1.0,1.0,72272.0
0.0,0.0,13.0,9.0,8.0,0.0,0.0,0.0,0.0,0.0,0.0,0.0,0.0,1.0,0.0,0.0,0.0,0.0,1.0,0.0,1.0,1.0,81.0,1.0,0.0,1.0,0.51,0.0,0.0,0.0,1.0,68769.0
0.0,1.0,46.0,5.0,0.0,0.0,0.0,0.0,0.0,0.0,0.0,0.0,0.0,147.0,1.0,1.0,0.0,0.0,0.07,0.07,0.0,255.0,11.0,0.04,0.05,0.0,0.0,1.0,1.0,0.0,1.0,45655.0
0.0,1.0,17.0,2.0,0.0,0.0,0.0,0.0,0.0,0.0,0.0,0.0,0.0,272.0,0.0,0.0,1.0,1.0,0.02,0.06,0.0,255.0,6.0,0.02,0.07,0.0,0.0,0.0,0.0,1.0,1.0,19693.0
0.0,1.0,30.0,1.0,0.0,0.0,0.0,0.0,0.0,0.0,0.0,0.0,0.0,239.0,0.0,0.0,1.0,1.0,0.07,0.07,0.0,255.0,17.0,0.07,0.08,0.0,0.0,0.0,0.0,1.0,1.0,121644.0
0.0,1.0,52.0,5.0,0.0,0.0,0.0,0.0,0.0,0.0,0.0,0.0,0.0,13.0,1.0,1.0,0.0,0.0,0.38,0.23,0.0,255.0,5.0,0.02,0.08,0.0,0.0,1.0,1.0,0.0,1.0,3876.0
0.0,1.0,46.0,1.0,0.0,0.0,0.0,0.0,0.0,0.0,0.0,0.0,0.0,133.0,0.0,0.0,1.0,1.0,0.05,0.07,0.0,255.0,6.0,0.02,0.06,0.0,0.0,0.0,0.0,1.0,1.0,89016.0
0.0,1.0,41.0,1.0,0.0,0.0,0.0,0.0,0.0,0.0,0.0,0.0,0.0,380.0,0.09,0.0,0.9,1.0,0.0,1.0,0.0,255.0,1.0,0.0,1.0,0.0,0.0,0.11,0.0,1.0,1.0,70561.0
0.0,0.0,13.0,9.0,8.0,0.0,0.0,0.0,0.0,0.0,0.0,0.0,0.0,1.0,0.0,0.0,0.0,0.0,1.0,0.0,1.0,2.0,38.0,1.0,0.0,1.0,0.5,0.0,0.0,0.0,1.0,12121.0
0.0,1.0,46.0,5.0,0.0,0.0,0.0,0.0,0.0,0.0,0.0,0.0,0.0,215.0,1.0,1.0,0.0,0.0,0.04,0.05,0.0,255.0,8.0,0.03,0.06,0.0,0.0,1.0,1.0,0.0,1.0,73375.0
5749.0,2.0,41.0,9.0,146.0,105.0,0.0,0.0,0.0,0.0,0.0,0.0,0.0,1.0,0.0,0.0,0.0,0.0,1.0,0.0,0.0,255.0,2.0,0.01,0.62,0.9,0.0,0.0,0.0,0.0,0.0,23434.0
0.0,1.0,28.0,5.0,0.0,0.0,0.0,0.0,0.0,0.0,0.0,0.0,0.0,109.0,1.0,1.0,0.0,0.0,0.07,0.07,0.0,255.0,8.0,0.03,0.06,0.0,0.0,1.0,1.0,0.0,1.0,76839.0
0.0,1.0,46.0,5.0,0.0,0.0,0.0,0.0,0.0,0.0,0.0,0.0,0.0,130.0,1.0,1.0,0.0,0.0,0.11,0.06,0.0,255.0,8.0,0.03,0.07,0.0,0.0,1.0,1.0,0.0,1.0,112833.0
0.0,1.0,63.0,5.0,0.0,0.0,0.0,0.0,0.0,0.0,0.0,0.0,0.0,234.0,1.0,1.0,0.0,0.0,0.06,0.07,0.0,255.0,14.0,0.05,0.08,0.0,0.0,1.0,1.0,0.0,1.0,14278.0
0.0,1.0,46.0,1.0,0.0,0.0,0.0,0.0,0.0,0.0,0.0,0.0,0.0,154.0,0.0,0.0,1.0,1.0,0.03,0.07,0.0,255.0,4.0,0.02,0.08,0.0,0.0,0.0,0.0,1.0,1.0,89983.0
0.0,1.0,55.0,5.0,0.0,0.0,0.0,0.0,0.0,0.0,0.0,0.0,0.0,106.0,1.0,1.0,0.0,0.0,0.04,0.09,0.0,255.0,4.0,0.02,0.08,0.0,0.0,1.0,1.0,0.0,1.0,77697.0
0.0,1.0,41.0,1.0,0.0,0.0,0.0,0.0,0.0,0.0,0.0,0.0,0.0,511.0,0.1,0.0,0.87,1.0,0.0,1.0,0.0,255.0,1.0,0.0,1.0,0.0,0.0,0.1,0.0,1.0,1.0,109674.0
0.0,1.0,46.0,5.0,0.0,0.0,0.0,0.0,0.0,0.0,0.0,0.0,0.0,275.0,1.0,1.0,0.0,0.0,0.07,0.06,0.0,255.0,14.0,0.05,0.07,0.0,0.0,1.0,1.0,0.0,1.0,99267.0
0.0,1.0,59.0,5.0,0.0,0.0,0.0,0.0,0.0,0.0,0.0,0.0,0.0,299.0,1.0,1.0,0.0,0.0,0.07,0.06,0.0,255.0,20.0,0.08,0.06,0.0,0.0,1.0,1.0,0.0,1.0,33741.0
0.0,2.0,11.0,9.0,45.0,45.0,0.0,0.0,0.0,0.0,0.0,0.0,0.0,171.0,0.0,0.0,0.0,0.0,1.0,0.0,0.0,255.0,255.0,1.0,0.0,0.01,0.0,0.0,0.0,0.0,0.0,29721.0
0.0,1.0,31.0,5.0,0.0,0.0,0.0,0.0,0.0,0.0,0.0,0.0,0.0,125.0,1.0,1.0,0.0,0.0,0.02,0.07,0.0,255.0,2.0,0.01,0.06,0.0,0.0,1.0,1.0,0.0,1.0,104048.0
0.0,1.0,46.0,5.0,0.0,0.0,0.0,0.0,0.0,0.0,0.0,0.0,0.0,217.0,1.0,1.0,0.0,0.0,0.06,0.06,0.0,255.0,14.0,0.05,0.07,0.0,0.0,1.0,1.0,0.0,1.0,54464.0
0.0,1.0,4.0,1.0,0.0,0.0,0.0,0.0,0.0,0.0,0.0,0.0,0.0,236.0,0.0,0.0,1.0,1.0,0.07,0.07,0.0,255.0,16.0,0.06,0.07,0.0,0.0,0.0,0.0,1.0,1.0,108918.0
0.0,1.0,46.0,5.0,0.0,0.0,0.0,0.0,0.0,0.0,0.0,0.0,0.0,179.0,1.0,1.0,0.0,0.0,0.03,0.06,0.0,255.0,5.0,0.02,0.07,0.0,0.0,1.0,1.0,0.0,1.0,83553.0
0.0,1.0,31.0,5.0,0.0,0.0,0.0,0.0,0.0,0.0,0.0,0.0,0.0,5.0,1.0,1.0,0.0,0.0,1.0,0.0,0.0,255.0,5.0,0.02,0.07,0.0,0.0,1.0,1.0,0.0,1.0,24622.0
0.0,1.0,9.0,5.0,0.0,0.0,0.0,0.0,0.0,0.0,0.0,0.0,0.0,270.0,1.0,1.0,0.0,0.0,0.06,0.06,0.0,255.0,12.0,0.05,0.05,0.0,0.0,1.0,1.0,0.0,1.0,23753.0
0.0,1.0,34.0,1.0,0.0,0.0,0.0,0.0,0.0,0.0,0.0,0.0,0.0,136.0,0.0,0.0,1.0,1.0,0.13,0.06,0.0,255.0,17.0,0.07,0.07,0.0,0.0,0.0,0.0,1.0,1.0,102893.0
0.0,1.0,41.0,1.0,0.0,0.0,0.0,0.0,0.0,0.0,0.0,0.0,0.0,509.0,0.21,0.0,0.78,1.0,0.0,1.0,0.0,255.0,1.0,0.0,1.0,0.0,0.0,0.22,0.0,1.0,1.0,27828.0
1.0,1.0,46.0,3.0,0.0,0.0,0.0,0.0,0.0,0.0,0.0,0.0,0.0,72.0,0.79,0.67,0.21,0.33,0.04,0.38,0.0,255.0,3.0,0.01,0.11,0.28,0.0,0.22,0.67,0.33,1.0,1023.0
0.0,1.0,55.0,5.0,0.0,0.0,0.0,0.0,0.0,0.0,0.0,0.0,0.0,274.0,1.0,1.0,0.0,0.0,0.02,0.06,0.0,255.0,2.0,0.01,0.06,0.0,0.0,1.0,1.0,0.0,1.0,20509.0
0.0,1.0,46.0,5.0,0.0,0.0,0.0,0.0,0.0,0.0,0.0,0.0,0.0,141.0,1.0,1.0,0.0,0.0,0.11,0.06,0.0,255.0,7.0,0.03,0.06,0.0,0.0,1.0,1.0,0.0,1.0,121446.0
0.0,1.0,29.0,1.0,0.0,0.0,0.0,0.0,0.0,0.0,0.0,0.0,0.0,149.0,0.0,0.0,1.0,1.0,0.13,0.06,0.0,255.0,19.0,0.07,0.07,0.0,0.0,0.0,0.0,1.0,1.0,17780.0
0.0,2.0,46.0,9.0,28.0,0.0,3.0,0.0,0.0,0.0,0.0,0.0,0.0,73.0,0.01,0.0,0.0,0.0,0.99,0.03,0.0,255.0,72.0,0.28,0.01,0.28,0.0,0.0,0.0,0.0,1.0,53602.0
0.0,1.0,21.0,5.0,0.0,0.0,0.0,0.0,0.0,0.0,0.0,0.0,0.0,247.0,1.0,1.0,0.0,0.0,0.05,0.06,0.0,255.0,12.0,0.05,0.06,0.0,0.0,1.0,1.0,0.0,1.0,108995.0
0.0,1.0,15.0,5.0,0.0,0.0,0.0,0.0,0.0,0.0,0.0,0.0,0.0,148.0,1.0,1.0,0.0,0.0,0.13,0.05,0.0,255.0,19.0,0.07,0.06,0.0,0.0,1.0,1.0,0.0,1.0,21008.0
0.0,1.0,57.0,5.0,0.0,0.0,0.0,0.0,0.0,0.0,0.0,0.0,0.0,15.0,1.0,1.0,0.0,0.0,0.27,0.27,0.0,255.0,64.0,0.25,0.02,0.01,0.0,1.0,1.0,0.0,1.0,92394.0
0.0,1.0,46.0,1.0,0.0,0.0,0.0,0.0,0.0,0.0,0.0,0.0,0.0,313.0,0.0,0.0,1.0,1.0,0.0,0.5,0.0,255.0,1.0,0.0,0.51,1.0,0.0,0.0,0.0,1.0,1.0,15548.0
0.0,1.0,46.0,5.0,0.0,0.0,0.0,0.0,0.0,0.0,0.0,0.0,0.0,170.0,1.0,1.0,0.0,0.0,0.07,0.06,0.0,255.0,2.0,0.01,0.07,0.0,0.0,1.0,1.0,0.0,1.0,125801.0
37572.0,1.0,46.0,4.0,1.0,0.0,0.0,0.0,0.0,0.0,0.0,0.0,0.0,2.0,0.0,0.0,1.0,1.0,1.0,0.0,0.0,255.0,2.0,0.01,0.5,1.0,0.0,0.0,0.0,1.0,1.0,116994.0
0.0,1.0,22.0,5.0,0.0,0.0,0.0,0.0,0.0,0.0,0.0,0.0,0.0,131.0,1.0,1.0,0.0,0.0,0.02,0.06,0.0,255.0,2.0,0.01,0.07,0.0,0.0,1.0,1.0,0.0,1.0,10010.0
0.0,1.0,26.0,5.0,0.0,0.0,0.0,0.0,0.0,0.0,0.0,0.0,0.0,262.0,1.0,1.0,0.0,0.0,0.05,0.07,0.0,255.0,12.0,0.05,0.07,0.0,0.0,1.0,1.0,0.0,1.0,46211.0
0.0,1.0,57.0,5.0,0.0,0.0,0.0,0.0,0.0,0.0,0.0,0.0,0.0,72.0,1.0,1.0,0.0,0.0,0.24,0.06,0.0,255.0,57.0,0.22,0.03,0.01,0.0,1.0,1.0,0.0,1.0,61100.0
0.0,1.0,10.0,1.0,0.0,0.0,0.0,0.0,0.0,0.0,0.0,0.0,0.0,239.0,0.0,0.0,1.0,1.0,0.04,0.06,0.0,255.0,9.0,0.04,0.06,0.0,0.0,0.0,0.0,1.0,1.0,94554.0
0.0,2.0,46.0,9.0,28.0,0.0,3.0,0.0,0.0,0.0,0.0,0.0,0.0,48.0,0.0,0.0,0.0,0.0,1.0,0.0,0.0,255.0,148.0,0.58,0.42,0.58,0.0,0.09,0.0,0.0,1.0,12514.0
0.0,1.0,46.0,5.0,0.0,0.0,0.0,0.0,0.0,0.0,0.0,0.0,0.0,213.0,1.0,1.0,0.0,0.0,0.07,0.05,0.0,255.0,14.0,0.05,0.06,0.0,0.0,1.0,1.0,0.0,1.0,2142.0
0.0,0.0,14.0,9.0,520.0,0.0,0.0,0.0,0.0,0.0,0.0,0.0,0.0,69.0,0.0,0.0,0.0,0.0,1.0,0.0,0.0,255.0,255.0,1.0,0.0,1.0,0.0,0.0,0.0,0.0,1.0,104784.0
0.0,1.0,22.0,1.0,0.0,0.0,0.0,0.0,0.0,0.0,0.0,0.0,0.0,1.0,0.0,0.0,1.0,1.0,1.0,0.0,1.0,41.0,255.0,1.0,0.0,0.02,0.13,0.0,0.0,0.99,0.0,51787.0
0.0,1.0,46.0,5.0,0.0,0.0,0.0,0.0,0.0,0.0,0.0,0.0,0.0,190.0,1.0,1.0,0.0,0.0,0.11,0.06,0.0,255.0,20.0,0.08,0.08,0.0,0.0,1.0,1.0,0.0,1.0,130.0
0.0,0.0,13.0,9.0,8.0,0.0,0.0,0.0,0.0,0.0,0.0,0.0,0.0,1.0,0.0,0.0,0.0,0.0,1.0,0.0,1.0,4.0,20.0,1.0,0.0,1.0,0.25,0.0,0.0,0.0,1.0,99884.0
0.0,1.0,15.0,5.0,0.0,0.0,0.0,0.0,0.0,0.0,0.0,0.0,0.0,140.0,1.0,1.0,0.0,0.0,0.14,0.05,0.0,255.0,19.0,0.07,0.05,0.0,0.0,1.0,1.0,0.0,1.0,1361.0
0.0,2.0,46.0,9.0,28.0,0.0,3.0,0.0,0.0,0.0,0.0,0.0,0.0,2.0,0.0,0.0,0.0,0.0,1.0,0.0,0.0,74.0,2.0,0.03,0.05,0.03,0.0,0.0,0.0,0.0,1.0,72800.0
0.0,0.0,13.0,9.0,8.0,0.0,0.0,0.0,0.0,0.0,0.0,0.0,0.0,1.0,0.0,0.0,0.0,0.0,1.0,0.0,1.0,1.0,87.0,1.0,0.0,1.0,0.51,0.0,0.0,0.0,1.0,54024.0
0.0,1.0,29.0,1.0,0.0,0.0,0.0,0.0,0.0,0.0,0.0,0.0,0.0,271.0,0.0,0.0,1.0,1.0,0.03,0.06,0.0,255.0,7.0,0.03,0.07,0.0,0.0,0.0,0.0,1.0,1.0,88497.0
0.0,1.0,15.0,1.0,0.0,0.0,0.0,0.0,0.0,0.0,0.0,0.0,0.0,148.0,0.0,0.0,1.0,1.0,0.13,0.05,0.0,255.0,19.0,0.07,0.06,0.0,0.0,0.0,0.0,1.0,1.0,109973.0
0.0,2.0,46.0,9.0,1.0,0.0,0.0,0.0,0.0,0.0,0.0,0.0,0.0,8.0,0.0,0.0,0.0,0.0,0.38,0.38,0.0,255.0,3.0,0.01,0.75,0.28,0.0,0.03,0.0,0.0,1.0,79092.0
0.0,0.0,14.0,9.0,520.0,0.0,0.0,0.0,0.0,0.0,0.0,0.0,0.0,291.0,0.0,0.0,0.0,0.0,1.0,0.0,0.0,255.0,255.0,1.0,0.0,1.0,0.0,0.0,0.0,0.0,1.0,72063.0
0.0,0.0,13.0,9.0,8.0,0.0,0.0,0.0,0.0,0.0,0.0,0.0,0.0,1.0,0.0,0.0,0.0,0.0,1.0,0.0,1.0,3.0,99.0,1.0,0.0,1.0,0.25,0.0,0.0,0.0,1.0,26544.0
0.0,1.0,5.0,5.0,0.0,0.0,0.0,0.0,0.0,0.0,0.0,0.0,0.0,104.0,1.0,1.0,0.0,0.0,0.1,0.06,0.0,255.0,18.0,0.07,0.07,0.0,0.0,1.0,1.0,0.0,1.0,63124.0
0.0,1.0,46.0,5.0,0.0,0.0,0.0,0.0,0.0,0.0,0.0,0.0,0.0,148.0,1.0,1.0,0.0,0.0,0.11,0.05,0.0,255.0,17.0,0.07,0.06,0.0,0.0,1.0,1.0,0.0,1.0,22976.0
0.0,0.0,14.0,9.0,520.0,0.0,0.0,0.0,0.0,0.0,0.0,0.0,0.0,446.0,0.0,0.0,0.0,0.0,1.0,0.0,0.0,182.0,182.0,1.0,0.0,1.0,0.0,0.0,0.0,0.0,1.0,94646.0
0.0,2.0,46.0,9.0,1.0,0.0,0.0,0.0,0.0,0.0,0.0,0.0,0.0,55.0,0.0,0.0,0.0,0.0,0.02,0.15,0.0,255.0,1.0,0.0,0.03,0.04,0.0,0.0,0.0,0.0,1.0,73814.0
0.0,1.0,19.0,1.0,0.0,0.0,0.0,0.0,0.0,0.0,0.0,0.0,0.0,284.0,0.0,0.0,1.0,1.0,0.06,0.06,0.0,255.0,18.0,0.07,0.06,0.0,0.0,0.0,0.0,1.0,1.0,36196.0
0.0,1.0,46.0,1.0,0.0,0.0,0.0,0.0,0.0,0.0,0.0,0.0,0.0,143.0,0.0,0.0,1.0,1.0,0.1,0.06,0.0,255.0,4.0,0.02,0.06,0.0,0.0,0.0,0.0,1.0,1.0,82239.0
0.0,0.0,14.0,9.0,1032.0,0.0,0.0,0.0,0.0,0.0,0.0,0.0,0.0,203.0,0.0,0.0,0.0,0.0,1.0,0.0,0.0,255.0,203.0,0.8,0.01,0.8,0.0,0.0,0.0,0.0,1.0,75848.0
0.0,1.0,59.0,5.0,0.0,0.0,0.0,0.0,0.0,0.0,0.0,0.0,0.0,117.0,1.0,1.0,0.0,0.0,0.1,0.06,0.0,255.0,12.0,0.05,0.08,0.0,0.0,1.0,1.0,0.0,1.0,105766.0
0.0,1.0,46.0,5.0,0.0,0.0,0.0,0.0,0.0,0.0,0.0,0.0,0.0,81.0,1.0,1.0,0.0,0.0,0.21,0.06,0.0,255.0,4.0,0.02,0.06,0.0,0.0,1.0,1.0,0.0,1.0,102514.0
0.0,1.0,46.0,5.0,0.0,0.0,0.0,0.0,0.0,0.0,0.0,0.0,0.0,282.0,1.0,1.0,0.0,0.0,0.06,0.04,0.0,255.0,18.0,0.07,0.05,0.0,0.0,1.0,1.0,0.0,1.0,14633.0
0.0,1.0,46.0,5.0,0.0,0.0,0.0,0.0,0.0,0.0,0.0,0.0,0.0,123.0,1.0,1.0,0.0,0.0,0.15,0.06,0.0,255.0,11.0,0.04,0.06,0.0,0.0,1.0,1.0,0.0,1.0,75985.0
0.0,1.0,19.0,9.0,334.0,0.0,0.0,0.0,1.0,0.0,0.0,0.0,0.0,1.0,0.0,0.0,0.0,0.0,1.0,0.0,0.0,8.0,63.0,0.88,0.25,1.0,0.11,0.25,0.02,0.0,1.0,122747.0
0.0,1.0,63.0,5.0,0.0,0.0,0.0,0.0,0.0,0.0,0.0,0.0,0.0,215.0,1.0,1.0,0.0,0.0,0.08,0.06,0.0,255.0,13.0,0.05,0.07,0.0,0.0,1.0,1.0,0.0,1.0,71427.0
0.0,1.0,57.0,5.0,0.0,0.0,0.0,0.0,0.0,0.0,0.0,0.0,0.0,79.0,1.0,1.0,0.0,0.0,0.25,0.05,0.0,255.0,65.0,0.25,0.02,0.01,0.0,1.0,1.0,0.0,1.0,109734.0
0.0,1.0,3.0,5.0,0.0,0.0,0.0,0.0,0.0,0.0,0.0,0.0,0.0,237.0,1.0,1.0,0.0,0.0,0.01,0.06,0.0,255.0,3.0,0.01,0.07,0.0,0.0,1.0,1.0,0.0,1.0,95937.0
0.0,1.0,46.0,5.0,0.0,0.0,0.0,0.0,0.0,0.0,0.0,0.0,0.0,100.0,1.0,1.0,0.0,0.0,0.01,0.06,0.0,255.0,15.0,0.06,0.07,0.0,0.0,1.0,1.0,0.0,1.0,37594.0
0.0,1.0,46.0,5.0,0.0,0.0,0.0,0.0,0.0,0.0,0.0,0.0,0.0,114.0,1.0,1.0,0.0,0.0,0.11,0.07,0.0,255.0,13.0,0.05,0.06,0.0,0.0,1.0,1.0,0.0,1.0,96324.0
0.0,1.0,31.0,5.0,0.0,0.0,0.0,0.0,0.0,0.0,0.0,0.0,0.0,143.0,1.0,1.0,0.0,0.0,0.1,0.06,0.0,255.0,2.0,0.01,0.07,0.0,0.0,1.0,1.0,0.0,1.0,20285.0
0.0,1.0,4.0,5.0,0.0,0.0,0.0,0.0,0.0,0.0,0.0,0.0,0.0,250.0,1.0,1.0,0.0,0.0,0.02,0.07,0.0,255.0,4.0,0.02,0.07,0.0,0.0,1.0,1.0,0.0,1.0,57025.0
0.0,0.0,13.0,9.0,8.0,0.0,0.0,0.0,0.0,0.0,0.0,0.0,0.0,1.0,0.0,0.0,0.0,0.0,1.0,0.0,1.0,2.0,198.0,1.0,0.0,1.0,0.5,0.0,0.0,0.0,1.0,115013.0
0.0,1.0,33.0,5.0,0.0,0.0,0.0,0.0,0.0,0.0,0.0,0.0,0.0,188.0,1.0,1.0,0.0,0.0,0.01,0.07,0.0,255.0,1.0,0.0,0.08,0.0,0.0,1.0,1.0,0.0,1.0,8954.0
0.0,1.0,46.0,1.0,0.0,0.0,0.0,0.0,0.0,0.0,0.0,0.0,0.0,271.0,0.0,0.0,1.0,1.0,0.02,0.06,0.0,255.0,6.0,0.02,0.07,0.01,0.0,0.0,0.0,1.0,1.0,56950.0
0.0,1.0,6.0,5.0,0.0,0.0,0.0,0.0,0.0,0.0,0.0,0.0,0.0,250.0,1.0,1.0,0.0,0.0,0.03,0.06,0.0,255.0,7.0,0.03,0.07,0.0,0.0,1.0,1.0,0.0,1.0,7683.0
0.0,1.0,62.0,5.0,0.0,0.0,0.0,0.0,0.0,0.0,0.0,0.0,0.0,130.0,1.0,1.0,0.0,0.0,0.06,0.06,0.0,255.0,13.0,0.05,0.07,0.0,0.0,1.0,1.0,0.0,1.0,25740.0
0.0,1.0,46.0,5.0,0.0,0.0,0.0,0.0,0.0,0.0,0.0,0.0,0.0,107.0,1.0,1.0,0.0,0.0,0.21,0.07,0.0,255.0,5.0,0.02,0.06,0.0,0.0,1.0,1.0,0.0,1.0,103027.0
0.0,2.0,46.0,9.0,1.0,0.0,0.0,0.0,0.0,0.0,0.0,0.0,0.0,19.0,0.0,0.0,0.0,0.0,0.89,0.11,0.0,255.0,26.0,0.1,0.22,1.0,0.0,0.0,0.0,0.0,1.0,28625.0
0.0,1.0,30.0,5.0,0.0,0.0,0.0,0.0,0.0,0.0,0.0,0.0,0.0,192.0,1.0,1.0,0.0,0.0,0.09,0.06,0.0,255.0,3.0,0.01,0.07,0.0,0.0,1.0,1.0,0.0,1.0,103422.0
0.0,2.0,11.0,9.0,43.0,80.0,0.0,0.0,0.0,0.0,0.0,0.0,0.0,125.0,0.0,0.0,0.0,0.0,0.99,0.02,0.02,255.0,241.0,0.95,0.01,0.0,0.0,0.0,0.0,0.0,0.0,96104.0
0.0,1.0,22.0,1.0,0.0,0.0,0.0,0.0,0.0,0.0,0.0,0.0,0.0,292.0,0.0,0.0,1.0,1.0,0.06,0.05,0.0,255.0,17.0,0.07,0.06,0.0,0.0,0.0,0.0,1.0,1.0,123446.0
0.0,1.0,46.0,5.0,0.0,0.0,0.0,0.0,0.0,0.0,0.0,0.0,0.0,102.0,1.0,1.0,0.0,0.0,0.03,0.06,0.0,19.0,4.0,0.21,0.26,0.05,0.0,1.0,1.0,0.0,1.0,86415.0
0.0,1.0,20.0,5.0,0.0,0.0,0.0,0.0,0.0,0.0,0.0,0.0,0.0,235.0,1.0,1.0,0.0,0.0,0.02,0.07,0.0,255.0,4.0,0.02,0.07,0.0,0.0,1.0,1.0,0.0,1.0,26645.0
0.0,0.0,13.0,9.0,8.0,0.0,0.0,0.0,0.0,0.0,0.0,0.0,0.0,1.0,0.0,0.0,0.0,0.0,1.0,0.0,1.0,1.0,97.0,1.0,0.0,1.0,0.51,0.0,0.0,0.0,1.0,55337.0
0.0,1.0,46.0,1.0,0.0,0.0,0.0,0.0,0.0,0.0,0.0,0.0,0.0,135.0,0.0,0.0,1.0,1.0,0.13,0.06,0.0,255.0,37.0,0.15,0.07,0.0,0.0,0.0,0.0,1.0,1.0,9802.0
0.0,1.0,2.0,1.0,0.0,0.0,0.0,0.0,0.0,0.0,0.0,0.0,0.0,258.0,0.0,0.0,1.0,1.0,0.04,0.07,0.0,255.0,11.0,0.04,0.08,0.0,0.0,0.0,0.0,1.0,1.0,99188.0
0.0,2.0,46.0,9.0,28.0,0.0,3.0,0.0,0.0,0.0,0.0,0.0,0.0,120.0,0.83,0.0,0.0,0.0,0.17,0.06,0.0,255.0,20.0,0.08,0.93,0.08,0.0,0.09,0.0,0.0,1.0,116925.0
0.0,1.0,55.0,5.0,0.0,0.0,0.0,0.0,0.0,0.0,0.0,0.0,0.0,102.0,1.0,1.0,0.0,0.0,0.07,0.05,0.0,255.0,7.0,0.03,0.05,0.0,0.0,1.0,1.0,0.0,1.0,39680.0
0.0,1.0,46.0,5.0,0.0,0.0,0.0,0.0,0.0,0.0,0.0,0.0,0.0,117.0,1.0,1.0,0.0,0.0,0.13,0.06,0.0,255.0,12.0,0.05,0.07,0.0,0.0,1.0,1.0,0.0,1.0,108827.0
0.0,1.0,31.0,5.0,0.0,0.0,0.0,0.0,0.0,0.0,0.0,0.0,0.0,138.0,1.0,1.0,0.0,0.0,0.11,0.07,0.0,255.0,15.0,0.06,0.06,0.0,0.0,1.0,1.0,0.0,1.0,24393.0
0.0,1.0,46.0,5.0,0.0,0.0,0.0,0.0,0.0,0.0,0.0,0.0,0.0,143.0,1.0,1.0,0.0,0.0,0.13,0.06,0.0,255.0,12.0,0.05,0.06,0.0,0.0,1.0,1.0,0.0,1.0,78090.0
0.0,0.0,13.0,9.0,8.0,0.0,0.0,0.0,0.0,0.0,0.0,0.0,0.0,1.0,0.0,0.0,0.0,0.0,1.0,0.0,1.0,2.0,32.0,1.0,0.0,1.0,0.53,0.0,0.0,0.0,1.0,114153.0
0.0,1.0,64.0,5.0,0.0,0.0,0.0,0.0,0.0,0.0,0.0,0.0,0.0,238.0,1.0,1.0,0.0,0.0,0.08,0.05,0.0,255.0,3.0,0.01,0.07,0.0,0.0,1.0,1.0,0.0,1.0,64289.0
0.0,1.0,46.0,1.0,0.0,0.0,0.0,0.0,0.0,0.0,0.0,0.0,0.0,183.0,0.0,0.0,1.0,1.0,0.02,0.08,0.0,255.0,3.0,0.01,0.08,0.0,0.0,0.0,0.0,1.0,1.0,58876.0
0.0,1.0,33.0,5.0,0.0,0.0,0.0,0.0,0.0,0.0,0.0,0.0,0.0,33.0,1.0,1.0,0.0,0.0,0.24,0.15,0.0,255.0,8.0,0.03,0.09,0.0,0.0,1.0,1.0,0.0,1.0,33492.0
0.0,1.0,59.0,5.0,0.0,0.0,0.0,0.0,0.0,0.0,0.0,0.0,0.0,256.0,1.0,1.0,0.0,0.0,0.08,0.06,0.0,255.0,20.0,0.08,0.07,0.0,0.0,1.0,1.0,0.0,1.0,37909.0
0.0,1.0,46.0,5.0,0.0,0.0,0.0,0.0,0.0,0.0,0.0,0.0,0.0,244.0,1.0,1.0,0.0,0.0,0.04,0.07,0.0,255.0,13.0,0.05,0.08,0.0,0.0,1.0,1.0,0.0,1.0,25354.0
0.0,1.0,46.0,5.0,0.0,0.0,0.0,0.0,0.0,0.0,0.0,0.0,0.0,88.0,1.0,1.0,0.0,0.0,0.01,0.08,0.0,255.0,1.0,0.0,0.05,0.0,0.0,1.0,1.0,0.0,1.0,9469.0
0.0,1.0,46.0,1.0,0.0,0.0,0.0,0.0,0.0,0.0,0.0,0.0,0.0,28.0,0.0,0.0,0.96,1.0,0.04,1.0,0.0,146.0,1.0,0.01,0.29,0.01,0.0,0.0,0.0,1.0,1.0,107351.0
0.0,1.0,46.0,5.0,0.0,0.0,0.0,0.0,0.0,0.0,0.0,0.0,0.0,225.0,1.0,1.0,0.0,0.0,0.07,0.05,0.0,255.0,15.0,0.06,0.05,0.0,0.0,1.0,1.0,0.0,1.0,80100.0
0.0,1.0,46.0,5.0,0.0,0.0,0.0,0.0,0.0,0.0,0.0,0.0,0.0,56.0,1.0,1.0,0.0,0.0,0.29,0.05,0.0,255.0,4.0,0.02,0.07,0.0,0.0,1.0,1.0,0.0,1.0,5124.0
0.0,1.0,22.0,5.0,0.0,0.0,0.0,0.0,0.0,0.0,0.0,0.0,0.0,22.0,1.0,1.0,0.0,0.0,0.36,0.18,0.0,184.0,48.0,0.26,0.02,0.02,0.0,0.99,1.0,0.0,1.0,72492.0
0.0,1.0,46.0,5.0,0.0,0.0,0.0,0.0,0.0,0.0,0.0,0.0,0.0,191.0,1.0,1.0,0.0,0.0,0.02,0.06,0.0,255.0,16.0,0.06,0.08,0.0,0.0,1.0,1.0,0.0,1.0,60512.0
0.0,1.0,64.0,5.0,0.0,0.0,0.0,0.0,0.0,0.0,0.0,0.0,0.0,286.0,1.0,1.0,0.0,0.0,0.05,0.06,0.0,255.0,1.0,0.0,0.07,0.0,0.0,1.0,1.0,0.0,1.0,56150.0
0.0,1.0,29.0,5.0,0.0,0.0,0.0,0.0,0.0,0.0,0.0,0.0,0.0,227.0,1.0,1.0,0.0,0.0,0.08,0.05,0.0,255.0,18.0,0.07,0.06,0.0,0.0,1.0,1.0,0.0,1.0,74815.0
0.0,1.0,29.0,5.0,0.0,0.0,0.0,0.0,0.0,0.0,0.0,0.0,0.0,293.0,1.0,1.0,0.0,0.0,0.04,0.05,0.0,255.0,11.0,0.04,0.05,0.0,0.0,1.0,1.0,0.0,1.0,77758.0
0.0,1.0,10.0,5.0,0.0,0.0,0.0,0.0,0.0,0.0,0.0,0.0,0.0,205.0,1.0,1.0,0.0,0.0,0.01,0.07,0.0,255.0,2.0,0.01,0.07,0.0,0.0,1.0,1.0,0.0,1.0,17374.0
18018.0,1.0,41.0,4.0,1.0,0.0,0.0,0.0,0.0,0.0,0.0,0.0,0.0,2.0,0.0,0.0,1.0,1.0,1.0,0.0,0.0,255.0,2.0,0.01,0.73,1.0,0.0,0.0,0.0,1.0,1.0,70994.0
0.0,1.0,3.0,9.0,14.0,41.0,0.0,0.0,1.0,0.0,0.0,0.0,0.0,1.0,0.0,0.0,0.0,0.0,1.0,0.0,0.0,82.0,2.0,0.01,0.06,0.01,1.0,0.0,0.0,0.0,0.0,80732.0
0.0,1.0,46.0,2.0,0.0,0.0,0.0,0.0,0.0,0.0,0.0,0.0,0.0,2.0,0.0,0.0,1.0,1.0,0.5,1.0,0.0,236.0,1.0,0.0,0.06,0.03,0.0,0.0,0.0,1.0,1.0,78742.0
0.0,1.0,5.0,5.0,0.0,0.0,0.0,0.0,0.0,0.0,0.0,0.0,0.0,118.0,1.0,1.0,0.0,0.0,0.17,0.08,0.0,255.0,20.0,0.08,0.07,0.0,0.0,1.0,1.0,0.0,1.0,61964.0
0.0,1.0,46.0,5.0,0.0,0.0,0.0,0.0,0.0,0.0,0.0,0.0,0.0,238.0,1.0,1.0,0.0,0.0,0.0,0.06,0.0,255.0,12.0,0.05,0.07,0.0,0.0,1.0,1.0,0.0,1.0,32507.0
0.0,1.0,41.0,1.0,0.0,0.0,0.0,0.0,0.0,0.0,0.0,0.0,0.0,510.0,0.1,0.0,0.9,1.0,0.0,1.0,0.0,255.0,1.0,0.0,1.0,0.0,0.0,0.04,0.0,1.0,1.0,70073.0
0.0,1.0,46.0,5.0,0.0,0.0,0.0,0.0,0.0,0.0,0.0,0.0,0.0,225.0,1.0,1.0,0.0,0.0,0.04,0.07,0.0,255.0,10.0,0.04,0.09,0.0,0.0,1.0,1.0,0.0,1.0,10335.0
0.0,1.0,22.0,1.0,0.0,0.0,0.0,0.0,0.0,0.0,0.0,0.0,0.0,1.0,0.0,0.0,1.0,1.0,1.0,0.0,1.0,47.0,238.0,1.0,0.0,0.02,0.24,0.0,0.0,1.0,0.0,123878.0
0.0,1.0,17.0,5.0,0.0,0.0,0.0,0.0,0.0,0.0,0.0,0.0,0.0,247.0,1.0,1.0,0.0,0.0,0.08,0.06,0.0,255.0,19.0,0.07,0.06,0.0,0.0,1.0,1.0,0.0,1.0,38360.0
0.0,1.0,22.0,1.0,0.0,0.0,0.0,0.0,0.0,0.0,0.0,0.0,0.0,1.0,0.0,0.0,1.0,1.0,1.0,0.0,0.0,61.0,1.0,0.02,1.0,0.02,0.0,0.0,0.0,1.0,1.0,124814.0
0.0,2.0,46.0,9.0,28.0,0.0,3.0,0.0,0.0,0.0,0.0,0.0,0.0,19.0,0.0,0.0,0.0,0.0,1.0,0.0,0.0,232.0,19.0,0.08,0.7,0.08,0.0,0.03,0.0,0.0,1.0,14321.0
0.0,1.0,41.0,1.0,0.0,0.0,0.0,0.0,0.0,0.0,0.0,0.0,0.0,511.0,0.07,0.0,0.92,1.0,0.0,0.96,0.0,255.0,1.0,0.0,0.91,0.0,0.0,0.05,0.0,1.0,1.0,20706.0
0.0,1.0,27.0,5.0,0.0,0.0,0.0,0.0,0.0,0.0,0.0,0.0,0.0,24.0,1.0,1.0,0.0,0.0,0.79,0.08,0.0,255.0,19.0,0.07,0.06,0.0,0.0,1.0,1.0,0.0,1.0,4389.0
3590.0,2.0,41.0,9.0,146.0,105.0,0.0,0.0,0.0,0.0,0.0,0.0,0.0,2.0,0.0,0.0,0.0,0.0,1.0,0.0,0.0,255.0,2.0,0.01,0.48,0.83,0.0,0.0,0.0,0.0,0.0,121080.0
0.0,2.0,11.0,9.0,45.0,45.0,0.0,0.0,0.0,0.0,0.0,0.0,0.0,156.0,0.0,0.0,0.0,0.0,1.0,0.0,0.01,255.0,255.0,1.0,0.0,0.01,0.0,0.0,0.0,0.0,0.0,116245.0
0.0,1.0,46.0,5.0,0.0,0.0,0.0,0.0,0.0,0.0,0.0,0.0,0.0,135.0,1.0,1.0,0.0,0.0,0.04,0.08,0.0,255.0,5.0,0.02,0.08,0.0,0.0,1.0,1.0,0.0,1.0,112942.0
0.0,2.0,11.0,9.0,43.0,126.0,0.0,0.0,0.0,0.0,0.0,0.0,0.0,111.0,0.0,0.0,0.0,0.0,1.0,0.0,0.01,255.0,255.0,1.0,0.0,0.0,0.0,0.0,0.0,0.0,0.0,101757.0
0.0,2.0,46.0,9.0,28.0,0.0,3.0,0.0,0.0,0.0,0.0,0.0,0.0,15.0,0.0,0.0,0.0,0.0,1.0,0.0,0.0,255.0,15.0,0.06,0.02,0.06,0.0,0.0,0.0,0.0,1.0,24005.0
0.0,1.0,46.0,5.0,0.0,0.0,0.0,0.0,0.0,0.0,0.0,0.0,0.0,135.0,1.0,1.0,0.0,0.0,0.04,0.07,0.0,255.0,7.0,0.03,0.05,0.0,0.0,1.0,1.0,0.0,1.0,5458.0
0.0,1.0,46.0,5.0,0.0,0.0,0.0,0.0,0.0,0.0,0.0,0.0,0.0,249.0,1.0,1.0,0.0,0.0,0.05,0.05,0.0,255.0,12.0,0.05,0.06,0.0,0.0,1.0,1.0,0.0,1.0,21759.0
0.0,2.0,11.0,9.0,44.0,116.0,0.0,0.0,0.0,0.0,0.0,0.0,0.0,128.0,0.0,0.0,0.0,0.0,1.0,0.0,0.02,255.0,228.0,0.89,0.01,0.0,0.0,0.0,0.0,0.0,0.0,19167.0
0.0,0.0,14.0,9.0,1032.0,0.0,0.0,0.0,0.0,0.0,0.0,0.0,0.0,510.0,0.0,0.0,0.0,0.0,1.0,0.0,0.0,255.0,144.0,0.56,0.02,0.56,0.0,0.01,0.0,0.0,1.0,46800.0
0.0,2.0,11.0,9.0,43.0,43.0,0.0,0.0,0.0,0.0,0.0,0.0,0.0,126.0,0.0,0.0,0.0,0.0,1.0,0.0,0.01,255.0,255.0,1.0,0.0,0.01,0.0,0.0,0.0,0.0,0.0,123750.0
0.0,1.0,25.0,5.0,0.0,0.0,0.0,0.0,0.0,0.0,0.0,0.0,0.0,111.0,1.0,1.0,0.0,0.0,0.14,0.05,0.0,255.0,11.0,0.04,0.07,0.0,0.0,1.0,1.0,0.0,1.0,36924.0
0.0,1.0,39.0,5.0,0.0,0.0,0.0,0.0,0.0,0.0,0.0,0.0,0.0,150.0,1.0,1.0,0.0,0.0,0.07,0.06,0.0,255.0,10.0,0.04,0.06,0.0,0.0,1.0,1.0,0.0,1.0,125039.0
0.0,0.0,13.0,9.0,8.0,0.0,0.0,0.0,0.0,0.0,0.0,0.0,0.0,1.0,0.0,0.0,0.0,0.0,1.0,0.0,1.0,3.0,151.0,1.0,0.0,1.0,0.25,0.0,0.0,0.0,1.0,34605.0
0.0,1.0,2.0,5.0,0.0,0.0,0.0,0.0,0.0,0.0,0.0,0.0,0.0,214.0,1.0,1.0,0.0,0.0,0.0,0.06,0.0,255.0,6.0,0.02,0.08,0.0,0.0,1.0,1.0,0.0,1.0,98780.0
0.0,1.0,25.0,5.0,0.0,0.0,0.0,0.0,0.0,0.0,0.0,0.0,0.0,250.0,1.0,1.0,0.0,0.0,0.01,0.07,0.0,255.0,2.0,0.01,0.08,0.0,0.0,1.0,1.0,0.0,1.0,37172.0
0.0,1.0,26.0,5.0,0.0,0.0,0.0,0.0,0.0,0.0,0.0,0.0,0.0,297.0,1.0,1.0,0.0,0.0,0.04,0.05,0.0,255.0,1.0,0.0,0.07,0.0,0.0,1.0,1.0,0.0,1.0,82210.0
0.0,1.0,63.0,1.0,0.0,0.0,0.0,0.0,0.0,0.0,0.0,0.0,0.0,264.0,0.0,0.0,1.0,1.0,0.06,0.06,0.0,255.0,17.0,0.07,0.07,0.0,0.0,0.0,0.0,1.0,1.0,103822.0
0.0,0.0,13.0,9.0,8.0,0.0,0.0,0.0,0.0,0.0,0.0,0.0,0.0,1.0,0.0,0.0,0.0,0.0,1.0,0.0,1.0,1.0,127.0,1.0,0.0,1.0,0.5,0.0,0.0,0.0,1.0,15087.0
0.0,1.0,19.0,5.0,0.0,0.0,0.0,0.0,0.0,0.0,0.0,0.0,0.0,21.0,0.95,1.0,0.05,0.0,0.24,0.24,0.0,255.0,47.0,0.18,0.04,0.0,0.0,1.0,1.0,0.0,1.0,65578.0
0.0,0.0,13.0,9.0,8.0,0.0,0.0,0.0,0.0,0.0,0.0,0.0,0.0,1.0,0.0,0.0,0.0,0.0,1.0,0.0,1.0,1.0,69.0,1.0,0.0,1.0,0.51,0.0,0.0,0.0,1.0,61128.0
0.0,1.0,46.0,2.0,0.0,0.0,0.0,0.0,0.0,0.0,0.0,0.0,0.0,133.0,0.0,0.0,1.0,1.0,0.14,0.07,0.0,255.0,19.0,0.07,0.08,0.0,0.0,0.0,0.0,1.0,1.0,121602.0
0.0,1.0,54.0,5.0,0.0,0.0,0.0,0.0,0.0,0.0,0.0,0.0,0.0,294.0,1.0,1.0,0.0,0.0,0.08,0.05,0.0,255.0,23.0,0.09,0.05,0.0,0.0,1.0,1.0,0.0,1.0,97296.0
0.0,1.0,65.0,5.0,0.0,0.0,0.0,0.0,0.0,0.0,0.0,0.0,0.0,258.0,1.0,1.0,0.0,0.0,0.01,0.06,0.0,255.0,3.0,0.01,0.06,0.0,0.0,1.0,1.0,0.0,1.0,14632.0
0.0,1.0,46.0,5.0,0.0,0.0,0.0,0.0,0.0,0.0,0.0,0.0,0.0,127.0,1.0,1.0,0.0,0.0,0.1,0.06,0.0,255.0,4.0,0.02,0.07,0.0,0.0,1.0,1.0,0.0,1.0,100477.0
0.0,0.0,13.0,9.0,8.0,0.0,0.0,0.0,0.0,0.0,0.0,0.0,0.0,1.0,0.0,0.0,0.0,0.0,1.0,0.0,1.0,2.0,32.0,1.0,0.0,1.0,0.5,0.0,0.0,0.0,1.0,71120.0
0.0,2.0,46.0,9.0,1.0,0.0,0.0,0.0,0.0,0.0,0.0,0.0,0.0,19.0,0.0,0.0,0.0,0.0,0.74,0.21,0.0,255.0,14.0,0.05,0.22,1.0,0.0,0.0,0.0,0.0,1.0,88871.0
0.0,1.0,46.0,1.0,0.0,0.0,0.0,0.0,0.0,0.0,0.0,0.0,0.0,120.0,0.0,0.0,1.0,1.0,0.03,0.08,0.0,255.0,3.0,0.01,0.09,0.0,0.0,0.0,0.0,1.0,1.0,26866.0
0.0,1.0,4.0,1.0,0.0,0.0,0.0,0.0,0.0,0.0,0.0,0.0,0.0,137.0,0.0,0.0,1.0,1.0,0.03,0.08,0.0,255.0,4.0,0.02,0.09,0.0,0.0,0.0,0.0,1.0,1.0,101255.0
0.0,1.0,46.0,5.0,0.0,0.0,0.0,0.0,0.0,0.0,0.0,0.0,0.0,118.0,1.0,1.0,0.0,0.0,0.06,0.05,0.0,255.0,7.0,0.03,0.04,0.0,0.0,1.0,1.0,0.0,1.0,23691.0
0.0,1.0,46.0,5.0,0.0,0.0,0.0,0.0,0.0,0.0,0.0,0.0,0.0,120.0,1.0,1.0,0.0,0.0,0.06,0.06,0.0,255.0,3.0,0.01,0.06,0.0,0.0,1.0,1.0,0.0,1.0,54346.0
0.0,2.0,46.0,9.0,28.0,0.0,3.0,0.0,0.0,0.0,0.0,0.0,0.0,85.0,0.0,0.0,0.0,0.0,1.0,0.0,0.0,255.0,85.0,0.33,0.01,0.33,0.0,0.0,0.0,0.0,1.0,118100.0
0.0,1.0,62.0,2.0,0.0,0.0,0.0,0.0,0.0,0.0,0.0,0.0,0.0,117.0,0.0,0.0,1.0,1.0,0.15,0.07,0.0,255.0,17.0,0.07,0.06,0.0,0.0,0.0,0.0,1.0,1.0,85868.0
0.0,2.0,11.0,9.0,36.0,0.0,0.0,0.0,0.0,0.0,0.0,0.0,0.0,8.0,0.0,0.0,0.0,0.0,1.0,0.0,0.0,34.0,137.0,1.0,0.0,1.0,0.01,0.0,0.0,0.0,0.0,68441.0
0.0,1.0,3.0,5.0,0.0,0.0,0.0,0.0,0.0,0.0,0.0,0.0,0.0,125.0,1.0,1.0,0.0,0.0,0.08,0.06,0.0,255.0,9.0,0.04,0.07,0.0,0.0,1.0,1.0,0.0,1.0,31022.0
0.0,1.0,65.0,1.0,0.0,0.0,0.0,0.0,0.0,0.0,0.0,0.0,0.0,269.0,0.0,0.0,1.0,1.0,0.06,0.07,0.0,255.0,17.0,0.07,0.08,0.0,0.0,0.0,0.0,1.0,1.0,87617.0
0.0,0.0,13.0,9.0,30.0,0.0,0.0,0.0,0.0,0.0,0.0,0.0,0.0,1.0,0.0,0.0,0.0,0.0,1.0,0.0,0.0,3.0,91.0,1.0,0.0,1.0,0.49,0.0,0.0,0.0,0.0,41655.0
0.0,1.0,46.0,5.0,0.0,0.0,0.0,0.0,0.0,0.0,0.0,0.0,0.0,147.0,1.0,1.0,0.0,0.0,0.03,0.06,0.0,255.0,5.0,0.02,0.09,0.0,0.0,1.0,1.0,0.0,1.0,2567.0
0.0,1.0,17.0,5.0,0.0,0.0,0.0,0.0,0.0,0.0,0.0,0.0,0.0,54.0,1.0,1.0,0.0,0.0,0.28,0.07,0.0,255.0,59.0,0.23,0.04,0.01,0.0,1.0,1.0,0.0,1.0,38144.0
0.0,2.0,46.0,9.0,1.0,0.0,0.0,0.0,0.0,0.0,0.0,0.0,0.0,30.0,0.0,0.0,0.0,0.0,0.17,0.17,0.0,255.0,45.0,0.18,0.27,1.0,0.0,0.0,0.0,0.0,1.0,50742.0
0.0,1.0,22.0,5.0,0.0,0.0,0.0,0.0,0.0,0.0,0.0,0.0,0.0,2.0,1.0,1.0,0.0,0.0,1.0,0.0,0.0,255.0,2.0,0.01,0.07,0.0,0.0,1.0,1.0,0.0,1.0,24300.0
0.0,1.0,51.0,9.0,2702.0,330.0,0.0,0.0,1.0,0.0,0.0,0.0,0.0,1.0,0.0,0.0,0.0,0.0,1.0,0.0,1.0,44.0,157.0,0.45,0.09,0.02,0.01,0.0,0.0,0.0,0.0,98494.0
0.0,1.0,51.0,9.0,2695.0,335.0,0.0,0.0,1.0,0.0,0.0,0.0,0.0,1.0,0.0,0.0,0.0,0.0,1.0,0.0,0.0,47.0,134.0,0.55,0.11,0.02,0.01,0.0,0.0,0.0,0.0,76046.0
0.0,1.0,54.0,5.0,0.0,0.0,0.0,0.0,0.0,0.0,0.0,0.0,0.0,210.0,1.0,1.0,0.0,0.0,0.09,0.06,0.0,255.0,9.0,0.04,0.06,0.0,0.0,1.0,1.0,0.0,1.0,105013.0
0.0,1.0,46.0,5.0,0.0,0.0,0.0,0.0,0.0,0.0,0.0,0.0,0.0,182.0,1.0,1.0,0.0,0.0,0.01,0.07,0.0,255.0,19.0,0.07,0.07,0.0,0.0,1.0,1.0,0.0,1.0,50605.0
0.0,2.0,11.0,9.0,45.0,78.0,0.0,0.0,0.0,0.0,0.0,0.0,0.0,126.0,0.0,0.0,0.0,0.0,1.0,0.0,0.0,255.0,254.0,1.0,0.01,0.0,0.0,0.0,0.0,0.0,0.0,14851.0
0.0,0.0,13.0,9.0,8.0,0.0,0.0,0.0,0.0,0.0,0.0,0.0,0.0,1.0,0.0,0.0,0.0,0.0,1.0,0.0,1.0,2.0,148.0,1.0,0.0,1.0,0.5,0.0,0.0,0.0,1.0,13512.0
0.0,1.0,12.0,2.0,0.0,0.0,0.0,0.0,0.0,0.0,0.0,0.0,0.0,273.0,0.0,0.0,1.0,1.0,0.04,0.06,0.0,255.0,12.0,0.05,0.09,0.0,0.0,0.0,0.0,1.0,1.0,54086.0
0.0,1.0,34.0,1.0,0.0,0.0,0.0,0.0,0.0,0.0,0.0,0.0,0.0,126.0,0.0,0.0,1.0,1.0,0.06,0.06,0.0,255.0,7.0,0.03,0.08,0.0,0.0,0.0,0.0,1.0,1.0,18996.0
0.0,1.0,5.0,5.0,0.0,0.0,0.0,0.0,0.0,0.0,0.0,0.0,0.0,119.0,1.0,1.0,0.0,0.0,0.09,0.07,0.0,255.0,11.0,0.04,0.06,0.0,0.0,1.0,1.0,0.0,1.0,95320.0
0.0,1.0,30.0,5.0,0.0,0.0,0.0,0.0,0.0,0.0,0.0,0.0,0.0,261.0,1.0,1.0,0.0,0.0,0.0,0.06,0.0,255.0,1.0,0.0,0.07,0.0,0.0,1.0,1.0,0.0,1.0,12258.0
0.0,1.0,39.0,2.0,0.0,0.0,0.0,0.0,0.0,0.0,0.0,0.0,0.0,122.0,0.0,0.0,1.0,1.0,0.15,0.07,0.0,255.0,18.0,0.07,0.07,0.0,0.0,0.0,0.0,1.0,1.0,47867.0
0.0,0.0,14.0,9.0,1032.0,0.0,0.0,0.0,0.0,0.0,0.0,0.0,0.0,511.0,0.0,0.0,0.0,0.0,1.0,0.0,0.0,255.0,167.0,0.65,0.02,0.65,0.0,0.0,0.0,0.0,1.0,119150.0
0.0,1.0,26.0,1.0,0.0,0.0,0.0,0.0,0.0,0.0,0.0,0.0,0.0,234.0,0.0,0.0,1.0,1.0,0.06,0.07,0.0,255.0,14.0,0.05,0.09,0.0,0.0,0.0,0.0,1.0,1.0,40305.0
0.0,1.0,22.0,1.0,0.0,0.0,0.0,0.0,0.0,0.0,0.0,0.0,0.0,270.0,0.0,0.0,1.0,1.0,0.04,0.06,0.0,255.0,12.0,0.05,0.07,0.0,0.0,0.0,0.0,1.0,1.0,77338.0
0.0,1.0,46.0,5.0,0.0,0.0,0.0,0.0,0.0,0.0,0.0,0.0,0.0,262.0,1.0,1.0,0.0,0.0,0.01,0.07,0.0,255.0,4.0,0.02,0.07,0.0,0.0,1.0,1.0,0.0,1.0,40655.0
0.0,0.0,13.0,9.0,8.0,0.0,0.0,0.0,0.0,0.0,0.0,0.0,0.0,1.0,0.0,0.0,0.0,0.0,1.0,0.0,1.0,1.0,61.0,1.0,0.0,1.0,0.51,0.0,0.0,0.0,1.0,94011.0
0.0,1.0,46.0,5.0,0.0,0.0,0.0,0.0,0.0,0.0,0.0,0.0,0.0,143.0,1.0,1.0,0.0,0.0,0.07,0.08,0.0,255.0,10.0,0.04,0.08,0.0,0.0,1.0,1.0,0.0,1.0,40846.0
0.0,1.0,46.0,1.0,0.0,0.0,0.0,0.0,0.0,0.0,0.0,0.0,0.0,511.0,0.07,0.0,0.92,1.0,0.0,1.0,0.0,255.0,1.0,0.0,1.0,0.0,0.0,0.1,0.0,1.0,1.0,4527.0
0.0,1.0,3.0,5.0,0.0,0.0,0.0,0.0,0.0,0.0,0.0,0.0,0.0,238.0,1.0,1.0,0.0,0.0,0.08,0.05,0.0,255.0,19.0,0.07,0.05,0.0,0.0,1.0,1.0,0.0,1.0,68599.0
0.0,2.0,11.0,9.0,43.0,43.0,0.0,0.0,0.0,0.0,0.0,0.0,0.0,139.0,0.0,0.0,0.0,0.0,0.99,0.01,0.0,255.0,254.0,1.0,0.01,0.0,0.0,0.0,0.0,0.0,0.0,91389.0
0.0,1.0,17.0,5.0,0.0,0.0,0.0,0.0,0.0,0.0,0.0,0.0,0.0,228.0,1.0,1.0,0.0,0.0,0.01,0.06,0.0,255.0,2.0,0.01,0.08,0.0,0.0,1.0,1.0,0.0,1.0,38667.0
0.0,2.0,11.0,9.0,45.0,45.0,0.0,0.0,0.0,0.0,0.0,0.0,0.0,156.0,0.0,0.0,0.0,0.0,1.0,0.0,0.0,255.0,255.0,1.0,0.0,0.0,0.0,0.0,0.0,0.0,0.0,70527.0
0.0,1.0,46.0,5.0,0.0,0.0,0.0,0.0,0.0,0.0,0.0,0.0,0.0,67.0,1.0,1.0,0.0,0.0,0.1,0.07,0.0,255.0,20.0,0.08,0.07,0.0,0.0,1.0,1.0,0.0,1.0,113700.0
0.0,1.0,46.0,5.0,0.0,0.0,0.0,0.0,0.0,0.0,0.0,0.0,0.0,233.0,1.0,1.0,0.0,0.0,0.09,0.06,0.0,255.0,13.0,0.05,0.07,0.0,0.0,1.0,1.0,0.0,1.0,42506.0
0.0,1.0,46.0,5.0,0.0,0.0,0.0,0.0,0.0,0.0,0.0,0.0,0.0,240.0,1.0,1.0,0.0,0.0,0.06,0.05,0.0,255.0,14.0,0.05,0.08,0.0,0.0,1.0,1.0,0.0,1.0,89580.0
0.0,0.0,13.0,9.0,8.0,0.0,0.0,0.0,0.0,0.0,0.0,0.0,0.0,1.0,0.0,0.0,0.0,0.0,1.0,0.0,1.0,2.0,19.0,1.0,0.0,1.0,0.53,0.0,0.0,0.0,1.0,52996.0
0.0,1.0,46.0,5.0,0.0,0.0,0.0,0.0,0.0,0.0,0.0,0.0,0.0,163.0,1.0,1.0,0.0,0.0,0.02,0.06,0.0,255.0,3.0,0.01,0.06,0.0,0.0,1.0,1.0,0.0,1.0,89200.0
0.0,1.0,46.0,5.0,0.0,0.0,0.0,0.0,0.0,0.0,0.0,0.0,0.0,105.0,1.0,1.0,0.0,0.0,0.13,0.06,0.0,255.0,12.0,0.05,0.07,0.0,0.0,1.0,1.0,0.0,1.0,60782.0
0.0,1.0,54.0,5.0,0.0,0.0,0.0,0.0,0.0,0.0,0.0,0.0,0.0,130.0,1.0,1.0,0.0,0.0,0.01,0.06,0.0,255.0,13.0,0.05,0.06,0.0,0.0,1.0,1.0,0.0,1.0,2664.0
0.0,1.0,9.0,2.0,0.0,0.0,0.0,0.0,0.0,0.0,0.0,0.0,0.0,257.0,0.0,0.0,1.0,1.0,0.07,0.06,0.0,255.0,17.0,0.07,0.07,0.0,0.0,0.0,0.0,1.0,1.0,60096.0
0.0,1.0,57.0,5.0,0.0,0.0,0.0,0.0,0.0,0.0,0.0,0.0,0.0,140.0,1.0,1.0,0.0,0.0,0.01,0.06,0.0,255.0,2.0,0.01,0.07,0.0,0.0,1.0,1.0,0.0,1.0,47873.0
0.0,0.0,13.0,9.0,8.0,0.0,0.0,0.0,0.0,0.0,0.0,0.0,0.0,1.0,0.0,0.0,0.0,0.0,1.0,0.0,1.0,1.0,2.0,1.0,0.0,1.0,1.0,0.0,0.0,0.0,1.0,43395.0
0.0,1.0,21.0,5.0,0.0,0.0,0.0,0.0,0.0,0.0,0.0,0.0,0.0,253.0,1.0,1.0,0.0,0.0,0.04,0.06,0.0,255.0,10.0,0.04,0.07,0.0,0.0,1.0,1.0,0.0,1.0,48494.0
0.0,1.0,46.0,5.0,0.0,0.0,0.0,0.0,0.0,0.0,0.0,0.0,0.0,80.0,1.0,1.0,0.0,0.0,0.17,0.06,0.0,255.0,11.0,0.04,0.07,0.0,0.0,1.0,1.0,0.0,1.0,121167.0
0.0,1.0,46.0,1.0,0.0,0.0,0.0,0.0,0.0,0.0,0.0,0.0,0.0,144.0,0.0,0.0,1.0,1.0,0.13,0.06,0.0,255.0,19.0,0.07,0.05,0.0,0.0,0.0,0.0,1.0,1.0,97130.0
0.0,0.0,14.0,9.0,1032.0,0.0,0.0,0.0,0.0,0.0,0.0,0.0,0.0,511.0,0.0,0.0,0.0,0.0,1.0,0.0,0.0,255.0,9.0,0.04,0.19,0.04,0.0,0.18,0.0,0.0,1.0,77920.0
0.0,1.0,46.0,1.0,0.0,0.0,0.0,0.0,0.0,0.0,0.0,0.0,0.0,2.0,0.0,0.0,0.5,1.0,0.5,1.0,0.0,229.0,1.0,0.0,0.03,0.0,0.0,0.0,0.0,1.0,1.0,60985.0
0.0,1.0,29.0,5.0,0.0,0.0,0.0,0.0,0.0,0.0,0.0,0.0,0.0,263.0,1.0,1.0,0.0,0.0,0.08,0.05,0.0,255.0,21.0,0.08,0.06,0.0,0.0,1.0,1.0,0.0,1.0,77326.0
0.0,1.0,46.0,1.0,0.0,0.0,0.0,0.0,0.0,0.0,0.0,0.0,0.0,184.0,0.1,0.0,0.89,1.0,0.01,1.0,0.0,255.0,1.0,0.0,0.87,0.0,0.0,0.07,0.0,1.0,1.0,73301.0
0.0,1.0,46.0,5.0,0.0,0.0,0.0,0.0,0.0,0.0,0.0,0.0,0.0,243.0,1.0,1.0,0.0,0.0,0.05,0.06,0.0,255.0,13.0,0.05,0.07,0.0,0.0,1.0,1.0,0.0,1.0,78647.0
0.0,1.0,31.0,5.0,0.0,0.0,0.0,0.0,0.0,0.0,0.0,0.0,0.0,145.0,1.0,1.0,0.0,0.0,0.07,0.06,0.0,255.0,10.0,0.04,0.06,0.0,0.0,1.0,1.0,0.0,1.0,47095.0
0.0,0.0,13.0,9.0,8.0,0.0,0.0,0.0,0.0,0.0,0.0,0.0,0.0,1.0,0.0,0.0,0.0,0.0,1.0,0.0,1.0,4.0,88.0,1.0,0.0,1.0,0.25,0.0,0.0,0.0,1.0,125774.0
0.0,2.0,46.0,9.0,1.0,0.0,0.0,0.0,0.0,0.0,0.0,0.0,0.0,22.0,0.0,0.0,0.0,0.0,0.09,0.32,0.0,255.0,2.0,0.01,0.22,1.0,0.0,0.0,0.0,0.0,1.0,19753.0
0.0,1.0,16.0,5.0,0.0,0.0,0.0,0.0,0.0,0.0,0.0,0.0,0.0,150.0,1.0,1.0,0.0,0.0,0.13,0.06,0.0,255.0,20.0,0.08,0.06,0.0,0.0,1.0,1.0,0.0,1.0,94833.0
0.0,1.0,20.0,1.0,0.0,0.0,0.0,0.0,0.0,0.0,0.0,0.0,0.0,255.0,0.0,0.0,1.0,1.0,0.02,0.07,0.0,255.0,4.0,0.02,0.07,0.0,0.0,0.0,0.0,1.0,1.0,7058.0
0.0,1.0,55.0,1.0,0.0,0.0,0.0,0.0,0.0,0.0,0.0,0.0,0.0,263.0,0.0,0.0,1.0,1.0,0.01,0.06,0.0,255.0,3.0,0.01,0.08,0.0,0.0,0.0,0.0,1.0,1.0,12909.0
0.0,1.0,22.0,1.0,0.0,0.0,0.0,0.0,0.0,0.0,0.0,0.0,0.0,1.0,0.0,0.0,1.0,1.0,1.0,0.0,0.0,29.0,245.0,1.0,0.0,0.03,0.17,0.0,0.0,0.98,0.0,42589.0
0.0,0.0,13.0,9.0,8.0,0.0,0.0,0.0,0.0,0.0,0.0,0.0,0.0,1.0,0.0,0.0,0.0,0.0,1.0,0.0,1.0,1.0,161.0,1.0,0.0,1.0,0.5,0.0,0.0,0.0,1.0,41537.0
0.0,2.0,46.0,9.0,215.0,0.0,0.0,0.0,0.0,0.0,0.0,0.0,0.0,1.0,0.0,0.0,0.0,0.0,1.0,0.0,0.0,115.0,99.0,0.86,0.02,0.86,0.0,0.0,0.0,0.0,1.0,83607.0
0.0,0.0,14.0,9.0,30.0,0.0,0.0,0.0,0.0,0.0,0.0,0.0,0.0,1.0,0.0,0.0,0.0,0.0,1.0,0.0,0.0,153.0,153.0,1.0,0.0,1.0,0.0,0.0,0.0,0.0,0.0,10244.0
0.0,1.0,62.0,5.0,0.0,0.0,0.0,0.0,0.0,0.0,0.0,0.0,0.0,135.0,1.0,1.0,0.0,0.0,0.08,0.06,0.0,255.0,16.0,0.06,0.06,0.0,0.0,1.0,1.0,0.0,1.0,103684.0
0.0,1.0,46.0,5.0,0.0,0.0,0.0,0.0,0.0,0.0,0.0,0.0,0.0,285.0,1.0,1.0,0.0,0.0,0.06,0.06,0.0,255.0,16.0,0.06,0.07,0.0,0.0,1.0,1.0,0.0,1.0,95440.0
0.0,0.0,13.0,9.0,8.0,0.0,0.0,0.0,0.0,0.0,0.0,0.0,0.0,1.0,0.0,0.0,0.0,0.0,1.0,0.0,1.0,1.0,65.0,1.0,0.0,1.0,0.51,0.0,0.0,0.0,1.0,119426.0
0.0,1.0,46.0,10.0,0.0,0.0,0.0,0.0,0.0,0.0,0.0,0.0,0.0,1.0,1.0,1.0,0.0,0.0,1.0,0.0,0.0,84.0,1.0,0.01,0.88,0.9,0.0,0.9,1.0,0.0,1.0,79015.0
0.0,0.0,13.0,9.0,8.0,0.0,0.0,0.0,0.0,0.0,0.0,0.0,0.0,1.0,0.0,0.0,0.0,0.0,1.0,0.0,1.0,4.0,236.0,1.0,0.0,1.0,0.25,0.0,0.0,0.0,1.0,30853.0
0.0,1.0,46.0,5.0,0.0,0.0,0.0,0.0,0.0,0.0,0.0,0.0,0.0,99.0,1.0,1.0,0.0,0.0,0.07,0.06,0.0,255.0,7.0,0.03,0.06,0.0,0.0,1.0,1.0,0.0,1.0,90627.0
1.0,1.0,33.0,4.0,0.0,0.0,0.0,0.0,0.0,0.0,0.0,0.0,0.0,72.0,0.0,0.0,1.0,1.0,0.03,0.54,0.0,242.0,2.0,0.01,0.17,0.3,0.0,0.01,0.0,1.0,1.0,43338.0
41218.0,1.0,46.0,4.0,1.0,0.0,0.0,0.0,0.0,0.0,0.0,0.0,0.0,2.0,0.0,0.0,1.0,1.0,1.0,0.0,0.0,255.0,2.0,0.01,0.29,0.57,0.0,0.0,0.0,1.0,1.0,12963.0
0.0,1.0,46.0,5.0,0.0,0.0,0.0,0.0,0.0,0.0,0.0,0.0,0.0,214.0,1.0,1.0,0.0,0.0,0.01,0.08,0.0,255.0,2.0,0.01,0.08,0.0,0.0,1.0,1.0,0.0,1.0,37200.0
0.0,0.0,13.0,9.0,8.0,0.0,0.0,0.0,0.0,0.0,0.0,0.0,0.0,1.0,0.0,0.0,0.0,0.0,1.0,0.0,1.0,3.0,41.0,1.0,0.0,1.0,0.27,0.0,0.0,0.0,1.0,69217.0
0.0,1.0,46.0,5.0,0.0,0.0,0.0,0.0,0.0,0.0,0.0,0.0,0.0,111.0,1.0,1.0,0.0,0.0,0.01,0.06,0.0,255.0,1.0,0.0,0.08,0.0,0.0,1.0,1.0,0.0,1.0,39716.0
0.0,1.0,62.0,5.0,0.0,0.0,0.0,0.0,0.0,0.0,0.0,0.0,0.0,119.0,1.0,1.0,0.0,0.0,0.11,0.07,0.0,255.0,13.0,0.05,0.06,0.0,0.0,1.0,1.0,0.0,1.0,99304.0
0.0,0.0,13.0,9.0,8.0,0.0,0.0,0.0,0.0,0.0,0.0,0.0,0.0,1.0,0.0,0.0,0.0,0.0,1.0,0.0,1.0,2.0,98.0,1.0,0.0,1.0,0.5,0.0,0.0,0.0,1.0,86694.0
0.0,2.0,11.0,9.0,45.0,81.0,0.0,0.0,0.0,0.0,0.0,0.0,0.0,109.0,0.0,0.0,0.0,0.0,1.0,0.0,0.02,255.0,253.0,0.99,0.01,0.0,0.0,0.0,0.0,0.0,0.0,107049.0
0.0,1.0,22.0,5.0,0.0,0.0,0.0,0.0,0.0,0.0,0.0,0.0,0.0,36.0,1.0,1.0,0.0,0.0,0.42,0.11,0.0,255.0,55.0,0.22,0.02,0.01,0.0,1.0,1.0,0.0,1.0,106875.0
0.0,1.0,46.0,5.0,0.0,0.0,0.0,0.0,0.0,0.0,0.0,0.0,0.0,80.0,1.0,1.0,0.0,0.0,0.21,0.06,0.0,255.0,17.0,0.07,0.06,0.0,0.0,1.0,1.0,0.0,1.0,64696.0
0.0,1.0,46.0,5.0,0.0,0.0,0.0,0.0,0.0,0.0,0.0,0.0,0.0,169.0,1.0,1.0,0.0,0.0,0.05,0.06,0.0,255.0,8.0,0.03,0.06,0.0,0.0,1.0,1.0,0.0,1.0,77913.0
0.0,1.0,46.0,5.0,0.0,0.0,0.0,0.0,0.0,0.0,0.0,0.0,0.0,84.0,1.0,1.0,0.0,0.0,0.29,0.06,0.0,255.0,24.0,0.09,0.06,0.0,0.0,1.0,1.0,0.0,1.0,15855.0
0.0,0.0,13.0,9.0,8.0,0.0,0.0,0.0,0.0,0.0,0.0,0.0,0.0,1.0,0.0,0.0,0.0,0.0,1.0,0.0,1.0,2.0,8.0,1.0,0.0,1.0,0.5,0.0,0.0,0.0,1.0,123708.0
0.0,1.0,32.0,5.0,0.0,0.0,0.0,0.0,0.0,0.0,0.0,0.0,0.0,287.0,1.0,1.0,0.0,0.0,0.08,0.05,0.0,255.0,22.0,0.09,0.05,0.0,0.0,1.0,1.0,0.0,1.0,81886.0
0.0,1.0,55.0,5.0,0.0,0.0,0.0,0.0,0.0,0.0,0.0,0.0,0.0,300.0,1.0,1.0,0.0,0.0,0.03,0.05,0.0,255.0,10.0,0.04,0.05,0.0,0.0,1.0,1.0,0.0,1.0,33577.0
4868.0,1.0,41.0,4.0,1.0,0.0,0.0,0.0,0.0,0.0,0.0,0.0,0.0,2.0,0.0,0.0,1.0,1.0,1.0,0.0,0.0,255.0,2.0,0.01,0.74,1.0,0.0,0.0,0.0,1.0,1.0,123816.0
0.0,2.0,46.0,9.0,1.0,0.0,0.0,0.0,0.0,0.0,0.0,0.0,0.0,31.0,0.0,0.0,0.0,0.0,0.06,0.13,0.0,255.0,2.0,0.01,0.08,0.22,0.0,0.0,0.0,0.0,1.0,46757.0
0.0,1.0,19.0,9.0,334.0,0.0,0.0,0.0,1.0,0.0,0.0,0.0,0.0,2.0,0.0,0.0,0.0,0.0,1.0,0.0,0.0,13.0,66.0,0.85,0.23,1.0,0.11,0.15,0.02,0.0,1.0,61564.0
0.0,0.0,13.0,9.0,8.0,0.0,0.0,0.0,0.0,0.0,0.0,0.0,0.0,1.0,0.0,0.0,0.0,0.0,1.0,0.0,1.0,1.0,127.0,1.0,0.0,1.0,0.5,0.0,0.0,0.0,1.0,22936.0
0.0,2.0,11.0,9.0,32.0,102.0,0.0,0.0,0.0,0.0,0.0,0.0,0.0,6.0,0.0,0.0,0.0,0.0,1.0,0.0,0.0,159.0,150.0,0.94,0.02,0.01,0.0,0.0,0.0,0.0,0.0,4558.0
0.0,0.0,14.0,9.0,520.0,0.0,0.0,0.0,0.0,0.0,0.0,0.0,0.0,204.0,0.0,0.0,0.0,0.0,1.0,0.0,0.0,255.0,255.0,1.0,0.0,1.0,0.0,0.0,0.0,0.0,1.0,44387.0
0.0,1.0,46.0,5.0,0.0,0.0,0.0,0.0,0.0,0.0,0.0,0.0,0.0,225.0,1.0,1.0,0.0,0.0,0.03,0.06,0.0,255.0,20.0,0.08,0.07,0.0,0.0,1.0,1.0,0.0,1.0,68577.0
0.0,1.0,4.0,5.0,0.0,0.0,0.0,0.0,0.0,0.0,0.0,0.0,0.0,140.0,1.0,1.0,0.0,0.0,0.01,0.07,0.0,255.0,2.0,0.01,0.07,0.0,0.0,1.0,1.0,0.0,1.0,87538.0
0.0,1.0,46.0,1.0,0.0,0.0,0.0,0.0,0.0,0.0,0.0,0.0,0.0,140.0,0.0,0.0,1.0,1.0,0.08,0.06,0.0,115.0,11.0,0.1,0.07,0.01,0.0,0.0,0.0,1.0,1.0,30106.0
0.0,1.0,20.0,1.0,0.0,0.0,0.0,0.0,0.0,0.0,0.0,0.0,0.0,144.0,0.0,0.0,1.0,1.0,0.01,0.06,0.0,255.0,2.0,0.01,0.07,0.0,0.0,0.0,0.0,1.0,1.0,81194.0
0.0,0.0,13.0,9.0,8.0,0.0,0.0,0.0,0.0,0.0,0.0,0.0,0.0,1.0,0.0,0.0,0.0,0.0,1.0,0.0,1.0,2.0,30.0,1.0,0.0,1.0,0.27,0.0,0.0,0.0,1.0,70343.0
0.0,1.0,22.0,1.0,0.0,0.0,0.0,0.0,0.0,0.0,0.0,0.0,0.0,1.0,0.0,0.0,1.0,1.0,1.0,0.0,0.0,32.0,255.0,1.0,0.0,0.03,0.27,0.0,0.0,0.95,0.0,80915.0
0.0,1.0,46.0,1.0,0.0,0.0,0.0,0.0,0.0,0.0,0.0,0.0,0.0,2.0,0.0,0.0,1.0,1.0,0.5,1.0,0.0,255.0,1.0,0.0,0.75,0.73,0.0,0.0,0.0,1.0,1.0,30059.0
0.0,1.0,29.0,5.0,0.0,0.0,0.0,0.0,0.0,0.0,0.0,0.0,0.0,142.0,1.0,1.0,0.0,0.0,0.14,0.06,0.0,255.0,19.0,0.07,0.07,0.0,0.0,1.0,1.0,0.0,1.0,75337.0
1079.0,2.0,41.0,9.0,147.0,105.0,0.0,0.0,0.0,0.0,0.0,0.0,0.0,3.0,0.0,0.0,0.0,0.0,0.33,0.67,0.0,255.0,3.0,0.01,0.54,0.87,0.0,0.0,0.0,0.0,0.0,35866.0
0.0,1.0,15.0,5.0,0.0,0.0,0.0,0.0,0.0,0.0,0.0,0.0,0.0,142.0,1.0,1.0,0.0,0.0,0.08,0.06,0.0,255.0,12.0,0.05,0.06,0.0,0.0,1.0,1.0,0.0,1.0,89142.0
0.0,1.0,46.0,5.0,0.0,0.0,0.0,0.0,0.0,0.0,0.0,0.0,0.0,265.0,1.0,1.0,0.0,0.0,0.06,0.06,0.0,255.0,4.0,0.02,0.08,0.0,0.0,1.0,1.0,0.0,1.0,22071.0
0.0,0.0,13.0,9.0,8.0,0.0,0.0,0.0,0.0,0.0,0.0,0.0,0.0,1.0,0.0,0.0,0.0,0.0,1.0,0.0,1.0,2.0,255.0,1.0,0.0,1.0,0.5,0.0,0.0,0.0,1.0,70127.0
0.0,1.0,27.0,5.0,0.0,0.0,0.0,0.0,0.0,0.0,0.0,0.0,0.0,122.0,1.0,1.0,0.0,0.0,0.01,0.07,0.0,255.0,1.0,0.0,0.07,0.0,0.0,1.0,1.0,0.0,1.0,83293.0
0.0,1.0,56.0,5.0,0.0,0.0,0.0,0.0,0.0,0.0,0.0,0.0,0.0,140.0,1.0,1.0,0.0,0.0,0.12,0.06,0.0,255.0,17.0,0.07,0.07,0.0,0.0,1.0,1.0,0.0,1.0,37264.0
0.0,2.0,11.0,9.0,42.0,76.0,0.0,0.0,0.0,0.0,0.0,0.0,0.0,161.0,0.0,0.0,0.0,0.0,1.0,0.0,0.0,255.0,225.0,0.88,0.01,0.01,0.0,0.0,0.0,0.0,0.0,111644.0
0.0,1.0,17.0,4.0,0.0,0.0,0.0,0.0,0.0,0.0,0.0,0.0,0.0,1.0,0.0,0.0,1.0,0.5,1.0,0.0,1.0,255.0,2.0,0.01,0.32,0.31,0.0,0.0,0.0,0.5,1.0,44605.0
0.0,1.0,10.0,5.0,0.0,0.0,0.0,0.0,0.0,0.0,0.0,0.0,0.0,240.0,1.0,1.0,0.0,0.0,0.01,0.07,0.0,255.0,3.0,0.01,0.07,0.0,0.0,1.0,1.0,0.0,1.0,73974.0
0.0,1.0,46.0,5.0,0.0,0.0,0.0,0.0,0.0,0.0,0.0,0.0,0.0,142.0,1.0,1.0,0.0,0.0,0.02,0.06,0.0,92.0,3.0,0.03,0.08,0.01,0.0,1.0,1.0,0.0,1.0,34018.0
2594.0,2.0,41.0,9.0,146.0,105.0,0.0,0.0,0.0,0.0,0.0,0.0,0.0,1.0,0.0,0.0,0.0,0.0,1.0,0.0,0.0,255.0,1.0,0.0,0.88,0.98,0.0,0.0,0.0,0.0,0.0,98889.0
0.0,2.0,11.0,9.0,75.0,43.0,0.0,0.0,0.0,0.0,0.0,0.0,0.0,108.0,0.0,0.0,0.0,0.0,1.0,0.0,0.0,255.0,166.0,0.65,0.01,0.18,0.0,0.0,0.0,0.0,0.0,49015.0
0.0,1.0,64.0,5.0,0.0,0.0,0.0,0.0,0.0,0.0,0.0,0.0,0.0,253.0,1.0,1.0,0.0,0.0,0.03,0.05,0.0,255.0,8.0,0.03,0.05,0.0,0.0,1.0,1.0,0.0,1.0,57679.0
0.0,2.0,41.0,9.0,1.0,0.0,0.0,0.0,0.0,0.0,0.0,0.0,0.0,17.0,0.0,0.0,0.0,0.0,0.12,0.18,0.0,255.0,2.0,0.01,0.2,0.62,0.0,0.0,0.0,0.0,1.0,49030.0
8535.0,1.0,41.0,4.0,1.0,0.0,0.0,0.0,0.0,0.0,0.0,0.0,0.0,2.0,0.0,0.0,1.0,1.0,1.0,0.0,0.0,255.0,2.0,0.01,0.69,1.0,0.0,0.0,0.0,1.0,1.0,60356.0
0.0,1.0,3.0,5.0,0.0,0.0,0.0,0.0,0.0,0.0,0.0,0.0,0.0,243.0,1.0,1.0,0.0,0.0,0.02,0.07,0.0,255.0,5.0,0.02,0.07,0.0,0.0,1.0,1.0,0.0,1.0,55459.0
0.0,0.0,14.0,9.0,1032.0,0.0,0.0,0.0,0.0,0.0,0.0,0.0,0.0,511.0,0.0,0.0,0.0,0.0,1.0,0.0,0.0,255.0,16.0,0.06,0.05,0.06,0.0,0.36,0.0,0.0,1.0,83302.0
0.0,1.0,46.0,5.0,0.0,0.0,0.0,0.0,0.0,0.0,0.0,0.0,0.0,273.0,1.0,1.0,0.0,0.0,0.07,0.06,0.0,255.0,1.0,0.0,0.07,0.0,0.0,1.0,1.0,0.0,1.0,3302.0
0.0,1.0,46.0,5.0,0.0,0.0,0.0,0.0,0.0,0.0,0.0,0.0,0.0,38.0,1.0,1.0,0.0,0.0,0.29,0.13,0.0,255.0,11.0,0.04,0.09,0.0,0.0,1.0,1.0,0.0,1.0,32125.0
0.0,1.0,56.0,1.0,0.0,0.0,0.0,0.0,0.0,0.0,0.0,0.0,0.0,140.0,0.0,0.0,1.0,1.0,0.07,0.06,0.0,255.0,8.0,0.03,0.07,0.0,0.0,0.0,0.0,1.0,1.0,95820.0
0.0,0.0,13.0,9.0,18.0,0.0,0.0,0.0,0.0,0.0,0.0,0.0,0.0,1.0,0.0,0.0,0.0,0.0,1.0,0.0,0.0,1.0,25.0,1.0,0.0,1.0,1.0,0.0,0.0,0.0,1.0,73406.0
0.0,2.0,46.0,9.0,28.0,0.0,3.0,0.0,0.0,0.0,0.0,0.0,0.0,34.0,0.0,0.0,0.0,0.0,1.0,0.0,0.0,237.0,34.0,0.14,0.05,0.14,0.0,0.02,0.0,0.0,1.0,1298.0
0.0,1.0,46.0,1.0,0.0,0.0,0.0,0.0,0.0,0.0,0.0,0.0,0.0,195.0,0.0,0.0,1.0,1.0,0.06,0.07,0.0,255.0,12.0,0.05,0.08,0.0,0.0,0.0,0.0,1.0,1.0,58572.0
0.0,1.0,31.0,2.0,0.0,0.0,0.0,0.0,0.0,0.0,0.0,0.0,0.0,140.0,0.0,0.0,1.0,1.0,0.14,0.06,0.0,255.0,19.0,0.07,0.07,0.0,0.0,0.0,0.0,1.0,1.0,15711.0
26421.0,1.0,46.0,4.0,1.0,0.0,0.0,0.0,0.0,0.0,0.0,0.0,0.0,2.0,0.0,0.0,1.0,1.0,1.0,0.0,0.0,255.0,2.0,0.01,0.74,1.0,0.0,0.0,0.0,1.0,1.0,70275.0
0.0,1.0,46.0,5.0,0.0,0.0,0.0,0.0,0.0,0.0,0.0,0.0,0.0,113.0,1.0,1.0,0.0,0.0,0.15,0.05,0.0,255.0,14.0,0.05,0.07,0.0,0.0,1.0,1.0,0.0,1.0,47191.0
0.0,1.0,46.0,5.0,0.0,0.0,0.0,0.0,0.0,0.0,0.0,0.0,0.0,206.0,1.0,1.0,0.0,0.0,0.08,0.06,0.0,255.0,17.0,0.07,0.09,0.0,0.0,1.0,1.0,0.0,1.0,66439.0
0.0,2.0,46.0,9.0,1.0,0.0,0.0,0.0,0.0,0.0,0.0,0.0,0.0,10.0,0.0,0.0,0.0,0.0,1.0,0.0,0.0,255.0,10.0,0.04,0.07,0.14,0.0,0.0,0.0,0.0,1.0,65779.0
0.0,1.0,20.0,5.0,0.0,0.0,0.0,0.0,0.0,0.0,0.0,0.0,0.0,231.0,1.0,1.0,0.0,0.0,0.01,0.07,0.0,255.0,2.0,0.01,0.07,0.0,0.0,1.0,1.0,0.0,1.0,71098.0
0.0,1.0,46.0,1.0,0.0,0.0,0.0,0.0,0.0,0.0,0.0,0.0,0.0,3.0,0.0,0.0,0.67,1.0,0.33,1.0,0.0,255.0,1.0,0.0,0.05,0.0,0.0,0.0,0.0,1.0,1.0,108015.0
0.0,1.0,21.0,5.0,0.0,0.0,0.0,0.0,0.0,0.0,0.0,0.0,0.0,275.0,1.0,1.0,0.0,0.0,0.04,0.07,0.0,255.0,12.0,0.05,0.07,0.0,0.0,1.0,1.0,0.0,1.0,95893.0
0.0,0.0,14.0,9.0,520.0,0.0,0.0,0.0,0.0,0.0,0.0,0.0,0.0,323.0,0.0,0.0,0.0,0.0,1.0,0.0,0.0,255.0,255.0,1.0,0.0,1.0,0.0,0.0,0.0,0.0,1.0,18101.0
0.0,1.0,46.0,5.0,0.0,0.0,0.0,0.0,0.0,0.0,0.0,0.0,0.0,153.0,1.0,1.0,0.0,0.0,0.01,0.07,0.0,255.0,1.0,0.0,0.06,0.0,0.0,1.0,1.0,0.0,1.0,63451.0
0.0,1.0,17.0,5.0,0.0,0.0,0.0,0.0,0.0,0.0,0.0,0.0,0.0,257.0,1.0,1.0,0.0,0.0,0.02,0.07,0.0,255.0,5.0,0.02,0.07,0.0,0.0,1.0,1.0,0.0,1.0,1195.0
0.0,1.0,28.0,5.0,0.0,0.0,0.0,0.0,0.0,0.0,0.0,0.0,0.0,137.0,1.0,1.0,0.0,0.0,0.15,0.07,0.0,255.0,20.0,0.08,0.07,0.0,0.0,1.0,1.0,0.0,1.0,101384.0
0.0,2.0,41.0,9.0,1.0,0.0,0.0,0.0,0.0,0.0,0.0,0.0,0.0,43.0,0.0,0.0,0.0,0.0,0.23,0.09,0.0,255.0,10.0,0.04,0.06,1.0,0.0,0.0,0.0,0.0,1.0,5314.0
0.0,1.0,38.0,5.0,0.0,0.0,0.0,0.0,0.0,0.0,0.0,0.0,0.0,100.0,1.0,1.0,0.0,0.0,0.05,0.07,0.0,255.0,5.0,0.02,0.07,0.0,0.0,1.0,1.0,0.0,1.0,83741.0
0.0,1.0,26.0,1.0,0.0,0.0,0.0,0.0,0.0,0.0,0.0,0.0,0.0,218.0,0.0,0.0,1.0,1.0,0.09,0.06,0.0,255.0,20.0,0.08,0.07,0.0,0.0,0.0,0.0,1.0,1.0,42384.0
0.0,1.0,46.0,5.0,0.0,0.0,0.0,0.0,0.0,0.0,0.0,0.0,0.0,173.0,1.0,1.0,0.0,0.0,0.09,0.06,0.0,255.0,4.0,0.02,0.07,0.0,0.0,1.0,1.0,0.0,1.0,9070.0
0.0,1.0,31.0,5.0,0.0,0.0,0.0,0.0,0.0,0.0,0.0,0.0,0.0,145.0,1.0,1.0,0.0,0.0,0.02,0.05,0.0,255.0,3.0,0.01,0.05,0.0,0.0,1.0,1.0,0.0,1.0,44837.0
0.0,1.0,62.0,2.0,0.0,0.0,0.0,0.0,0.0,0.0,0.0,0.0,0.0,86.0,0.0,0.0,1.0,1.0,0.17,0.07,0.0,255.0,15.0,0.06,0.06,0.0,0.0,0.0,0.0,1.0,1.0,20294.0
0.0,1.0,26.0,1.0,0.0,0.0,0.0,0.0,0.0,0.0,0.0,0.0,0.0,239.0,0.0,0.0,1.0,1.0,0.07,0.07,0.0,255.0,17.0,0.07,0.08,0.0,0.0,0.0,0.0,1.0,1.0,46591.0
0.0,1.0,3.0,5.0,0.0,0.0,0.0,0.0,0.0,0.0,0.0,0.0,0.0,229.0,1.0,1.0,0.0,0.0,0.08,0.05,0.0,255.0,18.0,0.07,0.05,0.0,0.0,1.0,1.0,0.0,1.0,65355.0
0.0,1.0,4.0,5.0,0.0,0.0,0.0,0.0,0.0,0.0,0.0,0.0,0.0,254.0,1.0,1.0,0.0,0.0,0.03,0.06,0.0,255.0,8.0,0.03,0.05,0.0,0.0,1.0,1.0,0.0,1.0,3890.0
0.0,2.0,46.0,9.0,1.0,0.0,0.0,0.0,0.0,0.0,0.0,0.0,0.0,9.0,0.0,0.0,0.0,0.0,1.0,0.0,0.0,255.0,9.0,0.04,0.4,0.8,0.0,0.0,0.0,0.0,1.0,90497.0
0.0,1.0,27.0,5.0,0.0,0.0,0.0,0.0,0.0,0.0,0.0,0.0,0.0,150.0,1.0,1.0,0.0,0.0,0.09,0.05,0.0,255.0,14.0,0.05,0.06,0.0,0.0,1.0,1.0,0.0,1.0,98366.0
0.0,2.0,11.0,9.0,30.0,0.0,0.0,0.0,0.0,0.0,0.0,0.0,0.0,1.0,0.0,0.0,0.0,0.0,1.0,0.0,0.75,255.0,5.0,0.02,0.53,0.02,0.0,0.0,0.0,0.0,0.0,76777.0
0.0,1.0,51.0,2.0,0.0,0.0,0.0,0.0,0.0,0.0,0.0,0.0,0.0,203.0,0.0,0.0,1.0,0.5,0.0,0.07,1.0,255.0,1.0,0.0,0.07,0.0,0.0,0.0,0.0,1.0,1.0,90920.0
0.0,1.0,46.0,5.0,0.0,0.0,0.0,0.0,0.0,0.0,0.0,0.0,0.0,204.0,1.0,1.0,0.0,0.0,0.07,0.05,0.0,255.0,15.0,0.06,0.06,0.0,0.0,1.0,1.0,0.0,1.0,77470.0
0.0,2.0,11.0,9.0,17.0,0.0,0.0,0.0,0.0,0.0,0.0,0.0,0.0,1.0,0.0,0.0,0.0,0.0,1.0,0.0,0.0,255.0,237.0,0.93,0.01,0.0,0.0,0.0,0.0,0.0,0.0,76763.0
0.0,1.0,41.0,1.0,0.0,0.0,0.0,0.0,0.0,0.0,0.0,0.0,0.0,511.0,0.26,0.0,0.74,1.0,0.0,1.0,0.0,255.0,1.0,0.0,1.0,0.0,0.0,0.18,0.0,1.0,1.0,6930.0
0.0,1.0,46.0,5.0,0.0,0.0,0.0,0.0,0.0,0.0,0.0,0.0,0.0,175.0,0.58,1.0,0.0,0.0,0.01,0.05,0.0,255.0,20.0,0.08,0.06,0.0,0.0,1.0,1.0,0.0,1.0,41394.0
0.0,1.0,25.0,5.0,0.0,0.0,0.0,0.0,0.0,0.0,0.0,0.0,0.0,278.0,1.0,1.0,0.0,0.0,0.06,0.06,0.0,255.0,17.0,0.07,0.06,0.0,0.0,1.0,1.0,0.0,1.0,96866.0
0.0,2.0,11.0,9.0,34.0,0.0,0.0,0.0,0.0,0.0,0.0,0.0,0.0,1.0,0.0,0.0,0.0,0.0,1.0,0.0,1.0,97.0,10.0,0.07,0.06,0.07,0.2,0.0,0.0,0.0,0.0,103652.0
0.0,1.0,62.0,2.0,0.0,0.0,0.0,0.0,0.0,0.0,0.0,0.0,0.0,104.0,0.0,0.0,1.0,1.0,0.01,0.08,0.0,255.0,1.0,0.0,0.07,0.0,0.0,0.0,0.0,1.0,1.0,53703.0
0.0,1.0,41.0,1.0,0.0,0.0,0.0,0.0,0.0,0.0,0.0,0.0,0.0,511.0,0.12,0.0,0.88,1.0,0.0,1.0,0.0,255.0,1.0,0.0,1.0,0.0,0.0,0.14,0.0,1.0,1.0,96336.0
0.0,1.0,46.0,1.0,0.0,0.0,0.0,0.0,0.0,0.0,0.0,0.0,0.0,104.0,0.0,0.0,1.0,1.0,0.17,0.08,0.0,255.0,18.0,0.07,0.07,0.0,0.0,0.0,0.0,1.0,1.0,1049.0
0.0,1.0,25.0,5.0,0.0,0.0,0.0,0.0,0.0,0.0,0.0,0.0,0.0,265.0,1.0,1.0,0.0,0.0,0.05,0.06,0.0,255.0,15.0,0.06,0.07,0.0,0.0,1.0,1.0,0.0,1.0,15010.0
0.0,1.0,25.0,5.0,0.0,0.0,0.0,0.0,0.0,0.0,0.0,0.0,0.0,256.0,1.0,1.0,0.0,0.0,0.03,0.06,0.0,255.0,11.0,0.04,0.07,0.0,0.0,1.0,1.0,0.0,1.0,100702.0
0.0,1.0,38.0,5.0,0.0,0.0,0.0,0.0,0.0,0.0,0.0,0.0,0.0,126.0,1.0,1.0,0.0,0.0,0.06,0.06,0.0,255.0,8.0,0.03,0.07,0.0,0.0,1.0,1.0,0.0,1.0,65958.0
0.0,1.0,12.0,4.0,0.0,0.0,0.0,0.0,0.0,0.0,0.0,0.0,0.0,1.0,0.0,0.0,1.0,1.0,1.0,0.0,0.0,255.0,1.0,0.0,1.0,1.0,0.0,0.0,0.0,1.0,1.0,6075.0
0.0,1.0,12.0,5.0,0.0,0.0,0.0,0.0,0.0,0.0,0.0,0.0,0.0,267.0,1.0,1.0,0.0,0.0,0.01,0.06,0.0,255.0,17.0,0.07,0.06,0.0,0.0,1.0,1.0,0.0,1.0,54880.0
0.0,1.0,46.0,5.0,0.0,0.0,0.0,0.0,0.0,0.0,0.0,0.0,0.0,265.0,1.0,1.0,0.0,0.0,0.05,0.06,0.0,255.0,11.0,0.04,0.08,0.0,0.0,1.0,1.0,0.0,1.0,7435.0
0.0,1.0,46.0,5.0,0.0,0.0,0.0,0.0,0.0,0.0,0.0,0.0,0.0,130.0,1.0,1.0,0.0,0.0,0.15,0.05,0.0,255.0,1.0,0.0,0.07,0.0,0.0,1.0,1.0,0.0,1.0,124560.0
0.0,1.0,41.0,1.0,0.0,0.0,0.0,0.0,0.0,0.0,0.0,0.0,0.0,378.0,0.09,0.0,0.9,1.0,0.0,1.0,0.0,255.0,1.0,0.0,1.0,0.0,0.0,0.11,0.0,1.0,1.0,24506.0
0.0,1.0,46.0,5.0,0.0,0.0,0.0,0.0,0.0,0.0,0.0,0.0,0.0,130.0,1.0,1.0,0.0,0.0,0.09,0.05,0.0,255.0,2.0,0.01,0.07,0.0,0.0,1.0,1.0,0.0,1.0,11874.0
0.0,1.0,6.0,1.0,0.0,0.0,0.0,0.0,0.0,0.0,0.0,0.0,0.0,225.0,0.0,0.0,1.0,1.0,0.03,0.07,0.0,255.0,6.0,0.02,0.09,0.0,0.0,0.0,0.0,1.0,1.0,21441.0
0.0,0.0,13.0,9.0,8.0,0.0,0.0,0.0,0.0,0.0,0.0,0.0,0.0,1.0,0.0,0.0,0.0,0.0,1.0,0.0,1.0,2.0,32.0,1.0,0.0,1.0,0.5,0.0,0.0,0.0,1.0,19072.0
0.0,1.0,46.0,5.0,0.0,0.0,0.0,0.0,0.0,0.0,0.0,0.0,0.0,116.0,1.0,1.0,0.0,0.0,0.17,0.08,0.0,255.0,20.0,0.08,0.07,0.0,0.0,1.0,1.0,0.0,1.0,6009.0
0.0,1.0,36.0,5.0,0.0,0.0,0.0,0.0,0.0,0.0,0.0,0.0,0.0,292.0,1.0,1.0,0.0,0.0,0.03,0.05,0.0,255.0,6.0,0.02,0.09,0.0,0.0,1.0,1.0,0.0,1.0,100181.0
611.0,2.0,41.0,9.0,146.0,105.0,0.0,0.0,0.0,0.0,0.0,0.0,0.0,1.0,0.0,0.0,0.0,0.0,1.0,0.0,0.0,255.0,4.0,0.02,0.35,0.72,0.0,0.0,0.0,0.0,0.0,77502.0
0.0,2.0,11.0,9.0,45.0,80.0,0.0,0.0,0.0,0.0,0.0,0.0,0.0,152.0,0.0,0.0,0.0,0.0,1.0,0.0,0.02,255.0,231.0,0.91,0.01,0.0,0.0,0.0,0.0,0.0,0.0,18375.0
0.0,1.0,54.0,5.0,0.0,0.0,0.0,0.0,0.0,0.0,0.0,0.0,0.0,120.0,1.0,1.0,0.0,0.0,0.04,0.07,0.0,255.0,4.0,0.02,0.06,0.0,0.0,1.0,1.0,0.0,1.0,97570.0
0.0,1.0,4.0,5.0,0.0,0.0,0.0,0.0,0.0,0.0,0.0,0.0,0.0,297.0,1.0,1.0,0.0,0.0,0.03,0.05,0.0,255.0,11.0,0.04,0.07,0.0,0.0,1.0,1.0,0.0,1.0,3008.0
0.0,1.0,46.0,5.0,0.0,0.0,0.0,0.0,0.0,0.0,0.0,0.0,0.0,218.0,1.0,1.0,0.0,0.0,0.06,0.06,0.0,255.0,12.0,0.05,0.08,0.0,0.0,1.0,1.0,0.0,1.0,86623.0
0.0,1.0,46.0,5.0,0.0,0.0,0.0,0.0,0.0,0.0,0.0,0.0,0.0,150.0,1.0,1.0,0.0,0.0,0.07,0.05,0.0,255.0,8.0,0.03,0.07,0.0,0.0,1.0,1.0,0.0,1.0,28395.0
0.0,1.0,46.0,5.0,0.0,0.0,0.0,0.0,0.0,0.0,0.0,0.0,0.0,131.0,1.0,1.0,0.0,0.0,0.12,0.06,0.0,255.0,33.0,0.13,0.06,0.0,0.0,1.0,1.0,0.0,1.0,105322.0
0.0,2.0,11.0,9.0,45.0,132.0,0.0,0.0,0.0,0.0,0.0,0.0,0.0,135.0,0.0,0.0,0.0,0.0,1.0,0.0,0.0,255.0,254.0,1.0,0.01,0.0,0.0,0.0,0.0,0.0,0.0,41936.0
0.0,1.0,46.0,5.0,0.0,0.0,0.0,0.0,0.0,0.0,0.0,0.0,0.0,76.0,1.0,1.0,0.0,0.0,0.12,0.07,0.0,255.0,9.0,0.04,0.05,0.0,0.0,1.0,1.0,0.0,1.0,120558.0
0.0,0.0,14.0,9.0,1032.0,0.0,0.0,0.0,0.0,0.0,0.0,0.0,0.0,511.0,0.0,0.0,0.0,0.0,1.0,0.0,0.0,255.0,70.0,0.27,0.02,0.27,0.0,0.02,0.0,0.0,1.0,65767.0
0.0,0.0,13.0,9.0,8.0,0.0,0.0,0.0,0.0,0.0,0.0,0.0,0.0,1.0,0.0,0.0,0.0,0.0,1.0,0.0,1.0,1.0,149.0,1.0,0.0,1.0,0.5,0.0,0.0,0.0,1.0,51602.0
0.0,2.0,46.0,9.0,1.0,0.0,0.0,0.0,0.0,0.0,0.0,0.0,0.0,20.0,0.0,0.0,0.0,0.0,0.25,0.15,0.0,255.0,12.0,0.05,0.82,0.2,0.0,0.03,0.0,0.0,1.0,95925.0
0.0,1.0,46.0,5.0,0.0,0.0,0.0,0.0,0.0,0.0,0.0,0.0,0.0,160.0,1.0,1.0,0.0,0.0,0.01,0.08,0.0,255.0,1.0,0.0,0.08,0.0,0.0,1.0,1.0,0.0,1.0,28848.0
0.0,0.0,13.0,9.0,8.0,0.0,0.0,0.0,0.0,0.0,0.0,0.0,0.0,1.0,0.0,0.0,0.0,0.0,1.0,0.0,1.0,1.0,38.0,1.0,0.0,1.0,0.53,0.0,0.0,0.0,1.0,114029.0
0.0,1.0,46.0,5.0,0.0,0.0,0.0,0.0,0.0,0.0,0.0,0.0,0.0,263.0,1.0,1.0,0.0,0.0,0.02,0.05,0.0,255.0,6.0,0.02,0.07,0.0,0.0,1.0,1.0,0.0,1.0,45818.0
0.0,1.0,46.0,5.0,0.0,0.0,0.0,0.0,0.0,0.0,0.0,0.0,0.0,26.0,1.0,1.0,0.0,0.0,0.81,0.08,0.0,255.0,21.0,0.08,0.06,0.0,0.0,1.0,1.0,0.0,1.0,99081.0
2.0,1.0,46.0,4.0,0.0,0.0,0.0,0.0,0.0,0.0,0.0,0.0,0.0,403.0,0.0,0.0,1.0,1.0,0.0,0.52,0.0,255.0,2.0,0.01,0.52,1.0,0.0,0.0,0.0,1.0,1.0,38564.0
0.0,1.0,46.0,5.0,0.0,0.0,0.0,0.0,0.0,0.0,0.0,0.0,0.0,30.0,1.0,1.0,0.0,0.0,0.03,0.13,0.0,255.0,4.0,0.02,0.08,0.0,0.0,1.0,1.0,0.0,1.0,35706.0
0.0,1.0,46.0,5.0,0.0,0.0,0.0,0.0,0.0,0.0,0.0,0.0,0.0,138.0,1.0,1.0,0.0,0.0,0.01,0.06,0.0,255.0,6.0,0.02,0.06,0.0,0.0,1.0,1.0,0.0,1.0,10016.0
26030.0,1.0,46.0,4.0,1.0,0.0,0.0,0.0,0.0,0.0,0.0,0.0,0.0,2.0,0.0,0.0,1.0,1.0,1.0,0.0,0.0,255.0,2.0,0.01,0.71,1.0,0.0,0.0,0.0,1.0,1.0,30414.0
0.0,1.0,2.0,1.0,0.0,0.0,0.0,0.0,0.0,0.0,0.0,0.0,0.0,246.0,0.0,0.0,1.0,1.0,0.08,0.07,0.0,255.0,20.0,0.08,0.07,0.0,0.0,0.0,0.0,1.0,1.0,32099.0
0.0,0.0,13.0,9.0,8.0,0.0,0.0,0.0,0.0,0.0,0.0,0.0,0.0,1.0,0.0,0.0,0.0,0.0,1.0,0.0,1.0,2.0,90.0,1.0,0.0,1.0,0.5,0.0,0.0,0.0,1.0,12339.0
0.0,1.0,55.0,5.0,0.0,0.0,0.0,0.0,0.0,0.0,0.0,0.0,0.0,219.0,1.0,1.0,0.0,0.0,0.03,0.07,0.0,255.0,7.0,0.03,0.08,0.0,0.0,1.0,1.0,0.0,1.0,15587.0
0.0,1.0,2.0,1.0,0.0,0.0,0.0,0.0,0.0,0.0,0.0,0.0,0.0,207.0,0.0,0.0,1.0,1.0,0.02,0.07,0.0,255.0,5.0,0.02,0.07,0.0,0.0,0.0,0.0,1.0,1.0,89586.0
0.0,1.0,57.0,5.0,0.0,0.0,0.0,0.0,0.0,0.0,0.0,0.0,0.0,299.0,1.0,1.0,0.0,0.0,0.05,0.05,0.0,255.0,2.0,0.01,0.08,0.0,0.0,1.0,1.0,0.0,1.0,88706.0
0.0,1.0,22.0,5.0,0.0,0.0,0.0,0.0,0.0,0.0,0.0,0.0,0.0,231.0,1.0,0.15,0.0,0.0,0.01,0.07,0.1,255.0,3.0,0.01,0.07,0.0,0.0,1.0,1.0,0.0,1.0,94844.0
0.0,1.0,28.0,5.0,0.0,0.0,0.0,0.0,0.0,0.0,0.0,0.0,0.0,142.0,1.0,1.0,0.0,0.0,0.07,0.06,0.0,255.0,10.0,0.04,0.06,0.0,0.0,1.0,1.0,0.0,1.0,12196.0
0.0,1.0,20.0,5.0,0.0,0.0,0.0,0.0,0.0,0.0,0.0,0.0,0.0,187.0,1.0,1.0,0.0,0.0,0.01,0.06,0.0,255.0,1.0,0.0,0.07,0.0,0.0,1.0,1.0,0.0,1.0,46845.0
0.0,1.0,2.0,1.0,0.0,0.0,0.0,0.0,0.0,0.0,0.0,0.0,0.0,110.0,0.0,0.0,1.0,1.0,0.05,0.06,0.0,255.0,5.0,0.02,0.06,0.0,0.0,0.0,0.0,1.0,1.0,103587.0
0.0,1.0,52.0,5.0,0.0,0.0,0.0,0.0,0.0,0.0,0.0,0.0,0.0,12.0,1.0,1.0,0.0,0.0,0.08,0.5,0.0,255.0,12.0,0.05,0.09,0.0,0.0,1.0,1.0,0.0,1.0,124415.0
0.0,1.0,46.0,5.0,0.0,0.0,0.0,0.0,0.0,0.0,0.0,0.0,0.0,159.0,1.0,1.0,0.0,0.0,0.16,0.05,0.0,255.0,25.0,0.1,0.05,0.0,0.0,1.0,1.0,0.0,1.0,120013.0
0.0,2.0,46.0,9.0,1.0,0.0,0.0,0.0,0.0,0.0,0.0,0.0,0.0,16.0,0.0,0.0,0.0,0.0,0.19,0.12,0.0,255.0,6.0,0.02,0.93,0.07,0.0,0.13,0.0,0.0,1.0,32285.0
0.0,1.0,22.0,5.0,0.0,0.0,0.0,0.0,0.0,0.0,0.0,0.0,0.0,283.0,1.0,1.0,0.0,0.0,0.04,0.06,0.0,255.0,10.0,0.04,0.05,0.0,0.0,1.0,1.0,0.0,1.0,125797.0
0.0,1.0,63.0,5.0,0.0,0.0,0.0,0.0,0.0,0.0,0.0,0.0,0.0,258.0,1.0,1.0,0.0,0.0,0.04,0.06,0.0,255.0,10.0,0.04,0.07,0.0,0.0,1.0,1.0,0.0,1.0,120973.0
0.0,1.0,46.0,5.0,0.0,0.0,0.0,0.0,0.0,0.0,0.0,0.0,0.0,299.0,1.0,1.0,0.0,0.0,0.07,0.05,0.0,255.0,7.0,0.03,0.07,0.0,0.0,1.0,1.0,0.0,1.0,90793.0
0.0,1.0,19.0,5.0,0.0,0.0,0.0,0.0,0.0,0.0,0.0,0.0,0.0,133.0,1.0,1.0,0.0,0.0,0.11,0.06,0.0,255.0,2.0,0.01,0.07,0.0,0.0,1.0,1.0,0.0,1.0,50624.0
0.0,1.0,26.0,1.0,0.0,0.0,0.0,0.0,0.0,0.0,0.0,0.0,0.0,260.0,0.0,0.0,1.0,1.0,0.02,0.07,0.0,255.0,6.0,0.02,0.08,0.0,0.0,0.0,0.0,1.0,1.0,30841.0
0.0,1.0,21.0,5.0,0.0,0.0,0.0,0.0,0.0,0.0,0.0,0.0,0.0,291.0,1.0,1.0,0.0,0.0,0.08,0.05,0.0,255.0,24.0,0.09,0.05,0.0,0.0,1.0,1.0,0.0,1.0,42400.0
0.0,0.0,13.0,9.0,18.0,0.0,0.0,0.0,0.0,0.0,0.0,0.0,0.0,1.0,0.0,0.0,0.0,0.0,1.0,0.0,0.0,4.0,44.0,1.0,0.0,1.0,0.25,0.0,0.0,0.0,1.0,86090.0
39333.0,1.0,46.0,4.0,1.0,0.0,0.0,0.0,0.0,0.0,0.0,0.0,0.0,2.0,0.0,0.0,1.0,1.0,1.0,0.0,0.0,255.0,2.0,0.01,0.51,1.0,0.0,0.0,0.0,1.0,1.0,112112.0
30659.0,1.0,46.0,4.0,1.0,0.0,0.0,0.0,0.0,0.0,0.0,0.0,0.0,2.0,0.0,0.0,1.0,1.0,1.0,0.0,0.0,255.0,2.0,0.01,0.73,1.0,0.0,0.0,0.0,1.0,1.0,85694.0
0.0,1.0,46.0,5.0,0.0,0.0,0.0,0.0,0.0,0.0,0.0,0.0,0.0,137.0,1.0,1.0,0.0,0.0,0.11,0.06,0.0,255.0,7.0,0.03,0.07,0.0,0.0,1.0,1.0,0.0,1.0,111160.0
0.0,1.0,34.0,5.0,0.0,0.0,0.0,0.0,0.0,0.0,0.0,0.0,0.0,80.0,1.0,1.0,0.0,0.0,0.06,0.08,0.0,255.0,1.0,0.0,0.08,0.0,0.0,1.0,1.0,0.0,1.0,101447.0
0.0,1.0,6.0,1.0,0.0,0.0,0.0,0.0,0.0,0.0,0.0,0.0,0.0,265.0,0.0,0.0,1.0,1.0,0.08,0.06,0.0,255.0,20.0,0.08,0.07,0.0,0.0,0.0,0.0,1.0,1.0,20316.0
0.0,1.0,46.0,5.0,0.0,0.0,0.0,0.0,0.0,0.0,0.0,0.0,0.0,202.0,1.0,1.0,0.0,0.0,0.12,0.05,0.0,255.0,24.0,0.09,0.06,0.0,0.0,1.0,1.0,0.0,1.0,9079.0
0.0,2.0,11.0,9.0,46.0,133.0,0.0,0.0,0.0,0.0,0.0,0.0,0.0,64.0,0.0,0.0,0.0,0.0,1.0,0.0,0.01,122.0,200.0,0.88,0.02,0.88,0.01,0.0,0.0,0.0,0.0,7975.0
0.0,0.0,13.0,9.0,8.0,0.0,0.0,0.0,0.0,0.0,0.0,0.0,0.0,1.0,0.0,0.0,0.0,0.0,1.0,0.0,1.0,2.0,10.0,1.0,0.0,1.0,0.5,0.0,0.0,0.0,1.0,20225.0
0.0,0.0,14.0,9.0,1032.0,0.0,0.0,0.0,0.0,0.0,0.0,0.0,0.0,510.0,0.0,0.0,0.0,0.0,1.0,0.0,0.0,255.0,73.0,0.29,0.15,0.29,0.0,0.0,0.0,0.0,1.0,120567.0
0.0,2.0,46.0,9.0,1.0,0.0,0.0,0.0,0.0,0.0,0.0,0.0,0.0,8.0,0.0,0.0,0.0,0.0,1.0,0.0,0.0,255.0,8.0,0.03,0.41,0.63,0.0,0.16,0.0,0.0,1.0,49045.0
0.0,1.0,15.0,5.0,0.0,0.0,0.0,0.0,0.0,0.0,0.0,0.0,0.0,148.0,1.0,1.0,0.0,0.0,0.12,0.06,0.0,255.0,18.0,0.07,0.06,0.0,0.0,1.0,1.0,0.0,1.0,54218.0
1.0,1.0,46.0,4.0,0.0,0.0,0.0,0.0,0.0,0.0,0.0,0.0,0.0,60.0,0.0,0.0,1.0,1.0,0.03,0.53,0.0,230.0,2.0,0.01,0.14,0.26,0.0,0.01,0.0,1.0,1.0,52051.0
0.0,1.0,64.0,5.0,0.0,0.0,0.0,0.0,0.0,0.0,0.0,0.0,0.0,294.0,1.0,1.0,0.0,0.0,0.06,0.05,0.0,255.0,5.0,0.02,0.07,0.0,0.0,1.0,1.0,0.0,1.0,52783.0
0.0,1.0,46.0,5.0,0.0,0.0,0.0,0.0,0.0,0.0,0.0,0.0,0.0,144.0,0.97,1.0,0.0,0.0,0.07,0.07,0.0,255.0,13.0,0.05,0.08,0.0,0.0,1.0,1.0,0.0,1.0,31444.0
0.0,1.0,22.0,5.0,0.0,0.0,0.0,0.0,0.0,0.0,0.0,0.0,0.0,12.0,1.0,1.0,0.0,0.0,0.17,0.33,0.0,255.0,25.0,0.1,0.04,0.01,0.0,1.0,1.0,0.0,1.0,103617.0
14502.0,1.0,41.0,4.0,1.0,0.0,0.0,0.0,0.0,0.0,0.0,0.0,0.0,2.0,0.0,0.0,1.0,1.0,1.0,0.0,0.0,255.0,2.0,0.01,0.68,1.0,0.0,0.0,0.0,1.0,1.0,32554.0
0.0,1.0,28.0,5.0,0.0,0.0,0.0,0.0,0.0,0.0,0.0,0.0,0.0,122.0,1.0,1.0,0.0,0.0,0.16,0.06,0.0,255.0,9.0,0.04,0.06,0.0,0.0,1.0,1.0,0.0,1.0,78515.0
0.0,2.0,11.0,9.0,44.0,72.0,0.0,0.0,0.0,0.0,0.0,0.0,0.0,149.0,0.0,0.0,0.0,0.0,1.0,0.0,0.01,255.0,254.0,1.0,0.01,0.0,0.0,0.0,0.0,0.0,0.0,71601.0
0.0,1.0,46.0,5.0,0.0,0.0,0.0,0.0,0.0,0.0,0.0,0.0,0.0,109.0,1.0,1.0,0.0,0.0,0.12,0.06,0.0,255.0,17.0,0.07,0.05,0.0,0.0,1.0,1.0,0.0,1.0,93636.0
0.0,1.0,41.0,5.0,0.0,0.0,0.0,0.0,0.0,0.0,0.0,0.0,0.0,272.0,1.0,1.0,0.0,0.0,0.08,0.05,0.0,255.0,22.0,0.09,0.05,0.0,0.0,1.0,1.0,0.0,1.0,29514.0
0.0,2.0,11.0,9.0,36.0,0.0,0.0,0.0,0.0,0.0,0.0,0.0,0.0,13.0,0.0,0.0,0.0,0.0,1.0,0.0,0.14,26.0,214.0,1.0,0.0,1.0,0.01,0.0,0.0,0.0,0.0,8703.0
0.0,1.0,22.0,5.0,0.0,0.0,0.0,0.0,0.0,0.0,0.0,0.0,0.0,134.0,0.02,1.0,0.98,0.0,0.01,0.58,0.0,255.0,1.0,0.0,0.31,0.53,0.0,0.01,1.0,0.0,1.0,47676.0
0.0,2.0,11.0,9.0,44.0,132.0,0.0,0.0,0.0,0.0,0.0,0.0,0.0,109.0,0.0,0.0,0.0,0.0,1.0,0.0,0.01,255.0,255.0,1.0,0.0,0.0,0.0,0.0,0.0,0.0,0.0,44509.0
0.0,1.0,53.0,1.0,0.0,0.0,0.0,0.0,0.0,0.0,0.0,0.0,0.0,194.0,0.0,0.0,1.0,1.0,0.02,0.07,0.0,255.0,3.0,0.01,0.07,0.0,0.0,0.0,0.0,1.0,1.0,112900.0
0.0,1.0,46.0,5.0,0.0,0.0,0.0,0.0,0.0,0.0,0.0,0.0,0.0,207.0,1.0,1.0,0.0,0.0,0.0,0.06,0.0,255.0,1.0,0.0,0.07,0.0,0.0,1.0,1.0,0.0,1.0,33919.0
0.0,1.0,46.0,1.0,0.0,0.0,0.0,0.0,0.0,0.0,0.0,0.0,0.0,241.0,0.0,0.0,1.0,1.0,0.0,0.07,0.0,255.0,1.0,0.0,0.07,0.0,0.0,0.0,0.0,1.0,1.0,8678.0
0.0,1.0,8.0,5.0,0.0,0.0,0.0,0.0,0.0,0.0,0.0,0.0,0.0,274.0,1.0,1.0,0.0,0.0,0.03,0.06,0.0,255.0,8.0,0.03,0.07,0.0,0.0,1.0,1.0,0.0,1.0,10256.0
0.0,1.0,17.0,5.0,0.0,0.0,0.0,0.0,0.0,0.0,0.0,0.0,0.0,11.0,1.0,1.0,0.0,0.0,0.36,0.36,0.0,255.0,46.0,0.18,0.04,0.02,0.0,1.0,1.0,0.0,1.0,106245.0
0.0,1.0,46.0,5.0,0.0,0.0,0.0,0.0,0.0,0.0,0.0,0.0,0.0,141.0,1.0,1.0,0.0,0.0,0.09,0.06,0.0,255.0,30.0,0.12,0.06,0.0,0.0,1.0,1.0,0.0,1.0,59236.0
0.0,1.0,7.0,5.0,0.0,0.0,0.0,0.0,0.0,0.0,0.0,0.0,0.0,115.0,1.0,1.0,0.0,0.0,0.06,0.06,0.0,255.0,7.0,0.03,0.06,0.0,0.0,1.0,1.0,0.0,1.0,63052.0
0.0,1.0,46.0,5.0,0.0,0.0,0.0,0.0,0.0,0.0,0.0,0.0,0.0,270.0,1.0,1.0,0.0,0.0,0.04,0.06,0.0,255.0,10.0,0.04,0.09,0.0,0.0,1.0,1.0,0.0,1.0,90083.0
0.0,1.0,46.0,5.0,0.0,0.0,0.0,0.0,0.0,0.0,0.0,0.0,0.0,226.0,1.0,1.0,0.0,0.0,0.06,0.06,0.0,255.0,3.0,0.01,0.09,0.0,0.0,1.0,1.0,0.0,1.0,57189.0
0.0,1.0,2.0,5.0,0.0,0.0,0.0,0.0,0.0,0.0,0.0,0.0,0.0,180.0,1.0,1.0,0.0,0.0,0.03,0.08,0.0,255.0,10.0,0.04,0.07,0.0,0.0,1.0,1.0,0.0,1.0,48224.0
0.0,1.0,36.0,5.0,0.0,0.0,0.0,0.0,0.0,0.0,0.0,0.0,0.0,241.0,1.0,1.0,0.0,0.0,0.01,0.07,0.0,255.0,3.0,0.01,0.07,0.0,0.0,1.0,1.0,0.0,1.0,123888.0
0.0,0.0,14.0,9.0,1032.0,0.0,0.0,0.0,0.0,0.0,0.0,0.0,0.0,511.0,0.0,0.0,0.0,0.0,1.0,0.0,0.0,255.0,29.0,0.11,0.11,0.11,0.0,0.11,0.0,0.0,1.0,54815.0
0.0,1.0,46.0,5.0,0.0,0.0,0.0,0.0,0.0,0.0,0.0,0.0,0.0,229.0,1.0,1.0,0.0,0.0,0.01,0.06,0.0,255.0,2.0,0.01,0.07,0.0,0.0,1.0,1.0,0.0,1.0,72743.0
40403.0,1.0,46.0,4.0,1.0,0.0,0.0,0.0,0.0,0.0,0.0,0.0,0.0,2.0,0.0,0.0,1.0,1.0,1.0,0.0,0.0,255.0,2.0,0.01,0.42,0.84,0.0,0.0,0.0,1.0,1.0,20502.0
0.0,0.0,13.0,9.0,8.0,0.0,0.0,0.0,0.0,0.0,0.0,0.0,0.0,1.0,0.0,0.0,0.0,0.0,1.0,0.0,1.0,3.0,67.0,1.0,0.0,1.0,0.25,0.0,0.0,0.0,1.0,44148.0
0.0,1.0,31.0,2.0,0.0,0.0,0.0,0.0,0.0,0.0,0.0,0.0,0.0,126.0,0.0,0.0,1.0,1.0,0.05,0.06,0.0,255.0,6.0,0.02,0.07,0.0,0.0,0.0,0.0,1.0,1.0,58072.0
0.0,1.0,46.0,5.0,0.0,0.0,0.0,0.0,0.0,0.0,0.0,0.0,0.0,99.0,1.0,1.0,0.0,0.0,0.08,0.08,0.0,255.0,5.0,0.02,0.07,0.0,0.0,1.0,1.0,0.0,1.0,13902.0
0.0,0.0,14.0,9.0,1032.0,0.0,0.0,0.0,0.0,0.0,0.0,0.0,0.0,219.0,0.0,0.0,0.0,0.0,1.0,0.0,0.0,255.0,219.0,0.86,0.01,0.86,0.0,0.0,0.0,0.0,1.0,38234.0
0.0,1.0,35.0,1.0,0.0,0.0,0.0,0.0,0.0,0.0,0.0,0.0,0.0,305.0,0.0,0.0,1.0,1.0,0.0,0.52,0.0,255.0,1.0,0.0,0.52,1.0,0.0,0.0,0.0,1.0,1.0,125225.0
0.0,1.0,18.0,2.0,0.0,0.0,0.0,0.0,0.0,0.0,0.0,0.0,0.0,231.0,0.0,0.0,1.0,1.0,0.03,0.07,0.0,255.0,7.0,0.03,0.09,0.0,0.0,0.0,0.0,1.0,1.0,85168.0
0.0,1.0,46.0,5.0,0.0,0.0,0.0,0.0,0.0,0.0,0.0,0.0,0.0,218.0,1.0,1.0,0.0,0.0,0.02,0.06,0.0,255.0,4.0,0.02,0.07,0.0,0.0,1.0,1.0,0.0,1.0,52170.0
0.0,1.0,57.0,2.0,0.0,0.0,0.0,0.0,0.0,0.0,0.0,0.0,0.0,232.0,0.0,0.0,1.0,1.0,0.07,0.07,0.0,255.0,16.0,0.06,0.09,0.0,0.0,0.0,0.0,1.0,1.0,81069.0
3260.0,2.0,11.0,9.0,111.0,45.0,0.0,0.0,0.0,0.0,0.0,0.0,0.0,2.0,0.0,0.0,0.0,0.0,1.0,0.0,0.0,75.0,51.0,0.68,0.04,0.68,0.0,0.0,0.0,0.0,0.0,121598.0
0.0,1.0,8.0,5.0,0.0,0.0,0.0,0.0,0.0,0.0,0.0,0.0,0.0,198.0,1.0,1.0,0.0,0.0,0.02,0.07,0.0,255.0,4.0,0.02,0.07,0.0,0.0,1.0,1.0,0.0,1.0,75902.0
0.0,1.0,46.0,5.0,0.0,0.0,0.0,0.0,0.0,0.0,0.0,0.0,0.0,46.0,1.0,1.0,0.0,0.0,0.04,0.13,0.0,255.0,16.0,0.06,0.07,0.0,0.0,1.0,1.0,0.0,1.0,107229.0
28.0,2.0,11.0,9.0,46.0,46.0,0.0,0.0,0.0,0.0,0.0,0.0,0.0,4.0,0.0,0.0,0.0,0.0,0.25,0.5,0.5,64.0,61.0,0.95,0.03,0.02,0.0,0.0,0.0,0.0,0.0,50941.0
0.0,0.0,14.0,9.0,1032.0,0.0,0.0,0.0,0.0,0.0,0.0,0.0,0.0,444.0,0.0,0.0,0.0,0.0,1.0,0.0,0.0,255.0,255.0,1.0,0.0,1.0,0.0,0.0,0.0,0.0,1.0,124815.0
2560.0,2.0,41.0,9.0,147.0,105.0,0.0,0.0,0.0,0.0,0.0,0.0,0.0,2.0,0.0,0.0,0.0,0.0,1.0,0.0,0.0,255.0,2.0,0.01,0.65,0.99,0.0,0.0,0.0,0.0,0.0,77580.0
0.0,1.0,62.0,5.0,0.0,0.0,0.0,0.0,0.0,0.0,0.0,0.0,0.0,128.0,1.0,1.0,0.0,0.0,0.05,0.06,0.0,255.0,15.0,0.06,0.07,0.0,0.0,1.0,1.0,0.0,1.0,100323.0
0.0,1.0,22.0,5.0,0.0,0.0,0.0,0.0,0.0,0.0,0.0,0.0,0.0,34.0,0.97,0.92,0.03,0.08,0.32,0.15,0.17,255.0,31.0,0.12,0.05,0.02,0.0,1.0,1.0,0.0,1.0,18252.0
0.0,1.0,46.0,5.0,0.0,0.0,0.0,0.0,0.0,0.0,0.0,0.0,0.0,51.0,1.0,1.0,0.0,0.0,0.06,0.12,0.0,255.0,6.0,0.02,0.09,0.0,0.0,1.0,1.0,0.0,1.0,48107.0
0.0,0.0,14.0,9.0,520.0,0.0,0.0,0.0,0.0,0.0,0.0,0.0,0.0,436.0,0.0,0.0,0.0,0.0,1.0,0.0,0.0,25.0,25.0,1.0,0.0,1.0,0.0,0.0,0.0,0.0,1.0,34987.0
1.0,1.0,12.0,4.0,0.0,0.0,0.0,0.0,0.0,0.0,0.0,0.0,0.0,21.0,0.0,0.0,1.0,1.0,0.1,0.52,0.0,191.0,2.0,0.01,0.07,0.11,0.0,0.01,0.0,1.0,1.0,87891.0
0.0,1.0,46.0,5.0,0.0,0.0,0.0,0.0,0.0,0.0,0.0,0.0,0.0,208.0,1.0,1.0,0.0,0.0,0.03,0.07,0.0,255.0,9.0,0.04,0.07,0.0,0.0,1.0,1.0,0.0,1.0,118327.0
0.0,2.0,46.0,9.0,28.0,0.0,3.0,0.0,0.0,0.0,0.0,0.0,0.0,15.0,0.0,0.0,0.0,0.0,1.0,0.0,0.0,255.0,15.0,0.06,0.01,0.06,0.0,0.0,0.0,0.0,1.0,19700.0
0.0,1.0,3.0,5.0,0.0,0.0,0.0,0.0,0.0,0.0,0.0,0.0,0.0,289.0,1.0,1.0,0.0,0.0,0.04,0.06,0.0,255.0,12.0,0.05,0.07,0.0,0.0,1.0,1.0,0.0,1.0,13934.0
0.0,2.0,41.0,9.0,1.0,0.0,0.0,0.0,0.0,0.0,0.0,0.0,0.0,44.0,0.0,0.0,0.0,0.0,0.05,0.2,0.0,255.0,2.0,0.01,0.11,0.34,0.0,0.0,0.0,0.0,1.0,124304.0
0.0,1.0,37.0,5.0,0.0,0.0,0.0,0.0,0.0,0.0,0.0,0.0,0.0,206.0,1.0,1.0,0.0,0.0,0.09,0.07,0.0,255.0,19.0,0.07,0.08,0.0,0.0,1.0,1.0,0.0,1.0,92867.0
0.0,1.0,46.0,1.0,0.0,0.0,0.0,0.0,0.0,0.0,0.0,0.0,0.0,448.0,0.05,0.0,0.94,1.0,0.0,1.0,0.0,255.0,1.0,0.0,1.0,0.0,0.0,0.08,0.0,1.0,1.0,88065.0
0.0,1.0,46.0,1.0,0.0,0.0,0.0,0.0,0.0,0.0,0.0,0.0,0.0,224.0,0.11,0.0,0.88,1.0,0.0,1.0,0.0,255.0,1.0,0.0,0.95,0.0,0.0,0.1,0.0,1.0,1.0,94902.0
0.0,1.0,7.0,5.0,0.0,0.0,0.0,0.0,0.0,0.0,0.0,0.0,0.0,273.0,1.0,1.0,0.0,0.0,0.01,0.06,0.0,255.0,2.0,0.01,0.07,0.0,0.0,1.0,1.0,0.0,1.0,104558.0
0.0,1.0,6.0,5.0,0.0,0.0,0.0,0.0,0.0,0.0,0.0,0.0,0.0,210.0,1.0,1.0,0.0,0.0,0.09,0.06,0.0,255.0,19.0,0.07,0.08,0.0,0.0,1.0,1.0,0.0,1.0,88342.0
0.0,1.0,46.0,5.0,0.0,0.0,0.0,0.0,0.0,0.0,0.0,0.0,0.0,163.0,1.0,1.0,0.0,0.0,0.05,0.07,0.0,255.0,8.0,0.03,0.05,0.0,0.0,1.0,1.0,0.0,1.0,19513.0
0.0,1.0,16.0,5.0,0.0,0.0,0.0,0.0,0.0,0.0,0.0,0.0,0.0,128.0,1.0,1.0,0.0,0.0,0.15,0.05,0.0,255.0,18.0,0.07,0.07,0.0,0.0,1.0,1.0,0.0,1.0,119637.0
0.0,1.0,46.0,5.0,0.0,0.0,0.0,0.0,0.0,0.0,0.0,0.0,0.0,201.0,1.0,1.0,0.0,0.0,0.08,0.07,0.0,255.0,17.0,0.07,0.09,0.0,0.0,1.0,1.0,0.0,1.0,113329.0
0.0,1.0,22.0,1.0,0.0,0.0,0.0,0.0,0.0,0.0,0.0,0.0,0.0,33.0,0.0,0.0,0.88,0.88,1.0,0.0,0.0,89.0,253.0,1.0,0.0,0.01,0.17,0.0,0.0,0.98,0.0,55741.0
0.0,1.0,46.0,1.0,0.0,0.0,0.0,0.0,0.0,0.0,0.0,0.0,0.0,207.0,0.09,0.0,0.9,1.0,0.0,1.0,0.0,255.0,1.0,0.0,0.91,0.0,0.0,0.07,0.0,1.0,1.0,15215.0
0.0,1.0,46.0,5.0,0.0,0.0,0.0,0.0,0.0,0.0,0.0,0.0,0.0,129.0,1.0,1.0,0.0,0.0,0.13,0.05,0.0,255.0,4.0,0.02,0.07,0.0,0.0,1.0,1.0,0.0,1.0,75831.0
0.0,1.0,54.0,5.0,0.0,0.0,0.0,0.0,0.0,0.0,0.0,0.0,0.0,162.0,1.0,1.0,0.0,0.0,0.02,0.07,0.0,255.0,3.0,0.01,0.08,0.0,0.0,1.0,1.0,0.0,1.0,58921.0
0.0,1.0,55.0,5.0,0.0,0.0,0.0,0.0,0.0,0.0,0.0,0.0,0.0,294.0,1.0,1.0,0.0,0.0,0.03,0.05,0.0,255.0,8.0,0.03,0.05,0.0,0.0,1.0,1.0,0.0,1.0,94715.0
0.0,1.0,18.0,2.0,0.0,0.0,0.0,0.0,0.0,0.0,0.0,0.0,0.0,2.0,0.0,0.0,1.0,1.0,0.5,1.0,0.0,255.0,1.0,0.0,0.18,0.11,0.0,0.42,0.0,1.0,1.0,26921.0
0.0,1.0,46.0,5.0,0.0,0.0,0.0,0.0,0.0,0.0,0.0,0.0,0.0,49.0,1.0,1.0,0.0,0.0,0.41,0.1,0.0,255.0,20.0,0.08,0.07,0.0,0.0,1.0,1.0,0.0,1.0,77556.0
0.0,1.0,46.0,5.0,0.0,0.0,0.0,0.0,0.0,0.0,0.0,0.0,0.0,101.0,1.0,1.0,0.0,0.0,0.01,0.06,0.0,255.0,6.0,0.02,0.07,0.0,0.0,1.0,1.0,0.0,1.0,20400.0
1.0,1.0,46.0,3.0,0.0,0.0,0.0,0.0,0.0,0.0,0.0,0.0,0.0,216.0,0.64,0.5,0.36,0.5,0.01,0.42,0.0,255.0,2.0,0.01,0.35,0.85,0.0,0.54,0.5,0.5,1.0,96440.0
0.0,1.0,5.0,1.0,0.0,0.0,0.0,0.0,0.0,0.0,0.0,0.0,0.0,102.0,0.0,0.0,1.0,1.0,0.03,0.07,0.0,255.0,3.0,0.01,0.06,0.0,0.0,0.0,0.0,1.0,1.0,9829.0
0.0,1.0,3.0,5.0,0.0,0.0,0.0,0.0,0.0,0.0,0.0,0.0,0.0,250.0,1.0,1.0,0.0,0.0,0.08,0.06,0.0,255.0,4.0,0.02,0.07,0.0,0.0,1.0,1.0,0.0,1.0,82349.0
0.0,1.0,46.0,5.0,0.0,0.0,0.0,0.0,0.0,0.0,0.0,0.0,0.0,128.0,1.0,1.0,0.0,0.0,0.12,0.06,0.0,255.0,16.0,0.06,0.06,0.0,0.0,1.0,1.0,0.0,1.0,57653.0
0.0,1.0,37.0,5.0,0.0,0.0,0.0,0.0,0.0,0.0,0.0,0.0,0.0,43.0,1.0,1.0,0.0,0.0,0.07,0.14,0.0,255.0,3.0,0.01,0.09,0.0,0.0,1.0,1.0,0.0,1.0,70743.0
0.0,1.0,46.0,5.0,0.0,0.0,0.0,0.0,0.0,0.0,0.0,0.0,0.0,52.0,1.0,1.0,0.0,0.0,0.1,0.12,0.0,255.0,5.0,0.02,0.07,0.0,0.0,1.0,1.0,0.0,1.0,87800.0
0.0,1.0,46.0,5.0,0.0,0.0,0.0,0.0,0.0,0.0,0.0,0.0,0.0,123.0,1.0,1.0,0.0,0.0,0.14,0.06,0.0,255.0,32.0,0.13,0.05,0.0,0.0,1.0,1.0,0.0,1.0,11319.0
0.0,1.0,53.0,1.0,0.0,0.0,0.0,0.0,0.0,0.0,0.0,0.0,0.0,111.0,0.0,0.0,1.0,1.0,0.01,0.08,0.0,255.0,1.0,0.0,0.08,0.0,0.0,0.0,0.0,1.0,1.0,70939.0
0.0,1.0,33.0,5.0,0.0,0.0,0.0,0.0,0.0,0.0,0.0,0.0,0.0,207.0,1.0,1.0,0.0,0.0,0.09,0.06,0.0,255.0,19.0,0.07,0.07,0.0,0.0,1.0,1.0,0.0,1.0,22500.0
0.0,0.0,13.0,9.0,8.0,0.0,0.0,0.0,0.0,0.0,0.0,0.0,0.0,1.0,0.0,0.0,0.0,0.0,1.0,0.0,1.0,1.0,89.0,1.0,0.0,1.0,0.51,0.0,0.0,0.0,1.0,16029.0
0.0,1.0,46.0,4.0,0.0,0.0,0.0,0.0,0.0,0.0,0.0,0.0,0.0,1.0,0.0,0.0,1.0,1.0,1.0,0.0,0.0,255.0,1.0,0.0,0.62,0.61,0.0,0.0,0.0,1.0,1.0,73830.0
0.0,1.0,46.0,5.0,0.0,0.0,0.0,0.0,0.0,0.0,0.0,0.0,0.0,247.0,1.0,1.0,0.0,0.0,0.06,0.06,0.0,255.0,5.0,0.02,0.08,0.0,0.0,1.0,1.0,0.0,1.0,67238.0
0.0,1.0,21.0,5.0,0.0,0.0,0.0,0.0,0.0,0.0,0.0,0.0,0.0,211.0,1.0,1.0,0.0,0.0,0.09,0.07,0.0,255.0,18.0,0.07,0.08,0.0,0.0,1.0,1.0,0.0,1.0,53514.0
0.0,1.0,10.0,5.0,0.0,0.0,0.0,0.0,0.0,0.0,0.0,0.0,0.0,146.0,1.0,1.0,0.0,0.0,0.1,0.05,0.0,255.0,14.0,0.05,0.05,0.0,0.0,1.0,1.0,0.0,1.0,91678.0
0.0,1.0,63.0,5.0,0.0,0.0,0.0,0.0,0.0,0.0,0.0,0.0,0.0,145.0,1.0,1.0,0.0,0.0,0.15,0.04,0.0,255.0,22.0,0.09,0.04,0.0,0.0,1.0,1.0,0.0,1.0,73116.0
0.0,0.0,14.0,9.0,520.0,0.0,0.0,0.0,0.0,0.0,0.0,0.0,0.0,446.0,0.0,0.0,0.0,0.0,1.0,0.0,0.0,195.0,195.0,1.0,0.0,1.0,0.0,0.0,0.0,0.0,1.0,100880.0
0.0,1.0,46.0,1.0,0.0,0.0,0.0,0.0,0.0,0.0,0.0,0.0,0.0,255.0,0.0,0.0,1.0,1.0,0.02,0.07,0.0,255.0,4.0,0.02,0.07,0.0,0.0,0.0,0.0,1.0,1.0,113597.0
0.0,1.0,41.0,5.0,0.0,0.0,0.0,0.0,0.0,0.0,0.0,0.0,0.0,256.0,1.0,1.0,0.0,0.0,0.04,0.07,0.0,255.0,10.0,0.04,0.07,0.0,0.0,1.0,1.0,0.0,1.0,37117.0
0.0,2.0,11.0,9.0,43.0,126.0,0.0,0.0,0.0,0.0,0.0,0.0,0.0,136.0,0.0,0.0,0.0,0.0,0.99,0.01,0.01,255.0,254.0,1.0,0.01,0.0,0.0,0.0,0.0,0.0,0.0,28530.0
0.0,1.0,46.0,5.0,0.0,0.0,0.0,0.0,0.0,0.0,0.0,0.0,0.0,230.0,1.0,1.0,0.0,0.0,0.07,0.07,0.0,255.0,16.0,0.06,0.07,0.0,0.0,1.0,1.0,0.0,1.0,83613.0
0.0,1.0,23.0,1.0,0.0,0.0,0.0,0.0,0.0,0.0,0.0,0.0,0.0,113.0,0.0,0.0,1.0,1.0,0.1,0.07,0.0,255.0,11.0,0.04,0.07,0.0,0.0,0.0,0.0,1.0,1.0,12034.0
22741.0,1.0,46.0,4.0,1.0,0.0,0.0,0.0,0.0,0.0,0.0,0.0,0.0,2.0,0.0,0.0,1.0,1.0,1.0,0.0,0.0,255.0,2.0,0.01,0.73,1.0,0.0,0.0,0.0,1.0,1.0,10242.0
0.0,1.0,46.0,5.0,0.0,0.0,0.0,0.0,0.0,0.0,0.0,0.0,0.0,195.0,1.0,1.0,0.0,0.0,0.04,0.08,0.0,255.0,8.0,0.03,0.08,0.0,0.0,1.0,1.0,0.0,1.0,14389.0
0.0,2.0,11.0,9.0,44.0,85.0,0.0,0.0,0.0,0.0,0.0,0.0,0.0,112.0,0.0,0.0,0.0,0.0,1.0,0.0,0.02,255.0,254.0,1.0,0.01,0.0,0.0,0.0,0.0,0.0,0.0,86038.0
0.0,1.0,62.0,5.0,0.0,0.0,0.0,0.0,0.0,0.0,0.0,0.0,0.0,119.0,1.0,1.0,0.0,0.0,0.05,0.05,0.0,255.0,6.0,0.02,0.05,0.0,0.0,1.0,1.0,0.0,1.0,94140.0
0.0,1.0,17.0,5.0,0.0,0.0,0.0,0.0,0.0,0.0,0.0,0.0,0.0,28.0,1.0,1.0,0.0,0.0,0.39,0.18,0.0,255.0,12.0,0.05,0.08,0.0,0.0,1.0,1.0,0.0,1.0,5168.0
0.0,1.0,32.0,5.0,0.0,0.0,0.0,0.0,0.0,0.0,0.0,0.0,0.0,241.0,1.0,1.0,0.0,0.0,0.02,0.06,0.0,255.0,5.0,0.02,0.07,0.0,0.0,1.0,1.0,0.0,1.0,100557.0
0.0,1.0,21.0,5.0,0.0,0.0,0.0,0.0,0.0,0.0,0.0,0.0,0.0,235.0,1.0,1.0,0.0,0.0,0.03,0.05,0.0,255.0,6.0,0.02,0.06,0.0,0.0,1.0,1.0,0.0,1.0,118396.0
0.0,0.0,14.0,9.0,1032.0,0.0,0.0,0.0,0.0,0.0,0.0,0.0,0.0,239.0,0.0,0.0,0.0,0.0,1.0,0.0,0.0,255.0,255.0,1.0,0.0,1.0,0.0,0.0,0.0,0.0,1.0,69697.0
5385.0,2.0,41.0,9.0,147.0,105.0,0.0,0.0,0.0,0.0,0.0,0.0,0.0,1.0,0.0,0.0,0.0,0.0,1.0,0.0,0.0,255.0,2.0,0.01,0.64,0.97,0.0,0.0,0.0,0.0,0.0,17084.0
0.0,1.0,46.0,5.0,0.0,0.0,0.0,0.0,0.0,0.0,0.0,0.0,0.0,242.0,1.0,1.0,0.0,0.0,0.06,0.06,0.0,255.0,11.0,0.04,0.07,0.0,0.0,1.0,1.0,0.0,1.0,120419.0
0.0,1.0,55.0,5.0,0.0,0.0,0.0,0.0,0.0,0.0,0.0,0.0,0.0,117.0,1.0,1.0,0.0,0.0,0.09,0.07,0.0,255.0,11.0,0.04,0.07,0.0,0.0,1.0,1.0,0.0,1.0,49225.0
0.0,1.0,39.0,5.0,0.0,0.0,0.0,0.0,0.0,0.0,0.0,0.0,0.0,103.0,1.0,1.0,0.0,0.0,0.03,0.05,0.0,255.0,3.0,0.01,0.05,0.0,0.0,1.0,1.0,0.0,1.0,111805.0
0.0,1.0,46.0,1.0,0.0,0.0,0.0,0.0,0.0,0.0,0.0,0.0,0.0,227.0,0.0,0.0,1.0,1.0,0.05,0.06,0.0,255.0,11.0,0.04,0.06,0.0,0.0,0.0,0.0,1.0,1.0,114326.0
0.0,1.0,16.0,5.0,0.0,0.0,0.0,0.0,0.0,0.0,0.0,0.0,0.0,119.0,1.0,1.0,0.0,0.0,0.08,0.06,0.0,255.0,20.0,0.08,0.06,0.0,0.0,1.0,1.0,0.0,1.0,40812.0
0.0,1.0,9.0,5.0,0.0,0.0,0.0,0.0,0.0,0.0,0.0,0.0,0.0,268.0,1.0,1.0,0.0,0.0,0.07,0.06,0.0,255.0,19.0,0.07,0.07,0.0,0.0,1.0,1.0,0.0,1.0,348.0
0.0,1.0,41.0,1.0,0.0,0.0,0.0,0.0,0.0,0.0,0.0,0.0,0.0,390.0,0.07,0.0,0.9,1.0,0.0,1.0,0.0,255.0,1.0,0.0,1.0,0.0,0.0,0.09,0.0,1.0,1.0,33007.0
0.0,1.0,5.0,5.0,0.0,0.0,0.0,0.0,0.0,0.0,0.0,0.0,0.0,149.0,1.0,1.0,0.0,0.0,0.17,0.04,0.0,255.0,25.0,0.1,0.05,0.0,0.0,1.0,1.0,0.0,1.0,89950.0
0.0,1.0,18.0,5.0,0.0,0.0,0.0,0.0,0.0,0.0,0.0,0.0,0.0,247.0,1.0,1.0,0.0,0.0,0.07,0.06,0.0,255.0,18.0,0.07,0.08,0.0,0.0,1.0,1.0,0.0,1.0,59640.0
0.0,1.0,55.0,5.0,0.0,0.0,0.0,0.0,0.0,0.0,0.0,0.0,0.0,221.0,1.0,1.0,0.0,0.0,0.01,0.06,0.0,255.0,2.0,0.01,0.07,0.0,0.0,1.0,1.0,0.0,1.0,118068.0
0.0,2.0,11.0,9.0,43.0,43.0,0.0,0.0,0.0,0.0,0.0,0.0,0.0,123.0,0.0,0.0,0.0,0.0,1.0,0.0,0.0,255.0,224.0,0.88,0.01,0.0,0.0,0.0,0.0,0.0,0.0,31293.0
0.0,0.0,13.0,9.0,30.0,0.0,0.0,0.0,0.0,0.0,0.0,0.0,0.0,5.0,0.0,0.0,0.0,0.0,0.2,0.6,0.0,255.0,29.0,0.11,0.01,0.56,0.0,0.0,0.0,0.0,0.0,114640.0
0.0,1.0,32.0,5.0,0.0,0.0,0.0,0.0,0.0,0.0,0.0,0.0,0.0,111.0,1.0,1.0,0.0,0.0,0.21,0.06,0.0,255.0,5.0,0.02,0.07,0.0,0.0,1.0,1.0,0.0,1.0,39679.0
0.0,1.0,46.0,5.0,0.0,0.0,0.0,0.0,0.0,0.0,0.0,0.0,0.0,124.0,1.0,1.0,0.0,0.0,0.15,0.06,0.0,255.0,14.0,0.05,0.08,0.0,0.0,1.0,1.0,0.0,1.0,20736.0
0.0,1.0,21.0,5.0,0.0,0.0,0.0,0.0,0.0,0.0,0.0,0.0,0.0,17.0,1.0,1.0,0.0,0.0,0.24,0.29,0.0,255.0,5.0,0.02,0.09,0.0,0.0,1.0,1.0,0.0,1.0,92853.0
0.0,1.0,56.0,5.0,0.0,0.0,0.0,0.0,0.0,0.0,0.0,0.0,0.0,263.0,1.0,1.0,0.0,0.0,0.01,0.06,0.0,255.0,6.0,0.02,0.08,0.0,0.0,1.0,1.0,0.0,1.0,123965.0
0.0,1.0,51.0,9.0,2712.0,328.0,0.0,0.0,1.0,0.0,0.0,0.0,0.0,1.0,0.0,0.0,0.0,0.0,1.0,0.0,0.0,165.0,243.0,0.98,0.02,0.01,0.01,0.0,0.0,0.0,0.0,110080.0
0.0,1.0,19.0,5.0,0.0,0.0,0.0,0.0,0.0,0.0,0.0,0.0,0.0,34.0,1.0,1.0,0.0,0.0,0.18,0.12,0.0,255.0,46.0,0.18,0.03,0.0,0.0,1.0,1.0,0.0,1.0,18370.0
0.0,1.0,55.0,5.0,0.0,0.0,0.0,0.0,0.0,0.0,0.0,0.0,0.0,220.0,1.0,1.0,0.0,0.0,0.02,0.07,0.0,255.0,5.0,0.02,0.09,0.0,0.0,1.0,1.0,0.0,1.0,52197.0
0.0,2.0,46.0,9.0,1.0,0.0,0.0,0.0,0.0,0.0,0.0,0.0,0.0,68.0,0.0,0.0,0.0,0.0,0.6,0.06,0.0,255.0,105.0,0.41,0.06,1.0,0.0,0.0,0.0,0.0,1.0,65033.0
0.0,1.0,46.0,1.0,0.0,0.0,0.0,0.0,0.0,0.0,0.0,0.0,0.0,262.0,0.0,0.0,1.0,1.0,0.02,0.06,0.0,255.0,4.0,0.02,0.07,0.0,0.0,0.0,0.0,1.0,1.0,89004.0
0.0,2.0,46.0,9.0,1.0,0.0,0.0,0.0,0.0,0.0,0.0,0.0,0.0,26.0,0.0,0.0,0.0,0.0,0.23,0.12,0.0,255.0,6.0,0.02,0.22,1.0,0.0,0.0,0.0,0.0,1.0,80586.0
0.0,2.0,46.0,9.0,28.0,0.0,3.0,0.0,0.0,0.0,0.0,0.0,0.0,161.0,0.62,0.0,0.0,0.0,0.38,0.04,0.0,255.0,61.0,0.24,0.76,0.24,0.0,0.09,0.0,0.0,1.0,102213.0
0.0,1.0,28.0,5.0,0.0,0.0,0.0,0.0,0.0,0.0,0.0,0.0,0.0,122.0,1.0,1.0,0.0,0.0,0.14,0.06,0.0,255.0,17.0,0.07,0.07,0.0,0.0,1.0,1.0,0.0,1.0,7808.0
0.0,1.0,62.0,5.0,0.0,0.0,0.0,0.0,0.0,0.0,0.0,0.0,0.0,120.0,1.0,1.0,0.0,0.0,0.02,0.06,0.0,255.0,1.0,0.0,0.07,0.0,0.0,1.0,1.0,0.0,1.0,899.0
0.0,2.0,11.0,9.0,44.0,44.0,0.0,0.0,0.0,0.0,0.0,0.0,0.0,134.0,0.0,0.0,0.0,0.0,1.0,0.0,0.01,255.0,254.0,1.0,0.01,0.01,0.0,0.0,0.0,0.0,0.0,63553.0
0.0,1.0,46.0,5.0,0.0,0.0,0.0,0.0,0.0,0.0,0.0,0.0,0.0,224.0,1.0,1.0,0.0,0.0,0.07,0.06,0.0,255.0,14.0,0.05,0.09,0.0,0.0,1.0,1.0,0.0,1.0,69660.0
0.0,1.0,9.0,5.0,0.0,0.0,0.0,0.0,0.0,0.0,0.0,0.0,0.0,237.0,1.0,1.0,0.0,0.0,0.02,0.06,0.0,255.0,16.0,0.06,0.05,0.0,0.0,1.0,1.0,0.0,1.0,120532.0
0.0,1.0,46.0,5.0,0.0,0.0,0.0,0.0,0.0,0.0,0.0,0.0,0.0,239.0,1.0,1.0,0.0,0.0,0.0,0.07,0.0,255.0,1.0,0.0,0.06,0.0,0.0,1.0,1.0,0.0,1.0,22177.0
0.0,1.0,46.0,1.0,0.0,0.0,0.0,0.0,0.0,0.0,0.0,0.0,0.0,301.0,0.07,0.0,0.89,1.0,0.0,1.0,0.0,255.0,1.0,0.0,1.0,0.0,0.0,0.08,0.0,1.0,1.0,114325.0
0.0,0.0,13.0,9.0,8.0,0.0,0.0,0.0,0.0,0.0,0.0,0.0,0.0,1.0,0.0,0.0,0.0,0.0,1.0,0.0,1.0,1.0,15.0,1.0,0.0,1.0,0.53,0.0,0.0,0.0,1.0,76252.0
0.0,1.0,46.0,1.0,0.0,0.0,0.0,0.0,0.0,0.0,0.0,0.0,0.0,317.0,0.07,0.0,0.89,1.0,0.0,1.0,0.0,255.0,1.0,0.0,1.0,0.0,0.0,0.08,0.0,1.0,1.0,112731.0
0.0,1.0,63.0,5.0,0.0,0.0,0.0,0.0,0.0,0.0,0.0,0.0,0.0,262.0,1.0,1.0,0.0,0.0,0.04,0.06,0.0,255.0,10.0,0.04,0.07,0.0,0.0,1.0,1.0,0.0,1.0,91730.0
1.0,1.0,37.0,4.0,0.0,0.0,0.0,0.0,0.0,0.0,0.0,0.0,0.0,12.0,0.0,0.0,1.0,1.0,0.17,0.5,0.0,182.0,2.0,0.01,0.05,0.07,0.0,0.01,0.0,1.0,1.0,45241.0
0.0,1.0,15.0,5.0,0.0,0.0,0.0,0.0,0.0,0.0,0.0,0.0,0.0,140.0,1.0,1.0,0.0,0.0,0.07,0.06,0.0,255.0,3.0,0.01,0.07,0.0,0.0,1.0,1.0,0.0,1.0,55285.0
2969.0,2.0,41.0,9.0,145.0,105.0,0.0,0.0,0.0,0.0,0.0,0.0,0.0,5.0,0.0,0.0,0.0,0.0,0.4,0.6,0.0,255.0,2.0,0.01,0.62,0.96,0.0,0.0,0.0,0.0,0.0,90486.0
0.0,1.0,20.0,5.0,0.0,0.0,0.0,0.0,0.0,0.0,0.0,0.0,0.0,256.0,1.0,1.0,0.0,0.0,0.07,0.05,0.0,255.0,19.0,0.07,0.05,0.0,0.0,1.0,1.0,0.0,1.0,74630.0
0.0,1.0,46.0,1.0,0.0,0.0,0.0,0.0,0.0,0.0,0.0,0.0,0.0,186.0,0.0,0.0,1.0,1.0,0.07,0.07,0.0,255.0,13.0,0.05,0.08,0.0,0.0,0.0,0.0,1.0,1.0,5790.0
0.0,1.0,46.0,10.0,0.0,0.0,0.0,0.0,0.0,0.0,0.0,0.0,0.0,1.0,1.0,1.0,0.0,0.0,1.0,0.0,0.0,87.0,1.0,0.01,0.89,0.91,0.0,0.91,1.0,0.0,1.0,115460.0
0.0,1.0,46.0,5.0,0.0,0.0,0.0,0.0,0.0,0.0,0.0,0.0,0.0,129.0,1.0,1.0,0.0,0.0,0.09,0.06,0.0,255.0,9.0,0.04,0.07,0.0,0.0,1.0,1.0,0.0,1.0,59185.0
0.0,0.0,13.0,9.0,8.0,0.0,0.0,0.0,0.0,0.0,0.0,0.0,0.0,1.0,0.0,0.0,0.0,0.0,1.0,0.0,1.0,2.0,110.0,1.0,0.0,1.0,0.25,0.0,0.0,0.0,1.0,118316.0
0.0,1.0,46.0,5.0,0.0,0.0,0.0,0.0,0.0,0.0,0.0,0.0,0.0,132.0,1.0,1.0,0.0,0.0,0.02,0.08,0.0,255.0,3.0,0.01,0.07,0.0,0.0,1.0,1.0,0.0,1.0,78430.0
0.0,1.0,17.0,5.0,0.0,0.0,0.0,0.0,0.0,0.0,0.0,0.0,0.0,68.0,1.0,1.0,0.0,0.0,0.28,0.06,0.0,255.0,60.0,0.24,0.02,0.0,0.0,1.0,1.0,0.0,1.0,56428.0
0.0,1.0,33.0,5.0,0.0,0.0,0.0,0.0,0.0,0.0,0.0,0.0,0.0,232.0,1.0,1.0,0.0,0.0,0.0,0.06,0.0,255.0,2.0,0.01,0.07,0.0,0.0,1.0,1.0,0.0,1.0,21821.0
0.0,1.0,38.0,1.0,0.0,0.0,0.0,0.0,0.0,0.0,0.0,0.0,0.0,2.0,0.0,0.0,1.0,1.0,0.5,1.0,0.0,255.0,1.0,0.0,1.0,1.0,0.0,0.0,0.0,1.0,1.0,93287.0
0.0,1.0,46.0,5.0,0.0,0.0,0.0,0.0,0.0,0.0,0.0,0.0,0.0,297.0,1.0,1.0,0.0,0.0,0.02,0.06,0.0,255.0,4.0,0.02,0.07,0.0,0.0,1.0,1.0,0.0,1.0,1784.0
0.0,1.0,9.0,5.0,0.0,0.0,0.0,0.0,0.0,0.0,0.0,0.0,0.0,240.0,1.0,1.0,0.0,0.0,0.01,0.07,0.0,255.0,3.0,0.01,0.07,0.0,0.0,1.0,1.0,0.0,1.0,81621.0
0.0,0.0,13.0,9.0,8.0,0.0,0.0,0.0,0.0,0.0,0.0,0.0,0.0,1.0,0.0,0.0,0.0,0.0,1.0,0.0,1.0,1.0,37.0,1.0,0.0,1.0,0.51,0.0,0.0,0.0,1.0,12892.0
0.0,1.0,18.0,5.0,0.0,0.0,0.0,0.0,0.0,0.0,0.0,0.0,0.0,277.0,1.0,1.0,0.0,0.0,0.03,0.06,0.0,255.0,9.0,0.04,0.07,0.0,0.0,1.0,1.0,0.0,1.0,37018.0
0.0,2.0,41.0,9.0,1.0,0.0,0.0,0.0,0.0,0.0,0.0,0.0,0.0,8.0,0.0,0.0,0.0,0.0,0.12,0.5,0.0,255.0,1.0,0.0,0.24,1.0,0.0,0.0,0.0,0.0,1.0,53755.0
0.0,0.0,13.0,9.0,8.0,0.0,0.0,0.0,0.0,0.0,0.0,0.0,0.0,1.0,0.0,0.0,0.0,0.0,1.0,0.0,0.0,1.0,127.0,1.0,0.0,1.0,0.5,0.0,0.0,0.0,1.0,91150.0
0.0,1.0,53.0,1.0,0.0,0.0,0.0,0.0,0.0,0.0,0.0,0.0,0.0,112.0,0.0,0.0,1.0,1.0,0.02,0.08,0.0,255.0,2.0,0.01,0.08,0.0,0.0,0.0,0.0,1.0,1.0,33712.0
0.0,1.0,46.0,5.0,0.0,0.0,0.0,0.0,0.0,0.0,0.0,0.0,0.0,130.0,1.0,1.0,0.0,0.0,0.15,0.06,0.0,255.0,15.0,0.06,0.07,0.0,0.0,1.0,1.0,0.0,1.0,6929.0
0.0,1.0,46.0,4.0,0.0,0.0,0.0,0.0,0.0,0.0,0.0,0.0,0.0,1.0,0.0,0.0,1.0,1.0,1.0,0.0,0.0,255.0,1.0,0.0,0.78,0.78,0.0,0.0,0.0,1.0,1.0,124425.0
4685.0,2.0,41.0,9.0,145.0,105.0,0.0,0.0,0.0,0.0,0.0,0.0,0.0,2.0,0.0,0.0,0.0,0.0,1.0,0.0,0.0,255.0,2.0,0.01,0.66,0.96,0.0,0.0,0.0,0.0,0.0,21616.0
0.0,0.0,13.0,9.0,8.0,0.0,0.0,0.0,0.0,0.0,0.0,0.0,0.0,1.0,0.0,0.0,0.0,0.0,1.0,0.0,0.0,1.0,1.0,1.0,0.0,1.0,0.0,0.0,0.0,0.0,1.0,26923.0
0.0,1.0,46.0,1.0,0.0,0.0,0.0,0.0,0.0,0.0,0.0,0.0,0.0,111.0,0.0,0.0,1.0,1.0,0.04,0.07,0.0,255.0,4.0,0.02,0.06,0.0,0.0,0.0,0.0,1.0,1.0,21420.0
0.0,1.0,46.0,5.0,0.0,0.0,0.0,0.0,0.0,0.0,0.0,0.0,0.0,190.0,0.99,1.0,0.0,0.0,0.1,0.06,0.0,255.0,19.0,0.07,0.07,0.0,0.0,1.0,1.0,0.0,1.0,67022.0
0.0,1.0,22.0,5.0,0.0,0.0,0.0,0.0,0.0,0.0,0.0,0.0,0.0,62.0,1.0,1.0,0.0,0.0,0.26,0.06,0.0,255.0,55.0,0.22,0.03,0.02,0.0,1.0,1.0,0.0,1.0,124557.0
0.0,1.0,15.0,1.0,0.0,0.0,0.0,0.0,0.0,0.0,0.0,0.0,0.0,74.0,0.0,0.0,1.0,1.0,0.08,0.07,0.0,255.0,6.0,0.02,0.07,0.0,0.0,0.0,0.0,1.0,1.0,32919.0
0.0,1.0,57.0,5.0,0.0,0.0,0.0,0.0,0.0,0.0,0.0,0.0,0.0,114.0,1.0,1.0,0.0,0.0,0.17,0.07,0.0,255.0,4.0,0.02,0.09,0.0,0.0,1.0,1.0,0.0,1.0,16799.0
0.0,1.0,46.0,1.0,0.0,0.0,0.0,0.0,0.0,0.0,0.0,0.0,0.0,46.0,0.0,0.0,1.0,1.0,0.35,0.07,0.0,255.0,7.0,0.03,0.06,0.0,0.0,0.0,0.0,1.0,1.0,35188.0
0.0,1.0,19.0,9.0,334.0,0.0,0.0,0.0,1.0,0.0,0.0,0.0,0.0,2.0,0.0,0.0,0.0,0.0,1.0,0.0,0.0,4.0,27.0,1.0,0.0,1.0,0.19,0.0,0.04,0.0,1.0,114464.0
0.0,0.0,13.0,9.0,18.0,0.0,0.0,0.0,0.0,0.0,0.0,0.0,0.0,1.0,0.0,0.0,0.0,0.0,1.0,0.0,0.0,1.0,139.0,1.0,0.0,1.0,1.0,0.0,0.0,0.0,1.0,69907.0
0.0,1.0,9.0,2.0,0.0,0.0,0.0,0.0,0.0,0.0,0.0,0.0,0.0,231.0,0.0,0.0,1.0,1.0,0.03,0.07,0.0,255.0,6.0,0.02,0.08,0.0,0.0,0.0,0.0,1.0,1.0,20473.0
0.0,2.0,46.0,9.0,1.0,0.0,0.0,0.0,0.0,0.0,0.0,0.0,0.0,25.0,0.0,0.0,0.0,0.0,0.56,0.16,0.0,255.0,14.0,0.05,0.86,0.16,0.0,0.16,0.0,0.0,1.0,44444.0
0.0,2.0,11.0,9.0,36.0,0.0,0.0,0.0,0.0,0.0,0.0,0.0,0.0,4.0,0.0,0.0,0.0,0.0,1.0,0.0,0.0,82.0,255.0,1.0,0.0,1.0,0.01,0.0,0.0,0.0,0.0,66398.0
0.0,0.0,13.0,9.0,18.0,0.0,0.0,0.0,0.0,0.0,0.0,0.0,0.0,1.0,0.0,0.0,0.0,0.0,1.0,0.0,0.0,1.0,182.0,1.0,0.0,1.0,1.0,0.0,0.0,0.0,1.0,41120.0
0.0,1.0,46.0,5.0,0.0,0.0,0.0,0.0,0.0,0.0,0.0,0.0,0.0,176.0,1.0,1.0,0.0,0.0,0.03,0.07,0.0,255.0,5.0,0.02,0.08,0.0,0.0,1.0,1.0,0.0,1.0,114501.0
0.0,1.0,46.0,5.0,0.0,0.0,0.0,0.0,0.0,0.0,0.0,0.0,0.0,215.0,1.0,1.0,0.0,0.0,0.07,0.05,0.0,255.0,16.0,0.06,0.05,0.0,0.0,1.0,1.0,0.0,1.0,122797.0
0.0,1.0,46.0,10.0,0.0,0.0,0.0,0.0,0.0,0.0,0.0,0.0,0.0,1.0,1.0,1.0,0.0,0.0,1.0,0.0,0.0,242.0,1.0,0.0,0.95,0.97,0.0,0.97,1.0,0.0,1.0,125549.0
0.0,1.0,10.0,5.0,0.0,0.0,0.0,0.0,0.0,0.0,0.0,0.0,0.0,206.0,1.0,1.0,0.0,0.0,0.06,0.07,0.0,255.0,13.0,0.05,0.07,0.0,0.0,1.0,1.0,0.0,1.0,79989.0
0.0,1.0,29.0,5.0,0.0,0.0,0.0,0.0,0.0,0.0,0.0,0.0,0.0,216.0,1.0,1.0,0.0,0.0,0.06,0.06,0.0,255.0,12.0,0.05,0.06,0.0,0.0,1.0,1.0,0.0,1.0,29025.0
0.0,1.0,34.0,5.0,0.0,0.0,0.0,0.0,0.0,0.0,0.0,0.0,0.0,289.0,1.0,1.0,0.0,0.0,0.06,0.06,0.0,255.0,16.0,0.06,0.08,0.0,0.0,1.0,1.0,0.0,1.0,110587.0
0.0,1.0,33.0,1.0,0.0,0.0,0.0,0.0,0.0,0.0,0.0,0.0,0.0,209.0,0.0,0.0,1.0,1.0,0.02,0.07,0.0,255.0,21.0,0.08,0.07,0.0,0.0,0.0,0.0,1.0,1.0,104033.0
0.0,1.0,8.0,5.0,0.0,0.0,0.0,0.0,0.0,0.0,0.0,0.0,0.0,284.0,1.0,1.0,0.0,0.0,0.04,0.06,0.0,255.0,12.0,0.05,0.07,0.0,0.0,1.0,1.0,0.0,1.0,77394.0
0.0,1.0,10.0,1.0,0.0,0.0,0.0,0.0,0.0,0.0,0.0,0.0,0.0,255.0,0.0,0.0,1.0,1.0,0.07,0.05,0.0,255.0,17.0,0.07,0.07,0.0,0.0,0.0,0.0,1.0,1.0,92658.0
0.0,2.0,11.0,9.0,44.0,150.0,0.0,0.0,0.0,0.0,0.0,0.0,0.0,133.0,0.0,0.0,0.0,0.0,1.0,0.0,0.02,255.0,254.0,1.0,0.01,0.0,0.0,0.0,0.0,0.0,0.0,4858.0
0.0,1.0,35.0,5.0,0.0,0.0,0.0,0.0,0.0,0.0,0.0,0.0,0.0,241.0,1.0,1.0,0.0,0.0,0.01,0.07,0.0,255.0,3.0,0.01,0.07,0.0,0.0,1.0,1.0,0.0,1.0,2172.0
0.0,2.0,11.0,9.0,30.0,0.0,0.0,0.0,0.0,0.0,0.0,0.0,0.0,1.0,0.0,0.0,0.0,0.0,1.0,0.0,1.0,57.0,28.0,0.14,0.09,0.14,0.07,0.0,0.0,0.0,0.0,60969.0
0.0,1.0,22.0,9.0,242.0,181.0,0.0,0.0,1.0,0.0,0.0,0.0,0.0,4.0,0.0,0.0,0.5,0.5,1.0,0.0,0.0,255.0,255.0,1.0,0.0,0.0,0.0,0.0,0.0,0.02,0.0,96201.0
0.0,1.0,46.0,1.0,0.0,0.0,0.0,0.0,0.0,0.0,0.0,0.0,0.0,125.0,0.0,0.0,1.0,1.0,0.05,0.06,0.0,255.0,5.0,0.02,0.08,0.0,0.0,0.0,0.0,1.0,1.0,62224.0
0.0,2.0,11.0,9.0,46.0,77.0,0.0,0.0,0.0,0.0,0.0,0.0,0.0,138.0,0.0,0.0,0.0,0.0,0.99,0.01,0.0,255.0,254.0,1.0,0.01,0.01,0.0,0.0,0.0,0.0,0.0,62093.0
0.0,1.0,10.0,5.0,0.0,0.0,0.0,0.0,0.0,0.0,0.0,0.0,0.0,271.0,1.0,1.0,0.0,0.0,0.01,0.06,0.0,255.0,3.0,0.01,0.06,0.0,0.0,1.0,1.0,0.0,1.0,37418.0
0.0,1.0,46.0,5.0,0.0,0.0,0.0,0.0,0.0,0.0,0.0,0.0,0.0,152.0,1.0,1.0,0.0,0.0,0.03,0.07,0.0,255.0,18.0,0.07,0.06,0.0,0.0,1.0,1.0,0.0,1.0,47775.0
0.0,1.0,35.0,5.0,0.0,0.0,0.0,0.0,0.0,0.0,0.0,0.0,0.0,265.0,1.0,1.0,0.0,0.0,0.02,0.06,0.0,255.0,16.0,0.06,0.06,0.0,0.0,1.0,1.0,0.0,1.0,33736.0
0.0,1.0,9.0,5.0,0.0,0.0,0.0,0.0,0.0,0.0,0.0,0.0,0.0,243.0,1.0,1.0,0.0,0.0,0.01,0.05,0.0,255.0,2.0,0.01,0.06,0.0,0.0,1.0,1.0,0.0,1.0,7083.0
0.0,1.0,17.0,5.0,0.0,0.0,0.0,0.0,0.0,0.0,0.0,0.0,0.0,68.0,1.0,1.0,0.0,0.0,0.26,0.06,0.0,255.0,48.0,0.19,0.05,0.02,0.0,1.0,1.0,0.0,1.0,12407.0
0.0,2.0,11.0,9.0,44.0,44.0,0.0,0.0,0.0,0.0,0.0,0.0,0.0,84.0,0.0,0.0,0.0,0.0,1.0,0.0,0.01,255.0,246.0,0.96,0.01,0.01,0.0,0.0,0.0,0.0,0.0,2027.0
0.0,1.0,17.0,5.0,0.0,0.0,0.0,0.0,0.0,0.0,0.0,0.0,0.0,7.0,1.0,1.0,0.0,0.0,0.43,0.43,0.0,255.0,41.0,0.16,0.05,0.0,0.0,1.0,1.0,0.0,1.0,74365.0
0.0,1.0,46.0,1.0,0.0,0.0,0.0,0.0,0.0,0.0,0.0,0.0,0.0,172.0,0.0,0.0,1.0,1.0,0.02,0.07,0.0,255.0,4.0,0.02,0.07,0.0,0.0,0.0,0.0,1.0,1.0,82068.0
0.0,1.0,57.0,5.0,0.0,0.0,0.0,0.0,0.0,0.0,0.0,0.0,0.0,13.0,1.0,1.0,0.0,0.0,0.62,0.15,0.0,255.0,60.0,0.24,0.02,0.0,0.0,1.0,1.0,0.0,1.0,102313.0
0.0,1.0,46.0,5.0,0.0,0.0,0.0,0.0,0.0,0.0,0.0,0.0,0.0,271.0,1.0,1.0,0.0,0.0,0.02,0.06,0.0,255.0,19.0,0.07,0.08,0.0,0.0,1.0,1.0,0.0,1.0,63964.0
0.0,1.0,41.0,1.0,0.0,0.0,0.0,0.0,0.0,0.0,0.0,0.0,0.0,379.0,0.09,0.0,0.9,1.0,0.0,1.0,0.0,255.0,1.0,0.0,1.0,0.0,0.0,0.11,0.0,1.0,1.0,114671.0
0.0,1.0,46.0,5.0,0.0,0.0,0.0,0.0,0.0,0.0,0.0,0.0,0.0,205.0,1.0,1.0,0.0,0.0,0.01,0.07,0.0,255.0,8.0,0.03,0.08,0.0,0.0,1.0,1.0,0.0,1.0,93902.0
0.0,1.0,10.0,1.0,0.0,0.0,0.0,0.0,0.0,0.0,0.0,0.0,0.0,236.0,0.0,0.0,1.0,1.0,0.03,0.06,0.0,255.0,6.0,0.02,0.07,0.0,0.0,0.0,0.0,1.0,1.0,88164.0
0.0,1.0,46.0,5.0,0.0,0.0,0.0,0.0,0.0,0.0,0.0,0.0,0.0,132.0,1.0,1.0,0.0,0.0,0.02,0.06,0.0,255.0,1.0,0.0,0.06,0.0,0.0,1.0,1.0,0.0,1.0,35568.0
0.0,1.0,17.0,5.0,0.0,0.0,0.0,0.0,0.0,0.0,0.0,0.0,0.0,20.0,1.0,1.0,0.0,0.0,0.35,0.2,0.0,255.0,47.0,0.18,0.04,0.0,0.0,1.0,1.0,0.0,1.0,19736.0
0.0,0.0,13.0,9.0,8.0,0.0,0.0,0.0,0.0,0.0,0.0,0.0,0.0,1.0,0.0,0.0,0.0,0.0,1.0,0.0,1.0,2.0,129.0,1.0,0.0,1.0,0.5,0.0,0.0,0.0,1.0,40919.0
0.0,1.0,46.0,5.0,0.0,0.0,0.0,0.0,0.0,0.0,0.0,0.0,0.0,226.0,1.0,1.0,0.0,0.0,0.08,0.05,0.0,255.0,19.0,0.07,0.07,0.0,0.0,1.0,1.0,0.0,1.0,54913.0
0.0,1.0,46.0,5.0,0.0,0.0,0.0,0.0,0.0,0.0,0.0,0.0,0.0,85.0,1.0,1.0,0.0,0.0,0.04,0.09,0.0,255.0,20.0,0.08,0.06,0.0,0.0,1.0,1.0,0.0,1.0,119788.0
0.0,1.0,3.0,5.0,0.0,0.0,0.0,0.0,0.0,0.0,0.0,0.0,0.0,270.0,1.0,1.0,0.0,0.0,0.02,0.06,0.0,255.0,6.0,0.02,0.08,0.0,0.0,1.0,1.0,0.0,1.0,64806.0
0.0,1.0,46.0,5.0,0.0,0.0,0.0,0.0,0.0,0.0,0.0,0.0,0.0,178.0,1.0,1.0,0.0,0.0,0.03,0.07,0.0,255.0,17.0,0.07,0.06,0.0,0.0,1.0,1.0,0.0,1.0,32263.0
0.0,0.0,13.0,9.0,8.0,0.0,0.0,0.0,0.0,0.0,0.0,0.0,0.0,1.0,0.0,0.0,0.0,0.0,1.0,0.0,1.0,2.0,46.0,1.0,0.0,1.0,0.5,0.0,0.0,0.0,1.0,51800.0
0.0,2.0,11.0,9.0,42.0,70.0,0.0,0.0,0.0,0.0,0.0,0.0,0.0,137.0,0.0,0.0,0.0,0.0,1.0,0.0,0.02,255.0,230.0,0.9,0.01,0.0,0.0,0.0,0.0,0.0,0.0,22271.0
0.0,1.0,32.0,5.0,0.0,0.0,0.0,0.0,0.0,0.0,0.0,0.0,0.0,295.0,1.0,1.0,0.0,0.0,0.06,0.05,0.0,255.0,2.0,0.01,0.08,0.0,0.0,1.0,1.0,0.0,1.0,85956.0
0.0,1.0,6.0,5.0,0.0,0.0,0.0,0.0,0.0,0.0,0.0,0.0,0.0,112.0,1.0,1.0,0.0,0.0,0.12,0.06,0.0,255.0,12.0,0.05,0.06,0.0,0.0,1.0,1.0,0.0,1.0,79839.0
0.0,1.0,55.0,5.0,0.0,0.0,0.0,0.0,0.0,0.0,0.0,0.0,0.0,299.0,1.0,1.0,0.0,0.0,0.07,0.06,0.0,255.0,12.0,0.05,0.1,0.0,0.0,1.0,1.0,0.0,1.0,51240.0
0.0,1.0,33.0,5.0,0.0,0.0,0.0,0.0,0.0,0.0,0.0,0.0,0.0,294.0,1.0,1.0,0.0,0.0,0.06,0.05,0.0,255.0,7.0,0.03,0.07,0.0,0.0,1.0,1.0,0.0,1.0,75221.0
0.0,1.0,46.0,5.0,0.0,0.0,0.0,0.0,0.0,0.0,0.0,0.0,0.0,245.0,1.0,1.0,0.0,0.0,0.07,0.06,0.0,255.0,3.0,0.01,0.09,0.0,0.0,1.0,1.0,0.0,1.0,97523.0
0.0,1.0,26.0,5.0,0.0,0.0,0.0,0.0,0.0,0.0,0.0,0.0,0.0,255.0,1.0,1.0,0.0,0.0,0.06,0.05,0.0,255.0,16.0,0.06,0.05,0.0,0.0,1.0,1.0,0.0,1.0,110397.0
0.0,1.0,53.0,5.0,0.0,0.0,0.0,0.0,0.0,0.0,0.0,0.0,0.0,268.0,1.0,1.0,0.0,0.0,0.07,0.06,0.0,255.0,2.0,0.01,0.08,0.0,0.0,1.0,1.0,0.0,1.0,67729.0
0.0,1.0,30.0,5.0,0.0,0.0,0.0,0.0,0.0,0.0,0.0,0.0,0.0,231.0,1.0,1.0,0.0,0.0,0.03,0.06,0.0,255.0,8.0,0.03,0.07,0.0,0.0,1.0,1.0,0.0,1.0,92125.0
0.0,1.0,39.0,5.0,0.0,0.0,0.0,0.0,0.0,0.0,0.0,0.0,0.0,127.0,1.0,1.0,0.0,0.0,0.09,0.08,0.0,255.0,6.0,0.02,0.08,0.0,0.0,1.0,1.0,0.0,1.0,24605.0
0.0,1.0,21.0,5.0,0.0,0.0,0.0,0.0,0.0,0.0,0.0,0.0,0.0,208.0,1.0,1.0,0.0,0.0,0.1,0.07,0.0,255.0,20.0,0.08,0.07,0.0,0.0,1.0,1.0,0.0,1.0,79468.0
0.0,1.0,46.0,1.0,0.0,0.0,0.0,0.0,0.0,0.0,0.0,0.0,0.0,144.0,0.0,0.0,1.0,1.0,0.02,0.06,0.0,255.0,3.0,0.01,0.06,0.0,0.0,0.0,0.0,1.0,1.0,11125.0
0.0,1.0,46.0,1.0,0.0,0.0,0.0,0.0,0.0,0.0,0.0,0.0,0.0,247.0,0.0,0.0,1.0,1.0,0.02,0.06,0.0,255.0,5.0,0.02,0.09,0.0,0.0,0.0,0.0,1.0,1.0,62365.0
0.0,1.0,34.0,5.0,0.0,0.0,0.0,0.0,0.0,0.0,0.0,0.0,0.0,193.0,1.0,1.0,0.0,0.0,0.08,0.06,0.0,255.0,15.0,0.06,0.07,0.0,0.0,1.0,1.0,0.0,1.0,7108.0
0.0,1.0,46.0,5.0,0.0,0.0,0.0,0.0,0.0,0.0,0.0,0.0,0.0,284.0,1.0,1.0,0.0,0.0,0.04,0.06,0.0,255.0,12.0,0.05,0.07,0.0,0.0,1.0,1.0,0.0,1.0,119089.0
0.0,1.0,46.0,5.0,0.0,0.0,0.0,0.0,0.0,0.0,0.0,0.0,0.0,164.0,1.0,1.0,0.0,0.0,0.07,0.07,0.0,255.0,12.0,0.05,0.09,0.0,0.0,1.0,1.0,0.0,1.0,18691.0
0.0,1.0,20.0,5.0,0.0,0.0,0.0,0.0,0.0,0.0,0.0,0.0,0.0,140.0,1.0,1.0,0.0,0.0,0.03,0.06,0.0,255.0,6.0,0.02,0.07,0.0,0.0,1.0,1.0,0.0,1.0,61821.0
0.0,1.0,46.0,5.0,0.0,0.0,0.0,0.0,0.0,0.0,0.0,0.0,0.0,202.0,1.0,1.0,0.0,0.0,0.1,0.06,0.0,255.0,19.0,0.07,0.06,0.0,0.0,1.0,1.0,0.0,1.0,14459.0
0.0,0.0,13.0,9.0,30.0,0.0,0.0,0.0,0.0,0.0,0.0,0.0,0.0,12.0,0.0,0.0,0.0,0.0,0.17,0.25,0.0,255.0,7.0,0.03,0.01,0.09,0.0,0.0,0.0,0.0,0.0,61812.0
0.0,1.0,46.0,5.0,0.0,0.0,0.0,0.0,0.0,0.0,0.0,0.0,0.0,221.0,1.0,1.0,0.0,0.0,0.1,0.05,0.0,255.0,23.0,0.09,0.05,0.0,0.0,1.0,1.0,0.0,1.0,119567.0
0.0,1.0,62.0,5.0,0.0,0.0,0.0,0.0,0.0,0.0,0.0,0.0,0.0,125.0,1.0,1.0,0.0,0.0,0.07,0.06,0.0,255.0,9.0,0.04,0.05,0.0,0.0,1.0,1.0,0.0,1.0,32786.0
0.0,1.0,26.0,1.0,0.0,0.0,0.0,0.0,0.0,0.0,0.0,0.0,0.0,266.0,0.0,0.0,1.0,1.0,0.03,0.06,0.0,255.0,9.0,0.04,0.08,0.0,0.0,0.0,0.0,1.0,1.0,78073.0
0.0,0.0,13.0,9.0,30.0,0.0,0.0,0.0,0.0,0.0,0.0,0.0,0.0,1.0,0.0,0.0,0.0,0.0,1.0,0.0,0.0,255.0,13.0,0.05,0.01,0.07,0.0,0.0,0.0,0.0,0.0,64478.0
0.0,0.0,13.0,9.0,8.0,0.0,0.0,0.0,0.0,0.0,0.0,0.0,0.0,1.0,0.0,0.0,0.0,0.0,1.0,0.0,1.0,2.0,50.0,1.0,0.0,1.0,0.5,0.0,0.0,0.0,1.0,76767.0
0.0,1.0,46.0,1.0,0.0,0.0,0.0,0.0,0.0,0.0,0.0,0.0,0.0,150.0,0.0,0.0,1.0,1.0,0.05,0.08,0.0,255.0,7.0,0.03,0.09,0.0,0.0,0.0,0.0,1.0,1.0,62376.0
0.0,1.0,46.0,5.0,0.0,0.0,0.0,0.0,0.0,0.0,0.0,0.0,0.0,242.0,1.0,1.0,0.0,0.0,0.07,0.06,0.0,255.0,16.0,0.06,0.06,0.0,0.0,1.0,1.0,0.0,1.0,17764.0
0.0,1.0,22.0,5.0,0.0,0.0,0.0,0.0,0.0,0.0,0.0,0.0,0.0,8.0,1.0,1.0,0.0,0.0,1.0,0.0,0.0,255.0,8.0,0.03,0.07,0.0,0.0,1.0,1.0,0.0,1.0,114861.0
0.0,1.0,22.0,1.0,0.0,0.0,0.0,0.0,0.0,0.0,0.0,0.0,0.0,1.0,0.0,0.0,1.0,1.0,1.0,0.0,0.0,19.0,255.0,1.0,0.0,0.05,0.08,0.0,0.0,0.89,0.0,4209.0
0.0,1.0,46.0,1.0,0.0,0.0,0.0,0.0,0.0,0.0,0.0,0.0,0.0,427.0,0.05,0.0,0.93,1.0,0.0,1.0,0.0,255.0,1.0,0.0,1.0,0.0,0.0,0.08,0.0,1.0,1.0,46700.0
0.0,1.0,64.0,5.0,0.0,0.0,0.0,0.0,0.0,0.0,0.0,0.0,0.0,289.0,1.0,1.0,0.0,0.0,0.03,0.06,0.0,255.0,11.0,0.04,0.08,0.0,0.0,1.0,1.0,0.0,1.0,53843.0
0.0,0.0,13.0,9.0,8.0,0.0,0.0,0.0,0.0,0.0,0.0,0.0,0.0,1.0,0.0,0.0,0.0,0.0,1.0,0.0,1.0,2.0,132.0,1.0,0.0,1.0,0.5,0.0,0.0,0.0,1.0,105743.0
0.0,0.0,14.0,9.0,520.0,0.0,0.0,0.0,0.0,0.0,0.0,0.0,0.0,109.0,0.0,0.0,0.0,0.0,1.0,0.0,0.0,255.0,255.0,1.0,0.0,1.0,0.0,0.0,0.0,0.0,1.0,90373.0
0.0,1.0,46.0,1.0,0.0,0.0,0.0,0.0,0.0,0.0,0.0,0.0,0.0,2.0,0.0,0.0,1.0,1.0,0.5,1.0,0.0,255.0,1.0,0.0,0.7,0.68,0.0,0.0,0.0,1.0,1.0,45143.0
0.0,2.0,46.0,9.0,1.0,0.0,0.0,0.0,0.0,0.0,0.0,0.0,0.0,10.0,0.0,0.0,0.0,0.0,1.0,0.0,0.0,255.0,10.0,0.04,0.28,1.0,0.0,0.0,0.0,0.0,1.0,56146.0
0.0,0.0,13.0,9.0,18.0,0.0,0.0,0.0,0.0,0.0,0.0,0.0,0.0,1.0,0.0,0.0,0.0,0.0,1.0,0.0,0.0,2.0,106.0,1.0,0.0,1.0,0.25,0.0,0.0,0.0,1.0,123953.0
0.0,0.0,13.0,9.0,8.0,0.0,0.0,0.0,0.0,0.0,0.0,0.0,0.0,1.0,0.0,0.0,0.0,0.0,1.0,0.0,1.0,2.0,96.0,1.0,0.0,1.0,0.5,0.0,0.0,0.0,1.0,5300.0
0.0,0.0,13.0,9.0,8.0,0.0,0.0,0.0,0.0,0.0,0.0,0.0,0.0,1.0,0.0,0.0,0.0,0.0,1.0,0.0,1.0,2.0,96.0,1.0,0.0,1.0,0.5,0.0,0.0,0.0,1.0,18625.0
0.0,0.0,13.0,9.0,8.0,0.0,0.0,0.0,0.0,0.0,0.0,0.0,0.0,1.0,0.0,0.0,0.0,0.0,1.0,0.0,1.0,2.0,78.0,1.0,0.0,1.0,0.5,0.0,0.0,0.0,1.0,85293.0
0.0,0.0,14.0,9.0,30.0,0.0,0.0,0.0,0.0,0.0,0.0,0.0,0.0,2.0,0.0,0.0,0.0,0.0,1.0,0.0,0.0,245.0,245.0,1.0,0.0,1.0,0.0,0.0,0.0,0.0,0.0,16583.0
0.0,0.0,13.0,9.0,18.0,0.0,0.0,0.0,0.0,0.0,0.0,0.0,0.0,1.0,0.0,0.0,0.0,0.0,1.0,0.0,0.0,4.0,72.0,1.0,0.0,1.0,0.25,0.0,0.0,0.0,1.0,69340.0
0.0,1.0,4.0,5.0,0.0,0.0,0.0,0.0,0.0,0.0,0.0,0.0,0.0,193.0,1.0,1.0,0.0,0.0,0.01,0.07,0.0,255.0,2.0,0.01,0.09,0.0,0.0,1.0,1.0,0.0,1.0,109190.0
0.0,1.0,46.0,5.0,0.0,0.0,0.0,0.0,0.0,0.0,0.0,0.0,0.0,257.0,1.0,1.0,0.0,0.0,0.08,0.07,0.0,255.0,20.0,0.08,0.08,0.0,0.0,1.0,1.0,0.0,1.0,14605.0
0.0,1.0,46.0,5.0,0.0,0.0,0.0,0.0,0.0,0.0,0.0,0.0,0.0,106.0,1.0,1.0,0.0,0.0,0.06,0.07,0.0,255.0,29.0,0.11,0.06,0.0,0.0,1.0,1.0,0.0,1.0,100599.0
0.0,1.0,20.0,5.0,0.0,0.0,0.0,0.0,0.0,0.0,0.0,0.0,0.0,223.0,1.0,1.0,0.0,0.0,0.02,0.07,0.0,255.0,4.0,0.02,0.09,0.0,0.0,1.0,1.0,0.0,1.0,105536.0
0.0,1.0,23.0,5.0,0.0,0.0,0.0,0.0,0.0,0.0,0.0,0.0,0.0,113.0,0.99,1.0,0.0,0.0,0.17,0.07,0.0,255.0,19.0,0.07,0.06,0.0,0.0,1.0,1.0,0.0,1.0,13716.0
0.0,1.0,37.0,1.0,0.0,0.0,0.0,0.0,0.0,0.0,0.0,0.0,0.0,213.0,0.0,0.0,1.0,1.0,0.03,0.07,0.0,255.0,7.0,0.03,0.08,0.0,0.0,0.0,0.0,1.0,1.0,46809.0
0.0,1.0,46.0,5.0,0.0,0.0,0.0,0.0,0.0,0.0,0.0,0.0,0.0,135.0,1.0,1.0,0.0,0.0,0.07,0.06,0.0,255.0,10.0,0.04,0.06,0.0,0.0,1.0,1.0,0.0,1.0,113826.0
0.0,1.0,46.0,5.0,0.0,0.0,0.0,0.0,0.0,0.0,0.0,0.0,0.0,111.0,1.0,1.0,0.0,0.0,0.13,0.05,0.0,255.0,10.0,0.04,0.06,0.0,0.0,1.0,1.0,0.0,1.0,103136.0
0.0,1.0,46.0,1.0,0.0,0.0,0.0,0.0,0.0,0.0,0.0,0.0,0.0,59.0,0.0,0.0,1.0,1.0,0.32,0.07,0.0,255.0,19.0,0.07,0.05,0.0,0.0,0.0,0.0,1.0,1.0,5229.0
0.0,1.0,46.0,4.0,0.0,0.0,0.0,0.0,0.0,0.0,0.0,0.0,0.0,1.0,0.0,0.0,1.0,1.0,1.0,0.0,0.0,255.0,1.0,0.0,0.81,0.81,0.0,0.0,0.0,1.0,1.0,94368.0
0.0,1.0,26.0,5.0,0.0,0.0,0.0,0.0,0.0,0.0,0.0,0.0,0.0,236.0,1.0,1.0,0.0,0.0,0.02,0.06,0.0,255.0,1.0,0.0,0.07,0.0,0.0,1.0,1.0,0.0,1.0,62590.0
0.0,1.0,55.0,5.0,0.0,0.0,0.0,0.0,0.0,0.0,0.0,0.0,0.0,151.0,1.0,1.0,0.0,0.0,0.04,0.07,0.0,255.0,1.0,0.0,0.07,0.0,0.0,1.0,1.0,0.0,1.0,90751.0
0.0,1.0,55.0,1.0,0.0,0.0,0.0,0.0,0.0,0.0,0.0,0.0,0.0,14.0,0.0,0.0,0.86,1.0,0.07,1.0,0.0,255.0,1.0,0.0,0.09,0.0,0.0,0.0,0.0,1.0,1.0,76163.0
0.0,1.0,18.0,5.0,0.0,0.0,0.0,0.0,0.0,0.0,0.0,0.0,0.0,298.0,1.0,1.0,0.0,0.0,0.08,0.05,0.0,255.0,25.0,0.1,0.05,0.0,0.0,1.0,1.0,0.0,1.0,114711.0
0.0,2.0,46.0,9.0,28.0,0.0,3.0,0.0,0.0,0.0,0.0,0.0,0.0,86.0,0.0,0.0,0.0,0.0,1.0,0.0,0.0,255.0,86.0,0.34,0.01,0.34,0.0,0.0,0.0,0.0,1.0,7845.0
0.0,1.0,19.0,5.0,0.0,0.0,0.0,0.0,0.0,0.0,0.0,0.0,0.0,199.0,1.0,1.0,0.0,0.0,0.03,0.07,0.0,255.0,6.0,0.02,0.07,0.0,0.0,1.0,1.0,0.0,1.0,103690.0
0.0,1.0,46.0,1.0,0.0,0.0,0.0,0.0,0.0,0.0,0.0,0.0,0.0,215.0,0.0,0.0,1.0,1.0,0.07,0.07,0.0,255.0,16.0,0.06,0.08,0.0,0.0,0.0,0.0,1.0,1.0,53308.0
0.0,1.0,2.0,5.0,0.0,0.0,0.0,0.0,0.0,0.0,0.0,0.0,0.0,230.0,1.0,1.0,0.0,0.0,0.01,0.06,0.0,255.0,3.0,0.01,0.07,0.0,0.0,1.0,1.0,0.0,1.0,66583.0
0.0,1.0,46.0,5.0,0.0,0.0,0.0,0.0,0.0,0.0,0.0,0.0,0.0,136.0,1.0,1.0,0.0,0.0,0.1,0.06,0.0,255.0,32.0,0.13,0.07,0.0,0.0,1.0,1.0,0.0,1.0,44851.0
0.0,1.0,46.0,5.0,0.0,0.0,0.0,0.0,0.0,0.0,0.0,0.0,0.0,218.0,1.0,1.0,0.0,0.0,0.02,0.08,0.0,255.0,5.0,0.02,0.09,0.0,0.0,1.0,1.0,0.0,1.0,83153.0
0.0,1.0,46.0,5.0,0.0,0.0,0.0,0.0,0.0,0.0,0.0,0.0,0.0,181.0,1.0,1.0,0.0,0.0,0.01,0.07,0.0,255.0,20.0,0.08,0.07,0.0,0.0,1.0,1.0,0.0,1.0,94356.0
0.0,2.0,46.0,9.0,28.0,0.0,3.0,0.0,0.0,0.0,0.0,0.0,0.0,18.0,0.0,0.0,0.0,0.0,1.0,0.0,0.0,255.0,85.0,0.33,0.01,0.33,0.0,0.0,0.0,0.0,1.0,52150.0
0.0,1.0,10.0,5.0,0.0,0.0,0.0,0.0,0.0,0.0,0.0,0.0,0.0,298.0,1.0,1.0,0.0,0.0,0.03,0.05,0.0,255.0,2.0,0.01,0.07,0.0,0.0,1.0,1.0,0.0,1.0,75439.0
0.0,1.0,46.0,5.0,0.0,0.0,0.0,0.0,0.0,0.0,0.0,0.0,0.0,201.0,1.0,1.0,0.0,0.0,0.0,0.07,0.0,255.0,4.0,0.02,0.08,0.0,0.0,1.0,1.0,0.0,1.0,31239.0
0.0,0.0,13.0,9.0,8.0,0.0,0.0,0.0,0.0,0.0,0.0,0.0,0.0,1.0,0.0,0.0,0.0,0.0,1.0,0.0,1.0,2.0,96.0,1.0,0.0,1.0,0.5,0.0,0.0,0.0,1.0,110500.0
0.0,1.0,46.0,1.0,0.0,0.0,0.0,0.0,0.0,0.0,0.0,0.0,0.0,329.0,0.0,0.0,1.0,1.0,0.0,0.51,0.0,255.0,1.0,0.0,0.51,1.0,0.0,0.0,0.0,1.0,1.0,116348.0
0.0,1.0,38.0,5.0,0.0,0.0,0.0,0.0,0.0,0.0,0.0,0.0,0.0,101.0,1.0,1.0,0.0,0.0,0.08,0.06,0.0,255.0,15.0,0.06,0.05,0.0,0.0,1.0,1.0,0.0,1.0,73724.0
0.0,1.0,57.0,5.0,0.0,0.0,0.0,0.0,0.0,0.0,0.0,0.0,0.0,7.0,0.86,1.0,0.14,0.0,0.29,0.57,0.0,255.0,1.0,0.0,0.07,0.0,0.0,1.0,1.0,0.0,1.0,83677.0
0.0,1.0,46.0,5.0,0.0,0.0,0.0,0.0,0.0,0.0,0.0,0.0,0.0,196.0,1.0,1.0,0.0,0.0,0.1,0.06,0.0,255.0,4.0,0.02,0.08,0.0,0.0,1.0,1.0,0.0,1.0,84648.0
0.0,1.0,46.0,1.0,0.0,0.0,0.0,0.0,0.0,0.0,0.0,0.0,0.0,2.0,0.0,0.0,1.0,1.0,0.5,1.0,0.0,255.0,1.0,0.0,0.98,0.97,0.0,0.0,0.0,1.0,1.0,96908.0
0.0,0.0,14.0,9.0,520.0,0.0,0.0,0.0,0.0,0.0,0.0,0.0,0.0,146.0,0.0,0.0,0.0,0.0,1.0,0.0,0.0,255.0,255.0,1.0,0.0,1.0,0.0,0.0,0.0,0.0,1.0,95756.0
0.0,1.0,46.0,5.0,0.0,0.0,0.0,0.0,0.0,0.0,0.0,0.0,0.0,134.0,1.0,1.0,0.0,0.0,0.13,0.05,0.0,255.0,17.0,0.07,0.06,0.0,0.0,1.0,1.0,0.0,1.0,107074.0
0.0,1.0,19.0,5.0,0.0,0.0,0.0,0.0,0.0,0.0,0.0,0.0,0.0,51.0,1.0,1.0,0.0,0.0,0.2,0.08,0.0,255.0,70.0,0.27,0.02,0.01,0.0,1.0,1.0,0.0,1.0,90574.0
0.0,1.0,46.0,1.0,0.0,0.0,0.0,0.0,0.0,0.0,0.0,0.0,0.0,120.0,0.0,0.0,1.0,1.0,0.01,0.08,0.0,255.0,3.0,0.01,0.06,0.0,0.0,0.0,0.0,1.0,1.0,87481.0
0.0,1.0,46.0,5.0,0.0,0.0,0.0,0.0,0.0,0.0,0.0,0.0,0.0,141.0,1.0,1.0,0.0,0.0,0.09,0.06,0.0,255.0,5.0,0.02,0.06,0.0,0.0,1.0,1.0,0.0,1.0,25214.0
0.0,1.0,7.0,5.0,0.0,0.0,0.0,0.0,0.0,0.0,0.0,0.0,0.0,241.0,1.0,1.0,0.0,0.0,0.02,0.05,0.0,255.0,4.0,0.02,0.05,0.0,0.0,1.0,1.0,0.0,1.0,40753.0
0.0,1.0,55.0,1.0,0.0,0.0,0.0,0.0,0.0,0.0,0.0,0.0,0.0,137.0,0.0,0.0,1.0,1.0,0.01,0.07,0.0,255.0,1.0,0.0,0.07,0.0,0.0,0.0,0.0,1.0,1.0,4280.0
0.0,1.0,22.0,5.0,0.0,0.0,0.0,0.0,0.0,0.0,0.0,0.0,0.0,275.0,1.0,1.0,0.0,0.0,0.09,0.05,0.0,255.0,24.0,0.09,0.05,0.0,0.0,1.0,1.0,0.0,1.0,61614.0
0.0,1.0,46.0,5.0,0.0,0.0,0.0,0.0,0.0,0.0,0.0,0.0,0.0,89.0,1.0,1.0,0.0,0.0,0.22,0.06,0.0,255.0,1.0,0.0,0.07,0.0,0.0,1.0,1.0,0.0,1.0,59095.0
0.0,1.0,63.0,5.0,0.0,0.0,0.0,0.0,0.0,0.0,0.0,0.0,0.0,205.0,1.0,1.0,0.0,0.0,0.04,0.06,0.0,255.0,9.0,0.04,0.07,0.0,0.0,1.0,1.0,0.0,1.0,65321.0
0.0,1.0,46.0,5.0,0.0,0.0,0.0,0.0,0.0,0.0,0.0,0.0,0.0,275.0,1.0,1.0,0.0,0.0,0.01,0.07,0.0,255.0,19.0,0.07,0.09,0.0,0.0,1.0,1.0,0.0,1.0,38867.0
0.0,1.0,32.0,5.0,0.0,0.0,0.0,0.0,0.0,0.0,0.0,0.0,0.0,214.0,1.0,1.0,0.0,0.0,0.06,0.07,0.0,255.0,13.0,0.05,0.08,0.0,0.0,1.0,1.0,0.0,1.0,87814.0
5130.0,1.0,41.0,4.0,1.0,0.0,0.0,0.0,0.0,0.0,0.0,0.0,0.0,2.0,0.0,0.0,1.0,1.0,1.0,0.0,0.0,255.0,2.0,0.01,0.74,1.0,0.0,0.0,0.0,1.0,1.0,120521.0
0.0,2.0,11.0,9.0,45.0,81.0,0.0,0.0,0.0,0.0,0.0,0.0,0.0,182.0,0.0,0.0,0.0,0.0,1.0,0.0,0.0,255.0,229.0,0.9,0.01,0.0,0.0,0.0,0.0,0.0,0.0,34632.0
0.0,1.0,46.0,5.0,0.0,0.0,0.0,0.0,0.0,0.0,0.0,0.0,0.0,145.0,1.0,1.0,0.0,0.0,0.07,0.06,0.0,255.0,11.0,0.04,0.06,0.0,0.0,1.0,1.0,0.0,1.0,109382.0
0.0,1.0,23.0,5.0,0.0,0.0,0.0,0.0,0.0,0.0,0.0,0.0,0.0,144.0,1.0,1.0,0.0,0.0,0.03,0.06,0.0,255.0,4.0,0.02,0.07,0.0,0.0,1.0,1.0,0.0,1.0,29973.0
38342.0,1.0,46.0,4.0,1.0,0.0,0.0,0.0,0.0,0.0,0.0,0.0,0.0,2.0,0.0,0.0,1.0,1.0,1.0,0.0,0.0,255.0,2.0,0.01,0.51,1.0,0.0,0.0,0.0,1.0,1.0,116491.0
0.0,1.0,46.0,1.0,0.0,0.0,0.0,0.0,0.0,0.0,0.0,0.0,0.0,111.0,0.0,0.0,1.0,1.0,0.08,0.07,0.0,186.0,9.0,0.05,0.07,0.01,0.0,0.0,0.0,1.0,1.0,7963.0
0.0,0.0,13.0,9.0,8.0,0.0,0.0,0.0,0.0,0.0,0.0,0.0,0.0,1.0,0.0,0.0,0.0,0.0,1.0,0.0,1.0,1.0,33.0,1.0,0.0,1.0,0.52,0.0,0.0,0.0,1.0,107160.0
0.0,0.0,14.0,9.0,1032.0,0.0,0.0,0.0,0.0,0.0,0.0,0.0,0.0,511.0,0.0,0.0,0.0,0.0,1.0,0.0,0.0,255.0,50.0,0.2,0.04,0.2,0.0,0.22,0.0,0.0,1.0,10312.0
0.0,1.0,22.0,1.0,0.0,0.0,0.0,0.0,0.0,0.0,0.0,0.0,0.0,285.0,0.0,0.0,1.0,1.0,0.05,0.06,0.0,255.0,14.0,0.05,0.06,0.0,0.0,0.0,0.0,1.0,1.0,86313.0
0.0,1.0,65.0,5.0,0.0,0.0,0.0,0.0,0.0,0.0,0.0,0.0,0.0,294.0,1.0,1.0,0.0,0.0,0.06,0.06,0.0,255.0,19.0,0.07,0.07,0.0,0.0,1.0,1.0,0.0,1.0,107658.0
0.0,0.0,13.0,9.0,8.0,0.0,0.0,0.0,0.0,0.0,0.0,0.0,0.0,1.0,0.0,0.0,0.0,0.0,1.0,0.0,1.0,1.0,25.0,1.0,0.0,1.0,0.52,0.0,0.0,0.0,1.0,8387.0
0.0,1.0,46.0,5.0,0.0,0.0,0.0,0.0,0.0,0.0,0.0,0.0,0.0,126.0,1.0,1.0,0.0,0.0,0.09,0.06,0.0,255.0,14.0,0.05,0.06,0.0,0.0,1.0,1.0,0.0,1.0,70103.0
0.0,0.0,13.0,9.0,8.0,0.0,0.0,0.0,0.0,0.0,0.0,0.0,0.0,1.0,0.0,0.0,0.0,0.0,1.0,0.0,0.0,2.0,22.0,1.0,0.0,1.0,0.5,0.0,0.0,0.0,1.0,40030.0
13758.0,1.0,41.0,4.0,1.0,0.0,0.0,0.0,0.0,0.0,0.0,0.0,0.0,2.0,0.0,0.0,1.0,1.0,1.0,0.0,0.0,255.0,2.0,0.01,0.68,1.0,0.0,0.0,0.0,1.0,1.0,42982.0
0.0,1.0,32.0,5.0,0.0,0.0,0.0,0.0,0.0,0.0,0.0,0.0,0.0,60.0,1.0,1.0,0.0,0.0,0.08,0.08,0.0,255.0,5.0,0.02,0.07,0.0,0.0,1.0,1.0,0.0,1.0,14686.0
0.0,1.0,34.0,5.0,0.0,0.0,0.0,0.0,0.0,0.0,0.0,0.0,0.0,266.0,1.0,1.0,0.0,0.0,0.06,0.06,0.0,255.0,15.0,0.06,0.06,0.0,0.0,1.0,1.0,0.0,1.0,23313.0
0.0,1.0,7.0,5.0,0.0,0.0,0.0,0.0,0.0,0.0,0.0,0.0,0.0,269.0,1.0,1.0,0.0,0.0,0.09,0.05,0.0,255.0,24.0,0.09,0.05,0.0,0.0,1.0,1.0,0.0,1.0,63226.0
0.0,1.0,62.0,5.0,0.0,0.0,0.0,0.0,0.0,0.0,0.0,0.0,0.0,121.0,1.0,1.0,0.0,0.0,0.01,0.07,0.0,255.0,1.0,0.0,0.06,0.0,0.0,1.0,1.0,0.0,1.0,48313.0
0.0,1.0,25.0,5.0,0.0,0.0,0.0,0.0,0.0,0.0,0.0,0.0,0.0,258.0,1.0,1.0,0.0,0.0,0.02,0.06,0.0,255.0,3.0,0.01,0.06,0.0,0.0,1.0,1.0,0.0,1.0,95115.0
0.0,1.0,46.0,1.0,0.0,0.0,0.0,0.0,0.0,0.0,0.0,0.0,0.0,280.0,0.0,0.0,1.0,1.0,0.04,0.06,0.0,255.0,12.0,0.05,0.09,0.0,0.0,0.0,0.0,1.0,1.0,116536.0
0.0,1.0,46.0,5.0,0.0,0.0,0.0,0.0,0.0,0.0,0.0,0.0,0.0,251.0,1.0,1.0,0.0,0.0,0.04,0.07,0.0,255.0,23.0,0.09,0.07,0.0,0.0,1.0,1.0,0.0,1.0,119168.0
0.0,1.0,29.0,4.0,0.0,0.0,0.0,0.0,0.0,0.0,0.0,0.0,0.0,1.0,0.0,0.0,1.0,1.0,1.0,0.0,0.0,255.0,1.0,0.0,0.47,0.46,0.0,0.0,0.0,1.0,1.0,37829.0
0.0,1.0,26.0,5.0,0.0,0.0,0.0,0.0,0.0,0.0,0.0,0.0,0.0,233.0,1.0,1.0,0.0,0.0,0.06,0.07,0.0,255.0,2.0,0.01,0.09,0.0,0.0,1.0,1.0,0.0,1.0,107899.0
38621.0,1.0,12.0,3.0,0.0,0.0,0.0,0.0,0.0,0.0,0.0,0.0,0.0,1.0,0.0,0.0,1.0,1.0,1.0,0.0,0.0,73.0,1.0,0.01,0.07,0.01,0.0,0.0,0.0,1.0,1.0,33789.0
0.0,1.0,22.0,5.0,0.0,0.0,0.0,0.0,0.0,0.0,0.0,0.0,0.0,232.0,1.0,0.91,0.0,0.0,0.04,0.07,0.18,255.0,10.0,0.04,0.07,0.0,0.0,1.0,1.0,0.0,1.0,9529.0
0.0,1.0,22.0,1.0,0.0,0.0,0.0,0.0,0.0,0.0,0.0,0.0,0.0,1.0,0.0,0.0,1.0,1.0,1.0,0.0,0.0,129.0,255.0,1.0,0.0,0.01,0.08,0.01,0.0,0.52,0.0,70708.0
0.0,1.0,23.0,5.0,0.0,0.0,0.0,0.0,0.0,0.0,0.0,0.0,0.0,53.0,1.0,1.0,0.0,0.0,0.19,0.09,0.0,255.0,10.0,0.04,0.08,0.0,0.0,1.0,1.0,0.0,1.0,49290.0
0.0,0.0,14.0,9.0,1032.0,0.0,0.0,0.0,0.0,0.0,0.0,0.0,0.0,511.0,0.0,0.0,0.0,0.0,1.0,0.0,0.0,255.0,175.0,0.69,0.02,0.69,0.0,0.0,0.0,0.0,1.0,96988.0
0.0,1.0,46.0,5.0,0.0,0.0,0.0,0.0,0.0,0.0,0.0,0.0,0.0,115.0,1.0,1.0,0.0,0.0,0.03,0.06,0.0,255.0,6.0,0.02,0.07,0.0,0.0,1.0,1.0,0.0,1.0,108997.0
0.0,1.0,46.0,5.0,0.0,0.0,0.0,0.0,0.0,0.0,0.0,0.0,0.0,135.0,1.0,1.0,0.0,0.0,0.14,0.05,0.0,255.0,19.0,0.07,0.04,0.0,0.0,1.0,1.0,0.0,1.0,110507.0
0.0,1.0,8.0,5.0,0.0,0.0,0.0,0.0,0.0,0.0,0.0,0.0,0.0,292.0,1.0,1.0,0.0,0.0,0.08,0.05,0.0,255.0,23.0,0.09,0.05,0.0,0.0,1.0,1.0,0.0,1.0,41396.0
0.0,1.0,57.0,5.0,0.0,0.0,0.0,0.0,0.0,0.0,0.0,0.0,0.0,60.0,0.98,1.0,0.02,0.0,0.23,0.08,0.0,255.0,34.0,0.13,0.05,0.01,0.0,1.0,1.0,0.0,1.0,58848.0
41354.0,1.0,46.0,4.0,1.0,0.0,0.0,0.0,0.0,0.0,0.0,0.0,0.0,2.0,0.0,0.0,1.0,1.0,1.0,0.0,0.0,255.0,2.0,0.01,0.27,0.53,0.0,0.0,0.0,1.0,1.0,33748.0
0.0,1.0,3.0,5.0,0.0,0.0,0.0,0.0,0.0,0.0,0.0,0.0,0.0,299.0,1.0,1.0,0.0,0.0,0.07,0.06,0.0,255.0,20.0,0.08,0.06,0.0,0.0,1.0,1.0,0.0,1.0,113709.0
0.0,0.0,13.0,9.0,18.0,0.0,0.0,0.0,0.0,0.0,0.0,0.0,0.0,1.0,0.0,0.0,0.0,0.0,1.0,0.0,0.0,2.0,30.0,1.0,0.0,1.0,0.27,0.0,0.0,0.0,1.0,9463.0
0.0,1.0,46.0,1.0,0.0,0.0,0.0,0.0,0.0,0.0,0.0,0.0,0.0,342.0,0.0,0.0,1.0,1.0,0.0,0.52,0.0,255.0,1.0,0.0,0.52,1.0,0.0,0.0,0.0,1.0,1.0,84606.0
0.0,0.0,13.0,9.0,8.0,0.0,0.0,0.0,0.0,0.0,0.0,0.0,0.0,1.0,0.0,0.0,0.0,0.0,1.0,0.0,1.0,2.0,158.0,1.0,0.0,1.0,0.5,0.0,0.0,0.0,1.0,74023.0
0.0,1.0,46.0,5.0,0.0,0.0,0.0,0.0,0.0,0.0,0.0,0.0,0.0,259.0,1.0,1.0,0.0,0.0,0.06,0.06,0.0,255.0,12.0,0.05,0.07,0.0,0.0,1.0,1.0,0.0,1.0,76328.0
0.0,1.0,22.0,5.0,0.0,0.0,0.0,0.0,0.0,0.0,0.0,0.0,0.0,227.0,1.0,0.53,0.0,0.0,0.04,0.07,0.13,255.0,8.0,0.03,0.06,0.0,0.0,1.0,1.0,0.0,1.0,105298.0
0.0,1.0,46.0,5.0,0.0,0.0,0.0,0.0,0.0,0.0,0.0,0.0,0.0,111.0,1.0,1.0,0.0,0.0,0.1,0.05,0.0,255.0,3.0,0.01,0.06,0.0,0.0,1.0,1.0,0.0,1.0,77202.0
36224.0,1.0,46.0,4.0,1.0,0.0,0.0,0.0,0.0,0.0,0.0,0.0,0.0,2.0,0.0,0.0,1.0,1.0,1.0,0.0,0.0,255.0,2.0,0.01,0.5,1.0,0.0,0.0,0.0,1.0,1.0,118609.0
0.0,1.0,46.0,5.0,0.0,0.0,0.0,0.0,0.0,0.0,0.0,0.0,0.0,22.0,1.0,1.0,0.0,0.0,0.41,0.18,0.0,255.0,9.0,0.04,0.08,0.0,0.0,1.0,1.0,0.0,1.0,18667.0
0.0,1.0,62.0,5.0,0.0,0.0,0.0,0.0,0.0,0.0,0.0,0.0,0.0,17.0,1.0,1.0,0.0,0.0,0.18,0.12,0.0,255.0,3.0,0.01,0.07,0.0,0.0,1.0,1.0,0.0,1.0,28983.0
0.0,0.0,14.0,9.0,1032.0,0.0,0.0,0.0,0.0,0.0,0.0,0.0,0.0,510.0,0.0,0.0,0.0,0.0,1.0,0.0,0.0,255.0,6.0,0.02,0.18,0.02,0.0,0.0,0.0,0.0,1.0,1433.0
0.0,2.0,11.0,9.0,43.0,43.0,0.0,0.0,0.0,0.0,0.0,0.0,0.0,127.0,0.0,0.0,0.0,0.0,0.99,0.02,0.01,255.0,254.0,1.0,0.01,0.01,0.0,0.0,0.0,0.0,0.0,72474.0
0.0,1.0,46.0,5.0,0.0,0.0,0.0,0.0,0.0,0.0,0.0,0.0,0.0,119.0,1.0,1.0,0.0,0.0,0.07,0.07,0.0,255.0,6.0,0.02,0.09,0.0,0.0,1.0,1.0,0.0,1.0,89917.0
0.0,1.0,46.0,5.0,0.0,0.0,0.0,0.0,0.0,0.0,0.0,0.0,0.0,37.0,1.0,1.0,0.0,0.0,0.3,0.16,0.0,255.0,13.0,0.05,0.09,0.0,0.0,1.0,1.0,0.0,1.0,1646.0
0.0,0.0,14.0,9.0,1032.0,0.0,0.0,0.0,0.0,0.0,0.0,0.0,0.0,511.0,0.0,0.0,0.0,0.0,1.0,0.0,0.0,255.0,137.0,0.54,0.01,0.54,0.0,0.0,0.0,0.0,1.0,89013.0
0.0,1.0,46.0,5.0,0.0,0.0,0.0,0.0,0.0,0.0,0.0,0.0,0.0,93.0,1.0,1.0,0.0,0.0,0.12,0.08,0.0,255.0,11.0,0.04,0.06,0.0,0.0,1.0,1.0,0.0,1.0,21368.0
0.0,1.0,63.0,5.0,0.0,0.0,0.0,0.0,0.0,0.0,0.0,0.0,0.0,62.0,1.0,1.0,0.0,0.0,0.27,0.08,0.0,255.0,17.0,0.07,0.08,0.0,0.0,1.0,1.0,0.0,1.0,57261.0
0.0,0.0,14.0,9.0,1032.0,0.0,0.0,0.0,0.0,0.0,0.0,0.0,0.0,511.0,0.0,0.0,0.0,0.0,1.0,0.0,0.0,255.0,37.0,0.15,0.04,0.15,0.0,0.27,0.0,0.0,1.0,75051.0
0.0,1.0,9.0,2.0,0.0,0.0,0.0,0.0,0.0,0.0,0.0,0.0,0.0,276.0,0.0,0.0,1.0,1.0,0.07,0.06,0.0,255.0,20.0,0.08,0.07,0.0,0.0,0.0,0.0,1.0,1.0,13267.0
0.0,1.0,55.0,5.0,0.0,0.0,0.0,0.0,0.0,0.0,0.0,0.0,0.0,272.0,1.0,1.0,0.0,0.0,0.01,0.06,0.0,255.0,1.0,0.0,0.06,0.0,0.0,1.0,1.0,0.0,1.0,111070.0
0.0,1.0,46.0,1.0,0.0,0.0,0.0,0.0,0.0,0.0,0.0,0.0,0.0,74.0,0.0,0.0,1.0,1.0,0.08,0.07,0.0,255.0,6.0,0.02,0.06,0.0,0.0,0.0,0.0,1.0,1.0,89604.0
5.0,1.0,46.0,4.0,0.0,0.0,0.0,0.0,0.0,0.0,0.0,0.0,0.0,1.0,0.0,0.0,1.0,1.0,1.0,0.0,0.0,255.0,1.0,0.0,1.0,1.0,0.0,0.0,0.0,1.0,1.0,116438.0
0.0,1.0,65.0,5.0,0.0,0.0,0.0,0.0,0.0,0.0,0.0,0.0,0.0,231.0,1.0,1.0,0.0,0.0,0.07,0.06,0.0,255.0,17.0,0.07,0.07,0.0,0.0,1.0,1.0,0.0,1.0,61049.0
0.0,1.0,54.0,2.0,0.0,0.0,0.0,0.0,0.0,0.0,0.0,0.0,0.0,138.0,0.0,0.0,1.0,1.0,0.09,0.06,0.0,255.0,12.0,0.05,0.07,0.0,0.0,0.0,0.0,1.0,1.0,53015.0
0.0,0.0,14.0,9.0,520.0,0.0,0.0,0.0,0.0,0.0,0.0,0.0,0.0,89.0,0.0,0.0,0.0,0.0,1.0,0.0,0.0,255.0,255.0,1.0,0.0,1.0,0.0,0.0,0.0,0.0,1.0,72669.0
0.0,2.0,46.0,9.0,28.0,0.0,3.0,0.0,0.0,0.0,0.0,0.0,0.0,51.0,0.0,0.0,0.0,0.0,1.0,0.0,0.0,123.0,51.0,0.41,0.03,0.41,0.0,0.0,0.0,0.0,1.0,39821.0
0.0,1.0,22.0,5.0,0.0,0.0,0.0,0.0,0.0,0.0,0.0,0.0,0.0,45.0,1.0,1.0,0.0,0.0,0.27,0.09,0.0,255.0,58.0,0.23,0.04,0.02,0.0,1.0,1.0,0.0,1.0,72346.0
0.0,1.0,46.0,5.0,0.0,0.0,0.0,0.0,0.0,0.0,0.0,0.0,0.0,141.0,1.0,1.0,0.0,0.0,0.1,0.06,0.0,255.0,14.0,0.05,0.07,0.0,0.0,1.0,1.0,0.0,1.0,84549.0
0.0,1.0,22.0,5.0,0.0,0.0,0.0,0.0,0.0,0.0,0.0,0.0,0.0,11.0,0.91,1.0,0.09,0.0,0.91,0.18,0.0,255.0,11.0,0.04,0.06,0.0,0.0,1.0,1.0,0.0,1.0,67417.0
0.0,1.0,56.0,5.0,0.0,0.0,0.0,0.0,0.0,0.0,0.0,0.0,0.0,255.0,1.0,1.0,0.0,0.0,0.09,0.05,0.0,255.0,22.0,0.09,0.05,0.0,0.0,1.0,1.0,0.0,1.0,107048.0
0.0,1.0,19.0,9.0,59.0,0.0,0.0,0.0,1.0,0.0,0.0,0.0,0.0,19.0,0.0,0.0,0.0,0.0,1.0,0.0,0.0,71.0,44.0,0.35,0.08,0.35,0.05,0.0,0.0,0.0,0.0,97876.0
0.0,1.0,46.0,1.0,0.0,0.0,0.0,0.0,0.0,0.0,0.0,0.0,0.0,131.0,0.06,0.0,0.92,1.0,0.01,1.0,0.0,255.0,1.0,0.0,0.72,0.0,0.0,0.03,0.0,1.0,1.0,9902.0
0.0,2.0,46.0,9.0,28.0,0.0,3.0,0.0,0.0,0.0,0.0,0.0,0.0,43.0,0.0,0.0,0.02,0.0,0.98,0.05,0.0,255.0,42.0,0.16,0.02,0.16,0.0,0.0,0.0,0.0,1.0,91715.0
0.0,1.0,38.0,5.0,0.0,0.0,0.0,0.0,0.0,0.0,0.0,0.0,0.0,142.0,1.0,1.0,0.0,0.0,0.09,0.06,0.0,255.0,1.0,0.0,0.07,0.0,0.0,1.0,1.0,0.0,1.0,87921.0
0.0,1.0,46.0,5.0,0.0,0.0,0.0,0.0,0.0,0.0,0.0,0.0,0.0,122.0,1.0,1.0,0.0,0.0,0.07,0.07,0.0,255.0,11.0,0.04,0.08,0.0,0.0,1.0,1.0,0.0,1.0,67541.0
0.0,0.0,13.0,9.0,8.0,0.0,0.0,0.0,0.0,0.0,0.0,0.0,0.0,1.0,0.0,0.0,0.0,0.0,1.0,0.0,1.0,1.0,34.0,1.0,0.0,1.0,0.53,0.0,0.0,0.0,1.0,68050.0
0.0,1.0,32.0,5.0,0.0,0.0,0.0,0.0,0.0,0.0,0.0,0.0,0.0,30.0,1.0,1.0,0.0,0.0,0.1,0.17,0.0,255.0,10.0,0.04,0.07,0.0,0.0,1.0,1.0,0.0,1.0,90210.0
0.0,1.0,38.0,5.0,0.0,0.0,0.0,0.0,0.0,0.0,0.0,0.0,0.0,101.0,1.0,1.0,0.0,0.0,0.01,0.07,0.0,255.0,1.0,0.0,0.06,0.0,0.0,1.0,1.0,0.0,1.0,119367.0
0.0,1.0,46.0,1.0,0.0,0.0,0.0,0.0,0.0,0.0,0.0,0.0,0.0,134.0,0.0,0.0,1.0,1.0,0.12,0.06,0.0,255.0,33.0,0.13,0.07,0.0,0.0,0.0,0.0,1.0,1.0,25525.0
0.0,1.0,57.0,5.0,0.0,0.0,0.0,0.0,0.0,0.0,0.0,0.0,0.0,66.0,1.0,1.0,0.0,0.0,0.3,0.06,0.0,255.0,73.0,0.29,0.02,0.0,0.0,1.0,1.0,0.0,1.0,18613.0
0.0,1.0,41.0,1.0,0.0,0.0,0.0,0.0,0.0,0.0,0.0,0.0,0.0,511.0,0.07,0.0,0.93,1.0,0.0,0.96,0.0,255.0,1.0,0.0,0.91,0.0,0.0,0.04,0.0,1.0,1.0,98077.0
0.0,1.0,3.0,1.0,0.0,0.0,0.0,0.0,0.0,0.0,0.0,0.0,0.0,228.0,0.0,0.0,1.0,1.0,0.07,0.07,0.0,255.0,15.0,0.06,0.08,0.0,0.0,0.0,0.0,1.0,1.0,120116.0
0.0,1.0,46.0,5.0,0.0,0.0,0.0,0.0,0.0,0.0,0.0,0.0,0.0,299.0,1.0,1.0,0.0,0.0,0.03,0.05,0.0,255.0,2.0,0.01,0.08,0.0,0.0,1.0,1.0,0.0,1.0,50670.0
0.0,1.0,59.0,5.0,0.0,0.0,0.0,0.0,0.0,0.0,0.0,0.0,0.0,229.0,1.0,1.0,0.0,0.0,0.02,0.06,0.0,255.0,5.0,0.02,0.06,0.0,0.0,1.0,1.0,0.0,1.0,109600.0
0.0,2.0,11.0,9.0,45.0,45.0,0.0,0.0,0.0,0.0,0.0,0.0,0.0,151.0,0.0,0.0,0.0,0.0,1.0,0.0,0.0,255.0,254.0,1.0,0.01,0.0,0.0,0.0,0.0,0.0,0.0,6366.0
0.0,1.0,46.0,5.0,0.0,0.0,0.0,0.0,0.0,0.0,0.0,0.0,0.0,135.0,1.0,1.0,0.0,0.0,0.16,0.05,0.0,255.0,21.0,0.08,0.04,0.0,0.0,1.0,1.0,0.0,1.0,12744.0
0.0,0.0,13.0,9.0,8.0,0.0,0.0,0.0,0.0,0.0,0.0,0.0,0.0,1.0,0.0,0.0,0.0,0.0,1.0,0.0,1.0,1.0,89.0,1.0,0.0,1.0,0.51,0.0,0.0,0.0,1.0,31329.0
0.0,1.0,37.0,1.0,0.0,0.0,0.0,0.0,0.0,0.0,0.0,0.0,0.0,2.0,0.0,0.0,1.0,1.0,0.5,1.0,0.0,255.0,1.0,0.0,1.0,1.0,0.0,0.0,0.0,1.0,1.0,8424.0
0.0,1.0,46.0,1.0,0.0,0.0,0.0,0.0,0.0,0.0,0.0,0.0,0.0,123.0,0.0,0.0,1.0,1.0,0.13,0.06,0.0,255.0,16.0,0.06,0.06,0.0,0.0,0.0,0.0,1.0,1.0,45296.0
0.0,1.0,54.0,2.0,0.0,0.0,0.0,0.0,0.0,0.0,0.0,0.0,0.0,183.0,0.0,0.0,1.0,1.0,0.05,0.07,0.0,255.0,9.0,0.04,0.08,0.0,0.0,0.0,0.0,1.0,1.0,121734.0
0.0,1.0,31.0,5.0,0.0,0.0,0.0,0.0,0.0,0.0,0.0,0.0,0.0,138.0,1.0,1.0,0.0,0.0,0.07,0.06,0.0,255.0,20.0,0.08,0.07,0.0,0.0,1.0,1.0,0.0,1.0,26454.0
0.0,1.0,12.0,5.0,0.0,0.0,0.0,0.0,0.0,0.0,0.0,0.0,0.0,293.0,1.0,1.0,0.0,0.0,0.03,0.05,0.0,255.0,10.0,0.04,0.05,0.0,0.0,1.0,1.0,0.0,1.0,112355.0
2.0,1.0,46.0,4.0,0.0,0.0,0.0,0.0,0.0,0.0,0.0,0.0,0.0,409.0,0.0,0.0,1.0,1.0,0.0,0.52,0.0,255.0,2.0,0.01,0.52,1.0,0.0,0.0,0.0,1.0,1.0,83467.0
0.0,1.0,46.0,5.0,0.0,0.0,0.0,0.0,0.0,0.0,0.0,0.0,0.0,130.0,1.0,1.0,0.0,0.0,0.07,0.06,0.0,255.0,6.0,0.02,0.06,0.0,0.0,1.0,1.0,0.0,1.0,60292.0
0.0,0.0,13.0,9.0,30.0,0.0,0.0,0.0,0.0,0.0,0.0,0.0,0.0,2.0,0.0,0.0,0.0,0.0,0.5,1.0,0.0,255.0,25.0,0.1,0.01,0.49,0.0,0.0,0.0,0.0,0.0,99583.0
1.0,1.0,22.0,1.0,0.0,0.0,0.0,0.0,0.0,0.0,0.0,0.0,0.0,1.0,0.0,0.0,1.0,1.0,1.0,0.0,0.0,11.0,11.0,1.0,0.0,0.09,0.0,0.0,0.0,1.0,0.0,93730.0
0.0,1.0,22.0,9.0,294.0,183.0,0.0,0.0,1.0,0.0,0.0,0.0,0.0,16.0,0.0,0.0,0.0,0.0,1.0,0.0,0.0,255.0,255.0,1.0,0.0,0.0,0.0,0.0,0.0,0.0,0.0,68435.0
0.0,1.0,46.0,5.0,0.0,0.0,0.0,0.0,0.0,0.0,0.0,0.0,0.0,134.0,1.0,1.0,0.0,0.0,0.13,0.07,0.0,255.0,17.0,0.07,0.07,0.0,0.0,1.0,1.0,0.0,1.0,35441.0
0.0,1.0,22.0,1.0,0.0,0.0,0.0,0.0,0.0,0.0,0.0,0.0,0.0,293.0,0.0,0.0,1.0,1.0,0.06,0.05,0.0,255.0,18.0,0.07,0.06,0.0,0.0,0.0,0.0,1.0,1.0,23706.0
938.0,2.0,41.0,9.0,147.0,105.0,0.0,0.0,0.0,0.0,0.0,0.0,0.0,2.0,0.0,0.0,0.0,0.0,1.0,0.0,0.0,255.0,2.0,0.01,0.42,0.85,0.0,0.0,0.0,0.0,0.0,10701.0
0.0,2.0,46.0,9.0,1.0,0.0,0.0,0.0,0.0,0.0,0.0,0.0,0.0,18.0,0.0,0.0,0.0,0.0,0.39,0.39,0.0,255.0,7.0,0.03,0.22,1.0,0.0,0.0,0.0,0.0,1.0,76658.0
0.0,2.0,46.0,9.0,1.0,0.0,0.0,0.0,0.0,0.0,0.0,0.0,0.0,59.0,0.0,0.0,0.0,0.0,0.08,0.08,0.0,255.0,5.0,0.02,0.22,0.83,0.0,0.0,0.0,0.0,1.0,117084.0
0.0,1.0,46.0,1.0,0.0,0.0,0.0,0.0,0.0,0.0,0.0,0.0,0.0,102.0,0.0,0.0,1.0,1.0,0.04,0.06,0.0,255.0,4.0,0.02,0.07,0.0,0.0,0.0,0.0,1.0,1.0,79100.0
1832.0,2.0,41.0,9.0,146.0,105.0,0.0,0.0,0.0,0.0,0.0,0.0,0.0,1.0,0.0,0.0,0.0,0.0,1.0,0.0,0.0,255.0,2.0,0.01,0.72,0.97,0.0,0.0,0.0,0.0,0.0,111209.0
0.0,1.0,46.0,5.0,0.0,0.0,0.0,0.0,0.0,0.0,0.0,0.0,0.0,245.0,1.0,1.0,0.0,0.0,0.07,0.05,0.0,255.0,17.0,0.07,0.07,0.0,0.0,1.0,1.0,0.0,1.0,70744.0
0.0,1.0,16.0,4.0,0.0,0.0,0.0,0.0,0.0,0.0,0.0,0.0,0.0,1.0,0.0,0.0,1.0,1.0,1.0,0.0,0.0,255.0,1.0,0.0,1.0,1.0,0.0,0.0,0.0,1.0,1.0,18113.0
0.0,1.0,22.0,1.0,0.0,0.0,0.0,0.0,0.0,0.0,0.0,0.0,0.0,22.0,0.0,0.0,1.0,0.86,1.0,0.0,0.1,23.0,255.0,1.0,0.0,0.04,0.17,0.0,0.0,0.61,0.0,26616.0
0.0,1.0,34.0,5.0,0.0,0.0,0.0,0.0,0.0,0.0,0.0,0.0,0.0,240.0,1.0,1.0,0.0,0.0,0.03,0.06,0.0,255.0,2.0,0.01,0.08,0.0,0.0,1.0,1.0,0.0,1.0,43109.0
0.0,0.0,13.0,9.0,8.0,0.0,0.0,0.0,0.0,0.0,0.0,0.0,0.0,1.0,0.0,0.0,0.0,0.0,1.0,0.0,1.0,1.0,255.0,1.0,0.0,1.0,0.5,0.0,0.0,0.0,1.0,68275.0
0.0,1.0,35.0,1.0,0.0,0.0,0.0,0.0,0.0,0.0,0.0,0.0,0.0,232.0,0.0,0.0,1.0,1.0,0.04,0.07,0.0,255.0,10.0,0.04,0.08,0.0,0.0,0.0,0.0,1.0,1.0,64857.0
40080.0,1.0,46.0,4.0,1.0,0.0,0.0,0.0,0.0,0.0,0.0,0.0,0.0,3.0,0.0,0.0,0.67,1.0,0.67,0.67,0.0,255.0,2.0,0.01,0.48,0.95,0.0,0.0,0.0,1.0,1.0,89508.0
0.0,2.0,46.0,9.0,1.0,0.0,0.0,0.0,0.0,0.0,0.0,0.0,0.0,136.0,0.0,0.0,0.0,0.0,0.73,0.04,0.0,255.0,146.0,0.57,0.05,1.0,0.0,0.0,0.0,0.0,1.0,114066.0
1.0,1.0,51.0,9.0,2342.0,283.0,0.0,0.0,1.0,0.0,0.0,0.0,0.0,1.0,0.0,0.0,0.0,0.0,1.0,0.0,1.0,91.0,177.0,0.8,0.05,0.01,0.01,0.0,0.0,0.0,0.0,50414.0
0.0,1.0,22.0,5.0,0.0,0.0,0.0,0.0,0.0,0.0,0.0,0.0,0.0,12.0,0.92,1.0,0.08,0.0,0.25,0.42,0.0,255.0,43.0,0.17,0.04,0.01,0.0,1.0,1.0,0.0,1.0,55956.0
0.0,1.0,41.0,1.0,0.0,0.0,0.0,0.0,0.0,0.0,0.0,0.0,0.0,511.0,0.1,0.0,0.89,1.0,0.0,1.0,0.0,255.0,1.0,0.0,1.0,0.0,0.0,0.12,0.0,1.0,1.0,62237.0
0.0,2.0,11.0,9.0,46.0,46.0,0.0,0.0,0.0,0.0,0.0,0.0,0.0,161.0,0.0,0.0,0.0,0.0,1.0,0.0,0.0,255.0,255.0,1.0,0.0,0.0,0.0,0.0,0.0,0.0,0.0,73617.0
0.0,0.0,14.0,9.0,1032.0,0.0,0.0,0.0,0.0,0.0,0.0,0.0,0.0,511.0,0.0,0.0,0.0,0.0,1.0,0.0,0.0,213.0,68.0,0.32,0.01,0.32,0.0,0.0,0.0,0.0,1.0,11555.0
0.0,2.0,46.0,9.0,28.0,0.0,3.0,0.0,0.0,0.0,0.0,0.0,0.0,68.0,0.0,0.0,0.0,0.0,1.0,0.0,0.0,255.0,68.0,0.27,0.02,0.27,0.0,0.0,0.0,0.0,1.0,447.0
0.0,1.0,6.0,5.0,0.0,0.0,0.0,0.0,0.0,0.0,0.0,0.0,0.0,40.0,1.0,1.0,0.0,0.0,0.3,0.12,0.0,255.0,13.0,0.05,0.07,0.0,0.0,1.0,1.0,0.0,1.0,17855.0
0.0,1.0,46.0,5.0,0.0,0.0,0.0,0.0,0.0,0.0,0.0,0.0,0.0,264.0,1.0,1.0,0.0,0.0,0.01,0.06,0.0,255.0,7.0,0.03,0.07,0.0,0.0,1.0,1.0,0.0,1.0,47470.0
0.0,1.0,46.0,5.0,0.0,0.0,0.0,0.0,0.0,0.0,0.0,0.0,0.0,256.0,1.0,1.0,0.0,0.0,0.02,0.06,0.0,255.0,2.0,0.01,0.09,0.0,0.0,1.0,1.0,0.0,1.0,96611.0
0.0,1.0,16.0,2.0,0.0,0.0,0.0,0.0,0.0,0.0,0.0,0.0,0.0,115.0,0.0,0.0,1.0,1.0,0.01,0.06,0.0,255.0,1.0,0.0,0.07,0.0,0.0,0.0,0.0,1.0,1.0,51527.0
0.0,1.0,22.0,9.0,435.0,236.0,0.0,0.0,1.0,0.0,0.0,0.0,0.0,40.0,0.0,0.0,0.0,0.0,1.0,0.0,0.0,255.0,255.0,1.0,0.0,0.0,0.0,0.0,0.0,0.0,0.0,105001.0
0.0,1.0,46.0,5.0,0.0,0.0,0.0,0.0,0.0,0.0,0.0,0.0,0.0,195.0,1.0,1.0,0.0,0.0,0.04,0.06,0.0,255.0,6.0,0.02,0.07,0.0,0.0,1.0,1.0,0.0,1.0,6447.0
0.0,1.0,46.0,5.0,0.0,0.0,0.0,0.0,0.0,0.0,0.0,0.0,0.0,134.0,1.0,1.0,0.0,0.0,0.11,0.05,0.0,255.0,2.0,0.01,0.07,0.0,0.0,1.0,1.0,0.0,1.0,122711.0
0.0,1.0,22.0,1.0,0.0,0.0,0.0,0.0,0.0,0.0,0.0,0.0,0.0,1.0,0.0,0.0,1.0,1.0,1.0,0.0,1.0,25.0,255.0,1.0,0.0,0.04,0.16,0.0,0.0,1.0,0.0,107992.0
0.0,1.0,46.0,1.0,0.0,0.0,0.0,0.0,0.0,0.0,0.0,0.0,0.0,258.0,0.0,0.0,1.0,1.0,0.05,0.05,0.0,255.0,12.0,0.05,0.06,0.0,0.0,0.0,0.0,1.0,1.0,99847.0
0.0,1.0,17.0,5.0,0.0,0.0,0.0,0.0,0.0,0.0,0.0,0.0,0.0,61.0,1.0,1.0,0.0,0.0,0.31,0.07,0.0,255.0,79.0,0.31,0.02,0.0,0.0,1.0,1.0,0.0,1.0,54000.0
0.0,1.0,46.0,5.0,0.0,0.0,0.0,0.0,0.0,0.0,0.0,0.0,0.0,18.0,1.0,1.0,0.0,0.0,0.22,0.22,0.0,255.0,4.0,0.02,0.07,0.0,0.0,1.0,1.0,0.0,1.0,51645.0
0.0,1.0,26.0,1.0,0.0,0.0,0.0,0.0,0.0,0.0,0.0,0.0,0.0,214.0,0.0,0.0,1.0,1.0,0.09,0.06,0.0,255.0,19.0,0.07,0.07,0.0,0.0,0.0,0.0,1.0,1.0,71419.0
0.0,1.0,6.0,5.0,0.0,0.0,0.0,0.0,0.0,0.0,0.0,0.0,0.0,240.0,1.0,1.0,0.0,0.0,0.08,0.06,0.0,255.0,20.0,0.08,0.08,0.0,0.0,1.0,1.0,0.0,1.0,124432.0
0.0,1.0,38.0,5.0,0.0,0.0,0.0,0.0,0.0,0.0,0.0,0.0,0.0,13.0,1.0,1.0,0.0,0.0,0.38,0.31,0.0,255.0,5.0,0.02,0.09,0.0,0.0,1.0,1.0,0.0,1.0,83583.0
2644.0,2.0,41.0,9.0,147.0,105.0,0.0,0.0,0.0,0.0,0.0,0.0,0.0,1.0,0.0,0.0,0.0,0.0,1.0,0.0,0.0,255.0,1.0,0.0,0.84,1.0,0.0,0.0,0.0,0.0,0.0,125675.0
39313.0,1.0,46.0,4.0,1.0,0.0,0.0,0.0,0.0,0.0,0.0,0.0,0.0,2.0,0.0,0.0,1.0,1.0,1.0,0.0,0.0,255.0,2.0,0.01,0.51,1.0,0.0,0.0,0.0,1.0,1.0,11196.0
0.0,1.0,46.0,5.0,0.0,0.0,0.0,0.0,0.0,0.0,0.0,0.0,0.0,282.0,1.0,1.0,0.0,0.0,0.0,0.06,0.0,255.0,4.0,0.02,0.07,0.0,0.0,1.0,1.0,0.0,1.0,124258.0
5082.0,2.0,41.0,9.0,146.0,105.0,0.0,0.0,0.0,0.0,0.0,0.0,0.0,2.0,0.0,0.0,0.0,0.0,1.0,0.0,0.0,29.0,2.0,0.07,0.72,0.97,0.0,0.0,0.0,0.0,0.0,115714.0
0.0,2.0,11.0,9.0,43.0,74.0,0.0,0.0,0.0,0.0,0.0,0.0,0.0,132.0,0.0,0.0,0.0,0.0,1.0,0.0,0.0,255.0,254.0,1.0,0.01,0.0,0.0,0.0,0.0,0.0,0.0,14929.0
0.0,1.0,34.0,5.0,0.0,0.0,0.0,0.0,0.0,0.0,0.0,0.0,0.0,273.0,1.0,1.0,0.0,0.0,0.02,0.07,0.0,255.0,6.0,0.02,0.07,0.0,0.0,1.0,1.0,0.0,1.0,85487.0
0.0,1.0,46.0,5.0,0.0,0.0,0.0,0.0,0.0,0.0,0.0,0.0,0.0,146.0,1.0,1.0,0.0,0.0,0.04,0.06,0.0,255.0,6.0,0.02,0.05,0.0,0.0,1.0,1.0,0.0,1.0,75455.0
0.0,1.0,46.0,5.0,0.0,0.0,0.0,0.0,0.0,0.0,0.0,0.0,0.0,41.0,1.0,1.0,0.0,0.0,0.22,0.12,0.0,255.0,11.0,0.04,0.08,0.0,0.0,1.0,1.0,0.0,1.0,24248.0
0.0,1.0,46.0,5.0,0.0,0.0,0.0,0.0,0.0,0.0,0.0,0.0,0.0,124.0,1.0,1.0,0.0,0.0,0.08,0.07,0.0,255.0,11.0,0.04,0.07,0.0,0.0,1.0,1.0,0.0,1.0,99080.0
2.0,1.0,46.0,4.0,0.0,0.0,0.0,0.0,0.0,0.0,0.0,0.0,0.0,439.0,0.0,0.0,1.0,1.0,0.0,0.52,0.0,255.0,2.0,0.01,0.51,1.0,0.0,0.0,0.0,1.0,1.0,118643.0
0.0,1.0,15.0,1.0,0.0,0.0,0.0,0.0,0.0,0.0,0.0,0.0,0.0,123.0,0.0,0.0,1.0,1.0,0.05,0.07,0.0,255.0,6.0,0.02,0.07,0.0,0.0,0.0,0.0,1.0,1.0,90571.0
0.0,1.0,46.0,1.0,0.0,0.0,0.0,0.0,0.0,0.0,0.0,0.0,0.0,2.0,0.0,0.0,1.0,1.0,0.5,1.0,0.0,255.0,1.0,0.0,0.44,0.37,0.0,0.15,0.0,1.0,1.0,47580.0
0.0,1.0,8.0,5.0,0.0,0.0,0.0,0.0,0.0,0.0,0.0,0.0,0.0,185.0,1.0,1.0,0.0,0.0,0.12,0.05,0.0,255.0,23.0,0.09,0.05,0.0,0.0,1.0,1.0,0.0,1.0,39794.0
0.0,1.0,51.0,5.0,0.0,0.0,0.0,0.0,0.0,0.0,0.0,0.0,0.0,267.0,1.0,1.0,0.0,0.0,0.02,0.06,0.0,255.0,5.0,0.02,0.06,0.0,0.0,1.0,1.0,0.0,1.0,124898.0
0.0,1.0,5.0,5.0,0.0,0.0,0.0,0.0,0.0,0.0,0.0,0.0,0.0,127.0,1.0,1.0,0.0,0.0,0.17,0.05,0.0,255.0,22.0,0.09,0.05,0.0,0.0,1.0,1.0,0.0,1.0,96896.0
0.0,1.0,15.0,5.0,0.0,0.0,0.0,0.0,0.0,0.0,0.0,0.0,0.0,128.0,1.0,1.0,0.0,0.0,0.01,0.07,0.0,255.0,1.0,0.0,0.07,0.0,0.0,1.0,1.0,0.0,1.0,14961.0
0.0,2.0,11.0,9.0,45.0,45.0,0.0,0.0,0.0,0.0,0.0,0.0,0.0,120.0,0.0,0.0,0.0,0.0,1.0,0.0,0.02,255.0,255.0,1.0,0.0,0.01,0.0,0.0,0.0,0.0,0.0,98496.0
0.0,1.0,46.0,5.0,0.0,0.0,0.0,0.0,0.0,0.0,0.0,0.0,0.0,92.0,1.0,1.0,0.0,0.0,0.05,0.07,0.0,255.0,19.0,0.07,0.07,0.0,0.0,1.0,1.0,0.0,1.0,59744.0
0.0,1.0,46.0,5.0,0.0,0.0,0.0,0.0,0.0,0.0,0.0,0.0,0.0,272.0,1.0,1.0,0.0,0.0,0.05,0.06,0.0,255.0,13.0,0.05,0.05,0.0,0.0,1.0,1.0,0.0,1.0,91017.0
0.0,1.0,46.0,1.0,0.0,0.0,0.0,0.0,0.0,0.0,0.0,0.0,0.0,104.0,0.0,0.0,1.0,1.0,0.01,0.09,0.0,255.0,1.0,0.0,0.09,0.0,0.0,0.0,0.0,1.0,1.0,30951.0
0.0,1.0,46.0,5.0,0.0,0.0,0.0,0.0,0.0,0.0,0.0,0.0,0.0,41.0,1.0,1.0,0.0,0.0,0.27,0.07,0.0,255.0,11.0,0.04,0.06,0.0,0.0,1.0,1.0,0.0,1.0,72943.0
0.0,0.0,13.0,9.0,30.0,0.0,0.0,0.0,0.0,0.0,0.0,0.0,0.0,2.0,0.0,0.0,0.0,0.0,1.0,0.0,0.0,193.0,193.0,1.0,0.0,1.0,0.0,0.0,0.0,0.0,0.0,54834.0
0.0,1.0,63.0,5.0,0.0,0.0,0.0,0.0,0.0,0.0,0.0,0.0,0.0,57.0,1.0,1.0,0.0,0.0,0.26,0.09,0.0,255.0,15.0,0.06,0.08,0.0,0.0,1.0,1.0,0.0,1.0,16262.0
0.0,1.0,5.0,5.0,0.0,0.0,0.0,0.0,0.0,0.0,0.0,0.0,0.0,115.0,1.0,1.0,0.0,0.0,0.06,0.06,0.0,255.0,7.0,0.03,0.05,0.0,0.0,1.0,1.0,0.0,1.0,67530.0
0.0,1.0,23.0,5.0,0.0,0.0,0.0,0.0,0.0,0.0,0.0,0.0,0.0,131.0,1.0,1.0,0.0,0.0,0.15,0.06,0.0,255.0,19.0,0.07,0.06,0.0,0.0,1.0,1.0,0.0,1.0,42882.0
0.0,1.0,63.0,5.0,0.0,0.0,0.0,0.0,0.0,0.0,0.0,0.0,0.0,268.0,1.0,1.0,0.0,0.0,0.07,0.06,0.0,255.0,1.0,0.0,0.07,0.0,0.0,1.0,1.0,0.0,1.0,56617.0
0.0,1.0,22.0,9.0,221.0,188.0,0.0,0.0,1.0,0.0,0.0,0.0,0.0,11.0,0.0,0.0,0.0,0.0,1.0,0.0,0.0,255.0,255.0,1.0,0.0,0.0,0.0,0.0,0.0,0.0,0.0,55923.0
0.0,1.0,20.0,5.0,0.0,0.0,0.0,0.0,0.0,0.0,0.0,0.0,0.0,254.0,1.0,1.0,0.0,0.0,0.01,0.06,0.0,255.0,19.0,0.07,0.08,0.0,0.0,1.0,1.0,0.0,1.0,10296.0
0.0,1.0,16.0,5.0,0.0,0.0,0.0,0.0,0.0,0.0,0.0,0.0,0.0,98.0,1.0,1.0,0.0,0.0,0.02,0.06,0.0,255.0,2.0,0.01,0.05,0.0,0.0,1.0,1.0,0.0,1.0,30254.0
0.0,1.0,46.0,5.0,0.0,0.0,0.0,0.0,0.0,0.0,0.0,0.0,0.0,59.0,1.0,1.0,0.0,0.0,0.31,0.07,0.0,255.0,20.0,0.08,0.07,0.0,0.0,1.0,1.0,0.0,1.0,117203.0
0.0,2.0,46.0,9.0,28.0,0.0,3.0,0.0,0.0,0.0,0.0,0.0,0.0,30.0,0.0,0.0,0.0,0.0,1.0,0.0,0.0,255.0,97.0,0.38,0.01,0.38,0.0,0.0,0.0,0.0,1.0,31488.0
0.0,0.0,14.0,9.0,1032.0,0.0,0.0,0.0,0.0,0.0,0.0,0.0,0.0,511.0,0.0,0.0,0.0,0.0,1.0,0.0,0.0,255.0,187.0,0.73,0.02,0.73,0.0,0.0,0.0,0.0,1.0,55036.0
0.0,0.0,14.0,9.0,1032.0,0.0,0.0,0.0,0.0,0.0,0.0,0.0,0.0,511.0,0.0,0.0,0.0,0.0,1.0,0.0,0.0,169.0,24.0,0.14,0.02,0.14,0.0,0.0,0.0,0.0,1.0,68841.0
0.0,1.0,34.0,1.0,0.0,0.0,0.0,0.0,0.0,0.0,0.0,0.0,0.0,214.0,0.0,0.0,1.0,1.0,0.01,0.07,0.0,255.0,3.0,0.01,0.07,0.0,0.0,0.0,0.0,1.0,1.0,68177.0
0.0,1.0,46.0,5.0,0.0,0.0,0.0,0.0,0.0,0.0,0.0,0.0,0.0,106.0,1.0,1.0,0.0,0.0,0.06,0.07,0.0,255.0,26.0,0.1,0.06,0.0,0.0,1.0,1.0,0.0,1.0,17840.0
0.0,1.0,46.0,5.0,0.0,0.0,0.0,0.0,0.0,0.0,0.0,0.0,0.0,119.0,1.0,1.0,0.0,0.0,0.08,0.06,0.0,255.0,10.0,0.04,0.07,0.0,0.0,1.0,1.0,0.0,1.0,68121.0
0.0,1.0,46.0,1.0,0.0,0.0,0.0,0.0,0.0,0.0,0.0,0.0,0.0,167.0,0.0,0.0,1.0,1.0,0.06,0.07,0.0,255.0,10.0,0.04,0.06,0.0,0.0,0.0,0.0,1.0,1.0,62077.0
0.0,1.0,46.0,5.0,0.0,0.0,0.0,0.0,0.0,0.0,0.0,0.0,0.0,63.0,1.0,1.0,0.0,0.0,0.02,0.08,0.0,1.0,1.0,1.0,0.0,1.0,0.0,1.0,1.0,0.0,1.0,26882.0
0.0,1.0,46.0,5.0,0.0,0.0,0.0,0.0,0.0,0.0,0.0,0.0,0.0,215.0,1.0,1.0,0.0,0.0,0.09,0.05,0.0,255.0,19.0,0.07,0.07,0.0,0.0,1.0,1.0,0.0,1.0,60533.0
0.0,1.0,2.0,1.0,0.0,0.0,0.0,0.0,0.0,0.0,0.0,0.0,0.0,282.0,0.0,0.0,1.0,1.0,0.07,0.06,0.0,255.0,20.0,0.08,0.07,0.0,0.0,0.0,0.0,1.0,1.0,77398.0
0.0,2.0,11.0,9.0,43.0,43.0,0.0,0.0,0.0,0.0,0.0,0.0,0.0,149.0,0.0,0.0,0.0,0.0,1.0,0.0,0.0,255.0,254.0,1.0,0.01,0.0,0.0,0.0,0.0,0.0,0.0,59854.0
0.0,1.0,46.0,5.0,0.0,0.0,0.0,0.0,0.0,0.0,0.0,0.0,0.0,22.0,1.0,1.0,0.0,0.0,0.09,0.14,0.0,255.0,2.0,0.01,0.07,0.0,0.0,1.0,1.0,0.0,1.0,61624.0
0.0,1.0,26.0,5.0,0.0,0.0,0.0,0.0,0.0,0.0,0.0,0.0,0.0,3.0,1.0,1.0,0.0,0.0,0.67,0.67,0.0,255.0,2.0,0.01,0.09,0.0,0.0,1.0,1.0,0.0,1.0,96432.0
0.0,1.0,23.0,5.0,0.0,0.0,0.0,0.0,0.0,0.0,0.0,0.0,0.0,120.0,1.0,1.0,0.0,0.0,0.02,0.06,0.0,255.0,17.0,0.07,0.07,0.0,0.0,1.0,1.0,0.0,1.0,7780.0
0.0,2.0,11.0,9.0,45.0,45.0,0.0,0.0,0.0,0.0,0.0,0.0,0.0,118.0,0.0,0.0,0.0,0.0,1.0,0.0,0.02,255.0,227.0,0.89,0.01,0.0,0.0,0.0,0.0,0.0,0.0,13226.0
0.0,1.0,19.0,9.0,12.0,0.0,0.0,0.0,1.0,0.0,0.0,0.0,0.0,1.0,0.0,0.0,0.0,0.0,1.0,0.0,0.0,25.0,95.0,0.72,0.08,0.72,0.02,0.0,0.0,0.0,0.0,2369.0
0.0,1.0,5.0,5.0,0.0,0.0,0.0,0.0,0.0,0.0,0.0,0.0,0.0,106.0,1.0,1.0,0.0,0.0,0.06,0.07,0.0,255.0,6.0,0.02,0.08,0.0,0.0,1.0,1.0,0.0,1.0,62622.0
0.0,1.0,46.0,5.0,0.0,0.0,0.0,0.0,0.0,0.0,0.0,0.0,0.0,106.0,1.0,1.0,0.0,0.0,0.11,0.06,0.0,255.0,19.0,0.07,0.06,0.0,0.0,1.0,1.0,0.0,1.0,63713.0
0.0,1.0,4.0,5.0,0.0,0.0,0.0,0.0,0.0,0.0,0.0,0.0,0.0,221.0,1.0,1.0,0.0,0.0,0.08,0.06,0.0,255.0,3.0,0.01,0.09,0.0,0.0,1.0,1.0,0.0,1.0,18599.0
0.0,1.0,62.0,5.0,0.0,0.0,0.0,0.0,0.0,0.0,0.0,0.0,0.0,117.0,1.0,1.0,0.0,0.0,0.02,0.07,0.0,255.0,16.0,0.06,0.07,0.0,0.0,1.0,1.0,0.0,1.0,108992.0
0.0,1.0,62.0,2.0,0.0,0.0,0.0,0.0,0.0,0.0,0.0,0.0,0.0,107.0,0.0,0.0,1.0,1.0,0.04,0.07,0.0,255.0,4.0,0.02,0.07,0.0,0.0,0.0,0.0,1.0,1.0,83362.0
0.0,1.0,46.0,1.0,0.0,0.0,0.0,0.0,0.0,0.0,0.0,0.0,0.0,104.0,0.0,0.0,1.0,1.0,0.1,0.08,0.0,255.0,10.0,0.04,0.06,0.0,0.0,0.0,0.0,1.0,1.0,91803.0
0.0,1.0,46.0,5.0,0.0,0.0,0.0,0.0,0.0,0.0,0.0,0.0,0.0,183.0,1.0,1.0,0.0,0.0,0.03,0.06,0.0,255.0,14.0,0.05,0.06,0.0,0.0,1.0,1.0,0.0,1.0,121184.0
0.0,1.0,38.0,5.0,0.0,0.0,0.0,0.0,0.0,0.0,0.0,0.0,0.0,101.0,1.0,1.0,0.0,0.0,0.11,0.06,0.0,255.0,20.0,0.08,0.07,0.0,0.0,1.0,1.0,0.0,1.0,31852.0
0.0,1.0,46.0,5.0,0.0,0.0,0.0,0.0,0.0,0.0,0.0,0.0,0.0,111.0,1.0,1.0,0.0,0.0,0.09,0.06,0.0,155.0,11.0,0.07,0.1,0.01,0.0,1.0,1.0,0.0,1.0,606.0
0.0,1.0,56.0,5.0,0.0,0.0,0.0,0.0,0.0,0.0,0.0,0.0,0.0,261.0,1.0,1.0,0.0,0.0,0.06,0.06,0.0,255.0,15.0,0.06,0.07,0.0,0.0,1.0,1.0,0.0,1.0,123968.0
0.0,1.0,55.0,5.0,0.0,0.0,0.0,0.0,0.0,0.0,0.0,0.0,0.0,203.0,1.0,1.0,0.0,0.0,0.08,0.06,0.0,255.0,16.0,0.06,0.07,0.0,0.0,1.0,1.0,0.0,1.0,11161.0
0.0,1.0,3.0,5.0,0.0,0.0,0.0,0.0,0.0,0.0,0.0,0.0,0.0,247.0,1.0,1.0,0.0,0.0,0.01,0.07,0.0,255.0,3.0,0.01,0.08,0.0,0.0,1.0,1.0,0.0,1.0,75942.0
0.0,1.0,19.0,1.0,0.0,0.0,0.0,0.0,0.0,0.0,0.0,0.0,0.0,78.0,0.0,0.0,0.94,1.0,0.01,1.0,0.0,203.0,11.0,0.03,0.43,0.0,0.18,0.0,0.09,0.09,1.0,24730.0
0.0,2.0,46.0,9.0,1.0,0.0,0.0,0.0,0.0,0.0,0.0,0.0,0.0,26.0,0.0,0.0,0.0,0.0,0.54,0.08,0.0,255.0,59.0,0.23,0.18,1.0,0.0,0.0,0.0,0.0,1.0,97157.0
0.0,2.0,46.0,9.0,28.0,0.0,3.0,0.0,0.0,0.0,0.0,0.0,0.0,72.0,0.0,0.0,0.0,0.0,1.0,0.0,0.0,255.0,72.0,0.28,0.64,0.28,0.0,0.01,0.0,0.0,1.0,53375.0
0.0,1.0,30.0,1.0,0.0,0.0,0.0,0.0,0.0,0.0,0.0,0.0,0.0,289.0,0.0,0.0,1.0,1.0,0.05,0.06,0.0,255.0,14.0,0.05,0.07,0.0,0.0,0.0,0.0,1.0,1.0,9387.0
0.0,1.0,41.0,5.0,0.0,0.0,0.0,0.0,0.0,0.0,0.0,0.0,0.0,160.0,1.0,1.0,0.0,0.0,0.12,0.06,0.0,255.0,19.0,0.07,0.06,0.0,0.0,1.0,1.0,0.0,1.0,39875.0
0.0,1.0,33.0,1.0,0.0,0.0,0.0,0.0,0.0,0.0,0.0,0.0,0.0,103.0,0.0,0.0,1.0,1.0,0.19,0.07,0.0,255.0,13.0,0.05,0.07,0.0,0.0,0.0,0.0,1.0,1.0,49260.0
0.0,1.0,29.0,5.0,0.0,0.0,0.0,0.0,0.0,0.0,0.0,0.0,0.0,143.0,1.0,1.0,0.0,0.0,0.1,0.06,0.0,255.0,8.0,0.03,0.07,0.0,0.0,1.0,1.0,0.0,1.0,38466.0
0.0,1.0,46.0,5.0,0.0,0.0,0.0,0.0,0.0,0.0,0.0,0.0,0.0,124.0,1.0,1.0,0.0,0.0,0.1,0.06,0.0,255.0,11.0,0.04,0.06,0.0,0.0,1.0,1.0,0.0,1.0,94944.0
0.0,1.0,65.0,5.0,0.0,0.0,0.0,0.0,0.0,0.0,0.0,0.0,0.0,223.0,1.0,1.0,0.0,0.0,0.07,0.05,0.0,255.0,15.0,0.06,0.07,0.0,0.0,1.0,1.0,0.0,1.0,99015.0
0.0,1.0,16.0,5.0,0.0,0.0,0.0,0.0,0.0,0.0,0.0,0.0,0.0,139.0,1.0,1.0,0.0,0.0,0.1,0.06,0.0,255.0,14.0,0.05,0.07,0.0,0.0,1.0,1.0,0.0,1.0,48694.0
0.0,0.0,13.0,9.0,8.0,0.0,0.0,0.0,0.0,0.0,0.0,0.0,0.0,1.0,0.0,0.0,0.0,0.0,1.0,0.0,1.0,1.0,131.0,1.0,0.0,1.0,0.5,0.0,0.0,0.0,1.0,100840.0
0.0,1.0,30.0,5.0,0.0,0.0,0.0,0.0,0.0,0.0,0.0,0.0,0.0,170.0,1.0,1.0,0.0,0.0,0.04,0.06,0.0,255.0,8.0,0.03,0.07,0.0,0.0,1.0,1.0,0.0,1.0,41132.0
0.0,1.0,46.0,4.0,0.0,0.0,0.0,0.0,0.0,0.0,0.0,0.0,0.0,1.0,0.0,0.0,1.0,1.0,1.0,0.0,0.0,255.0,1.0,0.0,0.99,0.98,0.0,0.0,0.0,1.0,1.0,22240.0
0.0,0.0,13.0,9.0,30.0,0.0,0.0,0.0,0.0,0.0,0.0,0.0,0.0,2.0,0.0,0.0,0.0,0.0,1.0,0.0,0.0,237.0,237.0,1.0,0.0,1.0,0.0,0.0,0.0,0.0,0.0,125847.0
0.0,1.0,33.0,5.0,0.0,0.0,0.0,0.0,0.0,0.0,0.0,0.0,0.0,65.0,1.0,1.0,0.0,0.0,0.09,0.09,0.0,255.0,6.0,0.02,0.05,0.0,0.0,1.0,1.0,0.0,1.0,88892.0
0.0,0.0,13.0,9.0,8.0,0.0,0.0,0.0,0.0,0.0,0.0,0.0,0.0,1.0,0.0,0.0,0.0,0.0,1.0,0.0,1.0,2.0,56.0,1.0,0.0,1.0,0.5,0.0,0.0,0.0,1.0,70855.0
0.0,1.0,46.0,5.0,0.0,0.0,0.0,0.0,0.0,0.0,0.0,0.0,0.0,288.0,1.0,1.0,0.0,0.0,0.01,0.06,0.0,255.0,4.0,0.02,0.07,0.0,0.0,1.0,1.0,0.0,1.0,107495.0
0.0,1.0,55.0,5.0,0.0,0.0,0.0,0.0,0.0,0.0,0.0,0.0,0.0,265.0,1.0,1.0,0.0,0.0,0.07,0.06,0.0,255.0,19.0,0.07,0.07,0.0,0.0,1.0,1.0,0.0,1.0,8291.0
0.0,0.0,13.0,9.0,8.0,0.0,0.0,0.0,0.0,0.0,0.0,0.0,0.0,1.0,0.0,0.0,0.0,0.0,1.0,0.0,1.0,3.0,103.0,1.0,0.0,1.0,0.25,0.0,0.0,0.0,1.0,101958.0
0.0,2.0,46.0,9.0,1.0,0.0,0.0,0.0,0.0,0.0,0.0,0.0,0.0,42.0,0.0,0.0,0.0,0.0,0.17,0.1,0.0,255.0,17.0,0.07,0.61,0.42,0.0,0.16,0.0,0.0,1.0,117604.0
0.0,1.0,38.0,1.0,0.0,0.0,0.0,0.0,0.0,0.0,0.0,0.0,0.0,140.0,0.0,0.0,1.0,1.0,0.13,0.06,0.0,255.0,18.0,0.07,0.05,0.0,0.0,0.0,0.0,1.0,1.0,35895.0
0.0,1.0,4.0,4.0,0.0,0.0,0.0,0.0,0.0,0.0,0.0,0.0,0.0,1.0,0.0,0.0,1.0,1.0,1.0,0.0,0.0,255.0,1.0,0.0,1.0,1.0,0.0,0.0,0.0,1.0,1.0,103898.0
0.0,1.0,4.0,1.0,0.0,0.0,0.0,0.0,0.0,0.0,0.0,0.0,0.0,244.0,0.0,0.0,1.0,1.0,0.08,0.07,0.0,255.0,20.0,0.08,0.07,0.0,0.0,0.0,0.0,1.0,1.0,8122.0
0.0,1.0,25.0,5.0,0.0,0.0,0.0,0.0,0.0,0.0,0.0,0.0,0.0,219.0,1.0,1.0,0.0,0.0,0.01,0.06,0.0,255.0,2.0,0.01,0.08,0.0,0.0,1.0,1.0,0.0,1.0,96654.0
0.0,2.0,11.0,9.0,44.0,44.0,0.0,0.0,0.0,0.0,0.0,0.0,0.0,124.0,0.0,0.0,0.0,0.0,1.0,0.0,0.0,255.0,205.0,0.8,0.01,0.01,0.0,0.0,0.0,0.0,0.0,2600.0
0.0,0.0,14.0,9.0,1032.0,0.0,0.0,0.0,0.0,0.0,0.0,0.0,0.0,511.0,0.0,0.0,0.0,0.0,1.0,0.0,0.0,255.0,154.0,0.6,0.01,0.6,0.0,0.0,0.0,0.0,1.0,6993.0
0.0,1.0,63.0,5.0,0.0,0.0,0.0,0.0,0.0,0.0,0.0,0.0,0.0,237.0,1.0,1.0,0.0,0.0,0.09,0.05,0.0,255.0,22.0,0.09,0.05,0.0,0.0,1.0,1.0,0.0,1.0,71984.0
0.0,1.0,25.0,5.0,0.0,0.0,0.0,0.0,0.0,0.0,0.0,0.0,0.0,201.0,1.0,1.0,0.0,0.0,0.05,0.06,0.0,255.0,19.0,0.07,0.05,0.0,0.0,1.0,1.0,0.0,1.0,102456.0
0.0,1.0,22.0,5.0,0.0,0.0,0.0,0.0,0.0,0.0,0.0,0.0,0.0,220.0,1.0,0.37,0.0,0.0,0.05,0.06,0.11,255.0,10.0,0.04,0.08,0.0,0.0,1.0,1.0,0.0,1.0,43714.0
0.0,0.0,14.0,9.0,1032.0,0.0,0.0,0.0,0.0,0.0,0.0,0.0,0.0,511.0,0.0,0.0,0.0,0.0,1.0,0.0,0.0,255.0,31.0,0.12,0.23,0.12,0.0,0.0,0.0,0.0,1.0,35780.0
0.0,0.0,13.0,9.0,8.0,0.0,0.0,0.0,0.0,0.0,0.0,0.0,0.0,1.0,0.0,0.0,0.0,0.0,1.0,0.0,1.0,1.0,25.0,1.0,0.0,1.0,0.56,0.0,0.0,0.0,1.0,83111.0
0.0,1.0,35.0,5.0,0.0,0.0,0.0,0.0,0.0,0.0,0.0,0.0,0.0,221.0,1.0,1.0,0.0,0.0,0.08,0.06,0.0,255.0,18.0,0.07,0.06,0.0,0.0,1.0,1.0,0.0,1.0,72013.0
0.0,2.0,11.0,9.0,36.0,0.0,0.0,0.0,0.0,0.0,0.0,0.0,0.0,10.0,0.0,0.0,0.0,0.0,1.0,0.0,0.18,100.0,208.0,1.0,0.0,1.0,0.01,0.0,0.0,0.0,0.0,88728.0
0.0,1.0,7.0,1.0,0.0,0.0,0.0,0.0,0.0,0.0,0.0,0.0,0.0,260.0,0.0,0.0,1.0,1.0,0.03,0.07,0.0,255.0,7.0,0.03,0.07,0.0,0.0,0.0,0.0,1.0,1.0,6464.0
0.0,1.0,46.0,5.0,0.0,0.0,0.0,0.0,0.0,0.0,0.0,0.0,0.0,97.0,1.0,1.0,0.0,0.0,0.11,0.08,0.0,255.0,7.0,0.03,0.09,0.0,0.0,1.0,1.0,0.0,1.0,91227.0
0.0,1.0,29.0,5.0,0.0,0.0,0.0,0.0,0.0,0.0,0.0,0.0,0.0,90.0,1.0,1.0,0.0,0.0,0.03,0.07,0.0,255.0,5.0,0.02,0.07,0.0,0.0,1.0,1.0,0.0,1.0,124201.0
0.0,1.0,46.0,5.0,0.0,0.0,0.0,0.0,0.0,0.0,0.0,0.0,0.0,110.0,1.0,1.0,0.0,0.0,0.05,0.05,0.0,255.0,5.0,0.02,0.07,0.0,0.0,1.0,1.0,0.0,1.0,76117.0
0.0,0.0,14.0,9.0,520.0,0.0,0.0,0.0,0.0,0.0,0.0,0.0,0.0,71.0,0.0,0.0,0.0,0.0,1.0,0.0,0.0,255.0,255.0,1.0,0.0,1.0,0.0,0.0,0.0,0.0,1.0,28727.0
0.0,1.0,56.0,5.0,0.0,0.0,0.0,0.0,0.0,0.0,0.0,0.0,0.0,297.0,1.0,1.0,0.0,0.0,0.06,0.06,0.0,255.0,19.0,0.07,0.06,0.0,0.0,1.0,1.0,0.0,1.0,59004.0
0.0,2.0,11.0,9.0,46.0,77.0,0.0,0.0,0.0,0.0,0.0,0.0,0.0,179.0,0.0,0.0,0.0,0.0,1.0,0.0,0.0,255.0,255.0,1.0,0.0,0.01,0.0,0.0,0.0,0.0,0.0,65428.0
0.0,1.0,7.0,5.0,0.0,0.0,0.0,0.0,0.0,0.0,0.0,0.0,0.0,226.0,1.0,1.0,0.0,0.0,0.11,0.06,0.0,255.0,24.0,0.09,0.07,0.0,0.0,1.0,1.0,0.0,1.0,49187.0
0.0,1.0,21.0,5.0,0.0,0.0,0.0,0.0,0.0,0.0,0.0,0.0,0.0,281.0,1.0,1.0,0.0,0.0,0.06,0.05,0.0,255.0,17.0,0.07,0.07,0.0,0.0,1.0,1.0,0.0,1.0,80689.0
0.0,1.0,38.0,1.0,0.0,0.0,0.0,0.0,0.0,0.0,0.0,0.0,0.0,83.0,0.0,0.0,1.0,1.0,0.19,0.07,0.0,255.0,16.0,0.06,0.07,0.0,0.0,0.0,0.0,1.0,1.0,88102.0
0.0,1.0,10.0,5.0,0.0,0.0,0.0,0.0,0.0,0.0,0.0,0.0,0.0,217.0,1.0,1.0,0.0,0.0,0.11,0.06,0.0,255.0,23.0,0.09,0.05,0.0,0.0,1.0,1.0,0.0,1.0,88887.0
0.0,1.0,46.0,5.0,0.0,0.0,0.0,0.0,0.0,0.0,0.0,0.0,0.0,273.0,1.0,1.0,0.0,0.0,0.04,0.06,0.0,255.0,4.0,0.02,0.07,0.0,0.0,1.0,1.0,0.0,1.0,84005.0
0.0,1.0,17.0,5.0,0.0,0.0,0.0,0.0,0.0,0.0,0.0,0.0,0.0,11.0,1.0,1.0,0.0,0.0,1.0,0.0,0.0,71.0,17.0,0.15,0.06,0.01,0.12,1.0,0.65,0.0,1.0,81192.0
0.0,1.0,46.0,5.0,0.0,0.0,0.0,0.0,0.0,0.0,0.0,0.0,0.0,203.0,1.0,1.0,0.0,0.0,0.04,0.06,0.0,255.0,16.0,0.06,0.06,0.0,0.0,1.0,1.0,0.0,1.0,41625.0
0.0,1.0,63.0,1.0,0.0,0.0,0.0,0.0,0.0,0.0,0.0,0.0,0.0,258.0,0.0,0.0,1.0,1.0,0.05,0.06,0.0,255.0,12.0,0.05,0.07,0.0,0.0,0.0,0.0,1.0,1.0,92951.0
0.0,2.0,46.0,9.0,28.0,0.0,3.0,0.0,0.0,0.0,0.0,0.0,0.0,23.0,0.0,0.0,0.0,0.0,1.0,0.0,0.0,255.0,123.0,0.48,0.52,0.48,0.0,0.09,0.0,0.0,1.0,19611.0
0.0,0.0,14.0,9.0,1032.0,0.0,0.0,0.0,0.0,0.0,0.0,0.0,0.0,511.0,0.0,0.0,0.0,0.0,1.0,0.0,0.0,255.0,91.0,0.36,0.03,0.36,0.0,0.06,0.0,0.0,1.0,11872.0
0.0,1.0,55.0,5.0,0.0,0.0,0.0,0.0,0.0,0.0,0.0,0.0,0.0,267.0,1.0,1.0,0.0,0.0,0.06,0.05,0.0,255.0,17.0,0.07,0.05,0.0,0.0,1.0,1.0,0.0,1.0,5179.0
0.0,1.0,46.0,5.0,0.0,0.0,0.0,0.0,0.0,0.0,0.0,0.0,0.0,149.0,1.0,1.0,0.0,0.0,0.01,0.07,0.0,255.0,14.0,0.05,0.09,0.0,0.0,1.0,1.0,0.0,1.0,98113.0
0.0,1.0,46.0,5.0,0.0,0.0,0.0,0.0,0.0,0.0,0.0,0.0,0.0,112.0,1.0,1.0,0.0,0.0,0.1,0.06,0.0,255.0,16.0,0.06,0.07,0.0,0.0,1.0,1.0,0.0,1.0,71290.0
0.0,0.0,13.0,9.0,8.0,0.0,0.0,0.0,0.0,0.0,0.0,0.0,0.0,1.0,0.0,0.0,0.0,0.0,1.0,0.0,1.0,2.0,118.0,1.0,0.0,1.0,0.5,0.0,0.0,0.0,1.0,46894.0
0.0,1.0,46.0,5.0,0.0,0.0,0.0,0.0,0.0,0.0,0.0,0.0,0.0,288.0,1.0,1.0,0.0,0.0,0.06,0.06,0.0,255.0,18.0,0.07,0.05,0.0,0.0,1.0,1.0,0.0,1.0,17803.0
0.0,1.0,22.0,5.0,0.0,0.0,0.0,0.0,0.0,0.0,0.0,0.0,0.0,256.0,1.0,1.0,0.0,0.0,0.02,0.07,0.0,255.0,6.0,0.02,0.08,0.0,0.0,1.0,1.0,0.0,1.0,12815.0
0.0,1.0,36.0,5.0,0.0,0.0,0.0,0.0,0.0,0.0,0.0,0.0,0.0,264.0,1.0,1.0,0.0,0.0,0.06,0.06,0.0,255.0,16.0,0.06,0.06,0.0,0.0,1.0,1.0,0.0,1.0,93860.0
0.0,1.0,65.0,5.0,0.0,0.0,0.0,0.0,0.0,0.0,0.0,0.0,0.0,250.0,1.0,1.0,0.0,0.0,0.01,0.07,0.0,255.0,2.0,0.01,0.08,0.0,0.0,1.0,1.0,0.0,1.0,63941.0
0.0,0.0,14.0,9.0,1032.0,0.0,0.0,0.0,0.0,0.0,0.0,0.0,0.0,511.0,0.0,0.0,0.0,0.0,1.0,0.0,0.0,255.0,178.0,0.7,0.02,0.7,0.0,0.0,0.0,0.0,1.0,50230.0
0.0,1.0,57.0,5.0,0.0,0.0,0.0,0.0,0.0,0.0,0.0,0.0,0.0,27.0,1.0,1.0,0.0,0.0,0.26,0.07,0.0,255.0,7.0,0.03,0.07,0.01,0.0,1.0,1.0,0.0,1.0,125222.0
0.0,1.0,46.0,4.0,0.0,0.0,0.0,0.0,0.0,0.0,0.0,0.0,0.0,1.0,0.0,0.0,1.0,1.0,1.0,0.0,0.0,255.0,1.0,0.0,0.89,0.89,0.0,0.0,0.0,1.0,1.0,88271.0
0.0,1.0,46.0,5.0,0.0,0.0,0.0,0.0,0.0,0.0,0.0,0.0,0.0,292.0,1.0,1.0,0.0,0.0,0.05,0.06,0.0,255.0,11.0,0.04,0.06,0.0,0.0,1.0,1.0,0.0,1.0,58007.0
0.0,2.0,46.0,9.0,1.0,0.0,0.0,0.0,0.0,0.0,0.0,0.0,0.0,21.0,0.0,0.0,0.0,0.0,0.9,0.1,0.0,255.0,22.0,0.09,0.22,1.0,0.0,0.0,0.0,0.0,1.0,68046.0
0.0,1.0,63.0,5.0,0.0,0.0,0.0,0.0,0.0,0.0,0.0,0.0,0.0,191.0,1.0,1.0,0.0,0.0,0.13,0.05,0.0,255.0,25.0,0.1,0.05,0.0,0.0,1.0,1.0,0.0,1.0,113222.0
0.0,1.0,16.0,2.0,0.0,0.0,0.0,0.0,0.0,0.0,0.0,0.0,0.0,130.0,0.0,0.0,1.0,1.0,0.04,0.07,0.0,255.0,5.0,0.02,0.07,0.0,0.0,0.0,0.0,1.0,1.0,120625.0
0.0,1.0,38.0,5.0,0.0,0.0,0.0,0.0,0.0,0.0,0.0,0.0,0.0,130.0,1.0,1.0,0.0,0.0,0.15,0.06,0.0,255.0,19.0,0.07,0.06,0.0,0.0,1.0,1.0,0.0,1.0,124786.0
0.0,1.0,28.0,5.0,0.0,0.0,0.0,0.0,0.0,0.0,0.0,0.0,0.0,140.0,1.0,1.0,0.0,0.0,0.07,0.06,0.0,255.0,10.0,0.04,0.06,0.0,0.0,1.0,1.0,0.0,1.0,54007.0
0.0,1.0,46.0,1.0,0.0,0.0,0.0,0.0,0.0,0.0,0.0,0.0,0.0,1.0,0.0,0.0,1.0,1.0,1.0,0.0,0.0,43.0,1.0,0.02,1.0,0.02,0.0,0.0,0.0,1.0,1.0,82824.0
0.0,1.0,30.0,5.0,0.0,0.0,0.0,0.0,0.0,0.0,0.0,0.0,0.0,259.0,1.0,1.0,0.0,0.0,0.0,0.07,0.0,255.0,1.0,0.0,0.07,0.0,0.0,1.0,1.0,0.0,1.0,16153.0
0.0,1.0,46.0,1.0,0.0,0.0,0.0,0.0,0.0,0.0,0.0,0.0,0.0,278.0,0.0,0.0,1.0,1.0,0.04,0.06,0.0,255.0,11.0,0.04,0.06,0.0,0.0,0.0,0.0,1.0,1.0,97270.0
0.0,2.0,11.0,9.0,42.0,42.0,0.0,0.0,0.0,0.0,0.0,0.0,0.0,144.0,0.0,0.0,0.0,0.0,1.0,0.0,0.01,255.0,255.0,1.0,0.0,0.01,0.0,0.0,0.0,0.0,0.0,29147.0
2.0,1.0,46.0,4.0,0.0,0.0,0.0,0.0,0.0,0.0,0.0,0.0,0.0,1.0,0.0,0.0,1.0,1.0,1.0,0.0,0.0,255.0,1.0,0.0,0.67,1.0,0.0,0.0,0.0,1.0,1.0,1281.0
0.0,1.0,46.0,5.0,0.0,0.0,0.0,0.0,0.0,0.0,0.0,0.0,0.0,253.0,1.0,1.0,0.0,0.0,0.04,0.06,0.0,255.0,9.0,0.04,0.05,0.0,0.0,1.0,1.0,0.0,1.0,108328.0
0.0,1.0,22.0,1.0,0.0,0.0,0.0,0.0,0.0,0.0,0.0,0.0,0.0,2.0,0.0,0.0,1.0,1.0,1.0,0.0,0.0,255.0,255.0,1.0,0.0,0.01,0.0,0.0,0.0,0.18,0.0,34696.0
0.0,2.0,11.0,9.0,46.0,78.0,0.0,0.0,0.0,0.0,0.0,0.0,0.0,64.0,0.0,0.0,0.0,0.0,1.0,0.0,0.0,135.0,116.0,0.86,0.01,0.01,0.0,0.0,0.0,0.0,0.0,78693.0
0.0,2.0,11.0,9.0,44.0,117.0,0.0,0.0,0.0,0.0,0.0,0.0,0.0,113.0,0.0,0.0,0.0,0.0,1.0,0.0,0.02,255.0,253.0,0.99,0.01,0.0,0.0,0.0,0.0,0.0,0.0,30102.0
0.0,1.0,46.0,5.0,0.0,0.0,0.0,0.0,0.0,0.0,0.0,0.0,0.0,185.0,1.0,1.0,0.0,0.0,0.13,0.05,0.0,255.0,24.0,0.09,0.05,0.0,0.0,1.0,1.0,0.0,1.0,105236.0
0.0,1.0,19.0,5.0,0.0,0.0,0.0,0.0,0.0,0.0,0.0,0.0,0.0,30.0,1.0,1.0,0.0,0.0,0.2,0.13,0.0,255.0,66.0,0.26,0.02,0.01,0.0,1.0,1.0,0.0,1.0,17906.0
0.0,1.0,26.0,5.0,0.0,0.0,0.0,0.0,0.0,0.0,0.0,0.0,0.0,242.0,1.0,1.0,0.0,0.0,0.01,0.07,0.0,255.0,3.0,0.01,0.07,0.0,0.0,1.0,1.0,0.0,1.0,101944.0
0.0,1.0,19.0,9.0,63.0,0.0,0.0,0.0,1.0,0.0,0.0,0.0,0.0,2.0,0.0,0.0,0.0,0.0,1.0,0.0,0.0,255.0,61.0,0.24,0.02,0.04,0.0,0.73,0.82,0.0,0.0,7616.0
0.0,1.0,46.0,5.0,0.0,0.0,0.0,0.0,0.0,0.0,0.0,0.0,0.0,66.0,1.0,1.0,0.0,0.0,0.08,0.09,0.0,255.0,24.0,0.09,0.05,0.0,0.0,1.0,1.0,0.0,1.0,4579.0
0.0,1.0,2.0,1.0,0.0,0.0,0.0,0.0,0.0,0.0,0.0,0.0,0.0,102.0,0.0,0.0,1.0,1.0,0.02,0.07,0.0,255.0,2.0,0.01,0.07,0.0,0.0,0.0,0.0,1.0,1.0,50270.0
0.0,1.0,36.0,5.0,0.0,0.0,0.0,0.0,0.0,0.0,0.0,0.0,0.0,38.0,1.0,1.0,0.0,0.0,0.42,0.16,0.0,255.0,16.0,0.06,0.08,0.0,0.0,1.0,1.0,0.0,1.0,76742.0
0.0,1.0,46.0,5.0,0.0,0.0,0.0,0.0,0.0,0.0,0.0,0.0,0.0,90.0,1.0,1.0,0.0,0.0,0.2,0.06,0.0,255.0,3.0,0.01,0.07,0.0,0.0,1.0,1.0,0.0,1.0,98032.0
0.0,1.0,49.0,4.0,0.0,0.0,0.0,0.0,0.0,0.0,0.0,0.0,0.0,1.0,0.0,0.0,1.0,1.0,1.0,0.0,0.0,255.0,1.0,0.0,0.31,0.3,0.0,0.0,0.0,1.0,1.0,94600.0
0.0,1.0,8.0,5.0,0.0,0.0,0.0,0.0,0.0,0.0,0.0,0.0,0.0,238.0,1.0,1.0,0.0,0.0,0.02,0.07,0.0,255.0,5.0,0.02,0.07,0.0,0.0,1.0,1.0,0.0,1.0,45626.0
0.0,1.0,17.0,5.0,0.0,0.0,0.0,0.0,0.0,0.0,0.0,0.0,0.0,13.0,1.0,1.0,0.0,0.0,0.54,0.15,0.0,255.0,67.0,0.26,0.02,0.01,0.0,1.0,1.0,0.0,1.0,51085.0
0.0,1.0,46.0,5.0,0.0,0.0,0.0,0.0,0.0,0.0,0.0,0.0,0.0,53.0,1.0,1.0,0.0,0.0,0.15,0.08,0.0,255.0,8.0,0.03,0.07,0.0,0.0,1.0,1.0,0.0,1.0,40671.0
0.0,1.0,22.0,1.0,0.0,0.0,0.0,0.0,0.0,0.0,0.0,0.0,0.0,1.0,0.0,0.0,1.0,1.0,1.0,0.0,0.0,59.0,219.0,1.0,0.0,0.02,0.16,0.0,0.0,1.0,0.0,19957.0
0.0,1.0,46.0,1.0,0.0,0.0,0.0,0.0,0.0,0.0,0.0,0.0,0.0,304.0,0.03,0.0,0.95,1.0,0.0,1.0,0.0,255.0,1.0,0.0,0.97,0.0,0.0,0.04,0.0,1.0,1.0,28773.0
38404.0,1.0,46.0,4.0,1.0,0.0,0.0,0.0,0.0,0.0,0.0,0.0,0.0,2.0,0.0,0.0,1.0,1.0,1.0,0.0,0.0,255.0,2.0,0.01,0.51,1.0,0.0,0.0,0.0,1.0,1.0,13159.0
0.0,1.0,25.0,5.0,0.0,0.0,0.0,0.0,0.0,0.0,0.0,0.0,0.0,254.0,1.0,1.0,0.0,0.0,0.03,0.06,0.0,255.0,8.0,0.03,0.07,0.0,0.0,1.0,1.0,0.0,1.0,71728.0
0.0,1.0,46.0,5.0,0.0,0.0,0.0,0.0,0.0,0.0,0.0,0.0,0.0,243.0,1.0,1.0,0.0,0.0,0.05,0.06,0.0,255.0,2.0,0.01,0.07,0.0,0.0,1.0,1.0,0.0,1.0,45348.0
0.0,1.0,46.0,5.0,0.0,0.0,0.0,0.0,0.0,0.0,0.0,0.0,0.0,277.0,1.0,1.0,0.0,0.0,0.03,0.05,0.0,255.0,7.0,0.03,0.07,0.0,0.0,1.0,1.0,0.0,1.0,20565.0
0.0,1.0,26.0,5.0,0.0,0.0,0.0,0.0,0.0,0.0,0.0,0.0,0.0,290.0,1.0,1.0,0.0,0.0,0.08,0.05,0.0,255.0,22.0,0.09,0.05,0.0,0.0,1.0,1.0,0.0,1.0,84025.0
26050.0,1.0,46.0,4.0,1.0,0.0,0.0,0.0,0.0,0.0,0.0,0.0,0.0,2.0,0.0,0.0,1.0,1.0,1.0,0.0,0.0,255.0,2.0,0.01,0.71,1.0,0.0,0.0,0.0,1.0,1.0,61428.0
0.0,1.0,46.0,5.0,0.0,0.0,0.0,0.0,0.0,0.0,0.0,0.0,0.0,234.0,1.0,1.0,0.0,0.0,0.03,0.06,0.0,255.0,6.0,0.02,0.07,0.0,0.0,1.0,1.0,0.0,1.0,834.0
0.0,0.0,13.0,9.0,8.0,0.0,0.0,0.0,0.0,0.0,0.0,0.0,0.0,1.0,0.0,0.0,0.0,0.0,1.0,0.0,1.0,1.0,81.0,1.0,0.0,1.0,0.51,0.0,0.0,0.0,1.0,9860.0
0.0,1.0,16.0,5.0,0.0,0.0,0.0,0.0,0.0,0.0,0.0,0.0,0.0,138.0,1.0,1.0,0.0,0.0,0.12,0.06,0.0,255.0,5.0,0.02,0.07,0.0,0.0,1.0,1.0,0.0,1.0,107235.0
0.0,1.0,46.0,5.0,0.0,0.0,0.0,0.0,0.0,0.0,0.0,0.0,0.0,116.0,1.0,1.0,0.0,0.0,0.07,0.05,0.0,255.0,8.0,0.03,0.05,0.0,0.0,1.0,1.0,0.0,1.0,91343.0
0.0,0.0,13.0,9.0,18.0,0.0,0.0,0.0,0.0,0.0,0.0,0.0,0.0,1.0,0.0,0.0,0.0,0.0,1.0,0.0,0.0,2.0,18.0,1.0,0.0,1.0,0.28,0.0,0.0,0.0,1.0,117552.0
0.0,1.0,25.0,5.0,0.0,0.0,0.0,0.0,0.0,0.0,0.0,0.0,0.0,256.0,1.0,1.0,0.0,0.0,0.02,0.05,0.0,255.0,5.0,0.02,0.05,0.0,0.0,1.0,1.0,0.0,1.0,25836.0
0.0,1.0,41.0,1.0,0.0,0.0,0.0,0.0,0.0,0.0,0.0,0.0,0.0,471.0,0.07,0.0,0.9,1.0,0.0,0.97,0.0,255.0,1.0,0.0,0.95,0.0,0.0,0.08,0.0,1.0,1.0,55360.0
0.0,1.0,46.0,1.0,0.0,0.0,0.0,0.0,0.0,0.0,0.0,0.0,0.0,214.0,0.0,0.0,1.0,1.0,0.01,0.07,0.0,255.0,2.0,0.01,0.08,0.0,0.0,0.0,0.0,1.0,1.0,115982.0
0.0,1.0,59.0,2.0,0.0,0.0,0.0,0.0,0.0,0.0,0.0,0.0,0.0,185.0,0.0,0.0,1.0,1.0,0.09,0.06,0.0,255.0,16.0,0.06,0.07,0.0,0.0,0.0,0.0,1.0,1.0,101212.0
0.0,0.0,61.0,9.0,78.0,0.0,0.0,0.0,0.0,0.0,0.0,0.0,0.0,15.0,0.0,0.0,0.0,0.0,0.13,0.13,0.0,255.0,22.0,0.09,0.01,0.09,0.0,0.0,0.0,0.0,0.0,90241.0
0.0,1.0,41.0,1.0,0.0,0.0,0.0,0.0,0.0,0.0,0.0,0.0,0.0,5.0,0.0,0.0,0.8,1.0,0.2,1.0,0.0,255.0,1.0,0.0,1.0,0.0,0.0,0.13,0.0,1.0,1.0,112035.0
0.0,0.0,61.0,9.0,78.0,0.0,0.0,0.0,0.0,0.0,0.0,0.0,0.0,39.0,0.0,0.0,0.0,0.0,0.21,0.05,0.22,255.0,32.0,0.13,0.01,0.13,0.0,0.0,0.0,0.0,0.0,31904.0
0.0,1.0,46.0,5.0,0.0,0.0,0.0,0.0,0.0,0.0,0.0,0.0,0.0,222.0,1.0,1.0,0.0,0.0,0.01,0.07,0.0,255.0,3.0,0.01,0.07,0.0,0.0,1.0,1.0,0.0,1.0,48753.0
11.0,1.0,46.0,9.0,6.0,0.0,0.0,0.0,1.0,0.0,0.0,0.0,0.0,511.0,0.09,0.0,0.9,0.0,0.0,1.0,0.0,255.0,1.0,0.0,1.0,0.0,0.0,0.14,0.0,0.0,1.0,113385.0
0.0,1.0,17.0,5.0,0.0,0.0,0.0,0.0,0.0,0.0,0.0,0.0,0.0,61.0,1.0,1.0,0.0,0.0,0.3,0.07,0.0,255.0,58.0,0.23,0.02,0.01,0.0,1.0,1.0,0.0,1.0,74806.0
0.0,1.0,46.0,5.0,0.0,0.0,0.0,0.0,0.0,0.0,0.0,0.0,0.0,271.0,1.0,1.0,0.0,0.0,0.06,0.05,0.0,255.0,17.0,0.07,0.07,0.0,0.0,1.0,1.0,0.0,1.0,61921.0
0.0,0.0,13.0,9.0,8.0,0.0,0.0,0.0,0.0,0.0,0.0,0.0,0.0,1.0,0.0,0.0,0.0,0.0,1.0,0.0,1.0,2.0,76.0,1.0,0.0,1.0,0.5,0.0,0.0,0.0,1.0,86533.0
0.0,1.0,25.0,5.0,0.0,0.0,0.0,0.0,0.0,0.0,0.0,0.0,0.0,258.0,1.0,1.0,0.0,0.0,0.03,0.05,0.0,255.0,8.0,0.03,0.05,0.0,0.0,1.0,1.0,0.0,1.0,66916.0
0.0,1.0,46.0,5.0,0.0,0.0,0.0,0.0,0.0,0.0,0.0,0.0,0.0,46.0,1.0,1.0,0.0,0.0,0.07,0.13,0.0,255.0,16.0,0.06,0.08,0.0,0.0,1.0,1.0,0.0,1.0,17857.0
0.0,1.0,46.0,1.0,0.0,0.0,0.0,0.0,0.0,0.0,0.0,0.0,0.0,244.0,0.0,0.0,1.0,1.0,0.0,0.07,0.0,255.0,1.0,0.0,0.09,0.0,0.0,0.0,0.0,1.0,1.0,101841.0
0.0,2.0,11.0,9.0,44.0,79.0,0.0,0.0,0.0,0.0,0.0,0.0,0.0,176.0,0.0,0.0,0.0,0.0,0.99,0.01,0.01,255.0,235.0,0.92,0.01,0.0,0.0,0.0,0.0,0.0,0.0,4842.0
0.0,2.0,11.0,9.0,43.0,128.0,0.0,0.0,0.0,0.0,0.0,0.0,0.0,108.0,0.0,0.0,0.0,0.0,1.0,0.0,0.03,255.0,255.0,1.0,0.0,0.0,0.0,0.0,0.0,0.0,0.0,98536.0
0.0,1.0,46.0,1.0,0.0,0.0,0.0,0.0,0.0,0.0,0.0,0.0,0.0,220.0,0.0,0.0,1.0,1.0,0.05,0.06,0.0,255.0,11.0,0.04,0.09,0.0,0.0,0.0,0.0,1.0,1.0,95926.0
0.0,1.0,46.0,5.0,0.0,0.0,0.0,0.0,0.0,0.0,0.0,0.0,0.0,212.0,1.0,1.0,0.0,0.0,0.0,0.08,0.0,255.0,20.0,0.08,0.07,0.0,0.0,1.0,1.0,0.0,1.0,93589.0
0.0,2.0,46.0,9.0,1.0,0.0,0.0,0.0,0.0,0.0,0.0,0.0,0.0,26.0,0.0,0.0,0.0,0.0,0.08,0.27,0.0,255.0,2.0,0.01,0.29,1.0,0.0,0.0,0.0,0.0,1.0,37287.0
0.0,1.0,46.0,5.0,0.0,0.0,0.0,0.0,0.0,0.0,0.0,0.0,0.0,166.0,1.0,1.0,0.0,0.0,0.05,0.06,0.0,255.0,17.0,0.07,0.06,0.0,0.0,1.0,1.0,0.0,1.0,15893.0
0.0,1.0,62.0,5.0,0.0,0.0,0.0,0.0,0.0,0.0,0.0,0.0,0.0,137.0,1.0,1.0,0.0,0.0,0.14,0.05,0.0,255.0,6.0,0.02,0.06,0.0,0.0,1.0,1.0,0.0,1.0,27344.0
0.0,1.0,19.0,5.0,0.0,0.0,0.0,0.0,0.0,0.0,0.0,0.0,0.0,32.0,1.0,1.0,0.0,0.0,0.22,0.12,0.0,255.0,49.0,0.19,0.05,0.0,0.0,1.0,1.0,0.0,1.0,91481.0
0.0,1.0,18.0,2.0,0.0,0.0,0.0,0.0,0.0,0.0,0.0,0.0,0.0,145.0,0.0,0.0,1.0,1.0,0.11,0.06,0.0,255.0,10.0,0.04,0.07,0.0,0.0,0.0,0.0,1.0,1.0,28316.0
0.0,1.0,46.0,5.0,0.0,0.0,0.0,0.0,0.0,0.0,0.0,0.0,0.0,210.0,1.0,1.0,0.0,0.0,0.03,0.07,0.0,255.0,11.0,0.04,0.09,0.0,0.0,1.0,1.0,0.0,1.0,79598.0
0.0,1.0,46.0,1.0,0.0,0.0,0.0,0.0,0.0,0.0,0.0,0.0,0.0,1.0,0.0,0.0,1.0,1.0,1.0,0.0,0.0,35.0,2.0,0.03,1.0,0.03,1.0,0.0,0.0,1.0,1.0,93692.0
0.0,1.0,57.0,5.0,0.0,0.0,0.0,0.0,0.0,0.0,0.0,0.0,0.0,36.0,1.0,1.0,0.0,0.0,0.11,0.11,0.0,255.0,48.0,0.19,0.03,0.0,0.0,1.0,1.0,0.0,1.0,2909.0
0.0,1.0,25.0,5.0,0.0,0.0,0.0,0.0,0.0,0.0,0.0,0.0,0.0,267.0,1.0,1.0,0.0,0.0,0.01,0.06,0.0,255.0,4.0,0.02,0.07,0.0,0.0,1.0,1.0,0.0,1.0,116933.0
0.0,2.0,11.0,9.0,44.0,131.0,0.0,0.0,0.0,0.0,0.0,0.0,0.0,111.0,0.0,0.0,0.0,0.0,1.0,0.0,0.01,255.0,255.0,1.0,0.0,0.0,0.0,0.0,0.0,0.0,0.0,18674.0
0.0,1.0,31.0,5.0,0.0,0.0,0.0,0.0,0.0,0.0,0.0,0.0,0.0,127.0,1.0,1.0,0.0,0.0,0.03,0.07,0.0,255.0,4.0,0.02,0.06,0.0,0.0,1.0,1.0,0.0,1.0,89579.0
0.0,1.0,20.0,5.0,0.0,0.0,0.0,0.0,0.0,0.0,0.0,0.0,0.0,299.0,1.0,1.0,0.0,0.0,0.07,0.05,0.0,255.0,22.0,0.09,0.05,0.0,0.0,1.0,1.0,0.0,1.0,39160.0
0.0,1.0,46.0,5.0,0.0,0.0,0.0,0.0,0.0,0.0,0.0,0.0,0.0,224.0,1.0,1.0,0.0,0.0,0.02,0.07,0.0,255.0,17.0,0.07,0.09,0.0,0.0,1.0,1.0,0.0,1.0,73983.0
0.0,1.0,30.0,5.0,0.0,0.0,0.0,0.0,0.0,0.0,0.0,0.0,0.0,251.0,1.0,1.0,0.0,0.0,0.01,0.06,0.0,255.0,2.0,0.01,0.06,0.0,0.0,1.0,1.0,0.0,1.0,96175.0
0.0,1.0,18.0,5.0,0.0,0.0,0.0,0.0,0.0,0.0,0.0,0.0,0.0,245.0,1.0,1.0,0.0,0.0,0.02,0.06,0.0,255.0,6.0,0.02,0.06,0.0,0.0,1.0,1.0,0.0,1.0,119525.0
0.0,1.0,56.0,5.0,0.0,0.0,0.0,0.0,0.0,0.0,0.0,0.0,0.0,297.0,1.0,1.0,0.0,0.0,0.01,0.06,0.0,255.0,5.0,0.02,0.07,0.0,0.0,1.0,1.0,0.0,1.0,77146.0
0.0,1.0,22.0,0.0,0.0,0.0,0.0,0.0,0.0,0.0,0.0,0.0,0.0,9.0,0.0,0.0,0.0,0.0,1.0,0.0,0.0,52.0,255.0,1.0,0.0,0.02,0.05,0.0,0.0,0.0,0.0,101203.0
0.0,1.0,46.0,5.0,0.0,0.0,0.0,0.0,0.0,0.0,0.0,0.0,0.0,101.0,1.0,1.0,0.0,0.0,0.06,0.06,0.0,255.0,15.0,0.06,0.07,0.0,0.0,1.0,1.0,0.0,1.0,48951.0
0.0,0.0,13.0,9.0,8.0,0.0,0.0,0.0,0.0,0.0,0.0,0.0,0.0,1.0,0.0,0.0,0.0,0.0,1.0,0.0,1.0,3.0,163.0,1.0,0.0,1.0,0.25,0.0,0.0,0.0,1.0,6170.0
0.0,1.0,46.0,5.0,0.0,0.0,0.0,0.0,0.0,0.0,0.0,0.0,0.0,218.0,1.0,1.0,0.0,0.0,0.06,0.07,0.0,255.0,14.0,0.05,0.07,0.0,0.0,1.0,1.0,0.0,1.0,17548.0
0.0,0.0,13.0,9.0,8.0,0.0,0.0,0.0,0.0,0.0,0.0,0.0,0.0,1.0,0.0,0.0,0.0,0.0,1.0,0.0,1.0,3.0,219.0,1.0,0.0,1.0,0.25,0.0,0.0,0.0,1.0,117944.0
0.0,1.0,17.0,5.0,0.0,0.0,0.0,0.0,0.0,0.0,0.0,0.0,0.0,67.0,1.0,1.0,0.0,0.0,0.27,0.06,0.0,147.0,43.0,0.26,0.03,0.01,0.05,1.0,0.88,0.0,1.0,68350.0
0.0,1.0,31.0,5.0,0.0,0.0,0.0,0.0,0.0,0.0,0.0,0.0,0.0,150.0,1.0,1.0,0.0,0.0,0.13,0.06,0.0,255.0,7.0,0.03,0.06,0.0,0.0,1.0,1.0,0.0,1.0,96089.0
0.0,1.0,26.0,5.0,0.0,0.0,0.0,0.0,0.0,0.0,0.0,0.0,0.0,240.0,1.0,1.0,0.0,0.0,0.08,0.05,0.0,255.0,18.0,0.07,0.06,0.0,0.0,1.0,1.0,0.0,1.0,81825.0
0.0,1.0,5.0,5.0,0.0,0.0,0.0,0.0,0.0,0.0,0.0,0.0,0.0,104.0,1.0,1.0,0.0,0.0,0.04,0.07,0.0,255.0,4.0,0.02,0.06,0.0,0.0,1.0,1.0,0.0,1.0,61877.0
0.0,1.0,46.0,5.0,0.0,0.0,0.0,0.0,0.0,0.0,0.0,0.0,0.0,257.0,1.0,1.0,0.0,0.0,0.02,0.05,0.0,215.0,4.0,0.02,0.07,0.0,0.0,0.99,1.0,0.0,1.0,1303.0
0.0,1.0,22.0,5.0,0.0,0.0,0.0,0.0,0.0,0.0,0.0,0.0,0.0,24.0,1.0,1.0,0.0,0.0,0.33,0.17,0.0,255.0,66.0,0.26,0.02,0.01,0.0,1.0,1.0,0.0,1.0,32449.0
0.0,1.0,46.0,5.0,0.0,0.0,0.0,0.0,0.0,0.0,0.0,0.0,0.0,159.0,1.0,1.0,0.0,0.0,0.02,0.06,0.0,255.0,17.0,0.07,0.09,0.0,0.0,1.0,1.0,0.0,1.0,115991.0
3.0,1.0,46.0,1.0,0.0,0.0,0.0,0.0,0.0,0.0,0.0,0.0,0.0,224.0,0.04,0.0,0.93,1.0,0.0,1.0,0.0,255.0,1.0,0.0,0.9,0.0,0.0,0.04,0.0,1.0,1.0,119090.0
0.0,1.0,34.0,5.0,0.0,0.0,0.0,0.0,0.0,0.0,0.0,0.0,0.0,242.0,1.0,1.0,0.0,0.0,0.01,0.07,0.0,255.0,3.0,0.01,0.07,0.0,0.0,1.0,1.0,0.0,1.0,56636.0
37183.0,1.0,46.0,4.0,1.0,0.0,0.0,0.0,0.0,0.0,0.0,0.0,0.0,2.0,0.0,0.0,1.0,1.0,1.0,0.0,0.0,255.0,2.0,0.01,0.5,1.0,0.0,0.0,0.0,1.0,1.0,25521.0
0.0,1.0,46.0,5.0,0.0,0.0,0.0,0.0,0.0,0.0,0.0,0.0,0.0,172.0,1.0,1.0,0.0,0.0,0.03,0.07,0.0,255.0,5.0,0.02,0.07,0.0,0.0,1.0,1.0,0.0,1.0,110517.0
0.0,1.0,38.0,5.0,0.0,0.0,0.0,0.0,0.0,0.0,0.0,0.0,0.0,130.0,1.0,1.0,0.0,0.0,0.04,0.06,0.0,255.0,5.0,0.02,0.05,0.0,0.0,1.0,1.0,0.0,1.0,116782.0
0.0,2.0,11.0,9.0,45.0,81.0,0.0,0.0,0.0,0.0,0.0,0.0,0.0,173.0,0.0,0.0,0.0,0.0,1.0,0.0,0.0,255.0,204.0,0.8,0.01,0.0,0.0,0.0,0.0,0.0,0.0,30397.0
0.0,1.0,54.0,2.0,0.0,0.0,0.0,0.0,0.0,0.0,0.0,0.0,0.0,170.0,0.0,0.0,1.0,1.0,0.01,0.08,0.0,255.0,2.0,0.01,0.08,0.0,0.0,0.0,0.0,1.0,1.0,39408.0
0.0,0.0,13.0,9.0,8.0,0.0,0.0,0.0,0.0,0.0,0.0,0.0,0.0,1.0,0.0,0.0,0.0,0.0,1.0,0.0,1.0,1.0,29.0,1.0,0.0,1.0,0.52,0.0,0.0,0.0,1.0,65987.0
0.0,2.0,11.0,9.0,45.0,45.0,0.0,0.0,0.0,0.0,0.0,0.0,0.0,166.0,0.0,0.0,0.0,0.0,0.99,0.01,0.0,255.0,254.0,1.0,0.01,0.0,0.0,0.0,0.0,0.0,0.0,81094.0
0.0,1.0,54.0,2.0,0.0,0.0,0.0,0.0,0.0,0.0,0.0,0.0,0.0,199.0,0.0,0.0,1.0,1.0,0.09,0.07,0.0,255.0,17.0,0.07,0.08,0.0,0.0,0.0,0.0,1.0,1.0,33924.0
0.0,0.0,14.0,9.0,520.0,0.0,0.0,0.0,0.0,0.0,0.0,0.0,0.0,309.0,0.0,0.0,0.0,0.0,1.0,0.0,0.0,255.0,255.0,1.0,0.0,1.0,0.0,0.0,0.0,0.0,1.0,39970.0
0.0,1.0,36.0,1.0,0.0,0.0,0.0,0.0,0.0,0.0,0.0,0.0,0.0,2.0,0.0,0.0,1.0,1.0,0.5,1.0,0.0,255.0,1.0,0.0,0.91,0.9,0.0,0.0,0.0,1.0,1.0,63085.0
0.0,1.0,30.0,5.0,0.0,0.0,0.0,0.0,0.0,0.0,0.0,0.0,0.0,262.0,1.0,1.0,0.0,0.0,0.02,0.06,0.0,255.0,6.0,0.02,0.08,0.0,0.0,1.0,1.0,0.0,1.0,122418.0
0.0,1.0,18.0,5.0,0.0,0.0,0.0,0.0,0.0,0.0,0.0,0.0,0.0,269.0,1.0,1.0,0.0,0.0,0.07,0.06,0.0,255.0,10.0,0.04,0.07,0.0,0.0,1.0,1.0,0.0,1.0,49646.0
0.0,2.0,46.0,9.0,1.0,0.0,0.0,0.0,0.0,0.0,0.0,0.0,0.0,18.0,0.0,0.0,0.0,0.0,0.17,0.22,0.0,255.0,46.0,0.18,0.24,1.0,0.0,0.0,0.0,0.0,1.0,86583.0
0.0,1.0,5.0,5.0,0.0,0.0,0.0,0.0,0.0,0.0,0.0,0.0,0.0,106.0,1.0,1.0,0.0,0.0,0.05,0.07,0.0,255.0,5.0,0.02,0.06,0.0,0.0,1.0,1.0,0.0,1.0,123825.0
0.0,1.0,55.0,4.0,0.0,0.0,0.0,0.0,0.0,0.0,0.0,0.0,0.0,1.0,0.0,0.0,1.0,1.0,1.0,0.0,0.0,143.0,1.0,0.01,0.66,0.66,0.0,0.04,0.0,1.0,1.0,34969.0
0.0,1.0,46.0,5.0,0.0,0.0,0.0,0.0,0.0,0.0,0.0,0.0,0.0,263.0,1.0,1.0,0.0,0.0,0.03,0.06,0.0,255.0,3.0,0.01,0.09,0.0,0.0,1.0,1.0,0.0,1.0,82060.0
0.0,1.0,46.0,5.0,0.0,0.0,0.0,0.0,0.0,0.0,0.0,0.0,0.0,108.0,1.0,1.0,0.0,0.0,0.07,0.06,0.0,54.0,7.0,0.13,0.11,0.02,0.0,1.0,1.0,0.0,1.0,40667.0
0.0,1.0,46.0,5.0,0.0,0.0,0.0,0.0,0.0,0.0,0.0,0.0,0.0,257.0,1.0,1.0,0.0,0.0,0.04,0.06,0.0,255.0,11.0,0.04,0.05,0.0,0.0,1.0,1.0,0.0,1.0,70214.0
0.0,1.0,2.0,5.0,0.0,0.0,0.0,0.0,0.0,0.0,0.0,0.0,0.0,262.0,1.0,1.0,0.0,0.0,0.05,0.06,0.0,255.0,14.0,0.05,0.06,0.0,0.0,1.0,1.0,0.0,1.0,34109.0
0.0,1.0,21.0,5.0,0.0,0.0,0.0,0.0,0.0,0.0,0.0,0.0,0.0,290.0,1.0,1.0,0.0,0.0,0.08,0.05,0.0,255.0,24.0,0.09,0.05,0.0,0.0,1.0,1.0,0.0,1.0,88133.0
0.0,1.0,46.0,5.0,0.0,0.0,0.0,0.0,0.0,0.0,0.0,0.0,0.0,192.0,1.0,1.0,0.0,0.0,0.02,0.06,0.0,255.0,6.0,0.02,0.07,0.0,0.0,1.0,1.0,0.0,1.0,2282.0
0.0,1.0,46.0,5.0,0.0,0.0,0.0,0.0,0.0,0.0,0.0,0.0,0.0,121.0,0.98,1.0,0.0,0.0,0.12,0.07,0.0,255.0,13.0,0.05,0.05,0.0,0.0,1.0,1.0,0.0,1.0,58074.0
0.0,0.0,13.0,9.0,30.0,0.0,0.0,0.0,0.0,0.0,0.0,0.0,0.0,2.0,0.0,0.0,0.0,0.0,1.0,0.0,0.0,215.0,215.0,1.0,0.0,1.0,0.0,0.0,0.0,0.0,0.0,84342.0
0.0,1.0,62.0,5.0,0.0,0.0,0.0,0.0,0.0,0.0,0.0,0.0,0.0,129.0,1.0,1.0,0.0,0.0,0.15,0.05,0.0,255.0,19.0,0.07,0.05,0.0,0.0,1.0,1.0,0.0,1.0,87505.0
0.0,1.0,20.0,1.0,0.0,0.0,0.0,0.0,0.0,0.0,0.0,0.0,0.0,266.0,0.0,0.0,1.0,1.0,0.06,0.07,0.0,255.0,15.0,0.06,0.07,0.0,0.0,0.0,0.0,1.0,1.0,757.0
0.0,1.0,46.0,5.0,0.0,0.0,0.0,0.0,0.0,0.0,0.0,0.0,0.0,217.0,1.0,1.0,0.0,0.0,0.09,0.06,0.0,255.0,6.0,0.02,0.07,0.0,0.0,1.0,1.0,0.0,1.0,33487.0
0.0,0.0,14.0,9.0,1032.0,0.0,0.0,0.0,0.0,0.0,0.0,0.0,0.0,511.0,0.0,0.0,0.0,0.0,1.0,0.0,0.0,255.0,11.0,0.04,0.18,0.04,0.0,0.18,0.0,0.0,1.0,56803.0
0.0,1.0,46.0,5.0,0.0,0.0,0.0,0.0,0.0,0.0,0.0,0.0,0.0,123.0,1.0,1.0,0.0,0.0,0.09,0.06,0.0,255.0,14.0,0.05,0.06,0.0,0.0,1.0,1.0,0.0,1.0,96723.0
0.0,1.0,46.0,5.0,0.0,0.0,0.0,0.0,0.0,0.0,0.0,0.0,0.0,103.0,1.0,1.0,0.0,0.0,0.02,0.07,0.0,255.0,18.0,0.07,0.07,0.0,0.0,1.0,1.0,0.0,1.0,79884.0
0.0,2.0,46.0,9.0,1.0,0.0,0.0,0.0,0.0,0.0,0.0,0.0,0.0,62.0,0.0,0.0,0.0,0.0,0.39,0.08,0.0,255.0,58.0,0.23,0.18,1.0,0.0,0.0,0.0,0.0,1.0,108789.0
5.0,1.0,45.0,9.0,6.0,43.0,0.0,0.0,0.0,0.0,0.0,0.0,0.0,510.0,0.2,0.0,0.79,0.0,0.0,1.0,0.0,255.0,1.0,0.0,1.0,0.0,0.0,0.19,0.0,0.0,1.0,48241.0
0.0,1.0,22.0,1.0,0.0,0.0,0.0,0.0,0.0,0.0,0.0,0.0,0.0,103.0,0.0,0.0,1.0,1.0,0.02,0.07,0.0,255.0,2.0,0.01,0.08,0.0,0.0,0.0,0.0,1.0,1.0,69405.0
0.0,1.0,46.0,1.0,0.0,0.0,0.0,0.0,0.0,0.0,0.0,0.0,0.0,105.0,0.0,0.0,1.0,1.0,0.16,0.08,0.0,229.0,17.0,0.07,0.07,0.0,0.0,0.0,0.0,1.0,1.0,90226.0
0.0,1.0,18.0,5.0,0.0,0.0,0.0,0.0,0.0,0.0,0.0,0.0,0.0,283.0,1.0,1.0,0.0,0.0,0.08,0.05,0.0,255.0,24.0,0.09,0.05,0.0,0.0,1.0,1.0,0.0,1.0,22794.0
0.0,1.0,65.0,5.0,0.0,0.0,0.0,0.0,0.0,0.0,0.0,0.0,0.0,279.0,1.0,1.0,0.0,0.0,0.02,0.06,0.0,255.0,8.0,0.03,0.06,0.0,0.0,1.0,1.0,0.0,1.0,15391.0
3109.0,2.0,41.0,9.0,146.0,105.0,0.0,0.0,0.0,0.0,0.0,0.0,0.0,5.0,0.0,0.0,0.0,0.0,0.2,0.6,0.0,255.0,1.0,0.0,0.48,0.91,0.0,0.0,0.0,0.0,0.0,108947.0
0.0,1.0,46.0,5.0,0.0,0.0,0.0,0.0,0.0,0.0,0.0,0.0,0.0,220.0,1.0,1.0,0.0,0.0,0.03,0.07,0.0,255.0,5.0,0.02,0.08,0.0,0.0,1.0,1.0,0.0,1.0,75888.0
0.0,0.0,14.0,9.0,1032.0,0.0,0.0,0.0,0.0,0.0,0.0,0.0,0.0,511.0,0.0,0.0,0.0,0.0,1.0,0.0,0.0,255.0,206.0,0.81,0.01,0.81,0.0,0.0,0.0,0.0,1.0,38494.0
0.0,0.0,14.0,9.0,1032.0,0.0,0.0,0.0,0.0,0.0,0.0,0.0,0.0,511.0,0.0,0.0,0.0,0.0,1.0,0.0,0.0,255.0,109.0,0.43,0.09,0.43,0.0,0.0,0.0,0.0,1.0,24176.0
0.0,1.0,8.0,5.0,0.0,0.0,0.0,0.0,0.0,0.0,0.0,0.0,0.0,106.0,1.0,1.0,0.0,0.0,0.16,0.06,0.0,255.0,6.0,0.02,0.07,0.0,0.0,1.0,1.0,0.0,1.0,85164.0
0.0,1.0,46.0,5.0,0.0,0.0,0.0,0.0,0.0,0.0,0.0,0.0,0.0,97.0,1.0,1.0,0.0,0.0,0.21,0.07,0.0,255.0,1.0,0.0,0.07,0.0,0.0,1.0,1.0,0.0,1.0,102649.0
0.0,0.0,13.0,9.0,30.0,0.0,0.0,0.0,0.0,0.0,0.0,0.0,0.0,2.0,0.0,0.0,0.0,0.0,0.5,1.0,0.0,255.0,29.0,0.11,0.01,0.55,0.0,0.0,0.0,0.0,0.0,108420.0
0.0,1.0,38.0,5.0,0.0,0.0,0.0,0.0,0.0,0.0,0.0,0.0,0.0,113.0,1.0,1.0,0.0,0.0,0.21,0.05,0.0,255.0,24.0,0.09,0.05,0.0,0.0,1.0,1.0,0.0,1.0,116585.0
0.0,1.0,65.0,5.0,0.0,0.0,0.0,0.0,0.0,0.0,0.0,0.0,0.0,150.0,1.0,1.0,0.0,0.0,0.09,0.07,0.0,255.0,14.0,0.05,0.07,0.0,0.0,1.0,1.0,0.0,1.0,86640.0
0.0,1.0,6.0,5.0,0.0,0.0,0.0,0.0,0.0,0.0,0.0,0.0,0.0,197.0,1.0,1.0,0.0,0.0,0.03,0.07,0.0,255.0,5.0,0.02,0.07,0.0,0.0,1.0,1.0,0.0,1.0,725.0
0.0,1.0,51.0,9.0,13823.0,1874.0,0.0,0.0,1.0,0.0,0.0,0.0,0.0,1.0,0.0,0.0,0.0,0.0,1.0,0.0,0.0,109.0,209.0,0.85,0.04,0.01,0.01,0.0,0.0,0.0,0.0,116726.0
0.0,0.0,14.0,9.0,1032.0,0.0,0.0,0.0,0.0,0.0,0.0,0.0,0.0,511.0,0.0,0.0,0.0,0.0,1.0,0.0,0.0,255.0,168.0,0.66,0.16,0.66,0.0,0.0,0.0,0.0,1.0,125066.0
0.0,1.0,41.0,1.0,0.0,0.0,0.0,0.0,0.0,0.0,0.0,0.0,0.0,509.0,0.22,0.0,0.77,1.0,0.0,1.0,0.0,255.0,1.0,0.0,1.0,0.0,0.0,0.25,0.0,1.0,1.0,118091.0
0.0,1.0,46.0,5.0,0.0,0.0,0.0,0.0,0.0,0.0,0.0,0.0,0.0,190.0,1.0,1.0,0.0,0.0,0.06,0.06,0.0,255.0,19.0,0.07,0.06,0.0,0.0,1.0,1.0,0.0,1.0,26946.0
0.0,1.0,2.0,5.0,0.0,0.0,0.0,0.0,0.0,0.0,0.0,0.0,0.0,108.0,1.0,1.0,0.0,0.0,0.03,0.07,0.0,255.0,3.0,0.01,0.09,0.0,0.0,1.0,1.0,0.0,1.0,102869.0
0.0,1.0,5.0,5.0,0.0,0.0,0.0,0.0,0.0,0.0,0.0,0.0,0.0,106.0,1.0,1.0,0.0,0.0,0.05,0.07,0.0,255.0,5.0,0.02,0.05,0.0,0.0,1.0,1.0,0.0,1.0,58257.0
0.0,1.0,46.0,5.0,0.0,0.0,0.0,0.0,0.0,0.0,0.0,0.0,0.0,138.0,1.0,1.0,0.0,0.0,0.06,0.07,0.0,255.0,6.0,0.02,0.07,0.0,0.0,1.0,1.0,0.0,1.0,27366.0
0.0,1.0,46.0,5.0,0.0,0.0,0.0,0.0,0.0,0.0,0.0,0.0,0.0,100.0,1.0,1.0,0.0,0.0,0.07,0.06,0.0,255.0,10.0,0.04,0.06,0.0,0.0,1.0,1.0,0.0,1.0,109099.0
0.0,1.0,19.0,9.0,334.0,0.0,0.0,0.0,1.0,0.0,0.0,0.0,0.0,1.0,0.0,0.0,0.0,0.0,1.0,0.0,0.0,7.0,38.0,0.71,0.29,0.71,0.16,0.0,0.0,0.0,1.0,33183.0
0.0,1.0,27.0,5.0,0.0,0.0,0.0,0.0,0.0,0.0,0.0,0.0,0.0,137.0,1.0,1.0,0.0,0.0,0.01,0.05,0.0,255.0,1.0,0.0,0.05,0.0,0.0,1.0,1.0,0.0,1.0,28253.0
0.0,0.0,14.0,9.0,520.0,0.0,0.0,0.0,0.0,0.0,0.0,0.0,0.0,172.0,0.0,0.0,0.0,0.0,1.0,0.0,0.0,255.0,255.0,1.0,0.0,1.0,0.0,0.0,0.0,0.0,1.0,88369.0
0.0,1.0,9.0,5.0,0.0,0.0,0.0,0.0,0.0,0.0,0.0,0.0,0.0,277.0,1.0,1.0,0.0,0.0,0.02,0.06,0.0,255.0,18.0,0.07,0.07,0.0,0.0,1.0,1.0,0.0,1.0,117773.0
3296.0,2.0,41.0,9.0,146.0,105.0,0.0,0.0,0.0,0.0,0.0,0.0,0.0,5.0,0.0,0.0,0.0,0.0,0.2,0.6,0.0,255.0,1.0,0.0,0.81,1.0,0.0,0.0,0.0,0.0,0.0,17177.0
0.0,1.0,41.0,5.0,0.0,0.0,0.0,0.0,0.0,0.0,0.0,0.0,0.0,233.0,1.0,1.0,0.0,0.0,0.09,0.06,0.0,255.0,20.0,0.08,0.07,0.0,0.0,1.0,1.0,0.0,1.0,25112.0
0.0,1.0,19.0,5.0,0.0,0.0,0.0,0.0,0.0,0.0,0.0,0.0,0.0,6.0,1.0,1.0,0.0,0.0,0.33,0.33,0.0,206.0,46.0,0.2,0.02,0.01,0.04,1.0,0.91,0.0,1.0,64904.0
0.0,1.0,57.0,5.0,0.0,0.0,0.0,0.0,0.0,0.0,0.0,0.0,0.0,45.0,1.0,1.0,0.0,0.0,0.22,0.09,0.0,255.0,64.0,0.25,0.02,0.02,0.0,1.0,1.0,0.0,1.0,58148.0
0.0,1.0,5.0,5.0,0.0,0.0,0.0,0.0,0.0,0.0,0.0,0.0,0.0,138.0,1.0,1.0,0.0,0.0,0.14,0.05,0.0,255.0,19.0,0.07,0.06,0.0,0.0,1.0,1.0,0.0,1.0,55343.0
0.0,0.0,14.0,9.0,520.0,0.0,0.0,0.0,0.0,0.0,0.0,0.0,0.0,128.0,0.0,0.0,0.0,0.0,1.0,0.0,0.0,255.0,255.0,1.0,0.0,1.0,0.0,0.0,0.0,0.0,1.0,105064.0
0.0,1.0,46.0,5.0,0.0,0.0,0.0,0.0,0.0,0.0,0.0,0.0,0.0,60.0,1.0,1.0,0.0,0.0,0.02,0.1,0.0,255.0,21.0,0.08,0.05,0.0,0.0,1.0,1.0,0.0,1.0,2090.0
0.0,1.0,5.0,5.0,0.0,0.0,0.0,0.0,0.0,0.0,0.0,0.0,0.0,124.0,1.0,1.0,0.0,0.0,0.12,0.06,0.0,255.0,15.0,0.06,0.05,0.0,0.0,1.0,1.0,0.0,1.0,114295.0
0.0,1.0,38.0,5.0,0.0,0.0,0.0,0.0,0.0,0.0,0.0,0.0,0.0,112.0,1.0,1.0,0.0,0.0,0.13,0.06,0.0,255.0,15.0,0.06,0.06,0.0,0.0,1.0,1.0,0.0,1.0,60320.0
0.0,1.0,54.0,5.0,0.0,0.0,0.0,0.0,0.0,0.0,0.0,0.0,0.0,290.0,1.0,1.0,0.0,0.0,0.07,0.06,0.0,255.0,20.0,0.08,0.07,0.0,0.0,1.0,1.0,0.0,1.0,14474.0
0.0,1.0,2.0,5.0,0.0,0.0,0.0,0.0,0.0,0.0,0.0,0.0,0.0,118.0,1.0,1.0,0.0,0.0,0.13,0.06,0.0,255.0,1.0,0.0,0.07,0.0,0.0,1.0,1.0,0.0,1.0,33585.0
0.0,1.0,57.0,5.0,0.0,0.0,0.0,0.0,0.0,0.0,0.0,0.0,0.0,2.0,1.0,1.0,0.0,0.0,1.0,0.0,0.0,44.0,24.0,0.55,0.05,0.02,0.0,0.95,0.92,0.0,1.0,31477.0
0.0,1.0,46.0,5.0,0.0,0.0,0.0,0.0,0.0,0.0,0.0,0.0,0.0,254.0,1.0,1.0,0.0,0.0,0.06,0.05,0.0,115.0,15.0,0.13,0.09,0.01,0.0,0.88,1.0,0.0,1.0,39892.0
0.0,1.0,54.0,5.0,0.0,0.0,0.0,0.0,0.0,0.0,0.0,0.0,0.0,298.0,1.0,1.0,0.0,0.0,0.08,0.05,0.0,255.0,25.0,0.1,0.05,0.0,0.0,1.0,1.0,0.0,1.0,18105.0
0.0,1.0,41.0,9.0,59.0,0.0,0.0,0.0,1.0,0.0,0.0,0.0,0.0,12.0,0.08,0.0,0.0,0.0,0.08,0.33,0.0,92.0,1.0,0.01,0.08,0.26,0.0,0.01,0.0,0.0,0.0,110831.0
0.0,1.0,46.0,5.0,0.0,0.0,0.0,0.0,0.0,0.0,0.0,0.0,0.0,241.0,1.0,1.0,0.0,0.0,0.06,0.05,0.0,182.0,14.0,0.08,0.07,0.01,0.0,0.92,1.0,0.0,1.0,12183.0
0.0,1.0,29.0,5.0,0.0,0.0,0.0,0.0,0.0,0.0,0.0,0.0,0.0,2.0,1.0,1.0,0.0,0.0,1.0,0.0,0.0,255.0,2.0,0.01,0.07,0.0,0.0,1.0,1.0,0.0,1.0,83832.0
0.0,2.0,46.0,9.0,28.0,0.0,3.0,0.0,0.0,0.0,0.0,0.0,0.0,62.0,0.0,0.0,0.0,0.0,1.0,0.0,0.0,255.0,62.0,0.24,0.02,0.24,0.0,0.0,0.0,0.0,1.0,106713.0
0.0,1.0,46.0,5.0,0.0,0.0,0.0,0.0,0.0,0.0,0.0,0.0,0.0,149.0,1.0,1.0,0.0,0.0,0.04,0.06,0.0,255.0,4.0,0.02,0.07,0.0,0.0,1.0,1.0,0.0,1.0,23118.0
0.0,0.0,13.0,9.0,18.0,0.0,0.0,0.0,0.0,0.0,0.0,0.0,0.0,1.0,0.0,0.0,0.0,0.0,1.0,0.0,0.0,1.0,217.0,1.0,0.0,1.0,0.25,0.0,0.0,0.0,1.0,23713.0
0.0,1.0,30.0,5.0,0.0,0.0,0.0,0.0,0.0,0.0,0.0,0.0,0.0,268.0,1.0,1.0,0.0,0.0,0.02,0.06,0.0,255.0,6.0,0.02,0.07,0.0,0.0,1.0,1.0,0.0,1.0,101661.0
0.0,1.0,19.0,9.0,29.0,0.0,0.0,0.0,1.0,0.0,0.0,0.0,0.0,2.0,0.0,0.0,0.0,0.0,1.0,0.0,0.0,168.0,75.0,0.45,0.04,0.45,0.0,0.0,0.0,0.0,0.0,113060.0
0.0,0.0,14.0,9.0,1032.0,0.0,0.0,0.0,0.0,0.0,0.0,0.0,0.0,511.0,0.0,0.0,0.0,0.0,1.0,0.0,0.0,255.0,203.0,0.8,0.02,0.8,0.0,0.0,0.0,0.0,1.0,39705.0
0.0,1.0,46.0,1.0,0.0,0.0,0.0,0.0,0.0,0.0,0.0,0.0,0.0,288.0,0.0,0.0,1.0,1.0,0.06,0.06,0.0,255.0,16.0,0.06,0.06,0.0,0.0,0.0,0.0,1.0,1.0,14794.0
0.0,1.0,22.0,5.0,0.0,0.0,0.0,0.0,0.0,0.0,0.0,0.0,0.0,34.0,1.0,1.0,0.0,0.0,0.18,0.15,0.0,255.0,6.0,0.02,0.08,0.0,0.0,1.0,1.0,0.0,1.0,107833.0
0.0,1.0,46.0,5.0,0.0,0.0,0.0,0.0,0.0,0.0,0.0,0.0,0.0,51.0,1.0,1.0,0.0,0.0,0.18,0.12,0.0,255.0,16.0,0.06,0.09,0.0,0.0,1.0,1.0,0.0,1.0,78154.0
0.0,1.0,46.0,5.0,0.0,0.0,0.0,0.0,0.0,0.0,0.0,0.0,0.0,126.0,1.0,1.0,0.0,0.0,0.08,0.06,0.0,181.0,10.0,0.06,0.07,0.01,0.0,1.0,1.0,0.0,1.0,125239.0
0.0,1.0,55.0,1.0,0.0,0.0,0.0,0.0,0.0,0.0,0.0,0.0,0.0,262.0,0.0,0.0,1.0,1.0,0.06,0.06,0.0,255.0,17.0,0.07,0.07,0.0,0.0,0.0,0.0,1.0,1.0,31845.0
0.0,2.0,11.0,9.0,46.0,46.0,0.0,0.0,0.0,0.0,0.0,0.0,0.0,110.0,0.0,0.0,0.0,0.0,1.0,0.0,0.01,255.0,254.0,1.0,0.01,0.01,0.0,0.0,0.0,0.0,0.0,89962.0
0.0,1.0,57.0,5.0,0.0,0.0,0.0,0.0,0.0,0.0,0.0,0.0,0.0,214.0,1.0,1.0,0.0,0.0,0.0,0.07,0.0,255.0,1.0,0.0,0.08,0.0,0.0,1.0,1.0,0.0,1.0,34422.0
0.0,1.0,26.0,5.0,0.0,0.0,0.0,0.0,0.0,0.0,0.0,0.0,0.0,271.0,1.0,1.0,0.0,0.0,0.01,0.06,0.0,255.0,5.0,0.02,0.07,0.0,0.0,1.0,1.0,0.0,1.0,115938.0
31925.0,1.0,46.0,4.0,1.0,0.0,0.0,0.0,0.0,0.0,0.0,0.0,0.0,2.0,0.0,0.0,1.0,1.0,1.0,0.0,0.0,255.0,2.0,0.01,0.82,1.0,0.0,0.0,0.0,1.0,1.0,52020.0
0.0,1.0,46.0,5.0,0.0,0.0,0.0,0.0,0.0,0.0,0.0,0.0,0.0,88.0,1.0,1.0,0.0,0.0,0.19,0.06,0.0,255.0,10.0,0.04,0.07,0.0,0.0,1.0,1.0,0.0,1.0,99523.0
0.0,1.0,20.0,5.0,0.0,0.0,0.0,0.0,0.0,0.0,0.0,0.0,0.0,231.0,1.0,1.0,0.0,0.0,0.02,0.06,0.0,255.0,4.0,0.02,0.06,0.0,0.0,1.0,1.0,0.0,1.0,12625.0
0.0,1.0,51.0,5.0,0.0,0.0,0.0,0.0,0.0,0.0,0.0,0.0,0.0,12.0,1.0,0.86,0.0,0.0,1.0,0.0,0.21,154.0,137.0,0.47,0.01,0.01,0.01,0.99,0.53,0.0,1.0,76061.0
0.0,1.0,46.0,1.0,0.0,0.0,0.0,0.0,0.0,0.0,0.0,0.0,0.0,511.0,0.07,0.0,0.93,1.0,0.0,1.0,0.0,255.0,1.0,0.0,1.0,0.0,0.0,0.13,0.0,1.0,1.0,76238.0
0.0,0.0,13.0,9.0,8.0,0.0,0.0,0.0,0.0,0.0,0.0,0.0,0.0,1.0,0.0,0.0,0.0,0.0,1.0,0.0,1.0,1.0,3.0,1.0,0.0,1.0,0.67,0.0,0.0,0.0,1.0,74268.0
0.0,0.0,13.0,9.0,18.0,0.0,0.0,0.0,0.0,0.0,0.0,0.0,0.0,1.0,0.0,0.0,0.0,0.0,1.0,0.0,0.0,3.0,10.0,1.0,0.0,1.0,0.3,0.0,0.0,0.0,1.0,32158.0
0.0,1.0,46.0,5.0,0.0,0.0,0.0,0.0,0.0,0.0,0.0,0.0,0.0,213.0,1.0,1.0,0.0,0.0,0.06,0.06,0.0,255.0,27.0,0.11,0.06,0.0,0.0,1.0,1.0,0.0,1.0,82496.0
0.0,1.0,46.0,5.0,0.0,0.0,0.0,0.0,0.0,0.0,0.0,0.0,0.0,147.0,1.0,1.0,0.0,0.0,0.03,0.06,0.0,255.0,1.0,0.0,0.08,0.0,0.0,1.0,1.0,0.0,1.0,104218.0
0.0,1.0,32.0,5.0,0.0,0.0,0.0,0.0,0.0,0.0,0.0,0.0,0.0,286.0,1.0,1.0,0.0,0.0,0.01,0.05,0.0,255.0,4.0,0.02,0.05,0.0,0.0,1.0,1.0,0.0,1.0,23673.0
0.0,2.0,11.0,9.0,44.0,44.0,0.0,0.0,0.0,0.0,0.0,0.0,0.0,151.0,0.0,0.0,0.0,0.0,1.0,0.0,0.0,255.0,254.0,1.0,0.01,0.0,0.0,0.0,0.0,0.0,0.0,77672.0
0.0,1.0,19.0,5.0,0.0,0.0,0.0,0.0,0.0,0.0,0.0,0.0,0.0,249.0,1.0,1.0,0.0,0.0,0.03,0.06,0.0,255.0,9.0,0.04,0.07,0.0,0.0,1.0,1.0,0.0,1.0,78493.0
0.0,1.0,46.0,5.0,0.0,0.0,0.0,0.0,0.0,0.0,0.0,0.0,0.0,294.0,1.0,1.0,0.0,0.0,0.05,0.06,0.0,255.0,9.0,0.04,0.08,0.0,0.0,1.0,1.0,0.0,1.0,84211.0
0.0,1.0,22.0,1.0,0.0,0.0,0.0,0.0,0.0,0.0,0.0,0.0,0.0,13.0,0.0,0.0,0.85,0.85,1.0,0.0,0.0,47.0,255.0,1.0,0.0,0.02,0.17,0.0,0.0,0.99,0.0,13117.0
0.0,1.0,53.0,5.0,0.0,0.0,0.0,0.0,0.0,0.0,0.0,0.0,0.0,227.0,1.0,1.0,0.0,0.0,0.07,0.06,0.0,255.0,20.0,0.08,0.06,0.0,0.0,1.0,1.0,0.0,1.0,72460.0
0.0,0.0,13.0,9.0,8.0,0.0,0.0,0.0,0.0,0.0,0.0,0.0,0.0,1.0,0.0,0.0,0.0,0.0,1.0,0.0,1.0,2.0,206.0,1.0,0.0,1.0,0.5,0.0,0.0,0.0,1.0,21408.0
0.0,1.0,46.0,5.0,0.0,0.0,0.0,0.0,0.0,0.0,0.0,0.0,0.0,142.0,0.99,1.0,0.0,0.0,0.11,0.06,0.0,255.0,5.0,0.02,0.06,0.0,0.0,1.0,1.0,0.0,1.0,4876.0
0.0,1.0,63.0,5.0,0.0,0.0,0.0,0.0,0.0,0.0,0.0,0.0,0.0,230.0,1.0,1.0,0.0,0.0,0.08,0.05,0.0,255.0,19.0,0.07,0.05,0.0,0.0,1.0,1.0,0.0,1.0,104762.0
0.0,1.0,46.0,5.0,0.0,0.0,0.0,0.0,0.0,0.0,0.0,0.0,0.0,194.0,1.0,1.0,0.0,0.0,0.02,0.06,0.0,255.0,18.0,0.07,0.07,0.0,0.0,1.0,1.0,0.0,1.0,69050.0
0.0,1.0,26.0,5.0,0.0,0.0,0.0,0.0,0.0,0.0,0.0,0.0,0.0,260.0,1.0,1.0,0.0,0.0,0.07,0.05,0.0,255.0,17.0,0.07,0.05,0.0,0.0,1.0,1.0,0.0,1.0,110967.0
0.0,1.0,53.0,4.0,0.0,0.0,0.0,0.0,0.0,0.0,0.0,0.0,0.0,1.0,0.0,0.0,1.0,1.0,1.0,0.0,0.0,163.0,1.0,0.01,0.15,0.26,0.0,0.0,0.0,1.0,1.0,90262.0
0.0,2.0,46.0,9.0,28.0,0.0,3.0,0.0,0.0,0.0,0.0,0.0,0.0,25.0,0.0,0.0,0.04,0.0,0.96,0.08,0.0,255.0,24.0,0.09,0.02,0.09,0.0,0.0,0.0,0.0,1.0,65947.0
0.0,2.0,46.0,9.0,1.0,0.0,0.0,0.0,0.0,0.0,0.0,0.0,0.0,10.0,0.0,0.0,0.0,0.0,0.7,0.2,0.0,255.0,7.0,0.03,0.96,0.05,0.0,0.03,0.0,0.0,1.0,124069.0
0.0,1.0,65.0,5.0,0.0,0.0,0.0,0.0,0.0,0.0,0.0,0.0,0.0,263.0,1.0,1.0,0.0,0.0,0.03,0.06,0.0,255.0,7.0,0.03,0.07,0.0,0.0,1.0,1.0,0.0,1.0,31787.0
0.0,1.0,20.0,5.0,0.0,0.0,0.0,0.0,0.0,0.0,0.0,0.0,0.0,239.0,1.0,1.0,0.0,0.0,0.02,0.07,0.0,255.0,4.0,0.02,0.07,0.0,0.0,1.0,1.0,0.0,1.0,110273.0
30735.0,1.0,46.0,4.0,1.0,0.0,0.0,0.0,0.0,0.0,0.0,0.0,0.0,2.0,0.0,0.0,1.0,1.0,1.0,0.0,0.0,255.0,2.0,0.01,0.74,1.0,0.0,0.0,0.0,1.0,1.0,92139.0
0.0,1.0,46.0,5.0,0.0,0.0,0.0,0.0,0.0,0.0,0.0,0.0,0.0,271.0,1.0,1.0,0.0,0.0,0.01,0.06,0.0,255.0,12.0,0.05,0.07,0.0,0.0,1.0,1.0,0.0,1.0,32534.0
0.0,1.0,46.0,5.0,0.0,0.0,0.0,0.0,0.0,0.0,0.0,0.0,0.0,194.0,1.0,1.0,0.0,0.0,0.05,0.06,0.0,255.0,19.0,0.07,0.07,0.0,0.0,1.0,1.0,0.0,1.0,26536.0
0.0,0.0,61.0,9.0,78.0,0.0,0.0,0.0,0.0,0.0,0.0,0.0,0.0,35.0,0.0,0.0,0.0,0.0,0.14,0.06,0.0,255.0,23.0,0.09,0.01,0.09,0.0,0.0,0.0,0.0,0.0,71133.0
0.0,2.0,46.0,9.0,28.0,0.0,3.0,0.0,0.0,0.0,0.0,0.0,0.0,17.0,0.0,0.0,0.0,0.0,1.0,0.0,0.0,89.0,17.0,0.19,0.04,0.19,0.0,0.0,0.0,0.0,1.0,1424.0
0.0,2.0,11.0,9.0,77.0,44.0,0.0,0.0,0.0,0.0,0.0,0.0,0.0,152.0,0.0,0.0,0.0,0.0,1.0,0.0,0.0,255.0,162.0,0.64,0.01,0.05,0.0,0.0,0.0,0.0,0.0,100533.0
0.0,1.0,63.0,5.0,0.0,0.0,0.0,0.0,0.0,0.0,0.0,0.0,0.0,145.0,1.0,1.0,0.0,0.0,0.1,0.06,0.0,255.0,15.0,0.06,0.05,0.0,0.0,1.0,1.0,0.0,1.0,72064.0
0.0,1.0,46.0,5.0,0.0,0.0,0.0,0.0,0.0,0.0,0.0,0.0,0.0,223.0,1.0,1.0,0.0,0.0,0.02,0.06,0.0,255.0,4.0,0.02,0.06,0.0,0.0,1.0,1.0,0.0,1.0,114097.0
0.0,1.0,17.0,5.0,0.0,0.0,0.0,0.0,0.0,0.0,0.0,0.0,0.0,69.0,0.99,1.0,0.01,0.0,0.26,0.07,0.0,255.0,33.0,0.13,0.05,0.0,0.0,1.0,1.0,0.0,1.0,24362.0
0.0,1.0,53.0,5.0,0.0,0.0,0.0,0.0,0.0,0.0,0.0,0.0,0.0,129.0,1.0,1.0,0.0,0.0,0.07,0.06,0.0,255.0,8.0,0.03,0.06,0.0,0.0,1.0,1.0,0.0,1.0,37380.0
0.0,2.0,41.0,9.0,1.0,0.0,0.0,0.0,0.0,0.0,0.0,0.0,0.0,12.0,0.0,0.0,0.0,0.0,0.17,0.25,0.0,255.0,2.0,0.01,0.15,0.44,0.0,0.0,0.0,0.0,1.0,5611.0
0.0,1.0,22.0,1.0,0.0,0.0,0.0,0.0,0.0,0.0,0.0,0.0,0.0,1.0,0.0,0.0,1.0,1.0,1.0,0.0,0.0,19.0,192.0,1.0,0.0,0.05,0.19,0.0,0.0,0.99,0.0,496.0
0.0,2.0,46.0,9.0,1.0,0.0,0.0,0.0,0.0,0.0,0.0,0.0,0.0,1.0,0.0,0.0,0.0,0.0,1.0,0.0,0.0,255.0,8.0,0.03,0.89,0.12,0.0,0.03,0.0,0.0,1.0,46326.0
0.0,1.0,19.0,9.0,383.0,0.0,0.0,0.0,0.0,0.0,0.0,0.0,0.0,2.0,0.0,0.0,0.0,0.0,1.0,0.0,0.0,12.0,95.0,0.25,0.17,0.25,0.02,0.0,0.01,0.0,1.0,70911.0
0.0,1.0,24.0,5.0,0.0,0.0,0.0,0.0,0.0,0.0,0.0,0.0,0.0,510.0,0.13,1.0,0.87,0.0,0.0,1.0,0.0,255.0,1.0,0.0,1.0,0.0,0.0,0.13,1.0,0.0,1.0,11124.0
0.0,0.0,13.0,9.0,8.0,0.0,0.0,0.0,0.0,0.0,0.0,0.0,0.0,1.0,0.0,0.0,0.0,0.0,1.0,0.0,1.0,1.0,61.0,1.0,0.0,1.0,0.26,0.0,0.0,0.0,1.0,43918.0
0.0,1.0,46.0,5.0,0.0,0.0,0.0,0.0,0.0,0.0,0.0,0.0,0.0,148.0,1.0,1.0,0.0,0.0,0.01,0.07,0.0,255.0,16.0,0.06,0.06,0.0,0.0,1.0,1.0,0.0,1.0,54708.0
0.0,1.0,12.0,5.0,0.0,0.0,0.0,0.0,0.0,0.0,0.0,0.0,0.0,196.0,1.0,1.0,0.0,0.0,0.03,0.07,0.0,255.0,8.0,0.03,0.08,0.0,0.0,1.0,1.0,0.0,1.0,55563.0
0.0,1.0,17.0,5.0,0.0,0.0,0.0,0.0,0.0,0.0,0.0,0.0,0.0,228.0,1.0,1.0,0.0,0.0,0.03,0.07,0.0,255.0,7.0,0.03,0.08,0.0,0.0,1.0,1.0,0.0,1.0,14291.0
0.0,1.0,46.0,5.0,0.0,0.0,0.0,0.0,0.0,0.0,0.0,0.0,0.0,106.0,1.0,1.0,0.0,0.0,0.16,0.07,0.0,255.0,17.0,0.07,0.06,0.0,0.0,1.0,1.0,0.0,1.0,97955.0
0.0,1.0,4.0,1.0,0.0,0.0,0.0,0.0,0.0,0.0,0.0,0.0,0.0,123.0,0.0,0.0,1.0,1.0,0.07,0.08,0.0,255.0,8.0,0.03,0.07,0.0,0.0,0.0,0.0,1.0,1.0,102445.0
0.0,1.0,31.0,5.0,0.0,0.0,0.0,0.0,0.0,0.0,0.0,0.0,0.0,142.0,1.0,1.0,0.0,0.0,0.06,0.05,0.0,255.0,9.0,0.04,0.05,0.0,0.0,1.0,1.0,0.0,1.0,71559.0
0.0,1.0,46.0,5.0,0.0,0.0,0.0,0.0,0.0,0.0,0.0,0.0,0.0,18.0,1.0,1.0,0.0,0.0,0.06,0.17,0.0,255.0,14.0,0.05,0.07,0.0,0.0,1.0,1.0,0.0,1.0,58924.0
0.0,1.0,25.0,5.0,0.0,0.0,0.0,0.0,0.0,0.0,0.0,0.0,0.0,207.0,1.0,1.0,0.0,0.0,0.04,0.06,0.0,255.0,16.0,0.06,0.08,0.0,0.0,1.0,1.0,0.0,1.0,99689.0
0.0,1.0,38.0,5.0,0.0,0.0,0.0,0.0,0.0,0.0,0.0,0.0,0.0,119.0,1.0,1.0,0.0,0.0,0.01,0.06,0.0,255.0,5.0,0.02,0.07,0.0,0.0,1.0,1.0,0.0,1.0,118999.0
0.0,1.0,46.0,5.0,0.0,0.0,0.0,0.0,0.0,0.0,0.0,0.0,0.0,105.0,1.0,1.0,0.0,0.0,0.18,0.06,0.0,255.0,20.0,0.08,0.06,0.0,0.0,1.0,1.0,0.0,1.0,55631.0
0.0,0.0,13.0,9.0,30.0,0.0,0.0,0.0,0.0,0.0,0.0,0.0,0.0,1.0,0.0,0.0,0.0,0.0,1.0,0.0,0.0,2.0,2.0,1.0,0.0,1.0,0.0,0.0,0.0,0.0,0.0,64034.0
0.0,1.0,46.0,5.0,0.0,0.0,0.0,0.0,0.0,0.0,0.0,0.0,0.0,115.0,1.0,1.0,0.0,0.0,0.13,0.05,0.0,255.0,6.0,0.02,0.08,0.0,0.0,1.0,1.0,0.0,1.0,104289.0
0.0,1.0,46.0,1.0,0.0,0.0,0.0,0.0,0.0,0.0,0.0,0.0,0.0,105.0,0.0,0.0,1.0,1.0,0.05,0.06,0.0,255.0,25.0,0.1,0.05,0.0,0.0,0.0,0.0,1.0,1.0,94807.0
0.0,0.0,61.0,9.0,78.0,0.0,0.0,0.0,0.0,0.0,0.0,0.0,0.0,26.0,0.0,0.0,0.0,0.0,0.15,0.08,0.0,255.0,13.0,0.05,0.01,0.05,0.0,0.0,0.0,0.0,0.0,98639.0
0.0,1.0,46.0,5.0,0.0,0.0,0.0,0.0,0.0,0.0,0.0,0.0,0.0,114.0,1.0,1.0,0.0,0.0,0.15,0.07,0.0,255.0,7.0,0.03,0.08,0.0,0.0,1.0,1.0,0.0,1.0,70099.0
0.0,2.0,11.0,9.0,43.0,43.0,0.0,0.0,0.0,0.0,0.0,0.0,0.0,165.0,0.0,0.0,0.0,0.0,0.99,0.01,0.0,255.0,254.0,1.0,0.01,0.0,0.0,0.0,0.0,0.0,0.0,82777.0
0.0,1.0,46.0,5.0,0.0,0.0,0.0,0.0,0.0,0.0,0.0,0.0,0.0,101.0,1.0,1.0,0.0,0.0,0.03,0.06,0.0,255.0,20.0,0.08,0.07,0.0,0.0,1.0,1.0,0.0,1.0,98469.0
0.0,2.0,11.0,9.0,44.0,73.0,0.0,0.0,0.0,0.0,0.0,0.0,0.0,148.0,0.0,0.0,0.0,0.0,0.99,0.01,0.0,255.0,254.0,1.0,0.01,0.01,0.0,0.0,0.0,0.0,0.0,10664.0
0.0,1.0,46.0,1.0,0.0,0.0,0.0,0.0,0.0,0.0,0.0,0.0,0.0,1.0,0.0,0.0,1.0,1.0,1.0,0.0,0.0,66.0,2.0,0.02,1.0,0.02,1.0,0.0,0.0,1.0,1.0,94455.0
0.0,1.0,59.0,5.0,0.0,0.0,0.0,0.0,0.0,0.0,0.0,0.0,0.0,290.0,1.0,1.0,0.0,0.0,0.07,0.05,0.0,255.0,20.0,0.08,0.07,0.0,0.0,1.0,1.0,0.0,1.0,89697.0
0.0,0.0,13.0,9.0,8.0,0.0,0.0,0.0,0.0,0.0,0.0,0.0,0.0,1.0,0.0,0.0,0.0,0.0,1.0,0.0,1.0,1.0,17.0,1.0,0.0,1.0,0.53,0.0,0.0,0.0,1.0,874.0
0.0,1.0,22.0,1.0,0.0,0.0,0.0,0.0,0.0,0.0,0.0,0.0,0.0,1.0,0.0,0.0,1.0,1.0,1.0,0.0,0.0,20.0,254.0,1.0,0.0,0.05,0.22,0.0,0.01,0.9,0.0,109626.0
0.0,1.0,52.0,5.0,0.0,0.0,0.0,0.0,0.0,0.0,0.0,0.0,0.0,248.0,1.0,1.0,0.0,0.0,0.06,0.06,0.0,255.0,1.0,0.0,0.07,0.0,0.0,1.0,1.0,0.0,1.0,2168.0
0.0,1.0,10.0,5.0,0.0,0.0,0.0,0.0,0.0,0.0,0.0,0.0,0.0,244.0,1.0,1.0,0.0,0.0,0.0,0.07,0.0,255.0,1.0,0.0,0.08,0.0,0.0,1.0,1.0,0.0,1.0,75202.0
0.0,1.0,41.0,1.0,0.0,0.0,0.0,0.0,0.0,0.0,0.0,0.0,0.0,511.0,0.14,0.0,0.86,1.0,0.0,1.0,0.0,255.0,1.0,0.0,1.0,0.0,0.0,0.02,0.0,1.0,1.0,29848.0
0.0,2.0,11.0,9.0,46.0,46.0,0.0,0.0,0.0,0.0,0.0,0.0,0.0,98.0,0.0,0.0,0.0,0.0,1.0,0.0,0.01,255.0,254.0,1.0,0.01,0.01,0.0,0.0,0.0,0.0,0.0,114205.0
0.0,1.0,46.0,5.0,0.0,0.0,0.0,0.0,0.0,0.0,0.0,0.0,0.0,267.0,1.0,1.0,0.0,0.0,0.03,0.06,0.0,255.0,26.0,0.1,0.07,0.0,0.0,1.0,1.0,0.0,1.0,124828.0
0.0,1.0,22.0,1.0,0.0,0.0,0.0,0.0,0.0,0.0,0.0,0.0,0.0,296.0,0.0,0.0,1.0,1.0,0.06,0.05,0.0,255.0,19.0,0.07,0.06,0.0,0.0,0.0,0.0,1.0,1.0,1755.0
0.0,1.0,16.0,2.0,0.0,0.0,0.0,0.0,0.0,0.0,0.0,0.0,0.0,133.0,0.0,0.0,1.0,1.0,0.14,0.06,0.0,255.0,19.0,0.07,0.06,0.0,0.0,0.0,0.0,1.0,1.0,66832.0
0.0,0.0,13.0,9.0,8.0,0.0,0.0,0.0,0.0,0.0,0.0,0.0,0.0,1.0,0.0,0.0,0.0,0.0,1.0,0.0,1.0,2.0,129.0,1.0,0.0,1.0,0.5,0.0,0.0,0.0,1.0,124989.0
0.0,1.0,36.0,5.0,0.0,0.0,0.0,0.0,0.0,0.0,0.0,0.0,0.0,123.0,1.0,1.0,0.0,0.0,0.15,0.07,0.0,255.0,18.0,0.07,0.08,0.0,0.0,1.0,1.0,0.0,1.0,98408.0
0.0,1.0,46.0,1.0,0.0,0.0,0.0,0.0,0.0,0.0,0.0,0.0,0.0,156.0,0.0,0.0,1.0,1.0,0.04,0.06,0.0,255.0,6.0,0.02,0.08,0.0,0.0,0.0,0.0,1.0,1.0,34694.0
0.0,1.0,46.0,5.0,0.0,0.0,0.0,0.0,0.0,0.0,0.0,0.0,0.0,75.0,1.0,1.0,0.0,0.0,0.03,0.07,0.0,255.0,2.0,0.01,0.07,0.0,0.0,1.0,1.0,0.0,1.0,17781.0
0.0,2.0,46.0,9.0,1.0,0.0,0.0,0.0,0.0,0.0,0.0,0.0,0.0,6.0,0.0,0.0,0.0,0.0,0.83,0.33,0.0,255.0,5.0,0.02,0.23,1.0,0.0,0.0,0.0,0.0,1.0,84212.0
0.0,0.0,14.0,9.0,1032.0,0.0,0.0,0.0,0.0,0.0,0.0,0.0,0.0,511.0,0.0,0.0,0.0,0.0,1.0,0.0,0.0,255.0,118.0,0.46,0.02,0.46,0.0,0.01,0.0,0.0,1.0,98419.0
0.0,1.0,19.0,9.0,59.0,0.0,0.0,0.0,1.0,0.0,0.0,0.0,0.0,12.0,0.0,0.0,0.0,0.0,1.0,0.0,0.0,87.0,44.0,0.51,0.03,0.51,0.0,0.0,0.0,0.0,0.0,8711.0
306.0,2.0,41.0,9.0,147.0,105.0,0.0,0.0,0.0,0.0,0.0,0.0,0.0,1.0,0.0,0.0,0.0,0.0,1.0,0.0,0.0,255.0,2.0,0.01,0.76,0.92,0.0,0.0,0.0,0.0,0.0,123291.0
0.0,1.0,3.0,1.0,0.0,0.0,0.0,0.0,0.0,0.0,0.0,0.0,0.0,232.0,0.0,0.0,1.0,1.0,0.03,0.06,0.0,255.0,8.0,0.03,0.07,0.0,0.0,0.0,0.0,1.0,1.0,48552.0
0.0,1.0,35.0,5.0,0.0,0.0,0.0,0.0,0.0,0.0,0.0,0.0,0.0,255.0,1.0,1.0,0.0,0.0,0.06,0.06,0.0,255.0,15.0,0.06,0.06,0.0,0.0,1.0,1.0,0.0,1.0,43839.0
0.0,1.0,46.0,5.0,0.0,0.0,0.0,0.0,0.0,0.0,0.0,0.0,0.0,272.0,1.0,1.0,0.0,0.0,0.02,0.06,0.0,255.0,7.0,0.03,0.07,0.0,0.0,1.0,1.0,0.0,1.0,120384.0
0.0,1.0,46.0,5.0,0.0,0.0,0.0,0.0,0.0,0.0,0.0,0.0,0.0,254.0,1.0,1.0,0.0,0.0,0.02,0.06,0.0,255.0,6.0,0.02,0.05,0.0,0.0,1.0,1.0,0.0,1.0,35066.0
0.0,1.0,46.0,4.0,0.0,0.0,0.0,0.0,0.0,0.0,0.0,0.0,0.0,1.0,0.0,0.0,1.0,1.0,1.0,0.0,0.0,251.0,1.0,0.0,0.27,0.52,0.0,0.0,0.0,1.0,1.0,121805.0
0.0,0.0,13.0,9.0,18.0,0.0,0.0,0.0,0.0,0.0,0.0,0.0,0.0,1.0,0.0,0.0,0.0,0.0,1.0,0.0,0.0,1.0,81.0,1.0,0.0,1.0,1.0,0.0,0.0,0.0,1.0,95120.0
0.0,1.0,17.0,5.0,0.0,0.0,0.0,0.0,0.0,0.0,0.0,0.0,0.0,21.0,1.0,1.0,0.0,0.0,0.24,0.19,0.0,255.0,63.0,0.25,0.02,0.02,0.0,1.0,1.0,0.0,1.0,68495.0
0.0,1.0,46.0,1.0,0.0,0.0,0.0,0.0,0.0,0.0,0.0,0.0,0.0,328.0,0.0,0.0,1.0,1.0,0.0,0.52,0.0,255.0,1.0,0.0,0.52,1.0,0.0,0.0,0.0,1.0,1.0,31570.0
1531.0,2.0,41.0,9.0,146.0,105.0,0.0,0.0,0.0,0.0,0.0,0.0,0.0,2.0,0.0,0.0,0.0,0.0,1.0,0.0,0.0,255.0,2.0,0.01,0.41,0.73,0.0,0.0,0.0,0.0,0.0,100647.0
0.0,1.0,46.0,5.0,0.0,0.0,0.0,0.0,0.0,0.0,0.0,0.0,0.0,76.0,1.0,1.0,0.0,0.0,0.28,0.07,0.0,255.0,21.0,0.08,0.05,0.0,0.0,1.0,1.0,0.0,1.0,121358.0
0.0,1.0,46.0,5.0,0.0,0.0,0.0,0.0,0.0,0.0,0.0,0.0,0.0,100.0,1.0,1.0,0.0,0.0,0.12,0.06,0.0,255.0,2.0,0.01,0.07,0.0,0.0,1.0,1.0,0.0,1.0,48830.0
0.0,1.0,54.0,5.0,0.0,0.0,0.0,0.0,0.0,0.0,0.0,0.0,0.0,137.0,1.0,1.0,0.0,0.0,0.06,0.06,0.0,255.0,2.0,0.01,0.07,0.0,0.0,1.0,1.0,0.0,1.0,113305.0
0.0,2.0,41.0,9.0,1.0,0.0,0.0,0.0,0.0,0.0,0.0,0.0,0.0,15.0,0.0,0.0,0.0,0.0,0.13,0.67,0.0,255.0,2.0,0.01,0.2,1.0,0.0,0.0,0.0,0.0,1.0,43770.0
0.0,1.0,46.0,5.0,0.0,0.0,0.0,0.0,0.0,0.0,0.0,0.0,0.0,263.0,1.0,1.0,0.0,0.0,0.06,0.05,0.0,255.0,15.0,0.06,0.06,0.0,0.0,1.0,1.0,0.0,1.0,43584.0
0.0,1.0,15.0,1.0,0.0,0.0,0.0,0.0,0.0,0.0,0.0,0.0,0.0,128.0,0.0,0.0,1.0,1.0,0.02,0.06,0.0,255.0,2.0,0.01,0.07,0.0,0.0,0.0,0.0,1.0,1.0,48821.0
0.0,0.0,14.0,9.0,520.0,0.0,0.0,0.0,0.0,0.0,0.0,0.0,0.0,189.0,0.0,0.0,0.0,0.0,1.0,0.0,0.0,255.0,255.0,1.0,0.0,1.0,0.0,0.0,0.0,0.0,1.0,104729.0
0.0,1.0,36.0,5.0,0.0,0.0,0.0,0.0,0.0,0.0,0.0,0.0,0.0,300.0,1.0,1.0,0.0,0.0,0.08,0.05,0.0,255.0,25.0,0.1,0.05,0.0,0.0,1.0,1.0,0.0,1.0,79048.0
0.0,1.0,2.0,1.0,0.0,0.0,0.0,0.0,0.0,0.0,0.0,0.0,0.0,239.0,0.0,0.0,1.0,1.0,0.07,0.07,0.0,255.0,17.0,0.07,0.07,0.0,0.0,0.0,0.0,1.0,1.0,122980.0
0.0,1.0,34.0,5.0,0.0,0.0,0.0,0.0,0.0,0.0,0.0,0.0,0.0,244.0,1.0,1.0,0.0,0.0,0.09,0.05,0.0,255.0,22.0,0.09,0.05,0.0,0.0,1.0,1.0,0.0,1.0,23535.0
0.0,1.0,10.0,5.0,0.0,0.0,0.0,0.0,0.0,0.0,0.0,0.0,0.0,112.0,1.0,1.0,0.0,0.0,0.11,0.06,0.0,255.0,12.0,0.05,0.08,0.0,0.0,1.0,1.0,0.0,1.0,12202.0
0.0,0.0,13.0,9.0,8.0,0.0,0.0,0.0,0.0,0.0,0.0,0.0,0.0,1.0,0.0,0.0,0.0,0.0,1.0,0.0,1.0,4.0,80.0,1.0,0.0,1.0,0.25,0.0,0.0,0.0,1.0,54953.0
0.0,1.0,46.0,5.0,0.0,0.0,0.0,0.0,0.0,0.0,0.0,0.0,0.0,138.0,1.0,1.0,0.0,0.0,0.11,0.07,0.0,255.0,8.0,0.03,0.07,0.0,0.0,1.0,1.0,0.0,1.0,43719.0
0.0,1.0,27.0,1.0,0.0,0.0,0.0,0.0,0.0,0.0,0.0,0.0,0.0,102.0,0.0,0.0,1.0,1.0,0.09,0.06,0.0,255.0,9.0,0.04,0.07,0.0,0.0,0.0,0.0,1.0,1.0,47371.0
0.0,1.0,63.0,5.0,0.0,0.0,0.0,0.0,0.0,0.0,0.0,0.0,0.0,65.0,1.0,1.0,0.0,0.0,0.29,0.08,0.0,255.0,19.0,0.07,0.08,0.0,0.0,1.0,1.0,0.0,1.0,65312.0
0.0,0.0,60.0,9.0,36.0,0.0,0.0,0.0,0.0,0.0,0.0,0.0,0.0,1.0,0.0,0.0,0.0,0.0,1.0,0.0,0.0,255.0,57.0,0.22,0.03,0.22,0.0,0.0,0.0,0.0,0.0,57861.0
0.0,1.0,15.0,5.0,0.0,0.0,0.0,0.0,0.0,0.0,0.0,0.0,0.0,139.0,1.0,1.0,0.0,0.0,0.11,0.05,0.0,255.0,15.0,0.06,0.05,0.0,0.0,1.0,1.0,0.0,1.0,114451.0
0.0,1.0,51.0,5.0,0.0,0.0,0.0,0.0,0.0,0.0,0.0,0.0,0.0,8.0,1.0,0.8,0.0,0.0,1.0,0.0,0.3,150.0,133.0,0.45,0.01,0.01,0.02,0.99,0.51,0.0,1.0,105339.0
0.0,0.0,13.0,9.0,30.0,0.0,0.0,0.0,0.0,0.0,0.0,0.0,0.0,9.0,0.0,0.0,0.0,0.0,0.11,0.33,0.0,255.0,4.0,0.02,0.01,0.07,0.0,0.0,0.0,0.0,0.0,73449.0
0.0,1.0,4.0,5.0,0.0,0.0,0.0,0.0,0.0,0.0,0.0,0.0,0.0,292.0,1.0,1.0,0.0,0.0,0.05,0.06,0.0,255.0,5.0,0.02,0.07,0.0,0.0,1.0,1.0,0.0,1.0,37170.0
0.0,1.0,5.0,5.0,0.0,0.0,0.0,0.0,0.0,0.0,0.0,0.0,0.0,110.0,1.0,1.0,0.0,0.0,0.02,0.07,0.0,255.0,2.0,0.01,0.07,0.0,0.0,1.0,1.0,0.0,1.0,11709.0
0.0,2.0,11.0,9.0,45.0,71.0,0.0,0.0,0.0,0.0,0.0,0.0,0.0,117.0,0.0,0.0,0.0,0.0,0.99,0.02,0.0,255.0,254.0,1.0,0.01,0.01,0.0,0.0,0.0,0.0,0.0,79714.0
0.0,0.0,61.0,9.0,65.0,0.0,0.0,0.0,0.0,0.0,0.0,0.0,0.0,9.0,0.0,0.0,0.0,0.0,0.22,0.22,0.0,255.0,16.0,0.06,0.01,0.06,0.0,0.0,0.0,0.0,0.0,232.0
0.0,1.0,46.0,5.0,0.0,0.0,0.0,0.0,0.0,0.0,0.0,0.0,0.0,209.0,1.0,1.0,0.0,0.0,0.02,0.06,0.0,255.0,2.0,0.01,0.06,0.0,0.0,1.0,1.0,0.0,1.0,107997.0
0.0,1.0,22.0,5.0,0.0,0.0,0.0,0.0,0.0,0.0,0.0,0.0,0.0,73.0,1.0,1.0,0.0,0.0,0.25,0.05,0.0,255.0,58.0,0.23,0.02,0.02,0.0,1.0,1.0,0.0,1.0,23809.0
0.0,1.0,20.0,5.0,0.0,0.0,0.0,0.0,0.0,0.0,0.0,0.0,0.0,272.0,1.0,1.0,0.0,0.0,0.07,0.06,0.0,255.0,1.0,0.0,0.09,0.0,0.0,1.0,1.0,0.0,1.0,70554.0
0.0,2.0,11.0,9.0,45.0,76.0,0.0,0.0,0.0,0.0,0.0,0.0,0.0,169.0,0.0,0.0,0.0,0.0,1.0,0.0,0.01,255.0,229.0,0.9,0.01,0.01,0.0,0.0,0.0,0.0,0.0,53219.0
0.0,1.0,46.0,5.0,0.0,0.0,0.0,0.0,0.0,0.0,0.0,0.0,0.0,299.0,1.0,1.0,0.0,0.0,0.04,0.06,0.0,255.0,5.0,0.02,0.07,0.0,0.0,1.0,1.0,0.0,1.0,28051.0
0.0,1.0,49.0,5.0,0.0,0.0,0.0,0.0,0.0,0.0,0.0,0.0,0.0,129.0,1.0,1.0,0.0,0.0,0.01,0.07,0.0,255.0,1.0,0.0,0.06,0.0,0.0,1.0,1.0,0.0,1.0,77247.0
0.0,1.0,34.0,5.0,0.0,0.0,0.0,0.0,0.0,0.0,0.0,0.0,0.0,102.0,1.0,1.0,0.0,0.0,0.02,0.07,0.0,255.0,2.0,0.01,0.08,0.0,0.0,1.0,1.0,0.0,1.0,8880.0
0.0,1.0,25.0,5.0,0.0,0.0,0.0,0.0,0.0,0.0,0.0,0.0,0.0,271.0,1.0,1.0,0.0,0.0,0.07,0.04,0.0,255.0,18.0,0.07,0.05,0.0,0.0,1.0,1.0,0.0,1.0,76467.0
0.0,1.0,6.0,5.0,0.0,0.0,0.0,0.0,0.0,0.0,0.0,0.0,0.0,260.0,1.0,1.0,0.0,0.0,0.01,0.05,0.0,255.0,2.0,0.01,0.05,0.0,0.0,1.0,1.0,0.0,1.0,32958.0
0.0,1.0,46.0,5.0,0.0,0.0,0.0,0.0,0.0,0.0,0.0,0.0,0.0,205.0,1.0,1.0,0.0,0.0,0.06,0.07,0.0,255.0,13.0,0.05,0.06,0.0,0.0,1.0,1.0,0.0,1.0,40554.0
0.0,1.0,4.0,5.0,0.0,0.0,0.0,0.0,0.0,0.0,0.0,0.0,0.0,262.0,1.0,1.0,0.0,0.0,0.05,0.05,0.0,255.0,12.0,0.05,0.05,0.0,0.0,1.0,1.0,0.0,1.0,32139.0
0.0,0.0,13.0,9.0,8.0,0.0,0.0,0.0,0.0,0.0,0.0,0.0,0.0,1.0,0.0,0.0,0.0,0.0,1.0,0.0,1.0,1.0,177.0,1.0,0.0,1.0,0.25,0.0,0.0,0.0,1.0,103088.0
0.0,1.0,46.0,5.0,0.0,0.0,0.0,0.0,0.0,0.0,0.0,0.0,0.0,87.0,1.0,1.0,0.0,0.0,0.22,0.06,0.0,255.0,19.0,0.07,0.07,0.0,0.0,1.0,1.0,0.0,1.0,31453.0
0.0,1.0,46.0,1.0,0.0,0.0,0.0,0.0,0.0,0.0,0.0,0.0,0.0,140.0,0.0,0.0,1.0,1.0,0.09,0.06,0.0,165.0,12.0,0.07,0.07,0.01,0.0,0.0,0.0,1.0,1.0,111683.0
0.0,0.0,14.0,9.0,520.0,0.0,0.0,0.0,0.0,0.0,0.0,0.0,0.0,157.0,0.0,0.0,0.0,0.0,1.0,0.0,0.0,255.0,255.0,1.0,0.0,1.0,0.0,0.0,0.0,0.0,1.0,64558.0
0.0,1.0,46.0,5.0,0.0,0.0,0.0,0.0,0.0,0.0,0.0,0.0,0.0,244.0,1.0,1.0,0.0,0.0,0.06,0.06,0.0,255.0,6.0,0.02,0.07,0.0,0.0,1.0,1.0,0.0,1.0,54217.0
0.0,1.0,38.0,5.0,0.0,0.0,0.0,0.0,0.0,0.0,0.0,0.0,0.0,129.0,1.0,1.0,0.0,0.0,0.04,0.07,0.0,255.0,5.0,0.02,0.06,0.0,0.0,1.0,1.0,0.0,1.0,84818.0
0.0,2.0,46.0,9.0,1.0,0.0,0.0,0.0,0.0,0.0,0.0,0.0,0.0,9.0,0.0,0.0,0.0,0.0,0.67,0.22,0.0,255.0,6.0,0.02,0.96,0.05,0.0,0.03,0.0,0.0,1.0,13981.0
0.0,1.0,52.0,5.0,0.0,0.0,0.0,0.0,0.0,0.0,0.0,0.0,0.0,243.0,1.0,1.0,0.0,0.0,0.04,0.06,0.0,255.0,9.0,0.04,0.07,0.0,0.0,1.0,1.0,0.0,1.0,27759.0
0.0,1.0,27.0,1.0,0.0,0.0,0.0,0.0,0.0,0.0,0.0,0.0,0.0,100.0,0.0,0.0,1.0,1.0,0.07,0.08,0.0,255.0,7.0,0.03,0.06,0.0,0.0,0.0,0.0,1.0,1.0,28869.0
0.0,1.0,29.0,1.0,0.0,0.0,0.0,0.0,0.0,0.0,0.0,0.0,0.0,269.0,0.0,0.0,1.0,1.0,0.02,0.06,0.0,255.0,6.0,0.02,0.07,0.0,0.0,0.0,0.0,1.0,1.0,61740.0
0.0,1.0,59.0,2.0,0.0,0.0,0.0,0.0,0.0,0.0,0.0,0.0,0.0,168.0,0.0,0.0,1.0,1.0,0.01,0.07,0.0,255.0,2.0,0.01,0.07,0.0,0.0,0.0,0.0,1.0,1.0,120515.0
0.0,1.0,46.0,5.0,0.0,0.0,0.0,0.0,0.0,0.0,0.0,0.0,0.0,218.0,1.0,1.0,0.0,0.0,0.03,0.07,0.0,255.0,6.0,0.02,0.08,0.0,0.0,1.0,1.0,0.0,1.0,88326.0
0.0,1.0,62.0,5.0,0.0,0.0,0.0,0.0,0.0,0.0,0.0,0.0,0.0,134.0,1.0,1.0,0.0,0.0,0.18,0.05,0.0,255.0,24.0,0.09,0.05,0.0,0.0,1.0,1.0,0.0,1.0,62015.0
0.0,1.0,4.0,5.0,0.0,0.0,0.0,0.0,0.0,0.0,0.0,0.0,0.0,177.0,1.0,1.0,0.0,0.0,0.1,0.06,0.0,255.0,17.0,0.07,0.05,0.0,0.0,1.0,1.0,0.0,1.0,100948.0
0.0,1.0,55.0,5.0,0.0,0.0,0.0,0.0,0.0,0.0,0.0,0.0,0.0,232.0,1.0,1.0,0.0,0.0,0.06,0.06,0.0,255.0,15.0,0.06,0.07,0.0,0.0,1.0,1.0,0.0,1.0,65895.0
0.0,1.0,52.0,5.0,0.0,0.0,0.0,0.0,0.0,0.0,0.0,0.0,0.0,139.0,1.0,1.0,0.0,0.0,0.14,0.06,0.0,255.0,19.0,0.07,0.07,0.0,0.0,1.0,1.0,0.0,1.0,94659.0
4.0,1.0,12.0,4.0,0.0,0.0,0.0,0.0,0.0,0.0,0.0,0.0,0.0,102.0,0.0,0.0,1.0,1.0,0.02,0.53,0.0,255.0,2.0,0.01,0.22,0.4,0.0,0.0,0.0,1.0,1.0,64028.0
0.0,1.0,46.0,5.0,0.0,0.0,0.0,0.0,0.0,0.0,0.0,0.0,0.0,107.0,1.0,1.0,0.0,0.0,0.03,0.08,0.0,255.0,3.0,0.01,0.08,0.0,0.0,1.0,1.0,0.0,1.0,42666.0
0.0,0.0,13.0,9.0,8.0,0.0,0.0,0.0,0.0,0.0,0.0,0.0,0.0,1.0,0.0,0.0,0.0,0.0,1.0,0.0,1.0,2.0,70.0,1.0,0.0,1.0,0.5,0.0,0.0,0.0,1.0,103215.0
0.0,1.0,22.0,9.0,292.0,165.0,0.0,0.0,1.0,0.0,0.0,0.0,0.0,27.0,0.0,0.0,0.0,0.0,1.0,0.0,0.0,255.0,255.0,1.0,0.0,0.0,0.0,0.0,0.0,0.0,0.0,65880.0
0.0,1.0,46.0,5.0,0.0,0.0,0.0,0.0,0.0,0.0,0.0,0.0,0.0,254.0,1.0,1.0,0.0,0.0,0.07,0.06,0.0,255.0,19.0,0.07,0.05,0.0,0.0,1.0,1.0,0.0,1.0,47942.0
0.0,1.0,46.0,5.0,0.0,0.0,0.0,0.0,0.0,0.0,0.0,0.0,0.0,57.0,1.0,1.0,0.0,0.0,0.04,0.09,0.0,255.0,7.0,0.03,0.07,0.0,0.0,1.0,1.0,0.0,1.0,76051.0
0.0,1.0,46.0,5.0,0.0,0.0,0.0,0.0,0.0,0.0,0.0,0.0,0.0,120.0,1.0,1.0,0.0,0.0,0.11,0.06,0.0,255.0,13.0,0.05,0.06,0.0,0.0,1.0,1.0,0.0,1.0,91228.0
0.0,0.0,13.0,9.0,8.0,0.0,0.0,0.0,0.0,0.0,0.0,0.0,0.0,1.0,0.0,0.0,0.0,0.0,1.0,0.0,1.0,1.0,129.0,1.0,0.0,1.0,0.51,0.0,0.0,0.0,1.0,20288.0
0.0,1.0,46.0,5.0,0.0,0.0,0.0,0.0,0.0,0.0,0.0,0.0,0.0,287.0,1.0,1.0,0.0,0.0,0.01,0.05,0.0,255.0,4.0,0.02,0.05,0.0,0.0,1.0,1.0,0.0,1.0,70606.0
0.0,1.0,26.0,1.0,0.0,0.0,0.0,0.0,0.0,0.0,0.0,0.0,0.0,229.0,0.0,0.0,1.0,1.0,0.01,0.07,0.0,255.0,3.0,0.01,0.08,0.0,0.0,0.0,0.0,1.0,1.0,1602.0
0.0,2.0,46.0,9.0,28.0,0.0,3.0,0.0,0.0,0.0,0.0,0.0,0.0,55.0,0.0,0.0,0.0,0.0,1.0,0.0,0.0,127.0,55.0,0.43,0.03,0.43,0.0,0.0,0.0,0.0,1.0,81489.0
0.0,1.0,22.0,5.0,0.0,0.0,0.0,0.0,0.0,0.0,0.0,0.0,0.0,202.0,1.0,1.0,0.0,0.0,0.01,0.06,0.0,255.0,9.0,0.04,0.08,0.0,0.0,1.0,1.0,0.0,1.0,47444.0
0.0,1.0,7.0,1.0,0.0,0.0,0.0,0.0,0.0,0.0,0.0,0.0,0.0,233.0,0.0,0.0,1.0,1.0,0.07,0.07,0.0,255.0,16.0,0.06,0.07,0.0,0.0,0.0,0.0,1.0,1.0,61902.0
0.0,1.0,5.0,5.0,0.0,0.0,0.0,0.0,0.0,0.0,0.0,0.0,0.0,135.0,1.0,1.0,0.0,0.0,0.17,0.05,0.0,255.0,23.0,0.09,0.05,0.0,0.0,1.0,1.0,0.0,1.0,55865.0
0.0,1.0,25.0,5.0,0.0,0.0,0.0,0.0,0.0,0.0,0.0,0.0,0.0,131.0,1.0,1.0,0.0,0.0,0.1,0.07,0.0,255.0,2.0,0.01,0.07,0.0,0.0,1.0,1.0,0.0,1.0,99181.0
0.0,1.0,5.0,5.0,0.0,0.0,0.0,0.0,0.0,0.0,0.0,0.0,0.0,143.0,1.0,1.0,0.0,0.0,0.13,0.05,0.0,255.0,19.0,0.07,0.06,0.0,0.0,1.0,1.0,0.0,1.0,55939.0
0.0,2.0,11.0,9.0,30.0,0.0,0.0,0.0,0.0,0.0,0.0,0.0,0.0,1.0,0.0,0.0,0.0,0.0,1.0,0.0,1.0,55.0,4.0,0.05,0.11,0.05,0.5,0.0,0.0,0.0,0.0,61869.0
1365.0,2.0,41.0,9.0,147.0,105.0,0.0,0.0,0.0,0.0,0.0,0.0,0.0,1.0,0.0,0.0,0.0,0.0,1.0,0.0,0.0,255.0,1.0,0.0,0.84,1.0,0.0,0.0,0.0,0.0,0.0,59071.0
0.0,1.0,46.0,5.0,0.0,0.0,0.0,0.0,0.0,0.0,0.0,0.0,0.0,206.0,1.0,1.0,0.0,0.0,0.06,0.07,0.0,255.0,27.0,0.11,0.07,0.0,0.0,1.0,1.0,0.0,1.0,60660.0
0.0,1.0,46.0,1.0,0.0,0.0,0.0,0.0,0.0,0.0,0.0,0.0,0.0,101.0,0.0,0.0,1.0,1.0,0.01,0.07,0.0,255.0,21.0,0.08,0.07,0.0,0.0,0.0,0.0,1.0,1.0,109591.0
0.0,1.0,55.0,1.0,0.0,0.0,0.0,0.0,0.0,0.0,0.0,0.0,0.0,230.0,0.0,0.0,1.0,1.0,0.07,0.07,0.0,255.0,16.0,0.06,0.07,0.0,0.0,0.0,0.0,1.0,1.0,121751.0
0.0,1.0,46.0,1.0,0.0,0.0,0.0,0.0,0.0,0.0,0.0,0.0,0.0,54.0,0.0,0.0,1.0,1.0,0.37,0.07,0.0,255.0,20.0,0.08,0.06,0.0,0.0,0.0,0.0,1.0,1.0,7656.0
0.0,1.0,37.0,5.0,0.0,0.0,0.0,0.0,0.0,0.0,0.0,0.0,0.0,287.0,1.0,1.0,0.0,0.0,0.09,0.05,0.0,255.0,25.0,0.1,0.05,0.0,0.0,1.0,1.0,0.0,1.0,11735.0
0.0,1.0,18.0,5.0,0.0,0.0,0.0,0.0,0.0,0.0,0.0,0.0,0.0,235.0,1.0,1.0,0.0,0.0,0.04,0.06,0.0,255.0,10.0,0.04,0.07,0.0,0.0,1.0,1.0,0.0,1.0,67315.0
0.0,2.0,11.0,9.0,30.0,0.0,0.0,0.0,0.0,0.0,0.0,0.0,0.0,1.0,0.0,0.0,0.0,0.0,1.0,0.0,0.38,255.0,16.0,0.06,0.2,0.06,0.0,0.0,0.0,0.0,0.0,108259.0
0.0,1.0,53.0,1.0,0.0,0.0,0.0,0.0,0.0,0.0,0.0,0.0,0.0,122.0,0.0,0.0,1.0,1.0,0.1,0.07,0.0,255.0,12.0,0.05,0.07,0.0,0.0,0.0,0.0,1.0,1.0,60664.0
0.0,1.0,46.0,5.0,0.0,0.0,0.0,0.0,0.0,0.0,0.0,0.0,0.0,234.0,1.0,1.0,0.0,0.0,0.04,0.06,0.0,255.0,10.0,0.04,0.09,0.0,0.0,1.0,1.0,0.0,1.0,63076.0
0.0,1.0,46.0,5.0,0.0,0.0,0.0,0.0,0.0,0.0,0.0,0.0,0.0,103.0,1.0,1.0,0.0,0.0,0.02,0.07,0.0,164.0,19.0,0.12,0.1,0.01,0.0,1.0,1.0,0.0,1.0,34453.0
0.0,1.0,22.0,1.0,0.0,0.0,0.0,0.0,0.0,0.0,0.0,0.0,0.0,1.0,0.0,0.0,1.0,1.0,1.0,0.0,0.0,44.0,229.0,1.0,0.0,0.02,0.13,0.0,0.0,0.93,0.0,85376.0
0.0,1.0,22.0,1.0,0.0,0.0,0.0,0.0,0.0,0.0,0.0,0.0,0.0,1.0,0.0,0.0,1.0,1.0,1.0,0.0,0.0,33.0,255.0,1.0,0.0,0.03,0.11,0.0,0.0,0.98,0.0,110223.0
0.0,1.0,18.0,5.0,0.0,0.0,0.0,0.0,0.0,0.0,0.0,0.0,0.0,280.0,1.0,1.0,0.0,0.0,0.04,0.06,0.0,255.0,11.0,0.04,0.08,0.0,0.0,1.0,1.0,0.0,1.0,31675.0
0.0,1.0,10.0,1.0,0.0,0.0,0.0,0.0,0.0,0.0,0.0,0.0,0.0,275.0,0.0,0.0,1.0,1.0,0.03,0.06,0.0,255.0,9.0,0.04,0.07,0.0,0.0,0.0,0.0,1.0,1.0,3526.0
0.0,1.0,46.0,5.0,0.0,0.0,0.0,0.0,0.0,0.0,0.0,0.0,0.0,109.0,1.0,1.0,0.0,0.0,0.08,0.06,0.0,255.0,4.0,0.02,0.08,0.0,0.0,1.0,1.0,0.0,1.0,42303.0
0.0,1.0,27.0,5.0,0.0,0.0,0.0,0.0,0.0,0.0,0.0,0.0,0.0,148.0,1.0,1.0,0.0,0.0,0.02,0.05,0.0,255.0,3.0,0.01,0.05,0.0,0.0,1.0,1.0,0.0,1.0,2408.0
0.0,1.0,17.0,2.0,0.0,0.0,0.0,0.0,0.0,0.0,0.0,0.0,0.0,138.0,0.0,0.0,1.0,1.0,0.09,0.07,0.0,255.0,13.0,0.05,0.07,0.0,0.0,0.0,0.0,1.0,1.0,100640.0
0.0,1.0,46.0,5.0,0.0,0.0,0.0,0.0,0.0,0.0,0.0,0.0,0.0,101.0,1.0,1.0,0.0,0.0,0.01,0.07,0.0,102.0,1.0,0.01,0.08,0.01,0.0,1.0,1.0,0.0,1.0,99810.0
0.0,1.0,26.0,5.0,0.0,0.0,0.0,0.0,0.0,0.0,0.0,0.0,0.0,268.0,1.0,1.0,0.0,0.0,0.0,0.06,0.0,255.0,2.0,0.01,0.07,0.0,0.0,1.0,1.0,0.0,1.0,96584.0
0.0,1.0,17.0,5.0,0.0,0.0,0.0,0.0,0.0,0.0,0.0,0.0,0.0,41.0,1.0,1.0,0.0,0.0,0.32,0.1,0.0,255.0,60.0,0.24,0.02,0.01,0.0,1.0,1.0,0.0,1.0,30790.0
0.0,1.0,62.0,5.0,0.0,0.0,0.0,0.0,0.0,0.0,0.0,0.0,0.0,143.0,1.0,1.0,0.0,0.0,0.12,0.06,0.0,255.0,17.0,0.07,0.07,0.0,0.0,1.0,1.0,0.0,1.0,45559.0
0.0,1.0,46.0,5.0,0.0,0.0,0.0,0.0,0.0,0.0,0.0,0.0,0.0,101.0,1.0,1.0,0.0,0.0,0.16,0.06,0.0,255.0,20.0,0.08,0.06,0.0,0.0,1.0,1.0,0.0,1.0,67618.0
0.0,2.0,46.0,9.0,1.0,0.0,0.0,0.0,0.0,0.0,0.0,0.0,0.0,2.0,0.0,0.0,0.0,0.0,1.0,0.0,0.0,255.0,2.0,0.01,0.42,0.77,0.0,0.0,0.0,0.0,1.0,96980.0
0.0,1.0,19.0,5.0,0.0,0.0,0.0,0.0,0.0,0.0,0.0,0.0,0.0,265.0,1.0,1.0,0.0,0.0,0.0,0.06,0.0,255.0,1.0,0.0,0.08,0.0,0.0,1.0,1.0,0.0,1.0,88998.0
0.0,1.0,5.0,1.0,0.0,0.0,0.0,0.0,0.0,0.0,0.0,0.0,0.0,119.0,0.0,0.0,1.0,1.0,0.14,0.07,0.0,255.0,17.0,0.07,0.06,0.0,0.0,0.0,0.0,1.0,1.0,97814.0
0.0,1.0,57.0,5.0,0.0,0.0,0.0,0.0,0.0,0.0,0.0,0.0,0.0,21.0,1.0,1.0,0.0,0.0,0.19,0.19,0.0,183.0,47.0,0.25,0.02,0.01,0.04,0.99,0.94,0.0,1.0,111138.0
0.0,1.0,41.0,5.0,0.0,0.0,0.0,0.0,0.0,0.0,0.0,0.0,0.0,511.0,0.14,1.0,0.85,0.0,0.0,1.0,0.0,255.0,1.0,0.0,1.0,0.0,0.0,0.19,1.0,0.0,1.0,68210.0
0.0,0.0,13.0,9.0,8.0,0.0,0.0,0.0,0.0,0.0,0.0,0.0,0.0,1.0,0.0,0.0,0.0,0.0,1.0,0.0,1.0,2.0,90.0,1.0,0.0,1.0,0.26,0.0,0.0,0.0,1.0,31313.0
0.0,1.0,41.0,1.0,0.0,0.0,0.0,0.0,0.0,0.0,0.0,0.0,0.0,328.0,0.09,0.0,0.9,1.0,0.0,1.0,0.0,255.0,1.0,0.0,1.0,0.0,0.0,0.09,0.0,1.0,1.0,88187.0
0.0,1.0,46.0,5.0,0.0,0.0,0.0,0.0,0.0,0.0,0.0,0.0,0.0,235.0,1.0,1.0,0.0,0.0,0.03,0.05,0.0,96.0,6.0,0.06,0.1,0.01,0.0,0.85,1.0,0.0,1.0,32492.0
0.0,2.0,11.0,9.0,43.0,69.0,0.0,0.0,0.0,0.0,0.0,0.0,0.0,142.0,0.0,0.0,0.0,0.0,1.0,0.0,0.0,255.0,249.0,0.98,0.01,0.01,0.0,0.0,0.0,0.0,0.0,97069.0
0.0,1.0,46.0,5.0,0.0,0.0,0.0,0.0,0.0,0.0,0.0,0.0,0.0,278.0,1.0,1.0,0.0,0.0,0.03,0.06,0.0,255.0,13.0,0.05,0.06,0.0,0.0,1.0,1.0,0.0,1.0,59175.0
0.0,1.0,46.0,1.0,0.0,0.0,0.0,0.0,0.0,0.0,0.0,0.0,0.0,285.0,0.03,0.0,0.95,1.0,0.0,1.0,0.0,255.0,1.0,0.0,0.97,0.0,0.0,0.04,0.0,1.0,1.0,114790.0
0.0,1.0,55.0,5.0,0.0,0.0,0.0,0.0,0.0,0.0,0.0,0.0,0.0,253.0,1.0,1.0,0.0,0.0,0.0,0.06,0.0,255.0,1.0,0.0,0.08,0.0,0.0,1.0,1.0,0.0,1.0,33651.0
0.0,1.0,29.0,5.0,0.0,0.0,0.0,0.0,0.0,0.0,0.0,0.0,0.0,217.0,1.0,1.0,0.0,0.0,0.06,0.06,0.0,255.0,13.0,0.05,0.06,0.0,0.0,1.0,1.0,0.0,1.0,123388.0
0.0,1.0,19.0,9.0,26.0,0.0,0.0,0.0,1.0,0.0,0.0,0.0,0.0,1.0,0.0,0.0,0.0,0.0,1.0,0.0,0.0,255.0,109.0,0.43,0.01,0.43,0.0,0.0,0.0,0.0,0.0,91094.0
0.0,1.0,62.0,5.0,0.0,0.0,0.0,0.0,0.0,0.0,0.0,0.0,0.0,131.0,1.0,1.0,0.0,0.0,0.04,0.07,0.0,255.0,5.0,0.02,0.06,0.0,0.0,1.0,1.0,0.0,1.0,68277.0
0.0,1.0,21.0,1.0,0.0,0.0,0.0,0.0,0.0,0.0,0.0,0.0,0.0,264.0,0.0,0.0,1.0,1.0,0.05,0.06,0.0,255.0,14.0,0.05,0.07,0.0,0.0,0.0,0.0,1.0,1.0,4996.0
0.0,1.0,46.0,5.0,0.0,0.0,0.0,0.0,0.0,0.0,0.0,0.0,0.0,216.0,1.0,1.0,0.0,0.0,0.01,0.06,0.0,255.0,2.0,0.01,0.05,0.0,0.0,1.0,1.0,0.0,1.0,50019.0
0.0,1.0,39.0,2.0,0.0,0.0,0.0,0.0,0.0,0.0,0.0,0.0,0.0,168.0,0.0,0.0,1.0,1.0,0.01,0.07,0.0,255.0,2.0,0.01,0.07,0.0,0.0,0.0,0.0,1.0,1.0,21923.0
0.0,1.0,46.0,5.0,0.0,0.0,0.0,0.0,0.0,0.0,0.0,0.0,0.0,236.0,1.0,1.0,0.0,0.0,0.06,0.07,0.0,255.0,20.0,0.08,0.07,0.0,0.0,1.0,1.0,0.0,1.0,13832.0
0.0,1.0,4.0,1.0,0.0,0.0,0.0,0.0,0.0,0.0,0.0,0.0,0.0,144.0,0.0,0.0,1.0,1.0,0.05,0.08,0.0,255.0,7.0,0.03,0.09,0.0,0.0,0.0,0.0,1.0,1.0,72942.0
0.0,1.0,22.0,1.0,0.0,0.0,0.0,0.0,0.0,0.0,0.0,0.0,0.0,1.0,0.0,0.0,1.0,1.0,1.0,0.0,0.0,23.0,106.0,1.0,0.0,0.04,0.2,0.0,0.0,1.0,0.0,23763.0
0.0,1.0,46.0,5.0,0.0,0.0,0.0,0.0,0.0,0.0,0.0,0.0,0.0,139.0,1.0,1.0,0.0,0.0,0.14,0.05,0.0,255.0,4.0,0.02,0.07,0.0,0.0,1.0,1.0,0.0,1.0,69687.0
14.0,1.0,8.0,4.0,0.0,0.0,0.0,0.0,0.0,0.0,0.0,0.0,0.0,1.0,0.0,0.0,1.0,1.0,1.0,0.0,0.0,255.0,1.0,0.0,0.07,0.05,0.0,0.0,0.0,1.0,1.0,30516.0
0.0,2.0,11.0,9.0,44.0,44.0,0.0,0.0,0.0,0.0,0.0,0.0,0.0,161.0,0.0,0.0,0.0,0.0,0.99,0.01,0.0,255.0,254.0,1.0,0.01,0.01,0.0,0.0,0.0,0.0,0.0,23688.0
0.0,1.0,46.0,5.0,0.0,0.0,0.0,0.0,0.0,0.0,0.0,0.0,0.0,124.0,1.0,1.0,0.0,0.0,0.1,0.07,0.0,255.0,14.0,0.05,0.07,0.0,0.0,1.0,1.0,0.0,1.0,15971.0
0.0,1.0,17.0,9.0,6.0,147.0,0.0,0.0,0.0,0.0,0.0,0.0,0.0,1.0,0.0,0.0,0.0,0.0,1.0,0.0,0.0,255.0,1.0,0.0,0.07,0.0,0.0,0.67,0.0,0.0,0.0,3972.0
0.0,1.0,46.0,1.0,0.0,0.0,0.0,0.0,0.0,0.0,0.0,0.0,0.0,251.0,0.0,0.0,1.0,1.0,0.05,0.06,0.0,255.0,12.0,0.05,0.09,0.0,0.0,0.0,0.0,1.0,1.0,55473.0
0.0,1.0,62.0,5.0,0.0,0.0,0.0,0.0,0.0,0.0,0.0,0.0,0.0,73.0,1.0,1.0,0.0,0.0,0.3,0.05,0.0,255.0,22.0,0.09,0.04,0.0,0.0,1.0,1.0,0.0,1.0,92788.0
0.0,1.0,54.0,5.0,0.0,0.0,0.0,0.0,0.0,0.0,0.0,0.0,0.0,52.0,1.0,1.0,0.0,0.0,0.21,0.12,0.0,255.0,11.0,0.04,0.08,0.0,0.0,1.0,1.0,0.0,1.0,45656.0
0.0,1.0,63.0,5.0,0.0,0.0,0.0,0.0,0.0,0.0,0.0,0.0,0.0,218.0,1.0,1.0,0.0,0.0,0.07,0.06,0.0,255.0,16.0,0.06,0.07,0.0,0.0,1.0,1.0,0.0,1.0,41192.0
0.0,1.0,46.0,5.0,0.0,0.0,0.0,0.0,0.0,0.0,0.0,0.0,0.0,261.0,1.0,1.0,0.0,0.0,0.05,0.06,0.0,255.0,14.0,0.05,0.08,0.0,0.0,1.0,1.0,0.0,1.0,26483.0
0.0,1.0,59.0,5.0,0.0,0.0,0.0,0.0,0.0,0.0,0.0,0.0,0.0,218.0,1.0,1.0,0.0,0.0,0.02,0.06,0.0,255.0,16.0,0.06,0.06,0.0,0.0,1.0,1.0,0.0,1.0,78340.0
0.0,1.0,16.0,2.0,0.0,0.0,0.0,0.0,0.0,0.0,0.0,0.0,0.0,120.0,0.0,0.0,1.0,1.0,0.06,0.07,0.0,255.0,7.0,0.03,0.07,0.0,0.0,0.0,0.0,1.0,1.0,10807.0
0.0,1.0,46.0,5.0,0.0,0.0,0.0,0.0,0.0,0.0,0.0,0.0,0.0,12.0,1.0,1.0,0.0,0.0,0.17,0.5,0.0,255.0,13.0,0.05,0.09,0.0,0.0,1.0,1.0,0.0,1.0,5546.0
0.0,2.0,11.0,9.0,46.0,46.0,0.0,0.0,0.0,0.0,0.0,0.0,0.0,141.0,0.0,0.0,0.0,0.0,0.99,0.01,0.01,255.0,254.0,1.0,0.01,0.01,0.0,0.0,0.0,0.0,0.0,16122.0
0.0,1.0,46.0,5.0,0.0,0.0,0.0,0.0,0.0,0.0,0.0,0.0,0.0,122.0,1.0,1.0,0.0,0.0,0.08,0.07,0.0,255.0,12.0,0.05,0.06,0.0,0.0,1.0,1.0,0.0,1.0,35702.0
0.0,1.0,17.0,5.0,0.0,0.0,0.0,0.0,0.0,0.0,0.0,0.0,0.0,32.0,0.94,1.0,0.06,0.0,0.31,0.12,0.0,255.0,10.0,0.04,0.06,0.01,0.0,1.0,1.0,0.0,1.0,113685.0
0.0,1.0,57.0,5.0,0.0,0.0,0.0,0.0,0.0,0.0,0.0,0.0,0.0,11.0,1.0,1.0,0.0,0.0,1.0,0.0,0.0,51.0,12.0,0.22,0.06,0.02,0.17,1.0,0.92,0.0,1.0,102408.0
0.0,1.0,49.0,5.0,0.0,0.0,0.0,0.0,0.0,0.0,0.0,0.0,0.0,212.0,1.0,1.0,0.0,0.0,0.05,0.06,0.0,255.0,11.0,0.04,0.06,0.0,0.0,1.0,1.0,0.0,1.0,43530.0
0.0,2.0,11.0,9.0,46.0,135.0,0.0,0.0,0.0,0.0,0.0,0.0,0.0,111.0,0.0,0.0,0.0,0.0,1.0,0.0,0.01,247.0,207.0,0.84,0.01,0.0,0.0,0.0,0.0,0.0,0.0,66957.0
0.0,1.0,25.0,1.0,0.0,0.0,0.0,0.0,0.0,0.0,0.0,0.0,0.0,269.0,0.0,0.0,1.0,1.0,0.03,0.06,0.0,255.0,8.0,0.03,0.09,0.0,0.0,0.0,0.0,1.0,1.0,101492.0
0.0,1.0,57.0,5.0,0.0,0.0,0.0,0.0,0.0,0.0,0.0,0.0,0.0,80.0,1.0,1.0,0.0,0.0,0.21,0.06,0.0,255.0,16.0,0.06,0.07,0.0,0.0,1.0,1.0,0.0,1.0,15609.0
0.0,1.0,8.0,5.0,0.0,0.0,0.0,0.0,0.0,0.0,0.0,0.0,0.0,255.0,1.0,1.0,0.0,0.0,0.03,0.07,0.0,255.0,7.0,0.03,0.07,0.0,0.0,1.0,1.0,0.0,1.0,63579.0
0.0,1.0,46.0,1.0,0.0,0.0,0.0,0.0,0.0,0.0,0.0,0.0,0.0,511.0,0.07,0.0,0.92,1.0,0.0,1.0,0.0,255.0,1.0,0.0,1.0,0.0,0.0,0.13,0.0,1.0,1.0,22483.0
0.0,1.0,22.0,5.0,0.0,0.0,0.0,0.0,0.0,0.0,0.0,0.0,0.0,13.0,1.0,1.0,0.0,0.0,0.62,0.23,0.0,255.0,56.0,0.22,0.02,0.01,0.0,1.0,1.0,0.0,1.0,62169.0
0.0,1.0,49.0,1.0,0.0,0.0,0.0,0.0,0.0,0.0,0.0,0.0,0.0,275.0,0.0,0.0,1.0,1.0,0.03,0.06,0.0,255.0,9.0,0.04,0.07,0.0,0.0,0.0,0.0,1.0,1.0,69941.0
0.0,2.0,46.0,9.0,1.0,0.0,0.0,0.0,0.0,0.0,0.0,0.0,0.0,10.0,0.0,0.0,0.0,0.0,0.2,0.4,0.0,255.0,2.0,0.01,0.22,1.0,0.0,0.0,0.0,0.0,1.0,97039.0
0.0,1.0,2.0,5.0,0.0,0.0,0.0,0.0,0.0,0.0,0.0,0.0,0.0,154.0,1.0,1.0,0.0,0.0,0.08,0.08,0.0,255.0,13.0,0.05,0.07,0.0,0.0,1.0,1.0,0.0,1.0,110903.0
0.0,0.0,13.0,9.0,8.0,0.0,0.0,0.0,0.0,0.0,0.0,0.0,0.0,1.0,0.0,0.0,0.0,0.0,1.0,0.0,1.0,1.0,255.0,1.0,0.0,1.0,0.25,0.0,0.0,0.0,1.0,74773.0
0.0,1.0,63.0,5.0,0.0,0.0,0.0,0.0,0.0,0.0,0.0,0.0,0.0,253.0,1.0,1.0,0.0,0.0,0.02,0.06,0.0,255.0,5.0,0.02,0.07,0.0,0.0,1.0,1.0,0.0,1.0,123674.0
0.0,1.0,46.0,5.0,0.0,0.0,0.0,0.0,0.0,0.0,0.0,0.0,0.0,256.0,1.0,1.0,0.0,0.0,0.05,0.05,0.0,255.0,9.0,0.04,0.08,0.0,0.0,1.0,1.0,0.0,1.0,7085.0
0.0,1.0,55.0,5.0,0.0,0.0,0.0,0.0,0.0,0.0,0.0,0.0,0.0,115.0,1.0,1.0,0.0,0.0,0.17,0.05,0.0,255.0,19.0,0.07,0.05,0.0,0.0,1.0,1.0,0.0,1.0,108951.0
0.0,0.0,61.0,9.0,78.0,0.0,0.0,0.0,0.0,0.0,0.0,0.0,0.0,20.0,0.0,0.0,0.0,0.0,0.4,0.1,0.0,255.0,16.0,0.06,0.01,0.06,0.0,0.0,0.0,0.0,0.0,345.0
0.0,1.0,46.0,5.0,0.0,0.0,0.0,0.0,0.0,0.0,0.0,0.0,0.0,120.0,1.0,1.0,0.0,0.0,0.03,0.07,0.0,255.0,4.0,0.02,0.09,0.0,0.0,1.0,1.0,0.0,1.0,24824.0
0.0,1.0,22.0,5.0,0.0,0.0,0.0,0.0,0.0,0.0,0.0,0.0,0.0,52.0,1.0,1.0,0.0,0.0,0.33,0.08,0.0,134.0,37.0,0.28,0.03,0.01,0.0,0.99,1.0,0.0,1.0,27411.0
0.0,2.0,46.0,9.0,28.0,0.0,3.0,0.0,0.0,0.0,0.0,0.0,0.0,3.0,0.0,0.0,0.0,0.0,1.0,0.0,0.0,75.0,3.0,0.04,0.05,0.04,0.0,0.0,0.0,0.0,1.0,122451.0
0.0,1.0,46.0,1.0,0.0,0.0,0.0,0.0,0.0,0.0,0.0,0.0,0.0,201.0,0.0,0.0,1.0,1.0,0.08,0.07,0.0,255.0,17.0,0.07,0.06,0.0,0.0,0.0,0.0,1.0,1.0,104714.0
0.0,1.0,4.0,5.0,0.0,0.0,0.0,0.0,0.0,0.0,0.0,0.0,0.0,126.0,1.0,1.0,0.0,0.0,0.03,0.07,0.0,255.0,3.0,0.01,0.07,0.0,0.0,1.0,1.0,0.0,1.0,103216.0
0.0,1.0,27.0,5.0,0.0,0.0,0.0,0.0,0.0,0.0,0.0,0.0,0.0,52.0,1.0,1.0,0.0,0.0,0.31,0.06,0.0,255.0,16.0,0.06,0.04,0.0,0.0,1.0,1.0,0.0,1.0,119034.0
0.0,1.0,41.0,1.0,0.0,0.0,0.0,0.0,0.0,0.0,0.0,0.0,0.0,509.0,0.22,0.0,0.76,1.0,0.0,1.0,0.0,255.0,1.0,0.0,1.0,0.0,0.0,0.18,0.0,1.0,1.0,53959.0
5849.0,2.0,41.0,9.0,147.0,105.0,0.0,0.0,0.0,0.0,0.0,0.0,0.0,2.0,0.0,0.0,0.0,0.0,1.0,0.0,0.0,255.0,2.0,0.01,0.57,0.88,0.0,0.0,0.0,0.0,0.0,23686.0
0.0,2.0,46.0,9.0,1.0,0.0,0.0,0.0,0.0,0.0,0.0,0.0,0.0,18.0,0.0,0.0,0.0,0.0,0.17,0.22,0.0,255.0,47.0,0.18,0.29,1.0,0.0,0.0,0.0,0.0,1.0,39746.0
0.0,1.0,46.0,5.0,0.0,0.0,0.0,0.0,0.0,0.0,0.0,0.0,0.0,175.0,1.0,1.0,0.0,0.0,0.03,0.07,0.0,255.0,16.0,0.06,0.06,0.0,0.0,1.0,1.0,0.0,1.0,86486.0
0.0,1.0,46.0,5.0,0.0,0.0,0.0,0.0,0.0,0.0,0.0,0.0,0.0,242.0,1.0,1.0,0.0,0.0,0.07,0.05,0.0,255.0,17.0,0.07,0.06,0.0,0.0,1.0,1.0,0.0,1.0,78494.0
0.0,2.0,11.0,9.0,45.0,45.0,0.0,0.0,0.0,0.0,0.0,0.0,0.0,124.0,0.0,0.0,0.0,0.0,1.0,0.0,0.02,255.0,230.0,0.9,0.01,0.01,0.0,0.0,0.0,0.0,0.0,24885.0
0.0,1.0,46.0,5.0,0.0,0.0,0.0,0.0,0.0,0.0,0.0,0.0,0.0,127.0,0.99,1.0,0.0,0.0,0.11,0.06,0.0,255.0,14.0,0.05,0.05,0.0,0.0,1.0,1.0,0.0,1.0,23551.0
0.0,2.0,46.0,9.0,1.0,0.0,0.0,0.0,0.0,0.0,0.0,0.0,0.0,18.0,0.0,0.0,0.0,0.0,0.89,0.17,0.0,255.0,16.0,0.06,0.75,0.29,0.0,0.1,0.0,0.0,1.0,5891.0
0.0,1.0,6.0,5.0,0.0,0.0,0.0,0.0,0.0,0.0,0.0,0.0,0.0,115.0,1.0,1.0,0.0,0.0,0.12,0.08,0.0,255.0,14.0,0.05,0.07,0.0,0.0,1.0,1.0,0.0,1.0,109217.0
20963.0,1.0,46.0,4.0,1.0,0.0,0.0,0.0,0.0,0.0,0.0,0.0,0.0,2.0,0.0,0.0,1.0,1.0,1.0,0.0,0.0,255.0,2.0,0.01,0.62,1.0,0.0,0.0,0.0,1.0,1.0,82965.0
0.0,1.0,46.0,1.0,0.0,0.0,0.0,0.0,0.0,0.0,0.0,0.0,0.0,103.0,0.0,0.0,1.0,1.0,0.07,0.08,0.0,255.0,7.0,0.03,0.07,0.0,0.0,0.0,0.0,1.0,1.0,74918.0
0.0,1.0,9.0,5.0,0.0,0.0,0.0,0.0,0.0,0.0,0.0,0.0,0.0,199.0,1.0,1.0,0.0,0.0,0.06,0.07,0.0,255.0,11.0,0.04,0.06,0.0,0.0,1.0,1.0,0.0,1.0,114453.0
0.0,1.0,19.0,9.0,12.0,0.0,0.0,0.0,1.0,0.0,0.0,0.0,0.0,1.0,0.0,0.0,0.0,0.0,1.0,0.0,0.0,200.0,48.0,0.15,0.03,0.15,0.04,0.0,0.0,0.0,0.0,13432.0
0.0,1.0,46.0,5.0,0.0,0.0,0.0,0.0,0.0,0.0,0.0,0.0,0.0,123.0,1.0,1.0,0.0,0.0,0.07,0.07,0.0,255.0,8.0,0.03,0.06,0.0,0.0,1.0,1.0,0.0,1.0,10069.0
0.0,1.0,46.0,1.0,0.0,0.0,0.0,0.0,0.0,0.0,0.0,0.0,0.0,88.0,0.0,0.0,1.0,1.0,0.16,0.06,0.0,255.0,14.0,0.05,0.06,0.0,0.0,0.0,0.0,1.0,1.0,49844.0
0.0,1.0,54.0,5.0,0.0,0.0,0.0,0.0,0.0,0.0,0.0,0.0,0.0,133.0,1.0,1.0,0.0,0.0,0.13,0.06,0.0,255.0,13.0,0.05,0.07,0.0,0.0,1.0,1.0,0.0,1.0,65688.0
0.0,1.0,31.0,5.0,0.0,0.0,0.0,0.0,0.0,0.0,0.0,0.0,0.0,106.0,1.0,1.0,0.0,0.0,0.23,0.06,0.0,255.0,24.0,0.09,0.06,0.0,0.0,1.0,1.0,0.0,1.0,19988.0
0.0,0.0,14.0,9.0,520.0,0.0,0.0,0.0,0.0,0.0,0.0,0.0,0.0,184.0,0.0,0.0,0.0,0.0,1.0,0.0,0.0,255.0,255.0,1.0,0.0,1.0,0.0,0.0,0.0,0.0,1.0,25607.0
0.0,1.0,46.0,1.0,0.0,0.0,0.0,0.0,0.0,0.0,0.0,0.0,0.0,15.0,0.0,0.0,1.0,1.0,0.4,0.13,0.0,255.0,26.0,0.1,0.06,0.0,0.0,0.0,0.0,1.0,1.0,15816.0
0.0,1.0,26.0,1.0,0.0,0.0,0.0,0.0,0.0,0.0,0.0,0.0,0.0,254.0,0.0,0.0,1.0,1.0,0.06,0.07,0.0,255.0,14.0,0.05,0.07,0.0,0.0,0.0,0.0,1.0,1.0,109066.0
0.0,1.0,46.0,5.0,0.0,0.0,0.0,0.0,0.0,0.0,0.0,0.0,0.0,19.0,1.0,1.0,0.0,0.0,0.11,0.16,0.0,255.0,15.0,0.06,0.07,0.0,0.0,1.0,1.0,0.0,1.0,105225.0
0.0,1.0,8.0,5.0,0.0,0.0,0.0,0.0,0.0,0.0,0.0,0.0,0.0,139.0,1.0,1.0,0.0,0.0,0.02,0.08,0.0,255.0,3.0,0.01,0.07,0.0,0.0,1.0,1.0,0.0,1.0,50715.0
0.0,1.0,46.0,5.0,0.0,0.0,0.0,0.0,0.0,0.0,0.0,0.0,0.0,188.0,1.0,1.0,0.0,0.0,0.04,0.06,0.0,255.0,18.0,0.07,0.07,0.0,0.0,1.0,1.0,0.0,1.0,64045.0
0.0,1.0,3.0,5.0,0.0,0.0,0.0,0.0,0.0,0.0,0.0,0.0,0.0,293.0,1.0,1.0,0.0,0.0,0.08,0.05,0.0,255.0,24.0,0.09,0.05,0.0,0.0,1.0,1.0,0.0,1.0,101055.0
0.0,1.0,57.0,5.0,0.0,0.0,0.0,0.0,0.0,0.0,0.0,0.0,0.0,21.0,1.0,1.0,0.0,0.0,0.1,0.19,0.0,255.0,62.0,0.24,0.03,0.0,0.0,1.0,1.0,0.0,1.0,54714.0
0.0,1.0,8.0,5.0,0.0,0.0,0.0,0.0,0.0,0.0,0.0,0.0,0.0,264.0,1.0,1.0,0.0,0.0,0.03,0.06,0.0,255.0,8.0,0.03,0.05,0.0,0.0,1.0,1.0,0.0,1.0,96932.0
0.0,2.0,46.0,9.0,28.0,0.0,3.0,0.0,0.0,0.0,0.0,0.0,0.0,64.0,0.0,0.0,0.0,0.0,1.0,0.0,0.0,255.0,31.0,0.12,0.01,0.12,0.0,0.0,0.0,0.0,1.0,83367.0
0.0,1.0,46.0,5.0,0.0,0.0,0.0,0.0,0.0,0.0,0.0,0.0,0.0,69.0,1.0,1.0,0.0,0.0,0.1,0.06,0.0,255.0,7.0,0.03,0.05,0.0,0.0,1.0,1.0,0.0,1.0,21966.0
0.0,1.0,57.0,5.0,0.0,0.0,0.0,0.0,0.0,0.0,0.0,0.0,0.0,16.0,1.0,1.0,0.0,0.0,1.0,0.0,0.0,178.0,98.0,0.55,0.01,0.01,0.0,0.99,0.98,0.0,1.0,55109.0
0.0,1.0,53.0,5.0,0.0,0.0,0.0,0.0,0.0,0.0,0.0,0.0,0.0,120.0,1.0,1.0,0.0,0.0,0.04,0.07,0.0,255.0,25.0,0.1,0.07,0.0,0.0,1.0,1.0,0.0,1.0,50289.0
2.0,1.0,46.0,4.0,0.0,0.0,0.0,0.0,0.0,0.0,0.0,0.0,0.0,401.0,0.0,0.0,1.0,1.0,0.0,0.52,0.0,255.0,2.0,0.01,0.52,1.0,0.0,0.0,0.0,1.0,1.0,36884.0
4270.0,2.0,41.0,9.0,145.0,105.0,0.0,0.0,0.0,0.0,0.0,0.0,0.0,1.0,0.0,0.0,0.0,0.0,1.0,0.0,0.0,255.0,2.0,0.01,0.62,0.88,0.0,0.0,0.0,0.0,0.0,31657.0
0.0,0.0,14.0,9.0,1032.0,0.0,0.0,0.0,0.0,0.0,0.0,0.0,0.0,511.0,0.0,0.0,0.0,0.0,1.0,0.0,0.0,200.0,55.0,0.28,0.01,0.28,0.0,0.0,0.0,0.0,1.0,101035.0
0.0,0.0,14.0,9.0,520.0,0.0,0.0,0.0,0.0,0.0,0.0,0.0,0.0,144.0,0.0,0.0,0.0,0.0,1.0,0.0,0.0,255.0,255.0,1.0,0.0,1.0,0.0,0.0,0.0,0.0,1.0,85285.0
0.0,1.0,7.0,5.0,0.0,0.0,0.0,0.0,0.0,0.0,0.0,0.0,0.0,106.0,1.0,1.0,0.0,0.0,0.04,0.08,0.0,56.0,4.0,0.07,0.14,0.02,0.0,1.0,1.0,0.0,1.0,119062.0
0.0,1.0,19.0,5.0,0.0,0.0,0.0,0.0,0.0,0.0,0.0,0.0,0.0,65.0,1.0,1.0,0.0,0.0,0.26,0.06,0.0,255.0,31.0,0.12,0.05,0.01,0.0,1.0,1.0,0.0,1.0,47329.0
2674.0,2.0,41.0,9.0,147.0,105.0,0.0,0.0,0.0,0.0,0.0,0.0,0.0,1.0,0.0,0.0,0.0,0.0,1.0,0.0,0.0,255.0,1.0,0.0,0.53,0.89,0.0,0.0,0.0,0.0,0.0,73753.0
0.0,1.0,22.0,1.0,0.0,0.0,0.0,0.0,0.0,0.0,0.0,0.0,0.0,277.0,0.0,0.0,1.0,1.0,0.05,0.06,0.0,255.0,15.0,0.06,0.07,0.0,0.0,0.0,0.0,1.0,1.0,33354.0
0.0,1.0,36.0,1.0,0.0,0.0,0.0,0.0,0.0,0.0,0.0,0.0,0.0,150.0,0.0,0.0,1.0,1.0,0.13,0.06,0.0,255.0,1.0,0.0,0.07,0.0,0.0,0.0,0.0,1.0,1.0,108056.0
0.0,1.0,6.0,1.0,0.0,0.0,0.0,0.0,0.0,0.0,0.0,0.0,0.0,140.0,0.0,0.0,1.0,1.0,0.07,0.06,0.0,255.0,5.0,0.02,0.06,0.0,0.0,0.0,0.0,1.0,1.0,14234.0
0.0,1.0,59.0,5.0,0.0,0.0,0.0,0.0,0.0,0.0,0.0,0.0,0.0,206.0,1.0,1.0,0.0,0.0,0.03,0.06,0.0,255.0,10.0,0.04,0.07,0.0,0.0,1.0,1.0,0.0,1.0,16915.0
0.0,1.0,46.0,1.0,0.0,0.0,0.0,0.0,0.0,0.0,0.0,0.0,0.0,1.0,0.0,0.0,1.0,1.0,1.0,0.0,0.0,33.0,1.0,0.03,1.0,0.03,0.0,0.0,0.0,1.0,1.0,93987.0
0.0,1.0,46.0,5.0,0.0,0.0,0.0,0.0,0.0,0.0,0.0,0.0,0.0,21.0,1.0,1.0,0.0,0.0,0.43,0.19,0.0,255.0,9.0,0.04,0.08,0.0,0.0,1.0,1.0,0.0,1.0,117792.0
0.0,1.0,46.0,1.0,0.0,0.0,0.0,0.0,0.0,0.0,0.0,0.0,0.0,420.0,0.05,0.0,0.93,1.0,0.0,1.0,0.0,255.0,1.0,0.0,1.0,0.0,0.0,0.08,0.0,1.0,1.0,67490.0
0.0,1.0,25.0,5.0,0.0,0.0,0.0,0.0,0.0,0.0,0.0,0.0,0.0,265.0,1.0,1.0,0.0,0.0,0.03,0.06,0.0,255.0,20.0,0.08,0.05,0.0,0.0,1.0,1.0,0.0,1.0,123507.0
0.0,1.0,27.0,5.0,0.0,0.0,0.0,0.0,0.0,0.0,0.0,0.0,0.0,149.0,1.0,1.0,0.0,0.0,0.13,0.05,0.0,255.0,19.0,0.07,0.07,0.0,0.0,1.0,1.0,0.0,1.0,108223.0
0.0,1.0,46.0,1.0,0.0,0.0,0.0,0.0,0.0,0.0,0.0,0.0,0.0,423.0,0.05,0.0,0.93,1.0,0.0,1.0,0.0,255.0,1.0,0.0,1.0,0.0,0.0,0.08,0.0,1.0,1.0,52710.0
0.0,1.0,46.0,5.0,0.0,0.0,0.0,0.0,0.0,0.0,0.0,0.0,0.0,277.0,1.0,1.0,0.0,0.0,0.05,0.05,0.0,235.0,14.0,0.06,0.06,0.0,0.0,0.99,1.0,0.0,1.0,78006.0
0.0,1.0,16.0,5.0,0.0,0.0,0.0,0.0,0.0,0.0,0.0,0.0,0.0,14.0,1.0,1.0,0.0,0.0,0.21,0.21,0.0,255.0,17.0,0.07,0.07,0.0,0.0,1.0,1.0,0.0,1.0,2091.0
0.0,1.0,46.0,5.0,0.0,0.0,0.0,0.0,0.0,0.0,0.0,0.0,0.0,146.0,1.0,1.0,0.0,0.0,0.09,0.05,0.0,255.0,16.0,0.06,0.06,0.0,0.0,1.0,1.0,0.0,1.0,100881.0
0.0,1.0,27.0,5.0,0.0,0.0,0.0,0.0,0.0,0.0,0.0,0.0,0.0,150.0,1.0,1.0,0.0,0.0,0.12,0.05,0.0,255.0,1.0,0.0,0.07,0.0,0.0,1.0,1.0,0.0,1.0,121004.0
0.0,1.0,8.0,5.0,0.0,0.0,0.0,0.0,0.0,0.0,0.0,0.0,0.0,106.0,1.0,1.0,0.0,0.0,0.06,0.07,0.0,255.0,6.0,0.02,0.07,0.0,0.0,1.0,1.0,0.0,1.0,106931.0
0.0,0.0,14.0,9.0,1032.0,0.0,0.0,0.0,0.0,0.0,0.0,0.0,0.0,511.0,0.0,0.0,0.0,0.0,1.0,0.0,0.0,255.0,105.0,0.41,0.09,0.41,0.0,0.0,0.0,0.0,1.0,119531.0
0.0,1.0,46.0,5.0,0.0,0.0,0.0,0.0,0.0,0.0,0.0,0.0,0.0,291.0,1.0,1.0,0.0,0.0,0.04,0.05,0.0,255.0,9.0,0.04,0.07,0.0,0.0,1.0,1.0,0.0,1.0,89764.0
0.0,1.0,3.0,1.0,0.0,0.0,0.0,0.0,0.0,0.0,0.0,0.0,0.0,217.0,0.0,0.0,1.0,1.0,0.03,0.07,0.0,255.0,7.0,0.03,0.08,0.0,0.0,0.0,0.0,1.0,1.0,48146.0
0.0,1.0,46.0,5.0,0.0,0.0,0.0,0.0,0.0,0.0,0.0,0.0,0.0,19.0,1.0,1.0,0.0,0.0,0.32,0.26,0.0,255.0,6.0,0.02,0.08,0.0,0.0,1.0,1.0,0.0,1.0,124238.0
0.0,1.0,17.0,5.0,0.0,0.0,0.0,0.0,0.0,0.0,0.0,0.0,0.0,117.0,1.0,1.0,0.0,0.0,0.04,0.06,0.0,255.0,5.0,0.02,0.07,0.0,0.0,1.0,1.0,0.0,1.0,15960.0
0.0,2.0,46.0,9.0,28.0,0.0,3.0,0.0,0.0,0.0,0.0,0.0,0.0,57.0,0.0,0.0,0.02,0.0,0.98,0.04,0.0,255.0,56.0,0.22,0.02,0.22,0.0,0.0,0.0,0.0,1.0,14303.0
0.0,1.0,53.0,1.0,0.0,0.0,0.0,0.0,0.0,0.0,0.0,0.0,0.0,192.0,0.0,0.0,1.0,1.0,0.01,0.07,0.0,255.0,2.0,0.01,0.07,0.0,0.0,0.0,0.0,1.0,1.0,116006.0
0.0,1.0,46.0,5.0,0.0,0.0,0.0,0.0,0.0,0.0,0.0,0.0,0.0,128.0,1.0,1.0,0.0,0.0,0.11,0.05,0.0,255.0,15.0,0.06,0.07,0.0,0.0,1.0,1.0,0.0,1.0,44776.0
0.0,1.0,22.0,5.0,0.0,0.0,0.0,0.0,0.0,0.0,0.0,0.0,0.0,16.0,1.0,1.0,0.0,0.0,1.0,0.0,0.0,18.0,16.0,0.89,0.11,0.06,0.0,0.89,1.0,0.0,1.0,123584.0
0.0,1.0,22.0,1.0,0.0,0.0,0.0,0.0,0.0,0.0,0.0,0.0,0.0,1.0,0.0,0.0,1.0,1.0,1.0,0.0,0.0,86.0,251.0,1.0,0.0,0.01,0.08,0.0,0.0,0.78,0.0,74443.0
0.0,1.0,41.0,1.0,0.0,0.0,0.0,0.0,0.0,0.0,0.0,0.0,0.0,509.0,0.19,0.0,0.81,1.0,0.0,1.0,0.0,255.0,1.0,0.0,1.0,0.0,0.0,0.11,0.0,1.0,1.0,108049.0
0.0,1.0,21.0,5.0,0.0,0.0,0.0,0.0,0.0,0.0,0.0,0.0,0.0,175.0,1.0,1.0,0.0,0.0,0.02,0.07,0.0,255.0,3.0,0.01,0.07,0.0,0.0,1.0,1.0,0.0,1.0,117533.0
0.0,1.0,62.0,5.0,0.0,0.0,0.0,0.0,0.0,0.0,0.0,0.0,0.0,97.0,1.0,1.0,0.0,0.0,0.21,0.07,0.0,255.0,20.0,0.08,0.07,0.0,0.0,1.0,1.0,0.0,1.0,13871.0
41541.0,1.0,46.0,4.0,1.0,0.0,0.0,0.0,0.0,0.0,0.0,0.0,0.0,2.0,0.0,0.0,1.0,1.0,1.0,0.0,0.0,240.0,2.0,0.01,0.25,0.5,0.0,0.0,0.0,1.0,1.0,16385.0
0.0,1.0,46.0,5.0,0.0,0.0,0.0,0.0,0.0,0.0,0.0,0.0,0.0,95.0,1.0,1.0,0.0,0.0,0.01,0.05,0.0,255.0,1.0,0.0,0.05,0.0,0.0,1.0,1.0,0.0,1.0,113051.0
0.0,1.0,65.0,5.0,0.0,0.0,0.0,0.0,0.0,0.0,0.0,0.0,0.0,176.0,1.0,1.0,0.0,0.0,0.03,0.06,0.0,255.0,8.0,0.03,0.06,0.0,0.0,1.0,1.0,0.0,1.0,89779.0
0.0,0.0,14.0,9.0,1032.0,0.0,0.0,0.0,0.0,0.0,0.0,0.0,0.0,511.0,0.0,0.0,0.0,0.0,1.0,0.0,0.0,196.0,51.0,0.26,0.02,0.26,0.0,0.0,0.0,0.0,1.0,33579.0
0.0,1.0,26.0,5.0,0.0,0.0,0.0,0.0,0.0,0.0,0.0,0.0,0.0,285.0,1.0,1.0,0.0,0.0,0.0,0.06,0.0,255.0,2.0,0.01,0.07,0.0,0.0,1.0,1.0,0.0,1.0,91084.0
0.0,1.0,46.0,5.0,0.0,0.0,0.0,0.0,0.0,0.0,0.0,0.0,0.0,248.0,1.0,1.0,0.0,0.0,0.1,0.05,0.0,109.0,24.0,0.22,0.09,0.01,0.0,0.87,1.0,0.0,1.0,50918.0
0.0,1.0,26.0,1.0,0.0,0.0,0.0,0.0,0.0,0.0,0.0,0.0,0.0,109.0,0.0,0.0,1.0,1.0,0.16,0.07,0.0,255.0,5.0,0.02,0.07,0.0,0.0,0.0,0.0,1.0,1.0,82082.0
0.0,2.0,46.0,9.0,1.0,0.0,0.0,0.0,0.0,0.0,0.0,0.0,0.0,22.0,0.0,0.0,0.0,0.0,0.45,0.09,0.0,255.0,55.0,0.22,0.2,1.0,0.0,0.0,0.0,0.0,1.0,117619.0
0.0,1.0,57.0,5.0,0.0,0.0,0.0,0.0,0.0,0.0,0.0,0.0,0.0,20.0,1.0,1.0,0.0,0.0,1.0,0.0,0.0,142.0,82.0,0.58,0.01,0.01,0.0,0.99,0.98,0.0,1.0,109343.0
0.0,1.0,46.0,5.0,0.0,0.0,0.0,0.0,0.0,0.0,0.0,0.0,0.0,93.0,1.0,1.0,0.0,0.0,0.04,0.06,0.0,147.0,4.0,0.03,0.07,0.01,0.0,1.0,1.0,0.0,1.0,69211.0
0.0,0.0,13.0,9.0,8.0,0.0,0.0,0.0,0.0,0.0,0.0,0.0,0.0,1.0,0.0,0.0,0.0,0.0,1.0,0.0,1.0,3.0,191.0,1.0,0.0,1.0,0.25,0.0,0.0,0.0,1.0,98428.0
0.0,1.0,46.0,1.0,0.0,0.0,0.0,0.0,0.0,0.0,0.0,0.0,0.0,1.0,0.0,0.0,1.0,1.0,1.0,0.0,0.0,36.0,2.0,0.03,1.0,0.03,1.0,0.0,0.0,1.0,1.0,125843.0
0.0,1.0,26.0,5.0,0.0,0.0,0.0,0.0,0.0,0.0,0.0,0.0,0.0,228.0,1.0,1.0,0.0,0.0,0.06,0.06,0.0,255.0,13.0,0.05,0.06,0.0,0.0,1.0,1.0,0.0,1.0,111207.0
0.0,1.0,46.0,5.0,0.0,0.0,0.0,0.0,0.0,0.0,0.0,0.0,0.0,18.0,1.0,1.0,0.0,0.0,0.28,0.11,0.0,255.0,5.0,0.02,0.07,0.0,0.0,1.0,1.0,0.0,1.0,70176.0
0.0,1.0,30.0,5.0,0.0,0.0,0.0,0.0,0.0,0.0,0.0,0.0,0.0,277.0,1.0,1.0,0.0,0.0,0.03,0.06,0.0,255.0,9.0,0.04,0.07,0.0,0.0,1.0,1.0,0.0,1.0,41890.0
0.0,1.0,34.0,5.0,0.0,0.0,0.0,0.0,0.0,0.0,0.0,0.0,0.0,240.0,1.0,1.0,0.0,0.0,0.0,0.06,0.0,255.0,1.0,0.0,0.07,0.0,0.0,1.0,1.0,0.0,1.0,98798.0
0.0,2.0,46.0,9.0,1.0,0.0,0.0,0.0,0.0,0.0,0.0,0.0,0.0,145.0,0.0,0.0,0.0,0.0,0.86,0.03,0.0,255.0,166.0,0.65,0.04,1.0,0.0,0.0,0.0,0.0,1.0,49997.0
0.0,2.0,11.0,9.0,33.0,0.0,0.0,0.0,0.0,0.0,0.0,0.0,0.0,1.0,0.0,0.0,0.0,0.0,1.0,0.0,1.0,223.0,25.0,0.11,0.03,0.11,0.08,0.0,0.0,0.0,0.0,112042.0
0.0,1.0,46.0,5.0,0.0,0.0,0.0,0.0,0.0,0.0,0.0,0.0,0.0,213.0,1.0,1.0,0.0,0.0,0.04,0.06,0.0,255.0,6.0,0.02,0.07,0.0,0.0,1.0,1.0,0.0,1.0,24025.0
0.0,1.0,26.0,5.0,0.0,0.0,0.0,0.0,0.0,0.0,0.0,0.0,0.0,219.0,1.0,1.0,0.0,0.0,0.01,0.07,0.0,255.0,2.0,0.01,0.08,0.0,0.0,1.0,1.0,0.0,1.0,46902.0
0.0,2.0,11.0,9.0,45.0,45.0,0.0,0.0,0.0,0.0,0.0,0.0,0.0,131.0,0.0,0.0,0.0,0.0,1.0,0.0,0.0,255.0,255.0,1.0,0.0,0.01,0.0,0.0,0.0,0.0,0.0,73631.0
0.0,1.0,7.0,5.0,0.0,0.0,0.0,0.0,0.0,0.0,0.0,0.0,0.0,194.0,1.0,1.0,0.0,0.0,0.09,0.06,0.0,255.0,17.0,0.07,0.05,0.0,0.0,1.0,1.0,0.0,1.0,24495.0
0.0,1.0,46.0,5.0,0.0,0.0,0.0,0.0,0.0,0.0,0.0,0.0,0.0,262.0,1.0,1.0,0.0,0.0,0.05,0.06,0.0,255.0,10.0,0.04,0.07,0.0,0.0,1.0,1.0,0.0,1.0,9482.0
0.0,1.0,64.0,1.0,0.0,0.0,0.0,0.0,0.0,0.0,0.0,0.0,0.0,265.0,0.0,0.0,1.0,1.0,0.02,0.06,0.0,255.0,4.0,0.02,0.07,0.0,0.0,0.0,0.0,1.0,1.0,120590.0
0.0,1.0,57.0,5.0,0.0,0.0,0.0,0.0,0.0,0.0,0.0,0.0,0.0,2.0,1.0,1.0,0.0,0.0,0.5,1.0,0.0,255.0,66.0,0.26,0.02,0.0,0.0,1.0,1.0,0.0,1.0,35024.0
0.0,2.0,46.0,9.0,1.0,0.0,0.0,0.0,0.0,0.0,0.0,0.0,0.0,1.0,0.0,0.0,0.0,0.0,1.0,0.0,0.0,255.0,1.0,0.0,0.73,0.35,0.0,0.03,0.0,0.0,1.0,11854.0
0.0,1.0,17.0,9.0,6.0,135.0,0.0,0.0,0.0,0.0,0.0,0.0,0.0,1.0,0.0,0.0,0.0,0.0,1.0,0.0,0.0,255.0,16.0,0.06,0.02,0.0,0.0,0.0,0.06,0.0,0.0,92332.0
0.0,1.0,46.0,5.0,0.0,0.0,0.0,0.0,0.0,0.0,0.0,0.0,0.0,178.0,1.0,1.0,0.0,0.0,0.14,0.05,0.0,255.0,25.0,0.1,0.05,0.0,0.0,1.0,1.0,0.0,1.0,40840.0
0.0,1.0,46.0,5.0,0.0,0.0,0.0,0.0,0.0,0.0,0.0,0.0,0.0,55.0,1.0,1.0,0.0,0.0,0.35,0.05,0.0,255.0,19.0,0.07,0.05,0.0,0.0,1.0,1.0,0.0,1.0,6125.0
0.0,1.0,46.0,1.0,0.0,0.0,0.0,0.0,0.0,0.0,0.0,0.0,0.0,1.0,0.0,0.0,1.0,1.0,1.0,0.0,0.0,255.0,1.0,0.0,0.99,0.98,0.0,0.0,0.0,1.0,1.0,67228.0
0.0,1.0,46.0,10.0,0.0,0.0,0.0,0.0,0.0,0.0,0.0,0.0,0.0,1.0,1.0,1.0,0.0,0.0,1.0,0.0,0.0,64.0,1.0,0.02,0.84,0.88,0.0,0.88,1.0,0.0,1.0,124644.0
0.0,1.0,52.0,5.0,0.0,0.0,0.0,0.0,0.0,0.0,0.0,0.0,0.0,189.0,1.0,1.0,0.0,0.0,0.01,0.06,0.0,255.0,1.0,0.0,0.06,0.0,0.0,1.0,1.0,0.0,1.0,52798.0
0.0,1.0,46.0,5.0,0.0,0.0,0.0,0.0,0.0,0.0,0.0,0.0,0.0,265.0,1.0,1.0,0.0,0.0,0.03,0.06,0.0,255.0,8.0,0.03,0.08,0.0,0.0,1.0,1.0,0.0,1.0,70624.0
0.0,1.0,52.0,5.0,0.0,0.0,0.0,0.0,0.0,0.0,0.0,0.0,0.0,113.0,1.0,1.0,0.0,0.0,0.11,0.07,0.0,255.0,12.0,0.05,0.07,0.0,0.0,1.0,1.0,0.0,1.0,1716.0
0.0,1.0,46.0,1.0,0.0,0.0,0.0,0.0,0.0,0.0,0.0,0.0,0.0,448.0,0.0,0.0,1.0,1.0,0.0,0.52,0.0,255.0,1.0,0.0,0.51,1.0,0.0,0.0,0.0,1.0,1.0,12662.0
0.0,1.0,18.0,2.0,0.0,0.0,0.0,0.0,0.0,0.0,0.0,0.0,0.0,273.0,0.0,0.0,1.0,1.0,0.06,0.07,0.0,255.0,17.0,0.07,0.08,0.0,0.0,0.0,0.0,1.0,1.0,100037.0
0.0,1.0,46.0,5.0,0.0,0.0,0.0,0.0,0.0,0.0,0.0,0.0,0.0,165.0,1.0,1.0,0.0,0.0,0.01,0.07,0.0,255.0,2.0,0.01,0.08,0.0,0.0,1.0,1.0,0.0,1.0,85126.0
0.0,1.0,36.0,1.0,0.0,0.0,0.0,0.0,0.0,0.0,0.0,0.0,0.0,103.0,0.0,0.0,1.0,1.0,0.18,0.08,0.0,255.0,1.0,0.0,0.09,0.0,0.0,0.0,0.0,1.0,1.0,33480.0
0.0,2.0,11.0,9.0,46.0,75.0,0.0,0.0,0.0,0.0,0.0,0.0,0.0,132.0,0.0,0.0,0.0,0.0,1.0,0.0,0.0,255.0,254.0,1.0,0.01,0.0,0.0,0.0,0.0,0.0,0.0,47462.0
0.0,1.0,46.0,1.0,0.0,0.0,0.0,0.0,0.0,0.0,0.0,0.0,0.0,188.0,0.0,0.0,1.0,1.0,0.1,0.07,0.0,255.0,19.0,0.07,0.08,0.0,0.0,0.0,0.0,1.0,1.0,110178.0
0.0,1.0,25.0,5.0,0.0,0.0,0.0,0.0,0.0,0.0,0.0,0.0,0.0,149.0,1.0,1.0,0.0,0.0,0.17,0.05,0.0,255.0,25.0,0.1,0.05,0.0,0.0,1.0,1.0,0.0,1.0,108525.0
0.0,1.0,32.0,5.0,0.0,0.0,0.0,0.0,0.0,0.0,0.0,0.0,0.0,244.0,1.0,1.0,0.0,0.0,0.07,0.06,0.0,255.0,1.0,0.0,0.09,0.0,0.0,1.0,1.0,0.0,1.0,26963.0
0.0,0.0,13.0,9.0,8.0,0.0,0.0,0.0,0.0,0.0,0.0,0.0,0.0,1.0,0.0,0.0,0.0,0.0,1.0,0.0,1.0,3.0,61.0,1.0,0.0,1.0,0.26,0.0,0.0,0.0,1.0,91111.0
0.0,1.0,46.0,5.0,0.0,0.0,0.0,0.0,0.0,0.0,0.0,0.0,0.0,170.0,1.0,1.0,0.0,0.0,0.01,0.06,0.0,255.0,1.0,0.0,0.07,0.0,0.0,1.0,1.0,0.0,1.0,25054.0
0.0,0.0,14.0,9.0,1032.0,0.0,0.0,0.0,0.0,0.0,0.0,0.0,0.0,511.0,0.0,0.0,0.0,0.0,1.0,0.0,0.0,255.0,203.0,0.8,0.02,0.8,0.0,0.0,0.0,0.0,1.0,11511.0
0.0,1.0,46.0,5.0,0.0,0.0,0.0,0.0,0.0,0.0,0.0,0.0,0.0,216.0,1.0,1.0,0.0,0.0,0.06,0.06,0.0,255.0,9.0,0.04,0.07,0.0,0.0,1.0,1.0,0.0,1.0,64248.0
0.0,1.0,17.0,5.0,0.0,0.0,0.0,0.0,0.0,0.0,0.0,0.0,0.0,48.0,1.0,1.0,0.0,0.0,0.25,0.08,0.0,255.0,62.0,0.24,0.02,0.01,0.0,1.0,1.0,0.0,1.0,108179.0
0.0,1.0,7.0,5.0,0.0,0.0,0.0,0.0,0.0,0.0,0.0,0.0,0.0,38.0,1.0,1.0,0.0,0.0,0.18,0.11,0.0,255.0,7.0,0.03,0.08,0.0,0.0,1.0,1.0,0.0,1.0,56170.0
0.0,1.0,46.0,1.0,0.0,0.0,0.0,0.0,0.0,0.0,0.0,0.0,0.0,127.0,0.0,0.0,1.0,1.0,0.14,0.06,0.0,255.0,18.0,0.07,0.08,0.0,0.0,0.0,0.0,1.0,1.0,43096.0
0.0,1.0,46.0,5.0,0.0,0.0,0.0,0.0,0.0,0.0,0.0,0.0,0.0,191.0,1.0,1.0,0.0,0.0,0.07,0.06,0.0,255.0,2.0,0.01,0.07,0.0,0.0,1.0,1.0,0.0,1.0,1567.0
0.0,1.0,17.0,5.0,0.0,0.0,0.0,0.0,0.0,0.0,0.0,0.0,0.0,48.0,1.0,1.0,0.0,0.0,0.27,0.08,0.0,255.0,61.0,0.24,0.02,0.01,0.0,1.0,1.0,0.0,1.0,111490.0
0.0,1.0,20.0,5.0,0.0,0.0,0.0,0.0,0.0,0.0,0.0,0.0,0.0,216.0,1.0,1.0,0.0,0.0,0.0,0.07,0.0,255.0,1.0,0.0,0.09,0.0,0.0,1.0,1.0,0.0,1.0,32604.0
0.0,1.0,34.0,5.0,0.0,0.0,0.0,0.0,0.0,0.0,0.0,0.0,0.0,296.0,1.0,1.0,0.0,0.0,0.06,0.05,0.0,255.0,19.0,0.07,0.08,0.0,0.0,1.0,1.0,0.0,1.0,77032.0
0.0,1.0,35.0,5.0,0.0,0.0,0.0,0.0,0.0,0.0,0.0,0.0,0.0,296.0,1.0,1.0,0.0,0.0,0.07,0.06,0.0,255.0,20.0,0.08,0.08,0.0,0.0,1.0,1.0,0.0,1.0,38618.0
0.0,1.0,57.0,5.0,0.0,0.0,0.0,0.0,0.0,0.0,0.0,0.0,0.0,58.0,1.0,1.0,0.0,0.0,0.29,0.07,0.0,255.0,75.0,0.29,0.02,0.0,0.0,1.0,1.0,0.0,1.0,54896.0
0.0,0.0,13.0,9.0,8.0,0.0,0.0,0.0,0.0,0.0,0.0,0.0,0.0,1.0,0.0,0.0,0.0,0.0,1.0,0.0,1.0,1.0,157.0,1.0,0.0,1.0,0.5,0.0,0.0,0.0,1.0,25007.0
0.0,1.0,46.0,1.0,0.0,0.0,0.0,0.0,0.0,0.0,0.0,0.0,0.0,283.0,0.0,0.0,1.0,1.0,0.05,0.06,0.0,255.0,15.0,0.06,0.06,0.0,0.0,0.0,0.0,1.0,1.0,12454.0
0.0,1.0,46.0,5.0,0.0,0.0,0.0,0.0,0.0,0.0,0.0,0.0,0.0,289.0,1.0,1.0,0.0,0.0,0.03,0.06,0.0,255.0,6.0,0.02,0.08,0.0,0.0,1.0,1.0,0.0,1.0,89854.0
0.0,1.0,5.0,5.0,0.0,0.0,0.0,0.0,0.0,0.0,0.0,0.0,0.0,124.0,1.0,1.0,0.0,0.0,0.15,0.06,0.0,255.0,19.0,0.07,0.06,0.0,0.0,1.0,1.0,0.0,1.0,26913.0
0.0,0.0,14.0,9.0,1032.0,0.0,0.0,0.0,0.0,0.0,0.0,0.0,0.0,511.0,0.0,0.0,0.0,0.0,1.0,0.0,0.0,220.0,126.0,0.57,0.03,0.57,0.0,0.01,0.0,0.0,1.0,74518.0
0.0,1.0,41.0,1.0,0.0,0.0,0.0,0.0,0.0,0.0,0.0,0.0,0.0,333.0,0.06,0.0,0.9,1.0,0.0,1.0,0.0,255.0,1.0,0.0,1.0,0.0,0.0,0.08,0.0,1.0,1.0,66060.0
0.0,1.0,55.0,5.0,0.0,0.0,0.0,0.0,0.0,0.0,0.0,0.0,0.0,269.0,1.0,1.0,0.0,0.0,0.04,0.06,0.0,255.0,11.0,0.04,0.07,0.0,0.0,1.0,1.0,0.0,1.0,78927.0
0.0,1.0,46.0,5.0,0.0,0.0,0.0,0.0,0.0,0.0,0.0,0.0,0.0,278.0,1.0,1.0,0.0,0.0,0.05,0.06,0.0,255.0,10.0,0.04,0.07,0.0,0.0,1.0,1.0,0.0,1.0,23263.0
0.0,1.0,57.0,5.0,0.0,0.0,0.0,0.0,0.0,0.0,0.0,0.0,0.0,14.0,1.0,1.0,0.0,0.0,1.0,0.0,0.0,56.0,36.0,0.64,0.04,0.02,0.0,0.96,0.94,0.0,1.0,112260.0
0.0,1.0,41.0,1.0,0.0,0.0,0.0,0.0,0.0,0.0,0.0,0.0,0.0,511.0,0.14,0.0,0.86,1.0,0.0,1.0,0.0,255.0,1.0,0.0,1.0,0.0,0.0,0.08,0.0,1.0,1.0,79699.0
0.0,1.0,22.0,1.0,0.0,0.0,0.0,0.0,0.0,0.0,0.0,0.0,0.0,1.0,0.0,0.0,1.0,1.0,1.0,0.0,0.0,20.0,255.0,1.0,0.0,0.05,0.3,0.0,0.0,1.0,0.0,115570.0
0.0,1.0,46.0,5.0,0.0,0.0,0.0,0.0,0.0,0.0,0.0,0.0,0.0,112.0,1.0,1.0,0.0,0.0,0.02,0.06,0.0,255.0,2.0,0.01,0.07,0.0,0.0,1.0,1.0,0.0,1.0,72091.0
0.0,1.0,19.0,5.0,0.0,0.0,0.0,0.0,0.0,0.0,0.0,0.0,0.0,74.0,1.0,1.0,0.0,0.0,0.22,0.05,0.0,255.0,69.0,0.27,0.02,0.01,0.0,1.0,1.0,0.0,1.0,20821.0
0.0,1.0,46.0,5.0,0.0,0.0,0.0,0.0,0.0,0.0,0.0,0.0,0.0,295.0,1.0,1.0,0.0,0.0,0.06,0.05,0.0,255.0,6.0,0.02,0.07,0.0,0.0,1.0,1.0,0.0,1.0,88256.0
0.0,2.0,46.0,9.0,28.0,0.0,3.0,0.0,0.0,0.0,0.0,0.0,0.0,45.0,0.0,0.0,0.0,0.0,1.0,0.0,0.0,117.0,45.0,0.38,0.03,0.38,0.0,0.0,0.0,0.0,1.0,5041.0
0.0,1.0,9.0,5.0,0.0,0.0,0.0,0.0,0.0,0.0,0.0,0.0,0.0,278.0,1.0,1.0,0.0,0.0,0.02,0.06,0.0,255.0,17.0,0.07,0.07,0.0,0.0,1.0,1.0,0.0,1.0,51286.0
0.0,1.0,46.0,1.0,0.0,0.0,0.0,0.0,0.0,0.0,0.0,0.0,0.0,412.0,0.0,0.0,1.0,1.0,0.0,0.52,0.0,255.0,1.0,0.0,0.52,1.0,0.0,0.0,0.0,1.0,1.0,45312.0
0.0,1.0,46.0,1.0,0.0,0.0,0.0,0.0,0.0,0.0,0.0,0.0,0.0,237.0,0.0,0.0,1.0,1.0,0.06,0.07,0.0,255.0,14.0,0.05,0.08,0.0,0.0,0.0,0.0,1.0,1.0,106889.0
0.0,0.0,14.0,9.0,1032.0,0.0,0.0,0.0,0.0,0.0,0.0,0.0,0.0,508.0,0.0,0.0,0.0,0.0,1.0,0.0,0.0,255.0,255.0,1.0,0.0,1.0,0.0,0.0,0.0,0.0,1.0,10154.0
0.0,1.0,46.0,5.0,0.0,0.0,0.0,0.0,0.0,0.0,0.0,0.0,0.0,186.0,1.0,1.0,0.0,0.0,0.1,0.06,0.0,255.0,19.0,0.07,0.06,0.0,0.0,1.0,1.0,0.0,1.0,33190.0
0.0,1.0,23.0,5.0,0.0,0.0,0.0,0.0,0.0,0.0,0.0,0.0,0.0,132.0,1.0,1.0,0.0,0.0,0.15,0.06,0.0,255.0,20.0,0.08,0.06,0.0,0.0,1.0,1.0,0.0,1.0,109092.0
0.0,0.0,14.0,9.0,1032.0,0.0,0.0,0.0,0.0,0.0,0.0,0.0,0.0,510.0,0.0,0.0,0.0,0.0,1.0,0.0,0.0,255.0,123.0,0.48,0.06,0.48,0.0,0.0,0.0,0.0,1.0,60073.0
0.0,1.0,46.0,5.0,0.0,0.0,0.0,0.0,0.0,0.0,0.0,0.0,0.0,180.0,1.0,1.0,0.0,0.0,0.02,0.05,0.0,255.0,4.0,0.02,0.05,0.0,0.0,1.0,1.0,0.0,1.0,68344.0
0.0,0.0,13.0,9.0,8.0,0.0,0.0,0.0,0.0,0.0,0.0,0.0,0.0,1.0,0.0,0.0,0.0,0.0,1.0,0.0,1.0,1.0,213.0,1.0,0.0,1.0,0.25,0.0,0.0,0.0,1.0,62115.0
0.0,1.0,17.0,5.0,0.0,0.0,0.0,0.0,0.0,0.0,0.0,0.0,0.0,207.0,1.0,1.0,0.0,0.0,0.09,0.05,0.0,255.0,19.0,0.07,0.05,0.0,0.0,1.0,1.0,0.0,1.0,57728.0
0.0,1.0,7.0,1.0,0.0,0.0,0.0,0.0,0.0,0.0,0.0,0.0,0.0,255.0,0.0,0.0,1.0,1.0,0.04,0.07,0.0,255.0,9.0,0.04,0.07,0.0,0.0,0.0,0.0,1.0,1.0,85347.0
0.0,1.0,25.0,9.0,0.0,0.0,0.0,2.0,0.0,0.0,0.0,0.0,0.0,4.0,0.5,0.75,0.0,0.04,1.0,0.0,0.36,10.0,10.0,1.0,0.0,0.8,0.0,0.5,0.5,0.0,1.0,12291.0
0.0,1.0,35.0,5.0,0.0,0.0,0.0,0.0,0.0,0.0,0.0,0.0,0.0,5.0,1.0,1.0,0.0,0.0,0.6,0.4,0.0,255.0,3.0,0.01,0.07,0.0,0.0,1.0,1.0,0.0,1.0,61461.0
5729.0,2.0,41.0,9.0,147.0,105.0,0.0,0.0,0.0,0.0,0.0,0.0,0.0,1.0,0.0,0.0,0.0,0.0,1.0,0.0,0.0,255.0,1.0,0.0,0.64,0.97,0.0,0.0,0.0,0.0,0.0,82584.0
0.0,1.0,17.0,5.0,0.0,0.0,0.0,0.0,0.0,0.0,0.0,0.0,0.0,37.0,1.0,1.0,0.0,0.0,0.24,0.11,0.0,119.0,32.0,0.24,0.03,0.03,0.06,0.98,0.91,0.0,1.0,7355.0
0.0,1.0,46.0,5.0,0.0,0.0,0.0,0.0,0.0,0.0,0.0,0.0,0.0,239.0,1.0,1.0,0.0,0.0,0.0,0.06,0.0,255.0,12.0,0.05,0.06,0.0,0.0,1.0,1.0,0.0,1.0,123152.0
0.0,1.0,65.0,5.0,0.0,0.0,0.0,0.0,0.0,0.0,0.0,0.0,0.0,179.0,1.0,1.0,0.0,0.0,0.05,0.06,0.0,255.0,11.0,0.04,0.06,0.0,0.0,1.0,1.0,0.0,1.0,66938.0
0.0,1.0,62.0,5.0,0.0,0.0,0.0,0.0,0.0,0.0,0.0,0.0,0.0,101.0,1.0,1.0,0.0,0.0,0.03,0.06,0.0,255.0,3.0,0.01,0.05,0.0,0.0,1.0,1.0,0.0,1.0,106004.0
0.0,1.0,17.0,5.0,0.0,0.0,0.0,0.0,0.0,0.0,0.0,0.0,0.0,33.0,0.97,1.0,0.03,0.0,0.27,0.15,0.0,255.0,28.0,0.11,0.05,0.01,0.0,1.0,1.0,0.0,1.0,107642.0
13858.0,1.0,41.0,4.0,1.0,0.0,0.0,0.0,0.0,0.0,0.0,0.0,0.0,2.0,0.0,0.0,1.0,1.0,1.0,0.0,0.0,255.0,2.0,0.01,0.68,1.0,0.0,0.0,0.0,1.0,1.0,105900.0
0.0,1.0,19.0,5.0,0.0,0.0,0.0,0.0,0.0,0.0,0.0,0.0,0.0,46.0,1.0,1.0,0.0,0.0,0.07,0.09,0.0,255.0,63.0,0.25,0.02,0.02,0.0,1.0,1.0,0.0,1.0,40721.0
0.0,1.0,46.0,5.0,0.0,0.0,0.0,0.0,0.0,0.0,0.0,0.0,0.0,270.0,1.0,1.0,0.0,0.0,0.02,0.07,0.0,255.0,19.0,0.07,0.08,0.0,0.0,1.0,1.0,0.0,1.0,37705.0
0.0,1.0,51.0,5.0,0.0,0.0,0.0,0.0,0.0,0.0,0.0,0.0,0.0,2.0,0.5,0.5,0.0,0.0,1.0,0.0,0.0,37.0,135.0,0.73,0.08,0.05,0.01,0.03,0.01,0.0,0.0,80461.0
0.0,0.0,14.0,9.0,520.0,0.0,0.0,0.0,0.0,0.0,0.0,0.0,0.0,355.0,0.0,0.0,0.0,0.0,1.0,0.0,0.0,255.0,255.0,1.0,0.0,1.0,0.0,0.0,0.0,0.0,1.0,47340.0
0.0,2.0,46.0,9.0,28.0,0.0,3.0,0.0,0.0,0.0,0.0,0.0,0.0,28.0,0.0,0.0,0.04,0.0,0.96,0.07,0.0,255.0,27.0,0.11,0.02,0.11,0.0,0.0,0.0,0.0,1.0,23806.0
0.0,1.0,8.0,5.0,0.0,0.0,0.0,0.0,0.0,0.0,0.0,0.0,0.0,277.0,1.0,1.0,0.0,0.0,0.03,0.05,0.0,255.0,9.0,0.04,0.05,0.0,0.0,1.0,1.0,0.0,1.0,19460.0
0.0,1.0,46.0,5.0,0.0,0.0,0.0,0.0,0.0,0.0,0.0,0.0,0.0,102.0,1.0,1.0,0.0,0.0,0.06,0.06,0.0,255.0,8.0,0.03,0.07,0.0,0.0,1.0,1.0,0.0,1.0,117172.0
0.0,1.0,46.0,5.0,0.0,0.0,0.0,0.0,0.0,0.0,0.0,0.0,0.0,5.0,1.0,1.0,0.0,0.0,0.4,0.8,0.0,255.0,8.0,0.03,0.09,0.0,0.0,1.0,1.0,0.0,1.0,109928.0
0.0,1.0,62.0,5.0,0.0,0.0,0.0,0.0,0.0,0.0,0.0,0.0,0.0,146.0,1.0,1.0,0.0,0.0,0.14,0.06,0.0,255.0,20.0,0.08,0.07,0.0,0.0,1.0,1.0,0.0,1.0,61195.0
0.0,1.0,17.0,5.0,0.0,0.0,0.0,0.0,0.0,0.0,0.0,0.0,0.0,23.0,0.96,0.86,0.04,0.14,0.26,0.22,0.29,255.0,48.0,0.19,0.04,0.01,0.0,1.0,1.0,0.0,1.0,105493.0
0.0,0.0,14.0,9.0,1032.0,0.0,0.0,0.0,0.0,0.0,0.0,0.0,0.0,125.0,0.0,0.0,0.0,0.0,1.0,0.0,0.0,255.0,125.0,0.49,0.01,0.49,0.0,0.0,0.0,0.0,1.0,125862.0
0.0,1.0,32.0,5.0,0.0,0.0,0.0,0.0,0.0,0.0,0.0,0.0,0.0,135.0,1.0,1.0,0.0,0.0,0.15,0.06,0.0,255.0,20.0,0.08,0.07,0.0,0.0,1.0,1.0,0.0,1.0,78115.0
0.0,0.0,13.0,9.0,8.0,0.0,0.0,0.0,0.0,0.0,0.0,0.0,0.0,1.0,0.0,0.0,0.0,0.0,1.0,0.0,1.0,1.0,255.0,1.0,0.0,1.0,0.5,0.0,0.0,0.0,1.0,102854.0
0.0,0.0,13.0,9.0,8.0,0.0,0.0,0.0,0.0,0.0,0.0,0.0,0.0,1.0,0.0,0.0,0.0,0.0,1.0,0.0,1.0,1.0,115.0,1.0,0.0,1.0,0.5,0.0,0.0,0.0,1.0,82986.0
0.0,2.0,46.0,9.0,1.0,0.0,0.0,0.0,0.0,0.0,0.0,0.0,0.0,7.0,0.0,0.0,0.0,0.0,0.57,0.29,0.0,255.0,4.0,0.02,0.97,0.04,0.0,0.03,0.0,0.0,1.0,17380.0
0.0,1.0,46.0,5.0,0.0,0.0,0.0,0.0,0.0,0.0,0.0,0.0,0.0,160.0,1.0,1.0,0.0,0.0,0.01,0.07,0.0,255.0,17.0,0.07,0.07,0.0,0.0,1.0,1.0,0.0,1.0,26104.0
0.0,1.0,22.0,5.0,0.0,0.0,0.0,0.0,0.0,0.0,0.0,0.0,0.0,5.0,1.0,1.0,0.0,0.0,0.4,0.6,0.0,255.0,53.0,0.21,0.02,0.0,0.0,1.0,1.0,0.0,1.0,119872.0
0.0,1.0,32.0,5.0,0.0,0.0,0.0,0.0,0.0,0.0,0.0,0.0,0.0,231.0,1.0,1.0,0.0,0.0,0.03,0.07,0.0,255.0,7.0,0.03,0.07,0.0,0.0,1.0,1.0,0.0,1.0,26446.0
0.0,2.0,46.0,9.0,1.0,0.0,0.0,0.0,0.0,0.0,0.0,0.0,0.0,35.0,0.0,0.0,0.0,0.0,0.14,0.09,0.0,255.0,49.0,0.19,0.2,1.0,0.0,0.0,0.0,0.0,1.0,30956.0
0.0,1.0,6.0,1.0,0.0,0.0,0.0,0.0,0.0,0.0,0.0,0.0,0.0,242.0,0.0,0.0,1.0,1.0,0.0,0.07,0.0,255.0,1.0,0.0,0.08,0.0,0.0,0.0,0.0,1.0,1.0,21210.0
0.0,1.0,64.0,5.0,0.0,0.0,0.0,0.0,0.0,0.0,0.0,0.0,0.0,250.0,1.0,1.0,0.0,0.0,0.05,0.06,0.0,255.0,12.0,0.05,0.07,0.0,0.0,1.0,1.0,0.0,1.0,94485.0
0.0,1.0,22.0,5.0,0.0,0.0,0.0,0.0,0.0,0.0,0.0,0.0,0.0,50.0,1.0,1.0,0.0,0.0,0.34,0.08,0.0,255.0,59.0,0.23,0.02,0.02,0.0,1.0,1.0,0.0,1.0,17809.0
0.0,1.0,44.0,2.0,0.0,0.0,0.0,0.0,0.0,0.0,0.0,0.0,0.0,204.0,0.0,0.0,1.0,1.0,0.01,0.07,0.0,255.0,2.0,0.01,0.09,0.0,0.0,0.0,0.0,1.0,1.0,79729.0
0.0,1.0,46.0,5.0,0.0,0.0,0.0,0.0,0.0,0.0,0.0,0.0,0.0,219.0,1.0,1.0,0.0,0.0,0.09,0.06,0.0,255.0,18.0,0.07,0.05,0.0,0.0,1.0,1.0,0.0,1.0,73834.0
0.0,1.0,26.0,5.0,0.0,0.0,0.0,0.0,0.0,0.0,0.0,0.0,0.0,49.0,1.0,1.0,0.0,0.0,0.22,0.12,0.0,255.0,11.0,0.04,0.08,0.0,0.0,1.0,1.0,0.0,1.0,109660.0
0.0,1.0,38.0,5.0,0.0,0.0,0.0,0.0,0.0,0.0,0.0,0.0,0.0,103.0,1.0,1.0,0.0,0.0,0.03,0.07,0.0,255.0,3.0,0.01,0.07,0.0,0.0,1.0,1.0,0.0,1.0,81525.0
0.0,0.0,13.0,9.0,30.0,0.0,0.0,0.0,0.0,0.0,0.0,0.0,0.0,9.0,0.0,0.0,0.0,0.0,0.11,0.33,0.0,255.0,6.0,0.02,0.01,0.2,0.0,0.0,0.0,0.0,0.0,74493.0
0.0,1.0,46.0,5.0,0.0,0.0,0.0,0.0,0.0,0.0,0.0,0.0,0.0,277.0,1.0,1.0,0.0,0.0,0.06,0.06,0.0,255.0,14.0,0.05,0.07,0.0,0.0,1.0,1.0,0.0,1.0,9922.0
0.0,2.0,46.0,9.0,1.0,0.0,0.0,0.0,0.0,0.0,0.0,0.0,0.0,14.0,0.0,0.0,0.0,0.0,0.21,0.14,0.0,255.0,30.0,0.12,0.5,0.55,0.0,0.03,0.0,0.0,1.0,26078.0
0.0,2.0,46.0,9.0,1.0,0.0,0.0,0.0,0.0,0.0,0.0,0.0,0.0,133.0,0.0,0.0,0.0,0.0,0.72,0.05,0.0,255.0,146.0,0.57,0.05,1.0,0.0,0.0,0.0,0.0,1.0,53803.0
0.0,1.0,28.0,5.0,0.0,0.0,0.0,0.0,0.0,0.0,0.0,0.0,0.0,134.0,1.0,1.0,0.0,0.0,0.04,0.06,0.0,255.0,5.0,0.02,0.06,0.0,0.0,1.0,1.0,0.0,1.0,88815.0
0.0,1.0,46.0,5.0,0.0,0.0,0.0,0.0,0.0,0.0,0.0,0.0,0.0,118.0,1.0,1.0,0.0,0.0,0.07,0.06,0.0,255.0,12.0,0.05,0.07,0.0,0.0,1.0,1.0,0.0,1.0,123834.0
0.0,1.0,52.0,1.0,0.0,0.0,0.0,0.0,0.0,0.0,0.0,0.0,0.0,111.0,0.0,0.0,1.0,1.0,0.08,0.06,0.0,255.0,8.0,0.03,0.07,0.0,0.0,0.0,0.0,1.0,1.0,63151.0
0.0,1.0,46.0,5.0,0.0,0.0,0.0,0.0,0.0,0.0,0.0,0.0,0.0,90.0,1.0,1.0,0.0,0.0,0.03,0.08,0.0,255.0,3.0,0.01,0.08,0.0,0.0,1.0,1.0,0.0,1.0,25138.0
0.0,1.0,64.0,5.0,0.0,0.0,0.0,0.0,0.0,0.0,0.0,0.0,0.0,237.0,1.0,1.0,0.0,0.0,0.07,0.05,0.0,255.0,4.0,0.02,0.07,0.0,0.0,1.0,1.0,0.0,1.0,76960.0
0.0,1.0,25.0,5.0,0.0,0.0,0.0,0.0,0.0,0.0,0.0,0.0,0.0,233.0,1.0,1.0,0.0,0.0,0.02,0.06,0.0,255.0,4.0,0.02,0.07,0.0,0.0,1.0,1.0,0.0,1.0,119342.0
0.0,1.0,46.0,5.0,0.0,0.0,0.0,0.0,0.0,0.0,0.0,0.0,0.0,108.0,1.0,1.0,0.0,0.0,0.1,0.06,0.0,255.0,12.0,0.05,0.07,0.0,0.0,1.0,1.0,0.0,1.0,58158.0
0.0,1.0,37.0,1.0,0.0,0.0,0.0,0.0,0.0,0.0,0.0,0.0,0.0,243.0,0.0,0.0,1.0,1.0,0.02,0.07,0.0,255.0,6.0,0.02,0.07,0.0,0.0,0.0,0.0,1.0,1.0,45680.0
0.0,1.0,46.0,1.0,0.0,0.0,0.0,0.0,0.0,0.0,0.0,0.0,0.0,146.0,0.0,0.0,1.0,1.0,0.04,0.06,0.0,255.0,6.0,0.02,0.06,0.0,0.0,0.0,0.0,1.0,1.0,106168.0
0.0,1.0,46.0,5.0,0.0,0.0,0.0,0.0,0.0,0.0,0.0,0.0,0.0,126.0,1.0,1.0,0.0,0.0,0.04,0.06,0.0,249.0,15.0,0.06,0.08,0.0,0.0,1.0,1.0,0.0,1.0,64411.0
0.0,1.0,46.0,5.0,0.0,0.0,0.0,0.0,0.0,0.0,0.0,0.0,0.0,300.0,1.0,1.0,0.0,0.0,0.01,0.06,0.0,255.0,3.0,0.01,0.07,0.0,0.0,1.0,1.0,0.0,1.0,41629.0
0.0,1.0,34.0,5.0,0.0,0.0,0.0,0.0,0.0,0.0,0.0,0.0,0.0,298.0,1.0,1.0,0.0,0.0,0.08,0.05,0.0,255.0,25.0,0.1,0.05,0.0,0.0,1.0,1.0,0.0,1.0,51942.0
0.0,1.0,34.0,5.0,0.0,0.0,0.0,0.0,0.0,0.0,0.0,0.0,0.0,242.0,1.0,1.0,0.0,0.0,0.06,0.06,0.0,255.0,16.0,0.06,0.07,0.0,0.0,1.0,1.0,0.0,1.0,39269.0
0.0,1.0,7.0,1.0,0.0,0.0,0.0,0.0,0.0,0.0,0.0,0.0,0.0,210.0,0.0,0.0,1.0,1.0,0.01,0.07,0.0,255.0,2.0,0.01,0.07,0.0,0.0,0.0,0.0,1.0,1.0,17170.0
0.0,2.0,11.0,9.0,46.0,125.0,0.0,0.0,0.0,0.0,0.0,0.0,0.0,128.0,0.0,0.0,0.0,0.0,1.0,0.0,0.0,255.0,255.0,1.0,0.0,0.0,0.0,0.0,0.0,0.0,0.0,17119.0
0.0,1.0,17.0,5.0,0.0,0.0,0.0,0.0,0.0,0.0,0.0,0.0,0.0,7.0,1.0,1.0,0.0,0.0,1.0,0.0,0.0,67.0,13.0,0.1,0.06,0.01,0.15,1.0,0.54,0.0,1.0,42625.0
0.0,1.0,7.0,1.0,0.0,0.0,0.0,0.0,0.0,0.0,0.0,0.0,0.0,253.0,0.0,0.0,1.0,1.0,0.05,0.06,0.0,255.0,12.0,0.05,0.07,0.0,0.0,0.0,0.0,1.0,1.0,114689.0
0.0,1.0,46.0,5.0,0.0,0.0,0.0,0.0,0.0,0.0,0.0,0.0,0.0,211.0,1.0,1.0,0.0,0.0,0.09,0.05,0.0,255.0,2.0,0.01,0.07,0.0,0.0,1.0,1.0,0.0,1.0,48279.0
0.0,1.0,29.0,5.0,0.0,0.0,0.0,0.0,0.0,0.0,0.0,0.0,0.0,141.0,1.0,1.0,0.0,0.0,0.14,0.06,0.0,255.0,20.0,0.08,0.07,0.0,0.0,1.0,1.0,0.0,1.0,67511.0
0.0,1.0,38.0,5.0,0.0,0.0,0.0,0.0,0.0,0.0,0.0,0.0,0.0,143.0,1.0,1.0,0.0,0.0,0.09,0.06,0.0,255.0,13.0,0.05,0.06,0.0,0.0,1.0,1.0,0.0,1.0,61108.0
0.0,1.0,46.0,5.0,0.0,0.0,0.0,0.0,0.0,0.0,0.0,0.0,0.0,81.0,1.0,1.0,0.0,0.0,0.25,0.06,0.0,255.0,3.0,0.01,0.07,0.0,0.0,1.0,1.0,0.0,1.0,107431.0
0.0,1.0,46.0,5.0,0.0,0.0,0.0,0.0,0.0,0.0,0.0,0.0,0.0,214.0,1.0,1.0,0.0,0.0,0.03,0.06,0.0,255.0,6.0,0.02,0.07,0.0,0.0,1.0,1.0,0.0,1.0,45763.0
0.0,1.0,46.0,5.0,0.0,0.0,0.0,0.0,0.0,0.0,0.0,0.0,0.0,262.0,1.0,1.0,0.0,0.0,0.01,0.06,0.0,255.0,5.0,0.02,0.07,0.0,0.0,1.0,1.0,0.0,1.0,106438.0
0.0,0.0,13.0,9.0,8.0,0.0,0.0,0.0,0.0,0.0,0.0,0.0,0.0,1.0,0.0,0.0,0.0,0.0,1.0,0.0,1.0,1.0,107.0,1.0,0.0,1.0,0.5,0.0,0.0,0.0,1.0,16845.0
0.0,1.0,46.0,5.0,0.0,0.0,0.0,0.0,0.0,0.0,0.0,0.0,0.0,147.0,1.0,1.0,0.0,0.0,0.11,0.05,0.0,255.0,2.0,0.01,0.08,0.0,0.0,1.0,1.0,0.0,1.0,100754.0
0.0,0.0,13.0,9.0,18.0,0.0,0.0,0.0,0.0,0.0,0.0,0.0,0.0,1.0,0.0,0.0,0.0,0.0,1.0,0.0,0.0,1.0,9.0,1.0,0.0,1.0,1.0,0.0,0.0,0.0,1.0,97392.0
0.0,1.0,38.0,5.0,0.0,0.0,0.0,0.0,0.0,0.0,0.0,0.0,0.0,92.0,1.0,1.0,0.0,0.0,0.03,0.08,0.0,198.0,3.0,0.02,0.07,0.01,0.0,1.0,1.0,0.0,1.0,17467.0
0.0,1.0,33.0,5.0,0.0,0.0,0.0,0.0,0.0,0.0,0.0,0.0,0.0,292.0,1.0,1.0,0.0,0.0,0.06,0.05,0.0,255.0,6.0,0.02,0.07,0.0,0.0,1.0,1.0,0.0,1.0,123725.0
0.0,1.0,28.0,5.0,0.0,0.0,0.0,0.0,0.0,0.0,0.0,0.0,0.0,97.0,1.0,1.0,0.0,0.0,0.1,0.08,0.0,255.0,10.0,0.04,0.07,0.0,0.0,1.0,1.0,0.0,1.0,11369.0
0.0,1.0,46.0,5.0,0.0,0.0,0.0,0.0,0.0,0.0,0.0,0.0,0.0,38.0,1.0,1.0,0.0,0.0,0.37,0.08,0.0,255.0,12.0,0.05,0.06,0.0,0.0,1.0,1.0,0.0,1.0,32330.0
0.0,1.0,46.0,4.0,0.0,0.0,0.0,0.0,0.0,0.0,0.0,0.0,0.0,1.0,0.0,0.0,1.0,1.0,1.0,0.0,0.0,94.0,1.0,0.01,0.5,0.49,0.0,0.06,0.0,1.0,1.0,118154.0
0.0,0.0,13.0,9.0,30.0,0.0,0.0,0.0,0.0,0.0,0.0,0.0,0.0,1.0,0.0,0.0,0.0,0.0,1.0,0.0,0.0,30.0,131.0,1.0,0.0,1.0,0.4,0.0,0.0,0.0,0.0,81816.0
0.0,1.0,64.0,1.0,0.0,0.0,0.0,0.0,0.0,0.0,0.0,0.0,0.0,173.0,0.0,0.0,1.0,1.0,0.06,0.07,0.0,255.0,10.0,0.04,0.09,0.0,0.0,0.0,0.0,1.0,1.0,61791.0
0.0,1.0,17.0,5.0,0.0,0.0,0.0,0.0,0.0,0.0,0.0,0.0,0.0,65.0,1.0,1.0,0.0,0.0,0.25,0.06,0.0,255.0,44.0,0.17,0.05,0.02,0.0,1.0,1.0,0.0,1.0,107667.0
0.0,1.0,46.0,5.0,0.0,0.0,0.0,0.0,0.0,0.0,0.0,0.0,0.0,204.0,1.0,1.0,0.0,0.0,0.01,0.06,0.0,255.0,3.0,0.01,0.09,0.0,0.0,1.0,1.0,0.0,1.0,78662.0
0.0,1.0,46.0,5.0,0.0,0.0,0.0,0.0,0.0,0.0,0.0,0.0,0.0,208.0,1.0,1.0,0.0,0.0,0.09,0.06,0.0,255.0,3.0,0.01,0.06,0.0,0.0,1.0,1.0,0.0,1.0,48604.0
0.0,1.0,62.0,5.0,0.0,0.0,0.0,0.0,0.0,0.0,0.0,0.0,0.0,132.0,1.0,1.0,0.0,0.0,0.05,0.07,0.0,255.0,7.0,0.03,0.06,0.0,0.0,1.0,1.0,0.0,1.0,99459.0
0.0,1.0,46.0,5.0,0.0,0.0,0.0,0.0,0.0,0.0,0.0,0.0,0.0,200.0,1.0,1.0,0.0,0.0,0.0,0.06,0.0,255.0,20.0,0.08,0.06,0.0,0.0,1.0,1.0,0.0,1.0,10415.0
39750.0,1.0,46.0,4.0,1.0,0.0,0.0,0.0,0.0,0.0,0.0,0.0,0.0,2.0,0.0,0.0,1.0,1.0,1.0,0.0,0.0,255.0,2.0,0.01,0.5,1.0,0.0,0.0,0.0,1.0,1.0,52139.0
0.0,1.0,46.0,5.0,0.0,0.0,0.0,0.0,0.0,0.0,0.0,0.0,0.0,69.0,1.0,1.0,0.0,0.0,0.07,0.07,0.0,255.0,20.0,0.08,0.06,0.0,0.0,1.0,1.0,0.0,1.0,61046.0
0.0,1.0,12.0,5.0,0.0,0.0,0.0,0.0,0.0,0.0,0.0,0.0,0.0,147.0,1.0,1.0,0.0,0.0,0.15,0.05,0.0,255.0,10.0,0.04,0.05,0.0,0.0,1.0,1.0,0.0,1.0,117536.0
0.0,1.0,46.0,1.0,0.0,0.0,0.0,0.0,0.0,0.0,0.0,0.0,0.0,376.0,0.06,0.0,0.92,1.0,0.0,1.0,0.0,255.0,1.0,0.0,1.0,0.0,0.0,0.09,0.0,1.0,1.0,106534.0
0.0,1.0,62.0,5.0,0.0,0.0,0.0,0.0,0.0,0.0,0.0,0.0,0.0,140.0,1.0,1.0,0.0,0.0,0.11,0.06,0.0,255.0,15.0,0.06,0.06,0.0,0.0,1.0,1.0,0.0,1.0,76912.0
0.0,1.0,46.0,5.0,0.0,0.0,0.0,0.0,0.0,0.0,0.0,0.0,0.0,108.0,1.0,1.0,0.0,0.0,0.19,0.06,0.0,255.0,7.0,0.03,0.06,0.0,0.0,1.0,1.0,0.0,1.0,45145.0
0.0,1.0,29.0,5.0,0.0,0.0,0.0,0.0,0.0,0.0,0.0,0.0,0.0,139.0,1.0,1.0,0.0,0.0,0.07,0.06,0.0,255.0,10.0,0.04,0.06,0.0,0.0,1.0,1.0,0.0,1.0,18444.0
0.0,1.0,16.0,2.0,0.0,0.0,0.0,0.0,0.0,0.0,0.0,0.0,0.0,136.0,0.0,0.0,1.0,1.0,0.15,0.06,0.0,255.0,20.0,0.08,0.07,0.0,0.0,0.0,0.0,1.0,1.0,116235.0
0.0,1.0,25.0,5.0,0.0,0.0,0.0,0.0,0.0,0.0,0.0,0.0,0.0,136.0,1.0,1.0,0.0,0.0,0.13,0.07,0.0,255.0,7.0,0.03,0.06,0.0,0.0,1.0,1.0,0.0,1.0,122946.0
0.0,1.0,55.0,5.0,0.0,0.0,0.0,0.0,0.0,0.0,0.0,0.0,0.0,294.0,1.0,1.0,0.0,0.0,0.07,0.05,0.0,255.0,22.0,0.09,0.05,0.0,0.0,1.0,1.0,0.0,1.0,99023.0
0.0,1.0,22.0,1.0,0.0,0.0,0.0,0.0,0.0,0.0,0.0,0.0,0.0,1.0,0.0,0.0,1.0,1.0,1.0,0.0,1.0,195.0,253.0,1.0,0.0,0.01,0.05,0.0,0.0,0.59,0.0,125637.0
0.0,1.0,63.0,5.0,0.0,0.0,0.0,0.0,0.0,0.0,0.0,0.0,0.0,148.0,1.0,1.0,0.0,0.0,0.08,0.07,0.0,255.0,12.0,0.05,0.07,0.0,0.0,1.0,1.0,0.0,1.0,88248.0
0.0,1.0,46.0,5.0,0.0,0.0,0.0,0.0,0.0,0.0,0.0,0.0,0.0,129.0,1.0,1.0,0.0,0.0,0.02,0.06,0.0,255.0,11.0,0.04,0.07,0.0,0.0,1.0,1.0,0.0,1.0,65303.0
0.0,1.0,22.0,5.0,0.0,0.0,0.0,0.0,0.0,0.0,0.0,0.0,0.0,44.0,1.0,1.0,0.0,0.0,0.32,0.09,0.0,255.0,63.0,0.25,0.02,0.01,0.0,1.0,1.0,0.0,1.0,44835.0
0.0,1.0,55.0,5.0,0.0,0.0,0.0,0.0,0.0,0.0,0.0,0.0,0.0,170.0,1.0,1.0,0.0,0.0,0.11,0.06,0.0,255.0,18.0,0.07,0.06,0.0,0.0,1.0,1.0,0.0,1.0,81826.0
0.0,0.0,13.0,9.0,8.0,0.0,0.0,0.0,0.0,0.0,0.0,0.0,0.0,1.0,0.0,0.0,0.0,0.0,1.0,0.0,1.0,1.0,5.0,1.0,0.0,1.0,0.6,0.0,0.0,0.0,1.0,70514.0
0.0,0.0,13.0,9.0,18.0,0.0,0.0,0.0,0.0,0.0,0.0,0.0,0.0,1.0,0.0,0.0,0.0,0.0,1.0,0.0,0.0,2.0,166.0,1.0,0.0,1.0,0.25,0.0,0.0,0.0,1.0,59630.0
0.0,1.0,4.0,5.0,0.0,0.0,0.0,0.0,0.0,0.0,0.0,0.0,0.0,247.0,1.0,1.0,0.0,0.0,0.07,0.06,0.0,255.0,3.0,0.01,0.08,0.0,0.0,1.0,1.0,0.0,1.0,59163.0
0.0,1.0,3.0,5.0,0.0,0.0,0.0,0.0,0.0,0.0,0.0,0.0,0.0,107.0,1.0,1.0,0.0,0.0,0.07,0.05,0.0,255.0,7.0,0.03,0.04,0.0,0.0,1.0,1.0,0.0,1.0,93562.0
0.0,1.0,21.0,1.0,0.0,0.0,0.0,0.0,0.0,0.0,0.0,0.0,0.0,155.0,0.0,0.0,1.0,1.0,0.08,0.08,0.0,255.0,13.0,0.05,0.07,0.0,0.0,0.0,0.0,1.0,1.0,112356.0
0.0,0.0,14.0,9.0,1032.0,0.0,0.0,0.0,0.0,0.0,0.0,0.0,0.0,511.0,0.0,0.0,0.0,0.0,1.0,0.0,0.0,255.0,63.0,0.25,0.15,0.25,0.0,0.0,0.0,0.0,1.0,60745.0
0.0,2.0,41.0,9.0,1.0,0.0,0.0,0.0,0.0,0.0,0.0,0.0,0.0,11.0,0.0,0.0,0.0,0.0,0.18,0.55,0.0,255.0,2.0,0.01,0.19,1.0,0.0,0.0,0.0,0.0,1.0,62859.0
0.0,1.0,46.0,5.0,0.0,0.0,0.0,0.0,0.0,0.0,0.0,0.0,0.0,194.0,1.0,1.0,0.0,0.0,0.05,0.06,0.0,255.0,5.0,0.02,0.07,0.0,0.0,1.0,1.0,0.0,1.0,25357.0
2625.0,2.0,41.0,9.0,146.0,105.0,0.0,0.0,0.0,0.0,0.0,0.0,0.0,4.0,0.0,0.0,0.0,0.0,0.5,0.5,0.0,255.0,2.0,0.01,0.89,0.99,0.0,0.0,0.0,0.0,0.0,35762.0
0.0,1.0,56.0,5.0,0.0,0.0,0.0,0.0,0.0,0.0,0.0,0.0,0.0,247.0,1.0,1.0,0.0,0.0,0.0,0.07,0.0,255.0,1.0,0.0,0.07,0.0,0.0,1.0,1.0,0.0,1.0,116967.0
0.0,1.0,46.0,5.0,0.0,0.0,0.0,0.0,0.0,0.0,0.0,0.0,0.0,279.0,1.0,1.0,0.0,0.0,0.04,0.05,0.0,255.0,2.0,0.01,0.08,0.0,0.0,1.0,1.0,0.0,1.0,1935.0
17804.0,1.0,41.0,4.0,1.0,0.0,0.0,0.0,0.0,0.0,0.0,0.0,0.0,2.0,0.0,0.0,1.0,1.0,1.0,0.0,0.0,255.0,2.0,0.01,0.73,1.0,0.0,0.0,0.0,1.0,1.0,107427.0
0.0,1.0,3.0,5.0,0.0,0.0,0.0,0.0,0.0,0.0,0.0,0.0,0.0,105.0,1.0,1.0,0.0,0.0,0.05,0.07,0.0,255.0,5.0,0.02,0.06,0.0,0.0,1.0,1.0,0.0,1.0,98014.0
3990.0,2.0,41.0,9.0,147.0,105.0,0.0,0.0,0.0,0.0,0.0,0.0,0.0,5.0,0.0,0.0,0.0,0.0,0.2,0.6,0.0,255.0,1.0,0.0,0.82,0.99,0.0,0.0,0.0,0.0,0.0,111437.0
0.0,1.0,46.0,1.0,0.0,0.0,0.0,0.0,0.0,0.0,0.0,0.0,0.0,102.0,0.0,0.0,1.0,1.0,0.03,0.07,0.0,255.0,1.0,0.0,0.07,0.0,0.0,0.0,0.0,1.0,1.0,472.0
0.0,1.0,46.0,5.0,0.0,0.0,0.0,0.0,0.0,0.0,0.0,0.0,0.0,238.0,1.0,1.0,0.0,0.0,0.05,0.06,0.0,255.0,12.0,0.05,0.07,0.0,0.0,1.0,1.0,0.0,1.0,78219.0
0.0,1.0,57.0,5.0,0.0,0.0,0.0,0.0,0.0,0.0,0.0,0.0,0.0,44.0,1.0,1.0,0.0,0.0,0.23,0.09,0.0,255.0,64.0,0.25,0.02,0.01,0.0,1.0,1.0,0.0,1.0,93813.0
0.0,1.0,9.0,5.0,0.0,0.0,0.0,0.0,0.0,0.0,0.0,0.0,0.0,226.0,1.0,1.0,0.0,0.0,0.09,0.05,0.0,255.0,20.0,0.08,0.05,0.0,0.0,1.0,1.0,0.0,1.0,48510.0
0.0,2.0,11.0,9.0,43.0,43.0,0.0,0.0,0.0,0.0,0.0,0.0,0.0,86.0,0.0,0.0,0.0,0.0,1.0,0.0,0.01,255.0,254.0,1.0,0.01,0.01,0.0,0.0,0.0,0.0,0.0,25233.0
0.0,1.0,46.0,5.0,0.0,0.0,0.0,0.0,0.0,0.0,0.0,0.0,0.0,232.0,1.0,1.0,0.0,0.0,0.07,0.04,0.0,92.0,16.0,0.17,0.09,0.01,0.0,0.98,1.0,0.0,1.0,28001.0
0.0,1.0,5.0,5.0,0.0,0.0,0.0,0.0,0.0,0.0,0.0,0.0,0.0,118.0,1.0,1.0,0.0,0.0,0.08,0.07,0.0,255.0,10.0,0.04,0.07,0.0,0.0,1.0,1.0,0.0,1.0,46692.0
0.0,2.0,11.0,9.0,45.0,71.0,0.0,0.0,0.0,0.0,0.0,0.0,0.0,118.0,0.0,0.0,0.0,0.0,0.99,0.02,0.03,255.0,241.0,0.95,0.01,0.0,0.0,0.0,0.0,0.0,0.0,91378.0
0.0,1.0,21.0,5.0,0.0,0.0,0.0,0.0,0.0,0.0,0.0,0.0,0.0,270.0,1.0,1.0,0.0,0.0,0.08,0.05,0.0,255.0,22.0,0.09,0.05,0.0,0.0,1.0,1.0,0.0,1.0,10592.0
0.0,1.0,22.0,9.0,338.0,200.0,0.0,2.0,1.0,0.0,0.0,0.0,0.0,1.0,0.0,0.0,0.0,0.0,1.0,0.0,1.0,255.0,255.0,1.0,0.0,0.0,0.0,0.0,0.0,0.01,0.0,70296.0
0.0,1.0,22.0,1.0,0.0,0.0,0.0,0.0,0.0,0.0,0.0,0.0,0.0,2.0,0.0,0.0,1.0,1.0,1.0,0.0,0.0,255.0,255.0,1.0,0.0,0.0,0.0,0.0,0.0,0.04,0.0,104742.0
0.0,1.0,16.0,5.0,0.0,0.0,0.0,0.0,0.0,0.0,0.0,0.0,0.0,105.0,1.0,1.0,0.0,0.0,0.04,0.07,0.0,255.0,4.0,0.02,0.06,0.0,0.0,1.0,1.0,0.0,1.0,36546.0
0.0,2.0,11.0,9.0,46.0,132.0,0.0,0.0,0.0,0.0,0.0,0.0,0.0,143.0,0.0,0.0,0.0,0.0,1.0,0.0,0.01,255.0,255.0,1.0,0.0,0.0,0.0,0.0,0.0,0.0,0.0,27720.0
0.0,0.0,14.0,9.0,1032.0,0.0,0.0,0.0,0.0,0.0,0.0,0.0,0.0,382.0,0.0,0.0,0.0,0.0,1.0,0.0,0.0,255.0,255.0,1.0,0.0,1.0,0.0,0.0,0.0,0.0,1.0,109564.0
0.0,0.0,14.0,9.0,1032.0,0.0,0.0,0.0,0.0,0.0,0.0,0.0,0.0,511.0,0.0,0.0,0.0,0.0,1.0,0.0,0.0,108.0,14.0,0.13,0.06,0.13,0.0,0.02,0.0,0.0,1.0,81666.0
0.0,2.0,11.0,9.0,43.0,43.0,0.0,0.0,0.0,0.0,0.0,0.0,0.0,127.0,0.0,0.0,0.0,0.0,1.0,0.0,0.0,255.0,255.0,1.0,0.0,0.01,0.0,0.0,0.0,0.0,0.0,80976.0
0.0,2.0,11.0,9.0,46.0,77.0,0.0,0.0,0.0,0.0,0.0,0.0,0.0,137.0,0.0,0.0,0.0,0.0,1.0,0.0,0.0,255.0,254.0,1.0,0.01,0.0,0.0,0.0,0.0,0.0,0.0,18857.0
0.0,1.0,46.0,5.0,0.0,0.0,0.0,0.0,0.0,0.0,0.0,0.0,0.0,138.0,0.94,1.0,0.0,0.0,0.11,0.06,0.0,255.0,14.0,0.05,0.07,0.0,0.0,1.0,1.0,0.0,1.0,59211.0
0.0,1.0,46.0,5.0,0.0,0.0,0.0,0.0,0.0,0.0,0.0,0.0,0.0,132.0,1.0,1.0,0.0,0.0,0.11,0.06,0.0,255.0,16.0,0.06,0.05,0.0,0.0,1.0,1.0,0.0,1.0,395.0
0.0,1.0,46.0,5.0,0.0,0.0,0.0,0.0,0.0,0.0,0.0,0.0,0.0,224.0,1.0,1.0,0.0,0.0,0.0,0.07,0.0,255.0,3.0,0.01,0.08,0.0,0.0,1.0,1.0,0.0,1.0,2697.0
0.0,1.0,8.0,5.0,0.0,0.0,0.0,0.0,0.0,0.0,0.0,0.0,0.0,201.0,1.0,1.0,0.0,0.0,0.02,0.05,0.0,255.0,4.0,0.02,0.05,0.0,0.0,1.0,1.0,0.0,1.0,17164.0
0.0,1.0,4.0,5.0,0.0,0.0,0.0,0.0,0.0,0.0,0.0,0.0,0.0,266.0,1.0,1.0,0.0,0.0,0.04,0.06,0.0,255.0,10.0,0.04,0.07,0.0,0.0,1.0,1.0,0.0,1.0,78989.0
0.0,1.0,36.0,5.0,0.0,0.0,0.0,0.0,0.0,0.0,0.0,0.0,0.0,285.0,1.0,1.0,0.0,0.0,0.01,0.06,0.0,255.0,13.0,0.05,0.07,0.0,0.0,1.0,1.0,0.0,1.0,96212.0
0.0,1.0,46.0,1.0,0.0,0.0,0.0,0.0,0.0,0.0,0.0,0.0,0.0,1.0,0.0,0.0,1.0,1.0,1.0,0.0,0.0,44.0,2.0,0.02,1.0,0.02,1.0,0.0,0.0,1.0,1.0,100119.0
0.0,1.0,22.0,5.0,0.0,0.0,0.0,0.0,0.0,0.0,0.0,0.0,0.0,2.0,0.5,0.25,0.0,0.0,1.0,0.0,0.75,30.0,255.0,1.0,0.0,0.07,0.02,0.03,0.0,0.0,0.0,39013.0
0.0,1.0,25.0,5.0,0.0,0.0,0.0,0.0,0.0,0.0,0.0,0.0,0.0,287.0,1.0,1.0,0.0,0.0,0.05,0.06,0.0,255.0,15.0,0.06,0.06,0.0,0.0,1.0,1.0,0.0,1.0,8895.0
0.0,1.0,19.0,5.0,0.0,0.0,0.0,0.0,0.0,0.0,0.0,0.0,0.0,80.0,1.0,1.0,0.0,0.0,0.25,0.05,0.0,255.0,60.0,0.24,0.04,0.0,0.0,1.0,1.0,0.0,1.0,117110.0
0.0,1.0,30.0,1.0,0.0,0.0,0.0,0.0,0.0,0.0,0.0,0.0,0.0,267.0,0.0,0.0,1.0,1.0,0.07,0.06,0.0,255.0,19.0,0.07,0.08,0.0,0.0,0.0,0.0,1.0,1.0,65152.0
0.0,1.0,46.0,5.0,0.0,0.0,0.0,0.0,0.0,0.0,0.0,0.0,0.0,111.0,1.0,1.0,0.0,0.0,0.23,0.05,0.0,255.0,8.0,0.03,0.05,0.0,0.0,1.0,1.0,0.0,1.0,104314.0
0.0,1.0,46.0,5.0,0.0,0.0,0.0,0.0,0.0,0.0,0.0,0.0,0.0,13.0,1.0,1.0,0.0,0.0,1.0,0.0,0.0,255.0,13.0,0.05,0.07,0.0,0.0,1.0,1.0,0.0,1.0,74836.0
0.0,0.0,13.0,9.0,18.0,0.0,0.0,0.0,0.0,0.0,0.0,0.0,0.0,1.0,0.0,0.0,0.0,0.0,1.0,0.0,0.0,1.0,230.0,1.0,0.0,1.0,1.0,0.0,0.0,0.0,1.0,34575.0
0.0,1.0,46.0,5.0,0.0,0.0,0.0,0.0,0.0,0.0,0.0,0.0,0.0,141.0,1.0,1.0,0.0,0.0,0.08,0.06,0.0,255.0,11.0,0.04,0.06,0.0,0.0,1.0,1.0,0.0,1.0,7109.0
0.0,0.0,14.0,9.0,1032.0,0.0,0.0,0.0,0.0,0.0,0.0,0.0,0.0,425.0,0.0,0.0,0.0,0.0,1.0,0.0,0.0,255.0,255.0,1.0,0.0,1.0,0.0,0.0,0.0,0.0,1.0,89594.0
0.0,1.0,22.0,1.0,0.0,0.0,0.0,0.0,0.0,0.0,0.0,0.0,0.0,1.0,0.0,0.0,1.0,1.0,1.0,0.0,0.0,53.0,229.0,1.0,0.0,0.02,0.06,0.0,0.0,0.55,0.0,987.0
0.0,1.0,35.0,5.0,0.0,0.0,0.0,0.0,0.0,0.0,0.0,0.0,0.0,271.0,1.0,1.0,0.0,0.0,0.01,0.06,0.0,255.0,3.0,0.01,0.07,0.0,0.0,1.0,1.0,0.0,1.0,16980.0
0.0,1.0,7.0,5.0,0.0,0.0,0.0,0.0,0.0,0.0,0.0,0.0,0.0,132.0,1.0,1.0,0.0,0.0,0.18,0.05,0.0,255.0,24.0,0.09,0.05,0.0,0.0,1.0,1.0,0.0,1.0,118778.0
0.0,1.0,35.0,5.0,0.0,0.0,0.0,0.0,0.0,0.0,0.0,0.0,0.0,287.0,1.0,1.0,0.0,0.0,0.08,0.05,0.0,255.0,22.0,0.09,0.05,0.0,0.0,1.0,1.0,0.0,1.0,34635.0
0.0,1.0,57.0,5.0,0.0,0.0,0.0,0.0,0.0,0.0,0.0,0.0,0.0,70.0,1.0,1.0,0.0,0.0,0.21,0.06,0.0,255.0,60.0,0.24,0.02,0.02,0.0,1.0,1.0,0.0,1.0,36779.0
0.0,1.0,63.0,5.0,0.0,0.0,0.0,0.0,0.0,0.0,0.0,0.0,0.0,262.0,1.0,1.0,0.0,0.0,0.01,0.05,0.0,255.0,3.0,0.01,0.05,0.0,0.0,1.0,1.0,0.0,1.0,70053.0
0.0,1.0,35.0,5.0,0.0,0.0,0.0,0.0,0.0,0.0,0.0,0.0,0.0,83.0,1.0,1.0,0.0,0.0,0.04,0.06,0.0,255.0,17.0,0.07,0.07,0.0,0.0,1.0,1.0,0.0,1.0,104638.0
0.0,1.0,46.0,5.0,0.0,0.0,0.0,0.0,0.0,0.0,0.0,0.0,0.0,134.0,1.0,1.0,0.0,0.0,0.08,0.06,0.0,255.0,15.0,0.06,0.05,0.0,0.0,1.0,1.0,0.0,1.0,38662.0
0.0,1.0,62.0,5.0,0.0,0.0,0.0,0.0,0.0,0.0,0.0,0.0,0.0,145.0,1.0,1.0,0.0,0.0,0.13,0.06,0.0,255.0,19.0,0.07,0.07,0.0,0.0,1.0,1.0,0.0,1.0,53668.0
0.0,1.0,55.0,5.0,0.0,0.0,0.0,0.0,0.0,0.0,0.0,0.0,0.0,146.0,1.0,1.0,0.0,0.0,0.06,0.07,0.0,255.0,9.0,0.04,0.06,0.0,0.0,1.0,1.0,0.0,1.0,34771.0
0.0,1.0,46.0,5.0,0.0,0.0,0.0,0.0,0.0,0.0,0.0,0.0,0.0,136.0,1.0,1.0,0.0,0.0,0.1,0.04,0.0,255.0,14.0,0.05,0.05,0.0,0.0,1.0,1.0,0.0,1.0,86422.0
0.0,2.0,46.0,9.0,28.0,0.0,3.0,0.0,0.0,0.0,0.0,0.0,0.0,73.0,0.0,0.0,0.0,0.0,1.0,0.0,0.0,145.0,73.0,0.5,0.03,0.5,0.0,0.0,0.0,0.0,1.0,57946.0
0.0,1.0,46.0,4.0,0.0,0.0,0.0,0.0,0.0,0.0,0.0,0.0,0.0,1.0,0.0,0.0,1.0,1.0,1.0,0.0,0.0,255.0,1.0,0.0,0.44,0.43,0.0,0.0,0.0,1.0,1.0,11377.0
0.0,1.0,41.0,1.0,0.0,0.0,0.0,0.0,0.0,0.0,0.0,0.0,0.0,510.0,0.21,0.0,0.79,1.0,0.0,1.0,0.0,255.0,1.0,0.0,1.0,0.0,0.0,0.17,0.0,1.0,1.0,53165.0
0.0,2.0,11.0,9.0,46.0,119.0,0.0,0.0,0.0,0.0,0.0,0.0,0.0,106.0,0.0,0.0,0.0,0.0,1.0,0.0,0.02,255.0,227.0,0.89,0.01,0.0,0.0,0.0,0.0,0.0,0.0,49521.0
0.0,1.0,46.0,5.0,0.0,0.0,0.0,0.0,0.0,0.0,0.0,0.0,0.0,83.0,1.0,1.0,0.0,0.0,0.16,0.07,0.0,191.0,13.0,0.07,0.07,0.01,0.0,1.0,1.0,0.0,1.0,54982.0
0.0,1.0,46.0,5.0,0.0,0.0,0.0,0.0,0.0,0.0,0.0,0.0,0.0,291.0,1.0,1.0,0.0,0.0,0.04,0.06,0.0,255.0,6.0,0.02,0.07,0.0,0.0,1.0,1.0,0.0,1.0,21401.0
0.0,1.0,22.0,1.0,0.0,0.0,0.0,0.0,0.0,0.0,0.0,0.0,0.0,1.0,0.0,0.0,1.0,1.0,1.0,0.0,0.0,65.0,255.0,1.0,0.0,0.02,0.15,0.0,0.01,0.99,0.0,106031.0
0.0,1.0,15.0,5.0,0.0,0.0,0.0,0.0,0.0,0.0,0.0,0.0,0.0,147.0,1.0,1.0,0.0,0.0,0.13,0.05,0.0,255.0,19.0,0.07,0.05,0.0,0.0,1.0,1.0,0.0,1.0,119541.0
0.0,1.0,46.0,5.0,0.0,0.0,0.0,0.0,0.0,0.0,0.0,0.0,0.0,4.0,1.0,1.0,0.0,0.0,0.5,0.5,0.0,255.0,2.0,0.01,0.08,0.0,0.0,1.0,1.0,0.0,1.0,58544.0
0.0,1.0,63.0,5.0,0.0,0.0,0.0,0.0,0.0,0.0,0.0,0.0,0.0,257.0,1.0,1.0,0.0,0.0,0.02,0.07,0.0,255.0,17.0,0.07,0.07,0.0,0.0,1.0,1.0,0.0,1.0,30717.0
41581.0,1.0,46.0,4.0,1.0,0.0,0.0,0.0,0.0,0.0,0.0,0.0,0.0,2.0,0.0,0.0,1.0,1.0,1.0,0.0,0.0,236.0,2.0,0.01,0.25,0.49,0.0,0.0,0.0,1.0,1.0,46974.0
0.0,1.0,21.0,5.0,0.0,0.0,0.0,0.0,0.0,0.0,0.0,0.0,0.0,266.0,1.0,1.0,0.0,0.0,0.03,0.06,0.0,255.0,20.0,0.08,0.06,0.0,0.0,1.0,1.0,0.0,1.0,50108.0
0.0,2.0,46.0,9.0,1.0,0.0,0.0,0.0,0.0,0.0,0.0,0.0,0.0,141.0,0.0,0.0,0.0,0.0,0.74,0.04,0.0,255.0,146.0,0.57,0.05,1.0,0.0,0.0,0.0,0.0,1.0,122065.0
0.0,1.0,36.0,5.0,0.0,0.0,0.0,0.0,0.0,0.0,0.0,0.0,0.0,117.0,1.0,1.0,0.0,0.0,0.03,0.05,0.0,255.0,4.0,0.02,0.05,0.0,0.0,1.0,1.0,0.0,1.0,100942.0
0.0,0.0,14.0,9.0,520.0,0.0,0.0,0.0,0.0,0.0,0.0,0.0,0.0,101.0,0.0,0.0,0.0,0.0,1.0,0.0,0.0,255.0,255.0,1.0,0.0,1.0,0.0,0.0,0.0,0.0,1.0,120145.0
0.0,1.0,65.0,5.0,0.0,0.0,0.0,0.0,0.0,0.0,0.0,0.0,0.0,214.0,1.0,1.0,0.0,0.0,0.07,0.06,0.0,255.0,7.0,0.03,0.08,0.0,0.0,1.0,1.0,0.0,1.0,121898.0
0.0,1.0,46.0,1.0,0.0,0.0,0.0,0.0,0.0,0.0,0.0,0.0,0.0,21.0,0.0,0.0,0.95,1.0,0.05,1.0,0.0,139.0,1.0,0.01,0.25,0.01,0.0,0.0,0.0,1.0,1.0,7982.0
0.0,1.0,55.0,5.0,0.0,0.0,0.0,0.0,0.0,0.0,0.0,0.0,0.0,103.0,1.0,1.0,0.0,0.0,0.03,0.07,0.0,255.0,3.0,0.01,0.06,0.0,0.0,1.0,1.0,0.0,1.0,29157.0
4.0,1.0,22.0,1.0,0.0,0.0,0.0,0.0,0.0,0.0,0.0,0.0,0.0,1.0,0.0,0.0,1.0,1.0,1.0,0.0,0.0,159.0,138.0,0.87,0.03,0.01,0.0,0.0,0.0,1.0,0.0,12855.0
0.0,1.0,41.0,1.0,0.0,0.0,0.0,0.0,0.0,0.0,0.0,0.0,0.0,511.0,0.08,0.0,0.92,1.0,0.0,1.0,0.0,255.0,1.0,0.0,1.0,0.0,0.0,0.04,0.0,1.0,1.0,17523.0
0.0,1.0,46.0,5.0,0.0,0.0,0.0,0.0,0.0,0.0,0.0,0.0,0.0,131.0,1.0,1.0,0.0,0.0,0.12,0.07,0.0,255.0,1.0,0.0,0.07,0.0,0.0,1.0,1.0,0.0,1.0,116768.0
0.0,0.0,14.0,9.0,520.0,0.0,0.0,0.0,0.0,0.0,0.0,0.0,0.0,178.0,0.0,0.0,0.0,0.0,1.0,0.0,0.0,255.0,255.0,1.0,0.0,1.0,0.0,0.0,0.0,0.0,1.0,11529.0
0.0,0.0,14.0,9.0,520.0,0.0,0.0,0.0,0.0,0.0,0.0,0.0,0.0,193.0,0.0,0.0,0.0,0.0,1.0,0.0,0.0,255.0,255.0,1.0,0.0,1.0,0.0,0.0,0.0,0.0,1.0,74505.0
0.0,1.0,46.0,5.0,0.0,0.0,0.0,0.0,0.0,0.0,0.0,0.0,0.0,250.0,1.0,1.0,0.0,0.0,0.07,0.05,0.0,255.0,18.0,0.07,0.06,0.0,0.0,1.0,1.0,0.0,1.0,36059.0
0.0,1.0,19.0,5.0,0.0,0.0,0.0,0.0,0.0,0.0,0.0,0.0,0.0,29.0,1.0,1.0,0.0,0.0,0.17,0.14,0.0,109.0,43.0,0.23,0.04,0.04,0.05,1.0,0.58,0.0,1.0,110103.0
0.0,1.0,46.0,1.0,0.0,0.0,0.0,0.0,0.0,0.0,0.0,0.0,0.0,232.0,0.0,0.0,1.0,1.0,0.06,0.06,0.0,255.0,14.0,0.05,0.06,0.0,0.0,0.0,0.0,1.0,1.0,81518.0
0.0,2.0,11.0,9.0,43.0,78.0,0.0,0.0,0.0,0.0,0.0,0.0,0.0,147.0,0.0,0.0,0.0,0.0,1.0,0.0,0.0,255.0,254.0,1.0,0.01,0.0,0.0,0.0,0.0,0.0,0.0,35823.0
0.0,2.0,11.0,9.0,45.0,45.0,0.0,0.0,0.0,0.0,0.0,0.0,0.0,114.0,0.0,0.0,0.0,0.0,1.0,0.0,0.02,255.0,254.0,1.0,0.01,0.0,0.0,0.0,0.0,0.0,0.0,37096.0
0.0,1.0,17.0,5.0,0.0,0.0,0.0,0.0,0.0,0.0,0.0,0.0,0.0,268.0,1.0,1.0,0.0,0.0,0.08,0.05,0.0,255.0,22.0,0.09,0.05,0.0,0.0,1.0,1.0,0.0,1.0,94856.0
0.0,1.0,22.0,1.0,0.0,0.0,0.0,0.0,0.0,0.0,0.0,0.0,0.0,9.0,0.0,0.0,0.56,0.56,1.0,0.0,0.0,162.0,173.0,1.0,0.0,0.01,0.03,0.01,0.01,0.31,0.0,7142.0
0.0,1.0,46.0,4.0,0.0,0.0,0.0,0.0,0.0,0.0,0.0,0.0,0.0,1.0,0.0,0.0,1.0,1.0,1.0,0.0,0.0,147.0,1.0,0.01,0.12,0.18,0.0,0.0,0.0,1.0,1.0,72874.0
0.0,1.0,62.0,5.0,0.0,0.0,0.0,0.0,0.0,0.0,0.0,0.0,0.0,148.0,1.0,1.0,0.0,0.0,0.12,0.06,0.0,255.0,15.0,0.06,0.07,0.0,0.0,1.0,1.0,0.0,1.0,52857.0
0.0,1.0,4.0,1.0,0.0,0.0,0.0,0.0,0.0,0.0,0.0,0.0,0.0,206.0,0.0,0.0,1.0,1.0,0.02,0.07,0.0,255.0,4.0,0.02,0.07,0.0,0.0,0.0,0.0,1.0,1.0,89481.0
0.0,1.0,46.0,5.0,0.0,0.0,0.0,0.0,0.0,0.0,0.0,0.0,0.0,127.0,1.0,1.0,0.0,0.0,0.15,0.05,0.0,255.0,19.0,0.07,0.06,0.0,0.0,1.0,1.0,0.0,1.0,67607.0
0.0,1.0,46.0,5.0,0.0,0.0,0.0,0.0,0.0,0.0,0.0,0.0,0.0,61.0,1.0,1.0,0.0,0.0,0.23,0.1,0.0,255.0,14.0,0.05,0.07,0.0,0.0,1.0,1.0,0.0,1.0,69779.0
0.0,0.0,13.0,9.0,8.0,0.0,0.0,0.0,0.0,0.0,0.0,0.0,0.0,1.0,0.0,0.0,0.0,0.0,1.0,0.0,1.0,1.0,81.0,1.0,0.0,1.0,0.51,0.0,0.0,0.0,1.0,105193.0
0.0,1.0,41.0,1.0,0.0,0.0,0.0,0.0,0.0,0.0,0.0,0.0,0.0,511.0,0.25,0.0,0.75,1.0,0.0,1.0,0.0,255.0,1.0,0.0,1.0,0.0,0.0,0.24,0.0,1.0,1.0,114850.0
0.0,1.0,46.0,5.0,0.0,0.0,0.0,0.0,0.0,0.0,0.0,0.0,0.0,146.0,1.0,1.0,0.0,0.0,0.12,0.05,0.0,255.0,13.0,0.05,0.08,0.0,0.0,1.0,1.0,0.0,1.0,96260.0
0.0,1.0,46.0,5.0,0.0,0.0,0.0,0.0,0.0,0.0,0.0,0.0,0.0,210.0,1.0,1.0,0.0,0.0,0.03,0.08,0.0,255.0,7.0,0.03,0.08,0.0,0.0,1.0,1.0,0.0,1.0,9784.0
0.0,1.0,46.0,1.0,0.0,0.0,0.0,0.0,0.0,0.0,0.0,0.0,0.0,2.0,0.0,0.0,1.0,1.0,0.5,1.0,0.0,255.0,1.0,0.0,0.21,0.18,0.0,0.0,0.0,1.0,1.0,111321.0
0.0,1.0,19.0,5.0,0.0,0.0,0.0,0.0,0.0,0.0,0.0,0.0,0.0,26.0,1.0,1.0,0.0,0.0,0.23,0.15,0.0,255.0,52.0,0.2,0.04,0.0,0.0,1.0,1.0,0.0,1.0,67962.0
0.0,2.0,11.0,9.0,45.0,131.0,0.0,0.0,0.0,0.0,0.0,0.0,0.0,155.0,0.0,0.0,0.0,0.0,1.0,0.0,0.01,255.0,255.0,1.0,0.0,0.0,0.0,0.0,0.0,0.0,0.0,48684.0
14265.0,1.0,41.0,4.0,1.0,0.0,0.0,0.0,0.0,0.0,0.0,0.0,0.0,2.0,0.0,0.0,1.0,1.0,1.0,0.0,0.0,255.0,2.0,0.01,0.68,1.0,0.0,0.0,0.0,1.0,1.0,88209.0
9.0,1.0,46.0,4.0,0.0,0.0,0.0,0.0,0.0,0.0,0.0,0.0,0.0,1.0,0.0,0.0,1.0,1.0,1.0,0.0,0.0,255.0,1.0,0.0,0.68,0.67,0.0,0.0,0.0,1.0,1.0,112761.0
0.0,0.0,13.0,9.0,8.0,0.0,0.0,0.0,0.0,0.0,0.0,0.0,0.0,1.0,0.0,0.0,0.0,0.0,1.0,0.0,1.0,2.0,38.0,1.0,0.0,1.0,0.26,0.0,0.0,0.0,1.0,52075.0
3295.0,2.0,41.0,9.0,146.0,105.0,0.0,0.0,0.0,0.0,0.0,0.0,0.0,3.0,0.0,0.0,0.0,0.0,0.33,0.67,0.0,255.0,1.0,0.0,0.81,1.0,0.0,0.0,0.0,0.0,0.0,79280.0
0.0,1.0,46.0,5.0,0.0,0.0,0.0,0.0,0.0,0.0,0.0,0.0,0.0,136.0,1.0,1.0,0.0,0.0,0.1,0.06,0.0,255.0,6.0,0.02,0.08,0.0,0.0,1.0,1.0,0.0,1.0,38885.0
0.0,1.0,46.0,5.0,0.0,0.0,0.0,0.0,0.0,0.0,0.0,0.0,0.0,255.0,1.0,1.0,0.0,0.0,0.02,0.06,0.0,255.0,17.0,0.07,0.08,0.0,0.0,1.0,1.0,0.0,1.0,43163.0
0.0,1.0,46.0,5.0,0.0,0.0,0.0,0.0,0.0,0.0,0.0,0.0,0.0,122.0,1.0,1.0,0.0,0.0,0.12,0.06,0.0,255.0,14.0,0.05,0.07,0.0,0.0,1.0,1.0,0.0,1.0,57459.0
0.0,2.0,46.0,9.0,1.0,0.0,0.0,0.0,0.0,0.0,0.0,0.0,0.0,24.0,0.0,0.0,0.0,0.0,0.12,0.12,0.0,255.0,3.0,0.01,0.89,0.12,0.0,0.12,0.0,0.0,1.0,67860.0
0.0,1.0,65.0,1.0,0.0,0.0,0.0,0.0,0.0,0.0,0.0,0.0,0.0,1.0,0.0,0.0,1.0,1.0,1.0,0.0,0.0,24.0,2.0,0.04,1.0,0.04,1.0,0.0,0.0,1.0,1.0,17884.0
0.0,1.0,21.0,1.0,0.0,0.0,0.0,0.0,0.0,0.0,0.0,0.0,0.0,158.0,0.0,0.0,1.0,1.0,0.09,0.08,0.0,255.0,14.0,0.05,0.07,0.0,0.0,0.0,0.0,1.0,1.0,96777.0
0.0,1.0,8.0,5.0,0.0,0.0,0.0,0.0,0.0,0.0,0.0,0.0,0.0,262.0,1.0,1.0,0.0,0.0,0.01,0.06,0.0,255.0,2.0,0.01,0.07,0.0,0.0,1.0,1.0,0.0,1.0,43577.0
0.0,2.0,11.0,9.0,42.0,179.0,0.0,0.0,0.0,0.0,0.0,0.0,0.0,160.0,0.0,0.0,0.0,0.0,1.0,0.0,0.0,255.0,255.0,1.0,0.0,0.0,0.0,0.0,0.0,0.0,0.0,81642.0
0.0,1.0,35.0,1.0,0.0,0.0,0.0,0.0,0.0,0.0,0.0,0.0,0.0,234.0,0.0,0.0,1.0,1.0,0.04,0.07,0.0,255.0,9.0,0.04,0.07,0.0,0.0,0.0,0.0,1.0,1.0,66632.0
0.0,1.0,3.0,1.0,0.0,0.0,0.0,0.0,0.0,0.0,0.0,0.0,0.0,266.0,0.0,0.0,1.0,1.0,0.03,0.06,0.0,255.0,9.0,0.04,0.07,0.0,0.0,0.0,0.0,1.0,1.0,24435.0
0.0,2.0,46.0,9.0,28.0,0.0,3.0,0.0,0.0,0.0,0.0,0.0,0.0,27.0,0.0,0.0,0.04,0.0,0.96,0.07,0.0,255.0,26.0,0.1,0.02,0.1,0.0,0.0,0.0,0.0,1.0,119632.0
0.0,1.0,22.0,5.0,0.0,0.0,0.0,0.0,0.0,0.0,0.0,0.0,0.0,19.0,1.0,1.0,0.0,0.0,0.63,0.21,0.0,255.0,58.0,0.23,0.02,0.0,0.0,1.0,1.0,0.0,1.0,1724.0
0.0,1.0,21.0,5.0,0.0,0.0,0.0,0.0,0.0,0.0,0.0,0.0,0.0,246.0,1.0,1.0,0.0,0.0,0.06,0.05,0.0,255.0,15.0,0.06,0.06,0.0,0.0,1.0,1.0,0.0,1.0,115550.0
0.0,1.0,46.0,5.0,0.0,0.0,0.0,0.0,0.0,0.0,0.0,0.0,0.0,157.0,1.0,1.0,0.0,0.0,0.16,0.05,0.0,255.0,25.0,0.1,0.05,0.0,0.0,1.0,1.0,0.0,1.0,68597.0
0.0,1.0,30.0,5.0,0.0,0.0,0.0,0.0,0.0,0.0,0.0,0.0,0.0,267.0,1.0,1.0,0.0,0.0,0.02,0.07,0.0,255.0,5.0,0.02,0.08,0.0,0.0,1.0,1.0,0.0,1.0,56717.0
0.0,1.0,19.0,5.0,0.0,0.0,0.0,0.0,0.0,0.0,0.0,0.0,0.0,234.0,1.0,1.0,0.0,0.0,0.1,0.06,0.0,255.0,23.0,0.09,0.06,0.0,0.0,1.0,1.0,0.0,1.0,104131.0
0.0,0.0,13.0,9.0,8.0,0.0,0.0,0.0,0.0,0.0,0.0,0.0,0.0,1.0,0.0,0.0,0.0,0.0,1.0,0.0,0.0,2.0,118.0,1.0,0.0,1.0,0.25,0.0,0.0,0.0,1.0,19131.0
0.0,1.0,22.0,5.0,0.0,0.0,0.0,0.0,0.0,0.0,0.0,0.0,0.0,7.0,1.0,1.0,0.0,0.0,0.29,0.57,0.0,255.0,59.0,0.23,0.04,0.01,0.0,1.0,1.0,0.0,1.0,41036.0
0.0,1.0,30.0,5.0,0.0,0.0,0.0,0.0,0.0,0.0,0.0,0.0,0.0,247.0,1.0,1.0,0.0,0.0,0.07,0.06,0.0,255.0,18.0,0.07,0.07,0.0,0.0,1.0,1.0,0.0,1.0,114627.0
0.0,1.0,10.0,5.0,0.0,0.0,0.0,0.0,0.0,0.0,0.0,0.0,0.0,201.0,1.0,1.0,0.0,0.0,0.01,0.06,0.0,255.0,13.0,0.05,0.07,0.0,0.0,1.0,1.0,0.0,1.0,55170.0
0.0,1.0,37.0,5.0,0.0,0.0,0.0,0.0,0.0,0.0,0.0,0.0,0.0,124.0,1.0,1.0,0.0,0.0,0.15,0.06,0.0,255.0,19.0,0.07,0.06,0.0,0.0,1.0,1.0,0.0,1.0,102867.0
0.0,1.0,46.0,5.0,0.0,0.0,0.0,0.0,0.0,0.0,0.0,0.0,0.0,259.0,1.0,1.0,0.0,0.0,0.01,0.06,0.0,255.0,3.0,0.01,0.06,0.0,0.0,1.0,1.0,0.0,1.0,23685.0
0.0,1.0,10.0,5.0,0.0,0.0,0.0,0.0,0.0,0.0,0.0,0.0,0.0,289.0,1.0,1.0,0.0,0.0,0.04,0.06,0.0,255.0,20.0,0.08,0.06,0.0,0.0,1.0,1.0,0.0,1.0,66499.0
0.0,1.0,46.0,1.0,0.0,0.0,0.0,0.0,0.0,0.0,0.0,0.0,0.0,29.0,0.0,0.0,1.0,1.0,0.31,0.1,0.0,255.0,29.0,0.11,0.06,0.0,0.0,0.0,0.0,1.0,1.0,45648.0
0.0,2.0,11.0,9.0,45.0,45.0,0.0,0.0,0.0,0.0,0.0,0.0,0.0,166.0,0.0,0.0,0.0,0.0,1.0,0.0,0.0,255.0,254.0,1.0,0.01,0.01,0.0,0.0,0.0,0.0,0.0,122414.0
0.0,1.0,33.0,5.0,0.0,0.0,0.0,0.0,0.0,0.0,0.0,0.0,0.0,119.0,1.0,1.0,0.0,0.0,0.03,0.07,0.0,255.0,4.0,0.02,0.08,0.0,0.0,1.0,1.0,0.0,1.0,86115.0
0.0,1.0,65.0,5.0,0.0,0.0,0.0,0.0,0.0,0.0,0.0,0.0,0.0,278.0,1.0,1.0,0.0,0.0,0.09,0.05,0.0,255.0,25.0,0.1,0.05,0.0,0.0,1.0,1.0,0.0,1.0,22378.0
0.0,2.0,46.0,9.0,28.0,0.0,3.0,0.0,0.0,0.0,0.0,0.0,0.0,56.0,0.0,0.0,0.0,0.0,1.0,0.0,0.0,255.0,56.0,0.22,0.04,0.22,0.0,0.02,0.0,0.0,1.0,113122.0
0.0,1.0,57.0,5.0,0.0,0.0,0.0,0.0,0.0,0.0,0.0,0.0,0.0,246.0,1.0,1.0,0.0,0.0,0.08,0.07,0.0,255.0,19.0,0.07,0.07,0.0,0.0,1.0,1.0,0.0,1.0,58418.0
0.0,1.0,46.0,5.0,0.0,0.0,0.0,0.0,0.0,0.0,0.0,0.0,0.0,270.0,1.0,1.0,0.0,0.0,0.03,0.06,0.0,255.0,24.0,0.09,0.06,0.0,0.0,1.0,1.0,0.0,1.0,81539.0
0.0,1.0,62.0,5.0,0.0,0.0,0.0,0.0,0.0,0.0,0.0,0.0,0.0,122.0,1.0,1.0,0.0,0.0,0.14,0.06,0.0,255.0,17.0,0.07,0.06,0.0,0.0,1.0,1.0,0.0,1.0,118006.0
0.0,0.0,13.0,9.0,8.0,0.0,0.0,0.0,0.0,0.0,0.0,0.0,0.0,1.0,0.0,0.0,0.0,0.0,1.0,0.0,1.0,2.0,28.0,1.0,0.0,1.0,0.5,0.0,0.0,0.0,1.0,50544.0
0.0,1.0,46.0,1.0,0.0,0.0,0.0,0.0,0.0,0.0,0.0,0.0,0.0,1.0,0.0,0.0,1.0,1.0,1.0,0.0,0.0,28.0,2.0,0.04,1.0,0.04,1.0,0.0,0.0,1.0,1.0,88875.0
0.0,1.0,19.0,9.0,12.0,0.0,0.0,0.0,0.0,0.0,0.0,0.0,0.0,2.0,0.0,0.0,0.0,0.0,1.0,0.0,0.75,84.0,76.0,0.29,0.05,0.29,0.04,0.0,0.0,0.0,0.0,125830.0
0.0,2.0,41.0,9.0,1.0,0.0,0.0,0.0,0.0,0.0,0.0,0.0,0.0,10.0,0.0,0.0,0.0,0.0,0.1,0.8,0.0,255.0,1.0,0.0,0.22,1.0,0.0,0.0,0.0,0.0,1.0,18942.0
6305.0,2.0,41.0,9.0,145.0,105.0,0.0,0.0,0.0,0.0,0.0,0.0,0.0,2.0,0.0,0.0,0.0,0.0,1.0,0.0,0.0,255.0,2.0,0.01,0.62,0.9,0.0,0.0,0.0,0.0,0.0,72777.0
0.0,2.0,11.0,9.0,45.0,70.0,0.0,0.0,0.0,0.0,0.0,0.0,0.0,117.0,0.0,0.0,0.0,0.0,1.0,0.0,0.02,255.0,254.0,1.0,0.01,0.0,0.0,0.0,0.0,0.0,0.0,76459.0
0.0,1.0,46.0,5.0,0.0,0.0,0.0,0.0,0.0,0.0,0.0,0.0,0.0,129.0,1.0,1.0,0.0,0.0,0.16,0.07,0.0,74.0,20.0,0.27,0.11,0.01,0.0,1.0,1.0,0.0,1.0,95412.0
0.0,2.0,11.0,9.0,45.0,77.0,0.0,0.0,0.0,0.0,0.0,0.0,0.0,174.0,0.0,0.0,0.0,0.0,0.99,0.01,0.0,255.0,254.0,1.0,0.01,0.01,0.0,0.0,0.0,0.0,0.0,71188.0
0.0,1.0,46.0,5.0,0.0,0.0,0.0,0.0,0.0,0.0,0.0,0.0,0.0,132.0,1.0,1.0,0.0,0.0,0.14,0.06,0.0,187.0,19.0,0.1,0.06,0.01,0.0,1.0,1.0,0.0,1.0,38323.0
0.0,1.0,46.0,5.0,0.0,0.0,0.0,0.0,0.0,0.0,0.0,0.0,0.0,117.0,1.0,1.0,0.0,0.0,0.11,0.06,0.0,255.0,13.0,0.05,0.05,0.0,0.0,1.0,1.0,0.0,1.0,64424.0
0.0,2.0,11.0,9.0,43.0,72.0,0.0,0.0,0.0,0.0,0.0,0.0,0.0,126.0,0.0,0.0,0.0,0.0,0.99,0.02,0.02,255.0,254.0,1.0,0.01,0.0,0.0,0.0,0.0,0.0,0.0,91391.0
0.0,1.0,46.0,1.0,0.0,0.0,0.0,0.0,0.0,0.0,0.0,0.0,0.0,2.0,0.0,0.0,1.0,1.0,0.5,1.0,0.0,255.0,1.0,0.0,0.5,0.48,0.0,0.0,0.0,1.0,1.0,89308.0
0.0,1.0,46.0,1.0,0.0,0.0,0.0,0.0,0.0,0.0,0.0,0.0,0.0,1.0,0.0,0.0,1.0,1.0,1.0,0.0,0.0,40.0,1.0,0.03,1.0,0.03,0.0,0.0,0.0,1.0,1.0,115315.0
0.0,0.0,13.0,9.0,8.0,0.0,0.0,0.0,0.0,0.0,0.0,0.0,0.0,1.0,0.0,0.0,0.0,0.0,1.0,0.0,1.0,1.0,33.0,1.0,0.0,1.0,0.52,0.0,0.0,0.0,1.0,2587.0
0.0,1.0,38.0,5.0,0.0,0.0,0.0,0.0,0.0,0.0,0.0,0.0,0.0,150.0,1.0,1.0,0.0,0.0,0.13,0.06,0.0,255.0,20.0,0.08,0.07,0.0,0.0,1.0,1.0,0.0,1.0,82094.0
0.0,1.0,59.0,5.0,0.0,0.0,0.0,0.0,0.0,0.0,0.0,0.0,0.0,229.0,1.0,1.0,0.0,0.0,0.06,0.07,0.0,255.0,14.0,0.05,0.08,0.0,0.0,1.0,1.0,0.0,1.0,10674.0
3.0,1.0,46.0,4.0,0.0,0.0,0.0,0.0,0.0,0.0,0.0,0.0,0.0,339.0,0.0,0.0,1.0,1.0,0.01,0.52,0.0,255.0,2.0,0.01,0.52,1.0,0.0,0.0,0.0,1.0,1.0,45878.0
0.0,2.0,46.0,9.0,1.0,0.0,0.0,0.0,0.0,0.0,0.0,0.0,0.0,14.0,0.0,0.0,0.0,0.0,0.07,0.79,0.0,255.0,1.0,0.0,0.46,0.66,0.0,0.03,0.0,0.0,1.0,24343.0
0.0,1.0,46.0,5.0,0.0,0.0,0.0,0.0,0.0,0.0,0.0,0.0,0.0,240.0,1.0,1.0,0.0,0.0,0.05,0.07,0.0,255.0,14.0,0.05,0.06,0.0,0.0,1.0,1.0,0.0,1.0,101898.0
0.0,1.0,18.0,2.0,0.0,0.0,0.0,0.0,0.0,0.0,0.0,0.0,0.0,1.0,0.0,0.0,1.0,1.0,1.0,0.0,0.0,44.0,11.0,0.25,0.09,0.02,0.0,0.0,0.0,0.18,0.0,115380.0
0.0,1.0,8.0,2.0,0.0,0.0,0.0,0.0,0.0,0.0,0.0,0.0,0.0,260.0,0.0,0.0,1.0,1.0,0.04,0.06,0.0,255.0,11.0,0.04,0.06,0.0,0.0,0.0,0.0,1.0,1.0,62408.0
0.0,1.0,32.0,5.0,0.0,0.0,0.0,0.0,0.0,0.0,0.0,0.0,0.0,247.0,1.0,1.0,0.0,0.0,0.01,0.06,0.0,255.0,3.0,0.01,0.08,0.0,0.0,1.0,1.0,0.0,1.0,124569.0
0.0,1.0,46.0,5.0,0.0,0.0,0.0,0.0,0.0,0.0,0.0,0.0,0.0,227.0,1.0,1.0,0.0,0.0,0.04,0.07,0.0,255.0,8.0,0.03,0.08,0.0,0.0,1.0,1.0,0.0,1.0,119281.0
0.0,0.0,14.0,9.0,520.0,0.0,0.0,0.0,0.0,0.0,0.0,0.0,0.0,443.0,0.0,0.0,0.0,0.0,1.0,0.0,0.0,3.0,3.0,1.0,0.0,1.0,0.0,0.0,0.0,0.0,1.0,49947.0
0.0,1.0,16.0,5.0,0.0,0.0,0.0,0.0,0.0,0.0,0.0,0.0,0.0,122.0,1.0,1.0,0.0,0.0,0.16,0.06,0.0,255.0,20.0,0.08,0.07,0.0,0.0,1.0,1.0,0.0,1.0,124893.0
0.0,0.0,13.0,9.0,8.0,0.0,0.0,0.0,0.0,0.0,0.0,0.0,0.0,1.0,0.0,0.0,0.0,0.0,1.0,0.0,1.0,4.0,61.0,1.0,0.0,1.0,0.26,0.0,0.0,0.0,1.0,44099.0
0.0,1.0,46.0,5.0,0.0,0.0,0.0,0.0,0.0,0.0,0.0,0.0,0.0,102.0,1.0,1.0,0.0,0.0,0.02,0.07,0.0,255.0,19.0,0.07,0.08,0.0,0.0,1.0,1.0,0.0,1.0,107259.0
0.0,1.0,59.0,5.0,0.0,0.0,0.0,0.0,0.0,0.0,0.0,0.0,0.0,232.0,1.0,1.0,0.0,0.0,0.06,0.07,0.0,255.0,13.0,0.05,0.07,0.0,0.0,1.0,1.0,0.0,1.0,107522.0
0.0,1.0,46.0,5.0,0.0,0.0,0.0,0.0,0.0,0.0,0.0,0.0,0.0,304.0,1.0,1.0,0.0,0.0,0.07,0.06,0.0,255.0,7.0,0.03,0.06,0.0,0.0,1.0,1.0,0.0,1.0,124899.0
0.0,1.0,46.0,5.0,0.0,0.0,0.0,0.0,0.0,0.0,0.0,0.0,0.0,244.0,1.0,1.0,0.0,0.0,0.07,0.06,0.0,255.0,11.0,0.04,0.08,0.0,0.0,1.0,1.0,0.0,1.0,25318.0
0.0,1.0,46.0,4.0,0.0,0.0,0.0,0.0,0.0,0.0,0.0,0.0,0.0,1.0,0.0,0.0,1.0,1.0,1.0,0.0,0.0,255.0,1.0,0.0,0.53,0.52,0.0,0.0,0.0,1.0,1.0,102114.0
0.0,1.0,18.0,5.0,0.0,0.0,0.0,0.0,0.0,0.0,0.0,0.0,0.0,223.0,1.0,1.0,0.0,0.0,0.0,0.07,0.0,255.0,2.0,0.01,0.08,0.0,0.0,1.0,1.0,0.0,1.0,83427.0
0.0,1.0,46.0,5.0,0.0,0.0,0.0,0.0,0.0,0.0,0.0,0.0,0.0,24.0,1.0,1.0,0.0,0.0,0.08,0.17,0.0,255.0,14.0,0.05,0.08,0.0,0.0,1.0,1.0,0.0,1.0,29365.0
0.0,0.0,13.0,9.0,8.0,0.0,0.0,0.0,0.0,0.0,0.0,0.0,0.0,1.0,0.0,0.0,0.0,0.0,1.0,0.0,1.0,2.0,68.0,1.0,0.0,1.0,0.5,0.0,0.0,0.0,1.0,87915.0
0.0,2.0,46.0,9.0,28.0,0.0,3.0,0.0,0.0,0.0,0.0,0.0,0.0,52.0,0.0,0.0,0.0,0.0,1.0,0.0,0.0,255.0,52.0,0.2,0.64,0.2,0.0,0.01,0.0,0.0,1.0,34888.0
0.0,1.0,19.0,9.0,11.0,0.0,0.0,0.0,0.0,0.0,0.0,0.0,0.0,1.0,0.0,0.0,0.0,0.0,1.0,0.0,0.0,255.0,25.0,0.1,0.01,0.1,0.0,0.69,0.0,0.0,0.0,10860.0
0.0,1.0,2.0,1.0,0.0,0.0,0.0,0.0,0.0,0.0,0.0,0.0,0.0,203.0,0.0,0.0,1.0,1.0,0.01,0.07,0.0,255.0,3.0,0.01,0.07,0.0,0.0,0.0,0.0,1.0,1.0,105150.0
0.0,1.0,19.0,5.0,0.0,0.0,0.0,0.0,0.0,0.0,0.0,0.0,0.0,118.0,1.0,1.0,0.0,0.0,0.11,0.07,0.0,255.0,13.0,0.05,0.08,0.0,0.0,1.0,1.0,0.0,1.0,2966.0
0.0,2.0,11.0,9.0,45.0,75.0,0.0,0.0,0.0,0.0,0.0,0.0,0.0,120.0,0.0,0.0,0.0,0.0,1.0,0.0,0.0,255.0,255.0,1.0,0.0,0.0,0.0,0.0,0.0,0.0,0.0,91832.0
0.0,1.0,3.0,5.0,0.0,0.0,0.0,0.0,0.0,0.0,0.0,0.0,0.0,233.0,1.0,1.0,0.0,0.0,0.0,0.06,0.0,255.0,1.0,0.0,0.07,0.0,0.0,1.0,1.0,0.0,1.0,113635.0
0.0,0.0,14.0,9.0,520.0,0.0,0.0,0.0,0.0,0.0,0.0,0.0,0.0,461.0,0.0,0.0,0.0,0.0,1.0,0.0,0.0,192.0,192.0,1.0,0.0,1.0,0.0,0.0,0.0,0.0,1.0,66379.0
0.0,1.0,46.0,1.0,0.0,0.0,0.0,0.0,0.0,0.0,0.0,0.0,0.0,440.0,0.0,0.0,1.0,1.0,0.0,0.52,0.0,255.0,1.0,0.0,0.51,1.0,0.0,0.0,0.0,1.0,1.0,113857.0
0.0,1.0,46.0,5.0,0.0,0.0,0.0,0.0,0.0,0.0,0.0,0.0,0.0,111.0,1.0,1.0,0.0,0.0,0.05,0.06,0.0,255.0,21.0,0.08,0.06,0.0,0.0,1.0,1.0,0.0,1.0,40872.0
0.0,1.0,46.0,1.0,0.0,0.0,0.0,0.0,0.0,0.0,0.0,0.0,0.0,79.0,0.01,0.0,0.92,1.0,0.01,1.0,0.0,255.0,1.0,0.0,0.34,0.0,0.0,0.0,0.0,1.0,1.0,97317.0
0.0,1.0,46.0,1.0,0.0,0.0,0.0,0.0,0.0,0.0,0.0,0.0,0.0,105.0,0.0,0.0,1.0,1.0,0.15,0.06,0.0,255.0,16.0,0.06,0.07,0.0,0.0,0.0,0.0,1.0,1.0,20590.0
0.0,1.0,46.0,5.0,0.0,0.0,0.0,0.0,0.0,0.0,0.0,0.0,0.0,248.0,1.0,1.0,0.0,0.0,0.04,0.06,0.0,255.0,11.0,0.04,0.06,0.0,0.0,1.0,1.0,0.0,1.0,76495.0
0.0,1.0,46.0,5.0,0.0,0.0,0.0,0.0,0.0,0.0,0.0,0.0,0.0,192.0,1.0,1.0,0.0,0.0,0.03,0.06,0.0,255.0,6.0,0.02,0.05,0.0,0.0,1.0,1.0,0.0,1.0,95784.0
0.0,1.0,7.0,5.0,0.0,0.0,0.0,0.0,0.0,0.0,0.0,0.0,0.0,266.0,1.0,1.0,0.0,0.0,0.03,0.06,0.0,255.0,9.0,0.04,0.07,0.0,0.0,1.0,1.0,0.0,1.0,21721.0
0.0,1.0,54.0,5.0,0.0,0.0,0.0,0.0,0.0,0.0,0.0,0.0,0.0,146.0,1.0,1.0,0.0,0.0,0.12,0.05,0.0,255.0,3.0,0.01,0.08,0.0,0.0,1.0,1.0,0.0,1.0,37780.0
0.0,1.0,2.0,5.0,0.0,0.0,0.0,0.0,0.0,0.0,0.0,0.0,0.0,228.0,1.0,1.0,0.0,0.0,0.06,0.05,0.0,255.0,13.0,0.05,0.05,0.0,0.0,1.0,1.0,0.0,1.0,19903.0
0.0,1.0,5.0,5.0,0.0,0.0,0.0,0.0,0.0,0.0,0.0,0.0,0.0,113.0,1.0,1.0,0.0,0.0,0.15,0.05,0.0,255.0,17.0,0.07,0.06,0.0,0.0,1.0,1.0,0.0,1.0,93066.0
0.0,1.0,46.0,5.0,0.0,0.0,0.0,0.0,0.0,0.0,0.0,0.0,0.0,102.0,0.98,1.0,0.0,0.0,0.06,0.07,0.0,255.0,18.0,0.07,0.06,0.0,0.0,1.0,1.0,0.0,1.0,21288.0
0.0,1.0,41.0,1.0,0.0,0.0,0.0,0.0,0.0,0.0,0.0,0.0,0.0,336.0,0.09,0.0,0.9,1.0,0.0,1.0,0.0,255.0,1.0,0.0,1.0,0.0,0.0,0.09,0.0,1.0,1.0,27839.0
1.0,1.0,46.0,4.0,0.0,0.0,0.0,0.0,0.0,0.0,0.0,0.0,0.0,321.0,0.0,0.0,1.0,1.0,0.01,0.5,0.0,255.0,2.0,0.01,0.51,1.0,0.0,0.0,0.0,1.0,1.0,31044.0
0.0,1.0,64.0,5.0,0.0,0.0,0.0,0.0,0.0,0.0,0.0,0.0,0.0,122.0,1.0,1.0,0.0,0.0,0.09,0.06,0.0,255.0,11.0,0.04,0.05,0.0,0.0,1.0,1.0,0.0,1.0,49409.0
0.0,0.0,14.0,9.0,1032.0,0.0,0.0,0.0,0.0,0.0,0.0,0.0,0.0,438.0,0.0,0.0,0.0,0.0,1.0,0.0,0.0,255.0,255.0,1.0,0.0,1.0,0.0,0.0,0.0,0.0,1.0,31355.0
0.0,1.0,25.0,5.0,0.0,0.0,0.0,0.0,0.0,0.0,0.0,0.0,0.0,209.0,1.0,1.0,0.0,0.0,0.1,0.06,0.0,255.0,21.0,0.08,0.05,0.0,0.0,1.0,1.0,0.0,1.0,13936.0
0.0,0.0,14.0,9.0,520.0,0.0,0.0,0.0,0.0,0.0,0.0,0.0,0.0,478.0,0.0,0.0,0.0,0.0,1.0,0.0,0.0,135.0,135.0,1.0,0.0,1.0,0.0,0.0,0.0,0.0,1.0,7037.0
0.0,1.0,12.0,5.0,0.0,0.0,0.0,0.0,0.0,0.0,0.0,0.0,0.0,149.0,1.0,1.0,0.0,0.0,0.16,0.05,0.0,255.0,12.0,0.05,0.06,0.0,0.0,1.0,1.0,0.0,1.0,33267.0
0.0,1.0,46.0,1.0,0.0,0.0,0.0,0.0,0.0,0.0,0.0,0.0,0.0,146.0,0.0,0.0,1.0,1.0,0.01,0.07,0.0,255.0,2.0,0.01,0.08,0.0,0.0,0.0,0.0,1.0,1.0,101008.0
0.0,1.0,38.0,5.0,0.0,0.0,0.0,0.0,0.0,0.0,0.0,0.0,0.0,118.0,1.0,1.0,0.0,0.0,0.17,0.05,0.0,255.0,12.0,0.05,0.05,0.0,0.0,1.0,1.0,0.0,1.0,52226.0
0.0,1.0,10.0,5.0,0.0,0.0,0.0,0.0,0.0,0.0,0.0,0.0,0.0,110.0,1.0,1.0,0.0,0.0,0.18,0.05,0.0,255.0,6.0,0.02,0.07,0.0,0.0,1.0,1.0,0.0,1.0,7838.0
0.0,1.0,46.0,1.0,0.0,0.0,0.0,0.0,0.0,0.0,0.0,0.0,0.0,289.0,0.11,0.0,0.89,1.0,0.0,1.0,0.0,255.0,1.0,0.0,1.0,0.0,0.0,0.1,0.0,1.0,1.0,35336.0
0.0,2.0,46.0,9.0,1.0,0.0,0.0,0.0,0.0,0.0,0.0,0.0,0.0,23.0,0.0,0.0,0.0,0.0,0.83,0.09,0.0,255.0,24.0,0.09,0.71,0.33,0.0,0.06,0.0,0.0,1.0,18195.0
0.0,2.0,46.0,9.0,1.0,0.0,0.0,0.0,0.0,0.0,0.0,0.0,0.0,120.0,0.0,0.0,0.0,0.0,0.92,0.02,0.0,255.0,180.0,0.71,0.04,1.0,0.0,0.0,0.0,0.0,1.0,9587.0
1.0,1.0,46.0,3.0,0.0,0.0,0.0,0.0,0.0,0.0,0.0,0.0,0.0,180.0,0.67,0.5,0.33,0.5,0.01,0.4,0.0,255.0,2.0,0.01,0.28,0.71,0.0,0.47,0.5,0.5,1.0,70464.0
0.0,2.0,11.0,9.0,44.0,129.0,0.0,0.0,0.0,0.0,0.0,0.0,0.0,135.0,0.0,0.0,0.0,0.0,1.0,0.0,0.01,255.0,255.0,1.0,0.0,0.0,0.0,0.0,0.0,0.0,0.0,118847.0
0.0,1.0,9.0,1.0,0.0,0.0,0.0,0.0,0.0,0.0,0.0,0.0,0.0,165.0,0.13,0.0,0.87,1.0,0.01,0.58,0.0,255.0,1.0,0.0,0.38,0.65,0.0,0.08,0.0,1.0,1.0,73968.0
0.0,1.0,33.0,5.0,0.0,0.0,0.0,0.0,0.0,0.0,0.0,0.0,0.0,296.0,1.0,1.0,0.0,0.0,0.05,0.05,0.0,255.0,5.0,0.02,0.08,0.0,0.0,1.0,1.0,0.0,1.0,94921.0
1643.0,2.0,41.0,9.0,147.0,105.0,0.0,0.0,0.0,0.0,0.0,0.0,0.0,1.0,0.0,0.0,0.0,0.0,1.0,0.0,0.0,255.0,2.0,0.01,0.75,0.98,0.0,0.0,0.0,0.0,0.0,46819.0
0.0,1.0,39.0,5.0,0.0,0.0,0.0,0.0,0.0,0.0,0.0,0.0,0.0,126.0,1.0,1.0,0.0,0.0,0.01,0.08,0.0,255.0,1.0,0.0,0.07,0.0,0.0,1.0,1.0,0.0,1.0,32343.0
0.0,1.0,22.0,5.0,0.0,0.0,0.0,0.0,0.0,0.0,0.0,0.0,0.0,259.0,1.0,1.0,0.0,0.0,0.03,0.07,0.0,255.0,7.0,0.03,0.08,0.0,0.0,1.0,1.0,0.0,1.0,51817.0
0.0,1.0,22.0,1.0,0.0,0.0,0.0,0.0,0.0,0.0,0.0,0.0,0.0,1.0,0.0,0.0,1.0,1.0,1.0,0.0,0.0,32.0,223.0,1.0,0.0,0.03,0.15,0.0,0.0,0.97,0.0,52955.0
0.0,1.0,46.0,5.0,0.0,0.0,0.0,0.0,0.0,0.0,0.0,0.0,0.0,243.0,1.0,1.0,0.0,0.0,0.03,0.07,0.0,255.0,7.0,0.03,0.07,0.0,0.0,1.0,1.0,0.0,1.0,116749.0
0.0,1.0,41.0,1.0,0.0,0.0,0.0,0.0,0.0,0.0,0.0,0.0,0.0,511.0,0.11,0.0,0.88,1.0,0.0,1.0,0.0,255.0,1.0,0.0,1.0,0.0,0.0,0.09,0.0,1.0,1.0,110659.0
0.0,1.0,34.0,5.0,0.0,0.0,0.0,0.0,0.0,0.0,0.0,0.0,0.0,272.0,1.0,1.0,0.0,0.0,0.03,0.06,0.0,255.0,7.0,0.03,0.06,0.0,0.0,1.0,1.0,0.0,1.0,84868.0
0.0,0.0,13.0,9.0,8.0,0.0,0.0,0.0,0.0,0.0,0.0,0.0,0.0,1.0,0.0,0.0,0.0,0.0,1.0,0.0,1.0,2.0,20.0,1.0,0.0,1.0,0.5,0.0,0.0,0.0,1.0,18045.0
0.0,1.0,46.0,5.0,0.0,0.0,0.0,0.0,0.0,0.0,0.0,0.0,0.0,127.0,1.0,1.0,0.0,0.0,0.03,0.05,0.0,255.0,4.0,0.02,0.05,0.0,0.0,1.0,1.0,0.0,1.0,47159.0
0.0,1.0,46.0,5.0,0.0,0.0,0.0,0.0,0.0,0.0,0.0,0.0,0.0,141.0,1.0,1.0,0.0,0.0,0.09,0.06,0.0,255.0,12.0,0.05,0.07,0.0,0.0,1.0,1.0,0.0,1.0,123451.0
0.0,1.0,4.0,1.0,0.0,0.0,0.0,0.0,0.0,0.0,0.0,0.0,0.0,208.0,0.0,0.0,1.0,1.0,0.02,0.07,0.0,255.0,4.0,0.02,0.08,0.0,0.0,0.0,0.0,1.0,1.0,79615.0
0.0,1.0,46.0,5.0,0.0,0.0,0.0,0.0,0.0,0.0,0.0,0.0,0.0,130.0,1.0,1.0,0.0,0.0,0.02,0.07,0.0,75.0,2.0,0.03,0.11,0.01,0.0,1.0,1.0,0.0,1.0,3724.0
0.0,1.0,46.0,5.0,0.0,0.0,0.0,0.0,0.0,0.0,0.0,0.0,0.0,202.0,1.0,1.0,0.0,0.0,0.01,0.06,0.0,255.0,17.0,0.07,0.06,0.0,0.0,1.0,1.0,0.0,1.0,35886.0
0.0,1.0,22.0,9.0,307.0,190.0,0.0,0.0,1.0,0.0,0.0,0.0,0.0,6.0,0.0,0.0,0.0,0.0,1.0,0.0,0.0,255.0,255.0,1.0,0.0,0.0,0.0,0.0,0.0,0.0,0.0,73766.0
3466.0,2.0,41.0,9.0,147.0,105.0,0.0,0.0,0.0,0.0,0.0,0.0,0.0,1.0,0.0,0.0,0.0,0.0,1.0,0.0,0.0,255.0,1.0,0.0,0.49,0.68,0.0,0.0,0.0,0.0,0.0,122575.0
0.0,0.0,13.0,9.0,8.0,0.0,0.0,0.0,0.0,0.0,0.0,0.0,0.0,1.0,0.0,0.0,0.0,0.0,1.0,0.0,1.0,2.0,158.0,1.0,0.0,1.0,0.5,0.0,0.0,0.0,1.0,72216.0
0.0,2.0,46.0,9.0,1.0,0.0,0.0,0.0,0.0,0.0,0.0,0.0,0.0,54.0,0.0,0.0,0.0,0.0,0.15,0.09,0.0,255.0,8.0,0.03,0.02,0.03,0.0,0.0,0.0,0.0,1.0,88443.0
0.0,1.0,46.0,5.0,0.0,0.0,0.0,0.0,0.0,0.0,0.0,0.0,0.0,209.0,1.0,1.0,0.0,0.0,0.06,0.06,0.0,248.0,12.0,0.05,0.07,0.0,0.0,0.94,1.0,0.0,1.0,103802.0
0.0,1.0,46.0,5.0,0.0,0.0,0.0,0.0,0.0,0.0,0.0,0.0,0.0,66.0,1.0,1.0,0.0,0.0,0.26,0.08,0.0,255.0,17.0,0.07,0.07,0.0,0.0,1.0,1.0,0.0,1.0,34236.0
37688.0,1.0,46.0,4.0,1.0,0.0,0.0,0.0,0.0,0.0,0.0,0.0,0.0,2.0,0.0,0.0,1.0,1.0,1.0,0.0,0.0,255.0,2.0,0.01,0.5,1.0,0.0,0.0,0.0,1.0,1.0,2273.0
0.0,1.0,46.0,4.0,0.0,0.0,0.0,0.0,0.0,0.0,0.0,0.0,0.0,1.0,0.0,0.0,1.0,1.0,1.0,0.0,0.0,223.0,1.0,0.0,0.24,0.46,0.0,0.0,0.0,1.0,1.0,122132.0
0.0,1.0,46.0,4.0,0.0,0.0,0.0,0.0,0.0,0.0,0.0,0.0,0.0,1.0,0.0,0.0,1.0,1.0,1.0,0.0,0.0,177.0,1.0,0.01,0.17,0.32,0.0,0.0,0.0,1.0,1.0,33994.0
0.0,2.0,11.0,9.0,30.0,0.0,0.0,0.0,0.0,0.0,0.0,0.0,0.0,1.0,0.0,0.0,0.0,0.0,1.0,0.0,1.0,59.0,1.0,0.02,0.64,0.02,0.0,0.0,0.0,0.0,0.0,123077.0
0.0,1.0,46.0,5.0,0.0,0.0,0.0,0.0,0.0,0.0,0.0,0.0,0.0,133.0,1.0,1.0,0.0,0.0,0.08,0.06,0.0,255.0,14.0,0.05,0.08,0.0,0.0,1.0,1.0,0.0,1.0,83610.0
0.0,0.0,14.0,9.0,520.0,0.0,0.0,0.0,0.0,0.0,0.0,0.0,0.0,446.0,0.0,0.0,0.0,0.0,1.0,0.0,0.0,194.0,194.0,1.0,0.0,1.0,0.0,0.0,0.0,0.0,1.0,4965.0
0.0,1.0,6.0,5.0,0.0,0.0,0.0,0.0,0.0,0.0,0.0,0.0,0.0,220.0,1.0,1.0,0.0,0.0,0.08,0.06,0.0,255.0,18.0,0.07,0.08,0.0,0.0,1.0,1.0,0.0,1.0,92852.0
0.0,1.0,16.0,2.0,0.0,0.0,0.0,0.0,0.0,0.0,0.0,0.0,0.0,121.0,0.0,0.0,1.0,1.0,0.07,0.07,0.0,255.0,8.0,0.03,0.07,0.0,0.0,0.0,0.0,1.0,1.0,117529.0
0.0,1.0,46.0,5.0,0.0,0.0,0.0,0.0,0.0,0.0,0.0,0.0,0.0,51.0,1.0,1.0,0.0,0.0,0.41,0.08,0.0,255.0,21.0,0.08,0.07,0.0,0.0,1.0,1.0,0.0,1.0,88245.0
0.0,1.0,7.0,5.0,0.0,0.0,0.0,0.0,0.0,0.0,0.0,0.0,0.0,296.0,1.0,1.0,0.0,0.0,0.05,0.05,0.0,255.0,15.0,0.06,0.08,0.0,0.0,1.0,1.0,0.0,1.0,84081.0
0.0,1.0,57.0,5.0,0.0,0.0,0.0,0.0,0.0,0.0,0.0,0.0,0.0,36.0,1.0,1.0,0.0,0.0,0.5,0.06,0.0,255.0,63.0,0.25,0.02,0.01,0.0,1.0,1.0,0.0,1.0,84483.0
0.0,1.0,18.0,2.0,0.0,0.0,0.0,0.0,0.0,0.0,0.0,0.0,0.0,1.0,0.0,0.0,1.0,1.0,1.0,0.0,0.0,47.0,13.0,0.28,0.09,0.02,0.0,0.0,0.0,0.08,0.0,103827.0
0.0,1.0,21.0,5.0,0.0,0.0,0.0,0.0,0.0,0.0,0.0,0.0,0.0,178.0,1.0,1.0,0.0,0.0,0.02,0.07,0.0,255.0,4.0,0.02,0.07,0.0,0.0,1.0,1.0,0.0,1.0,99331.0
0.0,1.0,41.0,1.0,0.0,0.0,0.0,0.0,0.0,0.0,0.0,0.0,0.0,511.0,0.08,0.0,0.92,1.0,0.0,1.0,0.0,255.0,1.0,0.0,1.0,0.0,0.0,0.05,0.0,1.0,1.0,38065.0
0.0,1.0,43.0,5.0,0.0,0.0,0.0,0.0,0.0,0.0,0.0,0.0,0.0,242.0,1.0,1.0,0.0,0.0,0.03,0.05,0.0,255.0,8.0,0.03,0.05,0.0,0.0,1.0,1.0,0.0,1.0,19482.0
0.0,1.0,15.0,5.0,0.0,0.0,0.0,0.0,0.0,0.0,0.0,0.0,0.0,145.0,1.0,1.0,0.0,0.0,0.06,0.06,0.0,255.0,8.0,0.03,0.06,0.0,0.0,1.0,1.0,0.0,1.0,68166.0
0.0,1.0,19.0,9.0,26.0,0.0,0.0,0.0,0.0,0.0,0.0,0.0,0.0,1.0,0.0,0.0,0.0,0.0,1.0,0.0,0.0,200.0,65.0,0.29,0.03,0.29,0.03,0.0,0.0,0.0,0.0,26783.0
0.0,1.0,46.0,5.0,0.0,0.0,0.0,0.0,0.0,0.0,0.0,0.0,0.0,12.0,1.0,1.0,0.0,0.0,0.5,0.33,0.0,255.0,6.0,0.02,0.1,0.0,0.0,1.0,1.0,0.0,1.0,67401.0
0.0,2.0,46.0,9.0,1.0,0.0,0.0,0.0,0.0,0.0,0.0,0.0,0.0,136.0,0.0,0.0,0.0,0.0,0.93,0.01,0.0,255.0,194.0,0.76,0.04,1.0,0.0,0.0,0.0,0.0,1.0,108390.0
0.0,1.0,63.0,5.0,0.0,0.0,0.0,0.0,0.0,0.0,0.0,0.0,0.0,209.0,1.0,1.0,0.0,0.0,0.06,0.06,0.0,255.0,18.0,0.07,0.07,0.0,0.0,1.0,1.0,0.0,1.0,71650.0
0.0,1.0,17.0,5.0,0.0,0.0,0.0,0.0,0.0,0.0,0.0,0.0,0.0,237.0,1.0,1.0,0.0,0.0,0.03,0.06,0.0,255.0,6.0,0.02,0.06,0.0,0.0,1.0,1.0,0.0,1.0,14789.0
0.0,2.0,46.0,9.0,1.0,0.0,0.0,0.0,0.0,0.0,0.0,0.0,0.0,19.0,0.0,0.0,0.0,0.0,0.11,0.21,0.0,255.0,2.0,0.01,0.49,0.57,0.0,0.03,0.0,0.0,1.0,39933.0
0.0,2.0,11.0,9.0,45.0,72.0,0.0,0.0,0.0,0.0,0.0,0.0,0.0,142.0,0.0,0.0,0.0,0.0,1.0,0.0,0.0,255.0,254.0,1.0,0.01,0.01,0.0,0.0,0.0,0.0,0.0,62998.0
0.0,1.0,41.0,1.0,0.0,0.0,0.0,0.0,0.0,0.0,0.0,0.0,0.0,356.0,0.06,0.0,0.9,1.0,0.0,1.0,0.0,255.0,1.0,0.0,1.0,0.0,0.0,0.08,0.0,1.0,1.0,60236.0
0.0,1.0,62.0,5.0,0.0,0.0,0.0,0.0,0.0,0.0,0.0,0.0,0.0,26.0,1.0,1.0,0.0,0.0,0.62,0.12,0.0,255.0,16.0,0.06,0.07,0.0,0.0,1.0,1.0,0.0,1.0,112901.0
0.0,1.0,26.0,1.0,0.0,0.0,0.0,0.0,0.0,0.0,0.0,0.0,0.0,111.0,0.0,0.0,1.0,1.0,0.17,0.07,0.0,255.0,7.0,0.03,0.08,0.0,0.0,0.0,0.0,1.0,1.0,42546.0
0.0,1.0,18.0,2.0,0.0,0.0,0.0,0.0,0.0,0.0,0.0,0.0,0.0,274.0,0.0,0.0,1.0,1.0,0.03,0.06,0.0,255.0,7.0,0.03,0.07,0.0,0.0,0.0,0.0,1.0,1.0,121280.0
0.0,1.0,46.0,5.0,0.0,0.0,0.0,0.0,0.0,0.0,0.0,0.0,0.0,247.0,1.0,1.0,0.0,0.0,0.06,0.06,0.0,255.0,13.0,0.05,0.08,0.0,0.0,1.0,1.0,0.0,1.0,5304.0
0.0,1.0,54.0,5.0,0.0,0.0,0.0,0.0,0.0,0.0,0.0,0.0,0.0,233.0,1.0,1.0,0.0,0.0,0.0,0.07,0.0,255.0,20.0,0.08,0.08,0.0,0.0,1.0,1.0,0.0,1.0,29638.0
0.0,0.0,14.0,9.0,1032.0,0.0,0.0,0.0,0.0,0.0,0.0,0.0,0.0,508.0,0.0,0.0,0.0,0.0,1.0,0.0,0.0,255.0,228.0,0.89,0.01,0.89,0.0,0.0,0.0,0.0,1.0,81482.0
0.0,1.0,30.0,1.0,0.0,0.0,0.0,0.0,0.0,0.0,0.0,0.0,0.0,255.0,0.0,0.0,1.0,1.0,0.05,0.07,0.0,255.0,14.0,0.05,0.07,0.0,0.0,0.0,0.0,1.0,1.0,83636.0
0.0,0.0,13.0,9.0,8.0,0.0,0.0,0.0,0.0,0.0,0.0,0.0,0.0,1.0,0.0,0.0,0.0,0.0,1.0,0.0,1.0,1.0,49.0,1.0,0.0,1.0,0.27,0.0,0.0,0.0,1.0,48038.0
0.0,1.0,56.0,5.0,0.0,0.0,0.0,0.0,0.0,0.0,0.0,0.0,0.0,198.0,1.0,1.0,0.0,0.0,0.05,0.08,0.0,255.0,9.0,0.04,0.07,0.0,0.0,1.0,1.0,0.0,1.0,123097.0
0.0,2.0,11.0,9.0,44.0,76.0,0.0,0.0,0.0,0.0,0.0,0.0,0.0,170.0,0.0,0.0,0.0,0.0,0.99,0.01,0.0,255.0,254.0,1.0,0.01,0.01,0.0,0.0,0.0,0.0,0.0,70716.0
0.0,0.0,13.0,9.0,8.0,0.0,0.0,0.0,0.0,0.0,0.0,0.0,0.0,1.0,0.0,0.0,0.0,0.0,1.0,0.0,1.0,2.0,43.0,1.0,0.0,1.0,0.51,0.0,0.0,0.0,1.0,75978.0
0.0,0.0,13.0,9.0,18.0,0.0,0.0,0.0,0.0,0.0,0.0,0.0,0.0,1.0,0.0,0.0,0.0,0.0,1.0,0.0,0.0,2.0,194.0,1.0,0.0,1.0,0.25,0.0,0.0,0.0,1.0,28453.0
0.0,1.0,46.0,5.0,0.0,0.0,0.0,0.0,0.0,0.0,0.0,0.0,0.0,253.0,1.0,1.0,0.0,0.0,0.04,0.06,0.0,255.0,5.0,0.02,0.09,0.0,0.0,1.0,1.0,0.0,1.0,117797.0
0.0,1.0,46.0,5.0,0.0,0.0,0.0,0.0,0.0,0.0,0.0,0.0,0.0,21.0,1.0,1.0,0.0,0.0,1.0,0.0,0.0,255.0,21.0,0.08,0.06,0.0,0.0,1.0,1.0,0.0,1.0,82541.0
0.0,1.0,22.0,2.0,0.0,0.0,0.0,0.0,1.0,0.0,0.0,0.0,0.0,2.0,0.0,0.0,0.5,0.5,1.0,0.0,0.0,166.0,255.0,1.0,0.0,0.01,0.01,0.0,0.0,0.01,0.0,61247.0
0.0,1.0,5.0,1.0,0.0,0.0,0.0,0.0,0.0,0.0,0.0,0.0,0.0,146.0,0.0,0.0,1.0,1.0,0.12,0.05,0.0,255.0,17.0,0.07,0.05,0.0,0.0,0.0,0.0,1.0,1.0,113654.0
0.0,1.0,29.0,5.0,0.0,0.0,0.0,0.0,0.0,0.0,0.0,0.0,0.0,140.0,1.0,1.0,0.0,0.0,0.09,0.06,0.0,255.0,8.0,0.03,0.08,0.0,0.0,1.0,1.0,0.0,1.0,6045.0
0.0,1.0,19.0,5.0,0.0,0.0,0.0,0.0,0.0,0.0,0.0,0.0,0.0,3.0,1.0,1.0,0.0,0.0,1.0,0.0,0.0,255.0,52.0,0.2,0.02,0.0,0.0,1.0,1.0,0.0,1.0,7694.0
0.0,1.0,46.0,1.0,0.0,0.0,0.0,0.0,0.0,0.0,0.0,0.0,0.0,1.0,0.0,0.0,1.0,1.0,1.0,0.0,0.0,69.0,2.0,0.01,1.0,0.01,1.0,0.0,0.0,1.0,1.0,114756.0
0.0,1.0,46.0,1.0,0.0,0.0,0.0,0.0,0.0,0.0,0.0,0.0,0.0,97.0,0.0,0.0,1.0,1.0,0.05,0.07,0.0,255.0,3.0,0.01,0.07,0.0,0.0,0.0,0.0,1.0,1.0,95031.0
0.0,1.0,46.0,5.0,0.0,0.0,0.0,0.0,0.0,0.0,0.0,0.0,0.0,132.0,1.0,1.0,0.0,0.0,0.08,0.06,0.0,255.0,8.0,0.03,0.06,0.0,0.0,1.0,1.0,0.0,1.0,33239.0
0.0,1.0,46.0,5.0,0.0,0.0,0.0,0.0,0.0,0.0,0.0,0.0,0.0,203.0,1.0,1.0,0.0,0.0,0.08,0.05,0.0,255.0,17.0,0.07,0.05,0.0,0.0,1.0,1.0,0.0,1.0,53617.0
0.0,1.0,16.0,5.0,0.0,0.0,0.0,0.0,0.0,0.0,0.0,0.0,0.0,135.0,1.0,1.0,0.0,0.0,0.03,0.06,0.0,255.0,4.0,0.02,0.07,0.0,0.0,1.0,1.0,0.0,1.0,97880.0
0.0,1.0,34.0,5.0,0.0,0.0,0.0,0.0,0.0,0.0,0.0,0.0,0.0,297.0,1.0,1.0,0.0,0.0,0.08,0.05,0.0,255.0,24.0,0.09,0.05,0.0,0.0,1.0,1.0,0.0,1.0,102909.0
5607.0,2.0,41.0,9.0,147.0,105.0,0.0,0.0,0.0,0.0,0.0,0.0,0.0,1.0,0.0,0.0,0.0,0.0,1.0,0.0,0.0,255.0,1.0,0.0,0.85,1.0,0.0,0.0,0.0,0.0,0.0,23.0
0.0,1.0,46.0,1.0,0.0,0.0,0.0,0.0,0.0,0.0,0.0,0.0,0.0,2.0,0.0,0.0,1.0,1.0,0.5,1.0,0.0,255.0,1.0,0.0,0.52,0.5,0.0,0.0,0.0,1.0,1.0,21782.0
0.0,1.0,46.0,5.0,0.0,0.0,0.0,0.0,0.0,0.0,0.0,0.0,0.0,96.0,1.0,1.0,0.0,0.0,0.04,0.08,0.0,255.0,4.0,0.02,0.06,0.0,0.0,1.0,1.0,0.0,1.0,67906.0
0.0,1.0,17.0,5.0,0.0,0.0,0.0,0.0,0.0,0.0,0.0,0.0,0.0,270.0,1.0,1.0,0.0,0.0,0.07,0.07,0.0,255.0,18.0,0.07,0.06,0.0,0.0,1.0,1.0,0.0,1.0,51315.0
0.0,1.0,46.0,5.0,0.0,0.0,0.0,0.0,0.0,0.0,0.0,0.0,0.0,71.0,1.0,1.0,0.0,0.0,0.01,0.08,0.0,178.0,1.0,0.01,0.07,0.01,0.0,1.0,1.0,0.0,1.0,109717.0
11961.0,1.0,41.0,4.0,1.0,0.0,0.0,0.0,0.0,0.0,0.0,0.0,0.0,2.0,0.0,0.0,1.0,1.0,1.0,0.0,0.0,255.0,2.0,0.01,0.62,1.0,0.0,0.0,0.0,1.0,1.0,25851.0
0.0,1.0,46.0,5.0,0.0,0.0,0.0,0.0,0.0,0.0,0.0,0.0,0.0,134.0,1.0,1.0,0.0,0.0,0.07,0.06,0.0,255.0,13.0,0.05,0.07,0.0,0.0,1.0,1.0,0.0,1.0,87928.0
0.0,0.0,13.0,9.0,30.0,0.0,0.0,0.0,0.0,0.0,0.0,0.0,0.0,2.0,0.0,0.0,0.0,0.0,1.0,0.0,0.0,202.0,202.0,1.0,0.0,1.0,0.0,0.0,0.0,0.0,0.0,61033.0
0.0,1.0,9.0,2.0,0.0,0.0,0.0,0.0,0.0,0.0,0.0,0.0,0.0,201.0,0.0,0.0,1.0,1.0,0.0,0.06,0.0,255.0,1.0,0.0,0.06,0.0,0.0,0.0,0.0,1.0,1.0,46428.0
0.0,1.0,51.0,2.0,0.0,0.0,0.0,0.0,0.0,0.0,0.0,0.0,0.0,1.0,0.0,0.0,1.0,1.0,1.0,0.0,0.0,255.0,139.0,0.55,0.02,0.0,0.0,0.0,0.0,0.06,0.0,111613.0
0.0,1.0,65.0,5.0,0.0,0.0,0.0,0.0,0.0,0.0,0.0,0.0,0.0,233.0,1.0,1.0,0.0,0.0,0.06,0.06,0.0,255.0,13.0,0.05,0.09,0.0,0.0,1.0,1.0,0.0,1.0,98854.0
0.0,2.0,46.0,9.0,28.0,0.0,3.0,0.0,0.0,0.0,0.0,0.0,0.0,38.0,0.0,0.0,0.0,0.0,1.0,0.0,0.0,255.0,38.0,0.15,0.01,0.15,0.0,0.0,0.0,0.0,1.0,50037.0
0.0,1.0,51.0,2.0,0.0,0.0,0.0,0.0,0.0,0.0,0.0,0.0,0.0,1.0,0.0,0.0,1.0,1.0,1.0,0.0,0.0,154.0,223.0,0.88,0.03,0.01,0.01,0.0,0.0,0.04,0.0,57635.0
0.0,0.0,13.0,9.0,8.0,0.0,0.0,0.0,0.0,0.0,0.0,0.0,0.0,1.0,0.0,0.0,0.0,0.0,1.0,0.0,1.0,3.0,167.0,1.0,0.0,1.0,0.25,0.0,0.0,0.0,1.0,91135.0
0.0,1.0,17.0,5.0,0.0,0.0,0.0,0.0,0.0,0.0,0.0,0.0,0.0,233.0,1.0,1.0,0.0,0.0,0.0,0.06,0.0,255.0,15.0,0.06,0.07,0.0,0.0,1.0,1.0,0.0,1.0,90251.0
0.0,2.0,11.0,9.0,45.0,136.0,0.0,0.0,0.0,0.0,0.0,0.0,0.0,139.0,0.0,0.0,0.0,0.0,1.0,0.0,0.01,255.0,255.0,1.0,0.0,0.0,0.0,0.0,0.0,0.0,0.0,40023.0
0.0,2.0,46.0,9.0,28.0,0.0,3.0,0.0,0.0,0.0,0.0,0.0,0.0,56.0,0.0,0.0,0.0,0.0,1.0,0.0,0.0,255.0,156.0,0.61,0.39,0.61,0.0,0.09,0.0,0.0,1.0,8770.0
0.0,1.0,25.0,5.0,0.0,0.0,0.0,0.0,0.0,0.0,0.0,0.0,0.0,277.0,1.0,1.0,0.0,0.0,0.07,0.06,0.0,255.0,8.0,0.03,0.06,0.0,0.0,1.0,1.0,0.0,1.0,83134.0
0.0,1.0,57.0,5.0,0.0,0.0,0.0,0.0,0.0,0.0,0.0,0.0,0.0,83.0,1.0,1.0,0.0,0.0,0.17,0.05,0.0,255.0,13.0,0.05,0.07,0.0,0.0,1.0,1.0,0.0,1.0,124673.0
0.0,1.0,18.0,5.0,0.0,0.0,0.0,0.0,0.0,0.0,0.0,0.0,0.0,275.0,1.0,1.0,0.0,0.0,0.04,0.06,0.0,255.0,11.0,0.04,0.07,0.0,0.0,1.0,1.0,0.0,1.0,14910.0
39707.0,1.0,34.0,4.0,1.0,0.0,0.0,0.0,0.0,0.0,0.0,0.0,0.0,2.0,0.0,0.0,1.0,1.0,1.0,0.0,0.0,255.0,2.0,0.01,0.5,1.0,0.0,0.0,0.0,1.0,1.0,57908.0
0.0,1.0,30.0,5.0,0.0,0.0,0.0,0.0,0.0,0.0,0.0,0.0,0.0,35.0,0.8,1.0,0.2,0.0,0.09,0.4,0.0,255.0,3.0,0.01,0.06,0.14,0.0,0.11,1.0,0.0,1.0,94184.0
0.0,0.0,14.0,9.0,1032.0,0.0,0.0,0.0,0.0,0.0,0.0,0.0,0.0,510.0,0.0,0.0,0.0,0.0,1.0,0.0,0.0,255.0,216.0,0.85,0.09,0.85,0.0,0.0,0.0,0.0,1.0,21272.0
0.0,1.0,12.0,2.0,0.0,0.0,0.0,0.0,0.0,0.0,0.0,0.0,0.0,251.0,0.0,0.0,1.0,1.0,0.05,0.07,0.0,255.0,12.0,0.05,0.07,0.0,0.0,0.0,0.0,1.0,1.0,6393.0
1.0,1.0,46.0,4.0,0.0,0.0,0.0,0.0,0.0,0.0,0.0,0.0,0.0,78.0,0.0,0.0,1.0,1.0,0.03,0.54,0.0,248.0,2.0,0.01,0.17,0.31,0.0,0.01,0.0,1.0,1.0,34391.0
0.0,1.0,41.0,1.0,0.0,0.0,0.0,0.0,0.0,0.0,0.0,0.0,0.0,509.0,0.09,0.0,0.91,1.0,0.0,1.0,0.0,255.0,1.0,0.0,1.0,0.0,0.0,0.13,0.0,1.0,1.0,47413.0
0.0,2.0,11.0,9.0,43.0,43.0,0.0,0.0,0.0,0.0,0.0,0.0,0.0,102.0,0.0,0.0,0.0,0.0,1.0,0.0,0.01,255.0,255.0,1.0,0.0,0.01,0.0,0.0,0.0,0.0,0.0,19502.0
0.0,1.0,46.0,1.0,0.0,0.0,0.0,0.0,0.0,0.0,0.0,0.0,0.0,80.0,0.0,0.0,1.0,1.0,0.24,0.06,0.0,255.0,9.0,0.04,0.06,0.0,0.0,0.0,0.0,1.0,1.0,45846.0
0.0,1.0,46.0,5.0,0.0,0.0,0.0,0.0,0.0,0.0,0.0,0.0,0.0,147.0,1.0,1.0,0.0,0.0,0.12,0.05,0.0,255.0,7.0,0.03,0.07,0.0,0.0,1.0,1.0,0.0,1.0,1170.0
0.0,2.0,11.0,9.0,43.0,77.0,0.0,0.0,0.0,0.0,0.0,0.0,0.0,174.0,0.0,0.0,0.0,0.0,1.0,0.0,0.01,255.0,235.0,0.92,0.01,0.0,0.0,0.0,0.0,0.0,0.0,2014.0
0.0,1.0,46.0,5.0,0.0,0.0,0.0,0.0,0.0,0.0,0.0,0.0,0.0,28.0,1.0,1.0,0.0,0.0,0.04,0.11,0.0,255.0,16.0,0.06,0.07,0.0,0.0,1.0,1.0,0.0,1.0,100034.0
0.0,1.0,46.0,5.0,0.0,0.0,0.0,0.0,0.0,0.0,0.0,0.0,0.0,172.0,1.0,1.0,0.0,0.0,0.09,0.08,0.0,255.0,16.0,0.06,0.08,0.0,0.0,1.0,1.0,0.0,1.0,28803.0
0.0,1.0,56.0,1.0,0.0,0.0,0.0,0.0,0.0,0.0,0.0,0.0,0.0,266.0,0.0,0.0,1.0,1.0,0.02,0.06,0.0,255.0,4.0,0.02,0.07,0.0,0.0,0.0,0.0,1.0,1.0,63758.0
0.0,1.0,22.0,5.0,0.0,0.0,0.0,0.0,0.0,0.0,0.0,0.0,0.0,274.0,1.0,1.0,0.0,0.0,0.06,0.06,0.0,255.0,16.0,0.06,0.06,0.0,0.0,1.0,1.0,0.0,1.0,77840.0
0.0,1.0,46.0,5.0,0.0,0.0,0.0,0.0,0.0,0.0,0.0,0.0,0.0,144.0,1.0,1.0,0.0,0.0,0.04,0.06,0.0,255.0,5.0,0.02,0.08,0.0,0.0,1.0,1.0,0.0,1.0,101918.0
0.0,1.0,3.0,5.0,0.0,0.0,0.0,0.0,0.0,0.0,0.0,0.0,0.0,138.0,1.0,1.0,0.0,0.0,0.06,0.06,0.0,255.0,17.0,0.07,0.06,0.0,0.0,1.0,1.0,0.0,1.0,107386.0
0.0,1.0,46.0,5.0,0.0,0.0,0.0,0.0,0.0,0.0,0.0,0.0,0.0,111.0,1.0,1.0,0.0,0.0,0.08,0.07,0.0,255.0,3.0,0.01,0.08,0.0,0.0,1.0,1.0,0.0,1.0,115680.0
0.0,1.0,32.0,5.0,0.0,0.0,0.0,0.0,0.0,0.0,0.0,0.0,0.0,145.0,1.0,1.0,0.0,0.0,0.13,0.06,0.0,255.0,10.0,0.04,0.07,0.0,0.0,1.0,1.0,0.0,1.0,7005.0
0.0,0.0,61.0,9.0,78.0,0.0,0.0,0.0,0.0,0.0,0.0,0.0,0.0,47.0,0.0,0.0,0.0,0.0,0.15,0.04,0.0,255.0,23.0,0.09,0.01,0.09,0.0,0.0,0.0,0.0,0.0,23794.0
0.0,1.0,62.0,5.0,0.0,0.0,0.0,0.0,0.0,0.0,0.0,0.0,0.0,138.0,1.0,1.0,0.0,0.0,0.06,0.07,0.0,255.0,1.0,0.0,0.07,0.0,0.0,1.0,1.0,0.0,1.0,71924.0
0.0,1.0,46.0,5.0,0.0,0.0,0.0,0.0,0.0,0.0,0.0,0.0,0.0,240.0,1.0,1.0,0.0,0.0,0.07,0.05,0.0,255.0,17.0,0.07,0.05,0.0,0.0,1.0,1.0,0.0,1.0,99621.0
0.0,0.0,14.0,9.0,1032.0,0.0,0.0,0.0,0.0,0.0,0.0,0.0,0.0,325.0,0.0,0.0,0.0,0.0,1.0,0.0,0.0,255.0,255.0,1.0,0.0,1.0,0.0,0.0,0.0,0.0,1.0,26650.0
0.0,1.0,55.0,5.0,0.0,0.0,0.0,0.0,0.0,0.0,0.0,0.0,0.0,150.0,1.0,1.0,0.0,0.0,0.02,0.07,0.0,255.0,3.0,0.01,0.06,0.0,0.0,1.0,1.0,0.0,1.0,118821.0
0.0,1.0,4.0,5.0,0.0,0.0,0.0,0.0,0.0,0.0,0.0,0.0,0.0,204.0,1.0,1.0,0.0,0.0,0.01,0.07,0.0,255.0,2.0,0.01,0.09,0.0,0.0,1.0,1.0,0.0,1.0,25242.0
2.0,1.0,46.0,4.0,0.0,0.0,0.0,0.0,0.0,0.0,0.0,0.0,0.0,393.0,0.0,0.0,1.0,1.0,0.01,0.52,0.0,255.0,2.0,0.01,0.52,1.0,0.0,0.0,0.0,1.0,1.0,114111.0
0.0,1.0,46.0,5.0,0.0,0.0,0.0,0.0,0.0,0.0,0.0,0.0,0.0,43.0,1.0,1.0,0.0,0.0,0.12,0.09,0.0,255.0,5.0,0.02,0.08,0.0,0.0,1.0,1.0,0.0,1.0,95984.0
0.0,1.0,31.0,5.0,0.0,0.0,0.0,0.0,0.0,0.0,0.0,0.0,0.0,142.0,1.0,1.0,0.0,0.0,0.04,0.05,0.0,255.0,5.0,0.02,0.05,0.0,0.0,1.0,1.0,0.0,1.0,80245.0
0.0,1.0,22.0,5.0,0.0,0.0,0.0,0.0,0.0,0.0,0.0,0.0,0.0,220.0,1.0,1.0,0.0,0.0,0.02,0.07,0.0,255.0,5.0,0.02,0.08,0.0,0.0,1.0,1.0,0.0,1.0,67379.0
0.0,1.0,46.0,5.0,0.0,0.0,0.0,0.0,0.0,0.0,0.0,0.0,0.0,116.0,1.0,1.0,0.0,0.0,0.13,0.07,0.0,255.0,24.0,0.09,0.05,0.0,0.0,1.0,1.0,0.0,1.0,74025.0
0.0,1.0,46.0,5.0,0.0,0.0,0.0,0.0,0.0,0.0,0.0,0.0,0.0,239.0,1.0,1.0,0.0,0.0,0.06,0.06,0.0,255.0,6.0,0.02,0.06,0.0,0.0,1.0,1.0,0.0,1.0,51912.0
0.0,1.0,46.0,5.0,0.0,0.0,0.0,0.0,0.0,0.0,0.0,0.0,0.0,192.0,1.0,1.0,0.0,0.0,0.09,0.06,0.0,255.0,2.0,0.01,0.09,0.0,0.0,1.0,1.0,0.0,1.0,88177.0
0.0,2.0,46.0,9.0,28.0,0.0,3.0,0.0,0.0,0.0,0.0,0.0,0.0,89.0,0.0,0.0,0.0,0.0,1.0,0.0,0.0,255.0,89.0,0.35,0.64,0.35,0.0,0.0,0.0,0.0,1.0,4737.0
0.0,2.0,11.0,9.0,43.0,129.0,0.0,0.0,0.0,0.0,0.0,0.0,0.0,125.0,0.0,0.0,0.0,0.0,1.0,0.0,0.01,255.0,255.0,1.0,0.0,0.0,0.0,0.0,0.0,0.0,0.0,109260.0
0.0,0.0,14.0,9.0,1032.0,0.0,0.0,0.0,0.0,0.0,0.0,0.0,0.0,509.0,0.0,0.0,0.0,0.0,1.0,0.0,0.0,188.0,43.0,0.23,0.02,0.23,0.0,0.0,0.0,0.0,1.0,10937.0
0.0,0.0,14.0,9.0,30.0,0.0,0.0,0.0,0.0,0.0,0.0,0.0,0.0,2.0,0.0,0.0,0.0,0.0,1.0,0.0,0.0,255.0,255.0,1.0,0.0,1.0,0.0,0.0,0.0,0.0,0.0,76595.0
0.0,1.0,46.0,5.0,0.0,0.0,0.0,0.0,0.0,0.0,0.0,0.0,0.0,217.0,1.0,1.0,0.0,0.0,0.04,0.08,0.0,255.0,8.0,0.03,0.09,0.0,0.0,1.0,1.0,0.0,1.0,59610.0
0.0,1.0,55.0,5.0,0.0,0.0,0.0,0.0,0.0,0.0,0.0,0.0,0.0,201.0,1.0,1.0,0.0,0.0,0.0,0.06,0.0,255.0,11.0,0.04,0.11,0.0,0.0,1.0,1.0,0.0,1.0,117412.0
0.0,1.0,62.0,5.0,0.0,0.0,0.0,0.0,0.0,0.0,0.0,0.0,0.0,149.0,1.0,1.0,0.0,0.0,0.11,0.05,0.0,255.0,1.0,0.0,0.07,0.0,0.0,1.0,1.0,0.0,1.0,15393.0
0.0,1.0,57.0,5.0,0.0,0.0,0.0,0.0,0.0,0.0,0.0,0.0,0.0,5.0,1.0,1.0,0.0,0.0,0.6,0.4,0.0,255.0,57.0,0.22,0.02,0.0,0.0,1.0,1.0,0.0,1.0,51061.0
0.0,2.0,46.0,9.0,105.0,145.0,0.0,0.0,0.0,0.0,0.0,0.0,0.0,1.0,0.0,0.0,0.0,0.0,1.0,0.0,0.0,255.0,74.0,0.29,0.01,0.0,0.0,0.0,0.0,0.0,0.0,30009.0
0.0,1.0,4.0,1.0,0.0,0.0,0.0,0.0,0.0,0.0,0.0,0.0,0.0,202.0,0.0,0.0,1.0,1.0,0.01,0.07,0.0,255.0,2.0,0.01,0.07,0.0,0.0,0.0,0.0,1.0,1.0,55347.0
0.0,1.0,18.0,5.0,0.0,0.0,0.0,0.0,0.0,0.0,0.0,0.0,0.0,273.0,1.0,1.0,0.0,0.0,0.03,0.06,0.0,255.0,8.0,0.03,0.08,0.0,0.0,1.0,1.0,0.0,1.0,61903.0
0.0,2.0,11.0,9.0,45.0,45.0,0.0,0.0,0.0,0.0,0.0,0.0,0.0,138.0,0.0,0.0,0.0,0.0,1.0,0.0,0.02,255.0,255.0,1.0,0.0,0.01,0.0,0.0,0.0,0.0,0.0,30423.0
0.0,1.0,46.0,5.0,0.0,0.0,0.0,0.0,0.0,0.0,0.0,0.0,0.0,135.0,0.99,1.0,0.0,0.0,0.11,0.07,0.0,255.0,9.0,0.04,0.06,0.0,0.0,1.0,1.0,0.0,1.0,115440.0
0.0,1.0,48.0,5.0,0.0,0.0,0.0,0.0,0.0,0.0,0.0,0.0,0.0,210.0,1.0,1.0,0.0,0.0,0.02,0.07,0.0,255.0,5.0,0.02,0.08,0.0,0.0,1.0,1.0,0.0,1.0,78755.0
0.0,1.0,19.0,5.0,0.0,0.0,0.0,0.0,0.0,0.0,0.0,0.0,0.0,74.0,1.0,1.0,0.0,0.0,0.22,0.05,0.0,255.0,46.0,0.18,0.04,0.01,0.0,1.0,1.0,0.0,1.0,97600.0
0.0,1.0,59.0,5.0,0.0,0.0,0.0,0.0,0.0,0.0,0.0,0.0,0.0,114.0,1.0,1.0,0.0,0.0,0.08,0.07,0.0,255.0,9.0,0.04,0.06,0.0,0.0,1.0,1.0,0.0,1.0,15097.0
0.0,1.0,19.0,9.0,12.0,0.0,0.0,0.0,1.0,0.0,0.0,0.0,0.0,1.0,0.0,0.0,0.0,0.0,1.0,0.0,0.0,115.0,20.0,0.1,0.04,0.1,0.1,0.0,0.0,0.0,0.0,26188.0
0.0,1.0,26.0,5.0,0.0,0.0,0.0,0.0,0.0,0.0,0.0,0.0,0.0,225.0,1.0,1.0,0.0,0.0,0.08,0.07,0.0,255.0,18.0,0.07,0.07,0.0,0.0,1.0,1.0,0.0,1.0,80434.0
0.0,1.0,46.0,5.0,0.0,0.0,0.0,0.0,0.0,0.0,0.0,0.0,0.0,227.0,1.0,1.0,0.0,0.0,0.05,0.06,0.0,255.0,11.0,0.04,0.05,0.0,0.0,1.0,1.0,0.0,1.0,60006.0
0.0,1.0,5.0,1.0,0.0,0.0,0.0,0.0,0.0,0.0,0.0,0.0,0.0,129.0,0.0,0.0,1.0,1.0,0.05,0.07,0.0,255.0,6.0,0.02,0.07,0.0,0.0,0.0,0.0,1.0,1.0,60083.0
0.0,0.0,13.0,9.0,8.0,0.0,0.0,0.0,0.0,0.0,0.0,0.0,0.0,1.0,0.0,0.0,0.0,0.0,1.0,0.0,1.0,2.0,36.0,1.0,0.0,1.0,0.5,0.0,0.0,0.0,1.0,26469.0
0.0,1.0,46.0,5.0,0.0,0.0,0.0,0.0,0.0,0.0,0.0,0.0,0.0,226.0,1.0,1.0,0.0,0.0,0.05,0.07,0.0,255.0,11.0,0.04,0.09,0.0,0.0,1.0,1.0,0.0,1.0,10841.0
0.0,0.0,13.0,9.0,8.0,0.0,0.0,0.0,0.0,0.0,0.0,0.0,0.0,1.0,0.0,0.0,0.0,0.0,1.0,0.0,1.0,2.0,29.0,1.0,0.0,1.0,0.52,0.0,0.0,0.0,1.0,95023.0
0.0,1.0,62.0,5.0,0.0,0.0,0.0,0.0,0.0,0.0,0.0,0.0,0.0,125.0,1.0,1.0,0.0,0.0,0.01,0.06,0.0,255.0,1.0,0.0,0.07,0.0,0.0,1.0,1.0,0.0,1.0,66517.0
0.0,0.0,13.0,9.0,8.0,0.0,0.0,0.0,0.0,0.0,0.0,0.0,0.0,1.0,0.0,0.0,0.0,0.0,1.0,0.0,1.0,1.0,27.0,1.0,0.0,1.0,0.52,0.0,0.0,0.0,1.0,87997.0
30578.0,1.0,46.0,4.0,1.0,0.0,0.0,0.0,0.0,0.0,0.0,0.0,0.0,2.0,0.0,0.0,1.0,1.0,1.0,0.0,0.0,255.0,2.0,0.01,0.71,1.0,0.0,0.0,0.0,1.0,1.0,57256.0
0.0,1.0,46.0,5.0,0.0,0.0,0.0,0.0,0.0,0.0,0.0,0.0,0.0,239.0,1.0,1.0,0.0,0.0,0.08,0.06,0.0,255.0,18.0,0.07,0.07,0.0,0.0,1.0,1.0,0.0,1.0,2454.0
0.0,1.0,46.0,5.0,0.0,0.0,0.0,0.0,0.0,0.0,0.0,0.0,0.0,209.0,1.0,1.0,0.0,0.0,0.05,0.07,0.0,255.0,11.0,0.04,0.07,0.0,0.0,1.0,1.0,0.0,1.0,3537.0
0.0,1.0,12.0,2.0,0.0,0.0,0.0,0.0,0.0,0.0,0.0,0.0,0.0,240.0,0.0,0.0,1.0,1.0,0.03,0.07,0.0,255.0,7.0,0.03,0.07,0.0,0.0,0.0,0.0,1.0,1.0,67857.0
0.0,1.0,65.0,5.0,0.0,0.0,0.0,0.0,0.0,0.0,0.0,0.0,0.0,228.0,1.0,1.0,0.0,0.0,0.08,0.07,0.0,255.0,19.0,0.07,0.07,0.0,0.0,1.0,1.0,0.0,1.0,65826.0
0.0,1.0,22.0,5.0,0.0,0.0,0.0,0.0,0.0,0.0,0.0,0.0,0.0,19.0,1.0,1.0,0.0,0.0,1.0,0.0,0.0,255.0,19.0,0.07,0.07,0.0,0.0,1.0,1.0,0.0,1.0,88219.0
0.0,0.0,13.0,9.0,30.0,0.0,0.0,0.0,0.0,0.0,0.0,0.0,0.0,1.0,0.0,0.0,0.0,0.0,1.0,0.0,0.0,4.0,91.0,1.0,0.0,1.0,0.49,0.0,0.0,0.0,0.0,20716.0
0.0,1.0,46.0,1.0,0.0,0.0,0.0,0.0,0.0,0.0,0.0,0.0,0.0,1.0,0.0,0.0,1.0,1.0,1.0,0.0,0.0,255.0,1.0,0.0,0.85,0.84,0.0,0.0,0.0,1.0,1.0,11440.0
0.0,1.0,46.0,5.0,0.0,0.0,0.0,0.0,0.0,0.0,0.0,0.0,0.0,245.0,1.0,1.0,0.0,0.0,0.04,0.07,0.0,255.0,5.0,0.02,0.07,0.0,0.0,1.0,1.0,0.0,1.0,116682.0
0.0,1.0,46.0,5.0,0.0,0.0,0.0,0.0,0.0,0.0,0.0,0.0,0.0,294.0,1.0,1.0,0.0,0.0,0.06,0.05,0.0,255.0,8.0,0.03,0.08,0.0,0.0,1.0,1.0,0.0,1.0,112135.0
0.0,1.0,12.0,5.0,0.0,0.0,0.0,0.0,0.0,0.0,0.0,0.0,0.0,271.0,1.0,1.0,0.0,0.0,0.02,0.06,0.0,255.0,13.0,0.05,0.07,0.0,0.0,1.0,1.0,0.0,1.0,6969.0
0.0,0.0,13.0,9.0,8.0,0.0,0.0,0.0,0.0,0.0,0.0,0.0,0.0,1.0,0.0,0.0,0.0,0.0,1.0,0.0,1.0,1.0,25.0,1.0,0.0,1.0,0.52,0.0,0.0,0.0,1.0,63120.0
0.0,0.0,13.0,9.0,18.0,0.0,0.0,0.0,0.0,0.0,0.0,0.0,0.0,1.0,0.0,0.0,0.0,0.0,1.0,0.0,0.0,1.0,21.0,1.0,0.0,1.0,1.0,0.0,0.0,0.0,1.0,85976.0
0.0,1.0,22.0,5.0,0.0,0.0,0.0,0.0,0.0,0.0,0.0,0.0,0.0,18.0,1.0,1.0,0.0,0.0,0.44,0.22,0.0,255.0,36.0,0.14,0.04,0.02,0.0,1.0,1.0,0.0,1.0,123633.0
0.0,1.0,38.0,5.0,0.0,0.0,0.0,0.0,0.0,0.0,0.0,0.0,0.0,128.0,1.0,1.0,0.0,0.0,0.02,0.06,0.0,255.0,3.0,0.01,0.05,0.0,0.0,1.0,1.0,0.0,1.0,21339.0
0.0,1.0,19.0,5.0,0.0,0.0,0.0,0.0,0.0,0.0,0.0,0.0,0.0,78.0,1.0,1.0,0.0,0.0,0.24,0.05,0.0,240.0,59.0,0.25,0.02,0.0,0.0,0.99,1.0,0.0,1.0,54643.0
0.0,0.0,13.0,9.0,18.0,0.0,0.0,0.0,0.0,0.0,0.0,0.0,0.0,1.0,0.0,0.0,0.0,0.0,1.0,0.0,0.0,3.0,19.0,1.0,0.0,1.0,0.26,0.0,0.0,0.0,1.0,57312.0
0.0,1.0,46.0,5.0,0.0,0.0,0.0,0.0,0.0,0.0,0.0,0.0,0.0,211.0,1.0,1.0,0.0,0.0,0.09,0.06,0.0,255.0,15.0,0.06,0.06,0.0,0.0,1.0,1.0,0.0,1.0,7241.0
0.0,2.0,11.0,9.0,44.0,133.0,0.0,0.0,0.0,0.0,0.0,0.0,0.0,153.0,0.0,0.0,0.0,0.0,1.0,0.0,0.01,255.0,255.0,1.0,0.0,0.0,0.0,0.0,0.0,0.0,0.0,109399.0
0.0,1.0,30.0,5.0,0.0,0.0,0.0,0.0,0.0,0.0,0.0,0.0,0.0,276.0,1.0,1.0,0.0,0.0,0.03,0.06,0.0,255.0,8.0,0.03,0.07,0.0,0.0,1.0,1.0,0.0,1.0,113124.0
0.0,1.0,63.0,5.0,0.0,0.0,0.0,0.0,0.0,0.0,0.0,0.0,0.0,292.0,1.0,1.0,0.0,0.0,0.04,0.06,0.0,255.0,10.0,0.04,0.05,0.0,0.0,1.0,1.0,0.0,1.0,6252.0
0.0,1.0,54.0,5.0,0.0,0.0,0.0,0.0,0.0,0.0,0.0,0.0,0.0,229.0,1.0,1.0,0.0,0.0,0.07,0.06,0.0,255.0,15.0,0.06,0.06,0.0,0.0,1.0,1.0,0.0,1.0,100379.0
0.0,1.0,46.0,5.0,0.0,0.0,0.0,0.0,0.0,0.0,0.0,0.0,0.0,276.0,1.0,1.0,0.0,0.0,0.04,0.07,0.0,255.0,9.0,0.04,0.09,0.0,0.0,1.0,1.0,0.0,1.0,99067.0
0.0,0.0,14.0,9.0,1032.0,0.0,0.0,0.0,0.0,0.0,0.0,0.0,0.0,189.0,0.0,0.0,0.0,0.0,1.0,0.0,0.0,224.0,130.0,0.58,0.03,0.58,0.0,0.01,0.0,0.0,1.0,8677.0
0.0,0.0,14.0,9.0,1032.0,0.0,0.0,0.0,0.0,0.0,0.0,0.0,0.0,443.0,0.0,0.0,0.0,0.0,1.0,0.0,0.0,255.0,255.0,1.0,0.0,1.0,0.0,0.0,0.0,0.0,1.0,110315.0
0.0,1.0,49.0,5.0,0.0,0.0,0.0,0.0,0.0,0.0,0.0,0.0,0.0,88.0,1.0,1.0,0.0,0.0,0.14,0.06,0.0,255.0,1.0,0.0,0.08,0.0,0.0,1.0,1.0,0.0,1.0,82323.0
0.0,0.0,13.0,9.0,8.0,0.0,0.0,0.0,0.0,0.0,0.0,0.0,0.0,1.0,0.0,0.0,0.0,0.0,1.0,0.0,1.0,1.0,61.0,1.0,0.0,1.0,0.26,0.0,0.0,0.0,1.0,70798.0
0.0,1.0,12.0,5.0,0.0,0.0,0.0,0.0,0.0,0.0,0.0,0.0,0.0,269.0,1.0,1.0,0.0,0.0,0.01,0.06,0.0,255.0,15.0,0.06,0.07,0.0,0.0,1.0,1.0,0.0,1.0,7469.0
14038.0,1.0,41.0,4.0,1.0,0.0,0.0,0.0,0.0,0.0,0.0,0.0,0.0,2.0,0.0,0.0,1.0,1.0,1.0,0.0,0.0,255.0,2.0,0.01,0.68,1.0,0.0,0.0,0.0,1.0,1.0,91174.0
0.0,1.0,46.0,5.0,0.0,0.0,0.0,0.0,0.0,0.0,0.0,0.0,0.0,355.0,0.03,1.0,0.95,0.0,0.0,1.0,0.0,255.0,1.0,0.0,1.0,0.0,0.0,0.04,1.0,0.0,1.0,84229.0
0.0,1.0,28.0,5.0,0.0,0.0,0.0,0.0,0.0,0.0,0.0,0.0,0.0,138.0,1.0,1.0,0.0,0.0,0.18,0.04,0.0,255.0,25.0,0.1,0.05,0.0,0.0,1.0,1.0,0.0,1.0,3154.0
0.0,1.0,5.0,5.0,0.0,0.0,0.0,0.0,0.0,0.0,0.0,0.0,0.0,128.0,1.0,1.0,0.0,0.0,0.15,0.05,0.0,255.0,19.0,0.07,0.05,0.0,0.0,1.0,1.0,0.0,1.0,121985.0
0.0,1.0,33.0,5.0,0.0,0.0,0.0,0.0,0.0,0.0,0.0,0.0,0.0,24.0,1.0,1.0,0.0,0.0,0.17,0.21,0.0,255.0,4.0,0.02,0.09,0.0,0.0,1.0,1.0,0.0,1.0,31578.0
0.0,0.0,14.0,9.0,520.0,0.0,0.0,0.0,0.0,0.0,0.0,0.0,0.0,456.0,0.0,0.0,0.0,0.0,1.0,0.0,0.0,188.0,188.0,1.0,0.0,1.0,0.0,0.0,0.0,0.0,1.0,69519.0
0.0,1.0,22.0,1.0,0.0,0.0,0.0,0.0,0.0,0.0,0.0,0.0,0.0,1.0,0.0,0.0,1.0,1.0,1.0,0.0,0.0,10.0,108.0,1.0,0.0,0.1,0.24,0.0,0.0,1.0,0.0,41476.0
0.0,1.0,46.0,5.0,0.0,0.0,0.0,0.0,0.0,0.0,0.0,0.0,0.0,108.0,1.0,1.0,0.0,0.0,0.15,0.06,0.0,255.0,7.0,0.03,0.08,0.0,0.0,1.0,1.0,0.0,1.0,72948.0
0.0,0.0,14.0,9.0,1032.0,0.0,0.0,0.0,0.0,0.0,0.0,0.0,0.0,252.0,0.0,0.0,0.0,0.0,1.0,0.0,0.0,255.0,252.0,0.99,0.01,0.99,0.0,0.0,0.0,0.0,1.0,87854.0
0.0,1.0,46.0,1.0,0.0,0.0,0.0,0.0,0.0,0.0,0.0,0.0,0.0,1.0,0.0,0.0,1.0,1.0,1.0,0.0,0.0,53.0,2.0,0.02,1.0,0.02,1.0,0.0,0.0,1.0,1.0,39118.0
0.0,1.0,9.0,5.0,0.0,0.0,0.0,0.0,0.0,0.0,0.0,0.0,0.0,268.0,1.0,1.0,0.0,0.0,0.03,0.05,0.0,255.0,8.0,0.03,0.05,0.0,0.0,1.0,1.0,0.0,1.0,69006.0
0.0,0.0,13.0,9.0,8.0,0.0,0.0,0.0,0.0,0.0,0.0,0.0,0.0,1.0,0.0,0.0,0.0,0.0,1.0,0.0,1.0,1.0,119.0,1.0,0.0,1.0,0.5,0.0,0.0,0.0,1.0,64774.0
0.0,1.0,62.0,5.0,0.0,0.0,0.0,0.0,0.0,0.0,0.0,0.0,0.0,126.0,1.0,1.0,0.0,0.0,0.02,0.06,0.0,255.0,2.0,0.01,0.07,0.0,0.0,1.0,1.0,0.0,1.0,47515.0
0.0,0.0,14.0,9.0,1032.0,0.0,0.0,0.0,0.0,0.0,0.0,0.0,0.0,511.0,0.0,0.0,0.0,0.0,1.0,0.0,0.0,255.0,72.0,0.28,0.02,0.28,0.0,0.02,0.0,0.0,1.0,29100.0
0.0,1.0,22.0,1.0,0.0,0.0,0.0,0.0,0.0,0.0,0.0,0.0,0.0,1.0,0.0,0.0,1.0,1.0,1.0,0.0,0.0,58.0,204.0,1.0,0.0,0.02,0.01,0.0,0.0,1.0,0.0,13281.0
0.0,1.0,28.0,5.0,0.0,0.0,0.0,0.0,0.0,0.0,0.0,0.0,0.0,30.0,1.0,1.0,0.0,0.0,0.1,0.1,0.0,255.0,3.0,0.01,0.07,0.0,0.0,1.0,1.0,0.0,1.0,73267.0
0.0,1.0,17.0,5.0,0.0,0.0,0.0,0.0,0.0,0.0,0.0,0.0,0.0,71.0,1.0,1.0,0.0,0.0,0.27,0.06,0.0,255.0,59.0,0.23,0.03,0.01,0.0,1.0,1.0,0.0,1.0,55718.0
0.0,1.0,31.0,2.0,0.0,0.0,0.0,0.0,0.0,0.0,0.0,0.0,0.0,114.0,0.0,0.0,1.0,1.0,0.07,0.08,0.0,255.0,8.0,0.03,0.07,0.0,0.0,0.0,0.0,1.0,1.0,91649.0
0.0,1.0,2.0,1.0,0.0,0.0,0.0,0.0,0.0,0.0,0.0,0.0,0.0,142.0,0.0,0.0,1.0,1.0,0.11,0.06,0.0,255.0,5.0,0.02,0.06,0.0,0.0,0.0,0.0,1.0,1.0,119499.0
0.0,2.0,11.0,9.0,29.0,0.0,0.0,0.0,0.0,0.0,0.0,0.0,0.0,1.0,0.0,0.0,0.0,0.0,1.0,0.0,1.0,126.0,29.0,0.23,0.04,0.23,0.0,0.01,0.0,0.0,0.0,41680.0
0.0,1.0,65.0,1.0,0.0,0.0,0.0,0.0,0.0,0.0,0.0,0.0,0.0,205.0,0.0,0.0,1.0,1.0,0.01,0.07,0.0,255.0,3.0,0.01,0.08,0.0,0.0,0.0,0.0,1.0,1.0,74372.0
0.0,1.0,32.0,5.0,0.0,0.0,0.0,0.0,0.0,0.0,0.0,0.0,0.0,243.0,1.0,1.0,0.0,0.0,0.09,0.06,0.0,255.0,21.0,0.08,0.07,0.0,0.0,1.0,1.0,0.0,1.0,95806.0
0.0,1.0,63.0,5.0,0.0,0.0,0.0,0.0,0.0,0.0,0.0,0.0,0.0,225.0,1.0,1.0,0.0,0.0,0.07,0.05,0.0,255.0,16.0,0.06,0.05,0.0,0.0,1.0,1.0,0.0,1.0,24382.0
41043.0,1.0,46.0,4.0,1.0,0.0,0.0,0.0,0.0,0.0,0.0,0.0,0.0,2.0,0.0,0.0,1.0,1.0,1.0,0.0,0.0,255.0,2.0,0.01,0.32,0.63,0.0,0.0,0.0,1.0,1.0,87139.0
0.0,1.0,46.0,5.0,0.0,0.0,0.0,0.0,0.0,0.0,0.0,0.0,0.0,206.0,1.0,1.0,0.0,0.0,0.04,0.05,0.0,255.0,9.0,0.04,0.06,0.0,0.0,1.0,1.0,0.0,1.0,43197.0
0.0,0.0,13.0,9.0,8.0,0.0,0.0,0.0,0.0,0.0,0.0,0.0,0.0,1.0,0.0,0.0,0.0,0.0,1.0,0.0,1.0,2.0,100.0,1.0,0.0,1.0,0.5,0.0,0.0,0.0,1.0,109372.0
0.0,1.0,20.0,1.0,0.0,0.0,0.0,0.0,0.0,0.0,0.0,0.0,0.0,223.0,0.0,0.0,1.0,1.0,0.05,0.07,0.0,255.0,11.0,0.04,0.07,0.0,0.0,0.0,0.0,1.0,1.0,10517.0
0.0,1.0,7.0,1.0,0.0,0.0,0.0,0.0,0.0,0.0,0.0,0.0,0.0,236.0,0.0,0.0,1.0,1.0,0.08,0.07,0.0,255.0,19.0,0.07,0.07,0.0,0.0,0.0,0.0,1.0,1.0,38739.0
0.0,1.0,46.0,5.0,0.0,0.0,0.0,0.0,0.0,0.0,0.0,0.0,0.0,143.0,1.0,1.0,0.0,0.0,0.01,0.06,0.0,255.0,8.0,0.03,0.07,0.0,0.0,1.0,1.0,0.0,1.0,104455.0
31255.0,1.0,46.0,4.0,1.0,0.0,0.0,0.0,0.0,0.0,0.0,0.0,0.0,2.0,0.0,0.0,1.0,1.0,1.0,0.0,0.0,255.0,2.0,0.01,0.81,1.0,0.0,0.0,0.0,1.0,1.0,38226.0
0.0,1.0,65.0,5.0,0.0,0.0,0.0,0.0,0.0,0.0,0.0,0.0,0.0,201.0,1.0,1.0,0.0,0.0,0.04,0.05,0.0,255.0,9.0,0.04,0.05,0.0,0.0,1.0,1.0,0.0,1.0,36315.0
0.0,1.0,46.0,5.0,0.0,0.0,0.0,0.0,0.0,0.0,0.0,0.0,0.0,66.0,1.0,1.0,0.0,0.0,0.09,0.06,0.0,255.0,17.0,0.07,0.07,0.0,0.0,1.0,1.0,0.0,1.0,116845.0
0.0,2.0,41.0,9.0,1.0,0.0,0.0,0.0,0.0,0.0,0.0,0.0,0.0,151.0,0.0,0.0,0.0,0.0,0.01,0.05,0.0,255.0,1.0,0.0,0.05,1.0,0.0,0.0,0.0,0.0,1.0,108330.0
0.0,1.0,46.0,5.0,0.0,0.0,0.0,0.0,0.0,0.0,0.0,0.0,0.0,96.0,1.0,1.0,0.0,0.0,0.07,0.06,0.0,255.0,30.0,0.12,0.06,0.0,0.0,1.0,1.0,0.0,1.0,118076.0
0.0,0.0,13.0,9.0,8.0,0.0,0.0,0.0,0.0,0.0,0.0,0.0,0.0,1.0,0.0,0.0,0.0,0.0,1.0,0.0,1.0,3.0,91.0,1.0,0.0,1.0,0.25,0.0,0.0,0.0,1.0,35701.0
0.0,2.0,11.0,9.0,44.0,132.0,0.0,0.0,0.0,0.0,0.0,0.0,0.0,146.0,0.0,0.0,0.0,0.0,1.0,0.0,0.0,255.0,254.0,1.0,0.01,0.0,0.0,0.0,0.0,0.0,0.0,12169.0
0.0,2.0,11.0,9.0,41.0,124.0,0.0,0.0,0.0,0.0,0.0,0.0,0.0,131.0,0.0,0.0,0.0,0.0,1.0,0.0,0.0,255.0,254.0,1.0,0.01,0.0,0.0,0.0,0.0,0.0,0.0,51439.0
0.0,1.0,46.0,5.0,0.0,0.0,0.0,0.0,0.0,0.0,0.0,0.0,0.0,262.0,1.0,1.0,0.0,0.0,0.04,0.06,0.0,255.0,11.0,0.04,0.06,0.0,0.0,1.0,1.0,0.0,1.0,113948.0
0.0,1.0,46.0,5.0,0.0,0.0,0.0,0.0,0.0,0.0,0.0,0.0,0.0,260.0,1.0,1.0,0.0,0.0,0.05,0.07,0.0,255.0,12.0,0.05,0.07,0.0,0.0,1.0,1.0,0.0,1.0,51771.0
0.0,0.0,13.0,9.0,8.0,0.0,0.0,0.0,0.0,0.0,0.0,0.0,0.0,1.0,0.0,0.0,0.0,0.0,1.0,0.0,1.0,2.0,120.0,1.0,0.0,1.0,0.5,0.0,0.0,0.0,1.0,93927.0
0.0,1.0,2.0,5.0,0.0,0.0,0.0,0.0,0.0,0.0,0.0,0.0,0.0,107.0,1.0,1.0,0.0,0.0,0.04,0.07,0.0,255.0,7.0,0.03,0.08,0.0,0.0,1.0,1.0,0.0,1.0,115712.0
0.0,1.0,20.0,5.0,0.0,0.0,0.0,0.0,0.0,0.0,0.0,0.0,0.0,211.0,1.0,1.0,0.0,0.0,0.06,0.06,0.0,255.0,11.0,0.04,0.07,0.0,0.0,1.0,1.0,0.0,1.0,114160.0
0.0,1.0,12.0,5.0,0.0,0.0,0.0,0.0,0.0,0.0,0.0,0.0,0.0,143.0,1.0,1.0,0.0,0.0,0.13,0.05,0.0,255.0,6.0,0.02,0.06,0.0,0.0,1.0,1.0,0.0,1.0,20697.0
0.0,1.0,53.0,5.0,0.0,0.0,0.0,0.0,0.0,0.0,0.0,0.0,0.0,230.0,1.0,1.0,0.0,0.0,0.08,0.06,0.0,255.0,18.0,0.07,0.06,0.0,0.0,1.0,1.0,0.0,1.0,99069.0
0.0,1.0,30.0,5.0,0.0,0.0,0.0,0.0,0.0,0.0,0.0,0.0,0.0,208.0,1.0,1.0,0.0,0.0,0.09,0.07,0.0,255.0,18.0,0.07,0.07,0.0,0.0,1.0,1.0,0.0,1.0,7684.0
0.0,2.0,11.0,9.0,41.0,72.0,0.0,0.0,0.0,0.0,0.0,0.0,0.0,166.0,0.0,0.0,0.0,0.0,1.0,0.0,0.0,255.0,249.0,0.98,0.01,0.01,0.0,0.0,0.0,0.0,0.0,26129.0
0.0,1.0,16.0,5.0,0.0,0.0,0.0,0.0,0.0,0.0,0.0,0.0,0.0,141.0,1.0,1.0,0.0,0.0,0.13,0.06,0.0,255.0,1.0,0.0,0.07,0.0,0.0,1.0,1.0,0.0,1.0,74920.0
0.0,1.0,51.0,5.0,0.0,0.0,0.0,0.0,0.0,0.0,0.0,0.0,0.0,18.0,1.0,0.9,0.0,0.0,1.0,0.0,0.15,40.0,152.0,0.45,0.05,0.03,0.01,0.95,0.12,0.0,1.0,33245.0
0.0,1.0,3.0,5.0,0.0,0.0,0.0,0.0,0.0,0.0,0.0,0.0,0.0,217.0,1.0,1.0,0.0,0.0,0.07,0.06,0.0,255.0,15.0,0.06,0.07,0.0,0.0,1.0,1.0,0.0,1.0,106934.0
0.0,1.0,46.0,1.0,0.0,0.0,0.0,0.0,0.0,0.0,0.0,0.0,0.0,108.0,0.0,0.0,1.0,1.0,0.19,0.07,0.0,232.0,20.0,0.09,0.06,0.0,0.0,0.0,0.0,1.0,1.0,8333.0
0.0,1.0,23.0,1.0,0.0,0.0,0.0,0.0,0.0,0.0,0.0,0.0,0.0,103.0,0.0,0.0,1.0,1.0,0.01,0.09,0.0,255.0,1.0,0.0,0.07,0.0,0.0,0.0,0.0,1.0,1.0,60322.0
0.0,0.0,13.0,9.0,8.0,0.0,0.0,0.0,0.0,0.0,0.0,0.0,0.0,1.0,0.0,0.0,0.0,0.0,1.0,0.0,1.0,1.0,65.0,1.0,0.0,1.0,0.51,0.0,0.0,0.0,1.0,25930.0
0.0,1.0,46.0,5.0,0.0,0.0,0.0,0.0,0.0,0.0,0.0,0.0,0.0,119.0,1.0,1.0,0.0,0.0,0.15,0.06,0.0,147.0,3.0,0.02,0.11,0.01,0.0,1.0,1.0,0.0,1.0,93532.0
0.0,1.0,46.0,5.0,0.0,0.0,0.0,0.0,0.0,0.0,0.0,0.0,0.0,147.0,1.0,1.0,0.0,0.0,0.05,0.05,0.0,255.0,5.0,0.02,0.08,0.0,0.0,1.0,1.0,0.0,1.0,91157.0
0.0,1.0,57.0,5.0,0.0,0.0,0.0,0.0,0.0,0.0,0.0,0.0,0.0,275.0,1.0,1.0,0.0,0.0,0.03,0.05,0.0,255.0,7.0,0.03,0.05,0.0,0.0,1.0,1.0,0.0,1.0,109431.0
15248.0,2.0,41.0,9.0,146.0,105.0,0.0,0.0,0.0,0.0,0.0,0.0,0.0,1.0,0.0,0.0,0.0,0.0,1.0,0.0,0.0,255.0,1.0,0.0,0.68,0.98,0.0,0.0,0.0,0.0,1.0,67819.0
0.0,1.0,39.0,5.0,0.0,0.0,0.0,0.0,0.0,0.0,0.0,0.0,0.0,268.0,1.0,1.0,0.0,0.0,0.04,0.06,0.0,255.0,11.0,0.04,0.06,0.0,0.0,1.0,1.0,0.0,1.0,75086.0
0.0,1.0,53.0,5.0,0.0,0.0,0.0,0.0,0.0,0.0,0.0,0.0,0.0,97.0,1.0,1.0,0.0,0.0,0.04,0.05,0.0,255.0,4.0,0.02,0.06,0.0,0.0,1.0,1.0,0.0,1.0,83651.0
0.0,1.0,23.0,5.0,0.0,0.0,0.0,0.0,0.0,0.0,0.0,0.0,0.0,112.0,1.0,1.0,0.0,0.0,0.12,0.05,0.0,255.0,20.0,0.08,0.06,0.0,0.0,1.0,1.0,0.0,1.0,3248.0
0.0,1.0,28.0,5.0,0.0,0.0,0.0,0.0,0.0,0.0,0.0,0.0,0.0,127.0,1.0,1.0,0.0,0.0,0.16,0.06,0.0,255.0,20.0,0.08,0.06,0.0,0.0,1.0,1.0,0.0,1.0,11734.0
0.0,1.0,46.0,5.0,0.0,0.0,0.0,0.0,0.0,0.0,0.0,0.0,0.0,117.0,1.0,1.0,0.0,0.0,0.12,0.06,0.0,255.0,6.0,0.02,0.06,0.0,0.0,1.0,1.0,0.0,1.0,124529.0
0.0,1.0,22.0,1.0,0.0,0.0,0.0,0.0,0.0,0.0,0.0,0.0,0.0,1.0,0.0,0.0,1.0,1.0,1.0,0.0,0.0,13.0,94.0,1.0,0.0,0.08,0.31,0.0,0.0,1.0,0.0,6443.0
0.0,1.0,64.0,5.0,0.0,0.0,0.0,0.0,0.0,0.0,0.0,0.0,0.0,198.0,1.0,1.0,0.0,0.0,0.01,0.08,0.0,255.0,2.0,0.01,0.08,0.0,0.0,1.0,1.0,0.0,1.0,32350.0
0.0,1.0,55.0,5.0,0.0,0.0,0.0,0.0,0.0,0.0,0.0,0.0,0.0,229.0,1.0,1.0,0.0,0.0,0.1,0.04,0.0,255.0,23.0,0.09,0.05,0.0,0.0,1.0,1.0,0.0,1.0,33419.0
0.0,1.0,51.0,9.0,11078.0,1553.0,0.0,0.0,1.0,0.0,0.0,0.0,0.0,1.0,0.0,0.0,0.0,0.0,1.0,0.0,0.0,255.0,67.0,0.26,0.02,0.0,0.0,0.58,0.0,0.0,0.0,118574.0
0.0,1.0,46.0,5.0,0.0,0.0,0.0,0.0,0.0,0.0,0.0,0.0,0.0,257.0,1.0,1.0,0.0,0.0,0.0,0.06,0.0,255.0,10.0,0.04,0.07,0.0,0.0,1.0,1.0,0.0,1.0,98802.0
0.0,1.0,46.0,5.0,0.0,0.0,0.0,0.0,0.0,0.0,0.0,0.0,0.0,1.0,1.0,1.0,0.0,0.0,1.0,0.0,0.0,255.0,1.0,0.0,0.09,0.0,0.0,1.0,1.0,0.0,1.0,106976.0
0.0,2.0,11.0,9.0,44.0,80.0,0.0,0.0,0.0,0.0,0.0,0.0,0.0,179.0,0.0,0.0,0.0,0.0,1.0,0.0,0.0,255.0,235.0,0.92,0.01,0.0,0.0,0.0,0.0,0.0,0.0,56801.0
0.0,1.0,3.0,5.0,0.0,0.0,0.0,0.0,0.0,0.0,0.0,0.0,0.0,261.0,1.0,1.0,0.0,0.0,0.03,0.05,0.0,255.0,9.0,0.04,0.05,0.0,0.0,1.0,1.0,0.0,1.0,59764.0
0.0,1.0,59.0,5.0,0.0,0.0,0.0,0.0,0.0,0.0,0.0,0.0,0.0,129.0,1.0,1.0,0.0,0.0,0.09,0.05,0.0,255.0,11.0,0.04,0.06,0.0,0.0,1.0,1.0,0.0,1.0,69914.0
0.0,1.0,57.0,5.0,0.0,0.0,0.0,0.0,0.0,0.0,0.0,0.0,0.0,91.0,1.0,1.0,0.0,0.0,0.22,0.04,0.0,255.0,11.0,0.04,0.06,0.0,0.0,1.0,1.0,0.0,1.0,107954.0
2640.0,2.0,41.0,9.0,146.0,105.0,0.0,0.0,0.0,0.0,0.0,0.0,0.0,5.0,0.0,0.0,0.0,0.0,0.4,0.6,0.0,255.0,2.0,0.01,0.83,1.0,0.0,0.0,0.0,0.0,0.0,101796.0
0.0,1.0,29.0,5.0,0.0,0.0,0.0,0.0,0.0,0.0,0.0,0.0,0.0,226.0,1.0,1.0,0.0,0.0,0.01,0.06,0.0,255.0,2.0,0.01,0.07,0.0,0.0,1.0,1.0,0.0,1.0,44788.0
0.0,0.0,13.0,9.0,8.0,0.0,0.0,0.0,0.0,0.0,0.0,0.0,0.0,1.0,0.0,0.0,0.0,0.0,1.0,0.0,1.0,1.0,9.0,1.0,0.0,1.0,0.56,0.0,0.0,0.0,1.0,45256.0
0.0,1.0,2.0,5.0,0.0,0.0,0.0,0.0,0.0,0.0,0.0,0.0,0.0,263.0,1.0,1.0,0.0,0.0,0.03,0.06,0.0,255.0,8.0,0.03,0.07,0.0,0.0,1.0,1.0,0.0,1.0,47481.0
0.0,1.0,64.0,5.0,0.0,0.0,0.0,0.0,0.0,0.0,0.0,0.0,0.0,215.0,1.0,1.0,0.0,0.0,0.02,0.06,0.0,255.0,16.0,0.06,0.08,0.0,0.0,1.0,1.0,0.0,1.0,117722.0
0.0,1.0,62.0,5.0,0.0,0.0,0.0,0.0,0.0,0.0,0.0,0.0,0.0,129.0,1.0,1.0,0.0,0.0,0.02,0.06,0.0,255.0,17.0,0.07,0.07,0.0,0.0,1.0,1.0,0.0,1.0,70985.0
0.0,1.0,2.0,1.0,0.0,0.0,0.0,0.0,0.0,0.0,0.0,0.0,0.0,238.0,0.0,0.0,1.0,1.0,0.07,0.07,0.0,255.0,16.0,0.06,0.07,0.0,0.0,0.0,0.0,1.0,1.0,29575.0
0.0,0.0,13.0,9.0,8.0,0.0,0.0,0.0,0.0,0.0,0.0,0.0,0.0,1.0,0.0,0.0,0.0,0.0,1.0,0.0,1.0,2.0,214.0,1.0,0.0,1.0,0.5,0.0,0.0,0.0,1.0,76897.0
0.0,2.0,11.0,9.0,45.0,123.0,0.0,0.0,0.0,0.0,0.0,0.0,0.0,139.0,0.0,0.0,0.0,0.0,1.0,0.0,0.01,255.0,255.0,1.0,0.0,0.0,0.0,0.0,0.0,0.0,0.0,99312.0
0.0,1.0,52.0,5.0,0.0,0.0,0.0,0.0,0.0,0.0,0.0,0.0,0.0,121.0,1.0,1.0,0.0,0.0,0.12,0.07,0.0,255.0,15.0,0.06,0.09,0.0,0.0,1.0,1.0,0.0,1.0,36142.0
28.0,2.0,11.0,9.0,46.0,46.0,0.0,0.0,0.0,0.0,0.0,0.0,0.0,3.0,0.0,0.0,0.0,0.0,0.33,0.67,0.5,84.0,81.0,0.96,0.02,0.01,0.0,0.0,0.0,0.0,0.0,104717.0
0.0,1.0,10.0,1.0,0.0,0.0,0.0,0.0,0.0,0.0,0.0,0.0,0.0,258.0,0.0,0.0,1.0,1.0,0.03,0.07,0.0,255.0,8.0,0.03,0.08,0.0,0.0,0.0,0.0,1.0,1.0,99285.0
0.0,1.0,10.0,5.0,0.0,0.0,0.0,0.0,0.0,0.0,0.0,0.0,0.0,262.0,1.0,1.0,0.0,0.0,0.02,0.06,0.0,255.0,10.0,0.04,0.08,0.0,0.0,1.0,1.0,0.0,1.0,10757.0
0.0,1.0,22.0,1.0,0.0,0.0,0.0,0.0,0.0,0.0,0.0,0.0,0.0,28.0,0.0,0.0,0.86,0.86,1.0,0.0,0.0,181.0,192.0,1.0,0.0,0.01,0.03,0.01,0.01,0.38,0.0,62264.0
0.0,2.0,41.0,9.0,1.0,0.0,0.0,0.0,0.0,0.0,0.0,0.0,0.0,4.0,0.0,0.0,0.0,0.0,1.0,0.0,0.0,255.0,4.0,0.02,0.15,0.41,0.0,0.0,0.0,0.0,1.0,99481.0
0.0,1.0,7.0,5.0,0.0,0.0,0.0,0.0,0.0,0.0,0.0,0.0,0.0,127.0,1.0,1.0,0.0,0.0,0.15,0.06,0.0,255.0,19.0,0.07,0.05,0.0,0.0,1.0,1.0,0.0,1.0,91680.0
0.0,1.0,21.0,5.0,0.0,0.0,0.0,0.0,0.0,0.0,0.0,0.0,0.0,140.0,1.0,1.0,0.0,0.0,0.14,0.04,0.0,255.0,20.0,0.08,0.04,0.0,0.0,1.0,1.0,0.0,1.0,120451.0
0.0,1.0,46.0,5.0,0.0,0.0,0.0,0.0,0.0,0.0,0.0,0.0,0.0,60.0,1.0,1.0,0.0,0.0,0.05,0.08,0.0,255.0,3.0,0.01,0.07,0.0,0.0,1.0,1.0,0.0,1.0,26179.0
0.0,1.0,51.0,9.0,2549.0,325.0,0.0,0.0,1.0,0.0,0.0,0.0,0.0,1.0,0.0,0.0,0.0,0.0,1.0,0.0,0.0,75.0,184.0,0.6,0.05,0.01,0.01,0.0,0.0,0.0,0.0,98642.0
0.0,1.0,5.0,5.0,0.0,0.0,0.0,0.0,0.0,0.0,0.0,0.0,0.0,107.0,1.0,1.0,0.0,0.0,0.1,0.06,0.0,255.0,11.0,0.04,0.06,0.0,0.0,1.0,1.0,0.0,1.0,24109.0
0.0,0.0,13.0,9.0,8.0,0.0,0.0,0.0,0.0,0.0,0.0,0.0,0.0,1.0,0.0,0.0,0.0,0.0,1.0,0.0,1.0,1.0,49.0,1.0,0.0,1.0,0.51,0.0,0.0,0.0,1.0,15275.0
