service,flag,src_bytes,dst_bytes,wrong_fragment,logged_in,count,serror_rate,srv_serror_rate,same_srv_rate,diff_srv_rate,srv_diff_host_rate,dst_host_count,dst_host_srv_count,dst_host_same_srv_rate,dst_host_diff_srv_rate,dst_host_srv_diff_host_rate,dst_host_serror_rate,dst_host_srv_serror_rate,dst_host_srv_rerror_rate,classe,posicaoOriginal
39.0,5.0,0.0,0.0,0.0,0.0,293.0,1.0,1.0,0.07,0.05,0.0,255.0,21.0,0.08,0.05,0.0,1.0,1.0,0.0,1.0,71931.0
3.0,5.0,0.0,0.0,0.0,0.0,274.0,1.0,1.0,0.06,0.05,0.0,255.0,16.0,0.06,0.05,0.0,1.0,1.0,0.0,1.0,89199.0
18.0,2.0,0.0,0.0,0.0,0.0,253.0,0.0,0.0,0.03,0.07,0.0,255.0,8.0,0.03,0.08,0.0,0.0,0.0,1.0,1.0,104974.0
31.0,5.0,0.0,0.0,0.0,0.0,123.0,1.0,1.0,0.01,0.07,0.0,255.0,1.0,0.0,0.07,0.0,1.0,1.0,0.0,1.0,11062.0
32.0,5.0,0.0,0.0,0.0,0.0,198.0,1.0,1.0,0.08,0.08,0.0,255.0,16.0,0.06,0.09,0.0,1.0,1.0,0.0,1.0,124986.0
45.0,5.0,0.0,0.0,0.0,0.0,137.0,1.0,1.0,0.01,0.06,0.0,255.0,15.0,0.06,0.07,0.0,1.0,1.0,0.0,1.0,27596.0
32.0,5.0,0.0,0.0,0.0,0.0,243.0,1.0,1.0,0.02,0.06,0.0,255.0,6.0,0.02,0.07,0.0,1.0,1.0,0.0,1.0,113487.0
13.0,9.0,8.0,0.0,0.0,0.0,1.0,0.0,0.0,1.0,0.0,1.0,1.0,143.0,1.0,0.0,0.5,0.0,0.0,0.0,1.0,115224.0
16.0,5.0,0.0,0.0,0.0,0.0,99.0,1.0,1.0,0.09,0.06,0.0,255.0,19.0,0.07,0.07,0.0,1.0,1.0,0.0,1.0,113327.0
45.0,5.0,0.0,0.0,0.0,0.0,112.0,1.0,1.0,0.12,0.05,0.0,168.0,13.0,0.08,0.06,0.0,1.0,1.0,0.0,1.0,14082.0
13.0,9.0,8.0,0.0,0.0,0.0,1.0,0.0,0.0,1.0,0.0,1.0,1.0,141.0,1.0,0.0,0.5,0.0,0.0,0.0,1.0,42489.0
45.0,1.0,0.0,0.0,0.0,0.0,216.0,0.0,0.0,0.06,0.06,0.0,255.0,12.0,0.05,0.08,0.0,0.0,0.0,1.0,1.0,116182.0
4.0,5.0,0.0,0.0,0.0,0.0,115.0,1.0,1.0,0.06,0.06,0.0,255.0,7.0,0.03,0.05,0.0,1.0,1.0,0.0,1.0,557.0
9.0,5.0,0.0,0.0,0.0,0.0,271.0,1.0,1.0,0.01,0.06,0.0,255.0,4.0,0.02,0.07,0.0,1.0,1.0,0.0,1.0,49353.0
57.0,2.0,0.0,0.0,0.0,0.0,260.0,0.0,0.0,0.08,0.07,0.0,255.0,20.0,0.08,0.07,0.0,0.0,0.0,1.0,1.0,30715.0
15.0,1.0,0.0,0.0,0.0,0.0,107.0,0.0,0.0,0.19,0.06,0.0,255.0,20.0,0.08,0.06,0.0,0.0,0.0,1.0,1.0,85642.0
8.0,5.0,0.0,0.0,0.0,0.0,277.0,1.0,1.0,0.06,0.06,0.0,255.0,17.0,0.07,0.07,0.0,1.0,1.0,0.0,1.0,74635.0
62.0,5.0,0.0,0.0,0.0,0.0,282.0,1.0,1.0,0.05,0.05,0.0,255.0,14.0,0.05,0.05,0.0,1.0,1.0,0.0,1.0,69621.0
45.0,9.0,1.0,0.0,0.0,0.0,9.0,0.0,0.0,0.11,0.33,0.0,255.0,1.0,0.0,0.31,0.0,0.0,0.0,0.0,1.0,35846.0
25.0,5.0,0.0,0.0,0.0,0.0,36.0,1.0,1.0,0.19,0.17,0.0,255.0,7.0,0.03,0.09,0.0,1.0,1.0,0.0,1.0,83505.0
45.0,5.0,0.0,0.0,0.0,0.0,141.0,1.0,1.0,0.06,0.06,0.0,255.0,17.0,0.07,0.07,0.0,1.0,1.0,0.0,1.0,111179.0
16.0,5.0,0.0,0.0,0.0,0.0,141.0,1.0,1.0,0.13,0.06,0.0,255.0,12.0,0.05,0.07,0.0,1.0,1.0,0.0,1.0,25735.0
13.0,9.0,8.0,0.0,0.0,0.0,1.0,0.0,0.0,1.0,0.0,1.0,1.0,129.0,1.0,0.0,0.26,0.0,0.0,0.0,1.0,38554.0
15.0,5.0,0.0,0.0,0.0,0.0,134.0,1.0,1.0,0.01,0.06,0.0,255.0,1.0,0.0,0.07,0.0,1.0,1.0,0.0,1.0,56936.0
13.0,9.0,8.0,0.0,0.0,0.0,1.0,0.0,0.0,1.0,0.0,1.0,1.0,35.0,1.0,0.0,0.51,0.0,0.0,0.0,1.0,51080.0
25.0,5.0,0.0,0.0,0.0,0.0,271.0,1.0,1.0,0.05,0.06,0.0,255.0,14.0,0.05,0.06,0.0,1.0,1.0,0.0,1.0,1537.0
45.0,5.0,0.0,0.0,0.0,0.0,111.0,1.0,1.0,0.14,0.05,0.0,255.0,3.0,0.01,0.06,0.0,1.0,1.0,0.0,1.0,75621.0
17.0,5.0,0.0,0.0,0.0,0.0,258.0,1.0,1.0,0.03,0.06,0.0,255.0,7.0,0.03,0.06,0.0,1.0,1.0,0.0,1.0,11488.0
45.0,5.0,0.0,0.0,0.0,0.0,192.0,1.0,1.0,0.02,0.06,0.0,255.0,6.0,0.02,0.07,0.0,1.0,1.0,0.0,1.0,2282.0
14.0,9.0,1032.0,0.0,0.0,0.0,509.0,0.0,0.0,1.0,0.0,0.0,255.0,151.0,0.59,0.17,0.0,0.0,0.0,0.0,1.0,112361.0
45.0,1.0,0.0,0.0,0.0,0.0,2.0,0.0,0.0,0.5,1.0,0.0,255.0,1.0,0.0,0.41,0.0,0.0,0.0,1.0,1.0,93450.0
45.0,1.0,0.0,0.0,0.0,0.0,195.0,0.0,0.0,0.1,0.06,0.0,255.0,20.0,0.08,0.08,0.0,0.0,0.0,1.0,1.0,109111.0
52.0,5.0,0.0,0.0,0.0,0.0,143.0,1.0,1.0,0.1,0.06,0.0,255.0,8.0,0.03,0.06,0.0,1.0,1.0,0.0,1.0,49772.0
22.0,5.0,0.0,0.0,0.0,0.0,50.0,1.0,1.0,0.3,0.08,0.0,212.0,55.0,0.26,0.02,0.0,0.99,1.0,0.0,1.0,111191.0
22.0,5.0,0.0,0.0,0.0,0.0,15.0,0.93,1.0,0.93,0.13,0.0,255.0,15.0,0.06,0.06,0.0,1.0,1.0,0.0,1.0,8648.0
45.0,1.0,0.0,0.0,0.0,0.0,87.0,0.0,0.0,0.13,0.08,0.0,255.0,11.0,0.04,0.07,0.0,0.0,0.0,1.0,1.0,73951.0
4.0,1.0,0.0,0.0,0.0,0.0,279.0,0.0,0.0,0.04,0.06,0.0,255.0,12.0,0.05,0.07,0.0,0.0,0.0,1.0,1.0,121817.0
2.0,5.0,0.0,0.0,0.0,0.0,245.0,1.0,1.0,0.09,0.05,0.0,255.0,21.0,0.08,0.06,0.0,1.0,1.0,0.0,1.0,27286.0
45.0,5.0,0.0,0.0,0.0,0.0,168.0,1.0,1.0,0.14,0.05,0.0,255.0,24.0,0.09,0.05,0.0,1.0,1.0,0.0,1.0,78060.0
13.0,9.0,8.0,0.0,0.0,0.0,1.0,0.0,0.0,1.0,0.0,1.0,1.0,105.0,1.0,0.0,0.5,0.0,0.0,0.0,1.0,56819.0
38.0,1.0,0.0,0.0,0.0,0.0,116.0,0.0,0.0,0.09,0.07,0.0,255.0,10.0,0.04,0.07,0.0,0.0,0.0,1.0,1.0,2662.0
45.0,1.0,0.0,0.0,0.0,0.0,81.0,0.0,0.0,0.1,0.07,0.0,255.0,8.0,0.03,0.07,0.0,0.0,0.0,1.0,1.0,76073.0
41.0,9.0,1.0,0.0,0.0,0.0,2.0,0.0,0.0,1.0,0.0,0.0,255.0,2.0,0.01,0.2,0.0,0.0,0.0,0.0,1.0,53872.0
45.0,10.0,0.0,0.0,0.0,0.0,1.0,1.0,1.0,1.0,0.0,0.0,129.0,1.0,0.01,0.92,0.0,0.94,1.0,0.0,1.0,4764.0
45.0,5.0,0.0,0.0,0.0,0.0,262.0,1.0,1.0,0.02,0.06,0.0,255.0,6.0,0.02,0.08,0.0,1.0,1.0,0.0,1.0,72926.0
63.0,1.0,0.0,0.0,0.0,0.0,1.0,0.0,0.0,1.0,0.0,0.0,24.0,2.0,0.04,1.0,1.0,0.0,0.0,1.0,1.0,110073.0
45.0,5.0,0.0,0.0,0.0,0.0,224.0,1.0,1.0,0.0,0.07,0.0,255.0,1.0,0.0,0.06,0.0,1.0,1.0,0.0,1.0,121927.0
22.0,5.0,0.0,0.0,0.0,0.0,214.0,1.0,1.0,0.01,0.07,0.0,255.0,3.0,0.01,0.07,0.0,1.0,1.0,0.0,1.0,43750.0
45.0,5.0,0.0,0.0,0.0,0.0,286.0,1.0,1.0,0.02,0.06,0.0,255.0,7.0,0.03,0.06,0.0,1.0,1.0,0.0,1.0,37965.0
63.0,5.0,0.0,0.0,0.0,0.0,286.0,1.0,1.0,0.01,0.05,0.0,255.0,2.0,0.01,0.05,0.0,1.0,1.0,0.0,1.0,119621.0
45.0,5.0,0.0,0.0,0.0,0.0,144.0,1.0,1.0,0.03,0.06,0.0,255.0,5.0,0.02,0.05,0.0,1.0,1.0,0.0,1.0,52533.0
52.0,5.0,0.0,0.0,0.0,0.0,163.0,1.0,1.0,0.02,0.07,0.0,255.0,4.0,0.02,0.08,0.0,1.0,1.0,0.0,1.0,31076.0
45.0,5.0,0.0,0.0,0.0,0.0,25.0,1.0,1.0,0.04,0.16,0.0,255.0,14.0,0.05,0.07,0.0,1.0,1.0,0.0,1.0,66616.0
45.0,5.0,0.0,0.0,0.0,0.0,39.0,1.0,1.0,0.03,0.13,0.0,255.0,10.0,0.04,0.07,0.0,1.0,1.0,0.0,1.0,94001.0
45.0,5.0,0.0,0.0,0.0,0.0,125.0,1.0,1.0,0.15,0.06,0.0,255.0,7.0,0.03,0.07,0.0,1.0,1.0,0.0,1.0,106424.0
45.0,5.0,0.0,0.0,0.0,0.0,299.0,1.0,1.0,0.05,0.05,0.0,255.0,1.0,0.0,0.08,0.0,1.0,1.0,0.0,1.0,63372.0
45.0,1.0,0.0,0.0,0.0,0.0,159.0,0.0,0.0,0.01,0.08,0.0,255.0,2.0,0.01,0.07,0.0,0.0,0.0,1.0,1.0,7642.0
45.0,5.0,0.0,0.0,0.0,0.0,101.0,1.0,1.0,0.02,0.06,0.0,255.0,5.0,0.02,0.07,0.0,1.0,1.0,0.0,1.0,50070.0
34.0,5.0,0.0,0.0,0.0,0.0,281.0,1.0,1.0,0.07,0.05,0.0,255.0,3.0,0.01,0.07,0.0,1.0,1.0,0.0,1.0,83914.0
45.0,5.0,0.0,0.0,0.0,0.0,116.0,1.0,1.0,0.05,0.05,0.0,255.0,6.0,0.02,0.05,0.0,1.0,1.0,0.0,1.0,111757.0
45.0,5.0,0.0,0.0,0.0,0.0,87.0,1.0,1.0,0.16,0.07,0.0,255.0,5.0,0.02,0.07,0.0,1.0,1.0,0.0,1.0,89160.0
13.0,9.0,8.0,0.0,0.0,0.0,1.0,0.0,0.0,1.0,0.0,1.0,2.0,255.0,1.0,0.0,0.5,0.0,0.0,0.0,1.0,55730.0
17.0,5.0,0.0,0.0,0.0,0.0,39.0,1.0,1.0,0.51,0.05,0.0,255.0,75.0,0.29,0.02,0.0,1.0,1.0,0.0,1.0,9730.0
12.0,5.0,0.0,0.0,0.0,0.0,237.0,1.0,1.0,0.01,0.06,0.0,255.0,2.0,0.01,0.07,0.0,1.0,1.0,0.0,1.0,49166.0
45.0,5.0,0.0,0.0,0.0,0.0,180.0,1.0,1.0,0.02,0.05,0.0,255.0,4.0,0.02,0.05,0.0,1.0,1.0,0.0,1.0,68344.0
45.0,1.0,0.0,0.0,0.0,0.0,122.0,0.0,0.0,0.02,0.08,0.0,255.0,3.0,0.01,0.07,0.0,0.0,0.0,1.0,1.0,18504.0
45.0,5.0,0.0,0.0,0.0,0.0,133.0,1.0,1.0,0.04,0.06,0.0,255.0,16.0,0.06,0.07,0.0,1.0,1.0,0.0,1.0,27133.0
13.0,9.0,8.0,0.0,0.0,0.0,1.0,0.0,0.0,1.0,0.0,1.0,1.0,20.0,1.0,0.0,0.55,0.0,0.0,0.0,1.0,39929.0
4.0,5.0,0.0,0.0,0.0,0.0,255.0,1.0,1.0,0.04,0.05,0.0,255.0,9.0,0.04,0.05,0.0,1.0,1.0,0.0,1.0,35064.0
54.0,1.0,0.0,0.0,0.0,0.0,130.0,0.0,0.0,0.03,0.07,0.0,255.0,2.0,0.01,0.07,0.0,0.0,0.0,1.0,1.0,22419.0
14.0,9.0,1032.0,0.0,0.0,0.0,509.0,0.0,0.0,1.0,0.0,0.0,255.0,166.0,0.65,0.16,0.0,0.0,0.0,0.0,1.0,33914.0
41.0,5.0,0.0,0.0,0.0,0.0,511.0,0.14,1.0,0.0,1.0,0.0,255.0,1.0,0.0,1.0,0.0,0.19,1.0,0.0,1.0,68210.0
45.0,5.0,0.0,0.0,0.0,0.0,148.0,1.0,1.0,0.12,0.06,0.0,255.0,2.0,0.01,0.07,0.0,1.0,1.0,0.0,1.0,41189.0
45.0,1.0,0.0,0.0,0.0,0.0,2.0,0.0,0.0,0.5,1.0,0.0,255.0,1.0,0.0,0.77,0.0,0.0,0.0,1.0,1.0,14664.0
13.0,9.0,8.0,0.0,0.0,0.0,1.0,0.0,0.0,1.0,0.0,1.0,1.0,149.0,1.0,0.0,0.5,0.0,0.0,0.0,1.0,100033.0
45.0,5.0,0.0,0.0,0.0,0.0,216.0,1.0,1.0,0.07,0.06,0.0,255.0,2.0,0.01,0.08,0.0,1.0,1.0,0.0,1.0,79956.0
61.0,5.0,0.0,0.0,0.0,0.0,267.0,1.0,1.0,0.03,0.06,0.0,255.0,14.0,0.05,0.07,0.0,1.0,1.0,0.0,1.0,68784.0
45.0,5.0,0.0,0.0,0.0,0.0,290.0,1.0,1.0,0.05,0.06,0.0,255.0,14.0,0.05,0.08,0.0,1.0,1.0,0.0,1.0,103050.0
45.0,4.0,0.0,0.0,0.0,0.0,1.0,0.0,0.0,1.0,0.0,0.0,255.0,1.0,0.0,1.0,0.0,0.0,0.0,1.0,1.0,100138.0
45.0,9.0,1.0,0.0,0.0,0.0,20.0,0.0,0.0,0.4,0.1,0.0,255.0,53.0,0.21,0.2,0.0,0.0,0.0,0.0,1.0,67562.0
41.0,1.0,0.0,0.0,0.0,0.0,510.0,0.12,0.0,0.0,1.0,0.0,255.0,1.0,0.0,1.0,0.0,0.19,0.0,1.0,1.0,3589.0
45.0,10.0,0.0,0.0,0.0,0.0,1.0,1.0,1.0,1.0,0.0,0.0,159.0,1.0,0.01,0.94,0.0,0.95,1.0,0.0,1.0,109017.0
55.0,5.0,0.0,0.0,0.0,0.0,282.0,1.0,1.0,0.01,0.05,0.0,255.0,2.0,0.01,0.05,0.0,1.0,1.0,0.0,1.0,62890.0
18.0,5.0,0.0,0.0,0.0,0.0,239.0,1.0,1.0,0.03,0.06,0.0,255.0,7.0,0.03,0.06,0.0,1.0,1.0,0.0,1.0,15690.0
45.0,5.0,0.0,0.0,0.0,0.0,146.0,1.0,1.0,0.08,0.05,0.0,255.0,9.0,0.04,0.07,0.0,1.0,1.0,0.0,1.0,54941.0
45.0,5.0,0.0,0.0,0.0,0.0,237.0,1.0,1.0,0.05,0.05,0.0,255.0,10.0,0.04,0.06,0.0,1.0,1.0,0.0,1.0,28126.0
55.0,5.0,0.0,0.0,0.0,0.0,28.0,1.0,1.0,0.21,0.14,0.0,255.0,64.0,0.25,0.02,0.0,1.0,1.0,0.0,1.0,2575.0
54.0,5.0,0.0,0.0,0.0,0.0,297.0,1.0,1.0,0.08,0.05,0.0,255.0,23.0,0.09,0.05,0.0,1.0,1.0,0.0,1.0,105005.0
45.0,5.0,0.0,0.0,0.0,0.0,131.0,1.0,1.0,0.11,0.06,0.0,255.0,4.0,0.02,0.06,0.0,1.0,1.0,0.0,1.0,80533.0
61.0,5.0,0.0,0.0,0.0,0.0,200.0,1.0,1.0,0.0,0.05,0.0,255.0,1.0,0.0,0.05,0.0,1.0,1.0,0.0,1.0,119323.0
33.0,1.0,0.0,0.0,0.0,0.0,198.0,0.0,0.0,0.08,0.07,0.0,255.0,15.0,0.06,0.07,0.0,0.0,0.0,1.0,1.0,76553.0
29.0,5.0,0.0,0.0,0.0,0.0,247.0,1.0,1.0,0.06,0.05,0.0,255.0,15.0,0.06,0.06,0.0,1.0,1.0,0.0,1.0,73686.0
13.0,9.0,8.0,0.0,0.0,0.0,1.0,0.0,0.0,1.0,0.0,1.0,4.0,80.0,1.0,0.0,0.25,0.0,0.0,0.0,1.0,6100.0
25.0,5.0,0.0,0.0,0.0,0.0,254.0,1.0,1.0,0.02,0.06,0.0,255.0,6.0,0.02,0.06,0.0,1.0,1.0,0.0,1.0,51957.0
45.0,5.0,0.0,0.0,0.0,0.0,123.0,1.0,1.0,0.07,0.06,0.0,255.0,16.0,0.06,0.07,0.0,1.0,1.0,0.0,1.0,24599.0
45.0,4.0,0.0,0.0,0.0,0.0,1.0,0.0,0.0,1.0,0.0,0.0,255.0,1.0,0.0,0.74,0.0,0.0,0.0,1.0,1.0,82481.0
13.0,9.0,18.0,0.0,0.0,0.0,1.0,0.0,0.0,1.0,0.0,0.0,1.0,8.0,1.0,0.0,1.0,0.0,0.0,0.0,1.0,46252.0
45.0,5.0,0.0,0.0,0.0,0.0,121.0,1.0,1.0,0.04,0.07,0.0,255.0,9.0,0.04,0.06,0.0,1.0,1.0,0.0,1.0,9174.0
10.0,5.0,0.0,0.0,0.0,0.0,232.0,1.0,1.0,0.08,0.06,0.0,255.0,18.0,0.07,0.07,0.0,1.0,1.0,0.0,1.0,29561.0
15.0,5.0,0.0,0.0,0.0,0.0,28.0,1.0,1.0,0.11,0.11,0.0,255.0,15.0,0.06,0.07,0.0,1.0,1.0,0.0,1.0,119654.0
45.0,5.0,0.0,0.0,0.0,0.0,186.0,1.0,1.0,0.12,0.05,0.0,127.0,22.0,0.17,0.08,0.0,0.89,1.0,0.0,1.0,73722.0
25.0,5.0,0.0,0.0,0.0,0.0,276.0,1.0,1.0,0.07,0.06,0.0,255.0,9.0,0.04,0.06,0.0,1.0,1.0,0.0,1.0,26920.0
55.0,5.0,0.0,0.0,0.0,0.0,62.0,1.0,1.0,0.23,0.06,0.0,255.0,62.0,0.24,0.02,0.0,1.0,1.0,0.0,1.0,48246.0
2.0,5.0,0.0,0.0,0.0,0.0,203.0,1.0,1.0,0.01,0.07,0.0,255.0,2.0,0.01,0.08,0.0,1.0,1.0,0.0,1.0,114469.0
14.0,9.0,1032.0,0.0,0.0,0.0,511.0,0.0,0.0,1.0,0.0,0.0,255.0,216.0,0.85,0.01,0.0,0.0,0.0,0.0,1.0,16117.0
45.0,1.0,0.0,0.0,0.0,0.0,1.0,0.0,0.0,1.0,0.0,0.0,7.0,2.0,0.14,1.0,1.0,0.0,0.0,1.0,1.0,107817.0
41.0,4.0,1.0,0.0,0.0,0.0,2.0,0.0,0.0,1.0,0.0,0.0,255.0,2.0,0.01,0.73,0.0,0.0,0.0,1.0,1.0,58926.0
15.0,1.0,0.0,0.0,0.0,0.0,90.0,0.0,0.0,0.14,0.07,0.0,255.0,13.0,0.05,0.06,0.0,0.0,0.0,1.0,1.0,71030.0
45.0,1.0,0.0,0.0,0.0,0.0,128.0,0.0,0.0,0.13,0.06,0.0,255.0,17.0,0.07,0.06,0.0,0.0,0.0,1.0,1.0,19430.0
45.0,5.0,0.0,0.0,0.0,0.0,115.0,1.0,1.0,0.03,0.06,0.0,255.0,17.0,0.07,0.07,0.0,1.0,1.0,0.0,1.0,111267.0
45.0,5.0,0.0,0.0,0.0,0.0,263.0,1.0,1.0,0.1,0.05,0.0,255.0,25.0,0.1,0.05,0.0,1.0,1.0,0.0,1.0,70404.0
4.0,5.0,0.0,0.0,0.0,0.0,264.0,1.0,1.0,0.01,0.05,0.0,255.0,3.0,0.01,0.05,0.0,1.0,1.0,0.0,1.0,72294.0
45.0,5.0,0.0,0.0,0.0,0.0,192.0,1.0,1.0,0.13,0.07,0.0,255.0,25.0,0.1,0.06,0.0,1.0,1.0,0.0,1.0,28687.0
45.0,4.0,0.0,0.0,0.0,0.0,321.0,0.0,0.0,0.01,0.5,0.0,255.0,2.0,0.01,0.51,0.0,0.0,0.0,1.0,1.0,31044.0
38.0,5.0,0.0,0.0,0.0,0.0,19.0,1.0,1.0,0.32,0.21,0.0,255.0,6.0,0.02,0.08,0.0,1.0,1.0,0.0,1.0,59762.0
45.0,5.0,0.0,0.0,0.0,0.0,201.0,1.0,1.0,0.01,0.05,0.0,5.0,2.0,0.4,0.6,0.0,0.6,1.0,0.0,1.0,13668.0
13.0,9.0,8.0,0.0,0.0,0.0,1.0,0.0,0.0,1.0,0.0,1.0,1.0,31.0,1.0,0.0,0.52,0.0,0.0,0.0,1.0,2402.0
55.0,2.0,0.0,0.0,0.0,0.0,263.0,0.0,0.0,0.01,0.06,0.0,255.0,2.0,0.01,0.07,0.0,0.0,0.0,1.0,1.0,59772.0
13.0,9.0,8.0,0.0,0.0,0.0,1.0,0.0,0.0,1.0,0.0,1.0,1.0,153.0,1.0,0.0,0.5,0.0,0.0,0.0,1.0,86726.0
45.0,1.0,0.0,0.0,0.0,0.0,295.0,0.11,0.0,0.0,1.0,0.0,255.0,1.0,0.0,1.0,0.0,0.1,0.0,1.0,1.0,112658.0
45.0,5.0,0.0,0.0,0.0,0.0,146.0,1.0,1.0,0.05,0.05,0.0,255.0,5.0,0.02,0.06,0.0,1.0,1.0,0.0,1.0,117988.0
19.0,5.0,0.0,0.0,0.0,0.0,69.0,1.0,1.0,0.25,0.06,0.0,149.0,55.0,0.25,0.03,0.04,1.0,0.67,0.0,1.0,91152.0
50.0,1.0,0.0,0.0,0.0,0.0,102.0,0.0,0.0,0.02,0.07,0.0,255.0,2.0,0.01,0.07,0.0,0.0,0.0,1.0,1.0,49901.0
45.0,1.0,0.0,0.0,0.0,0.0,144.0,0.0,0.0,0.01,0.08,0.0,255.0,2.0,0.01,0.07,0.0,0.0,0.0,1.0,1.0,30336.0
41.0,4.0,1.0,0.0,0.0,0.0,2.0,0.0,0.0,1.0,0.0,0.0,255.0,2.0,0.01,0.73,0.0,0.0,0.0,1.0,1.0,91675.0
52.0,5.0,0.0,0.0,0.0,0.0,275.0,1.0,1.0,0.03,0.06,0.0,255.0,9.0,0.04,0.06,0.0,1.0,1.0,0.0,1.0,112622.0
45.0,4.0,1.0,0.0,0.0,0.0,2.0,0.0,0.0,1.0,0.0,0.0,255.0,2.0,0.01,0.78,0.0,0.0,0.0,1.0,1.0,125243.0
41.0,1.0,0.0,0.0,0.0,0.0,511.0,0.14,0.0,0.0,1.0,0.0,255.0,1.0,0.0,1.0,0.0,0.17,0.0,1.0,1.0,115010.0
45.0,9.0,28.0,0.0,3.0,0.0,167.0,0.6,0.0,0.4,0.04,0.0,255.0,67.0,0.26,0.74,0.0,0.09,0.0,0.0,1.0,23370.0
45.0,5.0,0.0,0.0,0.0,0.0,94.0,1.0,1.0,0.06,0.07,0.0,146.0,6.0,0.04,0.08,0.0,1.0,1.0,0.0,1.0,111241.0
14.0,9.0,1032.0,0.0,0.0,0.0,511.0,0.0,0.0,1.0,0.0,0.0,255.0,146.0,0.57,0.02,0.0,0.0,0.0,0.0,1.0,76159.0
63.0,5.0,0.0,0.0,0.0,0.0,224.0,1.0,1.0,0.03,0.07,0.0,255.0,7.0,0.03,0.08,0.0,1.0,1.0,0.0,1.0,11086.0
26.0,1.0,0.0,0.0,0.0,0.0,244.0,0.0,0.0,0.07,0.06,0.0,255.0,17.0,0.07,0.07,0.0,0.0,0.0,1.0,1.0,667.0
45.0,5.0,0.0,0.0,0.0,0.0,281.0,1.0,1.0,0.07,0.06,0.0,255.0,35.0,0.14,0.05,0.0,1.0,1.0,0.0,1.0,103081.0
13.0,9.0,8.0,0.0,0.0,0.0,1.0,0.0,0.0,1.0,0.0,1.0,2.0,129.0,1.0,0.0,0.5,0.0,0.0,0.0,1.0,21517.0
4.0,5.0,0.0,0.0,0.0,0.0,247.0,1.0,1.0,0.1,0.06,0.0,255.0,24.0,0.09,0.06,0.0,1.0,1.0,0.0,1.0,38221.0
54.0,1.0,0.0,0.0,0.0,0.0,149.0,0.0,0.0,0.13,0.06,0.0,255.0,17.0,0.07,0.07,0.0,0.0,0.0,1.0,1.0,109152.0
13.0,9.0,8.0,0.0,0.0,0.0,1.0,0.0,0.0,1.0,0.0,1.0,3.0,103.0,1.0,0.0,0.25,0.0,0.0,0.0,1.0,101958.0
15.0,5.0,0.0,0.0,0.0,0.0,146.0,1.0,1.0,0.14,0.06,0.0,255.0,20.0,0.08,0.06,0.0,1.0,1.0,0.0,1.0,124365.0
45.0,5.0,0.0,0.0,0.0,0.0,98.0,0.99,1.0,0.14,0.08,0.0,255.0,14.0,0.05,0.06,0.0,1.0,1.0,0.0,1.0,59546.0
19.0,5.0,0.0,0.0,0.0,0.0,26.0,1.0,1.0,0.19,0.15,0.0,255.0,63.0,0.25,0.02,0.0,1.0,1.0,0.0,1.0,14186.0
12.0,5.0,0.0,0.0,0.0,0.0,191.0,1.0,1.0,0.01,0.07,0.0,255.0,2.0,0.01,0.07,0.0,1.0,1.0,0.0,1.0,15385.0
49.0,5.0,0.0,0.0,0.0,0.0,14.0,1.0,0.88,1.0,0.0,0.19,156.0,138.0,0.47,0.01,0.01,0.99,0.54,0.0,1.0,82903.0
45.0,5.0,0.0,0.0,0.0,0.0,158.0,1.0,1.0,0.11,0.06,0.0,255.0,17.0,0.07,0.05,0.0,1.0,1.0,0.0,1.0,87248.0
30.0,5.0,0.0,0.0,0.0,0.0,6.0,1.0,1.0,0.33,0.33,0.0,255.0,4.0,0.02,0.09,0.0,1.0,1.0,0.0,1.0,50107.0
45.0,9.0,215.0,0.0,0.0,0.0,1.0,0.0,0.0,1.0,0.0,0.0,193.0,161.0,0.83,0.01,0.0,0.0,0.0,0.0,1.0,16246.0
19.0,9.0,383.0,0.0,0.0,1.0,3.0,0.0,0.0,0.67,0.67,0.67,18.0,70.0,0.17,0.22,0.03,0.0,0.01,0.0,1.0,45633.0
45.0,5.0,0.0,0.0,0.0,0.0,216.0,1.0,1.0,0.05,0.07,0.0,255.0,12.0,0.05,0.07,0.0,1.0,1.0,0.0,1.0,113914.0
45.0,5.0,0.0,0.0,0.0,0.0,80.0,1.0,1.0,0.03,0.09,0.0,255.0,2.0,0.01,0.07,0.0,1.0,1.0,0.0,1.0,26637.0
14.0,9.0,520.0,0.0,0.0,0.0,395.0,0.0,0.0,1.0,0.0,0.0,255.0,255.0,1.0,0.0,0.0,0.0,0.0,0.0,1.0,89232.0
5.0,5.0,0.0,0.0,0.0,0.0,127.0,1.0,1.0,0.02,0.06,0.0,255.0,3.0,0.01,0.07,0.0,1.0,1.0,0.0,1.0,87382.0
45.0,5.0,0.0,0.0,0.0,0.0,223.0,1.0,1.0,0.04,0.07,0.0,255.0,9.0,0.04,0.07,0.0,1.0,1.0,0.0,1.0,86095.0
13.0,9.0,8.0,0.0,0.0,0.0,1.0,0.0,0.0,1.0,0.0,1.0,1.0,7.0,1.0,0.0,0.57,0.0,0.0,0.0,1.0,96820.0
6.0,5.0,0.0,0.0,0.0,0.0,118.0,1.0,1.0,0.08,0.06,0.0,255.0,4.0,0.02,0.07,0.0,1.0,1.0,0.0,1.0,16037.0
45.0,1.0,0.0,0.0,0.0,0.0,130.0,0.0,0.0,0.08,0.07,0.0,255.0,10.0,0.04,0.07,0.0,0.0,0.0,1.0,1.0,91504.0
29.0,5.0,0.0,0.0,0.0,0.0,100.0,1.0,1.0,0.1,0.06,0.0,255.0,3.0,0.01,0.09,0.0,1.0,1.0,0.0,1.0,125702.0
53.0,5.0,0.0,0.0,0.0,0.0,196.0,1.0,1.0,0.01,0.06,0.0,255.0,1.0,0.0,0.06,0.0,1.0,1.0,0.0,1.0,45460.0
2.0,5.0,0.0,0.0,0.0,0.0,236.0,1.0,1.0,0.07,0.07,0.0,255.0,16.0,0.06,0.07,0.0,1.0,1.0,0.0,1.0,27712.0
52.0,5.0,0.0,0.0,0.0,0.0,294.0,1.0,1.0,0.08,0.05,0.0,255.0,23.0,0.09,0.05,0.0,1.0,1.0,0.0,1.0,97296.0
45.0,5.0,0.0,0.0,0.0,0.0,197.0,1.0,1.0,0.04,0.06,0.0,255.0,8.0,0.03,0.06,0.0,1.0,1.0,0.0,1.0,108956.0
45.0,5.0,0.0,0.0,0.0,0.0,126.0,1.0,1.0,0.02,0.06,0.0,255.0,4.0,0.02,0.08,0.0,1.0,1.0,0.0,1.0,49329.0
45.0,5.0,0.0,0.0,0.0,0.0,127.0,1.0,1.0,0.14,0.07,0.0,72.0,18.0,0.25,0.11,0.0,1.0,1.0,0.0,1.0,9256.0
45.0,5.0,0.0,0.0,0.0,0.0,292.0,1.0,1.0,0.01,0.06,0.0,255.0,4.0,0.02,0.08,0.0,1.0,1.0,0.0,1.0,95160.0
45.0,4.0,0.0,0.0,0.0,0.0,1.0,0.0,0.0,1.0,0.0,0.0,219.0,1.0,0.0,0.26,0.0,0.0,0.0,1.0,1.0,31089.0
13.0,9.0,8.0,0.0,0.0,0.0,1.0,0.0,0.0,1.0,0.0,1.0,3.0,80.0,1.0,0.0,0.26,0.0,0.0,0.0,1.0,897.0
13.0,9.0,8.0,0.0,0.0,0.0,1.0,0.0,0.0,1.0,0.0,1.0,3.0,123.0,1.0,0.0,0.25,0.0,0.0,0.0,1.0,69514.0
45.0,4.0,0.0,0.0,0.0,0.0,316.0,0.0,0.0,0.01,0.5,0.0,255.0,2.0,0.01,0.5,0.0,0.0,0.0,1.0,1.0,73365.0
45.0,1.0,0.0,0.0,0.0,0.0,114.0,0.0,0.0,0.17,0.06,0.0,255.0,28.0,0.11,0.06,0.0,0.0,0.0,1.0,1.0,119629.0
19.0,9.0,334.0,0.0,0.0,1.0,1.0,0.0,0.0,1.0,0.0,0.0,1.0,23.0,1.0,0.0,0.17,0.0,0.0,0.0,1.0,46243.0
31.0,5.0,0.0,0.0,0.0,0.0,134.0,1.0,1.0,0.14,0.07,0.0,255.0,2.0,0.01,0.07,0.0,1.0,1.0,0.0,1.0,1738.0
4.0,1.0,0.0,0.0,0.0,0.0,2.0,0.0,0.0,0.5,1.0,0.0,255.0,1.0,0.0,0.7,0.0,0.0,0.0,1.0,1.0,112553.0
9.0,5.0,0.0,0.0,0.0,0.0,11.0,1.0,1.0,0.27,0.55,0.0,255.0,11.0,0.04,0.09,0.0,1.0,1.0,0.0,1.0,80330.0
45.0,5.0,0.0,0.0,0.0,0.0,181.0,1.0,1.0,0.14,0.05,0.0,255.0,25.0,0.1,0.05,0.0,1.0,1.0,0.0,1.0,100171.0
45.0,5.0,0.0,0.0,0.0,0.0,232.0,1.0,1.0,0.09,0.06,0.0,255.0,19.0,0.07,0.06,0.0,1.0,1.0,0.0,1.0,115716.0
45.0,5.0,0.0,0.0,0.0,0.0,100.0,1.0,1.0,0.11,0.06,0.0,255.0,34.0,0.13,0.05,0.0,1.0,1.0,0.0,1.0,66492.0
45.0,5.0,0.0,0.0,0.0,0.0,246.0,1.0,1.0,0.06,0.07,0.0,255.0,14.0,0.05,0.06,0.0,1.0,1.0,0.0,1.0,110613.0
45.0,1.0,0.0,0.0,0.0,0.0,269.0,0.0,0.0,0.06,0.05,0.0,255.0,15.0,0.06,0.06,0.0,0.0,0.0,1.0,1.0,4128.0
37.0,5.0,0.0,0.0,0.0,0.0,231.0,1.0,1.0,0.01,0.07,0.0,255.0,2.0,0.01,0.08,0.0,1.0,1.0,0.0,1.0,59613.0
45.0,5.0,0.0,0.0,0.0,0.0,80.0,1.0,1.0,0.16,0.08,0.0,255.0,13.0,0.05,0.05,0.0,1.0,1.0,0.0,1.0,42052.0
13.0,9.0,18.0,0.0,0.0,0.0,1.0,0.0,0.0,1.0,0.0,0.0,1.0,140.0,1.0,0.0,1.0,0.0,0.0,0.0,1.0,22960.0
17.0,5.0,0.0,0.0,0.0,0.0,68.0,1.0,1.0,0.29,0.06,0.0,255.0,61.0,0.24,0.02,0.0,1.0,1.0,0.0,1.0,59390.0
27.0,5.0,0.0,0.0,0.0,0.0,48.0,1.0,1.0,0.25,0.06,0.0,255.0,12.0,0.05,0.05,0.0,1.0,1.0,0.0,1.0,24182.0
63.0,5.0,0.0,0.0,0.0,0.0,205.0,1.0,1.0,0.02,0.06,0.0,255.0,16.0,0.06,0.07,0.0,1.0,1.0,0.0,1.0,89153.0
30.0,5.0,0.0,0.0,0.0,0.0,205.0,1.0,1.0,0.0,0.06,0.0,255.0,1.0,0.0,0.07,0.0,1.0,1.0,0.0,1.0,57797.0
45.0,5.0,0.0,0.0,0.0,0.0,137.0,0.99,1.0,0.07,0.07,0.0,255.0,1.0,0.0,0.06,0.0,1.0,1.0,0.0,1.0,80318.0
5.0,5.0,0.0,0.0,0.0,0.0,120.0,1.0,1.0,0.07,0.07,0.0,255.0,8.0,0.03,0.07,0.0,1.0,1.0,0.0,1.0,113797.0
45.0,1.0,0.0,0.0,0.0,0.0,343.0,0.03,0.0,0.0,1.0,0.0,255.0,1.0,0.0,1.0,0.0,0.03,0.0,1.0,1.0,89044.0
13.0,9.0,8.0,0.0,0.0,0.0,1.0,0.0,0.0,1.0,0.0,0.0,2.0,28.0,1.0,0.0,0.54,0.0,0.0,0.0,1.0,59755.0
17.0,5.0,0.0,0.0,0.0,0.0,47.0,0.98,1.0,0.36,0.09,0.0,255.0,8.0,0.03,0.07,0.0,1.0,1.0,0.0,1.0,2305.0
9.0,5.0,0.0,0.0,0.0,0.0,247.0,1.0,1.0,0.03,0.07,0.0,255.0,8.0,0.03,0.08,0.0,1.0,1.0,0.0,1.0,84890.0
55.0,5.0,0.0,0.0,0.0,0.0,263.0,1.0,1.0,0.07,0.06,0.0,255.0,18.0,0.07,0.08,0.0,1.0,1.0,0.0,1.0,9239.0
45.0,5.0,0.0,0.0,0.0,0.0,262.0,1.0,1.0,0.05,0.05,0.0,255.0,14.0,0.05,0.07,0.0,1.0,1.0,0.0,1.0,41450.0
5.0,1.0,0.0,0.0,0.0,0.0,118.0,0.0,0.0,0.14,0.07,0.0,255.0,16.0,0.06,0.07,0.0,0.0,0.0,1.0,1.0,29224.0
45.0,5.0,0.0,0.0,0.0,0.0,102.0,1.0,1.0,0.13,0.06,0.0,255.0,4.0,0.02,0.07,0.0,1.0,1.0,0.0,1.0,71157.0
45.0,5.0,0.0,0.0,0.0,0.0,15.0,1.0,1.0,0.2,0.2,0.0,255.0,19.0,0.07,0.09,0.0,1.0,1.0,0.0,1.0,88120.0
19.0,5.0,0.0,0.0,0.0,0.0,275.0,1.0,1.0,0.09,0.05,0.0,255.0,25.0,0.1,0.05,0.0,1.0,1.0,0.0,1.0,23812.0
57.0,5.0,0.0,0.0,0.0,0.0,206.0,1.0,1.0,0.1,0.05,0.0,255.0,21.0,0.08,0.05,0.0,1.0,1.0,0.0,1.0,18034.0
20.0,5.0,0.0,0.0,0.0,0.0,290.0,1.0,1.0,0.07,0.05,0.0,255.0,21.0,0.08,0.05,0.0,1.0,1.0,0.0,1.0,43370.0
19.0,9.0,334.0,0.0,0.0,1.0,1.0,0.0,0.0,1.0,0.0,0.0,3.0,13.0,1.0,0.0,0.31,0.0,0.0,0.0,1.0,72426.0
2.0,5.0,0.0,0.0,0.0,0.0,243.0,1.0,1.0,0.06,0.07,0.0,255.0,14.0,0.05,0.07,0.0,1.0,1.0,0.0,1.0,9940.0
45.0,5.0,0.0,0.0,0.0,0.0,281.0,1.0,1.0,0.06,0.06,0.0,255.0,3.0,0.01,0.07,0.0,1.0,1.0,0.0,1.0,27564.0
45.0,5.0,0.0,0.0,0.0,0.0,207.0,0.63,1.0,0.07,0.05,0.0,255.0,1.0,0.0,0.06,0.0,1.0,1.0,0.0,1.0,112194.0
45.0,5.0,0.0,0.0,0.0,0.0,126.0,1.0,1.0,0.11,0.06,0.0,255.0,7.0,0.03,0.06,0.0,1.0,1.0,0.0,1.0,15944.0
57.0,5.0,0.0,0.0,0.0,0.0,178.0,1.0,1.0,0.01,0.08,0.0,255.0,1.0,0.0,0.07,0.0,1.0,1.0,0.0,1.0,8354.0
18.0,5.0,0.0,0.0,0.0,0.0,235.0,1.0,1.0,0.02,0.06,0.0,255.0,5.0,0.02,0.06,0.0,1.0,1.0,0.0,1.0,101632.0
38.0,5.0,0.0,0.0,0.0,0.0,226.0,1.0,1.0,0.05,0.06,0.0,255.0,12.0,0.05,0.07,0.0,1.0,1.0,0.0,1.0,125572.0
19.0,5.0,0.0,0.0,0.0,0.0,75.0,1.0,1.0,0.24,0.05,0.0,255.0,78.0,0.31,0.02,0.0,1.0,1.0,0.0,1.0,61005.0
4.0,5.0,0.0,0.0,0.0,0.0,264.0,1.0,1.0,0.03,0.06,0.0,255.0,7.0,0.03,0.07,0.0,1.0,1.0,0.0,1.0,29175.0
9.0,5.0,0.0,0.0,0.0,0.0,93.0,1.0,1.0,0.04,0.08,0.0,255.0,4.0,0.02,0.07,0.0,1.0,1.0,0.0,1.0,68515.0
9.0,2.0,0.0,0.0,0.0,0.0,275.0,0.0,0.0,0.07,0.06,0.0,255.0,19.0,0.07,0.07,0.0,0.0,0.0,1.0,1.0,43417.0
35.0,5.0,0.0,0.0,0.0,0.0,31.0,1.0,1.0,0.45,0.16,0.0,255.0,14.0,0.05,0.07,0.0,1.0,1.0,0.0,1.0,78992.0
9.0,5.0,0.0,0.0,0.0,0.0,241.0,1.0,1.0,0.01,0.06,0.0,255.0,3.0,0.01,0.07,0.0,1.0,1.0,0.0,1.0,83577.0
45.0,10.0,0.0,0.0,0.0,0.0,1.0,1.0,1.0,1.0,0.0,0.0,104.0,1.0,0.01,0.9,0.0,0.92,1.0,0.0,1.0,101656.0
5.0,5.0,0.0,0.0,0.0,0.0,103.0,1.0,1.0,0.1,0.05,0.0,255.0,10.0,0.04,0.05,0.0,1.0,1.0,0.0,1.0,11508.0
45.0,1.0,0.0,0.0,0.0,0.0,158.0,0.0,0.0,0.05,0.08,0.0,255.0,8.0,0.03,0.08,0.0,0.0,0.0,1.0,1.0,9400.0
14.0,9.0,1032.0,0.0,0.0,0.0,511.0,0.0,0.0,1.0,0.0,0.0,255.0,157.0,0.62,0.02,0.0,0.0,0.0,0.0,1.0,43647.0
45.0,5.0,0.0,0.0,0.0,0.0,166.0,1.0,1.0,0.09,0.07,0.0,255.0,5.0,0.02,0.08,0.0,1.0,1.0,0.0,1.0,91930.0
45.0,5.0,0.0,0.0,0.0,0.0,297.0,1.0,1.0,0.06,0.06,0.0,255.0,1.0,0.0,0.08,0.0,1.0,1.0,0.0,1.0,96309.0
13.0,9.0,8.0,0.0,0.0,0.0,1.0,0.0,0.0,1.0,0.0,1.0,1.0,205.0,1.0,0.0,0.25,0.0,0.0,0.0,1.0,25792.0
61.0,1.0,0.0,0.0,0.0,0.0,238.0,0.0,0.0,0.01,0.06,0.0,255.0,2.0,0.01,0.07,0.0,0.0,0.0,1.0,1.0,120411.0
45.0,5.0,0.0,0.0,0.0,0.0,95.0,1.0,1.0,0.05,0.06,0.0,255.0,21.0,0.08,0.06,0.0,1.0,1.0,0.0,1.0,88393.0
63.0,5.0,0.0,0.0,0.0,0.0,234.0,1.0,1.0,0.08,0.06,0.0,255.0,18.0,0.07,0.07,0.0,1.0,1.0,0.0,1.0,27804.0
45.0,9.0,1.0,0.0,0.0,0.0,21.0,0.0,0.0,0.05,0.24,0.0,255.0,1.0,0.0,0.39,0.0,0.02,0.0,0.0,1.0,30946.0
54.0,5.0,0.0,0.0,0.0,0.0,198.0,1.0,1.0,0.04,0.07,0.0,255.0,14.0,0.05,0.05,0.0,1.0,1.0,0.0,1.0,29183.0
52.0,2.0,0.0,0.0,0.0,0.0,167.0,0.0,0.0,0.01,0.08,0.0,255.0,1.0,0.0,0.08,0.0,0.0,0.0,1.0,1.0,108069.0
39.0,5.0,0.0,0.0,0.0,0.0,123.0,1.0,1.0,0.19,0.04,0.0,255.0,23.0,0.09,0.04,0.0,1.0,1.0,0.0,1.0,112681.0
14.0,9.0,1032.0,0.0,0.0,0.0,511.0,0.0,0.0,1.0,0.0,0.0,255.0,130.0,0.51,0.04,0.0,0.0,0.0,0.0,1.0,60943.0
45.0,5.0,0.0,0.0,0.0,0.0,116.0,1.0,1.0,0.14,0.05,0.0,255.0,20.0,0.08,0.05,0.0,1.0,1.0,0.0,1.0,29182.0
45.0,5.0,0.0,0.0,0.0,0.0,116.0,1.0,1.0,0.07,0.06,0.0,255.0,6.0,0.02,0.07,0.0,1.0,1.0,0.0,1.0,97563.0
15.0,5.0,0.0,0.0,0.0,0.0,139.0,1.0,1.0,0.06,0.06,0.0,255.0,2.0,0.01,0.07,0.0,1.0,1.0,0.0,1.0,93746.0
45.0,5.0,0.0,0.0,0.0,0.0,215.0,1.0,1.0,0.05,0.06,0.0,255.0,15.0,0.06,0.07,0.0,1.0,1.0,0.0,1.0,67751.0
60.0,5.0,0.0,0.0,0.0,0.0,102.0,1.0,1.0,0.01,0.07,0.0,255.0,1.0,0.0,0.05,0.0,1.0,1.0,0.0,1.0,71718.0
2.0,5.0,0.0,0.0,0.0,0.0,250.0,1.0,1.0,0.03,0.06,0.0,255.0,7.0,0.03,0.07,0.0,1.0,1.0,0.0,1.0,84958.0
45.0,5.0,0.0,0.0,0.0,0.0,510.0,0.2,1.0,0.0,1.0,0.0,255.0,1.0,0.0,1.0,0.0,0.17,1.0,0.0,1.0,119293.0
4.0,5.0,0.0,0.0,0.0,0.0,239.0,1.0,1.0,0.06,0.06,0.0,255.0,7.0,0.03,0.08,0.0,1.0,1.0,0.0,1.0,83556.0
4.0,5.0,0.0,0.0,0.0,0.0,222.0,1.0,1.0,0.05,0.06,0.0,255.0,20.0,0.08,0.08,0.0,1.0,1.0,0.0,1.0,96573.0
45.0,5.0,0.0,0.0,0.0,0.0,95.0,1.0,1.0,0.01,0.07,0.0,255.0,17.0,0.07,0.07,0.0,1.0,1.0,0.0,1.0,43514.0
9.0,2.0,0.0,0.0,0.0,0.0,128.0,0.0,0.0,0.1,0.06,0.0,255.0,13.0,0.05,0.06,0.0,0.0,0.0,1.0,1.0,119791.0
45.0,5.0,0.0,0.0,0.0,0.0,204.0,1.0,1.0,0.0,0.06,0.0,255.0,20.0,0.08,0.08,0.0,1.0,1.0,0.0,1.0,19606.0
45.0,1.0,0.0,0.0,0.0,0.0,1.0,0.0,0.0,1.0,0.0,0.0,21.0,1.0,0.05,1.0,0.0,0.0,0.0,1.0,1.0,110343.0
45.0,9.0,28.0,0.0,3.0,0.0,14.0,0.0,0.0,1.0,0.0,0.0,255.0,81.0,0.32,0.01,0.0,0.0,0.0,0.0,1.0,115896.0
14.0,9.0,1032.0,0.0,0.0,0.0,511.0,0.0,0.0,1.0,0.0,0.0,255.0,209.0,0.82,0.11,0.0,0.0,0.0,0.0,1.0,62351.0
45.0,4.0,1.0,0.0,0.0,0.0,2.0,0.0,0.0,1.0,0.0,0.0,255.0,2.0,0.01,0.73,0.0,0.0,0.0,1.0,1.0,4943.0
45.0,1.0,0.0,0.0,0.0,0.0,196.0,0.0,0.0,0.1,0.06,0.0,255.0,20.0,0.08,0.06,0.0,0.0,0.0,1.0,1.0,42014.0
14.0,9.0,1032.0,0.0,0.0,0.0,511.0,0.0,0.0,1.0,0.0,0.0,255.0,160.0,0.63,0.01,0.0,0.0,0.0,0.0,1.0,76649.0
1.0,1.0,0.0,0.0,0.0,0.0,7.0,0.0,0.0,0.14,1.0,0.0,114.0,1.0,0.01,0.11,0.0,0.0,0.0,1.0,1.0,123232.0
33.0,1.0,0.0,0.0,0.0,0.0,205.0,0.0,0.0,0.01,0.07,0.0,255.0,20.0,0.08,0.07,0.0,0.0,0.0,1.0,1.0,4800.0
45.0,1.0,0.0,0.0,0.0,0.0,217.0,0.0,0.0,0.03,0.07,0.0,255.0,7.0,0.03,0.09,0.0,0.0,0.0,1.0,1.0,36022.0
22.0,5.0,0.0,0.0,0.0,0.0,21.0,1.0,1.0,0.52,0.19,0.0,255.0,51.0,0.2,0.03,0.0,1.0,1.0,0.0,1.0,29103.0
45.0,1.0,0.0,0.0,0.0,0.0,77.0,0.01,0.0,0.01,1.0,0.0,255.0,1.0,0.0,0.33,0.0,0.0,0.0,1.0,1.0,68922.0
45.0,5.0,0.0,0.0,0.0,0.0,46.0,1.0,1.0,0.15,0.07,0.0,255.0,7.0,0.03,0.05,0.0,1.0,1.0,0.0,1.0,98421.0
45.0,5.0,0.0,0.0,0.0,0.0,298.0,1.0,1.0,0.01,0.06,0.0,255.0,6.0,0.02,0.07,0.0,1.0,1.0,0.0,1.0,40375.0
42.0,1.0,0.0,0.0,0.0,0.0,278.0,0.0,0.0,0.06,0.06,0.0,255.0,18.0,0.07,0.07,0.0,0.0,0.0,1.0,1.0,11607.0
45.0,1.0,0.0,0.0,0.0,0.0,197.0,0.1,0.0,0.01,1.0,0.0,255.0,1.0,0.0,0.89,0.0,0.07,0.0,1.0,1.0,15981.0
60.0,2.0,0.0,0.0,0.0,0.0,101.0,0.0,0.0,0.01,0.07,0.0,255.0,1.0,0.0,0.07,0.0,0.0,0.0,1.0,1.0,21500.0
5.0,1.0,0.0,0.0,0.0,0.0,133.0,0.0,0.0,0.03,0.06,0.0,255.0,4.0,0.02,0.06,0.0,0.0,0.0,1.0,1.0,101923.0
45.0,5.0,0.0,0.0,0.0,0.0,141.0,1.0,1.0,0.04,0.06,0.0,255.0,23.0,0.09,0.06,0.0,1.0,1.0,0.0,1.0,103079.0
54.0,1.0,0.0,0.0,0.0,0.0,225.0,0.0,0.0,0.06,0.07,0.0,255.0,13.0,0.05,0.08,0.0,0.0,0.0,1.0,1.0,56806.0
57.0,5.0,0.0,0.0,0.0,0.0,296.0,1.0,1.0,0.08,0.05,0.0,255.0,24.0,0.09,0.05,0.0,1.0,1.0,0.0,1.0,20875.0
13.0,9.0,8.0,0.0,0.0,0.0,1.0,0.0,0.0,1.0,0.0,1.0,2.0,43.0,1.0,0.0,0.51,0.0,0.0,0.0,1.0,101040.0
13.0,9.0,8.0,0.0,0.0,0.0,1.0,0.0,0.0,1.0,0.0,1.0,2.0,49.0,1.0,0.0,0.51,0.0,0.0,0.0,1.0,45436.0
14.0,9.0,1032.0,0.0,0.0,0.0,511.0,0.0,0.0,1.0,0.0,0.0,255.0,112.0,0.44,0.01,0.0,0.0,0.0,0.0,1.0,70523.0
41.0,1.0,0.0,0.0,0.0,0.0,511.0,0.24,0.0,0.0,1.0,0.0,255.0,1.0,0.0,1.0,0.0,0.18,0.0,1.0,1.0,76147.0
14.0,9.0,1032.0,0.0,0.0,0.0,511.0,0.0,0.0,1.0,0.0,0.0,255.0,28.0,0.11,0.24,0.0,0.0,0.0,0.0,1.0,16785.0
45.0,1.0,0.0,0.0,0.0,0.0,115.0,0.0,0.0,0.1,0.08,0.0,255.0,12.0,0.05,0.09,0.0,0.0,0.0,1.0,1.0,102730.0
10.0,5.0,0.0,0.0,0.0,0.0,17.0,1.0,1.0,0.35,0.29,0.0,255.0,6.0,0.02,0.08,0.0,1.0,1.0,0.0,1.0,3895.0
17.0,5.0,0.0,0.0,0.0,0.0,31.0,1.0,1.0,0.32,0.1,0.0,255.0,62.0,0.24,0.02,0.0,1.0,1.0,0.0,1.0,15748.0
14.0,9.0,520.0,0.0,0.0,0.0,484.0,0.0,0.0,1.0,0.0,0.0,85.0,85.0,1.0,0.0,0.0,0.0,0.0,0.0,1.0,6485.0
45.0,5.0,0.0,0.0,0.0,0.0,250.0,1.0,1.0,0.06,0.06,0.0,255.0,20.0,0.08,0.07,0.0,1.0,1.0,0.0,1.0,90573.0
46.0,5.0,0.0,0.0,0.0,0.0,24.0,1.0,1.0,0.08,0.17,0.0,255.0,3.0,0.01,0.09,0.0,1.0,1.0,0.0,1.0,70890.0
45.0,5.0,0.0,0.0,0.0,0.0,139.0,1.0,1.0,0.1,0.08,0.0,255.0,7.0,0.03,0.08,0.0,1.0,1.0,0.0,1.0,95981.0
45.0,5.0,0.0,0.0,0.0,0.0,42.0,1.0,1.0,0.17,0.12,0.0,255.0,16.0,0.06,0.08,0.0,1.0,1.0,0.0,1.0,44448.0
45.0,5.0,0.0,0.0,0.0,0.0,110.0,1.0,1.0,0.02,0.07,0.0,255.0,12.0,0.05,0.06,0.0,1.0,1.0,0.0,1.0,24114.0
17.0,5.0,0.0,0.0,0.0,0.0,36.0,1.0,1.0,0.19,0.11,0.0,255.0,54.0,0.21,0.04,0.0,1.0,1.0,0.0,1.0,74603.0
6.0,5.0,0.0,0.0,0.0,0.0,281.0,1.0,1.0,0.08,0.05,0.0,255.0,23.0,0.09,0.05,0.0,1.0,1.0,0.0,1.0,106508.0
45.0,5.0,0.0,0.0,0.0,0.0,146.0,1.0,1.0,0.11,0.06,0.0,255.0,10.0,0.04,0.06,0.0,1.0,1.0,0.0,1.0,52483.0
20.0,5.0,0.0,0.0,0.0,0.0,234.0,1.0,1.0,0.0,0.07,0.0,255.0,1.0,0.0,0.08,0.0,1.0,1.0,0.0,1.0,19890.0
45.0,5.0,0.0,0.0,0.0,0.0,270.0,1.0,1.0,0.02,0.06,0.0,255.0,4.0,0.02,0.07,0.0,1.0,1.0,0.0,1.0,84019.0
22.0,5.0,0.0,0.0,0.0,0.0,1.0,1.0,1.0,1.0,0.0,0.0,1.0,6.0,1.0,0.0,0.67,1.0,0.17,0.83,1.0,39548.0
45.0,5.0,0.0,0.0,0.0,0.0,117.0,1.0,1.0,0.13,0.07,0.0,255.0,5.0,0.02,0.07,0.0,1.0,1.0,0.0,1.0,10898.0
13.0,9.0,8.0,0.0,0.0,0.0,1.0,0.0,0.0,1.0,0.0,1.0,2.0,36.0,1.0,0.0,0.5,0.0,0.0,0.0,1.0,121079.0
17.0,5.0,0.0,0.0,0.0,0.0,45.0,1.0,1.0,0.27,0.09,0.0,255.0,61.0,0.24,0.02,0.0,1.0,1.0,0.0,1.0,59330.0
22.0,1.0,0.0,0.0,0.0,0.0,280.0,0.0,0.0,0.04,0.06,0.0,255.0,11.0,0.04,0.06,0.0,0.0,0.0,1.0,1.0,46851.0
14.0,9.0,1032.0,0.0,0.0,0.0,511.0,0.0,0.0,1.0,0.0,0.0,255.0,105.0,0.41,0.19,0.0,0.0,0.0,0.0,1.0,66757.0
22.0,5.0,0.0,0.0,0.0,0.0,12.0,1.0,1.0,0.58,0.33,0.0,94.0,27.0,0.29,0.04,0.0,0.98,1.0,0.0,1.0,49594.0
19.0,1.0,0.0,0.0,0.0,0.0,273.0,0.0,0.0,0.04,0.06,0.0,255.0,10.0,0.04,0.07,0.0,0.0,0.0,1.0,1.0,2542.0
49.0,5.0,0.0,0.0,0.0,0.0,298.0,1.0,1.0,0.02,0.06,0.0,255.0,4.0,0.02,0.09,0.0,1.0,1.0,0.0,1.0,113802.0
45.0,5.0,0.0,0.0,0.0,0.0,108.0,1.0,1.0,0.07,0.06,0.0,255.0,27.0,0.11,0.06,0.0,1.0,1.0,0.0,1.0,108638.0
45.0,5.0,0.0,0.0,0.0,0.0,147.0,1.0,1.0,0.17,0.05,0.0,255.0,3.0,0.01,0.05,0.0,1.0,1.0,0.0,1.0,100662.0
63.0,5.0,0.0,0.0,0.0,0.0,214.0,1.0,1.0,0.0,0.07,0.0,255.0,1.0,0.0,0.08,0.0,1.0,1.0,0.0,1.0,101491.0
45.0,4.0,1.0,0.0,0.0,0.0,2.0,0.0,0.0,1.0,0.0,0.0,255.0,2.0,0.01,0.7,0.0,0.0,0.0,1.0,1.0,123280.0
63.0,5.0,0.0,0.0,0.0,0.0,104.0,1.0,1.0,0.13,0.06,0.0,255.0,6.0,0.02,0.07,0.0,1.0,1.0,0.0,1.0,120572.0
45.0,5.0,0.0,0.0,0.0,0.0,289.0,1.0,1.0,0.03,0.06,0.0,255.0,13.0,0.05,0.07,0.0,1.0,1.0,0.0,1.0,56622.0
2.0,5.0,0.0,0.0,0.0,0.0,235.0,1.0,1.0,0.06,0.06,0.0,255.0,7.0,0.03,0.09,0.0,1.0,1.0,0.0,1.0,28795.0
45.0,5.0,0.0,0.0,0.0,0.0,193.0,1.0,1.0,0.04,0.06,0.0,255.0,20.0,0.08,0.07,0.0,1.0,1.0,0.0,1.0,73579.0
17.0,5.0,0.0,0.0,0.0,0.0,27.0,0.96,0.88,0.26,0.19,0.25,255.0,49.0,0.19,0.04,0.0,1.0,1.0,0.0,1.0,96008.0
45.0,10.0,0.0,0.0,0.0,0.0,1.0,1.0,1.0,1.0,0.0,0.0,137.0,1.0,0.01,0.93,0.0,0.94,1.0,0.0,1.0,12504.0
35.0,1.0,0.0,0.0,0.0,0.0,197.0,0.0,0.0,0.01,0.07,0.0,255.0,1.0,0.0,0.07,0.0,0.0,0.0,1.0,1.0,77501.0
53.0,1.0,0.0,0.0,0.0,0.0,248.0,0.0,0.0,0.08,0.06,0.0,255.0,20.0,0.08,0.08,0.0,0.0,0.0,1.0,1.0,110931.0
55.0,2.0,0.0,15.0,0.0,0.0,1.0,0.0,0.0,1.0,0.0,0.0,4.0,7.0,0.25,1.0,0.43,0.0,0.0,0.29,1.0,119301.0
45.0,1.0,0.0,0.0,0.0,0.0,98.0,0.0,0.0,0.16,0.06,0.0,255.0,16.0,0.06,0.06,0.0,0.0,0.0,1.0,1.0,67540.0
45.0,4.0,1.0,0.0,0.0,0.0,2.0,0.0,0.0,1.0,0.0,0.0,255.0,2.0,0.01,0.5,0.0,0.0,0.0,1.0,1.0,13751.0
31.0,2.0,0.0,0.0,0.0,0.0,136.0,0.0,0.0,0.14,0.07,0.0,255.0,19.0,0.07,0.06,0.0,0.0,0.0,1.0,1.0,58462.0
62.0,5.0,0.0,0.0,0.0,0.0,237.0,1.0,1.0,0.01,0.07,0.0,255.0,2.0,0.01,0.07,0.0,1.0,1.0,0.0,1.0,17769.0
30.0,1.0,0.0,0.0,0.0,0.0,273.0,0.0,0.0,0.03,0.06,0.0,255.0,9.0,0.04,0.07,0.0,0.0,0.0,1.0,1.0,61584.0
55.0,5.0,0.0,0.0,0.0,0.0,60.0,1.0,1.0,0.23,0.07,0.0,255.0,63.0,0.25,0.02,0.0,1.0,1.0,0.0,1.0,55836.0
14.0,9.0,1032.0,0.0,0.0,0.0,240.0,0.0,0.0,1.0,0.0,0.0,255.0,255.0,1.0,0.0,0.0,0.0,0.0,0.0,1.0,6769.0
25.0,5.0,0.0,0.0,0.0,0.0,249.0,1.0,1.0,0.01,0.06,0.0,255.0,2.0,0.01,0.08,0.0,1.0,1.0,0.0,1.0,61644.0
45.0,9.0,28.0,0.0,3.0,0.0,91.0,0.01,0.0,0.99,0.02,0.0,255.0,90.0,0.35,0.01,0.0,0.0,0.0,0.0,1.0,48835.0
41.0,1.0,0.0,0.0,0.0,0.0,309.0,0.1,0.0,0.0,1.0,0.0,255.0,1.0,0.0,1.0,0.0,0.09,0.0,1.0,1.0,70984.0
45.0,4.0,0.0,0.0,0.0,0.0,314.0,0.0,0.0,0.01,0.52,0.0,255.0,2.0,0.01,0.52,0.0,0.0,0.0,1.0,1.0,65450.0
14.0,9.0,1032.0,0.0,0.0,0.0,511.0,0.0,0.0,1.0,0.0,0.0,255.0,153.0,0.6,0.02,0.0,0.0,0.0,0.0,1.0,125927.0
26.0,5.0,0.0,0.0,0.0,0.0,251.0,1.0,1.0,0.08,0.06,0.0,255.0,19.0,0.07,0.07,0.0,1.0,1.0,0.0,1.0,62724.0
13.0,9.0,8.0,0.0,0.0,0.0,1.0,0.0,0.0,1.0,0.0,1.0,1.0,155.0,1.0,0.0,0.5,0.0,0.0,0.0,1.0,16438.0
19.0,5.0,0.0,0.0,0.0,0.0,2.0,1.0,1.0,0.5,1.0,0.0,82.0,48.0,0.26,0.05,0.04,1.0,0.44,0.0,1.0,46708.0
45.0,5.0,0.0,0.0,0.0,0.0,262.0,1.0,1.0,0.06,0.05,0.0,255.0,11.0,0.04,0.07,0.0,1.0,1.0,0.0,1.0,99213.0
14.0,9.0,1032.0,0.0,0.0,0.0,511.0,0.0,0.0,1.0,0.0,0.0,155.0,10.0,0.06,0.02,0.0,0.0,0.0,0.0,1.0,24236.0
45.0,5.0,0.0,0.0,0.0,0.0,260.0,1.0,1.0,0.04,0.05,0.0,255.0,10.0,0.04,0.07,0.0,1.0,1.0,0.0,1.0,93493.0
22.0,5.0,0.0,0.0,0.0,0.0,33.0,1.0,0.94,0.52,0.06,0.11,193.0,57.0,0.3,0.02,0.0,1.0,1.0,0.0,1.0,82874.0
38.0,4.0,0.0,0.0,0.0,0.0,1.0,0.0,0.0,1.0,0.0,0.0,255.0,1.0,0.0,1.0,0.0,0.0,0.0,1.0,1.0,14404.0
38.0,5.0,0.0,0.0,0.0,0.0,106.0,1.0,1.0,0.08,0.06,0.0,255.0,8.0,0.03,0.07,0.0,1.0,1.0,0.0,1.0,117462.0
14.0,9.0,1032.0,0.0,0.0,0.0,278.0,0.0,0.0,1.0,0.0,0.0,255.0,255.0,1.0,0.0,0.0,0.0,0.0,0.0,1.0,50197.0
35.0,1.0,0.0,0.0,0.0,0.0,245.0,0.0,0.0,0.07,0.07,0.0,255.0,17.0,0.07,0.08,0.0,0.0,0.0,1.0,1.0,121704.0
45.0,5.0,0.0,0.0,0.0,0.0,110.0,1.0,1.0,0.15,0.08,0.0,255.0,14.0,0.05,0.08,0.0,1.0,1.0,0.0,1.0,98342.0
45.0,1.0,0.0,0.0,0.0,0.0,378.0,0.06,0.0,0.0,1.0,0.0,255.0,1.0,0.0,1.0,0.0,0.09,0.0,1.0,1.0,56514.0
23.0,5.0,0.0,0.0,0.0,0.0,278.0,1.0,1.0,0.09,0.05,0.0,255.0,24.0,0.09,0.07,0.0,1.0,1.0,0.0,1.0,110772.0
45.0,1.0,0.0,0.0,0.0,0.0,111.0,0.0,0.0,0.18,0.08,0.0,255.0,20.0,0.08,0.06,0.0,0.0,0.0,1.0,1.0,36977.0
27.0,1.0,0.0,0.0,0.0,0.0,143.0,0.0,0.0,0.03,0.06,0.0,255.0,5.0,0.02,0.06,0.0,0.0,0.0,1.0,1.0,123486.0
45.0,9.0,1.0,0.0,0.0,0.0,59.0,0.0,0.0,0.36,0.08,0.0,255.0,55.0,0.22,0.18,0.0,0.0,0.0,0.0,1.0,75482.0
45.0,5.0,0.0,0.0,0.0,0.0,189.0,1.0,1.0,0.01,0.06,0.0,255.0,11.0,0.04,0.07,0.0,1.0,1.0,0.0,1.0,93466.0
16.0,5.0,0.0,0.0,0.0,0.0,100.0,1.0,1.0,0.01,0.06,0.0,255.0,1.0,0.0,0.05,0.0,1.0,1.0,0.0,1.0,43026.0
33.0,5.0,0.0,0.0,0.0,0.0,286.0,1.0,1.0,0.05,0.06,0.0,255.0,3.0,0.01,0.07,0.0,1.0,1.0,0.0,1.0,77250.0
14.0,9.0,1032.0,0.0,0.0,0.0,511.0,0.0,0.0,1.0,0.0,0.0,255.0,110.0,0.43,0.19,0.0,0.0,0.0,0.0,1.0,11564.0
57.0,5.0,0.0,0.0,0.0,0.0,293.0,1.0,1.0,0.08,0.05,0.0,255.0,23.0,0.09,0.05,0.0,1.0,1.0,0.0,1.0,28296.0
41.0,5.0,0.0,0.0,0.0,0.0,508.0,0.07,1.0,0.0,1.0,0.0,255.0,1.0,0.0,1.0,0.0,0.11,1.0,0.0,1.0,25328.0
45.0,1.0,0.0,0.0,0.0,0.0,107.0,0.0,0.0,0.02,0.07,0.0,255.0,2.0,0.01,0.08,0.0,0.0,0.0,1.0,1.0,20214.0
45.0,4.0,1.0,0.0,0.0,0.0,2.0,0.0,0.0,1.0,0.0,0.0,255.0,2.0,0.01,0.74,0.0,0.0,0.0,1.0,1.0,2654.0
13.0,9.0,8.0,0.0,0.0,0.0,1.0,0.0,0.0,1.0,0.0,1.0,1.0,153.0,1.0,0.0,0.5,0.0,0.0,0.0,1.0,920.0
45.0,5.0,0.0,0.0,0.0,0.0,109.0,1.0,1.0,0.06,0.06,0.0,255.0,6.0,0.02,0.05,0.0,1.0,1.0,0.0,1.0,85114.0
45.0,5.0,0.0,0.0,0.0,0.0,130.0,1.0,1.0,0.06,0.06,0.0,33.0,8.0,0.24,0.12,0.0,1.0,1.0,0.0,1.0,47335.0
26.0,5.0,0.0,0.0,0.0,0.0,280.0,1.0,1.0,0.01,0.06,0.0,255.0,17.0,0.07,0.06,0.0,1.0,1.0,0.0,1.0,14555.0
41.0,1.0,0.0,0.0,0.0,0.0,511.0,0.15,0.0,0.0,1.0,0.0,255.0,1.0,0.0,1.0,0.0,0.15,0.0,1.0,1.0,81335.0
15.0,5.0,0.0,0.0,0.0,0.0,139.0,1.0,1.0,0.06,0.06,0.0,255.0,9.0,0.04,0.07,0.0,1.0,1.0,0.0,1.0,60852.0
45.0,9.0,1.0,0.0,0.0,0.0,31.0,0.0,0.0,0.13,0.13,0.0,255.0,4.0,0.02,0.49,0.0,0.16,0.0,0.0,1.0,11187.0
19.0,1.0,0.0,0.0,0.0,0.0,249.0,0.0,0.0,0.05,0.06,0.0,255.0,13.0,0.05,0.07,0.0,0.0,0.0,1.0,1.0,13193.0
41.0,1.0,0.0,0.0,0.0,0.0,511.0,0.1,0.0,0.0,1.0,0.0,255.0,1.0,0.0,1.0,0.0,0.11,0.0,1.0,1.0,99672.0
53.0,5.0,0.0,0.0,0.0,0.0,260.0,1.0,1.0,0.06,0.05,0.0,255.0,15.0,0.06,0.05,0.0,1.0,1.0,0.0,1.0,18754.0
41.0,1.0,0.0,0.0,0.0,0.0,395.0,0.09,0.0,0.0,1.0,0.0,255.0,1.0,0.0,1.0,0.0,0.11,0.0,1.0,1.0,33332.0
14.0,9.0,520.0,0.0,0.0,0.0,480.0,0.0,0.0,1.0,0.0,0.0,104.0,104.0,1.0,0.0,0.0,0.0,0.0,0.0,1.0,63217.0
13.0,9.0,8.0,0.0,0.0,0.0,1.0,0.0,0.0,1.0,0.0,1.0,1.0,107.0,1.0,0.0,0.5,0.0,0.0,0.0,1.0,50048.0
12.0,5.0,0.0,0.0,0.0,0.0,198.0,1.0,1.0,0.03,0.07,0.0,255.0,5.0,0.02,0.07,0.0,1.0,1.0,0.0,1.0,98679.0
45.0,4.0,0.0,0.0,0.0,0.0,42.0,0.0,0.0,0.05,0.55,0.0,212.0,2.0,0.01,0.11,0.0,0.01,0.0,1.0,1.0,23569.0
63.0,5.0,0.0,0.0,0.0,0.0,268.0,1.0,1.0,0.07,0.05,0.0,255.0,20.0,0.08,0.05,0.0,1.0,1.0,0.0,1.0,66645.0
45.0,1.0,0.0,0.0,0.0,0.0,147.0,0.0,0.0,0.05,0.07,0.0,255.0,8.0,0.03,0.09,0.0,0.0,0.0,1.0,1.0,51332.0
45.0,9.0,28.0,0.0,3.0,0.0,88.0,0.0,0.0,1.0,0.0,0.0,255.0,88.0,0.35,0.04,0.0,0.02,0.0,0.0,1.0,62462.0
17.0,5.0,0.0,0.0,0.0,0.0,24.0,1.0,1.0,0.5,0.08,0.0,255.0,59.0,0.23,0.04,0.0,1.0,1.0,0.0,1.0,58.0
14.0,9.0,1032.0,0.0,0.0,0.0,148.0,0.0,0.0,1.0,0.0,0.0,255.0,148.0,0.58,0.01,0.0,0.0,0.0,0.0,1.0,50754.0
45.0,5.0,0.0,0.0,0.0,0.0,237.0,1.0,1.0,0.02,0.06,0.0,255.0,5.0,0.02,0.06,0.0,1.0,1.0,0.0,1.0,2883.0
57.0,2.0,0.0,0.0,0.0,0.0,121.0,0.0,0.0,0.05,0.07,0.0,255.0,6.0,0.02,0.07,0.0,0.0,0.0,1.0,1.0,114570.0
45.0,1.0,0.0,0.0,0.0,0.0,141.0,0.0,0.0,0.06,0.06,0.0,255.0,8.0,0.03,0.05,0.0,0.0,0.0,1.0,1.0,105172.0
52.0,5.0,0.0,0.0,0.0,0.0,207.0,1.0,1.0,0.09,0.06,0.0,255.0,19.0,0.07,0.07,0.0,1.0,1.0,0.0,1.0,103026.0
23.0,5.0,0.0,0.0,0.0,0.0,148.0,1.0,1.0,0.15,0.05,0.0,255.0,22.0,0.09,0.05,0.0,1.0,1.0,0.0,1.0,90017.0
13.0,9.0,8.0,0.0,0.0,0.0,1.0,0.0,0.0,1.0,0.0,1.0,1.0,85.0,1.0,0.0,0.51,0.0,0.0,0.0,1.0,33892.0
45.0,1.0,0.0,0.0,0.0,0.0,2.0,0.0,0.0,0.5,1.0,0.0,255.0,1.0,0.0,0.66,0.0,0.0,0.0,1.0,1.0,109272.0
22.0,5.0,0.0,0.0,0.0,0.0,191.0,1.0,1.0,0.01,0.08,0.0,255.0,1.0,0.0,0.07,0.0,1.0,1.0,0.0,1.0,102235.0
19.0,5.0,0.0,0.0,0.0,0.0,267.0,1.0,1.0,0.02,0.06,0.0,255.0,7.0,0.03,0.09,0.0,1.0,1.0,0.0,1.0,79077.0
14.0,9.0,1032.0,0.0,0.0,0.0,510.0,0.0,0.0,1.0,0.0,0.0,255.0,144.0,0.56,0.02,0.0,0.01,0.0,0.0,1.0,46800.0
45.0,5.0,0.0,0.0,0.0,0.0,117.0,1.0,1.0,0.16,0.05,0.0,255.0,4.0,0.02,0.06,0.0,1.0,1.0,0.0,1.0,102383.0
2.0,5.0,0.0,0.0,0.0,0.0,286.0,1.0,1.0,0.05,0.06,0.0,255.0,1.0,0.0,0.08,0.0,1.0,1.0,0.0,1.0,107601.0
45.0,5.0,0.0,0.0,0.0,0.0,285.0,1.0,1.0,0.04,0.06,0.0,255.0,10.0,0.04,0.06,0.0,1.0,1.0,0.0,1.0,123492.0
55.0,5.0,0.0,0.0,0.0,0.0,80.0,0.99,1.0,0.25,0.06,0.0,255.0,38.0,0.15,0.05,0.0,1.0,1.0,0.0,1.0,82046.0
22.0,5.0,0.0,0.0,0.0,0.0,248.0,1.0,0.95,0.07,0.06,0.11,255.0,18.0,0.07,0.07,0.0,1.0,1.0,0.0,1.0,19315.0
45.0,1.0,0.0,0.0,0.0,0.0,106.0,0.0,0.0,0.06,0.07,0.0,255.0,26.0,0.1,0.08,0.0,0.0,0.0,1.0,1.0,74175.0
27.0,5.0,0.0,0.0,0.0,0.0,113.0,1.0,1.0,0.01,0.06,0.0,255.0,1.0,0.0,0.06,0.0,1.0,1.0,0.0,1.0,20159.0
16.0,5.0,0.0,0.0,0.0,0.0,148.0,1.0,1.0,0.09,0.05,0.0,255.0,13.0,0.05,0.06,0.0,1.0,1.0,0.0,1.0,65184.0
45.0,5.0,0.0,0.0,0.0,0.0,143.0,1.0,1.0,0.14,0.05,0.0,255.0,12.0,0.05,0.05,0.0,1.0,1.0,0.0,1.0,23115.0
45.0,5.0,0.0,0.0,0.0,0.0,205.0,1.0,1.0,0.02,0.06,0.0,255.0,19.0,0.07,0.07,0.0,1.0,1.0,0.0,1.0,102455.0
21.0,1.0,0.0,0.0,0.0,0.0,272.0,0.0,0.0,0.06,0.06,0.0,255.0,15.0,0.06,0.07,0.0,0.0,0.0,1.0,1.0,13289.0
60.0,2.0,0.0,0.0,0.0,0.0,115.0,0.0,0.0,0.09,0.07,0.0,255.0,10.0,0.04,0.06,0.0,0.0,0.0,1.0,1.0,55644.0
45.0,1.0,0.0,0.0,0.0,0.0,112.0,0.0,0.0,0.01,0.09,0.0,255.0,1.0,0.0,0.09,0.0,0.0,0.0,1.0,1.0,111282.0
54.0,5.0,0.0,0.0,0.0,0.0,257.0,1.0,1.0,0.09,0.05,0.0,255.0,23.0,0.09,0.05,0.0,1.0,1.0,0.0,1.0,17013.0
8.0,5.0,0.0,0.0,0.0,0.0,105.0,1.0,1.0,0.15,0.06,0.0,255.0,5.0,0.02,0.07,0.0,1.0,1.0,0.0,1.0,113555.0
13.0,9.0,18.0,0.0,0.0,0.0,1.0,0.0,0.0,1.0,0.0,0.0,4.0,200.0,1.0,0.0,0.25,0.0,0.0,0.0,1.0,398.0
45.0,9.0,28.0,0.0,3.0,0.0,175.0,0.57,0.0,0.43,0.04,0.0,255.0,75.0,0.29,0.71,0.0,0.09,0.0,0.0,1.0,86871.0
45.0,1.0,0.0,0.0,0.0,0.0,2.0,0.0,0.0,0.5,1.0,0.0,255.0,1.0,0.0,0.54,0.0,0.0,0.0,1.0,1.0,63861.0
37.0,4.0,0.0,0.0,0.0,0.0,1.0,0.0,0.0,1.0,0.0,0.0,202.0,1.0,0.0,0.19,0.0,0.0,0.0,1.0,1.0,112317.0
2.0,5.0,0.0,0.0,0.0,0.0,121.0,1.0,1.0,0.15,0.06,0.0,255.0,15.0,0.06,0.07,0.0,1.0,1.0,0.0,1.0,120002.0
45.0,5.0,0.0,0.0,0.0,0.0,101.0,1.0,1.0,0.02,0.06,0.0,255.0,3.0,0.01,0.08,0.0,1.0,1.0,0.0,1.0,55572.0
30.0,5.0,0.0,0.0,0.0,0.0,262.0,1.0,1.0,0.08,0.05,0.0,255.0,22.0,0.09,0.05,0.0,1.0,1.0,0.0,1.0,102812.0
46.0,5.0,0.0,0.0,0.0,0.0,273.0,1.0,1.0,0.03,0.06,0.0,255.0,9.0,0.04,0.07,0.0,1.0,1.0,0.0,1.0,13080.0
45.0,5.0,0.0,0.0,0.0,0.0,121.0,1.0,1.0,0.05,0.07,0.0,255.0,15.0,0.06,0.07,0.0,1.0,1.0,0.0,1.0,111065.0
12.0,5.0,0.0,0.0,0.0,0.0,191.0,1.0,1.0,0.06,0.06,0.0,255.0,12.0,0.05,0.07,0.0,1.0,1.0,0.0,1.0,114943.0
31.0,5.0,0.0,0.0,0.0,0.0,113.0,1.0,1.0,0.19,0.06,0.0,255.0,22.0,0.09,0.05,0.0,1.0,1.0,0.0,1.0,29827.0
63.0,5.0,0.0,0.0,0.0,0.0,52.0,1.0,1.0,0.1,0.12,0.0,255.0,13.0,0.05,0.08,0.0,1.0,1.0,0.0,1.0,17083.0
13.0,9.0,8.0,0.0,0.0,0.0,1.0,0.0,0.0,1.0,0.0,1.0,2.0,160.0,1.0,0.0,0.5,0.0,0.0,0.0,1.0,95941.0
3.0,5.0,0.0,0.0,0.0,0.0,239.0,1.0,1.0,0.08,0.05,0.0,255.0,20.0,0.08,0.05,0.0,1.0,1.0,0.0,1.0,56215.0
41.0,1.0,0.0,0.0,0.0,0.0,510.0,0.26,0.0,0.0,1.0,0.0,255.0,1.0,0.0,1.0,0.0,0.25,0.0,1.0,1.0,73354.0
45.0,4.0,1.0,0.0,0.0,0.0,2.0,0.0,0.0,1.0,0.0,0.0,255.0,2.0,0.01,0.74,0.0,0.0,0.0,1.0,1.0,37252.0
45.0,5.0,0.0,0.0,0.0,0.0,247.0,1.0,1.0,0.04,0.06,0.0,255.0,19.0,0.07,0.08,0.0,1.0,1.0,0.0,1.0,17048.0
45.0,5.0,0.0,0.0,0.0,0.0,140.0,1.0,1.0,0.03,0.06,0.0,255.0,7.0,0.03,0.06,0.0,1.0,1.0,0.0,1.0,52048.0
45.0,5.0,0.0,0.0,0.0,0.0,111.0,1.0,1.0,0.18,0.05,0.0,255.0,20.0,0.08,0.07,0.0,1.0,1.0,0.0,1.0,119591.0
47.0,1.0,0.0,0.0,0.0,0.0,1.0,0.0,0.0,1.0,0.0,0.0,58.0,2.0,0.02,1.0,1.0,0.0,0.0,1.0,1.0,79663.0
45.0,5.0,0.0,0.0,0.0,0.0,102.0,1.0,1.0,0.02,0.07,0.0,99.0,2.0,0.02,0.09,0.0,1.0,1.0,0.0,1.0,84809.0
9.0,5.0,0.0,0.0,0.0,0.0,142.0,1.0,1.0,0.15,0.04,0.0,255.0,11.0,0.04,0.05,0.0,1.0,1.0,0.0,1.0,20866.0
45.0,1.0,0.0,0.0,0.0,0.0,295.0,0.0,0.0,0.07,0.06,0.0,255.0,20.0,0.08,0.07,0.0,0.0,0.0,1.0,1.0,52213.0
29.0,5.0,0.0,0.0,0.0,0.0,235.0,1.0,1.0,0.09,0.05,0.0,255.0,22.0,0.09,0.06,0.0,1.0,1.0,0.0,1.0,66498.0
5.0,5.0,0.0,0.0,0.0,0.0,126.0,1.0,1.0,0.14,0.06,0.0,255.0,18.0,0.07,0.06,0.0,1.0,1.0,0.0,1.0,17888.0
45.0,9.0,207.0,0.0,0.0,0.0,2.0,0.0,0.0,1.0,0.0,0.0,140.0,116.0,0.83,0.01,0.0,0.0,0.0,0.0,1.0,10096.0
55.0,2.0,0.0,0.0,0.0,0.0,263.0,0.0,0.0,0.03,0.06,0.0,255.0,8.0,0.03,0.07,0.0,0.0,0.0,1.0,1.0,66871.0
53.0,5.0,0.0,0.0,0.0,0.0,205.0,1.0,1.0,0.08,0.06,0.0,255.0,17.0,0.07,0.07,0.0,1.0,1.0,0.0,1.0,37.0
61.0,5.0,0.0,0.0,0.0,0.0,101.0,1.0,1.0,0.02,0.06,0.0,255.0,15.0,0.06,0.06,0.0,1.0,1.0,0.0,1.0,6732.0
45.0,9.0,28.0,0.0,3.0,0.0,3.0,0.0,0.0,1.0,0.0,0.0,75.0,3.0,0.04,0.05,0.0,0.0,0.0,0.0,1.0,122451.0
17.0,5.0,0.0,0.0,0.0,0.0,72.0,1.0,1.0,0.28,0.06,0.0,255.0,60.0,0.24,0.04,0.0,1.0,1.0,0.0,1.0,121899.0
14.0,9.0,520.0,0.0,0.0,0.0,316.0,0.0,0.0,1.0,0.0,0.0,255.0,255.0,1.0,0.0,0.0,0.0,0.0,0.0,1.0,57319.0
30.0,1.0,0.0,0.0,0.0,0.0,243.0,0.0,0.0,0.03,0.07,0.0,255.0,7.0,0.03,0.08,0.0,0.0,0.0,1.0,1.0,27970.0
37.0,5.0,0.0,0.0,0.0,0.0,273.0,1.0,1.0,0.03,0.06,0.0,255.0,13.0,0.05,0.06,0.0,1.0,1.0,0.0,1.0,92602.0
45.0,5.0,0.0,0.0,0.0,0.0,52.0,1.0,1.0,0.1,0.12,0.0,255.0,11.0,0.04,0.08,0.0,1.0,1.0,0.0,1.0,46514.0
45.0,9.0,1.0,0.0,0.0,0.0,17.0,0.0,0.0,0.35,0.41,0.0,255.0,6.0,0.02,0.22,0.0,0.0,0.0,0.0,1.0,15783.0
45.0,5.0,0.0,0.0,0.0,0.0,292.0,1.0,1.0,0.07,0.06,0.0,255.0,18.0,0.07,0.08,0.0,1.0,1.0,0.0,1.0,19239.0
45.0,5.0,0.0,0.0,0.0,0.0,282.0,1.0,1.0,0.07,0.06,0.0,255.0,35.0,0.14,0.06,0.0,1.0,1.0,0.0,1.0,94151.0
14.0,9.0,520.0,0.0,0.0,0.0,480.0,0.0,0.0,1.0,0.0,0.0,73.0,73.0,1.0,0.0,0.0,0.0,0.0,0.0,1.0,48042.0
16.0,5.0,0.0,0.0,0.0,0.0,103.0,1.0,1.0,0.17,0.06,0.0,255.0,17.0,0.07,0.06,0.0,1.0,1.0,0.0,1.0,60003.0
6.0,5.0,0.0,0.0,0.0,0.0,202.0,1.0,1.0,0.01,0.06,0.0,255.0,8.0,0.03,0.07,0.0,1.0,1.0,0.0,1.0,458.0
34.0,5.0,0.0,0.0,0.0,0.0,198.0,1.0,1.0,0.1,0.06,0.0,255.0,19.0,0.07,0.06,0.0,1.0,1.0,0.0,1.0,103367.0
35.0,5.0,0.0,0.0,0.0,0.0,89.0,1.0,1.0,0.1,0.06,0.0,255.0,16.0,0.06,0.07,0.0,1.0,1.0,0.0,1.0,100202.0
61.0,5.0,0.0,0.0,0.0,0.0,155.0,1.0,1.0,0.09,0.07,0.0,255.0,19.0,0.07,0.07,0.0,1.0,1.0,0.0,1.0,69002.0
41.0,4.0,1.0,0.0,0.0,0.0,2.0,0.0,0.0,1.0,0.0,0.0,255.0,2.0,0.01,0.73,0.0,0.0,0.0,1.0,1.0,59260.0
38.0,5.0,0.0,0.0,0.0,0.0,145.0,1.0,1.0,0.01,0.06,0.0,255.0,1.0,0.0,0.05,0.0,1.0,1.0,0.0,1.0,105319.0
2.0,5.0,0.0,0.0,0.0,0.0,276.0,1.0,1.0,0.07,0.06,0.0,255.0,18.0,0.07,0.06,0.0,1.0,1.0,0.0,1.0,54565.0
60.0,5.0,0.0,0.0,0.0,0.0,146.0,1.0,1.0,0.11,0.06,0.0,255.0,16.0,0.06,0.07,0.0,1.0,1.0,0.0,1.0,73895.0
45.0,5.0,0.0,0.0,0.0,0.0,259.0,1.0,1.0,0.05,0.05,0.0,255.0,14.0,0.05,0.07,0.0,1.0,1.0,0.0,1.0,27823.0
9.0,5.0,0.0,0.0,0.0,0.0,124.0,1.0,1.0,0.01,0.07,0.0,255.0,1.0,0.0,0.07,0.0,1.0,1.0,0.0,1.0,35349.0
6.0,5.0,0.0,0.0,0.0,0.0,104.0,1.0,1.0,0.07,0.07,0.0,255.0,5.0,0.02,0.08,0.0,1.0,1.0,0.0,1.0,109543.0
41.0,1.0,0.0,0.0,0.0,0.0,511.0,0.25,0.0,0.0,1.0,0.0,255.0,1.0,0.0,1.0,0.0,0.26,0.0,1.0,1.0,67678.0
55.0,5.0,0.0,0.0,0.0,0.0,3.0,1.0,1.0,0.67,0.67,0.0,83.0,23.0,0.27,0.05,0.09,1.0,0.96,0.0,1.0,22686.0
22.0,5.0,0.0,0.0,0.0,0.0,62.0,1.0,1.0,0.29,0.06,0.0,224.0,58.0,0.26,0.02,0.0,0.99,1.0,0.0,1.0,46586.0
45.0,5.0,0.0,0.0,0.0,0.0,57.0,1.0,1.0,0.35,0.05,0.0,255.0,18.0,0.07,0.06,0.0,1.0,1.0,0.0,1.0,7695.0
14.0,9.0,520.0,0.0,0.0,0.0,449.0,0.0,0.0,1.0,0.0,0.0,173.0,173.0,1.0,0.0,0.0,0.0,0.0,0.0,1.0,21031.0
45.0,5.0,0.0,0.0,0.0,0.0,226.0,1.0,1.0,0.07,0.06,0.0,255.0,14.0,0.05,0.08,0.0,1.0,1.0,0.0,1.0,80258.0
22.0,1.0,0.0,0.0,0.0,0.0,20.0,0.0,0.0,0.05,0.1,0.0,33.0,29.0,0.88,0.09,0.0,0.0,0.0,1.0,1.0,58030.0
17.0,2.0,0.0,0.0,0.0,0.0,246.0,0.0,0.0,0.08,0.07,0.0,255.0,20.0,0.08,0.07,0.0,0.0,0.0,1.0,1.0,123070.0
21.0,5.0,0.0,0.0,0.0,0.0,280.0,1.0,1.0,0.04,0.06,0.0,255.0,11.0,0.04,0.08,0.0,1.0,1.0,0.0,1.0,28715.0
45.0,9.0,1.0,0.0,0.0,0.0,40.0,0.0,0.0,0.12,0.1,0.0,255.0,5.0,0.02,0.08,0.0,0.0,0.0,0.0,1.0,18730.0
10.0,5.0,0.0,0.0,0.0,0.0,281.0,1.0,1.0,0.04,0.06,0.0,255.0,4.0,0.02,0.08,0.0,1.0,1.0,0.0,1.0,15201.0
45.0,5.0,0.0,0.0,0.0,0.0,286.0,1.0,1.0,0.06,0.06,0.0,255.0,18.0,0.07,0.09,0.0,1.0,1.0,0.0,1.0,116577.0
26.0,5.0,0.0,0.0,0.0,0.0,277.0,1.0,1.0,0.06,0.05,0.0,255.0,17.0,0.07,0.07,0.0,1.0,1.0,0.0,1.0,212.0
45.0,10.0,0.0,0.0,0.0,0.0,1.0,1.0,1.0,1.0,0.0,0.0,197.0,1.0,0.01,0.95,0.0,0.96,1.0,0.0,1.0,40182.0
14.0,9.0,1032.0,0.0,0.0,0.0,227.0,0.0,0.0,1.0,0.0,0.0,255.0,227.0,0.89,0.01,0.0,0.0,0.0,0.0,1.0,92047.0
12.0,5.0,0.0,0.0,0.0,0.0,142.0,1.0,1.0,0.13,0.06,0.0,255.0,8.0,0.03,0.07,0.0,1.0,1.0,0.0,1.0,85929.0
45.0,5.0,0.0,0.0,0.0,0.0,209.0,1.0,1.0,0.01,0.06,0.0,255.0,3.0,0.01,0.09,0.0,1.0,1.0,0.0,1.0,1259.0
45.0,9.0,1.0,26.0,0.0,0.0,28.0,0.0,0.0,0.54,0.11,0.0,255.0,15.0,0.06,0.81,0.0,0.16,0.0,0.0,1.0,28864.0
45.0,5.0,0.0,0.0,0.0,0.0,274.0,1.0,1.0,0.03,0.05,0.0,255.0,6.0,0.02,0.09,0.0,1.0,1.0,0.0,1.0,68256.0
54.0,5.0,0.0,0.0,0.0,0.0,158.0,1.0,1.0,0.09,0.06,0.0,255.0,14.0,0.05,0.06,0.0,1.0,1.0,0.0,1.0,84397.0
45.0,5.0,0.0,0.0,0.0,0.0,113.0,1.0,1.0,0.08,0.06,0.0,255.0,3.0,0.01,0.06,0.0,1.0,1.0,0.0,1.0,93951.0
45.0,5.0,0.0,0.0,0.0,0.0,215.0,1.0,1.0,0.04,0.07,0.0,255.0,7.0,0.03,0.08,0.0,1.0,1.0,0.0,1.0,13270.0
22.0,5.0,0.0,0.0,0.0,0.0,6.0,1.0,1.0,0.5,0.33,0.0,255.0,58.0,0.23,0.04,0.0,1.0,1.0,0.0,1.0,9595.0
45.0,5.0,0.0,0.0,0.0,0.0,212.0,1.0,1.0,0.08,0.06,0.0,255.0,17.0,0.07,0.07,0.0,1.0,1.0,0.0,1.0,46137.0
13.0,9.0,8.0,0.0,0.0,0.0,1.0,0.0,0.0,1.0,0.0,1.0,1.0,229.0,1.0,0.0,0.5,0.0,0.0,0.0,1.0,63937.0
45.0,5.0,0.0,0.0,0.0,0.0,131.0,1.0,1.0,0.13,0.05,0.0,255.0,10.0,0.04,0.07,0.0,1.0,1.0,0.0,1.0,95102.0
14.0,9.0,1032.0,0.0,0.0,0.0,511.0,0.0,0.0,1.0,0.0,0.0,255.0,107.0,0.42,0.02,0.0,0.01,0.0,0.0,1.0,7994.0
45.0,5.0,0.0,0.0,0.0,0.0,144.0,0.99,1.0,0.01,0.08,0.0,255.0,18.0,0.07,0.07,0.0,1.0,1.0,0.0,1.0,107339.0
15.0,5.0,0.0,0.0,0.0,0.0,135.0,1.0,1.0,0.13,0.05,0.0,255.0,18.0,0.07,0.06,0.0,1.0,1.0,0.0,1.0,115711.0
36.0,5.0,0.0,0.0,0.0,0.0,239.0,1.0,1.0,0.01,0.07,0.0,255.0,19.0,0.07,0.07,0.0,1.0,1.0,0.0,1.0,34369.0
45.0,5.0,0.0,0.0,0.0,0.0,112.0,1.0,1.0,0.12,0.05,0.0,255.0,14.0,0.05,0.05,0.0,1.0,1.0,0.0,1.0,77549.0
55.0,5.0,0.0,0.0,0.0,0.0,16.0,1.0,1.0,0.44,0.12,0.0,255.0,47.0,0.18,0.04,0.0,1.0,1.0,0.0,1.0,10371.0
32.0,5.0,0.0,0.0,0.0,0.0,237.0,1.0,1.0,0.01,0.06,0.0,255.0,3.0,0.01,0.07,0.0,1.0,1.0,0.0,1.0,83135.0
60.0,5.0,0.0,0.0,0.0,0.0,143.0,1.0,1.0,0.1,0.06,0.0,255.0,14.0,0.05,0.07,0.0,1.0,1.0,0.0,1.0,116335.0
45.0,1.0,0.0,0.0,0.0,0.0,1.0,0.0,0.0,1.0,0.0,0.0,49.0,2.0,0.02,1.0,1.0,0.0,0.0,1.0,1.0,41148.0
55.0,5.0,0.0,0.0,0.0,0.0,289.0,1.0,1.0,0.02,0.06,0.0,255.0,10.0,0.04,0.07,0.0,1.0,1.0,0.0,1.0,27461.0
13.0,9.0,8.0,0.0,0.0,0.0,1.0,0.0,0.0,1.0,0.0,1.0,2.0,240.0,1.0,0.0,0.5,0.0,0.0,0.0,1.0,83148.0
45.0,5.0,0.0,0.0,0.0,0.0,226.0,1.0,1.0,0.04,0.06,0.0,255.0,18.0,0.07,0.07,0.0,1.0,1.0,0.0,1.0,72047.0
41.0,1.0,0.0,0.0,0.0,0.0,365.0,0.1,0.0,0.0,1.0,0.0,255.0,1.0,0.0,1.0,0.0,0.11,0.0,1.0,1.0,1395.0
45.0,4.0,0.0,0.0,0.0,0.0,1.0,0.0,0.0,1.0,0.0,0.0,116.0,1.0,0.01,0.59,0.0,0.05,0.0,1.0,1.0,23848.0
45.0,5.0,0.0,0.0,0.0,0.0,108.0,1.0,1.0,0.12,0.06,0.0,255.0,10.0,0.04,0.07,0.0,1.0,1.0,0.0,1.0,125265.0
45.0,5.0,0.0,0.0,0.0,0.0,109.0,1.0,1.0,0.15,0.06,0.0,255.0,16.0,0.06,0.06,0.0,1.0,1.0,0.0,1.0,112585.0
45.0,5.0,0.0,0.0,0.0,0.0,144.0,1.0,1.0,0.08,0.06,0.0,255.0,14.0,0.05,0.05,0.0,1.0,1.0,0.0,1.0,86539.0
51.0,5.0,0.0,0.0,0.0,0.0,230.0,1.0,1.0,0.03,0.06,0.0,255.0,8.0,0.03,0.06,0.0,1.0,1.0,0.0,1.0,109011.0
45.0,1.0,0.0,0.0,0.0,0.0,121.0,0.0,0.0,0.17,0.07,0.0,255.0,20.0,0.08,0.06,0.0,0.0,0.0,1.0,1.0,5702.0
14.0,9.0,1032.0,0.0,0.0,0.0,511.0,0.0,0.0,1.0,0.0,0.0,255.0,42.0,0.16,0.06,0.0,0.05,0.0,0.0,1.0,107301.0
9.0,5.0,0.0,0.0,0.0,0.0,243.0,1.0,1.0,0.01,0.05,0.0,255.0,2.0,0.01,0.06,0.0,1.0,1.0,0.0,1.0,7083.0
45.0,1.0,0.0,0.0,0.0,0.0,161.0,0.0,0.0,0.06,0.06,0.0,255.0,9.0,0.04,0.07,0.0,0.0,0.0,1.0,1.0,11601.0
45.0,1.0,0.0,0.0,0.0,0.0,153.0,0.01,0.0,0.01,1.0,0.0,255.0,1.0,0.0,0.63,0.0,0.0,0.0,1.0,1.0,80727.0
55.0,5.0,0.0,0.0,0.0,0.0,43.0,1.0,1.0,0.16,0.09,0.0,255.0,67.0,0.26,0.02,0.0,1.0,1.0,0.0,1.0,11024.0
54.0,1.0,0.0,0.0,0.0,0.0,297.0,0.0,0.0,0.06,0.06,0.0,255.0,19.0,0.07,0.07,0.0,0.0,0.0,1.0,1.0,46395.0
10.0,1.0,0.0,0.0,0.0,0.0,250.0,0.0,0.0,0.02,0.07,0.0,255.0,5.0,0.02,0.08,0.0,0.0,0.0,1.0,1.0,27539.0
12.0,5.0,0.0,0.0,0.0,0.0,110.0,1.0,1.0,0.08,0.06,0.0,255.0,9.0,0.04,0.07,0.0,1.0,1.0,0.0,1.0,20546.0
45.0,5.0,0.0,0.0,0.0,0.0,85.0,1.0,1.0,0.22,0.06,0.0,255.0,2.0,0.01,0.06,0.0,1.0,1.0,0.0,1.0,31148.0
13.0,9.0,8.0,0.0,0.0,0.0,1.0,0.0,0.0,1.0,0.0,1.0,2.0,38.0,1.0,0.0,0.5,0.0,0.0,0.0,1.0,64625.0
45.0,5.0,0.0,0.0,0.0,0.0,222.0,1.0,1.0,0.02,0.06,0.0,255.0,7.0,0.03,0.07,0.0,1.0,1.0,0.0,1.0,42644.0
19.0,5.0,0.0,0.0,0.0,0.0,75.0,1.0,1.0,0.25,0.05,0.0,155.0,57.0,0.25,0.03,0.04,1.0,0.68,0.0,1.0,27776.0
54.0,5.0,0.0,0.0,0.0,0.0,261.0,1.0,1.0,0.07,0.05,0.0,255.0,18.0,0.07,0.05,0.0,1.0,1.0,0.0,1.0,33222.0
45.0,5.0,0.0,0.0,0.0,0.0,124.0,1.0,1.0,0.12,0.06,0.0,255.0,19.0,0.07,0.07,0.0,1.0,1.0,0.0,1.0,65318.0
45.0,5.0,0.0,0.0,0.0,0.0,280.0,1.0,1.0,0.05,0.06,0.0,255.0,14.0,0.05,0.08,0.0,1.0,1.0,0.0,1.0,21918.0
45.0,5.0,0.0,0.0,0.0,0.0,288.0,1.0,1.0,0.07,0.06,0.0,255.0,19.0,0.07,0.05,0.0,1.0,1.0,0.0,1.0,13166.0
30.0,5.0,0.0,0.0,0.0,0.0,217.0,1.0,1.0,0.08,0.05,0.0,255.0,17.0,0.07,0.06,0.0,1.0,1.0,0.0,1.0,67455.0
57.0,2.0,0.0,0.0,0.0,0.0,256.0,0.0,0.0,0.02,0.06,0.0,255.0,4.0,0.02,0.07,0.0,0.0,0.0,1.0,1.0,7490.0
14.0,9.0,1032.0,0.0,0.0,0.0,511.0,0.0,0.0,1.0,0.0,0.0,255.0,123.0,0.48,0.01,0.0,0.0,0.0,0.0,1.0,47608.0
25.0,5.0,0.0,0.0,0.0,0.0,284.0,1.0,1.0,0.07,0.05,0.0,255.0,20.0,0.08,0.07,0.0,1.0,1.0,0.0,1.0,69797.0
19.0,5.0,0.0,0.0,0.0,0.0,47.0,0.98,1.0,0.21,0.11,0.0,255.0,31.0,0.12,0.05,0.0,1.0,1.0,0.0,1.0,112813.0
45.0,1.0,0.0,0.0,0.0,0.0,192.0,0.07,0.0,0.01,0.99,0.0,255.0,1.0,0.0,0.76,0.0,0.05,0.0,1.0,1.0,105749.0
16.0,5.0,0.0,0.0,0.0,0.0,132.0,1.0,1.0,0.03,0.07,0.0,255.0,4.0,0.02,0.07,0.0,1.0,1.0,0.0,1.0,29915.0
8.0,2.0,0.0,0.0,0.0,0.0,248.0,0.0,0.0,0.08,0.06,0.0,255.0,20.0,0.08,0.08,0.0,0.0,0.0,1.0,1.0,49197.0
45.0,1.0,0.0,0.0,0.0,0.0,244.0,0.1,0.0,0.0,1.0,0.0,255.0,1.0,0.0,0.99,0.0,0.1,0.0,1.0,1.0,125382.0
50.0,5.0,0.0,0.0,0.0,0.0,104.0,1.0,1.0,0.04,0.07,0.0,255.0,18.0,0.07,0.07,0.0,1.0,1.0,0.0,1.0,292.0
45.0,9.0,1.0,0.0,0.0,0.0,53.0,0.0,0.0,0.13,0.09,0.0,255.0,7.0,0.03,0.24,0.0,0.02,0.0,0.0,1.0,42220.0
5.0,5.0,0.0,0.0,0.0,0.0,139.0,1.0,1.0,0.06,0.06,0.0,255.0,19.0,0.07,0.06,0.0,1.0,1.0,0.0,1.0,72909.0
45.0,1.0,0.0,0.0,0.0,0.0,171.0,0.0,0.0,0.08,0.07,0.0,255.0,14.0,0.05,0.07,0.0,0.0,0.0,1.0,1.0,28892.0
45.0,5.0,0.0,0.0,0.0,0.0,203.0,1.0,1.0,0.08,0.06,0.0,255.0,18.0,0.07,0.07,0.0,1.0,1.0,0.0,1.0,76835.0
13.0,9.0,8.0,0.0,0.0,0.0,1.0,0.0,0.0,1.0,0.0,1.0,2.0,255.0,1.0,0.0,0.5,0.0,0.0,0.0,1.0,107991.0
37.0,1.0,0.0,0.0,0.0,0.0,244.0,0.0,0.0,0.08,0.07,0.0,255.0,19.0,0.07,0.07,0.0,0.0,0.0,1.0,1.0,104024.0
45.0,4.0,0.0,0.0,0.0,0.0,329.0,0.0,0.0,0.01,0.52,0.0,255.0,2.0,0.01,0.52,0.0,0.0,0.0,1.0,1.0,82149.0
45.0,5.0,0.0,0.0,0.0,0.0,102.0,1.0,1.0,0.07,0.06,0.0,255.0,15.0,0.06,0.06,0.0,1.0,1.0,0.0,1.0,7183.0
45.0,5.0,0.0,0.0,0.0,0.0,273.0,1.0,1.0,0.07,0.07,0.0,255.0,20.0,0.08,0.08,0.0,1.0,1.0,0.0,1.0,79383.0
45.0,1.0,0.0,0.0,0.0,0.0,102.0,0.0,0.0,0.01,0.08,0.0,226.0,1.0,0.0,0.07,0.0,0.0,0.0,1.0,1.0,69926.0
45.0,10.0,0.0,0.0,0.0,0.0,1.0,1.0,1.0,1.0,0.0,0.0,183.0,1.0,0.01,0.95,0.0,0.96,1.0,0.0,1.0,34680.0
45.0,5.0,0.0,0.0,0.0,0.0,288.0,1.0,1.0,0.03,0.06,0.0,255.0,4.0,0.02,0.08,0.0,1.0,1.0,0.0,1.0,23320.0
27.0,5.0,0.0,0.0,0.0,0.0,148.0,1.0,1.0,0.14,0.05,0.0,255.0,11.0,0.04,0.07,0.0,1.0,1.0,0.0,1.0,116328.0
45.0,4.0,0.0,0.0,0.0,0.0,1.0,0.0,0.0,1.0,0.0,0.0,220.0,1.0,0.0,0.55,0.0,0.0,0.0,1.0,1.0,74010.0
45.0,9.0,1.0,0.0,0.0,0.0,124.0,0.0,0.0,0.84,0.03,0.0,255.0,154.0,0.6,0.05,0.0,0.0,0.0,0.0,1.0,53167.0
45.0,1.0,0.0,0.0,0.0,0.0,148.0,0.0,0.0,0.14,0.05,0.0,223.0,20.0,0.09,0.06,0.0,0.0,0.0,1.0,1.0,13980.0
13.0,9.0,8.0,0.0,0.0,0.0,1.0,0.0,0.0,1.0,0.0,1.0,2.0,61.0,1.0,0.0,0.51,0.0,0.0,0.0,1.0,88101.0
45.0,5.0,0.0,0.0,0.0,0.0,82.0,1.0,1.0,0.12,0.09,0.0,255.0,10.0,0.04,0.08,0.0,1.0,1.0,0.0,1.0,97502.0
38.0,5.0,0.0,0.0,0.0,0.0,120.0,1.0,1.0,0.04,0.08,0.0,255.0,5.0,0.02,0.06,0.0,1.0,1.0,0.0,1.0,75070.0
38.0,5.0,0.0,0.0,0.0,0.0,121.0,1.0,1.0,0.02,0.06,0.0,255.0,7.0,0.03,0.07,0.0,1.0,1.0,0.0,1.0,29790.0
18.0,5.0,0.0,0.0,0.0,0.0,280.0,1.0,1.0,0.04,0.06,0.0,255.0,10.0,0.04,0.07,0.0,1.0,1.0,0.0,1.0,55582.0
55.0,5.0,0.0,0.0,0.0,0.0,107.0,1.0,1.0,0.07,0.07,0.0,255.0,24.0,0.09,0.06,0.0,1.0,1.0,0.0,1.0,29450.0
45.0,5.0,0.0,0.0,0.0,0.0,108.0,1.0,1.0,0.14,0.06,0.0,255.0,5.0,0.02,0.06,0.0,1.0,1.0,0.0,1.0,10894.0
14.0,9.0,520.0,0.0,0.0,0.0,482.0,0.0,0.0,1.0,0.0,0.0,83.0,83.0,1.0,0.0,0.0,0.0,0.0,0.0,1.0,103010.0
45.0,10.0,0.0,0.0,0.0,0.0,1.0,1.0,1.0,1.0,0.0,0.0,228.0,1.0,0.0,0.96,0.0,0.96,1.0,0.0,1.0,120529.0
13.0,9.0,8.0,0.0,0.0,0.0,1.0,0.0,0.0,1.0,0.0,1.0,1.0,77.0,1.0,0.0,0.51,0.0,0.0,0.0,1.0,11836.0
45.0,1.0,0.0,0.0,0.0,0.0,123.0,0.0,0.0,0.11,0.06,0.0,255.0,14.0,0.05,0.08,0.0,0.0,0.0,1.0,1.0,98442.0
45.0,5.0,0.0,0.0,0.0,0.0,175.0,1.0,1.0,0.06,0.07,0.0,255.0,20.0,0.08,0.07,0.0,1.0,1.0,0.0,1.0,26418.0
13.0,9.0,8.0,0.0,0.0,0.0,1.0,0.0,0.0,1.0,0.0,1.0,3.0,107.0,1.0,0.0,0.25,0.0,0.0,0.0,1.0,56242.0
13.0,9.0,8.0,0.0,0.0,0.0,1.0,0.0,0.0,1.0,0.0,1.0,3.0,119.0,1.0,0.0,0.25,0.0,0.0,0.0,1.0,99999.0
19.0,9.0,334.0,0.0,0.0,1.0,2.0,0.0,0.0,1.0,0.0,0.0,10.0,10.0,1.0,0.0,0.0,0.0,0.0,0.0,1.0,90208.0
41.0,4.0,1.0,0.0,0.0,0.0,2.0,0.0,0.0,1.0,0.0,0.0,255.0,2.0,0.01,0.68,0.0,0.0,0.0,1.0,1.0,33927.0
45.0,5.0,0.0,0.0,0.0,0.0,144.0,1.0,1.0,0.11,0.06,0.0,91.0,16.0,0.18,0.09,0.0,1.0,1.0,0.0,1.0,85846.0
13.0,9.0,8.0,0.0,0.0,0.0,1.0,0.0,0.0,1.0,0.0,1.0,2.0,43.0,1.0,0.0,0.51,0.0,0.0,0.0,1.0,51675.0
9.0,5.0,0.0,0.0,0.0,0.0,126.0,1.0,1.0,0.14,0.06,0.0,255.0,12.0,0.05,0.06,0.0,1.0,1.0,0.0,1.0,11491.0
32.0,5.0,0.0,0.0,0.0,0.0,271.0,1.0,1.0,0.02,0.06,0.0,255.0,6.0,0.02,0.09,0.0,1.0,1.0,0.0,1.0,7579.0
60.0,5.0,0.0,0.0,0.0,0.0,130.0,1.0,1.0,0.15,0.05,0.0,255.0,19.0,0.07,0.06,0.0,1.0,1.0,0.0,1.0,36393.0
14.0,9.0,520.0,0.0,0.0,0.0,271.0,0.0,0.0,1.0,0.0,0.0,255.0,255.0,1.0,0.0,0.0,0.0,0.0,0.0,1.0,118616.0
14.0,9.0,1032.0,0.0,0.0,0.0,511.0,0.0,0.0,1.0,0.0,0.0,255.0,242.0,0.95,0.01,0.0,0.0,0.0,0.0,1.0,91687.0
54.0,5.0,0.0,0.0,0.0,0.0,261.0,1.0,1.0,0.05,0.05,0.0,255.0,12.0,0.05,0.05,0.0,1.0,1.0,0.0,1.0,48237.0
37.0,5.0,0.0,0.0,0.0,0.0,234.0,1.0,1.0,0.09,0.04,0.0,255.0,20.0,0.08,0.05,0.0,1.0,1.0,0.0,1.0,70871.0
49.0,2.0,0.0,0.0,0.0,0.0,201.0,0.0,0.0,0.0,0.06,0.0,255.0,1.0,0.0,0.09,0.0,0.0,0.0,1.0,1.0,121257.0
45.0,5.0,0.0,0.0,0.0,0.0,54.0,1.0,1.0,0.04,0.09,0.0,255.0,14.0,0.05,0.07,0.0,1.0,1.0,0.0,1.0,72052.0
45.0,5.0,0.0,0.0,0.0,0.0,267.0,1.0,1.0,0.04,0.06,0.0,255.0,9.0,0.04,0.08,0.0,1.0,1.0,0.0,1.0,16711.0
45.0,9.0,215.0,0.0,0.0,0.0,1.0,0.0,0.0,1.0,0.0,0.0,141.0,117.0,0.83,0.01,0.0,0.0,0.0,0.0,1.0,74408.0
29.0,5.0,0.0,0.0,0.0,0.0,118.0,1.0,1.0,0.08,0.07,0.0,255.0,2.0,0.01,0.07,0.0,1.0,1.0,0.0,1.0,104853.0
45.0,5.0,0.0,0.0,0.0,0.0,199.0,1.0,1.0,0.12,0.06,0.0,255.0,24.0,0.09,0.05,0.0,1.0,1.0,0.0,1.0,16240.0
45.0,5.0,0.0,0.0,0.0,0.0,242.0,1.0,1.0,0.06,0.06,0.0,255.0,11.0,0.04,0.07,0.0,1.0,1.0,0.0,1.0,120419.0
45.0,9.0,1.0,0.0,0.0,0.0,18.0,0.0,0.0,0.17,0.28,0.0,255.0,3.0,0.01,0.22,0.0,0.0,0.0,0.0,1.0,44446.0
45.0,5.0,0.0,0.0,0.0,0.0,178.0,1.0,1.0,0.14,0.06,0.0,255.0,25.0,0.1,0.06,0.0,1.0,1.0,0.0,1.0,40705.0
45.0,1.0,0.0,0.0,0.0,0.0,397.0,0.06,0.0,0.0,1.0,0.0,255.0,1.0,0.0,1.0,0.0,0.09,0.0,1.0,1.0,20092.0
41.0,4.0,1.0,0.0,0.0,0.0,2.0,0.0,0.0,1.0,0.0,0.0,255.0,2.0,0.01,0.73,0.0,0.0,0.0,1.0,1.0,6947.0
13.0,9.0,8.0,0.0,0.0,0.0,1.0,0.0,0.0,1.0,0.0,1.0,4.0,61.0,1.0,0.0,0.26,0.0,0.0,0.0,1.0,24582.0
45.0,5.0,0.0,0.0,0.0,0.0,222.0,1.0,1.0,0.0,0.06,0.0,255.0,5.0,0.02,0.08,0.0,1.0,1.0,0.0,1.0,42469.0
45.0,5.0,0.0,0.0,0.0,0.0,149.0,1.0,1.0,0.05,0.06,0.0,169.0,7.0,0.04,0.09,0.0,1.0,1.0,0.0,1.0,34630.0
45.0,4.0,1.0,0.0,0.0,0.0,2.0,0.0,0.0,1.0,0.0,0.0,255.0,2.0,0.01,0.5,0.0,0.0,0.0,1.0,1.0,4620.0
13.0,9.0,8.0,0.0,0.0,0.0,1.0,0.0,0.0,1.0,0.0,1.0,1.0,58.0,1.0,0.0,0.52,0.0,0.0,0.0,1.0,125346.0
60.0,5.0,0.0,0.0,0.0,0.0,134.0,1.0,1.0,0.16,0.04,0.0,255.0,21.0,0.08,0.04,0.0,1.0,1.0,0.0,1.0,41170.0
18.0,2.0,0.0,96.0,0.0,0.0,1.0,0.0,0.0,1.0,0.0,0.0,2.0,1.0,0.5,1.0,0.0,0.0,0.0,1.0,1.0,70225.0
20.0,5.0,0.0,0.0,0.0,0.0,210.0,1.0,1.0,0.09,0.07,0.0,255.0,19.0,0.07,0.06,0.0,1.0,1.0,0.0,1.0,99366.0
23.0,5.0,0.0,0.0,0.0,0.0,240.0,1.0,1.0,0.09,0.05,0.0,255.0,21.0,0.08,0.06,0.0,1.0,1.0,0.0,1.0,75355.0
6.0,5.0,0.0,0.0,0.0,0.0,266.0,1.0,1.0,0.06,0.06,0.0,255.0,20.0,0.08,0.07,0.0,1.0,1.0,0.0,1.0,88463.0
45.0,5.0,0.0,0.0,0.0,0.0,285.0,1.0,1.0,0.04,0.06,0.0,255.0,12.0,0.05,0.08,0.0,1.0,1.0,0.0,1.0,48230.0
16.0,2.0,0.0,0.0,0.0,0.0,119.0,0.0,0.0,0.04,0.07,0.0,255.0,5.0,0.02,0.06,0.0,0.0,0.0,1.0,1.0,77941.0
10.0,1.0,0.0,0.0,0.0,0.0,277.0,0.0,0.0,0.04,0.06,0.0,255.0,10.0,0.04,0.07,0.0,0.0,0.0,1.0,1.0,80650.0
9.0,5.0,0.0,0.0,0.0,0.0,9.0,1.0,1.0,0.22,0.67,0.0,255.0,10.0,0.04,0.09,0.0,1.0,1.0,0.0,1.0,83288.0
45.0,1.0,0.0,0.0,0.0,0.0,118.0,0.0,0.0,0.03,0.07,0.0,255.0,4.0,0.02,0.09,0.0,0.0,0.0,1.0,1.0,116131.0
27.0,5.0,0.0,0.0,0.0,0.0,7.0,1.0,1.0,1.0,0.0,0.0,255.0,7.0,0.03,0.07,0.0,1.0,1.0,0.0,1.0,39610.0
6.0,5.0,0.0,0.0,0.0,0.0,223.0,1.0,1.0,0.08,0.07,0.0,255.0,18.0,0.07,0.08,0.0,1.0,1.0,0.0,1.0,88351.0
45.0,1.0,0.0,0.0,0.0,0.0,100.0,0.0,0.0,0.01,0.07,0.0,1.0,1.0,1.0,0.0,0.0,0.0,0.0,1.0,1.0,26165.0
26.0,5.0,0.0,0.0,0.0,0.0,233.0,1.0,1.0,0.06,0.06,0.0,255.0,14.0,0.05,0.06,0.0,1.0,1.0,0.0,1.0,118222.0
45.0,5.0,0.0,0.0,0.0,0.0,284.0,1.0,1.0,0.05,0.05,0.0,255.0,15.0,0.06,0.05,0.0,1.0,1.0,0.0,1.0,22179.0
28.0,5.0,0.0,0.0,0.0,0.0,130.0,1.0,1.0,0.15,0.05,0.0,255.0,20.0,0.08,0.05,0.0,1.0,1.0,0.0,1.0,116113.0
45.0,5.0,0.0,0.0,0.0,0.0,114.0,1.0,1.0,0.15,0.05,0.0,255.0,17.0,0.07,0.07,0.0,1.0,1.0,0.0,1.0,114186.0
45.0,5.0,0.0,0.0,0.0,0.0,118.0,1.0,1.0,0.04,0.07,0.0,255.0,16.0,0.06,0.07,0.0,1.0,1.0,0.0,1.0,39893.0
15.0,5.0,0.0,0.0,0.0,0.0,143.0,1.0,1.0,0.03,0.06,0.0,255.0,5.0,0.02,0.06,0.0,1.0,1.0,0.0,1.0,108419.0
32.0,5.0,0.0,0.0,0.0,0.0,230.0,1.0,1.0,0.01,0.06,0.0,255.0,13.0,0.05,0.09,0.0,1.0,1.0,0.0,1.0,17432.0
13.0,9.0,8.0,0.0,0.0,0.0,1.0,0.0,0.0,1.0,0.0,1.0,1.0,113.0,1.0,0.0,0.5,0.0,0.0,0.0,1.0,17815.0
13.0,9.0,8.0,0.0,0.0,0.0,1.0,0.0,0.0,1.0,0.0,1.0,2.0,44.0,1.0,0.0,0.5,0.0,0.0,0.0,1.0,110683.0
14.0,9.0,520.0,0.0,0.0,0.0,399.0,0.0,0.0,1.0,0.0,0.0,255.0,255.0,1.0,0.0,0.0,0.0,0.0,0.0,1.0,17738.0
45.0,1.0,0.0,0.0,0.0,0.0,191.0,0.0,0.0,0.01,0.07,0.0,255.0,1.0,0.0,0.08,0.0,0.0,0.0,1.0,1.0,58571.0
45.0,5.0,0.0,0.0,0.0,0.0,179.0,1.0,1.0,0.05,0.07,0.0,255.0,20.0,0.08,0.07,0.0,1.0,1.0,0.0,1.0,93462.0
19.0,1.0,0.0,0.0,0.0,0.0,223.0,0.0,0.0,0.06,0.07,0.0,255.0,13.0,0.05,0.08,0.0,0.0,0.0,1.0,1.0,11928.0
45.0,1.0,0.0,0.0,0.0,0.0,119.0,0.07,0.0,0.01,1.0,0.0,255.0,1.0,0.0,0.69,0.0,0.03,0.0,1.0,1.0,72459.0
19.0,5.0,0.0,0.0,0.0,0.0,46.0,1.0,1.0,0.24,0.09,0.0,255.0,65.0,0.25,0.02,0.0,1.0,1.0,0.0,1.0,21013.0
45.0,5.0,0.0,0.0,0.0,0.0,202.0,1.0,1.0,0.07,0.05,0.0,255.0,2.0,0.01,0.07,0.0,1.0,1.0,0.0,1.0,40047.0
48.0,5.0,0.0,0.0,0.0,0.0,104.0,1.0,1.0,0.04,0.07,0.0,255.0,4.0,0.02,0.07,0.0,1.0,1.0,0.0,1.0,61912.0
45.0,5.0,0.0,0.0,0.0,0.0,291.0,1.0,1.0,0.07,0.06,0.0,255.0,7.0,0.03,0.07,0.0,1.0,1.0,0.0,1.0,56319.0
17.0,5.0,0.0,0.0,0.0,0.0,3.0,0.67,1.0,0.67,0.67,0.0,255.0,4.0,0.02,0.08,0.0,1.0,1.0,0.0,1.0,106229.0
19.0,5.0,0.0,0.0,0.0,0.0,207.0,1.0,1.0,0.09,0.06,0.0,255.0,19.0,0.07,0.07,0.0,1.0,1.0,0.0,1.0,37828.0
13.0,9.0,18.0,0.0,0.0,0.0,1.0,0.0,0.0,1.0,0.0,0.0,4.0,184.0,1.0,0.0,0.25,0.0,0.0,0.0,1.0,117918.0
45.0,5.0,0.0,0.0,0.0,0.0,169.0,1.0,1.0,0.07,0.07,0.0,255.0,1.0,0.0,0.07,0.0,1.0,1.0,0.0,1.0,33081.0
45.0,5.0,0.0,0.0,0.0,0.0,172.0,1.0,1.0,0.08,0.06,0.0,255.0,5.0,0.02,0.07,0.0,1.0,1.0,0.0,1.0,17343.0
25.0,5.0,0.0,0.0,0.0,0.0,230.0,1.0,1.0,0.04,0.07,0.0,255.0,11.0,0.04,0.07,0.0,1.0,1.0,0.0,1.0,37198.0
45.0,1.0,0.0,0.0,0.0,0.0,2.0,0.0,0.0,0.5,1.0,0.0,255.0,1.0,0.0,0.54,0.0,0.04,0.0,1.0,1.0,33578.0
41.0,4.0,1.0,0.0,0.0,0.0,2.0,0.0,0.0,1.0,0.0,0.0,255.0,2.0,0.01,0.68,0.0,0.0,0.0,1.0,1.0,87290.0
45.0,5.0,0.0,0.0,0.0,0.0,6.0,1.0,1.0,0.17,0.83,0.0,255.0,1.0,0.0,0.1,0.0,1.0,1.0,0.0,1.0,29243.0
45.0,5.0,0.0,0.0,0.0,0.0,160.0,1.0,1.0,0.01,0.07,0.0,255.0,13.0,0.05,0.07,0.0,1.0,1.0,0.0,1.0,98756.0
45.0,2.0,0.0,0.0,0.0,0.0,142.0,0.0,0.0,0.13,0.06,0.0,255.0,18.0,0.07,0.07,0.0,0.0,0.0,1.0,1.0,49110.0
13.0,9.0,18.0,0.0,0.0,0.0,1.0,0.0,0.0,1.0,0.0,0.0,2.0,42.0,1.0,0.0,0.26,0.0,0.0,0.0,1.0,105732.0
4.0,5.0,0.0,0.0,0.0,0.0,142.0,1.0,1.0,0.14,0.06,0.0,255.0,19.0,0.07,0.07,0.0,1.0,1.0,0.0,1.0,63657.0
55.0,5.0,0.0,0.0,0.0,0.0,56.0,1.0,1.0,0.29,0.07,0.0,255.0,75.0,0.29,0.02,0.0,1.0,1.0,0.0,1.0,39028.0
34.0,5.0,0.0,0.0,0.0,0.0,238.0,1.0,1.0,0.01,0.07,0.0,255.0,2.0,0.01,0.07,0.0,1.0,1.0,0.0,1.0,18545.0
15.0,5.0,0.0,0.0,0.0,0.0,144.0,1.0,1.0,0.1,0.06,0.0,255.0,7.0,0.03,0.07,0.0,1.0,1.0,0.0,1.0,105300.0
45.0,5.0,0.0,0.0,0.0,0.0,171.0,1.0,1.0,0.03,0.06,0.0,255.0,13.0,0.05,0.07,0.0,1.0,1.0,0.0,1.0,123355.0
53.0,5.0,0.0,0.0,0.0,0.0,114.0,1.0,1.0,0.04,0.06,0.0,255.0,2.0,0.01,0.08,0.0,1.0,1.0,0.0,1.0,108487.0
57.0,5.0,0.0,0.0,0.0,0.0,253.0,1.0,1.0,0.01,0.07,0.0,255.0,3.0,0.01,0.07,0.0,1.0,1.0,0.0,1.0,55490.0
8.0,5.0,0.0,0.0,0.0,0.0,197.0,1.0,1.0,0.02,0.07,0.0,255.0,3.0,0.01,0.07,0.0,1.0,1.0,0.0,1.0,121497.0
45.0,5.0,0.0,0.0,0.0,0.0,120.0,1.0,1.0,0.03,0.07,0.0,54.0,18.0,0.33,0.13,0.0,1.0,1.0,0.0,1.0,120231.0
49.0,9.0,0.0,85.0,0.0,1.0,1.0,0.0,0.0,1.0,0.0,0.0,6.0,66.0,0.17,1.0,0.03,0.0,0.0,0.0,1.0,39820.0
13.0,9.0,18.0,0.0,0.0,0.0,1.0,0.0,0.0,1.0,0.0,0.0,1.0,67.0,1.0,0.0,1.0,0.0,0.0,0.0,1.0,26009.0
45.0,5.0,0.0,0.0,0.0,0.0,104.0,1.0,1.0,0.05,0.08,0.0,255.0,5.0,0.02,0.06,0.0,1.0,1.0,0.0,1.0,124058.0
17.0,5.0,0.0,0.0,0.0,0.0,46.0,1.0,1.0,0.26,0.09,0.0,255.0,21.0,0.08,0.06,0.0,1.0,1.0,0.0,1.0,35361.0
45.0,9.0,1.0,0.0,0.0,0.0,28.0,0.0,0.0,0.43,0.11,0.0,255.0,12.0,0.05,0.27,0.0,0.0,0.0,0.0,1.0,26242.0
45.0,5.0,0.0,0.0,0.0,0.0,208.0,1.0,1.0,0.04,0.06,0.0,255.0,18.0,0.07,0.06,0.0,1.0,1.0,0.0,1.0,39012.0
13.0,9.0,18.0,0.0,0.0,0.0,1.0,0.0,0.0,1.0,0.0,0.0,1.0,173.0,1.0,0.0,0.25,0.0,0.0,0.0,1.0,45795.0
34.0,5.0,0.0,0.0,0.0,0.0,191.0,1.0,1.0,0.07,0.06,0.0,255.0,13.0,0.05,0.07,0.0,1.0,1.0,0.0,1.0,106259.0
45.0,5.0,0.0,0.0,0.0,0.0,300.0,1.0,1.0,0.02,0.06,0.0,255.0,4.0,0.02,0.08,0.0,1.0,1.0,0.0,1.0,51005.0
45.0,5.0,0.0,0.0,0.0,0.0,112.0,1.0,1.0,0.13,0.04,0.0,255.0,15.0,0.06,0.05,0.0,1.0,1.0,0.0,1.0,1257.0
13.0,9.0,8.0,0.0,0.0,0.0,1.0,0.0,0.0,1.0,0.0,1.0,2.0,40.0,1.0,0.0,0.5,0.0,0.0,0.0,1.0,75587.0
45.0,5.0,0.0,0.0,0.0,0.0,145.0,1.0,1.0,0.11,0.06,0.0,255.0,34.0,0.13,0.06,0.0,1.0,1.0,0.0,1.0,74303.0
45.0,5.0,0.0,0.0,0.0,0.0,203.0,1.0,1.0,0.09,0.05,0.0,144.0,19.0,0.13,0.08,0.0,0.9,1.0,0.0,1.0,51186.0
7.0,5.0,0.0,0.0,0.0,0.0,200.0,1.0,1.0,0.09,0.05,0.0,255.0,19.0,0.07,0.05,0.0,1.0,1.0,0.0,1.0,60776.0
57.0,4.0,1.0,0.0,0.0,0.0,2.0,0.0,0.0,1.0,0.0,0.0,194.0,2.0,0.01,0.2,0.0,0.0,0.0,1.0,1.0,92978.0
45.0,1.0,0.0,0.0,0.0,0.0,48.0,0.15,0.0,0.02,1.0,0.0,255.0,1.0,0.0,0.48,0.0,0.03,0.0,1.0,1.0,43922.0
13.0,9.0,8.0,0.0,0.0,0.0,1.0,0.0,0.0,1.0,0.0,1.0,2.0,108.0,1.0,0.0,0.5,0.0,0.0,0.0,1.0,12580.0
55.0,5.0,0.0,0.0,0.0,0.0,15.0,1.0,1.0,0.4,0.13,0.0,255.0,46.0,0.18,0.04,0.0,1.0,1.0,0.0,1.0,14596.0
62.0,5.0,0.0,0.0,0.0,0.0,203.0,1.0,1.0,0.09,0.05,0.0,255.0,18.0,0.07,0.05,0.0,1.0,1.0,0.0,1.0,29255.0
14.0,9.0,1032.0,0.0,0.0,0.0,208.0,0.0,0.0,1.0,0.0,0.0,255.0,208.0,0.82,0.01,0.0,0.0,0.0,0.0,1.0,18738.0
13.0,9.0,8.0,0.0,0.0,0.0,1.0,0.0,0.0,1.0,0.0,1.0,1.0,129.0,1.0,0.0,0.51,0.0,0.0,0.0,1.0,14042.0
61.0,5.0,0.0,0.0,0.0,0.0,212.0,1.0,1.0,0.04,0.05,0.0,255.0,9.0,0.04,0.05,0.0,1.0,1.0,0.0,1.0,62215.0
45.0,1.0,0.0,0.0,0.0,0.0,263.0,0.08,0.0,0.0,1.0,0.0,255.0,1.0,0.0,1.0,0.0,0.08,0.0,1.0,1.0,62872.0
45.0,5.0,0.0,0.0,0.0,0.0,117.0,1.0,1.0,0.15,0.05,0.0,255.0,17.0,0.07,0.05,0.0,1.0,1.0,0.0,1.0,61640.0
25.0,5.0,0.0,0.0,0.0,0.0,193.0,1.0,1.0,0.08,0.06,0.0,255.0,16.0,0.06,0.06,0.0,1.0,1.0,0.0,1.0,99293.0
26.0,5.0,0.0,0.0,0.0,0.0,207.0,1.0,1.0,0.09,0.06,0.0,255.0,19.0,0.07,0.06,0.0,1.0,1.0,0.0,1.0,87852.0
37.0,5.0,0.0,0.0,0.0,0.0,205.0,1.0,1.0,0.1,0.06,0.0,255.0,14.0,0.05,0.09,0.0,1.0,1.0,0.0,1.0,107564.0
45.0,4.0,0.0,0.0,0.0,0.0,78.0,0.0,0.0,0.03,0.54,0.0,248.0,2.0,0.01,0.17,0.0,0.01,0.0,1.0,1.0,34391.0
13.0,9.0,18.0,0.0,0.0,0.0,1.0,0.0,0.0,1.0,0.0,0.0,1.0,111.0,1.0,0.0,1.0,0.0,0.0,0.0,1.0,70347.0
37.0,1.0,0.0,0.0,0.0,0.0,221.0,0.0,0.0,0.02,0.07,0.0,255.0,4.0,0.02,0.09,0.0,0.0,0.0,1.0,1.0,6471.0
45.0,5.0,0.0,0.0,0.0,0.0,137.0,1.0,1.0,0.05,0.07,0.0,255.0,15.0,0.06,0.07,0.0,1.0,1.0,0.0,1.0,103203.0
21.0,5.0,0.0,0.0,0.0,0.0,245.0,1.0,1.0,0.0,0.06,0.0,255.0,1.0,0.0,0.06,0.0,1.0,1.0,0.0,1.0,93019.0
45.0,4.0,0.0,0.0,0.0,0.0,1.0,0.0,0.0,1.0,0.0,0.0,199.0,1.0,0.01,0.18,0.0,0.0,0.0,1.0,1.0,8633.0
45.0,5.0,0.0,0.0,0.0,0.0,52.0,1.0,1.0,0.19,0.12,0.0,255.0,10.0,0.04,0.09,0.0,1.0,1.0,0.0,1.0,125529.0
5.0,1.0,0.0,0.0,0.0,0.0,2.0,0.0,0.0,0.5,1.0,0.0,255.0,1.0,0.0,0.98,0.0,0.0,0.0,1.0,1.0,20021.0
45.0,5.0,0.0,0.0,0.0,0.0,22.0,1.0,1.0,0.14,0.14,0.0,255.0,16.0,0.06,0.07,0.0,1.0,1.0,0.0,1.0,68982.0
21.0,1.0,0.0,0.0,0.0,0.0,160.0,0.0,0.0,0.1,0.08,0.0,255.0,16.0,0.06,0.07,0.0,0.0,0.0,1.0,1.0,33002.0
10.0,5.0,0.0,0.0,0.0,0.0,263.0,1.0,1.0,0.09,0.05,0.0,255.0,23.0,0.09,0.05,0.0,1.0,1.0,0.0,1.0,18776.0
55.0,5.0,0.0,0.0,0.0,0.0,74.0,1.0,1.0,0.23,0.05,0.0,255.0,57.0,0.22,0.04,0.0,1.0,1.0,0.0,1.0,62401.0
45.0,9.0,1.0,0.0,0.0,0.0,38.0,0.0,0.0,0.08,0.11,0.0,255.0,3.0,0.01,0.67,0.0,0.16,0.0,0.0,1.0,102485.0
54.0,4.0,0.0,0.0,0.0,0.0,1.0,0.0,0.0,1.0,0.0,0.0,255.0,1.0,0.0,1.0,0.0,0.0,0.0,1.0,1.0,122862.0
13.0,9.0,8.0,0.0,0.0,0.0,1.0,0.0,0.0,1.0,0.0,1.0,2.0,255.0,1.0,0.0,0.5,0.0,0.0,0.0,1.0,113004.0
13.0,9.0,8.0,0.0,0.0,0.0,1.0,0.0,0.0,1.0,0.0,1.0,2.0,78.0,1.0,0.0,0.51,0.0,0.0,0.0,1.0,103664.0
13.0,9.0,8.0,0.0,0.0,0.0,1.0,0.0,0.0,1.0,0.0,1.0,3.0,71.0,1.0,0.0,0.25,0.0,0.0,0.0,1.0,105602.0
45.0,5.0,0.0,0.0,0.0,0.0,147.0,1.0,1.0,0.03,0.06,0.0,255.0,7.0,0.03,0.06,0.0,1.0,1.0,0.0,1.0,43009.0
8.0,5.0,0.0,0.0,0.0,0.0,203.0,1.0,1.0,0.01,0.06,0.0,255.0,20.0,0.08,0.07,0.0,1.0,1.0,0.0,1.0,51265.0
45.0,5.0,0.0,0.0,0.0,0.0,298.0,1.0,1.0,0.03,0.06,0.0,255.0,1.0,0.0,0.08,0.0,1.0,1.0,0.0,1.0,110778.0
60.0,5.0,0.0,0.0,0.0,0.0,19.0,1.0,1.0,0.26,0.11,0.0,255.0,5.0,0.02,0.07,0.0,1.0,1.0,0.0,1.0,6663.0
45.0,5.0,0.0,0.0,0.0,0.0,141.0,1.0,1.0,0.13,0.06,0.0,255.0,14.0,0.05,0.07,0.0,1.0,1.0,0.0,1.0,125050.0
19.0,5.0,0.0,0.0,0.0,0.0,194.0,1.0,1.0,0.01,0.06,0.0,255.0,2.0,0.01,0.06,0.0,1.0,1.0,0.0,1.0,67026.0
45.0,5.0,0.0,0.0,0.0,0.0,127.0,1.0,1.0,0.03,0.06,0.0,255.0,1.0,0.0,0.06,0.0,1.0,1.0,0.0,1.0,83791.0
19.0,5.0,0.0,0.0,0.0,0.0,65.0,1.0,1.0,0.26,0.06,0.0,255.0,57.0,0.22,0.03,0.0,1.0,1.0,0.0,1.0,92957.0
45.0,5.0,0.0,0.0,0.0,0.0,126.0,1.0,1.0,0.13,0.06,0.0,255.0,4.0,0.02,0.07,0.0,1.0,1.0,0.0,1.0,67951.0
61.0,1.0,0.0,0.0,0.0,0.0,126.0,0.0,0.0,0.02,0.08,0.0,255.0,3.0,0.01,0.07,0.0,0.0,0.0,1.0,1.0,99380.0
41.0,4.0,1.0,0.0,0.0,0.0,2.0,0.0,0.0,1.0,0.0,0.0,255.0,2.0,0.01,0.67,0.0,0.0,0.0,1.0,1.0,53057.0
57.0,5.0,0.0,0.0,0.0,0.0,202.0,1.0,1.0,0.0,0.07,0.0,255.0,1.0,0.0,0.09,0.0,1.0,1.0,0.0,1.0,72699.0
45.0,5.0,0.0,0.0,0.0,0.0,155.0,1.0,1.0,0.03,0.08,0.0,255.0,5.0,0.02,0.07,0.0,1.0,1.0,0.0,1.0,102808.0
45.0,5.0,0.0,0.0,0.0,0.0,267.0,1.0,1.0,0.06,0.06,0.0,255.0,12.0,0.05,0.08,0.0,1.0,1.0,0.0,1.0,66803.0
9.0,2.0,0.0,0.0,0.0,0.0,254.0,0.0,0.0,0.02,0.07,0.0,255.0,4.0,0.02,0.07,0.0,0.0,0.0,1.0,1.0,107890.0
45.0,9.0,28.0,0.0,3.0,0.0,147.0,0.68,0.0,0.32,0.05,0.0,255.0,47.0,0.18,0.82,0.0,0.09,0.0,0.0,1.0,104797.0
13.0,9.0,8.0,0.0,0.0,0.0,1.0,0.0,0.0,1.0,0.0,1.0,2.0,86.0,1.0,0.0,0.5,0.0,0.0,0.0,1.0,56935.0
19.0,5.0,0.0,0.0,0.0,0.0,67.0,1.0,1.0,0.18,0.06,0.0,255.0,65.0,0.25,0.02,0.0,1.0,1.0,0.0,1.0,26512.0
26.0,5.0,0.0,0.0,0.0,0.0,285.0,1.0,1.0,0.02,0.06,0.0,255.0,1.0,0.0,0.07,0.0,1.0,1.0,0.0,1.0,85903.0
41.0,1.0,0.0,0.0,0.0,0.0,325.0,0.1,0.0,0.0,1.0,0.0,255.0,1.0,0.0,1.0,0.0,0.09,0.0,1.0,1.0,78420.0
43.0,5.0,0.0,0.0,0.0,0.0,281.0,1.0,1.0,0.05,0.06,0.0,255.0,4.0,0.02,0.07,0.0,1.0,1.0,0.0,1.0,60333.0
45.0,5.0,0.0,0.0,0.0,0.0,266.0,1.0,1.0,0.08,0.06,0.0,255.0,19.0,0.07,0.06,0.0,1.0,1.0,0.0,1.0,122951.0
14.0,9.0,1032.0,0.0,0.0,0.0,511.0,0.0,0.0,1.0,0.0,0.0,201.0,56.0,0.28,0.01,0.0,0.0,0.0,0.0,1.0,101761.0
45.0,5.0,0.0,0.0,0.0,0.0,144.0,1.0,1.0,0.14,0.06,0.0,255.0,20.0,0.08,0.08,0.0,1.0,1.0,0.0,1.0,32433.0
13.0,9.0,8.0,0.0,0.0,0.0,1.0,0.0,0.0,1.0,0.0,1.0,1.0,157.0,1.0,0.0,0.5,0.0,0.0,0.0,1.0,97478.0
45.0,5.0,0.0,0.0,0.0,0.0,160.0,1.0,1.0,0.01,0.08,0.0,255.0,1.0,0.0,0.08,0.0,1.0,1.0,0.0,1.0,28848.0
45.0,1.0,0.0,0.0,0.0,0.0,155.0,0.01,0.0,0.01,1.0,0.0,255.0,1.0,0.0,0.64,0.0,0.0,0.0,1.0,1.0,45411.0
45.0,5.0,0.0,0.0,0.0,0.0,127.0,1.0,1.0,0.06,0.06,0.0,255.0,8.0,0.03,0.07,0.0,1.0,1.0,0.0,1.0,73450.0
45.0,1.0,0.0,0.0,0.0,0.0,119.0,0.0,0.0,0.15,0.06,0.0,255.0,18.0,0.07,0.07,0.0,0.0,0.0,1.0,1.0,27342.0
17.0,5.0,0.0,0.0,0.0,0.0,263.0,1.0,1.0,0.06,0.06,0.0,255.0,16.0,0.06,0.06,0.0,1.0,1.0,0.0,1.0,70208.0
55.0,5.0,0.0,0.0,0.0,0.0,277.0,1.0,1.0,0.02,0.06,0.0,255.0,6.0,0.02,0.07,0.0,1.0,1.0,0.0,1.0,52860.0
45.0,1.0,0.0,0.0,0.0,0.0,139.0,0.0,0.0,0.02,0.06,0.0,255.0,3.0,0.01,0.07,0.0,0.0,0.0,1.0,1.0,15014.0
45.0,5.0,0.0,0.0,0.0,0.0,259.0,1.0,1.0,0.06,0.07,0.0,255.0,16.0,0.06,0.09,0.0,1.0,1.0,0.0,1.0,111414.0
45.0,5.0,0.0,0.0,0.0,0.0,177.0,1.0,1.0,0.07,0.06,0.0,255.0,1.0,0.0,0.07,0.0,1.0,1.0,0.0,1.0,97927.0
51.0,4.0,1.0,0.0,0.0,0.0,2.0,0.0,0.0,1.0,0.0,0.0,164.0,2.0,0.01,0.15,0.0,0.0,0.0,1.0,1.0,27073.0
13.0,9.0,8.0,0.0,0.0,0.0,1.0,0.0,0.0,1.0,0.0,1.0,2.0,60.0,1.0,0.0,0.5,0.0,0.0,0.0,1.0,73639.0
28.0,5.0,0.0,0.0,0.0,0.0,34.0,1.0,1.0,0.21,0.09,0.0,255.0,7.0,0.03,0.07,0.0,1.0,1.0,0.0,1.0,59413.0
45.0,4.0,1.0,0.0,0.0,0.0,2.0,0.0,0.0,1.0,0.0,0.0,255.0,2.0,0.01,0.73,0.0,0.0,0.0,1.0,1.0,109704.0
45.0,5.0,0.0,0.0,0.0,0.0,228.0,1.0,1.0,0.06,0.05,0.0,89.0,14.0,0.16,0.11,0.0,0.84,1.0,0.0,1.0,4537.0
9.0,2.0,0.0,0.0,0.0,0.0,241.0,0.0,0.0,0.02,0.07,0.0,255.0,4.0,0.02,0.07,0.0,0.0,0.0,1.0,1.0,77037.0
45.0,5.0,0.0,0.0,0.0,0.0,81.0,1.0,1.0,0.25,0.06,0.0,255.0,6.0,0.02,0.06,0.0,1.0,1.0,0.0,1.0,34468.0
45.0,9.0,1.0,0.0,0.0,0.0,163.0,0.0,0.0,0.88,0.02,0.0,255.0,177.0,0.69,0.04,0.0,0.0,0.0,0.0,1.0,50936.0
45.0,5.0,0.0,0.0,0.0,0.0,211.0,1.0,1.0,0.01,0.07,0.0,255.0,9.0,0.04,0.08,0.0,1.0,1.0,0.0,1.0,20808.0
45.0,1.0,0.0,0.0,0.0,0.0,271.0,0.0,0.0,0.03,0.06,0.0,255.0,9.0,0.04,0.07,0.0,0.0,0.0,1.0,1.0,116897.0
45.0,5.0,0.0,0.0,0.0,0.0,121.0,1.0,1.0,0.16,0.06,0.0,24.0,19.0,0.79,0.12,0.0,1.0,1.0,0.0,1.0,36926.0
13.0,9.0,8.0,0.0,0.0,0.0,1.0,0.0,0.0,1.0,0.0,1.0,1.0,29.0,1.0,0.0,0.55,0.0,0.0,0.0,1.0,61019.0
41.0,4.0,1.0,0.0,0.0,0.0,2.0,0.0,0.0,1.0,0.0,0.0,255.0,2.0,0.01,0.73,0.0,0.0,0.0,1.0,1.0,36024.0
42.0,1.0,0.0,0.0,0.0,0.0,250.0,0.0,0.0,0.02,0.06,0.0,255.0,4.0,0.02,0.07,0.0,0.0,0.0,1.0,1.0,102015.0
14.0,9.0,1032.0,0.0,0.0,0.0,510.0,0.0,0.0,1.0,0.0,0.0,255.0,161.0,0.63,0.02,0.0,0.0,0.0,0.0,1.0,69579.0
19.0,9.0,37.0,0.0,0.0,1.0,151.0,0.99,0.0,0.01,0.07,0.0,255.0,3.0,0.01,0.06,0.0,0.99,0.0,0.0,1.0,2297.0
4.0,5.0,0.0,0.0,0.0,0.0,288.0,1.0,1.0,0.04,0.06,0.0,255.0,10.0,0.04,0.07,0.0,1.0,1.0,0.0,1.0,19242.0
45.0,1.0,0.0,0.0,0.0,0.0,1.0,0.0,0.0,1.0,0.0,0.0,48.0,2.0,0.02,1.0,1.0,0.0,0.0,1.0,1.0,83232.0
45.0,1.0,0.0,0.0,0.0,0.0,208.0,0.01,0.0,0.0,1.0,0.0,255.0,1.0,0.0,0.84,0.0,0.01,0.0,1.0,1.0,112366.0
45.0,5.0,0.0,0.0,0.0,0.0,155.0,1.0,1.0,0.09,0.07,0.0,255.0,14.0,0.05,0.08,0.0,1.0,1.0,0.0,1.0,93962.0
45.0,5.0,0.0,0.0,0.0,0.0,122.0,1.0,1.0,0.13,0.05,0.0,255.0,16.0,0.06,0.06,0.0,1.0,1.0,0.0,1.0,8297.0
45.0,1.0,0.0,0.0,0.0,0.0,511.0,0.16,0.0,0.0,1.0,0.0,255.0,1.0,0.0,1.0,0.0,0.17,0.0,1.0,1.0,43794.0
13.0,9.0,8.0,0.0,0.0,0.0,1.0,0.0,0.0,1.0,0.0,1.0,2.0,156.0,1.0,0.0,0.5,0.0,0.0,0.0,1.0,94654.0
15.0,5.0,0.0,0.0,0.0,0.0,123.0,1.0,1.0,0.05,0.06,0.0,255.0,6.0,0.02,0.06,0.0,1.0,1.0,0.0,1.0,107251.0
45.0,1.0,0.0,0.0,0.0,0.0,2.0,0.0,0.0,0.5,1.0,0.0,255.0,1.0,0.0,0.35,0.0,0.24,0.0,1.0,1.0,29984.0
13.0,9.0,8.0,0.0,0.0,0.0,1.0,0.0,0.0,1.0,0.0,1.0,1.0,81.0,1.0,0.0,0.51,0.0,0.0,0.0,1.0,108962.0
45.0,1.0,0.0,0.0,0.0,0.0,101.0,0.07,0.0,0.01,1.0,0.0,255.0,1.0,0.0,0.66,0.0,0.03,0.0,1.0,1.0,85279.0
48.0,5.0,0.0,0.0,0.0,0.0,123.0,1.0,1.0,0.16,0.07,0.0,255.0,20.0,0.08,0.07,0.0,1.0,1.0,0.0,1.0,61828.0
19.0,1.0,0.0,0.0,0.0,0.0,511.0,0.07,0.0,0.0,1.0,0.0,255.0,1.0,0.0,1.0,0.0,0.13,0.0,1.0,1.0,51730.0
45.0,5.0,0.0,0.0,0.0,0.0,276.0,1.0,1.0,0.04,0.07,0.0,255.0,11.0,0.04,0.06,0.0,1.0,1.0,0.0,1.0,47460.0
13.0,9.0,8.0,0.0,0.0,0.0,1.0,0.0,0.0,1.0,0.0,1.0,1.0,113.0,1.0,0.0,0.5,0.0,0.0,0.0,1.0,77041.0
14.0,9.0,1032.0,0.0,0.0,0.0,200.0,0.0,0.0,1.0,0.0,0.0,255.0,255.0,1.0,0.0,0.0,0.0,0.0,0.0,1.0,13283.0
45.0,9.0,1.0,4.0,0.0,0.0,25.0,0.0,0.0,0.32,0.12,0.0,255.0,8.0,0.03,0.71,0.0,0.16,0.0,0.0,1.0,15083.0
62.0,5.0,0.0,0.0,0.0,0.0,284.0,1.0,1.0,0.03,0.05,0.0,255.0,8.0,0.03,0.05,0.0,1.0,1.0,0.0,1.0,2898.0
45.0,5.0,0.0,0.0,0.0,0.0,128.0,1.0,1.0,0.15,0.06,0.0,255.0,18.0,0.07,0.07,0.0,1.0,1.0,0.0,1.0,4359.0
45.0,5.0,0.0,0.0,0.0,0.0,138.0,1.0,1.0,0.09,0.08,0.0,255.0,16.0,0.06,0.07,0.0,1.0,1.0,0.0,1.0,31903.0
45.0,1.0,0.0,0.0,0.0,0.0,146.0,0.0,0.0,0.11,0.05,0.0,255.0,9.0,0.04,0.07,0.0,0.0,0.0,1.0,1.0,121442.0
45.0,5.0,0.0,0.0,0.0,0.0,227.0,1.0,1.0,0.11,0.05,0.0,88.0,23.0,0.26,0.11,0.0,0.84,1.0,0.0,1.0,73503.0
3.0,5.0,0.0,0.0,0.0,0.0,281.0,1.0,1.0,0.04,0.06,0.0,255.0,11.0,0.04,0.07,0.0,1.0,1.0,0.0,1.0,33356.0
45.0,1.0,0.0,0.0,0.0,0.0,215.0,0.0,0.0,0.01,0.08,0.0,255.0,3.0,0.01,0.09,0.0,0.0,0.0,1.0,1.0,52945.0
45.0,5.0,0.0,0.0,0.0,0.0,215.0,1.0,1.0,0.09,0.06,0.0,255.0,6.0,0.02,0.07,0.0,1.0,1.0,0.0,1.0,99409.0
20.0,5.0,0.0,0.0,0.0,0.0,168.0,1.0,1.0,0.09,0.07,0.0,255.0,15.0,0.06,0.06,0.0,1.0,1.0,0.0,1.0,43784.0
7.0,5.0,0.0,0.0,0.0,0.0,237.0,1.0,1.0,0.08,0.06,0.0,255.0,19.0,0.07,0.07,0.0,1.0,1.0,0.0,1.0,22429.0
45.0,1.0,0.0,0.0,0.0,0.0,324.0,0.06,0.0,0.0,1.0,0.0,255.0,1.0,0.0,1.0,0.0,0.08,0.0,1.0,1.0,45078.0
36.0,4.0,0.0,0.0,0.0,0.0,1.0,0.0,0.0,1.0,0.0,0.0,255.0,1.0,0.0,1.0,0.0,0.0,0.0,1.0,1.0,100403.0
45.0,9.0,1.0,0.0,0.0,0.0,57.0,0.0,0.0,0.02,0.16,0.0,255.0,1.0,0.0,0.03,0.0,0.0,0.0,0.0,1.0,111386.0
45.0,4.0,1.0,0.0,0.0,0.0,2.0,0.0,0.0,1.0,0.0,0.0,255.0,2.0,0.01,0.73,0.0,0.0,0.0,1.0,1.0,55821.0
2.0,5.0,0.0,0.0,0.0,0.0,256.0,1.0,1.0,0.01,0.07,0.0,255.0,3.0,0.01,0.07,0.0,1.0,1.0,0.0,1.0,65279.0
17.0,5.0,0.0,0.0,0.0,0.0,269.0,1.0,1.0,0.07,0.06,0.0,255.0,19.0,0.07,0.06,0.0,1.0,1.0,0.0,1.0,64364.0
13.0,9.0,8.0,0.0,0.0,0.0,1.0,0.0,0.0,1.0,0.0,1.0,2.0,118.0,1.0,0.0,0.5,0.0,0.0,0.0,1.0,43499.0
45.0,5.0,0.0,0.0,0.0,0.0,209.0,1.0,1.0,0.03,0.06,0.0,255.0,14.0,0.05,0.07,0.0,1.0,1.0,0.0,1.0,54703.0
22.0,5.0,0.0,0.0,0.0,0.0,73.0,1.0,1.0,0.25,0.05,0.0,255.0,58.0,0.23,0.02,0.0,1.0,1.0,0.0,1.0,23809.0
45.0,5.0,0.0,0.0,0.0,0.0,50.0,1.0,1.0,0.06,0.12,0.0,255.0,15.0,0.06,0.09,0.0,1.0,1.0,0.0,1.0,49469.0
28.0,5.0,0.0,0.0,0.0,0.0,129.0,1.0,1.0,0.16,0.05,0.0,255.0,20.0,0.08,0.07,0.0,1.0,1.0,0.0,1.0,57081.0
15.0,5.0,0.0,0.0,0.0,0.0,140.0,1.0,1.0,0.07,0.06,0.0,255.0,3.0,0.01,0.07,0.0,1.0,1.0,0.0,1.0,55285.0
45.0,1.0,0.0,0.0,0.0,0.0,79.0,0.0,0.0,0.01,0.54,0.0,249.0,1.0,0.0,0.18,0.0,0.01,0.0,1.0,1.0,29054.0
30.0,5.0,0.0,0.0,0.0,0.0,248.0,1.0,1.0,0.07,0.07,0.0,255.0,18.0,0.07,0.08,0.0,1.0,1.0,0.0,1.0,73736.0
45.0,9.0,1.0,74.0,0.0,0.0,29.0,0.0,0.0,0.52,0.1,0.0,255.0,15.0,0.06,0.75,0.0,0.16,0.0,0.0,1.0,3975.0
13.0,9.0,8.0,0.0,0.0,0.0,1.0,0.0,0.0,1.0,0.0,1.0,1.0,209.0,1.0,0.0,0.25,0.0,0.0,0.0,1.0,68102.0
14.0,9.0,520.0,0.0,0.0,0.0,372.0,0.0,0.0,1.0,0.0,0.0,255.0,255.0,1.0,0.0,0.0,0.0,0.0,0.0,1.0,30748.0
22.0,5.0,0.0,0.0,0.0,0.0,37.0,1.0,1.0,0.22,0.11,0.0,255.0,19.0,0.07,0.05,0.0,1.0,1.0,0.0,1.0,73828.0
14.0,9.0,1032.0,0.0,0.0,0.0,220.0,0.0,0.0,1.0,0.0,0.0,255.0,220.0,0.86,0.01,0.0,0.0,0.0,0.0,1.0,92021.0
45.0,1.0,0.0,0.0,0.0,0.0,509.0,0.02,0.0,0.0,1.0,0.0,255.0,1.0,0.0,1.0,0.0,0.02,0.0,1.0,1.0,51102.0
8.0,5.0,0.0,0.0,0.0,0.0,101.0,1.0,1.0,0.02,0.07,0.0,255.0,8.0,0.03,0.07,0.0,1.0,1.0,0.0,1.0,99174.0
45.0,5.0,0.0,0.0,0.0,0.0,104.0,0.99,1.0,0.02,0.08,0.0,255.0,2.0,0.01,0.06,0.0,1.0,1.0,0.0,1.0,14661.0
2.0,5.0,0.0,0.0,0.0,0.0,192.0,1.0,1.0,0.03,0.07,0.0,255.0,6.0,0.02,0.07,0.0,1.0,1.0,0.0,1.0,40446.0
41.0,4.0,1.0,0.0,0.0,0.0,2.0,0.0,0.0,1.0,0.0,0.0,255.0,2.0,0.01,0.68,0.0,0.0,0.0,1.0,1.0,97806.0
34.0,5.0,0.0,0.0,0.0,0.0,275.0,1.0,1.0,0.03,0.05,0.0,255.0,7.0,0.03,0.05,0.0,1.0,1.0,0.0,1.0,52983.0
55.0,2.0,0.0,0.0,0.0,0.0,211.0,0.0,0.0,0.01,0.07,0.0,255.0,2.0,0.01,0.08,0.0,0.0,0.0,1.0,1.0,112950.0
45.0,5.0,0.0,0.0,0.0,0.0,210.0,1.0,1.0,0.02,0.07,0.0,255.0,1.0,0.0,0.07,0.0,1.0,1.0,0.0,1.0,106715.0
14.0,9.0,1032.0,0.0,0.0,0.0,398.0,0.0,0.0,1.0,0.0,0.0,255.0,197.0,0.77,0.02,0.0,0.0,0.0,0.0,1.0,109802.0
62.0,5.0,0.0,0.0,0.0,0.0,227.0,1.0,1.0,0.0,0.07,0.0,255.0,1.0,0.0,0.08,0.0,1.0,1.0,0.0,1.0,25277.0
45.0,1.0,0.0,0.0,0.0,0.0,1.0,0.0,0.0,1.0,0.0,0.0,19.0,1.0,0.05,1.0,0.0,0.0,0.0,1.0,1.0,101273.0
62.0,5.0,0.0,0.0,0.0,0.0,127.0,1.0,1.0,0.13,0.06,0.0,255.0,16.0,0.06,0.05,0.0,1.0,1.0,0.0,1.0,92829.0
13.0,9.0,8.0,0.0,0.0,0.0,1.0,0.0,0.0,1.0,0.0,1.0,1.0,45.0,1.0,0.0,0.51,0.0,0.0,0.0,1.0,38666.0
32.0,5.0,0.0,0.0,0.0,0.0,254.0,1.0,1.0,0.0,0.07,0.0,255.0,1.0,0.0,0.08,0.0,1.0,1.0,0.0,1.0,94541.0
2.0,5.0,0.0,0.0,0.0,0.0,249.0,1.0,1.0,0.04,0.05,0.0,255.0,11.0,0.04,0.06,0.0,1.0,1.0,0.0,1.0,58493.0
53.0,1.0,0.0,0.0,0.0,0.0,295.0,0.0,0.0,0.06,0.06,0.0,255.0,18.0,0.07,0.07,0.0,0.0,0.0,1.0,1.0,42631.0
4.0,5.0,0.0,0.0,0.0,0.0,259.0,1.0,1.0,0.01,0.06,0.0,255.0,3.0,0.01,0.07,0.0,1.0,1.0,0.0,1.0,56457.0
45.0,1.0,0.0,0.0,0.0,0.0,74.0,0.0,0.0,0.09,0.07,0.0,255.0,7.0,0.03,0.05,0.0,0.0,0.0,1.0,1.0,3027.0
45.0,5.0,0.0,0.0,0.0,0.0,116.0,1.0,1.0,0.09,0.06,0.0,255.0,9.0,0.04,0.08,0.0,1.0,1.0,0.0,1.0,65817.0
52.0,5.0,0.0,0.0,0.0,0.0,15.0,1.0,1.0,0.47,0.2,0.0,255.0,7.0,0.03,0.08,0.0,1.0,1.0,0.0,1.0,61615.0
17.0,5.0,0.0,0.0,0.0,0.0,28.0,1.0,1.0,0.39,0.18,0.0,255.0,12.0,0.05,0.08,0.0,1.0,1.0,0.0,1.0,5168.0
21.0,5.0,0.0,0.0,0.0,0.0,274.0,1.0,1.0,0.01,0.06,0.0,255.0,4.0,0.02,0.08,0.0,1.0,1.0,0.0,1.0,113137.0
17.0,5.0,0.0,0.0,0.0,0.0,245.0,1.0,1.0,0.07,0.06,0.0,255.0,18.0,0.07,0.06,0.0,1.0,1.0,0.0,1.0,35215.0
16.0,2.0,0.0,0.0,0.0,0.0,138.0,0.0,0.0,0.07,0.06,0.0,255.0,4.0,0.02,0.07,0.0,0.0,0.0,1.0,1.0,9787.0
45.0,5.0,0.0,0.0,0.0,0.0,103.0,1.0,1.0,0.04,0.06,0.0,255.0,2.0,0.01,0.07,0.0,1.0,1.0,0.0,1.0,5161.0
19.0,5.0,0.0,0.0,0.0,0.0,286.0,1.0,1.0,0.08,0.05,0.0,255.0,24.0,0.09,0.05,0.0,1.0,1.0,0.0,1.0,65482.0
13.0,9.0,8.0,0.0,0.0,0.0,1.0,0.0,0.0,1.0,0.0,1.0,1.0,43.0,1.0,0.0,0.51,0.0,0.0,0.0,1.0,59646.0
23.0,5.0,0.0,0.0,0.0,0.0,115.0,1.0,1.0,0.15,0.05,0.0,255.0,6.0,0.02,0.06,0.0,1.0,1.0,0.0,1.0,11966.0
37.0,5.0,0.0,0.0,0.0,0.0,136.0,1.0,1.0,0.11,0.05,0.0,255.0,14.0,0.05,0.07,0.0,1.0,1.0,0.0,1.0,122723.0
13.0,9.0,8.0,0.0,0.0,0.0,1.0,0.0,0.0,1.0,0.0,1.0,2.0,31.0,1.0,0.0,0.52,0.0,0.0,0.0,1.0,75350.0
55.0,5.0,0.0,0.0,0.0,0.0,288.0,1.0,1.0,0.07,0.06,0.0,255.0,17.0,0.07,0.07,0.0,1.0,1.0,0.0,1.0,11164.0
45.0,9.0,1.0,1.0,0.0,0.0,10.0,0.0,0.0,0.7,0.2,0.0,255.0,7.0,0.03,0.97,0.0,0.18,0.0,0.0,1.0,76594.0
17.0,5.0,0.0,0.0,0.0,0.0,4.0,1.0,1.0,0.5,0.5,0.0,255.0,55.0,0.22,0.03,0.0,1.0,1.0,0.0,1.0,111486.0
45.0,5.0,0.0,0.0,0.0,0.0,137.0,1.0,1.0,0.06,0.06,0.0,140.0,8.0,0.06,0.06,0.0,1.0,1.0,0.0,1.0,54307.0
62.0,5.0,0.0,0.0,0.0,0.0,279.0,1.0,1.0,0.06,0.06,0.0,255.0,17.0,0.07,0.07,0.0,1.0,1.0,0.0,1.0,74977.0
14.0,9.0,1032.0,0.0,0.0,0.0,511.0,0.0,0.0,1.0,0.0,0.0,255.0,188.0,0.74,0.01,0.0,0.0,0.0,0.0,1.0,21559.0
13.0,9.0,8.0,0.0,0.0,0.0,1.0,0.0,0.0,1.0,0.0,1.0,2.0,2.0,1.0,0.0,0.0,0.0,0.0,0.0,1.0,79815.0
14.0,9.0,1032.0,0.0,0.0,0.0,511.0,0.0,0.0,1.0,0.0,0.0,212.0,118.0,0.56,0.03,0.0,0.01,0.0,0.0,1.0,38354.0
38.0,5.0,0.0,0.0,0.0,0.0,103.0,1.0,1.0,0.06,0.06,0.0,255.0,6.0,0.02,0.07,0.0,1.0,1.0,0.0,1.0,118892.0
8.0,5.0,0.0,0.0,0.0,0.0,280.0,1.0,1.0,0.08,0.05,0.0,255.0,22.0,0.09,0.05,0.0,1.0,1.0,0.0,1.0,35503.0
25.0,5.0,0.0,0.0,0.0,0.0,254.0,1.0,1.0,0.0,0.06,0.0,255.0,2.0,0.01,0.08,0.0,1.0,1.0,0.0,1.0,106160.0
45.0,4.0,0.0,0.0,0.0,0.0,1.0,0.0,0.0,1.0,0.0,0.0,255.0,1.0,0.0,0.77,0.0,0.0,0.0,1.0,1.0,2911.0
45.0,5.0,0.0,0.0,0.0,0.0,166.0,1.0,1.0,0.07,0.07,0.0,255.0,20.0,0.08,0.08,0.0,1.0,1.0,0.0,1.0,26709.0
23.0,5.0,0.0,0.0,0.0,0.0,127.0,1.0,1.0,0.02,0.07,0.0,255.0,3.0,0.01,0.06,0.0,1.0,1.0,0.0,1.0,94536.0
45.0,5.0,0.0,0.0,0.0,0.0,287.0,1.0,1.0,0.06,0.06,0.0,255.0,35.0,0.14,0.06,0.0,1.0,1.0,0.0,1.0,26508.0
34.0,5.0,0.0,0.0,0.0,0.0,246.0,1.0,1.0,0.02,0.06,0.0,255.0,4.0,0.02,0.07,0.0,1.0,1.0,0.0,1.0,112326.0
45.0,5.0,0.0,0.0,0.0,0.0,13.0,1.0,1.0,0.77,0.23,0.0,255.0,10.0,0.04,0.07,0.0,1.0,1.0,0.0,1.0,10786.0
10.0,1.0,0.0,0.0,0.0,0.0,265.0,0.0,0.0,0.07,0.06,0.0,255.0,19.0,0.07,0.07,0.0,0.0,0.0,1.0,1.0,75363.0
45.0,10.0,0.0,0.0,0.0,0.0,1.0,1.0,1.0,1.0,0.0,0.0,184.0,1.0,0.01,0.95,0.0,0.96,1.0,0.0,1.0,56286.0
10.0,2.0,0.0,0.0,0.0,0.0,95.0,0.0,0.0,0.01,0.55,0.0,255.0,1.0,0.0,0.21,0.0,0.0,0.0,1.0,1.0,124821.0
45.0,1.0,0.0,0.0,0.0,0.0,51.0,0.14,0.0,0.02,1.0,0.0,255.0,1.0,0.0,0.49,0.0,0.03,0.0,1.0,1.0,58057.0
55.0,5.0,0.0,0.0,0.0,0.0,38.0,1.0,1.0,0.11,0.11,0.0,255.0,64.0,0.25,0.02,0.0,1.0,1.0,0.0,1.0,3590.0
45.0,1.0,0.0,0.0,0.0,0.0,201.0,0.0,0.0,0.06,0.07,0.0,255.0,13.0,0.05,0.08,0.0,0.0,0.0,1.0,1.0,65642.0
62.0,5.0,0.0,0.0,0.0,0.0,106.0,1.0,1.0,0.14,0.06,0.0,255.0,14.0,0.05,0.07,0.0,1.0,1.0,0.0,1.0,33447.0
45.0,5.0,0.0,0.0,0.0,0.0,282.0,1.0,1.0,0.0,0.06,0.0,255.0,4.0,0.02,0.07,0.0,1.0,1.0,0.0,1.0,124258.0
14.0,9.0,1032.0,0.0,0.0,0.0,143.0,0.0,0.0,1.0,0.0,0.0,255.0,226.0,0.89,0.02,0.0,0.0,0.0,0.0,1.0,77634.0
62.0,1.0,0.0,0.0,0.0,0.0,209.0,0.0,0.0,0.02,0.07,0.0,255.0,5.0,0.02,0.08,0.0,0.0,0.0,1.0,1.0,122312.0
19.0,5.0,0.0,0.0,0.0,0.0,279.0,1.0,1.0,0.07,0.06,0.0,255.0,20.0,0.08,0.06,0.0,1.0,1.0,0.0,1.0,41224.0
42.0,5.0,0.0,0.0,0.0,0.0,279.0,1.0,1.0,0.06,0.06,0.0,255.0,18.0,0.07,0.08,0.0,1.0,1.0,0.0,1.0,121888.0
35.0,5.0,0.0,0.0,0.0,0.0,243.0,1.0,1.0,0.08,0.05,0.0,255.0,20.0,0.08,0.07,0.0,1.0,1.0,0.0,1.0,90981.0
45.0,5.0,0.0,0.0,0.0,0.0,53.0,1.0,1.0,0.04,0.09,0.0,255.0,13.0,0.05,0.08,0.0,1.0,1.0,0.0,1.0,1928.0
45.0,5.0,0.0,0.0,0.0,0.0,196.0,1.0,1.0,0.1,0.06,0.0,255.0,3.0,0.01,0.06,0.0,1.0,1.0,0.0,1.0,120468.0
45.0,4.0,0.0,0.0,0.0,0.0,114.0,0.0,0.0,0.02,0.56,0.0,255.0,2.0,0.01,0.25,0.0,0.0,0.0,1.0,1.0,56222.0
55.0,5.0,0.0,0.0,0.0,0.0,27.0,1.0,1.0,0.59,0.07,0.0,227.0,57.0,0.25,0.02,0.04,1.0,0.98,0.0,1.0,95110.0
14.0,9.0,1032.0,0.0,0.0,0.0,67.0,0.0,0.0,1.0,0.0,0.0,179.0,85.0,0.47,0.04,0.0,0.01,0.0,0.0,1.0,42314.0
41.0,1.0,0.0,0.0,0.0,0.0,511.0,0.12,0.0,0.0,1.0,0.0,255.0,1.0,0.0,1.0,0.0,0.13,0.0,1.0,1.0,78587.0
45.0,5.0,0.0,0.0,0.0,0.0,204.0,1.0,1.0,0.01,0.06,0.0,255.0,5.0,0.02,0.08,0.0,1.0,1.0,0.0,1.0,21755.0
45.0,1.0,0.0,0.0,0.0,0.0,132.0,0.0,0.0,0.02,0.09,0.0,255.0,2.0,0.01,0.08,0.0,0.0,0.0,1.0,1.0,92388.0
17.0,5.0,0.0,0.0,0.0,0.0,17.0,1.0,1.0,0.24,0.24,0.0,99.0,27.0,0.24,0.04,0.07,0.98,0.89,0.0,1.0,122997.0
38.0,5.0,0.0,0.0,0.0,0.0,123.0,1.0,1.0,0.01,0.07,0.0,255.0,1.0,0.0,0.07,0.0,1.0,1.0,0.0,1.0,92315.0
45.0,5.0,0.0,0.0,0.0,0.0,297.0,1.0,1.0,0.03,0.05,0.0,255.0,2.0,0.01,0.07,0.0,1.0,1.0,0.0,1.0,47042.0
45.0,9.0,28.0,0.0,3.0,0.0,32.0,0.0,0.0,0.97,0.06,0.0,255.0,31.0,0.12,0.02,0.0,0.0,0.0,0.0,1.0,124613.0
45.0,1.0,0.0,0.0,0.0,0.0,103.0,0.0,0.0,0.02,0.07,0.0,28.0,2.0,0.07,0.14,0.0,0.0,0.0,1.0,1.0,20326.0
19.0,9.0,334.0,0.0,0.0,1.0,2.0,0.0,0.0,1.0,0.0,0.0,4.0,18.0,1.0,0.0,0.17,0.0,0.0,0.0,1.0,62476.0
45.0,5.0,0.0,0.0,0.0,0.0,299.0,1.0,1.0,0.04,0.06,0.0,255.0,5.0,0.02,0.07,0.0,1.0,1.0,0.0,1.0,28051.0
38.0,5.0,0.0,0.0,0.0,0.0,106.0,1.0,1.0,0.03,0.07,0.0,255.0,3.0,0.01,0.05,0.0,1.0,1.0,0.0,1.0,94927.0
45.0,5.0,0.0,0.0,0.0,0.0,131.0,1.0,1.0,0.15,0.07,0.0,255.0,30.0,0.12,0.05,0.0,1.0,1.0,0.0,1.0,11797.0
55.0,5.0,0.0,0.0,0.0,0.0,10.0,1.0,1.0,1.0,0.0,0.0,12.0,12.0,1.0,0.0,0.0,0.83,0.83,0.0,1.0,124486.0
7.0,5.0,0.0,0.0,0.0,0.0,126.0,1.0,1.0,0.13,0.06,0.0,255.0,16.0,0.06,0.06,0.0,1.0,1.0,0.0,1.0,117241.0
45.0,5.0,0.0,0.0,0.0,0.0,126.0,0.99,1.0,0.02,0.08,0.0,255.0,2.0,0.01,0.07,0.0,1.0,1.0,0.0,1.0,61129.0
14.0,9.0,1032.0,0.0,0.0,0.0,511.0,0.0,0.0,1.0,0.0,0.0,255.0,56.0,0.22,0.15,0.0,0.0,0.0,0.0,1.0,74822.0
14.0,9.0,1032.0,0.0,0.0,0.0,164.0,0.0,0.0,1.0,0.0,0.0,255.0,164.0,0.64,0.01,0.0,0.0,0.0,0.0,1.0,35900.0
45.0,5.0,0.0,0.0,0.0,0.0,214.0,1.0,1.0,0.03,0.05,0.0,172.0,6.0,0.03,0.07,0.0,0.99,1.0,0.0,1.0,68645.0
45.0,5.0,0.0,0.0,0.0,0.0,291.0,1.0,1.0,0.08,0.04,0.0,255.0,24.0,0.09,0.05,0.0,1.0,1.0,0.0,1.0,99439.0
31.0,5.0,0.0,0.0,0.0,0.0,74.0,1.0,1.0,0.04,0.08,0.0,255.0,3.0,0.01,0.06,0.0,1.0,1.0,0.0,1.0,109916.0
2.0,5.0,0.0,0.0,0.0,0.0,294.0,1.0,1.0,0.06,0.05,0.0,255.0,9.0,0.04,0.08,0.0,1.0,1.0,0.0,1.0,75666.0
45.0,1.0,0.0,0.0,0.0,0.0,117.0,0.0,0.0,0.17,0.05,0.0,255.0,20.0,0.08,0.06,0.0,0.0,0.0,1.0,1.0,79372.0
13.0,9.0,8.0,0.0,0.0,0.0,1.0,0.0,0.0,1.0,0.0,1.0,2.0,4.0,1.0,0.0,0.5,0.0,0.0,0.0,1.0,48686.0
17.0,5.0,0.0,0.0,0.0,0.0,30.0,1.0,1.0,0.27,0.13,0.0,255.0,63.0,0.25,0.02,0.0,1.0,1.0,0.0,1.0,28837.0
33.0,5.0,0.0,0.0,0.0,0.0,277.0,1.0,1.0,0.03,0.06,0.0,255.0,9.0,0.04,0.08,0.0,1.0,1.0,0.0,1.0,62013.0
45.0,5.0,0.0,0.0,0.0,0.0,230.0,1.0,1.0,0.04,0.05,0.0,171.0,9.0,0.05,0.07,0.0,0.92,1.0,0.0,1.0,100873.0
45.0,5.0,0.0,0.0,0.0,0.0,252.0,1.0,1.0,0.0,0.06,0.0,255.0,1.0,0.0,0.05,0.0,1.0,1.0,0.0,1.0,31901.0
41.0,9.0,1.0,0.0,0.0,0.0,41.0,0.0,0.0,0.05,0.2,0.0,255.0,2.0,0.01,0.1,0.0,0.0,0.0,0.0,1.0,120824.0
45.0,5.0,0.0,0.0,0.0,0.0,132.0,1.0,1.0,0.11,0.07,0.0,255.0,8.0,0.03,0.07,0.0,1.0,1.0,0.0,1.0,72240.0
54.0,5.0,0.0,0.0,0.0,0.0,258.0,1.0,1.0,0.09,0.05,0.0,255.0,24.0,0.09,0.05,0.0,1.0,1.0,0.0,1.0,84560.0
16.0,5.0,0.0,0.0,0.0,0.0,120.0,1.0,1.0,0.21,0.04,0.0,255.0,25.0,0.1,0.04,0.0,1.0,1.0,0.0,1.0,59096.0
57.0,5.0,0.0,0.0,0.0,0.0,263.0,1.0,1.0,0.06,0.05,0.0,255.0,15.0,0.06,0.05,0.0,1.0,1.0,0.0,1.0,103890.0
17.0,5.0,0.0,0.0,0.0,0.0,14.0,1.0,1.0,0.21,0.29,0.0,255.0,63.0,0.25,0.02,0.0,1.0,1.0,0.0,1.0,123084.0
45.0,5.0,0.0,0.0,0.0,0.0,134.0,1.0,1.0,0.02,0.06,0.0,255.0,1.0,0.0,0.08,0.0,1.0,1.0,0.0,1.0,43798.0
45.0,5.0,0.0,0.0,0.0,0.0,239.0,1.0,1.0,0.06,0.06,0.0,255.0,15.0,0.06,0.07,0.0,1.0,1.0,0.0,1.0,6339.0
22.0,5.0,0.0,0.0,0.0,0.0,144.0,1.0,1.0,0.1,0.06,0.0,255.0,15.0,0.06,0.06,0.0,1.0,1.0,0.0,1.0,51774.0
9.0,5.0,0.0,0.0,0.0,0.0,276.0,1.0,1.0,0.01,0.06,0.0,255.0,2.0,0.01,0.08,0.0,1.0,1.0,0.0,1.0,16253.0
13.0,9.0,8.0,0.0,0.0,0.0,1.0,0.0,0.0,1.0,0.0,1.0,1.0,86.0,1.0,0.0,0.51,0.0,0.0,0.0,1.0,91290.0
61.0,5.0,0.0,0.0,0.0,0.0,206.0,1.0,1.0,0.05,0.06,0.0,255.0,20.0,0.08,0.07,0.0,1.0,1.0,0.0,1.0,106439.0
5.0,5.0,0.0,0.0,0.0,0.0,109.0,1.0,1.0,0.06,0.07,0.0,255.0,7.0,0.03,0.08,0.0,1.0,1.0,0.0,1.0,16490.0
13.0,9.0,8.0,0.0,0.0,0.0,1.0,0.0,0.0,1.0,0.0,1.0,2.0,13.0,1.0,0.0,0.54,0.0,0.0,0.0,1.0,16391.0
45.0,5.0,0.0,0.0,0.0,0.0,102.0,1.0,1.0,0.13,0.06,0.0,3.0,2.0,0.67,0.67,0.0,1.0,1.0,0.0,1.0,113898.0
45.0,5.0,0.0,0.0,0.0,0.0,122.0,1.0,1.0,0.07,0.07,0.0,255.0,10.0,0.04,0.06,0.0,1.0,1.0,0.0,1.0,72280.0
45.0,4.0,0.0,0.0,0.0,0.0,1.0,0.0,0.0,1.0,0.0,0.0,189.0,1.0,0.01,0.48,0.0,0.0,0.0,1.0,1.0,68762.0
14.0,9.0,1032.0,0.0,0.0,0.0,510.0,0.0,0.0,1.0,0.0,0.0,255.0,242.0,0.95,0.01,0.0,0.0,0.0,0.0,1.0,18895.0
8.0,5.0,0.0,0.0,0.0,0.0,269.0,1.0,1.0,0.02,0.06,0.0,255.0,6.0,0.02,0.08,0.0,1.0,1.0,0.0,1.0,89761.0
45.0,4.0,0.0,0.0,0.0,0.0,1.0,0.0,0.0,1.0,0.0,0.0,255.0,1.0,0.0,0.82,0.0,0.0,0.0,1.0,1.0,44704.0
45.0,9.0,28.0,0.0,3.0,0.0,22.0,0.0,0.0,1.0,0.0,0.0,94.0,22.0,0.23,0.04,0.0,0.0,0.0,0.0,1.0,68488.0
13.0,9.0,8.0,0.0,0.0,0.0,1.0,0.0,0.0,1.0,0.0,1.0,1.0,39.0,1.0,0.0,0.51,0.0,0.0,0.0,1.0,91161.0
27.0,5.0,0.0,0.0,0.0,0.0,95.0,1.0,1.0,0.11,0.06,0.0,255.0,10.0,0.04,0.06,0.0,1.0,1.0,0.0,1.0,9949.0
5.0,5.0,0.0,0.0,0.0,0.0,127.0,1.0,1.0,0.05,0.05,0.0,255.0,6.0,0.02,0.05,0.0,1.0,1.0,0.0,1.0,58255.0
9.0,5.0,0.0,0.0,0.0,0.0,235.0,1.0,1.0,0.02,0.07,0.0,255.0,7.0,0.03,0.07,0.0,1.0,1.0,0.0,1.0,101881.0
45.0,5.0,0.0,0.0,0.0,0.0,205.0,1.0,1.0,0.03,0.07,0.0,255.0,6.0,0.02,0.07,0.0,1.0,1.0,0.0,1.0,122178.0
45.0,1.0,0.0,0.0,0.0,0.0,185.0,0.02,0.0,0.01,1.0,0.0,255.0,1.0,0.0,0.75,0.0,0.01,0.0,1.0,1.0,35514.0
45.0,5.0,0.0,0.0,0.0,0.0,45.0,1.0,1.0,0.44,0.09,0.0,255.0,20.0,0.08,0.07,0.0,1.0,1.0,0.0,1.0,69928.0
16.0,2.0,0.0,0.0,0.0,0.0,116.0,0.0,0.0,0.02,0.07,0.0,255.0,2.0,0.01,0.06,0.0,0.0,0.0,1.0,1.0,76381.0
45.0,9.0,28.0,0.0,3.0,0.0,88.0,0.01,0.0,0.98,0.03,0.0,255.0,86.0,0.34,0.02,0.0,0.0,0.0,0.0,1.0,6500.0
31.0,5.0,0.0,0.0,0.0,0.0,102.0,1.0,1.0,0.2,0.06,0.0,255.0,19.0,0.07,0.06,0.0,1.0,1.0,0.0,1.0,116416.0
2.0,5.0,0.0,0.0,0.0,0.0,264.0,1.0,1.0,0.05,0.06,0.0,255.0,13.0,0.05,0.07,0.0,1.0,1.0,0.0,1.0,57557.0
26.0,5.0,0.0,0.0,0.0,0.0,272.0,1.0,1.0,0.06,0.06,0.0,255.0,17.0,0.07,0.07,0.0,1.0,1.0,0.0,1.0,28509.0
21.0,5.0,0.0,0.0,0.0,0.0,268.0,1.0,1.0,0.01,0.06,0.0,255.0,2.0,0.01,0.07,0.0,1.0,1.0,0.0,1.0,109458.0
45.0,4.0,0.0,0.0,0.0,0.0,1.0,0.0,0.0,1.0,0.0,0.0,167.0,1.0,0.01,0.71,0.0,0.04,0.0,1.0,1.0,91113.0
62.0,5.0,0.0,0.0,0.0,0.0,220.0,1.0,1.0,0.06,0.06,0.0,255.0,13.0,0.05,0.07,0.0,1.0,1.0,0.0,1.0,104566.0
32.0,5.0,0.0,0.0,0.0,0.0,290.0,1.0,1.0,0.02,0.04,0.0,255.0,6.0,0.02,0.05,0.0,1.0,1.0,0.0,1.0,54246.0
7.0,5.0,0.0,0.0,0.0,0.0,197.0,1.0,1.0,0.03,0.08,0.0,255.0,5.0,0.02,0.08,0.0,1.0,1.0,0.0,1.0,111165.0
45.0,5.0,0.0,0.0,0.0,0.0,62.0,1.0,1.0,0.29,0.05,0.0,255.0,18.0,0.07,0.04,0.0,1.0,1.0,0.0,1.0,5824.0
17.0,5.0,0.0,0.0,0.0,0.0,54.0,1.0,1.0,0.37,0.07,0.0,255.0,80.0,0.31,0.02,0.0,1.0,1.0,0.0,1.0,73431.0
39.0,9.0,6.0,0.0,0.0,1.0,3.0,0.0,0.0,0.33,1.0,0.0,255.0,1.0,0.0,0.33,0.0,0.0,0.0,0.0,1.0,36396.0
45.0,1.0,0.0,0.0,0.0,0.0,149.0,0.0,0.0,0.13,0.06,0.0,255.0,20.0,0.08,0.05,0.0,0.0,0.0,1.0,1.0,38037.0
63.0,5.0,0.0,0.0,0.0,0.0,249.0,1.0,1.0,0.04,0.06,0.0,255.0,9.0,0.04,0.07,0.0,1.0,1.0,0.0,1.0,73604.0
45.0,5.0,0.0,0.0,0.0,0.0,243.0,1.0,1.0,0.01,0.06,0.0,255.0,8.0,0.03,0.09,0.0,1.0,1.0,0.0,1.0,50985.0
52.0,5.0,0.0,0.0,0.0,0.0,300.0,1.0,1.0,0.08,0.05,0.0,255.0,25.0,0.1,0.05,0.0,1.0,1.0,0.0,1.0,84352.0
19.0,9.0,334.0,0.0,0.0,1.0,1.0,0.0,0.0,1.0,0.0,0.0,1.0,19.0,1.0,0.0,0.26,0.0,0.0,0.0,1.0,65810.0
39.0,4.0,0.0,0.0,0.0,0.0,1.0,0.0,0.0,1.0,0.0,0.0,255.0,1.0,0.0,0.47,0.0,0.0,0.0,1.0,1.0,124758.0
19.0,5.0,0.0,0.0,0.0,0.0,60.0,1.0,1.0,0.2,0.07,0.0,255.0,53.0,0.21,0.04,0.0,1.0,1.0,0.0,1.0,47004.0
45.0,5.0,0.0,0.0,0.0,0.0,232.0,1.0,1.0,0.03,0.07,0.0,255.0,8.0,0.03,0.08,0.0,1.0,1.0,0.0,1.0,52019.0
45.0,9.0,28.0,0.0,3.0,0.0,52.0,0.0,0.0,1.0,0.0,0.0,255.0,152.0,0.6,0.41,0.0,0.09,0.0,0.0,1.0,6400.0
45.0,9.0,28.0,0.0,3.0,0.0,27.0,0.0,0.0,1.0,0.0,0.0,255.0,27.0,0.11,0.01,0.0,0.0,0.0,0.0,1.0,64923.0
38.0,5.0,0.0,0.0,0.0,0.0,149.0,1.0,1.0,0.13,0.06,0.0,255.0,20.0,0.08,0.05,0.0,1.0,1.0,0.0,1.0,119153.0
45.0,5.0,0.0,0.0,0.0,0.0,122.0,1.0,1.0,0.11,0.07,0.0,66.0,13.0,0.2,0.12,0.0,1.0,1.0,0.0,1.0,119999.0
45.0,1.0,0.0,0.0,0.0,0.0,104.0,0.0,0.0,0.04,0.08,0.0,255.0,4.0,0.02,0.06,0.0,0.0,0.0,1.0,1.0,67613.0
45.0,5.0,0.0,0.0,0.0,0.0,240.0,1.0,1.0,0.04,0.07,0.0,255.0,9.0,0.04,0.07,0.0,1.0,1.0,0.0,1.0,11543.0
54.0,5.0,0.0,0.0,0.0,0.0,126.0,1.0,1.0,0.02,0.07,0.0,255.0,3.0,0.01,0.08,0.0,1.0,1.0,0.0,1.0,124527.0
45.0,5.0,0.0,0.0,0.0,0.0,97.0,1.0,1.0,0.18,0.05,0.0,255.0,17.0,0.07,0.05,0.0,1.0,1.0,0.0,1.0,62908.0
26.0,5.0,0.0,0.0,0.0,0.0,292.0,1.0,1.0,0.03,0.05,0.0,255.0,9.0,0.04,0.07,0.0,1.0,1.0,0.0,1.0,60317.0
45.0,5.0,0.0,0.0,0.0,0.0,228.0,1.0,1.0,0.05,0.07,0.0,255.0,5.0,0.02,0.09,0.0,1.0,1.0,0.0,1.0,65136.0
45.0,9.0,1.0,0.0,0.0,0.0,8.0,0.0,0.0,1.0,0.0,0.0,255.0,8.0,0.03,0.53,0.0,0.04,0.0,0.0,1.0,62293.0
41.0,1.0,0.0,0.0,0.0,0.0,511.0,0.21,0.0,0.0,1.0,0.0,255.0,1.0,0.0,1.0,0.0,0.21,0.0,1.0,1.0,59299.0
20.0,1.0,0.0,0.0,0.0,0.0,211.0,0.0,0.0,0.02,0.07,0.0,255.0,4.0,0.02,0.08,0.0,0.0,0.0,1.0,1.0,71123.0
33.0,5.0,0.0,0.0,0.0,0.0,233.0,1.0,1.0,0.03,0.06,0.0,255.0,8.0,0.03,0.07,0.0,1.0,1.0,0.0,1.0,47432.0
55.0,2.0,0.0,0.0,0.0,0.0,224.0,0.0,0.0,0.05,0.07,0.0,255.0,12.0,0.05,0.09,0.0,0.0,0.0,1.0,1.0,6720.0
45.0,5.0,0.0,0.0,0.0,0.0,110.0,1.0,1.0,0.04,0.07,0.0,108.0,4.0,0.04,0.09,0.0,1.0,1.0,0.0,1.0,51165.0
63.0,5.0,0.0,0.0,0.0,0.0,267.0,1.0,1.0,0.09,0.05,0.0,255.0,23.0,0.09,0.05,0.0,1.0,1.0,0.0,1.0,76504.0
55.0,5.0,0.0,0.0,0.0,0.0,64.0,0.98,1.0,0.23,0.08,0.0,255.0,35.0,0.14,0.05,0.0,1.0,1.0,0.0,1.0,102262.0
55.0,5.0,0.0,0.0,0.0,0.0,229.0,1.0,1.0,0.06,0.07,0.0,255.0,19.0,0.07,0.07,0.0,1.0,1.0,0.0,1.0,90744.0
45.0,9.0,1.0,0.0,0.0,0.0,125.0,0.0,0.0,0.84,0.03,0.0,255.0,155.0,0.61,0.05,0.0,0.0,0.0,0.0,1.0,84437.0
45.0,5.0,0.0,0.0,0.0,0.0,177.0,1.0,1.0,0.05,0.07,0.0,255.0,8.0,0.03,0.08,0.0,1.0,1.0,0.0,1.0,55834.0
45.0,5.0,0.0,0.0,0.0,0.0,31.0,1.0,1.0,0.45,0.13,0.0,255.0,14.0,0.05,0.07,0.0,1.0,1.0,0.0,1.0,104373.0
17.0,5.0,0.0,0.0,0.0,0.0,249.0,1.0,1.0,0.05,0.06,0.0,255.0,12.0,0.05,0.06,0.0,1.0,1.0,0.0,1.0,101998.0
45.0,5.0,0.0,0.0,0.0,0.0,133.0,1.0,1.0,0.03,0.06,0.0,136.0,4.0,0.03,0.07,0.0,1.0,1.0,0.0,1.0,101253.0
28.0,1.0,0.0,0.0,0.0,0.0,144.0,0.0,0.0,0.14,0.06,0.0,255.0,20.0,0.08,0.05,0.0,0.0,0.0,1.0,1.0,27162.0
45.0,5.0,0.0,0.0,0.0,0.0,143.0,1.0,1.0,0.13,0.06,0.0,255.0,4.0,0.02,0.06,0.0,1.0,1.0,0.0,1.0,384.0
19.0,9.0,334.0,0.0,0.0,1.0,2.0,0.0,0.0,1.0,0.0,0.0,9.0,36.0,1.0,0.0,0.08,0.0,0.0,0.0,1.0,11550.0
45.0,5.0,0.0,0.0,0.0,0.0,120.0,1.0,1.0,0.06,0.06,0.0,255.0,3.0,0.01,0.06,0.0,1.0,1.0,0.0,1.0,54346.0
63.0,5.0,0.0,0.0,0.0,0.0,231.0,1.0,1.0,0.0,0.07,0.0,255.0,1.0,0.0,0.08,0.0,1.0,1.0,0.0,1.0,101103.0
45.0,5.0,0.0,0.0,0.0,0.0,98.0,1.0,1.0,0.14,0.06,0.0,255.0,3.0,0.01,0.07,0.0,1.0,1.0,0.0,1.0,88118.0
60.0,5.0,0.0,0.0,0.0,0.0,139.0,1.0,1.0,0.09,0.06,0.0,255.0,7.0,0.03,0.07,0.0,1.0,1.0,0.0,1.0,10572.0
19.0,5.0,0.0,0.0,0.0,0.0,258.0,1.0,1.0,0.01,0.07,0.0,255.0,3.0,0.01,0.07,0.0,1.0,1.0,0.0,1.0,50141.0
16.0,5.0,0.0,0.0,0.0,0.0,130.0,1.0,1.0,0.02,0.07,0.0,255.0,2.0,0.01,0.07,0.0,1.0,1.0,0.0,1.0,117551.0
13.0,9.0,8.0,0.0,0.0,0.0,1.0,0.0,0.0,1.0,0.0,1.0,1.0,129.0,1.0,0.0,0.51,0.0,0.0,0.0,1.0,27329.0
34.0,5.0,0.0,0.0,0.0,0.0,130.0,1.0,1.0,0.02,0.05,0.0,255.0,3.0,0.01,0.05,0.0,1.0,1.0,0.0,1.0,117961.0
45.0,5.0,0.0,0.0,0.0,0.0,122.0,1.0,1.0,0.07,0.06,0.0,255.0,14.0,0.05,0.06,0.0,1.0,1.0,0.0,1.0,42070.0
38.0,1.0,0.0,0.0,0.0,0.0,118.0,0.0,0.0,0.07,0.07,0.0,255.0,8.0,0.03,0.07,0.0,0.0,0.0,1.0,1.0,20929.0
13.0,9.0,8.0,0.0,0.0,0.0,1.0,0.0,0.0,1.0,0.0,1.0,2.0,146.0,1.0,0.0,0.5,0.0,0.0,0.0,1.0,56570.0
62.0,5.0,0.0,0.0,0.0,0.0,236.0,1.0,1.0,0.07,0.06,0.0,255.0,5.0,0.02,0.07,0.0,1.0,1.0,0.0,1.0,123912.0
45.0,10.0,0.0,0.0,0.0,0.0,1.0,1.0,1.0,1.0,0.0,0.0,152.0,1.0,0.01,0.93,0.0,0.95,1.0,0.0,1.0,66760.0
9.0,2.0,0.0,0.0,0.0,0.0,266.0,0.0,0.0,0.03,0.06,0.0,255.0,9.0,0.04,0.07,0.0,0.0,0.0,1.0,1.0,26279.0
36.0,5.0,0.0,0.0,0.0,0.0,275.0,1.0,1.0,0.09,0.05,0.0,255.0,25.0,0.1,0.05,0.0,1.0,1.0,0.0,1.0,82465.0
45.0,5.0,0.0,0.0,0.0,0.0,41.0,1.0,1.0,0.1,0.12,0.0,255.0,16.0,0.06,0.08,0.0,1.0,1.0,0.0,1.0,79290.0
45.0,1.0,0.0,0.0,0.0,0.0,123.0,0.0,0.0,0.02,0.07,0.0,255.0,3.0,0.01,0.05,0.0,0.0,0.0,1.0,1.0,124284.0
13.0,9.0,8.0,0.0,0.0,0.0,1.0,0.0,0.0,1.0,0.0,1.0,1.0,117.0,1.0,0.0,0.5,0.0,0.0,0.0,1.0,96560.0
63.0,5.0,0.0,0.0,0.0,0.0,141.0,1.0,1.0,0.09,0.06,0.0,255.0,10.0,0.04,0.06,0.0,1.0,1.0,0.0,1.0,52612.0
45.0,5.0,0.0,0.0,0.0,0.0,251.0,1.0,1.0,0.01,0.05,0.0,255.0,2.0,0.01,0.05,0.0,1.0,1.0,0.0,1.0,101278.0
6.0,5.0,0.0,0.0,0.0,0.0,253.0,1.0,1.0,0.0,0.06,0.0,255.0,2.0,0.01,0.06,0.0,1.0,1.0,0.0,1.0,8520.0
8.0,5.0,0.0,0.0,0.0,0.0,293.0,1.0,1.0,0.03,0.05,0.0,255.0,8.0,0.03,0.08,0.0,1.0,1.0,0.0,1.0,18526.0
30.0,5.0,0.0,0.0,0.0,0.0,265.0,1.0,1.0,0.02,0.06,0.0,255.0,4.0,0.02,0.07,0.0,1.0,1.0,0.0,1.0,19301.0
45.0,5.0,0.0,0.0,0.0,0.0,74.0,1.0,1.0,0.07,0.07,0.0,255.0,16.0,0.06,0.06,0.0,1.0,1.0,0.0,1.0,75364.0
38.0,1.0,0.0,0.0,0.0,0.0,120.0,0.0,0.0,0.08,0.07,0.0,255.0,10.0,0.04,0.07,0.0,0.0,0.0,1.0,1.0,78055.0
6.0,5.0,0.0,0.0,0.0,0.0,206.0,1.0,1.0,0.07,0.06,0.0,255.0,15.0,0.06,0.08,0.0,1.0,1.0,0.0,1.0,59616.0
52.0,2.0,0.0,0.0,0.0,0.0,210.0,0.0,0.0,0.02,0.07,0.0,255.0,5.0,0.02,0.07,0.0,0.0,0.0,1.0,1.0,20557.0
45.0,5.0,0.0,0.0,0.0,0.0,115.0,1.0,1.0,0.13,0.06,0.0,255.0,35.0,0.14,0.06,0.0,1.0,1.0,0.0,1.0,63327.0
45.0,5.0,0.0,0.0,0.0,0.0,290.0,1.0,1.0,0.03,0.06,0.0,255.0,6.0,0.02,0.07,0.0,1.0,1.0,0.0,1.0,112389.0
45.0,1.0,0.0,0.0,0.0,0.0,129.0,0.0,0.0,0.07,0.07,0.0,255.0,9.0,0.04,0.07,0.0,0.0,0.0,1.0,1.0,58013.0
45.0,3.0,0.0,0.0,0.0,0.0,112.0,0.74,0.67,0.03,0.37,0.0,255.0,3.0,0.01,0.16,0.0,0.33,0.67,0.33,1.0,33968.0
12.0,5.0,0.0,0.0,0.0,0.0,262.0,1.0,1.0,0.05,0.06,0.0,255.0,13.0,0.05,0.08,0.0,1.0,1.0,0.0,1.0,99471.0
15.0,1.0,0.0,0.0,0.0,0.0,142.0,0.0,0.0,0.11,0.06,0.0,255.0,15.0,0.06,0.06,0.0,0.0,0.0,1.0,1.0,44994.0
45.0,5.0,0.0,0.0,0.0,0.0,186.0,1.0,1.0,0.1,0.06,0.0,255.0,19.0,0.07,0.06,0.0,1.0,1.0,0.0,1.0,33190.0
25.0,5.0,0.0,0.0,0.0,0.0,275.0,1.0,1.0,0.0,0.06,0.0,255.0,9.0,0.04,0.07,0.0,1.0,1.0,0.0,1.0,124869.0
20.0,5.0,0.0,0.0,0.0,0.0,206.0,1.0,1.0,0.07,0.07,0.0,255.0,16.0,0.06,0.06,0.0,1.0,1.0,0.0,1.0,86045.0
57.0,5.0,0.0,0.0,0.0,0.0,118.0,1.0,1.0,0.11,0.07,0.0,255.0,13.0,0.05,0.06,0.0,1.0,1.0,0.0,1.0,58431.0
45.0,4.0,0.0,0.0,0.0,0.0,1.0,0.0,0.0,1.0,0.0,0.0,103.0,1.0,0.01,0.54,0.0,0.06,0.0,1.0,1.0,6633.0
19.0,5.0,0.0,0.0,0.0,0.0,76.0,1.0,1.0,0.24,0.05,0.0,255.0,58.0,0.23,0.04,0.0,1.0,1.0,0.0,1.0,101076.0
45.0,5.0,0.0,0.0,0.0,0.0,129.0,1.0,1.0,0.09,0.06,0.0,44.0,9.0,0.2,0.16,0.0,1.0,1.0,0.0,1.0,28553.0
45.0,5.0,0.0,0.0,0.0,0.0,246.0,1.0,1.0,0.06,0.07,0.0,255.0,15.0,0.06,0.07,0.0,1.0,1.0,0.0,1.0,1618.0
34.0,5.0,0.0,0.0,0.0,0.0,258.0,1.0,1.0,0.02,0.07,0.0,255.0,6.0,0.02,0.07,0.0,1.0,1.0,0.0,1.0,125337.0
6.0,5.0,0.0,0.0,0.0,0.0,201.0,1.0,1.0,0.05,0.06,0.0,255.0,9.0,0.04,0.07,0.0,1.0,1.0,0.0,1.0,74757.0
45.0,5.0,0.0,0.0,0.0,0.0,42.0,1.0,1.0,0.31,0.12,0.0,255.0,13.0,0.05,0.09,0.0,1.0,1.0,0.0,1.0,102540.0
45.0,5.0,0.0,0.0,0.0,0.0,83.0,1.0,1.0,0.04,0.06,0.0,255.0,19.0,0.07,0.07,0.0,1.0,1.0,0.0,1.0,94882.0
43.0,5.0,0.0,0.0,0.0,0.0,248.0,1.0,1.0,0.06,0.06,0.0,255.0,15.0,0.06,0.05,0.0,1.0,1.0,0.0,1.0,64631.0
17.0,5.0,0.0,0.0,0.0,0.0,78.0,1.0,1.0,0.26,0.05,0.0,255.0,57.0,0.22,0.03,0.0,1.0,1.0,0.0,1.0,97688.0
3.0,5.0,0.0,0.0,0.0,0.0,147.0,1.0,1.0,0.12,0.05,0.0,255.0,8.0,0.03,0.07,0.0,1.0,1.0,0.0,1.0,69508.0
2.0,1.0,0.0,0.0,0.0,0.0,269.0,0.0,0.0,0.06,0.06,0.0,255.0,16.0,0.06,0.08,0.0,0.0,0.0,1.0,1.0,119682.0
52.0,5.0,0.0,0.0,0.0,0.0,227.0,1.0,1.0,0.05,0.06,0.0,255.0,12.0,0.05,0.07,0.0,1.0,1.0,0.0,1.0,76138.0
12.0,4.0,0.0,0.0,0.0,0.0,21.0,0.0,0.0,0.1,0.52,0.0,191.0,2.0,0.01,0.07,0.0,0.01,0.0,1.0,1.0,87891.0
17.0,5.0,0.0,0.0,0.0,0.0,26.0,1.0,1.0,0.38,0.15,0.0,255.0,70.0,0.27,0.02,0.0,1.0,1.0,0.0,1.0,46742.0
25.0,5.0,0.0,0.0,0.0,0.0,264.0,1.0,1.0,0.09,0.05,0.0,255.0,23.0,0.09,0.05,0.0,1.0,1.0,0.0,1.0,33224.0
22.0,5.0,0.0,0.0,0.0,0.0,246.0,1.0,0.71,0.07,0.07,0.08,255.0,17.0,0.07,0.06,0.0,1.0,1.0,0.0,1.0,121185.0
17.0,5.0,0.0,0.0,0.0,0.0,61.0,0.98,1.0,0.26,0.08,0.0,255.0,36.0,0.14,0.05,0.0,1.0,1.0,0.0,1.0,36894.0
39.0,5.0,0.0,0.0,0.0,0.0,121.0,1.0,1.0,0.17,0.04,0.0,255.0,21.0,0.08,0.04,0.0,1.0,1.0,0.0,1.0,121620.0
45.0,5.0,0.0,0.0,0.0,0.0,174.0,1.0,1.0,0.04,0.07,0.0,255.0,17.0,0.07,0.07,0.0,1.0,1.0,0.0,1.0,25572.0
22.0,5.0,0.0,0.0,0.0,0.0,283.0,1.0,1.0,0.07,0.06,0.0,255.0,19.0,0.07,0.07,0.0,1.0,1.0,0.0,1.0,120142.0
4.0,1.0,0.0,0.0,0.0,0.0,264.0,0.0,0.0,0.02,0.06,0.0,255.0,5.0,0.02,0.07,0.0,0.0,0.0,1.0,1.0,103339.0
45.0,1.0,0.0,0.0,0.0,0.0,511.0,0.08,0.0,0.0,1.0,0.0,255.0,1.0,0.0,1.0,0.0,0.09,0.0,1.0,1.0,101460.0
45.0,5.0,0.0,0.0,0.0,0.0,49.0,1.0,1.0,0.27,0.12,0.0,255.0,15.0,0.06,0.09,0.0,1.0,1.0,0.0,1.0,104188.0
45.0,5.0,0.0,0.0,0.0,0.0,171.0,1.0,1.0,0.04,0.07,0.0,255.0,7.0,0.03,0.06,0.0,1.0,1.0,0.0,1.0,43165.0
45.0,5.0,0.0,0.0,0.0,0.0,98.0,1.0,1.0,0.05,0.06,0.0,255.0,5.0,0.02,0.07,0.0,1.0,1.0,0.0,1.0,4338.0
57.0,5.0,0.0,0.0,0.0,0.0,203.0,1.0,1.0,0.05,0.06,0.0,255.0,11.0,0.04,0.06,0.0,1.0,1.0,0.0,1.0,95718.0
2.0,5.0,0.0,0.0,0.0,0.0,274.0,1.0,1.0,0.07,0.06,0.0,255.0,20.0,0.08,0.06,0.0,1.0,1.0,0.0,1.0,11101.0
53.0,1.0,0.0,0.0,0.0,0.0,140.0,0.0,0.0,0.07,0.06,0.0,255.0,5.0,0.02,0.06,0.0,0.0,0.0,1.0,1.0,70509.0
23.0,5.0,0.0,0.0,0.0,0.0,124.0,1.0,1.0,0.01,0.07,0.0,255.0,1.0,0.0,0.07,0.0,1.0,1.0,0.0,1.0,57937.0
45.0,4.0,1.0,0.0,0.0,0.0,2.0,0.0,0.0,1.0,0.0,0.0,255.0,2.0,0.01,0.73,0.0,0.0,0.0,1.0,1.0,62275.0
55.0,5.0,0.0,0.0,0.0,0.0,247.0,1.0,1.0,0.06,0.06,0.0,255.0,5.0,0.02,0.07,0.0,1.0,1.0,0.0,1.0,62536.0
15.0,5.0,0.0,0.0,0.0,0.0,125.0,1.0,1.0,0.15,0.06,0.0,255.0,19.0,0.07,0.06,0.0,1.0,1.0,0.0,1.0,44807.0
45.0,5.0,0.0,0.0,0.0,0.0,193.0,1.0,1.0,0.13,0.06,0.0,255.0,25.0,0.1,0.05,0.0,1.0,1.0,0.0,1.0,71246.0
3.0,1.0,0.0,0.0,0.0,0.0,126.0,0.0,0.0,0.05,0.07,0.0,255.0,6.0,0.02,0.07,0.0,0.0,0.0,1.0,1.0,52807.0
3.0,5.0,0.0,0.0,0.0,0.0,270.0,1.0,1.0,0.07,0.06,0.0,255.0,20.0,0.08,0.07,0.0,1.0,1.0,0.0,1.0,16213.0
6.0,5.0,0.0,0.0,0.0,0.0,121.0,1.0,1.0,0.12,0.07,0.0,255.0,14.0,0.05,0.07,0.0,1.0,1.0,0.0,1.0,90422.0
45.0,5.0,0.0,0.0,0.0,0.0,173.0,1.0,1.0,0.05,0.07,0.0,255.0,9.0,0.04,0.07,0.0,1.0,1.0,0.0,1.0,88095.0
13.0,9.0,8.0,0.0,0.0,0.0,1.0,0.0,0.0,1.0,0.0,1.0,1.0,93.0,1.0,0.0,0.51,0.0,0.0,0.0,1.0,77990.0
8.0,10.0,0.0,0.0,0.0,0.0,1.0,1.0,1.0,1.0,0.0,0.0,255.0,1.0,0.0,1.0,0.0,1.0,1.0,0.0,1.0,55018.0
17.0,5.0,0.0,0.0,0.0,0.0,18.0,1.0,1.0,0.06,0.22,0.0,255.0,52.0,0.2,0.04,0.0,1.0,1.0,0.0,1.0,110953.0
19.0,9.0,246.0,0.0,0.0,1.0,2.0,0.0,0.0,1.0,0.0,0.0,6.0,36.0,1.0,0.0,0.14,0.0,0.0,0.0,1.0,109026.0
32.0,5.0,0.0,0.0,0.0,0.0,223.0,1.0,1.0,0.1,0.05,0.0,255.0,23.0,0.09,0.05,0.0,1.0,1.0,0.0,1.0,20.0
60.0,5.0,0.0,0.0,0.0,0.0,122.0,1.0,1.0,0.14,0.06,0.0,255.0,17.0,0.07,0.06,0.0,1.0,1.0,0.0,1.0,118006.0
30.0,5.0,0.0,0.0,0.0,0.0,279.0,1.0,1.0,0.07,0.05,0.0,255.0,2.0,0.01,0.07,0.0,1.0,1.0,0.0,1.0,104771.0
50.0,5.0,0.0,0.0,0.0,0.0,121.0,1.0,1.0,0.17,0.05,0.0,255.0,21.0,0.08,0.05,0.0,1.0,1.0,0.0,1.0,20167.0
45.0,5.0,0.0,0.0,0.0,0.0,220.0,1.0,1.0,0.08,0.07,0.0,255.0,17.0,0.07,0.08,0.0,1.0,1.0,0.0,1.0,93928.0
32.0,5.0,0.0,0.0,0.0,0.0,236.0,1.0,1.0,0.04,0.06,0.0,255.0,7.0,0.03,0.09,0.0,1.0,1.0,0.0,1.0,91595.0
16.0,5.0,0.0,0.0,0.0,0.0,147.0,1.0,1.0,0.07,0.05,0.0,255.0,11.0,0.04,0.05,0.0,1.0,1.0,0.0,1.0,15103.0
53.0,5.0,0.0,0.0,0.0,0.0,233.0,1.0,1.0,0.06,0.06,0.0,255.0,14.0,0.05,0.07,0.0,1.0,1.0,0.0,1.0,24008.0
17.0,4.0,0.0,0.0,0.0,0.0,1.0,0.0,0.0,1.0,0.0,1.0,255.0,2.0,0.01,0.32,0.0,0.0,0.0,0.5,1.0,44605.0
45.0,9.0,28.0,0.0,3.0,0.0,55.0,0.0,0.0,1.0,0.0,0.0,255.0,55.0,0.22,0.01,0.0,0.0,0.0,0.0,1.0,17178.0
5.0,5.0,0.0,0.0,0.0,0.0,148.0,1.0,1.0,0.16,0.04,0.0,255.0,24.0,0.09,0.05,0.0,1.0,1.0,0.0,1.0,30428.0
45.0,5.0,0.0,0.0,0.0,0.0,210.0,1.0,1.0,0.01,0.06,0.0,255.0,19.0,0.07,0.07,0.0,1.0,1.0,0.0,1.0,109737.0
15.0,5.0,0.0,0.0,0.0,0.0,12.0,1.0,1.0,0.92,0.17,0.0,255.0,11.0,0.04,0.07,0.0,1.0,1.0,0.0,1.0,17521.0
14.0,9.0,1032.0,0.0,0.0,0.0,143.0,0.0,0.0,1.0,0.0,0.0,255.0,143.0,0.56,0.01,0.0,0.0,0.0,0.0,1.0,93893.0
60.0,5.0,0.0,0.0,0.0,0.0,102.0,1.0,1.0,0.16,0.07,0.0,255.0,16.0,0.06,0.07,0.0,1.0,1.0,0.0,1.0,79101.0
45.0,5.0,0.0,0.0,0.0,0.0,150.0,1.0,1.0,0.02,0.08,0.0,255.0,3.0,0.01,0.07,0.0,1.0,1.0,0.0,1.0,40727.0
45.0,4.0,1.0,0.0,0.0,0.0,2.0,0.0,0.0,1.0,0.0,0.0,255.0,2.0,0.01,0.73,0.0,0.0,0.0,1.0,1.0,27827.0
13.0,9.0,8.0,0.0,0.0,0.0,1.0,0.0,0.0,1.0,0.0,1.0,2.0,38.0,1.0,0.0,0.5,0.0,0.0,0.0,1.0,97953.0
45.0,5.0,0.0,0.0,0.0,0.0,167.0,1.0,1.0,0.12,0.07,0.0,255.0,8.0,0.03,0.08,0.0,1.0,1.0,0.0,1.0,16634.0
45.0,5.0,0.0,0.0,0.0,0.0,203.0,1.0,1.0,0.02,0.06,0.0,255.0,18.0,0.07,0.06,0.0,1.0,1.0,0.0,1.0,43315.0
45.0,1.0,0.0,0.0,0.0,0.0,272.0,0.0,0.0,0.07,0.06,0.0,255.0,20.0,0.08,0.09,0.0,0.0,0.0,1.0,1.0,92547.0
45.0,5.0,0.0,0.0,0.0,0.0,193.0,1.0,1.0,0.02,0.06,0.0,255.0,19.0,0.07,0.06,0.0,1.0,1.0,0.0,1.0,78211.0
45.0,9.0,28.0,0.0,3.0,0.0,43.0,0.0,0.0,1.0,0.0,0.0,255.0,43.0,0.17,0.01,0.0,0.0,0.0,0.0,1.0,8441.0
13.0,9.0,8.0,0.0,0.0,0.0,1.0,0.0,0.0,1.0,0.0,1.0,2.0,122.0,1.0,0.0,0.5,0.0,0.0,0.0,1.0,41305.0
45.0,1.0,0.0,0.0,0.0,0.0,19.0,0.0,0.0,0.53,0.11,0.0,255.0,30.0,0.12,0.06,0.0,0.0,0.0,1.0,1.0,69906.0
45.0,4.0,0.0,0.0,0.0,0.0,1.0,0.0,0.0,1.0,0.0,0.0,255.0,1.0,0.0,0.81,0.0,0.0,0.0,1.0,1.0,94368.0
63.0,5.0,0.0,0.0,0.0,0.0,254.0,1.0,1.0,0.08,0.06,0.0,255.0,20.0,0.08,0.07,0.0,1.0,1.0,0.0,1.0,39833.0
45.0,5.0,0.0,0.0,0.0,0.0,152.0,1.0,1.0,0.03,0.07,0.0,255.0,18.0,0.07,0.06,0.0,1.0,1.0,0.0,1.0,47775.0
14.0,9.0,1032.0,0.0,0.0,0.0,510.0,0.0,0.0,1.0,0.0,0.0,255.0,220.0,0.86,0.02,0.0,0.0,0.0,0.0,1.0,77020.0
45.0,5.0,0.0,0.0,0.0,0.0,237.0,1.0,1.0,0.07,0.08,0.0,255.0,17.0,0.07,0.08,0.0,1.0,1.0,0.0,1.0,31197.0
45.0,5.0,0.0,0.0,0.0,0.0,56.0,0.98,1.0,0.02,0.09,0.0,255.0,1.0,0.0,1.0,0.0,0.02,1.0,0.0,1.0,108618.0
45.0,5.0,0.0,0.0,0.0,0.0,233.0,1.0,1.0,0.04,0.07,0.0,255.0,9.0,0.04,0.08,0.0,1.0,1.0,0.0,1.0,41065.0
41.0,1.0,0.0,0.0,0.0,0.0,511.0,0.05,0.0,0.0,0.96,0.0,255.0,1.0,0.0,0.95,0.0,0.03,0.0,1.0,1.0,10628.0
45.0,9.0,28.0,0.0,3.0,0.0,80.0,0.01,0.0,0.98,0.04,0.0,255.0,78.0,0.31,0.02,0.0,0.0,0.0,0.0,1.0,69403.0
41.0,4.0,1.0,0.0,0.0,0.0,2.0,0.0,0.0,1.0,0.0,0.0,255.0,2.0,0.01,0.69,0.0,0.0,0.0,1.0,1.0,103745.0
31.0,5.0,0.0,0.0,0.0,0.0,130.0,1.0,1.0,0.08,0.06,0.0,255.0,2.0,0.01,0.07,0.0,1.0,1.0,0.0,1.0,57973.0
15.0,5.0,0.0,0.0,0.0,0.0,121.0,1.0,1.0,0.02,0.06,0.0,255.0,19.0,0.07,0.07,0.0,1.0,1.0,0.0,1.0,104886.0
55.0,2.0,0.0,0.0,0.0,0.0,124.0,0.0,0.0,0.06,0.06,0.0,255.0,2.0,0.01,0.07,0.0,0.0,0.0,1.0,1.0,122725.0
45.0,5.0,0.0,0.0,0.0,0.0,102.0,1.0,1.0,0.12,0.07,0.0,103.0,12.0,0.12,0.08,0.0,1.0,1.0,0.0,1.0,29646.0
45.0,1.0,0.0,0.0,0.0,0.0,199.0,0.0,0.0,0.04,0.06,0.0,255.0,8.0,0.03,0.08,0.0,0.0,0.0,1.0,1.0,61118.0
14.0,9.0,1032.0,0.0,0.0,0.0,79.0,0.0,0.0,1.0,0.0,0.0,255.0,255.0,1.0,0.0,0.0,0.0,0.0,0.0,1.0,97602.0
53.0,5.0,0.0,0.0,0.0,0.0,293.0,1.0,1.0,0.06,0.06,0.0,255.0,4.0,0.02,0.11,0.0,1.0,1.0,0.0,1.0,28680.0
45.0,1.0,0.0,0.0,0.0,0.0,240.0,0.04,0.0,0.0,1.0,0.0,255.0,1.0,0.0,0.96,0.0,0.04,0.0,1.0,1.0,73987.0
53.0,5.0,0.0,0.0,0.0,0.0,234.0,1.0,1.0,0.07,0.06,0.0,255.0,17.0,0.07,0.07,0.0,1.0,1.0,0.0,1.0,76335.0
22.0,5.0,0.0,0.0,0.0,0.0,38.0,1.0,1.0,0.29,0.11,0.0,200.0,51.0,0.25,0.02,0.0,0.99,1.0,0.0,1.0,78487.0
50.0,5.0,0.0,0.0,0.0,0.0,170.0,1.0,1.0,0.04,0.08,0.0,255.0,6.0,0.02,0.08,0.0,1.0,1.0,0.0,1.0,110585.0
45.0,1.0,0.0,0.0,0.0,0.0,478.0,0.06,0.0,0.0,1.0,0.0,255.0,1.0,0.0,1.0,0.0,0.08,0.0,1.0,1.0,52868.0
5.0,5.0,0.0,0.0,0.0,0.0,144.0,1.0,1.0,0.1,0.06,0.0,255.0,15.0,0.06,0.05,0.0,1.0,1.0,0.0,1.0,65814.0
45.0,5.0,0.0,0.0,0.0,0.0,175.0,1.0,1.0,0.1,0.06,0.0,255.0,3.0,0.01,0.08,0.0,1.0,1.0,0.0,1.0,82689.0
38.0,5.0,0.0,0.0,0.0,0.0,120.0,1.0,1.0,0.1,0.06,0.0,255.0,12.0,0.05,0.07,0.0,1.0,1.0,0.0,1.0,119356.0
13.0,9.0,8.0,0.0,0.0,0.0,1.0,0.0,0.0,1.0,0.0,1.0,2.0,255.0,1.0,0.0,0.5,0.0,0.0,0.0,1.0,12954.0
13.0,9.0,8.0,0.0,0.0,0.0,1.0,0.0,0.0,1.0,0.0,1.0,1.0,121.0,1.0,0.0,0.5,0.0,0.0,0.0,1.0,36347.0
45.0,5.0,0.0,0.0,0.0,0.0,109.0,1.0,1.0,0.07,0.07,0.0,255.0,8.0,0.03,0.08,0.0,1.0,1.0,0.0,1.0,29085.0
55.0,5.0,0.0,0.0,0.0,0.0,291.0,1.0,1.0,0.03,0.05,0.0,255.0,12.0,0.05,0.07,0.0,1.0,1.0,0.0,1.0,86210.0
45.0,5.0,0.0,0.0,0.0,0.0,119.0,1.0,1.0,0.04,0.07,0.0,255.0,8.0,0.03,0.07,0.0,1.0,1.0,0.0,1.0,61387.0
29.0,5.0,0.0,0.0,0.0,0.0,253.0,1.0,1.0,0.09,0.05,0.0,255.0,22.0,0.09,0.05,0.0,1.0,1.0,0.0,1.0,3356.0
45.0,5.0,0.0,0.0,0.0,0.0,34.0,1.0,1.0,0.21,0.18,0.0,255.0,7.0,0.03,0.09,0.0,1.0,1.0,0.0,1.0,30931.0
13.0,9.0,8.0,0.0,0.0,0.0,1.0,0.0,0.0,1.0,0.0,1.0,1.0,28.0,1.0,0.0,0.54,0.0,0.0,0.0,1.0,551.0
45.0,5.0,0.0,0.0,0.0,0.0,266.0,1.0,1.0,0.03,0.06,0.0,255.0,8.0,0.03,0.06,0.0,1.0,1.0,0.0,1.0,81547.0
33.0,5.0,0.0,0.0,0.0,0.0,293.0,1.0,1.0,0.08,0.05,0.0,255.0,23.0,0.09,0.05,0.0,1.0,1.0,0.0,1.0,27227.0
53.0,5.0,0.0,0.0,0.0,0.0,204.0,1.0,1.0,0.07,0.06,0.0,255.0,13.0,0.05,0.07,0.0,1.0,1.0,0.0,1.0,8345.0
18.0,5.0,0.0,0.0,0.0,0.0,282.0,1.0,1.0,0.04,0.06,0.0,255.0,11.0,0.04,0.08,0.0,1.0,1.0,0.0,1.0,12614.0
45.0,1.0,0.0,0.0,0.0,0.0,104.0,0.0,0.0,0.02,0.08,0.0,79.0,2.0,0.03,0.1,0.0,0.0,0.0,1.0,1.0,14192.0
13.0,9.0,8.0,0.0,0.0,0.0,1.0,0.0,0.0,1.0,0.0,1.0,2.0,64.0,1.0,0.0,0.5,0.0,0.0,0.0,1.0,114197.0
25.0,1.0,0.0,0.0,0.0,0.0,221.0,0.0,0.0,0.03,0.06,0.0,255.0,6.0,0.02,0.07,0.0,0.0,0.0,1.0,1.0,14170.0
45.0,9.0,1.0,0.0,0.0,0.0,9.0,0.0,0.0,0.11,0.78,0.0,255.0,1.0,0.0,0.29,0.0,0.0,0.0,0.0,1.0,98285.0
53.0,5.0,0.0,0.0,0.0,0.0,150.0,1.0,1.0,0.02,0.07,0.0,255.0,3.0,0.01,0.06,0.0,1.0,1.0,0.0,1.0,118821.0
37.0,5.0,0.0,0.0,0.0,0.0,140.0,1.0,1.0,0.14,0.05,0.0,255.0,18.0,0.07,0.06,0.0,1.0,1.0,0.0,1.0,98450.0
45.0,5.0,0.0,0.0,0.0,0.0,118.0,1.0,1.0,0.01,0.08,0.0,255.0,3.0,0.01,0.06,0.0,1.0,1.0,0.0,1.0,40848.0
45.0,1.0,0.0,0.0,0.0,0.0,95.0,0.07,0.0,0.01,1.0,0.0,255.0,1.0,0.0,0.64,0.0,0.03,0.0,1.0,1.0,60340.0
45.0,5.0,0.0,0.0,0.0,0.0,181.0,1.0,1.0,0.07,0.07,0.0,255.0,12.0,0.05,0.06,0.0,1.0,1.0,0.0,1.0,90389.0
45.0,5.0,0.0,0.0,0.0,0.0,243.0,1.0,1.0,0.04,0.07,0.0,255.0,11.0,0.04,0.09,0.0,1.0,1.0,0.0,1.0,118506.0
53.0,5.0,0.0,0.0,0.0,0.0,264.0,1.0,1.0,0.05,0.06,0.0,255.0,10.0,0.04,0.08,0.0,1.0,1.0,0.0,1.0,78899.0
13.0,9.0,8.0,0.0,0.0,0.0,1.0,0.0,0.0,1.0,0.0,1.0,4.0,76.0,1.0,0.0,0.25,0.0,0.0,0.0,1.0,45405.0
45.0,5.0,0.0,0.0,0.0,0.0,210.0,1.0,1.0,0.03,0.06,0.0,255.0,12.0,0.05,0.07,0.0,1.0,1.0,0.0,1.0,90040.0
45.0,9.0,1.0,0.0,0.0,0.0,116.0,0.0,0.0,0.91,0.02,0.0,255.0,180.0,0.71,0.04,0.0,0.0,0.0,0.0,1.0,52664.0
45.0,5.0,0.0,0.0,0.0,0.0,136.0,1.0,1.0,0.15,0.06,0.0,255.0,20.0,0.08,0.05,0.0,1.0,1.0,0.0,1.0,35855.0
21.0,5.0,0.0,0.0,0.0,0.0,224.0,1.0,1.0,0.05,0.07,0.0,255.0,11.0,0.04,0.08,0.0,1.0,1.0,0.0,1.0,105396.0
22.0,5.0,0.0,0.0,0.0,0.0,247.0,1.0,1.0,0.07,0.06,0.0,255.0,17.0,0.07,0.06,0.0,1.0,1.0,0.0,1.0,9641.0
8.0,5.0,0.0,0.0,0.0,0.0,283.0,1.0,1.0,0.05,0.05,0.0,255.0,8.0,0.03,0.08,0.0,1.0,1.0,0.0,1.0,68624.0
20.0,5.0,0.0,0.0,0.0,0.0,215.0,1.0,1.0,0.08,0.06,0.0,255.0,16.0,0.06,0.08,0.0,1.0,1.0,0.0,1.0,14607.0
45.0,5.0,0.0,0.0,0.0,0.0,267.0,1.0,1.0,0.06,0.06,0.0,255.0,23.0,0.09,0.06,0.0,1.0,1.0,0.0,1.0,77816.0
26.0,1.0,0.0,0.0,0.0,0.0,242.0,0.0,0.0,0.03,0.07,0.0,255.0,7.0,0.03,0.07,0.0,0.0,0.0,1.0,1.0,93863.0
45.0,4.0,0.0,0.0,0.0,0.0,1.0,0.0,0.0,1.0,0.0,0.0,240.0,1.0,0.0,0.32,0.0,0.0,0.0,1.0,1.0,27517.0
53.0,5.0,0.0,0.0,0.0,0.0,228.0,1.0,1.0,0.04,0.07,0.0,255.0,9.0,0.04,0.09,0.0,1.0,1.0,0.0,1.0,54859.0
49.0,5.0,0.0,0.0,0.0,0.0,3.0,1.0,1.0,1.0,0.0,0.0,105.0,125.0,0.41,0.02,0.02,0.98,0.34,0.0,1.0,113041.0
45.0,5.0,0.0,0.0,0.0,0.0,18.0,1.0,1.0,0.22,0.22,0.0,255.0,4.0,0.02,0.07,0.0,1.0,1.0,0.0,1.0,51645.0
45.0,1.0,0.0,0.0,0.0,0.0,158.0,0.0,0.0,0.01,0.09,0.0,255.0,2.0,0.01,0.08,0.0,0.0,0.0,1.0,1.0,121328.0
45.0,5.0,0.0,0.0,0.0,0.0,262.0,1.0,1.0,0.01,0.07,0.0,255.0,4.0,0.02,0.07,0.0,1.0,1.0,0.0,1.0,40655.0
31.0,5.0,0.0,0.0,0.0,0.0,150.0,1.0,1.0,0.13,0.05,0.0,255.0,20.0,0.08,0.06,0.0,1.0,1.0,0.0,1.0,97510.0
45.0,4.0,0.0,0.0,0.0,0.0,1.0,0.0,0.0,1.0,0.0,0.0,255.0,1.0,0.0,0.68,0.0,0.0,0.0,1.0,1.0,53005.0
51.0,5.0,0.0,0.0,0.0,0.0,116.0,1.0,1.0,0.01,0.07,0.0,255.0,21.0,0.08,0.07,0.0,1.0,1.0,0.0,1.0,74438.0
20.0,1.0,0.0,0.0,0.0,0.0,168.0,0.0,0.0,0.06,0.07,0.0,255.0,10.0,0.04,0.08,0.0,0.0,0.0,1.0,1.0,49576.0
45.0,5.0,0.0,0.0,0.0,0.0,202.0,1.0,1.0,0.11,0.06,0.0,255.0,23.0,0.09,0.06,0.0,1.0,1.0,0.0,1.0,106628.0
14.0,9.0,520.0,0.0,0.0,0.0,293.0,0.0,0.0,1.0,0.0,0.0,255.0,255.0,1.0,0.0,0.0,0.0,0.0,0.0,1.0,46058.0
9.0,5.0,0.0,0.0,0.0,0.0,232.0,1.0,1.0,0.03,0.07,0.0,255.0,8.0,0.03,0.07,0.0,1.0,1.0,0.0,1.0,119455.0
14.0,9.0,520.0,0.0,0.0,0.0,238.0,0.0,0.0,1.0,0.0,0.0,255.0,255.0,1.0,0.0,0.0,0.0,0.0,0.0,1.0,7539.0
29.0,1.0,0.0,0.0,0.0,0.0,141.0,0.0,0.0,0.08,0.06,0.0,255.0,7.0,0.03,0.07,0.0,0.0,0.0,1.0,1.0,5885.0
33.0,1.0,0.0,0.0,0.0,0.0,245.0,0.0,0.0,0.02,0.07,0.0,255.0,6.0,0.02,0.07,0.0,0.0,0.0,1.0,1.0,64171.0
46.0,5.0,0.0,0.0,0.0,0.0,80.0,0.79,1.0,0.03,0.38,0.0,255.0,2.0,0.01,0.12,0.0,0.25,1.0,0.0,1.0,111847.0
45.0,9.0,28.0,0.0,3.0,0.0,13.0,0.0,0.0,1.0,0.0,0.0,255.0,13.0,0.05,0.01,0.0,0.0,0.0,0.0,1.0,20056.0
55.0,5.0,0.0,0.0,0.0,0.0,264.0,1.0,1.0,0.03,0.06,0.0,255.0,8.0,0.03,0.07,0.0,1.0,1.0,0.0,1.0,110511.0
61.0,1.0,0.0,0.0,0.0,0.0,264.0,0.0,0.0,0.06,0.06,0.0,255.0,17.0,0.07,0.07,0.0,0.0,0.0,1.0,1.0,103822.0
60.0,5.0,0.0,0.0,0.0,0.0,137.0,1.0,1.0,0.11,0.06,0.0,255.0,6.0,0.02,0.07,0.0,1.0,1.0,0.0,1.0,8092.0
60.0,5.0,0.0,0.0,0.0,0.0,16.0,1.0,1.0,0.38,0.19,0.0,255.0,6.0,0.02,0.08,0.0,1.0,1.0,0.0,1.0,116325.0
45.0,5.0,0.0,0.0,0.0,0.0,279.0,1.0,1.0,0.02,0.06,0.0,255.0,19.0,0.07,0.07,0.0,1.0,1.0,0.0,1.0,67159.0
2.0,5.0,0.0,0.0,0.0,0.0,107.0,1.0,1.0,0.01,0.07,0.0,255.0,1.0,0.0,0.06,0.0,1.0,1.0,0.0,1.0,61480.0
13.0,9.0,8.0,0.0,0.0,0.0,1.0,0.0,0.0,1.0,0.0,1.0,1.0,201.0,1.0,0.0,0.25,0.0,0.0,0.0,1.0,90522.0
12.0,2.0,0.0,0.0,0.0,0.0,215.0,0.0,0.0,0.07,0.07,0.0,255.0,14.0,0.05,0.06,0.0,0.0,0.0,1.0,1.0,31361.0
45.0,5.0,0.0,0.0,0.0,0.0,146.0,1.0,1.0,0.12,0.05,0.0,255.0,19.0,0.07,0.07,0.0,1.0,1.0,0.0,1.0,112137.0
55.0,5.0,0.0,0.0,0.0,0.0,11.0,1.0,1.0,0.55,0.27,0.0,255.0,26.0,0.1,0.07,0.0,1.0,1.0,0.0,1.0,11675.0
45.0,5.0,0.0,0.0,0.0,0.0,128.0,1.0,1.0,0.14,0.05,0.0,255.0,8.0,0.03,0.07,0.0,1.0,1.0,0.0,1.0,41125.0
45.0,5.0,0.0,0.0,0.0,0.0,62.0,1.0,1.0,0.19,0.1,0.0,255.0,21.0,0.08,0.09,0.0,1.0,1.0,0.0,1.0,102431.0
19.0,9.0,334.0,0.0,0.0,1.0,2.0,0.0,0.0,1.0,0.0,0.0,4.0,26.0,1.0,0.0,0.15,0.0,0.0,0.0,1.0,103922.0
27.0,5.0,0.0,0.0,0.0,0.0,137.0,1.0,1.0,0.01,0.06,0.0,255.0,8.0,0.03,0.07,0.0,1.0,1.0,0.0,1.0,46067.0
45.0,1.0,0.0,0.0,0.0,0.0,147.0,0.0,0.0,0.12,0.05,0.0,255.0,11.0,0.04,0.07,0.0,0.0,0.0,1.0,1.0,88082.0
45.0,5.0,0.0,0.0,0.0,0.0,107.0,1.0,1.0,0.17,0.06,0.0,255.0,2.0,0.01,0.06,0.0,1.0,1.0,0.0,1.0,39910.0
45.0,9.0,1.0,0.0,0.0,0.0,32.0,0.0,0.0,0.78,0.09,0.0,255.0,25.0,0.1,0.56,0.0,0.05,0.0,0.0,1.0,73602.0
13.0,9.0,18.0,0.0,0.0,0.0,1.0,0.0,0.0,1.0,0.0,0.0,1.0,5.0,1.0,0.0,1.0,0.0,0.0,0.0,1.0,108890.0
46.0,1.0,0.0,0.0,0.0,0.0,250.0,0.0,0.0,0.04,0.06,0.0,255.0,9.0,0.04,0.07,0.0,0.0,0.0,1.0,1.0,7384.0
4.0,5.0,0.0,0.0,0.0,0.0,289.0,1.0,1.0,0.04,0.06,0.0,255.0,9.0,0.04,0.07,0.0,1.0,1.0,0.0,1.0,97452.0
13.0,9.0,8.0,0.0,0.0,0.0,1.0,0.0,0.0,1.0,0.0,1.0,2.0,84.0,1.0,0.0,0.5,0.0,0.0,0.0,1.0,96881.0
17.0,5.0,0.0,0.0,0.0,0.0,295.0,1.0,1.0,0.05,0.06,0.0,255.0,3.0,0.01,0.07,0.0,1.0,1.0,0.0,1.0,89100.0
55.0,5.0,0.0,0.0,0.0,0.0,19.0,1.0,1.0,1.0,0.0,0.0,61.0,41.0,0.67,0.03,0.0,0.97,0.95,0.0,1.0,91284.0
45.0,5.0,0.0,0.0,0.0,0.0,52.0,1.0,1.0,0.02,0.12,0.0,255.0,1.0,0.0,0.09,0.0,1.0,1.0,0.0,1.0,104164.0
17.0,5.0,0.0,0.0,0.0,0.0,52.0,1.0,1.0,0.27,0.08,0.0,132.0,39.0,0.26,0.03,0.05,1.0,0.87,0.0,1.0,9226.0
13.0,9.0,8.0,0.0,0.0,0.0,1.0,0.0,0.0,1.0,0.0,1.0,1.0,19.0,1.0,0.0,0.53,0.0,0.0,0.0,1.0,56616.0
61.0,5.0,0.0,0.0,0.0,0.0,296.0,1.0,1.0,0.07,0.05,0.0,255.0,20.0,0.08,0.05,0.0,1.0,1.0,0.0,1.0,61116.0
45.0,5.0,0.0,0.0,0.0,0.0,132.0,1.0,1.0,0.08,0.05,0.0,255.0,11.0,0.04,0.04,0.0,1.0,1.0,0.0,1.0,64889.0
45.0,1.0,0.0,0.0,0.0,0.0,129.0,0.0,0.0,0.11,0.05,0.0,255.0,14.0,0.05,0.06,0.0,0.0,0.0,1.0,1.0,58344.0
39.0,5.0,0.0,0.0,0.0,0.0,287.0,1.0,1.0,0.02,0.06,0.0,255.0,7.0,0.03,0.07,0.0,1.0,1.0,0.0,1.0,38581.0
21.0,5.0,0.0,0.0,0.0,0.0,188.0,1.0,1.0,0.05,0.07,0.0,255.0,10.0,0.04,0.07,0.0,1.0,1.0,0.0,1.0,83997.0
36.0,5.0,0.0,0.0,0.0,0.0,218.0,1.0,1.0,0.09,0.06,0.0,255.0,20.0,0.08,0.06,0.0,1.0,1.0,0.0,1.0,120516.0
55.0,5.0,0.0,0.0,0.0,0.0,41.0,1.0,1.0,0.24,0.1,0.0,255.0,69.0,0.27,0.02,0.0,1.0,1.0,0.0,1.0,94969.0
31.0,5.0,0.0,0.0,0.0,0.0,117.0,1.0,1.0,0.02,0.08,0.0,255.0,19.0,0.07,0.07,0.0,1.0,1.0,0.0,1.0,94579.0
54.0,5.0,0.0,0.0,0.0,0.0,297.0,1.0,1.0,0.06,0.06,0.0,255.0,19.0,0.07,0.07,0.0,1.0,1.0,0.0,1.0,103277.0
61.0,5.0,0.0,0.0,0.0,0.0,182.0,1.0,1.0,0.1,0.07,0.0,255.0,15.0,0.06,0.08,0.0,1.0,1.0,0.0,1.0,87901.0
19.0,5.0,0.0,0.0,0.0,0.0,50.0,1.0,1.0,0.24,0.08,0.0,132.0,64.0,0.24,0.03,0.03,0.98,0.5,0.0,1.0,32641.0
45.0,5.0,0.0,0.0,0.0,0.0,294.0,1.0,1.0,0.02,0.05,0.0,255.0,1.0,0.0,0.08,0.0,1.0,1.0,0.0,1.0,118493.0
16.0,5.0,0.0,0.0,0.0,0.0,105.0,1.0,1.0,0.19,0.06,0.0,255.0,15.0,0.06,0.06,0.0,1.0,1.0,0.0,1.0,35874.0
45.0,9.0,215.0,0.0,0.0,0.0,1.0,0.0,0.0,1.0,0.0,0.0,77.0,69.0,0.9,0.03,0.0,0.0,0.0,0.0,1.0,84840.0
49.0,5.0,0.0,0.0,0.0,0.0,238.0,1.0,1.0,0.02,0.06,0.0,255.0,17.0,0.07,0.07,0.0,1.0,1.0,0.0,1.0,70747.0
41.0,9.0,1.0,0.0,0.0,0.0,5.0,0.0,0.0,1.0,0.0,0.0,255.0,5.0,0.02,0.15,0.0,0.0,0.0,0.0,1.0,27296.0
19.0,5.0,0.0,0.0,0.0,0.0,26.0,1.0,1.0,0.19,0.15,0.0,255.0,65.0,0.25,0.03,0.0,1.0,1.0,0.0,1.0,72704.0
57.0,5.0,0.0,0.0,0.0,0.0,277.0,1.0,1.0,0.09,0.05,0.0,255.0,24.0,0.09,0.05,0.0,1.0,1.0,0.0,1.0,89930.0
31.0,2.0,0.0,0.0,0.0,0.0,134.0,0.0,0.0,0.14,0.06,0.0,255.0,19.0,0.07,0.06,0.0,0.0,0.0,1.0,1.0,101345.0
63.0,1.0,0.0,0.0,0.0,0.0,222.0,0.0,0.0,0.04,0.06,0.0,255.0,9.0,0.04,0.07,0.0,0.0,0.0,1.0,1.0,110259.0
13.0,9.0,8.0,0.0,0.0,0.0,1.0,0.0,0.0,1.0,0.0,1.0,2.0,20.0,1.0,0.0,0.5,0.0,0.0,0.0,1.0,14823.0
45.0,4.0,0.0,0.0,0.0,0.0,1.0,0.0,0.0,1.0,0.0,0.0,178.0,1.0,0.01,0.73,0.0,0.03,0.0,1.0,1.0,66427.0
45.0,5.0,0.0,0.0,0.0,0.0,129.0,1.0,1.0,0.12,0.05,0.0,255.0,11.0,0.04,0.06,0.0,1.0,1.0,0.0,1.0,13526.0
17.0,5.0,0.0,0.0,0.0,0.0,230.0,1.0,1.0,0.01,0.06,0.0,255.0,3.0,0.01,0.08,0.0,1.0,1.0,0.0,1.0,123026.0
45.0,1.0,0.0,0.0,0.0,0.0,103.0,0.0,0.0,0.09,0.07,0.0,255.0,9.0,0.04,0.06,0.0,0.0,0.0,1.0,1.0,86006.0
38.0,5.0,0.0,0.0,0.0,0.0,145.0,1.0,1.0,0.1,0.06,0.0,255.0,15.0,0.06,0.07,0.0,1.0,1.0,0.0,1.0,34727.0
13.0,9.0,8.0,0.0,0.0,0.0,1.0,0.0,0.0,1.0,0.0,1.0,2.0,255.0,1.0,0.0,0.5,0.0,0.0,0.0,1.0,1693.0
14.0,9.0,1032.0,0.0,0.0,0.0,90.0,0.0,0.0,1.0,0.0,0.0,255.0,255.0,1.0,0.0,0.0,0.0,0.0,0.0,1.0,85675.0
55.0,5.0,0.0,0.0,0.0,0.0,41.0,1.0,1.0,0.22,0.1,0.0,255.0,64.0,0.25,0.02,0.0,1.0,1.0,0.0,1.0,29406.0
45.0,1.0,0.0,0.0,0.0,0.0,70.0,0.0,0.0,0.14,0.07,0.0,255.0,10.0,0.04,0.07,0.0,0.0,0.0,1.0,1.0,21691.0
45.0,5.0,0.0,0.0,0.0,0.0,117.0,1.0,1.0,0.06,0.06,0.0,255.0,7.0,0.03,0.09,0.0,1.0,1.0,0.0,1.0,84791.0
57.0,5.0,0.0,0.0,0.0,0.0,293.0,1.0,1.0,0.04,0.05,0.0,255.0,6.0,0.02,0.09,0.0,1.0,1.0,0.0,1.0,57931.0
19.0,5.0,0.0,0.0,0.0,0.0,289.0,1.0,1.0,0.09,0.05,0.0,255.0,25.0,0.1,0.05,0.0,1.0,1.0,0.0,1.0,65222.0
19.0,5.0,0.0,0.0,0.0,0.0,193.0,1.0,1.0,0.03,0.06,0.0,255.0,5.0,0.02,0.07,0.0,1.0,1.0,0.0,1.0,9908.0
45.0,5.0,0.0,0.0,0.0,0.0,128.0,1.0,1.0,0.01,0.06,0.0,255.0,1.0,0.0,0.05,0.0,1.0,1.0,0.0,1.0,82040.0
17.0,5.0,0.0,0.0,0.0,0.0,3.0,1.0,1.0,0.67,0.67,0.0,243.0,63.0,0.26,0.02,0.03,1.0,0.98,0.0,1.0,79095.0
13.0,9.0,18.0,0.0,0.0,0.0,1.0,0.0,0.0,1.0,0.0,0.0,1.0,192.0,1.0,0.0,1.0,0.0,0.0,0.0,1.0,86175.0
45.0,5.0,0.0,0.0,0.0,0.0,112.0,1.0,1.0,0.05,0.07,0.0,110.0,6.0,0.05,0.09,0.0,1.0,1.0,0.0,1.0,30691.0
60.0,2.0,0.0,0.0,0.0,0.0,131.0,0.0,0.0,0.08,0.06,0.0,255.0,11.0,0.04,0.07,0.0,0.0,0.0,1.0,1.0,52404.0
45.0,5.0,0.0,0.0,0.0,0.0,274.0,1.0,1.0,0.01,0.06,0.0,255.0,4.0,0.02,0.07,0.0,1.0,1.0,0.0,1.0,117016.0
45.0,5.0,0.0,0.0,0.0,0.0,224.0,1.0,1.0,0.07,0.06,0.0,255.0,20.0,0.08,0.04,0.0,1.0,1.0,0.0,1.0,4013.0
9.0,2.0,0.0,0.0,0.0,0.0,205.0,0.0,0.0,0.03,0.08,0.0,255.0,7.0,0.03,0.09,0.0,0.0,0.0,1.0,1.0,85333.0
19.0,5.0,0.0,0.0,0.0,0.0,142.0,1.0,1.0,0.09,0.06,0.0,255.0,6.0,0.02,0.07,0.0,1.0,1.0,0.0,1.0,13157.0
45.0,5.0,0.0,0.0,0.0,0.0,110.0,1.0,1.0,0.17,0.05,0.0,109.0,14.0,0.13,0.11,0.0,1.0,1.0,0.0,1.0,101481.0
22.0,5.0,0.0,0.0,0.0,0.0,23.0,1.0,1.0,0.43,0.17,0.0,255.0,67.0,0.26,0.02,0.0,1.0,1.0,0.0,1.0,76378.0
45.0,1.0,0.0,0.0,0.0,0.0,101.0,0.0,0.0,0.12,0.06,0.0,255.0,2.0,0.01,0.08,0.0,0.0,0.0,1.0,1.0,14297.0
45.0,5.0,0.0,0.0,0.0,0.0,245.0,1.0,1.0,0.0,0.05,0.0,105.0,1.0,0.01,0.1,0.0,0.98,1.0,0.0,1.0,32903.0
13.0,9.0,8.0,0.0,0.0,0.0,1.0,0.0,0.0,1.0,0.0,1.0,2.0,62.0,1.0,0.0,0.52,0.0,0.0,0.0,1.0,124318.0
16.0,5.0,0.0,0.0,0.0,0.0,136.0,1.0,1.0,0.01,0.06,0.0,255.0,12.0,0.05,0.06,0.0,1.0,1.0,0.0,1.0,75577.0
23.0,5.0,0.0,0.0,0.0,0.0,143.0,1.0,1.0,0.07,0.06,0.0,255.0,10.0,0.04,0.06,0.0,1.0,1.0,0.0,1.0,75257.0
13.0,9.0,18.0,0.0,0.0,0.0,1.0,0.0,0.0,1.0,0.0,0.0,1.0,38.0,1.0,0.0,1.0,0.0,0.0,0.0,1.0,51859.0
26.0,5.0,0.0,0.0,0.0,0.0,198.0,1.0,1.0,0.01,0.07,0.0,255.0,1.0,0.0,0.08,0.0,1.0,1.0,0.0,1.0,64755.0
45.0,5.0,0.0,0.0,0.0,0.0,88.0,1.0,1.0,0.05,0.07,0.0,255.0,1.0,0.0,0.08,0.0,1.0,1.0,0.0,1.0,26330.0
25.0,1.0,0.0,0.0,0.0,0.0,246.0,0.0,0.0,0.08,0.06,0.0,255.0,19.0,0.07,0.07,0.0,0.0,0.0,1.0,1.0,72518.0
19.0,5.0,0.0,0.0,0.0,0.0,59.0,1.0,1.0,0.22,0.07,0.0,255.0,63.0,0.25,0.03,0.0,1.0,1.0,0.0,1.0,106513.0
3.0,5.0,0.0,0.0,0.0,0.0,199.0,1.0,1.0,0.01,0.06,0.0,255.0,1.0,0.0,0.05,0.0,1.0,1.0,0.0,1.0,75774.0
5.0,5.0,0.0,0.0,0.0,0.0,117.0,1.0,1.0,0.08,0.06,0.0,255.0,9.0,0.04,0.05,0.0,1.0,1.0,0.0,1.0,72827.0
5.0,5.0,0.0,0.0,0.0,0.0,124.0,1.0,1.0,0.02,0.07,0.0,255.0,2.0,0.01,0.06,0.0,1.0,1.0,0.0,1.0,20444.0
45.0,5.0,0.0,0.0,0.0,0.0,88.0,1.0,1.0,0.2,0.07,0.0,197.0,18.0,0.09,0.07,0.0,1.0,1.0,0.0,1.0,22738.0
52.0,5.0,0.0,0.0,0.0,0.0,100.0,1.0,1.0,0.04,0.07,0.0,255.0,4.0,0.02,0.07,0.0,1.0,1.0,0.0,1.0,55024.0
13.0,9.0,18.0,0.0,0.0,0.0,1.0,0.0,0.0,1.0,0.0,0.0,1.0,105.0,1.0,0.0,0.26,0.0,0.0,0.0,1.0,28813.0
14.0,9.0,1032.0,0.0,0.0,0.0,511.0,0.0,0.0,1.0,0.0,0.0,255.0,134.0,0.53,0.02,0.0,0.01,0.0,0.0,1.0,26857.0
21.0,5.0,0.0,0.0,0.0,0.0,257.0,1.0,1.0,0.03,0.05,0.0,255.0,7.0,0.03,0.05,0.0,1.0,1.0,0.0,1.0,90036.0
2.0,1.0,0.0,0.0,0.0,0.0,115.0,0.0,0.0,0.09,0.06,0.0,255.0,10.0,0.04,0.06,0.0,0.0,0.0,1.0,1.0,124278.0
55.0,5.0,0.0,0.0,0.0,0.0,84.0,1.0,1.0,0.18,0.05,0.0,255.0,13.0,0.05,0.07,0.0,1.0,1.0,0.0,1.0,47971.0
54.0,5.0,0.0,0.0,0.0,0.0,34.0,1.0,1.0,0.12,0.18,0.0,255.0,10.0,0.04,0.09,0.0,1.0,1.0,0.0,1.0,120307.0
6.0,1.0,0.0,0.0,0.0,0.0,225.0,0.0,0.0,0.03,0.07,0.0,255.0,6.0,0.02,0.09,0.0,0.0,0.0,1.0,1.0,21441.0
13.0,9.0,8.0,0.0,0.0,0.0,1.0,0.0,0.0,1.0,0.0,1.0,2.0,255.0,1.0,0.0,0.25,0.0,0.0,0.0,1.0,102849.0
7.0,5.0,0.0,0.0,0.0,0.0,270.0,1.0,1.0,0.03,0.06,0.0,255.0,9.0,0.04,0.07,0.0,1.0,1.0,0.0,1.0,121905.0
45.0,5.0,0.0,0.0,0.0,0.0,113.0,1.0,1.0,0.12,0.06,0.0,255.0,4.0,0.02,0.07,0.0,1.0,1.0,0.0,1.0,113701.0
45.0,5.0,0.0,0.0,0.0,0.0,33.0,1.0,1.0,0.45,0.15,0.0,255.0,15.0,0.06,0.08,0.0,1.0,1.0,0.0,1.0,46670.0
45.0,4.0,0.0,0.0,0.0,0.0,1.0,0.0,0.0,1.0,0.0,0.0,255.0,1.0,0.0,1.0,0.0,0.0,0.0,1.0,1.0,125082.0
53.0,5.0,0.0,0.0,0.0,0.0,275.0,1.0,1.0,0.08,0.05,0.0,255.0,21.0,0.08,0.05,0.0,1.0,1.0,0.0,1.0,69996.0
45.0,1.0,0.0,0.0,0.0,0.0,160.0,0.0,0.0,0.05,0.07,0.0,255.0,8.0,0.03,0.06,0.0,0.0,0.0,1.0,1.0,102284.0
25.0,5.0,0.0,0.0,0.0,0.0,212.0,1.0,1.0,0.06,0.08,0.0,255.0,12.0,0.05,0.08,0.0,1.0,1.0,0.0,1.0,19462.0
14.0,9.0,1032.0,0.0,0.0,0.0,511.0,0.0,0.0,1.0,0.0,0.0,255.0,75.0,0.29,0.2,0.0,0.0,0.0,0.0,1.0,67965.0
34.0,5.0,0.0,0.0,0.0,0.0,150.0,1.0,1.0,0.11,0.05,0.0,255.0,2.0,0.01,0.08,0.0,1.0,1.0,0.0,1.0,3076.0
20.0,1.0,0.0,0.0,0.0,0.0,254.0,0.0,0.0,0.04,0.07,0.0,255.0,9.0,0.04,0.08,0.0,0.0,0.0,1.0,1.0,63671.0
45.0,1.0,0.0,0.0,0.0,0.0,119.0,0.0,0.0,0.13,0.08,0.0,255.0,16.0,0.06,0.09,0.0,0.0,0.0,1.0,1.0,87241.0
57.0,5.0,0.0,0.0,0.0,0.0,268.0,1.0,1.0,0.02,0.06,0.0,255.0,5.0,0.02,0.07,0.0,1.0,1.0,0.0,1.0,50600.0
14.0,9.0,1032.0,0.0,0.0,0.0,511.0,0.0,0.0,1.0,0.0,0.0,255.0,78.0,0.31,0.02,0.0,0.02,0.0,0.0,1.0,30605.0
15.0,5.0,0.0,0.0,0.0,0.0,127.0,1.0,1.0,0.02,0.06,0.0,255.0,19.0,0.07,0.07,0.0,1.0,1.0,0.0,1.0,72688.0
17.0,5.0,0.0,0.0,0.0,0.0,34.0,1.0,1.0,0.44,0.06,0.0,255.0,15.0,0.06,0.07,0.0,1.0,1.0,0.0,1.0,549.0
45.0,9.0,28.0,0.0,3.0,0.0,29.0,0.0,0.0,1.0,0.0,0.0,255.0,96.0,0.38,0.01,0.0,0.0,0.0,0.0,1.0,46857.0
30.0,5.0,0.0,0.0,0.0,0.0,180.0,1.0,1.0,0.06,0.06,0.0,255.0,13.0,0.05,0.07,0.0,1.0,1.0,0.0,1.0,38506.0
41.0,1.0,0.0,0.0,0.0,0.0,511.0,0.12,0.0,0.0,1.0,0.0,255.0,1.0,0.0,1.0,0.0,0.14,0.0,1.0,1.0,39701.0
45.0,10.0,0.0,0.0,0.0,0.0,1.0,1.0,1.0,1.0,0.0,0.0,21.0,1.0,0.05,0.76,0.0,0.62,1.0,0.0,1.0,56481.0
55.0,5.0,0.0,0.0,0.0,0.0,33.0,0.97,1.0,0.36,0.09,0.0,255.0,16.0,0.06,0.06,0.0,1.0,1.0,0.0,1.0,29577.0
32.0,5.0,0.0,0.0,0.0,0.0,236.0,1.0,1.0,0.01,0.07,0.0,255.0,3.0,0.01,0.08,0.0,1.0,1.0,0.0,1.0,57532.0
45.0,5.0,0.0,0.0,0.0,0.0,148.0,1.0,1.0,0.1,0.05,0.0,255.0,16.0,0.06,0.07,0.0,1.0,1.0,0.0,1.0,55159.0
28.0,5.0,0.0,0.0,0.0,0.0,131.0,1.0,1.0,0.15,0.06,0.0,255.0,19.0,0.07,0.07,0.0,1.0,1.0,0.0,1.0,2859.0
42.0,5.0,0.0,0.0,0.0,0.0,295.0,1.0,1.0,0.06,0.06,0.0,255.0,19.0,0.07,0.07,0.0,1.0,1.0,0.0,1.0,100374.0
14.0,9.0,1032.0,0.0,0.0,0.0,510.0,0.0,0.0,1.0,0.0,0.0,255.0,154.0,0.6,0.03,0.0,0.0,0.0,0.0,1.0,20474.0
12.0,5.0,0.0,0.0,0.0,0.0,241.0,1.0,1.0,0.03,0.07,0.0,255.0,7.0,0.03,0.07,0.0,1.0,1.0,0.0,1.0,63666.0
45.0,1.0,0.0,0.0,0.0,0.0,201.0,0.0,0.0,0.07,0.06,0.0,255.0,14.0,0.05,0.06,0.0,0.0,0.0,1.0,1.0,124029.0
22.0,5.0,0.0,0.0,0.0,0.0,59.0,1.0,1.0,0.25,0.07,0.0,255.0,55.0,0.22,0.03,0.0,1.0,1.0,0.0,1.0,44161.0
41.0,9.0,1.0,0.0,0.0,0.0,3.0,0.0,0.0,1.0,0.0,0.0,255.0,3.0,0.01,0.15,0.0,0.0,0.0,0.0,1.0,90094.0
9.0,5.0,0.0,0.0,0.0,0.0,275.0,1.0,1.0,0.01,0.06,0.0,255.0,11.0,0.04,0.07,0.0,1.0,1.0,0.0,1.0,80646.0
49.0,5.0,0.0,0.0,0.0,0.0,6.0,1.0,0.75,1.0,0.0,0.38,28.0,140.0,0.21,0.07,0.01,0.93,0.04,0.0,1.0,91852.0
23.0,5.0,0.0,0.0,0.0,0.0,141.0,1.0,1.0,0.06,0.06,0.0,255.0,8.0,0.03,0.06,0.0,1.0,1.0,0.0,1.0,108790.0
45.0,5.0,0.0,0.0,0.0,0.0,108.0,1.0,1.0,0.15,0.05,0.0,255.0,16.0,0.06,0.04,0.0,1.0,1.0,0.0,1.0,85534.0
60.0,5.0,0.0,0.0,0.0,0.0,119.0,1.0,1.0,0.01,0.06,0.0,255.0,2.0,0.01,0.06,0.0,1.0,1.0,0.0,1.0,75779.0
13.0,9.0,8.0,0.0,0.0,0.0,1.0,0.0,0.0,1.0,0.0,1.0,1.0,255.0,1.0,0.0,0.5,0.0,0.0,0.0,1.0,47127.0
22.0,5.0,0.0,0.0,0.0,0.0,31.0,1.0,1.0,0.39,0.13,0.0,255.0,66.0,0.26,0.02,0.0,1.0,1.0,0.0,1.0,14882.0
16.0,4.0,0.0,0.0,0.0,0.0,1.0,0.0,0.0,1.0,0.0,0.0,255.0,1.0,0.0,1.0,0.0,0.0,0.0,1.0,1.0,46975.0
13.0,9.0,8.0,0.0,0.0,0.0,1.0,0.0,0.0,1.0,0.0,1.0,4.0,76.0,1.0,0.0,0.25,0.0,0.0,0.0,1.0,21516.0
45.0,5.0,0.0,0.0,0.0,0.0,48.0,1.0,1.0,0.27,0.12,0.0,255.0,13.0,0.05,0.07,0.0,1.0,1.0,0.0,1.0,120480.0
37.0,1.0,0.0,0.0,0.0,0.0,269.0,0.0,0.0,0.02,0.06,0.0,255.0,5.0,0.02,0.08,0.0,0.0,0.0,1.0,1.0,82433.0
45.0,5.0,0.0,0.0,0.0,0.0,138.0,1.0,1.0,0.09,0.06,0.0,255.0,6.0,0.02,0.07,0.0,1.0,1.0,0.0,1.0,61761.0
45.0,5.0,0.0,0.0,0.0,0.0,246.0,1.0,1.0,0.01,0.06,0.0,255.0,2.0,0.01,0.05,0.0,1.0,1.0,0.0,1.0,22309.0
20.0,1.0,0.0,0.0,0.0,0.0,269.0,0.0,0.0,0.06,0.07,0.0,255.0,16.0,0.06,0.07,0.0,0.0,0.0,1.0,1.0,116478.0
45.0,1.0,0.0,0.0,0.0,0.0,51.0,0.0,0.0,0.37,0.08,0.0,255.0,19.0,0.07,0.07,0.0,0.0,0.0,1.0,1.0,66380.0
17.0,5.0,0.0,0.0,0.0,0.0,26.0,1.0,1.0,0.27,0.15,0.0,106.0,32.0,0.25,0.04,0.06,1.0,0.84,0.0,1.0,79582.0
45.0,4.0,1.0,0.0,0.0,0.0,2.0,0.0,0.0,1.0,0.0,0.0,255.0,2.0,0.01,0.5,0.0,0.0,0.0,1.0,1.0,77348.0
45.0,5.0,0.0,0.0,0.0,0.0,277.0,1.0,1.0,0.01,0.06,0.0,255.0,20.0,0.08,0.06,0.0,1.0,1.0,0.0,1.0,36532.0
45.0,9.0,1.0,74.0,0.0,0.0,30.0,0.0,0.0,0.3,0.13,0.0,255.0,9.0,0.04,0.77,0.0,0.16,0.0,0.0,1.0,72448.0
45.0,5.0,0.0,0.0,0.0,0.0,215.0,1.0,1.0,0.07,0.07,0.0,255.0,15.0,0.06,0.09,0.0,1.0,1.0,0.0,1.0,84125.0
23.0,5.0,0.0,0.0,0.0,0.0,123.0,1.0,1.0,0.02,0.06,0.0,255.0,2.0,0.01,0.07,0.0,1.0,1.0,0.0,1.0,124756.0
23.0,1.0,0.0,0.0,0.0,0.0,111.0,0.0,0.0,0.15,0.06,0.0,255.0,17.0,0.07,0.05,0.0,0.0,0.0,1.0,1.0,53720.0
45.0,4.0,0.0,0.0,0.0,0.0,1.0,0.0,0.0,1.0,0.0,0.0,238.0,1.0,0.0,0.59,0.0,0.0,0.0,1.0,1.0,32931.0
51.0,5.0,0.0,0.0,0.0,0.0,266.0,1.0,1.0,0.07,0.05,0.0,255.0,19.0,0.07,0.05,0.0,1.0,1.0,0.0,1.0,84233.0
55.0,5.0,0.0,0.0,0.0,0.0,17.0,1.0,1.0,0.18,0.24,0.0,255.0,62.0,0.24,0.02,0.0,1.0,1.0,0.0,1.0,102027.0
45.0,5.0,0.0,0.0,0.0,0.0,219.0,1.0,1.0,0.05,0.06,0.0,255.0,12.0,0.05,0.06,0.0,1.0,1.0,0.0,1.0,38358.0
45.0,1.0,0.0,0.0,0.0,0.0,117.0,0.0,0.0,0.03,0.06,0.0,255.0,4.0,0.02,0.07,0.0,0.0,0.0,1.0,1.0,54230.0
55.0,5.0,0.0,0.0,0.0,0.0,74.0,1.0,1.0,0.26,0.05,0.0,255.0,52.0,0.2,0.05,0.0,1.0,1.0,0.0,1.0,35515.0
45.0,5.0,0.0,0.0,0.0,0.0,242.0,1.0,1.0,0.07,0.07,0.0,255.0,16.0,0.06,0.07,0.0,1.0,1.0,0.0,1.0,87360.0
27.0,5.0,0.0,0.0,0.0,0.0,136.0,1.0,1.0,0.17,0.05,0.0,255.0,23.0,0.09,0.05,0.0,1.0,1.0,0.0,1.0,9521.0
45.0,9.0,1.0,0.0,0.0,0.0,137.0,0.0,0.0,0.85,0.03,0.0,255.0,159.0,0.62,0.05,0.0,0.0,0.0,0.0,1.0,94604.0
45.0,9.0,28.0,0.0,3.0,0.0,37.0,0.0,0.0,1.0,0.0,0.0,255.0,37.0,0.15,0.02,0.0,0.0,0.0,0.0,1.0,45002.0
7.0,5.0,0.0,0.0,0.0,0.0,145.0,1.0,1.0,0.04,0.06,0.0,255.0,5.0,0.02,0.07,0.0,1.0,1.0,0.0,1.0,1833.0
45.0,4.0,0.0,0.0,0.0,0.0,1.0,0.0,0.0,1.0,0.0,0.0,151.0,1.0,0.01,0.13,0.0,0.0,0.0,1.0,1.0,115438.0
45.0,5.0,0.0,0.0,0.0,0.0,71.0,1.0,1.0,0.01,0.07,0.0,255.0,14.0,0.05,0.07,0.0,1.0,1.0,0.0,1.0,33940.0
45.0,1.0,0.0,0.0,0.0,0.0,149.0,0.0,0.0,0.13,0.05,0.0,255.0,38.0,0.15,0.05,0.0,0.0,0.0,1.0,1.0,40327.0
45.0,9.0,1.0,0.0,0.0,0.0,10.0,0.0,0.0,1.0,0.0,0.0,255.0,10.0,0.04,0.52,0.0,0.03,0.0,0.0,1.0,117574.0
52.0,5.0,0.0,0.0,0.0,0.0,112.0,1.0,1.0,0.05,0.07,0.0,255.0,6.0,0.02,0.07,0.0,1.0,1.0,0.0,1.0,62443.0
18.0,5.0,0.0,0.0,0.0,0.0,265.0,1.0,1.0,0.02,0.06,0.0,255.0,17.0,0.07,0.07,0.0,1.0,1.0,0.0,1.0,573.0
19.0,5.0,0.0,0.0,0.0,0.0,239.0,1.0,1.0,0.02,0.07,0.0,255.0,4.0,0.02,0.07,0.0,1.0,1.0,0.0,1.0,28540.0
60.0,5.0,0.0,0.0,0.0,0.0,122.0,1.0,1.0,0.02,0.07,0.0,255.0,2.0,0.01,0.06,0.0,1.0,1.0,0.0,1.0,79238.0
45.0,1.0,0.0,0.0,0.0,0.0,162.0,0.0,0.0,0.02,0.09,0.0,255.0,4.0,0.02,0.08,0.0,0.0,0.0,1.0,1.0,120565.0
61.0,5.0,0.0,0.0,0.0,0.0,126.0,1.0,1.0,0.09,0.06,0.0,255.0,11.0,0.04,0.06,0.0,1.0,1.0,0.0,1.0,107264.0
8.0,5.0,0.0,0.0,0.0,0.0,134.0,1.0,1.0,0.15,0.06,0.0,255.0,18.0,0.07,0.07,0.0,1.0,1.0,0.0,1.0,58404.0
10.0,5.0,0.0,0.0,0.0,0.0,292.0,1.0,1.0,0.05,0.06,0.0,255.0,11.0,0.04,0.06,0.0,1.0,1.0,0.0,1.0,638.0
45.0,9.0,28.0,0.0,3.0,0.0,25.0,0.0,0.0,1.0,0.0,0.0,255.0,25.0,0.1,0.01,0.0,0.0,0.0,0.0,1.0,22731.0
45.0,1.0,0.0,0.0,0.0,0.0,114.0,0.0,0.0,0.06,0.08,0.0,255.0,7.0,0.03,0.08,0.0,0.0,0.0,1.0,1.0,76090.0
63.0,5.0,0.0,0.0,0.0,0.0,275.0,1.0,1.0,0.01,0.06,0.0,255.0,6.0,0.02,0.06,0.0,1.0,1.0,0.0,1.0,36134.0
21.0,5.0,0.0,0.0,0.0,0.0,269.0,1.0,1.0,0.08,0.05,0.0,255.0,21.0,0.08,0.05,0.0,1.0,1.0,0.0,1.0,103700.0
45.0,5.0,0.0,0.0,0.0,0.0,130.0,1.0,1.0,0.12,0.07,0.0,255.0,13.0,0.05,0.07,0.0,1.0,1.0,0.0,1.0,96882.0
62.0,5.0,0.0,0.0,0.0,0.0,279.0,1.0,1.0,0.02,0.06,0.0,255.0,5.0,0.02,0.06,0.0,1.0,1.0,0.0,1.0,92707.0
13.0,9.0,8.0,0.0,0.0,0.0,1.0,0.0,0.0,1.0,0.0,1.0,1.0,35.0,1.0,0.0,0.51,0.0,0.0,0.0,1.0,95824.0
54.0,5.0,0.0,0.0,0.0,0.0,247.0,1.0,1.0,0.0,0.07,0.0,255.0,1.0,0.0,0.07,0.0,1.0,1.0,0.0,1.0,116967.0
62.0,5.0,0.0,0.0,0.0,0.0,253.0,1.0,1.0,0.08,0.06,0.0,255.0,2.0,0.01,0.09,0.0,1.0,1.0,0.0,1.0,121286.0
45.0,1.0,0.0,0.0,0.0,0.0,26.0,0.0,0.0,0.73,0.12,0.0,255.0,19.0,0.07,0.07,0.0,0.0,0.0,1.0,1.0,107410.0
14.0,9.0,520.0,0.0,0.0,0.0,223.0,0.0,0.0,1.0,0.0,0.0,255.0,255.0,1.0,0.0,0.0,0.0,0.0,0.0,1.0,92207.0
27.0,5.0,0.0,0.0,0.0,0.0,132.0,1.0,1.0,0.12,0.06,0.0,255.0,4.0,0.02,0.07,0.0,1.0,1.0,0.0,1.0,17978.0
45.0,9.0,1.0,0.0,0.0,0.0,117.0,0.0,0.0,0.68,0.05,0.0,255.0,137.0,0.54,0.05,0.0,0.0,0.0,0.0,1.0,57746.0
55.0,5.0,0.0,0.0,0.0,0.0,9.0,1.0,1.0,0.22,0.22,0.0,255.0,45.0,0.18,0.04,0.0,1.0,1.0,0.0,1.0,114532.0
45.0,5.0,0.0,0.0,0.0,0.0,126.0,1.0,1.0,0.07,0.06,0.0,48.0,12.0,0.25,0.15,0.0,1.0,1.0,0.0,1.0,31831.0
12.0,5.0,0.0,0.0,0.0,0.0,205.0,1.0,1.0,0.08,0.07,0.0,255.0,16.0,0.06,0.07,0.0,1.0,1.0,0.0,1.0,33545.0
45.0,1.0,0.0,0.0,0.0,0.0,2.0,0.0,0.0,0.5,1.0,0.0,255.0,1.0,0.0,0.82,0.0,0.0,0.0,1.0,1.0,82991.0
45.0,5.0,0.0,0.0,0.0,0.0,189.0,1.0,1.0,0.04,0.07,0.0,255.0,7.0,0.03,0.09,0.0,1.0,1.0,0.0,1.0,99327.0
54.0,5.0,0.0,0.0,0.0,0.0,261.0,1.0,1.0,0.03,0.07,0.0,255.0,14.0,0.05,0.08,0.0,1.0,1.0,0.0,1.0,55433.0
45.0,4.0,1.0,0.0,0.0,0.0,2.0,0.0,0.0,1.0,0.0,0.0,255.0,2.0,0.01,0.71,0.0,0.0,0.0,1.0,1.0,100628.0
53.0,5.0,0.0,0.0,0.0,0.0,230.0,1.0,1.0,0.07,0.07,0.0,255.0,15.0,0.06,0.08,0.0,1.0,1.0,0.0,1.0,116323.0
45.0,9.0,1.0,4.0,0.0,0.0,22.0,0.0,0.0,0.23,0.14,0.0,255.0,5.0,0.02,0.73,0.0,0.16,0.0,0.0,1.0,105340.0
45.0,1.0,0.0,0.0,0.0,0.0,274.0,0.0,0.0,0.04,0.07,0.0,255.0,23.0,0.09,0.07,0.0,0.0,0.0,1.0,1.0,103183.0
57.0,5.0,0.0,0.0,0.0,0.0,300.0,1.0,1.0,0.04,0.05,0.0,255.0,11.0,0.04,0.06,0.0,1.0,1.0,0.0,1.0,79653.0
45.0,9.0,1.0,0.0,0.0,0.0,11.0,0.0,0.0,0.09,0.45,0.0,255.0,1.0,0.0,0.75,0.0,0.03,0.0,0.0,1.0,121475.0
8.0,5.0,0.0,0.0,0.0,0.0,201.0,1.0,1.0,0.0,0.06,0.0,255.0,9.0,0.04,0.08,0.0,1.0,1.0,0.0,1.0,105849.0
19.0,5.0,0.0,0.0,0.0,0.0,37.0,1.0,1.0,0.24,0.11,0.0,255.0,49.0,0.19,0.04,0.0,1.0,1.0,0.0,1.0,25907.0
45.0,5.0,0.0,0.0,0.0,0.0,265.0,1.0,1.0,0.06,0.06,0.0,255.0,4.0,0.02,0.09,0.0,1.0,1.0,0.0,1.0,1603.0
41.0,1.0,0.0,0.0,0.0,0.0,465.0,0.08,0.0,0.0,1.0,0.0,255.0,1.0,0.0,1.0,0.0,0.06,0.0,1.0,1.0,115689.0
33.0,1.0,0.0,0.0,0.0,0.0,2.0,0.0,0.0,0.5,1.0,0.0,255.0,1.0,0.0,1.0,0.0,0.0,0.0,1.0,1.0,90820.0
38.0,5.0,0.0,0.0,0.0,0.0,103.0,1.0,1.0,0.18,0.07,0.0,255.0,19.0,0.07,0.06,0.0,1.0,1.0,0.0,1.0,64584.0
45.0,5.0,0.0,0.0,0.0,0.0,282.0,1.0,1.0,0.01,0.06,0.0,255.0,1.0,0.0,0.09,0.0,1.0,1.0,0.0,1.0,80298.0
45.0,5.0,0.0,0.0,0.0,0.0,290.0,1.0,1.0,0.06,0.06,0.0,255.0,16.0,0.06,0.08,0.0,1.0,1.0,0.0,1.0,69067.0
54.0,5.0,0.0,0.0,0.0,0.0,270.0,1.0,1.0,0.03,0.06,0.0,255.0,20.0,0.08,0.07,0.0,1.0,1.0,0.0,1.0,7235.0
22.0,5.0,0.0,0.0,0.0,0.0,5.0,1.0,1.0,0.4,0.4,0.0,255.0,62.0,0.24,0.02,0.0,1.0,1.0,0.0,1.0,20784.0
23.0,5.0,0.0,0.0,0.0,0.0,101.0,1.0,1.0,0.03,0.06,0.0,255.0,19.0,0.07,0.06,0.0,1.0,1.0,0.0,1.0,101630.0
20.0,1.0,0.0,0.0,0.0,0.0,1.0,0.0,0.0,1.0,0.0,0.0,51.0,2.0,0.02,1.0,1.0,0.0,0.0,0.5,1.0,8688.0
45.0,5.0,0.0,0.0,0.0,0.0,19.0,1.0,1.0,0.42,0.26,0.0,255.0,8.0,0.03,0.1,0.0,1.0,1.0,0.0,1.0,82351.0
26.0,5.0,0.0,0.0,0.0,0.0,273.0,1.0,1.0,0.07,0.06,0.0,255.0,18.0,0.07,0.07,0.0,1.0,1.0,0.0,1.0,39841.0
14.0,9.0,1032.0,0.0,0.0,0.0,511.0,0.0,0.0,1.0,0.0,0.0,255.0,6.0,0.02,0.2,0.0,0.2,0.0,0.0,1.0,57331.0
26.0,5.0,0.0,0.0,0.0,0.0,268.0,1.0,1.0,0.07,0.06,0.0,255.0,20.0,0.08,0.06,0.0,1.0,1.0,0.0,1.0,18446.0
55.0,5.0,0.0,0.0,0.0,0.0,46.0,0.98,1.0,0.33,0.09,0.0,255.0,8.0,0.03,0.07,0.0,1.0,1.0,0.0,1.0,55012.0
45.0,4.0,0.0,0.0,0.0,0.0,1.0,0.0,0.0,1.0,0.0,0.0,255.0,1.0,0.0,0.75,0.0,0.0,0.0,1.0,1.0,103149.0
17.0,5.0,0.0,0.0,0.0,0.0,113.0,1.0,1.0,0.01,0.06,0.0,255.0,1.0,0.0,0.07,0.0,1.0,1.0,0.0,1.0,18612.0
45.0,9.0,1.0,0.0,0.0,0.0,20.0,0.0,0.0,0.2,0.15,0.0,255.0,4.0,0.02,0.62,0.0,0.0,0.0,0.0,1.0,79952.0
45.0,5.0,0.0,0.0,0.0,0.0,293.0,1.0,1.0,0.04,0.06,0.0,255.0,11.0,0.04,0.08,0.0,1.0,1.0,0.0,1.0,54700.0
45.0,5.0,0.0,0.0,0.0,0.0,251.0,1.0,1.0,0.07,0.05,0.0,255.0,17.0,0.07,0.05,0.0,1.0,1.0,0.0,1.0,123719.0
52.0,5.0,0.0,0.0,0.0,0.0,205.0,1.0,1.0,0.03,0.05,0.0,255.0,7.0,0.03,0.06,0.0,1.0,1.0,0.0,1.0,30239.0
61.0,5.0,0.0,0.0,0.0,0.0,264.0,1.0,1.0,0.06,0.05,0.0,255.0,15.0,0.06,0.05,0.0,1.0,1.0,0.0,1.0,90201.0
25.0,5.0,0.0,0.0,0.0,0.0,204.0,1.0,1.0,0.03,0.06,0.0,255.0,13.0,0.05,0.08,0.0,1.0,1.0,0.0,1.0,123270.0
36.0,5.0,0.0,0.0,0.0,0.0,271.0,1.0,1.0,0.08,0.05,0.0,255.0,23.0,0.09,0.05,0.0,1.0,1.0,0.0,1.0,2076.0
45.0,5.0,0.0,0.0,0.0,0.0,14.0,1.0,1.0,0.36,0.29,0.0,255.0,5.0,0.02,0.08,0.0,1.0,1.0,0.0,1.0,81545.0
45.0,1.0,0.0,0.0,0.0,0.0,145.0,0.0,0.0,0.09,0.06,0.0,255.0,13.0,0.05,0.06,0.0,0.0,0.0,1.0,1.0,119358.0
48.0,5.0,0.0,0.0,0.0,0.0,143.0,1.0,1.0,0.13,0.06,0.0,255.0,13.0,0.05,0.06,0.0,1.0,1.0,0.0,1.0,19754.0
41.0,1.0,0.0,0.0,0.0,0.0,509.0,0.19,0.0,0.0,1.0,0.0,255.0,1.0,0.0,1.0,0.0,0.16,0.0,1.0,1.0,20241.0
45.0,1.0,0.0,0.0,0.0,0.0,118.0,0.0,0.0,0.09,0.08,0.0,143.0,11.0,0.08,0.08,0.0,0.0,0.0,1.0,1.0,99883.0
28.0,5.0,0.0,0.0,0.0,0.0,142.0,1.0,1.0,0.14,0.06,0.0,255.0,20.0,0.08,0.07,0.0,1.0,1.0,0.0,1.0,24693.0
13.0,9.0,8.0,0.0,0.0,0.0,1.0,0.0,0.0,1.0,0.0,1.0,2.0,52.0,1.0,0.0,0.5,0.0,0.0,0.0,1.0,58814.0
4.0,1.0,0.0,0.0,0.0,0.0,150.0,0.0,0.0,0.09,0.05,0.0,255.0,10.0,0.04,0.07,0.0,0.0,0.0,1.0,1.0,91455.0
7.0,5.0,0.0,0.0,0.0,0.0,114.0,1.0,1.0,0.05,0.06,0.0,255.0,6.0,0.02,0.06,0.0,1.0,1.0,0.0,1.0,57328.0
45.0,5.0,0.0,0.0,0.0,0.0,28.0,1.0,1.0,0.14,0.11,0.0,255.0,18.0,0.07,0.07,0.0,1.0,1.0,0.0,1.0,29414.0
45.0,5.0,0.0,0.0,0.0,0.0,161.0,1.0,1.0,0.06,0.07,0.0,255.0,10.0,0.04,0.07,0.0,1.0,1.0,0.0,1.0,48425.0
17.0,5.0,0.0,0.0,0.0,0.0,2.0,0.5,1.0,0.5,1.0,0.0,255.0,5.0,0.02,0.08,0.0,1.0,1.0,0.0,1.0,70446.0
13.0,9.0,8.0,0.0,0.0,0.0,1.0,0.0,0.0,1.0,0.0,1.0,2.0,46.0,1.0,0.0,0.52,0.0,0.0,0.0,1.0,49653.0
14.0,9.0,520.0,0.0,0.0,0.0,369.0,0.0,0.0,1.0,0.0,0.0,255.0,255.0,1.0,0.0,0.0,0.0,0.0,0.0,1.0,32733.0
54.0,5.0,0.0,0.0,0.0,0.0,280.0,1.0,1.0,0.01,0.06,0.0,255.0,1.0,0.0,0.04,0.0,1.0,1.0,0.0,1.0,121197.0
14.0,9.0,520.0,0.0,0.0,0.0,477.0,0.0,0.0,1.0,0.0,0.0,92.0,92.0,1.0,0.0,0.0,0.0,0.0,0.0,1.0,22431.0
13.0,9.0,8.0,0.0,0.0,0.0,1.0,0.0,0.0,1.0,0.0,1.0,2.0,66.0,1.0,0.0,0.5,0.0,0.0,0.0,1.0,57855.0
51.0,5.0,0.0,0.0,0.0,0.0,232.0,1.0,1.0,0.03,0.06,0.0,255.0,7.0,0.03,0.07,0.0,1.0,1.0,0.0,1.0,84864.0
52.0,5.0,0.0,0.0,0.0,0.0,239.0,1.0,1.0,0.03,0.07,0.0,255.0,15.0,0.06,0.08,0.0,1.0,1.0,0.0,1.0,16010.0
41.0,1.0,0.0,0.0,0.0,0.0,511.0,0.09,0.0,0.0,1.0,0.0,255.0,1.0,0.0,1.0,0.0,0.05,0.0,1.0,1.0,60625.0
45.0,1.0,0.0,0.0,0.0,0.0,117.0,0.0,0.0,0.07,0.08,0.0,42.0,8.0,0.19,0.14,0.0,0.0,0.0,1.0,1.0,90097.0
62.0,5.0,0.0,0.0,0.0,0.0,300.0,1.0,1.0,0.07,0.06,0.0,255.0,20.0,0.08,0.07,0.0,1.0,1.0,0.0,1.0,81032.0
45.0,4.0,0.0,0.0,0.0,0.0,1.0,0.0,0.0,1.0,0.0,0.0,255.0,1.0,0.0,1.0,0.0,0.0,0.0,1.0,1.0,29032.0
25.0,5.0,0.0,0.0,0.0,0.0,275.0,1.0,1.0,0.06,0.06,0.0,255.0,17.0,0.07,0.07,0.0,1.0,1.0,0.0,1.0,14743.0
45.0,9.0,28.0,0.0,3.0,0.0,68.0,0.0,0.0,1.0,0.0,0.0,255.0,68.0,0.27,0.64,0.0,0.01,0.0,0.0,1.0,70215.0
45.0,1.0,0.0,0.0,0.0,0.0,10.0,0.0,0.0,0.1,0.2,0.0,255.0,13.0,0.05,0.06,0.0,0.0,0.0,1.0,1.0,30218.0
19.0,5.0,0.0,0.0,0.0,0.0,36.0,1.0,1.0,0.44,0.06,0.0,255.0,56.0,0.22,0.04,0.0,1.0,1.0,0.0,1.0,78267.0
49.0,5.0,0.0,0.0,0.0,0.0,237.0,1.0,1.0,0.0,0.07,0.0,255.0,1.0,0.0,0.08,0.0,1.0,1.0,0.0,1.0,106688.0
45.0,5.0,0.0,0.0,0.0,0.0,274.0,1.0,1.0,0.06,0.06,0.0,255.0,17.0,0.07,0.06,0.0,1.0,1.0,0.0,1.0,76179.0
45.0,1.0,0.0,0.0,0.0,0.0,99.0,0.0,0.0,0.09,0.07,0.0,255.0,21.0,0.08,0.05,0.0,0.0,0.0,1.0,1.0,61507.0
45.0,5.0,0.0,0.0,0.0,0.0,217.0,1.0,1.0,0.04,0.06,0.0,255.0,7.0,0.03,0.09,0.0,1.0,1.0,0.0,1.0,62530.0
45.0,1.0,0.0,0.0,0.0,0.0,214.0,0.09,0.0,0.0,1.0,0.0,255.0,1.0,0.0,0.93,0.0,0.07,0.0,1.0,1.0,55879.0
45.0,5.0,0.0,0.0,0.0,0.0,115.0,1.0,1.0,0.02,0.07,0.0,255.0,19.0,0.07,0.07,0.0,1.0,1.0,0.0,1.0,1180.0
41.0,1.0,0.0,0.0,0.0,0.0,509.0,0.16,0.0,0.0,1.0,0.0,255.0,1.0,0.0,1.0,0.0,0.2,0.0,1.0,1.0,90188.0
19.0,5.0,0.0,0.0,0.0,0.0,263.0,1.0,1.0,0.01,0.06,0.0,255.0,19.0,0.07,0.09,0.0,1.0,1.0,0.0,1.0,97000.0
14.0,9.0,1032.0,0.0,0.0,0.0,486.0,0.0,0.0,1.0,0.0,0.0,255.0,255.0,1.0,0.0,0.0,0.0,0.0,0.0,1.0,426.0
3.0,5.0,0.0,0.0,0.0,0.0,253.0,1.0,1.0,0.04,0.07,0.0,255.0,9.0,0.04,0.08,0.0,1.0,1.0,0.0,1.0,89471.0
14.0,9.0,1032.0,0.0,0.0,0.0,511.0,0.0,0.0,1.0,0.0,0.0,255.0,136.0,0.53,0.04,0.0,0.0,0.0,0.0,1.0,68284.0
45.0,9.0,28.0,0.0,3.0,0.0,64.0,0.0,0.0,1.0,0.0,0.0,255.0,31.0,0.12,0.01,0.0,0.0,0.0,0.0,1.0,83367.0
45.0,5.0,0.0,0.0,0.0,0.0,128.0,1.0,1.0,0.12,0.07,0.0,255.0,15.0,0.06,0.08,0.0,1.0,1.0,0.0,1.0,2403.0
30.0,5.0,0.0,0.0,0.0,0.0,146.0,1.0,1.0,0.03,0.05,0.0,255.0,5.0,0.02,0.05,0.0,1.0,1.0,0.0,1.0,24540.0
45.0,5.0,0.0,0.0,0.0,0.0,96.0,1.0,1.0,0.06,0.06,0.0,255.0,22.0,0.09,0.06,0.0,1.0,1.0,0.0,1.0,45149.0
23.0,5.0,0.0,0.0,0.0,0.0,149.0,1.0,1.0,0.17,0.05,0.0,255.0,25.0,0.1,0.05,0.0,1.0,1.0,0.0,1.0,95723.0
13.0,9.0,8.0,0.0,0.0,0.0,1.0,0.0,0.0,1.0,0.0,1.0,1.0,149.0,1.0,0.0,0.5,0.0,0.0,0.0,1.0,51602.0
13.0,9.0,8.0,0.0,0.0,0.0,1.0,0.0,0.0,1.0,0.0,1.0,2.0,7.0,1.0,0.0,0.57,0.0,0.0,0.0,1.0,106319.0
45.0,5.0,0.0,0.0,0.0,0.0,173.0,1.0,1.0,0.02,0.07,0.0,255.0,18.0,0.07,0.06,0.0,1.0,1.0,0.0,1.0,109926.0
45.0,5.0,0.0,0.0,0.0,0.0,185.0,1.0,1.0,0.02,0.06,0.0,255.0,18.0,0.07,0.07,0.0,1.0,1.0,0.0,1.0,47344.0
10.0,5.0,0.0,0.0,0.0,0.0,244.0,1.0,1.0,0.06,0.07,0.0,255.0,15.0,0.06,0.07,0.0,1.0,1.0,0.0,1.0,37712.0
3.0,5.0,0.0,0.0,0.0,0.0,274.0,1.0,1.0,0.08,0.05,0.0,255.0,22.0,0.09,0.05,0.0,1.0,1.0,0.0,1.0,42201.0
41.0,1.0,0.0,0.0,0.0,0.0,511.0,0.18,0.0,0.0,1.0,0.0,255.0,1.0,0.0,1.0,0.0,0.05,0.0,1.0,1.0,60104.0
12.0,5.0,0.0,0.0,0.0,0.0,216.0,1.0,1.0,0.0,0.07,0.0,255.0,1.0,0.0,0.09,0.0,1.0,1.0,0.0,1.0,56969.0
45.0,5.0,0.0,0.0,0.0,0.0,190.0,1.0,1.0,0.06,0.05,0.0,131.0,12.0,0.09,0.08,0.0,0.89,1.0,0.0,1.0,13416.0
45.0,5.0,0.0,0.0,0.0,0.0,111.0,1.0,1.0,0.17,0.08,0.0,255.0,19.0,0.07,0.07,0.0,1.0,1.0,0.0,1.0,23988.0
12.0,5.0,0.0,0.0,0.0,0.0,141.0,1.0,1.0,0.12,0.06,0.0,255.0,7.0,0.03,0.07,0.0,1.0,1.0,0.0,1.0,30128.0
45.0,5.0,0.0,0.0,0.0,0.0,2.0,1.0,1.0,0.5,1.0,0.0,255.0,13.0,0.05,0.07,0.0,1.0,1.0,0.0,1.0,74760.0
45.0,5.0,0.0,0.0,0.0,0.0,210.0,1.0,1.0,0.09,0.05,0.0,255.0,16.0,0.06,0.07,0.0,1.0,1.0,0.0,1.0,93924.0
36.0,5.0,0.0,0.0,0.0,0.0,286.0,1.0,1.0,0.02,0.06,0.0,255.0,14.0,0.05,0.07,0.0,1.0,1.0,0.0,1.0,5903.0
45.0,1.0,0.0,0.0,0.0,0.0,138.0,0.0,0.0,0.07,0.06,0.0,113.0,9.0,0.08,0.07,0.0,0.0,0.0,1.0,1.0,13833.0
3.0,5.0,0.0,0.0,0.0,0.0,230.0,1.0,1.0,0.01,0.06,0.0,255.0,3.0,0.01,0.07,0.0,1.0,1.0,0.0,1.0,15450.0
45.0,10.0,0.0,0.0,0.0,0.0,1.0,1.0,1.0,1.0,0.0,0.0,178.0,1.0,0.01,0.94,0.0,0.96,1.0,0.0,1.0,122047.0
18.0,2.0,0.0,0.0,0.0,0.0,275.0,0.0,0.0,0.03,0.06,0.0,255.0,8.0,0.03,0.07,0.0,0.0,0.0,1.0,1.0,59356.0
26.0,5.0,0.0,0.0,0.0,0.0,284.0,1.0,1.0,0.08,0.05,0.0,255.0,24.0,0.09,0.05,0.0,1.0,1.0,0.0,1.0,92425.0
13.0,9.0,8.0,0.0,0.0,0.0,1.0,0.0,0.0,1.0,0.0,1.0,4.0,160.0,1.0,0.0,0.25,0.0,0.0,0.0,1.0,51307.0
45.0,5.0,0.0,0.0,0.0,0.0,32.0,1.0,1.0,0.28,0.16,0.0,255.0,9.0,0.04,0.08,0.0,1.0,1.0,0.0,1.0,105374.0
41.0,1.0,0.0,0.0,0.0,0.0,509.0,0.16,0.0,0.0,1.0,0.0,255.0,1.0,0.0,1.0,0.0,0.25,0.0,1.0,1.0,69017.0
14.0,9.0,1032.0,0.0,0.0,0.0,153.0,0.0,0.0,1.0,0.0,0.0,255.0,255.0,1.0,0.0,0.0,0.0,0.0,0.0,1.0,69208.0
45.0,5.0,0.0,0.0,0.0,0.0,114.0,1.0,1.0,0.04,0.07,0.0,255.0,4.0,0.02,0.06,0.0,1.0,1.0,0.0,1.0,21142.0
12.0,5.0,0.0,0.0,0.0,0.0,284.0,1.0,1.0,0.08,0.05,0.0,255.0,24.0,0.09,0.05,0.0,1.0,1.0,0.0,1.0,125007.0
45.0,5.0,0.0,0.0,0.0,0.0,231.0,1.0,1.0,0.05,0.06,0.0,255.0,11.0,0.04,0.08,0.0,1.0,1.0,0.0,1.0,24726.0
29.0,5.0,0.0,0.0,0.0,0.0,147.0,1.0,1.0,0.13,0.05,0.0,255.0,1.0,0.0,0.08,0.0,1.0,1.0,0.0,1.0,124266.0
45.0,9.0,207.0,0.0,0.0,0.0,2.0,0.0,0.0,1.0,0.0,0.0,188.0,156.0,0.83,0.01,0.0,0.0,0.0,0.0,1.0,107973.0
22.0,1.0,0.0,0.0,0.0,0.0,510.0,0.0,0.0,0.0,0.0,0.0,242.0,202.0,0.83,0.01,0.0,0.0,0.0,1.0,1.0,123915.0
45.0,9.0,1.0,0.0,0.0,0.0,67.0,0.0,0.0,0.6,0.06,0.0,255.0,104.0,0.41,0.06,0.0,0.0,0.0,0.0,1.0,91194.0
18.0,2.0,0.0,0.0,0.0,0.0,284.0,0.0,0.0,0.07,0.06,0.0,255.0,20.0,0.08,0.06,0.0,0.0,0.0,1.0,1.0,32539.0
45.0,5.0,0.0,0.0,0.0,0.0,117.0,1.0,1.0,0.15,0.05,0.0,173.0,18.0,0.1,0.06,0.0,1.0,1.0,0.0,1.0,38914.0
45.0,5.0,0.0,0.0,0.0,0.0,159.0,1.0,1.0,0.12,0.07,0.0,255.0,10.0,0.04,0.08,0.0,1.0,1.0,0.0,1.0,121365.0
16.0,5.0,0.0,0.0,0.0,0.0,122.0,1.0,1.0,0.17,0.06,0.0,255.0,21.0,0.08,0.05,0.0,1.0,1.0,0.0,1.0,18527.0
23.0,5.0,0.0,0.0,0.0,0.0,97.0,1.0,1.0,0.13,0.06,0.0,255.0,13.0,0.05,0.07,0.0,1.0,1.0,0.0,1.0,91502.0
61.0,1.0,0.0,0.0,0.0,0.0,219.0,0.0,0.0,0.05,0.07,0.0,255.0,10.0,0.04,0.07,0.0,0.0,0.0,1.0,1.0,32476.0
45.0,5.0,0.0,0.0,0.0,0.0,90.0,1.0,1.0,0.22,0.06,0.0,255.0,20.0,0.08,0.06,0.0,1.0,1.0,0.0,1.0,41559.0
55.0,5.0,0.0,0.0,0.0,0.0,66.0,1.0,1.0,0.23,0.06,0.0,148.0,38.0,0.25,0.03,0.05,0.99,0.92,0.0,1.0,107916.0
45.0,5.0,0.0,0.0,0.0,0.0,2.0,1.0,1.0,0.5,1.0,0.0,255.0,15.0,0.06,0.09,0.0,1.0,1.0,0.0,1.0,48643.0
62.0,5.0,0.0,0.0,0.0,0.0,69.0,1.0,1.0,0.01,0.09,0.0,255.0,7.0,0.03,0.09,0.0,1.0,1.0,0.0,1.0,64538.0
45.0,5.0,0.0,0.0,0.0,0.0,171.0,1.0,1.0,0.08,0.06,0.0,255.0,19.0,0.07,0.07,0.0,1.0,1.0,0.0,1.0,112375.0
13.0,9.0,8.0,0.0,0.0,0.0,1.0,0.0,0.0,1.0,0.0,1.0,2.0,37.0,1.0,0.0,0.51,0.0,0.0,0.0,1.0,35800.0
18.0,5.0,0.0,0.0,0.0,0.0,274.0,1.0,1.0,0.03,0.07,0.0,255.0,7.0,0.03,0.08,0.0,1.0,1.0,0.0,1.0,88785.0
45.0,5.0,0.0,0.0,0.0,0.0,109.0,1.0,1.0,0.08,0.06,0.0,188.0,12.0,0.06,0.1,0.0,1.0,1.0,0.0,1.0,89009.0
30.0,5.0,0.0,0.0,0.0,0.0,142.0,1.0,1.0,0.01,0.05,0.0,255.0,1.0,0.0,0.05,0.0,1.0,1.0,0.0,1.0,61226.0
41.0,1.0,0.0,0.0,0.0,0.0,510.0,0.1,0.0,0.0,1.0,0.0,255.0,1.0,0.0,1.0,0.0,0.11,0.0,1.0,1.0,104292.0
45.0,5.0,0.0,0.0,0.0,0.0,265.0,1.0,1.0,0.02,0.06,0.0,255.0,4.0,0.02,0.09,0.0,1.0,1.0,0.0,1.0,123476.0
3.0,4.0,0.0,0.0,0.0,0.0,1.0,0.0,0.0,1.0,0.0,0.0,157.0,3.0,0.01,0.69,0.67,0.04,0.0,0.33,1.0,117512.0
16.0,2.0,0.0,0.0,0.0,0.0,147.0,0.0,0.0,0.13,0.05,0.0,255.0,12.0,0.05,0.06,0.0,0.0,0.0,1.0,1.0,39818.0
36.0,5.0,0.0,0.0,0.0,0.0,123.0,1.0,1.0,0.08,0.05,0.0,255.0,10.0,0.04,0.05,0.0,1.0,1.0,0.0,1.0,99078.0
14.0,9.0,1032.0,0.0,0.0,0.0,511.0,0.0,0.0,1.0,0.0,0.0,224.0,79.0,0.35,0.01,0.0,0.0,0.0,0.0,1.0,82023.0
45.0,1.0,0.0,0.0,0.0,0.0,144.0,0.0,0.0,0.09,0.07,0.0,255.0,13.0,0.05,0.09,0.0,0.0,0.0,1.0,1.0,105880.0
60.0,5.0,0.0,0.0,0.0,0.0,136.0,1.0,1.0,0.04,0.07,0.0,255.0,1.0,0.0,0.06,0.0,1.0,1.0,0.0,1.0,7529.0
13.0,9.0,8.0,0.0,0.0,0.0,1.0,0.0,0.0,1.0,0.0,1.0,4.0,61.0,1.0,0.0,0.26,0.0,0.0,0.0,1.0,63960.0
45.0,5.0,0.0,0.0,0.0,0.0,112.0,1.0,1.0,0.08,0.06,0.0,255.0,2.0,0.01,0.07,0.0,1.0,1.0,0.0,1.0,25005.0
60.0,5.0,0.0,0.0,0.0,0.0,135.0,1.0,1.0,0.1,0.06,0.0,255.0,8.0,0.03,0.07,0.0,1.0,1.0,0.0,1.0,97436.0
45.0,1.0,0.0,0.0,0.0,0.0,135.0,0.0,0.0,0.04,0.07,0.0,60.0,5.0,0.08,0.1,0.0,0.0,0.0,1.0,1.0,12914.0
13.0,9.0,8.0,0.0,0.0,0.0,1.0,0.0,0.0,1.0,0.0,1.0,1.0,105.0,1.0,0.0,0.26,0.0,0.0,0.0,1.0,35397.0
45.0,1.0,0.0,0.0,0.0,0.0,36.0,0.0,0.0,0.36,0.08,0.0,255.0,10.0,0.04,0.07,0.0,0.0,0.0,1.0,1.0,33521.0
45.0,9.0,28.0,0.0,3.0,0.0,28.0,0.0,0.0,1.0,0.0,0.0,255.0,95.0,0.37,0.01,0.0,0.0,0.0,0.0,1.0,111923.0
19.0,9.0,334.0,0.0,0.0,1.0,1.0,0.0,0.0,1.0,0.0,0.0,7.0,41.0,1.0,0.0,0.15,0.0,0.0,0.0,1.0,39420.0
45.0,5.0,0.0,0.0,0.0,0.0,269.0,1.0,1.0,0.07,0.06,0.0,255.0,19.0,0.07,0.06,0.0,1.0,1.0,0.0,1.0,87444.0
29.0,5.0,0.0,0.0,0.0,0.0,251.0,1.0,1.0,0.02,0.06,0.0,255.0,4.0,0.02,0.06,0.0,1.0,1.0,0.0,1.0,67538.0
63.0,5.0,0.0,0.0,0.0,0.0,176.0,1.0,1.0,0.03,0.06,0.0,255.0,8.0,0.03,0.06,0.0,1.0,1.0,0.0,1.0,89779.0
13.0,9.0,8.0,0.0,0.0,0.0,1.0,0.0,0.0,1.0,0.0,1.0,1.0,171.0,1.0,0.0,0.5,0.0,0.0,0.0,1.0,87878.0
53.0,1.0,0.0,0.0,0.0,0.0,476.0,0.06,0.0,0.0,1.0,0.0,255.0,1.0,0.0,1.0,0.0,0.08,0.0,1.0,1.0,117128.0
23.0,1.0,0.0,0.0,0.0,0.0,142.0,0.0,0.0,0.09,0.06,0.0,255.0,13.0,0.05,0.06,0.0,0.0,0.0,1.0,1.0,27018.0
8.0,5.0,0.0,0.0,0.0,0.0,183.0,1.0,1.0,0.02,0.07,0.0,255.0,3.0,0.01,0.07,0.0,1.0,1.0,0.0,1.0,121136.0
19.0,5.0,0.0,0.0,0.0,0.0,245.0,1.0,1.0,0.02,0.06,0.0,255.0,18.0,0.07,0.07,0.0,1.0,1.0,0.0,1.0,63731.0
41.0,1.0,0.0,0.0,0.0,0.0,508.0,0.1,0.0,0.0,1.0,0.0,255.0,1.0,0.0,1.0,0.0,0.07,0.0,1.0,1.0,47113.0
25.0,1.0,0.0,0.0,0.0,0.0,232.0,0.0,0.0,0.05,0.06,0.0,255.0,12.0,0.05,0.08,0.0,0.0,0.0,1.0,1.0,56716.0
45.0,9.0,28.0,0.0,3.0,0.0,96.0,0.0,0.0,1.0,0.0,0.0,255.0,96.0,0.38,0.04,0.0,0.02,0.0,0.0,1.0,97609.0
45.0,5.0,0.0,0.0,0.0,0.0,229.0,1.0,1.0,0.11,0.05,0.0,255.0,25.0,0.1,0.05,0.0,1.0,1.0,0.0,1.0,18000.0
45.0,5.0,0.0,0.0,0.0,0.0,240.0,1.0,1.0,0.02,0.06,0.0,255.0,7.0,0.03,0.08,0.0,1.0,1.0,0.0,1.0,60827.0
2.0,5.0,0.0,0.0,0.0,0.0,129.0,1.0,1.0,0.14,0.05,0.0,255.0,18.0,0.07,0.05,0.0,1.0,1.0,0.0,1.0,769.0
45.0,5.0,0.0,0.0,0.0,0.0,100.0,1.0,1.0,0.01,0.06,0.0,21.0,6.0,0.29,0.24,0.0,1.0,1.0,0.0,1.0,84149.0
45.0,5.0,0.0,0.0,0.0,0.0,139.0,1.0,1.0,0.08,0.06,0.0,255.0,8.0,0.03,0.06,0.0,1.0,1.0,0.0,1.0,63795.0
31.0,5.0,0.0,0.0,0.0,0.0,143.0,1.0,1.0,0.07,0.05,0.0,255.0,10.0,0.04,0.05,0.0,1.0,1.0,0.0,1.0,38347.0
7.0,1.0,0.0,0.0,0.0,0.0,252.0,0.0,0.0,0.01,0.07,0.0,255.0,3.0,0.01,0.07,0.0,0.0,0.0,1.0,1.0,90765.0
53.0,5.0,0.0,0.0,0.0,0.0,251.0,1.0,1.0,0.02,0.06,0.0,255.0,4.0,0.02,0.07,0.0,1.0,1.0,0.0,1.0,7386.0
45.0,5.0,0.0,0.0,0.0,0.0,137.0,1.0,1.0,0.15,0.05,0.0,255.0,40.0,0.16,0.05,0.0,1.0,1.0,0.0,1.0,10074.0
45.0,1.0,0.0,0.0,0.0,0.0,264.0,0.03,0.0,0.0,1.0,0.0,255.0,1.0,0.0,0.97,0.0,0.04,0.0,1.0,1.0,84646.0
45.0,5.0,0.0,0.0,0.0,0.0,219.0,1.0,1.0,0.01,0.06,0.0,255.0,8.0,0.03,0.07,0.0,1.0,1.0,0.0,1.0,32722.0
34.0,5.0,0.0,0.0,0.0,0.0,90.0,1.0,1.0,0.16,0.07,0.0,255.0,9.0,0.04,0.07,0.0,1.0,1.0,0.0,1.0,52058.0
36.0,5.0,0.0,0.0,0.0,0.0,289.0,1.0,1.0,0.0,0.06,0.0,255.0,4.0,0.02,0.07,0.0,1.0,1.0,0.0,1.0,53509.0
63.0,5.0,0.0,0.0,0.0,0.0,201.0,1.0,1.0,0.0,0.06,0.0,255.0,20.0,0.08,0.07,0.0,1.0,1.0,0.0,1.0,38206.0
45.0,5.0,0.0,0.0,0.0,0.0,259.0,1.0,1.0,0.07,0.06,0.0,255.0,3.0,0.01,0.07,0.0,1.0,1.0,0.0,1.0,97640.0
4.0,5.0,0.0,0.0,0.0,0.0,204.0,1.0,1.0,0.02,0.07,0.0,255.0,4.0,0.02,0.08,0.0,1.0,1.0,0.0,1.0,65775.0
61.0,5.0,0.0,0.0,0.0,0.0,202.0,1.0,1.0,0.0,0.07,0.0,255.0,1.0,0.0,0.08,0.0,1.0,1.0,0.0,1.0,8566.0
26.0,5.0,0.0,0.0,0.0,0.0,257.0,1.0,1.0,0.04,0.06,0.0,255.0,10.0,0.04,0.07,0.0,1.0,1.0,0.0,1.0,26584.0
45.0,5.0,0.0,0.0,0.0,0.0,211.0,1.0,1.0,0.03,0.07,0.0,255.0,17.0,0.07,0.07,0.0,1.0,1.0,0.0,1.0,54157.0
54.0,5.0,0.0,0.0,0.0,0.0,113.0,1.0,1.0,0.08,0.06,0.0,255.0,11.0,0.04,0.07,0.0,1.0,1.0,0.0,1.0,94506.0
26.0,5.0,0.0,0.0,0.0,0.0,299.0,1.0,1.0,0.05,0.05,0.0,255.0,16.0,0.06,0.07,0.0,1.0,1.0,0.0,1.0,87428.0
54.0,5.0,0.0,0.0,0.0,0.0,119.0,1.0,1.0,0.11,0.06,0.0,255.0,7.0,0.03,0.07,0.0,1.0,1.0,0.0,1.0,19256.0
45.0,1.0,0.0,0.0,0.0,0.0,121.0,0.0,0.0,0.07,0.08,0.0,255.0,9.0,0.04,0.07,0.0,0.0,0.0,1.0,1.0,44061.0
45.0,5.0,0.0,0.0,0.0,0.0,212.0,1.0,1.0,0.03,0.07,0.0,255.0,19.0,0.07,0.07,0.0,1.0,1.0,0.0,1.0,23784.0
45.0,1.0,0.0,0.0,0.0,0.0,105.0,0.0,0.0,0.17,0.07,0.0,255.0,18.0,0.07,0.05,0.0,0.0,0.0,1.0,1.0,59142.0
31.0,9.0,6.0,0.0,0.0,0.0,510.0,0.2,0.0,0.0,1.0,0.0,255.0,2.0,0.01,1.0,0.0,0.19,0.0,0.0,1.0,37474.0
45.0,1.0,0.0,0.0,0.0,0.0,208.0,0.0,0.0,0.08,0.06,0.0,255.0,16.0,0.06,0.07,0.0,0.0,0.0,1.0,1.0,121411.0
45.0,1.0,0.0,0.0,0.0,0.0,63.0,0.11,0.0,0.02,1.0,0.0,255.0,1.0,0.0,0.53,0.0,0.03,0.0,1.0,1.0,43613.0
63.0,5.0,0.0,0.0,0.0,0.0,296.0,1.0,1.0,0.07,0.06,0.0,255.0,20.0,0.08,0.08,0.0,1.0,1.0,0.0,1.0,58020.0
5.0,5.0,0.0,0.0,0.0,0.0,102.0,1.0,1.0,0.01,0.06,0.0,255.0,1.0,0.0,0.05,0.0,1.0,1.0,0.0,1.0,76629.0
54.0,5.0,0.0,0.0,0.0,0.0,279.0,1.0,1.0,0.06,0.06,0.0,255.0,4.0,0.02,0.08,0.0,1.0,1.0,0.0,1.0,63111.0
26.0,5.0,0.0,0.0,0.0,0.0,235.0,1.0,1.0,0.02,0.06,0.0,255.0,5.0,0.02,0.07,0.0,1.0,1.0,0.0,1.0,82543.0
17.0,5.0,0.0,0.0,0.0,0.0,37.0,1.0,1.0,0.3,0.11,0.0,255.0,31.0,0.12,0.06,0.0,1.0,1.0,0.0,1.0,106190.0
14.0,9.0,1032.0,0.0,0.0,0.0,509.0,0.0,0.0,1.0,0.0,0.0,255.0,153.0,0.6,0.17,0.0,0.0,0.0,0.0,1.0,117220.0
13.0,9.0,8.0,0.0,0.0,0.0,1.0,0.0,0.0,1.0,0.0,1.0,1.0,93.0,1.0,0.0,0.51,0.0,0.0,0.0,1.0,30966.0
45.0,5.0,0.0,0.0,0.0,0.0,216.0,1.0,1.0,0.08,0.07,0.0,255.0,20.0,0.08,0.07,0.0,1.0,1.0,0.0,1.0,12161.0
14.0,9.0,1032.0,0.0,0.0,0.0,511.0,0.0,0.0,1.0,0.0,0.0,189.0,95.0,0.5,0.04,0.0,0.01,0.0,0.0,1.0,31174.0
55.0,5.0,0.0,0.0,0.0,0.0,44.0,1.0,1.0,0.23,0.09,0.0,255.0,46.0,0.18,0.04,0.0,1.0,1.0,0.0,1.0,115627.0
45.0,5.0,0.0,0.0,0.0,0.0,181.0,1.0,1.0,0.08,0.06,0.0,255.0,14.0,0.05,0.07,0.0,1.0,1.0,0.0,1.0,116420.0
45.0,5.0,0.0,0.0,0.0,0.0,81.0,1.0,1.0,0.06,0.06,0.0,255.0,18.0,0.07,0.05,0.0,1.0,1.0,0.0,1.0,28102.0
41.0,4.0,1.0,0.0,0.0,0.0,2.0,0.0,0.0,1.0,0.0,0.0,255.0,2.0,0.01,0.73,0.0,0.0,0.0,1.0,1.0,107427.0
61.0,5.0,0.0,0.0,0.0,0.0,1.0,1.0,1.0,1.0,0.0,0.0,255.0,1.0,0.0,0.07,0.0,1.0,1.0,0.0,1.0,110809.0
57.0,5.0,0.0,0.0,0.0,0.0,299.0,1.0,1.0,0.07,0.06,0.0,255.0,20.0,0.08,0.07,0.0,1.0,1.0,0.0,1.0,70630.0
63.0,5.0,0.0,0.0,0.0,0.0,118.0,1.0,1.0,0.08,0.06,0.0,255.0,10.0,0.04,0.06,0.0,1.0,1.0,0.0,1.0,62957.0
45.0,5.0,0.0,0.0,0.0,0.0,222.0,1.0,1.0,0.02,0.06,0.0,255.0,10.0,0.04,0.07,0.0,1.0,1.0,0.0,1.0,97388.0
21.0,5.0,0.0,0.0,0.0,0.0,249.0,1.0,1.0,0.04,0.06,0.0,255.0,10.0,0.04,0.07,0.0,1.0,1.0,0.0,1.0,46918.0
45.0,5.0,0.0,0.0,0.0,0.0,149.0,1.0,1.0,0.07,0.05,0.0,255.0,4.0,0.02,0.08,0.0,1.0,1.0,0.0,1.0,115034.0
45.0,5.0,0.0,0.0,0.0,0.0,271.0,1.0,1.0,0.04,0.05,0.0,229.0,12.0,0.05,0.06,0.0,0.99,1.0,0.0,1.0,58625.0
57.0,5.0,0.0,0.0,0.0,0.0,206.0,1.0,1.0,0.03,0.06,0.0,255.0,10.0,0.04,0.07,0.0,1.0,1.0,0.0,1.0,16915.0
4.0,1.0,0.0,0.0,0.0,0.0,236.0,0.0,0.0,0.0,0.08,0.0,255.0,1.0,0.0,0.08,0.0,0.0,0.0,1.0,1.0,18997.0
45.0,1.0,0.0,0.0,0.0,0.0,132.0,0.0,0.0,0.11,0.06,0.0,255.0,12.0,0.05,0.07,0.0,0.0,0.0,1.0,1.0,21021.0
32.0,1.0,0.0,0.0,0.0,0.0,280.0,0.0,0.0,0.04,0.06,0.0,255.0,11.0,0.04,0.07,0.0,0.0,0.0,1.0,1.0,263.0
45.0,9.0,207.0,0.0,0.0,0.0,2.0,0.0,0.0,1.0,0.0,0.0,26.0,26.0,1.0,0.0,0.0,0.0,0.0,0.0,1.0,29937.0
19.0,5.0,0.0,0.0,0.0,0.0,202.0,1.0,1.0,0.07,0.06,0.0,255.0,14.0,0.05,0.07,0.0,1.0,1.0,0.0,1.0,8152.0
34.0,5.0,0.0,0.0,0.0,0.0,80.0,1.0,1.0,0.06,0.08,0.0,255.0,1.0,0.0,0.08,0.0,1.0,1.0,0.0,1.0,101447.0
57.0,5.0,0.0,0.0,0.0,0.0,263.0,1.0,1.0,0.03,0.06,0.0,255.0,8.0,0.03,0.07,0.0,1.0,1.0,0.0,1.0,39066.0
45.0,5.0,0.0,0.0,0.0,0.0,26.0,1.0,1.0,0.15,0.19,0.0,255.0,13.0,0.05,0.09,0.0,1.0,1.0,0.0,1.0,2690.0
22.0,5.0,0.0,0.0,0.0,0.0,13.0,0.92,1.0,0.92,0.15,0.0,255.0,13.0,0.05,0.06,0.0,1.0,1.0,0.0,1.0,20998.0
57.0,5.0,0.0,0.0,0.0,0.0,283.0,1.0,1.0,0.03,0.06,0.0,255.0,4.0,0.02,0.08,0.0,1.0,1.0,0.0,1.0,94854.0
17.0,5.0,0.0,0.0,0.0,0.0,146.0,1.0,1.0,0.16,0.05,0.0,255.0,11.0,0.04,0.05,0.0,1.0,1.0,0.0,1.0,41460.0
8.0,2.0,0.0,0.0,0.0,0.0,264.0,0.0,0.0,0.05,0.06,0.0,255.0,13.0,0.05,0.06,0.0,0.0,0.0,1.0,1.0,5865.0
54.0,5.0,0.0,0.0,0.0,0.0,124.0,1.0,1.0,0.15,0.06,0.0,255.0,12.0,0.05,0.06,0.0,1.0,1.0,0.0,1.0,91223.0
45.0,4.0,1.0,0.0,0.0,0.0,2.0,0.0,0.0,1.0,0.0,0.0,255.0,2.0,0.01,0.74,0.0,0.0,0.0,1.0,1.0,21676.0
45.0,5.0,0.0,0.0,0.0,0.0,216.0,1.0,1.0,0.06,0.06,0.0,255.0,3.0,0.01,0.07,0.0,1.0,1.0,0.0,1.0,81365.0
45.0,5.0,0.0,0.0,0.0,0.0,123.0,1.0,1.0,0.03,0.06,0.0,255.0,4.0,0.02,0.08,0.0,1.0,1.0,0.0,1.0,8053.0
19.0,5.0,0.0,0.0,0.0,0.0,14.0,1.0,1.0,1.0,0.0,0.0,255.0,60.0,0.24,0.02,0.0,1.0,1.0,0.0,1.0,40451.0
5.0,5.0,0.0,0.0,0.0,0.0,101.0,1.0,1.0,0.01,0.06,0.0,255.0,1.0,0.0,0.06,0.0,1.0,1.0,0.0,1.0,60988.0
50.0,1.0,0.0,0.0,0.0,0.0,165.0,0.0,0.0,0.04,0.07,0.0,255.0,7.0,0.03,0.07,0.0,0.0,0.0,1.0,1.0,20850.0
20.0,1.0,0.0,0.0,0.0,0.0,4.0,0.0,0.0,0.25,0.5,0.0,157.0,1.0,0.01,0.06,0.0,0.01,0.0,1.0,1.0,89235.0
45.0,1.0,0.0,0.0,0.0,0.0,10.0,0.0,0.0,0.1,1.0,0.0,128.0,1.0,0.01,0.19,0.0,0.0,0.0,1.0,1.0,69255.0
45.0,4.0,1.0,0.0,0.0,0.0,2.0,0.0,0.0,1.0,0.0,0.0,254.0,2.0,0.01,0.27,0.0,0.0,0.0,1.0,1.0,31240.0
7.0,5.0,0.0,0.0,0.0,0.0,105.0,1.0,1.0,0.03,0.08,0.0,45.0,3.0,0.07,0.13,0.0,1.0,1.0,0.0,1.0,3571.0
41.0,1.0,0.0,0.0,0.0,0.0,511.0,0.16,0.0,0.0,1.0,0.0,255.0,1.0,0.0,1.0,0.0,0.13,0.0,1.0,1.0,25957.0
41.0,9.0,1.0,0.0,0.0,0.0,98.0,0.0,0.0,0.02,0.06,0.0,255.0,2.0,0.01,0.06,0.0,0.0,0.0,0.0,1.0,82530.0
45.0,1.0,0.0,0.0,0.0,0.0,509.0,0.02,0.0,0.0,1.0,0.0,255.0,1.0,0.0,1.0,0.0,0.02,0.0,1.0,1.0,97673.0
45.0,5.0,0.0,0.0,0.0,0.0,260.0,1.0,1.0,0.04,0.05,0.0,255.0,11.0,0.04,0.08,0.0,1.0,1.0,0.0,1.0,119360.0
49.0,5.0,0.0,0.0,0.0,0.0,263.0,1.0,1.0,0.08,0.06,0.0,255.0,20.0,0.08,0.07,0.0,1.0,1.0,0.0,1.0,76824.0
32.0,5.0,0.0,0.0,0.0,0.0,271.0,1.0,1.0,0.09,0.04,0.0,255.0,24.0,0.09,0.05,0.0,1.0,1.0,0.0,1.0,92142.0
45.0,1.0,0.0,0.0,0.0,0.0,510.0,0.08,0.0,0.0,1.0,0.0,255.0,1.0,0.0,1.0,0.0,0.13,0.0,1.0,1.0,45631.0
45.0,5.0,0.0,0.0,0.0,0.0,284.0,1.0,1.0,0.05,0.06,0.0,255.0,4.0,0.02,0.07,0.0,1.0,1.0,0.0,1.0,18835.0
31.0,2.0,0.0,0.0,0.0,0.0,140.0,0.0,0.0,0.08,0.06,0.0,255.0,11.0,0.04,0.06,0.0,0.0,0.0,1.0,1.0,57191.0
14.0,9.0,1032.0,0.0,0.0,0.0,511.0,0.0,0.0,1.0,0.0,0.0,255.0,167.0,0.65,0.01,0.0,0.0,0.0,0.0,1.0,100620.0
12.0,5.0,0.0,0.0,0.0,0.0,297.0,1.0,1.0,0.08,0.05,0.0,255.0,25.0,0.1,0.05,0.0,1.0,1.0,0.0,1.0,117217.0
45.0,5.0,0.0,0.0,0.0,0.0,220.0,1.0,1.0,0.05,0.08,0.0,255.0,12.0,0.05,0.09,0.0,1.0,1.0,0.0,1.0,90163.0
35.0,5.0,0.0,0.0,0.0,0.0,220.0,1.0,1.0,0.02,0.06,0.0,255.0,4.0,0.02,0.09,0.0,1.0,1.0,0.0,1.0,31041.0
3.0,5.0,0.0,0.0,0.0,0.0,148.0,1.0,1.0,0.12,0.05,0.0,255.0,7.0,0.03,0.08,0.0,1.0,1.0,0.0,1.0,9509.0
53.0,5.0,0.0,0.0,0.0,0.0,267.0,1.0,1.0,0.07,0.04,0.0,255.0,18.0,0.07,0.05,0.0,1.0,1.0,0.0,1.0,85496.0
61.0,5.0,0.0,0.0,0.0,0.0,45.0,1.0,1.0,0.2,0.11,0.0,255.0,9.0,0.04,0.08,0.0,1.0,1.0,0.0,1.0,9409.0
13.0,9.0,8.0,0.0,0.0,0.0,1.0,0.0,0.0,1.0,0.0,1.0,1.0,181.0,1.0,0.0,0.25,0.0,0.0,0.0,1.0,5948.0
19.0,5.0,0.0,0.0,0.0,0.0,12.0,1.0,1.0,0.25,0.33,0.0,255.0,66.0,0.26,0.02,0.0,1.0,1.0,0.0,1.0,35437.0
45.0,5.0,0.0,0.0,0.0,0.0,80.0,1.0,1.0,0.11,0.06,0.0,255.0,6.0,0.02,0.06,0.0,1.0,1.0,0.0,1.0,38484.0
13.0,9.0,8.0,0.0,0.0,0.0,1.0,0.0,0.0,1.0,0.0,1.0,1.0,19.0,1.0,0.0,0.58,0.0,0.0,0.0,1.0,95711.0
45.0,5.0,0.0,0.0,0.0,0.0,101.0,1.0,1.0,0.08,0.06,0.0,255.0,15.0,0.06,0.06,0.0,1.0,1.0,0.0,1.0,67691.0
45.0,1.0,0.0,0.0,0.0,0.0,176.0,0.02,0.0,0.01,1.0,0.0,255.0,1.0,0.0,0.72,0.0,0.01,0.0,1.0,1.0,2712.0
45.0,5.0,0.0,0.0,0.0,0.0,271.0,1.0,1.0,0.02,0.06,0.0,255.0,9.0,0.04,0.08,0.0,1.0,1.0,0.0,1.0,114797.0
14.0,9.0,1032.0,0.0,0.0,0.0,511.0,0.0,0.0,1.0,0.0,0.0,186.0,92.0,0.49,0.04,0.0,0.01,0.0,0.0,1.0,82310.0
10.0,1.0,0.0,0.0,0.0,0.0,280.0,0.0,0.0,0.07,0.06,0.0,255.0,20.0,0.08,0.08,0.0,0.0,0.0,1.0,1.0,19635.0
45.0,1.0,0.0,0.0,0.0,0.0,151.0,0.0,0.0,0.06,0.07,0.0,255.0,9.0,0.04,0.08,0.0,0.0,0.0,1.0,1.0,90417.0
45.0,5.0,0.0,0.0,0.0,0.0,108.0,1.0,1.0,0.03,0.06,0.0,255.0,13.0,0.05,0.07,0.0,1.0,1.0,0.0,1.0,63250.0
63.0,5.0,0.0,0.0,0.0,0.0,276.0,1.0,1.0,0.09,0.05,0.0,255.0,24.0,0.09,0.05,0.0,1.0,1.0,0.0,1.0,40086.0
14.0,9.0,1032.0,0.0,0.0,0.0,317.0,0.0,0.0,1.0,0.0,0.0,220.0,75.0,0.34,0.01,0.0,0.0,0.0,0.0,1.0,34520.0
10.0,5.0,0.0,0.0,0.0,0.0,205.0,1.0,1.0,0.02,0.06,0.0,255.0,16.0,0.06,0.07,0.0,1.0,1.0,0.0,1.0,84665.0
45.0,1.0,0.0,0.0,0.0,0.0,73.0,0.0,0.0,0.16,0.07,0.0,255.0,2.0,0.01,0.06,0.0,0.0,0.0,1.0,1.0,52859.0
19.0,5.0,0.0,0.0,0.0,0.0,20.0,1.0,1.0,0.4,0.1,0.0,220.0,52.0,0.22,0.02,0.04,1.0,0.92,0.0,1.0,122390.0
45.0,5.0,0.0,0.0,0.0,0.0,92.0,1.0,1.0,0.02,0.08,0.0,255.0,19.0,0.07,0.05,0.0,1.0,1.0,0.0,1.0,76151.0
45.0,5.0,0.0,0.0,0.0,0.0,259.0,1.0,1.0,0.03,0.06,0.0,255.0,17.0,0.07,0.07,0.0,1.0,1.0,0.0,1.0,89844.0
61.0,1.0,0.0,0.0,0.0,0.0,276.0,0.0,0.0,0.05,0.06,0.0,255.0,13.0,0.05,0.08,0.0,0.0,0.0,1.0,1.0,111214.0
51.0,5.0,0.0,0.0,0.0,0.0,75.0,1.0,1.0,0.23,0.05,0.0,255.0,8.0,0.03,0.07,0.0,1.0,1.0,0.0,1.0,74859.0
13.0,9.0,8.0,0.0,0.0,0.0,1.0,0.0,0.0,1.0,0.0,1.0,1.0,85.0,1.0,0.0,0.51,0.0,0.0,0.0,1.0,124200.0
22.0,1.0,0.0,0.0,0.0,0.0,284.0,0.0,0.0,0.06,0.06,0.0,255.0,18.0,0.07,0.07,0.0,0.0,0.0,1.0,1.0,98779.0
63.0,5.0,0.0,0.0,0.0,0.0,186.0,1.0,1.0,0.09,0.06,0.0,255.0,20.0,0.08,0.06,0.0,1.0,1.0,0.0,1.0,108989.0
45.0,5.0,0.0,0.0,0.0,0.0,120.0,1.0,1.0,0.03,0.07,0.0,255.0,4.0,0.02,0.05,0.0,1.0,1.0,0.0,1.0,17902.0
45.0,5.0,0.0,0.0,0.0,0.0,121.0,1.0,1.0,0.14,0.06,0.0,255.0,16.0,0.06,0.07,0.0,1.0,1.0,0.0,1.0,104117.0
26.0,5.0,0.0,0.0,0.0,0.0,230.0,1.0,1.0,0.04,0.07,0.0,255.0,10.0,0.04,0.09,0.0,1.0,1.0,0.0,1.0,84500.0
25.0,5.0,0.0,0.0,0.0,0.0,276.0,1.0,1.0,0.06,0.06,0.0,255.0,16.0,0.06,0.06,0.0,1.0,1.0,0.0,1.0,47011.0
18.0,5.0,0.0,0.0,0.0,0.0,247.0,1.0,1.0,0.07,0.06,0.0,255.0,18.0,0.07,0.08,0.0,1.0,1.0,0.0,1.0,59640.0
45.0,5.0,0.0,0.0,0.0,0.0,129.0,1.0,1.0,0.14,0.05,0.0,255.0,4.0,0.02,0.06,0.0,1.0,1.0,0.0,1.0,58118.0
19.0,5.0,0.0,0.0,0.0,0.0,62.0,1.0,1.0,0.21,0.06,0.0,255.0,53.0,0.21,0.02,0.0,1.0,1.0,0.0,1.0,65330.0
45.0,1.0,0.0,0.0,0.0,0.0,438.0,0.0,0.0,0.0,0.52,0.0,255.0,1.0,0.0,0.51,0.0,0.0,0.0,1.0,1.0,60949.0
45.0,5.0,0.0,0.0,0.0,0.0,145.0,1.0,1.0,0.1,0.06,0.0,72.0,6.0,0.08,0.15,0.0,1.0,1.0,0.0,1.0,55294.0
45.0,5.0,0.0,0.0,0.0,0.0,293.0,1.0,1.0,0.06,0.06,0.0,255.0,17.0,0.07,0.06,0.0,1.0,1.0,0.0,1.0,27163.0
14.0,9.0,520.0,0.0,0.0,0.0,364.0,0.0,0.0,1.0,0.0,0.0,255.0,255.0,1.0,0.0,0.0,0.0,0.0,0.0,1.0,75184.0
45.0,5.0,0.0,0.0,0.0,0.0,138.0,1.0,1.0,0.13,0.07,0.0,255.0,38.0,0.15,0.05,0.0,1.0,1.0,0.0,1.0,88406.0
45.0,1.0,0.0,0.0,0.0,0.0,120.0,0.0,0.0,0.03,0.06,0.0,255.0,3.0,0.01,0.05,0.0,0.0,0.0,1.0,1.0,24002.0
41.0,9.0,1.0,0.0,0.0,0.0,10.0,0.0,0.0,0.1,0.8,0.0,255.0,1.0,0.0,0.2,0.0,0.0,0.0,0.0,1.0,71005.0
23.0,1.0,0.0,0.0,0.0,0.0,121.0,0.0,0.0,0.07,0.07,0.0,255.0,8.0,0.03,0.08,0.0,0.0,0.0,1.0,1.0,54198.0
45.0,3.0,0.0,0.0,0.0,0.0,133.0,0.73,0.67,0.02,0.36,0.0,255.0,3.0,0.01,0.19,0.0,0.38,0.67,0.33,1.0,99189.0
5.0,10.0,0.0,0.0,0.0,0.0,1.0,1.0,1.0,1.0,0.0,0.0,142.0,1.0,0.01,0.93,0.0,0.94,1.0,0.0,1.0,113350.0
21.0,5.0,0.0,0.0,0.0,0.0,130.0,1.0,1.0,0.05,0.07,0.0,255.0,5.0,0.02,0.06,0.0,1.0,1.0,0.0,1.0,25077.0
45.0,10.0,0.0,0.0,0.0,0.0,1.0,1.0,1.0,1.0,0.0,0.0,131.0,1.0,0.01,0.92,0.0,0.94,1.0,0.0,1.0,86834.0
45.0,1.0,0.0,0.0,0.0,0.0,248.0,0.0,0.0,0.05,0.06,0.0,255.0,13.0,0.05,0.08,0.0,0.0,0.0,1.0,1.0,70435.0
45.0,1.0,0.0,0.0,0.0,0.0,122.0,0.0,0.0,0.07,0.07,0.0,97.0,8.0,0.08,0.08,0.0,0.0,0.0,1.0,1.0,49156.0
27.0,5.0,0.0,0.0,0.0,0.0,111.0,1.0,1.0,0.13,0.07,0.0,255.0,3.0,0.01,0.08,0.0,1.0,1.0,0.0,1.0,27597.0
45.0,5.0,0.0,0.0,0.0,0.0,207.0,1.0,1.0,0.0,0.06,0.0,255.0,1.0,0.0,0.09,0.0,1.0,1.0,0.0,1.0,59085.0
45.0,5.0,0.0,0.0,0.0,0.0,208.0,1.0,1.0,0.02,0.06,0.0,255.0,10.0,0.04,0.08,0.0,1.0,1.0,0.0,1.0,123226.0
45.0,9.0,207.0,0.0,0.0,0.0,2.0,0.0,0.0,1.0,0.0,0.0,46.0,38.0,0.83,0.04,0.0,0.0,0.0,0.0,1.0,37661.0
38.0,5.0,0.0,0.0,0.0,0.0,117.0,1.0,1.0,0.08,0.06,0.0,255.0,9.0,0.04,0.07,0.0,1.0,1.0,0.0,1.0,70553.0
45.0,1.0,0.0,0.0,0.0,0.0,50.0,0.14,0.0,0.02,1.0,0.0,255.0,1.0,0.0,0.48,0.0,0.03,0.0,1.0,1.0,64165.0
5.0,1.0,0.0,0.0,0.0,0.0,126.0,0.0,0.0,0.1,0.06,0.0,255.0,13.0,0.05,0.07,0.0,0.0,0.0,1.0,1.0,43980.0
45.0,1.0,0.0,0.0,0.0,0.0,511.0,0.08,0.0,0.0,1.0,0.0,255.0,1.0,0.0,1.0,0.0,0.11,0.0,1.0,1.0,96045.0
45.0,5.0,0.0,0.0,0.0,0.0,141.0,1.0,1.0,0.18,0.05,0.0,255.0,15.0,0.06,0.05,0.0,1.0,1.0,0.0,1.0,47782.0
45.0,1.0,0.0,0.0,0.0,0.0,129.0,0.0,0.0,0.13,0.07,0.0,255.0,17.0,0.07,0.06,0.0,0.0,0.0,1.0,1.0,65836.0
23.0,5.0,0.0,0.0,0.0,0.0,270.0,1.0,1.0,0.07,0.05,0.0,255.0,20.0,0.08,0.07,0.0,1.0,1.0,0.0,1.0,104205.0
45.0,5.0,0.0,0.0,0.0,0.0,255.0,1.0,1.0,0.02,0.05,0.0,115.0,5.0,0.04,0.09,0.0,0.98,1.0,0.0,1.0,100073.0
45.0,5.0,0.0,0.0,0.0,0.0,85.0,1.0,1.0,0.22,0.06,0.0,255.0,6.0,0.02,0.07,0.0,1.0,1.0,0.0,1.0,6150.0
36.0,1.0,0.0,0.0,0.0,0.0,158.0,0.0,0.0,0.1,0.07,0.0,255.0,16.0,0.06,0.07,0.0,0.0,0.0,1.0,1.0,32487.0
62.0,5.0,0.0,0.0,0.0,0.0,269.0,1.0,1.0,0.07,0.07,0.0,255.0,20.0,0.08,0.07,0.0,1.0,1.0,0.0,1.0,112031.0
45.0,5.0,0.0,0.0,0.0,0.0,144.0,1.0,1.0,0.02,0.07,0.0,255.0,3.0,0.01,0.07,0.0,1.0,1.0,0.0,1.0,123671.0
61.0,5.0,0.0,0.0,0.0,0.0,249.0,1.0,1.0,0.08,0.07,0.0,255.0,20.0,0.08,0.08,0.0,1.0,1.0,0.0,1.0,48798.0
2.0,5.0,0.0,0.0,0.0,0.0,244.0,1.0,1.0,0.02,0.07,0.0,255.0,4.0,0.02,0.07,0.0,1.0,1.0,0.0,1.0,93658.0
20.0,5.0,0.0,0.0,0.0,0.0,284.0,1.0,1.0,0.07,0.06,0.0,255.0,20.0,0.08,0.08,0.0,1.0,1.0,0.0,1.0,125571.0
41.0,1.0,0.0,0.0,0.0,0.0,511.0,0.23,0.0,0.0,1.0,0.0,255.0,1.0,0.0,1.0,0.0,0.22,0.0,1.0,1.0,120401.0
39.0,5.0,0.0,0.0,0.0,0.0,181.0,1.0,1.0,0.12,0.06,0.0,255.0,21.0,0.08,0.05,0.0,1.0,1.0,0.0,1.0,41921.0
45.0,5.0,0.0,0.0,0.0,0.0,216.0,1.0,1.0,0.06,0.06,0.0,255.0,10.0,0.04,0.07,0.0,1.0,1.0,0.0,1.0,19838.0
45.0,9.0,1.0,0.0,0.0,0.0,113.0,0.0,0.0,0.91,0.02,0.0,255.0,180.0,0.71,0.04,0.0,0.0,0.0,0.0,1.0,22055.0
3.0,5.0,0.0,0.0,0.0,0.0,257.0,1.0,1.0,0.02,0.07,0.0,255.0,6.0,0.02,0.07,0.0,1.0,1.0,0.0,1.0,40395.0
13.0,9.0,8.0,0.0,0.0,0.0,1.0,0.0,0.0,1.0,0.0,1.0,3.0,95.0,1.0,0.0,0.25,0.0,0.0,0.0,1.0,7628.0
45.0,1.0,0.0,0.0,0.0,0.0,271.0,0.0,0.0,0.05,0.06,0.0,255.0,13.0,0.05,0.08,0.0,0.0,0.0,1.0,1.0,28572.0
55.0,5.0,0.0,0.0,0.0,0.0,19.0,1.0,1.0,0.21,0.26,0.0,255.0,14.0,0.05,0.08,0.0,1.0,1.0,0.0,1.0,22578.0
45.0,1.0,0.0,0.0,0.0,0.0,129.0,0.06,0.0,0.01,1.0,0.0,255.0,1.0,0.0,0.71,0.0,0.03,0.0,1.0,1.0,54165.0
19.0,5.0,0.0,0.0,0.0,0.0,42.0,1.0,1.0,0.24,0.1,0.0,255.0,56.0,0.22,0.04,0.0,1.0,1.0,0.0,1.0,72999.0
45.0,1.0,0.0,0.0,0.0,0.0,59.0,0.0,0.0,0.14,0.07,0.0,255.0,8.0,0.03,0.07,0.0,0.0,0.0,1.0,1.0,9253.0
21.0,5.0,0.0,0.0,0.0,0.0,283.0,1.0,1.0,0.07,0.05,0.0,255.0,19.0,0.07,0.07,0.0,1.0,1.0,0.0,1.0,75753.0
63.0,5.0,0.0,0.0,0.0,0.0,218.0,1.0,1.0,0.08,0.06,0.0,255.0,3.0,0.01,0.08,0.0,1.0,1.0,0.0,1.0,23965.0
41.0,1.0,0.0,0.0,0.0,0.0,332.0,0.06,0.0,0.0,1.0,0.0,255.0,1.0,0.0,1.0,0.0,0.08,0.0,1.0,1.0,108260.0
45.0,5.0,0.0,0.0,0.0,0.0,181.0,1.0,1.0,0.05,0.07,0.0,255.0,20.0,0.08,0.06,0.0,1.0,1.0,0.0,1.0,88525.0
15.0,5.0,0.0,0.0,0.0,0.0,119.0,1.0,1.0,0.03,0.06,0.0,255.0,4.0,0.02,0.06,0.0,1.0,1.0,0.0,1.0,85002.0
52.0,5.0,0.0,0.0,0.0,0.0,139.0,1.0,1.0,0.07,0.06,0.0,255.0,4.0,0.02,0.06,0.0,1.0,1.0,0.0,1.0,60290.0
45.0,9.0,28.0,0.0,3.0,0.0,119.0,0.84,0.0,0.16,0.06,0.0,255.0,19.0,0.07,0.93,0.0,0.09,0.0,0.0,1.0,93939.0
45.0,5.0,0.0,0.0,0.0,0.0,175.0,1.0,1.0,0.03,0.07,0.0,255.0,16.0,0.06,0.06,0.0,1.0,1.0,0.0,1.0,86486.0
62.0,5.0,0.0,0.0,0.0,0.0,290.0,1.0,1.0,0.07,0.05,0.0,255.0,21.0,0.08,0.05,0.0,1.0,1.0,0.0,1.0,70816.0
55.0,2.0,0.0,0.0,0.0,0.0,208.0,0.0,0.0,0.0,0.07,0.0,255.0,1.0,0.0,0.07,0.0,0.0,0.0,1.0,1.0,49194.0
45.0,5.0,0.0,0.0,0.0,0.0,257.0,1.0,1.0,0.08,0.06,0.0,255.0,1.0,0.0,0.09,0.0,1.0,1.0,0.0,1.0,31607.0
13.0,9.0,8.0,0.0,0.0,0.0,1.0,0.0,0.0,1.0,0.0,0.0,1.0,47.0,1.0,0.0,0.51,0.0,0.0,0.0,1.0,67848.0
5.0,5.0,0.0,0.0,0.0,0.0,133.0,1.0,1.0,0.05,0.06,0.0,255.0,6.0,0.02,0.06,0.0,1.0,1.0,0.0,1.0,66555.0
60.0,5.0,0.0,0.0,0.0,0.0,60.0,1.0,1.0,0.15,0.07,0.0,255.0,9.0,0.04,0.04,0.0,1.0,1.0,0.0,1.0,109822.0
24.0,1.0,0.0,0.0,0.0,0.0,510.0,0.13,0.0,0.0,1.0,0.0,255.0,1.0,0.0,1.0,0.0,0.19,0.0,1.0,1.0,68909.0
17.0,5.0,0.0,0.0,0.0,0.0,44.0,1.0,1.0,0.23,0.09,0.0,255.0,55.0,0.22,0.04,0.0,1.0,1.0,0.0,1.0,81343.0
41.0,2.0,0.0,0.0,0.0,0.0,103.0,0.0,0.0,0.04,0.06,0.0,255.0,4.0,0.02,0.07,0.0,0.0,0.0,1.0,1.0,20642.0
45.0,5.0,0.0,0.0,0.0,0.0,131.0,1.0,1.0,0.02,0.06,0.0,255.0,11.0,0.04,0.07,0.0,1.0,1.0,0.0,1.0,117405.0
45.0,5.0,0.0,0.0,0.0,0.0,115.0,1.0,1.0,0.15,0.05,0.0,255.0,20.0,0.08,0.07,0.0,1.0,1.0,0.0,1.0,78654.0
61.0,1.0,0.0,0.0,0.0,0.0,131.0,0.0,0.0,0.05,0.08,0.0,255.0,6.0,0.02,0.07,0.0,0.0,0.0,1.0,1.0,41481.0
9.0,5.0,0.0,0.0,0.0,0.0,232.0,1.0,1.0,0.02,0.06,0.0,255.0,4.0,0.02,0.09,0.0,1.0,1.0,0.0,1.0,80143.0
45.0,9.0,1.0,0.0,0.0,0.0,7.0,0.0,0.0,1.0,0.0,0.0,255.0,7.0,0.03,0.53,0.0,0.04,0.0,0.0,1.0,25751.0
45.0,5.0,0.0,0.0,0.0,0.0,114.0,1.0,1.0,0.12,0.06,0.0,255.0,34.0,0.13,0.05,0.0,1.0,1.0,0.0,1.0,99777.0
45.0,5.0,0.0,0.0,0.0,0.0,225.0,1.0,1.0,0.05,0.06,0.0,255.0,14.0,0.05,0.08,0.0,1.0,1.0,0.0,1.0,88474.0
25.0,5.0,0.0,0.0,0.0,0.0,288.0,1.0,1.0,0.08,0.05,0.0,255.0,23.0,0.09,0.05,0.0,1.0,1.0,0.0,1.0,115787.0
45.0,5.0,0.0,0.0,0.0,0.0,181.0,1.0,1.0,0.02,0.06,0.0,255.0,16.0,0.06,0.06,0.0,1.0,1.0,0.0,1.0,86078.0
45.0,5.0,0.0,0.0,0.0,0.0,132.0,1.0,1.0,0.01,0.06,0.0,86.0,19.0,0.22,0.13,0.0,1.0,1.0,0.0,1.0,29767.0
45.0,1.0,0.0,0.0,0.0,0.0,214.0,0.0,0.0,0.01,0.07,0.0,255.0,2.0,0.01,0.08,0.0,0.0,0.0,1.0,1.0,115982.0
45.0,5.0,0.0,0.0,0.0,0.0,131.0,1.0,1.0,0.01,0.06,0.0,255.0,15.0,0.06,0.07,0.0,1.0,1.0,0.0,1.0,120557.0
4.0,1.0,0.0,0.0,0.0,0.0,261.0,0.0,0.0,0.04,0.07,0.0,255.0,11.0,0.04,0.07,0.0,0.0,0.0,1.0,1.0,115515.0
45.0,5.0,0.0,0.0,0.0,0.0,254.0,1.0,1.0,0.08,0.06,0.0,255.0,8.0,0.03,0.06,0.0,1.0,1.0,0.0,1.0,88868.0
2.0,1.0,0.0,0.0,0.0,0.0,241.0,0.0,0.0,0.0,0.07,0.0,255.0,1.0,0.0,0.07,0.0,0.0,0.0,1.0,1.0,8348.0
45.0,4.0,1.0,0.0,0.0,0.0,2.0,0.0,0.0,1.0,0.0,0.0,255.0,2.0,0.01,0.73,0.0,0.0,0.0,1.0,1.0,108498.0
13.0,9.0,8.0,0.0,0.0,0.0,1.0,0.0,0.0,1.0,0.0,1.0,2.0,118.0,1.0,0.0,0.25,0.0,0.0,0.0,1.0,62667.0
34.0,5.0,0.0,0.0,0.0,0.0,253.0,1.0,1.0,0.0,0.07,0.0,255.0,1.0,0.0,0.08,0.0,1.0,1.0,0.0,1.0,120452.0
60.0,5.0,0.0,0.0,0.0,0.0,124.0,1.0,1.0,0.1,0.06,0.0,255.0,13.0,0.05,0.06,0.0,1.0,1.0,0.0,1.0,2769.0
28.0,1.0,0.0,0.0,0.0,0.0,131.0,0.0,0.0,0.15,0.06,0.0,255.0,19.0,0.07,0.07,0.0,0.0,0.0,1.0,1.0,54304.0
45.0,5.0,0.0,0.0,0.0,0.0,173.0,1.0,1.0,0.09,0.06,0.0,255.0,11.0,0.04,0.07,0.0,1.0,1.0,0.0,1.0,69101.0
5.0,5.0,0.0,0.0,0.0,0.0,142.0,1.0,1.0,0.13,0.06,0.0,255.0,18.0,0.07,0.06,0.0,1.0,1.0,0.0,1.0,40369.0
45.0,5.0,0.0,0.0,0.0,0.0,103.0,1.0,1.0,0.03,0.07,0.0,255.0,3.0,0.01,0.09,0.0,1.0,1.0,0.0,1.0,4166.0
13.0,9.0,8.0,0.0,0.0,0.0,1.0,0.0,0.0,1.0,0.0,1.0,1.0,57.0,1.0,0.0,0.51,0.0,0.0,0.0,1.0,71648.0
41.0,1.0,0.0,0.0,0.0,0.0,511.0,0.14,0.0,0.0,1.0,0.0,255.0,1.0,0.0,1.0,0.0,0.22,0.0,1.0,1.0,70030.0
45.0,5.0,0.0,0.0,0.0,0.0,86.0,1.0,1.0,0.17,0.06,0.0,255.0,2.0,0.01,0.07,0.0,1.0,1.0,0.0,1.0,104654.0
45.0,5.0,0.0,0.0,0.0,0.0,234.0,1.0,1.0,0.06,0.06,0.0,255.0,7.0,0.03,0.09,0.0,1.0,1.0,0.0,1.0,37841.0
22.0,5.0,0.0,0.0,0.0,0.0,192.0,1.0,1.0,0.01,0.07,0.0,255.0,2.0,0.01,0.08,0.0,1.0,1.0,0.0,1.0,4539.0
20.0,5.0,0.0,0.0,0.0,0.0,167.0,1.0,1.0,0.08,0.07,0.0,255.0,14.0,0.05,0.06,0.0,1.0,1.0,0.0,1.0,11948.0
17.0,5.0,0.0,0.0,0.0,0.0,32.0,1.0,1.0,0.28,0.12,0.0,255.0,29.0,0.11,0.07,0.0,1.0,1.0,0.0,1.0,30249.0
61.0,5.0,0.0,0.0,0.0,0.0,230.0,1.0,1.0,0.05,0.07,0.0,255.0,12.0,0.05,0.08,0.0,1.0,1.0,0.0,1.0,105405.0
41.0,1.0,0.0,0.0,0.0,0.0,511.0,0.09,0.0,0.0,1.0,0.0,255.0,1.0,0.0,1.0,0.0,0.16,0.0,1.0,1.0,31927.0
45.0,5.0,0.0,0.0,0.0,0.0,237.0,1.0,1.0,0.07,0.06,0.0,255.0,17.0,0.07,0.08,0.0,1.0,1.0,0.0,1.0,57918.0
7.0,5.0,0.0,0.0,0.0,0.0,232.0,1.0,1.0,0.01,0.06,0.0,255.0,1.0,0.0,0.07,0.0,1.0,1.0,0.0,1.0,38862.0
34.0,1.0,0.0,0.0,0.0,0.0,206.0,0.0,0.0,0.03,0.08,0.0,255.0,6.0,0.02,0.09,0.0,0.0,0.0,1.0,1.0,82935.0
19.0,1.0,0.0,0.0,0.0,0.0,465.0,0.07,0.0,0.02,0.98,0.0,255.0,10.0,0.04,0.96,0.0,0.08,0.0,1.0,1.0,28729.0
13.0,9.0,8.0,0.0,0.0,0.0,1.0,0.0,0.0,1.0,0.0,1.0,2.0,18.0,1.0,0.0,0.5,0.0,0.0,0.0,1.0,33254.0
19.0,9.0,334.0,0.0,0.0,1.0,1.0,0.0,0.0,1.0,0.0,0.0,6.0,38.0,1.0,0.0,0.13,0.0,0.0,0.0,1.0,98975.0
41.0,1.0,0.0,0.0,0.0,0.0,496.0,0.08,0.0,0.0,0.95,0.0,255.0,1.0,0.0,0.91,0.0,0.08,0.0,1.0,1.0,38298.0
4.0,5.0,0.0,0.0,0.0,0.0,203.0,1.0,1.0,0.01,0.07,0.0,255.0,3.0,0.01,0.08,0.0,1.0,1.0,0.0,1.0,36727.0
13.0,9.0,8.0,0.0,0.0,0.0,1.0,0.0,0.0,1.0,0.0,1.0,3.0,235.0,1.0,0.0,0.25,0.0,0.0,0.0,1.0,30851.0
13.0,9.0,8.0,0.0,0.0,0.0,1.0,0.0,0.0,1.0,0.0,1.0,1.0,59.0,1.0,0.0,0.53,0.0,0.0,0.0,1.0,77327.0
45.0,5.0,0.0,0.0,0.0,0.0,65.0,1.0,1.0,0.05,0.08,0.0,255.0,17.0,0.07,0.07,0.0,1.0,1.0,0.0,1.0,80109.0
25.0,1.0,0.0,0.0,0.0,0.0,285.0,0.0,0.0,0.05,0.06,0.0,255.0,13.0,0.05,0.07,0.0,0.0,0.0,1.0,1.0,96678.0
38.0,5.0,0.0,0.0,0.0,0.0,109.0,1.0,1.0,0.14,0.06,0.0,217.0,15.0,0.07,0.06,0.0,1.0,1.0,0.0,1.0,40610.0
2.0,1.0,0.0,0.0,0.0,0.0,205.0,0.0,0.0,0.02,0.07,0.0,255.0,4.0,0.02,0.07,0.0,0.0,0.0,1.0,1.0,75497.0
45.0,5.0,0.0,0.0,0.0,0.0,109.0,1.0,1.0,0.1,0.05,0.0,255.0,11.0,0.04,0.04,0.0,1.0,1.0,0.0,1.0,62423.0
13.0,9.0,8.0,0.0,0.0,0.0,1.0,0.0,0.0,1.0,0.0,1.0,1.0,45.0,1.0,0.0,0.51,0.0,0.0,0.0,1.0,103595.0
45.0,1.0,0.0,0.0,0.0,0.0,9.0,0.0,0.0,1.0,0.0,0.0,255.0,27.0,0.11,0.06,0.0,0.0,0.0,1.0,1.0,17323.0
19.0,1.0,0.0,0.0,0.0,0.0,137.0,0.0,0.0,0.12,0.07,0.0,255.0,1.0,0.0,0.07,0.0,0.0,0.0,1.0,1.0,27659.0
45.0,5.0,0.0,0.0,0.0,0.0,190.0,1.0,1.0,0.1,0.07,0.0,255.0,19.0,0.07,0.07,0.0,1.0,1.0,0.0,1.0,22553.0
45.0,5.0,0.0,0.0,0.0,0.0,68.0,1.0,1.0,0.13,0.07,0.0,218.0,9.0,0.04,0.06,0.0,1.0,1.0,0.0,1.0,79541.0
38.0,5.0,0.0,0.0,0.0,0.0,102.0,1.0,1.0,0.09,0.06,0.0,255.0,16.0,0.06,0.05,0.0,1.0,1.0,0.0,1.0,119404.0
27.0,1.0,0.0,0.0,0.0,0.0,150.0,0.0,0.0,0.08,0.05,0.0,255.0,12.0,0.05,0.06,0.0,0.0,0.0,1.0,1.0,99428.0
39.0,5.0,0.0,0.0,0.0,0.0,299.0,1.0,1.0,0.08,0.05,0.0,255.0,24.0,0.09,0.05,0.0,1.0,1.0,0.0,1.0,33151.0
7.0,5.0,0.0,0.0,0.0,0.0,245.0,1.0,1.0,0.07,0.06,0.0,255.0,3.0,0.01,0.07,0.0,1.0,1.0,0.0,1.0,13085.0
14.0,9.0,1032.0,0.0,0.0,0.0,511.0,0.0,0.0,1.0,0.0,0.0,255.0,207.0,0.81,0.02,0.0,0.0,0.0,0.0,1.0,15343.0
13.0,9.0,8.0,0.0,0.0,0.0,1.0,0.0,0.0,1.0,0.0,1.0,1.0,20.0,1.0,0.0,0.55,0.0,0.0,0.0,1.0,39309.0
41.0,1.0,0.0,0.0,0.0,0.0,397.0,0.09,0.0,0.0,1.0,0.0,255.0,1.0,0.0,1.0,0.0,0.11,0.0,1.0,1.0,105295.0
57.0,5.0,0.0,0.0,0.0,0.0,115.0,1.0,1.0,0.09,0.07,0.0,255.0,10.0,0.04,0.07,0.0,1.0,1.0,0.0,1.0,95339.0
22.0,1.0,0.0,0.0,0.0,0.0,270.0,0.0,0.0,0.04,0.06,0.0,255.0,10.0,0.04,0.07,0.0,0.0,0.0,1.0,1.0,10697.0
57.0,5.0,0.0,0.0,0.0,0.0,296.0,1.0,1.0,0.06,0.06,0.0,255.0,19.0,0.07,0.07,0.0,1.0,1.0,0.0,1.0,123433.0
45.0,5.0,0.0,0.0,0.0,0.0,109.0,1.0,1.0,0.15,0.06,0.0,255.0,10.0,0.04,0.06,0.0,1.0,1.0,0.0,1.0,49611.0
45.0,5.0,0.0,0.0,0.0,0.0,240.0,1.0,1.0,0.1,0.04,0.0,255.0,23.0,0.09,0.05,0.0,1.0,1.0,0.0,1.0,118505.0
13.0,9.0,8.0,0.0,0.0,0.0,1.0,0.0,0.0,1.0,0.0,1.0,1.0,207.0,1.0,0.0,0.5,0.0,0.0,0.0,1.0,9532.0
14.0,9.0,520.0,0.0,0.0,0.0,177.0,0.0,0.0,1.0,0.0,0.0,255.0,255.0,1.0,0.0,0.0,0.0,0.0,0.0,1.0,1933.0
23.0,10.0,0.0,0.0,0.0,0.0,1.0,1.0,1.0,1.0,0.0,0.0,255.0,1.0,0.0,1.0,0.0,1.0,1.0,0.0,1.0,14552.0
25.0,9.0,0.0,0.0,0.0,0.0,4.0,0.5,0.58,1.0,0.0,0.28,4.0,4.0,1.0,0.0,0.0,0.5,0.5,0.0,1.0,103765.0
45.0,9.0,215.0,0.0,0.0,0.0,1.0,0.0,0.0,1.0,0.0,0.0,163.0,139.0,0.85,0.01,0.0,0.0,0.0,0.0,1.0,20096.0
41.0,1.0,0.0,0.0,0.0,0.0,511.0,0.08,0.0,0.0,1.0,0.0,255.0,1.0,0.0,1.0,0.0,0.15,0.0,1.0,1.0,56749.0
45.0,5.0,0.0,0.0,0.0,0.0,206.0,1.0,1.0,0.03,0.06,0.0,255.0,4.0,0.02,0.08,0.0,1.0,1.0,0.0,1.0,31286.0
12.0,5.0,0.0,0.0,0.0,0.0,200.0,1.0,1.0,0.05,0.06,0.0,255.0,11.0,0.04,0.07,0.0,1.0,1.0,0.0,1.0,117336.0
13.0,9.0,8.0,0.0,0.0,0.0,1.0,0.0,0.0,1.0,0.0,1.0,1.0,45.0,1.0,0.0,0.51,0.0,0.0,0.0,1.0,109724.0
3.0,5.0,0.0,0.0,0.0,0.0,239.0,1.0,1.0,0.1,0.05,0.0,255.0,23.0,0.09,0.05,0.0,1.0,1.0,0.0,1.0,17969.0
22.0,5.0,0.0,0.0,0.0,0.0,226.0,1.0,1.0,0.03,0.06,0.0,255.0,6.0,0.02,0.07,0.0,1.0,1.0,0.0,1.0,81845.0
14.0,9.0,1032.0,0.0,0.0,0.0,511.0,0.0,0.0,1.0,0.0,0.0,115.0,21.0,0.18,0.06,0.0,0.02,0.0,0.0,1.0,30267.0
55.0,5.0,0.0,0.0,0.0,0.0,65.0,1.0,1.0,0.09,0.06,0.0,255.0,6.0,0.02,0.05,0.0,1.0,1.0,0.0,1.0,3492.0
45.0,9.0,28.0,0.0,3.0,0.0,34.0,0.0,0.0,1.0,0.0,0.0,255.0,34.0,0.13,0.01,0.0,0.0,0.0,0.0,1.0,30550.0
45.0,1.0,0.0,0.0,0.0,0.0,111.0,0.0,0.0,0.08,0.06,0.0,12.0,3.0,0.25,0.17,0.0,0.0,0.0,1.0,1.0,77506.0
5.0,1.0,0.0,0.0,0.0,0.0,125.0,0.0,0.0,0.02,0.07,0.0,255.0,2.0,0.01,0.07,0.0,0.0,0.0,1.0,1.0,64009.0
45.0,5.0,0.0,0.0,0.0,0.0,287.0,1.0,1.0,0.01,0.06,0.0,255.0,14.0,0.05,0.07,0.0,1.0,1.0,0.0,1.0,25573.0
45.0,5.0,0.0,0.0,0.0,0.0,290.0,1.0,1.0,0.04,0.06,0.0,255.0,11.0,0.04,0.07,0.0,1.0,1.0,0.0,1.0,68595.0
45.0,5.0,0.0,0.0,0.0,0.0,69.0,1.0,1.0,0.29,0.07,0.0,255.0,3.0,0.01,0.07,0.0,1.0,1.0,0.0,1.0,22599.0
5.0,5.0,0.0,0.0,0.0,0.0,150.0,1.0,1.0,0.13,0.06,0.0,255.0,8.0,0.03,0.06,0.0,1.0,1.0,0.0,1.0,107628.0
22.0,5.0,0.0,0.0,0.0,0.0,6.0,1.0,1.0,0.83,0.33,0.0,255.0,65.0,0.25,0.02,0.0,1.0,1.0,0.0,1.0,77056.0
45.0,5.0,0.0,0.0,0.0,0.0,241.0,1.0,1.0,0.02,0.07,0.0,255.0,6.0,0.02,0.09,0.0,1.0,1.0,0.0,1.0,18254.0
17.0,5.0,0.0,0.0,0.0,0.0,286.0,1.0,1.0,0.07,0.06,0.0,255.0,20.0,0.08,0.06,0.0,1.0,1.0,0.0,1.0,14879.0
45.0,9.0,1.0,0.0,0.0,0.0,11.0,0.0,0.0,0.18,0.73,0.0,255.0,2.0,0.01,0.06,0.0,0.0,0.0,0.0,1.0,123416.0
41.0,1.0,0.0,0.0,0.0,0.0,475.0,0.07,0.0,0.0,0.96,0.0,255.0,1.0,0.0,0.93,0.0,0.08,0.0,1.0,1.0,88144.0
13.0,9.0,8.0,0.0,0.0,0.0,1.0,0.0,0.0,1.0,0.0,1.0,1.0,28.0,1.0,0.0,0.54,0.0,0.0,0.0,1.0,98343.0
13.0,9.0,8.0,0.0,0.0,0.0,1.0,0.0,0.0,1.0,0.0,1.0,1.0,133.0,1.0,0.0,0.26,0.0,0.0,0.0,1.0,98868.0
45.0,10.0,0.0,0.0,0.0,0.0,1.0,1.0,1.0,1.0,0.0,0.0,209.0,1.0,0.0,0.95,0.0,0.96,1.0,0.0,1.0,123298.0
4.0,5.0,0.0,0.0,0.0,0.0,277.0,1.0,1.0,0.04,0.05,0.0,255.0,11.0,0.04,0.05,0.0,1.0,1.0,0.0,1.0,25429.0
45.0,5.0,0.0,0.0,0.0,0.0,162.0,1.0,1.0,0.04,0.09,0.0,255.0,7.0,0.03,0.08,0.0,1.0,1.0,0.0,1.0,90063.0
13.0,9.0,8.0,0.0,0.0,0.0,1.0,0.0,0.0,1.0,0.0,1.0,1.0,21.0,1.0,0.0,0.52,0.0,0.0,0.0,1.0,21604.0
45.0,4.0,1.0,0.0,0.0,0.0,2.0,0.0,0.0,1.0,0.0,0.0,255.0,2.0,0.01,0.73,0.0,0.0,0.0,1.0,1.0,3650.0
45.0,1.0,0.0,0.0,0.0,0.0,124.0,0.0,0.0,0.08,0.06,0.0,199.0,10.0,0.05,0.07,0.0,0.0,0.0,1.0,1.0,87615.0
22.0,5.0,0.0,0.0,0.0,0.0,22.0,1.0,1.0,0.41,0.18,0.0,255.0,66.0,0.26,0.02,0.0,1.0,1.0,0.0,1.0,92635.0
45.0,5.0,0.0,0.0,0.0,0.0,100.0,1.0,1.0,0.08,0.06,0.0,255.0,8.0,0.03,0.05,0.0,1.0,1.0,0.0,1.0,68101.0
32.0,5.0,0.0,0.0,0.0,0.0,231.0,1.0,1.0,0.03,0.06,0.0,255.0,6.0,0.02,0.07,0.0,1.0,1.0,0.0,1.0,23334.0
53.0,5.0,0.0,0.0,0.0,0.0,130.0,1.0,1.0,0.12,0.08,0.0,255.0,16.0,0.06,0.07,0.0,1.0,1.0,0.0,1.0,66661.0
27.0,5.0,0.0,0.0,0.0,0.0,101.0,1.0,1.0,0.12,0.07,0.0,255.0,6.0,0.02,0.07,0.0,1.0,1.0,0.0,1.0,86146.0
14.0,9.0,1032.0,0.0,0.0,0.0,511.0,0.0,0.0,1.0,0.0,0.0,255.0,165.0,0.65,0.02,0.0,0.0,0.0,0.0,1.0,88782.0
19.0,5.0,0.0,0.0,0.0,0.0,197.0,1.0,1.0,0.06,0.06,0.0,255.0,12.0,0.05,0.07,0.0,1.0,1.0,0.0,1.0,37894.0
14.0,9.0,1032.0,0.0,0.0,0.0,248.0,0.0,0.0,1.0,0.0,0.0,255.0,255.0,1.0,0.0,0.0,0.0,0.0,0.0,1.0,7916.0
45.0,5.0,0.0,0.0,0.0,0.0,257.0,1.0,1.0,0.07,0.06,0.0,255.0,3.0,0.01,0.09,0.0,1.0,1.0,0.0,1.0,44873.0
45.0,4.0,1.0,0.0,0.0,0.0,2.0,0.0,0.0,1.0,0.0,0.0,202.0,2.0,0.01,0.21,0.0,0.0,0.0,1.0,1.0,120324.0
15.0,5.0,0.0,0.0,0.0,0.0,133.0,1.0,1.0,0.07,0.06,0.0,255.0,9.0,0.04,0.06,0.0,1.0,1.0,0.0,1.0,122325.0
22.0,5.0,0.0,0.0,0.0,0.0,256.0,1.0,1.0,0.02,0.07,0.0,255.0,6.0,0.02,0.08,0.0,1.0,1.0,0.0,1.0,12815.0
33.0,5.0,0.0,0.0,0.0,0.0,234.0,1.0,1.0,0.01,0.07,0.0,255.0,3.0,0.01,0.07,0.0,1.0,1.0,0.0,1.0,11523.0
45.0,5.0,0.0,0.0,0.0,0.0,76.0,1.0,1.0,0.01,0.08,0.0,255.0,14.0,0.05,0.07,0.0,1.0,1.0,0.0,1.0,15442.0
45.0,1.0,0.0,0.0,0.0,0.0,142.0,0.0,0.0,0.1,0.06,0.0,255.0,5.0,0.02,0.07,0.0,0.0,0.0,1.0,1.0,65899.0
55.0,5.0,0.0,0.0,0.0,0.0,63.0,1.0,1.0,0.21,0.06,0.0,255.0,55.0,0.22,0.04,0.0,1.0,1.0,0.0,1.0,63278.0
38.0,5.0,0.0,0.0,0.0,0.0,148.0,1.0,1.0,0.01,0.06,0.0,255.0,1.0,0.0,0.07,0.0,1.0,1.0,0.0,1.0,70618.0
56.0,9.0,564.0,0.0,0.0,0.0,1.0,0.0,0.0,1.0,0.0,0.0,1.0,1.0,1.0,0.0,0.0,0.0,0.0,0.0,1.0,1143.0
38.0,5.0,0.0,0.0,0.0,0.0,66.0,1.0,1.0,0.05,0.08,0.0,255.0,3.0,0.01,0.07,0.0,1.0,1.0,0.0,1.0,52923.0
6.0,5.0,0.0,0.0,0.0,0.0,112.0,1.0,1.0,0.12,0.06,0.0,255.0,12.0,0.05,0.06,0.0,1.0,1.0,0.0,1.0,79839.0
45.0,9.0,1.0,0.0,0.0,0.0,23.0,0.0,0.0,0.87,0.09,0.0,255.0,33.0,0.13,0.67,0.0,0.05,0.0,0.0,1.0,86172.0
45.0,4.0,1.0,0.0,0.0,0.0,2.0,0.0,0.0,1.0,0.0,0.0,255.0,2.0,0.01,0.36,0.0,0.0,0.0,1.0,1.0,15993.0
45.0,9.0,1.0,0.0,0.0,0.0,133.0,0.0,0.0,0.85,0.03,0.0,255.0,155.0,0.61,0.05,0.0,0.0,0.0,0.0,1.0,79024.0
45.0,5.0,0.0,0.0,0.0,0.0,122.0,1.0,1.0,0.15,0.07,0.0,255.0,19.0,0.07,0.07,0.0,1.0,1.0,0.0,1.0,61697.0
45.0,9.0,215.0,0.0,0.0,0.0,1.0,0.0,0.0,1.0,0.0,0.0,111.0,95.0,0.86,0.02,0.0,0.0,0.0,0.0,1.0,121123.0
14.0,9.0,1032.0,0.0,0.0,0.0,511.0,0.0,0.0,1.0,0.0,0.0,255.0,209.0,0.82,0.02,0.0,0.0,0.0,0.0,1.0,5603.0
28.0,5.0,0.0,0.0,0.0,0.0,113.0,1.0,1.0,0.09,0.06,0.0,255.0,8.0,0.03,0.05,0.0,1.0,1.0,0.0,1.0,123914.0
53.0,5.0,0.0,0.0,0.0,0.0,263.0,1.0,1.0,0.06,0.05,0.0,255.0,16.0,0.06,0.05,0.0,1.0,1.0,0.0,1.0,2683.0
35.0,5.0,0.0,0.0,0.0,0.0,207.0,1.0,1.0,0.02,0.06,0.0,255.0,20.0,0.08,0.06,0.0,1.0,1.0,0.0,1.0,62848.0
51.0,5.0,0.0,0.0,0.0,0.0,217.0,1.0,1.0,0.07,0.06,0.0,255.0,16.0,0.06,0.07,0.0,1.0,1.0,0.0,1.0,76109.0
22.0,5.0,0.0,0.0,0.0,0.0,56.0,1.0,1.0,0.27,0.07,0.0,136.0,35.0,0.26,0.03,0.0,1.0,1.0,0.0,1.0,58820.0
41.0,9.0,1.0,0.0,0.0,0.0,18.0,0.0,0.0,0.06,0.5,0.0,255.0,1.0,0.0,0.18,0.0,0.0,0.0,0.0,1.0,123336.0
45.0,10.0,0.0,0.0,0.0,0.0,1.0,1.0,1.0,1.0,0.0,0.0,35.0,1.0,0.03,0.74,0.0,0.77,1.0,0.0,1.0,1228.0
45.0,5.0,0.0,0.0,0.0,0.0,219.0,1.0,1.0,0.0,0.05,0.0,255.0,1.0,0.0,0.06,0.0,1.0,1.0,0.0,1.0,105222.0
19.0,9.0,334.0,0.0,0.0,1.0,2.0,0.0,0.0,1.0,0.0,0.0,8.0,34.0,1.0,0.0,0.15,0.0,0.0,0.0,1.0,56027.0
45.0,5.0,0.0,0.0,0.0,0.0,144.0,1.0,1.0,0.12,0.06,0.0,255.0,4.0,0.02,0.07,0.0,1.0,1.0,0.0,1.0,35310.0
63.0,5.0,0.0,0.0,0.0,0.0,104.0,1.0,1.0,0.04,0.07,0.0,255.0,4.0,0.02,0.07,0.0,1.0,1.0,0.0,1.0,90254.0
18.0,5.0,0.0,0.0,0.0,0.0,218.0,1.0,1.0,0.0,0.06,0.0,255.0,1.0,0.0,0.07,0.0,1.0,1.0,0.0,1.0,101949.0
45.0,5.0,0.0,0.0,0.0,0.0,223.0,1.0,1.0,0.03,0.07,0.0,255.0,8.0,0.03,0.08,0.0,1.0,1.0,0.0,1.0,105879.0
14.0,9.0,8.0,0.0,0.0,0.0,1.0,0.0,0.0,1.0,0.0,0.0,6.0,6.0,1.0,0.0,0.0,0.0,0.0,0.0,1.0,13272.0
61.0,5.0,0.0,0.0,0.0,0.0,275.0,1.0,1.0,0.05,0.06,0.0,255.0,7.0,0.03,0.07,0.0,1.0,1.0,0.0,1.0,14923.0
61.0,5.0,0.0,0.0,0.0,0.0,120.0,1.0,1.0,0.04,0.07,0.0,255.0,5.0,0.02,0.07,0.0,1.0,1.0,0.0,1.0,42430.0
2.0,5.0,0.0,0.0,0.0,0.0,281.0,1.0,1.0,0.07,0.05,0.0,255.0,20.0,0.08,0.05,0.0,1.0,1.0,0.0,1.0,63500.0
25.0,1.0,0.0,0.0,0.0,0.0,262.0,0.0,0.0,0.07,0.06,0.0,255.0,18.0,0.07,0.07,0.0,0.0,0.0,1.0,1.0,97203.0
57.0,5.0,0.0,0.0,0.0,0.0,203.0,1.0,1.0,0.1,0.06,0.0,255.0,20.0,0.08,0.07,0.0,1.0,1.0,0.0,1.0,112620.0
3.0,5.0,0.0,0.0,0.0,0.0,272.0,1.0,1.0,0.06,0.04,0.0,255.0,17.0,0.07,0.05,0.0,1.0,1.0,0.0,1.0,78228.0
52.0,5.0,0.0,0.0,0.0,0.0,284.0,1.0,1.0,0.06,0.06,0.0,255.0,18.0,0.07,0.08,0.0,1.0,1.0,0.0,1.0,30241.0
45.0,9.0,1.0,0.0,0.0,0.0,14.0,0.0,0.0,0.79,0.14,0.0,255.0,11.0,0.04,0.94,0.0,0.03,0.0,0.0,1.0,84499.0
3.0,5.0,0.0,0.0,0.0,0.0,254.0,1.0,1.0,0.04,0.07,0.0,255.0,10.0,0.04,0.08,0.0,1.0,1.0,0.0,1.0,51233.0
10.0,5.0,0.0,0.0,0.0,0.0,210.0,1.0,1.0,0.06,0.05,0.0,255.0,12.0,0.05,0.06,0.0,1.0,1.0,0.0,1.0,85189.0
53.0,1.0,0.0,0.0,0.0,0.0,218.0,0.0,0.0,0.0,0.07,0.0,255.0,1.0,0.0,0.09,0.0,0.0,0.0,1.0,1.0,9519.0
13.0,9.0,8.0,0.0,0.0,0.0,1.0,0.0,0.0,1.0,0.0,1.0,1.0,67.0,1.0,0.0,0.51,0.0,0.0,0.0,1.0,17842.0
14.0,9.0,1032.0,0.0,0.0,0.0,511.0,0.0,0.0,1.0,0.0,0.0,255.0,165.0,0.65,0.02,0.0,0.0,0.0,0.0,1.0,113708.0
45.0,9.0,28.0,0.0,3.0,0.0,67.0,0.01,0.0,0.99,0.03,0.0,255.0,66.0,0.26,0.01,0.0,0.0,0.0,0.0,1.0,1974.0
25.0,5.0,0.0,0.0,0.0,0.0,292.0,1.0,1.0,0.06,0.05,0.0,255.0,5.0,0.02,0.07,0.0,1.0,1.0,0.0,1.0,121315.0
45.0,5.0,0.0,0.0,0.0,0.0,200.0,1.0,1.0,0.0,0.06,0.0,255.0,6.0,0.02,0.07,0.0,1.0,1.0,0.0,1.0,20170.0
14.0,9.0,1032.0,0.0,0.0,0.0,276.0,0.0,0.0,1.0,0.0,0.0,255.0,255.0,1.0,0.0,0.0,0.0,0.0,0.0,1.0,18701.0
19.0,5.0,0.0,0.0,0.0,0.0,146.0,1.0,1.0,0.12,0.05,0.0,255.0,11.0,0.04,0.07,0.0,1.0,1.0,0.0,1.0,52337.0
63.0,5.0,0.0,0.0,0.0,0.0,205.0,1.0,1.0,0.0,0.06,0.0,255.0,1.0,0.0,0.07,0.0,1.0,1.0,0.0,1.0,31160.0
45.0,5.0,0.0,0.0,0.0,0.0,103.0,1.0,1.0,0.05,0.07,0.0,255.0,5.0,0.02,0.06,0.0,1.0,1.0,0.0,1.0,117222.0
45.0,5.0,0.0,0.0,0.0,0.0,245.0,1.0,1.0,0.02,0.06,0.0,255.0,17.0,0.07,0.08,0.0,1.0,1.0,0.0,1.0,39883.0
41.0,1.0,0.0,0.0,0.0,0.0,509.0,0.21,0.0,0.0,1.0,0.0,255.0,1.0,0.0,1.0,0.0,0.23,0.0,1.0,1.0,111767.0
51.0,1.0,0.0,0.0,0.0,0.0,238.0,0.0,0.0,0.07,0.06,0.0,255.0,17.0,0.07,0.07,0.0,0.0,0.0,1.0,1.0,93696.0
45.0,1.0,0.0,0.0,0.0,0.0,2.0,0.0,0.0,0.5,1.0,0.0,255.0,1.0,0.0,0.44,0.0,0.15,0.0,1.0,1.0,93348.0
5.0,5.0,0.0,0.0,0.0,0.0,126.0,1.0,1.0,0.13,0.06,0.0,255.0,17.0,0.07,0.05,0.0,1.0,1.0,0.0,1.0,17475.0
45.0,5.0,0.0,0.0,0.0,0.0,148.0,1.0,1.0,0.07,0.05,0.0,255.0,31.0,0.12,0.05,0.0,1.0,1.0,0.0,1.0,30124.0
10.0,5.0,0.0,0.0,0.0,0.0,98.0,1.0,1.0,0.08,0.06,0.0,255.0,7.0,0.03,0.07,0.0,1.0,1.0,0.0,1.0,125589.0
31.0,5.0,0.0,0.0,0.0,0.0,111.0,1.0,1.0,0.11,0.06,0.0,255.0,20.0,0.08,0.06,0.0,1.0,1.0,0.0,1.0,63429.0
13.0,9.0,18.0,0.0,0.0,0.0,1.0,0.0,0.0,1.0,0.0,0.0,1.0,9.0,1.0,0.0,1.0,0.0,0.0,0.0,1.0,97392.0
45.0,5.0,0.0,0.0,0.0,0.0,204.0,1.0,1.0,0.01,0.07,0.0,255.0,2.0,0.01,0.1,0.0,1.0,1.0,0.0,1.0,68521.0
45.0,5.0,0.0,0.0,0.0,0.0,156.0,1.0,1.0,0.07,0.08,0.0,255.0,11.0,0.04,0.08,0.0,1.0,1.0,0.0,1.0,55542.0
45.0,5.0,0.0,0.0,0.0,0.0,188.0,1.0,1.0,0.03,0.05,0.0,255.0,5.0,0.02,0.05,0.0,1.0,1.0,0.0,1.0,79086.0
14.0,9.0,520.0,0.0,0.0,0.0,290.0,0.0,0.0,1.0,0.0,0.0,255.0,255.0,1.0,0.0,0.0,0.0,0.0,0.0,1.0,50027.0
17.0,5.0,0.0,0.0,0.0,0.0,65.0,1.0,1.0,0.29,0.06,0.0,255.0,59.0,0.23,0.02,0.0,1.0,1.0,0.0,1.0,50018.0
41.0,1.0,0.0,0.0,0.0,0.0,509.0,0.08,0.0,0.0,1.0,0.0,255.0,1.0,0.0,1.0,0.0,0.14,0.0,1.0,1.0,95408.0
45.0,5.0,0.0,0.0,0.0,0.0,229.0,1.0,1.0,0.03,0.05,0.0,170.0,8.0,0.05,0.07,0.0,0.92,1.0,0.0,1.0,20208.0
20.0,1.0,0.0,0.0,0.0,0.0,132.0,0.0,0.0,0.02,0.09,0.0,255.0,3.0,0.01,0.09,0.0,0.0,0.0,1.0,1.0,68730.0
45.0,9.0,28.0,0.0,3.0,0.0,11.0,0.0,0.0,1.0,0.0,0.0,255.0,78.0,0.31,0.01,0.0,0.0,0.0,0.0,1.0,9350.0
4.0,5.0,0.0,0.0,0.0,0.0,274.0,1.0,1.0,0.04,0.06,0.0,255.0,12.0,0.05,0.07,0.0,1.0,1.0,0.0,1.0,87697.0
14.0,9.0,1032.0,0.0,0.0,0.0,380.0,0.0,0.0,1.0,0.0,0.0,121.0,27.0,0.22,0.06,0.0,0.02,0.0,0.0,1.0,99729.0
51.0,5.0,0.0,0.0,0.0,0.0,253.0,1.0,1.0,0.07,0.06,0.0,255.0,18.0,0.07,0.07,0.0,1.0,1.0,0.0,1.0,63617.0
3.0,5.0,0.0,0.0,0.0,0.0,299.0,1.0,1.0,0.07,0.06,0.0,255.0,20.0,0.08,0.08,0.0,1.0,1.0,0.0,1.0,74288.0
13.0,9.0,8.0,0.0,0.0,0.0,1.0,0.0,0.0,1.0,0.0,0.0,1.0,43.0,1.0,0.0,0.51,0.0,0.0,0.0,1.0,79440.0
45.0,5.0,0.0,0.0,0.0,0.0,79.0,1.0,1.0,0.24,0.05,0.0,68.0,1.0,0.01,0.16,0.0,1.0,1.0,0.0,1.0,32972.0
15.0,5.0,0.0,0.0,0.0,0.0,140.0,1.0,1.0,0.11,0.06,0.0,255.0,16.0,0.06,0.06,0.0,1.0,1.0,0.0,1.0,79736.0
13.0,9.0,8.0,0.0,0.0,0.0,1.0,0.0,0.0,1.0,0.0,1.0,2.0,80.0,1.0,0.0,0.5,0.0,0.0,0.0,1.0,34785.0
14.0,9.0,1032.0,0.0,0.0,0.0,511.0,0.0,0.0,1.0,0.0,0.0,193.0,48.0,0.25,0.02,0.0,0.0,0.0,0.0,1.0,109039.0
14.0,9.0,520.0,0.0,0.0,0.0,183.0,0.0,0.0,1.0,0.0,0.0,255.0,255.0,1.0,0.0,0.0,0.0,0.0,0.0,1.0,103490.0
22.0,1.0,0.0,0.0,0.0,0.0,227.0,0.0,0.0,0.05,0.07,0.0,255.0,11.0,0.04,0.08,0.0,0.0,0.0,1.0,1.0,8413.0
21.0,1.0,0.0,0.0,0.0,0.0,289.0,0.0,0.0,0.05,0.06,0.0,255.0,15.0,0.06,0.07,0.0,0.0,0.0,1.0,1.0,117264.0
25.0,10.0,0.0,0.0,0.0,0.0,1.0,1.0,0.58,1.0,0.0,0.28,1.0,1.0,1.0,0.0,0.0,1.0,1.0,0.0,1.0,64553.0
38.0,1.0,0.0,0.0,0.0,0.0,113.0,0.0,0.0,0.03,0.07,0.0,255.0,3.0,0.01,0.07,0.0,0.0,0.0,1.0,1.0,16300.0
45.0,5.0,0.0,0.0,0.0,0.0,199.0,1.0,1.0,0.07,0.09,0.0,255.0,13.0,0.05,0.08,0.0,1.0,1.0,0.0,1.0,31480.0
30.0,1.0,0.0,0.0,0.0,0.0,255.0,0.0,0.0,0.05,0.07,0.0,255.0,14.0,0.05,0.08,0.0,0.0,0.0,1.0,1.0,8951.0
12.0,5.0,0.0,0.0,0.0,0.0,198.0,1.0,1.0,0.01,0.06,0.0,255.0,12.0,0.05,0.07,0.0,1.0,1.0,0.0,1.0,20921.0
13.0,9.0,8.0,0.0,0.0,0.0,1.0,0.0,0.0,1.0,0.0,1.0,2.0,68.0,1.0,0.0,0.5,0.0,0.0,0.0,1.0,38787.0
45.0,1.0,0.0,0.0,0.0,0.0,266.0,0.08,0.0,0.0,1.0,0.0,255.0,1.0,0.0,1.0,0.0,0.08,0.0,1.0,1.0,10930.0
45.0,9.0,1.0,0.0,0.0,0.0,51.0,0.0,0.0,0.22,0.08,0.0,255.0,22.0,0.09,0.59,0.0,0.16,0.0,0.0,1.0,88414.0
45.0,5.0,0.0,0.0,0.0,0.0,132.0,1.0,1.0,0.15,0.07,0.0,255.0,2.0,0.01,0.08,0.0,1.0,1.0,0.0,1.0,83118.0
34.0,5.0,0.0,0.0,0.0,0.0,198.0,1.0,1.0,0.04,0.07,0.0,255.0,7.0,0.03,0.07,0.0,1.0,1.0,0.0,1.0,4000.0
45.0,5.0,0.0,0.0,0.0,0.0,138.0,1.0,1.0,0.04,0.06,0.0,255.0,13.0,0.05,0.06,0.0,1.0,1.0,0.0,1.0,77968.0
52.0,5.0,0.0,0.0,0.0,0.0,140.0,1.0,1.0,0.08,0.06,0.0,255.0,5.0,0.02,0.06,0.0,1.0,1.0,0.0,1.0,83480.0
45.0,5.0,0.0,0.0,0.0,0.0,105.0,1.0,1.0,0.12,0.06,0.0,255.0,12.0,0.05,0.07,0.0,1.0,1.0,0.0,1.0,38985.0
45.0,1.0,0.0,0.0,0.0,0.0,1.0,0.0,0.0,1.0,0.0,0.0,255.0,1.0,0.0,0.34,0.0,0.0,0.0,1.0,1.0,13860.0
45.0,4.0,1.0,0.0,0.0,0.0,2.0,0.0,0.0,1.0,0.0,0.0,255.0,2.0,0.01,0.75,0.0,0.0,0.0,1.0,1.0,82927.0
51.0,5.0,0.0,0.0,0.0,0.0,237.0,1.0,1.0,0.04,0.06,0.0,255.0,10.0,0.04,0.07,0.0,1.0,1.0,0.0,1.0,14628.0
45.0,5.0,0.0,0.0,0.0,0.0,105.0,1.0,1.0,0.05,0.07,0.0,103.0,5.0,0.05,0.09,0.0,1.0,1.0,0.0,1.0,94588.0
28.0,5.0,0.0,0.0,0.0,0.0,104.0,1.0,1.0,0.01,0.07,0.0,255.0,19.0,0.07,0.05,0.0,1.0,1.0,0.0,1.0,15589.0
45.0,5.0,0.0,0.0,0.0,0.0,116.0,1.0,1.0,0.15,0.07,0.0,255.0,17.0,0.07,0.07,0.0,1.0,1.0,0.0,1.0,73761.0
15.0,5.0,0.0,0.0,0.0,0.0,98.0,1.0,1.0,0.01,0.05,0.0,255.0,1.0,0.0,0.05,0.0,1.0,1.0,0.0,1.0,120904.0
45.0,1.0,0.0,0.0,0.0,0.0,2.0,0.0,0.0,0.5,1.0,0.0,255.0,1.0,0.0,0.93,0.0,0.0,0.0,1.0,1.0,120238.0
13.0,9.0,8.0,0.0,0.0,0.0,1.0,0.0,0.0,1.0,0.0,1.0,1.0,81.0,1.0,0.0,0.51,0.0,0.0,0.0,1.0,66353.0
14.0,9.0,8.0,0.0,0.0,0.0,2.0,0.0,0.0,1.0,0.0,0.0,2.0,2.0,1.0,0.0,0.0,0.0,0.0,0.0,1.0,23632.0
12.0,5.0,0.0,0.0,0.0,0.0,40.0,1.0,1.0,0.03,0.12,0.0,255.0,12.0,0.05,0.07,0.0,1.0,1.0,0.0,1.0,82063.0
45.0,5.0,0.0,0.0,0.0,0.0,75.0,1.0,1.0,0.31,0.07,0.0,255.0,23.0,0.09,0.05,0.0,1.0,1.0,0.0,1.0,124274.0
45.0,5.0,0.0,0.0,0.0,0.0,201.0,1.0,1.0,0.06,0.07,0.0,255.0,12.0,0.05,0.06,0.0,1.0,1.0,0.0,1.0,62917.0
16.0,2.0,0.0,0.0,0.0,0.0,148.0,0.0,0.0,0.14,0.05,0.0,255.0,13.0,0.05,0.07,0.0,0.0,0.0,1.0,1.0,97094.0
45.0,1.0,0.0,0.0,0.0,0.0,231.0,0.11,0.0,0.0,1.0,0.0,255.0,1.0,0.0,0.96,0.0,0.1,0.0,1.0,1.0,90120.0
45.0,1.0,0.0,0.0,0.0,0.0,273.0,0.0,0.0,0.05,0.07,0.0,255.0,13.0,0.05,0.09,0.0,0.0,0.0,1.0,1.0,77444.0
62.0,5.0,0.0,0.0,0.0,0.0,267.0,1.0,1.0,0.08,0.05,0.0,255.0,21.0,0.08,0.05,0.0,1.0,1.0,0.0,1.0,43476.0
45.0,9.0,28.0,0.0,3.0,0.0,169.0,0.59,0.0,0.41,0.04,0.0,255.0,69.0,0.27,0.73,0.0,0.09,0.0,0.0,1.0,121006.0
23.0,1.0,0.0,0.0,0.0,0.0,124.0,0.0,0.0,0.09,0.06,0.0,255.0,11.0,0.04,0.08,0.0,0.0,0.0,1.0,1.0,117579.0
22.0,5.0,0.0,0.0,0.0,0.0,264.0,1.0,1.0,0.07,0.05,0.0,255.0,19.0,0.07,0.05,0.0,1.0,1.0,0.0,1.0,38189.0
45.0,4.0,1.0,0.0,0.0,0.0,2.0,0.0,0.0,1.0,0.0,0.0,255.0,2.0,0.01,0.81,0.0,0.0,0.0,1.0,1.0,124387.0
14.0,9.0,1032.0,0.0,0.0,0.0,511.0,0.0,0.0,1.0,0.0,0.0,255.0,111.0,0.44,0.19,0.0,0.0,0.0,0.0,1.0,65971.0
2.0,5.0,0.0,0.0,0.0,0.0,260.0,1.0,1.0,0.04,0.06,0.0,255.0,11.0,0.04,0.07,0.0,1.0,1.0,0.0,1.0,38889.0
27.0,5.0,0.0,0.0,0.0,0.0,119.0,1.0,1.0,0.05,0.06,0.0,255.0,6.0,0.02,0.05,0.0,1.0,1.0,0.0,1.0,96808.0
45.0,9.0,207.0,0.0,0.0,0.0,2.0,0.0,0.0,1.0,0.0,0.0,126.0,110.0,0.87,0.02,0.0,0.0,0.0,0.0,1.0,37858.0
45.0,9.0,207.0,0.0,0.0,0.0,2.0,0.0,0.0,1.0,0.0,0.0,88.0,72.0,0.82,0.02,0.0,0.0,0.0,0.0,1.0,45313.0
13.0,9.0,8.0,0.0,0.0,0.0,1.0,0.0,0.0,1.0,0.0,0.0,1.0,129.0,1.0,0.0,0.51,0.0,0.0,0.0,1.0,103705.0
55.0,5.0,0.0,0.0,0.0,0.0,228.0,1.0,1.0,0.03,0.07,0.0,255.0,9.0,0.04,0.07,0.0,1.0,1.0,0.0,1.0,56881.0
45.0,4.0,0.0,0.0,0.0,0.0,1.0,0.0,0.0,1.0,0.0,0.0,255.0,1.0,0.0,0.32,0.0,0.0,0.0,1.0,1.0,47130.0
13.0,9.0,8.0,0.0,0.0,0.0,1.0,0.0,0.0,1.0,0.0,1.0,1.0,85.0,1.0,0.0,0.51,0.0,0.0,0.0,1.0,6920.0
45.0,1.0,0.0,0.0,0.0,0.0,94.0,0.07,0.0,0.01,1.0,0.0,255.0,1.0,0.0,0.64,0.0,0.03,0.0,1.0,1.0,5128.0
53.0,5.0,0.0,0.0,0.0,0.0,150.0,1.0,1.0,0.07,0.07,0.0,255.0,11.0,0.04,0.06,0.0,1.0,1.0,0.0,1.0,81103.0
53.0,5.0,0.0,0.0,0.0,0.0,171.0,1.0,1.0,0.05,0.07,0.0,255.0,8.0,0.03,0.07,0.0,1.0,1.0,0.0,1.0,71870.0
45.0,4.0,1.0,0.0,0.0,0.0,2.0,0.0,0.0,1.0,0.0,0.0,255.0,2.0,0.01,0.33,0.0,0.0,0.0,1.0,1.0,34245.0
53.0,5.0,0.0,0.0,0.0,0.0,231.0,1.0,1.0,0.06,0.06,0.0,255.0,14.0,0.05,0.07,0.0,1.0,1.0,0.0,1.0,83036.0
39.0,5.0,0.0,0.0,0.0,0.0,95.0,1.0,1.0,0.06,0.06,0.0,255.0,3.0,0.01,0.07,0.0,1.0,1.0,0.0,1.0,8188.0
36.0,1.0,0.0,0.0,0.0,0.0,221.0,0.0,0.0,0.05,0.07,0.0,255.0,11.0,0.04,0.07,0.0,0.0,0.0,1.0,1.0,86141.0
13.0,9.0,18.0,0.0,0.0,0.0,1.0,0.0,0.0,1.0,0.0,0.0,4.0,16.0,1.0,0.0,0.25,0.0,0.0,0.0,1.0,43038.0
14.0,9.0,1032.0,0.0,0.0,0.0,511.0,0.0,0.0,1.0,0.0,0.0,255.0,210.0,0.82,0.01,0.0,0.0,0.0,0.0,1.0,99241.0
41.0,4.0,1.0,0.0,0.0,0.0,2.0,0.0,0.0,1.0,0.0,0.0,255.0,2.0,0.01,0.73,0.0,0.0,0.0,1.0,1.0,31289.0
45.0,1.0,0.0,0.0,0.0,0.0,2.0,0.0,0.0,0.5,1.0,0.0,255.0,1.0,0.0,0.59,0.0,0.0,0.0,1.0,1.0,53724.0
6.0,5.0,0.0,0.0,0.0,0.0,239.0,1.0,1.0,0.03,0.07,0.0,255.0,6.0,0.02,0.08,0.0,1.0,1.0,0.0,1.0,69710.0
45.0,5.0,0.0,0.0,0.0,0.0,124.0,1.0,1.0,0.08,0.06,0.0,255.0,6.0,0.02,0.07,0.0,1.0,1.0,0.0,1.0,64193.0
18.0,5.0,0.0,0.0,0.0,0.0,289.0,1.0,1.0,0.07,0.05,0.0,255.0,20.0,0.08,0.05,0.0,1.0,1.0,0.0,1.0,6219.0
61.0,5.0,0.0,0.0,0.0,0.0,259.0,1.0,1.0,0.03,0.06,0.0,255.0,7.0,0.03,0.07,0.0,1.0,1.0,0.0,1.0,55390.0
45.0,5.0,0.0,0.0,0.0,0.0,217.0,1.0,1.0,0.08,0.06,0.0,255.0,19.0,0.07,0.05,0.0,1.0,1.0,0.0,1.0,95297.0
23.0,5.0,0.0,0.0,0.0,0.0,217.0,1.0,1.0,0.11,0.05,0.0,255.0,23.0,0.09,0.05,0.0,1.0,1.0,0.0,1.0,113966.0
54.0,5.0,0.0,0.0,0.0,0.0,285.0,1.0,1.0,0.05,0.06,0.0,255.0,5.0,0.02,0.05,0.0,1.0,1.0,0.0,1.0,21224.0
13.0,9.0,8.0,0.0,0.0,0.0,1.0,0.0,0.0,1.0,0.0,1.0,2.0,144.0,1.0,0.0,0.5,0.0,0.0,0.0,1.0,63470.0
45.0,1.0,0.0,0.0,0.0,0.0,167.0,0.0,0.0,0.04,0.07,0.0,255.0,6.0,0.02,0.09,0.0,0.0,0.0,1.0,1.0,96452.0
45.0,1.0,0.0,0.0,0.0,0.0,134.0,0.0,0.0,0.1,0.06,0.0,255.0,13.0,0.05,0.07,0.0,0.0,0.0,1.0,1.0,68794.0
13.0,9.0,8.0,0.0,0.0,0.0,1.0,0.0,0.0,1.0,0.0,1.0,2.0,196.0,1.0,0.0,0.5,0.0,0.0,0.0,1.0,40973.0
17.0,5.0,0.0,0.0,0.0,0.0,55.0,1.0,1.0,0.27,0.07,0.0,255.0,29.0,0.11,0.05,0.0,1.0,1.0,0.0,1.0,27214.0
14.0,9.0,1032.0,0.0,0.0,0.0,511.0,0.0,0.0,1.0,0.0,0.0,192.0,47.0,0.24,0.02,0.0,0.0,0.0,0.0,1.0,66213.0
55.0,5.0,0.0,0.0,0.0,0.0,27.0,1.0,1.0,0.26,0.07,0.0,49.0,11.0,0.18,0.06,0.18,0.96,0.64,0.0,1.0,105230.0
4.0,5.0,0.0,0.0,0.0,0.0,259.0,1.0,1.0,0.01,0.05,0.0,255.0,2.0,0.01,0.05,0.0,1.0,1.0,0.0,1.0,117954.0
45.0,4.0,0.0,0.0,0.0,0.0,451.0,0.0,0.0,0.0,0.52,0.0,255.0,2.0,0.01,0.51,0.0,0.0,0.0,1.0,1.0,41064.0
31.0,5.0,0.0,0.0,0.0,0.0,125.0,1.0,1.0,0.1,0.07,0.0,255.0,1.0,0.0,0.07,0.0,1.0,1.0,0.0,1.0,87993.0
21.0,5.0,0.0,0.0,0.0,0.0,172.0,1.0,1.0,0.01,0.08,0.0,255.0,1.0,0.0,0.07,0.0,1.0,1.0,0.0,1.0,81041.0
23.0,5.0,0.0,0.0,0.0,0.0,92.0,1.0,1.0,0.08,0.08,0.0,255.0,7.0,0.03,0.06,0.0,1.0,1.0,0.0,1.0,32335.0
60.0,2.0,0.0,0.0,0.0,0.0,80.0,0.0,0.0,0.11,0.08,0.0,255.0,9.0,0.04,0.08,0.0,0.0,0.0,1.0,1.0,47831.0
38.0,1.0,0.0,0.0,0.0,0.0,145.0,0.0,0.0,0.11,0.06,0.0,255.0,15.0,0.06,0.06,0.0,0.0,0.0,1.0,1.0,19204.0
54.0,5.0,0.0,0.0,0.0,0.0,217.0,1.0,1.0,0.05,0.06,0.0,255.0,19.0,0.07,0.06,0.0,1.0,1.0,0.0,1.0,12823.0
19.0,5.0,0.0,0.0,0.0,0.0,248.0,1.0,1.0,0.0,0.06,0.0,255.0,17.0,0.07,0.07,0.0,1.0,1.0,0.0,1.0,73253.0
17.0,9.0,6.0,32.0,0.0,0.0,4.0,0.0,0.0,0.75,0.5,0.5,255.0,3.0,0.01,0.31,0.0,0.0,0.0,0.0,1.0,76229.0
33.0,5.0,0.0,0.0,0.0,0.0,274.0,1.0,1.0,0.03,0.06,0.0,255.0,7.0,0.03,0.07,0.0,1.0,1.0,0.0,1.0,77777.0
45.0,5.0,0.0,0.0,0.0,0.0,115.0,1.0,1.0,0.15,0.06,0.0,255.0,37.0,0.15,0.05,0.0,1.0,1.0,0.0,1.0,47774.0
45.0,5.0,0.0,0.0,0.0,0.0,89.0,1.0,1.0,0.17,0.06,0.0,255.0,1.0,0.0,0.07,0.0,1.0,1.0,0.0,1.0,62683.0
14.0,9.0,1032.0,0.0,0.0,0.0,511.0,0.0,0.0,1.0,0.0,0.0,255.0,146.0,0.57,0.02,0.0,0.01,0.0,0.0,1.0,100819.0
13.0,9.0,8.0,0.0,0.0,0.0,1.0,0.0,0.0,1.0,0.0,1.0,2.0,10.0,1.0,0.0,0.3,0.0,0.0,0.0,1.0,1808.0
45.0,5.0,0.0,0.0,0.0,0.0,32.0,1.0,1.0,0.06,0.12,0.0,255.0,2.0,0.01,0.07,0.0,1.0,1.0,0.0,1.0,45510.0
55.0,5.0,0.0,0.0,0.0,0.0,14.0,1.0,1.0,1.0,0.0,0.0,16.0,16.0,1.0,0.0,0.0,0.88,0.88,0.0,1.0,53822.0
32.0,5.0,0.0,0.0,0.0,0.0,292.0,1.0,1.0,0.01,0.05,0.0,255.0,4.0,0.02,0.05,0.0,1.0,1.0,0.0,1.0,16036.0
14.0,9.0,1032.0,0.0,0.0,0.0,511.0,0.0,0.0,1.0,0.0,0.0,163.0,18.0,0.11,0.02,0.0,0.0,0.0,0.0,1.0,81283.0
57.0,5.0,0.0,0.0,0.0,0.0,229.0,1.0,1.0,0.03,0.07,0.0,255.0,14.0,0.05,0.07,0.0,1.0,1.0,0.0,1.0,49201.0
3.0,5.0,0.0,0.0,0.0,0.0,271.0,1.0,1.0,0.06,0.06,0.0,255.0,17.0,0.07,0.07,0.0,1.0,1.0,0.0,1.0,33471.0
17.0,5.0,0.0,0.0,0.0,0.0,299.0,1.0,1.0,0.04,0.05,0.0,255.0,11.0,0.04,0.05,0.0,1.0,1.0,0.0,1.0,44530.0
5.0,5.0,0.0,0.0,0.0,0.0,108.0,1.0,1.0,0.04,0.06,0.0,255.0,4.0,0.02,0.06,0.0,1.0,1.0,0.0,1.0,106520.0
45.0,5.0,0.0,0.0,0.0,0.0,190.0,1.0,1.0,0.13,0.05,0.0,255.0,25.0,0.1,0.05,0.0,1.0,1.0,0.0,1.0,125857.0
32.0,5.0,0.0,0.0,0.0,0.0,202.0,1.0,1.0,0.03,0.06,0.0,255.0,7.0,0.03,0.07,0.0,1.0,1.0,0.0,1.0,115791.0
39.0,2.0,0.0,0.0,0.0,0.0,274.0,0.0,0.0,0.03,0.06,0.0,255.0,7.0,0.03,0.07,0.0,0.0,0.0,1.0,1.0,16944.0
51.0,1.0,0.0,0.0,0.0,0.0,246.0,0.0,0.0,0.07,0.07,0.0,255.0,16.0,0.06,0.07,0.0,0.0,0.0,1.0,1.0,22555.0
45.0,5.0,0.0,0.0,0.0,0.0,193.0,1.0,1.0,0.03,0.06,0.0,255.0,15.0,0.06,0.07,0.0,1.0,1.0,0.0,1.0,57511.0
19.0,5.0,0.0,0.0,0.0,0.0,26.0,1.0,1.0,0.23,0.15,0.0,255.0,52.0,0.2,0.04,0.0,1.0,1.0,0.0,1.0,67962.0
45.0,5.0,0.0,0.0,0.0,0.0,196.0,1.0,1.0,0.12,0.06,0.0,57.0,17.0,0.3,0.16,0.0,0.75,1.0,0.0,1.0,62464.0
60.0,5.0,0.0,0.0,0.0,0.0,134.0,1.0,1.0,0.06,0.06,0.0,255.0,8.0,0.03,0.06,0.0,1.0,1.0,0.0,1.0,82769.0
45.0,5.0,0.0,0.0,0.0,0.0,144.0,1.0,1.0,0.1,0.06,0.0,255.0,14.0,0.05,0.08,0.0,1.0,1.0,0.0,1.0,27448.0
13.0,9.0,8.0,0.0,0.0,0.0,1.0,0.0,0.0,1.0,0.0,1.0,1.0,86.0,1.0,0.0,0.51,0.0,0.0,0.0,1.0,13504.0
4.0,5.0,0.0,0.0,0.0,0.0,215.0,1.0,1.0,0.07,0.06,0.0,255.0,6.0,0.02,0.09,0.0,1.0,1.0,0.0,1.0,49908.0
45.0,1.0,0.0,0.0,0.0,0.0,169.0,0.0,0.0,0.04,0.07,0.0,255.0,7.0,0.03,0.07,0.0,0.0,0.0,1.0,1.0,50602.0
45.0,1.0,0.0,0.0,0.0,0.0,272.0,0.0,0.0,0.04,0.06,0.0,255.0,10.0,0.04,0.07,0.0,0.0,0.0,1.0,1.0,59176.0
45.0,9.0,1.0,0.0,0.0,0.0,30.0,0.0,0.0,0.03,0.13,0.0,255.0,1.0,0.0,0.08,0.0,0.0,0.0,0.0,1.0,35483.0
13.0,9.0,8.0,0.0,0.0,0.0,1.0,0.0,0.0,1.0,0.0,1.0,1.0,61.0,1.0,0.0,0.51,0.0,0.0,0.0,1.0,64161.0
5.0,5.0,0.0,0.0,0.0,0.0,131.0,1.0,1.0,0.15,0.05,0.0,255.0,19.0,0.07,0.05,0.0,1.0,1.0,0.0,1.0,86917.0
50.0,5.0,0.0,0.0,0.0,0.0,270.0,1.0,1.0,0.07,0.06,0.0,255.0,8.0,0.03,0.08,0.0,1.0,1.0,0.0,1.0,10396.0
29.0,5.0,0.0,0.0,0.0,0.0,300.0,1.0,1.0,0.08,0.05,0.0,255.0,25.0,0.1,0.05,0.0,1.0,1.0,0.0,1.0,35558.0
14.0,9.0,1032.0,0.0,0.0,0.0,47.0,0.0,0.0,1.0,0.0,0.0,240.0,146.0,0.61,0.03,0.0,0.01,0.0,0.0,1.0,7115.0
19.0,5.0,0.0,0.0,0.0,0.0,31.0,1.0,1.0,0.35,0.06,0.0,255.0,51.0,0.2,0.04,0.0,1.0,1.0,0.0,1.0,76435.0
7.0,5.0,0.0,0.0,0.0,0.0,37.0,1.0,1.0,0.16,0.11,0.0,255.0,6.0,0.02,0.08,0.0,1.0,1.0,0.0,1.0,48553.0
13.0,9.0,8.0,0.0,0.0,0.0,1.0,0.0,0.0,1.0,0.0,1.0,2.0,162.0,1.0,0.0,0.25,0.0,0.0,0.0,1.0,27669.0
54.0,5.0,0.0,0.0,0.0,0.0,283.0,1.0,1.0,0.05,0.06,0.0,255.0,7.0,0.03,0.05,0.0,1.0,1.0,0.0,1.0,89896.0
45.0,9.0,1.0,0.0,0.0,0.0,33.0,0.0,0.0,0.52,0.09,0.0,255.0,17.0,0.07,0.6,0.0,0.05,0.0,0.0,1.0,53180.0
45.0,5.0,0.0,0.0,0.0,0.0,127.0,1.0,1.0,0.13,0.07,0.0,255.0,14.0,0.05,0.08,0.0,1.0,1.0,0.0,1.0,47399.0
13.0,9.0,8.0,0.0,0.0,0.0,1.0,0.0,0.0,1.0,0.0,1.0,4.0,196.0,1.0,0.0,0.25,0.0,0.0,0.0,1.0,30700.0
45.0,5.0,0.0,0.0,0.0,0.0,103.0,1.0,1.0,0.02,0.08,0.0,255.0,14.0,0.05,0.07,0.0,1.0,1.0,0.0,1.0,43472.0
45.0,1.0,0.0,0.0,0.0,0.0,217.0,0.0,0.0,0.07,0.06,0.0,255.0,16.0,0.06,0.08,0.0,0.0,0.0,1.0,1.0,54393.0
45.0,5.0,0.0,0.0,0.0,0.0,206.0,1.0,1.0,0.0,0.07,0.0,255.0,14.0,0.05,0.06,0.0,1.0,1.0,0.0,1.0,61709.0
5.0,5.0,0.0,0.0,0.0,0.0,108.0,1.0,1.0,0.03,0.07,0.0,255.0,3.0,0.01,0.06,0.0,1.0,1.0,0.0,1.0,46303.0
13.0,9.0,8.0,0.0,0.0,0.0,1.0,0.0,0.0,1.0,0.0,1.0,1.0,173.0,1.0,0.0,0.25,0.0,0.0,0.0,1.0,12063.0
25.0,5.0,0.0,0.0,0.0,0.0,255.0,1.0,1.0,0.04,0.06,0.0,255.0,11.0,0.04,0.07,0.0,1.0,1.0,0.0,1.0,44205.0
45.0,5.0,0.0,0.0,0.0,0.0,147.0,1.0,1.0,0.1,0.05,0.0,255.0,17.0,0.07,0.07,0.0,1.0,1.0,0.0,1.0,59672.0
23.0,5.0,0.0,0.0,0.0,0.0,124.0,1.0,1.0,0.05,0.06,0.0,255.0,14.0,0.05,0.07,0.0,1.0,1.0,0.0,1.0,88614.0
60.0,5.0,0.0,0.0,0.0,0.0,137.0,1.0,1.0,0.08,0.06,0.0,255.0,11.0,0.04,0.06,0.0,1.0,1.0,0.0,1.0,3573.0
45.0,5.0,0.0,0.0,0.0,0.0,167.0,1.0,1.0,0.15,0.04,0.0,255.0,25.0,0.1,0.05,0.0,1.0,1.0,0.0,1.0,81877.0
13.0,9.0,8.0,0.0,0.0,0.0,1.0,0.0,0.0,1.0,0.0,1.0,1.0,161.0,1.0,0.0,0.25,0.0,0.0,0.0,1.0,56422.0
36.0,5.0,0.0,0.0,0.0,0.0,235.0,1.0,1.0,0.0,0.07,0.0,255.0,1.0,0.0,0.08,0.0,1.0,1.0,0.0,1.0,30410.0
45.0,5.0,0.0,0.0,0.0,0.0,132.0,1.0,1.0,0.09,0.07,0.0,255.0,32.0,0.13,0.05,0.0,1.0,1.0,0.0,1.0,105118.0
45.0,5.0,0.0,0.0,0.0,0.0,90.0,1.0,1.0,0.01,0.07,0.0,255.0,18.0,0.07,0.05,0.0,1.0,1.0,0.0,1.0,16863.0
47.0,5.0,0.0,0.0,0.0,0.0,246.0,1.0,1.0,0.05,0.07,0.0,255.0,13.0,0.05,0.07,0.0,1.0,1.0,0.0,1.0,105621.0
55.0,5.0,0.0,0.0,0.0,0.0,29.0,1.0,1.0,0.21,0.14,0.0,255.0,63.0,0.25,0.02,0.0,1.0,1.0,0.0,1.0,119829.0
14.0,9.0,1032.0,0.0,0.0,0.0,511.0,0.0,0.0,1.0,0.0,0.0,255.0,63.0,0.25,0.04,0.0,0.17,0.0,0.0,1.0,39105.0
17.0,5.0,0.0,0.0,0.0,0.0,102.0,1.0,1.0,0.13,0.06,0.0,255.0,6.0,0.02,0.07,0.0,1.0,1.0,0.0,1.0,98231.0
51.0,5.0,0.0,0.0,0.0,0.0,192.0,1.0,1.0,0.02,0.07,0.0,255.0,4.0,0.02,0.07,0.0,1.0,1.0,0.0,1.0,89768.0
2.0,5.0,0.0,0.0,0.0,0.0,224.0,1.0,1.0,0.05,0.06,0.0,255.0,12.0,0.05,0.07,0.0,1.0,1.0,0.0,1.0,23116.0
35.0,5.0,0.0,0.0,0.0,0.0,98.0,1.0,1.0,0.07,0.06,0.0,255.0,7.0,0.03,0.05,0.0,1.0,1.0,0.0,1.0,90867.0
45.0,5.0,0.0,0.0,0.0,0.0,201.0,1.0,1.0,0.1,0.06,0.0,255.0,5.0,0.02,0.08,0.0,1.0,1.0,0.0,1.0,104178.0
3.0,1.0,0.0,0.0,0.0,0.0,205.0,0.0,0.0,0.01,0.07,0.0,255.0,3.0,0.01,0.07,0.0,0.0,0.0,1.0,1.0,21924.0
18.0,2.0,0.0,0.0,0.0,0.0,279.0,0.0,0.0,0.06,0.06,0.0,255.0,18.0,0.07,0.08,0.0,0.0,0.0,1.0,1.0,94834.0
4.0,5.0,0.0,0.0,0.0,0.0,270.0,1.0,1.0,0.04,0.06,0.0,255.0,12.0,0.05,0.07,0.0,1.0,1.0,0.0,1.0,77851.0
50.0,5.0,0.0,0.0,0.0,0.0,229.0,1.0,1.0,0.02,0.06,0.0,255.0,20.0,0.08,0.06,0.0,1.0,1.0,0.0,1.0,5029.0
41.0,1.0,0.0,0.0,0.0,0.0,511.0,0.1,0.0,0.0,1.0,0.0,255.0,1.0,0.0,1.0,0.0,0.1,0.0,1.0,1.0,109674.0
45.0,5.0,0.0,0.0,0.0,0.0,211.0,1.0,1.0,0.02,0.06,0.0,255.0,10.0,0.04,0.07,0.0,1.0,1.0,0.0,1.0,17976.0
45.0,1.0,0.0,0.0,0.0,0.0,2.0,0.0,0.0,0.5,1.0,0.0,255.0,1.0,0.0,0.44,0.0,0.0,0.0,1.0,1.0,20371.0
19.0,5.0,0.0,0.0,0.0,0.0,263.0,1.0,1.0,0.03,0.06,0.0,255.0,7.0,0.03,0.08,0.0,1.0,1.0,0.0,1.0,16254.0
55.0,5.0,0.0,0.0,0.0,0.0,295.0,1.0,1.0,0.04,0.05,0.0,255.0,16.0,0.06,0.07,0.0,1.0,1.0,0.0,1.0,51913.0
13.0,9.0,8.0,0.0,0.0,0.0,1.0,0.0,0.0,1.0,0.0,1.0,2.0,108.0,1.0,0.0,0.5,0.0,0.0,0.0,1.0,75520.0
17.0,5.0,0.0,0.0,0.0,0.0,276.0,1.0,1.0,0.07,0.06,0.0,255.0,19.0,0.07,0.07,0.0,1.0,1.0,0.0,1.0,1938.0
14.0,9.0,1032.0,0.0,0.0,0.0,509.0,0.0,0.0,1.0,0.0,0.0,255.0,246.0,0.96,0.03,0.0,0.0,0.0,0.0,1.0,58500.0
13.0,9.0,8.0,0.0,0.0,0.0,1.0,0.0,0.0,1.0,0.0,1.0,2.0,32.0,1.0,0.0,0.5,0.0,0.0,0.0,1.0,39790.0
19.0,1.0,0.0,0.0,0.0,0.0,287.0,0.0,0.0,0.07,0.06,0.0,255.0,20.0,0.08,0.06,0.0,0.0,0.0,1.0,1.0,11718.0
45.0,5.0,0.0,0.0,0.0,0.0,147.0,1.0,1.0,0.12,0.05,0.0,25.0,9.0,0.36,0.24,0.0,1.0,1.0,0.0,1.0,59852.0
45.0,5.0,0.0,0.0,0.0,0.0,287.0,1.0,1.0,0.06,0.06,0.0,255.0,12.0,0.05,0.07,0.0,1.0,1.0,0.0,1.0,117665.0
19.0,1.0,0.0,0.0,0.0,0.0,125.0,0.0,0.0,0.09,0.06,0.0,255.0,11.0,0.04,0.07,0.0,0.0,0.0,1.0,1.0,9844.0
4.0,5.0,0.0,0.0,0.0,0.0,245.0,1.0,1.0,0.07,0.06,0.0,255.0,4.0,0.02,0.08,0.0,1.0,1.0,0.0,1.0,28061.0
45.0,5.0,0.0,0.0,0.0,0.0,121.0,0.98,1.0,0.12,0.07,0.0,255.0,13.0,0.05,0.05,0.0,1.0,1.0,0.0,1.0,58074.0
45.0,4.0,0.0,0.0,0.0,0.0,1.0,0.0,0.0,1.0,0.0,0.0,233.0,1.0,0.0,0.58,0.0,0.0,0.0,1.0,1.0,8120.0
16.0,5.0,0.0,0.0,0.0,0.0,130.0,1.0,1.0,0.01,0.06,0.0,255.0,3.0,0.01,0.07,0.0,1.0,1.0,0.0,1.0,46843.0
13.0,9.0,8.0,0.0,0.0,0.0,1.0,0.0,0.0,1.0,0.0,1.0,3.0,41.0,1.0,0.0,0.27,0.0,0.0,0.0,1.0,100559.0
45.0,5.0,0.0,0.0,0.0,0.0,42.0,1.0,1.0,0.19,0.12,0.0,255.0,8.0,0.03,0.08,0.0,1.0,1.0,0.0,1.0,108817.0
45.0,9.0,28.0,0.0,3.0,0.0,75.0,0.01,0.0,0.97,0.04,0.0,255.0,73.0,0.29,0.02,0.0,0.0,0.0,0.0,1.0,114722.0
50.0,5.0,0.0,0.0,0.0,0.0,115.0,1.0,1.0,0.12,0.07,0.0,255.0,14.0,0.05,0.07,0.0,1.0,1.0,0.0,1.0,90454.0
45.0,9.0,1.0,0.0,0.0,0.0,23.0,0.0,0.0,0.35,0.13,0.0,255.0,8.0,0.03,0.9,0.0,0.16,0.0,0.0,1.0,77616.0
41.0,4.0,1.0,0.0,0.0,0.0,2.0,0.0,0.0,1.0,0.0,0.0,255.0,2.0,0.01,0.68,0.0,0.0,0.0,1.0,1.0,16616.0
45.0,4.0,0.0,0.0,0.0,0.0,1.0,0.0,0.0,1.0,0.0,0.0,255.0,1.0,0.0,0.96,0.0,0.0,0.0,1.0,1.0,89893.0
45.0,5.0,0.0,0.0,0.0,0.0,212.0,1.0,1.0,0.11,0.06,0.0,255.0,23.0,0.09,0.05,0.0,1.0,1.0,0.0,1.0,4254.0
13.0,9.0,8.0,0.0,0.0,0.0,1.0,0.0,0.0,1.0,0.0,1.0,2.0,106.0,1.0,0.0,0.5,0.0,0.0,0.0,1.0,62192.0
45.0,5.0,0.0,0.0,0.0,0.0,247.0,1.0,1.0,0.07,0.05,0.0,255.0,18.0,0.07,0.05,0.0,1.0,1.0,0.0,1.0,43711.0
45.0,5.0,0.0,0.0,0.0,0.0,192.0,1.0,1.0,0.09,0.06,0.0,255.0,2.0,0.01,0.09,0.0,1.0,1.0,0.0,1.0,88177.0
55.0,5.0,0.0,0.0,0.0,0.0,13.0,1.0,1.0,0.31,0.15,0.0,255.0,44.0,0.17,0.04,0.0,1.0,1.0,0.0,1.0,81652.0
5.0,5.0,0.0,0.0,0.0,0.0,122.0,1.0,1.0,0.05,0.06,0.0,255.0,6.0,0.02,0.05,0.0,1.0,1.0,0.0,1.0,28593.0
45.0,9.0,28.0,0.0,3.0,0.0,36.0,0.0,0.0,1.0,0.0,0.0,255.0,36.0,0.14,0.01,0.0,0.0,0.0,0.0,1.0,4937.0
5.0,5.0,0.0,0.0,0.0,0.0,123.0,1.0,1.0,0.01,0.07,0.0,255.0,19.0,0.07,0.07,0.0,1.0,1.0,0.0,1.0,50208.0
45.0,1.0,0.0,0.0,0.0,0.0,303.0,0.03,0.0,0.0,1.0,0.0,255.0,1.0,0.0,0.97,0.0,0.04,0.0,1.0,1.0,5641.0
20.0,5.0,0.0,0.0,0.0,0.0,237.0,1.0,1.0,0.03,0.06,0.0,255.0,6.0,0.02,0.06,0.0,1.0,1.0,0.0,1.0,71268.0
45.0,5.0,0.0,0.0,0.0,0.0,74.0,1.0,1.0,0.3,0.07,0.0,255.0,22.0,0.09,0.05,0.0,1.0,1.0,0.0,1.0,7441.0
45.0,5.0,0.0,0.0,0.0,0.0,134.0,1.0,1.0,0.07,0.07,0.0,255.0,13.0,0.05,0.07,0.0,1.0,1.0,0.0,1.0,34117.0
13.0,9.0,8.0,0.0,0.0,0.0,1.0,0.0,0.0,1.0,0.0,1.0,3.0,191.0,1.0,0.0,0.25,0.0,0.0,0.0,1.0,98428.0
13.0,9.0,8.0,0.0,0.0,0.0,1.0,0.0,0.0,1.0,0.0,1.0,3.0,159.0,1.0,0.0,0.25,0.0,0.0,0.0,1.0,88215.0
16.0,5.0,0.0,0.0,0.0,0.0,30.0,1.0,1.0,0.27,0.1,0.0,255.0,8.0,0.03,0.07,0.0,1.0,1.0,0.0,1.0,21271.0
45.0,5.0,0.0,0.0,0.0,0.0,207.0,1.0,1.0,0.01,0.07,0.0,255.0,20.0,0.08,0.07,0.0,1.0,1.0,0.0,1.0,1771.0
45.0,10.0,0.0,0.0,0.0,0.0,1.0,1.0,1.0,1.0,0.0,0.0,43.0,1.0,0.02,0.77,0.0,0.81,1.0,0.0,1.0,89798.0
45.0,5.0,0.0,0.0,0.0,0.0,295.0,1.0,1.0,0.04,0.05,0.0,255.0,12.0,0.05,0.08,0.0,1.0,1.0,0.0,1.0,108722.0
45.0,5.0,0.0,0.0,0.0,0.0,169.0,1.0,1.0,0.02,0.07,0.0,255.0,18.0,0.07,0.08,0.0,1.0,1.0,0.0,1.0,41577.0
33.0,5.0,0.0,0.0,0.0,0.0,244.0,1.0,1.0,0.01,0.06,0.0,255.0,2.0,0.01,0.06,0.0,1.0,1.0,0.0,1.0,824.0
45.0,5.0,0.0,0.0,0.0,0.0,236.0,1.0,1.0,0.05,0.06,0.0,255.0,11.0,0.04,0.07,0.0,1.0,1.0,0.0,1.0,31598.0
13.0,9.0,8.0,0.0,0.0,0.0,1.0,0.0,0.0,1.0,0.0,1.0,1.0,129.0,1.0,0.0,0.51,0.0,0.0,0.0,1.0,96871.0
45.0,1.0,0.0,0.0,0.0,0.0,112.0,0.0,0.0,0.08,0.06,0.0,255.0,9.0,0.04,0.08,0.0,0.0,0.0,1.0,1.0,40647.0
45.0,1.0,0.0,0.0,0.0,0.0,71.0,0.0,0.0,0.01,0.08,0.0,255.0,1.0,0.0,0.07,0.0,0.0,0.0,1.0,1.0,75771.0
55.0,5.0,0.0,0.0,0.0,0.0,5.0,1.0,1.0,0.4,0.8,0.0,255.0,61.0,0.24,0.04,0.0,1.0,1.0,0.0,1.0,106294.0
14.0,9.0,1032.0,0.0,0.0,0.0,511.0,0.0,0.0,1.0,0.0,0.0,255.0,242.0,0.95,0.01,0.0,0.0,0.0,0.0,1.0,119263.0
34.0,5.0,0.0,0.0,0.0,0.0,102.0,1.0,1.0,0.14,0.05,0.0,255.0,14.0,0.05,0.05,0.0,1.0,1.0,0.0,1.0,22980.0
3.0,5.0,0.0,0.0,0.0,0.0,300.0,1.0,1.0,0.05,0.05,0.0,255.0,1.0,0.0,0.08,0.0,1.0,1.0,0.0,1.0,96044.0
55.0,5.0,0.0,0.0,0.0,0.0,59.0,1.0,1.0,0.25,0.07,0.0,255.0,48.0,0.19,0.04,0.0,1.0,1.0,0.0,1.0,34187.0
18.0,5.0,0.0,0.0,0.0,0.0,222.0,1.0,1.0,0.0,0.06,0.0,255.0,1.0,0.0,0.06,0.0,1.0,1.0,0.0,1.0,392.0
19.0,5.0,0.0,0.0,0.0,0.0,67.0,1.0,1.0,0.25,0.06,0.0,255.0,58.0,0.23,0.03,0.0,1.0,1.0,0.0,1.0,20657.0
45.0,4.0,0.0,0.0,0.0,0.0,1.0,0.0,0.0,1.0,0.0,0.0,163.0,1.0,0.01,0.4,0.0,0.0,0.0,1.0,1.0,5536.0
60.0,5.0,0.0,0.0,0.0,0.0,134.0,1.0,1.0,0.04,0.07,0.0,255.0,5.0,0.02,0.08,0.0,1.0,1.0,0.0,1.0,103695.0
14.0,9.0,1032.0,0.0,0.0,0.0,511.0,0.0,0.0,1.0,0.0,0.0,255.0,173.0,0.68,0.02,0.0,0.0,0.0,0.0,1.0,36503.0
33.0,5.0,0.0,0.0,0.0,0.0,116.0,1.0,1.0,0.11,0.05,0.0,255.0,13.0,0.05,0.06,0.0,1.0,1.0,0.0,1.0,8838.0
45.0,5.0,0.0,0.0,0.0,0.0,233.0,1.0,1.0,0.06,0.06,0.0,255.0,15.0,0.06,0.08,0.0,1.0,1.0,0.0,1.0,30932.0
45.0,1.0,0.0,0.0,0.0,0.0,132.0,0.0,0.0,0.1,0.06,0.0,255.0,13.0,0.05,0.06,0.0,0.0,0.0,1.0,1.0,41158.0
41.0,1.0,0.0,0.0,0.0,0.0,335.0,0.06,0.0,0.0,1.0,0.0,255.0,1.0,0.0,1.0,0.0,0.08,0.0,1.0,1.0,90105.0
23.0,5.0,0.0,0.0,0.0,0.0,119.0,1.0,1.0,0.17,0.05,0.0,255.0,14.0,0.05,0.06,0.0,1.0,1.0,0.0,1.0,9777.0
8.0,5.0,0.0,0.0,0.0,0.0,294.0,1.0,1.0,0.05,0.06,0.0,255.0,2.0,0.01,0.08,0.0,1.0,1.0,0.0,1.0,37676.0
25.0,1.0,0.0,0.0,0.0,0.0,284.0,0.0,0.0,0.04,0.06,0.0,255.0,12.0,0.05,0.07,0.0,0.0,0.0,1.0,1.0,103378.0
45.0,1.0,0.0,0.0,0.0,0.0,125.0,0.0,0.0,0.09,0.06,0.0,255.0,26.0,0.1,0.07,0.0,0.0,0.0,1.0,1.0,30431.0
15.0,5.0,0.0,0.0,0.0,0.0,126.0,1.0,1.0,0.14,0.06,0.0,255.0,18.0,0.07,0.07,0.0,1.0,1.0,0.0,1.0,117963.0
14.0,9.0,1032.0,0.0,0.0,0.0,170.0,0.0,0.0,1.0,0.0,0.0,255.0,170.0,0.67,0.01,0.0,0.0,0.0,0.0,1.0,75403.0
61.0,1.0,0.0,0.0,0.0,0.0,203.0,0.0,0.0,0.0,0.07,0.0,255.0,1.0,0.0,0.07,0.0,0.0,0.0,1.0,1.0,123322.0
45.0,5.0,0.0,0.0,0.0,0.0,132.0,1.0,1.0,0.01,0.07,0.0,255.0,1.0,0.0,0.08,0.0,1.0,1.0,0.0,1.0,26322.0
2.0,5.0,0.0,0.0,0.0,0.0,231.0,1.0,1.0,0.03,0.07,0.0,255.0,7.0,0.03,0.07,0.0,1.0,1.0,0.0,1.0,74922.0
45.0,5.0,0.0,0.0,0.0,0.0,150.0,1.0,1.0,0.07,0.05,0.0,255.0,1.0,0.0,0.06,0.0,1.0,1.0,0.0,1.0,108655.0
45.0,5.0,0.0,0.0,0.0,0.0,266.0,1.0,1.0,0.06,0.06,0.0,255.0,17.0,0.07,0.07,0.0,1.0,1.0,0.0,1.0,98540.0
45.0,1.0,0.0,0.0,0.0,0.0,18.0,0.0,0.0,0.06,1.0,0.0,255.0,1.0,0.0,0.11,0.0,0.0,0.0,1.0,1.0,43299.0
41.0,1.0,0.0,0.0,0.0,0.0,511.0,0.17,0.0,0.0,1.0,0.0,255.0,1.0,0.0,1.0,0.0,0.0,0.0,1.0,1.0,83016.0
13.0,9.0,8.0,0.0,0.0,0.0,1.0,0.0,0.0,1.0,0.0,1.0,2.0,208.0,1.0,0.0,0.5,0.0,0.0,0.0,1.0,69970.0
45.0,5.0,0.0,0.0,0.0,0.0,218.0,1.0,1.0,0.06,0.06,0.0,255.0,8.0,0.03,0.09,0.0,1.0,1.0,0.0,1.0,96387.0
17.0,5.0,0.0,0.0,0.0,0.0,20.0,1.0,1.0,0.3,0.2,0.0,255.0,66.0,0.26,0.02,0.0,1.0,1.0,0.0,1.0,73979.0
23.0,5.0,0.0,0.0,0.0,0.0,124.0,1.0,1.0,0.04,0.06,0.0,255.0,14.0,0.05,0.06,0.0,1.0,1.0,0.0,1.0,17359.0
37.0,5.0,0.0,0.0,0.0,0.0,294.0,1.0,1.0,0.06,0.06,0.0,255.0,18.0,0.07,0.07,0.0,1.0,1.0,0.0,1.0,75117.0
45.0,4.0,0.0,0.0,0.0,0.0,1.0,0.0,0.0,1.0,0.0,0.0,255.0,1.0,0.0,0.5,0.0,0.0,0.0,1.0,1.0,117173.0
17.0,5.0,0.0,0.0,0.0,0.0,41.0,1.0,1.0,0.27,0.1,0.0,255.0,44.0,0.17,0.04,0.0,1.0,1.0,0.0,1.0,89885.0
62.0,1.0,0.0,0.0,0.0,0.0,300.0,0.0,0.0,0.07,0.06,0.0,255.0,20.0,0.08,0.07,0.0,0.0,0.0,1.0,1.0,41347.0
45.0,1.0,0.0,0.0,0.0,0.0,145.0,0.01,0.0,0.01,1.0,0.0,255.0,1.0,0.0,0.6,0.0,0.0,0.0,1.0,1.0,17733.0
45.0,5.0,0.0,0.0,0.0,0.0,20.0,1.0,1.0,0.85,0.1,0.0,255.0,17.0,0.07,0.07,0.0,1.0,1.0,0.0,1.0,63504.0
45.0,1.0,0.0,0.0,0.0,0.0,489.0,0.06,0.0,0.0,1.0,0.0,255.0,1.0,0.0,1.0,0.0,0.08,0.0,1.0,1.0,28325.0
45.0,5.0,0.0,0.0,0.0,0.0,103.0,1.0,1.0,0.1,0.06,0.0,255.0,34.0,0.13,0.06,0.0,1.0,1.0,0.0,1.0,74720.0
46.0,1.0,0.0,0.0,0.0,0.0,188.0,0.0,0.0,0.04,0.06,0.0,255.0,7.0,0.03,0.07,0.0,0.0,0.0,1.0,1.0,124046.0
13.0,9.0,8.0,0.0,0.0,0.0,1.0,0.0,0.0,1.0,0.0,1.0,1.0,255.0,1.0,0.0,0.5,0.0,0.0,0.0,1.0,1611.0
45.0,10.0,0.0,0.0,0.0,0.0,1.0,1.0,1.0,1.0,0.0,0.0,147.0,1.0,0.01,0.93,0.0,0.95,1.0,0.0,1.0,30461.0
45.0,5.0,0.0,0.0,0.0,0.0,120.0,1.0,1.0,0.08,0.06,0.0,255.0,13.0,0.05,0.05,0.0,1.0,1.0,0.0,1.0,25508.0
2.0,1.0,0.0,0.0,0.0,0.0,148.0,0.0,0.0,0.01,0.07,0.0,255.0,2.0,0.01,0.07,0.0,0.0,0.0,1.0,1.0,91575.0
60.0,5.0,0.0,0.0,0.0,0.0,118.0,1.0,1.0,0.08,0.06,0.0,255.0,9.0,0.04,0.05,0.0,1.0,1.0,0.0,1.0,106074.0
13.0,9.0,18.0,0.0,0.0,0.0,1.0,0.0,0.0,1.0,0.0,1.0,1.0,38.0,1.0,0.0,1.0,0.0,0.0,0.0,1.0,112277.0
13.0,9.0,8.0,0.0,0.0,0.0,1.0,0.0,0.0,1.0,0.0,1.0,1.0,203.0,1.0,0.0,0.5,0.0,0.0,0.0,1.0,114767.0
45.0,9.0,1.0,0.0,0.0,0.0,34.0,0.0,0.0,0.15,0.12,0.0,255.0,34.0,0.13,0.56,0.0,0.0,0.0,0.0,1.0,34207.0
14.0,9.0,1032.0,0.0,0.0,0.0,511.0,0.0,0.0,1.0,0.0,0.0,255.0,106.0,0.42,0.02,0.0,0.01,0.0,0.0,1.0,6743.0
37.0,5.0,0.0,0.0,0.0,0.0,229.0,1.0,1.0,0.01,0.06,0.0,255.0,2.0,0.01,0.07,0.0,1.0,1.0,0.0,1.0,58422.0
9.0,2.0,0.0,0.0,0.0,0.0,257.0,0.0,0.0,0.07,0.06,0.0,255.0,17.0,0.07,0.07,0.0,0.0,0.0,1.0,1.0,60096.0
32.0,5.0,0.0,0.0,0.0,0.0,242.0,1.0,1.0,0.06,0.06,0.0,255.0,16.0,0.06,0.07,0.0,1.0,1.0,0.0,1.0,44927.0
35.0,5.0,0.0,0.0,0.0,0.0,9.0,1.0,1.0,0.56,0.22,0.0,255.0,5.0,0.02,0.07,0.0,1.0,1.0,0.0,1.0,76794.0
41.0,1.0,0.0,0.0,0.0,0.0,326.0,0.06,0.0,0.0,1.0,0.0,255.0,1.0,0.0,1.0,0.0,0.08,0.0,1.0,1.0,118619.0
53.0,5.0,0.0,0.0,0.0,0.0,8.0,1.0,1.0,0.38,0.5,0.0,255.0,4.0,0.02,0.09,0.0,1.0,1.0,0.0,1.0,49180.0
62.0,5.0,0.0,0.0,0.0,0.0,211.0,1.0,1.0,0.1,0.05,0.0,255.0,22.0,0.09,0.05,0.0,1.0,1.0,0.0,1.0,260.0
45.0,5.0,0.0,0.0,0.0,0.0,116.0,1.0,1.0,0.11,0.07,0.0,255.0,3.0,0.01,0.07,0.0,1.0,1.0,0.0,1.0,58688.0
54.0,1.0,0.0,0.0,0.0,0.0,243.0,0.0,0.0,0.01,0.07,0.0,255.0,2.0,0.01,0.08,0.0,0.0,0.0,1.0,1.0,68618.0
55.0,5.0,0.0,0.0,0.0,0.0,7.0,1.0,1.0,0.71,0.29,0.0,207.0,46.0,0.22,0.02,0.04,1.0,0.98,0.0,1.0,22395.0
45.0,5.0,0.0,0.0,0.0,0.0,163.0,1.0,1.0,0.01,0.06,0.0,255.0,2.0,0.01,0.08,0.0,1.0,1.0,0.0,1.0,32425.0
13.0,9.0,18.0,0.0,0.0,0.0,1.0,0.0,0.0,1.0,0.0,0.0,3.0,199.0,1.0,0.0,0.25,0.0,0.0,0.0,1.0,77857.0
45.0,5.0,0.0,0.0,0.0,0.0,105.0,1.0,1.0,0.18,0.06,0.0,255.0,20.0,0.08,0.06,0.0,1.0,1.0,0.0,1.0,55631.0
45.0,5.0,0.0,0.0,0.0,0.0,279.0,1.0,1.0,0.07,0.06,0.0,255.0,20.0,0.08,0.07,0.0,1.0,1.0,0.0,1.0,4464.0
45.0,1.0,0.0,0.0,0.0,0.0,155.0,0.0,0.0,0.03,0.06,0.0,255.0,4.0,0.02,0.06,0.0,0.0,0.0,1.0,1.0,23587.0
17.0,5.0,0.0,0.0,0.0,0.0,287.0,1.0,1.0,0.03,0.05,0.0,255.0,8.0,0.03,0.05,0.0,1.0,1.0,0.0,1.0,71662.0
45.0,5.0,0.0,0.0,0.0,0.0,134.0,1.0,1.0,0.13,0.06,0.0,39.0,4.0,0.1,0.18,0.0,1.0,1.0,0.0,1.0,13173.0
45.0,1.0,0.0,0.0,0.0,0.0,1.0,0.0,0.0,1.0,0.0,0.0,9.0,2.0,0.11,1.0,1.0,0.0,0.0,1.0,1.0,71500.0
45.0,5.0,0.0,0.0,0.0,0.0,285.0,1.0,1.0,0.01,0.06,0.0,255.0,6.0,0.02,0.07,0.0,1.0,1.0,0.0,1.0,70152.0
9.0,2.0,0.0,0.0,0.0,0.0,250.0,0.0,0.0,0.08,0.06,0.0,255.0,20.0,0.08,0.08,0.0,0.0,0.0,1.0,1.0,41598.0
45.0,5.0,0.0,0.0,0.0,0.0,296.0,1.0,1.0,0.04,0.05,0.0,255.0,4.0,0.02,0.09,0.0,1.0,1.0,0.0,1.0,2711.0
26.0,5.0,0.0,0.0,0.0,0.0,237.0,1.0,1.0,0.03,0.06,0.0,255.0,6.0,0.02,0.07,0.0,1.0,1.0,0.0,1.0,70550.0
45.0,5.0,0.0,0.0,0.0,0.0,212.0,1.0,1.0,0.08,0.07,0.0,255.0,15.0,0.06,0.07,0.0,1.0,1.0,0.0,1.0,55949.0
2.0,1.0,0.0,0.0,0.0,0.0,102.0,0.0,0.0,0.02,0.07,0.0,255.0,2.0,0.01,0.07,0.0,0.0,0.0,1.0,1.0,50270.0
22.0,5.0,0.0,0.0,0.0,0.0,9.0,0.78,0.88,0.78,0.33,0.25,255.0,48.0,0.19,0.04,0.0,1.0,1.0,0.0,1.0,118056.0
45.0,5.0,0.0,0.0,0.0,0.0,270.0,1.0,1.0,0.03,0.06,0.0,255.0,24.0,0.09,0.06,0.0,1.0,1.0,0.0,1.0,81539.0
61.0,5.0,0.0,0.0,0.0,0.0,148.0,1.0,1.0,0.06,0.07,0.0,255.0,11.0,0.04,0.08,0.0,1.0,1.0,0.0,1.0,114003.0
30.0,5.0,0.0,0.0,0.0,0.0,271.0,1.0,1.0,0.07,0.06,0.0,255.0,20.0,0.08,0.07,0.0,1.0,1.0,0.0,1.0,48901.0
21.0,5.0,0.0,0.0,0.0,0.0,259.0,1.0,1.0,0.02,0.06,0.0,255.0,6.0,0.02,0.07,0.0,1.0,1.0,0.0,1.0,91439.0
57.0,5.0,0.0,0.0,0.0,0.0,246.0,1.0,1.0,0.08,0.07,0.0,255.0,20.0,0.08,0.08,0.0,1.0,1.0,0.0,1.0,94395.0
17.0,5.0,0.0,0.0,0.0,0.0,246.0,1.0,1.0,0.08,0.06,0.0,255.0,20.0,0.08,0.07,0.0,1.0,1.0,0.0,1.0,223.0
7.0,5.0,0.0,0.0,0.0,0.0,273.0,1.0,1.0,0.01,0.06,0.0,255.0,2.0,0.01,0.07,0.0,1.0,1.0,0.0,1.0,104558.0
26.0,5.0,0.0,0.0,0.0,0.0,271.0,1.0,1.0,0.09,0.05,0.0,255.0,24.0,0.09,0.05,0.0,1.0,1.0,0.0,1.0,87222.0
53.0,1.0,0.0,0.0,0.0,0.0,14.0,0.0,0.0,0.07,1.0,0.0,255.0,1.0,0.0,0.09,0.0,0.0,0.0,1.0,1.0,76163.0
45.0,5.0,0.0,0.0,0.0,0.0,103.0,1.0,1.0,0.04,0.07,0.0,255.0,17.0,0.07,0.07,0.0,1.0,1.0,0.0,1.0,59030.0
32.0,1.0,0.0,0.0,0.0,0.0,210.0,0.0,0.0,0.03,0.07,0.0,255.0,6.0,0.02,0.09,0.0,0.0,0.0,1.0,1.0,6315.0
33.0,5.0,0.0,0.0,0.0,0.0,278.0,1.0,1.0,0.03,0.06,0.0,255.0,9.0,0.04,0.07,0.0,1.0,1.0,0.0,1.0,90153.0
32.0,5.0,0.0,0.0,0.0,0.0,208.0,1.0,1.0,0.1,0.07,0.0,255.0,19.0,0.07,0.07,0.0,1.0,1.0,0.0,1.0,87036.0
18.0,5.0,0.0,0.0,0.0,0.0,249.0,1.0,1.0,0.03,0.06,0.0,255.0,7.0,0.03,0.07,0.0,1.0,1.0,0.0,1.0,93151.0
14.0,9.0,1032.0,0.0,0.0,0.0,511.0,0.0,0.0,1.0,0.0,0.0,255.0,5.0,0.02,0.2,0.0,0.2,0.0,0.0,1.0,96768.0
14.0,9.0,520.0,0.0,0.0,0.0,317.0,0.0,0.0,1.0,0.0,0.0,255.0,255.0,1.0,0.0,0.0,0.0,0.0,0.0,1.0,34478.0
45.0,5.0,0.0,0.0,0.0,0.0,110.0,0.99,1.0,0.05,0.09,0.0,255.0,5.0,0.02,0.07,0.0,1.0,1.0,0.0,1.0,50580.0
3.0,5.0,0.0,0.0,0.0,0.0,254.0,1.0,1.0,0.02,0.05,0.0,255.0,6.0,0.02,0.05,0.0,1.0,1.0,0.0,1.0,13543.0
45.0,4.0,0.0,0.0,0.0,0.0,1.0,0.0,0.0,1.0,0.0,0.0,255.0,1.0,0.0,0.72,0.0,0.0,0.0,1.0,1.0,112176.0
45.0,1.0,0.0,0.0,0.0,0.0,76.0,0.0,0.0,0.14,0.07,0.0,255.0,11.0,0.04,0.06,0.0,0.0,0.0,1.0,1.0,42248.0
45.0,5.0,0.0,0.0,0.0,0.0,104.0,1.0,1.0,0.05,0.06,0.0,159.0,5.0,0.03,0.06,0.0,1.0,1.0,0.0,1.0,28880.0
45.0,5.0,0.0,0.0,0.0,0.0,118.0,1.0,1.0,0.15,0.06,0.0,255.0,8.0,0.03,0.07,0.0,1.0,1.0,0.0,1.0,70144.0
45.0,5.0,0.0,0.0,0.0,0.0,7.0,1.0,1.0,0.43,0.43,0.0,255.0,4.0,0.02,0.08,0.0,1.0,1.0,0.0,1.0,66119.0
61.0,5.0,0.0,0.0,0.0,0.0,253.0,1.0,1.0,0.03,0.06,0.0,255.0,14.0,0.05,0.07,0.0,1.0,1.0,0.0,1.0,85111.0
19.0,9.0,334.0,0.0,0.0,1.0,1.0,0.0,0.0,1.0,0.0,0.0,6.0,46.0,1.0,0.0,0.04,0.0,0.02,0.0,1.0,101248.0
31.0,2.0,0.0,0.0,0.0,0.0,148.0,0.0,0.0,0.13,0.06,0.0,255.0,19.0,0.07,0.06,0.0,0.0,0.0,1.0,1.0,111590.0
39.0,5.0,0.0,0.0,0.0,0.0,94.0,1.0,1.0,0.04,0.06,0.0,255.0,1.0,0.0,0.07,0.0,1.0,1.0,0.0,1.0,12334.0
14.0,9.0,1032.0,0.0,0.0,0.0,510.0,0.0,0.0,1.0,0.0,0.0,255.0,71.0,0.28,0.04,0.0,0.14,0.0,0.0,1.0,7864.0
41.0,4.0,1.0,0.0,0.0,0.0,2.0,0.0,0.0,1.0,0.0,0.0,255.0,2.0,0.01,0.74,0.0,0.0,0.0,1.0,1.0,109856.0
53.0,5.0,0.0,0.0,0.0,0.0,190.0,1.0,1.0,0.13,0.05,0.0,255.0,24.0,0.09,0.06,0.0,1.0,1.0,0.0,1.0,100155.0
45.0,5.0,0.0,0.0,0.0,0.0,109.0,1.0,1.0,0.17,0.06,0.0,255.0,18.0,0.07,0.06,0.0,1.0,1.0,0.0,1.0,39990.0
54.0,5.0,0.0,0.0,0.0,0.0,258.0,1.0,1.0,0.02,0.07,0.0,255.0,17.0,0.07,0.08,0.0,1.0,1.0,0.0,1.0,37524.0
25.0,5.0,0.0,0.0,0.0,0.0,276.0,1.0,1.0,0.05,0.05,0.0,255.0,15.0,0.06,0.05,0.0,1.0,1.0,0.0,1.0,118712.0
15.0,5.0,0.0,0.0,0.0,0.0,142.0,1.0,1.0,0.13,0.05,0.0,255.0,18.0,0.07,0.05,0.0,1.0,1.0,0.0,1.0,47595.0
44.0,5.0,0.0,0.0,0.0,0.0,121.0,1.0,1.0,0.06,0.06,0.0,255.0,7.0,0.03,0.05,0.0,1.0,1.0,0.0,1.0,31981.0
55.0,2.0,0.0,0.0,0.0,0.0,226.0,0.0,0.0,0.04,0.07,0.0,255.0,8.0,0.03,0.09,0.0,0.0,0.0,1.0,1.0,47505.0
45.0,5.0,0.0,0.0,0.0,0.0,287.0,1.0,1.0,0.0,0.05,0.0,255.0,1.0,0.0,0.05,0.0,1.0,1.0,0.0,1.0,89572.0
41.0,1.0,0.0,0.0,0.0,0.0,461.0,0.08,0.0,0.0,1.0,0.0,255.0,1.0,0.0,1.0,0.0,0.06,0.0,1.0,1.0,58691.0
45.0,5.0,0.0,0.0,0.0,0.0,174.0,1.0,1.0,0.03,0.07,0.0,255.0,20.0,0.08,0.06,0.0,1.0,1.0,0.0,1.0,88997.0
19.0,5.0,0.0,0.0,0.0,0.0,77.0,1.0,1.0,0.25,0.05,0.0,255.0,77.0,0.3,0.02,0.0,1.0,1.0,0.0,1.0,69223.0
13.0,9.0,8.0,0.0,0.0,0.0,1.0,0.0,0.0,1.0,0.0,1.0,2.0,130.0,1.0,0.0,0.5,0.0,0.0,0.0,1.0,37628.0
27.0,5.0,0.0,0.0,0.0,0.0,137.0,1.0,1.0,0.17,0.05,0.0,255.0,23.0,0.09,0.05,0.0,1.0,1.0,0.0,1.0,116186.0
51.0,1.0,0.0,0.0,0.0,0.0,1.0,0.0,0.0,1.0,0.0,0.0,3.0,2.0,0.33,1.0,1.0,0.0,0.0,1.0,1.0,2256.0
61.0,1.0,0.0,0.0,0.0,0.0,138.0,0.0,0.0,0.09,0.07,0.0,255.0,1.0,0.0,0.07,0.0,0.0,0.0,1.0,1.0,119847.0
19.0,5.0,0.0,0.0,0.0,0.0,75.0,1.0,1.0,0.23,0.05,0.0,255.0,69.0,0.27,0.02,0.0,1.0,1.0,0.0,1.0,38193.0
3.0,1.0,0.0,0.0,0.0,0.0,232.0,0.0,0.0,0.07,0.06,0.0,255.0,17.0,0.07,0.07,0.0,0.0,0.0,1.0,1.0,83409.0
61.0,5.0,0.0,0.0,0.0,0.0,281.0,1.0,1.0,0.07,0.06,0.0,255.0,19.0,0.07,0.07,0.0,1.0,1.0,0.0,1.0,70478.0
28.0,5.0,0.0,0.0,0.0,0.0,132.0,1.0,1.0,0.15,0.05,0.0,255.0,20.0,0.08,0.05,0.0,1.0,1.0,0.0,1.0,117561.0
34.0,1.0,0.0,0.0,0.0,0.0,267.0,0.0,0.0,0.07,0.06,0.0,255.0,19.0,0.07,0.07,0.0,0.0,0.0,1.0,1.0,102782.0
37.0,1.0,0.0,0.0,0.0,0.0,103.0,0.0,0.0,0.01,0.08,0.0,255.0,1.0,0.0,0.07,0.0,0.0,0.0,1.0,1.0,25708.0
7.0,1.0,0.0,0.0,0.0,0.0,481.0,0.06,0.0,0.0,1.0,0.0,255.0,1.0,0.0,1.0,0.0,0.08,0.0,1.0,1.0,62458.0
45.0,9.0,28.0,0.0,3.0,0.0,193.0,0.52,0.0,0.48,0.04,0.0,255.0,93.0,0.36,0.64,0.0,0.09,0.0,0.0,1.0,86187.0
17.0,5.0,0.0,0.0,0.0,0.0,235.0,1.0,1.0,0.0,0.07,0.0,255.0,2.0,0.01,0.07,0.0,1.0,1.0,0.0,1.0,70482.0
14.0,9.0,1032.0,0.0,0.0,0.0,88.0,0.0,0.0,1.0,0.0,0.0,230.0,136.0,0.59,0.03,0.0,0.01,0.0,0.0,1.0,9544.0
62.0,5.0,0.0,0.0,0.0,0.0,248.0,1.0,1.0,0.01,0.06,0.0,255.0,18.0,0.07,0.07,0.0,1.0,1.0,0.0,1.0,108087.0
45.0,9.0,28.0,0.0,3.0,0.0,98.0,0.0,0.0,1.0,0.0,0.0,255.0,98.0,0.38,0.04,0.0,0.02,0.0,0.0,1.0,36635.0
13.0,9.0,8.0,0.0,0.0,0.0,1.0,0.0,0.0,1.0,0.0,1.0,1.0,185.0,1.0,0.0,0.25,0.0,0.0,0.0,1.0,35478.0
21.0,5.0,0.0,0.0,0.0,0.0,201.0,1.0,1.0,0.08,0.07,0.0,255.0,17.0,0.07,0.07,0.0,1.0,1.0,0.0,1.0,87849.0
27.0,5.0,0.0,0.0,0.0,0.0,32.0,1.0,1.0,0.16,0.09,0.0,255.0,5.0,0.02,0.07,0.0,1.0,1.0,0.0,1.0,119191.0
57.0,5.0,0.0,0.0,0.0,0.0,229.0,1.0,1.0,0.03,0.05,0.0,255.0,8.0,0.03,0.06,0.0,1.0,1.0,0.0,1.0,43198.0
45.0,5.0,0.0,0.0,0.0,0.0,185.0,0.99,1.0,0.04,0.06,0.0,255.0,7.0,0.03,0.07,0.0,1.0,1.0,0.0,1.0,58523.0
26.0,5.0,0.0,0.0,0.0,0.0,105.0,1.0,1.0,0.17,0.07,0.0,255.0,5.0,0.02,0.07,0.0,1.0,1.0,0.0,1.0,72861.0
45.0,4.0,0.0,0.0,0.0,0.0,1.0,0.0,0.0,1.0,0.0,0.0,196.0,1.0,0.01,0.5,0.0,0.0,0.0,1.0,1.0,3401.0
45.0,1.0,0.0,0.0,0.0,0.0,95.0,0.01,0.0,0.01,1.0,0.0,220.0,1.0,0.0,0.46,0.0,0.0,0.0,1.0,1.0,18713.0
45.0,5.0,0.0,0.0,0.0,0.0,267.0,1.0,1.0,0.01,0.06,0.0,255.0,10.0,0.04,0.07,0.0,1.0,1.0,0.0,1.0,113573.0
45.0,5.0,0.0,0.0,0.0,0.0,204.0,1.0,1.0,0.07,0.06,0.0,255.0,13.0,0.05,0.07,0.0,1.0,1.0,0.0,1.0,19270.0
63.0,5.0,0.0,0.0,0.0,0.0,259.0,1.0,1.0,0.02,0.06,0.0,255.0,4.0,0.02,0.06,0.0,1.0,1.0,0.0,1.0,59247.0
26.0,5.0,0.0,0.0,0.0,0.0,120.0,1.0,1.0,0.01,0.08,0.0,255.0,1.0,0.0,0.07,0.0,1.0,1.0,0.0,1.0,74117.0
60.0,5.0,0.0,0.0,0.0,0.0,138.0,1.0,1.0,0.07,0.07,0.0,255.0,9.0,0.04,0.07,0.0,1.0,1.0,0.0,1.0,10394.0
45.0,5.0,0.0,0.0,0.0,0.0,189.0,1.0,1.0,0.02,0.07,0.0,255.0,14.0,0.05,0.05,0.0,1.0,1.0,0.0,1.0,57830.0
6.0,5.0,0.0,0.0,0.0,0.0,284.0,1.0,1.0,0.04,0.06,0.0,255.0,12.0,0.05,0.06,0.0,1.0,1.0,0.0,1.0,123175.0
41.0,1.0,0.0,0.0,0.0,0.0,511.0,0.1,0.0,0.0,1.0,0.0,255.0,1.0,0.0,1.0,0.0,0.11,0.0,1.0,1.0,73898.0
30.0,1.0,0.0,0.0,0.0,0.0,247.0,0.0,0.0,0.06,0.06,0.0,255.0,15.0,0.06,0.07,0.0,0.0,0.0,1.0,1.0,94561.0
45.0,5.0,0.0,0.0,0.0,0.0,119.0,1.0,1.0,0.09,0.06,0.0,255.0,7.0,0.03,0.06,0.0,1.0,1.0,0.0,1.0,81527.0
2.0,5.0,0.0,0.0,0.0,0.0,236.0,1.0,1.0,0.06,0.06,0.0,255.0,6.0,0.02,0.09,0.0,1.0,1.0,0.0,1.0,26003.0
52.0,2.0,0.0,0.0,0.0,0.0,232.0,0.0,0.0,0.07,0.07,0.0,255.0,16.0,0.06,0.07,0.0,0.0,0.0,1.0,1.0,57835.0
45.0,5.0,0.0,0.0,0.0,0.0,145.0,1.0,1.0,0.08,0.06,0.0,255.0,15.0,0.06,0.05,0.0,1.0,1.0,0.0,1.0,66520.0
55.0,5.0,0.0,0.0,0.0,0.0,146.0,1.0,1.0,0.05,0.05,0.0,255.0,8.0,0.03,0.06,0.0,1.0,1.0,0.0,1.0,88780.0
33.0,1.0,0.0,0.0,0.0,0.0,236.0,0.0,0.0,0.08,0.07,0.0,255.0,20.0,0.08,0.08,0.0,0.0,0.0,1.0,1.0,44577.0
10.0,5.0,0.0,0.0,0.0,0.0,233.0,1.0,1.0,0.08,0.06,0.0,255.0,19.0,0.07,0.07,0.0,1.0,1.0,0.0,1.0,23777.0
45.0,5.0,0.0,0.0,0.0,0.0,133.0,1.0,1.0,0.04,0.08,0.0,255.0,5.0,0.02,0.06,0.0,1.0,1.0,0.0,1.0,28507.0
53.0,1.0,0.0,0.0,0.0,0.0,237.0,0.0,0.0,0.08,0.06,0.0,255.0,18.0,0.07,0.07,0.0,0.0,0.0,1.0,1.0,61515.0
45.0,9.0,1.0,0.0,0.0,0.0,12.0,0.0,0.0,1.0,0.0,0.0,255.0,12.0,0.05,0.95,0.0,0.13,0.0,0.0,1.0,100812.0
51.0,5.0,0.0,0.0,0.0,0.0,270.0,1.0,1.0,0.07,0.06,0.0,255.0,19.0,0.07,0.07,0.0,1.0,1.0,0.0,1.0,82029.0
45.0,5.0,0.0,0.0,0.0,0.0,148.0,1.0,1.0,0.06,0.05,0.0,255.0,10.0,0.04,0.08,0.0,1.0,1.0,0.0,1.0,109898.0
60.0,5.0,0.0,0.0,0.0,0.0,112.0,1.0,1.0,0.12,0.07,0.0,255.0,14.0,0.05,0.07,0.0,1.0,1.0,0.0,1.0,40778.0
2.0,5.0,0.0,0.0,0.0,0.0,218.0,1.0,1.0,0.04,0.08,0.0,255.0,8.0,0.03,0.09,0.0,1.0,1.0,0.0,1.0,61133.0
2.0,5.0,0.0,0.0,0.0,0.0,231.0,1.0,1.0,0.03,0.06,0.0,255.0,8.0,0.03,0.07,0.0,1.0,1.0,0.0,1.0,52045.0
5.0,5.0,0.0,0.0,0.0,0.0,114.0,1.0,1.0,0.16,0.05,0.0,255.0,18.0,0.07,0.06,0.0,1.0,1.0,0.0,1.0,84574.0
45.0,5.0,0.0,0.0,0.0,0.0,109.0,1.0,1.0,0.23,0.05,0.0,255.0,25.0,0.1,0.05,0.0,1.0,1.0,0.0,1.0,57660.0
19.0,5.0,0.0,0.0,0.0,0.0,29.0,1.0,1.0,0.28,0.14,0.0,255.0,48.0,0.19,0.05,0.0,1.0,1.0,0.0,1.0,70425.0
52.0,5.0,0.0,0.0,0.0,0.0,234.0,1.0,1.0,0.06,0.06,0.0,255.0,14.0,0.05,0.06,0.0,1.0,1.0,0.0,1.0,16230.0
45.0,9.0,1.0,5.0,0.0,0.0,39.0,0.0,0.0,0.36,0.1,0.0,255.0,14.0,0.05,0.62,0.0,0.16,0.0,0.0,1.0,50056.0
45.0,5.0,0.0,0.0,0.0,0.0,125.0,1.0,1.0,0.03,0.06,0.0,255.0,3.0,0.01,0.07,0.0,1.0,1.0,0.0,1.0,83984.0
18.0,5.0,0.0,0.0,0.0,0.0,247.0,1.0,1.0,0.04,0.06,0.0,255.0,11.0,0.04,0.06,0.0,1.0,1.0,0.0,1.0,116029.0
6.0,1.0,0.0,0.0,0.0,0.0,209.0,0.0,0.0,0.01,0.08,0.0,255.0,3.0,0.01,0.1,0.0,0.0,0.0,1.0,1.0,42799.0
45.0,5.0,0.0,0.0,0.0,0.0,122.0,1.0,1.0,0.02,0.07,0.0,255.0,2.0,0.01,0.09,0.0,1.0,1.0,0.0,1.0,85850.0
14.0,9.0,520.0,0.0,0.0,0.0,434.0,0.0,0.0,1.0,0.0,0.0,31.0,31.0,1.0,0.0,0.0,0.0,0.0,0.0,1.0,77601.0
19.0,5.0,0.0,0.0,0.0,0.0,275.0,1.0,1.0,0.03,0.06,0.0,255.0,8.0,0.03,0.07,0.0,1.0,1.0,0.0,1.0,89272.0
57.0,5.0,0.0,0.0,0.0,0.0,253.0,1.0,1.0,0.0,0.06,0.0,255.0,1.0,0.0,0.07,0.0,1.0,1.0,0.0,1.0,17458.0
13.0,9.0,8.0,0.0,0.0,0.0,1.0,0.0,0.0,1.0,0.0,1.0,1.0,99.0,1.0,0.0,0.51,0.0,0.0,0.0,1.0,73874.0
19.0,5.0,0.0,0.0,0.0,0.0,124.0,1.0,1.0,0.08,0.05,0.0,255.0,7.0,0.03,0.08,0.0,1.0,1.0,0.0,1.0,88186.0
13.0,9.0,8.0,0.0,0.0,0.0,1.0,0.0,0.0,1.0,0.0,1.0,1.0,93.0,1.0,0.0,0.51,0.0,0.0,0.0,1.0,36266.0
4.0,5.0,0.0,0.0,0.0,0.0,116.0,1.0,1.0,0.07,0.06,0.0,255.0,8.0,0.03,0.05,0.0,1.0,1.0,0.0,1.0,124494.0
45.0,4.0,0.0,0.0,0.0,0.0,50.0,0.0,0.0,0.04,0.54,0.0,220.0,2.0,0.01,0.13,0.0,0.01,0.0,1.0,1.0,63767.0
45.0,5.0,0.0,0.0,0.0,0.0,208.0,1.0,1.0,0.0,0.06,0.0,255.0,19.0,0.07,0.08,0.0,1.0,1.0,0.0,1.0,89771.0
45.0,5.0,0.0,0.0,0.0,0.0,143.0,1.0,1.0,0.06,0.06,0.0,255.0,5.0,0.02,0.08,0.0,1.0,1.0,0.0,1.0,41634.0
54.0,5.0,0.0,0.0,0.0,0.0,262.0,1.0,1.0,0.06,0.06,0.0,255.0,16.0,0.06,0.07,0.0,1.0,1.0,0.0,1.0,50218.0
7.0,1.0,0.0,0.0,0.0,0.0,262.0,0.0,0.0,0.07,0.06,0.0,255.0,18.0,0.07,0.07,0.0,0.0,0.0,1.0,1.0,119300.0
3.0,5.0,0.0,0.0,0.0,0.0,200.0,1.0,1.0,0.01,0.05,0.0,255.0,2.0,0.01,0.05,0.0,1.0,1.0,0.0,1.0,25019.0
45.0,9.0,1.0,0.0,0.0,0.0,40.0,0.0,0.0,0.1,0.05,0.0,255.0,47.0,0.18,0.23,0.0,0.0,0.0,0.0,1.0,49189.0
45.0,5.0,0.0,0.0,0.0,0.0,117.0,1.0,1.0,0.08,0.07,0.0,255.0,13.0,0.05,0.06,0.0,1.0,1.0,0.0,1.0,29440.0
41.0,1.0,0.0,0.0,0.0,0.0,401.0,0.07,0.0,0.0,1.0,0.0,255.0,1.0,0.0,1.0,0.0,0.08,0.0,1.0,1.0,95892.0
45.0,5.0,0.0,0.0,0.0,0.0,138.0,1.0,1.0,0.09,0.06,0.0,255.0,10.0,0.04,0.06,0.0,1.0,1.0,0.0,1.0,76627.0
45.0,5.0,0.0,0.0,0.0,0.0,288.0,1.0,1.0,0.02,0.06,0.0,255.0,12.0,0.05,0.09,0.0,1.0,1.0,0.0,1.0,83265.0
45.0,4.0,0.0,0.0,0.0,0.0,369.0,0.0,0.0,0.01,0.52,0.0,255.0,2.0,0.01,0.52,0.0,0.0,0.0,1.0,1.0,117377.0
5.0,5.0,0.0,0.0,0.0,0.0,113.0,1.0,1.0,0.04,0.07,0.0,255.0,5.0,0.02,0.07,0.0,1.0,1.0,0.0,1.0,116295.0
45.0,9.0,28.0,0.0,3.0,0.0,40.0,0.0,0.0,1.0,0.0,0.0,243.0,40.0,0.16,0.05,0.0,0.02,0.0,0.0,1.0,23668.0
3.0,5.0,0.0,0.0,0.0,0.0,120.0,1.0,1.0,0.04,0.07,0.0,255.0,4.0,0.02,0.07,0.0,1.0,1.0,0.0,1.0,62989.0
45.0,1.0,0.0,0.0,0.0,0.0,275.0,0.0,0.0,0.06,0.06,0.0,255.0,16.0,0.06,0.08,0.0,0.0,0.0,1.0,1.0,81939.0
33.0,5.0,0.0,0.0,0.0,0.0,265.0,1.0,1.0,0.09,0.05,0.0,255.0,24.0,0.09,0.05,0.0,1.0,1.0,0.0,1.0,45978.0
45.0,9.0,1.0,0.0,0.0,0.0,62.0,0.0,0.0,0.39,0.08,0.0,255.0,58.0,0.23,0.18,0.0,0.0,0.0,0.0,1.0,108789.0
45.0,4.0,1.0,0.0,0.0,0.0,2.0,0.0,0.0,1.0,0.0,0.0,255.0,2.0,0.01,0.73,0.0,0.0,0.0,1.0,1.0,32728.0
61.0,5.0,0.0,0.0,0.0,0.0,282.0,1.0,1.0,0.06,0.06,0.0,255.0,18.0,0.07,0.06,0.0,1.0,1.0,0.0,1.0,36287.0
45.0,5.0,0.0,0.0,0.0,0.0,110.0,1.0,1.0,0.12,0.05,0.0,255.0,5.0,0.02,0.07,0.0,1.0,1.0,0.0,1.0,59837.0
45.0,5.0,0.0,0.0,0.0,0.0,85.0,1.0,1.0,0.11,0.06,0.0,255.0,14.0,0.05,0.06,0.0,1.0,1.0,0.0,1.0,40672.0
32.0,5.0,0.0,0.0,0.0,0.0,231.0,1.0,1.0,0.03,0.07,0.0,255.0,7.0,0.03,0.07,0.0,1.0,1.0,0.0,1.0,26446.0
45.0,5.0,0.0,0.0,0.0,0.0,76.0,1.0,1.0,0.32,0.05,0.0,255.0,21.0,0.08,0.05,0.0,1.0,1.0,0.0,1.0,7552.0
19.0,9.0,334.0,0.0,0.0,1.0,1.0,0.0,0.0,1.0,0.0,0.0,3.0,9.0,1.0,0.0,0.44,0.0,0.0,0.0,1.0,8987.0
33.0,5.0,0.0,0.0,0.0,0.0,298.0,1.0,1.0,0.08,0.05,0.0,255.0,25.0,0.1,0.05,0.0,1.0,1.0,0.0,1.0,20892.0
45.0,5.0,0.0,0.0,0.0,0.0,129.0,1.0,1.0,0.05,0.06,0.0,255.0,14.0,0.05,0.07,0.0,1.0,1.0,0.0,1.0,12877.0
36.0,1.0,0.0,0.0,0.0,0.0,156.0,0.0,0.0,0.1,0.06,0.0,255.0,15.0,0.06,0.07,0.0,0.0,0.0,1.0,1.0,50870.0
20.0,5.0,0.0,0.0,0.0,0.0,199.0,1.0,1.0,0.01,0.07,0.0,255.0,9.0,0.04,0.07,0.0,1.0,1.0,0.0,1.0,102679.0
39.0,5.0,0.0,0.0,0.0,0.0,241.0,1.0,1.0,0.06,0.06,0.0,255.0,6.0,0.02,0.07,0.0,1.0,1.0,0.0,1.0,30764.0
45.0,4.0,0.0,0.0,0.0,0.0,445.0,0.0,0.0,0.0,0.52,0.0,255.0,2.0,0.01,0.51,0.0,0.0,0.0,1.0,1.0,9417.0
3.0,1.0,0.0,0.0,0.0,0.0,269.0,0.0,0.0,0.07,0.06,0.0,255.0,20.0,0.08,0.07,0.0,0.0,0.0,1.0,1.0,18561.0
60.0,2.0,0.0,0.0,0.0,0.0,113.0,0.0,0.0,0.06,0.07,0.0,255.0,7.0,0.03,0.06,0.0,0.0,0.0,1.0,1.0,8875.0
31.0,5.0,0.0,0.0,0.0,0.0,117.0,1.0,1.0,0.1,0.06,0.0,255.0,6.0,0.02,0.06,0.0,1.0,1.0,0.0,1.0,89180.0
51.0,5.0,0.0,0.0,0.0,0.0,7.0,1.0,1.0,0.43,0.43,0.0,255.0,3.0,0.01,0.09,0.0,1.0,1.0,0.0,1.0,1726.0
13.0,9.0,8.0,0.0,0.0,0.0,1.0,0.0,0.0,1.0,0.0,1.0,2.0,34.0,1.0,0.0,0.5,0.0,0.0,0.0,1.0,61981.0
26.0,5.0,0.0,0.0,0.0,0.0,227.0,1.0,1.0,0.05,0.07,0.0,255.0,11.0,0.04,0.07,0.0,1.0,1.0,0.0,1.0,14746.0
45.0,10.0,0.0,0.0,0.0,0.0,1.0,1.0,1.0,1.0,0.0,0.0,148.0,1.0,0.01,0.93,0.0,0.95,1.0,0.0,1.0,59921.0
45.0,5.0,0.0,0.0,0.0,0.0,144.0,1.0,1.0,0.1,0.06,0.0,255.0,15.0,0.06,0.07,0.0,1.0,1.0,0.0,1.0,55072.0
45.0,5.0,0.0,0.0,0.0,0.0,121.0,0.99,1.0,0.09,0.07,0.0,255.0,2.0,0.01,0.07,0.0,1.0,1.0,0.0,1.0,22175.0
61.0,5.0,0.0,0.0,0.0,0.0,290.0,1.0,1.0,0.03,0.06,0.0,255.0,9.0,0.04,0.06,0.0,1.0,1.0,0.0,1.0,122378.0
45.0,5.0,0.0,0.0,0.0,0.0,101.0,1.0,1.0,0.04,0.06,0.0,255.0,18.0,0.07,0.07,0.0,1.0,1.0,0.0,1.0,97001.0
52.0,5.0,0.0,0.0,0.0,0.0,96.0,1.0,1.0,0.01,0.06,0.0,255.0,1.0,0.0,0.07,0.0,1.0,1.0,0.0,1.0,38143.0
45.0,9.0,105.0,0.0,0.0,0.0,2.0,0.0,0.0,1.0,0.0,0.0,255.0,179.0,0.7,0.01,0.0,0.0,0.0,0.0,1.0,92395.0
3.0,5.0,0.0,0.0,0.0,0.0,273.0,1.0,1.0,0.05,0.05,0.0,255.0,15.0,0.06,0.05,0.0,1.0,1.0,0.0,1.0,105554.0
45.0,5.0,0.0,0.0,0.0,0.0,105.0,1.0,1.0,0.12,0.06,0.0,255.0,13.0,0.05,0.08,0.0,1.0,1.0,0.0,1.0,121449.0
45.0,5.0,0.0,0.0,0.0,0.0,239.0,1.0,1.0,0.07,0.06,0.0,255.0,5.0,0.02,0.08,0.0,1.0,1.0,0.0,1.0,68941.0
23.0,5.0,0.0,0.0,0.0,0.0,45.0,1.0,1.0,0.18,0.11,0.0,255.0,8.0,0.03,0.08,0.0,1.0,1.0,0.0,1.0,11100.0
47.0,4.0,0.0,0.0,0.0,0.0,1.0,0.0,0.0,1.0,0.0,0.0,175.0,1.0,0.01,0.45,0.0,0.0,0.0,1.0,1.0,80985.0
8.0,2.0,0.0,0.0,0.0,0.0,105.0,0.0,0.0,0.03,0.08,0.0,255.0,3.0,0.01,0.08,0.0,0.0,0.0,1.0,1.0,101971.0
45.0,5.0,0.0,0.0,0.0,0.0,279.0,1.0,1.0,0.04,0.06,0.0,255.0,12.0,0.05,0.09,0.0,1.0,1.0,0.0,1.0,40951.0
31.0,5.0,0.0,0.0,0.0,0.0,141.0,1.0,1.0,0.13,0.05,0.0,255.0,19.0,0.07,0.05,0.0,1.0,1.0,0.0,1.0,35637.0
49.0,5.0,0.0,0.0,0.0,0.0,6.0,1.0,1.0,1.0,0.0,0.0,68.0,136.0,0.38,0.03,0.01,0.97,0.19,0.0,1.0,77564.0
25.0,5.0,0.0,0.0,0.0,0.0,243.0,1.0,1.0,0.01,0.06,0.0,255.0,3.0,0.01,0.07,0.0,1.0,1.0,0.0,1.0,29001.0
42.0,5.0,0.0,0.0,0.0,0.0,261.0,1.0,1.0,0.06,0.06,0.0,255.0,16.0,0.06,0.07,0.0,1.0,1.0,0.0,1.0,79062.0
45.0,5.0,0.0,0.0,0.0,0.0,96.0,1.0,1.0,0.08,0.07,0.0,148.0,8.0,0.05,0.07,0.0,1.0,1.0,0.0,1.0,74378.0
45.0,5.0,0.0,0.0,0.0,0.0,227.0,1.0,1.0,0.11,0.05,0.0,255.0,25.0,0.1,0.05,0.0,1.0,1.0,0.0,1.0,62740.0
45.0,9.0,28.0,0.0,3.0,0.0,48.0,0.0,0.0,1.0,0.0,0.0,255.0,15.0,0.06,0.01,0.0,0.0,0.0,0.0,1.0,96897.0
45.0,9.0,28.0,0.0,3.0,0.0,22.0,0.0,0.0,0.95,0.09,0.0,255.0,21.0,0.08,0.02,0.0,0.0,0.0,0.0,1.0,121113.0
63.0,5.0,0.0,0.0,0.0,0.0,226.0,1.0,1.0,0.03,0.06,0.0,255.0,6.0,0.02,0.08,0.0,1.0,1.0,0.0,1.0,98065.0
13.0,9.0,8.0,0.0,0.0,0.0,1.0,0.0,0.0,1.0,0.0,1.0,1.0,59.0,1.0,0.0,0.51,0.0,0.0,0.0,1.0,26633.0
38.0,5.0,0.0,0.0,0.0,0.0,151.0,1.0,1.0,0.13,0.05,0.0,255.0,19.0,0.07,0.05,0.0,1.0,1.0,0.0,1.0,20887.0
45.0,5.0,0.0,0.0,0.0,0.0,87.0,1.0,1.0,0.21,0.06,0.0,255.0,4.0,0.02,0.07,0.0,1.0,1.0,0.0,1.0,27520.0
55.0,5.0,0.0,0.0,0.0,0.0,39.0,1.0,1.0,0.13,0.1,0.0,255.0,65.0,0.25,0.02,0.0,1.0,1.0,0.0,1.0,106572.0
26.0,5.0,0.0,0.0,0.0,0.0,171.0,1.0,1.0,0.04,0.07,0.0,255.0,7.0,0.03,0.07,0.0,1.0,1.0,0.0,1.0,114941.0
29.0,5.0,0.0,0.0,0.0,0.0,99.0,1.0,1.0,0.12,0.06,0.0,255.0,20.0,0.08,0.07,0.0,1.0,1.0,0.0,1.0,26725.0
45.0,9.0,28.0,0.0,3.0,0.0,82.0,0.0,0.0,1.0,0.0,0.0,255.0,82.0,0.32,0.01,0.0,0.0,0.0,0.0,1.0,85180.0
45.0,1.0,0.0,0.0,0.0,0.0,239.0,0.0,0.0,0.07,0.07,0.0,255.0,16.0,0.06,0.08,0.0,0.0,0.0,1.0,1.0,97732.0
45.0,5.0,0.0,0.0,0.0,0.0,233.0,1.0,1.0,0.04,0.06,0.0,255.0,3.0,0.01,0.09,0.0,1.0,1.0,0.0,1.0,60062.0
38.0,1.0,0.0,0.0,0.0,0.0,109.0,0.0,0.0,0.17,0.07,0.0,255.0,18.0,0.07,0.07,0.0,0.0,0.0,1.0,1.0,25590.0
45.0,9.0,28.0,0.0,3.0,0.0,22.0,0.0,0.0,1.0,0.0,0.0,255.0,122.0,0.48,0.53,0.0,0.09,0.0,0.0,1.0,120632.0
4.0,5.0,0.0,0.0,0.0,0.0,215.0,1.0,1.0,0.01,0.07,0.0,255.0,19.0,0.07,0.07,0.0,1.0,1.0,0.0,1.0,47454.0
25.0,1.0,0.0,0.0,0.0,0.0,277.0,0.0,0.0,0.04,0.06,0.0,255.0,12.0,0.05,0.08,0.0,0.0,0.0,1.0,1.0,26686.0
5.0,5.0,0.0,0.0,0.0,0.0,134.0,1.0,1.0,0.01,0.06,0.0,255.0,2.0,0.01,0.07,0.0,1.0,1.0,0.0,1.0,40787.0
9.0,5.0,0.0,0.0,0.0,0.0,209.0,1.0,1.0,0.09,0.06,0.0,255.0,18.0,0.07,0.07,0.0,1.0,1.0,0.0,1.0,84832.0
15.0,5.0,0.0,0.0,0.0,0.0,104.0,1.0,1.0,0.15,0.06,0.0,255.0,16.0,0.06,0.06,0.0,1.0,1.0,0.0,1.0,32878.0
45.0,5.0,0.0,0.0,0.0,0.0,257.0,1.0,1.0,0.03,0.05,0.0,255.0,12.0,0.05,0.07,0.0,1.0,1.0,0.0,1.0,24533.0
2.0,5.0,0.0,0.0,0.0,0.0,275.0,1.0,1.0,0.01,0.06,0.0,255.0,4.0,0.02,0.06,0.0,1.0,1.0,0.0,1.0,90160.0
45.0,9.0,1.0,0.0,0.0,0.0,9.0,0.0,0.0,0.56,0.22,0.0,255.0,5.0,0.02,0.43,0.0,0.03,0.0,0.0,1.0,70778.0
38.0,5.0,0.0,0.0,0.0,0.0,135.0,1.0,1.0,0.13,0.05,0.0,255.0,13.0,0.05,0.07,0.0,1.0,1.0,0.0,1.0,21169.0
45.0,5.0,0.0,0.0,0.0,0.0,143.0,1.0,1.0,0.02,0.07,0.0,255.0,3.0,0.01,0.06,0.0,1.0,1.0,0.0,1.0,11839.0
9.0,4.0,0.0,0.0,0.0,0.0,1.0,0.0,0.0,1.0,0.0,0.0,255.0,1.0,0.0,0.05,0.0,0.0,0.0,1.0,1.0,13838.0
45.0,4.0,0.0,0.0,0.0,0.0,353.0,0.0,0.0,0.01,0.52,0.0,255.0,2.0,0.01,0.52,0.0,0.0,0.0,1.0,1.0,117586.0
45.0,2.0,0.0,0.0,0.0,0.0,127.0,0.0,0.0,0.02,0.07,0.0,255.0,3.0,0.01,0.08,0.0,0.0,0.0,1.0,1.0,28347.0
8.0,5.0,0.0,0.0,0.0,0.0,298.0,1.0,1.0,0.05,0.05,0.0,255.0,3.0,0.01,0.08,0.0,1.0,1.0,0.0,1.0,101075.0
19.0,1.0,0.0,0.0,0.0,0.0,222.0,0.0,0.0,0.05,0.07,0.0,255.0,11.0,0.04,0.07,0.0,0.0,0.0,1.0,1.0,73721.0
12.0,5.0,0.0,0.0,0.0,0.0,144.0,1.0,1.0,0.14,0.06,0.0,255.0,20.0,0.08,0.07,0.0,1.0,1.0,0.0,1.0,88476.0
26.0,5.0,0.0,0.0,0.0,0.0,238.0,1.0,1.0,0.05,0.06,0.0,255.0,11.0,0.04,0.07,0.0,1.0,1.0,0.0,1.0,73885.0
9.0,5.0,0.0,0.0,0.0,0.0,245.0,1.0,1.0,0.01,0.06,0.0,255.0,3.0,0.01,0.06,0.0,1.0,1.0,0.0,1.0,4319.0
57.0,5.0,0.0,0.0,0.0,0.0,239.0,1.0,1.0,0.09,0.05,0.0,255.0,21.0,0.08,0.06,0.0,1.0,1.0,0.0,1.0,94509.0
29.0,5.0,0.0,0.0,0.0,0.0,136.0,1.0,1.0,0.13,0.05,0.0,255.0,4.0,0.02,0.07,0.0,1.0,1.0,0.0,1.0,60508.0
17.0,5.0,0.0,0.0,0.0,0.0,14.0,1.0,1.0,0.29,0.29,0.0,255.0,44.0,0.17,0.05,0.0,1.0,1.0,0.0,1.0,68943.0
57.0,5.0,0.0,0.0,0.0,0.0,208.0,1.0,1.0,0.06,0.06,0.0,255.0,12.0,0.05,0.06,0.0,1.0,1.0,0.0,1.0,5770.0
45.0,5.0,0.0,0.0,0.0,0.0,214.0,1.0,1.0,0.09,0.06,0.0,255.0,17.0,0.07,0.06,0.0,1.0,1.0,0.0,1.0,29604.0
45.0,5.0,0.0,0.0,0.0,0.0,60.0,1.0,1.0,0.35,0.07,0.0,255.0,21.0,0.08,0.05,0.0,1.0,1.0,0.0,1.0,63893.0
45.0,1.0,0.0,0.0,0.0,0.0,218.0,0.0,0.0,0.02,0.06,0.0,255.0,4.0,0.02,0.06,0.0,0.0,0.0,1.0,1.0,59864.0
45.0,1.0,0.0,0.0,0.0,0.0,105.0,0.0,0.0,0.01,0.09,0.0,255.0,1.0,0.0,0.07,0.0,0.0,0.0,1.0,1.0,23704.0
45.0,9.0,215.0,0.0,0.0,0.0,1.0,0.0,0.0,1.0,0.0,0.0,63.0,55.0,0.87,0.03,0.0,0.0,0.0,0.0,1.0,37606.0
45.0,9.0,28.0,0.0,3.0,0.0,198.0,0.51,0.0,0.49,0.04,0.0,255.0,98.0,0.38,0.62,0.0,0.09,0.0,0.0,1.0,99787.0
45.0,10.0,0.0,0.0,0.0,0.0,1.0,1.0,1.0,1.0,0.0,0.0,53.0,1.0,0.02,0.81,0.0,0.85,1.0,0.0,1.0,109279.0
13.0,9.0,18.0,0.0,0.0,0.0,1.0,0.0,0.0,1.0,0.0,0.0,3.0,255.0,1.0,0.0,0.25,0.0,0.0,0.0,1.0,3358.0
14.0,9.0,1032.0,0.0,0.0,0.0,511.0,0.0,0.0,1.0,0.0,0.0,255.0,55.0,0.22,0.16,0.0,0.0,0.0,0.0,1.0,67567.0
13.0,9.0,8.0,0.0,0.0,0.0,1.0,0.0,0.0,1.0,0.0,1.0,2.0,51.0,1.0,0.0,0.51,0.0,0.0,0.0,1.0,20853.0
45.0,4.0,0.0,0.0,0.0,0.0,1.0,0.0,0.0,1.0,0.0,0.0,255.0,1.0,0.0,0.45,0.0,0.0,0.0,1.0,1.0,108799.0
19.0,9.0,334.0,0.0,0.0,1.0,2.0,0.0,0.0,1.0,0.0,0.0,2.0,36.0,1.0,0.0,0.14,0.0,0.0,0.0,1.0,29130.0
12.0,5.0,0.0,0.0,0.0,0.0,234.0,1.0,1.0,0.01,0.06,0.0,255.0,2.0,0.01,0.07,0.0,1.0,1.0,0.0,1.0,70737.0
13.0,9.0,8.0,0.0,0.0,0.0,1.0,0.0,0.0,1.0,0.0,1.0,1.0,61.0,1.0,0.0,0.26,0.0,0.0,0.0,1.0,46535.0
4.0,5.0,0.0,0.0,0.0,0.0,197.0,1.0,1.0,0.03,0.06,0.0,255.0,15.0,0.06,0.09,0.0,1.0,1.0,0.0,1.0,121155.0
19.0,9.0,252.0,0.0,0.0,1.0,2.0,0.0,0.0,1.0,0.0,0.0,3.0,27.0,1.0,0.0,0.07,0.0,0.0,0.0,1.0,57549.0
13.0,9.0,8.0,0.0,0.0,0.0,1.0,0.0,0.0,1.0,0.0,1.0,2.0,144.0,1.0,0.0,0.5,0.0,0.0,0.0,1.0,112513.0
17.0,5.0,0.0,0.0,0.0,0.0,54.0,1.0,1.0,0.28,0.07,0.0,255.0,65.0,0.25,0.02,0.0,1.0,1.0,0.0,1.0,95900.0
6.0,1.0,0.0,0.0,0.0,0.0,137.0,0.0,0.0,0.05,0.06,0.0,255.0,2.0,0.01,0.07,0.0,0.0,0.0,1.0,1.0,22047.0
31.0,5.0,0.0,0.0,0.0,0.0,140.0,1.0,1.0,0.08,0.06,0.0,255.0,11.0,0.04,0.06,0.0,1.0,1.0,0.0,1.0,1442.0
45.0,1.0,0.0,0.0,0.0,0.0,108.0,0.0,0.0,0.03,0.07,0.0,255.0,7.0,0.03,0.05,0.0,0.0,0.0,1.0,1.0,8535.0
61.0,5.0,0.0,0.0,0.0,0.0,263.0,1.0,1.0,0.03,0.06,0.0,255.0,9.0,0.04,0.07,0.0,1.0,1.0,0.0,1.0,107765.0
22.0,5.0,0.0,0.0,0.0,0.0,248.0,1.0,1.0,0.04,0.06,0.0,255.0,11.0,0.04,0.07,0.0,1.0,1.0,0.0,1.0,2629.0
45.0,5.0,0.0,0.0,0.0,0.0,102.0,1.0,1.0,0.16,0.06,0.0,255.0,26.0,0.1,0.05,0.0,1.0,1.0,0.0,1.0,24315.0
18.0,5.0,0.0,0.0,0.0,0.0,250.0,1.0,1.0,0.06,0.06,0.0,255.0,1.0,0.0,0.09,0.0,1.0,1.0,0.0,1.0,112869.0
45.0,5.0,0.0,0.0,0.0,0.0,250.0,1.0,1.0,0.08,0.06,0.0,255.0,17.0,0.07,0.07,0.0,1.0,1.0,0.0,1.0,46693.0
45.0,5.0,0.0,0.0,0.0,0.0,129.0,1.0,1.0,0.05,0.06,0.0,255.0,1.0,0.0,0.07,0.0,1.0,1.0,0.0,1.0,80033.0
45.0,5.0,0.0,0.0,0.0,0.0,153.0,1.0,1.0,0.05,0.07,0.0,255.0,8.0,0.03,0.07,0.0,1.0,1.0,0.0,1.0,41818.0
45.0,9.0,215.0,0.0,0.0,0.0,1.0,0.0,0.0,1.0,0.0,0.0,49.0,41.0,0.84,0.04,0.0,0.0,0.0,0.0,1.0,11398.0
27.0,5.0,0.0,0.0,0.0,0.0,141.0,1.0,1.0,0.13,0.06,0.0,255.0,18.0,0.07,0.06,0.0,1.0,1.0,0.0,1.0,101784.0
4.0,5.0,0.0,0.0,0.0,0.0,287.0,1.0,1.0,0.03,0.06,0.0,255.0,11.0,0.04,0.07,0.0,1.0,1.0,0.0,1.0,87535.0
51.0,5.0,0.0,0.0,0.0,0.0,291.0,1.0,1.0,0.01,0.05,0.0,255.0,4.0,0.02,0.05,0.0,1.0,1.0,0.0,1.0,49954.0
45.0,5.0,0.0,0.0,0.0,0.0,262.0,1.0,1.0,0.06,0.06,0.0,255.0,2.0,0.01,0.06,0.0,1.0,1.0,0.0,1.0,116515.0
45.0,5.0,0.0,0.0,0.0,0.0,281.0,1.0,1.0,0.05,0.06,0.0,255.0,8.0,0.03,0.08,0.0,1.0,1.0,0.0,1.0,55156.0
27.0,5.0,0.0,0.0,0.0,0.0,105.0,1.0,1.0,0.09,0.07,0.0,255.0,9.0,0.04,0.07,0.0,1.0,1.0,0.0,1.0,12688.0
28.0,5.0,0.0,0.0,0.0,0.0,61.0,1.0,1.0,0.02,0.07,0.0,255.0,1.0,0.0,0.05,0.0,1.0,1.0,0.0,1.0,4831.0
54.0,5.0,0.0,0.0,0.0,0.0,109.0,1.0,1.0,0.08,0.06,0.0,255.0,9.0,0.04,0.07,0.0,1.0,1.0,0.0,1.0,80575.0
62.0,1.0,0.0,0.0,0.0,0.0,130.0,0.0,0.0,0.02,0.07,0.0,255.0,2.0,0.01,0.08,0.0,0.0,0.0,1.0,1.0,109496.0
45.0,5.0,0.0,0.0,0.0,0.0,127.0,1.0,1.0,0.13,0.06,0.0,205.0,16.0,0.08,0.09,0.0,1.0,1.0,0.0,1.0,65714.0
45.0,9.0,1.0,0.0,0.0,0.0,23.0,0.0,0.0,0.48,0.09,0.0,255.0,56.0,0.22,0.19,0.0,0.0,0.0,0.0,1.0,32448.0
54.0,5.0,0.0,0.0,0.0,0.0,265.0,1.0,1.0,0.02,0.06,0.0,255.0,5.0,0.02,0.06,0.0,1.0,1.0,0.0,1.0,42677.0
26.0,5.0,0.0,0.0,0.0,0.0,294.0,1.0,1.0,0.03,0.05,0.0,255.0,11.0,0.04,0.07,0.0,1.0,1.0,0.0,1.0,125130.0
13.0,9.0,8.0,0.0,0.0,0.0,1.0,0.0,0.0,1.0,0.0,1.0,4.0,192.0,1.0,0.0,0.25,0.0,0.0,0.0,1.0,53293.0
60.0,5.0,0.0,0.0,0.0,0.0,146.0,1.0,1.0,0.14,0.05,0.0,255.0,20.0,0.08,0.07,0.0,1.0,1.0,0.0,1.0,11926.0
45.0,1.0,0.0,0.0,0.0,0.0,55.0,0.0,0.0,0.33,0.07,0.0,255.0,18.0,0.07,0.06,0.0,0.0,0.0,1.0,1.0,52441.0
13.0,9.0,8.0,0.0,0.0,0.0,1.0,0.0,0.0,1.0,0.0,1.0,3.0,61.0,1.0,0.0,0.26,0.0,0.0,0.0,1.0,22670.0
13.0,9.0,8.0,0.0,0.0,0.0,1.0,0.0,0.0,1.0,0.0,1.0,1.0,13.0,1.0,0.0,0.54,0.0,0.0,0.0,1.0,41780.0
41.0,4.0,1.0,0.0,0.0,0.0,2.0,0.0,0.0,1.0,0.0,0.0,255.0,2.0,0.01,0.74,0.0,0.0,0.0,1.0,1.0,88405.0
13.0,9.0,8.0,0.0,0.0,0.0,1.0,0.0,0.0,1.0,0.0,1.0,1.0,61.0,1.0,0.0,0.26,0.0,0.0,0.0,1.0,43918.0
45.0,2.0,0.0,0.0,0.0,0.0,111.0,0.0,0.0,0.17,0.06,0.0,255.0,19.0,0.07,0.05,0.0,0.0,0.0,1.0,1.0,64665.0
53.0,5.0,0.0,0.0,0.0,0.0,237.0,1.0,1.0,0.02,0.07,0.0,255.0,5.0,0.02,0.07,0.0,1.0,1.0,0.0,1.0,55045.0
45.0,4.0,0.0,0.0,0.0,0.0,1.0,0.0,0.0,1.0,0.0,0.0,186.0,1.0,0.01,0.12,0.0,0.0,0.0,1.0,1.0,32030.0
34.0,5.0,0.0,0.0,0.0,0.0,230.0,1.0,1.0,0.01,0.07,0.0,255.0,2.0,0.01,0.08,0.0,1.0,1.0,0.0,1.0,53472.0
55.0,5.0,0.0,0.0,0.0,0.0,262.0,1.0,1.0,0.04,0.06,0.0,255.0,11.0,0.04,0.08,0.0,1.0,1.0,0.0,1.0,125085.0
45.0,1.0,0.0,0.0,0.0,0.0,509.0,0.09,0.0,0.0,1.0,0.0,255.0,1.0,0.0,1.0,0.0,0.14,0.0,1.0,1.0,40819.0
53.0,5.0,0.0,0.0,0.0,0.0,110.0,1.0,1.0,0.05,0.09,0.0,255.0,6.0,0.02,0.08,0.0,1.0,1.0,0.0,1.0,99480.0
2.0,5.0,0.0,0.0,0.0,0.0,269.0,1.0,1.0,0.08,0.05,0.0,255.0,22.0,0.09,0.05,0.0,1.0,1.0,0.0,1.0,57894.0
45.0,1.0,0.0,0.0,0.0,0.0,27.0,0.0,0.0,0.04,1.0,0.0,145.0,1.0,0.01,0.28,0.0,0.0,0.0,1.0,1.0,28708.0
4.0,1.0,0.0,0.0,0.0,0.0,228.0,0.0,0.0,0.06,0.07,0.0,255.0,14.0,0.05,0.07,0.0,0.0,0.0,1.0,1.0,50983.0
27.0,5.0,0.0,0.0,0.0,0.0,107.0,1.0,1.0,0.23,0.05,0.0,255.0,25.0,0.1,0.05,0.0,1.0,1.0,0.0,1.0,17594.0
19.0,5.0,0.0,0.0,0.0,0.0,45.0,1.0,1.0,0.22,0.09,0.0,255.0,47.0,0.18,0.05,0.0,1.0,1.0,0.0,1.0,110933.0
19.0,1.0,0.0,0.0,0.0,0.0,219.0,0.0,0.0,0.05,0.07,0.0,255.0,10.0,0.04,0.07,0.0,0.0,0.0,1.0,1.0,109377.0
16.0,5.0,0.0,0.0,0.0,0.0,128.0,1.0,1.0,0.12,0.05,0.0,255.0,5.0,0.02,0.06,0.0,1.0,1.0,0.0,1.0,43189.0
45.0,1.0,0.0,0.0,0.0,0.0,180.0,0.11,0.0,0.01,1.0,0.0,255.0,1.0,0.0,0.85,0.0,0.07,0.0,1.0,1.0,80694.0
13.0,9.0,8.0,0.0,0.0,0.0,1.0,0.0,0.0,1.0,0.0,1.0,2.0,56.0,1.0,0.0,0.5,0.0,0.0,0.0,1.0,38003.0
14.0,9.0,1032.0,0.0,0.0,0.0,511.0,0.0,0.0,1.0,0.0,0.0,255.0,75.0,0.29,0.04,0.0,0.13,0.0,0.0,1.0,46334.0
27.0,5.0,0.0,0.0,0.0,0.0,102.0,1.0,1.0,0.13,0.07,0.0,255.0,7.0,0.03,0.07,0.0,1.0,1.0,0.0,1.0,45447.0
45.0,4.0,1.0,0.0,0.0,0.0,2.0,0.0,0.0,1.0,0.0,0.0,255.0,2.0,0.01,0.73,0.0,0.0,0.0,1.0,1.0,24119.0
3.0,5.0,0.0,0.0,0.0,0.0,222.0,1.0,1.0,0.07,0.05,0.0,255.0,15.0,0.06,0.05,0.0,1.0,1.0,0.0,1.0,21048.0
14.0,9.0,1032.0,0.0,0.0,0.0,511.0,0.0,0.0,1.0,0.0,0.0,255.0,101.0,0.4,0.02,0.0,0.02,0.0,0.0,1.0,118659.0
13.0,9.0,8.0,0.0,0.0,0.0,1.0,0.0,0.0,1.0,0.0,1.0,2.0,90.0,1.0,0.0,0.5,0.0,0.0,0.0,1.0,15702.0
3.0,1.0,0.0,0.0,0.0,0.0,254.0,0.0,0.0,0.01,0.07,0.0,255.0,3.0,0.01,0.07,0.0,0.0,0.0,1.0,1.0,34161.0
45.0,5.0,0.0,0.0,0.0,0.0,133.0,1.0,1.0,0.02,0.07,0.0,255.0,9.0,0.04,0.09,0.0,1.0,1.0,0.0,1.0,41785.0
25.0,5.0,0.0,0.0,0.0,0.0,290.0,1.0,1.0,0.06,0.06,0.0,255.0,3.0,0.01,0.07,0.0,1.0,1.0,0.0,1.0,73136.0
41.0,4.0,1.0,0.0,0.0,0.0,2.0,0.0,0.0,1.0,0.0,0.0,255.0,2.0,0.01,0.68,0.0,0.0,0.0,1.0,1.0,4836.0
45.0,5.0,0.0,0.0,0.0,0.0,245.0,1.0,1.0,0.04,0.05,0.0,255.0,10.0,0.04,0.06,0.0,1.0,1.0,0.0,1.0,4179.0
45.0,1.0,0.0,0.0,0.0,0.0,146.0,0.0,0.0,0.11,0.06,0.0,71.0,16.0,0.23,0.08,0.0,0.0,0.0,1.0,1.0,93626.0
13.0,9.0,8.0,0.0,0.0,0.0,1.0,0.0,0.0,1.0,0.0,1.0,1.0,61.0,1.0,0.0,0.51,0.0,0.0,0.0,1.0,68896.0
45.0,9.0,1.0,0.0,0.0,0.0,5.0,0.0,0.0,1.0,0.0,0.0,255.0,5.0,0.02,0.21,0.0,0.0,0.0,0.0,1.0,13275.0
41.0,1.0,0.0,0.0,0.0,0.0,348.0,0.06,0.0,0.0,1.0,0.0,255.0,1.0,0.0,1.0,0.0,0.08,0.0,1.0,1.0,108366.0
18.0,5.0,0.0,0.0,0.0,0.0,274.0,1.0,1.0,0.04,0.06,0.0,255.0,10.0,0.04,0.07,0.0,1.0,1.0,0.0,1.0,22621.0
45.0,5.0,0.0,0.0,0.0,0.0,191.0,1.0,1.0,0.03,0.07,0.0,255.0,6.0,0.02,0.09,0.0,1.0,1.0,0.0,1.0,125494.0
45.0,5.0,0.0,0.0,0.0,0.0,284.0,1.0,1.0,0.04,0.06,0.0,255.0,10.0,0.04,0.06,0.0,1.0,1.0,0.0,1.0,79836.0
3.0,5.0,0.0,0.0,0.0,0.0,189.0,1.0,1.0,0.01,0.06,0.0,255.0,1.0,0.0,0.07,0.0,1.0,1.0,0.0,1.0,6803.0
19.0,5.0,0.0,0.0,0.0,0.0,17.0,1.0,1.0,0.06,0.24,0.0,255.0,60.0,0.24,0.03,0.0,1.0,1.0,0.0,1.0,72341.0
13.0,9.0,8.0,0.0,0.0,0.0,1.0,0.0,0.0,1.0,0.0,1.0,4.0,44.0,1.0,0.0,0.25,0.0,0.0,0.0,1.0,8939.0
13.0,9.0,8.0,0.0,0.0,0.0,1.0,0.0,0.0,1.0,0.0,1.0,2.0,62.0,1.0,0.0,0.5,0.0,0.0,0.0,1.0,106670.0
45.0,1.0,0.0,0.0,0.0,0.0,211.0,0.0,0.0,0.07,0.07,0.0,255.0,15.0,0.06,0.07,0.0,0.0,0.0,1.0,1.0,38877.0
25.0,5.0,0.0,0.0,0.0,0.0,202.0,1.0,1.0,0.02,0.06,0.0,255.0,11.0,0.04,0.08,0.0,1.0,1.0,0.0,1.0,1612.0
45.0,4.0,0.0,0.0,0.0,0.0,2.0,0.0,0.0,0.5,1.0,0.0,255.0,1.0,0.0,0.51,0.0,0.0,0.0,1.0,1.0,101275.0
45.0,5.0,0.0,0.0,0.0,0.0,124.0,1.0,1.0,0.16,0.06,0.0,255.0,20.0,0.08,0.05,0.0,1.0,1.0,0.0,1.0,43204.0
60.0,5.0,0.0,0.0,0.0,0.0,126.0,1.0,1.0,0.13,0.06,0.0,255.0,16.0,0.06,0.05,0.0,1.0,1.0,0.0,1.0,96637.0
28.0,5.0,0.0,0.0,0.0,0.0,137.0,1.0,1.0,0.18,0.04,0.0,255.0,24.0,0.09,0.05,0.0,1.0,1.0,0.0,1.0,9284.0
62.0,5.0,0.0,0.0,0.0,0.0,257.0,1.0,1.0,0.04,0.05,0.0,255.0,10.0,0.04,0.05,0.0,1.0,1.0,0.0,1.0,80698.0
45.0,5.0,0.0,0.0,0.0,0.0,106.0,1.0,1.0,0.16,0.06,0.0,255.0,5.0,0.02,0.08,0.0,1.0,1.0,0.0,1.0,69547.0
31.0,5.0,0.0,0.0,0.0,0.0,138.0,1.0,1.0,0.07,0.06,0.0,255.0,8.0,0.03,0.06,0.0,1.0,1.0,0.0,1.0,32803.0
43.0,5.0,0.0,0.0,0.0,0.0,254.0,1.0,1.0,0.01,0.07,0.0,255.0,2.0,0.01,0.07,0.0,1.0,1.0,0.0,1.0,51860.0
36.0,5.0,0.0,0.0,0.0,0.0,188.0,1.0,1.0,0.01,0.07,0.0,255.0,1.0,0.0,0.07,0.0,1.0,1.0,0.0,1.0,62221.0
22.0,5.0,0.0,0.0,0.0,0.0,12.0,0.92,1.0,0.92,0.17,0.0,255.0,51.0,0.2,0.04,0.0,1.0,1.0,0.0,1.0,77574.0
6.0,5.0,0.0,0.0,0.0,0.0,202.0,1.0,1.0,0.01,0.06,0.0,255.0,20.0,0.08,0.07,0.0,1.0,1.0,0.0,1.0,23232.0
45.0,1.0,0.0,0.0,0.0,0.0,177.0,0.02,0.0,0.01,1.0,0.0,255.0,1.0,0.0,0.72,0.0,0.01,0.0,1.0,1.0,101497.0
7.0,5.0,0.0,0.0,0.0,0.0,238.0,1.0,1.0,0.04,0.07,0.0,255.0,9.0,0.04,0.07,0.0,1.0,1.0,0.0,1.0,35214.0
45.0,5.0,0.0,0.0,0.0,0.0,117.0,1.0,1.0,0.15,0.06,0.0,255.0,15.0,0.06,0.07,0.0,1.0,1.0,0.0,1.0,104187.0
45.0,1.0,0.0,0.0,0.0,0.0,209.0,0.0,0.0,0.08,0.07,0.0,255.0,16.0,0.06,0.07,0.0,0.0,0.0,1.0,1.0,3346.0
45.0,4.0,1.0,0.0,0.0,0.0,2.0,0.0,0.0,1.0,0.0,0.0,140.0,2.0,0.01,0.09,0.0,0.0,0.0,1.0,1.0,31043.0
45.0,1.0,0.0,0.0,0.0,0.0,125.0,0.0,0.0,0.13,0.06,0.0,255.0,16.0,0.06,0.08,0.0,0.0,0.0,1.0,1.0,82091.0
41.0,5.0,0.0,0.0,0.0,0.0,510.0,0.27,1.0,0.0,1.0,0.0,255.0,1.0,0.0,1.0,0.0,0.27,1.0,0.0,1.0,32240.0
16.0,5.0,0.0,0.0,0.0,0.0,100.0,1.0,1.0,0.1,0.06,0.0,255.0,20.0,0.08,0.07,0.0,1.0,1.0,0.0,1.0,103295.0
45.0,9.0,28.0,0.0,3.0,0.0,57.0,0.0,0.0,1.0,0.0,0.0,129.0,57.0,0.44,0.03,0.0,0.0,0.0,0.0,1.0,88937.0
13.0,9.0,8.0,0.0,0.0,0.0,1.0,0.0,0.0,1.0,0.0,1.0,2.0,255.0,1.0,0.0,0.5,0.0,0.0,0.0,1.0,48283.0
57.0,5.0,0.0,0.0,0.0,0.0,239.0,1.0,1.0,0.07,0.06,0.0,255.0,5.0,0.02,0.08,0.0,1.0,1.0,0.0,1.0,107798.0
22.0,5.0,0.0,0.0,0.0,0.0,49.0,1.0,1.0,0.24,0.12,0.0,255.0,12.0,0.05,0.08,0.0,1.0,1.0,0.0,1.0,123471.0
13.0,9.0,8.0,0.0,0.0,0.0,1.0,0.0,0.0,1.0,0.0,1.0,2.0,78.0,1.0,0.0,0.5,0.0,0.0,0.0,1.0,39209.0
31.0,5.0,0.0,0.0,0.0,0.0,66.0,1.0,1.0,0.05,0.08,0.0,255.0,3.0,0.01,0.06,0.0,1.0,1.0,0.0,1.0,71126.0
63.0,5.0,0.0,0.0,0.0,0.0,247.0,1.0,1.0,0.04,0.06,0.0,255.0,9.0,0.04,0.07,0.0,1.0,1.0,0.0,1.0,114936.0
45.0,5.0,0.0,0.0,0.0,0.0,220.0,1.0,1.0,0.06,0.06,0.0,255.0,14.0,0.05,0.06,0.0,1.0,1.0,0.0,1.0,81653.0
21.0,1.0,0.0,0.0,0.0,0.0,277.0,0.0,0.0,0.03,0.06,0.0,255.0,9.0,0.04,0.07,0.0,0.0,0.0,1.0,1.0,46227.0
45.0,5.0,0.0,0.0,0.0,0.0,90.0,1.0,1.0,0.02,0.08,0.0,255.0,2.0,0.01,0.08,0.0,1.0,1.0,0.0,1.0,72754.0
45.0,5.0,0.0,0.0,0.0,0.0,142.0,1.0,1.0,0.08,0.06,0.0,255.0,12.0,0.05,0.09,0.0,1.0,1.0,0.0,1.0,1458.0
63.0,1.0,0.0,0.0,0.0,0.0,231.0,0.0,0.0,0.05,0.06,0.0,255.0,11.0,0.04,0.07,0.0,0.0,0.0,1.0,1.0,99367.0
51.0,1.0,0.0,0.0,0.0,0.0,111.0,0.0,0.0,0.01,0.08,0.0,255.0,1.0,0.0,0.08,0.0,0.0,0.0,1.0,1.0,70939.0
45.0,5.0,0.0,0.0,0.0,0.0,200.0,1.0,1.0,0.05,0.08,0.0,255.0,10.0,0.04,0.07,0.0,1.0,1.0,0.0,1.0,118889.0
5.0,5.0,0.0,0.0,0.0,0.0,113.0,1.0,1.0,0.16,0.05,0.0,255.0,18.0,0.07,0.06,0.0,1.0,1.0,0.0,1.0,107197.0
14.0,9.0,520.0,0.0,0.0,0.0,352.0,0.0,0.0,1.0,0.0,0.0,255.0,255.0,1.0,0.0,0.0,0.0,0.0,0.0,1.0,27563.0
19.0,5.0,0.0,0.0,0.0,0.0,77.0,1.0,1.0,0.22,0.05,0.0,255.0,64.0,0.25,0.02,0.0,1.0,1.0,0.0,1.0,114330.0
19.0,5.0,0.0,0.0,0.0,0.0,210.0,1.0,1.0,0.08,0.06,0.0,255.0,17.0,0.07,0.06,0.0,1.0,1.0,0.0,1.0,124974.0
45.0,5.0,0.0,0.0,0.0,0.0,119.0,1.0,1.0,0.03,0.07,0.0,255.0,4.0,0.02,0.06,0.0,1.0,1.0,0.0,1.0,66043.0
45.0,5.0,0.0,0.0,0.0,0.0,129.0,1.0,1.0,0.11,0.06,0.0,255.0,13.0,0.05,0.06,0.0,1.0,1.0,0.0,1.0,69093.0
57.0,5.0,0.0,0.0,0.0,0.0,62.0,1.0,1.0,0.1,0.1,0.0,255.0,6.0,0.02,0.09,0.0,1.0,1.0,0.0,1.0,116368.0
61.0,1.0,0.0,0.0,0.0,0.0,241.0,0.0,0.0,0.01,0.07,0.0,255.0,3.0,0.01,0.07,0.0,0.0,0.0,1.0,1.0,358.0
8.0,5.0,0.0,0.0,0.0,0.0,243.0,1.0,1.0,0.01,0.05,0.0,255.0,3.0,0.01,0.05,0.0,1.0,1.0,0.0,1.0,53865.0
55.0,5.0,0.0,0.0,0.0,0.0,80.0,0.98,1.0,0.25,0.08,0.0,255.0,45.0,0.18,0.04,0.0,1.0,1.0,0.0,1.0,38808.0
45.0,1.0,0.0,0.0,0.0,0.0,14.0,0.0,0.0,0.36,0.14,0.0,255.0,25.0,0.1,0.06,0.0,0.0,0.0,1.0,1.0,83614.0
45.0,1.0,0.0,0.0,0.0,0.0,124.0,0.0,0.0,0.15,0.06,0.0,255.0,2.0,0.01,0.07,0.0,0.0,0.0,1.0,1.0,44447.0
13.0,9.0,18.0,0.0,0.0,0.0,1.0,0.0,0.0,1.0,0.0,0.0,2.0,174.0,1.0,0.0,0.25,0.0,0.0,0.0,1.0,26823.0
7.0,1.0,0.0,0.0,0.0,0.0,263.0,0.0,0.0,0.03,0.06,0.0,255.0,8.0,0.03,0.07,0.0,0.0,0.0,1.0,1.0,94750.0
19.0,9.0,334.0,0.0,0.0,1.0,1.0,0.0,0.0,1.0,0.0,0.0,1.0,44.0,1.0,0.0,0.11,0.0,0.0,0.0,1.0,121305.0
14.0,9.0,1032.0,0.0,0.0,0.0,509.0,0.0,0.0,1.0,0.0,0.0,255.0,8.0,0.03,0.05,0.0,0.39,0.0,0.0,1.0,81277.0
45.0,5.0,0.0,0.0,0.0,0.0,176.0,1.0,1.0,0.04,0.06,0.0,255.0,15.0,0.06,0.07,0.0,1.0,1.0,0.0,1.0,18608.0
22.0,5.0,0.0,0.0,0.0,0.0,255.0,1.0,1.0,0.08,0.05,0.0,255.0,21.0,0.08,0.05,0.0,1.0,1.0,0.0,1.0,104482.0
45.0,5.0,0.0,0.0,0.0,0.0,94.0,1.0,1.0,0.05,0.06,0.0,255.0,20.0,0.08,0.07,0.0,1.0,1.0,0.0,1.0,74434.0
14.0,9.0,1032.0,0.0,0.0,0.0,511.0,0.0,0.0,1.0,0.0,0.0,255.0,70.0,0.27,0.02,0.0,0.02,0.0,0.0,1.0,65767.0
45.0,5.0,0.0,0.0,0.0,0.0,126.0,1.0,1.0,0.08,0.07,0.0,255.0,10.0,0.04,0.08,0.0,1.0,1.0,0.0,1.0,61341.0
45.0,1.0,0.0,0.0,0.0,0.0,146.0,0.0,0.0,0.12,0.05,0.0,255.0,17.0,0.07,0.06,0.0,0.0,0.0,1.0,1.0,87958.0
55.0,5.0,0.0,0.0,0.0,0.0,6.0,1.0,1.0,1.0,0.0,0.0,128.0,68.0,0.53,0.02,0.0,0.98,0.97,0.0,1.0,5476.0
7.0,1.0,0.0,0.0,0.0,0.0,228.0,0.0,0.0,0.07,0.07,0.0,255.0,15.0,0.06,0.07,0.0,0.0,0.0,1.0,1.0,98243.0
19.0,9.0,334.0,0.0,0.0,1.0,2.0,0.0,0.0,1.0,0.0,0.0,2.0,15.0,1.0,0.0,0.2,0.0,0.0,0.0,1.0,104421.0
38.0,1.0,0.0,0.0,0.0,0.0,111.0,0.0,0.0,0.01,0.07,0.0,255.0,1.0,0.0,0.07,0.0,0.0,0.0,1.0,1.0,103354.0
28.0,5.0,0.0,0.0,0.0,0.0,134.0,1.0,1.0,0.01,0.06,0.0,255.0,2.0,0.01,0.06,0.0,1.0,1.0,0.0,1.0,95891.0
33.0,5.0,0.0,0.0,0.0,0.0,123.0,1.0,1.0,0.07,0.07,0.0,255.0,8.0,0.03,0.07,0.0,1.0,1.0,0.0,1.0,67825.0
28.0,5.0,0.0,0.0,0.0,0.0,136.0,1.0,1.0,0.17,0.04,0.0,255.0,23.0,0.09,0.05,0.0,1.0,1.0,0.0,1.0,625.0
45.0,5.0,0.0,0.0,0.0,0.0,278.0,1.0,1.0,0.02,0.06,0.0,255.0,14.0,0.05,0.08,0.0,1.0,1.0,0.0,1.0,98134.0
28.0,5.0,0.0,0.0,0.0,0.0,36.0,1.0,1.0,0.25,0.08,0.0,255.0,9.0,0.04,0.07,0.0,1.0,1.0,0.0,1.0,112892.0
45.0,5.0,0.0,0.0,0.0,0.0,235.0,1.0,1.0,0.06,0.05,0.0,255.0,14.0,0.05,0.05,0.0,1.0,1.0,0.0,1.0,99321.0
60.0,5.0,0.0,0.0,0.0,0.0,121.0,1.0,1.0,0.1,0.06,0.0,255.0,12.0,0.05,0.05,0.0,1.0,1.0,0.0,1.0,35533.0
45.0,9.0,1.0,0.0,0.0,0.0,35.0,0.0,0.0,0.14,0.09,0.0,255.0,49.0,0.19,0.2,0.0,0.0,0.0,0.0,1.0,30956.0
33.0,5.0,0.0,0.0,0.0,0.0,295.0,1.0,1.0,0.08,0.05,0.0,255.0,24.0,0.09,0.05,0.0,1.0,1.0,0.0,1.0,58601.0
45.0,9.0,1.0,0.0,0.0,0.0,24.0,0.0,0.0,0.29,0.17,0.0,255.0,21.0,0.08,0.16,0.0,0.0,0.0,0.0,1.0,64851.0
5.0,5.0,0.0,0.0,0.0,0.0,124.0,1.0,1.0,0.06,0.06,0.0,255.0,8.0,0.03,0.05,0.0,1.0,1.0,0.0,1.0,41605.0
45.0,5.0,0.0,0.0,0.0,0.0,108.0,1.0,1.0,0.07,0.06,0.0,255.0,36.0,0.14,0.06,0.0,1.0,1.0,0.0,1.0,7650.0
41.0,5.0,0.0,0.0,0.0,0.0,383.0,0.07,1.0,0.0,1.0,0.0,255.0,1.0,0.0,1.0,0.0,0.1,1.0,0.0,1.0,38112.0
13.0,9.0,8.0,0.0,0.0,0.0,1.0,0.0,0.0,1.0,0.0,1.0,2.0,94.0,1.0,0.0,0.5,0.0,0.0,0.0,1.0,30346.0
13.0,9.0,8.0,0.0,0.0,0.0,1.0,0.0,0.0,1.0,0.0,1.0,4.0,24.0,1.0,0.0,0.25,0.0,0.0,0.0,1.0,14460.0
2.0,5.0,0.0,0.0,0.0,0.0,268.0,1.0,1.0,0.06,0.06,0.0,255.0,4.0,0.02,0.08,0.0,1.0,1.0,0.0,1.0,51750.0
45.0,5.0,0.0,0.0,0.0,0.0,105.0,1.0,1.0,0.07,0.06,0.0,255.0,2.0,0.01,0.07,0.0,1.0,1.0,0.0,1.0,29273.0
45.0,5.0,0.0,0.0,0.0,0.0,215.0,1.0,1.0,0.04,0.06,0.0,255.0,12.0,0.05,0.07,0.0,1.0,1.0,0.0,1.0,75859.0
13.0,9.0,8.0,0.0,0.0,0.0,1.0,0.0,0.0,1.0,0.0,1.0,2.0,30.0,1.0,0.0,0.5,0.0,0.0,0.0,1.0,122827.0
45.0,5.0,0.0,0.0,0.0,0.0,269.0,1.0,1.0,0.04,0.06,0.0,255.0,17.0,0.07,0.07,0.0,1.0,1.0,0.0,1.0,62014.0
45.0,9.0,1.0,0.0,0.0,0.0,18.0,0.0,0.0,0.22,0.17,0.0,255.0,53.0,0.21,0.31,0.0,0.0,0.0,0.0,1.0,112509.0
54.0,1.0,0.0,0.0,0.0,0.0,299.0,0.0,0.0,0.07,0.06,0.0,255.0,20.0,0.08,0.07,0.0,0.0,0.0,1.0,1.0,13492.0
62.0,5.0,0.0,0.0,0.0,0.0,234.0,1.0,1.0,0.06,0.06,0.0,255.0,7.0,0.03,0.07,0.0,1.0,1.0,0.0,1.0,37627.0
45.0,1.0,0.0,0.0,0.0,0.0,319.0,0.03,0.0,0.0,1.0,0.0,255.0,1.0,0.0,1.0,0.0,0.04,0.0,1.0,1.0,5246.0
46.0,5.0,0.0,0.0,0.0,0.0,265.0,1.0,1.0,0.04,0.07,0.0,255.0,11.0,0.04,0.08,0.0,1.0,1.0,0.0,1.0,76792.0
14.0,9.0,1032.0,0.0,0.0,0.0,511.0,0.0,0.0,1.0,0.0,0.0,255.0,171.0,0.67,0.03,0.0,0.0,0.0,0.0,1.0,37333.0
22.0,5.0,0.0,0.0,0.0,0.0,42.0,1.0,1.0,0.33,0.1,0.0,255.0,63.0,0.25,0.02,0.0,1.0,1.0,0.0,1.0,82033.0
37.0,5.0,0.0,0.0,0.0,0.0,240.0,1.0,1.0,0.01,0.07,0.0,255.0,2.0,0.01,0.07,0.0,1.0,1.0,0.0,1.0,35357.0
13.0,9.0,18.0,0.0,0.0,0.0,1.0,0.0,0.0,1.0,0.0,0.0,1.0,143.0,1.0,0.0,1.0,0.0,0.0,0.0,1.0,15406.0
45.0,5.0,0.0,0.0,0.0,0.0,199.0,1.0,1.0,0.02,0.06,0.0,255.0,20.0,0.08,0.07,0.0,1.0,1.0,0.0,1.0,56424.0
45.0,5.0,0.0,0.0,0.0,0.0,258.0,1.0,1.0,0.05,0.06,0.0,255.0,12.0,0.05,0.06,0.0,1.0,1.0,0.0,1.0,97150.0
19.0,5.0,0.0,0.0,0.0,0.0,12.0,1.0,1.0,0.92,0.17,0.0,255.0,66.0,0.26,0.04,0.0,1.0,1.0,0.0,1.0,98559.0
55.0,5.0,0.0,0.0,0.0,0.0,59.0,1.0,1.0,0.24,0.07,0.0,255.0,58.0,0.23,0.03,0.0,1.0,1.0,0.0,1.0,119815.0
13.0,9.0,18.0,0.0,0.0,0.0,1.0,0.0,0.0,1.0,0.0,0.0,1.0,181.0,1.0,0.0,0.25,0.0,0.0,0.0,1.0,52461.0
45.0,1.0,0.0,0.0,0.0,0.0,434.0,0.0,0.0,0.0,0.52,0.0,255.0,1.0,0.0,0.51,0.0,0.0,0.0,1.0,1.0,79312.0
6.0,5.0,0.0,0.0,0.0,0.0,122.0,1.0,1.0,0.11,0.06,0.0,255.0,10.0,0.04,0.08,0.0,1.0,1.0,0.0,1.0,40962.0
41.0,4.0,1.0,0.0,0.0,0.0,2.0,0.0,0.0,1.0,0.0,0.0,255.0,2.0,0.01,0.73,0.0,0.0,0.0,1.0,1.0,15136.0
13.0,9.0,8.0,0.0,0.0,0.0,1.0,0.0,0.0,1.0,0.0,1.0,2.0,6.0,1.0,0.0,0.5,0.0,0.0,0.0,1.0,18338.0
61.0,1.0,0.0,0.0,0.0,0.0,230.0,0.0,0.0,0.0,0.07,0.0,255.0,1.0,0.0,0.07,0.0,0.0,0.0,1.0,1.0,52686.0
41.0,4.0,1.0,0.0,0.0,0.0,2.0,0.0,0.0,1.0,0.0,0.0,255.0,2.0,0.01,0.74,0.0,0.0,0.0,1.0,1.0,30619.0
13.0,9.0,8.0,0.0,0.0,0.0,1.0,0.0,0.0,1.0,0.0,1.0,2.0,78.0,1.0,0.0,0.5,0.0,0.0,0.0,1.0,101568.0
60.0,5.0,0.0,0.0,0.0,0.0,141.0,1.0,1.0,0.09,0.06,0.0,255.0,12.0,0.05,0.06,0.0,1.0,1.0,0.0,1.0,81245.0
45.0,5.0,0.0,0.0,0.0,0.0,176.0,1.0,1.0,0.1,0.06,0.0,255.0,8.0,0.03,0.06,0.0,1.0,1.0,0.0,1.0,79242.0
45.0,5.0,0.0,0.0,0.0,0.0,8.0,1.0,1.0,0.38,0.5,0.0,255.0,3.0,0.01,0.09,0.0,1.0,1.0,0.0,1.0,18314.0
45.0,4.0,1.0,0.0,0.0,0.0,2.0,0.0,0.0,1.0,0.0,0.0,255.0,2.0,0.01,0.74,0.0,0.0,0.0,1.0,1.0,74173.0
13.0,9.0,8.0,0.0,0.0,0.0,1.0,0.0,0.0,1.0,0.0,1.0,2.0,206.0,1.0,0.0,0.25,0.0,0.0,0.0,1.0,91026.0
60.0,2.0,0.0,0.0,0.0,0.0,111.0,0.0,0.0,0.05,0.08,0.0,255.0,6.0,0.02,0.07,0.0,0.0,0.0,1.0,1.0,84313.0
45.0,5.0,0.0,0.0,0.0,0.0,212.0,1.0,1.0,0.03,0.05,0.0,255.0,6.0,0.02,0.06,0.0,1.0,1.0,0.0,1.0,28854.0
13.0,9.0,8.0,0.0,0.0,0.0,1.0,0.0,0.0,1.0,0.0,1.0,2.0,40.0,1.0,0.0,0.5,0.0,0.0,0.0,1.0,88958.0
45.0,5.0,0.0,0.0,0.0,0.0,140.0,1.0,1.0,0.16,0.06,0.0,255.0,23.0,0.09,0.07,0.0,1.0,1.0,0.0,1.0,110810.0
45.0,5.0,0.0,0.0,0.0,0.0,102.0,1.0,1.0,0.11,0.06,0.0,116.0,20.0,0.17,0.11,0.0,1.0,1.0,0.0,1.0,26255.0
45.0,5.0,0.0,0.0,0.0,0.0,117.0,1.0,1.0,0.09,0.06,0.0,255.0,1.0,0.0,0.07,0.0,1.0,1.0,0.0,1.0,45759.0
13.0,9.0,8.0,0.0,0.0,0.0,1.0,0.0,0.0,1.0,0.0,1.0,2.0,102.0,1.0,0.0,0.5,0.0,0.0,0.0,1.0,35034.0
45.0,9.0,1.0,0.0,0.0,0.0,39.0,0.0,0.0,0.31,0.1,0.0,255.0,40.0,0.16,0.45,0.0,0.16,0.0,0.0,1.0,32682.0
31.0,5.0,0.0,0.0,0.0,0.0,146.0,1.0,1.0,0.06,0.05,0.0,255.0,9.0,0.04,0.04,0.0,1.0,1.0,0.0,1.0,28154.0
45.0,4.0,0.0,0.0,0.0,0.0,1.0,0.0,0.0,1.0,0.0,0.0,148.0,1.0,0.01,0.34,0.0,0.0,0.0,1.0,1.0,55893.0
13.0,9.0,8.0,0.0,0.0,0.0,1.0,0.0,0.0,1.0,0.0,1.0,3.0,131.0,1.0,0.0,0.25,0.0,0.0,0.0,1.0,53349.0
13.0,9.0,8.0,0.0,0.0,0.0,1.0,0.0,0.0,1.0,0.0,1.0,1.0,11.0,1.0,0.0,0.55,0.0,0.0,0.0,1.0,110744.0
45.0,5.0,0.0,0.0,0.0,0.0,129.0,1.0,1.0,0.09,0.08,0.0,255.0,6.0,0.02,0.08,0.0,1.0,1.0,0.0,1.0,42807.0
60.0,2.0,0.0,0.0,0.0,0.0,108.0,0.0,0.0,0.03,0.08,0.0,255.0,3.0,0.01,0.07,0.0,0.0,0.0,1.0,1.0,35497.0
45.0,5.0,0.0,0.0,0.0,0.0,38.0,1.0,1.0,0.16,0.16,0.0,255.0,6.0,0.02,0.09,0.0,1.0,1.0,0.0,1.0,114261.0
45.0,9.0,1.0,0.0,0.0,0.0,12.0,0.0,0.0,0.08,0.75,0.0,255.0,1.0,0.0,0.07,0.0,0.0,0.0,0.0,1.0,36535.0
22.0,1.0,0.0,0.0,0.0,0.0,259.0,0.0,0.0,0.03,0.07,0.0,255.0,9.0,0.04,0.08,0.0,0.0,0.0,1.0,1.0,34244.0
20.0,5.0,0.0,0.0,0.0,0.0,300.0,1.0,1.0,0.07,0.05,0.0,255.0,20.0,0.08,0.06,0.0,1.0,1.0,0.0,1.0,3043.0
5.0,5.0,0.0,0.0,0.0,0.0,105.0,1.0,1.0,0.05,0.07,0.0,255.0,5.0,0.02,0.07,0.0,1.0,1.0,0.0,1.0,71796.0
30.0,4.0,0.0,0.0,0.0,0.0,1.0,0.0,0.0,1.0,0.0,0.0,255.0,1.0,0.0,0.35,0.0,0.0,0.0,1.0,1.0,40129.0
38.0,5.0,0.0,0.0,0.0,0.0,121.0,1.0,1.0,0.17,0.07,0.0,255.0,20.0,0.08,0.06,0.0,1.0,1.0,0.0,1.0,44914.0
31.0,5.0,0.0,0.0,0.0,0.0,128.0,1.0,1.0,0.13,0.06,0.0,255.0,5.0,0.02,0.08,0.0,1.0,1.0,0.0,1.0,48001.0
14.0,9.0,520.0,0.0,0.0,0.0,486.0,0.0,0.0,1.0,0.0,0.0,98.0,98.0,1.0,0.0,0.0,0.0,0.0,0.0,1.0,117290.0
19.0,5.0,0.0,0.0,0.0,0.0,137.0,1.0,1.0,0.01,0.06,0.0,255.0,1.0,0.0,0.06,0.0,1.0,1.0,0.0,1.0,2529.0
57.0,5.0,0.0,0.0,0.0,0.0,187.0,1.0,1.0,0.03,0.07,0.0,255.0,6.0,0.02,0.07,0.0,1.0,1.0,0.0,1.0,41690.0
45.0,5.0,0.0,0.0,0.0,0.0,119.0,1.0,1.0,0.05,0.07,0.0,255.0,14.0,0.05,0.07,0.0,1.0,1.0,0.0,1.0,83267.0
13.0,9.0,8.0,0.0,0.0,0.0,1.0,0.0,0.0,1.0,0.0,1.0,1.0,31.0,1.0,0.0,0.52,0.0,0.0,0.0,1.0,25965.0
45.0,9.0,1.0,0.0,0.0,0.0,15.0,0.0,0.0,0.27,0.13,0.0,255.0,49.0,0.19,0.38,0.0,0.16,0.0,0.0,1.0,101419.0
13.0,9.0,18.0,0.0,0.0,0.0,1.0,0.0,0.0,1.0,0.0,0.0,1.0,43.0,1.0,0.0,1.0,0.0,0.0,0.0,1.0,120642.0
45.0,5.0,0.0,0.0,0.0,0.0,151.0,1.0,1.0,0.07,0.05,0.0,255.0,10.0,0.04,0.05,0.0,1.0,1.0,0.0,1.0,20707.0
38.0,5.0,0.0,0.0,0.0,0.0,104.0,1.0,1.0,0.04,0.09,0.0,255.0,4.0,0.02,0.06,0.0,1.0,1.0,0.0,1.0,74428.0
45.0,5.0,0.0,0.0,0.0,0.0,202.0,1.0,1.0,0.1,0.05,0.0,255.0,19.0,0.07,0.07,0.0,1.0,1.0,0.0,1.0,75308.0
55.0,5.0,0.0,0.0,0.0,0.0,5.0,1.0,1.0,1.0,0.0,0.0,167.0,87.0,0.52,0.01,0.0,0.99,0.98,0.0,1.0,63514.0
4.0,1.0,0.0,0.0,0.0,0.0,141.0,0.0,0.0,0.03,0.06,0.0,255.0,1.0,0.0,0.08,0.0,0.0,0.0,1.0,1.0,82552.0
14.0,9.0,1032.0,0.0,0.0,0.0,511.0,0.0,0.0,1.0,0.0,0.0,255.0,51.0,0.2,0.21,0.0,0.0,0.0,0.0,1.0,68587.0
45.0,5.0,0.0,0.0,0.0,0.0,254.0,1.0,1.0,0.07,0.06,0.0,255.0,17.0,0.07,0.06,0.0,1.0,1.0,0.0,1.0,15387.0
53.0,5.0,0.0,0.0,0.0,0.0,102.0,1.0,1.0,0.02,0.1,0.0,255.0,2.0,0.01,0.08,0.0,1.0,1.0,0.0,1.0,96153.0
26.0,5.0,0.0,0.0,0.0,0.0,237.0,1.0,1.0,0.01,0.06,0.0,255.0,2.0,0.01,0.07,0.0,1.0,1.0,0.0,1.0,65983.0
41.0,4.0,1.0,0.0,0.0,0.0,2.0,0.0,0.0,1.0,0.0,0.0,255.0,2.0,0.01,0.72,0.0,0.0,0.0,1.0,1.0,37396.0
32.0,5.0,0.0,0.0,0.0,0.0,221.0,1.0,1.0,0.02,0.06,0.0,255.0,4.0,0.02,0.06,0.0,1.0,1.0,0.0,1.0,96477.0
15.0,5.0,0.0,0.0,0.0,0.0,148.0,1.0,1.0,0.01,0.05,0.0,255.0,2.0,0.01,0.05,0.0,1.0,1.0,0.0,1.0,35135.0
38.0,5.0,0.0,0.0,0.0,0.0,134.0,1.0,1.0,0.04,0.06,0.0,255.0,2.0,0.01,0.07,0.0,1.0,1.0,0.0,1.0,41555.0
22.0,5.0,0.0,0.0,0.0,0.0,15.0,1.0,1.0,0.13,0.33,0.0,255.0,2.0,0.01,0.09,0.0,1.0,1.0,0.0,1.0,39468.0
55.0,5.0,0.0,0.0,0.0,0.0,60.0,0.98,1.0,0.23,0.08,0.0,255.0,34.0,0.13,0.05,0.0,1.0,1.0,0.0,1.0,58848.0
45.0,1.0,0.0,0.0,0.0,0.0,1.0,0.0,0.0,1.0,0.0,0.0,37.0,1.0,0.03,1.0,0.0,0.0,0.0,1.0,1.0,85606.0
45.0,1.0,0.0,0.0,0.0,0.0,1.0,0.0,0.0,1.0,0.0,0.0,255.0,1.0,0.0,0.22,0.0,0.0,0.0,1.0,1.0,104504.0
26.0,5.0,0.0,0.0,0.0,0.0,273.0,1.0,1.0,0.09,0.05,0.0,255.0,24.0,0.09,0.05,0.0,1.0,1.0,0.0,1.0,94322.0
22.0,5.0,0.0,0.0,0.0,0.0,147.0,1.0,1.0,0.12,0.05,0.0,255.0,18.0,0.07,0.08,0.0,1.0,1.0,0.0,1.0,22788.0
45.0,5.0,0.0,0.0,0.0,0.0,107.0,1.0,1.0,0.11,0.07,0.0,255.0,15.0,0.06,0.07,0.0,1.0,1.0,0.0,1.0,83656.0
53.0,5.0,0.0,0.0,0.0,0.0,186.0,1.0,1.0,0.08,0.06,0.0,255.0,15.0,0.06,0.07,0.0,1.0,1.0,0.0,1.0,77188.0
45.0,5.0,0.0,0.0,0.0,0.0,238.0,1.0,1.0,0.0,0.06,0.0,255.0,12.0,0.05,0.07,0.0,1.0,1.0,0.0,1.0,32507.0
19.0,5.0,0.0,0.0,0.0,0.0,226.0,1.0,1.0,0.11,0.06,0.0,255.0,25.0,0.1,0.06,0.0,1.0,1.0,0.0,1.0,110338.0
45.0,5.0,0.0,0.0,0.0,0.0,245.0,1.0,1.0,0.02,0.06,0.0,255.0,6.0,0.02,0.06,0.0,1.0,1.0,0.0,1.0,20215.0
45.0,5.0,0.0,0.0,0.0,0.0,211.0,1.0,1.0,0.09,0.07,0.0,255.0,20.0,0.08,0.08,0.0,1.0,1.0,0.0,1.0,87209.0
23.0,5.0,0.0,0.0,0.0,0.0,120.0,1.0,1.0,0.03,0.07,0.0,255.0,4.0,0.02,0.07,0.0,1.0,1.0,0.0,1.0,115155.0
15.0,5.0,0.0,0.0,0.0,0.0,128.0,1.0,1.0,0.17,0.05,0.0,255.0,22.0,0.09,0.06,0.0,1.0,1.0,0.0,1.0,11519.0
45.0,5.0,0.0,0.0,0.0,0.0,245.0,1.0,1.0,0.02,0.06,0.0,255.0,13.0,0.05,0.09,0.0,1.0,1.0,0.0,1.0,55500.0
12.0,5.0,0.0,0.0,0.0,0.0,148.0,1.0,1.0,0.16,0.05,0.0,255.0,11.0,0.04,0.05,0.0,1.0,1.0,0.0,1.0,55961.0
17.0,5.0,0.0,0.0,0.0,0.0,213.0,1.0,1.0,0.07,0.05,0.0,255.0,15.0,0.06,0.05,0.0,1.0,1.0,0.0,1.0,119203.0
14.0,9.0,1032.0,0.0,0.0,0.0,395.0,0.0,0.0,1.0,0.0,0.0,255.0,255.0,1.0,0.0,0.0,0.0,0.0,0.0,1.0,89074.0
45.0,9.0,1.0,0.0,0.0,0.0,42.0,0.0,0.0,0.4,0.1,0.0,255.0,62.0,0.24,0.28,0.0,0.06,0.0,0.0,1.0,85348.0
45.0,5.0,0.0,0.0,0.0,0.0,117.0,1.0,1.0,0.14,0.06,0.0,255.0,15.0,0.06,0.07,0.0,1.0,1.0,0.0,1.0,7.0
16.0,5.0,0.0,0.0,0.0,0.0,63.0,1.0,1.0,0.3,0.06,0.0,255.0,19.0,0.07,0.05,0.0,1.0,1.0,0.0,1.0,27052.0
30.0,5.0,0.0,0.0,0.0,0.0,223.0,1.0,1.0,0.02,0.07,0.0,255.0,4.0,0.02,0.08,0.0,1.0,1.0,0.0,1.0,108149.0
45.0,1.0,0.0,0.0,0.0,0.0,132.0,0.0,0.0,0.02,0.06,0.0,255.0,3.0,0.01,0.07,0.0,0.0,0.0,1.0,1.0,36084.0
45.0,9.0,1.0,0.0,0.0,0.0,140.0,0.0,0.0,0.93,0.01,0.0,255.0,198.0,0.78,0.03,0.0,0.0,0.0,0.0,1.0,44885.0
13.0,9.0,8.0,0.0,0.0,0.0,1.0,0.0,0.0,1.0,0.0,1.0,1.0,237.0,1.0,0.0,0.5,0.0,0.0,0.0,1.0,23520.0
45.0,5.0,0.0,0.0,0.0,0.0,251.0,1.0,1.0,0.05,0.06,0.0,255.0,18.0,0.07,0.07,0.0,1.0,1.0,0.0,1.0,122813.0
45.0,9.0,28.0,0.0,3.0,0.0,69.0,0.0,0.0,1.0,0.0,0.0,255.0,69.0,0.27,0.01,0.0,0.0,0.0,0.0,1.0,67298.0
20.0,5.0,0.0,0.0,0.0,0.0,213.0,1.0,1.0,0.07,0.06,0.0,255.0,14.0,0.05,0.08,0.0,1.0,1.0,0.0,1.0,83874.0
17.0,5.0,0.0,0.0,0.0,0.0,20.0,1.0,1.0,0.4,0.15,0.0,255.0,68.0,0.27,0.02,0.0,1.0,1.0,0.0,1.0,45687.0
45.0,5.0,0.0,0.0,0.0,0.0,137.0,1.0,1.0,0.14,0.05,0.0,255.0,35.0,0.14,0.06,0.0,1.0,1.0,0.0,1.0,62681.0
45.0,5.0,0.0,0.0,0.0,0.0,254.0,1.0,1.0,0.07,0.05,0.0,255.0,19.0,0.07,0.07,0.0,1.0,1.0,0.0,1.0,41216.0
60.0,5.0,0.0,0.0,0.0,0.0,148.0,1.0,1.0,0.03,0.06,0.0,255.0,4.0,0.02,0.06,0.0,1.0,1.0,0.0,1.0,53051.0
32.0,5.0,0.0,0.0,0.0,0.0,103.0,1.0,1.0,0.02,0.06,0.0,255.0,2.0,0.01,0.05,0.0,1.0,1.0,0.0,1.0,6232.0
60.0,5.0,0.0,0.0,0.0,0.0,116.0,1.0,1.0,0.01,0.07,0.0,255.0,17.0,0.07,0.07,0.0,1.0,1.0,0.0,1.0,58019.0
29.0,5.0,0.0,0.0,0.0,0.0,143.0,1.0,1.0,0.14,0.06,0.0,255.0,20.0,0.08,0.06,0.0,1.0,1.0,0.0,1.0,44951.0
45.0,9.0,28.0,0.0,3.0,0.0,32.0,0.0,0.0,1.0,0.0,0.0,104.0,32.0,0.31,0.04,0.0,0.0,0.0,0.0,1.0,17054.0
45.0,5.0,0.0,0.0,0.0,0.0,170.0,1.0,1.0,0.01,0.06,0.0,255.0,1.0,0.0,0.07,0.0,1.0,1.0,0.0,1.0,25054.0
45.0,5.0,0.0,0.0,0.0,0.0,268.0,1.0,1.0,0.03,0.06,0.0,255.0,11.0,0.04,0.07,0.0,1.0,1.0,0.0,1.0,20413.0
45.0,5.0,0.0,0.0,0.0,0.0,216.0,1.0,1.0,0.07,0.06,0.0,255.0,16.0,0.06,0.08,0.0,1.0,1.0,0.0,1.0,85697.0
45.0,5.0,0.0,0.0,0.0,0.0,247.0,1.0,1.0,0.08,0.04,0.0,255.0,20.0,0.08,0.05,0.0,1.0,1.0,0.0,1.0,37099.0
55.0,5.0,0.0,0.0,0.0,0.0,99.0,1.0,1.0,0.25,0.05,0.0,255.0,1.0,0.0,0.05,0.0,1.0,1.0,0.0,1.0,22840.0
45.0,1.0,0.0,0.0,0.0,0.0,104.0,0.0,0.0,0.17,0.08,0.0,255.0,18.0,0.07,0.06,0.0,0.0,0.0,1.0,1.0,8576.0
45.0,5.0,0.0,0.0,0.0,0.0,282.0,1.0,1.0,0.02,0.06,0.0,255.0,13.0,0.05,0.07,0.0,1.0,1.0,0.0,1.0,83434.0
51.0,5.0,0.0,0.0,0.0,0.0,272.0,1.0,1.0,0.08,0.04,0.0,255.0,22.0,0.09,0.05,0.0,1.0,1.0,0.0,1.0,32816.0
60.0,5.0,0.0,0.0,0.0,0.0,122.0,1.0,1.0,0.09,0.06,0.0,255.0,11.0,0.04,0.06,0.0,1.0,1.0,0.0,1.0,738.0
14.0,9.0,1032.0,0.0,0.0,0.0,511.0,0.0,0.0,1.0,0.0,0.0,255.0,236.0,0.93,0.04,0.0,0.0,0.0,0.0,1.0,2124.0
49.0,5.0,0.0,0.0,0.0,0.0,19.0,1.0,0.9,1.0,0.0,0.14,41.0,153.0,0.46,0.05,0.01,0.95,0.12,0.0,1.0,19108.0
13.0,9.0,8.0,0.0,0.0,0.0,1.0,0.0,0.0,1.0,0.0,1.0,4.0,184.0,1.0,0.0,0.25,0.0,0.0,0.0,1.0,96598.0
13.0,9.0,8.0,0.0,0.0,0.0,1.0,0.0,0.0,1.0,0.0,1.0,2.0,126.0,1.0,0.0,0.5,0.0,0.0,0.0,1.0,36953.0
45.0,4.0,1.0,0.0,0.0,0.0,2.0,0.0,0.0,1.0,0.0,0.0,152.0,2.0,0.01,0.12,0.0,0.0,0.0,1.0,1.0,109341.0
45.0,5.0,0.0,0.0,0.0,0.0,224.0,1.0,1.0,0.08,0.06,0.0,255.0,19.0,0.07,0.07,0.0,1.0,1.0,0.0,1.0,66244.0
36.0,5.0,0.0,0.0,0.0,0.0,291.0,1.0,1.0,0.05,0.06,0.0,255.0,16.0,0.06,0.07,0.0,1.0,1.0,0.0,1.0,84570.0
45.0,5.0,0.0,0.0,0.0,0.0,113.0,1.0,1.0,0.12,0.07,0.0,255.0,13.0,0.05,0.07,0.0,1.0,1.0,0.0,1.0,100101.0
6.0,5.0,0.0,0.0,0.0,0.0,220.0,1.0,1.0,0.08,0.06,0.0,255.0,18.0,0.07,0.08,0.0,1.0,1.0,0.0,1.0,92852.0
22.0,5.0,0.0,0.0,0.0,0.0,235.0,1.0,1.0,0.05,0.06,0.0,255.0,11.0,0.04,0.06,0.0,1.0,1.0,0.0,1.0,69916.0
25.0,5.0,0.0,0.0,0.0,0.0,260.0,1.0,1.0,0.02,0.06,0.0,255.0,5.0,0.02,0.08,0.0,1.0,1.0,0.0,1.0,25341.0
62.0,5.0,0.0,0.0,0.0,0.0,290.0,1.0,1.0,0.09,0.05,0.0,255.0,25.0,0.1,0.05,0.0,1.0,1.0,0.0,1.0,35160.0
22.0,5.0,0.0,0.0,0.0,0.0,192.0,1.0,1.0,0.09,0.05,0.0,255.0,17.0,0.07,0.05,0.0,1.0,1.0,0.0,1.0,21660.0
36.0,1.0,0.0,0.0,0.0,0.0,102.0,0.01,0.0,0.01,1.0,0.0,227.0,1.0,0.0,0.48,0.0,0.0,0.0,1.0,1.0,50923.0
45.0,4.0,0.0,0.0,0.0,0.0,1.0,0.0,0.0,1.0,0.0,0.0,255.0,1.0,0.0,0.87,0.0,0.0,0.0,1.0,1.0,100036.0
45.0,1.0,0.0,0.0,0.0,0.0,1.0,0.0,0.0,1.0,0.0,0.0,31.0,2.0,0.03,1.0,1.0,0.0,0.0,1.0,1.0,99167.0
45.0,5.0,0.0,0.0,0.0,0.0,98.0,1.0,1.0,0.08,0.06,0.0,255.0,25.0,0.1,0.07,0.0,1.0,1.0,0.0,1.0,45239.0
45.0,1.0,0.0,0.0,0.0,0.0,1.0,0.0,0.0,1.0,0.0,0.0,255.0,1.0,0.0,0.06,0.0,0.0,0.0,1.0,1.0,48678.0
25.0,5.0,0.0,0.0,0.0,0.0,259.0,1.0,1.0,0.02,0.07,0.0,255.0,4.0,0.02,0.09,0.0,1.0,1.0,0.0,1.0,15734.0
45.0,1.0,0.0,0.0,0.0,0.0,195.0,0.07,0.0,0.01,0.99,0.0,255.0,1.0,0.0,0.77,0.0,0.05,0.0,1.0,1.0,117908.0
57.0,5.0,0.0,0.0,0.0,0.0,264.0,1.0,1.0,0.05,0.06,0.0,255.0,13.0,0.05,0.07,0.0,1.0,1.0,0.0,1.0,47477.0
45.0,1.0,0.0,0.0,0.0,0.0,127.0,0.0,0.0,0.1,0.06,0.0,102.0,13.0,0.13,0.08,0.0,0.0,0.0,1.0,1.0,40757.0
35.0,5.0,0.0,0.0,0.0,0.0,100.0,1.0,1.0,0.09,0.06,0.0,255.0,9.0,0.04,0.05,0.0,1.0,1.0,0.0,1.0,14352.0
15.0,5.0,0.0,0.0,0.0,0.0,107.0,1.0,1.0,0.02,0.07,0.0,255.0,2.0,0.01,0.06,0.0,1.0,1.0,0.0,1.0,15590.0
13.0,9.0,18.0,0.0,0.0,0.0,1.0,0.0,0.0,1.0,0.0,0.0,1.0,48.0,1.0,0.0,1.0,0.0,0.0,0.0,1.0,106723.0
38.0,1.0,0.0,0.0,0.0,0.0,105.0,0.0,0.0,0.04,0.07,0.0,255.0,4.0,0.02,0.06,0.0,0.0,0.0,1.0,1.0,74209.0
45.0,5.0,0.0,0.0,0.0,0.0,28.0,1.0,1.0,0.11,0.11,0.0,255.0,15.0,0.06,0.07,0.0,1.0,1.0,0.0,1.0,27310.0
23.0,5.0,0.0,0.0,0.0,0.0,19.0,1.0,1.0,0.47,0.16,0.0,255.0,9.0,0.04,0.08,0.0,1.0,1.0,0.0,1.0,41778.0
16.0,5.0,0.0,0.0,0.0,0.0,145.0,1.0,1.0,0.07,0.06,0.0,255.0,13.0,0.05,0.06,0.0,1.0,1.0,0.0,1.0,97594.0
23.0,5.0,0.0,0.0,0.0,0.0,245.0,1.0,1.0,0.1,0.05,0.0,255.0,25.0,0.1,0.05,0.0,1.0,1.0,0.0,1.0,11667.0
31.0,5.0,0.0,0.0,0.0,0.0,141.0,1.0,1.0,0.09,0.06,0.0,255.0,11.0,0.04,0.06,0.0,1.0,1.0,0.0,1.0,45890.0
5.0,5.0,0.0,0.0,0.0,0.0,106.0,1.0,1.0,0.11,0.06,0.0,255.0,16.0,0.06,0.07,0.0,1.0,1.0,0.0,1.0,15559.0
41.0,1.0,0.0,0.0,0.0,0.0,509.0,0.21,0.0,0.0,1.0,0.0,255.0,1.0,0.0,1.0,0.0,0.21,0.0,1.0,1.0,120499.0
45.0,5.0,0.0,0.0,0.0,0.0,111.0,1.0,1.0,0.16,0.05,0.0,255.0,11.0,0.04,0.06,0.0,1.0,1.0,0.0,1.0,19774.0
21.0,5.0,0.0,0.0,0.0,0.0,295.0,1.0,1.0,0.06,0.06,0.0,255.0,6.0,0.02,0.08,0.0,1.0,1.0,0.0,1.0,77856.0
26.0,5.0,0.0,0.0,0.0,0.0,137.0,1.0,1.0,0.05,0.06,0.0,255.0,10.0,0.04,0.06,0.0,1.0,1.0,0.0,1.0,45937.0
13.0,9.0,8.0,0.0,0.0,0.0,1.0,0.0,0.0,1.0,0.0,1.0,2.0,28.0,1.0,0.0,0.54,0.0,0.0,0.0,1.0,8552.0
22.0,5.0,0.0,0.0,0.0,0.0,53.0,1.0,1.0,0.26,0.08,0.0,133.0,34.0,0.26,0.03,0.0,1.0,1.0,0.0,1.0,16071.0
45.0,5.0,0.0,0.0,0.0,0.0,106.0,1.0,1.0,0.08,0.07,0.0,255.0,21.0,0.08,0.06,0.0,1.0,1.0,0.0,1.0,15691.0
45.0,5.0,0.0,0.0,0.0,0.0,207.0,1.0,1.0,0.04,0.06,0.0,255.0,19.0,0.07,0.07,0.0,1.0,1.0,0.0,1.0,44057.0
45.0,1.0,0.0,0.0,0.0,0.0,1.0,0.0,0.0,1.0,0.0,0.0,11.0,2.0,0.09,1.0,1.0,0.0,0.0,1.0,1.0,76791.0
55.0,5.0,0.0,0.0,0.0,0.0,6.0,0.83,1.0,0.83,0.33,0.0,5.0,6.0,1.0,0.0,0.33,1.0,0.83,0.0,1.0,49885.0
13.0,9.0,8.0,0.0,0.0,0.0,1.0,0.0,0.0,1.0,0.0,1.0,1.0,81.0,1.0,0.0,0.51,0.0,0.0,0.0,1.0,104369.0
30.0,1.0,0.0,0.0,0.0,0.0,263.0,0.0,0.0,0.07,0.06,0.0,255.0,18.0,0.07,0.07,0.0,0.0,0.0,1.0,1.0,91411.0
45.0,5.0,0.0,0.0,0.0,0.0,286.0,1.0,1.0,0.07,0.06,0.0,255.0,12.0,0.05,0.07,0.0,1.0,1.0,0.0,1.0,120164.0
62.0,1.0,0.0,0.0,0.0,0.0,172.0,0.0,0.0,0.05,0.07,0.0,255.0,9.0,0.04,0.09,0.0,0.0,0.0,1.0,1.0,104060.0
14.0,9.0,1032.0,0.0,0.0,0.0,189.0,0.0,0.0,1.0,0.0,0.0,255.0,189.0,0.74,0.01,0.0,0.0,0.0,0.0,1.0,16039.0
7.0,1.0,0.0,0.0,0.0,0.0,262.0,0.0,0.0,0.05,0.06,0.0,255.0,12.0,0.05,0.07,0.0,0.0,0.0,1.0,1.0,67850.0
45.0,5.0,0.0,0.0,0.0,0.0,131.0,1.0,1.0,0.06,0.06,0.0,255.0,1.0,0.0,0.06,0.0,1.0,1.0,0.0,1.0,125411.0
12.0,2.0,0.0,0.0,0.0,0.0,125.0,0.0,0.0,0.04,0.08,0.0,255.0,5.0,0.02,0.07,0.0,0.0,0.0,1.0,1.0,65849.0
31.0,2.0,0.0,0.0,0.0,0.0,99.0,0.0,0.0,0.04,0.06,0.0,255.0,4.0,0.02,0.07,0.0,0.0,0.0,1.0,1.0,49423.0
15.0,1.0,0.0,0.0,0.0,0.0,120.0,0.0,0.0,0.09,0.06,0.0,255.0,11.0,0.04,0.07,0.0,0.0,0.0,1.0,1.0,35319.0
45.0,1.0,0.0,0.0,0.0,0.0,23.0,0.0,0.0,0.04,1.0,0.0,255.0,1.0,0.0,0.42,0.0,0.0,0.0,1.0,1.0,88038.0
45.0,5.0,0.0,0.0,0.0,0.0,73.0,1.0,1.0,0.18,0.05,0.0,255.0,7.0,0.03,0.06,0.0,1.0,1.0,0.0,1.0,59216.0
45.0,5.0,0.0,0.0,0.0,0.0,206.0,1.0,1.0,0.08,0.06,0.0,255.0,17.0,0.07,0.09,0.0,1.0,1.0,0.0,1.0,66439.0
45.0,4.0,1.0,0.0,0.0,0.0,2.0,0.0,0.0,1.0,0.0,0.0,255.0,2.0,0.01,0.5,0.0,0.0,0.0,1.0,1.0,32887.0
45.0,5.0,0.0,0.0,0.0,0.0,110.0,1.0,1.0,0.11,0.06,0.0,255.0,32.0,0.13,0.05,0.0,1.0,1.0,0.0,1.0,106874.0
14.0,9.0,520.0,0.0,0.0,0.0,335.0,0.0,0.0,1.0,0.0,0.0,255.0,255.0,1.0,0.0,0.0,0.0,0.0,0.0,1.0,93938.0
60.0,5.0,0.0,0.0,0.0,0.0,141.0,1.0,1.0,0.08,0.06,0.0,255.0,6.0,0.02,0.06,0.0,1.0,1.0,0.0,1.0,42790.0
47.0,5.0,0.0,0.0,0.0,0.0,129.0,1.0,1.0,0.01,0.07,0.0,255.0,1.0,0.0,0.06,0.0,1.0,1.0,0.0,1.0,77247.0
45.0,9.0,1.0,0.0,0.0,0.0,15.0,0.0,0.0,0.2,0.13,0.0,255.0,42.0,0.16,0.28,0.0,0.0,0.0,0.0,1.0,34371.0
25.0,5.0,0.0,0.0,0.0,0.0,206.0,1.0,1.0,0.03,0.06,0.0,255.0,18.0,0.07,0.07,0.0,1.0,1.0,0.0,1.0,125452.0
55.0,5.0,0.0,0.0,0.0,0.0,18.0,1.0,1.0,0.28,0.22,0.0,255.0,64.0,0.25,0.02,0.0,1.0,1.0,0.0,1.0,40939.0
14.0,9.0,520.0,0.0,0.0,0.0,455.0,0.0,0.0,1.0,0.0,0.0,39.0,39.0,1.0,0.0,0.0,0.0,0.0,0.0,1.0,91222.0
18.0,5.0,0.0,0.0,0.0,0.0,250.0,1.0,1.0,0.04,0.07,0.0,255.0,19.0,0.07,0.06,0.0,1.0,1.0,0.0,1.0,40017.0
45.0,9.0,1.0,0.0,0.0,0.0,117.0,0.0,0.0,0.91,0.02,0.0,255.0,180.0,0.71,0.04,0.0,0.0,0.0,0.0,1.0,33969.0
63.0,5.0,0.0,0.0,0.0,0.0,229.0,1.0,1.0,0.03,0.07,0.0,255.0,8.0,0.03,0.08,0.0,1.0,1.0,0.0,1.0,111705.0
7.0,5.0,0.0,0.0,0.0,0.0,203.0,1.0,1.0,0.04,0.06,0.0,255.0,17.0,0.07,0.07,0.0,1.0,1.0,0.0,1.0,35550.0
45.0,5.0,0.0,0.0,0.0,0.0,129.0,1.0,1.0,0.11,0.06,0.0,255.0,3.0,0.01,0.06,0.0,1.0,1.0,0.0,1.0,58541.0
57.0,5.0,0.0,0.0,0.0,0.0,264.0,1.0,1.0,0.08,0.05,0.0,255.0,21.0,0.08,0.05,0.0,1.0,1.0,0.0,1.0,123096.0
13.0,9.0,8.0,0.0,0.0,0.0,1.0,0.0,0.0,1.0,0.0,1.0,2.0,74.0,1.0,0.0,0.5,0.0,0.0,0.0,1.0,8841.0
45.0,9.0,28.0,0.0,3.0,0.0,35.0,0.0,0.0,1.0,0.0,0.0,248.0,35.0,0.14,0.66,0.0,0.02,0.0,0.0,1.0,13993.0
55.0,5.0,0.0,0.0,0.0,0.0,20.0,1.0,1.0,1.0,0.0,0.0,182.0,102.0,0.56,0.01,0.0,0.99,0.98,0.0,1.0,67122.0
9.0,5.0,0.0,0.0,0.0,0.0,197.0,1.0,1.0,0.05,0.07,0.0,255.0,10.0,0.04,0.06,0.0,1.0,1.0,0.0,1.0,36181.0
17.0,5.0,0.0,0.0,0.0,0.0,14.0,1.0,1.0,0.36,0.21,0.0,255.0,55.0,0.22,0.03,0.0,1.0,1.0,0.0,1.0,124807.0
23.0,5.0,0.0,0.0,0.0,0.0,150.0,1.0,1.0,0.07,0.05,0.0,255.0,1.0,0.0,0.07,0.0,1.0,1.0,0.0,1.0,44301.0
63.0,5.0,0.0,0.0,0.0,0.0,121.0,1.0,1.0,0.01,0.06,0.0,255.0,1.0,0.0,0.06,0.0,1.0,1.0,0.0,1.0,85030.0
45.0,1.0,0.0,0.0,0.0,0.0,137.0,0.0,0.0,0.08,0.07,0.0,255.0,9.0,0.04,0.08,0.0,0.0,0.0,1.0,1.0,71610.0
6.0,5.0,0.0,0.0,0.0,0.0,104.0,1.0,1.0,0.03,0.06,0.0,255.0,3.0,0.01,0.05,0.0,1.0,1.0,0.0,1.0,38423.0
14.0,9.0,520.0,0.0,0.0,0.0,342.0,0.0,0.0,1.0,0.0,0.0,255.0,255.0,1.0,0.0,0.0,0.0,0.0,0.0,1.0,65025.0
45.0,4.0,1.0,0.0,0.0,0.0,2.0,0.0,0.0,1.0,0.0,0.0,255.0,2.0,0.01,0.75,0.0,0.0,0.0,1.0,1.0,122165.0
2.0,5.0,0.0,0.0,0.0,0.0,275.0,1.0,1.0,0.01,0.05,0.0,255.0,3.0,0.01,0.05,0.0,1.0,1.0,0.0,1.0,91447.0
45.0,5.0,0.0,0.0,0.0,0.0,284.0,1.0,1.0,0.01,0.06,0.0,255.0,5.0,0.02,0.08,0.0,1.0,1.0,0.0,1.0,125473.0
45.0,5.0,0.0,0.0,0.0,0.0,102.0,1.0,1.0,0.11,0.06,0.0,177.0,12.0,0.07,0.1,0.0,1.0,1.0,0.0,1.0,44477.0
41.0,1.0,0.0,0.0,0.0,0.0,510.0,0.24,0.0,0.0,1.0,0.0,255.0,1.0,0.0,1.0,0.0,0.25,0.0,1.0,1.0,42152.0
19.0,5.0,0.0,0.0,0.0,0.0,243.0,1.0,1.0,0.01,0.06,0.0,255.0,4.0,0.02,0.07,0.0,1.0,1.0,0.0,1.0,89741.0
45.0,5.0,0.0,0.0,0.0,0.0,143.0,1.0,1.0,0.13,0.06,0.0,255.0,4.0,0.02,0.08,0.0,1.0,1.0,0.0,1.0,13245.0
38.0,5.0,0.0,0.0,0.0,0.0,149.0,1.0,1.0,0.13,0.06,0.0,255.0,19.0,0.07,0.07,0.0,1.0,1.0,0.0,1.0,16238.0
30.0,5.0,0.0,0.0,0.0,0.0,9.0,1.0,1.0,0.33,0.22,0.0,255.0,5.0,0.02,0.09,0.0,1.0,1.0,0.0,1.0,40542.0
45.0,5.0,0.0,0.0,0.0,0.0,22.0,1.0,1.0,0.41,0.18,0.0,255.0,9.0,0.04,0.08,0.0,1.0,1.0,0.0,1.0,18667.0
22.0,1.0,0.0,0.0,0.0,0.0,231.0,0.0,0.0,0.03,0.06,0.0,255.0,6.0,0.02,0.07,0.0,0.0,0.0,1.0,1.0,28676.0
45.0,5.0,0.0,0.0,0.0,0.0,113.0,1.0,1.0,0.04,0.06,0.0,255.0,14.0,0.05,0.06,0.0,1.0,1.0,0.0,1.0,11137.0
32.0,1.0,0.0,0.0,0.0,0.0,237.0,0.0,0.0,0.0,0.07,0.0,255.0,1.0,0.0,0.08,0.0,0.0,0.0,1.0,1.0,122348.0
45.0,1.0,0.0,0.0,0.0,0.0,207.0,0.0,0.0,0.04,0.06,0.0,255.0,9.0,0.04,0.07,0.0,0.0,0.0,1.0,1.0,117739.0
19.0,9.0,334.0,0.0,0.0,1.0,1.0,0.0,0.0,1.0,0.0,0.0,5.0,38.0,0.6,0.4,0.16,0.0,0.0,0.0,1.0,97976.0
45.0,1.0,0.0,0.0,0.0,0.0,207.0,0.09,0.0,0.0,1.0,0.0,255.0,1.0,0.0,0.91,0.0,0.07,0.0,1.0,1.0,15215.0
14.0,9.0,1032.0,0.0,0.0,0.0,60.0,0.0,0.0,1.0,0.0,0.0,255.0,255.0,1.0,0.0,0.0,0.0,0.0,0.0,1.0,72022.0
17.0,9.0,6.0,28.0,0.0,0.0,30.0,0.03,0.0,0.03,1.0,0.0,255.0,7.0,0.03,0.15,0.0,0.0,0.0,0.0,1.0,62529.0
35.0,5.0,0.0,0.0,0.0,0.0,228.0,1.0,1.0,0.07,0.06,0.0,255.0,6.0,0.02,0.07,0.0,1.0,1.0,0.0,1.0,50887.0
2.0,1.0,0.0,0.0,0.0,0.0,103.0,0.0,0.0,0.1,0.06,0.0,255.0,10.0,0.04,0.07,0.0,0.0,0.0,1.0,1.0,2876.0
13.0,9.0,18.0,0.0,0.0,0.0,1.0,0.0,0.0,1.0,0.0,0.0,1.0,113.0,1.0,0.0,0.26,0.0,0.0,0.0,1.0,62665.0
19.0,9.0,334.0,0.0,0.0,1.0,1.0,0.0,0.0,1.0,0.0,0.0,9.0,19.0,1.0,0.0,0.16,0.0,0.0,0.0,1.0,123658.0
45.0,5.0,0.0,0.0,0.0,0.0,99.0,1.0,1.0,0.02,0.07,0.0,255.0,6.0,0.02,0.06,0.0,1.0,1.0,0.0,1.0,95089.0
45.0,9.0,28.0,0.0,3.0,0.0,41.0,0.0,0.0,0.98,0.05,0.0,255.0,40.0,0.16,0.02,0.0,0.0,0.0,0.0,1.0,11262.0
30.0,5.0,0.0,0.0,0.0,0.0,286.0,1.0,1.0,0.06,0.06,0.0,255.0,2.0,0.01,0.07,0.0,1.0,1.0,0.0,1.0,45760.0
45.0,5.0,0.0,0.0,0.0,0.0,119.0,1.0,1.0,0.01,0.08,0.0,255.0,1.0,0.0,0.07,0.0,1.0,1.0,0.0,1.0,115027.0
38.0,1.0,0.0,0.0,0.0,0.0,144.0,0.0,0.0,0.1,0.06,0.0,255.0,14.0,0.05,0.06,0.0,0.0,0.0,1.0,1.0,92087.0
13.0,9.0,8.0,0.0,0.0,0.0,1.0,0.0,0.0,1.0,0.0,1.0,2.0,92.0,1.0,0.0,0.51,0.0,0.0,0.0,1.0,30077.0
20.0,3.0,0.0,0.0,0.0,0.0,84.0,0.77,0.67,0.04,0.37,0.0,255.0,3.0,0.01,0.12,0.0,0.25,0.67,0.33,1.0,18067.0
55.0,5.0,0.0,0.0,0.0,0.0,2.0,1.0,1.0,0.5,1.0,0.0,255.0,61.0,0.24,0.03,0.0,1.0,1.0,0.0,1.0,119003.0
31.0,2.0,0.0,0.0,0.0,0.0,149.0,0.0,0.0,0.09,0.05,0.0,255.0,14.0,0.05,0.07,0.0,0.0,0.0,1.0,1.0,6540.0
45.0,5.0,0.0,0.0,0.0,0.0,121.0,1.0,1.0,0.08,0.06,0.0,255.0,2.0,0.01,0.09,0.0,1.0,1.0,0.0,1.0,46012.0
45.0,1.0,0.0,0.0,0.0,0.0,296.0,0.0,0.0,0.05,0.05,0.0,255.0,15.0,0.06,0.07,0.0,0.0,0.0,1.0,1.0,17430.0
35.0,5.0,0.0,0.0,0.0,0.0,280.0,1.0,1.0,0.01,0.05,0.0,255.0,3.0,0.01,0.05,0.0,1.0,1.0,0.0,1.0,121260.0
13.0,9.0,8.0,0.0,0.0,0.0,1.0,0.0,0.0,1.0,0.0,1.0,3.0,255.0,1.0,0.0,0.25,0.0,0.0,0.0,1.0,74895.0
17.0,5.0,0.0,0.0,0.0,0.0,52.0,1.0,1.0,0.25,0.08,0.0,255.0,56.0,0.22,0.02,0.0,1.0,1.0,0.0,1.0,93684.0
45.0,5.0,0.0,0.0,0.0,0.0,112.0,1.0,1.0,0.04,0.07,0.0,14.0,5.0,0.36,0.21,0.0,1.0,1.0,0.0,1.0,83946.0
45.0,5.0,0.0,0.0,0.0,0.0,56.0,1.0,1.0,0.36,0.07,0.0,255.0,20.0,0.08,0.06,0.0,1.0,1.0,0.0,1.0,72726.0
45.0,5.0,0.0,0.0,0.0,0.0,105.0,1.0,1.0,0.14,0.06,0.0,255.0,33.0,0.13,0.07,0.0,1.0,1.0,0.0,1.0,63565.0
30.0,5.0,0.0,0.0,0.0,0.0,272.0,1.0,1.0,0.08,0.04,0.0,255.0,22.0,0.09,0.05,0.0,1.0,1.0,0.0,1.0,82394.0
45.0,1.0,0.0,0.0,0.0,0.0,2.0,0.0,0.0,0.5,1.0,0.0,255.0,1.0,0.0,0.65,0.0,0.0,0.0,1.0,1.0,1207.0
45.0,5.0,0.0,0.0,0.0,0.0,215.0,1.0,1.0,0.07,0.06,0.0,255.0,7.0,0.03,0.07,0.0,1.0,1.0,0.0,1.0,119734.0
13.0,9.0,8.0,0.0,0.0,0.0,1.0,0.0,0.0,1.0,0.0,1.0,1.0,93.0,1.0,0.0,0.51,0.0,0.0,0.0,1.0,62883.0
14.0,9.0,520.0,0.0,0.0,0.0,446.0,0.0,0.0,1.0,0.0,0.0,195.0,195.0,1.0,0.0,0.0,0.0,0.0,0.0,1.0,100880.0
55.0,5.0,0.0,0.0,0.0,0.0,78.0,1.0,1.0,0.24,0.05,0.0,158.0,40.0,0.25,0.03,0.05,1.0,0.98,0.0,1.0,33381.0
45.0,1.0,0.0,0.0,0.0,0.0,137.0,0.0,0.0,0.07,0.06,0.0,255.0,7.0,0.03,0.06,0.0,0.0,0.0,1.0,1.0,124013.0
45.0,9.0,28.0,0.0,3.0,0.0,85.0,0.0,0.0,1.0,0.0,0.0,157.0,85.0,0.54,0.03,0.0,0.0,0.0,0.0,1.0,111560.0
46.0,5.0,0.0,0.0,0.0,0.0,261.0,1.0,1.0,0.03,0.05,0.0,255.0,7.0,0.03,0.05,0.0,1.0,1.0,0.0,1.0,41244.0
45.0,5.0,0.0,0.0,0.0,0.0,115.0,1.0,1.0,0.16,0.06,0.0,255.0,29.0,0.11,0.05,0.0,1.0,1.0,0.0,1.0,107668.0
45.0,1.0,0.0,0.0,0.0,0.0,248.0,0.0,0.0,0.07,0.06,0.0,255.0,18.0,0.07,0.07,0.0,0.0,0.0,1.0,1.0,65469.0
45.0,9.0,1.0,0.0,0.0,0.0,151.0,0.0,0.0,0.87,0.03,0.0,255.0,168.0,0.66,0.04,0.0,0.0,0.0,0.0,1.0,2667.0
28.0,5.0,0.0,0.0,0.0,0.0,30.0,1.0,1.0,0.47,0.1,0.0,255.0,14.0,0.05,0.07,0.0,1.0,1.0,0.0,1.0,70691.0
55.0,5.0,0.0,0.0,0.0,0.0,260.0,1.0,1.0,0.05,0.06,0.0,255.0,8.0,0.03,0.07,0.0,1.0,1.0,0.0,1.0,95843.0
60.0,2.0,0.0,0.0,0.0,0.0,113.0,0.0,0.0,0.08,0.07,0.0,255.0,9.0,0.04,0.07,0.0,0.0,0.0,1.0,1.0,117191.0
63.0,5.0,0.0,0.0,0.0,0.0,206.0,1.0,1.0,0.03,0.06,0.0,255.0,15.0,0.06,0.07,0.0,1.0,1.0,0.0,1.0,35123.0
45.0,5.0,0.0,0.0,0.0,0.0,132.0,1.0,1.0,0.17,0.05,0.0,255.0,23.0,0.09,0.05,0.0,1.0,1.0,0.0,1.0,79559.0
55.0,5.0,0.0,0.0,0.0,0.0,67.0,1.0,1.0,0.25,0.06,0.0,255.0,37.0,0.15,0.06,0.0,1.0,1.0,0.0,1.0,1051.0
45.0,5.0,0.0,0.0,0.0,0.0,250.0,1.0,1.0,0.05,0.07,0.0,255.0,12.0,0.05,0.08,0.0,1.0,1.0,0.0,1.0,122183.0
45.0,5.0,0.0,0.0,0.0,0.0,154.0,1.0,1.0,0.05,0.05,0.0,255.0,7.0,0.03,0.05,0.0,1.0,1.0,0.0,1.0,63004.0
19.0,5.0,0.0,0.0,0.0,0.0,273.0,1.0,1.0,0.04,0.05,0.0,255.0,10.0,0.04,0.05,0.0,1.0,1.0,0.0,1.0,87308.0
2.0,1.0,0.0,0.0,0.0,0.0,366.0,0.0,0.0,0.0,0.52,0.0,255.0,1.0,0.0,0.52,0.0,0.0,0.0,1.0,1.0,807.0
4.0,5.0,0.0,0.0,0.0,0.0,141.0,1.0,1.0,0.02,0.07,0.0,255.0,3.0,0.01,0.07,0.0,1.0,1.0,0.0,1.0,124816.0
12.0,2.0,0.0,0.0,0.0,0.0,198.0,0.0,0.0,0.01,0.06,0.0,255.0,2.0,0.01,0.06,0.0,0.0,0.0,1.0,1.0,17942.0
45.0,5.0,0.0,0.0,0.0,0.0,189.0,1.0,1.0,0.01,0.06,0.0,255.0,18.0,0.07,0.08,0.0,1.0,1.0,0.0,1.0,104744.0
19.0,9.0,334.0,0.0,0.0,1.0,1.0,0.0,0.0,1.0,0.0,0.0,1.0,55.0,1.0,0.0,0.11,0.0,0.0,0.0,1.0,25611.0
45.0,5.0,0.0,0.0,0.0,0.0,253.0,1.0,1.0,0.01,0.06,0.0,255.0,6.0,0.02,0.06,0.0,1.0,1.0,0.0,1.0,119419.0
13.0,9.0,8.0,0.0,0.0,0.0,1.0,0.0,0.0,1.0,0.0,1.0,1.0,37.0,1.0,0.0,0.51,0.0,0.0,0.0,1.0,5262.0
13.0,9.0,8.0,0.0,0.0,0.0,1.0,0.0,0.0,1.0,0.0,1.0,1.0,27.0,1.0,0.0,0.52,0.0,0.0,0.0,1.0,80448.0
45.0,5.0,0.0,0.0,0.0,0.0,193.0,0.62,1.0,0.1,0.04,0.0,255.0,2.0,0.01,0.06,0.0,1.0,1.0,0.0,1.0,15883.0
20.0,5.0,0.0,0.0,0.0,0.0,265.0,1.0,1.0,0.08,0.05,0.0,255.0,20.0,0.08,0.05,0.0,1.0,1.0,0.0,1.0,29040.0
45.0,1.0,0.0,0.0,0.0,0.0,119.0,0.0,0.0,0.08,0.08,0.0,44.0,10.0,0.23,0.14,0.0,0.0,0.0,1.0,1.0,75418.0
15.0,5.0,0.0,0.0,0.0,0.0,114.0,1.0,1.0,0.04,0.07,0.0,255.0,4.0,0.02,0.07,0.0,1.0,1.0,0.0,1.0,12953.0
60.0,5.0,0.0,0.0,0.0,0.0,140.0,1.0,1.0,0.07,0.06,0.0,255.0,5.0,0.02,0.06,0.0,1.0,1.0,0.0,1.0,63102.0
22.0,5.0,0.0,0.0,0.0,0.0,123.0,1.0,1.0,0.11,0.06,0.0,255.0,4.0,0.02,0.07,0.0,1.0,1.0,0.0,1.0,64908.0
13.0,9.0,8.0,0.0,0.0,0.0,1.0,0.0,0.0,1.0,0.0,1.0,1.0,28.0,1.0,0.0,0.54,0.0,0.0,0.0,1.0,61551.0
45.0,5.0,0.0,0.0,0.0,0.0,192.0,0.62,1.0,0.09,0.04,0.0,255.0,3.0,0.01,0.06,0.0,1.0,1.0,0.0,1.0,97184.0
45.0,1.0,0.0,0.0,0.0,0.0,227.0,0.0,0.0,0.06,0.06,0.0,255.0,13.0,0.05,0.08,0.0,0.0,0.0,1.0,1.0,54330.0
55.0,5.0,0.0,0.0,0.0,0.0,262.0,1.0,1.0,0.04,0.06,0.0,255.0,11.0,0.04,0.06,0.0,1.0,1.0,0.0,1.0,75542.0
17.0,5.0,0.0,0.0,0.0,0.0,64.0,1.0,1.0,0.27,0.06,0.0,255.0,62.0,0.24,0.02,0.0,1.0,1.0,0.0,1.0,96512.0
34.0,5.0,0.0,0.0,0.0,0.0,264.0,1.0,1.0,0.02,0.06,0.0,255.0,1.0,0.0,0.08,0.0,1.0,1.0,0.0,1.0,110172.0
55.0,5.0,0.0,0.0,0.0,0.0,51.0,1.0,1.0,0.22,0.08,0.0,255.0,45.0,0.18,0.04,0.0,1.0,1.0,0.0,1.0,37716.0
13.0,9.0,8.0,0.0,0.0,0.0,1.0,0.0,0.0,1.0,0.0,1.0,1.0,157.0,1.0,0.0,0.25,0.0,0.0,0.0,1.0,114484.0
45.0,5.0,0.0,0.0,0.0,0.0,131.0,1.0,1.0,0.08,0.06,0.0,244.0,10.0,0.04,0.08,0.0,1.0,1.0,0.0,1.0,94263.0
45.0,1.0,0.0,0.0,0.0,0.0,246.0,0.04,0.0,0.0,1.0,0.0,255.0,1.0,0.0,0.97,0.0,0.04,0.0,1.0,1.0,10526.0
45.0,5.0,0.0,0.0,0.0,0.0,104.0,1.0,1.0,0.02,0.08,0.0,255.0,1.0,0.0,0.07,0.0,1.0,1.0,0.0,1.0,48000.0
29.0,5.0,0.0,0.0,0.0,0.0,48.0,1.0,1.0,0.17,0.12,0.0,255.0,8.0,0.03,0.09,0.0,1.0,1.0,0.0,1.0,12981.0
45.0,5.0,0.0,0.0,0.0,0.0,202.0,1.0,1.0,0.01,0.05,0.0,62.0,2.0,0.03,0.13,0.0,0.97,1.0,0.0,1.0,55947.0
54.0,1.0,0.0,0.0,0.0,0.0,246.0,0.0,0.0,0.01,0.07,0.0,255.0,3.0,0.01,0.07,0.0,0.0,0.0,1.0,1.0,118382.0
45.0,5.0,0.0,0.0,0.0,0.0,223.0,1.0,1.0,0.05,0.04,0.0,27.0,12.0,0.44,0.11,0.0,0.93,1.0,0.0,1.0,104999.0
13.0,9.0,8.0,0.0,0.0,0.0,1.0,0.0,0.0,1.0,0.0,1.0,4.0,24.0,1.0,0.0,0.25,0.0,0.0,0.0,1.0,44654.0
26.0,5.0,0.0,0.0,0.0,0.0,120.0,1.0,1.0,0.18,0.05,0.0,255.0,22.0,0.09,0.05,0.0,1.0,1.0,0.0,1.0,107512.0
45.0,9.0,1.0,1.0,0.0,0.0,17.0,0.0,0.0,0.94,0.12,0.0,255.0,16.0,0.06,0.93,0.0,0.16,0.0,0.0,1.0,73900.0
45.0,5.0,0.0,0.0,0.0,0.0,263.0,1.0,1.0,0.02,0.06,0.0,255.0,2.0,0.01,0.07,0.0,1.0,1.0,0.0,1.0,73708.0
45.0,5.0,0.0,0.0,0.0,0.0,120.0,1.0,1.0,0.07,0.08,0.0,255.0,10.0,0.04,0.07,0.0,1.0,1.0,0.0,1.0,89502.0
27.0,5.0,0.0,0.0,0.0,0.0,115.0,1.0,1.0,0.09,0.07,0.0,255.0,10.0,0.04,0.06,0.0,1.0,1.0,0.0,1.0,109550.0
22.0,5.0,0.0,0.0,0.0,0.0,234.0,1.0,0.61,0.05,0.07,0.11,255.0,11.0,0.04,0.06,0.0,1.0,1.0,0.0,1.0,105562.0
45.0,1.0,0.0,0.0,0.0,0.0,275.0,0.0,0.0,0.07,0.06,0.0,255.0,20.0,0.08,0.06,0.0,0.0,0.0,1.0,1.0,111305.0
57.0,5.0,0.0,0.0,0.0,0.0,298.0,1.0,1.0,0.03,0.06,0.0,255.0,9.0,0.04,0.06,0.0,1.0,1.0,0.0,1.0,61575.0
45.0,1.0,0.0,0.0,0.0,0.0,46.0,0.0,0.0,0.43,0.07,0.0,255.0,17.0,0.07,0.07,0.0,0.0,0.0,1.0,1.0,37799.0
14.0,9.0,1032.0,0.0,0.0,0.0,510.0,0.0,0.0,1.0,0.0,0.0,255.0,176.0,0.69,0.01,0.0,0.0,0.0,0.0,1.0,30479.0
60.0,5.0,0.0,0.0,0.0,0.0,14.0,1.0,1.0,0.14,0.14,0.0,255.0,8.0,0.03,0.07,0.0,1.0,1.0,0.0,1.0,17866.0
36.0,5.0,0.0,0.0,0.0,0.0,284.0,1.0,1.0,0.07,0.06,0.0,255.0,2.0,0.01,0.08,0.0,1.0,1.0,0.0,1.0,114639.0
26.0,5.0,0.0,0.0,0.0,0.0,264.0,1.0,1.0,0.05,0.06,0.0,255.0,13.0,0.05,0.07,0.0,1.0,1.0,0.0,1.0,124448.0
45.0,5.0,0.0,0.0,0.0,0.0,170.0,0.08,1.0,0.01,1.0,0.0,255.0,1.0,0.0,0.82,0.0,0.05,1.0,0.0,1.0,105352.0
45.0,5.0,0.0,0.0,0.0,0.0,129.0,1.0,1.0,0.09,0.05,0.0,255.0,16.0,0.06,0.06,0.0,1.0,1.0,0.0,1.0,21230.0
14.0,9.0,1032.0,0.0,0.0,0.0,365.0,0.0,0.0,1.0,0.0,0.0,255.0,255.0,1.0,0.0,0.0,0.0,0.0,0.0,1.0,5694.0
45.0,5.0,0.0,0.0,0.0,0.0,270.0,1.0,1.0,0.04,0.07,0.0,255.0,10.0,0.04,0.06,0.0,1.0,1.0,0.0,1.0,18305.0
45.0,5.0,0.0,0.0,0.0,0.0,209.0,1.0,1.0,0.01,0.07,0.0,255.0,2.0,0.01,0.06,0.0,1.0,1.0,0.0,1.0,88125.0
14.0,9.0,1032.0,0.0,0.0,0.0,511.0,0.0,0.0,1.0,0.0,0.0,255.0,119.0,0.47,0.02,0.0,0.02,0.0,0.0,1.0,65112.0
45.0,1.0,0.0,0.0,0.0,0.0,103.0,0.0,0.0,0.17,0.07,0.0,255.0,18.0,0.07,0.06,0.0,0.0,0.0,1.0,1.0,40994.0
45.0,5.0,0.0,0.0,0.0,0.0,64.0,1.0,1.0,0.22,0.06,0.0,255.0,14.0,0.05,0.06,0.0,1.0,1.0,0.0,1.0,38334.0
32.0,5.0,0.0,0.0,0.0,0.0,199.0,1.0,1.0,0.04,0.07,0.0,255.0,7.0,0.03,0.08,0.0,1.0,1.0,0.0,1.0,19259.0
16.0,5.0,0.0,0.0,0.0,0.0,91.0,1.0,1.0,0.09,0.08,0.0,255.0,8.0,0.03,0.06,0.0,1.0,1.0,0.0,1.0,66149.0
55.0,5.0,0.0,0.0,0.0,0.0,8.0,0.88,1.0,0.12,0.5,0.0,255.0,22.0,0.09,0.06,0.0,1.0,1.0,0.0,1.0,50406.0
62.0,1.0,0.0,0.0,0.0,0.0,234.0,0.0,0.0,0.01,0.07,0.0,255.0,2.0,0.01,0.08,0.0,0.0,0.0,1.0,1.0,122740.0
45.0,5.0,0.0,0.0,0.0,0.0,271.0,1.0,1.0,0.04,0.06,0.0,255.0,9.0,0.04,0.06,0.0,1.0,1.0,0.0,1.0,13733.0
8.0,5.0,0.0,0.0,0.0,0.0,204.0,1.0,1.0,0.04,0.06,0.0,255.0,17.0,0.07,0.08,0.0,1.0,1.0,0.0,1.0,74329.0
45.0,1.0,0.0,0.0,0.0,0.0,158.0,0.0,0.0,0.02,0.08,0.0,255.0,3.0,0.01,0.09,0.0,0.0,0.0,1.0,1.0,67941.0
45.0,5.0,0.0,0.0,0.0,0.0,138.0,1.0,1.0,0.05,0.07,0.0,255.0,7.0,0.03,0.06,0.0,1.0,1.0,0.0,1.0,47315.0
11.0,9.0,1.0,0.0,0.0,0.0,24.0,0.0,0.0,0.25,0.12,0.0,255.0,6.0,0.02,0.91,0.0,0.03,0.0,0.0,1.0,34273.0
10.0,5.0,0.0,0.0,0.0,0.0,240.0,1.0,1.0,0.01,0.06,0.0,255.0,2.0,0.01,0.07,0.0,1.0,1.0,0.0,1.0,115768.0
54.0,5.0,0.0,0.0,0.0,0.0,244.0,1.0,1.0,0.09,0.05,0.0,255.0,22.0,0.09,0.06,0.0,1.0,1.0,0.0,1.0,31618.0
17.0,5.0,0.0,0.0,0.0,0.0,63.0,1.0,1.0,0.25,0.06,0.0,255.0,65.0,0.25,0.02,0.0,1.0,1.0,0.0,1.0,59449.0
45.0,1.0,0.0,0.0,0.0,0.0,273.0,0.11,0.0,0.0,1.0,0.0,255.0,1.0,0.0,1.0,0.0,0.12,0.0,1.0,1.0,90372.0
63.0,5.0,0.0,0.0,0.0,0.0,248.0,1.0,1.0,0.08,0.06,0.0,255.0,19.0,0.07,0.07,0.0,1.0,1.0,0.0,1.0,102943.0
4.0,5.0,0.0,0.0,0.0,0.0,279.0,1.0,1.0,0.04,0.05,0.0,255.0,10.0,0.04,0.05,0.0,1.0,1.0,0.0,1.0,8824.0
9.0,5.0,0.0,0.0,0.0,0.0,217.0,1.0,1.0,0.08,0.06,0.0,255.0,19.0,0.07,0.07,0.0,1.0,1.0,0.0,1.0,58657.0
45.0,4.0,0.0,0.0,0.0,0.0,1.0,0.0,0.0,1.0,0.0,0.0,135.0,1.0,0.01,0.08,0.0,0.0,0.0,1.0,1.0,5554.0
29.0,5.0,0.0,0.0,0.0,0.0,148.0,1.0,1.0,0.13,0.05,0.0,255.0,4.0,0.02,0.07,0.0,1.0,1.0,0.0,1.0,14754.0
2.0,5.0,0.0,0.0,0.0,0.0,296.0,1.0,1.0,0.06,0.05,0.0,255.0,19.0,0.07,0.06,0.0,1.0,1.0,0.0,1.0,6437.0
45.0,1.0,0.0,0.0,0.0,0.0,111.0,0.0,0.0,0.16,0.06,0.0,255.0,18.0,0.07,0.07,0.0,0.0,0.0,1.0,1.0,57543.0
19.0,5.0,0.0,0.0,0.0,0.0,38.0,1.0,1.0,0.24,0.11,0.0,255.0,9.0,0.04,0.08,0.0,1.0,1.0,0.0,1.0,94436.0
7.0,5.0,0.0,0.0,0.0,0.0,202.0,1.0,1.0,0.04,0.07,0.0,255.0,8.0,0.03,0.08,0.0,1.0,1.0,0.0,1.0,109673.0
45.0,1.0,0.0,0.0,0.0,0.0,256.0,0.0,0.0,0.04,0.07,0.0,255.0,22.0,0.09,0.07,0.0,0.0,0.0,1.0,1.0,38623.0
45.0,1.0,0.0,0.0,0.0,0.0,511.0,0.07,0.0,0.0,1.0,0.0,255.0,1.0,0.0,1.0,0.0,0.13,0.0,1.0,1.0,76238.0
45.0,5.0,0.0,0.0,0.0,0.0,224.0,1.0,1.0,0.01,0.06,0.0,255.0,9.0,0.04,0.08,0.0,1.0,1.0,0.0,1.0,118958.0
19.0,5.0,0.0,0.0,0.0,0.0,225.0,1.0,1.0,0.02,0.06,0.0,255.0,4.0,0.02,0.06,0.0,1.0,1.0,0.0,1.0,50061.0
16.0,4.0,1.0,0.0,0.0,0.0,2.0,0.0,0.0,1.0,0.0,0.0,255.0,2.0,0.01,0.77,0.0,0.0,0.0,1.0,1.0,75411.0
22.0,5.0,0.0,0.0,0.0,0.0,10.0,1.0,1.0,0.5,0.4,0.0,255.0,65.0,0.25,0.02,0.0,1.0,1.0,0.0,1.0,75822.0
14.0,9.0,1032.0,0.0,0.0,0.0,511.0,0.0,0.0,1.0,0.0,0.0,255.0,107.0,0.42,0.02,0.0,0.02,0.0,0.0,1.0,100352.0
19.0,5.0,0.0,0.0,0.0,0.0,22.0,1.0,1.0,0.23,0.18,0.0,255.0,64.0,0.25,0.02,0.0,1.0,1.0,0.0,1.0,50666.0
45.0,5.0,0.0,0.0,0.0,0.0,238.0,1.0,1.0,0.03,0.06,0.0,255.0,9.0,0.04,0.07,0.0,1.0,1.0,0.0,1.0,25886.0
10.0,5.0,0.0,0.0,0.0,0.0,118.0,1.0,1.0,0.19,0.06,0.0,255.0,10.0,0.04,0.06,0.0,1.0,1.0,0.0,1.0,18144.0
2.0,5.0,0.0,0.0,0.0,0.0,207.0,1.0,1.0,0.09,0.05,0.0,255.0,12.0,0.05,0.07,0.0,1.0,1.0,0.0,1.0,99168.0
13.0,9.0,8.0,0.0,0.0,0.0,1.0,0.0,0.0,1.0,0.0,1.0,1.0,121.0,1.0,0.0,0.26,0.0,0.0,0.0,1.0,5049.0
45.0,5.0,0.0,0.0,0.0,0.0,242.0,1.0,1.0,0.05,0.06,0.0,255.0,9.0,0.04,0.08,0.0,1.0,1.0,0.0,1.0,15423.0
45.0,5.0,0.0,0.0,0.0,0.0,202.0,1.0,1.0,0.01,0.06,0.0,255.0,19.0,0.07,0.08,0.0,1.0,1.0,0.0,1.0,120596.0
45.0,9.0,28.0,0.0,3.0,0.0,97.0,0.0,0.0,1.0,0.0,0.0,255.0,97.0,0.38,0.01,0.0,0.0,0.0,0.0,1.0,87306.0
45.0,4.0,0.0,0.0,0.0,0.0,325.0,0.0,0.0,0.01,0.52,0.0,255.0,2.0,0.01,0.52,0.0,0.0,0.0,1.0,1.0,52026.0
16.0,5.0,0.0,0.0,0.0,0.0,143.0,1.0,1.0,0.13,0.06,0.0,255.0,18.0,0.07,0.07,0.0,1.0,1.0,0.0,1.0,111941.0
45.0,3.0,0.0,0.0,0.0,0.0,145.0,0.71,0.5,0.01,0.37,0.0,255.0,2.0,0.01,0.21,0.0,0.4,0.5,0.5,1.0,36524.0
14.0,9.0,1032.0,0.0,0.0,0.0,511.0,0.0,0.0,1.0,0.0,0.0,255.0,14.0,0.05,0.17,0.0,0.16,0.0,0.0,1.0,81385.0
43.0,5.0,0.0,0.0,0.0,0.0,229.0,1.0,1.0,0.01,0.07,0.0,255.0,2.0,0.01,0.08,0.0,1.0,1.0,0.0,1.0,110584.0
9.0,2.0,0.0,0.0,0.0,0.0,201.0,0.0,0.0,0.0,0.06,0.0,255.0,1.0,0.0,0.06,0.0,0.0,0.0,1.0,1.0,46428.0
45.0,5.0,0.0,0.0,0.0,0.0,127.0,1.0,1.0,0.13,0.06,0.0,237.0,16.0,0.07,0.07,0.0,1.0,1.0,0.0,1.0,54373.0
26.0,5.0,0.0,0.0,0.0,0.0,278.0,1.0,1.0,0.07,0.06,0.0,255.0,20.0,0.08,0.06,0.0,1.0,1.0,0.0,1.0,15924.0
45.0,1.0,0.0,0.0,0.0,0.0,211.0,0.09,0.0,0.0,1.0,0.0,255.0,1.0,0.0,0.92,0.0,0.07,0.0,1.0,1.0,46594.0
45.0,5.0,0.0,0.0,0.0,0.0,215.0,1.0,1.0,0.09,0.06,0.0,255.0,7.0,0.03,0.07,0.0,1.0,1.0,0.0,1.0,107220.0
45.0,5.0,0.0,0.0,0.0,0.0,2.0,1.0,1.0,1.0,0.0,0.0,255.0,4.0,0.02,0.07,0.0,1.0,1.0,0.0,1.0,34819.0
5.0,5.0,0.0,0.0,0.0,0.0,145.0,1.0,1.0,0.14,0.04,0.0,255.0,21.0,0.08,0.05,0.0,1.0,1.0,0.0,1.0,21305.0
13.0,9.0,8.0,0.0,0.0,0.0,1.0,0.0,0.0,1.0,0.0,1.0,2.0,174.0,1.0,0.0,0.25,0.0,0.0,0.0,1.0,89038.0
13.0,9.0,8.0,0.0,0.0,0.0,1.0,0.0,0.0,1.0,0.0,1.0,1.0,59.0,1.0,0.0,0.51,0.0,0.0,0.0,1.0,14863.0
23.0,5.0,0.0,0.0,0.0,0.0,103.0,1.0,1.0,0.01,0.07,0.0,255.0,12.0,0.05,0.06,0.0,1.0,1.0,0.0,1.0,37730.0
45.0,1.0,0.0,0.0,0.0,0.0,169.0,0.0,0.0,0.09,0.07,0.0,255.0,15.0,0.06,0.07,0.0,0.0,0.0,1.0,1.0,5226.0
45.0,5.0,0.0,0.0,0.0,0.0,144.0,1.0,1.0,0.09,0.06,0.0,73.0,7.0,0.1,0.15,0.0,1.0,1.0,0.0,1.0,87879.0
19.0,9.0,334.0,0.0,0.0,1.0,1.0,0.0,0.0,1.0,0.0,0.0,1.0,19.0,1.0,0.0,0.21,0.0,0.0,0.0,1.0,22497.0
36.0,5.0,0.0,0.0,0.0,0.0,271.0,1.0,1.0,0.01,0.05,0.0,255.0,4.0,0.02,0.05,0.0,1.0,1.0,0.0,1.0,94533.0
54.0,5.0,0.0,0.0,0.0,0.0,275.0,1.0,1.0,0.05,0.07,0.0,255.0,6.0,0.02,0.08,0.0,1.0,1.0,0.0,1.0,5474.0
50.0,5.0,0.0,0.0,0.0,0.0,246.0,1.0,1.0,0.06,0.07,0.0,255.0,15.0,0.06,0.08,0.0,1.0,1.0,0.0,1.0,11385.0
45.0,5.0,0.0,0.0,0.0,0.0,257.0,1.0,1.0,0.06,0.06,0.0,255.0,16.0,0.06,0.08,0.0,1.0,1.0,0.0,1.0,106344.0
22.0,5.0,0.0,0.0,0.0,0.0,291.0,1.0,1.0,0.08,0.05,0.0,255.0,24.0,0.09,0.05,0.0,1.0,1.0,0.0,1.0,70192.0
27.0,5.0,0.0,0.0,0.0,0.0,143.0,1.0,1.0,0.1,0.06,0.0,255.0,8.0,0.03,0.07,0.0,1.0,1.0,0.0,1.0,97968.0
45.0,9.0,1.0,0.0,0.0,0.0,18.0,0.0,0.0,0.22,0.44,0.0,255.0,4.0,0.02,0.8,0.0,0.1,0.0,0.0,1.0,103412.0
35.0,1.0,0.0,0.0,0.0,0.0,236.0,0.0,0.0,0.04,0.06,0.0,255.0,10.0,0.04,0.07,0.0,0.0,0.0,1.0,1.0,82930.0
45.0,5.0,0.0,0.0,0.0,0.0,130.0,1.0,1.0,0.08,0.07,0.0,255.0,11.0,0.04,0.06,0.0,1.0,1.0,0.0,1.0,8033.0
5.0,5.0,0.0,0.0,0.0,0.0,135.0,1.0,1.0,0.01,0.06,0.0,255.0,3.0,0.01,0.07,0.0,1.0,1.0,0.0,1.0,91796.0
17.0,5.0,0.0,0.0,0.0,0.0,290.0,1.0,1.0,0.03,0.05,0.0,255.0,10.0,0.04,0.05,0.0,1.0,1.0,0.0,1.0,58479.0
12.0,5.0,0.0,0.0,0.0,0.0,275.0,1.0,1.0,0.03,0.06,0.0,255.0,8.0,0.03,0.07,0.0,1.0,1.0,0.0,1.0,53585.0
55.0,6.0,0.0,0.0,0.0,0.0,2.0,0.5,1.0,0.5,1.0,0.0,255.0,1.0,0.0,0.85,0.0,0.0,1.0,0.0,1.0,7353.0
27.0,5.0,0.0,0.0,0.0,0.0,140.0,1.0,1.0,0.14,0.06,0.0,255.0,19.0,0.07,0.06,0.0,1.0,1.0,0.0,1.0,86800.0
45.0,5.0,0.0,0.0,0.0,0.0,172.0,1.0,1.0,0.01,0.07,0.0,255.0,12.0,0.05,0.07,0.0,1.0,1.0,0.0,1.0,5754.0
45.0,5.0,0.0,0.0,0.0,0.0,141.0,1.0,1.0,0.04,0.06,0.0,255.0,10.0,0.04,0.06,0.0,1.0,1.0,0.0,1.0,102571.0
19.0,5.0,0.0,0.0,0.0,0.0,31.0,1.0,1.0,0.19,0.13,0.0,255.0,66.0,0.26,0.02,0.0,1.0,1.0,0.0,1.0,76500.0
51.0,4.0,0.0,0.0,0.0,0.0,1.0,0.0,0.0,1.0,0.0,0.0,255.0,1.0,0.0,0.42,0.0,0.0,0.0,1.0,1.0,29543.0
2.0,5.0,0.0,0.0,0.0,0.0,18.0,1.0,1.0,0.22,0.28,0.0,255.0,10.0,0.04,0.08,0.0,1.0,1.0,0.0,1.0,75170.0
45.0,5.0,0.0,0.0,0.0,0.0,147.0,1.0,1.0,0.07,0.05,0.0,255.0,11.0,0.04,0.08,0.0,1.0,1.0,0.0,1.0,121422.0
33.0,5.0,0.0,0.0,0.0,0.0,290.0,1.0,1.0,0.06,0.06,0.0,255.0,5.0,0.02,0.07,0.0,1.0,1.0,0.0,1.0,54053.0
45.0,5.0,0.0,0.0,0.0,0.0,194.0,1.0,1.0,0.1,0.06,0.0,255.0,2.0,0.01,0.07,0.0,1.0,1.0,0.0,1.0,100591.0
45.0,5.0,0.0,0.0,0.0,0.0,275.0,1.0,1.0,0.05,0.05,0.0,255.0,16.0,0.06,0.09,0.0,1.0,1.0,0.0,1.0,40985.0
13.0,9.0,8.0,0.0,0.0,0.0,1.0,0.0,0.0,1.0,0.0,1.0,1.0,195.0,1.0,0.0,0.5,0.0,0.0,0.0,1.0,47257.0
13.0,9.0,8.0,0.0,0.0,0.0,1.0,0.0,0.0,1.0,0.0,1.0,2.0,20.0,1.0,0.0,0.5,0.0,0.0,0.0,1.0,18045.0
45.0,1.0,0.0,0.0,0.0,0.0,106.0,0.0,0.0,0.06,0.06,0.0,255.0,26.0,0.1,0.05,0.0,0.0,0.0,1.0,1.0,102642.0
17.0,5.0,0.0,0.0,0.0,0.0,18.0,1.0,1.0,0.28,0.22,0.0,255.0,63.0,0.25,0.02,0.0,1.0,1.0,0.0,1.0,29291.0
17.0,9.0,6.0,0.0,0.0,0.0,1.0,0.0,0.0,1.0,0.0,0.0,7.0,9.0,0.14,0.29,0.33,0.0,0.0,0.0,1.0,40324.0
45.0,9.0,1.0,0.0,0.0,0.0,19.0,0.0,0.0,0.74,0.21,0.0,255.0,14.0,0.05,0.22,0.0,0.0,0.0,0.0,1.0,88871.0
45.0,5.0,0.0,0.0,0.0,0.0,116.0,1.0,1.0,0.09,0.07,0.0,18.0,11.0,0.61,0.17,0.0,1.0,1.0,0.0,1.0,69534.0
14.0,9.0,1032.0,0.0,0.0,0.0,134.0,0.0,0.0,1.0,0.0,0.0,255.0,134.0,0.53,0.01,0.0,0.0,0.0,0.0,1.0,1019.0
19.0,5.0,0.0,0.0,0.0,0.0,27.0,1.0,1.0,0.22,0.15,0.0,255.0,59.0,0.23,0.03,0.0,1.0,1.0,0.0,1.0,112446.0
22.0,5.0,0.0,0.0,0.0,0.0,206.0,1.0,1.0,0.07,0.06,0.0,255.0,15.0,0.06,0.07,0.0,1.0,1.0,0.0,1.0,27917.0
45.0,5.0,0.0,0.0,0.0,0.0,208.0,1.0,1.0,0.04,0.06,0.0,255.0,8.0,0.03,0.06,0.0,1.0,1.0,0.0,1.0,17224.0
45.0,5.0,0.0,0.0,0.0,0.0,102.0,1.0,1.0,0.02,0.07,0.0,3.0,2.0,0.67,0.67,0.0,1.0,1.0,0.0,1.0,30990.0
45.0,5.0,0.0,0.0,0.0,0.0,76.0,1.0,1.0,0.01,0.07,0.0,255.0,10.0,0.04,0.05,0.0,1.0,1.0,0.0,1.0,34547.0
45.0,2.0,0.0,0.0,0.0,0.0,266.0,0.0,0.0,0.02,0.06,0.0,255.0,4.0,0.02,0.07,0.0,0.0,0.0,1.0,1.0,57634.0
31.0,5.0,0.0,0.0,0.0,0.0,3.0,1.0,1.0,1.0,0.0,0.0,255.0,3.0,0.01,0.07,0.0,1.0,1.0,0.0,1.0,114343.0
3.0,5.0,0.0,0.0,0.0,0.0,228.0,1.0,1.0,0.01,0.07,0.0,255.0,3.0,0.01,0.07,0.0,1.0,1.0,0.0,1.0,58795.0
45.0,5.0,0.0,0.0,0.0,0.0,26.0,1.0,1.0,0.04,0.12,0.0,255.0,13.0,0.05,0.07,0.0,1.0,1.0,0.0,1.0,91961.0
45.0,5.0,0.0,0.0,0.0,0.0,150.0,1.0,1.0,0.11,0.05,0.0,255.0,10.0,0.04,0.07,0.0,1.0,1.0,0.0,1.0,53557.0
10.0,5.0,0.0,0.0,0.0,0.0,197.0,1.0,1.0,0.08,0.07,0.0,255.0,16.0,0.06,0.07,0.0,1.0,1.0,0.0,1.0,33872.0
30.0,5.0,0.0,0.0,0.0,0.0,248.0,1.0,1.0,0.01,0.06,0.0,255.0,2.0,0.01,0.07,0.0,1.0,1.0,0.0,1.0,85802.0
55.0,5.0,0.0,0.0,0.0,0.0,233.0,1.0,1.0,0.01,0.06,0.0,255.0,2.0,0.01,0.06,0.0,1.0,1.0,0.0,1.0,45825.0
45.0,5.0,0.0,0.0,0.0,0.0,149.0,1.0,1.0,0.13,0.06,0.0,255.0,13.0,0.05,0.06,0.0,1.0,1.0,0.0,1.0,96615.0
8.0,2.0,0.0,0.0,0.0,0.0,202.0,0.0,0.0,0.01,0.07,0.0,255.0,2.0,0.01,0.08,0.0,0.0,0.0,1.0,1.0,89903.0
45.0,4.0,0.0,0.0,0.0,0.0,1.0,0.0,0.0,1.0,0.0,0.0,187.0,1.0,0.01,0.13,0.0,0.0,0.0,1.0,1.0,115862.0
3.0,1.0,0.0,0.0,0.0,0.0,217.0,0.0,0.0,0.04,0.06,0.0,255.0,9.0,0.04,0.08,0.0,0.0,0.0,1.0,1.0,113572.0
45.0,5.0,0.0,0.0,0.0,0.0,213.0,1.0,1.0,0.02,0.06,0.0,255.0,17.0,0.07,0.08,0.0,1.0,1.0,0.0,1.0,98292.0
57.0,5.0,0.0,0.0,0.0,0.0,283.0,1.0,1.0,0.01,0.06,0.0,255.0,16.0,0.06,0.07,0.0,1.0,1.0,0.0,1.0,7603.0
45.0,5.0,0.0,0.0,0.0,0.0,202.0,1.0,1.0,0.01,0.06,0.0,255.0,5.0,0.02,0.06,0.0,1.0,1.0,0.0,1.0,105597.0
50.0,5.0,0.0,0.0,0.0,0.0,163.0,1.0,1.0,0.02,0.08,0.0,255.0,3.0,0.01,0.08,0.0,1.0,1.0,0.0,1.0,55247.0
8.0,5.0,0.0,0.0,0.0,0.0,201.0,1.0,1.0,0.07,0.06,0.0,255.0,18.0,0.07,0.05,0.0,1.0,1.0,0.0,1.0,63729.0
41.0,4.0,1.0,0.0,0.0,0.0,2.0,0.0,0.0,1.0,0.0,0.0,255.0,2.0,0.01,0.73,0.0,0.0,0.0,1.0,1.0,19377.0
45.0,5.0,0.0,0.0,0.0,0.0,277.0,1.0,1.0,0.06,0.06,0.0,255.0,14.0,0.05,0.07,0.0,1.0,1.0,0.0,1.0,9922.0
17.0,5.0,0.0,0.0,0.0,0.0,49.0,1.0,1.0,0.27,0.08,0.0,255.0,44.0,0.17,0.04,0.0,1.0,1.0,0.0,1.0,17836.0
45.0,5.0,0.0,0.0,0.0,0.0,178.0,1.0,1.0,0.02,0.07,0.0,255.0,12.0,0.05,0.07,0.0,1.0,1.0,0.0,1.0,12182.0
37.0,1.0,0.0,0.0,0.0,0.0,105.0,0.0,0.0,0.03,0.08,0.0,255.0,3.0,0.01,0.07,0.0,0.0,0.0,1.0,1.0,110581.0
17.0,5.0,0.0,0.0,0.0,0.0,57.0,0.98,1.0,0.26,0.09,0.0,255.0,35.0,0.14,0.05,0.0,1.0,1.0,0.0,1.0,62340.0
45.0,5.0,0.0,0.0,0.0,0.0,150.0,1.0,1.0,0.03,0.06,0.0,255.0,2.0,0.01,0.07,0.0,1.0,1.0,0.0,1.0,46501.0
45.0,5.0,0.0,0.0,0.0,0.0,278.0,1.0,1.0,0.01,0.06,0.0,255.0,3.0,0.01,0.08,0.0,1.0,1.0,0.0,1.0,12835.0
41.0,9.0,1.0,0.0,0.0,0.0,16.0,0.0,0.0,0.25,0.25,0.0,255.0,4.0,0.02,0.26,0.0,0.0,0.0,0.0,1.0,81754.0
52.0,5.0,0.0,0.0,0.0,0.0,231.0,1.0,1.0,0.03,0.07,0.0,255.0,8.0,0.03,0.07,0.0,1.0,1.0,0.0,1.0,33946.0
45.0,1.0,0.0,0.0,0.0,0.0,322.0,0.0,0.0,0.0,0.52,0.0,255.0,1.0,0.0,0.52,0.0,0.0,0.0,1.0,1.0,90439.0
45.0,5.0,0.0,0.0,0.0,0.0,115.0,1.0,1.0,0.02,0.06,0.0,255.0,2.0,0.01,0.05,0.0,1.0,1.0,0.0,1.0,121960.0
45.0,5.0,0.0,0.0,0.0,0.0,175.0,1.0,1.0,0.06,0.07,0.0,255.0,10.0,0.04,0.06,0.0,1.0,1.0,0.0,1.0,90936.0
19.0,9.0,334.0,0.0,0.0,1.0,2.0,0.0,0.0,1.0,0.0,0.0,2.0,42.0,1.0,0.0,0.07,0.0,0.0,0.0,1.0,19105.0
31.0,5.0,0.0,0.0,0.0,0.0,148.0,1.0,1.0,0.13,0.05,0.0,255.0,2.0,0.01,0.07,0.0,1.0,1.0,0.0,1.0,41538.0
29.0,1.0,0.0,0.0,0.0,0.0,135.0,0.0,0.0,0.04,0.06,0.0,255.0,1.0,0.0,0.07,0.0,0.0,0.0,1.0,1.0,131.0
45.0,5.0,0.0,0.0,0.0,0.0,101.0,1.0,1.0,0.04,0.06,0.0,255.0,1.0,0.0,0.07,0.0,1.0,1.0,0.0,1.0,90185.0
39.0,5.0,0.0,0.0,0.0,0.0,115.0,1.0,1.0,0.04,0.09,0.0,255.0,16.0,0.06,0.07,0.0,1.0,1.0,0.0,1.0,59193.0
13.0,9.0,8.0,0.0,0.0,0.0,1.0,0.0,0.0,1.0,0.0,1.0,3.0,39.0,1.0,0.0,0.26,0.0,0.0,0.0,1.0,24968.0
22.0,5.0,0.0,0.0,0.0,0.0,214.0,1.0,1.0,0.07,0.06,0.0,255.0,20.0,0.08,0.08,0.0,1.0,1.0,0.0,1.0,102162.0
55.0,5.0,0.0,0.0,0.0,0.0,45.0,1.0,1.0,0.24,0.09,0.0,255.0,65.0,0.25,0.02,0.0,1.0,1.0,0.0,1.0,77905.0
45.0,5.0,0.0,0.0,0.0,0.0,151.0,1.0,1.0,0.07,0.06,0.0,255.0,6.0,0.02,0.08,0.0,1.0,1.0,0.0,1.0,89672.0
45.0,10.0,0.0,0.0,0.0,0.0,1.0,1.0,1.0,1.0,0.0,0.0,156.0,1.0,0.01,0.94,0.0,0.95,1.0,0.0,1.0,22570.0
14.0,9.0,1032.0,0.0,0.0,0.0,237.0,0.0,0.0,1.0,0.0,0.0,255.0,237.0,0.93,0.01,0.0,0.0,0.0,0.0,1.0,96531.0
41.0,4.0,1.0,0.0,0.0,0.0,2.0,0.0,0.0,1.0,0.0,0.0,255.0,2.0,0.01,0.73,0.0,0.0,0.0,1.0,1.0,25734.0
45.0,5.0,0.0,0.0,0.0,0.0,133.0,1.0,1.0,0.11,0.06,0.0,255.0,16.0,0.06,0.07,0.0,1.0,1.0,0.0,1.0,61103.0
45.0,3.0,0.0,0.0,0.0,0.0,32.0,0.78,0.67,0.09,0.41,0.0,255.0,3.0,0.01,0.05,0.0,0.1,0.67,0.33,1.0,47253.0
45.0,5.0,0.0,0.0,0.0,0.0,102.0,1.0,1.0,0.1,0.06,0.0,255.0,6.0,0.02,0.07,0.0,1.0,1.0,0.0,1.0,3814.0
41.0,9.0,1.0,0.0,0.0,0.0,37.0,0.0,0.0,0.11,0.11,0.0,255.0,4.0,0.02,0.07,0.0,0.0,0.0,0.0,1.0,4388.0
41.0,1.0,0.0,0.0,0.0,0.0,511.0,0.05,0.0,0.0,1.0,0.0,255.0,1.0,0.0,1.0,0.0,0.05,0.0,1.0,1.0,12206.0
17.0,5.0,0.0,0.0,0.0,0.0,2.0,1.0,1.0,0.5,1.0,0.0,162.0,45.0,0.25,0.02,0.04,1.0,0.91,0.0,1.0,7012.0
14.0,9.0,1032.0,0.0,0.0,0.0,297.0,0.0,0.0,1.0,0.0,0.0,255.0,255.0,1.0,0.0,0.0,0.0,0.0,0.0,1.0,53691.0
45.0,5.0,0.0,0.0,0.0,0.0,192.0,1.0,1.0,0.03,0.06,0.0,255.0,12.0,0.05,0.07,0.0,1.0,1.0,0.0,1.0,40471.0
52.0,5.0,0.0,0.0,0.0,0.0,179.0,1.0,1.0,0.1,0.06,0.0,255.0,15.0,0.06,0.06,0.0,1.0,1.0,0.0,1.0,31678.0
45.0,9.0,1.0,0.0,0.0,0.0,28.0,0.0,0.0,0.57,0.11,0.0,255.0,16.0,0.06,0.19,0.0,0.0,0.0,0.0,1.0,62574.0
17.0,5.0,0.0,0.0,0.0,0.0,22.0,1.0,1.0,0.23,0.18,0.0,255.0,48.0,0.19,0.03,0.0,1.0,1.0,0.0,1.0,17427.0
17.0,9.0,0.0,0.0,0.0,0.0,1.0,0.0,0.0,1.0,0.0,0.0,60.0,7.0,0.02,1.0,0.29,0.0,0.0,0.0,1.0,86586.0
14.0,9.0,1032.0,0.0,0.0,0.0,509.0,0.0,0.0,1.0,0.0,0.0,255.0,240.0,0.94,0.04,0.0,0.0,0.0,0.0,1.0,118389.0
53.0,5.0,0.0,0.0,0.0,0.0,229.0,1.0,1.0,0.06,0.06,0.0,255.0,2.0,0.01,0.06,0.0,1.0,1.0,0.0,1.0,5744.0
52.0,2.0,0.0,0.0,0.0,0.0,1.0,0.0,0.0,1.0,0.0,0.0,255.0,1.0,0.0,1.0,0.0,0.0,0.0,1.0,1.0,106580.0
14.0,9.0,1032.0,0.0,0.0,0.0,510.0,0.0,0.0,1.0,0.0,0.0,255.0,126.0,0.49,0.05,0.0,0.0,0.0,0.0,1.0,36068.0
45.0,9.0,28.0,0.0,3.0,0.0,73.0,0.0,0.0,1.0,0.0,0.0,255.0,40.0,0.16,0.01,0.0,0.0,0.0,0.0,1.0,70265.0
42.0,5.0,0.0,0.0,0.0,0.0,203.0,1.0,1.0,0.01,0.07,0.0,255.0,2.0,0.01,0.07,0.0,1.0,1.0,0.0,1.0,100522.0
45.0,4.0,0.0,0.0,0.0,0.0,1.0,0.0,0.0,1.0,0.0,0.0,178.0,1.0,0.01,0.08,0.0,0.0,0.0,1.0,1.0,29135.0
38.0,5.0,0.0,0.0,0.0,0.0,156.0,1.0,1.0,0.15,0.05,0.0,255.0,24.0,0.09,0.05,0.0,1.0,1.0,0.0,1.0,79910.0
14.0,9.0,1032.0,0.0,0.0,0.0,511.0,0.0,0.0,1.0,0.0,0.0,255.0,135.0,0.53,0.17,0.0,0.0,0.0,0.0,1.0,76598.0
27.0,5.0,0.0,0.0,0.0,0.0,138.0,1.0,1.0,0.02,0.06,0.0,255.0,2.0,0.01,0.06,0.0,1.0,1.0,0.0,1.0,30529.0
7.0,5.0,0.0,0.0,0.0,0.0,198.0,1.0,1.0,0.02,0.07,0.0,255.0,4.0,0.02,0.06,0.0,1.0,1.0,0.0,1.0,115799.0
13.0,9.0,8.0,0.0,0.0,0.0,1.0,0.0,0.0,1.0,0.0,1.0,1.0,71.0,1.0,0.0,0.51,0.0,0.0,0.0,1.0,31941.0
19.0,5.0,0.0,0.0,0.0,0.0,256.0,1.0,1.0,0.02,0.06,0.0,255.0,14.0,0.05,0.07,0.0,1.0,1.0,0.0,1.0,118911.0
45.0,5.0,0.0,0.0,0.0,0.0,276.0,1.0,1.0,0.06,0.04,0.0,136.0,16.0,0.12,0.07,0.0,0.99,1.0,0.0,1.0,65037.0
17.0,5.0,0.0,0.0,0.0,0.0,20.0,1.0,1.0,0.5,0.1,0.0,255.0,59.0,0.23,0.04,0.0,1.0,1.0,0.0,1.0,79338.0
62.0,5.0,0.0,0.0,0.0,0.0,226.0,1.0,1.0,0.02,0.07,0.0,255.0,5.0,0.02,0.09,0.0,1.0,1.0,0.0,1.0,39291.0
27.0,5.0,0.0,0.0,0.0,0.0,145.0,1.0,1.0,0.14,0.05,0.0,255.0,21.0,0.08,0.05,0.0,1.0,1.0,0.0,1.0,864.0
45.0,5.0,0.0,0.0,0.0,0.0,143.0,1.0,1.0,0.1,0.06,0.0,90.0,15.0,0.17,0.09,0.0,1.0,1.0,0.0,1.0,48332.0
14.0,9.0,1032.0,0.0,0.0,0.0,511.0,0.0,0.0,1.0,0.0,0.0,255.0,185.0,0.73,0.02,0.0,0.0,0.0,0.0,1.0,85068.0
13.0,9.0,8.0,0.0,0.0,0.0,1.0,0.0,0.0,1.0,0.0,1.0,1.0,83.0,1.0,0.0,0.51,0.0,0.0,0.0,1.0,51600.0
45.0,1.0,0.0,0.0,0.0,0.0,283.0,0.07,0.0,0.0,1.0,0.0,255.0,1.0,0.0,1.0,0.0,0.08,0.0,1.0,1.0,19709.0
51.0,1.0,0.0,0.0,0.0,0.0,234.0,0.0,0.0,0.03,0.06,0.0,255.0,8.0,0.03,0.07,0.0,0.0,0.0,1.0,1.0,123720.0
45.0,1.0,0.0,0.0,0.0,0.0,3.0,0.0,0.0,0.33,0.67,0.0,173.0,1.0,0.01,0.03,0.0,0.01,0.0,1.0,1.0,100776.0
35.0,5.0,0.0,0.0,0.0,0.0,85.0,1.0,1.0,0.06,0.06,0.0,255.0,10.0,0.04,0.07,0.0,1.0,1.0,0.0,1.0,54707.0
45.0,5.0,0.0,0.0,0.0,0.0,118.0,1.0,1.0,0.17,0.05,0.0,255.0,19.0,0.07,0.06,0.0,1.0,1.0,0.0,1.0,88535.0
2.0,5.0,0.0,0.0,0.0,0.0,103.0,1.0,1.0,0.03,0.07,0.0,255.0,3.0,0.01,0.07,0.0,1.0,1.0,0.0,1.0,24573.0
13.0,9.0,8.0,0.0,0.0,0.0,1.0,0.0,0.0,1.0,0.0,1.0,1.0,80.0,1.0,0.0,0.26,0.0,0.0,0.0,1.0,6900.0
45.0,5.0,0.0,0.0,0.0,0.0,294.0,1.0,1.0,0.06,0.05,0.0,255.0,8.0,0.03,0.08,0.0,1.0,1.0,0.0,1.0,112135.0
63.0,5.0,0.0,0.0,0.0,0.0,269.0,1.0,1.0,0.0,0.06,0.0,255.0,3.0,0.01,0.06,0.0,1.0,1.0,0.0,1.0,12077.0
45.0,5.0,0.0,0.0,0.0,0.0,34.0,1.0,1.0,0.32,0.18,0.0,255.0,11.0,0.04,0.08,0.0,1.0,1.0,0.0,1.0,97224.0
31.0,5.0,0.0,0.0,0.0,0.0,111.0,1.0,1.0,0.01,0.06,0.0,255.0,20.0,0.08,0.07,0.0,1.0,1.0,0.0,1.0,125883.0
54.0,5.0,0.0,0.0,0.0,0.0,277.0,1.0,1.0,0.09,0.05,0.0,255.0,24.0,0.09,0.05,0.0,1.0,1.0,0.0,1.0,58759.0
6.0,5.0,0.0,0.0,0.0,0.0,25.0,1.0,1.0,0.2,0.2,0.0,255.0,6.0,0.02,0.08,0.0,1.0,1.0,0.0,1.0,78419.0
50.0,5.0,0.0,0.0,0.0,0.0,183.0,1.0,1.0,0.07,0.07,0.0,255.0,13.0,0.05,0.08,0.0,1.0,1.0,0.0,1.0,19405.0
2.0,5.0,0.0,0.0,0.0,0.0,230.0,1.0,1.0,0.01,0.06,0.0,255.0,2.0,0.01,0.07,0.0,1.0,1.0,0.0,1.0,83161.0
41.0,5.0,0.0,0.0,0.0,0.0,510.0,0.1,1.0,0.0,1.0,0.0,255.0,1.0,0.0,1.0,0.0,0.14,1.0,0.0,1.0,121010.0
19.0,1.0,0.0,0.0,0.0,0.0,261.0,0.0,0.0,0.01,0.07,0.0,255.0,2.0,0.01,0.09,0.0,0.0,0.0,1.0,1.0,64691.0
45.0,5.0,0.0,0.0,0.0,0.0,148.0,1.0,1.0,0.14,0.05,0.0,255.0,3.0,0.01,0.07,0.0,1.0,1.0,0.0,1.0,17832.0
13.0,9.0,8.0,0.0,0.0,0.0,1.0,0.0,0.0,1.0,0.0,1.0,2.0,198.0,1.0,0.0,0.5,0.0,0.0,0.0,1.0,115013.0
4.0,1.0,0.0,0.0,0.0,0.0,104.0,0.0,0.0,0.13,0.07,0.0,255.0,11.0,0.04,0.08,0.0,0.0,0.0,1.0,1.0,26751.0
22.0,5.0,0.0,0.0,0.0,0.0,127.0,1.0,1.0,0.15,0.06,0.0,255.0,19.0,0.07,0.05,0.0,1.0,1.0,0.0,1.0,41351.0
45.0,5.0,0.0,0.0,0.0,0.0,283.0,1.0,1.0,0.02,0.06,0.0,255.0,5.0,0.02,0.08,0.0,1.0,1.0,0.0,1.0,107309.0
8.0,5.0,0.0,0.0,0.0,0.0,277.0,1.0,1.0,0.03,0.06,0.0,255.0,9.0,0.04,0.07,0.0,1.0,1.0,0.0,1.0,31203.0
45.0,1.0,0.0,0.0,0.0,0.0,179.0,0.0,0.0,0.11,0.06,0.0,255.0,20.0,0.08,0.07,0.0,0.0,0.0,1.0,1.0,41415.0
13.0,9.0,8.0,0.0,0.0,0.0,1.0,0.0,0.0,1.0,0.0,1.0,2.0,118.0,1.0,0.0,0.5,0.0,0.0,0.0,1.0,58108.0
61.0,5.0,0.0,0.0,0.0,0.0,257.0,1.0,1.0,0.04,0.06,0.0,255.0,11.0,0.04,0.07,0.0,1.0,1.0,0.0,1.0,35908.0
14.0,9.0,1032.0,0.0,0.0,0.0,511.0,0.0,0.0,1.0,0.0,0.0,255.0,97.0,0.38,0.02,0.0,0.02,0.0,0.0,1.0,74177.0
13.0,9.0,8.0,0.0,0.0,0.0,1.0,0.0,0.0,1.0,0.0,1.0,1.0,169.0,1.0,0.0,0.25,0.0,0.0,0.0,1.0,58428.0
45.0,5.0,0.0,0.0,0.0,0.0,277.0,1.0,1.0,0.05,0.05,0.0,255.0,14.0,0.05,0.08,0.0,1.0,1.0,0.0,1.0,10716.0
14.0,9.0,520.0,0.0,0.0,0.0,414.0,0.0,0.0,1.0,0.0,0.0,255.0,255.0,1.0,0.0,0.0,0.0,0.0,0.0,1.0,40555.0
35.0,5.0,0.0,0.0,0.0,0.0,227.0,1.0,1.0,0.08,0.06,0.0,255.0,19.0,0.07,0.07,0.0,1.0,1.0,0.0,1.0,43492.0
3.0,5.0,0.0,0.0,0.0,0.0,207.0,1.0,1.0,0.02,0.06,0.0,255.0,4.0,0.02,0.05,0.0,1.0,1.0,0.0,1.0,41365.0
3.0,5.0,0.0,0.0,0.0,0.0,257.0,1.0,1.0,0.07,0.06,0.0,255.0,19.0,0.07,0.07,0.0,1.0,1.0,0.0,1.0,46048.0
29.0,5.0,0.0,0.0,0.0,0.0,85.0,1.0,1.0,0.07,0.07,0.0,255.0,6.0,0.02,0.06,0.0,1.0,1.0,0.0,1.0,101180.0
23.0,5.0,0.0,0.0,0.0,0.0,110.0,1.0,1.0,0.09,0.06,0.0,255.0,10.0,0.04,0.08,0.0,1.0,1.0,0.0,1.0,62266.0
45.0,9.0,28.0,0.0,3.0,0.0,74.0,0.0,0.0,1.0,0.0,0.0,255.0,74.0,0.29,0.64,0.0,0.01,0.0,0.0,1.0,23377.0
22.0,5.0,0.0,0.0,0.0,0.0,141.0,1.0,1.0,0.09,0.06,0.0,255.0,6.0,0.02,0.06,0.0,1.0,1.0,0.0,1.0,116176.0
45.0,5.0,0.0,0.0,0.0,0.0,112.0,1.0,1.0,0.1,0.06,0.0,255.0,16.0,0.06,0.07,0.0,1.0,1.0,0.0,1.0,71290.0
63.0,5.0,0.0,0.0,0.0,0.0,206.0,1.0,1.0,0.1,0.05,0.0,255.0,20.0,0.08,0.05,0.0,1.0,1.0,0.0,1.0,26884.0
23.0,5.0,0.0,0.0,0.0,0.0,142.0,1.0,1.0,0.09,0.06,0.0,255.0,1.0,0.0,0.08,0.0,1.0,1.0,0.0,1.0,46839.0
10.0,5.0,0.0,0.0,0.0,0.0,256.0,1.0,1.0,0.03,0.07,0.0,255.0,7.0,0.03,0.08,0.0,1.0,1.0,0.0,1.0,30971.0
45.0,5.0,0.0,0.0,0.0,0.0,102.0,1.0,1.0,0.14,0.06,0.0,255.0,20.0,0.08,0.06,0.0,1.0,1.0,0.0,1.0,73775.0
45.0,10.0,0.0,0.0,0.0,0.0,1.0,1.0,1.0,1.0,0.0,0.0,213.0,1.0,0.0,0.95,0.0,0.96,1.0,0.0,1.0,91420.0
4.0,1.0,0.0,0.0,0.0,0.0,225.0,0.0,0.0,0.06,0.07,0.0,255.0,13.0,0.05,0.07,0.0,0.0,0.0,1.0,1.0,50767.0
2.0,5.0,0.0,0.0,0.0,0.0,225.0,1.0,1.0,0.06,0.05,0.0,255.0,13.0,0.05,0.06,0.0,1.0,1.0,0.0,1.0,32946.0
57.0,5.0,0.0,0.0,0.0,0.0,285.0,1.0,1.0,0.01,0.06,0.0,255.0,3.0,0.01,0.06,0.0,1.0,1.0,0.0,1.0,6041.0
62.0,5.0,0.0,0.0,0.0,0.0,202.0,1.0,1.0,0.07,0.05,0.0,255.0,15.0,0.06,0.05,0.0,1.0,1.0,0.0,1.0,6726.0
26.0,1.0,0.0,0.0,0.0,0.0,221.0,0.0,0.0,0.0,0.08,0.0,255.0,1.0,0.0,0.09,0.0,0.0,0.0,1.0,1.0,55674.0
15.0,5.0,0.0,0.0,0.0,0.0,1.0,1.0,1.0,1.0,0.0,0.0,255.0,1.0,0.0,0.07,0.0,1.0,1.0,0.0,1.0,41991.0
13.0,9.0,18.0,0.0,0.0,0.0,1.0,0.0,0.0,1.0,0.0,0.0,1.0,45.0,1.0,0.0,1.0,0.0,0.0,0.0,1.0,100892.0
45.0,9.0,28.0,0.0,3.0,0.0,40.0,0.0,0.0,0.98,0.05,0.0,255.0,39.0,0.15,0.02,0.0,0.0,0.0,0.0,1.0,84565.0
14.0,9.0,1032.0,0.0,0.0,0.0,511.0,0.0,0.0,1.0,0.0,0.0,255.0,37.0,0.15,0.18,0.0,0.0,0.0,0.0,1.0,61749.0
45.0,1.0,0.0,0.0,0.0,0.0,143.0,0.0,0.0,0.1,0.06,0.0,168.0,15.0,0.09,0.07,0.0,0.0,0.0,1.0,1.0,120421.0
52.0,9.0,6.0,0.0,0.0,0.0,511.0,0.07,0.0,0.0,1.0,0.0,255.0,1.0,0.0,1.0,0.0,0.07,0.0,0.0,1.0,105142.0
4.0,5.0,0.0,0.0,0.0,0.0,272.0,1.0,1.0,0.03,0.05,0.0,255.0,7.0,0.03,0.05,0.0,1.0,1.0,0.0,1.0,51014.0
54.0,5.0,0.0,0.0,0.0,0.0,137.0,1.0,1.0,0.1,0.07,0.0,255.0,14.0,0.05,0.08,0.0,1.0,1.0,0.0,1.0,31318.0
63.0,5.0,0.0,0.0,0.0,0.0,222.0,1.0,1.0,0.09,0.06,0.0,255.0,19.0,0.07,0.08,0.0,1.0,1.0,0.0,1.0,98327.0
2.0,5.0,0.0,0.0,0.0,0.0,203.0,1.0,1.0,0.01,0.06,0.0,255.0,2.0,0.01,0.06,0.0,1.0,1.0,0.0,1.0,40197.0
57.0,5.0,0.0,0.0,0.0,0.0,217.0,1.0,1.0,0.03,0.07,0.0,255.0,6.0,0.02,0.07,0.0,1.0,1.0,0.0,1.0,63519.0
13.0,9.0,8.0,0.0,0.0,0.0,1.0,0.0,0.0,1.0,0.0,1.0,2.0,90.0,1.0,0.0,0.26,0.0,0.0,0.0,1.0,76473.0
19.0,9.0,334.0,0.0,0.0,1.0,2.0,0.0,0.0,1.0,0.0,0.0,6.0,24.0,1.0,0.0,0.21,0.0,0.0,0.0,1.0,121966.0
45.0,5.0,0.0,0.0,0.0,0.0,122.0,1.0,1.0,0.04,0.06,0.0,255.0,6.0,0.02,0.08,0.0,1.0,1.0,0.0,1.0,75760.0
18.0,5.0,0.0,0.0,0.0,0.0,240.0,1.0,1.0,0.02,0.07,0.0,255.0,5.0,0.02,0.07,0.0,1.0,1.0,0.0,1.0,96930.0
45.0,5.0,0.0,0.0,0.0,0.0,276.0,1.0,1.0,0.05,0.06,0.0,255.0,6.0,0.02,0.07,0.0,1.0,1.0,0.0,1.0,104995.0
8.0,5.0,0.0,0.0,0.0,0.0,238.0,1.0,1.0,0.07,0.08,0.0,255.0,17.0,0.07,0.08,0.0,1.0,1.0,0.0,1.0,77575.0
13.0,9.0,8.0,0.0,0.0,0.0,1.0,0.0,0.0,1.0,0.0,1.0,2.0,5.0,1.0,0.0,0.6,0.0,0.0,0.0,1.0,120339.0
13.0,9.0,8.0,0.0,0.0,0.0,1.0,0.0,0.0,1.0,0.0,1.0,2.0,186.0,1.0,0.0,0.25,0.0,0.0,0.0,1.0,49461.0
45.0,9.0,1.0,0.0,0.0,0.0,17.0,0.0,0.0,0.71,0.24,0.0,255.0,12.0,0.05,0.22,0.0,0.0,0.0,0.0,1.0,13056.0
14.0,9.0,520.0,0.0,0.0,0.0,205.0,0.0,0.0,1.0,0.0,0.0,255.0,255.0,1.0,0.0,0.0,0.0,0.0,0.0,1.0,58096.0
8.0,5.0,0.0,0.0,0.0,0.0,294.0,1.0,1.0,0.03,0.05,0.0,255.0,10.0,0.04,0.05,0.0,1.0,1.0,0.0,1.0,1745.0
45.0,1.0,0.0,0.0,0.0,0.0,117.0,0.01,0.0,0.01,1.0,0.0,242.0,1.0,0.0,0.51,0.0,0.0,0.0,1.0,1.0,57672.0
48.0,5.0,0.0,0.0,0.0,0.0,142.0,1.0,1.0,0.08,0.06,0.0,255.0,1.0,0.0,0.08,0.0,1.0,1.0,0.0,1.0,16318.0
45.0,9.0,28.0,0.0,3.0,0.0,71.0,0.0,0.0,1.0,0.0,0.0,255.0,71.0,0.28,0.04,0.0,0.02,0.0,0.0,1.0,69830.0
3.0,5.0,0.0,0.0,0.0,0.0,145.0,1.0,1.0,0.1,0.06,0.0,255.0,10.0,0.04,0.08,0.0,1.0,1.0,0.0,1.0,49334.0
45.0,5.0,0.0,0.0,0.0,0.0,69.0,1.0,1.0,0.03,0.07,0.0,255.0,14.0,0.05,0.06,0.0,1.0,1.0,0.0,1.0,51270.0
45.0,5.0,0.0,0.0,0.0,0.0,162.0,1.0,1.0,0.05,0.06,0.0,255.0,8.0,0.03,0.07,0.0,1.0,1.0,0.0,1.0,15389.0
19.0,9.0,334.0,0.0,0.0,1.0,1.0,0.0,0.0,1.0,0.0,0.0,1.0,54.0,1.0,0.0,0.13,0.0,0.02,0.0,1.0,1021.0
45.0,5.0,0.0,0.0,0.0,0.0,191.0,1.0,1.0,0.02,0.07,0.0,255.0,3.0,0.01,0.06,0.0,1.0,1.0,0.0,1.0,55619.0
19.0,5.0,0.0,0.0,0.0,0.0,139.0,1.0,1.0,0.14,0.06,0.0,255.0,7.0,0.03,0.06,0.0,1.0,1.0,0.0,1.0,61415.0
27.0,5.0,0.0,0.0,0.0,0.0,138.0,1.0,1.0,0.01,0.05,0.0,255.0,2.0,0.01,0.05,0.0,1.0,1.0,0.0,1.0,80439.0
45.0,5.0,0.0,0.0,0.0,0.0,233.0,1.0,1.0,0.01,0.06,0.0,255.0,2.0,0.01,0.05,0.0,1.0,1.0,0.0,1.0,93193.0
45.0,5.0,0.0,0.0,0.0,0.0,139.0,1.0,1.0,0.14,0.06,0.0,255.0,17.0,0.07,0.07,0.0,1.0,1.0,0.0,1.0,30201.0
10.0,1.0,0.0,0.0,0.0,0.0,279.0,0.0,0.0,0.07,0.06,0.0,255.0,19.0,0.07,0.08,0.0,0.0,0.0,1.0,1.0,97788.0
14.0,9.0,1032.0,0.0,0.0,0.0,511.0,0.0,0.0,1.0,0.0,0.0,141.0,47.0,0.33,0.05,0.0,0.01,0.0,0.0,1.0,117066.0
62.0,5.0,0.0,0.0,0.0,0.0,104.0,1.0,1.0,0.04,0.07,0.0,255.0,4.0,0.02,0.07,0.0,1.0,1.0,0.0,1.0,88089.0
10.0,5.0,0.0,0.0,0.0,0.0,11.0,1.0,1.0,0.27,0.45,0.0,255.0,3.0,0.01,0.08,0.0,1.0,1.0,0.0,1.0,61989.0
6.0,5.0,0.0,0.0,0.0,0.0,247.0,1.0,1.0,0.02,0.06,0.0,255.0,6.0,0.02,0.07,0.0,1.0,1.0,0.0,1.0,38888.0
13.0,9.0,8.0,0.0,0.0,0.0,1.0,0.0,0.0,1.0,0.0,1.0,1.0,109.0,1.0,0.0,0.5,0.0,0.0,0.0,1.0,57239.0
12.0,1.0,0.0,0.0,0.0,0.0,101.0,0.0,0.0,0.01,0.53,0.0,255.0,1.0,0.0,0.22,0.0,0.0,0.0,1.0,1.0,111002.0
45.0,5.0,0.0,0.0,0.0,0.0,89.0,1.0,1.0,0.18,0.06,0.0,255.0,8.0,0.03,0.06,0.0,1.0,1.0,0.0,1.0,99916.0
57.0,5.0,0.0,0.0,0.0,0.0,214.0,1.0,1.0,0.0,0.07,0.0,255.0,20.0,0.08,0.06,0.0,1.0,1.0,0.0,1.0,89085.0
57.0,5.0,0.0,0.0,0.0,0.0,221.0,1.0,1.0,0.05,0.06,0.0,255.0,20.0,0.08,0.06,0.0,1.0,1.0,0.0,1.0,86126.0
25.0,5.0,0.0,0.0,0.0,0.0,122.0,1.0,1.0,0.19,0.05,0.0,255.0,23.0,0.09,0.05,0.0,1.0,1.0,0.0,1.0,115514.0
52.0,5.0,0.0,0.0,0.0,0.0,272.0,1.0,1.0,0.06,0.07,0.0,255.0,16.0,0.06,0.09,0.0,1.0,1.0,0.0,1.0,54423.0
13.0,9.0,8.0,0.0,0.0,0.0,1.0,0.0,0.0,1.0,0.0,1.0,4.0,48.0,1.0,0.0,0.25,0.0,0.0,0.0,1.0,24752.0
6.0,1.0,0.0,0.0,0.0,0.0,251.0,0.0,0.0,0.02,0.07,0.0,255.0,6.0,0.02,0.08,0.0,0.0,0.0,1.0,1.0,55861.0
45.0,5.0,0.0,0.0,0.0,0.0,94.0,1.0,1.0,0.01,0.06,0.0,255.0,18.0,0.07,0.07,0.0,1.0,1.0,0.0,1.0,4596.0
13.0,9.0,8.0,0.0,0.0,0.0,1.0,0.0,0.0,1.0,0.0,1.0,1.0,29.0,1.0,0.0,0.52,0.0,0.0,0.0,1.0,105507.0
45.0,1.0,0.0,0.0,0.0,0.0,96.0,0.0,0.0,0.09,0.06,0.0,255.0,9.0,0.04,0.05,0.0,0.0,0.0,1.0,1.0,8343.0
19.0,5.0,0.0,0.0,0.0,0.0,59.0,1.0,1.0,0.24,0.07,0.0,255.0,50.0,0.2,0.05,0.0,1.0,1.0,0.0,1.0,57050.0
45.0,9.0,28.0,0.0,3.0,0.0,65.0,0.0,0.0,1.0,0.0,0.0,137.0,65.0,0.47,0.03,0.0,0.0,0.0,0.0,1.0,125322.0
9.0,5.0,0.0,0.0,0.0,0.0,237.0,1.0,1.0,0.03,0.06,0.0,255.0,8.0,0.03,0.07,0.0,1.0,1.0,0.0,1.0,89479.0
45.0,9.0,28.0,0.0,3.0,0.0,16.0,0.0,0.0,1.0,0.0,0.0,255.0,16.0,0.06,0.02,0.0,0.0,0.0,0.0,1.0,42004.0
52.0,5.0,0.0,0.0,0.0,0.0,292.0,1.0,1.0,0.04,0.06,0.0,255.0,8.0,0.03,0.09,0.0,1.0,1.0,0.0,1.0,54286.0
45.0,1.0,0.0,0.0,0.0,0.0,121.0,0.0,0.0,0.14,0.06,0.0,255.0,17.0,0.07,0.06,0.0,0.0,0.0,1.0,1.0,14855.0
19.0,5.0,0.0,0.0,0.0,0.0,30.0,1.0,1.0,0.23,0.13,0.0,255.0,65.0,0.25,0.02,0.0,1.0,1.0,0.0,1.0,61695.0
14.0,9.0,1032.0,0.0,0.0,0.0,511.0,0.0,0.0,1.0,0.0,0.0,180.0,86.0,0.48,0.04,0.0,0.01,0.0,0.0,1.0,11728.0
9.0,5.0,0.0,0.0,0.0,0.0,253.0,1.0,1.0,0.07,0.06,0.0,255.0,4.0,0.02,0.08,0.0,1.0,1.0,0.0,1.0,1027.0
6.0,5.0,0.0,0.0,0.0,0.0,104.0,1.0,1.0,0.04,0.07,0.0,255.0,4.0,0.02,0.07,0.0,1.0,1.0,0.0,1.0,92779.0
45.0,5.0,0.0,0.0,0.0,0.0,296.0,1.0,1.0,0.01,0.06,0.0,255.0,8.0,0.03,0.07,0.0,1.0,1.0,0.0,1.0,59701.0
3.0,1.0,0.0,0.0,0.0,0.0,259.0,0.0,0.0,0.02,0.07,0.0,255.0,6.0,0.02,0.07,0.0,0.0,0.0,1.0,1.0,81166.0
45.0,5.0,0.0,0.0,0.0,0.0,106.0,1.0,1.0,0.07,0.06,0.0,255.0,14.0,0.05,0.07,0.0,1.0,1.0,0.0,1.0,13524.0
13.0,9.0,8.0,0.0,0.0,0.0,1.0,0.0,0.0,1.0,0.0,1.0,2.0,178.0,1.0,0.0,0.5,0.0,0.0,0.0,1.0,102635.0
45.0,5.0,0.0,0.0,0.0,0.0,174.0,1.0,1.0,0.07,0.07,0.0,255.0,12.0,0.05,0.06,0.0,1.0,1.0,0.0,1.0,1538.0
13.0,9.0,8.0,0.0,0.0,0.0,1.0,0.0,0.0,1.0,0.0,1.0,1.0,81.0,1.0,0.0,0.51,0.0,0.0,0.0,1.0,9860.0
33.0,1.0,0.0,0.0,0.0,0.0,191.0,0.0,0.0,0.06,0.07,0.0,255.0,12.0,0.05,0.07,0.0,0.0,0.0,1.0,1.0,26970.0
45.0,4.0,0.0,0.0,0.0,0.0,1.0,0.0,0.0,1.0,0.0,0.0,246.0,1.0,0.0,0.6,0.0,0.0,0.0,1.0,1.0,99315.0
45.0,5.0,0.0,0.0,0.0,0.0,103.0,1.0,1.0,0.03,0.06,0.0,255.0,6.0,0.02,0.06,0.0,1.0,1.0,0.0,1.0,47439.0
2.0,1.0,0.0,0.0,0.0,0.0,292.0,0.0,0.0,0.06,0.06,0.0,255.0,17.0,0.07,0.07,0.0,0.0,0.0,1.0,1.0,43835.0
45.0,4.0,1.0,0.0,0.0,0.0,2.0,0.0,0.0,1.0,0.0,0.0,255.0,2.0,0.01,0.66,0.0,0.0,0.0,1.0,1.0,90685.0
14.0,9.0,520.0,0.0,0.0,0.0,447.0,0.0,0.0,1.0,0.0,0.0,240.0,240.0,1.0,0.0,0.0,0.0,0.0,0.0,1.0,48791.0
54.0,5.0,0.0,0.0,0.0,0.0,267.0,1.0,1.0,0.02,0.06,0.0,255.0,2.0,0.01,0.09,0.0,1.0,1.0,0.0,1.0,16436.0
20.0,5.0,0.0,0.0,0.0,0.0,232.0,1.0,1.0,0.07,0.06,0.0,255.0,5.0,0.02,0.07,0.0,1.0,1.0,0.0,1.0,69374.0
31.0,2.0,0.0,0.0,0.0,0.0,142.0,0.0,0.0,0.05,0.06,0.0,255.0,7.0,0.03,0.07,0.0,0.0,0.0,1.0,1.0,49554.0
45.0,5.0,0.0,0.0,0.0,0.0,107.0,1.0,1.0,0.07,0.06,0.0,255.0,14.0,0.05,0.07,0.0,1.0,1.0,0.0,1.0,54843.0
28.0,5.0,0.0,0.0,0.0,0.0,123.0,1.0,1.0,0.18,0.05,0.0,255.0,22.0,0.09,0.05,0.0,1.0,1.0,0.0,1.0,48355.0
45.0,1.0,0.0,0.0,0.0,0.0,2.0,0.0,0.0,0.5,1.0,0.0,255.0,1.0,0.0,0.17,0.0,0.0,0.0,1.0,1.0,48471.0
25.0,1.0,0.0,0.0,0.0,0.0,259.0,0.0,0.0,0.03,0.07,0.0,255.0,8.0,0.03,0.07,0.0,0.0,0.0,1.0,1.0,26268.0
22.0,1.0,0.0,0.0,0.0,0.0,215.0,0.0,0.0,0.03,0.07,0.0,255.0,7.0,0.03,0.07,0.0,0.0,0.0,1.0,1.0,2007.0
45.0,1.0,0.0,0.0,0.0,0.0,1.0,0.0,0.0,1.0,0.0,0.0,255.0,1.0,0.0,0.68,0.0,0.0,0.0,1.0,1.0,109315.0
25.0,5.0,0.0,0.0,0.0,0.0,289.0,1.0,1.0,0.03,0.06,0.0,255.0,4.0,0.02,0.07,0.0,1.0,1.0,0.0,1.0,84673.0
45.0,5.0,0.0,0.0,0.0,0.0,113.0,1.0,1.0,0.12,0.05,0.0,255.0,14.0,0.05,0.05,0.0,1.0,1.0,0.0,1.0,114954.0
14.0,9.0,520.0,0.0,0.0,0.0,486.0,0.0,0.0,1.0,0.0,0.0,140.0,140.0,1.0,0.0,0.0,0.0,0.0,0.0,1.0,86743.0
13.0,9.0,8.0,0.0,0.0,0.0,1.0,0.0,0.0,1.0,0.0,1.0,4.0,192.0,1.0,0.0,0.25,0.0,0.0,0.0,1.0,106417.0
53.0,5.0,0.0,0.0,0.0,0.0,126.0,1.0,1.0,0.13,0.06,0.0,255.0,14.0,0.05,0.07,0.0,1.0,1.0,0.0,1.0,38141.0
45.0,9.0,1.0,0.0,0.0,0.0,29.0,0.0,0.0,0.03,0.14,0.0,255.0,1.0,0.0,0.58,0.0,0.0,0.0,0.0,1.0,91151.0
45.0,1.0,0.0,0.0,0.0,0.0,93.0,0.0,0.0,0.04,0.06,0.0,255.0,4.0,0.02,0.07,0.0,0.0,0.0,1.0,1.0,70834.0
45.0,4.0,1.0,0.0,0.0,0.0,2.0,0.0,0.0,1.0,0.0,0.0,255.0,2.0,0.01,0.49,0.0,0.0,0.0,1.0,1.0,17309.0
13.0,9.0,8.0,0.0,0.0,0.0,1.0,0.0,0.0,1.0,0.0,1.0,3.0,183.0,1.0,0.0,0.25,0.0,0.0,0.0,1.0,26780.0
36.0,5.0,0.0,0.0,0.0,0.0,288.0,1.0,1.0,0.02,0.06,0.0,255.0,10.0,0.04,0.08,0.0,1.0,1.0,0.0,1.0,65216.0
45.0,5.0,0.0,0.0,0.0,0.0,67.0,1.0,1.0,0.06,0.09,0.0,255.0,17.0,0.07,0.07,0.0,1.0,1.0,0.0,1.0,87759.0
14.0,9.0,520.0,0.0,0.0,0.0,171.0,0.0,0.0,1.0,0.0,0.0,255.0,255.0,1.0,0.0,0.0,0.0,0.0,0.0,1.0,23983.0
45.0,4.0,0.0,0.0,0.0,0.0,1.0,0.0,0.0,1.0,0.0,0.0,253.0,1.0,0.0,0.27,0.0,0.0,0.0,1.0,1.0,110051.0
31.0,2.0,0.0,0.0,0.0,0.0,100.0,0.0,0.0,0.01,0.07,0.0,255.0,1.0,0.0,0.06,0.0,0.0,0.0,1.0,1.0,111435.0
50.0,1.0,0.0,0.0,0.0,0.0,152.0,0.0,0.0,0.01,0.07,0.0,255.0,1.0,0.0,0.07,0.0,0.0,0.0,1.0,1.0,37788.0
14.0,9.0,520.0,0.0,0.0,0.0,454.0,0.0,0.0,1.0,0.0,0.0,159.0,159.0,1.0,0.0,0.0,0.0,0.0,0.0,1.0,68039.0
51.0,5.0,0.0,0.0,0.0,0.0,233.0,1.0,1.0,0.1,0.05,0.0,255.0,23.0,0.09,0.05,0.0,1.0,1.0,0.0,1.0,61661.0
26.0,1.0,0.0,0.0,0.0,0.0,205.0,0.0,0.0,0.07,0.06,0.0,255.0,14.0,0.05,0.07,0.0,0.0,0.0,1.0,1.0,96689.0
45.0,4.0,1.0,0.0,0.0,0.0,2.0,0.0,0.0,1.0,0.0,0.0,255.0,2.0,0.01,0.51,0.0,0.0,0.0,1.0,1.0,42232.0
19.0,5.0,0.0,0.0,0.0,0.0,71.0,1.0,1.0,0.23,0.06,0.0,255.0,76.0,0.3,0.02,0.0,1.0,1.0,0.0,1.0,121741.0
4.0,5.0,0.0,0.0,0.0,0.0,256.0,1.0,1.0,0.02,0.07,0.0,255.0,4.0,0.02,0.07,0.0,1.0,1.0,0.0,1.0,119345.0
45.0,5.0,0.0,0.0,0.0,0.0,262.0,1.0,1.0,0.03,0.06,0.0,255.0,14.0,0.05,0.06,0.0,1.0,1.0,0.0,1.0,95643.0
45.0,9.0,1.0,0.0,0.0,0.0,25.0,0.0,0.0,0.36,0.12,0.0,255.0,9.0,0.04,0.6,0.0,0.0,0.0,0.0,1.0,31636.0
45.0,5.0,0.0,0.0,0.0,0.0,80.0,1.0,1.0,0.14,0.06,0.0,231.0,11.0,0.05,0.06,0.0,1.0,1.0,0.0,1.0,31740.0
14.0,9.0,1032.0,0.0,0.0,0.0,381.0,0.0,0.0,1.0,0.0,0.0,255.0,172.0,0.67,0.02,0.0,0.0,0.0,0.0,1.0,20077.0
18.0,2.0,0.0,0.0,0.0,0.0,266.0,0.0,0.0,0.02,0.06,0.0,255.0,6.0,0.02,0.07,0.0,0.0,0.0,1.0,1.0,15980.0
25.0,5.0,0.0,0.0,0.0,0.0,277.0,1.0,1.0,0.04,0.06,0.0,255.0,10.0,0.04,0.08,0.0,1.0,1.0,0.0,1.0,24616.0
45.0,5.0,0.0,0.0,0.0,0.0,9.0,1.0,1.0,0.22,0.33,0.0,255.0,2.0,0.01,0.08,0.0,1.0,1.0,0.0,1.0,104531.0
25.0,5.0,0.0,0.0,0.0,0.0,267.0,1.0,1.0,0.04,0.06,0.0,255.0,18.0,0.07,0.06,0.0,1.0,1.0,0.0,1.0,26716.0
45.0,5.0,0.0,0.0,0.0,0.0,181.0,1.0,1.0,0.01,0.06,0.0,255.0,9.0,0.04,0.08,0.0,1.0,1.0,0.0,1.0,28326.0
51.0,1.0,0.0,0.0,0.0,0.0,127.0,0.0,0.0,0.13,0.07,0.0,255.0,17.0,0.07,0.07,0.0,0.0,0.0,1.0,1.0,18983.0
20.0,5.0,0.0,0.0,0.0,0.0,212.0,1.0,1.0,0.07,0.06,0.0,255.0,13.0,0.05,0.08,0.0,1.0,1.0,0.0,1.0,10456.0
29.0,5.0,0.0,0.0,0.0,0.0,195.0,1.0,1.0,0.05,0.05,0.0,255.0,10.0,0.04,0.05,0.0,1.0,1.0,0.0,1.0,16570.0
45.0,1.0,0.0,0.0,0.0,0.0,296.0,0.07,0.0,0.0,1.0,0.0,255.0,1.0,0.0,1.0,0.0,0.08,0.0,1.0,1.0,85928.0
10.0,5.0,0.0,0.0,0.0,0.0,234.0,1.0,1.0,0.09,0.06,0.0,255.0,20.0,0.08,0.07,0.0,1.0,1.0,0.0,1.0,60603.0
25.0,5.0,0.0,0.0,0.0,0.0,251.0,1.0,1.0,0.07,0.05,0.0,255.0,18.0,0.07,0.05,0.0,1.0,1.0,0.0,1.0,9471.0
45.0,5.0,0.0,0.0,0.0,0.0,248.0,1.0,1.0,0.1,0.05,0.0,109.0,24.0,0.22,0.09,0.0,0.87,1.0,0.0,1.0,50918.0
19.0,9.0,334.0,0.0,0.0,1.0,1.0,0.0,0.0,1.0,0.0,0.0,5.0,40.0,1.0,0.0,0.15,0.0,0.0,0.0,1.0,39457.0
13.0,9.0,8.0,0.0,0.0,0.0,1.0,0.0,0.0,1.0,0.0,1.0,2.0,70.0,1.0,0.0,0.5,0.0,0.0,0.0,1.0,115698.0
51.0,5.0,0.0,0.0,0.0,0.0,121.0,1.0,1.0,0.05,0.07,0.0,255.0,26.0,0.1,0.07,0.0,1.0,1.0,0.0,1.0,44098.0
45.0,5.0,0.0,0.0,0.0,0.0,265.0,1.0,1.0,0.06,0.07,0.0,255.0,16.0,0.06,0.09,0.0,1.0,1.0,0.0,1.0,117329.0
45.0,1.0,0.0,0.0,0.0,0.0,316.0,0.07,0.0,0.0,1.0,0.0,255.0,1.0,0.0,1.0,0.0,0.08,0.0,1.0,1.0,50025.0
26.0,5.0,0.0,0.0,0.0,0.0,258.0,1.0,1.0,0.06,0.06,0.0,255.0,15.0,0.06,0.06,0.0,1.0,1.0,0.0,1.0,54133.0
2.0,5.0,0.0,0.0,0.0,0.0,296.0,1.0,1.0,0.08,0.05,0.0,255.0,23.0,0.09,0.05,0.0,1.0,1.0,0.0,1.0,4178.0
45.0,5.0,0.0,0.0,0.0,0.0,46.0,1.0,1.0,0.2,0.13,0.0,255.0,18.0,0.07,0.09,0.0,1.0,1.0,0.0,1.0,79080.0
45.0,5.0,0.0,0.0,0.0,0.0,149.0,1.0,1.0,0.04,0.06,0.0,255.0,2.0,0.01,0.07,0.0,1.0,1.0,0.0,1.0,106001.0
14.0,9.0,1032.0,0.0,0.0,0.0,511.0,0.0,0.0,1.0,0.0,0.0,255.0,144.0,0.56,0.01,0.0,0.0,0.0,0.0,1.0,61266.0
16.0,5.0,0.0,0.0,0.0,0.0,149.0,1.0,1.0,0.09,0.05,0.0,255.0,13.0,0.05,0.05,0.0,1.0,1.0,0.0,1.0,2364.0
19.0,5.0,0.0,0.0,0.0,0.0,25.0,1.0,1.0,0.2,0.08,0.0,27.0,51.0,0.19,0.11,0.04,0.93,0.1,0.0,1.0,760.0
22.0,5.0,0.0,0.0,0.0,0.0,53.0,1.0,1.0,0.36,0.08,0.0,255.0,59.0,0.23,0.02,0.0,1.0,1.0,0.0,1.0,110320.0
45.0,9.0,28.0,0.0,3.0,0.0,60.0,0.0,0.0,1.0,0.0,0.0,132.0,60.0,0.45,0.03,0.0,0.0,0.0,0.0,1.0,27968.0
45.0,5.0,0.0,0.0,0.0,0.0,255.0,1.0,1.0,0.05,0.06,0.0,255.0,20.0,0.08,0.06,0.0,1.0,1.0,0.0,1.0,125023.0
45.0,4.0,1.0,0.0,0.0,0.0,2.0,0.0,0.0,1.0,0.0,0.0,255.0,2.0,0.01,0.82,0.0,0.0,0.0,1.0,1.0,13011.0
14.0,9.0,1032.0,0.0,0.0,0.0,510.0,0.0,0.0,1.0,0.0,0.0,255.0,229.0,0.9,0.02,0.0,0.0,0.0,0.0,1.0,114849.0
9.0,2.0,0.0,0.0,0.0,0.0,242.0,0.0,0.0,0.02,0.07,0.0,255.0,5.0,0.02,0.07,0.0,0.0,0.0,1.0,1.0,108872.0
60.0,5.0,0.0,0.0,0.0,0.0,116.0,1.0,1.0,0.1,0.07,0.0,255.0,12.0,0.05,0.06,0.0,1.0,1.0,0.0,1.0,54261.0
45.0,5.0,0.0,0.0,0.0,0.0,23.0,1.0,1.0,0.87,0.09,0.0,255.0,20.0,0.08,0.07,0.0,1.0,1.0,0.0,1.0,36290.0
29.0,5.0,0.0,0.0,0.0,0.0,134.0,1.0,1.0,0.01,0.06,0.0,255.0,18.0,0.07,0.06,0.0,1.0,1.0,0.0,1.0,28850.0
45.0,1.0,0.0,0.0,0.0,0.0,113.0,0.0,0.0,0.07,0.07,0.0,255.0,28.0,0.11,0.05,0.0,0.0,0.0,1.0,1.0,66363.0
33.0,5.0,0.0,0.0,0.0,0.0,135.0,1.0,1.0,0.13,0.06,0.0,255.0,18.0,0.07,0.08,0.0,1.0,1.0,0.0,1.0,71558.0
45.0,1.0,0.0,0.0,0.0,0.0,433.0,0.05,0.0,0.0,1.0,0.0,255.0,1.0,0.0,1.0,0.0,0.08,0.0,1.0,1.0,23919.0
36.0,5.0,0.0,0.0,0.0,0.0,137.0,1.0,1.0,0.18,0.04,0.0,255.0,24.0,0.09,0.05,0.0,1.0,1.0,0.0,1.0,24089.0
8.0,5.0,0.0,0.0,0.0,0.0,232.0,1.0,1.0,0.09,0.06,0.0,255.0,20.0,0.08,0.07,0.0,1.0,1.0,0.0,1.0,83973.0
26.0,5.0,0.0,0.0,0.0,0.0,126.0,1.0,1.0,0.09,0.06,0.0,255.0,11.0,0.04,0.07,0.0,1.0,1.0,0.0,1.0,18015.0
3.0,5.0,0.0,0.0,0.0,0.0,21.0,1.0,1.0,0.38,0.19,0.0,255.0,8.0,0.03,0.07,0.0,1.0,1.0,0.0,1.0,31023.0
35.0,5.0,0.0,0.0,0.0,0.0,1.0,1.0,1.0,1.0,0.0,0.0,255.0,1.0,0.0,0.07,0.0,1.0,1.0,0.0,1.0,87287.0
45.0,1.0,0.0,0.0,0.0,0.0,441.0,0.05,0.0,0.0,1.0,0.0,255.0,1.0,0.0,1.0,0.0,0.08,0.0,1.0,1.0,74903.0
17.0,5.0,0.0,0.0,0.0,0.0,20.0,0.95,1.0,0.4,0.2,0.0,255.0,15.0,0.06,0.06,0.0,1.0,1.0,0.0,1.0,96017.0
3.0,5.0,0.0,0.0,0.0,0.0,269.0,1.0,1.0,0.06,0.06,0.0,255.0,15.0,0.06,0.06,0.0,1.0,1.0,0.0,1.0,5627.0
45.0,5.0,0.0,0.0,0.0,0.0,138.0,0.8,1.0,0.14,0.05,0.0,255.0,19.0,0.07,0.06,0.0,1.0,1.0,0.0,1.0,108129.0
14.0,9.0,520.0,0.0,0.0,0.0,487.0,0.0,0.0,1.0,0.0,0.0,129.0,129.0,1.0,0.0,0.0,0.0,0.0,0.0,1.0,6736.0
45.0,5.0,0.0,0.0,0.0,0.0,209.0,1.0,1.0,0.02,0.07,0.0,255.0,6.0,0.02,0.08,0.0,1.0,1.0,0.0,1.0,102272.0
19.0,5.0,0.0,0.0,0.0,0.0,255.0,1.0,1.0,0.05,0.05,0.0,255.0,8.0,0.03,0.07,0.0,1.0,1.0,0.0,1.0,57048.0
50.0,1.0,0.0,0.0,0.0,0.0,271.0,0.0,0.0,0.06,0.06,0.0,255.0,16.0,0.06,0.08,0.0,0.0,0.0,1.0,1.0,61762.0
55.0,5.0,0.0,0.0,0.0,0.0,48.0,1.0,1.0,0.23,0.08,0.0,255.0,22.0,0.09,0.06,0.0,1.0,1.0,0.0,1.0,93465.0
20.0,5.0,0.0,0.0,0.0,0.0,270.0,1.0,1.0,0.09,0.05,0.0,255.0,23.0,0.09,0.05,0.0,1.0,1.0,0.0,1.0,32985.0
19.0,5.0,0.0,0.0,0.0,0.0,47.0,1.0,1.0,0.21,0.09,0.0,255.0,50.0,0.2,0.03,0.0,1.0,1.0,0.0,1.0,93906.0
45.0,5.0,0.0,0.0,0.0,0.0,274.0,1.0,1.0,0.04,0.05,0.0,255.0,8.0,0.03,0.08,0.0,1.0,1.0,0.0,1.0,73272.0
17.0,5.0,0.0,0.0,0.0,0.0,245.0,1.0,1.0,0.05,0.06,0.0,255.0,3.0,0.01,0.09,0.0,1.0,1.0,0.0,1.0,104718.0
17.0,5.0,0.0,0.0,0.0,0.0,1.0,1.0,1.0,1.0,0.0,1.0,1.0,6.0,1.0,0.0,1.0,1.0,0.83,0.0,1.0,64190.0
55.0,5.0,0.0,0.0,0.0,0.0,11.0,1.0,1.0,1.0,0.0,0.0,53.0,33.0,0.62,0.04,0.0,0.96,0.94,0.0,1.0,3441.0
55.0,5.0,0.0,0.0,0.0,0.0,290.0,1.0,1.0,0.05,0.05,0.0,255.0,14.0,0.05,0.05,0.0,1.0,1.0,0.0,1.0,88251.0
45.0,5.0,0.0,0.0,0.0,0.0,148.0,1.0,1.0,0.05,0.06,0.0,229.0,3.0,0.01,0.08,0.0,1.0,1.0,0.0,1.0,104644.0
52.0,5.0,0.0,0.0,0.0,0.0,203.0,1.0,1.0,0.07,0.06,0.0,255.0,13.0,0.05,0.07,0.0,1.0,1.0,0.0,1.0,102200.0
30.0,5.0,0.0,0.0,0.0,0.0,199.0,1.0,1.0,0.04,0.06,0.0,255.0,8.0,0.03,0.06,0.0,1.0,1.0,0.0,1.0,67926.0
21.0,5.0,0.0,0.0,0.0,0.0,233.0,1.0,1.0,0.09,0.06,0.0,255.0,20.0,0.08,0.07,0.0,1.0,1.0,0.0,1.0,50128.0
27.0,5.0,0.0,0.0,0.0,0.0,147.0,1.0,1.0,0.07,0.05,0.0,255.0,11.0,0.04,0.05,0.0,1.0,1.0,0.0,1.0,79881.0
45.0,1.0,0.0,0.0,0.0,0.0,129.0,0.01,0.0,0.01,1.0,0.0,255.0,1.0,0.0,0.52,0.0,0.0,0.0,1.0,1.0,119047.0
45.0,5.0,0.0,0.0,0.0,0.0,111.0,1.0,1.0,0.09,0.06,0.0,255.0,3.0,0.01,0.06,0.0,1.0,1.0,0.0,1.0,7617.0
45.0,5.0,0.0,0.0,0.0,0.0,139.0,0.99,1.0,0.02,0.06,0.0,255.0,4.0,0.02,0.06,0.0,1.0,1.0,0.0,1.0,95897.0
53.0,1.0,0.0,0.0,0.0,0.0,261.0,0.0,0.0,0.01,0.06,0.0,255.0,2.0,0.01,0.08,0.0,0.0,0.0,1.0,1.0,33694.0
22.0,5.0,0.0,0.0,0.0,0.0,79.0,1.0,1.0,0.25,0.05,0.0,255.0,60.0,0.24,0.02,0.0,1.0,1.0,0.0,1.0,57003.0
17.0,5.0,0.0,0.0,0.0,0.0,42.0,1.0,1.0,0.21,0.1,0.0,255.0,54.0,0.21,0.04,0.0,1.0,1.0,0.0,1.0,73626.0
38.0,5.0,0.0,0.0,0.0,0.0,85.0,1.0,1.0,0.19,0.07,0.0,255.0,16.0,0.06,0.07,0.0,1.0,1.0,0.0,1.0,20748.0
45.0,5.0,0.0,0.0,0.0,0.0,287.0,1.0,1.0,0.01,0.06,0.0,255.0,14.0,0.05,0.06,0.0,1.0,1.0,0.0,1.0,82636.0
45.0,5.0,0.0,0.0,0.0,0.0,207.0,1.0,1.0,0.05,0.06,0.0,255.0,10.0,0.04,0.08,0.0,1.0,1.0,0.0,1.0,103760.0
13.0,9.0,8.0,0.0,0.0,0.0,1.0,0.0,0.0,1.0,0.0,1.0,1.0,129.0,1.0,0.0,0.51,0.0,0.0,0.0,1.0,118638.0
60.0,5.0,0.0,0.0,0.0,0.0,98.0,1.0,1.0,0.16,0.06,0.0,255.0,16.0,0.06,0.06,0.0,1.0,1.0,0.0,1.0,95512.0
13.0,9.0,8.0,0.0,0.0,0.0,1.0,0.0,0.0,1.0,0.0,1.0,1.0,199.0,1.0,0.0,0.5,0.0,0.0,0.0,1.0,10867.0
45.0,5.0,0.0,0.0,0.0,0.0,206.0,1.0,1.0,0.04,0.06,0.0,255.0,17.0,0.07,0.07,0.0,1.0,1.0,0.0,1.0,28979.0
9.0,5.0,0.0,0.0,0.0,0.0,242.0,1.0,1.0,0.02,0.07,0.0,255.0,4.0,0.02,0.07,0.0,1.0,1.0,0.0,1.0,34448.0
14.0,9.0,1032.0,0.0,0.0,0.0,168.0,0.0,0.0,1.0,0.0,0.0,255.0,168.0,0.66,0.01,0.0,0.0,0.0,0.0,1.0,89501.0
45.0,1.0,0.0,0.0,0.0,0.0,159.0,0.0,0.0,0.05,0.06,0.0,255.0,8.0,0.03,0.07,0.0,0.0,0.0,1.0,1.0,38641.0
45.0,5.0,0.0,0.0,0.0,0.0,119.0,1.0,1.0,0.06,0.06,0.0,255.0,7.0,0.03,0.07,0.0,1.0,1.0,0.0,1.0,63712.0
55.0,5.0,0.0,0.0,0.0,0.0,75.0,1.0,1.0,0.24,0.05,0.0,255.0,64.0,0.25,0.02,0.0,1.0,1.0,0.0,1.0,74987.0
2.0,5.0,0.0,0.0,0.0,0.0,236.0,1.0,1.0,0.0,0.07,0.0,255.0,1.0,0.0,0.07,0.0,1.0,1.0,0.0,1.0,16006.0
14.0,9.0,520.0,0.0,0.0,0.0,331.0,0.0,0.0,1.0,0.0,0.0,255.0,255.0,1.0,0.0,0.0,0.0,0.0,0.0,1.0,76721.0
7.0,5.0,0.0,0.0,0.0,0.0,131.0,1.0,1.0,0.18,0.05,0.0,255.0,23.0,0.09,0.05,0.0,1.0,1.0,0.0,1.0,120058.0
61.0,5.0,0.0,0.0,0.0,0.0,226.0,1.0,1.0,0.09,0.06,0.0,255.0,20.0,0.08,0.07,0.0,1.0,1.0,0.0,1.0,113359.0
37.0,4.0,1.0,0.0,0.0,0.0,2.0,0.0,0.0,1.0,0.0,0.0,150.0,2.0,0.01,0.12,0.0,0.0,0.0,1.0,1.0,84201.0
55.0,5.0,0.0,0.0,0.0,0.0,73.0,1.0,1.0,0.25,0.05,0.0,255.0,58.0,0.23,0.03,0.0,1.0,1.0,0.0,1.0,111765.0
17.0,5.0,0.0,0.0,0.0,0.0,266.0,1.0,1.0,0.07,0.06,0.0,255.0,19.0,0.07,0.08,0.0,1.0,1.0,0.0,1.0,20629.0
45.0,5.0,0.0,0.0,0.0,0.0,140.0,1.0,1.0,0.09,0.06,0.0,255.0,29.0,0.11,0.06,0.0,1.0,1.0,0.0,1.0,1534.0
45.0,5.0,0.0,0.0,0.0,0.0,149.0,1.0,1.0,0.13,0.06,0.0,255.0,38.0,0.15,0.05,0.0,1.0,1.0,0.0,1.0,24044.0
45.0,5.0,0.0,0.0,0.0,0.0,253.0,1.0,1.0,0.02,0.06,0.0,255.0,2.0,0.01,0.07,0.0,1.0,1.0,0.0,1.0,87066.0
19.0,5.0,0.0,0.0,0.0,0.0,47.0,1.0,1.0,0.17,0.09,0.0,255.0,56.0,0.22,0.02,0.0,1.0,1.0,0.0,1.0,64320.0
45.0,5.0,0.0,0.0,0.0,0.0,257.0,1.0,1.0,0.05,0.07,0.0,255.0,14.0,0.05,0.07,0.0,1.0,1.0,0.0,1.0,18633.0
57.0,5.0,0.0,0.0,0.0,0.0,270.0,1.0,1.0,0.01,0.05,0.0,255.0,3.0,0.01,0.05,0.0,1.0,1.0,0.0,1.0,4316.0
3.0,5.0,0.0,0.0,0.0,0.0,226.0,1.0,1.0,0.02,0.06,0.0,255.0,5.0,0.02,0.08,0.0,1.0,1.0,0.0,1.0,67244.0
17.0,5.0,0.0,0.0,0.0,0.0,289.0,1.0,1.0,0.04,0.05,0.0,255.0,11.0,0.04,0.05,0.0,1.0,1.0,0.0,1.0,37750.0
45.0,4.0,0.0,0.0,0.0,0.0,1.0,0.0,0.0,1.0,0.0,0.0,129.0,1.0,0.01,0.63,0.0,0.05,0.0,1.0,1.0,103567.0
8.0,5.0,0.0,0.0,0.0,0.0,281.0,1.0,1.0,0.01,0.06,0.0,255.0,16.0,0.06,0.07,0.0,1.0,1.0,0.0,1.0,5107.0
45.0,5.0,0.0,0.0,0.0,0.0,260.0,1.0,1.0,0.06,0.06,0.0,255.0,16.0,0.06,0.07,0.0,1.0,1.0,0.0,1.0,47456.0
18.0,5.0,0.0,0.0,0.0,0.0,298.0,1.0,1.0,0.02,0.06,0.0,255.0,2.0,0.01,0.1,0.0,1.0,1.0,0.0,1.0,62071.0
41.0,1.0,0.0,0.0,0.0,0.0,509.0,0.21,0.0,0.0,1.0,0.0,255.0,1.0,0.0,1.0,0.0,0.23,0.0,1.0,1.0,36361.0
62.0,5.0,0.0,0.0,0.0,0.0,285.0,1.0,1.0,0.02,0.06,0.0,255.0,7.0,0.03,0.08,0.0,1.0,1.0,0.0,1.0,59024.0
45.0,4.0,0.0,0.0,0.0,0.0,1.0,0.0,0.0,1.0,0.0,0.0,255.0,1.0,0.0,0.56,0.0,0.0,0.0,1.0,1.0,20334.0
36.0,5.0,0.0,0.0,0.0,0.0,240.0,1.0,1.0,0.01,0.07,0.0,255.0,2.0,0.01,0.07,0.0,1.0,1.0,0.0,1.0,8945.0
45.0,1.0,0.0,0.0,0.0,0.0,78.0,0.0,0.0,0.14,0.06,0.0,255.0,11.0,0.04,0.05,0.0,0.0,0.0,1.0,1.0,68751.0
45.0,5.0,0.0,0.0,0.0,0.0,268.0,1.0,1.0,0.03,0.06,0.0,255.0,14.0,0.05,0.07,0.0,1.0,1.0,0.0,1.0,96206.0
45.0,1.0,0.0,0.0,0.0,0.0,189.0,0.0,0.0,0.05,0.08,0.0,255.0,10.0,0.04,0.08,0.0,0.0,0.0,1.0,1.0,116724.0
45.0,5.0,0.0,0.0,0.0,0.0,296.0,1.0,1.0,0.05,0.05,0.0,255.0,7.0,0.03,0.07,0.0,1.0,1.0,0.0,1.0,115664.0
34.0,5.0,0.0,0.0,0.0,0.0,27.0,1.0,1.0,0.04,0.19,0.0,255.0,1.0,0.0,0.07,0.0,1.0,1.0,0.0,1.0,49710.0
45.0,5.0,0.0,0.0,0.0,0.0,246.0,1.0,1.0,0.08,0.07,0.0,255.0,20.0,0.08,0.07,0.0,1.0,1.0,0.0,1.0,88671.0
45.0,5.0,0.0,0.0,0.0,0.0,237.0,1.0,1.0,0.03,0.06,0.0,255.0,13.0,0.05,0.07,0.0,1.0,1.0,0.0,1.0,99419.0
45.0,5.0,0.0,0.0,0.0,0.0,80.0,1.0,1.0,0.17,0.06,0.0,255.0,20.0,0.08,0.06,0.0,1.0,1.0,0.0,1.0,10539.0
45.0,1.0,0.0,0.0,0.0,0.0,195.0,0.0,0.0,0.09,0.07,0.0,255.0,18.0,0.07,0.08,0.0,0.0,0.0,1.0,1.0,107283.0
45.0,5.0,0.0,0.0,0.0,0.0,106.0,0.99,1.0,0.12,0.07,0.0,255.0,11.0,0.04,0.06,0.0,1.0,1.0,0.0,1.0,124023.0
45.0,5.0,0.0,0.0,0.0,0.0,243.0,1.0,1.0,0.07,0.06,0.0,255.0,16.0,0.06,0.05,0.0,1.0,1.0,0.0,1.0,62601.0
38.0,5.0,0.0,0.0,0.0,0.0,138.0,1.0,1.0,0.1,0.07,0.0,255.0,14.0,0.05,0.06,0.0,1.0,1.0,0.0,1.0,57222.0
7.0,5.0,0.0,0.0,0.0,0.0,201.0,1.0,1.0,0.08,0.07,0.0,255.0,16.0,0.06,0.07,0.0,1.0,1.0,0.0,1.0,28458.0
38.0,1.0,0.0,0.0,0.0,0.0,137.0,0.0,0.0,0.06,0.07,0.0,255.0,7.0,0.03,0.07,0.0,0.0,0.0,1.0,1.0,16048.0
19.0,5.0,0.0,0.0,0.0,0.0,131.0,1.0,1.0,0.02,0.06,0.0,255.0,4.0,0.02,0.07,0.0,1.0,1.0,0.0,1.0,122232.0
55.0,5.0,0.0,0.0,0.0,0.0,41.0,1.0,1.0,0.15,0.1,0.0,255.0,66.0,0.26,0.02,0.0,1.0,1.0,0.0,1.0,104881.0
19.0,5.0,0.0,0.0,0.0,0.0,33.0,1.0,1.0,0.27,0.12,0.0,255.0,19.0,0.07,0.06,0.0,1.0,1.0,0.0,1.0,99018.0
21.0,5.0,0.0,0.0,0.0,0.0,208.0,1.0,1.0,0.1,0.07,0.0,255.0,20.0,0.08,0.07,0.0,1.0,1.0,0.0,1.0,79468.0
13.0,9.0,8.0,0.0,0.0,0.0,1.0,0.0,0.0,1.0,0.0,1.0,1.0,159.0,1.0,0.0,0.5,0.0,0.0,0.0,1.0,113003.0
57.0,5.0,0.0,0.0,0.0,0.0,276.0,1.0,1.0,0.07,0.06,0.0,255.0,20.0,0.08,0.07,0.0,1.0,1.0,0.0,1.0,105024.0
60.0,5.0,0.0,0.0,0.0,0.0,107.0,1.0,1.0,0.07,0.07,0.0,255.0,7.0,0.03,0.07,0.0,1.0,1.0,0.0,1.0,28263.0
45.0,1.0,0.0,0.0,0.0,0.0,123.0,0.01,0.0,0.01,1.0,0.0,255.0,1.0,0.0,0.49,0.0,0.0,0.0,1.0,1.0,108293.0
45.0,5.0,0.0,0.0,0.0,0.0,92.0,1.0,1.0,0.17,0.05,0.0,255.0,16.0,0.06,0.05,0.0,1.0,1.0,0.0,1.0,24637.0
45.0,1.0,0.0,0.0,0.0,0.0,136.0,0.0,0.0,0.13,0.06,0.0,255.0,16.0,0.06,0.07,0.0,0.0,0.0,1.0,1.0,31631.0
45.0,5.0,0.0,0.0,0.0,0.0,207.0,1.0,1.0,0.09,0.05,0.0,255.0,4.0,0.02,0.08,0.0,1.0,1.0,0.0,1.0,5910.0
41.0,1.0,0.0,0.0,0.0,0.0,510.0,0.1,0.0,0.0,1.0,0.0,255.0,1.0,0.0,1.0,0.0,0.1,0.0,1.0,1.0,40356.0
4.0,5.0,0.0,0.0,0.0,0.0,239.0,1.0,1.0,0.0,0.06,0.0,255.0,1.0,0.0,0.05,0.0,1.0,1.0,0.0,1.0,71244.0
45.0,1.0,0.0,0.0,0.0,0.0,171.0,0.0,0.0,0.04,0.08,0.0,255.0,7.0,0.03,0.08,0.0,0.0,0.0,1.0,1.0,48801.0
45.0,5.0,0.0,0.0,0.0,0.0,145.0,1.0,1.0,0.1,0.06,0.0,255.0,1.0,0.0,0.08,0.0,1.0,1.0,0.0,1.0,93687.0
45.0,5.0,0.0,0.0,0.0,0.0,85.0,1.0,1.0,0.04,0.08,0.0,255.0,10.0,0.04,0.06,0.0,1.0,1.0,0.0,1.0,26948.0
60.0,5.0,0.0,0.0,0.0,0.0,112.0,1.0,1.0,0.11,0.06,0.0,255.0,3.0,0.01,0.07,0.0,1.0,1.0,0.0,1.0,59693.0
45.0,5.0,0.0,0.0,0.0,0.0,127.0,1.0,1.0,0.05,0.06,0.0,255.0,1.0,0.0,0.06,0.0,1.0,1.0,0.0,1.0,26854.0
23.0,5.0,0.0,0.0,0.0,0.0,138.0,1.0,1.0,0.06,0.07,0.0,255.0,7.0,0.03,0.05,0.0,1.0,1.0,0.0,1.0,54371.0
32.0,5.0,0.0,0.0,0.0,0.0,274.0,1.0,1.0,0.06,0.06,0.0,255.0,5.0,0.02,0.08,0.0,1.0,1.0,0.0,1.0,84246.0
38.0,5.0,0.0,0.0,0.0,0.0,136.0,1.0,1.0,0.13,0.05,0.0,255.0,10.0,0.04,0.06,0.0,1.0,1.0,0.0,1.0,121012.0
10.0,5.0,0.0,0.0,0.0,0.0,238.0,1.0,1.0,0.03,0.07,0.0,255.0,6.0,0.02,0.07,0.0,1.0,1.0,0.0,1.0,74261.0
14.0,9.0,520.0,0.0,0.0,0.0,436.0,0.0,0.0,1.0,0.0,0.0,180.0,180.0,1.0,0.0,0.0,0.0,0.0,0.0,1.0,51532.0
30.0,5.0,0.0,0.0,0.0,0.0,159.0,1.0,1.0,0.02,0.08,0.0,255.0,3.0,0.01,0.07,0.0,1.0,1.0,0.0,1.0,68262.0
55.0,5.0,0.0,0.0,0.0,0.0,78.0,1.0,1.0,0.19,0.06,0.0,255.0,15.0,0.06,0.06,0.0,1.0,1.0,0.0,1.0,21109.0
45.0,9.0,28.0,0.0,3.0,0.0,91.0,0.0,0.0,1.0,0.0,0.0,163.0,91.0,0.56,0.02,0.0,0.0,0.0,0.0,1.0,48180.0
45.0,3.0,0.0,0.0,0.0,0.0,91.0,0.0,0.0,0.01,0.54,0.0,255.0,1.0,0.0,0.2,0.0,0.0,0.0,1.0,1.0,71258.0
45.0,5.0,0.0,0.0,0.0,0.0,251.0,1.0,1.0,0.08,0.06,0.0,255.0,19.0,0.07,0.09,0.0,1.0,1.0,0.0,1.0,99853.0
6.0,5.0,0.0,0.0,0.0,0.0,203.0,1.0,1.0,0.01,0.07,0.0,255.0,5.0,0.02,0.07,0.0,1.0,1.0,0.0,1.0,123016.0
31.0,5.0,0.0,0.0,0.0,0.0,142.0,1.0,1.0,0.13,0.06,0.0,255.0,19.0,0.07,0.06,0.0,1.0,1.0,0.0,1.0,89377.0
45.0,5.0,0.0,0.0,0.0,0.0,212.0,1.0,1.0,0.07,0.06,0.0,255.0,4.0,0.02,0.07,0.0,1.0,1.0,0.0,1.0,49143.0
45.0,5.0,0.0,0.0,0.0,0.0,205.0,1.0,1.0,0.04,0.06,0.0,255.0,16.0,0.06,0.06,0.0,1.0,1.0,0.0,1.0,97954.0
9.0,2.0,0.0,0.0,0.0,0.0,256.0,0.0,0.0,0.02,0.07,0.0,255.0,4.0,0.02,0.07,0.0,0.0,0.0,1.0,1.0,64845.0
13.0,9.0,8.0,0.0,0.0,0.0,1.0,0.0,0.0,1.0,0.0,1.0,3.0,135.0,1.0,0.0,0.25,0.0,0.0,0.0,1.0,66068.0
7.0,5.0,0.0,0.0,0.0,0.0,223.0,1.0,1.0,0.09,0.06,0.0,255.0,19.0,0.07,0.07,0.0,1.0,1.0,0.0,1.0,86050.0
45.0,4.0,1.0,0.0,0.0,0.0,2.0,0.0,0.0,1.0,0.0,0.0,255.0,2.0,0.01,0.5,0.0,0.0,0.0,1.0,1.0,46434.0
14.0,9.0,1032.0,0.0,0.0,0.0,508.0,0.0,0.0,1.0,0.0,0.0,255.0,255.0,1.0,0.0,0.0,0.0,0.0,0.0,1.0,10154.0
14.0,9.0,520.0,0.0,0.0,0.0,457.0,0.0,0.0,1.0,0.0,0.0,223.0,223.0,1.0,0.0,0.0,0.0,0.0,0.0,1.0,14989.0
45.0,5.0,0.0,0.0,0.0,0.0,292.0,1.0,1.0,0.05,0.06,0.0,255.0,2.0,0.01,0.11,0.0,1.0,1.0,0.0,1.0,75045.0
45.0,9.0,1.0,0.0,0.0,0.0,30.0,0.0,0.0,0.6,0.1,0.0,255.0,18.0,0.07,0.18,0.0,0.0,0.0,0.0,1.0,18985.0
20.0,5.0,0.0,0.0,0.0,0.0,216.0,1.0,1.0,0.0,0.07,0.0,255.0,1.0,0.0,0.09,0.0,1.0,1.0,0.0,1.0,32604.0
53.0,5.0,0.0,0.0,0.0,0.0,123.0,1.0,1.0,0.16,0.07,0.0,255.0,20.0,0.08,0.07,0.0,1.0,1.0,0.0,1.0,116254.0
4.0,5.0,0.0,0.0,0.0,0.0,282.0,1.0,1.0,0.02,0.06,0.0,255.0,16.0,0.06,0.07,0.0,1.0,1.0,0.0,1.0,52992.0
45.0,5.0,0.0,0.0,0.0,0.0,251.0,1.0,1.0,0.01,0.07,0.0,255.0,3.0,0.01,0.08,0.0,1.0,1.0,0.0,1.0,99796.0
45.0,5.0,0.0,0.0,0.0,0.0,244.0,1.0,1.0,0.03,0.06,0.0,255.0,8.0,0.03,0.07,0.0,1.0,1.0,0.0,1.0,79590.0
13.0,9.0,8.0,0.0,0.0,0.0,1.0,0.0,0.0,1.0,0.0,1.0,2.0,56.0,1.0,0.0,0.5,0.0,0.0,0.0,1.0,45745.0
51.0,5.0,0.0,0.0,0.0,0.0,93.0,1.0,1.0,0.15,0.06,0.0,255.0,13.0,0.05,0.08,0.0,1.0,1.0,0.0,1.0,53778.0
45.0,1.0,0.0,0.0,0.0,0.0,282.0,0.0,0.0,0.05,0.06,0.0,255.0,13.0,0.05,0.06,0.0,0.0,0.0,1.0,1.0,3046.0
53.0,5.0,0.0,0.0,0.0,0.0,272.0,1.0,1.0,0.07,0.06,0.0,255.0,19.0,0.07,0.07,0.0,1.0,1.0,0.0,1.0,84553.0
55.0,2.0,0.0,0.0,0.0,0.0,104.0,0.0,0.0,0.01,0.08,0.0,255.0,1.0,0.0,0.07,0.0,0.0,0.0,1.0,1.0,111340.0
61.0,5.0,0.0,0.0,0.0,0.0,15.0,1.0,1.0,0.4,0.33,0.0,255.0,6.0,0.02,0.08,0.0,1.0,1.0,0.0,1.0,114472.0
45.0,5.0,0.0,0.0,0.0,0.0,130.0,1.0,1.0,0.12,0.06,0.0,255.0,26.0,0.1,0.06,0.0,1.0,1.0,0.0,1.0,11969.0
45.0,9.0,1.0,4.0,0.0,0.0,27.0,0.0,0.0,0.37,0.11,0.0,255.0,10.0,0.04,0.71,0.0,0.16,0.0,0.0,1.0,31050.0
45.0,1.0,0.0,0.0,0.0,0.0,186.0,0.0,0.0,0.07,0.07,0.0,255.0,13.0,0.05,0.08,0.0,0.0,0.0,1.0,1.0,5790.0
13.0,9.0,18.0,0.0,0.0,0.0,1.0,0.0,0.0,1.0,0.0,0.0,3.0,223.0,1.0,0.0,0.25,0.0,0.0,0.0,1.0,36724.0
41.0,1.0,0.0,0.0,0.0,0.0,399.0,0.09,0.0,0.0,1.0,0.0,255.0,1.0,0.0,1.0,0.0,0.11,0.0,1.0,1.0,8392.0
33.0,1.0,0.0,0.0,0.0,0.0,224.0,0.0,0.0,0.01,0.07,0.0,255.0,2.0,0.01,0.07,0.0,0.0,0.0,1.0,1.0,93074.0
32.0,5.0,0.0,0.0,0.0,0.0,61.0,1.0,1.0,0.1,0.08,0.0,255.0,6.0,0.02,0.07,0.0,1.0,1.0,0.0,1.0,70386.0
22.0,5.0,0.0,0.0,0.0,0.0,227.0,1.0,0.91,0.04,0.07,0.18,255.0,10.0,0.04,0.09,0.0,1.0,1.0,0.0,1.0,4035.0
45.0,5.0,0.0,0.0,0.0,0.0,249.0,1.0,1.0,0.05,0.06,0.0,255.0,14.0,0.05,0.06,0.0,1.0,1.0,0.0,1.0,109841.0
60.0,5.0,0.0,0.0,0.0,0.0,138.0,1.0,1.0,0.06,0.07,0.0,255.0,1.0,0.0,0.07,0.0,1.0,1.0,0.0,1.0,71924.0
45.0,5.0,0.0,0.0,0.0,0.0,45.0,1.0,1.0,0.33,0.13,0.0,255.0,15.0,0.06,0.08,0.0,1.0,1.0,0.0,1.0,22532.0
13.0,9.0,8.0,0.0,0.0,0.0,1.0,0.0,0.0,1.0,0.0,1.0,1.0,173.0,1.0,0.0,0.25,0.0,0.0,0.0,1.0,53793.0
13.0,9.0,18.0,0.0,0.0,0.0,1.0,0.0,0.0,1.0,0.0,0.0,1.0,129.0,1.0,0.0,1.0,0.0,0.0,0.0,1.0,69149.0
2.0,5.0,0.0,0.0,0.0,0.0,258.0,1.0,1.0,0.07,0.05,0.0,255.0,17.0,0.07,0.05,0.0,1.0,1.0,0.0,1.0,54085.0
14.0,9.0,520.0,0.0,0.0,0.0,377.0,0.0,0.0,1.0,0.0,0.0,255.0,255.0,1.0,0.0,0.0,0.0,0.0,0.0,1.0,30860.0
19.0,9.0,334.0,0.0,0.0,1.0,2.0,0.0,0.0,1.0,0.0,0.0,5.0,5.0,1.0,0.0,0.0,0.0,0.0,0.0,1.0,110755.0
55.0,2.0,0.0,0.0,0.0,0.0,255.0,0.0,0.0,0.02,0.07,0.0,255.0,4.0,0.02,0.07,0.0,0.0,0.0,1.0,1.0,99512.0
30.0,5.0,0.0,0.0,0.0,0.0,219.0,1.0,1.0,0.02,0.06,0.0,255.0,5.0,0.02,0.06,0.0,1.0,1.0,0.0,1.0,76986.0
4.0,5.0,0.0,0.0,0.0,0.0,272.0,1.0,1.0,0.04,0.06,0.0,255.0,11.0,0.04,0.07,0.0,1.0,1.0,0.0,1.0,87649.0
13.0,9.0,8.0,0.0,0.0,0.0,1.0,0.0,0.0,1.0,0.0,1.0,2.0,76.0,1.0,0.0,0.5,0.0,0.0,0.0,1.0,30862.0
45.0,5.0,0.0,0.0,0.0,0.0,108.0,1.0,1.0,0.02,0.06,0.0,255.0,13.0,0.05,0.06,0.0,1.0,1.0,0.0,1.0,46167.0
63.0,1.0,0.0,0.0,0.0,0.0,216.0,0.0,0.0,0.06,0.07,0.0,255.0,13.0,0.05,0.07,0.0,0.0,0.0,1.0,1.0,15549.0
45.0,9.0,207.0,0.0,0.0,0.0,2.0,0.0,0.0,1.0,0.0,0.0,248.0,208.0,0.84,0.01,0.0,0.0,0.0,0.0,1.0,79613.0
36.0,5.0,0.0,0.0,0.0,0.0,127.0,1.0,1.0,0.02,0.07,0.0,255.0,2.0,0.01,0.08,0.0,1.0,1.0,0.0,1.0,82439.0
9.0,5.0,0.0,0.0,0.0,0.0,284.0,1.0,1.0,0.04,0.06,0.0,255.0,12.0,0.05,0.08,0.0,1.0,1.0,0.0,1.0,109413.0
13.0,9.0,8.0,0.0,0.0,0.0,1.0,0.0,0.0,1.0,0.0,1.0,2.0,8.0,1.0,0.0,0.5,0.0,0.0,0.0,1.0,20194.0
45.0,1.0,0.0,0.0,0.0,0.0,257.0,0.04,0.0,0.0,1.0,0.0,255.0,1.0,0.0,0.97,0.0,0.04,0.0,1.0,1.0,103662.0
41.0,1.0,0.0,0.0,0.0,0.0,507.0,0.08,0.0,0.0,0.95,0.0,255.0,1.0,0.0,0.91,0.0,0.08,0.0,1.0,1.0,102207.0
45.0,9.0,1.0,0.0,0.0,0.0,28.0,0.0,0.0,0.04,0.25,0.0,255.0,1.0,0.0,0.04,0.0,0.0,0.0,0.0,1.0,98152.0
13.0,9.0,8.0,0.0,0.0,0.0,1.0,0.0,0.0,1.0,0.0,1.0,2.0,104.0,1.0,0.0,0.5,0.0,0.0,0.0,1.0,33214.0
45.0,1.0,0.0,0.0,0.0,0.0,322.0,0.0,0.0,0.0,0.51,0.0,255.0,1.0,0.0,0.51,0.0,0.0,0.0,1.0,1.0,42975.0
41.0,1.0,0.0,0.0,0.0,0.0,509.0,0.04,0.0,0.0,0.96,0.0,255.0,1.0,0.0,1.0,0.0,0.04,0.0,1.0,1.0,9504.0
36.0,5.0,0.0,0.0,0.0,0.0,228.0,1.0,1.0,0.03,0.06,0.0,255.0,12.0,0.05,0.07,0.0,1.0,1.0,0.0,1.0,109474.0
45.0,5.0,0.0,0.0,0.0,0.0,117.0,1.0,1.0,0.03,0.07,0.0,255.0,7.0,0.03,0.07,0.0,1.0,1.0,0.0,1.0,121474.0
45.0,9.0,28.0,0.0,3.0,0.0,22.0,0.0,0.0,1.0,0.0,0.0,255.0,22.0,0.09,0.02,0.0,0.0,0.0,0.0,1.0,22994.0
45.0,5.0,0.0,0.0,0.0,0.0,213.0,1.0,1.0,0.07,0.05,0.0,255.0,14.0,0.05,0.06,0.0,1.0,1.0,0.0,1.0,2142.0
14.0,9.0,1032.0,0.0,0.0,0.0,509.0,0.0,0.0,1.0,0.0,0.0,255.0,152.0,0.6,0.17,0.0,0.0,0.0,0.0,1.0,59814.0
52.0,5.0,0.0,0.0,0.0,0.0,272.0,1.0,1.0,0.06,0.06,0.0,255.0,9.0,0.04,0.06,0.0,1.0,1.0,0.0,1.0,63392.0
63.0,5.0,0.0,0.0,0.0,0.0,229.0,1.0,1.0,0.07,0.07,0.0,255.0,15.0,0.06,0.07,0.0,1.0,1.0,0.0,1.0,67845.0
45.0,5.0,0.0,0.0,0.0,0.0,74.0,1.0,1.0,0.15,0.08,0.0,255.0,11.0,0.04,0.06,0.0,1.0,1.0,0.0,1.0,60682.0
45.0,5.0,0.0,0.0,0.0,0.0,113.0,1.0,1.0,0.18,0.05,0.0,255.0,17.0,0.07,0.06,0.0,1.0,1.0,0.0,1.0,13872.0
39.0,5.0,0.0,0.0,0.0,0.0,281.0,1.0,1.0,0.05,0.06,0.0,255.0,3.0,0.01,0.07,0.0,1.0,1.0,0.0,1.0,80617.0
41.0,2.0,0.0,0.0,0.0,0.0,205.0,0.0,0.0,0.01,0.06,0.0,255.0,3.0,0.01,0.07,0.0,0.0,0.0,1.0,1.0,80857.0
19.0,5.0,0.0,0.0,0.0,0.0,59.0,1.0,1.0,0.22,0.07,0.0,255.0,71.0,0.28,0.02,0.0,1.0,1.0,0.0,1.0,115953.0
60.0,5.0,0.0,0.0,0.0,0.0,129.0,1.0,1.0,0.15,0.05,0.0,255.0,19.0,0.07,0.05,0.0,1.0,1.0,0.0,1.0,87505.0
45.0,10.0,0.0,0.0,0.0,0.0,1.0,1.0,1.0,1.0,0.0,0.0,146.0,1.0,0.01,0.93,0.0,0.95,1.0,0.0,1.0,42593.0
7.0,5.0,0.0,0.0,0.0,0.0,102.0,1.0,1.0,0.13,0.06,0.0,255.0,6.0,0.02,0.07,0.0,1.0,1.0,0.0,1.0,48382.0
16.0,5.0,0.0,0.0,0.0,0.0,149.0,1.0,1.0,0.08,0.05,0.0,255.0,6.0,0.02,0.07,0.0,1.0,1.0,0.0,1.0,79801.0
45.0,5.0,0.0,0.0,0.0,0.0,142.0,1.0,1.0,0.1,0.06,0.0,255.0,20.0,0.08,0.07,0.0,1.0,1.0,0.0,1.0,7039.0
45.0,5.0,0.0,0.0,0.0,0.0,120.0,1.0,1.0,0.13,0.05,0.0,255.0,16.0,0.06,0.05,0.0,1.0,1.0,0.0,1.0,61252.0
2.0,5.0,0.0,0.0,0.0,0.0,253.0,1.0,1.0,0.09,0.05,0.0,255.0,22.0,0.09,0.05,0.0,1.0,1.0,0.0,1.0,32635.0
45.0,5.0,0.0,0.0,0.0,0.0,143.0,1.0,1.0,0.01,0.06,0.0,118.0,2.0,0.02,0.12,0.0,1.0,1.0,0.0,1.0,72985.0
14.0,9.0,520.0,0.0,0.0,0.0,388.0,0.0,0.0,1.0,0.0,0.0,255.0,255.0,1.0,0.0,0.0,0.0,0.0,0.0,1.0,106785.0
45.0,9.0,28.0,0.0,3.0,0.0,22.0,0.0,0.0,1.0,0.0,0.0,235.0,22.0,0.09,0.69,0.0,0.03,0.0,0.0,1.0,33464.0
15.0,1.0,0.0,0.0,0.0,0.0,132.0,0.0,0.0,0.05,0.06,0.0,255.0,6.0,0.02,0.07,0.0,0.0,0.0,1.0,1.0,105904.0
13.0,9.0,8.0,0.0,0.0,0.0,1.0,0.0,0.0,1.0,0.0,1.0,2.0,128.0,1.0,0.0,0.5,0.0,0.0,0.0,1.0,62288.0
62.0,5.0,0.0,0.0,0.0,0.0,254.0,1.0,1.0,0.06,0.06,0.0,255.0,14.0,0.05,0.06,0.0,1.0,1.0,0.0,1.0,77707.0
57.0,5.0,0.0,0.0,0.0,0.0,275.0,1.0,1.0,0.07,0.05,0.0,255.0,19.0,0.07,0.05,0.0,1.0,1.0,0.0,1.0,51105.0
45.0,1.0,0.0,0.0,0.0,0.0,104.0,0.0,0.0,0.01,0.08,0.0,29.0,1.0,0.03,0.17,0.0,0.0,0.0,1.0,1.0,22943.0
41.0,1.0,0.0,0.0,0.0,0.0,511.0,0.21,0.0,0.0,1.0,0.0,255.0,1.0,0.0,1.0,0.0,0.19,0.0,1.0,1.0,108928.0
5.0,1.0,0.0,0.0,0.0,0.0,148.0,0.0,0.0,0.13,0.06,0.0,255.0,19.0,0.07,0.07,0.0,0.0,0.0,1.0,1.0,28400.0
13.0,9.0,8.0,0.0,0.0,0.0,1.0,0.0,0.0,1.0,0.0,1.0,2.0,10.0,1.0,0.0,0.5,0.0,0.0,0.0,1.0,50712.0
23.0,1.0,0.0,0.0,0.0,0.0,142.0,0.0,0.0,0.1,0.06,0.0,255.0,7.0,0.03,0.07,0.0,0.0,0.0,1.0,1.0,20137.0
45.0,1.0,0.0,0.0,0.0,0.0,114.0,0.0,0.0,0.06,0.08,0.0,139.0,7.0,0.05,0.08,0.0,0.0,0.0,1.0,1.0,68535.0
17.0,5.0,0.0,0.0,0.0,0.0,121.0,1.0,1.0,0.05,0.07,0.0,255.0,6.0,0.02,0.07,0.0,1.0,1.0,0.0,1.0,121142.0
60.0,5.0,0.0,0.0,0.0,0.0,125.0,1.0,1.0,0.02,0.06,0.0,255.0,3.0,0.01,0.05,0.0,1.0,1.0,0.0,1.0,58546.0
5.0,1.0,0.0,0.0,0.0,0.0,124.0,0.0,0.0,0.09,0.06,0.0,255.0,11.0,0.04,0.08,0.0,0.0,0.0,1.0,1.0,125610.0
13.0,9.0,8.0,0.0,0.0,0.0,1.0,0.0,0.0,1.0,0.0,1.0,2.0,60.0,1.0,0.0,0.5,0.0,0.0,0.0,1.0,93365.0
46.0,1.0,0.0,0.0,0.0,0.0,37.0,0.0,0.0,0.03,1.0,0.0,155.0,1.0,0.01,0.32,0.0,0.0,0.0,1.0,1.0,56732.0
52.0,5.0,0.0,0.0,0.0,0.0,208.0,1.0,1.0,0.1,0.06,0.0,255.0,20.0,0.08,0.07,0.0,1.0,1.0,0.0,1.0,22851.0
45.0,9.0,28.0,0.0,3.0,0.0,131.0,0.76,0.0,0.24,0.05,0.0,255.0,31.0,0.12,0.88,0.0,0.09,0.0,0.0,1.0,55611.0
54.0,1.0,0.0,0.0,0.0,0.0,300.0,0.0,0.0,0.07,0.05,0.0,255.0,20.0,0.08,0.06,0.0,0.0,0.0,1.0,1.0,54119.0
53.0,5.0,0.0,0.0,0.0,0.0,227.0,1.0,1.0,0.04,0.06,0.0,255.0,10.0,0.04,0.07,0.0,1.0,1.0,0.0,1.0,77681.0
5.0,5.0,0.0,0.0,0.0,0.0,146.0,1.0,1.0,0.15,0.05,0.0,255.0,22.0,0.09,0.06,0.0,1.0,1.0,0.0,1.0,121531.0
45.0,5.0,0.0,0.0,0.0,0.0,58.0,1.0,1.0,0.34,0.1,0.0,255.0,20.0,0.08,0.09,0.0,1.0,1.0,0.0,1.0,106944.0
8.0,5.0,0.0,0.0,0.0,0.0,137.0,1.0,1.0,0.15,0.05,0.0,255.0,10.0,0.04,0.06,0.0,1.0,1.0,0.0,1.0,121725.0
45.0,5.0,0.0,0.0,0.0,0.0,27.0,1.0,1.0,0.3,0.11,0.0,255.0,8.0,0.03,0.08,0.0,1.0,1.0,0.0,1.0,79250.0
45.0,1.0,0.0,0.0,0.0,0.0,216.0,0.0,0.0,0.03,0.06,0.0,255.0,7.0,0.03,0.08,0.0,0.0,0.0,1.0,1.0,82898.0
16.0,5.0,0.0,0.0,0.0,0.0,140.0,1.0,1.0,0.02,0.06,0.0,255.0,12.0,0.05,0.06,0.0,1.0,1.0,0.0,1.0,48322.0
45.0,1.0,0.0,0.0,0.0,0.0,297.0,0.0,0.0,0.06,0.06,0.0,255.0,17.0,0.07,0.08,0.0,0.0,0.0,1.0,1.0,2123.0
22.0,5.0,0.0,0.0,0.0,0.0,13.0,1.0,0.88,0.54,0.15,0.25,173.0,47.0,0.27,0.02,0.0,1.0,1.0,0.0,1.0,86705.0
45.0,5.0,0.0,0.0,0.0,0.0,169.0,1.0,1.0,0.15,0.06,0.0,255.0,25.0,0.1,0.05,0.0,1.0,1.0,0.0,1.0,107748.0
45.0,5.0,0.0,0.0,0.0,0.0,235.0,1.0,1.0,0.04,0.05,0.0,255.0,10.0,0.04,0.06,0.0,1.0,1.0,0.0,1.0,63300.0
49.0,5.0,0.0,0.0,0.0,0.0,14.0,1.0,1.0,1.0,0.0,0.0,196.0,144.0,0.48,0.01,0.01,0.99,0.65,0.0,1.0,31897.0
34.0,5.0,0.0,0.0,0.0,0.0,99.0,1.0,1.0,0.11,0.05,0.0,255.0,11.0,0.04,0.05,0.0,1.0,1.0,0.0,1.0,77679.0
2.0,5.0,0.0,0.0,0.0,0.0,271.0,1.0,1.0,0.06,0.05,0.0,255.0,16.0,0.06,0.05,0.0,1.0,1.0,0.0,1.0,96688.0
25.0,5.0,0.0,0.0,0.0,0.0,108.0,1.0,1.0,0.11,0.06,0.0,255.0,2.0,0.01,0.07,0.0,1.0,1.0,0.0,1.0,85969.0
55.0,4.0,0.0,0.0,0.0,0.0,1.0,0.0,0.0,1.0,0.0,1.0,255.0,1.0,0.0,0.11,0.0,0.0,0.0,1.0,1.0,47591.0
21.0,1.0,0.0,0.0,0.0,0.0,273.0,0.0,0.0,0.03,0.06,0.0,255.0,7.0,0.03,0.07,0.0,0.0,0.0,1.0,1.0,105728.0
45.0,1.0,0.0,0.0,0.0,0.0,146.0,0.0,0.0,0.13,0.05,0.0,255.0,11.0,0.04,0.06,0.0,0.0,0.0,1.0,1.0,22158.0
30.0,5.0,0.0,0.0,0.0,0.0,237.0,1.0,1.0,0.04,0.06,0.0,255.0,10.0,0.04,0.07,0.0,1.0,1.0,0.0,1.0,75149.0
45.0,5.0,0.0,0.0,0.0,0.0,224.0,1.0,1.0,0.03,0.07,0.0,255.0,15.0,0.06,0.06,0.0,1.0,1.0,0.0,1.0,30289.0
2.0,5.0,0.0,0.0,0.0,0.0,293.0,1.0,1.0,0.06,0.05,0.0,255.0,17.0,0.07,0.05,0.0,1.0,1.0,0.0,1.0,2222.0
27.0,5.0,0.0,0.0,0.0,0.0,103.0,1.0,1.0,0.17,0.07,0.0,255.0,17.0,0.07,0.06,0.0,1.0,1.0,0.0,1.0,119603.0
16.0,5.0,0.0,0.0,0.0,0.0,14.0,1.0,1.0,0.21,0.21,0.0,255.0,17.0,0.07,0.07,0.0,1.0,1.0,0.0,1.0,2091.0
45.0,1.0,0.0,0.0,0.0,0.0,68.0,0.0,0.0,0.12,0.09,0.0,255.0,8.0,0.03,0.07,0.0,0.0,0.0,1.0,1.0,93472.0
4.0,5.0,0.0,0.0,0.0,0.0,212.0,1.0,1.0,0.08,0.07,0.0,255.0,13.0,0.05,0.08,0.0,1.0,1.0,0.0,1.0,123234.0
14.0,9.0,1032.0,0.0,0.0,0.0,511.0,0.0,0.0,1.0,0.0,0.0,216.0,71.0,0.33,0.01,0.0,0.0,0.0,0.0,1.0,115836.0
45.0,1.0,0.0,0.0,0.0,0.0,136.0,0.0,0.0,0.13,0.06,0.0,255.0,38.0,0.15,0.07,0.0,0.0,0.0,1.0,1.0,121536.0
55.0,5.0,0.0,0.0,0.0,0.0,5.0,0.8,1.0,0.8,0.4,0.0,4.0,5.0,1.0,0.0,0.4,1.0,0.8,0.0,1.0,114504.0
62.0,1.0,0.0,0.0,0.0,0.0,175.0,0.0,0.0,0.09,0.06,0.0,255.0,15.0,0.06,0.07,0.0,0.0,0.0,1.0,1.0,55869.0
45.0,5.0,0.0,0.0,0.0,0.0,183.0,1.0,1.0,0.02,0.08,0.0,255.0,17.0,0.07,0.06,0.0,1.0,1.0,0.0,1.0,51372.0
45.0,1.0,0.0,0.0,0.0,0.0,129.0,0.0,0.0,0.16,0.07,0.0,54.0,20.0,0.37,0.11,0.0,0.0,0.0,1.0,1.0,110671.0
49.0,5.0,0.0,0.0,0.0,0.0,15.0,1.0,0.88,1.0,0.0,0.18,157.0,138.0,0.48,0.01,0.01,0.99,0.54,0.0,1.0,125152.0
19.0,5.0,0.0,0.0,0.0,0.0,2.0,0.5,1.0,0.5,1.0,0.0,255.0,43.0,0.17,0.05,0.0,1.0,1.0,0.0,1.0,35045.0
10.0,5.0,0.0,0.0,0.0,0.0,234.0,1.0,1.0,0.03,0.06,0.0,255.0,8.0,0.03,0.05,0.0,1.0,1.0,0.0,1.0,103319.0
14.0,9.0,520.0,0.0,0.0,0.0,231.0,0.0,0.0,1.0,0.0,0.0,255.0,255.0,1.0,0.0,0.0,0.0,0.0,0.0,1.0,123612.0
62.0,5.0,0.0,0.0,0.0,0.0,226.0,1.0,1.0,0.05,0.07,0.0,255.0,12.0,0.05,0.07,0.0,1.0,1.0,0.0,1.0,86905.0
17.0,5.0,0.0,0.0,0.0,0.0,45.0,1.0,1.0,0.29,0.09,0.0,255.0,68.0,0.27,0.03,0.0,1.0,1.0,0.0,1.0,101938.0
25.0,5.0,0.0,0.0,0.0,0.0,50.0,1.0,1.0,0.28,0.12,0.0,255.0,14.0,0.05,0.09,0.0,1.0,1.0,0.0,1.0,10516.0
13.0,9.0,8.0,0.0,0.0,0.0,1.0,0.0,0.0,1.0,0.0,1.0,2.0,224.0,1.0,0.0,0.5,0.0,0.0,0.0,1.0,92722.0
45.0,9.0,215.0,0.0,0.0,0.0,1.0,0.0,0.0,1.0,0.0,0.0,255.0,214.0,0.84,0.01,0.0,0.0,0.0,0.0,1.0,30909.0
45.0,5.0,0.0,0.0,0.0,0.0,182.0,1.0,1.0,0.03,0.08,0.0,255.0,5.0,0.02,0.08,0.0,1.0,1.0,0.0,1.0,6401.0
5.0,5.0,0.0,0.0,0.0,0.0,139.0,1.0,1.0,0.17,0.05,0.0,255.0,23.0,0.09,0.05,0.0,1.0,1.0,0.0,1.0,96174.0
45.0,5.0,0.0,0.0,0.0,0.0,283.0,1.0,1.0,0.06,0.06,0.0,255.0,8.0,0.03,0.07,0.0,1.0,1.0,0.0,1.0,29165.0
45.0,5.0,0.0,0.0,0.0,0.0,94.0,1.0,1.0,0.04,0.06,0.0,255.0,20.0,0.08,0.07,0.0,1.0,1.0,0.0,1.0,120525.0
45.0,5.0,0.0,0.0,0.0,0.0,199.0,1.0,1.0,0.02,0.07,0.0,255.0,4.0,0.02,0.05,0.0,1.0,1.0,0.0,1.0,113312.0
22.0,5.0,0.0,0.0,0.0,0.0,233.0,1.0,1.0,0.01,0.06,0.0,255.0,3.0,0.01,0.06,0.0,1.0,1.0,0.0,1.0,78556.0
45.0,5.0,0.0,0.0,0.0,0.0,133.0,1.0,1.0,0.11,0.06,0.0,255.0,14.0,0.05,0.07,0.0,1.0,1.0,0.0,1.0,44201.0
41.0,4.0,1.0,0.0,0.0,0.0,2.0,0.0,0.0,1.0,0.0,0.0,255.0,2.0,0.01,0.73,0.0,0.0,0.0,1.0,1.0,31466.0
45.0,5.0,0.0,0.0,0.0,0.0,271.0,1.0,1.0,0.03,0.06,0.0,255.0,1.0,0.0,0.08,0.0,1.0,1.0,0.0,1.0,32664.0
45.0,5.0,0.0,0.0,0.0,0.0,218.0,1.0,1.0,0.06,0.06,0.0,255.0,20.0,0.08,0.06,0.0,1.0,1.0,0.0,1.0,104077.0
45.0,5.0,0.0,0.0,0.0,0.0,93.0,1.0,1.0,0.02,0.06,0.0,255.0,18.0,0.07,0.06,0.0,1.0,1.0,0.0,1.0,41552.0
52.0,5.0,0.0,0.0,0.0,0.0,297.0,1.0,1.0,0.0,0.06,0.0,255.0,4.0,0.02,0.07,0.0,1.0,1.0,0.0,1.0,87582.0
45.0,5.0,0.0,0.0,0.0,0.0,200.0,1.0,1.0,0.01,0.05,0.0,255.0,3.0,0.01,0.05,0.0,1.0,1.0,0.0,1.0,107390.0
18.0,5.0,0.0,0.0,0.0,0.0,272.0,1.0,1.0,0.08,0.05,0.0,255.0,22.0,0.09,0.05,0.0,1.0,1.0,0.0,1.0,53758.0
17.0,5.0,0.0,0.0,0.0,0.0,3.0,1.0,1.0,0.67,0.67,0.0,255.0,58.0,0.23,0.02,0.0,1.0,1.0,0.0,1.0,105347.0
55.0,5.0,0.0,0.0,0.0,0.0,19.0,1.0,1.0,1.0,0.0,0.0,141.0,81.0,0.57,0.01,0.0,0.99,0.98,0.0,1.0,54860.0
54.0,4.0,0.0,0.0,0.0,0.0,1.0,0.0,0.0,1.0,0.0,0.0,141.0,1.0,0.01,0.1,0.0,0.0,0.0,1.0,1.0,28030.0
32.0,5.0,0.0,0.0,0.0,0.0,211.0,1.0,1.0,0.06,0.06,0.0,255.0,12.0,0.05,0.07,0.0,1.0,1.0,0.0,1.0,70545.0
41.0,4.0,1.0,0.0,0.0,0.0,2.0,0.0,0.0,1.0,0.0,0.0,255.0,2.0,0.01,0.73,0.0,0.0,0.0,1.0,1.0,64709.0
55.0,5.0,0.0,0.0,0.0,0.0,40.0,1.0,1.0,0.28,0.1,0.0,255.0,46.0,0.18,0.05,0.0,1.0,1.0,0.0,1.0,103218.0
45.0,5.0,0.0,0.0,0.0,0.0,178.0,1.0,1.0,0.02,0.06,0.0,255.0,17.0,0.07,0.07,0.0,1.0,1.0,0.0,1.0,22122.0
10.0,1.0,0.0,0.0,0.0,0.0,271.0,0.0,0.0,0.03,0.06,0.0,255.0,7.0,0.03,0.07,0.0,0.0,0.0,1.0,1.0,28053.0
14.0,9.0,520.0,0.0,0.0,0.0,198.0,0.0,0.0,1.0,0.0,0.0,255.0,255.0,1.0,0.0,0.0,0.0,0.0,0.0,1.0,52089.0
17.0,5.0,0.0,0.0,0.0,0.0,247.0,1.0,1.0,0.07,0.06,0.0,255.0,18.0,0.07,0.07,0.0,1.0,1.0,0.0,1.0,18206.0
37.0,5.0,0.0,0.0,0.0,0.0,221.0,1.0,1.0,0.05,0.06,0.0,255.0,10.0,0.04,0.06,0.0,1.0,1.0,0.0,1.0,120457.0
45.0,1.0,0.0,0.0,0.0,0.0,198.0,0.07,0.0,0.01,0.99,0.0,255.0,1.0,0.0,0.78,0.0,0.05,0.0,1.0,1.0,124172.0
46.0,5.0,0.0,0.0,0.0,0.0,270.0,1.0,1.0,0.05,0.07,0.0,255.0,14.0,0.05,0.08,0.0,1.0,1.0,0.0,1.0,7535.0
14.0,9.0,1032.0,0.0,0.0,0.0,129.0,0.0,0.0,1.0,0.0,0.0,255.0,129.0,0.51,0.01,0.0,0.0,0.0,0.0,1.0,56100.0
45.0,1.0,0.0,0.0,0.0,0.0,116.0,0.0,0.0,0.12,0.07,0.0,191.0,14.0,0.07,0.07,0.0,0.0,0.0,1.0,1.0,41685.0
45.0,5.0,0.0,0.0,0.0,0.0,279.0,1.0,1.0,0.05,0.06,0.0,255.0,32.0,0.13,0.07,0.0,1.0,1.0,0.0,1.0,55976.0
14.0,9.0,520.0,0.0,0.0,0.0,254.0,0.0,0.0,1.0,0.0,0.0,255.0,255.0,1.0,0.0,0.0,0.0,0.0,0.0,1.0,52769.0
55.0,5.0,0.0,0.0,0.0,0.0,228.0,1.0,1.0,0.08,0.06,0.0,255.0,16.0,0.06,0.08,0.0,1.0,1.0,0.0,1.0,27576.0
45.0,5.0,0.0,0.0,0.0,0.0,132.0,1.0,1.0,0.14,0.06,0.0,187.0,19.0,0.1,0.06,0.0,1.0,1.0,0.0,1.0,38323.0
9.0,5.0,0.0,0.0,0.0,0.0,271.0,1.0,1.0,0.04,0.06,0.0,255.0,10.0,0.04,0.08,0.0,1.0,1.0,0.0,1.0,28092.0
45.0,5.0,0.0,0.0,0.0,0.0,123.0,1.0,1.0,0.13,0.06,0.0,255.0,18.0,0.07,0.07,0.0,1.0,1.0,0.0,1.0,30525.0
13.0,9.0,8.0,0.0,0.0,0.0,1.0,0.0,0.0,1.0,0.0,1.0,1.0,135.0,1.0,0.0,0.5,0.0,0.0,0.0,1.0,24713.0
46.0,5.0,0.0,0.0,0.0,0.0,280.0,1.0,1.0,0.05,0.05,0.0,255.0,13.0,0.05,0.05,0.0,1.0,1.0,0.0,1.0,39574.0
45.0,1.0,0.0,0.0,0.0,0.0,146.0,0.0,0.0,0.12,0.05,0.0,255.0,7.0,0.03,0.06,0.0,0.0,0.0,1.0,1.0,125228.0
3.0,5.0,0.0,0.0,0.0,0.0,243.0,1.0,1.0,0.02,0.07,0.0,255.0,6.0,0.02,0.07,0.0,1.0,1.0,0.0,1.0,117576.0
61.0,5.0,0.0,0.0,0.0,0.0,251.0,1.0,1.0,0.01,0.06,0.0,255.0,3.0,0.01,0.07,0.0,1.0,1.0,0.0,1.0,58881.0
45.0,5.0,0.0,0.0,0.0,0.0,139.0,1.0,1.0,0.07,0.06,0.0,255.0,16.0,0.06,0.06,0.0,1.0,1.0,0.0,1.0,90719.0
41.0,1.0,0.0,0.0,0.0,0.0,511.0,0.13,0.0,0.0,1.0,0.0,255.0,1.0,0.0,1.0,0.0,0.13,0.0,1.0,1.0,85821.0
14.0,9.0,520.0,0.0,0.0,0.0,298.0,0.0,0.0,1.0,0.0,0.0,255.0,255.0,1.0,0.0,0.0,0.0,0.0,0.0,1.0,103109.0
45.0,0.0,0.0,0.0,0.0,0.0,1.0,0.0,0.0,1.0,0.0,0.0,156.0,1.0,0.01,0.69,0.0,0.04,0.0,0.0,1.0,104489.0
23.0,1.0,0.0,0.0,0.0,0.0,2.0,0.0,0.0,0.5,1.0,0.0,255.0,1.0,0.0,1.0,0.0,0.0,0.0,1.0,1.0,12629.0
4.0,5.0,0.0,0.0,0.0,0.0,267.0,1.0,1.0,0.02,0.06,0.0,255.0,6.0,0.02,0.07,0.0,1.0,1.0,0.0,1.0,84058.0
29.0,5.0,0.0,0.0,0.0,0.0,150.0,1.0,1.0,0.12,0.05,0.0,255.0,3.0,0.01,0.06,0.0,1.0,1.0,0.0,1.0,70722.0
60.0,2.0,0.0,0.0,0.0,0.0,147.0,0.0,0.0,0.12,0.06,0.0,255.0,18.0,0.07,0.06,0.0,0.0,0.0,1.0,1.0,78214.0
13.0,9.0,8.0,0.0,0.0,0.0,1.0,0.0,0.0,1.0,0.0,1.0,1.0,58.0,1.0,0.0,0.52,0.0,0.0,0.0,1.0,51607.0
45.0,1.0,0.0,0.0,0.0,0.0,257.0,0.0,0.0,0.07,0.07,0.0,255.0,18.0,0.07,0.08,0.0,0.0,0.0,1.0,1.0,95100.0
2.0,5.0,0.0,0.0,0.0,0.0,230.0,1.0,1.0,0.03,0.07,0.0,255.0,7.0,0.03,0.08,0.0,1.0,1.0,0.0,1.0,82808.0
45.0,9.0,28.0,0.0,3.0,0.0,42.0,0.0,0.0,1.0,0.0,0.0,114.0,42.0,0.37,0.04,0.0,0.0,0.0,0.0,1.0,7548.0
45.0,5.0,0.0,0.0,0.0,0.0,143.0,1.0,1.0,0.09,0.06,0.0,255.0,9.0,0.04,0.05,0.0,1.0,1.0,0.0,1.0,110797.0
41.0,1.0,0.0,0.0,0.0,0.0,426.0,0.06,0.0,0.0,1.0,0.0,255.0,1.0,0.0,1.0,0.0,0.08,0.0,1.0,1.0,97230.0
41.0,5.0,0.0,0.0,0.0,0.0,509.0,0.23,1.0,0.0,1.0,0.0,255.0,1.0,0.0,1.0,0.0,0.29,1.0,0.0,1.0,46141.0
45.0,5.0,0.0,0.0,0.0,0.0,172.0,1.0,1.0,0.11,0.06,0.0,255.0,2.0,0.01,0.07,0.0,1.0,1.0,0.0,1.0,113560.0
16.0,5.0,0.0,0.0,0.0,0.0,97.0,1.0,1.0,0.07,0.06,0.0,255.0,17.0,0.07,0.07,0.0,1.0,1.0,0.0,1.0,92495.0
45.0,5.0,0.0,0.0,0.0,0.0,222.0,1.0,1.0,0.05,0.06,0.0,255.0,13.0,0.05,0.09,0.0,1.0,1.0,0.0,1.0,70461.0
45.0,5.0,0.0,0.0,0.0,0.0,192.0,1.0,1.0,0.09,0.05,0.0,255.0,18.0,0.07,0.05,0.0,1.0,1.0,0.0,1.0,101334.0
23.0,5.0,0.0,0.0,0.0,0.0,133.0,1.0,1.0,0.16,0.05,0.0,255.0,21.0,0.08,0.05,0.0,1.0,1.0,0.0,1.0,94956.0
26.0,1.0,0.0,0.0,0.0,0.0,231.0,0.0,0.0,0.01,0.07,0.0,255.0,2.0,0.01,0.07,0.0,0.0,0.0,1.0,1.0,92435.0
45.0,5.0,0.0,0.0,0.0,0.0,121.0,1.0,1.0,0.12,0.05,0.0,255.0,14.0,0.05,0.05,0.0,1.0,1.0,0.0,1.0,20431.0
27.0,5.0,0.0,0.0,0.0,0.0,150.0,1.0,1.0,0.13,0.05,0.0,255.0,20.0,0.08,0.06,0.0,1.0,1.0,0.0,1.0,48621.0
5.0,5.0,0.0,0.0,0.0,0.0,150.0,1.0,1.0,0.17,0.05,0.0,255.0,25.0,0.1,0.05,0.0,1.0,1.0,0.0,1.0,99197.0
45.0,5.0,0.0,0.0,0.0,0.0,73.0,1.0,1.0,0.03,0.07,0.0,255.0,12.0,0.05,0.06,0.0,1.0,1.0,0.0,1.0,93375.0
22.0,5.0,0.0,0.0,0.0,0.0,261.0,1.0,1.0,0.07,0.05,0.0,255.0,17.0,0.07,0.07,0.0,1.0,1.0,0.0,1.0,65663.0
45.0,1.0,0.0,0.0,0.0,0.0,135.0,0.0,0.0,0.11,0.07,0.0,255.0,13.0,0.05,0.07,0.0,0.0,0.0,1.0,1.0,91058.0
12.0,5.0,0.0,0.0,0.0,0.0,263.0,1.0,1.0,0.08,0.06,0.0,255.0,20.0,0.08,0.06,0.0,1.0,1.0,0.0,1.0,88759.0
8.0,5.0,0.0,0.0,0.0,0.0,227.0,1.0,1.0,0.08,0.06,0.0,255.0,18.0,0.07,0.06,0.0,1.0,1.0,0.0,1.0,100927.0
41.0,1.0,0.0,0.0,0.0,0.0,510.0,0.2,0.0,0.0,1.0,0.0,255.0,1.0,0.0,1.0,0.0,0.15,0.0,1.0,1.0,39433.0
49.0,5.0,0.0,0.0,0.0,0.0,213.0,1.0,1.0,0.0,0.05,0.0,255.0,1.0,0.0,0.05,0.0,1.0,1.0,0.0,1.0,86327.0
37.0,5.0,0.0,0.0,0.0,0.0,123.0,1.0,1.0,0.02,0.06,0.0,255.0,2.0,0.01,0.07,0.0,1.0,1.0,0.0,1.0,77666.0
14.0,9.0,1032.0,0.0,0.0,0.0,511.0,0.0,0.0,1.0,0.0,0.0,255.0,1.0,0.0,0.22,0.0,0.22,0.0,0.0,1.0,69989.0
45.0,5.0,0.0,0.0,0.0,0.0,93.0,1.0,1.0,0.09,0.06,0.0,255.0,8.0,0.03,0.06,0.0,1.0,1.0,0.0,1.0,52793.0
55.0,5.0,0.0,0.0,0.0,0.0,37.0,1.0,1.0,0.46,0.05,0.0,255.0,17.0,0.07,0.07,0.0,1.0,1.0,0.0,1.0,19000.0
41.0,1.0,0.0,0.0,0.0,0.0,474.0,0.07,0.0,0.0,1.0,0.0,255.0,1.0,0.0,1.0,0.0,0.04,0.0,1.0,1.0,32076.0
45.0,5.0,0.0,0.0,0.0,0.0,11.0,1.0,1.0,0.73,0.27,0.0,255.0,11.0,0.04,0.07,0.0,1.0,1.0,0.0,1.0,106880.0
45.0,1.0,0.0,0.0,0.0,0.0,2.0,0.0,0.0,0.5,1.0,0.0,255.0,1.0,0.0,0.33,0.0,0.25,0.0,1.0,1.0,36550.0
23.0,1.0,0.0,0.0,0.0,0.0,78.0,0.0,0.0,0.15,0.08,0.0,255.0,12.0,0.05,0.06,0.0,0.0,0.0,1.0,1.0,86730.0
45.0,5.0,0.0,0.0,0.0,0.0,166.0,1.0,1.0,0.07,0.06,0.0,255.0,20.0,0.08,0.07,0.0,1.0,1.0,0.0,1.0,85765.0
5.0,1.0,0.0,0.0,0.0,0.0,100.0,0.0,0.0,0.01,0.07,0.0,255.0,1.0,0.0,0.06,0.0,0.0,0.0,1.0,1.0,60655.0
13.0,9.0,8.0,0.0,0.0,0.0,1.0,0.0,0.0,1.0,0.0,1.0,2.0,134.0,1.0,0.0,0.25,0.0,0.0,0.0,1.0,59968.0
45.0,5.0,0.0,0.0,0.0,0.0,127.0,1.0,1.0,0.11,0.08,0.0,255.0,14.0,0.05,0.07,0.0,1.0,1.0,0.0,1.0,79700.0
52.0,5.0,0.0,0.0,0.0,0.0,199.0,1.0,1.0,0.04,0.06,0.0,255.0,20.0,0.08,0.06,0.0,1.0,1.0,0.0,1.0,6615.0
45.0,5.0,0.0,0.0,0.0,0.0,283.0,1.0,1.0,0.07,0.04,0.0,143.0,19.0,0.13,0.07,0.0,0.99,1.0,0.0,1.0,16954.0
41.0,4.0,1.0,0.0,0.0,0.0,2.0,0.0,0.0,1.0,0.0,0.0,255.0,2.0,0.01,0.67,0.0,0.0,0.0,1.0,1.0,92066.0
23.0,5.0,0.0,0.0,0.0,0.0,266.0,1.0,1.0,0.07,0.05,0.0,255.0,18.0,0.07,0.07,0.0,1.0,1.0,0.0,1.0,64072.0
45.0,1.0,0.0,0.0,0.0,0.0,39.0,0.0,0.0,0.49,0.08,0.0,255.0,19.0,0.07,0.06,0.0,0.0,0.0,1.0,1.0,118414.0
18.0,5.0,0.0,0.0,0.0,0.0,120.0,1.0,1.0,0.16,0.07,0.0,255.0,19.0,0.07,0.06,0.0,1.0,1.0,0.0,1.0,74591.0
57.0,2.0,0.0,0.0,0.0,0.0,165.0,0.0,0.0,0.04,0.07,0.0,255.0,7.0,0.03,0.08,0.0,0.0,0.0,1.0,1.0,38419.0
45.0,5.0,0.0,0.0,0.0,0.0,212.0,1.0,1.0,0.01,0.06,0.0,255.0,5.0,0.02,0.07,0.0,1.0,1.0,0.0,1.0,31736.0
12.0,5.0,0.0,0.0,0.0,0.0,256.0,1.0,1.0,0.08,0.05,0.0,255.0,21.0,0.08,0.05,0.0,1.0,1.0,0.0,1.0,25530.0
45.0,9.0,1.0,0.0,0.0,0.0,2.0,0.0,0.0,1.0,0.0,0.0,255.0,9.0,0.04,0.89,0.0,0.03,0.0,0.0,1.0,113693.0
45.0,5.0,0.0,0.0,0.0,0.0,280.0,1.0,1.0,0.02,0.06,0.0,255.0,7.0,0.03,0.08,0.0,1.0,1.0,0.0,1.0,22937.0
45.0,9.0,1.0,0.0,0.0,0.0,13.0,0.0,0.0,0.08,0.77,0.0,255.0,1.0,0.0,0.43,0.0,0.0,0.0,0.0,1.0,87874.0
25.0,5.0,0.0,0.0,0.0,0.0,265.0,1.0,1.0,0.03,0.05,0.0,255.0,9.0,0.04,0.05,0.0,1.0,1.0,0.0,1.0,75879.0
45.0,1.0,0.0,0.0,0.0,0.0,150.0,0.0,0.0,0.07,0.05,0.0,255.0,8.0,0.03,0.07,0.0,0.0,0.0,1.0,1.0,119433.0
45.0,1.0,0.0,0.0,0.0,0.0,1.0,0.0,0.0,1.0,0.0,0.0,7.0,2.0,0.14,1.0,1.0,0.0,0.0,1.0,1.0,26756.0
45.0,5.0,0.0,0.0,0.0,0.0,274.0,1.0,1.0,0.08,0.05,0.0,255.0,22.0,0.09,0.06,0.0,1.0,1.0,0.0,1.0,93459.0
38.0,5.0,0.0,0.0,0.0,0.0,124.0,1.0,1.0,0.13,0.06,0.0,255.0,16.0,0.06,0.07,0.0,1.0,1.0,0.0,1.0,103780.0
45.0,5.0,0.0,0.0,0.0,0.0,170.0,1.0,1.0,0.09,0.06,0.0,255.0,15.0,0.06,0.05,0.0,1.0,1.0,0.0,1.0,8129.0
41.0,5.0,0.0,0.0,0.0,0.0,278.0,1.0,1.0,0.04,0.05,0.0,255.0,5.0,0.02,0.09,0.0,1.0,1.0,0.0,1.0,75091.0
13.0,9.0,8.0,0.0,0.0,0.0,1.0,0.0,0.0,1.0,0.0,1.0,1.0,86.0,1.0,0.0,0.51,0.0,0.0,0.0,1.0,44074.0
31.0,5.0,0.0,0.0,0.0,0.0,134.0,1.0,1.0,0.04,0.06,0.0,255.0,16.0,0.06,0.07,0.0,1.0,1.0,0.0,1.0,56587.0
7.0,5.0,0.0,0.0,0.0,0.0,212.0,1.0,1.0,0.08,0.06,0.0,255.0,17.0,0.07,0.07,0.0,1.0,1.0,0.0,1.0,124109.0
5.0,5.0,0.0,0.0,0.0,0.0,22.0,1.0,1.0,0.32,0.14,0.0,255.0,7.0,0.03,0.07,0.0,1.0,1.0,0.0,1.0,30057.0
22.0,5.0,0.0,0.0,0.0,0.0,30.0,1.0,1.0,0.4,0.13,0.0,110.0,32.0,0.29,0.04,0.0,1.0,1.0,0.0,1.0,27492.0
15.0,5.0,0.0,0.0,0.0,0.0,113.0,1.0,1.0,0.17,0.05,0.0,255.0,17.0,0.07,0.06,0.0,1.0,1.0,0.0,1.0,60592.0
45.0,5.0,0.0,0.0,0.0,0.0,264.0,1.0,1.0,0.06,0.06,0.0,255.0,14.0,0.05,0.07,0.0,1.0,1.0,0.0,1.0,103388.0
5.0,1.0,0.0,0.0,0.0,0.0,145.0,0.0,0.0,0.11,0.06,0.0,255.0,16.0,0.06,0.05,0.0,0.0,0.0,1.0,1.0,71397.0
13.0,9.0,8.0,0.0,0.0,0.0,1.0,0.0,0.0,1.0,0.0,1.0,2.0,21.0,1.0,0.0,0.52,0.0,0.0,0.0,1.0,46797.0
45.0,5.0,0.0,0.0,0.0,0.0,220.0,1.0,1.0,0.05,0.05,0.0,24.0,11.0,0.46,0.12,0.0,0.92,1.0,0.0,1.0,941.0
25.0,5.0,0.0,0.0,0.0,0.0,279.0,1.0,1.0,0.06,0.06,0.0,255.0,16.0,0.06,0.06,0.0,1.0,1.0,0.0,1.0,118561.0
57.0,2.0,0.0,0.0,0.0,0.0,117.0,0.0,0.0,0.02,0.07,0.0,255.0,2.0,0.01,0.08,0.0,0.0,0.0,1.0,1.0,106144.0
14.0,9.0,1032.0,0.0,0.0,0.0,511.0,0.0,0.0,1.0,0.0,0.0,255.0,181.0,0.71,0.02,0.0,0.0,0.0,0.0,1.0,83813.0
45.0,5.0,0.0,0.0,0.0,0.0,254.0,1.0,1.0,0.02,0.06,0.0,255.0,2.0,0.01,0.08,0.0,1.0,1.0,0.0,1.0,28141.0
62.0,5.0,0.0,0.0,0.0,0.0,81.0,1.0,1.0,0.16,0.07,0.0,255.0,14.0,0.05,0.07,0.0,1.0,1.0,0.0,1.0,42000.0
45.0,5.0,0.0,0.0,0.0,0.0,130.0,1.0,1.0,0.07,0.05,0.0,255.0,6.0,0.02,0.06,0.0,1.0,1.0,0.0,1.0,25660.0
26.0,5.0,0.0,0.0,0.0,0.0,228.0,1.0,1.0,0.09,0.05,0.0,255.0,21.0,0.08,0.06,0.0,1.0,1.0,0.0,1.0,37785.0
60.0,2.0,0.0,0.0,0.0,0.0,149.0,0.0,0.0,0.13,0.06,0.0,255.0,20.0,0.08,0.07,0.0,0.0,0.0,1.0,1.0,98051.0
55.0,5.0,0.0,0.0,0.0,0.0,202.0,1.0,1.0,0.01,0.07,0.0,255.0,20.0,0.08,0.07,0.0,1.0,1.0,0.0,1.0,5056.0
33.0,5.0,0.0,0.0,0.0,0.0,236.0,1.0,1.0,0.02,0.07,0.0,255.0,4.0,0.02,0.07,0.0,1.0,1.0,0.0,1.0,73083.0
45.0,9.0,1.0,0.0,0.0,0.0,49.0,0.0,0.0,0.06,0.1,0.0,255.0,3.0,0.01,0.02,0.0,0.0,0.0,0.0,1.0,39556.0
4.0,5.0,0.0,0.0,0.0,0.0,265.0,1.0,1.0,0.03,0.06,0.0,255.0,9.0,0.04,0.06,0.0,1.0,1.0,0.0,1.0,875.0
30.0,5.0,0.0,0.0,0.0,0.0,184.0,1.0,1.0,0.08,0.07,0.0,255.0,15.0,0.06,0.07,0.0,1.0,1.0,0.0,1.0,24521.0
45.0,5.0,0.0,0.0,0.0,0.0,245.0,1.0,1.0,0.08,0.07,0.0,255.0,20.0,0.08,0.06,0.0,1.0,1.0,0.0,1.0,76325.0
57.0,5.0,0.0,0.0,0.0,0.0,277.0,1.0,1.0,0.07,0.05,0.0,255.0,19.0,0.07,0.07,0.0,1.0,1.0,0.0,1.0,3737.0
18.0,5.0,0.0,0.0,0.0,0.0,231.0,1.0,1.0,0.04,0.07,0.0,255.0,10.0,0.04,0.08,0.0,1.0,1.0,0.0,1.0,91211.0
45.0,1.0,0.0,0.0,0.0,0.0,142.0,0.0,0.0,0.08,0.06,0.0,67.0,12.0,0.18,0.09,0.0,0.0,0.0,1.0,1.0,15259.0
41.0,1.0,0.0,0.0,0.0,0.0,511.0,0.18,0.0,0.0,1.0,0.0,255.0,1.0,0.0,1.0,0.0,0.2,0.0,1.0,1.0,120104.0
45.0,5.0,0.0,0.0,0.0,0.0,123.0,1.0,1.0,0.13,0.06,0.0,255.0,16.0,0.06,0.06,0.0,1.0,1.0,0.0,1.0,32127.0
45.0,4.0,0.0,0.0,0.0,0.0,1.0,0.0,0.0,1.0,0.0,0.0,255.0,1.0,0.0,0.57,0.0,0.0,0.0,1.0,1.0,43276.0
45.0,9.0,28.0,0.0,3.0,0.0,19.0,0.0,0.0,1.0,0.0,0.0,255.0,19.0,0.07,0.02,0.0,0.0,0.0,0.0,1.0,68267.0
45.0,5.0,0.0,0.0,0.0,0.0,214.0,1.0,1.0,0.09,0.06,0.0,255.0,9.0,0.04,0.06,0.0,1.0,1.0,0.0,1.0,27180.0
45.0,9.0,1.0,0.0,0.0,0.0,35.0,0.0,0.0,0.17,0.11,0.0,255.0,35.0,0.14,0.56,0.0,0.0,0.0,0.0,1.0,89113.0
45.0,9.0,1.0,0.0,0.0,0.0,16.0,0.0,0.0,0.19,0.12,0.0,255.0,32.0,0.13,0.63,0.0,0.0,0.0,0.0,1.0,103075.0
2.0,1.0,0.0,0.0,0.0,0.0,215.0,0.0,0.0,0.03,0.07,0.0,255.0,7.0,0.03,0.08,0.0,0.0,0.0,1.0,1.0,35734.0
17.0,9.0,5.0,19.0,0.0,0.0,2.0,0.0,0.0,0.5,1.0,0.0,255.0,1.0,0.0,0.31,0.0,0.0,0.0,0.0,1.0,25739.0
14.0,9.0,1032.0,0.0,0.0,0.0,77.0,0.0,0.0,1.0,0.0,0.0,255.0,255.0,1.0,0.0,0.0,0.0,0.0,0.0,1.0,93392.0
45.0,1.0,0.0,0.0,0.0,0.0,100.0,0.0,0.0,0.02,0.07,0.0,255.0,2.0,0.01,0.08,0.0,0.0,0.0,1.0,1.0,57744.0
45.0,4.0,1.0,0.0,0.0,0.0,2.0,0.0,0.0,1.0,0.0,0.0,255.0,2.0,0.01,0.67,0.0,0.0,0.0,1.0,1.0,96660.0
45.0,4.0,1.0,0.0,0.0,0.0,2.0,0.0,0.0,1.0,0.0,0.0,255.0,2.0,0.01,0.73,0.0,0.0,0.0,1.0,1.0,37520.0
62.0,5.0,0.0,0.0,0.0,0.0,296.0,1.0,1.0,0.06,0.05,0.0,255.0,18.0,0.07,0.06,0.0,1.0,1.0,0.0,1.0,105002.0
13.0,9.0,18.0,0.0,0.0,0.0,1.0,0.0,0.0,1.0,0.0,0.0,4.0,168.0,1.0,0.0,0.25,0.0,0.0,0.0,1.0,60833.0
27.0,5.0,0.0,0.0,0.0,0.0,5.0,1.0,1.0,1.0,0.0,0.0,255.0,5.0,0.02,0.07,0.0,1.0,1.0,0.0,1.0,47916.0
45.0,5.0,0.0,0.0,0.0,0.0,285.0,1.0,1.0,0.02,0.06,0.0,255.0,1.0,0.0,0.07,0.0,1.0,1.0,0.0,1.0,92377.0
45.0,2.0,0.0,0.0,0.0,0.0,248.0,0.0,0.0,0.08,0.06,0.0,255.0,20.0,0.08,0.07,0.0,0.0,0.0,1.0,1.0,41380.0
45.0,5.0,0.0,0.0,0.0,0.0,190.0,1.0,1.0,0.01,0.07,0.0,255.0,2.0,0.01,0.09,0.0,1.0,1.0,0.0,1.0,90367.0
33.0,5.0,0.0,0.0,0.0,0.0,201.0,1.0,1.0,0.08,0.07,0.0,255.0,17.0,0.07,0.08,0.0,1.0,1.0,0.0,1.0,15886.0
13.0,9.0,8.0,0.0,0.0,0.0,1.0,0.0,0.0,1.0,0.0,1.0,2.0,10.0,1.0,0.0,0.5,0.0,0.0,0.0,1.0,21737.0
45.0,5.0,0.0,0.0,0.0,0.0,51.0,1.0,1.0,0.27,0.1,0.0,255.0,14.0,0.05,0.07,0.0,1.0,1.0,0.0,1.0,29312.0
55.0,5.0,0.0,0.0,0.0,0.0,218.0,1.0,1.0,0.01,0.07,0.0,255.0,12.0,0.05,0.07,0.0,1.0,1.0,0.0,1.0,57073.0
26.0,5.0,0.0,0.0,0.0,0.0,231.0,1.0,1.0,0.06,0.07,0.0,255.0,1.0,0.0,0.08,0.0,1.0,1.0,0.0,1.0,32701.0
45.0,5.0,0.0,0.0,0.0,0.0,160.0,1.0,1.0,0.16,0.06,0.0,255.0,25.0,0.1,0.05,0.0,1.0,1.0,0.0,1.0,3910.0
45.0,10.0,0.0,0.0,0.0,0.0,1.0,1.0,1.0,1.0,0.0,0.0,177.0,1.0,0.01,0.94,0.0,0.95,1.0,0.0,1.0,42394.0
45.0,5.0,0.0,0.0,0.0,0.0,120.0,1.0,1.0,0.08,0.07,0.0,174.0,10.0,0.06,0.07,0.0,1.0,1.0,0.0,1.0,7466.0
10.0,5.0,0.0,0.0,0.0,0.0,262.0,1.0,1.0,0.05,0.05,0.0,255.0,14.0,0.05,0.05,0.0,1.0,1.0,0.0,1.0,20174.0
4.0,5.0,0.0,0.0,0.0,0.0,267.0,1.0,1.0,0.01,0.05,0.0,255.0,4.0,0.02,0.05,0.0,1.0,1.0,0.0,1.0,74653.0
19.0,5.0,0.0,0.0,0.0,0.0,41.0,1.0,1.0,0.22,0.1,0.0,255.0,49.0,0.19,0.05,0.0,1.0,1.0,0.0,1.0,107442.0
45.0,5.0,0.0,0.0,0.0,0.0,123.0,1.0,1.0,0.12,0.06,0.0,255.0,1.0,0.0,0.07,0.0,1.0,1.0,0.0,1.0,104870.0
6.0,1.0,0.0,0.0,0.0,0.0,184.0,0.0,0.0,0.02,0.07,0.0,255.0,4.0,0.02,0.08,0.0,0.0,0.0,1.0,1.0,12692.0
32.0,1.0,0.0,0.0,0.0,0.0,264.0,0.0,0.0,0.02,0.06,0.0,255.0,5.0,0.02,0.08,0.0,0.0,0.0,1.0,1.0,25319.0
13.0,9.0,18.0,0.0,0.0,0.0,1.0,0.0,0.0,1.0,0.0,0.0,2.0,62.0,1.0,0.0,0.26,0.0,0.0,0.0,1.0,120033.0
45.0,1.0,0.0,0.0,0.0,0.0,215.0,0.0,0.0,0.09,0.07,0.0,255.0,19.0,0.07,0.07,0.0,0.0,0.0,1.0,1.0,41006.0
13.0,9.0,8.0,0.0,0.0,0.0,1.0,0.0,0.0,1.0,0.0,1.0,1.0,25.0,1.0,0.0,0.52,0.0,0.0,0.0,1.0,59594.0
45.0,4.0,1.0,0.0,0.0,0.0,2.0,0.0,0.0,1.0,0.0,0.0,174.0,2.0,0.01,0.16,0.0,0.0,0.0,1.0,1.0,110424.0
45.0,5.0,0.0,0.0,0.0,0.0,104.0,1.0,1.0,0.1,0.06,0.0,255.0,10.0,0.04,0.05,0.0,1.0,1.0,0.0,1.0,877.0
55.0,5.0,0.0,0.0,0.0,0.0,40.0,1.0,1.0,0.5,0.05,0.0,255.0,20.0,0.08,0.07,0.0,1.0,1.0,0.0,1.0,109124.0
14.0,9.0,1032.0,0.0,0.0,0.0,479.0,0.0,0.0,1.0,0.0,0.0,255.0,255.0,1.0,0.0,0.0,0.0,0.0,0.0,1.0,58464.0
16.0,2.0,0.0,0.0,0.0,0.0,119.0,0.0,0.0,0.05,0.07,0.0,255.0,6.0,0.02,0.07,0.0,0.0,0.0,1.0,1.0,89968.0
51.0,5.0,0.0,0.0,0.0,0.0,195.0,1.0,1.0,0.01,0.07,0.0,255.0,1.0,0.0,0.07,0.0,1.0,1.0,0.0,1.0,88775.0
45.0,10.0,0.0,0.0,0.0,0.0,1.0,1.0,1.0,1.0,0.0,0.0,80.0,1.0,0.01,0.88,0.0,0.9,1.0,0.0,1.0,26213.0
13.0,9.0,8.0,0.0,0.0,0.0,1.0,0.0,0.0,1.0,0.0,1.0,1.0,62.0,1.0,0.0,0.52,0.0,0.0,0.0,1.0,84275.0
14.0,9.0,18.0,0.0,0.0,0.0,1.0,0.0,0.0,1.0,0.0,0.0,2.0,2.0,1.0,0.0,0.0,0.0,0.0,0.0,1.0,35936.0
45.0,5.0,0.0,0.0,0.0,0.0,104.0,1.0,1.0,0.13,0.06,0.0,255.0,11.0,0.04,0.05,0.0,1.0,1.0,0.0,1.0,111871.0
45.0,9.0,28.0,0.0,3.0,0.0,49.0,0.0,0.0,1.0,0.0,0.0,255.0,16.0,0.06,0.01,0.0,0.0,0.0,0.0,1.0,111963.0
13.0,9.0,8.0,0.0,0.0,0.0,1.0,0.0,0.0,1.0,0.0,1.0,2.0,68.0,1.0,0.0,0.5,0.0,0.0,0.0,1.0,9492.0
45.0,5.0,0.0,0.0,0.0,0.0,198.0,1.0,1.0,0.1,0.06,0.0,255.0,4.0,0.02,0.07,0.0,1.0,1.0,0.0,1.0,86999.0
55.0,5.0,0.0,0.0,0.0,0.0,33.0,1.0,1.0,0.52,0.06,0.0,255.0,65.0,0.25,0.02,0.0,1.0,1.0,0.0,1.0,10760.0
45.0,9.0,28.0,0.0,3.0,0.0,50.0,0.0,0.0,1.0,0.0,0.0,122.0,50.0,0.41,0.03,0.0,0.0,0.0,0.0,1.0,104148.0
41.0,5.0,0.0,0.0,0.0,0.0,510.0,0.28,1.0,0.0,1.0,0.0,255.0,1.0,0.0,1.0,0.0,0.27,1.0,0.0,1.0,72952.0
22.0,1.0,0.0,0.0,0.0,0.0,208.0,0.0,0.0,0.02,0.07,0.0,255.0,4.0,0.02,0.08,0.0,0.0,0.0,1.0,1.0,98556.0
51.0,5.0,0.0,0.0,0.0,0.0,300.0,1.0,1.0,0.07,0.06,0.0,255.0,20.0,0.08,0.06,0.0,1.0,1.0,0.0,1.0,16591.0
45.0,1.0,0.0,0.0,0.0,0.0,210.0,0.0,0.0,0.03,0.07,0.0,255.0,9.0,0.04,0.07,0.0,0.0,0.0,1.0,1.0,41260.0
25.0,1.0,0.0,0.0,0.0,0.0,276.0,0.0,0.0,0.06,0.06,0.0,255.0,17.0,0.07,0.07,0.0,0.0,0.0,1.0,1.0,102201.0
52.0,5.0,0.0,0.0,0.0,0.0,295.0,1.0,1.0,0.05,0.06,0.0,255.0,5.0,0.02,0.09,0.0,1.0,1.0,0.0,1.0,57781.0
45.0,4.0,0.0,0.0,0.0,0.0,18.0,0.0,0.0,0.11,0.5,0.0,188.0,2.0,0.01,0.06,0.0,0.01,0.0,1.0,1.0,3266.0
7.0,1.0,0.0,0.0,0.0,0.0,2.0,0.0,0.0,0.5,1.0,0.0,255.0,1.0,0.0,0.71,0.0,0.0,0.0,1.0,1.0,50702.0
45.0,5.0,0.0,0.0,0.0,0.0,257.0,1.0,1.0,0.04,0.07,0.0,255.0,11.0,0.04,0.08,0.0,1.0,1.0,0.0,1.0,106228.0
45.0,5.0,0.0,0.0,0.0,0.0,119.0,1.0,1.0,0.03,0.06,0.0,255.0,20.0,0.08,0.07,0.0,1.0,1.0,0.0,1.0,39370.0
60.0,2.0,0.0,0.0,0.0,0.0,120.0,0.0,0.0,0.13,0.07,0.0,255.0,16.0,0.06,0.06,0.0,0.0,0.0,1.0,1.0,55727.0
55.0,5.0,0.0,0.0,0.0,0.0,6.0,1.0,1.0,0.17,0.5,0.0,255.0,61.0,0.24,0.02,0.0,1.0,1.0,0.0,1.0,65366.0
45.0,9.0,207.0,0.0,0.0,0.0,2.0,0.0,0.0,1.0,0.0,0.0,70.0,62.0,0.89,0.03,0.0,0.0,0.0,0.0,1.0,94538.0
45.0,5.0,0.0,0.0,0.0,0.0,185.0,1.0,1.0,0.14,0.06,0.0,255.0,25.0,0.1,0.05,0.0,1.0,1.0,0.0,1.0,71170.0
25.0,9.0,0.0,0.0,0.0,0.0,3.0,0.67,0.58,1.0,0.0,0.28,3.0,3.0,1.0,0.0,0.0,0.67,0.67,0.0,1.0,64805.0
19.0,1.0,0.0,0.0,0.0,0.0,78.0,0.0,0.0,0.01,1.0,0.0,203.0,11.0,0.03,0.43,0.18,0.0,0.09,0.09,1.0,24730.0
45.0,5.0,0.0,0.0,0.0,0.0,133.0,1.0,1.0,0.09,0.06,0.0,255.0,10.0,0.04,0.06,0.0,1.0,1.0,0.0,1.0,43795.0
45.0,1.0,0.0,0.0,0.0,0.0,208.0,0.0,0.0,0.0,0.08,0.0,255.0,1.0,0.0,0.1,0.0,0.0,0.0,1.0,1.0,77298.0
45.0,1.0,0.0,0.0,0.0,0.0,306.0,0.1,0.0,0.0,1.0,0.0,255.0,1.0,0.0,1.0,0.0,0.09,0.0,1.0,1.0,97163.0
4.0,5.0,0.0,0.0,0.0,0.0,180.0,1.0,1.0,0.1,0.06,0.0,255.0,18.0,0.07,0.05,0.0,1.0,1.0,0.0,1.0,41422.0
13.0,9.0,8.0,0.0,0.0,0.0,1.0,0.0,0.0,1.0,0.0,1.0,2.0,14.0,1.0,0.0,0.5,0.0,0.0,0.0,1.0,90636.0
4.0,1.0,0.0,0.0,0.0,0.0,136.0,0.0,0.0,0.09,0.07,0.0,255.0,12.0,0.05,0.07,0.0,0.0,0.0,1.0,1.0,44929.0
9.0,5.0,0.0,0.0,0.0,0.0,273.0,1.0,1.0,0.03,0.06,0.0,255.0,8.0,0.03,0.06,0.0,1.0,1.0,0.0,1.0,85787.0
45.0,5.0,0.0,0.0,0.0,0.0,215.0,1.0,1.0,0.09,0.05,0.0,255.0,19.0,0.07,0.07,0.0,1.0,1.0,0.0,1.0,60533.0
5.0,1.0,0.0,0.0,0.0,0.0,146.0,0.0,0.0,0.13,0.06,0.0,255.0,19.0,0.07,0.06,0.0,0.0,0.0,1.0,1.0,8038.0
15.0,5.0,0.0,0.0,0.0,0.0,98.0,1.0,1.0,0.08,0.06,0.0,255.0,8.0,0.03,0.06,0.0,1.0,1.0,0.0,1.0,107256.0
4.0,5.0,0.0,0.0,0.0,0.0,220.0,1.0,1.0,0.05,0.05,0.0,178.0,11.0,0.06,0.07,0.0,0.99,1.0,0.0,1.0,68786.0
45.0,5.0,0.0,0.0,0.0,0.0,284.0,1.0,1.0,0.08,0.04,0.0,255.0,24.0,0.09,0.05,0.0,1.0,1.0,0.0,1.0,28150.0
45.0,10.0,0.0,0.0,0.0,0.0,1.0,1.0,1.0,1.0,0.0,0.0,205.0,1.0,0.0,0.95,0.0,0.96,1.0,0.0,1.0,93398.0
45.0,9.0,1.0,0.0,0.0,0.0,28.0,0.0,0.0,0.75,0.11,0.0,255.0,21.0,0.08,0.58,0.0,0.05,0.0,0.0,1.0,45851.0
45.0,4.0,0.0,0.0,0.0,0.0,1.0,0.0,0.0,1.0,0.0,0.0,182.0,1.0,0.01,0.1,0.0,0.0,0.0,1.0,1.0,51820.0
55.0,2.0,0.0,0.0,0.0,0.0,145.0,0.0,0.0,0.12,0.06,0.0,255.0,11.0,0.04,0.06,0.0,0.0,0.0,1.0,1.0,31856.0
13.0,9.0,18.0,0.0,0.0,0.0,1.0,0.0,0.0,1.0,0.0,0.0,4.0,208.0,1.0,0.0,0.25,0.0,0.0,0.0,1.0,5346.0
62.0,5.0,0.0,0.0,0.0,0.0,298.0,1.0,1.0,0.08,0.05,0.0,255.0,25.0,0.1,0.05,0.0,1.0,1.0,0.0,1.0,116336.0
45.0,1.0,0.0,0.0,0.0,0.0,282.0,0.11,0.0,0.0,1.0,0.0,255.0,1.0,0.0,1.0,0.0,0.12,0.0,1.0,1.0,64406.0
25.0,5.0,0.0,0.0,0.0,0.0,109.0,1.0,1.0,0.12,0.06,0.0,255.0,1.0,0.0,0.06,0.0,1.0,1.0,0.0,1.0,42369.0
47.0,5.0,0.0,0.0,0.0,0.0,187.0,1.0,1.0,0.13,0.05,0.0,255.0,24.0,0.09,0.05,0.0,1.0,1.0,0.0,1.0,85428.0
4.0,5.0,0.0,0.0,0.0,0.0,224.0,1.0,1.0,0.05,0.06,0.0,255.0,17.0,0.07,0.08,0.0,1.0,1.0,0.0,1.0,61510.0
45.0,5.0,0.0,0.0,0.0,0.0,277.0,1.0,1.0,0.07,0.05,0.0,255.0,19.0,0.07,0.07,0.0,1.0,1.0,0.0,1.0,119372.0
45.0,5.0,0.0,0.0,0.0,0.0,76.0,1.0,1.0,0.32,0.05,0.0,255.0,24.0,0.09,0.04,0.0,1.0,1.0,0.0,1.0,120694.0
45.0,5.0,0.0,0.0,0.0,0.0,267.0,1.0,1.0,0.06,0.06,0.0,255.0,5.0,0.02,0.08,0.0,1.0,1.0,0.0,1.0,17316.0
12.0,5.0,0.0,0.0,0.0,0.0,220.0,1.0,1.0,0.06,0.06,0.0,255.0,13.0,0.05,0.07,0.0,1.0,1.0,0.0,1.0,18794.0
21.0,5.0,0.0,0.0,0.0,0.0,260.0,1.0,1.0,0.01,0.06,0.0,255.0,14.0,0.05,0.06,0.0,1.0,1.0,0.0,1.0,71161.0
7.0,5.0,0.0,0.0,0.0,0.0,239.0,1.0,1.0,0.03,0.06,0.0,255.0,7.0,0.03,0.07,0.0,1.0,1.0,0.0,1.0,41824.0
49.0,5.0,0.0,0.0,0.0,0.0,2.0,0.5,0.5,1.0,0.0,0.0,255.0,10.0,0.04,0.53,0.0,0.0,0.1,0.0,1.0,21336.0
45.0,9.0,1.0,0.0,0.0,0.0,15.0,0.0,0.0,0.07,0.67,0.0,255.0,1.0,0.0,0.46,0.0,0.03,0.0,0.0,1.0,46892.0
45.0,5.0,0.0,0.0,0.0,0.0,79.0,1.0,1.0,0.01,0.06,0.0,255.0,20.0,0.08,0.07,0.0,1.0,1.0,0.0,1.0,42741.0
13.0,9.0,8.0,0.0,0.0,0.0,1.0,0.0,0.0,1.0,0.0,1.0,4.0,80.0,1.0,0.0,0.25,0.0,0.0,0.0,1.0,66417.0
19.0,9.0,246.0,0.0,0.0,1.0,2.0,0.0,0.0,1.0,0.0,0.0,7.0,32.0,1.0,0.0,0.16,0.0,0.03,0.0,1.0,112972.0
24.0,5.0,0.0,0.0,0.0,0.0,510.0,0.13,1.0,0.0,1.0,0.0,255.0,1.0,0.0,1.0,0.0,0.13,1.0,0.0,1.0,11124.0
54.0,5.0,0.0,0.0,0.0,0.0,216.0,1.0,1.0,0.04,0.06,0.0,255.0,11.0,0.04,0.07,0.0,1.0,1.0,0.0,1.0,101781.0
45.0,1.0,0.0,0.0,0.0,0.0,1.0,0.0,0.0,1.0,0.0,0.0,45.0,2.0,0.02,1.0,1.0,0.0,0.0,1.0,1.0,77471.0
25.0,5.0,0.0,0.0,0.0,0.0,270.0,1.0,1.0,0.05,0.06,0.0,255.0,15.0,0.06,0.06,0.0,1.0,1.0,0.0,1.0,45026.0
45.0,5.0,0.0,0.0,0.0,0.0,142.0,1.0,1.0,0.06,0.06,0.0,255.0,8.0,0.03,0.07,0.0,1.0,1.0,0.0,1.0,91641.0
63.0,5.0,0.0,0.0,0.0,0.0,264.0,1.0,1.0,0.07,0.06,0.0,255.0,19.0,0.07,0.08,0.0,1.0,1.0,0.0,1.0,45414.0
6.0,5.0,0.0,0.0,0.0,0.0,110.0,1.0,1.0,0.01,0.06,0.0,255.0,4.0,0.02,0.07,0.0,1.0,1.0,0.0,1.0,104937.0
48.0,5.0,0.0,0.0,0.0,0.0,108.0,1.0,1.0,0.09,0.06,0.0,255.0,10.0,0.04,0.07,0.0,1.0,1.0,0.0,1.0,66593.0
13.0,9.0,8.0,0.0,0.0,0.0,1.0,0.0,0.0,1.0,0.0,1.0,1.0,5.0,1.0,0.0,0.6,0.0,0.0,0.0,1.0,47579.0
13.0,9.0,8.0,0.0,0.0,0.0,1.0,0.0,0.0,1.0,0.0,1.0,2.0,29.0,1.0,0.0,0.52,0.0,0.0,0.0,1.0,95023.0
45.0,4.0,0.0,0.0,0.0,0.0,397.0,0.0,0.0,0.01,0.52,0.0,255.0,2.0,0.01,0.52,0.0,0.0,0.0,1.0,1.0,87739.0
14.0,9.0,1032.0,0.0,0.0,0.0,511.0,0.0,0.0,1.0,0.0,0.0,255.0,73.0,0.29,0.04,0.0,0.13,0.0,0.0,1.0,60962.0
45.0,1.0,0.0,0.0,0.0,0.0,2.0,0.0,0.0,0.5,1.0,0.0,255.0,1.0,0.0,0.5,0.0,0.09,0.0,1.0,1.0,92072.0
32.0,5.0,0.0,0.0,0.0,0.0,206.0,1.0,1.0,0.04,0.06,0.0,255.0,9.0,0.04,0.07,0.0,1.0,1.0,0.0,1.0,57858.0
38.0,5.0,0.0,0.0,0.0,0.0,124.0,1.0,1.0,0.07,0.07,0.0,255.0,9.0,0.04,0.06,0.0,1.0,1.0,0.0,1.0,93618.0
45.0,5.0,0.0,0.0,0.0,0.0,133.0,1.0,1.0,0.08,0.08,0.0,255.0,14.0,0.05,0.07,0.0,1.0,1.0,0.0,1.0,8075.0
25.0,5.0,0.0,0.0,0.0,0.0,262.0,1.0,1.0,0.05,0.05,0.0,255.0,14.0,0.05,0.05,0.0,1.0,1.0,0.0,1.0,102698.0
45.0,5.0,0.0,0.0,0.0,0.0,87.0,1.0,1.0,0.18,0.06,0.0,255.0,8.0,0.03,0.06,0.0,1.0,1.0,0.0,1.0,91500.0
14.0,9.0,520.0,0.0,0.0,0.0,482.0,0.0,0.0,1.0,0.0,0.0,90.0,90.0,1.0,0.0,0.0,0.0,0.0,0.0,1.0,2622.0
45.0,5.0,0.0,0.0,0.0,0.0,239.0,1.0,1.0,0.01,0.06,0.0,255.0,18.0,0.07,0.08,0.0,1.0,1.0,0.0,1.0,65886.0
45.0,9.0,28.0,0.0,3.0,0.0,2.0,0.0,0.0,1.0,0.0,0.0,255.0,2.0,0.01,0.01,0.0,0.0,0.0,0.0,1.0,107811.0
23.0,5.0,0.0,0.0,0.0,0.0,14.0,1.0,1.0,0.43,0.21,0.0,255.0,6.0,0.02,0.08,0.0,1.0,1.0,0.0,1.0,35016.0
55.0,5.0,0.0,0.0,0.0,0.0,14.0,0.93,1.0,0.29,0.36,0.0,255.0,47.0,0.18,0.04,0.0,1.0,1.0,0.0,1.0,92762.0
45.0,5.0,0.0,0.0,0.0,0.0,148.0,1.0,1.0,0.1,0.05,0.0,255.0,7.0,0.03,0.06,0.0,1.0,1.0,0.0,1.0,57102.0
35.0,1.0,0.0,0.0,0.0,0.0,139.0,0.0,0.0,0.07,0.06,0.0,255.0,2.0,0.01,0.07,0.0,0.0,0.0,1.0,1.0,48640.0
45.0,1.0,0.0,0.0,0.0,0.0,136.0,0.0,0.0,0.15,0.06,0.0,255.0,20.0,0.08,0.06,0.0,0.0,0.0,1.0,1.0,67246.0
45.0,5.0,0.0,0.0,0.0,0.0,252.0,1.0,1.0,0.03,0.06,0.0,255.0,14.0,0.05,0.08,0.0,1.0,1.0,0.0,1.0,7314.0
41.0,1.0,0.0,0.0,0.0,0.0,510.0,0.1,0.0,0.0,1.0,0.0,255.0,1.0,0.0,1.0,0.0,0.05,0.0,1.0,1.0,29084.0
21.0,5.0,0.0,0.0,0.0,0.0,143.0,1.0,1.0,0.1,0.06,0.0,255.0,9.0,0.04,0.07,0.0,1.0,1.0,0.0,1.0,92992.0
41.0,1.0,0.0,0.0,0.0,0.0,511.0,0.12,0.0,0.0,1.0,0.0,255.0,1.0,0.0,1.0,0.0,0.12,0.0,1.0,1.0,116533.0
45.0,1.0,0.0,0.0,0.0,0.0,234.0,0.0,0.0,0.07,0.07,0.0,255.0,17.0,0.07,0.08,0.0,0.0,0.0,1.0,1.0,76203.0
45.0,5.0,0.0,0.0,0.0,0.0,202.0,1.0,1.0,0.01,0.05,0.0,6.0,3.0,0.5,0.5,0.0,0.67,1.0,0.0,1.0,76601.0
53.0,5.0,0.0,0.0,0.0,0.0,110.0,1.0,1.0,0.01,0.06,0.0,255.0,1.0,0.0,0.07,0.0,1.0,1.0,0.0,1.0,25120.0
26.0,5.0,0.0,0.0,0.0,0.0,246.0,1.0,1.0,0.07,0.07,0.0,255.0,18.0,0.07,0.09,0.0,1.0,1.0,0.0,1.0,120296.0
45.0,9.0,1.0,0.0,0.0,0.0,21.0,0.0,0.0,0.1,0.14,0.0,255.0,5.0,0.02,0.92,0.0,0.16,0.0,0.0,1.0,115606.0
45.0,1.0,0.0,0.0,0.0,0.0,107.0,0.0,0.0,0.09,0.07,0.0,255.0,10.0,0.04,0.08,0.0,0.0,0.0,1.0,1.0,112247.0
57.0,2.0,0.0,0.0,0.0,0.0,133.0,0.0,0.0,0.02,0.08,0.0,255.0,3.0,0.01,0.07,0.0,0.0,0.0,1.0,1.0,111092.0
33.0,5.0,0.0,0.0,0.0,0.0,290.0,1.0,1.0,0.04,0.06,0.0,255.0,5.0,0.02,0.07,0.0,1.0,1.0,0.0,1.0,24332.0
19.0,9.0,334.0,0.0,0.0,1.0,2.0,0.0,0.0,1.0,0.0,0.0,4.0,38.0,1.0,0.0,0.13,0.0,0.0,0.0,1.0,51990.0
41.0,1.0,0.0,0.0,0.0,0.0,509.0,0.09,0.0,0.0,1.0,0.0,255.0,1.0,0.0,1.0,0.0,0.11,0.0,1.0,1.0,12357.0
41.0,1.0,0.0,0.0,0.0,0.0,338.0,0.06,0.0,0.0,1.0,0.0,255.0,1.0,0.0,1.0,0.0,0.08,0.0,1.0,1.0,26018.0
45.0,5.0,0.0,0.0,0.0,0.0,291.0,1.0,1.0,0.02,0.05,0.0,255.0,9.0,0.04,0.07,0.0,1.0,1.0,0.0,1.0,40274.0
45.0,1.0,0.0,0.0,0.0,0.0,134.0,0.0,0.0,0.03,0.07,0.0,59.0,4.0,0.07,0.1,0.0,0.0,0.0,1.0,1.0,61441.0
7.0,5.0,0.0,0.0,0.0,0.0,240.0,1.0,1.0,0.04,0.06,0.0,255.0,8.0,0.03,0.07,0.0,1.0,1.0,0.0,1.0,79948.0
13.0,9.0,8.0,0.0,0.0,0.0,1.0,0.0,0.0,1.0,0.0,1.0,1.0,255.0,1.0,0.0,0.5,0.0,0.0,0.0,1.0,29534.0
35.0,5.0,0.0,0.0,0.0,0.0,99.0,1.0,1.0,0.19,0.05,0.0,255.0,7.0,0.03,0.07,0.0,1.0,1.0,0.0,1.0,27037.0
45.0,1.0,0.0,0.0,0.0,0.0,374.0,0.06,0.0,0.0,1.0,0.0,255.0,1.0,0.0,1.0,0.0,0.09,0.0,1.0,1.0,57799.0
29.0,1.0,0.0,0.0,0.0,0.0,138.0,0.0,0.0,0.06,0.06,0.0,255.0,4.0,0.02,0.08,0.0,0.0,0.0,1.0,1.0,33637.0
3.0,5.0,0.0,0.0,0.0,0.0,288.0,1.0,1.0,0.06,0.06,0.0,255.0,16.0,0.06,0.07,0.0,1.0,1.0,0.0,1.0,36273.0
45.0,5.0,0.0,0.0,0.0,0.0,255.0,1.0,1.0,0.01,0.07,0.0,255.0,6.0,0.02,0.09,0.0,1.0,1.0,0.0,1.0,34908.0
16.0,5.0,0.0,0.0,0.0,0.0,101.0,1.0,1.0,0.01,0.07,0.0,255.0,1.0,0.0,0.07,0.0,1.0,1.0,0.0,1.0,67231.0
45.0,5.0,0.0,0.0,0.0,0.0,128.0,1.0,1.0,0.07,0.06,0.0,255.0,6.0,0.02,0.07,0.0,1.0,1.0,0.0,1.0,118894.0
45.0,5.0,0.0,0.0,0.0,0.0,118.0,1.0,1.0,0.03,0.07,0.0,255.0,4.0,0.02,0.08,0.0,1.0,1.0,0.0,1.0,59088.0
19.0,5.0,0.0,0.0,0.0,0.0,7.0,1.0,1.0,1.0,0.0,0.0,255.0,55.0,0.22,0.02,0.0,1.0,1.0,0.0,1.0,4167.0
18.0,9.0,6.0,54.0,0.0,0.0,79.0,0.0,0.0,0.01,1.0,0.0,204.0,3.0,0.01,0.43,0.0,0.0,0.0,0.0,1.0,64733.0
22.0,5.0,0.0,0.0,0.0,0.0,43.0,1.0,1.0,0.35,0.09,0.0,255.0,62.0,0.24,0.02,0.0,1.0,1.0,0.0,1.0,105775.0
45.0,5.0,0.0,0.0,0.0,0.0,150.0,1.0,1.0,0.02,0.07,0.0,255.0,17.0,0.07,0.06,0.0,1.0,1.0,0.0,1.0,100072.0
45.0,1.0,0.0,0.0,0.0,0.0,227.0,0.0,0.0,0.03,0.07,0.0,255.0,6.0,0.02,0.07,0.0,0.0,0.0,1.0,1.0,15899.0
51.0,5.0,0.0,0.0,0.0,0.0,218.0,1.0,1.0,0.08,0.06,0.0,255.0,17.0,0.07,0.07,0.0,1.0,1.0,0.0,1.0,61824.0
15.0,5.0,0.0,0.0,0.0,0.0,118.0,1.0,1.0,0.17,0.04,0.0,255.0,20.0,0.08,0.04,0.0,1.0,1.0,0.0,1.0,51673.0
61.0,5.0,0.0,0.0,0.0,0.0,222.0,1.0,1.0,0.08,0.06,0.0,255.0,18.0,0.07,0.07,0.0,1.0,1.0,0.0,1.0,2695.0
23.0,5.0,0.0,0.0,0.0,0.0,112.0,1.0,1.0,0.12,0.05,0.0,255.0,20.0,0.08,0.06,0.0,1.0,1.0,0.0,1.0,3248.0
13.0,9.0,8.0,0.0,0.0,0.0,1.0,0.0,0.0,1.0,0.0,1.0,3.0,219.0,1.0,0.0,0.25,0.0,0.0,0.0,1.0,117944.0
45.0,5.0,0.0,0.0,0.0,0.0,220.0,1.0,1.0,0.08,0.05,0.0,255.0,4.0,0.02,0.08,0.0,1.0,1.0,0.0,1.0,63099.0
45.0,5.0,0.0,0.0,0.0,0.0,124.0,1.0,1.0,0.1,0.06,0.0,175.0,3.0,0.02,0.1,0.0,1.0,1.0,0.0,1.0,102577.0
45.0,5.0,0.0,0.0,0.0,0.0,197.0,1.0,1.0,0.02,0.07,0.0,255.0,8.0,0.03,0.07,0.0,1.0,1.0,0.0,1.0,56092.0
19.0,5.0,0.0,0.0,0.0,0.0,76.0,1.0,1.0,0.25,0.05,0.0,255.0,59.0,0.23,0.03,0.0,1.0,1.0,0.0,1.0,50099.0
54.0,1.0,0.0,0.0,0.0,0.0,264.0,0.0,0.0,0.02,0.06,0.0,255.0,4.0,0.02,0.07,0.0,0.0,0.0,1.0,1.0,47034.0
10.0,5.0,0.0,0.0,0.0,0.0,221.0,1.0,1.0,0.01,0.06,0.0,255.0,3.0,0.01,0.06,0.0,1.0,1.0,0.0,1.0,23519.0
45.0,1.0,0.0,0.0,0.0,0.0,265.0,0.0,0.0,0.02,0.06,0.0,255.0,4.0,0.02,0.09,0.0,0.0,0.0,1.0,1.0,61865.0
41.0,4.0,1.0,0.0,0.0,0.0,2.0,0.0,0.0,1.0,0.0,0.0,255.0,2.0,0.01,0.73,0.0,0.0,0.0,1.0,1.0,37883.0
61.0,5.0,0.0,0.0,0.0,0.0,283.0,1.0,1.0,0.07,0.05,0.0,255.0,21.0,0.08,0.05,0.0,1.0,1.0,0.0,1.0,110000.0
61.0,1.0,0.0,0.0,0.0,0.0,285.0,0.0,0.0,0.06,0.06,0.0,255.0,18.0,0.07,0.07,0.0,0.0,0.0,1.0,1.0,116587.0
45.0,5.0,0.0,0.0,0.0,0.0,141.0,1.0,1.0,0.15,0.05,0.0,255.0,21.0,0.08,0.05,0.0,1.0,1.0,0.0,1.0,85576.0
45.0,5.0,0.0,0.0,0.0,0.0,192.0,1.0,1.0,0.02,0.06,0.0,255.0,14.0,0.05,0.07,0.0,1.0,1.0,0.0,1.0,100298.0
16.0,5.0,0.0,0.0,0.0,0.0,150.0,1.0,1.0,0.17,0.05,0.0,255.0,25.0,0.1,0.04,0.0,1.0,1.0,0.0,1.0,38592.0
14.0,9.0,1032.0,0.0,0.0,0.0,17.0,0.0,0.0,1.0,0.0,0.0,255.0,255.0,1.0,0.0,0.0,0.0,0.0,0.0,1.0,31168.0
45.0,5.0,0.0,0.0,0.0,0.0,255.0,1.0,1.0,0.03,0.05,0.0,196.0,7.0,0.04,0.07,0.0,0.93,1.0,0.0,1.0,32827.0
45.0,5.0,0.0,0.0,0.0,0.0,206.0,1.0,1.0,0.08,0.06,0.0,255.0,10.0,0.04,0.08,0.0,1.0,1.0,0.0,1.0,13134.0
49.0,5.0,0.0,0.0,0.0,0.0,105.0,1.0,1.0,0.24,0.06,0.0,255.0,6.0,0.02,0.06,0.0,1.0,1.0,0.0,1.0,76899.0
13.0,9.0,8.0,0.0,0.0,0.0,1.0,0.0,0.0,1.0,0.0,1.0,2.0,12.0,1.0,0.0,0.5,0.0,0.0,0.0,1.0,23579.0
45.0,5.0,0.0,0.0,0.0,0.0,231.0,1.0,1.0,0.11,0.06,0.0,255.0,25.0,0.1,0.07,0.0,1.0,1.0,0.0,1.0,30566.0
17.0,5.0,0.0,0.0,0.0,0.0,16.0,1.0,1.0,0.31,0.25,0.0,255.0,45.0,0.18,0.04,0.0,1.0,1.0,0.0,1.0,86575.0
45.0,5.0,0.0,0.0,0.0,0.0,165.0,1.0,1.0,0.08,0.06,0.0,255.0,13.0,0.05,0.07,0.0,1.0,1.0,0.0,1.0,56269.0
45.0,5.0,0.0,0.0,0.0,0.0,21.0,1.0,1.0,0.14,0.14,0.0,255.0,16.0,0.06,0.07,0.0,1.0,1.0,0.0,1.0,103370.0
45.0,1.0,0.0,0.0,0.0,0.0,434.0,0.05,0.0,0.0,1.0,0.0,255.0,1.0,0.0,1.0,0.0,0.08,0.0,1.0,1.0,54125.0
22.0,5.0,0.0,0.0,0.0,1.0,52.0,0.81,1.0,0.02,0.4,0.0,255.0,204.0,0.8,0.08,0.0,0.16,0.0,0.0,1.0,29078.0
45.0,5.0,0.0,0.0,0.0,0.0,118.0,1.0,1.0,0.15,0.05,0.0,145.0,8.0,0.06,0.11,0.0,1.0,1.0,0.0,1.0,78009.0
19.0,5.0,0.0,0.0,0.0,0.0,58.0,1.0,1.0,0.19,0.07,0.0,255.0,51.0,0.2,0.02,0.0,1.0,1.0,0.0,1.0,65149.0
30.0,1.0,0.0,0.0,0.0,0.0,284.0,0.0,0.0,0.05,0.06,0.0,255.0,14.0,0.05,0.07,0.0,0.0,0.0,1.0,1.0,125730.0
45.0,5.0,0.0,0.0,0.0,0.0,102.0,1.0,1.0,0.01,0.07,0.0,255.0,20.0,0.08,0.07,0.0,1.0,1.0,0.0,1.0,83726.0
45.0,5.0,0.0,0.0,0.0,0.0,122.0,1.0,1.0,0.13,0.06,0.0,255.0,31.0,0.12,0.05,0.0,1.0,1.0,0.0,1.0,65675.0
45.0,5.0,0.0,0.0,0.0,0.0,246.0,1.0,1.0,0.02,0.06,0.0,255.0,16.0,0.06,0.07,0.0,1.0,1.0,0.0,1.0,37674.0
20.0,5.0,0.0,0.0,0.0,0.0,232.0,1.0,1.0,0.03,0.07,0.0,255.0,8.0,0.03,0.07,0.0,1.0,1.0,0.0,1.0,63242.0
7.0,5.0,0.0,0.0,0.0,0.0,266.0,1.0,1.0,0.06,0.06,0.0,255.0,6.0,0.02,0.08,0.0,1.0,1.0,0.0,1.0,48105.0
18.0,2.0,0.0,0.0,0.0,0.0,230.0,0.0,0.0,0.0,0.07,0.0,255.0,1.0,0.0,0.07,0.0,0.0,0.0,1.0,1.0,38980.0
45.0,5.0,0.0,0.0,0.0,0.0,168.0,1.0,1.0,0.1,0.06,0.0,255.0,4.0,0.02,0.07,0.0,1.0,1.0,0.0,1.0,53428.0
38.0,5.0,0.0,0.0,0.0,0.0,272.0,1.0,1.0,0.01,0.05,0.0,255.0,3.0,0.01,0.05,0.0,1.0,1.0,0.0,1.0,51405.0
7.0,5.0,0.0,0.0,0.0,0.0,234.0,1.0,1.0,0.03,0.06,0.0,255.0,7.0,0.03,0.06,0.0,1.0,1.0,0.0,1.0,115908.0
52.0,2.0,0.0,0.0,0.0,0.0,170.0,0.0,0.0,0.01,0.08,0.0,255.0,2.0,0.01,0.08,0.0,0.0,0.0,1.0,1.0,39408.0
19.0,9.0,383.0,0.0,0.0,1.0,2.0,0.0,0.0,1.0,0.0,0.0,3.0,32.0,1.0,0.0,0.09,0.0,0.0,0.0,1.0,54934.0
45.0,5.0,0.0,0.0,0.0,0.0,156.0,1.0,1.0,0.06,0.06,0.0,255.0,9.0,0.04,0.09,0.0,1.0,1.0,0.0,1.0,73352.0
45.0,1.0,0.0,0.0,0.0,0.0,307.0,0.1,0.0,0.0,1.0,0.0,255.0,1.0,0.0,1.0,0.0,0.09,0.0,1.0,1.0,29578.0
49.0,2.0,0.0,0.0,0.0,0.0,252.0,0.0,0.0,0.0,0.07,0.0,255.0,1.0,0.0,0.07,0.0,0.0,0.0,1.0,1.0,125845.0
45.0,5.0,0.0,0.0,0.0,0.0,227.0,1.0,1.0,0.01,0.07,0.0,255.0,3.0,0.01,0.06,0.0,1.0,1.0,0.0,1.0,4483.0
45.0,5.0,0.0,0.0,0.0,0.0,58.0,1.0,1.0,0.26,0.1,0.0,255.0,18.0,0.07,0.07,0.0,1.0,1.0,0.0,1.0,108811.0
27.0,5.0,0.0,0.0,0.0,0.0,100.0,1.0,1.0,0.18,0.05,0.0,255.0,18.0,0.07,0.05,0.0,1.0,1.0,0.0,1.0,5590.0
45.0,5.0,0.0,0.0,0.0,0.0,26.0,1.0,1.0,0.08,0.12,0.0,255.0,15.0,0.06,0.07,0.0,1.0,1.0,0.0,1.0,20304.0
45.0,5.0,0.0,0.0,0.0,0.0,134.0,1.0,1.0,0.06,0.06,0.0,255.0,6.0,0.02,0.06,0.0,1.0,1.0,0.0,1.0,67366.0
21.0,5.0,0.0,0.0,0.0,0.0,106.0,1.0,1.0,0.01,0.08,0.0,255.0,1.0,0.0,0.07,0.0,1.0,1.0,0.0,1.0,7061.0
45.0,5.0,0.0,0.0,0.0,0.0,126.0,1.0,1.0,0.06,0.07,0.0,255.0,15.0,0.06,0.06,0.0,1.0,1.0,0.0,1.0,5342.0
13.0,9.0,18.0,0.0,0.0,0.0,1.0,0.0,0.0,1.0,0.0,0.0,1.0,56.0,1.0,0.0,1.0,0.0,0.0,0.0,1.0,63986.0
45.0,5.0,0.0,0.0,0.0,0.0,113.0,1.0,1.0,0.01,0.07,0.0,255.0,1.0,0.0,0.07,0.0,1.0,1.0,0.0,1.0,31281.0
9.0,2.0,0.0,0.0,0.0,0.0,255.0,0.0,0.0,0.02,0.07,0.0,255.0,5.0,0.02,0.07,0.0,0.0,0.0,1.0,1.0,122893.0
45.0,1.0,0.0,0.0,0.0,0.0,146.0,0.0,0.0,0.14,0.06,0.0,255.0,1.0,0.0,0.07,0.0,0.0,0.0,1.0,1.0,121489.0
45.0,1.0,0.0,0.0,0.0,0.0,128.0,0.0,0.0,0.04,0.07,0.0,255.0,2.0,0.01,0.07,0.0,0.0,0.0,1.0,1.0,24908.0
38.0,1.0,0.0,0.0,0.0,0.0,138.0,0.0,0.0,0.12,0.06,0.0,255.0,16.0,0.06,0.05,0.0,0.0,0.0,1.0,1.0,43363.0
45.0,5.0,0.0,0.0,0.0,0.0,298.0,1.0,1.0,0.03,0.05,0.0,255.0,10.0,0.04,0.07,0.0,1.0,1.0,0.0,1.0,10558.0
45.0,9.0,28.0,0.0,3.0,0.0,177.0,0.56,0.0,0.44,0.04,0.0,255.0,77.0,0.3,0.7,0.0,0.09,0.0,0.0,1.0,73504.0
13.0,9.0,8.0,0.0,0.0,0.0,1.0,0.0,0.0,1.0,0.0,1.0,2.0,66.0,1.0,0.0,0.5,0.0,0.0,0.0,1.0,64873.0
45.0,5.0,0.0,0.0,0.0,0.0,267.0,1.0,1.0,0.04,0.06,0.0,255.0,10.0,0.04,0.06,0.0,1.0,1.0,0.0,1.0,73853.0
45.0,5.0,0.0,0.0,0.0,0.0,107.0,1.0,1.0,0.03,0.08,0.0,255.0,3.0,0.01,0.08,0.0,1.0,1.0,0.0,1.0,42666.0
22.0,1.0,0.0,0.0,0.0,0.0,112.0,0.0,0.0,0.15,0.06,0.0,255.0,15.0,0.06,0.07,0.0,0.0,0.0,1.0,1.0,77144.0
14.0,9.0,1032.0,0.0,0.0,0.0,511.0,0.0,0.0,1.0,0.0,0.0,255.0,199.0,0.78,0.02,0.0,0.0,0.0,0.0,1.0,113132.0
3.0,5.0,0.0,0.0,0.0,0.0,283.0,1.0,1.0,0.05,0.06,0.0,255.0,13.0,0.05,0.07,0.0,1.0,1.0,0.0,1.0,122671.0
63.0,1.0,0.0,0.0,0.0,0.0,264.0,0.0,0.0,0.05,0.07,0.0,255.0,14.0,0.05,0.09,0.0,0.0,0.0,1.0,1.0,124039.0
45.0,5.0,0.0,0.0,0.0,0.0,122.0,1.0,1.0,0.02,0.07,0.0,70.0,2.0,0.03,0.1,0.0,1.0,1.0,0.0,1.0,3359.0
37.0,5.0,0.0,0.0,0.0,0.0,205.0,1.0,1.0,0.09,0.07,0.0,255.0,18.0,0.07,0.08,0.0,1.0,1.0,0.0,1.0,95492.0
45.0,9.0,1.0,0.0,0.0,0.0,45.0,0.0,0.0,0.47,0.07,0.0,255.0,21.0,0.08,0.23,0.0,0.0,0.0,0.0,1.0,79586.0
37.0,5.0,0.0,0.0,0.0,0.0,272.0,1.0,1.0,0.0,0.06,0.0,255.0,2.0,0.01,0.08,0.0,1.0,1.0,0.0,1.0,12805.0
45.0,5.0,0.0,0.0,0.0,0.0,221.0,1.0,1.0,0.04,0.06,0.0,255.0,7.0,0.03,0.07,0.0,1.0,1.0,0.0,1.0,53841.0
45.0,5.0,0.0,0.0,0.0,0.0,18.0,1.0,1.0,0.28,0.11,0.0,255.0,5.0,0.02,0.07,0.0,1.0,1.0,0.0,1.0,70176.0
13.0,9.0,8.0,0.0,0.0,0.0,1.0,0.0,0.0,1.0,0.0,1.0,1.0,129.0,1.0,0.0,0.51,0.0,0.0,0.0,1.0,32287.0
22.0,5.0,0.0,0.0,0.0,0.0,281.0,1.0,1.0,0.07,0.06,0.0,255.0,19.0,0.07,0.06,0.0,1.0,1.0,0.0,1.0,113105.0
45.0,5.0,0.0,0.0,0.0,0.0,242.0,1.0,1.0,0.03,0.06,0.0,255.0,2.0,0.01,0.08,0.0,1.0,1.0,0.0,1.0,37963.0
45.0,1.0,0.0,0.0,0.0,0.0,251.0,0.0,0.0,0.02,0.07,0.0,255.0,4.0,0.02,0.08,0.0,0.0,0.0,1.0,1.0,60484.0
45.0,5.0,0.0,0.0,0.0,0.0,140.0,1.0,1.0,0.13,0.06,0.0,255.0,36.0,0.14,0.07,0.0,1.0,1.0,0.0,1.0,2803.0
13.0,9.0,8.0,0.0,0.0,0.0,1.0,0.0,0.0,1.0,0.0,1.0,2.0,81.0,1.0,0.0,0.51,0.0,0.0,0.0,1.0,109732.0
16.0,5.0,0.0,0.0,0.0,0.0,126.0,1.0,1.0,0.03,0.06,0.0,255.0,3.0,0.01,0.07,0.0,1.0,1.0,0.0,1.0,1563.0
15.0,5.0,0.0,0.0,0.0,0.0,134.0,1.0,1.0,0.14,0.05,0.0,255.0,19.0,0.07,0.05,0.0,1.0,1.0,0.0,1.0,94984.0
45.0,9.0,1.0,0.0,0.0,0.0,29.0,0.0,0.0,0.07,0.14,0.0,255.0,2.0,0.01,0.49,0.0,0.16,0.0,0.0,1.0,34844.0
5.0,5.0,0.0,0.0,0.0,0.0,118.0,1.0,1.0,0.06,0.06,0.0,255.0,7.0,0.03,0.05,0.0,1.0,1.0,0.0,1.0,63411.0
10.0,5.0,0.0,0.0,0.0,0.0,297.0,1.0,1.0,0.04,0.05,0.0,255.0,11.0,0.04,0.07,0.0,1.0,1.0,0.0,1.0,92210.0
2.0,5.0,0.0,0.0,0.0,0.0,291.0,1.0,1.0,0.07,0.05,0.0,255.0,4.0,0.02,0.07,0.0,1.0,1.0,0.0,1.0,112010.0
14.0,9.0,1032.0,0.0,0.0,0.0,511.0,0.0,0.0,1.0,0.0,0.0,255.0,60.0,0.24,0.02,0.0,0.02,0.0,0.0,1.0,11004.0
29.0,5.0,0.0,0.0,0.0,0.0,278.0,1.0,1.0,0.06,0.05,0.0,255.0,18.0,0.07,0.05,0.0,1.0,1.0,0.0,1.0,75249.0
60.0,5.0,0.0,0.0,0.0,0.0,123.0,1.0,1.0,0.01,0.07,0.0,255.0,20.0,0.08,0.07,0.0,1.0,1.0,0.0,1.0,68626.0
17.0,5.0,0.0,0.0,0.0,0.0,141.0,1.0,1.0,0.13,0.05,0.0,255.0,8.0,0.03,0.05,0.0,1.0,1.0,0.0,1.0,89171.0
45.0,5.0,0.0,0.0,0.0,0.0,202.0,1.0,1.0,0.08,0.06,0.0,255.0,15.0,0.06,0.07,0.0,1.0,1.0,0.0,1.0,32017.0
57.0,2.0,0.0,0.0,0.0,0.0,172.0,0.0,0.0,0.02,0.07,0.0,255.0,4.0,0.02,0.07,0.0,0.0,0.0,1.0,1.0,103204.0
45.0,5.0,0.0,0.0,0.0,0.0,136.0,1.0,1.0,0.14,0.05,0.0,255.0,39.0,0.15,0.05,0.0,1.0,1.0,0.0,1.0,102296.0
45.0,5.0,0.0,0.0,0.0,0.0,210.0,1.0,1.0,0.06,0.07,0.0,255.0,9.0,0.04,0.06,0.0,1.0,1.0,0.0,1.0,121758.0
16.0,5.0,0.0,0.0,0.0,0.0,125.0,1.0,1.0,0.02,0.06,0.0,255.0,4.0,0.02,0.07,0.0,1.0,1.0,0.0,1.0,98143.0
14.0,9.0,1032.0,0.0,0.0,0.0,511.0,0.0,0.0,1.0,0.0,0.0,255.0,102.0,0.4,0.09,0.0,0.0,0.0,0.0,1.0,3438.0
45.0,5.0,0.0,0.0,0.0,0.0,107.0,1.0,1.0,0.07,0.07,0.0,255.0,8.0,0.03,0.05,0.0,1.0,1.0,0.0,1.0,3240.0
4.0,5.0,0.0,0.0,0.0,0.0,173.0,1.0,1.0,0.09,0.06,0.0,255.0,15.0,0.06,0.06,0.0,1.0,1.0,0.0,1.0,103758.0
55.0,5.0,0.0,0.0,0.0,0.0,48.0,1.0,1.0,0.23,0.08,0.0,255.0,46.0,0.18,0.04,0.0,1.0,1.0,0.0,1.0,93452.0
20.0,5.0,0.0,0.0,0.0,0.0,239.0,1.0,1.0,0.02,0.07,0.0,255.0,4.0,0.02,0.08,0.0,1.0,1.0,0.0,1.0,48202.0
62.0,5.0,0.0,0.0,0.0,0.0,243.0,1.0,1.0,0.04,0.07,0.0,255.0,20.0,0.08,0.07,0.0,1.0,1.0,0.0,1.0,25180.0
8.0,5.0,0.0,0.0,0.0,0.0,234.0,1.0,1.0,0.01,0.07,0.0,255.0,3.0,0.01,0.07,0.0,1.0,1.0,0.0,1.0,98564.0
17.0,5.0,0.0,0.0,0.0,0.0,38.0,1.0,1.0,0.29,0.11,0.0,255.0,60.0,0.24,0.04,0.0,1.0,1.0,0.0,1.0,64882.0
45.0,5.0,0.0,0.0,0.0,0.0,201.0,1.0,1.0,0.04,0.06,0.0,255.0,10.0,0.04,0.07,0.0,1.0,1.0,0.0,1.0,108138.0
45.0,5.0,0.0,0.0,0.0,0.0,167.0,1.0,1.0,0.1,0.05,0.0,255.0,6.0,0.02,0.06,0.0,1.0,1.0,0.0,1.0,58736.0
45.0,1.0,0.0,0.0,0.0,0.0,511.0,0.11,0.0,0.0,1.0,0.0,255.0,1.0,0.0,1.0,0.0,0.08,0.0,1.0,1.0,65790.0
13.0,9.0,8.0,0.0,0.0,0.0,1.0,0.0,0.0,1.0,0.0,1.0,1.0,185.0,1.0,0.0,0.5,0.0,0.0,0.0,1.0,110830.0
23.0,5.0,0.0,0.0,0.0,0.0,130.0,1.0,1.0,0.14,0.05,0.0,255.0,18.0,0.07,0.05,0.0,1.0,1.0,0.0,1.0,82207.0
52.0,5.0,0.0,0.0,0.0,0.0,231.0,1.0,1.0,0.02,0.06,0.0,255.0,4.0,0.02,0.07,0.0,1.0,1.0,0.0,1.0,66452.0
4.0,5.0,0.0,0.0,0.0,0.0,296.0,1.0,1.0,0.08,0.05,0.0,255.0,24.0,0.09,0.05,0.0,1.0,1.0,0.0,1.0,8158.0
31.0,5.0,0.0,0.0,0.0,0.0,101.0,1.0,1.0,0.17,0.05,0.0,255.0,17.0,0.07,0.05,0.0,1.0,1.0,0.0,1.0,46528.0
45.0,9.0,1.0,0.0,0.0,0.0,69.0,0.0,0.0,0.33,0.07,0.0,255.0,46.0,0.18,0.22,0.0,0.0,0.0,0.0,1.0,101400.0
13.0,9.0,8.0,0.0,0.0,0.0,1.0,0.0,0.0,1.0,0.0,1.0,2.0,3.0,1.0,0.0,0.67,0.0,0.0,0.0,1.0,65071.0
62.0,5.0,0.0,0.0,0.0,0.0,278.0,1.0,1.0,0.02,0.05,0.0,255.0,5.0,0.02,0.05,0.0,1.0,1.0,0.0,1.0,74113.0
17.0,5.0,0.0,0.0,0.0,0.0,40.0,1.0,1.0,0.32,0.1,0.0,255.0,73.0,0.29,0.02,0.0,1.0,1.0,0.0,1.0,25859.0
45.0,5.0,0.0,0.0,0.0,0.0,225.0,1.0,1.0,0.03,0.07,0.0,255.0,17.0,0.07,0.08,0.0,1.0,1.0,0.0,1.0,102576.0
54.0,1.0,0.0,0.0,0.0,0.0,141.0,0.0,0.0,0.08,0.06,0.0,255.0,9.0,0.04,0.07,0.0,0.0,0.0,1.0,1.0,62103.0
45.0,5.0,0.0,0.0,0.0,0.0,248.0,1.0,1.0,0.07,0.06,0.0,255.0,16.0,0.06,0.06,0.0,1.0,1.0,0.0,1.0,112298.0
2.0,1.0,0.0,0.0,0.0,0.0,279.0,0.0,0.0,0.04,0.06,0.0,255.0,12.0,0.05,0.07,0.0,0.0,0.0,1.0,1.0,71022.0
45.0,1.0,0.0,0.0,0.0,0.0,301.0,0.03,0.0,0.0,1.0,0.0,255.0,1.0,0.0,0.97,0.0,0.04,0.0,1.0,1.0,97274.0
50.0,1.0,0.0,0.0,0.0,0.0,163.0,0.0,0.0,0.04,0.07,0.0,255.0,6.0,0.02,0.07,0.0,0.0,0.0,1.0,1.0,65681.0
45.0,1.0,0.0,0.0,0.0,0.0,479.0,0.06,0.0,0.0,1.0,0.0,255.0,1.0,0.0,1.0,0.0,0.08,0.0,1.0,1.0,118641.0
57.0,5.0,0.0,0.0,0.0,0.0,265.0,1.0,1.0,0.08,0.05,0.0,255.0,22.0,0.09,0.05,0.0,1.0,1.0,0.0,1.0,117187.0
45.0,1.0,0.0,0.0,0.0,0.0,139.0,0.0,0.0,0.08,0.06,0.0,214.0,11.0,0.05,0.06,0.0,0.0,0.0,1.0,1.0,44783.0
13.0,9.0,8.0,0.0,0.0,0.0,1.0,0.0,0.0,1.0,0.0,1.0,2.0,20.0,1.0,0.0,0.5,0.0,0.0,0.0,1.0,110537.0
14.0,9.0,1032.0,0.0,0.0,0.0,511.0,0.0,0.0,1.0,0.0,0.0,255.0,88.0,0.35,0.02,0.0,0.02,0.0,0.0,1.0,49317.0
7.0,5.0,0.0,0.0,0.0,0.0,220.0,1.0,1.0,0.1,0.06,0.0,255.0,21.0,0.08,0.07,0.0,1.0,1.0,0.0,1.0,46929.0
61.0,5.0,0.0,0.0,0.0,0.0,148.0,1.0,1.0,0.17,0.04,0.0,255.0,25.0,0.1,0.04,0.0,1.0,1.0,0.0,1.0,61672.0
45.0,1.0,0.0,0.0,0.0,0.0,188.0,0.0,0.0,0.01,0.07,0.0,255.0,2.0,0.01,0.08,0.0,0.0,0.0,1.0,1.0,63184.0
16.0,5.0,0.0,0.0,0.0,0.0,116.0,1.0,1.0,0.17,0.08,0.0,255.0,20.0,0.08,0.07,0.0,1.0,1.0,0.0,1.0,71513.0
45.0,5.0,0.0,0.0,0.0,0.0,114.0,1.0,1.0,0.05,0.07,0.0,255.0,9.0,0.04,0.05,0.0,1.0,1.0,0.0,1.0,103883.0
41.0,1.0,0.0,0.0,0.0,0.0,511.0,0.11,0.0,0.0,1.0,0.0,255.0,1.0,0.0,1.0,0.0,0.14,0.0,1.0,1.0,83804.0
26.0,5.0,0.0,0.0,0.0,0.0,209.0,1.0,1.0,0.01,0.07,0.0,255.0,13.0,0.05,0.09,0.0,1.0,1.0,0.0,1.0,77168.0
45.0,5.0,0.0,0.0,0.0,0.0,275.0,1.0,1.0,0.03,0.06,0.0,255.0,11.0,0.04,0.08,0.0,1.0,1.0,0.0,1.0,107025.0
60.0,5.0,0.0,0.0,0.0,0.0,101.0,1.0,1.0,0.01,0.07,0.0,255.0,1.0,0.0,0.06,0.0,1.0,1.0,0.0,1.0,87470.0
6.0,5.0,0.0,0.0,0.0,0.0,220.0,1.0,1.0,0.05,0.05,0.0,255.0,12.0,0.05,0.06,0.0,1.0,1.0,0.0,1.0,119846.0
14.0,9.0,1032.0,0.0,0.0,0.0,511.0,0.0,0.0,1.0,0.0,0.0,255.0,32.0,0.13,0.05,0.0,0.29,0.0,0.0,1.0,117417.0
14.0,9.0,1032.0,0.0,0.0,0.0,511.0,0.0,0.0,1.0,0.0,0.0,238.0,93.0,0.39,0.01,0.0,0.0,0.0,0.0,1.0,31936.0
14.0,9.0,1032.0,0.0,0.0,0.0,161.0,0.0,0.0,1.0,0.0,0.0,255.0,161.0,0.63,0.01,0.0,0.0,0.0,0.0,1.0,64142.0
45.0,5.0,0.0,0.0,0.0,0.0,298.0,1.0,1.0,0.03,0.05,0.0,255.0,7.0,0.03,0.07,0.0,1.0,1.0,0.0,1.0,50423.0
10.0,5.0,0.0,0.0,0.0,0.0,260.0,1.0,1.0,0.08,0.06,0.0,255.0,20.0,0.08,0.06,0.0,1.0,1.0,0.0,1.0,48005.0
29.0,5.0,0.0,0.0,0.0,0.0,142.0,1.0,1.0,0.14,0.06,0.0,255.0,19.0,0.07,0.07,0.0,1.0,1.0,0.0,1.0,75337.0
45.0,5.0,0.0,0.0,0.0,0.0,83.0,1.0,1.0,0.04,0.07,0.0,255.0,3.0,0.01,0.06,0.0,1.0,1.0,0.0,1.0,39718.0
52.0,5.0,0.0,0.0,0.0,0.0,297.0,1.0,1.0,0.08,0.05,0.0,255.0,25.0,0.1,0.05,0.0,1.0,1.0,0.0,1.0,43948.0
45.0,5.0,0.0,0.0,0.0,0.0,134.0,1.0,1.0,0.07,0.06,0.0,255.0,9.0,0.04,0.07,0.0,1.0,1.0,0.0,1.0,23544.0
41.0,1.0,0.0,0.0,0.0,0.0,510.0,0.14,0.0,0.0,1.0,0.0,255.0,1.0,0.0,1.0,0.0,0.15,0.0,1.0,1.0,7059.0
55.0,2.0,0.0,0.0,0.0,0.0,141.0,0.0,0.0,0.09,0.06,0.0,255.0,7.0,0.03,0.06,0.0,0.0,0.0,1.0,1.0,116771.0
45.0,5.0,0.0,0.0,0.0,0.0,215.0,1.0,1.0,0.07,0.06,0.0,255.0,14.0,0.05,0.07,0.0,1.0,1.0,0.0,1.0,48390.0
22.0,5.0,0.0,0.0,0.0,0.0,134.0,0.02,1.0,0.01,0.58,0.0,255.0,1.0,0.0,0.31,0.0,0.01,1.0,0.0,1.0,47676.0
17.0,5.0,0.0,0.0,0.0,0.0,259.0,1.0,1.0,0.02,0.07,0.0,255.0,5.0,0.02,0.08,0.0,1.0,1.0,0.0,1.0,86833.0
6.0,5.0,0.0,0.0,0.0,0.0,287.0,1.0,1.0,0.03,0.06,0.0,255.0,7.0,0.03,0.07,0.0,1.0,1.0,0.0,1.0,107507.0
45.0,1.0,0.0,0.0,0.0,0.0,125.0,0.01,0.0,0.01,1.0,0.0,255.0,1.0,0.0,0.5,0.0,0.0,0.0,1.0,1.0,105625.0
3.0,1.0,0.0,0.0,0.0,0.0,132.0,0.0,0.0,0.09,0.07,0.0,255.0,12.0,0.05,0.06,0.0,0.0,0.0,1.0,1.0,26828.0
45.0,1.0,0.0,0.0,0.0,0.0,198.0,0.0,0.0,0.04,0.06,0.0,255.0,7.0,0.03,0.08,0.0,0.0,0.0,1.0,1.0,7362.0
45.0,1.0,0.0,0.0,0.0,0.0,263.0,0.0,0.0,0.03,0.07,0.0,255.0,7.0,0.03,0.09,0.0,0.0,0.0,1.0,1.0,68766.0
45.0,9.0,28.0,0.0,3.0,0.0,14.0,0.0,0.0,1.0,0.0,0.0,255.0,14.0,0.05,0.02,0.0,0.0,0.0,0.0,1.0,54231.0
20.0,5.0,0.0,0.0,0.0,0.0,249.0,1.0,1.0,0.04,0.06,0.0,255.0,11.0,0.04,0.07,0.0,1.0,1.0,0.0,1.0,68715.0
2.0,5.0,0.0,0.0,0.0,0.0,256.0,1.0,1.0,0.05,0.06,0.0,255.0,13.0,0.05,0.07,0.0,1.0,1.0,0.0,1.0,45809.0
38.0,5.0,0.0,0.0,0.0,0.0,27.0,1.0,1.0,0.07,0.15,0.0,255.0,11.0,0.04,0.09,0.0,1.0,1.0,0.0,1.0,87210.0
4.0,5.0,0.0,0.0,0.0,0.0,248.0,1.0,1.0,0.02,0.06,0.0,255.0,5.0,0.02,0.05,0.0,1.0,1.0,0.0,1.0,115940.0
45.0,5.0,0.0,0.0,0.0,0.0,39.0,1.0,1.0,0.13,0.15,0.0,255.0,5.0,0.02,0.07,0.0,1.0,1.0,0.0,1.0,30362.0
45.0,4.0,1.0,0.0,0.0,0.0,2.0,0.0,0.0,1.0,0.0,0.0,255.0,2.0,0.01,0.65,0.0,0.0,0.0,1.0,1.0,85986.0
41.0,1.0,0.0,0.0,0.0,0.0,509.0,0.23,0.0,0.0,1.0,0.0,255.0,1.0,0.0,1.0,0.0,0.27,0.0,1.0,1.0,40460.0
45.0,5.0,0.0,0.0,0.0,0.0,124.0,1.0,1.0,0.11,0.06,0.0,255.0,5.0,0.02,0.07,0.0,1.0,1.0,0.0,1.0,119156.0
27.0,5.0,0.0,0.0,0.0,0.0,148.0,1.0,1.0,0.11,0.05,0.0,255.0,17.0,0.07,0.06,0.0,1.0,1.0,0.0,1.0,22549.0
53.0,5.0,0.0,0.0,0.0,0.0,111.0,1.0,1.0,0.06,0.09,0.0,255.0,7.0,0.03,0.07,0.0,1.0,1.0,0.0,1.0,90035.0
61.0,4.0,1.0,0.0,0.0,0.0,2.0,0.0,0.0,1.0,0.0,0.0,255.0,2.0,0.01,0.46,0.0,0.0,0.0,1.0,1.0,60766.0
38.0,1.0,0.0,0.0,0.0,0.0,112.0,0.0,0.0,0.02,0.07,0.0,255.0,2.0,0.01,0.07,0.0,0.0,0.0,1.0,1.0,44466.0
45.0,10.0,0.0,0.0,0.0,0.0,1.0,1.0,1.0,1.0,0.0,0.0,233.0,1.0,0.0,0.96,0.0,0.97,1.0,0.0,1.0,85731.0
19.0,5.0,0.0,0.0,0.0,0.0,203.0,0.65,1.0,0.0,0.41,0.0,255.0,1.0,0.0,0.33,0.0,0.52,1.0,0.0,1.0,59899.0
13.0,9.0,8.0,0.0,0.0,0.0,1.0,0.0,0.0,1.0,0.0,1.0,2.0,50.0,1.0,0.0,0.5,0.0,0.0,0.0,1.0,56377.0
5.0,5.0,0.0,0.0,0.0,0.0,100.0,1.0,1.0,0.07,0.05,0.0,255.0,7.0,0.03,0.05,0.0,1.0,1.0,0.0,1.0,48376.0
14.0,9.0,520.0,0.0,0.0,0.0,458.0,0.0,0.0,1.0,0.0,0.0,227.0,227.0,1.0,0.0,0.0,0.0,0.0,0.0,1.0,33633.0
13.0,9.0,8.0,0.0,0.0,0.0,1.0,0.0,0.0,1.0,0.0,1.0,2.0,74.0,1.0,0.0,0.5,0.0,0.0,0.0,1.0,116695.0
61.0,5.0,0.0,0.0,0.0,0.0,252.0,1.0,1.0,0.01,0.06,0.0,255.0,15.0,0.06,0.07,0.0,1.0,1.0,0.0,1.0,14025.0
31.0,5.0,0.0,0.0,0.0,0.0,50.0,1.0,1.0,0.4,0.08,0.0,255.0,20.0,0.08,0.06,0.0,1.0,1.0,0.0,1.0,80458.0
5.0,5.0,0.0,0.0,0.0,0.0,103.0,1.0,1.0,0.08,0.06,0.0,255.0,8.0,0.03,0.06,0.0,1.0,1.0,0.0,1.0,79930.0
37.0,5.0,0.0,0.0,0.0,0.0,261.0,1.0,1.0,0.01,0.06,0.0,255.0,11.0,0.04,0.07,0.0,1.0,1.0,0.0,1.0,24475.0
4.0,5.0,0.0,0.0,0.0,0.0,232.0,1.0,1.0,0.07,0.05,0.0,190.0,17.0,0.09,0.06,0.0,0.99,1.0,0.0,1.0,75087.0
13.0,9.0,8.0,0.0,0.0,0.0,1.0,0.0,0.0,1.0,0.0,1.0,2.0,138.0,1.0,0.0,0.5,0.0,0.0,0.0,1.0,78588.0
9.0,5.0,0.0,0.0,0.0,0.0,124.0,1.0,1.0,0.12,0.06,0.0,255.0,15.0,0.06,0.07,0.0,1.0,1.0,0.0,1.0,41032.0
45.0,9.0,28.0,0.0,3.0,0.0,13.0,0.0,0.0,1.0,0.0,0.0,85.0,13.0,0.15,0.05,0.0,0.0,0.0,0.0,1.0,51717.0
4.0,5.0,0.0,0.0,0.0,0.0,212.0,1.0,1.0,0.08,0.06,0.0,255.0,18.0,0.07,0.06,0.0,1.0,1.0,0.0,1.0,3171.0
13.0,9.0,8.0,0.0,0.0,0.0,1.0,0.0,0.0,1.0,0.0,1.0,2.0,156.0,1.0,0.0,0.5,0.0,0.0,0.0,1.0,85748.0
51.0,4.0,0.0,0.0,0.0,0.0,1.0,0.0,0.0,1.0,0.0,0.0,120.0,1.0,0.01,0.21,0.0,0.0,0.0,1.0,1.0,55031.0
4.0,1.0,0.0,0.0,0.0,0.0,269.0,0.0,0.0,0.06,0.07,0.0,255.0,15.0,0.06,0.07,0.0,0.0,0.0,1.0,1.0,121169.0
25.0,5.0,0.0,0.0,0.0,0.0,277.0,1.0,1.0,0.04,0.06,0.0,255.0,10.0,0.04,0.06,0.0,1.0,1.0,0.0,1.0,52414.0
55.0,5.0,0.0,0.0,0.0,0.0,2.0,1.0,1.0,0.5,1.0,0.0,255.0,66.0,0.26,0.02,0.0,1.0,1.0,0.0,1.0,35024.0
45.0,1.0,0.0,0.0,0.0,0.0,382.0,0.06,0.0,0.0,1.0,0.0,255.0,1.0,0.0,1.0,0.0,0.09,0.0,1.0,1.0,73179.0
38.0,5.0,0.0,0.0,0.0,0.0,149.0,1.0,1.0,0.13,0.06,0.0,255.0,19.0,0.07,0.06,0.0,1.0,1.0,0.0,1.0,107494.0
45.0,5.0,0.0,0.0,0.0,0.0,251.0,1.0,1.0,0.01,0.06,0.0,255.0,19.0,0.07,0.08,0.0,1.0,1.0,0.0,1.0,92187.0
45.0,1.0,0.0,0.0,0.0,0.0,1.0,0.0,0.0,1.0,0.0,0.0,255.0,1.0,0.0,0.27,0.0,0.0,0.0,1.0,1.0,4475.0
17.0,5.0,0.0,0.0,0.0,0.0,48.0,1.0,1.0,0.25,0.08,0.0,255.0,58.0,0.23,0.04,0.0,1.0,1.0,0.0,1.0,9307.0
19.0,5.0,0.0,0.0,0.0,0.0,66.0,1.0,1.0,0.15,0.06,0.0,255.0,30.0,0.12,0.06,0.0,1.0,1.0,0.0,1.0,38552.0
45.0,4.0,0.0,0.0,0.0,0.0,1.0,0.0,0.0,1.0,0.0,0.0,249.0,1.0,0.0,0.34,0.0,0.0,0.0,1.0,1.0,74011.0
41.0,1.0,0.0,0.0,0.0,0.0,483.0,0.07,0.0,0.0,1.0,0.0,255.0,1.0,0.0,1.0,0.0,0.04,0.0,1.0,1.0,115696.0
45.0,5.0,0.0,0.0,0.0,0.0,236.0,1.0,1.0,0.06,0.08,0.0,255.0,15.0,0.06,0.08,0.0,1.0,1.0,0.0,1.0,42272.0
45.0,5.0,0.0,0.0,0.0,0.0,121.0,1.0,1.0,0.14,0.07,0.0,221.0,1.0,0.0,0.07,0.0,1.0,1.0,0.0,1.0,67506.0
45.0,5.0,0.0,0.0,0.0,0.0,101.0,1.0,1.0,0.21,0.05,0.0,255.0,21.0,0.08,0.06,0.0,1.0,1.0,0.0,1.0,48691.0
14.0,9.0,520.0,0.0,0.0,0.0,451.0,0.0,0.0,1.0,0.0,0.0,204.0,204.0,1.0,0.0,0.0,0.0,0.0,0.0,1.0,96349.0
45.0,5.0,0.0,0.0,0.0,0.0,263.0,1.0,1.0,0.03,0.06,0.0,255.0,3.0,0.01,0.09,0.0,1.0,1.0,0.0,1.0,82060.0
19.0,5.0,0.0,0.0,0.0,0.0,257.0,1.0,1.0,0.07,0.05,0.0,255.0,19.0,0.07,0.05,0.0,1.0,1.0,0.0,1.0,118749.0
13.0,9.0,8.0,0.0,0.0,0.0,1.0,0.0,0.0,1.0,0.0,1.0,1.0,63.0,1.0,0.0,0.51,0.0,0.0,0.0,1.0,60911.0
45.0,5.0,0.0,0.0,0.0,0.0,165.0,1.0,1.0,0.03,0.05,0.0,255.0,5.0,0.02,0.06,0.0,1.0,1.0,0.0,1.0,121017.0
55.0,5.0,0.0,0.0,0.0,0.0,38.0,1.0,1.0,0.13,0.11,0.0,255.0,47.0,0.18,0.03,0.0,1.0,1.0,0.0,1.0,84191.0
14.0,9.0,1032.0,0.0,0.0,0.0,384.0,0.0,0.0,1.0,0.0,0.0,255.0,255.0,1.0,0.0,0.0,0.0,0.0,0.0,1.0,11864.0
63.0,5.0,0.0,0.0,0.0,0.0,174.0,1.0,1.0,0.02,0.06,0.0,255.0,6.0,0.02,0.06,0.0,1.0,1.0,0.0,1.0,63509.0
45.0,5.0,0.0,0.0,0.0,0.0,284.0,1.0,1.0,0.05,0.06,0.0,255.0,16.0,0.06,0.08,0.0,1.0,1.0,0.0,1.0,7575.0
45.0,5.0,0.0,0.0,0.0,0.0,118.0,1.0,1.0,0.07,0.08,0.0,255.0,8.0,0.03,0.08,0.0,1.0,1.0,0.0,1.0,114060.0
45.0,1.0,0.0,0.0,0.0,0.0,112.0,0.0,0.0,0.11,0.06,0.0,255.0,13.0,0.05,0.07,0.0,0.0,0.0,1.0,1.0,90747.0
8.0,5.0,0.0,0.0,0.0,0.0,124.0,1.0,1.0,0.09,0.06,0.0,255.0,9.0,0.04,0.07,0.0,1.0,1.0,0.0,1.0,80320.0
19.0,5.0,0.0,0.0,0.0,0.0,64.0,1.0,1.0,0.23,0.06,0.0,226.0,55.0,0.24,0.02,0.0,0.99,1.0,0.0,1.0,53423.0
55.0,5.0,0.0,0.0,0.0,0.0,37.0,1.0,1.0,0.16,0.11,0.0,255.0,65.0,0.25,0.03,0.0,1.0,1.0,0.0,1.0,13738.0
17.0,5.0,0.0,0.0,0.0,0.0,11.0,0.91,1.0,0.45,0.36,0.0,255.0,1.0,0.0,0.07,0.0,1.0,1.0,0.0,1.0,77345.0
45.0,5.0,0.0,0.0,0.0,0.0,102.0,1.0,1.0,0.18,0.08,0.0,255.0,18.0,0.07,0.07,0.0,1.0,1.0,0.0,1.0,106479.0
19.0,9.0,246.0,0.0,0.0,1.0,1.0,0.0,0.0,1.0,0.0,0.0,1.0,33.0,1.0,0.0,0.15,0.0,0.0,0.0,1.0,77630.0
52.0,2.0,0.0,0.0,0.0,0.0,141.0,0.0,0.0,0.11,0.06,0.0,255.0,15.0,0.06,0.07,0.0,0.0,0.0,1.0,1.0,50202.0
45.0,5.0,0.0,0.0,0.0,0.0,28.0,1.0,1.0,0.79,0.07,0.0,255.0,22.0,0.09,0.06,0.0,1.0,1.0,0.0,1.0,1234.0
45.0,5.0,0.0,0.0,0.0,0.0,300.0,1.0,1.0,0.03,0.05,0.0,255.0,8.0,0.03,0.06,0.0,1.0,1.0,0.0,1.0,112867.0
13.0,9.0,8.0,0.0,0.0,0.0,1.0,0.0,0.0,1.0,0.0,1.0,2.0,96.0,1.0,0.0,0.5,0.0,0.0,0.0,1.0,19955.0
2.0,1.0,0.0,0.0,0.0,0.0,225.0,0.0,0.0,0.02,0.07,0.0,255.0,5.0,0.02,0.07,0.0,0.0,0.0,1.0,1.0,54262.0
13.0,9.0,8.0,0.0,0.0,0.0,1.0,0.0,0.0,1.0,0.0,1.0,2.0,46.0,1.0,0.0,0.5,0.0,0.0,0.0,1.0,54496.0
45.0,1.0,0.0,0.0,0.0,0.0,41.0,0.0,0.0,0.27,0.07,0.0,255.0,2.0,0.01,0.07,0.0,0.0,0.0,1.0,1.0,46714.0
26.0,5.0,0.0,0.0,0.0,0.0,248.0,1.0,1.0,0.05,0.06,0.0,255.0,13.0,0.05,0.05,0.0,1.0,1.0,0.0,1.0,51343.0
19.0,5.0,0.0,0.0,0.0,0.0,248.0,1.0,1.0,0.03,0.06,0.0,255.0,7.0,0.03,0.07,0.0,1.0,1.0,0.0,1.0,121647.0
5.0,1.0,0.0,0.0,0.0,0.0,101.0,0.0,0.0,0.01,0.07,0.0,255.0,1.0,0.0,0.07,0.0,0.0,0.0,1.0,1.0,125097.0
45.0,9.0,215.0,0.0,0.0,0.0,1.0,0.0,0.0,1.0,0.0,0.0,97.0,81.0,0.84,0.02,0.0,0.0,0.0,0.0,1.0,22116.0
45.0,5.0,0.0,0.0,0.0,0.0,218.0,1.0,1.0,0.03,0.07,0.0,255.0,1.0,0.0,0.07,0.0,1.0,1.0,0.0,1.0,73842.0
55.0,5.0,0.0,0.0,0.0,0.0,48.0,1.0,1.0,0.27,0.08,0.0,255.0,62.0,0.24,0.02,0.0,1.0,1.0,0.0,1.0,102775.0
19.0,5.0,0.0,0.0,0.0,0.0,36.0,1.0,1.0,0.22,0.11,0.0,198.0,48.0,0.24,0.02,0.0,0.99,1.0,0.0,1.0,8183.0
21.0,5.0,0.0,0.0,0.0,0.0,227.0,1.0,1.0,0.08,0.06,0.0,255.0,19.0,0.07,0.07,0.0,1.0,1.0,0.0,1.0,101516.0
63.0,5.0,0.0,0.0,0.0,0.0,106.0,1.0,1.0,0.06,0.07,0.0,255.0,6.0,0.02,0.08,0.0,1.0,1.0,0.0,1.0,91801.0
50.0,5.0,0.0,0.0,0.0,0.0,230.0,1.0,1.0,0.03,0.06,0.0,255.0,19.0,0.07,0.06,0.0,1.0,1.0,0.0,1.0,71233.0
13.0,9.0,18.0,0.0,0.0,0.0,1.0,0.0,0.0,1.0,0.0,0.0,1.0,39.0,1.0,0.0,1.0,0.0,0.0,0.0,1.0,97015.0
9.0,5.0,0.0,0.0,0.0,0.0,271.0,1.0,1.0,0.07,0.06,0.0,255.0,20.0,0.08,0.07,0.0,1.0,1.0,0.0,1.0,115006.0
45.0,5.0,0.0,0.0,0.0,0.0,248.0,1.0,1.0,0.02,0.06,0.0,255.0,4.0,0.02,0.09,0.0,1.0,1.0,0.0,1.0,38527.0
14.0,9.0,1032.0,0.0,0.0,0.0,510.0,0.0,0.0,1.0,0.0,0.0,255.0,53.0,0.21,0.16,0.0,0.0,0.0,0.0,1.0,8106.0
21.0,5.0,0.0,0.0,0.0,0.0,239.0,1.0,1.0,0.01,0.06,0.0,255.0,2.0,0.01,0.07,0.0,1.0,1.0,0.0,1.0,53380.0
7.0,1.0,0.0,0.0,0.0,0.0,267.0,0.0,0.0,0.04,0.06,0.0,255.0,11.0,0.04,0.07,0.0,0.0,0.0,1.0,1.0,13646.0
15.0,5.0,0.0,0.0,0.0,0.0,141.0,1.0,1.0,0.11,0.06,0.0,255.0,16.0,0.06,0.06,0.0,1.0,1.0,0.0,1.0,1216.0
22.0,5.0,0.0,0.0,0.0,0.0,15.0,1.0,1.0,1.0,0.0,0.0,17.0,15.0,0.88,0.12,0.0,0.88,1.0,0.0,1.0,81099.0
20.0,5.0,0.0,0.0,0.0,0.0,235.0,1.0,1.0,0.03,0.06,0.0,255.0,6.0,0.02,0.06,0.0,1.0,1.0,0.0,1.0,61275.0
45.0,5.0,0.0,0.0,0.0,0.0,132.0,1.0,1.0,0.12,0.05,0.0,255.0,29.0,0.11,0.05,0.0,1.0,1.0,0.0,1.0,18048.0
62.0,5.0,0.0,0.0,0.0,0.0,284.0,1.0,1.0,0.07,0.04,0.0,255.0,15.0,0.06,0.05,0.0,1.0,1.0,0.0,1.0,101429.0
33.0,1.0,0.0,0.0,0.0,0.0,245.0,0.0,0.0,0.04,0.07,0.0,255.0,11.0,0.04,0.07,0.0,0.0,0.0,1.0,1.0,45962.0
45.0,5.0,0.0,0.0,0.0,0.0,28.0,1.0,1.0,0.11,0.18,0.0,255.0,3.0,0.01,0.08,0.0,1.0,1.0,0.0,1.0,85546.0
45.0,5.0,0.0,0.0,0.0,0.0,105.0,1.0,1.0,0.19,0.05,0.0,255.0,20.0,0.08,0.05,0.0,1.0,1.0,0.0,1.0,95971.0
45.0,5.0,0.0,0.0,0.0,0.0,295.0,1.0,1.0,0.05,0.06,0.0,255.0,19.0,0.07,0.09,0.0,1.0,1.0,0.0,1.0,49658.0
45.0,5.0,0.0,0.0,0.0,0.0,186.0,1.0,1.0,0.1,0.06,0.0,255.0,6.0,0.02,0.07,0.0,1.0,1.0,0.0,1.0,26663.0
7.0,1.0,0.0,0.0,0.0,0.0,214.0,0.0,0.0,0.03,0.07,0.0,255.0,7.0,0.03,0.08,0.0,0.0,0.0,1.0,1.0,108043.0
45.0,4.0,0.0,0.0,0.0,0.0,1.0,0.0,0.0,1.0,0.0,0.0,88.0,1.0,0.01,0.47,0.0,0.07,0.0,1.0,1.0,108694.0
55.0,2.0,0.0,15.0,0.0,0.0,1.0,0.0,0.0,1.0,0.0,0.0,4.0,2.0,0.25,1.0,1.0,0.0,0.0,0.5,1.0,94207.0
38.0,5.0,0.0,0.0,0.0,0.0,103.0,1.0,1.0,0.06,0.07,0.0,255.0,6.0,0.02,0.06,0.0,1.0,1.0,0.0,1.0,18907.0
20.0,5.0,0.0,0.0,0.0,0.0,223.0,1.0,1.0,0.02,0.07,0.0,255.0,4.0,0.02,0.09,0.0,1.0,1.0,0.0,1.0,105536.0
39.0,5.0,0.0,0.0,0.0,0.0,189.0,1.0,1.0,0.01,0.07,0.0,255.0,1.0,0.0,0.08,0.0,1.0,1.0,0.0,1.0,7211.0
13.0,9.0,8.0,0.0,0.0,0.0,1.0,0.0,0.0,1.0,0.0,1.0,1.0,69.0,1.0,0.0,0.26,0.0,0.0,0.0,1.0,104444.0
21.0,5.0,0.0,0.0,0.0,0.0,259.0,1.0,1.0,0.02,0.07,0.0,255.0,4.0,0.02,0.07,0.0,1.0,1.0,0.0,1.0,41042.0
13.0,9.0,8.0,0.0,0.0,0.0,1.0,0.0,0.0,1.0,0.0,1.0,2.0,84.0,1.0,0.0,0.5,0.0,0.0,0.0,1.0,2795.0
61.0,5.0,0.0,0.0,0.0,0.0,205.0,1.0,1.0,0.04,0.06,0.0,255.0,9.0,0.04,0.07,0.0,1.0,1.0,0.0,1.0,65321.0
55.0,2.0,0.0,0.0,0.0,0.0,226.0,0.0,0.0,0.04,0.07,0.0,255.0,9.0,0.04,0.08,0.0,0.0,0.0,1.0,1.0,118685.0
36.0,5.0,0.0,0.0,0.0,0.0,124.0,1.0,1.0,0.15,0.06,0.0,255.0,19.0,0.07,0.07,0.0,1.0,1.0,0.0,1.0,59947.0
45.0,4.0,0.0,0.0,0.0,0.0,1.0,0.0,0.0,1.0,0.0,0.0,162.0,1.0,0.01,0.4,0.0,0.0,0.0,1.0,1.0,43830.0
20.0,5.0,0.0,0.0,0.0,0.0,145.0,1.0,1.0,0.14,0.06,0.0,255.0,20.0,0.08,0.07,0.0,1.0,1.0,0.0,1.0,18887.0
45.0,5.0,0.0,0.0,0.0,0.0,288.0,1.0,1.0,0.06,0.06,0.0,255.0,5.0,0.02,0.09,0.0,1.0,1.0,0.0,1.0,31955.0
23.0,5.0,0.0,0.0,0.0,0.0,137.0,1.0,1.0,0.03,0.06,0.0,255.0,4.0,0.02,0.06,0.0,1.0,1.0,0.0,1.0,104689.0
13.0,9.0,18.0,0.0,0.0,0.0,1.0,0.0,0.0,1.0,0.0,0.0,1.0,170.0,1.0,0.0,1.0,0.0,0.0,0.0,1.0,33700.0
45.0,1.0,0.0,0.0,0.0,0.0,147.0,0.04,0.0,0.01,0.99,0.0,255.0,1.0,0.0,0.58,0.0,0.02,0.0,1.0,1.0,96943.0
45.0,1.0,0.0,0.0,0.0,0.0,68.0,0.0,0.0,0.01,1.0,0.0,193.0,1.0,0.01,0.41,0.0,0.0,0.0,1.0,1.0,69866.0
28.0,5.0,0.0,0.0,0.0,0.0,23.0,1.0,1.0,0.3,0.13,0.0,255.0,7.0,0.03,0.07,0.0,1.0,1.0,0.0,1.0,46086.0
45.0,5.0,0.0,0.0,0.0,0.0,127.0,1.0,1.0,0.12,0.06,0.0,255.0,7.0,0.03,0.06,0.0,1.0,1.0,0.0,1.0,96271.0
45.0,5.0,0.0,0.0,0.0,0.0,268.0,1.0,1.0,0.08,0.05,0.0,255.0,21.0,0.08,0.07,0.0,1.0,1.0,0.0,1.0,78296.0
45.0,1.0,0.0,0.0,0.0,0.0,2.0,0.0,0.0,0.5,1.0,0.0,255.0,1.0,0.0,0.53,0.0,0.05,0.0,1.0,1.0,52545.0
8.0,5.0,0.0,0.0,0.0,0.0,230.0,1.0,1.0,0.08,0.04,0.0,255.0,19.0,0.07,0.05,0.0,1.0,1.0,0.0,1.0,97531.0
45.0,5.0,0.0,0.0,0.0,0.0,168.0,1.0,1.0,0.02,0.08,0.0,255.0,3.0,0.01,0.08,0.0,1.0,1.0,0.0,1.0,379.0
4.0,5.0,0.0,0.0,0.0,0.0,261.0,1.0,1.0,0.05,0.05,0.0,255.0,12.0,0.05,0.05,0.0,1.0,1.0,0.0,1.0,92835.0
45.0,1.0,0.0,0.0,0.0,0.0,89.0,0.0,0.0,0.17,0.07,0.0,255.0,28.0,0.11,0.05,0.0,0.0,0.0,1.0,1.0,100396.0
61.0,5.0,0.0,0.0,0.0,0.0,290.0,1.0,1.0,0.09,0.05,0.0,255.0,25.0,0.1,0.05,0.0,1.0,1.0,0.0,1.0,101973.0
39.0,5.0,0.0,0.0,0.0,0.0,187.0,1.0,1.0,0.08,0.06,0.0,255.0,11.0,0.04,0.08,0.0,1.0,1.0,0.0,1.0,82255.0
45.0,5.0,0.0,0.0,0.0,0.0,146.0,1.0,1.0,0.05,0.05,0.0,96.0,7.0,0.07,0.07,0.0,1.0,1.0,0.0,1.0,78003.0
45.0,1.0,0.0,0.0,0.0,0.0,50.0,0.0,0.0,0.24,0.06,0.0,255.0,2.0,0.01,0.07,0.0,0.0,0.0,1.0,1.0,124880.0
13.0,9.0,8.0,0.0,0.0,0.0,1.0,0.0,0.0,1.0,0.0,1.0,1.0,7.0,1.0,0.0,0.57,0.0,0.0,0.0,1.0,7309.0
29.0,1.0,0.0,0.0,0.0,0.0,131.0,0.0,0.0,0.15,0.06,0.0,255.0,19.0,0.07,0.06,0.0,0.0,0.0,1.0,1.0,27189.0
45.0,5.0,0.0,0.0,0.0,0.0,81.0,1.0,1.0,0.14,0.06,0.0,255.0,14.0,0.05,0.08,0.0,1.0,1.0,0.0,1.0,69352.0
45.0,5.0,0.0,0.0,0.0,0.0,227.0,1.0,1.0,0.07,0.05,0.0,255.0,16.0,0.06,0.05,0.0,1.0,1.0,0.0,1.0,88637.0
45.0,1.0,0.0,0.0,0.0,0.0,100.0,0.0,0.0,0.1,0.07,0.0,255.0,22.0,0.09,0.05,0.0,0.0,0.0,1.0,1.0,49983.0
6.0,5.0,0.0,0.0,0.0,0.0,142.0,1.0,1.0,0.02,0.06,0.0,255.0,1.0,0.0,0.07,0.0,1.0,1.0,0.0,1.0,42694.0
25.0,5.0,0.0,0.0,0.0,0.0,263.0,1.0,1.0,0.06,0.05,0.0,255.0,15.0,0.06,0.05,0.0,1.0,1.0,0.0,1.0,31227.0
62.0,5.0,0.0,0.0,0.0,0.0,238.0,1.0,1.0,0.08,0.05,0.0,255.0,3.0,0.01,0.07,0.0,1.0,1.0,0.0,1.0,64289.0
14.0,9.0,1032.0,0.0,0.0,0.0,511.0,0.0,0.0,1.0,0.0,0.0,202.0,108.0,0.53,0.03,0.0,0.01,0.0,0.0,1.0,108210.0
45.0,9.0,1.0,0.0,0.0,0.0,62.0,0.0,0.0,0.26,0.08,0.0,255.0,39.0,0.15,0.22,0.0,0.0,0.0,0.0,1.0,79099.0
45.0,5.0,0.0,0.0,0.0,0.0,2.0,0.5,1.0,0.5,1.0,0.0,255.0,1.0,0.0,1.0,0.0,0.02,1.0,0.0,1.0,73007.0
63.0,1.0,0.0,0.0,0.0,0.0,230.0,0.0,0.0,0.06,0.06,0.0,255.0,13.0,0.05,0.07,0.0,0.0,0.0,1.0,1.0,87551.0
14.0,9.0,1032.0,0.0,0.0,0.0,510.0,0.0,0.0,1.0,0.0,0.0,255.0,244.0,0.96,0.01,0.0,0.0,0.0,0.0,1.0,37800.0
17.0,5.0,0.0,0.0,0.0,0.0,23.0,1.0,1.0,0.26,0.17,0.0,255.0,47.0,0.18,0.05,0.0,1.0,1.0,0.0,1.0,91120.0
45.0,4.0,1.0,0.0,0.0,0.0,2.0,0.0,0.0,1.0,0.0,0.0,255.0,2.0,0.01,0.5,0.0,0.0,0.0,1.0,1.0,11253.0
34.0,1.0,0.0,0.0,0.0,0.0,243.0,0.0,0.0,0.03,0.07,0.0,255.0,7.0,0.03,0.07,0.0,0.0,0.0,1.0,1.0,44031.0
45.0,5.0,0.0,0.0,0.0,0.0,145.0,1.0,1.0,0.1,0.06,0.0,255.0,14.0,0.05,0.06,0.0,1.0,1.0,0.0,1.0,107261.0
31.0,2.0,0.0,0.0,0.0,0.0,148.0,0.0,0.0,0.14,0.06,0.0,255.0,20.0,0.08,0.06,0.0,0.0,0.0,1.0,1.0,60237.0
45.0,5.0,0.0,0.0,0.0,0.0,149.0,1.0,1.0,0.09,0.05,0.0,255.0,5.0,0.02,0.07,0.0,1.0,1.0,0.0,1.0,61662.0
13.0,9.0,8.0,0.0,0.0,0.0,1.0,0.0,0.0,1.0,0.0,1.0,2.0,180.0,1.0,0.0,0.5,0.0,0.0,0.0,1.0,99721.0
45.0,5.0,0.0,0.0,0.0,0.0,284.0,1.0,1.0,0.07,0.06,0.0,255.0,10.0,0.04,0.07,0.0,1.0,1.0,0.0,1.0,64685.0
18.0,5.0,0.0,0.0,0.0,0.0,209.0,1.0,1.0,0.09,0.06,0.0,255.0,17.0,0.07,0.06,0.0,1.0,1.0,0.0,1.0,113830.0
19.0,9.0,334.0,0.0,0.0,1.0,1.0,0.0,0.0,1.0,0.0,0.0,3.0,45.0,1.0,0.0,0.16,0.0,0.0,0.0,1.0,19608.0
22.0,5.0,0.0,0.0,0.0,0.0,39.0,1.0,1.0,0.31,0.1,0.0,201.0,52.0,0.26,0.02,0.0,0.99,1.0,0.0,1.0,17786.0
21.0,1.0,0.0,0.0,0.0,0.0,145.0,0.0,0.0,0.13,0.06,0.0,255.0,18.0,0.07,0.06,0.0,0.0,0.0,1.0,1.0,86716.0
45.0,5.0,0.0,0.0,0.0,0.0,466.0,0.06,1.0,0.0,1.0,0.0,255.0,1.0,0.0,1.0,0.0,0.09,1.0,0.0,1.0,101730.0
33.0,5.0,0.0,0.0,0.0,0.0,190.0,1.0,1.0,0.03,0.06,0.0,255.0,5.0,0.02,0.06,0.0,1.0,1.0,0.0,1.0,106946.0
14.0,9.0,520.0,0.0,0.0,0.0,464.0,0.0,0.0,1.0,0.0,0.0,34.0,34.0,1.0,0.0,0.0,0.0,0.0,0.0,1.0,105515.0
20.0,5.0,0.0,0.0,0.0,0.0,238.0,1.0,1.0,0.01,0.07,0.0,255.0,3.0,0.01,0.08,0.0,1.0,1.0,0.0,1.0,7060.0
17.0,5.0,0.0,0.0,0.0,0.0,26.0,0.92,1.0,0.15,0.15,0.0,255.0,5.0,0.02,0.06,0.0,1.0,1.0,0.0,1.0,12592.0
45.0,1.0,0.0,0.0,0.0,0.0,147.0,0.0,0.0,0.03,0.06,0.0,255.0,5.0,0.02,0.06,0.0,0.0,0.0,1.0,1.0,43902.0
8.0,5.0,0.0,0.0,0.0,0.0,109.0,1.0,1.0,0.08,0.06,0.0,255.0,9.0,0.04,0.07,0.0,1.0,1.0,0.0,1.0,82848.0
20.0,5.0,0.0,0.0,0.0,0.0,207.0,1.0,1.0,0.01,0.08,0.0,255.0,3.0,0.01,0.08,0.0,1.0,1.0,0.0,1.0,104122.0
45.0,1.0,0.0,0.0,0.0,0.0,114.0,0.0,0.0,0.04,0.08,0.0,39.0,5.0,0.13,0.15,0.0,0.0,0.0,1.0,1.0,118364.0
45.0,5.0,0.0,0.0,0.0,0.0,106.0,1.0,1.0,0.06,0.07,0.0,255.0,2.0,0.01,0.09,0.0,1.0,1.0,0.0,1.0,66538.0
45.0,5.0,0.0,0.0,0.0,0.0,271.0,1.0,1.0,0.06,0.06,0.0,255.0,15.0,0.06,0.07,0.0,1.0,1.0,0.0,1.0,34815.0
4.0,5.0,0.0,0.0,0.0,0.0,275.0,1.0,1.0,0.04,0.05,0.0,255.0,10.0,0.04,0.05,0.0,1.0,1.0,0.0,1.0,51141.0
13.0,9.0,8.0,0.0,0.0,0.0,1.0,0.0,0.0,1.0,0.0,1.0,4.0,32.0,1.0,0.0,0.25,0.0,0.0,0.0,1.0,47969.0
55.0,5.0,0.0,0.0,0.0,0.0,70.0,1.0,1.0,0.27,0.06,0.0,255.0,39.0,0.15,0.06,0.0,1.0,1.0,0.0,1.0,36086.0
57.0,2.0,0.0,0.0,0.0,0.0,119.0,0.0,0.0,0.03,0.07,0.0,255.0,4.0,0.02,0.07,0.0,0.0,0.0,1.0,1.0,55075.0
14.0,9.0,520.0,0.0,0.0,0.0,445.0,0.0,0.0,1.0,0.0,0.0,209.0,209.0,1.0,0.0,0.0,0.0,0.0,0.0,1.0,19948.0
45.0,5.0,0.0,0.0,0.0,0.0,205.0,1.0,1.0,0.01,0.07,0.0,255.0,17.0,0.07,0.07,0.0,1.0,1.0,0.0,1.0,67535.0
45.0,5.0,0.0,0.0,0.0,0.0,198.0,1.0,1.0,0.05,0.07,0.0,255.0,10.0,0.04,0.06,0.0,1.0,1.0,0.0,1.0,80939.0
26.0,5.0,0.0,0.0,0.0,0.0,262.0,1.0,1.0,0.06,0.06,0.0,255.0,16.0,0.06,0.07,0.0,1.0,1.0,0.0,1.0,60020.0
45.0,1.0,0.0,0.0,0.0,0.0,162.0,0.05,0.0,0.01,1.0,0.0,255.0,1.0,0.0,0.8,0.0,0.03,0.0,1.0,1.0,210.0
45.0,5.0,0.0,0.0,0.0,0.0,141.0,1.0,1.0,0.09,0.06,0.0,255.0,13.0,0.05,0.08,0.0,1.0,1.0,0.0,1.0,88526.0
45.0,5.0,0.0,0.0,0.0,0.0,62.0,1.0,1.0,0.05,0.08,0.0,211.0,3.0,0.01,0.07,0.0,1.0,1.0,0.0,1.0,63589.0
45.0,1.0,0.0,0.0,0.0,0.0,234.0,0.0,0.0,0.08,0.06,0.0,255.0,19.0,0.07,0.08,0.0,0.0,0.0,1.0,1.0,16965.0
54.0,5.0,0.0,0.0,0.0,0.0,219.0,1.0,1.0,0.08,0.06,0.0,255.0,17.0,0.07,0.06,0.0,1.0,1.0,0.0,1.0,64992.0
5.0,5.0,0.0,0.0,0.0,0.0,145.0,1.0,1.0,0.11,0.06,0.0,255.0,16.0,0.06,0.05,0.0,1.0,1.0,0.0,1.0,73169.0
22.0,5.0,0.0,0.0,0.0,0.0,5.0,0.8,1.0,0.8,0.4,0.0,255.0,5.0,0.02,0.07,0.0,1.0,1.0,0.0,1.0,67882.0
55.0,5.0,0.0,0.0,0.0,0.0,110.0,1.0,1.0,0.09,0.06,0.0,255.0,29.0,0.11,0.06,0.0,1.0,1.0,0.0,1.0,16069.0
45.0,1.0,0.0,0.0,0.0,0.0,124.0,0.0,0.0,0.06,0.07,0.0,255.0,8.0,0.03,0.06,0.0,0.0,0.0,1.0,1.0,116183.0
3.0,5.0,0.0,0.0,0.0,0.0,240.0,1.0,1.0,0.03,0.07,0.0,255.0,8.0,0.03,0.07,0.0,1.0,1.0,0.0,1.0,91729.0
29.0,5.0,0.0,0.0,0.0,0.0,235.0,1.0,1.0,0.05,0.06,0.0,255.0,12.0,0.05,0.06,0.0,1.0,1.0,0.0,1.0,54929.0
10.0,5.0,0.0,0.0,0.0,0.0,217.0,1.0,1.0,0.11,0.06,0.0,255.0,23.0,0.09,0.05,0.0,1.0,1.0,0.0,1.0,88887.0
32.0,1.0,0.0,0.0,0.0,0.0,277.0,0.0,0.0,0.03,0.06,0.0,255.0,9.0,0.04,0.07,0.0,0.0,0.0,1.0,1.0,21703.0
27.0,5.0,0.0,0.0,0.0,0.0,98.0,1.0,1.0,0.12,0.06,0.0,255.0,15.0,0.06,0.06,0.0,1.0,1.0,0.0,1.0,71749.0
55.0,2.0,0.0,15.0,0.0,0.0,1.0,0.0,0.0,1.0,0.0,0.0,4.0,2.0,0.25,1.0,1.0,0.0,0.0,0.5,1.0,76813.0
62.0,5.0,0.0,0.0,0.0,0.0,204.0,1.0,1.0,0.01,0.06,0.0,255.0,2.0,0.01,0.06,0.0,1.0,1.0,0.0,1.0,121638.0
13.0,9.0,8.0,0.0,0.0,0.0,1.0,0.0,0.0,1.0,0.0,1.0,1.0,44.0,1.0,0.0,0.52,0.0,0.0,0.0,1.0,94064.0
55.0,5.0,0.0,0.0,0.0,0.0,71.0,1.0,1.0,0.28,0.06,0.0,255.0,40.0,0.16,0.06,0.0,1.0,1.0,0.0,1.0,10250.0
17.0,5.0,0.0,0.0,0.0,0.0,235.0,1.0,1.0,0.05,0.07,0.0,255.0,12.0,0.05,0.07,0.0,1.0,1.0,0.0,1.0,72594.0
45.0,5.0,0.0,0.0,0.0,0.0,219.0,1.0,1.0,0.02,0.06,0.0,255.0,6.0,0.02,0.08,0.0,1.0,1.0,0.0,1.0,31991.0
33.0,5.0,0.0,0.0,0.0,0.0,175.0,1.0,1.0,0.02,0.07,0.0,255.0,4.0,0.02,0.07,0.0,1.0,1.0,0.0,1.0,11341.0
62.0,1.0,0.0,0.0,0.0,0.0,182.0,0.0,0.0,0.11,0.06,0.0,255.0,20.0,0.08,0.07,0.0,0.0,0.0,1.0,1.0,75077.0
45.0,1.0,0.0,0.0,0.0,0.0,127.0,0.01,0.0,0.01,1.0,0.0,252.0,1.0,0.0,0.53,0.0,0.0,0.0,1.0,1.0,18167.0
45.0,1.0,0.0,0.0,0.0,0.0,34.0,0.18,0.0,0.03,1.0,0.0,255.0,1.0,0.0,0.46,0.0,0.02,0.0,1.0,1.0,66476.0
41.0,9.0,1.0,0.0,0.0,0.0,2.0,0.0,0.0,1.0,0.0,0.0,255.0,2.0,0.01,0.16,0.0,0.0,0.0,0.0,1.0,83767.0
45.0,4.0,0.0,0.0,0.0,0.0,1.0,0.0,0.0,1.0,0.0,0.0,250.0,1.0,0.0,0.34,0.0,0.0,0.0,1.0,1.0,29657.0
27.0,5.0,0.0,0.0,0.0,0.0,140.0,1.0,1.0,0.04,0.06,0.0,255.0,4.0,0.02,0.05,0.0,1.0,1.0,0.0,1.0,99464.0
34.0,5.0,0.0,0.0,0.0,0.0,263.0,1.0,1.0,0.0,0.06,0.0,255.0,20.0,0.08,0.07,0.0,1.0,1.0,0.0,1.0,15459.0
45.0,1.0,0.0,0.0,0.0,0.0,1.0,0.0,0.0,1.0,0.0,0.0,33.0,1.0,0.03,1.0,0.0,0.0,0.0,1.0,1.0,47712.0
34.0,5.0,0.0,0.0,0.0,0.0,103.0,1.0,1.0,0.03,0.07,0.0,255.0,3.0,0.01,0.08,0.0,1.0,1.0,0.0,1.0,113157.0
21.0,5.0,0.0,0.0,0.0,0.0,266.0,1.0,1.0,0.08,0.06,0.0,255.0,20.0,0.08,0.07,0.0,1.0,1.0,0.0,1.0,124951.0
41.0,1.0,0.0,0.0,0.0,0.0,509.0,0.06,0.0,0.0,0.96,0.0,255.0,1.0,0.0,1.0,0.0,0.04,0.0,1.0,1.0,20742.0
45.0,1.0,0.0,0.0,0.0,0.0,129.0,0.0,0.0,0.05,0.07,0.0,255.0,3.0,0.01,0.06,0.0,0.0,0.0,1.0,1.0,18523.0
45.0,5.0,0.0,0.0,0.0,0.0,269.0,1.0,1.0,0.01,0.07,0.0,255.0,4.0,0.02,0.09,0.0,1.0,1.0,0.0,1.0,58913.0
54.0,5.0,0.0,0.0,0.0,0.0,230.0,1.0,1.0,0.03,0.06,0.0,255.0,6.0,0.02,0.06,0.0,1.0,1.0,0.0,1.0,50318.0
45.0,5.0,0.0,0.0,0.0,0.0,258.0,1.0,1.0,0.08,0.05,0.0,255.0,20.0,0.08,0.07,0.0,1.0,1.0,0.0,1.0,82595.0
15.0,1.0,0.0,0.0,0.0,0.0,71.0,0.0,0.0,0.04,0.07,0.0,255.0,3.0,0.01,0.07,0.0,0.0,0.0,1.0,1.0,86031.0
19.0,5.0,0.0,0.0,0.0,0.0,1.0,1.0,1.0,1.0,0.0,0.0,255.0,55.0,0.22,0.04,0.0,1.0,1.0,0.0,1.0,56879.0
12.0,5.0,0.0,0.0,0.0,0.0,142.0,1.0,1.0,0.12,0.05,0.0,255.0,5.0,0.02,0.05,0.0,1.0,1.0,0.0,1.0,29761.0
10.0,5.0,0.0,0.0,0.0,0.0,239.0,1.0,1.0,0.08,0.06,0.0,255.0,20.0,0.08,0.07,0.0,1.0,1.0,0.0,1.0,91012.0
13.0,9.0,8.0,0.0,0.0,0.0,1.0,0.0,0.0,1.0,0.0,1.0,1.0,111.0,1.0,0.0,0.5,0.0,0.0,0.0,1.0,87171.0
45.0,5.0,0.0,0.0,0.0,0.0,101.0,1.0,1.0,0.16,0.06,0.0,255.0,20.0,0.08,0.06,0.0,1.0,1.0,0.0,1.0,67618.0
7.0,5.0,0.0,0.0,0.0,0.0,272.0,1.0,1.0,0.03,0.06,0.0,255.0,8.0,0.03,0.08,0.0,1.0,1.0,0.0,1.0,10170.0
47.0,5.0,0.0,0.0,0.0,0.0,208.0,1.0,1.0,0.08,0.06,0.0,255.0,14.0,0.05,0.07,0.0,1.0,1.0,0.0,1.0,62325.0
45.0,5.0,0.0,0.0,0.0,0.0,178.0,1.0,1.0,0.07,0.06,0.0,255.0,13.0,0.05,0.07,0.0,1.0,1.0,0.0,1.0,106711.0
45.0,5.0,0.0,0.0,0.0,0.0,299.0,1.0,1.0,0.04,0.05,0.0,255.0,2.0,0.01,0.08,0.0,1.0,1.0,0.0,1.0,39813.0
53.0,5.0,0.0,0.0,0.0,0.0,296.0,1.0,1.0,0.06,0.06,0.0,255.0,19.0,0.07,0.07,0.0,1.0,1.0,0.0,1.0,104642.0
45.0,5.0,0.0,0.0,0.0,0.0,124.0,1.0,1.0,0.07,0.06,0.0,255.0,9.0,0.04,0.05,0.0,1.0,1.0,0.0,1.0,89409.0
6.0,5.0,0.0,0.0,0.0,0.0,276.0,1.0,1.0,0.04,0.05,0.0,255.0,10.0,0.04,0.05,0.0,1.0,1.0,0.0,1.0,60056.0
45.0,1.0,0.0,0.0,0.0,0.0,346.0,0.03,0.0,0.0,1.0,0.0,255.0,1.0,0.0,1.0,0.0,0.03,0.0,1.0,1.0,60532.0
57.0,5.0,0.0,0.0,0.0,0.0,224.0,1.0,1.0,0.06,0.05,0.0,255.0,14.0,0.05,0.06,0.0,1.0,1.0,0.0,1.0,120340.0
45.0,4.0,1.0,0.0,0.0,0.0,2.0,0.0,0.0,1.0,0.0,0.0,255.0,2.0,0.01,0.51,0.0,0.0,0.0,1.0,1.0,6391.0
9.0,5.0,0.0,0.0,0.0,0.0,117.0,1.0,1.0,0.08,0.06,0.0,255.0,3.0,0.01,0.06,0.0,1.0,1.0,0.0,1.0,17827.0
12.0,5.0,0.0,0.0,0.0,0.0,168.0,1.0,1.0,0.06,0.07,0.0,255.0,10.0,0.04,0.06,0.0,1.0,1.0,0.0,1.0,51836.0
45.0,5.0,0.0,0.0,0.0,0.0,228.0,1.0,1.0,0.05,0.07,0.0,255.0,12.0,0.05,0.07,0.0,1.0,1.0,0.0,1.0,46765.0
27.0,5.0,0.0,0.0,0.0,0.0,150.0,1.0,1.0,0.09,0.05,0.0,255.0,14.0,0.05,0.06,0.0,1.0,1.0,0.0,1.0,98366.0
45.0,9.0,1.0,0.0,0.0,0.0,29.0,0.0,0.0,0.07,0.24,0.0,255.0,2.0,0.01,0.04,0.0,0.0,0.0,0.0,1.0,51589.0
45.0,5.0,0.0,0.0,0.0,0.0,254.0,1.0,1.0,0.07,0.05,0.0,255.0,17.0,0.07,0.06,0.0,1.0,1.0,0.0,1.0,319.0
45.0,1.0,0.0,0.0,0.0,0.0,144.0,0.0,0.0,0.1,0.06,0.0,255.0,11.0,0.04,0.06,0.0,0.0,0.0,1.0,1.0,119508.0
62.0,5.0,0.0,0.0,0.0,0.0,199.0,1.0,1.0,0.1,0.07,0.0,255.0,19.0,0.07,0.08,0.0,1.0,1.0,0.0,1.0,53439.0
45.0,5.0,0.0,0.0,0.0,0.0,179.0,1.0,1.0,0.04,0.07,0.0,255.0,19.0,0.07,0.07,0.0,1.0,1.0,0.0,1.0,87370.0
35.0,1.0,0.0,0.0,0.0,0.0,101.0,0.0,0.0,0.01,0.07,0.0,255.0,1.0,0.0,0.07,0.0,0.0,0.0,1.0,1.0,67053.0
33.0,5.0,0.0,0.0,0.0,0.0,150.0,1.0,1.0,0.17,0.05,0.0,255.0,9.0,0.04,0.06,0.0,1.0,1.0,0.0,1.0,73855.0
45.0,5.0,0.0,0.0,0.0,0.0,118.0,1.0,1.0,0.17,0.07,0.0,255.0,38.0,0.15,0.06,0.0,1.0,1.0,0.0,1.0,101100.0
13.0,9.0,8.0,0.0,0.0,0.0,1.0,0.0,0.0,1.0,0.0,1.0,2.0,24.0,1.0,0.0,0.5,0.0,0.0,0.0,1.0,81439.0
13.0,9.0,8.0,0.0,0.0,0.0,1.0,0.0,0.0,1.0,0.0,1.0,1.0,93.0,1.0,0.0,0.51,0.0,0.0,0.0,1.0,118489.0
45.0,5.0,0.0,0.0,0.0,0.0,251.0,1.0,1.0,0.02,0.05,0.0,255.0,5.0,0.02,0.06,0.0,1.0,1.0,0.0,1.0,87320.0
45.0,5.0,0.0,0.0,0.0,0.0,222.0,1.0,1.0,0.0,0.07,0.0,255.0,1.0,0.0,0.1,0.0,1.0,1.0,0.0,1.0,51885.0
19.0,5.0,0.0,0.0,0.0,0.0,218.0,1.0,0.75,0.01,0.06,0.5,255.0,18.0,0.07,0.06,0.0,1.0,1.0,0.0,1.0,48408.0
17.0,9.0,6.0,136.0,0.0,0.0,3.0,0.0,0.0,0.33,1.0,0.0,255.0,2.0,0.01,0.55,0.0,0.0,0.0,0.0,1.0,1822.0
45.0,5.0,0.0,0.0,0.0,0.0,87.0,1.0,1.0,0.13,0.08,0.0,255.0,11.0,0.04,0.06,0.0,1.0,1.0,0.0,1.0,41434.0
25.0,5.0,0.0,0.0,0.0,0.0,229.0,1.0,1.0,0.03,0.06,0.0,255.0,7.0,0.03,0.05,0.0,1.0,1.0,0.0,1.0,102589.0
13.0,9.0,8.0,0.0,0.0,0.0,1.0,0.0,0.0,1.0,0.0,1.0,1.0,255.0,1.0,0.0,0.5,0.0,0.0,0.0,1.0,42283.0
45.0,5.0,0.0,0.0,0.0,0.0,121.0,1.0,1.0,0.08,0.06,0.0,255.0,6.0,0.02,0.07,0.0,1.0,1.0,0.0,1.0,88984.0
13.0,9.0,8.0,0.0,0.0,0.0,1.0,0.0,0.0,1.0,0.0,1.0,1.0,249.0,1.0,0.0,0.5,0.0,0.0,0.0,1.0,4045.0
45.0,5.0,0.0,0.0,0.0,0.0,117.0,1.0,1.0,0.13,0.06,0.0,19.0,15.0,0.79,0.16,0.0,1.0,1.0,0.0,1.0,119314.0
62.0,5.0,0.0,0.0,0.0,0.0,262.0,1.0,1.0,0.02,0.07,0.0,255.0,6.0,0.02,0.08,0.0,1.0,1.0,0.0,1.0,40578.0
12.0,5.0,0.0,0.0,0.0,0.0,141.0,1.0,1.0,0.11,0.05,0.0,255.0,4.0,0.02,0.05,0.0,1.0,1.0,0.0,1.0,107352.0
19.0,9.0,334.0,0.0,0.0,1.0,1.0,0.0,0.0,1.0,0.0,0.0,7.0,26.0,1.0,0.0,0.12,0.0,0.0,0.0,1.0,40444.0
21.0,5.0,0.0,0.0,0.0,0.0,266.0,1.0,1.0,0.07,0.06,0.0,255.0,19.0,0.07,0.06,0.0,1.0,1.0,0.0,1.0,72837.0
14.0,9.0,1032.0,0.0,0.0,0.0,511.0,0.0,0.0,1.0,0.0,0.0,255.0,198.0,0.78,0.02,0.0,0.0,0.0,0.0,1.0,122340.0
45.0,5.0,0.0,0.0,0.0,0.0,125.0,1.0,1.0,0.08,0.05,0.0,255.0,10.0,0.04,0.06,0.0,1.0,1.0,0.0,1.0,86339.0
45.0,5.0,0.0,0.0,0.0,0.0,139.0,1.0,1.0,0.14,0.06,0.0,255.0,16.0,0.06,0.05,0.0,1.0,1.0,0.0,1.0,25143.0
45.0,4.0,1.0,0.0,0.0,0.0,2.0,0.0,0.0,1.0,0.0,0.0,216.0,2.0,0.01,0.23,0.0,0.0,0.0,1.0,1.0,1235.0
2.0,5.0,0.0,0.0,0.0,0.0,255.0,1.0,1.0,0.03,0.06,0.0,255.0,8.0,0.03,0.07,0.0,1.0,1.0,0.0,1.0,16267.0
63.0,5.0,0.0,0.0,0.0,0.0,131.0,1.0,1.0,0.08,0.05,0.0,255.0,11.0,0.04,0.06,0.0,1.0,1.0,0.0,1.0,32577.0
51.0,5.0,0.0,0.0,0.0,0.0,125.0,1.0,1.0,0.08,0.06,0.0,255.0,30.0,0.12,0.07,0.0,1.0,1.0,0.0,1.0,65758.0
4.0,5.0,0.0,0.0,0.0,0.0,268.0,1.0,1.0,0.03,0.06,0.0,255.0,9.0,0.04,0.07,0.0,1.0,1.0,0.0,1.0,124749.0
45.0,5.0,0.0,0.0,0.0,0.0,227.0,1.0,1.0,0.08,0.06,0.0,255.0,20.0,0.08,0.07,0.0,1.0,1.0,0.0,1.0,51428.0
8.0,5.0,0.0,0.0,0.0,0.0,276.0,1.0,1.0,0.08,0.05,0.0,255.0,23.0,0.09,0.05,0.0,1.0,1.0,0.0,1.0,22643.0
19.0,9.0,245.0,0.0,0.0,1.0,2.0,0.0,0.0,1.0,0.0,0.5,2.0,22.0,1.0,0.0,0.09,0.0,0.0,0.0,1.0,54481.0
8.0,2.0,0.0,0.0,0.0,0.0,248.0,0.0,0.0,0.02,0.06,0.0,255.0,5.0,0.02,0.07,0.0,0.0,0.0,1.0,1.0,114006.0
45.0,10.0,0.0,0.0,0.0,0.0,1.0,1.0,1.0,1.0,0.0,0.0,252.0,1.0,0.0,0.96,0.0,0.97,1.0,0.0,1.0,64070.0
45.0,5.0,0.0,0.0,0.0,0.0,100.0,1.0,1.0,0.11,0.06,0.0,255.0,17.0,0.07,0.07,0.0,1.0,1.0,0.0,1.0,68060.0
47.0,5.0,0.0,0.0,0.0,0.0,277.0,1.0,1.0,0.05,0.05,0.0,255.0,15.0,0.06,0.05,0.0,1.0,1.0,0.0,1.0,76751.0
13.0,9.0,8.0,0.0,0.0,0.0,1.0,0.0,0.0,1.0,0.0,1.0,2.0,34.0,1.0,0.0,0.53,0.0,0.0,0.0,1.0,40151.0
23.0,5.0,0.0,0.0,0.0,0.0,136.0,1.0,1.0,0.1,0.07,0.0,255.0,13.0,0.05,0.06,0.0,1.0,1.0,0.0,1.0,9244.0
16.0,5.0,0.0,0.0,0.0,0.0,129.0,1.0,1.0,0.16,0.05,0.0,255.0,19.0,0.07,0.07,0.0,1.0,1.0,0.0,1.0,29492.0
45.0,5.0,0.0,0.0,0.0,0.0,115.0,1.0,1.0,0.09,0.06,0.0,255.0,12.0,0.05,0.07,0.0,1.0,1.0,0.0,1.0,16457.0
45.0,1.0,0.0,0.0,0.0,0.0,190.0,0.0,0.0,0.01,0.08,0.0,255.0,1.0,0.0,0.08,0.0,0.0,0.0,1.0,1.0,99488.0
45.0,5.0,0.0,0.0,0.0,0.0,134.0,1.0,1.0,0.05,0.06,0.0,255.0,19.0,0.07,0.07,0.0,1.0,1.0,0.0,1.0,31357.0
45.0,1.0,0.0,0.0,0.0,0.0,87.0,0.0,0.0,0.08,0.07,0.0,255.0,7.0,0.03,0.06,0.0,0.0,0.0,1.0,1.0,111206.0
4.0,5.0,0.0,0.0,0.0,0.0,300.0,1.0,1.0,0.04,0.05,0.0,255.0,12.0,0.05,0.07,0.0,1.0,1.0,0.0,1.0,32355.0
49.0,2.0,0.0,0.0,0.0,0.0,107.0,0.0,0.0,0.02,0.07,0.0,255.0,2.0,0.01,0.08,0.0,0.0,0.0,1.0,1.0,68907.0
45.0,5.0,0.0,0.0,0.0,0.0,266.0,1.0,1.0,0.07,0.06,0.0,255.0,10.0,0.04,0.06,0.0,1.0,1.0,0.0,1.0,32295.0
8.0,5.0,0.0,0.0,0.0,0.0,111.0,1.0,1.0,0.09,0.06,0.0,255.0,10.0,0.04,0.06,0.0,1.0,1.0,0.0,1.0,100853.0
45.0,9.0,207.0,0.0,0.0,0.0,2.0,0.0,0.0,1.0,0.0,0.0,142.0,118.0,0.83,0.01,0.0,0.0,0.0,0.0,1.0,12884.0
8.0,5.0,0.0,0.0,0.0,0.0,226.0,1.0,1.0,0.08,0.04,0.0,255.0,17.0,0.07,0.05,0.0,1.0,1.0,0.0,1.0,7508.0
2.0,1.0,0.0,0.0,0.0,0.0,509.0,0.05,0.0,0.0,1.0,0.0,255.0,1.0,0.0,1.0,0.0,0.06,0.0,1.0,1.0,6888.0
45.0,4.0,1.0,0.0,0.0,0.0,2.0,0.0,0.0,1.0,0.0,0.0,255.0,2.0,0.01,0.64,0.0,0.0,0.0,1.0,1.0,39793.0
61.0,5.0,0.0,0.0,0.0,0.0,243.0,1.0,1.0,0.08,0.06,0.0,255.0,20.0,0.08,0.07,0.0,1.0,1.0,0.0,1.0,58958.0
45.0,5.0,0.0,0.0,0.0,0.0,145.0,1.0,1.0,0.14,0.06,0.0,255.0,19.0,0.07,0.06,0.0,1.0,1.0,0.0,1.0,53704.0
3.0,5.0,0.0,0.0,0.0,0.0,245.0,1.0,1.0,0.01,0.05,0.0,255.0,2.0,0.01,0.05,0.0,1.0,1.0,0.0,1.0,11832.0
3.0,5.0,0.0,0.0,0.0,0.0,141.0,1.0,1.0,0.08,0.06,0.0,255.0,14.0,0.05,0.07,0.0,1.0,1.0,0.0,1.0,5674.0
2.0,5.0,0.0,0.0,0.0,0.0,256.0,1.0,1.0,0.04,0.06,0.0,255.0,11.0,0.04,0.07,0.0,1.0,1.0,0.0,1.0,81764.0
45.0,5.0,0.0,0.0,0.0,0.0,127.0,1.0,1.0,0.09,0.06,0.0,255.0,8.0,0.03,0.07,0.0,1.0,1.0,0.0,1.0,116439.0
22.0,5.0,0.0,0.0,0.0,0.0,53.0,1.0,1.0,0.32,0.08,0.0,255.0,66.0,0.26,0.02,0.0,1.0,1.0,0.0,1.0,70141.0
19.0,1.0,0.0,0.0,0.0,0.0,272.0,0.0,0.0,0.03,0.06,0.0,255.0,9.0,0.04,0.07,0.0,0.0,0.0,1.0,1.0,8919.0
33.0,5.0,0.0,0.0,0.0,0.0,287.0,1.0,1.0,0.02,0.06,0.0,255.0,13.0,0.05,0.07,0.0,1.0,1.0,0.0,1.0,27856.0
17.0,5.0,0.0,0.0,0.0,0.0,24.0,1.0,1.0,0.5,0.08,0.0,184.0,55.0,0.28,0.02,0.04,1.0,0.95,0.0,1.0,35131.0
17.0,5.0,0.0,0.0,0.0,0.0,190.0,1.0,1.0,0.04,0.08,0.0,255.0,8.0,0.03,0.08,0.0,1.0,1.0,0.0,1.0,51813.0
45.0,5.0,0.0,0.0,0.0,0.0,210.0,1.0,1.0,0.01,0.06,0.0,255.0,2.0,0.01,0.05,0.0,1.0,1.0,0.0,1.0,84380.0
33.0,5.0,0.0,0.0,0.0,0.0,149.0,1.0,1.0,0.16,0.05,0.0,255.0,8.0,0.03,0.06,0.0,1.0,1.0,0.0,1.0,25106.0
54.0,1.0,0.0,0.0,0.0,0.0,263.0,0.0,0.0,0.06,0.06,0.0,255.0,17.0,0.07,0.06,0.0,0.0,0.0,1.0,1.0,67374.0
18.0,5.0,0.0,0.0,0.0,0.0,273.0,1.0,1.0,0.03,0.06,0.0,255.0,8.0,0.03,0.08,0.0,1.0,1.0,0.0,1.0,61903.0
45.0,1.0,0.0,0.0,0.0,0.0,62.0,0.0,0.0,0.02,0.55,0.0,232.0,1.0,0.0,0.15,0.0,0.01,0.0,1.0,1.0,77657.0
13.0,9.0,8.0,0.0,0.0,0.0,1.0,0.0,0.0,1.0,0.0,1.0,2.0,88.0,1.0,0.0,0.5,0.0,0.0,0.0,1.0,99234.0
45.0,1.0,0.0,0.0,0.0,0.0,146.0,0.0,0.0,0.08,0.07,0.0,255.0,11.0,0.04,0.07,0.0,0.0,0.0,1.0,1.0,53955.0
20.0,5.0,0.0,0.0,0.0,0.0,289.0,1.0,1.0,0.09,0.05,0.0,255.0,25.0,0.1,0.05,0.0,1.0,1.0,0.0,1.0,53134.0
52.0,5.0,0.0,0.0,0.0,0.0,139.0,1.0,1.0,0.07,0.06,0.0,255.0,10.0,0.04,0.06,0.0,1.0,1.0,0.0,1.0,88030.0
45.0,1.0,0.0,0.0,0.0,0.0,83.0,0.08,0.0,0.01,1.0,0.0,255.0,1.0,0.0,0.6,0.0,0.03,0.0,1.0,1.0,95571.0
45.0,5.0,0.0,0.0,0.0,0.0,77.0,1.0,1.0,0.25,0.05,0.0,255.0,7.0,0.03,0.06,0.0,1.0,1.0,0.0,1.0,123417.0
60.0,5.0,0.0,0.0,0.0,0.0,116.0,1.0,1.0,0.14,0.06,0.0,255.0,18.0,0.07,0.05,0.0,1.0,1.0,0.0,1.0,24101.0
41.0,1.0,0.0,0.0,0.0,0.0,357.0,0.06,0.0,0.0,1.0,0.0,255.0,1.0,0.0,1.0,0.0,0.08,0.0,1.0,1.0,57714.0
15.0,5.0,0.0,0.0,0.0,0.0,32.0,1.0,1.0,0.38,0.09,0.0,255.0,12.0,0.05,0.07,0.0,1.0,1.0,0.0,1.0,16568.0
18.0,5.0,0.0,0.0,0.0,0.0,247.0,1.0,1.0,0.08,0.06,0.0,255.0,20.0,0.08,0.07,0.0,1.0,1.0,0.0,1.0,48561.0
45.0,1.0,0.0,0.0,0.0,0.0,509.0,0.02,0.0,0.0,1.0,0.0,255.0,1.0,0.0,1.0,0.0,0.02,0.0,1.0,1.0,3765.0
14.0,9.0,1032.0,0.0,0.0,0.0,511.0,0.0,0.0,1.0,0.0,0.0,255.0,168.0,0.66,0.02,0.0,0.0,0.0,0.0,1.0,75661.0
45.0,5.0,0.0,0.0,0.0,0.0,86.0,1.0,1.0,0.1,0.07,0.0,255.0,13.0,0.05,0.06,0.0,1.0,1.0,0.0,1.0,24319.0
55.0,5.0,0.0,0.0,0.0,0.0,34.0,1.0,1.0,0.41,0.06,0.0,255.0,14.0,0.05,0.07,0.0,1.0,1.0,0.0,1.0,15791.0
45.0,5.0,0.0,0.0,0.0,0.0,263.0,1.0,1.0,0.02,0.05,0.0,255.0,7.0,0.03,0.08,0.0,1.0,1.0,0.0,1.0,29576.0
45.0,5.0,0.0,0.0,0.0,0.0,139.0,1.0,1.0,0.09,0.06,0.0,255.0,10.0,0.04,0.07,0.0,1.0,1.0,0.0,1.0,92971.0
29.0,5.0,0.0,0.0,0.0,0.0,109.0,1.0,1.0,0.01,0.07,0.0,255.0,11.0,0.04,0.07,0.0,1.0,1.0,0.0,1.0,60381.0
13.0,9.0,8.0,0.0,0.0,0.0,1.0,0.0,0.0,1.0,0.0,1.0,1.0,10.0,1.0,0.0,0.6,0.0,0.0,0.0,1.0,86943.0
25.0,1.0,0.0,0.0,0.0,0.0,233.0,0.0,0.0,0.01,0.07,0.0,255.0,3.0,0.01,0.07,0.0,0.0,0.0,1.0,1.0,118188.0
26.0,5.0,0.0,0.0,0.0,0.0,250.0,1.0,1.0,0.04,0.07,0.0,255.0,12.0,0.05,0.07,0.0,1.0,1.0,0.0,1.0,11078.0
45.0,5.0,0.0,0.0,0.0,0.0,127.0,1.0,1.0,0.06,0.06,0.0,255.0,13.0,0.05,0.07,0.0,1.0,1.0,0.0,1.0,24351.0
23.0,5.0,0.0,0.0,0.0,0.0,119.0,1.0,1.0,0.06,0.07,0.0,255.0,7.0,0.03,0.07,0.0,1.0,1.0,0.0,1.0,49016.0
45.0,9.0,28.0,0.0,3.0,0.0,70.0,0.0,0.0,1.0,0.0,0.0,142.0,70.0,0.49,0.03,0.0,0.0,0.0,0.0,1.0,97659.0
62.0,5.0,0.0,0.0,0.0,0.0,241.0,1.0,1.0,0.08,0.05,0.0,255.0,19.0,0.07,0.06,0.0,1.0,1.0,0.0,1.0,79234.0
26.0,5.0,0.0,0.0,0.0,0.0,215.0,1.0,1.0,0.05,0.06,0.0,255.0,11.0,0.04,0.05,0.0,1.0,1.0,0.0,1.0,101127.0
13.0,9.0,8.0,0.0,0.0,0.0,1.0,0.0,0.0,1.0,0.0,1.0,1.0,245.0,1.0,0.0,0.5,0.0,0.0,0.0,1.0,97455.0
6.0,5.0,0.0,0.0,0.0,0.0,224.0,1.0,1.0,0.03,0.07,0.0,255.0,7.0,0.03,0.08,0.0,1.0,1.0,0.0,1.0,53483.0
45.0,1.0,0.0,0.0,0.0,0.0,1.0,0.0,0.0,1.0,0.0,0.0,32.0,1.0,0.03,1.0,0.0,0.0,0.0,1.0,1.0,42553.0
45.0,9.0,1.0,0.0,0.0,0.0,27.0,0.0,0.0,0.11,0.11,0.0,255.0,6.0,0.02,0.88,0.0,0.16,0.0,0.0,1.0,30618.0
26.0,5.0,0.0,0.0,0.0,0.0,205.0,1.0,1.0,0.01,0.07,0.0,255.0,3.0,0.01,0.07,0.0,1.0,1.0,0.0,1.0,33134.0
26.0,1.0,0.0,0.0,0.0,0.0,238.0,0.0,0.0,0.02,0.07,0.0,255.0,5.0,0.02,0.07,0.0,0.0,0.0,1.0,1.0,77389.0
63.0,5.0,0.0,0.0,0.0,0.0,231.0,1.0,1.0,0.01,0.07,0.0,255.0,2.0,0.01,0.08,0.0,1.0,1.0,0.0,1.0,58362.0
45.0,9.0,1.0,0.0,0.0,0.0,32.0,0.0,0.0,0.34,0.09,0.0,255.0,11.0,0.04,0.86,0.0,0.1,0.0,0.0,1.0,17297.0
45.0,1.0,0.0,0.0,0.0,0.0,97.0,0.0,0.0,0.01,0.07,0.0,255.0,1.0,0.0,0.07,0.0,0.0,0.0,1.0,1.0,9943.0
41.0,1.0,0.0,0.0,0.0,0.0,510.0,0.15,0.0,0.0,1.0,0.0,255.0,1.0,0.0,1.0,0.0,0.17,0.0,1.0,1.0,18646.0
3.0,1.0,0.0,0.0,0.0,0.0,279.0,0.0,0.0,0.04,0.06,0.0,255.0,10.0,0.04,0.07,0.0,0.0,0.0,1.0,1.0,12013.0
45.0,5.0,0.0,0.0,0.0,0.0,170.0,1.0,1.0,0.02,0.06,0.0,255.0,13.0,0.05,0.08,0.0,1.0,1.0,0.0,1.0,65547.0
57.0,5.0,0.0,0.0,0.0,0.0,292.0,1.0,1.0,0.02,0.05,0.0,255.0,7.0,0.03,0.06,0.0,1.0,1.0,0.0,1.0,108927.0
18.0,5.0,0.0,0.0,0.0,0.0,254.0,1.0,1.0,0.03,0.06,0.0,255.0,8.0,0.03,0.05,0.0,1.0,1.0,0.0,1.0,93504.0
45.0,5.0,0.0,0.0,0.0,0.0,229.0,1.0,1.0,0.01,0.07,0.0,255.0,16.0,0.06,0.07,0.0,1.0,1.0,0.0,1.0,37922.0
13.0,9.0,8.0,0.0,0.0,0.0,1.0,0.0,0.0,1.0,0.0,1.0,3.0,103.0,1.0,0.0,0.25,0.0,0.0,0.0,1.0,65383.0
2.0,5.0,0.0,0.0,0.0,0.0,205.0,1.0,1.0,0.06,0.06,0.0,255.0,17.0,0.07,0.07,0.0,1.0,1.0,0.0,1.0,2447.0
13.0,9.0,8.0,0.0,0.0,0.0,1.0,0.0,0.0,1.0,0.0,1.0,1.0,35.0,1.0,0.0,0.51,0.0,0.0,0.0,1.0,21744.0
32.0,5.0,0.0,0.0,0.0,0.0,294.0,1.0,1.0,0.09,0.05,0.0,255.0,25.0,0.1,0.05,0.0,1.0,1.0,0.0,1.0,104420.0
45.0,1.0,0.0,0.0,0.0,0.0,173.0,0.0,0.0,0.06,0.07,0.0,255.0,10.0,0.04,0.08,0.0,0.0,0.0,1.0,1.0,65305.0
63.0,5.0,0.0,0.0,0.0,0.0,230.0,1.0,1.0,0.05,0.07,0.0,255.0,12.0,0.05,0.07,0.0,1.0,1.0,0.0,1.0,7685.0
34.0,5.0,0.0,0.0,0.0,0.0,221.0,1.0,1.0,0.08,0.06,0.0,255.0,18.0,0.07,0.07,0.0,1.0,1.0,0.0,1.0,125657.0
4.0,1.0,0.0,0.0,0.0,0.0,128.0,0.0,0.0,0.04,0.07,0.0,255.0,5.0,0.02,0.07,0.0,0.0,0.0,1.0,1.0,75785.0
45.0,5.0,0.0,0.0,0.0,0.0,12.0,1.0,1.0,0.5,0.33,0.0,255.0,6.0,0.02,0.1,0.0,1.0,1.0,0.0,1.0,67401.0
12.0,5.0,0.0,0.0,0.0,0.0,150.0,1.0,1.0,0.01,0.07,0.0,255.0,1.0,0.0,0.06,0.0,1.0,1.0,0.0,1.0,51404.0
6.0,1.0,0.0,0.0,0.0,0.0,200.0,0.0,0.0,0.03,0.07,0.0,255.0,5.0,0.02,0.07,0.0,0.0,0.0,1.0,1.0,24473.0
62.0,1.0,0.0,0.0,0.0,0.0,177.0,0.0,0.0,0.1,0.06,0.0,255.0,17.0,0.07,0.07,0.0,0.0,0.0,1.0,1.0,103466.0
45.0,2.0,0.0,0.0,0.0,0.0,125.0,0.0,0.0,0.04,0.06,0.0,255.0,5.0,0.02,0.06,0.0,0.0,0.0,1.0,1.0,106162.0
45.0,5.0,0.0,0.0,0.0,0.0,137.0,1.0,1.0,0.06,0.06,0.0,255.0,26.0,0.1,0.05,0.0,1.0,1.0,0.0,1.0,64208.0
41.0,1.0,0.0,0.0,0.0,0.0,509.0,0.21,0.0,0.0,1.0,0.0,255.0,1.0,0.0,1.0,0.0,0.27,0.0,1.0,1.0,123729.0
41.0,4.0,1.0,0.0,0.0,0.0,2.0,0.0,0.0,1.0,0.0,0.0,255.0,2.0,0.01,0.74,0.0,0.0,0.0,1.0,1.0,102958.0
13.0,9.0,8.0,0.0,0.0,0.0,1.0,0.0,0.0,1.0,0.0,1.0,2.0,154.0,1.0,0.0,0.25,0.0,0.0,0.0,1.0,20968.0
13.0,9.0,8.0,0.0,0.0,0.0,1.0,0.0,0.0,1.0,0.0,1.0,1.0,85.0,1.0,0.0,0.51,0.0,0.0,0.0,1.0,48670.0
45.0,1.0,0.0,0.0,0.0,0.0,269.0,0.0,0.0,0.06,0.06,0.0,255.0,16.0,0.06,0.06,0.0,0.0,0.0,1.0,1.0,67240.0
45.0,5.0,0.0,0.0,0.0,0.0,211.0,1.0,1.0,0.09,0.06,0.0,255.0,19.0,0.07,0.07,0.0,1.0,1.0,0.0,1.0,1815.0
19.0,5.0,0.0,0.0,0.0,0.0,261.0,1.0,1.0,0.01,0.06,0.0,255.0,10.0,0.04,0.09,0.0,1.0,1.0,0.0,1.0,10788.0
41.0,0.0,0.0,0.0,0.0,0.0,1.0,0.0,0.0,1.0,0.0,0.0,255.0,1.0,0.0,1.0,0.0,0.0,0.0,0.0,1.0,63799.0
45.0,5.0,0.0,0.0,0.0,0.0,101.0,1.0,1.0,0.01,0.06,0.0,255.0,6.0,0.02,0.07,0.0,1.0,1.0,0.0,1.0,20400.0
45.0,1.0,0.0,0.0,0.0,0.0,144.0,0.0,0.0,0.11,0.06,0.0,219.0,16.0,0.07,0.06,0.0,0.0,0.0,1.0,1.0,48173.0
13.0,9.0,8.0,0.0,0.0,0.0,1.0,0.0,0.0,1.0,0.0,1.0,3.0,61.0,1.0,0.0,0.26,0.0,0.0,0.0,1.0,63249.0
13.0,9.0,8.0,0.0,0.0,0.0,1.0,0.0,0.0,1.0,0.0,1.0,2.0,150.0,1.0,0.0,0.5,0.0,0.0,0.0,1.0,10966.0
45.0,5.0,0.0,0.0,0.0,0.0,269.0,1.0,1.0,0.02,0.06,0.0,255.0,5.0,0.02,0.09,0.0,1.0,1.0,0.0,1.0,23978.0
22.0,5.0,0.0,0.0,0.0,0.0,51.0,1.0,1.0,0.24,0.08,0.0,255.0,52.0,0.2,0.02,0.0,1.0,1.0,0.0,1.0,63852.0
35.0,1.0,0.0,0.0,0.0,0.0,241.0,0.0,0.0,0.07,0.07,0.0,255.0,17.0,0.07,0.07,0.0,0.0,0.0,1.0,1.0,27788.0
13.0,9.0,8.0,0.0,0.0,0.0,1.0,0.0,0.0,1.0,0.0,1.0,2.0,224.0,1.0,0.0,0.5,0.0,0.0,0.0,1.0,40974.0
45.0,5.0,0.0,0.0,0.0,0.0,140.0,1.0,1.0,0.03,0.06,0.0,255.0,24.0,0.09,0.06,0.0,1.0,1.0,0.0,1.0,15682.0
22.0,5.0,0.0,0.0,0.0,0.0,10.0,1.0,1.0,0.6,0.3,0.0,255.0,56.0,0.22,0.02,0.0,1.0,1.0,0.0,1.0,27100.0
45.0,5.0,0.0,0.0,0.0,0.0,274.0,1.0,1.0,0.01,0.06,0.0,255.0,2.0,0.01,0.06,0.0,1.0,1.0,0.0,1.0,70021.0
45.0,5.0,0.0,0.0,0.0,0.0,143.0,1.0,1.0,0.06,0.06,0.0,255.0,9.0,0.04,0.07,0.0,1.0,1.0,0.0,1.0,108571.0
13.0,9.0,8.0,0.0,0.0,0.0,1.0,0.0,0.0,1.0,0.0,1.0,2.0,190.0,1.0,0.0,0.25,0.0,0.0,0.0,1.0,87745.0
45.0,5.0,0.0,0.0,0.0,0.0,92.0,1.0,1.0,0.27,0.07,0.0,255.0,25.0,0.1,0.05,0.0,1.0,1.0,0.0,1.0,113012.0
45.0,1.0,0.0,0.0,0.0,0.0,105.0,0.0,0.0,0.08,0.06,0.0,255.0,8.0,0.03,0.07,0.0,0.0,0.0,1.0,1.0,122748.0
30.0,5.0,0.0,0.0,0.0,0.0,188.0,1.0,1.0,0.08,0.06,0.0,255.0,17.0,0.07,0.07,0.0,1.0,1.0,0.0,1.0,36602.0
17.0,5.0,0.0,0.0,0.0,0.0,37.0,0.97,1.0,0.27,0.14,0.0,255.0,29.0,0.11,0.05,0.0,1.0,1.0,0.0,1.0,50157.0
9.0,5.0,0.0,0.0,0.0,0.0,276.0,1.0,1.0,0.03,0.06,0.0,255.0,9.0,0.04,0.06,0.0,1.0,1.0,0.0,1.0,98628.0
45.0,5.0,0.0,0.0,0.0,0.0,131.0,1.0,1.0,0.02,0.06,0.0,134.0,2.0,0.01,0.07,0.0,1.0,1.0,0.0,1.0,51029.0
45.0,5.0,0.0,0.0,0.0,0.0,110.0,1.0,1.0,0.09,0.06,0.0,255.0,2.0,0.01,0.08,0.0,1.0,1.0,0.0,1.0,3544.0
45.0,9.0,215.0,0.0,0.0,0.0,1.0,0.0,0.0,1.0,0.0,0.0,143.0,119.0,0.83,0.01,0.0,0.0,0.0,0.0,1.0,3194.0
22.0,5.0,0.0,0.0,0.0,0.0,16.0,1.0,1.0,1.0,0.0,0.0,18.0,16.0,0.89,0.11,0.0,0.89,1.0,0.0,1.0,123584.0
13.0,9.0,18.0,0.0,0.0,0.0,1.0,0.0,0.0,1.0,0.0,0.0,1.0,197.0,1.0,0.0,1.0,0.0,0.0,0.0,1.0,77997.0
61.0,0.0,0.0,0.0,0.0,0.0,1.0,0.0,0.0,1.0,0.0,0.0,161.0,1.0,0.01,0.7,0.0,0.04,0.0,0.0,1.0,24143.0
53.0,5.0,0.0,0.0,0.0,0.0,259.0,1.0,1.0,0.03,0.06,0.0,255.0,15.0,0.06,0.07,0.0,1.0,1.0,0.0,1.0,15834.0
43.0,2.0,0.0,0.0,0.0,0.0,1.0,0.0,0.0,1.0,0.0,0.0,135.0,1.0,0.01,0.21,0.0,0.0,0.0,1.0,1.0,72369.0
54.0,5.0,0.0,0.0,0.0,0.0,230.0,1.0,1.0,0.05,0.06,0.0,255.0,9.0,0.04,0.08,0.0,1.0,1.0,0.0,1.0,16625.0
45.0,5.0,0.0,0.0,0.0,0.0,208.0,1.0,1.0,0.0,0.06,0.0,255.0,2.0,0.01,0.07,0.0,1.0,1.0,0.0,1.0,34385.0
35.0,1.0,0.0,0.0,0.0,0.0,252.0,0.0,0.0,0.0,0.06,0.0,255.0,1.0,0.0,0.08,0.0,0.0,0.0,1.0,1.0,111538.0
33.0,5.0,0.0,0.0,0.0,0.0,203.0,1.0,1.0,0.01,0.07,0.0,255.0,13.0,0.05,0.08,0.0,1.0,1.0,0.0,1.0,73198.0
45.0,9.0,1.0,0.0,0.0,0.0,46.0,0.0,0.0,0.46,0.09,0.0,255.0,66.0,0.26,0.27,0.0,0.05,0.0,0.0,1.0,111912.0
30.0,1.0,0.0,0.0,0.0,0.0,272.0,0.0,0.0,0.03,0.06,0.0,255.0,8.0,0.03,0.07,0.0,0.0,0.0,1.0,1.0,71243.0
30.0,5.0,0.0,0.0,0.0,0.0,278.0,1.0,1.0,0.09,0.04,0.0,255.0,25.0,0.1,0.05,0.0,1.0,1.0,0.0,1.0,83796.0
45.0,5.0,0.0,0.0,0.0,0.0,5.0,1.0,1.0,0.6,0.4,0.0,255.0,4.0,0.02,0.07,0.0,1.0,1.0,0.0,1.0,68034.0
9.0,5.0,0.0,0.0,0.0,0.0,111.0,1.0,1.0,0.03,0.06,0.0,255.0,4.0,0.02,0.07,0.0,1.0,1.0,0.0,1.0,69677.0
55.0,5.0,0.0,0.0,0.0,0.0,39.0,1.0,1.0,0.26,0.1,0.0,255.0,44.0,0.17,0.04,0.0,1.0,1.0,0.0,1.0,40686.0
19.0,5.0,0.0,0.0,0.0,0.0,266.0,1.0,1.0,0.01,0.06,0.0,255.0,2.0,0.01,0.08,0.0,1.0,1.0,0.0,1.0,104986.0
45.0,5.0,0.0,0.0,0.0,0.0,245.0,1.0,1.0,0.05,0.06,0.0,255.0,11.0,0.04,0.06,0.0,1.0,1.0,0.0,1.0,90526.0
10.0,1.0,0.0,0.0,0.0,0.0,285.0,0.0,0.0,0.05,0.06,0.0,255.0,14.0,0.05,0.07,0.0,0.0,0.0,1.0,1.0,61281.0
13.0,9.0,8.0,0.0,0.0,0.0,1.0,0.0,0.0,1.0,0.0,1.0,1.0,105.0,1.0,0.0,0.26,0.0,0.0,0.0,1.0,104326.0
11.0,9.0,1.0,0.0,0.0,0.0,20.0,0.0,0.0,0.1,0.15,0.0,255.0,2.0,0.01,0.92,0.0,0.03,0.0,0.0,1.0,99773.0
31.0,5.0,0.0,0.0,0.0,0.0,22.0,1.0,1.0,0.41,0.09,0.0,255.0,9.0,0.04,0.07,0.0,1.0,1.0,0.0,1.0,67566.0
16.0,5.0,0.0,0.0,0.0,0.0,114.0,1.0,1.0,0.17,0.07,0.0,255.0,20.0,0.08,0.07,0.0,1.0,1.0,0.0,1.0,63078.0
26.0,5.0,0.0,0.0,0.0,0.0,218.0,1.0,1.0,0.0,0.07,0.0,255.0,1.0,0.0,0.08,0.0,1.0,1.0,0.0,1.0,100315.0
27.0,5.0,0.0,0.0,0.0,0.0,142.0,1.0,1.0,0.03,0.06,0.0,255.0,4.0,0.02,0.07,0.0,1.0,1.0,0.0,1.0,58130.0
14.0,9.0,1032.0,0.0,0.0,0.0,511.0,0.0,0.0,1.0,0.0,0.0,255.0,185.0,0.73,0.02,0.0,0.0,0.0,0.0,1.0,93665.0
45.0,5.0,0.0,0.0,0.0,0.0,241.0,1.0,1.0,0.01,0.06,0.0,255.0,2.0,0.01,0.09,0.0,1.0,1.0,0.0,1.0,67126.0
6.0,5.0,0.0,0.0,0.0,0.0,116.0,1.0,1.0,0.08,0.08,0.0,255.0,9.0,0.04,0.07,0.0,1.0,1.0,0.0,1.0,70161.0
22.0,1.0,0.0,0.0,0.0,0.0,111.0,0.0,0.0,0.14,0.06,0.0,255.0,14.0,0.05,0.07,0.0,0.0,0.0,1.0,1.0,41280.0
32.0,1.0,0.0,0.0,0.0,0.0,230.0,0.0,0.0,0.01,0.07,0.0,255.0,3.0,0.01,0.08,0.0,0.0,0.0,1.0,1.0,91835.0
13.0,9.0,8.0,0.0,0.0,0.0,1.0,0.0,0.0,1.0,0.0,1.0,1.0,66.0,1.0,0.0,0.52,0.0,0.0,0.0,1.0,102638.0
14.0,9.0,1032.0,0.0,0.0,0.0,511.0,0.0,0.0,1.0,0.0,0.0,255.0,147.0,0.58,0.02,0.0,0.01,0.0,0.0,1.0,83075.0
45.0,9.0,28.0,0.0,3.0,0.0,70.0,0.0,0.0,1.0,0.0,0.0,255.0,70.0,0.27,0.02,0.0,0.0,0.0,0.0,1.0,29884.0
45.0,1.0,0.0,0.0,0.0,0.0,2.0,0.0,0.0,0.5,1.0,0.0,255.0,1.0,0.0,0.98,0.0,0.0,0.0,1.0,1.0,96547.0
45.0,5.0,0.0,0.0,0.0,0.0,248.0,1.0,1.0,0.03,0.04,0.0,255.0,8.0,0.03,0.05,0.0,1.0,1.0,0.0,1.0,65125.0
45.0,5.0,0.0,0.0,0.0,0.0,130.0,1.0,1.0,0.13,0.05,0.0,255.0,20.0,0.08,0.05,0.0,1.0,1.0,0.0,1.0,16517.0
45.0,5.0,0.0,0.0,0.0,0.0,272.0,1.0,1.0,0.03,0.06,0.0,255.0,13.0,0.05,0.08,0.0,1.0,1.0,0.0,1.0,59711.0
45.0,1.0,0.0,0.0,0.0,0.0,272.0,0.0,0.0,0.03,0.06,0.0,255.0,7.0,0.03,0.08,0.0,0.0,0.0,1.0,1.0,92698.0
41.0,4.0,1.0,0.0,0.0,0.0,2.0,0.0,0.0,1.0,0.0,0.0,255.0,2.0,0.01,0.73,0.0,0.0,0.0,1.0,1.0,114903.0
14.0,9.0,1032.0,0.0,0.0,0.0,195.0,0.0,0.0,1.0,0.0,0.0,255.0,255.0,1.0,0.0,0.0,0.0,0.0,0.0,1.0,81931.0
4.0,5.0,0.0,0.0,0.0,0.0,279.0,1.0,1.0,0.06,0.06,0.0,255.0,17.0,0.07,0.07,0.0,1.0,1.0,0.0,1.0,19269.0
23.0,5.0,0.0,0.0,0.0,0.0,150.0,1.0,1.0,0.11,0.05,0.0,255.0,17.0,0.07,0.06,0.0,1.0,1.0,0.0,1.0,2251.0
39.0,5.0,0.0,0.0,0.0,0.0,98.0,1.0,1.0,0.08,0.06,0.0,255.0,5.0,0.02,0.07,0.0,1.0,1.0,0.0,1.0,23450.0
45.0,5.0,0.0,0.0,0.0,0.0,220.0,1.0,1.0,0.03,0.07,0.0,255.0,5.0,0.02,0.08,0.0,1.0,1.0,0.0,1.0,33368.0
8.0,5.0,0.0,0.0,0.0,0.0,108.0,1.0,1.0,0.06,0.06,0.0,255.0,7.0,0.03,0.07,0.0,1.0,1.0,0.0,1.0,107593.0
62.0,5.0,0.0,0.0,0.0,0.0,295.0,1.0,1.0,0.06,0.06,0.0,255.0,19.0,0.07,0.07,0.0,1.0,1.0,0.0,1.0,96774.0
45.0,5.0,0.0,0.0,0.0,0.0,221.0,1.0,1.0,0.04,0.08,0.0,255.0,9.0,0.04,0.08,0.0,1.0,1.0,0.0,1.0,27360.0
45.0,9.0,28.0,0.0,3.0,0.0,23.0,0.0,0.0,1.0,0.0,0.0,255.0,23.0,0.09,0.01,0.0,0.0,0.0,0.0,1.0,60029.0
45.0,4.0,1.0,0.0,0.0,0.0,2.0,0.0,0.0,1.0,0.0,0.0,255.0,2.0,0.01,0.73,0.0,0.0,0.0,1.0,1.0,24764.0
45.0,1.0,0.0,0.0,0.0,0.0,272.0,0.0,0.0,0.03,0.06,0.0,255.0,24.0,0.09,0.07,0.0,0.0,0.0,1.0,1.0,19916.0
45.0,9.0,28.0,0.0,3.0,0.0,20.0,0.0,0.0,1.0,0.0,0.0,92.0,20.0,0.22,0.04,0.0,0.0,0.0,0.0,1.0,61690.0
54.0,5.0,0.0,0.0,0.0,0.0,139.0,1.0,1.0,0.13,0.04,0.0,255.0,6.0,0.02,0.06,0.0,1.0,1.0,0.0,1.0,2163.0
31.0,5.0,0.0,0.0,0.0,0.0,145.0,1.0,1.0,0.14,0.06,0.0,255.0,20.0,0.08,0.06,0.0,1.0,1.0,0.0,1.0,71555.0
45.0,5.0,0.0,0.0,0.0,0.0,258.0,1.0,1.0,0.01,0.06,0.0,255.0,18.0,0.07,0.07,0.0,1.0,1.0,0.0,1.0,16669.0
2.0,5.0,0.0,0.0,0.0,0.0,213.0,1.0,1.0,0.02,0.08,0.0,255.0,5.0,0.02,0.09,0.0,1.0,1.0,0.0,1.0,119307.0
23.0,1.0,0.0,0.0,0.0,0.0,144.0,0.0,0.0,0.11,0.06,0.0,255.0,9.0,0.04,0.07,0.0,0.0,0.0,1.0,1.0,9977.0
29.0,5.0,0.0,0.0,0.0,0.0,296.0,1.0,1.0,0.04,0.05,0.0,255.0,12.0,0.05,0.05,0.0,1.0,1.0,0.0,1.0,111193.0
45.0,5.0,0.0,0.0,0.0,0.0,131.0,1.0,1.0,0.11,0.05,0.0,255.0,14.0,0.05,0.07,0.0,1.0,1.0,0.0,1.0,9748.0
22.0,5.0,0.0,0.0,0.0,0.0,255.0,1.0,1.0,0.04,0.06,0.0,255.0,10.0,0.04,0.07,0.0,1.0,1.0,0.0,1.0,83660.0
13.0,9.0,8.0,0.0,0.0,0.0,1.0,0.0,0.0,1.0,0.0,1.0,2.0,61.0,1.0,0.0,0.26,0.0,0.0,0.0,1.0,18360.0
44.0,5.0,0.0,0.0,0.0,0.0,123.0,1.0,1.0,0.15,0.06,0.0,255.0,19.0,0.07,0.06,0.0,1.0,1.0,0.0,1.0,35761.0
45.0,9.0,28.0,0.0,3.0,0.0,99.0,0.0,0.0,1.0,0.0,0.0,255.0,99.0,0.39,0.01,0.0,0.0,0.0,0.0,1.0,48739.0
45.0,5.0,0.0,0.0,0.0,0.0,141.0,1.0,1.0,0.13,0.06,0.0,45.0,19.0,0.42,0.09,0.0,1.0,1.0,0.0,1.0,94126.0
61.0,1.0,0.0,0.0,0.0,0.0,234.0,0.0,0.0,0.03,0.06,0.0,255.0,6.0,0.02,0.07,0.0,0.0,0.0,1.0,1.0,38971.0
14.0,9.0,1032.0,0.0,0.0,0.0,511.0,0.0,0.0,1.0,0.0,0.0,255.0,114.0,0.45,0.19,0.0,0.0,0.0,0.0,1.0,3162.0
45.0,5.0,0.0,0.0,0.0,0.0,144.0,1.0,1.0,0.08,0.06,0.0,255.0,12.0,0.05,0.06,0.0,1.0,1.0,0.0,1.0,105488.0
45.0,1.0,0.0,0.0,0.0,0.0,229.0,0.0,0.0,0.07,0.06,0.0,255.0,15.0,0.06,0.06,0.0,0.0,0.0,1.0,1.0,46412.0
45.0,5.0,0.0,0.0,0.0,0.0,241.0,1.0,1.0,0.07,0.06,0.0,255.0,5.0,0.02,0.08,0.0,1.0,1.0,0.0,1.0,29134.0
45.0,9.0,28.0,0.0,3.0,0.0,63.0,0.0,0.0,1.0,0.0,0.0,255.0,30.0,0.12,0.01,0.0,0.0,0.0,0.0,1.0,59803.0
19.0,5.0,0.0,0.0,0.0,0.0,227.0,1.0,1.0,0.02,0.06,0.0,255.0,4.0,0.02,0.06,0.0,1.0,1.0,0.0,1.0,111780.0
51.0,5.0,0.0,0.0,0.0,0.0,227.0,1.0,1.0,0.07,0.06,0.0,255.0,20.0,0.08,0.06,0.0,1.0,1.0,0.0,1.0,72460.0
26.0,5.0,0.0,0.0,0.0,0.0,134.0,1.0,1.0,0.14,0.06,0.0,255.0,19.0,0.07,0.06,0.0,1.0,1.0,0.0,1.0,59274.0
33.0,5.0,0.0,0.0,0.0,0.0,197.0,0.99,1.0,0.08,0.07,0.0,255.0,15.0,0.06,0.08,0.0,1.0,1.0,0.0,1.0,49643.0
45.0,5.0,0.0,0.0,0.0,0.0,180.0,1.0,1.0,0.07,0.06,0.0,255.0,1.0,0.0,0.09,0.0,1.0,1.0,0.0,1.0,109253.0
45.0,5.0,0.0,0.0,0.0,0.0,76.0,1.0,1.0,0.28,0.07,0.0,255.0,21.0,0.08,0.05,0.0,1.0,1.0,0.0,1.0,121358.0
3.0,5.0,0.0,0.0,0.0,0.0,219.0,1.0,1.0,0.08,0.06,0.0,255.0,18.0,0.07,0.07,0.0,1.0,1.0,0.0,1.0,114687.0
13.0,9.0,8.0,0.0,0.0,0.0,1.0,0.0,0.0,1.0,0.0,1.0,2.0,248.0,1.0,0.0,0.5,0.0,0.0,0.0,1.0,104273.0
17.0,5.0,0.0,0.0,0.0,0.0,4.0,1.0,1.0,0.75,0.5,0.0,255.0,43.0,0.17,0.05,0.0,1.0,1.0,0.0,1.0,107355.0
45.0,5.0,0.0,0.0,0.0,0.0,217.0,1.0,1.0,0.05,0.05,0.0,21.0,10.0,0.48,0.14,0.0,0.9,1.0,0.0,1.0,41787.0
45.0,1.0,0.0,0.0,0.0,0.0,84.0,0.0,0.0,0.18,0.06,0.0,255.0,15.0,0.06,0.05,0.0,0.0,0.0,1.0,1.0,62492.0
32.0,1.0,0.0,0.0,0.0,0.0,245.0,0.0,0.0,0.02,0.07,0.0,255.0,5.0,0.02,0.08,0.0,0.0,0.0,1.0,1.0,93033.0
45.0,1.0,0.0,0.0,0.0,0.0,215.0,0.0,0.0,0.07,0.07,0.0,255.0,16.0,0.06,0.08,0.0,0.0,0.0,1.0,1.0,53308.0
5.0,5.0,0.0,0.0,0.0,0.0,117.0,1.0,1.0,0.02,0.07,0.0,255.0,15.0,0.06,0.08,0.0,1.0,1.0,0.0,1.0,104246.0
45.0,9.0,28.0,0.0,3.0,0.0,79.0,0.0,0.0,1.0,0.0,0.0,255.0,79.0,0.31,0.04,0.0,0.02,0.0,0.0,1.0,40232.0
45.0,5.0,0.0,0.0,0.0,0.0,296.0,1.0,1.0,0.02,0.05,0.0,255.0,11.0,0.04,0.08,0.0,1.0,1.0,0.0,1.0,37872.0
23.0,5.0,0.0,0.0,0.0,0.0,255.0,1.0,1.0,0.05,0.05,0.0,255.0,13.0,0.05,0.07,0.0,1.0,1.0,0.0,1.0,11610.0
63.0,5.0,0.0,0.0,0.0,0.0,248.0,1.0,1.0,0.08,0.06,0.0,255.0,20.0,0.08,0.07,0.0,1.0,1.0,0.0,1.0,64105.0
63.0,1.0,0.0,0.0,0.0,0.0,244.0,0.0,0.0,0.02,0.07,0.0,255.0,4.0,0.02,0.09,0.0,0.0,0.0,1.0,1.0,85542.0
45.0,1.0,0.0,0.0,0.0,0.0,35.0,0.03,0.0,0.03,1.0,0.0,255.0,1.0,0.0,0.17,0.0,0.0,0.0,1.0,1.0,85103.0
3.0,5.0,0.0,0.0,0.0,0.0,279.0,1.0,1.0,0.04,0.06,0.0,255.0,11.0,0.04,0.06,0.0,1.0,1.0,0.0,1.0,78876.0
45.0,5.0,0.0,0.0,0.0,0.0,209.0,1.0,1.0,0.01,0.06,0.0,255.0,3.0,0.01,0.05,0.0,1.0,1.0,0.0,1.0,120764.0
45.0,5.0,0.0,0.0,0.0,0.0,278.0,1.0,1.0,0.05,0.05,0.0,255.0,14.0,0.05,0.05,0.0,1.0,1.0,0.0,1.0,109468.0
18.0,2.0,0.0,0.0,0.0,0.0,238.0,0.0,0.0,0.05,0.06,0.0,255.0,12.0,0.05,0.07,0.0,0.0,0.0,1.0,1.0,41508.0
41.0,1.0,0.0,0.0,0.0,0.0,391.0,0.09,0.0,0.0,1.0,0.0,255.0,1.0,0.0,1.0,0.0,0.11,0.0,1.0,1.0,20712.0
45.0,5.0,0.0,0.0,0.0,0.0,217.0,1.0,1.0,0.05,0.06,0.0,255.0,20.0,0.08,0.07,0.0,1.0,1.0,0.0,1.0,122321.0
60.0,5.0,0.0,0.0,0.0,0.0,116.0,1.0,1.0,0.13,0.06,0.0,255.0,15.0,0.06,0.07,0.0,1.0,1.0,0.0,1.0,69244.0
28.0,1.0,0.0,0.0,0.0,0.0,152.0,0.05,0.0,0.01,1.0,0.0,255.0,1.0,0.0,0.78,0.0,0.03,0.0,1.0,1.0,104708.0
45.0,5.0,0.0,0.0,0.0,0.0,11.0,1.0,1.0,0.27,0.36,0.0,255.0,3.0,0.01,0.09,0.0,1.0,1.0,0.0,1.0,124168.0
60.0,5.0,0.0,0.0,0.0,0.0,102.0,1.0,1.0,0.02,0.07,0.0,255.0,4.0,0.02,0.08,0.0,1.0,1.0,0.0,1.0,28985.0
13.0,9.0,8.0,0.0,0.0,0.0,1.0,0.0,0.0,1.0,0.0,1.0,1.0,135.0,1.0,0.0,0.5,0.0,0.0,0.0,1.0,7157.0
30.0,5.0,0.0,0.0,0.0,0.0,262.0,1.0,1.0,0.02,0.06,0.0,255.0,6.0,0.02,0.08,0.0,1.0,1.0,0.0,1.0,122418.0
10.0,5.0,0.0,0.0,0.0,0.0,251.0,1.0,1.0,0.1,0.06,0.0,255.0,25.0,0.1,0.06,0.0,1.0,1.0,0.0,1.0,68085.0
13.0,9.0,8.0,0.0,0.0,0.0,1.0,0.0,0.0,1.0,0.0,1.0,1.0,113.0,1.0,0.0,0.5,0.0,0.0,0.0,1.0,15515.0
28.0,5.0,0.0,0.0,0.0,0.0,133.0,1.0,1.0,0.15,0.05,0.0,255.0,20.0,0.08,0.05,0.0,1.0,1.0,0.0,1.0,30027.0
45.0,5.0,0.0,0.0,0.0,0.0,212.0,1.0,1.0,0.09,0.06,0.0,255.0,18.0,0.07,0.06,0.0,1.0,1.0,0.0,1.0,45106.0
45.0,5.0,0.0,0.0,0.0,0.0,228.0,1.0,1.0,0.08,0.06,0.0,255.0,17.0,0.07,0.09,0.0,1.0,1.0,0.0,1.0,68215.0
26.0,5.0,0.0,0.0,0.0,0.0,173.0,1.0,1.0,0.05,0.07,0.0,255.0,8.0,0.03,0.06,0.0,1.0,1.0,0.0,1.0,28612.0
13.0,9.0,8.0,0.0,0.0,0.0,1.0,0.0,0.0,1.0,0.0,0.0,3.0,255.0,1.0,0.0,0.25,0.0,0.0,0.0,1.0,35527.0
7.0,5.0,0.0,0.0,0.0,0.0,208.0,1.0,1.0,0.03,0.08,0.0,255.0,6.0,0.02,0.09,0.0,1.0,1.0,0.0,1.0,34719.0
2.0,5.0,0.0,0.0,0.0,0.0,230.0,1.0,1.0,0.0,0.07,0.0,255.0,1.0,0.0,0.07,0.0,1.0,1.0,0.0,1.0,8037.0
27.0,5.0,0.0,0.0,0.0,0.0,144.0,1.0,1.0,0.06,0.05,0.0,255.0,8.0,0.03,0.05,0.0,1.0,1.0,0.0,1.0,125971.0
5.0,5.0,0.0,0.0,0.0,0.0,97.0,1.0,1.0,0.04,0.05,0.0,255.0,4.0,0.02,0.05,0.0,1.0,1.0,0.0,1.0,76671.0
50.0,5.0,0.0,0.0,0.0,0.0,174.0,1.0,1.0,0.05,0.07,0.0,255.0,8.0,0.03,0.08,0.0,1.0,1.0,0.0,1.0,61625.0
50.0,5.0,0.0,0.0,0.0,0.0,121.0,1.0,1.0,0.12,0.07,0.0,255.0,15.0,0.06,0.09,0.0,1.0,1.0,0.0,1.0,36142.0
45.0,2.0,0.0,0.0,0.0,0.0,121.0,0.0,0.0,0.05,0.07,0.0,255.0,6.0,0.02,0.08,0.0,0.0,0.0,1.0,1.0,43260.0
13.0,9.0,18.0,0.0,0.0,0.0,1.0,0.0,0.0,1.0,0.0,0.0,4.0,56.0,1.0,0.0,0.25,0.0,0.0,0.0,1.0,5825.0
60.0,2.0,0.0,0.0,0.0,0.0,85.0,0.0,0.0,0.16,0.07,0.0,255.0,14.0,0.05,0.06,0.0,0.0,0.0,1.0,1.0,17835.0
45.0,1.0,0.0,0.0,0.0,0.0,86.0,0.0,0.0,0.19,0.06,0.0,255.0,16.0,0.06,0.06,0.0,0.0,0.0,1.0,1.0,49437.0
4.0,5.0,0.0,0.0,0.0,0.0,297.0,1.0,1.0,0.07,0.06,0.0,255.0,6.0,0.02,0.07,0.0,1.0,1.0,0.0,1.0,52255.0
45.0,4.0,0.0,0.0,0.0,0.0,1.0,0.0,0.0,1.0,0.0,0.0,255.0,1.0,0.0,0.63,0.0,0.0,0.0,1.0,1.0,85594.0
45.0,1.0,0.0,0.0,0.0,0.0,109.0,0.07,0.0,0.01,1.0,0.0,255.0,1.0,0.0,0.68,0.0,0.03,0.0,1.0,1.0,38538.0
7.0,5.0,0.0,0.0,0.0,0.0,265.0,1.0,1.0,0.03,0.06,0.0,255.0,8.0,0.03,0.07,0.0,1.0,1.0,0.0,1.0,12564.0
22.0,5.0,0.0,0.0,0.0,0.0,280.0,1.0,1.0,0.03,0.06,0.0,255.0,9.0,0.04,0.07,0.0,1.0,1.0,0.0,1.0,37054.0
45.0,1.0,0.0,0.0,0.0,0.0,1.0,0.0,0.0,1.0,0.0,0.0,67.0,1.0,0.01,1.0,0.0,0.0,0.0,1.0,1.0,59429.0
45.0,5.0,0.0,0.0,0.0,0.0,129.0,1.0,1.0,0.05,0.06,0.0,255.0,3.0,0.01,0.07,0.0,1.0,1.0,0.0,1.0,89553.0
62.0,5.0,0.0,0.0,0.0,0.0,102.0,1.0,1.0,0.02,0.07,0.0,255.0,2.0,0.01,0.07,0.0,1.0,1.0,0.0,1.0,92968.0
41.0,9.0,1.0,0.0,0.0,0.0,21.0,0.0,0.0,0.05,0.24,0.0,255.0,1.0,0.0,0.21,0.0,0.0,0.0,0.0,1.0,73342.0
45.0,4.0,1.0,0.0,0.0,0.0,2.0,0.0,0.0,1.0,0.0,0.0,255.0,2.0,0.01,0.51,0.0,0.0,0.0,1.0,1.0,100818.0
14.0,9.0,1032.0,0.0,0.0,0.0,511.0,0.0,0.0,1.0,0.0,0.0,209.0,64.0,0.31,0.01,0.0,0.0,0.0,0.0,1.0,110215.0
14.0,9.0,1032.0,0.0,0.0,0.0,175.0,0.0,0.0,1.0,0.0,0.0,255.0,175.0,0.69,0.01,0.0,0.0,0.0,0.0,1.0,20268.0
13.0,9.0,8.0,0.0,0.0,0.0,1.0,0.0,0.0,1.0,0.0,0.0,2.0,26.0,1.0,0.0,0.5,0.0,0.0,0.0,1.0,57040.0
45.0,5.0,0.0,0.0,0.0,0.0,155.0,1.0,1.0,0.11,0.06,0.0,255.0,10.0,0.04,0.07,0.0,1.0,1.0,0.0,1.0,48122.0
14.0,9.0,1032.0,0.0,0.0,0.0,53.0,0.0,0.0,1.0,0.0,0.0,171.0,77.0,0.45,0.04,0.0,0.01,0.0,0.0,1.0,10409.0
25.0,5.0,0.0,0.0,0.0,0.0,235.0,1.0,1.0,0.04,0.07,0.0,255.0,10.0,0.04,0.07,0.0,1.0,1.0,0.0,1.0,27387.0
13.0,9.0,8.0,0.0,0.0,0.0,1.0,0.0,0.0,1.0,0.0,1.0,1.0,79.0,1.0,0.0,0.51,0.0,0.0,0.0,1.0,95683.0
45.0,5.0,0.0,0.0,0.0,0.0,264.0,1.0,1.0,0.01,0.06,0.0,255.0,3.0,0.01,0.07,0.0,1.0,1.0,0.0,1.0,104476.0
45.0,5.0,0.0,0.0,0.0,0.0,185.0,1.0,1.0,0.11,0.08,0.0,255.0,20.0,0.08,0.07,0.0,1.0,1.0,0.0,1.0,1549.0
45.0,5.0,0.0,0.0,0.0,0.0,108.0,1.0,1.0,0.07,0.06,0.0,255.0,31.0,0.12,0.05,0.0,1.0,1.0,0.0,1.0,103958.0
45.0,5.0,0.0,0.0,0.0,0.0,234.0,1.0,1.0,0.03,0.06,0.0,255.0,15.0,0.06,0.08,0.0,1.0,1.0,0.0,1.0,6539.0
45.0,5.0,0.0,0.0,0.0,0.0,130.0,1.0,1.0,0.07,0.06,0.0,245.0,11.0,0.04,0.08,0.0,1.0,1.0,0.0,1.0,108011.0
45.0,5.0,0.0,0.0,0.0,0.0,131.0,1.0,1.0,0.09,0.06,0.0,255.0,5.0,0.02,0.08,0.0,1.0,1.0,0.0,1.0,73229.0
14.0,9.0,1032.0,0.0,0.0,0.0,95.0,0.0,0.0,1.0,0.0,0.0,255.0,95.0,0.37,0.02,0.0,0.0,0.0,0.0,1.0,59609.0
45.0,5.0,0.0,0.0,0.0,0.0,136.0,1.0,1.0,0.09,0.06,0.0,255.0,2.0,0.01,0.08,0.0,1.0,1.0,0.0,1.0,3802.0
45.0,9.0,215.0,0.0,0.0,0.0,1.0,0.0,0.0,1.0,0.0,0.0,139.0,115.0,0.83,0.01,0.0,0.0,0.0,0.0,1.0,87206.0
3.0,5.0,0.0,0.0,0.0,0.0,257.0,1.0,1.0,0.04,0.05,0.0,255.0,10.0,0.04,0.05,0.0,1.0,1.0,0.0,1.0,15558.0
47.0,5.0,0.0,0.0,0.0,0.0,229.0,1.0,1.0,0.04,0.07,0.0,255.0,10.0,0.04,0.08,0.0,1.0,1.0,0.0,1.0,112318.0
45.0,1.0,0.0,0.0,0.0,0.0,253.0,0.0,0.0,0.03,0.07,0.0,255.0,8.0,0.03,0.09,0.0,0.0,0.0,1.0,1.0,6333.0
45.0,4.0,0.0,0.0,0.0,0.0,1.0,0.0,0.0,1.0,0.0,0.0,172.0,1.0,0.01,0.72,0.0,0.03,0.0,1.0,1.0,101361.0
62.0,5.0,0.0,0.0,0.0,0.0,101.0,1.0,1.0,0.1,0.06,0.0,255.0,9.0,0.04,0.06,0.0,1.0,1.0,0.0,1.0,97040.0
2.0,5.0,0.0,0.0,0.0,0.0,230.0,1.0,1.0,0.03,0.07,0.0,255.0,6.0,0.02,0.07,0.0,1.0,1.0,0.0,1.0,5061.0
6.0,5.0,0.0,0.0,0.0,0.0,123.0,1.0,1.0,0.11,0.06,0.0,255.0,9.0,0.04,0.07,0.0,1.0,1.0,0.0,1.0,77380.0
50.0,5.0,0.0,0.0,0.0,0.0,12.0,1.0,1.0,0.08,0.5,0.0,255.0,12.0,0.05,0.09,0.0,1.0,1.0,0.0,1.0,124415.0
13.0,9.0,8.0,0.0,0.0,0.0,1.0,0.0,0.0,1.0,0.0,1.0,1.0,93.0,1.0,0.0,0.51,0.0,0.0,0.0,1.0,122633.0
45.0,5.0,0.0,0.0,0.0,0.0,77.0,1.0,1.0,0.16,0.06,0.0,255.0,20.0,0.08,0.06,0.0,1.0,1.0,0.0,1.0,103385.0
14.0,9.0,1032.0,0.0,0.0,0.0,358.0,0.0,0.0,1.0,0.0,0.0,193.0,99.0,0.51,0.04,0.0,0.01,0.0,0.0,1.0,10434.0
41.0,4.0,1.0,0.0,0.0,0.0,2.0,0.0,0.0,1.0,0.0,0.0,255.0,2.0,0.01,0.68,0.0,0.0,0.0,1.0,1.0,3486.0
13.0,9.0,8.0,0.0,0.0,0.0,1.0,0.0,0.0,1.0,0.0,1.0,3.0,99.0,1.0,0.0,0.25,0.0,0.0,0.0,1.0,26544.0
19.0,5.0,0.0,0.0,0.0,0.0,21.0,1.0,1.0,0.24,0.19,0.0,255.0,64.0,0.25,0.02,0.0,1.0,1.0,0.0,1.0,117914.0
34.0,1.0,0.0,0.0,0.0,0.0,200.0,0.0,0.0,0.09,0.06,0.0,255.0,18.0,0.07,0.07,0.0,0.0,0.0,1.0,1.0,52130.0
45.0,5.0,0.0,0.0,0.0,0.0,141.0,0.99,1.0,0.04,0.06,0.0,255.0,7.0,0.03,0.06,0.0,1.0,1.0,0.0,1.0,44683.0
45.0,5.0,0.0,0.0,0.0,0.0,69.0,1.0,1.0,0.14,0.07,0.0,219.0,10.0,0.05,0.06,0.0,1.0,1.0,0.0,1.0,74275.0
45.0,5.0,0.0,0.0,0.0,0.0,101.0,1.0,1.0,0.1,0.06,0.0,69.0,11.0,0.16,0.16,0.0,1.0,1.0,0.0,1.0,82463.0
45.0,5.0,0.0,0.0,0.0,0.0,296.0,1.0,1.0,0.02,0.05,0.0,255.0,5.0,0.02,0.08,0.0,1.0,1.0,0.0,1.0,105789.0
7.0,5.0,0.0,0.0,0.0,0.0,178.0,1.0,1.0,0.04,0.06,0.0,255.0,8.0,0.03,0.05,0.0,1.0,1.0,0.0,1.0,32830.0
45.0,1.0,0.0,0.0,0.0,0.0,220.0,0.0,0.0,0.02,0.07,0.0,255.0,5.0,0.02,0.07,0.0,0.0,0.0,1.0,1.0,30788.0
45.0,9.0,1.0,0.0,0.0,0.0,22.0,0.0,0.0,0.91,0.09,0.0,255.0,29.0,0.11,0.22,0.0,0.0,0.0,0.0,1.0,101231.0
3.0,5.0,0.0,0.0,0.0,0.0,266.0,1.0,1.0,0.02,0.06,0.0,255.0,4.0,0.02,0.08,0.0,1.0,1.0,0.0,1.0,62025.0
61.0,5.0,0.0,0.0,0.0,0.0,230.0,1.0,1.0,0.03,0.07,0.0,255.0,3.0,0.01,0.07,0.0,1.0,1.0,0.0,1.0,72729.0
55.0,5.0,0.0,0.0,0.0,0.0,62.0,1.0,1.0,0.24,0.06,0.0,255.0,46.0,0.18,0.04,0.0,1.0,1.0,0.0,1.0,22103.0
45.0,9.0,1.0,0.0,0.0,0.0,8.0,0.0,0.0,0.5,0.25,0.0,255.0,4.0,0.02,0.87,0.0,0.03,0.0,0.0,1.0,64181.0
45.0,5.0,0.0,0.0,0.0,0.0,103.0,1.0,1.0,0.05,0.06,0.0,255.0,5.0,0.02,0.06,0.0,1.0,1.0,0.0,1.0,113589.0
45.0,1.0,0.0,0.0,0.0,0.0,128.0,0.0,0.0,0.03,0.07,0.0,255.0,3.0,0.01,0.07,0.0,0.0,0.0,1.0,1.0,116164.0
45.0,9.0,28.0,0.0,3.0,0.0,98.0,0.0,0.0,1.0,0.0,0.0,170.0,98.0,0.58,0.02,0.0,0.0,0.0,0.0,1.0,109290.0
18.0,5.0,0.0,0.0,0.0,0.0,268.0,1.0,1.0,0.06,0.05,0.0,255.0,17.0,0.07,0.05,0.0,1.0,1.0,0.0,1.0,36521.0
45.0,5.0,0.0,0.0,0.0,0.0,126.0,1.0,1.0,0.17,0.06,0.0,255.0,22.0,0.09,0.05,0.0,1.0,1.0,0.0,1.0,29430.0
14.0,9.0,1032.0,0.0,0.0,0.0,511.0,0.0,0.0,1.0,0.0,0.0,255.0,147.0,0.58,0.02,0.0,0.0,0.0,0.0,1.0,95216.0
13.0,9.0,8.0,0.0,0.0,0.0,1.0,0.0,0.0,1.0,0.0,1.0,1.0,15.0,1.0,0.0,0.53,0.0,0.0,0.0,1.0,73309.0
14.0,9.0,1032.0,0.0,0.0,0.0,511.0,0.0,0.0,1.0,0.0,0.0,156.0,62.0,0.4,0.04,0.0,0.01,0.0,0.0,1.0,2351.0
54.0,1.0,0.0,0.0,0.0,0.0,227.0,0.0,0.0,0.01,0.07,0.0,255.0,2.0,0.01,0.07,0.0,0.0,0.0,1.0,1.0,113216.0
44.0,5.0,0.0,0.0,0.0,0.0,136.0,1.0,1.0,0.11,0.05,0.0,255.0,15.0,0.06,0.05,0.0,1.0,1.0,0.0,1.0,75907.0
45.0,5.0,0.0,0.0,0.0,0.0,136.0,1.0,1.0,0.13,0.06,0.0,255.0,27.0,0.11,0.06,0.0,1.0,1.0,0.0,1.0,81077.0
45.0,5.0,0.0,0.0,0.0,0.0,299.0,1.0,1.0,0.03,0.06,0.0,255.0,6.0,0.02,0.09,0.0,1.0,1.0,0.0,1.0,30083.0
45.0,5.0,0.0,0.0,0.0,0.0,140.0,1.0,1.0,0.08,0.06,0.0,61.0,20.0,0.33,0.13,0.0,1.0,1.0,0.0,1.0,53765.0
45.0,5.0,0.0,0.0,0.0,0.0,86.0,1.0,1.0,0.1,0.08,0.0,255.0,9.0,0.04,0.06,0.0,1.0,1.0,0.0,1.0,40033.0
7.0,1.0,0.0,0.0,0.0,0.0,141.0,0.0,0.0,0.12,0.06,0.0,255.0,17.0,0.07,0.07,0.0,0.0,0.0,1.0,1.0,17983.0
13.0,9.0,8.0,0.0,0.0,0.0,1.0,0.0,0.0,1.0,0.0,1.0,2.0,76.0,1.0,0.0,0.5,0.0,0.0,0.0,1.0,82000.0
41.0,4.0,1.0,0.0,0.0,0.0,2.0,0.0,0.0,1.0,0.0,0.0,255.0,2.0,0.01,0.7,0.0,0.0,0.0,1.0,1.0,8454.0
28.0,5.0,0.0,0.0,0.0,0.0,135.0,1.0,1.0,0.16,0.04,0.0,255.0,22.0,0.09,0.05,0.0,1.0,1.0,0.0,1.0,26763.0
55.0,5.0,0.0,0.0,0.0,0.0,79.0,1.0,1.0,0.25,0.05,0.0,255.0,52.0,0.2,0.04,0.0,1.0,1.0,0.0,1.0,18954.0
19.0,5.0,0.0,0.0,0.0,0.0,63.0,1.0,1.0,0.24,0.06,0.0,255.0,43.0,0.17,0.05,0.0,1.0,1.0,0.0,1.0,17936.0
55.0,5.0,0.0,0.0,0.0,0.0,265.0,1.0,1.0,0.06,0.06,0.0,255.0,6.0,0.02,0.07,0.0,1.0,1.0,0.0,1.0,118640.0
39.0,5.0,0.0,0.0,0.0,0.0,297.0,1.0,1.0,0.03,0.05,0.0,255.0,8.0,0.03,0.05,0.0,1.0,1.0,0.0,1.0,117940.0
45.0,5.0,0.0,0.0,0.0,0.0,146.0,1.0,1.0,0.12,0.06,0.0,255.0,12.0,0.05,0.06,0.0,1.0,1.0,0.0,1.0,12734.0
45.0,5.0,0.0,0.0,0.0,0.0,66.0,1.0,1.0,0.06,0.09,0.0,255.0,4.0,0.02,0.07,0.0,1.0,1.0,0.0,1.0,21313.0
31.0,5.0,0.0,0.0,0.0,0.0,109.0,1.0,1.0,0.13,0.05,0.0,255.0,14.0,0.05,0.04,0.0,1.0,1.0,0.0,1.0,97652.0
45.0,9.0,28.0,0.0,3.0,0.0,38.0,0.0,0.0,1.0,0.0,0.0,110.0,38.0,0.35,0.04,0.0,0.0,0.0,0.0,1.0,93659.0
45.0,5.0,0.0,0.0,0.0,0.0,129.0,1.0,1.0,0.14,0.05,0.0,255.0,18.0,0.07,0.05,0.0,1.0,1.0,0.0,1.0,46817.0
45.0,1.0,0.0,0.0,0.0,0.0,150.0,0.0,0.0,0.13,0.06,0.0,255.0,11.0,0.04,0.07,0.0,0.0,0.0,1.0,1.0,85206.0
45.0,5.0,0.0,0.0,0.0,0.0,142.0,1.0,1.0,0.03,0.06,0.0,255.0,9.0,0.04,0.07,0.0,1.0,1.0,0.0,1.0,5381.0
20.0,5.0,0.0,0.0,0.0,0.0,225.0,1.0,1.0,0.01,0.06,0.0,255.0,3.0,0.01,0.06,0.0,1.0,1.0,0.0,1.0,59340.0
49.0,5.0,0.0,0.0,0.0,0.0,202.0,1.0,1.0,0.0,0.07,0.0,255.0,1.0,0.0,0.07,0.0,1.0,1.0,0.0,1.0,42317.0
49.0,5.0,0.0,0.0,0.0,0.0,104.0,1.0,1.0,0.04,0.07,0.0,255.0,4.0,0.02,0.09,0.0,1.0,1.0,0.0,1.0,109974.0
25.0,5.0,0.0,0.0,0.0,0.0,264.0,1.0,1.0,0.02,0.06,0.0,255.0,4.0,0.02,0.08,0.0,1.0,1.0,0.0,1.0,3905.0
39.0,5.0,0.0,0.0,0.0,0.0,298.0,1.0,1.0,0.03,0.05,0.0,255.0,9.0,0.04,0.05,0.0,1.0,1.0,0.0,1.0,77789.0
45.0,5.0,0.0,0.0,0.0,0.0,203.0,1.0,1.0,0.11,0.05,0.0,255.0,23.0,0.09,0.06,0.0,1.0,1.0,0.0,1.0,71612.0
62.0,5.0,0.0,0.0,0.0,0.0,231.0,1.0,1.0,0.03,0.06,0.0,255.0,6.0,0.02,0.07,0.0,1.0,1.0,0.0,1.0,78273.0
5.0,5.0,0.0,0.0,0.0,0.0,102.0,1.0,1.0,0.09,0.05,0.0,255.0,9.0,0.04,0.05,0.0,1.0,1.0,0.0,1.0,122995.0
45.0,1.0,0.0,0.0,0.0,0.0,31.0,0.0,0.0,0.03,1.0,0.0,149.0,1.0,0.01,0.3,0.0,0.0,0.0,1.0,1.0,79109.0
45.0,1.0,0.0,0.0,0.0,0.0,141.0,0.0,0.0,0.07,0.07,0.0,255.0,10.0,0.04,0.07,0.0,0.0,0.0,1.0,1.0,33913.0
10.0,5.0,0.0,0.0,0.0,0.0,297.0,1.0,1.0,0.08,0.04,0.0,255.0,24.0,0.09,0.05,0.0,1.0,1.0,0.0,1.0,90512.0
45.0,4.0,0.0,0.0,0.0,0.0,1.0,0.0,0.0,1.0,0.0,0.0,255.0,1.0,0.0,0.67,0.0,0.0,0.0,1.0,1.0,10474.0
14.0,9.0,1032.0,0.0,0.0,0.0,246.0,0.0,0.0,1.0,0.0,0.0,255.0,246.0,0.96,0.01,0.0,0.0,0.0,0.0,1.0,61994.0
45.0,9.0,1.0,0.0,0.0,0.0,29.0,0.0,0.0,0.14,0.1,0.0,255.0,4.0,0.02,0.65,0.0,0.05,0.0,0.0,1.0,44036.0
45.0,5.0,0.0,0.0,0.0,0.0,276.0,1.0,1.0,0.04,0.05,0.0,255.0,19.0,0.07,0.06,0.0,1.0,1.0,0.0,1.0,94848.0
45.0,9.0,28.0,0.0,3.0,0.0,54.0,0.0,0.0,1.0,0.0,0.0,255.0,54.0,0.21,0.01,0.0,0.0,0.0,0.0,1.0,107544.0
41.0,1.0,0.0,0.0,0.0,0.0,439.0,0.08,0.0,0.0,1.0,0.0,255.0,1.0,0.0,1.0,0.0,0.06,0.0,1.0,1.0,60464.0
62.0,1.0,0.0,0.0,0.0,0.0,229.0,0.0,0.0,0.07,0.07,0.0,255.0,15.0,0.06,0.07,0.0,0.0,0.0,1.0,1.0,25442.0
16.0,5.0,0.0,0.0,0.0,0.0,119.0,1.0,1.0,0.06,0.06,0.0,255.0,19.0,0.07,0.06,0.0,1.0,1.0,0.0,1.0,97445.0
45.0,5.0,0.0,0.0,0.0,0.0,289.0,1.0,1.0,0.01,0.06,0.0,255.0,11.0,0.04,0.09,0.0,1.0,1.0,0.0,1.0,86077.0
45.0,1.0,0.0,0.0,0.0,0.0,233.0,0.0,0.0,0.02,0.06,0.0,255.0,5.0,0.02,0.07,0.0,0.0,0.0,1.0,1.0,28260.0
55.0,5.0,0.0,0.0,0.0,0.0,4.0,1.0,1.0,1.0,0.0,0.0,166.0,86.0,0.52,0.01,0.0,0.99,0.98,0.0,1.0,94074.0
14.0,9.0,1032.0,0.0,0.0,0.0,511.0,0.0,0.0,1.0,0.0,0.0,255.0,98.0,0.38,0.02,0.0,0.04,0.0,0.0,1.0,82084.0
33.0,5.0,0.0,0.0,0.0,0.0,217.0,1.0,1.0,0.08,0.06,0.0,255.0,17.0,0.07,0.07,0.0,1.0,1.0,0.0,1.0,61119.0
23.0,5.0,0.0,0.0,0.0,0.0,146.0,1.0,1.0,0.12,0.05,0.0,255.0,17.0,0.07,0.06,0.0,1.0,1.0,0.0,1.0,103682.0
45.0,5.0,0.0,0.0,0.0,0.0,190.0,1.0,1.0,0.02,0.07,0.0,255.0,19.0,0.07,0.07,0.0,1.0,1.0,0.0,1.0,116119.0
14.0,9.0,1032.0,0.0,0.0,0.0,511.0,0.0,0.0,1.0,0.0,0.0,255.0,180.0,0.71,0.02,0.0,0.0,0.0,0.0,1.0,42442.0
45.0,9.0,28.0,0.0,3.0,0.0,12.0,0.0,0.0,1.0,0.0,0.0,255.0,79.0,0.31,0.01,0.0,0.0,0.0,0.0,1.0,55800.0
60.0,5.0,0.0,0.0,0.0,0.0,128.0,1.0,1.0,0.02,0.06,0.0,255.0,18.0,0.07,0.07,0.0,1.0,1.0,0.0,1.0,115923.0
48.0,5.0,0.0,0.0,0.0,0.0,19.0,1.0,1.0,0.42,0.16,0.0,255.0,8.0,0.03,0.07,0.0,1.0,1.0,0.0,1.0,66516.0
14.0,9.0,520.0,0.0,0.0,0.0,267.0,0.0,0.0,1.0,0.0,0.0,255.0,255.0,1.0,0.0,0.0,0.0,0.0,0.0,1.0,43816.0
13.0,9.0,18.0,0.0,0.0,0.0,1.0,0.0,0.0,1.0,0.0,0.0,1.0,125.0,1.0,0.0,0.26,0.0,0.0,0.0,1.0,2787.0
29.0,1.0,0.0,0.0,0.0,0.0,285.0,0.0,0.0,0.05,0.06,0.0,255.0,14.0,0.05,0.07,0.0,0.0,0.0,1.0,1.0,12793.0
17.0,5.0,0.0,0.0,0.0,0.0,37.0,1.0,1.0,0.27,0.11,0.0,255.0,62.0,0.24,0.02,0.0,1.0,1.0,0.0,1.0,55880.0
45.0,5.0,0.0,0.0,0.0,0.0,117.0,1.0,1.0,0.15,0.06,0.0,255.0,37.0,0.15,0.05,0.0,1.0,1.0,0.0,1.0,60087.0
41.0,4.0,1.0,0.0,0.0,0.0,2.0,0.0,0.0,1.0,0.0,0.0,255.0,2.0,0.01,0.74,0.0,0.0,0.0,1.0,1.0,83652.0
2.0,1.0,0.0,0.0,0.0,0.0,277.0,0.0,0.0,0.05,0.06,0.0,255.0,15.0,0.06,0.08,0.0,0.0,0.0,1.0,1.0,59511.0
3.0,1.0,0.0,0.0,0.0,0.0,228.0,0.0,0.0,0.07,0.06,0.0,255.0,15.0,0.06,0.07,0.0,0.0,0.0,1.0,1.0,70089.0
57.0,2.0,0.0,0.0,0.0,0.0,207.0,0.0,0.0,0.01,0.07,0.0,255.0,3.0,0.01,0.07,0.0,0.0,0.0,1.0,1.0,90677.0
18.0,5.0,0.0,0.0,0.0,0.0,290.0,1.0,1.0,0.01,0.06,0.0,255.0,3.0,0.01,0.06,0.0,1.0,1.0,0.0,1.0,70168.0
13.0,9.0,8.0,0.0,0.0,0.0,1.0,0.0,0.0,1.0,0.0,1.0,2.0,57.0,1.0,0.0,0.51,0.0,0.0,0.0,1.0,89433.0
14.0,9.0,1032.0,0.0,0.0,0.0,234.0,0.0,0.0,1.0,0.0,0.0,255.0,5.0,0.02,0.26,0.0,0.0,0.0,0.0,1.0,105739.0
18.0,5.0,0.0,0.0,0.0,0.0,276.0,1.0,1.0,0.03,0.06,0.0,255.0,8.0,0.03,0.07,0.0,1.0,1.0,0.0,1.0,41350.0
12.0,5.0,0.0,0.0,0.0,0.0,183.0,1.0,1.0,0.1,0.06,0.0,255.0,18.0,0.07,0.06,0.0,1.0,1.0,0.0,1.0,74803.0
38.0,5.0,0.0,0.0,0.0,0.0,118.0,1.0,1.0,0.05,0.06,0.0,255.0,15.0,0.06,0.07,0.0,1.0,1.0,0.0,1.0,94327.0
6.0,5.0,0.0,0.0,0.0,0.0,143.0,1.0,1.0,0.14,0.04,0.0,255.0,20.0,0.08,0.05,0.0,1.0,1.0,0.0,1.0,125439.0
13.0,9.0,8.0,0.0,0.0,0.0,1.0,0.0,0.0,1.0,0.0,1.0,3.0,171.0,1.0,0.0,0.25,0.0,0.0,0.0,1.0,69920.0
2.0,1.0,0.0,0.0,0.0,0.0,135.0,0.0,0.0,0.03,0.08,0.0,255.0,4.0,0.02,0.08,0.0,0.0,0.0,1.0,1.0,85759.0
13.0,9.0,8.0,0.0,0.0,0.0,1.0,0.0,0.0,1.0,0.0,1.0,2.0,129.0,1.0,0.0,0.5,0.0,0.0,0.0,1.0,829.0
45.0,5.0,0.0,0.0,0.0,0.0,204.0,1.0,1.0,0.01,0.06,0.0,255.0,7.0,0.03,0.08,0.0,1.0,1.0,0.0,1.0,115981.0
5.0,5.0,0.0,0.0,0.0,0.0,142.0,1.0,1.0,0.13,0.06,0.0,255.0,3.0,0.01,0.06,0.0,1.0,1.0,0.0,1.0,98609.0
33.0,1.0,0.0,0.0,0.0,0.0,100.0,0.0,0.0,0.02,0.08,0.0,255.0,2.0,0.01,0.08,0.0,0.0,0.0,1.0,1.0,72267.0
45.0,1.0,0.0,0.0,0.0,0.0,147.0,0.0,0.0,0.09,0.05,0.0,255.0,13.0,0.05,0.05,0.0,0.0,0.0,1.0,1.0,115690.0
14.0,9.0,1032.0,0.0,0.0,0.0,223.0,0.0,0.0,1.0,0.0,0.0,255.0,223.0,0.87,0.01,0.0,0.0,0.0,0.0,1.0,51371.0
13.0,9.0,8.0,0.0,0.0,0.0,1.0,0.0,0.0,1.0,0.0,1.0,1.0,255.0,1.0,0.0,0.5,0.0,0.0,0.0,1.0,118765.0
22.0,5.0,0.0,0.0,0.0,0.0,1.0,1.0,1.0,1.0,0.0,0.0,255.0,59.0,0.23,0.04,0.0,1.0,1.0,0.0,1.0,20503.0
14.0,9.0,1032.0,0.0,0.0,0.0,511.0,0.0,0.0,1.0,0.0,0.0,255.0,23.0,0.09,0.25,0.0,0.0,0.0,0.0,1.0,3060.0
45.0,5.0,0.0,0.0,0.0,0.0,256.0,1.0,1.0,0.02,0.06,0.0,255.0,14.0,0.05,0.07,0.0,1.0,1.0,0.0,1.0,89410.0
45.0,1.0,0.0,0.0,0.0,0.0,1.0,0.0,0.0,1.0,0.0,0.0,50.0,2.0,0.02,1.0,1.0,0.0,0.0,1.0,1.0,72076.0
18.0,5.0,0.0,0.0,0.0,0.0,234.0,1.0,1.0,0.03,0.06,0.0,255.0,8.0,0.03,0.07,0.0,1.0,1.0,0.0,1.0,78190.0
35.0,5.0,0.0,0.0,0.0,0.0,139.0,1.0,1.0,0.01,0.06,0.0,255.0,1.0,0.0,0.06,0.0,1.0,1.0,0.0,1.0,45791.0
51.0,5.0,0.0,0.0,0.0,0.0,149.0,1.0,1.0,0.13,0.05,0.0,255.0,10.0,0.04,0.07,0.0,1.0,1.0,0.0,1.0,76484.0
45.0,4.0,1.0,0.0,0.0,0.0,2.0,0.0,0.0,1.0,0.0,0.0,255.0,2.0,0.01,0.34,0.0,0.0,0.0,1.0,1.0,35956.0
22.0,5.0,0.0,0.0,0.0,0.0,231.0,1.0,0.15,0.01,0.07,0.1,255.0,3.0,0.01,0.07,0.0,1.0,1.0,0.0,1.0,94844.0
51.0,5.0,0.0,0.0,0.0,0.0,299.0,1.0,1.0,0.06,0.05,0.0,255.0,19.0,0.07,0.06,0.0,1.0,1.0,0.0,1.0,27252.0
14.0,9.0,1032.0,0.0,0.0,0.0,511.0,0.0,0.0,1.0,0.0,0.0,255.0,61.0,0.24,0.15,0.0,0.0,0.0,0.0,1.0,115511.0
45.0,4.0,0.0,0.0,0.0,0.0,1.0,0.0,0.0,1.0,0.0,0.0,222.0,1.0,0.0,0.56,0.0,0.0,0.0,1.0,1.0,61542.0
13.0,9.0,8.0,0.0,0.0,0.0,1.0,0.0,0.0,1.0,0.0,1.0,2.0,38.0,1.0,0.0,0.53,0.0,0.0,0.0,1.0,83926.0
3.0,5.0,0.0,0.0,0.0,0.0,272.0,1.0,1.0,0.04,0.06,0.0,255.0,11.0,0.04,0.07,0.0,1.0,1.0,0.0,1.0,86310.0
57.0,10.0,0.0,0.0,0.0,0.0,1.0,1.0,1.0,1.0,0.0,0.0,255.0,1.0,0.0,1.0,0.0,1.0,1.0,0.0,1.0,34765.0
45.0,5.0,0.0,0.0,0.0,0.0,129.0,1.0,1.0,0.13,0.05,0.0,255.0,3.0,0.01,0.07,0.0,1.0,1.0,0.0,1.0,109633.0
52.0,5.0,0.0,0.0,0.0,0.0,252.0,1.0,1.0,0.03,0.06,0.0,255.0,18.0,0.07,0.06,0.0,1.0,1.0,0.0,1.0,54605.0
20.0,5.0,0.0,0.0,0.0,0.0,243.0,1.0,1.0,0.02,0.07,0.0,255.0,6.0,0.02,0.08,0.0,1.0,1.0,0.0,1.0,118294.0
45.0,1.0,0.0,0.0,0.0,0.0,498.0,0.06,0.0,0.0,1.0,0.0,255.0,1.0,0.0,1.0,0.0,0.08,0.0,1.0,1.0,90347.0
14.0,9.0,1032.0,0.0,0.0,0.0,285.0,0.0,0.0,1.0,0.0,0.0,255.0,255.0,1.0,0.0,0.0,0.0,0.0,0.0,1.0,81514.0
45.0,5.0,0.0,0.0,0.0,0.0,247.0,1.0,1.0,0.07,0.06,0.0,255.0,2.0,0.01,0.08,0.0,1.0,1.0,0.0,1.0,36339.0
14.0,9.0,1032.0,0.0,0.0,0.0,469.0,0.0,0.0,1.0,0.0,0.0,255.0,255.0,1.0,0.0,0.0,0.0,0.0,0.0,1.0,36996.0
45.0,1.0,0.0,0.0,0.0,0.0,85.0,0.0,0.0,0.2,0.06,0.0,255.0,13.0,0.05,0.07,0.0,0.0,0.0,1.0,1.0,107860.0
22.0,5.0,0.0,0.0,0.0,0.0,50.0,1.0,1.0,0.34,0.08,0.0,255.0,64.0,0.25,0.02,0.0,1.0,1.0,0.0,1.0,67371.0
45.0,5.0,0.0,0.0,0.0,0.0,221.0,1.0,1.0,0.09,0.06,0.0,255.0,17.0,0.07,0.06,0.0,1.0,1.0,0.0,1.0,22100.0
41.0,4.0,1.0,0.0,0.0,0.0,2.0,0.0,0.0,1.0,0.0,0.0,255.0,2.0,0.01,0.74,0.0,0.0,0.0,1.0,1.0,10606.0
45.0,5.0,0.0,0.0,0.0,0.0,175.0,1.0,1.0,0.06,0.06,0.0,255.0,19.0,0.07,0.07,0.0,1.0,1.0,0.0,1.0,82371.0
55.0,5.0,0.0,0.0,0.0,0.0,102.0,1.0,1.0,0.02,0.07,0.0,255.0,2.0,0.01,0.06,0.0,1.0,1.0,0.0,1.0,29310.0
16.0,5.0,0.0,0.0,0.0,0.0,95.0,1.0,1.0,0.02,0.06,0.0,255.0,2.0,0.01,0.06,0.0,1.0,1.0,0.0,1.0,41729.0
45.0,1.0,0.0,0.0,0.0,0.0,32.0,0.0,0.0,0.03,0.53,0.0,202.0,1.0,0.0,0.1,0.0,0.01,0.0,1.0,1.0,86787.0
49.0,5.0,0.0,0.0,0.0,0.0,235.0,1.0,1.0,0.0,0.07,0.0,255.0,1.0,0.0,0.07,0.0,1.0,1.0,0.0,1.0,79378.0
8.0,5.0,0.0,0.0,0.0,0.0,227.0,1.0,1.0,0.0,0.07,0.0,255.0,2.0,0.01,0.08,0.0,1.0,1.0,0.0,1.0,43066.0
45.0,1.0,0.0,0.0,0.0,0.0,2.0,0.0,0.0,0.5,1.0,0.0,255.0,1.0,0.0,0.57,0.0,0.0,0.0,1.0,1.0,66057.0
45.0,5.0,0.0,0.0,0.0,0.0,221.0,1.0,1.0,0.0,0.06,0.0,255.0,20.0,0.08,0.07,0.0,1.0,1.0,0.0,1.0,10285.0
62.0,5.0,0.0,0.0,0.0,0.0,205.0,1.0,1.0,0.01,0.07,0.0,255.0,2.0,0.01,0.08,0.0,1.0,1.0,0.0,1.0,63957.0
45.0,5.0,0.0,0.0,0.0,0.0,200.0,1.0,1.0,0.04,0.06,0.0,239.0,7.0,0.03,0.07,0.0,0.94,1.0,0.0,1.0,122659.0
22.0,1.0,0.0,0.0,0.0,0.0,227.0,0.0,0.0,0.06,0.07,0.0,255.0,13.0,0.05,0.07,0.0,0.0,0.0,1.0,1.0,124788.0
32.0,5.0,0.0,0.0,0.0,0.0,203.0,1.0,1.0,0.04,0.06,0.0,255.0,8.0,0.03,0.07,0.0,1.0,1.0,0.0,1.0,124906.0
27.0,5.0,0.0,0.0,0.0,0.0,15.0,1.0,1.0,0.67,0.13,0.0,255.0,15.0,0.06,0.07,0.0,1.0,1.0,0.0,1.0,56740.0
14.0,9.0,1032.0,0.0,0.0,0.0,511.0,0.0,0.0,1.0,0.0,0.0,199.0,54.0,0.27,0.02,0.0,0.0,0.0,0.0,1.0,59220.0
2.0,1.0,0.0,0.0,0.0,0.0,228.0,0.0,0.0,0.05,0.07,0.0,255.0,12.0,0.05,0.07,0.0,0.0,0.0,1.0,1.0,115907.0
60.0,2.0,0.0,0.0,0.0,0.0,128.0,0.0,0.0,0.06,0.06,0.0,255.0,8.0,0.03,0.07,0.0,0.0,0.0,1.0,1.0,3651.0
29.0,1.0,0.0,0.0,0.0,0.0,141.0,0.0,0.0,0.13,0.06,0.0,255.0,19.0,0.07,0.06,0.0,0.0,0.0,1.0,1.0,85538.0
62.0,5.0,0.0,0.0,0.0,0.0,298.0,1.0,1.0,0.06,0.05,0.0,255.0,1.0,0.0,0.07,0.0,1.0,1.0,0.0,1.0,36154.0
62.0,5.0,0.0,0.0,0.0,0.0,123.0,1.0,1.0,0.1,0.06,0.0,255.0,12.0,0.05,0.05,0.0,1.0,1.0,0.0,1.0,99404.0
62.0,5.0,0.0,0.0,0.0,0.0,265.0,1.0,1.0,0.05,0.05,0.0,255.0,6.0,0.02,0.05,0.0,1.0,1.0,0.0,1.0,120396.0
45.0,5.0,0.0,0.0,0.0,0.0,121.0,1.0,1.0,0.06,0.07,0.0,255.0,7.0,0.03,0.07,0.0,1.0,1.0,0.0,1.0,9116.0
17.0,2.0,0.0,0.0,0.0,0.0,274.0,0.0,0.0,0.03,0.06,0.0,255.0,7.0,0.03,0.07,0.0,0.0,0.0,1.0,1.0,119943.0
45.0,5.0,0.0,0.0,0.0,0.0,90.0,1.0,1.0,0.09,0.07,0.0,255.0,20.0,0.08,0.06,0.0,1.0,1.0,0.0,1.0,47856.0
45.0,5.0,0.0,0.0,0.0,0.0,148.0,1.0,1.0,0.05,0.05,0.0,255.0,10.0,0.04,0.06,0.0,1.0,1.0,0.0,1.0,80964.0
45.0,5.0,0.0,0.0,0.0,0.0,131.0,1.0,1.0,0.03,0.06,0.0,255.0,16.0,0.06,0.08,0.0,1.0,1.0,0.0,1.0,32970.0
45.0,5.0,0.0,0.0,0.0,0.0,178.0,1.0,1.0,0.14,0.06,0.0,255.0,25.0,0.1,0.05,0.0,1.0,1.0,0.0,1.0,78294.0
37.0,5.0,0.0,0.0,0.0,0.0,137.0,1.0,1.0,0.06,0.06,0.0,255.0,14.0,0.05,0.07,0.0,1.0,1.0,0.0,1.0,49067.0
3.0,1.0,0.0,0.0,0.0,0.0,158.0,0.0,0.0,0.09,0.06,0.0,255.0,14.0,0.05,0.07,0.0,0.0,0.0,1.0,1.0,19102.0
36.0,5.0,0.0,0.0,0.0,0.0,209.0,1.0,1.0,0.05,0.06,0.0,255.0,11.0,0.04,0.07,0.0,1.0,1.0,0.0,1.0,75097.0
13.0,9.0,18.0,0.0,0.0,0.0,1.0,0.0,0.0,1.0,0.0,0.0,1.0,77.0,1.0,0.0,0.26,0.0,0.0,0.0,1.0,47852.0
45.0,5.0,0.0,0.0,0.0,0.0,89.0,1.0,1.0,0.01,0.07,0.0,255.0,18.0,0.07,0.07,0.0,1.0,1.0,0.0,1.0,88548.0
45.0,5.0,0.0,0.0,0.0,0.0,20.0,1.0,1.0,0.05,0.25,0.0,255.0,1.0,0.0,0.08,0.0,1.0,1.0,0.0,1.0,18123.0
45.0,5.0,0.0,0.0,0.0,0.0,220.0,1.0,1.0,0.02,0.07,0.0,255.0,5.0,0.02,0.09,0.0,1.0,1.0,0.0,1.0,111672.0
60.0,5.0,0.0,0.0,0.0,0.0,147.0,1.0,1.0,0.13,0.06,0.0,255.0,19.0,0.07,0.07,0.0,1.0,1.0,0.0,1.0,104769.0
53.0,5.0,0.0,0.0,0.0,0.0,290.0,1.0,1.0,0.02,0.05,0.0,255.0,5.0,0.02,0.05,0.0,1.0,1.0,0.0,1.0,38583.0
6.0,5.0,0.0,0.0,0.0,0.0,193.0,1.0,1.0,0.02,0.07,0.0,255.0,3.0,0.01,0.08,0.0,1.0,1.0,0.0,1.0,88151.0
45.0,10.0,0.0,0.0,0.0,0.0,1.0,1.0,1.0,1.0,0.0,0.0,22.0,2.0,0.09,0.73,0.0,0.64,1.0,0.0,1.0,7524.0
60.0,5.0,0.0,0.0,0.0,0.0,116.0,1.0,1.0,0.09,0.07,0.0,255.0,10.0,0.04,0.07,0.0,1.0,1.0,0.0,1.0,65815.0
63.0,5.0,0.0,0.0,0.0,0.0,85.0,1.0,1.0,0.01,0.07,0.0,255.0,1.0,0.0,0.06,0.0,1.0,1.0,0.0,1.0,102001.0
13.0,9.0,8.0,0.0,0.0,0.0,1.0,0.0,0.0,1.0,0.0,1.0,3.0,147.0,1.0,0.0,0.25,0.0,0.0,0.0,1.0,70878.0
13.0,9.0,8.0,0.0,0.0,0.0,1.0,0.0,0.0,1.0,0.0,1.0,2.0,255.0,1.0,0.0,0.5,0.0,0.0,0.0,1.0,44003.0
16.0,5.0,0.0,0.0,0.0,0.0,141.0,1.0,1.0,0.12,0.05,0.0,255.0,17.0,0.07,0.05,0.0,1.0,1.0,0.0,1.0,44702.0
18.0,5.0,0.0,0.0,0.0,0.0,136.0,1.0,1.0,0.06,0.06,0.0,255.0,2.0,0.01,0.07,0.0,1.0,1.0,0.0,1.0,107509.0
45.0,5.0,0.0,0.0,0.0,0.0,184.0,1.0,1.0,0.03,0.07,0.0,255.0,5.0,0.02,0.06,0.0,1.0,1.0,0.0,1.0,35326.0
14.0,9.0,1032.0,0.0,0.0,0.0,511.0,0.0,0.0,1.0,0.0,0.0,255.0,123.0,0.48,0.02,0.0,0.02,0.0,0.0,1.0,92165.0
45.0,5.0,0.0,0.0,0.0,0.0,278.0,1.0,1.0,0.0,0.06,0.0,255.0,15.0,0.06,0.07,0.0,1.0,1.0,0.0,1.0,22785.0
8.0,5.0,0.0,0.0,0.0,0.0,136.0,1.0,1.0,0.15,0.05,0.0,255.0,9.0,0.04,0.07,0.0,1.0,1.0,0.0,1.0,64643.0
45.0,5.0,0.0,0.0,0.0,0.0,113.0,1.0,1.0,0.13,0.06,0.0,255.0,35.0,0.14,0.05,0.0,1.0,1.0,0.0,1.0,64786.0
61.0,5.0,0.0,0.0,0.0,0.0,260.0,1.0,1.0,0.08,0.06,0.0,255.0,20.0,0.08,0.07,0.0,1.0,1.0,0.0,1.0,47829.0
16.0,2.0,0.0,0.0,0.0,0.0,120.0,0.0,0.0,0.05,0.06,0.0,255.0,6.0,0.02,0.07,0.0,0.0,0.0,1.0,1.0,4161.0
45.0,5.0,0.0,0.0,0.0,0.0,163.0,1.0,1.0,0.08,0.07,0.0,255.0,3.0,0.01,0.08,0.0,1.0,1.0,0.0,1.0,22095.0
45.0,9.0,1.0,0.0,0.0,0.0,70.0,0.0,0.0,0.21,0.06,0.0,255.0,37.0,0.15,0.23,0.0,0.0,0.0,0.0,1.0,35715.0
45.0,5.0,0.0,0.0,0.0,0.0,135.0,1.0,1.0,0.14,0.06,0.0,255.0,19.0,0.07,0.08,0.0,1.0,1.0,0.0,1.0,63294.0
45.0,5.0,0.0,0.0,0.0,0.0,223.0,1.0,1.0,0.06,0.06,0.0,255.0,12.0,0.05,0.08,0.0,1.0,1.0,0.0,1.0,24733.0
13.0,9.0,8.0,0.0,0.0,0.0,1.0,0.0,0.0,1.0,0.0,1.0,1.0,201.0,1.0,0.0,0.5,0.0,0.0,0.0,1.0,30005.0
53.0,5.0,0.0,0.0,0.0,0.0,115.0,1.0,1.0,0.08,0.07,0.0,255.0,9.0,0.04,0.07,0.0,1.0,1.0,0.0,1.0,30868.0
45.0,5.0,0.0,0.0,0.0,0.0,134.0,1.0,1.0,0.13,0.07,0.0,255.0,19.0,0.07,0.07,0.0,1.0,1.0,0.0,1.0,38935.0
45.0,5.0,0.0,0.0,0.0,0.0,132.0,1.0,1.0,0.05,0.06,0.0,255.0,7.0,0.03,0.06,0.0,1.0,1.0,0.0,1.0,448.0
10.0,5.0,0.0,0.0,0.0,0.0,285.0,1.0,1.0,0.05,0.06,0.0,255.0,8.0,0.03,0.09,0.0,1.0,1.0,0.0,1.0,89534.0
9.0,2.0,0.0,0.0,0.0,0.0,256.0,0.0,0.0,0.07,0.07,0.0,255.0,19.0,0.07,0.08,0.0,0.0,0.0,1.0,1.0,69425.0
45.0,1.0,0.0,0.0,0.0,0.0,254.0,0.0,0.0,0.04,0.07,0.0,255.0,11.0,0.04,0.07,0.0,0.0,0.0,1.0,1.0,6069.0
45.0,1.0,0.0,0.0,0.0,0.0,338.0,0.03,0.0,0.0,1.0,0.0,255.0,1.0,0.0,1.0,0.0,0.03,0.0,1.0,1.0,58643.0
45.0,9.0,1.0,0.0,0.0,0.0,11.0,0.0,0.0,0.27,0.36,0.0,255.0,3.0,0.01,0.22,0.0,0.0,0.0,0.0,1.0,116645.0
45.0,5.0,0.0,0.0,0.0,0.0,254.0,1.0,1.0,0.02,0.06,0.0,255.0,1.0,0.0,0.07,0.0,1.0,1.0,0.0,1.0,55583.0
45.0,5.0,0.0,0.0,0.0,0.0,132.0,1.0,1.0,0.03,0.06,0.0,255.0,11.0,0.04,0.06,0.0,1.0,1.0,0.0,1.0,7706.0
7.0,5.0,0.0,0.0,0.0,0.0,274.0,1.0,1.0,0.04,0.06,0.0,255.0,11.0,0.04,0.08,0.0,1.0,1.0,0.0,1.0,6038.0
14.0,9.0,1032.0,0.0,0.0,0.0,511.0,0.0,0.0,1.0,0.0,0.0,154.0,9.0,0.06,0.02,0.0,0.0,0.0,0.0,1.0,122906.0
3.0,5.0,0.0,0.0,0.0,0.0,275.0,1.0,1.0,0.03,0.06,0.0,255.0,9.0,0.04,0.08,0.0,1.0,1.0,0.0,1.0,7155.0
5.0,5.0,0.0,0.0,0.0,0.0,110.0,1.0,1.0,0.04,0.06,0.0,255.0,4.0,0.02,0.07,0.0,1.0,1.0,0.0,1.0,45638.0
49.0,5.0,0.0,0.0,0.0,0.0,11.0,1.0,1.0,1.0,0.0,0.0,193.0,144.0,0.47,0.01,0.01,0.99,0.63,0.0,1.0,64313.0
53.0,5.0,0.0,0.0,0.0,0.0,128.0,1.0,1.0,0.02,0.08,0.0,255.0,2.0,0.01,0.07,0.0,1.0,1.0,0.0,1.0,101096.0
15.0,5.0,0.0,0.0,0.0,0.0,97.0,1.0,1.0,0.07,0.06,0.0,255.0,7.0,0.03,0.06,0.0,1.0,1.0,0.0,1.0,90353.0
15.0,5.0,0.0,0.0,0.0,0.0,29.0,1.0,1.0,0.31,0.1,0.0,255.0,9.0,0.04,0.07,0.0,1.0,1.0,0.0,1.0,44590.0
3.0,5.0,0.0,0.0,0.0,0.0,241.0,1.0,1.0,0.1,0.05,0.0,255.0,24.0,0.09,0.05,0.0,1.0,1.0,0.0,1.0,41096.0
35.0,5.0,0.0,0.0,0.0,0.0,239.0,1.0,1.0,0.03,0.07,0.0,255.0,7.0,0.03,0.08,0.0,1.0,1.0,0.0,1.0,20558.0
45.0,1.0,0.0,0.0,0.0,0.0,238.0,0.04,0.0,0.0,1.0,0.0,255.0,1.0,0.0,0.95,0.0,0.04,0.0,1.0,1.0,115656.0
53.0,1.0,0.0,0.0,0.0,0.0,230.0,0.0,0.0,0.0,0.07,0.0,255.0,1.0,0.0,0.08,0.0,0.0,0.0,1.0,1.0,81100.0
45.0,5.0,0.0,0.0,0.0,0.0,137.0,1.0,1.0,0.04,0.06,0.0,255.0,17.0,0.07,0.06,0.0,1.0,1.0,0.0,1.0,27265.0
45.0,5.0,0.0,0.0,0.0,0.0,138.0,1.0,1.0,0.1,0.06,0.0,255.0,8.0,0.03,0.06,0.0,1.0,1.0,0.0,1.0,50419.0
8.0,2.0,0.0,0.0,0.0,0.0,206.0,0.0,0.0,0.0,0.07,0.0,255.0,1.0,0.0,0.08,0.0,0.0,0.0,1.0,1.0,43535.0
45.0,9.0,28.0,0.0,3.0,0.0,7.0,0.0,0.0,1.0,0.0,0.0,255.0,107.0,0.42,0.58,0.0,0.09,0.0,0.0,1.0,123208.0
45.0,4.0,0.0,0.0,0.0,0.0,1.0,0.0,0.0,1.0,0.0,0.0,213.0,1.0,0.0,0.54,0.0,0.0,0.0,1.0,1.0,29839.0
57.0,5.0,0.0,0.0,0.0,0.0,289.0,1.0,1.0,0.07,0.05,0.0,255.0,21.0,0.08,0.05,0.0,1.0,1.0,0.0,1.0,94269.0
54.0,5.0,0.0,0.0,0.0,0.0,267.0,1.0,1.0,0.01,0.06,0.0,255.0,4.0,0.02,0.08,0.0,1.0,1.0,0.0,1.0,112511.0
4.0,5.0,0.0,0.0,0.0,0.0,257.0,1.0,1.0,0.04,0.05,0.0,255.0,10.0,0.04,0.05,0.0,1.0,1.0,0.0,1.0,120210.0
45.0,4.0,1.0,0.0,0.0,0.0,2.0,0.0,0.0,1.0,0.0,0.0,255.0,2.0,0.01,0.81,0.0,0.0,0.0,1.0,1.0,80336.0
25.0,5.0,0.0,0.0,0.0,0.0,254.0,1.0,1.0,0.01,0.06,0.0,255.0,7.0,0.03,0.06,0.0,1.0,1.0,0.0,1.0,118005.0
45.0,1.0,0.0,0.0,0.0,0.0,159.0,0.0,0.0,0.02,0.08,0.0,255.0,3.0,0.01,0.08,0.0,0.0,0.0,1.0,1.0,7557.0
41.0,1.0,0.0,0.0,0.0,0.0,510.0,0.19,0.0,0.0,1.0,0.0,255.0,1.0,0.0,1.0,0.0,0.16,0.0,1.0,1.0,90749.0
45.0,5.0,0.0,0.0,0.0,0.0,283.0,1.0,1.0,0.03,0.06,0.0,255.0,9.0,0.04,0.06,0.0,1.0,1.0,0.0,1.0,12653.0
45.0,4.0,0.0,0.0,0.0,0.0,1.0,0.0,0.0,1.0,0.0,0.0,144.0,1.0,0.01,0.33,0.0,0.0,0.0,1.0,1.0,93616.0
45.0,5.0,0.0,0.0,0.0,0.0,38.0,1.0,1.0,0.08,0.16,0.0,255.0,19.0,0.07,0.09,0.0,1.0,1.0,0.0,1.0,107476.0
14.0,9.0,1032.0,0.0,0.0,0.0,511.0,0.0,0.0,1.0,0.0,0.0,255.0,237.0,0.93,0.04,0.0,0.0,0.0,0.0,1.0,31325.0
17.0,5.0,0.0,0.0,0.0,0.0,30.0,1.0,1.0,0.33,0.13,0.0,255.0,50.0,0.2,0.04,0.0,1.0,1.0,0.0,1.0,109965.0
36.0,5.0,0.0,0.0,0.0,0.0,209.0,1.0,1.0,0.02,0.07,0.0,255.0,20.0,0.08,0.06,0.0,1.0,1.0,0.0,1.0,100572.0
14.0,9.0,18.0,0.0,0.0,0.0,1.0,0.0,0.0,1.0,0.0,0.0,3.0,3.0,1.0,0.0,0.0,0.0,0.0,0.0,1.0,69870.0
45.0,5.0,0.0,0.0,0.0,0.0,176.0,1.0,1.0,0.09,0.06,0.0,255.0,16.0,0.06,0.06,0.0,1.0,1.0,0.0,1.0,10731.0
22.0,5.0,0.0,0.0,0.0,0.0,212.0,1.0,1.0,0.06,0.06,0.0,255.0,18.0,0.07,0.08,0.0,1.0,1.0,0.0,1.0,77012.0
17.0,5.0,0.0,0.0,0.0,0.0,300.0,1.0,1.0,0.05,0.05,0.0,255.0,16.0,0.06,0.05,0.0,1.0,1.0,0.0,1.0,119399.0
23.0,1.0,0.0,0.0,0.0,0.0,149.0,0.0,0.0,0.13,0.05,0.0,255.0,19.0,0.07,0.07,0.0,0.0,0.0,1.0,1.0,57275.0
45.0,4.0,1.0,0.0,0.0,0.0,2.0,0.0,0.0,1.0,0.0,0.0,246.0,2.0,0.01,0.26,0.0,0.0,0.0,1.0,1.0,18593.0
30.0,1.0,0.0,0.0,0.0,0.0,285.0,0.0,0.0,0.05,0.06,0.0,255.0,15.0,0.06,0.07,0.0,0.0,0.0,1.0,1.0,91944.0
63.0,5.0,0.0,0.0,0.0,0.0,294.0,1.0,1.0,0.06,0.06,0.0,255.0,19.0,0.07,0.07,0.0,1.0,1.0,0.0,1.0,107658.0
2.0,5.0,0.0,0.0,0.0,0.0,120.0,1.0,1.0,0.13,0.06,0.0,255.0,16.0,0.06,0.07,0.0,1.0,1.0,0.0,1.0,106583.0
45.0,5.0,0.0,0.0,0.0,0.0,181.0,1.0,1.0,0.08,0.07,0.0,255.0,12.0,0.05,0.07,0.0,1.0,1.0,0.0,1.0,1385.0
15.0,5.0,0.0,0.0,0.0,0.0,86.0,1.0,1.0,0.01,0.07,0.0,255.0,1.0,0.0,0.06,0.0,1.0,1.0,0.0,1.0,24131.0
13.0,9.0,8.0,0.0,0.0,0.0,1.0,0.0,0.0,1.0,0.0,1.0,2.0,255.0,1.0,0.0,0.5,0.0,0.0,0.0,1.0,58375.0
45.0,5.0,0.0,0.0,0.0,0.0,64.0,1.0,1.0,0.2,0.09,0.0,255.0,22.0,0.09,0.07,0.0,1.0,1.0,0.0,1.0,60740.0
35.0,5.0,0.0,0.0,0.0,0.0,192.0,1.0,1.0,0.03,0.07,0.0,255.0,5.0,0.02,0.07,0.0,1.0,1.0,0.0,1.0,124715.0
14.0,9.0,1032.0,0.0,0.0,0.0,460.0,0.0,0.0,1.0,0.0,0.0,255.0,255.0,1.0,0.0,0.0,0.0,0.0,0.0,1.0,79081.0
13.0,9.0,8.0,0.0,0.0,0.0,1.0,0.0,0.0,1.0,0.0,0.0,1.0,131.0,1.0,0.0,0.5,0.0,0.0,0.0,1.0,3177.0
55.0,2.0,1.0,15.0,0.0,0.0,3.0,0.0,0.0,0.33,0.67,0.0,244.0,1.0,0.0,0.03,0.0,0.0,0.0,1.0,1.0,63527.0
45.0,5.0,0.0,0.0,0.0,0.0,246.0,1.0,1.0,0.02,0.06,0.0,255.0,1.0,0.0,0.06,0.0,1.0,1.0,0.0,1.0,75214.0
45.0,5.0,0.0,0.0,0.0,0.0,248.0,1.0,1.0,0.03,0.06,0.0,255.0,19.0,0.07,0.07,0.0,1.0,1.0,0.0,1.0,19787.0
19.0,5.0,0.0,0.0,0.0,0.0,284.0,1.0,1.0,0.07,0.06,0.0,255.0,18.0,0.07,0.06,0.0,1.0,1.0,0.0,1.0,23278.0
45.0,1.0,0.0,0.0,0.0,0.0,1.0,0.0,0.0,1.0,0.0,0.0,63.0,1.0,0.02,1.0,0.0,0.0,0.0,1.0,1.0,102076.0
27.0,5.0,0.0,0.0,0.0,0.0,140.0,1.0,1.0,0.03,0.05,0.0,255.0,4.0,0.02,0.05,0.0,1.0,1.0,0.0,1.0,20178.0
45.0,5.0,0.0,0.0,0.0,0.0,266.0,1.0,1.0,0.05,0.06,0.0,255.0,13.0,0.05,0.08,0.0,1.0,1.0,0.0,1.0,4119.0
38.0,5.0,0.0,0.0,0.0,0.0,136.0,1.0,1.0,0.1,0.07,0.0,255.0,14.0,0.05,0.07,0.0,1.0,1.0,0.0,1.0,109999.0
45.0,5.0,0.0,0.0,0.0,0.0,250.0,1.0,1.0,0.04,0.06,0.0,255.0,20.0,0.08,0.06,0.0,1.0,1.0,0.0,1.0,51242.0
53.0,1.0,0.0,0.0,0.0,0.0,241.0,0.0,0.0,0.02,0.07,0.0,255.0,4.0,0.02,0.07,0.0,0.0,0.0,1.0,1.0,103799.0
45.0,1.0,0.0,0.0,0.0,0.0,2.0,0.0,0.0,0.5,1.0,0.0,255.0,1.0,0.0,1.0,0.0,0.0,0.0,1.0,1.0,92088.0
45.0,5.0,0.0,0.0,0.0,0.0,108.0,1.0,1.0,0.07,0.06,0.0,255.0,3.0,0.01,0.09,0.0,1.0,1.0,0.0,1.0,28667.0
45.0,4.0,0.0,0.0,0.0,0.0,1.0,0.0,0.0,1.0,0.0,0.0,117.0,1.0,0.01,0.2,0.0,0.0,0.0,1.0,1.0,37460.0
45.0,5.0,0.0,0.0,0.0,0.0,199.0,1.0,1.0,0.09,0.06,0.0,255.0,18.0,0.07,0.07,0.0,1.0,1.0,0.0,1.0,120912.0
20.0,5.0,0.0,0.0,0.0,0.0,245.0,1.0,1.0,0.08,0.07,0.0,255.0,19.0,0.07,0.08,0.0,1.0,1.0,0.0,1.0,78425.0
13.0,9.0,8.0,0.0,0.0,0.0,1.0,0.0,0.0,1.0,0.0,1.0,2.0,38.0,1.0,0.0,0.5,0.0,0.0,0.0,1.0,120135.0
12.0,5.0,0.0,0.0,0.0,0.0,277.0,1.0,1.0,0.08,0.05,0.0,255.0,22.0,0.09,0.05,0.0,1.0,1.0,0.0,1.0,31228.0
45.0,5.0,0.0,0.0,0.0,0.0,11.0,1.0,1.0,0.45,0.27,0.0,255.0,8.0,0.03,0.07,0.0,1.0,1.0,0.0,1.0,86338.0
55.0,5.0,0.0,0.0,0.0,0.0,264.0,1.0,1.0,0.06,0.06,0.0,255.0,2.0,0.01,0.07,0.0,1.0,1.0,0.0,1.0,93322.0
54.0,5.0,0.0,0.0,0.0,0.0,243.0,1.0,1.0,0.08,0.06,0.0,255.0,19.0,0.07,0.06,0.0,1.0,1.0,0.0,1.0,90028.0
45.0,5.0,0.0,0.0,0.0,0.0,258.0,1.0,1.0,0.03,0.06,0.0,255.0,10.0,0.04,0.09,0.0,1.0,1.0,0.0,1.0,21236.0
45.0,1.0,0.0,0.0,0.0,0.0,309.0,0.0,0.0,0.0,0.5,0.0,255.0,1.0,0.0,0.51,0.0,0.0,0.0,1.0,1.0,87829.0
33.0,5.0,0.0,0.0,0.0,0.0,194.0,1.0,1.0,0.04,0.06,0.0,255.0,7.0,0.03,0.06,0.0,1.0,1.0,0.0,1.0,71733.0
45.0,5.0,0.0,0.0,0.0,0.0,190.0,1.0,1.0,0.01,0.06,0.0,255.0,20.0,0.08,0.08,0.0,1.0,1.0,0.0,1.0,114282.0
39.0,5.0,0.0,0.0,0.0,0.0,96.0,1.0,1.0,0.07,0.06,0.0,255.0,7.0,0.03,0.06,0.0,1.0,1.0,0.0,1.0,107289.0
53.0,5.0,0.0,0.0,0.0,0.0,229.0,1.0,1.0,0.05,0.07,0.0,255.0,12.0,0.05,0.08,0.0,1.0,1.0,0.0,1.0,103173.0
45.0,9.0,1.0,0.0,0.0,0.0,20.0,0.0,0.0,0.3,0.25,0.0,255.0,44.0,0.17,0.46,0.0,0.0,0.0,0.0,1.0,88298.0
38.0,5.0,0.0,0.0,0.0,0.0,104.0,1.0,1.0,0.13,0.06,0.0,255.0,19.0,0.07,0.07,0.0,1.0,1.0,0.0,1.0,78141.0
45.0,1.0,0.0,0.0,0.0,0.0,219.0,0.0,0.0,0.08,0.07,0.0,255.0,17.0,0.07,0.08,0.0,0.0,0.0,1.0,1.0,100719.0
45.0,5.0,0.0,0.0,0.0,0.0,262.0,1.0,1.0,0.03,0.05,0.0,220.0,7.0,0.03,0.06,0.0,0.99,1.0,0.0,1.0,95341.0
14.0,9.0,1032.0,0.0,0.0,0.0,511.0,0.0,0.0,1.0,0.0,0.0,140.0,46.0,0.33,0.05,0.0,0.01,0.0,0.0,1.0,27105.0
5.0,5.0,0.0,0.0,0.0,0.0,130.0,1.0,1.0,0.02,0.07,0.0,255.0,3.0,0.01,0.06,0.0,1.0,1.0,0.0,1.0,99642.0
18.0,5.0,0.0,0.0,0.0,0.0,281.0,1.0,1.0,0.07,0.05,0.0,255.0,19.0,0.07,0.05,0.0,1.0,1.0,0.0,1.0,5870.0
22.0,5.0,0.0,0.0,0.0,0.0,8.0,1.0,1.0,0.62,0.38,0.0,255.0,56.0,0.22,0.02,0.0,1.0,1.0,0.0,1.0,16979.0
13.0,9.0,8.0,0.0,0.0,0.0,1.0,0.0,0.0,1.0,0.0,1.0,2.0,46.0,1.0,0.0,0.5,0.0,0.0,0.0,1.0,22287.0
57.0,5.0,0.0,0.0,0.0,0.0,172.0,0.68,1.0,0.01,0.4,0.0,255.0,1.0,0.0,0.27,0.0,0.46,1.0,0.0,1.0,38200.0
45.0,1.0,0.0,0.0,0.0,0.0,138.0,0.0,0.0,0.1,0.06,0.0,255.0,14.0,0.05,0.07,0.0,0.0,0.0,1.0,1.0,35697.0
45.0,9.0,28.0,0.0,3.0,0.0,8.0,0.0,0.0,1.0,0.0,0.0,255.0,8.0,0.03,0.02,0.0,0.0,0.0,0.0,1.0,35933.0
2.0,5.0,0.0,0.0,0.0,0.0,246.0,1.0,1.0,0.02,0.07,0.0,255.0,5.0,0.02,0.07,0.0,1.0,1.0,0.0,1.0,118184.0
38.0,1.0,0.0,0.0,0.0,0.0,101.0,0.0,0.0,0.01,0.06,0.0,255.0,1.0,0.0,0.05,0.0,0.0,0.0,1.0,1.0,78449.0
45.0,5.0,0.0,0.0,0.0,0.0,100.0,1.0,1.0,0.12,0.05,0.0,255.0,12.0,0.05,0.04,0.0,1.0,1.0,0.0,1.0,86522.0
19.0,5.0,0.0,0.0,0.0,0.0,270.0,1.0,1.0,0.09,0.05,0.0,255.0,24.0,0.09,0.05,0.0,1.0,1.0,0.0,1.0,34621.0
45.0,5.0,0.0,0.0,0.0,0.0,147.0,1.0,1.0,0.13,0.06,0.0,94.0,19.0,0.2,0.09,0.0,1.0,1.0,0.0,1.0,93412.0
26.0,5.0,0.0,0.0,0.0,0.0,36.0,1.0,1.0,0.22,0.14,0.0,255.0,8.0,0.03,0.08,0.0,1.0,1.0,0.0,1.0,85123.0
45.0,5.0,0.0,0.0,0.0,0.0,240.0,1.0,1.0,0.08,0.05,0.0,101.0,20.0,0.2,0.1,0.0,0.86,1.0,0.0,1.0,90742.0
60.0,5.0,0.0,0.0,0.0,0.0,132.0,1.0,1.0,0.06,0.05,0.0,255.0,8.0,0.03,0.05,0.0,1.0,1.0,0.0,1.0,386.0
45.0,5.0,0.0,0.0,0.0,0.0,117.0,1.0,1.0,0.1,0.06,0.0,255.0,12.0,0.05,0.08,0.0,1.0,1.0,0.0,1.0,65896.0
45.0,5.0,0.0,0.0,0.0,0.0,262.0,1.0,1.0,0.01,0.07,0.0,255.0,2.0,0.01,0.09,0.0,1.0,1.0,0.0,1.0,105681.0
45.0,5.0,0.0,0.0,0.0,0.0,115.0,1.0,1.0,0.04,0.06,0.0,255.0,14.0,0.05,0.07,0.0,1.0,1.0,0.0,1.0,35486.0
22.0,5.0,0.0,0.0,0.0,0.0,2.0,1.0,1.0,0.5,1.0,0.0,255.0,61.0,0.24,0.02,0.0,1.0,1.0,0.0,1.0,116454.0
45.0,5.0,0.0,0.0,0.0,0.0,108.0,1.0,1.0,0.15,0.05,0.0,255.0,13.0,0.05,0.05,0.0,1.0,1.0,0.0,1.0,99151.0
7.0,5.0,0.0,0.0,0.0,0.0,296.0,1.0,1.0,0.01,0.05,0.0,255.0,4.0,0.02,0.05,0.0,1.0,1.0,0.0,1.0,89966.0
49.0,5.0,0.0,0.0,0.0,0.0,19.0,1.0,1.0,1.0,0.0,0.0,81.0,140.0,0.48,0.02,0.01,0.98,0.28,0.0,1.0,107415.0
45.0,5.0,0.0,0.0,0.0,0.0,203.0,1.0,1.0,0.04,0.06,0.0,255.0,16.0,0.06,0.06,0.0,1.0,1.0,0.0,1.0,41625.0
41.0,1.0,0.0,0.0,0.0,0.0,509.0,0.21,0.0,0.0,1.0,0.0,255.0,1.0,0.0,1.0,0.0,0.16,0.0,1.0,1.0,63343.0
45.0,5.0,0.0,0.0,0.0,0.0,235.0,1.0,1.0,0.01,0.07,0.0,255.0,6.0,0.02,0.06,0.0,1.0,1.0,0.0,1.0,10877.0
45.0,4.0,0.0,0.0,0.0,0.0,1.0,0.0,0.0,1.0,0.0,0.0,237.0,1.0,0.0,0.25,0.0,0.0,0.0,1.0,1.0,110234.0
19.0,9.0,334.0,0.0,0.0,1.0,1.0,0.0,0.0,1.0,0.0,0.0,1.0,7.0,1.0,0.0,0.57,0.0,0.0,0.0,1.0,83924.0
39.0,5.0,0.0,0.0,0.0,0.0,119.0,1.0,1.0,0.06,0.08,0.0,255.0,13.0,0.05,0.08,0.0,1.0,1.0,0.0,1.0,7187.0
45.0,5.0,0.0,0.0,0.0,0.0,279.0,1.0,1.0,0.06,0.05,0.0,237.0,16.0,0.07,0.06,0.0,0.99,1.0,0.0,1.0,36903.0
45.0,4.0,0.0,0.0,0.0,0.0,1.0,0.0,0.0,1.0,0.0,0.0,255.0,1.0,0.0,0.92,0.0,0.0,0.0,1.0,1.0,73509.0
45.0,5.0,0.0,0.0,0.0,0.0,113.0,1.0,1.0,0.07,0.08,0.0,255.0,13.0,0.05,0.07,0.0,1.0,1.0,0.0,1.0,3943.0
45.0,4.0,0.0,0.0,0.0,0.0,1.0,0.0,0.0,1.0,0.0,0.0,255.0,1.0,0.0,1.0,0.0,0.0,0.0,1.0,1.0,78937.0
45.0,5.0,0.0,0.0,0.0,0.0,147.0,1.0,1.0,0.05,0.05,0.0,255.0,1.0,0.0,0.07,0.0,1.0,1.0,0.0,1.0,97722.0
45.0,1.0,0.0,0.0,0.0,0.0,116.0,0.0,0.0,0.03,0.06,0.0,255.0,3.0,0.01,0.08,0.0,0.0,0.0,1.0,1.0,63830.0
13.0,9.0,8.0,0.0,0.0,0.0,1.0,0.0,0.0,1.0,0.0,1.0,1.0,59.0,1.0,0.0,0.51,0.0,0.0,0.0,1.0,109972.0
49.0,9.0,0.0,84.0,0.0,1.0,1.0,0.0,0.0,1.0,0.0,0.0,6.0,78.0,0.17,1.0,0.04,0.0,0.0,0.0,1.0,106335.0
19.0,5.0,0.0,0.0,0.0,0.0,229.0,1.0,1.0,0.02,0.06,0.0,255.0,5.0,0.02,0.07,0.0,1.0,1.0,0.0,1.0,22508.0
8.0,5.0,0.0,0.0,0.0,0.0,149.0,1.0,1.0,0.07,0.05,0.0,255.0,2.0,0.01,0.06,0.0,1.0,1.0,0.0,1.0,16005.0
6.0,5.0,0.0,0.0,0.0,0.0,273.0,1.0,1.0,0.07,0.05,0.0,255.0,19.0,0.07,0.05,0.0,1.0,1.0,0.0,1.0,32936.0
22.0,5.0,0.0,0.0,0.0,0.0,31.0,1.0,1.0,0.39,0.13,0.0,255.0,65.0,0.25,0.02,0.0,1.0,1.0,0.0,1.0,39389.0
45.0,5.0,0.0,0.0,0.0,0.0,103.0,1.0,1.0,0.14,0.06,0.0,255.0,14.0,0.05,0.05,0.0,1.0,1.0,0.0,1.0,51891.0
45.0,2.0,0.0,0.0,0.0,0.0,113.0,0.0,0.0,0.02,0.07,0.0,255.0,2.0,0.01,0.07,0.0,0.0,0.0,1.0,1.0,114114.0
16.0,2.0,0.0,0.0,0.0,0.0,142.0,0.0,0.0,0.12,0.06,0.0,255.0,17.0,0.07,0.05,0.0,0.0,0.0,1.0,1.0,74568.0
45.0,5.0,0.0,0.0,0.0,0.0,109.0,1.0,1.0,0.12,0.06,0.0,255.0,11.0,0.04,0.07,0.0,1.0,1.0,0.0,1.0,51526.0
45.0,5.0,0.0,0.0,0.0,0.0,122.0,1.0,1.0,0.1,0.07,0.0,255.0,12.0,0.05,0.08,0.0,1.0,1.0,0.0,1.0,10072.0
15.0,5.0,0.0,0.0,0.0,0.0,144.0,1.0,1.0,0.14,0.05,0.0,255.0,20.0,0.08,0.05,0.0,1.0,1.0,0.0,1.0,62607.0
13.0,9.0,8.0,0.0,0.0,0.0,1.0,0.0,0.0,1.0,0.0,1.0,2.0,170.0,1.0,0.0,0.25,0.0,0.0,0.0,1.0,69520.0
38.0,5.0,0.0,0.0,0.0,0.0,147.0,1.0,1.0,0.03,0.06,0.0,255.0,5.0,0.02,0.06,0.0,1.0,1.0,0.0,1.0,18602.0
45.0,5.0,0.0,0.0,0.0,0.0,275.0,1.0,1.0,0.05,0.05,0.0,255.0,18.0,0.07,0.06,0.0,1.0,1.0,0.0,1.0,86360.0
63.0,5.0,0.0,0.0,0.0,0.0,142.0,1.0,1.0,0.01,0.06,0.0,255.0,2.0,0.01,0.07,0.0,1.0,1.0,0.0,1.0,87314.0
45.0,5.0,0.0,0.0,0.0,0.0,125.0,0.99,1.0,0.14,0.06,0.0,255.0,3.0,0.01,0.06,0.0,1.0,1.0,0.0,1.0,5074.0
7.0,5.0,0.0,0.0,0.0,0.0,289.0,1.0,1.0,0.04,0.05,0.0,255.0,13.0,0.05,0.05,0.0,1.0,1.0,0.0,1.0,118897.0
15.0,1.0,0.0,0.0,0.0,0.0,136.0,0.0,0.0,0.12,0.05,0.0,255.0,5.0,0.02,0.06,0.0,0.0,0.0,1.0,1.0,62067.0
53.0,5.0,0.0,0.0,0.0,0.0,123.0,1.0,1.0,0.14,0.07,0.0,255.0,17.0,0.07,0.06,0.0,1.0,1.0,0.0,1.0,6493.0
45.0,4.0,0.0,0.0,0.0,0.0,1.0,0.0,0.0,1.0,0.0,0.0,167.0,1.0,0.01,0.16,0.0,0.0,0.0,1.0,1.0,81418.0
14.0,9.0,1032.0,0.0,0.0,0.0,196.0,0.0,0.0,1.0,0.0,0.0,255.0,255.0,1.0,0.0,0.0,0.0,0.0,0.0,1.0,21850.0
45.0,1.0,0.0,0.0,0.0,0.0,106.0,0.0,0.0,0.08,0.06,0.0,255.0,9.0,0.04,0.07,0.0,0.0,0.0,1.0,1.0,23097.0
45.0,1.0,0.0,0.0,0.0,0.0,245.0,0.0,0.0,0.02,0.06,0.0,255.0,5.0,0.02,0.06,0.0,0.0,0.0,1.0,1.0,38285.0
20.0,1.0,0.0,0.0,0.0,0.0,223.0,0.0,0.0,0.04,0.07,0.0,255.0,10.0,0.04,0.08,0.0,0.0,0.0,1.0,1.0,54876.0
8.0,2.0,0.0,0.0,0.0,0.0,137.0,0.0,0.0,0.06,0.06,0.0,255.0,2.0,0.01,0.07,0.0,0.0,0.0,1.0,1.0,67439.0
45.0,1.0,0.0,0.0,0.0,0.0,89.0,0.0,0.0,0.03,0.07,0.0,255.0,3.0,0.01,0.06,0.0,0.0,0.0,1.0,1.0,8182.0
45.0,5.0,0.0,0.0,0.0,0.0,170.0,1.0,1.0,0.08,0.06,0.0,255.0,1.0,0.0,0.07,0.0,1.0,1.0,0.0,1.0,122166.0
13.0,9.0,8.0,0.0,0.0,0.0,1.0,0.0,0.0,1.0,0.0,1.0,1.0,79.0,1.0,0.0,0.51,0.0,0.0,0.0,1.0,103707.0
62.0,5.0,0.0,0.0,0.0,0.0,277.0,1.0,1.0,0.07,0.05,0.0,255.0,19.0,0.07,0.05,0.0,1.0,1.0,0.0,1.0,72733.0
45.0,5.0,0.0,0.0,0.0,0.0,18.0,1.0,1.0,0.06,0.28,0.0,255.0,16.0,0.06,0.08,0.0,1.0,1.0,0.0,1.0,104465.0
14.0,9.0,1032.0,0.0,0.0,0.0,344.0,0.0,0.0,1.0,0.0,0.0,255.0,255.0,1.0,0.0,0.0,0.0,0.0,0.0,1.0,28941.0
45.0,1.0,0.0,0.0,0.0,0.0,86.0,0.0,0.0,0.01,0.08,0.0,255.0,1.0,0.0,0.06,0.0,0.0,0.0,1.0,1.0,9822.0
49.0,5.0,0.0,0.0,0.0,0.0,4.0,0.25,0.5,0.5,0.5,0.0,49.0,131.0,0.29,0.08,0.02,0.02,0.02,0.0,1.0,15246.0
62.0,5.0,0.0,0.0,0.0,0.0,212.0,1.0,1.0,0.11,0.05,0.0,255.0,23.0,0.09,0.05,0.0,1.0,1.0,0.0,1.0,40219.0
45.0,5.0,0.0,0.0,0.0,0.0,175.0,1.0,1.0,0.02,0.07,0.0,255.0,4.0,0.02,0.07,0.0,1.0,1.0,0.0,1.0,91146.0
45.0,5.0,0.0,0.0,0.0,0.0,131.0,1.0,1.0,0.11,0.06,0.0,42.0,7.0,0.17,0.17,0.0,1.0,1.0,0.0,1.0,28405.0
13.0,9.0,8.0,0.0,0.0,0.0,1.0,0.0,0.0,1.0,0.0,1.0,4.0,200.0,1.0,0.0,0.25,0.0,0.0,0.0,1.0,89152.0
45.0,9.0,1.0,0.0,0.0,0.0,13.0,0.0,0.0,0.69,0.15,0.0,255.0,9.0,0.04,0.41,0.0,0.02,0.0,0.0,1.0,103235.0
45.0,4.0,0.0,0.0,0.0,0.0,1.0,0.0,0.0,1.0,0.0,0.0,147.0,1.0,0.01,0.34,0.0,0.0,0.0,1.0,1.0,104202.0
18.0,5.0,0.0,0.0,0.0,0.0,242.0,1.0,1.0,0.08,0.07,0.0,255.0,20.0,0.08,0.07,0.0,1.0,1.0,0.0,1.0,93343.0
62.0,5.0,0.0,0.0,0.0,0.0,285.0,1.0,1.0,0.08,0.04,0.0,255.0,24.0,0.09,0.05,0.0,1.0,1.0,0.0,1.0,3080.0
29.0,5.0,0.0,0.0,0.0,0.0,46.0,1.0,1.0,0.15,0.13,0.0,255.0,7.0,0.03,0.09,0.0,1.0,1.0,0.0,1.0,85262.0
30.0,5.0,0.0,0.0,0.0,0.0,13.0,1.0,1.0,0.46,0.23,0.0,255.0,8.0,0.03,0.09,0.0,1.0,1.0,0.0,1.0,124697.0
22.0,1.0,0.0,0.0,0.0,0.0,267.0,0.0,0.0,0.05,0.07,0.0,255.0,13.0,0.05,0.07,0.0,0.0,0.0,1.0,1.0,13140.0
13.0,9.0,8.0,0.0,0.0,0.0,1.0,0.0,0.0,1.0,0.0,1.0,2.0,78.0,1.0,0.0,0.5,0.0,0.0,0.0,1.0,43710.0
45.0,1.0,0.0,0.0,0.0,0.0,263.0,0.0,0.0,0.07,0.06,0.0,255.0,18.0,0.07,0.08,0.0,0.0,0.0,1.0,1.0,49795.0
4.0,5.0,0.0,0.0,0.0,0.0,266.0,1.0,1.0,0.03,0.06,0.0,255.0,8.0,0.03,0.07,0.0,1.0,1.0,0.0,1.0,55428.0
41.0,4.0,1.0,0.0,0.0,0.0,2.0,0.0,0.0,1.0,0.0,0.0,255.0,2.0,0.01,0.73,0.0,0.0,0.0,1.0,1.0,113156.0
62.0,1.0,0.0,0.0,0.0,0.0,173.0,0.0,0.0,0.01,0.06,0.0,255.0,1.0,0.0,0.08,0.0,0.0,0.0,1.0,1.0,16393.0
45.0,5.0,0.0,0.0,0.0,0.0,123.0,1.0,1.0,0.04,0.09,0.0,255.0,5.0,0.02,0.07,0.0,1.0,1.0,0.0,1.0,57882.0
28.0,1.0,0.0,0.0,0.0,0.0,94.0,0.0,0.0,0.04,0.09,0.0,255.0,4.0,0.02,0.06,0.0,0.0,0.0,1.0,1.0,33227.0
63.0,5.0,0.0,0.0,0.0,0.0,226.0,1.0,1.0,0.02,0.07,0.0,255.0,6.0,0.02,0.08,0.0,1.0,1.0,0.0,1.0,104183.0
31.0,5.0,0.0,0.0,0.0,0.0,114.0,1.0,1.0,0.04,0.06,0.0,255.0,17.0,0.07,0.07,0.0,1.0,1.0,0.0,1.0,93214.0
45.0,5.0,0.0,0.0,0.0,0.0,150.0,1.0,1.0,0.05,0.06,0.0,255.0,7.0,0.03,0.07,0.0,1.0,1.0,0.0,1.0,115142.0
45.0,4.0,0.0,0.0,0.0,0.0,333.0,0.0,0.0,0.01,0.51,0.0,255.0,2.0,0.01,0.51,0.0,0.0,0.0,1.0,1.0,49597.0
62.0,5.0,0.0,0.0,0.0,0.0,204.0,1.0,1.0,0.09,0.05,0.0,255.0,19.0,0.07,0.05,0.0,1.0,1.0,0.0,1.0,121099.0
19.0,9.0,246.0,0.0,0.0,1.0,2.0,0.0,0.0,1.0,0.0,0.0,2.0,10.0,1.0,0.0,0.2,0.0,0.0,0.0,1.0,39395.0
45.0,5.0,0.0,0.0,0.0,0.0,132.0,1.0,1.0,0.02,0.08,0.0,255.0,3.0,0.01,0.07,0.0,1.0,1.0,0.0,1.0,78430.0
45.0,5.0,0.0,0.0,0.0,0.0,129.0,1.0,1.0,0.12,0.06,0.0,255.0,11.0,0.04,0.06,0.0,1.0,1.0,0.0,1.0,10758.0
31.0,5.0,0.0,0.0,0.0,0.0,124.0,1.0,1.0,0.15,0.06,0.0,255.0,3.0,0.01,0.06,0.0,1.0,1.0,0.0,1.0,116462.0
35.0,5.0,0.0,0.0,0.0,0.0,189.0,1.0,1.0,0.04,0.07,0.0,255.0,8.0,0.03,0.07,0.0,1.0,1.0,0.0,1.0,110363.0
54.0,5.0,0.0,0.0,0.0,0.0,297.0,1.0,1.0,0.06,0.06,0.0,255.0,18.0,0.07,0.07,0.0,1.0,1.0,0.0,1.0,21124.0
23.0,5.0,0.0,0.0,0.0,0.0,140.0,1.0,1.0,0.14,0.05,0.0,255.0,20.0,0.08,0.06,0.0,1.0,1.0,0.0,1.0,10713.0
45.0,5.0,0.0,0.0,0.0,0.0,172.0,1.0,1.0,0.03,0.06,0.0,255.0,15.0,0.06,0.08,0.0,1.0,1.0,0.0,1.0,83715.0
41.0,4.0,0.0,0.0,0.0,0.0,1.0,0.0,0.0,1.0,0.0,0.0,255.0,1.0,0.0,0.64,0.0,0.0,0.0,1.0,1.0,51353.0
45.0,5.0,0.0,0.0,0.0,0.0,57.0,1.0,1.0,0.21,0.11,0.0,255.0,13.0,0.05,0.08,0.0,1.0,1.0,0.0,1.0,86396.0
19.0,9.0,334.0,0.0,0.0,1.0,2.0,0.0,0.0,1.0,0.0,0.0,11.0,23.0,1.0,0.0,0.17,0.0,0.0,0.0,1.0,30182.0
45.0,5.0,0.0,0.0,0.0,0.0,111.0,1.0,1.0,0.07,0.06,0.0,255.0,11.0,0.04,0.07,0.0,1.0,1.0,0.0,1.0,52372.0
50.0,5.0,0.0,0.0,0.0,0.0,18.0,1.0,1.0,0.44,0.22,0.0,255.0,8.0,0.03,0.08,0.0,1.0,1.0,0.0,1.0,120074.0
15.0,5.0,0.0,0.0,0.0,0.0,103.0,1.0,1.0,0.03,0.06,0.0,255.0,3.0,0.01,0.06,0.0,1.0,1.0,0.0,1.0,51163.0
53.0,5.0,0.0,0.0,0.0,0.0,87.0,1.0,1.0,0.07,0.07,0.0,255.0,6.0,0.02,0.07,0.0,1.0,1.0,0.0,1.0,103741.0
63.0,1.0,0.0,0.0,0.0,0.0,8.0,0.0,0.0,0.12,1.0,0.0,126.0,1.0,0.01,0.17,0.0,0.0,0.0,1.0,1.0,92235.0
32.0,5.0,0.0,0.0,0.0,0.0,201.0,1.0,1.0,0.0,0.06,0.0,255.0,14.0,0.05,0.06,0.0,1.0,1.0,0.0,1.0,83860.0
18.0,2.0,0.0,0.0,0.0,0.0,241.0,0.0,0.0,0.01,0.07,0.0,255.0,2.0,0.01,0.08,0.0,0.0,0.0,1.0,1.0,99947.0
63.0,5.0,0.0,0.0,0.0,0.0,233.0,1.0,1.0,0.06,0.06,0.0,255.0,15.0,0.06,0.07,0.0,1.0,1.0,0.0,1.0,55812.0
61.0,1.0,0.0,0.0,0.0,0.0,300.0,0.0,0.0,0.07,0.06,0.0,255.0,20.0,0.08,0.06,0.0,0.0,0.0,1.0,1.0,28442.0
38.0,5.0,0.0,0.0,0.0,0.0,9.0,1.0,1.0,0.33,0.44,0.0,255.0,3.0,0.01,0.09,0.0,1.0,1.0,0.0,1.0,25452.0
13.0,9.0,8.0,0.0,0.0,0.0,1.0,0.0,0.0,1.0,0.0,1.0,1.0,81.0,1.0,0.0,0.51,0.0,0.0,0.0,1.0,114082.0
26.0,5.0,0.0,0.0,0.0,0.0,291.0,1.0,1.0,0.02,0.05,0.0,255.0,8.0,0.03,0.07,0.0,1.0,1.0,0.0,1.0,9453.0
45.0,5.0,0.0,0.0,0.0,0.0,71.0,1.0,1.0,0.01,0.07,0.0,255.0,15.0,0.06,0.05,0.0,1.0,1.0,0.0,1.0,93383.0
28.0,1.0,0.0,0.0,0.0,0.0,127.0,0.0,0.0,0.02,0.07,0.0,255.0,2.0,0.01,0.07,0.0,0.0,0.0,1.0,1.0,3577.0
13.0,9.0,8.0,0.0,0.0,0.0,1.0,0.0,0.0,1.0,0.0,1.0,2.0,24.0,1.0,0.0,0.54,0.0,0.0,0.0,1.0,48080.0
45.0,5.0,0.0,0.0,0.0,0.0,225.0,1.0,1.0,0.07,0.06,0.0,255.0,11.0,0.04,0.06,0.0,1.0,1.0,0.0,1.0,93272.0
45.0,5.0,0.0,0.0,0.0,0.0,104.0,1.0,1.0,0.02,0.07,0.0,5.0,2.0,0.4,0.6,0.0,1.0,1.0,0.0,1.0,98675.0
3.0,5.0,0.0,0.0,0.0,0.0,121.0,1.0,1.0,0.05,0.07,0.0,255.0,5.0,0.02,0.07,0.0,1.0,1.0,0.0,1.0,95744.0
26.0,5.0,0.0,0.0,0.0,0.0,234.0,1.0,1.0,0.05,0.06,0.0,255.0,11.0,0.04,0.07,0.0,1.0,1.0,0.0,1.0,105043.0
45.0,5.0,0.0,0.0,0.0,0.0,183.0,1.0,1.0,0.06,0.07,0.0,255.0,19.0,0.07,0.07,0.0,1.0,1.0,0.0,1.0,34723.0
2.0,1.0,0.0,0.0,0.0,0.0,264.0,0.0,0.0,0.02,0.06,0.0,255.0,4.0,0.02,0.07,0.0,0.0,0.0,1.0,1.0,65530.0
45.0,5.0,0.0,0.0,0.0,0.0,204.0,1.0,1.0,0.01,0.05,0.0,255.0,2.0,0.01,0.07,0.0,1.0,1.0,0.0,1.0,92714.0
45.0,5.0,0.0,0.0,0.0,0.0,206.0,1.0,1.0,0.05,0.06,0.0,255.0,13.0,0.05,0.07,0.0,1.0,1.0,0.0,1.0,24207.0
13.0,9.0,8.0,0.0,0.0,0.0,1.0,0.0,0.0,1.0,0.0,1.0,2.0,126.0,1.0,0.0,0.25,0.0,0.0,0.0,1.0,98256.0
19.0,5.0,0.0,0.0,0.0,0.0,35.0,1.0,1.0,0.43,0.06,0.0,255.0,55.0,0.22,0.04,0.0,1.0,1.0,0.0,1.0,112934.0
45.0,5.0,0.0,0.0,0.0,0.0,239.0,1.0,1.0,0.08,0.05,0.0,255.0,3.0,0.01,0.08,0.0,1.0,1.0,0.0,1.0,8872.0
23.0,1.0,0.0,0.0,0.0,0.0,147.0,0.0,0.0,0.04,0.06,0.0,255.0,6.0,0.02,0.06,0.0,0.0,0.0,1.0,1.0,75044.0
14.0,9.0,1032.0,0.0,0.0,0.0,510.0,0.0,0.0,1.0,0.0,0.0,255.0,241.0,0.95,0.02,0.0,0.0,0.0,0.0,1.0,80250.0
45.0,5.0,0.0,0.0,0.0,0.0,267.0,1.0,1.0,0.06,0.06,0.0,255.0,6.0,0.02,0.07,0.0,1.0,1.0,0.0,1.0,62243.0
7.0,5.0,0.0,0.0,0.0,0.0,237.0,1.0,1.0,0.07,0.06,0.0,255.0,16.0,0.06,0.06,0.0,1.0,1.0,0.0,1.0,39246.0
13.0,9.0,8.0,0.0,0.0,0.0,1.0,0.0,0.0,1.0,0.0,1.0,2.0,255.0,1.0,0.0,0.5,0.0,0.0,0.0,1.0,68400.0
7.0,5.0,0.0,0.0,0.0,0.0,276.0,1.0,1.0,0.05,0.07,0.0,255.0,14.0,0.05,0.09,0.0,1.0,1.0,0.0,1.0,19835.0
62.0,5.0,0.0,0.0,0.0,0.0,107.0,1.0,1.0,0.15,0.06,0.0,255.0,15.0,0.06,0.07,0.0,1.0,1.0,0.0,1.0,38180.0
10.0,5.0,0.0,0.0,0.0,0.0,209.0,1.0,1.0,0.09,0.06,0.0,255.0,19.0,0.07,0.05,0.0,1.0,1.0,0.0,1.0,39802.0
45.0,10.0,0.0,0.0,0.0,0.0,1.0,1.0,1.0,1.0,0.0,0.0,196.0,1.0,0.01,0.95,0.0,0.96,1.0,0.0,1.0,99616.0
45.0,5.0,0.0,0.0,0.0,0.0,122.0,1.0,1.0,0.14,0.06,0.0,255.0,12.0,0.05,0.08,0.0,1.0,1.0,0.0,1.0,82384.0
45.0,5.0,0.0,0.0,0.0,0.0,103.0,1.0,1.0,0.16,0.05,0.0,255.0,16.0,0.06,0.04,0.0,1.0,1.0,0.0,1.0,45579.0
14.0,9.0,1032.0,0.0,0.0,0.0,511.0,0.0,0.0,1.0,0.0,0.0,255.0,209.0,0.82,0.01,0.0,0.0,0.0,0.0,1.0,121232.0
2.0,1.0,0.0,0.0,0.0,0.0,261.0,0.0,0.0,0.01,0.07,0.0,255.0,3.0,0.01,0.07,0.0,0.0,0.0,1.0,1.0,106255.0
9.0,5.0,0.0,0.0,0.0,0.0,140.0,1.0,1.0,0.14,0.04,0.0,255.0,9.0,0.04,0.06,0.0,1.0,1.0,0.0,1.0,93772.0
45.0,5.0,0.0,0.0,0.0,0.0,209.0,1.0,1.0,0.09,0.06,0.0,255.0,20.0,0.08,0.08,0.0,1.0,1.0,0.0,1.0,13846.0
22.0,5.0,0.0,0.0,0.0,0.0,282.0,1.0,1.0,0.01,0.06,0.0,255.0,2.0,0.01,0.07,0.0,1.0,1.0,0.0,1.0,85628.0
62.0,5.0,0.0,0.0,0.0,0.0,248.0,1.0,1.0,0.06,0.06,0.0,255.0,7.0,0.03,0.09,0.0,1.0,1.0,0.0,1.0,101529.0
14.0,9.0,1032.0,0.0,0.0,0.0,423.0,0.0,0.0,1.0,0.0,0.0,255.0,255.0,1.0,0.0,0.0,0.0,0.0,0.0,1.0,4750.0
16.0,2.0,0.0,0.0,0.0,0.0,100.0,0.0,0.0,0.07,0.07,0.0,255.0,7.0,0.03,0.06,0.0,0.0,0.0,1.0,1.0,25187.0
45.0,5.0,0.0,0.0,0.0,0.0,108.0,1.0,1.0,0.03,0.06,0.0,255.0,18.0,0.07,0.06,0.0,1.0,1.0,0.0,1.0,87474.0
2.0,5.0,0.0,0.0,0.0,0.0,248.0,1.0,1.0,0.09,0.05,0.0,255.0,22.0,0.09,0.06,0.0,1.0,1.0,0.0,1.0,50435.0
25.0,5.0,0.0,0.0,0.0,0.0,238.0,1.0,1.0,0.01,0.07,0.0,255.0,2.0,0.01,0.07,0.0,1.0,1.0,0.0,1.0,19288.0
45.0,9.0,1.0,0.0,0.0,0.0,18.0,0.0,0.0,0.17,0.22,0.0,255.0,47.0,0.18,0.29,0.0,0.0,0.0,0.0,1.0,39746.0
27.0,5.0,0.0,0.0,0.0,0.0,130.0,1.0,1.0,0.15,0.06,0.0,255.0,20.0,0.08,0.06,0.0,1.0,1.0,0.0,1.0,15574.0
45.0,9.0,28.0,0.0,3.0,0.0,79.0,0.0,0.0,1.0,0.0,0.0,255.0,46.0,0.18,0.01,0.0,0.0,0.0,0.0,1.0,72486.0
13.0,9.0,8.0,0.0,0.0,0.0,1.0,0.0,0.0,1.0,0.0,1.0,1.0,255.0,1.0,0.0,0.25,0.0,0.0,0.0,1.0,117124.0
45.0,5.0,0.0,0.0,0.0,0.0,264.0,1.0,1.0,0.04,0.06,0.0,255.0,25.0,0.1,0.06,0.0,1.0,1.0,0.0,1.0,58383.0
45.0,5.0,0.0,0.0,0.0,0.0,240.0,1.0,1.0,0.0,0.06,0.0,255.0,2.0,0.01,0.07,0.0,1.0,1.0,0.0,1.0,107389.0
14.0,9.0,1032.0,0.0,0.0,0.0,511.0,0.0,0.0,1.0,0.0,0.0,241.0,147.0,0.61,0.03,0.0,0.01,0.0,0.0,1.0,43147.0
45.0,5.0,0.0,0.0,0.0,0.0,201.0,1.0,1.0,0.03,0.06,0.0,255.0,6.0,0.02,0.08,0.0,1.0,1.0,0.0,1.0,123645.0
45.0,9.0,28.0,0.0,3.0,0.0,52.0,0.0,0.0,1.0,0.0,0.0,255.0,19.0,0.07,0.01,0.0,0.0,0.0,0.0,1.0,125333.0
13.0,9.0,8.0,0.0,0.0,0.0,1.0,0.0,0.0,1.0,0.0,1.0,2.0,129.0,1.0,0.0,0.5,0.0,0.0,0.0,1.0,20336.0
45.0,5.0,0.0,0.0,0.0,0.0,286.0,1.0,1.0,0.06,0.06,0.0,255.0,5.0,0.02,0.08,0.0,1.0,1.0,0.0,1.0,44985.0
45.0,1.0,0.0,0.0,0.0,0.0,117.0,0.0,0.0,0.13,0.07,0.0,255.0,12.0,0.05,0.09,0.0,0.0,0.0,1.0,1.0,36501.0
13.0,9.0,18.0,0.0,0.0,0.0,1.0,0.0,0.0,1.0,0.0,0.0,3.0,15.0,1.0,0.0,0.27,0.0,0.0,0.0,1.0,52628.0
55.0,5.0,0.0,0.0,0.0,0.0,2.0,1.0,1.0,0.5,1.0,0.0,255.0,61.0,0.24,0.02,0.0,1.0,1.0,0.0,1.0,114253.0
45.0,5.0,0.0,0.0,0.0,0.0,154.0,0.85,1.0,0.13,0.05,0.0,255.0,1.0,0.0,0.05,0.0,1.0,1.0,0.0,1.0,86427.0
45.0,5.0,0.0,0.0,0.0,0.0,41.0,1.0,1.0,0.49,0.07,0.0,255.0,20.0,0.08,0.07,0.0,1.0,1.0,0.0,1.0,7475.0
45.0,9.0,1.0,0.0,0.0,0.0,10.0,0.0,0.0,0.6,0.2,0.0,255.0,6.0,0.02,0.86,0.0,0.03,0.0,0.0,1.0,9921.0
45.0,5.0,0.0,0.0,0.0,0.0,121.0,1.0,1.0,0.04,0.06,0.0,255.0,7.0,0.03,0.07,0.0,1.0,1.0,0.0,1.0,20956.0
2.0,1.0,0.0,0.0,0.0,0.0,104.0,0.0,0.0,0.04,0.07,0.0,255.0,4.0,0.02,0.07,0.0,0.0,0.0,1.0,1.0,18041.0
41.0,1.0,0.0,0.0,0.0,0.0,404.0,0.09,0.0,0.0,1.0,0.0,255.0,1.0,0.0,1.0,0.0,0.11,0.0,1.0,1.0,29402.0
13.0,9.0,8.0,0.0,0.0,0.0,1.0,0.0,0.0,1.0,0.0,1.0,1.0,86.0,1.0,0.0,0.51,0.0,0.0,0.0,1.0,98714.0
45.0,9.0,1.0,0.0,0.0,0.0,30.0,0.0,0.0,0.13,0.1,0.0,255.0,47.0,0.18,0.22,0.0,0.0,0.0,0.0,1.0,33512.0
45.0,5.0,0.0,0.0,0.0,0.0,297.0,1.0,1.0,0.06,0.06,0.0,255.0,14.0,0.05,0.07,0.0,1.0,1.0,0.0,1.0,63970.0
13.0,9.0,8.0,0.0,0.0,0.0,1.0,0.0,0.0,1.0,0.0,0.0,2.0,2.0,1.0,0.0,0.0,0.0,0.0,0.0,1.0,21231.0
41.0,4.0,1.0,0.0,0.0,0.0,2.0,0.0,0.0,1.0,0.0,0.0,255.0,2.0,0.01,0.68,0.0,0.0,0.0,1.0,1.0,118964.0
45.0,5.0,0.0,0.0,0.0,0.0,287.0,1.0,1.0,0.05,0.06,0.0,255.0,8.0,0.03,0.09,0.0,1.0,1.0,0.0,1.0,100376.0
2.0,5.0,0.0,0.0,0.0,0.0,251.0,1.0,1.0,0.05,0.06,0.0,255.0,12.0,0.05,0.07,0.0,1.0,1.0,0.0,1.0,88185.0
45.0,9.0,207.0,0.0,0.0,0.0,2.0,0.0,0.0,1.0,0.0,0.0,66.0,58.0,0.88,0.03,0.0,0.0,0.0,0.0,1.0,76991.0
45.0,4.0,0.0,0.0,0.0,0.0,1.0,0.0,0.0,1.0,0.0,0.0,255.0,1.0,0.0,0.98,0.0,0.0,0.0,1.0,1.0,104672.0
57.0,9.0,0.0,4.0,0.0,0.0,1.0,0.0,0.0,1.0,0.0,0.0,18.0,2.0,0.06,1.0,1.0,0.0,0.0,0.0,1.0,103742.0
45.0,5.0,0.0,0.0,0.0,0.0,101.0,1.0,1.0,0.01,0.07,0.0,255.0,2.0,0.01,0.05,0.0,1.0,1.0,0.0,1.0,114846.0
25.0,1.0,0.0,0.0,0.0,0.0,282.0,0.0,0.0,0.06,0.06,0.0,255.0,18.0,0.07,0.07,0.0,0.0,0.0,1.0,1.0,113601.0
41.0,4.0,0.0,0.0,0.0,0.0,2.0,0.0,0.0,1.0,0.0,0.0,255.0,2.0,0.01,0.68,0.0,0.0,0.0,1.0,1.0,91046.0
45.0,5.0,0.0,0.0,0.0,0.0,267.0,1.0,1.0,0.06,0.06,0.0,255.0,20.0,0.08,0.06,0.0,1.0,1.0,0.0,1.0,6746.0
45.0,9.0,1.0,1.0,0.0,0.0,5.0,0.0,0.0,0.4,0.4,0.0,255.0,2.0,0.01,0.99,0.0,0.2,0.0,0.0,1.0,74295.0
45.0,9.0,207.0,0.0,0.0,0.0,2.0,0.0,0.0,1.0,0.0,0.0,172.0,148.0,0.86,0.01,0.0,0.0,0.0,0.0,1.0,62637.0
14.0,9.0,1032.0,0.0,0.0,0.0,510.0,0.0,0.0,1.0,0.0,0.0,255.0,138.0,0.54,0.17,0.0,0.0,0.0,0.0,1.0,121834.0
45.0,5.0,0.0,0.0,0.0,0.0,218.0,1.0,1.0,0.06,0.06,0.0,255.0,12.0,0.05,0.08,0.0,1.0,1.0,0.0,1.0,86623.0
20.0,5.0,0.0,0.0,0.0,0.0,252.0,1.0,1.0,0.04,0.06,0.0,255.0,11.0,0.04,0.07,0.0,1.0,1.0,0.0,1.0,84083.0
45.0,5.0,0.0,0.0,0.0,0.0,195.0,1.0,1.0,0.04,0.06,0.0,255.0,20.0,0.08,0.06,0.0,1.0,1.0,0.0,1.0,56252.0
53.0,1.0,0.0,0.0,0.0,0.0,138.0,0.0,0.0,0.06,0.06,0.0,255.0,3.0,0.01,0.07,0.0,0.0,0.0,1.0,1.0,26976.0
19.0,5.0,0.0,0.0,0.0,0.0,66.0,1.0,1.0,0.21,0.06,0.0,255.0,52.0,0.2,0.04,0.0,1.0,1.0,0.0,1.0,88090.0
19.0,5.0,0.0,0.0,0.0,0.0,25.0,1.0,1.0,0.2,0.08,0.0,255.0,5.0,0.02,0.07,0.0,1.0,1.0,0.0,1.0,114244.0
15.0,5.0,0.0,0.0,0.0,0.0,128.0,1.0,1.0,0.16,0.05,0.0,255.0,20.0,0.08,0.07,0.0,1.0,1.0,0.0,1.0,24753.0
19.0,5.0,0.0,0.0,0.0,0.0,65.0,1.0,1.0,0.25,0.06,0.0,147.0,64.0,0.24,0.03,0.03,0.99,0.56,0.0,1.0,53385.0
45.0,5.0,0.0,0.0,0.0,0.0,225.0,1.0,1.0,0.06,0.07,0.0,255.0,27.0,0.11,0.07,0.0,1.0,1.0,0.0,1.0,99325.0
16.0,5.0,0.0,0.0,0.0,0.0,147.0,1.0,1.0,0.16,0.05,0.0,255.0,23.0,0.09,0.05,0.0,1.0,1.0,0.0,1.0,66111.0
8.0,5.0,0.0,0.0,0.0,0.0,230.0,1.0,1.0,0.07,0.06,0.0,255.0,15.0,0.06,0.08,0.0,1.0,1.0,0.0,1.0,45927.0
54.0,5.0,0.0,0.0,0.0,0.0,298.0,1.0,1.0,0.06,0.06,0.0,255.0,19.0,0.07,0.07,0.0,1.0,1.0,0.0,1.0,99952.0
61.0,5.0,0.0,0.0,0.0,0.0,298.0,1.0,1.0,0.07,0.05,0.0,255.0,20.0,0.08,0.07,0.0,1.0,1.0,0.0,1.0,110327.0
25.0,5.0,0.0,0.0,0.0,0.0,228.0,1.0,1.0,0.04,0.06,0.0,255.0,20.0,0.08,0.07,0.0,1.0,1.0,0.0,1.0,14401.0
45.0,5.0,0.0,0.0,0.0,0.0,137.0,1.0,1.0,0.15,0.06,0.0,255.0,17.0,0.07,0.08,0.0,1.0,1.0,0.0,1.0,63110.0
45.0,5.0,0.0,0.0,0.0,0.0,134.0,1.0,1.0,0.1,0.06,0.0,255.0,14.0,0.05,0.05,0.0,1.0,1.0,0.0,1.0,56993.0
14.0,9.0,1032.0,0.0,0.0,0.0,158.0,0.0,0.0,1.0,0.0,0.0,255.0,255.0,1.0,0.0,0.0,0.0,0.0,0.0,1.0,20278.0
31.0,5.0,0.0,0.0,0.0,0.0,75.0,1.0,1.0,0.05,0.08,0.0,255.0,4.0,0.02,0.06,0.0,1.0,1.0,0.0,1.0,36862.0
18.0,5.0,0.0,0.0,0.0,0.0,46.0,1.0,1.0,0.09,0.13,0.0,255.0,4.0,0.02,0.09,0.0,1.0,1.0,0.0,1.0,80263.0
45.0,1.0,0.0,0.0,0.0,0.0,153.0,0.04,0.0,0.01,0.99,0.0,255.0,1.0,0.0,0.61,0.0,0.02,0.0,1.0,1.0,36218.0
45.0,9.0,28.0,0.0,1.0,0.0,1.0,0.0,0.0,1.0,0.0,0.0,214.0,1.0,0.0,0.76,0.0,0.03,0.0,0.0,1.0,105855.0
45.0,1.0,0.0,0.0,0.0,0.0,2.0,0.0,0.0,0.5,1.0,0.0,255.0,1.0,0.0,0.4,0.0,0.0,0.0,1.0,1.0,57099.0
45.0,5.0,0.0,0.0,0.0,0.0,95.0,1.0,1.0,0.02,0.06,0.0,255.0,20.0,0.08,0.06,0.0,1.0,1.0,0.0,1.0,47357.0
12.0,5.0,0.0,0.0,0.0,0.0,241.0,1.0,1.0,0.02,0.06,0.0,255.0,4.0,0.02,0.07,0.0,1.0,1.0,0.0,1.0,35749.0
60.0,5.0,0.0,0.0,0.0,0.0,136.0,1.0,1.0,0.09,0.06,0.0,255.0,17.0,0.07,0.06,0.0,1.0,1.0,0.0,1.0,107846.0
25.0,5.0,0.0,0.0,0.0,0.0,258.0,1.0,1.0,0.05,0.07,0.0,255.0,12.0,0.05,0.08,0.0,1.0,1.0,0.0,1.0,49598.0
45.0,5.0,0.0,0.0,0.0,0.0,122.0,1.0,1.0,0.04,0.07,0.0,52.0,16.0,0.31,0.13,0.0,1.0,1.0,0.0,1.0,45885.0
45.0,9.0,1.0,0.0,0.0,0.0,13.0,0.0,0.0,0.38,0.31,0.0,255.0,5.0,0.02,0.22,0.0,0.0,0.0,0.0,1.0,76848.0
45.0,5.0,0.0,0.0,0.0,0.0,75.0,1.0,1.0,0.03,0.07,0.0,255.0,12.0,0.05,0.05,0.0,1.0,1.0,0.0,1.0,49303.0
26.0,1.0,0.0,0.0,0.0,0.0,258.0,0.0,0.0,0.06,0.07,0.0,255.0,16.0,0.06,0.07,0.0,0.0,0.0,1.0,1.0,85001.0
6.0,5.0,0.0,0.0,0.0,0.0,127.0,1.0,1.0,0.14,0.06,0.0,255.0,6.0,0.02,0.07,0.0,1.0,1.0,0.0,1.0,56080.0
54.0,5.0,0.0,0.0,0.0,0.0,262.0,1.0,1.0,0.0,0.06,0.0,255.0,7.0,0.03,0.08,0.0,1.0,1.0,0.0,1.0,114440.0
25.0,5.0,0.0,0.0,0.0,0.0,239.0,1.0,1.0,0.06,0.07,0.0,255.0,15.0,0.06,0.07,0.0,1.0,1.0,0.0,1.0,124662.0
25.0,5.0,0.0,0.0,0.0,0.0,214.0,1.0,1.0,0.11,0.06,0.0,255.0,24.0,0.09,0.06,0.0,1.0,1.0,0.0,1.0,46717.0
18.0,5.0,0.0,0.0,0.0,0.0,296.0,1.0,1.0,0.01,0.06,0.0,255.0,4.0,0.02,0.1,0.0,1.0,1.0,0.0,1.0,103729.0
41.0,1.0,0.0,0.0,0.0,0.0,511.0,0.05,0.0,0.0,0.96,0.0,255.0,1.0,0.0,0.92,0.0,0.03,0.0,1.0,1.0,65381.0
45.0,5.0,0.0,0.0,0.0,0.0,138.0,1.0,1.0,0.06,0.07,0.0,255.0,6.0,0.02,0.07,0.0,1.0,1.0,0.0,1.0,27366.0
12.0,5.0,0.0,0.0,0.0,0.0,255.0,1.0,1.0,0.09,0.05,0.0,255.0,22.0,0.09,0.05,0.0,1.0,1.0,0.0,1.0,25601.0
33.0,5.0,0.0,0.0,0.0,0.0,277.0,1.0,1.0,0.03,0.06,0.0,255.0,14.0,0.05,0.06,0.0,1.0,1.0,0.0,1.0,58291.0
45.0,9.0,28.0,0.0,3.0,0.0,11.0,0.0,0.0,1.0,0.0,0.0,255.0,11.0,0.04,0.01,0.0,0.0,0.0,0.0,1.0,19526.0
13.0,9.0,8.0,0.0,0.0,0.0,1.0,0.0,0.0,1.0,0.0,1.0,4.0,96.0,1.0,0.0,0.25,0.0,0.0,0.0,1.0,18425.0
45.0,5.0,0.0,0.0,0.0,0.0,223.0,1.0,1.0,0.05,0.06,0.0,255.0,1.0,0.0,0.07,0.0,1.0,1.0,0.0,1.0,99688.0
32.0,5.0,0.0,0.0,0.0,0.0,217.0,1.0,1.0,0.06,0.06,0.0,255.0,13.0,0.05,0.08,0.0,1.0,1.0,0.0,1.0,77794.0
20.0,5.0,0.0,0.0,0.0,0.0,209.0,1.0,1.0,0.09,0.06,0.0,255.0,14.0,0.05,0.07,0.0,1.0,1.0,0.0,1.0,39379.0
45.0,1.0,0.0,0.0,0.0,0.0,294.0,0.0,0.0,0.06,0.06,0.0,255.0,17.0,0.07,0.08,0.0,0.0,0.0,1.0,1.0,31481.0
45.0,5.0,0.0,0.0,0.0,0.0,243.0,1.0,1.0,0.06,0.06,0.0,255.0,15.0,0.06,0.06,0.0,1.0,1.0,0.0,1.0,119374.0
62.0,1.0,0.0,0.0,0.0,0.0,218.0,0.0,0.0,0.05,0.07,0.0,255.0,10.0,0.04,0.07,0.0,0.0,0.0,1.0,1.0,111702.0
45.0,9.0,1.0,0.0,0.0,0.0,155.0,0.0,0.0,0.87,0.03,0.0,255.0,172.0,0.67,0.04,0.0,0.0,0.0,0.0,1.0,33328.0
41.0,1.0,0.0,0.0,0.0,0.0,358.0,0.06,0.0,0.0,1.0,0.0,255.0,1.0,0.0,1.0,0.0,0.08,0.0,1.0,1.0,107977.0
45.0,4.0,1.0,0.0,0.0,0.0,2.0,0.0,0.0,1.0,0.0,0.0,255.0,2.0,0.01,0.5,0.0,0.0,0.0,1.0,1.0,32424.0
45.0,5.0,0.0,0.0,0.0,0.0,134.0,1.0,1.0,0.01,0.06,0.0,255.0,12.0,0.05,0.07,0.0,1.0,1.0,0.0,1.0,65633.0
19.0,9.0,334.0,0.0,0.0,1.0,2.0,0.0,0.0,1.0,0.0,0.0,2.0,9.0,1.0,0.0,0.22,0.0,0.0,0.11,1.0,103768.0
57.0,5.0,0.0,0.0,0.0,0.0,285.0,1.0,1.0,0.07,0.05,0.0,255.0,19.0,0.07,0.05,0.0,1.0,1.0,0.0,1.0,96840.0
45.0,1.0,0.0,0.0,0.0,0.0,183.0,0.02,0.0,0.01,1.0,0.0,255.0,1.0,0.0,0.75,0.0,0.01,0.0,1.0,1.0,17754.0
45.0,1.0,0.0,0.0,0.0,0.0,102.0,0.0,0.0,0.03,0.07,0.0,255.0,1.0,0.0,0.07,0.0,0.0,0.0,1.0,1.0,472.0
22.0,5.0,0.0,0.0,0.0,0.0,289.0,1.0,0.34,0.05,0.06,0.07,255.0,15.0,0.06,0.08,0.0,1.0,1.0,0.0,1.0,51549.0
45.0,5.0,0.0,0.0,0.0,0.0,131.0,1.0,1.0,0.02,0.06,0.0,255.0,19.0,0.07,0.06,0.0,1.0,1.0,0.0,1.0,85688.0
57.0,2.0,0.0,0.0,0.0,0.0,202.0,0.0,0.0,0.01,0.06,0.0,255.0,2.0,0.01,0.07,0.0,0.0,0.0,1.0,1.0,42255.0
13.0,9.0,8.0,0.0,0.0,0.0,1.0,0.0,0.0,1.0,0.0,1.0,4.0,92.0,1.0,0.0,0.25,0.0,0.0,0.0,1.0,50979.0
55.0,5.0,0.0,0.0,0.0,0.0,13.0,1.0,1.0,0.08,0.23,0.0,255.0,57.0,0.22,0.04,0.0,1.0,1.0,0.0,1.0,73215.0
41.0,4.0,1.0,0.0,0.0,0.0,2.0,0.0,0.0,1.0,0.0,0.0,255.0,2.0,0.01,0.68,0.0,0.0,0.0,1.0,1.0,75873.0
45.0,5.0,0.0,0.0,0.0,0.0,85.0,1.0,1.0,0.07,0.07,0.0,255.0,9.0,0.04,0.06,0.0,1.0,1.0,0.0,1.0,23900.0
45.0,5.0,0.0,0.0,0.0,0.0,9.0,1.0,1.0,0.44,0.22,0.0,255.0,17.0,0.07,0.07,0.0,1.0,1.0,0.0,1.0,105862.0
30.0,5.0,0.0,0.0,0.0,0.0,273.0,1.0,1.0,0.03,0.06,0.0,255.0,20.0,0.08,0.07,0.0,1.0,1.0,0.0,1.0,93976.0
20.0,1.0,0.0,0.0,0.0,0.0,145.0,0.0,0.0,0.06,0.08,0.0,255.0,9.0,0.04,0.08,0.0,0.0,0.0,1.0,1.0,96323.0
13.0,9.0,8.0,0.0,0.0,0.0,1.0,0.0,0.0,1.0,0.0,1.0,2.0,36.0,1.0,0.0,0.5,0.0,0.0,0.0,1.0,29289.0
45.0,1.0,0.0,0.0,0.0,0.0,149.0,0.0,0.0,0.13,0.06,0.0,255.0,34.0,0.13,0.05,0.0,0.0,0.0,1.0,1.0,118022.0
45.0,5.0,0.0,0.0,0.0,0.0,101.0,1.0,1.0,0.1,0.07,0.0,255.0,19.0,0.07,0.07,0.0,1.0,1.0,0.0,1.0,57628.0
45.0,5.0,0.0,0.0,0.0,0.0,31.0,1.0,1.0,0.42,0.16,0.0,255.0,13.0,0.05,0.08,0.0,1.0,1.0,0.0,1.0,118284.0
52.0,5.0,0.0,0.0,0.0,0.0,234.0,1.0,1.0,0.01,0.07,0.0,255.0,19.0,0.07,0.08,0.0,1.0,1.0,0.0,1.0,117373.0
45.0,1.0,0.0,0.0,0.0,0.0,186.0,0.1,0.0,0.01,1.0,0.0,255.0,1.0,0.0,0.87,0.0,0.07,0.0,1.0,1.0,115420.0
45.0,5.0,0.0,0.0,0.0,0.0,128.0,1.0,1.0,0.15,0.05,0.0,255.0,1.0,0.0,0.07,0.0,1.0,1.0,0.0,1.0,73304.0
60.0,2.0,0.0,0.0,0.0,0.0,104.0,0.0,0.0,0.01,0.08,0.0,255.0,1.0,0.0,0.07,0.0,0.0,0.0,1.0,1.0,53703.0
45.0,4.0,0.0,0.0,0.0,0.0,1.0,0.0,0.0,1.0,0.0,0.0,255.0,1.0,0.0,0.5,0.0,0.0,0.0,1.0,1.0,121139.0
23.0,5.0,0.0,0.0,0.0,0.0,218.0,1.0,1.0,0.0,0.06,0.0,255.0,1.0,0.0,0.06,0.0,1.0,1.0,0.0,1.0,109523.0
45.0,5.0,0.0,0.0,0.0,0.0,208.0,1.0,1.0,0.05,0.05,0.0,255.0,11.0,0.04,0.06,0.0,1.0,1.0,0.0,1.0,65250.0
45.0,5.0,0.0,0.0,0.0,0.0,113.0,1.0,1.0,0.11,0.06,0.0,255.0,12.0,0.05,0.05,0.0,1.0,1.0,0.0,1.0,30811.0
9.0,5.0,0.0,0.0,0.0,0.0,16.0,1.0,1.0,0.38,0.38,0.0,255.0,14.0,0.05,0.09,0.0,1.0,1.0,0.0,1.0,26596.0
13.0,9.0,18.0,0.0,0.0,0.0,1.0,0.0,0.0,1.0,0.0,0.0,1.0,145.0,1.0,0.0,0.26,0.0,0.0,0.0,1.0,59392.0
49.0,5.0,0.0,0.0,0.0,0.0,288.0,1.0,1.0,0.05,0.05,0.0,255.0,13.0,0.05,0.05,0.0,1.0,1.0,0.0,1.0,27553.0
17.0,5.0,0.0,0.0,0.0,0.0,56.0,1.0,1.0,0.27,0.07,0.0,255.0,55.0,0.22,0.03,0.0,1.0,1.0,0.0,1.0,55468.0
45.0,1.0,0.0,0.0,0.0,0.0,119.0,0.0,0.0,0.13,0.07,0.0,255.0,15.0,0.06,0.07,0.0,0.0,0.0,1.0,1.0,107219.0
45.0,1.0,0.0,0.0,0.0,0.0,176.0,0.0,0.0,0.1,0.07,0.0,255.0,18.0,0.07,0.07,0.0,0.0,0.0,1.0,1.0,101476.0
8.0,4.0,0.0,0.0,0.0,0.0,49.0,0.0,0.0,0.04,0.55,0.0,255.0,2.0,0.01,0.11,0.0,0.0,0.0,1.0,1.0,48713.0
38.0,5.0,0.0,0.0,0.0,0.0,122.0,1.0,1.0,0.06,0.07,0.0,255.0,7.0,0.03,0.06,0.0,1.0,1.0,0.0,1.0,75567.0
45.0,5.0,0.0,0.0,0.0,0.0,159.0,1.0,1.0,0.16,0.06,0.0,255.0,25.0,0.1,0.06,0.0,1.0,1.0,0.0,1.0,7292.0
45.0,5.0,0.0,0.0,0.0,0.0,73.0,1.0,1.0,0.22,0.08,0.0,255.0,17.0,0.07,0.07,0.0,1.0,1.0,0.0,1.0,57411.0
22.0,5.0,0.0,0.0,0.0,0.0,249.0,1.0,1.0,0.1,0.05,0.0,255.0,24.0,0.09,0.06,0.0,1.0,1.0,0.0,1.0,31285.0
45.0,5.0,0.0,0.0,0.0,0.0,252.0,1.0,1.0,0.0,0.06,0.0,255.0,16.0,0.06,0.07,0.0,1.0,1.0,0.0,1.0,78375.0
45.0,5.0,0.0,0.0,0.0,0.0,193.0,1.0,1.0,0.02,0.07,0.0,255.0,3.0,0.01,0.07,0.0,1.0,1.0,0.0,1.0,51731.0
63.0,5.0,0.0,0.0,0.0,0.0,112.0,1.0,1.0,0.11,0.06,0.0,255.0,12.0,0.05,0.07,0.0,1.0,1.0,0.0,1.0,113290.0
14.0,9.0,1032.0,0.0,0.0,0.0,511.0,0.0,0.0,1.0,0.0,0.0,255.0,10.0,0.04,0.26,0.0,0.0,0.0,0.0,1.0,4781.0
45.0,1.0,0.0,0.0,0.0,0.0,144.0,0.0,0.0,0.12,0.06,0.0,255.0,8.0,0.03,0.06,0.0,0.0,0.0,1.0,1.0,123252.0
17.0,5.0,0.0,0.0,0.0,0.0,31.0,1.0,1.0,0.52,0.06,0.0,255.0,73.0,0.29,0.02,0.0,1.0,1.0,0.0,1.0,54257.0
45.0,5.0,0.0,0.0,0.0,0.0,148.0,1.0,1.0,0.13,0.05,0.0,255.0,23.0,0.09,0.06,0.0,1.0,1.0,0.0,1.0,88470.0
13.0,9.0,8.0,0.0,0.0,0.0,1.0,0.0,0.0,1.0,0.0,1.0,2.0,94.0,1.0,0.0,0.5,0.0,0.0,0.0,1.0,91145.0
45.0,5.0,0.0,0.0,0.0,0.0,78.0,1.0,1.0,0.1,0.08,0.0,186.0,8.0,0.04,0.07,0.0,1.0,1.0,0.0,1.0,11806.0
45.0,5.0,0.0,0.0,0.0,0.0,207.0,1.0,1.0,0.06,0.06,0.0,255.0,17.0,0.07,0.07,0.0,1.0,1.0,0.0,1.0,114562.0
16.0,5.0,0.0,0.0,0.0,0.0,127.0,1.0,1.0,0.12,0.06,0.0,255.0,6.0,0.02,0.06,0.0,1.0,1.0,0.0,1.0,43120.0
8.0,5.0,0.0,0.0,0.0,0.0,244.0,1.0,1.0,0.0,0.06,0.0,255.0,12.0,0.05,0.06,0.0,1.0,1.0,0.0,1.0,18666.0
14.0,9.0,520.0,0.0,0.0,0.0,185.0,0.0,0.0,1.0,0.0,0.0,255.0,255.0,1.0,0.0,0.0,0.0,0.0,0.0,1.0,89300.0
45.0,5.0,0.0,0.0,0.0,0.0,148.0,1.0,1.0,0.02,0.06,0.0,255.0,1.0,0.0,0.08,0.0,1.0,1.0,0.0,1.0,47702.0
45.0,5.0,0.0,0.0,0.0,0.0,147.0,0.99,1.0,0.14,0.06,0.0,255.0,2.0,0.01,0.06,0.0,1.0,1.0,0.0,1.0,20780.0
45.0,1.0,0.0,0.0,0.0,0.0,2.0,0.0,0.0,0.5,1.0,0.0,255.0,1.0,0.0,0.25,0.0,0.0,0.0,1.0,1.0,909.0
45.0,5.0,0.0,0.0,0.0,0.0,202.0,1.0,1.0,0.07,0.07,0.0,255.0,2.0,0.01,0.07,0.0,1.0,1.0,0.0,1.0,77322.0
45.0,1.0,0.0,0.0,0.0,0.0,71.0,0.0,0.0,0.23,0.06,0.0,255.0,16.0,0.06,0.07,0.0,0.0,0.0,1.0,1.0,58826.0
14.0,9.0,1032.0,0.0,0.0,0.0,511.0,0.0,0.0,1.0,0.0,0.0,168.0,23.0,0.14,0.02,0.0,0.0,0.0,0.0,1.0,39190.0
57.0,2.0,0.0,0.0,0.0,0.0,228.0,0.0,0.0,0.06,0.07,0.0,255.0,14.0,0.05,0.08,0.0,0.0,0.0,1.0,1.0,112906.0
14.0,9.0,1032.0,0.0,0.0,0.0,52.0,0.0,0.0,1.0,0.0,0.0,170.0,76.0,0.45,0.04,0.0,0.01,0.0,0.0,1.0,24491.0
45.0,5.0,0.0,0.0,0.0,0.0,175.0,1.0,1.0,0.06,0.07,0.0,255.0,10.0,0.04,0.09,0.0,1.0,1.0,0.0,1.0,29975.0
17.0,5.0,0.0,0.0,0.0,0.0,38.0,1.0,1.0,0.47,0.05,0.0,80.0,22.0,0.22,0.05,0.09,0.98,0.82,0.0,1.0,70455.0
57.0,5.0,0.0,0.0,0.0,0.0,121.0,1.0,1.0,0.13,0.07,0.0,255.0,16.0,0.06,0.06,0.0,1.0,1.0,0.0,1.0,125880.0
45.0,4.0,1.0,0.0,0.0,0.0,2.0,0.0,0.0,1.0,0.0,0.0,255.0,2.0,0.01,0.82,0.0,0.0,0.0,1.0,1.0,74073.0
22.0,5.0,0.0,0.0,0.0,0.0,58.0,1.0,1.0,0.28,0.07,0.0,138.0,36.0,0.26,0.03,0.0,1.0,1.0,0.0,1.0,93237.0
33.0,5.0,0.0,0.0,0.0,0.0,286.0,1.0,1.0,0.05,0.06,0.0,255.0,5.0,0.02,0.08,0.0,1.0,1.0,0.0,1.0,72962.0
45.0,5.0,0.0,0.0,0.0,0.0,118.0,1.0,1.0,0.14,0.06,0.0,255.0,19.0,0.07,0.08,0.0,1.0,1.0,0.0,1.0,2002.0
17.0,5.0,0.0,0.0,0.0,0.0,293.0,1.0,0.95,0.06,0.06,0.1,255.0,19.0,0.07,0.07,0.0,1.0,1.0,0.0,1.0,69127.0
45.0,9.0,1.0,0.0,0.0,0.0,21.0,0.0,0.0,0.9,0.1,0.0,255.0,28.0,0.11,0.22,0.0,0.0,0.0,0.0,1.0,12668.0
41.0,1.0,0.0,0.0,0.0,0.0,509.0,0.2,0.0,0.0,1.0,0.0,255.0,1.0,0.0,1.0,0.0,0.24,0.0,1.0,1.0,36340.0
13.0,9.0,8.0,0.0,0.0,0.0,1.0,0.0,0.0,1.0,0.0,1.0,3.0,163.0,1.0,0.0,0.25,0.0,0.0,0.0,1.0,94559.0
45.0,5.0,0.0,0.0,0.0,0.0,217.0,1.0,1.0,0.06,0.06,0.0,255.0,17.0,0.07,0.07,0.0,1.0,1.0,0.0,1.0,33535.0
3.0,5.0,0.0,0.0,0.0,0.0,251.0,1.0,1.0,0.08,0.06,0.0,255.0,3.0,0.01,0.07,0.0,1.0,1.0,0.0,1.0,17958.0
4.0,5.0,0.0,0.0,0.0,0.0,253.0,1.0,1.0,0.08,0.06,0.0,255.0,20.0,0.08,0.07,0.0,1.0,1.0,0.0,1.0,7001.0
60.0,5.0,0.0,0.0,0.0,0.0,149.0,1.0,1.0,0.17,0.05,0.0,255.0,25.0,0.1,0.04,0.0,1.0,1.0,0.0,1.0,37495.0
45.0,5.0,0.0,0.0,0.0,0.0,255.0,1.0,1.0,0.02,0.06,0.0,255.0,7.0,0.03,0.07,0.0,1.0,1.0,0.0,1.0,4893.0
45.0,5.0,0.0,0.0,0.0,0.0,109.0,1.0,1.0,0.03,0.06,0.0,255.0,36.0,0.14,0.05,0.0,1.0,1.0,0.0,1.0,38350.0
45.0,1.0,0.0,0.0,0.0,0.0,157.0,0.0,0.0,0.01,0.07,0.0,255.0,1.0,0.0,0.08,0.0,0.0,0.0,1.0,1.0,112944.0
45.0,5.0,0.0,0.0,0.0,0.0,98.0,1.0,1.0,0.02,0.06,0.0,255.0,2.0,0.01,0.08,0.0,1.0,1.0,0.0,1.0,31075.0
12.0,2.0,0.0,0.0,0.0,0.0,119.0,0.0,0.0,0.02,0.08,0.0,255.0,2.0,0.01,0.08,0.0,0.0,0.0,1.0,1.0,105774.0
14.0,9.0,1032.0,0.0,0.0,0.0,511.0,0.0,0.0,1.0,0.0,0.0,255.0,118.0,0.46,0.01,0.0,0.0,0.0,0.0,1.0,740.0
62.0,5.0,0.0,0.0,0.0,0.0,201.0,1.0,1.0,0.0,0.05,0.0,255.0,1.0,0.0,0.05,0.0,1.0,1.0,0.0,1.0,84760.0
31.0,5.0,0.0,0.0,0.0,0.0,149.0,1.0,1.0,0.05,0.06,0.0,255.0,6.0,0.02,0.06,0.0,1.0,1.0,0.0,1.0,104453.0
13.0,9.0,8.0,0.0,0.0,0.0,1.0,0.0,0.0,1.0,0.0,1.0,1.0,33.0,1.0,0.0,0.52,0.0,0.0,0.0,1.0,2587.0
51.0,5.0,0.0,0.0,0.0,0.0,120.0,1.0,1.0,0.04,0.07,0.0,255.0,25.0,0.1,0.07,0.0,1.0,1.0,0.0,1.0,50289.0
45.0,1.0,0.0,0.0,0.0,0.0,1.0,0.0,0.0,1.0,0.0,0.0,11.0,2.0,0.09,1.0,1.0,0.0,0.0,1.0,1.0,116822.0
45.0,1.0,0.0,0.0,0.0,0.0,151.0,0.04,0.0,0.01,0.99,0.0,255.0,1.0,0.0,0.6,0.0,0.02,0.0,1.0,1.0,72868.0
45.0,1.0,0.0,0.0,0.0,0.0,139.0,0.06,0.0,0.01,1.0,0.0,255.0,1.0,0.0,0.74,0.0,0.03,0.0,1.0,1.0,77189.0
45.0,9.0,28.0,0.0,3.0,0.0,63.0,0.02,0.0,0.98,0.03,0.0,255.0,62.0,0.24,0.01,0.0,0.0,0.0,0.0,1.0,73144.0
14.0,9.0,1032.0,0.0,0.0,0.0,511.0,0.0,0.0,1.0,0.0,0.0,255.0,27.0,0.11,0.05,0.0,0.31,0.0,0.0,1.0,20055.0
5.0,1.0,0.0,0.0,0.0,0.0,2.0,0.0,0.0,0.5,1.0,0.0,255.0,1.0,0.0,1.0,0.0,0.0,0.0,1.0,1.0,59447.0
15.0,5.0,0.0,0.0,0.0,0.0,141.0,1.0,1.0,0.13,0.06,0.0,255.0,18.0,0.07,0.06,0.0,1.0,1.0,0.0,1.0,5721.0
45.0,1.0,0.0,0.0,0.0,0.0,297.0,0.07,0.0,0.0,1.0,0.0,255.0,1.0,0.0,1.0,0.0,0.08,0.0,1.0,1.0,44364.0
45.0,1.0,0.0,0.0,0.0,0.0,43.0,0.16,0.0,0.02,1.0,0.0,255.0,1.0,0.0,0.48,0.0,0.03,0.0,1.0,1.0,44323.0
45.0,5.0,0.0,0.0,0.0,0.0,294.0,1.0,1.0,0.05,0.06,0.0,255.0,19.0,0.07,0.08,0.0,1.0,1.0,0.0,1.0,92569.0
45.0,5.0,0.0,0.0,0.0,0.0,187.0,1.0,1.0,0.07,0.06,0.0,255.0,4.0,0.02,0.07,0.0,1.0,1.0,0.0,1.0,42450.0
5.0,5.0,0.0,0.0,0.0,0.0,112.0,1.0,1.0,0.14,0.05,0.0,255.0,16.0,0.06,0.06,0.0,1.0,1.0,0.0,1.0,38493.0
53.0,5.0,0.0,0.0,0.0,0.0,268.0,1.0,1.0,0.06,0.06,0.0,255.0,6.0,0.02,0.08,0.0,1.0,1.0,0.0,1.0,46812.0
45.0,1.0,0.0,0.0,0.0,0.0,139.0,0.0,0.0,0.14,0.06,0.0,255.0,17.0,0.07,0.06,0.0,0.0,0.0,1.0,1.0,103663.0
45.0,9.0,1.0,0.0,0.0,0.0,12.0,0.0,0.0,0.42,0.17,0.0,255.0,71.0,0.28,0.16,0.0,0.0,0.0,0.0,1.0,114248.0
45.0,5.0,0.0,0.0,0.0,0.0,77.0,1.0,1.0,0.01,0.09,0.0,255.0,18.0,0.07,0.07,0.0,1.0,1.0,0.0,1.0,103409.0
14.0,9.0,520.0,0.0,0.0,0.0,479.0,0.0,0.0,1.0,0.0,0.0,144.0,144.0,1.0,0.0,0.0,0.0,0.0,0.0,1.0,30154.0
38.0,1.0,0.0,0.0,0.0,0.0,128.0,0.0,0.0,0.15,0.07,0.0,255.0,19.0,0.07,0.07,0.0,0.0,0.0,1.0,1.0,22629.0
45.0,5.0,0.0,0.0,0.0,0.0,189.0,1.0,1.0,0.01,0.06,0.0,255.0,15.0,0.06,0.07,0.0,1.0,1.0,0.0,1.0,58733.0
13.0,9.0,8.0,0.0,0.0,0.0,1.0,0.0,0.0,1.0,0.0,1.0,2.0,116.0,1.0,0.0,0.5,0.0,0.0,0.0,1.0,40067.0
30.0,5.0,0.0,0.0,0.0,0.0,122.0,1.0,1.0,0.02,0.07,0.0,255.0,5.0,0.02,0.08,0.0,1.0,1.0,0.0,1.0,18438.0
45.0,5.0,0.0,0.0,0.0,0.0,138.0,1.0,1.0,0.08,0.06,0.0,255.0,9.0,0.04,0.06,0.0,1.0,1.0,0.0,1.0,89766.0
14.0,9.0,1032.0,0.0,0.0,0.0,511.0,0.0,0.0,1.0,0.0,0.0,255.0,251.0,0.98,0.02,0.0,0.0,0.0,0.0,1.0,93236.0
45.0,1.0,0.0,0.0,0.0,0.0,249.0,0.0,0.0,0.06,0.07,0.0,255.0,15.0,0.06,0.08,0.0,0.0,0.0,1.0,1.0,73961.0
45.0,5.0,0.0,0.0,0.0,0.0,137.0,1.0,1.0,0.15,0.06,0.0,255.0,19.0,0.07,0.06,0.0,1.0,1.0,0.0,1.0,72362.0
4.0,5.0,0.0,0.0,0.0,0.0,214.0,1.0,1.0,0.03,0.06,0.0,255.0,18.0,0.07,0.08,0.0,1.0,1.0,0.0,1.0,111967.0
13.0,9.0,8.0,0.0,0.0,0.0,1.0,0.0,0.0,1.0,0.0,1.0,1.0,28.0,1.0,0.0,0.54,0.0,0.0,0.0,1.0,39949.0
41.0,4.0,1.0,0.0,0.0,0.0,2.0,0.0,0.0,1.0,0.0,0.0,255.0,2.0,0.01,0.73,0.0,0.0,0.0,1.0,1.0,77404.0
42.0,5.0,0.0,0.0,0.0,0.0,169.0,1.0,1.0,0.08,0.08,0.0,255.0,14.0,0.05,0.07,0.0,1.0,1.0,0.0,1.0,59958.0
19.0,9.0,334.0,0.0,0.0,1.0,2.0,0.0,0.0,1.0,0.0,0.0,4.0,12.0,1.0,0.0,0.25,0.0,0.0,0.0,1.0,98655.0
45.0,4.0,0.0,0.0,0.0,0.0,1.0,0.0,0.0,1.0,0.0,0.0,240.0,1.0,0.0,0.59,0.0,0.0,0.0,1.0,1.0,98986.0
31.0,5.0,0.0,0.0,0.0,0.0,150.0,1.0,1.0,0.01,0.06,0.0,255.0,1.0,0.0,0.07,0.0,1.0,1.0,0.0,1.0,99775.0
45.0,5.0,0.0,0.0,0.0,0.0,102.0,1.0,1.0,0.16,0.06,0.0,255.0,19.0,0.07,0.07,0.0,1.0,1.0,0.0,1.0,70688.0
45.0,5.0,0.0,0.0,0.0,0.0,194.0,1.0,1.0,0.09,0.05,0.0,255.0,4.0,0.02,0.08,0.0,1.0,1.0,0.0,1.0,64283.0
13.0,9.0,8.0,0.0,0.0,0.0,1.0,0.0,0.0,1.0,0.0,1.0,1.0,97.0,1.0,0.0,0.26,0.0,0.0,0.0,1.0,33751.0
13.0,9.0,8.0,0.0,0.0,0.0,1.0,0.0,0.0,1.0,0.0,1.0,1.0,101.0,1.0,0.0,0.26,0.0,0.0,0.0,1.0,117539.0
7.0,5.0,0.0,0.0,0.0,0.0,117.0,1.0,1.0,0.13,0.07,0.0,177.0,15.0,0.08,0.07,0.0,1.0,1.0,0.0,1.0,99925.0
45.0,5.0,0.0,0.0,0.0,0.0,274.0,1.0,1.0,0.01,0.06,0.0,255.0,15.0,0.06,0.07,0.0,1.0,1.0,0.0,1.0,115412.0
45.0,5.0,0.0,0.0,0.0,0.0,147.0,1.0,1.0,0.13,0.05,0.0,255.0,15.0,0.06,0.07,0.0,1.0,1.0,0.0,1.0,12386.0
51.0,5.0,0.0,0.0,0.0,0.0,265.0,1.0,1.0,0.07,0.06,0.0,255.0,19.0,0.07,0.07,0.0,1.0,1.0,0.0,1.0,99353.0
13.0,9.0,8.0,0.0,0.0,0.0,1.0,0.0,0.0,1.0,0.0,0.0,2.0,66.0,1.0,0.0,0.5,0.0,0.0,0.0,1.0,98339.0
19.0,5.0,0.0,0.0,0.0,0.0,237.0,1.0,1.0,0.1,0.05,0.0,255.0,24.0,0.09,0.06,0.0,1.0,1.0,0.0,1.0,108417.0
45.0,5.0,0.0,0.0,0.0,0.0,206.0,1.0,1.0,0.04,0.06,0.0,255.0,20.0,0.08,0.06,0.0,1.0,1.0,0.0,1.0,80751.0
52.0,5.0,0.0,0.0,0.0,0.0,279.0,1.0,1.0,0.01,0.05,0.0,255.0,2.0,0.01,0.05,0.0,1.0,1.0,0.0,1.0,49296.0
45.0,1.0,0.0,0.0,0.0,0.0,298.0,0.0,0.0,0.03,0.05,0.0,255.0,10.0,0.04,0.06,0.0,0.0,0.0,1.0,1.0,25544.0
45.0,5.0,0.0,0.0,0.0,0.0,239.0,1.0,1.0,0.06,0.05,0.0,255.0,14.0,0.05,0.08,0.0,1.0,1.0,0.0,1.0,21993.0
13.0,9.0,18.0,0.0,0.0,0.0,1.0,0.0,0.0,1.0,0.0,0.0,1.0,16.0,1.0,0.0,1.0,0.0,0.0,0.0,1.0,17.0
45.0,5.0,0.0,0.0,0.0,0.0,277.0,1.0,1.0,0.04,0.06,0.0,255.0,9.0,0.04,0.06,0.0,1.0,1.0,0.0,1.0,110719.0
19.0,5.0,0.0,0.0,0.0,0.0,208.0,1.0,1.0,0.07,0.07,0.0,255.0,15.0,0.06,0.07,0.0,1.0,1.0,0.0,1.0,123448.0
26.0,1.0,0.0,0.0,0.0,0.0,253.0,0.0,0.0,0.05,0.07,0.0,255.0,13.0,0.05,0.07,0.0,0.0,0.0,1.0,1.0,87003.0
45.0,10.0,0.0,0.0,0.0,0.0,1.0,1.0,1.0,1.0,0.0,0.0,132.0,1.0,0.01,0.92,0.0,0.94,1.0,0.0,1.0,22311.0
17.0,5.0,0.0,0.0,0.0,0.0,26.0,1.0,1.0,0.23,0.08,0.0,68.0,10.0,0.09,0.06,0.2,0.97,0.6,0.0,1.0,81152.0
29.0,5.0,0.0,0.0,0.0,0.0,133.0,1.0,1.0,0.15,0.06,0.0,255.0,20.0,0.08,0.06,0.0,1.0,1.0,0.0,1.0,7219.0
45.0,5.0,0.0,0.0,0.0,0.0,76.0,1.0,1.0,0.32,0.07,0.0,255.0,24.0,0.09,0.05,0.0,1.0,1.0,0.0,1.0,4281.0
45.0,9.0,1.0,0.0,0.0,0.0,52.0,0.0,0.0,0.12,0.1,0.0,255.0,6.0,0.02,0.25,0.0,0.02,0.0,0.0,1.0,28861.0
45.0,5.0,0.0,0.0,0.0,0.0,182.0,0.58,1.0,0.01,0.05,0.0,255.0,11.0,0.04,0.07,0.0,1.0,1.0,0.0,1.0,103127.0
38.0,5.0,0.0,0.0,0.0,0.0,115.0,1.0,1.0,0.03,0.06,0.0,255.0,17.0,0.07,0.07,0.0,1.0,1.0,0.0,1.0,48930.0
45.0,5.0,0.0,0.0,0.0,0.0,132.0,1.0,1.0,0.08,0.07,0.0,255.0,11.0,0.04,0.07,0.0,1.0,1.0,0.0,1.0,86034.0
25.0,5.0,0.0,0.0,0.0,0.0,283.0,1.0,1.0,0.05,0.06,0.0,255.0,13.0,0.05,0.06,0.0,1.0,1.0,0.0,1.0,12708.0
22.0,1.0,0.0,0.0,0.0,0.0,213.0,0.0,0.0,0.03,0.07,0.0,255.0,7.0,0.03,0.08,0.0,0.0,0.0,1.0,1.0,61476.0
36.0,5.0,0.0,0.0,0.0,0.0,241.0,1.0,1.0,0.01,0.07,0.0,255.0,3.0,0.01,0.07,0.0,1.0,1.0,0.0,1.0,123888.0
13.0,9.0,8.0,0.0,0.0,0.0,1.0,0.0,0.0,1.0,0.0,1.0,3.0,211.0,1.0,0.0,0.25,0.0,0.0,0.0,1.0,31418.0
55.0,5.0,0.0,0.0,0.0,0.0,210.0,1.0,1.0,0.07,0.05,0.0,255.0,15.0,0.06,0.05,0.0,1.0,1.0,0.0,1.0,102357.0
53.0,5.0,0.0,0.0,0.0,0.0,150.0,1.0,1.0,0.03,0.07,0.0,255.0,2.0,0.01,0.07,0.0,1.0,1.0,0.0,1.0,68742.0
22.0,1.0,0.0,0.0,0.0,0.0,224.0,0.0,0.0,0.01,0.07,0.0,255.0,3.0,0.01,0.07,0.0,0.0,0.0,1.0,1.0,101785.0
35.0,1.0,0.0,0.0,0.0,0.0,139.0,0.0,0.0,0.03,0.06,0.0,255.0,3.0,0.01,0.07,0.0,0.0,0.0,1.0,1.0,49799.0
60.0,5.0,0.0,0.0,0.0,0.0,125.0,1.0,1.0,0.08,0.06,0.0,255.0,18.0,0.07,0.07,0.0,1.0,1.0,0.0,1.0,12338.0
45.0,5.0,0.0,0.0,0.0,0.0,124.0,1.0,1.0,0.19,0.05,0.0,255.0,24.0,0.09,0.04,0.0,1.0,1.0,0.0,1.0,62309.0
33.0,5.0,0.0,0.0,0.0,0.0,266.0,1.0,1.0,0.02,0.06,0.0,255.0,4.0,0.02,0.07,0.0,1.0,1.0,0.0,1.0,63779.0
45.0,5.0,0.0,0.0,0.0,0.0,222.0,1.0,1.0,0.08,0.06,0.0,255.0,14.0,0.05,0.06,0.0,1.0,1.0,0.0,1.0,19739.0
13.0,9.0,8.0,0.0,0.0,0.0,1.0,0.0,0.0,1.0,0.0,1.0,4.0,44.0,1.0,0.0,0.25,0.0,0.0,0.0,1.0,33049.0
45.0,5.0,0.0,0.0,0.0,0.0,191.0,1.0,1.0,0.13,0.05,0.0,255.0,25.0,0.1,0.05,0.0,1.0,1.0,0.0,1.0,28879.0
41.0,9.0,1.0,0.0,0.0,0.0,14.0,0.0,0.0,0.14,0.5,0.0,255.0,2.0,0.01,0.2,0.0,0.0,0.0,0.0,1.0,22031.0
57.0,2.0,0.0,0.0,0.0,0.0,174.0,0.0,0.0,0.06,0.07,0.0,255.0,11.0,0.04,0.07,0.0,0.0,0.0,1.0,1.0,30301.0
45.0,1.0,0.0,0.0,0.0,0.0,1.0,0.0,0.0,1.0,0.0,0.0,20.0,2.0,0.05,1.0,1.0,0.0,0.0,1.0,1.0,93411.0
55.0,5.0,0.0,0.0,0.0,0.0,214.0,1.0,1.0,0.06,0.06,0.0,255.0,13.0,0.05,0.08,0.0,1.0,1.0,0.0,1.0,24617.0
45.0,3.0,0.0,0.0,0.0,0.0,169.0,0.68,0.5,0.01,0.39,0.0,255.0,2.0,0.01,0.26,0.0,0.45,0.5,0.5,1.0,114603.0
8.0,5.0,0.0,0.0,0.0,0.0,214.0,1.0,1.0,0.08,0.06,0.0,255.0,8.0,0.03,0.08,0.0,1.0,1.0,0.0,1.0,30170.0
13.0,9.0,8.0,0.0,0.0,0.0,1.0,0.0,0.0,1.0,0.0,1.0,1.0,3.0,1.0,0.0,0.67,0.0,0.0,0.0,1.0,37343.0
45.0,5.0,0.0,0.0,0.0,0.0,273.0,1.0,1.0,0.01,0.06,0.0,255.0,6.0,0.02,0.08,0.0,1.0,1.0,0.0,1.0,37937.0
50.0,5.0,0.0,0.0,0.0,0.0,276.0,1.0,1.0,0.02,0.06,0.0,255.0,5.0,0.02,0.08,0.0,1.0,1.0,0.0,1.0,23573.0
45.0,5.0,0.0,0.0,0.0,0.0,240.0,1.0,1.0,0.07,0.05,0.0,255.0,17.0,0.07,0.05,0.0,1.0,1.0,0.0,1.0,99621.0
51.0,5.0,0.0,0.0,0.0,0.0,230.0,1.0,1.0,0.08,0.06,0.0,255.0,18.0,0.07,0.06,0.0,1.0,1.0,0.0,1.0,99069.0
29.0,5.0,0.0,0.0,0.0,0.0,136.0,1.0,1.0,0.05,0.06,0.0,255.0,14.0,0.05,0.07,0.0,1.0,1.0,0.0,1.0,72618.0
45.0,5.0,0.0,0.0,0.0,0.0,186.0,1.0,1.0,0.06,0.07,0.0,255.0,5.0,0.02,0.08,0.0,1.0,1.0,0.0,1.0,94832.0
10.0,5.0,0.0,0.0,0.0,0.0,122.0,1.0,1.0,0.01,0.07,0.0,255.0,2.0,0.01,0.07,0.0,1.0,1.0,0.0,1.0,107421.0
13.0,9.0,18.0,0.0,0.0,0.0,1.0,0.0,0.0,1.0,0.0,0.0,2.0,10.0,1.0,0.0,0.3,0.0,0.0,0.0,1.0,105763.0
45.0,9.0,1.0,0.0,0.0,0.0,13.0,0.0,0.0,0.15,0.15,0.0,255.0,29.0,0.11,0.51,0.0,0.03,0.0,0.0,1.0,6941.0
13.0,9.0,8.0,0.0,0.0,0.0,1.0,0.0,0.0,1.0,0.0,1.0,2.0,70.0,1.0,0.0,0.5,0.0,0.0,0.0,1.0,6498.0
2.0,5.0,0.0,0.0,0.0,0.0,278.0,1.0,1.0,0.02,0.06,0.0,255.0,17.0,0.07,0.06,0.0,1.0,1.0,0.0,1.0,69129.0
36.0,5.0,0.0,0.0,0.0,0.0,291.0,1.0,1.0,0.01,0.06,0.0,255.0,3.0,0.01,0.06,0.0,1.0,1.0,0.0,1.0,75895.0
18.0,2.0,0.0,0.0,0.0,0.0,134.0,0.0,0.0,0.07,0.07,0.0,255.0,4.0,0.02,0.06,0.0,0.0,0.0,1.0,1.0,111478.0
6.0,1.0,0.0,0.0,0.0,0.0,205.0,0.0,0.0,0.04,0.07,0.0,255.0,8.0,0.03,0.07,0.0,0.0,0.0,1.0,1.0,91511.0
13.0,9.0,18.0,0.0,0.0,0.0,1.0,0.0,0.0,1.0,0.0,0.0,1.0,19.0,1.0,0.0,1.0,0.0,0.0,0.0,1.0,121796.0
45.0,1.0,0.0,0.0,0.0,0.0,1.0,0.0,0.0,1.0,0.0,0.0,53.0,1.0,0.02,1.0,0.0,0.0,0.0,1.0,1.0,64839.0
15.0,1.0,0.0,0.0,0.0,0.0,73.0,0.0,0.0,0.07,0.07,0.0,255.0,5.0,0.02,0.07,0.0,0.0,0.0,1.0,1.0,74741.0
45.0,5.0,0.0,0.0,0.0,0.0,230.0,1.0,1.0,0.02,0.06,0.0,255.0,5.0,0.02,0.07,0.0,1.0,1.0,0.0,1.0,120957.0
45.0,5.0,0.0,0.0,0.0,0.0,19.0,1.0,1.0,1.0,0.0,0.0,255.0,19.0,0.07,0.06,0.0,1.0,1.0,0.0,1.0,61438.0
53.0,5.0,0.0,0.0,0.0,0.0,210.0,1.0,1.0,0.09,0.06,0.0,255.0,19.0,0.07,0.07,0.0,1.0,1.0,0.0,1.0,111645.0
45.0,5.0,0.0,0.0,0.0,0.0,225.0,1.0,1.0,0.06,0.06,0.0,255.0,12.0,0.05,0.07,0.0,1.0,1.0,0.0,1.0,61570.0
45.0,9.0,28.0,0.0,3.0,0.0,32.0,0.0,0.0,1.0,0.0,0.0,255.0,32.0,0.13,0.01,0.0,0.0,0.0,0.0,1.0,93895.0
45.0,5.0,0.0,0.0,0.0,0.0,219.0,1.0,1.0,0.01,0.06,0.0,255.0,13.0,0.05,0.07,0.0,1.0,1.0,0.0,1.0,9076.0
14.0,9.0,1032.0,0.0,0.0,0.0,147.0,0.0,0.0,1.0,0.0,0.0,255.0,147.0,0.58,0.01,0.0,0.0,0.0,0.0,1.0,53946.0
45.0,5.0,0.0,0.0,0.0,0.0,209.0,1.0,1.0,0.05,0.06,0.0,255.0,17.0,0.07,0.07,0.0,1.0,1.0,0.0,1.0,10908.0
3.0,5.0,0.0,0.0,0.0,0.0,238.0,1.0,1.0,0.01,0.07,0.0,255.0,2.0,0.01,0.07,0.0,1.0,1.0,0.0,1.0,14114.0
2.0,5.0,0.0,0.0,0.0,0.0,257.0,1.0,1.0,0.09,0.05,0.0,255.0,23.0,0.09,0.05,0.0,1.0,1.0,0.0,1.0,88894.0
45.0,5.0,0.0,0.0,0.0,0.0,76.0,1.0,1.0,0.26,0.09,0.0,255.0,20.0,0.08,0.08,0.0,1.0,1.0,0.0,1.0,70828.0
13.0,9.0,8.0,0.0,0.0,0.0,1.0,0.0,0.0,1.0,0.0,1.0,2.0,86.0,1.0,0.0,0.5,0.0,0.0,0.0,1.0,64037.0
45.0,5.0,0.0,0.0,0.0,0.0,191.0,1.0,1.0,0.1,0.06,0.0,255.0,1.0,0.0,0.08,0.0,1.0,1.0,0.0,1.0,6984.0
19.0,5.0,0.0,0.0,0.0,0.0,226.0,1.0,1.0,0.01,0.06,0.0,255.0,3.0,0.01,0.06,0.0,1.0,1.0,0.0,1.0,121387.0
14.0,9.0,1032.0,0.0,0.0,0.0,335.0,0.0,0.0,1.0,0.0,0.0,255.0,255.0,1.0,0.0,0.0,0.0,0.0,0.0,1.0,20890.0
54.0,5.0,0.0,0.0,0.0,0.0,228.0,1.0,1.0,0.05,0.06,0.0,255.0,11.0,0.04,0.06,0.0,1.0,1.0,0.0,1.0,92110.0
60.0,5.0,0.0,0.0,0.0,0.0,129.0,1.0,1.0,0.05,0.06,0.0,255.0,6.0,0.02,0.07,0.0,1.0,1.0,0.0,1.0,105338.0
45.0,5.0,0.0,0.0,0.0,0.0,13.0,1.0,1.0,0.69,0.23,0.0,255.0,9.0,0.04,0.08,0.0,1.0,1.0,0.0,1.0,64518.0
19.0,5.0,0.0,0.0,0.0,0.0,4.0,1.0,1.0,1.0,0.0,0.0,255.0,53.0,0.21,0.02,0.0,1.0,1.0,0.0,1.0,12679.0
45.0,5.0,0.0,0.0,0.0,0.0,228.0,1.0,1.0,0.01,0.07,0.0,255.0,19.0,0.07,0.07,0.0,1.0,1.0,0.0,1.0,67311.0
2.0,5.0,0.0,0.0,0.0,0.0,278.0,1.0,1.0,0.02,0.06,0.0,255.0,5.0,0.02,0.06,0.0,1.0,1.0,0.0,1.0,51137.0
18.0,5.0,0.0,0.0,0.0,0.0,278.0,1.0,1.0,0.06,0.05,0.0,255.0,5.0,0.02,0.09,0.0,1.0,1.0,0.0,1.0,1992.0
45.0,9.0,1.0,0.0,0.0,0.0,26.0,0.0,0.0,0.88,0.08,0.0,255.0,23.0,0.09,0.26,0.0,0.0,0.0,0.0,1.0,113935.0
45.0,9.0,207.0,0.0,0.0,0.0,2.0,0.0,0.0,1.0,0.0,0.0,30.0,30.0,1.0,0.0,0.0,0.0,0.0,0.0,1.0,100904.0
45.0,9.0,28.0,0.0,3.0,0.0,24.0,0.0,0.0,1.0,0.0,0.0,255.0,24.0,0.09,0.01,0.0,0.0,0.0,0.0,1.0,97371.0
39.0,5.0,0.0,0.0,0.0,0.0,281.0,1.0,1.0,0.09,0.05,0.0,255.0,24.0,0.09,0.05,0.0,1.0,1.0,0.0,1.0,16312.0
30.0,5.0,0.0,0.0,0.0,0.0,240.0,1.0,1.0,0.02,0.07,0.0,255.0,4.0,0.02,0.08,0.0,1.0,1.0,0.0,1.0,89452.0
61.0,5.0,0.0,0.0,0.0,0.0,231.0,1.0,1.0,0.03,0.06,0.0,255.0,7.0,0.03,0.08,0.0,1.0,1.0,0.0,1.0,106702.0
19.0,9.0,334.0,0.0,0.0,1.0,2.0,0.0,0.0,1.0,0.0,0.0,6.0,27.0,1.0,0.0,0.19,0.0,0.04,0.0,1.0,43648.0
19.0,5.0,0.0,0.0,0.0,0.0,40.0,1.0,1.0,0.5,0.05,0.0,255.0,20.0,0.08,0.06,0.0,1.0,1.0,0.0,1.0,52434.0
45.0,1.0,0.0,0.0,0.0,0.0,1.0,0.0,0.0,1.0,0.0,0.0,44.0,2.0,0.02,1.0,1.0,0.0,0.0,1.0,1.0,100119.0
62.0,5.0,0.0,0.0,0.0,0.0,298.0,1.0,1.0,0.07,0.06,0.0,255.0,20.0,0.08,0.09,0.0,1.0,1.0,0.0,1.0,65133.0
14.0,9.0,1032.0,0.0,0.0,0.0,511.0,0.0,0.0,1.0,0.0,0.0,255.0,223.0,0.87,0.08,0.0,0.0,0.0,0.0,1.0,22229.0
54.0,5.0,0.0,0.0,0.0,0.0,295.0,1.0,1.0,0.01,0.06,0.0,255.0,2.0,0.01,0.09,0.0,1.0,1.0,0.0,1.0,17847.0
10.0,5.0,0.0,0.0,0.0,0.0,290.0,1.0,1.0,0.04,0.06,0.0,255.0,9.0,0.04,0.06,0.0,1.0,1.0,0.0,1.0,103283.0
13.0,9.0,8.0,0.0,0.0,0.0,1.0,0.0,0.0,1.0,0.0,1.0,4.0,216.0,1.0,0.0,0.25,0.0,0.0,0.0,1.0,28920.0
13.0,9.0,8.0,0.0,0.0,0.0,1.0,0.0,0.0,1.0,0.0,1.0,3.0,223.0,1.0,0.0,0.25,0.0,0.0,0.0,1.0,1370.0
38.0,5.0,0.0,0.0,0.0,0.0,100.0,1.0,1.0,0.03,0.06,0.0,255.0,4.0,0.02,0.07,0.0,1.0,1.0,0.0,1.0,87472.0
46.0,1.0,0.0,0.0,0.0,0.0,113.0,0.0,0.0,0.01,0.06,0.0,255.0,1.0,0.0,0.07,0.0,0.0,0.0,1.0,1.0,52356.0
29.0,5.0,0.0,0.0,0.0,0.0,97.0,1.0,1.0,0.01,0.07,0.0,255.0,1.0,0.0,0.06,0.0,1.0,1.0,0.0,1.0,53661.0
45.0,5.0,0.0,0.0,0.0,0.0,139.0,1.0,1.0,0.16,0.04,0.0,255.0,22.0,0.09,0.05,0.0,1.0,1.0,0.0,1.0,6515.0
19.0,5.0,0.0,0.0,0.0,0.0,286.0,1.0,1.0,0.01,0.05,0.0,255.0,4.0,0.02,0.05,0.0,1.0,1.0,0.0,1.0,73369.0
36.0,5.0,0.0,0.0,0.0,0.0,238.0,1.0,1.0,0.06,0.07,0.0,255.0,15.0,0.06,0.08,0.0,1.0,1.0,0.0,1.0,107362.0
26.0,5.0,0.0,0.0,0.0,0.0,299.0,1.0,1.0,0.03,0.06,0.0,255.0,7.0,0.03,0.07,0.0,1.0,1.0,0.0,1.0,67720.0
45.0,5.0,0.0,0.0,0.0,0.0,109.0,1.0,1.0,0.01,0.07,0.0,255.0,3.0,0.01,0.06,0.0,1.0,1.0,0.0,1.0,119416.0
7.0,5.0,0.0,0.0,0.0,0.0,107.0,1.0,1.0,0.05,0.07,0.0,67.0,5.0,0.07,0.12,0.0,1.0,1.0,0.0,1.0,14652.0
45.0,5.0,0.0,0.0,0.0,0.0,115.0,0.99,1.0,0.08,0.07,0.0,255.0,12.0,0.05,0.07,0.0,1.0,1.0,0.0,1.0,101032.0
61.0,5.0,0.0,0.0,0.0,0.0,116.0,1.0,1.0,0.15,0.05,0.0,255.0,1.0,0.0,0.07,0.0,1.0,1.0,0.0,1.0,66388.0
19.0,5.0,0.0,0.0,0.0,0.0,29.0,0.97,1.0,0.28,0.1,0.0,255.0,20.0,0.08,0.06,0.0,1.0,1.0,0.0,1.0,94647.0
45.0,5.0,0.0,0.0,0.0,0.0,241.0,1.0,1.0,0.05,0.07,0.0,255.0,13.0,0.05,0.08,0.0,1.0,1.0,0.0,1.0,38597.0
38.0,5.0,0.0,0.0,0.0,0.0,94.0,1.0,1.0,0.09,0.06,0.0,255.0,8.0,0.03,0.05,0.0,1.0,1.0,0.0,1.0,29002.0
45.0,5.0,0.0,0.0,0.0,0.0,285.0,1.0,1.0,0.08,0.04,0.0,145.0,22.0,0.15,0.07,0.0,0.99,1.0,0.0,1.0,76684.0
45.0,5.0,0.0,0.0,0.0,0.0,119.0,1.0,1.0,0.06,0.06,0.0,255.0,17.0,0.07,0.07,0.0,1.0,1.0,0.0,1.0,46180.0
45.0,4.0,0.0,0.0,0.0,0.0,1.0,0.0,0.0,1.0,0.0,0.0,255.0,1.0,0.0,0.99,0.0,0.0,0.0,1.0,1.0,38994.0
35.0,5.0,0.0,0.0,0.0,0.0,284.0,1.0,1.0,0.07,0.06,0.0,255.0,20.0,0.08,0.06,0.0,1.0,1.0,0.0,1.0,73663.0
45.0,5.0,0.0,0.0,0.0,0.0,207.0,1.0,1.0,0.04,0.06,0.0,255.0,8.0,0.03,0.05,0.0,1.0,1.0,0.0,1.0,40796.0
45.0,5.0,0.0,0.0,0.0,0.0,174.0,1.0,1.0,0.01,0.06,0.0,213.0,1.0,0.0,0.07,0.0,0.93,1.0,0.0,1.0,73785.0
50.0,5.0,0.0,0.0,0.0,0.0,166.0,1.0,1.0,0.02,0.08,0.0,255.0,4.0,0.02,0.08,0.0,1.0,1.0,0.0,1.0,107489.0
62.0,5.0,0.0,0.0,0.0,0.0,111.0,1.0,1.0,0.17,0.06,0.0,255.0,18.0,0.07,0.07,0.0,1.0,1.0,0.0,1.0,46092.0
45.0,9.0,207.0,0.0,0.0,0.0,2.0,0.0,0.0,1.0,0.0,0.0,234.0,194.0,0.83,0.01,0.0,0.0,0.0,0.0,1.0,78263.0
41.0,4.0,0.0,0.0,0.0,0.0,1.0,0.0,0.0,1.0,0.0,0.0,255.0,1.0,0.0,0.68,0.0,0.0,0.0,1.0,1.0,5622.0
34.0,5.0,0.0,0.0,0.0,0.0,259.0,1.0,1.0,0.08,0.05,0.0,255.0,22.0,0.09,0.05,0.0,1.0,1.0,0.0,1.0,76784.0
28.0,5.0,0.0,0.0,0.0,0.0,127.0,1.0,1.0,0.16,0.06,0.0,255.0,20.0,0.08,0.07,0.0,1.0,1.0,0.0,1.0,13435.0
22.0,1.0,0.0,0.0,0.0,0.0,284.0,0.0,0.0,0.05,0.06,0.0,255.0,13.0,0.05,0.06,0.0,0.0,0.0,1.0,1.0,84071.0
13.0,9.0,8.0,0.0,0.0,0.0,1.0,0.0,0.0,1.0,0.0,1.0,2.0,86.0,1.0,0.0,0.5,0.0,0.0,0.0,1.0,9287.0
45.0,5.0,0.0,0.0,0.0,0.0,130.0,1.0,1.0,0.11,0.06,0.0,255.0,14.0,0.05,0.06,0.0,1.0,1.0,0.0,1.0,116700.0
45.0,1.0,0.0,0.0,0.0,0.0,109.0,0.0,0.0,0.06,0.06,0.0,255.0,6.0,0.02,0.05,0.0,0.0,0.0,1.0,1.0,107296.0
45.0,5.0,0.0,0.0,0.0,0.0,117.0,1.0,1.0,0.05,0.06,0.0,255.0,8.0,0.03,0.06,0.0,1.0,1.0,0.0,1.0,80765.0
2.0,5.0,0.0,0.0,0.0,0.0,162.0,1.0,1.0,0.1,0.07,0.0,255.0,17.0,0.07,0.07,0.0,1.0,1.0,0.0,1.0,84479.0
45.0,5.0,0.0,0.0,0.0,0.0,100.0,1.0,1.0,0.2,0.07,0.0,255.0,20.0,0.08,0.07,0.0,1.0,1.0,0.0,1.0,98993.0
45.0,5.0,0.0,0.0,0.0,0.0,237.0,1.0,1.0,0.04,0.06,0.0,255.0,9.0,0.04,0.07,0.0,1.0,1.0,0.0,1.0,82863.0
62.0,1.0,0.0,0.0,0.0,0.0,244.0,0.0,0.0,0.05,0.07,0.0,255.0,13.0,0.05,0.07,0.0,0.0,0.0,1.0,1.0,80553.0
41.0,1.0,0.0,0.0,0.0,0.0,511.0,0.07,0.0,0.0,0.96,0.0,255.0,1.0,0.0,0.91,0.0,0.03,0.0,1.0,1.0,72029.0
45.0,1.0,0.0,0.0,0.0,0.0,402.0,0.0,0.0,0.0,0.52,0.0,255.0,1.0,0.0,0.52,0.0,0.0,0.0,1.0,1.0,85987.0
45.0,5.0,0.0,0.0,0.0,0.0,290.0,1.0,1.0,0.07,0.06,0.0,255.0,13.0,0.05,0.09,0.0,1.0,1.0,0.0,1.0,12458.0
14.0,9.0,1032.0,0.0,0.0,0.0,511.0,0.0,0.0,1.0,0.0,0.0,220.0,126.0,0.57,0.03,0.0,0.01,0.0,0.0,1.0,74518.0
45.0,5.0,0.0,0.0,0.0,0.0,245.0,1.0,1.0,0.07,0.05,0.0,186.0,16.0,0.09,0.07,0.0,0.92,1.0,0.0,1.0,46064.0
45.0,5.0,0.0,0.0,0.0,0.0,148.0,1.0,1.0,0.03,0.06,0.0,255.0,5.0,0.02,0.05,0.0,1.0,1.0,0.0,1.0,84491.0
45.0,5.0,0.0,0.0,0.0,0.0,104.0,1.0,1.0,0.16,0.07,0.0,255.0,17.0,0.07,0.06,0.0,1.0,1.0,0.0,1.0,32274.0
45.0,9.0,1.0,0.0,0.0,0.0,31.0,0.0,0.0,0.61,0.1,0.0,255.0,19.0,0.07,0.18,0.0,0.0,0.0,0.0,1.0,119534.0
45.0,4.0,0.0,0.0,0.0,0.0,1.0,0.0,0.0,1.0,0.0,0.0,143.0,1.0,0.01,0.32,0.0,0.0,0.0,1.0,1.0,35601.0
45.0,5.0,0.0,0.0,0.0,0.0,89.0,1.0,1.0,0.06,0.08,0.0,255.0,5.0,0.02,0.06,0.0,1.0,1.0,0.0,1.0,75903.0
14.0,9.0,1032.0,0.0,0.0,0.0,511.0,0.0,0.0,1.0,0.0,0.0,255.0,78.0,0.31,0.2,0.0,0.0,0.0,0.0,1.0,105731.0
57.0,2.0,0.0,0.0,0.0,0.0,204.0,0.0,0.0,0.01,0.07,0.0,255.0,2.0,0.01,0.08,0.0,0.0,0.0,1.0,1.0,27470.0
45.0,5.0,0.0,0.0,0.0,0.0,110.0,1.0,1.0,0.18,0.06,0.0,255.0,20.0,0.08,0.06,0.0,1.0,1.0,0.0,1.0,90416.0
45.0,9.0,1.0,0.0,0.0,0.0,61.0,0.0,0.0,0.56,0.07,0.0,255.0,99.0,0.39,0.06,0.0,0.0,0.0,0.0,1.0,84441.0
10.0,1.0,0.0,0.0,0.0,0.0,148.0,0.0,0.0,0.14,0.06,0.0,255.0,19.0,0.07,0.07,0.0,0.0,0.0,1.0,1.0,120761.0
45.0,5.0,0.0,0.0,0.0,0.0,300.0,1.0,1.0,0.01,0.06,0.0,255.0,2.0,0.01,0.07,0.0,1.0,1.0,0.0,1.0,62600.0
8.0,2.0,0.0,0.0,0.0,0.0,276.0,0.0,0.0,0.07,0.06,0.0,255.0,19.0,0.07,0.06,0.0,0.0,0.0,1.0,1.0,85804.0
8.0,1.0,0.0,0.0,0.0,0.0,48.0,0.0,0.0,0.02,0.56,0.0,255.0,1.0,0.0,0.11,0.0,0.0,0.0,1.0,1.0,99140.0
36.0,5.0,0.0,0.0,0.0,0.0,206.0,1.0,1.0,0.04,0.06,0.0,255.0,9.0,0.04,0.05,0.0,1.0,1.0,0.0,1.0,107700.0
19.0,9.0,334.0,0.0,0.0,1.0,2.0,0.0,0.0,1.0,0.0,0.0,10.0,20.0,1.0,0.0,0.2,0.0,0.0,0.0,1.0,99565.0
3.0,5.0,0.0,0.0,0.0,0.0,273.0,1.0,1.0,0.07,0.04,0.0,255.0,18.0,0.07,0.05,0.0,1.0,1.0,0.0,1.0,4170.0
13.0,9.0,8.0,0.0,0.0,0.0,1.0,0.0,0.0,1.0,0.0,1.0,1.0,1.0,1.0,0.0,0.0,0.0,0.0,0.0,1.0,111575.0
14.0,9.0,1032.0,0.0,0.0,0.0,511.0,0.0,0.0,1.0,0.0,0.0,255.0,231.0,0.91,0.01,0.0,0.0,0.0,0.0,1.0,91316.0
19.0,5.0,0.0,0.0,0.0,0.0,195.0,1.0,1.0,0.04,0.06,0.0,255.0,7.0,0.03,0.07,0.0,1.0,1.0,0.0,1.0,63231.0
45.0,5.0,0.0,0.0,0.0,0.0,252.0,1.0,1.0,0.02,0.05,0.0,112.0,4.0,0.04,0.09,0.0,0.98,1.0,0.0,1.0,58487.0
45.0,5.0,0.0,0.0,0.0,0.0,105.0,1.0,1.0,0.19,0.07,0.0,255.0,10.0,0.04,0.06,0.0,1.0,1.0,0.0,1.0,89078.0
6.0,1.0,0.0,0.0,0.0,0.0,196.0,0.0,0.0,0.02,0.08,0.0,255.0,4.0,0.02,0.08,0.0,0.0,0.0,1.0,1.0,34681.0
48.0,5.0,0.0,0.0,0.0,0.0,121.0,1.0,1.0,0.15,0.07,0.0,255.0,18.0,0.07,0.07,0.0,1.0,1.0,0.0,1.0,112332.0
2.0,5.0,0.0,0.0,0.0,0.0,258.0,1.0,1.0,0.08,0.07,0.0,255.0,20.0,0.08,0.07,0.0,1.0,1.0,0.0,1.0,27269.0
41.0,1.0,0.0,0.0,0.0,0.0,413.0,0.07,0.0,0.0,1.0,0.0,255.0,1.0,0.0,1.0,0.0,0.08,0.0,1.0,1.0,119013.0
45.0,9.0,1.0,0.0,0.0,0.0,28.0,0.0,0.0,0.89,0.07,0.0,255.0,25.0,0.1,0.26,0.0,0.0,0.0,0.0,1.0,68349.0
19.0,5.0,0.0,0.0,0.0,0.0,23.0,1.0,1.0,0.17,0.17,0.0,255.0,64.0,0.25,0.03,0.0,1.0,1.0,0.0,1.0,26892.0
45.0,1.0,0.0,0.0,0.0,0.0,511.0,0.1,0.0,0.0,1.0,0.0,255.0,1.0,0.0,1.0,0.0,0.11,0.0,1.0,1.0,53567.0
45.0,5.0,0.0,0.0,0.0,0.0,289.0,1.0,1.0,0.03,0.06,0.0,255.0,6.0,0.02,0.08,0.0,1.0,1.0,0.0,1.0,89854.0
29.0,1.0,0.0,0.0,0.0,0.0,265.0,0.0,0.0,0.02,0.06,0.0,255.0,4.0,0.02,0.07,0.0,0.0,0.0,1.0,1.0,23800.0
45.0,5.0,0.0,0.0,0.0,0.0,255.0,1.0,1.0,0.05,0.07,0.0,255.0,25.0,0.1,0.07,0.0,1.0,1.0,0.0,1.0,18636.0
14.0,9.0,1032.0,0.0,0.0,0.0,421.0,0.0,0.0,1.0,0.0,0.0,255.0,255.0,1.0,0.0,0.0,0.0,0.0,0.0,1.0,33698.0
45.0,5.0,0.0,0.0,0.0,0.0,226.0,1.0,1.0,0.05,0.06,0.0,255.0,18.0,0.07,0.07,0.0,1.0,1.0,0.0,1.0,71178.0
19.0,5.0,0.0,0.0,0.0,0.0,53.0,1.0,1.0,0.25,0.08,0.0,255.0,53.0,0.21,0.03,0.0,1.0,1.0,0.0,1.0,107244.0
34.0,5.0,0.0,0.0,0.0,0.0,109.0,1.0,1.0,0.19,0.05,0.0,255.0,21.0,0.08,0.05,0.0,1.0,1.0,0.0,1.0,75851.0
31.0,5.0,0.0,0.0,0.0,0.0,7.0,1.0,1.0,0.86,0.29,0.0,255.0,6.0,0.02,0.07,0.0,1.0,1.0,0.0,1.0,108161.0
63.0,1.0,0.0,0.0,0.0,0.0,266.0,0.0,0.0,0.02,0.06,0.0,255.0,4.0,0.02,0.07,0.0,0.0,0.0,1.0,1.0,27765.0
45.0,5.0,0.0,0.0,0.0,0.0,253.0,1.0,1.0,0.01,0.05,0.0,211.0,2.0,0.01,0.07,0.0,0.99,1.0,0.0,1.0,40338.0
30.0,1.0,0.0,0.0,0.0,0.0,259.0,0.0,0.0,0.06,0.07,0.0,255.0,16.0,0.06,0.08,0.0,0.0,0.0,1.0,1.0,112668.0
45.0,1.0,0.0,0.0,0.0,0.0,244.0,0.0,0.0,0.0,0.07,0.0,255.0,1.0,0.0,0.09,0.0,0.0,0.0,1.0,1.0,101841.0
8.0,5.0,0.0,0.0,0.0,0.0,279.0,1.0,1.0,0.07,0.06,0.0,255.0,19.0,0.07,0.06,0.0,1.0,1.0,0.0,1.0,35107.0
14.0,9.0,1032.0,0.0,0.0,0.0,510.0,0.0,0.0,1.0,0.0,0.0,255.0,46.0,0.18,0.04,0.0,0.24,0.0,0.0,1.0,87729.0
14.0,9.0,520.0,0.0,0.0,0.0,446.0,0.0,0.0,1.0,0.0,0.0,194.0,194.0,1.0,0.0,0.0,0.0,0.0,0.0,1.0,4965.0
45.0,5.0,0.0,0.0,0.0,0.0,283.0,1.0,1.0,0.0,0.06,0.0,255.0,6.0,0.02,0.07,0.0,1.0,1.0,0.0,1.0,20255.0
10.0,5.0,0.0,0.0,0.0,0.0,268.0,1.0,1.0,0.01,0.05,0.0,255.0,4.0,0.02,0.05,0.0,1.0,1.0,0.0,1.0,106691.0
45.0,5.0,0.0,0.0,0.0,0.0,133.0,1.0,1.0,0.08,0.06,0.0,255.0,29.0,0.11,0.07,0.0,1.0,1.0,0.0,1.0,11962.0
48.0,5.0,0.0,0.0,0.0,0.0,133.0,1.0,1.0,0.02,0.06,0.0,255.0,9.0,0.04,0.07,0.0,1.0,1.0,0.0,1.0,106840.0
45.0,5.0,0.0,0.0,0.0,0.0,47.0,1.0,1.0,0.45,0.09,0.0,255.0,21.0,0.08,0.07,0.0,1.0,1.0,0.0,1.0,70633.0
25.0,5.0,0.0,0.0,0.0,0.0,290.0,1.0,1.0,0.05,0.06,0.0,255.0,14.0,0.05,0.07,0.0,1.0,1.0,0.0,1.0,35036.0
22.0,5.0,0.0,0.0,0.0,0.0,12.0,1.0,0.92,1.0,0.0,0.15,12.0,12.0,1.0,0.0,0.0,1.0,1.0,0.0,1.0,13339.0
10.0,5.0,0.0,0.0,0.0,0.0,19.0,1.0,1.0,0.42,0.16,0.0,255.0,14.0,0.05,0.07,0.0,1.0,1.0,0.0,1.0,104363.0
13.0,9.0,8.0,0.0,0.0,0.0,1.0,0.0,0.0,1.0,0.0,1.0,2.0,36.0,1.0,0.0,0.5,0.0,0.0,0.0,1.0,56882.0
17.0,5.0,0.0,0.0,0.0,0.0,236.0,1.0,1.0,0.08,0.06,0.0,255.0,20.0,0.08,0.06,0.0,1.0,1.0,0.0,1.0,4696.0
45.0,5.0,0.0,0.0,0.0,0.0,129.0,1.0,1.0,0.05,0.06,0.0,255.0,5.0,0.02,0.06,0.0,1.0,1.0,0.0,1.0,94470.0
45.0,9.0,1.0,0.0,0.0,0.0,14.0,0.0,0.0,0.07,0.71,0.0,255.0,1.0,0.0,0.31,0.0,0.0,0.0,0.0,1.0,44076.0
45.0,10.0,0.0,0.0,0.0,0.0,1.0,1.0,1.0,1.0,0.0,0.0,121.0,1.0,0.01,0.92,0.0,0.93,1.0,0.0,1.0,98033.0
46.0,5.0,0.0,0.0,0.0,0.0,223.0,1.0,1.0,0.04,0.07,0.0,255.0,9.0,0.04,0.07,0.0,1.0,1.0,0.0,1.0,118319.0
55.0,5.0,0.0,0.0,0.0,0.0,33.0,1.0,1.0,0.09,0.12,0.0,255.0,51.0,0.2,0.03,0.0,1.0,1.0,0.0,1.0,18158.0
45.0,5.0,0.0,0.0,0.0,0.0,269.0,1.0,1.0,0.05,0.06,0.0,255.0,11.0,0.04,0.07,0.0,1.0,1.0,0.0,1.0,4738.0
6.0,5.0,0.0,0.0,0.0,0.0,235.0,1.0,1.0,0.02,0.07,0.0,255.0,4.0,0.02,0.08,0.0,1.0,1.0,0.0,1.0,19124.0
18.0,5.0,0.0,0.0,0.0,0.0,200.0,1.0,1.0,0.09,0.06,0.0,255.0,19.0,0.07,0.09,0.0,1.0,1.0,0.0,1.0,44104.0
5.0,5.0,0.0,0.0,0.0,0.0,121.0,1.0,1.0,0.02,0.06,0.0,255.0,15.0,0.06,0.07,0.0,1.0,1.0,0.0,1.0,54810.0
19.0,10.0,0.0,0.0,0.0,0.0,1.0,1.0,1.0,1.0,0.0,0.0,255.0,1.0,0.0,1.0,0.0,1.0,1.0,0.0,1.0,77536.0
20.0,1.0,0.0,0.0,0.0,0.0,102.0,0.0,0.0,0.09,0.06,0.0,255.0,9.0,0.04,0.08,0.0,0.0,0.0,1.0,1.0,57303.0
34.0,1.0,0.0,0.0,0.0,0.0,193.0,0.0,0.0,0.07,0.06,0.0,255.0,14.0,0.05,0.07,0.0,0.0,0.0,1.0,1.0,41231.0
23.0,1.0,0.0,0.0,0.0,0.0,102.0,0.0,0.0,0.02,0.07,0.0,255.0,2.0,0.01,0.07,0.0,0.0,0.0,1.0,1.0,102821.0
62.0,5.0,0.0,0.0,0.0,0.0,263.0,1.0,1.0,0.07,0.05,0.0,255.0,19.0,0.07,0.05,0.0,1.0,1.0,0.0,1.0,110521.0
33.0,5.0,0.0,0.0,0.0,0.0,260.0,1.0,1.0,0.08,0.05,0.0,255.0,21.0,0.08,0.05,0.0,1.0,1.0,0.0,1.0,27316.0
41.0,9.0,1.0,0.0,0.0,0.0,21.0,0.0,0.0,0.05,0.33,0.0,255.0,1.0,0.0,0.27,0.0,0.0,0.0,0.0,1.0,55970.0
45.0,5.0,0.0,0.0,0.0,0.0,97.0,1.0,1.0,0.21,0.07,0.0,255.0,1.0,0.0,0.07,0.0,1.0,1.0,0.0,1.0,102649.0
22.0,5.0,0.0,0.0,0.0,0.0,22.0,1.0,1.0,0.41,0.18,0.0,255.0,37.0,0.15,0.04,0.0,1.0,1.0,0.0,1.0,109770.0
45.0,5.0,0.0,0.0,0.0,0.0,249.0,1.0,1.0,0.03,0.06,0.0,255.0,12.0,0.05,0.07,0.0,1.0,1.0,0.0,1.0,5192.0
60.0,5.0,0.0,0.0,0.0,0.0,126.0,1.0,1.0,0.1,0.05,0.0,255.0,13.0,0.05,0.04,0.0,1.0,1.0,0.0,1.0,47781.0
21.0,1.0,0.0,0.0,0.0,0.0,233.0,0.0,0.0,0.06,0.07,0.0,255.0,15.0,0.06,0.08,0.0,0.0,0.0,1.0,1.0,101220.0
45.0,5.0,0.0,0.0,0.0,0.0,218.0,1.0,1.0,0.07,0.06,0.0,255.0,16.0,0.06,0.08,0.0,1.0,1.0,0.0,1.0,123848.0
45.0,5.0,0.0,0.0,0.0,0.0,181.0,1.0,1.0,0.01,0.07,0.0,255.0,20.0,0.08,0.07,0.0,1.0,1.0,0.0,1.0,94356.0
45.0,5.0,0.0,0.0,0.0,0.0,296.0,1.0,1.0,0.06,0.05,0.0,255.0,2.0,0.01,0.07,0.0,1.0,1.0,0.0,1.0,91432.0
45.0,5.0,0.0,0.0,0.0,0.0,133.0,0.99,1.0,0.05,0.07,0.0,255.0,7.0,0.03,0.06,0.0,1.0,1.0,0.0,1.0,96652.0
36.0,5.0,0.0,0.0,0.0,0.0,294.0,1.0,1.0,0.04,0.05,0.0,255.0,5.0,0.02,0.07,0.0,1.0,1.0,0.0,1.0,51578.0
15.0,5.0,0.0,0.0,0.0,0.0,141.0,1.0,1.0,0.03,0.06,0.0,255.0,4.0,0.02,0.06,0.0,1.0,1.0,0.0,1.0,49845.0
43.0,5.0,0.0,0.0,0.0,0.0,276.0,1.0,1.0,0.06,0.06,0.0,255.0,16.0,0.06,0.08,0.0,1.0,1.0,0.0,1.0,1184.0
14.0,9.0,1032.0,0.0,0.0,0.0,292.0,0.0,0.0,1.0,0.0,0.0,255.0,255.0,1.0,0.0,0.0,0.0,0.0,0.0,1.0,16346.0
3.0,5.0,0.0,0.0,0.0,0.0,284.0,1.0,1.0,0.05,0.06,0.0,255.0,13.0,0.05,0.06,0.0,1.0,1.0,0.0,1.0,88814.0
25.0,5.0,0.0,0.0,0.0,0.0,296.0,1.0,1.0,0.06,0.06,0.0,255.0,18.0,0.07,0.07,0.0,1.0,1.0,0.0,1.0,9596.0
18.0,5.0,0.0,0.0,0.0,0.0,252.0,1.0,1.0,0.04,0.06,0.0,255.0,11.0,0.04,0.07,0.0,1.0,1.0,0.0,1.0,28117.0
45.0,5.0,0.0,0.0,0.0,0.0,249.0,1.0,1.0,0.07,0.06,0.0,255.0,8.0,0.03,0.08,0.0,1.0,1.0,0.0,1.0,109536.0
13.0,9.0,8.0,0.0,0.0,0.0,1.0,0.0,0.0,1.0,0.0,1.0,1.0,97.0,1.0,0.0,0.51,0.0,0.0,0.0,1.0,84062.0
13.0,9.0,8.0,0.0,0.0,0.0,1.0,0.0,0.0,1.0,0.0,1.0,3.0,91.0,1.0,0.0,0.25,0.0,0.0,0.0,1.0,35701.0
45.0,5.0,0.0,0.0,0.0,0.0,102.0,1.0,1.0,0.12,0.06,0.0,255.0,14.0,0.05,0.07,0.0,1.0,1.0,0.0,1.0,72888.0
37.0,5.0,0.0,0.0,0.0,0.0,206.0,1.0,1.0,0.03,0.06,0.0,255.0,19.0,0.07,0.06,0.0,1.0,1.0,0.0,1.0,8571.0
45.0,5.0,0.0,0.0,0.0,0.0,179.0,1.0,1.0,0.02,0.07,0.0,25.0,4.0,0.16,0.24,0.0,0.44,1.0,0.0,1.0,54396.0
55.0,5.0,0.0,0.0,0.0,0.0,9.0,1.0,1.0,0.33,0.44,0.0,255.0,43.0,0.17,0.05,0.0,1.0,1.0,0.0,1.0,82331.0
34.0,1.0,0.0,0.0,0.0,0.0,250.0,0.0,0.0,0.01,0.06,0.0,255.0,2.0,0.01,0.07,0.0,0.0,0.0,1.0,1.0,49998.0
13.0,9.0,8.0,0.0,0.0,0.0,1.0,0.0,0.0,1.0,0.0,1.0,3.0,87.0,1.0,0.0,0.25,0.0,0.0,0.0,1.0,101467.0
63.0,5.0,0.0,0.0,0.0,0.0,273.0,1.0,1.0,0.03,0.06,0.0,255.0,7.0,0.03,0.08,0.0,1.0,1.0,0.0,1.0,48371.0
45.0,1.0,0.0,0.0,0.0,0.0,414.0,0.06,0.0,0.0,1.0,0.0,255.0,1.0,0.0,1.0,0.0,0.09,0.0,1.0,1.0,70258.0
13.0,9.0,18.0,0.0,0.0,0.0,1.0,0.0,0.0,1.0,0.0,0.0,1.0,69.0,1.0,0.0,0.26,0.0,0.0,0.0,1.0,13575.0
45.0,1.0,0.0,0.0,0.0,0.0,82.0,0.0,0.0,0.1,0.07,0.0,255.0,21.0,0.08,0.06,0.0,0.0,0.0,1.0,1.0,106951.0
45.0,9.0,1.0,0.0,0.0,0.0,86.0,0.0,0.0,0.69,0.05,0.0,255.0,121.0,0.47,0.05,0.0,0.0,0.0,0.0,1.0,116170.0
13.0,9.0,8.0,0.0,0.0,0.0,1.0,0.0,0.0,1.0,0.0,1.0,1.0,209.0,1.0,0.0,0.25,0.0,0.0,0.0,1.0,29131.0
29.0,1.0,0.0,0.0,0.0,0.0,126.0,0.0,0.0,0.14,0.07,0.0,250.0,18.0,0.07,0.06,0.0,0.0,0.0,1.0,1.0,14368.0
29.0,5.0,0.0,0.0,0.0,0.0,2.0,1.0,1.0,1.0,0.0,0.0,255.0,2.0,0.01,0.07,0.0,1.0,1.0,0.0,1.0,83832.0
28.0,1.0,0.0,0.0,0.0,0.0,142.0,0.0,0.0,0.13,0.06,0.0,255.0,18.0,0.07,0.05,0.0,0.0,0.0,1.0,1.0,36920.0
51.0,5.0,0.0,0.0,0.0,0.0,278.0,1.0,1.0,0.09,0.04,0.0,255.0,25.0,0.1,0.05,0.0,1.0,1.0,0.0,1.0,55105.0
55.0,5.0,0.0,0.0,0.0,0.0,266.0,1.0,1.0,0.02,0.06,0.0,255.0,5.0,0.02,0.07,0.0,1.0,1.0,0.0,1.0,115976.0
45.0,9.0,1.0,4.0,0.0,0.0,28.0,0.0,0.0,0.39,0.11,0.0,255.0,11.0,0.04,0.7,0.0,0.16,0.0,0.0,1.0,3613.0
45.0,5.0,0.0,0.0,0.0,0.0,154.0,1.0,1.0,0.07,0.07,0.0,255.0,11.0,0.04,0.06,0.0,1.0,1.0,0.0,1.0,50981.0
2.0,5.0,0.0,0.0,0.0,0.0,124.0,1.0,1.0,0.16,0.06,0.0,255.0,20.0,0.08,0.07,0.0,1.0,1.0,0.0,1.0,81555.0
36.0,5.0,0.0,0.0,0.0,0.0,215.0,1.0,1.0,0.04,0.07,0.0,255.0,19.0,0.07,0.05,0.0,1.0,1.0,0.0,1.0,44938.0
3.0,5.0,0.0,0.0,0.0,0.0,239.0,1.0,1.0,0.01,0.07,0.0,255.0,8.0,0.03,0.07,0.0,1.0,1.0,0.0,1.0,80257.0
45.0,5.0,0.0,0.0,0.0,0.0,135.0,1.0,1.0,0.07,0.07,0.0,255.0,13.0,0.05,0.06,0.0,1.0,1.0,0.0,1.0,58399.0
60.0,2.0,0.0,0.0,0.0,0.0,114.0,0.0,0.0,0.08,0.07,0.0,255.0,9.0,0.04,0.06,0.0,0.0,0.0,1.0,1.0,111003.0
45.0,5.0,0.0,0.0,0.0,0.0,138.0,1.0,1.0,0.01,0.06,0.0,255.0,3.0,0.01,0.06,0.0,1.0,1.0,0.0,1.0,5907.0
61.0,5.0,0.0,0.0,0.0,0.0,118.0,1.0,1.0,0.16,0.05,0.0,255.0,17.0,0.07,0.07,0.0,1.0,1.0,0.0,1.0,102742.0
20.0,1.0,0.0,0.0,0.0,0.0,241.0,0.0,0.0,0.06,0.06,0.0,255.0,15.0,0.06,0.07,0.0,0.0,0.0,1.0,1.0,19137.0
45.0,5.0,0.0,0.0,0.0,0.0,250.0,1.0,1.0,0.02,0.06,0.0,255.0,10.0,0.04,0.08,0.0,1.0,1.0,0.0,1.0,13478.0
33.0,5.0,0.0,0.0,0.0,0.0,273.0,1.0,1.0,0.01,0.06,0.0,255.0,16.0,0.06,0.07,0.0,1.0,1.0,0.0,1.0,124088.0
14.0,9.0,1032.0,0.0,0.0,0.0,511.0,0.0,0.0,1.0,0.0,0.0,255.0,109.0,0.43,0.19,0.0,0.0,0.0,0.0,1.0,63417.0
38.0,5.0,0.0,0.0,0.0,0.0,149.0,1.0,1.0,0.04,0.06,0.0,255.0,4.0,0.02,0.06,0.0,1.0,1.0,0.0,1.0,96471.0
37.0,5.0,0.0,0.0,0.0,0.0,241.0,1.0,1.0,0.01,0.07,0.0,255.0,2.0,0.01,0.07,0.0,1.0,1.0,0.0,1.0,57439.0
55.0,5.0,0.0,0.0,0.0,0.0,7.0,1.0,1.0,1.0,0.0,0.0,169.0,89.0,0.53,0.01,0.0,0.99,0.98,0.0,1.0,102240.0
7.0,5.0,0.0,0.0,0.0,0.0,234.0,1.0,1.0,0.01,0.05,0.0,255.0,3.0,0.01,0.05,0.0,1.0,1.0,0.0,1.0,59910.0
25.0,5.0,0.0,0.0,0.0,0.0,153.0,1.0,1.0,0.08,0.07,0.0,255.0,13.0,0.05,0.07,0.0,1.0,1.0,0.0,1.0,62865.0
41.0,1.0,0.0,0.0,0.0,0.0,344.0,0.06,0.0,0.0,1.0,0.0,255.0,1.0,0.0,1.0,0.0,0.08,0.0,1.0,1.0,49467.0
45.0,1.0,0.0,0.0,0.0,0.0,511.0,0.08,0.0,0.0,1.0,0.0,255.0,1.0,0.0,1.0,0.0,0.14,0.0,1.0,1.0,33322.0
22.0,5.0,0.0,0.0,0.0,0.0,61.0,1.0,1.0,0.25,0.07,0.0,255.0,55.0,0.22,0.02,0.0,1.0,1.0,0.0,1.0,90053.0
45.0,5.0,0.0,0.0,0.0,0.0,129.0,1.0,1.0,0.12,0.05,0.0,255.0,5.0,0.02,0.07,0.0,1.0,1.0,0.0,1.0,111077.0
45.0,9.0,28.0,0.0,3.0,0.0,31.0,0.0,0.0,1.0,0.0,0.0,234.0,31.0,0.13,0.05,0.0,0.02,0.0,0.0,1.0,105235.0
45.0,5.0,0.0,0.0,0.0,0.0,210.0,1.0,1.0,0.01,0.07,0.0,255.0,2.0,0.01,0.06,0.0,1.0,1.0,0.0,1.0,30365.0
45.0,5.0,0.0,0.0,0.0,0.0,162.0,1.0,1.0,0.02,0.06,0.0,255.0,15.0,0.06,0.06,0.0,1.0,1.0,0.0,1.0,93369.0
14.0,9.0,520.0,0.0,0.0,0.0,336.0,0.0,0.0,1.0,0.0,0.0,255.0,255.0,1.0,0.0,0.0,0.0,0.0,0.0,1.0,104643.0
45.0,5.0,0.0,0.0,0.0,0.0,219.0,1.0,1.0,0.11,0.06,0.0,255.0,25.0,0.1,0.06,0.0,1.0,1.0,0.0,1.0,56497.0
19.0,1.0,0.0,0.0,0.0,0.0,284.0,0.0,0.0,0.06,0.06,0.0,255.0,18.0,0.07,0.06,0.0,0.0,0.0,1.0,1.0,36196.0
45.0,5.0,0.0,0.0,0.0,0.0,239.0,1.0,1.0,0.03,0.05,0.0,255.0,7.0,0.03,0.07,0.0,1.0,1.0,0.0,1.0,15759.0
45.0,5.0,0.0,0.0,0.0,0.0,122.0,1.0,1.0,0.16,0.06,0.0,25.0,20.0,0.8,0.12,0.0,1.0,1.0,0.0,1.0,36037.0
45.0,5.0,0.0,0.0,0.0,0.0,146.0,1.0,1.0,0.06,0.05,0.0,255.0,29.0,0.11,0.05,0.0,1.0,1.0,0.0,1.0,120657.0
30.0,5.0,0.0,0.0,0.0,0.0,240.0,1.0,1.0,0.06,0.07,0.0,255.0,14.0,0.05,0.07,0.0,1.0,1.0,0.0,1.0,120559.0
62.0,5.0,0.0,0.0,0.0,0.0,134.0,1.0,1.0,0.17,0.05,0.0,255.0,23.0,0.09,0.05,0.0,1.0,1.0,0.0,1.0,31186.0
36.0,1.0,0.0,0.0,0.0,0.0,242.0,0.0,0.0,0.02,0.07,0.0,255.0,4.0,0.02,0.07,0.0,0.0,0.0,1.0,1.0,37146.0
13.0,9.0,8.0,0.0,0.0,0.0,1.0,0.0,0.0,1.0,0.0,1.0,1.0,51.0,1.0,0.0,0.51,0.0,0.0,0.0,1.0,103244.0
45.0,5.0,0.0,0.0,0.0,0.0,236.0,1.0,1.0,0.08,0.05,0.0,97.0,18.0,0.19,0.1,0.0,0.86,1.0,0.0,1.0,115595.0
37.0,1.0,0.0,0.0,0.0,0.0,105.0,0.0,0.0,0.17,0.07,0.0,255.0,3.0,0.01,0.08,0.0,0.0,0.0,1.0,1.0,48836.0
45.0,5.0,0.0,0.0,0.0,0.0,167.0,1.0,1.0,0.03,0.07,0.0,255.0,3.0,0.01,0.09,0.0,1.0,1.0,0.0,1.0,81779.0
21.0,5.0,0.0,0.0,0.0,0.0,214.0,1.0,1.0,0.07,0.06,0.0,255.0,14.0,0.05,0.07,0.0,1.0,1.0,0.0,1.0,7546.0
45.0,5.0,0.0,0.0,0.0,0.0,132.0,1.0,1.0,0.11,0.06,0.0,132.0,15.0,0.11,0.08,0.0,1.0,1.0,0.0,1.0,43502.0
45.0,1.0,0.0,0.0,0.0,0.0,192.0,0.0,0.0,0.06,0.06,0.0,255.0,11.0,0.04,0.08,0.0,0.0,0.0,1.0,1.0,103896.0
22.0,5.0,0.0,0.0,0.0,0.0,6.0,1.0,1.0,0.67,0.33,0.0,255.0,16.0,0.06,0.05,0.0,1.0,1.0,0.0,1.0,20771.0
45.0,5.0,0.0,0.0,0.0,0.0,259.0,1.0,1.0,0.01,0.07,0.0,255.0,2.0,0.01,0.07,0.0,1.0,1.0,0.0,1.0,30319.0
12.0,2.0,0.0,0.0,0.0,0.0,265.0,0.0,0.0,0.06,0.06,0.0,255.0,17.0,0.07,0.07,0.0,0.0,0.0,1.0,1.0,6367.0
29.0,1.0,0.0,0.0,0.0,0.0,146.0,0.0,0.0,0.11,0.05,0.0,255.0,12.0,0.05,0.07,0.0,0.0,0.0,1.0,1.0,46008.0
63.0,5.0,0.0,0.0,0.0,0.0,272.0,1.0,1.0,0.03,0.06,0.0,255.0,8.0,0.03,0.07,0.0,1.0,1.0,0.0,1.0,31884.0
45.0,5.0,0.0,0.0,0.0,0.0,297.0,1.0,1.0,0.05,0.06,0.0,255.0,3.0,0.01,0.09,0.0,1.0,1.0,0.0,1.0,57220.0
63.0,5.0,0.0,0.0,0.0,0.0,225.0,1.0,1.0,0.08,0.06,0.0,255.0,19.0,0.07,0.06,0.0,1.0,1.0,0.0,1.0,112343.0
45.0,5.0,0.0,0.0,0.0,0.0,147.0,1.0,1.0,0.1,0.05,0.0,255.0,11.0,0.04,0.06,0.0,1.0,1.0,0.0,1.0,53315.0
13.0,9.0,8.0,0.0,0.0,0.0,1.0,0.0,0.0,1.0,0.0,1.0,1.0,215.0,1.0,0.0,0.5,0.0,0.0,0.0,1.0,107085.0
45.0,10.0,0.0,0.0,0.0,0.0,1.0,1.0,1.0,1.0,0.0,0.0,44.0,1.0,0.02,0.77,0.0,0.82,1.0,0.0,1.0,81419.0
45.0,10.0,0.0,0.0,0.0,0.0,1.0,1.0,1.0,1.0,0.0,0.0,64.0,1.0,0.02,0.84,0.0,0.88,1.0,0.0,1.0,124644.0
29.0,5.0,0.0,0.0,0.0,0.0,89.0,1.0,1.0,0.02,0.07,0.0,255.0,4.0,0.02,0.07,0.0,1.0,1.0,0.0,1.0,12938.0
45.0,1.0,0.0,0.0,0.0,0.0,113.0,0.0,0.0,0.12,0.06,0.0,255.0,14.0,0.05,0.08,0.0,0.0,0.0,1.0,1.0,104339.0
14.0,9.0,1032.0,0.0,0.0,0.0,510.0,0.0,0.0,1.0,0.0,0.0,255.0,124.0,0.49,0.05,0.0,0.0,0.0,0.0,1.0,122610.0
17.0,5.0,0.0,0.0,0.0,0.0,33.0,1.0,1.0,0.24,0.12,0.0,255.0,47.0,0.18,0.05,0.0,1.0,1.0,0.0,1.0,42035.0
29.0,5.0,0.0,0.0,0.0,0.0,262.0,1.0,1.0,0.09,0.05,0.0,255.0,24.0,0.09,0.05,0.0,1.0,1.0,0.0,1.0,82107.0
7.0,5.0,0.0,0.0,0.0,0.0,113.0,1.0,1.0,0.04,0.06,0.0,255.0,4.0,0.02,0.09,0.0,1.0,1.0,0.0,1.0,85768.0
14.0,9.0,8.0,0.0,0.0,0.0,1.0,0.0,0.0,1.0,0.0,0.0,1.0,1.0,1.0,0.0,0.0,0.0,0.0,0.0,1.0,64513.0
36.0,5.0,0.0,0.0,0.0,0.0,84.0,1.0,1.0,0.14,0.07,0.0,255.0,7.0,0.03,0.07,0.0,1.0,1.0,0.0,1.0,69953.0
26.0,5.0,0.0,0.0,0.0,0.0,247.0,1.0,1.0,0.04,0.07,0.0,255.0,10.0,0.04,0.07,0.0,1.0,1.0,0.0,1.0,52221.0
45.0,5.0,0.0,0.0,0.0,0.0,179.0,1.0,1.0,0.03,0.08,0.0,255.0,5.0,0.02,0.07,0.0,1.0,1.0,0.0,1.0,37904.0
13.0,9.0,8.0,0.0,0.0,0.0,1.0,0.0,0.0,1.0,0.0,1.0,1.0,153.0,1.0,0.0,0.25,0.0,0.0,0.0,1.0,70551.0
45.0,5.0,0.0,0.0,0.0,0.0,254.0,1.0,1.0,0.01,0.07,0.0,255.0,4.0,0.02,0.07,0.0,1.0,1.0,0.0,1.0,111062.0
45.0,1.0,0.0,0.0,0.0,0.0,272.0,0.0,0.0,0.04,0.06,0.0,255.0,12.0,0.05,0.08,0.0,0.0,0.0,1.0,1.0,9712.0
45.0,1.0,0.0,0.0,0.0,0.0,9.0,0.0,0.0,0.11,0.56,0.0,179.0,1.0,0.01,0.04,0.0,0.01,0.0,1.0,1.0,27050.0
45.0,9.0,28.0,0.0,3.0,0.0,65.0,0.0,0.0,1.0,0.0,0.0,255.0,65.0,0.25,0.04,0.0,0.02,0.0,0.0,1.0,78946.0
12.0,5.0,0.0,0.0,0.0,0.0,172.0,1.0,1.0,0.07,0.06,0.0,255.0,12.0,0.05,0.06,0.0,1.0,1.0,0.0,1.0,31537.0
45.0,5.0,0.0,0.0,0.0,0.0,43.0,1.0,1.0,0.16,0.14,0.0,255.0,11.0,0.04,0.07,0.0,1.0,1.0,0.0,1.0,45721.0
55.0,5.0,0.0,0.0,0.0,0.0,67.0,1.0,1.0,0.24,0.06,0.0,255.0,56.0,0.22,0.04,0.0,1.0,1.0,0.0,1.0,49266.0
45.0,9.0,1.0,0.0,0.0,0.0,5.0,0.0,0.0,1.0,0.0,0.0,255.0,5.0,0.02,0.35,0.0,0.02,0.0,0.0,1.0,14736.0
45.0,5.0,0.0,0.0,0.0,0.0,286.0,1.0,1.0,0.05,0.06,0.0,255.0,15.0,0.06,0.07,0.0,1.0,1.0,0.0,1.0,110189.0
8.0,5.0,0.0,0.0,0.0,0.0,15.0,1.0,1.0,0.33,0.4,0.0,255.0,9.0,0.04,0.1,0.0,1.0,1.0,0.0,1.0,67255.0
49.0,5.0,0.0,0.0,0.0,0.0,5.0,1.0,1.0,1.0,0.0,0.0,187.0,139.0,0.45,0.01,0.01,0.99,0.61,0.0,1.0,113481.0
36.0,5.0,0.0,0.0,0.0,0.0,288.0,1.0,1.0,0.05,0.06,0.0,255.0,7.0,0.03,0.06,0.0,1.0,1.0,0.0,1.0,84436.0
8.0,5.0,0.0,0.0,0.0,0.0,246.0,1.0,1.0,0.01,0.06,0.0,255.0,14.0,0.05,0.06,0.0,1.0,1.0,0.0,1.0,122678.0
55.0,5.0,0.0,0.0,0.0,0.0,105.0,1.0,1.0,0.05,0.07,0.0,255.0,13.0,0.05,0.06,0.0,1.0,1.0,0.0,1.0,45498.0
13.0,9.0,8.0,0.0,0.0,0.0,1.0,0.0,0.0,1.0,0.0,1.0,1.0,17.0,1.0,0.0,0.53,0.0,0.0,0.0,1.0,79932.0
45.0,5.0,0.0,0.0,0.0,0.0,148.0,1.0,1.0,0.01,0.07,0.0,255.0,16.0,0.06,0.06,0.0,1.0,1.0,0.0,1.0,54708.0
45.0,9.0,1.0,4.0,0.0,0.0,20.0,0.0,0.0,0.15,0.15,0.0,255.0,3.0,0.01,0.73,0.0,0.16,0.0,0.0,1.0,79453.0
45.0,5.0,0.0,0.0,0.0,0.0,126.0,1.0,1.0,0.07,0.06,0.0,255.0,13.0,0.05,0.06,0.0,1.0,1.0,0.0,1.0,50574.0
55.0,5.0,0.0,0.0,0.0,0.0,29.0,0.97,1.0,0.28,0.1,0.0,255.0,20.0,0.08,0.05,0.0,1.0,1.0,0.0,1.0,59934.0
19.0,1.0,0.0,0.0,0.0,0.0,469.0,0.07,0.0,0.03,0.97,0.0,255.0,14.0,0.05,0.95,0.0,0.08,0.0,1.0,1.0,110216.0
45.0,5.0,0.0,0.0,0.0,0.0,264.0,1.0,1.0,0.05,0.06,0.0,255.0,16.0,0.06,0.07,0.0,1.0,1.0,0.0,1.0,40853.0
13.0,9.0,8.0,0.0,0.0,0.0,1.0,0.0,0.0,1.0,0.0,1.0,1.0,55.0,1.0,0.0,0.53,0.0,0.0,0.0,1.0,124903.0
14.0,9.0,1032.0,0.0,0.0,0.0,511.0,0.0,0.0,1.0,0.0,0.0,255.0,18.0,0.07,0.05,0.0,0.35,0.0,0.0,1.0,79688.0
54.0,5.0,0.0,0.0,0.0,0.0,104.0,1.0,1.0,0.04,0.06,0.0,255.0,4.0,0.02,0.07,0.0,1.0,1.0,0.0,1.0,21722.0
14.0,9.0,1032.0,0.0,0.0,0.0,511.0,0.0,0.0,1.0,0.0,0.0,255.0,58.0,0.23,0.02,0.0,0.02,0.0,0.0,1.0,111673.0
32.0,5.0,0.0,0.0,0.0,0.0,286.0,1.0,1.0,0.03,0.05,0.0,255.0,9.0,0.04,0.05,0.0,1.0,1.0,0.0,1.0,48225.0
10.0,1.0,0.0,0.0,0.0,0.0,129.0,0.0,0.0,0.02,0.07,0.0,255.0,1.0,0.0,0.07,0.0,0.0,0.0,1.0,1.0,122730.0
45.0,5.0,0.0,0.0,0.0,0.0,230.0,1.0,1.0,0.08,0.06,0.0,255.0,17.0,0.07,0.07,0.0,1.0,1.0,0.0,1.0,74569.0
2.0,5.0,0.0,0.0,0.0,0.0,250.0,1.0,1.0,0.02,0.06,0.0,255.0,5.0,0.02,0.07,0.0,1.0,1.0,0.0,1.0,48676.0
28.0,5.0,0.0,0.0,0.0,0.0,69.0,1.0,1.0,0.13,0.06,0.0,255.0,9.0,0.04,0.05,0.0,1.0,1.0,0.0,1.0,112113.0
22.0,5.0,0.0,0.0,0.0,0.0,237.0,1.0,0.26,0.03,0.07,0.09,255.0,6.0,0.02,0.07,0.0,1.0,1.0,0.0,1.0,12560.0
41.0,1.0,0.0,0.0,0.0,0.0,500.0,0.07,0.0,0.0,1.0,0.0,255.0,1.0,0.0,1.0,0.0,0.04,0.0,1.0,1.0,20442.0
62.0,1.0,0.0,0.0,0.0,0.0,169.0,0.0,0.0,0.05,0.07,0.0,255.0,8.0,0.03,0.09,0.0,0.0,0.0,1.0,1.0,111489.0
19.0,9.0,334.0,0.0,0.0,1.0,1.0,0.0,0.0,1.0,0.0,0.0,3.0,21.0,1.0,0.0,0.24,0.0,0.0,0.0,1.0,8205.0
31.0,5.0,0.0,0.0,0.0,0.0,140.0,1.0,1.0,0.05,0.05,0.0,255.0,7.0,0.03,0.05,0.0,1.0,1.0,0.0,1.0,78225.0
19.0,5.0,0.0,0.0,0.0,0.0,243.0,1.0,1.0,0.05,0.06,0.0,255.0,12.0,0.05,0.06,0.0,1.0,1.0,0.0,1.0,35649.0
60.0,5.0,0.0,0.0,0.0,0.0,118.0,1.0,1.0,0.11,0.06,0.0,255.0,13.0,0.05,0.06,0.0,1.0,1.0,0.0,1.0,92509.0
45.0,1.0,0.0,0.0,0.0,0.0,1.0,0.0,0.0,1.0,0.0,0.0,27.0,1.0,0.04,1.0,0.0,0.0,0.0,1.0,1.0,1649.0
5.0,5.0,0.0,0.0,0.0,0.0,109.0,1.0,1.0,0.05,0.06,0.0,255.0,5.0,0.02,0.06,0.0,1.0,1.0,0.0,1.0,2434.0
45.0,5.0,0.0,0.0,0.0,0.0,103.0,1.0,1.0,0.18,0.06,0.0,255.0,17.0,0.07,0.07,0.0,1.0,1.0,0.0,1.0,36487.0
45.0,5.0,0.0,0.0,0.0,0.0,292.0,1.0,1.0,0.05,0.06,0.0,255.0,13.0,0.05,0.06,0.0,1.0,1.0,0.0,1.0,87825.0
33.0,5.0,0.0,0.0,0.0,0.0,282.0,1.0,1.0,0.09,0.05,0.0,255.0,25.0,0.1,0.05,0.0,1.0,1.0,0.0,1.0,105683.0
45.0,5.0,0.0,0.0,0.0,0.0,91.0,1.0,1.0,0.07,0.09,0.0,255.0,6.0,0.02,0.07,0.0,1.0,1.0,0.0,1.0,43199.0
45.0,4.0,0.0,0.0,0.0,0.0,1.0,0.0,0.0,1.0,0.0,0.0,255.0,1.0,0.0,1.0,0.0,0.0,0.0,1.0,1.0,81528.0
45.0,4.0,0.0,0.0,0.0,0.0,1.0,0.0,0.0,1.0,0.0,0.0,207.0,1.0,0.0,0.21,0.0,0.0,0.0,1.0,1.0,31864.0
7.0,5.0,0.0,0.0,0.0,0.0,237.0,1.0,1.0,0.01,0.05,0.0,255.0,2.0,0.01,0.05,0.0,1.0,1.0,0.0,1.0,66964.0
14.0,9.0,1032.0,0.0,0.0,0.0,185.0,0.0,0.0,1.0,0.0,0.0,102.0,8.0,0.08,0.07,0.0,0.02,0.0,0.0,1.0,124781.0
55.0,5.0,0.0,0.0,0.0,0.0,247.0,1.0,1.0,0.1,0.05,0.0,255.0,24.0,0.09,0.06,0.0,1.0,1.0,0.0,1.0,105664.0
2.0,4.0,0.0,0.0,0.0,0.0,1.0,0.0,0.0,1.0,0.0,0.0,255.0,1.0,0.0,0.83,0.0,0.0,0.0,1.0,1.0,47501.0
45.0,1.0,0.0,0.0,0.0,0.0,197.0,0.0,0.0,0.07,0.07,0.0,255.0,13.0,0.05,0.07,0.0,0.0,0.0,1.0,1.0,9785.0
21.0,5.0,0.0,0.0,0.0,0.0,207.0,1.0,1.0,0.07,0.07,0.0,255.0,15.0,0.06,0.08,0.0,1.0,1.0,0.0,1.0,50137.0
45.0,1.0,0.0,0.0,0.0,0.0,138.0,0.0,0.0,0.06,0.07,0.0,255.0,8.0,0.03,0.09,0.0,0.0,0.0,1.0,1.0,41119.0
35.0,5.0,0.0,0.0,0.0,0.0,84.0,1.0,1.0,0.05,0.06,0.0,255.0,9.0,0.04,0.07,0.0,1.0,1.0,0.0,1.0,6606.0
47.0,5.0,0.0,0.0,0.0,0.0,282.0,1.0,1.0,0.07,0.06,0.0,255.0,20.0,0.08,0.08,0.0,1.0,1.0,0.0,1.0,21795.0
45.0,5.0,0.0,0.0,0.0,0.0,213.0,1.0,1.0,0.01,0.06,0.0,255.0,3.0,0.01,0.07,0.0,1.0,1.0,0.0,1.0,97740.0
60.0,5.0,0.0,0.0,0.0,0.0,106.0,1.0,1.0,0.06,0.07,0.0,255.0,6.0,0.02,0.07,0.0,1.0,1.0,0.0,1.0,78464.0
25.0,1.0,0.0,0.0,0.0,0.0,271.0,0.0,0.0,0.05,0.06,0.0,255.0,14.0,0.05,0.07,0.0,0.0,0.0,1.0,1.0,61932.0
19.0,5.0,0.0,0.0,0.0,0.0,34.0,1.0,1.0,0.41,0.12,0.0,255.0,64.0,0.25,0.04,0.0,1.0,1.0,0.0,1.0,43212.0
13.0,9.0,8.0,0.0,0.0,0.0,1.0,0.0,0.0,1.0,0.0,1.0,2.0,46.0,1.0,0.0,0.26,0.0,0.0,0.0,1.0,20493.0
12.0,5.0,0.0,0.0,0.0,0.0,216.0,1.0,1.0,0.01,0.06,0.0,255.0,2.0,0.01,0.06,0.0,1.0,1.0,0.0,1.0,124920.0
45.0,5.0,0.0,0.0,0.0,0.0,235.0,1.0,1.0,0.05,0.06,0.0,255.0,11.0,0.04,0.08,0.0,1.0,1.0,0.0,1.0,64169.0
32.0,1.0,0.0,0.0,0.0,0.0,276.0,0.0,0.0,0.03,0.06,0.0,255.0,9.0,0.04,0.07,0.0,0.0,0.0,1.0,1.0,99701.0
51.0,5.0,0.0,0.0,0.0,0.0,298.0,1.0,1.0,0.06,0.05,0.0,255.0,19.0,0.07,0.06,0.0,1.0,1.0,0.0,1.0,16024.0
45.0,5.0,0.0,0.0,0.0,0.0,224.0,1.0,1.0,0.04,0.06,0.0,255.0,5.0,0.02,0.06,0.0,1.0,1.0,0.0,1.0,101166.0
15.0,5.0,0.0,0.0,0.0,0.0,146.0,1.0,1.0,0.06,0.05,0.0,255.0,9.0,0.04,0.06,0.0,1.0,1.0,0.0,1.0,24072.0
52.0,5.0,0.0,0.0,0.0,0.0,287.0,1.0,1.0,0.03,0.06,0.0,255.0,13.0,0.05,0.08,0.0,1.0,1.0,0.0,1.0,84464.0
26.0,5.0,0.0,0.0,0.0,0.0,264.0,1.0,1.0,0.07,0.05,0.0,255.0,19.0,0.07,0.05,0.0,1.0,1.0,0.0,1.0,100814.0
41.0,9.0,1.0,0.0,0.0,0.0,35.0,0.0,0.0,0.06,0.11,0.0,255.0,2.0,0.01,0.07,0.0,0.0,0.0,0.0,1.0,49605.0
21.0,5.0,0.0,0.0,0.0,0.0,275.0,1.0,1.0,0.03,0.06,0.0,255.0,8.0,0.03,0.08,0.0,1.0,1.0,0.0,1.0,88662.0
45.0,4.0,1.0,0.0,0.0,0.0,2.0,0.0,0.0,1.0,0.0,0.0,255.0,2.0,0.01,0.69,0.0,0.0,0.0,1.0,1.0,115.0
30.0,4.0,1.0,0.0,0.0,0.0,2.0,0.0,0.0,1.0,0.0,0.0,255.0,2.0,0.01,0.35,0.0,0.0,0.0,1.0,1.0,110739.0
45.0,9.0,1.0,0.0,0.0,0.0,38.0,0.0,0.0,0.13,0.11,0.0,255.0,5.0,0.02,0.23,0.0,0.0,0.0,0.0,1.0,111276.0
45.0,5.0,0.0,0.0,0.0,0.0,210.0,1.0,1.0,0.05,0.06,0.0,255.0,12.0,0.05,0.06,0.0,1.0,1.0,0.0,1.0,35164.0
23.0,5.0,0.0,0.0,0.0,0.0,134.0,1.0,1.0,0.13,0.06,0.0,255.0,18.0,0.07,0.06,0.0,1.0,1.0,0.0,1.0,112907.0
45.0,5.0,0.0,0.0,0.0,0.0,53.0,1.0,1.0,0.43,0.08,0.0,255.0,23.0,0.09,0.06,0.0,1.0,1.0,0.0,1.0,114064.0
27.0,5.0,0.0,0.0,0.0,0.0,139.0,1.0,1.0,0.03,0.06,0.0,255.0,3.0,0.01,0.05,0.0,1.0,1.0,0.0,1.0,56919.0
41.0,1.0,0.0,0.0,0.0,0.0,399.0,0.07,0.0,0.0,1.0,0.0,255.0,1.0,0.0,1.0,0.0,0.08,0.0,1.0,1.0,105391.0
45.0,1.0,0.0,0.0,0.0,0.0,141.0,0.0,0.0,0.01,0.06,0.0,255.0,20.0,0.08,0.07,0.0,0.0,0.0,1.0,1.0,96166.0
45.0,5.0,0.0,0.0,0.0,0.0,171.0,0.99,1.0,0.03,0.08,0.0,255.0,5.0,0.02,0.08,0.0,1.0,1.0,0.0,1.0,59115.0
45.0,5.0,0.0,0.0,0.0,0.0,109.0,1.0,1.0,0.08,0.06,0.0,255.0,11.0,0.04,0.07,0.0,1.0,1.0,0.0,1.0,53999.0
5.0,5.0,0.0,0.0,0.0,0.0,145.0,1.0,1.0,0.11,0.06,0.0,255.0,16.0,0.06,0.06,0.0,1.0,1.0,0.0,1.0,95536.0
45.0,1.0,0.0,0.0,0.0,0.0,259.0,0.0,0.0,0.04,0.06,0.0,255.0,11.0,0.04,0.09,0.0,0.0,0.0,1.0,1.0,54032.0
61.0,5.0,0.0,0.0,0.0,0.0,265.0,1.0,1.0,0.02,0.06,0.0,255.0,16.0,0.06,0.07,0.0,1.0,1.0,0.0,1.0,70646.0
13.0,9.0,18.0,0.0,0.0,0.0,1.0,0.0,0.0,1.0,0.0,0.0,2.0,74.0,1.0,0.0,0.26,0.0,0.0,0.0,1.0,122144.0
6.0,5.0,0.0,0.0,0.0,0.0,227.0,1.0,1.0,0.08,0.07,0.0,255.0,18.0,0.07,0.07,0.0,1.0,1.0,0.0,1.0,54349.0
41.0,1.0,0.0,0.0,0.0,0.0,509.0,0.23,0.0,0.0,1.0,0.0,255.0,1.0,0.0,1.0,0.0,0.24,0.0,1.0,1.0,66096.0
45.0,5.0,0.0,0.0,0.0,0.0,132.0,1.0,1.0,0.08,0.06,0.0,255.0,12.0,0.05,0.06,0.0,1.0,1.0,0.0,1.0,13097.0
45.0,3.0,0.0,0.0,0.0,0.0,106.0,0.75,0.67,0.03,0.37,0.0,255.0,3.0,0.01,0.15,0.0,0.31,0.67,0.33,1.0,100741.0
14.0,9.0,1032.0,0.0,0.0,0.0,445.0,0.0,0.0,1.0,0.0,0.0,255.0,255.0,1.0,0.0,0.0,0.0,0.0,0.0,1.0,79180.0
50.0,4.0,0.0,0.0,0.0,0.0,1.0,0.0,0.0,1.0,0.0,0.0,255.0,1.0,0.0,1.0,0.0,0.0,0.0,1.0,1.0,13228.0
2.0,5.0,0.0,0.0,0.0,0.0,159.0,1.0,1.0,0.1,0.08,0.0,255.0,16.0,0.06,0.07,0.0,1.0,1.0,0.0,1.0,20138.0
45.0,9.0,1.0,0.0,0.0,0.0,22.0,0.0,0.0,0.09,0.27,0.0,255.0,2.0,0.01,0.24,0.0,0.0,0.0,0.0,1.0,117906.0
45.0,1.0,0.0,0.0,0.0,0.0,1.0,0.0,0.0,1.0,0.0,0.0,57.0,2.0,0.02,1.0,1.0,0.0,0.0,1.0,1.0,39326.0
45.0,5.0,0.0,0.0,0.0,0.0,280.0,1.0,1.0,0.05,0.06,0.0,255.0,15.0,0.06,0.08,0.0,1.0,1.0,0.0,1.0,43405.0
45.0,5.0,0.0,0.0,0.0,0.0,121.0,1.0,1.0,0.17,0.06,0.0,144.0,1.0,0.01,0.11,0.0,1.0,1.0,0.0,1.0,119557.0
17.0,5.0,0.0,0.0,0.0,0.0,63.0,0.97,1.0,0.25,0.1,0.0,255.0,56.0,0.22,0.04,0.0,1.0,1.0,0.0,1.0,30070.0
51.0,5.0,0.0,0.0,0.0,0.0,232.0,1.0,1.0,0.09,0.05,0.0,255.0,22.0,0.09,0.05,0.0,1.0,1.0,0.0,1.0,67999.0
31.0,5.0,0.0,0.0,0.0,0.0,114.0,1.0,1.0,0.2,0.06,0.0,255.0,23.0,0.09,0.05,0.0,1.0,1.0,0.0,1.0,60580.0
45.0,1.0,0.0,0.0,0.0,0.0,21.0,0.0,0.0,0.05,1.0,0.0,255.0,1.0,0.0,0.12,0.0,0.0,0.0,1.0,1.0,43325.0
13.0,9.0,8.0,0.0,0.0,0.0,1.0,0.0,0.0,1.0,0.0,1.0,2.0,134.0,1.0,0.0,0.25,0.0,0.0,0.0,1.0,58993.0
22.0,5.0,0.0,0.0,0.0,0.0,53.0,1.0,1.0,0.38,0.08,0.0,255.0,60.0,0.24,0.02,0.0,1.0,1.0,0.0,1.0,94881.0
13.0,9.0,8.0,0.0,0.0,0.0,1.0,0.0,0.0,1.0,0.0,1.0,3.0,115.0,1.0,0.0,0.25,0.0,0.0,0.0,1.0,3069.0
32.0,1.0,0.0,0.0,0.0,0.0,203.0,0.0,0.0,0.01,0.07,0.0,255.0,2.0,0.01,0.07,0.0,0.0,0.0,1.0,1.0,77527.0
12.0,5.0,0.0,0.0,0.0,0.0,265.0,1.0,1.0,0.01,0.06,0.0,255.0,3.0,0.01,0.07,0.0,1.0,1.0,0.0,1.0,10020.0
18.0,2.0,0.0,0.0,0.0,0.0,242.0,0.0,0.0,0.01,0.07,0.0,255.0,3.0,0.01,0.08,0.0,0.0,0.0,1.0,1.0,20236.0
45.0,4.0,0.0,0.0,0.0,0.0,1.0,0.0,0.0,1.0,0.0,0.0,255.0,1.0,0.0,0.75,0.0,0.0,0.0,1.0,1.0,32959.0
55.0,5.0,0.0,0.0,0.0,0.0,7.0,1.0,1.0,1.0,0.0,0.0,49.0,29.0,0.59,0.04,0.0,0.96,0.93,0.0,1.0,1909.0
10.0,5.0,0.0,0.0,0.0,0.0,201.0,1.0,1.0,0.06,0.06,0.0,255.0,20.0,0.08,0.06,0.0,1.0,1.0,0.0,1.0,87266.0
21.0,5.0,0.0,0.0,0.0,0.0,266.0,1.0,1.0,0.06,0.06,0.0,255.0,17.0,0.07,0.06,0.0,1.0,1.0,0.0,1.0,65076.0
45.0,1.0,0.0,0.0,0.0,0.0,130.0,0.0,0.0,0.13,0.06,0.0,255.0,29.0,0.11,0.07,0.0,0.0,0.0,1.0,1.0,63734.0
45.0,9.0,1.0,0.0,0.0,0.0,68.0,0.0,0.0,0.19,0.06,0.0,255.0,37.0,0.15,0.23,0.0,0.0,0.0,0.0,1.0,7179.0
45.0,5.0,0.0,0.0,0.0,0.0,64.0,1.0,1.0,0.03,0.08,0.0,244.0,2.0,0.01,0.07,0.0,1.0,1.0,0.0,1.0,35228.0
14.0,9.0,1032.0,0.0,0.0,0.0,511.0,0.0,0.0,1.0,0.0,0.0,255.0,239.0,0.94,0.01,0.0,0.0,0.0,0.0,1.0,12783.0
45.0,5.0,0.0,0.0,0.0,0.0,138.0,1.0,1.0,0.14,0.06,0.0,255.0,2.0,0.01,0.07,0.0,1.0,1.0,0.0,1.0,37868.0
33.0,5.0,0.0,0.0,0.0,0.0,300.0,1.0,1.0,0.07,0.06,0.0,255.0,20.0,0.08,0.08,0.0,1.0,1.0,0.0,1.0,61568.0
31.0,5.0,0.0,0.0,0.0,0.0,140.0,1.0,1.0,0.08,0.06,0.0,255.0,10.0,0.04,0.07,0.0,1.0,1.0,0.0,1.0,103317.0
4.0,5.0,0.0,0.0,0.0,0.0,226.0,1.0,1.0,0.05,0.06,0.0,255.0,16.0,0.06,0.08,0.0,1.0,1.0,0.0,1.0,92862.0
12.0,5.0,0.0,0.0,0.0,0.0,215.0,1.0,1.0,0.07,0.07,0.0,255.0,14.0,0.05,0.06,0.0,1.0,1.0,0.0,1.0,63708.0
61.0,1.0,0.0,0.0,0.0,0.0,509.0,0.02,0.0,0.0,1.0,0.0,255.0,1.0,0.0,1.0,0.0,0.02,0.0,1.0,1.0,35851.0
45.0,5.0,0.0,0.0,0.0,0.0,10.0,1.0,1.0,0.4,0.4,0.0,255.0,4.0,0.02,0.08,0.0,1.0,1.0,0.0,1.0,55775.0
45.0,5.0,0.0,0.0,0.0,0.0,118.0,1.0,1.0,0.16,0.05,0.0,255.0,2.0,0.01,0.06,0.0,1.0,1.0,0.0,1.0,2682.0
45.0,1.0,0.0,0.0,0.0,0.0,191.0,0.0,0.0,0.05,0.07,0.0,255.0,10.0,0.04,0.08,0.0,0.0,0.0,1.0,1.0,101951.0
45.0,5.0,0.0,0.0,0.0,0.0,119.0,1.0,1.0,0.05,0.06,0.0,255.0,27.0,0.11,0.06,0.0,1.0,1.0,0.0,1.0,26412.0
45.0,10.0,0.0,0.0,0.0,0.0,2.0,0.5,1.0,0.5,1.0,0.0,218.0,1.0,0.0,0.95,0.0,0.96,1.0,0.0,1.0,37726.0
9.0,5.0,0.0,0.0,0.0,0.0,280.0,1.0,1.0,0.03,0.06,0.0,255.0,15.0,0.06,0.07,0.0,1.0,1.0,0.0,1.0,89536.0
32.0,5.0,0.0,0.0,0.0,0.0,207.0,1.0,1.0,0.05,0.06,0.0,255.0,10.0,0.04,0.07,0.0,1.0,1.0,0.0,1.0,116066.0
13.0,9.0,8.0,0.0,0.0,0.0,1.0,0.0,0.0,1.0,0.0,1.0,1.0,45.0,1.0,0.0,0.51,0.0,0.0,0.0,1.0,58009.0
41.0,4.0,1.0,0.0,0.0,0.0,2.0,0.0,0.0,1.0,0.0,0.0,255.0,2.0,0.01,0.74,0.0,0.0,0.0,1.0,1.0,65287.0
25.0,5.0,0.0,0.0,0.0,0.0,275.0,1.0,1.0,0.03,0.06,0.0,255.0,9.0,0.04,0.06,0.0,1.0,1.0,0.0,1.0,75132.0
45.0,5.0,0.0,0.0,0.0,0.0,212.0,1.0,1.0,0.03,0.07,0.0,255.0,19.0,0.07,0.08,0.0,1.0,1.0,0.0,1.0,66533.0
45.0,1.0,0.0,0.0,0.0,0.0,27.0,0.0,0.0,0.04,1.0,0.0,255.0,1.0,0.0,0.15,0.0,0.0,0.0,1.0,1.0,103536.0
45.0,5.0,0.0,0.0,0.0,0.0,283.0,1.0,1.0,0.06,0.06,0.0,255.0,2.0,0.01,0.09,0.0,1.0,1.0,0.0,1.0,117989.0
29.0,5.0,0.0,0.0,0.0,0.0,107.0,1.0,1.0,0.16,0.06,0.0,255.0,7.0,0.03,0.06,0.0,1.0,1.0,0.0,1.0,3408.0
25.0,5.0,0.0,0.0,0.0,0.0,230.0,1.0,1.0,0.01,0.06,0.0,255.0,3.0,0.01,0.07,0.0,1.0,1.0,0.0,1.0,55744.0
13.0,9.0,8.0,0.0,0.0,0.0,1.0,0.0,0.0,1.0,0.0,1.0,4.0,152.0,1.0,0.0,0.25,0.0,0.0,0.0,1.0,46467.0
45.0,5.0,0.0,0.0,0.0,0.0,288.0,1.0,1.0,0.02,0.06,0.0,255.0,5.0,0.02,0.09,0.0,1.0,1.0,0.0,1.0,70164.0
45.0,5.0,0.0,0.0,0.0,0.0,222.0,1.0,1.0,0.09,0.06,0.0,255.0,20.0,0.08,0.06,0.0,1.0,1.0,0.0,1.0,36849.0
14.0,9.0,1032.0,0.0,0.0,0.0,511.0,0.0,0.0,1.0,0.0,0.0,255.0,139.0,0.55,0.01,0.0,0.0,0.0,0.0,1.0,5322.0
17.0,5.0,0.0,0.0,0.0,0.0,25.0,1.0,1.0,0.16,0.16,0.0,255.0,53.0,0.21,0.04,0.0,1.0,1.0,0.0,1.0,8435.0
45.0,9.0,1.0,0.0,0.0,0.0,15.0,0.0,0.0,0.13,0.67,0.0,255.0,2.0,0.01,0.31,0.0,0.0,0.0,0.0,1.0,71920.0
17.0,5.0,0.0,0.0,0.0,0.0,6.0,1.0,1.0,0.33,0.5,0.0,255.0,62.0,0.24,0.02,0.0,1.0,1.0,0.0,1.0,55567.0
16.0,2.0,0.0,0.0,0.0,0.0,98.0,0.0,0.0,0.01,0.07,0.0,255.0,1.0,0.0,0.07,0.0,0.0,0.0,1.0,1.0,109859.0
45.0,9.0,28.0,0.0,3.0,0.0,95.0,0.0,0.0,1.0,0.0,0.0,255.0,95.0,0.37,0.01,0.0,0.0,0.0,0.0,1.0,69142.0
41.0,1.0,0.0,0.0,0.0,0.0,510.0,0.09,0.0,0.0,1.0,0.0,255.0,1.0,0.0,1.0,0.0,0.08,0.0,1.0,1.0,86016.0
22.0,4.0,0.0,0.0,0.0,0.0,1.0,0.0,0.0,1.0,0.0,0.0,178.0,1.0,0.01,0.45,0.0,0.0,0.0,1.0,1.0,123892.0
6.0,5.0,0.0,0.0,0.0,0.0,220.0,1.0,1.0,0.07,0.05,0.0,255.0,16.0,0.06,0.05,0.0,1.0,1.0,0.0,1.0,111178.0
41.0,5.0,0.0,0.0,0.0,0.0,509.0,0.2,1.0,0.0,1.0,0.0,255.0,1.0,0.0,1.0,0.0,0.15,1.0,0.0,1.0,95149.0
50.0,5.0,0.0,0.0,0.0,0.0,4.0,1.0,1.0,0.5,0.75,0.0,255.0,2.0,0.01,0.08,0.0,1.0,1.0,0.0,1.0,41596.0
60.0,5.0,0.0,0.0,0.0,0.0,115.0,1.0,1.0,0.05,0.06,0.0,255.0,6.0,0.02,0.05,0.0,1.0,1.0,0.0,1.0,61997.0
13.0,9.0,8.0,0.0,0.0,0.0,1.0,0.0,0.0,1.0,0.0,1.0,2.0,72.0,1.0,0.0,0.5,0.0,0.0,0.0,1.0,34848.0
35.0,5.0,0.0,0.0,0.0,0.0,234.0,1.0,1.0,0.01,0.07,0.0,255.0,2.0,0.01,0.07,0.0,1.0,1.0,0.0,1.0,98406.0
14.0,9.0,1032.0,0.0,0.0,0.0,132.0,0.0,0.0,1.0,0.0,0.0,137.0,43.0,0.31,0.05,0.0,0.01,0.0,0.0,1.0,101024.0
13.0,9.0,8.0,0.0,0.0,0.0,1.0,0.0,0.0,1.0,0.0,1.0,4.0,116.0,1.0,0.0,0.25,0.0,0.0,0.0,1.0,85134.0
41.0,1.0,0.0,0.0,0.0,0.0,510.0,0.19,0.0,0.0,1.0,0.0,255.0,1.0,0.0,1.0,0.0,0.14,0.0,1.0,1.0,112891.0
19.0,1.0,0.0,0.0,0.0,0.0,462.0,0.07,0.0,0.02,0.98,0.0,255.0,7.0,0.03,0.98,0.0,0.08,0.0,1.0,1.0,90901.0
53.0,5.0,0.0,0.0,0.0,0.0,127.0,1.0,1.0,0.02,0.06,0.0,255.0,2.0,0.01,0.07,0.0,1.0,1.0,0.0,1.0,33831.0
13.0,9.0,18.0,0.0,0.0,0.0,1.0,0.0,0.0,1.0,0.0,0.0,1.0,61.0,1.0,0.0,1.0,0.0,0.0,0.0,1.0,39773.0
45.0,5.0,0.0,0.0,0.0,0.0,238.0,1.0,1.0,0.09,0.06,0.0,255.0,21.0,0.08,0.06,0.0,1.0,1.0,0.0,1.0,38055.0
41.0,1.0,0.0,0.0,0.0,0.0,492.0,0.07,0.0,0.0,1.0,0.0,255.0,1.0,0.0,1.0,0.0,0.04,0.0,1.0,1.0,64404.0
45.0,5.0,0.0,0.0,0.0,0.0,240.0,1.0,1.0,0.04,0.07,0.0,255.0,13.0,0.05,0.07,0.0,1.0,1.0,0.0,1.0,39590.0
17.0,5.0,0.0,0.0,0.0,0.0,28.0,1.0,1.0,0.36,0.14,0.0,255.0,70.0,0.27,0.02,0.0,1.0,1.0,0.0,1.0,69732.0
45.0,9.0,1.0,0.0,0.0,0.0,160.0,0.0,0.0,0.94,0.01,0.0,255.0,208.0,0.82,0.03,0.0,0.0,0.0,0.0,1.0,78435.0
45.0,2.0,0.0,0.0,0.0,0.0,298.0,0.0,0.0,0.07,0.06,0.0,255.0,20.0,0.08,0.07,0.0,0.0,0.0,1.0,1.0,53757.0
57.0,5.0,0.0,0.0,0.0,0.0,224.0,1.0,1.0,0.01,0.07,0.0,255.0,19.0,0.07,0.07,0.0,1.0,1.0,0.0,1.0,90301.0
20.0,5.0,0.0,0.0,0.0,0.0,245.0,1.0,1.0,0.04,0.07,0.0,255.0,9.0,0.04,0.07,0.0,1.0,1.0,0.0,1.0,62144.0
45.0,5.0,0.0,0.0,0.0,0.0,122.0,1.0,1.0,0.16,0.06,0.0,255.0,1.0,0.0,0.07,0.0,1.0,1.0,0.0,1.0,2003.0
45.0,5.0,0.0,0.0,0.0,0.0,86.0,1.0,1.0,0.2,0.06,0.0,255.0,4.0,0.02,0.07,0.0,1.0,1.0,0.0,1.0,77019.0
13.0,9.0,8.0,0.0,0.0,0.0,1.0,0.0,0.0,1.0,0.0,1.0,1.0,209.0,1.0,0.0,0.5,0.0,0.0,0.0,1.0,73480.0
45.0,9.0,28.0,0.0,3.0,0.0,89.0,0.01,0.0,0.98,0.03,0.0,255.0,87.0,0.34,0.02,0.0,0.0,0.0,0.0,1.0,88268.0
45.0,5.0,0.0,0.0,0.0,0.0,98.0,0.98,1.0,0.02,0.07,0.0,255.0,7.0,0.03,0.06,0.0,1.0,1.0,0.0,1.0,2009.0
6.0,5.0,0.0,0.0,0.0,0.0,201.0,1.0,1.0,0.03,0.06,0.0,255.0,7.0,0.03,0.06,0.0,1.0,1.0,0.0,1.0,36549.0
21.0,5.0,0.0,0.0,0.0,0.0,242.0,1.0,1.0,0.02,0.06,0.0,255.0,5.0,0.02,0.07,0.0,1.0,1.0,0.0,1.0,59649.0
45.0,9.0,28.0,0.0,3.0,0.0,44.0,0.0,0.0,1.0,0.0,0.0,247.0,44.0,0.18,0.04,0.0,0.02,0.0,0.0,1.0,61830.0
13.0,9.0,18.0,0.0,0.0,0.0,1.0,0.0,0.0,1.0,0.0,0.0,1.0,43.0,1.0,0.0,0.28,0.0,0.0,0.0,1.0,69666.0
45.0,5.0,0.0,0.0,0.0,0.0,109.0,1.0,1.0,0.05,0.06,0.0,255.0,16.0,0.06,0.06,0.0,1.0,1.0,0.0,1.0,85927.0
19.0,5.0,0.0,0.0,0.0,0.0,55.0,1.0,1.0,0.24,0.07,0.0,137.0,65.0,0.24,0.03,0.03,0.99,0.51,0.0,1.0,57919.0
45.0,5.0,0.0,0.0,0.0,0.0,121.0,1.0,1.0,0.09,0.07,0.0,255.0,19.0,0.07,0.06,0.0,1.0,1.0,0.0,1.0,91384.0
45.0,1.0,0.0,0.0,0.0,0.0,141.0,0.0,0.0,0.09,0.06,0.0,255.0,7.0,0.03,0.07,0.0,0.0,0.0,1.0,1.0,18428.0
13.0,9.0,8.0,0.0,0.0,0.0,1.0,0.0,0.0,1.0,0.0,1.0,1.0,155.0,1.0,0.0,0.5,0.0,0.0,0.0,1.0,70833.0
45.0,5.0,0.0,0.0,0.0,0.0,36.0,1.0,1.0,0.36,0.17,0.0,255.0,13.0,0.05,0.09,0.0,1.0,1.0,0.0,1.0,11132.0
45.0,4.0,0.0,0.0,0.0,0.0,1.0,0.0,0.0,1.0,0.0,0.0,255.0,1.0,0.0,0.07,0.0,0.0,0.0,1.0,1.0,63735.0
13.0,9.0,8.0,0.0,0.0,0.0,1.0,0.0,0.0,1.0,0.0,1.0,2.0,130.0,1.0,0.0,0.5,0.0,0.0,0.0,1.0,54975.0
7.0,5.0,0.0,0.0,0.0,0.0,264.0,1.0,1.0,0.03,0.07,0.0,255.0,8.0,0.03,0.09,0.0,1.0,1.0,0.0,1.0,12488.0
41.0,1.0,0.0,0.0,0.0,0.0,390.0,0.07,0.0,0.0,1.0,0.0,255.0,1.0,0.0,1.0,0.0,0.09,0.0,1.0,1.0,33007.0
41.0,1.0,0.0,0.0,0.0,0.0,343.0,0.06,0.0,0.0,1.0,0.0,255.0,1.0,0.0,1.0,0.0,0.08,0.0,1.0,1.0,38165.0
31.0,5.0,0.0,0.0,0.0,0.0,128.0,1.0,1.0,0.03,0.07,0.0,255.0,4.0,0.02,0.06,0.0,1.0,1.0,0.0,1.0,11817.0
45.0,5.0,0.0,0.0,0.0,0.0,63.0,1.0,1.0,0.06,0.1,0.0,255.0,23.0,0.09,0.05,0.0,1.0,1.0,0.0,1.0,27004.0
5.0,5.0,0.0,0.0,0.0,0.0,131.0,1.0,1.0,0.17,0.05,0.0,255.0,22.0,0.09,0.05,0.0,1.0,1.0,0.0,1.0,91002.0
45.0,5.0,0.0,0.0,0.0,0.0,150.0,1.0,1.0,0.04,0.06,0.0,255.0,5.0,0.02,0.08,0.0,1.0,1.0,0.0,1.0,117846.0
45.0,9.0,1.0,0.0,0.0,0.0,80.0,0.0,0.0,0.66,0.05,0.0,255.0,115.0,0.45,0.05,0.0,0.0,0.0,0.0,1.0,72065.0
7.0,5.0,0.0,0.0,0.0,0.0,203.0,1.0,1.0,0.0,0.06,0.0,255.0,1.0,0.0,0.08,0.0,1.0,1.0,0.0,1.0,94873.0
41.0,1.0,0.0,0.0,0.0,0.0,511.0,0.16,0.0,0.0,1.0,0.0,255.0,1.0,0.0,1.0,0.0,0.19,0.0,1.0,1.0,49410.0
12.0,5.0,0.0,0.0,0.0,0.0,275.0,1.0,1.0,0.04,0.05,0.0,255.0,10.0,0.04,0.07,0.0,1.0,1.0,0.0,1.0,124952.0
45.0,9.0,28.0,0.0,3.0,0.0,35.0,0.0,0.0,1.0,0.0,0.0,255.0,2.0,0.01,0.01,0.0,0.0,0.0,0.0,1.0,111266.0
14.0,9.0,1032.0,0.0,0.0,0.0,511.0,0.0,0.0,1.0,0.0,0.0,255.0,110.0,0.43,0.09,0.0,0.0,0.0,0.0,1.0,82061.0
45.0,5.0,0.0,0.0,0.0,0.0,134.0,1.0,1.0,0.1,0.06,0.0,190.0,13.0,0.07,0.06,0.0,1.0,1.0,0.0,1.0,30368.0
38.0,5.0,0.0,0.0,0.0,0.0,102.0,1.0,1.0,0.04,0.06,0.0,255.0,18.0,0.07,0.06,0.0,1.0,1.0,0.0,1.0,124078.0
30.0,5.0,0.0,0.0,0.0,0.0,134.0,1.0,1.0,0.09,0.06,0.0,255.0,2.0,0.01,0.07,0.0,1.0,1.0,0.0,1.0,64211.0
45.0,1.0,0.0,0.0,0.0,0.0,213.0,0.0,0.0,0.07,0.06,0.0,255.0,15.0,0.06,0.06,0.0,0.0,0.0,1.0,1.0,28744.0
45.0,5.0,0.0,0.0,0.0,0.0,94.0,1.0,1.0,0.02,0.07,0.0,255.0,19.0,0.07,0.07,0.0,1.0,1.0,0.0,1.0,72154.0
45.0,5.0,0.0,0.0,0.0,0.0,210.0,1.0,1.0,0.03,0.07,0.0,255.0,11.0,0.04,0.09,0.0,1.0,1.0,0.0,1.0,79598.0
41.0,1.0,0.0,0.0,0.0,0.0,511.0,0.16,0.0,0.0,1.0,0.0,255.0,1.0,0.0,1.0,0.0,0.21,0.0,1.0,1.0,34924.0
36.0,5.0,0.0,0.0,0.0,0.0,217.0,1.0,1.0,0.11,0.06,0.0,255.0,23.0,0.09,0.06,0.0,1.0,1.0,0.0,1.0,112814.0
4.0,5.0,0.0,0.0,0.0,0.0,249.0,1.0,1.0,0.02,0.06,0.0,255.0,6.0,0.02,0.05,0.0,1.0,1.0,0.0,1.0,96497.0
13.0,9.0,8.0,0.0,0.0,0.0,1.0,0.0,0.0,1.0,0.0,1.0,4.0,80.0,1.0,0.0,0.25,0.0,0.0,0.0,1.0,56513.0
2.0,5.0,0.0,0.0,0.0,0.0,270.0,1.0,1.0,0.02,0.06,0.0,255.0,6.0,0.02,0.06,0.0,1.0,1.0,0.0,1.0,118272.0
35.0,1.0,0.0,0.0,0.0,0.0,143.0,0.0,0.0,0.1,0.06,0.0,255.0,6.0,0.02,0.07,0.0,0.0,0.0,1.0,1.0,75701.0
41.0,4.0,1.0,0.0,0.0,0.0,2.0,0.0,0.0,1.0,0.0,0.0,255.0,2.0,0.01,0.68,0.0,0.0,0.0,1.0,1.0,8687.0
45.0,5.0,0.0,0.0,0.0,0.0,80.0,1.0,1.0,0.03,0.06,0.0,255.0,2.0,0.01,0.05,0.0,1.0,1.0,0.0,1.0,101401.0
21.0,5.0,0.0,0.0,0.0,0.0,288.0,1.0,1.0,0.07,0.05,0.0,255.0,21.0,0.08,0.05,0.0,1.0,1.0,0.0,1.0,108280.0
45.0,5.0,0.0,0.0,0.0,0.0,252.0,1.0,1.0,0.08,0.06,0.0,255.0,6.0,0.02,0.07,0.0,1.0,1.0,0.0,1.0,47675.0
55.0,2.0,0.0,15.0,0.0,0.0,1.0,0.0,0.0,1.0,0.0,0.0,4.0,1.0,0.25,1.0,0.0,0.0,0.0,1.0,1.0,95198.0
19.0,9.0,334.0,0.0,0.0,1.0,2.0,0.0,0.0,1.0,0.0,0.0,2.0,22.0,1.0,0.0,0.23,0.0,0.0,0.0,1.0,29052.0
45.0,10.0,0.0,0.0,0.0,0.0,1.0,1.0,1.0,1.0,0.0,0.0,223.0,1.0,0.0,0.96,0.0,0.96,1.0,0.0,1.0,2579.0
45.0,5.0,0.0,0.0,0.0,0.0,123.0,1.0,1.0,0.15,0.07,0.0,243.0,3.0,0.01,0.07,0.0,1.0,1.0,0.0,1.0,89352.0
62.0,5.0,0.0,0.0,0.0,0.0,46.0,1.0,1.0,0.3,0.13,0.0,255.0,14.0,0.05,0.08,0.0,1.0,1.0,0.0,1.0,8578.0
27.0,5.0,0.0,0.0,0.0,0.0,119.0,1.0,1.0,0.01,0.08,0.0,255.0,1.0,0.0,0.07,0.0,1.0,1.0,0.0,1.0,44772.0
25.0,5.0,0.0,0.0,0.0,0.0,207.0,1.0,1.0,0.04,0.06,0.0,255.0,16.0,0.06,0.08,0.0,1.0,1.0,0.0,1.0,99689.0
41.0,1.0,0.0,0.0,0.0,0.0,511.0,0.12,0.0,0.0,1.0,0.0,255.0,1.0,0.0,1.0,0.0,0.0,0.0,1.0,1.0,4504.0
62.0,5.0,0.0,0.0,0.0,0.0,285.0,1.0,1.0,0.05,0.06,0.0,255.0,13.0,0.05,0.09,0.0,1.0,1.0,0.0,1.0,107121.0
45.0,5.0,0.0,0.0,0.0,0.0,122.0,1.0,1.0,0.13,0.07,0.0,121.0,16.0,0.13,0.08,0.0,1.0,1.0,0.0,1.0,34869.0
25.0,5.0,0.0,0.0,0.0,0.0,251.0,1.0,1.0,0.04,0.06,0.0,255.0,9.0,0.04,0.07,0.0,1.0,1.0,0.0,1.0,124426.0
45.0,9.0,1.0,0.0,0.0,0.0,123.0,0.0,0.0,0.92,0.02,0.0,255.0,181.0,0.71,0.04,0.0,0.0,0.0,0.0,1.0,86467.0
13.0,9.0,8.0,0.0,0.0,0.0,1.0,0.0,0.0,1.0,0.0,1.0,1.0,3.0,1.0,0.0,0.67,0.0,0.0,0.0,1.0,87293.0
3.0,5.0,0.0,0.0,0.0,0.0,227.0,1.0,1.0,0.06,0.06,0.0,255.0,13.0,0.05,0.07,0.0,1.0,1.0,0.0,1.0,90886.0
41.0,1.0,0.0,0.0,0.0,0.0,509.0,0.08,0.0,0.0,1.0,0.0,255.0,1.0,0.0,1.0,0.0,0.07,0.0,1.0,1.0,10974.0
2.0,5.0,0.0,0.0,0.0,0.0,274.0,1.0,1.0,0.04,0.05,0.0,255.0,12.0,0.05,0.05,0.0,1.0,1.0,0.0,1.0,87172.0
45.0,5.0,0.0,0.0,0.0,0.0,47.0,1.0,1.0,0.21,0.13,0.0,255.0,19.0,0.07,0.09,0.0,1.0,1.0,0.0,1.0,14072.0
26.0,5.0,0.0,0.0,0.0,0.0,225.0,1.0,1.0,0.08,0.07,0.0,255.0,18.0,0.07,0.07,0.0,1.0,1.0,0.0,1.0,80434.0
63.0,5.0,0.0,0.0,0.0,0.0,289.0,1.0,1.0,0.04,0.05,0.0,255.0,12.0,0.05,0.05,0.0,1.0,1.0,0.0,1.0,40772.0
55.0,5.0,0.0,0.0,0.0,0.0,1.0,1.0,1.0,1.0,0.0,0.0,255.0,21.0,0.08,0.08,0.0,1.0,1.0,0.0,1.0,47800.0
45.0,5.0,0.0,0.0,0.0,0.0,298.0,1.0,1.0,0.07,0.06,0.0,255.0,20.0,0.08,0.06,0.0,1.0,1.0,0.0,1.0,20243.0
45.0,9.0,28.0,0.0,3.0,0.0,103.0,0.97,0.0,0.03,0.07,0.0,255.0,3.0,0.01,0.99,0.0,0.09,0.0,0.0,1.0,94766.0
53.0,5.0,0.0,0.0,0.0,0.0,283.0,1.0,1.0,0.06,0.06,0.0,255.0,4.0,0.02,0.07,0.0,1.0,1.0,0.0,1.0,34683.0
45.0,5.0,0.0,0.0,0.0,0.0,232.0,1.0,1.0,0.08,0.06,0.0,255.0,17.0,0.07,0.08,0.0,1.0,1.0,0.0,1.0,114372.0
14.0,9.0,1032.0,0.0,0.0,0.0,511.0,0.0,0.0,1.0,0.0,0.0,213.0,68.0,0.32,0.01,0.0,0.0,0.0,0.0,1.0,11555.0
14.0,9.0,520.0,0.0,0.0,0.0,348.0,0.0,0.0,1.0,0.0,0.0,255.0,255.0,1.0,0.0,0.0,0.0,0.0,0.0,1.0,122412.0
45.0,4.0,0.0,0.0,0.0,0.0,306.0,0.0,0.0,0.01,0.5,0.0,255.0,2.0,0.01,0.5,0.0,0.0,0.0,1.0,1.0,63752.0
45.0,5.0,0.0,0.0,0.0,0.0,91.0,1.0,1.0,0.07,0.09,0.0,255.0,6.0,0.02,0.08,0.0,1.0,1.0,0.0,1.0,90775.0
57.0,5.0,0.0,0.0,0.0,0.0,260.0,1.0,1.0,0.01,0.06,0.0,255.0,3.0,0.01,0.07,0.0,1.0,1.0,0.0,1.0,22025.0
34.0,1.0,0.0,0.0,0.0,0.0,213.0,0.0,0.0,0.0,0.07,0.0,255.0,1.0,0.0,0.07,0.0,0.0,0.0,1.0,1.0,64240.0
26.0,5.0,0.0,0.0,0.0,0.0,149.0,1.0,1.0,0.1,0.05,0.0,255.0,2.0,0.01,0.08,0.0,1.0,1.0,0.0,1.0,92563.0
8.0,2.0,0.0,0.0,0.0,0.0,285.0,0.0,0.0,0.05,0.06,0.0,255.0,13.0,0.05,0.07,0.0,0.0,0.0,1.0,1.0,10070.0
45.0,4.0,0.0,0.0,0.0,0.0,1.0,0.0,0.0,1.0,0.0,0.0,213.0,1.0,0.0,0.23,0.0,0.0,0.0,1.0,1.0,59388.0
45.0,5.0,0.0,0.0,0.0,0.0,96.0,1.0,1.0,0.04,0.07,0.0,203.0,4.0,0.02,0.07,0.0,1.0,1.0,0.0,1.0,68373.0
19.0,9.0,334.0,0.0,0.0,1.0,2.0,0.0,0.0,1.0,0.0,0.75,2.0,28.0,1.0,0.0,0.21,0.0,0.0,0.0,1.0,59031.0
3.0,5.0,0.0,0.0,0.0,0.0,264.0,1.0,1.0,0.02,0.06,0.0,255.0,15.0,0.06,0.07,0.0,1.0,1.0,0.0,1.0,108937.0
30.0,5.0,0.0,0.0,0.0,0.0,114.0,1.0,1.0,0.19,0.04,0.0,255.0,22.0,0.09,0.05,0.0,1.0,1.0,0.0,1.0,101849.0
45.0,5.0,0.0,0.0,0.0,0.0,108.0,1.0,1.0,0.06,0.06,0.0,255.0,11.0,0.04,0.07,0.0,1.0,1.0,0.0,1.0,91257.0
55.0,5.0,0.0,0.0,0.0,0.0,65.0,1.0,1.0,0.25,0.06,0.0,227.0,58.0,0.26,0.02,0.0,0.99,0.97,0.0,1.0,105023.0
45.0,5.0,0.0,0.0,0.0,0.0,190.0,1.0,1.0,0.02,0.08,0.0,255.0,3.0,0.01,0.08,0.0,1.0,1.0,0.0,1.0,113864.0
21.0,5.0,0.0,0.0,0.0,0.0,277.0,1.0,1.0,0.03,0.06,0.0,255.0,9.0,0.04,0.07,0.0,1.0,1.0,0.0,1.0,123630.0
45.0,5.0,0.0,0.0,0.0,0.0,84.0,1.0,1.0,0.17,0.07,0.0,192.0,14.0,0.07,0.07,0.0,1.0,1.0,0.0,1.0,38176.0
26.0,5.0,0.0,0.0,0.0,0.0,252.0,1.0,1.0,0.05,0.06,0.0,255.0,12.0,0.05,0.06,0.0,1.0,1.0,0.0,1.0,64861.0
25.0,5.0,0.0,0.0,0.0,0.0,228.0,1.0,1.0,0.03,0.06,0.0,255.0,6.0,0.02,0.05,0.0,1.0,1.0,0.0,1.0,106286.0
13.0,9.0,8.0,0.0,0.0,0.0,1.0,0.0,0.0,1.0,0.0,1.0,1.0,67.0,1.0,0.0,0.51,0.0,0.0,0.0,1.0,113185.0
62.0,1.0,0.0,0.0,0.0,0.0,205.0,0.0,0.0,0.06,0.07,0.0,255.0,12.0,0.05,0.08,0.0,0.0,0.0,1.0,1.0,61416.0
45.0,5.0,0.0,0.0,0.0,0.0,171.0,1.0,1.0,0.02,0.07,0.0,255.0,4.0,0.02,0.09,0.0,1.0,1.0,0.0,1.0,122235.0
21.0,5.0,0.0,0.0,0.0,0.0,291.0,1.0,1.0,0.08,0.05,0.0,255.0,24.0,0.09,0.05,0.0,1.0,1.0,0.0,1.0,42400.0
17.0,2.0,0.0,0.0,0.0,0.0,253.0,0.0,0.0,0.05,0.06,0.0,255.0,12.0,0.05,0.07,0.0,0.0,0.0,1.0,1.0,15482.0
45.0,5.0,0.0,0.0,0.0,0.0,158.0,1.0,1.0,0.04,0.06,0.0,255.0,5.0,0.02,0.06,0.0,1.0,1.0,0.0,1.0,39500.0
6.0,5.0,0.0,0.0,0.0,0.0,109.0,1.0,1.0,0.17,0.08,0.0,255.0,19.0,0.07,0.08,0.0,1.0,1.0,0.0,1.0,49857.0
10.0,5.0,0.0,0.0,0.0,0.0,275.0,1.0,1.0,0.01,0.06,0.0,255.0,2.0,0.01,0.06,0.0,1.0,1.0,0.0,1.0,53500.0
45.0,5.0,0.0,0.0,0.0,0.0,54.0,1.0,1.0,0.22,0.07,0.0,233.0,12.0,0.05,0.06,0.0,1.0,1.0,0.0,1.0,43874.0
45.0,1.0,0.0,0.0,0.0,0.0,2.0,0.0,0.0,0.5,1.0,0.0,255.0,1.0,0.0,0.46,0.0,0.13,0.0,1.0,1.0,120811.0
45.0,5.0,0.0,0.0,0.0,0.0,129.0,1.0,1.0,0.05,0.06,0.0,32.0,7.0,0.22,0.12,0.0,1.0,1.0,0.0,1.0,37533.0
9.0,5.0,0.0,0.0,0.0,0.0,231.0,1.0,1.0,0.0,0.06,0.0,255.0,1.0,0.0,0.06,0.0,1.0,1.0,0.0,1.0,57559.0
45.0,1.0,0.0,0.0,0.0,0.0,111.0,0.0,0.0,0.07,0.07,0.0,255.0,8.0,0.03,0.08,0.0,0.0,0.0,1.0,1.0,49902.0
4.0,5.0,0.0,0.0,0.0,0.0,273.0,1.0,1.0,0.03,0.05,0.0,255.0,7.0,0.03,0.05,0.0,1.0,1.0,0.0,1.0,6424.0
45.0,1.0,0.0,0.0,0.0,0.0,182.0,0.03,0.0,0.01,0.99,0.0,255.0,1.0,0.0,0.72,0.0,0.02,0.0,1.0,1.0,65828.0
13.0,9.0,8.0,0.0,0.0,0.0,1.0,0.0,0.0,1.0,0.0,1.0,2.0,129.0,1.0,0.0,0.5,0.0,0.0,0.0,1.0,15992.0
22.0,5.0,0.0,0.0,0.0,0.0,270.0,1.0,1.0,0.01,0.06,0.0,255.0,4.0,0.02,0.07,0.0,1.0,1.0,0.0,1.0,119954.0
2.0,5.0,0.0,0.0,0.0,0.0,254.0,1.0,1.0,0.01,0.07,0.0,255.0,2.0,0.01,0.07,0.0,1.0,1.0,0.0,1.0,54560.0
33.0,5.0,0.0,0.0,0.0,0.0,294.0,1.0,1.0,0.06,0.05,0.0,255.0,7.0,0.03,0.07,0.0,1.0,1.0,0.0,1.0,75221.0
19.0,5.0,0.0,0.0,0.0,0.0,212.0,1.0,1.0,0.09,0.07,0.0,255.0,19.0,0.07,0.07,0.0,1.0,1.0,0.0,1.0,115245.0
45.0,5.0,0.0,0.0,0.0,0.0,241.0,1.0,1.0,0.0,0.06,0.0,255.0,3.0,0.01,0.07,0.0,1.0,1.0,0.0,1.0,46015.0
45.0,5.0,0.0,0.0,0.0,0.0,221.0,1.0,1.0,0.1,0.05,0.0,255.0,23.0,0.09,0.05,0.0,1.0,1.0,0.0,1.0,119567.0
27.0,5.0,0.0,0.0,0.0,0.0,6.0,1.0,1.0,1.0,0.0,0.0,255.0,6.0,0.02,0.07,0.0,1.0,1.0,0.0,1.0,53208.0
45.0,9.0,1.0,0.0,0.0,0.0,30.0,0.0,0.0,0.87,0.07,0.0,255.0,31.0,0.12,0.68,0.0,0.05,0.0,0.0,1.0,120586.0
22.0,5.0,0.0,0.0,0.0,0.0,8.0,1.0,1.0,0.75,0.38,0.0,255.0,66.0,0.26,0.02,0.0,1.0,1.0,0.0,1.0,29920.0
45.0,5.0,0.0,0.0,0.0,0.0,212.0,1.0,1.0,0.09,0.05,0.0,255.0,1.0,0.0,0.07,0.0,1.0,1.0,0.0,1.0,120043.0
45.0,5.0,0.0,0.0,0.0,0.0,117.0,1.0,1.0,0.11,0.06,0.0,255.0,7.0,0.03,0.06,0.0,1.0,1.0,0.0,1.0,77513.0
39.0,5.0,0.0,0.0,0.0,0.0,286.0,1.0,1.0,0.02,0.06,0.0,255.0,6.0,0.02,0.07,0.0,1.0,1.0,0.0,1.0,87502.0
10.0,5.0,0.0,0.0,0.0,0.0,23.0,1.0,1.0,0.43,0.13,0.0,255.0,16.0,0.06,0.07,0.0,1.0,1.0,0.0,1.0,67722.0
13.0,9.0,8.0,0.0,0.0,0.0,1.0,0.0,0.0,1.0,0.0,1.0,1.0,77.0,1.0,0.0,0.51,0.0,0.0,0.0,1.0,31352.0
37.0,4.0,0.0,0.0,0.0,0.0,4.0,0.0,0.0,0.5,0.5,0.0,255.0,2.0,0.01,0.02,0.0,0.0,0.0,1.0,1.0,122317.0
45.0,5.0,0.0,0.0,0.0,0.0,182.0,1.0,1.0,0.09,0.07,0.0,255.0,17.0,0.07,0.06,0.0,1.0,1.0,0.0,1.0,75726.0
53.0,5.0,0.0,0.0,0.0,0.0,131.0,1.0,1.0,0.13,0.08,0.0,255.0,17.0,0.07,0.07,0.0,1.0,1.0,0.0,1.0,25776.0
45.0,1.0,0.0,0.0,0.0,0.0,493.0,0.06,0.0,0.0,1.0,0.0,255.0,1.0,0.0,1.0,0.0,0.08,0.0,1.0,1.0,118348.0
45.0,4.0,0.0,0.0,0.0,0.0,1.0,0.0,0.0,1.0,0.0,0.0,255.0,1.0,0.0,0.37,0.0,0.0,0.0,1.0,1.0,69304.0
38.0,5.0,0.0,0.0,0.0,0.0,83.0,1.0,1.0,0.17,0.07,0.0,255.0,14.0,0.05,0.07,0.0,1.0,1.0,0.0,1.0,124706.0
45.0,5.0,0.0,0.0,0.0,0.0,206.0,1.0,1.0,0.1,0.06,0.0,245.0,21.0,0.09,0.07,0.0,0.94,1.0,0.0,1.0,99908.0
14.0,9.0,1032.0,0.0,0.0,0.0,107.0,0.0,0.0,1.0,0.0,0.0,255.0,107.0,0.42,0.02,0.0,0.0,0.0,0.0,1.0,62978.0
62.0,5.0,0.0,0.0,0.0,0.0,71.0,1.0,1.0,0.04,0.08,0.0,255.0,10.0,0.04,0.07,0.0,1.0,1.0,0.0,1.0,94757.0
45.0,5.0,0.0,0.0,0.0,0.0,287.0,1.0,1.0,0.0,0.05,0.0,255.0,1.0,0.0,0.07,0.0,1.0,1.0,0.0,1.0,26178.0
45.0,4.0,0.0,0.0,0.0,0.0,80.0,0.0,0.0,0.03,0.54,0.0,250.0,2.0,0.01,0.18,0.0,0.01,0.0,1.0,1.0,61620.0
14.0,9.0,1032.0,0.0,0.0,0.0,511.0,0.0,0.0,1.0,0.0,0.0,255.0,57.0,0.22,0.2,0.0,0.0,0.0,0.0,1.0,121069.0
14.0,9.0,1032.0,0.0,0.0,0.0,511.0,0.0,0.0,1.0,0.0,0.0,255.0,40.0,0.16,0.21,0.0,0.0,0.0,0.0,1.0,80979.0
12.0,5.0,0.0,0.0,0.0,0.0,259.0,1.0,1.0,0.09,0.05,0.0,255.0,24.0,0.09,0.05,0.0,1.0,1.0,0.0,1.0,66231.0
45.0,4.0,0.0,0.0,0.0,0.0,1.0,0.0,0.0,1.0,0.0,0.0,255.0,1.0,0.0,0.68,0.0,0.0,0.0,1.0,1.0,112761.0
45.0,1.0,0.0,0.0,0.0,0.0,117.0,0.0,0.0,0.03,0.09,0.0,255.0,3.0,0.01,0.07,0.0,0.0,0.0,1.0,1.0,95363.0
14.0,9.0,1032.0,0.0,0.0,0.0,100.0,0.0,0.0,1.0,0.0,0.0,255.0,100.0,0.39,0.02,0.0,0.0,0.0,0.0,1.0,97449.0
37.0,5.0,0.0,0.0,0.0,0.0,283.0,1.0,1.0,0.04,0.05,0.0,255.0,12.0,0.05,0.05,0.0,1.0,1.0,0.0,1.0,54188.0
34.0,1.0,0.0,0.0,0.0,0.0,241.0,0.0,0.0,0.02,0.07,0.0,255.0,6.0,0.02,0.07,0.0,0.0,0.0,1.0,1.0,21374.0
45.0,5.0,0.0,0.0,0.0,0.0,114.0,1.0,1.0,0.18,0.05,0.0,255.0,6.0,0.02,0.06,0.0,1.0,1.0,0.0,1.0,2900.0
31.0,5.0,0.0,0.0,0.0,0.0,72.0,1.0,1.0,0.01,0.08,0.0,255.0,1.0,0.0,0.06,0.0,1.0,1.0,0.0,1.0,82188.0
10.0,5.0,0.0,0.0,0.0,0.0,267.0,1.0,1.0,0.09,0.05,0.0,255.0,25.0,0.1,0.05,0.0,1.0,1.0,0.0,1.0,70167.0
10.0,1.0,0.0,0.0,0.0,0.0,238.0,0.0,0.0,0.03,0.07,0.0,255.0,7.0,0.03,0.07,0.0,0.0,0.0,1.0,1.0,67120.0
52.0,5.0,0.0,0.0,0.0,0.0,265.0,1.0,1.0,0.07,0.06,0.0,255.0,19.0,0.07,0.06,0.0,1.0,1.0,0.0,1.0,49928.0
17.0,5.0,0.0,0.0,0.0,0.0,35.0,0.94,1.0,0.37,0.11,0.0,255.0,13.0,0.05,0.06,0.0,1.0,1.0,0.0,1.0,122930.0
45.0,1.0,0.0,0.0,0.0,0.0,253.0,0.04,0.0,0.0,1.0,0.0,255.0,1.0,0.0,0.97,0.0,0.04,0.0,1.0,1.0,46267.0
45.0,5.0,0.0,0.0,0.0,0.0,104.0,1.0,1.0,0.07,0.07,0.0,255.0,2.0,0.01,0.07,0.0,1.0,1.0,0.0,1.0,14807.0
10.0,5.0,0.0,0.0,0.0,0.0,27.0,1.0,1.0,0.44,0.11,0.0,255.0,18.0,0.07,0.07,0.0,1.0,1.0,0.0,1.0,87186.0
45.0,1.0,0.0,0.0,0.0,0.0,109.0,0.0,0.0,0.08,0.06,0.0,255.0,29.0,0.11,0.05,0.0,0.0,0.0,1.0,1.0,15374.0
25.0,5.0,0.0,0.0,0.0,0.0,271.0,1.0,1.0,0.06,0.05,0.0,255.0,15.0,0.06,0.05,0.0,1.0,1.0,0.0,1.0,92348.0
45.0,5.0,0.0,0.0,0.0,0.0,192.0,1.0,1.0,0.13,0.05,0.0,255.0,25.0,0.1,0.05,0.0,1.0,1.0,0.0,1.0,36299.0
22.0,5.0,0.0,0.0,0.0,0.0,10.0,0.9,0.83,0.5,0.4,0.33,255.0,22.0,0.09,0.06,0.0,1.0,1.0,0.0,1.0,77940.0
45.0,5.0,0.0,0.0,0.0,0.0,119.0,1.0,1.0,0.18,0.06,0.0,255.0,7.0,0.03,0.06,0.0,1.0,1.0,0.0,1.0,82598.0
45.0,1.0,0.0,0.0,0.0,0.0,77.0,0.0,0.0,0.16,0.08,0.0,255.0,12.0,0.05,0.07,0.0,0.0,0.0,1.0,1.0,33333.0
45.0,1.0,0.0,0.0,0.0,0.0,71.0,0.0,0.0,0.21,0.07,0.0,255.0,4.0,0.02,0.07,0.0,0.0,0.0,1.0,1.0,53096.0
13.0,9.0,8.0,0.0,0.0,0.0,1.0,0.0,0.0,1.0,0.0,1.0,2.0,108.0,1.0,0.0,0.5,0.0,0.0,0.0,1.0,22557.0
45.0,5.0,0.0,0.0,0.0,0.0,208.0,1.0,1.0,0.04,0.07,0.0,255.0,16.0,0.06,0.07,0.0,1.0,1.0,0.0,1.0,44354.0
45.0,5.0,0.0,0.0,0.0,0.0,299.0,1.0,1.0,0.05,0.06,0.0,255.0,5.0,0.02,0.07,0.0,1.0,1.0,0.0,1.0,105670.0
19.0,9.0,334.0,0.0,0.0,1.0,2.0,0.0,0.0,1.0,0.0,0.0,6.0,6.0,1.0,0.0,0.0,0.0,0.0,0.0,1.0,78410.0
19.0,5.0,0.0,0.0,0.0,0.0,273.0,1.0,1.0,0.07,0.07,0.0,255.0,19.0,0.07,0.08,0.0,1.0,1.0,0.0,1.0,69222.0
45.0,1.0,0.0,0.0,0.0,0.0,1.0,0.0,0.0,1.0,0.0,0.0,69.0,1.0,0.01,1.0,0.0,0.0,0.0,1.0,1.0,65272.0
8.0,5.0,0.0,0.0,0.0,0.0,271.0,1.0,1.0,0.0,0.06,0.0,255.0,20.0,0.08,0.06,0.0,1.0,1.0,0.0,1.0,5193.0
36.0,5.0,0.0,0.0,0.0,0.0,128.0,1.0,1.0,0.02,0.07,0.0,255.0,3.0,0.01,0.08,0.0,1.0,1.0,0.0,1.0,93378.0
27.0,5.0,0.0,0.0,0.0,0.0,138.0,1.0,1.0,0.02,0.06,0.0,255.0,3.0,0.01,0.06,0.0,1.0,1.0,0.0,1.0,12994.0
4.0,5.0,0.0,0.0,0.0,0.0,235.0,1.0,1.0,0.08,0.05,0.0,193.0,18.0,0.09,0.06,0.0,0.99,1.0,0.0,1.0,109629.0
45.0,5.0,0.0,0.0,0.0,0.0,154.0,1.0,1.0,0.03,0.06,0.0,255.0,4.0,0.02,0.07,0.0,1.0,1.0,0.0,1.0,43057.0
12.0,2.0,0.0,0.0,0.0,0.0,242.0,0.0,0.0,0.02,0.07,0.0,255.0,6.0,0.02,0.07,0.0,0.0,0.0,1.0,1.0,7062.0
45.0,5.0,0.0,0.0,0.0,0.0,276.0,1.0,1.0,0.01,0.07,0.0,255.0,17.0,0.07,0.07,0.0,1.0,1.0,0.0,1.0,118434.0
8.0,5.0,0.0,0.0,0.0,0.0,291.0,1.0,1.0,0.02,0.05,0.0,255.0,7.0,0.03,0.07,0.0,1.0,1.0,0.0,1.0,70268.0
3.0,5.0,0.0,0.0,0.0,0.0,238.0,1.0,1.0,0.03,0.06,0.0,255.0,15.0,0.06,0.06,0.0,1.0,1.0,0.0,1.0,117877.0
26.0,1.0,0.0,0.0,0.0,0.0,227.0,0.0,0.0,0.05,0.07,0.0,255.0,12.0,0.05,0.08,0.0,0.0,0.0,1.0,1.0,4372.0
22.0,5.0,0.0,0.0,0.0,0.0,24.0,1.0,1.0,0.25,0.17,0.0,255.0,37.0,0.15,0.05,0.0,1.0,1.0,0.0,1.0,61772.0
45.0,9.0,1.0,0.0,0.0,0.0,17.0,0.0,0.0,0.12,0.24,0.0,255.0,45.0,0.18,0.24,0.0,0.0,0.0,0.0,1.0,71888.0
35.0,5.0,0.0,0.0,0.0,0.0,99.0,1.0,1.0,0.08,0.06,0.0,255.0,8.0,0.03,0.05,0.0,1.0,1.0,0.0,1.0,104825.0
9.0,5.0,0.0,0.0,0.0,0.0,277.0,1.0,1.0,0.06,0.05,0.0,255.0,18.0,0.07,0.05,0.0,1.0,1.0,0.0,1.0,6456.0
31.0,5.0,0.0,0.0,0.0,0.0,145.0,1.0,1.0,0.09,0.06,0.0,255.0,10.0,0.04,0.05,0.0,1.0,1.0,0.0,1.0,118452.0
45.0,1.0,0.0,0.0,0.0,0.0,270.0,0.0,0.0,0.07,0.07,0.0,255.0,20.0,0.08,0.08,0.0,0.0,0.0,1.0,1.0,12461.0
45.0,1.0,0.0,0.0,0.0,0.0,136.0,0.0,0.0,0.11,0.07,0.0,255.0,15.0,0.06,0.07,0.0,0.0,0.0,1.0,1.0,73294.0
10.0,9.0,0.0,0.0,0.0,0.0,1.0,0.0,0.0,1.0,0.0,0.0,34.0,2.0,0.03,1.0,1.0,0.0,0.0,0.0,1.0,39137.0
3.0,5.0,0.0,0.0,0.0,0.0,229.0,1.0,1.0,0.03,0.06,0.0,255.0,6.0,0.02,0.07,0.0,1.0,1.0,0.0,1.0,68796.0
45.0,9.0,28.0,0.0,3.0,0.0,146.0,0.68,0.0,0.32,0.05,0.0,255.0,46.0,0.18,0.82,0.0,0.09,0.0,0.0,1.0,9620.0
63.0,5.0,0.0,0.0,0.0,0.0,136.0,1.0,1.0,0.12,0.05,0.0,255.0,16.0,0.06,0.06,0.0,1.0,1.0,0.0,1.0,47899.0
45.0,5.0,0.0,0.0,0.0,0.0,83.0,1.0,1.0,0.16,0.06,0.0,255.0,1.0,0.0,0.07,0.0,1.0,1.0,0.0,1.0,14434.0
16.0,5.0,0.0,0.0,0.0,0.0,140.0,1.0,1.0,0.03,0.06,0.0,255.0,4.0,0.02,0.05,0.0,1.0,1.0,0.0,1.0,3641.0
36.0,5.0,0.0,0.0,0.0,0.0,201.0,1.0,1.0,0.0,0.06,0.0,255.0,11.0,0.04,0.07,0.0,1.0,1.0,0.0,1.0,33421.0
45.0,5.0,0.0,0.0,0.0,0.0,81.0,1.0,1.0,0.14,0.07,0.0,189.0,11.0,0.06,0.07,0.0,1.0,1.0,0.0,1.0,47497.0
15.0,5.0,0.0,0.0,0.0,0.0,136.0,1.0,1.0,0.04,0.07,0.0,255.0,6.0,0.02,0.07,0.0,1.0,1.0,0.0,1.0,67740.0
41.0,4.0,0.0,0.0,0.0,0.0,1.0,0.0,0.0,1.0,0.0,0.0,255.0,1.0,0.0,1.0,0.0,0.0,0.0,1.0,1.0,125238.0
22.0,5.0,0.0,0.0,0.0,0.0,74.0,1.0,1.0,0.26,0.05,0.0,154.0,39.0,0.25,0.03,0.0,1.0,1.0,0.0,1.0,9569.0
45.0,5.0,0.0,0.0,0.0,0.0,219.0,1.0,1.0,0.07,0.05,0.0,255.0,15.0,0.06,0.06,0.0,1.0,1.0,0.0,1.0,102158.0
4.0,5.0,0.0,0.0,0.0,0.0,263.0,1.0,1.0,0.07,0.06,0.0,255.0,14.0,0.05,0.07,0.0,1.0,1.0,0.0,1.0,74989.0
55.0,5.0,0.0,0.0,0.0,0.0,13.0,1.0,1.0,0.23,0.31,0.0,255.0,32.0,0.13,0.05,0.0,1.0,1.0,0.0,1.0,14323.0
22.0,1.0,0.0,0.0,0.0,0.0,104.0,0.0,0.0,0.09,0.07,0.0,255.0,7.0,0.03,0.07,0.0,0.0,0.0,1.0,1.0,86193.0
28.0,5.0,0.0,0.0,0.0,0.0,28.0,1.0,1.0,0.04,0.11,0.0,255.0,1.0,0.0,0.07,0.0,1.0,1.0,0.0,1.0,72828.0
45.0,5.0,0.0,0.0,0.0,0.0,75.0,1.0,1.0,0.07,0.07,0.0,255.0,20.0,0.08,0.05,0.0,1.0,1.0,0.0,1.0,110046.0
19.0,5.0,0.0,0.0,0.0,0.0,196.0,1.0,1.0,0.06,0.06,0.0,255.0,11.0,0.04,0.07,0.0,1.0,1.0,0.0,1.0,74857.0
37.0,5.0,0.0,0.0,0.0,0.0,107.0,1.0,1.0,0.13,0.08,0.0,255.0,6.0,0.02,0.08,0.0,1.0,1.0,0.0,1.0,94104.0
35.0,5.0,0.0,0.0,0.0,0.0,93.0,1.0,1.0,0.14,0.05,0.0,255.0,13.0,0.05,0.07,0.0,1.0,1.0,0.0,1.0,110116.0
45.0,5.0,0.0,0.0,0.0,0.0,182.0,1.0,1.0,0.07,0.07,0.0,255.0,9.0,0.04,0.07,0.0,1.0,1.0,0.0,1.0,124044.0
13.0,9.0,8.0,0.0,0.0,0.0,1.0,0.0,0.0,1.0,0.0,1.0,2.0,108.0,1.0,0.0,0.5,0.0,0.0,0.0,1.0,31091.0
30.0,5.0,0.0,0.0,0.0,0.0,266.0,1.0,1.0,0.03,0.06,0.0,255.0,8.0,0.03,0.08,0.0,1.0,1.0,0.0,1.0,47402.0
55.0,5.0,0.0,0.0,0.0,0.0,19.0,1.0,1.0,0.32,0.11,0.0,46.0,7.0,0.13,0.07,0.29,1.0,0.86,0.0,1.0,16885.0
45.0,1.0,0.0,0.0,0.0,0.0,90.0,0.01,0.0,0.01,1.0,0.0,215.0,1.0,0.0,0.45,0.0,0.0,0.0,1.0,1.0,105461.0
3.0,5.0,0.0,0.0,0.0,0.0,206.0,1.0,1.0,0.05,0.06,0.0,255.0,11.0,0.04,0.07,0.0,1.0,1.0,0.0,1.0,118232.0
45.0,5.0,0.0,0.0,0.0,0.0,191.0,1.0,1.0,0.02,0.06,0.0,255.0,13.0,0.05,0.07,0.0,1.0,1.0,0.0,1.0,25047.0
45.0,5.0,0.0,0.0,0.0,0.0,233.0,1.0,1.0,0.09,0.06,0.0,255.0,34.0,0.13,0.05,0.0,1.0,1.0,0.0,1.0,20060.0
22.0,1.0,0.0,0.0,0.0,0.0,250.0,0.0,0.0,0.02,0.07,0.0,255.0,4.0,0.02,0.07,0.0,0.0,0.0,1.0,1.0,31950.0
45.0,4.0,0.0,0.0,0.0,0.0,1.0,0.0,0.0,1.0,0.0,0.0,255.0,1.0,0.0,0.36,0.0,0.0,0.0,1.0,1.0,88249.0
55.0,5.0,0.0,0.0,0.0,0.0,28.0,1.0,1.0,0.29,0.07,0.0,255.0,8.0,0.03,0.07,0.0,1.0,1.0,0.0,1.0,100028.0
21.0,1.0,0.0,0.0,0.0,0.0,199.0,0.0,0.0,0.01,0.07,0.0,255.0,1.0,0.0,0.07,0.0,0.0,0.0,1.0,1.0,19547.0
7.0,5.0,0.0,0.0,0.0,0.0,42.0,1.0,1.0,0.21,0.12,0.0,255.0,9.0,0.04,0.08,0.0,1.0,1.0,0.0,1.0,15119.0
22.0,5.0,0.0,0.0,0.0,0.0,204.0,1.0,1.0,0.04,0.05,0.0,255.0,8.0,0.03,0.05,0.0,1.0,1.0,0.0,1.0,91970.0
18.0,5.0,0.0,0.0,0.0,0.0,209.0,1.0,1.0,0.1,0.07,0.0,255.0,21.0,0.08,0.06,0.0,1.0,1.0,0.0,1.0,34074.0
63.0,5.0,0.0,0.0,0.0,0.0,202.0,1.0,1.0,0.01,0.06,0.0,255.0,19.0,0.07,0.07,0.0,1.0,1.0,0.0,1.0,15058.0
45.0,1.0,0.0,0.0,0.0,0.0,201.0,0.0,0.0,0.09,0.06,0.0,255.0,19.0,0.07,0.07,0.0,0.0,0.0,1.0,1.0,17219.0
13.0,9.0,8.0,0.0,0.0,0.0,1.0,0.0,0.0,1.0,0.0,1.0,3.0,80.0,1.0,0.0,0.26,0.0,0.0,0.0,1.0,42920.0
