service,flag,src_bytes,dst_bytes,wrong_fragment,logged_in,count,serror_rate,srv_serror_rate,same_srv_rate,diff_srv_rate,srv_diff_host_rate,dst_host_count,dst_host_srv_count,dst_host_same_srv_rate,dst_host_diff_srv_rate,dst_host_srv_diff_host_rate,dst_host_serror_rate,dst_host_srv_serror_rate,dst_host_srv_rerror_rate,classe,posicaoOriginal
44,5,0,0,0,0,233,1.0,1.0,0.06,0.05,0.0,191,15,0.08,0.06,0.0,0.99,1.0,0.0,1,48286.0
32,5,0,0,0,0,288,1.0,1.0,0.02,0.06,0.0,255,12,0.05,0.07,0.0,1.0,1.0,0.0,1,67204.0
11,9,101,44,0,0,3,0.0,0.0,1.0,0.0,0.0,114,83,0.73,0.04,0.0,0.0,0.0,0.0,0,74802.0
44,5,0,0,0,0,111,1.0,1.0,0.07,0.06,0.0,255,15,0.06,0.07,0.0,1.0,1.0,0.0,1,2465.0
19,9,175337,0,0,0,2,0.0,0.0,1.0,0.0,0.0,13,92,0.46,0.31,0.02,0.0,0.0,0.0,0,32131.0
17,5,0,0,0,0,35,1.0,1.0,0.37,0.09,0.0,255,69,0.27,0.02,0.0,1.0,1.0,0.0,1,62656.0
21,5,0,0,0,0,141,1.0,1.0,0.09,0.06,0.0,255,7,0.03,0.06,0.0,1.0,1.0,0.0,1,92581.0
22,9,283,1476,0,1,2,0.0,0.0,1.0,0.0,0.0,69,255,1.0,0.0,0.05,0.0,0.0,0.0,0,36969.0
28,5,0,0,0,0,146,1.0,1.0,0.1,0.05,0.0,255,8,0.03,0.06,0.0,1.0,1.0,0.0,1,19947.0
44,5,0,0,0,0,119,1.0,1.0,0.05,0.06,0.0,255,11,0.04,0.08,0.0,1.0,1.0,0.0,1,23760.0
13,9,8,0,0,0,1,0.0,0.0,1.0,0.0,1.0,1,62,1.0,0.0,0.52,0.0,0.0,0.0,1,6481.0
44,5,0,0,0,0,189,1.0,1.0,0.11,0.06,0.0,255,7,0.03,0.06,0.0,1.0,1.0,0.0,1,10626.0
59,5,0,0,0,0,125,1.0,1.0,0.02,0.06,0.0,255,4,0.02,0.06,0.0,1.0,1.0,0.0,1,79546.0
40,9,146,105,0,0,4,0.0,0.0,0.5,0.5,0.0,255,2,0.01,0.68,0.0,0.0,0.0,0.0,0,113066.0
40,9,147,0,0,0,5,0.0,0.0,0.2,0.6,0.0,255,1,0.0,0.15,0.0,0.0,0.0,0.0,0,69842.0
44,1,0,0,0,0,1,0.0,0.0,1.0,0.0,0.0,36,1,0.03,1.0,0.0,0.0,0.0,1.0,1,41403.0
11,9,46,46,0,0,106,0.0,0.0,1.0,0.0,0.01,255,255,1.0,0.0,0.0,0.0,0.0,0.0,0,88857.0
53,1,0,0,0,0,146,0.0,0.0,0.11,0.05,0.0,255,11,0.04,0.06,0.0,0.0,0.0,1.0,1,112931.0
22,9,303,1783,0,1,10,0.0,0.0,1.0,0.0,0.0,10,83,1.0,0.0,0.1,0.0,0.0,0.02,0,20249.0
22,9,217,768,0,1,37,0.0,0.0,1.0,0.0,0.0,255,255,1.0,0.0,0.0,0.0,0.0,0.0,0,71598.0
22,9,269,9287,0,1,3,0.0,0.0,1.0,0.0,0.0,7,255,1.0,0.0,0.03,0.0,0.01,0.0,0,105345.0
61,5,0,0,0,0,223,1.0,1.0,0.11,0.05,0.0,255,25,0.1,0.05,0.0,1.0,1.0,0.0,1,21686.0
14,9,1032,0,0,0,511,0.0,0.0,1.0,0.0,0.0,255,159,0.62,0.02,0.0,0.0,0.0,0.0,1,113623.0
22,9,214,3505,0,1,8,0.0,0.0,1.0,0.0,0.14,41,255,1.0,0.0,0.01,0.0,0.0,0.0,0,9584.0
44,1,0,0,0,0,285,0.03,0.0,0.0,1.0,0.0,255,1,0.0,0.97,0.0,0.04,0.0,1.0,1,114790.0
19,5,0,0,0,0,50,1.0,1.0,0.24,0.08,0.0,255,67,0.26,0.02,0.0,1.0,1.0,0.0,1,125787.0
22,9,208,3410,0,1,17,0.0,0.0,1.0,0.0,0.0,255,255,1.0,0.0,0.0,0.0,0.0,0.0,0,109201.0
22,1,0,0,0,0,1,0.0,0.0,1.0,0.0,0.0,12,51,1.0,0.0,0.24,0.0,0.0,0.98,0,19879.0
22,9,215,655,0,1,33,0.0,0.0,1.0,0.0,0.05,255,255,1.0,0.0,0.0,0.0,0.0,0.0,0,90064.0
55,9,931,12540,0,1,1,0.0,0.0,1.0,0.0,0.0,92,14,0.15,0.05,0.0,0.0,0.0,0.0,0,32944.0
49,9,1219,329,0,1,1,0.0,0.0,1.0,0.0,1.0,217,102,0.35,0.03,0.02,0.0,0.01,0.0,0,55924.0
11,9,45,132,0,0,306,0.0,0.0,1.0,0.0,0.0,255,251,0.98,0.01,0.0,0.0,0.0,0.0,0,82150.0
22,9,249,8825,0,1,1,0.0,0.0,1.0,0.0,0.36,157,255,1.0,0.0,0.01,0.0,0.0,0.0,0,29602.0
22,9,255,650,0,1,19,0.0,0.0,1.0,0.0,0.1,255,255,1.0,0.0,0.0,0.0,0.0,0.0,0,10639.0
44,5,0,0,0,0,97,1.0,1.0,0.12,0.06,0.0,255,12,0.05,0.06,0.0,1.0,1.0,0.0,1,109719.0
42,9,35,130,0,1,2,0.0,0.0,0.5,1.0,0.0,125,2,0.02,0.04,0.0,0.0,0.0,0.0,0,18361.0
44,5,0,0,0,0,56,1.0,1.0,0.2,0.09,0.0,255,15,0.06,0.08,0.0,1.0,1.0,0.0,1,86134.0
28,5,0,0,0,0,135,1.0,1.0,0.04,0.06,0.0,255,15,0.06,0.07,0.0,1.0,1.0,0.0,1,84050.0
22,9,214,2028,0,1,7,0.0,0.0,1.0,0.0,0.0,255,255,1.0,0.0,0.0,0.0,0.0,0.0,0,85673.0
19,9,748,0,0,1,1,0.0,0.0,1.0,0.0,0.0,255,77,0.3,0.02,0.0,0.0,0.0,0.0,0,31079.0
22,9,252,3202,0,1,5,0.0,0.0,1.0,0.0,0.0,40,255,1.0,0.0,0.04,0.0,0.0,0.0,0,76434.0
22,9,310,1408,0,1,14,0.0,0.0,1.0,0.0,0.0,255,255,1.0,0.0,0.0,0.0,0.0,0.0,0,93431.0
11,9,46,131,0,0,79,0.0,0.0,1.0,0.0,0.01,255,254,1.0,0.01,0.0,0.0,0.0,0.0,0,54253.0
22,9,256,1585,0,1,11,0.0,0.0,1.0,0.0,0.0,39,255,1.0,0.0,0.06,0.0,0.0,0.0,0,112434.0
61,5,0,0,0,0,203,1.0,1.0,0.0,0.06,0.0,255,1,0.0,0.06,0.0,1.0,1.0,0.0,1,42734.0
44,5,0,0,0,0,175,1.0,1.0,0.1,0.05,0.0,255,18,0.07,0.05,0.0,1.0,1.0,0.0,1,125558.0
11,9,44,128,0,0,133,0.0,0.0,1.0,0.0,0.01,255,255,1.0,0.0,0.0,0.0,0.0,0.0,0,49578.0
22,9,236,310,0,1,3,0.0,0.0,1.0,0.0,0.0,255,255,1.0,0.0,0.0,0.0,0.0,0.0,0,115629.0
44,5,0,0,0,0,185,0.05,1.0,0.01,0.99,0.0,255,1,0.0,0.73,0.0,0.04,1.0,0.0,1,46056.0
44,4,0,0,0,0,1,0.0,0.0,1.0,0.0,0.0,255,1,0.0,0.89,0.0,0.0,0.0,1.0,1,88271.0
55,9,248,8775,0,1,1,0.0,0.0,1.0,0.0,0.0,153,13,0.08,0.03,0.0,0.0,0.0,0.08,0,78102.0
3,4,0,0,0,0,1,0.0,0.0,1.0,0.0,0.0,255,1,0.0,0.45,0.0,0.0,0.0,1.0,1,108188.0
44,5,0,0,0,0,251,1.0,1.0,0.06,0.06,0.0,255,16,0.06,0.05,0.0,1.0,1.0,0.0,1,42594.0
53,5,0,0,0,0,236,1.0,1.0,0.06,0.07,0.0,255,15,0.06,0.08,0.0,1.0,1.0,0.0,1,96616.0
19,9,67816,0,0,1,1,0.0,0.0,1.0,0.0,0.0,255,10,0.04,0.47,0.0,0.0,0.0,0.0,0,85346.0
44,5,0,0,0,0,247,1.0,1.0,0.02,0.06,0.0,255,3,0.01,0.08,0.0,1.0,1.0,0.0,1,124071.0
22,1,0,0,0,0,1,0.0,0.0,1.0,0.0,0.0,23,29,1.0,0.0,0.14,0.0,0.0,1.0,0,14223.0
44,5,0,0,0,0,179,1.0,1.0,0.01,0.07,0.0,218,2,0.01,0.08,0.0,0.94,1.0,0.0,1,52327.0
11,9,44,44,0,0,199,0.0,0.0,0.99,0.01,0.0,255,254,1.0,0.01,0.0,0.0,0.0,0.0,0,123893.0
19,5,0,0,0,0,3,1.0,1.0,0.67,0.67,0.0,255,59,0.23,0.04,0.0,1.0,1.0,0.0,1,69218.0
44,4,1,0,0,0,2,0.0,0.0,1.0,0.0,0.0,255,2,0.01,0.38,0.0,0.0,0.0,1.0,1,69631.0
22,5,0,0,0,0,267,1.0,1.0,0.02,0.06,0.0,255,2,0.01,0.07,0.0,1.0,1.0,0.0,1,85721.0
44,5,0,0,0,0,117,1.0,1.0,0.15,0.07,0.0,255,20,0.08,0.07,0.0,1.0,1.0,0.0,1,73500.0
49,9,2220,396,0,1,1,0.0,0.0,1.0,0.0,1.0,99,179,0.84,0.06,0.01,0.02,0.01,0.0,0,108032.0
44,5,0,0,0,0,268,1.0,1.0,0.06,0.04,0.0,255,15,0.06,0.05,0.0,1.0,1.0,0.0,1,35050.0
13,9,8,0,0,0,1,0.0,0.0,1.0,0.0,1.0,1,65,1.0,0.0,0.51,0.0,0.0,0.0,1,125912.0
11,9,45,72,0,0,264,0.0,0.0,1.0,0.01,0.01,255,254,1.0,0.01,0.0,0.0,0.0,0.0,0,62032.0
40,9,146,105,0,0,4,0.0,0.0,0.5,0.5,0.0,255,2,0.01,0.82,0.0,0.0,0.0,0.0,0,51606.0
19,9,11,0,0,1,1,0.0,0.0,1.0,0.0,0.0,4,91,1.0,0.0,0.02,0.0,0.0,0.0,0,25892.0
40,9,516,4,0,0,192,0.0,0.0,1.0,0.0,0.0,192,192,1.0,0.0,0.0,0.0,0.0,0.0,0,65139.0
22,9,297,2794,0,1,17,0.0,0.0,1.0,0.0,0.0,255,255,1.0,0.0,0.0,0.0,0.0,0.0,0,11126.0
15,5,0,0,0,0,140,1.0,1.0,0.1,0.06,0.0,255,14,0.05,0.06,0.0,1.0,1.0,0.0,1,16640.0
44,5,0,0,0,0,135,1.0,1.0,0.11,0.06,0.0,255,5,0.02,0.06,0.0,1.0,1.0,0.0,1,87045.0
22,1,0,0,0,0,1,0.0,0.0,1.0,0.0,0.0,38,223,1.0,0.0,0.14,0.0,0.0,0.97,0,83594.0
11,9,44,74,0,0,190,0.0,0.0,1.0,0.0,0.0,255,206,0.81,0.01,0.0,0.0,0.0,0.0,0,74060.0
22,9,178,833,0,1,5,0.0,0.0,1.0,0.0,0.0,47,255,1.0,0.0,0.02,0.0,0.0,0.0,0,39489.0
22,9,205,528,0,1,2,0.0,0.0,1.0,0.0,0.67,37,255,1.0,0.0,0.03,0.0,0.0,0.01,0,72378.0
13,9,8,0,0,0,1,0.0,0.0,1.0,0.0,1.0,2,61,1.0,0.0,0.26,0.0,0.0,0.0,1,74620.0
21,1,0,0,0,0,161,0.0,0.0,0.11,0.07,0.0,255,17,0.07,0.07,0.0,0.0,0.0,1.0,1,38318.0
19,5,0,0,0,0,74,1.0,1.0,0.26,0.05,0.0,255,69,0.27,0.02,0.0,1.0,1.0,0.0,1,40007.0
13,9,8,0,0,0,1,0.0,0.0,1.0,0.0,1.0,1,145,1.0,0.0,0.5,0.0,0.0,0.0,1,78428.0
22,5,0,0,0,0,2,0.5,0.5,1.0,0.0,0.5,184,255,1.0,0.0,0.02,0.01,0.0,0.0,0,75298.0
34,5,0,0,0,0,288,1.0,1.0,0.08,0.05,0.0,255,24,0.09,0.05,0.0,1.0,1.0,0.0,1,87005.0
60,5,0,0,0,0,282,1.0,1.0,0.06,0.06,0.0,255,1,0.0,0.08,0.0,1.0,1.0,0.0,1,112952.0
44,1,0,0,0,0,108,0.0,0.0,0.14,0.06,0.0,255,15,0.06,0.08,0.0,0.0,0.0,1.0,1,93267.0
40,4,0,0,0,0,1,0.0,0.0,1.0,0.0,0.0,255,1,0.0,0.63,0.0,0.0,0.0,1.0,1,14403.0
17,5,0,0,0,0,19,1.0,1.0,0.26,0.21,0.0,255,64,0.25,0.02,0.0,1.0,1.0,0.0,1,4774.0
14,9,1032,0,0,0,284,0.0,0.0,1.0,0.0,0.0,255,186,0.73,0.02,0.0,0.0,0.0,0.0,1,96386.0
56,2,0,0,0,0,224,0.0,0.0,0.01,0.07,0.0,255,2,0.01,0.08,0.0,0.0,0.0,1.0,1,15525.0
22,9,211,527,0,1,17,0.0,0.0,1.0,0.0,0.11,255,255,1.0,0.0,0.0,0.0,0.0,0.0,0,94454.0
22,9,260,419,0,1,1,0.0,0.0,1.0,0.0,0.33,4,4,1.0,0.0,0.0,0.0,0.0,0.0,0,6792.0
22,9,260,50154,0,1,1,0.0,0.0,1.0,0.0,1.0,235,255,1.0,0.0,0.01,0.0,0.0,0.02,0,72266.0
19,1,0,0,0,0,1,0.0,0.0,1.0,0.0,0.0,1,40,1.0,0.0,0.08,0.0,0.0,0.05,0,16208.0
17,5,0,0,0,0,275,1.0,1.0,0.01,0.06,0.0,255,4,0.02,0.07,0.0,1.0,1.0,0.0,1,47862.0
53,5,0,0,0,0,266,1.0,1.0,0.06,0.05,0.0,255,16,0.06,0.05,0.0,1.0,1.0,0.0,1,72258.0
11,9,45,130,0,0,43,0.0,0.0,1.0,0.0,0.02,233,171,0.73,0.02,0.0,0.0,0.0,0.0,0,971.0
49,9,662,338,0,1,1,0.0,0.0,1.0,0.0,0.0,53,111,0.45,0.09,0.02,0.0,0.0,0.0,0,119938.0
44,5,0,0,0,0,91,1.0,1.0,0.03,0.08,0.0,255,3,0.01,0.08,0.0,1.0,1.0,0.0,1,54112.0
19,9,74,0,0,1,1,0.0,0.0,1.0,0.0,0.0,39,63,0.77,0.05,0.05,0.0,0.02,0.0,0,61993.0
22,9,332,457,0,1,1,0.0,0.0,1.0,0.0,0.0,4,255,1.0,0.0,0.01,0.0,0.0,0.0,0,85562.0
22,9,205,27280,0,1,2,0.0,0.0,1.0,0.0,0.67,2,255,1.0,0.0,0.02,0.0,0.0,0.0,0,111317.0
44,5,0,0,0,0,136,1.0,1.0,0.07,0.07,0.0,255,11,0.04,0.06,0.0,1.0,1.0,0.0,1,13647.0
44,1,0,0,0,0,104,0.0,0.0,0.12,0.06,0.0,255,13,0.05,0.07,0.0,0.0,0.0,1.0,1,77096.0
11,9,45,45,0,0,16,0.0,0.0,1.0,0.0,0.0,255,253,0.99,0.01,0.0,0.0,0.0,0.0,0,19020.0
22,9,212,259,0,1,32,0.0,0.0,1.0,0.0,0.0,255,255,1.0,0.0,0.0,0.0,0.0,0.0,0,67578.0
32,1,0,0,0,0,242,0.0,0.0,0.04,0.07,0.0,255,10,0.04,0.08,0.0,0.0,0.0,1.0,1,54325.0
22,9,289,406,0,1,8,0.0,0.0,1.0,0.0,0.25,255,255,1.0,0.0,0.0,0.0,0.0,0.0,0,111224.0
55,9,138,3029,0,1,1,0.0,0.0,1.0,0.0,0.0,1,2,1.0,0.0,1.0,0.0,0.0,0.0,0,97464.0
22,9,346,1062,0,1,2,0.0,0.0,1.0,0.0,0.67,11,255,1.0,0.0,0.06,0.0,0.0,0.0,0,34700.0
22,9,245,1713,0,1,9,0.0,0.0,1.0,0.0,0.0,235,255,1.0,0.0,0.01,0.0,0.0,0.0,0,47559.0
14,9,1032,0,0,0,511,0.0,0.0,1.0,0.0,0.0,255,200,0.78,0.02,0.0,0.0,0.0,0.0,1,84319.0
22,9,237,7125,0,1,1,0.0,0.0,1.0,0.0,1.0,255,255,1.0,0.0,0.0,0.0,0.0,0.0,0,102659.0
18,9,1174,2447,0,1,1,0.0,0.0,1.0,0.0,0.0,255,125,0.49,0.02,0.0,0.0,0.0,0.0,1,100456.0
22,9,226,851,0,1,4,0.0,0.0,1.0,0.0,0.0,146,255,1.0,0.0,0.04,0.01,0.01,0.0,0,69674.0
22,9,311,5973,0,1,5,0.0,0.0,1.0,0.0,0.0,5,255,1.0,0.0,0.08,0.0,0.01,0.0,0,40434.0
40,9,516,4,0,0,242,0.0,0.0,1.0,0.0,0.0,242,242,1.0,0.0,0.0,0.0,0.0,0.0,0,41855.0
14,9,1032,0,0,0,511,0.0,0.0,1.0,0.0,0.0,255,192,0.75,0.02,0.0,0.0,0.0,0.0,1,49213.0
22,9,301,33616,0,1,1,0.0,0.0,1.0,0.0,0.22,18,255,1.0,0.0,0.06,0.0,0.0,0.0,0,125241.0
44,9,105,105,0,0,10,0.0,0.0,0.1,0.2,0.0,255,239,0.94,0.01,0.0,0.0,0.0,0.0,0,21317.0
44,5,0,0,0,0,115,1.0,1.0,0.11,0.06,0.0,255,14,0.05,0.06,0.0,1.0,1.0,0.0,1,3796.0
44,5,0,0,0,0,162,0.86,1.0,0.05,0.06,0.0,255,19,0.07,0.05,0.0,1.0,1.0,0.0,1,43819.0
44,5,0,0,0,0,154,1.0,1.0,0.11,0.06,0.0,255,17,0.07,0.06,0.0,1.0,1.0,0.0,1,14388.0
22,9,232,10104,0,1,7,0.0,0.0,1.0,0.0,0.0,250,255,1.0,0.0,0.02,0.0,0.0,0.0,0,35132.0
22,9,297,12884,0,1,10,0.0,0.0,1.0,0.0,0.0,71,71,1.0,0.0,0.0,0.0,0.0,0.0,0,96444.0
25,5,0,0,0,0,246,1.0,1.0,0.07,0.05,0.0,255,5,0.02,0.07,0.0,1.0,1.0,0.0,1,95039.0
13,9,8,0,0,0,1,0.0,0.0,1.0,0.0,1.0,2,48,1.0,0.0,0.5,0.0,0.0,0.0,1,56421.0
22,9,278,563,0,1,6,0.0,0.0,1.0,0.0,0.14,6,255,1.0,0.0,0.06,0.0,0.0,0.0,0,6423.0
49,9,2804,335,0,1,1,0.0,0.0,1.0,0.0,0.0,83,162,0.36,0.04,0.02,0.0,0.0,0.0,0,77567.0
19,9,12,0,0,0,1,0.0,0.0,1.0,0.0,0.0,255,60,0.24,0.39,0.0,0.39,0.0,0.0,0,83976.0
22,9,325,365,0,1,3,0.0,0.0,1.0,0.0,0.0,255,255,1.0,0.0,0.0,0.0,0.0,0.0,0,50679.0
19,5,0,0,0,0,253,1.0,1.0,0.01,0.06,0.0,255,2,0.01,0.07,0.0,1.0,1.0,0.0,1,5600.0
11,9,35,0,0,0,1,0.0,0.0,1.0,0.0,1.0,1,2,1.0,0.0,1.0,0.0,0.0,0.0,0,110130.0
19,9,245,0,0,0,1,0.0,0.0,1.0,0.0,0.0,52,29,0.04,0.1,0.07,0.0,0.03,0.0,0,68749.0
22,9,326,4425,0,1,1,0.0,0.2,1.0,0.0,0.6,95,255,1.0,0.0,0.03,0.0,0.01,0.09,0,53954.0
11,9,37,97,0,0,1,0.0,0.0,1.0,0.0,0.11,239,226,0.95,0.01,0.0,0.0,0.0,0.0,0,51129.0
35,5,0,0,0,0,24,1.0,1.0,0.42,0.25,0.0,255,10,0.04,0.09,0.0,1.0,1.0,0.0,1,59955.0
52,5,0,0,0,0,286,1.0,1.0,0.02,0.06,0.0,255,14,0.05,0.08,0.0,1.0,1.0,0.0,1,26089.0
42,5,0,0,0,0,112,1.0,1.0,0.08,0.05,0.0,255,9,0.04,0.05,0.0,1.0,1.0,0.0,1,120793.0
40,9,5,0,0,0,1,0.0,0.0,1.0,0.0,0.0,255,8,0.03,0.02,0.0,0.0,0.0,0.0,1,60408.0
49,9,823,326,0,1,1,0.0,0.0,1.0,0.0,0.0,41,39,0.95,0.07,0.0,0.0,0.0,0.0,0,124895.0
62,1,0,0,0,0,66,0.02,0.0,0.02,1.0,0.0,255,1,0.0,0.29,0.0,0.0,0.0,1.0,1,70282.0
22,9,226,5381,0,1,5,0.0,0.0,1.0,0.0,0.25,73,255,1.0,0.0,0.01,0.0,0.0,0.0,0,112745.0
58,9,78,0,0,0,11,0.0,0.0,0.36,0.18,0.27,255,4,0.02,0.01,0.0,0.0,0.0,0.0,0,87896.0
37,5,0,0,0,0,130,1.0,1.0,0.11,0.06,0.0,255,14,0.05,0.07,0.0,1.0,1.0,0.0,1,103744.0
44,1,0,0,0,0,1,0.0,0.0,1.0,0.0,0.0,255,1,0.0,0.77,0.0,0.0,0.0,1.0,1,82441.0
44,5,0,0,0,0,264,1.0,1.0,0.03,0.06,0.0,255,9,0.04,0.07,0.0,1.0,1.0,0.0,1,40597.0
44,9,28,0,3,0,31,0.0,0.0,1.0,0.0,0.0,255,131,0.51,0.49,0.0,0.09,0.0,0.0,1,83920.0
44,9,1,0,0,0,146,0.0,0.0,0.75,0.04,0.0,255,146,0.57,0.05,0.0,0.0,0.0,0.0,1,30383.0
22,9,295,8720,0,1,2,0.0,0.0,1.0,0.0,0.67,58,255,1.0,0.0,0.02,0.0,0.0,0.0,0,56343.0
6,1,0,0,0,0,209,0.0,0.0,0.05,0.07,0.0,255,10,0.04,0.08,0.0,0.0,0.0,1.0,1,59114.0
56,9,0,4,0,0,1,0.0,0.0,1.0,0.0,0.0,13,13,1.0,0.0,0.0,0.0,0.0,0.0,0,37379.0
22,9,327,541,0,1,12,0.0,0.0,1.0,0.0,0.0,209,255,1.0,0.0,0.04,0.0,0.0,0.0,0,25498.0
49,9,1251,406,0,1,1,0.0,0.0,1.0,0.0,1.0,19,213,1.0,0.0,0.01,0.0,0.0,0.0,0,71039.0
40,9,147,105,0,0,1,0.0,0.0,1.0,0.0,0.0,255,2,0.01,0.87,0.0,0.0,0.0,0.0,0,69673.0
28,5,0,0,0,0,267,1.0,1.0,0.09,0.05,0.0,255,23,0.09,0.05,0.0,1.0,1.0,0.0,1,102769.0
49,9,621,333,0,1,1,0.0,0.0,1.0,0.0,0.0,102,66,0.6,0.03,0.03,0.0,0.0,0.0,0,31268.0
24,5,0,0,0,0,263,1.0,1.0,0.01,0.06,0.0,255,3,0.01,0.06,0.0,1.0,1.0,0.0,1,46761.0
55,5,0,0,0,0,248,1.0,1.0,0.01,0.06,0.0,255,19,0.07,0.06,0.0,1.0,1.0,0.0,1,1620.0
61,1,0,0,0,0,148,0.0,0.0,0.14,0.06,0.0,255,10,0.04,0.07,0.0,0.0,0.0,1.0,1,23902.0
22,5,0,0,0,0,38,1.0,1.0,0.26,0.11,0.0,255,50,0.2,0.04,0.0,1.0,1.0,0.0,1,70462.0
22,9,238,369,0,1,1,0.0,0.0,1.0,0.0,0.75,5,255,1.0,0.0,0.04,0.0,0.0,0.0,0,108561.0
37,5,0,0,0,0,102,1.0,1.0,0.18,0.06,0.0,255,18,0.07,0.07,0.0,1.0,1.0,0.0,1,109047.0
49,9,2944,332,0,1,1,0.0,0.0,1.0,0.0,0.0,255,142,0.56,0.03,0.0,0.0,0.0,0.0,0,34494.0
44,5,0,0,0,0,292,1.0,1.0,0.01,0.05,0.0,255,9,0.04,0.08,0.0,1.0,1.0,0.0,1,64051.0
22,1,0,0,0,0,1,0.0,0.0,1.0,0.0,0.0,9,255,1.0,0.0,0.33,0.0,0.0,0.99,0,8487.0
11,9,43,69,0,0,146,0.0,0.0,1.0,0.0,0.0,255,224,0.88,0.01,0.0,0.0,0.0,0.0,0,55040.0
11,9,46,79,0,0,309,0.0,0.0,1.0,0.0,0.0,255,254,1.0,0.01,0.0,0.0,0.0,0.0,0,86387.0
44,5,0,0,0,0,220,1.0,1.0,0.05,0.06,0.0,255,2,0.01,0.09,0.0,1.0,1.0,0.0,1,114818.0
19,9,383,0,0,1,2,0.0,0.0,1.0,0.0,0.0,63,57,0.17,0.1,0.05,0.0,0.0,0.0,0,71148.0
44,5,0,0,0,0,264,1.0,1.0,0.02,0.06,0.0,255,17,0.07,0.05,0.0,1.0,1.0,0.0,1,85190.0
18,9,367,1202,0,1,1,0.0,0.0,1.0,0.0,0.0,255,4,0.02,0.02,0.0,0.2,0.0,0.0,1,92153.0
44,5,0,0,0,0,255,1.0,1.0,0.06,0.06,0.0,255,2,0.01,0.07,0.0,1.0,1.0,0.0,1,122276.0
49,9,945,329,0,1,2,0.5,0.0,0.5,1.0,0.0,43,128,0.58,0.09,0.02,0.02,0.0,0.0,0,92424.0
36,5,0,0,0,0,125,1.0,1.0,0.2,0.06,0.0,255,25,0.1,0.05,0.0,1.0,1.0,0.0,1,36785.0
22,9,335,25261,0,1,7,0.0,0.0,1.0,0.0,0.0,7,255,1.0,0.0,0.04,0.0,0.0,0.0,0,106510.0
40,9,147,105,0,0,1,0.0,0.0,1.0,0.0,0.0,255,1,0.0,0.8,0.0,0.0,0.0,0.0,0,106402.0
44,4,0,0,0,0,1,0.0,0.0,1.0,0.0,0.0,255,1,0.0,0.95,0.0,0.0,0.0,1.0,1,62743.0
26,5,0,0,0,0,51,1.0,1.0,0.29,0.06,0.0,255,15,0.06,0.05,0.0,1.0,1.0,0.0,1,8470.0
44,5,0,0,0,0,110,1.0,1.0,0.15,0.05,0.0,255,17,0.07,0.06,0.0,1.0,1.0,0.0,1,71982.0
44,5,0,0,0,0,149,1.0,1.0,0.11,0.05,0.0,255,17,0.07,0.06,0.0,1.0,1.0,0.0,1,105895.0
22,9,301,784,0,1,7,0.0,0.0,1.0,0.0,0.25,190,255,1.0,0.0,0.01,0.0,0.0,0.0,0,101121.0
11,9,44,127,0,0,308,0.0,0.0,1.0,0.01,0.0,255,225,0.88,0.01,0.0,0.0,0.0,0.0,0,35112.0
22,9,307,1668,0,1,3,0.0,0.0,1.0,0.0,0.27,3,6,1.0,0.0,0.33,0.0,0.33,0.17,0,3205.0
22,9,183,3376,0,1,6,0.0,0.0,1.0,0.0,0.12,27,255,1.0,0.0,0.03,0.0,0.0,0.0,0,32600.0
44,9,105,147,0,0,1,0.0,0.0,1.0,0.0,0.0,130,129,0.99,0.02,0.0,0.0,0.0,0.0,0,109573.0
44,9,1,0,0,0,58,0.0,0.0,0.34,0.09,0.0,255,54,0.21,0.18,0.0,0.0,0.0,0.0,1,103549.0
19,9,383,0,0,1,1,0.0,0.0,1.0,0.0,0.0,47,26,0.06,0.13,0.08,0.0,0.0,0.0,0,99699.0
11,9,34,0,0,0,1,0.0,0.0,1.0,0.0,1.0,4,2,0.5,0.5,0.0,0.0,0.0,0.0,0,72582.0
32,1,0,0,0,0,104,0.0,0.0,0.06,0.08,0.0,255,6,0.02,0.08,0.0,0.0,0.0,1.0,1,83487.0
30,5,0,0,0,0,149,1.0,1.0,0.13,0.05,0.0,255,19,0.07,0.06,0.0,1.0,1.0,0.0,1,76042.0
22,9,341,699,0,1,20,0.0,0.0,1.0,0.0,0.15,218,230,1.0,0.0,0.02,0.0,0.01,0.0,0,80141.0
49,9,919,386,0,1,1,0.0,0.0,1.0,0.0,0.0,255,122,0.48,0.01,0.0,0.62,0.66,0.0,0,5344.0
44,5,0,0,0,0,132,1.0,1.0,0.07,0.06,0.0,255,5,0.02,0.07,0.0,1.0,1.0,0.0,1,97606.0
22,9,282,3200,0,1,7,0.0,0.0,1.0,0.0,0.0,255,255,1.0,0.0,0.0,0.0,0.0,0.0,0,8308.0
40,5,0,0,0,0,212,1.0,1.0,0.01,0.06,0.0,255,3,0.01,0.07,0.0,1.0,1.0,0.0,1,41139.0
22,9,184,34030,0,1,1,0.0,0.0,1.0,0.0,0.0,255,252,0.99,0.01,0.0,0.0,0.0,0.0,0,123363.0
22,9,292,2807,0,1,7,0.0,0.0,1.0,0.0,0.0,255,255,1.0,0.0,0.0,0.0,0.0,0.0,0,19952.0
40,1,0,0,0,0,482,0.07,0.0,0.0,1.0,0.0,255,1,0.0,1.0,0.0,0.04,0.0,1.0,1,35390.0
36,5,0,0,0,0,147,1.0,1.0,0.12,0.05,0.0,255,13,0.05,0.07,0.0,1.0,1.0,0.0,1,89148.0
22,9,220,846,0,1,2,0.0,0.0,1.0,0.0,0.24,2,255,1.0,0.0,0.04,0.0,0.01,0.0,0,54720.0
59,2,0,0,0,0,150,0.0,0.0,0.13,0.06,0.0,255,20,0.08,0.07,0.0,0.0,0.0,1.0,1,15219.0
22,9,210,2833,0,1,3,0.0,0.0,1.0,0.0,0.0,255,255,1.0,0.0,0.0,0.0,0.0,0.0,0,37065.0
22,9,178,1916,0,1,1,0.0,0.0,1.0,0.0,0.0,10,255,1.0,0.0,0.02,0.0,0.0,0.0,0,36639.0
29,5,0,0,0,0,205,1.0,1.0,0.06,0.05,0.0,255,12,0.05,0.05,0.0,1.0,1.0,0.0,1,3475.0
40,9,35195,0,0,1,20,0.05,0.0,0.05,0.3,0.0,67,1,0.01,0.12,0.0,0.01,0.0,0.0,0,35280.0
19,9,276,0,0,1,2,0.0,0.0,1.0,0.0,0.0,26,68,0.31,0.19,0.03,0.0,0.0,0.0,0,105205.0
40,9,1,0,0,0,42,0.0,0.0,0.21,0.1,0.0,255,9,0.04,0.07,0.0,0.0,0.0,0.0,1,96007.0
22,9,322,14064,0,1,2,0.0,0.0,1.0,0.0,0.0,255,255,1.0,0.0,0.0,0.0,0.0,0.0,0,113224.0
22,9,213,1691,0,1,9,0.0,0.0,1.0,0.0,0.2,216,255,1.0,0.0,0.01,0.0,0.0,0.0,0,15379.0
44,5,0,0,0,0,142,1.0,1.0,0.08,0.06,0.0,75,9,0.12,0.15,0.0,1.0,1.0,0.0,1,74262.0
4,5,0,0,0,0,295,1.0,1.0,0.02,0.05,0.0,255,9,0.04,0.07,0.0,1.0,1.0,0.0,1,98720.0
11,9,46,46,0,0,164,0.0,0.0,1.0,0.0,0.0,255,255,1.0,0.0,0.0,0.0,0.0,0.0,0,22719.0
49,9,853,330,0,1,1,0.0,0.0,1.0,0.0,1.0,151,198,0.83,0.02,0.01,0.0,0.0,0.0,0,34469.0
49,9,547,276,0,1,1,0.0,0.0,1.0,0.0,0.0,255,194,0.76,0.02,0.0,0.0,0.0,0.0,0,94563.0
62,5,0,0,0,0,257,1.0,1.0,0.0,0.07,0.0,255,1,0.0,0.08,0.0,1.0,1.0,0.0,1,55265.0
22,9,252,258,0,1,25,0.0,0.0,1.0,0.0,0.0,255,255,1.0,0.0,0.0,0.0,0.0,0.0,0,6652.0
11,9,46,137,0,0,79,0.0,0.0,1.0,0.0,0.01,255,206,0.81,0.01,0.0,0.0,0.0,0.0,0,74307.0
22,1,0,0,0,0,1,0.0,0.0,1.0,0.0,0.0,42,193,1.0,0.0,0.02,0.0,0.0,0.94,0,89624.0
22,9,323,2592,0,1,31,0.0,0.0,1.0,0.0,0.09,255,255,1.0,0.0,0.0,0.0,0.0,0.0,0,8625.0
13,9,8,0,0,0,1,0.0,0.0,1.0,0.0,1.0,1,31,1.0,0.0,0.52,0.0,0.0,0.0,1,58899.0
44,1,0,0,0,0,114,0.0,0.0,0.11,0.06,0.0,15,6,0.4,0.13,0.0,0.0,0.0,1.0,1,16764.0
22,9,186,2958,0,1,1,0.0,0.0,1.0,0.0,0.0,179,255,1.0,0.0,0.01,0.0,0.0,0.0,0,6202.0
11,9,45,74,0,0,255,0.0,0.0,1.0,0.0,0.0,255,235,0.92,0.01,0.0,0.0,0.0,0.0,0,10058.0
40,1,0,0,0,0,511,0.14,0.0,0.0,1.0,0.0,255,1,0.0,1.0,0.0,0.23,0.0,1.0,1,91307.0
22,9,220,5839,0,1,11,0.0,0.0,1.0,0.0,0.0,255,255,1.0,0.0,0.0,0.0,0.0,0.0,0,33773.0
19,9,567,0,0,0,2,0.0,0.0,0.5,1.0,0.0,23,19,0.83,0.13,0.0,0.0,0.0,0.0,0,11372.0
11,9,44,71,0,0,181,0.0,0.0,1.0,0.0,0.0,255,255,1.0,0.0,0.0,0.0,0.0,0.0,0,116944.0
49,9,1343,331,0,1,1,0.0,0.0,1.0,0.0,1.0,123,167,0.59,0.04,0.01,0.0,0.0,0.0,0,19376.0
22,9,204,165,0,1,39,0.0,0.0,1.0,0.0,0.04,208,208,1.0,0.0,0.0,0.0,0.0,0.0,0,87006.0
13,9,8,0,0,0,1,0.0,0.0,1.0,0.0,1.0,1,255,1.0,0.0,0.5,0.0,0.0,0.0,1,50865.0
22,9,299,2698,0,1,2,0.0,0.0,1.0,0.0,0.75,255,250,0.98,0.01,0.0,0.0,0.0,0.0,0,38146.0
58,9,183,0,0,0,2,0.0,0.0,0.5,1.0,0.0,255,46,0.18,0.01,0.0,0.0,0.0,0.0,0,86998.0
55,9,121,9245,0,1,1,0.0,0.0,1.0,0.0,0.0,55,1,0.02,0.07,0.0,0.0,0.0,0.0,0,72128.0
59,5,0,0,0,0,124,1.0,1.0,0.11,0.06,0.0,255,14,0.05,0.05,0.0,1.0,1.0,0.0,1,33159.0
22,9,211,1195,0,1,9,0.0,0.0,1.0,0.0,0.0,172,255,1.0,0.0,0.01,0.0,0.0,0.0,0,66049.0
22,9,158,11415,0,1,2,0.0,0.0,1.0,0.0,0.0,255,255,1.0,0.0,0.0,0.0,0.0,0.0,0,78367.0
11,9,46,72,0,0,118,0.0,0.0,0.99,0.02,0.0,255,254,1.0,0.01,0.0,0.0,0.0,0.0,0,77174.0
22,9,309,12505,0,1,33,0.0,0.0,1.0,0.0,0.0,210,255,1.0,0.0,0.02,0.0,0.0,0.0,0,52721.0
55,9,123,10204,0,1,2,0.0,0.0,0.5,1.0,0.0,107,1,0.01,0.06,0.0,0.0,0.0,0.0,0,55133.0
14,9,1032,0,0,0,511,0.0,0.0,1.0,0.0,0.0,255,12,0.05,0.18,0.0,0.0,0.0,0.0,1,47491.0
22,9,361,865,0,1,11,0.0,0.0,1.0,0.0,0.0,40,255,1.0,0.0,0.06,0.0,0.0,0.0,0,110723.0
53,5,0,0,0,0,196,1.0,1.0,0.05,0.08,0.0,255,9,0.04,0.07,0.0,1.0,1.0,0.0,1,103076.0
19,9,151,0,0,1,2,0.0,0.0,1.0,0.0,0.0,255,10,0.04,0.06,0.0,0.84,0.0,0.0,0,31164.0
22,9,312,3222,0,1,2,0.0,0.0,1.0,0.0,0.23,255,231,0.91,0.02,0.0,0.0,0.0,0.0,0,63024.0
22,9,313,2785,0,1,4,0.0,0.0,1.0,0.0,0.33,11,255,1.0,0.0,0.06,0.0,0.0,0.0,0,109682.0
11,9,42,42,0,0,2,0.0,0.0,1.0,0.0,0.17,255,248,0.97,0.01,0.0,0.0,0.0,0.0,0,82258.0
44,9,1,0,0,0,17,0.0,0.0,0.82,0.12,0.0,255,14,0.05,0.93,0.0,0.03,0.0,0.0,1,116836.0
22,9,238,646,0,1,10,0.0,0.0,1.0,0.0,0.25,32,255,1.0,0.0,0.02,0.0,0.0,0.0,0,25135.0
54,1,0,0,0,0,150,0.0,0.0,0.13,0.06,0.0,255,18,0.07,0.07,0.0,0.0,0.0,1.0,1,90898.0
49,9,1377,400,0,1,1,0.0,0.0,1.0,0.0,0.0,51,170,0.73,0.06,0.02,0.0,0.0,0.0,0,85304.0
22,1,0,0,0,0,1,0.0,0.0,1.0,0.0,0.0,9,18,1.0,0.0,0.28,0.0,0.0,1.0,0,120509.0
13,9,8,0,0,0,1,0.0,0.0,1.0,0.0,1.0,3,191,1.0,0.0,0.25,0.0,0.0,0.0,1,88328.0
22,1,0,0,0,0,1,0.0,0.0,1.0,0.0,0.0,15,255,1.0,0.0,0.13,0.0,0.0,0.85,0,26377.0
14,9,30,0,0,0,2,0.0,0.0,1.0,0.0,0.0,192,192,1.0,0.0,0.0,0.0,0.0,0.0,0,108379.0
49,9,2118,281,0,1,1,0.0,0.0,1.0,0.0,1.0,175,154,0.71,0.03,0.01,0.0,0.0,0.0,0,37839.0
22,9,247,499,0,1,2,0.0,0.0,1.0,0.0,0.0,2,255,1.0,0.0,0.02,0.0,0.0,0.0,0,117813.0
49,9,1499,328,0,1,2,0.0,0.0,0.5,1.0,0.0,196,120,0.55,0.04,0.02,0.0,0.0,0.0,0,61587.0
22,9,175,497,0,1,2,0.0,0.0,1.0,0.0,0.75,18,255,1.0,0.0,0.01,0.06,0.0,0.0,0,23135.0
49,9,1193,372,0,1,1,0.0,0.0,1.0,0.0,1.0,136,244,0.96,0.01,0.01,0.0,0.0,0.0,0,48775.0
44,1,0,0,0,0,132,0.0,0.0,0.11,0.07,0.0,255,15,0.06,0.08,0.0,0.0,0.0,1.0,1,36873.0
22,1,0,0,0,0,1,0.0,0.0,1.0,0.0,0.0,23,255,1.0,0.0,0.11,0.0,0.0,1.0,0,104598.0
14,9,1032,0,0,0,172,0.0,0.0,1.0,0.0,0.0,255,172,0.67,0.01,0.0,0.0,0.0,0.0,1,72412.0
11,9,45,155,0,0,72,0.0,0.0,0.99,0.03,0.01,255,234,0.92,0.01,0.0,0.0,0.0,0.0,0,120198.0
4,5,0,0,0,0,199,1.0,1.0,0.03,0.07,0.0,255,3,0.01,0.08,0.0,1.0,1.0,0.0,1,73960.0
22,9,219,2732,0,1,21,0.0,0.0,1.0,0.0,0.0,255,255,1.0,0.0,0.0,0.0,0.0,0.0,0,37629.0
22,9,310,11593,0,1,5,0.0,0.0,1.0,0.0,0.0,5,255,1.0,0.0,0.04,0.0,0.01,0.0,0,83720.0
59,5,0,0,0,0,130,1.0,1.0,0.09,0.05,0.0,255,3,0.01,0.07,0.0,1.0,1.0,0.0,1,20144.0
44,5,0,0,0,0,202,1.0,1.0,0.09,0.06,0.0,255,18,0.07,0.06,0.0,1.0,1.0,0.0,1,19990.0
62,5,0,0,0,0,138,1.0,1.0,0.13,0.05,0.0,255,18,0.07,0.05,0.0,1.0,1.0,0.0,1,47085.0
11,9,45,75,0,0,229,0.0,0.0,1.0,0.01,0.0,255,244,0.96,0.01,0.0,0.0,0.0,0.0,0,21757.0
22,7,212,25520,0,1,2,0.5,0.5,1.0,0.0,0.0,255,255,1.0,0.0,0.0,0.0,0.0,0.0,0,74456.0
4,5,0,0,0,0,132,1.0,1.0,0.18,0.05,0.0,255,24,0.09,0.05,0.0,1.0,1.0,0.0,1,19281.0
26,1,0,0,0,0,102,0.0,0.0,0.09,0.06,0.0,255,9,0.04,0.07,0.0,0.0,0.0,1.0,1,47371.0
32,5,0,0,0,0,300,1.0,1.0,0.07,0.05,0.0,255,12,0.05,0.06,0.0,1.0,1.0,0.0,1,104719.0
49,5,0,0,0,0,2,0.5,0.5,1.0,0.0,0.0,77,105,0.45,0.18,0.02,0.04,0.02,0.0,0,58122.0
44,4,0,0,0,0,1,0.0,0.0,1.0,0.0,0.0,149,1,0.01,0.35,0.0,0.0,0.0,1.0,1,115731.0
44,5,0,0,0,0,173,0.99,1.0,0.03,0.08,0.0,255,5,0.02,0.08,0.0,1.0,1.0,0.0,1,124685.0
50,5,0,0,0,0,280,1.0,1.0,0.04,0.06,0.0,255,1,0.0,0.06,0.0,1.0,1.0,0.0,1,58223.0
33,4,0,0,0,0,1,0.0,0.0,1.0,0.0,0.0,255,1,0.0,0.55,0.0,0.0,0.0,1.0,1,46516.0
3,5,0,0,0,0,234,1.0,1.0,0.01,0.06,0.0,255,10,0.04,0.07,0.0,1.0,1.0,0.0,1,8221.0
44,1,0,0,0,0,85,0.0,0.0,0.19,0.06,0.0,255,16,0.06,0.05,0.0,0.0,0.0,1.0,1,111739.0
31,5,0,0,0,0,228,1.0,1.0,0.0,0.06,0.0,255,15,0.06,0.08,0.0,1.0,1.0,0.0,1,87101.0
13,9,8,0,0,0,1,0.0,0.0,1.0,0.0,1.0,1,189,1.0,0.0,0.5,0.0,0.0,0.0,1,38335.0
44,5,0,0,0,0,104,1.0,1.0,0.17,0.07,0.0,255,18,0.07,0.05,0.0,1.0,1.0,0.0,1,50645.0
44,5,0,0,0,0,114,1.0,1.0,0.1,0.07,0.0,255,2,0.01,0.08,0.0,1.0,1.0,0.0,1,94095.0
44,9,105,145,0,0,4,0.0,0.0,0.25,0.5,0.0,255,221,0.87,0.01,0.0,0.0,0.0,0.0,0,40570.0
19,9,748,0,0,0,1,0.0,0.0,1.0,0.0,0.0,46,31,0.15,0.09,0.06,0.0,0.0,0.0,0,44667.0
22,9,338,1408,0,1,16,0.0,0.0,1.0,0.0,0.0,255,255,1.0,0.0,0.0,0.0,0.0,0.0,0,91484.0
49,9,1528,334,0,1,1,0.0,0.0,1.0,0.0,1.0,255,142,0.56,0.02,0.0,0.0,0.0,0.0,0,116602.0
22,1,0,0,0,0,1,0.0,0.0,1.0,0.0,0.0,124,255,1.0,0.0,0.08,0.0,0.0,0.97,0,14341.0
18,9,1473,4152,0,1,1,0.0,0.0,1.0,0.0,0.0,52,16,0.31,0.06,0.0,0.0,0.0,0.0,0,50338.0
22,9,346,573,0,1,8,0.0,0.0,1.0,0.0,0.3,255,255,1.0,0.0,0.0,0.0,0.0,0.0,0,71821.0
17,5,0,0,0,0,55,0.96,1.0,0.25,0.11,0.0,255,54,0.21,0.04,0.0,1.0,1.0,0.0,1,47279.0
44,5,0,0,0,0,194,1.0,1.0,0.02,0.07,0.0,255,4,0.02,0.07,0.0,1.0,1.0,0.0,1,114654.0
29,1,0,0,0,0,1,0.0,0.0,1.0,0.0,0.0,68,2,0.01,1.0,1.0,0.0,0.0,1.0,1,64510.0
60,5,0,0,0,0,203,1.0,1.0,0.02,0.05,0.0,255,5,0.02,0.06,0.0,1.0,1.0,0.0,1,123930.0
11,9,46,82,0,0,120,0.0,0.0,1.0,0.0,0.0,255,253,0.99,0.01,0.0,0.0,0.0,0.0,0,109989.0
14,9,1032,0,0,0,509,0.0,0.0,1.0,0.0,0.0,255,181,0.71,0.03,0.0,0.0,0.0,0.0,1,75263.0
44,5,0,0,0,0,220,1.0,1.0,0.03,0.06,0.0,255,14,0.05,0.07,0.0,1.0,1.0,0.0,1,125115.0
11,9,46,78,0,0,199,0.0,0.0,0.99,0.01,0.01,255,254,1.0,0.01,0.0,0.0,0.0,0.0,0,32891.0
19,5,0,0,0,0,243,1.0,1.0,0.02,0.07,0.0,255,6,0.02,0.07,0.0,1.0,1.0,0.0,1,87219.0
13,9,8,0,0,0,1,0.0,0.0,1.0,0.0,1.0,1,143,1.0,0.0,0.5,0.0,0.0,0.0,1,2405.0
44,1,0,0,0,0,1,0.0,0.0,1.0,0.0,0.0,30,2,0.03,1.0,1.0,0.0,0.0,1.0,1,95475.0
22,9,340,4701,0,1,4,0.0,0.0,1.0,0.0,0.29,73,255,1.0,0.0,0.04,0.0,0.0,0.0,0,52509.0
44,9,1,0,0,0,135,0.0,0.0,0.85,0.03,0.0,255,157,0.62,0.05,0.0,0.0,0.0,0.0,1,85088.0
22,9,324,1063,0,1,52,0.0,0.0,1.0,0.0,0.05,65,255,1.0,0.0,0.05,0.0,0.0,0.0,0,92511.0
19,9,0,544,0,0,1,0.0,0.0,1.0,0.0,0.0,21,59,0.33,0.19,0.03,0.0,0.0,0.0,0,16806.0
44,5,0,0,0,0,128,1.0,1.0,0.02,0.09,0.0,255,3,0.01,0.09,0.0,1.0,1.0,0.0,1,10804.0
11,9,45,81,0,0,125,0.0,0.0,0.99,0.02,0.0,255,254,1.0,0.01,0.0,0.0,0.0,0.0,0,94966.0
11,9,33,88,0,0,1,0.0,0.0,1.0,0.0,0.0,58,50,0.53,0.03,0.04,0.0,0.0,0.0,0,80457.0
19,9,383,0,0,0,2,0.0,0.0,1.0,0.0,0.0,13,32,0.23,0.15,0.06,0.0,0.0,0.0,0,19467.0
22,9,249,5691,0,1,4,0.0,0.0,1.0,0.0,0.0,4,255,1.0,0.0,0.01,0.0,0.0,0.0,0,24999.0
22,9,282,1227,0,1,3,0.33,0.33,1.0,0.0,0.0,255,255,1.0,0.0,0.0,0.01,0.01,0.0,0,30669.0
22,9,311,304,0,1,15,0.0,0.0,1.0,0.0,0.0,21,255,1.0,0.0,0.09,0.0,0.0,0.0,0,35073.0
11,9,46,81,0,0,243,0.0,0.0,1.0,0.0,0.01,255,254,1.0,0.01,0.0,0.0,0.0,0.0,0,7613.0
22,9,249,290,0,1,16,0.0,0.0,1.0,0.0,0.17,255,255,1.0,0.0,0.0,0.0,0.0,0.0,0,92923.0
22,9,249,1092,0,1,11,0.0,0.0,1.0,0.0,0.0,255,255,1.0,0.0,0.0,0.0,0.0,0.0,0,22807.0
44,4,1,0,0,0,1,0.0,0.0,1.0,0.0,0.0,255,1,0.0,0.74,0.0,0.0,0.0,1.0,1,51458.0
49,9,973,330,0,1,1,0.0,0.0,1.0,0.0,0.0,4,156,1.0,0.0,0.02,0.0,0.0,0.0,0,93744.0
9,5,0,0,0,0,247,1.0,1.0,0.02,0.07,0.0,255,4,0.02,0.07,0.0,1.0,1.0,0.0,1,58864.0
29,5,0,0,0,0,257,1.0,1.0,0.03,0.06,0.0,255,13,0.05,0.08,0.0,1.0,1.0,0.0,1,18096.0
22,9,307,1259,0,1,12,0.0,0.0,1.0,0.0,0.0,48,255,1.0,0.0,0.05,0.0,0.0,0.0,0,90983.0
11,9,45,71,0,0,154,0.0,0.0,1.0,0.0,0.0,255,190,0.75,0.01,0.0,0.0,0.0,0.0,0,44166.0
19,5,0,0,0,0,205,1.0,1.0,0.07,0.06,0.0,255,14,0.05,0.06,0.0,1.0,1.0,0.0,1,54976.0
22,9,312,2251,0,1,33,0.0,0.03,1.0,0.0,0.08,255,255,1.0,0.0,0.0,0.0,0.0,0.0,0,48058.0
22,9,294,9042,0,1,12,0.0,0.0,1.0,0.0,0.17,255,255,1.0,0.0,0.0,0.0,0.0,0.0,0,30012.0
22,9,323,741,0,1,5,0.2,0.2,1.0,0.0,0.0,255,255,1.0,0.0,0.0,0.0,0.0,0.0,0,49165.0
19,9,12,0,0,1,1,0.0,0.0,1.0,0.0,0.0,146,39,0.27,0.04,0.0,0.0,0.0,0.0,0,19527.0
40,9,147,105,0,0,4,0.0,0.0,0.5,0.5,0.0,255,2,0.01,0.75,0.0,0.0,0.0,0.0,0,117814.0
40,5,0,0,0,0,509,0.24,1.0,0.0,1.0,0.0,255,1,0.0,1.0,0.0,0.16,1.0,0.0,1,30523.0
7,5,0,0,0,0,124,1.0,1.0,0.12,0.06,0.0,255,14,0.05,0.06,0.0,1.0,1.0,0.0,1,103600.0
44,9,1,0,0,0,77,0.0,0.0,0.01,0.09,0.0,255,1,0.0,0.21,0.0,0.0,0.0,0.0,1,30490.0
22,9,309,757,0,1,2,0.0,0.0,1.0,0.0,0.33,100,255,1.0,0.0,0.04,0.0,0.0,0.0,0,59571.0
22,9,226,2630,0,1,9,0.0,0.0,1.0,0.0,0.0,24,255,1.0,0.0,0.07,0.0,0.0,0.0,0,25097.0
22,9,144,31220,0,1,1,0.0,0.0,1.0,0.0,0.0,255,255,1.0,0.0,0.0,0.0,0.0,0.01,0,54758.0
11,9,37,37,0,0,2,0.0,0.0,0.5,1.0,0.6,196,146,0.74,0.02,0.0,0.0,0.0,0.0,0,99706.0
13,9,18,0,0,0,1,0.0,0.0,1.0,0.0,0.0,2,78,1.0,0.0,0.26,0.0,0.0,0.0,1,64938.0
22,9,324,2394,0,1,7,0.0,0.0,1.0,0.0,0.25,119,255,1.0,0.0,0.03,0.0,0.0,0.0,0,50886.0
9,5,0,0,0,0,287,1.0,1.0,0.01,0.05,0.0,255,3,0.01,0.05,0.0,1.0,1.0,0.0,1,90676.0
22,9,285,3738,0,1,15,0.0,0.0,1.0,0.0,0.11,15,255,1.0,0.0,0.05,0.0,0.0,0.0,0,40285.0
44,5,0,0,0,0,148,1.0,1.0,0.01,0.07,0.0,255,12,0.05,0.07,0.0,1.0,1.0,0.0,1,3127.0
22,9,219,11450,0,1,8,0.0,0.0,1.0,0.0,0.0,86,255,1.0,0.0,0.01,0.0,0.0,0.0,0,104177.0
22,9,252,6160,0,1,3,0.0,0.0,1.0,0.0,0.6,3,255,1.0,0.0,0.04,0.0,0.0,0.0,0,25168.0
11,9,137,44,0,0,303,0.0,0.0,1.0,0.01,0.0,192,159,0.83,0.01,0.0,0.0,0.0,0.0,0,70889.0
13,9,8,0,0,0,1,0.0,0.0,1.0,0.0,1.0,1,59,1.0,0.0,0.51,0.0,0.0,0.0,1,29371.0
44,9,105,146,0,0,1,0.0,0.0,1.0,0.0,0.0,237,220,0.93,0.01,0.0,0.0,0.0,0.0,0,88097.0
40,9,59,0,0,1,7,0.0,0.0,0.14,0.29,0.0,55,1,0.02,0.11,0.0,0.0,0.0,0.0,0,109238.0
49,9,961,288,0,1,1,0.0,0.0,1.0,0.0,0.0,105,160,0.65,0.06,0.01,0.0,0.0,0.0,0,113085.0
18,9,294,903,0,1,1,0.0,0.0,1.0,0.0,0.0,35,6,0.17,0.06,0.0,0.0,0.0,0.0,0,102450.0
14,9,1480,0,1,0,6,0.0,0.0,1.0,0.0,0.0,255,8,0.03,0.02,0.0,0.0,0.0,0.0,1,99232.0
22,9,239,11592,0,1,6,0.0,0.0,1.0,0.0,0.0,69,255,1.0,0.0,0.04,0.0,0.0,0.0,0,90946.0
44,1,0,0,0,0,271,0.0,0.0,0.04,0.07,0.0,255,12,0.05,0.09,0.0,0.0,0.0,1.0,1,109061.0
13,9,8,0,0,0,1,0.0,0.0,1.0,0.0,1.0,2,18,1.0,0.0,0.28,0.0,0.0,0.0,1,43529.0
19,9,748,0,0,1,1,0.0,0.0,1.0,0.0,0.0,178,48,0.27,0.02,0.0,0.0,0.0,0.0,0,33923.0
44,5,0,0,0,0,268,1.0,1.0,0.04,0.06,0.0,255,27,0.11,0.06,0.0,1.0,1.0,0.0,1,82146.0
22,9,208,1083,0,1,11,0.0,0.0,1.0,0.0,0.19,11,255,1.0,0.0,0.06,0.0,0.0,0.0,0,35371.0
62,1,0,0,0,0,300,0.0,0.0,0.06,0.06,0.0,255,18,0.07,0.07,0.0,0.0,0.0,1.0,1,115572.0
22,9,233,1065,0,1,4,0.0,0.0,1.0,0.0,0.0,255,255,1.0,0.0,0.0,0.0,0.0,0.0,0,63932.0
26,5,0,0,0,0,148,1.0,1.0,0.16,0.05,0.0,255,23,0.09,0.05,0.0,1.0,1.0,0.0,1,48542.0
44,9,1,0,0,0,126,0.0,0.0,0.92,0.02,0.0,255,184,0.72,0.04,0.0,0.0,0.0,0.0,1,57737.0
44,1,0,0,0,0,123,0.0,0.0,0.08,0.07,0.0,255,10,0.04,0.09,0.0,0.0,0.0,1.0,1,45123.0
22,9,214,1721,0,1,6,0.0,0.0,1.0,0.0,0.0,255,255,1.0,0.0,0.0,0.0,0.0,0.0,0,74930.0
22,9,355,204,0,1,18,0.0,0.0,1.0,0.0,0.0,25,225,1.0,0.0,0.03,0.0,0.0,0.0,0,117318.0
22,9,285,266,0,1,10,0.0,0.0,1.0,0.0,0.17,255,255,1.0,0.0,0.0,0.0,0.0,0.0,0,40249.0
49,5,0,0,0,0,234,1.0,1.0,0.0,0.07,0.0,255,1,0.0,0.07,0.0,1.0,1.0,0.0,1,65137.0
44,5,0,0,0,0,218,1.0,1.0,0.04,0.06,0.0,255,2,0.01,0.08,0.0,1.0,1.0,0.0,1,38901.0
14,9,520,0,0,0,387,0.0,0.0,1.0,0.0,0.0,255,255,1.0,0.0,0.0,0.0,0.0,0.0,1,51341.0
22,9,218,302,0,1,11,0.0,0.0,1.0,0.0,0.0,42,255,1.0,0.0,0.06,0.0,0.0,0.81,0,91989.0
37,5,0,0,0,0,100,1.0,1.0,0.02,0.06,0.0,255,20,0.08,0.06,0.0,1.0,1.0,0.0,1,77138.0
44,1,0,0,0,0,1,0.0,0.0,1.0,0.0,0.0,50,1,0.02,1.0,0.0,0.0,0.0,1.0,1,1889.0
44,5,0,0,0,0,209,1.0,1.0,0.04,0.06,0.0,255,3,0.01,0.09,0.0,1.0,1.0,0.0,1,65848.0
49,9,647,341,0,1,1,0.0,0.0,1.0,0.0,0.0,79,186,0.94,0.03,0.01,0.0,0.0,0.0,0,73222.0
22,5,0,0,0,0,235,1.0,1.0,0.02,0.06,0.0,255,5,0.02,0.06,0.0,1.0,1.0,0.0,1,119886.0
44,5,0,0,0,0,159,1.0,1.0,0.04,0.06,0.0,255,18,0.07,0.07,0.0,1.0,1.0,0.0,1,35938.0
18,5,0,0,0,0,106,1.0,1.0,0.23,0.05,0.0,255,7,0.03,0.07,0.0,1.0,1.0,0.0,1,20930.0
26,5,0,0,0,0,134,1.0,1.0,0.01,0.06,0.0,255,17,0.07,0.06,0.0,1.0,1.0,0.0,1,105116.0
22,9,277,14496,0,1,7,0.0,0.0,1.0,0.0,0.18,255,255,1.0,0.0,0.0,0.0,0.0,0.0,0,112924.0
55,5,0,0,0,0,30,1.0,1.0,0.23,0.13,0.0,255,63,0.25,0.02,0.0,1.0,1.0,0.0,1,80651.0
7,1,0,0,0,0,227,0.0,0.0,0.04,0.07,0.0,255,10,0.04,0.07,0.0,0.0,0.0,1.0,1,16500.0
22,9,286,421,0,1,2,0.0,0.0,1.0,0.0,0.14,255,255,1.0,0.0,0.0,0.0,0.0,0.0,0,10887.0
44,5,0,0,0,0,116,1.0,1.0,0.15,0.07,0.0,255,18,0.07,0.07,0.0,1.0,1.0,0.0,1,13516.0
22,9,156,166,0,1,1,0.0,0.0,1.0,0.0,0.22,21,255,1.0,0.0,0.02,0.0,0.0,0.0,0,48296.0
44,5,0,0,0,0,112,1.0,1.0,0.12,0.05,0.0,255,8,0.03,0.06,0.0,1.0,1.0,0.0,1,104635.0
5,5,0,0,0,0,120,1.0,1.0,0.03,0.06,0.0,255,4,0.02,0.05,0.0,1.0,1.0,0.0,1,76076.0
29,5,0,0,0,0,277,1.0,1.0,0.03,0.06,0.0,255,9,0.04,0.07,0.0,1.0,1.0,0.0,1,41890.0
44,4,0,0,0,0,1,0.0,0.0,1.0,0.0,0.0,227,1,0.0,0.57,0.0,0.0,0.0,1.0,1,114096.0
22,9,291,1396,0,1,1,0.0,0.0,1.0,0.0,0.0,255,255,1.0,0.0,0.0,0.0,0.0,0.0,0,99158.0
22,9,303,1587,0,1,10,0.0,0.0,1.0,0.0,0.0,255,255,1.0,0.0,0.0,0.0,0.0,0.0,0,66529.0
19,9,192,0,0,1,2,0.0,0.0,1.0,0.0,0.0,106,34,0.32,0.06,0.0,0.0,0.0,0.0,0,90655.0
22,9,258,255,0,1,10,0.0,0.0,1.0,0.0,0.0,255,255,1.0,0.0,0.0,0.0,0.0,0.0,0,18949.0
11,9,45,128,0,0,135,0.0,0.0,1.0,0.0,0.01,255,255,1.0,0.0,0.0,0.0,0.0,0.0,0,110987.0
19,9,567,0,0,1,1,0.0,0.0,1.0,0.0,0.0,128,19,0.15,0.05,0.0,0.0,0.0,0.0,0,90429.0
9,2,0,0,0,0,134,0.0,0.0,0.14,0.06,0.0,255,19,0.07,0.07,0.0,0.0,0.0,1.0,1,12622.0
40,9,145,0,0,0,1,0.0,0.0,1.0,0.0,0.0,255,1,0.0,0.49,0.0,0.0,0.0,0.0,0,28424.0
44,9,1,0,0,0,47,0.0,0.0,0.43,0.09,0.0,255,86,0.34,0.06,0.0,0.0,0.0,0.0,1,19003.0
44,9,28,0,3,0,39,0.0,0.0,1.0,0.0,0.0,255,139,0.55,0.46,0.0,0.09,0.0,0.0,1,105192.0
22,5,0,0,0,0,17,1.0,1.0,0.47,0.24,0.0,255,67,0.26,0.02,0.0,1.0,1.0,0.0,1,102797.0
22,5,0,0,0,0,17,1.0,0.94,1.0,0.0,0.11,17,17,1.0,0.0,0.0,1.0,1.0,0.0,1,61506.0
17,5,0,0,0,0,30,1.0,1.0,0.53,0.07,0.0,255,60,0.24,0.04,0.0,1.0,1.0,0.0,1,19827.0
44,9,105,146,0,0,1,0.0,0.0,1.0,0.0,0.0,234,224,0.96,0.01,0.0,0.0,0.0,0.0,0,1809.0
13,9,30,0,0,0,2,0.0,0.0,1.0,0.0,0.0,230,230,1.0,0.0,0.0,0.0,0.0,0.0,0,117612.0
44,1,0,0,0,0,1,0.0,0.0,1.0,0.0,0.0,9,2,0.11,1.0,1.0,0.0,0.0,1.0,0,11057.0
22,9,919,14772,0,1,1,0.0,0.0,1.0,0.0,0.2,1,255,1.0,0.0,0.01,0.0,0.0,0.0,0,83234.0
22,9,216,272,0,1,1,0.0,0.0,1.0,0.0,0.33,82,255,1.0,0.0,0.05,0.0,0.0,0.0,0,69272.0
44,5,0,0,0,0,44,1.0,1.0,0.07,0.09,0.0,255,3,0.01,0.08,0.0,1.0,1.0,0.0,1,43862.0
49,9,2019,513,0,1,1,0.0,0.0,1.0,0.0,1.0,195,130,0.52,0.02,0.02,0.0,0.0,0.0,0,43158.0
22,1,0,0,0,0,25,0.0,0.0,1.0,0.0,0.0,178,189,1.0,0.0,0.03,0.01,0.01,0.37,0,9094.0
44,1,0,0,0,0,105,0.0,0.0,0.03,0.08,0.0,80,3,0.04,0.1,0.0,0.0,0.0,1.0,1,109683.0
13,9,8,0,0,0,1,0.0,0.0,1.0,0.0,1.0,2,74,1.0,0.0,0.51,0.0,0.0,0.0,1,113612.0
55,5,0,0,0,0,294,1.0,1.0,0.09,0.05,0.0,255,25,0.1,0.05,0.0,1.0,1.0,0.0,1,50740.0
44,1,0,0,0,0,238,0.0,0.0,0.04,0.07,0.0,255,10,0.04,0.08,0.0,0.0,0.0,1.0,1,97494.0
19,9,1363,0,0,0,17,0.0,0.0,1.0,0.0,0.0,246,69,0.28,0.02,0.0,0.0,0.0,0.0,0,18249.0
22,9,231,1462,0,1,27,0.0,0.0,1.0,0.0,0.0,255,255,1.0,0.0,0.0,0.0,0.0,0.01,0,95446.0
14,9,1032,0,0,0,511,0.0,0.0,1.0,0.0,0.0,255,62,0.24,0.2,0.0,0.0,0.0,0.0,1,91363.0
22,9,235,2249,0,1,2,0.0,0.0,1.0,0.0,0.0,14,255,1.0,0.0,0.08,0.0,0.0,0.0,0,75857.0
12,5,0,0,0,0,236,1.0,1.0,0.02,0.06,0.0,255,5,0.02,0.05,0.0,1.0,1.0,0.0,1,102365.0
22,9,297,675,0,1,3,0.0,0.0,1.0,0.0,0.0,255,255,1.0,0.0,0.0,0.0,0.0,0.0,0,83255.0
22,9,240,372,0,1,10,0.0,0.0,1.0,0.0,0.0,42,255,1.0,0.0,0.06,0.0,0.0,0.0,0,57580.0
22,9,224,1227,0,1,2,0.0,0.0,1.0,0.0,0.0,2,2,1.0,0.0,0.0,0.0,0.0,0.0,0,115536.0
14,9,1032,0,0,0,490,0.0,0.0,1.0,0.0,0.0,255,255,1.0,0.0,0.0,0.0,0.0,0.0,1,27221.0
44,9,28,0,3,0,96,0.0,0.0,1.0,0.0,0.0,168,96,0.57,0.02,0.0,0.0,0.0,0.0,1,119054.0
29,5,0,0,0,0,203,1.0,1.0,0.07,0.05,0.0,255,15,0.06,0.05,0.0,1.0,1.0,0.0,1,62151.0
44,4,1,0,0,0,2,0.0,0.0,1.0,0.0,0.0,255,2,0.01,0.82,0.0,0.0,0.0,1.0,1,52704.0
44,1,0,0,0,0,126,0.0,0.0,0.13,0.08,0.0,255,17,0.07,0.07,0.0,0.0,0.0,1.0,1,79504.0
19,9,12,0,0,1,1,0.0,0.0,1.0,0.0,0.0,180,48,0.21,0.07,0.04,0.01,0.02,0.0,0,77266.0
44,9,105,147,0,0,1,0.0,0.0,1.0,0.0,0.0,142,140,0.99,0.01,0.0,0.0,0.0,0.0,0,19374.0
28,5,0,0,0,0,139,1.0,1.0,0.13,0.06,0.0,255,18,0.07,0.07,0.0,1.0,1.0,0.0,1,104735.0
44,5,0,0,0,0,255,1.0,1.0,0.05,0.07,0.0,255,27,0.11,0.07,0.0,1.0,1.0,0.0,1,96307.0
22,9,283,500,0,1,10,0.0,0.0,1.0,0.0,0.17,91,255,1.0,0.0,0.02,0.0,0.0,0.0,0,35294.0
11,9,46,117,0,0,5,0.0,0.0,1.0,0.0,0.23,255,236,0.93,0.01,0.0,0.0,0.0,0.0,0,81133.0
19,9,212,0,0,1,2,0.0,0.0,1.0,0.0,0.0,166,73,0.44,0.04,0.0,0.0,0.0,0.0,0,49298.0
22,9,217,1035,0,1,34,0.0,0.0,1.0,0.0,0.0,255,255,1.0,0.0,0.0,0.0,0.0,0.32,0,918.0
22,9,294,495,0,1,35,0.03,0.03,1.0,0.0,0.0,95,255,1.0,0.0,0.02,0.0,0.0,0.0,0,73849.0
49,9,1374,391,0,1,1,0.0,0.0,1.0,0.0,0.0,110,161,0.31,0.03,0.01,0.0,0.0,0.0,0,92146.0
11,9,45,133,0,0,317,0.0,0.0,1.0,0.01,0.0,255,229,0.9,0.01,0.0,0.0,0.0,0.0,0,70197.0
40,9,516,4,0,0,374,0.0,0.0,1.0,0.0,0.0,255,255,1.0,0.0,0.0,0.0,0.0,0.0,0,37233.0
40,9,516,4,0,0,475,0.0,0.0,1.0,0.0,0.0,255,255,1.0,0.0,0.0,0.0,0.0,0.0,0,79376.0
11,9,44,44,0,0,4,0.0,0.0,0.25,0.5,0.4,17,16,0.94,0.12,0.0,0.0,0.0,0.0,0,117235.0
49,9,1294,385,0,1,1,0.0,0.0,1.0,0.0,0.0,255,122,0.48,0.02,0.0,0.51,0.58,0.0,0,70796.0
22,1,0,0,0,0,1,0.0,0.0,1.0,0.0,0.0,1,113,1.0,0.0,0.29,0.0,0.0,0.99,0,62614.0
19,9,9,0,0,1,1,0.0,0.0,1.0,0.0,0.0,255,61,0.24,0.05,0.0,0.27,0.0,0.0,0,53814.0
7,5,0,0,0,0,208,1.0,1.0,0.07,0.06,0.0,255,15,0.06,0.07,0.0,1.0,1.0,0.0,1,87504.0
11,9,45,126,0,0,77,0.0,0.0,1.0,0.0,0.01,255,255,1.0,0.0,0.0,0.0,0.0,0.0,0,18414.0
22,9,251,2015,0,1,16,0.0,0.0,1.0,0.0,0.0,137,255,1.0,0.0,0.05,0.0,0.0,0.0,0,72879.0
44,5,0,0,0,0,203,1.0,1.0,0.05,0.06,0.0,255,16,0.06,0.08,0.0,1.0,1.0,0.0,1,97293.0
7,1,0,0,0,0,265,0.0,0.0,0.07,0.06,0.0,255,18,0.07,0.07,0.0,0.0,0.0,1.0,1,76924.0
49,9,2311,327,0,1,2,0.0,0.0,0.5,1.0,0.0,101,146,0.63,0.03,0.02,0.0,0.0,0.0,0,124137.0
60,5,0,0,0,0,256,1.0,1.0,0.04,0.06,0.0,255,12,0.05,0.07,0.0,1.0,1.0,0.0,1,3931.0
11,9,44,69,0,0,138,0.0,0.0,1.0,0.0,0.01,255,223,0.87,0.01,0.0,0.0,0.0,0.0,0,83471.0
22,9,331,6827,0,1,18,0.0,0.0,1.0,0.0,0.15,255,255,1.0,0.0,0.0,0.0,0.0,0.0,0,4432.0
11,9,45,131,0,0,69,0.0,0.0,1.0,0.0,0.01,247,163,0.66,0.01,0.0,0.0,0.0,0.0,0,41272.0
22,9,319,1836,0,1,14,0.0,0.0,1.0,0.0,0.0,27,255,1.0,0.0,0.03,0.0,0.0,0.0,0,39824.0
22,9,301,3660,0,1,22,0.0,0.0,1.0,0.0,0.09,255,255,1.0,0.0,0.0,0.0,0.0,0.0,0,5778.0
23,5,0,0,0,0,101,0.99,1.0,0.07,0.08,0.0,255,7,0.03,0.06,0.0,1.0,1.0,0.0,1,4064.0
14,9,1032,0,0,0,117,0.0,0.0,1.0,0.0,0.0,125,31,0.25,0.06,0.0,0.02,0.0,0.0,1,76533.0
22,9,324,9572,0,1,2,0.0,0.0,1.0,0.0,0.0,255,255,1.0,0.0,0.0,0.0,0.0,0.0,0,15758.0
49,9,1562,399,0,1,1,0.0,0.0,1.0,0.0,0.67,255,185,0.73,0.01,0.0,0.0,0.0,0.0,0,13703.0
22,9,218,12640,0,1,3,0.33,0.05,1.0,0.0,0.14,64,255,1.0,0.0,0.02,0.02,0.0,0.0,0,19848.0
18,9,226,698,0,1,1,0.0,0.0,1.0,0.0,0.0,1,1,1.0,0.0,0.0,0.0,0.0,0.0,0,82252.0
22,9,224,19950,0,1,6,0.0,0.0,1.0,0.0,0.0,116,255,1.0,0.0,0.01,0.0,0.0,0.0,0,36629.0
44,5,0,0,0,0,103,1.0,1.0,0.04,0.07,0.0,255,9,0.04,0.06,0.0,1.0,1.0,0.0,1,80187.0
44,5,0,0,0,0,196,1.0,1.0,0.04,0.07,0.0,255,2,0.01,0.07,0.0,1.0,1.0,0.0,1,112729.0
49,5,0,0,0,0,2,0.5,0.5,1.0,0.0,0.0,255,132,0.52,0.03,0.0,0.01,0.02,0.0,0,48742.0
44,9,105,0,0,0,2,0.0,0.0,1.0,0.0,0.0,255,242,0.95,0.01,0.0,0.0,0.0,0.0,0,125244.0
44,4,0,0,0,0,1,0.0,0.0,1.0,0.0,0.0,255,1,0.0,0.6,0.0,0.0,0.0,1.0,1,54841.0
44,5,0,0,0,0,121,1.0,1.0,0.01,0.06,0.0,255,1,0.0,0.07,0.0,1.0,1.0,0.0,1,78359.0
22,9,224,2051,0,1,19,0.0,0.0,1.0,0.0,0.0,235,255,1.0,0.0,0.01,0.0,0.0,0.0,0,109685.0
21,1,0,0,0,0,278,0.0,0.0,0.06,0.06,0.0,255,16,0.06,0.09,0.0,0.0,0.0,1.0,1,24062.0
22,9,205,4729,0,1,8,0.0,0.0,1.0,0.0,0.27,16,255,1.0,0.0,0.04,0.0,0.0,0.0,0,71869.0
14,9,1032,0,0,0,509,0.0,0.0,1.0,0.0,0.0,255,162,0.64,0.16,0.0,0.0,0.0,0.0,1,109393.0
40,9,1,0,0,0,20,0.0,0.0,0.1,0.2,0.0,255,2,0.01,0.21,0.0,0.0,0.0,0.0,1,8125.0
19,5,0,0,0,0,70,1.0,1.0,0.27,0.06,0.0,255,59,0.23,0.02,0.0,1.0,1.0,0.0,1,90943.0
11,9,42,42,0,0,13,0.0,0.0,1.0,0.0,0.15,255,255,1.0,0.0,0.0,0.0,0.0,0.0,0,4711.0
22,9,222,1427,0,1,3,0.0,0.0,1.0,0.0,0.0,3,4,1.0,0.0,0.5,0.0,0.0,0.0,0,36671.0
22,9,288,1426,0,1,6,0.0,0.0,1.0,0.0,0.38,6,255,1.0,0.0,0.06,0.0,0.0,0.0,0,20084.0
22,9,214,283,0,1,17,0.0,0.0,1.0,0.0,0.0,187,255,1.0,0.0,0.02,0.0,0.0,0.0,0,124762.0
22,9,333,492,0,1,34,0.0,0.0,1.0,0.0,0.12,255,255,1.0,0.0,0.0,0.0,0.0,0.0,0,12168.0
44,5,0,0,0,0,244,1.0,1.0,0.02,0.06,0.0,255,15,0.06,0.08,0.0,1.0,1.0,0.0,1,66525.0
19,9,59,0,0,1,12,0.0,0.0,1.0,0.0,0.0,155,103,0.58,0.02,0.02,0.0,0.01,0.0,0,5746.0
53,1,0,0,0,0,220,0.0,0.0,0.03,0.07,0.0,255,7,0.03,0.07,0.0,0.0,0.0,1.0,1,30701.0
22,9,286,22841,0,1,37,0.0,0.0,1.0,0.0,0.05,255,255,1.0,0.0,0.0,0.0,0.0,0.0,0,25963.0
22,9,347,440,0,1,12,0.0,0.0,1.0,0.0,0.0,29,255,1.0,0.0,0.08,0.0,0.0,0.0,0,47221.0
22,9,316,10538,0,1,9,0.0,0.0,1.0,0.0,0.15,9,255,1.0,0.0,0.05,0.0,0.02,0.0,0,106701.0
22,9,249,637,0,1,6,0.0,0.0,1.0,0.0,0.0,232,255,1.0,0.0,0.01,0.0,0.0,0.0,0,101697.0
44,9,105,147,0,0,2,0.0,0.0,1.0,0.0,0.0,255,252,0.99,0.01,0.0,0.0,0.0,0.0,0,101489.0
18,9,949,2720,0,1,1,0.0,0.0,1.0,0.0,0.0,56,6,0.11,0.11,0.0,0.0,0.0,0.0,0,64886.0
49,9,618,492,0,1,1,0.0,0.0,1.0,0.0,0.0,255,3,0.01,0.01,0.0,0.0,0.0,0.0,0,18078.0
19,1,0,0,0,0,223,0.0,0.0,0.05,0.07,0.0,255,12,0.05,0.08,0.0,0.0,0.0,1.0,1,19015.0
22,9,326,276,0,1,5,0.0,0.0,1.0,0.0,0.0,255,247,0.97,0.01,0.0,0.0,0.0,0.01,0,4825.0
19,9,175337,0,0,1,2,0.0,0.0,1.0,0.0,0.0,142,82,0.58,0.03,0.0,0.01,0.0,0.0,0,68408.0
19,5,0,0,0,0,22,1.0,1.0,0.09,0.18,0.0,255,61,0.24,0.02,0.0,1.0,1.0,0.0,1,23739.0
22,1,0,0,0,0,1,0.0,0.0,1.0,0.0,1.0,46,255,1.0,0.0,0.2,0.0,0.0,0.93,0,1407.0
12,5,0,0,0,0,223,1.0,1.0,0.08,0.06,0.0,255,17,0.07,0.06,0.0,1.0,1.0,0.0,1,193.0
44,5,0,0,0,0,189,1.0,1.0,0.1,0.06,0.0,255,1,0.0,0.07,0.0,1.0,1.0,0.0,1,17962.0
44,5,0,0,0,0,142,1.0,1.0,0.12,0.05,0.0,255,12,0.05,0.06,0.0,1.0,1.0,0.0,1,56561.0
22,9,312,313,0,1,21,0.0,0.0,1.0,0.0,0.0,255,255,1.0,0.0,0.0,0.0,0.0,0.0,0,65239.0
18,9,1206,2449,0,1,1,0.0,0.0,1.0,0.0,0.0,180,8,0.04,0.03,0.0,0.01,0.0,0.0,1,99193.0
55,9,116,15814,0,1,1,0.0,0.0,1.0,0.0,0.0,7,1,0.14,0.29,0.0,0.0,0.0,0.0,0,78865.0
20,5,0,0,0,0,161,1.0,1.0,0.07,0.07,0.0,255,11,0.04,0.06,0.0,1.0,1.0,0.0,1,90812.0
44,5,0,0,0,0,117,1.0,1.0,0.05,0.06,0.0,255,17,0.07,0.07,0.0,1.0,1.0,0.0,1,60371.0
22,9,272,1005,0,1,14,0.0,0.0,1.0,0.0,0.0,255,255,1.0,0.0,0.0,0.0,0.0,0.0,0,77874.0
22,1,0,0,0,0,1,0.0,0.0,1.0,0.0,1.0,4,255,1.0,0.0,0.14,0.0,0.0,0.61,0,56910.0
15,5,0,0,0,0,140,1.0,1.0,0.09,0.06,0.0,255,12,0.05,0.05,0.0,1.0,1.0,0.0,1,23917.0
40,4,1,0,0,0,2,0.0,0.0,1.0,0.0,0.0,255,2,0.01,0.73,0.0,0.0,0.0,1.0,1,117069.0
49,9,1314,328,0,1,1,0.0,0.0,1.0,0.0,0.0,115,110,0.81,0.03,0.02,0.0,0.0,0.0,0,62426.0
44,5,0,0,0,0,286,1.0,1.0,0.07,0.06,0.0,255,18,0.07,0.07,0.0,1.0,1.0,0.0,1,55934.0
22,9,242,5280,0,1,4,0.0,0.0,1.0,0.0,0.0,88,255,1.0,0.0,0.02,0.0,0.0,0.0,0,83673.0
19,9,2194619,0,0,1,2,0.0,0.0,1.0,0.0,0.0,228,56,0.21,0.04,0.04,0.0,0.0,0.0,0,57106.0
19,9,641,0,0,0,1,0.0,0.0,1.0,0.0,0.0,64,75,0.3,0.08,0.03,0.0,0.0,0.0,0,35106.0
44,9,1,0,0,0,13,0.0,0.0,0.31,0.15,0.0,255,39,0.15,0.32,0.0,0.02,0.0,0.0,1,66004.0
19,9,2191,0,0,1,2,0.0,0.0,1.0,0.0,0.0,255,108,0.42,0.03,0.0,0.01,0.01,0.0,0,26798.0
19,9,6853,0,0,1,1,0.0,0.0,1.0,0.0,0.0,120,19,0.16,0.06,0.0,0.0,0.0,0.0,0,29918.0
39,9,48,48,0,0,1,0.0,0.0,1.0,0.0,0.0,74,28,0.38,0.03,0.0,0.0,0.0,0.0,0,43248.0
13,9,8,0,0,0,1,0.0,0.0,1.0,0.0,1.0,4,255,1.0,0.0,0.25,0.0,0.0,0.0,1,112105.0
49,9,838,330,0,1,1,0.0,0.0,1.0,0.0,0.0,102,178,0.69,0.11,0.01,0.02,0.0,0.0,0,78901.0
7,5,0,0,0,0,266,1.0,1.0,0.03,0.07,0.0,255,9,0.04,0.09,0.0,1.0,1.0,0.0,1,95606.0
22,9,322,236,0,1,2,0.0,0.0,1.0,0.0,0.0,255,255,1.0,0.0,0.0,0.0,0.0,0.0,0,29595.0
11,9,128,44,0,0,244,0.0,0.0,1.0,0.01,0.0,133,100,0.75,0.02,0.0,0.0,0.0,0.0,0,122150.0
4,5,0,0,0,0,275,1.0,1.0,0.07,0.05,0.0,255,18,0.07,0.05,0.0,1.0,1.0,0.0,1,6246.0
49,9,11470,926,0,1,1,0.0,0.0,1.0,0.0,1.0,6,143,0.83,0.33,0.01,0.17,0.0,0.0,0,75953.0
22,9,210,3548,0,1,9,0.0,0.0,1.0,0.0,0.1,9,255,1.0,0.0,0.02,0.0,0.0,0.0,0,68498.0
19,9,35195,0,0,1,21,0.0,0.0,1.0,0.0,0.0,255,77,0.3,0.02,0.0,0.64,0.53,0.0,0,75319.0
14,9,1032,0,0,0,511,0.0,0.0,1.0,0.0,0.0,130,36,0.28,0.05,0.0,0.02,0.0,0.0,1,120580.0
49,9,2305,328,0,1,1,0.0,0.0,1.0,0.0,1.0,49,240,0.98,0.04,0.02,0.0,0.0,0.0,0,61897.0
22,9,293,597,0,1,9,0.0,0.0,1.0,0.0,0.2,30,255,1.0,0.0,0.05,0.0,0.0,0.0,0,13897.0
22,9,304,2698,0,1,4,0.0,0.0,1.0,0.0,0.0,218,208,0.95,0.01,0.0,0.0,0.0,0.0,0,110268.0
22,9,205,1494,0,1,10,0.0,0.0,1.0,0.0,0.0,255,255,1.0,0.0,0.0,0.0,0.0,0.0,0,4303.0
44,1,0,0,0,0,279,0.0,0.0,0.05,0.06,0.0,255,15,0.06,0.07,0.0,0.0,0.0,1.0,1,55933.0
19,9,35,0,0,1,1,0.0,0.0,1.0,0.0,0.0,29,103,0.55,0.07,0.02,0.0,0.0,0.0,0,113588.0
49,9,10714,880,0,1,241,0.0,0.0,0.0,0.07,0.0,255,1,0.0,0.07,0.0,0.0,0.0,0.0,0,81558.0
40,9,147,105,0,0,1,0.0,0.0,1.0,0.0,0.0,255,1,0.0,0.65,0.0,0.0,0.0,0.0,0,114729.0
5,5,0,0,0,0,108,1.0,1.0,0.13,0.06,0.0,255,14,0.05,0.07,0.0,1.0,1.0,0.0,1,49592.0
44,10,0,0,0,0,1,1.0,1.0,1.0,0.0,0.0,20,1,0.05,0.75,0.0,0.6,1.0,0.0,1,52223.0
11,9,44,75,0,0,69,0.0,0.0,1.0,0.0,0.01,255,254,1.0,0.01,0.0,0.0,0.0,0.0,0,49570.0
18,5,0,0,0,0,208,1.0,1.0,0.08,0.06,0.0,255,16,0.06,0.06,0.0,1.0,1.0,0.0,1,57030.0
44,9,207,0,0,0,2,0.0,0.0,1.0,0.0,0.0,40,32,0.8,0.05,0.0,0.0,0.0,0.0,1,118307.0
44,5,0,0,0,0,112,1.0,1.0,0.18,0.06,0.0,255,2,0.01,0.07,0.0,1.0,1.0,0.0,1,117733.0
22,9,321,11850,0,1,3,0.0,0.0,1.0,0.0,0.0,21,255,1.0,0.0,0.03,0.0,0.0,0.0,0,121971.0
55,5,0,0,0,0,291,1.0,1.0,0.05,0.05,0.0,255,16,0.06,0.08,0.0,1.0,1.0,0.0,1,37946.0
44,1,0,0,0,0,232,0.0,0.0,0.01,0.07,0.0,255,3,0.01,0.08,0.0,0.0,0.0,1.0,1,91905.0
12,5,0,0,0,0,267,1.0,1.0,0.01,0.06,0.0,255,17,0.07,0.06,0.0,1.0,1.0,0.0,1,54880.0
11,9,44,74,0,0,200,0.0,0.0,1.0,0.01,0.0,255,254,1.0,0.01,0.0,0.0,0.0,0.0,0,50104.0
44,5,0,0,0,0,120,1.0,1.0,0.08,0.06,0.0,255,1,0.0,0.07,0.0,1.0,1.0,0.0,1,29166.0
49,9,985,334,0,1,1,0.0,0.0,1.0,0.0,0.0,159,152,0.64,0.03,0.01,0.0,0.0,0.0,0,16007.0
22,9,328,1231,0,1,3,0.0,0.0,1.0,0.0,0.4,56,255,1.0,0.0,0.02,0.0,0.0,0.0,0,11167.0
22,9,280,885,0,1,10,0.0,0.0,1.0,0.0,0.18,255,255,1.0,0.0,0.0,0.0,0.0,0.0,0,53326.0
13,9,30,0,0,0,1,0.0,0.0,1.0,0.0,0.0,30,131,1.0,0.0,0.4,0.0,0.0,0.0,0,81816.0
22,5,0,0,0,0,239,1.0,1.0,0.02,0.07,0.0,255,4,0.02,0.08,0.0,1.0,1.0,0.0,1,14117.0
16,5,0,0,0,0,102,1.0,1.0,0.16,0.06,0.0,255,16,0.06,0.05,0.0,1.0,1.0,0.0,1,103373.0
52,5,0,0,0,0,128,1.0,1.0,0.09,0.06,0.0,255,8,0.03,0.07,0.0,1.0,1.0,0.0,1,47128.0
56,5,0,0,0,0,233,1.0,1.0,0.06,0.07,0.0,255,14,0.05,0.07,0.0,1.0,1.0,0.0,1,111626.0
49,9,6800,398,0,1,1,0.0,0.0,1.0,0.0,0.0,255,43,0.17,0.69,0.0,0.68,0.0,0.0,0,32275.0
19,9,383,0,0,1,2,0.0,0.0,1.0,0.0,0.0,10,74,0.9,0.2,0.04,0.0,0.0,0.0,0,102658.0
22,9,309,2507,0,1,1,0.0,0.0,1.0,0.0,0.0,255,255,1.0,0.0,0.0,0.0,0.0,0.0,0,119919.0
19,9,167,0,0,0,2,0.0,0.0,1.0,0.0,0.0,255,33,0.13,0.07,0.0,0.79,0.0,0.0,0,94416.0
22,9,240,280,0,1,10,0.0,0.0,1.0,0.0,0.0,10,255,1.0,0.0,0.02,0.0,0.0,0.0,0,33250.0
11,9,134,44,0,0,304,0.0,0.0,1.0,0.01,0.0,193,160,0.83,0.01,0.0,0.0,0.0,0.0,0,107887.0
40,1,0,0,0,0,511,0.25,0.0,0.0,1.0,0.0,255,1,0.0,1.0,0.0,0.27,0.0,1.0,1,21962.0
22,9,256,788,0,1,3,0.0,0.0,1.0,0.0,0.0,175,255,1.0,0.0,0.01,0.0,0.0,0.0,0,117916.0
22,9,54540,8314,0,1,3,0.0,0.0,1.0,0.0,0.0,46,46,1.0,0.0,0.0,0.0,0.0,0.26,1,6216.0
49,9,1186,370,0,1,1,0.0,0.0,1.0,0.0,1.0,2,158,1.0,0.0,0.02,0.0,0.0,0.04,0,2000.0
54,5,0,0,0,0,107,1.0,1.0,0.07,0.06,0.0,255,7,0.03,0.07,0.0,1.0,1.0,0.0,1,95789.0
44,5,0,0,0,0,143,1.0,1.0,0.02,0.06,0.0,255,3,0.01,0.06,0.0,1.0,1.0,0.0,1,106045.0
11,9,46,46,0,0,218,0.0,0.0,1.0,0.0,0.0,255,255,1.0,0.0,0.0,0.0,0.0,0.0,0,42745.0
22,9,296,2861,0,1,2,0.0,0.0,1.0,0.0,0.67,12,255,1.0,0.0,0.04,0.0,0.0,0.0,0,36105.0
22,9,303,3222,0,1,2,0.0,0.0,1.0,0.0,0.0,255,245,0.96,0.01,0.0,0.0,0.0,0.0,0,66034.0
17,5,0,0,0,0,41,1.0,1.0,0.22,0.1,0.0,255,62,0.24,0.02,0.0,1.0,1.0,0.0,1,37687.0
22,9,264,19983,0,1,1,0.0,0.0,1.0,0.0,0.0,163,255,1.0,0.0,0.04,0.0,0.0,0.0,0,28501.0
44,5,0,0,0,0,205,1.0,1.0,0.02,0.05,0.0,9,4,0.44,0.33,0.0,0.78,1.0,0.0,1,114276.0
22,9,218,1833,0,1,3,0.0,0.0,1.0,0.0,0.5,51,255,1.0,0.0,0.02,0.0,0.0,0.0,0,101138.0
49,9,845,328,0,1,1,0.0,0.0,1.0,0.0,0.0,201,128,0.53,0.03,0.02,0.02,0.02,0.0,0,10298.0
22,9,292,1024,0,1,22,0.0,0.0,1.0,0.0,0.0,22,255,1.0,0.0,0.02,0.0,0.0,0.01,0,48988.0
22,5,0,0,0,0,201,1.0,1.0,0.05,0.06,0.0,255,12,0.05,0.07,0.0,1.0,1.0,0.0,1,47484.0
22,9,199,597,0,1,10,0.0,0.0,1.0,0.0,0.0,255,255,1.0,0.0,0.0,0.0,0.0,0.0,0,94822.0
40,9,147,147,0,0,4,0.0,0.0,0.5,0.5,0.0,255,2,0.01,0.44,0.0,0.0,0.0,0.0,0,104767.0
44,10,0,0,0,0,1,1.0,1.0,1.0,0.0,0.0,91,1,0.01,0.89,0.0,0.91,1.0,0.0,1,88211.0
21,5,0,0,0,0,273,1.0,1.0,0.02,0.06,0.0,255,16,0.06,0.08,0.0,1.0,1.0,0.0,1,15955.0
22,9,215,1431,0,1,13,0.0,0.0,1.0,0.0,0.0,64,255,1.0,0.0,0.02,0.0,0.0,0.0,0,96218.0
49,7,728,331,0,1,1,1.0,1.0,1.0,0.0,0.0,83,144,0.58,0.05,0.01,0.01,0.01,0.0,0,75230.0
13,9,8,0,0,0,1,0.0,0.0,1.0,0.0,1.0,1,107,1.0,0.0,0.5,0.0,0.0,0.0,1,7101.0
59,2,0,0,0,0,106,0.0,0.0,0.02,0.08,0.0,255,2,0.01,0.06,0.0,0.0,0.0,1.0,1,60800.0
11,9,44,44,0,0,3,0.0,0.0,0.33,0.67,1.0,65,62,0.95,0.03,0.0,0.0,0.0,0.0,0,118943.0
14,9,520,0,0,0,241,0.0,0.0,1.0,0.0,0.0,255,255,1.0,0.0,0.0,0.0,0.0,0.0,1,34053.0
19,5,0,0,0,0,66,1.0,1.0,0.27,0.06,0.0,255,36,0.14,0.05,0.0,1.0,1.0,0.0,1,76235.0
19,9,10389,0,0,1,8,0.0,0.0,1.0,0.0,0.0,226,76,0.34,0.03,0.0,0.02,0.03,0.0,0,117825.0
22,1,0,0,0,0,1,0.0,0.0,1.0,0.0,0.0,7,212,1.0,0.0,0.11,0.0,0.0,0.99,0,87291.0
19,9,13239,0,0,1,4,0.0,0.0,1.0,0.0,0.0,100,63,0.33,0.04,0.03,0.0,0.0,0.0,0,594.0
49,9,1917,335,0,1,2,0.0,0.0,1.0,0.0,0.83,167,240,0.96,0.01,0.01,0.0,0.0,0.0,0,1847.0
22,9,308,3307,0,1,7,0.0,0.0,1.0,0.0,0.0,113,150,1.0,0.0,0.01,0.0,0.0,0.0,0,99544.0
25,1,0,0,0,0,255,0.0,0.0,0.06,0.07,0.0,255,16,0.06,0.08,0.0,0.0,0.0,1.0,1,74683.0
22,9,222,2985,0,1,5,0.0,0.0,1.0,0.0,0.22,61,255,1.0,0.0,0.01,0.0,0.0,0.0,0,6665.0
13,9,8,0,0,0,1,0.0,0.0,1.0,0.0,1.0,1,80,1.0,0.0,0.26,0.0,0.0,0.0,1,72092.0
22,9,216,566,0,1,9,0.0,0.0,1.0,0.0,0.0,9,255,1.0,0.0,0.05,0.0,0.0,0.0,0,86405.0
40,9,146,105,0,0,1,0.0,0.0,1.0,0.0,0.0,169,3,0.02,0.5,0.0,0.0,0.0,0.0,0,52022.0
44,5,0,0,0,0,113,1.0,1.0,0.06,0.08,0.0,255,7,0.03,0.07,0.0,1.0,1.0,0.0,1,997.0
49,9,1543,326,0,1,1,0.0,0.0,1.0,0.0,0.0,135,103,0.76,0.04,0.0,0.0,0.0,0.0,0,91772.0
27,1,0,0,0,0,133,0.0,0.0,0.05,0.06,0.0,255,1,0.0,0.06,0.0,0.0,0.0,1.0,1,74744.0
22,9,309,6829,0,1,12,0.0,0.0,1.0,0.0,0.0,59,255,1.0,0.0,0.04,0.0,0.0,0.0,0,60645.0
22,9,247,15065,0,1,9,0.0,0.0,1.0,0.0,0.0,255,255,1.0,0.0,0.0,0.0,0.0,0.0,0,112851.0
44,5,0,0,0,0,272,1.0,1.0,0.03,0.06,0.0,255,6,0.02,0.09,0.0,1.0,1.0,0.0,1,33566.0
14,9,1480,0,1,0,18,0.0,0.0,1.0,0.0,0.0,255,19,0.07,0.08,0.0,0.54,0.0,0.0,1,97101.0
19,9,9,0,0,1,1,0.0,0.0,1.0,0.0,0.0,128,60,0.47,0.04,0.0,0.0,0.0,0.0,0,96737.0
40,9,1,0,0,0,31,0.0,0.0,0.03,0.23,0.0,255,1,0.0,0.17,0.0,0.0,0.0,0.0,1,113656.0
44,9,28,0,3,0,40,0.0,0.0,1.0,0.0,0.0,255,7,0.03,0.01,0.0,0.0,0.0,0.0,1,102465.0
3,5,0,0,0,0,288,1.0,1.0,0.04,0.06,0.0,255,13,0.05,0.07,0.0,1.0,1.0,0.0,1,97925.0
22,9,205,525,0,1,2,0.0,0.0,1.0,0.0,0.67,200,255,1.0,0.0,0.03,0.0,0.0,0.0,0,7144.0
45,9,91,0,0,0,1,0.0,0.0,1.0,0.0,0.0,126,1,0.01,0.02,0.0,0.0,0.0,0.0,0,13798.0
49,9,250777,379,0,1,1,0.0,0.0,1.0,0.0,0.0,201,135,0.67,0.02,0.0,0.0,0.0,0.0,0,53339.0
13,9,8,0,0,0,1,0.0,0.0,1.0,0.0,1.0,4,68,1.0,0.0,0.25,0.0,0.0,0.0,1,52947.0
22,9,198,1456,0,1,5,0.0,0.0,1.0,0.0,0.0,255,255,1.0,0.0,0.0,0.0,0.0,0.0,0,2680.0
22,9,157,2735,0,1,2,0.0,0.0,1.0,0.0,0.0,90,104,1.0,0.0,0.02,0.0,0.0,0.01,0,32338.0
19,9,12,0,0,1,1,0.0,0.0,1.0,0.0,0.0,12,89,0.42,0.25,0.02,0.0,0.01,0.0,0,53640.0
11,9,46,141,0,0,23,0.0,0.0,1.0,0.0,0.01,81,200,0.81,0.02,0.01,0.0,0.0,0.0,0,29418.0
44,9,28,0,3,0,10,0.0,0.0,1.0,0.0,0.0,255,10,0.04,0.01,0.0,0.0,0.0,0.0,1,30242.0
6,5,0,0,0,0,125,1.0,1.0,0.13,0.06,0.0,255,6,0.02,0.07,0.0,1.0,1.0,0.0,1,34637.0
40,9,145,105,0,0,3,0.0,0.0,0.67,0.67,0.0,255,2,0.01,0.53,0.0,0.0,0.0,0.0,0,20381.0
22,5,0,0,0,0,1,1.0,1.0,1.0,0.0,0.0,10,103,1.0,0.0,0.02,0.1,0.01,0.88,0,19650.0
24,5,0,0,0,0,202,1.0,1.0,0.06,0.06,0.0,255,18,0.07,0.05,0.0,1.0,1.0,0.0,1,122555.0
12,2,0,0,0,0,198,0.0,0.0,0.01,0.07,0.0,255,1,0.0,0.07,0.0,0.0,0.0,1.0,1,57786.0
22,9,337,398,0,1,5,0.0,0.0,1.0,0.0,0.29,255,255,1.0,0.0,0.0,0.0,0.0,0.0,0,68280.0
22,9,220,1209,0,1,4,0.0,0.0,1.0,0.0,0.11,36,255,1.0,0.0,0.07,0.0,0.0,0.0,0,88184.0
24,1,0,0,0,0,133,0.0,0.0,0.11,0.06,0.0,255,14,0.05,0.07,0.0,0.0,0.0,1.0,1,1313.0
1,6,529596,216664,0,1,1,1.0,1.0,1.0,0.0,0.0,3,3,1.0,0.0,0.0,0.33,0.33,0.0,0,44991.0
49,9,12840,1853,0,1,1,0.0,0.0,1.0,0.0,0.0,52,142,0.73,0.06,0.01,0.02,0.0,0.0,0,31637.0
62,1,0,0,0,0,141,0.0,0.0,0.08,0.06,0.0,255,11,0.04,0.07,0.0,0.0,0.0,1.0,1,76143.0
22,9,231,2137,0,1,2,0.0,0.05,1.0,0.0,0.35,142,255,1.0,0.0,0.02,0.0,0.0,0.0,0,52176.0
44,5,0,0,0,0,146,1.0,1.0,0.12,0.06,0.0,255,35,0.14,0.06,0.0,1.0,1.0,0.0,1,23522.0
60,5,0,0,0,0,262,1.0,1.0,0.03,0.06,0.0,255,10,0.04,0.08,0.0,1.0,1.0,0.0,1,30282.0
44,1,0,0,0,0,103,0.0,0.0,0.15,0.07,0.0,255,15,0.06,0.07,0.0,0.0,0.0,1.0,1,59374.0
44,5,0,0,0,0,294,1.0,1.0,0.04,0.06,0.0,255,4,0.02,0.06,0.0,1.0,1.0,0.0,1,80233.0
37,5,0,0,0,0,123,1.0,1.0,0.12,0.06,0.0,255,15,0.06,0.07,0.0,1.0,1.0,0.0,1,117524.0
22,9,283,1942,0,1,3,0.0,0.0,1.0,0.0,0.0,3,255,1.0,0.0,0.04,0.0,0.0,0.0,0,52915.0
23,1,0,0,0,0,76,0.0,0.0,0.13,0.08,0.0,255,10,0.04,0.06,0.0,0.0,0.0,1.0,1,125486.0
44,1,0,0,0,0,139,0.01,0.0,0.01,1.0,0.0,255,1,0.0,0.57,0.0,0.0,0.0,1.0,1,70031.0
11,9,45,45,0,0,200,0.0,0.0,1.0,0.0,0.0,255,255,1.0,0.0,0.0,0.0,0.0,0.0,0,74050.0
44,5,0,0,0,0,104,1.0,1.0,0.13,0.06,0.0,255,20,0.08,0.07,0.0,1.0,1.0,0.0,1,6265.0
40,9,145,105,0,0,1,0.0,0.0,1.0,0.0,0.0,255,2,0.01,0.71,0.0,0.0,0.0,0.0,0,29423.0
22,9,317,2491,0,1,9,0.0,0.0,1.0,0.0,0.2,70,255,1.0,0.0,0.02,0.0,0.0,0.0,0,2933.0
22,9,299,304,0,1,16,0.06,0.06,1.0,0.0,0.0,255,255,1.0,0.0,0.0,0.0,0.0,0.0,0,59384.0
22,9,199,2596,0,1,21,0.0,0.0,1.0,0.0,0.0,255,255,1.0,0.0,0.0,0.0,0.0,0.0,0,66904.0
19,9,8766,0,0,1,8,0.0,0.0,1.0,0.0,0.0,125,135,0.53,0.03,0.01,0.0,0.0,0.0,0,111245.0
37,5,0,0,0,0,113,1.0,1.0,0.02,0.07,0.0,255,4,0.02,0.07,0.0,1.0,1.0,0.0,1,36235.0
22,9,295,498,0,1,11,0.0,0.0,1.0,0.0,0.15,255,255,1.0,0.0,0.0,0.0,0.0,0.0,0,49035.0
22,1,0,0,0,0,1,0.0,0.0,1.0,0.0,0.0,39,255,1.0,0.0,0.16,0.0,0.0,0.98,0,105719.0
44,1,0,0,0,0,260,0.03,0.0,0.0,1.0,0.0,255,1,0.0,0.97,0.0,0.04,0.0,1.0,1,15415.0
19,5,0,0,0,0,135,1.0,1.0,0.12,0.06,0.0,255,4,0.02,0.06,0.0,1.0,1.0,0.0,1,88121.0
54,5,0,0,0,0,114,1.0,1.0,0.07,0.06,0.0,255,2,0.01,0.06,0.0,1.0,1.0,0.0,1,33650.0
50,5,0,0,0,0,244,1.0,1.0,0.0,0.06,0.0,255,20,0.08,0.07,0.0,1.0,1.0,0.0,1,124977.0
20,1,0,0,0,0,244,0.0,0.0,0.07,0.06,0.0,255,16,0.06,0.07,0.0,0.0,0.0,1.0,1,49801.0
40,9,516,4,0,0,313,0.0,0.0,1.0,0.0,0.0,255,255,1.0,0.0,0.0,0.0,0.0,0.0,0,116688.0
44,5,0,0,0,0,62,1.0,1.0,0.02,0.08,0.0,255,14,0.05,0.06,0.0,1.0,1.0,0.0,1,112839.0
22,9,196,11232,0,1,1,0.0,0.0,1.0,0.0,1.0,2,255,1.0,0.0,0.07,0.0,0.0,0.0,0,54491.0
11,9,46,132,0,0,76,0.0,0.0,0.99,0.03,0.01,255,238,0.93,0.01,0.0,0.0,0.0,0.0,0,61908.0
44,5,0,0,0,0,297,1.0,1.0,0.06,0.06,0.0,255,19,0.07,0.07,0.0,1.0,1.0,0.0,1,74855.0
22,9,349,1719,0,1,13,0.0,0.0,1.0,0.0,0.0,187,255,1.0,0.0,0.02,0.0,0.0,0.0,0,22472.0
22,9,299,1348,0,1,21,0.0,0.0,1.0,0.0,0.17,255,255,1.0,0.0,0.0,0.0,0.0,0.0,0,123679.0
32,5,0,0,0,0,91,1.0,1.0,0.23,0.08,0.0,255,21,0.08,0.06,0.0,1.0,1.0,0.0,1,100233.0
52,5,0,0,0,0,255,1.0,1.0,0.1,0.05,0.0,255,25,0.1,0.05,0.0,1.0,1.0,0.0,1,88223.0
22,9,275,2996,0,1,8,0.0,0.0,1.0,0.0,0.16,8,255,1.0,0.0,0.05,0.0,0.0,0.0,0,52762.0
44,5,0,0,0,0,1,1.0,1.0,1.0,0.0,0.0,255,15,0.06,0.08,0.0,1.0,1.0,0.0,1,10719.0
11,9,44,127,0,0,12,0.0,0.0,1.0,0.0,0.04,229,180,0.79,0.02,0.0,0.0,0.0,0.0,0,54418.0
51,5,0,0,0,0,191,1.0,1.0,0.02,0.07,0.0,255,3,0.01,0.07,0.0,1.0,1.0,0.0,1,69723.0
22,9,212,5790,0,1,6,0.0,0.0,1.0,0.0,0.0,72,255,1.0,0.0,0.02,0.0,0.0,0.0,0,15876.0
22,9,247,274,0,1,10,0.0,0.0,1.0,0.0,0.31,255,255,1.0,0.0,0.0,0.0,0.0,0.0,0,30213.0
49,9,1782,330,0,1,1,0.0,0.0,1.0,0.0,1.0,92,55,0.6,0.08,0.0,0.0,0.0,0.0,0,28825.0
22,9,210,305,0,1,11,0.0,0.0,1.0,0.0,0.0,255,255,1.0,0.0,0.0,0.0,0.0,0.0,0,15595.0
22,9,223,10203,0,1,36,0.0,0.0,1.0,0.0,0.05,125,255,1.0,0.0,0.04,0.0,0.0,0.0,0,114909.0
22,9,206,1705,0,1,29,0.0,0.0,1.0,0.0,0.06,29,255,1.0,0.0,0.05,0.0,0.0,0.0,0,115813.0
49,9,1458,332,0,1,1,0.0,0.0,1.0,0.0,1.0,189,156,0.68,0.02,0.01,0.0,0.0,0.0,0,3873.0
22,9,302,2143,0,1,28,0.0,0.0,1.0,0.0,0.09,255,255,1.0,0.0,0.0,0.0,0.0,0.0,0,44997.0
22,9,222,415,0,1,10,0.0,0.0,1.0,0.0,0.0,255,255,1.0,0.0,0.0,0.0,0.0,0.0,0,106010.0
19,9,10073,0,0,0,16,0.0,0.0,1.0,0.0,0.0,255,112,0.44,0.03,0.0,0.0,0.0,0.0,0,94107.0
44,5,0,0,0,0,190,1.0,1.0,0.02,0.06,0.0,255,4,0.02,0.07,0.0,1.0,1.0,0.0,1,10826.0
22,9,334,10383,0,1,1,0.0,0.0,1.0,0.0,0.0,1,255,1.0,0.0,0.02,0.0,0.0,0.0,0,10540.0
55,5,0,0,0,0,194,1.0,1.0,0.01,0.06,0.0,255,1,0.0,0.07,0.0,1.0,1.0,0.0,1,118514.0
44,1,0,0,0,0,1,0.0,0.0,1.0,0.0,0.0,35,2,0.03,1.0,1.0,0.0,0.0,1.0,1,93692.0
13,9,8,0,0,0,1,0.0,0.0,1.0,0.0,1.0,2,255,1.0,0.0,0.5,0.0,0.0,0.0,1,97878.0
59,5,0,0,0,0,136,1.0,1.0,0.07,0.06,0.0,255,10,0.04,0.06,0.0,1.0,1.0,0.0,1,61971.0
22,9,232,938,0,1,10,0.0,0.0,1.0,0.0,0.18,255,255,1.0,0.0,0.0,0.0,0.0,0.0,0,5662.0
40,9,145,105,0,0,2,0.0,0.0,1.0,0.0,0.0,255,2,0.01,0.32,0.0,0.0,0.0,0.0,0,67677.0
44,5,0,0,0,0,209,1.0,1.0,0.04,0.07,0.0,255,9,0.04,0.07,0.0,1.0,1.0,0.0,1,627.0
44,5,0,0,0,0,167,1.0,1.0,0.04,0.08,0.0,255,7,0.03,0.07,0.0,1.0,1.0,0.0,1,54240.0
22,9,314,11972,0,1,3,0.0,0.0,1.0,0.0,0.0,31,89,1.0,0.0,0.04,0.0,0.0,0.0,0,119660.0
22,9,54540,8314,0,1,4,0.0,0.0,1.0,0.0,0.0,50,50,1.0,0.0,0.0,0.0,0.0,0.24,1,41897.0
3,9,10,39,0,1,2,0.0,0.0,0.5,1.0,0.0,73,7,0.05,0.05,0.29,0.0,0.0,0.0,0,75211.0
22,9,296,1926,0,1,2,0.0,0.0,1.0,0.0,0.0,2,255,1.0,0.0,0.02,0.0,0.01,0.0,0,29265.0
44,9,215,0,0,0,1,0.0,0.0,1.0,0.0,0.0,249,209,0.84,0.01,0.0,0.0,0.0,0.0,1,49516.0
44,9,105,146,0,0,4,0.0,0.0,1.0,0.0,0.0,255,241,0.95,0.01,0.0,0.0,0.0,0.0,0,125685.0
22,5,0,0,0,0,47,1.0,1.0,0.26,0.09,0.0,255,27,0.11,0.04,0.0,1.0,1.0,0.0,1,62797.0
49,9,984,402,0,1,1,0.0,0.0,1.0,0.0,0.0,255,23,0.09,0.06,0.0,0.71,0.0,0.0,0,93835.0
18,9,239,769,0,1,1,0.0,0.0,1.0,0.0,0.0,255,71,0.28,0.03,0.0,0.0,0.0,0.0,0,19507.0
22,9,350,3098,0,1,28,0.0,0.0,1.0,0.0,0.09,108,255,1.0,0.0,0.01,0.01,0.0,0.01,0,17345.0
49,9,774,334,0,1,2,0.0,0.0,0.5,1.0,1.0,160,132,0.44,0.04,0.02,0.01,0.02,0.0,0,112232.0
49,9,1333,367,0,1,1,0.0,0.0,1.0,0.0,1.0,110,249,0.97,0.02,0.01,0.0,0.0,0.0,0,27742.0
44,10,0,0,0,0,1,1.0,1.0,1.0,0.0,0.0,206,1,0.0,0.95,0.0,0.96,1.0,0.0,1,70059.0
8,5,0,0,0,0,274,1.0,1.0,0.05,0.07,0.0,255,15,0.06,0.07,0.0,1.0,1.0,0.0,1,54998.0
22,9,200,301,0,1,29,0.0,0.0,1.0,0.0,0.0,255,255,1.0,0.0,0.0,0.0,0.0,0.0,0,94451.0
24,5,0,0,0,0,233,1.0,1.0,0.06,0.06,0.0,255,14,0.05,0.08,0.0,1.0,1.0,0.0,1,118110.0
13,9,30,0,0,0,1,0.0,0.0,1.0,0.0,0.0,61,90,0.98,0.03,0.18,0.0,0.0,0.0,0,43582.0
18,9,1168,2447,0,1,1,0.0,0.0,1.0,0.0,0.0,255,110,0.43,0.02,0.0,0.0,0.0,0.0,1,124542.0
22,9,312,30739,0,1,2,0.0,0.25,1.0,0.0,0.5,155,255,1.0,0.0,0.03,0.0,0.0,0.01,0,13802.0
58,9,183,0,0,0,2,0.0,0.0,0.5,1.0,0.0,255,13,0.05,0.01,0.0,0.0,0.0,0.0,0,61165.0
11,9,44,135,0,0,256,0.0,0.0,1.0,0.0,0.0,255,252,0.99,0.01,0.0,0.0,0.0,0.0,0,86005.0
22,9,226,373,0,1,3,0.0,0.0,1.0,0.0,0.0,14,255,1.0,0.0,0.03,0.0,0.01,0.0,0,39411.0
14,9,1032,0,0,0,511,0.0,0.0,1.0,0.0,0.0,255,245,0.96,0.01,0.0,0.0,0.0,0.0,1,28060.0
18,9,341,1072,0,1,1,0.0,0.0,1.0,0.0,0.0,255,56,0.22,0.02,0.0,0.0,0.0,0.11,0,7976.0
22,9,214,1504,0,1,5,0.0,0.0,1.0,0.0,0.0,5,255,1.0,0.0,0.07,0.0,0.0,0.0,0,95922.0
22,9,223,3616,0,1,18,0.0,0.0,1.0,0.0,0.12,73,207,1.0,0.0,0.05,0.0,0.0,0.0,0,77354.0
22,9,54540,8314,0,1,3,0.0,0.0,1.0,0.0,0.0,90,90,1.0,0.0,0.0,0.01,0.01,0.01,1,21407.0
11,9,42,82,0,0,147,0.0,0.0,1.0,0.0,0.0,255,255,1.0,0.0,0.0,0.0,0.0,0.0,0,80186.0
22,9,266,667,0,1,8,0.0,0.0,1.0,0.0,0.0,255,255,1.0,0.0,0.0,0.0,0.0,0.0,0,61221.0
22,9,353,3941,0,1,11,0.18,0.18,1.0,0.0,0.0,255,255,1.0,0.0,0.0,0.01,0.01,0.0,0,32968.0
15,5,0,0,0,0,9,1.0,1.0,0.89,0.22,0.0,255,8,0.03,0.07,0.0,1.0,1.0,0.0,1,81654.0
44,9,105,0,0,0,2,0.0,0.0,1.0,0.0,0.0,255,114,0.45,0.01,0.0,0.0,0.0,0.0,0,6281.0
44,5,0,0,0,0,147,1.0,1.0,0.1,0.07,0.0,255,14,0.05,0.06,0.0,1.0,1.0,0.0,1,3732.0
11,9,36,0,0,0,4,0.0,0.0,1.0,0.0,0.0,82,255,1.0,0.0,0.01,0.0,0.0,0.0,0,66398.0
22,5,0,0,0,0,285,1.0,1.0,0.04,0.06,0.0,255,11,0.04,0.07,0.0,1.0,1.0,0.0,1,19121.0
17,5,0,0,0,0,8,1.0,1.0,0.25,0.5,0.0,88,28,0.25,0.05,0.07,1.0,0.79,0.0,1,19678.0
44,5,0,0,0,0,149,1.0,1.0,0.08,0.05,0.0,255,3,0.01,0.07,0.0,1.0,1.0,0.0,1,77055.0
4,5,0,0,0,0,203,1.0,1.0,0.01,0.07,0.0,255,2,0.01,0.07,0.0,1.0,1.0,0.0,1,23768.0
44,5,0,0,0,0,110,1.0,1.0,0.09,0.06,0.0,255,16,0.06,0.06,0.0,1.0,1.0,0.0,1,68296.0
44,0,0,0,0,0,1,0.0,0.0,1.0,0.0,0.0,164,1,0.01,0.71,0.0,0.04,0.0,0.0,1,35009.0
22,6,313,21900,0,1,1,1.0,1.0,1.0,0.0,0.0,177,255,1.0,0.0,0.01,0.02,0.01,0.0,0,9199.0
44,5,0,0,0,0,210,1.0,1.0,0.04,0.07,0.0,255,8,0.03,0.07,0.0,1.0,1.0,0.0,1,117922.0
22,9,230,3404,0,1,12,0.0,0.0,1.0,0.0,0.04,70,255,1.0,0.0,0.05,0.0,0.0,0.0,0,83136.0
55,5,0,0,0,0,91,1.0,1.0,0.01,0.07,0.0,255,1,0.0,0.08,0.0,1.0,1.0,0.0,1,118941.0
13,9,8,0,0,0,1,0.0,0.0,1.0,0.0,1.0,4,255,1.0,0.0,0.25,0.0,0.0,0.0,1,89912.0
49,9,1419,329,0,1,1,0.0,0.0,1.0,0.0,1.0,59,45,0.76,0.1,0.0,0.0,0.0,0.0,0,13130.0
49,9,1395,335,0,1,1,0.0,0.0,1.0,0.0,1.0,50,129,0.46,0.06,0.02,0.0,0.0,0.0,0,118697.0
44,4,1,0,0,0,2,0.0,0.0,1.0,0.0,0.0,255,2,0.01,0.73,0.0,0.0,0.0,1.0,1,11791.0
44,1,0,0,0,0,511,0.09,0.0,0.0,1.0,0.0,255,1,0.0,1.0,0.0,0.14,0.0,1.0,1,113538.0
22,9,244,337,0,1,8,0.0,0.0,1.0,0.0,0.28,255,255,1.0,0.0,0.0,0.0,0.0,0.0,0,52943.0
49,9,1050,335,0,1,1,0.0,0.0,1.0,0.0,0.0,82,116,0.87,0.04,0.02,0.0,0.0,0.0,0,55358.0
22,9,231,294,0,1,27,0.0,0.0,1.0,0.0,0.0,18,255,1.0,0.0,0.01,0.0,0.0,0.0,0,106552.0
30,5,0,0,0,0,144,1.0,1.0,0.01,0.06,0.0,255,1,0.0,0.07,0.0,1.0,1.0,0.0,1,61054.0
22,9,281,34293,0,1,11,0.0,0.0,1.0,0.0,0.0,11,255,1.0,0.0,0.03,0.0,0.0,0.0,0,104983.0
13,9,18,0,0,0,1,0.0,0.0,1.0,0.0,0.0,1,127,1.0,0.0,1.0,0.0,0.0,0.0,1,11251.0
11,9,46,73,0,0,231,0.0,0.0,1.0,0.01,0.01,255,255,1.0,0.0,0.0,0.0,0.0,0.0,0,60630.0
44,5,0,0,0,0,169,1.0,1.0,0.1,0.08,0.0,255,1,0.0,0.07,0.0,1.0,1.0,0.0,1,41673.0
44,5,0,0,0,0,299,1.0,1.0,0.04,0.05,0.0,255,1,0.0,0.07,0.0,1.0,1.0,0.0,1,9225.0
13,9,64,0,0,0,2,0.0,0.0,1.0,0.0,0.0,255,2,0.01,0.52,0.0,0.0,0.0,0.0,0,37203.0
22,1,0,0,0,0,1,0.0,0.0,1.0,0.0,0.0,7,255,1.0,0.0,0.09,0.0,0.0,0.61,0,58161.0
40,9,145,105,0,0,2,0.0,0.0,1.0,0.0,0.0,255,2,0.01,0.84,0.0,0.0,0.0,0.0,0,18516.0
11,9,45,77,0,0,130,0.0,0.0,1.0,0.0,0.0,255,254,1.0,0.01,0.0,0.0,0.0,0.0,0,98702.0
11,9,45,82,0,0,229,0.0,0.0,1.0,0.01,0.01,255,255,1.0,0.0,0.0,0.0,0.0,0.0,0,5980.0
22,9,345,1210,0,1,13,0.0,0.0,1.0,0.0,0.14,86,255,1.0,0.0,0.01,0.0,0.0,0.0,0,50690.0
22,9,207,8867,0,1,1,0.0,0.0,1.0,0.0,0.19,1,255,1.0,0.0,0.03,0.0,0.0,0.0,0,108774.0
13,9,8,0,0,0,1,0.0,0.0,1.0,0.0,1.0,1,77,1.0,0.0,0.51,0.0,0.0,0.0,1,42111.0
40,9,145,105,0,0,1,0.0,0.0,1.0,0.0,0.0,255,1,0.0,0.65,0.0,0.0,0.0,0.0,0,87569.0
22,9,273,6831,0,1,14,0.0,0.0,1.0,0.0,0.0,164,255,1.0,0.0,0.03,0.0,0.0,0.0,0,79070.0
22,9,191,118,0,1,2,0.0,0.0,1.0,0.0,0.0,119,255,1.0,0.0,0.01,0.0,0.0,0.0,0,104249.0
5,5,0,0,0,0,112,1.0,1.0,0.16,0.05,0.0,255,10,0.04,0.07,0.0,1.0,1.0,0.0,1,84761.0
26,5,0,0,0,0,128,1.0,1.0,0.03,0.07,0.0,255,4,0.02,0.06,0.0,1.0,1.0,0.0,1,28829.0
17,5,0,0,0,0,11,1.0,1.0,0.18,0.36,0.0,255,63,0.25,0.02,0.0,1.0,1.0,0.0,1,91919.0
5,5,0,0,0,0,111,1.0,1.0,0.12,0.08,0.0,255,13,0.05,0.07,0.0,1.0,1.0,0.0,1,39719.0
22,9,337,3626,0,1,8,0.0,0.0,1.0,0.0,0.0,41,255,1.0,0.0,0.05,0.0,0.0,0.0,0,121795.0
49,9,2710,366,0,1,1,0.0,0.0,1.0,0.0,0.0,232,126,0.54,0.02,0.0,0.0,0.0,0.0,0,18378.0
44,5,0,0,0,0,71,1.0,1.0,0.27,0.08,0.0,255,22,0.09,0.07,0.0,1.0,1.0,0.0,1,107853.0
11,9,45,140,0,0,77,0.0,0.0,1.0,0.0,0.01,255,217,0.85,0.02,0.0,0.0,0.0,0.0,0,82211.0
22,9,286,1368,0,1,1,0.0,0.0,1.0,0.0,0.0,1,255,1.0,0.0,0.07,0.0,0.01,0.0,0,18401.0
44,5,0,0,0,0,297,1.0,1.0,0.05,0.05,0.0,255,16,0.06,0.06,0.0,1.0,1.0,0.0,1,33097.0
14,9,1480,0,1,0,12,0.0,0.0,1.0,0.0,0.0,96,12,0.12,0.04,0.0,0.0,0.0,0.0,1,64846.0
22,9,257,289,0,1,20,0.0,0.0,1.0,0.0,0.0,60,255,1.0,0.0,0.03,0.0,0.0,0.0,0,4094.0
4,5,0,0,0,0,232,1.0,1.0,0.01,0.06,0.0,255,3,0.01,0.06,0.0,1.0,1.0,0.0,1,10618.0
11,9,44,79,0,0,217,0.0,0.0,1.0,0.0,0.0,255,233,0.91,0.01,0.0,0.0,0.0,0.0,0,92527.0
15,5,0,0,0,0,119,1.0,1.0,0.18,0.04,0.0,255,21,0.08,0.04,0.0,1.0,1.0,0.0,1,120573.0
19,9,1699,0,0,1,5,0.0,0.0,1.0,0.0,0.0,36,110,0.75,0.11,0.03,0.0,0.0,0.0,0,120317.0
44,1,0,0,0,0,247,0.0,0.0,0.0,0.07,0.0,255,1,0.0,0.09,0.0,0.0,0.0,1.0,1,84816.0
44,5,0,0,0,0,131,1.0,1.0,0.15,0.05,0.0,255,19,0.07,0.04,0.0,1.0,1.0,0.0,1,32278.0
22,5,0,0,0,0,237,1.0,0.63,0.05,0.07,0.11,255,12,0.05,0.06,0.0,1.0,1.0,0.0,1,73947.0
22,9,252,919,0,1,6,0.0,0.0,1.0,0.0,0.0,115,255,1.0,0.0,0.02,0.0,0.0,0.0,0,111148.0
44,5,0,0,0,0,109,1.0,1.0,0.07,0.07,0.0,255,1,0.0,0.06,0.0,1.0,1.0,0.0,1,121044.0
22,9,171,1074,0,1,2,0.0,0.0,1.0,0.0,0.0,2,2,1.0,0.0,0.0,0.0,0.0,0.0,0,65320.0
44,9,28,0,3,0,74,0.0,0.0,1.0,0.0,0.0,255,174,0.68,0.32,0.0,0.09,0.0,0.0,1,67823.0
38,5,0,0,0,0,170,1.0,1.0,0.12,0.05,0.0,255,20,0.08,0.05,0.0,1.0,1.0,0.0,1,79207.0
11,9,44,69,0,0,282,0.0,0.0,1.0,0.0,0.0,255,254,1.0,0.01,0.0,0.0,0.0,0.0,0,93341.0
11,9,43,113,0,0,258,0.0,0.0,1.0,0.0,0.01,255,215,0.84,0.01,0.0,0.0,0.0,0.0,0,93372.0
40,4,16980502,0,0,0,1,0.0,0.0,1.0,0.0,0.0,255,1,0.0,0.65,0.0,0.0,0.0,1.0,1,82355.0
11,9,45,138,0,0,326,0.0,0.0,1.0,0.01,0.0,255,251,0.98,0.01,0.0,0.0,0.0,0.0,0,18381.0
22,9,318,14462,0,1,22,0.0,0.0,1.0,0.0,0.0,255,255,1.0,0.0,0.0,0.0,0.0,0.0,0,70139.0
44,5,0,0,0,0,22,1.0,1.0,0.27,0.18,0.0,255,6,0.02,0.09,0.0,1.0,1.0,0.0,1,112058.0
22,9,356,398,0,1,17,0.0,0.0,1.0,0.0,0.0,255,255,1.0,0.0,0.0,0.0,0.0,0.0,0,109336.0
13,9,18,0,0,0,1,0.0,0.0,1.0,0.0,0.0,2,242,1.0,0.0,0.25,0.0,0.0,0.0,1,45695.0
9,5,0,0,0,0,99,1.0,1.0,0.02,0.08,0.0,255,2,0.01,0.07,0.0,1.0,1.0,0.0,1,14819.0
22,9,235,10188,0,1,7,0.0,0.0,1.0,0.0,0.0,58,255,1.0,0.0,0.05,0.0,0.0,0.0,0,39361.0
22,1,0,0,0,0,1,0.0,0.0,1.0,0.0,1.0,49,255,1.0,0.0,0.18,0.0,0.01,0.99,0,31370.0
22,9,54540,8314,0,1,2,0.0,0.0,1.0,0.0,0.0,65,65,1.0,0.0,0.0,0.0,0.0,0.02,1,124535.0
11,9,44,44,0,0,114,0.0,0.0,1.0,0.0,0.01,255,254,1.0,0.01,0.0,0.0,0.0,0.0,0,74891.0
14,9,1032,0,0,0,511,0.0,0.0,1.0,0.0,0.0,255,126,0.49,0.02,0.0,0.02,0.0,0.0,1,1111.0
49,9,803,328,0,1,1,0.0,0.0,1.0,0.0,0.0,2,136,0.5,1.0,0.02,0.0,0.0,0.0,0,41412.0
24,5,0,0,0,0,246,1.0,1.0,0.01,0.06,0.0,255,2,0.01,0.07,0.0,1.0,1.0,0.0,1,113028.0
58,9,182,0,0,0,9,0.0,0.0,0.67,0.33,0.0,255,33,0.13,0.01,0.0,0.0,0.0,0.0,0,122743.0
44,1,0,0,0,0,16,0.0,0.0,0.06,1.0,0.0,134,1,0.01,0.22,0.0,0.0,0.0,1.0,1,29026.0
22,9,249,3098,0,1,3,0.0,0.0,1.0,0.0,0.2,47,255,1.0,0.0,0.03,0.0,0.0,0.0,0,31513.0
11,9,46,75,0,0,158,0.0,0.0,1.0,0.0,0.0,255,225,0.88,0.01,0.0,0.0,0.0,0.0,0,49245.0
20,1,0,0,0,0,230,0.0,0.0,0.03,0.07,0.0,255,7,0.03,0.07,0.0,0.0,0.0,1.0,1,37021.0
22,9,182,25961,0,1,7,0.0,0.0,1.0,0.0,0.09,255,250,0.98,0.01,0.0,0.0,0.0,0.0,0,65481.0
22,9,336,16132,0,1,4,0.0,0.0,1.0,0.0,0.0,255,255,1.0,0.0,0.0,0.0,0.0,0.0,0,113494.0
11,9,44,119,0,0,65,0.0,0.0,1.0,0.0,0.0,255,254,1.0,0.01,0.0,0.0,0.0,0.0,0,58969.0
22,9,232,1472,0,1,4,0.0,0.0,1.0,0.0,0.0,44,218,1.0,0.0,0.02,0.02,0.01,0.27,0,56282.0
44,5,0,0,0,0,64,1.0,1.0,0.03,0.08,0.0,255,19,0.07,0.06,0.0,1.0,1.0,0.0,1,103368.0
4,1,0,0,0,0,255,0.0,0.0,0.03,0.07,0.0,255,8,0.03,0.07,0.0,0.0,0.0,1.0,1,14827.0
44,5,0,0,0,0,238,1.0,1.0,0.08,0.04,0.0,98,20,0.2,0.08,0.0,0.98,1.0,0.0,1,115972.0
40,9,1,0,0,0,44,0.0,0.0,0.05,0.2,0.0,255,2,0.01,0.11,0.0,0.0,0.0,0.0,1,124304.0
44,5,0,0,0,0,85,1.0,1.0,0.07,0.08,0.0,255,6,0.02,0.07,0.0,1.0,1.0,0.0,1,22447.0
22,9,268,272,0,1,18,0.0,0.0,1.0,0.0,0.0,255,255,1.0,0.0,0.0,0.0,0.0,0.0,0,94046.0
14,9,1032,0,0,0,511,0.0,0.0,1.0,0.0,0.0,255,231,0.91,0.06,0.0,0.0,0.0,0.0,1,54729.0
11,9,44,128,0,0,107,0.0,0.0,1.0,0.0,0.01,255,255,1.0,0.0,0.0,0.0,0.0,0.0,0,96880.0
19,9,245,0,0,1,2,0.0,0.0,1.0,0.0,0.0,59,14,0.14,0.1,0.14,0.02,0.0,0.0,0,96421.0
4,1,0,0,0,0,202,0.0,0.0,0.01,0.07,0.0,255,2,0.01,0.07,0.0,0.0,0.0,1.0,1,55347.0
22,9,328,294,0,1,9,0.0,0.0,1.0,0.0,0.0,255,255,1.0,0.0,0.0,0.0,0.0,0.0,0,24450.0
58,9,128,0,0,0,5,0.0,0.0,0.4,0.4,0.0,255,14,0.05,0.01,0.0,0.0,0.0,0.0,0,27903.0
55,9,107,3981,0,1,1,0.0,0.0,1.0,0.0,0.0,150,3,0.02,0.04,0.0,0.0,0.0,0.0,0,122569.0
11,9,46,119,0,0,196,0.0,0.0,0.99,0.01,0.0,255,254,1.0,0.01,0.0,0.0,0.0,0.0,0,82998.0
22,5,0,0,0,0,12,1.0,1.0,0.25,0.33,0.0,255,48,0.19,0.05,0.0,1.0,1.0,0.0,1,74066.0
51,5,0,0,0,0,126,1.0,1.0,0.05,0.06,0.0,255,5,0.02,0.06,0.0,1.0,1.0,0.0,1,37504.0
22,9,226,28076,0,1,14,0.0,0.0,1.0,0.0,0.0,14,255,1.0,0.0,0.04,0.0,0.0,0.0,0,68372.0
56,5,0,0,0,0,149,1.0,1.0,0.13,0.05,0.0,255,13,0.05,0.06,0.0,1.0,1.0,0.0,1,6412.0
13,9,8,0,0,0,1,0.0,0.0,1.0,0.0,1.0,2,206,1.0,0.0,0.25,0.0,0.0,0.0,1,125207.0
22,9,312,3967,0,1,6,0.0,0.0,1.0,0.0,0.3,255,255,1.0,0.0,0.0,0.0,0.0,0.0,0,118446.0
21,5,0,0,0,0,118,1.0,1.0,0.14,0.07,0.0,255,9,0.04,0.08,0.0,1.0,1.0,0.0,1,124988.0
49,6,9541,1349,0,1,1,1.0,0.33,1.0,0.0,1.0,71,185,0.97,0.03,0.02,0.01,0.01,0.0,0,116338.0
22,9,363,1596,0,1,4,0.0,0.0,1.0,0.0,0.0,89,255,1.0,0.0,0.05,0.0,0.0,0.0,0,24905.0
61,5,0,0,0,0,29,1.0,1.0,0.21,0.21,0.0,255,6,0.02,0.08,0.0,1.0,1.0,0.0,1,105568.0
38,5,0,0,0,0,161,1.0,1.0,0.09,0.06,0.0,255,15,0.06,0.05,0.0,1.0,1.0,0.0,1,108125.0
49,5,0,0,0,0,13,1.0,1.0,1.0,0.0,0.0,195,144,0.48,0.01,0.01,0.99,0.65,0.0,1,66487.0
31,5,0,0,0,0,253,1.0,1.0,0.01,0.06,0.0,255,3,0.01,0.07,0.0,1.0,1.0,0.0,1,106431.0
11,9,45,128,0,0,71,0.0,0.0,1.0,0.0,0.01,255,255,1.0,0.0,0.0,0.0,0.0,0.0,0,97076.0
22,9,282,290,0,1,1,0.0,0.0,1.0,0.0,0.0,255,255,1.0,0.0,0.0,0.0,0.0,0.0,0,25872.0
22,9,213,1395,0,1,14,0.0,0.0,1.0,0.0,0.12,255,255,1.0,0.0,0.0,0.0,0.0,0.0,0,81629.0
49,9,1138,479,0,1,1,0.0,0.0,1.0,0.0,0.0,255,3,0.01,0.01,0.0,0.0,0.0,0.0,0,29159.0
49,9,1500,325,0,1,1,0.0,0.0,1.0,0.0,1.0,76,63,0.83,0.04,0.0,0.0,0.0,0.0,0,112733.0
44,5,0,0,0,0,13,1.0,1.0,1.0,0.0,0.0,255,13,0.05,0.07,0.0,1.0,1.0,0.0,1,74836.0
49,9,1355,392,0,1,1,0.0,0.0,1.0,0.0,0.0,255,7,0.03,0.02,0.0,0.97,0.0,0.0,0,62255.0
49,9,1429,330,0,1,1,0.0,0.0,1.0,0.0,1.0,198,127,0.64,0.03,0.0,0.0,0.0,0.0,0,75739.0
44,5,0,0,0,0,136,1.0,1.0,0.14,0.06,0.0,37,2,0.05,0.19,0.0,1.0,1.0,0.0,1,25113.0
49,9,3370,330,0,1,1,0.0,0.0,1.0,0.0,1.0,190,176,0.68,0.02,0.01,0.0,0.0,0.0,0,9766.0
22,9,366,4084,0,1,7,0.0,0.0,1.0,0.0,0.0,255,255,1.0,0.0,0.0,0.0,0.0,0.0,0,1043.0
22,9,333,308,0,1,5,0.0,0.0,1.0,0.0,0.2,20,255,1.0,0.0,0.02,0.0,0.0,0.0,0,31495.0
44,5,0,0,0,0,119,1.0,1.0,0.15,0.07,0.0,255,1,0.0,0.07,0.0,1.0,1.0,0.0,1,17589.0
58,9,78,0,0,0,19,0.0,0.0,0.11,0.11,0.0,255,3,0.01,0.01,0.0,0.0,0.0,0.0,0,103168.0
27,5,0,0,0,0,141,1.0,1.0,0.13,0.06,0.0,255,19,0.07,0.07,0.0,1.0,1.0,0.0,1,102254.0
44,5,0,0,0,0,209,1.0,1.0,0.03,0.06,0.0,255,20,0.08,0.07,0.0,1.0,1.0,0.0,1,50531.0
11,9,42,123,0,0,73,0.0,0.0,0.99,0.03,0.01,255,235,0.92,0.01,0.0,0.0,0.0,0.0,0,57846.0
23,1,0,0,0,0,80,0.0,0.0,0.17,0.08,0.0,255,14,0.05,0.06,0.0,0.0,0.0,1.0,1,11173.0
44,9,1,0,0,0,7,0.0,0.0,1.0,0.0,0.0,255,78,0.31,0.12,0.0,0.0,0.0,0.0,1,56698.0
6,5,0,0,0,0,233,1.0,1.0,0.01,0.07,0.0,255,2,0.01,0.08,0.0,1.0,1.0,0.0,1,46205.0
44,5,0,0,0,0,126,1.0,1.0,0.16,0.05,0.0,255,20,0.08,0.05,0.0,1.0,1.0,0.0,1,61263.0
11,9,45,74,0,0,238,0.0,0.0,1.0,0.0,0.0,255,255,1.0,0.0,0.0,0.0,0.0,0.0,0,98765.0
44,9,105,147,0,0,2,0.0,0.0,1.0,0.0,0.0,255,239,0.94,0.01,0.0,0.0,0.0,0.0,0,18304.0
44,5,0,0,0,0,296,1.0,1.0,0.07,0.04,0.0,255,21,0.08,0.05,0.0,1.0,1.0,0.0,1,81022.0
44,9,28,0,3,0,85,0.0,0.0,1.0,0.0,0.0,255,85,0.33,0.04,0.0,0.02,0.0,0.0,1,100954.0
22,8,199,10449,0,1,5,0.2,0.2,1.0,0.0,0.0,13,255,1.0,0.0,0.05,0.08,0.0,0.0,0,18834.0
59,2,0,0,0,0,108,0.0,0.0,0.07,0.07,0.0,255,8,0.03,0.06,0.0,0.0,0.0,1.0,1,17787.0
22,9,216,3396,0,1,5,0.0,0.0,1.0,0.0,0.0,7,255,1.0,0.0,0.02,0.0,0.0,0.0,0,19294.0
19,9,2056,0,0,1,9,0.0,0.0,1.0,0.0,0.0,255,110,0.43,0.02,0.0,0.0,0.01,0.0,0,97697.0
22,9,346,405,0,1,5,0.0,0.0,1.0,0.0,0.0,255,255,1.0,0.0,0.0,0.0,0.0,0.0,0,28289.0
36,5,0,0,0,0,298,1.0,1.0,0.08,0.05,0.0,255,25,0.1,0.05,0.0,1.0,1.0,0.0,1,80829.0
22,9,223,553,0,1,8,0.0,0.0,1.0,0.0,0.0,34,255,1.0,0.0,0.01,0.0,0.0,0.0,0,97997.0
55,5,0,0,0,0,290,1.0,1.0,0.02,0.06,0.0,255,11,0.04,0.07,0.0,1.0,1.0,0.0,1,65587.0
22,9,205,408,0,1,32,0.0,0.0,1.0,0.0,0.06,198,255,1.0,0.0,0.04,0.01,0.0,0.0,0,26644.0
22,9,292,3543,0,1,7,0.0,0.0,1.0,0.0,0.0,47,255,1.0,0.0,0.02,0.0,0.0,0.0,0,14800.0
37,5,0,0,0,0,126,1.0,1.0,0.02,0.07,0.0,255,2,0.01,0.06,0.0,1.0,1.0,0.0,1,124616.0
44,9,28,0,3,0,81,0.01,0.0,0.98,0.04,0.0,255,79,0.31,0.02,0.0,0.0,0.0,0.0,1,18466.0
22,1,0,0,0,0,1,0.0,0.0,1.0,0.0,1.0,5,130,1.0,0.0,0.22,0.0,0.0,1.0,0,93093.0
49,9,1408,332,0,1,1,0.0,0.0,1.0,0.0,0.0,25,114,0.2,0.12,0.02,0.0,0.0,0.0,0,28073.0
59,5,0,0,0,0,138,1.0,1.0,0.09,0.06,0.0,255,8,0.03,0.07,0.0,1.0,1.0,0.0,1,108300.0
44,9,1,0,0,0,36,0.0,0.0,0.19,0.11,0.0,255,36,0.14,0.56,0.0,0.0,0.0,0.0,1,40464.0
56,9,6,4,0,1,510,0.08,0.0,0.0,1.0,0.0,255,1,0.0,1.0,0.0,0.13,0.0,0.0,1,45230.0
44,4,1,0,0,0,1,0.0,0.0,1.0,0.0,0.0,255,1,0.0,0.74,0.0,0.0,0.0,1.0,1,64465.0
7,5,0,0,0,0,202,1.0,1.0,0.03,0.06,0.0,255,7,0.03,0.06,0.0,1.0,1.0,0.0,1,95638.0
11,9,45,78,0,0,169,0.0,0.0,1.0,0.0,0.0,255,255,1.0,0.0,0.0,0.0,0.0,0.0,0,59319.0
49,9,16441,329,0,1,1,0.0,0.0,1.0,0.0,0.0,18,159,0.94,0.11,0.02,0.0,0.0,0.0,0,18724.0
22,9,223,2431,0,1,1,0.0,0.0,1.0,0.0,1.0,255,255,1.0,0.0,0.0,0.0,0.0,0.0,0,11026.0
22,9,296,2324,0,1,11,0.0,0.0,1.0,0.0,0.0,104,255,1.0,0.0,0.03,0.0,0.01,0.0,0,107980.0
17,9,5,135,0,0,1,0.0,0.0,1.0,0.0,0.0,23,2,0.09,0.17,0.0,0.0,0.0,0.0,0,58573.0
22,9,225,836,0,1,12,0.0,0.0,1.0,0.0,0.0,32,255,1.0,0.0,0.03,0.0,0.0,0.0,0,60959.0
49,9,4532,374,0,1,1,0.0,0.0,1.0,0.0,1.0,124,185,0.58,0.03,0.01,0.0,0.0,0.0,0,55189.0
22,9,307,612,0,1,5,0.0,0.0,1.0,0.0,0.0,174,184,1.0,0.0,0.02,0.01,0.01,0.0,0,29925.0
49,9,250593,332,0,1,1,0.0,0.0,1.0,0.0,0.0,112,72,0.62,0.03,0.03,0.0,0.0,0.0,0,119775.0
44,5,0,0,0,0,242,1.0,1.0,0.0,0.06,0.0,255,9,0.04,0.07,0.0,1.0,1.0,0.0,1,50625.0
49,9,877,335,0,1,1,0.0,0.0,1.0,0.0,0.0,53,190,0.64,0.08,0.02,0.0,0.0,0.0,0,7848.0
33,5,0,0,0,0,289,1.0,1.0,0.01,0.06,0.0,255,3,0.01,0.07,0.0,1.0,1.0,0.0,1,103550.0
22,9,238,1527,0,1,13,0.0,0.0,1.0,0.0,0.2,89,255,1.0,0.0,0.03,0.0,0.0,0.0,0,58550.0
22,9,316,1698,0,1,2,0.0,0.0,1.0,0.0,0.5,59,255,1.0,0.0,0.05,0.0,0.0,0.0,0,38556.0
22,9,54540,8314,0,1,5,0.0,0.0,0.8,0.4,0.0,75,75,1.0,0.0,0.0,0.0,0.0,0.04,1,82919.0
22,9,219,5381,0,1,6,0.0,0.0,1.0,0.0,0.0,212,255,1.0,0.0,0.02,0.0,0.0,0.0,0,38239.0
22,9,224,1493,0,1,12,0.0,0.0,1.0,0.0,0.12,27,255,1.0,0.0,0.01,0.0,0.0,0.0,0,4129.0
49,9,1433,327,0,1,1,0.0,0.0,1.0,0.0,1.0,180,138,0.68,0.02,0.01,0.0,0.0,0.0,0,94232.0
22,9,304,1522,0,1,21,0.0,0.0,1.0,0.0,0.23,255,255,1.0,0.0,0.0,0.0,0.0,0.0,0,58046.0
16,5,0,0,0,0,119,1.0,1.0,0.17,0.06,0.0,255,20,0.08,0.05,0.0,1.0,1.0,0.0,1,71380.0
11,9,44,73,0,0,160,0.0,0.0,0.99,0.01,0.02,255,250,0.98,0.01,0.0,0.0,0.0,0.0,0,122808.0
11,9,44,125,0,0,208,0.0,0.0,1.0,0.0,0.0,133,94,0.71,0.02,0.0,0.0,0.0,0.0,0,85383.0
22,9,309,296,0,1,12,0.0,0.0,1.0,0.0,0.12,255,255,1.0,0.0,0.0,0.0,0.0,0.0,0,6560.0
51,5,0,0,0,0,126,1.0,1.0,0.09,0.06,0.0,255,29,0.11,0.06,0.0,1.0,1.0,0.0,1,28151.0
44,4,0,0,0,0,1,0.0,0.0,1.0,0.0,0.0,210,1,0.0,0.53,0.0,0.0,0.0,1.0,1,89102.0
49,9,1448,331,0,1,1,0.0,0.0,1.0,0.0,1.0,37,34,0.92,0.05,0.0,0.0,0.0,0.0,0,87262.0
22,9,157,30880,0,1,3,0.0,0.0,1.0,0.0,0.0,255,255,1.0,0.0,0.0,0.0,0.0,0.0,0,58738.0
22,1,0,0,0,0,1,0.0,0.0,1.0,0.0,0.0,4,46,1.0,0.0,0.28,0.0,0.0,1.0,0,9091.0
44,5,0,0,0,0,116,1.0,1.0,0.03,0.06,0.0,255,7,0.03,0.07,0.0,1.0,1.0,0.0,1,15110.0
21,5,0,0,0,0,263,1.0,1.0,0.07,0.06,0.0,255,19,0.07,0.07,0.0,1.0,1.0,0.0,1,22639.0
22,9,288,401,0,1,3,0.0,0.0,1.0,0.0,0.09,248,255,1.0,0.0,0.01,0.0,0.0,0.0,0,14041.0
11,9,43,43,0,0,115,0.0,0.0,0.99,0.02,0.01,255,254,1.0,0.01,0.0,0.0,0.0,0.0,0,45285.0
14,9,1032,0,0,0,511,0.0,0.0,1.0,0.0,0.0,255,206,0.81,0.02,0.0,0.0,0.0,0.0,1,10206.0
49,9,648,335,0,1,1,0.0,0.0,1.0,0.0,0.0,106,166,0.7,0.05,0.01,0.0,0.0,0.0,0,80282.0
44,1,0,0,0,0,134,0.0,0.0,0.01,0.09,0.0,255,1,0.0,0.08,0.0,0.0,0.0,1.0,1,79988.0
13,9,18,0,0,0,1,0.0,0.0,1.0,0.0,0.0,1,203,1.0,0.0,1.0,0.0,0.0,0.0,1,90060.0
40,1,0,0,0,0,511,0.07,0.0,0.0,1.0,0.0,255,1,0.0,1.0,0.0,0.11,0.0,1.0,1,48516.0
62,5,0,0,0,0,265,1.0,1.0,0.03,0.06,0.0,255,9,0.04,0.06,0.0,1.0,1.0,0.0,1,44337.0
43,5,0,0,0,0,143,1.0,1.0,0.1,0.05,0.0,255,15,0.06,0.05,0.0,1.0,1.0,0.0,1,30870.0
40,9,516,4,0,0,359,0.0,0.0,1.0,0.0,0.0,255,255,1.0,0.0,0.0,0.0,0.0,0.0,0,38187.0
44,1,0,0,0,0,254,0.0,0.0,0.02,0.06,0.0,255,4,0.02,0.07,0.0,0.0,0.0,1.0,1,107252.0
50,1,0,0,0,0,155,0.0,0.0,0.01,0.08,0.0,255,2,0.01,0.07,0.0,0.0,0.0,1.0,1,66846.0
22,9,208,1415,0,1,11,0.0,0.0,1.0,0.0,0.0,234,234,1.0,0.0,0.0,0.0,0.0,0.0,0,35639.0
13,9,18,0,0,0,1,0.0,0.0,1.0,0.0,0.0,2,130,1.0,0.0,0.25,0.0,0.0,0.0,1,4493.0
22,9,230,1075,0,1,1,0.0,0.0,1.0,0.0,0.0,255,241,0.95,0.01,0.0,0.0,0.0,0.0,0,120332.0
22,9,307,307,0,1,3,0.33,0.33,1.0,0.0,0.0,255,255,1.0,0.0,0.0,0.01,0.01,0.0,0,57215.0
49,9,2735,327,0,1,2,0.0,0.0,0.5,1.0,0.0,255,201,0.79,0.02,0.0,0.0,0.0,0.0,0,7825.0
44,5,0,0,0,0,207,1.0,1.0,0.08,0.06,0.0,255,18,0.07,0.08,0.0,1.0,1.0,0.0,1,29706.0
19,9,10261,0,0,1,1,0.0,0.0,1.0,0.0,0.0,30,67,0.87,0.1,0.04,0.0,0.01,0.0,0,91534.0
13,9,18,0,0,0,1,0.0,0.0,1.0,0.0,0.0,1,241,1.0,0.0,1.0,0.0,0.0,0.0,1,9894.0
22,9,174,4885,0,1,2,0.0,0.0,1.0,0.0,0.67,90,255,1.0,0.0,0.04,0.0,0.0,0.0,0,117956.0
22,9,196,1368,0,1,5,0.0,0.0,1.0,0.0,0.0,25,255,1.0,0.0,0.04,0.0,0.0,0.0,0,30572.0
49,9,698,327,0,1,1,0.0,0.0,1.0,0.0,0.0,197,144,0.57,0.03,0.01,0.0,0.0,0.0,0,71599.0
19,9,334,0,0,1,1,0.0,0.0,1.0,0.0,0.0,3,23,1.0,0.0,0.22,0.0,0.0,0.0,1,61759.0
23,5,0,0,0,0,114,1.0,1.0,0.13,0.05,0.0,255,9,0.04,0.06,0.0,1.0,1.0,0.0,1,13167.0
44,9,1,0,0,0,37,0.0,0.0,0.35,0.08,0.0,255,19,0.07,0.84,0.0,0.1,0.0,0.0,1,50555.0
22,1,0,0,0,0,1,0.0,0.0,1.0,0.0,0.0,7,166,1.0,0.0,0.19,0.0,0.0,0.9,0,120922.0
40,9,146,105,0,0,1,0.0,0.0,1.0,0.0,0.0,74,1,0.01,0.49,0.0,0.0,0.0,0.0,0,82017.0
40,9,1,0,0,0,16,0.0,0.0,0.06,0.5,0.0,255,1,0.0,0.18,0.0,0.0,0.0,0.0,1,67918.0
22,9,296,2325,0,1,4,0.0,0.0,1.0,0.0,0.4,255,255,1.0,0.0,0.0,0.0,0.0,0.0,0,107910.0
44,1,0,0,0,0,1,0.0,0.0,1.0,0.0,0.0,62,2,0.02,1.0,1.0,0.0,0.0,1.0,1,96844.0
13,9,8,0,0,0,1,0.0,0.0,1.0,0.0,1.0,1,17,1.0,0.0,0.53,0.0,0.0,0.0,1,21781.0
22,9,217,2073,0,1,39,0.0,0.0,1.0,0.0,0.0,255,255,1.0,0.0,0.0,0.0,0.0,0.31,0,86747.0
13,9,8,0,0,0,1,0.0,0.0,1.0,0.0,1.0,2,10,1.0,0.0,0.3,0.0,0.0,0.0,1,63246.0
44,5,0,0,0,0,277,1.0,1.0,0.04,0.06,0.0,255,14,0.05,0.06,0.0,1.0,1.0,0.0,1,18518.0
19,9,95,0,0,1,152,0.99,0.0,0.01,0.07,0.0,255,6,0.02,0.06,0.0,0.98,0.0,0.0,0,16280.0
49,9,1703,328,0,1,1,0.0,0.0,1.0,0.0,0.0,57,199,0.74,0.07,0.01,0.0,0.0,0.0,0,65211.0
44,5,0,0,0,0,281,1.0,1.0,0.06,0.05,0.0,239,16,0.07,0.06,0.0,0.99,1.0,0.0,1,33158.0
22,9,288,3848,0,1,11,0.0,0.0,1.0,0.0,0.0,55,255,1.0,0.0,0.05,0.0,0.01,0.0,0,16175.0
22,9,242,5884,0,1,6,0.0,0.0,1.0,0.0,0.0,10,255,1.0,0.0,0.06,0.0,0.0,0.0,0,49205.0
22,9,343,5856,0,1,2,0.0,0.0,1.0,0.0,0.0,2,255,1.0,0.0,0.01,0.0,0.0,0.0,0,79004.0
22,9,208,892,0,1,1,0.0,0.0,1.0,0.0,0.0,255,255,1.0,0.0,0.0,0.0,0.0,0.0,0,84521.0
14,9,1032,0,0,0,205,0.0,0.0,1.0,0.0,0.0,255,255,1.0,0.0,0.0,0.0,0.0,0.0,1,105920.0
22,9,271,3200,0,1,6,0.0,0.0,1.0,0.0,0.29,225,255,1.0,0.0,0.01,0.0,0.0,0.0,0,6072.0
49,9,1235,335,0,1,1,0.0,0.0,1.0,0.0,1.0,120,90,0.19,0.03,0.02,0.01,0.01,0.0,0,77329.0
44,9,105,145,0,0,2,0.0,0.0,1.0,0.0,0.0,48,39,0.81,0.06,0.0,0.0,0.0,0.0,0,101843.0
22,9,212,334,0,1,3,0.0,0.0,1.0,0.0,0.0,255,255,1.0,0.0,0.0,0.0,0.0,0.0,0,81601.0
44,1,0,0,0,0,1,0.0,0.0,1.0,0.0,0.0,21,2,0.05,1.0,1.0,0.0,0.0,1.0,1,108651.0
44,1,0,0,0,0,145,0.0,0.0,0.12,0.06,0.0,255,10,0.04,0.06,0.0,0.0,0.0,1.0,1,77457.0
22,9,199,956,0,1,9,0.0,0.0,1.0,0.0,0.0,255,255,1.0,0.0,0.0,0.0,0.0,0.0,0,72168.0
22,9,316,274,0,1,11,0.0,0.0,1.0,0.0,0.28,255,255,1.0,0.0,0.0,0.0,0.0,0.0,0,72049.0
44,9,105,0,0,0,2,0.0,0.0,1.0,0.0,0.0,255,234,0.92,0.01,0.0,0.0,0.0,0.0,0,74913.0
44,5,0,0,0,0,257,1.0,1.0,0.07,0.05,0.0,255,17,0.07,0.05,0.0,1.0,1.0,0.0,1,31317.0
44,5,0,0,0,0,247,1.0,1.0,0.04,0.06,0.0,255,11,0.04,0.06,0.0,1.0,1.0,0.0,1,84919.0
11,9,111,45,0,0,2,0.0,0.0,1.0,0.0,0.0,75,51,0.68,0.04,0.0,0.0,0.0,0.0,0,121598.0
5,5,0,0,0,0,123,1.0,1.0,0.02,0.07,0.0,255,2,0.01,0.08,0.0,1.0,1.0,0.0,1,41470.0
44,5,0,0,0,0,104,1.0,1.0,0.12,0.05,0.0,255,9,0.04,0.05,0.0,1.0,1.0,0.0,1,68686.0
44,9,105,147,0,0,8,0.0,0.0,0.25,0.25,0.0,255,238,0.93,0.01,0.0,0.0,0.0,0.0,0,48300.0
44,5,0,0,0,0,122,1.0,1.0,0.15,0.07,0.0,232,2,0.01,0.07,0.0,1.0,1.0,0.0,1,110383.0
22,9,342,1148,0,1,8,0.0,0.0,1.0,0.0,0.0,255,255,1.0,0.0,0.0,0.0,0.0,0.0,0,65413.0
44,9,105,146,0,0,2,0.0,0.0,1.0,0.0,0.0,29,25,0.86,0.07,0.0,0.0,0.0,0.0,0,43900.0
44,5,0,0,0,0,189,1.0,1.0,0.13,0.06,0.0,255,24,0.09,0.06,0.0,1.0,1.0,0.0,1,24024.0
39,9,48,48,0,0,1,0.0,0.0,1.0,0.0,0.0,99,46,0.46,0.03,0.0,0.0,0.0,0.0,0,122450.0
27,5,0,0,0,0,136,1.0,1.0,0.08,0.06,0.0,255,1,0.0,0.07,0.0,1.0,1.0,0.0,1,52771.0
22,9,238,930,0,1,19,0.0,0.0,1.0,0.0,0.0,255,255,1.0,0.0,0.0,0.0,0.0,0.0,0,62914.0
22,9,315,1428,0,1,1,0.0,0.0,1.0,0.0,0.0,190,255,1.0,0.0,0.02,0.01,0.0,0.0,0,16350.0
22,9,305,887,0,1,3,0.0,0.0,1.0,0.0,0.5,59,255,1.0,0.0,0.02,0.0,0.0,0.0,0,90764.0
44,9,1,0,0,0,32,0.0,0.0,0.5,0.09,0.0,255,16,0.06,0.6,0.0,0.05,0.0,0.0,1,5683.0
22,9,221,640,0,1,17,0.0,0.0,1.0,0.0,0.0,17,255,1.0,0.0,0.03,0.0,0.0,0.0,0,119774.0
11,9,43,73,0,0,200,0.0,0.0,1.0,0.0,0.0,255,236,0.93,0.01,0.0,0.0,0.0,0.0,0,114443.0
11,9,45,89,0,0,113,0.0,0.0,1.0,0.0,0.0,255,255,1.0,0.0,0.0,0.0,0.0,0.0,0,4974.0
44,5,0,0,0,0,173,1.0,1.0,0.03,0.06,0.0,255,5,0.02,0.06,0.0,1.0,1.0,0.0,1,7178.0
44,4,0,0,0,0,23,0.0,0.0,0.09,0.52,0.0,193,2,0.01,0.08,0.0,0.01,0.0,1.0,1,104934.0
32,4,1,0,0,0,2,0.0,0.0,1.0,0.0,0.0,204,2,0.01,0.21,0.0,0.0,0.0,1.0,1,99757.0
6,5,0,0,0,0,267,1.0,1.0,0.08,0.04,0.0,255,22,0.09,0.05,0.0,1.0,1.0,0.0,1,84369.0
22,9,285,10053,0,1,4,0.0,0.0,1.0,0.0,0.0,20,255,1.0,0.0,0.04,0.0,0.0,0.0,0,16427.0
19,9,15377,0,0,1,3,0.0,0.0,1.0,0.0,0.0,118,85,0.5,0.04,0.02,0.0,0.0,0.0,0,20676.0
44,9,28,0,3,0,39,0.0,0.0,0.97,0.05,0.0,255,38,0.15,0.02,0.0,0.0,0.0,0.0,1,3637.0
49,9,2660,336,0,1,1,0.0,0.0,1.0,0.0,1.0,189,178,0.76,0.02,0.01,0.0,0.0,0.0,0,70542.0
22,9,267,1165,0,1,13,0.0,0.0,1.0,0.0,0.0,255,255,1.0,0.0,0.0,0.0,0.0,0.0,0,66375.0
62,1,0,0,0,0,150,0.0,0.0,0.13,0.06,0.0,255,20,0.08,0.07,0.0,0.0,0.0,1.0,1,102765.0
22,1,0,0,0,0,275,0.0,0.0,0.05,0.06,0.0,255,13,0.05,0.07,0.0,0.0,0.0,1.0,1,30688.0
17,9,9,317,0,0,1,0.0,0.0,1.0,0.0,0.0,129,1,0.01,0.09,0.0,0.02,0.0,0.0,0,54437.0
44,5,0,0,0,0,126,1.0,1.0,0.02,0.05,0.0,255,2,0.01,0.06,0.0,1.0,1.0,0.0,1,96738.0
40,1,0,0,0,0,511,0.16,0.0,0.0,1.0,0.0,255,1,0.0,1.0,0.0,0.2,0.0,1.0,1,2338.0
14,9,1032,0,0,0,511,0.0,0.0,1.0,0.0,0.0,255,22,0.09,0.25,0.0,0.0,0.0,0.0,1,14504.0
22,9,215,2739,0,1,10,0.0,0.0,1.0,0.0,0.0,250,255,1.0,0.0,0.01,0.0,0.0,0.0,0,46172.0
22,9,261,6961,0,1,7,0.0,0.0,1.0,0.0,0.1,7,255,1.0,0.0,0.04,0.0,0.0,0.0,0,2939.0
44,9,1,0,0,0,2,0.0,0.0,1.0,0.0,0.0,255,5,0.02,0.98,0.0,0.03,0.0,0.0,1,125743.0
40,9,145,0,0,0,2,0.0,0.0,0.5,1.0,0.0,255,1,0.0,0.58,0.0,0.0,0.0,0.0,0,57365.0
40,1,0,0,0,0,353,0.09,0.0,0.0,1.0,0.0,255,1,0.0,1.0,0.0,0.09,0.0,1.0,1,92626.0
44,1,0,0,0,0,439,0.05,0.0,0.0,1.0,0.0,255,1,0.0,1.0,0.0,0.08,0.0,1.0,1,94503.0
40,4,1,0,0,0,2,0.0,0.0,1.0,0.0,0.0,255,2,0.01,0.73,0.0,0.0,0.0,1.0,1,35668.0
17,5,0,0,0,0,30,1.0,1.0,0.3,0.13,0.0,255,59,0.23,0.04,0.0,1.0,1.0,0.0,1,63828.0
22,9,201,535,0,1,10,0.0,0.0,1.0,0.0,0.19,243,243,1.0,0.0,0.0,0.0,0.0,0.0,0,119170.0
22,9,201,2914,0,1,12,0.0,0.0,1.0,0.0,0.0,27,255,1.0,0.0,0.04,0.0,0.0,0.0,0,31327.0
34,1,0,0,0,0,180,0.0,0.0,0.08,0.07,0.0,255,15,0.06,0.07,0.0,0.0,0.0,1.0,1,4861.0
22,9,236,1902,0,1,6,0.0,0.0,1.0,0.0,0.0,55,255,1.0,0.0,0.02,0.0,0.0,0.0,0,14937.0
44,5,0,0,0,0,292,1.0,1.0,0.02,0.05,0.0,255,11,0.04,0.07,0.0,1.0,1.0,0.0,1,46368.0
3,5,0,0,0,0,237,1.0,1.0,0.01,0.06,0.0,255,3,0.01,0.07,0.0,1.0,1.0,0.0,1,95937.0
22,9,335,605,0,1,1,0.0,0.0,1.0,0.0,0.0,93,255,1.0,0.0,0.01,0.0,0.0,0.0,0,33587.0
9,5,0,0,0,0,147,1.0,1.0,0.16,0.05,0.0,255,13,0.05,0.07,0.0,1.0,1.0,0.0,1,5320.0
11,9,44,117,0,0,23,0.0,0.0,1.0,0.0,0.0,255,198,0.78,0.01,0.0,0.0,0.0,0.0,0,56998.0
22,9,175,287,0,1,1,0.0,0.0,1.0,0.0,0.0,195,255,1.0,0.0,0.02,0.0,0.0,0.0,0,104463.0
19,9,4539,0,0,1,20,0.0,0.0,1.0,0.0,0.0,32,97,0.81,0.09,0.02,0.0,0.0,0.0,0,72263.0
22,9,272,269,0,1,3,0.0,0.0,1.0,0.0,0.0,255,255,1.0,0.0,0.0,0.0,0.0,0.0,0,102888.0
22,9,175,13435,0,1,1,0.0,0.0,1.0,0.0,0.21,255,255,1.0,0.0,0.0,0.0,0.0,0.0,0,26954.0
44,5,0,0,0,0,239,1.0,1.0,0.08,0.06,0.0,255,18,0.07,0.06,0.0,1.0,1.0,0.0,1,94774.0
19,9,16,0,0,1,2,0.0,0.0,1.0,0.0,0.67,255,62,0.24,0.05,0.0,0.27,0.0,0.0,0,38795.0
22,9,301,2239,0,1,6,0.0,0.0,1.0,0.0,0.0,147,143,0.97,0.01,0.0,0.0,0.0,0.0,0,112185.0
55,5,0,0,0,0,27,1.0,1.0,0.15,0.15,0.0,255,55,0.22,0.04,0.0,1.0,1.0,0.0,1,28062.0
22,9,302,21281,0,1,8,0.0,0.0,1.0,0.0,0.0,8,253,1.0,0.0,0.19,0.0,0.0,0.96,0,122637.0
16,5,0,0,0,0,12,1.0,1.0,0.08,0.25,0.0,255,15,0.06,0.07,0.0,1.0,1.0,0.0,1,54459.0
11,9,45,45,0,0,171,0.0,0.0,1.0,0.0,0.0,255,255,1.0,0.0,0.0,0.0,0.0,0.0,0,29721.0
44,1,0,0,0,0,204,0.0,0.0,0.0,0.07,0.0,255,1,0.0,0.09,0.0,0.0,0.0,1.0,1,40234.0
26,5,0,0,0,0,108,1.0,1.0,0.03,0.06,0.0,255,18,0.07,0.06,0.0,1.0,1.0,0.0,1,103736.0
24,10,0,0,0,0,1,1.0,1.0,1.0,0.0,0.0,255,1,0.0,1.0,0.0,1.0,1.0,0.0,1,54317.0
22,9,248,237,0,1,1,0.0,0.0,1.0,0.0,0.2,8,255,1.0,0.0,0.03,0.0,0.0,0.0,0,41233.0
22,9,226,557,0,1,15,0.0,0.0,1.0,0.0,0.0,35,255,1.0,0.0,0.06,0.0,0.0,0.0,0,118199.0
22,9,310,1408,0,1,4,0.0,0.0,1.0,0.0,0.0,255,255,1.0,0.0,0.0,0.0,0.0,0.0,0,87369.0
22,9,217,309,0,1,6,0.0,0.0,1.0,0.0,0.0,255,255,1.0,0.0,0.0,0.0,0.0,0.0,0,91614.0
37,5,0,0,0,0,143,1.0,1.0,0.1,0.06,0.0,255,2,0.01,0.08,0.0,1.0,1.0,0.0,1,69820.0
19,5,0,0,0,0,242,1.0,1.0,0.0,0.06,0.0,255,1,0.0,0.08,0.0,1.0,1.0,0.0,1,114619.0
49,9,860,388,0,1,1,0.0,0.0,1.0,0.0,0.0,255,92,0.36,0.05,0.0,0.25,0.0,0.0,0,62382.0
19,9,2056,0,0,1,1,0.0,0.0,1.0,0.0,0.0,105,28,0.27,0.07,0.0,0.02,0.07,0.0,0,123243.0
49,9,1500,327,0,1,1,0.0,0.0,1.0,0.0,1.0,54,240,0.87,0.04,0.01,0.0,0.0,0.0,0,124406.0
19,9,4892,0,0,1,12,0.0,0.0,1.0,0.0,0.0,254,66,0.26,0.02,0.0,0.0,0.0,0.0,0,110414.0
22,9,342,4714,0,1,5,0.0,0.0,1.0,0.0,0.0,255,255,1.0,0.0,0.0,0.0,0.0,0.0,0,105868.0
30,5,0,0,0,0,129,1.0,1.0,0.14,0.06,0.0,255,9,0.04,0.09,0.0,1.0,1.0,0.0,1,97029.0
22,9,319,547,0,1,12,0.0,0.0,1.0,0.0,0.24,12,255,1.0,0.0,0.03,0.0,0.0,0.0,0,64314.0
10,10,0,0,0,0,1,1.0,1.0,1.0,0.0,0.0,255,1,0.0,1.0,0.0,1.0,1.0,0.0,1,49116.0
22,9,291,1229,0,1,16,0.0,0.0,1.0,0.0,0.0,46,255,1.0,0.0,0.07,0.0,0.0,0.0,0,50861.0
11,9,45,150,0,0,83,0.0,0.0,1.0,0.0,0.04,203,138,0.68,0.02,0.0,0.0,0.0,0.0,0,15686.0
18,9,6,109,0,0,3,0.0,0.0,0.33,1.0,0.0,255,1,0.0,0.03,0.0,0.0,0.0,0.0,1,6004.0
22,9,210,3200,0,1,10,0.0,0.0,1.0,0.0,0.21,255,255,1.0,0.0,0.0,0.0,0.0,0.0,0,58301.0
19,9,1556,0,0,1,18,0.06,0.06,1.0,0.0,0.0,255,104,0.41,0.02,0.0,0.0,0.01,0.0,0,92335.0
44,5,0,0,0,0,270,1.0,1.0,0.07,0.06,0.0,255,4,0.02,0.07,0.0,1.0,1.0,0.0,1,77520.0
54,5,0,0,0,0,126,1.0,1.0,0.16,0.06,0.0,255,14,0.05,0.06,0.0,1.0,1.0,0.0,1,61629.0
44,1,0,0,0,0,372,0.06,0.0,0.0,1.0,0.0,255,1,0.0,1.0,0.0,0.09,0.0,1.0,1,60887.0
22,9,355,511,0,1,22,0.0,0.0,1.0,0.0,0.1,228,228,1.0,0.0,0.0,0.0,0.0,0.0,0,107440.0
44,10,0,0,0,0,1,1.0,1.0,1.0,0.0,0.0,71,1,0.01,0.86,0.0,0.89,1.0,0.0,1,51321.0
22,1,0,0,0,0,1,0.0,0.0,1.0,0.0,0.0,1,237,1.0,0.0,0.19,0.0,0.0,1.0,0,16994.0
22,9,297,1828,0,1,17,0.0,0.0,1.0,0.0,0.0,255,255,1.0,0.0,0.0,0.0,0.0,0.0,0,73174.0
40,1,0,0,0,0,511,0.18,0.0,0.0,1.0,0.0,255,1,0.0,1.0,0.0,0.14,0.0,1.0,1,65628.0
22,9,236,20810,0,1,23,0.0,0.0,1.0,0.0,0.14,255,255,1.0,0.0,0.0,0.0,0.0,0.0,0,40055.0
59,5,0,0,0,0,131,1.0,1.0,0.02,0.07,0.0,255,2,0.01,0.08,0.0,1.0,1.0,0.0,1,87111.0
44,5,0,0,0,0,279,1.0,1.0,0.08,0.05,0.0,255,23,0.09,0.07,0.0,1.0,1.0,0.0,1,13768.0
46,5,0,0,0,0,259,1.0,1.0,0.02,0.07,0.0,255,4,0.02,0.07,0.0,1.0,1.0,0.0,1,51724.0
13,9,30,0,0,0,1,0.0,0.0,1.0,0.0,0.0,180,180,1.0,0.0,0.0,0.0,0.0,0.0,0,38576.0
22,9,298,760,0,1,4,0.0,0.0,1.0,0.0,0.0,38,255,1.0,0.0,0.04,0.0,0.0,0.0,0,24738.0
10,5,0,0,0,0,284,1.0,1.0,0.02,0.06,0.0,255,6,0.02,0.06,0.0,1.0,1.0,0.0,1,53477.0
48,2,0,0,0,0,132,0.0,0.0,0.08,0.07,0.0,255,11,0.04,0.07,0.0,0.0,0.0,1.0,1,54465.0
44,4,0,0,0,0,1,0.0,0.0,1.0,0.0,0.0,249,1,0.0,0.61,0.0,0.0,0.0,1.0,1,38791.0
44,1,0,0,0,0,2,0.0,0.0,0.5,1.0,0.0,255,1,0.0,0.56,0.0,0.02,0.0,1.0,1,19275.0
22,9,164,464,0,1,2,0.0,0.33,1.0,0.0,0.67,2,255,1.0,0.0,0.02,0.0,0.0,0.0,0,91393.0
49,9,1132,366,0,1,1,0.0,0.0,1.0,0.0,1.0,40,148,0.88,0.08,0.01,0.0,0.0,0.0,0,113376.0
22,9,207,3227,0,1,6,0.0,0.0,1.0,0.0,0.29,29,255,1.0,0.0,0.02,0.0,0.0,0.0,0,29536.0
13,9,8,0,0,0,1,0.0,0.0,1.0,0.0,1.0,1,75,1.0,0.0,0.51,0.0,0.0,0.0,1,97841.0
11,9,45,76,0,0,316,0.0,0.0,1.0,0.01,0.0,255,254,1.0,0.01,0.0,0.0,0.0,0.0,0,75066.0
22,9,241,1603,0,1,24,0.0,0.0,1.0,0.0,0.0,255,255,1.0,0.0,0.0,0.0,0.0,0.0,0,123926.0
44,5,0,0,0,0,108,1.0,1.0,0.06,0.06,0.0,51,7,0.14,0.12,0.0,1.0,1.0,0.0,1,60011.0
22,9,205,307,0,1,39,0.0,0.0,1.0,0.0,0.0,255,255,1.0,0.0,0.0,0.0,0.0,0.0,0,5965.0
44,5,0,0,0,0,8,1.0,1.0,0.25,0.5,0.0,255,19,0.07,0.07,0.0,1.0,1.0,0.0,1,108296.0
11,9,44,79,0,0,255,0.0,0.0,1.0,0.01,0.01,255,255,1.0,0.0,0.0,0.0,0.0,0.0,0,598.0
22,9,298,8083,0,1,6,0.0,0.0,1.0,0.0,0.38,50,227,1.0,0.0,0.04,0.02,0.0,0.0,0,125247.0
2,5,0,0,0,0,258,1.0,1.0,0.07,0.06,0.0,255,19,0.07,0.07,0.0,1.0,1.0,0.0,1,25843.0
11,9,46,147,0,0,223,0.0,0.0,1.0,0.01,0.0,112,79,0.71,0.02,0.0,0.0,0.0,0.0,0,103273.0
22,9,345,1935,0,1,3,0.0,0.0,1.0,0.0,0.5,175,255,1.0,0.0,0.05,0.0,0.0,0.0,0,72852.0
22,9,198,2168,0,1,12,0.0,0.0,1.0,0.0,0.15,255,255,1.0,0.0,0.0,0.0,0.0,0.0,0,47119.0
22,9,285,5632,0,1,6,0.0,0.0,1.0,0.0,0.2,165,255,1.0,0.0,0.02,0.0,0.0,0.0,0,105187.0
44,5,0,0,0,0,120,1.0,1.0,0.17,0.05,0.0,255,20,0.08,0.07,0.0,1.0,1.0,0.0,1,98932.0
22,9,302,509,0,1,6,0.0,0.0,1.0,0.0,0.0,18,255,1.0,0.0,0.05,0.0,0.0,0.0,0,46018.0
22,9,223,408,0,1,42,0.0,0.0,1.0,0.0,0.07,251,255,1.0,0.0,0.01,0.0,0.0,0.0,0,111668.0
44,9,28,0,3,0,23,0.0,0.0,1.0,0.0,0.0,236,23,0.1,0.69,0.0,0.03,0.0,0.0,1,82782.0
35,5,0,0,0,0,247,1.0,1.0,0.0,0.06,0.0,255,20,0.08,0.07,0.0,1.0,1.0,0.0,1,78770.0
21,5,0,0,0,0,275,1.0,1.0,0.03,0.06,0.0,255,14,0.05,0.08,0.0,1.0,1.0,0.0,1,8237.0
44,1,0,0,0,0,117,0.0,0.0,0.14,0.06,0.0,255,16,0.06,0.08,0.0,0.0,0.0,1.0,1,15903.0
22,9,230,7333,0,1,25,0.0,0.0,1.0,0.0,0.06,255,255,1.0,0.0,0.0,0.01,0.01,0.0,0,78280.0
19,5,0,0,0,0,248,1.0,1.0,0.06,0.06,0.0,255,14,0.05,0.06,0.0,1.0,1.0,0.0,1,122206.0
11,9,44,73,0,0,74,0.0,0.0,1.0,0.0,0.01,255,254,1.0,0.01,0.0,0.0,0.0,0.0,0,12046.0
6,5,0,0,0,0,213,1.0,1.0,0.02,0.07,0.0,255,4,0.02,0.09,0.0,1.0,1.0,0.0,1,13142.0
49,2,0,0,0,0,1,0.0,0.0,1.0,0.0,0.0,86,175,0.64,0.15,0.01,0.01,0.0,0.05,0,55592.0
19,9,1470,0,0,1,3,0.0,0.0,1.0,0.0,0.0,200,81,0.28,0.04,0.02,0.01,0.0,0.0,0,90553.0
22,9,253,1217,0,1,5,0.0,0.0,1.0,0.0,0.0,5,255,1.0,0.0,0.06,0.0,0.0,0.01,0,11505.0
44,5,0,0,0,0,185,1.0,1.0,0.14,0.05,0.0,255,25,0.1,0.05,0.0,1.0,1.0,0.0,1,49518.0
44,9,1,0,0,0,19,0.0,0.0,0.16,0.16,0.0,255,3,0.01,0.3,0.0,0.0,0.0,0.0,1,93685.0
44,5,0,0,0,0,211,1.0,1.0,0.07,0.07,0.0,255,30,0.12,0.07,0.0,1.0,1.0,0.0,1,62942.0
19,5,0,0,0,0,72,1.0,1.0,0.24,0.06,0.0,255,77,0.3,0.02,0.0,1.0,1.0,0.0,1,30173.0
60,5,0,0,0,0,126,1.0,1.0,0.02,0.05,0.0,255,3,0.01,0.05,0.0,1.0,1.0,0.0,1,53173.0
22,9,310,2521,0,1,5,0.0,0.0,1.0,0.0,0.0,46,255,1.0,0.0,0.03,0.0,0.01,0.0,0,116927.0
22,9,241,4794,0,1,8,0.0,0.0,1.0,0.0,0.24,132,255,1.0,0.0,0.02,0.0,0.0,0.0,0,71200.0
22,1,0,0,0,0,1,0.0,0.0,1.0,0.0,0.0,67,171,1.0,0.0,0.04,0.0,0.0,1.0,0,111400.0
22,9,192,1745,0,1,2,0.0,0.0,1.0,0.0,0.09,2,255,1.0,0.0,0.06,0.0,0.0,0.0,0,57838.0
22,9,238,397,0,1,3,0.0,0.0,1.0,0.0,0.5,255,255,1.0,0.0,0.0,0.0,0.0,0.0,0,76678.0
49,9,1218,432,0,1,1,0.0,0.0,1.0,0.0,1.0,89,173,0.71,0.06,0.01,0.0,0.0,0.0,0,62256.0
44,5,0,0,0,0,130,1.0,1.0,0.1,0.06,0.0,130,13,0.1,0.08,0.0,1.0,1.0,0.0,1,125842.0
22,9,223,1295,0,1,1,0.0,0.0,1.0,0.0,0.05,54,54,1.0,0.0,0.0,0.0,0.0,0.0,0,111686.0
50,5,0,0,0,0,106,1.0,1.0,0.11,0.06,0.0,255,12,0.05,0.05,0.0,1.0,1.0,0.0,1,49278.0
44,5,0,0,0,0,119,1.0,1.0,0.1,0.06,0.0,255,3,0.01,0.07,0.0,1.0,1.0,0.0,1,10175.0
11,9,45,114,0,0,1,0.0,0.0,1.0,0.0,1.0,255,252,0.99,0.01,0.0,0.0,0.0,0.0,0,114916.0
22,9,239,4198,0,1,1,0.0,0.0,1.0,0.0,1.0,29,255,1.0,0.0,0.02,0.0,0.0,0.0,0,74130.0
44,5,0,0,0,0,150,1.0,1.0,0.13,0.05,0.0,217,11,0.05,0.08,0.0,1.0,1.0,0.0,1,90371.0
56,9,0,4,0,0,1,0.0,0.0,1.0,0.0,0.0,11,11,1.0,0.0,0.0,0.0,0.0,0.0,0,33130.0
22,9,302,1054,0,1,3,0.0,0.0,1.0,0.0,0.0,136,255,1.0,0.0,0.02,0.01,0.0,0.0,0,37890.0
14,9,1032,0,0,0,2,0.0,0.0,1.0,0.0,0.0,255,255,1.0,0.0,0.0,0.0,0.0,0.0,1,88033.0
11,9,44,85,0,0,301,0.0,0.0,1.0,0.0,0.0,255,254,1.0,0.01,0.0,0.0,0.0,0.0,0,76370.0
11,9,43,74,0,0,128,0.0,0.0,1.0,0.0,0.0,255,245,0.96,0.01,0.0,0.0,0.0,0.0,0,97810.0
22,9,321,649,0,1,41,0.0,0.0,1.0,0.0,0.0,42,255,1.0,0.0,0.02,0.0,0.0,0.0,0,110494.0
22,9,203,1401,0,1,2,0.0,0.0,1.0,0.0,0.14,26,38,1.0,0.0,0.13,0.0,0.03,0.0,0,78414.0
22,5,0,0,0,0,35,1.0,1.0,0.49,0.06,0.0,255,60,0.24,0.04,0.0,1.0,1.0,0.0,1,40694.0
22,9,172,6219,0,1,1,0.0,0.0,1.0,0.0,0.08,97,255,1.0,0.0,0.03,0.0,0.0,0.01,0,55491.0
22,9,272,624,0,1,24,0.0,0.0,1.0,0.0,0.0,69,255,1.0,0.0,0.02,0.0,0.0,0.0,0,69310.0
11,9,46,83,0,0,153,0.0,0.0,1.0,0.0,0.02,255,227,0.89,0.01,0.0,0.0,0.0,0.0,0,9195.0
14,9,1480,0,1,0,5,0.0,0.0,1.0,0.0,0.0,255,5,0.02,0.02,0.0,0.0,0.0,0.0,1,11673.0
22,9,238,2698,0,1,6,0.0,0.0,1.0,0.0,0.0,255,253,0.99,0.01,0.0,0.0,0.0,0.02,0,15683.0
22,9,247,293,0,1,22,0.0,0.0,1.0,0.0,0.0,22,236,1.0,0.0,0.02,0.0,0.0,0.0,0,40936.0
40,4,1,0,0,0,2,0.0,0.0,1.0,0.0,0.0,255,2,0.01,0.74,0.0,0.0,0.0,1.0,1,73469.0
22,9,207,2302,0,1,5,0.0,0.0,1.0,0.0,0.0,255,255,1.0,0.0,0.0,0.0,0.0,0.0,0,35727.0
13,9,18,0,0,0,1,0.0,0.0,1.0,0.0,0.0,3,95,1.0,0.0,0.25,0.0,0.0,0.0,1,98638.0
14,9,1032,0,0,0,511,0.0,0.0,1.0,0.0,0.0,182,37,0.2,0.02,0.0,0.0,0.0,0.0,1,66207.0
22,9,319,24048,0,1,5,0.0,0.0,1.0,0.0,0.0,9,255,1.0,0.0,0.06,0.0,0.0,0.0,0,58916.0
22,1,0,0,0,0,219,0.0,0.0,0.04,0.07,0.0,255,9,0.04,0.07,0.0,0.0,0.0,1.0,1,103258.0
13,9,8,0,0,0,1,0.0,0.0,1.0,0.0,1.0,1,129,1.0,0.0,0.51,0.0,0.0,0.0,1,121970.0
5,5,0,0,0,0,149,1.0,1.0,0.13,0.05,0.0,255,20,0.08,0.06,0.0,1.0,1.0,0.0,1,33821.0
18,5,0,0,0,0,220,1.0,1.0,0.08,0.05,0.0,255,17,0.07,0.05,0.0,1.0,1.0,0.0,1,120453.0
44,5,0,0,0,0,251,1.0,1.0,0.08,0.06,0.0,255,19,0.07,0.05,0.0,1.0,1.0,0.0,1,59420.0
44,9,105,145,0,0,1,0.0,0.0,1.0,0.0,0.0,97,93,0.96,0.03,0.0,0.0,0.0,0.0,0,6533.0
44,5,0,0,0,0,195,1.0,1.0,0.06,0.06,0.0,255,6,0.02,0.09,0.0,1.0,1.0,0.0,1,42608.0
44,5,0,0,0,0,149,1.0,1.0,0.06,0.05,0.0,255,10,0.04,0.06,0.0,1.0,1.0,0.0,1,32103.0
49,9,1506,332,0,1,1,0.0,0.0,1.0,0.0,0.0,111,70,0.63,0.04,0.0,0.0,0.0,0.0,0,15571.0
27,5,0,0,0,0,96,1.0,1.0,0.06,0.07,0.0,255,6,0.02,0.06,0.0,1.0,1.0,0.0,1,70022.0
22,9,205,25672,0,1,5,0.2,0.2,1.0,0.0,0.0,255,255,1.0,0.0,0.0,0.01,0.01,0.02,0,53699.0
44,1,0,0,0,0,278,0.03,0.0,0.0,1.0,0.0,255,1,0.0,0.97,0.0,0.04,0.0,1.0,1,118228.0
5,5,0,0,0,0,109,1.0,1.0,0.03,0.06,0.0,255,3,0.01,0.08,0.0,1.0,1.0,0.0,1,82214.0
22,9,217,13110,0,1,1,0.0,0.0,1.0,0.0,0.12,11,255,1.0,0.0,0.04,0.0,0.0,0.0,0,5225.0
56,2,0,0,0,0,280,0.0,0.0,0.06,0.06,0.0,255,16,0.06,0.07,0.0,0.0,0.0,1.0,1,561.0
40,1,0,0,0,0,510,0.19,0.0,0.0,1.0,0.0,255,1,0.0,1.0,0.0,0.2,0.0,1.0,1,103918.0
49,9,1355,392,0,1,1,0.0,0.0,1.0,0.0,0.0,255,7,0.03,0.07,0.0,0.96,0.0,0.0,0,30558.0
44,5,0,0,0,0,102,1.0,1.0,0.02,0.07,0.0,255,13,0.05,0.05,0.0,1.0,1.0,0.0,1,68598.0
61,5,0,0,0,0,262,1.0,1.0,0.04,0.06,0.0,255,11,0.04,0.07,0.0,1.0,1.0,0.0,1,102955.0
22,1,0,0,0,0,1,0.0,0.0,1.0,0.0,0.0,8,255,1.0,0.0,0.1,0.0,0.0,0.56,0,60898.0
44,1,0,0,0,0,104,0.0,0.0,0.15,0.08,0.0,228,16,0.07,0.07,0.0,0.0,0.0,1.0,1,107535.0
22,9,230,5283,0,1,12,0.0,0.0,1.0,0.0,0.0,12,255,1.0,0.0,0.04,0.0,0.0,0.0,0,80418.0
22,9,201,4841,0,1,1,0.0,0.0,1.0,0.0,0.67,255,255,1.0,0.0,0.0,0.0,0.0,0.0,0,118420.0
13,9,30,0,0,0,1,0.0,0.0,1.0,0.0,0.0,49,90,0.98,0.04,0.24,0.0,0.0,0.0,0,12754.0
18,9,1276,2451,0,1,1,0.0,0.0,1.0,0.0,0.0,255,132,0.52,0.02,0.0,0.0,0.0,0.0,1,4263.0
47,5,0,0,0,0,201,1.0,1.0,0.0,0.06,0.0,255,1,0.0,0.07,0.0,1.0,1.0,0.0,1,4385.0
22,9,200,706,0,1,23,0.0,0.0,1.0,0.0,0.08,255,255,1.0,0.0,0.0,0.0,0.0,0.0,0,70067.0
5,5,0,0,0,0,138,1.0,1.0,0.14,0.05,0.0,255,3,0.01,0.07,0.0,1.0,1.0,0.0,1,111810.0
22,9,202,4768,0,1,12,0.0,0.0,1.0,0.0,0.0,255,255,1.0,0.0,0.0,0.0,0.0,0.0,0,24373.0
56,5,0,0,0,0,231,1.0,1.0,0.07,0.05,0.0,255,17,0.07,0.06,0.0,1.0,1.0,0.0,1,16133.0
13,9,8,0,0,0,1,0.0,0.0,1.0,0.0,1.0,1,123,1.0,0.0,0.5,0.0,0.0,0.0,1,95236.0
59,5,0,0,0,0,122,1.0,1.0,0.1,0.06,0.0,255,12,0.05,0.05,0.0,1.0,1.0,0.0,1,12244.0
11,9,43,75,0,0,162,0.0,0.0,1.0,0.0,0.0,255,255,1.0,0.0,0.0,0.0,0.0,0.0,0,35467.0
13,9,8,0,0,0,1,0.0,0.0,1.0,0.0,1.0,4,88,1.0,0.0,0.25,0.0,0.0,0.0,1,121458.0
22,9,332,1265,0,1,21,0.0,0.0,1.0,0.0,0.0,58,255,1.0,0.0,0.04,0.0,0.0,0.0,0,65377.0
55,5,0,0,0,0,55,1.0,1.0,0.2,0.07,0.0,255,58,0.23,0.02,0.0,1.0,1.0,0.0,1,43998.0
49,9,1795,451,0,1,1,0.0,0.0,1.0,0.0,0.75,72,58,0.81,0.04,0.0,0.0,0.0,0.0,0,78054.0
22,9,228,29868,0,1,3,0.0,0.0,1.0,0.0,0.0,255,255,1.0,0.0,0.0,0.0,0.0,0.0,0,102376.0
44,5,0,0,0,0,299,1.0,1.0,0.04,0.05,0.0,255,8,0.03,0.07,0.0,1.0,1.0,0.0,1,8431.0
22,9,247,14799,0,1,4,0.0,0.0,1.0,0.0,0.25,255,255,1.0,0.0,0.0,0.0,0.0,0.0,0,65619.0
44,5,0,0,0,0,214,1.0,1.0,0.08,0.06,0.0,255,8,0.03,0.07,0.0,1.0,1.0,0.0,1,116116.0
11,9,44,72,0,0,218,0.0,0.0,1.0,0.0,0.01,255,217,0.85,0.01,0.0,0.0,0.0,0.0,0,57619.0
22,9,0,1422,0,0,26,0.04,0.04,1.0,0.0,0.0,88,255,1.0,0.0,0.01,0.01,0.0,0.0,0,82881.0
22,9,352,261,0,1,1,0.0,0.0,1.0,0.0,0.0,29,255,1.0,0.0,0.02,0.0,0.0,0.0,0,66730.0
4,5,0,0,0,0,150,1.0,1.0,0.13,0.06,0.0,255,9,0.04,0.06,0.0,1.0,1.0,0.0,1,92465.0
22,9,311,4161,0,1,16,0.0,0.0,1.0,0.0,0.0,255,255,1.0,0.0,0.0,0.0,0.0,0.0,0,85901.0
14,9,1032,0,0,0,511,0.0,0.0,1.0,0.0,0.0,255,206,0.81,0.01,0.0,0.0,0.0,0.0,1,38494.0
44,5,0,0,0,0,234,1.0,1.0,0.06,0.06,0.0,255,7,0.03,0.08,0.0,1.0,1.0,0.0,1,80746.0
22,9,222,740,0,1,12,0.0,0.0,1.0,0.0,0.24,12,255,1.0,0.0,0.01,0.0,0.0,0.0,0,93427.0
37,5,0,0,0,0,129,1.0,1.0,0.03,0.06,0.0,255,4,0.02,0.05,0.0,1.0,1.0,0.0,1,40354.0
44,5,0,0,0,0,174,1.0,1.0,0.1,0.06,0.0,255,8,0.03,0.06,0.0,1.0,1.0,0.0,1,52588.0
44,9,28,0,3,0,18,0.0,0.0,1.0,0.0,0.0,231,18,0.08,0.71,0.0,0.03,0.0,0.0,1,85486.0
22,9,317,4894,0,1,15,0.0,0.0,1.0,0.0,0.12,255,255,1.0,0.0,0.0,0.0,0.0,0.0,0,48567.0
44,5,0,0,0,0,289,1.0,1.0,0.07,0.06,0.0,255,19,0.07,0.07,0.0,1.0,1.0,0.0,1,98237.0
22,9,336,2895,0,1,3,0.0,0.0,1.0,0.0,0.0,48,255,1.0,0.0,0.02,0.0,0.0,0.0,0,44242.0
22,9,327,1524,0,1,7,0.0,0.0,1.0,0.0,0.0,215,255,1.0,0.0,0.01,0.0,0.0,0.0,0,49385.0
49,9,769,330,0,1,1,0.0,0.0,1.0,0.0,1.0,90,190,0.83,0.06,0.01,0.0,0.01,0.0,0,74285.0
44,1,0,0,0,0,114,0.0,0.0,0.04,0.07,0.0,255,5,0.02,0.09,0.0,0.0,0.0,1.0,1,37210.0
22,9,426,8354,0,1,8,0.0,0.0,1.0,0.0,0.0,255,255,1.0,0.0,0.0,0.0,0.0,0.0,0,40815.0
16,5,0,0,0,0,133,1.0,1.0,0.04,0.07,0.0,255,5,0.02,0.06,0.0,1.0,1.0,0.0,1,59908.0
22,9,208,6801,0,1,6,0.0,0.0,1.0,0.0,0.0,6,255,1.0,0.0,0.02,0.0,0.0,0.0,0,103417.0
17,5,0,0,0,0,23,1.0,1.0,0.26,0.17,0.0,255,26,0.1,0.07,0.0,1.0,1.0,0.0,1,119855.0
19,5,0,0,0,0,67,1.0,1.0,0.22,0.06,0.0,255,63,0.25,0.02,0.0,1.0,1.0,0.0,1,31529.0
44,5,0,0,0,0,129,1.0,1.0,0.16,0.05,0.0,255,16,0.06,0.06,0.0,1.0,1.0,0.0,1,56362.0
4,5,0,0,0,0,291,1.0,1.0,0.01,0.05,0.0,255,5,0.02,0.07,0.0,1.0,1.0,0.0,1,9514.0
22,9,210,1295,0,1,3,0.0,0.0,1.0,0.0,0.0,8,255,1.0,0.0,0.01,0.0,0.0,0.0,0,57610.0
40,9,3888,0,0,1,3,0.0,0.0,0.33,1.0,0.0,221,1,0.0,0.09,0.0,0.0,0.0,0.0,0,107262.0
44,4,1,0,0,0,2,0.0,0.0,1.0,0.0,0.0,255,2,0.01,0.8,0.0,0.0,0.0,1.0,1,102078.0
22,9,295,2649,0,1,3,0.33,0.33,1.0,0.0,0.0,255,255,1.0,0.0,0.0,0.0,0.0,0.0,0,124944.0
22,1,0,0,0,0,1,0.0,0.0,1.0,0.0,0.0,2,255,1.0,0.0,0.04,0.0,0.01,0.02,0,114781.0
22,9,227,392,0,1,6,0.0,0.0,1.0,0.0,0.11,99,255,1.0,0.0,0.03,0.0,0.0,0.0,0,109967.0
13,9,8,0,0,0,1,0.0,0.0,1.0,0.0,1.0,2,28,1.0,0.0,0.5,0.0,0.0,0.0,1,17283.0
49,5,0,0,0,0,2,0.5,0.5,1.0,0.0,0.0,83,147,0.49,0.07,0.01,0.01,0.01,0.01,0,112840.0
44,1,0,0,0,0,60,0.12,0.0,0.02,1.0,0.0,255,1,0.0,0.51,0.0,0.03,0.0,1.0,1,93984.0
22,9,310,1183,0,1,1,0.0,0.0,1.0,0.0,0.67,5,255,1.0,0.0,0.02,0.0,0.0,0.0,0,72335.0
54,5,0,0,0,0,38,1.0,1.0,0.16,0.16,0.0,255,12,0.05,0.09,0.0,1.0,1.0,0.0,1,115192.0
44,5,0,0,0,0,264,1.0,1.0,0.05,0.06,0.0,255,17,0.07,0.08,0.0,1.0,1.0,0.0,1,33116.0
22,1,0,0,0,0,1,0.0,0.0,1.0,0.0,0.67,1,250,1.0,0.0,0.03,0.0,0.0,0.25,0,63492.0
55,5,0,0,0,0,63,1.0,1.0,0.06,0.06,0.0,255,4,0.02,0.07,0.0,1.0,1.0,0.0,1,86374.0
19,9,495,0,0,1,2,0.0,0.0,0.5,1.0,0.0,137,78,0.11,0.04,0.03,0.0,0.0,0.0,0,118285.0
53,5,0,0,0,0,124,1.0,1.0,0.12,0.06,0.0,255,13,0.05,0.09,0.0,1.0,1.0,0.0,1,43777.0
44,5,0,0,0,0,246,1.0,1.0,0.01,0.07,0.0,255,2,0.01,0.08,0.0,1.0,1.0,0.0,1,23542.0
44,10,0,0,0,0,1,1.0,1.0,1.0,0.0,0.0,239,1,0.0,0.95,0.0,0.97,1.0,0.0,1,96590.0
44,5,0,0,0,0,264,1.0,1.0,0.05,0.07,0.0,255,12,0.05,0.07,0.0,1.0,1.0,0.0,1,76514.0
18,5,0,0,0,0,248,1.0,1.0,0.04,0.06,0.0,255,9,0.04,0.07,0.0,1.0,1.0,0.0,1,124692.0
13,9,8,0,0,0,1,0.0,0.0,1.0,0.0,1.0,1,71,1.0,0.0,0.51,0.0,0.0,0.0,1,113557.0
19,9,1376,0,0,1,4,0.0,0.0,1.0,0.0,0.0,255,53,0.21,0.02,0.0,0.33,0.42,0.0,0,95482.0
44,9,105,147,0,0,2,0.0,0.0,1.0,0.0,0.0,255,245,0.96,0.01,0.0,0.0,0.0,0.0,0,36074.0
22,9,211,1733,0,1,9,0.0,0.0,1.0,0.0,0.0,129,255,1.0,0.0,0.03,0.0,0.0,0.0,0,31863.0
11,9,44,82,0,0,178,0.0,0.0,1.0,0.0,0.0,255,197,0.77,0.01,0.0,0.0,0.0,0.0,0,61209.0
19,9,7321,0,0,1,1,0.0,0.0,1.0,0.0,0.0,213,77,0.32,0.02,0.03,0.0,0.0,0.0,0,48829.0
40,9,1,0,0,0,8,0.0,0.0,1.0,0.0,0.0,255,8,0.03,0.2,0.0,0.0,0.0,0.0,1,23075.0
22,9,347,314,0,1,6,0.0,0.0,1.0,0.0,0.29,171,255,1.0,0.0,0.02,0.0,0.0,0.0,0,30664.0
22,9,254,390,0,1,13,0.0,0.0,1.0,0.0,0.14,176,255,1.0,0.0,0.01,0.0,0.0,0.0,0,773.0
44,9,1,0,0,0,2,0.0,0.0,1.0,0.0,0.0,255,2,0.01,0.73,0.0,0.03,0.0,0.0,1,530.0
22,9,54540,8314,0,1,4,0.0,0.0,1.0,0.0,0.0,255,255,1.0,0.0,0.0,0.0,0.0,0.04,1,102081.0
22,9,300,2239,0,1,3,0.0,0.0,1.0,0.0,0.43,255,250,0.98,0.01,0.0,0.0,0.0,0.0,0,8196.0
22,9,229,273,0,1,2,0.0,0.0,1.0,0.0,0.0,102,255,1.0,0.0,0.07,0.0,0.0,0.0,0,110026.0
22,9,251,977,0,1,19,0.0,0.0,1.0,0.0,0.07,255,255,1.0,0.0,0.0,0.0,0.0,0.0,0,53077.0
40,9,147,105,0,0,1,0.0,0.0,1.0,0.0,0.0,255,2,0.01,0.75,0.0,0.0,0.0,0.0,0,46819.0
54,5,0,0,0,0,251,1.0,1.0,0.08,0.05,0.0,255,21,0.08,0.05,0.0,1.0,1.0,0.0,1,99985.0
22,1,0,0,0,0,1,0.0,0.0,1.0,0.0,0.0,4,49,1.0,0.0,0.14,0.0,0.0,0.65,0,30226.0
55,9,2336,4201,0,1,2,0.0,0.0,0.5,1.0,0.0,7,7,1.0,0.0,0.0,0.0,0.0,0.14,1,69476.0
22,9,224,4352,0,1,2,0.0,0.0,1.0,0.0,0.0,164,255,1.0,0.0,0.02,0.0,0.0,0.0,0,91973.0
55,6,90,2832,0,1,1,1.0,1.0,1.0,0.0,0.0,140,26,0.19,0.51,0.0,0.07,0.38,0.04,0,119033.0
53,5,0,0,0,0,265,1.0,1.0,0.03,0.05,0.0,255,8,0.03,0.05,0.0,1.0,1.0,0.0,1,6101.0
22,9,222,10993,0,1,21,0.0,0.0,1.0,0.0,0.0,45,255,1.0,0.0,0.03,0.0,0.0,0.0,0,89804.0
22,1,0,0,0,0,1,0.0,0.0,1.0,0.0,0.0,33,255,1.0,0.0,0.07,0.0,0.0,0.91,0,7997.0
54,5,0,0,0,0,254,1.0,1.0,0.07,0.06,0.0,255,20,0.08,0.07,0.0,1.0,1.0,0.0,1,3655.0
22,9,284,4834,0,1,1,0.0,0.0,1.0,0.0,0.0,3,6,1.0,0.0,0.33,0.0,0.0,0.0,0,32479.0
44,9,1,0,0,0,10,0.0,0.0,0.3,0.2,0.0,255,31,0.12,0.56,0.0,0.16,0.0,0.0,1,76356.0
40,4,1,0,0,0,2,0.0,0.0,1.0,0.0,0.0,255,2,0.01,0.68,0.0,0.0,0.0,1.0,1,95041.0
59,5,0,0,0,0,131,1.0,1.0,0.14,0.05,0.0,255,18,0.07,0.04,0.0,1.0,1.0,0.0,1,115866.0
40,4,1,0,0,0,2,0.0,0.0,1.0,0.0,0.0,255,2,0.01,0.74,0.0,0.0,0.0,1.0,1,89147.0
44,1,0,0,0,0,511,0.08,0.0,0.0,1.0,0.0,255,1,0.0,1.0,0.0,0.09,0.0,1.0,1,117684.0
11,9,43,134,0,0,157,0.0,0.0,1.0,0.0,0.01,255,255,1.0,0.0,0.0,0.0,0.0,0.0,0,89122.0
22,9,312,527,0,1,7,0.0,0.0,1.0,0.0,0.0,255,255,1.0,0.0,0.0,0.0,0.0,0.0,0,33022.0
44,9,28,0,1,0,1,0.0,0.0,1.0,0.0,0.0,255,1,0.0,0.02,0.0,0.0,0.0,0.0,0,103309.0
13,9,18,0,0,0,1,0.0,0.0,1.0,0.0,0.0,1,199,1.0,0.0,1.0,0.0,0.0,0.0,1,4282.0
25,1,0,0,0,0,240,0.0,0.0,0.04,0.07,0.0,255,9,0.04,0.07,0.0,0.0,0.0,1.0,1,2240.0
49,9,1822,375,0,1,1,0.0,0.0,1.0,0.0,1.0,193,122,0.63,0.02,0.0,0.0,0.0,0.0,0,68163.0
22,1,0,0,0,0,1,0.0,0.0,1.0,0.0,0.67,2,255,1.0,0.0,0.11,0.0,0.0,1.0,0,82937.0
54,5,0,0,0,0,280,1.0,1.0,0.07,0.06,0.0,255,17,0.07,0.07,0.0,1.0,1.0,0.0,1,115066.0
22,9,303,2507,0,1,2,0.0,0.0,1.0,0.0,0.0,255,246,0.96,0.01,0.0,0.0,0.0,0.02,0,92805.0
26,5,0,0,0,0,126,1.0,1.0,0.02,0.07,0.0,255,3,0.01,0.06,0.0,1.0,1.0,0.0,1,34523.0
22,9,311,24017,0,1,6,0.0,0.0,1.0,0.0,0.0,6,255,1.0,0.0,0.08,0.0,0.0,0.0,0,119333.0
25,5,0,0,0,0,259,1.0,1.0,0.07,0.06,0.0,255,20,0.08,0.06,0.0,1.0,1.0,0.0,1,72578.0
44,9,105,145,0,0,4,0.0,0.0,0.25,0.5,0.0,255,246,0.96,0.01,0.0,0.0,0.0,0.0,0,43410.0
54,5,0,0,0,0,154,1.0,1.0,0.08,0.06,0.0,255,12,0.05,0.07,0.0,1.0,1.0,0.0,1,8263.0
61,5,0,0,0,0,298,1.0,1.0,0.07,0.05,0.0,255,20,0.08,0.07,0.0,1.0,1.0,0.0,1,61870.0
55,9,65,911,0,1,1,0.0,0.0,1.0,0.0,0.0,42,6,0.14,0.1,0.0,0.02,0.17,0.0,0,85317.0
22,9,158,8549,0,1,1,0.0,0.0,1.0,0.0,0.0,1,255,1.0,0.0,0.01,0.0,0.0,0.0,0,123394.0
22,9,201,2245,0,1,3,0.0,0.0,1.0,0.0,0.0,25,255,1.0,0.0,0.04,0.04,0.0,0.0,0,69189.0
13,9,8,0,0,0,1,0.0,0.0,1.0,0.0,1.0,1,85,1.0,0.0,0.51,0.0,0.0,0.0,1,125440.0
3,9,14,39,0,1,1,0.0,0.95,1.0,0.0,0.1,2,3,0.5,1.0,0.67,0.0,0.0,0.0,0,112852.0
22,9,199,19271,0,1,19,0.0,0.0,1.0,0.0,0.0,47,255,1.0,0.0,0.07,0.0,0.0,0.0,0,2289.0
49,9,1851,331,0,1,1,0.0,0.0,1.0,0.0,1.0,255,155,0.61,0.01,0.0,0.0,0.0,0.0,0,74693.0
2,1,0,0,0,0,201,0.0,0.0,0.01,0.07,0.0,255,2,0.01,0.07,0.0,0.0,0.0,1.0,1,45958.0
22,9,290,246,0,1,33,0.0,0.0,1.0,0.0,0.06,69,255,1.0,0.0,0.04,0.0,0.0,0.0,0,41548.0
22,9,160,2444,0,1,4,0.0,0.0,1.0,0.0,0.0,24,255,1.0,0.0,0.05,0.0,0.0,0.0,0,78380.0
12,5,0,0,0,0,300,1.0,1.0,0.07,0.06,0.0,255,20,0.08,0.08,0.0,1.0,1.0,0.0,1,63650.0
22,9,201,1800,0,1,11,0.0,0.0,1.0,0.0,0.0,255,255,1.0,0.0,0.0,0.0,0.0,0.0,0,37529.0
11,9,44,126,0,0,56,0.0,0.0,1.0,0.0,0.01,255,254,1.0,0.01,0.0,0.0,0.0,0.0,0,42315.0
19,9,965,0,0,1,9,0.0,0.0,1.0,0.0,0.2,39,94,0.74,0.08,0.02,0.0,0.0,0.0,0,39700.0
22,1,0,0,0,0,1,0.0,0.0,1.0,0.0,0.0,6,109,1.0,0.0,0.24,0.0,0.0,1.0,0,90791.0
22,9,208,776,0,1,1,0.0,0.0,1.0,0.0,0.0,255,239,0.94,0.01,0.0,0.0,0.0,0.0,0,19090.0
19,5,0,0,0,0,80,1.0,1.0,0.25,0.05,0.0,255,67,0.26,0.02,0.0,1.0,1.0,0.0,1,26127.0
22,9,201,353,0,1,9,0.0,0.0,1.0,0.0,0.08,105,255,1.0,0.0,0.02,0.0,0.0,0.0,0,121506.0
22,9,185,11293,0,1,20,0.0,0.0,1.0,0.0,0.09,20,255,1.0,0.0,0.05,0.0,0.0,0.0,0,100170.0
44,5,0,0,0,0,234,1.0,1.0,0.02,0.07,0.0,255,16,0.06,0.09,0.0,1.0,1.0,0.0,1,52496.0
25,5,0,0,0,0,295,1.0,1.0,0.04,0.05,0.0,255,12,0.05,0.07,0.0,1.0,1.0,0.0,1,13444.0
19,9,5891,0,0,1,17,0.0,0.0,1.0,0.0,0.06,216,106,0.39,0.04,0.02,0.0,0.0,0.0,0,15952.0
44,1,0,0,0,0,127,0.0,0.0,0.16,0.07,0.0,152,20,0.13,0.07,0.0,0.0,0.0,1.0,1,51456.0
44,4,0,0,0,0,1,0.0,0.0,1.0,0.0,0.0,255,1,0.0,0.55,0.0,0.0,0.0,1.0,1,41901.0
22,9,208,313,0,1,41,0.0,0.0,1.0,0.0,0.0,255,255,1.0,0.0,0.0,0.0,0.0,0.05,0,65064.0
22,9,190,8654,0,1,4,0.0,0.0,1.0,0.0,0.0,74,255,1.0,0.0,0.05,0.01,0.0,0.0,0,664.0
44,5,0,0,0,0,140,1.0,1.0,0.04,0.07,0.0,255,6,0.02,0.07,0.0,1.0,1.0,0.0,1,3200.0
19,9,3690,0,0,1,3,0.0,0.0,1.0,0.0,0.0,67,95,0.55,0.04,0.02,0.0,0.0,0.0,0,75512.0
22,9,211,2625,0,1,4,0.0,0.0,1.0,0.0,0.0,50,255,1.0,0.0,0.07,0.0,0.0,0.0,0,79876.0
15,5,0,0,0,0,137,1.0,1.0,0.03,0.06,0.0,255,4,0.02,0.06,0.0,1.0,1.0,0.0,1,50705.0
22,9,358,899,0,1,6,0.0,0.0,1.0,0.0,0.0,43,255,1.0,0.0,0.01,0.0,0.0,0.0,0,123593.0
22,9,317,2536,0,1,21,0.0,0.0,1.0,0.0,0.14,255,255,1.0,0.0,0.0,0.0,0.0,0.0,0,59328.0
44,5,0,0,0,0,134,1.0,1.0,0.07,0.07,0.0,255,10,0.04,0.07,0.0,1.0,1.0,0.0,1,36829.0
11,9,43,76,0,0,156,0.0,0.0,1.0,0.0,0.0,255,249,0.98,0.01,0.0,0.0,0.0,0.0,0,5672.0
44,4,0,0,0,0,0,0.0,0.0,0.0,0.0,0.0,243,1,0.0,0.6,0.0,0.0,0.0,1.0,1,117689.0
22,1,0,0,0,0,1,0.0,0.0,1.0,0.0,1.0,2,255,1.0,0.0,0.09,0.0,0.0,0.87,0,24640.0
49,9,12385,1393,0,1,1,0.0,0.0,1.0,0.0,0.0,228,111,0.49,0.01,0.0,0.0,0.0,0.0,0,75127.0
11,9,73,45,0,0,129,0.0,0.0,1.0,0.0,0.0,255,166,0.65,0.01,0.0,0.0,0.0,0.0,0,113299.0
22,9,251,1939,0,1,1,0.0,0.0,1.0,0.0,0.0,255,237,0.93,0.01,0.0,0.0,0.0,0.0,0,56683.0
22,9,285,18555,0,1,8,0.0,0.0,1.0,0.0,0.0,123,255,1.0,0.0,0.03,0.0,0.0,0.0,0,3451.0
11,9,43,43,0,0,106,0.0,0.0,1.0,0.0,0.03,226,161,0.71,0.02,0.0,0.0,0.0,0.0,0,67066.0
40,9,147,105,0,0,4,0.0,0.0,0.5,0.5,0.0,255,2,0.01,0.59,0.0,0.0,0.0,0.0,0,89767.0
22,9,222,1259,0,1,15,0.0,0.0,1.0,0.0,0.0,41,255,1.0,0.0,0.05,0.0,0.0,0.0,0,98672.0
40,1,0,0,0,0,369,0.06,0.0,0.0,1.0,0.0,255,1,0.0,1.0,0.0,0.08,0.0,1.0,1,92016.0
44,5,0,0,0,0,146,1.0,1.0,0.12,0.05,0.0,255,10,0.04,0.07,0.0,1.0,1.0,0.0,1,18627.0
9,5,0,0,0,0,282,1.0,1.0,0.04,0.06,0.0,255,13,0.05,0.07,0.0,1.0,1.0,0.0,1,82376.0
49,9,1439,329,0,1,1,0.0,0.0,1.0,0.0,0.0,42,245,0.93,0.05,0.01,0.0,0.0,0.0,0,80767.0
44,5,0,0,0,0,209,1.0,1.0,0.05,0.07,0.0,255,11,0.04,0.07,0.0,1.0,1.0,0.0,1,3537.0
22,9,209,2430,0,1,7,0.0,0.0,1.0,0.0,0.0,7,255,1.0,0.0,0.01,0.0,0.0,0.0,0,112429.0
48,5,0,0,0,0,128,1.0,1.0,0.09,0.05,0.0,255,12,0.05,0.05,0.0,1.0,1.0,0.0,1,14742.0
11,9,46,100,0,0,164,0.0,0.0,1.0,0.0,0.01,255,228,0.89,0.01,0.0,0.0,0.0,0.0,0,68384.0
22,9,256,695,0,1,6,0.0,0.0,1.0,0.0,0.0,255,255,1.0,0.0,0.0,0.0,0.0,0.0,0,109392.0
28,5,0,0,0,0,97,1.0,1.0,0.1,0.06,0.0,255,11,0.04,0.07,0.0,1.0,1.0,0.0,1,65308.0
3,9,9,36,0,1,1,0.0,0.0,1.0,0.0,0.0,235,7,0.03,0.03,0.0,0.0,0.0,0.0,0,46371.0
10,1,0,0,0,0,240,0.0,0.0,0.04,0.06,0.0,255,10,0.04,0.06,0.0,0.0,0.0,1.0,1,105735.0
59,5,0,0,0,0,102,1.0,1.0,0.02,0.07,0.0,255,2,0.01,0.08,0.0,1.0,1.0,0.0,1,70045.0
49,9,1000,333,0,1,1,0.0,0.0,1.0,0.0,1.0,215,162,0.69,0.02,0.01,0.0,0.0,0.0,0,9991.0
5,5,0,0,0,0,140,1.0,1.0,0.18,0.04,0.0,255,25,0.1,0.05,0.0,1.0,1.0,0.0,1,114839.0
22,9,222,2195,0,1,10,0.0,0.0,1.0,0.0,0.15,255,255,1.0,0.0,0.0,0.0,0.0,0.0,0,47260.0
22,9,208,5604,0,1,2,0.0,0.0,1.0,0.0,0.0,67,255,1.0,0.0,0.05,0.0,0.0,0.0,0,1629.0
49,9,2029,336,0,1,1,0.0,0.0,1.0,0.0,1.0,170,139,0.63,0.02,0.01,0.01,0.01,0.0,0,41372.0
62,5,0,0,0,0,235,1.0,1.0,0.08,0.05,0.0,255,18,0.07,0.06,0.0,1.0,1.0,0.0,1,90264.0
44,1,0,0,0,0,126,0.01,0.0,0.01,1.0,0.0,255,1,0.0,0.51,0.0,0.0,0.0,1.0,1,7372.0
44,9,207,0,0,0,2,0.0,0.0,1.0,0.0,0.0,174,150,0.86,0.01,0.0,0.0,0.0,0.0,1,67307.0
44,5,0,0,0,0,180,1.0,1.0,0.06,0.07,0.0,255,11,0.04,0.07,0.0,1.0,1.0,0.0,1,100018.0
5,5,0,0,0,0,103,1.0,1.0,0.03,0.07,0.0,255,3,0.01,0.09,0.0,1.0,1.0,0.0,1,24080.0
44,1,0,0,0,0,449,0.05,0.0,0.0,1.0,0.0,255,1,0.0,1.0,0.0,0.08,0.0,1.0,1,79799.0
22,9,232,1211,0,1,1,0.0,0.0,1.0,0.0,0.0,1,255,1.0,0.0,0.05,0.0,0.0,0.0,0,53050.0
22,9,233,33730,0,1,1,0.0,0.0,1.0,0.0,1.0,255,255,1.0,0.0,0.0,0.0,0.0,0.0,0,93196.0
22,9,309,3222,0,1,2,0.0,0.0,1.0,0.0,0.0,255,250,0.98,0.01,0.0,0.0,0.0,0.0,0,22141.0
22,9,242,575,0,1,3,0.0,0.0,1.0,0.0,0.36,255,255,1.0,0.0,0.0,0.0,0.0,0.0,0,104706.0
44,9,28,0,3,0,45,0.0,0.0,0.98,0.04,0.0,255,44,0.17,0.02,0.0,0.0,0.0,0.0,1,105451.0
13,9,18,0,0,0,1,0.0,0.0,1.0,0.0,0.0,1,88,1.0,0.0,1.0,0.0,0.0,0.0,1,106293.0
22,9,284,5048,0,1,1,0.0,0.0,1.0,0.0,0.0,1,255,1.0,0.0,0.05,0.0,0.0,0.0,0,90577.0
40,9,516,4,0,0,472,0.0,0.0,1.0,0.0,0.0,255,255,1.0,0.0,0.0,0.0,0.0,0.0,0,66807.0
60,5,0,0,0,0,269,1.0,1.0,0.03,0.06,0.0,255,12,0.05,0.07,0.0,1.0,1.0,0.0,1,111719.0
44,5,0,0,0,0,68,1.0,1.0,0.22,0.09,0.0,255,24,0.09,0.07,0.0,1.0,1.0,0.0,1,90707.0
22,9,281,764,0,1,1,0.0,0.0,1.0,0.0,0.25,108,255,1.0,0.0,0.02,0.0,0.0,0.0,0,102147.0
22,9,232,332,0,1,6,0.0,0.0,1.0,0.0,0.36,255,255,1.0,0.0,0.0,0.0,0.0,0.0,0,16919.0
40,9,147,0,0,0,1,0.0,0.0,1.0,0.0,0.0,255,1,0.0,0.67,0.0,0.0,0.0,0.0,0,37344.0
19,9,7045,0,0,1,2,0.0,0.0,1.0,0.0,0.0,2,14,1.0,0.0,0.29,0.0,0.0,0.0,1,43062.0
19,5,0,0,0,0,37,1.0,1.0,0.49,0.05,0.0,237,58,0.24,0.02,0.0,1.0,1.0,0.0,1,62986.0
44,5,0,0,0,0,204,1.0,1.0,0.07,0.06,0.0,255,18,0.07,0.07,0.0,1.0,1.0,0.0,1,124679.0
22,9,340,255,0,1,9,0.0,0.0,1.0,0.0,0.0,255,255,1.0,0.0,0.0,0.0,0.0,0.0,0,65346.0
22,9,213,281,0,1,3,0.33,0.17,1.0,0.0,0.5,3,255,1.0,0.0,0.01,0.33,0.01,0.0,0,49522.0
22,9,305,646,0,1,28,0.0,0.0,1.0,0.0,0.0,188,255,1.0,0.0,0.01,0.0,0.0,0.0,0,95768.0
44,5,0,0,0,0,122,0.99,1.0,0.09,0.07,0.0,255,11,0.04,0.07,0.0,1.0,1.0,0.0,1,111582.0
40,1,0,0,0,0,509,0.16,0.0,0.0,1.0,0.0,255,1,0.0,1.0,0.0,0.07,0.0,1.0,1,112312.0
22,9,173,8615,0,1,1,0.0,0.0,1.0,0.0,0.0,255,255,1.0,0.0,0.0,0.0,0.0,0.0,0,69451.0
44,1,0,0,0,0,1,0.0,0.0,1.0,0.0,0.0,19,2,0.05,1.0,1.0,0.0,0.0,1.0,1,68156.0
5,5,0,0,0,0,23,1.0,1.0,0.35,0.13,0.0,255,8,0.03,0.07,0.0,1.0,1.0,0.0,1,71708.0
19,9,748,0,0,1,1,0.0,0.0,1.0,0.0,0.0,255,12,0.05,0.02,0.0,0.0,0.0,0.0,0,57998.0
44,1,0,0,0,0,59,0.0,0.0,0.02,0.54,0.0,229,1,0.0,0.14,0.0,0.01,0.0,1.0,1,113280.0
13,9,64,0,0,0,4,0.0,0.0,1.0,0.0,0.0,184,4,0.02,0.04,0.0,0.0,0.0,0.0,0,20640.0
53,5,0,0,0,0,7,1.0,1.0,0.29,0.57,0.0,255,3,0.01,0.09,0.0,1.0,1.0,0.0,1,32725.0
18,2,0,0,0,0,248,0.0,0.0,0.02,0.07,0.0,255,6,0.02,0.08,0.0,0.0,0.0,1.0,1,70083.0
19,5,0,0,0,0,68,1.0,1.0,0.16,0.06,0.0,255,31,0.12,0.06,0.0,1.0,1.0,0.0,1,102853.0
22,5,0,0,0,0,2,0.5,0.05,1.0,0.0,0.14,2,255,1.0,0.0,0.05,0.5,0.01,0.0,0,36684.0
3,5,0,0,0,0,297,1.0,1.0,0.06,0.06,0.0,255,13,0.05,0.06,0.0,1.0,1.0,0.0,1,82259.0
11,9,43,121,0,0,81,0.0,0.0,1.0,0.0,0.0,255,254,1.0,0.01,0.0,0.0,0.0,0.0,0,103676.0
49,9,979,340,0,1,1,0.0,0.0,1.0,0.0,1.0,202,140,0.54,0.02,0.01,0.0,0.0,0.0,0,12166.0
22,9,221,917,0,1,16,0.0,0.0,1.0,0.0,0.0,255,255,1.0,0.0,0.0,0.0,0.0,0.0,0,40404.0
11,9,44,127,0,0,77,0.0,0.0,1.0,0.0,0.01,255,254,1.0,0.01,0.0,0.0,0.0,0.0,0,85566.0
22,9,235,7522,0,1,3,0.0,0.0,1.0,0.0,0.33,3,255,1.0,0.0,0.05,0.0,0.0,0.0,0,4141.0
11,9,46,46,0,0,18,0.0,0.0,1.0,0.0,0.07,255,255,1.0,0.0,0.0,0.0,0.0,0.0,0,72651.0
49,9,1495,330,0,1,1,0.0,0.0,1.0,0.0,1.0,255,141,0.55,0.03,0.0,0.0,0.0,0.0,0,97463.0
44,5,0,0,0,0,106,1.0,1.0,0.06,0.06,0.0,221,15,0.07,0.08,0.0,1.0,1.0,0.0,1,125212.0
11,9,45,70,0,0,312,0.0,0.0,1.0,0.0,0.0,255,254,1.0,0.01,0.0,0.0,0.0,0.0,0,121864.0
11,9,44,44,0,0,13,0.0,0.0,1.0,0.0,0.19,255,255,1.0,0.0,0.0,0.0,0.0,0.0,0,6057.0
49,9,1874,401,0,1,1,0.0,0.0,1.0,0.0,0.0,76,241,0.97,0.03,0.01,0.0,0.0,0.0,0,49184.0
44,9,105,145,0,0,7,0.0,0.0,0.14,0.29,0.0,255,222,0.87,0.01,0.0,0.0,0.0,0.0,0,107013.0
22,9,211,392,0,1,13,0.0,0.0,1.0,0.0,0.14,255,255,1.0,0.0,0.0,0.0,0.0,0.0,0,59829.0
17,9,6,273,0,0,1,0.0,0.0,1.0,0.0,0.0,112,9,0.04,0.04,0.22,0.0,0.0,0.0,0,84422.0
49,9,1116,331,0,1,1,0.0,0.0,1.0,0.0,0.0,99,61,0.62,0.03,0.0,0.0,0.0,0.0,0,93970.0
49,9,1098,411,0,1,1,0.0,0.0,1.0,0.0,1.0,157,135,0.41,0.03,0.01,0.0,0.0,0.0,0,56238.0
12,5,0,0,0,0,228,1.0,1.0,0.01,0.07,0.0,255,2,0.01,0.07,0.0,1.0,1.0,0.0,1,35439.0
18,5,0,0,0,0,43,1.0,1.0,0.05,0.14,0.0,255,2,0.01,0.09,0.0,1.0,1.0,0.0,1,58983.0
44,5,0,0,0,0,113,1.0,1.0,0.11,0.08,0.0,255,12,0.05,0.06,0.0,1.0,1.0,0.0,1,16138.0
17,5,0,0,0,0,32,1.0,1.0,0.5,0.06,0.0,192,58,0.29,0.02,0.03,1.0,0.97,0.0,1,94421.0
60,5,0,0,0,0,236,1.0,1.0,0.07,0.06,0.0,255,16,0.06,0.06,0.0,1.0,1.0,0.0,1,117240.0
11,9,44,91,0,0,157,0.0,0.0,1.0,0.0,0.0,255,225,0.88,0.01,0.0,0.0,0.0,0.0,0,24918.0
22,5,0,0,0,0,19,1.0,1.0,0.42,0.21,0.0,255,65,0.25,0.02,0.0,1.0,1.0,0.0,1,91509.0
19,9,1699,0,0,1,9,0.0,0.0,1.0,0.0,0.0,29,115,0.52,0.14,0.03,0.0,0.0,0.0,0,73774.0
39,9,48,48,0,0,1,0.0,0.0,1.0,0.0,0.0,35,10,0.29,0.06,0.0,0.0,0.0,0.0,0,69521.0
49,9,1033,334,0,1,1,0.0,0.0,1.0,0.0,1.0,198,116,0.59,0.03,0.0,0.0,0.0,0.0,0,116132.0
44,5,0,0,0,0,192,1.0,1.0,0.07,0.06,0.0,255,9,0.04,0.07,0.0,1.0,1.0,0.0,1,14056.0
22,9,226,28076,0,1,10,0.0,0.0,1.0,0.0,0.17,109,255,1.0,0.0,0.02,0.01,0.0,0.0,0,49032.0
22,9,240,438,0,1,9,0.0,0.0,1.0,0.0,0.0,255,255,1.0,0.0,0.0,0.0,0.0,0.0,0,87867.0
13,9,30,0,0,0,2,0.0,0.0,0.5,1.0,0.0,255,31,0.12,0.01,0.0,0.0,0.0,0.0,0,38194.0
49,9,674,327,0,1,1,0.0,0.0,1.0,0.0,1.0,2,137,1.0,0.0,0.01,0.0,0.0,0.0,0,30777.0
22,9,278,365,0,1,3,0.0,0.0,1.0,0.0,0.0,255,255,1.0,0.0,0.0,0.0,0.0,0.0,0,64748.0
44,5,0,0,0,0,134,1.0,1.0,0.06,0.06,0.0,255,8,0.03,0.06,0.0,1.0,1.0,0.0,1,120832.0
29,5,0,0,0,0,276,1.0,1.0,0.03,0.06,0.0,255,8,0.03,0.07,0.0,1.0,1.0,0.0,1,113124.0
49,9,11425,1372,0,1,1,0.0,0.0,1.0,0.0,0.0,47,171,0.57,0.04,0.01,0.0,0.0,0.0,0,95000.0
19,9,9311,0,0,1,9,0.0,0.0,1.0,0.0,0.0,111,89,0.47,0.04,0.02,0.01,0.01,0.0,0,96987.0
44,1,0,0,0,0,136,0.0,0.0,0.06,0.06,0.0,211,8,0.04,0.06,0.0,0.0,0.0,1.0,1,61847.0
44,5,0,0,0,0,90,1.0,1.0,0.22,0.06,0.0,255,3,0.01,0.07,0.0,1.0,1.0,0.0,1,64544.0
18,9,323,1054,0,1,1,0.0,0.0,1.0,0.0,0.0,7,3,0.43,0.29,0.0,0.0,0.0,0.0,0,109450.0
44,5,0,0,0,0,247,1.0,1.0,0.0,0.04,0.0,255,1,0.0,0.05,0.0,1.0,1.0,0.0,1,14564.0
11,9,45,45,0,0,155,0.0,0.0,1.0,0.0,0.01,255,229,0.9,0.01,0.0,0.0,0.0,0.0,0,113891.0
19,9,7422,0,0,1,11,0.0,0.0,1.0,0.0,0.0,201,62,0.2,0.03,0.03,0.0,0.0,0.0,0,54938.0
11,9,46,74,0,0,193,0.0,0.0,1.0,0.0,0.0,255,206,0.81,0.01,0.0,0.0,0.0,0.0,0,88092.0
44,5,0,0,0,0,79,1.0,1.0,0.23,0.06,0.0,255,1,0.0,0.07,0.0,1.0,1.0,0.0,1,85722.0
40,9,516,4,0,0,281,0.0,0.0,1.0,0.0,0.0,255,255,1.0,0.0,0.0,0.0,0.0,0.0,0,46176.0
33,5,0,0,0,0,241,1.0,1.0,0.01,0.07,0.0,255,2,0.01,0.07,0.0,1.0,1.0,0.0,1,53774.0
44,1,0,0,0,0,100,0.07,0.0,0.01,1.0,0.0,255,1,0.0,0.66,0.0,0.03,0.0,1.0,1,83905.0
44,9,1,0,0,0,68,0.0,0.0,0.32,0.07,0.0,255,45,0.18,0.22,0.0,0.0,0.0,0.0,1,81028.0
44,1,0,0,0,0,509,0.04,0.0,0.0,1.0,0.0,255,1,0.0,1.0,0.0,0.04,0.0,1.0,1,4832.0
11,9,30,0,0,0,1,0.0,0.0,1.0,0.0,1.0,25,28,0.2,0.12,0.07,0.0,0.0,0.0,0,74139.0
49,9,895,328,0,1,1,0.0,0.0,1.0,0.0,0.0,171,119,0.7,0.02,0.0,0.0,0.0,0.0,0,17080.0
22,9,332,1394,0,1,23,0.0,0.0,1.0,0.0,0.0,141,255,1.0,0.0,0.02,0.01,0.0,0.0,0,1463.0
22,1,0,0,0,0,1,0.0,0.0,1.0,0.0,0.0,78,78,1.0,0.0,0.0,0.0,0.0,1.0,0,60114.0
44,4,1,0,0,0,2,0.0,0.0,1.0,0.0,0.0,255,2,0.01,0.5,0.0,0.0,0.0,1.0,1,1996.0
22,1,0,0,0,0,1,0.0,0.0,1.0,0.0,0.0,26,255,1.0,0.0,0.1,0.0,0.0,1.0,0,36609.0
39,9,48,48,0,0,1,0.0,0.0,1.0,0.0,0.0,115,58,0.5,0.03,0.0,0.0,0.0,0.0,0,58473.0
49,9,1616,501,0,1,1,0.0,0.0,1.0,0.0,0.0,255,32,0.13,0.06,0.0,0.65,0.0,0.0,0,8363.0
53,1,0,0,0,0,245,0.0,0.0,0.0,0.07,0.0,255,1,0.0,0.08,0.0,0.0,0.0,1.0,1,51300.0
22,9,321,1554,0,1,9,0.0,0.0,1.0,0.0,0.2,196,255,1.0,0.0,0.02,0.0,0.0,0.0,0,75980.0
28,5,0,0,0,0,38,1.0,1.0,0.08,0.16,0.0,255,3,0.01,0.09,0.0,1.0,1.0,0.0,1,28619.0
22,9,278,345,0,1,1,0.0,0.0,1.0,0.0,0.0,74,255,1.0,0.0,0.01,0.0,0.0,0.0,0,33448.0
21,1,0,0,0,0,158,0.0,0.0,0.09,0.08,0.0,255,14,0.05,0.07,0.0,0.0,0.0,1.0,1,96777.0
22,9,171,2469,0,1,3,0.0,0.0,1.0,0.0,0.0,3,255,1.0,0.0,0.11,0.0,0.0,0.0,0,63710.0
13,9,8,0,0,0,1,0.0,0.0,1.0,0.0,1.0,2,158,1.0,0.0,0.5,0.0,0.0,0.0,1,72216.0
44,1,0,0,0,0,4,0.0,0.0,0.25,1.0,0.0,255,1,0.0,0.05,0.0,0.0,0.0,1.0,1,91893.0
18,9,1264,2451,0,1,1,0.0,0.0,1.0,0.0,0.0,255,97,0.38,0.02,0.0,0.0,0.0,0.0,1,70023.0
55,9,127,2113,0,1,1,0.0,0.0,1.0,0.0,0.0,109,53,0.49,0.04,0.0,0.02,0.04,0.92,0,80241.0
49,9,1763,370,0,1,1,0.0,0.0,1.0,0.0,0.0,209,177,0.71,0.02,0.01,0.0,0.0,0.06,0,42256.0
44,4,0,0,0,0,1,0.0,0.0,1.0,0.0,0.0,184,1,0.01,0.47,0.0,0.0,0.0,1.0,1,91107.0
13,9,8,0,0,0,1,0.0,0.0,1.0,0.0,0.0,2,118,1.0,0.0,0.25,0.0,0.0,0.0,1,19131.0
20,5,0,0,0,0,175,1.0,1.0,0.1,0.06,0.0,255,18,0.07,0.06,0.0,1.0,1.0,0.0,1,57467.0
22,9,233,7571,0,1,16,0.0,0.0,1.0,0.0,0.11,17,255,1.0,0.0,0.06,0.0,0.0,0.01,0,100886.0
19,9,246,0,0,1,1,0.0,0.0,1.0,0.0,0.0,1,26,1.0,0.0,0.19,0.0,0.0,0.0,1,73899.0
44,9,100,0,0,0,2,0.0,0.0,1.0,0.0,0.0,228,38,0.17,0.01,0.0,0.0,0.0,0.0,1,54415.0
22,9,300,1217,0,1,22,0.0,0.0,1.0,0.0,0.12,255,255,1.0,0.0,0.0,0.0,0.0,0.0,0,26869.0
49,9,988,326,0,1,1,0.0,0.0,1.0,0.0,1.0,255,143,0.56,0.06,0.0,0.02,0.02,0.0,0,103980.0
37,5,0,0,0,0,104,1.0,1.0,0.11,0.06,0.0,255,10,0.04,0.05,0.0,1.0,1.0,0.0,1,117243.0
48,2,358678,252,0,1,2,0.0,0.0,0.5,1.0,1.0,3,1,0.33,1.0,0.0,0.0,0.0,1.0,0,53128.0
22,1,0,0,0,0,1,0.0,0.0,1.0,0.0,0.0,10,250,1.0,0.0,0.29,0.0,0.0,1.0,0,18875.0
13,9,8,0,0,0,1,0.0,0.0,1.0,0.0,1.0,2,255,1.0,0.0,0.25,0.0,0.0,0.0,1,51495.0
49,9,992,279,0,1,1,0.0,0.0,1.0,0.0,1.0,22,25,0.82,0.14,0.08,0.0,0.0,0.0,0,2231.0
14,9,1032,0,0,0,392,0.0,0.0,1.0,0.0,0.0,255,255,1.0,0.0,0.0,0.0,0.0,0.0,1,90859.0
14,9,1032,0,0,0,511,0.0,0.0,1.0,0.0,0.0,255,144,0.56,0.02,0.0,0.01,0.0,0.0,1,41782.0
22,9,229,639,0,1,32,0.0,0.0,1.0,0.0,0.03,32,255,1.0,0.0,0.05,0.0,0.0,0.0,0,45390.0
54,5,0,0,0,0,144,1.0,1.0,0.16,0.04,0.0,255,9,0.04,0.07,0.0,1.0,1.0,0.0,1,74198.0
22,9,322,4083,0,1,23,0.0,0.0,1.0,0.0,0.0,255,255,1.0,0.0,0.0,0.0,0.0,0.0,0,18747.0
22,9,194,15965,0,1,22,0.0,0.0,1.0,0.0,0.0,96,255,1.0,0.0,0.02,0.0,0.0,0.0,0,18870.0
13,9,30,0,0,0,2,0.0,0.0,1.0,0.0,0.0,238,238,1.0,0.0,0.0,0.0,0.0,0.0,0,70315.0
44,5,0,0,0,0,268,1.0,1.0,0.01,0.06,0.0,255,17,0.07,0.06,0.0,1.0,1.0,0.0,1,55794.0
44,1,0,0,0,0,140,0.0,0.0,0.07,0.06,0.0,65,10,0.15,0.09,0.0,0.0,0.0,1.0,1,98095.0
22,9,310,756,0,1,31,0.0,0.0,1.0,0.0,0.06,255,255,1.0,0.0,0.0,0.0,0.0,0.0,0,51775.0
44,1,0,0,0,0,112,0.0,0.0,0.18,0.06,0.0,255,30,0.12,0.05,0.0,0.0,0.0,1.0,1,58787.0
17,9,9,221,0,0,1,0.0,0.0,1.0,0.0,0.0,152,4,0.03,0.09,0.0,0.01,0.0,0.0,0,101995.0
22,5,0,0,0,0,17,1.0,1.0,0.47,0.24,0.0,255,48,0.19,0.03,0.0,1.0,1.0,0.0,1,78183.0
62,5,0,0,0,0,266,1.0,1.0,0.04,0.06,0.0,255,10,0.04,0.06,0.0,1.0,1.0,0.0,1,97325.0
22,9,227,1197,0,1,1,0.0,0.0,1.0,0.0,0.67,108,255,1.0,0.0,0.01,0.0,0.0,0.0,0,83253.0
49,9,765,331,0,1,1,0.0,0.0,1.0,0.0,0.0,158,144,0.91,0.02,0.0,0.0,0.0,0.0,0,120298.0
22,9,221,2174,0,1,10,0.0,0.0,1.0,0.0,0.0,61,255,1.0,0.0,0.03,0.0,0.0,0.0,0,1952.0
22,9,226,2977,0,1,6,0.0,0.0,1.0,0.0,0.38,6,255,1.0,0.0,0.05,0.0,0.0,0.0,0,76930.0
49,9,2522,324,0,1,1,0.0,0.0,1.0,0.0,0.0,255,151,0.59,0.02,0.0,0.0,0.0,0.0,0,113141.0
49,9,736,330,0,1,1,0.0,0.0,1.0,0.0,0.0,255,172,0.67,0.02,0.0,0.0,0.0,0.0,0,30199.0
33,5,0,0,0,0,218,1.0,1.0,0.01,0.06,0.0,255,3,0.01,0.06,0.0,1.0,1.0,0.0,1,123670.0
49,9,888,334,0,1,1,0.0,0.0,1.0,0.0,1.0,99,168,0.82,0.04,0.01,0.03,0.02,0.0,0,91477.0
22,9,325,7426,0,1,1,0.0,0.0,1.0,0.0,0.11,44,255,1.0,0.0,0.07,0.0,0.0,0.0,0,78950.0
22,9,171,6171,0,1,21,0.0,0.0,1.0,0.0,0.0,60,255,1.0,0.0,0.01,0.0,0.0,0.0,0,40977.0
44,5,0,0,0,0,109,1.0,1.0,0.07,0.07,0.0,255,14,0.05,0.07,0.0,1.0,1.0,0.0,1,29116.0
22,9,291,868,0,1,23,0.0,0.0,1.0,0.0,0.0,255,255,1.0,0.0,0.0,0.0,0.0,0.0,0,848.0
22,9,284,810,0,1,23,0.0,0.0,1.0,0.0,0.0,255,255,1.0,0.0,0.0,0.0,0.0,0.0,0,123550.0
11,9,43,75,0,0,279,0.0,0.0,1.0,0.0,0.0,255,254,1.0,0.01,0.0,0.0,0.0,0.0,0,48280.0
11,9,46,134,0,0,73,0.0,0.0,1.0,0.0,0.01,255,255,1.0,0.0,0.0,0.0,0.0,0.0,0,116899.0
22,9,260,270,0,1,2,0.0,0.0,1.0,0.0,0.67,255,246,0.96,0.01,0.0,0.0,0.0,0.0,0,103427.0
18,5,0,0,0,0,247,1.0,1.0,0.04,0.06,0.0,255,5,0.02,0.07,0.0,1.0,1.0,0.0,1,3509.0
49,9,3331,392,0,1,1,0.0,0.0,1.0,0.0,0.0,255,42,0.16,0.69,0.0,0.69,0.0,0.0,0,74601.0
49,9,1393,282,0,1,1,0.0,0.0,1.0,0.0,0.0,220,155,0.57,0.07,0.01,0.0,0.0,0.0,0,54222.0
44,5,0,0,0,0,97,1.0,1.0,0.07,0.06,0.0,255,7,0.03,0.06,0.0,1.0,1.0,0.0,1,81382.0
19,9,12,0,0,1,1,0.0,0.0,1.0,0.0,0.0,9,82,0.56,0.22,0.02,0.0,0.0,0.0,0,106047.0
22,9,303,8611,0,1,2,0.0,0.0,1.0,0.0,0.07,137,255,1.0,0.0,0.03,0.0,0.0,0.0,0,7092.0
13,9,64,0,0,0,6,0.0,0.0,1.0,0.0,0.0,186,6,0.03,0.04,0.0,0.0,0.0,0.0,0,86704.0
19,5,0,0,0,0,4,1.0,1.0,1.0,0.0,0.0,255,56,0.22,0.04,0.0,1.0,1.0,0.0,1,115492.0
22,9,217,1607,0,1,10,0.0,0.0,1.0,0.0,0.0,255,255,1.0,0.0,0.0,0.0,0.0,0.0,0,25548.0
22,9,0,2755,0,0,7,0.14,0.14,1.0,0.0,0.0,29,255,1.0,0.0,0.03,0.03,0.0,0.0,0,101593.0
60,5,0,0,0,0,299,1.0,1.0,0.07,0.06,0.0,255,20,0.08,0.06,0.0,1.0,1.0,0.0,1,19146.0
22,9,344,454,0,1,10,0.0,0.0,1.0,0.0,0.0,255,255,1.0,0.0,0.0,0.0,0.0,0.01,0,115932.0
37,1,0,0,0,0,125,0.0,0.0,0.12,0.06,0.0,255,15,0.06,0.07,0.0,0.0,0.0,1.0,1,70485.0
22,9,286,171,0,1,1,0.0,0.0,1.0,0.0,0.0,4,255,1.0,0.0,0.03,0.0,0.0,0.0,0,19662.0
22,9,206,313,0,1,12,0.0,0.0,1.0,0.0,0.0,66,255,1.0,0.0,0.04,0.0,0.0,0.37,0,105308.0
44,5,0,0,0,0,178,1.0,1.0,0.01,0.06,0.0,255,10,0.04,0.07,0.0,1.0,1.0,0.0,1,17923.0
22,9,221,3097,0,1,9,0.0,0.0,1.0,0.0,0.0,9,255,1.0,0.0,0.04,0.0,0.0,0.0,0,115381.0
22,9,252,1675,0,1,1,0.0,0.0,1.0,0.0,0.0,11,255,1.0,0.0,0.03,0.0,0.0,0.0,0,37545.0
44,5,0,0,0,0,82,1.0,1.0,0.1,0.06,0.0,255,20,0.08,0.07,0.0,1.0,1.0,0.0,1,125504.0
25,5,0,0,0,0,285,1.0,1.0,0.0,0.06,0.0,255,2,0.01,0.07,0.0,1.0,1.0,0.0,1,91084.0
58,9,181,0,0,0,6,0.0,0.0,1.0,0.0,0.0,103,12,0.12,0.03,0.0,0.0,0.0,0.0,0,120239.0
11,9,44,110,0,0,70,0.0,0.0,1.0,0.0,0.01,255,254,1.0,0.01,0.0,0.0,0.0,0.0,0,43585.0
44,1,0,0,0,0,79,0.0,0.0,0.08,0.08,0.0,255,20,0.08,0.06,0.0,0.0,0.0,1.0,1,38241.0
49,9,902,333,0,1,2,0.0,0.0,1.0,0.0,0.67,76,62,0.82,0.04,0.0,0.0,0.0,0.0,0,101077.0
34,5,0,0,0,0,21,1.0,1.0,0.52,0.14,0.0,255,11,0.04,0.07,0.0,1.0,1.0,0.0,1,30151.0
44,5,0,0,0,0,139,1.0,1.0,0.12,0.06,0.0,255,10,0.04,0.06,0.0,1.0,1.0,0.0,1,75864.0
19,9,501760,0,0,1,1,0.0,0.0,1.0,0.0,0.14,113,99,0.54,0.04,0.02,0.03,0.0,0.0,0,120146.0
22,9,337,1493,0,1,11,0.0,0.0,1.0,0.0,0.0,56,255,1.0,0.0,0.06,0.0,0.0,0.0,0,19092.0
58,9,181,0,0,0,2,0.0,0.0,0.5,1.0,0.0,255,99,0.39,0.01,0.0,0.0,0.0,0.0,0,67514.0
22,9,314,365,0,1,28,0.0,0.0,1.0,0.0,0.0,60,255,1.0,0.0,0.01,0.0,0.0,0.0,0,86051.0
22,9,321,490,0,1,12,0.0,0.0,1.0,0.0,0.0,12,255,1.0,0.0,0.03,0.0,0.0,0.0,0,74852.0
13,9,30,0,0,0,7,0.0,0.0,0.14,0.29,0.0,255,3,0.01,0.01,0.0,0.0,0.0,0.0,0,116415.0
44,5,0,0,0,0,125,1.0,1.0,0.15,0.06,0.0,255,17,0.07,0.07,0.0,1.0,1.0,0.0,1,12900.0
7,5,0,0,0,0,116,1.0,1.0,0.06,0.06,0.0,255,7,0.03,0.07,0.0,1.0,1.0,0.0,1,119694.0
19,9,194,0,0,0,2,0.0,0.0,1.0,0.0,0.0,84,88,0.33,0.05,0.02,0.0,0.0,0.0,0,115557.0
11,9,44,125,0,0,73,0.0,0.0,1.0,0.0,0.01,255,216,0.85,0.02,0.0,0.0,0.0,0.0,0,54192.0
49,9,1814,328,0,1,1,0.0,0.0,1.0,0.0,0.0,161,186,0.68,0.04,0.01,0.01,0.0,0.0,0,58593.0
58,9,182,0,0,0,2,0.0,0.0,0.5,1.0,0.0,255,12,0.05,0.01,0.0,0.0,0.0,0.0,0,16220.0
22,9,348,2280,0,1,1,0.0,0.0,1.0,0.0,0.0,255,255,1.0,0.0,0.0,0.0,0.0,0.0,0,72075.0
22,9,216,8421,0,1,35,0.0,0.0,1.0,0.0,0.0,255,255,1.0,0.0,0.0,0.0,0.0,0.0,0,76013.0
22,9,235,1341,0,1,2,0.0,0.0,1.0,0.0,0.4,255,255,1.0,0.0,0.0,0.0,0.0,0.0,0,82403.0
17,9,8,221,0,0,1,0.0,0.0,1.0,0.0,0.0,186,5,0.01,0.02,0.4,0.0,0.0,0.0,0,44579.0
44,9,105,147,0,0,1,0.0,0.0,1.0,0.0,0.0,58,53,0.91,0.03,0.0,0.0,0.0,0.0,0,54162.0
22,9,197,204,0,1,7,0.0,0.05,1.0,0.0,0.14,65,255,1.0,0.0,0.04,0.0,0.0,0.0,0,13363.0
13,9,8,0,0,0,1,0.0,0.0,1.0,0.0,1.0,3,39,1.0,0.0,0.26,0.0,0.0,0.0,1,45949.0
22,9,237,5048,0,1,1,0.0,0.0,1.0,0.0,0.0,5,203,1.0,0.0,0.06,0.0,0.0,0.0,0,75160.0
22,9,338,2896,0,1,5,0.0,0.0,1.0,0.0,0.29,36,255,1.0,0.0,0.01,0.0,0.0,0.0,0,87579.0
11,9,45,134,0,0,147,0.0,0.0,1.0,0.0,0.01,255,255,1.0,0.0,0.0,0.0,0.0,0.0,0,112448.0
22,9,290,269,0,1,11,0.0,0.0,1.0,0.0,0.17,255,255,1.0,0.0,0.0,0.0,0.0,0.0,0,96944.0
61,5,0,0,0,0,227,1.0,1.0,0.02,0.07,0.0,255,5,0.02,0.08,0.0,1.0,1.0,0.0,1,47155.0
22,7,401,0,0,1,1,1.0,0.33,1.0,0.0,1.0,35,255,1.0,0.0,0.14,0.03,0.0,0.54,0,54790.0
11,9,44,76,0,0,216,0.0,0.0,1.0,0.0,0.01,255,254,1.0,0.01,0.0,0.0,0.0,0.0,0,22927.0
36,5,0,0,0,0,286,1.0,1.0,0.07,0.06,0.0,255,1,0.0,0.06,0.0,1.0,1.0,0.0,1,48405.0
11,9,46,132,0,0,77,0.0,0.0,1.0,0.0,0.01,255,239,0.94,0.01,0.0,0.0,0.0,0.0,0,7450.0
22,9,224,1783,0,1,12,0.0,0.0,1.0,0.0,0.21,15,255,1.0,0.0,0.04,0.0,0.0,0.0,0,14796.0
14,9,1480,0,1,0,1,0.0,0.0,1.0,0.0,0.67,1,35,1.0,0.0,0.51,0.0,0.0,0.0,1,58889.0
49,9,2157,387,0,1,1,0.0,0.0,1.0,0.0,0.0,255,132,0.52,0.01,0.0,0.74,0.76,0.0,0,7908.0
22,9,275,337,0,1,1,0.0,0.0,1.0,0.0,0.0,65,255,1.0,0.0,0.05,0.0,0.01,0.0,0,118969.0
14,9,1032,0,0,0,203,0.0,0.0,1.0,0.0,0.0,255,255,1.0,0.0,0.0,0.0,0.0,0.0,1,71031.0
40,4,1,0,0,0,2,0.0,0.0,1.0,0.0,0.0,255,2,0.01,0.64,0.0,0.0,0.0,1.0,1,79521.0
44,5,0,0,0,0,214,1.0,1.0,0.02,0.06,0.0,255,17,0.07,0.09,0.0,1.0,1.0,0.0,1,84838.0
22,1,0,0,0,0,1,0.0,0.0,1.0,0.0,0.0,19,102,1.0,0.0,0.25,0.0,0.0,1.0,0,82326.0
22,9,236,1694,0,1,7,0.0,0.0,1.0,0.0,0.0,255,255,1.0,0.0,0.0,0.0,0.0,0.0,0,42921.0
22,5,0,0,0,0,33,1.0,1.0,0.39,0.09,0.0,255,64,0.25,0.02,0.0,1.0,1.0,0.0,1,94276.0
44,5,0,0,0,0,120,1.0,1.0,0.07,0.06,0.0,255,8,0.03,0.08,0.0,1.0,1.0,0.0,1,63087.0
11,9,43,69,0,0,254,0.0,0.0,1.0,0.01,0.0,255,254,1.0,0.01,0.0,0.0,0.0,0.0,0,19721.0
10,5,0,0,0,0,274,1.0,1.0,0.02,0.06,0.0,255,20,0.08,0.08,0.0,1.0,1.0,0.0,1,61000.0
11,9,44,126,0,0,186,0.0,0.0,1.0,0.0,0.01,255,253,0.99,0.01,0.0,0.0,0.0,0.0,0,96484.0
22,9,368,453,0,1,18,0.0,0.0,1.0,0.0,0.08,255,255,1.0,0.0,0.0,0.0,0.0,0.0,0,33655.0
44,1,0,0,0,0,205,0.06,0.0,0.0,1.0,0.0,255,1,0.0,0.81,0.0,0.05,0.0,1.0,1,108636.0
22,9,0,6378,0,0,3,0.33,0.33,1.0,0.0,0.0,38,255,1.0,0.0,0.05,0.0,0.0,0.0,0,100529.0
22,9,145,8017,0,1,1,0.0,0.0,1.0,0.0,0.0,9,39,1.0,0.0,0.15,0.0,0.0,0.0,0,76008.0
36,5,0,0,0,0,111,1.0,1.0,0.04,0.07,0.0,255,4,0.02,0.07,0.0,1.0,1.0,0.0,1,34488.0
11,9,42,42,0,0,8,0.0,0.0,1.0,0.0,0.17,255,250,0.98,0.01,0.0,0.0,0.0,0.0,0,53073.0
44,1,0,0,0,0,109,0.0,0.0,0.02,0.06,0.0,255,2,0.01,0.05,0.0,0.0,0.0,1.0,1,73878.0
22,9,346,1247,0,1,11,0.0,0.0,1.0,0.0,0.0,255,255,1.0,0.0,0.0,0.0,0.0,0.0,0,88867.0
22,9,314,694,0,1,8,0.0,0.0,1.0,0.0,0.2,8,255,1.0,0.0,0.01,0.0,0.0,0.0,0,47395.0
8,5,0,0,0,0,235,1.0,1.0,0.01,0.07,0.0,255,3,0.01,0.08,0.0,1.0,1.0,0.0,1,89456.0
14,9,1032,0,0,0,509,0.0,0.0,1.0,0.0,0.0,255,146,0.57,0.17,0.0,0.0,0.0,0.0,1,29201.0
22,9,300,189,0,1,27,0.0,0.0,1.0,0.0,0.0,255,255,1.0,0.0,0.0,0.0,0.0,0.0,0,110642.0
22,9,239,806,0,1,11,0.0,0.0,1.0,0.0,0.0,11,255,1.0,0.0,0.02,0.0,0.0,0.0,0,38273.0
22,1,0,0,0,0,1,0.0,0.0,1.0,0.0,0.0,1,248,1.0,0.0,0.21,0.0,0.0,1.0,0,29108.0
44,5,0,0,0,0,228,1.0,1.0,0.04,0.06,0.0,255,10,0.04,0.06,0.0,1.0,1.0,0.0,1,55388.0
44,5,0,0,0,0,146,1.0,1.0,0.03,0.06,0.0,255,1,0.0,0.06,0.0,1.0,1.0,0.0,1,24577.0
22,1,0,0,0,0,241,0.0,0.0,0.02,0.07,0.0,255,4,0.02,0.08,0.0,0.0,0.0,1.0,1,74885.0
42,9,66,2840,0,1,1,0.0,0.0,1.0,0.0,0.0,42,4,0.02,0.1,0.5,0.0,0.25,0.0,0,118163.0
9,5,0,0,0,0,229,1.0,1.0,0.03,0.06,0.0,255,16,0.06,0.07,0.0,1.0,1.0,0.0,1,61539.0
44,5,0,0,0,0,112,1.0,1.0,0.13,0.07,0.0,255,18,0.07,0.06,0.0,1.0,1.0,0.0,1,23566.0
22,5,0,0,0,0,13,1.0,1.0,0.46,0.31,0.0,255,66,0.26,0.02,0.0,0.99,1.0,0.0,1,86036.0
6,1,0,0,0,0,214,0.0,0.0,0.06,0.07,0.0,255,13,0.05,0.08,0.0,0.0,0.0,1.0,1,92256.0
22,9,207,935,0,1,12,0.0,0.0,1.0,0.0,0.0,255,255,1.0,0.0,0.0,0.0,0.0,0.0,0,80702.0
22,9,238,2052,0,1,5,0.2,0.2,1.0,0.0,0.0,208,255,1.0,0.0,0.01,0.0,0.0,0.0,0,100641.0
44,5,0,0,0,0,222,1.0,1.0,0.02,0.05,0.0,163,5,0.03,0.07,0.0,0.91,1.0,0.0,1,9925.0
7,1,0,0,0,0,297,0.0,0.0,0.07,0.06,0.0,255,20,0.08,0.08,0.0,0.0,0.0,1.0,1,52191.0
44,5,0,0,0,0,213,1.0,1.0,0.05,0.05,0.0,154,11,0.07,0.07,0.0,0.91,1.0,0.0,1,52546.0
22,9,343,18000,0,1,3,0.0,0.0,1.0,0.0,0.0,17,255,1.0,0.0,0.04,0.0,0.0,0.0,0,119487.0
22,1,0,0,0,0,12,0.0,0.0,1.0,0.0,0.0,165,176,1.0,0.0,0.03,0.01,0.01,0.32,0,92299.0
22,9,224,1040,0,1,13,0.0,0.0,1.0,0.0,0.14,232,255,1.0,0.0,0.02,0.0,0.0,0.0,0,65392.0
22,9,209,4411,0,1,12,0.0,0.0,1.0,0.0,0.08,46,255,1.0,0.0,0.03,0.0,0.0,0.0,0,28781.0
11,9,44,129,0,0,72,0.0,0.0,1.0,0.0,0.01,248,128,0.52,0.02,0.0,0.0,0.0,0.0,0,76047.0
44,5,0,0,0,0,138,1.0,1.0,0.04,0.06,0.0,255,2,0.01,0.06,0.0,1.0,1.0,0.0,1,41242.0
40,9,147,105,0,0,1,0.0,0.0,1.0,0.0,0.0,255,1,0.0,0.84,0.0,0.0,0.0,0.0,0,14452.0
15,5,0,0,0,0,128,1.0,1.0,0.01,0.07,0.0,255,1,0.0,0.07,0.0,1.0,1.0,0.0,1,14961.0
44,1,0,0,0,0,2,0.0,0.0,0.5,1.0,0.0,235,1,0.0,0.06,0.0,0.0,0.0,1.0,1,102137.0
22,9,224,313,0,1,23,0.0,0.0,1.0,0.0,0.0,255,255,1.0,0.0,0.0,0.0,0.0,0.0,0,121342.0
40,1,0,0,0,0,511,0.24,0.0,0.0,1.0,0.0,255,1,0.0,1.0,0.0,0.24,0.0,1.0,1,31758.0
44,1,0,0,0,0,2,0.0,0.0,0.5,1.0,0.0,255,1,0.0,0.6,0.0,0.01,0.0,1.0,1,330.0
22,9,232,1617,0,1,12,0.0,0.0,1.0,0.0,0.09,55,255,1.0,0.0,0.04,0.0,0.0,0.0,0,101693.0
11,9,41,124,0,0,315,0.0,0.0,1.0,0.01,0.0,255,227,0.89,0.01,0.0,0.0,0.0,0.0,0,27424.0
11,9,46,46,0,0,2,0.0,0.0,0.5,1.0,0.4,125,120,0.96,0.02,0.0,0.0,0.0,0.0,0,2610.0
49,9,3389,494,0,1,1,0.0,0.0,1.0,0.0,0.0,255,7,0.03,0.01,0.0,0.0,0.0,0.0,0,10954.0
22,9,296,1100,0,1,6,0.0,0.0,1.0,0.0,0.0,52,255,1.0,0.0,0.01,0.0,0.0,0.0,0,88576.0
22,9,324,456,0,1,4,0.0,0.0,1.0,0.0,0.0,224,255,1.0,0.0,0.02,0.0,0.0,0.0,0,23858.0
49,9,1128,328,0,1,1,0.0,0.0,1.0,0.0,1.0,141,188,0.72,0.08,0.01,0.01,0.01,0.0,0,98753.0
11,9,45,74,0,0,145,0.0,0.0,1.0,0.0,0.0,255,254,1.0,0.01,0.0,0.0,0.0,0.0,0,62080.0
24,1,0,0,0,0,285,0.0,0.0,0.07,0.06,0.0,255,19,0.07,0.07,0.0,0.0,0.0,1.0,1,41909.0
14,9,1032,0,0,0,511,0.0,0.0,1.0,0.0,0.0,255,169,0.66,0.01,0.0,0.0,0.0,0.0,1,27122.0
22,9,167,10912,0,1,1,0.0,0.0,1.0,0.0,1.0,5,255,1.0,0.0,0.04,0.0,0.0,0.01,0,42282.0
59,5,0,0,0,0,141,1.0,1.0,0.08,0.06,0.0,255,11,0.04,0.07,0.0,1.0,1.0,0.0,1,16405.0
22,9,342,382,0,1,24,0.0,0.0,1.0,0.0,0.0,255,255,1.0,0.0,0.0,0.0,0.0,0.0,0,84929.0
15,5,0,0,0,0,106,1.0,1.0,0.09,0.06,0.0,255,12,0.05,0.05,0.0,1.0,1.0,0.0,1,108355.0
44,5,0,0,0,0,104,1.0,1.0,0.04,0.07,0.0,255,17,0.07,0.05,0.0,1.0,1.0,0.0,1,61967.0
19,9,10073,0,0,1,15,0.0,0.0,1.0,0.0,0.0,23,88,0.91,0.13,0.02,0.0,0.0,0.0,0,117174.0
22,9,241,397,0,1,14,0.0,0.0,1.0,0.0,0.0,129,255,1.0,0.0,0.02,0.01,0.0,0.0,0,79842.0
6,5,0,0,0,0,147,1.0,1.0,0.14,0.07,0.0,255,20,0.08,0.07,0.0,1.0,1.0,0.0,1,100554.0
22,9,227,281,0,1,2,0.0,0.0,1.0,0.0,0.33,255,255,1.0,0.0,0.0,0.0,0.0,0.0,0,11964.0
44,5,0,0,0,0,257,1.0,1.0,0.0,0.07,0.0,255,19,0.07,0.08,0.0,1.0,1.0,0.0,1,109071.0
56,5,0,0,0,0,226,1.0,1.0,0.02,0.07,0.0,255,17,0.07,0.07,0.0,1.0,1.0,0.0,1,76568.0
28,1,0,0,0,0,261,0.0,0.0,0.01,0.07,0.0,255,2,0.01,0.07,0.0,0.0,0.0,1.0,1,52149.0
44,5,0,0,0,0,252,1.0,1.0,0.07,0.06,0.0,255,18,0.07,0.07,0.0,1.0,1.0,0.0,1,69932.0
22,9,267,1029,0,1,11,0.0,0.0,1.0,0.0,0.22,210,255,1.0,0.0,0.03,0.0,0.0,0.0,0,113369.0
22,9,270,7033,0,1,2,0.0,0.0,1.0,0.0,0.0,39,255,1.0,0.0,0.05,0.0,0.0,0.0,0,122823.0
20,5,0,0,0,0,236,1.0,1.0,0.03,0.08,0.0,255,8,0.03,0.07,0.0,1.0,1.0,0.0,1,104229.0
22,9,263,3625,0,1,1,0.0,0.0,1.0,0.0,0.0,255,234,0.92,0.02,0.0,0.0,0.0,0.0,0,12891.0
44,9,1,0,0,0,8,0.0,0.0,1.0,0.0,0.0,255,8,0.03,0.96,0.0,0.13,0.0,0.0,1,97328.0
44,9,105,147,0,0,10,0.0,0.0,0.1,0.2,0.0,255,242,0.95,0.01,0.0,0.0,0.0,0.0,0,84664.0
11,9,46,135,0,0,75,0.0,0.0,1.0,0.0,0.01,255,255,1.0,0.0,0.0,0.0,0.0,0.0,0,120750.0
22,9,229,3222,0,1,3,0.0,0.0,1.0,0.0,0.0,3,255,1.0,0.0,0.03,0.0,0.0,0.0,0,107517.0
22,9,195,1521,0,1,6,0.0,0.0,1.0,0.0,0.0,36,255,1.0,0.0,0.02,0.0,0.0,0.0,0,68057.0
11,9,46,46,0,0,242,0.0,0.0,1.0,0.01,0.01,255,255,1.0,0.0,0.0,0.0,0.0,0.0,0,13123.0
11,9,45,78,0,0,238,0.0,0.0,1.0,0.01,0.0,255,247,0.97,0.01,0.0,0.0,0.0,0.0,0,47328.0
22,9,221,8364,0,1,7,0.0,0.0,1.0,0.0,0.0,217,255,1.0,0.0,0.01,0.0,0.0,0.0,0,78842.0
11,9,45,79,0,0,285,0.0,0.0,1.0,0.01,0.0,255,254,1.0,0.01,0.0,0.0,0.0,0.0,0,32663.0
22,9,326,26918,0,1,3,0.0,0.0,1.0,0.0,0.0,176,255,1.0,0.0,0.01,0.0,0.0,0.0,0,58990.0
44,5,0,0,0,0,190,1.0,1.0,0.04,0.06,0.0,229,8,0.03,0.07,0.0,0.94,1.0,0.0,1,109668.0
25,5,0,0,0,0,267,1.0,1.0,0.08,0.05,0.0,255,22,0.09,0.05,0.0,1.0,1.0,0.0,1,35115.0
59,5,0,0,0,0,127,1.0,1.0,0.14,0.06,0.0,255,18,0.07,0.05,0.0,1.0,1.0,0.0,1,109435.0
11,9,44,99,0,0,170,0.0,0.0,1.0,0.0,0.0,255,255,1.0,0.0,0.0,0.0,0.0,0.0,0,114403.0
21,1,0,0,0,0,272,0.0,0.0,0.03,0.06,0.0,255,8,0.03,0.08,0.0,0.0,0.0,1.0,1,24067.0
22,5,0,0,0,0,58,1.0,1.0,0.31,0.07,0.0,255,66,0.26,0.02,0.0,1.0,1.0,0.0,1,12413.0
29,5,0,0,0,0,203,1.0,1.0,0.04,0.06,0.0,255,9,0.04,0.06,0.0,1.0,1.0,0.0,1,73829.0
22,9,272,352,0,1,8,0.0,0.0,1.0,0.0,0.0,161,255,1.0,0.0,0.02,0.0,0.0,0.0,0,118992.0
11,9,46,133,0,0,213,0.0,0.0,1.0,0.0,0.01,255,253,0.99,0.01,0.0,0.0,0.0,0.0,0,119346.0
54,5,0,0,0,0,256,1.0,1.0,0.01,0.07,0.0,255,19,0.07,0.08,0.0,1.0,1.0,0.0,1,42805.0
22,9,217,1285,0,1,7,0.0,0.0,1.0,0.0,0.0,7,255,1.0,0.0,0.02,0.0,0.0,0.0,0,87238.0
22,9,234,355,0,1,13,0.0,0.0,1.0,0.0,0.25,255,255,1.0,0.0,0.0,0.0,0.0,0.0,0,98002.0
2,5,0,0,0,0,235,1.0,1.0,0.02,0.07,0.0,255,4,0.02,0.08,0.0,1.0,1.0,0.0,1,26030.0
22,9,331,2514,0,1,17,0.0,0.0,1.0,0.0,0.0,255,255,1.0,0.0,0.0,0.0,0.0,0.0,0,78409.0
22,9,229,646195,0,1,8,0.0,0.0,1.0,0.0,0.0,140,255,1.0,0.0,0.01,0.0,0.0,0.02,0,64397.0
44,5,0,0,0,0,298,1.0,1.0,0.07,0.05,0.0,255,5,0.02,0.07,0.0,1.0,1.0,0.0,1,87181.0
22,9,224,8230,0,1,16,0.0,0.0,1.0,0.0,0.0,255,255,1.0,0.0,0.0,0.0,0.0,0.0,0,41292.0
22,9,294,15864,0,1,4,0.0,0.0,1.0,0.0,0.0,4,255,1.0,0.0,0.03,0.0,0.0,0.0,0,106343.0
19,9,7940,0,0,1,9,0.0,0.0,1.0,0.0,0.0,255,15,0.06,0.5,0.0,0.0,0.0,0.0,0,117223.0
17,5,0,0,0,0,24,1.0,1.0,0.29,0.17,0.0,255,63,0.25,0.02,0.0,1.0,1.0,0.0,1,33349.0
44,1,0,0,0,0,71,0.0,0.0,0.11,0.07,0.0,255,8,0.03,0.07,0.0,0.0,0.0,1.0,1,32118.0
22,9,331,1012,0,1,22,0.0,0.0,1.0,0.0,0.09,255,255,1.0,0.0,0.0,0.0,0.0,0.0,0,73292.0
11,9,45,132,0,0,50,0.0,0.0,1.0,0.0,0.02,255,208,0.82,0.02,0.0,0.0,0.0,0.0,0,46947.0
33,5,0,0,0,0,261,1.0,1.0,0.02,0.07,0.0,255,4,0.02,0.07,0.0,1.0,1.0,0.0,1,91375.0
22,9,252,1426,0,1,4,0.0,0.0,1.0,0.0,0.0,26,255,1.0,0.0,0.02,0.0,0.0,0.0,0,37861.0
22,9,260,19560,0,1,1,0.0,0.0,1.0,0.0,1.0,51,255,1.0,0.0,0.02,0.0,0.02,0.03,0,42298.0
19,9,1699,0,0,1,4,0.0,0.0,1.0,0.0,0.0,120,32,0.27,0.08,0.0,0.02,0.03,0.0,0,113541.0
49,9,1184,326,0,1,1,0.0,0.0,1.0,0.0,1.0,121,85,0.7,0.02,0.0,0.0,0.0,0.0,0,41182.0
44,1,0,0,0,0,283,0.0,0.0,0.05,0.06,0.0,255,15,0.06,0.08,0.0,0.0,0.0,1.0,1,37384.0
11,9,45,77,0,0,144,0.0,0.0,1.0,0.0,0.02,255,226,0.89,0.01,0.0,0.0,0.0,0.0,0,91606.0
40,1,0,0,0,0,509,0.23,0.0,0.0,1.0,0.0,255,1,0.0,1.0,0.0,0.24,0.0,1.0,1,12609.0
40,9,516,4,0,0,361,0.0,0.0,1.0,0.0,0.0,255,255,1.0,0.0,0.0,0.0,0.0,0.0,0,61889.0
44,1,0,0,0,0,287,0.0,0.0,0.05,0.06,0.0,255,29,0.11,0.07,0.0,0.0,0.0,1.0,1,111958.0
11,9,44,132,0,0,68,0.0,0.0,1.0,0.0,0.01,255,205,0.8,0.01,0.0,0.0,0.0,0.0,0,75476.0
11,9,45,129,0,0,75,0.0,0.0,0.99,0.03,0.01,255,215,0.84,0.02,0.0,0.0,0.0,0.0,0,107097.0
22,9,305,2698,0,1,3,0.0,0.0,1.0,0.0,0.0,204,190,0.93,0.01,0.0,0.0,0.0,0.0,0,50791.0
13,9,8,0,0,0,1,0.0,0.0,1.0,0.0,1.0,1,61,1.0,0.0,0.26,0.0,0.0,0.0,1,86354.0
60,5,0,0,0,0,225,1.0,1.0,0.06,0.07,0.0,255,13,0.05,0.07,0.0,1.0,1.0,0.0,1,88543.0
22,9,306,2239,0,1,7,0.0,0.0,1.0,0.0,0.0,255,245,0.96,0.01,0.0,0.02,0.02,0.0,0,10268.0
24,5,0,0,0,0,225,1.0,1.0,0.02,0.06,0.0,255,5,0.02,0.05,0.0,1.0,1.0,0.0,1,105104.0
22,9,201,1617,0,1,18,0.0,0.0,1.0,0.0,0.0,255,255,1.0,0.0,0.0,0.0,0.0,0.0,0,10395.0
25,5,0,0,0,0,202,1.0,1.0,0.03,0.07,0.0,255,7,0.03,0.07,0.0,1.0,1.0,0.0,1,32040.0
14,9,1032,0,0,0,511,0.0,0.0,1.0,0.0,0.0,255,137,0.54,0.02,0.0,0.01,0.0,0.0,1,23879.0
0,9,86,128,0,1,1,0.0,0.0,1.0,0.0,0.0,3,2,0.67,0.67,0.0,0.33,0.5,0.0,0,17779.0
22,5,0,0,0,0,239,1.0,1.0,0.01,0.07,0.0,255,2,0.01,0.07,0.0,1.0,1.0,0.0,1,75485.0
18,9,1048,3074,0,1,1,0.0,0.0,1.0,0.0,0.0,220,40,0.18,0.04,0.0,0.0,0.0,0.05,0,86647.0
18,9,1484,4152,0,1,1,0.0,0.0,1.0,0.0,0.0,162,37,0.23,0.02,0.0,0.0,0.0,0.0,0,95550.0
44,5,0,0,0,0,245,1.0,1.0,0.04,0.07,0.0,255,10,0.04,0.08,0.0,1.0,1.0,0.0,1,86455.0
11,9,44,135,0,0,75,0.0,0.0,1.0,0.0,0.01,255,240,0.94,0.01,0.0,0.0,0.0,0.0,0,54189.0
22,9,335,573,0,1,11,0.0,0.0,1.0,0.0,0.0,255,255,1.0,0.0,0.0,0.0,0.0,0.0,0,70026.0
22,9,200,17733,0,1,32,0.0,0.0,1.0,0.0,0.05,116,255,1.0,0.0,0.03,0.0,0.0,0.0,0,4098.0
35,5,0,0,0,0,274,1.0,1.0,0.06,0.05,0.0,255,16,0.06,0.05,0.0,1.0,1.0,0.0,1,7097.0
19,9,1339,0,0,1,1,0.0,0.0,1.0,0.0,0.0,105,42,0.4,0.04,0.0,0.0,0.0,0.0,0,92854.0
22,9,229,4039,0,1,4,0.0,0.0,1.0,0.0,0.18,255,255,1.0,0.0,0.0,0.0,0.0,0.0,0,13667.0
13,9,8,0,0,0,1,0.0,0.0,1.0,0.0,1.0,2,64,1.0,0.0,0.5,0.0,0.0,0.0,1,103656.0
5,5,0,0,0,0,102,1.0,1.0,0.06,0.06,0.0,255,6,0.02,0.06,0.0,1.0,1.0,0.0,1,117356.0
22,9,184,4611,0,1,1,0.0,0.0,1.0,0.0,0.0,255,225,0.88,0.01,0.0,0.0,0.0,0.0,0,102128.0
44,5,0,0,0,0,138,1.0,1.0,0.07,0.05,0.0,255,3,0.01,0.06,0.0,1.0,1.0,0.0,1,50068.0
56,5,0,0,0,0,269,1.0,1.0,0.07,0.05,0.0,255,20,0.08,0.05,0.0,1.0,1.0,0.0,1,6975.0
19,5,0,0,0,0,289,1.0,1.0,0.06,0.06,0.0,255,6,0.02,0.1,0.0,1.0,1.0,0.0,1,82834.0
11,9,46,139,0,0,72,0.0,0.0,1.0,0.0,0.01,255,201,0.79,0.01,0.0,0.0,0.0,0.0,0,119992.0
11,9,44,136,0,0,69,0.0,0.0,1.0,0.0,0.01,255,190,0.75,0.02,0.0,0.0,0.0,0.0,0,22124.0
21,5,0,0,0,0,256,1.0,1.0,0.02,0.06,0.0,255,5,0.02,0.07,0.0,1.0,1.0,0.0,1,40342.0
44,5,0,0,0,0,257,1.0,1.0,0.0,0.06,0.0,255,18,0.07,0.06,0.0,1.0,1.0,0.0,1,12396.0
22,9,217,2861,0,1,11,0.0,0.0,1.0,0.0,0.07,77,255,1.0,0.0,0.03,0.0,0.0,0.0,0,45629.0
40,9,146,105,0,0,2,0.0,0.0,1.0,0.0,0.0,255,2,0.01,0.86,0.0,0.0,0.0,0.0,0,110023.0
40,1,0,0,0,0,511,0.14,0.0,0.0,1.0,0.0,255,1,0.0,1.0,0.0,0.13,0.0,1.0,1,18119.0
44,5,0,0,0,0,256,1.0,1.0,0.07,0.06,0.0,255,4,0.02,0.09,0.0,1.0,1.0,0.0,1,83002.0
11,9,30,30,0,0,5,0.0,0.0,1.0,0.0,0.13,255,237,0.93,0.01,0.0,0.0,0.0,0.0,0,71947.0
22,9,335,353,0,1,19,0.0,0.0,1.0,0.0,0.06,255,255,1.0,0.0,0.0,0.0,0.0,0.0,0,54743.0
22,9,225,3867,0,1,8,0.0,0.0,1.0,0.0,0.0,194,255,1.0,0.0,0.01,0.0,0.0,0.0,0,111951.0
44,9,28,0,3,0,82,0.0,0.0,1.0,0.0,0.0,255,82,0.32,0.04,0.0,0.02,0.0,0.0,1,32514.0
54,1,0,0,0,0,140,0.0,0.0,0.07,0.06,0.0,255,8,0.03,0.07,0.0,0.0,0.0,1.0,1,95820.0
22,9,238,1223,0,1,25,0.0,0.0,1.0,0.0,0.0,255,255,1.0,0.0,0.0,0.0,0.0,0.0,0,74644.0
10,5,0,0,0,0,112,1.0,1.0,0.11,0.06,0.0,255,12,0.05,0.08,0.0,1.0,1.0,0.0,1,12202.0
6,5,0,0,0,0,102,1.0,1.0,0.08,0.09,0.0,255,8,0.03,0.07,0.0,1.0,1.0,0.0,1,104815.0
35,5,0,0,0,0,18,1.0,1.0,0.39,0.33,0.0,255,7,0.03,0.09,0.0,1.0,1.0,0.0,1,24578.0
44,5,0,0,0,0,57,1.0,1.0,0.26,0.07,0.0,236,15,0.06,0.06,0.0,1.0,1.0,0.0,1,125478.0
19,9,7940,0,0,1,10,0.0,0.0,1.0,0.0,0.0,130,56,0.19,0.04,0.04,0.0,0.0,0.0,0,95424.0
22,9,221,276,0,1,23,0.0,0.0,1.0,0.0,0.0,87,255,1.0,0.0,0.02,0.0,0.0,0.0,0,13081.0
22,9,322,93111,0,1,12,0.0,0.0,1.0,0.0,0.0,38,255,1.0,0.0,0.03,0.03,0.01,0.0,0,2035.0
44,5,0,0,0,0,213,1.0,1.0,0.06,0.06,0.0,255,19,0.07,0.07,0.0,1.0,1.0,0.0,1,24843.0
22,9,201,637,0,1,6,0.0,0.0,1.0,0.0,0.0,6,255,1.0,0.0,0.05,0.0,0.0,0.0,0,28238.0
32,5,0,0,0,0,58,1.0,1.0,0.03,0.1,0.0,255,2,0.01,0.06,0.0,1.0,1.0,0.0,1,68960.0
22,9,179,15384,0,1,1,0.0,0.0,1.0,0.0,0.0,3,255,1.0,0.0,0.04,0.0,0.0,0.0,0,116654.0
52,2,0,0,0,0,300,0.0,0.0,0.07,0.06,0.0,255,20,0.08,0.06,0.0,0.0,0.0,1.0,1,53866.0
40,9,145,105,0,0,1,0.0,0.0,1.0,0.0,0.0,255,1,0.0,0.54,0.0,0.0,0.0,0.0,0,17490.0
22,9,274,18930,0,1,1,0.0,0.0,1.0,0.0,0.0,19,255,1.0,0.0,0.08,0.0,0.0,0.0,0,18011.0
49,9,1133,328,0,1,1,0.0,0.0,1.0,0.0,0.0,29,120,0.59,0.14,0.03,0.0,0.0,0.0,0,11028.0
23,5,0,0,0,0,135,1.0,1.0,0.14,0.06,0.0,255,19,0.07,0.06,0.0,1.0,1.0,0.0,1,85098.0
44,5,0,0,0,0,174,1.0,1.0,0.01,0.07,0.0,255,11,0.04,0.07,0.0,1.0,1.0,0.0,1,102210.0
37,5,0,0,0,0,132,1.0,1.0,0.11,0.05,0.0,255,10,0.04,0.07,0.0,1.0,1.0,0.0,1,118946.0
13,9,8,0,0,0,1,0.0,0.0,1.0,0.0,1.0,2,210,1.0,0.0,0.25,0.0,0.0,0.0,1,72646.0
44,1,0,0,0,0,259,0.0,0.0,0.06,0.06,0.0,255,16,0.06,0.08,0.0,0.0,0.0,1.0,1,59370.0
34,5,0,0,0,0,15,1.0,1.0,0.53,0.2,0.0,255,8,0.03,0.07,0.0,1.0,1.0,0.0,1,122381.0
62,5,0,0,0,0,243,1.0,1.0,0.03,0.07,0.0,255,8,0.03,0.07,0.0,1.0,1.0,0.0,1,21253.0
22,9,316,261,0,1,2,0.0,0.0,1.0,0.0,0.0,34,255,1.0,0.0,0.02,0.0,0.0,0.0,0,114801.0
22,9,227,2698,0,1,1,0.0,0.0,1.0,0.0,0.0,255,241,0.95,0.01,0.0,0.0,0.0,0.0,0,75165.0
22,9,228,461,0,1,1,0.0,0.0,1.0,0.0,0.3,255,255,1.0,0.0,0.0,0.0,0.0,0.0,0,49017.0
49,9,11324,1551,0,1,1,0.0,0.0,1.0,0.0,1.0,255,50,0.2,0.06,0.0,0.65,0.0,0.02,0,17816.0
58,9,78,0,0,0,41,0.0,0.0,0.24,0.05,0.18,255,34,0.13,0.01,0.0,0.0,0.0,0.0,0,117696.0
55,9,265,1913,0,1,1,0.0,0.0,1.0,0.0,0.0,68,15,0.22,0.07,0.0,0.01,0.07,0.0,0,32075.0
22,9,343,6839,0,1,8,0.0,0.0,1.0,0.0,0.11,34,255,1.0,0.0,0.01,0.0,0.0,0.0,0,13806.0
5,1,0,0,0,0,105,0.0,0.0,0.06,0.07,0.0,255,6,0.02,0.05,0.0,0.0,0.0,1.0,1,54670.0
25,5,0,0,0,0,150,1.0,1.0,0.07,0.07,0.0,255,10,0.04,0.06,0.0,1.0,1.0,0.0,1,80912.0
55,5,0,0,0,0,215,1.0,1.0,0.09,0.06,0.0,255,19,0.07,0.08,0.0,1.0,1.0,0.0,1,8996.0
22,4,33580,7300,0,1,4,0.0,0.0,1.0,0.0,0.0,4,4,1.0,0.0,0.0,0.0,0.0,1.0,1,115018.0
44,5,0,0,0,0,206,1.0,1.0,0.04,0.06,0.0,255,13,0.05,0.07,0.0,1.0,1.0,0.0,1,12960.0
20,5,0,0,0,0,283,1.0,1.0,0.06,0.06,0.0,255,20,0.08,0.06,0.0,1.0,1.0,0.0,1,46653.0
8,5,0,0,0,0,241,1.0,1.0,0.07,0.07,0.0,255,18,0.07,0.08,0.0,1.0,1.0,0.0,1,60252.0
28,1,0,0,0,0,148,0.0,0.0,0.13,0.05,0.0,255,19,0.07,0.06,0.0,0.0,0.0,1.0,1,91123.0
14,9,30,0,0,0,1,0.0,0.0,1.0,0.0,0.0,2,3,1.0,0.0,0.67,0.0,0.0,0.0,0,111314.0
55,5,0,0,0,0,8,1.0,1.0,0.12,0.5,0.0,250,63,0.25,0.02,0.0,0.99,0.97,0.0,1,41570.0
40,5,0,0,0,0,256,1.0,1.0,0.04,0.07,0.0,255,10,0.04,0.07,0.0,1.0,1.0,0.0,1,37117.0
22,1,0,0,0,0,1,0.0,0.0,1.0,0.0,1.0,5,255,1.0,0.0,0.16,0.0,0.0,0.99,0,49219.0
22,1,0,0,0,0,1,0.0,0.0,1.0,0.0,0.0,85,255,1.0,0.0,0.14,0.0,0.0,0.93,0,53809.0
22,9,262,13096,0,1,1,0.0,0.0,1.0,0.0,0.0,255,244,0.96,0.01,0.0,0.0,0.0,0.0,0,29368.0
22,9,219,2747,0,1,1,0.0,0.0,1.0,0.0,0.19,127,255,1.0,0.0,0.05,0.0,0.0,0.0,0,3239.0
22,9,368,771,0,1,17,0.0,0.0,1.0,0.0,0.11,80,231,1.0,0.0,0.19,0.0,0.0,0.68,0,120859.0
44,5,0,0,0,0,155,1.0,1.0,0.07,0.06,0.0,255,19,0.07,0.07,0.0,1.0,1.0,0.0,1,51004.0
11,9,46,141,0,0,175,0.0,0.0,0.99,0.01,0.0,64,31,0.48,0.03,0.0,0.0,0.0,0.0,0,34079.0
40,9,147,105,0,0,1,0.0,0.0,1.0,0.0,0.0,255,2,0.01,0.76,0.0,0.0,0.0,0.0,0,120552.0
22,9,289,1787,0,1,28,0.04,0.05,1.0,0.0,0.05,255,255,1.0,0.0,0.0,0.0,0.0,0.0,0,46049.0
22,1,0,0,0,0,1,0.0,0.0,1.0,0.0,0.0,134,202,1.0,0.0,0.09,0.0,0.0,1.0,0,113992.0
22,9,340,283,0,1,5,0.0,0.0,1.0,0.0,0.0,255,253,0.99,0.01,0.0,0.0,0.0,0.0,0,24662.0
61,5,0,0,0,0,121,1.0,1.0,0.08,0.06,0.0,255,10,0.04,0.05,0.0,1.0,1.0,0.0,1,55052.0
11,9,44,44,0,0,148,0.0,0.0,1.0,0.0,0.01,255,255,1.0,0.0,0.0,0.0,0.0,0.0,0,23523.0
22,9,194,1288,0,1,13,0.0,0.0,1.0,0.0,0.0,68,255,1.0,0.0,0.04,0.0,0.0,0.0,0,53424.0
22,9,235,22150,0,1,2,0.0,0.0,1.0,0.0,0.0,245,255,1.0,0.0,0.01,0.0,0.0,0.0,0,4104.0
14,9,1032,0,0,0,63,0.0,0.0,1.0,0.0,0.0,255,255,1.0,0.0,0.0,0.0,0.0,0.0,1,34272.0
19,9,491,0,0,0,2,0.0,0.0,1.0,0.0,0.0,84,26,0.31,0.07,0.0,0.0,0.0,0.0,0,124813.0
31,5,0,0,0,0,266,1.0,1.0,0.09,0.05,0.0,255,23,0.09,0.05,0.0,1.0,1.0,0.0,1,27156.0
11,9,44,44,0,0,291,0.0,0.0,1.0,0.0,0.0,255,254,1.0,0.01,0.0,0.0,0.0,0.0,0,119538.0
44,1,0,0,0,0,321,0.03,0.0,0.0,1.0,0.0,255,1,0.0,1.0,0.0,0.04,0.0,1.0,1,19370.0
11,9,17,0,0,0,1,0.0,0.0,1.0,0.0,0.0,1,19,1.0,0.0,0.11,0.0,0.0,0.0,0,118143.0
11,9,44,69,0,0,104,0.0,0.0,1.0,0.0,0.0,255,254,1.0,0.01,0.0,0.0,0.0,0.0,0,43877.0
27,5,0,0,0,0,21,1.0,1.0,0.24,0.14,0.0,255,5,0.02,0.07,0.0,1.0,1.0,0.0,1,108165.0
19,9,1199,0,0,0,9,0.0,0.0,1.0,0.0,0.2,84,107,0.35,0.06,0.02,0.0,0.0,0.0,0,29530.0
44,5,0,0,0,0,138,1.0,1.0,0.12,0.06,0.0,255,34,0.13,0.07,0.0,1.0,1.0,0.0,1,24018.0
44,5,0,0,0,0,87,1.0,1.0,0.18,0.06,0.0,255,16,0.06,0.05,0.0,1.0,1.0,0.0,1,24931.0
22,9,261,4916,0,1,1,0.0,0.0,1.0,0.0,0.0,1,86,1.0,0.0,0.07,0.0,0.0,0.0,0,36110.0
22,9,324,1409,0,1,8,0.0,0.0,1.0,0.0,0.0,58,255,1.0,0.0,0.04,0.0,0.0,0.0,0,27216.0
22,9,306,2996,0,1,2,0.0,0.0,1.0,0.0,0.0,116,255,1.0,0.0,0.01,0.0,0.0,0.0,0,107194.0
19,5,0,0,0,0,55,1.0,1.0,0.22,0.07,0.0,255,52,0.2,0.04,0.0,1.0,1.0,0.0,1,86295.0
49,9,1865,333,0,1,1,0.0,0.0,1.0,0.0,1.0,72,111,0.5,0.07,0.02,0.0,0.0,0.0,0,108040.0
22,9,173,11264,0,1,7,0.0,0.0,1.0,0.0,0.0,49,255,1.0,0.0,0.02,0.0,0.0,0.0,0,110248.0
13,9,8,0,0,0,1,0.0,0.0,1.0,0.0,1.0,3,61,1.0,0.0,0.26,0.0,0.0,0.0,1,86043.0
25,5,0,0,0,0,290,1.0,1.0,0.03,0.06,0.0,255,19,0.07,0.07,0.0,1.0,1.0,0.0,1,26025.0
40,9,146,105,0,0,1,0.0,0.0,1.0,0.0,0.0,255,1,0.0,0.88,0.0,0.0,0.0,0.0,0,98889.0
40,9,147,0,0,0,2,0.0,0.0,0.5,1.0,0.0,255,2,0.01,0.49,0.0,0.0,0.0,0.0,0,49600.0
19,9,6932,0,0,0,2,0.0,0.0,1.0,0.0,0.0,87,4,0.05,0.06,0.0,0.0,0.0,0.0,0,34143.0
22,9,301,1671,0,1,8,0.0,0.0,1.0,0.0,0.22,248,255,1.0,0.0,0.02,0.0,0.0,0.0,0,16467.0
13,9,8,0,0,0,1,0.0,0.0,1.0,0.0,1.0,2,22,1.0,0.0,0.5,0.0,0.0,0.0,1,125661.0
44,5,0,0,0,0,121,1.0,1.0,0.07,0.06,0.0,255,2,0.01,0.06,0.0,1.0,1.0,0.0,1,59441.0
1,9,200068,12976,0,1,1,0.0,0.0,1.0,0.0,0.0,20,17,0.85,0.1,0.0,0.05,0.06,0.06,0,43976.0
11,9,44,135,0,0,81,0.0,0.0,0.99,0.02,0.01,255,245,0.96,0.01,0.0,0.0,0.0,0.0,0,119396.0
44,1,0,0,0,0,118,0.01,0.0,0.01,1.0,0.0,243,1,0.0,0.51,0.0,0.0,0.0,1.0,1,62299.0
44,9,105,146,0,0,1,0.0,0.0,1.0,0.0,0.0,17,13,0.76,0.12,0.0,0.0,0.0,0.0,0,58408.0
35,1,0,0,0,0,295,0.0,0.0,0.06,0.06,0.0,255,18,0.07,0.07,0.0,0.0,0.0,1.0,1,76683.0
44,5,0,0,0,0,112,1.0,1.0,0.11,0.06,0.0,255,16,0.06,0.07,0.0,1.0,1.0,0.0,1,36281.0
22,9,217,2431,0,1,3,0.0,0.0,1.0,0.0,0.5,52,255,1.0,0.0,0.02,0.0,0.0,0.04,0,51423.0
19,9,852,0,0,1,8,0.0,0.0,1.0,0.0,0.0,255,141,0.55,0.02,0.0,0.0,0.0,0.0,0,118449.0
9,2,0,0,0,0,273,0.0,0.0,0.07,0.06,0.0,255,19,0.07,0.06,0.0,0.0,0.0,1.0,1,69153.0
22,9,300,1226,0,1,7,0.0,0.0,1.0,0.0,0.27,138,255,1.0,0.0,0.01,0.0,0.0,0.0,0,29320.0
11,9,44,85,0,0,13,0.0,0.0,1.0,0.0,0.0,255,251,0.98,0.01,0.0,0.0,0.0,0.0,0,72364.0
44,1,0,0,0,0,422,0.0,0.0,0.0,0.52,0.0,255,1,0.0,0.52,0.0,0.0,0.0,1.0,1,25364.0
14,9,1032,0,0,0,231,0.0,0.0,1.0,0.0,0.0,255,231,0.91,0.01,0.0,0.0,0.0,0.0,1,80611.0
44,5,0,0,0,0,265,1.0,1.0,0.06,0.05,0.0,255,15,0.06,0.06,0.0,1.0,1.0,0.0,1,107772.0
19,5,0,0,0,0,247,1.0,1.0,0.08,0.06,0.0,255,19,0.07,0.07,0.0,1.0,1.0,0.0,1,60470.0
49,9,862,332,0,1,1,0.0,0.0,1.0,0.0,1.0,25,20,0.8,0.2,0.0,0.0,0.0,0.0,0,76288.0
22,9,54540,8314,0,1,3,0.0,0.0,1.0,0.0,0.0,59,59,1.0,0.0,0.0,0.0,0.0,0.02,1,82372.0
22,9,248,766,0,1,3,0.0,0.0,1.0,0.0,0.0,255,255,1.0,0.0,0.0,0.0,0.0,0.0,0,111527.0
49,9,878,327,0,1,1,0.0,0.0,1.0,0.0,0.0,255,124,0.49,0.03,0.0,0.0,0.0,0.0,0,83919.0
44,1,0,0,0,0,101,0.0,0.0,0.02,0.08,0.0,255,2,0.01,0.06,0.0,0.0,0.0,1.0,1,52123.0
22,9,271,1910,0,1,1,0.0,0.0,1.0,0.0,1.0,7,255,1.0,0.0,0.02,0.0,0.0,0.0,0,73613.0
13,9,8,0,0,0,1,0.0,0.0,1.0,0.0,1.0,1,87,1.0,0.0,0.51,0.0,0.0,0.0,1,32888.0
22,9,232,259,0,1,3,0.0,0.0,1.0,0.0,0.12,255,249,0.98,0.01,0.0,0.0,0.0,0.0,0,37199.0
44,5,0,0,0,0,278,1.0,1.0,0.06,0.06,0.0,255,33,0.13,0.06,0.0,1.0,1.0,0.0,1,10573.0
22,9,222,575,0,1,8,0.0,0.0,1.0,0.0,0.19,8,255,1.0,0.0,0.01,0.0,0.0,0.0,0,83843.0
61,5,0,0,0,0,290,1.0,1.0,0.05,0.06,0.0,255,15,0.06,0.06,0.0,1.0,1.0,0.0,1,23362.0
19,9,501760,0,0,1,2,0.0,0.0,1.0,0.0,0.0,141,76,0.29,0.03,0.03,0.01,0.0,0.0,0,120227.0
22,9,235,17377,0,1,1,0.0,0.0,1.0,0.0,0.0,26,255,1.0,0.0,0.05,0.0,0.0,0.0,0,88684.0
40,9,147,105,0,0,1,0.0,0.0,1.0,0.0,0.0,255,3,0.01,0.59,0.0,0.0,0.0,0.0,0,79210.0
61,5,0,0,0,0,230,1.0,1.0,0.04,0.06,0.0,255,9,0.04,0.06,0.0,1.0,1.0,0.0,1,21421.0
22,5,0,0,0,0,19,1.0,0.95,1.0,0.0,0.1,19,19,1.0,0.0,0.0,1.0,1.0,0.0,1,29283.0
22,9,190,1242,0,1,7,0.0,0.0,1.0,0.0,0.0,7,255,1.0,0.0,0.04,0.0,0.0,0.0,0,43069.0
22,9,193,1414,0,1,1,0.0,0.0,1.0,0.0,0.0,129,255,1.0,0.0,0.01,0.0,0.0,0.0,0,103505.0
44,5,0,0,0,0,42,1.0,1.0,0.5,0.07,0.0,255,21,0.08,0.07,0.0,1.0,1.0,0.0,1,8366.0
5,5,0,0,0,0,149,1.0,1.0,0.11,0.05,0.0,255,1,0.0,0.07,0.0,1.0,1.0,0.0,1,55010.0
49,9,1112,325,0,1,1,0.0,0.0,1.0,0.0,0.0,255,5,0.02,0.73,0.0,0.0,0.0,0.0,0,72203.0
6,5,0,0,0,0,112,1.0,1.0,0.03,0.06,0.0,255,6,0.02,0.07,0.0,1.0,1.0,0.0,1,8436.0
44,4,0,0,0,0,1,0.0,0.0,1.0,0.0,0.0,239,1,0.0,0.32,0.0,0.0,0.0,1.0,1,6806.0
22,9,288,2446,0,1,15,0.0,0.0,1.0,0.0,0.18,255,255,1.0,0.0,0.0,0.0,0.0,0.0,0,37116.0
22,1,0,0,0,0,1,0.0,0.0,1.0,0.0,0.0,159,138,0.87,0.03,0.0,0.0,0.0,1.0,0,12855.0
13,9,8,0,0,0,1,0.0,0.0,1.0,0.0,1.0,2,248,1.0,0.0,0.5,0.0,0.0,0.0,1,92506.0
22,9,274,396,0,1,8,0.0,0.0,1.0,0.0,0.22,30,255,1.0,0.0,0.01,0.0,0.0,0.0,0,43134.0
22,9,54540,8314,0,1,3,0.0,0.0,1.0,0.0,0.0,255,255,1.0,0.0,0.0,0.0,0.0,0.04,1,125288.0
11,9,46,46,0,0,258,0.0,0.0,1.0,0.01,0.01,255,254,1.0,0.01,0.0,0.0,0.0,0.0,0,8097.0
22,9,263,961,0,1,9,0.0,0.0,1.0,0.0,0.2,49,255,1.0,0.0,0.02,0.0,0.0,0.0,0,74205.0
22,9,268,8719,0,1,1,0.0,0.0,1.0,0.0,0.0,85,255,1.0,0.0,0.01,0.0,0.0,0.0,0,90195.0
22,9,203,784,0,1,4,0.0,0.0,1.0,0.0,0.29,255,255,1.0,0.0,0.0,0.0,0.0,0.0,0,110371.0
22,9,248,2919,0,1,1,0.0,0.0,1.0,0.0,0.45,47,255,1.0,0.0,0.04,0.0,0.01,0.0,0,49520.0
44,1,0,0,0,0,334,0.0,0.0,0.0,0.52,0.0,255,1,0.0,0.52,0.0,0.0,0.0,1.0,1,101871.0
22,9,288,11846,0,1,9,0.0,0.0,1.0,0.0,0.0,39,255,1.0,0.0,0.03,0.0,0.0,0.0,0,44192.0
22,9,343,1189,0,1,8,0.0,0.0,1.0,0.0,0.0,255,255,1.0,0.0,0.0,0.0,0.0,0.0,0,46208.0
14,9,1032,0,0,0,511,0.0,0.0,1.0,0.0,0.0,255,113,0.44,0.19,0.0,0.0,0.0,0.0,1,39369.0
19,9,19,0,0,1,3,0.0,0.0,1.0,0.0,0.0,255,115,0.45,0.02,0.0,0.0,0.0,0.0,0,35940.0
22,9,209,2408,0,1,2,0.0,0.0,1.0,0.0,0.5,243,255,1.0,0.0,0.01,0.0,0.0,0.0,0,86348.0
17,5,0,0,0,0,237,1.0,1.0,0.02,0.06,0.0,255,11,0.04,0.08,0.0,1.0,1.0,0.0,1,32130.0
44,5,0,0,0,0,243,1.0,1.0,0.07,0.06,0.0,255,20,0.08,0.07,0.0,1.0,1.0,0.0,1,69492.0
22,9,319,983,0,1,4,0.0,0.0,1.0,0.0,0.0,144,255,1.0,0.0,0.01,0.0,0.0,0.05,0,62159.0
44,5,0,0,0,0,204,1.0,1.0,0.01,0.05,0.0,64,3,0.05,0.12,0.0,0.97,1.0,0.0,1,116005.0
22,9,194,1761,0,1,31,0.0,0.0,1.0,0.0,0.0,255,255,1.0,0.0,0.0,0.0,0.0,0.0,0,107310.0
24,5,0,0,0,0,232,1.0,1.0,0.01,0.06,0.0,255,3,0.01,0.07,0.0,1.0,1.0,0.0,1,77349.0
40,9,516,4,0,0,265,0.0,0.0,1.0,0.0,0.0,255,255,1.0,0.0,0.0,0.0,0.0,0.0,0,75941.0
4,1,0,0,0,0,143,0.0,0.0,0.04,0.06,0.0,255,3,0.01,0.07,0.0,0.0,0.0,1.0,1,38100.0
11,9,46,46,0,0,130,0.0,0.0,0.99,0.02,0.0,255,254,1.0,0.01,0.0,0.0,0.0,0.0,0,67935.0
44,5,0,0,0,0,298,1.0,1.0,0.05,0.05,0.0,255,2,0.01,0.08,0.0,1.0,1.0,0.0,1,45800.0
22,9,224,1074,0,1,8,0.0,0.0,1.0,0.0,0.0,35,255,1.0,0.0,0.05,0.0,0.0,0.0,0,29926.0
19,5,0,0,0,0,276,1.0,1.0,0.05,0.06,0.0,255,2,0.01,0.07,0.0,1.0,1.0,0.0,1,60162.0
61,5,0,0,0,0,270,1.0,1.0,0.02,0.06,0.0,255,6,0.02,0.07,0.0,1.0,1.0,0.0,1,63787.0
49,9,645,336,0,1,1,0.0,0.0,1.0,0.0,1.0,99,126,0.36,0.06,0.02,0.0,0.0,0.0,0,58870.0
11,9,44,70,0,0,234,0.0,0.0,1.0,0.0,0.0,255,227,0.89,0.01,0.0,0.0,0.0,0.0,0,15539.0
44,1,0,0,0,0,230,0.11,0.0,0.0,1.0,0.0,255,1,0.0,0.96,0.0,0.1,0.0,1.0,1,31614.0
22,9,314,16139,0,1,1,0.0,0.0,1.0,0.0,0.0,1,255,1.0,0.0,0.02,0.0,0.0,0.0,0,57608.0
11,9,46,75,0,0,260,0.0,0.0,1.0,0.0,0.0,255,254,1.0,0.01,0.0,0.0,0.0,0.0,0,8999.0
22,9,292,1718,0,1,11,0.0,0.0,1.0,0.0,0.0,255,255,1.0,0.0,0.0,0.0,0.0,0.0,0,44374.0
44,1,0,0,0,0,119,0.0,0.0,0.14,0.06,0.0,255,15,0.06,0.07,0.0,0.0,0.0,1.0,1,92324.0
22,9,271,8654,0,1,5,0.0,0.0,1.0,0.0,0.0,114,255,1.0,0.0,0.04,0.0,0.0,0.0,0,22171.0
9,2,0,0,0,0,241,0.0,0.0,0.06,0.06,0.0,255,15,0.06,0.07,0.0,0.0,0.0,1.0,1,114726.0
18,9,227,768,0,1,1,0.0,0.0,1.0,0.0,0.0,11,2,0.18,0.27,0.0,0.0,0.0,0.0,0,77292.0
11,9,42,73,0,0,143,0.0,0.0,1.0,0.0,0.02,255,226,0.89,0.01,0.0,0.0,0.0,0.0,0,19537.0
22,9,315,3636,0,1,8,0.0,0.0,1.0,0.0,0.22,8,255,1.0,0.0,0.04,0.0,0.0,0.0,0,121405.0
13,9,8,0,0,0,1,0.0,0.0,1.0,0.0,1.0,2,202,1.0,0.0,0.25,0.0,0.0,0.0,1,73187.0
49,9,1038,327,0,1,1,0.0,0.0,1.0,0.0,1.0,87,75,0.86,0.05,0.0,0.0,0.0,0.0,0,30183.0
37,5,0,0,0,0,106,1.0,1.0,0.12,0.06,0.0,255,19,0.07,0.05,0.0,1.0,1.0,0.0,1,47527.0
56,5,0,0,0,0,216,1.0,1.0,0.04,0.07,0.0,255,20,0.08,0.06,0.0,1.0,1.0,0.0,1,79740.0
18,9,239,769,0,1,1,0.0,0.0,1.0,0.0,0.0,154,42,0.27,0.04,0.0,0.01,0.0,0.0,0,14315.0
40,9,147,105,0,0,1,0.0,0.0,1.0,0.0,0.0,255,1,0.0,0.66,0.0,0.0,0.0,0.0,0,44894.0
22,9,315,420,0,1,12,0.0,0.0,1.0,0.0,0.15,211,255,1.0,0.0,0.01,0.0,0.0,0.0,0,5196.0
19,9,4316,0,0,1,11,0.0,0.0,1.0,0.0,0.0,111,97,0.21,0.05,0.02,0.0,0.0,0.0,0,104451.0
22,9,372,5309,0,1,25,0.0,0.0,1.0,0.0,0.0,255,255,1.0,0.0,0.0,0.0,0.0,0.0,0,123181.0
22,9,230,2265,0,1,12,0.0,0.0,1.0,0.0,0.15,82,255,1.0,0.0,0.03,0.0,0.0,0.0,0,78173.0
14,9,1032,0,0,0,476,0.0,0.0,1.0,0.0,0.0,255,214,0.84,0.02,0.0,0.0,0.0,0.0,1,117562.0
10,5,0,0,0,0,232,1.0,1.0,0.03,0.07,0.0,255,7,0.03,0.08,0.0,1.0,1.0,0.0,1,21649.0
44,5,0,0,0,0,89,1.0,1.0,0.01,0.07,0.0,255,12,0.05,0.07,0.0,1.0,1.0,0.0,1,99365.0
19,9,334,0,0,1,2,0.0,0.0,1.0,0.0,0.0,4,10,1.0,0.0,0.4,0.0,0.0,0.0,1,40472.0
22,9,229,3624,0,1,36,0.0,0.0,1.0,0.0,0.08,255,255,1.0,0.0,0.0,0.0,0.0,0.0,0,58213.0
22,9,306,1719,0,1,11,0.0,0.0,1.0,0.0,0.0,117,255,1.0,0.0,0.04,0.0,0.0,0.0,0,45703.0
58,9,182,0,0,0,2,0.0,0.0,0.5,1.0,0.0,255,21,0.08,0.01,0.0,0.0,0.0,0.0,0,9867.0
49,9,768,384,0,1,1,0.0,0.0,1.0,0.0,1.0,145,117,0.59,0.03,0.02,0.01,0.0,0.0,0,82759.0
19,9,12,0,0,1,1,0.0,0.0,1.0,0.0,0.0,44,21,0.48,0.07,0.0,0.0,0.0,0.0,0,803.0
44,1,0,0,0,0,149,0.0,0.0,0.08,0.05,0.0,255,12,0.05,0.07,0.0,0.0,0.0,1.0,1,103048.0
44,9,1,0,0,0,20,0.0,0.0,0.9,0.1,0.0,255,27,0.11,0.22,0.0,0.0,0.0,0.0,1,25290.0
22,1,0,0,0,0,1,0.0,0.0,1.0,0.0,0.0,6,255,1.0,0.0,0.13,0.0,0.0,0.91,0,53701.0
44,1,0,0,0,0,248,0.08,0.0,0.0,1.0,0.0,255,1,0.0,0.98,0.0,0.08,0.0,1.0,1,77545.0
22,9,157,2893,0,1,2,0.0,0.0,1.0,0.0,0.0,2,255,1.0,0.0,0.06,0.0,0.0,0.0,0,87212.0
44,5,0,0,0,0,274,1.0,1.0,0.07,0.06,0.0,255,3,0.01,0.08,0.0,1.0,1.0,0.0,1,104872.0
49,9,1292,361,0,1,1,0.0,0.0,1.0,0.0,1.0,147,202,0.66,0.02,0.01,0.0,0.0,0.0,0,53257.0
54,5,0,0,0,0,230,1.0,1.0,0.07,0.06,0.0,255,15,0.06,0.06,0.0,1.0,1.0,0.0,1,67188.0
22,9,232,6703,0,1,8,0.0,0.0,1.0,0.0,0.0,255,255,1.0,0.0,0.0,0.0,0.0,0.0,0,98238.0
22,9,300,1841,0,1,43,0.0,0.0,1.0,0.0,0.0,43,255,1.0,0.0,0.02,0.0,0.0,0.0,0,519.0
22,9,292,2750,0,1,3,0.0,0.2,1.0,0.0,0.4,140,255,1.0,0.0,0.04,0.01,0.01,0.02,0,5157.0
22,9,327,369,0,1,3,0.0,0.0,1.0,0.0,0.0,16,255,1.0,0.0,0.01,0.0,0.0,0.0,0,105195.0
19,9,26,0,0,1,2,0.0,0.0,1.0,0.0,0.0,43,55,0.77,0.05,0.04,0.0,0.0,0.0,0,4112.0
22,9,292,45784,0,1,1,0.0,0.0,1.0,0.0,0.33,47,255,1.0,0.0,0.03,0.0,0.0,0.0,0,77218.0
9,5,0,0,0,0,128,1.0,1.0,0.16,0.05,0.0,255,16,0.06,0.06,0.0,1.0,1.0,0.0,1,69358.0
32,1,0,0,0,0,67,0.01,0.0,0.01,1.0,0.0,255,1,0.0,0.29,0.0,0.0,0.0,1.0,1,45620.0
22,2,0,0,0,1,3,0.0,0.0,1.0,0.0,0.0,3,255,1.0,0.0,0.03,0.0,0.0,0.01,0,21666.0
22,9,321,1750,0,1,33,0.0,0.0,1.0,0.0,0.0,203,255,1.0,0.0,0.03,0.0,0.0,0.0,0,9097.0
17,9,9,0,0,0,1,0.0,0.0,1.0,0.0,0.0,105,4,0.03,0.04,0.5,0.01,0.0,0.0,1,80682.0
22,9,338,283,0,1,2,0.0,0.0,1.0,0.0,0.0,255,240,0.94,0.01,0.0,0.0,0.0,0.0,0,45883.0
22,9,198,313,0,1,3,0.0,0.0,1.0,0.0,0.5,255,255,1.0,0.0,0.0,0.0,0.0,0.0,0,81464.0
44,1,0,0,0,0,212,0.0,0.0,0.06,0.07,0.0,255,13,0.05,0.08,0.0,0.0,0.0,1.0,1,42603.0
62,5,0,0,0,0,231,1.0,1.0,0.03,0.06,0.0,255,10,0.04,0.08,0.0,1.0,1.0,0.0,1,86656.0
49,9,3174,365,0,1,1,0.0,0.0,1.0,0.0,0.0,37,170,0.97,0.05,0.01,0.0,0.0,0.0,0,52717.0
22,9,295,551,0,1,10,0.0,0.0,1.0,0.0,0.0,152,255,1.0,0.0,0.02,0.01,0.0,0.0,0,92875.0
30,5,0,0,0,0,146,1.0,1.0,0.03,0.05,0.0,255,4,0.02,0.05,0.0,1.0,1.0,0.0,1,120534.0
22,9,208,835,0,1,7,0.0,0.0,1.0,0.0,0.0,96,255,1.0,0.0,0.01,0.0,0.0,0.0,0,36998.0
22,9,219,1896,0,1,7,0.0,0.0,1.0,0.0,0.0,73,255,1.0,0.0,0.02,0.0,0.0,0.0,0,53154.0
0,9,86,128,0,1,2,0.0,0.0,1.0,0.0,0.0,12,6,0.5,0.17,0.0,0.17,0.33,0.5,0,98885.0
11,9,44,77,0,0,138,0.0,0.0,1.0,0.0,0.0,255,166,0.65,0.01,0.0,0.0,0.0,0.0,0,11680.0
22,9,227,2510,0,1,6,0.0,0.0,1.0,0.0,0.25,14,255,1.0,0.0,0.04,0.0,0.0,0.0,0,14714.0
44,4,0,0,0,0,1,0.0,0.0,1.0,0.0,0.0,255,1,0.0,0.29,0.0,0.0,0.0,1.0,1,82658.0
22,9,308,2698,0,1,4,0.0,0.0,1.0,0.0,0.0,255,244,0.96,0.01,0.0,0.0,0.0,0.0,0,104305.0
29,1,0,0,0,0,231,0.0,0.0,0.06,0.07,0.0,255,13,0.05,0.08,0.0,0.0,0.0,1.0,1,20436.0
56,5,0,0,0,0,241,1.0,1.0,0.07,0.07,0.0,255,18,0.07,0.07,0.0,1.0,1.0,0.0,1,117387.0
11,9,97,37,0,0,1,0.0,0.0,1.0,0.0,0.0,37,14,0.38,0.05,0.0,0.0,0.0,0.0,0,73107.0
22,9,216,12975,0,1,1,0.0,0.0,1.0,0.0,0.5,133,255,1.0,0.0,0.03,0.0,0.0,0.0,0,114835.0
44,5,0,0,0,0,212,1.0,1.0,0.08,0.07,0.0,255,17,0.07,0.07,0.0,1.0,1.0,0.0,1,91476.0
49,9,829,331,0,1,1,0.0,0.0,1.0,0.0,1.0,109,141,0.28,0.05,0.01,0.0,0.0,0.0,0,112664.0
22,9,222,882,0,1,1,0.0,0.0,1.0,0.0,0.12,255,255,1.0,0.0,0.0,0.0,0.0,0.0,0,68519.0
44,5,0,0,0,0,262,1.0,1.0,0.05,0.06,0.0,255,11,0.04,0.08,0.0,1.0,1.0,0.0,1,80228.0
22,9,54540,8314,0,1,5,0.0,0.0,1.0,0.0,0.0,145,145,1.0,0.0,0.0,0.0,0.0,0.06,1,67766.0
22,9,206,997,0,1,14,0.0,0.0,1.0,0.0,0.05,82,255,1.0,0.0,0.05,0.0,0.0,0.0,0,94378.0
22,9,230,851,0,1,20,0.0,0.0,1.0,0.0,0.0,157,255,1.0,0.0,0.01,0.0,0.0,0.0,0,64501.0
44,5,0,0,0,0,228,1.0,1.0,0.03,0.05,0.0,255,7,0.03,0.05,0.0,1.0,1.0,0.0,1,61866.0
44,5,0,0,0,0,220,1.0,1.0,0.05,0.05,0.0,81,10,0.12,0.12,0.0,0.83,1.0,0.0,1,90336.0
8,2,0,0,0,0,141,0.0,0.0,0.09,0.06,0.0,255,6,0.02,0.06,0.0,0.0,0.0,1.0,1,57903.0
49,9,616,362,0,1,1,0.0,0.0,1.0,0.0,0.0,255,141,0.55,0.03,0.0,0.0,0.0,0.0,0,6770.0
60,5,0,0,0,0,226,1.0,1.0,0.08,0.05,0.0,255,17,0.07,0.05,0.0,1.0,1.0,0.0,1,97381.0
44,1,0,0,0,0,276,0.08,0.0,0.0,1.0,0.0,255,1,0.0,1.0,0.0,0.08,0.0,1.0,1,107090.0
22,9,159,48478,0,1,1,0.0,0.0,1.0,0.0,0.0,31,255,1.0,0.0,0.15,0.0,0.0,0.96,0,31978.0
22,5,0,0,0,0,2,0.5,0.33,1.0,0.0,0.67,50,255,1.0,0.0,0.06,0.04,0.01,0.01,0,29357.0
22,9,331,7714,0,1,14,0.0,0.0,1.0,0.0,0.0,14,255,1.0,0.0,0.04,0.0,0.0,0.0,0,115651.0
18,5,0,0,0,0,222,1.0,1.0,0.08,0.05,0.0,255,18,0.07,0.05,0.0,1.0,1.0,0.0,1,78919.0
11,9,44,138,0,0,51,0.0,0.0,1.0,0.0,0.02,255,254,1.0,0.01,0.0,0.0,0.0,0.0,0,63241.0
62,5,0,0,0,0,122,1.0,1.0,0.02,0.06,0.0,255,2,0.01,0.05,0.0,1.0,1.0,0.0,1,56818.0
22,9,343,2431,0,1,6,0.0,0.0,1.0,0.0,0.29,78,255,1.0,0.0,0.01,0.0,0.0,0.0,0,74038.0
22,9,347,2562,0,1,10,0.0,0.0,1.0,0.0,0.09,10,255,1.0,0.0,0.03,0.0,0.0,0.0,0,38168.0
22,9,315,1330,0,1,32,0.0,0.0,1.0,0.0,0.0,255,255,1.0,0.0,0.0,0.0,0.0,0.0,0,97655.0
22,9,226,329,0,1,2,0.0,0.0,1.0,0.0,0.09,56,255,1.0,0.0,0.14,0.0,0.0,0.57,0,107366.0
11,9,44,44,0,0,106,0.0,0.0,1.0,0.0,0.0,255,252,0.99,0.01,0.0,0.0,0.0,0.0,0,102311.0
19,5,0,0,0,0,37,0.97,1.0,0.24,0.14,0.0,255,41,0.16,0.05,0.0,1.0,1.0,0.0,1,104256.0
14,9,1032,0,0,0,510,0.0,0.0,1.0,0.0,0.0,255,250,0.98,0.01,0.0,0.0,0.0,0.0,1,67304.0
11,9,44,71,0,0,266,0.0,0.0,1.0,0.0,0.0,255,239,0.94,0.01,0.0,0.0,0.0,0.0,0,105153.0
20,5,0,0,0,0,278,1.0,1.0,0.01,0.05,0.0,255,4,0.02,0.05,0.0,1.0,1.0,0.0,1,121675.0
37,5,0,0,0,0,122,1.0,1.0,0.16,0.06,0.0,255,19,0.07,0.05,0.0,1.0,1.0,0.0,1,14702.0
22,9,204,604,0,1,4,0.0,0.0,1.0,0.0,0.29,116,196,1.0,0.0,0.02,0.0,0.0,0.0,0,109648.0
22,9,280,2474,0,1,4,0.0,0.0,1.0,0.0,0.33,255,255,1.0,0.0,0.0,0.0,0.0,0.0,0,34294.0
22,9,261,326,0,1,14,0.0,0.0,1.0,0.0,0.13,255,255,1.0,0.0,0.0,0.0,0.0,0.0,0,122068.0
11,9,45,109,0,0,248,0.0,0.0,1.0,0.0,0.01,255,220,0.86,0.01,0.0,0.0,0.0,0.0,0,73242.0
22,9,350,3413,0,1,3,0.0,0.0,1.0,0.0,0.43,39,255,1.0,0.0,0.02,0.0,0.0,0.0,0,124998.0
55,5,0,0,0,0,56,1.0,1.0,0.2,0.07,0.0,255,55,0.22,0.04,0.0,1.0,1.0,0.0,1,100143.0
18,9,1232,2451,0,1,1,0.0,0.0,1.0,0.0,0.0,118,16,0.14,0.05,0.0,0.02,0.0,0.0,1,99963.0
27,5,0,0,0,0,33,1.0,1.0,0.18,0.09,0.0,255,6,0.02,0.07,0.0,1.0,1.0,0.0,1,72083.0
44,9,1,0,0,0,3,0.0,0.0,1.0,0.0,0.0,255,3,0.01,0.36,0.0,0.02,0.0,0.0,1,107550.0
44,9,105,0,0,0,1,0.0,0.0,1.0,0.0,0.0,35,29,0.83,0.06,0.0,0.0,0.0,0.0,0,112908.0
19,9,567,0,0,1,1,0.0,0.0,1.0,0.0,0.0,104,53,0.07,0.16,0.04,0.03,0.02,0.0,0,11252.0
44,5,0,0,0,0,12,1.0,1.0,0.17,0.5,0.0,255,13,0.05,0.09,0.0,1.0,1.0,0.0,1,5546.0
44,5,0,0,0,0,130,1.0,1.0,0.01,0.05,0.0,255,1,0.0,0.05,0.0,1.0,1.0,0.0,1,103532.0
40,9,147,105,0,0,5,0.0,0.0,0.2,0.6,0.0,255,1,0.0,0.82,0.0,0.0,0.0,0.0,0,17605.0
22,9,317,18330,0,1,9,0.0,0.0,1.0,0.0,0.0,56,255,1.0,0.0,0.02,0.0,0.0,0.0,0,40632.0
19,9,1010,0,0,1,2,0.0,0.0,1.0,0.0,0.0,35,43,0.09,0.06,0.05,0.0,0.0,0.0,0,6426.0
44,5,0,0,0,0,144,1.0,1.0,0.1,0.06,0.0,255,9,0.04,0.07,0.0,1.0,1.0,0.0,1,92717.0
55,9,126,16038,0,1,1,0.0,0.0,1.0,0.0,0.0,180,4,0.02,0.04,0.0,0.01,0.0,0.0,0,109261.0
19,9,59,0,0,0,10,0.0,0.0,1.0,0.0,0.0,31,44,0.52,0.06,0.07,0.0,0.0,0.0,0,22412.0
54,5,0,0,0,0,292,1.0,1.0,0.07,0.06,0.0,255,11,0.04,0.05,0.0,1.0,1.0,0.0,1,86644.0
49,9,1478,324,0,1,1,0.0,0.0,1.0,0.0,1.0,223,157,0.63,0.02,0.01,0.0,0.0,0.0,0,111759.0
44,5,0,0,0,0,291,1.0,1.0,0.07,0.05,0.0,255,5,0.02,0.06,0.0,1.0,1.0,0.0,1,121679.0
19,9,3909,0,0,0,11,0.0,0.0,1.0,0.0,0.0,193,68,0.35,0.03,0.0,0.0,0.0,0.0,0,11590.0
17,9,8,140,0,0,1,0.0,0.0,1.0,0.0,0.0,9,11,0.11,0.33,0.18,0.0,0.0,0.0,0,123607.0
18,5,0,0,0,0,248,1.0,1.0,0.03,0.06,0.0,255,3,0.01,0.06,0.0,1.0,1.0,0.0,1,101204.0
14,9,1032,0,0,0,511,0.0,0.0,1.0,0.0,0.0,255,183,0.72,0.02,0.0,0.0,0.0,0.0,1,59291.0
49,9,658,324,0,1,1,0.0,0.0,1.0,0.0,0.0,102,169,0.65,0.06,0.01,0.0,0.0,0.0,0,59618.0
22,9,198,12112,0,1,1,0.0,0.0,1.0,0.0,1.0,29,255,1.0,0.0,0.05,0.0,0.0,0.0,0,48720.0
31,5,0,0,0,0,256,1.0,1.0,0.03,0.06,0.0,255,14,0.05,0.07,0.0,1.0,1.0,0.0,1,37999.0
19,9,7012,0,0,1,16,0.0,0.0,1.0,0.0,0.0,252,102,0.4,0.02,0.0,0.0,0.0,0.0,1,58017.0
44,5,0,0,0,0,238,1.0,1.0,0.04,0.05,0.0,255,7,0.03,0.08,0.0,1.0,1.0,0.0,1,121706.0
18,2,0,0,0,0,201,0.0,0.0,0.0,0.06,0.0,255,1,0.0,0.07,0.0,0.0,0.0,1.0,1,108139.0
22,9,323,2592,0,1,31,0.03,0.03,1.0,0.0,0.09,255,255,1.0,0.0,0.0,0.0,0.0,0.0,0,87412.0
49,9,828,388,0,1,1,0.0,0.0,1.0,0.0,0.0,255,39,0.15,0.71,0.0,0.7,0.0,0.0,0,58115.0
44,5,0,0,0,0,116,1.0,1.0,0.09,0.06,0.0,255,5,0.02,0.08,0.0,1.0,1.0,0.0,1,28870.0
22,9,224,1155,0,1,26,0.0,0.0,1.0,0.0,0.07,255,255,1.0,0.0,0.0,0.0,0.0,0.0,0,7777.0
22,9,339,339,0,1,2,0.0,0.0,1.0,0.0,0.0,255,255,1.0,0.0,0.0,0.01,0.01,0.0,0,117752.0
22,1,0,0,0,0,1,0.0,0.0,1.0,0.0,0.0,8,255,1.0,0.0,0.08,0.0,0.0,0.99,0,14298.0
22,9,228,1621,0,1,9,0.0,0.0,1.0,0.0,0.14,34,37,1.0,0.0,0.05,0.03,0.03,0.0,0,40062.0
22,9,248,2750,0,1,2,0.5,0.5,1.0,0.0,0.0,104,255,1.0,0.0,0.02,0.01,0.0,0.0,0,37723.0
44,5,0,0,0,0,185,1.0,1.0,0.02,0.07,0.0,255,4,0.02,0.07,0.0,1.0,1.0,0.0,1,3564.0
19,9,192,0,0,1,1,0.0,0.0,1.0,0.0,0.0,4,54,1.0,0.0,0.04,0.0,0.0,0.0,0,78146.0
44,5,0,0,0,0,167,1.0,1.0,0.01,0.08,0.0,255,2,0.01,0.07,0.0,1.0,1.0,0.0,1,72749.0
44,1,0,0,0,0,1,0.0,0.0,1.0,0.0,0.0,119,1,0.01,0.13,0.0,0.0,0.0,1.0,1,884.0
44,9,28,0,3,0,58,0.0,0.0,1.0,0.0,0.0,255,58,0.23,0.04,0.0,0.02,0.0,0.0,1,24066.0
14,9,1032,0,0,0,144,0.0,0.0,1.0,0.0,0.0,255,255,1.0,0.0,0.0,0.0,0.0,0.0,1,83327.0
44,5,0,0,0,0,224,1.0,1.0,0.04,0.06,0.0,255,8,0.03,0.05,0.0,1.0,1.0,0.0,1,72319.0
19,9,495,0,0,1,1,0.0,0.0,1.0,0.0,0.0,86,65,0.27,0.03,0.03,0.0,0.02,0.0,0,54236.0
24,5,0,0,0,0,201,1.0,1.0,0.01,0.06,0.0,255,20,0.08,0.08,0.0,1.0,1.0,0.0,1,56909.0
49,9,944,326,0,1,1,0.0,0.0,1.0,0.0,0.0,184,114,0.62,0.02,0.0,0.0,0.0,0.0,0,111813.0
4,5,0,0,0,0,217,1.0,1.0,0.11,0.06,0.0,255,24,0.09,0.06,0.0,1.0,1.0,0.0,1,67263.0
40,9,147,105,0,0,1,0.0,0.0,1.0,0.0,0.0,127,1,0.01,0.71,0.0,0.0,0.0,0.0,0,41669.0
19,9,501760,0,0,1,1,0.0,0.0,1.0,0.0,0.0,85,129,0.51,0.04,0.02,0.0,0.0,0.0,0,84591.0
22,9,209,3692,0,1,21,0.0,0.0,1.0,0.0,0.0,186,255,1.0,0.0,0.03,0.0,0.0,0.0,0,117404.0
49,9,2421,332,0,1,1,0.0,0.0,1.0,0.0,1.0,107,31,0.29,0.66,0.0,0.0,0.0,0.0,0,110235.0
22,9,232,1380,0,1,3,0.0,0.0,1.0,0.0,0.0,255,248,0.97,0.01,0.0,0.0,0.0,0.0,0,106008.0
49,9,954,326,0,1,2,0.0,0.0,0.5,1.0,0.0,28,104,0.71,0.11,0.02,0.0,0.0,0.0,0,205.0
40,9,1,0,0,0,54,0.0,0.0,0.06,0.11,0.0,255,3,0.01,0.09,0.0,0.0,0.0,0.0,1,24516.0
22,9,323,2462,0,1,9,0.0,0.0,1.0,0.0,0.0,9,255,1.0,0.0,0.05,0.0,0.0,0.0,0,42218.0
11,9,43,131,0,0,1,0.0,0.0,1.0,0.0,1.0,61,40,0.66,0.05,0.0,0.0,0.0,0.0,0,110391.0
22,9,290,762,0,1,21,0.0,0.0,1.0,0.0,0.0,255,255,1.0,0.0,0.0,0.0,0.0,0.0,0,94756.0
22,9,217,33640,0,1,5,0.0,0.0,1.0,0.0,0.0,5,255,1.0,0.0,0.01,0.0,0.0,0.0,0,42370.0
22,9,197,1637,0,1,3,0.0,0.0,1.0,0.0,0.0,3,255,1.0,0.0,0.02,0.0,0.0,0.0,0,81981.0
44,5,0,0,0,0,133,1.0,1.0,0.02,0.06,0.0,255,1,0.0,0.08,0.0,1.0,1.0,0.0,1,100604.0
13,9,8,0,0,0,1,0.0,0.0,1.0,0.0,1.0,3,219,1.0,0.0,0.25,0.0,0.0,0.0,1,94736.0
22,9,54540,8314,0,1,5,0.0,0.0,1.0,0.0,0.33,116,116,1.0,0.0,0.0,0.0,0.0,0.04,1,19867.0
40,9,146,105,0,0,1,0.0,0.0,1.0,0.0,0.0,255,3,0.01,0.64,0.0,0.0,0.0,0.0,0,121865.0
44,5,0,0,0,0,189,1.0,1.0,0.01,0.08,0.0,255,1,0.0,0.08,0.0,1.0,1.0,0.0,1,123012.0
11,9,33,0,0,0,1,0.0,0.0,1.0,0.0,1.0,217,24,0.07,0.15,0.08,0.03,0.0,0.0,0,72254.0
14,9,30,0,0,0,1,0.0,0.0,1.0,0.0,0.0,255,255,1.0,0.0,0.0,0.0,0.0,0.0,0,55400.0
55,5,0,0,0,0,22,1.0,1.0,0.23,0.18,0.0,255,63,0.25,0.02,0.0,1.0,1.0,0.0,1,110887.0
22,9,278,28772,0,1,9,0.0,0.0,1.0,0.0,0.0,50,255,1.0,0.0,0.06,0.0,0.0,0.0,0,112767.0
49,9,1169,388,0,1,1,0.0,0.0,1.0,0.0,0.0,255,72,0.28,0.02,0.0,0.55,0.0,0.0,0,116069.0
44,9,105,146,0,0,3,0.0,0.0,0.67,0.67,0.0,255,248,0.97,0.01,0.0,0.0,0.0,0.0,0,50115.0
53,1,0,0,0,0,234,0.0,0.0,0.01,0.07,0.0,255,3,0.01,0.07,0.0,0.0,0.0,1.0,1,58874.0
40,4,1,0,0,0,2,0.0,0.0,1.0,0.0,0.0,255,2,0.01,0.74,0.0,0.0,0.0,1.0,1,52555.0
11,9,45,111,0,0,75,0.0,0.0,1.0,0.0,0.01,255,254,1.0,0.01,0.0,0.0,0.0,0.0,0,76400.0
22,9,191,1894,0,1,4,0.0,0.0,1.0,0.0,0.0,50,255,1.0,0.0,0.01,0.0,0.0,0.0,0,46126.0
24,5,0,0,0,0,279,1.0,1.0,0.06,0.05,0.0,255,16,0.06,0.05,0.0,1.0,1.0,0.0,1,40201.0
22,9,280,2137,0,1,14,0.0,0.0,1.0,0.0,0.13,14,255,1.0,0.0,0.05,0.0,0.0,0.0,0,67394.0
44,4,0,0,0,0,1,0.0,0.0,1.0,0.0,0.0,159,1,0.01,0.7,0.0,0.04,0.0,1.0,1,106538.0
11,9,44,127,0,0,290,0.0,0.0,1.0,0.01,0.0,255,220,0.86,0.01,0.0,0.0,0.0,0.0,0,118338.0
22,9,273,1587,0,1,2,0.0,0.0,1.0,0.0,0.0,255,255,1.0,0.0,0.0,0.0,0.0,0.0,0,120355.0
18,9,324,1069,0,1,1,0.0,0.0,1.0,0.0,0.0,58,5,0.09,0.07,0.0,0.0,0.0,0.0,0,82656.0
42,9,35,130,0,1,1,0.0,0.0,1.0,0.0,0.0,229,3,0.01,0.03,0.0,0.0,0.0,0.0,0,72057.0
49,9,1908,335,0,1,1,0.0,0.0,1.0,0.0,0.0,57,134,0.81,0.09,0.01,0.0,0.0,0.0,0,21140.0
44,9,1,0,0,0,5,0.0,0.0,0.4,0.4,0.0,255,2,0.01,0.98,0.0,0.03,0.0,0.0,1,45547.0
32,5,0,0,0,0,202,1.0,1.0,0.0,0.07,0.0,255,1,0.0,0.08,0.0,1.0,1.0,0.0,1,24482.0
44,5,0,0,0,0,289,1.0,1.0,0.07,0.06,0.0,255,19,0.07,0.06,0.0,1.0,1.0,0.0,1,70793.0
49,9,714,328,0,1,1,0.0,0.0,1.0,0.0,0.0,128,58,0.45,0.05,0.0,0.0,0.0,0.0,0,41241.0
22,9,216,5234,0,1,4,0.0,0.0,1.0,0.0,0.0,4,255,1.0,0.0,0.04,0.0,0.0,0.0,0,62896.0
22,9,348,353,0,1,5,0.0,0.0,1.0,0.0,0.0,37,255,1.0,0.0,0.04,0.0,0.0,0.0,0,26313.0
44,1,0,0,0,0,98,0.01,0.0,0.01,1.0,0.0,223,1,0.0,0.47,0.0,0.0,0.0,1.0,1,109691.0
22,9,196,1821,0,1,7,0.0,0.0,1.0,0.0,0.0,7,255,1.0,0.0,0.04,0.0,0.0,0.0,0,93103.0
18,9,1472,4152,0,1,1,0.0,0.0,1.0,0.0,0.0,137,31,0.23,0.03,0.0,0.0,0.0,0.0,0,101976.0
44,9,105,145,0,0,1,0.0,0.0,1.0,0.0,0.0,2,2,1.0,0.0,0.0,0.0,0.0,0.0,0,117323.0
8,5,0,0,0,0,279,1.0,1.0,0.09,0.05,0.0,255,24,0.09,0.05,0.0,1.0,1.0,0.0,1,86667.0
44,4,0,0,0,0,383,0.0,0.0,0.01,0.52,0.0,255,2,0.01,0.52,0.0,0.0,0.0,1.0,1,6826.0
3,9,10,39,0,1,2,0.0,0.0,0.5,1.0,0.0,33,15,0.06,0.12,0.13,0.0,0.0,0.0,0,33536.0
22,9,284,170,0,1,1,0.0,0.0,1.0,0.0,0.0,13,255,1.0,0.0,0.06,0.0,0.0,0.0,0,21426.0
7,5,0,0,0,0,168,1.0,1.0,0.02,0.07,0.0,255,3,0.01,0.05,0.0,1.0,1.0,0.0,1,103102.0
22,9,324,6409,0,1,6,0.0,0.0,1.0,0.0,0.14,6,255,1.0,0.0,0.06,0.0,0.01,0.0,0,62971.0
62,5,0,0,0,0,205,1.0,1.0,0.09,0.06,0.0,255,14,0.05,0.07,0.0,1.0,1.0,0.0,1,116773.0
32,5,0,0,0,0,279,1.0,1.0,0.04,0.06,0.0,255,11,0.04,0.07,0.0,1.0,1.0,0.0,1,10543.0
22,9,276,622,0,1,3,0.0,0.0,1.0,0.0,0.0,227,255,1.0,0.0,0.01,0.0,0.0,0.0,0,25164.0
19,9,383,0,0,0,2,0.0,0.0,1.0,0.0,0.0,189,44,0.13,0.03,0.05,0.0,0.0,0.0,0,43663.0
53,1,0,0,0,0,150,0.0,0.0,0.13,0.05,0.0,255,15,0.06,0.06,0.0,0.0,0.0,1.0,1,22253.0
49,9,2489,329,0,1,1,0.0,0.0,1.0,0.0,0.0,255,31,0.12,0.47,0.0,0.0,0.0,0.0,0,40326.0
49,9,1019,360,0,1,1,0.0,0.0,1.0,0.0,0.0,98,152,0.48,0.04,0.01,0.0,0.0,0.0,0,13327.0
44,5,0,0,0,0,120,1.0,1.0,0.03,0.05,0.0,255,3,0.01,0.05,0.0,1.0,1.0,0.0,1,31552.0
22,9,146,19994,0,1,1,0.0,0.0,1.0,0.0,1.0,10,255,1.0,0.0,0.02,0.0,0.0,0.0,0,8198.0
19,9,12,0,0,1,1,0.0,0.0,1.0,0.0,1.0,143,82,0.28,0.05,0.02,0.01,0.0,0.0,0,115546.0
13,9,18,0,0,0,1,0.0,0.0,1.0,0.0,0.0,1,216,1.0,0.0,1.0,0.0,0.0,0.0,1,120040.0
22,5,0,0,0,0,14,1.0,1.0,1.0,0.0,0.0,255,14,0.05,0.07,0.0,1.0,1.0,0.0,1,77179.0
19,9,10073,0,0,1,16,0.0,0.0,1.0,0.0,0.0,96,65,0.23,0.03,0.05,0.0,0.0,0.0,0,102060.0
44,5,0,0,0,0,84,1.0,1.0,0.23,0.07,0.0,255,4,0.02,0.06,0.0,1.0,1.0,0.0,1,63570.0
22,9,260,4702,0,1,3,0.0,0.0,1.0,0.0,0.5,3,255,1.0,0.0,0.03,0.0,0.01,0.0,0,116485.0
25,5,0,0,0,0,123,1.0,1.0,0.07,0.07,0.0,255,8,0.03,0.06,0.0,1.0,1.0,0.0,1,1687.0
18,9,233,770,0,1,1,0.0,0.0,1.0,0.0,0.0,238,52,0.22,0.03,0.0,0.0,0.0,0.0,0,6997.0
62,5,0,0,0,0,178,1.0,1.0,0.04,0.06,0.0,255,10,0.04,0.06,0.0,1.0,1.0,0.0,1,107675.0
11,9,45,131,0,0,46,0.0,0.0,1.0,0.0,0.02,186,196,0.78,0.02,0.01,0.0,0.0,0.0,0,122315.0
22,9,325,674,0,1,2,0.0,0.0,1.0,0.0,0.0,255,255,1.0,0.0,0.0,0.0,0.0,0.0,0,89104.0
18,9,1519,4152,0,1,1,0.0,0.0,1.0,0.0,0.0,84,26,0.31,0.06,0.0,0.0,0.0,0.0,0,50856.0
36,5,0,0,0,0,161,1.0,1.0,0.12,0.05,0.0,255,20,0.08,0.05,0.0,1.0,1.0,0.0,1,25730.0
49,9,814,333,0,1,1,0.0,0.0,1.0,0.0,1.0,154,184,0.79,0.03,0.02,0.0,0.0,0.0,0,19485.0
19,9,1363,0,0,1,17,0.0,0.0,1.0,0.0,0.0,177,86,0.35,0.03,0.02,0.0,0.0,0.0,0,65890.0
49,9,848,332,0,1,1,0.0,0.0,1.0,0.0,1.0,113,171,0.62,0.05,0.01,0.0,0.0,0.0,0,10620.0
55,9,0,12,0,0,1,0.0,0.0,1.0,0.0,0.0,4,4,0.25,1.0,0.75,0.0,0.0,0.25,1,38652.0
14,9,1032,0,0,0,64,0.0,0.0,1.0,0.0,0.0,255,64,0.25,0.02,0.0,0.0,0.0,0.0,1,40713.0
11,9,44,44,0,0,4,0.0,0.0,0.25,0.5,0.29,104,101,0.97,0.02,0.0,0.0,0.0,0.0,0,119939.0
22,9,232,12605,0,1,12,0.0,0.0,1.0,0.0,0.0,255,255,1.0,0.0,0.0,0.0,0.0,0.0,0,30580.0
19,9,175337,0,0,0,1,0.0,0.0,1.0,0.0,0.0,230,74,0.32,0.02,0.0,0.0,0.0,0.0,0,69617.0
18,5,0,0,0,0,245,1.0,1.0,0.02,0.06,0.0,255,6,0.02,0.06,0.0,1.0,1.0,0.0,1,119525.0
34,1,0,0,0,0,265,0.0,0.0,0.03,0.06,0.0,255,8,0.03,0.08,0.0,0.0,0.0,1.0,1,122354.0
44,9,1,0,0,0,9,0.0,0.0,1.0,0.0,0.0,255,9,0.04,0.96,0.0,0.13,0.0,0.0,1,70791.0
22,9,314,1410,0,1,15,0.0,0.0,1.0,0.0,0.0,255,255,1.0,0.0,0.0,0.0,0.0,0.0,0,123390.0
22,9,234,2698,0,1,3,0.0,0.0,1.0,0.0,0.5,255,249,0.98,0.01,0.0,0.0,0.0,0.0,0,54620.0
13,9,8,0,0,0,1,0.0,0.0,1.0,0.0,1.0,3,63,1.0,0.0,0.25,0.0,0.0,0.0,1,22614.0
44,9,28,0,3,0,33,0.0,0.0,1.0,0.0,0.0,236,33,0.14,0.05,0.0,0.02,0.0,0.0,1,46676.0
44,5,0,0,0,0,197,1.0,1.0,0.02,0.05,0.0,138,3,0.02,0.08,0.0,0.9,1.0,0.0,1,111978.0
22,9,229,1483,0,1,4,0.0,0.0,1.0,0.0,0.0,255,255,1.0,0.0,0.0,0.0,0.0,0.0,0,123073.0
19,9,383,0,0,1,2,0.0,0.0,1.0,0.0,0.5,119,41,0.18,0.03,0.05,0.0,0.0,0.0,0,124566.0
25,5,0,0,0,0,232,1.0,1.0,0.06,0.06,0.0,255,15,0.06,0.06,0.0,1.0,1.0,0.0,1,44324.0
19,9,10389,0,0,1,6,0.0,0.0,1.0,0.0,0.0,164,116,0.38,0.02,0.02,0.0,0.0,0.0,0,23975.0
29,5,0,0,0,0,265,1.0,1.0,0.09,0.05,0.0,255,23,0.09,0.05,0.0,1.0,1.0,0.0,1,75730.0
19,9,151,0,0,1,3,0.0,0.0,1.0,0.0,0.0,10,9,0.9,0.2,0.0,0.0,0.0,0.0,0,26837.0
22,1,0,0,0,0,1,0.0,0.0,1.0,0.0,0.0,3,144,1.0,0.0,0.22,0.0,0.0,1.0,0,22691.0
13,9,30,0,0,0,1,0.0,0.0,1.0,0.0,0.0,4,110,1.0,0.0,0.49,0.0,0.0,0.0,0,20478.0
11,9,33,0,0,0,8,0.0,0.0,1.0,0.0,0.0,255,36,0.14,0.03,0.0,0.0,0.0,0.0,0,329.0
51,5,0,0,0,0,131,1.0,1.0,0.12,0.06,0.0,255,31,0.12,0.07,0.0,1.0,1.0,0.0,1,79573.0
44,9,1,0,0,0,74,0.0,0.0,0.64,0.05,0.0,255,111,0.44,0.06,0.0,0.0,0.0,0.0,1,14317.0
19,9,495,0,0,1,1,0.0,0.0,1.0,0.0,0.67,67,61,0.34,0.07,0.03,0.0,0.02,0.0,0,87148.0
22,9,187,7770,0,1,2,0.0,0.0,0.5,1.0,0.0,255,246,0.96,0.01,0.0,0.0,0.0,0.0,0,116426.0
19,9,5558,0,0,0,2,0.0,0.0,1.0,0.0,0.11,71,40,0.2,0.04,0.05,0.0,0.0,0.0,0,62595.0
22,9,240,8156,0,1,2,0.0,0.0,1.0,0.0,0.0,255,255,1.0,0.0,0.0,0.0,0.0,0.0,0,56083.0
44,5,0,0,0,0,260,1.0,1.0,0.02,0.06,0.0,255,11,0.04,0.09,0.0,1.0,1.0,0.0,1,38624.0
22,9,210,26992,0,1,1,0.0,0.0,1.0,0.0,0.22,1,255,1.0,0.0,0.05,0.0,0.0,0.0,0,78357.0
18,2,0,0,0,0,243,0.0,0.0,0.01,0.07,0.0,255,3,0.01,0.08,0.0,0.0,0.0,1.0,1,80644.0
22,9,229,815,0,1,1,0.0,0.0,1.0,0.0,0.5,4,255,1.0,0.0,0.01,0.0,0.0,0.0,0,114511.0
22,1,0,0,0,0,1,0.0,0.0,1.0,0.0,0.0,21,152,1.0,0.0,0.05,0.0,0.0,0.97,0,125544.0
40,9,147,105,0,0,2,0.0,0.0,1.0,0.0,0.0,255,2,0.01,0.62,0.0,0.0,0.0,0.0,0,95604.0
40,9,146,105,0,0,1,0.0,0.0,1.0,0.0,0.0,255,2,0.01,0.84,0.0,0.0,0.0,0.0,0,68469.0
49,9,3614,477,0,1,1,0.0,0.0,1.0,0.0,0.0,76,88,0.07,0.95,0.02,0.0,0.0,0.07,0,41306.0
4,5,0,0,0,0,265,1.0,1.0,0.02,0.05,0.0,255,5,0.02,0.05,0.0,1.0,1.0,0.0,1,115078.0
49,9,976,393,0,1,1,0.0,0.0,1.0,0.0,0.0,116,185,0.83,0.03,0.01,0.01,0.0,0.0,0,59105.0
37,5,0,0,0,0,86,1.0,1.0,0.2,0.07,0.0,255,17,0.07,0.07,0.0,1.0,1.0,0.0,1,96234.0
19,5,0,0,0,0,13,0.92,1.0,0.23,0.31,0.0,255,13,0.05,0.06,0.0,1.0,1.0,0.0,1,45672.0
60,1,0,0,0,0,152,0.0,0.0,0.11,0.07,0.0,255,16,0.06,0.08,0.0,0.0,0.0,1.0,1,20298.0
49,9,637,329,0,1,1,0.0,0.0,1.0,0.0,0.0,160,247,0.97,0.01,0.01,0.0,0.0,0.0,0,3476.0
42,9,35,130,0,1,1,0.0,0.0,1.0,0.0,0.0,255,5,0.02,0.06,0.0,0.01,0.0,0.0,0,20726.0
14,9,520,0,0,0,458,0.0,0.0,1.0,0.0,0.0,10,10,1.0,0.0,0.0,0.0,0.0,0.0,1,40696.0
56,5,0,0,0,0,268,1.0,1.0,0.09,0.05,0.0,255,23,0.09,0.05,0.0,1.0,1.0,0.0,1,60157.0
40,9,516,4,0,0,217,0.0,0.0,1.0,0.0,0.0,217,217,1.0,0.0,0.0,0.0,0.0,0.0,0,65463.0
6,5,0,0,0,0,275,1.0,1.0,0.06,0.06,0.0,255,4,0.02,0.08,0.0,1.0,1.0,0.0,1,76758.0
13,9,8,0,0,0,1,0.0,0.0,1.0,0.0,1.0,1,95,1.0,0.0,0.51,0.0,0.0,0.0,1,39038.0
49,9,1229,329,0,1,1,0.0,0.0,1.0,0.0,0.0,136,181,0.73,0.03,0.01,0.0,0.0,0.0,0,86156.0
49,9,1907,366,0,1,1,0.0,0.0,1.0,0.0,1.0,50,247,0.98,0.04,0.02,0.0,0.0,0.0,0,15730.0
58,9,70,0,0,0,18,0.0,0.0,0.11,0.17,0.0,255,21,0.08,0.01,0.0,0.0,0.0,0.0,0,12029.0
11,9,46,46,0,0,16,0.0,0.0,1.0,0.0,0.1,255,255,1.0,0.0,0.0,0.0,0.0,0.0,0,124119.0
22,9,304,1722,0,1,31,0.0,0.0,1.0,0.0,0.06,255,255,1.0,0.0,0.0,0.0,0.0,0.0,0,115915.0
49,9,848,330,0,1,1,0.0,0.0,1.0,0.0,0.0,79,54,0.68,0.05,0.0,0.0,0.0,0.02,0,32315.0
13,9,8,0,0,0,1,0.0,0.0,1.0,0.0,1.0,2,92,1.0,0.0,0.5,0.0,0.0,0.0,1,119246.0
22,9,159,217,0,1,1,0.0,0.0,1.0,0.0,0.0,8,255,1.0,0.0,0.04,0.0,0.0,0.01,0,78606.0
44,4,1,0,0,0,2,0.0,0.0,1.0,0.0,0.0,255,2,0.01,0.39,0.0,0.0,0.0,1.0,1,91750.0
22,9,337,3220,0,1,8,0.0,0.0,1.0,0.0,0.21,8,255,1.0,0.0,0.04,0.0,0.0,0.0,0,123767.0
44,5,0,0,0,0,237,1.0,1.0,0.01,0.07,0.0,255,6,0.02,0.09,0.0,1.0,1.0,0.0,1,12822.0
22,9,329,4556,0,1,3,0.33,0.2,1.0,0.0,0.4,51,255,1.0,0.0,0.07,0.02,0.02,0.01,0,28348.0
44,4,1,0,0,0,2,0.0,0.0,1.0,0.0,0.0,255,2,0.01,0.5,0.0,0.0,0.0,1.0,1,32032.0
22,1,0,0,0,0,9,0.0,0.0,1.0,0.0,0.0,25,172,1.0,0.0,0.19,0.0,0.0,0.98,0,98288.0
44,4,0,0,0,0,1,0.0,0.0,1.0,0.0,0.0,255,1,0.0,0.71,0.0,0.0,0.0,1.0,1,98884.0
22,9,237,37746,0,1,2,0.0,0.0,1.0,0.0,0.0,28,255,1.0,0.0,0.01,0.0,0.0,0.0,0,38275.0
22,5,0,0,0,0,2,0.5,0.25,1.0,0.0,0.5,102,255,1.0,0.0,0.02,0.01,0.0,0.0,0,34305.0
22,5,0,0,0,0,247,1.0,1.0,0.1,0.05,0.0,255,24,0.09,0.05,0.0,1.0,1.0,0.0,1,112286.0
22,9,213,8657,0,1,5,0.0,0.0,1.0,0.0,0.0,23,255,1.0,0.0,0.04,0.0,0.01,0.0,0,107760.0
11,9,44,70,0,0,95,0.0,0.0,1.0,0.0,0.0,255,255,1.0,0.0,0.0,0.0,0.0,0.0,0,119993.0
38,5,0,0,0,0,201,1.0,1.0,0.01,0.06,0.0,255,3,0.01,0.07,0.0,1.0,1.0,0.0,1,48803.0
13,9,8,0,0,0,1,0.0,0.0,1.0,0.0,1.0,1,73,1.0,0.0,0.51,0.0,0.0,0.0,1,63782.0
40,9,147,105,0,0,4,0.0,0.0,0.5,0.5,0.0,255,2,0.01,0.86,0.0,0.0,0.0,0.0,0,35574.0
61,5,0,0,0,0,282,1.0,1.0,0.08,0.05,0.0,255,22,0.09,0.05,0.0,1.0,1.0,0.0,1,40741.0
44,9,105,146,0,0,1,0.0,0.0,1.0,0.0,0.0,2,2,1.0,0.0,0.0,0.0,0.0,0.0,0,76305.0
13,9,30,0,0,0,1,0.0,0.0,1.0,0.0,0.0,255,3,0.01,0.01,0.0,0.0,0.0,0.0,0,89035.0
3,5,0,0,0,0,248,1.0,1.0,0.04,0.06,0.0,255,10,0.04,0.07,0.0,1.0,1.0,0.0,1,95764.0
14,9,1032,0,0,0,511,0.0,0.0,1.0,0.0,0.0,255,104,0.41,0.19,0.0,0.0,0.0,0.0,1,124062.0
22,9,233,458,0,1,30,0.0,0.0,1.0,0.0,0.11,255,255,1.0,0.0,0.0,0.0,0.0,0.0,0,86703.0
25,1,0,0,0,0,243,0.0,0.0,0.03,0.07,0.0,255,8,0.03,0.07,0.0,0.0,0.0,1.0,1,64555.0
22,9,263,1078,0,1,4,0.0,0.0,1.0,0.0,0.0,4,253,1.0,0.0,0.17,0.0,0.0,0.71,0,86104.0
11,9,45,45,0,0,126,0.0,0.0,1.0,0.0,0.01,255,255,1.0,0.0,0.0,0.0,0.0,0.0,0,4612.0
40,9,1,0,0,0,56,0.0,0.0,0.02,0.14,0.0,255,1,0.0,0.1,0.0,0.0,0.0,0.0,1,80745.0
22,9,307,782,0,1,11,0.0,0.0,1.0,0.0,0.0,53,255,1.0,0.0,0.02,0.0,0.0,0.0,0,59308.0
22,9,346,2445,0,1,3,0.0,0.0,1.0,0.0,0.0,255,255,1.0,0.0,0.0,0.0,0.0,0.0,0,12207.0
11,9,45,45,0,0,214,0.0,0.0,1.0,0.01,0.01,255,254,1.0,0.01,0.0,0.0,0.0,0.0,0,58163.0
19,9,259,0,0,1,1,0.0,0.0,1.0,0.0,0.0,48,71,0.04,0.08,0.03,0.0,0.0,0.0,0,74386.0
22,9,242,691,0,1,14,0.0,0.0,1.0,0.0,0.08,29,255,1.0,0.0,0.06,0.0,0.0,0.0,0,62454.0
55,5,0,0,0,0,24,0.96,1.0,0.21,0.21,0.0,255,25,0.1,0.05,0.0,1.0,1.0,0.0,1,66849.0
25,1,0,0,0,0,122,0.0,0.0,0.06,0.07,0.0,255,7,0.03,0.07,0.0,0.0,0.0,1.0,1,119453.0
22,5,0,0,0,0,263,1.0,1.0,0.1,0.05,0.0,255,25,0.1,0.05,0.0,1.0,1.0,0.0,1,32555.0
22,5,0,0,0,0,256,1.0,1.0,0.07,0.06,0.0,255,20,0.08,0.07,0.0,1.0,1.0,0.0,1,65748.0
14,9,520,0,0,0,174,0.0,0.0,1.0,0.0,0.0,255,255,1.0,0.0,0.0,0.0,0.0,0.0,1,17537.0
13,9,8,0,0,0,1,0.0,0.0,1.0,0.0,1.0,1,115,1.0,0.0,0.5,0.0,0.0,0.0,1,82986.0
25,5,0,0,0,0,282,1.0,1.0,0.02,0.05,0.0,255,5,0.02,0.05,0.0,1.0,1.0,0.0,1,120849.0
22,9,206,5739,0,1,13,0.0,0.0,1.0,0.0,0.14,222,255,1.0,0.0,0.01,0.0,0.0,0.0,0,2522.0
44,5,0,0,0,0,122,1.0,1.0,0.1,0.06,0.0,255,7,0.03,0.06,0.0,1.0,1.0,0.0,1,118298.0
22,1,0,0,0,0,1,0.0,0.0,1.0,0.0,1.0,14,239,1.0,0.0,0.12,0.0,0.0,1.0,0,122245.0
44,9,1,0,0,0,161,0.0,0.0,0.88,0.02,0.0,255,177,0.69,0.04,0.0,0.0,0.0,0.0,1,36268.0
13,9,18,0,0,0,1,0.0,0.0,1.0,0.0,0.0,3,195,1.0,0.0,0.25,0.0,0.0,0.0,1,101972.0
44,9,1,0,0,0,23,0.0,0.0,0.3,0.13,0.0,255,7,0.03,0.64,0.0,0.05,0.0,0.0,1,61895.0
22,9,208,1295,0,1,2,0.0,0.0,1.0,0.0,0.0,96,96,1.0,0.0,0.0,0.0,0.0,0.0,0,78753.0
49,9,2900,333,0,1,1,0.0,0.0,1.0,0.0,0.0,172,103,0.6,0.02,0.0,0.0,0.0,0.0,0,35660.0
22,1,0,0,0,0,1,0.0,0.0,1.0,0.0,0.0,3,255,1.0,0.0,0.09,0.0,0.0,0.62,0,33204.0
22,9,235,632,0,1,4,0.25,0.05,1.0,0.0,0.11,255,255,1.0,0.0,0.0,0.01,0.01,0.0,0,32357.0
22,1,0,0,0,0,1,0.0,0.0,1.0,0.0,1.0,5,255,1.0,0.0,0.16,0.0,0.0,1.0,0,59267.0
17,5,0,0,0,0,255,1.0,1.0,0.02,0.06,0.0,255,6,0.02,0.06,0.0,1.0,1.0,0.0,1,42552.0
22,9,215,382,0,1,4,0.0,0.0,1.0,0.0,0.0,175,255,1.0,0.0,0.01,0.0,0.0,0.0,0,43081.0
34,5,0,0,0,0,106,1.0,1.0,0.14,0.06,0.0,255,15,0.06,0.05,0.0,1.0,1.0,0.0,1,19652.0
22,1,0,0,0,0,232,0.0,0.0,0.03,0.06,0.0,255,7,0.03,0.07,0.0,0.0,0.0,1.0,1,60471.0
19,9,1339,0,0,1,2,0.0,0.0,1.0,0.0,0.0,255,36,0.14,0.02,0.0,0.0,0.0,0.0,0,37578.0
22,9,328,71032,0,1,11,0.0,0.0,1.0,0.0,0.1,30,255,1.0,0.0,0.09,0.0,0.0,0.0,0,66944.0
22,9,219,3692,0,1,49,0.0,0.0,1.0,0.0,0.0,186,255,1.0,0.0,0.01,0.0,0.0,0.0,0,56802.0
22,1,0,0,0,0,1,0.0,0.0,1.0,0.0,1.0,9,19,1.0,0.0,0.26,0.0,0.0,1.0,0,8910.0
22,9,0,859,0,0,8,0.12,0.12,1.0,0.0,0.0,43,255,1.0,0.0,0.02,0.02,0.0,0.0,0,27079.0
22,1,0,0,0,0,237,0.0,0.0,0.07,0.07,0.0,255,16,0.06,0.07,0.0,0.0,0.0,1.0,1,17819.0
22,9,209,5949,0,1,5,0.0,0.0,1.0,0.0,0.0,5,255,1.0,0.0,0.04,0.0,0.0,0.0,0,77587.0
22,1,0,0,0,0,1,0.0,0.0,1.0,0.0,0.0,1,250,1.0,0.0,0.26,0.0,0.0,0.9,0,42246.0
40,9,146,105,0,0,1,0.0,0.0,1.0,0.0,0.0,255,2,0.01,0.85,0.0,0.0,0.0,0.0,0,91630.0
22,9,226,5087,0,1,17,0.0,0.0,1.0,0.0,0.0,42,255,1.0,0.0,0.07,0.0,0.0,0.0,0,124272.0
40,4,1,0,0,0,2,0.0,0.0,1.0,0.0,0.0,255,2,0.01,0.74,0.0,0.0,0.0,1.0,1,114917.0
9,5,0,0,0,0,237,1.0,1.0,0.02,0.06,0.0,255,16,0.06,0.05,0.0,1.0,1.0,0.0,1,120532.0
11,9,45,45,0,0,103,0.0,0.0,1.0,0.0,0.02,255,227,0.89,0.01,0.0,0.0,0.0,0.0,0,87679.0
44,9,28,0,3,0,17,0.0,0.0,1.0,0.0,0.0,255,17,0.07,0.01,0.0,0.0,0.0,0.0,1,66008.0
13,9,18,0,0,0,1,0.0,0.0,1.0,0.0,0.0,2,182,1.0,0.0,0.25,0.0,0.0,0.0,1,50700.0
19,9,11,0,0,1,1,0.0,0.0,1.0,0.0,0.0,255,4,0.02,0.07,0.0,0.92,0.0,0.0,0,39135.0
49,9,1328,438,0,1,205,1.0,0.0,0.0,0.05,0.0,255,15,0.06,0.06,0.0,0.89,0.0,0.0,0,35100.0
49,9,1191,392,0,1,1,0.0,0.0,1.0,0.0,0.0,16,177,0.38,0.19,0.02,0.0,0.01,0.03,0,52690.0
44,5,0,0,0,0,84,1.0,1.0,0.23,0.05,0.0,255,19,0.07,0.05,0.0,1.0,1.0,0.0,1,93147.0
22,9,215,288,0,1,11,0.09,0.09,1.0,0.0,0.0,62,255,1.0,0.0,0.05,0.02,0.0,0.0,0,66721.0
14,9,30,0,0,0,2,0.0,0.0,1.0,0.0,0.0,219,219,1.0,0.0,0.0,0.0,0.0,0.0,0,74750.0
22,9,204,406,0,1,24,0.0,0.0,1.0,0.0,0.08,24,255,1.0,0.0,0.03,0.0,0.0,0.0,0,68807.0
19,9,383,0,0,1,1,0.0,0.0,1.0,0.0,0.0,70,99,0.27,0.06,0.02,0.0,0.0,0.0,0,100146.0
49,9,1308,334,0,1,1,0.0,0.0,1.0,0.0,0.0,127,155,0.56,0.02,0.02,0.0,0.0,0.0,0,45899.0
22,9,321,1484,0,1,34,0.0,0.0,1.0,0.0,0.0,146,255,1.0,0.0,0.04,0.0,0.0,0.0,0,88449.0
49,9,126,238,0,1,1,0.0,0.0,1.0,0.0,0.0,101,73,0.19,0.7,0.03,0.0,0.0,0.0,0,60462.0
59,5,0,0,0,0,123,1.0,1.0,0.07,0.07,0.0,255,7,0.03,0.07,0.0,1.0,1.0,0.0,1,51487.0
22,9,300,9986,0,1,14,0.0,0.0,1.0,0.0,0.0,255,255,1.0,0.0,0.0,0.0,0.0,0.0,0,74200.0
11,9,44,73,0,0,110,0.0,0.0,0.99,0.02,0.02,255,254,1.0,0.01,0.0,0.0,0.0,0.0,0,13122.0
22,1,0,0,0,0,15,0.0,0.0,1.0,0.0,0.0,37,184,1.0,0.0,0.18,0.0,0.0,0.97,0,91842.0
19,9,12,0,0,1,1,0.0,0.0,1.0,0.0,0.0,255,93,0.36,0.03,0.0,0.0,0.0,0.0,0,118529.0
11,9,45,88,0,0,275,0.0,0.0,1.0,0.0,0.0,255,206,0.81,0.01,0.0,0.0,0.0,0.0,0,109498.0
11,9,45,79,0,0,119,0.0,0.0,1.0,0.0,0.02,255,227,0.89,0.01,0.0,0.0,0.0,0.0,0,33030.0
44,5,0,0,0,0,252,1.0,1.0,0.03,0.06,0.0,255,4,0.02,0.08,0.0,1.0,1.0,0.0,1,5940.0
22,9,163,35147,0,1,1,0.0,0.0,1.0,0.0,0.0,202,255,1.0,0.0,0.01,0.0,0.0,0.0,0,9861.0
44,9,28,0,3,0,80,0.0,0.0,1.0,0.0,0.0,152,80,0.53,0.03,0.0,0.0,0.0,0.0,1,31107.0
44,4,1,0,0,0,2,0.0,0.0,1.0,0.0,0.0,255,2,0.01,0.82,0.0,0.0,0.0,1.0,1,63473.0
22,9,241,835,0,1,2,0.0,0.0,1.0,0.0,0.0,20,255,1.0,0.0,0.03,0.0,0.0,0.0,0,125137.0
11,9,44,70,0,0,66,0.0,0.0,1.0,0.0,0.01,255,211,0.83,0.01,0.0,0.0,0.0,0.0,0,2866.0
22,9,259,848,0,1,12,0.0,0.0,1.0,0.0,0.0,255,255,1.0,0.0,0.0,0.0,0.0,0.0,0,53489.0
40,9,1,0,0,0,5,0.0,0.0,0.4,0.4,0.0,255,2,0.01,0.16,0.0,0.0,0.0,0.0,1,30977.0
22,9,209,566,0,1,2,0.0,0.0,1.0,0.0,0.0,20,255,1.0,0.0,0.02,0.0,0.0,0.0,0,63202.0
19,9,12983,0,0,1,2,0.0,0.0,1.0,0.0,0.0,14,90,0.21,0.14,0.03,0.0,0.0,0.0,0,89532.0
61,5,0,0,0,0,43,1.0,1.0,0.3,0.14,0.0,255,13,0.05,0.08,0.0,1.0,1.0,0.0,1,6821.0
55,5,0,0,0,0,264,1.0,1.0,0.08,0.05,0.0,255,20,0.08,0.05,0.0,1.0,1.0,0.0,1,107568.0
14,9,520,0,0,0,411,0.0,0.0,1.0,0.0,0.0,255,255,1.0,0.0,0.0,0.0,0.0,0.0,1,79231.0
22,9,202,4774,0,1,4,0.0,0.0,1.0,0.0,0.12,5,255,1.0,0.0,0.01,0.0,0.0,0.01,0,41051.0
44,5,0,0,0,0,174,1.0,1.0,0.03,0.07,0.0,255,5,0.02,0.06,0.0,1.0,1.0,0.0,1,60781.0
22,9,241,589,0,1,11,0.0,0.0,1.0,0.0,0.0,255,255,1.0,0.0,0.0,0.0,0.0,0.0,0,88907.0
44,4,1,0,0,0,2,0.0,0.0,1.0,0.0,0.0,240,2,0.01,0.25,0.0,0.0,0.0,1.0,1,16385.0
44,5,0,0,0,0,204,1.0,1.0,0.02,0.06,0.0,255,15,0.06,0.07,0.0,1.0,1.0,0.0,1,2227.0
44,9,1,0,0,0,160,0.0,0.0,0.88,0.03,0.0,255,177,0.69,0.04,0.0,0.0,0.0,0.0,1,113533.0
59,2,0,0,0,0,147,0.0,0.0,0.12,0.05,0.0,255,18,0.07,0.06,0.0,0.0,0.0,1.0,1,79513.0
5,1,0,0,0,0,115,0.0,0.0,0.13,0.06,0.0,255,15,0.06,0.05,0.0,0.0,0.0,1.0,1,91724.0
44,5,0,0,0,0,218,1.0,1.0,0.03,0.07,0.0,255,6,0.02,0.06,0.0,1.0,1.0,0.0,1,16412.0
6,5,0,0,0,0,124,1.0,1.0,0.12,0.06,0.0,255,8,0.03,0.07,0.0,1.0,1.0,0.0,1,7505.0
44,5,0,0,0,0,257,1.0,1.0,0.07,0.06,0.0,255,19,0.07,0.08,0.0,1.0,1.0,0.0,1,117034.0
37,1,0,0,0,0,150,0.0,0.0,0.13,0.06,0.0,255,20,0.08,0.06,0.0,0.0,0.0,1.0,1,39268.0
22,9,250,499,0,1,61,0.0,0.0,1.0,0.0,0.0,193,255,1.0,0.0,0.02,0.0,0.0,0.0,0,104288.0
11,9,44,129,0,0,68,0.0,0.0,1.0,0.0,0.01,255,231,0.91,0.01,0.0,0.0,0.0,0.0,0,42068.0
11,9,24,42,0,0,1,0.0,0.0,1.0,0.0,0.6,255,242,0.95,0.02,0.0,0.0,0.0,0.0,0,39418.0
37,1,0,0,0,0,119,0.0,0.0,0.12,0.07,0.0,255,14,0.05,0.07,0.0,0.0,0.0,1.0,1,69765.0
58,9,181,0,0,0,2,0.0,0.0,0.5,1.0,0.0,255,110,0.43,0.01,0.0,0.0,0.0,0.0,0,111014.0
44,9,28,0,3,0,81,0.01,0.0,0.99,0.02,0.0,255,80,0.31,0.01,0.0,0.0,0.0,0.0,1,115910.0
24,1,0,0,0,0,276,0.0,0.0,0.03,0.06,0.0,255,8,0.03,0.07,0.0,0.0,0.0,1.0,1,98127.0
22,9,214,660,0,1,7,0.0,0.0,1.0,0.0,0.2,255,255,1.0,0.0,0.0,0.0,0.0,0.0,0,44228.0
22,9,327,5650,0,1,41,0.0,0.0,1.0,0.0,0.0,255,255,1.0,0.0,0.0,0.0,0.0,0.0,0,63665.0
18,5,0,0,0,0,269,1.0,1.0,0.07,0.06,0.0,255,10,0.04,0.07,0.0,1.0,1.0,0.0,1,49646.0
49,9,861,328,0,1,1,0.0,0.0,1.0,0.0,1.0,170,137,0.67,0.02,0.01,0.0,0.0,0.0,0,47911.0
44,5,0,0,0,0,225,1.0,1.0,0.05,0.05,0.0,183,11,0.06,0.07,0.0,0.99,1.0,0.0,1,38083.0
15,5,0,0,0,0,145,1.0,1.0,0.12,0.06,0.0,255,17,0.07,0.05,0.0,1.0,1.0,0.0,1,48483.0
44,5,0,0,0,0,40,1.0,1.0,0.1,0.15,0.0,255,4,0.02,0.09,0.0,1.0,1.0,0.0,1,116950.0
0,4,1271,9698,0,1,1,0.0,0.0,1.0,0.0,0.0,213,24,0.11,0.01,0.0,0.0,0.0,0.62,0,35446.0
55,6,0,0,0,0,1,1.0,1.0,1.0,0.0,0.0,77,1,0.01,0.06,0.0,0.01,1.0,0.0,1,88873.0
53,5,0,0,0,0,283,1.0,1.0,0.01,0.05,0.0,255,3,0.01,0.05,0.0,1.0,1.0,0.0,1,26143.0
22,9,290,3376,0,1,5,0.0,0.0,1.0,0.0,0.0,51,255,1.0,0.0,0.07,0.0,0.0,0.0,0,42334.0
11,9,36,36,0,0,3,0.0,0.0,1.0,0.0,0.5,255,250,0.98,0.01,0.0,0.0,0.0,0.0,0,99075.0
56,5,0,0,0,0,264,1.0,1.0,0.06,0.05,0.0,255,16,0.06,0.05,0.0,1.0,1.0,0.0,1,76666.0
22,9,313,2043,0,1,17,0.0,0.0,1.0,0.0,0.0,255,255,1.0,0.0,0.0,0.0,0.0,0.0,0,58119.0
22,9,315,1054,0,1,4,0.0,0.0,1.0,0.0,0.5,255,255,1.0,0.0,0.0,0.0,0.0,0.0,0,119901.0
14,9,1032,0,0,0,511,0.0,0.0,1.0,0.0,0.0,255,24,0.09,0.05,0.0,0.33,0.0,0.0,1,105726.0
40,4,1,0,0,0,2,0.0,0.0,1.0,0.0,0.0,255,2,0.01,0.62,0.0,0.0,0.0,1.0,1,57282.0
22,9,319,1718,0,1,4,0.0,0.0,1.0,0.0,0.0,255,255,1.0,0.0,0.0,0.0,0.0,0.0,0,75387.0
22,9,237,18604,0,1,8,0.0,0.0,1.0,0.0,0.22,255,255,1.0,0.0,0.0,0.0,0.0,0.0,0,8229.0
22,9,217,2887,0,1,10,0.0,0.0,1.0,0.0,0.0,255,255,1.0,0.0,0.0,0.0,0.0,0.0,0,1102.0
11,9,33,93,0,0,7,0.0,0.0,1.0,0.0,0.4,149,209,0.9,0.01,0.01,0.0,0.0,0.0,0,92995.0
22,1,0,0,0,0,1,0.0,0.0,1.0,0.0,0.0,24,216,1.0,0.0,0.01,0.04,0.0,0.09,0,81112.0
40,1,0,0,0,0,318,0.1,0.0,0.0,1.0,0.0,255,1,0.0,1.0,0.0,0.09,0.0,1.0,1,47108.0
22,9,396,4037,0,1,25,0.0,0.0,1.0,0.0,0.07,255,255,1.0,0.0,0.0,0.0,0.0,0.0,0,22618.0
22,9,220,2111,0,1,3,0.0,0.0,1.0,0.0,0.0,255,255,1.0,0.0,0.0,0.0,0.0,0.0,0,76199.0
22,9,322,4902,0,1,1,0.0,0.0,1.0,0.0,0.3,11,255,1.0,0.0,0.03,0.0,0.0,0.0,0,30334.0
13,9,8,0,0,0,1,0.0,0.0,1.0,0.0,1.0,3,143,1.0,0.0,0.25,0.0,0.0,0.0,1,42806.0
2,1,0,0,0,0,246,0.0,0.0,0.08,0.07,0.0,255,20,0.08,0.07,0.0,0.0,0.0,1.0,1,32099.0
18,9,1216,3380,0,1,1,0.0,0.0,1.0,0.0,0.0,255,70,0.27,0.03,0.0,0.0,0.0,0.0,0,3026.0
49,9,2307,387,0,1,1,0.0,0.0,1.0,0.0,0.0,255,83,0.33,0.31,0.0,0.31,0.0,0.0,0,49626.0
44,5,0,0,0,0,281,1.0,1.0,0.02,0.06,0.0,255,8,0.03,0.06,0.0,1.0,1.0,0.0,1,67140.0
22,9,163,3253,0,1,1,0.0,0.0,1.0,0.0,0.0,151,255,1.0,0.0,0.03,0.0,0.0,0.0,0,45697.0
44,9,28,0,3,0,62,0.0,0.0,1.0,0.0,0.0,134,62,0.46,0.03,0.0,0.0,0.0,0.0,1,10198.0
13,9,8,0,0,0,1,0.0,0.0,1.0,0.0,1.0,2,90,1.0,0.0,0.51,0.0,0.0,0.0,1,69929.0
22,9,297,2994,0,1,2,0.0,0.0,1.0,0.0,0.0,132,255,1.0,0.0,0.02,0.0,0.0,0.0,0,55443.0
14,9,1032,0,0,0,357,0.0,0.0,1.0,0.0,0.0,192,98,0.51,0.04,0.0,0.01,0.0,0.0,1,110631.0
22,1,0,0,0,0,1,0.0,0.0,1.0,0.0,0.0,17,219,1.0,0.0,0.16,0.0,0.0,1.0,0,7282.0
44,4,0,0,0,0,1,0.0,0.0,1.0,0.0,0.0,255,1,0.0,0.69,0.0,0.0,0.0,1.0,1,5981.0
22,9,320,269,0,1,5,0.0,0.0,1.0,0.0,0.0,50,44,0.88,0.04,0.0,0.0,0.0,0.0,0,25643.0
22,9,297,10862,0,1,12,0.0,0.0,1.0,0.0,0.0,92,255,1.0,0.0,0.02,0.0,0.0,0.0,0,97816.0
22,9,211,304,0,1,5,0.0,0.0,1.0,0.0,0.0,109,255,1.0,0.0,0.03,0.0,0.0,0.0,0,106707.0
14,9,520,0,0,0,449,0.0,0.0,1.0,0.0,0.0,210,210,1.0,0.0,0.0,0.0,0.0,0.0,1,10821.0
55,9,825,100118,0,1,1,0.0,0.0,1.0,0.0,0.0,31,8,0.26,0.13,0.0,0.0,0.0,0.0,0,120618.0
49,9,1138,329,0,1,1,0.0,0.0,1.0,0.0,0.0,206,178,0.7,0.08,0.01,0.0,0.0,0.0,0,122842.0
11,9,42,162,0,0,79,0.0,0.0,1.0,0.0,0.01,255,255,1.0,0.0,0.0,0.0,0.0,0.0,0,114207.0
18,5,0,0,0,0,230,1.0,1.0,0.02,0.07,0.0,255,5,0.02,0.07,0.0,1.0,1.0,0.0,1,14622.0
44,5,0,0,0,0,111,1.0,1.0,0.1,0.06,0.0,58,10,0.17,0.1,0.0,1.0,1.0,0.0,1,7799.0
14,9,1032,0,0,0,510,0.0,0.0,1.0,0.0,0.0,255,49,0.19,0.04,0.0,0.23,0.0,0.0,1,99083.0
22,9,216,420,0,1,23,0.0,0.0,1.0,0.0,0.08,255,255,1.0,0.0,0.0,0.0,0.0,0.0,0,75581.0
11,9,30,0,0,0,1,0.0,0.0,1.0,0.0,1.0,255,22,0.09,0.02,0.0,0.0,0.0,0.0,0,45363.0
22,9,354,3588,0,1,2,0.0,0.0,1.0,0.0,0.0,255,255,1.0,0.0,0.0,0.0,0.0,0.0,0,31597.0
44,5,0,0,0,0,234,1.0,1.0,0.01,0.07,0.0,255,5,0.02,0.06,0.0,1.0,1.0,0.0,1,97131.0
22,7,197,0,0,0,5,0.2,0.2,1.0,0.0,0.0,40,255,1.0,0.0,0.05,0.03,0.01,0.53,0,69297.0
22,9,188,1364,0,1,4,0.0,0.0,1.0,0.0,0.4,255,255,1.0,0.0,0.0,0.0,0.0,0.0,0,25101.0
49,9,955,337,0,1,1,0.0,0.0,1.0,0.0,1.0,7,199,1.0,0.0,0.01,0.0,0.0,0.0,0,69564.0
22,9,217,3084,0,1,2,0.0,0.0,1.0,0.0,0.0,182,255,1.0,0.0,0.02,0.0,0.0,0.0,0,47946.0
44,5,0,0,0,0,57,1.0,1.0,0.21,0.11,0.0,255,12,0.05,0.07,0.0,1.0,1.0,0.0,1,19174.0
22,9,261,5848,0,1,1,0.0,0.0,1.0,0.0,0.15,69,255,1.0,0.0,0.04,0.0,0.0,0.0,0,107405.0
49,9,1664,365,0,1,1,0.0,0.0,1.0,0.0,0.0,21,165,0.95,0.1,0.01,0.0,0.0,0.0,0,99052.0
11,9,42,71,0,0,203,0.0,0.0,1.0,0.01,0.01,255,254,1.0,0.01,0.0,0.0,0.0,0.0,0,74101.0
11,9,42,42,0,0,1,0.0,0.0,1.0,0.0,0.0,255,210,0.82,0.01,0.0,0.0,0.0,0.0,0,15510.0
49,9,774,325,0,1,1,0.0,0.0,1.0,0.0,0.0,139,83,0.6,0.04,0.0,0.0,0.0,0.0,0,108563.0
22,9,215,1295,0,1,2,0.0,0.0,1.0,0.0,0.67,255,255,1.0,0.0,0.0,0.0,0.0,0.0,0,78235.0
44,5,0,0,0,0,119,1.0,1.0,0.1,0.06,0.0,255,9,0.04,0.07,0.0,1.0,1.0,0.0,1,118976.0
22,9,207,2708,0,1,6,0.0,0.0,1.0,0.0,0.1,88,255,1.0,0.0,0.03,0.0,0.0,0.0,0,111105.0
22,9,211,6779,0,1,20,0.0,0.0,1.0,0.0,0.0,20,255,1.0,0.0,0.02,0.0,0.0,0.0,0,92246.0
44,9,1,0,0,0,7,0.0,0.0,0.57,0.29,0.0,255,4,0.02,0.97,0.0,0.03,0.0,0.0,1,17380.0
11,9,37,90,0,0,1,0.0,0.0,1.0,0.0,0.67,105,44,0.42,0.04,0.0,0.0,0.0,0.0,0,65802.0
19,9,35195,0,0,0,22,0.0,0.0,1.0,0.0,0.0,219,64,0.29,0.02,0.0,0.0,0.0,0.0,0,84290.0
44,5,0,0,0,0,282,1.0,1.0,0.05,0.06,0.0,255,16,0.06,0.07,0.0,1.0,1.0,0.0,1,2676.0
19,9,192,0,0,1,1,0.0,0.0,1.0,0.0,0.0,136,86,0.34,0.11,0.02,0.01,0.01,0.0,0,32707.0
44,5,0,0,0,0,252,1.0,1.0,0.04,0.06,0.0,255,19,0.07,0.06,0.0,1.0,1.0,0.0,1,28717.0
49,9,1784,334,0,1,1,0.0,0.0,1.0,0.0,1.0,4,179,1.0,0.0,0.02,0.0,0.0,0.0,0,31320.0
22,9,215,755,0,1,9,0.0,0.0,1.0,0.0,0.27,103,156,1.0,0.0,0.06,0.0,0.0,0.0,0,22426.0
22,9,248,1849,0,1,11,0.0,0.0,1.0,0.0,0.0,47,255,1.0,0.0,0.03,0.0,0.0,0.0,0,34936.0
22,9,214,9673,0,1,18,0.0,0.0,1.0,0.0,0.1,255,255,1.0,0.0,0.0,0.0,0.0,0.0,0,97038.0
22,9,249,1976,0,1,2,0.0,0.0,1.0,0.0,0.0,255,255,1.0,0.0,0.0,0.0,0.0,0.0,0,100869.0
44,5,0,0,0,0,282,1.0,1.0,0.06,0.06,0.0,255,16,0.06,0.06,0.0,1.0,1.0,0.0,1,112201.0
22,9,288,1784,0,1,10,0.0,0.0,1.0,0.0,0.07,255,255,1.0,0.0,0.0,0.0,0.0,0.0,0,120203.0
49,9,1185,328,0,1,1,0.0,0.0,1.0,0.0,0.0,34,36,0.74,0.12,0.06,0.0,0.0,0.0,0,89828.0
22,9,375,346,0,1,2,0.0,0.0,1.0,0.0,0.18,8,255,1.0,0.0,0.02,0.0,0.0,0.0,0,79854.0
49,9,966,336,0,1,1,0.0,0.0,1.0,0.0,1.0,114,140,0.61,0.04,0.01,0.0,0.0,0.0,0,70567.0
24,1,0,0,0,0,230,0.0,0.0,0.07,0.06,0.0,255,15,0.06,0.08,0.0,0.0,0.0,1.0,1,32896.0
19,9,501760,0,0,0,2,0.0,0.0,1.0,0.0,0.0,7,55,0.86,0.29,0.05,0.0,0.0,0.0,0,31390.0
9,5,0,0,0,0,261,1.0,1.0,0.01,0.06,0.0,255,2,0.01,0.07,0.0,1.0,1.0,0.0,1,100996.0
44,5,0,0,0,0,277,1.0,1.0,0.04,0.06,0.0,255,20,0.08,0.08,0.0,1.0,1.0,0.0,1,46397.0
58,9,78,0,0,0,10,0.0,0.0,0.4,0.2,0.0,255,21,0.08,0.01,0.0,0.0,0.0,0.0,0,92905.0
44,1,0,0,0,0,510,0.09,0.0,0.0,1.0,0.0,255,1,0.0,1.0,0.0,0.14,0.0,1.0,1,64667.0
52,5,0,0,0,0,251,1.0,1.0,0.04,0.06,0.0,255,2,0.01,0.07,0.0,1.0,1.0,0.0,1,16273.0
14,9,1032,0,0,0,510,0.0,0.0,1.0,0.0,0.0,255,121,0.47,0.02,0.0,0.01,0.0,0.0,1,30917.0
11,9,43,131,0,0,141,0.0,0.0,1.0,0.0,0.01,255,255,1.0,0.0,0.0,0.0,0.0,0.0,0,102719.0
11,9,44,136,0,0,191,0.0,0.0,0.99,0.01,0.01,193,154,0.8,0.02,0.0,0.0,0.0,0.0,0,81190.0
40,9,7077,0,0,1,4,0.25,0.0,0.25,0.5,0.0,98,1,0.01,0.05,0.0,0.01,0.0,0.0,0,22166.0
19,5,0,0,0,0,141,1.0,1.0,0.09,0.06,0.0,255,14,0.05,0.07,0.0,1.0,1.0,0.0,1,113735.0
2,5,0,0,0,0,277,1.0,1.0,0.07,0.06,0.0,255,20,0.08,0.08,0.0,1.0,1.0,0.0,1,112652.0
22,9,201,458,0,1,35,0.0,0.0,1.0,0.0,0.11,255,255,1.0,0.0,0.0,0.0,0.0,0.0,0,16113.0
34,5,0,0,0,0,300,1.0,1.0,0.07,0.06,0.0,255,20,0.08,0.08,0.0,1.0,1.0,0.0,1,105687.0
19,9,95,0,0,1,1,0.0,0.0,1.0,0.0,0.0,255,101,0.4,0.08,0.0,0.01,0.02,0.0,0,86735.0
44,1,0,0,0,0,163,0.0,0.0,0.06,0.06,0.0,255,9,0.04,0.07,0.0,0.0,0.0,1.0,1,43611.0
22,9,199,663,0,1,15,0.0,0.0,1.0,0.0,0.0,62,255,1.0,0.0,0.03,0.0,0.0,0.0,0,89350.0
22,9,236,2866,0,1,7,0.0,0.0,1.0,0.0,0.0,49,70,1.0,0.0,0.03,0.0,0.0,0.0,0,84771.0
49,9,1076,400,0,1,1,0.0,0.0,1.0,0.0,0.0,255,4,0.02,0.06,0.0,0.97,0.0,0.0,0,73698.0
49,5,0,0,0,0,199,1.0,1.0,0.09,0.05,0.0,255,17,0.07,0.05,0.0,1.0,1.0,0.0,1,113532.0
22,9,209,1296,0,1,4,0.25,0.33,1.0,0.0,0.33,4,255,1.0,0.0,0.03,0.25,0.01,0.0,0,14848.0
44,5,0,0,0,0,145,1.0,1.0,0.1,0.06,0.0,255,16,0.06,0.05,0.0,1.0,1.0,0.0,1,98499.0
37,5,0,0,0,0,140,1.0,1.0,0.11,0.06,0.0,255,15,0.06,0.05,0.0,1.0,1.0,0.0,1,13534.0
18,5,0,0,0,0,227,1.0,1.0,0.04,0.07,0.0,255,8,0.03,0.09,0.0,1.0,1.0,0.0,1,7117.0
6,5,0,0,0,0,127,1.0,1.0,0.04,0.05,0.0,255,5,0.02,0.05,0.0,1.0,1.0,0.0,1,96138.0
22,9,247,190971,0,1,5,0.0,0.0,1.0,0.0,0.33,255,255,1.0,0.0,0.0,0.0,0.0,0.0,0,85361.0
44,9,105,146,0,0,1,0.0,0.0,1.0,0.0,0.0,4,3,0.75,0.5,0.0,0.0,0.0,0.0,0,51164.0
22,9,213,3276,0,1,14,0.0,0.0,1.0,0.0,0.0,255,255,1.0,0.0,0.0,0.0,0.0,0.0,0,4536.0
5,5,0,0,0,0,14,1.0,1.0,0.07,0.21,0.0,255,1,0.0,0.07,0.0,1.0,1.0,0.0,1,125454.0
9,5,0,0,0,0,238,1.0,1.0,0.08,0.06,0.0,255,18,0.07,0.07,0.0,1.0,1.0,0.0,1,29828.0
22,9,208,757,0,1,3,0.0,0.0,1.0,0.0,0.2,50,255,1.0,0.0,0.05,0.0,0.0,0.0,0,11995.0
11,9,43,130,0,0,65,0.0,0.0,1.0,0.0,0.01,255,255,1.0,0.0,0.0,0.0,0.0,0.0,0,38714.0
14,9,520,0,0,0,21,0.0,0.0,1.0,0.0,0.0,255,255,1.0,0.0,0.0,0.0,0.0,0.0,1,61532.0
44,5,0,0,0,0,242,1.0,1.0,0.06,0.06,0.0,255,3,0.01,0.07,0.0,1.0,1.0,0.0,1,72293.0
14,9,1032,0,0,0,64,0.0,0.0,1.0,0.0,0.0,255,255,1.0,0.0,0.0,0.0,0.0,0.0,1,123954.0
22,9,235,1721,0,1,13,0.0,0.0,1.0,0.0,0.0,255,255,1.0,0.0,0.0,0.0,0.0,0.0,0,72969.0
22,5,0,0,0,0,3,0.33,0.5,0.33,1.0,1.0,255,42,0.16,0.04,0.0,1.0,1.0,0.0,1,89523.0
22,9,211,765,0,1,3,0.0,0.0,1.0,0.0,0.0,100,255,1.0,0.0,0.04,0.0,0.0,0.0,0,106373.0
22,9,283,4768,0,1,26,0.0,0.0,1.0,0.0,0.0,255,255,1.0,0.0,0.0,0.0,0.0,0.0,0,119856.0
11,9,46,46,0,0,3,0.0,0.0,1.0,0.0,0.27,255,249,0.98,0.01,0.0,0.0,0.0,0.0,0,111049.0
11,9,44,134,0,0,79,0.0,0.0,1.0,0.0,0.01,255,254,1.0,0.01,0.0,0.0,0.0,0.0,0,11484.0
44,5,0,0,0,0,55,1.0,1.0,0.35,0.05,0.0,255,19,0.07,0.05,0.0,1.0,1.0,0.0,1,6125.0
11,9,44,69,0,0,156,0.0,0.0,1.0,0.0,0.0,255,191,0.75,0.01,0.0,0.0,0.0,0.0,0,66911.0
30,5,0,0,0,0,119,1.0,1.0,0.07,0.07,0.0,255,1,0.0,0.09,0.0,1.0,1.0,0.0,1,22007.0
22,9,412,921,0,1,13,0.0,0.0,1.0,0.0,0.0,255,255,1.0,0.0,0.0,0.0,0.0,0.0,0,41834.0
22,9,216,530,0,1,9,0.0,0.0,1.0,0.0,0.07,9,255,1.0,0.0,0.02,0.0,0.0,0.0,0,101343.0
17,5,0,0,0,0,32,1.0,1.0,0.31,0.12,0.0,255,40,0.16,0.05,0.0,1.0,1.0,0.0,1,76287.0
44,1,0,0,0,0,137,0.0,0.0,0.04,0.07,0.0,255,5,0.02,0.07,0.0,0.0,0.0,1.0,1,79490.0
44,4,0,0,0,0,1,0.0,0.0,1.0,0.0,0.0,255,1,0.0,0.51,0.0,0.0,0.0,1.0,1,16407.0
44,1,0,0,0,0,1,0.0,0.0,1.0,0.0,0.0,10,2,0.1,1.0,1.0,0.0,0.0,1.0,0,105529.0
44,5,0,0,0,0,224,1.0,1.0,0.0,0.07,0.0,255,3,0.01,0.08,0.0,1.0,1.0,0.0,1,2697.0
17,5,0,0,0,0,268,1.0,1.0,0.07,0.06,0.0,255,20,0.08,0.07,0.0,1.0,1.0,0.0,1,71866.0
30,5,0,0,0,0,137,1.0,1.0,0.03,0.05,0.0,255,4,0.02,0.05,0.0,1.0,1.0,0.0,1,39735.0
13,9,8,0,0,0,1,0.0,0.0,1.0,0.0,1.0,4,196,1.0,0.0,0.25,0.0,0.0,0.0,1,36046.0
49,9,1083,332,0,1,2,0.0,0.0,0.5,1.0,1.0,201,131,0.52,0.03,0.02,0.0,0.0,0.0,0,79722.0
49,5,0,0,0,0,10,1.0,1.0,1.0,0.0,0.0,192,144,0.47,0.01,0.01,0.99,0.62,0.0,1,106738.0
22,9,219,1024,0,1,22,0.0,0.0,1.0,0.0,0.0,22,255,1.0,0.0,0.03,0.0,0.0,0.0,0,59584.0
44,10,0,0,0,0,1,1.0,1.0,1.0,0.0,0.0,160,1,0.01,0.94,0.0,0.95,1.0,0.0,1,31492.0
22,9,227,2139,0,1,11,0.0,0.0,1.0,0.0,0.17,75,255,1.0,0.0,0.04,0.0,0.0,0.0,0,8147.0
22,9,158,2645,0,1,2,0.0,0.0,1.0,0.0,0.0,245,255,1.0,0.0,0.01,0.0,0.0,0.0,0,82918.0
22,9,217,1030,0,1,2,0.0,0.0,1.0,0.0,0.0,2,255,1.0,0.0,0.06,0.0,0.0,0.0,0,41628.0
22,9,284,614,0,1,7,0.0,0.0,1.0,0.0,0.0,10,255,1.0,0.0,0.07,0.0,0.0,0.0,0,62125.0
40,9,147,105,0,0,1,0.0,0.0,1.0,0.0,0.0,255,1,0.0,0.82,0.0,0.0,0.0,0.0,0,5220.0
14,9,1032,0,0,0,511,0.0,0.0,1.0,0.0,0.0,255,186,0.73,0.02,0.0,0.0,0.0,0.0,1,63601.0
22,9,227,456,0,1,3,0.0,0.0,1.0,0.0,0.29,153,255,1.0,0.0,0.05,0.0,0.0,0.01,0,8799.0
3,9,10,39,0,0,1,0.0,0.0,1.0,0.0,0.0,112,5,0.01,0.06,0.4,0.0,0.0,0.0,0,37422.0
28,5,0,0,0,0,144,1.0,1.0,0.11,0.06,0.0,255,4,0.02,0.08,0.0,1.0,1.0,0.0,1,79929.0
49,9,1035,362,0,1,1,0.0,0.0,1.0,0.0,0.0,85,54,0.64,0.06,0.0,0.0,0.0,0.0,0,92706.0
44,4,1,0,0,0,2,0.0,0.0,1.0,0.0,0.0,255,2,0.01,0.5,0.0,0.0,0.0,1.0,1,84901.0
18,9,237,769,0,1,1,0.0,0.0,1.0,0.0,0.0,241,65,0.27,0.02,0.0,0.0,0.0,0.0,0,98146.0
27,5,0,0,0,0,29,1.0,1.0,0.45,0.1,0.0,255,13,0.05,0.07,0.0,1.0,1.0,0.0,1,59876.0
22,9,336,2103,0,1,6,0.17,0.29,1.0,0.0,0.29,172,255,1.0,0.0,0.02,0.01,0.01,0.0,0,115786.0
11,9,44,44,0,0,108,0.0,0.0,1.0,0.0,0.01,255,255,1.0,0.0,0.0,0.0,0.0,0.0,0,123695.0
11,9,43,43,0,0,195,0.0,0.0,1.0,0.0,0.0,255,255,1.0,0.0,0.0,0.0,0.0,0.0,0,123536.0
22,9,358,409,0,1,12,0.0,0.0,1.0,0.0,0.0,255,255,1.0,0.0,0.0,0.0,0.0,0.0,0,21152.0
11,9,34,88,0,0,1,0.0,0.0,1.0,0.0,0.8,255,218,0.85,0.01,0.0,0.0,0.0,0.0,0,11767.0
44,5,0,0,0,0,113,1.0,1.0,0.1,0.06,0.0,255,10,0.04,0.08,0.0,1.0,1.0,0.0,1,72637.0
44,5,0,0,0,0,107,1.0,1.0,0.17,0.06,0.0,255,19,0.07,0.08,0.0,1.0,1.0,0.0,1,122758.0
22,5,0,0,0,0,12,1.0,1.0,1.0,0.0,0.0,14,12,0.86,0.14,0.0,0.86,1.0,0.0,1,68952.0
49,9,2353,328,0,1,2,0.0,0.0,0.5,1.0,1.0,255,150,0.59,0.03,0.0,0.0,0.0,0.0,0,12350.0
55,5,0,0,0,0,12,1.0,1.0,1.0,0.0,0.0,94,54,0.57,0.02,0.0,0.98,0.96,0.0,1,15920.0
22,9,340,762,0,1,7,0.0,0.0,1.0,0.0,0.0,111,255,1.0,0.0,0.01,0.0,0.0,0.01,0,102932.0
44,5,0,0,0,0,248,1.0,1.0,0.01,0.06,0.0,255,20,0.08,0.07,0.0,1.0,1.0,0.0,1,99161.0
18,9,309,1054,0,1,1,0.0,0.0,1.0,0.0,0.0,124,14,0.11,0.06,0.0,0.02,0.0,0.0,0,83587.0
11,9,45,111,0,0,47,0.0,0.0,1.0,0.0,0.02,255,226,0.89,0.01,0.0,0.0,0.0,0.0,0,99986.0
22,9,225,839,0,1,37,0.0,0.0,1.0,0.0,0.0,37,255,1.0,0.0,0.05,0.0,0.0,0.0,0,106450.0
22,9,185,4154,0,1,1,0.0,0.0,1.0,0.0,1.0,255,255,1.0,0.0,0.0,0.0,0.0,0.0,0,78855.0
22,9,335,3221,0,1,16,0.0,0.0,1.0,0.0,0.0,106,255,1.0,0.0,0.03,0.0,0.01,0.0,0,125667.0
22,9,244,921,0,1,8,0.0,0.0,1.0,0.0,0.22,255,255,1.0,0.0,0.0,0.0,0.0,0.0,0,19682.0
49,9,710,328,0,1,1,0.0,0.0,1.0,0.0,0.0,255,125,0.49,0.03,0.0,0.0,0.0,0.0,0,5595.0
40,9,147,105,0,0,4,0.0,0.0,0.5,0.5,0.0,255,2,0.01,0.57,0.0,0.0,0.0,0.0,0,88716.0
11,9,45,45,0,0,91,0.0,0.0,0.99,0.02,0.01,255,254,1.0,0.01,0.0,0.0,0.0,0.0,0,107753.0
44,5,0,0,0,0,189,1.0,1.0,0.01,0.06,0.0,255,18,0.07,0.07,0.0,1.0,1.0,0.0,1,48379.0
17,9,8,220,0,0,1,0.0,0.0,1.0,0.0,0.0,132,4,0.02,0.05,0.5,0.0,0.0,0.0,0,28235.0
22,9,304,753,0,1,3,0.0,0.29,1.0,0.0,0.43,255,255,1.0,0.0,0.0,0.0,0.0,0.0,0,19069.0
22,9,237,336,0,1,2,0.0,0.0,1.0,0.0,0.0,255,255,1.0,0.0,0.0,0.0,0.0,0.0,0,124503.0
44,1,0,0,0,0,218,0.0,0.0,0.09,0.06,0.0,255,20,0.08,0.08,0.0,0.0,0.0,1.0,1,19573.0
40,4,1,0,0,0,2,0.0,0.0,1.0,0.0,0.0,255,2,0.01,0.73,0.0,0.0,0.0,1.0,1,71972.0
22,9,339,286,0,1,2,0.0,0.0,1.0,0.0,0.0,255,216,0.85,0.02,0.0,0.0,0.0,0.0,0,112147.0
2,5,0,0,0,0,268,1.0,1.0,0.06,0.06,0.0,255,15,0.06,0.07,0.0,1.0,1.0,0.0,1,71983.0
52,5,0,0,0,0,103,1.0,1.0,0.03,0.05,0.0,255,3,0.01,0.05,0.0,1.0,1.0,0.0,1,68770.0
19,9,334,0,0,1,1,0.0,0.0,1.0,0.0,0.0,3,37,1.0,0.0,0.14,0.0,0.0,0.0,1,35217.0
19,9,2194619,0,0,1,2,0.0,0.0,1.0,0.0,0.0,57,34,0.18,0.11,0.06,0.0,0.0,0.0,0,99153.0
53,5,0,0,0,0,281,1.0,1.0,0.09,0.05,0.0,255,24,0.09,0.05,0.0,1.0,1.0,0.0,1,16942.0
22,9,236,937,0,1,3,0.0,0.0,1.0,0.0,0.0,255,255,1.0,0.0,0.0,0.0,0.0,0.0,0,61972.0
44,1,0,0,0,0,1,0.0,0.0,1.0,0.0,0.0,57,1,0.02,1.0,0.0,0.0,0.0,1.0,1,110580.0
22,9,219,952,0,1,2,0.0,0.0,1.0,0.0,0.0,31,255,1.0,0.0,0.04,0.0,0.0,0.0,0,16600.0
22,9,54540,8314,0,1,3,0.0,0.0,1.0,0.0,0.0,95,95,1.0,0.0,0.0,0.0,0.0,0.16,1,39222.0
44,1,0,0,0,0,131,0.0,0.0,0.09,0.06,0.0,255,12,0.05,0.06,0.0,0.0,0.0,1.0,1,60242.0
5,5,0,0,0,0,111,1.0,1.0,0.09,0.06,0.0,255,10,0.04,0.05,0.0,1.0,1.0,0.0,1,10195.0
44,1,0,0,0,0,130,0.0,0.0,0.13,0.07,0.0,255,17,0.07,0.07,0.0,0.0,0.0,1.0,1,86988.0
22,9,294,4201,0,1,15,0.07,0.1,1.0,0.0,0.24,47,255,1.0,0.0,0.01,0.02,0.0,0.0,0,47453.0
44,5,0,0,0,0,9,1.0,1.0,0.33,0.22,0.0,255,3,0.01,0.08,0.0,1.0,1.0,0.0,1,6243.0
55,9,720,24758,0,1,1,0.0,0.0,1.0,0.0,0.0,255,52,0.2,0.02,0.0,0.43,0.56,0.0,0,7836.0
22,9,314,282,0,1,22,0.0,0.0,1.0,0.0,0.0,106,255,1.0,0.0,0.06,0.0,0.01,0.0,0,74657.0
40,9,516,4,0,0,408,0.0,0.0,1.0,0.0,0.0,255,255,1.0,0.0,0.0,0.0,0.0,0.0,0,24629.0
60,5,0,0,0,0,182,1.0,1.0,0.12,0.04,0.0,255,21,0.08,0.05,0.0,1.0,1.0,0.0,1,57137.0
3,9,10,38,0,1,1,0.0,0.0,1.0,0.0,0.0,115,8,0.04,0.03,0.25,0.0,0.0,0.0,0,37276.0
22,9,222,882,0,1,11,0.0,0.0,1.0,0.0,0.0,255,255,1.0,0.0,0.0,0.0,0.0,0.0,0,81034.0
26,5,0,0,0,0,141,1.0,1.0,0.09,0.06,0.0,255,15,0.06,0.07,0.0,1.0,1.0,0.0,1,121983.0
49,9,992,358,0,1,1,0.0,0.0,1.0,0.0,0.0,43,157,0.53,0.07,0.01,0.0,0.0,0.0,0,19575.0
22,9,217,10317,0,1,5,0.0,0.0,1.0,0.0,0.0,98,255,1.0,0.0,0.07,0.0,0.0,0.0,0,26333.0
44,1,0,0,0,0,240,0.0,0.0,0.07,0.06,0.0,255,16,0.06,0.08,0.0,0.0,0.0,1.0,1,31000.0
44,5,0,0,0,0,184,1.0,1.0,0.11,0.05,0.0,255,7,0.03,0.06,0.0,1.0,1.0,0.0,1,37012.0
60,5,0,0,0,0,207,1.0,1.0,0.1,0.06,0.0,255,21,0.08,0.06,0.0,1.0,1.0,0.0,1,121233.0
44,5,0,0,0,0,83,1.0,1.0,0.01,0.08,0.0,255,12,0.05,0.08,0.0,1.0,1.0,0.0,1,115228.0
22,9,291,3682,0,1,12,0.0,0.0,1.0,0.0,0.0,28,255,1.0,0.0,0.03,0.0,0.0,0.0,0,93792.0
22,9,307,871,0,1,7,0.0,0.0,1.0,0.0,0.0,7,255,1.0,0.0,0.02,0.0,0.0,0.0,0,57909.0
22,9,211,43129,0,1,2,0.0,0.0,1.0,0.0,0.09,19,255,1.0,0.0,0.05,0.0,0.0,0.0,0,99708.0
44,5,0,0,0,0,242,1.0,1.0,0.02,0.06,0.0,255,2,0.01,0.08,0.0,1.0,1.0,0.0,1,31846.0
44,5,0,0,0,0,250,1.0,1.0,0.02,0.05,0.0,110,5,0.05,0.09,0.0,0.98,1.0,0.0,1,112687.0
22,9,249,338,0,1,7,0.0,0.0,1.0,0.0,0.0,255,255,1.0,0.0,0.0,0.0,0.0,0.0,0,64262.0
49,9,1372,331,0,1,1,0.0,0.0,1.0,0.0,0.0,6,118,0.5,0.33,0.03,0.0,0.0,0.0,0,54909.0
22,9,281,756,0,1,4,0.0,0.0,1.0,0.0,0.25,76,255,1.0,0.0,0.02,0.0,0.0,0.0,0,111384.0
22,9,262,4817,0,1,6,0.0,0.0,1.0,0.0,0.25,255,255,1.0,0.0,0.0,0.0,0.0,0.0,0,96468.0
19,9,192,0,0,1,2,0.0,0.0,1.0,0.0,0.0,255,126,0.49,0.02,0.0,0.0,0.01,0.0,0,92135.0
44,5,0,0,0,0,26,1.0,1.0,0.23,0.19,0.0,255,10,0.04,0.08,0.0,1.0,1.0,0.0,1,62145.0
32,5,0,0,0,0,278,1.0,1.0,0.08,0.05,0.0,255,23,0.09,0.05,0.0,1.0,1.0,0.0,1,24336.0
35,5,0,0,0,0,290,1.0,1.0,0.03,0.06,0.0,255,8,0.03,0.08,0.0,1.0,1.0,0.0,1,123757.0
22,9,347,872,0,1,25,0.0,0.0,1.0,0.0,0.07,255,255,1.0,0.0,0.0,0.0,0.0,0.0,0,47672.0
27,1,0,0,0,0,134,0.0,0.0,0.05,0.06,0.0,255,2,0.01,0.06,0.0,0.0,0.0,1.0,1,7526.0
22,1,0,0,0,0,1,0.0,0.0,1.0,0.0,0.0,7,255,1.0,0.0,0.24,0.0,0.0,0.91,0,272.0
22,9,236,19010,0,1,3,0.0,0.0,1.0,0.0,0.0,255,255,1.0,0.0,0.0,0.0,0.0,0.0,0,27362.0
17,5,0,0,0,0,116,1.0,1.0,0.03,0.06,0.0,255,4,0.02,0.08,0.0,1.0,1.0,0.0,1,102581.0
15,5,0,0,0,0,135,1.0,1.0,0.16,0.05,0.0,255,21,0.08,0.05,0.0,1.0,1.0,0.0,1,5454.0
22,6,246,21006,0,1,1,1.0,1.0,1.0,0.0,0.0,164,255,1.0,0.0,0.02,0.01,0.0,0.0,0,25466.0
51,5,0,0,0,0,130,1.0,1.0,0.12,0.06,0.0,255,30,0.12,0.07,0.0,1.0,1.0,0.0,1,25422.0
22,5,0,0,0,0,7,1.0,1.0,0.43,0.43,0.0,255,55,0.22,0.03,0.0,1.0,1.0,0.0,1,43761.0
22,9,326,468,0,1,7,0.0,0.0,1.0,0.0,0.0,37,255,1.0,0.0,0.07,0.0,0.0,0.0,0,91591.0
19,9,59,0,0,1,158,0.95,0.0,0.05,0.06,0.0,255,14,0.05,0.06,0.0,0.95,0.0,0.0,0,123483.0
60,1,0,0,0,0,259,0.0,0.0,0.05,0.07,0.0,255,14,0.05,0.07,0.0,0.0,0.0,1.0,1,55381.0
40,1,0,0,0,0,511,0.18,0.0,0.0,1.0,0.0,255,1,0.0,1.0,0.0,0.21,0.0,1.0,1,6386.0
22,5,0,0,0,0,53,1.0,1.0,0.3,0.08,0.0,255,43,0.17,0.04,0.0,1.0,1.0,0.0,1,28613.0
16,5,0,0,0,0,148,1.0,1.0,0.05,0.06,0.0,255,7,0.03,0.07,0.0,1.0,1.0,0.0,1,73572.0
55,9,4143,31782,0,1,1,0.0,0.0,1.0,0.0,0.0,1,1,1.0,0.0,0.0,0.0,0.0,0.0,0,81910.0
22,9,380,346,0,1,4,0.0,0.0,1.0,0.0,0.14,22,255,1.0,0.0,0.02,0.0,0.0,0.0,0,25037.0
44,4,1,0,0,0,2,0.0,0.0,1.0,0.0,0.0,255,2,0.01,0.51,0.0,0.0,0.0,1.0,1,19930.0
13,9,8,0,0,0,1,0.0,0.0,1.0,0.0,1.0,2,129,1.0,0.0,0.5,0.0,0.0,0.0,1,125760.0
22,9,54540,8314,0,1,2,0.0,0.0,1.0,0.0,0.0,191,191,1.0,0.0,0.0,0.0,0.0,0.01,1,55434.0
55,9,172,3842,0,1,1,0.0,0.0,1.0,0.0,0.0,253,29,0.11,0.02,0.0,0.0,0.0,0.0,0,28627.0
22,9,308,405,0,1,13,0.0,0.0,1.0,0.0,0.0,255,255,1.0,0.0,0.0,0.0,0.0,0.0,0,92609.0
44,9,28,0,3,0,54,0.0,0.0,0.98,0.04,0.0,255,53,0.21,0.02,0.0,0.0,0.0,0.0,1,44223.0
22,9,315,535,0,1,12,0.0,0.0,1.0,0.0,0.19,255,255,1.0,0.0,0.0,0.0,0.0,0.0,0,29964.0
3,5,0,0,0,0,256,1.0,1.0,0.01,0.05,0.0,255,19,0.07,0.07,0.0,1.0,1.0,0.0,1,47069.0
26,5,0,0,0,0,147,1.0,1.0,0.16,0.05,0.0,255,23,0.09,0.05,0.0,1.0,1.0,0.0,1,89755.0
22,9,220,385,0,1,2,0.0,0.0,1.0,0.0,0.6,139,255,1.0,0.0,0.01,0.0,0.0,0.0,0,111100.0
3,5,0,0,0,0,28,1.0,1.0,0.43,0.14,0.0,255,12,0.05,0.07,0.0,1.0,1.0,0.0,1,44097.0
19,9,95,0,0,1,5,0.0,0.0,1.0,0.0,0.0,63,91,0.24,0.11,0.02,0.0,0.0,0.0,0,100369.0
49,9,945,334,0,1,1,0.0,0.0,1.0,0.0,0.0,130,146,0.51,0.03,0.01,0.01,0.01,0.0,0,105792.0
14,9,1032,0,0,0,511,0.0,0.0,1.0,0.0,0.0,255,27,0.11,0.24,0.0,0.0,0.0,0.0,1,2497.0
11,9,45,45,0,0,124,0.0,0.0,1.0,0.0,0.02,255,230,0.9,0.01,0.0,0.0,0.0,0.0,0,24885.0
22,9,325,2616,0,1,85,0.0,0.0,1.0,0.0,0.06,255,255,1.0,0.0,0.0,0.0,0.0,0.0,0,31960.0
40,4,1,0,0,0,2,0.0,0.0,1.0,0.0,0.0,255,2,0.01,0.62,0.0,0.0,0.0,1.0,1,27444.0
22,9,208,1773,0,1,9,0.0,0.0,1.0,0.0,0.0,26,255,1.0,0.0,0.02,0.0,0.0,0.0,0,81760.0
44,5,0,0,0,0,218,1.0,1.0,0.09,0.06,0.0,255,15,0.06,0.07,0.0,1.0,1.0,0.0,1,124516.0
14,9,1032,0,0,0,511,0.0,0.0,1.0,0.0,0.0,255,132,0.52,0.02,0.0,0.01,0.0,0.0,1,100160.0
8,5,0,0,0,0,205,1.0,1.0,0.04,0.06,0.0,255,16,0.06,0.08,0.0,1.0,1.0,0.0,1,36965.0
11,9,45,70,0,0,105,0.0,0.0,1.0,0.0,0.0,255,223,0.87,0.01,0.0,0.0,0.0,0.0,0,92696.0
17,5,0,0,0,0,234,1.0,1.0,0.02,0.06,0.0,255,5,0.02,0.06,0.0,1.0,1.0,0.0,1,84049.0
22,9,220,385,0,1,3,0.0,0.0,1.0,0.0,0.0,31,255,1.0,0.0,0.06,0.0,0.0,0.0,0,37532.0
22,9,201,7384,0,1,23,0.0,0.0,1.0,0.0,0.0,255,255,1.0,0.0,0.0,0.0,0.0,0.0,0,87263.0
44,1,0,0,0,0,129,0.01,0.0,0.01,1.0,0.0,254,1,0.0,0.54,0.0,0.0,0.0,1.0,1,78561.0
22,9,290,657,0,1,6,0.0,0.0,1.0,0.0,0.19,255,255,1.0,0.0,0.0,0.01,0.01,0.0,0,96758.0
49,9,2071,332,0,1,1,0.0,0.0,1.0,0.0,0.0,49,185,0.88,0.08,0.01,0.0,0.0,0.0,0,98396.0
49,9,638,337,0,1,1,0.0,0.0,1.0,0.0,1.0,188,193,0.83,0.06,0.01,0.02,0.02,0.0,0,13305.0
44,4,0,0,0,0,1,0.0,0.0,1.0,0.0,0.0,255,1,0.0,0.59,0.0,0.0,0.0,1.0,1,115655.0
55,5,0,0,0,0,9,1.0,1.0,0.33,0.33,0.0,255,63,0.25,0.02,0.0,1.0,1.0,0.0,1,17100.0
44,4,0,0,0,0,1,0.0,0.0,1.0,0.0,0.0,126,1,0.01,0.63,0.0,0.05,0.0,1.0,1,47742.0
22,9,232,960,0,1,12,0.0,0.0,1.0,0.0,0.24,255,255,1.0,0.0,0.0,0.0,0.0,0.0,0,6832.0
11,9,46,143,0,0,47,0.0,0.0,1.0,0.0,0.02,255,254,1.0,0.01,0.0,0.0,0.0,0.0,0,58672.0
22,9,302,307,0,1,2,0.0,0.0,1.0,0.0,0.67,255,255,1.0,0.0,0.0,0.0,0.0,0.0,0,12143.0
22,9,292,13209,0,1,19,0.0,0.0,1.0,0.0,0.1,255,255,1.0,0.0,0.0,0.0,0.0,0.0,0,82767.0
22,1,0,0,0,0,1,0.0,0.0,1.0,0.0,0.0,36,211,1.0,0.0,0.19,0.0,0.0,0.94,0,32977.0
11,9,46,135,0,0,89,0.0,0.0,1.0,0.0,0.01,255,255,1.0,0.0,0.0,0.0,0.0,0.0,0,37164.0
22,9,282,124,0,1,1,0.0,0.0,1.0,0.0,1.0,54,255,1.0,0.0,0.02,0.0,0.0,0.01,0,28623.0
62,1,0,0,0,0,247,0.0,0.0,0.06,0.06,0.0,255,14,0.05,0.08,0.0,0.0,0.0,1.0,1,38766.0
22,9,325,1747,0,1,9,0.0,0.0,1.0,0.0,0.2,26,255,1.0,0.0,0.03,0.0,0.0,0.0,0,44209.0
11,9,45,124,0,0,110,0.0,0.0,1.0,0.0,0.0,255,255,1.0,0.0,0.0,0.0,0.0,0.0,0,114494.0
44,1,0,0,0,0,150,0.0,0.0,0.13,0.05,0.0,255,11,0.04,0.06,0.0,0.0,0.0,1.0,1,56395.0
55,9,93,3042,0,1,1,0.0,0.0,1.0,0.0,0.0,104,22,0.21,0.05,0.0,0.0,0.0,0.09,0,47536.0
40,4,1,0,0,0,2,0.0,0.0,1.0,0.0,0.0,255,2,0.01,0.68,0.0,0.0,0.0,1.0,1,88209.0
22,9,216,5864,0,1,1,0.0,0.0,1.0,0.0,0.0,14,210,1.0,0.0,0.09,0.0,0.0,0.0,0,3355.0
44,5,0,0,0,0,127,1.0,1.0,0.13,0.06,0.0,255,12,0.05,0.07,0.0,1.0,1.0,0.0,1,65214.0
49,9,594,330,0,1,1,0.0,0.0,1.0,0.0,0.0,75,44,0.59,0.07,0.0,0.01,0.02,0.0,0,70319.0
0,9,77,17,0,1,1,0.0,0.0,1.0,0.0,0.0,51,15,0.29,0.04,0.0,0.02,0.07,0.73,0,96735.0
12,2,0,0,0,0,295,0.0,0.0,0.07,0.05,0.0,255,20,0.08,0.06,0.0,0.0,0.0,1.0,1,65255.0
17,9,10,0,0,0,4,0.0,0.0,0.75,0.5,0.0,107,10,0.06,0.06,0.2,0.0,0.0,0.0,1,35651.0
22,9,236,660,0,1,11,0.0,0.0,1.0,0.0,0.14,32,255,1.0,0.0,0.03,0.0,0.0,0.0,0,110329.0
22,9,318,2242,0,1,10,0.0,0.0,1.0,0.0,0.0,255,255,1.0,0.0,0.0,0.0,0.0,0.0,0,118728.0
22,9,289,330,0,1,32,0.03,0.03,1.0,0.0,0.0,255,255,1.0,0.0,0.0,0.0,0.0,0.0,0,51908.0
22,9,266,2210,0,1,19,0.0,0.0,1.0,0.0,0.0,38,255,1.0,0.0,0.03,0.0,0.0,0.0,0,89833.0
44,5,0,0,0,0,124,1.0,1.0,0.16,0.06,0.0,255,15,0.06,0.06,0.0,1.0,1.0,0.0,1,17244.0
18,9,1241,2451,0,1,1,0.0,0.0,1.0,0.0,0.0,255,53,0.21,0.02,0.0,0.01,0.0,0.0,1,25910.0
14,9,1032,0,0,0,510,0.0,0.0,1.0,0.0,0.0,255,87,0.34,0.11,0.0,0.0,0.0,0.0,1,45807.0
22,9,223,321,0,1,3,0.0,0.0,1.0,0.0,0.12,3,255,1.0,0.0,0.07,0.0,0.0,0.0,0,80657.0
17,5,0,0,0,0,57,1.0,1.0,0.25,0.07,0.0,255,48,0.19,0.05,0.0,1.0,1.0,0.0,1,100177.0
22,9,291,454,0,1,18,0.0,0.0,1.0,0.0,0.12,255,255,1.0,0.0,0.0,0.0,0.0,0.0,0,95096.0
22,9,227,449,0,1,26,0.0,0.0,1.0,0.0,0.07,255,255,1.0,0.0,0.0,0.0,0.0,0.0,0,119536.0
55,9,104,2689,0,1,1,0.0,0.0,1.0,0.0,0.0,124,4,0.03,0.04,0.0,0.0,0.0,0.0,0,54164.0
11,9,46,136,0,0,91,0.0,0.0,1.0,0.0,0.03,255,255,1.0,0.0,0.0,0.0,0.0,0.0,0,4715.0
13,9,8,0,0,0,1,0.0,0.0,1.0,0.0,1.0,2,6,1.0,0.0,0.67,0.0,0.0,0.0,1,117427.0
60,5,0,0,0,0,150,1.0,1.0,0.13,0.05,0.0,255,9,0.04,0.08,0.0,1.0,1.0,0.0,1,117530.0
22,9,193,765,0,1,1,0.0,0.0,1.0,0.0,0.22,81,255,1.0,0.0,0.02,0.0,0.0,0.0,0,104846.0
61,1,0,0,0,0,181,0.0,0.0,0.03,0.07,0.0,255,5,0.02,0.08,0.0,0.0,0.0,1.0,1,55108.0
17,9,0,0,0,0,1,0.0,0.0,1.0,0.0,0.0,60,9,0.02,1.0,0.22,0.0,0.0,0.0,1,1801.0
22,9,215,499,0,1,15,0.0,0.0,1.0,0.0,0.0,32,255,1.0,0.0,0.02,0.0,0.0,0.01,0,59766.0
8,5,0,0,0,0,103,1.0,1.0,0.04,0.07,0.0,255,10,0.04,0.07,0.0,1.0,1.0,0.0,1,125170.0
22,9,193,10799,0,1,4,0.25,0.25,1.0,0.0,0.0,4,255,1.0,0.0,0.05,0.25,0.0,0.0,0,72189.0
22,9,242,5658,0,1,1,0.0,0.0,1.0,0.0,0.0,152,255,1.0,0.0,0.05,0.0,0.0,0.0,0,23694.0
40,4,1,0,0,0,2,0.0,0.0,1.0,0.0,0.0,255,2,0.01,0.74,0.0,0.0,0.0,1.0,1,108303.0
49,9,1234,284,0,1,1,0.0,0.0,1.0,0.0,0.0,26,109,0.27,0.15,0.02,0.0,0.0,0.0,0,40508.0
13,9,8,0,0,0,1,0.0,0.0,1.0,0.0,1.0,2,52,1.0,0.0,0.5,0.0,0.0,0.0,1,66079.0
7,5,0,0,0,0,186,1.0,1.0,0.07,0.06,0.0,255,13,0.05,0.05,0.0,1.0,1.0,0.0,1,59675.0
44,5,0,0,0,0,129,1.0,1.0,0.09,0.05,0.0,255,14,0.05,0.05,0.0,1.0,1.0,0.0,1,10845.0
22,9,229,1133,0,1,11,0.0,0.0,1.0,0.0,0.0,112,255,1.0,0.0,0.03,0.0,0.0,0.0,0,60890.0
44,5,0,0,0,0,71,1.0,1.0,0.13,0.07,0.0,255,17,0.07,0.06,0.0,1.0,1.0,0.0,1,81830.0
19,9,26,0,0,0,1,0.0,0.0,1.0,0.0,0.0,255,73,0.29,0.02,0.0,0.0,0.0,0.0,0,117087.0
61,5,0,0,0,0,292,1.0,1.0,0.06,0.05,0.0,255,4,0.02,0.07,0.0,1.0,1.0,0.0,1,83605.0
40,9,145,0,0,0,4,0.0,0.0,0.25,0.75,0.0,255,2,0.01,0.82,0.0,0.0,0.0,0.0,0,56515.0
11,9,45,81,0,0,162,0.0,0.0,1.0,0.0,0.0,255,254,1.0,0.01,0.0,0.0,0.0,0.0,0,14316.0
22,9,312,200,0,1,17,0.0,0.0,1.0,0.0,0.0,63,255,1.0,0.0,0.01,0.0,0.0,0.0,0,7898.0
44,5,0,0,0,0,124,1.0,1.0,0.1,0.06,0.0,94,9,0.1,0.12,0.0,1.0,1.0,0.0,1,17790.0
19,9,37,0,0,0,1,0.0,0.0,1.0,0.0,0.0,232,11,0.03,0.01,0.18,0.86,0.0,0.0,0,2300.0
22,9,322,1246,0,1,6,0.0,0.0,1.0,0.0,0.0,195,255,1.0,0.0,0.01,0.0,0.0,0.0,0,4019.0
44,5,0,0,0,0,107,1.0,1.0,0.07,0.06,0.0,255,11,0.04,0.07,0.0,1.0,1.0,0.0,1,77669.0
22,1,0,0,0,0,1,0.0,0.0,1.0,0.0,1.0,11,51,1.0,0.0,0.24,0.0,0.0,1.0,0,58893.0
22,9,324,718,0,1,10,0.0,0.0,1.0,0.0,0.18,31,255,1.0,0.0,0.06,0.0,0.0,0.29,0,120352.0
11,9,17,42,0,0,1,0.0,0.0,1.0,0.0,0.0,255,224,0.88,0.01,0.0,0.0,0.0,0.0,0,489.0
19,9,1030,0,0,1,3,0.0,0.0,1.0,0.0,0.5,255,118,0.46,0.01,0.0,0.0,0.0,0.0,0,15794.0
40,1,0,0,0,0,510,0.13,0.0,0.0,1.0,0.0,255,1,0.0,1.0,0.0,0.1,0.0,1.0,1,15084.0
11,9,44,76,0,0,189,0.0,0.0,1.0,0.0,0.0,255,254,1.0,0.01,0.0,0.0,0.0,0.0,0,26580.0
22,9,303,297,0,1,6,0.0,0.0,1.0,0.0,0.08,6,255,1.0,0.0,0.03,0.0,0.0,0.0,0,54299.0
14,9,30,0,0,0,2,0.0,0.0,1.0,0.0,0.0,230,230,1.0,0.0,0.0,0.0,0.0,0.0,0,66952.0
40,9,145,105,0,0,1,0.0,0.0,1.0,0.0,0.0,255,2,0.01,0.6,0.0,0.0,0.0,0.0,0,82953.0
44,5,0,0,0,0,199,1.0,1.0,0.09,0.06,0.0,255,2,0.01,0.08,0.0,1.0,1.0,0.0,1,10792.0
3,9,14,41,0,1,1,0.0,0.0,1.0,0.0,0.0,13,5,0.15,0.15,0.4,0.0,0.0,0.0,0,113921.0
22,9,279,961,0,1,4,0.0,0.0,1.0,0.0,0.0,5,255,1.0,0.0,0.01,0.0,0.0,0.0,0,33947.0
22,9,302,8766,0,1,2,0.0,0.0,1.0,0.0,0.0,245,255,1.0,0.0,0.02,0.0,0.0,0.0,0,61588.0
44,1,0,0,0,0,287,0.07,0.0,0.0,1.0,0.0,255,1,0.0,1.0,0.0,0.08,0.0,1.0,1,58701.0
14,9,1032,0,0,0,511,0.0,0.0,1.0,0.0,0.0,255,224,0.88,0.08,0.0,0.0,0.0,0.0,1,95308.0
14,9,1032,0,0,0,511,0.0,0.0,1.0,0.0,0.0,255,16,0.06,0.05,0.0,0.36,0.0,0.0,1,83302.0
13,9,8,0,0,0,1,0.0,0.0,1.0,0.0,1.0,3,75,1.0,0.0,0.25,0.0,0.0,0.0,1,1169.0
22,9,314,398,0,1,16,0.0,0.0,1.0,0.0,0.0,255,255,1.0,0.0,0.0,0.0,0.0,0.0,0,86599.0
44,5,0,0,0,0,120,1.0,1.0,0.04,0.07,0.0,255,8,0.03,0.07,0.0,1.0,1.0,0.0,1,123051.0
40,4,1,0,0,0,2,0.0,0.0,1.0,0.0,0.0,255,2,0.01,0.73,0.0,0.0,0.0,1.0,1,23428.0
49,9,3298,322,0,1,1,0.0,0.0,1.0,0.0,0.0,255,116,0.45,0.01,0.0,0.0,0.0,0.0,0,102029.0
40,9,147,105,0,0,1,0.0,0.0,1.0,0.0,0.0,255,1,0.0,0.82,0.0,0.0,0.0,0.0,0,116535.0
44,5,0,0,0,0,133,1.0,1.0,0.04,0.06,0.0,255,16,0.06,0.06,0.0,1.0,1.0,0.0,1,76737.0
22,9,231,479,0,1,4,0.0,0.0,1.0,0.0,0.0,38,133,1.0,0.0,0.05,0.0,0.0,0.0,0,118089.0
22,9,217,901,0,1,16,0.0,0.0,1.0,0.0,0.0,255,255,1.0,0.0,0.0,0.0,0.0,0.0,0,85696.0
22,9,230,1400,0,1,40,0.0,0.0,1.0,0.0,0.0,255,255,1.0,0.0,0.0,0.0,0.0,0.01,0,33960.0
19,9,11,0,0,1,2,0.0,0.0,1.0,0.0,0.0,28,68,0.5,0.11,0.03,0.0,0.0,0.0,0,110444.0
22,9,307,997,0,1,5,0.0,0.0,1.0,0.0,0.25,255,255,1.0,0.0,0.0,0.0,0.0,0.0,0,59263.0
22,9,207,765,0,1,34,0.0,0.0,1.0,0.0,0.0,157,255,1.0,0.0,0.01,0.0,0.0,0.0,0,12606.0
14,9,1032,0,0,0,511,0.0,0.0,1.0,0.0,0.0,255,125,0.49,0.02,0.0,0.01,0.0,0.0,1,113868.0
22,9,185,19242,0,1,2,0.0,0.0,1.0,0.0,0.14,255,255,1.0,0.0,0.0,0.0,0.0,0.0,0,101453.0
13,9,30,0,0,0,2,0.0,0.0,0.5,1.0,0.0,255,2,0.01,0.01,0.0,0.0,0.0,0.0,0,105245.0
22,9,250,1471,0,1,7,0.0,0.0,1.0,0.0,0.0,255,255,1.0,0.0,0.0,0.0,0.0,0.0,0,73787.0
4,5,0,0,0,0,97,1.0,1.0,0.18,0.06,0.0,255,11,0.04,0.06,0.0,1.0,1.0,0.0,1,108693.0
5,5,0,0,0,0,124,1.0,1.0,0.1,0.06,0.0,255,12,0.05,0.05,0.0,1.0,1.0,0.0,1,75395.0
59,5,0,0,0,0,121,1.0,1.0,0.05,0.07,0.0,255,12,0.05,0.07,0.0,1.0,1.0,0.0,1,37393.0
19,9,5891,0,0,0,17,0.0,0.0,1.0,0.0,0.0,255,23,0.09,0.58,0.0,0.0,0.0,0.0,0,57985.0
22,1,0,0,0,0,1,0.0,0.0,1.0,0.0,0.0,83,255,1.0,0.0,0.05,0.0,0.0,1.0,0,10796.0
44,4,1,0,0,0,2,0.0,0.0,1.0,0.0,0.0,255,2,0.01,0.58,0.0,0.0,0.0,1.0,1,9957.0
22,9,315,5323,0,1,1,0.0,0.0,1.0,0.0,0.0,47,255,1.0,0.0,0.04,0.02,0.0,0.0,0,24545.0
49,9,1790,334,0,1,1,0.0,0.0,1.0,0.0,0.0,124,150,0.52,0.04,0.01,0.0,0.0,0.0,0,68674.0
44,1,0,0,0,0,143,0.0,0.0,0.1,0.06,0.0,218,15,0.07,0.06,0.0,0.0,0.0,1.0,1,117909.0
22,1,0,0,0,0,1,0.0,0.0,1.0,0.0,0.0,20,250,1.0,0.0,0.17,0.0,0.0,1.0,0,30113.0
44,4,1,0,0,0,2,0.0,0.0,1.0,0.0,0.0,255,2,0.01,0.32,0.0,0.0,0.0,1.0,1,87139.0
44,5,0,0,0,0,262,1.0,1.0,0.07,0.06,0.0,255,20,0.08,0.06,0.0,1.0,1.0,0.0,1,78591.0
22,9,237,2698,0,1,4,0.0,0.0,1.0,0.0,0.0,255,248,0.97,0.01,0.0,0.0,0.0,0.0,0,123999.0
59,5,0,0,0,0,128,1.0,1.0,0.03,0.06,0.0,255,4,0.02,0.07,0.0,1.0,1.0,0.0,1,82887.0
51,2,0,0,0,0,2,0.0,0.0,0.5,1.0,0.0,255,1,0.0,1.0,0.0,0.0,0.0,1.0,1,47325.0
49,9,762,365,0,1,1,0.0,0.0,1.0,0.0,1.0,183,160,0.8,0.03,0.01,0.01,0.01,0.0,0,74150.0
13,9,8,0,0,0,1,0.0,0.0,1.0,0.0,1.0,2,98,1.0,0.0,0.26,0.0,0.0,0.0,1,91717.0
44,5,0,0,0,0,93,1.0,1.0,0.04,0.06,0.0,255,19,0.07,0.07,0.0,1.0,1.0,0.0,1,65384.0
18,5,0,0,0,0,285,1.0,1.0,0.07,0.06,0.0,255,20,0.08,0.06,0.0,1.0,1.0,0.0,1,55610.0
55,5,0,0,0,0,220,1.0,1.0,0.01,0.07,0.0,255,11,0.04,0.07,0.0,1.0,1.0,0.0,1,12321.0
22,9,346,835,0,1,5,0.0,0.0,1.0,0.0,0.23,5,128,1.0,0.0,0.02,0.0,0.0,0.0,0,56891.0
44,1,0,0,0,0,13,0.0,0.0,0.08,1.0,0.0,131,1,0.01,0.21,0.0,0.0,0.0,1.0,1,41369.0
40,9,147,105,0,0,1,0.0,0.0,1.0,0.0,0.0,111,1,0.01,0.71,0.0,0.0,0.0,0.0,0,108473.0
22,9,240,2698,0,1,9,0.0,0.05,1.0,0.0,0.37,253,239,0.94,0.02,0.0,0.0,0.0,0.0,0,21154.0
40,1,0,0,0,0,335,0.09,0.0,0.0,1.0,0.0,255,1,0.0,1.0,0.0,0.09,0.0,1.0,1,74313.0
44,5,0,0,0,0,119,1.0,1.0,0.16,0.06,0.0,67,18,0.27,0.09,0.0,1.0,1.0,0.0,1,7242.0
22,9,238,453,0,1,9,0.0,0.0,1.0,0.0,0.0,255,255,1.0,0.0,0.0,0.0,0.0,0.0,0,32138.0
22,9,307,1849,0,1,9,0.0,0.0,1.0,0.0,0.2,255,255,1.0,0.0,0.0,0.0,0.0,0.0,0,84154.0
11,9,44,130,0,0,234,0.0,0.0,1.0,0.01,0.01,255,243,0.95,0.01,0.0,0.0,0.0,0.0,0,106772.0
19,9,71,0,0,1,1,0.0,0.0,1.0,0.0,0.0,60,82,0.02,0.07,0.02,0.0,0.0,0.0,0,11804.0
23,5,0,0,0,0,18,1.0,1.0,0.44,0.17,0.0,255,8,0.03,0.08,0.0,1.0,1.0,0.0,1,8060.0
22,9,328,271,0,1,3,0.0,0.0,1.0,0.0,0.0,255,245,0.96,0.01,0.0,0.0,0.0,0.02,0,92326.0
44,5,0,0,0,0,113,1.0,1.0,0.12,0.05,0.0,169,14,0.08,0.06,0.0,1.0,1.0,0.0,1,50899.0
22,9,54540,8314,0,1,4,0.0,0.0,1.0,0.0,0.0,237,237,1.0,0.0,0.0,0.0,0.0,0.05,1,16498.0
22,9,288,6877,0,1,21,0.0,0.0,1.0,0.0,0.13,42,255,1.0,0.0,0.04,0.0,0.0,0.0,0,89630.0
44,9,1,0,0,0,16,0.0,0.0,0.69,0.12,0.0,255,11,0.04,0.15,0.0,0.0,0.0,0.0,1,61031.0
44,5,0,0,0,0,9,1.0,1.0,0.56,0.22,0.0,255,7,0.03,0.08,0.0,1.0,1.0,0.0,1,118853.0
22,9,209,320,0,1,4,0.0,0.0,1.0,0.0,0.0,75,255,1.0,0.0,0.04,0.0,0.0,0.0,0,55498.0
22,9,358,269,0,1,10,0.0,0.0,1.0,0.0,0.0,203,255,1.0,0.0,0.06,0.0,0.0,0.54,0,53861.0
22,9,237,1091,0,1,15,0.0,0.0,1.0,0.0,0.17,255,255,1.0,0.0,0.0,0.0,0.0,0.0,0,12268.0
49,9,990,278,0,1,1,0.0,0.0,1.0,0.0,1.0,113,198,0.72,0.04,0.01,0.0,0.0,0.0,0,35271.0
22,9,313,12557,0,1,11,0.0,0.0,1.0,0.0,0.0,38,255,1.0,0.0,0.03,0.0,0.0,0.0,0,82070.0
44,1,0,0,0,0,124,0.0,0.0,0.08,0.06,0.0,255,6,0.02,0.06,0.0,0.0,0.0,1.0,1,123191.0
18,9,1261,2451,0,1,1,0.0,0.0,1.0,0.0,0.0,250,78,0.31,0.02,0.0,0.0,0.0,0.0,1,77399.0
11,9,45,130,0,0,135,0.0,0.0,1.0,0.0,0.02,255,190,0.75,0.02,0.0,0.0,0.0,0.0,0,13639.0
49,9,1187,361,0,1,2,0.0,0.0,0.5,1.0,1.0,250,147,0.59,0.03,0.0,0.0,0.01,0.0,0,77838.0
22,5,0,0,0,0,7,0.86,0.8,0.57,0.43,0.4,255,21,0.08,0.06,0.0,1.0,1.0,0.0,1,93686.0
49,9,1433,337,0,1,1,0.0,0.0,1.0,0.0,1.0,117,138,0.56,0.04,0.01,0.0,0.0,0.04,0,11986.0
49,9,1035,330,0,1,1,0.0,0.0,1.0,0.0,0.0,228,99,0.43,0.03,0.0,0.0,0.0,0.0,0,110644.0
15,5,0,0,0,0,118,1.0,1.0,0.01,0.06,0.0,255,1,0.0,0.07,0.0,1.0,1.0,0.0,1,116214.0
22,9,234,1741,0,1,6,0.0,0.0,1.0,0.0,0.0,6,255,1.0,0.0,0.04,0.0,0.0,0.0,0,42639.0
22,9,240,1469,0,1,6,0.0,0.0,1.0,0.0,0.29,153,255,1.0,0.0,0.02,0.01,0.01,0.0,0,59161.0
18,9,326,1054,0,1,1,0.0,0.0,1.0,0.0,0.0,73,3,0.03,0.97,0.67,0.0,0.0,0.67,0,22219.0
22,9,238,1665,0,1,6,0.0,0.0,1.0,0.0,0.0,31,67,1.0,0.0,0.09,0.0,0.01,0.0,0,119923.0
44,5,0,0,0,0,203,1.0,1.0,0.01,0.05,0.0,7,2,0.29,0.43,0.0,0.71,1.0,0.0,1,124524.0
40,9,145,105,0,0,1,0.0,0.0,1.0,0.0,0.0,255,2,0.01,0.53,0.0,0.0,0.0,0.0,0,24049.0
22,9,204,882,0,1,13,0.0,0.0,1.0,0.0,0.12,255,255,1.0,0.0,0.0,0.0,0.0,0.0,0,67165.0
22,9,246,602,0,1,1,0.0,0.0,1.0,0.0,0.0,255,255,1.0,0.0,0.0,0.0,0.0,0.0,0,120102.0
19,5,0,0,0,0,277,1.0,1.0,0.04,0.05,0.0,255,1,0.0,0.09,0.0,1.0,1.0,0.0,1,95014.0
22,9,334,1394,0,1,10,0.0,0.0,1.0,0.0,0.0,244,255,1.0,0.0,0.01,0.0,0.0,0.0,0,24691.0
22,9,253,2997,0,1,2,0.0,0.0,1.0,0.0,0.1,68,255,1.0,0.0,0.05,0.0,0.0,0.0,0,59493.0
36,5,0,0,0,0,109,1.0,1.0,0.02,0.07,0.0,255,2,0.01,0.07,0.0,1.0,1.0,0.0,1,20182.0
22,9,245,846,0,1,31,0.0,0.0,1.0,0.0,0.0,255,255,1.0,0.0,0.0,0.0,0.0,0.0,0,123258.0
22,9,309,2507,0,1,13,0.0,0.0,1.0,0.0,0.0,255,234,0.92,0.02,0.0,0.0,0.0,0.0,0,79616.0
56,2,0,0,0,0,201,0.0,0.0,0.0,0.06,0.0,255,1,0.0,0.08,0.0,0.0,0.0,1.0,1,82686.0
55,5,0,0,0,0,252,1.0,1.0,0.01,0.07,0.0,255,2,0.01,0.07,0.0,1.0,1.0,0.0,1,13459.0
22,1,0,0,0,0,1,0.0,0.0,1.0,0.0,0.0,151,255,1.0,0.0,0.02,0.0,0.0,0.89,0,55742.0
11,9,45,73,0,0,116,0.0,0.0,1.0,0.0,0.0,255,255,1.0,0.0,0.0,0.0,0.0,0.0,0,93290.0
22,5,0,0,0,0,23,1.0,1.0,0.39,0.17,0.0,103,29,0.28,0.04,0.0,1.0,1.0,0.0,1,119755.0
22,9,323,601,0,1,29,0.0,0.0,1.0,0.0,0.09,61,255,1.0,0.0,0.04,0.0,0.0,0.0,0,22547.0
11,9,43,172,0,0,72,0.0,0.0,1.0,0.0,0.01,255,254,1.0,0.01,0.0,0.0,0.0,0.0,0,53532.0
11,9,46,75,0,0,130,0.0,0.0,1.0,0.0,0.0,255,245,0.96,0.01,0.0,0.0,0.0,0.0,0,44094.0
22,9,197,365,0,1,17,0.0,0.0,1.0,0.0,0.0,255,255,1.0,0.0,0.0,0.0,0.0,0.0,0,60539.0
22,9,220,8422,0,1,25,0.0,0.0,1.0,0.0,0.08,255,255,1.0,0.0,0.0,0.0,0.0,0.0,0,50412.0
14,9,1032,0,0,0,510,0.0,0.0,1.0,0.0,0.0,255,117,0.46,0.08,0.0,0.0,0.0,0.0,1,51862.0
49,9,685,335,0,1,1,0.0,0.0,1.0,0.0,0.0,168,162,0.68,0.04,0.01,0.01,0.01,0.0,0,49179.0
22,9,197,345,0,1,1,0.0,0.0,1.0,0.0,1.0,30,255,1.0,0.0,0.01,0.0,0.0,0.0,0,58202.0
44,5,0,0,0,0,187,1.0,1.0,0.1,0.07,0.0,255,18,0.07,0.07,0.0,1.0,1.0,0.0,1,110890.0
22,9,232,3120,0,1,15,0.0,0.0,1.0,0.0,0.0,41,255,1.0,0.0,0.03,0.0,0.0,0.0,0,11775.0
22,9,297,363,0,1,7,0.0,0.0,1.0,0.0,0.0,16,255,1.0,0.0,0.02,0.0,0.0,0.0,0,39869.0
44,1,0,0,0,0,135,0.0,0.0,0.1,0.07,0.0,255,10,0.04,0.07,0.0,0.0,0.0,1.0,1,31959.0
13,9,8,0,0,0,1,0.0,0.0,1.0,0.0,1.0,1,241,1.0,0.0,0.5,0.0,0.0,0.0,1,10563.0
53,5,0,0,0,0,96,1.0,1.0,0.11,0.07,0.0,255,11,0.04,0.09,0.0,1.0,1.0,0.0,1,125124.0
22,9,352,1498,0,1,9,0.0,0.0,1.0,0.0,0.0,20,255,1.0,0.0,0.03,0.0,0.0,0.0,0,122355.0
22,9,301,354,0,1,21,0.0,0.0,1.0,0.0,0.0,187,255,1.0,0.0,0.01,0.0,0.01,0.0,0,18174.0
22,9,242,9284,0,1,16,0.0,0.0,1.0,0.0,0.0,255,255,1.0,0.0,0.0,0.0,0.0,0.0,0,113824.0
19,9,334,0,0,1,2,0.0,0.0,1.0,0.0,0.0,2,45,1.0,0.0,0.13,0.0,0.0,0.0,1,86963.0
22,9,301,7184,0,1,2,0.0,0.0,1.0,0.0,0.0,255,255,1.0,0.0,0.0,0.0,0.0,0.0,0,35708.0
22,9,196,803,0,1,1,0.0,0.0,1.0,0.0,0.13,1,255,1.0,0.0,0.04,0.0,0.04,0.0,0,65493.0
22,9,352,2251,0,1,10,0.0,0.0,1.0,0.0,0.24,147,219,1.0,0.0,0.03,0.0,0.0,0.0,0,93253.0
22,9,295,770,0,1,15,0.07,0.07,1.0,0.0,0.0,255,255,1.0,0.0,0.0,0.0,0.0,0.0,0,86858.0
6,5,0,0,0,0,253,1.0,1.0,0.02,0.07,0.0,255,6,0.02,0.08,0.0,1.0,1.0,0.0,1,96829.0
22,9,240,422,0,1,8,0.0,0.0,1.0,0.0,0.0,255,255,1.0,0.0,0.0,0.0,0.0,0.0,0,14244.0
22,9,147,4665,0,1,1,0.0,0.0,1.0,0.0,0.21,1,255,1.0,0.0,0.06,0.0,0.0,0.0,0,26615.0
20,5,0,0,0,0,282,1.0,1.0,0.02,0.05,0.0,255,6,0.02,0.05,0.0,1.0,1.0,0.0,1,43914.0
22,9,189,2080,0,1,1,0.0,0.0,1.0,0.0,0.0,255,248,0.97,0.01,0.0,0.0,0.0,0.0,0,67800.0
22,9,311,670,0,1,7,0.0,0.0,1.0,0.0,0.0,255,255,1.0,0.0,0.0,0.0,0.0,0.0,0,69406.0
11,9,43,107,0,0,3,0.0,0.0,1.0,0.0,0.43,255,248,0.97,0.01,0.0,0.0,0.0,0.0,0,86578.0
44,5,0,0,0,0,241,1.0,1.0,0.04,0.07,0.0,255,9,0.04,0.08,0.0,1.0,1.0,0.0,1,80710.0
22,9,225,2038,0,1,1,0.0,0.0,1.0,0.0,1.0,246,255,1.0,0.0,0.02,0.01,0.01,0.0,0,108985.0
19,9,7940,0,0,1,2,0.0,0.0,1.0,0.0,0.0,255,12,0.05,0.06,0.0,0.83,0.0,0.0,0,100722.0
49,9,1253,327,0,1,1,0.0,0.0,1.0,0.0,0.0,112,82,0.73,0.03,0.0,0.0,0.0,0.0,0,89499.0
13,9,8,0,0,0,1,0.0,0.0,1.0,0.0,1.0,2,82,1.0,0.0,0.5,0.0,0.0,0.0,1,84219.0
22,9,234,1064,0,1,10,0.0,0.0,1.0,0.0,0.0,255,255,1.0,0.0,0.0,0.0,0.0,0.0,0,29860.0
19,9,95,0,0,1,2,0.0,0.0,1.0,0.0,0.0,40,96,0.77,0.05,0.02,0.03,0.01,0.0,0,30795.0
22,9,247,3876,0,1,38,0.0,0.0,1.0,0.0,0.0,255,255,1.0,0.0,0.0,0.0,0.0,0.0,0,43011.0
22,9,318,1790,0,1,3,0.0,0.0,1.0,0.0,0.0,10,227,1.0,0.0,0.11,0.0,0.0,0.67,0,26428.0
44,5,0,0,0,0,109,1.0,1.0,0.05,0.07,0.0,255,8,0.03,0.07,0.0,1.0,1.0,0.0,1,18402.0
22,9,248,1470,0,1,7,0.0,0.0,1.0,0.0,0.0,108,255,1.0,0.0,0.03,0.0,0.0,0.0,0,91522.0
49,9,2121,337,0,1,1,0.0,0.0,1.0,0.0,1.0,236,143,0.53,0.02,0.01,0.0,0.0,0.0,0,43700.0
22,9,224,311,0,1,11,0.0,0.0,1.0,0.0,0.0,58,255,1.0,0.0,0.03,0.0,0.0,0.0,0,40054.0
44,9,105,146,0,0,2,0.0,0.0,1.0,0.0,0.0,255,236,0.93,0.01,0.0,0.0,0.0,0.0,0,20579.0
13,9,30,0,0,0,2,0.0,0.0,1.0,0.0,0.0,196,196,1.0,0.0,0.0,0.0,0.0,0.0,0,75150.0
44,4,1,0,0,0,2,0.0,0.0,1.0,0.0,0.0,255,2,0.01,0.73,0.0,0.0,0.0,1.0,1,2636.0
22,9,228,2090,0,1,5,0.0,0.0,1.0,0.0,0.0,112,255,1.0,0.0,0.02,0.0,0.0,0.0,0,92647.0
44,5,0,0,0,0,114,1.0,1.0,0.12,0.05,0.0,46,3,0.07,0.15,0.0,1.0,1.0,0.0,1,40606.0
44,5,0,0,0,0,88,1.0,1.0,0.01,0.07,0.0,255,20,0.08,0.07,0.0,1.0,1.0,0.0,1,17146.0
44,9,207,0,0,0,2,0.0,0.0,1.0,0.0,0.0,110,94,0.85,0.02,0.0,0.0,0.0,0.0,1,70797.0
49,9,950,334,0,1,1,0.0,0.0,1.0,0.0,0.0,219,202,0.76,0.02,0.01,0.01,0.01,0.0,0,100000.0
22,9,329,3432,0,1,13,0.0,0.0,1.0,0.0,0.12,255,255,1.0,0.0,0.0,0.0,0.0,0.0,0,24331.0
44,1,0,0,0,0,209,0.0,0.0,0.05,0.07,0.0,255,11,0.04,0.08,0.0,0.0,0.0,1.0,1,110413.0
44,5,0,0,0,0,253,1.0,1.0,0.02,0.07,0.0,255,6,0.02,0.07,0.0,1.0,1.0,0.0,1,66955.0
13,9,8,0,0,0,1,0.0,0.0,1.0,0.0,1.0,4,172,1.0,0.0,0.25,0.0,0.0,0.0,1,60400.0
28,1,0,0,0,0,122,0.0,0.0,0.11,0.07,0.0,246,14,0.06,0.07,0.0,0.0,0.0,1.0,1,16509.0
22,9,292,16203,0,1,13,0.0,0.0,1.0,0.0,0.13,13,224,1.0,0.0,0.08,0.0,0.0,0.0,0,59322.0
58,9,182,0,0,0,3,0.0,0.0,0.33,1.0,0.0,255,7,0.03,0.01,0.0,0.0,0.0,0.0,0,97932.0
22,9,198,289,0,1,6,0.0,0.0,1.0,0.0,0.19,255,255,1.0,0.0,0.0,0.0,0.0,0.0,0,11260.0
11,9,44,113,0,0,1,0.0,0.0,1.0,0.0,0.67,255,236,0.93,0.01,0.0,0.0,0.0,0.0,0,101320.0
18,9,227,765,0,1,1,0.0,0.0,1.0,0.0,0.0,255,40,0.16,0.02,0.0,0.0,0.0,0.0,0,95295.0
17,2,0,0,0,0,242,0.0,0.0,0.07,0.07,0.0,255,18,0.07,0.07,0.0,0.0,0.0,1.0,1,57113.0
19,9,1690,0,0,0,4,0.0,0.0,1.0,0.0,0.0,44,10,0.23,0.07,0.0,0.0,0.0,0.0,0,97982.0
22,9,246,1240,0,1,14,0.0,0.0,1.0,0.0,0.13,26,255,1.0,0.0,0.02,0.0,0.0,0.02,0,56114.0
22,9,158,169,0,1,2,0.0,0.0,1.0,0.0,0.0,14,255,1.0,0.0,0.03,0.0,0.0,0.0,0,64826.0
22,1,0,0,0,0,1,0.0,0.0,1.0,0.0,0.0,25,255,1.0,0.0,0.07,0.0,0.0,0.4,0,17209.0
19,9,567,0,0,1,1,0.0,0.0,1.0,0.0,0.0,113,39,0.35,0.04,0.0,0.02,0.0,0.0,0,92209.0
22,9,201,468,0,1,1,0.0,0.0,1.0,0.0,0.0,2,255,1.0,0.0,0.09,0.0,0.0,0.98,0,15877.0
44,9,105,147,0,0,1,0.0,0.0,1.0,0.0,0.0,114,113,0.99,0.02,0.0,0.0,0.0,0.0,0,74572.0
22,9,306,3222,0,1,2,0.0,0.0,1.0,0.0,0.0,255,251,0.98,0.01,0.0,0.0,0.0,0.0,0,1133.0
49,9,1895,331,0,1,1,0.0,0.0,1.0,0.0,1.0,255,94,0.37,0.02,0.0,0.0,0.0,0.0,0,40981.0
22,9,327,7757,0,1,1,0.0,0.0,1.0,0.0,1.0,1,255,1.0,0.0,0.05,0.0,0.0,0.0,0,45792.0
11,9,46,136,0,0,78,0.0,0.0,0.99,0.03,0.01,255,254,1.0,0.01,0.0,0.0,0.0,0.0,0,26929.0
41,5,0,0,0,0,223,1.0,1.0,0.09,0.06,0.0,255,1,0.0,0.07,0.0,1.0,1.0,0.0,1,15583.0
22,9,330,292,0,1,10,0.0,0.0,1.0,0.0,0.0,54,255,1.0,0.0,0.03,0.0,0.0,0.0,0,44932.0
30,5,0,0,0,0,136,1.0,1.0,0.05,0.06,0.0,255,7,0.03,0.06,0.0,1.0,1.0,0.0,1,87352.0
22,9,247,1680,0,1,3,0.0,0.0,1.0,0.0,0.5,227,255,1.0,0.0,0.02,0.0,0.0,0.0,0,15915.0
13,9,8,0,0,0,1,0.0,0.0,1.0,0.0,1.0,2,142,1.0,0.0,0.5,0.0,0.0,0.0,1,40880.0
22,9,288,1056,0,1,22,0.0,0.0,1.0,0.0,0.08,50,104,1.0,0.0,0.04,0.0,0.0,0.0,0,46405.0
44,5,0,0,0,0,125,1.0,1.0,0.14,0.06,0.0,255,18,0.07,0.07,0.0,1.0,1.0,0.0,1,71047.0
23,5,0,0,0,0,147,1.0,1.0,0.1,0.05,0.0,255,14,0.05,0.06,0.0,1.0,1.0,0.0,1,36010.0
44,1,0,0,0,0,142,0.0,0.0,0.02,0.06,0.0,255,21,0.08,0.07,0.0,0.0,0.0,1.0,1,119423.0
44,1,0,0,0,0,1,0.0,0.0,1.0,0.0,0.0,31,1,0.03,1.0,0.0,0.0,0.0,1.0,1,82415.0
22,5,0,0,0,0,3,0.33,0.33,1.0,0.0,0.0,3,255,1.0,0.0,0.04,0.33,0.01,0.0,0,106422.0
44,9,1,0,0,0,22,0.0,0.0,0.36,0.23,0.0,255,28,0.11,0.66,0.0,0.0,0.0,0.0,1,62432.0
19,9,334,0,0,1,1,0.0,0.0,1.0,0.0,0.0,6,43,1.0,0.0,0.07,0.0,0.02,0.0,1,101572.0
40,9,146,0,0,0,3,0.0,0.0,0.33,0.67,0.0,255,2,0.01,0.68,0.0,0.0,0.0,0.0,0,87892.0
60,5,0,0,0,0,136,1.0,1.0,0.07,0.06,0.0,255,10,0.04,0.05,0.0,1.0,1.0,0.0,1,60341.0
44,5,0,0,0,0,29,1.0,1.0,0.17,0.21,0.0,255,5,0.02,0.09,0.0,1.0,1.0,0.0,1,32768.0
13,9,8,0,0,0,1,0.0,0.0,1.0,0.0,1.0,2,64,1.0,0.0,0.5,0.0,0.0,0.0,1,28322.0
9,5,0,0,0,0,12,1.0,1.0,0.33,0.5,0.0,255,12,0.05,0.09,0.0,1.0,1.0,0.0,1,6318.0
3,5,0,0,0,0,134,1.0,1.0,0.14,0.06,0.0,255,18,0.07,0.07,0.0,1.0,1.0,0.0,1,80206.0
44,5,0,0,0,0,64,1.0,1.0,0.03,0.08,0.0,255,19,0.07,0.07,0.0,1.0,1.0,0.0,1,86549.0
7,5,0,0,0,0,264,1.0,1.0,0.05,0.06,0.0,255,7,0.03,0.08,0.0,1.0,1.0,0.0,1,53462.0
5,1,0,0,0,0,113,0.0,0.0,0.1,0.07,0.0,255,11,0.04,0.06,0.0,0.0,0.0,1.0,1,11354.0
44,4,0,0,0,0,1,0.0,0.0,1.0,0.0,0.0,255,1,0.0,0.34,0.0,0.0,0.0,1.0,1,29902.0
11,9,42,132,0,0,139,0.0,0.0,0.99,0.01,0.01,255,223,0.87,0.02,0.0,0.0,0.0,0.0,0,13932.0
22,9,219,1405,0,1,23,0.0,0.0,1.0,0.0,0.0,50,255,1.0,0.0,0.02,0.0,0.0,0.0,0,116097.0
22,9,235,3198,0,1,1,0.0,0.0,1.0,0.0,0.21,255,255,1.0,0.0,0.0,0.0,0.0,0.0,0,62578.0
25,5,0,0,0,0,230,1.0,1.0,0.06,0.06,0.0,255,14,0.05,0.06,0.0,1.0,1.0,0.0,1,114315.0
44,5,0,0,0,0,220,1.0,1.0,0.03,0.06,0.0,255,15,0.06,0.07,0.0,1.0,1.0,0.0,1,66138.0
22,9,297,2789,0,1,3,0.0,0.0,1.0,0.0,0.2,255,255,1.0,0.0,0.0,0.0,0.0,0.0,0,76410.0
44,5,0,0,0,0,135,1.0,1.0,0.13,0.06,0.0,255,6,0.02,0.07,0.0,1.0,1.0,0.0,1,94869.0
44,5,0,0,0,0,109,1.0,1.0,0.06,0.06,0.0,255,7,0.03,0.08,0.0,1.0,1.0,0.0,1,71670.0
36,5,0,0,0,0,238,1.0,1.0,0.01,0.07,0.0,255,3,0.01,0.07,0.0,1.0,1.0,0.0,1,83714.0
44,9,1,0,0,0,16,0.0,0.0,0.38,0.31,0.0,255,6,0.02,0.47,0.0,0.0,0.0,0.0,1,26625.0
19,9,192,0,0,1,2,0.0,0.0,1.0,0.0,0.0,175,68,0.33,0.03,0.03,0.0,0.0,0.0,0,28967.0
11,9,35,91,0,0,1,0.0,0.0,1.0,0.0,1.0,175,120,0.69,0.02,0.0,0.0,0.0,0.0,0,123044.0
14,9,1032,0,0,0,334,0.0,0.0,1.0,0.0,0.0,255,255,1.0,0.0,0.0,0.0,0.0,0.0,1,61693.0
19,9,61298,0,0,0,7,0.0,0.0,1.0,0.0,0.0,234,53,0.18,0.02,0.04,0.0,0.0,0.0,0,35775.0
49,9,672,331,0,1,1,0.0,0.0,1.0,0.0,1.0,1,1,1.0,0.0,0.0,0.0,0.0,0.0,0,120008.0
5,5,0,0,0,0,125,1.0,1.0,0.16,0.05,0.0,255,20,0.08,0.05,0.0,1.0,1.0,0.0,1,54615.0
51,5,0,0,0,0,220,1.0,1.0,0.08,0.06,0.0,255,18,0.07,0.07,0.0,1.0,1.0,0.0,1,7308.0
13,9,8,0,0,0,1,0.0,0.0,1.0,0.0,0.0,2,22,1.0,0.0,0.5,0.0,0.0,0.0,1,40030.0
22,9,303,516,0,1,6,0.0,0.0,1.0,0.0,0.13,6,255,1.0,0.0,0.02,0.0,0.0,0.0,0,57600.0
2,5,0,0,0,0,108,1.0,1.0,0.03,0.07,0.0,255,3,0.01,0.09,0.0,1.0,1.0,0.0,1,102869.0
11,9,42,42,0,0,1,0.0,0.0,1.0,0.0,1.0,3,3,1.0,0.0,0.0,0.0,0.0,0.0,0,7316.0
22,9,159,584,0,1,1,0.0,0.0,1.0,0.0,0.33,18,255,1.0,0.0,0.05,0.0,0.0,0.0,0,38195.0
17,5,0,0,0,0,6,0.83,1.0,0.33,0.5,0.0,255,40,0.16,0.04,0.0,1.0,1.0,0.0,1,11740.0
18,9,1242,2451,0,1,1,0.0,0.0,1.0,0.0,0.0,255,89,0.35,0.02,0.0,0.0,0.0,0.0,1,68706.0
37,5,0,0,0,0,100,1.0,1.0,0.04,0.07,0.0,255,4,0.02,0.06,0.0,1.0,1.0,0.0,1,11013.0
10,5,0,0,0,0,243,1.0,1.0,0.05,0.06,0.0,255,13,0.05,0.05,0.0,1.0,1.0,0.0,1,75625.0
17,5,0,0,0,0,8,1.0,1.0,0.5,0.38,0.0,255,71,0.28,0.02,0.0,1.0,1.0,0.0,1,99116.0
11,9,44,123,0,0,316,0.0,0.0,1.0,0.0,0.0,255,254,1.0,0.01,0.0,0.0,0.0,0.0,0,121687.0
44,5,0,0,0,0,261,1.0,1.0,0.08,0.05,0.0,255,20,0.08,0.08,0.0,1.0,1.0,0.0,1,60848.0
14,9,1032,0,0,0,510,0.0,0.0,1.0,0.0,0.0,255,215,0.84,0.1,0.0,0.0,0.0,0.0,1,50910.0
44,5,0,0,0,0,241,1.0,1.0,0.08,0.05,0.0,255,19,0.07,0.07,0.0,1.0,1.0,0.0,1,123901.0
44,4,1,0,0,0,2,0.0,0.0,1.0,0.0,0.0,255,2,0.01,0.7,0.0,0.0,0.0,1.0,1,8643.0
22,9,221,12523,0,1,11,0.0,0.0,1.0,0.0,0.0,57,255,1.0,0.0,0.07,0.0,0.0,0.0,0,102626.0
44,1,0,0,0,0,186,0.0,0.0,0.04,0.06,0.0,255,7,0.03,0.07,0.0,0.0,0.0,1.0,1,35335.0
3,1,0,0,0,0,232,0.0,0.0,0.01,0.07,0.0,255,2,0.01,0.08,0.0,0.0,0.0,1.0,1,122149.0
49,9,3056,325,0,1,1,0.0,0.0,1.0,0.0,0.0,161,161,0.68,0.02,0.01,0.0,0.01,0.0,0,119585.0
2,5,0,0,0,0,271,1.0,1.0,0.04,0.06,0.0,255,12,0.05,0.07,0.0,1.0,1.0,0.0,1,56923.0
19,9,641,0,0,1,2,0.0,0.0,1.0,0.0,0.0,255,112,0.44,0.04,0.0,0.0,0.0,0.0,0,88232.0
62,1,0,0,0,0,227,0.0,0.0,0.02,0.07,0.0,255,4,0.02,0.08,0.0,0.0,0.0,1.0,1,100586.0
43,5,0,0,0,0,140,1.0,1.0,0.13,0.06,0.0,255,15,0.06,0.06,0.0,1.0,1.0,0.0,1,89393.0
22,9,231,9668,0,1,8,0.0,0.0,1.0,0.0,0.0,16,255,1.0,0.0,0.03,0.06,0.0,0.0,0,86165.0
2,5,0,0,0,0,278,1.0,1.0,0.04,0.06,0.0,255,16,0.06,0.07,0.0,1.0,1.0,0.0,1,50298.0
44,5,0,0,0,0,106,1.0,1.0,0.11,0.06,0.0,255,19,0.07,0.06,0.0,1.0,1.0,0.0,1,63713.0
22,9,54540,8314,0,1,6,0.0,0.0,1.0,0.0,0.0,14,14,1.0,0.0,0.0,0.0,0.0,0.07,1,94594.0
11,9,44,44,0,0,117,0.0,0.0,0.99,0.02,0.01,255,254,1.0,0.01,0.0,0.0,0.0,0.0,0,36838.0
55,5,0,0,0,0,293,1.0,1.0,0.08,0.05,0.0,255,24,0.09,0.05,0.0,1.0,1.0,0.0,1,90290.0
55,5,0,0,0,0,141,1.0,1.0,0.01,0.06,0.0,255,3,0.01,0.06,0.0,1.0,1.0,0.0,1,9950.0
19,9,40494,0,0,0,11,0.0,0.0,1.0,0.0,0.12,109,21,0.19,0.03,0.0,0.0,0.0,0.0,0,112801.0
22,9,334,9986,0,1,11,0.0,0.0,1.0,0.0,0.0,11,255,1.0,0.0,0.02,0.0,0.0,0.0,0,122503.0
11,9,45,114,0,0,2,0.0,0.0,0.5,1.0,1.0,78,72,0.92,0.03,0.0,0.0,0.0,0.0,0,49449.0
22,9,165,9536,0,1,2,0.0,0.0,1.0,0.0,0.0,2,255,1.0,0.0,0.02,0.0,0.0,0.0,0,25742.0
12,5,0,0,0,0,213,1.0,1.0,0.02,0.06,0.0,255,17,0.07,0.06,0.0,1.0,1.0,0.0,1,1325.0
44,1,0,0,0,0,144,0.0,0.0,0.08,0.07,0.0,255,12,0.05,0.07,0.0,0.0,0.0,1.0,1,81466.0
22,9,309,731,0,1,5,0.0,0.0,1.0,0.0,0.0,5,255,1.0,0.0,0.02,0.0,0.0,0.0,0,117779.0
60,5,0,0,0,0,14,1.0,1.0,0.36,0.36,0.0,255,5,0.02,0.08,0.0,1.0,1.0,0.0,1,124767.0
13,9,8,0,0,0,1,0.0,0.0,1.0,0.0,1.0,4,255,1.0,0.0,0.25,0.0,0.0,0.0,1,58726.0
22,9,211,2557,0,1,9,0.0,0.0,1.0,0.0,0.0,9,9,1.0,0.0,0.0,0.0,0.0,0.0,0,72866.0
44,5,0,0,0,0,210,1.0,1.0,0.02,0.06,0.0,255,17,0.07,0.08,0.0,1.0,1.0,0.0,1,84157.0
44,1,0,0,0,0,276,0.0,0.0,0.06,0.07,0.0,255,17,0.07,0.07,0.0,0.0,0.0,1.0,1,20354.0
22,9,222,10378,0,1,16,0.0,0.0,1.0,0.0,0.12,255,255,1.0,0.0,0.0,0.0,0.0,0.0,0,115764.0
22,9,174,11889,0,1,6,0.0,0.0,1.0,0.0,0.29,84,84,1.0,0.0,0.0,0.0,0.0,0.0,0,83747.0
44,4,0,0,0,0,1,0.0,0.0,1.0,0.0,0.0,229,1,0.0,0.29,0.0,0.0,0.0,1.0,1,76133.0
49,6,80,199,0,1,1,1.0,1.0,1.0,0.0,0.0,132,172,0.73,0.03,0.01,0.02,0.02,0.0,0,72312.0
44,1,0,0,0,0,1,0.0,0.0,1.0,0.0,0.0,14,1,0.07,1.0,0.0,0.0,0.0,1.0,1,8375.0
22,9,227,3597,0,1,5,0.0,0.0,1.0,0.0,0.0,153,255,1.0,0.0,0.02,0.0,0.0,0.0,0,62166.0
11,9,43,77,0,0,149,0.0,0.0,1.0,0.0,0.0,255,188,0.74,0.01,0.0,0.0,0.0,0.0,0,56127.0
3,5,0,0,0,0,279,1.0,1.0,0.04,0.06,0.0,255,11,0.04,0.07,0.0,1.0,1.0,0.0,1,771.0
22,9,228,9030,0,1,2,0.0,0.0,1.0,0.0,0.0,40,255,1.0,0.0,0.05,0.0,0.0,0.0,0,42837.0
60,5,0,0,0,0,240,1.0,1.0,0.08,0.05,0.0,255,18,0.07,0.06,0.0,1.0,1.0,0.0,1,91571.0
34,5,0,0,0,0,238,1.0,1.0,0.02,0.07,0.0,255,4,0.02,0.07,0.0,1.0,1.0,0.0,1,37837.0
56,2,0,0,0,0,228,0.0,0.0,0.02,0.07,0.0,255,4,0.02,0.07,0.0,0.0,0.0,1.0,1,11210.0
19,9,1010,0,0,0,2,0.0,0.0,1.0,0.0,0.0,26,3,0.12,0.15,0.0,0.0,0.0,0.0,0,14822.0
22,9,345,390,0,1,5,0.0,0.0,1.0,0.0,0.0,255,255,1.0,0.0,0.0,0.0,0.0,0.0,0,47983.0
11,9,43,129,0,0,184,0.0,0.0,0.99,0.01,0.0,73,40,0.55,0.03,0.0,0.0,0.0,0.0,0,124326.0
22,9,262,283,0,1,8,0.0,0.0,1.0,0.0,0.0,255,251,0.98,0.01,0.0,0.0,0.0,0.0,0,8514.0
14,9,1032,0,0,0,511,0.0,0.0,1.0,0.0,0.0,255,151,0.59,0.02,0.0,0.01,0.0,0.0,1,92940.0
22,9,54540,8314,0,1,2,0.0,0.0,1.0,0.0,0.0,143,143,1.0,0.0,0.0,0.0,0.0,0.01,1,116278.0
44,1,0,0,0,0,11,0.0,0.0,0.09,1.0,0.0,129,1,0.01,0.19,0.0,0.0,0.0,1.0,1,59006.0
44,5,0,0,0,0,290,1.0,1.0,0.05,0.06,0.0,255,13,0.05,0.07,0.0,1.0,1.0,0.0,1,18708.0
22,9,317,1285,0,1,2,0.0,0.0,1.0,0.0,0.0,42,255,1.0,0.0,0.04,0.0,0.0,0.0,0,65499.0
44,1,0,0,0,0,160,0.0,0.0,0.03,0.07,0.0,255,5,0.02,0.06,0.0,0.0,0.0,1.0,1,112041.0
56,9,6,4,0,1,72,0.01,0.0,0.01,1.0,0.0,255,1,0.0,0.31,0.0,0.0,0.0,0.0,1,59268.0
22,9,228,302,0,1,12,0.0,0.0,1.0,0.0,0.0,255,255,1.0,0.0,0.0,0.0,0.0,0.0,0,14447.0
4,5,0,0,0,0,259,1.0,1.0,0.01,0.06,0.0,255,2,0.01,0.07,0.0,1.0,1.0,0.0,1,32119.0
44,4,0,0,0,0,1,0.0,0.0,1.0,0.0,0.0,255,1,0.0,0.76,0.0,0.0,0.0,1.0,1,81651.0
20,5,0,0,0,0,228,1.0,1.0,0.03,0.07,0.0,255,7,0.03,0.09,0.0,1.0,1.0,0.0,1,41091.0
44,5,0,0,0,0,105,1.0,1.0,0.09,0.06,0.0,255,11,0.04,0.06,0.0,1.0,1.0,0.0,1,28139.0
22,1,0,0,0,0,1,0.0,0.0,1.0,0.0,1.0,1,37,1.0,0.0,0.43,0.0,0.0,1.0,0,124207.0
22,1,0,0,0,0,1,0.0,0.0,1.0,0.0,0.0,13,229,1.0,0.0,0.21,0.0,0.0,0.96,0,43560.0
44,5,0,0,0,0,181,1.0,1.0,0.03,0.07,0.0,255,19,0.07,0.06,0.0,1.0,1.0,0.0,1,75969.0
44,1,0,0,0,0,1,0.0,0.0,1.0,0.0,0.0,5,1,0.2,1.0,0.0,0.0,0.0,1.0,0,80661.0
49,9,250736,331,0,1,1,0.0,0.0,1.0,0.0,1.0,218,137,0.63,0.02,0.0,0.0,0.0,0.0,0,67314.0
22,9,164,6886,0,1,3,0.0,0.0,1.0,0.0,0.0,3,255,1.0,0.0,0.04,0.0,0.0,0.0,0,98570.0
50,1,0,0,0,0,300,0.0,0.0,0.07,0.05,0.0,255,20,0.08,0.07,0.0,0.0,0.0,1.0,1,85045.0
44,5,0,0,0,0,146,1.0,1.0,0.11,0.05,0.0,255,3,0.01,0.08,0.0,1.0,1.0,0.0,1,41920.0
44,5,0,0,0,0,127,1.0,1.0,0.1,0.06,0.0,255,5,0.02,0.06,0.0,1.0,1.0,0.0,1,113149.0
56,2,0,0,0,0,170,0.0,0.0,0.05,0.07,0.0,255,9,0.04,0.08,0.0,0.0,0.0,1.0,1,2181.0
22,9,190,491,0,1,2,0.0,0.0,1.0,0.0,0.0,10,255,1.0,0.0,0.03,0.0,0.0,0.01,0,87163.0
53,5,0,0,0,0,128,1.0,1.0,0.15,0.05,0.0,255,16,0.06,0.07,0.0,1.0,1.0,0.0,1,72970.0
44,5,0,0,0,0,290,1.0,1.0,0.03,0.05,0.0,255,10,0.04,0.07,0.0,1.0,1.0,0.0,1,65832.0
13,9,8,0,0,0,1,0.0,0.0,1.0,0.0,1.0,1,13,1.0,0.0,0.54,0.0,0.0,0.0,1,103429.0
10,9,48,500,0,1,27,0.0,0.0,0.04,0.07,0.0,255,1,0.0,0.01,0.0,0.0,0.0,0.0,0,112859.0
30,2,0,0,0,0,141,0.0,0.0,0.09,0.06,0.0,255,12,0.05,0.06,0.0,0.0,0.0,1.0,1,50976.0
49,9,798,330,0,1,1,0.0,0.0,1.0,0.0,0.0,7,156,0.71,0.29,0.02,0.0,0.01,0.0,0,24456.0
22,9,310,290,0,1,33,0.0,0.0,1.0,0.0,0.08,255,255,1.0,0.0,0.0,0.0,0.0,0.0,0,84262.0
44,5,0,0,0,0,218,1.0,1.0,0.06,0.06,0.0,255,13,0.05,0.05,0.0,1.0,1.0,0.0,1,101133.0
22,9,282,10189,0,1,2,0.0,0.0,1.0,0.0,0.24,2,255,1.0,0.0,0.05,0.0,0.0,0.0,0,29096.0
26,5,0,0,0,0,139,1.0,1.0,0.01,0.06,0.0,255,2,0.01,0.07,0.0,1.0,1.0,0.0,1,6163.0
13,9,8,0,0,0,1,0.0,0.0,1.0,0.0,1.0,1,48,1.0,0.0,0.52,0.0,0.0,0.0,1,90566.0
22,9,215,29228,0,1,3,0.0,0.0,1.0,0.0,0.0,255,255,1.0,0.0,0.0,0.0,0.0,0.0,0,75052.0
3,9,10,39,0,1,1,0.0,0.0,1.0,0.0,0.0,16,3,0.12,0.25,0.67,0.0,0.0,0.0,0,82955.0
29,5,0,0,0,0,194,1.0,1.0,0.09,0.06,0.0,255,4,0.02,0.07,0.0,1.0,1.0,0.0,1,56218.0
22,9,258,521,0,1,3,0.0,0.0,1.0,0.0,0.0,3,255,1.0,0.0,0.05,0.0,0.0,0.0,0,97004.0
55,5,0,0,0,0,106,1.0,1.0,0.08,0.06,0.0,255,9,0.04,0.07,0.0,1.0,1.0,0.0,1,43194.0
22,9,241,35215,0,1,1,0.0,0.0,1.0,0.0,0.0,255,255,1.0,0.0,0.0,0.01,0.01,0.0,0,123858.0
6,4,0,0,0,0,225,0.0,0.0,0.01,0.52,0.0,255,2,0.01,0.46,0.0,0.0,0.0,1.0,1,38136.0
49,9,570,327,0,1,1,0.0,0.0,1.0,0.0,0.0,78,59,0.76,0.08,0.0,0.0,0.0,0.0,0,76597.0
52,2,0,0,0,0,263,0.0,0.0,0.01,0.06,0.0,255,3,0.01,0.07,0.0,0.0,0.0,1.0,1,98950.0
22,1,0,0,0,0,1,0.0,0.0,1.0,0.0,1.0,10,96,1.0,0.0,0.28,0.0,0.0,1.0,0,32892.0
22,9,344,284,0,1,14,0.0,0.0,1.0,0.0,0.13,255,255,1.0,0.0,0.0,0.0,0.0,0.0,0,88279.0
22,9,318,2127,0,1,16,0.0,0.0,1.0,0.0,0.1,20,255,1.0,0.0,0.03,0.0,0.0,0.0,0,31814.0
22,9,207,1215,0,1,8,0.0,0.0,1.0,0.0,0.0,23,255,1.0,0.0,0.04,0.0,0.0,0.0,0,61513.0
13,9,8,0,0,0,1,0.0,0.0,1.0,0.0,1.0,2,174,1.0,0.0,0.25,0.0,0.0,0.0,1,2751.0
17,5,0,0,0,0,59,1.0,1.0,0.25,0.07,0.0,255,64,0.25,0.02,0.0,1.0,1.0,0.0,1,113960.0
44,5,0,0,0,0,122,1.0,1.0,0.07,0.07,0.0,255,11,0.04,0.08,0.0,1.0,1.0,0.0,1,67541.0
17,5,0,0,0,0,3,1.0,1.0,0.67,0.67,0.0,255,74,0.29,0.02,0.0,1.0,1.0,0.0,1,55993.0
19,9,607,0,0,1,1,0.0,0.0,1.0,0.0,0.0,140,16,0.11,0.03,0.0,0.0,0.0,0.0,0,122656.0
22,9,295,301,0,1,9,0.0,0.0,1.0,0.0,0.13,255,255,1.0,0.0,0.0,0.0,0.0,0.0,0,78204.0
22,9,339,10318,0,1,5,0.0,0.0,1.0,0.0,0.29,162,255,1.0,0.0,0.02,0.0,0.0,0.0,0,32172.0
11,9,44,44,0,0,132,0.0,0.0,1.0,0.0,0.02,255,254,1.0,0.01,0.0,0.0,0.0,0.0,0,12150.0
10,5,0,0,0,0,298,1.0,1.0,0.05,0.05,0.0,255,15,0.06,0.07,0.0,1.0,1.0,0.0,1,87712.0
22,9,299,305,0,1,17,0.0,0.0,1.0,0.0,0.0,255,255,1.0,0.0,0.0,0.0,0.0,0.0,0,102936.0
19,9,749,0,0,1,2,0.0,0.0,1.0,0.0,0.0,18,17,0.44,0.11,0.12,0.0,0.0,0.0,0,67253.0
22,9,244,6068,0,1,23,0.0,0.0,1.0,0.0,0.0,255,255,1.0,0.0,0.0,0.0,0.0,0.0,0,9408.0
17,5,0,0,0,0,22,1.0,1.0,0.32,0.18,0.0,255,59,0.23,0.04,0.0,1.0,1.0,0.0,1,88445.0
55,9,75,919,0,1,1,0.0,0.0,1.0,0.0,0.0,65,19,0.28,0.05,0.11,0.25,0.84,0.0,0,8332.0
44,9,105,146,0,0,6,0.0,0.0,0.17,0.33,0.0,255,238,0.93,0.01,0.0,0.0,0.0,0.0,0,39292.0
17,2,0,0,0,0,255,0.0,0.0,0.01,0.07,0.0,255,3,0.01,0.08,0.0,0.0,0.0,1.0,1,35998.0
22,9,237,17177,0,1,3,0.0,0.0,1.0,0.0,0.5,255,255,1.0,0.0,0.0,0.0,0.0,0.0,0,11658.0
44,5,0,0,0,0,117,1.0,1.0,0.03,0.06,0.0,255,3,0.01,0.06,0.0,1.0,1.0,0.0,1,48278.0
22,9,241,336,0,1,5,0.0,0.0,1.0,0.0,0.0,197,255,1.0,0.0,0.01,0.0,0.0,0.0,0,67748.0
49,9,1341,369,0,1,1,0.0,0.0,1.0,0.0,0.0,130,138,0.55,0.02,0.01,0.0,0.0,0.0,0,110167.0
22,8,319,5280,0,1,4,0.25,0.25,1.0,0.0,0.0,255,255,1.0,0.0,0.0,0.0,0.0,0.0,0,38502.0
22,9,195,39751,0,1,2,0.0,0.0,1.0,0.0,0.0,45,255,1.0,0.0,0.05,0.0,0.0,0.0,0,2932.0
22,1,0,0,0,0,1,0.0,0.0,1.0,0.0,0.0,7,255,1.0,0.0,0.03,0.0,0.0,0.01,0,108127.0
25,5,0,0,0,0,139,1.0,1.0,0.06,0.06,0.0,255,1,0.0,0.07,0.0,1.0,1.0,0.0,1,65394.0
19,9,12324,0,0,1,2,0.0,0.0,1.0,0.0,0.0,26,95,0.73,0.08,0.02,0.0,0.0,0.0,0,93038.0
49,9,1791,388,0,1,1,0.0,0.0,1.0,0.0,1.0,93,144,0.44,0.04,0.01,0.0,0.0,0.0,0,117883.0
22,9,219,788,0,1,6,0.0,0.0,1.0,0.0,0.06,255,255,1.0,0.0,0.0,0.0,0.0,0.0,0,16105.0
22,9,285,173,0,1,6,0.0,0.0,1.0,0.0,0.0,114,117,1.0,0.0,0.02,0.0,0.0,0.0,0,107426.0
62,5,0,0,0,0,140,1.0,1.0,0.14,0.05,0.0,255,20,0.08,0.06,0.0,1.0,1.0,0.0,1,111748.0
44,1,0,0,0,0,1,0.0,0.0,1.0,0.0,0.0,44,2,0.02,1.0,1.0,0.0,0.0,1.0,1,7899.0
11,9,45,71,0,0,243,0.0,0.0,1.0,0.0,0.0,255,254,1.0,0.01,0.0,0.0,0.0,0.0,0,16689.0
5,5,0,0,0,0,135,1.0,1.0,0.09,0.06,0.0,255,15,0.06,0.06,0.0,1.0,1.0,0.0,1,112200.0
49,9,997,325,0,1,1,0.0,0.0,1.0,0.0,1.0,61,42,0.59,0.08,0.05,0.0,0.0,0.0,0,113777.0
22,9,232,555,0,1,1,0.0,0.0,1.0,0.0,0.0,16,255,1.0,0.0,0.03,0.0,0.0,0.0,0,117508.0
13,9,8,0,0,0,1,0.0,0.0,1.0,0.0,1.0,2,90,1.0,0.0,0.5,0.0,0.0,0.0,1,122123.0
28,5,0,0,0,0,238,1.0,1.0,0.06,0.05,0.0,255,14,0.05,0.06,0.0,1.0,1.0,0.0,1,51493.0
55,5,0,0,0,0,71,1.0,1.0,0.23,0.06,0.0,255,51,0.2,0.04,0.0,1.0,1.0,0.0,1,81656.0
18,5,0,0,0,0,258,1.0,1.0,0.02,0.07,0.0,255,4,0.02,0.08,0.0,1.0,1.0,0.0,1,74606.0
11,9,44,127,0,0,287,0.0,0.0,1.0,0.01,0.0,252,217,0.86,0.01,0.0,0.0,0.0,0.0,0,75320.0
14,9,1032,0,0,0,297,0.0,0.0,1.0,0.0,0.0,255,229,0.9,0.02,0.0,0.0,0.0,0.0,1,88796.0
11,9,44,110,0,0,1,0.0,0.0,1.0,0.0,0.0,38,213,0.71,0.05,0.01,0.0,0.0,0.0,0,106823.0
22,9,198,3534,0,1,14,0.0,0.0,1.0,0.0,0.08,14,255,1.0,0.0,0.01,0.0,0.0,0.0,0,12974.0
11,9,44,133,0,0,73,0.0,0.0,1.0,0.0,0.01,249,129,0.52,0.02,0.0,0.0,0.0,0.0,0,115552.0
24,5,0,0,0,0,211,1.0,1.0,0.1,0.06,0.0,255,22,0.09,0.05,0.0,1.0,1.0,0.0,1,39035.0
22,4,0,0,0,0,1,0.0,0.0,1.0,0.0,1.0,255,1,0.0,0.32,0.0,0.0,0.0,1.0,1,63682.0
22,9,231,794,0,1,27,0.0,0.0,1.0,0.0,0.0,99,255,1.0,0.0,0.02,0.0,0.0,0.0,0,90641.0
40,9,147,105,0,0,1,0.0,0.0,1.0,0.0,0.0,255,3,0.01,0.64,0.0,0.0,0.0,0.0,0,93265.0
22,9,221,1918,0,1,10,0.0,0.0,1.0,0.0,0.18,33,255,1.0,0.0,0.01,0.0,0.0,0.0,0,64413.0
22,9,198,289,0,1,10,0.0,0.02,1.0,0.0,0.15,255,255,1.0,0.0,0.0,0.0,0.0,0.0,0,82911.0
22,9,315,350,0,1,7,0.0,0.0,1.0,0.0,0.25,255,255,1.0,0.0,0.0,0.0,0.0,0.0,0,87321.0
22,9,294,616,0,1,3,0.0,0.0,1.0,0.0,0.4,255,255,1.0,0.0,0.0,0.01,0.01,0.0,0,11608.0
40,1,0,0,0,0,509,0.04,0.0,0.0,1.0,0.0,255,1,0.0,1.0,0.0,0.04,0.0,1.0,1,122168.0
44,5,0,0,0,0,137,1.0,1.0,0.07,0.09,0.0,255,9,0.04,0.07,0.0,1.0,1.0,0.0,1,97095.0
49,9,1458,367,0,1,1,0.0,0.0,1.0,0.0,1.0,247,175,0.68,0.02,0.01,0.0,0.0,0.0,0,77368.0
22,9,260,23731,0,1,1,0.0,0.0,1.0,0.0,0.0,1,255,1.0,0.0,0.01,0.0,0.0,0.0,0,50319.0
55,5,0,0,0,0,144,1.0,1.0,0.03,0.06,0.0,255,1,0.0,0.06,0.0,1.0,1.0,0.0,1,121296.0
61,5,0,0,0,0,292,1.0,1.0,0.09,0.04,0.0,255,19,0.07,0.05,0.0,1.0,1.0,0.0,1,77347.0
19,9,95,0,0,1,1,0.0,0.0,1.0,0.0,0.0,23,104,0.61,0.17,0.03,0.0,0.0,0.0,0,80602.0
31,5,0,0,0,0,254,1.0,1.0,0.05,0.06,0.0,255,25,0.1,0.05,0.0,1.0,1.0,0.0,1,38972.0
22,9,237,2688,0,1,19,0.0,0.0,1.0,0.0,0.1,255,255,1.0,0.0,0.0,0.0,0.0,0.0,0,56107.0
22,9,255,285,0,1,6,0.0,0.0,1.0,0.0,0.29,255,255,1.0,0.0,0.0,0.0,0.0,0.0,0,100906.0
22,9,305,726,0,1,16,0.0,0.0,1.0,0.0,0.0,255,255,1.0,0.0,0.0,0.0,0.0,0.0,0,3810.0
14,9,1032,0,0,0,449,0.0,0.0,1.0,0.0,0.0,255,255,1.0,0.0,0.0,0.0,0.0,0.0,1,45699.0
49,9,4239,328,0,1,1,0.0,0.0,1.0,0.0,1.0,73,169,0.51,0.08,0.01,0.0,0.0,0.0,0,74933.0
44,1,0,0,0,0,1,0.0,0.0,1.0,0.0,0.0,62,2,0.02,1.0,1.0,0.0,0.0,1.0,1,616.0
19,9,748,0,0,1,1,0.0,0.0,1.0,0.0,0.0,107,108,0.78,0.03,0.02,0.0,0.0,0.0,0,2444.0
59,5,0,0,0,0,134,1.0,1.0,0.08,0.06,0.0,255,13,0.05,0.06,0.0,1.0,1.0,0.0,1,12087.0
40,9,147,105,0,0,1,0.0,0.0,1.0,0.0,0.0,255,3,0.01,0.55,0.0,0.0,0.0,0.0,0,108457.0
44,5,0,0,0,0,129,1.0,1.0,0.16,0.07,0.0,74,20,0.27,0.11,0.0,1.0,1.0,0.0,1,95412.0
17,5,0,0,0,0,253,1.0,1.0,0.0,0.07,0.0,255,1,0.0,0.07,0.0,1.0,1.0,0.0,1,77692.0
19,9,373,0,0,0,7,0.0,0.0,1.0,0.0,0.0,27,19,0.7,0.07,0.0,0.0,0.0,0.0,0,106075.0
20,5,0,0,0,0,239,1.0,1.0,0.01,0.07,0.0,255,2,0.01,0.07,0.0,1.0,1.0,0.0,1,115227.0
22,9,211,6385,0,1,3,0.0,0.0,1.0,0.0,0.5,88,255,1.0,0.0,0.06,0.01,0.0,0.0,0,80519.0
44,5,0,0,0,0,120,1.0,1.0,0.04,0.06,0.0,255,13,0.05,0.09,0.0,1.0,1.0,0.0,1,60523.0
13,9,30,0,0,0,3,0.0,0.0,0.33,0.67,0.0,255,5,0.02,0.01,0.0,0.0,0.0,0.0,0,54900.0
22,9,200,912,0,1,5,0.0,0.0,1.0,0.0,0.0,255,255,1.0,0.0,0.0,0.0,0.0,0.0,0,116199.0
22,9,328,5087,0,1,2,0.0,0.0,1.0,0.0,0.18,2,255,1.0,0.0,0.06,0.0,0.0,0.0,0,105512.0
37,5,0,0,0,0,123,1.0,1.0,0.06,0.07,0.0,255,7,0.03,0.08,0.0,1.0,1.0,0.0,1,48150.0
22,9,251,290,0,1,29,0.0,0.0,1.0,0.0,0.13,255,255,1.0,0.0,0.0,0.0,0.0,0.0,0,66295.0
22,9,208,1227,0,1,4,0.25,0.25,1.0,0.0,0.0,4,255,1.0,0.0,0.01,0.25,0.0,0.0,0,71792.0
17,5,0,0,0,0,38,0.97,1.0,0.37,0.11,0.0,255,11,0.04,0.07,0.0,1.0,1.0,0.0,1,84009.0
11,9,42,42,0,0,5,0.0,0.0,1.0,0.0,0.27,255,255,1.0,0.0,0.0,0.0,0.0,0.0,0,13092.0
22,1,0,0,0,0,1,0.0,0.0,1.0,0.0,0.0,35,48,1.0,0.0,0.12,0.0,0.0,1.0,0,46982.0
44,5,0,0,0,0,225,1.0,1.0,0.01,0.06,0.0,255,3,0.01,0.07,0.0,1.0,1.0,0.0,1,58207.0
44,5,0,0,0,0,112,1.0,1.0,0.01,0.07,0.0,255,20,0.08,0.06,0.0,1.0,1.0,0.0,1,112654.0
13,9,8,0,0,0,1,0.0,0.0,1.0,0.0,1.0,2,42,1.0,0.0,0.5,0.0,0.0,0.0,1,91817.0
22,9,327,788,0,1,10,0.0,0.0,1.0,0.0,0.18,255,255,1.0,0.0,0.0,0.0,0.0,0.0,0,68839.0
22,9,197,19113,0,1,1,0.0,0.0,1.0,0.0,0.13,4,255,1.0,0.0,0.02,0.25,0.0,0.0,0,92748.0
49,9,1140,330,0,1,1,0.0,0.0,1.0,0.0,0.0,64,186,0.56,0.09,0.01,0.0,0.0,0.0,0,90699.0
44,5,0,0,0,0,203,1.0,1.0,0.02,0.06,0.0,255,13,0.05,0.06,0.0,1.0,1.0,0.0,1,72737.0
44,1,0,0,0,0,106,0.0,0.0,0.11,0.07,0.0,255,8,0.03,0.07,0.0,0.0,0.0,1.0,1,35614.0
22,9,255,338,0,1,4,0.0,0.0,1.0,0.0,0.0,14,255,1.0,0.0,0.01,0.0,0.01,0.0,0,40060.0
22,9,376,1679,0,1,5,0.0,0.0,1.0,0.0,0.0,25,255,1.0,0.0,0.04,0.0,0.0,0.0,0,26802.0
13,9,30,0,0,0,7,0.0,0.0,0.14,0.29,0.0,255,5,0.02,0.01,0.0,0.0,0.0,0.0,0,68573.0
11,9,42,70,0,0,198,0.0,0.0,1.0,0.0,0.0,255,255,1.0,0.0,0.0,0.0,0.0,0.0,0,83408.0
2,5,0,0,0,0,221,1.0,1.0,0.05,0.05,0.0,255,10,0.04,0.05,0.0,1.0,1.0,0.0,1,109379.0
22,9,222,660,0,1,14,0.0,0.0,1.0,0.0,0.0,255,255,1.0,0.0,0.0,0.0,0.0,0.0,0,73821.0
55,9,634,20143,0,1,1,0.0,0.0,1.0,0.0,0.0,223,109,0.49,0.01,0.0,0.9,0.92,0.0,0,13615.0
44,5,0,0,0,0,126,0.99,1.0,0.15,0.06,0.0,255,2,0.01,0.06,0.0,1.0,1.0,0.0,1,96475.0
44,1,0,0,0,0,113,0.0,0.0,0.12,0.05,0.0,255,14,0.05,0.07,0.0,0.0,0.0,1.0,1,97493.0
40,9,516,4,0,0,287,0.0,0.0,1.0,0.0,0.0,255,255,1.0,0.0,0.0,0.0,0.0,0.0,0,64369.0
22,9,260,245,0,1,9,0.0,0.0,1.0,0.0,0.14,193,255,1.0,0.0,0.02,0.0,0.0,0.0,0,26098.0
22,1,0,0,0,0,1,0.0,0.0,1.0,0.0,0.0,39,121,1.0,0.0,0.22,0.0,0.0,1.0,0,123314.0
22,9,360,3737,0,1,7,0.0,0.0,1.0,0.0,0.0,255,255,1.0,0.0,0.0,0.0,0.0,0.0,0,60556.0
5,5,0,0,0,0,103,1.0,1.0,0.03,0.06,0.0,255,3,0.01,0.06,0.0,1.0,1.0,0.0,1,55896.0
13,9,30,0,0,0,1,0.0,0.0,1.0,0.0,0.0,8,114,1.0,0.0,0.47,0.0,0.0,0.0,0,29919.0
22,9,297,665,0,1,22,0.0,0.0,1.0,0.0,0.0,255,255,1.0,0.0,0.0,0.0,0.0,0.0,0,74253.0
22,9,274,2345,0,1,4,0.0,0.0,1.0,0.0,0.0,25,255,1.0,0.0,0.02,0.0,0.0,0.0,0,84885.0
49,5,0,0,0,0,12,1.0,0.86,1.0,0.0,0.21,34,146,0.35,0.06,0.01,0.94,0.08,0.0,1,47692.0
19,9,1556,0,0,1,1,0.0,0.0,1.0,0.0,0.0,255,129,0.51,0.02,0.0,0.0,0.01,0.0,0,3209.0
22,9,54540,8314,0,1,2,0.0,0.0,1.0,0.0,0.0,8,8,1.0,0.0,0.0,0.0,0.0,0.0,1,93788.0
33,5,0,0,0,0,209,1.0,1.0,0.05,0.07,0.0,255,10,0.04,0.07,0.0,1.0,1.0,0.0,1,96054.0
23,1,0,0,0,0,127,0.0,0.0,0.03,0.07,0.0,255,4,0.02,0.07,0.0,0.0,0.0,1.0,1,100445.0
22,9,211,24786,0,1,20,0.0,0.0,1.0,0.0,0.0,255,255,1.0,0.0,0.0,0.0,0.0,0.0,0,71002.0
19,9,748,0,0,1,1,0.0,0.0,1.0,0.0,0.0,73,35,0.01,0.04,0.06,0.0,0.0,0.0,0,91076.0
19,9,334,0,0,1,1,0.0,0.0,1.0,0.0,0.0,9,49,1.0,0.0,0.14,0.0,0.0,0.0,1,16946.0
22,9,164,1778,0,1,5,0.0,0.0,1.0,0.0,0.0,67,255,1.0,0.0,0.02,0.0,0.0,0.02,0,95054.0
4,5,0,0,0,0,250,1.0,1.0,0.02,0.06,0.0,255,6,0.02,0.07,0.0,1.0,1.0,0.0,1,124332.0
13,9,18,0,0,0,1,0.0,0.0,1.0,0.0,0.0,1,116,1.0,0.0,1.0,0.0,0.0,0.0,1,55687.0
17,9,10,365,0,0,1,0.0,0.0,1.0,0.0,0.0,81,11,0.02,0.05,0.27,0.0,0.0,0.0,0,114612.0
44,4,0,0,0,0,1,0.0,0.0,1.0,0.0,0.0,197,1,0.01,0.5,0.0,0.0,0.0,1.0,1,6544.0
49,9,2381,326,0,1,1,0.0,0.0,1.0,0.0,0.0,254,167,0.65,0.03,0.01,0.0,0.01,0.0,0,18072.0
22,9,288,844,0,1,9,0.0,0.0,1.0,0.0,0.16,63,255,1.0,0.0,0.01,0.0,0.0,0.0,0,72060.0
11,9,44,78,0,0,200,0.0,0.0,1.0,0.0,0.0,255,255,1.0,0.0,0.0,0.0,0.0,0.0,0,31877.0
22,9,210,61957,0,1,6,0.0,0.0,1.0,0.0,0.0,219,255,1.0,0.0,0.01,0.0,0.0,0.0,0,86893.0
37,5,0,0,0,0,117,1.0,1.0,0.1,0.06,0.0,255,12,0.05,0.05,0.0,1.0,1.0,0.0,1,66945.0
22,9,54540,8314,0,1,3,0.0,0.0,1.0,0.0,0.0,228,228,1.0,0.0,0.0,0.0,0.0,0.06,1,32889.0
11,9,43,140,0,0,84,0.0,0.0,1.0,0.0,0.02,255,253,0.99,0.01,0.0,0.0,0.0,0.0,0,44297.0
55,5,0,0,0,0,5,1.0,1.0,0.2,0.6,0.0,167,44,0.26,0.02,0.05,0.99,0.93,0.0,1,71882.0
10,5,0,0,0,0,270,1.0,1.0,0.02,0.06,0.0,255,6,0.02,0.08,0.0,1.0,1.0,0.0,1,67510.0
22,5,0,0,0,0,2,0.5,0.25,1.0,0.0,0.75,6,255,1.0,0.0,0.04,0.17,0.01,0.0,0,119882.0
22,1,0,0,0,0,1,0.0,0.0,1.0,0.0,0.0,57,161,1.0,0.0,0.02,0.0,0.0,1.0,0,73973.0
11,9,44,84,0,0,107,0.0,0.0,1.0,0.0,0.0,255,254,1.0,0.01,0.0,0.0,0.0,0.0,0,121557.0
18,3,1379963888,0,0,0,1,0.0,0.0,1.0,0.0,0.0,77,1,0.01,0.12,0.0,0.0,0.0,1.0,1,125429.0
11,9,44,74,0,0,113,0.0,0.0,1.0,0.0,0.02,255,227,0.89,0.01,0.0,0.0,0.0,0.0,0,75662.0
14,9,1032,0,0,0,511,0.0,0.0,1.0,0.0,0.0,255,18,0.07,0.15,0.0,0.15,0.0,0.0,1,68989.0
44,5,0,0,0,0,108,1.0,1.0,0.07,0.06,0.0,255,4,0.02,0.07,0.0,1.0,1.0,0.0,1,84984.0
19,9,8325,0,0,0,20,0.0,0.0,1.0,0.0,0.0,160,70,0.44,0.03,0.0,0.0,0.0,0.0,0,124703.0
13,9,18,0,0,0,1,0.0,0.0,1.0,0.0,0.0,1,21,1.0,0.0,1.0,0.0,0.0,0.0,1,85976.0
40,5,0,0,0,0,429,0.07,1.0,0.0,1.0,0.0,255,1,0.0,1.0,0.0,0.09,1.0,0.0,1,43105.0
18,5,0,0,0,0,262,1.0,1.0,0.07,0.06,0.0,255,18,0.07,0.06,0.0,1.0,1.0,0.0,1,905.0
22,9,323,3627,0,1,1,0.0,0.0,1.0,0.0,0.31,68,225,1.0,0.0,0.04,0.01,0.0,0.0,0,78682.0
19,5,0,0,0,0,16,1.0,1.0,0.19,0.25,0.0,178,43,0.24,0.02,0.0,0.99,1.0,0.0,1,37456.0
17,5,0,0,0,0,28,1.0,1.0,0.21,0.14,0.0,255,62,0.24,0.02,0.0,1.0,1.0,0.0,1,123886.0
22,5,0,0,0,0,2,0.5,0.5,1.0,0.0,0.0,4,255,1.0,0.0,0.04,0.25,0.0,0.0,0,86969.0
22,9,219,281,0,1,13,0.0,0.0,1.0,0.0,0.0,255,255,1.0,0.0,0.0,0.0,0.0,0.0,0,50773.0
22,9,199,3413,0,1,20,0.0,0.0,1.0,0.0,0.12,142,255,1.0,0.0,0.02,0.0,0.0,0.33,0,58050.0
44,5,0,0,0,0,262,1.0,1.0,0.07,0.05,0.0,255,19,0.07,0.07,0.0,1.0,1.0,0.0,1,18186.0
42,9,66,2117,0,1,1,0.0,0.0,1.0,0.0,0.0,219,3,0.01,0.09,0.0,0.01,0.0,0.0,0,73546.0
22,9,222,185,0,1,16,0.0,0.0,1.0,0.0,0.0,20,255,1.0,0.0,0.24,0.0,0.0,0.9,0,59489.0
22,9,198,450,0,1,4,0.25,0.25,1.0,0.0,0.0,198,201,1.0,0.0,0.01,0.01,0.0,0.0,0,21133.0
40,9,147,105,0,0,1,0.0,0.0,1.0,0.0,0.0,255,1,0.0,0.72,0.0,0.0,0.0,0.0,0,17628.0
27,1,0,0,0,0,103,0.0,0.0,0.03,0.06,0.0,255,3,0.01,0.07,0.0,0.0,0.0,1.0,1,27811.0
22,9,270,783,0,1,8,0.0,0.0,1.0,0.0,0.0,8,255,1.0,0.0,0.02,0.0,0.0,0.0,0,73149.0
22,1,0,0,0,0,1,0.0,0.0,1.0,0.0,0.0,1,202,1.0,0.0,0.11,0.0,0.0,1.0,0,69551.0
22,5,0,0,0,0,245,1.0,0.95,0.08,0.07,0.1,255,19,0.07,0.08,0.0,1.0,1.0,0.0,1,39480.0
49,9,1620,389,0,1,1,0.0,0.0,1.0,0.0,0.0,43,151,0.58,0.09,0.01,0.0,0.0,0.0,0,50473.0
44,5,0,0,0,0,247,1.0,1.0,0.09,0.05,0.0,51,21,0.41,0.1,0.0,0.96,1.0,0.0,1,119449.0
22,9,219,181,0,1,12,0.0,0.0,1.0,0.0,0.0,255,255,1.0,0.0,0.0,0.0,0.0,0.0,0,39354.0
49,9,0,85,0,1,1,0.0,0.0,1.0,0.0,0.0,6,1,0.17,1.0,0.0,0.0,0.0,0.0,1,105088.0
22,9,232,585,0,1,1,0.0,0.0,1.0,0.0,0.0,20,255,1.0,0.0,0.02,0.0,0.0,0.0,0,54930.0
22,9,228,1530,0,1,3,0.0,0.0,1.0,0.0,0.5,18,255,1.0,0.0,0.04,0.0,0.0,0.0,0,21389.0
49,9,1508,359,0,1,1,0.0,0.0,1.0,0.0,0.0,184,245,0.96,0.01,0.01,0.0,0.0,0.0,0,87557.0
40,4,0,0,0,0,1,0.0,0.0,1.0,0.0,0.0,255,1,0.0,0.74,0.0,0.0,0.0,1.0,1,68932.0
22,9,198,2110,0,1,22,0.0,0.0,1.0,0.0,0.12,71,255,1.0,0.0,0.01,0.0,0.0,0.0,0,81604.0
22,9,325,426,0,1,5,0.0,0.0,1.0,0.0,0.0,187,255,1.0,0.0,0.01,0.0,0.0,0.0,0,374.0
10,5,0,0,0,0,297,1.0,1.0,0.02,0.05,0.0,255,1,0.0,0.07,0.0,1.0,1.0,0.0,1,65604.0
44,9,1,0,0,0,127,0.0,0.0,0.71,0.05,0.0,255,146,0.57,0.05,0.0,0.0,0.0,0.0,1,95662.0
37,1,0,0,0,0,117,0.0,0.0,0.16,0.06,0.0,255,19,0.07,0.06,0.0,0.0,0.0,1.0,1,55275.0
61,5,0,0,0,0,291,1.0,1.0,0.08,0.04,0.0,255,23,0.09,0.05,0.0,1.0,1.0,0.0,1,6504.0
11,9,43,43,0,0,158,0.0,0.0,1.0,0.0,0.01,255,255,1.0,0.0,0.0,0.0,0.0,0.0,0,30313.0
49,9,944,330,0,1,1,0.0,0.0,1.0,0.0,0.0,214,166,0.63,0.02,0.01,0.0,0.0,0.0,0,204.0
22,9,139,32424,0,1,1,0.0,0.0,1.0,0.0,0.13,255,255,1.0,0.0,0.0,0.0,0.0,0.01,0,60732.0
30,2,0,0,0,0,108,0.0,0.0,0.06,0.07,0.0,255,6,0.02,0.07,0.0,0.0,0.0,1.0,1,23852.0
44,5,0,0,0,0,168,1.0,1.0,0.02,0.06,0.0,255,17,0.07,0.08,0.0,1.0,1.0,0.0,1,30415.0
53,5,0,0,0,0,284,1.0,1.0,0.04,0.06,0.0,255,12,0.05,0.06,0.0,1.0,1.0,0.0,1,10947.0
13,9,8,0,0,0,1,0.0,0.0,1.0,0.0,1.0,1,29,1.0,0.0,0.52,0.0,0.0,0.0,1,45865.0
13,9,8,0,0,0,1,0.0,0.0,1.0,0.0,1.0,1,157,1.0,0.0,0.25,0.0,0.0,0.0,1,81515.0
22,9,297,580,0,1,21,0.0,0.0,1.0,0.0,0.0,96,255,1.0,0.0,0.03,0.0,0.0,0.0,0,52667.0
60,5,0,0,0,0,255,1.0,1.0,0.03,0.06,0.0,255,13,0.05,0.07,0.0,1.0,1.0,0.0,1,31117.0
19,9,2194619,0,0,1,1,0.0,0.0,1.0,0.0,0.0,200,23,0.12,0.02,0.0,0.0,0.0,0.0,0,63347.0
21,5,0,0,0,0,232,1.0,1.0,0.01,0.07,0.0,255,2,0.01,0.08,0.0,1.0,1.0,0.0,1,87959.0
13,9,8,0,0,0,1,0.0,0.0,1.0,0.0,1.0,3,167,1.0,0.0,0.25,0.0,0.0,0.0,1,71179.0
44,5,0,0,0,0,123,1.0,1.0,0.09,0.07,0.0,255,14,0.05,0.07,0.0,1.0,1.0,0.0,1,30496.0
14,9,1032,0,0,0,511,0.0,0.0,1.0,0.0,0.0,255,201,0.79,0.02,0.0,0.0,0.0,0.0,1,112916.0
22,9,230,361,0,1,1,0.0,0.0,1.0,0.0,0.67,139,255,1.0,0.0,0.02,0.0,0.0,0.0,0,74932.0
22,9,304,10569,0,1,4,0.0,0.0,1.0,0.0,0.0,82,255,1.0,0.0,0.04,0.0,0.0,0.0,0,58221.0
13,9,30,0,0,0,3,0.0,0.0,0.33,1.0,0.0,255,4,0.02,0.01,0.0,0.0,0.0,0.0,0,47844.0
22,9,208,2401,0,1,8,0.0,0.0,1.0,0.0,0.0,255,255,1.0,0.0,0.0,0.0,0.0,0.0,0,89356.0
49,9,565,386,0,1,1,0.0,0.0,1.0,0.0,0.0,255,80,0.31,0.02,0.0,0.49,0.0,0.0,0,64606.0
22,9,209,7423,0,1,2,0.0,0.0,1.0,0.0,0.0,2,255,1.0,0.0,0.04,0.0,0.0,0.0,0,86737.0
22,9,205,1900,0,1,9,0.0,0.0,1.0,0.0,0.11,27,255,1.0,0.0,0.05,0.0,0.0,0.0,0,8615.0
11,9,42,42,0,0,5,0.0,0.0,1.0,0.0,0.33,255,238,0.93,0.01,0.0,0.0,0.0,0.0,0,43467.0
24,5,0,0,0,0,196,1.0,1.0,0.01,0.06,0.0,255,2,0.01,0.05,0.0,1.0,1.0,0.0,1,104992.0
44,5,0,0,0,0,142,1.0,1.0,0.11,0.06,0.0,255,16,0.06,0.07,0.0,1.0,1.0,0.0,1,107928.0
22,9,0,763,0,0,7,0.14,0.14,1.0,0.0,0.0,7,250,1.0,0.0,0.01,0.14,0.0,0.0,0,76833.0
33,5,0,0,0,0,213,1.0,1.0,0.07,0.07,0.0,255,14,0.05,0.07,0.0,1.0,1.0,0.0,1,92312.0
44,5,0,0,0,0,220,1.0,1.0,0.08,0.06,0.0,255,16,0.06,0.07,0.0,1.0,1.0,0.0,1,32333.0
11,9,46,127,0,0,69,0.0,0.0,1.0,0.0,0.01,255,254,1.0,0.01,0.0,0.0,0.0,0.0,0,58656.0
44,1,0,0,0,0,126,0.0,0.0,0.13,0.06,0.0,255,17,0.07,0.07,0.0,0.0,0.0,1.0,1,109723.0
22,9,239,2964,0,1,30,0.0,0.0,1.0,0.0,0.0,255,255,1.0,0.0,0.0,0.0,0.0,0.33,0,25722.0
22,9,302,1380,0,1,3,0.0,0.0,1.0,0.0,0.0,255,242,0.95,0.02,0.0,0.0,0.0,0.0,0,111164.0
22,9,288,2055,0,1,17,0.0,0.0,1.0,0.0,0.06,255,255,1.0,0.0,0.0,0.0,0.0,0.0,0,1913.0
12,5,0,0,0,0,6,1.0,1.0,0.5,0.33,0.0,255,3,0.01,0.08,0.0,1.0,1.0,0.0,1,796.0
22,9,261,3913,0,1,1,0.0,0.0,1.0,0.0,0.06,255,229,0.9,0.01,0.0,0.0,0.0,0.0,0,68773.0
22,9,313,3222,0,1,4,0.0,0.0,1.0,0.0,0.4,255,250,0.98,0.01,0.0,0.0,0.0,0.02,0,53366.0
18,9,710,2077,0,1,1,0.0,0.0,1.0,0.0,0.0,241,68,0.28,0.02,0.0,0.0,0.0,0.0,0,108579.0
25,5,0,0,0,0,140,1.0,1.0,0.07,0.06,0.0,255,2,0.01,0.07,0.0,1.0,1.0,0.0,1,101044.0
22,5,0,0,0,0,13,1.0,1.0,0.31,0.23,0.0,255,64,0.25,0.02,0.0,1.0,1.0,0.0,1,45305.0
40,9,15377,0,0,1,3,0.0,0.0,0.33,1.0,0.0,214,1,0.0,0.06,0.0,0.0,0.0,0.0,0,45380.0
44,5,0,0,0,0,125,1.0,1.0,0.11,0.07,0.0,255,15,0.06,0.08,0.0,1.0,1.0,0.0,1,49018.0
22,9,309,2507,0,1,1,0.0,0.0,1.0,0.0,1.0,255,245,0.96,0.01,0.0,0.0,0.0,0.0,0,100962.0
44,4,0,0,0,0,52,0.0,0.0,0.04,0.54,0.0,222,2,0.01,0.13,0.0,0.01,0.0,1.0,1,17325.0
22,1,0,0,0,0,1,0.0,0.0,1.0,0.0,1.0,46,255,1.0,0.0,0.13,0.0,0.0,1.0,0,63387.0
44,5,0,0,0,0,106,1.0,1.0,0.1,0.06,0.0,255,13,0.05,0.06,0.0,1.0,1.0,0.0,1,34964.0
22,9,325,732,0,1,3,0.0,0.0,1.0,0.0,0.0,119,255,1.0,0.0,0.01,0.0,0.0,0.0,0,111418.0
49,9,1196,329,0,1,1,0.0,0.0,1.0,0.0,0.0,106,157,0.73,0.06,0.01,0.0,0.0,0.0,0,30776.0
44,5,0,0,0,0,207,1.0,1.0,0.04,0.05,0.0,255,20,0.08,0.07,0.0,1.0,1.0,0.0,1,57930.0
10,5,0,0,0,0,209,1.0,1.0,0.06,0.06,0.0,255,13,0.05,0.06,0.0,1.0,1.0,0.0,1,79182.0
56,2,0,0,0,0,285,0.0,0.0,0.06,0.06,0.0,255,16,0.06,0.07,0.0,0.0,0.0,1.0,1,21396.0
60,1,0,0,0,0,297,0.0,0.0,0.07,0.06,0.0,255,20,0.08,0.07,0.0,0.0,0.0,1.0,1,101528.0
49,9,2745,333,0,1,1,0.0,0.0,1.0,0.0,1.0,26,132,0.81,0.15,0.02,0.0,0.0,0.0,0,73361.0
22,9,193,10690,0,1,8,0.0,0.0,1.0,0.0,0.0,64,255,1.0,0.0,0.03,0.0,0.0,0.0,0,104240.0
22,9,244,1215,0,1,8,0.0,0.0,1.0,0.0,0.33,187,255,1.0,0.0,0.01,0.0,0.0,0.0,0,4136.0
8,2,0,0,0,0,149,0.0,0.0,0.13,0.05,0.0,255,14,0.05,0.06,0.0,0.0,0.0,1.0,1,120661.0
19,9,641,0,0,1,2,0.0,0.0,1.0,0.0,0.0,74,65,0.14,0.05,0.03,0.0,0.0,0.0,0,123554.0
11,9,42,42,0,0,6,0.0,0.0,1.0,0.0,0.15,255,243,0.95,0.01,0.0,0.0,0.0,0.0,0,65703.0
32,5,0,0,0,0,40,1.0,1.0,0.28,0.15,0.0,255,11,0.04,0.09,0.0,1.0,1.0,0.0,1,80020.0
44,1,0,0,0,0,201,0.0,0.0,0.05,0.07,0.0,255,10,0.04,0.08,0.0,0.0,0.0,1.0,1,101201.0
44,9,105,145,0,0,1,0.0,0.0,1.0,0.0,0.0,255,177,0.69,0.01,0.0,0.0,0.0,0.0,0,63203.0
13,9,30,0,0,0,1,0.0,0.0,1.0,0.0,0.0,32,32,1.0,0.0,0.0,0.0,0.0,0.0,0,103039.0
11,9,45,111,0,0,73,0.0,0.0,1.0,0.0,0.01,255,255,1.0,0.0,0.0,0.0,0.0,0.0,0,41996.0
22,9,239,6224,0,1,10,0.0,0.0,1.0,0.0,0.08,29,255,1.0,0.0,0.01,0.0,0.0,0.0,0,18745.0
22,9,203,10716,0,1,1,0.0,0.0,1.0,0.0,0.0,55,255,1.0,0.0,0.04,0.0,0.0,0.0,0,28449.0
14,9,1032,0,0,0,510,0.0,0.0,1.0,0.0,0.0,255,125,0.49,0.05,0.0,0.0,0.0,0.0,1,105400.0
11,9,36,0,0,0,1,0.0,0.0,1.0,0.0,1.0,233,30,0.06,0.03,0.07,0.0,0.0,0.0,0,32124.0
56,5,0,0,0,0,280,1.0,1.0,0.07,0.05,0.0,255,20,0.08,0.05,0.0,1.0,1.0,0.0,1,102989.0
44,5,0,0,0,0,128,1.0,1.0,0.09,0.06,0.0,255,7,0.03,0.07,0.0,1.0,1.0,0.0,1,117573.0
13,9,30,0,0,0,2,0.0,0.0,1.0,0.0,0.0,202,202,1.0,0.0,0.0,0.0,0.0,0.0,0,61033.0
22,9,205,182,0,1,15,0.0,0.0,1.0,0.0,0.0,255,255,1.0,0.0,0.0,0.0,0.0,0.0,0,16981.0
22,9,222,2125,0,1,6,0.0,0.0,1.0,0.0,0.0,9,113,1.0,0.0,0.03,0.0,0.0,0.04,0,64336.0
20,5,0,0,0,0,255,1.0,1.0,0.02,0.07,0.0,255,5,0.02,0.08,0.0,1.0,1.0,0.0,1,111507.0
14,9,520,0,0,0,86,0.0,0.0,1.0,0.0,0.0,255,255,1.0,0.0,0.0,0.0,0.0,0.0,1,55747.0
44,9,28,0,3,0,45,0.0,0.0,1.0,0.0,0.0,255,45,0.18,0.64,0.0,0.01,0.0,0.0,1,14338.0
44,4,0,0,0,0,1,0.0,0.0,1.0,0.0,0.0,143,1,0.01,0.1,0.0,0.0,0.0,1.0,1,58111.0
49,9,1365,328,0,1,2,0.0,0.0,0.5,1.0,0.0,127,159,0.59,0.04,0.01,0.0,0.0,0.0,0,44256.0
22,9,234,1395,0,1,18,0.0,0.0,1.0,0.0,0.16,255,255,1.0,0.0,0.0,0.0,0.0,0.0,0,67844.0
56,5,0,0,0,0,191,1.0,1.0,0.04,0.07,0.0,255,8,0.03,0.07,0.0,1.0,1.0,0.0,1,10204.0
22,9,288,1399,0,1,14,0.0,0.0,1.0,0.0,0.13,20,255,1.0,0.0,0.02,0.0,0.0,0.0,0,123172.0
22,9,314,1136,0,1,7,0.0,0.0,1.0,0.0,0.0,7,255,1.0,0.0,0.05,0.0,0.0,0.0,0,94071.0
40,9,147,105,0,0,4,0.0,0.0,0.5,0.5,0.0,255,2,0.01,0.77,0.0,0.0,0.0,0.0,0,93097.0
44,5,0,0,0,0,206,1.0,1.0,0.12,0.05,0.0,255,24,0.09,0.06,0.0,1.0,1.0,0.0,1,31638.0
22,1,0,0,0,0,1,0.0,0.0,1.0,0.0,1.0,4,209,1.0,0.0,0.21,0.0,0.0,1.0,0,74607.0
22,9,300,6912,0,1,13,0.0,0.0,1.0,0.0,0.11,255,255,1.0,0.0,0.0,0.0,0.0,0.0,0,40313.0
40,9,145,0,0,0,4,0.0,0.0,0.25,0.75,0.0,255,1,0.0,0.67,0.0,0.0,0.0,0.0,0,64005.0
3,5,0,0,0,0,287,1.0,1.0,0.06,0.05,0.0,255,3,0.01,0.07,0.0,1.0,1.0,0.0,1,25633.0
44,1,0,0,0,0,95,0.0,0.0,0.01,0.06,0.0,255,1,0.0,0.06,0.0,0.0,0.0,1.0,1,121426.0
22,9,346,2370,0,1,18,0.0,0.0,1.0,0.0,0.0,143,255,1.0,0.0,0.01,0.0,0.0,0.0,0,8952.0
49,9,1461,365,0,1,1,0.0,0.0,1.0,0.0,1.0,245,168,0.65,0.03,0.01,0.0,0.01,0.0,0,109194.0
22,9,321,255,0,1,6,0.0,0.0,1.0,0.0,0.0,118,255,1.0,0.0,0.04,0.0,0.0,0.0,0,57703.0
22,9,239,1057,0,1,16,0.0,0.0,1.0,0.0,0.12,127,255,1.0,0.0,0.04,0.0,0.0,0.0,0,112518.0
22,9,314,905,0,1,8,0.0,0.0,1.0,0.0,0.18,20,230,1.0,0.0,0.01,0.0,0.0,0.0,0,37358.0
6,1,0,0,0,0,148,0.0,0.0,0.12,0.05,0.0,255,13,0.05,0.07,0.0,0.0,0.0,1.0,1,52109.0
22,9,198,999,0,1,10,0.0,0.0,1.0,0.0,0.0,67,255,1.0,0.0,0.02,0.0,0.01,0.0,0,39126.0
22,9,218,2683,0,1,5,0.0,0.0,1.0,0.0,0.0,167,255,1.0,0.0,0.05,0.0,0.0,0.0,0,21645.0
32,1,0,0,0,0,244,0.0,0.0,0.04,0.07,0.0,255,10,0.04,0.07,0.0,0.0,0.0,1.0,1,98276.0
19,9,1766,0,0,0,2,0.0,0.0,1.0,0.0,0.0,172,58,0.34,0.02,0.0,0.0,0.0,0.0,0,72436.0
17,5,0,0,0,0,29,1.0,1.0,0.34,0.07,0.0,255,10,0.04,0.07,0.0,1.0,1.0,0.0,1,91286.0
11,9,42,42,0,0,7,0.0,0.0,1.0,0.0,0.25,255,69,0.27,0.01,0.0,0.0,0.0,0.0,0,53696.0
60,5,0,0,0,0,288,1.0,1.0,0.08,0.05,0.0,255,23,0.09,0.05,0.0,1.0,1.0,0.0,1,95894.0
19,9,245,0,0,1,2,0.0,0.0,1.0,0.0,0.0,151,16,0.11,0.03,0.0,0.0,0.0,0.0,0,113942.0
22,9,197,315,0,1,7,0.0,0.0,1.0,0.0,0.15,255,255,1.0,0.0,0.0,0.0,0.0,0.0,0,62545.0
11,9,43,43,0,0,132,0.0,0.0,1.0,0.0,0.01,255,255,1.0,0.0,0.0,0.0,0.0,0.0,0,30785.0
22,5,0,0,0,0,66,1.0,1.0,0.29,0.06,0.0,255,63,0.25,0.02,0.0,1.0,1.0,0.0,1,37736.0
11,9,43,137,0,0,66,0.0,0.0,1.0,0.0,0.01,255,172,0.67,0.02,0.0,0.0,0.0,0.0,0,58331.0
40,5,0,0,0,0,509,0.18,1.0,0.0,1.0,0.0,255,1,0.0,1.0,0.0,0.21,1.0,0.0,1,79294.0
55,9,115,12486,0,1,1,0.0,0.0,1.0,0.0,0.0,63,3,0.02,0.11,0.67,0.0,0.0,0.0,0,18715.0
22,9,292,3740,0,1,3,0.0,0.0,1.0,0.0,0.0,6,255,1.0,0.0,0.06,0.0,0.0,0.0,0,22461.0
14,9,1032,0,0,0,511,0.0,0.0,1.0,0.0,0.0,255,168,0.66,0.16,0.0,0.0,0.0,0.0,1,125066.0
44,5,0,0,0,0,208,1.0,1.0,0.04,0.06,0.0,255,8,0.03,0.05,0.0,1.0,1.0,0.0,1,96221.0
49,9,3001,640,0,1,1,0.0,0.0,1.0,0.0,1.0,255,133,0.52,0.01,0.0,0.73,0.75,0.0,0,4406.0
44,5,0,0,0,0,265,1.0,1.0,0.02,0.05,0.0,255,5,0.02,0.08,0.0,1.0,1.0,0.0,1,25383.0
22,1,0,0,0,0,1,0.0,0.0,1.0,0.0,0.0,24,255,1.0,0.0,0.08,0.0,0.0,0.58,0,44699.0
11,9,42,42,0,0,11,0.0,0.0,1.0,0.0,0.15,255,231,0.91,0.01,0.0,0.0,0.0,0.0,0,8251.0
22,9,218,1856,0,1,26,0.0,0.0,1.0,0.0,0.0,255,255,1.0,0.0,0.0,0.0,0.0,0.0,0,7478.0
58,9,151,0,0,0,3,0.0,0.0,0.33,0.67,0.0,83,5,0.06,0.05,0.0,0.0,0.0,0.0,0,60383.0
0,6,37681,40396,0,1,1,1.0,1.0,1.0,0.0,0.0,88,16,0.18,0.02,0.0,0.16,0.88,0.0,0,22723.0
22,9,206,1030,0,1,20,0.0,0.0,1.0,0.0,0.0,20,255,1.0,0.0,0.05,0.0,0.0,0.0,0,27178.0
44,9,105,147,0,0,2,0.0,0.0,1.0,0.0,0.0,255,238,0.93,0.01,0.0,0.0,0.0,0.0,0,18775.0
49,9,681,391,0,1,1,0.0,0.0,1.0,0.0,1.0,32,181,0.28,0.09,0.01,0.03,0.0,0.0,0,13022.0
13,9,8,0,0,0,1,0.0,0.0,1.0,0.0,1.0,1,33,1.0,0.0,0.52,0.0,0.0,0.0,1,112487.0
22,9,346,5635,0,1,11,0.0,0.0,1.0,0.0,0.0,149,255,1.0,0.0,0.05,0.0,0.0,0.0,0,106095.0
11,9,30,0,0,0,1,0.0,0.0,1.0,0.0,0.0,17,4,0.24,0.24,0.0,0.0,0.0,0.0,0,59818.0
22,9,316,661,0,1,12,0.0,0.0,1.0,0.0,0.14,12,255,1.0,0.0,0.03,0.0,0.0,0.0,0,99776.0
19,9,554,0,0,1,1,0.0,0.0,1.0,0.0,0.0,57,14,0.25,0.05,0.0,0.0,0.0,0.0,0,90913.0
49,9,1478,386,0,1,1,0.0,0.0,1.0,0.0,0.0,255,65,0.25,0.06,0.0,0.52,0.0,0.03,0,93421.0
15,1,0,0,0,0,97,0.0,0.0,0.18,0.06,0.0,255,17,0.07,0.06,0.0,0.0,0.0,1.0,1,29990.0
44,5,0,0,0,0,115,1.0,1.0,0.13,0.06,0.0,255,2,0.01,0.05,0.0,1.0,1.0,0.0,1,73190.0
55,9,727,2737,0,1,1,0.0,0.0,1.0,0.0,0.0,255,14,0.05,0.09,0.0,0.65,0.21,0.14,0,53083.0
2,5,0,0,0,0,220,1.0,1.0,0.09,0.05,0.0,255,20,0.08,0.07,0.0,1.0,1.0,0.0,1,71845.0
5,5,0,0,0,0,62,1.0,1.0,0.24,0.06,0.0,255,14,0.05,0.06,0.0,1.0,1.0,0.0,1,114192.0
11,9,45,131,0,0,302,0.0,0.0,1.0,0.0,0.0,255,254,1.0,0.01,0.0,0.0,0.0,0.0,0,42986.0
25,5,0,0,0,0,237,1.0,1.0,0.05,0.07,0.0,255,13,0.05,0.08,0.0,1.0,1.0,0.0,1,77853.0
44,5,0,0,0,0,257,1.0,1.0,0.03,0.05,0.0,255,8,0.03,0.06,0.0,1.0,1.0,0.0,1,123776.0
49,9,1110,369,0,1,1,0.0,0.0,1.0,0.0,0.0,32,72,0.56,0.06,0.03,0.0,0.0,0.0,0,10125.0
18,5,0,0,0,0,223,1.0,1.0,0.09,0.06,0.0,255,20,0.08,0.07,0.0,1.0,1.0,0.0,1,45768.0
22,9,246,14206,0,1,2,0.0,0.0,1.0,0.0,0.5,4,255,1.0,0.0,0.05,0.0,0.0,0.0,0,64099.0
49,9,932,332,0,1,1,0.0,0.0,1.0,0.0,1.0,255,153,0.6,0.02,0.0,0.0,0.0,0.0,0,33450.0
7,1,0,0,0,0,1,0.0,0.0,1.0,0.0,0.0,65,2,0.02,1.0,1.0,0.0,0.0,1.0,1,59917.0
44,5,0,0,0,0,205,1.0,1.0,0.09,0.06,0.0,255,19,0.07,0.06,0.0,1.0,1.0,0.0,1,120318.0
44,9,28,0,3,0,50,0.0,0.0,1.0,0.0,0.0,255,17,0.07,0.01,0.0,0.0,0.0,0.0,1,108991.0
44,5,0,0,0,0,227,1.0,1.0,0.0,0.06,0.0,255,2,0.01,0.08,0.0,1.0,1.0,0.0,1,116410.0
29,5,0,0,0,0,178,1.0,1.0,0.07,0.07,0.0,255,12,0.05,0.07,0.0,1.0,1.0,0.0,1,58947.0
11,9,45,137,0,0,134,0.0,0.0,0.99,0.01,0.01,255,221,0.87,0.02,0.0,0.0,0.0,0.0,0,69305.0
22,9,366,269,0,1,11,0.0,0.0,1.0,0.0,0.17,255,255,1.0,0.0,0.0,0.0,0.0,0.0,0,77880.0
22,1,0,0,0,0,1,0.0,0.0,1.0,0.0,0.0,7,243,1.0,0.0,0.21,0.0,0.0,0.96,0,9732.0
59,5,0,0,0,0,137,1.0,1.0,0.14,0.05,0.0,255,6,0.02,0.06,0.0,1.0,1.0,0.0,1,27344.0
44,1,0,0,0,0,136,0.0,0.0,0.11,0.07,0.0,255,15,0.06,0.06,0.0,0.0,0.0,1.0,1,17584.0
44,5,0,0,0,0,36,1.0,1.0,0.14,0.11,0.0,255,5,0.02,0.09,0.0,1.0,1.0,0.0,1,59338.0
16,5,0,0,0,0,97,1.0,1.0,0.02,0.08,0.0,255,2,0.01,0.07,0.0,1.0,1.0,0.0,1,19324.0
44,1,0,0,0,0,49,0.02,0.0,0.02,1.0,0.0,255,1,0.0,0.22,0.0,0.0,0.0,1.0,1,110377.0
40,9,145,105,0,0,1,0.0,0.0,1.0,0.0,0.0,255,1,0.0,0.62,0.0,0.0,0.0,0.0,0,12715.0
13,9,8,0,0,0,1,0.0,0.0,1.0,0.0,1.0,4,20,1.0,0.0,0.25,0.0,0.0,0.0,1,3962.0
11,9,46,46,0,0,112,0.0,0.0,1.0,0.0,0.01,255,255,1.0,0.0,0.0,0.0,0.0,0.0,0,59434.0
49,9,986,325,0,1,1,0.0,0.0,1.0,0.0,0.0,153,97,0.63,0.03,0.0,0.01,0.01,0.0,0,38946.0
22,9,260,892,0,1,13,0.0,0.0,1.0,0.0,0.0,255,255,1.0,0.0,0.0,0.0,0.0,0.0,0,121168.0
20,5,0,0,0,0,298,1.0,1.0,0.08,0.05,0.0,255,25,0.1,0.05,0.0,1.0,1.0,0.0,1,58580.0
13,9,8,0,0,0,1,0.0,0.0,1.0,0.0,1.0,2,90,1.0,0.0,0.5,0.0,0.0,0.0,1,102798.0
11,9,44,69,0,0,229,0.0,0.0,1.0,0.0,0.0,255,225,0.88,0.01,0.0,0.0,0.0,0.0,0,76496.0
44,5,0,0,0,0,160,1.0,1.0,0.06,0.08,0.0,255,1,0.0,0.07,0.0,1.0,1.0,0.0,1,87180.0
44,4,0,0,0,0,1,0.0,0.0,1.0,0.0,0.0,255,1,0.0,0.81,0.0,0.0,0.0,1.0,1,31486.0
49,9,2936,331,0,1,1,0.0,0.0,1.0,0.0,0.0,255,113,0.44,0.02,0.0,0.0,0.0,0.0,0,7464.0
11,9,44,70,0,0,171,0.0,0.0,1.0,0.0,0.0,255,194,0.76,0.01,0.0,0.0,0.0,0.0,0,29883.0
7,5,0,0,0,0,260,1.0,1.0,0.02,0.07,0.0,255,4,0.02,0.07,0.0,1.0,1.0,0.0,1,63079.0
44,5,0,0,0,0,196,1.0,1.0,0.06,0.05,0.0,255,12,0.05,0.05,0.0,1.0,1.0,0.0,1,119040.0
32,5,0,0,0,0,122,1.0,1.0,0.02,0.06,0.0,255,17,0.07,0.07,0.0,1.0,1.0,0.0,1,89143.0
22,9,212,1762,0,1,1,0.0,0.5,1.0,0.0,1.0,1,9,1.0,0.0,0.33,0.0,0.11,0.0,0,103198.0
22,9,314,505,0,1,4,0.0,0.0,1.0,0.0,0.0,27,255,1.0,0.0,0.04,0.0,0.0,0.0,0,101168.0
62,5,0,0,0,0,228,1.0,1.0,0.02,0.06,0.0,255,5,0.02,0.07,0.0,1.0,1.0,0.0,1,35422.0
22,9,328,312,0,1,3,0.33,0.33,1.0,0.0,0.0,255,255,1.0,0.0,0.0,0.0,0.0,0.0,0,114281.0
44,4,0,0,0,0,1,0.0,0.0,1.0,0.0,0.0,202,1,0.0,0.76,0.0,0.03,0.0,1.0,1,120842.0
22,9,246,807,0,1,4,0.0,0.0,1.0,0.0,0.0,255,255,1.0,0.0,0.0,0.0,0.0,0.0,0,68893.0
44,5,0,0,0,0,111,1.0,1.0,0.05,0.06,0.0,255,2,0.01,0.07,0.0,1.0,1.0,0.0,1,10422.0
22,9,216,24716,0,1,5,0.0,0.0,1.0,0.0,0.0,255,255,1.0,0.0,0.0,0.0,0.0,0.0,0,11935.0
14,9,520,0,0,0,478,0.0,0.0,1.0,0.0,0.0,95,95,1.0,0.0,0.0,0.0,0.0,0.0,1,59858.0
36,5,0,0,0,0,297,1.0,1.0,0.01,0.05,0.0,255,3,0.01,0.05,0.0,1.0,1.0,0.0,1,84349.0
13,9,8,0,0,0,1,0.0,0.0,1.0,0.0,1.0,2,48,1.0,0.0,0.5,0.0,0.0,0.0,1,119831.0
44,5,0,0,0,0,243,1.0,1.0,0.0,0.05,0.0,184,1,0.01,0.07,0.0,0.92,1.0,0.0,1,19176.0
44,10,0,0,0,0,1,1.0,1.0,1.0,0.0,0.0,234,1,0.0,0.96,0.0,0.97,1.0,0.0,1,10745.0
22,9,229,1733,0,1,2,0.0,0.0,1.0,0.0,0.0,2,255,1.0,0.0,0.02,0.0,0.0,0.0,0,85191.0
44,1,0,0,0,0,227,0.0,0.0,0.07,0.06,0.0,255,15,0.06,0.07,0.0,0.0,0.0,1.0,1,28219.0
4,1,0,0,0,0,119,0.0,0.0,0.05,0.08,0.0,255,6,0.02,0.07,0.0,0.0,0.0,1.0,1,43734.0
15,5,0,0,0,0,18,1.0,1.0,0.83,0.11,0.0,255,15,0.06,0.07,0.0,1.0,1.0,0.0,1,26275.0
5,5,0,0,0,0,131,1.0,1.0,0.03,0.06,0.0,255,4,0.02,0.06,0.0,1.0,1.0,0.0,1,21873.0
22,9,315,392,0,1,3,0.0,0.0,1.0,0.0,0.6,255,255,1.0,0.0,0.0,0.0,0.0,0.0,0,43448.0
22,5,0,0,0,0,6,0.67,0.8,0.67,0.5,0.4,255,45,0.18,0.04,0.0,1.0,1.0,0.0,1,89656.0
44,5,0,0,0,0,222,1.0,1.0,0.01,0.07,0.0,255,3,0.01,0.07,0.0,1.0,1.0,0.0,1,48753.0
13,9,8,0,0,0,1,0.0,0.0,1.0,0.0,1.0,3,255,1.0,0.0,0.25,0.0,0.0,0.0,1,63732.0
61,5,0,0,0,0,271,1.0,1.0,0.07,0.07,0.0,255,19,0.07,0.07,0.0,1.0,1.0,0.0,1,106325.0
49,5,0,0,0,0,8,1.0,1.0,1.0,0.0,0.0,110,130,0.44,0.02,0.02,0.98,0.37,0.0,1,23423.0
19,9,0,10947,0,0,1,0.0,0.0,1.0,0.0,0.29,255,87,0.34,0.08,0.0,0.02,0.05,0.0,0,105878.0
40,1,0,0,0,0,388,0.09,0.0,0.0,1.0,0.0,255,1,0.0,1.0,0.0,0.11,0.0,1.0,1,11679.0
22,9,289,2459,0,1,4,0.25,0.25,1.0,0.0,0.0,255,255,1.0,0.0,0.0,0.0,0.0,0.0,0,45959.0
16,5,0,0,0,0,116,1.0,1.0,0.18,0.04,0.0,255,21,0.08,0.04,0.0,1.0,1.0,0.0,1,60043.0
29,1,0,0,0,0,105,0.0,0.0,0.17,0.08,0.0,255,6,0.02,0.09,0.0,0.0,0.0,1.0,1,27199.0
11,9,45,133,0,0,163,0.0,0.0,0.99,0.01,0.01,255,234,0.92,0.02,0.0,0.0,0.0,0.0,0,108677.0
58,9,181,0,0,0,6,0.0,0.0,0.83,0.33,0.0,255,29,0.11,0.01,0.0,0.0,0.0,0.0,0,3692.0
60,5,0,0,0,0,139,1.0,1.0,0.12,0.04,0.0,255,16,0.06,0.05,0.0,1.0,1.0,0.0,1,122117.0
19,9,1153,0,0,1,2,0.0,0.0,1.0,0.0,0.0,65,69,0.43,0.06,0.03,0.0,0.0,0.0,0,120180.0
55,9,1205,15071,0,1,1,0.0,0.0,1.0,0.0,0.0,255,20,0.08,0.07,0.0,0.97,0.9,0.0,0,116666.0
29,5,0,0,0,0,295,1.0,1.0,0.01,0.06,0.0,255,3,0.01,0.07,0.0,1.0,1.0,0.0,1,25458.0
22,9,290,6291,0,1,8,0.0,0.0,1.0,0.0,0.0,33,255,1.0,0.0,0.03,0.0,0.0,0.0,0,83185.0
36,5,0,0,0,0,201,1.0,1.0,0.08,0.06,0.0,255,18,0.07,0.08,0.0,1.0,1.0,0.0,1,32856.0
49,9,2355,337,0,1,1,0.0,0.0,1.0,0.0,0.0,27,167,0.78,0.11,0.01,0.0,0.0,0.0,0,85616.0
40,9,145,105,0,0,4,0.0,0.0,0.5,0.5,0.0,255,2,0.01,0.47,0.0,0.0,0.0,0.0,0,107165.0
44,5,0,0,0,0,237,1.0,1.0,0.05,0.07,0.0,255,11,0.04,0.06,0.0,1.0,1.0,0.0,1,33952.0
22,9,209,8793,0,1,5,0.0,0.0,1.0,0.0,0.0,18,255,1.0,0.0,0.06,0.0,0.0,0.0,0,26582.0
22,9,230,2239,0,1,6,0.0,0.0,1.0,0.0,0.0,255,251,0.98,0.01,0.0,0.0,0.0,0.0,0,81996.0
22,9,233,6924,0,1,18,0.0,0.0,1.0,0.0,0.0,255,255,1.0,0.0,0.0,0.0,0.0,0.0,0,55154.0
54,5,0,0,0,0,263,1.0,1.0,0.05,0.05,0.0,255,13,0.05,0.05,0.0,1.0,1.0,0.0,1,90555.0
13,9,30,0,0,0,1,0.0,0.0,1.0,0.0,0.0,7,91,1.0,0.0,0.47,0.0,0.0,0.0,0,97596.0
44,5,0,0,0,0,60,1.0,1.0,0.05,0.08,0.0,255,3,0.01,0.07,0.0,1.0,1.0,0.0,1,26179.0
44,5,0,0,0,0,93,1.0,1.0,0.06,0.06,0.0,255,18,0.07,0.07,0.0,1.0,1.0,0.0,1,5711.0
44,5,0,0,0,0,180,1.0,1.0,0.04,0.05,0.0,121,7,0.06,0.08,0.0,0.88,1.0,0.0,1,57588.0
22,9,54540,8314,0,1,1,0.0,0.0,1.0,0.0,1.0,255,255,1.0,0.0,0.0,0.01,0.01,0.03,1,11131.0
19,9,8989,0,0,1,1,0.0,0.0,1.0,0.0,0.0,37,67,0.11,0.11,0.04,0.03,0.0,0.0,0,96443.0
58,9,183,0,0,0,2,0.0,0.0,0.5,1.0,0.0,255,13,0.05,0.01,0.0,0.0,0.0,0.0,0,89027.0
22,9,54540,8314,0,1,6,0.0,0.0,1.0,0.0,0.0,41,41,1.0,0.0,0.0,0.0,0.0,0.05,1,67313.0
58,9,183,0,0,0,6,0.0,0.0,0.83,0.33,0.0,255,24,0.09,0.01,0.0,0.0,0.0,0.0,0,7955.0
14,9,1032,0,0,0,44,0.0,0.0,1.0,0.0,0.0,255,44,0.17,0.02,0.0,0.0,0.0,0.0,1,29072.0
19,9,334,0,0,1,2,0.0,0.0,1.0,0.0,0.0,2,14,1.0,0.0,0.43,0.0,0.0,0.0,1,23227.0
22,9,309,6987,0,1,8,0.0,0.0,1.0,0.0,0.22,145,255,1.0,0.0,0.02,0.0,0.0,0.0,0,33920.0
19,9,567,0,0,1,2,0.0,0.0,0.5,1.0,0.0,208,106,0.42,0.03,0.02,0.0,0.0,0.0,0,16754.0
11,9,45,132,0,0,292,0.0,0.0,1.0,0.0,0.0,255,251,0.98,0.01,0.0,0.0,0.0,0.0,0,41612.0
22,9,202,9432,0,1,21,0.0,0.0,1.0,0.0,0.1,21,255,1.0,0.0,0.05,0.0,0.01,0.0,0,33020.0
18,5,0,0,0,0,294,1.0,1.0,0.08,0.05,0.0,255,23,0.09,0.05,0.0,1.0,1.0,0.0,1,27558.0
49,9,835,336,0,1,1,0.0,0.0,1.0,0.0,0.0,115,188,0.61,0.05,0.01,0.0,0.01,0.0,0,122316.0
11,9,45,81,0,0,296,0.0,0.0,1.0,0.01,0.0,255,254,1.0,0.01,0.0,0.0,0.0,0.0,0,5716.0
22,1,0,0,0,0,1,0.0,0.0,1.0,0.0,0.0,6,205,1.0,0.0,0.19,0.0,0.0,1.0,0,7488.0
19,9,641,0,0,1,1,0.0,0.0,1.0,0.0,0.0,255,117,0.46,0.01,0.0,0.0,0.0,0.0,0,101065.0
19,9,768,0,0,1,8,0.0,0.0,1.0,0.0,0.0,16,14,0.88,0.12,0.0,0.0,0.0,0.0,0,103572.0
19,1,0,0,0,0,1,0.0,0.0,1.0,0.0,0.0,171,62,0.27,0.02,0.03,0.01,0.0,0.02,1,66013.0
19,9,1556,0,0,0,21,0.0,0.0,1.0,0.0,0.0,249,125,0.5,0.02,0.0,0.0,0.0,0.0,0,41902.0
40,9,113,0,0,0,23,0.0,0.0,0.96,0.09,0.0,255,22,0.09,0.55,0.0,0.0,0.0,0.0,0,125133.0
22,9,212,259,0,1,21,0.0,0.0,1.0,0.0,0.0,255,255,1.0,0.0,0.0,0.0,0.0,0.0,0,56209.0
22,1,0,0,0,0,1,0.0,0.0,1.0,0.0,1.0,1,255,1.0,0.0,0.09,0.0,0.0,0.85,0,25194.0
13,9,18,0,0,0,1,0.0,0.0,1.0,0.0,0.0,2,26,1.0,0.0,0.27,0.0,0.0,0.0,1,97460.0
44,9,1,0,0,0,63,0.0,0.0,0.27,0.08,0.0,255,40,0.16,0.22,0.0,0.0,0.0,0.0,1,79261.0
44,9,1,1,0,0,14,0.0,0.0,0.79,0.14,0.0,255,11,0.04,0.95,0.0,0.16,0.0,0.0,1,42172.0
52,5,0,0,0,0,283,1.0,1.0,0.01,0.05,0.0,255,4,0.02,0.05,0.0,1.0,1.0,0.0,1,17737.0
30,5,0,0,0,0,147,1.0,1.0,0.12,0.05,0.0,255,3,0.01,0.07,0.0,1.0,1.0,0.0,1,64345.0
11,9,45,76,0,0,110,0.0,0.0,1.0,0.0,0.0,255,223,0.87,0.01,0.0,0.0,0.0,0.0,0,79864.0
60,1,0,0,0,0,140,0.0,0.0,0.07,0.07,0.0,255,10,0.04,0.07,0.0,0.0,0.0,1.0,1,9009.0
49,9,851,478,0,1,1,0.0,0.0,1.0,0.0,1.0,255,29,0.11,0.02,0.0,0.0,0.0,0.0,0,46881.0
11,9,42,131,0,0,194,0.0,0.0,0.99,0.01,0.0,83,50,0.6,0.02,0.0,0.0,0.0,0.0,0,113775.0
52,5,0,0,0,0,136,1.0,1.0,0.05,0.06,0.0,255,1,0.0,0.07,0.0,1.0,1.0,0.0,1,65918.0
40,1,0,0,0,0,511,0.11,0.0,0.0,1.0,0.0,255,1,0.0,1.0,0.0,0.1,0.0,1.0,1,53010.0
44,5,0,0,0,0,234,1.0,1.0,0.09,0.06,0.0,255,5,0.02,0.06,0.0,1.0,1.0,0.0,1,102057.0
22,5,0,0,0,0,2,0.5,0.5,1.0,0.0,0.0,50,255,1.0,0.0,0.01,0.02,0.0,0.0,0,125777.0
11,9,45,78,0,0,128,0.0,0.0,1.0,0.0,0.0,255,254,1.0,0.01,0.0,0.0,0.0,0.0,0,120879.0
13,9,8,0,0,0,1,0.0,0.0,1.0,0.0,1.0,1,151,1.0,0.0,0.5,0.0,0.0,0.0,1,86103.0
22,9,298,8774,0,1,8,0.0,0.0,1.0,0.0,0.22,41,255,1.0,0.0,0.01,0.0,0.0,0.0,0,14222.0
11,9,44,42,0,0,7,0.0,0.0,1.0,0.0,0.17,255,255,1.0,0.0,0.0,0.0,0.0,0.0,0,13500.0
22,9,329,440,0,1,32,0.0,0.0,1.0,0.0,0.06,32,255,1.0,0.0,0.04,0.0,0.0,0.0,0,114485.0
22,9,220,18779,0,1,3,0.33,0.25,1.0,0.0,0.5,255,255,1.0,0.0,0.0,0.01,0.01,0.0,0,64652.0
49,5,0,0,0,0,257,1.0,1.0,0.02,0.06,0.0,255,6,0.02,0.07,0.0,1.0,1.0,0.0,1,22223.0
22,9,210,1659,0,1,8,0.0,0.0,1.0,0.0,0.0,11,255,1.0,0.0,0.02,0.09,0.0,0.0,0,7513.0
22,9,257,4474,0,1,12,0.0,0.0,1.0,0.0,0.0,255,255,1.0,0.0,0.0,0.0,0.0,0.0,0,82836.0
44,5,0,0,0,0,262,1.0,1.0,0.04,0.05,0.0,122,11,0.09,0.08,0.0,0.98,1.0,0.0,1,60618.0
44,1,0,0,0,0,275,0.11,0.0,0.0,1.0,0.0,255,1,0.0,1.0,0.0,0.12,0.0,1.0,1,26791.0
14,9,520,0,0,0,346,0.0,0.0,1.0,0.0,0.0,255,255,1.0,0.0,0.0,0.0,0.0,0.0,1,44817.0
13,9,8,0,0,0,1,0.0,0.0,1.0,0.0,1.0,3,195,1.0,0.0,0.25,0.0,0.0,0.0,1,56249.0
22,9,215,1856,0,1,13,0.0,0.0,1.0,0.0,0.0,238,255,1.0,0.0,0.01,0.0,0.0,0.0,0,77908.0
55,2,126,179,0,0,2,0.0,0.0,1.0,0.0,0.0,19,19,1.0,0.0,0.0,0.05,0.05,0.95,1,18080.0
19,9,0,5150823,0,0,1,0.0,0.0,1.0,0.0,0.0,7,7,1.0,0.0,0.0,0.0,0.0,0.0,1,124045.0
44,1,0,0,0,0,1,0.0,0.0,1.0,0.0,0.0,19,1,0.05,1.0,0.0,0.0,0.0,1.0,1,556.0
17,5,0,0,0,0,25,0.96,1.0,0.28,0.2,0.0,255,26,0.1,0.05,0.0,1.0,1.0,0.0,1,38242.0
22,9,322,1713,0,1,11,0.0,0.0,1.0,0.0,0.0,255,255,1.0,0.0,0.0,0.0,0.0,0.0,0,87769.0
6,5,0,0,0,0,103,1.0,1.0,0.03,0.07,0.0,255,3,0.01,0.07,0.0,1.0,1.0,0.0,1,52476.0
22,9,231,988,0,1,17,0.0,0.0,1.0,0.0,0.11,255,255,1.0,0.0,0.0,0.0,0.0,0.0,0,14080.0
44,5,0,0,0,0,299,1.0,1.0,0.04,0.05,0.0,255,9,0.04,0.05,0.0,1.0,1.0,0.0,1,38643.0
49,9,1256,329,0,1,1,0.0,0.0,1.0,0.0,0.0,255,173,0.68,0.02,0.0,0.0,0.0,0.0,0,1806.0
49,9,2171,361,0,1,1,0.0,0.0,1.0,0.0,1.0,231,158,0.59,0.02,0.01,0.0,0.01,0.0,0,59638.0
22,1,0,0,0,0,1,0.0,0.0,1.0,0.0,0.0,2,255,1.0,0.0,0.08,0.0,0.0,0.94,0,91011.0
19,9,212,0,0,0,2,0.0,0.0,1.0,0.0,0.0,11,92,0.36,0.36,0.02,0.0,0.0,0.0,0,92873.0
2,5,0,0,0,0,234,1.0,1.0,0.03,0.07,0.0,255,7,0.03,0.07,0.0,1.0,1.0,0.0,1,110281.0
22,9,223,866,0,1,11,0.0,0.0,1.0,0.0,0.0,53,255,1.0,0.0,0.02,0.0,0.0,0.0,0,12550.0
60,5,0,0,0,0,228,1.0,1.0,0.06,0.06,0.0,255,13,0.05,0.06,0.0,1.0,1.0,0.0,1,34055.0
44,9,1,0,0,0,26,0.0,0.0,0.38,0.12,0.0,255,10,0.04,0.63,0.0,0.05,0.0,0.0,1,57551.0
49,9,3503,339,0,1,1,0.0,0.0,1.0,0.0,0.0,88,197,0.69,0.03,0.01,0.0,0.0,0.0,0,18959.0
22,1,0,0,0,0,1,0.0,0.0,1.0,0.0,0.0,1,93,1.0,0.0,0.28,0.0,0.0,1.0,0,107319.0
22,9,238,215,0,1,9,0.0,0.0,1.0,0.0,0.15,44,255,1.0,0.0,0.03,0.0,0.0,0.0,0,71242.0
40,1,0,0,0,0,511,0.18,0.0,0.0,1.0,0.0,255,1,0.0,1.0,0.0,0.22,0.0,1.0,1,89838.0
22,9,229,900,0,1,27,0.0,0.0,1.0,0.0,0.14,97,255,1.0,0.0,0.02,0.0,0.0,0.0,0,7742.0
35,5,0,0,0,0,277,1.0,1.0,0.06,0.05,0.0,255,5,0.02,0.07,0.0,1.0,1.0,0.0,1,122609.0
27,1,0,0,0,0,135,0.0,0.0,0.06,0.06,0.0,255,3,0.01,0.06,0.0,0.0,0.0,1.0,1,33345.0
3,5,0,0,0,0,254,1.0,1.0,0.04,0.06,0.0,255,10,0.04,0.07,0.0,1.0,1.0,0.0,1,44469.0
44,5,0,0,0,0,175,1.0,1.0,0.03,0.08,0.0,255,6,0.02,0.08,0.0,1.0,1.0,0.0,1,63635.0
31,1,0,0,0,0,244,0.0,0.0,0.07,0.07,0.0,255,17,0.07,0.07,0.0,0.0,0.0,1.0,1,124782.0
40,9,146,105,0,0,1,0.0,0.0,1.0,0.0,0.0,255,1,0.0,0.53,0.0,0.0,0.0,0.0,0,13406.0
22,9,236,307,0,1,25,0.0,0.0,1.0,0.0,0.0,255,255,1.0,0.0,0.0,0.0,0.0,0.0,0,99001.0
11,9,44,127,0,0,235,0.0,0.0,1.0,0.01,0.01,237,198,0.84,0.01,0.0,0.0,0.0,0.0,0,35907.0
40,1,0,0,0,0,368,0.06,0.0,0.0,1.0,0.0,255,1,0.0,1.0,0.0,0.08,0.0,1.0,1,92434.0
22,9,230,882,0,1,20,0.0,0.0,1.0,0.0,0.0,205,255,1.0,0.0,0.02,0.0,0.0,0.0,0,88114.0
22,9,218,2402,0,1,9,0.0,0.0,1.0,0.0,0.0,254,255,1.0,0.0,0.01,0.0,0.0,0.0,0,2028.0
11,9,46,76,0,0,105,0.0,0.0,1.0,0.0,0.03,255,229,0.9,0.01,0.0,0.0,0.0,0.0,0,29493.0
22,5,0,0,0,0,220,1.0,1.0,0.02,0.07,0.0,255,5,0.02,0.08,0.0,1.0,1.0,0.0,1,67379.0
44,5,0,0,0,0,158,1.0,1.0,0.04,0.07,0.0,255,20,0.08,0.07,0.0,1.0,1.0,0.0,1,42611.0
49,9,1873,341,0,1,1,0.0,0.0,1.0,0.0,1.0,176,123,0.5,0.03,0.02,0.0,0.0,0.0,0,63290.0
11,9,44,110,0,0,313,0.0,0.0,1.0,0.0,0.0,255,254,1.0,0.01,0.0,0.0,0.0,0.0,0,92616.0
22,9,297,5940,0,1,18,0.0,0.0,1.0,0.0,0.0,255,255,1.0,0.0,0.0,0.0,0.0,0.0,0,89671.0
44,9,215,0,0,0,1,0.0,0.0,1.0,0.0,0.0,135,111,0.82,0.01,0.0,0.0,0.0,0.0,1,101979.0
49,9,1801,334,0,1,1,0.0,0.0,1.0,0.0,0.0,67,165,0.81,0.07,0.01,0.0,0.0,0.0,0,46529.0
22,9,54540,8314,0,1,4,0.0,0.0,1.0,0.0,0.0,110,110,1.0,0.0,0.0,0.0,0.0,0.05,1,8820.0
22,9,217,330,0,1,17,0.0,0.0,1.0,0.0,0.11,255,255,1.0,0.0,0.0,0.0,0.0,0.0,0,64676.0
40,9,516,4,0,0,384,0.0,0.0,1.0,0.0,0.0,255,255,1.0,0.0,0.0,0.0,0.0,0.0,0,25639.0
10,5,0,0,0,0,282,1.0,1.0,0.01,0.06,0.0,255,1,0.0,0.07,0.0,1.0,1.0,0.0,1,23648.0
14,9,520,0,0,0,428,0.0,0.0,1.0,0.0,0.0,255,255,1.0,0.0,0.0,0.0,0.0,0.0,1,107998.0
53,5,0,0,0,0,194,1.0,1.0,0.08,0.07,0.0,255,15,0.06,0.07,0.0,1.0,1.0,0.0,1,122914.0
11,9,45,73,0,0,111,0.0,0.0,1.0,0.0,0.0,255,254,1.0,0.01,0.0,0.0,0.0,0.0,0,42939.0
44,1,0,0,0,0,424,0.0,0.0,0.0,0.52,0.0,255,1,0.0,0.52,0.0,0.0,0.0,1.0,1,72930.0
22,9,246,353,0,1,5,0.0,0.0,1.0,0.0,0.0,255,255,1.0,0.0,0.0,0.0,0.0,0.0,0,37984.0
40,9,516,4,0,0,451,0.0,0.0,1.0,0.0,0.0,255,255,1.0,0.0,0.0,0.0,0.0,0.0,0,87217.0
14,9,520,0,0,0,32,0.0,0.0,1.0,0.0,0.0,255,255,1.0,0.0,0.0,0.0,0.0,0.0,1,71892.0
31,1,0,0,0,0,2,0.0,0.0,0.5,1.0,0.0,255,1,0.0,1.0,0.0,0.0,0.0,1.0,1,82987.0
22,9,210,63203,0,1,3,0.0,0.0,1.0,0.0,0.0,6,255,1.0,0.0,0.02,0.17,0.0,0.0,0,74949.0
22,9,144,27576,0,1,1,0.0,0.0,1.0,0.0,0.0,255,255,1.0,0.0,0.0,0.0,0.0,0.0,0,87886.0
22,9,160,421,0,1,1,0.0,0.0,1.0,0.0,0.0,1,98,1.0,0.0,0.07,0.0,0.0,0.0,0,18394.0
40,1,0,0,0,0,508,0.05,0.0,0.0,1.0,0.0,255,1,0.0,1.0,0.0,0.1,0.0,1.0,1,85464.0
61,5,0,0,0,0,280,1.0,1.0,0.06,0.06,0.0,255,18,0.07,0.07,0.0,1.0,1.0,0.0,1,40945.0
44,9,1,0,0,0,55,0.0,0.0,0.16,0.09,0.0,255,9,0.04,0.24,0.0,0.01,0.0,0.0,1,114110.0
22,9,290,930,0,1,4,0.25,0.25,1.0,0.0,0.0,255,255,1.0,0.0,0.0,0.0,0.0,0.0,0,125738.0
53,5,0,0,0,0,204,1.0,1.0,0.1,0.07,0.0,255,20,0.08,0.07,0.0,1.0,1.0,0.0,1,21904.0
0,4,1096,6317,0,0,1,0.0,0.0,1.0,0.0,0.0,60,20,0.33,0.03,0.0,0.02,0.05,0.8,0,26749.0
49,9,906,330,0,1,1,0.0,0.0,1.0,0.0,0.0,255,140,0.55,0.01,0.0,0.0,0.0,0.0,0,94199.0
22,9,252,4838,0,1,10,0.0,0.0,1.0,0.0,0.0,75,255,1.0,0.0,0.02,0.0,0.0,0.0,0,112212.0
44,5,0,0,0,0,114,1.0,1.0,0.14,0.05,0.0,255,15,0.06,0.06,0.0,1.0,1.0,0.0,1,2914.0
44,5,0,0,0,0,146,1.0,1.0,0.09,0.05,0.0,255,16,0.06,0.06,0.0,1.0,1.0,0.0,1,100881.0
22,9,331,2935,0,1,14,0.0,0.0,1.0,0.0,0.0,98,255,1.0,0.0,0.01,0.0,0.0,0.0,0,124740.0
55,5,0,0,0,0,25,1.0,1.0,0.24,0.16,0.0,255,60,0.24,0.04,0.0,1.0,1.0,0.0,1,21266.0
44,5,0,0,0,0,209,1.0,1.0,0.03,0.06,0.0,255,8,0.03,0.08,0.0,1.0,1.0,0.0,1,96793.0
44,5,0,0,0,0,11,1.0,1.0,0.09,0.27,0.0,255,17,0.07,0.09,0.0,1.0,1.0,0.0,1,55417.0
50,5,0,0,0,0,122,1.0,1.0,0.18,0.05,0.0,255,22,0.09,0.05,0.0,1.0,1.0,0.0,1,2534.0
58,9,37,0,0,0,1,0.0,0.0,1.0,0.0,0.0,4,1,0.25,0.75,0.0,0.0,0.0,0.0,0,79164.0
48,4,0,0,0,0,1,0.0,0.0,1.0,0.0,0.0,255,1,0.0,0.77,0.0,0.0,0.0,1.0,1,109772.0
18,5,0,0,0,0,281,1.0,1.0,0.08,0.05,0.0,255,23,0.09,0.05,0.0,1.0,1.0,0.0,1,120109.0
44,5,0,0,0,0,62,1.0,1.0,0.08,0.06,0.0,255,18,0.07,0.05,0.0,1.0,1.0,0.0,1,70145.0
22,9,246,9055,0,1,1,0.0,0.0,1.0,0.0,0.0,19,255,1.0,0.0,0.2,0.0,0.0,0.93,0,36077.0
22,9,297,2507,0,1,3,0.0,0.0,1.0,0.0,0.5,255,255,1.0,0.0,0.0,0.0,0.0,0.0,0,73030.0
22,9,300,5494,0,1,4,0.0,0.0,1.0,0.0,0.0,151,255,1.0,0.0,0.03,0.0,0.0,0.0,0,56091.0
22,9,308,12542,0,1,10,0.0,0.0,1.0,0.0,0.0,255,255,1.0,0.0,0.0,0.0,0.0,0.0,0,18318.0
44,9,105,146,0,0,2,0.0,0.0,1.0,0.0,0.0,255,241,0.95,0.01,0.0,0.0,0.0,0.0,0,16843.0
11,9,45,131,0,0,70,0.0,0.0,1.0,0.0,0.01,255,254,1.0,0.01,0.0,0.0,0.0,0.0,0,34863.0
14,9,1032,0,0,0,509,0.0,0.0,1.0,0.0,0.0,255,244,0.96,0.03,0.0,0.0,0.0,0.0,1,96965.0
27,5,0,0,0,0,115,1.0,1.0,0.08,0.06,0.0,255,9,0.04,0.06,0.0,1.0,1.0,0.0,1,23470.0
19,9,383,0,0,0,2,0.0,0.0,1.0,0.0,0.0,3,27,1.0,0.0,0.07,0.0,0.0,0.0,0,114324.0
44,1,0,0,0,0,138,0.0,0.0,0.08,0.07,0.0,255,11,0.04,0.08,0.0,0.0,0.0,1.0,1,28665.0
31,5,0,0,0,0,238,1.0,1.0,0.08,0.05,0.0,255,19,0.07,0.07,0.0,1.0,1.0,0.0,1,9156.0
59,5,0,0,0,0,120,1.0,1.0,0.09,0.06,0.0,255,11,0.04,0.05,0.0,1.0,1.0,0.0,1,37989.0
42,4,0,0,0,0,1,0.0,0.0,1.0,0.0,0.0,255,1,0.0,0.44,0.0,0.0,0.0,1.0,1,93233.0
22,9,237,5038,0,1,16,0.0,0.0,1.0,0.0,0.0,207,255,1.0,0.0,0.02,0.0,0.01,0.0,0,83961.0
18,9,241,760,0,1,1,0.0,0.0,1.0,0.0,0.0,1,1,1.0,0.0,0.0,0.0,0.0,0.0,0,105514.0
23,1,0,0,0,0,72,0.0,0.0,0.08,0.08,0.0,255,6,0.02,0.06,0.0,0.0,0.0,1.0,1,41133.0
44,5,0,0,0,0,128,1.0,1.0,0.05,0.06,0.0,255,6,0.02,0.07,0.0,1.0,1.0,0.0,1,119037.0
11,9,44,153,0,0,73,0.0,0.0,1.0,0.0,0.01,255,255,1.0,0.0,0.0,0.0,0.0,0.0,0,50187.0
5,5,0,0,0,0,111,1.0,1.0,0.08,0.05,0.0,255,9,0.04,0.05,0.0,1.0,1.0,0.0,1,101931.0
40,9,1,0,0,0,11,0.0,0.0,0.09,0.64,0.0,255,1,0.0,0.19,0.0,0.0,0.0,0.0,1,34516.0
19,9,63,0,0,0,2,0.0,0.0,1.0,0.0,0.0,255,37,0.15,0.02,0.0,0.56,0.0,0.0,0,71945.0
22,9,211,20190,0,1,5,0.0,0.0,1.0,0.0,0.0,19,255,1.0,0.0,0.03,0.0,0.0,0.0,0,106161.0
18,9,1154,3380,0,1,1,0.0,0.0,1.0,0.0,0.0,118,30,0.25,0.03,0.0,0.0,0.0,0.0,0,103951.0
22,9,235,3443,0,1,15,0.0,0.0,1.0,0.0,0.0,255,255,1.0,0.0,0.0,0.0,0.0,0.0,0,124186.0
19,9,16115,0,0,0,15,0.0,0.0,1.0,0.0,0.0,255,86,0.34,0.02,0.0,0.0,0.0,0.0,0,62389.0
22,1,0,0,0,0,1,0.0,0.0,1.0,0.0,0.0,9,251,1.0,0.0,0.17,0.0,0.0,1.0,0,11163.0
19,1,0,0,0,0,457,0.07,0.0,0.01,0.99,0.0,255,2,0.01,1.0,0.0,0.08,0.0,1.0,1,17838.0
44,5,0,0,0,0,134,1.0,1.0,0.13,0.07,0.0,255,18,0.07,0.07,0.0,1.0,1.0,0.0,1,76234.0
2,5,0,0,0,0,264,1.0,1.0,0.07,0.06,0.0,255,18,0.07,0.06,0.0,1.0,1.0,0.0,1,35429.0
55,5,0,0,0,0,150,1.0,1.0,0.11,0.05,0.0,255,1,0.0,0.08,0.0,1.0,1.0,0.0,1,531.0
19,1,0,0,0,0,2,0.0,0.0,0.5,1.0,0.0,255,10,0.04,0.6,0.0,0.01,0.0,0.1,1,70517.0
22,9,294,2199,0,1,1,0.0,0.0,1.0,0.0,1.0,1,255,1.0,0.0,0.07,0.0,0.01,0.0,0,88987.0
51,1,0,0,0,0,130,0.0,0.0,0.15,0.07,0.0,255,20,0.08,0.07,0.0,0.0,0.0,1.0,1,124763.0
19,9,319,0,0,1,2,0.0,0.0,1.0,0.0,0.0,110,16,0.05,0.04,0.12,0.0,0.0,0.0,0,33721.0
19,9,960,0,0,1,2,0.0,0.0,1.0,0.0,0.0,12,33,0.5,0.17,0.09,0.0,0.0,0.0,0,11038.0
44,5,0,0,0,0,59,1.0,1.0,0.08,0.1,0.0,255,5,0.02,0.05,0.0,1.0,1.0,0.0,1,49591.0
22,9,303,4937,0,1,7,0.0,0.0,1.0,0.0,0.0,7,116,1.0,0.0,0.05,0.0,0.0,0.0,0,62085.0
22,9,224,5831,0,1,4,0.0,0.0,1.0,0.0,0.08,244,255,1.0,0.0,0.01,0.0,0.0,0.0,0,121471.0
14,9,1032,0,0,0,409,0.0,0.0,1.0,0.0,0.0,255,255,1.0,0.0,0.0,0.0,0.0,0.0,1,91673.0
11,9,46,134,0,0,149,0.0,0.0,1.0,0.0,0.0,255,254,1.0,0.01,0.0,0.0,0.0,0.0,0,12165.0
59,5,0,0,0,0,124,1.0,1.0,0.15,0.06,0.0,255,18,0.07,0.06,0.0,1.0,1.0,0.0,1,89577.0
5,1,0,0,0,0,107,0.0,0.0,0.05,0.07,0.0,255,5,0.02,0.06,0.0,0.0,0.0,1.0,1,113842.0
11,9,91,0,0,0,1,0.0,0.0,1.0,0.0,1.0,60,42,0.7,0.05,0.0,0.0,0.0,0.0,0,62189.0
44,9,28,0,3,0,24,0.0,0.0,1.0,0.0,0.0,255,24,0.09,0.02,0.0,0.0,0.0,0.0,1,116578.0
23,5,0,0,0,0,150,1.0,1.0,0.08,0.05,0.0,255,1,0.0,0.08,0.0,1.0,1.0,0.0,1,115556.0
14,9,1032,0,0,0,511,0.0,0.0,1.0,0.0,0.0,190,45,0.24,0.02,0.0,0.0,0.0,0.0,1,71594.0
22,9,252,913,0,1,14,0.0,0.0,1.0,0.0,0.0,123,255,1.0,0.0,0.02,0.0,0.0,0.0,0,15132.0
19,5,0,0,0,0,48,0.98,1.0,0.31,0.08,0.0,255,6,0.02,0.07,0.0,1.0,1.0,0.0,1,10943.0
22,9,270,5465,0,1,1,0.0,0.0,1.0,0.0,0.4,31,255,1.0,0.0,0.07,0.0,0.01,0.0,0,120598.0
22,9,267,1897,0,1,1,0.0,0.0,1.0,0.0,0.67,8,255,1.0,0.0,0.01,0.0,0.0,0.0,0,64666.0
19,9,3775,0,0,0,21,0.0,0.0,1.0,0.0,0.0,206,97,0.47,0.03,0.0,0.0,0.0,0.0,0,114865.0
44,5,0,0,0,0,147,1.0,1.0,0.03,0.06,0.0,255,4,0.02,0.06,0.0,1.0,1.0,0.0,1,15123.0
40,9,145,105,0,0,1,0.0,0.0,1.0,0.0,0.0,255,1,0.0,0.64,0.0,0.0,0.0,0.0,0,6098.0
13,9,18,0,0,0,1,0.0,0.0,1.0,0.0,0.0,1,59,1.0,0.0,1.0,0.0,0.0,0.0,1,77608.0
36,5,0,0,0,0,206,1.0,1.0,0.01,0.07,0.0,255,2,0.01,0.07,0.0,1.0,1.0,0.0,1,71606.0
19,9,4316,0,0,1,3,0.0,0.0,1.0,0.0,0.0,255,81,0.32,0.02,0.0,0.0,0.0,0.0,0,16146.0
59,5,0,0,0,0,124,1.0,1.0,0.02,0.06,0.0,255,3,0.01,0.07,0.0,1.0,1.0,0.0,1,108874.0
49,9,1435,337,0,1,1,0.0,0.0,1.0,0.0,1.0,87,142,0.38,0.02,0.01,0.0,0.0,0.0,0,117887.0
22,1,0,0,0,0,1,0.0,0.0,1.0,0.0,0.0,152,129,0.85,0.03,0.0,0.0,0.0,1.0,0,100148.0
13,9,8,0,0,0,1,0.0,0.0,1.0,0.0,1.0,1,139,1.0,0.0,0.5,0.0,0.0,0.0,1,50174.0
22,5,0,0,0,0,45,1.0,1.0,0.38,0.09,0.0,255,57,0.22,0.02,0.0,1.0,1.0,0.0,1,13958.0
22,9,190,3712,0,1,4,0.0,0.0,1.0,0.0,0.0,255,255,1.0,0.0,0.0,0.0,0.0,0.0,0,43873.0
19,9,334,0,0,1,2,0.0,0.0,1.0,0.0,0.0,6,16,1.0,0.0,0.25,0.0,0.0,0.0,1,121688.0
44,9,105,145,0,0,1,0.0,0.0,1.0,0.0,0.0,85,84,0.99,0.02,0.0,0.0,0.0,0.0,0,74161.0
37,5,0,0,0,0,108,1.0,1.0,0.03,0.07,0.0,255,3,0.01,0.06,0.0,1.0,1.0,0.0,1,93355.0
44,5,0,0,0,0,135,1.0,1.0,0.14,0.07,0.0,255,20,0.08,0.07,0.0,1.0,1.0,0.0,1,40183.0
18,9,1197,2447,0,1,1,0.0,0.0,1.0,0.0,0.0,255,68,0.27,0.02,0.0,0.0,0.0,0.0,1,15141.0
13,9,8,0,0,0,1,0.0,0.0,1.0,0.0,1.0,2,66,1.0,0.0,0.5,0.0,0.0,0.0,1,49359.0
5,1,0,0,0,0,140,0.0,0.0,0.12,0.06,0.0,255,17,0.07,0.06,0.0,0.0,0.0,1.0,1,22069.0
23,5,0,0,0,0,122,1.0,1.0,0.03,0.06,0.0,255,19,0.07,0.07,0.0,1.0,1.0,0.0,1,55315.0
22,9,247,1656,0,1,11,0.0,0.0,1.0,0.0,0.15,255,255,1.0,0.0,0.0,0.0,0.0,0.0,0,13734.0
22,1,0,0,0,0,1,0.0,0.0,1.0,0.0,0.0,17,255,1.0,0.0,0.14,0.0,0.0,0.8,0,26792.0
44,5,0,0,0,0,216,1.0,1.0,0.05,0.06,0.0,255,10,0.04,0.08,0.0,1.0,1.0,0.0,1,67348.0
22,9,290,483,0,1,16,0.0,0.0,1.0,0.0,0.0,255,255,1.0,0.0,0.0,0.0,0.0,0.0,0,23213.0
22,5,0,0,0,0,6,1.0,1.0,0.5,0.5,0.0,86,23,0.27,0.05,0.0,1.0,1.0,0.0,1,92530.0
18,9,341,1072,0,1,1,0.0,0.0,1.0,0.0,0.0,1,1,1.0,0.0,0.0,0.0,0.0,0.0,0,4599.0
14,9,1480,0,1,0,16,0.0,0.0,1.0,0.0,0.0,255,17,0.07,0.08,0.0,0.55,0.0,0.0,1,57854.0
44,1,0,0,0,0,112,0.0,0.0,0.02,0.07,0.0,255,2,0.01,0.08,0.0,0.0,0.0,1.0,1,12681.0
44,1,0,0,0,0,146,0.0,0.0,0.12,0.06,0.0,171,18,0.11,0.06,0.0,0.0,0.0,1.0,1,123140.0
22,9,293,296,0,1,3,0.0,0.0,1.0,0.0,0.5,216,255,1.0,0.0,0.02,0.0,0.0,0.02,0,1551.0
30,5,0,0,0,0,124,1.0,1.0,0.02,0.06,0.0,255,2,0.01,0.07,0.0,1.0,1.0,0.0,1,29539.0
22,9,180,1487,0,1,2,0.0,0.0,1.0,0.0,0.0,255,241,0.95,0.01,0.0,0.0,0.0,0.0,0,83968.0
14,9,1480,0,1,0,2,0.0,0.0,1.0,0.0,0.5,2,151,1.0,0.0,0.11,0.0,0.0,0.0,1,31165.0
56,2,0,0,0,0,123,0.0,0.0,0.07,0.07,0.0,255,8,0.03,0.07,0.0,0.0,0.0,1.0,1,122365.0
11,9,44,131,0,0,23,0.0,0.0,0.96,0.09,0.0,255,255,1.0,0.0,0.0,0.0,0.0,0.0,0,9823.0
22,9,216,16904,0,1,6,0.0,0.0,1.0,0.0,0.0,72,255,1.0,0.0,0.05,0.0,0.0,0.0,0,7989.0
11,9,127,44,0,0,283,0.0,0.0,1.0,0.01,0.0,172,139,0.81,0.01,0.0,0.0,0.0,0.0,0,109036.0
22,9,234,540,0,1,2,0.0,0.0,1.0,0.0,0.16,255,255,1.0,0.0,0.0,0.0,0.0,0.0,0,87830.0
44,5,0,0,0,0,140,1.0,1.0,0.09,0.06,0.0,255,2,0.01,0.06,0.0,1.0,1.0,0.0,1,71839.0
22,5,0,0,0,0,4,0.5,0.5,1.0,0.0,0.33,13,255,1.0,0.0,0.04,0.15,0.01,0.0,0,75750.0
44,1,0,0,0,0,105,0.0,0.0,0.15,0.06,0.0,255,14,0.05,0.06,0.0,0.0,0.0,1.0,1,109684.0
59,5,0,0,0,0,137,1.0,1.0,0.05,0.07,0.0,255,2,0.01,0.06,0.0,1.0,1.0,0.0,1,66605.0
22,9,234,744,0,1,2,0.0,0.0,1.0,0.0,0.0,2,255,1.0,0.0,0.06,0.0,0.0,0.0,0,40530.0
11,9,44,128,0,0,65,0.0,0.0,1.0,0.0,0.01,255,228,0.89,0.01,0.0,0.0,0.0,0.0,0,59442.0
22,9,276,4465,0,1,1,0.0,0.0,1.0,0.0,0.3,255,255,1.0,0.0,0.0,0.01,0.01,0.0,0,8947.0
22,9,245,453,0,1,2,0.0,0.0,1.0,0.0,0.17,255,255,1.0,0.0,0.0,0.0,0.0,0.0,0,20113.0
22,9,54540,8314,0,1,3,0.0,0.0,1.0,0.0,0.0,64,64,1.0,0.0,0.0,0.0,0.0,0.02,1,107999.0
44,5,0,0,0,0,267,1.0,1.0,0.08,0.04,0.0,255,22,0.09,0.05,0.0,1.0,1.0,0.0,1,116937.0
58,9,111,0,0,0,2,0.0,0.0,0.5,1.0,0.0,72,4,0.06,0.03,0.0,0.0,0.0,0.0,1,58024.0
22,9,288,1308,0,1,13,0.0,0.0,1.0,0.0,0.18,13,255,1.0,0.0,0.06,0.0,0.0,0.0,0,8114.0
44,5,0,0,0,0,251,1.0,1.0,0.02,0.06,0.0,255,6,0.02,0.06,0.0,1.0,1.0,0.0,1,96583.0
22,9,201,3026,0,1,12,0.0,0.0,1.0,0.0,0.08,12,255,1.0,0.0,0.04,0.0,0.0,0.0,0,5962.0
23,1,0,0,0,0,141,0.0,0.0,0.09,0.06,0.0,255,7,0.03,0.07,0.0,0.0,0.0,1.0,1,114135.0
11,9,43,128,0,0,263,0.0,0.0,1.0,0.0,0.0,255,251,0.98,0.01,0.0,0.0,0.0,0.0,0,91889.0
17,5,0,0,0,0,23,1.0,1.0,0.52,0.09,0.0,255,70,0.27,0.02,0.0,1.0,1.0,0.0,1,41748.0
22,9,325,827,0,1,26,0.0,0.0,1.0,0.0,0.0,255,255,1.0,0.0,0.0,0.0,0.0,0.0,0,88538.0
14,9,1480,0,1,0,2,0.0,0.0,1.0,0.0,0.5,2,151,1.0,0.0,0.08,0.0,0.0,0.0,1,37893.0
22,9,304,2013,0,1,2,0.0,0.0,1.0,0.0,0.0,97,94,0.97,0.02,0.0,0.0,0.0,0.0,0,61688.0
11,9,42,126,0,0,306,0.0,0.0,1.0,0.01,0.0,195,162,0.83,0.01,0.0,0.0,0.0,0.0,0,77093.0
62,5,0,0,0,0,254,1.0,1.0,0.01,0.07,0.0,255,2,0.01,0.08,0.0,1.0,1.0,0.0,1,29057.0
13,9,18,0,0,0,1,0.0,0.0,1.0,0.0,0.0,2,66,1.0,0.0,0.26,0.0,0.0,0.0,1,1931.0
55,5,0,0,0,0,290,1.0,1.0,0.01,0.06,0.0,255,6,0.02,0.08,0.0,1.0,1.0,0.0,1,39885.0
6,5,0,0,0,0,199,1.0,1.0,0.03,0.08,0.0,255,6,0.02,0.08,0.0,1.0,1.0,0.0,1,2427.0
44,1,0,0,0,0,85,0.01,0.0,0.01,1.0,0.0,255,1,0.0,0.36,0.0,0.0,0.0,1.0,1,1398.0
11,9,46,137,0,0,117,0.0,0.0,1.0,0.0,0.01,255,254,1.0,0.01,0.0,0.0,0.0,0.0,0,80116.0
22,9,331,6162,0,1,7,0.0,0.0,1.0,0.0,0.0,7,255,1.0,0.0,0.02,0.0,0.0,0.0,0,23728.0
6,5,0,0,0,0,228,1.0,1.0,0.01,0.07,0.0,255,2,0.01,0.09,0.0,1.0,1.0,0.0,1,72611.0
22,9,288,844,0,1,10,0.0,0.0,1.0,0.0,0.11,130,255,1.0,0.0,0.01,0.0,0.0,0.0,0,74955.0
49,9,2085,325,0,1,1,0.0,0.0,1.0,0.0,1.0,151,71,0.47,0.02,0.0,0.0,0.0,0.0,0,74655.0
19,9,374,0,0,0,3,0.0,0.0,1.0,0.0,0.0,206,100,0.39,0.03,0.02,0.0,0.0,0.0,0,88439.0
22,9,309,1284,0,1,4,0.0,0.0,1.0,0.0,0.28,4,255,1.0,0.0,0.03,0.0,0.0,0.0,0,30248.0
11,9,44,130,0,0,66,0.0,0.0,1.0,0.0,0.01,255,254,1.0,0.01,0.0,0.0,0.0,0.0,0,82514.0
26,5,0,0,0,0,143,1.0,1.0,0.03,0.06,0.0,255,5,0.02,0.07,0.0,1.0,1.0,0.0,1,31385.0
19,9,1214,0,0,0,2,0.0,0.0,1.0,0.0,0.0,71,36,0.2,0.06,0.06,0.0,0.0,0.0,0,99839.0
44,1,0,0,0,0,134,0.0,0.0,0.14,0.06,0.0,109,19,0.17,0.07,0.0,0.0,0.0,1.0,1,84834.0
11,9,46,46,0,0,183,0.0,0.0,1.0,0.0,0.0,255,255,1.0,0.0,0.0,0.0,0.0,0.0,0,61409.0
42,9,66,5036,0,1,1,0.0,0.0,1.0,0.0,0.0,255,4,0.02,0.1,0.0,0.02,0.0,0.0,0,27789.0
36,5,0,0,0,0,279,1.0,1.0,0.04,0.05,0.0,255,2,0.01,0.09,0.0,1.0,1.0,0.0,1,47415.0
44,10,0,0,0,0,1,1.0,1.0,1.0,0.0,0.0,119,1,0.01,0.92,0.0,0.93,1.0,0.0,1,114813.0
22,9,291,2333,0,1,7,0.0,0.0,1.0,0.0,0.0,7,255,1.0,0.0,0.04,0.0,0.0,0.0,0,104466.0
44,9,1,0,0,0,54,0.0,0.0,0.04,0.13,0.0,255,2,0.01,0.02,0.0,0.0,0.0,0.0,1,104479.0
22,1,0,0,0,0,2,0.0,0.0,0.5,1.0,0.0,100,90,0.9,0.03,0.0,0.0,0.0,1.0,0,45417.0
44,5,0,0,0,0,246,1.0,1.0,0.04,0.04,0.0,255,9,0.04,0.06,0.0,1.0,1.0,0.0,1,103931.0
22,9,308,2698,0,1,4,0.0,0.0,1.0,0.0,0.0,255,211,0.83,0.02,0.0,0.0,0.0,0.0,0,71809.0
21,5,0,0,0,0,275,1.0,1.0,0.02,0.05,0.0,255,5,0.02,0.05,0.0,1.0,1.0,0.0,1,33316.0
44,1,0,0,0,0,239,0.0,0.0,0.05,0.06,0.0,255,13,0.05,0.07,0.0,0.0,0.0,1.0,1,94810.0
22,9,164,3687,0,1,2,0.0,0.0,1.0,0.0,0.0,25,255,1.0,0.0,0.04,0.0,0.0,0.0,0,84460.0
49,9,1044,323,0,1,1,0.0,0.0,1.0,0.0,0.0,221,167,0.76,0.02,0.0,0.0,0.0,0.0,0,68910.0
13,9,8,0,0,0,1,0.0,0.0,1.0,0.0,1.0,1,87,1.0,0.0,0.51,0.0,0.0,0.0,1,32171.0
22,5,0,0,0,0,231,1.0,1.0,0.04,0.06,0.0,255,9,0.04,0.07,0.0,1.0,1.0,0.0,1,42297.0
22,9,312,1000,0,1,6,0.0,0.0,1.0,0.0,0.09,131,255,1.0,0.0,0.03,0.0,0.0,0.0,0,54838.0
40,9,516,4,0,0,256,0.0,0.0,1.0,0.0,0.0,255,255,1.0,0.0,0.0,0.0,0.0,0.0,0,118028.0
40,9,147,105,0,0,1,0.0,0.0,1.0,0.0,0.0,255,2,0.01,0.65,0.0,0.0,0.0,0.0,0,85669.0
44,1,0,0,0,0,130,0.0,0.0,0.12,0.07,0.0,155,16,0.1,0.07,0.0,0.0,0.0,1.0,1,76386.0
22,9,323,598,0,1,9,0.0,0.0,1.0,0.0,0.09,143,255,1.0,0.0,0.02,0.0,0.0,0.0,0,4078.0
44,5,0,0,0,0,250,1.0,1.0,0.06,0.06,0.0,255,4,0.02,0.09,0.0,1.0,1.0,0.0,1,97865.0
29,5,0,0,0,0,242,1.0,1.0,0.02,0.07,0.0,255,6,0.02,0.07,0.0,1.0,1.0,0.0,1,24287.0
22,9,152,2570,0,1,1,0.0,0.0,1.0,0.0,0.0,62,255,1.0,0.0,0.03,0.0,0.0,0.0,0,57751.0
11,9,44,44,0,0,3,0.0,0.0,0.33,0.67,0.5,85,82,0.96,0.02,0.0,0.0,0.0,0.0,0,105427.0
22,9,188,4051,0,1,1,0.0,0.0,1.0,0.0,0.0,39,255,1.0,0.0,0.05,0.0,0.0,0.0,0,78001.0
22,9,340,880,0,1,5,0.0,0.0,1.0,0.0,0.0,35,255,1.0,0.0,0.05,0.0,0.0,0.0,0,34602.0
44,5,0,0,0,0,131,1.0,1.0,0.12,0.05,0.0,255,15,0.06,0.06,0.0,1.0,1.0,0.0,1,17882.0
22,9,191,318,0,1,4,0.25,0.25,1.0,0.0,0.0,255,255,1.0,0.0,0.0,0.0,0.0,0.0,0,90151.0
22,9,206,5173,0,1,1,0.0,0.0,1.0,0.0,0.0,28,255,1.0,0.0,0.02,0.0,0.0,0.0,0,101291.0
22,9,267,1206,0,1,11,0.0,0.0,1.0,0.0,0.0,255,255,1.0,0.0,0.0,0.0,0.0,0.0,0,37681.0
49,9,13891,328,0,1,1,0.0,0.0,1.0,0.0,0.0,25,131,0.12,0.08,0.02,0.0,0.0,0.0,0,2466.0
44,1,0,0,0,0,128,0.0,0.0,0.11,0.06,0.0,203,14,0.07,0.06,0.0,0.0,0.0,1.0,1,113781.0
44,1,0,0,0,0,227,0.0,0.0,0.01,0.07,0.0,255,2,0.01,0.07,0.0,0.0,0.0,1.0,1,107433.0
40,9,1,0,0,0,10,0.0,0.0,0.1,0.5,0.0,255,1,0.0,0.24,0.0,0.0,0.0,0.0,1,122022.0
11,9,46,92,0,0,110,0.0,0.0,1.0,0.0,0.03,255,255,1.0,0.0,0.0,0.0,0.0,0.0,0,105470.0
22,9,266,549,0,1,1,0.0,0.0,1.0,0.0,0.0,4,255,1.0,0.0,0.03,0.0,0.0,0.0,0,90338.0
22,5,0,0,0,0,13,1.0,1.0,1.0,0.0,0.0,255,13,0.05,0.07,0.0,1.0,1.0,0.0,1,21957.0
22,9,299,2232,0,1,4,0.0,0.0,1.0,0.0,0.0,30,255,1.0,0.0,0.06,0.0,0.0,0.0,0,86769.0
22,9,219,1448,0,1,34,0.0,0.0,1.0,0.0,0.06,34,255,1.0,0.0,0.04,0.0,0.0,0.0,0,98823.0
44,5,0,0,0,0,160,1.0,1.0,0.06,0.06,0.0,255,2,0.01,0.07,0.0,1.0,1.0,0.0,1,6734.0
13,9,8,0,0,0,1,0.0,0.0,1.0,0.0,1.0,2,90,1.0,0.0,0.5,0.0,0.0,0.0,1,101863.0
22,9,325,1390,0,1,8,0.0,0.0,1.0,0.0,0.0,255,255,1.0,0.0,0.0,0.0,0.0,0.0,0,37309.0
22,9,289,486,0,1,35,0.0,0.0,1.0,0.0,0.11,255,255,1.0,0.0,0.0,0.0,0.0,0.0,0,42570.0
22,9,181,12835,0,1,1,0.0,0.0,1.0,0.0,0.0,58,255,1.0,0.0,0.02,0.0,0.0,0.0,0,17998.0
44,5,0,0,0,0,262,1.0,1.0,0.04,0.05,0.0,255,10,0.04,0.06,0.0,1.0,1.0,0.0,1,82390.0
22,9,215,10360,0,1,7,0.0,0.0,1.0,0.0,0.0,163,255,1.0,0.0,0.02,0.0,0.0,0.0,0,70711.0
44,5,0,0,0,0,97,1.0,1.0,0.08,0.06,0.0,255,31,0.12,0.06,0.0,1.0,1.0,0.0,1,120978.0
51,5,0,0,0,0,297,1.0,1.0,0.08,0.05,0.0,255,25,0.1,0.05,0.0,1.0,1.0,0.0,1,125483.0
22,9,304,511,0,1,9,0.0,0.0,1.0,0.0,0.27,81,255,1.0,0.0,0.03,0.0,0.0,0.0,0,22057.0
44,1,0,0,0,0,2,0.0,0.0,0.5,1.0,0.0,255,1,0.0,0.88,0.0,0.0,0.0,1.0,1,86746.0
55,5,0,0,0,0,243,1.0,1.0,0.05,0.06,0.0,255,12,0.05,0.06,0.0,1.0,1.0,0.0,1,118263.0
25,1,0,0,0,0,105,0.0,0.0,0.12,0.08,0.0,255,1,0.0,0.07,0.0,0.0,0.0,1.0,1,55594.0
49,9,49787,320,0,1,1,0.0,0.0,1.0,0.0,1.0,85,146,0.28,0.05,0.01,0.01,0.01,0.0,0,88872.0
49,9,2393,385,0,1,1,0.0,0.0,1.0,0.0,0.0,255,81,0.32,0.05,0.0,0.33,0.0,0.0,0,121642.0
7,5,0,0,0,0,109,1.0,1.0,0.18,0.06,0.0,255,14,0.05,0.07,0.0,1.0,1.0,0.0,1,25074.0
22,9,204,3006,0,1,8,0.0,0.0,1.0,0.0,0.22,166,255,1.0,0.0,0.01,0.0,0.0,0.0,0,104519.0
36,1,0,0,0,0,106,0.0,0.0,0.04,0.08,0.0,255,4,0.02,0.08,0.0,0.0,0.0,1.0,1,10284.0
19,9,19,0,0,1,1,0.0,0.0,1.0,0.0,0.0,255,60,0.24,0.02,0.0,0.61,0.65,0.0,0,110214.0
22,9,202,698,0,1,14,0.0,0.0,1.0,0.0,0.0,57,255,1.0,0.0,0.03,0.0,0.0,0.0,0,5952.0
44,0,0,0,0,0,1,0.0,0.0,1.0,0.0,0.0,199,1,0.01,0.76,0.0,0.03,0.0,0.0,1,28724.0
22,9,285,17602,0,1,24,0.0,0.0,1.0,0.0,0.0,255,255,1.0,0.0,0.0,0.0,0.0,0.0,0,100510.0
44,5,0,0,0,0,253,1.0,1.0,0.01,0.06,0.0,255,15,0.06,0.06,0.0,1.0,1.0,0.0,1,77894.0
44,1,0,0,0,0,135,0.0,0.0,0.13,0.07,0.0,255,17,0.07,0.08,0.0,0.0,0.0,1.0,1,62124.0
24,5,0,0,0,0,224,1.0,1.0,0.03,0.07,0.0,255,3,0.01,0.09,0.0,1.0,1.0,0.0,1,52338.0
22,9,194,26992,0,1,3,0.0,0.0,1.0,0.0,0.17,13,255,1.0,0.0,0.05,0.0,0.0,0.0,0,118205.0
22,9,229,660,0,1,2,0.0,0.0,1.0,0.0,0.0,73,255,1.0,0.0,0.02,0.0,0.0,0.0,0,119256.0
22,1,0,0,0,0,1,0.0,0.0,1.0,0.0,0.0,58,241,1.0,0.0,0.16,0.0,0.0,0.93,0,122870.0
49,9,2559,327,0,1,1,0.0,0.0,1.0,0.0,0.0,255,137,0.54,0.03,0.0,0.0,0.01,0.0,0,38111.0
19,9,11,0,0,1,2,0.0,0.0,1.0,0.0,0.0,12,107,0.33,0.25,0.03,0.0,0.01,0.0,0,121964.0
44,5,0,0,0,0,106,1.0,1.0,0.05,0.07,0.0,255,4,0.02,0.07,0.0,1.0,1.0,0.0,1,112795.0
18,9,240,774,0,1,1,0.0,0.0,1.0,0.0,0.0,158,27,0.17,0.45,0.0,0.0,0.0,0.04,0,96715.0
7,5,0,0,0,0,246,1.0,1.0,0.02,0.07,0.0,255,6,0.02,0.07,0.0,1.0,1.0,0.0,1,102715.0
11,9,46,83,0,0,214,0.0,0.0,1.0,0.0,0.0,255,250,0.98,0.01,0.0,0.0,0.0,0.0,0,55715.0
44,5,0,0,0,0,245,1.0,1.0,0.09,0.04,0.0,203,21,0.1,0.06,0.0,0.99,1.0,0.0,1,39601.0
24,5,0,0,0,0,284,1.0,1.0,0.05,0.06,0.0,255,13,0.05,0.07,0.0,1.0,1.0,0.0,1,65943.0
44,5,0,0,0,0,143,1.0,1.0,0.14,0.06,0.0,255,16,0.06,0.06,0.0,1.0,1.0,0.0,1,9068.0
11,9,33,95,0,0,2,0.0,0.0,1.0,0.0,0.0,232,171,0.74,0.02,0.0,0.0,0.0,0.0,0,79292.0
49,9,1530,406,0,1,1,0.0,0.0,1.0,0.0,0.0,70,118,0.73,0.06,0.02,0.0,0.0,0.0,0,76438.0
44,9,28,0,3,0,40,0.0,0.0,1.0,0.0,0.0,253,40,0.16,0.64,0.0,0.02,0.0,0.0,1,43910.0
11,9,44,151,0,0,67,0.0,0.0,1.0,0.0,0.01,255,255,1.0,0.0,0.0,0.0,0.0,0.0,0,63086.0
14,9,520,0,0,0,417,0.0,0.0,1.0,0.0,0.0,255,255,1.0,0.0,0.0,0.0,0.0,0.0,1,18121.0
44,1,0,0,0,0,108,0.0,0.0,0.08,0.06,0.0,9,9,1.0,0.0,0.0,0.0,0.0,1.0,1,98571.0
22,9,252,2783,0,1,10,0.0,0.0,1.0,0.0,0.0,255,255,1.0,0.0,0.0,0.0,0.0,0.0,0,115694.0
13,9,30,0,0,0,2,0.0,0.0,1.0,0.0,0.0,220,220,1.0,0.0,0.0,0.0,0.0,0.0,0,6313.0
13,9,8,0,0,0,1,0.0,0.0,1.0,0.0,1.0,1,62,1.0,0.0,0.52,0.0,0.0,0.0,1,77911.0
62,1,0,0,0,0,231,0.0,0.0,0.03,0.07,0.0,255,6,0.02,0.08,0.0,0.0,0.0,1.0,1,40400.0
55,5,0,0,0,0,65,1.0,1.0,0.18,0.06,0.0,255,62,0.24,0.02,0.0,1.0,1.0,0.0,1,35943.0
44,5,0,0,0,0,132,1.0,1.0,0.06,0.06,0.0,255,13,0.05,0.08,0.0,1.0,1.0,0.0,1,32870.0
22,9,332,11785,0,1,24,0.0,0.0,1.0,0.0,0.15,255,255,1.0,0.0,0.0,0.0,0.0,0.0,0,69021.0
22,9,309,412,0,1,5,0.0,0.1,1.0,0.0,0.4,255,255,1.0,0.0,0.0,0.0,0.0,0.0,0,71499.0
19,9,26,0,0,1,1,0.0,0.0,1.0,0.0,0.0,195,41,0.21,0.02,0.0,0.0,0.0,0.0,0,9779.0
44,5,0,0,0,0,233,1.0,1.0,0.08,0.06,0.0,255,3,0.01,0.09,0.0,1.0,1.0,0.0,1,64984.0
13,9,8,0,0,0,1,0.0,0.0,1.0,0.0,1.0,1,61,1.0,0.0,0.51,0.0,0.0,0.0,1,94011.0
44,5,0,0,0,0,119,1.0,1.0,0.07,0.06,0.0,255,14,0.05,0.07,0.0,1.0,1.0,0.0,1,114526.0
22,9,246,18079,0,1,1,0.0,0.0,1.0,0.0,0.0,255,233,0.91,0.02,0.0,0.0,0.0,0.0,0,112213.0
44,3,0,0,0,0,72,0.79,0.67,0.04,0.38,0.0,255,3,0.01,0.11,0.0,0.22,0.67,0.33,1,1023.0
22,9,294,2335,0,1,27,0.0,0.0,1.0,0.0,0.1,255,255,1.0,0.0,0.0,0.0,0.0,0.0,0,117038.0
22,9,221,6542,0,1,6,0.0,0.0,1.0,0.0,0.25,6,255,1.0,0.0,0.04,0.0,0.0,0.0,0,82569.0
44,5,0,0,0,0,124,1.0,1.0,0.15,0.06,0.0,255,20,0.08,0.07,0.0,1.0,1.0,0.0,1,18683.0
5,5,0,0,0,0,143,1.0,1.0,0.09,0.06,0.0,255,6,0.02,0.08,0.0,1.0,1.0,0.0,1,119014.0
19,9,1199,0,0,1,1,0.0,0.0,1.0,0.0,0.0,255,107,0.42,0.03,0.0,0.01,0.01,0.0,0,76928.0
44,5,0,0,0,0,165,1.0,1.0,0.1,0.05,0.0,255,17,0.07,0.08,0.0,1.0,1.0,0.0,1,61086.0
22,9,200,253,0,1,7,0.0,0.0,1.0,0.0,0.0,7,255,1.0,0.0,0.01,0.0,0.0,0.0,0,14121.0
56,5,0,0,0,0,123,1.0,1.0,0.04,0.06,0.0,255,5,0.02,0.05,0.0,1.0,1.0,0.0,1,34826.0
40,9,8173,0,0,1,2,0.0,0.0,0.5,1.0,0.0,43,1,0.02,0.42,0.0,0.02,0.0,0.0,0,30161.0
22,9,368,9864,0,1,8,0.0,0.0,1.0,0.0,0.2,191,255,1.0,0.0,0.02,0.01,0.0,0.0,0,114771.0
32,5,0,0,0,0,28,1.0,1.0,0.21,0.18,0.0,255,6,0.02,0.09,0.0,1.0,1.0,0.0,1,55920.0
22,9,306,788,0,1,8,0.0,0.0,1.0,0.0,0.0,255,255,1.0,0.0,0.0,0.0,0.0,0.0,0,62657.0
3,5,0,0,0,0,133,1.0,1.0,0.14,0.06,0.0,255,17,0.07,0.07,0.0,1.0,1.0,0.0,1,117249.0
40,9,516,4,0,0,400,0.0,0.0,1.0,0.0,0.0,255,255,1.0,0.0,0.0,0.0,0.0,0.0,0,100251.0
22,9,236,5549,0,1,5,0.0,0.0,1.0,0.0,0.33,71,255,1.0,0.0,0.04,0.0,0.0,0.0,0,29490.0
19,9,748,0,0,1,1,0.0,0.0,1.0,0.0,0.0,91,41,0.45,0.13,0.0,0.01,0.02,0.0,0,19555.0
49,9,661,329,0,1,1,0.0,0.0,1.0,0.0,0.0,163,69,0.36,0.02,0.03,0.0,0.0,0.0,0,183.0
22,9,310,3438,0,1,9,0.0,0.0,1.0,0.0,0.08,161,255,1.0,0.0,0.05,0.0,0.0,0.0,0,92652.0
11,9,43,135,0,0,95,0.0,0.0,1.0,0.0,0.01,255,255,1.0,0.0,0.0,0.0,0.0,0.0,0,18429.0
44,5,0,0,0,0,134,1.0,1.0,0.1,0.05,0.0,255,20,0.08,0.06,0.0,1.0,1.0,0.0,1,86875.0
29,5,0,0,0,0,277,1.0,1.0,0.09,0.05,0.0,255,24,0.09,0.05,0.0,1.0,1.0,0.0,1,100130.0
34,1,0,0,0,0,140,0.0,0.0,0.04,0.06,0.0,255,4,0.02,0.07,0.0,0.0,0.0,1.0,1,115073.0
49,9,1564,364,0,1,1,0.0,0.0,1.0,0.0,1.0,22,172,0.73,0.18,0.02,0.0,0.0,0.0,0,7792.0
36,5,0,0,0,0,110,1.0,1.0,0.15,0.08,0.0,255,8,0.03,0.09,0.0,1.0,1.0,0.0,1,121908.0
22,9,241,8823,0,1,33,0.0,0.0,1.0,0.0,0.0,147,255,1.0,0.0,0.02,0.0,0.0,0.0,0,39804.0
55,2,126,179,0,0,1,0.0,0.0,1.0,0.0,0.0,30,30,1.0,0.0,0.0,0.07,0.07,0.93,1,109501.0
44,5,0,0,0,0,237,1.0,1.0,0.08,0.07,0.0,255,17,0.07,0.06,0.0,1.0,1.0,0.0,1,1136.0
19,9,383,0,0,1,2,0.0,0.0,1.0,0.0,0.0,255,103,0.4,0.02,0.0,0.0,0.0,0.0,0,51430.0
44,5,0,0,0,0,251,1.0,1.0,0.02,0.06,0.0,255,5,0.02,0.09,0.0,1.0,1.0,0.0,1,88615.0
40,9,516,4,0,0,456,0.0,0.0,1.0,0.0,0.0,255,255,1.0,0.0,0.0,0.0,0.0,0.0,0,10490.0
29,5,0,0,0,0,195,1.0,1.0,0.03,0.06,0.0,255,5,0.02,0.06,0.0,1.0,1.0,0.0,1,120314.0
20,5,0,0,0,0,248,1.0,1.0,0.06,0.07,0.0,255,14,0.05,0.07,0.0,1.0,1.0,0.0,1,80868.0
22,9,143,9531,0,1,2,0.0,0.0,1.0,0.0,0.0,31,255,1.0,0.0,0.04,0.0,0.0,0.04,0,93737.0
19,9,8766,0,0,1,2,0.0,0.0,1.0,0.0,0.67,135,26,0.19,0.04,0.0,0.0,0.0,0.0,0,72278.0
44,5,0,0,0,0,121,1.0,1.0,0.06,0.06,0.0,255,15,0.06,0.07,0.0,1.0,1.0,0.0,1,59717.0
40,9,113,0,0,0,15,0.0,0.0,0.93,0.13,0.0,255,14,0.05,0.57,0.0,0.0,0.0,0.0,0,17144.0
35,5,0,0,0,0,255,1.0,1.0,0.02,0.05,0.0,255,16,0.06,0.07,0.0,1.0,1.0,0.0,1,8810.0
11,9,42,42,0,0,13,0.0,0.0,1.0,0.0,0.14,255,233,0.91,0.01,0.0,0.0,0.0,0.0,0,32826.0
13,9,8,0,0,0,1,0.0,0.0,1.0,0.0,1.0,1,111,1.0,0.0,0.51,0.0,0.0,0.0,1,268.0
22,4,36256,5840,0,1,2,0.0,0.0,1.0,0.0,0.0,255,255,1.0,0.0,0.0,0.0,0.0,0.04,1,24345.0
22,9,209,8843,0,1,1,0.0,0.0,1.0,0.0,0.75,2,255,1.0,0.0,0.03,0.0,0.0,0.0,0,8936.0
13,9,8,0,0,0,1,0.0,0.0,1.0,0.0,1.0,1,147,1.0,0.0,0.5,0.0,0.0,0.0,1,10597.0
40,5,0,0,0,0,509,0.16,1.0,0.0,1.0,0.0,255,1,0.0,1.0,0.0,0.03,1.0,0.0,1,68452.0
11,9,44,115,0,0,2,0.0,0.0,1.0,0.0,0.4,255,248,0.97,0.01,0.0,0.0,0.0,0.0,0,38166.0
22,9,350,719,0,1,41,0.0,0.0,1.0,0.0,0.0,255,255,1.0,0.0,0.0,0.0,0.0,0.0,0,4253.0
22,9,248,766,0,1,8,0.0,0.0,1.0,0.0,0.38,255,255,1.0,0.0,0.0,0.0,0.0,0.0,0,18106.0
55,9,84,153,0,0,1,0.0,0.0,1.0,0.0,0.0,255,1,0.0,0.02,0.0,0.0,0.0,0.0,1,34563.0
55,2,0,0,0,0,17,0.0,0.0,0.06,0.59,0.0,255,2,0.01,0.05,0.0,0.0,0.0,0.5,1,34190.0
11,9,45,78,0,0,128,0.0,0.0,1.0,0.0,0.02,255,225,0.88,0.01,0.0,0.0,0.0,0.0,0,56445.0
22,9,258,471,0,1,17,0.0,0.0,1.0,0.0,0.0,78,255,1.0,0.0,0.03,0.0,0.0,0.0,0,18872.0
22,9,346,3317,0,1,27,0.0,0.0,1.0,0.0,0.0,152,255,1.0,0.0,0.01,0.0,0.0,0.0,0,34801.0
11,9,45,45,0,0,283,0.0,0.0,1.0,0.0,0.0,255,254,1.0,0.01,0.0,0.0,0.0,0.0,0,39857.0
55,2,126,179,0,0,2,0.0,0.0,1.0,0.0,0.0,18,18,1.0,0.0,0.0,0.06,0.06,0.94,1,124825.0
13,9,30,0,0,0,1,0.0,0.0,1.0,0.0,0.0,10,116,1.0,0.0,0.47,0.0,0.0,0.0,0,97977.0
11,9,45,131,0,0,70,0.0,0.0,1.0,0.0,0.01,255,239,0.94,0.01,0.0,0.0,0.0,0.0,0,14733.0
11,9,30,0,0,0,1,0.0,0.0,1.0,0.0,1.0,120,12,0.1,0.05,0.0,0.01,0.0,0.0,0,107859.0
17,5,0,0,0,0,49,1.0,1.0,0.24,0.08,0.0,255,65,0.25,0.02,0.0,1.0,1.0,0.0,1,113270.0
11,9,44,44,0,0,125,0.0,0.0,0.99,0.02,0.02,255,254,1.0,0.01,0.0,0.0,0.0,0.0,0,115135.0
22,9,298,321,0,1,2,0.5,0.5,1.0,0.0,0.0,244,255,1.0,0.0,0.01,0.0,0.0,0.0,0,3068.0
44,1,0,0,0,0,130,0.0,0.0,0.1,0.06,0.0,255,10,0.04,0.07,0.0,0.0,0.0,1.0,1,66677.0
22,9,330,16212,0,1,13,0.0,0.0,1.0,0.0,0.0,255,255,1.0,0.0,0.0,0.0,0.0,0.0,0,36762.0
44,1,0,0,0,0,370,0.0,0.0,0.0,0.52,0.0,255,1,0.0,0.52,0.0,0.0,0.0,1.0,1,93679.0
44,4,0,0,0,0,1,0.0,0.0,1.0,0.0,0.0,255,1,0.0,0.39,0.0,0.0,0.0,1.0,1,123387.0
49,9,1784,339,0,1,2,0.0,0.0,1.0,0.0,0.75,44,232,0.98,0.05,0.01,0.0,0.0,0.0,0,18744.0
58,9,182,0,0,0,2,0.0,0.0,0.5,1.0,0.0,255,6,0.02,0.01,0.0,0.0,0.0,0.0,0,4471.0
44,5,0,0,0,0,175,1.0,1.0,0.1,0.06,0.0,255,17,0.07,0.05,0.0,1.0,1.0,0.0,1,116417.0
22,9,209,2401,0,1,16,0.0,0.0,1.0,0.0,0.1,65,255,1.0,0.0,0.13,0.0,0.0,0.76,0,74555.0
3,5,0,0,0,0,289,1.0,1.0,0.08,0.04,0.0,255,23,0.09,0.05,0.0,1.0,1.0,0.0,1,18146.0
22,9,202,24322,0,1,6,0.0,0.0,1.0,0.0,0.29,28,255,1.0,0.0,0.02,0.0,0.0,0.0,0,70867.0
49,9,636,327,0,1,1,0.0,0.0,1.0,0.0,0.0,234,81,0.35,0.03,0.0,0.0,0.0,0.0,0,96120.0
40,9,145,0,0,0,9,0.0,0.0,0.11,0.22,0.0,255,1,0.0,0.62,0.0,0.0,0.0,0.0,0,44920.0
49,9,2753,333,0,1,1,0.0,0.0,1.0,0.0,1.0,160,87,0.54,0.03,0.0,0.0,0.0,0.0,0,83476.0
44,5,0,0,0,0,137,1.0,1.0,0.04,0.06,0.0,255,12,0.05,0.08,0.0,1.0,1.0,0.0,1,100650.0
22,9,261,788,0,1,9,0.0,0.0,1.0,0.0,0.0,255,255,1.0,0.0,0.0,0.0,0.0,0.0,0,38513.0
22,9,313,890,0,1,5,0.0,0.0,1.0,0.0,0.36,255,255,1.0,0.0,0.0,0.0,0.0,0.0,0,29921.0
11,9,43,43,0,0,159,0.0,0.0,0.99,0.01,0.01,255,254,1.0,0.01,0.0,0.0,0.0,0.0,0,98303.0
22,9,54540,8314,0,1,4,0.0,0.0,1.0,0.0,0.0,23,23,1.0,0.0,0.0,0.0,0.0,0.35,1,81823.0
44,5,0,0,0,0,210,1.0,1.0,0.08,0.06,0.0,255,13,0.05,0.09,0.0,1.0,1.0,0.0,1,43340.0
55,4,197,5339,0,1,1,0.0,0.0,1.0,0.0,0.0,80,4,0.05,0.08,0.0,0.03,0.25,0.25,0,73694.0
44,5,0,0,0,0,111,1.0,1.0,0.05,0.07,0.0,255,4,0.02,0.07,0.0,1.0,1.0,0.0,1,23237.0
22,9,241,3776,0,1,8,0.0,0.0,1.0,0.0,0.0,37,255,1.0,0.0,0.03,0.0,0.0,0.0,0,105921.0
22,9,214,3337,0,1,1,0.0,0.0,1.0,0.0,1.0,1,204,1.0,0.0,0.06,0.0,0.0,0.0,0,116257.0
49,9,1740,335,0,1,2,0.0,0.0,1.0,0.0,0.0,60,131,0.27,0.07,0.02,0.0,0.0,0.0,0,48498.0
10,5,0,0,0,0,277,1.0,1.0,0.03,0.06,0.0,255,9,0.04,0.07,0.0,1.0,1.0,0.0,1,52157.0
40,9,146,105,0,0,1,0.0,0.0,1.0,0.0,0.0,255,1,0.0,0.73,0.0,0.0,0.0,0.0,0,5486.0
44,1,0,0,0,0,162,0.0,0.0,0.02,0.08,0.0,255,3,0.01,0.09,0.0,0.0,0.0,1.0,1,84877.0
22,9,218,310,0,1,15,0.0,0.0,1.0,0.0,0.09,15,255,1.0,0.0,0.06,0.0,0.0,0.0,0,35644.0
22,9,358,2321,0,1,3,0.0,0.0,1.0,0.0,0.25,21,255,1.0,0.0,0.04,0.0,0.0,0.0,0,103070.0
60,5,0,0,0,0,118,1.0,1.0,0.03,0.07,0.0,255,3,0.01,0.07,0.0,1.0,1.0,0.0,1,90162.0
14,9,520,0,0,0,351,0.0,0.0,1.0,0.0,0.0,255,255,1.0,0.0,0.0,0.0,0.0,0.0,1,99473.0
60,5,0,0,0,0,215,1.0,1.0,0.08,0.06,0.0,255,13,0.05,0.07,0.0,1.0,1.0,0.0,1,71427.0
44,5,0,0,0,0,206,1.0,1.0,0.05,0.06,0.0,255,14,0.05,0.05,0.0,1.0,1.0,0.0,1,60565.0
13,9,8,0,0,0,1,0.0,0.0,1.0,0.0,1.0,1,67,1.0,0.0,0.51,0.0,0.0,0.0,1,117860.0
49,9,810,327,0,1,1,0.0,0.0,1.0,0.0,0.0,156,106,0.67,0.03,0.02,0.0,0.0,0.0,0,124019.0
59,5,0,0,0,0,127,1.0,1.0,0.02,0.06,0.0,255,3,0.01,0.07,0.0,1.0,1.0,0.0,1,69209.0
11,9,42,42,0,0,15,0.0,0.0,1.0,0.0,0.12,255,255,1.0,0.0,0.0,0.0,0.0,0.0,0,79870.0
22,9,311,1572,0,1,10,0.0,0.0,1.0,0.0,0.0,99,255,1.0,0.0,0.04,0.0,0.0,0.0,0,21985.0
55,5,0,0,0,0,19,1.0,1.0,1.0,0.0,0.0,181,101,0.56,0.01,0.0,0.99,0.98,0.0,1,23915.0
19,9,12286,0,0,1,3,0.0,0.0,1.0,0.0,0.0,255,113,0.44,0.05,0.0,0.01,0.02,0.0,0,84653.0
44,5,0,0,0,0,114,1.0,1.0,0.11,0.07,0.0,255,29,0.11,0.06,0.0,1.0,1.0,0.0,1,61147.0
44,4,1,0,0,0,2,0.0,0.0,1.0,0.0,0.0,255,2,0.01,0.63,0.0,0.0,0.0,1.0,1,33454.0
44,9,207,0,0,0,2,0.0,0.0,1.0,0.0,0.0,184,152,0.83,0.01,0.0,0.0,0.0,0.0,1,87639.0
22,9,210,1124,0,1,4,0.0,0.0,1.0,0.0,0.0,36,255,1.0,0.0,0.05,0.0,0.0,0.0,0,33539.0
15,5,0,0,0,0,141,1.0,1.0,0.09,0.06,0.0,255,13,0.05,0.05,0.0,1.0,1.0,0.0,1,14207.0
31,5,0,0,0,0,299,1.0,1.0,0.06,0.05,0.0,255,16,0.06,0.06,0.0,1.0,1.0,0.0,1,109797.0
22,9,54540,8314,0,1,4,0.0,0.0,1.0,0.0,0.0,149,149,1.0,0.0,0.0,0.0,0.0,0.06,1,102424.0
11,9,135,45,0,0,240,0.0,0.0,1.0,0.01,0.0,129,96,0.74,0.02,0.0,0.0,0.0,0.0,0,96248.0
22,9,237,138,0,1,2,0.0,0.0,1.0,0.0,0.0,2,2,1.0,0.0,0.0,0.0,0.0,0.0,0,132.0
49,9,1534,401,0,1,1,0.0,0.0,1.0,0.0,0.0,255,54,0.21,0.06,0.0,0.53,0.0,0.0,0,15775.0
22,9,328,294,0,1,2,0.0,0.0,1.0,0.0,0.0,255,255,1.0,0.0,0.0,0.0,0.0,0.0,0,55124.0
22,9,143,5691,0,1,1,0.0,0.0,1.0,0.0,0.0,1,255,1.0,0.0,0.02,0.0,0.01,0.0,0,38836.0
19,9,259,0,0,0,3,0.0,0.0,0.67,0.67,0.0,255,89,0.35,0.08,0.0,0.0,0.01,0.0,0,2384.0
40,9,147,105,0,0,1,0.0,0.0,1.0,0.0,0.0,255,1,0.0,0.63,0.0,0.0,0.0,0.0,0,50709.0
21,1,0,0,0,0,470,0.06,0.0,0.0,1.0,0.0,255,1,0.0,1.0,0.0,0.1,0.0,1.0,1,20649.0
11,9,33,0,0,0,1,0.0,0.0,1.0,0.0,1.0,255,22,0.09,0.06,0.0,0.01,0.0,0.0,0,80078.0
40,9,147,105,0,0,1,0.0,0.0,1.0,0.0,0.0,255,1,0.0,0.56,0.0,0.0,0.0,0.0,0,59492.0
23,5,0,0,0,0,143,1.0,1.0,0.13,0.06,0.0,255,19,0.07,0.06,0.0,1.0,1.0,0.0,1,74327.0
44,5,0,0,0,0,287,1.0,1.0,0.01,0.05,0.0,255,3,0.01,0.05,0.0,1.0,1.0,0.0,1,4091.0
22,9,309,3928,0,1,9,0.0,0.0,1.0,0.0,0.0,109,145,1.0,0.0,0.01,0.0,0.0,0.0,0,15507.0
22,1,0,0,0,0,1,0.0,0.0,1.0,0.0,1.0,43,255,1.0,0.0,0.07,0.0,0.0,0.97,0,554.0
40,9,1,0,0,0,158,0.0,0.0,0.05,0.04,0.0,255,8,0.03,0.05,0.0,0.0,0.0,0.0,1,57645.0
22,9,305,3222,0,1,3,0.0,0.0,1.0,0.0,0.5,255,247,0.97,0.01,0.0,0.0,0.0,0.02,0,74625.0
22,9,227,608,0,1,14,0.0,0.0,1.0,0.0,0.06,255,255,1.0,0.0,0.0,0.0,0.0,0.0,0,107708.0
22,9,342,285,0,1,4,0.0,0.0,1.0,0.0,0.0,137,124,0.91,0.02,0.0,0.0,0.0,0.0,0,105428.0
56,5,0,0,0,0,284,1.0,1.0,0.04,0.05,0.0,255,10,0.04,0.05,0.0,1.0,1.0,0.0,1,8390.0
44,5,0,0,0,0,279,1.0,1.0,0.05,0.06,0.0,255,5,0.02,0.06,0.0,1.0,1.0,0.0,1,125530.0
22,9,235,8760,0,1,4,0.0,0.0,1.0,0.0,0.4,189,255,1.0,0.0,0.03,0.0,0.0,0.0,0,55389.0
22,9,306,574,0,1,1,0.0,0.0,1.0,0.0,0.0,8,255,1.0,0.0,0.02,0.0,0.01,0.02,0,22600.0
22,9,261,7718,0,1,36,0.0,0.0,1.0,0.0,0.0,255,255,1.0,0.0,0.0,0.0,0.0,0.0,0,101435.0
13,9,8,0,0,0,1,0.0,0.0,1.0,0.0,1.0,1,255,1.0,0.0,0.25,0.0,0.0,0.0,1,74773.0
22,1,0,0,0,0,1,0.0,0.0,1.0,0.0,0.0,5,85,1.0,0.0,0.14,0.0,0.0,1.0,0,105492.0
40,1,0,0,0,0,510,0.17,0.0,0.0,1.0,0.0,255,1,0.0,1.0,0.0,0.19,0.0,1.0,1,65080.0
49,9,1475,387,0,1,2,0.0,0.0,0.5,1.0,0.0,255,19,0.07,0.06,0.0,0.85,0.0,0.0,0,51317.0
22,1,0,0,0,0,12,0.0,0.0,1.0,0.0,0.0,12,255,1.0,0.0,0.01,0.0,0.0,0.04,0,111532.0
19,9,334,0,0,1,1,0.0,0.0,1.0,0.0,0.0,8,26,0.88,0.25,0.12,0.0,0.0,0.0,1,71417.0
11,9,44,44,0,0,84,0.0,0.0,1.0,0.0,0.01,255,250,0.98,0.01,0.0,0.0,0.0,0.0,0,83588.0
22,9,274,12679,0,1,4,0.0,0.0,1.0,0.0,0.4,110,255,1.0,0.0,0.03,0.0,0.0,0.0,0,34874.0
44,9,28,0,3,0,155,0.65,0.0,0.35,0.05,0.0,255,55,0.22,0.79,0.0,0.09,0.0,0.0,1,123650.0
11,9,44,74,0,0,166,0.0,0.0,1.0,0.0,0.0,255,227,0.89,0.01,0.0,0.0,0.0,0.0,0,71271.0
11,9,46,129,0,0,77,0.0,0.0,1.0,0.0,0.02,217,196,0.82,0.01,0.01,0.0,0.0,0.0,0,46738.0
11,9,45,128,0,0,25,0.0,0.0,1.0,0.0,0.02,255,255,1.0,0.0,0.0,0.0,0.0,0.0,0,92996.0
22,9,373,418,0,1,19,0.0,0.0,1.0,0.0,0.0,255,255,1.0,0.0,0.0,0.0,0.0,0.0,0,51182.0
14,9,1032,0,0,0,87,0.0,0.0,1.0,0.0,0.0,229,135,0.59,0.03,0.0,0.01,0.0,0.0,1,115377.0
11,9,112,36,0,0,3,0.0,0.0,1.0,0.0,0.4,77,58,0.75,0.03,0.0,0.0,0.0,0.0,0,106152.0
17,5,0,0,0,0,278,1.0,1.0,0.07,0.06,0.0,255,20,0.08,0.07,0.0,1.0,1.0,0.0,1,794.0
54,5,0,0,0,0,263,1.0,1.0,0.05,0.06,0.0,255,12,0.05,0.06,0.0,1.0,1.0,0.0,1,36372.0
20,5,0,0,0,0,203,1.0,1.0,0.06,0.06,0.0,255,20,0.08,0.07,0.0,1.0,1.0,0.0,1,86163.0
60,5,0,0,0,0,289,1.0,1.0,0.03,0.06,0.0,255,7,0.03,0.06,0.0,1.0,1.0,0.0,1,104828.0
22,9,353,2619,0,1,10,0.0,0.0,1.0,0.0,0.18,158,255,1.0,0.0,0.01,0.0,0.0,0.0,0,44096.0
22,9,205,663,0,1,5,0.0,0.0,1.0,0.0,0.22,148,255,1.0,0.0,0.03,0.0,0.0,0.0,0,103750.0
4,5,0,0,0,0,144,1.0,1.0,0.03,0.07,0.0,255,4,0.02,0.07,0.0,1.0,1.0,0.0,1,16055.0
40,1,0,0,0,0,508,0.09,0.0,0.0,1.0,0.0,255,1,0.0,1.0,0.0,0.08,0.0,1.0,1,16051.0
24,10,0,0,0,0,2,1.0,0.58,1.0,0.0,0.28,2,2,1.0,0.0,0.0,1.0,1.0,0.0,1,83602.0
19,9,1874,0,0,0,6,0.0,0.0,1.0,0.0,0.0,108,68,0.23,0.05,0.03,0.0,0.0,0.0,0,93336.0
22,9,298,8673,0,1,5,0.0,0.0,1.0,0.0,0.0,255,255,1.0,0.0,0.0,0.0,0.0,0.0,0,33077.0
22,9,235,2698,0,1,2,0.5,0.5,1.0,0.0,0.0,255,241,0.95,0.01,0.0,0.0,0.0,0.0,0,108710.0
44,5,0,0,0,0,240,1.0,1.0,0.03,0.06,0.0,255,7,0.03,0.08,0.0,1.0,1.0,0.0,1,122614.0
37,5,0,0,0,0,146,1.0,1.0,0.11,0.06,0.0,255,16,0.06,0.06,0.0,1.0,1.0,0.0,1,107464.0
15,5,0,0,0,0,134,1.0,1.0,0.14,0.05,0.0,255,19,0.07,0.06,0.0,1.0,1.0,0.0,1,17034.0
13,9,8,0,0,0,1,0.0,0.0,1.0,0.0,1.0,1,65,1.0,0.0,0.26,0.0,0.0,0.0,1,10752.0
22,9,243,7333,0,1,29,0.0,0.0,1.0,0.0,0.07,255,255,1.0,0.0,0.0,0.0,0.0,0.0,0,100004.0
36,4,0,0,0,0,1,0.0,0.0,1.0,0.0,0.0,149,1,0.01,0.12,0.0,0.0,0.0,1.0,1,42125.0
22,9,213,1750,0,1,33,0.0,0.0,1.0,0.0,0.05,98,255,1.0,0.0,0.01,0.0,0.0,0.0,0,124155.0
22,9,196,527,0,1,41,0.0,0.0,1.0,0.0,0.0,255,255,1.0,0.0,0.0,0.0,0.0,0.0,0,59786.0
22,9,188,313,0,1,10,0.0,0.0,1.0,0.0,0.15,255,255,1.0,0.0,0.0,0.0,0.0,0.0,0,93723.0
22,9,342,2153,0,1,9,0.0,0.0,1.0,0.0,0.1,255,255,1.0,0.0,0.0,0.0,0.0,0.0,0,103612.0
22,9,236,1425,0,1,1,0.0,0.0,1.0,0.0,0.0,43,255,1.0,0.0,0.02,0.0,0.0,0.0,0,56328.0
22,9,251,258,0,1,25,0.0,0.0,1.0,0.0,0.0,255,255,1.0,0.0,0.0,0.0,0.0,0.0,0,48174.0
22,9,291,16334,0,1,2,0.0,0.0,1.0,0.0,0.0,255,255,1.0,0.0,0.0,0.0,0.0,0.0,0,60403.0
44,5,0,0,0,0,108,1.0,1.0,0.14,0.06,0.0,255,6,0.02,0.08,0.0,1.0,1.0,0.0,1,7029.0
44,5,0,0,0,0,141,1.0,1.0,0.14,0.06,0.0,234,1,0.0,0.09,0.0,1.0,1.0,0.0,1,74755.0
44,1,0,0,0,0,410,0.06,0.0,0.0,1.0,0.0,255,1,0.0,1.0,0.0,0.09,0.0,1.0,1,63627.0
44,1,0,0,0,0,341,0.09,0.0,0.0,1.0,0.0,255,1,0.0,1.0,0.0,0.09,0.0,1.0,1,60785.0
22,9,225,2273,0,1,18,0.0,0.0,1.0,0.0,0.0,255,255,1.0,0.0,0.0,0.0,0.0,0.0,0,83963.0
22,9,212,808,0,1,9,0.0,0.0,1.0,0.0,0.2,36,255,1.0,0.0,0.04,0.0,0.0,0.0,0,87900.0
2,1,0,0,0,0,157,0.0,0.0,0.11,0.06,0.0,255,17,0.07,0.07,0.0,0.0,0.0,1.0,1,8884.0
0,4,926,6499,0,0,1,0.0,0.0,1.0,0.0,0.0,55,17,0.31,0.04,0.0,0.02,0.06,0.76,0,11840.0
44,5,0,0,0,0,292,1.0,1.0,0.05,0.06,0.0,255,14,0.05,0.07,0.0,1.0,1.0,0.0,1,72334.0
11,9,45,82,0,0,241,0.0,0.0,1.0,0.0,0.0,255,254,1.0,0.01,0.0,0.0,0.0,0.0,0,39372.0
14,9,520,0,0,0,420,0.0,0.0,1.0,0.0,0.0,255,255,1.0,0.0,0.0,0.0,0.0,0.0,1,80620.0
53,5,0,0,0,0,129,1.0,1.0,0.03,0.06,0.0,255,4,0.02,0.08,0.0,1.0,1.0,0.0,1,53021.0
19,9,35,0,0,0,2,0.0,0.0,1.0,0.0,0.0,129,30,0.23,0.05,0.0,0.02,0.0,0.0,0,114390.0
22,9,228,3200,0,1,2,0.0,0.0,1.0,0.0,0.67,63,255,1.0,0.0,0.01,0.0,0.0,0.0,0,89870.0
13,9,8,0,0,0,1,0.0,0.0,1.0,0.0,1.0,1,137,1.0,0.0,0.26,0.0,0.0,0.0,1,39059.0
44,1,0,0,0,0,120,0.0,0.0,0.16,0.07,0.0,255,19,0.07,0.08,0.0,0.0,0.0,1.0,1,32053.0
61,5,0,0,0,0,241,1.0,1.0,0.02,0.05,0.0,45,4,0.09,0.11,0.0,0.96,1.0,0.0,1,29413.0
22,9,328,927,0,1,10,0.0,0.0,1.0,0.0,0.16,125,255,1.0,0.0,0.03,0.0,0.01,0.03,0,54221.0
10,5,0,0,0,0,217,1.0,1.0,0.08,0.07,0.0,255,18,0.07,0.07,0.0,1.0,1.0,0.0,1,120225.0
22,9,305,298,0,1,9,0.0,0.0,1.0,0.0,0.19,22,255,1.0,0.0,0.01,0.0,0.0,0.0,0,78822.0
14,9,520,0,0,0,33,0.0,0.0,1.0,0.0,0.0,255,255,1.0,0.0,0.0,0.0,0.0,0.0,1,72103.0
22,9,344,5277,0,1,1,0.0,0.0,1.0,0.0,0.5,9,255,1.0,0.0,0.05,0.0,0.0,0.0,0,118680.0
37,5,0,0,0,0,143,1.0,1.0,0.02,0.06,0.0,255,7,0.03,0.07,0.0,1.0,1.0,0.0,1,118645.0
22,9,212,44486,0,1,3,0.0,0.0,1.0,0.0,0.0,87,255,1.0,0.0,0.04,0.0,0.0,0.0,0,46027.0
19,9,383,0,0,1,2,0.0,0.0,1.0,0.0,0.0,195,45,0.21,0.07,0.04,0.01,0.02,0.0,0,49539.0
40,9,145,105,0,0,1,0.0,0.0,1.0,0.0,0.0,255,1,0.0,0.86,0.0,0.0,0.0,0.0,0,51910.0
22,9,278,5593,0,1,6,0.0,0.0,1.0,0.0,0.27,25,255,1.0,0.0,0.04,0.0,0.0,0.0,0,107180.0
22,9,217,1891,0,1,5,0.0,0.0,1.0,0.0,0.0,5,255,1.0,0.0,0.04,0.0,0.0,0.0,0,98294.0
22,9,301,1085,0,1,6,0.0,0.0,1.0,0.0,0.21,75,255,1.0,0.0,0.02,0.0,0.0,0.0,0,113943.0
19,9,35195,0,0,1,22,0.0,0.0,1.0,0.0,0.09,116,77,0.47,0.05,0.03,0.0,0.0,0.0,0,99755.0
11,9,44,126,0,0,83,0.0,0.0,1.0,0.0,0.01,255,255,1.0,0.0,0.0,0.0,0.0,0.0,0,17492.0
22,1,0,0,0,0,266,0.0,0.0,0.04,0.06,0.0,255,10,0.04,0.07,0.0,0.0,0.0,1.0,1,1223.0
18,9,1213,2449,0,1,1,0.0,0.0,1.0,0.0,0.0,255,132,0.52,0.02,0.0,0.0,0.0,0.0,1,4244.0
49,9,677,335,0,1,1,0.0,0.0,1.0,0.0,1.0,58,177,0.98,0.03,0.01,0.0,0.0,0.0,0,37108.0
22,9,223,3488,0,1,21,0.0,0.0,1.0,0.0,0.06,157,247,1.0,0.0,0.01,0.0,0.0,0.0,0,41494.0
14,9,1032,0,0,0,511,0.0,0.0,1.0,0.0,0.0,255,129,0.51,0.17,0.0,0.0,0.0,0.0,1,88238.0
22,9,54540,8314,0,1,1,0.0,0.0,1.0,0.0,1.0,255,255,1.0,0.0,0.0,0.01,0.01,0.04,1,98918.0
22,9,208,655,0,1,49,0.0,0.0,1.0,0.0,0.05,255,255,1.0,0.0,0.0,0.0,0.0,0.0,0,11717.0
49,9,1610,329,0,1,1,0.0,0.0,1.0,0.0,0.0,73,188,0.77,0.04,0.01,0.0,0.0,0.0,0,39129.0
17,9,6,140,0,0,1,0.0,0.0,1.0,0.0,0.0,85,6,0.07,0.07,0.0,0.0,0.0,0.0,0,31653.0
21,5,0,0,0,0,272,1.0,1.0,0.06,0.05,0.0,255,16,0.06,0.05,0.0,1.0,1.0,0.0,1,33815.0
40,1,0,0,0,0,511,0.11,0.0,0.0,1.0,0.0,255,1,0.0,1.0,0.0,0.03,0.0,1.0,1,21501.0
20,5,0,0,0,0,206,1.0,1.0,0.07,0.06,0.0,255,17,0.07,0.07,0.0,1.0,1.0,0.0,1,80758.0
19,5,0,0,0,0,29,1.0,1.0,0.14,0.14,0.0,255,60,0.24,0.02,0.0,1.0,1.0,0.0,1,8406.0
49,9,756,331,0,1,1,0.0,0.0,1.0,0.0,0.0,102,108,0.56,0.06,0.02,0.0,0.0,0.0,0,17231.0
44,5,0,0,0,0,217,1.0,1.0,0.04,0.08,0.0,255,8,0.03,0.09,0.0,1.0,1.0,0.0,1,59610.0
49,9,9784,325,0,1,1,0.0,0.0,1.0,0.0,0.75,26,166,0.81,0.08,0.01,0.0,0.0,0.0,0,23921.0
44,5,0,0,0,0,36,1.0,1.0,0.28,0.11,0.0,255,10,0.04,0.08,0.0,1.0,1.0,0.0,1,42470.0
49,9,927,332,0,1,1,0.0,0.0,1.0,0.0,0.0,99,110,0.72,0.03,0.02,0.0,0.0,0.0,0,122205.0
11,9,44,113,0,0,1,0.0,0.0,1.0,0.0,1.0,176,159,0.9,0.02,0.0,0.0,0.0,0.0,0,116982.0
22,9,214,8912,0,1,6,0.0,0.0,1.0,0.0,0.0,30,255,1.0,0.0,0.07,0.0,0.0,0.0,0,96226.0
9,5,0,0,0,0,239,1.0,1.0,0.07,0.07,0.0,255,17,0.07,0.07,0.0,1.0,1.0,0.0,1,65309.0
44,1,0,0,0,0,133,0.0,0.0,0.14,0.07,0.0,158,19,0.12,0.07,0.0,0.0,0.0,1.0,1,125014.0
22,9,316,2627,0,1,3,0.0,0.0,1.0,0.0,0.0,115,255,1.0,0.0,0.02,0.0,0.0,0.0,0,101313.0
55,9,119,8671,0,1,1,0.0,0.0,1.0,0.0,0.0,119,1,0.01,0.07,0.0,0.0,0.0,0.0,0,121255.0
61,5,0,0,0,0,50,1.0,1.0,0.32,0.12,0.0,255,16,0.06,0.08,0.0,1.0,1.0,0.0,1,67306.0
22,9,228,1800,0,1,9,0.0,0.0,1.0,0.0,0.0,197,255,1.0,0.0,0.02,0.0,0.0,0.0,0,104882.0
3,9,14,37,0,0,1,0.0,0.0,1.0,0.0,0.0,253,15,0.06,0.06,0.0,0.0,0.0,0.0,0,57020.0
12,5,0,0,0,0,207,1.0,1.0,0.08,0.05,0.0,255,16,0.06,0.05,0.0,1.0,1.0,0.0,1,28000.0
22,9,242,1870,0,1,8,0.12,0.22,1.0,0.0,0.22,20,255,1.0,0.0,0.02,0.05,0.0,0.0,0,55641.0
44,5,0,0,0,0,149,1.0,1.0,0.12,0.05,0.0,66,2,0.03,0.15,0.0,1.0,1.0,0.0,1,21412.0
7,4,0,0,0,0,1,0.0,0.0,1.0,0.0,0.0,255,1,0.0,0.33,0.0,0.0,0.0,1.0,1,48762.0
19,5,0,0,0,0,30,1.0,1.0,0.33,0.07,0.0,255,10,0.04,0.06,0.0,1.0,1.0,0.0,1,5046.0
23,5,0,0,0,0,92,1.0,1.0,0.15,0.05,0.0,255,14,0.05,0.05,0.0,1.0,1.0,0.0,1,78631.0
22,9,239,2125,0,1,14,0.0,0.0,1.0,0.0,0.13,77,255,1.0,0.0,0.02,0.0,0.0,0.0,0,19912.0
22,9,309,748,0,1,1,0.0,0.05,1.0,0.0,0.21,233,255,1.0,0.0,0.01,0.0,0.0,0.0,0,100409.0
11,9,45,133,0,0,228,0.0,0.0,1.0,0.0,0.01,255,253,0.99,0.01,0.0,0.0,0.0,0.0,0,1666.0
22,9,284,2039,0,1,10,0.0,0.0,1.0,0.0,0.14,36,255,1.0,0.0,0.02,0.0,0.0,0.0,0,93367.0
40,9,516,4,0,0,258,0.0,0.0,1.0,0.0,0.0,255,255,1.0,0.0,0.0,0.0,0.0,0.0,0,60610.0
22,5,0,0,0,0,279,1.0,1.0,0.04,0.06,0.0,255,11,0.04,0.06,0.0,1.0,1.0,0.0,1,43695.0
40,4,1,0,0,0,2,0.0,0.0,1.0,0.0,0.0,255,2,0.01,0.68,0.0,0.0,0.0,1.0,1,88340.0
15,5,0,0,0,0,106,1.0,1.0,0.17,0.06,0.0,255,18,0.07,0.05,0.0,1.0,1.0,0.0,1,45336.0
44,9,28,0,3,0,74,0.0,0.0,1.0,0.0,0.0,146,74,0.51,0.03,0.0,0.0,0.0,0.0,1,67166.0
49,9,2901,389,0,1,1,0.0,0.0,1.0,0.0,1.0,41,180,0.46,0.1,0.01,0.02,0.0,0.0,0,29746.0
41,9,6,147,0,1,1,0.0,0.0,1.0,0.0,0.0,255,1,0.0,0.04,0.0,0.0,0.0,0.0,1,124358.0
62,5,0,0,0,0,229,1.0,1.0,0.07,0.07,0.0,255,15,0.06,0.08,0.0,1.0,1.0,0.0,1,79835.0
13,9,8,0,0,0,1,0.0,0.0,1.0,0.0,1.0,1,17,1.0,0.0,0.29,0.0,0.0,0.0,1,49043.0
19,9,88382,0,0,1,23,0.0,0.0,1.0,0.0,0.0,213,84,0.39,0.02,0.0,0.0,0.0,0.0,0,79151.0
22,9,215,11161,0,1,3,0.0,0.0,1.0,0.0,0.25,255,255,1.0,0.0,0.0,0.0,0.0,0.0,0,45439.0
55,5,0,0,0,0,54,1.0,1.0,0.24,0.07,0.0,255,47,0.18,0.05,0.0,1.0,1.0,0.0,1,63123.0
22,9,295,4021,0,1,7,0.0,0.0,1.0,0.0,0.36,56,133,1.0,0.0,0.05,0.0,0.0,0.01,0,71301.0
19,5,0,0,0,0,237,1.0,1.0,0.0,0.07,0.0,255,1,0.0,0.07,0.0,1.0,1.0,0.0,1,113042.0
22,9,321,4676,0,1,1,0.0,0.0,1.0,0.0,0.17,32,255,1.0,0.0,0.06,0.0,0.0,0.0,0,93764.0
22,5,0,0,0,0,2,0.5,0.33,1.0,0.0,0.67,3,255,1.0,0.0,0.05,0.33,0.01,0.01,0,106546.0
22,9,333,6209,0,1,8,0.0,0.0,1.0,0.0,0.09,63,255,1.0,0.0,0.02,0.0,0.0,0.0,0,50530.0
44,1,0,0,0,0,142,0.0,0.0,0.09,0.06,0.0,255,7,0.03,0.07,0.0,0.0,0.0,1.0,1,1694.0
44,5,0,0,0,0,36,1.0,1.0,0.17,0.14,0.0,255,9,0.04,0.08,0.0,1.0,1.0,0.0,1,48597.0
44,5,0,0,0,0,102,1.0,1.0,0.08,0.07,0.0,255,13,0.05,0.07,0.0,1.0,1.0,0.0,1,122033.0
11,9,44,135,0,0,67,0.0,0.0,1.0,0.0,0.01,255,255,1.0,0.0,0.0,0.0,0.0,0.0,0,8367.0
22,5,0,0,0,0,230,1.0,1.0,0.06,0.07,0.0,255,14,0.05,0.07,0.0,1.0,1.0,0.0,1,121856.0
13,9,8,0,0,0,1,0.0,0.0,1.0,0.0,1.0,2,96,1.0,0.0,0.5,0.0,0.0,0.0,1,18625.0
44,5,0,0,0,0,222,1.0,1.0,0.0,0.06,0.0,255,1,0.0,0.05,0.0,1.0,1.0,0.0,1,27481.0
22,1,0,0,0,0,1,0.0,0.0,1.0,0.0,0.0,7,255,1.0,0.0,0.15,0.0,0.0,0.95,0,109566.0
22,9,265,39004,0,1,2,0.0,0.0,1.0,0.0,0.67,255,255,1.0,0.0,0.0,0.0,0.0,0.0,0,16819.0
44,9,28,0,3,0,38,0.0,0.0,1.0,0.0,0.0,255,38,0.15,0.02,0.0,0.0,0.0,0.0,1,101441.0
42,9,38,130,0,1,1,0.0,0.0,1.0,0.0,0.0,90,4,0.03,0.07,0.5,0.01,0.0,0.0,0,93063.0
44,5,0,0,0,0,141,0.99,1.0,0.13,0.06,0.0,255,18,0.07,0.05,0.0,1.0,1.0,0.0,1,35206.0
19,9,4763,0,0,1,6,0.0,0.0,1.0,0.0,0.29,140,86,0.26,0.04,0.02,0.0,0.0,0.0,0,34460.0
22,9,213,24572,0,1,2,0.0,0.0,1.0,0.0,0.5,255,255,1.0,0.0,0.0,0.0,0.0,0.0,0,76673.0
12,5,0,0,0,0,152,1.0,1.0,0.01,0.07,0.0,255,2,0.01,0.06,0.0,1.0,1.0,0.0,1,80230.0
44,1,0,0,0,0,129,0.0,0.0,0.12,0.06,0.0,104,15,0.14,0.08,0.0,0.0,0.0,1.0,1,82426.0
40,9,6601,0,0,0,18,0.06,0.0,0.06,0.72,0.0,255,1,0.0,0.06,0.0,0.0,0.0,0.0,0,88108.0
44,9,105,147,0,0,8,0.0,0.0,0.12,0.25,0.0,255,246,0.96,0.01,0.0,0.0,0.0,0.0,0,48416.0
19,9,0,2072,0,1,3,0.0,0.0,1.0,0.0,0.0,4,84,1.0,0.0,0.02,0.0,0.0,0.0,0,53301.0
22,9,221,285,0,1,6,0.0,0.0,1.0,0.0,0.44,255,255,1.0,0.0,0.0,0.0,0.0,0.0,0,93874.0
13,9,30,0,0,0,2,0.0,0.0,1.0,0.0,0.0,211,211,1.0,0.0,0.0,0.0,0.0,0.0,0,107545.0
60,1,0,0,0,0,218,0.0,0.0,0.04,0.07,0.0,255,9,0.04,0.07,0.0,0.0,0.0,1.0,1,27185.0
22,9,180,20504,0,1,1,0.0,0.0,1.0,0.0,1.0,255,255,1.0,0.0,0.0,0.0,0.0,0.0,0,15236.0
17,9,9,223,0,0,2,0.0,0.0,0.5,1.0,0.0,184,11,0.04,0.03,0.18,0.0,0.0,0.0,0,23306.0
18,9,1532,4152,0,1,1,0.0,0.0,1.0,0.0,0.0,255,31,0.12,0.02,0.0,0.0,0.0,0.0,0,123374.0
44,5,0,0,0,0,218,1.0,1.0,0.02,0.06,0.0,255,4,0.02,0.07,0.0,1.0,1.0,0.0,1,52170.0
19,5,0,0,0,0,16,1.0,1.0,0.44,0.12,0.0,216,51,0.22,0.02,0.04,1.0,0.92,0.0,1,79861.0
22,9,206,1555,0,1,20,0.0,0.0,1.0,0.0,0.0,51,255,1.0,0.0,0.03,0.02,0.0,0.0,0,105188.0
22,9,215,626,0,1,14,0.0,0.0,1.0,0.0,0.0,255,255,1.0,0.0,0.0,0.0,0.0,0.0,0,21594.0
22,9,186,4841,0,1,3,0.0,0.0,1.0,0.0,0.5,155,255,1.0,0.0,0.05,0.0,0.0,0.0,0,33896.0
55,5,0,0,0,0,256,1.0,1.0,0.02,0.07,0.0,255,4,0.02,0.07,0.0,1.0,1.0,0.0,1,104068.0
13,9,8,0,0,0,1,0.0,0.0,1.0,0.0,1.0,2,58,1.0,0.0,0.5,0.0,0.0,0.0,1,13657.0
22,9,218,396,0,1,3,0.0,0.0,1.0,0.0,0.0,255,255,1.0,0.0,0.0,0.0,0.0,0.0,0,23909.0
44,5,0,0,0,0,68,1.0,1.0,0.01,0.09,0.0,255,17,0.07,0.08,0.0,1.0,1.0,0.0,1,63419.0
22,9,297,11624,0,1,17,0.0,0.0,1.0,0.0,0.0,255,255,1.0,0.0,0.0,0.0,0.0,0.0,0,28341.0
49,9,3617,282,0,1,1,0.0,0.0,1.0,0.0,1.0,169,140,0.56,0.03,0.01,0.01,0.01,0.0,0,23970.0
22,9,320,3899,0,1,2,0.0,0.0,1.0,0.0,0.75,24,255,1.0,0.0,0.01,0.0,0.0,0.0,0,69296.0
4,5,0,0,0,0,267,1.0,1.0,0.03,0.06,0.0,255,7,0.03,0.07,0.0,1.0,1.0,0.0,1,96870.0
22,9,233,5887,0,1,6,0.0,0.0,1.0,0.0,0.0,6,221,1.0,0.0,0.04,0.0,0.0,0.0,0,83586.0
13,9,18,0,0,0,1,0.0,0.0,1.0,0.0,0.0,1,240,1.0,0.0,1.0,0.0,0.0,0.0,1,84164.0
24,5,0,0,0,0,205,1.0,1.0,0.03,0.06,0.0,255,14,0.05,0.08,0.0,1.0,1.0,0.0,1,96675.0
25,5,0,0,0,0,292,1.0,1.0,0.03,0.05,0.0,255,8,0.03,0.05,0.0,1.0,1.0,0.0,1,28034.0
22,9,243,7302,0,1,12,0.0,0.0,1.0,0.0,0.0,78,255,1.0,0.0,0.07,0.0,0.01,0.0,0,47044.0
44,1,0,0,0,0,1,0.0,0.0,1.0,0.0,0.0,50,2,0.02,1.0,1.0,0.0,0.0,1.0,1,124652.0
44,4,1,0,0,0,2,0.0,0.0,1.0,0.0,0.0,130,2,0.02,0.06,0.0,0.0,0.0,1.0,1,124539.0
22,9,222,660,0,1,9,0.0,0.0,1.0,0.0,0.27,216,255,1.0,0.0,0.02,0.0,0.0,0.0,0,40764.0
58,9,128,0,0,0,3,0.0,0.0,0.33,1.0,0.0,255,1,0.0,0.01,0.0,0.0,0.0,0.0,0,91518.0
53,5,0,0,0,0,291,1.0,1.0,0.05,0.06,0.0,255,3,0.01,0.11,0.0,1.0,1.0,0.0,1,65140.0
44,1,0,0,0,0,1,0.0,0.0,1.0,0.0,0.0,45,2,0.02,1.0,1.0,0.0,0.0,1.0,1,12008.0
19,9,59,0,0,1,13,0.0,0.0,1.0,0.0,0.0,19,19,1.0,0.0,0.0,0.0,0.0,0.0,0,106043.0
49,9,2715,373,0,1,1,0.0,0.0,1.0,0.0,1.0,25,231,0.88,0.12,0.02,0.0,0.0,0.0,0,97326.0
11,9,41,125,0,0,147,0.0,0.0,1.0,0.0,0.01,255,255,1.0,0.0,0.0,0.0,0.0,0.0,0,116984.0
44,1,0,0,0,0,273,0.0,0.0,0.04,0.06,0.0,255,10,0.04,0.06,0.0,0.0,0.0,1.0,1,95130.0
44,5,0,0,0,0,296,1.0,1.0,0.06,0.06,0.0,255,20,0.08,0.07,0.0,1.0,1.0,0.0,1,72208.0
22,9,199,1286,0,1,5,0.0,0.0,1.0,0.0,0.0,5,255,1.0,0.0,0.03,0.0,0.0,0.0,0,95083.0
35,5,0,0,0,0,296,1.0,1.0,0.03,0.05,0.0,255,10,0.04,0.07,0.0,1.0,1.0,0.0,1,38127.0
22,9,313,313,0,1,19,0.0,0.0,1.0,0.0,0.0,255,255,1.0,0.0,0.0,0.0,0.0,0.0,0,101844.0
61,5,0,0,0,0,240,1.0,1.0,0.03,0.07,0.0,255,15,0.06,0.09,0.0,1.0,1.0,0.0,1,95359.0
29,5,0,0,0,0,218,1.0,1.0,0.0,0.07,0.0,255,1,0.0,0.08,0.0,1.0,1.0,0.0,1,49849.0
22,9,299,4605,0,1,4,0.0,0.0,1.0,0.0,0.36,4,255,1.0,0.0,0.03,0.0,0.0,0.0,0,87375.0
2,1,0,0,0,0,213,0.0,0.0,0.04,0.07,0.0,255,8,0.03,0.07,0.0,0.0,0.0,1.0,1,19965.0
13,9,20,0,0,0,1,0.0,0.0,1.0,0.0,0.0,86,2,0.02,0.06,0.0,0.0,0.0,0.0,1,3592.0
22,1,0,0,0,0,1,0.0,0.0,1.0,0.0,0.0,45,122,1.0,0.0,0.03,0.0,0.0,0.95,0,79256.0
44,9,215,0,0,0,1,0.0,0.0,1.0,0.0,0.0,235,195,0.83,0.01,0.0,0.0,0.0,0.0,1,9319.0
49,9,1738,333,0,1,1,0.0,0.0,1.0,0.0,0.0,60,44,0.73,0.07,0.0,0.0,0.0,0.0,0,102618.0
44,4,0,0,0,0,1,0.0,0.0,1.0,0.0,0.0,255,1,0.0,0.47,0.0,0.0,0.0,1.0,1,112084.0
19,9,15876,0,0,1,16,0.0,0.0,1.0,0.0,0.0,191,97,0.38,0.03,0.02,0.0,0.0,0.0,0,20501.0
22,9,306,2895,0,1,6,0.0,0.0,1.0,0.0,0.0,80,255,1.0,0.0,0.02,0.0,0.0,0.0,0,59572.0
22,9,309,2507,0,1,2,0.0,0.0,1.0,0.0,0.0,253,242,0.96,0.01,0.0,0.0,0.0,0.0,0,62937.0
22,9,243,1451,0,1,6,0.0,0.0,1.0,0.0,0.2,255,255,1.0,0.0,0.0,0.0,0.0,0.0,0,103349.0
22,9,243,389,0,1,12,0.0,0.0,1.0,0.0,0.15,87,135,1.0,0.0,0.03,0.0,0.0,0.0,0,115740.0
21,5,0,0,0,0,265,1.0,1.0,0.07,0.05,0.0,255,19,0.07,0.05,0.0,1.0,1.0,0.0,1,43349.0
19,5,0,0,0,0,222,1.0,1.0,0.1,0.06,0.0,255,23,0.09,0.06,0.0,1.0,1.0,0.0,1,13107.0
49,9,742,330,0,1,1,0.0,0.0,1.0,0.0,1.0,137,124,0.58,0.05,0.02,0.01,0.01,0.0,0,91581.0
22,9,305,872,0,1,7,0.0,0.0,1.0,0.0,0.19,7,255,1.0,0.0,0.07,0.0,0.0,0.0,0,90117.0
22,9,54540,8314,0,1,4,0.0,0.0,1.0,0.0,0.0,11,11,1.0,0.0,0.0,0.0,0.0,0.09,1,104890.0
22,9,326,10755,0,1,2,0.0,0.0,1.0,0.0,0.0,76,255,1.0,0.0,0.03,0.01,0.0,0.0,0,14665.0
22,9,200,1987,0,1,17,0.0,0.0,1.0,0.0,0.0,102,255,1.0,0.0,0.03,0.0,0.0,0.0,0,79863.0
22,9,213,1415,0,1,4,0.25,0.25,1.0,0.0,0.0,36,36,1.0,0.0,0.0,0.03,0.03,0.89,0,87088.0
22,9,215,1459,0,1,29,0.0,0.0,1.0,0.0,0.0,29,255,1.0,0.0,0.03,0.0,0.0,0.0,0,63651.0
7,1,0,0,0,0,199,0.0,0.0,0.02,0.07,0.0,255,4,0.02,0.08,0.0,0.0,0.0,1.0,1,95531.0
22,9,224,280,0,1,11,0.0,0.0,1.0,0.0,0.0,158,255,1.0,0.0,0.01,0.0,0.0,0.0,0,119751.0
44,5,0,0,0,0,173,1.0,1.0,0.13,0.06,0.0,255,22,0.09,0.06,0.0,1.0,1.0,0.0,1,52189.0
22,9,389,312,0,1,9,0.0,0.0,1.0,0.0,0.12,255,255,1.0,0.0,0.0,0.0,0.0,0.0,0,71543.0
11,9,45,135,0,0,176,0.0,0.0,0.99,0.01,0.01,255,241,0.95,0.02,0.0,0.0,0.0,0.0,0,49229.0
44,5,0,0,0,0,139,0.99,1.0,0.13,0.06,0.0,255,18,0.07,0.05,0.0,1.0,1.0,0.0,1,17880.0
49,9,1133,331,0,1,6,0.0,0.0,0.17,0.67,1.0,255,15,0.06,0.66,0.0,0.0,0.0,0.0,0,111671.0
11,9,40,40,0,0,5,0.0,0.0,1.0,0.0,0.29,114,110,0.96,0.03,0.0,0.0,0.0,0.0,0,90792.0
19,9,748,0,0,1,1,0.0,0.0,1.0,0.0,0.0,10,147,0.1,0.3,0.01,0.0,0.0,0.0,0,104100.0
44,5,0,0,0,0,150,1.0,1.0,0.09,0.05,0.0,255,14,0.05,0.05,0.0,1.0,1.0,0.0,1,33474.0
50,5,0,0,0,0,16,1.0,1.0,0.19,0.38,0.0,255,14,0.05,0.09,0.0,1.0,1.0,0.0,1,50203.0
14,9,1032,0,0,0,511,0.0,0.0,1.0,0.0,0.0,254,109,0.43,0.01,0.0,0.0,0.0,0.0,1,16925.0
4,5,0,0,0,0,207,1.0,1.0,0.0,0.06,0.0,255,1,0.0,0.06,0.0,1.0,1.0,0.0,1,58106.0
22,9,252,1564,0,1,10,0.0,0.0,1.0,0.0,0.0,255,255,1.0,0.0,0.0,0.0,0.0,0.0,0,62253.0
60,1,0,0,0,0,264,0.0,0.0,0.03,0.06,0.0,255,7,0.03,0.08,0.0,0.0,0.0,1.0,1,2681.0
22,9,459,3395,0,1,1,0.0,0.0,1.0,0.0,0.75,6,255,1.0,0.0,0.07,0.0,0.0,0.04,0,95204.0
22,1,0,0,0,0,1,0.0,0.0,1.0,0.0,0.0,3,255,1.0,0.0,0.03,0.0,0.0,0.01,0,94218.0
44,5,0,0,0,0,187,1.0,1.0,0.12,0.07,0.0,255,22,0.09,0.06,0.0,1.0,1.0,0.0,1,55328.0
22,1,0,0,0,0,1,0.0,0.0,1.0,0.0,1.0,3,249,1.0,0.0,0.21,0.0,0.0,1.0,0,111530.0
22,9,223,6344,0,1,2,0.0,0.0,1.0,0.0,0.67,45,255,1.0,0.0,0.04,0.0,0.02,0.0,0,79592.0
22,9,233,1075,0,1,4,0.25,0.25,1.0,0.0,0.0,255,241,0.95,0.01,0.0,0.0,0.0,0.0,0,125826.0
22,9,335,2648,0,1,6,0.0,0.0,1.0,0.0,0.0,20,255,1.0,0.0,0.06,0.0,0.0,0.0,0,75001.0
2,5,0,0,0,0,287,1.0,1.0,0.05,0.06,0.0,255,8,0.03,0.07,0.0,1.0,1.0,0.0,1,34007.0
22,9,220,595,0,1,6,0.0,0.0,1.0,0.0,0.09,255,255,1.0,0.0,0.0,0.0,0.0,0.0,0,112372.0
44,9,100,0,0,0,2,0.0,0.0,1.0,0.0,0.0,176,26,0.15,0.01,0.0,0.0,0.0,0.0,1,89753.0
58,9,78,0,0,0,45,0.0,0.0,0.11,0.04,0.0,255,21,0.08,0.01,0.0,0.0,0.0,0.0,0,53549.0
22,9,338,367,0,1,5,0.0,0.0,1.0,0.0,0.43,12,255,1.0,0.0,0.08,0.0,0.01,0.0,0,92049.0
44,5,0,0,0,0,102,1.0,1.0,0.13,0.07,0.0,255,11,0.04,0.08,0.0,1.0,1.0,0.0,1,77698.0
22,9,217,22769,0,1,7,0.0,0.0,1.0,0.0,0.0,33,255,1.0,0.0,0.08,0.0,0.0,0.0,0,88820.0
11,9,45,83,0,0,169,0.0,0.0,1.0,0.0,0.0,255,234,0.92,0.01,0.0,0.0,0.0,0.0,0,69132.0
18,9,536,1664,0,1,1,0.0,0.0,1.0,0.0,0.0,6,2,0.33,0.5,0.0,0.0,0.0,0.5,0,88365.0
14,9,520,0,0,0,203,0.0,0.0,1.0,0.0,0.0,255,255,1.0,0.0,0.0,0.0,0.0,0.0,1,65699.0
22,9,216,421,0,1,4,0.0,0.0,1.0,0.0,0.0,255,255,1.0,0.0,0.0,0.0,0.0,0.0,0,72769.0
40,9,146,105,0,0,1,0.0,0.0,1.0,0.0,0.0,255,1,0.0,0.69,0.0,0.0,0.0,0.0,0,630.0
19,9,12165,0,0,1,153,0.98,0.0,0.02,0.06,0.0,255,8,0.03,0.06,0.0,0.97,0.0,0.0,0,117391.0
44,1,0,0,0,0,297,0.1,0.0,0.0,1.0,0.0,255,1,0.0,1.0,0.0,0.09,0.0,1.0,1,13672.0
22,9,232,5745,0,1,8,0.0,0.0,1.0,0.0,0.0,71,255,1.0,0.0,0.02,0.0,0.0,0.0,0,938.0
22,9,322,3987,0,1,5,0.0,0.0,1.0,0.0,0.0,31,255,1.0,0.0,0.04,0.0,0.01,0.01,0,117798.0
19,9,276,0,0,1,1,0.0,0.0,1.0,0.0,1.0,25,77,0.28,0.16,0.03,0.0,0.0,0.0,0,45543.0
44,5,0,0,0,0,129,1.0,1.0,0.13,0.05,0.0,255,2,0.01,0.09,0.0,1.0,1.0,0.0,1,22245.0
22,9,241,1556,0,1,4,0.0,0.0,1.0,0.0,0.0,34,255,1.0,0.0,0.04,0.0,0.0,0.0,0,1675.0
44,5,0,0,0,0,143,1.0,1.0,0.04,0.06,0.0,255,13,0.05,0.06,0.0,1.0,1.0,0.0,1,90912.0
22,9,215,431,0,1,1,0.0,0.0,1.0,0.0,0.0,70,255,1.0,0.0,0.04,0.0,0.0,0.0,0,101670.0
22,1,0,0,0,0,1,0.0,0.0,1.0,0.0,0.0,3,241,1.0,0.0,0.32,0.0,0.0,1.0,0,47537.0
22,5,0,0,0,0,3,1.0,1.0,1.0,0.0,0.0,255,56,0.22,0.04,0.0,1.0,1.0,0.0,1,107227.0
22,9,332,1505,0,1,5,0.0,0.0,1.0,0.0,0.0,255,255,1.0,0.0,0.0,0.0,0.0,0.0,0,2431.0
44,1,0,0,0,0,137,0.0,0.0,0.11,0.06,0.0,255,9,0.04,0.08,0.0,0.0,0.0,1.0,1,57455.0
44,5,0,0,0,0,261,1.0,1.0,0.02,0.07,0.0,255,4,0.02,0.09,0.0,1.0,1.0,0.0,1,90106.0
49,9,865,333,0,1,1,0.0,0.0,1.0,0.0,1.0,98,153,0.39,0.06,0.01,0.0,0.0,0.0,0,35909.0
13,9,8,0,0,0,1,0.0,0.0,1.0,0.0,1.0,1,33,1.0,0.0,0.52,0.0,0.0,0.0,1,107160.0
22,9,307,2698,0,1,4,0.0,0.0,1.0,0.0,0.0,255,244,0.96,0.02,0.0,0.0,0.0,0.0,0,59079.0
44,1,0,0,0,0,70,0.0,0.0,0.01,1.0,0.0,195,1,0.01,0.42,0.0,0.0,0.0,1.0,1,82391.0
22,9,252,273544,0,1,1,0.0,0.0,1.0,0.0,0.0,255,247,0.97,0.01,0.0,0.0,0.0,0.0,0,5708.0
55,5,0,0,0,0,7,0.86,1.0,0.29,0.57,0.0,255,1,0.0,0.07,0.0,1.0,1.0,0.0,1,83677.0
22,9,157,1374,0,1,1,0.0,0.0,1.0,0.0,0.0,8,255,1.0,0.0,0.04,0.0,0.02,0.0,0,82623.0
2,5,0,0,0,0,126,1.0,1.0,0.15,0.06,0.0,255,19,0.07,0.07,0.0,1.0,1.0,0.0,1,15108.0
22,9,54540,8314,0,1,4,0.0,0.0,1.0,0.0,0.0,150,150,1.0,0.0,0.0,0.0,0.0,0.06,1,55196.0
17,5,0,0,0,0,33,1.0,1.0,0.39,0.06,0.0,75,17,0.17,0.05,0.12,0.97,0.76,0.0,1,16332.0
44,9,28,0,3,0,11,0.0,0.0,1.0,0.0,0.0,255,111,0.44,0.57,0.0,0.09,0.0,0.0,1,69332.0
52,5,0,0,0,0,225,1.0,1.0,0.04,0.06,0.0,255,9,0.04,0.07,0.0,1.0,1.0,0.0,1,51118.0
11,9,45,75,0,0,281,0.0,0.0,1.0,0.0,0.0,255,254,1.0,0.01,0.0,0.0,0.0,0.0,0,96222.0
22,9,367,619,0,1,9,0.0,0.0,1.0,0.0,0.2,255,255,1.0,0.0,0.0,0.0,0.0,0.0,0,36460.0
20,5,0,0,0,0,269,1.0,1.0,0.07,0.06,0.0,255,20,0.08,0.07,0.0,1.0,1.0,0.0,1,36821.0
11,9,44,114,0,0,13,0.0,0.0,0.92,0.15,0.0,255,162,0.64,0.01,0.0,0.0,0.0,0.0,0,119905.0
44,9,28,0,3,0,19,0.0,0.0,1.0,0.0,0.0,222,19,0.09,0.05,0.0,0.02,0.0,0.0,1,33542.0
29,5,0,0,0,0,239,1.0,1.0,0.02,0.07,0.0,255,1,0.0,0.07,0.0,1.0,1.0,0.0,1,1148.0
49,9,1288,330,0,1,1,0.0,0.0,1.0,0.0,0.0,194,245,0.97,0.01,0.01,0.0,0.0,0.0,0,123644.0
44,5,0,0,0,0,257,1.0,1.0,0.05,0.06,0.0,255,14,0.05,0.09,0.0,1.0,1.0,0.0,1,66819.0
22,9,317,1776,0,1,5,0.0,0.0,1.0,0.0,0.0,17,255,1.0,0.0,0.05,0.0,0.01,0.0,0,64133.0
40,9,147,0,0,0,2,0.0,0.0,0.5,1.0,0.0,255,1,0.0,0.59,0.0,0.0,0.0,0.0,0,87096.0
49,9,1361,482,0,1,1,0.0,0.0,1.0,0.0,1.0,255,9,0.04,0.01,0.0,0.0,0.0,0.0,0,62709.0
22,9,341,279,0,1,1,0.0,0.0,1.0,0.0,1.0,255,221,0.87,0.01,0.0,0.0,0.0,0.0,0,100347.0
22,9,325,2762,0,1,7,0.0,0.0,1.0,0.0,0.22,255,255,1.0,0.0,0.0,0.0,0.0,0.0,0,23234.0
56,2,0,0,0,0,202,0.0,0.0,0.01,0.06,0.0,255,2,0.01,0.08,0.0,0.0,0.0,1.0,1,87025.0
44,5,0,0,0,0,290,1.0,1.0,0.04,0.05,0.0,255,12,0.05,0.07,0.0,1.0,1.0,0.0,1,111104.0
17,9,8,362,0,0,1,0.0,0.0,1.0,0.0,0.0,1,8,1.0,0.0,0.38,0.0,0.0,0.0,0,36486.0
25,5,0,0,0,0,228,1.0,1.0,0.06,0.07,0.0,255,20,0.08,0.06,0.0,1.0,1.0,0.0,1,53227.0
22,1,0,0,0,0,2,0.0,0.0,1.0,0.0,0.67,9,255,1.0,0.0,0.09,0.0,0.0,0.87,0,59986.0
58,9,183,0,0,0,7,0.0,0.0,0.86,0.29,0.0,255,46,0.18,0.01,0.0,0.0,0.0,0.0,0,72245.0
13,9,30,0,0,0,3,0.0,0.0,0.33,1.0,0.0,255,3,0.01,0.01,0.0,0.0,0.0,0.0,0,98279.0
44,1,0,0,0,0,86,0.0,0.0,0.14,0.06,0.0,255,12,0.05,0.06,0.0,0.0,0.0,1.0,1,52060.0
22,9,339,3932,0,1,19,0.0,0.0,1.0,0.0,0.0,255,255,1.0,0.0,0.0,0.0,0.0,0.0,0,65652.0
22,1,0,0,0,0,1,0.0,0.0,1.0,0.0,0.67,101,255,1.0,0.0,0.03,0.0,0.01,0.11,0,29435.0
62,5,0,0,0,0,221,1.0,1.0,0.09,0.06,0.0,255,18,0.07,0.08,0.0,1.0,1.0,0.0,1,40349.0
44,5,0,0,0,0,252,1.0,1.0,0.06,0.06,0.0,255,18,0.07,0.08,0.0,1.0,1.0,0.0,1,88927.0
17,5,0,0,0,0,61,1.0,1.0,0.25,0.07,0.0,255,56,0.22,0.03,0.0,1.0,1.0,0.0,1,14068.0
56,5,0,0,0,0,298,1.0,1.0,0.06,0.06,0.0,255,19,0.07,0.06,0.0,1.0,1.0,0.0,1,76124.0
3,5,0,0,0,0,297,1.0,1.0,0.07,0.05,0.0,255,4,0.02,0.07,0.0,1.0,1.0,0.0,1,34994.0
22,9,179,14789,0,1,1,0.0,0.0,1.0,0.0,0.0,3,255,1.0,0.0,0.06,0.0,0.0,0.0,0,54964.0
19,1,0,0,0,0,1,0.0,0.0,1.0,0.0,0.0,1,29,1.0,0.0,0.1,0.0,0.0,0.07,0,57963.0
11,9,43,131,0,0,40,0.0,0.0,1.0,0.0,0.02,255,232,0.91,0.02,0.0,0.0,0.0,0.0,0,124293.0
62,5,0,0,0,0,203,1.0,1.0,0.0,0.06,0.0,255,1,0.0,0.06,0.0,1.0,1.0,0.0,1,104553.0
22,9,158,5903,0,1,4,0.0,0.0,1.0,0.0,0.0,36,255,1.0,0.0,0.05,0.0,0.0,0.0,0,89723.0
40,9,147,0,0,0,5,0.2,0.0,0.2,0.6,0.0,255,1,0.0,0.08,0.0,0.0,0.0,0.0,0,39860.0
60,5,0,0,0,0,218,1.0,1.0,0.0,0.07,0.0,255,1,0.0,0.08,0.0,1.0,1.0,0.0,1,114683.0
49,9,2121,445,0,1,1,0.0,0.0,1.0,0.0,0.0,255,22,0.09,0.07,0.0,0.0,0.0,0.0,0,86372.0
40,9,147,0,0,0,5,0.0,0.0,0.2,0.6,0.0,255,1,0.0,0.1,0.0,0.0,0.0,0.0,0,92726.0
4,5,0,0,0,0,271,1.0,1.0,0.02,0.05,0.0,255,6,0.02,0.05,0.0,1.0,1.0,0.0,1,13040.0
9,5,0,0,0,0,97,1.0,1.0,0.01,0.08,0.0,255,1,0.0,0.07,0.0,1.0,1.0,0.0,1,51486.0
44,5,0,0,0,0,207,1.0,1.0,0.02,0.06,0.0,255,6,0.02,0.09,0.0,1.0,1.0,0.0,1,112416.0
20,1,0,0,0,0,510,0.13,0.0,0.0,1.0,0.0,255,1,0.0,1.0,0.0,0.07,0.0,1.0,1,21320.0
56,2,0,0,0,0,263,0.0,0.0,0.03,0.06,0.0,255,7,0.03,0.08,0.0,0.0,0.0,1.0,1,13979.0
22,9,223,1214,0,1,8,0.0,0.0,1.0,0.0,0.08,255,255,1.0,0.0,0.0,0.0,0.0,0.0,0,73284.0
22,9,339,458,0,1,32,0.0,0.0,1.0,0.0,0.08,255,255,1.0,0.0,0.0,0.0,0.0,0.0,0,19708.0
22,1,0,0,0,0,1,0.0,0.0,1.0,0.0,0.0,217,182,0.84,0.02,0.0,0.0,0.0,1.0,0,47334.0
55,5,0,0,0,0,236,1.0,1.0,0.03,0.06,0.0,255,6,0.02,0.07,0.0,1.0,1.0,0.0,1,45169.0
22,9,310,2288,0,1,14,0.0,0.0,1.0,0.0,0.08,170,255,1.0,0.0,0.05,0.0,0.0,0.0,0,70604.0
44,5,0,0,0,0,110,1.0,1.0,0.14,0.06,0.0,255,16,0.06,0.07,0.0,1.0,1.0,0.0,1,21989.0
9,2,0,0,0,0,118,0.0,0.0,0.03,0.07,0.0,255,3,0.01,0.07,0.0,0.0,0.0,1.0,1,11446.0
51,1,0,0,0,0,118,0.0,0.0,0.07,0.08,0.0,255,8,0.03,0.07,0.0,0.0,0.0,1.0,1,122691.0
11,9,43,125,0,0,74,0.0,0.0,1.0,0.0,0.01,255,255,1.0,0.0,0.0,0.0,0.0,0.0,0,2182.0
44,5,0,0,0,0,159,1.0,1.0,0.04,0.05,0.0,255,6,0.02,0.05,0.0,1.0,1.0,0.0,1,36818.0
8,2,0,0,0,0,280,0.0,0.0,0.04,0.06,0.0,255,11,0.04,0.06,0.0,0.0,0.0,1.0,1,107077.0
49,5,0,0,0,0,201,1.0,1.0,0.0,0.06,0.0,255,1,0.0,0.08,0.0,1.0,1.0,0.0,1,94897.0
22,9,252,14445,0,1,1,0.0,0.0,1.0,0.0,0.0,255,255,1.0,0.0,0.0,0.0,0.0,0.0,0,18939.0
13,9,8,0,0,0,1,0.0,0.0,1.0,0.0,1.0,2,118,1.0,0.0,0.25,0.0,0.0,0.0,1,90268.0
22,9,288,788,0,1,7,0.0,0.0,1.0,0.0,0.14,13,255,1.0,0.0,0.01,0.0,0.0,0.0,0,124299.0
11,9,44,127,0,0,72,0.0,0.0,1.0,0.0,0.01,255,254,1.0,0.01,0.0,0.0,0.0,0.0,0,55457.0
11,9,46,84,0,0,299,0.0,0.0,1.0,0.0,0.0,255,215,0.84,0.01,0.0,0.0,0.0,0.0,0,8300.0
18,9,231,770,0,1,1,0.0,0.0,1.0,0.0,0.0,104,13,0.12,0.68,0.15,0.0,0.0,0.15,0,117063.0
39,9,48,48,0,0,1,0.0,0.0,1.0,0.0,0.0,54,30,0.56,0.04,0.0,0.0,0.0,0.0,0,6184.0
22,9,316,4704,0,1,1,0.0,0.0,1.0,0.0,1.0,7,255,1.0,0.0,0.07,0.0,0.0,0.0,0,9649.0
49,9,756,330,0,1,1,0.0,0.0,1.0,0.0,1.0,135,164,0.61,0.05,0.01,0.0,0.0,0.0,0,104042.0
22,9,252,9967,0,1,7,0.0,0.0,1.0,0.0,0.29,42,255,1.0,0.0,0.03,0.0,0.0,0.0,0,114112.0
22,9,290,4171,0,1,13,0.0,0.0,1.0,0.0,0.0,167,255,1.0,0.0,0.02,0.0,0.0,0.0,0,114012.0
9,2,0,0,0,0,125,0.0,0.0,0.08,0.06,0.0,255,10,0.04,0.07,0.0,0.0,0.0,1.0,1,58249.0
13,9,8,0,0,0,1,0.0,0.0,1.0,0.0,1.0,3,41,1.0,0.0,0.27,0.0,0.0,0.0,1,20426.0
56,5,0,0,0,0,251,1.0,1.0,0.01,0.07,0.0,255,2,0.01,0.07,0.0,1.0,1.0,0.0,1,74369.0
11,9,45,80,0,0,261,0.0,0.0,1.0,0.0,0.0,255,254,1.0,0.01,0.0,0.0,0.0,0.0,0,123966.0
11,9,44,130,0,0,267,0.0,0.0,1.0,0.0,0.0,255,251,0.98,0.01,0.0,0.0,0.0,0.0,0,17582.0
22,9,262,128,0,1,1,0.0,0.0,1.0,0.0,0.0,2,255,1.0,0.0,0.04,0.0,0.0,0.0,0,95689.0
44,5,0,0,0,0,87,1.0,1.0,0.2,0.06,0.0,255,2,0.01,0.07,0.0,1.0,1.0,0.0,1,40190.0
50,5,0,0,0,0,125,1.0,1.0,0.19,0.05,0.0,255,24,0.09,0.05,0.0,1.0,1.0,0.0,1,92164.0
44,1,0,0,0,0,22,0.0,0.0,0.73,0.14,0.0,255,16,0.06,0.07,0.0,0.0,0.0,1.0,1,6380.0
34,1,0,0,0,0,247,0.0,0.0,0.08,0.06,0.0,255,20,0.08,0.07,0.0,0.0,0.0,1.0,1,49003.0
7,5,0,0,0,0,239,1.0,1.0,0.01,0.07,0.0,255,3,0.01,0.07,0.0,1.0,1.0,0.0,1,124176.0
22,9,283,39296,0,1,4,0.0,0.0,1.0,0.0,0.0,4,255,1.0,0.0,0.05,0.0,0.0,0.0,0,88761.0
22,9,225,1364,0,1,22,0.0,0.0,1.0,0.0,0.0,23,255,1.0,0.0,0.01,0.0,0.0,0.01,0,23588.0
44,0,0,0,0,0,1,0.0,0.0,1.0,0.0,0.0,255,1,0.0,1.0,0.0,0.0,0.0,0.0,1,98291.0
3,5,0,0,0,0,294,1.0,1.0,0.09,0.05,0.0,255,25,0.1,0.05,0.0,1.0,1.0,0.0,1,85530.0
39,9,48,48,0,0,1,0.0,0.0,1.0,0.0,0.0,58,10,0.17,0.05,0.0,0.0,0.0,0.0,0,81124.0
19,5,0,0,0,0,41,1.0,1.0,0.27,0.1,0.0,255,28,0.11,0.05,0.0,1.0,1.0,0.0,1,37402.0
22,9,281,10373,0,1,6,0.0,0.0,1.0,0.0,0.0,16,255,1.0,0.0,0.01,0.0,0.0,0.0,0,93653.0
22,9,240,406,0,1,39,0.0,0.0,1.0,0.0,0.0,107,255,1.0,0.0,0.01,0.0,0.0,0.0,0,110325.0
55,6,320,122055,0,1,1,1.0,1.0,1.0,0.0,0.0,220,35,0.16,0.02,0.0,0.0,0.03,0.0,0,118883.0
22,1,0,0,0,0,1,0.0,0.0,1.0,0.0,1.0,27,249,1.0,0.0,0.1,0.0,0.0,0.96,0,37742.0
25,1,0,0,0,0,239,0.0,0.0,0.03,0.07,0.0,255,6,0.02,0.07,0.0,0.0,0.0,1.0,1,47553.0
44,9,1,0,0,0,4,0.0,0.0,1.0,0.0,0.0,72,4,0.06,0.07,0.0,0.0,0.0,0.0,1,84258.0
22,9,200,2952,0,1,11,0.0,0.0,1.0,0.0,0.12,43,255,1.0,0.0,0.03,0.0,0.0,0.0,0,78506.0
19,5,0,0,0,0,261,1.0,1.0,0.01,0.06,0.0,255,20,0.08,0.09,0.0,1.0,1.0,0.0,1,55790.0
44,9,1,0,0,0,138,0.0,0.0,0.73,0.04,0.0,255,146,0.57,0.05,0.0,0.0,0.0,0.0,1,72444.0
40,4,1,0,0,0,2,0.0,0.0,1.0,0.0,0.0,255,2,0.01,0.73,0.0,0.0,0.0,1.0,1,93745.0
44,5,0,0,0,0,253,1.0,1.0,0.01,0.06,0.0,255,18,0.07,0.06,0.0,1.0,1.0,0.0,1,68288.0
18,9,332,1063,0,1,1,0.0,0.0,1.0,0.0,0.0,160,41,0.26,0.03,0.0,0.0,0.0,0.02,0,102846.0
10,5,0,0,0,0,125,1.0,1.0,0.03,0.06,0.0,255,3,0.01,0.07,0.0,1.0,1.0,0.0,1,45094.0
44,5,0,0,0,0,294,1.0,1.0,0.07,0.06,0.0,255,10,0.04,0.07,0.0,1.0,1.0,0.0,1,13274.0
44,5,0,0,0,0,272,1.0,1.0,0.03,0.06,0.0,255,9,0.04,0.08,0.0,1.0,1.0,0.0,1,89014.0
44,5,0,0,0,0,136,1.0,1.0,0.13,0.05,0.0,255,34,0.13,0.05,0.0,1.0,1.0,0.0,1,121261.0
22,9,313,369,0,1,20,0.0,0.0,1.0,0.0,0.1,255,255,1.0,0.0,0.0,0.0,0.0,0.0,0,93172.0
44,5,0,0,0,0,204,1.0,1.0,0.02,0.06,0.0,255,10,0.04,0.06,0.0,1.0,1.0,0.0,1,74090.0
55,5,0,0,0,0,44,0.98,1.0,0.23,0.11,0.0,255,30,0.12,0.05,0.0,1.0,1.0,0.0,1,45231.0
61,5,0,0,0,0,226,1.0,1.0,0.02,0.07,0.0,255,4,0.02,0.07,0.0,1.0,1.0,0.0,1,54635.0
22,9,305,1509,0,1,5,0.0,0.0,1.0,0.0,0.0,90,255,1.0,0.0,0.01,0.0,0.0,0.0,0,35402.0
22,9,210,5756,0,1,5,0.0,0.0,1.0,0.0,0.38,55,255,1.0,0.0,0.02,0.02,0.01,0.0,0,22146.0
23,1,0,0,0,0,103,0.0,0.0,0.01,0.09,0.0,255,1,0.0,0.07,0.0,0.0,0.0,1.0,1,60322.0
13,9,8,0,0,0,1,0.0,0.0,1.0,0.0,1.0,1,83,1.0,0.0,0.51,0.0,0.0,0.0,1,101557.0
22,9,226,626,0,1,36,0.0,0.0,1.0,0.0,0.1,145,255,1.0,0.0,0.02,0.01,0.0,0.0,0,46308.0
11,9,43,109,0,0,66,0.0,0.0,1.0,0.0,0.01,124,223,0.89,0.02,0.01,0.0,0.0,0.0,0,93587.0
62,5,0,0,0,0,148,1.0,1.0,0.08,0.07,0.0,255,12,0.05,0.07,0.0,1.0,1.0,0.0,1,11619.0
44,5,0,0,0,0,120,1.0,1.0,0.08,0.07,0.0,229,9,0.04,0.07,0.0,1.0,1.0,0.0,1,60262.0
17,5,0,0,0,0,48,1.0,1.0,0.23,0.08,0.0,255,54,0.21,0.04,0.0,1.0,1.0,0.0,1,106428.0
22,9,189,31876,0,1,1,0.0,0.0,1.0,0.0,0.0,25,255,1.0,0.0,0.03,0.0,0.0,0.0,0,2046.0
49,9,2101,331,0,1,1,0.0,0.0,1.0,0.0,0.0,158,125,0.79,0.03,0.0,0.0,0.0,0.0,0,84883.0
22,9,297,5260,0,1,12,0.0,0.0,1.0,0.0,0.0,13,255,1.0,0.0,0.01,0.0,0.0,0.0,0,56055.0
44,5,0,0,0,0,133,1.0,1.0,0.1,0.05,0.0,255,9,0.04,0.08,0.0,1.0,1.0,0.0,1,107530.0
24,5,0,0,0,0,274,1.0,1.0,0.05,0.06,0.0,255,14,0.05,0.06,0.0,1.0,1.0,0.0,1,63637.0
44,9,105,145,0,0,2,0.0,0.0,1.0,0.0,0.0,255,224,0.88,0.01,0.0,0.0,0.0,0.0,0,121373.0
44,9,105,145,0,0,4,0.0,0.0,0.25,0.5,0.0,255,228,0.89,0.01,0.0,0.0,0.0,0.0,0,111736.0
22,9,193,1643,0,1,1,0.0,0.0,1.0,0.0,0.17,39,255,1.0,0.0,0.02,0.0,0.0,0.0,0,34917.0
40,9,146,105,0,0,4,0.0,0.0,0.5,0.5,0.0,255,2,0.01,0.83,0.0,0.0,0.0,0.0,0,62118.0
11,9,43,43,0,0,155,0.0,0.0,1.0,0.0,0.0,255,249,0.98,0.01,0.0,0.0,0.0,0.0,0,62822.0
29,5,0,0,0,0,238,1.0,1.0,0.05,0.06,0.0,255,11,0.04,0.07,0.0,1.0,1.0,0.0,1,10233.0
60,1,0,0,0,0,273,0.0,0.0,0.04,0.06,0.0,255,12,0.05,0.08,0.0,0.0,0.0,1.0,1,14384.0
22,9,228,2006,0,1,20,0.0,0.0,1.0,0.0,0.06,255,255,1.0,0.0,0.0,0.0,0.0,0.0,0,81722.0
55,2,3370,216495,0,0,1,0.0,0.0,1.0,0.0,0.0,58,17,0.29,0.1,0.0,0.02,0.06,0.24,0,37931.0
11,9,45,150,0,0,31,0.0,0.0,1.0,0.0,0.02,255,255,1.0,0.0,0.0,0.0,0.0,0.0,0,78674.0
11,9,44,71,0,0,278,0.0,0.0,1.0,0.0,0.0,255,254,1.0,0.01,0.0,0.0,0.0,0.0,0,47075.0
40,9,147,105,0,0,6,0.0,0.0,0.33,0.5,0.0,255,2,0.01,0.48,0.0,0.0,0.0,0.0,0,86722.0
22,9,210,2606,0,1,15,0.0,0.0,1.0,0.0,0.12,255,255,1.0,0.0,0.0,0.0,0.0,0.0,0,76660.0
40,1,0,0,0,0,509,0.1,0.0,0.0,1.0,0.0,255,1,0.0,1.0,0.0,0.11,0.0,1.0,1,26209.0
44,5,0,0,0,0,244,1.0,1.0,0.09,0.05,0.0,255,22,0.09,0.06,0.0,1.0,1.0,0.0,1,104473.0
11,9,44,127,0,0,103,0.0,0.0,1.0,0.0,0.02,255,255,1.0,0.0,0.0,0.0,0.0,0.0,0,107394.0
44,9,1,0,0,0,9,0.0,0.0,0.22,0.22,0.0,255,30,0.12,0.56,0.0,0.16,0.0,0.0,1,63792.0
44,9,1,0,0,0,26,0.0,0.0,0.08,0.27,0.0,255,2,0.01,0.29,0.0,0.0,0.0,0.0,1,37287.0
55,9,237,1540,0,1,1,0.0,0.0,1.0,0.0,0.0,255,47,0.18,0.02,0.0,0.22,0.32,0.0,0,64331.0
59,2,0,0,0,0,129,0.0,0.0,0.07,0.06,0.0,255,9,0.04,0.07,0.0,0.0,0.0,1.0,1,10750.0
22,9,303,310,0,1,4,0.0,0.0,1.0,0.0,0.0,176,255,1.0,0.0,0.02,0.0,0.0,0.0,0,39950.0
22,9,228,1697,0,1,15,0.0,0.0,1.0,0.0,0.14,22,255,1.0,0.0,0.04,0.0,0.0,0.0,0,34545.0
15,5,0,0,0,0,100,1.0,1.0,0.1,0.06,0.0,255,10,0.04,0.06,0.0,1.0,1.0,0.0,1,90735.0
60,1,0,0,0,0,256,0.0,0.0,0.01,0.06,0.0,255,3,0.01,0.08,0.0,0.0,0.0,1.0,1,58376.0
59,5,0,0,0,0,105,1.0,1.0,0.05,0.07,0.0,255,19,0.07,0.05,0.0,1.0,1.0,0.0,1,27849.0
13,9,8,0,0,0,1,0.0,0.0,1.0,0.0,1.0,1,65,1.0,0.0,0.26,0.0,0.0,0.0,1,10812.0
4,1,0,0,0,0,204,0.0,0.0,0.01,0.07,0.0,255,2,0.01,0.08,0.0,0.0,0.0,1.0,1,97823.0
22,9,210,2445,0,1,20,0.0,0.0,1.0,0.0,0.0,255,255,1.0,0.0,0.0,0.0,0.0,0.0,0,85410.0
40,1,0,0,0,0,511,0.08,0.0,0.0,1.0,0.0,255,1,0.0,1.0,0.0,0.03,0.0,1.0,1,64816.0
49,9,766,338,0,1,1,0.0,0.0,1.0,0.0,0.0,207,124,0.52,0.02,0.02,0.0,0.0,0.0,0,82629.0
44,5,0,0,0,0,236,1.0,1.0,0.06,0.05,0.0,255,15,0.06,0.05,0.0,1.0,1.0,0.0,1,48365.0
44,5,0,0,0,0,270,1.0,1.0,0.05,0.06,0.0,255,9,0.04,0.09,0.0,1.0,1.0,0.0,1,100480.0
56,9,0,4,0,0,1,0.0,0.0,1.0,0.0,0.0,18,18,1.0,0.0,0.0,0.0,0.0,0.0,0,34344.0
11,9,44,85,0,0,67,0.0,0.0,1.0,0.0,0.01,255,254,1.0,0.01,0.0,0.0,0.0,0.0,0,93027.0
22,9,222,2251,0,1,29,0.0,0.0,1.0,0.0,0.08,212,255,1.0,0.0,0.01,0.0,0.0,0.0,0,80427.0
22,9,225,294,0,1,7,0.0,0.0,1.0,0.0,0.0,255,255,1.0,0.0,0.0,0.0,0.0,0.0,0,108952.0
14,9,1032,0,0,0,214,0.0,0.0,1.0,0.0,0.0,255,214,0.84,0.01,0.0,0.0,0.0,0.0,1,98157.0
22,9,294,5875,0,1,2,0.0,0.0,1.0,0.0,0.2,2,242,1.0,0.0,0.04,0.0,0.0,0.0,0,65560.0
22,9,225,398,0,1,3,0.0,0.0,1.0,0.0,0.5,255,255,1.0,0.0,0.0,0.0,0.0,0.0,0,61716.0
22,9,218,301,0,1,9,0.0,0.0,1.0,0.0,0.0,33,255,1.0,0.0,0.02,0.03,0.0,0.0,0,58027.0
42,5,0,0,0,0,21,1.0,1.0,0.05,0.19,0.0,255,21,0.08,0.07,0.0,1.0,1.0,0.0,1,49976.0
2,5,0,0,0,0,233,1.0,1.0,0.11,0.06,0.0,255,25,0.1,0.06,0.0,1.0,1.0,0.0,1,96986.0
5,5,0,0,0,0,130,1.0,1.0,0.16,0.05,0.0,255,21,0.08,0.05,0.0,1.0,1.0,0.0,1,110959.0
22,9,280,2446,0,1,10,0.0,0.0,1.0,0.0,0.18,255,255,1.0,0.0,0.0,0.0,0.0,0.0,0,111236.0
22,9,338,2815,0,1,8,0.0,0.0,1.0,0.0,0.27,255,255,1.0,0.0,0.0,0.0,0.0,0.0,0,54093.0
19,9,641,0,0,1,2,0.0,0.0,1.0,0.0,0.67,76,71,0.49,0.07,0.03,0.0,0.0,0.0,0,24140.0
22,9,202,274,0,1,24,0.0,0.0,1.0,0.0,0.0,209,255,1.0,0.0,0.02,0.0,0.0,0.0,0,100328.0
22,9,54540,8314,0,1,3,0.0,0.0,1.0,0.0,0.5,31,31,1.0,0.0,0.0,0.0,0.0,0.0,1,69226.0
44,5,0,0,0,0,118,1.0,1.0,0.03,0.07,0.0,255,3,0.01,0.08,0.0,1.0,1.0,0.0,1,52371.0
40,9,147,105,0,0,2,0.0,0.0,1.0,0.0,0.0,255,2,0.01,0.56,0.0,0.0,0.0,0.0,0,46795.0
11,9,46,46,0,0,4,0.0,0.0,0.25,0.5,0.5,88,85,0.97,0.02,0.0,0.0,0.0,0.0,0,65182.0
55,6,199,1341,0,1,1,1.0,1.0,1.0,0.0,0.0,87,8,0.09,0.06,0.0,0.01,0.12,0.0,0,35063.0
22,9,274,535,0,1,1,0.0,0.0,1.0,0.0,0.14,12,255,1.0,0.0,0.06,0.0,0.0,0.0,0,88693.0
16,2,0,0,0,0,131,0.0,0.0,0.13,0.06,0.0,255,17,0.07,0.06,0.0,0.0,0.0,1.0,1,48852.0
19,9,334,0,0,1,1,0.0,0.0,1.0,0.0,0.0,10,18,1.0,0.0,0.11,0.0,0.0,0.0,1,25940.0
22,9,221,642,0,1,29,0.0,0.0,1.0,0.0,0.07,255,255,1.0,0.0,0.0,0.0,0.0,0.0,0,24942.0
44,5,0,0,0,0,179,1.0,1.0,0.02,0.06,0.0,255,18,0.07,0.07,0.0,1.0,1.0,0.0,1,1844.0
44,5,0,0,0,0,73,1.0,1.0,0.21,0.05,0.0,255,4,0.02,0.06,0.0,1.0,1.0,0.0,1,30568.0
44,5,0,0,0,0,245,1.0,1.0,0.01,0.06,0.0,255,20,0.08,0.07,0.0,1.0,1.0,0.0,1,60621.0
22,9,251,1751,0,1,16,0.0,0.0,1.0,0.0,0.0,255,255,1.0,0.0,0.0,0.0,0.0,0.0,0,103055.0
40,1,0,0,0,0,511,0.09,0.0,0.0,1.0,0.0,255,1,0.0,1.0,0.0,0.11,0.0,1.0,1,66615.0
44,9,28,0,3,0,5,0.0,0.0,1.0,0.0,0.0,255,105,0.41,0.59,0.0,0.09,0.0,0.0,1,85809.0
22,9,148,8009,0,1,1,0.0,0.0,1.0,0.0,0.0,98,255,1.0,0.0,0.02,0.0,0.0,0.0,0,85359.0
22,9,265,695,0,1,23,0.0,0.0,1.0,0.0,0.0,255,255,1.0,0.0,0.0,0.0,0.0,0.0,0,60126.0
55,5,0,0,0,0,4,1.0,1.0,0.25,0.75,0.0,255,63,0.25,0.02,0.0,1.0,1.0,0.0,1,13280.0
22,9,164,2299,0,1,1,0.0,0.0,1.0,0.0,0.0,4,255,1.0,0.0,0.05,0.0,0.0,0.0,0,54376.0
22,9,253,4425,0,1,7,0.0,0.0,1.0,0.0,0.25,255,255,1.0,0.0,0.0,0.0,0.0,0.0,0,120136.0
22,5,0,0,0,0,18,0.94,1.0,0.94,0.11,0.0,255,55,0.22,0.04,0.0,1.0,1.0,0.0,1,74501.0
22,1,0,0,0,0,1,0.0,0.0,1.0,0.0,0.0,2,246,1.0,0.0,0.2,0.0,0.0,0.99,0,103470.0
22,9,171,409,0,1,3,0.0,0.0,1.0,0.0,0.0,85,255,1.0,0.0,0.01,0.0,0.0,0.0,0,16083.0
44,5,0,0,0,0,108,1.0,1.0,0.02,0.07,0.0,106,2,0.02,0.09,0.0,1.0,1.0,0.0,1,110733.0
25,5,0,0,0,0,266,1.0,1.0,0.04,0.05,0.0,255,11,0.04,0.05,0.0,1.0,1.0,0.0,1,33764.0
44,4,1,0,0,0,2,0.0,0.0,1.0,0.0,0.0,255,2,0.01,0.82,0.0,0.0,0.0,1.0,1,13413.0
14,9,520,0,0,0,150,0.0,0.0,1.0,0.0,0.0,255,255,1.0,0.0,0.0,0.0,0.0,0.0,1,53825.0
55,5,0,0,0,0,17,1.0,1.0,1.0,0.0,0.0,19,19,1.0,0.0,0.0,0.89,0.89,0.0,1,104690.0
22,9,310,290,0,1,33,0.0,0.0,1.0,0.0,0.09,255,255,1.0,0.0,0.0,0.0,0.0,0.0,0,80910.0
11,9,46,112,0,0,170,0.0,0.0,1.0,0.0,0.0,95,56,0.59,0.03,0.0,0.0,0.0,0.0,0,66781.0
44,1,0,0,0,0,223,0.0,0.0,0.07,0.07,0.0,255,15,0.06,0.07,0.0,0.0,0.0,1.0,1,101505.0
22,9,195,4648,0,1,19,0.0,0.0,1.0,0.0,0.1,21,255,1.0,0.0,0.02,0.0,0.0,0.0,0,60075.0
44,1,0,0,0,0,105,0.0,0.0,0.12,0.08,0.0,255,2,0.01,0.08,0.0,0.0,0.0,1.0,1,90406.0
19,9,13239,0,0,0,7,0.0,0.0,1.0,0.0,0.0,7,93,1.0,0.0,0.02,0.0,0.0,0.0,0,125568.0
22,9,297,2184,0,1,45,0.0,0.0,1.0,0.0,0.0,45,255,1.0,0.0,0.02,0.0,0.0,0.0,0,96539.0
13,9,8,0,0,0,1,0.0,0.0,1.0,0.0,1.0,2,122,1.0,0.0,0.25,0.0,0.0,0.0,1,107271.0
19,9,245,0,0,1,3,0.0,0.0,0.67,0.67,0.0,104,11,0.11,0.07,0.0,0.0,0.0,0.0,0,60482.0
22,9,287,3421,0,1,2,0.0,0.0,1.0,0.0,0.0,28,255,1.0,0.0,0.03,0.0,0.0,0.0,0,115729.0
13,9,8,0,0,0,1,0.0,0.0,1.0,0.0,1.0,4,88,1.0,0.0,0.25,0.0,0.0,0.0,1,17481.0
44,5,0,0,0,0,137,1.0,1.0,0.06,0.06,0.0,255,14,0.05,0.06,0.0,1.0,1.0,0.0,1,124641.0
22,9,451,4308,0,1,12,0.0,0.0,1.0,0.0,0.0,161,255,1.0,0.0,0.03,0.0,0.0,0.0,0,83849.0
44,5,0,0,0,0,102,1.0,1.0,0.16,0.06,0.0,255,14,0.05,0.06,0.0,1.0,1.0,0.0,1,27040.0
11,9,46,130,0,0,80,0.0,0.0,1.0,0.0,0.01,255,255,1.0,0.0,0.0,0.0,0.0,0.0,0,91708.0
59,5,0,0,0,0,148,1.0,1.0,0.12,0.06,0.0,255,18,0.07,0.07,0.0,1.0,1.0,0.0,1,114226.0
44,1,0,0,0,0,1,0.0,0.0,1.0,0.0,0.0,255,1,0.0,1.0,0.0,0.07,0.0,1.0,1,85553.0
19,5,0,0,0,0,264,1.0,1.0,0.08,0.05,0.0,255,22,0.09,0.05,0.0,1.0,1.0,0.0,1,7761.0
49,9,2839,333,0,1,1,0.0,0.0,1.0,0.0,0.0,101,176,0.77,0.03,0.01,0.0,0.0,0.0,0,113779.0
8,2,0,0,0,0,282,0.0,0.0,0.04,0.06,0.0,255,12,0.05,0.07,0.0,0.0,0.0,1.0,1,50593.0
55,5,0,0,0,0,21,1.0,1.0,0.05,0.19,0.0,255,1,0.0,0.08,0.0,1.0,1.0,0.0,1,103071.0
22,9,222,1165,0,1,5,0.0,0.0,1.0,0.0,0.0,255,255,1.0,0.0,0.0,0.0,0.0,0.0,0,40072.0
13,9,8,0,0,0,1,0.0,0.0,1.0,0.0,1.0,3,255,1.0,0.0,0.25,0.0,0.0,0.0,1,34351.0
19,9,748,0,0,0,1,0.0,0.0,1.0,0.0,0.0,226,38,0.13,0.01,0.05,0.0,0.0,0.0,0,108883.0
22,9,281,1695,0,1,4,0.0,0.0,1.0,0.0,0.27,18,255,1.0,0.0,0.07,0.0,0.0,0.0,0,55380.0
19,9,641,0,0,0,2,0.0,0.0,1.0,0.0,0.0,255,108,0.42,0.03,0.0,0.0,0.0,0.0,0,12667.0
22,9,327,303,0,1,12,0.0,0.0,1.0,0.0,0.1,255,255,1.0,0.0,0.0,0.0,0.0,0.0,0,93674.0
61,5,0,0,0,0,266,1.0,1.0,0.02,0.06,0.0,255,15,0.06,0.06,0.0,1.0,1.0,0.0,1,32606.0
49,9,3873,337,0,1,1,0.0,0.0,1.0,0.0,0.0,153,156,0.83,0.03,0.01,0.0,0.0,0.0,0,23120.0
13,9,8,0,0,0,1,0.0,0.0,1.0,0.0,0.0,1,15,1.0,0.0,0.53,0.0,0.0,0.0,1,107515.0
13,9,18,0,0,0,1,0.0,0.0,1.0,0.0,0.0,1,125,1.0,0.0,1.0,0.0,0.0,0.0,1,124187.0
19,5,0,0,0,0,54,1.0,1.0,0.24,0.07,0.0,255,67,0.26,0.02,0.0,1.0,1.0,0.0,1,87258.0
22,9,260,7562,0,1,8,0.0,0.0,1.0,0.0,0.16,118,255,1.0,0.0,0.01,0.0,0.0,0.0,0,60734.0
22,9,224,2727,0,1,9,0.0,0.0,1.0,0.0,0.18,9,255,1.0,0.0,0.02,0.0,0.0,0.0,0,67849.0
9,5,0,0,0,0,264,1.0,1.0,0.08,0.06,0.0,255,20,0.08,0.07,0.0,1.0,1.0,0.0,1,65743.0
22,9,299,377,0,1,9,0.0,0.0,1.0,0.0,0.0,36,255,1.0,0.0,0.04,0.0,0.0,0.0,0,84603.0
40,1,0,0,0,0,511,0.02,0.0,0.0,1.0,0.0,255,1,0.0,1.0,0.0,0.03,0.0,1.0,1,101623.0
22,9,233,1918,0,1,11,0.0,0.0,1.0,0.0,0.1,220,255,1.0,0.0,0.01,0.0,0.0,0.0,0,115376.0
32,1,0,0,0,0,102,0.0,0.0,0.19,0.07,0.0,255,13,0.05,0.07,0.0,0.0,0.0,1.0,1,68231.0
12,5,0,0,0,0,291,1.0,1.0,0.05,0.05,0.0,255,16,0.06,0.08,0.0,1.0,1.0,0.0,1,38450.0
44,5,0,0,0,0,116,1.0,1.0,0.14,0.06,0.0,255,36,0.14,0.06,0.0,1.0,1.0,0.0,1,88078.0
22,9,299,3200,0,1,14,0.0,0.0,1.0,0.0,0.0,255,255,1.0,0.0,0.0,0.0,0.0,0.0,0,37347.0
8,5,0,0,0,0,254,1.0,1.0,0.02,0.07,0.0,255,6,0.02,0.07,0.0,1.0,1.0,0.0,1,35664.0
19,9,641,0,0,0,1,0.0,0.0,1.0,0.0,0.0,68,33,0.16,0.06,0.06,0.0,0.0,0.0,0,9397.0
22,9,238,2094,0,1,3,0.0,0.0,1.0,0.0,0.5,31,255,1.0,0.0,0.03,0.0,0.0,0.0,0,27402.0
9,5,0,0,0,0,265,1.0,1.0,0.02,0.06,0.0,255,4,0.02,0.07,0.0,1.0,1.0,0.0,1,122993.0
56,5,0,0,0,0,266,1.0,1.0,0.02,0.06,0.0,255,6,0.02,0.07,0.0,1.0,1.0,0.0,1,13091.0
13,9,18,0,0,0,1,0.0,0.0,1.0,0.0,0.0,2,254,1.0,0.0,0.25,0.0,0.0,0.0,1,72215.0
14,9,1480,0,1,0,2,0.0,0.0,1.0,0.0,0.5,2,20,1.0,0.0,0.5,0.0,0.0,0.0,1,33638.0
22,9,266,1288,0,1,5,0.0,0.0,1.0,0.0,0.0,113,255,1.0,0.0,0.02,0.0,0.0,0.0,0,52318.0
22,9,217,933,0,1,9,0.0,0.0,1.0,0.0,0.2,255,255,1.0,0.0,0.0,0.0,0.0,0.0,0,44222.0
2,5,0,0,0,0,102,1.0,1.0,0.01,0.07,0.0,255,1,0.0,0.05,0.0,1.0,1.0,0.0,1,52647.0
11,9,41,79,0,0,123,0.0,0.0,1.0,0.0,0.02,255,224,0.88,0.01,0.0,0.0,0.0,0.0,0,6049.0
17,5,0,0,0,0,57,1.0,1.0,0.26,0.07,0.0,137,40,0.26,0.03,0.05,1.0,0.88,0.0,1,66946.0
44,5,0,0,0,0,202,1.0,1.0,0.0,0.07,0.0,255,19,0.07,0.07,0.0,1.0,1.0,0.0,1,59223.0
22,9,352,1704,0,1,14,0.0,0.0,1.0,0.0,0.0,255,255,1.0,0.0,0.0,0.0,0.0,0.0,0,122928.0
44,5,0,0,0,0,105,1.0,1.0,0.13,0.07,0.0,158,14,0.09,0.07,0.0,1.0,1.0,0.0,1,38115.0
22,9,221,1554,0,1,11,0.0,0.0,1.0,0.0,0.17,94,255,1.0,0.0,0.02,0.0,0.0,0.0,0,76499.0
22,9,306,5551,0,1,11,0.0,0.0,1.0,0.0,0.0,255,255,1.0,0.0,0.0,0.0,0.0,0.0,0,117870.0
44,5,0,0,0,0,145,1.0,1.0,0.09,0.06,0.0,255,23,0.09,0.06,0.0,1.0,1.0,0.0,1,53193.0
44,5,0,0,0,0,121,1.0,1.0,0.17,0.06,0.0,255,19,0.07,0.06,0.0,1.0,1.0,0.0,1,101477.0
44,5,0,0,0,0,258,1.0,1.0,0.02,0.06,0.0,255,7,0.03,0.07,0.0,1.0,1.0,0.0,1,9604.0
22,9,236,1523,0,1,21,0.0,0.0,1.0,0.0,0.13,46,255,1.0,0.0,0.01,0.0,0.0,0.0,0,72751.0
40,9,516,4,0,0,477,0.0,0.0,1.0,0.0,0.0,255,255,1.0,0.0,0.0,0.0,0.0,0.0,0,54404.0
22,9,215,1769,0,1,32,0.0,0.0,1.0,0.0,0.0,255,255,1.0,0.0,0.0,0.0,0.0,0.0,0,91144.0
18,9,891,2586,0,1,1,0.0,0.0,1.0,0.0,0.0,189,75,0.4,0.03,0.0,0.0,0.0,0.0,0,88878.0
3,1,0,0,0,0,231,0.0,0.0,0.07,0.06,0.0,255,16,0.06,0.07,0.0,0.0,0.0,1.0,1,120398.0
22,1,0,0,0,0,1,0.0,0.0,1.0,0.0,0.0,18,22,1.0,0.0,0.09,0.0,0.09,0.86,0,110238.0
49,9,13785,1361,0,1,1,0.0,0.0,1.0,0.0,0.0,128,209,0.66,0.02,0.01,0.0,0.0,0.0,0,96940.0
55,5,0,0,0,0,17,1.0,1.0,0.59,0.12,0.0,217,51,0.23,0.02,0.04,1.0,0.98,0.0,1,125158.0
11,9,46,83,0,0,205,0.0,0.0,1.0,0.0,0.0,255,232,0.91,0.01,0.0,0.0,0.0,0.0,0,16748.0
44,5,0,0,0,0,104,1.0,1.0,0.08,0.06,0.0,255,19,0.07,0.05,0.0,1.0,1.0,0.0,1,110064.0
44,5,0,0,0,0,231,1.0,1.0,0.04,0.06,0.0,255,9,0.04,0.09,0.0,1.0,1.0,0.0,1,118053.0
22,9,334,3200,0,1,14,0.0,0.0,1.0,0.0,0.18,255,255,1.0,0.0,0.0,0.0,0.0,0.0,0,48881.0
19,5,0,0,0,0,77,1.0,1.0,0.23,0.05,0.0,255,54,0.21,0.04,0.0,1.0,1.0,0.0,1,26619.0
18,5,0,0,0,0,298,1.0,1.0,0.08,0.05,0.0,255,25,0.1,0.05,0.0,1.0,1.0,0.0,1,114711.0
37,5,0,0,0,0,108,1.0,1.0,0.19,0.07,0.0,255,20,0.08,0.06,0.0,1.0,1.0,0.0,1,36204.0
44,4,1,0,0,0,2,0.0,0.0,1.0,0.0,0.0,255,2,0.01,0.73,0.0,0.0,0.0,1.0,1,9391.0
44,9,28,0,3,0,67,0.0,0.0,1.0,0.0,0.0,255,67,0.26,0.01,0.0,0.0,0.0,0.0,1,4087.0
14,9,1032,0,0,0,498,0.0,0.0,1.0,0.0,0.0,255,255,1.0,0.0,0.0,0.0,0.0,0.0,1,107815.0
40,1,0,0,0,0,511,0.06,0.0,0.0,1.0,0.0,255,1,0.0,1.0,0.0,0.05,0.0,1.0,1,35329.0
31,5,0,0,0,0,222,1.0,1.0,0.0,0.06,0.0,255,1,0.0,0.07,0.0,1.0,1.0,0.0,1,9049.0
6,1,0,0,0,0,261,0.0,0.0,0.08,0.06,0.0,255,20,0.08,0.07,0.0,0.0,0.0,1.0,1,72113.0
22,9,54540,8314,0,1,2,0.0,0.0,1.0,0.0,0.75,255,255,1.0,0.0,0.0,0.0,0.0,0.05,1,2691.0
40,1,0,0,0,0,511,0.05,0.0,0.0,1.0,0.0,255,1,0.0,1.0,0.0,0.04,0.0,1.0,1,1095.0
29,5,0,0,0,0,213,1.0,1.0,0.07,0.05,0.0,255,14,0.05,0.06,0.0,1.0,1.0,0.0,1,54310.0
22,9,241,658,0,1,2,0.0,0.0,1.0,0.0,0.0,9,255,1.0,0.0,0.05,0.0,0.01,0.0,0,17270.0
8,5,0,0,0,0,274,1.0,1.0,0.03,0.05,0.0,255,8,0.03,0.05,0.0,1.0,1.0,0.0,1,47904.0
16,5,0,0,0,0,142,1.0,1.0,0.04,0.06,0.0,255,5,0.02,0.07,0.0,1.0,1.0,0.0,1,76363.0
22,9,314,3758,0,1,3,0.0,0.0,1.0,0.0,0.0,127,255,1.0,0.0,0.02,0.0,0.0,0.0,0,72187.0
11,9,44,75,0,0,144,0.0,0.0,1.0,0.0,0.0,255,255,1.0,0.0,0.0,0.0,0.0,0.0,0,96348.0
22,9,262,755,0,1,7,0.0,0.0,1.0,0.0,0.0,255,255,1.0,0.0,0.0,0.0,0.0,0.0,0,31383.0
37,5,0,0,0,0,113,1.0,1.0,0.21,0.05,0.0,255,24,0.09,0.05,0.0,1.0,1.0,0.0,1,116585.0
44,5,0,0,0,0,31,1.0,1.0,0.06,0.19,0.0,255,12,0.05,0.09,0.0,1.0,1.0,0.0,1,117795.0
49,9,1348,331,0,1,1,0.0,0.0,1.0,0.0,1.0,32,65,0.41,0.06,0.03,0.0,0.0,0.0,0,24310.0
22,1,0,0,0,0,1,0.0,0.0,1.0,0.0,1.0,8,255,1.0,0.0,0.13,0.0,0.0,0.99,0,22174.0
22,9,232,419,0,1,2,0.0,0.23,1.0,0.0,0.31,255,255,1.0,0.0,0.0,0.0,0.0,0.0,0,29618.0
22,1,0,0,0,0,1,0.0,0.0,1.0,0.0,0.0,16,75,1.0,0.0,0.08,0.0,0.0,1.0,0,111540.0
44,10,0,0,0,0,1,1.0,1.0,1.0,0.0,0.0,52,1,0.02,0.81,0.0,0.85,1.0,0.0,1,93437.0
19,9,2194619,0,0,1,1,0.0,0.0,1.0,0.0,0.0,99,47,0.11,0.06,0.04,0.0,0.0,0.0,0,68871.0
11,9,43,79,0,0,154,0.0,0.0,1.0,0.0,0.0,255,255,1.0,0.0,0.0,0.0,0.0,0.0,0,124734.0
22,9,223,8618,0,1,12,0.0,0.0,1.0,0.0,0.15,42,255,1.0,0.0,0.03,0.0,0.0,0.0,0,92989.0
19,9,276,0,0,1,1,0.0,0.0,1.0,0.0,0.0,255,50,0.2,0.02,0.0,0.34,0.46,0.0,0,107124.0
22,9,325,5627,0,1,8,0.0,0.0,1.0,0.0,0.0,255,255,1.0,0.0,0.0,0.0,0.0,0.0,0,25253.0
22,9,260,784,0,1,3,0.0,0.0,1.0,0.0,0.0,182,255,1.0,0.0,0.01,0.01,0.0,0.03,0,96805.0
22,9,329,1468,0,1,6,0.0,0.0,1.0,0.0,0.33,35,255,1.0,0.0,0.14,0.0,0.0,0.58,0,125242.0
49,9,800,406,0,1,1,0.0,0.0,1.0,0.0,0.0,255,39,0.15,0.06,0.0,0.61,0.0,0.0,0,115310.0
44,5,0,0,0,0,24,1.0,1.0,0.08,0.21,0.0,255,2,0.01,0.09,0.0,1.0,1.0,0.0,1,53290.0
44,5,0,0,0,0,216,1.0,1.0,0.01,0.06,0.0,255,4,0.02,0.07,0.0,1.0,1.0,0.0,1,52407.0
11,9,45,103,0,0,164,0.0,0.0,1.0,0.0,0.01,255,229,0.9,0.01,0.0,0.0,0.0,0.0,0,71852.0
14,9,520,0,0,0,5,0.0,0.0,1.0,0.0,0.0,255,255,1.0,0.0,0.0,0.0,0.0,0.0,1,81934.0
22,9,315,255,0,1,26,0.0,0.0,1.0,0.0,0.0,28,255,1.0,0.0,0.14,0.0,0.0,0.88,0,54097.0
14,9,520,0,0,0,445,0.0,0.0,1.0,0.0,0.0,164,164,1.0,0.0,0.0,0.0,0.0,0.0,1,90267.0
26,5,0,0,0,0,100,1.0,1.0,0.17,0.06,0.0,255,20,0.08,0.05,0.0,1.0,1.0,0.0,1,74342.0
44,5,0,0,0,0,272,1.0,1.0,0.01,0.06,0.0,255,6,0.02,0.07,0.0,1.0,1.0,0.0,1,81688.0
22,9,225,269,0,1,15,0.0,0.0,1.0,0.0,0.15,255,255,1.0,0.0,0.0,0.0,0.0,0.0,0,97358.0
22,9,340,620,0,1,23,0.0,0.0,1.0,0.0,0.0,255,255,1.0,0.0,0.0,0.0,0.0,0.0,0,43098.0
44,5,0,0,0,0,145,1.0,1.0,0.04,0.06,0.0,255,2,0.01,0.07,0.0,1.0,1.0,0.0,1,123568.0
44,1,0,0,0,0,440,0.05,0.0,0.0,1.0,0.0,255,1,0.0,1.0,0.0,0.08,0.0,1.0,1,51969.0
33,5,0,0,0,0,297,1.0,1.0,0.06,0.06,0.0,255,18,0.07,0.07,0.0,1.0,1.0,0.0,1,61582.0
56,9,0,4,0,0,1,0.0,0.0,1.0,0.0,0.0,20,20,1.0,0.0,0.0,0.0,0.0,0.0,0,36748.0
22,9,216,2913,0,1,19,0.0,0.0,1.0,0.0,0.08,255,255,1.0,0.0,0.0,0.0,0.0,0.0,0,116902.0
14,9,1032,0,0,0,318,0.0,0.0,1.0,0.0,0.0,221,76,0.34,0.01,0.0,0.0,0.0,0.0,1,9842.0
18,9,332,1054,0,1,1,0.0,0.0,1.0,0.0,0.0,230,48,0.21,0.03,0.0,0.0,0.0,0.0,0,9382.0
14,9,1032,0,0,0,315,0.0,0.0,1.0,0.0,0.0,255,255,1.0,0.0,0.0,0.0,0.0,0.0,1,46273.0
49,9,1757,333,0,1,1,0.0,0.0,1.0,0.0,0.0,141,142,0.55,0.07,0.01,0.0,0.0,0.0,0,60806.0
49,9,2449,330,0,1,1,0.0,0.0,1.0,0.0,0.0,2,2,1.0,0.0,0.0,0.0,0.0,0.0,0,36964.0
22,9,209,1093,0,1,4,0.0,0.0,1.0,0.0,0.4,125,255,1.0,0.0,0.04,0.0,0.0,0.0,0,17173.0
22,9,302,1203,0,1,15,0.0,0.0,1.0,0.0,0.14,69,255,1.0,0.0,0.02,0.0,0.0,0.0,0,105357.0
22,9,213,2126,0,1,9,0.0,0.0,1.0,0.0,0.17,119,255,1.0,0.0,0.04,0.0,0.0,0.0,0,101594.0
22,9,306,1075,0,1,2,0.0,0.0,1.0,0.0,0.0,255,251,0.98,0.01,0.0,0.0,0.0,0.0,0,94753.0
22,9,241,3236,0,1,7,0.0,0.0,1.0,0.0,0.25,255,255,1.0,0.0,0.0,0.0,0.0,0.0,0,6398.0
49,9,1237,335,0,1,1,0.0,0.0,1.0,0.0,1.0,203,142,0.54,0.01,0.01,0.0,0.0,0.0,0,26260.0
36,1,0,0,0,0,239,0.0,0.0,0.02,0.07,0.0,255,4,0.02,0.07,0.0,0.0,0.0,1.0,1,26573.0
22,5,0,0,0,0,268,1.0,1.0,0.01,0.06,0.0,255,3,0.01,0.07,0.0,1.0,1.0,0.0,1,29305.0
22,1,0,0,0,0,1,0.0,0.0,1.0,0.0,0.0,46,197,1.0,0.0,0.02,0.0,0.0,0.94,0,114531.0
49,9,1800,334,0,1,1,0.0,0.0,1.0,0.0,0.0,128,115,0.68,0.03,0.02,0.0,0.0,0.0,0,14553.0
22,9,217,1885,0,1,2,0.0,0.0,1.0,0.0,0.0,255,255,1.0,0.0,0.0,0.0,0.0,0.0,0,105460.0
44,9,1,0,0,0,148,0.0,0.0,0.86,0.03,0.0,255,166,0.65,0.04,0.0,0.0,0.0,0.0,1,114354.0
44,1,0,0,0,0,129,0.0,0.0,0.04,0.07,0.0,255,5,0.02,0.08,0.0,0.0,0.0,1.0,1,8103.0
40,9,147,105,0,0,1,0.0,0.0,1.0,0.0,0.0,255,1,0.0,0.62,0.0,0.0,0.0,0.0,0,57583.0
16,2,0,0,0,0,135,0.0,0.0,0.14,0.07,0.0,255,19,0.07,0.06,0.0,0.0,0.0,1.0,1,20597.0
22,9,327,650,0,1,19,0.0,0.0,1.0,0.0,0.1,248,255,1.0,0.0,0.01,0.0,0.0,0.0,0,11128.0
36,3,0,0,0,0,214,0.64,0.5,0.01,0.42,0.0,255,2,0.01,0.35,0.0,0.54,0.5,0.5,1,30513.0
22,1,0,0,0,0,1,0.0,0.0,1.0,0.0,0.0,22,22,1.0,0.0,0.0,0.05,0.05,0.95,0,97252.0
22,9,281,1693,0,1,5,0.0,0.0,1.0,0.0,0.0,49,159,1.0,0.0,0.03,0.0,0.0,0.0,0,95677.0
44,9,1,0,0,0,40,0.0,0.0,0.12,0.1,0.0,255,15,0.06,0.62,0.0,0.16,0.0,0.0,1,53085.0
44,5,0,0,0,0,81,1.0,1.0,0.17,0.06,0.0,255,14,0.05,0.05,0.0,1.0,1.0,0.0,1,108151.0
22,9,305,448,0,1,23,0.0,0.0,1.0,0.0,0.08,206,255,1.0,0.0,0.02,0.0,0.0,0.0,0,72326.0
22,9,225,342,0,1,5,0.0,0.0,1.0,0.0,0.0,5,255,1.0,0.0,0.04,0.0,0.0,0.0,0,103712.0
22,9,339,260,0,1,17,0.0,0.0,1.0,0.0,0.14,110,255,1.0,0.0,0.04,0.0,0.0,0.0,0,5219.0
19,9,1342,0,0,1,4,0.0,0.0,1.0,0.0,0.0,65,69,0.31,0.08,0.03,0.0,0.0,0.0,0,94240.0
13,9,8,0,0,0,1,0.0,0.0,1.0,0.0,1.0,2,40,1.0,0.0,0.5,0.0,0.0,0.0,1,95864.0
22,9,231,1056,0,1,7,0.0,0.0,1.0,0.0,0.0,14,255,1.0,0.0,0.02,0.0,0.0,0.0,0,65536.0
22,9,224,403,0,1,49,0.0,0.0,1.0,0.0,0.0,52,255,1.0,0.0,0.04,0.0,0.0,0.0,0,16142.0
44,5,0,0,0,0,190,1.0,1.0,0.04,0.07,0.0,255,7,0.03,0.08,0.0,1.0,1.0,0.0,1,57516.0
33,5,0,0,0,0,213,1.0,1.0,0.02,0.06,0.0,255,17,0.07,0.07,0.0,1.0,1.0,0.0,1,35257.0
32,5,0,0,0,0,145,1.0,1.0,0.14,0.05,0.0,255,4,0.02,0.05,0.0,1.0,1.0,0.0,1,91611.0
22,1,0,0,0,0,1,0.0,0.0,1.0,0.0,0.0,43,247,1.0,0.0,0.06,0.0,0.0,0.59,0,8292.0
13,9,8,0,0,0,1,0.0,0.0,1.0,0.0,1.0,2,94,1.0,0.0,0.5,0.0,0.0,0.0,1,11600.0
22,9,209,2914,0,1,20,0.0,0.0,1.0,0.0,0.0,255,255,1.0,0.0,0.0,0.0,0.0,0.0,0,39050.0
44,9,105,146,0,0,4,0.0,0.0,1.0,0.0,0.0,255,239,0.94,0.01,0.0,0.0,0.0,0.0,0,98147.0
40,9,146,105,0,0,1,0.0,0.0,1.0,0.0,0.0,255,1,0.0,0.85,0.0,0.0,0.0,0.0,0,95650.0
44,9,1,0,0,0,15,0.0,0.0,0.27,0.13,0.0,255,31,0.12,0.5,0.0,0.03,0.0,0.0,1,30787.0
13,9,30,0,0,0,1,0.0,0.0,1.0,0.0,0.0,48,90,0.98,0.04,0.26,0.0,0.0,0.0,0,91805.0
50,5,0,0,0,0,17,1.0,1.0,0.41,0.24,0.0,255,7,0.03,0.08,0.0,1.0,1.0,0.0,1,56624.0
5,5,0,0,0,0,124,1.0,1.0,0.02,0.07,0.0,255,3,0.01,0.07,0.0,1.0,1.0,0.0,1,44930.0
22,9,213,6297,0,1,2,0.0,0.0,1.0,0.0,0.0,105,255,1.0,0.0,0.03,0.0,0.0,0.0,0,124583.0
13,9,30,0,0,0,2,0.0,0.0,0.5,1.0,0.0,255,4,0.02,0.01,0.0,0.0,0.0,0.0,0,49342.0
44,5,0,0,0,0,280,1.0,1.0,0.02,0.06,0.0,255,16,0.06,0.06,0.0,1.0,1.0,0.0,1,2684.0
55,5,0,0,0,0,12,0.92,1.0,0.17,0.42,0.0,255,21,0.08,0.06,0.0,1.0,1.0,0.0,1,66631.0
44,4,0,0,0,0,1,0.0,0.0,1.0,0.0,0.0,255,1,0.0,0.43,0.0,0.0,0.0,1.0,1,18070.0
22,9,225,736,0,1,1,0.0,0.0,1.0,0.0,0.67,125,255,1.0,0.0,0.02,0.0,0.0,0.0,0,84133.0
44,5,0,0,0,0,139,1.0,1.0,0.09,0.06,0.0,255,4,0.02,0.07,0.0,1.0,1.0,0.0,1,110319.0
22,9,301,6115,0,1,19,0.0,0.0,1.0,0.0,0.0,75,255,1.0,0.0,0.05,0.0,0.0,0.0,0,98011.0
13,9,8,0,0,0,1,0.0,0.0,1.0,0.0,1.0,1,161,1.0,0.0,0.5,0.0,0.0,0.0,1,41537.0
22,9,240,1469,0,1,3,0.0,0.0,1.0,0.0,0.0,66,255,1.0,0.0,0.02,0.0,0.0,0.0,0,9318.0
22,9,302,2610,0,1,29,0.0,0.0,1.0,0.0,0.06,29,255,1.0,0.0,0.04,0.0,0.0,0.0,0,6077.0
22,9,268,8046,0,1,15,0.0,0.0,1.0,0.0,0.0,255,255,1.0,0.0,0.0,0.0,0.0,0.0,0,61331.0
17,5,0,0,0,0,265,1.0,1.0,0.06,0.06,0.0,255,17,0.07,0.06,0.0,1.0,1.0,0.0,1,48962.0
7,5,0,0,0,0,184,1.0,1.0,0.06,0.06,0.0,255,11,0.04,0.05,0.0,1.0,1.0,0.0,1,117565.0
22,9,171,631,0,1,2,0.0,0.0,1.0,0.0,0.67,28,255,1.0,0.0,0.01,0.0,0.0,0.0,0,117138.0
22,9,211,2431,0,1,3,0.0,0.0,1.0,0.0,0.0,24,255,1.0,0.0,0.03,0.0,0.0,0.0,0,91294.0
49,9,1911,325,0,1,1,0.0,0.0,1.0,0.0,0.0,255,193,0.76,0.02,0.0,0.0,0.0,0.0,0,39405.0
11,9,45,72,0,0,184,0.0,0.0,1.0,0.0,0.0,255,255,1.0,0.0,0.0,0.0,0.0,0.0,0,31889.0
40,4,1,0,0,0,2,0.0,0.0,1.0,0.0,0.0,255,2,0.01,0.66,0.0,0.0,0.0,1.0,1,49743.0
49,9,2053,360,0,1,1,0.0,0.0,1.0,0.0,0.0,142,127,0.57,0.04,0.02,0.0,0.0,0.0,0,1695.0
11,9,44,110,0,0,4,0.0,0.0,1.0,0.0,0.0,255,252,0.99,0.01,0.0,0.0,0.0,0.0,0,58549.0
44,1,0,0,0,0,128,0.0,0.0,0.05,0.07,0.0,255,7,0.03,0.08,0.0,0.0,0.0,1.0,1,83396.0
22,9,360,462,0,1,14,0.0,0.0,1.0,0.0,0.1,99,255,1.0,0.0,0.02,0.0,0.0,0.0,0,110814.0
22,9,282,11940,0,1,2,0.5,0.33,1.0,0.0,0.67,4,255,1.0,0.0,0.03,0.25,0.0,0.0,0,66405.0
44,1,0,0,0,0,264,0.0,0.0,0.07,0.06,0.0,255,19,0.07,0.09,0.0,0.0,0.0,1.0,1,64659.0
44,1,0,0,0,0,454,0.05,0.0,0.0,1.0,0.0,255,1,0.0,1.0,0.0,0.08,0.0,1.0,1,109403.0
55,5,0,0,0,0,3,0.67,1.0,0.33,1.0,0.0,255,45,0.18,0.04,0.0,1.0,1.0,0.0,0,74840.0
19,9,6932,0,0,0,2,0.0,0.0,1.0,0.0,0.0,150,59,0.27,0.05,0.03,0.0,0.0,0.0,0,3335.0
22,9,211,365,0,1,10,0.0,0.0,1.0,0.0,0.0,255,255,1.0,0.0,0.0,0.0,0.0,0.0,0,5637.0
9,5,0,0,0,0,273,1.0,1.0,0.06,0.05,0.0,255,17,0.07,0.05,0.0,1.0,1.0,0.0,1,55691.0
62,5,0,0,0,0,223,1.0,1.0,0.07,0.05,0.0,255,15,0.06,0.07,0.0,1.0,1.0,0.0,1,99015.0
44,1,0,0,0,0,392,0.0,0.0,0.0,0.52,0.0,255,1,0.0,0.52,0.0,0.0,0.0,1.0,1,45877.0
19,9,10389,0,0,1,6,0.0,0.0,1.0,0.0,0.0,93,51,0.23,0.03,0.04,0.0,0.0,0.0,0,78082.0
44,5,0,0,0,0,297,1.0,1.0,0.03,0.05,0.0,255,3,0.01,0.07,0.0,1.0,1.0,0.0,1,3519.0
44,5,0,0,0,0,146,1.0,1.0,0.05,0.07,0.0,255,18,0.07,0.07,0.0,1.0,1.0,0.0,1,42344.0
11,9,46,83,0,0,213,0.0,0.0,1.0,0.0,0.0,255,232,0.91,0.01,0.0,0.0,0.0,0.0,0,25676.0
22,9,343,3062,0,1,23,0.0,0.0,1.0,0.0,0.0,255,255,1.0,0.0,0.0,0.0,0.0,0.0,0,118004.0
44,5,0,0,0,0,51,1.0,1.0,0.08,0.12,0.0,255,22,0.09,0.08,0.0,1.0,1.0,0.0,1,74146.0
44,9,28,0,3,0,153,0.65,0.0,0.35,0.05,0.0,255,53,0.21,0.8,0.0,0.09,0.0,0.0,1,119833.0
44,5,0,0,0,0,256,1.0,1.0,0.04,0.06,0.0,255,10,0.04,0.08,0.0,1.0,1.0,0.0,1,25562.0
14,9,520,0,0,0,487,0.0,0.0,1.0,0.0,0.0,128,128,1.0,0.0,0.0,0.0,0.0,0.0,1,17732.0
44,5,0,0,0,0,100,1.0,1.0,0.03,0.1,0.0,255,3,0.01,0.09,0.0,1.0,1.0,0.0,1,90924.0
22,9,298,1468,0,1,2,0.0,0.0,1.0,0.0,0.0,52,255,1.0,0.0,0.05,0.0,0.0,0.0,0,47510.0
19,5,0,0,0,0,6,1.0,1.0,0.5,0.33,0.0,255,56,0.22,0.02,0.0,1.0,1.0,0.0,1,86060.0
62,5,0,0,0,0,205,1.0,1.0,0.01,0.07,0.0,255,3,0.01,0.08,0.0,1.0,1.0,0.0,1,48352.0
22,9,317,999,0,1,38,0.0,0.0,1.0,0.0,0.0,160,255,1.0,0.0,0.01,0.0,0.0,0.0,0,87689.0
56,5,0,0,0,0,292,1.0,1.0,0.08,0.04,0.0,255,23,0.09,0.05,0.0,1.0,1.0,0.0,1,121820.0
4,5,0,0,0,0,292,1.0,1.0,0.05,0.06,0.0,255,5,0.02,0.07,0.0,1.0,1.0,0.0,1,37170.0
10,5,0,0,0,0,282,1.0,1.0,0.01,0.06,0.0,255,4,0.02,0.07,0.0,1.0,1.0,0.0,1,12452.0
44,5,0,0,0,0,187,1.0,1.0,0.02,0.06,0.0,255,17,0.07,0.07,0.0,1.0,1.0,0.0,1,37304.0
44,1,0,0,0,0,358,0.0,0.0,0.0,0.52,0.0,255,1,0.0,0.52,0.0,0.0,0.0,1.0,1,8256.0
22,9,219,1407,0,1,22,0.0,0.0,1.0,0.0,0.0,22,255,1.0,0.0,0.02,0.0,0.0,0.0,0,11947.0
22,1,0,0,0,0,1,0.0,0.0,1.0,0.0,0.0,21,247,1.0,0.0,0.26,0.0,0.0,1.0,0,104110.0
44,5,0,0,0,0,84,1.0,1.0,0.17,0.06,0.0,255,2,0.01,0.07,0.0,1.0,1.0,0.0,1,86189.0
22,1,0,0,0,0,1,0.0,0.0,1.0,0.0,0.0,17,255,1.0,0.0,0.06,0.0,0.0,0.49,0,35732.0
59,5,0,0,0,0,140,1.0,1.0,0.11,0.06,0.0,255,16,0.06,0.06,0.0,1.0,1.0,0.0,1,106553.0
22,9,234,280,0,1,5,0.0,0.0,1.0,0.0,0.0,197,255,1.0,0.0,0.01,0.0,0.0,0.0,0,73804.0
49,9,926,328,0,1,1,0.0,0.0,1.0,0.0,0.0,8,137,0.75,0.38,0.01,0.0,0.0,0.0,0,53091.0
13,9,8,0,0,0,1,0.0,0.0,1.0,0.0,1.0,1,83,1.0,0.0,0.51,0.0,0.0,0.0,1,14237.0
19,1,0,0,0,0,261,0.0,0.0,0.06,0.07,0.0,255,15,0.06,0.08,0.0,0.0,0.0,1.0,1,116736.0
18,2,0,0,0,0,135,0.0,0.0,0.08,0.07,0.0,255,5,0.02,0.07,0.0,0.0,0.0,1.0,1,48099.0
11,9,45,130,0,0,295,0.0,0.0,1.0,0.0,0.0,255,253,0.99,0.01,0.0,0.0,0.0,0.0,0,116474.0
19,9,965,0,0,1,21,0.0,0.0,1.0,0.0,0.0,255,105,0.41,0.04,0.0,0.0,0.01,0.0,0,82884.0
58,9,78,0,0,0,12,0.0,0.0,0.17,0.17,0.0,255,11,0.04,0.01,0.0,0.0,0.0,0.0,0,88507.0
40,5,0,0,0,0,510,0.07,1.0,0.0,1.0,0.0,255,1,0.0,1.0,0.0,0.06,1.0,0.0,1,114934.0
55,5,0,0,0,0,100,1.0,1.0,0.04,0.06,0.0,255,4,0.02,0.06,0.0,1.0,1.0,0.0,1,92747.0
44,5,0,0,0,0,237,1.0,1.0,0.04,0.06,0.0,255,12,0.05,0.08,0.0,1.0,1.0,0.0,1,12080.0
14,9,1480,0,1,0,2,0.0,0.0,1.0,0.0,0.5,2,8,1.0,0.0,0.5,0.0,0.0,0.0,1,67870.0
5,1,0,0,0,0,117,0.0,0.0,0.13,0.07,0.0,255,15,0.06,0.07,0.0,0.0,0.0,1.0,1,44689.0
44,5,0,0,0,0,115,1.0,1.0,0.15,0.07,0.0,255,35,0.14,0.06,0.0,1.0,1.0,0.0,1,12930.0
44,5,0,0,0,0,104,1.0,1.0,0.12,0.08,0.0,255,13,0.05,0.06,0.0,1.0,1.0,0.0,1,80624.0
14,9,1032,0,0,0,511,0.0,0.0,1.0,0.0,0.0,255,20,0.08,0.15,0.0,0.14,0.0,0.0,1,6292.0
3,9,13,40,0,0,1,0.0,0.0,1.0,0.0,0.0,1,3,1.0,0.0,0.67,0.0,0.0,0.0,0,57729.0
22,9,215,298,0,1,22,0.0,0.0,1.0,0.0,0.0,22,255,1.0,0.0,0.04,0.0,0.0,0.0,0,26771.0
22,9,243,775,0,1,10,0.0,0.0,1.0,0.0,0.31,255,255,1.0,0.0,0.0,0.0,0.0,0.0,0,125273.0
44,5,0,0,0,0,249,1.0,1.0,0.02,0.06,0.0,255,5,0.02,0.08,0.0,1.0,1.0,0.0,1,74709.0
22,6,235,21900,0,1,1,1.0,0.5,1.0,0.0,1.0,255,255,1.0,0.0,0.0,0.0,0.0,0.0,0,5855.0
22,1,0,0,0,0,1,0.0,0.0,1.0,0.0,0.0,12,22,1.0,0.0,0.09,0.0,0.09,0.59,0,100221.0
3,5,0,0,0,0,239,1.0,1.0,0.01,0.07,0.0,255,2,0.01,0.07,0.0,1.0,1.0,0.0,1,85663.0
13,9,8,0,0,0,1,0.0,0.0,1.0,0.0,1.0,2,72,1.0,0.0,0.5,0.0,0.0,0.0,1,98387.0
14,9,520,0,0,0,29,0.0,0.0,1.0,0.0,0.0,255,255,1.0,0.0,0.0,0.0,0.0,0.0,1,109982.0
44,5,0,0,0,0,103,1.0,1.0,0.07,0.08,0.0,255,7,0.03,0.07,0.0,1.0,1.0,0.0,1,89631.0
15,5,0,0,0,0,150,1.0,1.0,0.17,0.05,0.0,255,25,0.1,0.05,0.0,1.0,1.0,0.0,1,20337.0
22,9,194,365,0,1,7,0.0,0.0,1.0,0.0,0.17,225,255,1.0,0.0,0.02,0.0,0.0,0.0,0,36973.0
11,9,43,74,0,0,124,0.0,0.0,1.0,0.0,0.0,255,253,0.99,0.01,0.0,0.0,0.0,0.0,0,110783.0
22,9,297,18555,0,1,8,0.0,0.0,1.0,0.0,0.0,19,255,1.0,0.0,0.05,0.0,0.0,0.0,0,70670.0
22,9,248,10556,0,1,32,0.0,0.0,1.0,0.0,0.06,255,255,1.0,0.0,0.0,0.0,0.0,0.0,0,122849.0
49,9,1746,386,0,1,1,0.0,0.0,1.0,0.0,1.0,254,126,0.49,0.01,0.02,0.79,0.79,0.0,0,69512.0
22,9,222,7462,0,1,2,0.0,0.0,1.0,0.0,0.0,13,255,1.0,0.0,0.04,0.0,0.02,0.0,0,51206.0
40,9,146,0,0,0,1,0.0,0.0,1.0,0.0,0.0,255,1,0.0,0.75,0.0,0.0,0.0,0.0,0,9038.0
55,5,0,0,0,0,37,1.0,1.0,0.51,0.05,0.0,255,64,0.25,0.02,0.0,1.0,1.0,0.0,1,44978.0
13,9,8,0,0,0,1,0.0,0.0,1.0,0.0,1.0,2,148,1.0,0.0,0.5,0.0,0.0,0.0,1,13512.0
22,9,54540,8314,0,1,3,0.0,0.0,1.0,0.0,0.0,36,36,1.0,0.0,0.0,0.03,0.03,0.03,1,115161.0
44,5,0,0,0,0,131,1.0,1.0,0.07,0.07,0.0,255,1,0.0,0.06,0.0,1.0,1.0,0.0,1,15806.0
44,4,1,0,0,0,2,0.0,0.0,1.0,0.0,0.0,255,2,0.01,0.73,0.0,0.0,0.0,1.0,1,45591.0
49,9,2570,499,0,1,1,0.0,0.0,1.0,0.0,0.0,255,3,0.01,0.01,0.0,0.0,0.0,0.0,0,47630.0
22,9,179,14496,0,1,1,0.0,0.0,1.0,0.0,0.0,84,255,1.0,0.0,0.03,0.0,0.0,0.0,0,13865.0
22,5,0,0,0,0,30,1.0,1.0,0.33,0.13,0.0,192,50,0.26,0.02,0.0,0.99,1.0,0.0,1,56338.0
54,1,0,0,0,0,297,0.0,0.0,0.07,0.06,0.0,255,20,0.08,0.07,0.0,0.0,0.0,1.0,1,92386.0
19,9,1153,0,0,0,2,0.0,0.0,1.0,0.0,0.0,39,24,0.15,0.1,0.08,0.0,0.0,0.0,0,121348.0
11,9,43,109,0,0,70,0.0,0.0,1.0,0.0,0.01,255,254,1.0,0.01,0.0,0.0,0.0,0.0,0,66648.0
3,5,0,0,0,0,232,1.0,1.0,0.01,0.07,0.0,255,2,0.01,0.07,0.0,1.0,1.0,0.0,1,7911.0
25,5,0,0,0,0,244,1.0,1.0,0.07,0.07,0.0,255,16,0.06,0.07,0.0,1.0,1.0,0.0,1,58837.0
22,9,202,2488,0,1,16,0.0,0.0,1.0,0.0,0.16,255,255,1.0,0.0,0.0,0.0,0.0,0.0,0,59293.0
19,9,19,0,0,0,2,0.0,0.0,1.0,0.0,0.0,117,28,0.24,0.05,0.0,0.02,0.0,0.0,0,56443.0
49,9,661,397,0,1,1,0.0,0.0,1.0,0.0,0.0,5,129,0.8,0.4,0.02,0.0,0.0,0.0,0,3625.0
13,9,8,0,0,0,1,0.0,0.0,1.0,0.0,1.0,4,120,1.0,0.0,0.25,0.0,0.0,0.0,1,85733.0
44,1,0,0,0,0,234,0.0,0.0,0.07,0.07,0.0,255,17,0.07,0.09,0.0,0.0,0.0,1.0,1,79745.0
40,1,0,0,0,0,510,0.19,0.0,0.0,1.0,0.0,255,1,0.0,1.0,0.0,0.21,0.0,1.0,1,50761.0
19,9,246,0,0,1,1,0.0,0.0,1.0,0.0,0.0,14,41,1.0,0.0,0.07,0.0,0.0,0.0,1,51841.0
22,1,0,0,0,0,1,0.0,0.0,1.0,0.0,1.0,1,255,1.0,0.0,0.09,0.0,0.0,0.99,0,86709.0
19,9,334,0,0,1,2,0.0,0.0,1.0,0.0,0.0,12,22,1.0,0.0,0.14,0.0,0.0,0.0,1,37591.0
22,9,253,635,0,1,9,0.0,0.0,1.0,0.0,0.0,118,255,1.0,0.0,0.02,0.0,0.0,0.0,0,25450.0
22,9,197,2449,0,1,6,0.0,0.0,1.0,0.0,0.0,6,255,1.0,0.0,0.05,0.0,0.0,0.0,0,74866.0
10,9,48,488,0,1,49,0.0,0.0,0.02,0.04,0.0,255,1,0.0,0.02,0.0,0.0,0.0,0.0,0,42324.0
40,9,4316,0,0,1,12,0.0,0.0,0.08,0.92,0.0,121,1,0.01,0.11,0.0,0.0,0.0,0.0,0,43226.0
44,1,0,0,0,0,114,0.0,0.0,0.08,0.07,0.0,255,29,0.11,0.05,0.0,0.0,0.0,1.0,1,47830.0
22,9,220,853,0,1,2,0.5,0.5,1.0,0.0,0.0,255,255,1.0,0.0,0.0,0.0,0.0,0.0,0,75241.0
22,9,302,258,0,1,2,0.0,0.0,1.0,0.0,0.0,255,240,0.94,0.01,0.0,0.0,0.0,0.02,0,79760.0
11,9,40,40,0,0,2,0.0,0.0,1.0,0.0,0.6,255,235,0.92,0.01,0.0,0.0,0.0,0.0,0,80362.0
19,9,637,0,0,0,8,0.0,0.0,0.88,0.25,0.0,45,98,0.64,0.16,0.02,0.0,0.0,0.0,0,18489.0
22,9,214,363,0,1,20,0.0,0.0,1.0,0.0,0.0,103,255,1.0,0.0,0.04,0.0,0.0,0.0,0,54031.0
13,9,18,0,0,0,1,0.0,0.0,1.0,0.0,0.0,1,81,1.0,0.0,1.0,0.0,0.0,0.0,1,95120.0
11,9,82,42,0,0,102,0.0,0.0,1.0,0.0,0.0,255,166,0.65,0.01,0.0,0.0,0.0,0.0,0,107154.0
49,5,0,0,0,0,3,0.33,0.5,0.67,0.67,0.0,125,57,0.46,0.04,0.0,0.01,0.02,0.0,0,94291.0
22,9,286,267,0,1,4,0.0,0.0,1.0,0.0,0.0,200,255,1.0,0.0,0.02,0.0,0.0,0.0,0,28835.0
22,9,194,796,0,1,40,0.0,0.0,1.0,0.0,0.05,255,255,1.0,0.0,0.0,0.0,0.0,0.0,0,117296.0
44,1,0,0,0,0,108,0.0,0.0,0.18,0.06,0.0,255,19,0.07,0.05,0.0,0.0,0.0,1.0,1,70407.0
16,5,0,0,0,0,117,1.0,1.0,0.04,0.06,0.0,255,14,0.05,0.06,0.0,1.0,1.0,0.0,1,70995.0
49,9,687,339,0,1,1,0.0,0.0,1.0,0.0,0.0,21,137,0.57,0.14,0.01,0.0,0.0,0.0,0,23546.0
13,9,8,0,0,0,1,0.0,0.0,1.0,0.0,1.0,2,86,1.0,0.0,0.5,0.0,0.0,0.0,1,50096.0
11,9,42,42,0,0,4,0.0,0.0,1.0,0.0,0.33,255,250,0.98,0.01,0.0,0.0,0.0,0.0,0,19332.0
44,5,0,0,0,0,228,1.0,1.0,0.01,0.06,0.0,255,3,0.01,0.08,0.0,1.0,1.0,0.0,1,102603.0
44,5,0,0,0,0,178,1.0,1.0,0.04,0.07,0.0,255,19,0.07,0.07,0.0,1.0,1.0,0.0,1,45986.0
44,10,0,0,0,0,1,1.0,1.0,1.0,0.0,0.0,245,1,0.0,0.96,0.0,0.97,1.0,0.0,1,112076.0
22,5,0,0,0,0,45,1.0,1.0,0.36,0.09,0.0,255,64,0.25,0.02,0.0,1.0,1.0,0.0,1,79116.0
62,5,0,0,0,0,263,1.0,1.0,0.01,0.06,0.0,255,3,0.01,0.07,0.0,1.0,1.0,0.0,1,106357.0
49,9,1845,366,0,1,1,0.0,0.0,1.0,0.0,1.0,226,156,0.69,0.02,0.0,0.0,0.0,0.0,0,38981.0
11,9,44,130,0,0,159,0.0,0.0,1.0,0.0,0.0,255,255,1.0,0.0,0.0,0.0,0.0,0.0,0,2782.0
22,9,271,237,0,1,3,0.0,0.0,1.0,0.0,0.0,36,255,1.0,0.0,0.02,0.0,0.0,0.0,0,102236.0
32,5,0,0,0,0,203,1.0,1.0,0.05,0.06,0.0,255,11,0.04,0.07,0.0,1.0,1.0,0.0,1,3750.0
15,5,0,0,0,0,127,1.0,1.0,0.06,0.06,0.0,255,16,0.06,0.07,0.0,1.0,1.0,0.0,1,33733.0
44,4,1,0,0,0,2,0.0,0.0,1.0,0.0,0.0,255,2,0.01,0.73,0.0,0.0,0.0,1.0,1,56109.0
33,5,0,0,0,0,234,1.0,1.0,0.0,0.06,0.0,255,8,0.03,0.07,0.0,1.0,1.0,0.0,1,61379.0
11,9,46,133,0,0,77,0.0,0.0,1.0,0.0,0.01,255,208,0.82,0.02,0.0,0.0,0.0,0.0,0,120379.0
13,9,8,0,0,0,1,0.0,0.0,1.0,0.0,1.0,2,80,1.0,0.0,0.5,0.0,0.0,0.0,1,94073.0
27,1,0,0,0,0,118,0.0,0.0,0.01,0.07,0.0,255,1,0.0,0.06,0.0,0.0,0.0,1.0,1,82346.0
22,9,245,14884,0,1,1,0.0,0.0,1.0,0.0,0.0,1,255,1.0,0.0,0.03,0.0,0.0,0.0,0,12757.0
44,5,0,0,0,0,291,1.0,1.0,0.07,0.06,0.0,255,19,0.07,0.07,0.0,1.0,1.0,0.0,1,87787.0
22,1,0,0,0,0,1,0.0,0.0,1.0,0.0,0.0,1,48,1.0,0.0,0.21,0.0,0.0,1.0,1,78981.0
14,9,1032,0,0,0,511,0.0,0.0,1.0,0.0,0.0,255,16,0.06,0.25,0.0,0.0,0.0,0.0,1,43705.0
44,5,0,0,0,0,192,1.0,1.0,0.01,0.06,0.0,255,19,0.07,0.07,0.0,1.0,1.0,0.0,1,99410.0
18,5,0,0,0,0,279,1.0,1.0,0.06,0.05,0.0,255,4,0.02,0.09,0.0,1.0,1.0,0.0,1,82649.0
44,4,0,0,0,0,1,0.0,0.0,1.0,0.0,0.0,234,1,0.0,0.58,0.0,0.0,0.0,1.0,1,122254.0
22,9,226,5260,0,1,11,0.0,0.0,1.0,0.0,0.0,255,255,1.0,0.0,0.0,0.0,0.0,0.0,0,125139.0
29,5,0,0,0,0,251,1.0,1.0,0.01,0.06,0.0,255,2,0.01,0.06,0.0,1.0,1.0,0.0,1,96175.0
44,5,0,0,0,0,201,1.0,1.0,0.01,0.06,0.0,255,3,0.01,0.05,0.0,1.0,1.0,0.0,1,51244.0
44,5,0,0,0,0,143,1.0,1.0,0.13,0.06,0.0,255,3,0.01,0.07,0.0,1.0,1.0,0.0,1,89098.0
21,1,0,0,0,0,222,0.0,0.0,0.05,0.07,0.0,255,10,0.04,0.08,0.0,0.0,0.0,1.0,1,43880.0
22,9,316,292,0,1,11,0.0,0.0,1.0,0.0,0.0,110,255,1.0,0.0,0.04,0.0,0.0,0.0,0,44917.0
32,5,0,0,0,0,300,1.0,1.0,0.08,0.05,0.0,255,25,0.1,0.05,0.0,1.0,1.0,0.0,1,25606.0
19,9,74,0,0,1,2,0.0,0.0,1.0,0.0,0.0,7,11,0.71,0.29,0.18,0.0,0.0,0.0,0,38786.0
44,5,0,0,0,0,211,1.0,1.0,0.08,0.06,0.0,255,10,0.04,0.07,0.0,1.0,1.0,0.0,1,76019.0
18,9,196,644,0,1,1,0.0,0.0,1.0,0.0,0.0,127,39,0.31,0.02,0.0,0.0,0.0,0.0,0,54249.0
44,5,0,0,0,0,158,1.0,1.0,0.12,0.06,0.0,255,9,0.04,0.08,0.0,1.0,1.0,0.0,1,124139.0
55,5,0,0,0,0,227,1.0,1.0,0.06,0.05,0.0,255,14,0.05,0.06,0.0,1.0,1.0,0.0,1,6901.0
6,5,0,0,0,0,241,1.0,1.0,0.02,0.07,0.0,255,6,0.02,0.08,0.0,1.0,1.0,0.0,1,16102.0
19,5,0,0,0,0,80,1.0,1.0,0.25,0.05,0.0,255,60,0.24,0.04,0.0,1.0,1.0,0.0,1,117110.0
44,5,0,0,0,0,103,1.0,1.0,0.14,0.07,0.0,255,34,0.13,0.05,0.0,1.0,1.0,0.0,1,82397.0
11,9,44,136,0,0,45,0.0,0.0,1.0,0.0,0.02,185,196,0.78,0.02,0.01,0.0,0.0,0.0,0,30961.0
22,1,0,0,0,0,1,0.0,0.0,1.0,0.0,0.0,18,129,1.0,0.0,0.07,0.0,0.0,1.0,0,123685.0
14,9,1480,0,1,0,3,0.0,0.0,1.0,0.0,0.0,255,4,0.02,0.08,0.0,0.6,0.0,0.0,1,31799.0
22,9,328,3411,0,1,4,0.0,0.0,1.0,0.0,0.15,4,255,1.0,0.0,0.05,0.0,0.0,0.0,0,123796.0
22,9,314,1961,0,1,6,0.0,0.0,1.0,0.0,0.17,16,255,1.0,0.0,0.04,0.0,0.0,0.0,0,85541.0
22,9,279,3869,0,1,17,0.0,0.0,1.0,0.0,0.0,59,255,1.0,0.0,0.06,0.0,0.0,0.0,0,57128.0
49,9,674,328,0,1,1,0.0,0.0,1.0,0.0,0.0,63,140,0.6,0.05,0.01,0.0,0.0,0.0,0,101782.0
22,9,225,833,0,1,3,0.0,0.0,1.0,0.0,0.5,33,255,1.0,0.0,0.05,0.0,0.0,0.0,0,77782.0
61,5,0,0,0,0,235,1.0,1.0,0.0,0.07,0.0,255,20,0.08,0.08,0.0,1.0,1.0,0.0,1,40762.0
22,9,302,11161,0,1,6,0.0,0.0,1.0,0.0,0.25,255,255,1.0,0.0,0.0,0.0,0.0,0.0,0,27234.0
44,1,0,0,0,0,290,0.07,0.0,0.0,1.0,0.0,255,1,0.0,1.0,0.0,0.08,0.0,1.0,1,27796.0
56,5,0,0,0,0,210,1.0,1.0,0.11,0.05,0.0,255,23,0.09,0.05,0.0,1.0,1.0,0.0,1,14919.0
11,9,44,135,0,0,89,0.0,0.0,1.0,0.0,0.03,255,255,1.0,0.0,0.0,0.0,0.0,0.0,0,45283.0
22,9,164,2365,0,1,6,0.0,0.0,1.0,0.0,0.0,255,255,1.0,0.0,0.0,0.0,0.0,0.0,0,72472.0
44,5,0,0,0,0,119,1.0,1.0,0.16,0.06,0.0,255,19,0.07,0.06,0.0,1.0,1.0,0.0,1,56256.0
22,9,54540,8314,0,1,4,0.0,0.0,1.0,0.0,0.0,32,32,1.0,0.0,0.0,0.0,0.0,0.34,1,14991.0
44,5,0,0,0,0,229,1.0,1.0,0.03,0.06,0.0,255,6,0.02,0.06,0.0,1.0,1.0,0.0,1,22929.0
22,9,308,593,0,1,6,0.0,0.0,1.0,0.0,0.0,255,255,1.0,0.0,0.0,0.0,0.0,0.0,0,22504.0
11,9,44,76,0,0,126,0.0,0.0,1.0,0.0,0.0,255,224,0.88,0.01,0.0,0.0,0.0,0.0,0,114068.0
49,9,838,337,0,1,1,0.0,0.0,1.0,0.0,1.0,121,200,0.68,0.02,0.01,0.0,0.0,0.0,0,37603.0
44,1,0,0,0,0,63,0.02,0.0,0.02,1.0,0.0,255,1,0.0,0.27,0.0,0.0,0.0,1.0,1,80397.0
28,5,0,0,0,0,112,1.0,1.0,0.02,0.06,0.0,255,20,0.08,0.06,0.0,1.0,1.0,0.0,1,1791.0
19,9,9,0,0,1,2,0.0,0.0,1.0,0.0,0.0,112,70,0.36,0.03,0.04,0.0,0.0,0.0,0,22372.0
48,5,0,0,0,0,150,1.0,1.0,0.11,0.05,0.0,255,17,0.07,0.06,0.0,1.0,1.0,0.0,1,49736.0
40,1,0,0,0,0,313,0.1,0.0,0.0,1.0,0.0,255,1,0.0,1.0,0.0,0.09,0.0,1.0,1,21104.0
22,9,335,334,0,1,1,0.0,0.0,1.0,0.0,0.0,1,255,1.0,0.0,0.04,0.0,0.0,0.0,0,83027.0
49,9,949,337,0,1,1,0.0,0.0,1.0,0.0,0.0,3,157,1.0,0.0,0.02,0.0,0.0,0.0,0,47834.0
40,1,0,0,0,0,511,0.23,0.0,0.0,1.0,0.0,255,1,0.0,1.0,0.0,0.24,0.0,1.0,1,94091.0
38,5,0,0,0,0,209,1.0,1.0,0.09,0.07,0.0,255,19,0.07,0.08,0.0,1.0,1.0,0.0,1,32121.0
19,5,0,0,0,0,24,0.96,1.0,0.29,0.17,0.0,255,16,0.06,0.06,0.0,1.0,1.0,0.0,1,86391.0
44,5,0,0,0,0,274,1.0,1.0,0.04,0.05,0.0,255,14,0.05,0.06,0.0,1.0,1.0,0.0,1,77063.0
22,9,167,3370,0,1,1,0.0,0.0,1.0,0.0,0.0,35,255,1.0,0.0,0.05,0.0,0.0,0.0,0,10413.0
44,9,1,0,0,0,19,0.0,0.0,0.89,0.16,0.0,255,17,0.07,0.75,0.0,0.1,0.0,0.0,1,72190.0
3,9,9,34,0,1,1,0.0,0.0,1.0,0.0,0.0,38,9,0.11,0.13,0.33,0.0,0.0,0.0,0,72585.0
22,9,327,1404,0,1,13,0.0,0.0,1.0,0.0,0.11,13,255,1.0,0.0,0.02,0.0,0.0,0.0,0,93487.0
14,9,1032,0,0,0,511,0.0,0.0,1.0,0.0,0.0,255,130,0.51,0.17,0.0,0.0,0.0,0.0,1,46423.0
19,9,12,0,0,1,1,0.0,0.0,1.0,0.0,0.0,115,122,0.57,0.02,0.02,0.0,0.0,0.0,0,68066.0
18,9,1495,4152,0,1,1,0.0,0.0,1.0,0.0,0.0,52,12,0.23,0.12,0.0,0.0,0.0,0.0,0,24395.0
44,5,0,0,0,0,132,1.0,1.0,0.02,0.06,0.0,255,1,0.0,0.06,0.0,1.0,1.0,0.0,1,35568.0
29,4,0,0,0,0,189,0.0,0.0,0.01,0.52,0.0,255,2,0.01,0.39,0.0,0.0,0.0,1.0,1,9374.0
20,5,0,0,0,0,217,1.0,1.0,0.08,0.05,0.0,255,17,0.07,0.06,0.0,1.0,1.0,0.0,1,37161.0
22,5,0,0,0,0,145,1.0,1.0,0.11,0.06,0.0,255,10,0.04,0.06,0.0,1.0,1.0,0.0,1,47664.0
13,9,8,0,0,0,1,0.0,0.0,1.0,0.0,1.0,1,219,1.0,0.0,0.5,0.0,0.0,0.0,1,36121.0
26,5,0,0,0,0,17,1.0,1.0,0.71,0.12,0.0,255,12,0.05,0.06,0.0,1.0,1.0,0.0,1,98374.0
22,9,294,5173,0,1,14,0.0,0.0,1.0,0.0,0.14,14,255,1.0,0.0,0.02,0.0,0.0,0.0,0,118715.0
22,9,144,5086,0,1,1,0.0,0.0,1.0,0.0,0.0,13,255,1.0,0.0,0.05,0.0,0.01,0.01,0,25492.0
22,9,308,1512,0,1,5,0.0,0.0,1.0,0.0,0.0,255,255,1.0,0.0,0.0,0.0,0.0,0.01,0,31934.0
22,9,205,709,0,1,15,0.0,0.0,1.0,0.0,0.12,106,255,1.0,0.0,0.02,0.0,0.0,0.0,0,57216.0
37,5,0,0,0,0,84,1.0,1.0,0.18,0.07,0.0,255,15,0.06,0.07,0.0,1.0,1.0,0.0,1,73156.0
25,5,0,0,0,0,249,1.0,1.0,0.01,0.06,0.0,255,3,0.01,0.07,0.0,1.0,1.0,0.0,1,7255.0
37,5,0,0,0,0,121,1.0,1.0,0.04,0.07,0.0,255,5,0.02,0.08,0.0,1.0,1.0,0.0,1,74531.0
44,9,105,145,0,0,1,0.0,0.0,1.0,0.0,0.0,255,229,0.9,0.01,0.0,0.0,0.0,0.0,0,19469.0
22,9,332,1025,0,1,12,0.0,0.0,1.0,0.0,0.09,255,255,1.0,0.0,0.0,0.0,0.0,0.0,0,26386.0
44,1,0,0,0,0,140,0.0,0.0,0.06,0.06,0.0,255,9,0.04,0.06,0.0,0.0,0.0,1.0,1,122692.0
49,9,0,91,0,1,1,0.0,0.0,1.0,0.0,0.0,6,51,0.17,1.0,0.04,0.0,0.0,0.0,1,96410.0
44,1,0,0,0,0,22,0.0,0.0,0.14,0.14,0.0,255,23,0.09,0.05,0.0,0.0,0.0,1.0,1,77405.0
22,5,0,0,0,0,227,1.0,1.0,0.0,0.06,0.0,255,1,0.0,0.06,0.0,1.0,1.0,0.0,1,60896.0
49,9,1531,329,0,1,1,0.0,0.0,1.0,0.0,1.0,79,50,0.63,0.08,0.0,0.0,0.0,0.0,0,66045.0
22,9,296,4416,0,1,9,0.0,0.0,1.0,0.0,0.0,66,255,1.0,0.0,0.05,0.0,0.01,0.0,0,62082.0
22,9,333,5241,0,1,14,0.0,0.0,1.0,0.0,0.08,14,255,1.0,0.0,0.02,0.0,0.0,0.0,0,31745.0
29,5,0,0,0,0,169,1.0,1.0,0.05,0.08,0.0,255,8,0.03,0.07,0.0,1.0,1.0,0.0,1,2696.0
22,9,174,4460,0,1,5,0.0,0.0,1.0,0.0,0.18,182,255,1.0,0.0,0.02,0.0,0.0,0.0,0,77832.0
22,9,296,1227,0,1,1,0.0,0.0,1.0,0.0,0.0,18,18,1.0,0.0,0.0,0.0,0.0,0.0,0,71384.0
4,5,0,0,0,0,247,1.0,1.0,0.02,0.06,0.0,255,5,0.02,0.05,0.0,1.0,1.0,0.0,1,83026.0
7,5,0,0,0,0,114,1.0,1.0,0.04,0.06,0.0,255,5,0.02,0.07,0.0,1.0,1.0,0.0,1,68375.0
44,1,0,0,0,0,296,0.0,0.0,0.06,0.06,0.0,255,17,0.07,0.08,0.0,0.0,0.0,1.0,1,50184.0
24,5,0,0,0,0,253,1.0,1.0,0.1,0.05,0.0,255,25,0.1,0.05,0.0,1.0,1.0,0.0,1,85807.0
49,9,916,336,0,1,1,0.0,0.0,1.0,0.0,0.0,255,145,0.57,0.03,0.0,0.0,0.0,0.0,0,106371.0
22,9,312,2314,0,1,7,0.0,0.0,1.0,0.0,0.15,25,255,1.0,0.0,0.03,0.0,0.0,0.0,0,59143.0
22,9,300,370,0,1,7,0.0,0.0,1.0,0.0,0.0,7,255,1.0,0.0,0.01,0.0,0.0,0.0,0,93100.0
22,1,0,0,0,0,1,0.0,0.0,1.0,0.0,1.0,48,171,1.0,0.0,0.03,0.0,0.0,1.0,0,43484.0
2,5,0,0,0,0,244,1.0,1.0,0.09,0.05,0.0,255,21,0.08,0.05,0.0,1.0,1.0,0.0,1,107583.0
22,9,339,334,0,1,25,0.0,0.0,1.0,0.0,0.12,255,255,1.0,0.0,0.0,0.0,0.0,0.0,0,124460.0
18,5,0,0,0,0,236,1.0,1.0,0.03,0.06,0.0,255,8,0.03,0.07,0.0,1.0,1.0,0.0,1,125311.0
22,9,258,1772,0,1,1,0.0,0.0,1.0,0.0,0.75,38,255,1.0,0.0,0.07,0.0,0.0,0.0,0,81693.0
44,5,0,0,0,0,157,1.0,1.0,0.08,0.08,0.0,255,13,0.05,0.07,0.0,1.0,1.0,0.0,1,61187.0
22,9,234,761,0,1,10,0.0,0.0,1.0,0.0,0.0,38,255,1.0,0.0,0.07,0.0,0.0,0.0,0,45965.0
62,5,0,0,0,0,259,1.0,1.0,0.07,0.05,0.0,255,19,0.07,0.05,0.0,1.0,1.0,0.0,1,33272.0
19,9,5929,0,0,1,13,0.0,0.0,1.0,0.0,0.0,86,121,0.57,0.03,0.02,0.0,0.0,0.0,0,14551.0
11,9,44,77,0,0,120,0.0,0.0,1.0,0.0,0.0,255,176,0.69,0.01,0.0,0.0,0.0,0.0,0,54453.0
22,9,156,6139,0,1,17,0.0,0.0,1.0,0.0,0.15,17,255,1.0,0.0,0.04,0.0,0.0,0.0,0,13252.0
14,9,1480,0,1,0,1,0.0,0.0,1.0,0.0,0.67,1,7,1.0,0.0,0.57,0.0,0.0,0.0,1,45632.0
22,9,293,868,0,1,9,0.0,0.0,1.0,0.0,0.0,255,255,1.0,0.0,0.0,0.0,0.0,0.0,0,34695.0
49,9,1458,330,0,1,1,0.0,0.0,1.0,0.0,0.0,121,88,0.73,0.02,0.0,0.0,0.0,0.0,0,30219.0
44,9,1,0,0,0,9,0.0,0.0,1.0,0.0,0.0,255,9,0.04,0.4,0.0,0.16,0.0,0.0,1,93646.0
25,5,0,0,0,0,234,1.0,1.0,0.04,0.06,0.0,255,9,0.04,0.08,0.0,1.0,1.0,0.0,1,3138.0
44,5,0,0,0,0,257,1.0,1.0,0.03,0.06,0.0,255,7,0.03,0.08,0.0,1.0,1.0,0.0,1,23369.0
22,9,331,278,0,1,12,0.0,0.0,1.0,0.0,0.0,255,237,0.93,0.02,0.0,0.0,0.0,0.0,0,18177.0
5,5,0,0,0,0,105,1.0,1.0,0.04,0.08,0.0,255,4,0.02,0.07,0.0,1.0,1.0,0.0,1,98457.0
19,9,641,0,0,1,2,0.0,0.0,1.0,0.0,0.0,47,29,0.62,0.06,0.0,0.0,0.0,0.0,0,25435.0
50,5,0,0,0,0,139,1.0,1.0,0.14,0.06,0.0,255,19,0.07,0.07,0.0,1.0,1.0,0.0,1,94659.0
22,9,207,5981,0,1,23,0.0,0.0,1.0,0.0,0.0,87,255,1.0,0.0,0.01,0.01,0.0,0.0,0,96972.0
44,5,0,0,0,0,115,1.0,1.0,0.16,0.07,0.0,255,6,0.02,0.08,0.0,1.0,1.0,0.0,1,36871.0
13,9,8,0,0,0,1,0.0,0.0,1.0,0.0,1.0,1,123,1.0,0.0,0.5,0.0,0.0,0.0,1,28730.0
29,5,0,0,0,0,259,1.0,1.0,0.0,0.07,0.0,255,1,0.0,0.07,0.0,1.0,1.0,0.0,1,16153.0
44,5,0,0,0,0,239,1.0,1.0,0.07,0.06,0.0,255,16,0.06,0.05,0.0,1.0,1.0,0.0,1,95951.0
13,9,8,0,0,0,1,0.0,0.0,1.0,0.0,1.0,1,85,1.0,0.0,0.51,0.0,0.0,0.0,1,96763.0
18,5,0,0,0,0,150,1.0,1.0,0.01,0.06,0.0,255,1,0.0,0.07,0.0,1.0,1.0,0.0,1,646.0
44,5,0,0,0,0,224,1.0,1.0,0.07,0.04,0.0,255,15,0.06,0.05,0.0,1.0,1.0,0.0,1,31990.0
20,5,0,0,0,0,257,1.0,1.0,0.02,0.06,0.0,255,16,0.06,0.08,0.0,1.0,1.0,0.0,1,70920.0
22,1,0,0,0,0,1,0.0,0.0,1.0,0.0,0.0,29,202,1.0,0.0,0.19,0.0,0.0,1.0,0,77036.0
17,9,8,138,0,0,1,0.0,0.0,1.0,0.0,0.0,138,7,0.05,0.04,0.0,0.0,0.0,0.0,0,30663.0
2,5,0,0,0,0,208,1.0,1.0,0.02,0.07,0.0,255,4,0.02,0.07,0.0,1.0,1.0,0.0,1,113362.0
49,9,867,330,0,1,1,0.0,0.0,1.0,0.0,1.0,151,183,0.7,0.03,0.01,0.01,0.01,0.0,0,38587.0
40,9,516,4,0,0,326,0.0,0.0,1.0,0.0,0.0,255,255,1.0,0.0,0.0,0.0,0.0,0.0,0,81440.0
44,5,0,0,0,0,196,1.0,1.0,0.09,0.06,0.0,255,20,0.08,0.06,0.0,1.0,1.0,0.0,1,1211.0
22,1,0,0,0,0,1,0.0,0.0,1.0,0.0,0.0,228,255,1.0,0.0,0.03,0.0,0.0,0.4,0,85080.0
13,9,8,0,0,0,1,0.0,0.0,1.0,0.0,1.0,2,70,1.0,0.0,0.26,0.0,0.0,0.0,1,23627.0
22,9,224,3629,0,1,2,0.0,0.0,1.0,0.0,0.2,255,255,1.0,0.0,0.0,0.0,0.0,0.0,0,102745.0
58,9,183,0,0,0,2,0.0,0.0,0.5,1.0,0.0,255,14,0.05,0.01,0.0,0.0,0.0,0.0,0,95242.0
55,5,0,0,0,0,14,1.0,1.0,0.14,0.29,0.0,96,26,0.25,0.04,0.08,0.98,0.85,0.0,1,121341.0
44,5,0,0,0,0,110,1.0,1.0,0.06,0.07,0.0,255,7,0.03,0.06,0.0,1.0,1.0,0.0,1,4224.0
44,5,0,0,0,0,72,1.0,1.0,0.14,0.07,0.0,255,10,0.04,0.06,0.0,1.0,1.0,0.0,1,107107.0
11,9,45,45,0,0,114,0.0,0.0,1.0,0.0,0.01,255,255,1.0,0.0,0.0,0.0,0.0,0.0,0,33429.0
44,9,28,0,3,0,40,0.0,0.0,1.0,0.0,0.0,255,40,0.16,0.02,0.0,0.0,0.0,0.0,1,8700.0
22,9,372,345,0,1,15,0.0,0.0,1.0,0.0,0.0,255,255,1.0,0.0,0.0,0.0,0.0,0.0,0,38702.0
22,1,0,0,0,0,1,0.0,0.0,1.0,0.0,1.0,214,255,1.0,0.0,0.01,0.0,0.01,0.13,0,85841.0
32,5,0,0,0,0,196,1.0,1.0,0.07,0.07,0.0,255,14,0.05,0.07,0.0,1.0,1.0,0.0,1,67123.0
7,5,0,0,0,0,240,1.0,1.0,0.08,0.06,0.0,255,19,0.07,0.06,0.0,1.0,1.0,0.0,1,33907.0
19,9,5558,0,0,1,15,0.0,0.0,1.0,0.0,0.0,156,86,0.33,0.03,0.02,0.0,0.0,0.0,0,70718.0
35,5,0,0,0,0,300,1.0,1.0,0.07,0.05,0.0,255,20,0.08,0.06,0.0,1.0,1.0,0.0,1,102273.0
55,9,168,3490,0,1,1,0.0,0.0,1.0,0.0,0.0,237,63,0.27,0.02,0.0,0.0,0.0,0.0,0,45407.0
22,9,297,1125,0,1,11,0.0,0.0,1.0,0.0,0.22,255,255,1.0,0.0,0.0,0.0,0.0,0.0,0,43847.0
11,9,44,72,0,0,83,0.0,0.0,1.0,0.0,0.0,255,227,0.89,0.01,0.0,0.0,0.0,0.0,0,8218.0
22,9,293,1214,0,1,5,0.0,0.0,1.0,0.0,0.25,255,255,1.0,0.0,0.0,0.0,0.0,0.0,0,91407.0
22,9,161,27576,0,1,1,0.0,0.0,1.0,0.0,0.33,255,255,1.0,0.0,0.0,0.0,0.0,0.0,0,92974.0
19,9,501760,0,0,0,2,0.0,0.0,1.0,0.0,0.0,148,62,0.42,0.03,0.0,0.0,0.0,0.0,0,48760.0
44,1,0,0,0,0,292,0.0,0.0,0.06,0.06,0.0,255,36,0.14,0.06,0.0,0.0,0.0,1.0,1,81594.0
28,5,0,0,0,0,102,1.0,1.0,0.15,0.06,0.0,255,17,0.07,0.07,0.0,1.0,1.0,0.0,1,17386.0
35,5,0,0,0,0,290,1.0,1.0,0.09,0.05,0.0,255,25,0.1,0.05,0.0,1.0,1.0,0.0,1,27208.0
11,9,110,44,0,0,1,0.0,0.0,1.0,0.0,0.0,33,21,0.64,0.06,0.0,0.0,0.0,0.0,0,91924.0
22,9,152,8718,0,1,1,0.0,0.0,1.0,0.0,0.0,197,255,1.0,0.0,0.02,0.0,0.0,0.0,0,75524.0
44,4,0,0,0,0,1,0.0,0.0,1.0,0.0,0.0,179,1,0.01,0.09,0.0,0.0,0.0,1.0,1,5513.0
22,9,288,879,0,1,21,0.0,0.0,1.0,0.0,0.09,21,255,1.0,0.0,0.01,0.0,0.0,0.0,0,118453.0
12,2,0,0,0,0,113,0.0,0.0,0.1,0.06,0.0,255,11,0.04,0.07,0.0,0.0,0.0,1.0,1,49567.0
49,9,1163,326,0,1,1,0.0,0.0,1.0,0.0,0.0,90,167,0.73,0.04,0.02,0.01,0.01,0.0,0,101650.0
19,9,4539,0,0,0,21,0.0,0.0,1.0,0.0,0.0,255,112,0.44,0.03,0.0,0.0,0.0,0.0,0,33376.0
41,5,0,0,0,0,217,1.0,1.0,0.04,0.06,0.0,255,9,0.04,0.07,0.0,1.0,1.0,0.0,1,57585.0
22,9,306,1041,0,1,18,0.0,0.0,1.0,0.0,0.0,78,255,1.0,0.0,0.04,0.0,0.0,0.0,0,7602.0
22,9,252,1564,0,1,7,0.0,0.0,1.0,0.0,0.0,255,255,1.0,0.0,0.0,0.0,0.0,0.0,0,56757.0
44,5,0,0,0,0,73,1.0,1.0,0.25,0.05,0.0,255,10,0.04,0.06,0.0,1.0,1.0,0.0,1,8995.0
22,9,328,7568,0,1,5,0.0,0.0,1.0,0.0,0.0,27,255,1.0,0.0,0.02,0.0,0.0,0.0,0,43866.0
40,9,145,0,0,0,3,0.0,0.0,0.33,0.67,0.0,255,1,0.0,0.79,0.0,0.0,0.0,0.0,0,110061.0
22,9,195,317,0,1,1,0.0,0.0,1.0,0.0,0.0,104,255,1.0,0.0,0.01,0.0,0.0,0.0,0,85314.0
13,9,8,0,0,0,1,0.0,0.0,1.0,0.0,0.0,255,2,0.01,0.08,0.0,0.53,0.0,0.0,0,45419.0
11,9,45,76,0,0,169,0.0,0.0,1.0,0.0,0.01,255,229,0.9,0.01,0.0,0.0,0.0,0.0,0,53219.0
11,9,44,110,0,0,1,0.0,0.0,1.0,0.0,0.0,23,51,0.7,0.09,0.04,0.0,0.0,0.0,0,114027.0
22,9,325,1875,0,1,13,0.0,0.0,1.0,0.0,0.0,65,255,1.0,0.0,0.06,0.0,0.0,0.0,0,43592.0
22,9,54540,8314,0,1,2,0.0,0.0,1.0,0.0,0.0,255,255,1.0,0.0,0.0,0.0,0.0,0.03,1,39669.0
11,9,43,107,0,0,2,0.0,0.0,1.0,0.0,0.5,255,248,0.97,0.01,0.0,0.0,0.0,0.0,0,100238.0
17,9,8,0,0,0,2,0.0,0.0,0.5,1.0,0.0,60,12,0.08,0.03,0.17,0.0,0.0,0.0,0,81391.0
13,9,18,0,0,0,1,0.0,0.0,1.0,0.0,0.0,1,26,1.0,0.0,1.0,0.0,0.0,0.0,1,79408.0
40,9,2890,0,0,1,9,0.11,0.0,0.11,0.33,0.0,255,1,0.0,0.06,0.0,0.02,0.0,0.0,0,96140.0
44,4,0,0,0,0,1,0.0,0.0,1.0,0.0,0.0,255,1,0.0,0.99,0.0,0.0,0.0,1.0,1,22240.0
13,9,8,0,0,0,1,0.0,0.0,1.0,0.0,1.0,1,86,1.0,0.0,0.51,0.0,0.0,0.0,1,48421.0
22,9,218,4682,0,1,1,0.0,0.0,1.0,0.0,0.0,3,255,1.0,0.0,0.06,0.0,0.0,0.0,0,46112.0
49,9,832,330,0,1,1,0.0,0.0,1.0,0.0,0.0,211,109,0.38,0.03,0.02,0.0,0.0,0.0,0,54589.0
22,9,260,9584,0,1,5,0.0,0.0,1.0,0.0,0.0,255,255,1.0,0.0,0.0,0.0,0.0,0.0,0,101074.0
53,5,0,0,0,0,247,1.0,1.0,0.08,0.06,0.0,255,20,0.08,0.07,0.0,1.0,1.0,0.0,1,62789.0
22,9,314,279,0,1,3,0.0,0.0,1.0,0.0,0.5,170,255,1.0,0.0,0.03,0.0,0.0,0.0,0,34316.0
22,6,266,24527,0,1,1,1.0,1.0,1.0,0.0,0.0,42,255,1.0,0.0,0.05,0.02,0.0,0.0,0,88854.0
22,9,218,454,0,1,18,0.0,0.0,1.0,0.0,0.0,255,255,1.0,0.0,0.0,0.0,0.0,0.0,0,122909.0
36,5,0,0,0,0,202,1.0,1.0,0.06,0.05,0.0,255,13,0.05,0.06,0.0,1.0,1.0,0.0,1,83070.0
44,5,0,0,0,0,177,1.0,1.0,0.02,0.06,0.0,255,17,0.07,0.08,0.0,1.0,1.0,0.0,1,17600.0
49,9,1553,334,0,1,1,0.0,0.0,1.0,0.0,0.0,222,149,0.65,0.03,0.01,0.02,0.02,0.0,0,100011.0
44,5,0,0,0,0,128,1.0,1.0,0.13,0.05,0.0,255,17,0.07,0.08,0.0,1.0,1.0,0.0,1,47082.0
11,9,44,72,0,0,300,0.0,0.0,1.0,0.0,0.0,255,254,1.0,0.01,0.0,0.0,0.0,0.0,0,101519.0
55,9,1832,37667,0,1,1,0.0,0.0,1.0,0.0,0.0,255,77,0.3,0.02,0.0,0.44,0.66,0.01,0,90926.0
4,5,0,0,0,0,272,1.0,1.0,0.02,0.05,0.0,255,6,0.02,0.05,0.0,1.0,1.0,0.0,1,110828.0
58,9,182,0,0,0,2,0.0,0.0,0.5,1.0,0.0,255,18,0.07,0.01,0.0,0.0,0.0,0.0,0,11918.0
44,5,0,0,0,0,103,1.0,1.0,0.04,0.06,0.0,255,20,0.08,0.07,0.0,1.0,1.0,0.0,1,18455.0
44,5,0,0,0,0,280,1.0,1.0,0.05,0.06,0.0,255,8,0.03,0.09,0.0,1.0,1.0,0.0,1,105831.0
13,9,8,0,0,0,1,0.0,0.0,1.0,0.0,1.0,3,163,1.0,0.0,0.25,0.0,0.0,0.0,1,20677.0
22,9,327,788,0,1,4,0.0,0.0,1.0,0.0,0.4,255,255,1.0,0.0,0.0,0.0,0.0,0.0,0,79175.0
22,9,281,307,0,1,9,0.0,0.0,1.0,0.0,0.18,255,255,1.0,0.0,0.0,0.0,0.0,0.0,0,17237.0
44,5,0,0,0,0,230,1.0,1.0,0.0,0.07,0.0,255,20,0.08,0.09,0.0,1.0,1.0,0.0,1,57812.0
22,9,227,253,0,1,2,0.0,0.0,1.0,0.0,0.0,36,255,1.0,0.0,0.07,0.0,0.0,0.0,0,112602.0
13,9,8,0,0,0,1,0.0,0.0,1.0,0.0,1.0,1,79,1.0,0.0,0.51,0.0,0.0,0.0,1,1140.0
44,5,0,0,0,0,109,1.0,1.0,0.11,0.06,0.0,255,8,0.03,0.07,0.0,1.0,1.0,0.0,1,103610.0
44,5,0,0,0,0,293,1.0,1.0,0.04,0.05,0.0,255,16,0.06,0.06,0.0,1.0,1.0,0.0,1,63286.0
3,9,10,35,0,0,2,0.0,0.0,0.5,1.0,0.0,61,11,0.03,0.11,0.18,0.0,0.0,0.0,0,108699.0
22,9,206,306,0,1,3,0.0,0.0,1.0,0.0,0.0,255,255,1.0,0.0,0.0,0.0,0.0,0.0,0,98699.0
11,9,42,42,0,0,6,0.0,0.0,1.0,0.0,0.25,255,247,0.97,0.01,0.0,0.0,0.0,0.0,0,43655.0
49,9,1031,335,0,1,1,0.0,0.0,1.0,0.0,0.0,41,92,0.71,0.05,0.02,0.0,0.0,0.0,0,65143.0
52,5,0,0,0,0,230,1.0,1.0,0.04,0.07,0.0,255,9,0.04,0.08,0.0,1.0,1.0,0.0,1,80315.0
28,5,0,0,0,0,136,1.0,1.0,0.15,0.05,0.0,255,20,0.08,0.05,0.0,1.0,1.0,0.0,1,14032.0
40,1,0,0,0,0,509,0.21,0.0,0.0,1.0,0.0,255,1,0.0,1.0,0.0,0.24,0.0,1.0,1,53368.0
44,5,0,0,0,0,106,1.0,1.0,0.16,0.07,0.0,255,9,0.04,0.07,0.0,1.0,1.0,0.0,1,115129.0
22,1,0,0,0,0,1,0.0,0.0,1.0,0.0,1.0,3,67,1.0,0.0,0.31,0.0,0.0,1.0,0,23599.0
22,9,321,2486,0,1,19,0.0,0.0,1.0,0.0,0.15,255,255,1.0,0.0,0.0,0.0,0.0,0.0,0,99893.0
18,9,1503,4152,0,1,1,0.0,0.0,1.0,0.0,1.0,113,23,0.2,0.04,0.0,0.0,0.0,0.0,0,12160.0
44,9,105,0,0,0,1,0.0,0.0,1.0,0.0,0.0,15,15,1.0,0.0,0.0,0.0,0.0,0.0,0,58134.0
22,9,222,1771,0,1,13,0.0,0.0,1.0,0.0,0.0,55,255,1.0,0.0,0.03,0.0,0.0,0.0,0,87037.0
22,1,0,0,0,0,1,0.0,0.0,1.0,0.0,1.0,2,255,1.0,0.0,0.09,0.0,0.0,0.74,0,59976.0
44,5,0,0,0,0,110,1.0,1.0,0.08,0.06,0.0,255,2,0.01,0.06,0.0,1.0,1.0,0.0,1,2760.0
11,9,46,46,0,0,115,0.0,0.0,0.99,0.02,0.0,255,254,1.0,0.01,0.0,0.0,0.0,0.0,0,1927.0
22,9,321,1259,0,1,16,0.0,0.0,1.0,0.0,0.1,100,255,1.0,0.0,0.02,0.0,0.0,0.0,0,79904.0
17,9,7,137,0,0,1,0.0,0.0,1.0,0.0,0.0,120,11,0.04,0.02,0.18,0.0,0.0,0.0,0,85478.0
49,9,2063,334,0,1,3,0.0,0.0,0.33,0.67,0.0,126,130,0.44,0.06,0.02,0.0,0.0,0.0,0,10542.0
49,9,1150,334,0,1,1,0.0,0.0,1.0,0.0,0.0,198,147,0.74,0.03,0.0,0.0,0.0,0.0,0,28947.0
40,4,1,0,0,0,2,0.0,0.0,1.0,0.0,0.0,255,2,0.01,0.63,0.0,0.0,0.0,1.0,1,78476.0
44,5,0,0,0,0,298,1.0,1.0,0.06,0.06,0.0,255,3,0.01,0.09,0.0,1.0,1.0,0.0,1,112836.0
32,1,0,0,0,0,238,0.0,0.0,0.05,0.07,0.0,255,25,0.1,0.07,0.0,0.0,0.0,1.0,1,43218.0
44,5,0,0,0,0,120,1.0,1.0,0.03,0.06,0.0,255,3,0.01,0.07,0.0,1.0,1.0,0.0,1,109266.0
22,9,252,2018,0,1,1,0.0,0.0,1.0,0.0,0.0,255,250,0.98,0.01,0.0,0.0,0.0,0.0,0,35058.0
40,1,0,0,0,0,509,0.09,0.0,0.0,1.0,0.0,255,1,0.0,1.0,0.0,0.08,0.0,1.0,1,39117.0
8,5,0,0,0,0,150,1.0,1.0,0.13,0.06,0.0,255,4,0.02,0.07,0.0,1.0,1.0,0.0,1,79235.0
19,9,1199,0,0,1,2,0.0,0.0,1.0,0.0,0.0,8,8,1.0,0.0,0.0,0.0,0.0,0.0,0,30277.0
62,4,0,0,0,0,1,0.0,0.0,1.0,0.0,0.0,141,1,0.01,0.31,0.0,0.0,0.0,1.0,1,15998.0
22,9,248,2313,0,1,23,0.0,0.0,1.0,0.0,0.08,23,255,1.0,0.0,0.01,0.0,0.0,0.0,0,580.0
44,5,0,0,0,0,54,1.0,1.0,0.44,0.07,0.0,255,24,0.09,0.05,0.0,1.0,1.0,0.0,1,22062.0
18,5,0,0,0,0,277,1.0,1.0,0.04,0.06,0.0,255,10,0.04,0.08,0.0,1.0,1.0,0.0,1,27879.0
19,5,0,0,0,0,299,1.0,1.0,0.06,0.05,0.0,255,19,0.07,0.06,0.0,1.0,1.0,0.0,1,41968.0
22,9,422,5369,0,1,1,0.0,0.0,1.0,0.0,0.0,255,255,1.0,0.0,0.0,0.0,0.0,0.0,0,66006.0
22,9,236,540,0,1,11,0.0,0.0,1.0,0.0,0.0,31,255,1.0,0.0,0.01,0.0,0.0,0.0,0,4435.0
22,1,0,0,0,0,1,0.0,0.0,1.0,0.0,0.0,5,22,1.0,0.0,0.09,0.0,0.09,0.27,0,23687.0
44,4,1,0,0,0,2,0.0,0.0,1.0,0.0,0.0,255,2,0.01,0.5,0.0,0.0,0.0,1.0,1,105007.0
2,5,0,0,0,0,283,1.0,1.0,0.06,0.06,0.0,255,18,0.07,0.07,0.0,1.0,1.0,0.0,1,104578.0
22,9,327,622,0,1,11,0.0,0.0,1.0,0.0,0.0,255,255,1.0,0.0,0.0,0.0,0.0,0.0,0,112025.0
37,5,0,0,0,0,122,1.0,1.0,0.08,0.06,0.0,255,11,0.04,0.07,0.0,1.0,1.0,0.0,1,83601.0
22,9,282,8544,0,1,1,0.0,0.0,1.0,0.0,0.25,4,78,1.0,0.0,0.1,0.25,0.01,0.0,0,22083.0
22,9,236,258,0,1,26,0.0,0.0,1.0,0.0,0.0,54,255,1.0,0.0,0.05,0.0,0.0,0.0,0,16440.0
22,9,347,1262,0,1,18,0.0,0.0,1.0,0.0,0.0,79,255,1.0,0.0,0.02,0.01,0.0,0.0,0,79833.0
11,9,44,135,0,0,69,0.0,0.0,1.0,0.0,0.01,255,255,1.0,0.0,0.0,0.0,0.0,0.0,0,6450.0
44,9,105,0,0,0,2,0.0,0.0,1.0,0.0,0.0,255,115,0.45,0.01,0.0,0.0,0.0,0.0,0,116655.0
25,5,0,0,0,0,298,1.0,1.0,0.0,0.06,0.0,255,1,0.0,0.07,0.0,1.0,1.0,0.0,1,49138.0
21,1,0,0,0,0,129,0.0,0.0,0.02,0.06,0.0,255,2,0.01,0.07,0.0,0.0,0.0,1.0,1,53084.0
30,5,0,0,0,0,103,1.0,1.0,0.18,0.05,0.0,255,19,0.07,0.05,0.0,1.0,1.0,0.0,1,27973.0
22,9,322,998,0,1,8,0.0,0.0,1.0,0.0,0.0,255,255,1.0,0.0,0.0,0.0,0.0,0.0,0,45055.0
37,1,0,0,0,0,110,0.0,0.0,0.11,0.06,0.0,255,12,0.05,0.06,0.0,0.0,0.0,1.0,1,9637.0
55,5,0,0,0,0,230,1.0,1.0,0.07,0.07,0.0,255,15,0.06,0.09,0.0,1.0,1.0,0.0,1,114658.0
44,5,0,0,0,0,11,1.0,1.0,0.36,0.45,0.0,255,4,0.02,0.07,0.0,1.0,1.0,0.0,1,63887.0
22,9,227,1920,0,1,8,0.0,0.0,1.0,0.0,0.1,137,255,1.0,0.0,0.02,0.0,0.0,0.0,0,66727.0
22,9,241,1481,0,1,12,0.0,0.0,1.0,0.0,0.12,220,255,1.0,0.0,0.03,0.0,0.0,0.0,0,36706.0
22,9,237,1249,0,1,4,0.0,0.0,1.0,0.0,0.2,255,255,1.0,0.0,0.0,0.0,0.0,0.0,0,58323.0
51,5,0,0,0,0,268,1.0,1.0,0.04,0.06,0.0,255,12,0.05,0.07,0.0,1.0,1.0,0.0,1,47469.0
8,5,0,0,0,0,217,1.0,1.0,0.09,0.06,0.0,255,6,0.02,0.08,0.0,1.0,1.0,0.0,1,14387.0
22,9,226,15050,0,1,1,0.0,0.0,1.0,0.0,0.75,50,255,1.0,0.0,0.02,0.02,0.0,0.09,0,45923.0
44,1,0,0,0,0,170,0.0,0.0,0.04,0.07,0.0,255,7,0.03,0.09,0.0,0.0,0.0,1.0,1,40076.0
5,5,0,0,0,0,105,1.0,1.0,0.04,0.07,0.0,255,4,0.02,0.05,0.0,1.0,1.0,0.0,1,91468.0
22,9,307,2625,0,1,11,0.0,0.0,1.0,0.0,0.0,148,255,1.0,0.0,0.02,0.0,0.0,0.0,0,122709.0
12,5,0,0,0,0,210,1.0,1.0,0.09,0.07,0.0,255,19,0.07,0.07,0.0,1.0,1.0,0.0,1,64963.0
33,5,0,0,0,0,161,1.0,1.0,0.05,0.09,0.0,255,8,0.03,0.08,0.0,1.0,1.0,0.0,1,42861.0
22,9,295,3091,0,1,8,0.0,0.0,1.0,0.0,0.0,8,255,1.0,0.0,0.05,0.0,0.0,0.0,0,107277.0
55,9,449,14588,0,1,1,0.0,0.0,1.0,0.0,0.0,255,6,0.02,0.06,0.0,0.93,0.0,0.33,0,53799.0
15,5,0,0,0,0,128,1.0,1.0,0.02,0.06,0.0,255,18,0.07,0.07,0.0,1.0,1.0,0.0,1,55767.0
49,9,1894,386,0,1,1,0.0,0.0,1.0,0.0,0.0,255,50,0.2,0.02,0.0,0.6,0.0,0.0,0,58018.0
49,9,1440,335,0,1,1,0.0,0.0,1.0,0.0,0.0,162,78,0.17,0.44,0.03,0.0,0.0,0.0,0,104502.0
44,9,28,0,3,0,18,0.0,0.0,1.0,0.0,0.0,255,18,0.07,0.02,0.0,0.0,0.0,0.0,1,100498.0
4,5,0,0,0,0,212,1.0,1.0,0.01,0.06,0.0,255,2,0.01,0.06,0.0,1.0,1.0,0.0,1,6759.0
49,9,578,333,0,1,1,0.0,0.0,1.0,0.0,1.0,73,148,0.74,0.04,0.01,0.0,0.0,0.0,0,119599.0
44,1,0,0,0,0,2,0.0,0.0,0.5,1.0,0.0,255,1,0.0,0.65,0.0,0.0,0.0,1.0,1,25682.0
19,9,4892,0,0,1,8,0.0,0.0,1.0,0.0,0.0,106,94,0.19,0.05,0.02,0.0,0.0,0.0,0,49737.0
49,9,1021,331,0,1,1,0.0,0.0,1.0,0.0,0.0,6,199,0.83,0.33,0.02,0.0,0.0,0.0,0,41295.0
49,9,1079,326,0,1,1,0.0,0.0,1.0,0.0,0.0,2,131,1.0,0.0,0.02,0.0,0.0,0.0,0,81980.0
14,9,1032,0,0,0,511,0.0,0.0,1.0,0.0,0.0,176,31,0.18,0.02,0.0,0.0,0.0,0.0,1,22163.0
22,9,215,466,0,1,1,0.0,0.0,1.0,0.0,0.4,1,255,1.0,0.0,0.02,0.0,0.0,0.0,0,101466.0
19,9,201,0,0,1,14,0.0,0.0,0.93,0.14,0.0,255,86,0.34,0.02,0.0,0.0,0.0,0.0,0,55132.0
11,9,45,45,0,0,161,0.0,0.0,0.99,0.01,0.01,255,254,1.0,0.01,0.0,0.0,0.0,0.0,0,46823.0
22,1,0,0,0,0,230,0.0,0.0,0.04,0.07,0.0,255,9,0.04,0.08,0.0,0.0,0.0,1.0,1,118540.0
22,9,312,285,0,1,17,0.0,0.0,1.0,0.0,0.0,255,255,1.0,0.0,0.0,0.0,0.0,0.0,0,20612.0
44,5,0,0,0,0,119,1.0,1.0,0.08,0.06,0.0,255,10,0.04,0.07,0.0,1.0,1.0,0.0,1,68121.0
22,9,226,3102,0,1,11,0.0,0.0,1.0,0.0,0.0,83,255,1.0,0.0,0.02,0.0,0.0,0.0,0,112205.0
18,4,0,0,0,0,1,0.0,0.0,1.0,0.0,0.0,255,1,0.0,0.38,0.0,0.0,0.0,1.0,1,82580.0
44,5,0,0,0,0,104,1.0,1.0,0.04,0.06,0.0,255,27,0.11,0.05,0.0,1.0,1.0,0.0,1,52727.0
22,9,276,5100,0,1,5,0.0,0.0,1.0,0.0,0.12,10,255,1.0,0.0,0.05,0.0,0.0,0.0,0,55245.0
44,5,0,0,0,0,240,1.0,1.0,0.0,0.06,0.0,255,20,0.08,0.08,0.0,1.0,1.0,0.0,1,74842.0
60,5,0,0,0,0,64,1.0,1.0,0.28,0.08,0.0,255,18,0.07,0.08,0.0,1.0,1.0,0.0,1,27515.0
58,9,78,0,0,0,43,0.0,0.0,0.14,0.05,0.0,255,11,0.04,0.01,0.0,0.0,0.0,0.0,0,99774.0
44,5,0,0,0,0,110,1.0,1.0,0.15,0.05,0.0,255,30,0.12,0.06,0.0,1.0,1.0,0.0,1,118725.0
22,9,300,5133,0,1,15,0.0,0.0,1.0,0.0,0.2,255,255,1.0,0.0,0.0,0.0,0.0,0.0,0,105577.0
13,9,18,0,0,0,1,0.0,0.0,1.0,0.0,0.0,1,210,1.0,0.0,1.0,0.0,0.0,0.0,1,110648.0
13,9,8,0,0,0,1,0.0,0.0,1.0,0.0,1.0,1,121,1.0,0.0,0.26,0.0,0.0,0.0,1,81663.0
44,5,0,0,0,0,275,1.0,1.0,0.01,0.06,0.0,255,10,0.04,0.08,0.0,1.0,1.0,0.0,1,77219.0
17,5,0,0,0,0,254,1.0,1.0,0.01,0.07,0.0,255,2,0.01,0.07,0.0,1.0,1.0,0.0,1,1514.0
18,9,905,2586,0,1,1,0.0,0.0,1.0,0.0,0.0,80,27,0.34,0.04,0.0,0.0,0.0,0.0,0,121746.0
22,9,228,12471,0,1,18,0.0,0.0,1.0,0.0,0.0,39,255,1.0,0.0,0.02,0.0,0.0,0.0,0,38658.0
11,9,45,115,0,0,1,0.0,0.0,1.0,0.0,1.0,255,234,0.92,0.01,0.0,0.0,0.0,0.0,0,47088.0
44,5,0,0,0,0,230,1.0,1.0,0.05,0.07,0.0,255,11,0.04,0.09,0.0,1.0,1.0,0.0,1,101158.0
40,9,1,0,0,0,1,0.0,0.0,1.0,0.0,0.0,255,1,0.0,0.2,0.0,0.0,0.0,0.0,1,80587.0
22,9,208,894,0,1,21,0.0,0.0,1.0,0.0,0.09,255,255,1.0,0.0,0.0,0.0,0.0,0.0,0,90968.0
11,9,45,130,0,0,173,0.0,0.0,1.0,0.0,0.0,98,59,0.6,0.03,0.0,0.0,0.0,0.0,0,35067.0
22,9,225,1160,0,1,7,0.0,0.0,1.0,0.0,0.0,255,255,1.0,0.0,0.0,0.0,0.0,0.0,0,92483.0
44,1,0,0,0,0,245,0.1,0.0,0.0,1.0,0.0,255,1,0.0,0.99,0.0,0.1,0.0,1.0,1,105099.0
26,5,0,0,0,0,144,1.0,1.0,0.14,0.06,0.0,255,20,0.08,0.06,0.0,1.0,1.0,0.0,1,96180.0
22,1,0,0,0,0,1,0.0,0.0,1.0,0.0,0.0,24,255,1.0,0.0,0.09,0.0,0.0,0.98,0,30765.0
22,9,175,3108,0,1,1,0.0,0.0,1.0,0.0,0.0,40,255,1.0,0.0,0.02,0.0,0.0,0.0,0,107956.0
17,9,9,223,0,0,1,0.0,0.0,1.0,0.0,0.0,96,14,0.03,0.06,0.14,0.0,0.07,0.0,0,100828.0
19,6,10220,0,0,1,3,0.33,0.33,1.0,0.0,0.0,162,54,0.28,0.03,0.04,0.01,0.02,0.0,0,6369.0
2,5,0,0,0,0,213,1.0,1.0,0.03,0.06,0.0,255,7,0.03,0.06,0.0,1.0,1.0,0.0,1,121300.0
22,9,242,15360,0,1,4,0.0,0.0,1.0,0.0,0.0,32,255,1.0,0.0,0.07,0.0,0.0,0.0,0,10057.0
44,5,0,0,0,0,250,1.0,1.0,0.02,0.05,0.0,255,4,0.02,0.06,0.0,1.0,1.0,0.0,1,88642.0
19,9,15722,0,0,1,6,0.17,0.17,1.0,0.0,0.0,181,94,0.42,0.04,0.02,0.01,0.01,0.0,0,63836.0
44,9,1,0,0,0,154,0.0,0.0,0.94,0.01,0.0,255,207,0.81,0.03,0.0,0.0,0.0,0.0,1,50958.0
2,5,0,0,0,0,268,1.0,1.0,0.01,0.05,0.0,255,4,0.02,0.05,0.0,1.0,1.0,0.0,1,39164.0
18,5,0,0,0,0,266,1.0,1.0,0.06,0.06,0.0,255,17,0.07,0.06,0.0,1.0,1.0,0.0,1,47798.0
22,9,201,5347,0,1,5,0.0,0.0,1.0,0.0,0.0,5,255,1.0,0.0,0.05,0.0,0.0,0.0,0,20683.0
9,5,0,0,0,0,278,1.0,1.0,0.09,0.05,0.0,255,24,0.09,0.05,0.0,1.0,1.0,0.0,1,94055.0
17,9,6,139,0,0,1,0.0,0.0,1.0,0.0,0.0,255,6,0.02,0.28,0.0,0.0,0.0,0.0,0,59315.0
4,5,0,0,0,0,263,1.0,1.0,0.02,0.06,0.0,255,5,0.02,0.07,0.0,1.0,1.0,0.0,1,11058.0
11,9,44,44,0,0,162,0.0,0.0,1.0,0.0,0.0,255,255,1.0,0.0,0.0,0.0,0.0,0.0,0,10440.0
61,1,0,0,0,0,160,0.0,0.0,0.03,0.07,0.0,255,4,0.02,0.08,0.0,0.0,0.0,1.0,1,43552.0
44,5,0,0,0,0,224,1.0,1.0,0.02,0.05,0.0,255,4,0.02,0.05,0.0,1.0,1.0,0.0,1,98162.0
35,5,0,0,0,0,294,1.0,1.0,0.06,0.05,0.0,255,10,0.04,0.06,0.0,1.0,1.0,0.0,1,115112.0
40,4,0,0,0,0,1,0.0,0.0,1.0,0.0,0.0,255,1,0.0,1.0,0.0,0.0,0.0,1.0,1,54927.0
22,9,215,469,0,1,3,0.0,0.0,1.0,0.0,0.0,3,255,1.0,0.0,0.02,0.0,0.01,0.0,0,26094.0
22,9,299,2434,0,1,39,0.0,0.0,1.0,0.0,0.0,39,255,1.0,0.0,0.07,0.0,0.0,0.0,0,96924.0
3,5,0,0,0,0,263,1.0,1.0,0.07,0.06,0.0,255,18,0.07,0.07,0.0,1.0,1.0,0.0,1,28512.0
32,1,0,0,0,0,238,0.0,0.0,0.05,0.07,0.0,255,12,0.05,0.08,0.0,0.0,0.0,1.0,1,45438.0
22,9,199,654,0,1,15,0.0,0.0,1.0,0.0,0.0,255,255,1.0,0.0,0.0,0.0,0.0,0.0,0,107566.0
49,9,2083,378,0,1,1,0.0,0.0,1.0,0.0,0.0,75,201,0.77,0.04,0.01,0.01,0.0,0.0,0,123299.0
44,5,0,0,0,0,106,1.0,1.0,0.03,0.07,0.0,255,2,0.01,0.07,0.0,1.0,1.0,0.0,1,35757.0
60,1,0,0,0,0,108,0.0,0.0,0.04,0.07,0.0,255,4,0.02,0.07,0.0,0.0,0.0,1.0,1,17914.0
10,5,0,0,0,0,259,1.0,1.0,0.08,0.05,0.0,255,21,0.08,0.05,0.0,1.0,1.0,0.0,1,124271.0
44,9,105,146,0,0,1,0.0,0.0,1.0,0.0,0.0,128,111,0.87,0.02,0.0,0.0,0.0,0.0,0,4925.0
49,9,705,326,0,1,1,0.0,0.0,1.0,0.0,0.0,49,145,0.39,0.06,0.01,0.0,0.0,0.0,0,108626.0
22,9,361,6792,0,1,18,0.0,0.0,1.0,0.0,0.0,166,255,1.0,0.0,0.01,0.0,0.0,0.0,0,99875.0
62,5,0,0,0,0,289,1.0,1.0,0.04,0.06,0.0,255,2,0.01,0.07,0.0,1.0,1.0,0.0,1,37855.0
22,9,213,3120,0,1,2,0.0,0.0,1.0,0.0,0.0,43,255,1.0,0.0,0.05,0.0,0.0,0.0,0,60860.0
44,5,0,0,0,0,266,1.0,1.0,0.09,0.05,0.0,207,25,0.12,0.07,0.0,0.93,1.0,0.0,1,100486.0
11,9,44,136,0,0,68,0.0,0.0,1.0,0.0,0.01,255,255,1.0,0.0,0.0,0.0,0.0,0.0,0,105608.0
11,9,43,109,0,0,126,0.0,0.0,0.99,0.02,0.01,255,254,1.0,0.01,0.0,0.0,0.0,0.0,0,62516.0
6,5,0,0,0,0,228,1.0,1.0,0.07,0.05,0.0,255,16,0.06,0.06,0.0,1.0,1.0,0.0,1,21180.0
22,9,211,923,0,1,2,0.0,0.0,1.0,0.0,0.43,2,255,1.0,0.0,0.02,0.0,0.0,0.0,0,72960.0
22,9,224,5260,0,1,16,0.0,0.0,1.0,0.0,0.12,255,255,1.0,0.0,0.0,0.0,0.0,0.0,0,68327.0
22,5,0,0,0,0,54,1.0,1.0,0.3,0.07,0.0,216,56,0.26,0.02,0.0,0.99,1.0,0.0,1,48893.0
31,1,0,0,0,0,267,0.0,0.0,0.02,0.06,0.0,255,6,0.02,0.08,0.0,0.0,0.0,1.0,1,12140.0
44,5,0,0,0,0,102,1.0,1.0,0.12,0.06,0.0,255,11,0.04,0.07,0.0,1.0,1.0,0.0,1,76688.0
22,9,230,6085,0,1,7,0.14,0.08,1.0,0.0,0.17,55,255,1.0,0.0,0.01,0.02,0.0,0.0,0,67667.0
13,9,8,0,0,0,1,0.0,0.0,1.0,0.0,1.0,2,86,1.0,0.0,0.5,0.0,0.0,0.0,1,41912.0
22,1,0,0,0,0,1,0.0,0.0,1.0,0.0,0.0,10,189,1.0,0.0,0.15,0.0,0.0,1.0,0,112020.0
44,9,1,0,0,0,162,0.0,0.0,0.88,0.02,0.0,255,177,0.69,0.04,0.0,0.0,0.0,0.0,1,24872.0
44,9,105,147,0,0,9,0.0,0.0,0.22,0.22,0.0,255,236,0.93,0.01,0.0,0.0,0.0,0.0,0,54627.0
35,5,0,0,0,0,50,1.0,1.0,0.34,0.12,0.0,255,17,0.07,0.08,0.0,1.0,1.0,0.0,1,91865.0
22,9,309,18823,0,1,2,0.0,0.0,1.0,0.0,0.0,49,255,1.0,0.0,0.03,0.0,0.0,0.0,0,105840.0
22,9,159,3991,0,1,1,0.0,0.0,1.0,0.0,0.0,15,255,1.0,0.0,0.04,0.0,0.0,0.0,0,44556.0
44,5,0,0,0,0,118,1.0,1.0,0.04,0.06,0.0,255,6,0.02,0.07,0.0,1.0,1.0,0.0,1,102433.0
44,5,0,0,0,0,139,1.0,1.0,0.12,0.06,0.0,42,17,0.4,0.1,0.0,1.0,1.0,0.0,1,111388.0
53,1,0,0,0,0,230,0.0,0.0,0.07,0.07,0.0,255,16,0.06,0.07,0.0,0.0,0.0,1.0,1,121751.0
22,9,221,388,0,1,2,0.0,0.0,1.0,0.0,0.18,16,255,1.0,0.0,0.02,0.0,0.0,0.0,0,93168.0
44,1,0,0,0,0,1,0.0,0.0,1.0,0.0,0.0,255,1,0.0,0.73,0.0,0.0,0.0,1.0,1,107237.0
22,9,237,24065,0,1,3,0.0,0.0,1.0,0.0,0.33,255,255,1.0,0.0,0.0,0.0,0.0,0.0,0,26451.0
44,5,0,0,0,0,125,1.0,1.0,0.02,0.06,0.0,255,11,0.04,0.07,0.0,1.0,1.0,0.0,1,103375.0
44,5,0,0,0,0,242,1.0,1.0,0.07,0.06,0.0,255,12,0.05,0.08,0.0,1.0,1.0,0.0,1,24017.0
22,9,222,480,0,1,9,0.11,0.11,1.0,0.0,0.0,108,255,1.0,0.0,0.01,0.01,0.0,0.0,0,33835.0
13,9,8,0,0,0,1,0.0,0.0,1.0,0.0,1.0,2,56,1.0,0.0,0.5,0.0,0.0,0.0,1,104441.0
44,5,0,0,0,0,296,1.0,1.0,0.07,0.06,0.0,255,36,0.14,0.06,0.0,1.0,1.0,0.0,1,102871.0
11,9,45,138,0,0,150,0.0,0.0,0.99,0.01,0.01,255,228,0.89,0.02,0.0,0.0,0.0,0.0,0,10044.0
14,9,1032,0,0,0,511,0.0,0.0,1.0,0.0,0.0,255,196,0.77,0.15,0.0,0.0,0.0,0.0,1,82491.0
62,5,0,0,0,0,239,1.0,1.0,0.08,0.06,0.0,255,19,0.07,0.08,0.0,1.0,1.0,0.0,1,71854.0
13,9,18,0,0,0,1,0.0,0.0,1.0,0.0,0.0,4,228,1.0,0.0,0.25,0.0,0.0,0.0,1,117123.0
22,9,288,267,0,1,3,0.0,0.0,1.0,0.0,0.0,175,255,1.0,0.0,0.02,0.01,0.0,0.0,0,119824.0
59,2,0,0,0,0,114,0.0,0.0,0.09,0.07,0.0,255,10,0.04,0.07,0.0,0.0,0.0,1.0,1,49365.0
22,1,0,0,0,0,1,0.0,0.0,1.0,0.0,0.0,10,236,1.0,0.0,0.03,0.0,0.0,0.87,0,54842.0
22,9,54540,8314,0,1,4,0.0,0.0,1.0,0.0,0.0,234,234,1.0,0.0,0.0,0.0,0.0,0.06,1,65089.0
44,1,0,0,0,0,298,0.07,0.0,0.0,1.0,0.0,255,1,0.0,1.0,0.0,0.08,0.0,1.0,1,34627.0
22,1,0,0,0,0,1,0.0,0.0,1.0,0.0,0.0,2,225,1.0,0.0,0.16,0.0,0.0,0.92,0,63012.0
40,4,1,0,0,0,2,0.0,0.0,1.0,0.0,0.0,255,2,0.01,0.74,0.0,0.0,0.0,1.0,1,41256.0
44,9,28,0,3,0,4,0.0,0.0,1.0,0.0,0.0,207,4,0.02,0.05,0.0,0.02,0.0,0.0,1,92573.0
19,9,334,0,0,1,1,0.0,0.0,1.0,0.0,0.0,3,39,1.0,0.0,0.18,0.0,0.0,0.0,1,121339.0
3,9,9,37,0,0,2,0.0,0.0,0.5,1.0,0.0,255,6,0.02,0.03,0.0,0.0,0.0,0.0,0,122008.0
44,5,0,0,0,0,221,1.0,1.0,0.03,0.07,0.0,255,6,0.02,0.09,0.0,1.0,1.0,0.0,1,11831.0
44,5,0,0,0,0,229,1.0,1.0,0.08,0.07,0.0,255,3,0.01,0.07,0.0,1.0,1.0,0.0,1,93332.0
40,4,1,0,0,0,2,0.0,0.0,1.0,0.0,0.0,255,2,0.01,0.73,0.0,0.0,0.0,1.0,1,776.0
51,5,0,0,0,0,92,1.0,1.0,0.14,0.07,0.0,255,12,0.05,0.08,0.0,1.0,1.0,0.0,1,60726.0
40,9,113,0,0,0,34,0.0,0.0,0.97,0.06,0.0,255,33,0.13,0.52,0.0,0.0,0.0,0.0,0,14941.0
22,9,354,198,0,1,1,0.0,0.0,1.0,0.0,1.0,2,247,1.0,0.0,0.13,0.0,0.0,0.74,0,100527.0
22,9,219,7221,0,1,12,0.0,0.0,1.0,0.0,0.21,110,255,1.0,0.0,0.03,0.0,0.0,0.0,0,78825.0
22,1,0,0,0,0,1,0.0,0.0,1.0,0.0,0.0,52,250,1.0,0.0,0.14,0.0,0.0,1.0,0,50795.0
44,5,0,0,0,0,132,1.0,1.0,0.06,0.06,0.0,255,7,0.03,0.08,0.0,1.0,1.0,0.0,1,102611.0
22,9,199,940,0,1,5,0.0,0.0,1.0,0.0,0.0,6,255,1.0,0.0,0.03,0.0,0.0,0.0,0,107335.0
44,5,0,0,0,0,230,1.0,1.0,0.03,0.07,0.0,255,5,0.02,0.06,0.0,1.0,1.0,0.0,1,118748.0
19,9,9178,0,0,1,8,0.0,0.0,1.0,0.0,0.0,102,40,0.39,0.05,0.0,0.0,0.0,0.0,0,74911.0
19,9,209,0,0,1,1,0.0,0.0,1.0,0.0,0.0,5,53,0.8,0.4,0.06,0.0,0.0,0.0,0,72524.0
22,9,168,499,0,1,1,0.0,0.0,1.0,0.0,0.0,3,255,1.0,0.0,0.04,0.0,0.0,0.0,0,80180.0
52,5,0,0,0,0,172,1.0,1.0,0.07,0.06,0.0,255,13,0.05,0.07,0.0,1.0,1.0,0.0,1,27284.0
44,1,0,0,0,0,2,0.0,0.0,0.5,1.0,0.0,255,1,0.0,0.39,0.0,0.2,0.0,1.0,1,41111.0
44,5,0,0,0,0,267,1.0,1.0,0.02,0.06,0.0,255,7,0.03,0.07,0.0,1.0,1.0,0.0,1,92278.0
19,9,192,0,0,0,1,0.0,0.0,1.0,0.0,0.0,106,12,0.11,0.04,0.0,0.0,0.0,0.0,0,116727.0
44,5,0,0,0,0,31,1.0,1.0,0.06,0.16,0.0,255,2,0.01,0.07,0.0,1.0,1.0,0.0,1,38408.0
22,9,212,267,0,1,17,0.0,0.0,1.0,0.0,0.11,46,255,1.0,0.0,0.02,0.0,0.0,0.0,0,108740.0
19,9,19,0,0,0,2,0.0,0.0,0.5,1.0,0.0,255,35,0.14,0.47,0.0,0.0,0.0,0.0,0,79721.0
49,9,951,330,0,1,1,0.0,0.0,1.0,0.0,1.0,72,48,0.67,0.04,0.0,0.0,0.0,0.0,0,22375.0
44,5,0,0,0,0,68,1.0,1.0,0.13,0.07,0.0,255,9,0.04,0.07,0.0,1.0,1.0,0.0,1,74001.0
44,9,1,0,0,0,11,0.0,0.0,0.18,0.73,0.0,255,2,0.01,0.32,0.0,0.0,0.0,0.0,1,26097.0
40,9,147,105,0,0,1,0.0,0.0,1.0,0.0,0.0,255,1,0.0,0.48,0.0,0.0,0.0,0.0,0,21589.0
22,9,202,6527,0,1,8,0.0,0.0,1.0,0.0,0.0,24,255,1.0,0.0,0.02,0.0,0.0,0.0,0,5845.0
22,9,197,560,0,1,3,0.0,0.0,1.0,0.0,0.0,3,255,1.0,0.0,0.03,0.0,0.0,0.0,0,46466.0
49,9,1084,321,0,1,1,0.0,0.0,1.0,0.0,0.0,129,142,0.3,0.05,0.01,0.02,0.0,0.0,0,36633.0
44,5,0,0,0,0,293,1.0,1.0,0.03,0.05,0.0,255,4,0.02,0.06,0.0,1.0,1.0,0.0,1,86727.0
44,5,0,0,0,0,114,1.0,1.0,0.11,0.08,0.0,255,12,0.05,0.07,0.0,1.0,1.0,0.0,1,107017.0
59,2,0,0,0,0,105,0.0,0.0,0.04,0.08,0.0,255,4,0.02,0.06,0.0,0.0,0.0,1.0,1,22858.0
11,9,43,73,0,0,129,0.0,0.0,1.0,0.0,0.0,255,224,0.88,0.01,0.0,0.0,0.0,0.0,0,26337.0
54,5,0,0,0,0,296,1.0,1.0,0.08,0.05,0.0,255,25,0.1,0.05,0.0,1.0,1.0,0.0,1,123788.0
55,5,0,0,0,0,12,1.0,1.0,0.25,0.25,0.0,255,65,0.25,0.02,0.0,1.0,1.0,0.0,1,76693.0
44,1,0,0,0,0,288,0.11,0.0,0.0,1.0,0.0,255,1,0.0,1.0,0.0,0.1,0.0,1.0,1,43534.0
22,9,345,294,0,1,8,0.0,0.0,1.0,0.0,0.07,255,255,1.0,0.0,0.0,0.0,0.0,0.0,0,2775.0
11,9,44,73,0,0,236,0.0,0.0,1.0,0.0,0.0,255,250,0.98,0.01,0.0,0.0,0.0,0.0,0,1709.0
11,9,29,0,0,0,1,0.0,0.0,1.0,0.0,1.0,153,15,0.1,0.05,0.0,0.02,0.0,0.0,0,113744.0
41,5,0,0,0,0,267,1.0,1.0,0.06,0.06,0.0,255,16,0.06,0.07,0.0,1.0,1.0,0.0,1,10387.0
44,5,0,0,0,0,283,1.0,1.0,0.06,0.05,0.0,255,5,0.02,0.08,0.0,1.0,1.0,0.0,1,45665.0
13,9,8,0,0,0,1,0.0,0.0,1.0,0.0,1.0,2,170,1.0,0.0,0.25,0.0,0.0,0.0,1,10840.0
59,5,0,0,0,0,141,1.0,1.0,0.11,0.06,0.0,255,16,0.06,0.06,0.0,1.0,1.0,0.0,1,66292.0
22,9,287,749,0,1,1,0.0,0.0,1.0,0.0,0.29,3,255,1.0,0.0,0.02,0.0,0.0,0.0,0,35776.0
22,9,214,12002,0,1,3,0.0,0.0,1.0,0.0,0.0,109,255,1.0,0.0,0.03,0.01,0.0,0.0,0,112683.0
22,9,221,4603,0,1,2,0.0,0.0,1.0,0.0,0.0,93,255,1.0,0.0,0.03,0.0,0.0,0.0,0,120741.0
13,9,18,0,0,0,1,0.0,0.0,1.0,0.0,0.0,2,250,1.0,0.0,0.25,0.0,0.0,0.0,1,97338.0
22,1,0,0,0,0,1,0.0,0.0,1.0,0.0,1.0,22,255,1.0,0.0,0.1,0.0,0.0,0.8,0,20073.0
22,9,350,5280,0,1,7,0.0,0.0,1.0,0.0,0.0,141,255,1.0,0.0,0.02,0.0,0.0,0.0,0,49337.0
22,9,294,10347,0,1,1,0.0,0.0,1.0,0.0,0.0,1,255,1.0,0.0,0.06,0.0,0.0,0.0,0,51808.0
14,9,1032,0,0,0,153,0.0,0.0,1.0,0.0,0.0,255,153,0.6,0.01,0.0,0.0,0.0,0.0,1,75653.0
22,9,198,2656,0,1,8,0.0,0.0,1.0,0.0,0.22,117,255,1.0,0.0,0.01,0.0,0.0,0.0,0,2615.0
44,5,0,0,0,0,266,1.0,1.0,0.0,0.06,0.0,255,3,0.01,0.09,0.0,1.0,1.0,0.0,1,79719.0
32,5,0,0,0,0,278,1.0,1.0,0.05,0.06,0.0,255,15,0.06,0.07,0.0,1.0,1.0,0.0,1,106401.0
11,9,102,0,0,0,1,0.0,0.0,1.0,0.0,1.0,186,120,0.65,0.02,0.0,0.0,0.0,0.0,0,28964.0
59,5,0,0,0,0,136,1.0,1.0,0.05,0.06,0.0,255,7,0.03,0.06,0.0,1.0,1.0,0.0,1,110761.0
22,9,280,1904,0,1,19,0.0,0.0,1.0,0.0,0.1,19,255,1.0,0.0,0.05,0.0,0.0,0.0,0,29256.0
44,5,0,0,0,0,284,1.0,1.0,0.06,0.06,0.0,255,16,0.06,0.08,0.0,1.0,1.0,0.0,1,7646.0
21,5,0,0,0,0,27,1.0,1.0,0.33,0.19,0.0,255,10,0.04,0.08,0.0,1.0,1.0,0.0,1,10430.0
33,5,0,0,0,0,212,1.0,1.0,0.03,0.07,0.0,255,6,0.02,0.09,0.0,1.0,1.0,0.0,1,83452.0
49,9,1338,397,0,1,1,0.0,0.0,1.0,0.0,0.8,3,181,1.0,0.0,0.01,0.0,0.0,0.0,0,103974.0
11,9,44,126,0,0,78,0.0,0.0,1.0,0.0,0.01,255,210,0.82,0.01,0.0,0.0,0.0,0.0,0,66038.0
49,9,615,339,0,1,1,0.0,0.0,1.0,0.0,0.0,195,242,0.96,0.01,0.01,0.0,0.0,0.0,0,27957.0
22,9,227,484,0,1,6,0.0,0.0,1.0,0.0,0.0,79,255,1.0,0.0,0.02,0.01,0.0,0.0,0,22535.0
30,5,0,0,0,0,6,1.0,1.0,0.17,0.5,0.0,255,16,0.06,0.07,0.0,1.0,1.0,0.0,1,122371.0
22,9,283,16588,0,1,7,0.0,0.0,1.0,0.0,0.0,66,255,1.0,0.0,0.04,0.0,0.0,0.0,0,18142.0
22,9,186,14515,0,1,7,0.0,0.0,1.0,0.0,0.27,32,255,1.0,0.0,0.03,0.0,0.0,0.0,0,1397.0
44,1,0,0,0,0,294,0.0,0.0,0.06,0.06,0.0,255,22,0.09,0.07,0.0,0.0,0.0,1.0,1,49923.0
11,9,44,80,0,0,141,0.0,0.0,1.0,0.0,0.01,255,223,0.87,0.01,0.0,0.0,0.0,0.0,0,80234.0
13,9,8,0,0,0,1,0.0,0.0,1.0,0.0,1.0,2,92,1.0,0.0,0.5,0.0,0.0,0.0,1,117673.0
22,9,217,124,0,1,3,0.0,0.0,1.0,0.0,0.3,21,255,1.0,0.0,0.07,0.0,0.0,0.0,0,73975.0
49,9,678,332,0,1,1,0.0,0.0,1.0,0.0,0.0,255,28,0.11,0.53,0.0,0.0,0.0,0.0,0,55911.0
22,9,144,584,0,1,1,0.0,0.0,1.0,0.0,0.0,39,255,1.0,0.0,0.02,0.05,0.01,0.0,0,32303.0
22,9,365,301,0,1,4,0.0,0.0,1.0,0.0,0.0,73,255,1.0,0.0,0.05,0.0,0.01,0.0,0,100978.0
22,9,214,15150,0,1,10,0.0,0.0,1.0,0.0,0.0,40,255,1.0,0.0,0.04,0.0,0.0,0.0,0,9707.0
19,9,491,0,0,0,2,0.0,0.0,1.0,0.0,0.0,101,7,0.07,0.05,0.0,0.0,0.0,0.0,0,85705.0
32,5,0,0,0,0,297,1.0,1.0,0.08,0.05,0.0,255,24,0.09,0.05,0.0,1.0,1.0,0.0,1,98839.0
49,9,1027,334,0,1,1,0.0,0.0,1.0,0.0,0.75,79,243,0.96,0.03,0.01,0.0,0.0,0.0,0,98329.0
44,5,0,0,0,0,109,1.0,1.0,0.09,0.06,0.0,255,15,0.06,0.07,0.0,1.0,1.0,0.0,1,18839.0
22,9,238,7914,0,1,7,0.0,0.0,1.0,0.0,0.0,255,255,1.0,0.0,0.0,0.0,0.0,0.0,0,29448.0
24,5,0,0,0,0,275,1.0,1.0,0.05,0.05,0.0,255,14,0.05,0.05,0.0,1.0,1.0,0.0,1,20869.0
22,9,232,392,0,1,6,0.0,0.0,1.0,0.0,0.0,255,255,1.0,0.0,0.0,0.0,0.0,0.0,0,35924.0
44,4,0,0,0,0,1,0.0,0.0,1.0,0.0,0.0,255,1,0.0,0.61,0.0,0.0,0.0,1.0,1,88515.0
22,9,240,311,0,1,4,0.0,0.0,1.0,0.0,0.3,4,255,1.0,0.0,0.03,0.0,0.0,0.0,0,95283.0
19,5,0,0,0,0,33,1.0,1.0,0.39,0.06,0.0,35,59,0.37,0.09,0.03,0.94,0.22,0.0,1,122032.0
6,5,0,0,0,0,225,1.0,1.0,0.0,0.07,0.0,255,1,0.0,0.09,0.0,1.0,1.0,0.0,1,96770.0
53,5,0,0,0,0,114,1.0,1.0,0.16,0.05,0.0,255,18,0.07,0.05,0.0,1.0,1.0,0.0,1,113489.0
19,5,0,0,0,0,13,0.92,1.0,0.23,0.38,0.0,255,45,0.18,0.04,0.0,1.0,1.0,0.0,1,83617.0
22,5,0,0,0,0,14,1.0,1.0,0.36,0.29,0.0,176,45,0.26,0.02,0.0,0.99,1.0,0.0,1,98879.0
50,1,0,0,0,0,228,0.0,0.0,0.07,0.07,0.0,255,16,0.06,0.09,0.0,0.0,0.0,1.0,1,62075.0
44,5,0,0,0,0,287,1.0,1.0,0.06,0.06,0.0,255,18,0.07,0.07,0.0,1.0,1.0,0.0,1,51048.0
16,5,0,0,0,0,138,1.0,1.0,0.17,0.05,0.0,255,24,0.09,0.05,0.0,1.0,1.0,0.0,1,106003.0
22,9,216,10041,0,1,14,0.0,0.0,1.0,0.0,0.21,14,255,1.0,0.0,0.06,0.0,0.0,0.0,0,55596.0
44,5,0,0,0,0,294,1.0,1.0,0.02,0.05,0.0,255,5,0.02,0.06,0.0,1.0,1.0,0.0,1,121032.0
22,9,297,307,0,1,2,0.0,0.0,1.0,0.0,0.0,3,255,1.0,0.0,0.05,0.0,0.0,0.41,0,46256.0
62,5,0,0,0,0,202,1.0,1.0,0.07,0.06,0.0,255,18,0.07,0.07,0.0,1.0,1.0,0.0,1,33028.0
19,9,7196,0,0,0,2,0.0,0.0,1.0,0.0,0.0,8,73,1.0,0.0,0.03,0.0,0.0,0.0,0,29515.0
40,1,0,0,0,0,434,0.08,0.0,0.0,1.0,0.0,255,1,0.0,1.0,0.0,0.06,0.0,1.0,1,43155.0
14,9,520,0,0,0,476,0.0,0.0,1.0,0.0,0.0,99,99,1.0,0.0,0.0,0.0,0.0,0.0,1,113096.0
19,9,7045,0,0,1,2,0.0,0.0,1.0,0.0,0.0,2,46,1.0,0.0,0.04,0.0,0.02,0.0,1,14202.0
44,9,28,0,3,0,60,0.0,0.0,1.0,0.0,0.0,255,60,0.24,0.64,0.0,0.01,0.0,0.0,1,20013.0
24,1,0,0,0,0,279,0.0,0.0,0.07,0.06,0.0,255,19,0.07,0.07,0.0,0.0,0.0,1.0,1,65130.0
18,9,1496,4152,0,1,1,0.0,0.0,1.0,0.0,0.0,255,44,0.17,0.03,0.0,0.01,0.0,0.0,0,109234.0
22,9,188,585,0,1,2,0.0,0.0,1.0,0.0,0.0,255,235,0.92,0.02,0.0,0.0,0.0,0.0,0,121095.0
22,9,266,10474,0,1,1,0.0,0.0,1.0,0.0,0.0,74,255,1.0,0.0,0.04,0.0,0.0,0.0,0,106616.0
55,9,39,131,0,0,86,0.01,0.0,0.01,1.0,0.0,255,3,0.01,0.36,0.0,0.0,0.0,0.0,1,96390.0
40,5,0,0,0,0,510,0.24,1.0,0.0,1.0,0.0,255,1,0.0,1.0,0.0,0.2,1.0,0.0,1,54544.0
44,5,0,0,0,0,79,1.0,1.0,0.15,0.06,0.0,255,20,0.08,0.08,0.0,1.0,1.0,0.0,1,118172.0
19,9,172,0,0,0,7,0.0,0.0,1.0,0.0,0.0,22,13,0.59,0.09,0.0,0.0,0.0,0.0,0,74787.0
19,9,8325,0,0,1,19,0.0,0.0,1.0,0.0,0.0,114,111,0.58,0.04,0.02,0.0,0.0,0.0,0,56402.0
49,9,1662,328,0,1,1,0.0,0.0,1.0,0.0,0.0,142,134,0.55,0.03,0.01,0.0,0.0,0.04,0,29598.0
49,9,1340,364,0,1,1,0.0,0.0,1.0,0.0,1.0,136,105,0.65,0.02,0.02,0.0,0.0,0.0,0,16723.0
22,5,0,0,0,0,75,1.0,1.0,0.25,0.05,0.0,255,58,0.23,0.02,0.0,1.0,1.0,0.0,1,73486.0
44,4,1,0,0,0,2,0.0,0.0,1.0,0.0,0.0,255,2,0.01,0.73,0.0,0.0,0.0,1.0,1,113354.0
22,9,276,3371,0,1,6,0.17,0.17,1.0,0.0,0.0,255,255,1.0,0.0,0.0,0.0,0.0,0.0,0,103785.0
22,9,225,607,0,1,42,0.0,0.0,1.0,0.0,0.06,255,255,1.0,0.0,0.0,0.0,0.0,0.0,0,34415.0
25,5,0,0,0,0,149,1.0,1.0,0.13,0.05,0.0,255,6,0.02,0.06,0.0,1.0,1.0,0.0,1,2670.0
44,5,0,0,0,0,142,1.0,1.0,0.06,0.06,0.0,255,16,0.06,0.07,0.0,1.0,1.0,0.0,1,17634.0
19,9,245,0,0,1,2,0.0,0.0,1.0,0.0,0.0,53,2,0.04,0.11,0.0,0.0,0.0,0.0,0,114518.0
22,9,333,864,0,1,11,0.0,0.0,1.0,0.0,0.15,79,255,1.0,0.0,0.07,0.0,0.0,0.85,0,18596.0
44,5,0,0,0,0,138,1.0,1.0,0.01,0.06,0.0,255,4,0.02,0.07,0.0,1.0,1.0,0.0,1,101353.0
22,9,281,13265,0,1,1,0.0,0.0,1.0,0.0,0.0,56,255,1.0,0.0,0.02,0.0,0.0,0.0,0,27170.0
49,9,1066,389,0,1,1,0.0,0.0,1.0,0.0,1.0,255,138,0.54,0.01,0.0,0.71,0.72,0.0,0,123212.0
44,1,0,0,0,0,88,0.0,0.0,0.01,0.08,0.0,255,1,0.0,0.06,0.0,0.0,0.0,1.0,1,124291.0
44,1,0,0,0,0,142,0.0,0.0,0.06,0.07,0.0,255,9,0.04,0.08,0.0,0.0,0.0,1.0,1,120131.0
22,9,201,4841,0,1,2,0.0,0.0,1.0,0.0,0.67,2,255,1.0,0.0,0.07,0.0,0.0,0.0,0,78059.0
2,5,0,0,0,0,218,1.0,1.0,0.03,0.08,0.0,255,7,0.03,0.08,0.0,1.0,1.0,0.0,1,87014.0
6,1,0,0,0,0,242,0.0,0.0,0.05,0.07,0.0,255,13,0.05,0.07,0.0,0.0,0.0,1.0,1,27893.0
44,9,28,0,3,0,79,0.0,0.0,1.0,0.0,0.0,255,179,0.7,0.3,0.0,0.09,0.0,0.0,1,77134.0
22,9,250,3366,0,1,6,0.0,0.0,1.0,0.0,0.15,22,255,1.0,0.0,0.02,0.0,0.0,0.0,0,66461.0
22,9,306,2543,0,1,25,0.0,0.0,1.0,0.0,0.0,158,255,1.0,0.0,0.02,0.0,0.0,0.0,0,115726.0
55,5,0,0,0,0,129,1.0,1.0,0.13,0.06,0.0,255,4,0.02,0.07,0.0,1.0,1.0,0.0,1,56828.0
44,1,0,0,0,0,124,0.0,0.0,0.14,0.08,0.0,255,30,0.12,0.07,0.0,0.0,0.0,1.0,1,67665.0
19,9,190,0,0,1,2,0.0,0.0,1.0,0.0,0.0,21,16,0.76,0.1,0.0,0.0,0.0,0.0,0,68818.0
49,9,655,479,0,1,1,0.0,0.0,1.0,0.0,1.0,255,8,0.03,0.01,0.0,0.0,0.0,0.0,0,60115.0
49,9,11300,1566,0,1,1,0.0,0.0,1.0,0.0,0.0,255,25,0.1,0.06,0.0,0.7,0.0,0.0,0,37952.0
19,9,748,0,0,1,1,0.0,0.0,1.0,0.0,0.0,12,1,0.08,0.33,0.0,0.0,0.0,0.0,0,65862.0
44,5,0,0,0,0,144,1.0,1.0,0.01,0.06,0.0,255,6,0.02,0.07,0.0,1.0,1.0,0.0,1,45489.0
19,9,5133876,0,0,1,1,0.0,0.0,1.0,0.0,0.0,4,38,1.0,0.0,0.16,0.0,0.03,0.0,1,105397.0
11,9,46,76,0,0,174,0.0,0.0,1.0,0.0,0.0,255,227,0.89,0.01,0.0,0.0,0.0,0.0,0,39979.0
22,9,227,438,0,1,17,0.0,0.0,1.0,0.0,0.0,255,255,1.0,0.0,0.0,0.0,0.0,0.0,0,64892.0
17,9,7,0,0,0,1,0.0,0.0,1.0,0.0,0.0,62,12,0.08,0.06,0.25,0.0,0.0,0.0,0,54570.0
49,9,12609,1397,0,1,1,0.0,0.0,1.0,0.0,0.0,61,170,0.85,0.05,0.01,0.0,0.0,0.0,0,70049.0
22,9,233,2678,0,1,2,0.0,0.0,1.0,0.0,0.6,255,255,1.0,0.0,0.0,0.0,0.0,0.0,0,32257.0
60,5,0,0,0,0,272,1.0,1.0,0.04,0.06,0.0,255,10,0.04,0.07,0.0,1.0,1.0,0.0,1,104130.0
22,9,244,2014,0,1,4,0.0,0.0,1.0,0.0,0.0,128,255,1.0,0.0,0.03,0.0,0.0,0.0,0,66260.0
22,9,292,5336,0,1,5,0.0,0.0,1.0,0.0,0.0,255,255,1.0,0.0,0.0,0.0,0.0,0.0,0,38722.0
22,9,296,2325,0,1,5,0.0,0.0,1.0,0.0,0.0,255,255,1.0,0.0,0.0,0.0,0.0,0.0,0,48356.0
22,9,333,2630,0,1,3,0.0,0.0,1.0,0.0,0.0,31,255,1.0,0.0,0.04,0.0,0.0,0.0,0,119317.0
27,4,0,0,0,0,1,0.0,0.0,1.0,0.0,0.0,255,1,0.0,1.0,0.0,0.0,0.0,1.0,1,80311.0
49,9,618,329,0,1,1,0.0,0.0,1.0,0.0,0.0,25,181,0.72,0.16,0.02,0.0,0.0,0.0,0,70650.0
44,5,0,0,0,0,257,1.0,1.0,0.05,0.06,0.0,255,11,0.04,0.08,0.0,1.0,1.0,0.0,1,55467.0
39,9,48,48,0,0,1,0.0,0.0,1.0,0.0,0.0,109,51,0.47,0.04,0.0,0.0,0.0,0.0,0,118213.0
13,9,8,0,0,0,1,0.0,0.0,1.0,0.0,1.0,2,90,1.0,0.0,0.26,0.0,0.0,0.0,1,34709.0
44,5,0,0,0,0,141,1.0,1.0,0.14,0.06,0.0,255,10,0.04,0.07,0.0,1.0,1.0,0.0,1,31859.0
44,4,1,0,0,0,2,0.0,0.0,1.0,0.0,0.0,255,2,0.01,0.82,0.0,0.0,0.0,1.0,1,85335.0
44,5,0,0,0,0,124,1.0,1.0,0.02,0.06,0.0,255,19,0.07,0.08,0.0,1.0,1.0,0.0,1,108494.0
61,5,0,0,0,0,237,1.0,1.0,0.01,0.07,0.0,255,18,0.07,0.08,0.0,1.0,1.0,0.0,1,15061.0
22,9,306,1502,0,1,18,0.0,0.0,1.0,0.0,0.06,123,255,1.0,0.0,0.04,0.0,0.0,0.0,0,124658.0
44,5,0,0,0,0,234,1.0,1.0,0.06,0.06,0.0,255,15,0.06,0.08,0.0,1.0,1.0,0.0,1,41881.0
44,1,0,0,0,0,178,0.0,0.0,0.1,0.07,0.0,255,17,0.07,0.07,0.0,0.0,0.0,1.0,1,28777.0
44,5,0,0,0,0,257,1.0,1.0,0.01,0.07,0.0,255,17,0.07,0.06,0.0,1.0,1.0,0.0,1,826.0
44,5,0,0,0,0,65,1.0,1.0,0.05,0.08,0.0,255,15,0.06,0.06,0.0,1.0,1.0,0.0,1,61057.0
18,9,273,903,0,1,1,0.0,0.0,1.0,0.0,0.0,176,49,0.28,0.02,0.0,0.01,0.02,0.0,0,129.0
19,9,7045,0,0,1,2,0.0,0.0,1.0,0.0,0.0,9,41,0.89,0.22,0.12,0.0,0.0,0.0,1,43335.0
40,9,145,105,0,0,4,0.0,0.0,0.5,0.5,0.0,255,2,0.01,0.44,0.0,0.0,0.0,0.0,0,11568.0
17,5,0,0,0,0,214,1.0,1.0,0.09,0.07,0.0,255,20,0.08,0.07,0.0,1.0,1.0,0.0,1,25009.0
22,9,310,573,0,1,5,0.0,0.0,1.0,0.0,0.0,36,255,1.0,0.0,0.03,0.0,0.0,0.0,0,111288.0
44,5,0,0,0,0,216,1.0,1.0,0.06,0.06,0.0,255,20,0.08,0.05,0.0,1.0,1.0,0.0,1,11892.0
26,5,0,0,0,0,114,1.0,1.0,0.04,0.07,0.0,255,4,0.02,0.06,0.0,1.0,1.0,0.0,1,39534.0
22,9,301,11689,0,1,7,0.0,0.0,1.0,0.0,0.18,20,255,1.0,0.0,0.04,0.0,0.01,0.0,0,19372.0
17,9,6,126,0,0,1,0.0,0.0,1.0,0.0,0.0,255,36,0.14,0.02,0.0,0.44,0.75,0.0,0,97086.0
16,5,0,0,0,0,91,1.0,1.0,0.02,0.07,0.0,255,2,0.01,0.05,0.0,1.0,1.0,0.0,1,61712.0
49,9,1474,278,0,1,1,0.0,0.0,1.0,0.0,1.0,37,34,0.73,0.08,0.06,0.0,0.0,0.0,0,81683.0
30,5,0,0,0,0,149,1.0,1.0,0.17,0.05,0.0,255,25,0.1,0.05,0.0,1.0,1.0,0.0,1,2499.0
22,9,299,21519,0,1,41,0.0,0.0,1.0,0.0,0.06,41,255,1.0,0.0,0.05,0.0,0.0,0.0,0,29995.0
11,9,127,44,0,0,43,0.0,0.0,1.0,0.0,0.0,255,240,0.94,0.01,0.0,0.0,0.0,0.0,0,74897.0
25,5,0,0,0,0,230,1.0,1.0,0.0,0.06,0.0,255,1,0.0,0.07,0.0,1.0,1.0,0.0,1,106816.0
23,1,0,0,0,0,123,0.0,0.0,0.14,0.07,0.0,255,17,0.07,0.07,0.0,0.0,0.0,1.0,1,63272.0
22,9,316,405,0,1,12,0.0,0.0,1.0,0.0,0.15,90,255,1.0,0.0,0.02,0.0,0.0,0.0,0,30016.0
49,9,3144,407,0,1,1,0.0,0.0,1.0,0.0,0.0,60,232,0.73,0.05,0.01,0.25,0.0,0.0,0,109257.0
11,9,43,131,0,0,1,0.0,0.0,1.0,0.0,0.0,255,234,0.92,0.01,0.0,0.0,0.0,0.0,0,16621.0
36,1,0,0,0,0,251,0.0,0.0,0.04,0.07,0.0,255,10,0.04,0.08,0.0,0.0,0.0,1.0,1,99408.0
40,9,147,105,0,0,1,0.0,0.0,1.0,0.0,0.0,255,1,0.0,0.49,0.0,0.0,0.0,0.0,0,122575.0
22,9,143,376,0,1,2,0.0,0.0,1.0,0.0,0.0,22,255,1.0,0.0,0.02,0.0,0.0,0.0,0,114013.0
19,9,2056,0,0,1,4,0.0,0.0,1.0,0.0,0.0,37,83,0.27,0.08,0.04,0.0,0.0,0.0,0,10838.0
37,5,0,0,0,0,129,1.0,1.0,0.11,0.07,0.0,255,14,0.05,0.06,0.0,1.0,1.0,0.0,1,47327.0
22,9,223,289,0,1,19,0.0,0.0,1.0,0.0,0.1,213,255,1.0,0.0,0.02,0.0,0.0,0.0,0,117549.0
22,5,0,0,0,0,283,1.0,1.0,0.04,0.06,0.0,255,12,0.05,0.08,0.0,1.0,1.0,0.0,1,103878.0
40,9,146,105,0,0,1,0.0,0.0,1.0,0.0,0.0,255,1,0.0,0.54,0.0,0.0,0.0,0.0,0,80669.0
22,9,363,1554,0,1,35,0.0,0.0,1.0,0.0,0.0,255,255,1.0,0.0,0.0,0.0,0.0,0.0,0,16314.0
11,9,45,134,0,0,192,0.0,0.0,0.99,0.01,0.01,194,155,0.8,0.02,0.0,0.0,0.0,0.0,0,115226.0
19,9,59,0,0,1,8,0.0,0.0,1.0,0.0,0.0,244,94,0.39,0.02,0.0,0.0,0.0,0.0,0,114791.0
44,5,0,0,0,0,272,1.0,1.0,0.05,0.06,0.0,255,5,0.02,0.09,0.0,1.0,1.0,0.0,1,69778.0
11,9,45,72,0,0,160,0.0,0.0,1.0,0.0,0.0,255,254,1.0,0.01,0.0,0.0,0.0,0.0,0,1328.0
44,5,0,0,0,0,172,1.0,1.0,0.03,0.06,0.0,255,14,0.05,0.07,0.0,1.0,1.0,0.0,1,70623.0
22,9,303,216,0,1,7,0.0,0.0,1.0,0.0,0.25,255,255,1.0,0.0,0.0,0.0,0.0,0.0,0,82671.0
11,9,45,139,0,0,7,0.0,0.0,1.0,0.0,0.05,255,254,1.0,0.01,0.0,0.0,0.0,0.0,0,56175.0
22,9,152,8764,0,1,1,0.0,0.0,1.0,0.0,0.0,1,4,1.0,0.0,0.5,0.0,0.0,0.0,0,93020.0
23,5,0,0,0,0,134,1.0,1.0,0.16,0.04,0.0,255,22,0.09,0.05,0.0,1.0,1.0,0.0,1,67738.0
53,5,0,0,0,0,202,1.0,1.0,0.07,0.06,0.0,255,15,0.06,0.07,0.0,1.0,1.0,0.0,1,51106.0
22,9,302,1015,0,1,4,0.0,0.0,1.0,0.0,0.0,4,255,1.0,0.0,0.02,0.0,0.0,0.0,0,61061.0
41,5,0,0,0,0,234,1.0,1.0,0.0,0.07,0.0,255,1,0.0,0.08,0.0,1.0,1.0,0.0,1,51776.0
19,9,245,0,0,1,2,0.0,0.0,1.0,0.0,0.0,8,2,0.25,0.5,0.0,0.0,0.0,0.0,0,8020.0
22,9,289,327,0,1,2,0.0,0.0,1.0,0.0,0.17,157,255,1.0,0.0,0.04,0.0,0.0,0.0,0,23454.0
44,5,0,0,0,0,116,1.0,1.0,0.16,0.06,0.0,255,30,0.12,0.05,0.0,1.0,1.0,0.0,1,24556.0
44,5,0,0,0,0,286,1.0,1.0,0.07,0.05,0.0,255,18,0.07,0.08,0.0,1.0,1.0,0.0,1,3197.0
22,1,0,0,0,0,1,0.0,0.0,1.0,0.0,0.0,7,255,1.0,0.0,0.07,0.0,0.0,0.96,0,29411.0
22,9,54540,8314,0,1,11,0.0,0.0,1.0,0.0,0.17,121,121,1.0,0.0,0.0,0.0,0.0,0.05,1,53662.0
44,5,0,0,0,0,204,1.0,1.0,0.07,0.05,0.0,255,15,0.06,0.06,0.0,1.0,1.0,0.0,1,77470.0
18,9,1142,2443,0,1,1,0.0,0.0,1.0,0.0,0.0,201,29,0.14,0.02,0.0,0.0,0.0,0.0,1,120693.0
13,9,30,0,0,0,2,0.0,0.0,0.5,1.0,0.0,255,3,0.01,0.01,0.0,0.0,0.0,0.0,0,50786.0
22,9,303,784,0,1,5,0.0,0.0,1.0,0.0,0.29,255,255,1.0,0.0,0.0,0.0,0.0,0.0,0,63156.0
22,1,0,0,0,0,1,0.0,0.0,1.0,0.0,0.0,2,160,1.0,0.0,0.14,0.0,0.0,1.0,0,70260.0
22,9,332,1541,0,1,2,0.0,0.0,1.0,0.0,0.23,162,255,1.0,0.0,0.02,0.0,0.0,0.0,0,115941.0
44,5,0,0,0,0,62,1.0,1.0,0.05,0.06,0.0,255,3,0.01,0.07,0.0,1.0,1.0,0.0,1,115148.0
17,5,0,0,0,0,40,1.0,1.0,0.25,0.1,0.0,255,58,0.23,0.04,0.0,1.0,1.0,0.0,1,16663.0
26,5,0,0,0,0,142,1.0,1.0,0.05,0.06,0.0,255,7,0.03,0.06,0.0,1.0,1.0,0.0,1,89127.0
44,9,28,0,3,0,87,0.0,0.0,1.0,0.0,0.0,255,54,0.21,0.01,0.0,0.0,0.0,0.0,1,45338.0
22,9,221,2001,0,1,17,0.0,0.0,1.0,0.0,0.0,35,255,1.0,0.0,0.04,0.0,0.0,0.0,0,105044.0
22,9,238,37082,0,1,3,0.0,0.0,1.0,0.0,0.5,13,255,1.0,0.0,0.04,0.0,0.0,0.0,0,120512.0
22,9,215,288,0,1,39,0.0,0.0,1.0,0.0,0.0,255,255,1.0,0.0,0.0,0.0,0.0,0.0,0,16287.0
2,5,0,0,0,0,292,1.0,1.0,0.04,0.05,0.0,255,11,0.04,0.05,0.0,1.0,1.0,0.0,1,37655.0
44,1,0,0,0,0,146,0.0,0.0,0.11,0.06,0.0,255,16,0.06,0.06,0.0,0.0,0.0,1.0,1,34345.0
44,5,0,0,0,0,104,1.0,1.0,0.15,0.06,0.0,255,1,0.0,0.08,0.0,1.0,1.0,0.0,1,117366.0
14,9,1032,0,0,0,511,0.0,0.0,1.0,0.0,0.0,255,26,0.1,0.24,0.0,0.0,0.0,0.0,1,55862.0
44,5,0,0,0,0,109,1.0,1.0,0.11,0.06,0.0,255,12,0.05,0.05,0.0,1.0,1.0,0.0,1,94247.0
22,9,309,2507,0,1,3,0.0,0.0,1.0,0.0,0.0,255,225,0.88,0.02,0.0,0.0,0.0,0.0,0,55344.0
5,5,0,0,0,0,131,1.0,1.0,0.06,0.06,0.0,255,2,0.01,0.06,0.0,1.0,1.0,0.0,1,64276.0
13,9,30,0,0,0,2,0.0,0.0,0.5,1.0,0.0,255,5,0.02,0.01,0.0,0.0,0.0,0.0,0,98473.0
22,9,233,301,0,1,2,0.0,0.0,1.0,0.0,0.0,134,255,1.0,0.0,0.01,0.0,0.0,0.0,0,15645.0
62,1,0,0,0,0,267,0.0,0.0,0.02,0.06,0.0,255,5,0.02,0.07,0.0,0.0,0.0,1.0,1,97450.0
22,9,347,23151,0,1,7,0.0,0.0,1.0,0.0,0.25,255,255,1.0,0.0,0.0,0.0,0.0,0.0,0,16962.0
44,5,0,0,0,0,81,1.0,1.0,0.01,0.06,0.0,101,1,0.01,0.12,0.0,1.0,1.0,0.0,1,116078.0
44,9,1,0,0,0,19,0.0,0.0,0.11,0.16,0.0,255,2,0.01,0.93,0.0,0.16,0.0,0.0,1,52214.0
22,9,318,357,0,1,18,0.0,0.0,1.0,0.0,0.15,255,255,1.0,0.0,0.0,0.0,0.0,0.0,0,4622.0
44,5,0,0,0,0,234,1.0,1.0,0.02,0.05,0.0,255,4,0.02,0.06,0.0,1.0,1.0,0.0,1,93021.0
19,9,1363,0,0,1,14,0.0,0.0,1.0,0.0,0.0,255,142,0.56,0.02,0.0,0.0,0.01,0.0,0,39025.0
22,6,286,10584,0,1,1,1.0,1.0,1.0,0.0,0.0,1,255,1.0,0.0,0.04,1.0,0.01,0.0,0,57997.0
55,2,0,0,0,0,249,0.0,0.0,0.08,0.06,0.0,255,19,0.07,0.08,0.0,0.0,0.0,1.0,1,53561.0
49,9,1674,326,0,1,1,0.0,0.0,1.0,0.0,1.0,131,108,0.82,0.02,0.0,0.0,0.0,0.0,0,78063.0
44,5,0,0,0,0,57,1.0,1.0,0.05,0.11,0.0,255,17,0.07,0.08,0.0,1.0,1.0,0.0,1,41627.0
18,9,1255,2451,0,1,1,0.0,0.0,1.0,0.0,0.0,255,129,0.51,0.02,0.0,0.0,0.0,0.0,1,102843.0
9,5,0,0,0,0,134,1.0,1.0,0.1,0.04,0.0,255,4,0.02,0.05,0.0,1.0,1.0,0.0,1,102303.0
22,9,325,3280,0,1,4,0.0,0.0,1.0,0.0,0.0,25,255,1.0,0.0,0.05,0.0,0.0,0.0,0,11291.0
60,5,0,0,0,0,204,1.0,1.0,0.01,0.07,0.0,255,2,0.01,0.07,0.0,1.0,1.0,0.0,1,56290.0
49,9,740,337,0,1,1,0.0,0.0,1.0,0.0,0.0,150,170,0.55,0.03,0.01,0.0,0.0,0.0,0,31420.0
49,9,1381,328,0,1,1,0.0,0.0,1.0,0.0,0.0,146,135,0.56,0.03,0.01,0.0,0.0,0.04,0,33033.0
8,5,0,0,0,0,256,1.0,1.0,0.05,0.06,0.0,255,4,0.02,0.07,0.0,1.0,1.0,0.0,1,42933.0
22,9,226,183,0,1,4,0.0,0.0,1.0,0.0,0.22,16,255,1.0,0.0,0.03,0.0,0.0,0.0,0,100426.0
19,5,0,0,0,0,11,1.0,1.0,0.91,0.18,0.0,255,65,0.25,0.04,0.0,1.0,1.0,0.0,1,68718.0
44,5,0,0,0,0,289,1.0,1.0,0.06,0.05,0.0,255,17,0.07,0.05,0.0,1.0,1.0,0.0,1,1764.0
44,9,105,145,0,0,1,0.0,0.0,1.0,0.0,0.0,255,160,0.63,0.01,0.0,0.0,0.0,0.0,0,43079.0
44,9,1,0,0,0,18,0.0,0.0,0.83,0.11,0.0,255,15,0.06,0.93,0.0,0.03,0.0,0.0,1,76521.0
22,9,54540,8314,0,1,4,0.0,0.0,1.0,0.0,0.4,255,255,1.0,0.0,0.0,0.0,0.0,0.02,1,81699.0
19,1,0,0,0,0,266,0.0,0.0,0.07,0.06,0.0,255,18,0.07,0.08,0.0,0.0,0.0,1.0,1,97414.0
19,9,12,0,0,1,2,0.0,0.0,1.0,0.0,0.0,12,62,0.5,0.25,0.03,0.0,0.0,0.0,0,90815.0
44,5,0,0,0,0,201,1.0,1.0,0.02,0.05,0.0,142,5,0.04,0.08,0.0,0.9,1.0,0.0,1,38899.0
22,9,289,17733,0,1,27,0.0,0.0,1.0,0.0,0.0,255,255,1.0,0.0,0.0,0.0,0.0,0.0,0,14835.0
22,9,339,326,0,1,14,0.0,0.0,1.0,0.0,0.05,255,255,1.0,0.0,0.0,0.0,0.0,0.0,0,32329.0
21,5,0,0,0,0,275,1.0,1.0,0.04,0.07,0.0,255,12,0.05,0.07,0.0,1.0,1.0,0.0,1,95893.0
44,5,0,0,0,0,18,1.0,1.0,0.06,0.33,0.0,255,13,0.05,0.09,0.0,1.0,1.0,0.0,1,67208.0
22,9,234,2770,0,1,29,0.0,0.0,1.0,0.0,0.1,100,132,1.0,0.0,0.02,0.0,0.0,0.0,0,42295.0
22,9,319,807,0,1,9,0.0,0.0,1.0,0.0,0.16,255,255,1.0,0.0,0.0,0.0,0.0,0.0,0,91063.0
55,6,89,2832,0,1,1,1.0,1.0,1.0,0.0,0.0,135,23,0.17,0.53,0.0,0.05,0.3,0.04,0,9944.0
40,9,147,0,0,0,3,0.0,0.0,0.33,0.67,0.0,255,3,0.01,0.64,0.0,0.0,0.0,0.0,0,115195.0
56,5,0,0,0,0,203,1.0,1.0,0.1,0.05,0.0,255,20,0.08,0.05,0.0,1.0,1.0,0.0,1,94953.0
44,1,0,0,0,0,2,0.0,0.0,0.5,1.0,0.0,255,1,0.0,0.56,0.0,0.0,0.0,1.0,1,92605.0
22,9,324,3751,0,1,5,0.0,0.0,1.0,0.0,0.0,41,255,1.0,0.0,0.05,0.0,0.0,0.0,0,91875.0
44,5,0,0,0,0,147,1.0,1.0,0.11,0.05,0.0,180,1,0.01,0.1,0.0,1.0,1.0,0.0,1,36065.0
22,9,54540,8314,0,1,1,0.0,0.0,1.0,0.0,0.0,24,24,1.0,0.0,0.0,0.0,0.0,0.0,1,61356.0
22,9,349,762,0,1,2,0.0,0.0,1.0,0.0,0.31,80,255,1.0,0.0,0.02,0.0,0.0,0.0,0,92015.0
40,9,516,4,0,0,410,0.0,0.0,1.0,0.0,0.0,255,255,1.0,0.0,0.0,0.0,0.0,0.0,0,120891.0
24,5,0,0,0,0,205,1.0,1.0,0.02,0.06,0.0,255,17,0.07,0.07,0.0,1.0,1.0,0.0,1,36594.0
49,9,1808,366,0,1,1,0.0,0.0,1.0,0.0,0.0,158,107,0.39,0.03,0.02,0.0,0.0,0.0,0,91231.0
13,9,8,0,0,0,1,0.0,0.0,1.0,0.0,1.0,1,133,1.0,0.0,0.26,0.0,0.0,0.0,1,46532.0
44,5,0,0,0,0,297,1.0,1.0,0.07,0.06,0.0,255,1,0.0,0.09,0.0,1.0,1.0,0.0,1,109207.0
44,1,0,0,0,0,177,0.0,0.0,0.07,0.07,0.0,255,13,0.05,0.08,0.0,0.0,0.0,1.0,1,77925.0
22,9,312,6533,0,1,6,0.0,0.0,1.0,0.0,0.14,82,255,1.0,0.0,0.05,0.0,0.0,0.0,0,13211.0
32,5,0,0,0,0,134,1.0,1.0,0.13,0.06,0.0,255,17,0.07,0.07,0.0,1.0,1.0,0.0,1,84979.0
5,5,0,0,0,0,109,1.0,1.0,0.08,0.06,0.0,255,9,0.04,0.07,0.0,1.0,1.0,0.0,1,10595.0
22,1,0,0,0,0,1,0.0,0.0,1.0,0.0,0.0,9,209,1.0,0.0,0.03,0.0,0.0,0.69,0,75881.0
55,9,538,2416,0,1,1,0.0,0.0,1.0,0.0,0.0,112,21,0.19,0.05,0.0,0.01,0.05,0.1,0,61576.0
22,9,335,327,0,1,6,0.0,0.0,1.0,0.0,0.11,144,255,1.0,0.0,0.02,0.0,0.0,0.0,0,63163.0
22,9,339,454,0,1,7,0.0,0.0,1.0,0.0,0.0,102,255,1.0,0.0,0.02,0.0,0.0,0.0,0,21176.0
19,1,0,0,0,0,456,0.07,0.0,0.0,1.0,0.0,255,1,0.0,1.0,0.0,0.08,0.0,1.0,1,61987.0
58,9,183,0,0,0,3,0.0,0.0,0.67,0.67,0.0,255,9,0.04,0.01,0.0,0.0,0.0,0.0,0,31681.0
19,5,0,0,0,0,32,1.0,1.0,0.22,0.12,0.0,255,49,0.19,0.05,0.0,1.0,1.0,0.0,1,91481.0
8,5,0,0,0,0,244,1.0,1.0,0.02,0.05,0.0,255,4,0.02,0.05,0.0,1.0,1.0,0.0,1,14049.0
22,9,210,321,0,1,10,0.0,0.0,1.0,0.0,0.0,37,255,1.0,0.0,0.05,0.0,0.0,0.0,0,88533.0
22,9,244,944,0,1,1,0.0,0.0,1.0,0.0,1.0,255,255,1.0,0.0,0.0,0.0,0.0,0.0,0,104163.0
21,1,0,0,0,0,253,0.0,0.0,0.02,0.07,0.0,255,4,0.02,0.09,0.0,0.0,0.0,1.0,1,43639.0
22,9,319,2332,0,1,2,0.0,0.0,1.0,0.0,0.15,2,255,1.0,0.0,0.04,0.0,0.0,0.0,0,70226.0
13,9,8,0,0,0,1,0.0,0.0,1.0,0.0,1.0,2,32,1.0,0.0,0.5,0.0,0.0,0.0,1,88943.0
40,9,516,4,0,0,261,0.0,0.0,1.0,0.0,0.0,255,255,1.0,0.0,0.0,0.0,0.0,0.0,0,4657.0
49,9,11430,1383,0,1,1,0.0,0.0,1.0,0.0,1.0,6,125,0.83,0.33,0.02,0.0,0.0,0.0,0,15838.0
22,9,232,2280,0,1,29,0.0,0.0,1.0,0.0,0.0,255,255,1.0,0.0,0.0,0.0,0.0,0.0,0,106244.0
14,9,520,0,0,0,434,0.0,0.0,1.0,0.0,0.0,30,30,1.0,0.0,0.0,0.0,0.0,0.0,1,956.0
11,9,44,77,0,0,120,0.0,0.0,1.0,0.0,0.0,255,254,1.0,0.01,0.0,0.0,0.0,0.0,0,75683.0
11,9,43,43,0,0,182,0.0,0.0,1.0,0.0,0.0,255,255,1.0,0.0,0.0,0.0,0.0,0.0,0,116999.0
19,9,5131424,0,0,1,1,0.0,0.0,1.0,0.0,0.0,9,36,1.0,0.0,0.11,0.0,0.0,0.0,1,25248.0
44,5,0,0,0,0,215,1.0,1.0,0.03,0.07,0.0,255,7,0.03,0.06,0.0,1.0,1.0,0.0,1,20200.0
22,9,236,817,0,1,36,0.0,0.0,1.0,0.0,0.0,255,255,1.0,0.0,0.0,0.0,0.0,0.0,0,79947.0
44,4,1,0,0,0,2,0.0,0.0,1.0,0.0,0.0,136,2,0.01,0.08,0.0,0.0,0.0,1.0,0,87109.0
49,9,1048,339,0,1,1,0.0,0.0,1.0,0.0,1.0,32,167,0.84,0.09,0.02,0.0,0.0,0.0,0,34989.0
22,9,311,4768,0,1,15,0.0,0.0,1.0,0.0,0.12,114,255,1.0,0.0,0.01,0.0,0.01,0.0,0,29125.0
11,9,45,133,0,0,68,0.0,0.0,0.99,0.03,0.01,255,230,0.9,0.01,0.0,0.0,0.0,0.0,0,56294.0
22,9,202,384,0,1,42,0.0,0.0,1.0,0.0,0.04,42,255,1.0,0.0,0.01,0.0,0.0,0.0,0,63819.0
50,5,0,0,0,0,111,1.0,1.0,0.09,0.07,0.0,255,10,0.04,0.07,0.0,1.0,1.0,0.0,1,57392.0
22,9,219,2917,0,1,5,0.2,0.29,1.0,0.0,0.29,17,136,1.0,0.0,0.06,0.06,0.01,0.01,0,43988.0
26,5,0,0,0,0,132,1.0,1.0,0.14,0.05,0.0,255,19,0.07,0.05,0.0,1.0,1.0,0.0,1,36530.0
18,9,1493,4152,0,1,2,0.0,0.0,0.5,1.0,0.0,37,7,0.19,0.11,0.0,0.0,0.0,0.0,0,124800.0
44,9,105,147,0,0,2,0.0,0.0,0.5,1.0,0.0,255,250,0.98,0.01,0.0,0.0,0.0,0.0,0,79866.0
51,1,0,0,0,0,254,0.0,0.0,0.08,0.06,0.0,255,20,0.08,0.07,0.0,0.0,0.0,1.0,1,120875.0
22,9,207,1524,0,1,12,0.0,0.0,1.0,0.0,0.0,13,255,1.0,0.0,0.04,0.0,0.0,0.0,0,14808.0
49,9,2805,335,0,1,1,0.0,0.0,1.0,0.0,0.0,255,31,0.12,0.42,0.0,0.0,0.0,0.0,0,79436.0
22,9,254,1650,0,1,4,0.0,0.0,1.0,0.0,0.13,51,255,1.0,0.0,0.01,0.02,0.0,0.0,0,27429.0
44,5,0,0,0,0,123,1.0,1.0,0.13,0.06,0.0,255,9,0.04,0.07,0.0,1.0,1.0,0.0,1,53320.0
62,5,0,0,0,0,227,1.0,1.0,0.0,0.07,0.0,255,1,0.0,0.08,0.0,1.0,1.0,0.0,1,76587.0
56,2,0,0,0,0,264,0.0,0.0,0.03,0.06,0.0,255,8,0.03,0.08,0.0,0.0,0.0,1.0,1,12569.0
13,9,8,0,0,0,1,0.0,0.0,1.0,0.0,1.0,2,104,1.0,0.0,0.5,0.0,0.0,0.0,1,65687.0
44,5,0,0,0,0,144,1.0,1.0,0.1,0.06,0.0,255,1,0.0,0.07,0.0,1.0,1.0,0.0,1,49862.0
22,9,298,1511,0,1,2,0.0,0.0,1.0,0.0,0.0,41,255,1.0,0.0,0.02,0.0,0.01,0.06,0,122077.0
22,9,227,2047,0,1,4,0.0,0.0,1.0,0.0,0.0,255,255,1.0,0.0,0.0,0.01,0.01,0.0,0,1850.0
44,5,0,0,0,0,120,1.0,1.0,0.08,0.06,0.0,255,11,0.04,0.06,0.0,1.0,1.0,0.0,1,11401.0
21,5,0,0,0,0,284,1.0,1.0,0.07,0.06,0.0,255,19,0.07,0.09,0.0,1.0,1.0,0.0,1,81917.0
22,1,0,0,0,0,1,0.0,0.0,1.0,0.0,0.0,1,66,1.0,0.0,0.23,0.0,0.0,1.0,0,32674.0
44,5,0,0,0,0,95,1.0,1.0,0.05,0.06,0.0,255,20,0.08,0.06,0.0,1.0,1.0,0.0,1,48562.0
62,5,0,0,0,0,263,1.0,1.0,0.03,0.06,0.0,255,7,0.03,0.06,0.0,1.0,1.0,0.0,1,110981.0
34,1,0,0,0,0,261,0.0,0.0,0.02,0.06,0.0,255,6,0.02,0.08,0.0,0.0,0.0,1.0,1,23142.0
22,9,259,2169,0,1,1,0.0,0.0,1.0,0.0,1.0,255,254,1.0,0.01,0.0,0.0,0.0,0.0,0,23410.0
8,5,0,0,0,0,224,1.0,1.0,0.08,0.06,0.0,255,17,0.07,0.07,0.0,1.0,1.0,0.0,1,43923.0
49,9,1422,329,0,1,1,0.0,0.0,1.0,0.0,1.0,215,142,0.66,0.02,0.0,0.0,0.0,0.0,0,89252.0
40,9,516,4,0,0,133,0.0,0.0,1.0,0.0,0.0,133,133,1.0,0.0,0.0,0.0,0.0,0.0,0,34556.0
44,5,0,0,0,0,292,1.0,1.0,0.04,0.06,0.0,255,9,0.04,0.07,0.0,1.0,1.0,0.0,1,93010.0
3,9,10,39,0,0,1,0.0,0.0,1.0,0.0,0.0,241,12,0.05,0.02,0.0,0.0,0.0,0.0,0,91704.0
44,1,0,0,0,0,1,0.0,0.0,1.0,0.0,0.0,8,2,0.12,1.0,1.0,0.0,0.0,1.0,0,101840.0
22,9,328,434,0,1,26,0.0,0.0,1.0,0.0,0.09,255,255,1.0,0.0,0.0,0.0,0.0,0.0,0,70107.0
22,9,214,1367,0,1,4,0.0,0.0,1.0,0.0,0.0,106,255,1.0,0.0,0.02,0.0,0.0,0.0,0,1615.0
44,5,0,0,0,0,113,1.0,1.0,0.02,0.06,0.0,191,5,0.03,0.09,0.0,1.0,1.0,0.0,1,81556.0
13,9,8,0,0,0,1,0.0,0.0,1.0,0.0,1.0,1,71,1.0,0.0,0.51,0.0,0.0,0.0,1,37080.0
22,9,265,10485,0,1,1,0.0,0.0,1.0,0.0,0.0,73,255,1.0,0.0,0.03,0.0,0.0,0.0,0,58461.0
40,4,1,0,0,0,2,0.0,0.0,1.0,0.0,0.0,255,2,0.01,0.68,0.0,0.0,0.0,1.0,1,32554.0
13,9,8,0,0,0,1,0.0,0.0,1.0,0.0,1.0,4,168,1.0,0.0,0.25,0.0,0.0,0.0,1,97310.0
22,9,224,1529,0,1,10,0.0,0.0,1.0,0.0,0.0,255,255,1.0,0.0,0.0,0.0,0.0,0.0,0,80884.0
49,5,0,0,0,0,2,0.5,0.33,1.0,0.0,0.67,140,96,0.69,0.05,0.0,0.01,0.01,0.0,0,124631.0
40,9,146,105,0,0,1,0.0,0.0,1.0,0.0,0.0,255,1,0.0,0.64,0.0,0.0,0.0,0.0,0,116091.0
40,4,1,0,0,0,2,0.0,0.0,1.0,0.0,0.0,255,2,0.01,0.73,0.0,0.0,0.0,1.0,1,72660.0
22,9,194,466,0,1,10,0.0,0.0,1.0,0.0,0.0,255,255,1.0,0.0,0.0,0.0,0.0,0.0,0,108527.0
60,5,0,0,0,0,296,1.0,1.0,0.08,0.05,0.0,255,23,0.09,0.05,0.0,1.0,1.0,0.0,1,23758.0
18,9,1138,2443,0,1,1,0.0,0.0,1.0,0.0,0.0,255,70,0.27,0.02,0.0,0.0,0.0,0.0,1,20621.0
8,5,0,0,0,0,285,1.0,1.0,0.05,0.05,0.0,255,13,0.05,0.05,0.0,1.0,1.0,0.0,1,84826.0
16,5,0,0,0,0,118,1.0,1.0,0.05,0.06,0.0,255,13,0.05,0.06,0.0,1.0,1.0,0.0,1,20135.0
22,9,226,2507,0,1,6,0.0,0.0,1.0,0.0,0.0,255,238,0.93,0.01,0.0,0.0,0.0,0.0,0,37672.0
12,2,0,0,0,0,224,0.0,0.0,0.07,0.07,0.0,255,16,0.06,0.09,0.0,0.0,0.0,1.0,1,48258.0
22,9,265,1701,0,1,1,0.0,0.0,1.0,0.0,0.0,1,255,1.0,0.0,0.02,0.0,0.0,0.0,0,102287.0
22,9,215,1534,0,1,22,0.0,0.0,1.0,0.0,0.0,121,255,1.0,0.0,0.04,0.0,0.0,0.0,0,33331.0
11,9,43,43,0,0,215,0.0,0.0,1.0,0.0,0.0,255,255,1.0,0.0,0.0,0.0,0.0,0.0,0,103154.0
22,9,210,1095,0,1,13,0.0,0.0,1.0,0.0,0.0,13,255,1.0,0.0,0.05,0.0,0.0,0.0,0,43521.0
11,9,46,145,0,0,43,0.0,0.0,1.0,0.0,0.02,255,232,0.91,0.01,0.0,0.0,0.0,0.0,0,64766.0
22,9,220,180,0,1,17,0.0,0.0,1.0,0.0,0.0,255,255,1.0,0.0,0.0,0.0,0.0,0.0,0,59181.0
25,1,0,0,0,0,237,0.0,0.0,0.06,0.06,0.0,255,14,0.05,0.07,0.0,0.0,0.0,1.0,1,10359.0
13,9,8,0,0,0,1,0.0,0.0,1.0,0.0,1.0,2,146,1.0,0.0,0.25,0.0,0.0,0.0,1,29446.0
43,5,0,0,0,0,104,1.0,1.0,0.09,0.05,0.0,255,9,0.04,0.05,0.0,1.0,1.0,0.0,1,22493.0
22,9,319,1147,0,1,16,0.0,0.0,1.0,0.0,0.11,16,255,1.0,0.0,0.07,0.0,0.0,0.0,0,81648.0
49,9,1393,330,0,1,1,0.0,0.0,1.0,0.0,0.0,114,82,0.72,0.05,0.0,0.02,0.02,0.0,0,21090.0
11,9,46,137,0,0,76,0.0,0.0,1.0,0.0,0.01,255,255,1.0,0.0,0.0,0.0,0.0,0.0,0,69191.0
44,5,0,0,0,0,258,1.0,1.0,0.01,0.07,0.0,255,3,0.01,0.07,0.0,1.0,1.0,0.0,1,18132.0
19,9,11,0,0,1,2,0.0,0.0,1.0,0.0,0.0,47,51,0.28,0.09,0.04,0.06,0.0,0.0,0,73061.0
11,9,45,45,0,0,237,0.0,0.0,1.0,0.0,0.0,255,255,1.0,0.0,0.0,0.0,0.0,0.0,0,13287.0
44,5,0,0,0,0,11,1.0,1.0,0.73,0.18,0.0,255,12,0.05,0.07,0.0,1.0,1.0,0.0,1,3477.0
44,9,1,0,0,0,60,0.0,0.0,0.55,0.07,0.0,255,98,0.38,0.06,0.0,0.0,0.0,0.0,1,3783.0
44,1,0,0,0,0,201,0.0,0.0,0.02,0.08,0.0,255,4,0.02,0.09,0.0,0.0,0.0,1.0,1,27552.0
13,9,8,0,0,0,1,0.0,0.0,1.0,0.0,1.0,2,42,1.0,0.0,0.5,0.0,0.0,0.0,1,90111.0
40,1,0,0,0,0,509,0.1,0.0,0.0,1.0,0.0,255,1,0.0,1.0,0.0,0.18,0.0,1.0,1,10711.0
44,1,0,0,0,0,102,0.0,0.0,0.03,0.07,0.0,3,3,1.0,0.0,0.0,0.0,0.0,1.0,1,27962.0
22,9,232,10041,0,1,1,0.0,0.0,1.0,0.0,1.0,32,255,1.0,0.0,0.02,0.0,0.0,0.0,0,79751.0
22,9,241,449,0,1,19,0.0,0.0,1.0,0.0,0.15,255,255,1.0,0.0,0.0,0.0,0.0,0.0,0,98208.0
11,9,42,127,0,0,36,0.0,0.0,1.0,0.0,0.02,176,196,0.77,0.02,0.01,0.0,0.0,0.0,0,111333.0
26,1,0,0,0,0,131,0.0,0.0,0.03,0.07,0.0,255,4,0.02,0.07,0.0,0.0,0.0,1.0,1,114358.0
49,9,1054,327,0,1,1,0.0,0.0,1.0,0.0,0.0,156,150,0.66,0.04,0.01,0.0,0.0,0.0,0,64059.0
50,1,0,0,0,0,173,0.0,0.0,0.06,0.07,0.0,255,11,0.04,0.07,0.0,0.0,0.0,1.0,1,74116.0
60,5,0,0,0,0,262,1.0,1.0,0.04,0.05,0.0,255,10,0.04,0.05,0.0,1.0,1.0,0.0,1,23584.0
22,9,243,258,0,1,12,0.0,0.0,1.0,0.0,0.09,255,255,1.0,0.0,0.0,0.0,0.0,0.0,0,34356.0
22,9,286,9216,0,1,3,0.0,0.0,1.0,0.0,0.14,255,255,1.0,0.0,0.0,0.0,0.0,0.0,0,99212.0
40,9,146,105,0,0,2,0.0,0.0,1.0,0.0,0.0,255,2,0.01,0.66,0.0,0.0,0.0,0.0,0,107424.0
12,2,0,0,0,0,251,0.0,0.0,0.0,0.07,0.0,255,1,0.0,0.08,0.0,0.0,0.0,1.0,1,3872.0
22,9,260,7334,0,1,7,0.0,0.0,1.0,0.0,0.0,96,255,1.0,0.0,0.02,0.0,0.0,0.0,0,22706.0
19,9,5891,0,0,0,16,0.0,0.0,1.0,0.0,0.0,255,22,0.09,0.01,0.0,0.0,0.0,0.0,0,56120.0
23,5,0,0,0,0,148,1.0,1.0,0.1,0.05,0.0,255,15,0.06,0.06,0.0,1.0,1.0,0.0,1,53359.0
22,9,225,2043,0,1,13,0.0,0.0,1.0,0.0,0.07,255,255,1.0,0.0,0.0,0.0,0.0,0.0,0,40506.0
44,9,28,0,3,0,59,0.0,0.0,1.0,0.0,0.0,131,59,0.45,0.03,0.0,0.0,0.0,0.0,1,73225.0
56,9,0,4,0,0,1,0.0,0.0,1.0,0.0,0.0,10,10,1.0,0.0,0.0,0.0,0.0,0.0,0,82907.0
44,5,0,0,0,0,135,1.0,1.0,0.09,0.06,0.0,255,15,0.06,0.06,0.0,1.0,1.0,0.0,1,89637.0
37,5,0,0,0,0,142,1.0,1.0,0.08,0.06,0.0,255,12,0.05,0.06,0.0,1.0,1.0,0.0,1,93182.0
21,5,0,0,0,0,286,1.0,1.0,0.08,0.05,0.0,255,22,0.09,0.05,0.0,1.0,1.0,0.0,1,44065.0
60,5,0,0,0,0,247,1.0,1.0,0.03,0.06,0.0,255,19,0.07,0.06,0.0,1.0,1.0,0.0,1,13438.0
13,9,8,0,0,0,1,0.0,0.0,1.0,0.0,1.0,2,70,1.0,0.0,0.5,0.0,0.0,0.0,1,71360.0
13,9,8,0,0,0,1,0.0,0.0,1.0,0.0,1.0,2,104,1.0,0.0,0.5,0.0,0.0,0.0,1,35759.0
44,5,0,0,0,0,73,1.0,1.0,0.05,0.07,0.0,255,4,0.02,0.06,0.0,1.0,1.0,0.0,1,28201.0
9,5,0,0,0,0,240,1.0,1.0,0.08,0.06,0.0,255,20,0.08,0.06,0.0,1.0,1.0,0.0,1,41879.0
3,5,0,0,0,0,233,1.0,1.0,0.0,0.06,0.0,255,11,0.04,0.06,0.0,1.0,1.0,0.0,1,46740.0
44,1,0,0,0,0,2,0.0,0.0,0.5,1.0,0.0,255,1,0.0,0.6,0.0,0.0,0.0,1.0,1,103534.0
38,5,0,0,0,0,148,1.0,1.0,0.08,0.07,0.0,255,12,0.05,0.07,0.0,1.0,1.0,0.0,1,55321.0
11,9,43,74,0,0,310,0.0,0.0,1.0,0.0,0.0,255,254,1.0,0.01,0.0,0.0,0.0,0.0,0,10147.0
58,9,78,0,0,0,13,0.0,0.0,0.15,0.15,0.0,255,5,0.02,0.01,0.0,0.0,0.0,0.0,0,84346.0
53,5,0,0,0,0,114,1.0,1.0,0.04,0.05,0.0,255,4,0.02,0.05,0.0,1.0,1.0,0.0,1,65643.0
22,9,232,9525,0,1,2,0.0,0.0,1.0,0.0,0.0,30,255,1.0,0.0,0.06,0.0,0.01,0.0,0,58660.0
22,9,258,7770,0,1,1,0.0,0.0,1.0,0.0,0.0,255,253,0.99,0.01,0.0,0.0,0.0,0.03,0,57391.0
22,9,171,409,0,1,4,0.25,0.25,1.0,0.0,0.0,35,255,1.0,0.0,0.01,0.06,0.01,0.0,0,14775.0
22,9,213,10233,0,1,13,0.0,0.0,1.0,0.0,0.15,255,255,1.0,0.0,0.0,0.0,0.0,0.0,0,64294.0
40,9,145,105,0,0,1,0.0,0.0,1.0,0.0,0.0,255,1,0.0,0.8,0.0,0.0,0.0,0.0,0,111169.0
22,9,294,458,0,1,30,0.0,0.0,1.0,0.0,0.09,255,255,1.0,0.0,0.0,0.0,0.0,0.0,0,62092.0
13,9,18,0,0,0,2,0.0,0.0,0.5,1.0,0.0,3,199,1.0,0.0,0.25,0.0,0.0,0.0,1,32748.0
19,9,334,0,0,1,1,0.0,0.0,1.0,0.0,0.0,1,49,1.0,0.0,0.1,0.0,0.0,0.0,1,18494.0
22,9,216,522,0,1,6,0.0,0.0,1.0,0.0,0.22,105,255,1.0,0.0,0.02,0.0,0.0,0.0,0,111006.0
49,9,891,327,0,1,2,0.0,0.0,0.5,1.0,1.0,90,193,0.61,0.08,0.01,0.0,0.0,0.0,0,87253.0
22,9,327,270,0,1,1,0.0,0.0,1.0,0.0,0.0,255,246,0.96,0.02,0.0,0.0,0.0,0.0,0,18821.0
22,9,235,1480,0,1,14,0.0,0.0,1.0,0.0,0.12,71,255,1.0,0.0,0.02,0.0,0.0,0.03,0,97658.0
19,9,0,640,0,0,1,0.0,0.0,1.0,0.0,0.29,48,6,0.02,0.1,0.33,0.0,0.0,0.0,0,4823.0
40,9,10272,0,0,1,10,0.1,0.0,0.1,0.3,0.0,255,1,0.0,0.07,0.0,0.02,0.0,0.0,0,119658.0
44,5,0,0,0,0,98,1.0,1.0,0.2,0.05,0.0,255,10,0.04,0.05,0.0,1.0,1.0,0.0,1,39983.0
12,5,0,0,0,0,261,1.0,1.0,0.08,0.05,0.0,255,22,0.09,0.05,0.0,1.0,1.0,0.0,1,82644.0
44,4,0,0,0,0,1,0.0,0.0,1.0,0.0,0.0,171,1,0.01,0.43,0.0,0.0,0.0,1.0,1,7193.0
22,1,0,0,0,0,1,0.0,0.0,1.0,0.0,0.0,3,254,1.0,0.0,0.13,0.0,0.0,0.98,0,119659.0
20,5,0,0,0,0,141,1.0,1.0,0.11,0.06,0.0,255,16,0.06,0.07,0.0,1.0,1.0,0.0,1,21968.0
22,1,0,0,0,0,1,0.0,0.0,1.0,0.0,0.0,2,142,1.0,0.0,0.22,0.0,0.0,1.0,0,57971.0
22,9,54540,8314,0,1,2,0.0,0.0,1.0,0.0,0.0,211,211,1.0,0.0,0.0,0.0,0.0,0.01,1,50427.0
22,9,341,1221,0,1,12,0.0,0.0,1.0,0.0,0.0,255,255,1.0,0.0,0.0,0.0,0.0,0.0,0,45545.0
58,9,135,0,0,0,8,0.0,0.0,0.25,0.25,0.0,255,21,0.08,0.01,0.0,0.0,0.0,0.0,0,69048.0
22,9,317,365,0,1,12,0.0,0.0,1.0,0.0,0.0,67,255,1.0,0.0,0.02,0.0,0.0,0.0,0,74333.0
22,9,250,1461,0,1,9,0.0,0.0,1.0,0.0,0.28,255,255,1.0,0.0,0.0,0.0,0.0,0.0,0,74550.0
13,9,8,0,0,0,1,0.0,0.0,1.0,0.0,1.0,1,7,1.0,0.0,0.57,0.0,0.0,0.0,1,29818.0
44,5,0,0,0,0,120,1.0,1.0,0.15,0.06,0.0,255,18,0.07,0.05,0.0,1.0,1.0,0.0,1,116947.0
44,9,28,0,3,0,28,0.0,0.0,0.96,0.07,0.0,255,27,0.11,0.02,0.0,0.0,0.0,0.0,1,23806.0
22,9,318,762,0,1,17,0.0,0.0,1.0,0.0,0.0,253,255,1.0,0.0,0.01,0.0,0.0,0.0,0,46957.0
22,9,295,2649,0,1,2,0.0,0.0,1.0,0.0,0.07,255,255,1.0,0.0,0.0,0.0,0.0,0.0,0,21097.0
22,9,289,324,0,1,9,0.0,0.0,1.0,0.0,0.0,212,255,1.0,0.0,0.02,0.0,0.0,0.0,0,71461.0
22,9,293,313,0,1,10,0.0,0.0,1.0,0.0,0.1,255,255,1.0,0.0,0.0,0.0,0.0,0.0,0,62935.0
22,9,211,124,0,1,4,0.0,0.0,1.0,0.0,0.29,16,255,1.0,0.0,0.02,0.0,0.0,0.0,0,78960.0
22,9,268,450,0,1,1,0.0,0.0,1.0,0.0,1.0,255,255,1.0,0.0,0.0,0.0,0.0,0.0,0,67674.0
16,2,0,0,0,0,145,0.0,0.0,0.12,0.06,0.0,255,10,0.04,0.06,0.0,0.0,0.0,1.0,1,50759.0
44,5,0,0,0,0,234,1.0,1.0,0.02,0.06,0.0,255,5,0.02,0.07,0.0,1.0,1.0,0.0,1,35018.0
44,9,207,0,0,0,2,0.0,0.0,1.0,0.0,0.0,72,64,0.89,0.03,0.0,0.0,0.0,0.0,1,75698.0
22,9,265,506,0,1,8,0.0,0.0,1.0,0.0,0.0,10,10,1.0,0.0,0.0,0.0,0.0,0.0,0,34809.0
49,9,852,482,0,1,1,0.0,0.0,1.0,0.0,0.0,255,20,0.08,0.02,0.0,0.01,0.0,0.0,0,66035.0
44,5,0,0,0,0,186,1.0,1.0,0.01,0.06,0.0,255,16,0.06,0.07,0.0,1.0,1.0,0.0,1,23815.0
44,5,0,0,0,0,98,1.0,1.0,0.02,0.08,0.0,255,2,0.01,0.07,0.0,1.0,1.0,0.0,1,7717.0
19,9,641,0,0,1,2,0.0,0.0,1.0,0.0,0.0,44,53,0.8,0.05,0.04,0.0,0.0,0.0,0,85461.0
49,9,2089,335,0,1,2,0.0,0.0,0.5,1.0,1.0,255,152,0.6,0.03,0.0,0.01,0.02,0.01,0,111.0
22,9,200,455,0,1,8,0.0,0.0,1.0,0.0,0.18,255,255,1.0,0.0,0.0,0.0,0.0,0.0,0,75168.0
22,9,249,526,0,1,7,0.0,0.0,1.0,0.0,0.0,21,255,1.0,0.0,0.01,0.0,0.0,0.0,0,97097.0
31,5,0,0,0,0,276,1.0,1.0,0.03,0.06,0.0,255,9,0.04,0.09,0.0,1.0,1.0,0.0,1,30844.0
20,5,0,0,0,0,256,1.0,1.0,0.02,0.07,0.0,255,6,0.02,0.08,0.0,1.0,1.0,0.0,1,93126.0
22,1,0,0,0,0,1,0.0,0.0,1.0,0.0,0.0,2,203,1.0,0.0,0.18,0.0,0.0,0.97,0,108214.0
13,9,8,0,0,0,1,0.0,0.0,1.0,0.0,1.0,2,142,1.0,0.0,0.5,0.0,0.0,0.0,1,90495.0
22,9,230,752,0,1,8,0.0,0.0,1.0,0.0,0.0,31,255,1.0,0.0,0.08,0.0,0.01,0.01,0,82510.0
22,1,0,0,0,0,1,0.0,0.0,1.0,0.0,1.0,11,50,1.0,0.0,0.16,0.0,0.0,1.0,0,91413.0
22,9,325,272,0,1,6,0.0,0.0,1.0,0.0,0.0,255,249,0.98,0.01,0.0,0.0,0.0,0.03,0,102505.0
53,5,0,0,0,0,209,1.0,1.0,0.09,0.06,0.0,255,18,0.07,0.07,0.0,1.0,1.0,0.0,1,87325.0
15,5,0,0,0,0,127,1.0,1.0,0.01,0.07,0.0,255,1,0.0,0.07,0.0,1.0,1.0,0.0,1,30474.0
22,9,248,10403,0,1,6,0.0,0.0,1.0,0.0,0.0,255,255,1.0,0.0,0.0,0.0,0.0,0.0,0,13948.0
22,9,205,406,0,1,24,0.0,0.0,1.0,0.0,0.0,24,255,1.0,0.0,0.05,0.0,0.0,0.0,0,66541.0
22,1,0,0,0,0,1,0.0,0.0,1.0,0.0,0.0,4,255,1.0,0.0,0.03,0.0,0.0,0.03,0,20320.0
22,9,331,480,0,1,22,0.0,0.0,1.0,0.0,0.08,142,255,1.0,0.0,0.01,0.0,0.0,0.01,0,70769.0
14,9,520,0,0,0,219,0.0,0.0,1.0,0.0,0.0,255,255,1.0,0.0,0.0,0.0,0.0,0.0,1,91901.0
19,9,740,0,0,1,2,0.0,0.0,1.0,0.0,0.0,144,27,0.19,0.03,0.0,0.0,0.0,0.0,0,61723.0
22,9,241,640,0,1,2,0.0,0.0,1.0,0.0,0.0,4,255,1.0,0.0,0.08,0.0,0.0,0.0,0,73646.0
22,9,308,1461,0,1,4,0.0,0.0,1.0,0.0,0.14,74,255,1.0,0.0,0.02,0.0,0.0,0.0,0,92610.0
22,9,194,1654,0,1,1,0.0,0.0,1.0,0.0,0.0,255,250,0.98,0.01,0.0,0.0,0.0,0.0,0,18662.0
18,9,320,1054,0,1,1,0.0,0.0,1.0,0.0,0.0,228,47,0.21,0.02,0.0,0.0,0.0,0.0,0,13189.0
11,9,44,44,0,0,8,0.0,0.0,1.0,0.0,0.2,255,255,1.0,0.0,0.0,0.0,0.0,0.0,0,51496.0
44,5,0,0,0,0,209,1.0,1.0,0.02,0.07,0.0,255,4,0.02,0.07,0.0,1.0,1.0,0.0,1,70211.0
44,5,0,0,0,0,108,1.0,1.0,0.15,0.07,0.0,255,13,0.05,0.07,0.0,1.0,1.0,0.0,1,41658.0
22,9,242,486,0,1,31,0.0,0.0,1.0,0.0,0.08,255,255,1.0,0.0,0.0,0.0,0.0,0.0,0,77206.0
19,9,245,0,0,1,2,0.0,0.0,1.0,0.0,0.0,2,89,1.0,0.0,0.02,0.0,0.01,0.0,0,99336.0
49,9,1209,329,0,1,1,0.0,0.0,1.0,0.0,1.0,3,242,1.0,0.0,0.02,0.0,0.0,0.0,0,113341.0
3,5,0,0,0,0,249,1.0,1.0,0.04,0.05,0.0,255,9,0.04,0.06,0.0,1.0,1.0,0.0,1,34439.0
22,9,241,1380,0,1,4,0.0,0.0,1.0,0.0,0.3,255,244,0.96,0.02,0.0,0.0,0.0,0.0,0,39094.0
14,9,1032,0,0,0,269,0.0,0.0,1.0,0.0,0.0,255,255,1.0,0.0,0.0,0.0,0.0,0.0,1,36563.0
44,5,0,0,0,0,127,1.0,1.0,0.16,0.06,0.0,182,20,0.11,0.07,0.0,1.0,1.0,0.0,1,27002.0
22,9,54540,8314,0,1,3,0.0,0.0,1.0,0.0,0.5,68,68,1.0,0.0,0.0,0.0,0.0,0.01,1,112776.0
11,9,44,136,0,0,74,0.0,0.0,1.0,0.0,0.01,255,254,1.0,0.01,0.0,0.0,0.0,0.0,0,48666.0
10,9,48,500,0,1,104,0.0,0.0,0.01,0.02,0.0,255,1,0.0,0.01,0.0,0.0,0.0,0.0,0,5022.0
22,9,175,6093,0,1,1,0.0,0.0,1.0,0.0,0.21,10,255,1.0,0.0,0.01,0.0,0.0,0.0,0,60636.0
44,10,0,0,0,0,1,1.0,1.0,1.0,0.0,0.0,166,1,0.01,0.94,0.0,0.95,1.0,0.0,1,58554.0
13,9,8,0,0,0,1,0.0,0.0,1.0,0.0,1.0,1,193,1.0,0.0,0.25,0.0,0.0,0.0,1,59888.0
38,5,0,0,0,0,225,1.0,1.0,0.03,0.06,0.0,255,14,0.05,0.07,0.0,1.0,1.0,0.0,1,48063.0
53,5,0,0,0,0,279,1.0,1.0,0.05,0.06,0.0,255,6,0.02,0.07,0.0,1.0,1.0,0.0,1,97078.0
49,9,1478,324,0,1,1,0.0,0.0,1.0,0.0,0.0,222,153,0.62,0.02,0.01,0.0,0.01,0.0,0,93591.0
22,9,230,8487,0,1,8,0.0,0.0,1.0,0.0,0.0,255,255,1.0,0.0,0.0,0.0,0.0,0.0,0,102286.0
19,9,334,0,0,1,1,0.0,0.0,1.0,0.0,0.0,13,40,1.0,0.0,0.1,0.0,0.0,0.0,1,13108.0
22,5,0,0,0,0,275,1.0,1.0,0.05,0.06,0.0,255,13,0.05,0.06,0.0,1.0,1.0,0.0,1,76745.0
13,9,8,0,0,0,1,0.0,0.0,1.0,0.0,1.0,2,61,1.0,0.0,0.26,0.0,0.0,0.0,1,120985.0
22,9,205,2750,0,1,1,0.0,0.0,1.0,0.0,1.0,109,255,1.0,0.0,0.03,0.0,0.0,0.0,0,110302.0
11,9,44,86,0,0,213,0.0,0.0,1.0,0.0,0.01,255,217,0.85,0.01,0.0,0.0,0.0,0.0,0,75118.0
22,9,257,11445,0,1,7,0.0,0.0,1.0,0.0,0.0,57,255,1.0,0.0,0.03,0.0,0.0,0.0,0,9470.0
44,9,1,0,0,0,141,0.0,0.0,0.86,0.03,0.0,255,163,0.64,0.05,0.0,0.0,0.0,0.0,1,56789.0
61,5,0,0,0,0,261,1.0,1.0,0.01,0.05,0.0,255,3,0.01,0.05,0.0,1.0,1.0,0.0,1,24464.0
49,9,9135,334,0,1,1,0.0,0.0,1.0,0.0,0.0,36,122,0.75,0.14,0.02,0.0,0.0,0.0,0,55403.0
44,9,28,0,3,0,88,0.0,0.0,1.0,0.0,0.0,160,88,0.55,0.03,0.0,0.0,0.0,0.0,1,89568.0
28,5,0,0,0,0,255,1.0,1.0,0.09,0.05,0.0,255,23,0.09,0.05,0.0,1.0,1.0,0.0,1,29018.0
49,9,1112,328,0,1,1,0.0,0.0,1.0,0.0,0.0,206,91,0.44,0.02,0.0,0.0,0.0,0.0,0,25935.0
11,9,42,42,0,0,3,0.0,0.0,1.0,0.0,0.6,255,247,0.97,0.01,0.0,0.0,0.0,0.0,0,91979.0
14,9,1032,0,0,0,118,0.0,0.0,1.0,0.0,0.0,255,118,0.46,0.02,0.0,0.0,0.0,0.0,1,13816.0
44,9,1,0,0,0,36,0.0,0.0,0.33,0.11,0.0,255,68,0.27,0.17,0.0,0.0,0.0,0.0,1,68378.0
13,9,8,0,0,0,1,0.0,0.0,1.0,0.0,1.0,2,2,1.0,0.0,0.0,0.0,0.0,0.0,1,106653.0
49,9,2315,329,0,1,1,0.0,0.0,1.0,0.0,0.0,69,166,0.54,0.09,0.01,0.0,0.0,0.0,0,66685.0
22,9,278,349,0,1,5,0.0,0.0,1.0,0.0,0.0,255,255,1.0,0.0,0.0,0.0,0.0,0.0,0,124103.0
44,5,0,0,0,0,215,1.0,1.0,0.06,0.07,0.0,255,20,0.08,0.07,0.0,1.0,1.0,0.0,1,63195.0
13,9,18,0,0,0,1,0.0,0.0,1.0,0.0,0.0,1,133,1.0,0.0,1.0,0.0,0.0,0.0,1,60061.0
55,9,122,14426,0,1,1,0.0,0.0,1.0,0.0,0.0,71,2,0.01,0.08,1.0,0.0,0.0,0.0,0,66459.0
19,9,334,0,0,1,1,0.0,0.0,1.0,0.0,0.0,3,21,1.0,0.0,0.19,0.0,0.0,0.0,1,63225.0
44,5,0,0,0,0,103,0.99,1.0,0.02,0.07,0.0,255,19,0.07,0.07,0.0,1.0,1.0,0.0,1,98016.0
22,9,345,3938,0,1,10,0.0,0.0,1.0,0.0,0.25,255,255,1.0,0.0,0.0,0.0,0.0,0.0,0,983.0
44,1,0,0,0,0,147,0.0,0.0,0.13,0.06,0.0,255,19,0.07,0.08,0.0,0.0,0.0,1.0,1,105830.0
44,1,0,0,0,0,121,0.0,0.0,0.17,0.06,0.0,255,18,0.07,0.06,0.0,0.0,0.0,1.0,1,89941.0
13,9,8,0,0,0,1,0.0,0.0,1.0,0.0,1.0,4,120,1.0,0.0,0.25,0.0,0.0,0.0,1,106568.0
11,9,44,92,0,0,249,0.0,0.0,1.0,0.01,0.01,255,255,1.0,0.0,0.0,0.0,0.0,0.0,0,87950.0
22,9,285,23652,0,1,14,0.0,0.0,1.0,0.0,0.19,35,110,1.0,0.0,0.08,0.0,0.0,0.0,0,30197.0
11,9,46,77,0,0,264,0.0,0.0,1.0,0.0,0.0,255,254,1.0,0.01,0.0,0.0,0.0,0.0,0,96065.0
22,9,323,462,0,1,14,0.0,0.0,1.0,0.0,0.0,219,255,1.0,0.0,0.02,0.0,0.0,0.0,0,61699.0
27,5,0,0,0,0,136,1.0,1.0,0.18,0.05,0.0,255,25,0.1,0.05,0.0,1.0,1.0,0.0,1,6439.0
44,9,215,0,0,0,1,0.0,0.0,1.0,0.0,0.0,201,169,0.84,0.01,0.0,0.0,0.0,0.0,1,88481.0
53,5,0,0,0,0,135,1.0,1.0,0.14,0.07,0.0,255,19,0.07,0.07,0.0,1.0,1.0,0.0,1,125594.0
44,5,0,0,0,0,178,1.0,1.0,0.14,0.05,0.0,255,25,0.1,0.06,0.0,1.0,1.0,0.0,1,65630.0
22,9,252,10064,0,1,6,0.0,0.0,1.0,0.0,0.0,103,255,1.0,0.0,0.02,0.0,0.0,0.0,0,35582.0
11,9,30,30,0,0,2,0.0,0.0,1.0,0.0,0.67,255,255,1.0,0.0,0.0,0.0,0.0,0.0,0,125938.0
22,9,427,546,0,1,1,0.0,0.0,1.0,0.0,1.0,43,255,1.0,0.0,0.06,0.0,0.0,0.0,0,113405.0
11,9,45,132,0,0,149,0.0,0.0,1.0,0.0,0.01,255,212,0.83,0.01,0.0,0.0,0.0,0.0,0,81479.0
22,1,0,0,0,0,1,0.0,0.0,1.0,0.0,0.0,3,253,1.0,0.0,0.19,0.0,0.0,0.75,0,36913.0
22,9,54540,8314,0,1,2,0.0,0.0,1.0,0.0,0.0,78,78,1.0,0.0,0.0,0.0,0.0,0.18,1,81898.0
40,9,147,105,0,0,5,0.0,0.0,0.2,0.6,0.0,95,1,0.01,0.51,0.0,0.0,0.0,0.0,0,5422.0
44,5,0,0,0,0,273,1.0,1.0,0.05,0.06,0.0,255,30,0.12,0.06,0.0,1.0,1.0,0.0,1,97759.0
44,5,0,0,0,0,75,1.0,1.0,0.12,0.09,0.0,255,9,0.04,0.06,0.0,1.0,1.0,0.0,1,41583.0
22,9,327,2662,0,1,12,0.0,0.0,1.0,0.0,0.11,255,255,1.0,0.0,0.0,0.0,0.0,0.0,0,23031.0
19,9,334,0,0,1,2,0.0,0.0,1.0,0.0,0.0,2,36,1.0,0.0,0.19,0.0,0.0,0.0,1,26595.0
40,9,147,105,0,0,2,0.0,0.0,1.0,0.0,0.0,255,2,0.01,0.56,0.0,0.0,0.0,0.0,0,116801.0
23,5,0,0,0,0,99,1.0,1.0,0.05,0.06,0.0,255,1,0.0,0.07,0.0,1.0,1.0,0.0,1,118704.0
26,5,0,0,0,0,142,1.0,1.0,0.05,0.06,0.0,255,1,0.0,0.07,0.0,1.0,1.0,0.0,1,43772.0
40,9,145,105,0,0,2,0.0,0.0,1.0,0.0,0.0,255,4,0.02,0.46,0.0,0.0,0.0,0.0,0,4274.0
44,5,0,0,0,0,22,1.0,1.0,0.05,0.27,0.0,255,16,0.06,0.08,0.0,1.0,1.0,0.0,1,54948.0
19,9,5135678,0,0,1,1,0.0,0.0,1.0,0.0,0.0,5,30,1.0,0.0,0.17,0.0,0.0,0.0,1,85482.0
11,9,32,102,0,0,6,0.0,0.0,1.0,0.0,0.0,159,150,0.94,0.02,0.0,0.0,0.0,0.0,0,4558.0
22,9,293,1997,0,1,3,0.0,0.0,1.0,0.0,0.0,27,255,1.0,0.0,0.03,0.0,0.0,0.0,0,67207.0
22,9,226,868,0,1,4,0.0,0.0,1.0,0.0,0.0,24,255,1.0,0.0,0.02,0.0,0.0,0.0,0,62227.0
44,5,0,0,0,0,131,1.0,1.0,0.02,0.06,0.0,255,1,0.0,0.07,0.0,1.0,1.0,0.0,1,56517.0
22,1,0,0,0,0,1,0.0,0.0,1.0,0.0,0.0,5,87,1.0,0.0,0.03,0.0,0.0,1.0,0,104311.0
40,1,0,0,0,0,489,0.07,0.0,0.0,1.0,0.0,255,1,0.0,1.0,0.0,0.04,0.0,1.0,1,96048.0
13,9,8,0,0,0,1,0.0,0.0,1.0,0.0,1.0,1,129,1.0,0.0,0.51,0.0,0.0,0.0,1,16066.0
19,9,334,0,0,1,2,0.0,0.0,1.0,0.0,0.0,6,41,1.0,0.0,0.15,0.0,0.0,0.0,1,31850.0
22,9,217,1291,0,1,7,0.0,0.0,1.0,0.0,0.0,7,255,1.0,0.0,0.03,0.0,0.0,0.0,0,52553.0
44,5,0,0,0,0,136,1.0,1.0,0.11,0.06,0.0,128,6,0.05,0.12,0.0,1.0,1.0,0.0,1,71156.0
22,1,0,0,0,0,1,0.0,0.0,1.0,0.0,0.0,47,254,1.0,0.0,0.14,0.0,0.0,1.0,0,52408.0
14,9,1032,0,0,0,300,0.0,0.0,1.0,0.0,0.0,168,74,0.44,0.04,0.0,0.01,0.0,0.0,1,6983.0
22,9,489,5848,0,1,4,0.0,0.0,1.0,0.0,0.17,255,255,1.0,0.0,0.0,0.0,0.0,0.0,0,89045.0
44,5,0,0,0,0,107,1.0,1.0,0.14,0.06,0.0,255,17,0.07,0.06,0.0,1.0,1.0,0.0,1,80643.0
36,5,0,0,0,0,289,1.0,1.0,0.05,0.06,0.0,255,15,0.06,0.06,0.0,1.0,1.0,0.0,1,76074.0
22,9,206,1697,0,1,4,0.0,0.0,1.0,0.0,0.0,4,255,1.0,0.0,0.04,0.0,0.0,0.0,0,119633.0
11,9,44,44,0,0,102,0.0,0.0,1.0,0.0,0.01,255,255,1.0,0.0,0.0,0.0,0.0,0.0,0,108402.0
35,5,0,0,0,0,141,1.0,1.0,0.01,0.08,0.0,255,1,0.0,0.07,0.0,1.0,1.0,0.0,1,111638.0
22,9,257,767,0,1,14,0.0,0.0,1.0,0.0,0.0,73,255,1.0,0.0,0.02,0.0,0.0,0.0,0,56756.0
11,9,42,42,0,0,11,0.0,0.0,1.0,0.0,0.12,199,193,0.97,0.02,0.0,0.0,0.0,0.0,0,120372.0
22,9,283,383,0,1,10,0.0,0.0,1.0,0.0,0.0,43,255,1.0,0.0,0.01,0.0,0.0,0.0,0,110337.0
19,9,854,0,0,1,12,0.0,0.0,1.0,0.0,0.0,120,30,0.25,0.03,0.0,0.0,0.0,0.0,0,99180.0
11,9,43,109,0,0,75,0.0,0.0,1.0,0.0,0.01,255,255,1.0,0.0,0.0,0.0,0.0,0.0,0,101943.0
22,9,301,12634,0,1,3,0.0,0.2,1.0,0.0,0.4,55,255,1.0,0.0,0.02,0.0,0.0,0.0,0,94000.0
44,9,28,0,3,0,11,0.0,0.0,1.0,0.0,0.0,255,11,0.04,0.02,0.0,0.0,0.0,0.0,1,61904.0
61,5,0,0,0,0,23,1.0,1.0,0.13,0.26,0.0,255,3,0.01,0.08,0.0,1.0,1.0,0.0,1,61918.0
11,9,44,135,0,0,10,0.0,0.0,1.0,0.0,0.01,68,200,0.78,0.03,0.01,0.0,0.0,0.0,0,38949.0
22,9,315,1531,0,1,3,0.0,0.0,1.0,0.0,0.08,76,255,1.0,0.0,0.02,0.0,0.0,0.0,0,31153.0
20,5,0,0,0,0,248,1.0,1.0,0.07,0.06,0.0,255,18,0.07,0.07,0.0,1.0,1.0,0.0,1,74387.0
11,9,43,69,0,0,183,0.0,0.0,1.0,0.0,0.0,255,200,0.78,0.01,0.0,0.0,0.0,0.0,0,107318.0
39,9,48,48,0,0,3,0.0,0.0,0.33,0.67,0.0,255,4,0.02,0.01,0.0,0.0,0.0,0.0,0,123854.0
22,9,293,1193,0,1,10,0.0,0.0,1.0,0.0,0.18,255,255,1.0,0.0,0.0,0.0,0.0,0.0,0,54530.0
22,9,306,1075,0,1,4,0.0,0.0,1.0,0.0,0.12,255,253,0.99,0.01,0.0,0.0,0.0,0.0,0,64835.0
23,5,0,0,0,0,136,1.0,1.0,0.15,0.05,0.0,255,20,0.08,0.05,0.0,1.0,1.0,0.0,1,59528.0
4,1,0,0,0,0,275,0.0,0.0,0.04,0.06,0.0,255,10,0.04,0.07,0.0,0.0,0.0,1.0,1,84920.0
11,9,45,81,0,0,121,0.0,0.0,1.0,0.0,0.0,255,255,1.0,0.0,0.0,0.0,0.0,0.0,0,57384.0
22,9,197,978,0,1,28,0.0,0.0,1.0,0.0,0.06,90,255,1.0,0.0,0.02,0.0,0.0,0.0,0,81039.0
54,1,0,0,0,0,265,0.0,0.0,0.02,0.06,0.0,255,5,0.02,0.07,0.0,0.0,0.0,1.0,1,112854.0
11,9,45,132,0,0,178,0.0,0.0,1.0,0.0,0.0,255,255,1.0,0.0,0.0,0.0,0.0,0.0,0,89886.0
22,9,225,3073,0,1,3,0.0,0.0,1.0,0.0,0.0,149,255,1.0,0.0,0.03,0.0,0.0,0.0,0,72008.0
22,1,0,0,0,0,1,0.0,0.0,1.0,0.0,0.0,157,109,0.69,0.02,0.0,0.0,0.0,1.0,0,15155.0
22,9,245,39242,0,1,1,0.0,0.0,1.0,0.0,0.0,255,255,1.0,0.0,0.0,0.0,0.0,0.0,0,32074.0
44,5,0,0,0,0,110,1.0,1.0,0.16,0.05,0.0,255,10,0.04,0.06,0.0,1.0,1.0,0.0,1,117080.0
19,9,383,0,0,0,2,0.0,0.0,1.0,0.0,0.0,99,60,0.16,0.05,0.03,0.0,0.0,0.0,0,5470.0
17,9,8,170,0,0,1,0.0,0.0,1.0,0.0,0.0,108,1,0.01,0.03,0.0,0.0,0.0,0.0,0,54383.0
44,1,0,0,0,0,458,0.05,0.0,0.0,1.0,0.0,255,1,0.0,1.0,0.0,0.08,0.0,1.0,1,69550.0
13,9,8,0,0,0,1,0.0,0.0,1.0,0.0,1.0,2,80,1.0,0.0,0.5,0.0,0.0,0.0,1,116400.0
19,9,495,0,0,1,1,0.0,0.0,1.0,0.0,0.0,44,39,0.02,0.11,0.05,0.0,0.03,0.0,0,79748.0
60,5,0,0,0,0,119,1.0,1.0,0.03,0.07,0.0,255,4,0.02,0.07,0.0,1.0,1.0,0.0,1,46161.0
11,9,44,132,0,0,1,0.0,0.0,1.0,0.0,0.0,250,101,0.4,0.01,0.0,0.0,0.0,0.0,0,98646.0
44,9,1,0,0,0,31,0.0,0.0,0.06,0.13,0.0,255,2,0.01,0.08,0.0,0.0,0.0,0.0,1,46757.0
19,9,245,0,0,1,2,0.0,0.0,1.0,0.0,0.0,96,44,0.08,0.06,0.05,0.0,0.0,0.0,0,70187.0
22,9,299,1842,0,1,17,0.0,0.0,1.0,0.0,0.21,38,70,1.0,0.0,0.04,0.0,0.0,0.0,0,49070.0
23,5,0,0,0,0,125,1.0,1.0,0.16,0.06,0.0,255,20,0.08,0.07,0.0,1.0,1.0,0.0,1,15462.0
35,1,0,0,0,0,295,0.0,0.0,0.06,0.06,0.0,255,19,0.07,0.07,0.0,0.0,0.0,1.0,1,101390.0
22,9,316,293,0,1,14,0.0,0.0,1.0,0.0,0.0,222,255,1.0,0.0,0.01,0.0,0.0,0.0,0,92137.0
44,5,0,0,0,0,119,1.0,1.0,0.12,0.06,0.0,255,13,0.05,0.07,0.0,1.0,1.0,0.0,1,65154.0
44,5,0,0,0,0,239,1.0,1.0,0.02,0.07,0.0,255,10,0.04,0.07,0.0,1.0,1.0,0.0,1,113627.0
11,9,29,0,0,0,1,0.0,0.0,1.0,0.0,1.0,41,48,0.15,0.12,0.04,0.0,0.0,0.0,0,69104.0
22,9,328,1444,0,1,17,0.0,0.0,1.0,0.0,0.0,41,209,1.0,0.0,0.11,0.0,0.0,0.0,0,24881.0
22,9,246,1903,0,1,1,0.0,0.0,1.0,0.0,0.0,1,255,1.0,0.0,0.03,0.0,0.0,0.0,0,20978.0
22,9,284,26546,0,1,1,0.0,0.0,1.0,0.0,1.0,1,255,1.0,0.0,0.05,0.0,0.01,0.0,0,109649.0
14,9,1032,0,0,0,184,0.0,0.0,1.0,0.0,0.0,101,7,0.07,0.07,0.0,0.02,0.0,0.0,1,9967.0
44,5,0,0,0,0,137,1.0,1.0,0.09,0.06,0.0,255,27,0.11,0.05,0.0,1.0,1.0,0.0,1,64586.0
19,9,554,0,0,1,1,0.0,0.0,1.0,0.0,0.0,3,118,0.67,0.67,0.03,0.0,0.01,0.0,0,4353.0
22,9,242,4859,0,1,35,0.0,0.0,1.0,0.0,0.0,35,255,1.0,0.0,0.03,0.0,0.0,0.0,0,85133.0
40,9,147,105,0,0,1,0.0,0.0,1.0,0.0,0.0,234,1,0.0,0.44,0.0,0.0,0.0,0.0,0,26403.0
49,9,853,327,0,1,1,0.0,0.0,1.0,0.0,0.0,255,26,0.1,0.62,0.0,0.0,0.0,0.0,0,31429.0
11,9,45,84,0,0,222,0.0,0.0,1.0,0.0,0.0,255,255,1.0,0.0,0.0,0.0,0.0,0.0,0,70303.0
11,9,45,111,0,0,233,0.0,0.0,1.0,0.0,0.01,255,253,0.99,0.01,0.0,0.0,0.0,0.0,0,57001.0
22,5,0,0,0,0,225,1.0,0.46,0.03,0.07,0.15,255,6,0.02,0.06,0.0,1.0,1.0,0.0,1,17126.0
22,9,254,7262,0,1,1,0.0,0.0,1.0,0.0,0.12,48,255,1.0,0.0,0.02,0.0,0.0,0.0,0,34943.0
18,9,1234,2449,0,1,1,0.0,0.0,1.0,0.0,0.0,255,82,0.32,0.02,0.0,0.0,0.0,0.0,1,96942.0
22,9,280,912,0,1,24,0.0,0.0,1.0,0.0,0.0,156,255,1.0,0.0,0.02,0.0,0.0,0.0,0,11331.0
18,9,321,1054,0,1,1,0.0,0.0,1.0,0.0,0.0,233,43,0.18,0.02,0.0,0.0,0.0,0.0,0,25421.0
13,9,8,0,0,0,1,0.0,0.0,1.0,0.0,1.0,1,111,1.0,0.0,0.5,0.0,0.0,0.0,1,121094.0
3,5,0,0,0,0,296,1.0,1.0,0.06,0.05,0.0,255,5,0.02,0.07,0.0,1.0,1.0,0.0,1,88929.0
19,5,0,0,0,0,481,0.08,0.17,0.05,0.95,0.0,255,22,0.09,0.92,0.0,0.11,0.18,0.82,1,36387.0
34,5,0,0,0,0,218,1.0,1.0,0.0,0.07,0.0,255,1,0.0,0.09,0.0,1.0,1.0,0.0,1,16710.0
22,9,54540,8314,0,1,2,0.0,0.0,1.0,0.0,0.0,78,78,1.0,0.0,0.0,0.01,0.01,0.01,1,111498.0
19,9,12,0,0,1,1,0.0,0.0,1.0,0.0,0.0,120,105,0.52,0.03,0.02,0.0,0.0,0.0,0,83506.0
5,1,0,0,0,0,112,0.0,0.0,0.11,0.06,0.0,255,12,0.05,0.05,0.0,0.0,0.0,1.0,1,94270.0
61,5,0,0,0,0,206,1.0,1.0,0.08,0.05,0.0,255,17,0.07,0.05,0.0,1.0,1.0,0.0,1,62129.0
22,9,226,2251,0,1,30,0.0,0.0,1.0,0.0,0.09,255,255,1.0,0.0,0.0,0.0,0.0,0.0,0,98716.0
36,5,0,0,0,0,108,1.0,1.0,0.14,0.08,0.0,255,6,0.02,0.09,0.0,1.0,1.0,0.0,1,78328.0
22,9,300,12548,0,1,4,0.0,0.0,1.0,0.0,0.5,195,255,1.0,0.0,0.02,0.01,0.0,0.0,0,123853.0
22,9,323,935,0,1,8,0.0,0.0,1.0,0.0,0.0,107,255,1.0,0.0,0.02,0.0,0.0,0.0,0,83550.0
4,5,0,0,0,0,264,1.0,1.0,0.04,0.07,0.0,255,11,0.04,0.08,0.0,1.0,1.0,0.0,1,103285.0
22,9,219,2816,0,1,1,0.0,0.0,1.0,0.0,0.4,255,255,1.0,0.0,0.0,0.0,0.0,0.0,0,110558.0
22,9,154,13386,0,1,2,0.0,0.0,1.0,0.0,0.11,127,255,1.0,0.0,0.04,0.0,0.0,0.01,0,106926.0
40,9,146,105,0,0,1,0.0,0.0,1.0,0.0,0.0,254,2,0.01,0.59,0.0,0.0,0.0,0.0,0,90515.0
29,5,0,0,0,0,227,1.0,1.0,0.1,0.05,0.0,255,23,0.09,0.05,0.0,1.0,1.0,0.0,1,101495.0
13,9,8,0,0,0,1,0.0,0.0,1.0,0.0,1.0,2,120,1.0,0.0,0.5,0.0,0.0,0.0,1,93927.0
22,9,237,2535,0,1,2,0.0,0.0,1.0,0.0,0.06,4,255,1.0,0.0,0.04,0.0,0.0,0.0,0,124554.0
4,1,0,0,0,0,205,0.0,0.0,0.1,0.06,0.0,255,20,0.08,0.07,0.0,0.0,0.0,1.0,1,33018.0
44,5,0,0,0,0,266,1.0,1.0,0.04,0.06,0.0,255,10,0.04,0.08,0.0,1.0,1.0,0.0,1,47087.0
19,9,373,0,0,1,8,0.0,0.0,1.0,0.0,0.27,42,75,0.33,0.1,0.03,0.0,0.0,0.0,0,943.0
14,9,1032,0,0,0,511,0.0,0.0,1.0,0.0,0.0,255,39,0.15,0.07,0.0,0.07,0.0,0.0,1,86152.0
55,6,0,0,0,0,1,1.0,1.0,1.0,0.0,0.0,154,2,0.01,0.12,0.0,0.01,0.5,0.0,0,8826.0
3,1,0,0,0,0,266,0.0,0.0,0.03,0.06,0.0,255,9,0.04,0.07,0.0,0.0,0.0,1.0,1,24435.0
40,9,146,105,0,0,5,0.0,0.0,0.4,0.6,0.0,255,2,0.01,0.85,0.0,0.0,0.0,0.0,0,533.0
22,9,214,4823,0,1,6,0.17,0.17,1.0,0.0,0.0,255,255,1.0,0.0,0.0,0.0,0.0,0.0,0,93832.0
22,9,54540,8314,0,1,5,0.0,0.0,1.0,0.0,0.0,37,37,1.0,0.0,0.0,0.0,0.0,0.05,1,95061.0
30,5,0,0,0,0,147,1.0,1.0,0.1,0.05,0.0,255,12,0.05,0.05,0.0,1.0,1.0,0.0,1,5286.0
19,9,3690,0,0,1,9,0.0,0.0,1.0,0.0,0.0,9,74,1.0,0.0,0.03,0.0,0.01,0.0,0,101554.0
7,5,0,0,0,0,265,1.0,1.0,0.06,0.05,0.0,255,17,0.07,0.05,0.0,1.0,1.0,0.0,1,70770.0
22,9,321,182,0,1,24,0.0,0.0,1.0,0.0,0.0,164,255,1.0,0.0,0.01,0.0,0.0,0.05,0,97904.0
40,9,19,0,0,1,1,0.0,0.0,1.0,0.0,0.0,255,1,0.0,0.08,0.0,0.91,0.0,0.0,1,65462.0
56,5,0,0,0,0,126,1.0,1.0,0.06,0.06,0.0,255,8,0.03,0.05,0.0,1.0,1.0,0.0,1,70418.0
51,1,0,0,0,0,126,0.0,0.0,0.13,0.07,0.0,255,16,0.06,0.07,0.0,0.0,0.0,1.0,1,24457.0
28,5,0,0,0,0,134,1.0,1.0,0.04,0.06,0.0,255,14,0.05,0.08,0.0,1.0,1.0,0.0,1,44567.0
22,9,285,1868,0,1,33,0.0,0.0,1.0,0.0,0.08,255,255,1.0,0.0,0.0,0.0,0.0,0.0,0,101894.0
13,9,18,0,0,0,1,0.0,0.0,1.0,0.0,0.0,1,93,1.0,0.0,1.0,0.0,0.0,0.0,1,73908.0
44,5,0,0,0,0,247,1.0,1.0,0.04,0.06,0.0,255,2,0.01,0.08,0.0,1.0,1.0,0.0,1,33125.0
22,9,313,293,0,1,18,0.0,0.0,1.0,0.0,0.0,206,255,1.0,0.0,0.01,0.0,0.0,0.01,0,68091.0
22,9,206,1509,0,1,12,0.0,0.0,1.0,0.0,0.0,255,255,1.0,0.0,0.0,0.0,0.0,0.0,0,82586.0
40,4,1,0,0,0,2,0.0,0.0,1.0,0.0,0.0,255,2,0.01,0.64,0.0,0.0,0.0,1.0,1,8051.0
22,9,267,9287,0,1,6,0.0,0.0,1.0,0.0,0.0,255,255,1.0,0.0,0.0,0.0,0.0,0.0,0,101736.0
22,9,307,888,0,1,40,0.0,0.0,1.0,0.0,0.0,40,255,1.0,0.0,0.02,0.0,0.0,0.0,0,84481.0
44,5,0,0,0,0,111,1.0,1.0,0.17,0.05,0.0,255,11,0.04,0.08,0.0,1.0,1.0,0.0,1,32073.0
22,9,309,6718,0,1,4,0.0,0.0,1.0,0.0,0.0,87,255,1.0,0.0,0.01,0.0,0.01,0.0,0,37673.0
40,9,147,0,0,0,4,0.0,0.0,0.25,0.75,0.0,255,1,0.0,0.86,0.0,0.0,0.0,0.0,0,40874.0
17,5,0,0,0,0,25,1.0,1.0,0.2,0.08,0.0,67,9,0.07,0.06,0.22,0.97,0.56,0.0,1,99466.0
5,5,0,0,0,0,106,1.0,1.0,0.06,0.06,0.0,255,6,0.02,0.05,0.0,1.0,1.0,0.0,1,63140.0
44,1,0,0,0,0,115,0.07,0.0,0.01,1.0,0.0,255,1,0.0,0.69,0.0,0.03,0.0,1.0,1,115392.0
59,2,0,0,0,0,118,0.0,0.0,0.15,0.07,0.0,255,18,0.07,0.06,0.0,0.0,0.0,1.0,1,81218.0
44,5,0,0,0,0,228,1.0,1.0,0.09,0.05,0.0,255,20,0.08,0.06,0.0,1.0,1.0,0.0,1,15144.0
11,9,45,45,0,0,157,0.0,0.0,1.0,0.0,0.0,255,255,1.0,0.0,0.0,0.0,0.0,0.0,0,125886.0
22,9,305,4073,0,1,3,0.0,0.0,1.0,0.0,0.5,255,255,1.0,0.0,0.0,0.0,0.0,0.0,0,72192.0
22,9,282,263,0,1,18,0.0,0.0,1.0,0.0,0.19,255,255,1.0,0.0,0.0,0.0,0.0,0.0,0,43090.0
22,9,455,296,0,1,4,0.0,0.0,1.0,0.0,0.0,255,255,1.0,0.0,0.0,0.0,0.0,0.0,0,116842.0
26,5,0,0,0,0,8,1.0,1.0,1.0,0.0,0.0,255,8,0.03,0.07,0.0,1.0,1.0,0.0,1,6074.0
22,9,261,33318,0,1,1,0.0,0.0,1.0,0.0,0.0,52,255,1.0,0.0,0.04,0.0,0.0,0.0,0,95112.0
54,5,0,0,0,0,3,1.0,1.0,0.33,1.0,0.0,255,1,0.0,0.09,0.0,1.0,1.0,0.0,1,61042.0
14,9,30,0,0,0,1,0.0,0.0,1.0,0.0,0.0,6,7,1.0,0.0,0.29,0.0,0.0,0.0,0,11418.0
56,5,0,0,0,0,234,1.0,1.0,0.0,0.06,0.0,255,1,0.0,0.08,0.0,1.0,1.0,0.0,1,45120.0
11,9,43,137,0,0,70,0.0,0.0,1.0,0.0,0.01,255,191,0.75,0.02,0.0,0.0,0.0,0.0,0,12156.0
44,9,28,0,3,0,74,0.0,0.0,1.0,0.0,0.0,255,41,0.16,0.01,0.0,0.0,0.0,0.0,1,55544.0
22,9,283,836,0,1,1,0.0,0.0,1.0,0.0,0.0,60,255,1.0,0.0,0.06,0.0,0.0,0.0,0,74964.0
50,5,0,0,0,0,299,1.0,1.0,0.07,0.05,0.0,255,20,0.08,0.06,0.0,1.0,1.0,0.0,1,82868.0
22,9,193,2692,0,1,10,0.0,0.0,1.0,0.0,0.0,44,255,1.0,0.0,0.02,0.0,0.0,0.0,0,61756.0
22,9,259,1576,0,1,6,0.0,0.0,1.0,0.0,0.38,7,255,1.0,0.0,0.05,0.0,0.0,0.0,0,51298.0
44,1,0,0,0,0,134,0.0,0.0,0.14,0.06,0.0,255,8,0.03,0.07,0.0,0.0,0.0,1.0,1,65490.0
21,1,0,0,0,0,136,0.0,0.0,0.07,0.06,0.0,255,9,0.04,0.07,0.0,0.0,0.0,1.0,1,55322.0
19,5,0,0,0,0,252,1.0,1.0,0.04,0.06,0.0,255,11,0.04,0.07,0.0,1.0,1.0,0.0,1,94949.0
31,5,0,0,0,0,37,1.0,1.0,0.16,0.14,0.0,255,13,0.05,0.07,0.0,1.0,1.0,0.0,1,89678.0
19,9,4753,0,0,1,16,0.0,0.0,1.0,0.0,0.0,255,52,0.2,0.02,0.0,0.0,0.0,0.0,0,114239.0
44,1,0,0,0,0,256,0.0,0.0,0.01,0.07,0.0,255,2,0.01,0.07,0.0,0.0,0.0,1.0,1,113558.0
44,5,0,0,0,0,153,1.0,1.0,0.05,0.06,0.0,255,7,0.03,0.06,0.0,1.0,1.0,0.0,1,85295.0
18,9,247,773,0,1,1,0.0,0.0,1.0,0.0,0.0,230,46,0.2,0.02,0.0,0.0,0.0,0.0,0,103627.0
50,5,0,0,0,0,226,1.0,1.0,0.0,0.06,0.0,255,1,0.0,0.07,0.0,1.0,1.0,0.0,1,102933.0
44,4,1,0,0,0,2,0.0,0.0,1.0,0.0,0.0,255,2,0.01,0.5,0.0,0.0,0.0,1.0,1,6767.0
49,9,940,329,0,1,1,0.0,0.0,1.0,0.0,0.0,89,185,0.8,0.03,0.01,0.0,0.01,0.0,0,46123.0
22,9,234,2823,0,1,25,0.0,0.0,1.0,0.0,0.11,96,128,1.0,0.0,0.02,0.0,0.0,0.0,0,19861.0
18,9,235,768,0,1,1,0.0,0.0,1.0,0.0,0.0,165,11,0.07,0.03,0.0,0.0,0.0,0.0,0,6279.0
44,5,0,0,0,0,92,1.0,1.0,0.03,0.07,0.0,255,1,0.0,0.06,0.0,1.0,1.0,0.0,1,123259.0
36,1,0,0,0,0,108,0.0,0.0,0.06,0.07,0.0,255,6,0.02,0.07,0.0,0.0,0.0,1.0,1,120583.0
18,9,1224,2449,0,1,1,0.0,0.0,1.0,0.0,0.0,104,2,0.02,0.06,0.0,0.02,0.0,0.0,1,26757.0
49,9,1507,329,0,1,1,0.0,0.0,1.0,0.0,0.0,88,54,0.61,0.03,0.0,0.0,0.0,0.0,0,1930.0
22,9,268,279,0,1,1,0.0,0.0,1.0,0.0,0.4,255,251,0.98,0.01,0.0,0.0,0.0,0.0,0,6620.0
22,9,253,960,0,1,35,0.0,0.0,1.0,0.0,0.09,255,255,1.0,0.0,0.0,0.0,0.0,0.0,0,55646.0
44,1,0,0,0,0,120,0.0,0.0,0.03,0.08,0.0,255,3,0.01,0.09,0.0,0.0,0.0,1.0,1,26866.0
22,9,229,8015,0,1,1,0.0,0.0,1.0,0.0,0.29,243,255,1.0,0.0,0.01,0.0,0.0,0.0,0,1210.0
44,5,0,0,0,0,131,1.0,1.0,0.07,0.06,0.0,255,9,0.04,0.07,0.0,1.0,1.0,0.0,1,110614.0
22,9,358,258,0,1,1,0.0,0.0,1.0,0.0,1.0,38,254,1.0,0.0,0.02,0.0,0.0,0.0,0,48070.0
22,9,215,1416,0,1,18,0.0,0.0,1.0,0.0,0.11,19,255,1.0,0.0,0.04,0.0,0.0,0.04,0,78085.0
44,1,0,0,0,0,110,0.0,0.0,0.06,0.08,0.0,255,7,0.03,0.07,0.0,0.0,0.0,1.0,1,7821.0
22,9,54540,8314,0,1,6,0.0,0.0,1.0,0.0,0.29,255,255,1.0,0.0,0.0,0.0,0.0,0.05,1,111278.0
44,5,0,0,0,0,110,1.0,1.0,0.15,0.07,0.0,255,16,0.06,0.06,0.0,1.0,1.0,0.0,1,108229.0
44,5,0,0,0,0,110,1.0,1.0,0.01,0.08,0.0,53,1,0.02,0.15,0.0,1.0,1.0,0.0,1,97301.0
22,9,355,657,0,1,16,0.0,0.0,1.0,0.0,0.0,255,255,1.0,0.0,0.0,0.0,0.0,0.0,0,604.0
15,5,0,0,0,0,146,1.0,1.0,0.12,0.06,0.0,255,17,0.07,0.07,0.0,1.0,1.0,0.0,1,93358.0
22,9,295,10970,0,1,11,0.0,0.0,1.0,0.0,0.14,255,255,1.0,0.0,0.0,0.0,0.0,0.0,0,100573.0
44,9,215,0,0,0,1,0.0,0.0,1.0,0.0,0.0,149,125,0.84,0.01,0.0,0.0,0.0,0.0,1,112996.0
22,9,254,2042,0,1,4,0.0,0.0,1.0,0.0,0.33,130,255,1.0,0.0,0.03,0.0,0.0,0.0,0,90046.0
13,9,8,0,0,0,1,0.0,0.0,1.0,0.0,1.0,2,70,1.0,0.0,0.26,0.0,0.0,0.0,1,31349.0
11,9,46,134,0,0,307,0.0,0.0,1.0,0.01,0.0,255,225,0.88,0.01,0.0,0.0,0.0,0.0,0,969.0
22,9,303,782,0,1,3,0.0,0.0,1.0,0.0,0.5,100,255,1.0,0.0,0.03,0.0,0.0,0.0,0,26433.0
55,5,0,0,0,0,245,1.0,1.0,0.06,0.06,0.0,255,14,0.05,0.06,0.0,1.0,1.0,0.0,1,58693.0
22,9,54540,8314,0,1,7,0.14,0.14,1.0,0.0,0.0,30,30,1.0,0.0,0.0,0.03,0.03,0.03,1,30987.0
26,5,0,0,0,0,142,1.0,1.0,0.01,0.06,0.0,255,2,0.01,0.06,0.0,1.0,1.0,0.0,1,33936.0
49,2,13794,2966,0,1,1,0.0,0.0,1.0,0.0,0.0,169,95,0.43,0.42,0.02,0.0,0.0,0.03,0,55499.0
44,5,0,0,0,0,274,1.0,1.0,0.08,0.05,0.0,255,23,0.09,0.07,0.0,1.0,1.0,0.0,1,27217.0
49,9,1201,333,0,1,1,0.0,0.0,1.0,0.0,1.0,118,136,0.52,0.05,0.01,0.0,0.0,0.0,0,86560.0
34,5,0,0,0,0,209,1.0,1.0,0.07,0.07,0.0,255,14,0.05,0.07,0.0,1.0,1.0,0.0,1,92462.0
44,5,0,0,0,0,75,1.0,1.0,0.01,0.07,0.0,255,10,0.04,0.07,0.0,1.0,1.0,0.0,1,61742.0
22,9,293,3437,0,1,2,0.0,0.0,1.0,0.0,0.5,255,255,1.0,0.0,0.0,0.0,0.0,0.0,0,75928.0
22,9,234,4200,0,1,5,0.0,0.0,1.0,0.0,0.33,84,255,1.0,0.0,0.04,0.0,0.0,0.0,0,21068.0
22,9,229,774,0,1,21,0.0,0.0,1.0,0.0,0.0,255,255,1.0,0.0,0.0,0.0,0.0,0.0,0,70979.0
22,9,187,1330,0,1,7,0.0,0.0,1.0,0.0,0.25,76,255,1.0,0.0,0.07,0.0,0.01,0.01,0,22862.0
19,9,245,0,0,1,2,0.0,0.0,1.0,0.0,0.0,80,38,0.03,0.06,0.05,0.0,0.0,0.0,0,87618.0
11,9,44,129,0,0,38,0.0,0.0,1.0,0.0,0.01,96,200,0.84,0.02,0.01,0.0,0.0,0.0,0,26724.0
19,9,59,0,0,1,14,0.0,0.0,1.0,0.0,0.0,255,155,0.61,0.03,0.0,0.0,0.01,0.0,0,77436.0
44,1,0,0,0,0,251,0.0,0.0,0.02,0.06,0.0,255,5,0.02,0.08,0.0,0.0,0.0,1.0,1,79783.0
9,5,0,0,0,0,264,1.0,1.0,0.06,0.06,0.0,255,15,0.06,0.07,0.0,1.0,1.0,0.0,1,7581.0
40,9,7196,0,0,0,8,0.12,0.0,0.12,0.38,0.0,247,1,0.0,0.02,0.0,0.0,0.0,0.0,0,47770.0
22,9,230,5308,0,1,28,0.0,0.0,1.0,0.0,0.0,161,255,1.0,0.0,0.01,0.0,0.0,0.0,0,81665.0
18,5,0,0,0,0,40,1.0,1.0,0.08,0.12,0.0,255,10,0.04,0.08,0.0,1.0,1.0,0.0,1,105485.0
40,9,147,105,0,0,1,0.0,0.0,1.0,0.0,0.0,255,1,0.0,0.9,0.0,0.0,0.0,0.0,0,60899.0
44,1,0,0,0,0,139,0.0,0.0,0.12,0.06,0.0,255,16,0.06,0.07,0.0,0.0,0.0,1.0,1,44622.0
44,5,0,0,0,0,104,1.0,1.0,0.04,0.07,0.0,255,22,0.09,0.06,0.0,1.0,1.0,0.0,1,86892.0
38,5,0,0,0,0,154,1.0,1.0,0.08,0.06,0.0,255,12,0.05,0.05,0.0,1.0,1.0,0.0,1,63017.0
19,5,0,0,0,0,23,0.96,1.0,0.09,0.13,0.0,255,15,0.06,0.06,0.0,1.0,1.0,0.0,1,83344.0
44,5,0,0,0,0,241,1.0,1.0,0.04,0.06,0.0,255,7,0.03,0.08,0.0,1.0,1.0,0.0,1,68047.0
17,5,0,0,0,0,46,1.0,1.0,0.37,0.09,0.0,255,77,0.3,0.02,0.0,1.0,1.0,0.0,1,72395.0
18,5,0,0,0,0,239,1.0,1.0,0.04,0.07,0.0,255,10,0.04,0.06,0.0,1.0,1.0,0.0,1,113410.0
22,9,278,6423,0,1,13,0.0,0.0,1.0,0.0,0.0,13,255,1.0,0.0,0.05,0.0,0.0,0.0,0,11445.0
11,9,46,46,0,0,10,0.0,0.0,1.0,0.0,0.18,152,148,0.97,0.01,0.0,0.0,0.0,0.0,0,95572.0
13,9,8,0,0,0,1,0.0,0.0,1.0,0.0,1.0,2,182,1.0,0.0,0.25,0.0,0.0,0.0,1,9854.0
40,9,516,4,0,0,489,0.0,0.0,1.0,0.0,0.0,255,255,1.0,0.0,0.0,0.0,0.0,0.0,0,12975.0
37,5,0,0,0,0,292,1.0,1.0,0.09,0.05,0.0,255,25,0.1,0.07,0.0,1.0,1.0,0.0,1,108477.0
11,9,43,135,0,0,71,0.0,0.0,1.0,0.0,0.01,255,255,1.0,0.0,0.0,0.0,0.0,0.0,0,123665.0
13,9,30,0,0,0,1,0.0,0.0,1.0,0.0,0.0,255,13,0.05,0.01,0.0,0.0,0.0,0.0,0,64478.0
49,9,1506,328,0,1,1,0.0,0.0,1.0,0.0,1.0,250,102,0.4,0.01,0.02,0.0,0.0,0.0,0,95886.0
22,1,0,0,0,0,1,0.0,0.0,1.0,0.0,0.0,27,255,1.0,0.0,0.05,0.0,0.0,0.33,0,108152.0
22,9,229,547,0,1,21,0.0,0.0,1.0,0.0,0.0,120,255,1.0,0.0,0.03,0.0,0.0,0.0,0,118793.0
44,5,0,0,0,0,182,1.0,1.0,0.1,0.05,0.0,123,19,0.15,0.08,0.0,0.89,1.0,0.0,1,73927.0
22,9,332,546,0,1,18,0.0,0.0,1.0,0.0,0.0,255,255,1.0,0.0,0.0,0.0,0.0,0.0,0,61380.0
44,9,105,146,0,0,2,0.0,0.0,1.0,0.0,0.0,255,242,0.95,0.01,0.0,0.0,0.0,0.0,0,21439.0
13,9,8,0,0,0,1,0.0,0.0,1.0,0.0,1.0,1,79,1.0,0.0,0.51,0.0,0.0,0.0,1,64381.0
22,9,293,819,0,1,2,0.0,0.0,1.0,0.0,0.0,16,255,1.0,0.0,0.09,0.0,0.0,0.0,0,3339.0
55,5,0,0,0,0,48,0.98,1.0,0.23,0.1,0.0,255,31,0.12,0.05,0.0,1.0,1.0,0.0,1,30109.0
49,9,834,330,0,1,1,0.0,0.0,1.0,0.0,1.0,28,93,0.68,0.18,0.02,0.0,0.0,0.0,0,48571.0
22,9,214,14443,0,1,15,0.0,0.0,1.0,0.0,0.08,255,255,1.0,0.0,0.0,0.0,0.0,0.0,0,124194.0
44,5,0,0,0,0,68,1.0,1.0,0.26,0.09,0.0,255,19,0.07,0.07,0.0,1.0,1.0,0.0,1,36620.0
19,9,1214,0,0,1,15,0.0,0.0,1.0,0.0,0.0,255,81,0.32,0.02,0.0,0.0,0.0,0.0,0,55545.0
16,5,0,0,0,0,116,1.0,1.0,0.03,0.07,0.0,255,4,0.02,0.07,0.0,1.0,1.0,0.0,1,43868.0
31,5,0,0,0,0,265,1.0,1.0,0.08,0.05,0.0,255,21,0.08,0.05,0.0,1.0,1.0,0.0,1,27195.0
19,9,334,0,0,1,1,0.0,0.0,1.0,0.0,0.0,7,33,1.0,0.0,0.15,0.0,0.0,0.0,1,103515.0
19,9,501760,0,0,0,2,0.0,0.0,1.0,0.0,0.0,4,64,0.5,0.75,0.03,0.0,0.0,0.0,0,54853.0
44,9,1,0,0,0,67,0.0,0.0,0.18,0.06,0.0,255,37,0.15,0.23,0.0,0.0,0.0,0.0,1,29213.0
29,5,0,0,0,0,194,1.0,1.0,0.1,0.07,0.0,255,20,0.08,0.06,0.0,1.0,1.0,0.0,1,116218.0
22,9,326,1011,0,1,5,0.0,0.0,1.0,0.0,0.0,37,255,1.0,0.0,0.03,0.0,0.01,0.0,0,83844.0
19,9,16787,0,0,1,11,0.0,0.0,1.0,0.0,0.0,208,98,0.46,0.02,0.02,0.0,0.0,0.0,0,56360.0
49,9,2571,488,0,1,1,0.0,0.0,1.0,0.0,0.0,40,172,0.47,0.08,0.01,0.0,0.0,0.0,0,46682.0
22,9,241,419,0,1,1,0.0,0.0,1.0,0.0,0.0,121,255,1.0,0.0,0.01,0.0,0.0,0.0,0,92984.0
22,9,207,2446,0,1,5,0.0,0.0,1.0,0.0,0.25,255,255,1.0,0.0,0.0,0.0,0.0,0.0,0,96894.0
22,9,219,3216,0,1,3,0.33,0.08,1.0,0.0,0.33,74,255,1.0,0.0,0.02,0.01,0.0,0.0,0,42260.0
19,5,0,0,0,0,35,1.0,1.0,0.43,0.06,0.0,37,61,0.41,0.08,0.03,0.95,0.25,0.0,1,54238.0
22,9,325,2662,0,1,8,0.0,0.0,1.0,0.0,0.0,20,255,1.0,0.0,0.07,0.0,0.0,0.0,0,116820.0
14,9,1032,0,0,0,273,0.0,0.0,1.0,0.0,0.0,197,103,0.52,0.04,0.0,0.01,0.0,0.0,1,53777.0
22,9,277,3171,0,1,3,0.0,0.0,1.0,0.0,0.23,24,255,1.0,0.0,0.02,0.0,0.0,0.0,0,106481.0
56,5,0,0,0,0,232,1.0,1.0,0.06,0.06,0.0,255,15,0.06,0.08,0.0,1.0,1.0,0.0,1,76326.0
22,9,144,193,0,1,1,0.0,0.0,1.0,0.0,1.0,9,255,1.0,0.0,0.07,0.0,0.0,0.0,0,32176.0
49,9,3450,337,0,1,1,0.0,0.0,1.0,0.0,1.0,98,126,0.52,0.05,0.02,0.0,0.0,0.0,0,17077.0
22,9,302,1461,0,1,12,0.0,0.0,1.0,0.0,0.14,255,255,1.0,0.0,0.0,0.0,0.0,0.0,0,114650.0
19,9,59,0,0,1,9,0.0,0.0,1.0,0.0,0.2,17,15,0.88,0.12,0.0,0.0,0.0,0.0,0,108568.0
11,9,43,43,0,0,64,0.0,0.0,1.0,0.0,0.0,255,255,1.0,0.0,0.0,0.0,0.0,0.0,0,74994.0
22,1,0,0,0,0,208,0.0,0.0,0.01,0.07,0.0,255,3,0.01,0.08,0.0,0.0,0.0,1.0,1,68042.0
22,9,210,417,0,1,15,0.0,0.0,1.0,0.0,0.2,255,255,1.0,0.0,0.0,0.0,0.0,0.0,0,104258.0
18,9,1019,2273,0,1,1,0.0,0.0,1.0,0.0,0.0,255,19,0.07,0.02,0.0,0.15,0.0,0.0,1,52547.0
14,9,1032,0,0,0,511,0.0,0.0,1.0,0.0,0.0,255,23,0.09,0.05,0.0,0.33,0.0,0.0,1,53284.0
40,9,147,0,0,0,7,0.14,0.0,0.14,0.57,0.0,255,3,0.01,0.53,0.0,0.0,0.0,0.0,0,47949.0
44,9,28,0,3,0,16,0.0,0.0,1.0,0.0,0.0,88,16,0.18,0.05,0.0,0.0,0.0,0.0,1,10464.0
49,9,13814,1398,0,1,1,0.0,0.0,1.0,0.0,1.0,76,238,0.95,0.03,0.01,0.0,0.0,0.0,0,39290.0
27,5,0,0,0,0,149,1.0,1.0,0.13,0.06,0.0,255,19,0.07,0.06,0.0,1.0,1.0,0.0,1,40103.0
22,9,235,3920,0,1,11,0.0,0.0,1.0,0.0,0.0,11,255,1.0,0.0,0.07,0.0,0.0,0.0,0,69005.0
4,1,0,0,0,0,145,0.0,0.0,0.06,0.08,0.0,255,8,0.03,0.09,0.0,0.0,0.0,1.0,1,141.0
22,9,197,7321,0,1,7,0.0,0.0,1.0,0.0,0.0,255,255,1.0,0.0,0.0,0.0,0.0,0.01,0,112398.0
35,5,0,0,0,0,266,1.0,1.0,0.08,0.06,0.0,255,2,0.01,0.07,0.0,1.0,1.0,0.0,1,123903.0
44,9,1,0,0,0,22,0.0,0.0,0.18,0.23,0.0,255,4,0.02,0.29,0.0,0.0,0.0,0.0,1,67184.0
22,9,315,788,0,1,11,0.0,0.0,1.0,0.0,0.0,12,255,1.0,0.0,0.05,0.0,0.01,0.0,0,18606.0
22,9,219,1899,0,1,10,0.0,0.0,1.0,0.0,0.0,10,255,1.0,0.0,0.05,0.0,0.0,0.0,0,15417.0
22,9,307,10647,0,1,4,0.0,0.0,1.0,0.0,0.25,4,7,1.0,0.0,0.29,0.0,0.29,0.14,0,24794.0
22,1,0,0,0,0,1,0.0,0.0,1.0,0.0,0.67,4,213,1.0,0.0,0.04,0.0,0.0,0.69,0,9746.0
44,1,0,0,0,0,121,0.0,0.0,0.02,0.06,0.0,255,3,0.01,0.06,0.0,0.0,0.0,1.0,1,55114.0
44,5,0,0,0,0,133,1.0,1.0,0.02,0.08,0.0,255,2,0.01,0.07,0.0,1.0,1.0,0.0,1,107635.0
44,5,0,0,0,0,246,1.0,1.0,0.06,0.06,0.0,255,9,0.04,0.06,0.0,1.0,1.0,0.0,1,34417.0
44,5,0,0,0,0,254,1.0,1.0,0.07,0.06,0.0,255,19,0.07,0.05,0.0,1.0,1.0,0.0,1,47942.0
44,4,0,0,0,0,1,0.0,0.0,1.0,0.0,0.0,134,1,0.01,0.64,0.0,0.04,0.0,1.0,0,52951.0
13,9,8,0,0,0,1,0.0,0.0,1.0,0.0,1.0,3,175,1.0,0.0,0.25,0.0,0.0,0.0,1,64876.0
22,9,234,1380,0,1,13,0.0,0.0,1.0,0.0,0.14,255,250,0.98,0.01,0.0,0.0,0.0,0.0,0,84000.0
44,5,0,0,0,0,286,1.0,1.0,0.03,0.06,0.0,255,12,0.05,0.07,0.0,1.0,1.0,0.0,1,116165.0
40,9,146,0,0,0,1,0.0,0.0,1.0,0.0,0.0,255,1,0.0,0.53,0.0,0.0,0.0,0.0,0,109075.0
49,9,1302,328,0,1,1,0.0,0.0,1.0,0.0,1.0,24,93,0.88,0.17,0.03,0.0,0.0,0.0,0,48550.0
22,9,222,2826,0,1,19,0.0,0.0,1.0,0.0,0.0,19,255,1.0,0.0,0.02,0.0,0.0,0.0,0,47383.0
13,9,8,0,0,0,1,0.0,0.0,1.0,0.0,1.0,2,114,1.0,0.0,0.25,0.0,0.0,0.0,1,9736.0
22,1,0,0,0,0,9,0.0,0.0,1.0,0.0,0.0,41,127,1.0,0.0,0.15,0.0,0.01,0.87,0,33194.0
19,9,12,0,0,1,1,0.0,0.0,1.0,0.0,0.0,175,63,0.36,0.02,0.0,0.0,0.0,0.0,0,94239.0
13,9,8,0,0,0,1,0.0,0.0,1.0,0.0,1.0,1,35,1.0,0.0,0.51,0.0,0.0,0.0,1,478.0
22,9,204,1514,0,1,7,0.0,0.0,1.0,0.0,0.0,255,255,1.0,0.0,0.0,0.0,0.0,0.0,0,67718.0
26,5,0,0,0,0,113,1.0,1.0,0.14,0.07,0.0,255,5,0.02,0.08,0.0,1.0,1.0,0.0,1,120201.0
19,5,0,0,0,0,57,1.0,1.0,0.28,0.07,0.0,255,66,0.26,0.02,0.0,1.0,1.0,0.0,1,22164.0
4,5,0,0,0,0,207,1.0,1.0,0.02,0.05,0.0,165,4,0.02,0.07,0.0,0.99,1.0,0.0,1,27782.0
22,9,227,24924,0,1,2,0.0,0.0,1.0,0.0,0.5,255,255,1.0,0.0,0.0,0.0,0.0,0.0,0,93819.0
44,5,0,0,0,0,154,1.0,1.0,0.12,0.05,0.0,255,4,0.02,0.08,0.0,1.0,1.0,0.0,1,63706.0
59,2,0,0,0,0,116,0.0,0.0,0.14,0.07,0.0,255,16,0.06,0.06,0.0,0.0,0.0,1.0,1,75200.0
44,5,0,0,0,0,103,1.0,1.0,0.12,0.05,0.0,255,12,0.05,0.05,0.0,1.0,1.0,0.0,1,67555.0
55,5,0,0,0,0,247,1.0,1.0,0.04,0.07,0.0,255,10,0.04,0.07,0.0,1.0,1.0,0.0,1,16065.0
13,9,8,0,0,0,1,0.0,0.0,1.0,0.0,1.0,1,213,1.0,0.0,0.25,0.0,0.0,0.0,1,62115.0
22,9,292,2282,0,1,13,0.0,0.0,1.0,0.0,0.0,32,255,1.0,0.0,0.02,0.0,0.0,0.0,0,120658.0
4,5,0,0,0,0,258,1.0,1.0,0.0,0.06,0.0,255,1,0.0,0.07,0.0,1.0,1.0,0.0,1,65740.0
11,9,42,76,0,0,250,0.0,0.0,1.0,0.0,0.0,255,233,0.91,0.01,0.0,0.0,0.0,0.0,0,45073.0
49,9,1324,334,0,1,1,0.0,0.0,1.0,0.0,0.0,97,157,0.61,0.04,0.01,0.0,0.0,0.05,0,98211.0
22,9,227,1362,0,1,19,0.0,0.0,1.0,0.0,0.06,255,255,1.0,0.0,0.0,0.0,0.0,0.0,0,69089.0
10,5,0,0,0,0,205,1.0,1.0,0.12,0.05,0.0,255,25,0.1,0.05,0.0,1.0,1.0,0.0,1,123823.0
22,9,208,751,0,1,4,0.0,0.0,1.0,0.0,0.18,25,255,1.0,0.0,0.04,0.0,0.0,0.0,0,117638.0
44,5,0,0,0,0,289,1.0,1.0,0.08,0.04,0.0,149,24,0.16,0.07,0.0,0.99,1.0,0.0,1,95623.0
44,9,28,0,3,0,36,0.0,0.0,0.97,0.06,0.0,255,35,0.14,0.02,0.0,0.0,0.0,0.0,1,71957.0
40,1,0,0,0,0,509,0.16,0.0,0.0,1.0,0.0,255,1,0.0,1.0,0.0,0.21,0.0,1.0,1,44736.0
44,9,1,0,0,0,29,0.0,0.0,0.24,0.1,0.0,255,52,0.2,0.33,0.0,0.11,0.0,0.0,1,59101.0
22,1,0,0,0,0,1,0.0,0.0,1.0,0.0,1.0,2,213,1.0,0.0,0.06,0.0,0.0,1.0,0,74974.0
22,9,207,1227,0,1,7,0.0,0.0,1.0,0.0,0.0,74,255,1.0,0.0,0.01,0.01,0.0,0.0,0,62379.0
22,9,324,1427,0,1,9,0.0,0.0,1.0,0.0,0.2,9,255,1.0,0.0,0.07,0.0,0.0,0.0,0,123583.0
8,5,0,0,0,0,233,1.0,1.0,0.07,0.05,0.0,255,17,0.07,0.05,0.0,1.0,1.0,0.0,1,98516.0
49,9,851,329,0,1,1,0.0,0.0,1.0,0.0,1.0,253,185,0.73,0.02,0.0,0.0,0.0,0.0,0,106660.0
22,9,234,1410,0,1,3,0.0,0.0,1.0,0.0,0.0,255,255,1.0,0.0,0.0,0.0,0.0,0.0,0,48480.0
11,9,43,132,0,0,209,0.0,0.0,1.0,0.01,0.0,98,65,0.66,0.02,0.0,0.0,0.0,0.0,0,59862.0
44,1,0,0,0,0,94,0.0,0.0,0.2,0.07,0.0,255,1,0.0,0.09,0.0,0.0,0.0,1.0,1,91068.0
22,9,327,304,0,1,15,0.0,0.0,1.0,0.0,0.07,255,255,1.0,0.0,0.0,0.0,0.0,0.0,0,100714.0
22,1,0,0,0,0,1,0.0,0.0,1.0,0.0,0.0,5,137,1.0,0.0,0.13,0.0,0.0,0.85,0,83213.0
22,9,205,622,0,1,7,0.0,0.0,1.0,0.0,0.0,255,255,1.0,0.0,0.0,0.0,0.0,0.0,0,115329.0
40,9,147,105,0,0,1,0.0,0.0,1.0,0.0,0.0,255,1,0.0,0.51,0.0,0.0,0.0,0.0,0,43807.0
18,9,898,2720,0,1,1,0.0,0.0,1.0,0.0,0.0,228,44,0.19,0.02,0.0,0.0,0.0,0.0,0,62228.0
22,9,242,256,0,1,7,0.0,0.0,1.0,0.0,0.0,18,255,1.0,0.0,0.03,0.0,0.0,0.0,0,65354.0
49,9,1463,334,0,1,1,0.0,0.0,1.0,0.0,1.0,81,112,0.9,0.04,0.02,0.0,0.0,0.0,0,30065.0
24,5,0,0,0,0,291,1.0,1.0,0.07,0.06,0.0,255,9,0.04,0.07,0.0,1.0,1.0,0.0,1,107153.0
44,5,0,0,0,0,253,1.0,1.0,0.04,0.06,0.0,255,2,0.01,0.07,0.0,1.0,1.0,0.0,1,119387.0
19,5,0,0,0,0,65,1.0,1.0,0.26,0.06,0.0,255,31,0.12,0.05,0.0,1.0,1.0,0.0,1,47329.0
22,9,219,308,0,1,4,0.0,0.0,1.0,0.0,0.0,255,255,1.0,0.0,0.0,0.0,0.0,0.0,0,40863.0
49,9,821,333,0,1,1,0.0,0.0,1.0,0.0,0.0,34,127,0.65,0.15,0.02,0.0,0.02,0.0,0,27679.0
44,5,0,0,0,0,144,1.0,1.0,0.11,0.06,0.0,255,14,0.05,0.06,0.0,1.0,1.0,0.0,1,117295.0
22,9,289,726,0,1,2,0.0,0.0,1.0,0.0,0.0,255,255,1.0,0.0,0.0,0.0,0.0,0.0,0,59580.0
25,5,0,0,0,0,271,1.0,1.0,0.06,0.07,0.0,255,17,0.07,0.07,0.0,1.0,1.0,0.0,1,96476.0
13,9,8,0,0,0,1,0.0,0.0,1.0,0.0,1.0,3,127,1.0,0.0,0.25,0.0,0.0,0.0,1,113307.0
22,9,320,12922,0,1,24,0.0,0.0,1.0,0.0,0.08,255,255,1.0,0.0,0.0,0.0,0.0,0.0,0,30799.0
11,9,43,134,0,0,171,0.0,0.0,1.0,0.0,0.0,96,57,0.59,0.03,0.0,0.0,0.0,0.0,0,57641.0
44,5,0,0,0,0,127,0.99,1.0,0.09,0.06,0.0,255,6,0.02,0.07,0.0,1.0,1.0,0.0,1,96463.0
13,9,8,0,0,0,1,0.0,0.0,1.0,0.0,1.0,2,106,1.0,0.0,0.25,0.0,0.0,0.0,1,15494.0
22,9,184,1650,0,1,5,0.0,0.0,1.0,0.0,0.33,255,248,0.97,0.01,0.0,0.0,0.0,0.0,0,8637.0
23,5,0,0,0,0,110,1.0,1.0,0.18,0.05,0.0,255,12,0.05,0.07,0.0,1.0,1.0,0.0,1,115215.0
44,9,215,0,0,0,1,0.0,0.0,1.0,0.0,0.0,195,163,0.84,0.01,0.0,0.0,0.0,0.0,1,108955.0
44,5,0,0,0,0,78,1.0,1.0,0.26,0.05,0.0,255,8,0.03,0.06,0.0,1.0,1.0,0.0,1,1486.0
22,9,272,543,0,1,12,0.0,0.0,1.0,0.0,0.0,12,255,1.0,0.0,0.06,0.0,0.0,0.0,0,119197.0
53,5,0,0,0,0,162,1.0,1.0,0.08,0.06,0.0,255,13,0.05,0.06,0.0,1.0,1.0,0.0,1,21785.0
25,5,0,0,0,0,283,1.0,1.0,0.02,0.06,0.0,255,14,0.05,0.07,0.0,1.0,1.0,0.0,1,28548.0
40,9,1,0,0,0,12,0.0,0.0,0.17,0.25,0.0,255,2,0.01,0.15,0.0,0.0,0.0,0.0,1,5611.0
22,9,281,1266,0,1,4,0.0,0.0,1.0,0.0,0.4,4,255,1.0,0.0,0.04,0.0,0.0,0.0,0,84587.0
22,9,244,343,0,1,9,0.0,0.0,1.0,0.0,0.0,70,255,1.0,0.0,0.02,0.0,0.0,0.0,0,80815.0
22,9,210,28076,0,1,8,0.0,0.0,1.0,0.0,0.0,191,255,1.0,0.0,0.01,0.0,0.0,0.0,0,10232.0
22,9,233,11842,0,1,3,0.0,0.0,1.0,0.0,0.0,255,255,1.0,0.0,0.0,0.0,0.0,0.0,0,108792.0
22,9,325,15215,0,1,1,0.0,0.0,1.0,0.0,0.33,122,254,1.0,0.0,0.02,0.0,0.0,0.0,0,82406.0
24,5,0,0,0,0,265,1.0,1.0,0.02,0.06,0.0,255,4,0.02,0.06,0.0,1.0,1.0,0.0,1,81677.0
22,9,316,334,0,1,11,0.0,0.0,1.0,0.0,0.23,255,255,1.0,0.0,0.0,0.0,0.0,0.0,0,12631.0
22,9,213,358,0,1,8,0.0,0.0,1.0,0.0,0.0,42,255,1.0,0.0,0.05,0.0,0.0,0.0,0,114419.0
59,1,0,0,0,0,3,0.0,0.0,0.33,1.0,0.0,255,1,0.0,0.04,0.0,0.0,0.0,1.0,1,80452.0
49,9,1022,336,0,1,1,0.0,0.0,1.0,0.0,0.0,146,198,0.86,0.03,0.01,0.0,0.0,0.0,0,45488.0
22,9,167,8182,0,1,1,0.0,0.0,1.0,0.0,0.0,61,255,1.0,0.0,0.01,0.0,0.01,0.0,0,118069.0
22,9,187,4929,0,1,21,0.0,0.0,1.0,0.0,0.13,21,255,1.0,0.0,0.01,0.0,0.0,0.0,0,17762.0
22,9,172,15119,0,1,1,0.0,0.0,1.0,0.0,0.0,159,255,1.0,0.0,0.02,0.0,0.0,0.01,0,1335.0
22,1,0,0,0,0,1,0.0,0.0,1.0,0.0,1.0,1,12,1.0,0.0,0.17,0.0,0.0,1.0,0,65715.0
44,5,0,0,0,0,79,1.0,1.0,0.24,0.05,0.0,255,10,0.04,0.07,0.0,1.0,1.0,0.0,1,6189.0
13,9,8,0,0,0,1,0.0,0.0,1.0,0.0,1.0,1,89,1.0,0.0,0.26,0.0,0.0,0.0,1,28952.0
58,9,183,0,0,0,2,0.0,0.0,0.5,1.0,0.0,255,12,0.05,0.01,0.0,0.0,0.0,0.0,0,66490.0
22,9,208,2318,0,1,2,0.0,0.0,1.0,0.0,0.0,2,2,1.0,0.0,0.0,0.0,0.0,0.0,0,79599.0
19,9,607,0,0,1,3,0.0,0.0,0.67,0.67,0.0,42,61,0.14,0.1,0.05,0.0,0.0,0.0,0,76106.0
18,5,0,0,0,0,246,1.0,1.0,0.06,0.06,0.0,255,15,0.06,0.07,0.0,1.0,1.0,0.0,1,45333.0
22,9,158,38643,0,1,1,0.0,0.0,1.0,0.0,0.23,255,255,1.0,0.0,0.0,0.0,0.0,0.0,0,1069.0
11,9,43,131,0,0,113,0.0,0.0,1.0,0.0,0.0,255,254,1.0,0.01,0.0,0.0,0.0,0.0,0,74699.0
49,9,977,326,0,1,1,0.0,0.0,1.0,0.0,0.0,147,177,0.69,0.03,0.01,0.0,0.0,0.0,0,17099.0
44,5,0,0,0,0,117,1.0,1.0,0.08,0.06,0.0,255,9,0.04,0.06,0.0,1.0,1.0,0.0,1,38905.0
44,9,1,0,0,0,2,0.0,0.0,1.0,0.0,0.0,255,33,0.13,0.45,0.0,0.03,0.0,0.0,1,2274.0
8,2,0,0,0,0,221,0.0,0.0,0.0,0.07,0.0,255,1,0.0,0.07,0.0,0.0,0.0,1.0,1,5112.0
11,9,46,112,0,0,75,0.0,0.0,1.0,0.0,0.01,255,238,0.93,0.01,0.0,0.0,0.0,0.0,0,113983.0
49,9,1284,332,0,1,1,0.0,0.0,1.0,0.0,0.0,255,103,0.4,0.02,0.0,0.0,0.0,0.0,0,48772.0
13,9,18,0,0,0,1,0.0,0.0,1.0,0.0,0.0,1,224,1.0,0.0,1.0,0.0,0.0,0.0,1,95830.0
22,9,254,10118,0,1,7,0.0,0.0,1.0,0.0,0.0,255,255,1.0,0.0,0.0,0.0,0.0,0.0,0,106522.0
19,9,5558,0,0,0,16,0.0,0.0,1.0,0.0,0.0,255,22,0.09,0.07,0.0,0.85,0.0,0.0,0,35989.0
22,9,240,858,0,1,7,0.0,0.0,1.0,0.0,0.2,27,255,1.0,0.0,0.06,0.0,0.0,0.0,0,32918.0
11,9,35,51,0,0,2,0.0,0.0,1.0,0.0,0.6,255,255,1.0,0.0,0.0,0.0,0.0,0.0,0,13224.0
13,9,8,0,0,0,1,0.0,0.0,1.0,0.0,1.0,2,58,1.0,0.0,0.5,0.0,0.0,0.0,1,84718.0
22,9,217,308,0,1,1,0.0,0.0,1.0,0.0,0.0,255,255,1.0,0.0,0.0,0.0,0.0,0.0,0,46158.0
14,9,1032,0,0,0,328,0.0,0.0,1.0,0.0,0.0,255,255,1.0,0.0,0.0,0.0,0.0,0.0,1,59925.0
44,9,28,0,3,0,62,0.0,0.0,1.0,0.0,0.0,255,62,0.24,0.64,0.0,0.01,0.0,0.0,1,58602.0
22,9,212,1912,0,1,16,0.0,0.0,1.0,0.0,0.0,175,255,1.0,0.0,0.02,0.0,0.0,0.0,0,93463.0
11,9,43,126,0,0,50,0.0,0.0,1.0,0.0,0.01,108,200,0.86,0.02,0.01,0.0,0.0,0.0,0,83009.0
22,1,0,0,0,0,1,0.0,0.0,1.0,0.0,0.0,37,255,1.0,0.0,0.06,0.0,0.0,0.67,0,28631.0
0,4,900,8925,0,0,1,0.0,0.0,1.0,0.0,0.0,21,5,0.24,0.1,0.0,0.0,0.0,0.6,0,105606.0
49,9,1382,334,0,1,1,0.0,0.0,1.0,0.0,0.0,54,17,0.31,0.06,0.0,0.0,0.0,0.0,0,25449.0
55,9,517,48341,0,1,2,0.0,0.0,1.0,0.0,0.0,54,12,0.22,0.07,0.0,0.02,0.0,0.17,0,120354.0
22,9,296,449,0,1,2,0.0,0.0,1.0,0.0,0.05,53,56,1.0,0.0,0.04,0.0,0.0,0.0,0,22540.0
22,9,295,12884,0,1,3,0.0,0.0,1.0,0.0,0.14,196,196,1.0,0.0,0.0,0.0,0.0,0.0,0,98728.0
55,5,0,0,0,0,80,1.0,1.0,0.25,0.05,0.0,242,62,0.26,0.02,0.0,0.99,0.97,0.0,1,48437.0
49,9,2709,336,0,1,1,0.0,0.0,1.0,0.0,0.0,165,84,0.51,0.04,0.0,0.01,0.0,0.0,0,110624.0
22,9,253,2650,0,1,9,0.0,0.0,1.0,0.0,0.0,255,255,1.0,0.0,0.0,0.0,0.0,0.0,0,101410.0
22,5,0,0,0,0,17,1.0,1.0,0.41,0.24,0.0,255,67,0.26,0.02,0.0,1.0,1.0,0.0,1,60100.0
44,5,0,0,0,0,216,1.0,1.0,0.06,0.06,0.0,255,13,0.05,0.08,0.0,1.0,1.0,0.0,1,82577.0
22,9,226,1066,0,1,8,0.12,0.05,1.0,0.0,0.19,43,55,1.0,0.0,0.09,0.02,0.04,0.0,0,125531.0
22,9,181,1724,0,1,2,0.0,0.0,1.0,0.0,0.0,10,2,0.2,0.3,0.0,0.0,0.0,0.0,0,122167.0
19,9,15876,0,0,0,23,0.0,0.0,1.0,0.0,0.0,43,35,0.81,0.05,0.0,0.0,0.0,0.0,0,54506.0
56,9,0,4,0,0,1,0.0,0.0,1.0,0.0,0.0,3,3,1.0,0.0,0.0,0.0,0.0,0.0,1,105861.0
61,5,0,0,0,0,297,1.0,1.0,0.04,0.05,0.0,255,13,0.05,0.05,0.0,1.0,1.0,0.0,1,112734.0
40,4,1,0,0,0,2,0.0,0.0,1.0,0.0,0.0,255,2,0.01,0.73,0.0,0.0,0.0,1.0,1,89030.0
44,5,0,0,0,0,177,1.0,1.0,0.13,0.06,0.0,255,23,0.09,0.05,0.0,1.0,1.0,0.0,1,78127.0
22,9,222,278,0,1,1,0.0,0.0,1.0,0.0,0.0,47,255,1.0,0.0,0.15,0.0,0.0,0.9,0,9681.0
22,9,152,7822,0,1,4,0.0,0.22,1.0,0.0,0.56,10,255,1.0,0.0,0.04,0.1,0.01,0.0,0,86212.0
8,5,0,0,0,0,229,1.0,1.0,0.08,0.06,0.0,255,19,0.07,0.06,0.0,1.0,1.0,0.0,1,49117.0
19,9,334,0,0,1,1,0.0,0.0,1.0,0.0,0.0,5,25,1.0,0.0,0.12,0.0,0.0,0.0,1,42341.0
22,9,220,391,0,1,2,0.0,0.0,1.0,0.0,0.0,33,255,1.0,0.0,0.03,0.0,0.0,0.0,0,8891.0
55,5,0,0,0,0,267,1.0,1.0,0.08,0.05,0.0,255,21,0.08,0.05,0.0,1.0,1.0,0.0,1,70306.0
22,9,189,365,0,1,30,0.0,0.0,1.0,0.0,0.0,252,255,1.0,0.0,0.01,0.0,0.0,0.0,0,64550.0
44,5,0,0,0,0,48,1.0,1.0,0.27,0.12,0.0,255,13,0.05,0.08,0.0,1.0,1.0,0.0,1,52897.0
44,9,28,0,3,0,178,0.56,0.0,0.44,0.04,0.0,255,78,0.31,0.7,0.0,0.09,0.0,0.0,1,33855.0
44,4,1,0,0,0,2,0.0,0.0,1.0,0.0,0.0,255,2,0.01,0.5,0.0,0.0,0.0,1.0,1,73756.0
11,9,46,46,0,0,117,0.0,0.0,0.99,0.02,0.0,255,254,1.0,0.01,0.0,0.0,0.0,0.0,0,43672.0
44,1,0,0,0,0,1,0.0,0.0,1.0,0.0,0.0,35,1,0.03,1.0,0.0,0.0,0.0,1.0,1,86821.0
44,4,0,0,0,0,1,0.0,0.0,1.0,0.0,0.0,165,1,0.01,0.71,0.0,0.04,0.0,1.0,1,36835.0
51,1,0,0,0,0,231,0.0,0.0,0.03,0.06,0.0,255,7,0.03,0.07,0.0,0.0,0.0,1.0,1,41020.0
19,9,748,0,0,1,1,0.0,0.0,1.0,0.0,0.0,255,5,0.02,0.02,0.0,0.0,0.0,0.0,0,111993.0
19,9,501760,0,0,1,2,0.0,0.0,1.0,0.0,0.0,7,55,0.86,0.29,0.05,0.0,0.0,0.0,0,47700.0
32,5,0,0,0,0,202,1.0,1.0,0.05,0.06,0.0,255,10,0.04,0.07,0.0,1.0,1.0,0.0,1,92591.0
42,9,38,130,0,1,1,0.0,0.0,1.0,0.0,0.0,2,3,0.5,1.0,0.67,0.0,0.0,0.0,0,118980.0
22,1,0,0,0,0,1,0.0,0.0,1.0,0.0,0.0,3,255,1.0,0.0,0.08,0.0,0.0,0.29,0,28385.0
22,1,0,0,0,0,1,0.0,0.0,1.0,0.0,0.0,4,162,1.0,0.0,0.04,0.0,0.0,1.0,0,76836.0
22,9,196,781,0,1,10,0.0,0.0,1.0,0.0,0.0,94,255,1.0,0.0,0.02,0.0,0.0,0.0,0,10896.0
19,9,259,0,0,0,1,0.0,0.0,1.0,0.0,1.0,53,47,0.04,0.06,0.06,0.0,0.0,0.0,0,29653.0
49,9,763,338,0,1,1,0.0,0.0,1.0,0.0,1.0,87,169,0.74,0.03,0.01,0.0,0.0,0.0,0,28843.0
60,5,0,0,0,0,272,1.0,1.0,0.04,0.06,0.0,255,10,0.04,0.08,0.0,1.0,1.0,0.0,1,72638.0
25,4,0,0,0,0,1,0.0,0.0,1.0,0.0,0.0,255,1,0.0,0.4,0.0,0.0,0.0,1.0,1,50788.0
44,9,28,0,3,0,57,0.0,0.0,1.0,0.0,0.0,255,24,0.09,0.01,0.0,0.0,0.0,0.0,1,117229.0
59,2,0,0,0,0,107,0.0,0.0,0.06,0.07,0.0,255,6,0.02,0.06,0.0,0.0,0.0,1.0,1,12049.0
11,9,43,82,0,0,290,0.0,0.0,1.0,0.0,0.0,255,212,0.83,0.01,0.0,0.0,0.0,0.0,0,96355.0
19,1,0,0,0,0,262,0.0,0.0,0.06,0.06,0.0,255,16,0.06,0.08,0.0,0.0,0.0,1.0,1,17192.0
13,9,30,0,0,0,5,0.0,0.0,0.2,0.6,0.0,255,4,0.02,0.01,0.0,0.0,0.0,0.0,0,53044.0
22,9,288,8422,0,1,10,0.0,0.0,1.0,0.0,0.0,255,255,1.0,0.0,0.0,0.0,0.0,0.0,0,34440.0
24,5,0,0,0,0,195,1.0,1.0,0.02,0.08,0.0,255,3,0.01,0.08,0.0,1.0,1.0,0.0,1,68032.0
49,9,796,331,0,1,1,0.0,0.0,1.0,0.0,1.0,182,147,0.64,0.09,0.01,0.01,0.0,0.0,0,38114.0
52,5,0,0,0,0,132,1.0,1.0,0.02,0.06,0.0,255,3,0.01,0.07,0.0,1.0,1.0,0.0,1,51516.0
22,9,342,3870,0,1,18,0.0,0.0,1.0,0.0,0.0,39,255,1.0,0.0,0.04,0.0,0.0,0.0,0,78697.0
22,9,298,1292,0,1,51,0.0,0.0,1.0,0.0,0.0,55,255,1.0,0.0,0.03,0.0,0.0,0.0,0,102360.0
19,9,1874,0,0,0,9,0.0,0.0,1.0,0.0,0.0,255,129,0.51,0.01,0.0,0.0,0.01,0.0,0,39868.0
44,5,0,0,0,0,145,1.0,1.0,0.1,0.05,0.0,255,15,0.06,0.05,0.0,1.0,1.0,0.0,1,60202.0
13,9,30,0,0,0,1,0.0,0.0,1.0,0.0,0.0,75,131,1.0,0.0,0.22,0.0,0.0,0.0,0,107379.0
22,9,171,971,0,1,2,0.0,0.0,1.0,0.0,0.0,255,243,0.95,0.02,0.0,0.0,0.0,0.0,0,52341.0
7,1,0,0,0,0,237,0.0,0.0,0.03,0.07,0.0,255,6,0.02,0.07,0.0,0.0,0.0,1.0,1,20447.0
11,9,45,130,0,0,73,0.0,0.0,1.0,0.0,0.01,255,254,1.0,0.01,0.0,0.0,0.0,0.0,0,95091.0
22,9,244,976,0,1,7,0.0,0.0,1.0,0.0,0.0,255,255,1.0,0.0,0.0,0.0,0.0,0.0,0,12919.0
40,9,1,0,0,0,32,0.0,0.0,0.31,0.09,0.0,255,10,0.04,0.06,0.0,0.0,0.0,0.0,1,4636.0
8,5,0,0,0,0,234,1.0,1.0,0.01,0.07,0.0,255,2,0.01,0.08,0.0,1.0,1.0,0.0,1,65809.0
60,5,0,0,0,0,146,1.0,1.0,0.05,0.08,0.0,255,6,0.02,0.07,0.0,1.0,1.0,0.0,1,41465.0
40,9,146,105,0,0,1,0.0,0.0,1.0,0.0,0.0,255,1,0.0,0.59,0.0,0.0,0.0,0.0,0,19165.0
44,5,0,0,0,0,116,1.0,1.0,0.03,0.05,0.0,255,3,0.01,0.06,0.0,1.0,1.0,0.0,1,87273.0
23,5,0,0,0,0,96,1.0,1.0,0.12,0.06,0.0,255,12,0.05,0.07,0.0,1.0,1.0,0.0,1,95401.0
22,9,223,554,0,1,9,0.0,0.0,1.0,0.0,0.0,39,75,1.0,0.0,0.05,0.0,0.01,0.0,0,3203.0
19,5,0,0,0,0,54,1.0,1.0,0.26,0.07,0.0,134,52,0.25,0.03,0.04,1.0,0.65,0.0,1,17657.0
22,9,323,1071,0,1,8,0.0,0.0,1.0,0.0,0.0,76,255,1.0,0.0,0.03,0.0,0.0,0.0,0,90293.0
22,1,0,0,0,0,258,0.0,0.0,0.05,0.07,0.0,255,13,0.05,0.08,0.0,0.0,0.0,1.0,1,83563.0
11,9,17,73,0,0,1,0.0,0.0,1.0,0.0,0.0,255,253,0.99,0.01,0.0,0.0,0.0,0.0,0,13820.0
8,5,0,0,0,0,263,1.0,1.0,0.04,0.06,0.0,255,11,0.04,0.08,0.0,1.0,1.0,0.0,1,10907.0
22,9,319,6534,0,1,37,0.0,0.0,1.0,0.0,0.0,255,255,1.0,0.0,0.0,0.0,0.0,0.0,0,87799.0
22,9,284,11711,0,1,6,0.0,0.0,1.0,0.0,0.0,60,255,1.0,0.0,0.03,0.0,0.0,0.0,0,45118.0
22,9,239,4649,0,1,15,0.0,0.0,1.0,0.0,0.12,255,255,1.0,0.0,0.0,0.0,0.0,0.0,0,80908.0
44,5,0,0,0,0,123,1.0,1.0,0.2,0.06,0.0,255,8,0.03,0.05,0.0,1.0,1.0,0.0,1,64636.0
22,9,195,2361,0,1,4,0.0,0.0,1.0,0.0,0.43,4,255,1.0,0.0,0.03,0.0,0.0,0.0,0,75966.0
22,9,299,447,0,1,26,0.0,0.0,1.0,0.0,0.07,255,255,1.0,0.0,0.0,0.0,0.0,0.0,0,280.0
13,9,8,0,0,0,1,0.0,0.0,1.0,0.0,1.0,2,61,1.0,0.0,0.26,0.0,0.0,0.0,1,52029.0
22,9,200,3646,0,1,10,0.0,0.0,1.0,0.0,0.0,32,255,1.0,0.0,0.03,0.0,0.0,0.0,0,118865.0
22,9,258,908,0,1,1,0.0,0.0,1.0,0.0,1.0,255,255,1.0,0.0,0.0,0.0,0.0,0.0,0,105760.0
11,9,44,130,0,0,71,0.0,0.0,1.0,0.0,0.01,255,254,1.0,0.01,0.0,0.0,0.0,0.0,0,21981.0
49,9,1305,588,0,1,1,0.0,0.0,1.0,0.0,0.0,255,27,0.11,0.06,0.0,0.0,0.0,0.0,0,58025.0
61,1,0,0,0,0,159,0.0,0.0,0.05,0.07,0.0,255,8,0.03,0.07,0.0,0.0,0.0,1.0,1,42404.0
22,9,305,1075,0,1,4,0.0,0.0,1.0,0.0,0.2,255,246,0.96,0.01,0.0,0.0,0.0,0.0,0,76022.0
22,9,243,397,0,1,35,0.0,0.0,1.0,0.0,0.0,255,255,1.0,0.0,0.0,0.0,0.0,0.0,0,21874.0
53,5,0,0,0,0,145,0.06,1.0,0.01,0.58,0.0,255,1,0.0,0.33,0.0,0.04,1.0,0.0,1,24183.0
44,5,0,0,0,0,222,1.0,1.0,0.06,0.07,0.0,255,13,0.05,0.09,0.0,1.0,1.0,0.0,1,82544.0
44,1,0,0,0,0,2,0.0,0.0,0.5,1.0,0.0,255,1,0.0,0.45,0.0,0.14,0.0,1.0,1,34912.0
13,9,18,0,0,0,1,0.0,0.0,1.0,0.0,0.0,1,44,1.0,0.0,1.0,0.0,0.0,0.0,1,64323.0
44,5,0,0,0,0,47,1.0,1.0,0.17,0.09,0.0,255,8,0.03,0.06,0.0,1.0,1.0,0.0,1,88143.0
44,5,0,0,0,0,255,1.0,1.0,0.07,0.05,0.0,255,19,0.07,0.05,0.0,1.0,1.0,0.0,1,21741.0
44,5,0,0,0,0,123,1.0,1.0,0.14,0.06,0.0,255,32,0.13,0.05,0.0,1.0,1.0,0.0,1,11319.0
21,5,0,0,0,0,215,1.0,1.0,0.03,0.07,0.0,255,7,0.03,0.07,0.0,1.0,1.0,0.0,1,52339.0
22,9,300,477,0,1,4,0.0,0.0,1.0,0.0,0.0,4,255,1.0,0.0,0.07,0.0,0.0,0.0,0,114348.0
22,1,0,0,0,0,1,0.0,0.0,1.0,0.0,1.0,52,171,1.0,0.0,0.25,0.0,0.01,0.99,0,120085.0
22,5,0,0,0,0,50,1.0,1.0,0.26,0.12,0.0,255,13,0.05,0.08,0.0,1.0,1.0,0.0,1,31833.0
22,9,225,2239,0,1,6,0.0,0.0,1.0,0.0,0.29,255,241,0.95,0.01,0.0,0.0,0.0,0.0,0,1940.0
44,1,0,0,0,0,1,0.0,0.0,1.0,0.0,0.0,54,1,0.02,1.0,0.0,0.0,0.0,1.0,1,17621.0
22,9,221,3634,0,1,1,0.0,0.0,1.0,0.0,0.0,255,255,1.0,0.0,0.0,0.0,0.0,0.0,0,32153.0
11,9,44,77,0,0,158,0.0,0.0,1.0,0.0,0.0,255,255,1.0,0.0,0.0,0.0,0.0,0.0,0,47931.0
22,9,229,830,0,1,3,0.0,0.0,1.0,0.0,0.0,255,255,1.0,0.0,0.0,0.0,0.0,0.0,0,12794.0
13,9,8,0,0,0,1,0.0,0.0,1.0,0.0,0.0,255,1,0.0,0.08,0.0,0.53,0.0,0.0,0,53672.0
19,9,0,1878,0,0,1,0.0,0.14,1.0,0.0,0.29,203,60,0.2,0.03,0.03,0.01,0.0,0.0,0,106300.0
22,9,208,9531,0,1,1,0.0,0.0,1.0,0.0,0.0,16,255,1.0,0.0,0.04,0.0,0.0,0.0,0,83606.0
44,1,0,0,0,0,18,0.0,0.0,0.06,1.0,0.0,255,1,0.0,0.4,0.0,0.0,0.0,1.0,1,112573.0
22,9,315,398,0,1,2,0.0,0.0,1.0,0.0,0.06,255,255,1.0,0.0,0.0,0.0,0.0,0.0,0,97701.0
15,5,0,0,0,0,115,1.0,1.0,0.17,0.05,0.0,255,19,0.07,0.05,0.0,1.0,1.0,0.0,1,93560.0
22,9,331,1719,0,1,1,0.0,0.0,1.0,0.0,0.0,255,255,1.0,0.0,0.0,0.0,0.0,0.0,0,98379.0
44,9,28,0,3,0,77,0.0,0.0,1.0,0.0,0.0,255,77,0.3,0.02,0.0,0.0,0.0,0.0,1,52658.0
44,5,0,0,0,0,211,1.0,1.0,0.02,0.06,0.0,255,20,0.08,0.07,0.0,1.0,1.0,0.0,1,102329.0
40,9,146,105,0,0,1,0.0,0.0,1.0,0.0,0.0,255,1,0.0,0.58,0.0,0.0,0.0,0.0,0,87073.0
49,9,1106,338,0,1,1,0.0,0.0,1.0,0.0,0.0,32,160,0.59,0.09,0.01,0.0,0.0,0.0,0,118790.0
55,9,324,10957,0,1,1,0.0,0.0,1.0,0.0,0.0,255,23,0.09,0.06,0.0,0.76,0.65,0.09,0,24180.0
22,9,400,4154,0,1,4,0.0,0.0,1.0,0.0,0.0,255,255,1.0,0.0,0.0,0.0,0.0,0.0,0,75963.0
22,9,319,2835,0,1,24,0.0,0.0,1.0,0.0,0.0,255,255,1.0,0.0,0.0,0.0,0.0,0.0,0,34227.0
49,9,1338,367,0,1,1,0.0,0.0,1.0,0.0,1.0,92,221,0.96,0.02,0.01,0.0,0.0,0.0,0,2084.0
17,2,0,0,0,0,144,0.0,0.0,0.13,0.06,0.0,255,19,0.07,0.07,0.0,0.0,0.0,1.0,1,79053.0
13,9,8,0,0,0,1,0.0,0.0,1.0,0.0,1.0,1,79,1.0,0.0,0.51,0.0,0.0,0.0,1,56169.0
22,9,358,11355,0,1,5,0.0,0.0,1.0,0.0,0.33,255,255,1.0,0.0,0.0,0.0,0.0,0.0,0,6895.0
11,9,45,111,0,0,71,0.0,0.0,0.99,0.03,0.01,255,241,0.95,0.01,0.0,0.0,0.0,0.0,0,16018.0
7,5,0,0,0,0,45,1.0,1.0,0.22,0.11,0.0,255,10,0.04,0.08,0.0,1.0,1.0,0.0,1,46418.0
18,9,318,1054,0,1,1,0.0,0.0,1.0,0.0,0.0,137,32,0.23,0.05,0.0,0.0,0.0,0.0,0,51770.0
44,1,0,0,0,0,136,0.0,0.0,0.09,0.06,0.0,255,12,0.05,0.07,0.0,0.0,0.0,1.0,1,56926.0
13,9,18,0,0,0,1,0.0,0.0,1.0,0.0,0.0,1,255,1.0,0.0,1.0,0.0,0.0,0.0,1,75665.0
13,9,30,0,0,0,1,0.0,0.0,1.0,0.0,0.0,67,67,1.0,0.0,0.0,0.0,0.0,0.0,0,63536.0
22,9,298,1075,0,1,4,0.0,0.0,1.0,0.0,0.0,243,233,0.96,0.01,0.0,0.0,0.0,0.0,0,80547.0
59,5,0,0,0,0,129,1.0,1.0,0.06,0.06,0.0,255,8,0.03,0.07,0.0,1.0,1.0,0.0,1,103473.0
22,9,216,301,0,1,26,0.0,0.0,1.0,0.0,0.09,255,255,1.0,0.0,0.0,0.0,0.0,0.0,0,38955.0
49,9,2111,332,0,1,1,0.0,0.0,1.0,0.0,0.0,26,178,0.96,0.08,0.02,0.0,0.0,0.0,0,125679.0
44,5,0,0,0,0,51,1.0,1.0,0.04,0.1,0.0,255,2,0.01,0.08,0.0,1.0,1.0,0.0,1,52961.0
22,9,190,1954,0,1,8,0.0,0.0,1.0,0.0,0.0,255,255,1.0,0.0,0.0,0.0,0.0,0.0,0,16618.0
4,5,0,0,0,0,295,1.0,1.0,0.08,0.05,0.0,255,25,0.1,0.05,0.0,1.0,1.0,0.0,1,5998.0
49,9,829,277,0,1,1,0.0,0.0,1.0,0.0,1.0,255,100,0.39,0.03,0.0,0.0,0.0,0.0,0,123517.0
25,1,0,0,0,0,235,0.0,0.0,0.06,0.07,0.0,255,15,0.06,0.08,0.0,0.0,0.0,1.0,1,100585.0
22,9,290,751,0,1,5,0.0,0.0,1.0,0.0,0.33,255,255,1.0,0.0,0.0,0.0,0.0,0.0,0,60422.0
22,9,292,6396,0,1,8,0.0,0.0,1.0,0.0,0.0,74,255,1.0,0.0,0.04,0.0,0.0,0.0,0,31112.0
22,9,216,7384,0,1,30,0.0,0.0,1.0,0.0,0.0,255,255,1.0,0.0,0.0,0.0,0.0,0.0,0,14445.0
44,9,28,0,3,0,75,0.0,0.0,1.0,0.0,0.0,255,75,0.29,0.64,0.0,0.01,0.0,0.0,1,46694.0
29,5,0,0,0,0,182,1.0,1.0,0.08,0.07,0.0,255,14,0.05,0.07,0.0,1.0,1.0,0.0,1,90128.0
44,5,0,0,0,0,214,1.0,1.0,0.07,0.06,0.0,255,28,0.11,0.06,0.0,1.0,1.0,0.0,1,80203.0
22,9,179,5592,0,1,2,0.0,0.0,1.0,0.0,0.0,12,255,1.0,0.0,0.02,0.0,0.0,0.0,0,9456.0
40,9,147,147,0,0,1,0.0,0.0,1.0,0.0,0.0,255,1,0.0,0.62,0.0,0.0,0.0,0.0,0,69632.0
49,9,641,335,0,1,2,0.0,0.0,0.5,1.0,0.0,131,173,0.66,0.04,0.01,0.0,0.0,0.0,0,106484.0
53,5,0,0,0,0,236,1.0,1.0,0.05,0.07,0.0,255,12,0.05,0.08,0.0,1.0,1.0,0.0,1,9799.0
49,9,811,282,0,1,1,0.0,0.0,1.0,0.0,0.0,118,195,0.73,0.03,0.01,0.0,0.0,0.0,0,94584.0
40,9,146,105,0,0,4,0.0,0.0,0.5,0.5,0.0,255,2,0.01,0.87,0.0,0.0,0.0,0.0,0,92305.0
60,1,0,0,0,0,237,0.0,0.0,0.0,0.06,0.0,255,1,0.0,0.07,0.0,0.0,0.0,1.0,1,65379.0
55,9,399,11167,0,1,1,0.0,0.0,1.0,0.0,0.0,255,53,0.21,0.02,0.0,0.56,0.7,0.0,0,102964.0
44,5,0,0,0,0,112,1.0,1.0,0.08,0.06,0.0,255,4,0.02,0.07,0.0,1.0,1.0,0.0,1,61238.0
13,9,8,0,0,0,1,0.0,0.0,1.0,0.0,0.0,1,73,1.0,0.0,0.26,0.0,0.0,0.0,1,46500.0
22,4,54540,7300,0,1,5,0.0,0.0,1.0,0.0,0.0,218,218,1.0,0.0,0.0,0.0,0.0,0.06,1,78049.0
29,5,0,0,0,0,293,1.0,1.0,0.0,0.06,0.0,255,1,0.0,0.07,0.0,1.0,1.0,0.0,1,31797.0
11,9,46,133,0,0,13,0.0,0.0,1.0,0.0,0.04,255,254,1.0,0.01,0.0,0.0,0.0,0.0,0,67769.0
37,5,0,0,0,0,98,1.0,1.0,0.03,0.07,0.0,255,3,0.01,0.07,0.0,1.0,1.0,0.0,1,105575.0
22,9,223,613,0,1,24,0.0,0.0,1.0,0.0,0.0,24,255,1.0,0.0,0.06,0.0,0.0,0.0,0,87421.0
22,1,0,0,0,0,1,0.0,0.0,1.0,0.0,0.0,5,235,1.0,0.0,0.18,0.0,0.0,0.59,0,19644.0
19,9,0,3303,0,0,1,0.0,0.09,1.0,0.0,0.18,178,58,0.24,0.4,0.03,0.0,0.0,0.02,0,112409.0
40,9,147,0,0,0,5,0.0,0.0,0.2,0.6,0.0,76,1,0.01,0.53,0.0,0.0,0.0,0.0,0,27682.0
19,9,641,0,0,1,4,0.0,0.0,0.5,0.75,0.0,6,4,0.67,0.5,0.0,0.0,0.0,0.0,0,24388.0
22,9,318,179,0,1,12,0.0,0.0,1.0,0.0,0.1,83,255,1.0,0.0,0.04,0.0,0.0,0.0,0,66410.0
52,5,0,0,0,0,146,1.0,1.0,0.12,0.05,0.0,255,3,0.01,0.08,0.0,1.0,1.0,0.0,1,37780.0
22,9,200,8491,0,1,3,0.0,0.0,1.0,0.0,0.5,5,143,1.0,0.0,0.03,0.0,0.0,0.0,0,11704.0
17,9,10,186,0,0,3,0.0,0.0,1.0,0.0,0.0,255,6,0.02,0.02,0.0,0.0,0.0,0.0,1,80754.0
22,9,242,392,0,1,37,0.0,0.0,1.0,0.0,0.0,255,255,1.0,0.0,0.0,0.0,0.0,0.0,0,65317.0
3,5,0,0,0,0,236,1.0,1.0,0.01,0.06,0.0,255,2,0.01,0.07,0.0,1.0,1.0,0.0,1,57186.0
22,9,276,365,0,1,19,0.0,0.0,1.0,0.0,0.05,255,255,1.0,0.0,0.0,0.0,0.0,0.0,0,86000.0
13,9,8,0,0,0,1,0.0,0.0,1.0,0.0,1.0,1,52,1.0,0.0,0.52,0.0,0.0,0.0,1,69762.0
11,9,45,69,0,0,192,0.0,0.0,1.0,0.0,0.0,255,250,0.98,0.01,0.0,0.0,0.0,0.0,0,36610.0
22,9,250,600,0,1,28,0.0,0.0,1.0,0.0,0.0,235,255,1.0,0.0,0.02,0.0,0.0,0.0,0,13374.0
49,2,0,0,0,0,223,0.0,0.0,0.01,0.07,0.0,255,3,0.01,0.08,0.0,0.0,0.0,1.0,1,49271.0
22,9,459,4557,0,1,36,0.0,0.0,1.0,0.0,0.0,255,255,1.0,0.0,0.0,0.0,0.0,0.0,0,16767.0
44,5,0,0,0,0,19,1.0,1.0,0.95,0.11,0.0,255,18,0.07,0.07,0.0,1.0,1.0,0.0,1,4794.0
15,5,0,0,0,0,133,1.0,1.0,0.04,0.06,0.0,255,5,0.02,0.06,0.0,1.0,1.0,0.0,1,36300.0
40,1,0,0,0,0,511,0.11,0.0,0.0,1.0,0.0,255,1,0.0,1.0,0.0,0.13,0.0,1.0,1,118146.0
11,9,42,42,0,0,5,0.0,0.0,1.0,0.0,0.15,255,238,0.93,0.01,0.0,0.0,0.0,0.0,0,35210.0
11,9,45,135,0,0,9,0.0,0.0,1.0,0.0,0.07,255,254,1.0,0.01,0.0,0.0,0.0,0.0,0,97099.0
22,9,304,929,0,1,14,0.07,0.05,1.0,0.0,0.16,14,252,1.0,0.0,0.08,0.07,0.01,0.0,0,28352.0
19,9,12286,0,0,1,3,0.0,0.0,1.0,0.0,0.5,9,54,1.0,0.0,0.04,0.0,0.0,0.0,0,14874.0
42,9,35,130,0,1,2,0.0,0.0,0.5,1.0,0.0,136,8,0.03,0.05,0.25,0.0,0.0,0.0,0,88355.0
8,5,0,0,0,0,171,1.0,1.0,0.1,0.06,0.0,255,17,0.07,0.05,0.0,1.0,1.0,0.0,1,6052.0
3,5,0,0,0,0,289,1.0,1.0,0.04,0.06,0.0,255,20,0.08,0.06,0.0,1.0,1.0,0.0,1,23489.0
59,2,0,0,0,0,121,0.0,0.0,0.13,0.07,0.0,255,16,0.06,0.07,0.0,0.0,0.0,1.0,1,940.0
55,9,39,121,0,0,4,0.0,0.0,0.25,1.0,0.0,255,1,0.0,0.32,0.0,0.0,0.0,0.0,1,82446.0
49,9,2231,338,0,1,1,0.0,0.0,1.0,0.0,1.0,45,133,0.84,0.09,0.02,0.0,0.0,0.0,0,114259.0
19,9,5558,0,0,1,10,0.0,0.0,1.0,0.0,0.0,192,28,0.15,0.03,0.0,0.01,0.0,0.0,0,53710.0
44,9,105,0,0,0,1,0.0,0.0,1.0,0.0,0.0,255,233,0.91,0.01,0.0,0.0,0.0,0.0,0,40876.0
11,9,45,45,0,0,110,0.0,0.0,1.0,0.0,0.01,255,255,1.0,0.0,0.0,0.0,0.0,0.0,0,44889.0
11,9,44,74,0,0,206,0.0,0.0,1.0,0.0,0.0,255,255,1.0,0.0,0.0,0.0,0.0,0.0,0,104053.0
13,9,18,0,0,0,1,0.0,0.0,1.0,0.0,0.0,1,185,1.0,0.0,1.0,0.0,0.0,0.0,1,11089.0
22,9,319,771,0,1,26,0.0,0.0,1.0,0.0,0.08,40,255,1.0,0.0,0.02,0.0,0.0,0.0,0,76415.0
40,9,1,0,0,0,8,0.0,0.0,0.25,0.5,0.0,255,2,0.01,0.19,0.0,0.0,0.0,0.0,1,112377.0
62,5,0,0,0,0,234,1.0,1.0,0.01,0.07,0.0,255,2,0.01,0.08,0.0,1.0,1.0,0.0,1,86011.0
44,9,1,0,0,0,31,0.0,0.0,0.06,0.13,0.0,255,2,0.01,0.26,0.0,0.0,0.0,0.0,1,103607.0
22,9,235,547,0,1,1,0.0,0.0,1.0,0.0,0.22,14,255,1.0,0.0,0.01,0.07,0.01,0.0,0,30348.0
24,5,0,0,0,0,282,1.0,1.0,0.05,0.06,0.0,255,13,0.05,0.08,0.0,1.0,1.0,0.0,1,59039.0
22,1,0,0,0,0,1,0.0,0.0,1.0,0.0,0.0,1,245,1.0,0.0,0.26,0.0,0.0,1.0,0,53635.0
44,5,0,0,0,0,273,1.0,1.0,0.07,0.05,0.0,255,18,0.07,0.06,0.0,1.0,1.0,0.0,1,69256.0
44,5,0,0,0,0,287,1.0,1.0,0.05,0.06,0.0,255,7,0.03,0.07,0.0,1.0,1.0,0.0,1,77245.0
22,1,0,0,0,0,1,0.0,0.0,1.0,0.0,1.0,25,159,1.0,0.0,0.03,0.0,0.0,1.0,0,78227.0
17,9,9,0,0,0,1,0.0,0.0,1.0,0.0,0.0,34,6,0.03,0.09,0.33,0.0,0.0,0.0,0,52985.0
49,9,901,279,0,1,1,0.0,0.0,1.0,0.0,0.0,101,80,0.79,0.06,0.0,0.0,0.0,0.0,0,53980.0
11,9,41,115,0,0,201,0.0,0.0,1.0,0.01,0.01,255,255,1.0,0.0,0.0,0.0,0.0,0.0,0,26251.0
22,9,249,609,0,1,39,0.0,0.0,1.0,0.0,0.05,255,255,1.0,0.0,0.0,0.0,0.0,0.0,0,48526.0
44,4,0,0,0,0,1,0.0,0.0,1.0,0.0,0.0,255,1,0.0,0.6,0.0,0.0,0.0,1.0,1,45584.0
13,9,18,0,0,0,1,0.0,0.0,1.0,0.0,1.0,4,60,1.0,0.0,0.25,0.0,0.0,0.0,1,37421.0
16,5,0,0,0,0,145,1.0,1.0,0.14,0.05,0.0,255,21,0.08,0.05,0.0,1.0,1.0,0.0,1,51041.0
11,9,43,134,0,0,103,0.0,0.0,1.0,0.0,0.01,255,255,1.0,0.0,0.0,0.0,0.0,0.0,0,38860.0
22,9,198,739,0,1,15,0.0,0.0,1.0,0.0,0.0,15,255,1.0,0.0,0.01,0.0,0.0,0.0,0,55915.0
44,9,28,0,3,0,94,0.0,0.0,1.0,0.0,0.0,166,94,0.57,0.02,0.0,0.0,0.0,0.0,1,9671.0
44,9,28,0,3,0,45,0.0,0.0,1.0,0.0,0.0,255,12,0.05,0.01,0.0,0.0,0.0,0.0,1,57160.0
44,5,0,0,0,0,258,1.0,1.0,0.0,0.07,0.0,255,1,0.0,0.08,0.0,1.0,1.0,0.0,1,99921.0
22,9,255,380,0,1,26,0.0,0.0,1.0,0.0,0.07,255,255,1.0,0.0,0.0,0.0,0.0,0.0,0,107035.0
25,5,0,0,0,0,217,1.0,1.0,0.07,0.05,0.0,255,15,0.06,0.06,0.0,1.0,1.0,0.0,1,103633.0
40,4,1,0,0,0,2,0.0,0.0,1.0,0.0,0.0,255,2,0.01,0.65,0.0,0.0,0.0,1.0,1,2374.0
22,9,318,3018,0,1,9,0.0,0.0,1.0,0.0,0.2,10,255,1.0,0.0,0.07,0.0,0.0,0.0,0,28749.0
44,5,0,0,0,0,114,1.0,1.0,0.12,0.06,0.0,255,3,0.01,0.05,0.0,1.0,1.0,0.0,1,25576.0
19,5,0,0,0,0,202,1.0,1.0,0.08,0.06,0.0,255,17,0.07,0.07,0.0,1.0,1.0,0.0,1,73765.0
22,9,272,13154,0,1,1,0.0,0.0,1.0,0.0,0.0,255,255,1.0,0.0,0.0,0.0,0.0,0.0,0,124950.0
44,9,105,0,0,0,2,0.0,0.0,1.0,0.0,0.0,150,130,0.87,0.01,0.0,0.0,0.0,0.0,0,111936.0
18,9,1248,2449,0,1,1,0.0,0.0,1.0,0.0,0.0,255,87,0.34,0.02,0.0,0.0,0.0,0.0,1,8924.0
52,5,0,0,0,0,297,1.0,1.0,0.07,0.06,0.0,255,20,0.08,0.07,0.0,1.0,1.0,0.0,1,45389.0
40,4,1,0,0,0,2,0.0,0.0,1.0,0.0,0.0,255,2,0.01,0.74,0.0,0.0,0.0,1.0,1,91349.0
22,9,175,4785,0,1,2,0.0,0.0,1.0,0.0,0.0,151,255,1.0,0.0,0.01,0.0,0.0,0.0,0,98768.0
44,5,0,0,0,0,31,1.0,1.0,0.16,0.19,0.0,255,6,0.02,0.09,0.0,1.0,1.0,0.0,1,116911.0
22,9,352,2558,0,1,1,0.0,0.0,1.0,0.0,0.42,255,255,1.0,0.0,0.0,0.0,0.0,0.0,0,60961.0
22,9,291,2432,0,1,3,0.0,0.0,1.0,0.0,0.0,11,255,1.0,0.0,0.05,0.0,0.0,0.0,0,76398.0
40,9,146,105,0,0,1,0.0,0.0,1.0,0.0,0.0,255,3,0.01,0.51,0.0,0.0,0.0,0.0,0,71688.0
44,5,0,0,0,0,136,1.0,1.0,0.1,0.06,0.0,255,20,0.08,0.07,0.0,1.0,1.0,0.0,1,21950.0
49,9,1568,331,0,1,1,0.0,0.0,1.0,0.0,1.0,152,134,0.51,0.05,0.01,0.02,0.02,0.0,0,88465.0
19,9,245,0,0,1,2,0.0,0.0,1.0,0.0,0.0,15,2,0.13,0.2,0.0,0.0,0.0,0.0,0,115979.0
8,5,0,0,0,0,260,1.0,1.0,0.04,0.07,0.0,255,11,0.04,0.06,0.0,1.0,1.0,0.0,1,83442.0
22,9,347,575,0,1,9,0.0,0.0,1.0,0.0,0.1,21,255,1.0,0.0,0.06,0.0,0.0,0.0,0,50601.0
55,2,0,0,0,0,109,0.0,0.0,0.03,0.07,0.0,255,3,0.01,0.07,0.0,0.0,0.0,1.0,1,78536.0
22,9,192,885,0,1,2,0.0,0.0,1.0,0.0,0.67,255,255,1.0,0.0,0.0,0.0,0.0,0.0,0,11870.0
44,4,0,0,0,0,1,0.0,0.0,1.0,0.0,0.0,255,1,0.0,0.87,0.0,0.0,0.0,1.0,1,70317.0
22,9,324,3198,0,1,2,0.0,0.0,1.0,0.0,0.07,89,255,1.0,0.0,0.03,0.0,0.0,0.0,0,79324.0
18,5,0,0,0,0,148,1.0,1.0,0.14,0.05,0.0,255,14,0.05,0.07,0.0,1.0,1.0,0.0,1,122024.0
22,9,267,1619,0,1,1,0.0,0.0,1.0,0.0,0.4,255,224,0.88,0.01,0.0,0.0,0.0,0.0,0,59539.0
49,9,1354,324,0,1,1,0.0,0.0,1.0,0.0,1.0,255,22,0.09,0.56,0.0,0.0,0.0,0.0,0,72296.0
44,5,0,0,0,0,134,1.0,1.0,0.04,0.06,0.0,255,10,0.04,0.06,0.0,1.0,1.0,0.0,1,15932.0
49,9,1184,337,0,1,1,0.0,0.0,1.0,0.0,0.0,175,163,0.62,0.02,0.01,0.0,0.0,0.0,0,44479.0
44,5,0,0,0,0,221,1.0,1.0,0.04,0.06,0.0,255,9,0.04,0.05,0.0,1.0,1.0,0.0,1,55599.0
49,9,1583,328,0,1,1,0.0,0.0,1.0,0.0,1.0,90,108,0.74,0.07,0.02,0.01,0.01,0.0,0,121189.0
22,9,253,346,0,1,7,0.0,0.0,1.0,0.0,0.25,51,255,1.0,0.0,0.01,0.0,0.0,0.0,0,51368.0
11,9,46,46,0,0,19,0.0,0.0,1.0,0.0,0.11,255,255,1.0,0.0,0.0,0.0,0.0,0.0,0,120208.0
22,9,249,241,0,1,48,0.0,0.0,1.0,0.0,0.02,48,255,1.0,0.0,0.02,0.0,0.0,0.0,0,52171.0
44,5,0,0,0,0,191,1.0,1.0,0.03,0.08,0.0,255,5,0.02,0.07,0.0,1.0,1.0,0.0,1,93072.0
19,9,383,0,0,0,2,0.0,0.0,1.0,0.0,0.0,59,9,0.15,0.07,0.0,0.0,0.0,0.0,0,82823.0
44,5,0,0,0,0,280,1.0,1.0,0.06,0.06,0.0,255,17,0.07,0.06,0.0,1.0,1.0,0.0,1,43388.0
19,9,567,0,0,1,1,0.0,0.0,1.0,0.0,0.0,242,69,0.29,0.03,0.0,0.0,0.0,0.0,0,98029.0
22,9,212,405,0,1,1,0.0,0.0,1.0,0.0,0.75,4,255,1.0,0.0,0.05,0.0,0.0,0.0,0,49990.0
19,9,965,0,0,1,9,0.0,0.0,1.0,0.0,0.0,134,65,0.49,0.02,0.0,0.0,0.0,0.0,0,72402.0
11,9,44,82,0,0,137,0.0,0.0,1.0,0.0,0.0,255,255,1.0,0.0,0.0,0.0,0.0,0.0,0,12525.0
44,1,0,0,0,0,2,0.0,0.0,0.5,1.0,0.0,255,1,0.0,0.32,0.0,0.27,0.0,1.0,1,24601.0
22,9,307,12304,0,1,29,0.0,0.0,1.0,0.0,0.0,110,255,1.0,0.0,0.01,0.0,0.0,0.06,0,16359.0
22,9,240,453,0,1,14,0.0,0.0,1.0,0.0,0.0,255,255,1.0,0.0,0.0,0.01,0.01,0.0,0,107189.0
22,9,250,7189,0,1,8,0.0,0.0,1.0,0.0,0.09,40,255,1.0,0.0,0.04,0.0,0.0,0.0,0,60646.0
22,1,0,0,0,0,1,0.0,0.0,1.0,0.0,0.0,51,255,1.0,0.0,0.13,0.0,0.0,1.0,0,16086.0
44,5,0,0,0,0,195,1.0,1.0,0.09,0.06,0.0,255,4,0.02,0.06,0.0,1.0,1.0,0.0,1,91138.0
22,9,236,256,0,1,1,0.0,0.0,1.0,0.0,0.0,1,255,1.0,0.0,0.02,0.0,0.0,0.0,0,21349.0
49,9,2529,329,0,1,1,0.0,0.0,1.0,0.0,0.0,255,152,0.6,0.03,0.0,0.0,0.01,0.0,0,91997.0
22,9,269,935,0,1,6,0.0,0.0,1.0,0.0,0.29,50,255,1.0,0.0,0.03,0.0,0.0,0.0,0,35640.0
32,5,0,0,0,0,143,1.0,1.0,0.13,0.05,0.0,255,2,0.01,0.05,0.0,1.0,1.0,0.0,1,8990.0
35,5,0,0,0,0,65,1.0,1.0,0.11,0.08,0.0,255,13,0.05,0.07,0.0,1.0,1.0,0.0,1,13680.0
19,1,0,0,0,0,210,0.0,0.0,0.02,0.07,0.0,255,5,0.02,0.07,0.0,0.0,0.0,1.0,1,10482.0
10,5,0,0,0,0,201,1.0,1.0,0.01,0.06,0.0,255,13,0.05,0.07,0.0,1.0,1.0,0.0,1,55170.0
13,9,8,0,0,0,1,0.0,0.0,1.0,0.0,1.0,2,54,1.0,0.0,0.5,0.0,0.0,0.0,1,81928.0
6,5,0,0,0,0,200,1.0,1.0,0.05,0.06,0.0,255,10,0.04,0.08,0.0,1.0,1.0,0.0,1,20954.0
22,9,299,338,0,1,25,0.0,0.0,1.0,0.0,0.0,255,255,1.0,0.0,0.0,0.0,0.0,0.01,0,95441.0
13,9,8,0,0,0,1,0.0,0.0,1.0,0.0,1.0,1,81,1.0,0.0,0.26,0.0,0.0,0.0,1,119363.0
15,5,0,0,0,0,136,1.0,1.0,0.02,0.06,0.0,255,3,0.01,0.06,0.0,1.0,1.0,0.0,1,41355.0
61,1,0,0,0,0,509,0.02,0.0,0.0,1.0,0.0,255,1,0.0,1.0,0.0,0.04,0.0,1.0,1,68065.0
60,5,0,0,0,0,214,1.0,1.0,0.09,0.07,0.0,255,19,0.07,0.08,0.0,1.0,1.0,0.0,1,51299.0
14,9,520,0,0,0,109,0.0,0.0,1.0,0.0,0.0,255,255,1.0,0.0,0.0,0.0,0.0,0.0,1,90373.0
0,4,1828,9633,0,0,1,0.0,0.0,1.0,0.0,0.0,143,18,0.13,0.01,0.0,0.0,0.0,0.61,0,98354.0
22,9,238,2997,0,1,2,0.0,0.0,1.0,0.0,0.1,70,255,1.0,0.0,0.02,0.0,0.0,0.0,0,118181.0
44,5,0,0,0,0,180,1.0,1.0,0.09,0.06,0.0,255,7,0.03,0.09,0.0,1.0,1.0,0.0,1,67069.0
17,5,0,0,0,0,42,1.0,1.0,0.29,0.1,0.0,255,70,0.27,0.03,0.0,1.0,1.0,0.0,1,17079.0
22,9,206,3731,0,1,7,0.0,0.0,1.0,0.0,0.22,185,255,1.0,0.0,0.03,0.01,0.01,0.0,0,60838.0
40,9,147,105,0,0,1,0.0,0.0,1.0,0.0,0.0,255,3,0.01,0.53,0.0,0.0,0.0,0.0,0,113035.0
22,9,224,310,0,1,1,0.0,0.0,1.0,0.0,0.0,255,255,1.0,0.0,0.0,0.0,0.0,0.0,0,85814.0
22,9,248,1413,0,1,1,0.0,0.0,1.0,0.0,0.0,39,255,1.0,0.0,0.04,0.0,0.0,0.0,0,56373.0
22,9,165,14328,0,1,3,0.0,0.0,1.0,0.0,0.43,6,96,1.0,0.0,0.1,0.0,0.01,0.0,0,4149.0
22,9,321,956,0,1,6,0.0,0.0,1.0,0.0,0.0,58,255,1.0,0.0,0.06,0.0,0.0,0.0,0,84844.0
22,9,234,14602,0,1,9,0.0,0.0,1.0,0.0,0.0,255,255,1.0,0.0,0.0,0.0,0.0,0.0,0,38124.0
36,5,0,0,0,0,225,1.0,1.0,0.11,0.05,0.0,255,24,0.09,0.05,0.0,1.0,1.0,0.0,1,23071.0
44,5,0,0,0,0,109,1.0,1.0,0.1,0.05,0.0,255,11,0.04,0.05,0.0,1.0,1.0,0.0,1,54806.0
24,5,0,0,0,0,216,1.0,1.0,0.03,0.06,0.0,255,7,0.03,0.06,0.0,1.0,1.0,0.0,1,11982.0
19,9,12,0,0,1,2,0.0,0.0,1.0,0.0,0.0,251,83,0.33,0.03,0.0,0.01,0.0,0.0,0,78171.0
22,1,0,0,0,0,1,0.0,0.0,1.0,0.0,0.33,6,255,1.0,0.0,0.15,0.0,0.0,0.79,0,60147.0
49,9,1195,365,0,1,1,0.0,0.0,1.0,0.0,0.0,232,119,0.49,0.02,0.02,0.0,0.0,0.0,0,60345.0
44,1,0,0,0,0,220,0.0,0.0,0.05,0.07,0.0,255,11,0.04,0.07,0.0,0.0,0.0,1.0,1,64597.0
22,9,315,2168,0,1,13,0.0,0.0,1.0,0.0,0.14,170,255,1.0,0.0,0.01,0.0,0.0,0.0,0,35841.0
49,9,1106,336,0,1,1,0.0,0.0,1.0,0.0,1.0,131,71,0.17,0.54,0.03,0.05,0.0,0.0,0,60196.0
22,9,170,327,0,1,1,0.0,0.0,1.0,0.0,0.0,255,255,1.0,0.0,0.0,0.0,0.0,0.0,0,123838.0
22,9,235,1075,0,1,6,0.0,0.0,1.0,0.0,0.09,255,251,0.98,0.01,0.0,0.0,0.0,0.0,0,100080.0
11,9,44,71,0,0,274,0.0,0.0,1.0,0.01,0.01,255,254,1.0,0.01,0.0,0.0,0.0,0.0,0,82789.0
44,10,0,0,0,0,1,1.0,1.0,1.0,0.0,0.0,47,1,0.02,0.79,0.0,0.83,1.0,0.0,1,123835.0
11,9,44,77,0,0,129,0.0,0.0,1.0,0.0,0.0,255,254,1.0,0.01,0.0,0.0,0.0,0.0,0,7560.0
44,5,0,0,0,0,97,1.0,1.0,0.21,0.07,0.0,255,20,0.08,0.07,0.0,1.0,1.0,0.0,1,118036.0
44,5,0,0,0,0,118,1.0,1.0,0.06,0.06,0.0,196,10,0.05,0.09,0.0,1.0,1.0,0.0,1,104525.0
22,9,325,3353,0,1,3,0.0,0.0,1.0,0.0,0.5,3,255,1.0,0.0,0.01,0.0,0.0,0.0,0,104895.0
49,9,737,334,0,1,1,0.0,0.95,1.0,0.0,0.1,163,86,0.53,0.04,0.0,0.01,0.01,0.0,0,3601.0
14,9,1032,0,0,0,351,0.0,0.0,1.0,0.0,0.0,255,255,1.0,0.0,0.0,0.0,0.0,0.0,1,8955.0
22,9,181,14424,0,1,1,0.0,0.0,1.0,0.0,1.0,168,255,1.0,0.0,0.02,0.0,0.0,0.0,0,58735.0
59,2,0,0,0,0,2,0.0,0.0,0.5,1.0,0.0,255,1,0.0,1.0,0.0,0.0,0.0,1.0,1,32715.0
44,9,28,0,3,0,42,0.0,0.0,1.0,0.0,0.0,255,42,0.16,0.01,0.0,0.0,0.0,0.0,1,43264.0
22,9,228,261,0,1,11,0.0,0.0,1.0,0.0,0.0,32,255,1.0,0.0,0.05,0.0,0.0,0.0,0,114707.0
22,9,229,301,0,1,4,0.25,0.25,1.0,0.0,0.0,255,255,1.0,0.0,0.0,0.0,0.0,0.0,0,1025.0
22,9,224,577,0,1,4,0.0,0.0,1.0,0.0,0.11,255,255,1.0,0.0,0.0,0.0,0.0,0.0,0,32256.0
22,9,331,2263,0,1,5,0.0,0.0,1.0,0.0,0.0,5,255,1.0,0.0,0.06,0.0,0.0,0.0,0,6503.0
44,5,0,0,0,0,146,1.0,1.0,0.07,0.05,0.0,255,7,0.03,0.06,0.0,1.0,1.0,0.0,1,29065.0
17,9,7,425,0,0,1,0.0,0.0,1.0,0.0,0.0,212,11,0.04,0.03,0.18,0.0,0.09,0.0,0,72691.0
11,9,45,45,0,0,145,0.0,0.0,1.0,0.0,0.01,255,228,0.89,0.01,0.0,0.0,0.0,0.0,0,37053.0
55,9,104,1503,0,1,1,0.0,0.0,1.0,0.0,0.0,31,3,0.1,0.16,0.0,0.0,0.0,0.0,0,91093.0
34,1,0,0,0,0,218,0.0,0.0,0.0,0.07,0.0,255,1,0.0,0.08,0.0,0.0,0.0,1.0,1,41957.0
49,9,1635,410,0,1,1,0.0,0.0,1.0,0.0,1.0,40,198,0.9,0.05,0.01,0.0,0.0,0.0,0,121115.0
0,6,43358,46417,0,1,4,0.25,1.0,0.25,0.5,0.0,82,14,0.17,0.02,0.0,0.15,0.86,0.0,0,62519.0
44,4,1,0,0,0,2,0.0,0.0,1.0,0.0,0.0,255,2,0.01,0.5,0.0,0.0,0.0,1.0,1,114085.0
44,5,0,0,0,0,52,1.0,1.0,0.29,0.1,0.0,255,17,0.07,0.07,0.0,1.0,1.0,0.0,1,72918.0
39,9,48,48,0,0,1,0.0,0.0,1.0,0.0,0.0,103,3,0.03,0.03,0.0,0.0,0.0,0.0,0,35054.0
25,1,0,0,0,0,235,0.0,0.0,0.02,0.07,0.0,255,4,0.02,0.07,0.0,0.0,0.0,1.0,1,31707.0
32,5,0,0,0,0,251,1.0,1.0,0.02,0.06,0.0,255,2,0.01,0.07,0.0,1.0,1.0,0.0,1,22362.0
11,9,45,45,0,0,241,0.0,0.0,1.0,0.01,0.0,255,254,1.0,0.01,0.0,0.0,0.0,0.0,0,11521.0
19,9,567,0,0,0,2,0.0,0.0,0.5,1.0,0.0,255,59,0.23,0.03,0.0,0.0,0.0,0.0,0,57668.0
21,5,0,0,0,0,142,1.0,1.0,0.1,0.06,0.0,255,8,0.03,0.07,0.0,1.0,1.0,0.0,1,87556.0
13,9,8,0,0,0,1,0.0,0.0,1.0,0.0,1.0,1,71,1.0,0.0,0.51,0.0,0.0,0.0,1,77025.0
18,9,1235,2451,0,1,1,0.0,0.0,1.0,0.0,0.0,255,115,0.45,0.02,0.0,0.0,0.0,0.0,1,79009.0
11,9,43,43,0,0,199,0.0,0.0,1.0,0.0,0.0,255,255,1.0,0.0,0.0,0.0,0.0,0.0,0,121740.0
11,9,44,74,0,0,109,0.0,0.0,1.0,0.0,0.02,255,254,1.0,0.01,0.0,0.0,0.0,0.0,0,29504.0
14,9,1032,0,0,0,511,0.0,0.0,1.0,0.0,0.0,255,209,0.82,0.02,0.0,0.0,0.0,0.0,1,62000.0
44,9,100,0,0,0,3,0.0,0.0,1.0,0.0,0.0,82,12,0.15,0.02,0.0,0.0,0.0,0.0,1,47294.0
44,5,0,0,0,0,247,1.0,1.0,0.08,0.06,0.0,255,4,0.02,0.08,0.0,1.0,1.0,0.0,1,92557.0
14,9,1032,0,0,0,511,0.0,0.0,1.0,0.0,0.0,247,102,0.41,0.01,0.0,0.0,0.0,0.0,1,87895.0
44,9,1,0,0,0,27,0.0,0.0,0.41,0.11,0.0,255,11,0.04,0.59,0.0,0.0,0.0,0.0,1,29378.0
11,9,42,42,0,0,6,0.0,0.0,1.0,0.0,0.11,255,242,0.95,0.01,0.0,0.0,0.0,0.0,0,108157.0
44,5,0,0,0,0,298,1.0,1.0,0.07,0.06,0.0,255,16,0.06,0.05,0.0,1.0,1.0,0.0,1,40687.0
22,9,234,1200,0,1,5,0.0,0.0,1.0,0.0,0.0,18,66,1.0,0.0,0.06,0.0,0.0,0.0,0,100179.0
22,9,287,1509,0,1,21,0.0,0.0,1.0,0.0,0.0,255,255,1.0,0.0,0.0,0.0,0.0,0.0,0,16908.0
13,9,8,0,0,0,1,0.0,0.0,1.0,0.0,1.0,3,111,1.0,0.0,0.25,0.0,0.0,0.0,1,116519.0
22,9,206,1037,0,1,8,0.0,0.0,1.0,0.0,0.0,8,255,1.0,0.0,0.02,0.0,0.01,0.0,0,14406.0
22,9,167,12937,0,1,9,0.0,0.0,1.0,0.0,0.18,9,255,1.0,0.0,0.04,0.0,0.0,0.01,0,1947.0
7,1,0,0,0,0,250,0.0,0.0,0.02,0.07,0.0,255,6,0.02,0.08,0.0,0.0,0.0,1.0,1,94534.0
22,9,317,6590,0,1,5,0.0,0.0,1.0,0.0,0.33,54,255,1.0,0.0,0.01,0.0,0.0,0.01,0,86324.0
44,5,0,0,0,0,5,1.0,1.0,0.4,0.6,0.0,255,3,0.01,0.09,0.0,1.0,1.0,0.0,1,119159.0
5,5,0,0,0,0,148,1.0,1.0,0.13,0.05,0.0,255,19,0.07,0.06,0.0,1.0,1.0,0.0,1,37617.0
44,5,0,0,0,0,276,1.0,1.0,0.01,0.07,0.0,255,3,0.01,0.08,0.0,1.0,1.0,0.0,1,81065.0
44,1,0,0,0,0,268,0.0,0.0,0.07,0.06,0.0,255,18,0.07,0.07,0.0,0.0,0.0,1.0,1,77407.0
54,5,0,0,0,0,129,1.0,1.0,0.11,0.06,0.0,255,2,0.01,0.08,0.0,1.0,1.0,0.0,1,2033.0
49,9,1042,400,0,1,1,0.0,0.0,1.0,0.0,0.0,255,26,0.1,0.06,0.0,0.74,0.0,0.0,0,70120.0
61,5,0,0,0,0,204,1.0,1.0,0.02,0.07,0.0,255,5,0.02,0.08,0.0,1.0,1.0,0.0,1,110294.0
49,9,715,328,0,1,1,0.0,0.0,1.0,0.0,1.0,148,177,0.7,0.03,0.01,0.0,0.0,0.0,0,57790.0
4,5,0,0,0,0,223,1.0,1.0,0.01,0.06,0.0,255,3,0.01,0.07,0.0,1.0,1.0,0.0,1,70458.0
44,5,0,0,0,0,114,1.0,1.0,0.14,0.06,0.0,255,36,0.14,0.05,0.0,1.0,1.0,0.0,1,121837.0
22,9,219,1099,0,1,6,0.0,0.0,1.0,0.0,0.0,35,255,1.0,0.0,0.06,0.0,0.0,0.0,0,44270.0
30,5,0,0,0,0,131,1.0,1.0,0.02,0.06,0.0,255,2,0.01,0.06,0.0,1.0,1.0,0.0,1,49408.0
44,9,1,0,0,0,66,0.0,0.0,0.3,0.08,0.0,255,43,0.17,0.22,0.0,0.0,0.0,0.0,1,108422.0
11,9,43,43,0,0,244,0.0,0.0,1.0,0.0,0.0,255,230,0.9,0.01,0.0,0.0,0.0,0.0,0,30112.0
44,9,28,0,3,0,82,0.0,0.0,1.0,0.0,0.0,154,82,0.53,0.03,0.0,0.0,0.0,0.0,1,78300.0
59,2,0,0,0,0,124,0.0,0.0,0.15,0.07,0.0,255,19,0.07,0.06,0.0,0.0,0.0,1.0,1,58367.0
44,9,28,0,3,0,128,0.78,0.0,0.22,0.05,0.0,255,28,0.11,0.89,0.0,0.09,0.0,0.0,1,64562.0
22,9,369,2116,0,1,1,0.0,0.0,1.0,0.0,0.22,11,255,1.0,0.0,0.03,0.0,0.0,0.0,0,80217.0
11,9,44,137,0,0,68,0.0,0.0,1.0,0.0,0.01,255,214,0.84,0.02,0.0,0.0,0.0,0.0,0,2112.0
11,9,46,128,0,0,71,0.0,0.0,1.0,0.0,0.01,255,254,1.0,0.01,0.0,0.0,0.0,0.0,0,1423.0
17,5,0,0,0,0,18,1.0,1.0,0.33,0.22,0.0,255,58,0.23,0.04,0.0,1.0,1.0,0.0,1,28165.0
55,5,0,0,0,0,6,1.0,1.0,0.17,0.5,0.0,255,49,0.19,0.05,0.0,1.0,1.0,0.0,1,7263.0
49,9,785,327,0,1,1,0.0,0.0,1.0,0.0,0.0,50,70,0.76,0.12,0.03,0.02,0.0,0.0,0,475.0
22,9,237,720,0,1,39,0.0,0.0,1.0,0.0,0.0,255,255,1.0,0.0,0.0,0.0,0.0,0.0,0,94377.0
17,9,6,0,0,0,1,0.0,0.0,1.0,0.0,0.0,44,10,0.07,0.05,0.2,0.0,0.0,0.0,0,96337.0
22,9,415,704,0,1,1,0.0,0.0,1.0,0.0,1.0,255,255,1.0,0.0,0.0,0.0,0.0,0.0,0,17096.0
54,5,0,0,0,0,190,1.0,1.0,0.03,0.08,0.0,255,5,0.02,0.07,0.0,1.0,1.0,0.0,1,20375.0
49,9,1576,329,0,1,1,0.0,0.0,1.0,0.0,1.0,115,95,0.83,0.03,0.0,0.0,0.0,0.0,0,81660.0
22,9,289,174,0,1,13,0.0,0.0,1.0,0.0,0.0,18,255,1.0,0.0,0.05,0.0,0.0,0.01,0,22805.0
13,9,8,0,0,0,1,0.0,0.0,1.0,0.0,1.0,1,87,1.0,0.0,0.51,0.0,0.0,0.0,1,89033.0
22,9,204,3433,0,1,13,0.0,0.0,1.0,0.0,0.0,255,255,1.0,0.0,0.0,0.0,0.0,0.0,0,45446.0
22,9,319,731,0,1,7,0.0,0.0,1.0,0.0,0.0,11,255,1.0,0.0,0.02,0.0,0.0,0.0,0,1449.0
55,5,0,0,0,0,8,1.0,1.0,0.38,0.5,0.0,255,66,0.26,0.02,0.0,1.0,1.0,0.0,1,50510.0
44,4,0,0,0,0,1,0.0,0.0,1.0,0.0,0.0,255,1,0.0,0.84,0.0,0.0,0.0,1.0,1,52937.0
14,9,1032,0,0,0,511,0.0,0.0,1.0,0.0,0.0,191,97,0.51,0.04,0.0,0.01,0.0,0.0,1,106940.0
44,5,0,0,0,0,135,1.0,1.0,0.06,0.06,0.0,255,8,0.03,0.06,0.0,1.0,1.0,0.0,1,120630.0
22,9,298,2809,0,1,2,0.0,0.0,1.0,0.0,0.4,62,255,1.0,0.0,0.01,0.0,0.01,0.0,0,16130.0
44,5,0,0,0,0,125,1.0,1.0,0.15,0.06,0.0,255,34,0.13,0.05,0.0,1.0,1.0,0.0,1,106394.0
49,5,0,0,0,0,2,0.5,0.5,1.0,0.0,0.0,255,29,0.11,0.55,0.0,0.0,0.03,0.0,1,67920.0
22,9,241,2698,0,1,1,0.0,0.0,1.0,0.0,0.0,255,255,1.0,0.0,0.0,0.0,0.0,0.0,0,17313.0
24,1,0,0,0,0,285,0.0,0.0,0.05,0.06,0.0,255,14,0.05,0.07,0.0,0.0,0.0,1.0,1,110472.0
22,9,243,5971,0,1,9,0.0,0.0,1.0,0.0,0.0,17,255,1.0,0.0,0.02,0.0,0.0,0.0,0,34301.0
16,5,0,0,0,0,93,1.0,1.0,0.11,0.08,0.0,255,10,0.04,0.06,0.0,1.0,1.0,0.0,1,79928.0
16,2,0,0,0,0,96,0.0,0.0,0.03,0.07,0.0,255,3,0.01,0.06,0.0,0.0,0.0,1.0,1,107636.0
22,9,235,1600,0,1,10,0.0,0.0,1.0,0.0,0.0,255,255,1.0,0.0,0.0,0.0,0.0,0.0,0,104112.0
14,9,520,0,0,0,57,0.0,0.0,1.0,0.0,0.0,255,255,1.0,0.0,0.0,0.0,0.0,0.0,1,81750.0
11,9,45,119,0,0,112,0.0,0.0,0.99,0.02,0.02,255,253,0.99,0.01,0.0,0.0,0.0,0.0,0,15366.0
40,4,1,0,0,0,2,0.0,0.0,1.0,0.0,0.0,255,2,0.01,0.71,0.0,0.0,0.0,1.0,1,37313.0
44,1,0,0,0,0,471,0.06,0.0,0.0,1.0,0.0,255,1,0.0,1.0,0.0,0.1,0.0,1.0,1,21162.0
23,5,0,0,0,0,140,1.0,1.0,0.05,0.06,0.0,255,7,0.03,0.06,0.0,1.0,1.0,0.0,1,119750.0
22,9,321,382,0,1,7,0.0,0.0,1.0,0.0,0.0,227,255,1.0,0.0,0.02,0.0,0.0,0.0,0,27276.0
23,5,0,0,0,0,128,1.0,1.0,0.2,0.05,0.0,255,25,0.1,0.05,0.0,1.0,1.0,0.0,1,106569.0
22,9,209,284,0,1,3,0.0,0.0,1.0,0.0,0.5,255,255,1.0,0.0,0.0,0.0,0.0,0.0,0,105157.0
49,9,1543,325,0,1,1,0.0,0.0,1.0,0.0,0.0,103,81,0.79,0.03,0.0,0.0,0.0,0.0,0,11091.0
22,1,0,0,0,0,1,0.0,0.0,1.0,0.0,0.0,9,237,1.0,0.0,0.19,0.0,0.0,1.0,0,107949.0
19,9,12286,0,0,1,5,0.0,0.0,1.0,0.0,0.0,12,11,0.92,0.17,0.0,0.0,0.0,0.0,0,33905.0
55,9,306,24556,0,1,1,0.0,0.0,1.0,0.0,0.0,255,61,0.24,0.02,0.0,0.0,0.0,0.0,0,30500.0
22,9,214,1281,0,1,19,0.0,0.0,1.0,0.0,0.0,255,255,1.0,0.0,0.0,0.0,0.0,0.0,0,82593.0
22,2,0,0,0,1,1,0.0,0.0,1.0,0.0,0.75,8,255,1.0,0.0,0.01,0.0,0.0,0.0,0,16746.0
22,9,339,1035,0,1,24,0.0,0.0,1.0,0.0,0.1,255,255,1.0,0.0,0.0,0.0,0.0,0.0,0,19773.0
22,9,208,1240,0,1,8,0.0,0.0,1.0,0.0,0.3,255,255,1.0,0.0,0.0,0.0,0.0,0.0,0,1729.0
22,9,292,12689,0,1,25,0.0,0.0,1.0,0.0,0.0,24,255,1.0,0.0,0.05,0.0,0.0,0.03,0,67522.0
22,9,270,2707,0,1,1,0.0,0.0,1.0,0.0,0.17,255,255,1.0,0.0,0.0,0.0,0.0,0.0,0,63021.0
22,1,0,0,0,0,19,0.0,0.0,1.0,0.0,0.0,29,204,1.0,0.0,0.2,0.0,0.0,0.94,0,43599.0
14,9,1032,0,0,0,372,0.0,0.0,1.0,0.0,0.0,255,255,1.0,0.0,0.0,0.0,0.0,0.0,1,121249.0
11,9,45,120,0,0,217,0.0,0.0,1.0,0.0,0.01,255,174,0.68,0.01,0.0,0.0,0.0,0.0,0,32347.0
44,5,0,0,0,0,34,1.0,1.0,0.47,0.09,0.0,255,16,0.06,0.07,0.0,1.0,1.0,0.0,1,31988.0
44,4,0,0,0,0,2,0.0,0.0,0.5,1.0,0.0,255,1,0.0,0.95,0.0,0.0,0.0,1.0,1,99725.0
19,9,2194619,0,0,1,1,0.0,0.0,1.0,0.0,0.0,21,45,0.43,0.19,0.04,0.0,0.0,0.0,0,110144.0
49,5,0,0,0,0,13,1.0,1.0,1.0,0.0,0.0,115,135,0.46,0.02,0.01,0.98,0.39,0.0,1,15534.0
11,9,45,120,0,0,127,0.0,0.0,1.0,0.0,0.02,255,255,1.0,0.0,0.0,0.0,0.0,0.0,0,64236.0
44,5,0,0,0,0,138,1.0,1.0,0.14,0.06,0.0,255,29,0.11,0.06,0.0,1.0,1.0,0.0,1,103333.0
22,9,308,311,0,1,7,0.0,0.0,1.0,0.0,0.0,141,245,1.0,0.0,0.01,0.0,0.0,0.02,0,125256.0
44,9,105,147,0,0,7,0.0,0.0,0.14,0.29,0.0,255,229,0.9,0.01,0.0,0.0,0.0,0.0,0,67732.0
11,9,44,140,0,0,70,0.0,0.0,1.0,0.0,0.01,255,255,1.0,0.0,0.0,0.0,0.0,0.0,0,107033.0
22,9,209,3273,0,1,12,0.0,0.0,1.0,0.0,0.0,12,219,1.0,0.0,0.03,0.0,0.0,0.0,0,48100.0
22,9,214,505,0,1,1,0.0,0.0,1.0,0.0,1.0,2,255,1.0,0.0,0.07,0.0,0.0,0.0,0,67000.0
14,9,1480,0,1,0,19,0.0,0.0,1.0,0.0,0.0,255,19,0.07,0.02,0.0,0.0,0.0,0.0,1,55699.0
44,4,0,0,0,0,1,0.0,0.0,1.0,0.0,0.0,255,1,0.0,0.72,0.0,0.0,0.0,1.0,1,86996.0
44,4,0,0,0,0,1,0.0,0.0,1.0,0.0,0.0,255,1,0.0,0.7,0.0,0.0,0.0,1.0,1,86247.0
11,9,33,33,0,0,133,0.0,0.0,1.0,0.0,0.01,255,206,0.81,0.01,0.0,0.0,0.0,0.0,0,27061.0
44,9,105,146,0,0,2,0.0,0.0,1.0,0.0,0.0,20,17,0.85,0.15,0.0,0.0,0.0,0.0,0,40883.0
22,9,326,2431,0,1,5,0.0,0.0,1.0,0.0,0.23,246,255,1.0,0.0,0.01,0.0,0.0,0.0,0,18832.0
22,9,313,2033,0,1,5,0.0,0.0,1.0,0.0,0.33,53,255,1.0,0.0,0.03,0.0,0.0,0.0,0,16205.0
9,2,0,0,0,0,278,0.0,0.0,0.05,0.06,0.0,255,15,0.06,0.07,0.0,0.0,0.0,1.0,1,73578.0
22,9,206,891,0,1,9,0.0,0.0,1.0,0.0,0.17,255,255,1.0,0.0,0.0,0.0,0.0,0.0,0,97708.0
62,5,0,0,0,0,276,1.0,1.0,0.03,0.06,0.0,255,8,0.03,0.08,0.0,1.0,1.0,0.0,1,83315.0
55,5,0,0,0,0,61,1.0,1.0,0.23,0.07,0.0,255,64,0.25,0.02,0.0,1.0,1.0,0.0,1,12092.0
13,9,8,0,0,0,1,0.0,0.0,1.0,0.0,1.0,1,71,1.0,0.0,0.51,0.0,0.0,0.0,1,73419.0
11,9,45,73,0,0,259,0.0,0.0,1.0,0.0,0.0,255,226,0.89,0.01,0.0,0.0,0.0,0.0,0,51067.0
44,4,0,0,0,0,1,0.0,0.0,1.0,0.0,0.0,243,1,0.0,0.26,0.0,0.0,0.0,1.0,1,90229.0
44,1,0,0,0,0,207,0.0,0.0,0.09,0.06,0.0,255,18,0.07,0.09,0.0,0.0,0.0,1.0,1,103608.0
4,5,0,0,0,0,243,1.0,1.0,0.02,0.07,0.0,255,6,0.02,0.07,0.0,1.0,1.0,0.0,1,48054.0
44,1,0,0,0,0,195,0.0,0.0,0.06,0.08,0.0,255,12,0.05,0.08,0.0,0.0,0.0,1.0,1,104503.0
22,9,336,279,0,1,4,0.0,0.0,1.0,0.0,0.4,99,90,0.91,0.02,0.0,0.01,0.01,0.0,0,65011.0
22,9,327,607,0,1,10,0.0,0.0,1.0,0.0,0.0,255,255,1.0,0.0,0.0,0.0,0.0,0.0,0,17202.0
40,9,9198,0,0,0,4,0.0,0.0,0.25,0.75,0.0,180,1,0.01,0.05,0.0,0.0,0.0,0.0,0,77135.0
22,9,298,348,0,1,31,0.0,0.0,1.0,0.0,0.0,255,255,1.0,0.0,0.0,0.0,0.0,0.0,0,44151.0
13,9,8,0,0,0,1,0.0,0.0,1.0,0.0,1.0,1,81,1.0,0.0,0.51,0.0,0.0,0.0,1,23692.0
19,9,61298,0,0,1,6,0.0,0.0,1.0,0.0,0.0,246,59,0.24,0.02,0.0,0.0,0.0,0.0,0,86739.0
22,9,319,525,0,1,10,0.0,0.0,1.0,0.0,0.0,10,255,1.0,0.0,0.02,0.0,0.0,0.0,0,24054.0
22,9,54540,8314,0,1,4,0.0,0.0,1.0,0.0,0.0,22,22,1.0,0.0,0.0,0.0,0.0,0.05,1,33998.0
23,1,0,0,0,0,67,0.0,0.0,0.01,0.09,0.0,255,1,0.0,0.06,0.0,0.0,0.0,1.0,1,28722.0
22,9,312,981,0,1,6,0.0,0.0,1.0,0.0,0.0,19,255,1.0,0.0,0.03,0.0,0.0,0.0,0,9679.0
14,9,520,0,0,0,18,0.0,0.0,1.0,0.0,0.0,255,255,1.0,0.0,0.0,0.0,0.0,0.0,1,50878.0
22,5,0,0,0,0,77,1.0,1.0,0.26,0.05,0.0,255,63,0.25,0.02,0.0,1.0,1.0,0.0,1,93875.0
11,9,45,76,0,0,110,0.0,0.0,1.0,0.0,0.03,255,229,0.9,0.01,0.0,0.0,0.0,0.0,0,19591.0
11,9,43,112,0,0,221,0.0,0.0,1.0,0.01,0.01,255,255,1.0,0.0,0.0,0.0,0.0,0.0,0,20386.0
9,3,0,0,0,0,226,0.63,0.5,0.01,0.42,0.0,255,2,0.01,0.37,0.0,0.56,0.5,0.5,1,76560.0
22,9,214,308,0,1,2,0.5,0.17,1.0,0.0,0.33,255,255,1.0,0.0,0.0,0.0,0.0,0.0,0,39274.0
22,9,302,1046,0,1,6,0.0,0.0,1.0,0.0,0.29,189,255,1.0,0.0,0.01,0.0,0.0,0.0,0,37683.0
53,5,0,0,0,0,102,1.0,1.0,0.07,0.05,0.0,255,7,0.03,0.05,0.0,1.0,1.0,0.0,1,39680.0
49,9,826,328,0,1,1,0.0,0.0,1.0,0.0,0.0,214,155,0.72,0.02,0.0,0.0,0.0,0.0,0,16883.0
11,9,42,108,0,0,1,0.0,0.0,1.0,0.0,0.0,255,251,0.98,0.01,0.0,0.0,0.0,0.0,0,39211.0
49,9,1187,377,0,1,1,0.0,0.0,1.0,0.0,0.0,108,232,0.98,0.02,0.01,0.0,0.0,0.0,0,25424.0
58,9,181,0,0,0,3,0.0,0.0,0.67,0.67,0.0,255,26,0.1,0.01,0.0,0.0,0.0,0.0,0,83797.0
28,5,0,0,0,0,102,1.0,1.0,0.12,0.06,0.0,255,2,0.01,0.08,0.0,1.0,1.0,0.0,1,104701.0
22,9,54540,8314,0,1,4,0.0,0.0,1.0,0.0,0.0,174,174,1.0,0.0,0.0,0.0,0.0,0.06,1,123292.0
22,9,208,3379,0,1,4,0.0,0.0,1.0,0.0,0.25,255,255,1.0,0.0,0.0,0.0,0.0,0.0,0,89386.0
22,9,212,1160,0,1,11,0.0,0.0,1.0,0.0,0.08,11,255,1.0,0.0,0.04,0.0,0.0,0.0,0,100843.0
59,5,0,0,0,0,140,1.0,1.0,0.11,0.06,0.0,255,5,0.02,0.06,0.0,1.0,1.0,0.0,1,41989.0
40,9,113,0,0,0,35,0.0,0.0,0.97,0.06,0.0,255,34,0.13,0.52,0.0,0.0,0.0,0.0,0,101011.0
44,5,0,0,0,0,289,1.0,1.0,0.08,0.05,0.0,255,22,0.09,0.06,0.0,1.0,1.0,0.0,1,109045.0
44,5,0,0,0,0,194,1.0,1.0,0.09,0.06,0.0,255,5,0.02,0.06,0.0,1.0,1.0,0.0,1,73718.0
44,5,0,0,0,0,203,1.0,1.0,0.01,0.06,0.0,255,1,0.0,0.07,0.0,1.0,1.0,0.0,1,108662.0
49,9,797,336,0,1,1,0.0,0.0,1.0,0.0,0.0,83,202,0.71,0.05,0.01,0.0,0.0,0.0,0,16938.0
22,1,0,0,0,0,1,0.0,0.0,1.0,0.0,0.0,30,255,1.0,0.0,0.1,0.0,0.0,0.95,0,121853.0
22,9,274,393,0,1,2,0.0,0.0,1.0,0.0,0.0,4,220,1.0,0.0,0.05,0.0,0.0,0.0,0,108624.0
14,9,1032,0,0,0,511,0.0,0.0,1.0,0.0,0.0,255,33,0.13,0.22,0.0,0.0,0.0,0.0,1,62276.0
9,5,0,0,0,0,213,1.0,1.0,0.07,0.06,0.0,255,15,0.06,0.07,0.0,1.0,1.0,0.0,1,68581.0
22,9,309,2239,0,1,7,0.0,0.0,1.0,0.0,0.0,255,249,0.98,0.01,0.0,0.0,0.0,0.0,0,124363.0
55,2,0,0,0,0,275,0.0,0.0,0.03,0.06,0.0,255,8,0.03,0.07,0.0,0.0,0.0,1.0,1,67191.0
44,1,0,0,0,0,1,0.0,0.0,1.0,0.0,0.0,240,1,0.0,0.08,0.0,0.0,0.0,1.0,1,101406.0
44,10,0,0,0,0,1,1.0,1.0,1.0,0.0,0.0,186,1,0.01,0.95,0.0,0.96,1.0,0.0,1,111919.0
30,5,0,0,0,0,140,1.0,1.0,0.06,0.06,0.0,255,8,0.03,0.06,0.0,1.0,1.0,0.0,1,91940.0
2,5,0,0,0,0,234,1.0,1.0,0.02,0.06,0.0,255,4,0.02,0.07,0.0,1.0,1.0,0.0,1,3849.0
44,5,0,0,0,0,142,1.0,1.0,0.08,0.07,0.0,255,12,0.05,0.07,0.0,1.0,1.0,0.0,1,56911.0
29,5,0,0,0,0,239,1.0,1.0,0.05,0.05,0.0,255,11,0.04,0.06,0.0,1.0,1.0,0.0,1,10406.0
49,9,2507,335,0,1,1,0.0,0.0,1.0,0.0,0.0,255,144,0.56,0.02,0.0,0.0,0.0,0.0,0,94031.0
19,9,373,0,0,1,11,0.0,0.0,1.0,0.0,0.0,42,87,0.4,0.1,0.02,0.0,0.0,0.0,0,24682.0
19,5,0,0,0,0,21,1.0,1.0,0.24,0.19,0.0,255,64,0.25,0.02,0.0,1.0,1.0,0.0,1,115304.0
22,9,325,1481,0,1,21,0.0,0.0,1.0,0.0,0.0,255,255,1.0,0.0,0.0,0.0,0.0,0.0,0,39981.0
1,9,312876,22784,0,1,1,0.0,0.0,1.0,0.0,0.0,54,32,0.59,0.07,0.0,0.02,0.03,0.03,0,8894.0
44,5,0,0,0,0,275,1.0,1.0,0.05,0.06,0.0,255,14,0.05,0.06,0.0,1.0,1.0,0.0,1,54173.0
11,9,45,75,0,0,220,0.0,0.0,1.0,0.0,0.0,255,233,0.91,0.01,0.0,0.0,0.0,0.0,0,118000.0
12,5,0,0,0,0,139,1.0,1.0,0.1,0.05,0.0,255,2,0.01,0.05,0.0,1.0,1.0,0.0,1,125479.0
53,5,0,0,0,0,229,1.0,1.0,0.0,0.07,0.0,255,1,0.0,0.08,0.0,1.0,1.0,0.0,1,35667.0
17,9,0,0,0,0,1,0.0,0.0,1.0,0.0,0.0,60,6,0.02,1.0,0.33,0.0,0.0,0.0,1,61771.0
11,9,46,69,0,0,190,0.0,0.0,1.0,0.0,0.0,255,255,1.0,0.0,0.0,0.0,0.0,0.0,0,81728.0
22,9,54540,8314,0,1,5,0.0,0.0,1.0,0.0,0.0,255,255,1.0,0.0,0.0,0.01,0.01,0.04,1,66994.0
58,9,78,0,0,0,52,0.0,0.0,0.23,0.04,0.0,255,28,0.11,0.01,0.0,0.0,0.0,0.0,0,7571.0
22,9,225,736,0,1,3,0.0,0.0,1.0,0.0,0.4,65,255,1.0,0.0,0.02,0.0,0.0,0.02,0,89287.0
22,9,340,586,0,1,4,0.0,0.0,1.0,0.0,0.4,97,255,1.0,0.0,0.04,0.0,0.0,0.0,0,46175.0
11,9,46,137,0,0,239,0.0,0.0,1.0,0.01,0.01,255,246,0.96,0.01,0.0,0.0,0.0,0.0,0,36831.0
22,9,250,8467,0,1,6,0.0,0.0,1.0,0.0,0.29,37,255,1.0,0.0,0.04,0.0,0.0,0.0,0,20659.0
59,5,0,0,0,0,140,1.0,1.0,0.11,0.05,0.0,255,16,0.06,0.05,0.0,1.0,1.0,0.0,1,12623.0
18,9,1453,4152,0,1,1,0.0,0.0,1.0,0.0,0.0,43,10,0.23,0.14,0.0,0.0,0.0,0.0,0,5070.0
22,9,249,337,0,1,1,0.0,0.0,1.0,0.0,0.0,255,255,1.0,0.0,0.0,0.0,0.0,0.0,0,80558.0
22,1,0,0,0,0,1,0.0,0.0,1.0,0.0,0.0,255,255,1.0,0.0,0.0,0.0,0.0,0.19,0,26171.0
19,9,7196,0,0,1,8,0.0,0.0,1.0,0.0,0.0,15,56,0.93,0.13,0.04,0.0,0.0,0.0,0,49670.0
22,9,322,1364,0,1,6,0.0,0.0,1.0,0.0,0.11,54,255,1.0,0.0,0.02,0.0,0.0,0.0,0,63460.0
22,9,212,2251,0,1,21,0.0,0.0,1.0,0.0,0.13,255,255,1.0,0.0,0.0,0.0,0.0,0.0,0,41145.0
11,9,30,0,0,0,1,0.0,0.0,1.0,0.0,1.0,3,1,0.33,0.67,0.0,0.0,0.0,0.0,0,71015.0
13,9,30,0,0,0,3,0.0,0.0,0.33,0.67,0.0,255,3,0.01,0.01,0.0,0.0,0.0,0.0,0,72324.0
49,9,1264,333,0,1,1,0.0,0.0,1.0,0.0,0.0,154,153,0.56,0.03,0.01,0.0,0.0,0.0,0,97642.0
50,5,0,0,0,0,114,1.0,1.0,0.11,0.07,0.0,255,13,0.05,0.07,0.0,1.0,1.0,0.0,1,86768.0
44,5,0,0,0,0,278,1.0,1.0,0.03,0.05,0.0,255,6,0.02,0.08,0.0,1.0,1.0,0.0,1,47220.0
44,4,1,0,0,0,2,0.0,0.0,1.0,0.0,0.0,255,2,0.01,0.75,0.0,0.0,0.0,1.0,1,104234.0
53,5,0,0,0,0,147,1.0,1.0,0.07,0.07,0.0,255,10,0.04,0.06,0.0,1.0,1.0,0.0,1,85136.0
22,9,285,1281,0,1,32,0.0,0.0,1.0,0.0,0.0,255,255,1.0,0.0,0.0,0.0,0.0,0.0,0,33461.0
40,9,516,4,0,0,494,0.0,0.0,1.0,0.0,0.0,255,255,1.0,0.0,0.0,0.0,0.0,0.0,0,29891.0
17,5,0,0,0,0,41,1.0,1.0,0.32,0.1,0.0,255,33,0.13,0.06,0.0,1.0,1.0,0.0,1,7855.0
13,9,18,0,0,0,1,0.0,0.0,1.0,0.0,0.0,1,194,1.0,0.0,1.0,0.0,0.0,0.0,1,31161.0
22,1,0,0,0,0,1,0.0,0.0,1.0,0.0,0.0,5,249,1.0,0.0,0.09,0.0,0.0,0.95,0,90973.0
22,9,212,416,0,1,1,0.0,0.0,1.0,0.0,0.0,20,255,1.0,0.0,0.04,0.1,0.01,0.0,0,35877.0
44,5,0,0,0,0,262,1.0,1.0,0.07,0.05,0.0,255,19,0.07,0.05,0.0,1.0,1.0,0.0,1,59567.0
35,9,6,0,0,0,511,0.07,0.0,0.0,1.0,0.0,255,1,0.0,1.0,0.0,0.07,0.0,0.0,1,7261.0
18,9,232,768,0,1,1,0.0,0.0,1.0,0.0,0.0,189,31,0.16,0.04,0.0,0.0,0.0,0.06,0,90701.0
22,5,0,0,0,0,294,1.0,1.0,0.05,0.06,0.0,255,12,0.05,0.07,0.0,1.0,1.0,0.0,1,113869.0
44,5,0,0,0,0,87,1.0,1.0,0.18,0.06,0.0,255,1,0.0,0.07,0.0,1.0,1.0,0.0,1,83165.0
44,5,0,0,0,0,204,1.0,1.0,0.05,0.07,0.0,255,10,0.04,0.07,0.0,1.0,1.0,0.0,1,74362.0
44,5,0,0,0,0,125,1.0,1.0,0.06,0.06,0.0,255,7,0.03,0.06,0.0,1.0,1.0,0.0,1,32429.0
22,9,235,2251,0,1,13,0.0,0.0,1.0,0.0,0.0,37,255,1.0,0.0,0.02,0.0,0.0,0.09,0,22213.0
44,9,1,0,0,0,2,0.0,0.0,1.0,0.0,0.0,255,2,0.01,1.0,0.0,0.03,0.0,0.0,1,59980.0
22,9,241,2565,0,1,10,0.0,0.0,1.0,0.0,0.0,255,255,1.0,0.0,0.0,0.0,0.0,0.0,0,65223.0
14,9,1032,0,0,0,151,0.0,0.0,1.0,0.0,0.0,185,91,0.49,0.04,0.0,0.01,0.0,0.0,1,60978.0
13,9,8,0,0,0,1,0.0,0.0,1.0,0.0,1.0,2,36,1.0,0.0,0.53,0.0,0.0,0.0,1,102900.0
44,5,0,0,0,0,91,1.0,1.0,0.12,0.05,0.0,255,11,0.04,0.07,0.0,1.0,1.0,0.0,1,117014.0
21,4,0,0,0,0,217,0.0,0.0,0.01,0.52,0.0,255,2,0.01,0.44,0.0,0.0,0.0,1.0,1,85910.0
19,9,11376,0,0,1,9,0.0,0.0,1.0,0.0,0.0,238,68,0.29,0.03,0.0,0.01,0.03,0.0,0,11486.0
40,9,147,105,0,0,1,0.0,0.0,1.0,0.0,0.0,255,1,0.0,0.66,0.0,0.0,0.0,0.0,0,103892.0
44,5,0,0,0,0,223,1.0,1.0,0.01,0.06,0.0,255,19,0.07,0.08,0.0,1.0,1.0,0.0,1,82444.0
10,5,0,0,0,0,235,1.0,1.0,0.08,0.07,0.0,255,20,0.08,0.08,0.0,1.0,1.0,0.0,1,4954.0
3,9,10,35,0,1,1,0.0,0.0,1.0,0.0,0.0,5,1,0.2,0.6,0.0,0.0,0.0,0.0,1,116754.0
11,9,43,125,0,0,35,0.0,0.0,1.0,0.0,0.01,93,200,0.84,0.02,0.01,0.0,0.0,0.0,0,18270.0
5,5,0,0,0,0,61,1.0,1.0,0.23,0.07,0.0,255,15,0.06,0.06,0.0,1.0,1.0,0.0,1,76612.0
54,5,0,0,0,0,280,1.0,1.0,0.07,0.05,0.0,255,10,0.04,0.07,0.0,1.0,1.0,0.0,1,26420.0
22,9,158,707,0,1,1,0.0,0.0,1.0,0.0,0.0,1,255,1.0,0.0,0.04,0.0,0.0,0.0,0,85315.0
22,9,54540,8314,0,1,3,0.0,0.0,1.0,0.0,0.0,209,209,1.0,0.0,0.0,0.0,0.0,0.05,1,45121.0
44,5,0,0,0,0,230,1.0,1.0,0.05,0.06,0.0,255,1,0.0,0.07,0.0,1.0,1.0,0.0,1,106030.0
11,9,45,111,0,0,80,0.0,0.0,1.0,0.0,0.01,255,255,1.0,0.0,0.0,0.0,0.0,0.0,0,100132.0
44,9,28,0,3,0,51,0.0,0.0,0.98,0.04,0.0,255,50,0.2,0.02,0.0,0.0,0.0,0.0,1,47269.0
44,4,0,0,0,0,1,0.0,0.0,1.0,0.0,0.0,201,1,0.0,0.51,0.0,0.0,0.0,1.0,1,55962.0
22,9,226,466,0,1,32,0.0,0.0,1.0,0.0,0.08,255,255,1.0,0.0,0.0,0.0,0.0,0.0,0,97234.0
22,9,333,2073,0,1,34,0.0,0.0,1.0,0.0,0.0,255,255,1.0,0.0,0.0,0.0,0.0,0.0,0,74902.0
10,5,0,0,0,0,204,1.0,1.0,0.08,0.06,0.0,255,17,0.07,0.06,0.0,1.0,1.0,0.0,1,55478.0
22,9,241,346,0,1,2,0.0,0.0,1.0,0.0,0.22,21,255,1.0,0.0,0.03,0.0,0.0,0.0,0,18571.0
19,9,334,0,0,1,1,0.0,0.0,1.0,0.0,0.0,5,16,1.0,0.0,0.12,0.0,0.0,0.0,1,60281.0
22,9,208,2181,0,1,5,0.0,0.0,1.0,0.0,0.3,5,255,1.0,0.0,0.02,0.0,0.0,0.0,0,4264.0
44,5,0,0,0,0,275,1.0,1.0,0.02,0.06,0.0,255,2,0.01,0.08,0.0,1.0,1.0,0.0,1,104287.0
11,9,46,46,0,0,78,0.0,0.0,1.0,0.0,0.01,255,249,0.98,0.01,0.0,0.0,0.0,0.0,0,93550.0
40,9,145,105,0,0,1,0.0,0.0,1.0,0.0,0.0,255,1,0.0,0.62,0.0,0.0,0.0,0.0,0,66821.0
24,1,0,0,0,0,229,0.0,0.0,0.0,0.07,0.0,255,1,0.0,0.08,0.0,0.0,0.0,1.0,1,91586.0
26,5,0,0,0,0,148,1.0,1.0,0.08,0.05,0.0,255,12,0.05,0.06,0.0,1.0,1.0,0.0,1,98917.0
22,1,0,0,0,0,1,0.0,0.0,1.0,0.0,0.0,1,192,1.0,0.0,0.17,0.0,0.0,1.0,0,58879.0
14,9,520,0,0,0,225,0.0,0.0,1.0,0.0,0.0,255,255,1.0,0.0,0.0,0.0,0.0,0.0,1,89179.0
44,9,105,147,0,0,7,0.0,0.0,0.14,0.29,0.0,255,230,0.9,0.01,0.0,0.0,0.0,0.0,0,74099.0
22,1,0,0,0,0,1,0.0,0.0,1.0,0.0,0.0,219,181,0.83,0.02,0.0,0.0,0.0,1.0,0,52072.0
13,9,8,0,0,0,1,0.0,0.0,1.0,0.0,1.0,1,255,1.0,0.0,0.5,0.0,0.0,0.0,1,102949.0
22,9,219,1283,0,1,8,0.0,0.0,1.0,0.0,0.07,44,255,1.0,0.0,0.02,0.0,0.0,0.0,0,24805.0
44,4,0,0,0,0,1,0.0,0.0,1.0,0.0,0.0,255,1,0.0,0.57,0.0,0.0,0.0,1.0,1,70266.0
19,9,2194619,0,0,1,2,0.0,0.0,1.0,0.0,0.0,200,78,0.39,0.05,0.0,0.0,0.01,0.0,0,32521.0
38,5,0,0,0,0,298,1.0,1.0,0.03,0.05,0.0,255,4,0.02,0.07,0.0,1.0,1.0,0.0,1,43967.0
44,5,0,0,0,0,16,1.0,1.0,0.5,0.19,0.0,255,17,0.07,0.07,0.0,1.0,1.0,0.0,1,54886.0
22,9,247,700,0,1,21,0.0,0.0,1.0,0.0,0.0,255,255,1.0,0.0,0.0,0.0,0.0,0.0,0,107334.0
19,9,12983,0,0,0,3,0.0,0.0,0.67,0.67,0.0,36,75,0.47,0.11,0.03,0.0,0.0,0.0,0,43025.0
22,9,283,9533,0,1,1,0.0,0.0,1.0,0.0,1.0,43,255,1.0,0.0,0.03,0.0,0.0,0.0,0,80903.0
29,1,0,0,0,0,250,0.0,0.0,0.04,0.07,0.0,255,10,0.04,0.08,0.0,0.0,0.0,1.0,1,119231.0
23,5,0,0,0,0,125,1.0,1.0,0.01,0.07,0.0,255,1,0.0,0.06,0.0,1.0,1.0,0.0,1,33782.0
22,9,141,9920,0,1,1,0.0,0.0,1.0,0.0,0.0,60,97,1.0,0.0,0.02,0.0,0.0,0.0,0,73884.0
16,5,0,0,0,0,144,1.0,1.0,0.13,0.06,0.0,255,19,0.07,0.07,0.0,1.0,1.0,0.0,1,120250.0
14,9,1032,0,0,0,67,0.0,0.0,1.0,0.0,0.0,255,67,0.26,0.02,0.0,0.0,0.0,0.0,1,81262.0
22,9,215,597,0,1,29,0.0,0.0,1.0,0.0,0.04,29,255,1.0,0.0,0.02,0.0,0.0,0.0,0,2530.0
22,9,178,12521,0,1,3,0.0,0.0,1.0,0.0,0.0,3,255,1.0,0.0,0.07,0.0,0.0,0.0,0,81723.0
22,9,349,1437,0,1,12,0.0,0.0,1.0,0.0,0.0,29,255,1.0,0.0,0.04,0.0,0.0,0.0,0,121902.0
44,9,28,0,3,0,58,0.0,0.0,1.0,0.0,0.0,255,58,0.23,0.64,0.0,0.01,0.0,0.0,1,28943.0
55,5,0,0,0,0,39,1.0,1.0,0.26,0.1,0.0,255,62,0.24,0.02,0.0,1.0,1.0,0.0,1,57017.0
10,5,0,0,0,0,242,1.0,1.0,0.02,0.07,0.0,255,5,0.02,0.07,0.0,1.0,1.0,0.0,1,82546.0
11,9,45,136,0,0,75,0.0,0.0,1.0,0.0,0.01,255,254,1.0,0.01,0.0,0.0,0.0,0.0,0,17271.0
23,5,0,0,0,0,90,0.99,1.0,0.02,0.09,0.0,255,2,0.01,0.06,0.0,1.0,1.0,0.0,1,97267.0
23,5,0,0,0,0,113,0.99,1.0,0.17,0.07,0.0,255,19,0.07,0.06,0.0,1.0,1.0,0.0,1,13716.0
19,9,334,0,0,1,1,0.0,0.0,1.0,0.0,0.0,3,10,1.0,0.0,0.2,0.0,0.0,0.1,1,116824.0
22,9,206,8773,0,1,15,0.0,0.0,1.0,0.0,0.0,104,255,1.0,0.0,0.04,0.0,0.0,0.0,0,95343.0
44,9,28,0,3,0,21,0.0,0.0,1.0,0.0,0.0,224,21,0.09,0.05,0.0,0.02,0.0,0.0,1,62283.0
13,9,8,0,0,0,1,0.0,0.0,1.0,0.0,1.0,3,179,1.0,0.0,0.25,0.0,0.0,0.0,1,24292.0
37,5,0,0,0,0,130,1.0,1.0,0.04,0.06,0.0,255,5,0.02,0.05,0.0,1.0,1.0,0.0,1,116782.0
6,5,0,0,0,0,285,1.0,1.0,0.04,0.06,0.0,255,11,0.04,0.05,0.0,1.0,1.0,0.0,1,36676.0
44,5,0,0,0,0,147,1.0,1.0,0.04,0.06,0.0,255,4,0.02,0.06,0.0,1.0,1.0,0.0,1,63999.0
44,5,0,0,0,0,135,1.0,1.0,0.02,0.06,0.0,255,2,0.01,0.07,0.0,1.0,1.0,0.0,1,91366.0
6,5,0,0,0,0,275,1.0,1.0,0.05,0.06,0.0,255,15,0.06,0.09,0.0,1.0,1.0,0.0,1,454.0
49,9,3170,328,0,1,1,0.0,0.0,1.0,0.0,1.0,254,187,0.74,0.02,0.0,0.0,0.0,0.0,0,90984.0
22,9,304,1380,0,1,1,0.0,0.0,1.0,0.0,0.29,13,12,0.92,0.15,0.0,0.0,0.0,0.0,0,61111.0
22,9,361,1264,0,1,1,0.0,0.0,1.0,0.0,0.0,1,255,1.0,0.0,0.02,0.0,0.0,0.0,0,19433.0
40,9,146,105,0,0,1,0.0,0.0,1.0,0.0,0.0,255,1,0.0,0.86,0.0,0.0,0.0,0.0,0,26712.0
38,5,0,0,0,0,242,1.0,1.0,0.02,0.07,0.0,255,5,0.02,0.08,0.0,1.0,1.0,0.0,1,75233.0
19,9,1363,0,0,1,11,0.0,0.0,1.0,0.0,0.17,31,56,0.55,0.1,0.05,0.0,0.0,0.0,0,19033.0
33,5,0,0,0,0,242,1.0,1.0,0.08,0.07,0.0,255,20,0.08,0.07,0.0,1.0,1.0,0.0,1,34475.0
2,1,0,0,0,0,270,0.0,0.0,0.03,0.06,0.0,255,7,0.03,0.07,0.0,0.0,0.0,1.0,1,108038.0
11,9,45,79,0,0,137,0.0,0.0,1.0,0.0,0.02,255,226,0.89,0.01,0.0,0.0,0.0,0.0,0,107562.0
11,9,29,89,0,0,1,0.0,0.0,1.0,0.0,1.0,255,249,0.98,0.01,0.0,0.0,0.0,0.0,0,34358.0
44,5,0,0,0,0,240,1.0,1.0,0.08,0.05,0.0,255,2,0.01,0.08,0.0,1.0,1.0,0.0,1,89341.0
13,9,18,0,0,0,1,0.0,0.0,1.0,0.0,1.0,1,254,1.0,0.0,1.0,0.0,0.0,0.0,1,54601.0
55,5,0,0,0,0,2,1.0,1.0,1.0,0.0,0.0,124,64,0.52,0.02,0.0,0.98,0.97,0.0,0,25126.0
13,9,8,0,0,0,1,0.0,0.0,1.0,0.0,1.0,1,75,1.0,0.0,0.51,0.0,0.0,0.0,1,88159.0
59,5,0,0,0,0,119,1.0,1.0,0.08,0.06,0.0,255,9,0.04,0.07,0.0,1.0,1.0,0.0,1,76402.0
44,1,0,0,0,0,168,0.0,0.0,0.09,0.07,0.0,255,15,0.06,0.08,0.0,0.0,0.0,1.0,1,117808.0
11,9,44,130,0,0,80,0.0,0.0,0.99,0.03,0.01,255,202,0.79,0.02,0.0,0.0,0.0,0.0,0,65391.0
44,5,0,0,0,0,150,1.0,1.0,0.1,0.05,0.0,255,8,0.03,0.06,0.0,1.0,1.0,0.0,1,110482.0
8,5,0,0,0,0,148,1.0,1.0,0.07,0.05,0.0,255,1,0.0,0.07,0.0,1.0,1.0,0.0,1,69334.0
22,9,284,1108,0,1,3,0.0,0.0,1.0,0.0,0.29,163,255,1.0,0.0,0.02,0.0,0.0,0.0,0,10266.0
22,9,285,671,0,1,9,0.0,0.0,1.0,0.0,0.0,113,255,1.0,0.0,0.02,0.0,0.0,0.0,0,41755.0
17,5,0,0,0,0,223,1.0,1.0,0.03,0.06,0.0,255,7,0.03,0.06,0.0,1.0,1.0,0.0,1,88840.0
58,9,181,0,0,0,3,0.0,0.0,0.67,0.67,0.0,255,93,0.36,0.01,0.0,0.0,0.0,0.0,0,72.0
22,9,213,1598,0,1,14,0.07,0.07,1.0,0.0,0.0,122,255,1.0,0.0,0.02,0.01,0.01,0.0,0,93977.0
44,5,0,0,0,0,247,1.0,1.0,0.0,0.06,0.0,255,2,0.01,0.06,0.0,1.0,1.0,0.0,1,83498.0
22,9,230,1385,0,1,5,0.2,0.2,1.0,0.0,0.0,255,255,1.0,0.0,0.0,0.0,0.0,0.0,0,99370.0
44,5,0,0,0,0,217,1.0,1.0,0.01,0.06,0.0,255,4,0.02,0.07,0.0,1.0,1.0,0.0,1,57530.0
44,1,0,0,0,0,4,0.0,0.0,0.25,1.0,0.0,122,1,0.01,0.15,0.0,0.0,0.0,1.0,1,101377.0
22,1,0,0,0,0,1,0.0,0.0,1.0,0.0,1.0,16,254,1.0,0.0,0.22,0.0,0.01,0.91,0,42994.0
40,9,35195,0,0,1,24,0.04,0.0,0.04,0.46,0.0,176,1,0.01,0.08,0.0,0.01,0.0,0.0,0,18163.0
22,9,288,1865,0,1,11,0.0,0.0,1.0,0.0,0.0,255,255,1.0,0.0,0.0,0.0,0.0,0.0,0,65903.0
11,9,42,92,0,0,1,0.0,0.0,1.0,0.0,0.0,19,194,1.0,0.0,0.01,0.0,0.0,0.0,0,22255.0
13,9,8,0,0,0,1,0.0,0.0,1.0,0.0,1.0,2,67,1.0,0.0,0.51,0.0,0.0,0.0,1,47360.0
13,9,8,0,0,0,1,0.0,0.0,1.0,0.0,1.0,2,81,1.0,0.0,0.51,0.0,0.0,0.0,1,64620.0
13,9,8,0,0,0,1,0.0,0.0,1.0,0.0,1.0,1,127,1.0,0.0,0.5,0.0,0.0,0.0,1,60656.0
49,9,1337,490,0,1,1,0.0,0.0,1.0,0.0,1.0,78,185,0.71,0.05,0.01,0.0,0.01,0.0,0,50647.0
22,9,363,2690,0,1,1,0.0,0.0,1.0,0.0,0.0,12,255,1.0,0.0,0.1,0.0,0.0,0.0,0,20516.0
22,9,220,308,0,1,12,0.0,0.0,1.0,0.0,0.15,70,255,1.0,0.0,0.02,0.0,0.0,0.0,0,113435.0
14,9,520,0,0,0,449,0.0,0.0,1.0,0.0,0.0,28,28,1.0,0.0,0.0,0.0,0.0,0.0,1,45346.0
44,1,0,0,0,0,120,0.01,0.0,0.01,1.0,0.0,245,1,0.0,0.52,0.0,0.0,0.0,1.0,1,1203.0
44,5,0,0,0,0,240,1.0,1.0,0.05,0.06,0.0,255,13,0.05,0.07,0.0,1.0,1.0,0.0,1,75166.0
49,9,920,334,0,1,1,0.0,0.0,1.0,0.0,0.0,95,191,0.66,0.05,0.01,0.0,0.0,0.0,0,33597.0
22,9,223,1227,0,1,5,0.2,0.2,1.0,0.0,0.0,226,226,1.0,0.0,0.0,0.01,0.01,0.0,0,91238.0
22,9,235,406,0,1,6,0.0,0.0,1.0,0.0,0.0,255,255,1.0,0.0,0.0,0.0,0.0,0.0,0,92367.0
22,9,268,282,0,1,11,0.0,0.0,1.0,0.0,0.0,255,233,0.91,0.02,0.0,0.01,0.01,0.0,0,124676.0
22,5,0,0,0,0,262,1.0,1.0,0.06,0.06,0.0,255,17,0.07,0.08,0.0,1.0,1.0,0.0,1,15367.0
40,9,516,4,0,0,272,0.0,0.0,1.0,0.0,0.0,255,255,1.0,0.0,0.0,0.0,0.0,0.0,0,59643.0
22,1,0,0,0,0,15,0.0,0.0,1.0,0.0,0.0,15,255,1.0,0.0,0.01,0.0,0.0,0.05,0,56715.0
40,1,0,0,0,0,509,0.23,0.0,0.0,1.0,0.0,255,1,0.0,1.0,0.0,0.19,0.0,1.0,1,120936.0
49,9,792,334,0,1,1,0.0,0.0,1.0,0.0,0.0,4,134,0.5,0.5,0.01,0.0,0.0,0.0,0,56713.0
14,9,520,0,0,0,45,0.0,0.0,1.0,0.0,0.0,255,255,1.0,0.0,0.0,0.0,0.0,0.0,1,96272.0
22,9,216,426,0,1,19,0.0,0.0,1.0,0.0,0.0,255,255,1.0,0.0,0.0,0.0,0.0,0.0,0,106766.0
22,6,306,89060,0,1,1,1.0,1.0,1.0,0.0,0.0,81,255,1.0,0.0,0.03,0.01,0.01,0.0,0,112600.0
56,5,0,0,0,0,2,0.5,0.5,1.0,0.0,0.0,19,19,1.0,0.0,0.0,0.16,0.16,0.0,0,73958.0
22,9,197,27919,0,1,7,0.0,0.0,1.0,0.0,0.0,164,255,1.0,0.0,0.02,0.0,0.0,0.0,0,23929.0
22,9,225,1709,0,1,2,0.0,0.0,1.0,0.0,0.0,112,255,1.0,0.0,0.02,0.0,0.0,0.0,0,111740.0
49,9,944,329,0,1,1,0.0,0.0,1.0,0.0,0.0,235,95,0.35,0.03,0.02,0.01,0.02,0.0,0,69467.0
13,9,8,0,0,0,1,0.0,0.0,1.0,0.0,1.0,3,119,1.0,0.0,0.25,0.0,0.0,0.0,1,119969.0
40,9,147,105,0,0,1,0.0,0.0,1.0,0.0,0.0,255,1,0.0,0.76,0.0,0.0,0.0,0.0,0,114136.0
19,9,7045,0,0,1,2,0.0,0.0,1.0,0.0,0.0,6,17,1.0,0.0,0.12,0.0,0.0,0.0,1,100421.0
22,9,281,1745,0,1,2,0.0,0.0,1.0,0.0,0.0,39,255,1.0,0.0,0.07,0.0,0.0,0.0,0,545.0
49,9,688,324,0,1,1,0.0,0.0,1.0,0.0,0.0,45,195,0.84,0.07,0.02,0.0,0.0,0.06,0,56831.0
22,9,328,868,0,1,7,0.0,0.0,1.0,0.0,0.33,255,255,1.0,0.0,0.0,0.0,0.0,0.0,0,98811.0
28,5,0,0,0,0,137,1.0,1.0,0.14,0.05,0.0,255,3,0.01,0.07,0.0,1.0,1.0,0.0,1,43504.0
29,5,0,0,0,0,272,1.0,1.0,0.07,0.06,0.0,255,20,0.08,0.07,0.0,1.0,1.0,0.0,1,91996.0
20,5,0,0,0,0,214,1.0,1.0,0.08,0.06,0.0,255,19,0.07,0.07,0.0,1.0,1.0,0.0,1,124246.0
22,9,218,35811,0,1,5,0.0,0.0,1.0,0.0,0.0,255,255,1.0,0.0,0.0,0.0,0.0,0.0,0,29989.0
22,9,251,11485,0,1,25,0.0,0.0,1.0,0.0,0.0,255,255,1.0,0.0,0.0,0.0,0.0,0.0,0,37778.0
22,9,233,297,0,1,5,0.0,0.0,1.0,0.0,0.0,82,255,1.0,0.0,0.02,0.0,0.0,0.0,0,72136.0
22,9,261,5759,0,1,1,0.0,0.0,1.0,0.0,0.0,255,249,0.98,0.01,0.0,0.0,0.0,0.0,0,94294.0
22,9,324,1187,0,1,21,0.0,0.0,1.0,0.0,0.09,255,255,1.0,0.0,0.0,0.0,0.0,0.0,0,39402.0
22,9,311,1151,0,1,55,0.0,0.0,1.0,0.0,0.0,148,255,1.0,0.0,0.02,0.0,0.0,0.0,0,36229.0
22,9,243,12922,0,1,12,0.08,0.08,1.0,0.0,0.0,255,255,1.0,0.0,0.0,0.0,0.0,0.0,0,51754.0
44,5,0,0,0,0,221,1.0,1.0,0.02,0.06,0.0,255,2,0.01,0.08,0.0,1.0,1.0,0.0,1,15269.0
12,2,0,0,0,0,2,0.0,0.0,0.5,1.0,0.0,255,1,0.0,1.0,0.0,0.0,0.0,1.0,1,64854.0
44,5,0,0,0,0,97,1.0,1.0,0.18,0.06,0.0,255,17,0.07,0.05,0.0,1.0,1.0,0.0,1,95328.0
22,9,221,311,0,1,8,0.0,0.0,1.0,0.0,0.21,98,255,1.0,0.0,0.04,0.0,0.0,0.0,0,74578.0
19,5,0,0,0,0,27,0.96,1.0,0.22,0.11,0.0,255,11,0.04,0.06,0.0,1.0,1.0,0.0,1,61741.0
44,5,0,0,0,0,183,1.0,1.0,0.06,0.07,0.0,255,1,0.0,0.07,0.0,1.0,1.0,0.0,1,22603.0
2,5,0,0,0,0,259,1.0,1.0,0.03,0.06,0.0,255,12,0.05,0.07,0.0,1.0,1.0,0.0,1,96094.0
22,9,245,2096,0,1,7,0.0,0.0,1.0,0.0,0.29,255,255,1.0,0.0,0.0,0.0,0.0,0.0,0,110792.0
18,2,0,0,0,0,272,0.0,0.0,0.05,0.06,0.0,255,14,0.05,0.06,0.0,0.0,0.0,1.0,1,7121.0
22,9,308,1412,0,1,4,0.0,0.0,1.0,0.0,0.0,191,255,1.0,0.0,0.03,0.0,0.0,0.0,0,14861.0
44,9,105,147,0,0,10,0.0,0.0,0.1,0.2,0.0,255,234,0.92,0.01,0.0,0.0,0.0,0.0,0,92196.0
22,9,204,56215,0,1,2,0.0,0.0,1.0,0.0,0.03,26,255,1.0,0.0,0.04,0.0,0.0,0.0,0,113761.0
22,9,259,414,0,1,1,0.0,0.0,1.0,0.0,0.0,7,255,1.0,0.0,0.06,0.0,0.0,0.0,0,114251.0
21,5,0,0,0,0,282,1.0,1.0,0.07,0.05,0.0,255,20,0.08,0.05,0.0,1.0,1.0,0.0,1,87559.0
22,9,165,17500,0,1,1,0.0,0.0,1.0,0.0,0.0,255,255,1.0,0.0,0.0,0.0,0.0,0.0,0,99157.0
37,5,0,0,0,0,128,1.0,1.0,0.16,0.05,0.0,255,20,0.08,0.07,0.0,1.0,1.0,0.0,1,112884.0
49,9,1049,325,0,1,1,0.0,0.0,1.0,0.0,0.0,108,73,0.68,0.03,0.0,0.0,0.0,0.0,0,54803.0
22,5,0,0,0,0,29,1.0,1.0,0.34,0.14,0.0,255,67,0.26,0.02,0.0,1.0,1.0,0.0,1,120587.0
22,9,248,6356,0,1,7,0.0,0.0,1.0,0.0,0.0,255,255,1.0,0.0,0.0,0.0,0.0,0.0,0,15380.0
24,1,0,0,0,0,244,0.0,0.0,0.07,0.06,0.0,255,18,0.07,0.07,0.0,0.0,0.0,1.0,1,21342.0
56,5,0,0,0,0,201,1.0,1.0,0.0,0.06,0.0,255,6,0.02,0.08,0.0,1.0,1.0,0.0,1,18187.0
22,9,236,734,0,1,21,0.0,0.0,1.0,0.0,0.0,86,136,1.0,0.0,0.05,0.0,0.0,0.0,0,60355.0
17,5,0,0,0,0,60,1.0,1.0,0.27,0.07,0.0,255,60,0.24,0.02,0.0,1.0,1.0,0.0,1,94759.0
11,9,42,42,0,0,2,0.0,0.0,1.0,0.0,0.67,41,38,0.93,0.07,0.0,0.0,0.0,0.0,0,13465.0
22,9,323,3411,0,1,13,0.0,0.0,1.0,0.0,0.18,70,255,1.0,0.0,0.05,0.0,0.0,0.0,0,49870.0
17,9,10,224,0,0,1,0.0,0.0,1.0,0.0,0.0,152,6,0.04,0.02,0.0,0.0,0.0,0.0,0,108095.0
22,9,233,1075,0,1,4,0.25,0.25,1.0,0.0,0.0,255,248,0.97,0.01,0.0,0.0,0.0,0.0,0,63737.0
55,5,0,0,0,0,231,1.0,1.0,0.01,0.06,0.0,255,3,0.01,0.07,0.0,1.0,1.0,0.0,1,64166.0
37,5,0,0,0,0,130,1.0,1.0,0.14,0.05,0.0,255,3,0.01,0.07,0.0,1.0,1.0,0.0,1,116678.0
14,9,1032,0,0,0,511,0.0,0.0,1.0,0.0,0.0,255,158,0.62,0.02,0.0,0.01,0.0,0.0,1,85015.0
49,9,1364,334,0,1,1,0.0,0.0,1.0,0.0,0.0,127,145,0.5,0.03,0.01,0.0,0.0,0.0,0,17697.0
40,9,35195,0,0,1,19,0.05,0.0,0.05,0.32,0.0,237,1,0.0,0.05,0.0,0.02,0.0,0.0,0,6131.0
52,5,0,0,0,0,19,1.0,1.0,0.47,0.16,0.0,255,9,0.04,0.08,0.0,1.0,1.0,0.0,1,41682.0
22,9,221,863,0,1,5,0.0,0.0,1.0,0.0,0.18,5,255,1.0,0.0,0.01,0.0,0.0,0.0,0,58845.0
22,9,206,771,0,1,9,0.0,0.0,1.0,0.0,0.2,255,255,1.0,0.0,0.0,0.0,0.0,0.0,0,105759.0
22,9,201,1570,0,1,12,0.0,0.0,1.0,0.0,0.0,85,85,1.0,0.0,0.0,0.0,0.0,0.0,0,13695.0
44,5,0,0,0,0,244,1.0,1.0,0.09,0.05,0.0,105,22,0.21,0.1,0.0,0.87,1.0,0.0,1,5920.0
21,1,0,0,0,0,250,0.0,0.0,0.01,0.07,0.0,255,3,0.01,0.09,0.0,0.0,0.0,1.0,1,96052.0
22,9,224,279,0,1,2,0.0,0.0,1.0,0.0,0.44,150,255,1.0,0.0,0.04,0.0,0.0,0.0,0,19713.0
26,5,0,0,0,0,137,1.0,1.0,0.12,0.06,0.0,255,16,0.06,0.06,0.0,1.0,1.0,0.0,1,7891.0
14,9,1032,0,0,0,511,0.0,0.0,1.0,0.0,0.0,255,107,0.42,0.19,0.0,0.0,0.0,0.0,1,46860.0
40,9,516,4,0,0,144,0.0,0.0,1.0,0.0,0.0,144,144,1.0,0.0,0.0,0.0,0.0,0.0,0,29011.0
40,9,6601,0,0,1,19,0.05,0.0,0.05,0.26,0.0,201,1,0.0,0.1,0.0,0.02,0.0,0.0,0,99815.0
22,9,202,693,0,1,7,0.0,0.0,1.0,0.0,0.0,7,255,1.0,0.0,0.05,0.0,0.0,0.0,0,35141.0
11,9,43,69,0,0,133,0.0,0.0,1.0,0.0,0.0,255,182,0.71,0.01,0.0,0.0,0.0,0.0,0,16396.0
22,9,306,1072,0,1,6,0.0,0.04,1.0,0.0,0.28,255,255,1.0,0.0,0.0,0.0,0.0,0.0,0,4411.0
22,9,288,352,0,1,14,0.0,0.0,1.0,0.0,0.0,14,255,1.0,0.0,0.03,0.0,0.0,0.0,0,89374.0
44,4,1,0,0,0,2,0.0,0.0,1.0,0.0,0.0,255,2,0.01,0.74,0.0,0.0,0.0,1.0,1,23275.0
22,9,305,260,0,1,1,0.0,0.0,1.0,0.0,0.0,255,249,0.98,0.01,0.0,0.0,0.0,0.04,0,59851.0
17,5,0,0,0,0,287,1.0,1.0,0.07,0.05,0.0,255,19,0.07,0.05,0.0,1.0,1.0,0.0,1,22487.0
9,5,0,0,0,0,216,1.0,1.0,0.08,0.06,0.0,255,18,0.07,0.07,0.0,1.0,1.0,0.0,1,123652.0
59,5,0,0,0,0,68,1.0,1.0,0.25,0.06,0.0,255,17,0.07,0.04,0.0,1.0,1.0,0.0,1,110170.0
11,9,46,46,0,0,239,0.0,0.0,1.0,0.0,0.0,255,255,1.0,0.0,0.0,0.0,0.0,0.0,0,86466.0
34,4,0,0,0,0,1,0.0,0.0,1.0,0.0,0.0,255,1,0.0,0.5,0.0,0.0,0.0,1.0,1,37101.0
19,9,1690,0,0,1,6,0.0,0.0,1.0,0.0,0.0,63,12,0.19,0.1,0.0,0.0,0.0,0.0,0,121886.0
22,1,0,0,0,0,1,0.0,0.0,1.0,0.0,0.0,5,247,1.0,0.0,0.01,0.0,0.0,0.03,0,43051.0
12,5,0,0,0,0,196,1.0,1.0,0.03,0.07,0.0,255,8,0.03,0.08,0.0,1.0,1.0,0.0,1,55563.0
22,9,236,2698,0,1,2,0.0,0.0,1.0,0.0,0.0,255,245,0.96,0.02,0.0,0.0,0.0,0.0,0,28828.0
13,9,8,0,0,0,1,0.0,0.0,1.0,0.0,1.0,2,10,1.0,0.0,0.5,0.0,0.0,0.0,1,20225.0
44,5,0,0,0,0,134,1.0,1.0,0.12,0.07,0.0,255,17,0.07,0.06,0.0,1.0,1.0,0.0,1,775.0
11,9,35,100,0,0,2,0.0,0.0,1.0,0.0,0.67,83,62,0.75,0.05,0.0,0.0,0.0,0.0,0,122425.0
49,9,1192,328,0,1,5,0.0,0.0,0.2,0.6,0.67,255,36,0.14,0.48,0.0,0.0,0.0,0.0,0,102276.0
22,9,359,8046,0,1,10,0.0,0.0,1.0,0.0,0.0,199,255,1.0,0.0,0.01,0.0,0.0,0.0,0,70957.0
44,1,0,0,0,0,62,0.0,0.0,0.1,0.1,0.0,255,6,0.02,0.07,0.0,0.0,0.0,1.0,1,101274.0
3,5,0,0,0,0,252,1.0,1.0,0.04,0.07,0.0,255,10,0.04,0.07,0.0,1.0,1.0,0.0,1,45909.0
19,9,192,0,0,1,2,0.0,0.0,1.0,0.0,0.67,32,10,0.12,0.09,0.2,0.0,0.0,0.0,0,51653.0
8,2,0,0,0,0,219,0.0,0.0,0.03,0.07,0.0,255,7,0.03,0.07,0.0,0.0,0.0,1.0,1,122181.0
20,5,0,0,0,0,125,1.0,1.0,0.15,0.06,0.0,255,18,0.07,0.07,0.0,1.0,1.0,0.0,1,118542.0
62,1,0,0,0,0,276,0.0,0.0,0.04,0.06,0.0,255,10,0.04,0.07,0.0,0.0,0.0,1.0,1,88968.0
22,9,181,470,0,1,3,0.0,0.0,1.0,0.0,0.5,36,255,1.0,0.0,0.03,0.0,0.0,0.0,0,64720.0
22,9,292,1060,0,1,23,0.0,0.0,1.0,0.0,0.0,54,255,1.0,0.0,0.01,0.0,0.0,0.0,0,57316.0
24,5,0,0,0,0,234,1.0,1.0,0.02,0.06,0.0,255,5,0.02,0.07,0.0,1.0,1.0,0.0,1,72633.0
44,5,0,0,0,0,138,1.0,1.0,0.13,0.05,0.0,255,2,0.01,0.08,0.0,1.0,1.0,0.0,1,40625.0
44,5,0,0,0,0,191,1.0,1.0,0.03,0.06,0.0,255,20,0.08,0.07,0.0,1.0,1.0,0.0,1,94662.0
40,1,0,0,0,0,511,0.21,0.0,0.0,1.0,0.0,255,1,0.0,1.0,0.0,0.29,0.0,1.0,1,79982.0
40,1,0,0,0,0,511,0.2,0.0,0.0,1.0,0.0,255,1,0.0,1.0,0.0,0.27,0.0,1.0,1,118972.0
34,10,0,0,0,0,1,1.0,1.0,1.0,0.0,0.0,255,1,0.0,1.0,0.0,1.0,1.0,0.0,1,1740.0
22,9,331,9207,0,1,1,0.0,0.0,1.0,0.0,0.0,25,85,1.0,0.0,0.05,0.0,0.0,0.0,0,3954.0
40,1,0,0,0,0,508,0.09,0.0,0.0,1.0,0.0,255,1,0.0,1.0,0.0,0.08,0.0,1.0,1,86397.0
19,9,2194619,0,0,1,2,0.0,0.0,1.0,0.0,0.0,135,86,0.18,0.02,0.02,0.0,0.0,0.0,0,46522.0
40,9,146,105,0,0,1,0.0,0.0,1.0,0.0,0.0,255,1,0.0,0.79,0.0,0.0,0.0,0.0,0,116433.0
22,1,0,0,0,0,250,0.0,0.0,0.01,0.07,0.0,255,2,0.01,0.07,0.0,0.0,0.0,1.0,1,16907.0
35,5,0,0,0,0,286,1.0,1.0,0.05,0.06,0.0,255,6,0.02,0.07,0.0,1.0,1.0,0.0,1,58570.0
11,9,44,113,0,0,1,0.0,0.0,1.0,0.0,1.0,206,187,0.91,0.01,0.0,0.0,0.0,0.0,0,92884.0
21,5,0,0,0,0,292,1.0,1.0,0.02,0.06,0.0,255,5,0.02,0.07,0.0,1.0,1.0,0.0,1,23567.0
40,4,1,0,0,0,2,0.0,0.0,1.0,0.0,0.0,255,2,0.01,0.68,0.0,0.0,0.0,1.0,1,115639.0
14,9,1032,0,0,0,509,0.0,0.0,1.0,0.0,0.0,255,165,0.65,0.16,0.0,0.0,0.0,0.0,1,20831.0
19,5,0,0,0,0,78,1.0,1.0,0.26,0.05,0.0,255,69,0.27,0.02,0.0,1.0,1.0,0.0,1,13563.0
44,9,28,0,3,0,54,0.0,0.0,1.0,0.0,0.0,126,54,0.43,0.03,0.0,0.0,0.0,0.0,1,56612.0
22,5,0,0,0,0,1,1.0,1.0,1.0,0.0,0.0,255,62,0.24,0.02,0.0,1.0,1.0,0.0,1,62134.0
3,9,14,41,0,1,1,0.0,0.0,1.0,0.0,0.0,82,2,0.01,0.06,1.0,0.0,0.0,0.0,0,80732.0
19,9,252,0,0,1,1,0.0,0.0,1.0,0.0,0.0,18,95,0.61,0.11,0.02,0.0,0.0,0.0,0,3006.0
56,5,0,0,0,0,107,1.0,1.0,0.07,0.06,0.0,255,9,0.04,0.07,0.0,1.0,1.0,0.0,1,7166.0
9,5,0,0,0,0,290,1.0,1.0,0.09,0.05,0.0,255,25,0.1,0.05,0.0,1.0,1.0,0.0,1,1781.0
13,9,18,0,0,0,1,0.0,0.0,1.0,0.0,0.0,1,225,1.0,0.0,0.25,0.0,0.0,0.0,1,570.0
44,5,0,0,0,0,280,1.0,1.0,0.06,0.06,0.0,255,19,0.07,0.06,0.0,1.0,1.0,0.0,1,66336.0
22,1,0,0,0,0,1,0.0,0.0,1.0,0.0,1.0,29,255,1.0,0.0,0.13,0.0,0.0,0.99,0,23414.0
19,9,3775,0,0,1,24,0.0,0.0,1.0,0.0,0.0,255,69,0.27,0.03,0.0,0.0,0.0,0.0,0,124390.0
22,9,236,696,0,1,27,0.0,0.0,1.0,0.0,0.0,73,255,1.0,0.0,0.02,0.0,0.04,0.0,0,35608.0
49,2,0,0,0,0,205,0.0,0.0,0.01,0.07,0.0,255,2,0.01,0.08,0.0,0.0,0.0,1.0,1,80367.0
5,5,0,0,0,0,126,1.0,1.0,0.04,0.05,0.0,255,5,0.02,0.05,0.0,1.0,1.0,0.0,1,67997.0
22,9,351,2999,0,1,1,0.0,0.0,1.0,0.0,0.25,27,255,1.0,0.0,0.04,0.0,0.0,0.0,0,75471.0
5,1,0,0,0,0,149,0.0,0.0,0.13,0.05,0.0,255,19,0.07,0.06,0.0,0.0,0.0,1.0,1,52084.0
22,9,226,150,0,1,1,0.0,0.0,1.0,0.0,0.0,255,255,1.0,0.0,0.0,0.0,0.0,0.0,0,55825.0
11,9,44,74,0,0,70,0.0,0.0,1.0,0.0,0.01,255,254,1.0,0.01,0.0,0.0,0.0,0.0,0,62068.0
44,5,0,0,0,0,148,1.0,1.0,0.1,0.07,0.0,255,15,0.06,0.08,0.0,1.0,1.0,0.0,1,66157.0
11,9,44,80,0,0,184,0.0,0.0,1.0,0.0,0.0,255,254,1.0,0.01,0.0,0.0,0.0,0.0,0,26122.0
22,9,237,9308,0,1,1,0.0,0.0,1.0,0.0,0.4,1,255,1.0,0.0,0.04,0.0,0.0,0.0,0,57266.0
11,9,45,73,0,0,264,0.0,0.0,1.0,0.0,0.01,255,222,0.87,0.01,0.0,0.0,0.0,0.0,0,119929.0
22,1,0,0,0,0,1,0.0,0.0,1.0,0.0,0.0,2,255,1.0,0.0,0.05,0.0,0.0,0.02,0,53175.0
49,9,1305,326,0,1,1,0.0,0.0,1.0,0.0,0.0,255,138,0.54,0.06,0.0,0.02,0.02,0.0,0,74070.0
44,1,0,0,0,0,219,0.0,0.0,0.05,0.06,0.0,255,11,0.04,0.07,0.0,0.0,0.0,1.0,1,13132.0
22,9,289,761,0,1,2,0.0,0.0,1.0,0.0,0.29,174,255,1.0,0.0,0.01,0.0,0.0,0.0,0,16794.0
22,9,204,682,0,1,38,0.0,0.0,1.0,0.0,0.08,255,255,1.0,0.0,0.0,0.0,0.0,0.0,0,37849.0
49,9,2091,330,0,1,1,0.0,0.0,1.0,0.0,0.0,85,148,0.58,0.05,0.01,0.0,0.0,0.0,0,57288.0
22,9,315,812,0,1,11,0.0,0.0,1.0,0.0,0.0,151,255,1.0,0.0,0.01,0.0,0.0,0.05,0,86715.0
40,1,0,0,0,0,437,0.08,0.0,0.0,1.0,0.0,255,1,0.0,1.0,0.0,0.11,0.0,1.0,1,86234.0
44,5,0,0,0,0,91,1.0,1.0,0.18,0.05,0.0,255,19,0.07,0.07,0.0,1.0,1.0,0.0,1,22626.0
49,6,0,0,0,0,1,1.0,1.0,1.0,0.0,0.0,90,146,0.81,0.03,0.01,0.09,0.03,0.0,0,8929.0
49,9,1225,339,0,1,1,0.0,0.0,1.0,0.0,0.0,162,149,0.65,0.03,0.01,0.0,0.0,0.07,0,83644.0
22,9,248,1680,0,1,3,0.0,0.0,1.0,0.0,0.0,119,255,1.0,0.0,0.02,0.0,0.0,0.0,0,80632.0
44,5,0,0,0,0,131,1.0,1.0,0.12,0.07,0.0,255,16,0.06,0.08,0.0,1.0,1.0,0.0,1,21189.0
44,5,0,0,0,0,252,1.0,1.0,0.06,0.06,0.0,255,15,0.06,0.08,0.0,1.0,1.0,0.0,1,14790.0
22,9,252,1597,0,1,5,0.0,0.0,1.0,0.0,0.0,255,239,0.94,0.02,0.0,0.0,0.0,0.0,0,38020.0
22,1,0,0,0,0,1,0.0,0.0,1.0,0.0,1.0,9,152,1.0,0.0,0.15,0.0,0.0,0.93,0,73723.0
44,5,0,0,0,0,230,1.0,1.0,0.07,0.06,0.0,255,14,0.05,0.07,0.0,1.0,1.0,0.0,1,64785.0
22,9,230,10597,0,1,4,0.0,0.0,1.0,0.0,0.0,67,255,1.0,0.0,0.02,0.0,0.0,0.0,0,92054.0
33,5,0,0,0,0,231,1.0,1.0,0.02,0.06,0.0,255,6,0.02,0.07,0.0,1.0,1.0,0.0,1,105431.0
44,5,0,0,0,0,134,1.0,1.0,0.12,0.06,0.0,38,8,0.21,0.13,0.0,1.0,1.0,0.0,1,20920.0
22,9,233,560,0,1,4,0.25,0.25,1.0,0.0,0.0,4,14,1.0,0.0,0.21,0.25,0.07,0.0,0,90136.0
40,9,146,105,0,0,1,0.0,0.0,1.0,0.0,0.0,94,1,0.01,0.71,0.0,0.0,0.0,0.0,0,69951.0
3,5,0,0,0,0,221,1.0,1.0,0.09,0.06,0.0,255,19,0.07,0.07,0.0,1.0,1.0,0.0,1,121203.0
22,1,0,0,0,0,1,0.0,0.0,1.0,0.0,0.0,92,255,1.0,0.0,0.15,0.0,0.0,1.0,0,76028.0
22,9,212,774,0,1,19,0.0,0.0,1.0,0.0,0.06,19,255,1.0,0.0,0.01,0.0,0.0,0.0,0,84616.0
44,1,0,0,0,0,271,0.0,0.0,0.07,0.06,0.0,255,28,0.11,0.07,0.0,0.0,0.0,1.0,1,22835.0
22,9,347,623,0,1,9,0.0,0.0,1.0,0.0,0.0,43,255,1.0,0.0,0.05,0.0,0.0,0.0,0,55497.0
22,9,218,7956,0,1,2,0.0,0.0,1.0,0.0,0.67,22,255,1.0,0.0,0.06,0.0,0.0,0.0,0,108371.0
22,9,233,7501,0,1,14,0.0,0.0,1.0,0.0,0.0,27,255,1.0,0.0,0.03,0.0,0.0,0.0,0,45277.0
19,9,832,0,0,1,1,0.0,0.0,1.0,0.0,0.0,10,10,1.0,0.0,0.0,0.0,0.0,0.0,1,62395.0
44,1,0,0,0,0,235,0.0,0.0,0.06,0.07,0.0,255,15,0.06,0.07,0.0,0.0,0.0,1.0,1,114919.0
17,5,0,0,0,0,249,1.0,1.0,0.08,0.05,0.0,255,20,0.08,0.06,0.0,1.0,1.0,0.0,1,108006.0
40,1,0,0,0,0,509,0.19,0.0,0.0,1.0,0.0,255,1,0.0,1.0,0.0,0.11,0.0,1.0,1,108049.0
44,5,0,0,0,0,69,1.0,1.0,0.04,0.07,0.0,255,12,0.05,0.07,0.0,1.0,1.0,0.0,1,60254.0
40,9,146,0,0,0,3,0.0,0.0,0.33,0.67,0.0,255,1,0.0,0.56,0.0,0.0,0.0,0.0,0,111412.0
40,9,146,105,0,0,1,0.0,0.0,1.0,0.0,0.0,255,1,0.0,0.64,0.0,0.0,0.0,0.0,0,77075.0
14,9,1032,0,0,0,511,0.0,0.0,1.0,0.0,0.0,255,160,0.63,0.02,0.0,0.0,0.0,0.0,1,92661.0
18,9,1142,2445,0,1,1,0.0,0.0,1.0,0.0,0.0,255,84,0.33,0.02,0.0,0.0,0.0,0.0,1,51916.0
42,9,35,130,0,1,1,0.0,0.0,1.0,0.0,0.0,3,3,0.33,1.0,0.67,0.0,0.0,0.0,0,85096.0
13,9,8,0,0,0,1,0.0,0.0,1.0,0.0,1.0,1,221,1.0,0.0,0.25,0.0,0.0,0.0,1,35575.0
13,9,8,0,0,0,1,0.0,0.0,1.0,0.0,1.0,2,70,1.0,0.0,0.5,0.0,0.0,0.0,1,86783.0
22,9,309,7363,0,1,24,0.0,0.0,1.0,0.0,0.1,24,255,1.0,0.0,0.02,0.0,0.0,0.0,0,107942.0
44,1,0,0,0,0,136,0.0,0.0,0.12,0.06,0.0,255,12,0.05,0.07,0.0,0.0,0.0,1.0,1,121594.0
18,9,1535,4152,0,1,1,0.0,0.0,1.0,0.0,0.0,128,28,0.22,0.05,0.0,0.0,0.0,0.0,0,55198.0
44,9,1,0,0,0,37,0.0,0.0,0.14,0.11,0.0,255,5,0.02,0.55,0.0,0.0,0.0,0.0,1,26603.0
22,9,288,1310,0,1,2,0.0,0.0,1.0,0.0,0.0,5,255,1.0,0.0,0.02,0.0,0.0,0.0,0,71918.0
11,9,45,111,0,0,65,0.0,0.0,1.0,0.0,0.01,255,204,0.8,0.01,0.0,0.0,0.0,0.0,0,110842.0
44,5,0,0,0,0,133,1.0,1.0,0.19,0.05,0.0,255,25,0.1,0.04,0.0,1.0,1.0,0.0,1,23560.0
56,5,0,0,0,0,296,1.0,1.0,0.05,0.05,0.0,255,16,0.06,0.05,0.0,1.0,1.0,0.0,1,110274.0
13,9,18,0,0,0,1,0.0,0.0,1.0,0.0,0.0,1,35,1.0,0.0,1.0,0.0,0.0,0.0,1,24977.0
44,5,0,0,0,0,124,1.0,1.0,0.02,0.06,0.0,255,2,0.01,0.07,0.0,1.0,1.0,0.0,1,37259.0
22,9,330,849,0,1,6,0.0,0.0,1.0,0.0,0.29,255,255,1.0,0.0,0.0,0.0,0.0,0.0,0,39504.0
22,9,315,2603,0,1,17,0.0,0.0,1.0,0.0,0.09,255,255,1.0,0.0,0.0,0.0,0.0,0.0,0,89877.0
2,1,0,0,0,0,202,0.0,0.0,0.09,0.06,0.0,255,18,0.07,0.07,0.0,0.0,0.0,1.0,1,28342.0
62,5,0,0,0,0,123,1.0,1.0,0.19,0.06,0.0,255,2,0.01,0.06,0.0,1.0,1.0,0.0,1,125000.0
19,9,192,0,0,0,1,0.0,0.0,1.0,0.0,0.0,148,36,0.24,0.03,0.0,0.0,0.0,0.0,0,71245.0
22,6,209,21900,0,1,3,0.33,0.1,1.0,0.0,0.3,3,255,1.0,0.0,0.07,0.33,0.01,0.0,0,113191.0
22,9,302,18308,0,1,2,0.0,0.0,1.0,0.0,0.0,127,255,1.0,0.0,0.01,0.0,0.0,0.0,0,9570.0
19,9,10389,0,0,1,4,0.0,0.0,1.0,0.0,0.0,160,65,0.22,0.02,0.03,0.0,0.0,0.0,0,121653.0
44,1,0,0,0,0,35,0.0,0.0,0.43,0.09,0.0,255,21,0.08,0.06,0.0,0.0,0.0,1.0,1,84087.0
18,9,1497,4152,0,1,2,0.0,0.0,0.5,1.0,0.0,40,9,0.22,0.15,0.0,0.0,0.0,0.0,0,86748.0
49,9,1325,335,0,1,1,0.0,0.0,1.0,0.0,1.0,95,241,0.96,0.02,0.01,0.0,0.0,0.0,0,84438.0
56,9,0,4,0,0,1,0.0,0.0,1.0,0.0,0.0,25,25,1.0,0.0,0.0,0.12,0.12,0.0,0,64464.0
18,9,334,1063,0,1,1,0.0,0.0,1.0,0.0,0.0,151,6,0.04,0.03,0.0,0.0,0.0,0.0,0,34100.0
44,10,0,0,0,0,1,1.0,1.0,1.0,0.0,0.0,216,1,0.0,0.95,0.0,0.96,1.0,0.0,1,98613.0
38,5,0,0,0,0,226,1.0,1.0,0.1,0.05,0.0,255,23,0.09,0.05,0.0,1.0,1.0,0.0,1,20622.0
24,5,0,0,0,0,276,1.0,1.0,0.05,0.06,0.0,255,16,0.06,0.07,0.0,1.0,1.0,0.0,1,45527.0
11,9,43,69,0,0,153,0.0,0.0,1.0,0.0,0.0,255,254,1.0,0.01,0.0,0.0,0.0,0.0,0,22307.0
19,9,259,0,0,1,2,0.0,0.0,1.0,0.0,0.0,63,9,0.06,0.08,0.22,0.0,0.0,0.0,0,44342.0
44,5,0,0,0,0,187,1.0,1.0,0.09,0.06,0.0,255,3,0.01,0.07,0.0,1.0,1.0,0.0,1,10932.0
5,5,0,0,0,0,133,1.0,1.0,0.18,0.05,0.0,255,24,0.09,0.05,0.0,1.0,1.0,0.0,1,70102.0
9,5,0,0,0,0,266,1.0,1.0,0.0,0.06,0.0,255,1,0.0,0.07,0.0,1.0,1.0,0.0,1,8428.0
22,9,269,1588,0,1,4,0.0,0.0,1.0,0.0,0.29,65,255,1.0,0.0,0.02,0.0,0.0,0.0,0,88922.0
55,5,0,0,0,0,62,1.0,1.0,0.24,0.06,0.0,255,58,0.23,0.03,0.0,1.0,1.0,0.0,1,110536.0
44,1,0,0,0,0,118,0.0,0.0,0.17,0.06,0.0,255,20,0.08,0.07,0.0,0.0,0.0,1.0,1,37691.0
58,9,78,0,0,0,8,0.0,0.0,0.38,0.25,0.0,255,24,0.09,0.01,0.0,0.0,0.0,0.0,0,89048.0
22,9,291,1753,0,1,25,0.0,0.0,1.0,0.0,0.08,255,255,1.0,0.0,0.0,0.0,0.0,0.0,0,81449.0
11,9,91,0,0,0,1,0.0,0.0,1.0,0.0,1.0,97,39,0.4,0.04,0.0,0.0,0.0,0.0,0,78685.0
44,5,0,0,0,0,81,1.0,1.0,0.17,0.06,0.0,255,3,0.01,0.06,0.0,1.0,1.0,0.0,1,50560.0
60,5,0,0,0,0,146,1.0,1.0,0.16,0.04,0.0,255,23,0.09,0.04,0.0,1.0,1.0,0.0,1,108080.0
17,5,0,0,0,0,45,1.0,1.0,0.22,0.09,0.0,255,37,0.15,0.05,0.0,1.0,1.0,0.0,1,59122.0
22,9,200,2622,0,1,36,0.0,0.0,1.0,0.0,0.05,116,255,1.0,0.0,0.02,0.0,0.0,0.0,0,11380.0
19,9,8766,0,0,1,4,0.0,0.0,1.0,0.0,0.33,205,10,0.05,0.02,0.0,0.0,0.0,0.0,0,18248.0
13,9,8,0,0,0,1,0.0,0.0,1.0,0.0,1.0,1,9,1.0,0.0,0.56,0.0,0.0,0.0,1,85691.0
40,9,516,4,0,0,393,0.0,0.0,1.0,0.0,0.0,255,255,1.0,0.0,0.0,0.0,0.0,0.0,0,99954.0
40,9,145,105,0,0,4,0.0,0.0,0.5,0.5,0.0,255,2,0.01,0.47,0.0,0.0,0.0,0.0,0,117669.0
22,9,237,987,0,1,14,0.0,0.0,1.0,0.0,0.0,161,255,1.0,0.0,0.02,0.0,0.0,0.0,0,16786.0
22,9,219,3248,0,1,11,0.0,0.0,1.0,0.0,0.0,255,255,1.0,0.0,0.0,0.0,0.0,0.0,0,33405.0
22,9,219,7734,0,1,7,0.0,0.0,1.0,0.0,0.0,7,255,1.0,0.0,0.07,0.0,0.0,0.0,0,15977.0
17,5,0,0,0,0,247,1.0,1.0,0.08,0.05,0.0,255,19,0.07,0.06,0.0,1.0,1.0,0.0,1,93778.0
19,9,334,0,0,1,2,0.0,0.0,1.0,0.0,0.0,7,44,1.0,0.0,0.11,0.0,0.0,0.0,1,105017.0
11,9,41,128,0,0,70,0.0,0.0,1.0,0.0,0.01,255,236,0.93,0.01,0.0,0.0,0.0,0.0,0,28182.0
11,9,42,125,0,0,77,0.0,0.0,1.0,0.0,0.01,255,254,1.0,0.01,0.0,0.0,0.0,0.0,0,22748.0
19,5,0,0,0,0,53,1.0,1.0,0.23,0.08,0.0,255,44,0.17,0.04,0.0,1.0,1.0,0.0,1,48176.0
11,9,33,87,0,0,1,0.0,0.0,1.0,0.0,1.0,255,251,0.98,0.01,0.0,0.0,0.0,0.0,0,42891.0
22,9,215,765,0,1,35,0.0,0.0,1.0,0.0,0.0,221,255,1.0,0.0,0.01,0.0,0.0,0.0,0,104973.0
46,5,0,0,0,0,270,1.0,1.0,0.09,0.05,0.0,255,23,0.09,0.05,0.0,1.0,1.0,0.0,1,8.0
44,5,0,0,0,0,145,1.0,1.0,0.1,0.06,0.0,255,4,0.02,0.07,0.0,1.0,1.0,0.0,1,48168.0
22,9,289,18899,0,1,10,0.0,0.0,1.0,0.0,0.0,255,255,1.0,0.0,0.0,0.0,0.0,0.0,0,32267.0
40,1,0,0,0,0,511,0.18,0.0,0.0,1.0,0.0,255,1,0.0,1.0,0.0,0.02,0.0,1.0,1,120380.0
22,9,248,12635,0,1,7,0.0,0.0,1.0,0.0,0.0,255,228,0.89,0.01,0.0,0.0,0.0,0.0,0,22737.0
14,9,1032,0,0,0,511,0.0,0.0,1.0,0.0,0.0,255,22,0.09,0.05,0.0,0.33,0.0,0.0,1,108491.0
25,5,0,0,0,0,247,1.0,1.0,0.02,0.07,0.0,255,5,0.02,0.07,0.0,1.0,1.0,0.0,1,107133.0
22,9,167,3326,0,1,3,0.0,0.0,1.0,0.0,0.5,27,255,1.0,0.0,0.09,0.0,0.0,0.0,0,73204.0
8,2,0,0,0,0,272,0.0,0.0,0.06,0.06,0.0,255,17,0.07,0.06,0.0,0.0,0.0,1.0,1,119439.0
62,5,0,0,0,0,273,1.0,1.0,0.02,0.05,0.0,255,5,0.02,0.05,0.0,1.0,1.0,0.0,1,70136.0
22,9,345,1613,0,1,17,0.0,0.0,1.0,0.0,0.0,17,255,1.0,0.0,0.04,0.0,0.0,0.0,0,82711.0
22,9,285,10932,0,1,2,0.0,0.0,1.0,0.0,0.0,255,255,1.0,0.0,0.0,0.0,0.0,0.0,0,114465.0
22,9,309,1528,0,1,13,0.0,0.0,1.0,0.0,0.0,255,255,1.0,0.0,0.0,0.0,0.0,0.0,0,104416.0
49,9,655,326,0,1,1,0.0,0.0,1.0,0.0,0.0,165,91,0.55,0.04,0.0,0.0,0.0,0.0,0,100668.0
11,9,112,45,0,0,1,0.0,0.0,1.0,0.0,0.0,31,22,0.71,0.1,0.0,0.0,0.0,0.0,0,25475.0
22,9,333,280,0,1,6,0.0,0.0,1.0,0.0,0.0,255,255,1.0,0.0,0.0,0.0,0.0,0.0,0,104099.0
40,9,1,0,0,0,4,0.0,0.0,0.25,0.5,0.0,255,1,0.0,0.16,0.0,0.0,0.0,0.0,1,66810.0
19,5,0,0,0,0,257,1.0,1.0,0.08,0.05,0.0,255,21,0.08,0.05,0.0,1.0,1.0,0.0,1,54324.0
11,9,44,77,0,0,118,0.0,0.0,1.0,0.0,0.0,255,254,1.0,0.01,0.0,0.0,0.0,0.0,0,109794.0
41,5,0,0,0,0,205,1.0,1.0,0.07,0.05,0.0,255,14,0.05,0.05,0.0,1.0,1.0,0.0,1,121849.0
22,9,226,1816,0,1,4,0.0,0.0,1.0,0.0,0.38,42,255,1.0,0.0,0.02,0.0,0.0,0.0,0,109205.0
2,1,0,0,0,0,101,0.0,0.0,0.01,0.07,0.0,255,1,0.0,0.07,0.0,0.0,0.0,1.0,1,53239.0
24,1,0,0,0,0,281,0.0,0.0,0.05,0.06,0.0,255,14,0.05,0.08,0.0,0.0,0.0,1.0,1,42457.0
44,5,0,0,0,0,226,1.0,1.0,0.07,0.06,0.0,255,15,0.06,0.05,0.0,1.0,1.0,0.0,1,15508.0
40,1,0,0,0,0,509,0.22,0.0,0.0,1.0,0.0,255,1,0.0,1.0,0.0,0.23,0.0,1.0,1,7753.0
60,1,0,0,0,0,230,0.0,0.0,0.06,0.07,0.0,255,13,0.05,0.07,0.0,0.0,0.0,1.0,1,123123.0
33,5,0,0,0,0,235,1.0,1.0,0.04,0.06,0.0,255,10,0.04,0.07,0.0,1.0,1.0,0.0,1,4860.0
14,9,1032,0,0,0,511,0.0,0.0,1.0,0.0,0.0,245,100,0.41,0.01,0.0,0.0,0.0,0.0,1,46786.0
49,9,1225,338,0,1,1,0.0,0.0,1.0,0.0,0.0,120,79,0.66,0.03,0.0,0.0,0.0,0.0,0,36200.0
22,9,258,263,0,1,7,0.0,0.0,1.0,0.0,0.0,244,255,1.0,0.0,0.01,0.01,0.01,0.0,0,60893.0
22,9,221,321,0,1,4,0.25,0.25,1.0,0.0,0.0,255,255,1.0,0.0,0.0,0.0,0.0,0.0,0,97268.0
22,9,303,2239,0,1,1,0.0,0.0,1.0,0.0,0.0,24,12,0.5,0.12,0.0,0.29,0.0,0.0,0,117596.0
44,1,0,0,0,0,179,0.11,0.0,0.01,1.0,0.0,255,1,0.0,0.85,0.0,0.07,0.0,1.0,1,70508.0
22,9,308,935,0,1,18,0.0,0.0,1.0,0.0,0.0,255,255,1.0,0.0,0.0,0.0,0.0,0.01,0,27650.0
44,5,0,0,0,0,210,1.0,1.0,0.09,0.05,0.0,255,18,0.07,0.05,0.0,1.0,1.0,0.0,1,119434.0
11,9,43,83,0,0,102,0.0,0.0,0.99,0.02,0.02,255,254,1.0,0.01,0.0,0.0,0.0,0.0,0,62939.0
22,9,219,296,0,1,9,0.0,0.0,1.0,0.0,0.17,255,255,1.0,0.0,0.0,0.0,0.0,0.0,0,11721.0
8,5,0,0,0,0,286,1.0,1.0,0.06,0.05,0.0,255,5,0.02,0.08,0.0,1.0,1.0,0.0,1,93510.0
19,9,491,0,0,0,1,0.0,0.0,1.0,0.0,0.0,255,134,0.53,0.01,0.0,0.0,0.01,0.0,0,20467.0
22,9,166,20578,0,1,1,0.0,0.0,1.0,0.0,0.5,133,255,1.0,0.0,0.03,0.0,0.0,0.0,0,25415.0
40,9,1,0,0,0,20,0.0,0.0,0.1,0.3,0.0,255,2,0.01,0.27,0.0,0.0,0.0,0.0,1,72288.0
11,9,43,43,0,0,267,0.0,0.0,1.0,0.01,0.01,255,246,0.96,0.01,0.0,0.0,0.0,0.0,0,91972.0
62,5,0,0,0,0,241,1.0,1.0,0.0,0.05,0.0,255,1,0.0,0.05,0.0,1.0,1.0,0.0,1,94986.0
18,9,704,2070,0,1,1,0.0,0.0,1.0,0.0,0.0,100,31,0.31,0.07,0.0,0.0,0.0,0.0,0,1350.0
12,2,0,0,0,0,263,0.0,0.0,0.07,0.06,0.0,255,19,0.07,0.07,0.0,0.0,0.0,1.0,1,78767.0
49,9,1132,331,0,1,1,0.0,0.0,1.0,0.0,0.0,64,206,0.86,0.06,0.01,0.0,0.0,0.05,0,6917.0
40,9,145,105,0,0,1,0.0,0.0,1.0,0.0,0.0,255,1,0.0,0.65,0.0,0.0,0.0,0.0,0,94340.0
44,5,0,0,0,0,120,1.0,1.0,0.12,0.07,0.0,255,15,0.06,0.06,0.0,1.0,1.0,0.0,1,56064.0
44,5,0,0,0,0,114,1.0,1.0,0.03,0.09,0.0,255,3,0.01,0.09,0.0,1.0,1.0,0.0,1,9764.0
44,1,0,0,0,0,2,0.0,0.0,0.5,1.0,0.0,253,1,0.0,0.13,0.0,0.0,0.0,1.0,1,93838.0
13,9,8,0,0,0,1,0.0,0.0,1.0,0.0,1.0,1,15,1.0,0.0,0.53,0.0,0.0,0.0,1,1347.0
22,1,0,0,0,0,1,0.0,0.0,1.0,0.0,0.0,14,255,1.0,0.0,0.04,0.0,0.0,0.54,0,40290.0
19,9,11,0,0,0,2,0.0,0.0,1.0,0.0,0.0,11,20,0.36,0.27,0.1,0.0,0.0,0.0,0,98099.0
19,9,383,0,0,1,2,0.0,0.0,1.0,0.0,0.0,139,79,0.57,0.03,0.0,0.01,0.0,0.0,0,120199.0
44,5,0,0,0,0,100,1.0,1.0,0.2,0.06,0.0,255,20,0.08,0.05,0.0,1.0,1.0,0.0,1,45940.0
52,5,0,0,0,0,263,1.0,1.0,0.01,0.06,0.0,255,3,0.01,0.07,0.0,1.0,1.0,0.0,1,13126.0
11,9,44,129,0,0,67,0.0,0.0,1.0,0.0,0.01,255,255,1.0,0.0,0.0,0.0,0.0,0.0,0,84727.0
34,5,0,0,0,0,204,1.0,1.0,0.05,0.07,0.0,255,11,0.04,0.07,0.0,1.0,1.0,0.0,1,106226.0
11,9,33,95,0,0,90,0.0,0.0,1.0,0.0,0.0,255,168,0.66,0.01,0.0,0.0,0.0,0.0,0,38898.0
11,9,46,143,0,0,242,0.0,0.0,1.0,0.01,0.01,255,247,0.97,0.01,0.0,0.0,0.0,0.0,0,85917.0
22,9,238,8718,0,1,1,0.0,0.0,1.0,0.0,0.0,255,255,1.0,0.0,0.0,0.0,0.0,0.0,0,100280.0
49,9,123,234,0,1,1,0.0,0.0,1.0,0.0,0.0,100,88,0.29,0.71,0.02,0.0,0.0,0.0,0,46327.0
3,5,0,0,0,0,259,1.0,1.0,0.02,0.06,0.0,255,5,0.02,0.07,0.0,1.0,1.0,0.0,1,64467.0
59,5,0,0,0,0,138,1.0,1.0,0.06,0.06,0.0,255,8,0.03,0.07,0.0,1.0,1.0,0.0,1,46552.0
8,5,0,0,0,0,198,1.0,1.0,0.05,0.06,0.0,255,10,0.04,0.07,0.0,1.0,1.0,0.0,1,92818.0
11,9,45,74,0,0,157,0.0,0.0,1.0,0.0,0.0,255,255,1.0,0.0,0.0,0.0,0.0,0.0,0,87400.0
22,9,324,4857,0,1,2,0.0,0.0,1.0,0.0,0.0,10,255,1.0,0.0,0.03,0.0,0.0,0.0,0,46242.0
3,5,0,0,0,0,278,1.0,1.0,0.02,0.06,0.0,255,5,0.02,0.07,0.0,1.0,1.0,0.0,1,5838.0
11,9,45,111,0,0,38,0.0,0.0,1.0,0.0,0.02,255,202,0.79,0.02,0.0,0.0,0.0,0.0,0,9857.0
22,9,209,616,0,1,6,0.0,0.0,1.0,0.0,0.0,49,255,1.0,0.0,0.02,0.0,0.0,0.0,0,71218.0
49,9,1464,328,0,1,1,0.0,0.0,1.0,0.0,0.0,149,119,0.49,0.04,0.02,0.0,0.0,0.0,0,36241.0
11,9,91,0,0,0,1,0.0,0.0,1.0,0.0,0.0,17,13,0.76,0.12,0.0,0.0,0.0,0.0,0,12702.0
49,9,2546,388,0,1,1,0.0,0.0,1.0,0.0,0.0,255,3,0.01,0.02,0.0,0.98,0.0,0.0,0,4378.0
49,9,703,328,0,1,1,0.0,0.0,1.0,0.0,0.0,255,19,0.07,0.54,0.0,0.0,0.0,0.0,0,28742.0
22,9,203,6356,0,1,3,0.0,0.14,1.0,0.0,0.43,255,255,1.0,0.0,0.0,0.0,0.0,0.0,0,35080.0
13,9,18,0,0,0,1,0.0,0.0,1.0,0.0,0.0,1,6,1.0,0.0,1.0,0.0,0.0,0.0,1,34427.0
22,9,239,3567,0,1,3,0.0,0.0,1.0,0.0,0.5,255,255,1.0,0.0,0.0,0.0,0.0,0.0,0,61467.0
22,9,206,334,0,1,55,0.0,0.0,1.0,0.0,0.0,56,255,1.0,0.0,0.03,0.0,0.0,0.0,0,11381.0
13,9,8,0,0,0,1,0.0,0.0,1.0,0.0,1.0,1,255,1.0,0.0,0.5,0.0,0.0,0.0,1,115109.0
19,9,6601,0,0,0,19,0.0,0.0,1.0,0.0,0.0,31,107,0.81,0.13,0.02,0.0,0.0,0.0,0,47333.0
18,9,282,903,0,1,1,0.0,0.0,1.0,0.0,0.0,167,32,0.19,0.43,0.0,0.0,0.0,0.03,0,75154.0
44,5,0,0,0,0,149,1.0,1.0,0.11,0.05,0.0,255,15,0.06,0.06,0.0,1.0,1.0,0.0,1,83418.0
44,9,105,147,0,0,7,0.0,0.0,0.14,0.29,0.0,255,232,0.91,0.01,0.0,0.0,0.0,0.0,0,109324.0
13,9,8,0,0,0,1,0.0,0.0,1.0,0.0,1.0,2,2,1.0,0.0,0.0,0.0,0.0,0.0,1,26070.0
22,9,334,1738,0,1,1,0.0,0.0,1.0,0.0,0.0,198,255,1.0,0.0,0.01,0.0,0.0,0.0,0,48297.0
40,1,0,0,0,0,511,0.14,0.0,0.0,1.0,0.0,255,1,0.0,1.0,0.0,0.24,0.0,1.0,1,36491.0
59,2,0,0,0,0,114,0.0,0.0,0.09,0.07,0.0,255,10,0.04,0.06,0.0,0.0,0.0,1.0,1,122017.0
22,9,217,617,0,1,23,0.0,0.0,1.0,0.0,0.0,255,255,1.0,0.0,0.0,0.0,0.0,0.0,0,47748.0
22,5,0,0,0,0,9,1.0,1.0,0.56,0.44,0.0,251,65,0.26,0.02,0.0,0.99,1.0,0.0,1,103565.0
22,9,292,1254,0,1,2,0.0,0.0,1.0,0.0,0.0,255,255,1.0,0.0,0.0,0.0,0.0,0.0,0,8447.0
14,9,1032,0,0,0,376,0.0,0.0,1.0,0.0,0.0,255,255,1.0,0.0,0.0,0.0,0.0,0.0,1,80004.0
44,4,0,0,0,0,1,0.0,0.0,1.0,0.0,0.0,225,1,0.0,0.56,0.0,0.0,0.0,1.0,1,79272.0
17,5,0,0,0,0,245,1.0,1.0,0.08,0.06,0.0,255,19,0.07,0.06,0.0,1.0,1.0,0.0,1,84830.0
37,5,0,0,0,0,130,1.0,1.0,0.09,0.05,0.0,255,16,0.06,0.06,0.0,1.0,1.0,0.0,1,13420.0
44,5,0,0,0,0,288,1.0,1.0,0.02,0.06,0.0,255,15,0.06,0.07,0.0,1.0,1.0,0.0,1,20646.0
44,5,0,0,0,0,252,1.0,1.0,0.08,0.06,0.0,255,20,0.08,0.05,0.0,1.0,1.0,0.0,1,18176.0
44,5,0,0,0,0,111,1.0,1.0,0.09,0.06,0.0,255,28,0.11,0.06,0.0,1.0,1.0,0.0,1,83548.0
44,1,0,0,0,0,227,0.0,0.0,0.0,0.07,0.0,255,1,0.0,0.09,0.0,0.0,0.0,1.0,1,17674.0
11,9,45,137,0,0,72,0.0,0.0,1.0,0.0,0.01,255,255,1.0,0.0,0.0,0.0,0.0,0.0,0,90708.0
22,9,195,21839,0,1,1,0.0,0.0,1.0,0.0,0.0,127,247,1.0,0.0,0.14,0.0,0.0,0.53,0,88306.0
22,9,331,1694,0,1,8,0.0,0.0,1.0,0.0,0.0,113,255,1.0,0.0,0.03,0.0,0.0,0.0,0,87230.0
52,5,0,0,0,0,262,1.0,1.0,0.05,0.06,0.0,255,13,0.05,0.06,0.0,1.0,1.0,0.0,1,115028.0
24,5,0,0,0,0,204,1.0,1.0,0.04,0.08,0.0,255,8,0.03,0.08,0.0,1.0,1.0,0.0,1,111680.0
54,5,0,0,0,0,120,1.0,1.0,0.15,0.08,0.0,255,18,0.07,0.07,0.0,1.0,1.0,0.0,1,74845.0
19,5,0,0,0,0,39,1.0,1.0,0.23,0.1,0.0,119,47,0.24,0.03,0.04,1.0,0.62,0.0,1,58943.0
40,9,147,105,0,0,1,0.0,0.0,1.0,0.0,0.0,255,1,0.0,0.64,0.0,0.0,0.0,0.0,0,77589.0
22,9,54540,8314,0,1,4,0.0,0.0,1.0,0.0,0.4,239,239,1.0,0.0,0.0,0.0,0.0,0.05,1,73861.0
19,9,9,0,0,0,1,0.0,0.0,1.0,0.0,0.0,88,132,0.73,0.05,0.02,0.0,0.0,0.0,0,47244.0
11,9,43,43,0,0,169,0.0,0.0,1.0,0.0,0.0,255,254,1.0,0.01,0.0,0.0,0.0,0.0,0,103962.0
24,5,0,0,0,0,285,1.0,1.0,0.05,0.06,0.0,255,15,0.06,0.08,0.0,1.0,1.0,0.0,1,87041.0
44,1,0,0,0,0,2,0.0,0.0,0.5,1.0,0.0,255,1,0.0,0.67,0.0,0.0,0.0,1.0,1,76635.0
40,9,147,105,0,0,3,0.0,0.0,0.33,0.67,0.0,255,3,0.01,0.65,0.0,0.0,0.0,0.0,0,19193.0
11,9,45,134,0,0,215,0.0,0.0,1.0,0.01,0.0,104,71,0.68,0.02,0.0,0.0,0.0,0.0,0,69000.0
20,5,0,0,0,0,268,1.0,1.0,0.07,0.06,0.0,255,20,0.08,0.07,0.0,1.0,1.0,0.0,1,103313.0
19,9,607,0,0,1,2,0.0,0.0,1.0,0.0,0.0,255,146,0.57,0.03,0.0,0.0,0.01,0.0,0,51261.0
49,9,1171,388,0,1,1,0.0,0.0,1.0,0.0,1.0,255,104,0.41,0.04,0.0,0.16,0.0,0.0,0,67647.0
22,9,299,2507,0,1,4,0.0,0.0,1.0,0.0,0.38,255,245,0.96,0.01,0.0,0.0,0.0,0.0,0,54001.0
22,9,222,5507,0,1,10,0.0,0.0,1.0,0.0,0.0,10,255,1.0,0.0,0.03,0.0,0.0,0.01,0,100694.0
44,1,0,0,0,0,5,0.0,0.0,0.2,1.0,0.0,255,1,0.0,0.35,0.0,0.0,0.0,1.0,1,84644.0
22,6,184,21900,0,1,1,1.0,1.0,1.0,0.0,0.0,10,10,1.0,0.0,0.0,0.1,0.1,0.0,0,15975.0
22,9,308,11700,0,1,5,0.0,0.0,1.0,0.0,0.0,11,255,1.0,0.0,0.03,0.0,0.0,0.0,0,71299.0
11,9,46,46,0,0,15,0.0,0.0,1.0,0.0,0.0,255,226,0.89,0.01,0.0,0.0,0.0,0.0,0,54466.0
32,5,0,0,0,0,259,1.0,1.0,0.0,0.06,0.0,255,1,0.0,0.06,0.0,1.0,1.0,0.0,1,24174.0
49,9,724,328,0,1,1,0.0,0.0,1.0,0.0,1.0,58,191,0.88,0.07,0.01,0.0,0.0,0.0,0,83846.0
19,9,8173,0,0,0,15,0.0,0.0,1.0,0.0,0.0,255,79,0.31,0.01,0.0,0.0,0.0,0.0,0,100685.0
54,5,0,0,0,0,269,1.0,1.0,0.06,0.06,0.0,255,15,0.06,0.06,0.0,1.0,1.0,0.0,1,119239.0
22,9,232,1680,0,1,6,0.0,0.0,1.0,0.0,0.0,168,255,1.0,0.0,0.02,0.01,0.0,0.0,0,103320.0
18,9,1500,4152,0,1,1,0.0,0.0,1.0,0.0,0.0,95,17,0.18,0.06,0.0,0.0,0.0,0.0,0,27281.0
14,9,1480,0,1,0,1,0.0,0.0,1.0,0.0,0.0,1,17,1.0,0.0,0.53,0.0,0.0,0.0,1,28379.0
22,9,288,267,0,1,3,0.33,0.14,1.0,0.0,0.29,31,255,1.0,0.0,0.02,0.03,0.0,0.0,0,49051.0
22,9,322,392,0,1,21,0.0,0.0,1.0,0.0,0.12,255,255,1.0,0.0,0.0,0.0,0.0,0.0,0,96674.0
44,5,0,0,0,0,46,1.0,1.0,0.24,0.09,0.0,255,21,0.08,0.08,0.0,1.0,1.0,0.0,1,10822.0
40,9,147,147,0,0,7,0.0,0.0,0.14,0.57,0.0,255,1,0.0,0.56,0.0,0.0,0.0,0.0,0,30721.0
14,9,1032,0,0,0,441,0.0,0.0,1.0,0.0,0.0,255,255,1.0,0.0,0.0,0.0,0.0,0.0,1,31218.0
22,9,353,1686,0,1,8,0.25,0.25,1.0,0.0,0.0,255,255,1.0,0.0,0.0,0.01,0.01,0.0,0,64353.0
44,5,0,0,0,0,171,1.0,1.0,0.02,0.07,0.0,255,16,0.06,0.07,0.0,1.0,1.0,0.0,1,87229.0
62,5,0,0,0,0,11,1.0,1.0,0.45,0.36,0.0,255,5,0.02,0.08,0.0,1.0,1.0,0.0,1,27711.0
22,9,222,6602,0,1,5,0.0,0.0,1.0,0.0,0.0,255,255,1.0,0.0,0.0,0.0,0.0,0.0,0,124066.0
22,1,0,0,0,0,1,0.0,0.0,1.0,0.0,1.0,22,255,1.0,0.0,0.11,0.0,0.0,0.97,0,37256.0
22,1,0,0,0,0,1,0.0,0.0,1.0,0.0,0.0,1,95,1.0,0.0,0.05,0.0,0.0,0.04,0,46755.0
40,9,147,105,0,0,2,0.0,0.0,1.0,0.0,0.0,255,2,0.01,0.85,0.0,0.0,0.0,0.0,0,1670.0
60,5,0,0,0,0,202,1.0,1.0,0.0,0.06,0.0,255,1,0.0,0.07,0.0,1.0,1.0,0.0,1,30938.0
37,5,0,0,0,0,134,1.0,1.0,0.12,0.05,0.0,255,19,0.07,0.06,0.0,1.0,1.0,0.0,1,92487.0
14,9,1032,0,0,0,87,0.0,0.0,1.0,0.0,0.0,255,255,1.0,0.0,0.0,0.0,0.0,0.0,1,66294.0
49,9,1203,333,0,1,1,0.0,0.0,1.0,0.0,0.0,137,167,0.56,0.03,0.01,0.0,0.0,0.0,0,4347.0
2,5,0,0,0,0,218,1.0,1.0,0.08,0.06,0.0,255,18,0.07,0.06,0.0,1.0,1.0,0.0,1,33520.0
22,9,231,5712,0,1,15,0.0,0.0,1.0,0.0,0.12,15,43,1.0,0.0,0.07,0.0,0.0,0.0,0,51463.0
22,1,0,0,0,0,1,0.0,0.0,1.0,0.0,0.0,14,249,1.0,0.0,0.11,0.0,0.0,0.69,0,103269.0
40,9,147,105,0,0,3,0.0,0.0,0.67,0.67,0.0,255,2,0.01,0.86,0.0,0.0,0.0,0.0,0,71307.0
13,9,8,0,0,0,1,0.0,0.0,1.0,0.0,1.0,2,20,1.0,0.0,0.5,0.0,0.0,0.0,1,80041.0
22,9,238,276,0,1,13,0.0,0.0,1.0,0.0,0.0,59,255,1.0,0.0,0.03,0.0,0.0,0.0,0,800.0
5,5,0,0,0,0,150,1.0,1.0,0.11,0.05,0.0,255,17,0.07,0.06,0.0,1.0,1.0,0.0,1,111505.0
44,5,0,0,0,0,112,1.0,1.0,0.09,0.06,0.0,255,12,0.05,0.08,0.0,1.0,1.0,0.0,1,47886.0
22,9,218,318,0,1,2,0.0,0.0,1.0,0.0,0.2,255,255,1.0,0.0,0.0,0.0,0.0,0.0,0,86885.0
22,1,0,0,0,0,1,0.0,0.0,1.0,0.0,0.0,43,255,1.0,0.0,0.07,0.0,0.0,0.94,0,23007.0
22,9,304,1172,0,1,5,0.0,0.0,1.0,0.0,0.33,43,255,1.0,0.0,0.05,0.0,0.0,0.0,0,4059.0
19,9,2194619,0,0,1,1,0.0,0.0,1.0,0.0,0.0,201,47,0.18,0.02,0.04,0.0,0.0,0.0,0,13200.0
21,5,0,0,0,0,299,1.0,1.0,0.08,0.05,0.0,255,25,0.1,0.05,0.0,1.0,1.0,0.0,1,106420.0
44,5,0,0,0,0,197,0.99,1.0,0.09,0.06,0.0,255,1,0.0,0.06,0.0,1.0,1.0,0.0,1,31970.0
22,9,203,385,0,1,8,0.0,0.0,1.0,0.0,0.0,174,255,1.0,0.0,0.02,0.0,0.0,0.0,0,56184.0
19,9,192,0,0,1,1,0.0,0.0,1.0,0.0,0.0,191,120,0.45,0.02,0.02,0.0,0.0,0.0,0,54715.0
5,5,0,0,0,0,115,1.0,1.0,0.11,0.05,0.0,255,13,0.05,0.05,0.0,1.0,1.0,0.0,1,48631.0
22,9,229,253,0,1,13,0.0,0.0,1.0,0.0,0.11,52,255,1.0,0.0,0.01,0.0,0.0,0.0,0,72590.0
58,9,182,0,0,0,2,0.0,0.0,0.5,1.0,0.0,255,11,0.04,0.01,0.0,0.0,0.0,0.0,0,120564.0
22,9,214,1738,0,1,21,0.0,0.0,1.0,0.0,0.0,130,255,1.0,0.0,0.04,0.0,0.0,0.01,0,57240.0
22,1,0,0,0,0,1,0.0,0.0,1.0,0.0,0.0,82,255,1.0,0.0,0.15,0.0,0.0,1.0,0,12451.0
44,1,0,0,0,0,396,0.0,0.0,0.0,0.52,0.0,255,1,0.0,0.52,0.0,0.0,0.0,1.0,1,44100.0
32,5,0,0,0,0,202,1.0,1.0,0.1,0.06,0.0,255,20,0.08,0.09,0.0,1.0,1.0,0.0,1,3565.0
22,1,0,0,0,0,223,0.0,0.0,0.01,0.07,0.0,255,2,0.01,0.07,0.0,0.0,0.0,1.0,1,42212.0
22,9,223,20531,0,1,4,0.0,0.0,1.0,0.0,0.14,65,255,1.0,0.0,0.04,0.0,0.0,0.0,0,116358.0
44,5,0,0,0,0,128,1.0,1.0,0.15,0.07,0.0,73,19,0.26,0.11,0.0,1.0,1.0,0.0,1,9466.0
22,9,263,362,0,1,16,0.0,0.0,1.0,0.0,0.0,255,255,1.0,0.0,0.0,0.0,0.0,0.0,0,70557.0
22,1,0,0,0,0,2,0.0,0.0,1.0,0.0,0.0,6,253,1.0,0.0,0.17,0.0,0.0,1.0,0,37842.0
22,9,291,1193,0,1,7,0.0,0.0,1.0,0.0,0.25,255,255,1.0,0.0,0.0,0.0,0.0,0.0,0,75559.0
22,9,202,1449,0,1,11,0.0,0.0,1.0,0.0,0.0,75,255,1.0,0.0,0.01,0.0,0.0,0.0,0,106308.0
49,9,1590,321,0,1,1,0.0,0.0,1.0,0.0,0.0,36,78,0.11,0.08,0.03,0.0,0.01,0.0,0,36586.0
22,9,344,274,0,1,15,0.0,0.0,1.0,0.0,0.0,15,255,1.0,0.0,0.06,0.0,0.0,0.0,0,77274.0
22,9,207,2091,0,1,10,0.0,0.0,1.0,0.0,0.0,125,255,1.0,0.0,0.02,0.0,0.0,0.0,0,6548.0
22,9,210,765,0,1,1,0.0,0.0,1.0,0.0,1.0,33,255,1.0,0.0,0.01,0.0,0.0,0.01,0,58166.0
44,9,105,0,0,0,2,0.0,0.0,1.0,0.0,0.0,255,97,0.38,0.01,0.0,0.0,0.0,0.0,0,115780.0
49,5,0,0,0,0,14,1.0,0.88,1.0,0.0,0.19,36,148,0.39,0.06,0.01,0.94,0.09,0.0,1,60339.0
18,9,1505,4152,0,1,1,0.0,0.0,1.0,0.0,0.0,151,28,0.19,0.05,0.0,0.01,0.0,0.0,0,72589.0
44,5,0,0,0,0,134,1.0,1.0,0.08,0.06,0.0,255,15,0.06,0.05,0.0,1.0,1.0,0.0,1,38662.0
22,9,235,3253,0,1,2,0.0,0.0,1.0,0.0,0.0,255,255,1.0,0.0,0.0,0.0,0.0,0.0,0,87747.0
22,9,337,188,0,1,1,0.0,0.0,1.0,0.0,0.0,17,255,1.0,0.0,0.05,0.0,0.0,0.0,0,2155.0
34,1,0,0,0,0,232,0.0,0.0,0.04,0.07,0.0,255,10,0.04,0.08,0.0,0.0,0.0,1.0,1,64857.0
22,1,0,0,0,0,1,0.0,0.0,1.0,0.0,0.0,125,109,0.87,0.02,0.0,0.0,0.0,1.0,0,44453.0
6,1,0,0,0,0,142,0.0,0.0,0.08,0.06,0.0,255,7,0.03,0.07,0.0,0.0,0.0,1.0,1,105742.0
44,5,0,0,0,0,109,1.0,1.0,0.06,0.07,0.0,10,6,0.6,0.3,0.0,1.0,1.0,0.0,1,99057.0
40,1,0,0,0,0,510,0.22,0.0,0.0,1.0,0.0,255,1,0.0,1.0,0.0,0.22,0.0,1.0,1,91297.0
40,9,147,0,0,0,4,0.0,0.0,0.25,0.75,0.0,255,1,0.0,0.65,0.0,0.0,0.0,0.0,0,13754.0
22,9,304,297,0,1,13,0.08,0.12,1.0,0.0,0.18,195,255,1.0,0.0,0.02,0.01,0.0,0.0,0,102071.0
18,9,1067,3081,0,1,1,0.0,0.0,1.0,0.0,0.0,255,60,0.24,0.02,0.0,0.0,0.0,0.0,0,35552.0
22,9,235,917,0,1,11,0.0,0.0,1.0,0.0,0.0,11,255,1.0,0.0,0.02,0.0,0.0,0.0,0,23606.0
40,9,516,4,0,0,344,0.0,0.0,1.0,0.0,0.0,255,255,1.0,0.0,0.0,0.0,0.0,0.0,0,7017.0
59,5,0,0,0,0,126,1.0,1.0,0.02,0.06,0.0,255,3,0.01,0.07,0.0,1.0,1.0,0.0,1,88462.0
22,9,208,885,0,1,12,0.0,0.0,1.0,0.0,0.19,253,255,1.0,0.0,0.01,0.0,0.0,0.0,0,86516.0
19,9,3909,0,0,1,7,0.0,0.0,1.0,0.0,0.0,106,47,0.18,0.03,0.04,0.0,0.0,0.0,0,39541.0
11,9,42,108,0,0,1,0.0,0.0,1.0,0.0,1.0,27,224,0.93,0.07,0.01,0.0,0.0,0.0,0,34238.0
13,9,8,0,0,0,1,0.0,0.0,1.0,0.0,1.0,1,157,1.0,0.0,0.25,0.0,0.0,0.0,1,93899.0
3,5,0,0,0,0,102,1.0,1.0,0.02,0.07,0.0,255,1,0.0,0.08,0.0,1.0,1.0,0.0,1,80863.0
31,5,0,0,0,0,229,1.0,1.0,0.01,0.06,0.0,255,14,0.05,0.08,0.0,1.0,1.0,0.0,1,97818.0
19,9,4316,0,0,0,2,0.0,0.0,1.0,0.0,0.0,254,50,0.2,0.03,0.0,0.0,0.0,0.0,0,119285.0
16,5,0,0,0,0,10,1.0,1.0,0.3,0.2,0.0,255,3,0.01,0.07,0.0,1.0,1.0,0.0,1,61704.0
6,5,0,0,0,0,101,1.0,1.0,0.15,0.09,0.0,255,15,0.06,0.08,0.0,1.0,1.0,0.0,1,119937.0
11,9,44,70,0,0,222,0.0,0.0,1.0,0.01,0.01,255,254,1.0,0.01,0.0,0.0,0.0,0.0,0,54787.0
22,9,224,1261,0,1,7,0.0,0.0,1.0,0.0,0.0,14,14,1.0,0.0,0.0,0.0,0.0,0.0,0,125570.0
40,6,68620,0,0,1,15,0.2,1.0,0.07,0.53,0.0,124,1,0.01,0.19,0.0,0.05,1.0,0.0,0,101668.0
13,9,8,0,0,0,1,0.0,0.0,1.0,0.0,1.0,2,129,1.0,0.0,0.5,0.0,0.0,0.0,1,76064.0
5,5,0,0,0,0,7,1.0,1.0,0.29,0.29,0.0,255,2,0.01,0.07,0.0,1.0,1.0,0.0,1,120069.0
44,5,0,0,0,0,262,1.0,1.0,0.05,0.06,0.0,255,8,0.03,0.06,0.0,1.0,1.0,0.0,1,29301.0
44,1,0,0,0,0,277,0.0,0.0,0.03,0.06,0.0,255,9,0.04,0.06,0.0,0.0,0.0,1.0,1,82989.0
19,5,0,0,0,0,76,1.0,1.0,0.25,0.05,0.0,255,55,0.22,0.04,0.0,1.0,1.0,0.0,1,20520.0
11,9,45,134,0,0,79,0.0,0.0,1.0,0.0,0.01,255,252,0.99,0.01,0.0,0.0,0.0,0.0,0,45310.0
22,9,314,266,0,1,11,0.0,0.0,1.0,0.0,0.0,255,245,0.96,0.01,0.0,0.0,0.0,0.02,0,69247.0
11,9,46,172,0,0,73,0.0,0.0,1.0,0.0,0.01,255,254,1.0,0.01,0.0,0.0,0.0,0.0,0,38497.0
35,5,0,0,0,0,269,1.0,1.0,0.01,0.05,0.0,255,3,0.01,0.05,0.0,1.0,1.0,0.0,1,32975.0
62,5,0,0,0,0,235,1.0,1.0,0.06,0.06,0.0,255,15,0.06,0.09,0.0,1.0,1.0,0.0,1,38010.0
19,9,641,0,0,0,1,0.0,0.0,1.0,0.0,0.75,237,38,0.16,0.03,0.0,0.0,0.0,0.0,0,70480.0
22,9,290,11829,0,1,1,0.0,0.0,1.0,0.0,0.0,19,255,1.0,0.0,0.06,0.0,0.0,0.0,0,5137.0
19,9,334,0,0,1,2,0.0,0.0,1.0,0.0,0.0,2,12,1.0,0.0,0.42,0.0,0.0,0.0,1,99945.0
49,9,667,332,0,1,2,0.0,0.0,0.5,1.0,0.0,91,155,0.41,0.08,0.01,0.0,0.0,0.0,0,84400.0
22,9,363,768,0,1,17,0.0,0.0,1.0,0.0,0.11,255,255,1.0,0.0,0.0,0.0,0.0,0.0,0,25664.0
22,9,213,1116,0,1,54,0.0,0.0,1.0,0.0,0.07,255,255,1.0,0.0,0.0,0.0,0.0,0.0,0,20667.0
19,9,748,0,0,1,1,0.0,0.0,1.0,0.0,0.0,255,1,0.0,0.02,0.0,0.0,0.0,0.0,0,6569.0
22,9,305,2217,0,1,12,0.0,0.0,1.0,0.0,0.0,255,255,1.0,0.0,0.0,0.0,0.0,0.0,0,76201.0
55,5,0,0,0,0,3,1.0,1.0,1.0,0.0,0.0,85,45,0.53,0.02,0.0,0.98,0.96,0.0,1,117475.0
11,9,46,79,0,0,108,0.0,0.0,0.99,0.02,0.0,255,254,1.0,0.01,0.0,0.0,0.0,0.0,0,39474.0
22,9,320,1408,0,1,3,0.0,0.0,1.0,0.0,0.0,255,255,1.0,0.0,0.0,0.0,0.0,0.0,0,68171.0
44,5,0,0,0,0,189,1.0,1.0,0.13,0.05,0.0,255,24,0.09,0.05,0.0,1.0,1.0,0.0,1,112314.0
10,5,0,0,0,0,240,1.0,1.0,0.01,0.06,0.0,255,3,0.01,0.08,0.0,1.0,1.0,0.0,1,118410.0
22,5,0,0,0,0,53,1.0,1.0,0.3,0.08,0.0,255,10,0.04,0.05,0.0,1.0,1.0,0.0,1,107156.0
44,5,0,0,0,0,280,1.0,1.0,0.05,0.06,0.0,255,5,0.02,0.08,0.0,1.0,1.0,0.0,1,27566.0
13,9,8,0,0,0,1,0.0,0.0,1.0,0.0,1.0,1,165,1.0,0.0,0.25,0.0,0.0,0.0,1,123263.0
19,9,7012,0,0,0,13,0.0,0.0,1.0,0.0,0.0,170,76,0.31,0.02,0.03,0.0,0.0,0.0,0,85329.0
44,4,1,0,0,0,2,0.0,0.0,1.0,0.0,0.0,255,2,0.01,0.73,0.0,0.0,0.0,1.0,1,109397.0
44,1,0,0,0,0,98,0.0,0.0,0.18,0.06,0.0,255,18,0.07,0.06,0.0,0.0,0.0,1.0,1,41155.0
22,9,305,1035,0,1,33,0.0,0.0,1.0,0.0,0.0,255,255,1.0,0.0,0.0,0.0,0.0,0.0,0,57300.0
23,5,0,0,0,0,146,1.0,1.0,0.11,0.06,0.0,255,15,0.06,0.06,0.0,1.0,1.0,0.0,1,84985.0
28,5,0,0,0,0,282,1.0,1.0,0.03,0.05,0.0,255,8,0.03,0.05,0.0,1.0,1.0,0.0,1,48400.0
44,1,0,0,0,0,1,0.0,0.0,1.0,0.0,0.0,63,2,0.02,1.0,1.0,0.0,0.0,1.0,1,28756.0
44,5,0,0,0,0,148,1.0,1.0,0.06,0.05,0.0,255,4,0.02,0.06,0.0,1.0,1.0,0.0,1,95318.0
22,9,217,1389,0,1,3,0.0,0.0,1.0,0.0,0.5,26,255,1.0,0.0,0.02,0.0,0.0,0.01,0,87834.0
14,9,1032,0,0,0,132,0.0,0.0,1.0,0.0,0.0,255,132,0.52,0.01,0.0,0.0,0.0,0.0,1,18053.0
44,4,1,0,0,0,2,0.0,0.0,1.0,0.0,0.0,255,2,0.01,0.81,0.0,0.0,0.0,1.0,1,99897.0
19,5,0,0,0,0,254,1.0,1.0,0.05,0.06,0.0,255,9,0.04,0.07,0.0,1.0,1.0,0.0,1,4421.0
44,1,0,0,0,0,224,0.04,0.0,0.0,1.0,0.0,255,1,0.0,0.9,0.0,0.04,0.0,1.0,1,119090.0
59,2,0,0,0,0,105,0.0,0.0,0.02,0.08,0.0,255,2,0.01,0.07,0.0,0.0,0.0,1.0,1,13074.0
44,5,0,0,0,0,286,1.0,1.0,0.03,0.05,0.0,255,10,0.04,0.07,0.0,1.0,1.0,0.0,1,5767.0
22,9,215,16372,0,1,2,0.0,0.0,1.0,0.0,0.0,58,255,1.0,0.0,0.04,0.0,0.0,0.0,0,11993.0
44,5,0,0,0,0,102,1.0,1.0,0.01,0.07,0.0,165,20,0.12,0.1,0.0,1.0,1.0,0.0,1,7991.0
25,5,0,0,0,0,252,1.0,1.0,0.05,0.06,0.0,255,13,0.05,0.06,0.0,1.0,1.0,0.0,1,91175.0
58,9,182,0,0,0,8,0.0,0.0,0.75,0.38,0.0,255,42,0.16,0.01,0.0,0.0,0.0,0.0,0,105883.0
11,9,29,0,0,0,1,0.0,0.0,1.0,0.0,1.0,126,29,0.23,0.04,0.0,0.01,0.0,0.0,0,41680.0
19,1,0,0,0,0,124,0.0,0.0,0.08,0.06,0.0,255,10,0.04,0.07,0.0,0.0,0.0,1.0,1,82119.0
44,5,0,0,0,0,224,1.0,1.0,0.03,0.08,0.0,255,7,0.03,0.08,0.0,1.0,1.0,0.0,1,99772.0
23,5,0,0,0,0,107,1.0,1.0,0.05,0.07,0.0,255,16,0.06,0.06,0.0,1.0,1.0,0.0,1,37640.0
13,9,18,0,0,0,1,0.0,0.0,1.0,0.0,0.0,1,249,1.0,0.0,1.0,0.0,0.0,0.0,1,24812.0
22,9,245,3098,0,1,4,0.0,0.0,1.0,0.0,0.1,255,255,1.0,0.0,0.0,0.0,0.0,0.0,0,62091.0
11,9,45,132,0,0,65,0.0,0.0,1.0,0.0,0.01,255,232,0.91,0.01,0.0,0.0,0.0,0.0,0,48578.0
22,9,213,365,0,1,32,0.0,0.0,1.0,0.0,0.0,32,255,1.0,0.0,0.05,0.0,0.0,0.0,0,43977.0
44,1,0,0,0,0,113,0.0,0.0,0.08,0.08,0.0,255,9,0.04,0.08,0.0,0.0,0.0,1.0,1,80813.0
22,9,314,9284,0,1,13,0.0,0.0,1.0,0.0,0.11,223,255,1.0,0.0,0.01,0.0,0.0,0.0,0,43684.0
22,9,54540,8314,0,1,4,0.0,0.0,1.0,0.0,0.0,255,255,1.0,0.0,0.0,0.0,0.0,0.04,1,61360.0
40,9,1,0,0,0,53,0.0,0.0,0.04,0.11,0.0,255,2,0.01,0.09,0.0,0.0,0.0,0.0,1,99969.0
28,5,0,0,0,0,220,1.0,1.0,0.01,0.06,0.0,255,2,0.01,0.06,0.0,1.0,1.0,0.0,1,113858.0
22,9,301,3950,0,1,6,0.0,0.0,1.0,0.0,0.0,255,255,1.0,0.0,0.0,0.0,0.0,0.0,0,74219.0
11,9,43,71,0,0,194,0.0,0.0,1.0,0.0,0.0,255,230,0.9,0.01,0.0,0.0,0.0,0.0,0,125252.0
60,5,0,0,0,0,203,1.0,1.0,0.01,0.06,0.0,255,2,0.01,0.07,0.0,1.0,1.0,0.0,1,38747.0
22,9,290,2367,0,1,2,0.0,0.0,1.0,0.0,0.0,75,255,1.0,0.0,0.02,0.01,0.0,0.0,0,67905.0
22,9,54540,8314,0,1,3,0.0,0.0,1.0,0.0,0.0,74,74,1.0,0.0,0.0,0.01,0.01,0.01,1,94782.0
40,9,26408,0,0,1,8,0.12,0.0,0.12,0.25,0.0,255,1,0.0,0.06,0.0,0.02,0.0,0.0,0,65491.0
22,9,314,1116,0,1,30,0.0,0.0,1.0,0.0,0.09,255,255,1.0,0.0,0.0,0.0,0.0,0.0,0,109115.0
44,5,0,0,0,0,225,1.0,1.0,0.08,0.06,0.0,255,18,0.07,0.07,0.0,1.0,1.0,0.0,1,80112.0
22,9,202,13774,0,1,1,0.0,0.0,1.0,0.0,1.0,1,255,1.0,0.0,0.03,0.0,0.0,0.0,0,26047.0
22,9,196,765,0,1,4,0.0,0.0,1.0,0.0,0.0,255,255,1.0,0.0,0.0,0.0,0.0,0.0,0,21429.0
19,9,1766,0,0,1,2,0.0,0.0,1.0,0.0,0.0,255,6,0.02,0.02,0.0,0.0,0.0,0.0,0,163.0
22,9,248,6271,0,1,5,0.0,0.0,1.0,0.0,0.12,179,255,1.0,0.0,0.02,0.0,0.0,0.0,0,16674.0
22,9,276,602,0,1,1,0.0,0.0,1.0,0.0,0.23,20,255,1.0,0.0,0.01,0.0,0.0,0.0,0,65000.0
22,9,263,1053,0,1,1,0.0,0.0,1.0,0.0,0.0,127,123,0.97,0.02,0.0,0.0,0.0,0.0,0,24819.0
22,9,304,1311,0,1,3,0.0,0.0,1.0,0.0,0.0,38,208,1.0,0.0,0.01,0.0,0.0,0.0,0,58633.0
22,9,228,2839,0,1,5,0.0,0.0,1.0,0.0,0.0,255,255,1.0,0.0,0.0,0.0,0.0,0.0,0,6543.0
22,9,300,760,0,1,6,0.0,0.0,1.0,0.0,0.0,6,255,1.0,0.0,0.02,0.0,0.0,0.0,0,20951.0
19,9,3909,0,0,1,7,0.0,0.0,1.0,0.0,0.0,87,53,0.2,0.07,0.04,0.0,0.0,0.0,0,59875.0
22,9,261,15455,0,1,22,0.0,0.0,1.0,0.0,0.0,255,255,1.0,0.0,0.0,0.0,0.0,0.0,0,327.0
44,4,0,0,0,0,1,0.0,0.0,1.0,0.0,0.0,251,1,0.0,0.27,0.0,0.0,0.0,1.0,1,121805.0
22,9,232,406,0,1,50,0.0,0.0,1.0,0.0,0.0,255,255,1.0,0.0,0.0,0.0,0.0,0.0,0,114177.0
13,9,8,0,0,0,1,0.0,0.0,1.0,0.0,1.0,2,70,1.0,0.0,0.5,0.0,0.0,0.0,1,57803.0
11,9,45,75,0,0,318,0.0,0.0,1.0,0.01,0.0,255,254,1.0,0.01,0.0,0.0,0.0,0.0,0,77420.0
34,5,0,0,0,0,276,1.0,1.0,0.03,0.06,0.0,255,8,0.03,0.08,0.0,1.0,1.0,0.0,1,96850.0
36,1,0,0,0,0,270,0.0,0.0,0.02,0.06,0.0,255,6,0.02,0.08,0.0,0.0,0.0,1.0,1,81519.0
44,1,0,0,0,0,143,0.0,0.0,0.11,0.06,0.0,255,15,0.06,0.07,0.0,0.0,0.0,1.0,1,9066.0
22,1,0,0,0,0,1,0.0,0.0,1.0,0.0,1.0,5,209,1.0,0.0,0.21,0.0,0.0,0.92,0,119932.0
34,1,0,0,0,0,138,0.0,0.0,0.07,0.06,0.0,255,1,0.0,0.08,0.0,0.0,0.0,1.0,1,49377.0
44,5,0,0,0,0,248,1.0,1.0,0.04,0.06,0.0,255,10,0.04,0.09,0.0,1.0,1.0,0.0,1,86941.0
22,9,237,10554,0,1,3,0.0,0.0,1.0,0.0,0.33,114,255,1.0,0.0,0.03,0.0,0.0,0.0,0,112075.0
22,9,315,252,0,1,17,0.0,0.0,1.0,0.0,0.19,158,255,1.0,0.0,0.01,0.0,0.0,0.0,0,118494.0
44,1,0,0,0,0,323,0.07,0.0,0.0,1.0,0.0,255,1,0.0,1.0,0.0,0.08,0.0,1.0,1,71083.0
22,9,224,3339,0,1,3,0.0,0.0,1.0,0.0,0.6,105,255,1.0,0.0,0.06,0.0,0.0,0.0,0,92599.0
22,9,220,11892,0,1,12,0.0,0.0,1.0,0.0,0.0,255,255,1.0,0.0,0.0,0.0,0.0,0.0,0,9428.0
14,9,520,0,0,0,464,0.0,0.0,1.0,0.0,0.0,33,33,1.0,0.0,0.0,0.0,0.0,0.0,1,90588.0
44,9,1,0,0,0,13,0.0,0.0,0.69,0.15,0.0,255,9,0.04,0.85,0.0,0.03,0.0,0.0,1,71701.0
22,9,252,1970,0,1,4,0.0,0.0,1.0,0.0,0.0,27,15,0.56,0.11,0.0,0.26,0.0,0.0,0,85368.0
30,5,0,0,0,0,118,1.0,1.0,0.03,0.08,0.0,255,18,0.07,0.07,0.0,1.0,1.0,0.0,1,45482.0
22,9,162,17,0,1,5,0.0,0.0,1.0,0.0,0.0,19,255,1.0,0.0,0.05,0.0,0.0,0.0,0,51176.0
22,9,307,1075,0,1,7,0.0,0.0,1.0,0.0,0.25,125,112,0.9,0.02,0.0,0.0,0.0,0.0,0,84086.0
49,9,2315,333,0,1,1,0.0,0.0,1.0,0.0,0.0,179,243,0.96,0.01,0.01,0.0,0.0,0.0,0,72117.0
22,9,207,15789,0,1,5,0.0,0.0,1.0,0.0,0.0,5,255,1.0,0.0,0.06,0.0,0.0,0.01,0,73655.0
22,9,275,9478,0,1,9,0.0,0.0,1.0,0.0,0.0,19,255,1.0,0.0,0.04,0.0,0.0,0.0,0,19158.0
2,5,0,0,0,0,226,1.0,1.0,0.02,0.07,0.0,255,5,0.02,0.08,0.0,1.0,1.0,0.0,1,46100.0
27,5,0,0,0,0,29,1.0,1.0,0.07,0.1,0.0,255,2,0.01,0.07,0.0,1.0,1.0,0.0,1,88764.0
49,9,1020,326,0,1,1,0.0,0.0,1.0,0.0,0.0,11,185,0.64,0.27,0.04,0.0,0.0,0.0,0,7077.0
2,5,0,0,0,0,123,1.0,1.0,0.14,0.07,0.0,255,17,0.07,0.06,0.0,1.0,1.0,0.0,1,25932.0
49,9,848,325,0,1,1,0.0,0.0,1.0,0.0,1.0,108,89,0.82,0.05,0.0,0.0,0.0,0.0,0,54159.0
19,9,7077,0,0,1,8,0.0,0.0,1.0,0.0,0.0,255,92,0.36,0.02,0.0,0.0,0.0,0.0,0,10092.0
22,9,245,1194,0,1,16,0.0,0.0,1.0,0.0,0.0,16,255,1.0,0.0,0.01,0.0,0.0,0.0,0,68700.0
22,1,0,0,0,0,29,0.0,0.0,1.0,0.0,0.0,182,193,1.0,0.0,0.03,0.01,0.01,0.38,0,122010.0
11,9,42,42,0,0,13,0.0,0.0,1.0,0.0,0.17,255,245,0.96,0.01,0.0,0.0,0.0,0.0,0,115884.0
28,1,0,0,0,0,134,0.0,0.0,0.04,0.06,0.0,255,5,0.02,0.06,0.0,0.0,0.0,1.0,1,47604.0
15,5,0,0,0,0,102,1.0,1.0,0.14,0.06,0.0,255,14,0.05,0.07,0.0,1.0,1.0,0.0,1,93857.0
9,5,0,0,0,0,245,1.0,1.0,0.02,0.07,0.0,255,4,0.02,0.07,0.0,1.0,1.0,0.0,1,59898.0
13,9,8,0,0,0,1,0.0,0.0,1.0,0.0,1.0,1,255,1.0,0.0,0.5,0.0,0.0,0.0,1,37604.0
22,9,297,2286,0,1,9,0.0,0.0,1.0,0.0,0.17,255,255,1.0,0.0,0.0,0.0,0.0,0.0,0,71420.0
19,9,334,0,0,1,2,0.0,0.0,1.0,0.0,0.0,7,46,1.0,0.0,0.04,0.0,0.02,0.0,1,71381.0
22,9,311,1370,0,1,2,0.0,0.0,1.0,0.0,0.0,84,255,1.0,0.0,0.05,0.0,0.0,0.0,0,38198.0
10,5,0,0,0,0,134,1.0,1.0,0.02,0.05,0.0,255,2,0.01,0.05,0.0,1.0,1.0,0.0,1,56117.0
22,5,0,0,0,0,58,1.0,1.0,0.29,0.07,0.0,220,57,0.26,0.02,0.0,0.99,1.0,0.0,1,82102.0
44,5,0,0,0,0,234,1.0,1.0,0.1,0.06,0.0,255,23,0.09,0.06,0.0,1.0,1.0,0.0,1,120098.0
60,1,0,0,0,0,249,0.0,0.0,0.03,0.06,0.0,255,7,0.03,0.07,0.0,0.0,0.0,1.0,1,92440.0
14,9,1032,0,0,0,422,0.0,0.0,1.0,0.0,0.0,255,255,1.0,0.0,0.0,0.0,0.0,0.0,1,84366.0
44,5,0,0,0,0,117,1.0,1.0,0.12,0.07,0.0,255,6,0.02,0.07,0.0,1.0,1.0,0.0,1,32000.0
44,9,105,146,0,0,2,0.0,0.0,1.0,0.0,0.0,255,247,0.97,0.01,0.0,0.0,0.0,0.0,0,7162.0
22,5,0,0,0,0,13,0.92,1.0,0.92,0.15,0.0,255,58,0.23,0.04,0.0,1.0,1.0,0.0,1,36596.0
19,9,19,0,0,1,2,0.0,0.0,1.0,0.0,0.0,255,131,0.51,0.02,0.0,0.0,0.0,0.0,0,93664.0
44,4,1,0,0,0,2,0.0,0.0,1.0,0.0,0.0,255,2,0.01,0.62,0.0,0.0,0.0,1.0,1,24686.0
22,9,54540,8314,0,1,6,0.0,0.0,1.0,0.0,0.0,12,12,1.0,0.0,0.0,0.0,0.0,0.08,1,17295.0
22,9,321,581,0,1,10,0.0,0.05,1.0,0.0,0.1,255,255,1.0,0.0,0.0,0.0,0.0,0.0,0,72054.0
22,1,0,0,0,0,1,0.0,0.0,1.0,0.0,1.0,40,255,1.0,0.0,0.2,0.0,0.0,1.0,0,122443.0
19,9,1376,0,0,1,3,0.33,0.33,1.0,0.0,0.0,255,53,0.21,0.02,0.0,0.0,0.02,0.0,0,77390.0
13,9,8,0,0,0,1,0.0,0.0,1.0,0.0,1.0,2,90,1.0,0.0,0.5,0.0,0.0,0.0,1,69569.0
19,5,0,0,0,0,21,1.0,1.0,0.05,0.1,0.0,21,28,0.05,0.1,0.07,1.0,0.04,0.0,1,100945.0
55,5,0,0,0,0,22,1.0,1.0,0.41,0.18,0.0,255,29,0.11,0.07,0.0,1.0,1.0,0.0,1,64587.0
36,5,0,0,0,0,282,1.0,1.0,0.02,0.06,0.0,255,6,0.02,0.06,0.0,1.0,1.0,0.0,1,84529.0
40,9,147,105,0,0,1,0.0,0.0,1.0,0.0,0.0,255,2,0.01,0.57,0.0,0.0,0.0,0.0,0,684.0
22,9,209,324,0,1,13,0.0,0.0,1.0,0.0,0.0,177,255,1.0,0.0,0.01,0.0,0.0,0.0,0,40867.0
40,9,146,105,0,0,1,0.0,0.0,1.0,0.0,0.0,255,1,0.0,0.79,0.0,0.0,0.0,0.0,0,86021.0
13,9,8,0,0,0,1,0.0,0.0,1.0,0.0,1.0,2,218,1.0,0.0,0.25,0.0,0.0,0.0,1,39342.0
5,5,0,0,0,0,141,1.0,1.0,0.14,0.06,0.0,255,20,0.08,0.07,0.0,1.0,1.0,0.0,1,10712.0
22,9,248,2481,0,1,5,0.0,0.0,1.0,0.0,0.33,193,255,1.0,0.0,0.03,0.0,0.0,0.0,0,70135.0
19,9,1109,0,0,1,1,0.0,0.0,1.0,0.0,0.0,160,58,0.19,0.03,0.03,0.0,0.0,0.0,0,83300.0
44,5,0,0,0,0,209,1.0,1.0,0.08,0.05,0.0,255,4,0.02,0.07,0.0,1.0,1.0,0.0,1,3394.0
22,9,204,182,0,1,21,0.0,0.0,1.0,0.0,0.0,255,255,1.0,0.0,0.0,0.0,0.0,0.0,0,79049.0
22,9,234,4658,0,1,2,0.0,0.0,1.0,0.0,0.0,240,255,1.0,0.0,0.01,0.0,0.0,0.0,0,112965.0
44,5,0,0,0,0,186,1.0,1.0,0.1,0.08,0.0,255,19,0.07,0.08,0.0,1.0,1.0,0.0,1,102700.0
22,9,308,1380,0,1,4,0.0,0.0,1.0,0.0,0.0,255,254,1.0,0.01,0.0,0.0,0.0,0.0,0,4705.0
44,1,0,0,0,0,253,0.0,0.0,0.04,0.07,0.0,255,11,0.04,0.09,0.0,0.0,0.0,1.0,1,64739.0
11,9,44,133,0,0,64,0.0,0.0,0.98,0.03,0.01,255,231,0.91,0.01,0.0,0.0,0.0,0.0,0,119574.0
14,9,1032,0,0,0,511,0.0,0.0,1.0,0.0,0.0,255,29,0.11,0.11,0.0,0.11,0.0,0.0,1,54815.0
49,9,700,328,0,1,1,0.0,0.0,1.0,0.0,0.0,204,133,0.65,0.05,0.0,0.01,0.01,0.0,0,115539.0
19,9,334,0,0,1,1,0.0,0.0,1.0,0.0,0.0,1,9,1.0,0.0,0.33,0.0,0.0,0.0,1,27443.0
22,9,261,281,0,1,4,0.0,0.0,1.0,0.0,0.0,255,240,0.94,0.01,0.0,0.0,0.0,0.0,0,38997.0
11,9,45,125,0,0,78,0.0,0.0,1.0,0.0,0.01,131,83,0.63,0.02,0.0,0.0,0.0,0.0,0,75346.0
22,1,0,0,0,0,290,0.0,0.0,0.07,0.06,0.0,255,20,0.08,0.07,0.0,0.0,0.0,1.0,1,85411.0
19,9,1830,0,0,1,5,0.0,0.0,1.0,0.0,0.0,141,55,0.25,0.04,0.04,0.0,0.0,0.0,0,59942.0
22,9,237,1732,0,1,16,0.0,0.0,1.0,0.0,0.0,16,255,1.0,0.0,0.05,0.0,0.0,0.0,0,68027.0
50,5,0,0,0,0,239,1.0,1.0,0.05,0.07,0.0,255,13,0.05,0.07,0.0,1.0,1.0,0.0,1,38372.0
23,5,0,0,0,0,110,1.0,1.0,0.1,0.05,0.0,255,2,0.01,0.07,0.0,1.0,1.0,0.0,1,34561.0
22,9,237,370,0,1,10,0.0,0.0,1.0,0.0,0.0,255,255,1.0,0.0,0.0,0.0,0.0,0.0,0,66300.0
44,5,0,0,0,0,114,1.0,1.0,0.11,0.06,0.0,255,20,0.08,0.06,0.0,1.0,1.0,0.0,1,125213.0
44,5,0,0,0,0,255,1.0,1.0,0.02,0.06,0.0,255,17,0.07,0.08,0.0,1.0,1.0,0.0,1,43163.0
22,9,224,3537,0,1,18,0.0,0.0,1.0,0.0,0.12,104,255,1.0,0.0,0.03,0.0,0.0,0.0,0,117231.0
22,9,340,5171,0,1,2,0.0,0.0,1.0,0.0,0.0,32,157,1.0,0.0,0.1,0.0,0.0,0.0,0,49843.0
22,5,0,0,0,0,210,1.0,1.0,0.09,0.06,0.0,255,19,0.07,0.08,0.0,1.0,1.0,0.0,1,75992.0
22,9,249,2008,0,1,2,0.0,0.0,1.0,0.0,0.0,2,255,1.0,0.0,0.03,0.0,0.0,0.0,0,101839.0
22,9,246,261,0,1,1,0.0,0.0,1.0,0.0,0.0,255,255,1.0,0.0,0.0,0.0,0.0,0.0,0,80603.0
44,1,0,0,0,0,114,0.0,0.0,0.04,0.06,0.0,255,5,0.02,0.08,0.0,0.0,0.0,1.0,1,93882.0
29,5,0,0,0,0,281,1.0,1.0,0.04,0.06,0.0,255,11,0.04,0.07,0.0,1.0,1.0,0.0,1,104822.0
22,9,277,9849,0,1,1,0.0,0.0,1.0,0.0,0.17,12,255,1.0,0.0,0.02,0.0,0.0,0.0,0,61279.0
36,1,0,0,0,0,237,0.0,0.0,0.08,0.07,0.0,255,20,0.08,0.07,0.0,0.0,0.0,1.0,1,37150.0
11,9,44,73,0,0,172,0.0,0.0,1.0,0.0,0.01,255,233,0.91,0.01,0.0,0.0,0.0,0.0,0,27508.0
22,9,54540,8314,0,1,2,0.0,0.0,1.0,0.0,0.0,58,58,1.0,0.0,0.0,0.0,0.0,0.02,1,102266.0
22,9,235,3222,0,1,7,0.0,0.0,1.0,0.0,0.11,255,248,0.97,0.01,0.0,0.0,0.0,0.0,0,100201.0
22,9,321,1116,0,1,19,0.0,0.0,1.0,0.0,0.0,61,255,1.0,0.0,0.03,0.0,0.0,0.0,0,2148.0
32,1,0,0,0,0,251,0.0,0.0,0.0,0.06,0.0,255,1,0.0,0.07,0.0,0.0,0.0,1.0,1,17268.0
62,1,0,0,0,0,222,0.0,0.0,0.05,0.07,0.0,255,12,0.05,0.08,0.0,0.0,0.0,1.0,1,84902.0
22,4,54540,8314,0,1,2,0.0,0.0,1.0,0.0,0.0,48,48,1.0,0.0,0.0,0.0,0.0,0.02,1,16611.0
19,9,245,0,0,1,2,0.0,0.0,1.0,0.0,0.0,255,2,0.01,0.82,0.0,0.0,0.0,0.0,0,71724.0
44,2,0,0,0,0,273,0.0,0.0,0.04,0.06,0.0,255,11,0.04,0.07,0.0,0.0,0.0,1.0,1,91507.0
49,9,920,335,0,1,1,0.0,0.0,1.0,0.0,0.0,113,147,0.53,0.04,0.01,0.01,0.01,0.0,0,84011.0
22,9,198,521,0,1,4,0.0,0.0,1.0,0.0,0.0,4,255,1.0,0.0,0.05,0.0,0.0,0.0,0,59641.0
28,5,0,0,0,0,86,1.0,1.0,0.08,0.07,0.0,255,7,0.03,0.06,0.0,1.0,1.0,0.0,1,36668.0
22,9,223,7339,0,1,7,0.0,0.0,1.0,0.0,0.0,31,255,1.0,0.0,0.03,0.0,0.0,0.0,0,72984.0
11,9,44,136,0,0,24,0.0,0.0,1.0,0.0,0.02,202,118,0.58,0.01,0.0,0.0,0.0,0.0,0,72163.0
11,9,45,135,0,0,66,0.0,0.0,1.0,0.0,0.01,255,234,0.92,0.01,0.0,0.0,0.0,0.0,0,73684.0
11,9,44,73,0,0,248,0.0,0.0,1.0,0.0,0.01,255,254,1.0,0.01,0.0,0.0,0.0,0.0,0,72389.0
11,9,95,44,0,0,11,0.0,0.0,1.0,0.0,0.15,255,245,0.96,0.01,0.0,0.0,0.0,0.0,0,85866.0
11,9,45,137,0,0,75,0.0,0.0,1.0,0.0,0.01,255,237,0.93,0.01,0.0,0.0,0.0,0.0,0,54364.0
22,9,222,10496,0,1,3,0.0,0.0,1.0,0.0,0.5,17,255,1.0,0.0,0.03,0.0,0.0,0.0,0,23883.0
14,9,1032,0,0,0,509,0.0,0.0,1.0,0.0,0.0,255,204,0.8,0.13,0.0,0.0,0.0,0.0,1,124875.0
22,9,224,2183,0,1,1,0.0,0.0,1.0,0.0,0.0,32,255,1.0,0.0,0.03,0.0,0.0,0.0,0,17147.0
19,9,7280,0,0,1,2,0.0,0.0,1.0,0.0,0.0,255,11,0.04,0.65,0.0,0.0,0.0,0.0,0,72891.0
44,5,0,0,0,0,273,1.0,1.0,0.04,0.06,0.0,255,29,0.11,0.07,0.0,1.0,1.0,0.0,1,7942.0
22,9,214,3041,0,1,8,0.0,0.0,1.0,0.0,0.0,25,251,1.0,0.0,0.02,0.0,0.0,0.01,0,46279.0
5,5,0,0,0,0,136,1.0,1.0,0.13,0.05,0.0,255,5,0.02,0.07,0.0,1.0,1.0,0.0,1,106547.0
20,5,0,0,0,0,267,1.0,1.0,0.01,0.06,0.0,255,2,0.01,0.07,0.0,1.0,1.0,0.0,1,85955.0
44,5,0,0,0,0,238,1.0,1.0,0.06,0.07,0.0,255,16,0.06,0.07,0.0,1.0,1.0,0.0,1,29593.0
19,5,0,0,0,0,6,1.0,1.0,1.0,0.0,0.0,255,54,0.21,0.02,0.0,1.0,1.0,0.0,1,14698.0
44,1,0,0,0,0,1,0.0,0.0,1.0,0.0,0.0,10,2,0.1,1.0,1.0,0.0,0.0,1.0,0,120566.0
58,9,129,0,0,0,7,0.0,0.0,0.29,0.29,0.0,188,25,0.13,0.02,0.08,0.0,0.0,0.0,0,32549.0
44,5,0,0,0,0,104,1.0,1.0,0.09,0.06,0.0,255,14,0.05,0.07,0.0,1.0,1.0,0.0,1,14272.0
14,9,1032,0,0,0,511,0.0,0.0,1.0,0.0,0.0,221,127,0.57,0.03,0.0,0.01,0.0,0.0,1,94505.0
13,9,8,0,0,0,1,0.0,0.0,1.0,0.0,1.0,1,86,1.0,0.0,0.51,0.0,0.0,0.0,1,84325.0
22,9,235,261,0,1,8,0.0,0.0,1.0,0.0,0.0,255,246,0.96,0.02,0.0,0.0,0.0,0.0,0,94861.0
44,2,0,0,0,0,141,0.0,0.0,0.12,0.06,0.0,255,17,0.07,0.07,0.0,0.0,0.0,1.0,1,78853.0
22,9,222,370,0,1,12,0.0,0.0,1.0,0.0,0.0,255,255,1.0,0.0,0.0,0.0,0.0,0.0,0,42902.0
22,9,215,12008,0,1,1,0.0,0.0,1.0,0.0,0.0,66,255,1.0,0.0,0.06,0.0,0.0,0.0,0,3795.0
17,5,0,0,0,0,288,1.0,1.0,0.07,0.05,0.0,255,20,0.08,0.05,0.0,1.0,1.0,0.0,1,3874.0
13,9,8,0,0,0,1,0.0,0.0,1.0,0.0,1.0,3,7,1.0,0.0,0.29,0.0,0.0,0.0,1,102953.0
22,9,192,757,0,1,2,0.0,0.0,1.0,0.0,0.29,3,255,1.0,0.0,0.05,0.0,0.0,0.0,0,102046.0
26,1,0,0,0,0,98,0.0,0.0,0.05,0.08,0.0,255,5,0.02,0.06,0.0,0.0,0.0,1.0,1,70008.0
37,1,0,0,0,0,77,0.0,0.0,0.13,0.08,0.0,255,10,0.04,0.07,0.0,0.0,0.0,1.0,1,14890.0
40,9,7940,0,0,0,10,0.1,0.0,0.1,0.8,0.0,186,1,0.01,0.08,0.0,0.01,0.0,0.0,0,39699.0
22,9,216,1726,0,1,21,0.0,0.0,1.0,0.0,0.0,255,255,1.0,0.0,0.0,0.0,0.0,0.0,0,4426.0
19,9,374,0,0,1,5,0.0,0.0,1.0,0.0,0.0,255,11,0.04,0.07,0.0,0.89,0.0,0.0,0,4730.0
13,9,8,0,0,0,1,0.0,0.0,1.0,0.0,1.0,2,72,1.0,0.0,0.5,0.0,0.0,0.0,1,81713.0
44,5,0,0,0,0,116,1.0,1.0,0.03,0.06,0.0,255,30,0.12,0.06,0.0,1.0,1.0,0.0,1,14613.0
18,9,980,2191,0,1,1,0.0,0.0,1.0,0.0,0.0,255,16,0.06,0.02,0.0,0.16,0.0,0.0,1,57544.0
49,9,1676,366,0,1,1,0.0,0.0,1.0,0.0,0.0,179,110,0.61,0.02,0.0,0.0,0.0,0.0,0,6928.0
44,5,0,0,0,0,113,0.99,1.0,0.18,0.06,0.0,255,20,0.08,0.06,0.0,1.0,1.0,0.0,1,104082.0
22,9,225,31124,0,1,11,0.0,0.0,1.0,0.0,0.0,66,255,1.0,0.0,0.01,0.0,0.0,0.0,0,36379.0
22,9,290,1722,0,1,1,0.0,0.0,1.0,0.0,0.33,12,255,1.0,0.0,0.05,0.0,0.0,0.0,0,101859.0
40,9,516,4,0,0,235,0.0,0.0,1.0,0.0,0.0,235,235,1.0,0.0,0.0,0.0,0.0,0.0,0,96714.0
44,5,0,0,0,0,119,1.0,1.0,0.05,0.07,0.0,255,2,0.01,0.07,0.0,1.0,1.0,0.0,1,120209.0
13,9,30,0,0,0,2,0.0,0.0,0.5,1.0,0.0,255,35,0.14,0.01,0.0,0.0,0.0,0.0,0,68167.0
22,9,216,284,0,1,42,0.0,0.0,1.0,0.0,0.0,207,255,1.0,0.0,0.02,0.0,0.0,0.0,0,42265.0
22,9,215,296,0,1,9,0.0,0.0,1.0,0.0,0.27,255,255,1.0,0.0,0.0,0.0,0.0,0.0,0,111606.0
40,1,0,0,0,0,509,0.21,0.0,0.0,1.0,0.0,255,1,0.0,1.0,0.0,0.2,0.0,1.0,1,19559.0
22,9,283,679,0,1,9,0.0,0.0,1.0,0.0,0.0,26,255,1.0,0.0,0.07,0.0,0.0,0.0,0,39417.0
49,9,977,331,0,1,1,0.0,0.0,1.0,0.0,1.0,255,146,0.57,0.01,0.0,0.0,0.0,0.0,0,86674.0
29,5,0,0,0,0,167,1.0,1.0,0.04,0.08,0.0,255,7,0.03,0.07,0.0,1.0,1.0,0.0,1,54429.0
55,9,129,2040,0,1,5,0.0,0.0,0.2,0.4,0.0,255,1,0.0,0.02,0.0,0.0,0.0,0.0,0,32134.0
17,5,0,0,0,0,35,1.0,1.0,0.26,0.11,0.0,255,59,0.23,0.04,0.0,1.0,1.0,0.0,1,77200.0
40,9,147,105,0,0,6,0.0,0.0,0.33,0.5,0.0,55,2,0.04,0.58,0.0,0.0,0.0,0.0,0,93955.0
14,9,520,0,0,0,444,0.0,0.0,1.0,0.0,0.0,226,226,1.0,0.0,0.0,0.0,0.0,0.0,1,122112.0
22,9,222,1721,0,1,11,0.0,0.0,1.0,0.0,0.07,91,255,1.0,0.0,0.01,0.0,0.0,0.03,0,98066.0
5,5,0,0,0,0,127,1.0,1.0,0.02,0.07,0.0,255,3,0.01,0.07,0.0,1.0,1.0,0.0,1,95064.0
11,9,46,132,0,0,189,0.0,0.0,1.0,0.0,0.01,255,253,0.99,0.01,0.0,0.0,0.0,0.0,0,9242.0
22,9,213,169,0,1,17,0.0,0.0,1.0,0.0,0.07,222,255,1.0,0.0,0.02,0.0,0.01,0.0,0,60575.0
22,9,336,7560,0,1,6,0.0,0.0,1.0,0.0,0.0,105,255,1.0,0.0,0.02,0.0,0.0,0.0,0,46020.0
22,9,179,2897,0,1,1,0.0,0.0,1.0,0.0,0.0,251,255,1.0,0.0,0.01,0.0,0.0,0.0,0,56137.0
44,5,0,0,0,0,117,1.0,1.0,0.15,0.05,0.0,255,5,0.02,0.07,0.0,1.0,1.0,0.0,1,70297.0
22,9,325,3607,0,1,7,0.0,0.0,1.0,0.0,0.0,29,255,1.0,0.0,0.05,0.0,0.0,0.0,0,123799.0
22,9,171,1094,0,1,9,0.0,0.0,1.0,0.0,0.15,185,238,1.0,0.0,0.04,0.0,0.0,0.0,0,113328.0
22,9,234,1408,0,1,7,0.0,0.0,1.0,0.0,0.18,255,255,1.0,0.0,0.0,0.0,0.0,0.0,0,89658.0
22,9,283,2860,0,1,54,0.0,0.0,1.0,0.0,0.0,83,255,1.0,0.0,0.05,0.0,0.0,0.0,0,123028.0
22,1,0,0,0,0,1,0.0,0.0,1.0,0.0,0.0,1,255,1.0,0.0,0.09,0.0,0.0,0.5,0,77891.0
22,9,187,7129,0,1,1,0.0,0.0,1.0,0.0,0.0,204,192,0.94,0.01,0.0,0.0,0.0,0.0,0,65003.0
49,9,1761,331,0,1,1,0.0,0.0,1.0,0.0,0.0,9,135,0.33,0.22,0.03,0.0,0.0,0.0,0,106503.0
44,1,0,0,0,0,113,0.0,0.0,0.09,0.07,0.0,88,10,0.11,0.09,0.0,0.0,0.0,1.0,1,22590.0
22,9,228,1247,0,1,13,0.0,0.0,1.0,0.0,0.0,255,255,1.0,0.0,0.0,0.0,0.0,0.0,0,78734.0
23,5,0,0,0,0,44,1.0,1.0,0.16,0.11,0.0,255,7,0.03,0.08,0.0,1.0,1.0,0.0,1,95968.0
22,9,187,30606,0,1,1,0.0,0.0,1.0,0.0,1.0,255,255,1.0,0.0,0.0,0.0,0.0,0.0,0,14725.0
55,9,138,2073,0,1,1,0.0,0.0,1.0,0.0,0.0,1,5,1.0,0.0,1.0,0.0,0.0,0.0,0,18303.0
7,5,0,0,0,0,272,1.0,1.0,0.04,0.06,0.0,255,10,0.04,0.08,0.0,1.0,1.0,0.0,1,114104.0
44,1,0,0,0,0,223,0.0,0.0,0.02,0.06,0.0,255,5,0.02,0.07,0.0,0.0,0.0,1.0,1,101277.0
16,5,0,0,0,0,146,1.0,1.0,0.15,0.05,0.0,255,22,0.09,0.05,0.0,1.0,1.0,0.0,1,81242.0
44,5,0,0,0,0,153,1.0,1.0,0.07,0.07,0.0,255,10,0.04,0.05,0.0,1.0,1.0,0.0,1,13457.0
13,9,8,0,0,0,1,0.0,0.0,1.0,0.0,1.0,1,39,1.0,0.0,0.51,0.0,0.0,0.0,1,120528.0
12,5,0,0,0,0,206,1.0,1.0,0.07,0.05,0.0,255,15,0.06,0.05,0.0,1.0,1.0,0.0,1,96937.0
11,9,111,39,0,0,2,0.0,0.0,1.0,0.0,0.0,46,35,0.76,0.04,0.0,0.0,0.0,0.0,0,76185.0
49,9,1177,332,0,1,1,0.0,0.0,1.0,0.0,0.0,88,150,0.52,0.06,0.01,0.0,0.0,0.0,0,103591.0
22,9,236,10012,0,1,20,0.0,0.0,1.0,0.0,0.0,168,255,1.0,0.0,0.03,0.0,0.0,0.0,0,50654.0
21,5,0,0,0,0,196,1.0,1.0,0.07,0.07,0.0,255,14,0.05,0.07,0.0,1.0,1.0,0.0,1,111186.0
13,9,30,0,0,0,2,0.0,0.0,0.5,1.0,0.0,255,3,0.01,0.01,0.0,0.0,0.0,0.0,0,87134.0
44,5,0,0,0,0,184,1.0,1.0,0.02,0.07,0.0,255,4,0.02,0.05,0.0,1.0,1.0,0.0,1,115063.0
22,9,309,1215,0,1,9,0.0,0.0,1.0,0.0,0.18,243,255,1.0,0.0,0.01,0.0,0.0,0.0,0,50547.0
52,2,0,0,0,0,131,0.0,0.0,0.04,0.06,0.0,255,5,0.02,0.07,0.0,0.0,0.0,1.0,1,20782.0
22,9,203,6669,0,1,5,0.0,0.0,1.0,0.0,0.0,98,255,1.0,0.0,0.01,0.0,0.0,0.02,0,39040.0
22,9,317,2332,0,1,14,0.0,0.0,1.0,0.0,0.12,14,255,1.0,0.0,0.05,0.0,0.01,0.0,0,117468.0
14,9,1032,0,0,0,511,0.0,0.0,1.0,0.0,0.0,158,13,0.08,0.02,0.0,0.0,0.0,0.0,1,36806.0
2,5,0,0,0,0,252,1.0,1.0,0.08,0.05,0.0,255,21,0.08,0.05,0.0,1.0,1.0,0.0,1,21760.0
14,9,1032,0,0,0,511,0.0,0.0,1.0,0.0,0.0,255,40,0.16,0.07,0.0,0.06,0.0,0.0,1,10162.0
44,1,0,0,0,0,106,0.0,0.0,0.14,0.07,0.0,255,27,0.11,0.05,0.0,0.0,0.0,1.0,1,39383.0
55,9,621,8356,0,1,1,0.0,0.0,1.0,0.0,0.0,255,4,0.02,0.02,0.0,0.0,0.0,0.0,0,3173.0
44,4,0,0,0,0,417,0.0,0.0,0.0,0.52,0.0,255,2,0.01,0.51,0.0,0.0,0.0,1.0,1,95015.0
22,9,308,301,0,1,1,0.0,0.0,1.0,0.0,0.18,8,255,1.0,0.0,0.04,0.0,0.01,0.0,0,104402.0
3,5,0,0,0,0,284,1.0,1.0,0.08,0.04,0.0,255,23,0.09,0.05,0.0,1.0,1.0,0.0,1,24562.0
22,9,262,529,0,1,6,0.0,0.0,1.0,0.0,0.29,82,255,1.0,0.0,0.03,0.0,0.0,0.0,0,8153.0
39,9,48,48,0,0,1,0.0,0.0,1.0,0.0,0.0,82,18,0.22,0.05,0.0,0.0,0.0,0.0,0,48530.0
7,5,0,0,0,0,286,1.0,1.0,0.0,0.05,0.0,255,1,0.0,0.05,0.0,1.0,1.0,0.0,1,27068.0
8,2,0,0,0,0,270,0.0,0.0,0.04,0.07,0.0,255,12,0.05,0.08,0.0,0.0,0.0,1.0,1,48276.0
35,5,0,0,0,0,285,1.0,1.0,0.01,0.06,0.0,255,13,0.05,0.07,0.0,1.0,1.0,0.0,1,96212.0
11,9,45,77,0,0,182,0.0,0.0,1.0,0.0,0.0,255,250,0.98,0.01,0.0,0.0,0.0,0.0,0,57271.0
22,9,343,2445,0,1,6,0.0,0.0,1.0,0.0,0.0,32,255,1.0,0.0,0.02,0.0,0.0,0.0,0,14783.0
22,9,304,4896,0,1,10,0.0,0.0,1.0,0.0,0.0,255,255,1.0,0.0,0.0,0.0,0.0,0.0,0,85640.0
60,5,0,0,0,0,276,1.0,1.0,0.07,0.04,0.0,255,19,0.07,0.05,0.0,1.0,1.0,0.0,1,83289.0
40,9,516,4,0,0,468,0.0,0.0,1.0,0.0,0.0,255,255,1.0,0.0,0.0,0.0,0.0,0.0,0,106111.0
22,5,0,0,0,0,49,1.0,1.0,0.27,0.08,0.0,255,26,0.1,0.04,0.0,1.0,1.0,0.0,1,42874.0
11,9,43,84,0,0,156,0.0,0.0,1.0,0.0,0.0,255,203,0.8,0.01,0.0,0.0,0.0,0.0,0,82281.0
17,9,9,147,0,0,1,0.0,0.0,1.0,0.0,0.0,38,10,0.05,0.08,0.3,0.0,0.0,0.0,0,74570.0
44,9,28,0,3,0,40,0.0,0.0,1.0,0.0,0.0,112,40,0.36,0.04,0.0,0.0,0.0,0.0,1,18616.0
44,1,0,0,0,0,115,0.0,0.0,0.05,0.08,0.0,40,6,0.15,0.15,0.0,0.0,0.0,1.0,1,82590.0
40,9,147,105,0,0,4,0.0,0.0,0.5,0.5,0.0,255,2,0.01,0.57,0.0,0.0,0.0,0.0,0,78754.0
25,5,0,0,0,0,177,1.0,1.0,0.06,0.07,0.0,255,10,0.04,0.06,0.0,1.0,1.0,0.0,1,75790.0
22,9,200,4320,0,1,2,0.0,0.0,1.0,0.0,0.0,2,255,1.0,0.0,0.04,0.0,0.0,0.0,0,31021.0
44,4,0,0,0,0,1,0.0,0.0,1.0,0.0,0.0,255,1,0.0,0.52,0.0,0.0,0.0,1.0,1,118651.0
11,9,44,113,0,0,1,0.0,0.0,1.0,0.0,1.0,255,236,0.93,0.01,0.0,0.0,0.0,0.0,0,75382.0
11,9,94,53,0,0,4,0.0,0.0,1.0,0.0,0.0,36,24,0.67,0.08,0.0,0.0,0.0,0.0,0,14037.0
22,9,198,6867,0,1,4,0.0,0.0,1.0,0.0,0.0,35,255,1.0,0.0,0.01,0.0,0.0,0.0,0,81725.0
22,9,313,1481,0,1,4,0.0,0.0,1.0,0.0,0.0,255,255,1.0,0.0,0.0,0.0,0.0,0.0,0,89817.0
2,5,0,0,0,0,298,1.0,1.0,0.08,0.05,0.0,255,25,0.1,0.05,0.0,1.0,1.0,0.0,1,76419.0
14,9,64,0,0,0,1,0.0,0.0,1.0,0.0,0.0,32,1,0.03,0.12,0.0,0.03,0.0,0.0,0,37377.0
22,1,0,0,0,0,2,0.0,0.0,1.0,0.0,0.8,71,71,1.0,0.0,0.0,0.0,0.0,1.0,0,108222.0
44,5,0,0,0,0,238,1.0,1.0,0.02,0.06,0.0,255,6,0.02,0.08,0.0,1.0,1.0,0.0,1,61362.0
11,9,44,69,0,0,130,0.0,0.0,1.0,0.0,0.0,255,254,1.0,0.01,0.0,0.0,0.0,0.0,0,59091.0
40,9,23,0,0,0,1,0.0,0.0,1.0,0.0,0.0,255,1,0.0,0.02,0.0,0.0,0.0,0.0,1,62967.0
40,9,516,4,0,0,387,0.0,0.0,1.0,0.0,0.0,255,255,1.0,0.0,0.0,0.0,0.0,0.0,0,35334.0
7,1,0,0,0,0,256,0.0,0.0,0.02,0.07,0.0,255,5,0.02,0.07,0.0,0.0,0.0,1.0,1,10076.0
22,9,219,765,0,1,1,0.0,0.0,1.0,0.0,0.0,255,255,1.0,0.0,0.0,0.0,0.0,0.0,0,36018.0
61,5,0,0,0,0,203,1.0,1.0,0.0,0.06,0.0,255,1,0.0,0.08,0.0,1.0,1.0,0.0,1,109491.0
13,9,30,0,0,0,2,0.0,0.0,0.5,1.0,0.0,255,5,0.02,0.01,0.0,0.0,0.0,0.0,0,32162.0
18,2,0,0,0,0,254,0.0,0.0,0.08,0.06,0.0,255,20,0.08,0.07,0.0,0.0,0.0,1.0,1,24296.0
9,2,0,0,0,0,218,0.0,0.0,0.0,0.07,0.0,255,1,0.0,0.09,0.0,0.0,0.0,1.0,1,106679.0
5,5,0,0,0,0,117,1.0,1.0,0.01,0.06,0.0,255,1,0.0,0.05,0.0,1.0,1.0,0.0,1,105520.0
22,9,175,1000,0,1,14,0.0,0.0,1.0,0.0,0.19,14,255,1.0,0.0,0.06,0.0,0.0,0.01,0,123458.0
19,9,192,0,0,0,2,0.0,0.0,1.0,0.0,0.0,63,119,0.84,0.05,0.02,0.0,0.0,0.0,0,19048.0
19,9,2881,0,0,0,5,0.0,0.0,1.0,0.0,0.0,255,60,0.24,0.02,0.0,0.38,0.0,0.0,0,90723.0
20,2,0,0,0,0,156,0.0,0.0,0.01,0.53,0.0,255,1,0.0,0.33,0.0,0.0,0.0,1.0,1,98566.0
44,5,0,0,0,0,105,1.0,1.0,0.05,0.06,0.0,232,16,0.07,0.08,0.0,1.0,1.0,0.0,1,51350.0
40,1,0,0,0,0,366,0.1,0.0,0.0,1.0,0.0,255,1,0.0,1.0,0.0,0.11,0.0,1.0,1,96305.0
10,5,0,0,0,0,279,1.0,1.0,0.03,0.06,0.0,255,2,0.01,0.08,0.0,1.0,1.0,0.0,1,25049.0
14,9,1032,0,0,0,510,0.0,0.0,1.0,0.0,0.0,255,238,0.93,0.02,0.0,0.0,0.0,0.0,1,76589.0
22,9,211,333,0,1,28,0.0,0.0,1.0,0.0,0.05,255,255,1.0,0.0,0.0,0.0,0.0,0.0,0,105758.0
55,5,0,0,0,0,30,1.0,1.0,0.07,0.13,0.0,255,52,0.2,0.03,0.0,1.0,1.0,0.0,1,243.0
22,9,214,2175,0,1,3,0.0,0.0,1.0,0.0,0.0,3,255,1.0,0.0,0.06,0.0,0.0,0.0,0,69084.0
22,9,204,1600,0,1,4,0.0,0.0,1.0,0.0,0.4,255,255,1.0,0.0,0.0,0.0,0.0,0.0,0,62406.0
55,9,191,7232,0,1,1,0.0,0.0,1.0,0.0,0.0,104,19,0.18,0.04,0.0,0.0,0.0,0.11,0,117437.0
22,9,297,1491,0,1,39,0.0,0.0,1.0,0.0,0.09,122,125,1.0,0.0,0.02,0.0,0.0,0.0,0,89169.0
49,9,2652,331,0,1,1,0.0,0.0,1.0,0.0,0.0,11,21,0.82,0.27,0.1,0.0,0.0,0.0,0,113762.0
19,9,1874,0,0,1,9,0.0,0.0,1.0,0.0,0.0,255,103,0.4,0.02,0.0,0.0,0.0,0.0,0,40058.0
22,9,242,3248,0,1,1,0.0,0.0,1.0,0.0,0.0,2,255,1.0,0.0,0.02,0.0,0.0,0.0,0,15302.0
22,9,317,1721,0,1,8,0.0,0.0,1.0,0.0,0.11,56,255,1.0,0.0,0.07,0.0,0.0,0.89,0,114823.0
40,9,167,0,0,1,1,0.0,0.0,1.0,0.0,0.0,157,1,0.01,0.05,0.0,0.03,0.0,0.0,0,4663.0
17,2,0,0,0,0,1,0.0,0.0,1.0,0.0,0.0,94,3,0.03,0.05,0.0,0.0,0.0,0.33,1,100436.0
55,5,0,0,0,0,77,1.0,1.0,0.26,0.05,0.0,255,60,0.24,0.03,0.0,1.0,1.0,0.0,1,67382.0
40,9,147,105,0,0,5,0.0,0.0,0.2,0.6,0.0,21,1,0.05,0.76,0.0,0.0,0.0,0.0,0,21992.0
11,9,44,75,0,0,72,0.0,0.0,1.0,0.0,0.0,255,254,1.0,0.01,0.0,0.0,0.0,0.0,0,91162.0
11,9,38,38,0,0,2,0.0,0.0,1.0,0.0,0.67,255,237,0.93,0.01,0.0,0.0,0.0,0.0,0,45920.0
44,5,0,0,0,0,297,1.0,1.0,0.05,0.06,0.0,255,3,0.01,0.07,0.0,1.0,1.0,0.0,1,31315.0
22,9,226,11036,0,1,3,0.0,0.0,1.0,0.0,0.14,3,255,1.0,0.0,0.01,0.0,0.0,0.0,0,35853.0
10,5,0,0,0,0,205,1.0,1.0,0.01,0.07,0.0,255,2,0.01,0.07,0.0,1.0,1.0,0.0,1,17374.0
17,5,0,0,0,0,29,1.0,1.0,0.28,0.14,0.0,255,41,0.16,0.04,0.0,1.0,1.0,0.0,1,43596.0
22,9,294,1214,0,1,9,0.0,0.0,1.0,0.0,0.0,255,255,1.0,0.0,0.0,0.0,0.0,0.0,0,11390.0
22,9,209,1645,0,1,1,0.0,0.0,1.0,0.0,0.0,91,255,1.0,0.0,0.04,0.0,0.0,0.0,0,98043.0
14,9,1032,0,0,0,511,0.0,0.0,1.0,0.0,0.0,255,80,0.31,0.02,0.0,0.02,0.0,0.0,1,24659.0
22,9,220,451,0,1,35,0.0,0.0,1.0,0.0,0.05,93,255,1.0,0.0,0.03,0.0,0.0,0.0,0,21935.0
44,5,0,0,0,0,72,1.0,1.0,0.19,0.06,0.0,255,20,0.08,0.07,0.0,1.0,1.0,0.0,1,5758.0
25,5,0,0,0,0,268,1.0,1.0,0.01,0.06,0.0,255,4,0.02,0.07,0.0,1.0,1.0,0.0,1,85318.0
22,9,295,685,0,1,27,0.0,0.0,1.0,0.0,0.0,27,221,1.0,0.0,0.03,0.0,0.0,0.0,0,42997.0
44,5,0,0,0,0,131,1.0,1.0,0.15,0.05,0.0,255,19,0.07,0.07,0.0,1.0,1.0,0.0,1,57962.0
44,5,0,0,0,0,287,1.0,1.0,0.03,0.06,0.0,255,10,0.04,0.09,0.0,1.0,1.0,0.0,1,99306.0
22,9,206,2184,0,1,12,0.0,0.0,1.0,0.0,0.0,255,255,1.0,0.0,0.0,0.0,0.0,0.0,0,65201.0
19,9,11842,0,0,1,1,0.0,0.0,1.0,0.0,1.0,4,80,1.0,0.0,0.04,0.0,0.0,0.0,0,92079.0
55,5,0,0,0,0,37,1.0,1.0,0.24,0.11,0.0,255,68,0.27,0.02,0.0,1.0,1.0,0.0,1,69045.0
44,4,0,0,0,0,1,0.0,0.0,1.0,0.0,0.0,255,1,0.0,0.79,0.0,0.0,0.0,1.0,1,75303.0
11,9,45,134,0,0,80,0.0,0.0,1.0,0.0,0.01,255,255,1.0,0.0,0.0,0.0,0.0,0.0,0,16769.0
14,9,520,0,0,0,358,0.0,0.0,1.0,0.0,0.0,255,255,1.0,0.0,0.0,0.0,0.0,0.0,1,1444.0
22,9,289,767,0,1,21,0.0,0.0,1.0,0.0,0.0,239,255,1.0,0.0,0.01,0.0,0.0,0.0,0,113338.0
31,5,0,0,0,0,203,1.0,1.0,0.08,0.05,0.0,255,16,0.06,0.05,0.0,1.0,1.0,0.0,1,119297.0
11,9,22,75,0,0,2,0.0,0.0,0.5,1.0,0.0,94,89,0.95,0.02,0.0,0.0,0.0,0.0,0,18919.0
44,5,0,0,0,0,224,1.0,1.0,0.07,0.06,0.0,255,8,0.03,0.08,0.0,1.0,1.0,0.0,1,64216.0
22,9,303,261,0,1,16,0.0,0.0,1.0,0.0,0.17,255,255,1.0,0.0,0.0,0.0,0.0,0.0,0,56642.0
22,9,220,1608,0,1,20,0.0,0.0,1.0,0.0,0.1,71,255,1.0,0.0,0.02,0.0,0.0,0.0,0,25006.0
36,5,0,0,0,0,149,1.0,1.0,0.13,0.05,0.0,255,11,0.04,0.06,0.0,1.0,1.0,0.0,1,39367.0
6,1,0,0,0,0,149,0.0,0.0,0.13,0.05,0.0,255,14,0.05,0.07,0.0,0.0,0.0,1.0,1,13481.0
11,9,44,44,0,0,40,0.0,0.0,1.0,0.0,0.02,255,255,1.0,0.0,0.0,0.0,0.0,0.0,0,61705.0
22,5,0,0,0,0,281,1.0,1.0,0.03,0.06,0.0,255,9,0.04,0.07,0.0,1.0,1.0,0.0,1,65470.0
51,9,651,9615,0,1,1,0.0,0.0,1.0,0.0,0.0,171,1,0.01,0.03,0.0,0.0,0.0,0.0,0,89578.0
0,9,73,17,0,1,1,0.0,0.0,1.0,0.0,0.0,37,11,0.3,0.05,0.0,0.0,0.0,0.73,0,95249.0
22,9,179,273525,0,1,1,0.0,0.0,1.0,0.0,0.14,255,253,0.99,0.01,0.0,0.0,0.0,0.0,0,33982.0
55,5,0,0,0,0,62,1.0,1.0,0.05,0.06,0.0,255,3,0.01,0.07,0.0,1.0,1.0,0.0,1,89129.0
55,2,125,179,0,0,2,0.0,0.0,1.0,0.0,0.0,7,7,1.0,0.0,0.0,0.14,0.14,0.86,1,84693.0
22,9,357,412,0,1,19,0.0,0.0,1.0,0.0,0.1,255,255,1.0,0.0,0.0,0.0,0.0,0.0,0,42101.0
15,5,0,0,0,0,105,1.0,1.0,0.16,0.06,0.0,255,17,0.07,0.06,0.0,1.0,1.0,0.0,1,82173.0
22,9,211,24786,0,1,19,0.0,0.0,1.0,0.0,0.0,255,255,1.0,0.0,0.0,0.0,0.0,0.0,0,14136.0
22,9,238,2002,0,1,12,0.0,0.0,1.0,0.0,0.06,98,255,1.0,0.0,0.02,0.0,0.01,0.0,0,112613.0
49,9,1476,364,0,1,1,0.0,0.0,1.0,0.0,1.0,58,54,0.93,0.03,0.0,0.0,0.0,0.0,0,36970.0
40,1,0,0,0,0,511,0.05,0.0,0.0,1.0,0.0,255,1,0.0,1.0,0.0,0.0,0.0,1.0,1,46739.0
19,9,1692,0,0,0,2,0.0,0.0,1.0,0.0,0.0,255,31,0.12,0.63,0.0,0.63,0.0,0.0,0,12250.0
22,9,249,726,0,1,20,0.0,0.0,1.0,0.0,0.0,255,255,1.0,0.0,0.0,0.0,0.0,0.0,0,76505.0
44,4,0,0,0,0,1,0.0,0.0,1.0,0.0,0.0,255,1,0.0,0.48,0.0,0.0,0.0,1.0,1,1057.0
28,5,0,0,0,0,47,1.0,1.0,0.28,0.11,0.0,255,13,0.05,0.08,0.0,1.0,1.0,0.0,1,92617.0
22,9,306,1380,0,1,3,0.33,0.33,1.0,0.0,0.0,255,236,0.93,0.02,0.0,0.01,0.01,0.0,0,85935.0
22,9,293,362,0,1,8,0.0,0.0,1.0,0.0,0.2,255,255,1.0,0.0,0.0,0.0,0.0,0.0,0,91605.0
30,2,0,0,0,0,135,0.0,0.0,0.15,0.06,0.0,255,20,0.08,0.05,0.0,0.0,0.0,1.0,1,42938.0
49,9,2704,400,0,1,1,0.0,0.0,1.0,0.0,0.0,255,138,0.54,0.02,0.0,0.0,0.0,0.0,0,98684.0
22,9,257,253,0,1,17,0.0,0.0,1.0,0.0,0.08,255,255,1.0,0.0,0.0,0.0,0.0,0.0,0,94205.0
55,5,0,0,0,0,231,1.0,1.0,0.07,0.06,0.0,255,16,0.06,0.07,0.0,1.0,1.0,0.0,1,87740.0
19,9,1363,0,0,1,10,0.0,0.0,1.0,0.0,0.17,140,112,0.36,0.03,0.03,0.0,0.0,0.0,0,50564.0
13,9,8,0,0,0,1,0.0,0.0,1.0,0.0,1.0,2,25,1.0,0.0,0.52,0.0,0.0,0.0,1,120242.0
22,1,0,0,0,0,1,0.0,0.0,1.0,0.0,0.0,2,255,1.0,0.0,0.15,0.0,0.0,0.79,0,20627.0
54,1,0,0,0,0,236,0.0,0.0,0.01,0.07,0.0,255,3,0.01,0.08,0.0,0.0,0.0,1.0,1,36934.0
11,9,45,110,0,0,1,0.0,0.0,1.0,0.0,1.0,255,238,0.93,0.01,0.0,0.0,0.0,0.0,0,23529.0
22,9,270,2482,0,1,27,0.0,0.0,1.0,0.0,0.06,27,255,1.0,0.0,0.04,0.0,0.0,0.0,0,37228.0
44,9,0,0,0,0,1,0.0,0.0,1.0,0.0,0.0,1,1,1.0,0.0,0.0,0.0,0.0,0.0,1,91467.0
44,5,0,0,0,0,38,1.0,1.0,0.37,0.13,0.0,255,14,0.05,0.08,0.0,1.0,1.0,0.0,1,83528.0
5,5,0,0,0,0,107,1.0,1.0,0.07,0.07,0.0,255,7,0.03,0.07,0.0,1.0,1.0,0.0,1,108936.0
38,2,0,0,0,0,168,0.0,0.0,0.01,0.07,0.0,255,2,0.01,0.07,0.0,0.0,0.0,1.0,1,21923.0
0,4,1010,6365,0,1,2,0.0,0.0,1.0,0.0,0.0,34,14,0.41,0.06,0.0,0.12,0.29,0.57,0,94727.0
60,1,0,0,0,0,254,0.0,0.0,0.04,0.06,0.0,255,10,0.04,0.07,0.0,0.0,0.0,1.0,1,35894.0
19,9,884,0,0,1,2,0.0,0.0,1.0,0.0,0.0,255,36,0.14,0.02,0.0,0.0,0.0,0.0,0,55722.0
44,5,0,0,0,0,137,1.0,1.0,0.04,0.08,0.0,255,5,0.02,0.07,0.0,1.0,1.0,0.0,1,28444.0
22,9,290,1693,0,1,9,0.0,0.0,1.0,0.0,0.0,156,255,1.0,0.0,0.05,0.0,0.0,0.0,0,43503.0
22,9,281,757,0,1,1,0.0,0.0,1.0,0.0,1.0,35,255,1.0,0.0,0.04,0.0,0.0,0.0,0,92936.0
49,9,1698,390,0,1,1,0.0,0.0,1.0,0.0,0.0,255,96,0.38,0.25,0.0,0.25,0.0,0.0,0,70232.0
30,2,0,0,0,0,138,0.0,0.0,0.02,0.06,0.0,255,3,0.01,0.07,0.0,0.0,0.0,1.0,1,95752.0
44,5,0,0,0,0,222,1.0,1.0,0.04,0.05,0.0,255,7,0.03,0.09,0.0,1.0,1.0,0.0,1,39625.0
40,1,0,0,0,0,511,0.09,0.0,0.0,1.0,0.0,255,1,0.0,1.0,0.0,0.09,0.0,1.0,1,119702.0
10,5,0,0,0,0,16,1.0,1.0,0.38,0.19,0.0,255,12,0.05,0.07,0.0,1.0,1.0,0.0,1,40737.0
44,5,0,0,0,0,123,1.0,1.0,0.03,0.07,0.0,255,2,0.01,0.06,0.0,1.0,1.0,0.0,1,39337.0
22,9,283,3091,0,1,2,0.0,0.0,1.0,0.0,0.0,6,255,1.0,0.0,0.04,0.0,0.0,0.0,0,124375.0
22,9,194,263,0,1,15,0.0,0.0,1.0,0.0,0.17,255,255,1.0,0.0,0.0,0.0,0.0,0.0,0,84105.0
22,9,316,266,0,1,1,0.0,0.0,1.0,0.0,0.4,62,255,1.0,0.0,0.03,0.0,0.0,0.0,0,74247.0
25,5,0,0,0,0,260,1.0,1.0,0.07,0.05,0.0,255,17,0.07,0.05,0.0,1.0,1.0,0.0,1,110967.0
22,9,231,258,0,1,4,0.0,0.0,1.0,0.0,0.0,255,252,0.99,0.01,0.0,0.0,0.0,0.0,0,25568.0
62,1,0,0,0,0,269,0.0,0.0,0.06,0.07,0.0,255,17,0.07,0.08,0.0,0.0,0.0,1.0,1,87617.0
44,1,0,0,0,0,194,0.1,0.0,0.01,1.0,0.0,255,1,0.0,0.89,0.0,0.07,0.0,1.0,1,14468.0
44,5,0,0,0,0,118,1.0,1.0,0.04,0.07,0.0,255,6,0.02,0.07,0.0,1.0,1.0,0.0,1,81463.0
62,5,0,0,0,0,270,1.0,1.0,0.04,0.06,0.0,255,10,0.04,0.07,0.0,1.0,1.0,0.0,1,82943.0
44,5,0,0,0,0,244,1.0,1.0,0.06,0.06,0.0,255,15,0.06,0.05,0.0,1.0,1.0,0.0,1,45018.0
44,5,0,0,0,0,91,1.0,1.0,0.22,0.05,0.0,255,19,0.07,0.06,0.0,1.0,1.0,0.0,1,63109.0
22,9,415,11202,0,1,5,0.2,0.2,1.0,0.0,0.0,255,255,1.0,0.0,0.0,0.01,0.01,0.0,0,74632.0
2,5,0,0,0,0,280,1.0,1.0,0.07,0.06,0.0,255,19,0.07,0.07,0.0,1.0,1.0,0.0,1,89338.0
22,9,207,934,0,1,11,0.0,0.0,1.0,0.0,0.13,210,255,1.0,0.0,0.02,0.0,0.0,0.0,0,110700.0
17,9,7,0,0,0,1,0.0,0.0,1.0,0.0,0.0,46,11,0.09,0.04,0.18,0.0,0.0,0.0,0,2177.0
22,9,191,1938,0,1,2,0.0,0.0,1.0,0.0,0.0,17,255,1.0,0.0,0.08,0.0,0.0,0.0,0,74894.0
22,9,224,2043,0,1,14,0.0,0.0,1.0,0.0,0.0,255,255,1.0,0.0,0.0,0.0,0.0,0.0,0,78050.0
49,9,2092,363,0,1,1,0.0,0.0,1.0,0.0,1.0,34,175,0.74,0.15,0.02,0.0,0.0,0.0,0,13213.0
18,9,322,1054,0,1,1,0.0,0.0,1.0,0.0,0.0,237,58,0.24,0.02,0.0,0.0,0.0,0.0,0,120427.0
13,9,8,0,0,0,1,0.0,0.0,1.0,0.0,1.0,1,129,1.0,0.0,0.51,0.0,0.0,0.0,1,20288.0
14,9,520,0,0,0,27,0.0,0.0,1.0,0.0,0.0,255,255,1.0,0.0,0.0,0.0,0.0,0.0,1,79037.0
44,9,1,0,0,0,45,0.0,0.0,0.4,0.09,0.0,255,85,0.33,0.06,0.0,0.0,0.0,0.0,1,64328.0
18,9,1223,2451,0,1,1,0.0,0.0,1.0,0.0,0.0,179,7,0.04,0.03,0.0,0.01,0.0,0.0,1,55937.0
55,9,650,19154,0,1,1,0.0,0.0,1.0,0.0,0.0,44,6,0.11,0.07,0.33,0.0,0.17,0.0,0,122442.0
33,5,0,0,0,0,104,1.0,1.0,0.18,0.07,0.0,255,2,0.01,0.07,0.0,1.0,1.0,0.0,1,99546.0
22,1,0,0,0,0,1,0.0,0.0,1.0,0.0,0.0,2,41,1.0,0.0,0.24,0.0,0.0,1.0,0,89545.0
22,9,220,1111,0,1,11,0.0,0.0,1.0,0.0,0.0,11,255,1.0,0.0,0.02,0.0,0.0,0.0,0,117789.0
17,9,9,44,0,0,4,0.0,0.0,1.0,0.0,0.0,154,6,0.04,0.06,0.0,0.01,0.0,0.0,1,41573.0
13,9,8,0,0,0,1,0.0,0.0,1.0,0.0,1.0,1,165,1.0,0.0,0.25,0.0,0.0,0.0,1,47307.0
11,9,43,131,0,0,80,0.0,0.0,0.99,0.03,0.01,255,216,0.85,0.02,0.0,0.0,0.0,0.0,0,60326.0
22,9,302,381,0,1,12,0.0,0.0,1.0,0.0,0.0,12,255,1.0,0.0,0.07,0.0,0.0,0.04,0,101268.0
22,9,255,2972,0,1,1,0.0,0.0,1.0,0.0,0.6,162,255,1.0,0.0,0.01,0.0,0.0,0.0,0,22340.0
22,9,244,2522,0,1,1,0.0,0.0,1.0,0.0,0.25,156,255,1.0,0.0,0.02,0.0,0.0,0.0,0,40423.0
49,9,1591,338,0,1,1,0.0,0.0,1.0,0.0,0.0,118,233,0.94,0.02,0.01,0.0,0.0,0.0,0,37973.0
22,9,311,3785,0,1,2,0.0,0.0,1.0,0.0,0.67,80,255,1.0,0.0,0.01,0.0,0.0,0.0,0,86180.0
22,9,342,511,0,1,20,0.0,0.0,1.0,0.0,0.1,255,255,1.0,0.0,0.0,0.0,0.0,0.0,0,72609.0
44,9,28,0,3,0,5,0.0,0.0,1.0,0.0,0.0,255,72,0.28,0.01,0.0,0.0,0.0,0.0,1,124142.0
19,9,1342,0,0,1,8,0.0,0.11,1.0,0.0,0.22,134,32,0.24,0.04,0.0,0.0,0.0,0.0,0,56016.0
22,9,236,261,0,1,5,0.0,0.0,1.0,0.0,0.18,20,255,1.0,0.0,0.01,0.0,0.0,0.0,0,85660.0
22,9,300,2507,0,1,4,0.0,0.0,1.0,0.0,0.0,216,210,0.97,0.01,0.0,0.0,0.0,0.07,0,75714.0
22,9,245,250,0,1,2,0.0,0.0,1.0,0.0,0.15,89,255,1.0,0.0,0.02,0.0,0.0,0.0,0,83121.0
44,5,0,0,0,0,217,1.0,1.0,0.05,0.06,0.0,255,3,0.01,0.09,0.0,1.0,1.0,0.0,1,31432.0
22,9,268,7938,0,1,4,0.0,0.0,1.0,0.0,0.0,25,43,1.0,0.0,0.05,0.0,0.0,0.0,0,113529.0
11,9,46,136,0,0,238,0.0,0.0,1.0,0.01,0.01,255,245,0.96,0.01,0.0,0.0,0.0,0.0,0,25614.0
22,9,329,614,0,1,12,0.0,0.0,1.0,0.0,0.0,12,255,1.0,0.0,0.03,0.0,0.0,0.0,0,67296.0
22,9,215,827,0,1,7,0.0,0.0,1.0,0.0,0.25,7,255,1.0,0.0,0.07,0.0,0.0,0.0,0,49616.0
21,5,0,0,0,0,269,1.0,1.0,0.07,0.06,0.0,255,18,0.07,0.06,0.0,1.0,1.0,0.0,1,780.0
22,9,332,4714,0,1,20,0.0,0.0,1.0,0.0,0.1,21,255,1.0,0.0,0.07,0.0,0.0,0.0,0,54566.0
44,5,0,0,0,0,2,1.0,1.0,0.5,1.0,0.0,255,1,0.0,1.0,0.0,0.05,1.0,0.0,1,2303.0
44,1,0,0,0,0,1,0.0,0.0,1.0,0.0,0.0,7,1,0.14,1.0,0.0,0.0,0.0,1.0,0,15906.0
49,9,840,332,0,1,1,0.0,0.0,1.0,0.0,0.0,121,181,0.98,0.02,0.01,0.0,0.0,0.0,0,54920.0
23,5,0,0,0,0,242,1.0,1.0,0.09,0.05,0.0,255,22,0.09,0.06,0.0,1.0,1.0,0.0,1,29993.0
44,5,0,0,0,0,113,1.0,1.0,0.07,0.06,0.0,255,18,0.07,0.07,0.0,1.0,1.0,0.0,1,40998.0
59,5,0,0,0,0,109,1.0,1.0,0.08,0.06,0.0,255,9,0.04,0.05,0.0,1.0,1.0,0.0,1,5966.0
11,9,44,74,0,0,127,0.0,0.0,1.0,0.0,0.02,255,225,0.88,0.01,0.0,0.0,0.0,0.0,0,1799.0
55,5,0,0,0,0,107,1.0,1.0,0.09,0.06,0.0,255,10,0.04,0.07,0.0,1.0,1.0,0.0,1,97391.0
44,5,0,0,0,0,185,1.0,1.0,0.02,0.08,0.0,255,14,0.05,0.07,0.0,1.0,1.0,0.0,1,91732.0
22,9,54540,8314,0,1,4,0.0,0.0,1.0,0.0,0.0,124,124,1.0,0.0,0.0,0.0,0.0,0.05,1,85513.0
2,1,0,0,0,0,235,0.0,0.0,0.06,0.07,0.0,255,15,0.06,0.07,0.0,0.0,0.0,1.0,1,43643.0
22,9,218,1719,0,1,12,0.0,0.0,1.0,0.0,0.0,255,255,1.0,0.0,0.0,0.0,0.0,0.0,0,72172.0
44,5,0,0,0,0,116,1.0,1.0,0.08,0.06,0.0,255,10,0.04,0.07,0.0,1.0,1.0,0.0,1,52941.0
44,1,0,0,0,0,273,0.0,0.0,0.04,0.07,0.0,255,22,0.09,0.07,0.0,0.0,0.0,1.0,1,41908.0
13,9,8,0,0,0,1,0.0,0.0,1.0,0.0,1.0,2,255,1.0,0.0,0.5,0.0,0.0,0.0,1,59226.0
11,9,45,81,0,0,298,0.0,0.0,1.0,0.01,0.0,255,254,1.0,0.01,0.0,0.0,0.0,0.0,0,23527.0
22,5,0,0,0,0,45,1.0,1.0,0.24,0.09,0.0,255,28,0.11,0.04,0.0,1.0,1.0,0.0,1,111346.0
32,5,0,0,0,0,231,1.0,1.0,0.01,0.06,0.0,255,2,0.01,0.07,0.0,1.0,1.0,0.0,1,102013.0
19,9,334,0,0,1,2,0.0,0.0,1.0,0.0,0.0,14,24,1.0,0.0,0.12,0.0,0.0,0.0,1,122346.0
52,5,0,0,0,0,266,1.0,1.0,0.02,0.07,0.0,255,4,0.02,0.07,0.0,1.0,1.0,0.0,1,9501.0
19,9,491,0,0,0,1,0.0,0.0,1.0,0.0,0.0,58,8,0.14,0.07,0.0,0.0,0.0,0.0,0,23681.0
44,1,0,0,0,0,262,0.03,0.0,0.0,1.0,0.0,255,1,0.0,0.97,0.0,0.04,0.0,1.0,1,58477.0
22,5,0,0,0,0,18,1.0,1.0,1.0,0.0,0.0,20,18,0.9,0.1,0.0,0.9,1.0,0.0,1,83916.0
22,9,324,3660,0,1,4,0.0,0.0,1.0,0.0,0.0,237,255,1.0,0.0,0.01,0.01,0.01,0.0,0,48655.0
22,9,225,668,0,1,52,0.0,0.0,1.0,0.0,0.04,255,255,1.0,0.0,0.0,0.0,0.0,0.0,0,19140.0
49,9,1023,334,0,1,1,0.0,0.0,1.0,0.0,0.0,227,119,0.48,0.02,0.02,0.0,0.0,0.0,0,72697.0
22,9,213,2776,0,1,10,0.0,0.0,1.0,0.0,0.0,10,255,1.0,0.0,0.01,0.0,0.0,0.0,0,50938.0
44,5,0,0,0,0,177,1.0,1.0,0.11,0.06,0.0,255,2,0.01,0.08,0.0,1.0,1.0,0.0,1,69945.0
55,5,0,0,0,0,230,1.0,1.0,0.01,0.05,0.0,255,3,0.01,0.06,0.0,1.0,1.0,0.0,1,65487.0
22,9,244,1952,0,1,24,0.0,0.0,1.0,0.0,0.0,24,255,1.0,0.0,0.04,0.0,0.0,0.0,0,82568.0
22,9,241,389,0,1,4,0.0,0.0,1.0,0.0,0.0,46,255,1.0,0.0,0.01,0.0,0.0,0.0,0,80916.0
22,9,237,952,0,1,22,0.0,0.0,1.0,0.0,0.1,25,255,1.0,0.0,0.02,0.0,0.0,0.0,0,25057.0
22,9,350,1627,0,1,17,0.0,0.0,1.0,0.0,0.0,17,255,1.0,0.0,0.04,0.0,0.0,0.0,0,105510.0
44,5,0,0,0,0,120,0.99,1.0,0.12,0.07,0.0,255,14,0.05,0.05,0.0,1.0,1.0,0.0,1,15631.0
22,9,226,650,0,1,10,0.0,0.0,1.0,0.0,0.0,89,255,1.0,0.0,0.04,0.0,0.01,0.01,0,2418.0
22,9,204,6356,0,1,32,0.0,0.0,1.0,0.0,0.06,207,255,1.0,0.0,0.01,0.0,0.0,0.0,0,94632.0
22,9,221,3905,0,1,22,0.0,0.0,1.0,0.0,0.06,255,255,1.0,0.0,0.0,0.0,0.0,0.0,0,108565.0
22,1,0,0,0,0,1,0.0,0.0,1.0,0.0,1.0,2,255,1.0,0.0,0.19,0.0,0.01,0.99,0,25587.0
22,9,342,2444,0,1,7,0.0,0.0,1.0,0.0,0.18,23,255,1.0,0.0,0.04,0.0,0.0,0.0,0,85579.0
49,9,795,335,0,1,1,0.0,0.0,1.0,0.0,0.0,4,130,1.0,0.0,0.02,0.0,0.0,0.0,0,107596.0
44,5,0,0,0,0,130,1.0,1.0,0.05,0.06,0.0,255,5,0.02,0.07,0.0,1.0,1.0,0.0,1,67982.0
22,9,220,943,0,1,7,0.0,0.0,1.0,0.0,0.25,77,255,1.0,0.0,0.03,0.0,0.0,0.0,0,50877.0
11,9,45,45,0,0,185,0.0,0.0,1.0,0.0,0.0,255,229,0.9,0.01,0.0,0.0,0.0,0.0,0,8751.0
13,9,8,0,0,0,1,0.0,0.0,1.0,0.0,1.0,2,122,1.0,0.0,0.25,0.0,0.0,0.0,1,110560.0
22,9,259,1001,0,1,6,0.0,0.0,1.0,0.0,0.0,255,255,1.0,0.0,0.0,0.0,0.0,0.0,0,23773.0
22,9,235,309,0,1,19,0.0,0.0,1.0,0.0,0.0,255,255,1.0,0.0,0.0,0.0,0.0,0.0,0,33871.0
20,5,0,0,0,0,232,1.0,1.0,0.0,0.07,0.0,255,1,0.0,0.07,0.0,1.0,1.0,0.0,1,108610.0
22,9,209,267,0,1,3,0.0,0.0,1.0,0.0,0.08,150,255,1.0,0.0,0.01,0.0,0.0,0.0,0,34040.0
5,5,0,0,0,0,113,1.0,1.0,0.17,0.05,0.0,255,9,0.04,0.07,0.0,1.0,1.0,0.0,1,102752.0
22,9,292,3529,0,1,1,0.0,0.0,1.0,0.0,0.0,1,233,1.0,0.0,0.05,0.0,0.0,0.0,0,39021.0
11,9,45,130,0,0,192,0.0,0.0,0.99,0.01,0.0,223,190,0.85,0.01,0.0,0.0,0.0,0.0,0,55966.0
39,9,48,48,0,0,1,0.0,0.0,1.0,0.0,0.0,45,45,1.0,0.0,0.0,0.0,0.0,0.0,0,82480.0
22,9,275,8042,0,1,20,0.0,0.0,1.0,0.0,0.12,20,255,1.0,0.0,0.04,0.0,0.0,0.0,0,41815.0
22,9,312,2993,0,1,7,0.0,0.0,1.0,0.0,0.0,206,255,1.0,0.0,0.02,0.0,0.0,0.01,0,77423.0
60,5,0,0,0,0,209,1.0,1.0,0.11,0.06,0.0,255,22,0.09,0.06,0.0,1.0,1.0,0.0,1,7699.0
49,9,876,329,0,1,1,0.0,0.0,1.0,0.0,0.0,141,134,0.77,0.03,0.01,0.0,0.0,0.0,0,107615.0
22,9,257,490,0,1,1,0.0,0.0,1.0,0.0,0.0,21,255,1.0,0.0,0.04,0.0,0.0,0.0,0,92961.0
22,9,206,4057,0,1,2,0.0,0.0,1.0,0.0,0.33,33,255,1.0,0.0,0.02,0.0,0.0,0.0,0,20094.0
44,5,0,0,0,0,123,1.0,1.0,0.07,0.06,0.0,255,1,0.0,0.07,0.0,1.0,1.0,0.0,1,113203.0
13,9,8,0,0,0,1,0.0,0.0,1.0,0.0,1.0,2,62,1.0,0.0,0.52,0.0,0.0,0.0,1,45817.0
19,9,334,0,0,1,2,0.0,0.0,1.0,0.0,0.0,9,34,1.0,0.0,0.15,0.0,0.0,0.0,1,81739.0
13,9,8,0,0,0,1,0.0,0.0,1.0,0.0,1.0,1,105,1.0,0.0,0.5,0.0,0.0,0.0,1,60213.0
44,5,0,0,0,0,178,1.0,1.0,0.14,0.05,0.0,255,25,0.1,0.05,0.0,1.0,1.0,0.0,1,40840.0
14,9,1032,0,0,0,511,0.0,0.0,1.0,0.0,0.0,255,37,0.15,0.21,0.0,0.0,0.0,0.0,1,87424.0
44,5,0,0,0,0,90,1.0,1.0,0.14,0.07,0.0,255,2,0.01,0.07,0.0,1.0,1.0,0.0,1,59017.0
18,5,0,0,0,0,104,1.0,1.0,0.21,0.05,0.0,255,5,0.02,0.07,0.0,1.0,1.0,0.0,1,83250.0
44,5,0,0,0,0,136,1.0,1.0,0.12,0.05,0.0,255,14,0.05,0.07,0.0,1.0,1.0,0.0,1,27622.0
16,5,0,0,0,0,127,1.0,1.0,0.14,0.06,0.0,255,18,0.07,0.05,0.0,1.0,1.0,0.0,1,111196.0
11,9,43,75,0,0,133,0.0,0.0,1.0,0.0,0.01,255,254,1.0,0.01,0.0,0.0,0.0,0.0,0,5632.0
13,9,8,0,0,0,1,0.0,0.0,1.0,0.0,1.0,1,9,1.0,0.0,0.33,0.0,0.0,0.0,1,56065.0
22,9,159,27085,0,1,1,0.0,0.0,1.0,0.0,0.0,255,255,1.0,0.0,0.0,0.0,0.0,0.0,0,94767.0
49,9,1077,370,0,1,2,0.0,0.0,0.5,1.0,0.0,255,13,0.05,0.61,0.0,0.0,0.08,0.0,0,122021.0
44,5,0,0,0,0,202,1.0,1.0,0.12,0.05,0.0,255,24,0.09,0.06,0.0,1.0,1.0,0.0,1,9079.0
11,9,45,133,0,0,237,0.0,0.0,1.0,0.0,0.01,255,253,0.99,0.01,0.0,0.0,0.0,0.0,0,13469.0
22,9,280,453,0,1,25,0.0,0.0,1.0,0.0,0.0,255,255,1.0,0.0,0.0,0.0,0.0,0.0,0,93116.0
22,9,333,420,0,1,1,0.0,0.0,1.0,0.0,1.0,255,255,1.0,0.0,0.0,0.0,0.0,0.0,0,43124.0
4,5,0,0,0,0,279,1.0,1.0,0.08,0.05,0.0,255,21,0.08,0.05,0.0,1.0,1.0,0.0,1,121818.0
11,9,44,130,0,0,74,0.0,0.0,1.0,0.0,0.01,255,254,1.0,0.01,0.0,0.0,0.0,0.0,0,38799.0
22,9,191,383,0,1,44,0.0,0.0,1.0,0.0,0.07,45,255,1.0,0.0,0.02,0.0,0.0,0.0,0,86403.0
22,9,215,488,0,1,7,0.0,0.0,1.0,0.0,0.25,50,255,1.0,0.0,0.03,0.0,0.0,0.0,0,52851.0
25,5,0,0,0,0,49,1.0,1.0,0.22,0.12,0.0,255,11,0.04,0.08,0.0,1.0,1.0,0.0,1,109660.0
59,5,0,0,0,0,131,1.0,1.0,0.04,0.06,0.0,255,5,0.02,0.06,0.0,1.0,1.0,0.0,1,108233.0
44,5,0,0,0,0,202,1.0,1.0,0.08,0.06,0.0,255,16,0.06,0.05,0.0,1.0,1.0,0.0,1,86534.0
44,5,0,0,0,0,115,1.0,1.0,0.13,0.05,0.0,255,15,0.06,0.06,0.0,1.0,1.0,0.0,1,47720.0
44,5,0,0,0,0,122,1.0,1.0,0.13,0.06,0.0,255,4,0.02,0.07,0.0,1.0,1.0,0.0,1,118868.0
20,5,0,0,0,0,235,1.0,1.0,0.02,0.06,0.0,255,1,0.0,0.09,0.0,1.0,1.0,0.0,1,116002.0
22,9,245,307,0,1,9,0.0,0.0,1.0,0.0,0.18,255,255,1.0,0.0,0.0,0.0,0.0,0.0,0,81171.0
22,9,334,1600,0,1,9,0.0,0.0,1.0,0.0,0.0,255,255,1.0,0.0,0.0,0.0,0.0,0.0,0,118679.0
22,9,241,13224,0,1,7,0.0,0.0,1.0,0.0,0.0,42,255,1.0,0.0,0.03,0.0,0.0,0.0,0,14801.0
22,9,322,1108,0,1,40,0.0,0.0,1.0,0.0,0.0,40,255,1.0,0.0,0.04,0.0,0.0,0.0,0,23467.0
22,9,223,160,0,1,1,0.0,0.0,1.0,0.0,0.05,21,255,1.0,0.0,0.04,0.0,0.0,0.0,0,79655.0
22,9,328,3141,0,1,2,0.0,0.0,1.0,0.0,0.4,92,255,1.0,0.0,0.01,0.0,0.0,0.0,0,100933.0
44,5,0,0,0,0,207,1.0,1.0,0.01,0.05,0.0,255,2,0.01,0.05,0.0,1.0,1.0,0.0,1,19906.0
44,9,1,0,0,0,3,0.0,0.0,0.33,1.0,0.0,255,1,0.0,0.37,0.0,0.0,0.0,0.0,1,108205.0
23,5,0,0,0,0,136,1.0,1.0,0.15,0.06,0.0,255,20,0.08,0.06,0.0,1.0,1.0,0.0,1,62384.0
2,5,0,0,0,0,188,1.0,1.0,0.04,0.06,0.0,255,8,0.03,0.07,0.0,1.0,1.0,0.0,1,40343.0
41,5,0,0,0,0,276,1.0,1.0,0.04,0.05,0.0,255,12,0.05,0.07,0.0,1.0,1.0,0.0,1,30727.0
49,9,977,368,0,1,1,0.0,0.0,1.0,0.0,1.0,22,121,0.55,0.18,0.02,0.0,0.0,0.0,0,106032.0
5,5,0,0,0,0,125,1.0,1.0,0.07,0.06,0.0,255,9,0.04,0.05,0.0,1.0,1.0,0.0,1,50225.0
22,9,333,8019,0,1,3,0.33,0.12,1.0,0.0,0.25,3,255,1.0,0.0,0.03,0.33,0.01,0.0,0,88577.0
22,9,309,1528,0,1,7,0.0,0.0,1.0,0.0,0.0,255,255,1.0,0.0,0.0,0.01,0.01,0.0,0,16310.0
40,1,0,0,0,0,315,0.1,0.0,0.0,1.0,0.0,255,1,0.0,1.0,0.0,0.09,0.0,1.0,1,72388.0
22,9,234,4178,0,1,9,0.0,0.0,1.0,0.0,0.0,81,255,1.0,0.0,0.04,0.0,0.0,0.0,0,28070.0
59,5,0,0,0,0,110,1.0,1.0,0.01,0.06,0.0,255,1,0.0,0.06,0.0,1.0,1.0,0.0,1,100098.0
19,9,4539,0,0,1,20,0.0,0.0,1.0,0.0,0.0,27,68,0.96,0.07,0.03,0.0,0.0,0.0,0,34894.0
22,9,293,1651,0,1,10,0.0,0.0,1.0,0.0,0.0,97,255,1.0,0.0,0.01,0.0,0.0,0.0,0,43602.0
0,9,74,18,0,0,2,0.0,0.0,1.0,0.0,0.0,53,17,0.32,0.04,0.0,0.0,0.0,0.59,0,66612.0
13,9,8,0,0,0,1,0.0,0.0,1.0,0.0,1.0,1,25,1.0,0.0,0.52,0.0,0.0,0.0,1,8387.0
22,9,305,847,0,1,5,0.0,0.0,1.0,0.0,0.0,30,255,1.0,0.0,0.01,0.0,0.0,0.0,0,84731.0
44,5,0,0,0,0,13,1.0,1.0,0.54,0.23,0.0,255,7,0.03,0.07,0.0,1.0,1.0,0.0,1,12036.0
22,9,210,10609,0,1,13,0.0,0.0,1.0,0.0,0.12,13,255,1.0,0.0,0.04,0.0,0.0,0.0,0,114564.0
44,1,0,0,0,0,108,0.0,0.0,0.19,0.07,0.0,255,5,0.02,0.09,0.0,0.0,0.0,1.0,1,67449.0
58,9,78,0,0,0,35,0.0,0.0,0.11,0.06,0.4,255,28,0.11,0.01,0.0,0.0,0.0,0.0,0,15778.0
27,5,0,0,0,0,91,1.0,1.0,0.04,0.09,0.0,255,4,0.02,0.07,0.0,1.0,1.0,0.0,1,5200.0
40,9,147,105,0,0,4,0.0,0.0,0.5,0.5,0.0,255,2,0.01,0.44,0.0,0.0,0.0,0.0,0,119004.0
40,9,516,4,0,0,368,0.0,0.0,1.0,0.0,0.0,255,255,1.0,0.0,0.0,0.0,0.0,0.0,0,50003.0
13,9,18,0,0,0,1,0.0,0.0,1.0,0.0,0.0,1,135,1.0,0.0,1.0,0.0,0.0,0.0,1,103829.0
59,2,0,0,0,0,120,0.0,0.0,0.12,0.08,0.0,255,15,0.06,0.07,0.0,0.0,0.0,1.0,1,112319.0
11,9,36,96,0,0,1,0.0,0.0,1.0,0.0,0.6,7,193,1.0,0.0,0.01,0.0,0.0,0.0,0,13034.0
44,1,0,0,0,0,33,0.0,0.0,0.03,0.58,0.0,255,1,0.0,0.08,0.0,0.0,0.0,1.0,1,69829.0
18,9,1513,4152,0,1,1,0.0,0.0,1.0,0.0,0.0,149,58,0.39,0.03,0.0,0.0,0.0,0.0,0,49537.0
44,5,0,0,0,0,154,1.0,1.0,0.08,0.06,0.0,255,11,0.04,0.07,0.0,1.0,1.0,0.0,1,90907.0
22,9,215,8421,0,1,3,0.0,0.0,1.0,0.0,0.0,255,255,1.0,0.0,0.0,0.0,0.0,0.0,0,96553.0
44,5,0,0,0,0,296,1.0,1.0,0.05,0.06,0.0,255,6,0.02,0.07,0.0,1.0,1.0,0.0,1,94112.0
44,9,28,0,3,0,40,0.0,0.0,1.0,0.0,0.0,255,40,0.16,0.01,0.0,0.0,0.0,0.0,1,111803.0
35,5,0,0,0,0,195,1.0,1.0,0.02,0.06,0.0,255,4,0.02,0.06,0.0,1.0,1.0,0.0,1,89709.0
22,9,209,685,0,1,6,0.0,0.0,1.0,0.0,0.12,8,255,1.0,0.0,0.11,0.0,0.0,0.62,0,35053.0
11,9,44,74,0,0,3,0.0,0.0,1.0,0.0,0.0,255,251,0.98,0.01,0.0,0.0,0.0,0.0,0,104715.0
44,5,0,0,0,0,65,1.0,1.0,0.32,0.05,0.0,255,21,0.08,0.04,0.0,1.0,1.0,0.0,1,44708.0
22,9,227,9986,0,1,14,0.0,0.0,1.0,0.0,0.12,255,255,1.0,0.0,0.0,0.0,0.0,0.0,0,23065.0
29,5,0,0,0,0,268,1.0,1.0,0.07,0.06,0.0,255,19,0.07,0.07,0.0,1.0,1.0,0.0,1,76280.0
22,9,335,289,0,1,1,0.0,0.0,1.0,0.0,0.0,12,255,1.0,0.0,0.01,0.0,0.0,0.0,0,10876.0
40,1,0,0,0,0,454,0.08,0.0,0.0,1.0,0.0,255,1,0.0,1.0,0.0,0.06,0.0,1.0,1,118166.0
19,9,4539,0,0,1,20,0.0,0.0,1.0,0.0,0.0,141,49,0.28,0.03,0.04,0.0,0.0,0.0,0,978.0
22,9,243,7332,0,1,12,0.0,0.0,1.0,0.0,0.0,255,255,1.0,0.0,0.0,0.0,0.0,0.0,0,38908.0
22,9,305,3410,0,1,9,0.0,0.0,1.0,0.0,0.0,255,255,1.0,0.0,0.0,0.0,0.0,0.0,0,105419.0
22,9,308,553,0,1,2,0.0,0.0,1.0,0.0,0.3,2,5,1.0,0.0,0.4,0.0,0.4,0.2,0,8275.0
22,9,297,1779,0,1,23,0.0,0.0,1.0,0.0,0.0,35,255,1.0,0.0,0.05,0.0,0.0,0.0,0,114696.0
22,9,308,2239,0,1,6,0.0,0.0,1.0,0.0,0.0,116,103,0.89,0.03,0.0,0.0,0.0,0.0,0,100043.0
11,9,44,130,0,0,67,0.0,0.0,1.0,0.0,0.01,255,195,0.76,0.02,0.0,0.0,0.0,0.0,0,1959.0
49,9,1188,492,0,1,1,0.0,0.0,1.0,0.0,1.0,255,129,0.51,0.02,0.0,0.42,0.47,0.0,0,112899.0
44,9,1,0,0,0,18,0.0,0.0,1.0,0.0,0.0,86,18,0.21,0.06,0.0,0.0,0.0,0.0,1,50470.0
22,9,239,2982,0,1,2,0.0,0.0,1.0,0.0,0.17,2,82,1.0,0.0,0.11,0.0,0.0,0.0,0,7413.0
44,5,0,0,0,0,269,1.0,1.0,0.06,0.05,0.0,255,16,0.06,0.07,0.0,1.0,1.0,0.0,1,76531.0
11,9,45,120,0,0,261,0.0,0.0,1.0,0.0,0.01,255,218,0.85,0.01,0.0,0.0,0.0,0.0,0,5780.0
22,9,219,1211,0,1,2,0.0,0.0,1.0,0.0,0.25,255,255,1.0,0.0,0.0,0.0,0.0,0.0,0,36389.0
22,9,227,1797,0,1,16,0.0,0.0,1.0,0.0,0.1,41,44,1.0,0.0,0.05,0.02,0.02,0.0,0,108418.0
61,5,0,0,0,0,294,1.0,1.0,0.06,0.06,0.0,255,18,0.07,0.09,0.0,1.0,1.0,0.0,1,16250.0
44,5,0,0,0,0,193,1.0,1.0,0.11,0.06,0.0,54,16,0.3,0.17,0.0,0.74,1.0,0.0,1,52618.0
22,4,46720,8314,0,1,5,0.0,0.0,1.0,0.0,0.0,28,28,1.0,0.0,0.0,0.0,0.0,0.39,1,42687.0
44,5,0,0,0,0,249,1.0,1.0,0.04,0.06,0.0,255,11,0.04,0.08,0.0,1.0,1.0,0.0,1,34984.0
22,6,139,21900,0,1,1,1.0,1.0,1.0,0.0,0.0,255,255,1.0,0.0,0.0,0.0,0.0,0.0,0,99433.0
40,9,5,0,0,0,1,0.0,0.0,1.0,0.0,0.0,255,2,0.01,0.02,0.0,0.0,0.0,0.0,1,94424.0
13,9,8,0,0,0,1,0.0,0.0,1.0,0.0,1.0,1,86,1.0,0.0,0.51,0.0,0.0,0.0,1,32137.0
40,1,0,0,0,0,511,0.23,0.0,0.0,1.0,0.0,255,1,0.0,1.0,0.0,0.21,0.0,1.0,1,99449.0
44,5,0,0,0,0,272,1.0,1.0,0.01,0.06,0.0,255,5,0.02,0.07,0.0,1.0,1.0,0.0,1,44559.0
18,9,860,2586,0,1,1,0.0,0.0,1.0,0.0,0.0,92,31,0.34,0.04,0.0,0.0,0.0,0.0,0,100314.0
11,9,44,73,0,0,115,0.0,0.0,1.0,0.0,0.0,255,254,1.0,0.01,0.0,0.0,0.0,0.0,0,78975.0
14,9,64,0,0,0,1,0.0,0.0,1.0,0.0,0.0,255,1,0.0,0.06,0.0,0.71,0.0,0.0,0,26048.0
49,9,790,337,0,1,1,0.0,0.0,1.0,0.0,0.0,80,197,0.81,0.05,0.01,0.0,0.0,0.0,0,56543.0
55,9,124,9421,0,1,1,0.0,0.0,1.0,0.0,0.0,32,1,0.03,0.09,0.0,0.0,0.0,0.0,0,85107.0
22,1,0,0,0,0,1,0.0,0.0,1.0,0.0,0.0,39,255,1.0,0.0,0.1,0.0,0.0,0.98,0,45426.0
11,9,46,46,0,0,5,0.0,0.0,1.0,0.0,0.21,255,251,0.98,0.01,0.0,0.0,0.0,0.0,0,73363.0
10,5,0,0,0,0,237,1.0,1.0,0.05,0.06,0.0,255,12,0.05,0.07,0.0,1.0,1.0,0.0,1,24007.0
22,9,198,10462,0,1,4,0.0,0.0,1.0,0.0,0.11,89,255,1.0,0.0,0.03,0.0,0.0,0.0,0,121621.0
19,9,2194619,0,0,1,2,0.0,0.0,1.0,0.0,0.0,164,28,0.17,0.03,0.0,0.0,0.0,0.0,0,805.0
62,5,0,0,0,0,187,1.0,1.0,0.09,0.06,0.0,255,2,0.01,0.07,0.0,1.0,1.0,0.0,1,8660.0
22,9,316,2055,0,1,16,0.0,0.0,1.0,0.0,0.0,57,255,1.0,0.0,0.04,0.0,0.0,0.0,0,90990.0
44,5,0,0,0,0,212,1.0,1.0,0.0,0.08,0.0,255,20,0.08,0.07,0.0,1.0,1.0,0.0,1,93589.0
49,2,0,0,0,0,202,0.0,0.0,0.01,0.06,0.0,255,2,0.01,0.09,0.0,0.0,0.0,1.0,1,2523.0
19,9,567,0,0,1,2,0.0,0.0,0.5,1.0,0.0,1,1,1.0,0.0,0.0,0.0,0.0,0.0,0,58771.0
22,9,268,370,0,1,12,0.0,0.0,1.0,0.0,0.0,58,255,1.0,0.0,0.02,0.0,0.0,0.0,0,83598.0
14,9,1032,0,0,0,511,0.0,0.0,1.0,0.0,0.0,255,15,0.06,0.16,0.0,0.16,0.0,0.0,1,79088.0
27,5,0,0,0,0,126,1.0,1.0,0.2,0.05,0.0,255,25,0.1,0.05,0.0,1.0,1.0,0.0,1,31072.0
22,9,223,25887,0,1,6,0.0,0.0,1.0,0.0,0.0,52,255,1.0,0.0,0.04,0.0,0.0,0.0,0,62894.0
56,5,0,0,0,0,122,1.0,1.0,0.14,0.07,0.0,255,17,0.07,0.06,0.0,1.0,1.0,0.0,1,115342.0
49,9,1838,332,0,1,1,0.0,0.0,1.0,0.0,1.0,127,131,0.87,0.02,0.02,0.0,0.0,0.0,0,43808.0
44,5,0,0,0,0,93,1.0,1.0,0.16,0.05,0.0,255,15,0.06,0.06,0.0,1.0,1.0,0.0,1,4938.0
12,5,0,0,0,0,276,1.0,1.0,0.03,0.06,0.0,255,9,0.04,0.08,0.0,1.0,1.0,0.0,1,22503.0
39,9,48,48,0,0,1,0.0,0.0,1.0,0.0,0.0,255,129,0.51,0.01,0.0,0.0,0.0,0.0,0,33570.0
11,9,46,129,0,0,76,0.0,0.0,0.99,0.03,0.01,255,216,0.85,0.02,0.0,0.0,0.0,0.0,0,79691.0
11,9,44,44,0,0,1,0.0,0.0,1.0,0.0,1.0,255,241,0.95,0.01,0.0,0.0,0.0,0.0,0,64116.0
55,9,106,1468,0,0,1,0.0,0.0,1.0,0.0,0.0,117,1,0.01,0.04,0.0,0.0,0.0,0.0,0,251.0
22,6,253,73000,0,1,1,1.0,1.0,1.0,0.0,0.0,255,255,1.0,0.0,0.0,0.0,0.0,0.0,0,103905.0
44,9,28,0,3,0,79,0.01,0.0,0.99,0.03,0.0,255,78,0.31,0.01,0.0,0.0,0.0,0.0,1,96566.0
44,5,0,0,0,0,61,1.0,1.0,0.07,0.08,0.0,255,15,0.06,0.08,0.0,1.0,1.0,0.0,1,97079.0
22,9,205,728,0,1,23,0.0,0.0,1.0,0.0,0.0,255,255,1.0,0.0,0.0,0.0,0.0,0.0,0,106472.0
32,1,0,0,0,0,240,0.0,0.0,0.05,0.07,0.0,255,13,0.05,0.08,0.0,0.0,0.0,1.0,1,11684.0
44,1,0,0,0,0,137,0.0,0.0,0.07,0.06,0.0,212,9,0.04,0.06,0.0,0.0,0.0,1.0,1,27315.0
44,1,0,0,0,0,23,0.0,0.0,0.74,0.13,0.0,255,17,0.07,0.07,0.0,0.0,0.0,1.0,1,98489.0
49,9,1437,336,0,1,1,0.0,0.0,1.0,0.0,0.0,111,92,0.28,0.06,0.02,0.0,0.0,0.0,0,27718.0
44,5,0,0,0,0,236,1.0,1.0,0.06,0.07,0.0,255,16,0.06,0.07,0.0,1.0,1.0,0.0,1,80089.0
44,5,0,0,0,0,116,1.0,1.0,0.13,0.06,0.0,255,34,0.13,0.06,0.0,1.0,1.0,0.0,1,9379.0
44,4,1,0,0,0,2,0.0,0.0,1.0,0.0,0.0,255,2,0.01,0.51,0.0,0.0,0.0,1.0,1,71841.0
31,1,0,0,0,0,1,0.0,0.0,1.0,0.0,0.0,38,2,0.03,1.0,1.0,0.0,0.0,1.0,1,36495.0
22,9,197,735,0,1,15,0.0,0.0,1.0,0.0,0.1,36,255,1.0,0.0,0.04,0.0,0.0,0.0,0,36512.0
11,9,45,114,0,0,1,0.0,0.0,1.0,0.0,1.0,255,235,0.92,0.01,0.0,0.0,0.0,0.0,0,60010.0
22,9,332,2785,0,1,3,0.0,0.0,1.0,0.0,0.0,3,255,1.0,0.0,0.06,0.0,0.0,0.0,0,113774.0
44,1,0,0,0,0,2,0.0,0.0,0.5,1.0,0.0,255,1,0.0,0.93,0.0,0.0,0.0,1.0,1,110813.0
44,4,1,0,0,0,2,0.0,0.0,1.0,0.0,0.0,218,2,0.01,0.23,0.0,0.0,0.0,1.0,1,82803.0
18,6,120,397,0,0,1,1.0,1.0,1.0,0.0,0.0,210,35,0.17,0.02,0.0,0.01,0.03,0.0,1,67305.0
22,9,208,4324,0,1,6,0.0,0.0,1.0,0.0,0.14,67,255,1.0,0.0,0.02,0.0,0.0,0.0,0,85380.0
11,9,42,73,0,0,127,0.0,0.0,0.99,0.02,0.0,255,254,1.0,0.01,0.0,0.0,0.0,0.0,0,73575.0
22,1,0,0,0,0,1,0.0,0.0,1.0,0.0,0.0,8,60,1.0,0.0,0.03,0.0,0.02,0.98,0,76049.0
13,9,30,0,0,0,1,0.0,0.0,1.0,0.0,0.0,37,131,1.0,0.0,0.37,0.0,0.0,0.0,0,17210.0
18,2,0,0,0,0,144,0.0,0.0,0.1,0.06,0.0,255,9,0.04,0.07,0.0,0.0,0.0,1.0,1,69380.0
11,9,45,142,0,0,64,0.0,0.0,1.0,0.0,0.01,255,204,0.8,0.01,0.0,0.0,0.0,0.0,0,67863.0
22,1,0,0,0,0,1,0.0,0.0,1.0,0.0,0.0,29,255,1.0,0.0,0.09,0.0,0.0,0.67,0,42095.0
44,5,0,0,0,0,252,1.0,1.0,0.01,0.05,0.0,113,3,0.03,0.09,0.0,0.88,1.0,0.0,1,38677.0
60,1,0,0,0,0,257,0.0,0.0,0.04,0.06,0.0,255,11,0.04,0.07,0.0,0.0,0.0,1.0,1,107984.0
26,5,0,0,0,0,46,1.0,1.0,0.22,0.07,0.0,255,10,0.04,0.05,0.0,1.0,1.0,0.0,1,58324.0
19,5,0,0,0,0,134,1.0,1.0,0.15,0.04,0.0,255,17,0.07,0.07,0.0,1.0,1.0,0.0,1,9371.0
40,9,1,0,0,0,15,0.0,0.0,0.2,0.47,0.0,255,3,0.01,0.18,0.0,0.0,0.0,0.0,1,57253.0
19,5,0,0,0,0,12,1.0,1.0,0.08,0.33,0.0,255,26,0.1,0.06,0.0,1.0,1.0,0.0,1,68243.0
55,9,121,10269,0,1,1,0.0,0.0,1.0,0.0,0.0,136,2,0.01,0.04,1.0,0.01,0.0,0.0,0,4649.0
49,9,1369,326,0,1,1,0.0,0.0,1.0,0.0,0.0,128,90,0.7,0.03,0.0,0.0,0.0,0.0,0,57710.0
22,9,270,1419,0,1,1,0.0,0.0,1.0,0.0,1.0,98,255,1.0,0.0,0.03,0.0,0.0,0.0,0,108692.0
44,5,0,0,0,0,107,1.0,1.0,0.16,0.06,0.0,255,11,0.04,0.07,0.0,1.0,1.0,0.0,1,20773.0
44,1,0,0,0,0,227,0.0,0.0,0.06,0.07,0.0,255,24,0.09,0.08,0.0,0.0,0.0,1.0,1,107777.0
44,1,0,0,0,0,168,0.0,0.0,0.11,0.06,0.0,255,18,0.07,0.06,0.0,0.0,0.0,1.0,1,114546.0
22,9,1952,2234,0,1,3,0.0,0.0,1.0,0.0,0.0,27,255,1.0,0.0,0.06,0.0,0.01,0.0,0,90159.0
22,9,215,4086,0,1,8,0.0,0.0,1.0,0.0,0.09,147,255,1.0,0.0,0.04,0.0,0.0,0.0,0,73259.0
10,5,0,0,0,0,221,1.0,1.0,0.09,0.07,0.0,255,20,0.08,0.07,0.0,1.0,1.0,0.0,1,89881.0
8,2,0,0,0,0,210,0.0,0.0,0.0,0.07,0.0,255,1,0.0,0.08,0.0,0.0,0.0,1.0,1,122416.0
44,5,0,0,0,0,161,1.0,1.0,0.02,0.06,0.0,255,20,0.08,0.07,0.0,1.0,1.0,0.0,1,62018.0
22,9,238,697,0,1,4,0.0,0.0,1.0,0.0,0.0,43,255,1.0,0.0,0.02,0.0,0.0,0.0,0,68503.0
22,9,264,9794,0,1,12,0.0,0.0,1.0,0.0,0.0,86,255,1.0,0.0,0.01,0.0,0.0,0.0,0,93228.0
44,5,0,0,0,0,259,1.0,1.0,0.03,0.06,0.0,255,9,0.04,0.06,0.0,1.0,1.0,0.0,1,83141.0
21,1,0,0,0,0,254,0.0,0.0,0.02,0.07,0.0,255,5,0.02,0.09,0.0,0.0,0.0,1.0,1,37248.0
17,5,0,0,0,0,121,1.0,1.0,0.05,0.07,0.0,255,6,0.02,0.05,0.0,1.0,1.0,0.0,1,78249.0
40,9,146,105,0,0,1,0.0,0.0,1.0,0.0,0.0,255,3,0.01,0.49,0.0,0.0,0.0,0.0,0,67322.0
44,1,0,0,0,0,217,0.0,0.0,0.04,0.07,0.0,255,8,0.03,0.07,0.0,0.0,0.0,1.0,1,43164.0
14,9,1032,0,0,0,193,0.0,0.0,1.0,0.0,0.0,255,255,1.0,0.0,0.0,0.0,0.0,0.0,1,54131.0
22,9,294,478,0,1,23,0.0,0.0,1.0,0.0,0.0,255,255,1.0,0.0,0.0,0.0,0.0,0.0,0,41190.0
22,9,242,3178,0,1,24,0.0,0.0,1.0,0.0,0.09,255,255,1.0,0.0,0.0,0.0,0.0,0.0,0,73243.0
22,9,303,253,0,1,12,0.0,0.0,1.0,0.0,0.15,146,255,1.0,0.0,0.01,0.0,0.0,0.0,0,99246.0
19,9,245,0,0,1,2,0.0,0.0,1.0,0.0,0.0,26,2,0.08,0.15,0.0,0.0,0.0,0.0,0,13439.0
32,5,0,0,0,0,236,1.0,1.0,0.04,0.06,0.0,255,9,0.04,0.07,0.0,1.0,1.0,0.0,1,3291.0
49,9,1073,364,0,1,1,0.0,0.0,1.0,0.0,0.0,87,169,0.48,0.08,0.01,0.0,0.0,0.0,0,67427.0
22,9,308,1248,0,1,3,0.33,0.33,1.0,0.0,0.0,255,255,1.0,0.0,0.0,0.0,0.0,0.0,0,116366.0
22,9,166,14553,0,1,1,0.0,0.0,1.0,0.0,0.0,1,255,1.0,0.0,0.05,0.0,0.0,0.0,0,33944.0
13,9,30,0,0,0,2,0.0,0.0,1.0,0.0,0.0,206,206,1.0,0.0,0.0,0.0,0.0,0.0,0,49188.0
49,9,1564,337,0,1,1,0.0,0.0,1.0,0.0,0.0,87,189,0.51,0.05,0.01,0.0,0.0,0.0,0,74952.0
44,9,1,0,0,0,149,0.0,0.0,0.93,0.01,0.0,255,204,0.8,0.03,0.0,0.0,0.0,0.0,1,30708.0
22,9,308,1248,0,1,7,0.0,0.0,1.0,0.0,0.2,255,255,1.0,0.0,0.0,0.0,0.0,0.0,0,48898.0
22,9,218,327,0,1,7,0.0,0.0,1.0,0.0,0.18,254,255,1.0,0.0,0.01,0.0,0.0,0.0,0,94585.0
15,1,0,0,0,0,2,0.0,0.0,0.5,1.0,0.0,255,1,0.0,1.0,0.0,0.0,0.0,1.0,1,11180.0
22,9,224,3970,0,1,30,0.0,0.0,1.0,0.0,0.0,130,255,1.0,0.0,0.03,0.0,0.0,0.0,0,15986.0
54,5,0,0,0,0,284,1.0,1.0,0.01,0.06,0.0,255,2,0.01,0.04,0.0,1.0,1.0,0.0,1,115434.0
22,1,0,0,0,0,1,0.0,0.0,1.0,0.0,0.0,2,77,1.0,0.0,0.25,0.0,0.0,1.0,0,11494.0
22,1,0,0,0,0,1,0.0,0.0,1.0,0.0,1.0,20,255,1.0,0.0,0.17,0.0,0.0,1.0,0,8554.0
22,9,330,4793,0,1,3,0.0,0.0,1.0,0.0,0.6,36,255,1.0,0.0,0.07,0.0,0.01,0.0,0,10446.0
44,5,0,0,0,0,118,1.0,1.0,0.04,0.07,0.0,255,4,0.02,0.07,0.0,1.0,1.0,0.0,1,25330.0
11,9,42,42,0,0,7,0.0,0.0,1.0,0.0,0.18,255,185,0.73,0.01,0.0,0.0,0.0,0.0,0,66319.0
22,9,224,1944,0,1,12,0.0,0.02,1.0,0.0,0.09,172,255,1.0,0.0,0.02,0.0,0.0,0.0,0,91622.0
5,5,0,0,0,0,133,1.0,1.0,0.05,0.06,0.0,255,5,0.02,0.07,0.0,1.0,1.0,0.0,1,111013.0
11,9,44,46,0,0,9,0.0,0.0,1.0,0.0,0.12,58,54,0.93,0.03,0.0,0.0,0.0,0.0,0,75113.0
19,5,0,0,0,0,148,1.0,1.0,0.01,0.05,0.0,255,2,0.01,0.06,0.0,1.0,1.0,0.0,1,65656.0
56,2,0,0,0,0,258,0.0,0.0,0.07,0.07,0.0,255,17,0.07,0.07,0.0,0.0,0.0,1.0,1,11771.0
49,9,2943,328,0,1,1,0.0,0.0,1.0,0.0,0.0,94,183,0.66,0.03,0.01,0.0,0.0,0.0,0,108270.0
59,5,0,0,0,0,119,1.0,1.0,0.15,0.06,0.0,255,18,0.07,0.07,0.0,1.0,1.0,0.0,1,95964.0
22,5,0,0,0,0,17,1.0,1.0,1.0,0.0,0.0,19,17,0.89,0.11,0.0,0.89,1.0,0.0,1,116026.0
22,9,319,1606,0,1,50,0.0,0.0,1.0,0.0,0.0,255,255,1.0,0.0,0.0,0.0,0.0,0.0,0,36560.0
22,9,204,246,0,1,34,0.0,0.0,1.0,0.0,0.08,69,255,1.0,0.0,0.03,0.0,0.0,0.0,0,84511.0
44,5,0,0,0,0,62,1.0,1.0,0.24,0.1,0.0,255,15,0.06,0.08,0.0,1.0,1.0,0.0,1,38647.0
19,5,0,0,0,0,277,1.0,1.0,0.07,0.06,0.0,255,20,0.08,0.08,0.0,1.0,1.0,0.0,1,103859.0
44,5,0,0,0,0,188,1.0,1.0,0.01,0.07,0.0,255,16,0.06,0.06,0.0,1.0,1.0,0.0,1,19024.0
40,9,1,0,0,0,6,0.0,0.0,0.33,0.5,0.0,255,2,0.01,0.2,0.0,0.0,0.0,0.0,1,7832.0
44,9,207,0,0,0,2,0.0,0.0,1.0,0.0,0.0,218,186,0.85,0.01,0.0,0.0,0.0,0.0,1,121022.0
5,5,0,0,0,0,148,1.0,1.0,0.12,0.06,0.0,255,11,0.04,0.07,0.0,1.0,1.0,0.0,1,5305.0
19,9,10272,0,0,1,2,0.0,0.0,1.0,0.0,0.0,255,8,0.03,0.51,0.0,0.0,0.0,0.0,0,11991.0
13,9,8,0,0,0,1,0.0,0.0,1.0,0.0,1.0,1,33,1.0,0.0,0.52,0.0,0.0,0.0,1,51123.0
22,1,0,0,0,0,13,0.0,0.0,1.0,0.0,0.0,47,255,1.0,0.0,0.17,0.0,0.0,0.99,0,13117.0
22,9,183,791,0,1,1,0.0,0.0,1.0,0.0,0.0,255,232,0.91,0.01,0.0,0.0,0.0,0.0,0,37631.0
11,9,45,111,0,0,57,0.0,0.0,1.0,0.0,0.02,197,196,0.8,0.02,0.01,0.0,0.0,0.0,0,22947.0
44,5,0,0,0,0,111,1.0,1.0,0.18,0.05,0.0,108,13,0.12,0.11,0.0,1.0,1.0,0.0,1,75700.0
19,9,71,0,0,0,1,0.0,0.0,1.0,0.0,0.0,26,119,0.88,0.15,0.02,0.0,0.0,0.0,0,111358.0
44,1,0,0,0,0,43,0.0,0.0,0.02,1.0,0.0,161,1,0.01,0.35,0.0,0.0,0.0,1.0,1,54074.0
22,9,297,1964,0,1,33,0.0,0.0,1.0,0.0,0.0,82,255,1.0,0.0,0.1,0.0,0.0,0.87,0,103123.0
15,5,0,0,0,0,130,1.0,1.0,0.05,0.06,0.0,255,2,0.01,0.06,0.0,1.0,1.0,0.0,1,115560.0
11,9,45,45,0,0,138,0.0,0.0,1.0,0.0,0.0,255,255,1.0,0.0,0.0,0.0,0.0,0.0,0,76177.0
22,9,280,18884,0,1,7,0.0,0.0,1.0,0.0,0.0,49,254,1.0,0.0,0.01,0.0,0.01,0.01,0,80007.0
55,9,116,6062,0,1,1,0.0,0.0,1.0,0.0,0.0,172,1,0.01,0.09,0.0,0.02,0.0,0.0,0,119503.0
22,9,289,658,0,1,12,0.0,0.0,1.0,0.0,0.0,255,255,1.0,0.0,0.0,0.0,0.0,0.0,0,89190.0
16,5,0,0,0,0,133,1.0,1.0,0.02,0.06,0.0,255,2,0.01,0.07,0.0,1.0,1.0,0.0,1,88602.0
13,9,18,0,0,0,1,0.0,0.0,1.0,0.0,0.0,1,145,1.0,0.0,1.0,0.0,0.0,0.0,1,6715.0
13,9,8,0,0,0,1,0.0,0.0,1.0,0.0,1.0,4,80,1.0,0.0,0.25,0.0,0.0,0.0,1,15907.0
18,5,0,0,0,0,54,1.0,1.0,0.19,0.09,0.0,255,17,0.07,0.07,0.0,1.0,1.0,0.0,1,33232.0
44,5,0,0,0,0,256,1.0,1.0,0.04,0.05,0.0,255,11,0.04,0.07,0.0,1.0,1.0,0.0,1,34114.0
22,9,263,4815,0,1,1,0.0,0.0,1.0,0.0,1.0,62,255,1.0,0.0,0.02,0.0,0.0,0.0,0,112735.0
22,9,244,1240,0,1,9,0.0,0.0,1.0,0.0,0.0,26,255,1.0,0.0,0.03,0.0,0.0,0.0,0,57418.0
11,9,43,127,0,0,71,0.0,0.0,1.0,0.0,0.01,255,254,1.0,0.01,0.0,0.0,0.0,0.0,0,20476.0
11,9,44,44,0,0,198,0.0,0.0,1.0,0.0,0.0,255,255,1.0,0.0,0.0,0.0,0.0,0.0,0,59435.0
22,9,230,2288,0,1,3,0.0,0.0,1.0,0.0,0.5,22,255,1.0,0.0,0.06,0.0,0.01,0.0,0,90361.0
11,9,46,134,0,0,78,0.0,0.0,1.0,0.0,0.01,255,255,1.0,0.0,0.0,0.0,0.0,0.0,0,20901.0
22,9,187,2922,0,1,16,0.0,0.0,1.0,0.0,0.12,23,255,1.0,0.0,0.06,0.0,0.0,0.0,0,10183.0
44,5,0,0,0,0,21,1.0,1.0,0.14,0.24,0.0,255,4,0.02,0.09,0.0,1.0,1.0,0.0,1,80796.0
51,5,0,0,0,0,233,1.0,1.0,0.07,0.05,0.0,255,16,0.06,0.06,0.0,1.0,1.0,0.0,1,101831.0
17,9,7,138,0,0,1,0.0,0.0,1.0,0.0,0.0,65,7,0.06,0.06,0.29,0.0,0.0,0.0,0,35621.0
44,9,1,0,0,0,16,0.0,0.0,0.81,0.12,0.0,255,13,0.05,0.93,0.0,0.03,0.0,0.0,1,123467.0
40,9,1,0,0,0,95,0.0,0.0,0.05,0.05,0.0,255,5,0.02,0.05,0.0,0.0,0.0,0.0,1,121160.0
43,5,0,0,0,0,146,1.0,1.0,0.14,0.05,0.0,255,21,0.08,0.05,0.0,1.0,1.0,0.0,1,74384.0
19,9,607,0,0,1,2,0.0,0.0,1.0,0.0,0.0,112,113,0.79,0.03,0.02,0.0,0.0,0.0,0,73645.0
44,9,1,0,0,0,134,0.0,0.0,0.85,0.03,0.0,255,156,0.61,0.05,0.0,0.0,0.0,0.0,1,4418.0
16,5,0,0,0,0,130,1.0,1.0,0.14,0.05,0.0,255,3,0.01,0.06,0.0,1.0,1.0,0.0,1,80548.0
22,9,302,2698,0,1,21,0.0,0.0,0.14,0.1,0.0,255,228,0.89,0.01,0.0,0.0,0.0,0.0,0,61427.0
49,9,779,334,0,1,1,0.0,0.0,1.0,0.0,1.0,217,170,0.64,0.03,0.01,0.0,0.0,0.0,0,14405.0
22,9,219,1248,0,1,4,0.0,0.0,1.0,0.0,0.18,255,255,1.0,0.0,0.0,0.0,0.0,0.0,0,89428.0
22,9,338,521,0,1,19,0.0,0.0,1.0,0.0,0.1,21,250,1.0,0.0,0.06,0.0,0.0,0.35,0,95056.0
49,9,1186,377,0,1,1,0.0,0.0,1.0,0.0,1.0,108,187,0.94,0.03,0.01,0.0,0.0,0.0,0,85483.0
40,1,0,0,0,0,332,0.09,0.0,0.0,1.0,0.0,255,1,0.0,1.0,0.0,0.09,0.0,1.0,1,118387.0
11,9,46,135,0,0,68,0.0,0.0,1.0,0.0,0.01,255,255,1.0,0.0,0.0,0.0,0.0,0.0,0,7724.0
40,1,0,0,0,0,1,0.0,0.0,1.0,0.0,0.0,36,36,1.0,0.0,0.0,0.0,0.0,1.0,0,107882.0
44,5,0,0,0,0,15,1.0,1.0,0.13,0.27,0.0,255,2,0.01,0.09,0.0,1.0,1.0,0.0,1,51909.0
59,5,0,0,0,0,150,1.0,1.0,0.13,0.05,0.0,255,20,0.08,0.06,0.0,1.0,1.0,0.0,1,66738.0
22,9,291,421,0,1,7,0.0,0.0,1.0,0.0,0.22,128,255,1.0,0.0,0.03,0.0,0.0,0.0,0,24769.0
11,9,45,166,0,0,137,0.0,0.0,1.0,0.0,0.01,255,255,1.0,0.0,0.0,0.0,0.0,0.0,0,51927.0
22,9,222,771,0,1,12,0.0,0.0,1.0,0.0,0.0,255,255,1.0,0.0,0.0,0.0,0.0,0.0,0,11904.0
11,9,45,121,0,0,107,0.0,0.0,1.0,0.0,0.02,255,254,1.0,0.01,0.0,0.0,0.0,0.0,0,112453.0
22,1,0,0,0,0,1,0.0,0.0,1.0,0.0,0.0,12,253,1.0,0.0,0.15,0.0,0.0,1.0,0,117534.0
49,9,890,337,0,1,1,0.0,0.0,1.0,0.0,0.0,255,174,0.68,0.02,0.0,0.0,0.0,0.0,0,111888.0
49,9,4004,324,0,1,1,0.0,0.0,1.0,0.0,1.0,174,245,0.95,0.02,0.01,0.0,0.0,0.0,0,101037.0
44,5,0,0,0,0,77,1.0,1.0,0.19,0.06,0.0,174,15,0.09,0.06,0.0,1.0,1.0,0.0,1,106936.0
44,5,0,0,0,0,47,1.0,1.0,0.21,0.11,0.0,255,10,0.04,0.07,0.0,1.0,1.0,0.0,1,83680.0
22,9,276,608,0,1,27,0.0,0.0,1.0,0.0,0.0,255,255,1.0,0.0,0.0,0.01,0.01,0.0,0,93716.0
13,9,8,0,0,0,1,0.0,0.0,1.0,0.0,1.0,3,87,1.0,0.0,0.25,0.0,0.0,0.0,1,92789.0
49,9,1253,373,0,1,1,0.0,0.0,1.0,0.0,0.0,32,131,0.38,0.09,0.02,0.0,0.0,0.0,0,119953.0
44,1,0,0,0,0,149,0.0,0.0,0.13,0.06,0.0,174,20,0.11,0.06,0.0,0.0,0.0,1.0,1,51998.0
13,9,8,0,0,0,1,0.0,0.0,1.0,0.0,1.0,1,61,1.0,0.0,0.26,0.0,0.0,0.0,1,39280.0
17,5,0,0,0,0,12,1.0,1.0,0.33,0.17,0.0,255,56,0.22,0.04,0.0,1.0,1.0,0.0,1,46533.0
11,9,46,46,0,0,16,0.0,0.0,1.0,0.0,0.11,255,254,1.0,0.01,0.0,0.0,0.0,0.0,0,20039.0
49,9,3458,391,0,1,1,0.0,0.0,1.0,0.0,1.0,68,175,0.56,0.03,0.02,0.0,0.0,0.0,0,87332.0
55,9,103,2069,0,1,1,0.0,0.0,1.0,0.0,0.0,83,1,0.01,0.06,0.0,0.0,0.0,0.0,0,114458.0
19,9,7077,0,0,1,7,0.0,0.0,1.0,0.0,0.0,255,13,0.05,0.79,0.0,0.0,0.0,0.0,0,57351.0
22,1,0,0,0,0,1,0.0,0.0,1.0,0.0,0.0,2,213,1.0,0.0,0.16,0.0,0.0,0.97,0,91751.0
22,9,231,3357,0,1,2,0.0,0.0,1.0,0.0,0.0,203,255,1.0,0.0,0.02,0.0,0.0,0.0,0,31798.0
22,9,216,2317,0,1,3,0.0,0.0,1.0,0.0,0.33,4,255,1.0,0.0,0.02,0.0,0.0,0.0,0,3227.0
22,9,227,8521,0,1,5,0.0,0.0,1.0,0.0,0.33,5,171,1.0,0.0,0.05,0.0,0.0,0.0,0,107412.0
22,9,295,2483,0,1,21,0.0,0.0,1.0,0.0,0.09,182,255,1.0,0.0,0.01,0.0,0.0,0.0,0,92467.0
49,9,1226,330,0,1,1,0.0,0.0,1.0,0.0,0.0,255,78,0.31,0.27,0.0,0.0,0.0,0.0,0,81364.0
24,1,0,0,0,0,228,0.0,0.0,0.04,0.07,0.0,255,9,0.04,0.07,0.0,0.0,0.0,1.0,1,9399.0
53,5,0,0,0,0,148,1.0,1.0,0.17,0.05,0.0,255,25,0.1,0.05,0.0,1.0,1.0,0.0,1,5013.0
44,4,1,0,0,0,2,0.0,0.0,1.0,0.0,0.0,255,2,0.01,0.72,0.0,0.0,0.0,1.0,1,68924.0
9,5,0,0,0,0,270,1.0,1.0,0.01,0.06,0.0,255,3,0.01,0.07,0.0,1.0,1.0,0.0,1,22734.0
44,1,0,0,0,0,2,0.0,0.0,0.5,1.0,0.0,255,1,0.0,0.47,0.0,0.11,0.0,1.0,1,42662.0
40,9,146,105,0,0,1,0.0,0.0,1.0,0.0,0.0,255,2,0.01,0.62,0.0,0.0,0.0,0.0,0,57387.0
56,5,0,0,0,0,298,1.0,1.0,0.06,0.05,0.0,255,3,0.01,0.09,0.0,1.0,1.0,0.0,1,15032.0
22,9,181,5562,0,1,1,0.0,0.0,1.0,0.0,0.0,255,253,0.99,0.01,0.0,0.0,0.0,0.0,0,53684.0
11,9,44,117,0,0,104,0.0,0.0,1.0,0.0,0.0,255,255,1.0,0.0,0.0,0.0,0.0,0.0,0,65594.0
17,5,0,0,0,0,16,0.94,1.0,0.44,0.25,0.0,255,14,0.05,0.06,0.0,1.0,1.0,0.0,1,46301.0
55,5,0,0,0,0,15,1.0,1.0,1.0,0.0,0.0,57,37,0.65,0.04,0.0,0.96,0.95,0.0,1,47006.0
22,9,215,1014,0,1,7,0.0,0.0,1.0,0.0,0.0,7,237,1.0,0.0,0.07,0.0,0.0,0.0,0,108034.0
19,9,9,0,0,1,2,0.0,0.0,1.0,0.0,0.67,118,106,0.14,0.03,0.02,0.07,0.0,0.0,0,60721.0
6,5,0,0,0,0,235,1.0,1.0,0.08,0.06,0.0,255,19,0.07,0.06,0.0,1.0,1.0,0.0,1,91373.0
22,5,0,0,0,0,72,0.97,1.0,0.28,0.08,0.0,255,39,0.15,0.04,0.0,1.0,1.0,0.0,1,86689.0
11,9,43,76,0,0,188,0.0,0.0,0.99,0.01,0.0,255,254,1.0,0.01,0.0,0.0,0.0,0.0,0,5642.0
61,4,1,0,0,0,2,0.0,0.0,1.0,0.0,0.0,255,2,0.01,0.51,0.0,0.0,0.0,1.0,1,55250.0
59,5,0,0,0,0,137,1.0,1.0,0.12,0.07,0.0,255,16,0.06,0.05,0.0,1.0,1.0,0.0,1,57413.0
22,2,0,0,0,1,8,0.0,0.0,1.0,0.0,0.0,116,255,1.0,0.0,0.05,0.0,0.0,0.0,0,16164.0
44,4,1,0,0,0,2,0.0,0.0,1.0,0.0,0.0,255,2,0.01,0.49,0.0,0.0,0.0,1.0,1,72853.0
22,9,288,45157,0,1,2,0.0,0.0,1.0,0.0,0.0,2,255,1.0,0.0,0.06,0.0,0.0,0.0,0,84101.0
22,9,214,5925,0,1,15,0.0,0.0,1.0,0.0,0.0,15,255,1.0,0.0,0.03,0.0,0.0,0.0,0,37912.0
22,9,368,771,0,1,7,0.0,0.0,1.0,0.0,0.29,27,231,1.0,0.0,0.21,0.0,0.0,0.79,0,16082.0
44,5,0,0,0,0,179,1.0,1.0,0.03,0.06,0.0,255,5,0.02,0.07,0.0,1.0,1.0,0.0,1,83553.0
13,9,8,0,0,0,1,0.0,0.0,1.0,0.0,1.0,2,78,1.0,0.0,0.5,0.0,0.0,0.0,1,102974.0
44,1,0,0,0,0,38,0.0,0.0,0.39,0.08,0.0,255,12,0.05,0.06,0.0,0.0,0.0,1.0,1,79538.0
13,9,30,0,0,0,4,0.0,0.0,0.25,0.5,0.0,255,18,0.07,0.01,0.0,0.0,0.0,0.0,0,51780.0
22,9,54540,8314,0,1,4,0.0,0.0,1.0,0.0,0.0,67,67,1.0,0.0,0.0,0.0,0.0,0.18,1,15544.0
7,5,0,0,0,0,144,1.0,1.0,0.03,0.06,0.0,255,4,0.02,0.07,0.0,1.0,1.0,0.0,1,118210.0
22,9,324,276,0,1,3,0.0,0.0,1.0,0.0,0.0,255,228,0.89,0.01,0.0,0.0,0.0,0.0,0,100250.0
44,5,0,0,0,0,153,1.0,1.0,0.02,0.06,0.0,255,18,0.07,0.06,0.0,1.0,1.0,0.0,1,40362.0
22,9,241,7596,0,1,17,0.0,0.0,1.0,0.0,0.0,17,255,1.0,0.0,0.04,0.0,0.0,0.0,0,23541.0
22,9,227,868,0,1,6,0.0,0.0,1.0,0.0,0.0,255,255,1.0,0.0,0.0,0.0,0.0,0.0,0,96604.0
44,4,1,0,0,0,2,0.0,0.0,1.0,0.0,0.0,255,2,0.01,0.51,0.0,0.0,0.0,1.0,1,120147.0
11,9,33,0,0,0,2,0.0,0.0,1.0,0.0,0.27,255,31,0.12,0.02,0.0,0.0,0.0,0.0,0,77422.0
55,5,0,0,0,0,267,1.0,1.0,0.07,0.06,0.0,255,20,0.08,0.07,0.0,1.0,1.0,0.0,1,23960.0
17,9,8,138,0,0,1,0.0,0.0,1.0,0.0,0.0,255,13,0.05,0.02,0.0,0.0,0.08,0.0,0,21542.0
11,9,44,72,0,0,115,0.0,0.0,1.0,0.0,0.0,255,175,0.69,0.01,0.0,0.0,0.0,0.0,0,14242.0
5,5,0,0,0,0,146,1.0,1.0,0.12,0.05,0.0,255,18,0.07,0.07,0.0,1.0,1.0,0.0,1,7758.0
44,5,0,0,0,0,220,1.0,1.0,0.02,0.05,0.0,255,8,0.03,0.09,0.0,1.0,1.0,0.0,1,119783.0
13,9,8,0,0,0,1,0.0,0.0,1.0,0.0,1.0,2,58,1.0,0.0,0.5,0.0,0.0,0.0,1,71980.0
22,9,296,1187,0,1,13,0.0,0.0,1.0,0.0,0.14,136,231,1.0,0.0,0.02,0.0,0.0,0.0,0,92523.0
44,1,0,0,0,0,299,0.1,0.0,0.0,1.0,0.0,255,1,0.0,1.0,0.0,0.09,0.0,1.0,1,9843.0
22,9,215,778,0,1,7,0.0,0.0,1.0,0.0,0.22,7,255,1.0,0.0,0.05,0.0,0.0,0.0,0,59277.0
22,9,240,791,0,1,29,0.0,0.0,1.0,0.0,0.0,255,255,1.0,0.0,0.0,0.0,0.0,0.0,0,5065.0
11,9,45,72,0,0,306,0.0,0.0,1.0,0.0,0.0,255,254,1.0,0.01,0.0,0.0,0.0,0.0,0,40750.0
49,9,858,388,0,1,1,0.0,0.0,1.0,0.0,0.0,242,129,0.48,0.01,0.02,0.83,0.78,0.0,0,120436.0
11,9,33,87,0,0,1,0.0,0.0,1.0,0.0,1.0,255,250,0.98,0.01,0.0,0.0,0.0,0.0,0,49491.0
11,9,44,75,0,0,73,0.0,0.0,1.0,0.0,0.0,255,246,0.96,0.01,0.0,0.0,0.0,0.0,0,8828.0
22,9,295,1159,0,1,6,0.0,0.0,1.0,0.0,0.17,255,255,1.0,0.0,0.0,0.0,0.0,0.0,0,54735.0
22,9,262,13187,0,1,11,0.0,0.0,1.0,0.0,0.0,178,178,1.0,0.0,0.0,0.0,0.0,0.0,0,100270.0
11,9,44,135,0,0,317,0.0,0.0,1.0,0.0,0.0,255,251,0.98,0.01,0.0,0.0,0.0,0.0,0,115069.0
9,5,0,0,0,0,123,1.0,1.0,0.12,0.06,0.0,255,9,0.04,0.06,0.0,1.0,1.0,0.0,1,82895.0
24,5,0,0,0,0,203,1.0,1.0,0.06,0.06,0.0,255,17,0.07,0.06,0.0,1.0,1.0,0.0,1,73385.0
40,9,1,0,0,0,12,0.0,0.0,0.08,0.67,0.0,255,1,0.0,0.25,0.0,0.0,0.0,0.0,1,60293.0
13,9,8,0,0,0,1,0.0,0.0,1.0,0.0,1.0,2,222,1.0,0.0,0.5,0.0,0.0,0.0,1,72850.0
44,1,0,0,0,0,240,0.0,0.0,0.08,0.06,0.0,255,19,0.07,0.06,0.0,0.0,0.0,1.0,1,19388.0
35,5,0,0,0,0,191,1.0,1.0,0.02,0.07,0.0,255,3,0.01,0.07,0.0,1.0,1.0,0.0,1,28445.0
22,9,208,259,0,1,4,0.0,0.0,1.0,0.0,0.0,23,255,1.0,0.0,0.03,0.0,0.0,0.0,0,96503.0
40,9,146,0,0,0,1,0.0,0.0,1.0,0.0,0.0,255,1,0.0,0.61,0.0,0.0,0.0,0.0,0,31304.0
22,9,324,44211,0,1,7,0.0,0.0,1.0,0.0,0.0,7,255,1.0,0.0,0.04,0.0,0.0,0.0,0,41504.0
40,9,145,105,0,0,5,0.0,0.0,0.4,0.6,0.0,255,4,0.02,0.58,0.0,0.0,0.0,0.0,0,19604.0
44,5,0,0,0,0,136,1.0,1.0,0.01,0.07,0.0,255,3,0.01,0.06,0.0,1.0,1.0,0.0,1,103003.0
14,9,1032,0,0,0,511,0.0,0.0,1.0,0.0,0.0,255,158,0.62,0.16,0.0,0.0,0.0,0.0,1,109986.0
44,5,0,0,0,0,249,1.0,1.0,0.07,0.06,0.0,255,18,0.07,0.07,0.0,1.0,1.0,0.0,1,35256.0
44,9,105,145,0,0,1,0.0,0.0,1.0,0.0,0.0,87,86,0.99,0.02,0.0,0.0,0.0,0.0,0,14704.0
22,2,0,0,0,1,2,0.0,0.0,1.0,0.0,0.0,2,255,1.0,0.0,0.01,0.0,0.0,0.0,0,24845.0
44,5,0,0,0,0,147,1.0,1.0,0.1,0.05,0.0,255,6,0.02,0.06,0.0,1.0,1.0,0.0,1,40580.0
44,5,0,0,0,0,203,1.0,1.0,0.08,0.06,0.0,255,16,0.06,0.07,0.0,1.0,1.0,0.0,1,77662.0
28,5,0,0,0,0,296,1.0,1.0,0.08,0.05,0.0,255,25,0.1,0.05,0.0,1.0,1.0,0.0,1,29596.0
22,9,300,279,0,1,3,0.0,0.0,1.0,0.0,0.5,198,255,1.0,0.0,0.03,0.0,0.0,0.0,0,42440.0
22,9,221,6692,0,1,11,0.0,0.0,1.0,0.0,0.0,255,255,1.0,0.0,0.0,0.0,0.0,0.0,0,110139.0
44,9,105,147,0,0,2,0.0,0.0,1.0,0.0,0.0,255,253,0.99,0.01,0.0,0.0,0.0,0.0,0,58634.0
44,5,0,0,0,0,216,1.0,1.0,0.04,0.06,0.0,255,2,0.01,0.07,0.0,1.0,1.0,0.0,1,96559.0
22,9,210,1899,0,1,6,0.0,0.0,1.0,0.0,0.24,255,255,1.0,0.0,0.0,0.0,0.0,0.0,0,101531.0
44,9,1,0,0,0,26,0.0,0.0,0.12,0.15,0.0,255,7,0.03,0.85,0.0,0.16,0.0,0.0,1,5307.0
22,9,215,301,0,1,2,0.0,0.0,1.0,0.0,0.0,32,255,1.0,0.0,0.04,0.0,0.0,0.0,0,27798.0
26,5,0,0,0,0,105,1.0,1.0,0.18,0.06,0.0,255,20,0.08,0.07,0.0,1.0,1.0,0.0,1,38508.0
2,1,0,0,0,0,266,0.0,0.0,0.06,0.06,0.0,255,15,0.06,0.08,0.0,0.0,0.0,1.0,1,79591.0
44,5,0,0,0,0,139,1.0,1.0,0.07,0.09,0.0,255,10,0.04,0.07,0.0,1.0,1.0,0.0,1,45922.0
15,5,0,0,0,0,150,1.0,1.0,0.13,0.06,0.0,255,20,0.08,0.06,0.0,1.0,1.0,0.0,1,122737.0
22,1,0,0,0,0,1,0.0,0.0,1.0,0.0,0.0,131,254,1.0,0.0,0.09,0.0,0.0,0.64,0,81698.0
30,5,0,0,0,0,119,1.0,1.0,0.01,0.07,0.0,255,1,0.0,0.07,0.0,1.0,1.0,0.0,1,111351.0
44,5,0,0,0,0,202,1.0,1.0,0.05,0.06,0.0,255,11,0.04,0.06,0.0,1.0,1.0,0.0,1,73964.0
50,1,0,0,0,0,298,0.0,0.0,0.06,0.05,0.0,255,18,0.07,0.06,0.0,0.0,0.0,1.0,1,67573.0
44,5,0,0,0,0,136,1.0,1.0,0.14,0.06,0.0,255,7,0.03,0.07,0.0,1.0,1.0,0.0,1,6853.0
11,9,46,46,0,0,160,0.0,0.0,1.0,0.0,0.0,255,255,1.0,0.0,0.0,0.0,0.0,0.0,0,111166.0
49,9,741,327,0,1,1,0.0,0.0,1.0,0.0,0.0,43,130,0.67,0.14,0.02,0.0,0.02,0.0,0,2379.0
49,9,2466,329,0,1,1,0.0,0.0,1.0,0.0,0.0,164,138,0.62,0.04,0.01,0.0,0.0,0.0,0,80080.0
49,9,2895,332,0,1,1,0.0,0.0,1.0,0.0,1.0,118,104,0.88,0.03,0.0,0.0,0.0,0.0,0,71848.0
22,1,0,0,0,0,1,0.0,0.0,1.0,0.0,0.0,4,247,1.0,0.0,0.17,0.0,0.0,0.68,0,82540.0
44,5,0,0,0,0,191,1.0,1.0,0.06,0.06,0.0,37,11,0.3,0.16,0.0,0.62,1.0,0.0,1,61747.0
19,9,5135678,0,0,1,1,0.0,0.0,1.0,0.0,0.0,2,42,1.0,0.0,0.1,0.0,0.0,0.0,1,101283.0
44,5,0,0,0,0,126,1.0,1.0,0.09,0.07,0.0,255,13,0.05,0.07,0.0,1.0,1.0,0.0,1,88140.0
54,1,0,0,0,0,228,0.0,0.0,0.07,0.07,0.0,255,15,0.06,0.08,0.0,0.0,0.0,1.0,1,23034.0
11,9,46,78,0,0,239,0.0,0.0,1.0,0.0,0.01,255,254,1.0,0.01,0.0,0.0,0.0,0.0,0,3179.0
19,1,0,0,0,0,115,0.0,0.0,0.01,0.07,0.0,255,1,0.0,0.07,0.0,0.0,0.0,1.0,1,69775.0
44,5,0,0,0,0,267,1.0,1.0,0.03,0.05,0.0,255,9,0.04,0.05,0.0,1.0,1.0,0.0,1,15918.0
21,5,0,0,0,0,202,1.0,1.0,0.07,0.05,0.0,255,14,0.05,0.05,0.0,1.0,1.0,0.0,1,34262.0
44,5,0,0,0,0,125,1.0,1.0,0.1,0.06,0.0,255,20,0.08,0.07,0.0,1.0,1.0,0.0,1,14669.0
22,5,0,0,0,0,35,1.0,1.0,0.37,0.11,0.0,255,65,0.25,0.02,0.0,1.0,1.0,0.0,1,6536.0
22,9,318,702,0,1,11,0.0,0.0,1.0,0.0,0.25,107,119,1.0,0.0,0.04,0.01,0.02,0.0,0,34608.0
8,5,0,0,0,0,231,1.0,1.0,0.0,0.07,0.0,255,1,0.0,0.08,0.0,1.0,1.0,0.0,1,125714.0
46,5,0,0,0,0,236,1.0,1.0,0.01,0.07,0.0,255,3,0.01,0.07,0.0,1.0,1.0,0.0,1,30204.0
40,4,0,0,0,0,1,0.0,0.0,1.0,0.0,0.0,255,1,0.0,0.62,0.0,0.0,0.0,1.0,1,38709.0
6,1,0,0,0,0,240,0.0,0.0,0.08,0.06,0.0,255,20,0.08,0.07,0.0,0.0,0.0,1.0,1,39598.0
40,1,0,0,0,0,452,0.08,0.0,0.0,1.0,0.0,255,1,0.0,1.0,0.0,0.06,0.0,1.0,1,90863.0
44,1,0,0,0,0,136,0.0,0.0,0.14,0.06,0.0,255,19,0.07,0.06,0.0,0.0,0.0,1.0,1,14484.0
14,9,1032,0,0,0,509,0.0,0.0,1.0,0.0,0.0,255,177,0.69,0.16,0.0,0.0,0.0,0.0,1,95019.0
44,4,1,0,0,0,2,0.0,0.0,1.0,0.0,0.0,255,2,0.01,0.5,0.0,0.0,0.0,1.0,1,51500.0
11,9,45,130,0,0,68,0.0,0.0,1.0,0.0,0.01,255,254,1.0,0.01,0.0,0.0,0.0,0.0,0,30963.0
22,9,317,405,0,1,4,0.0,0.0,1.0,0.0,0.22,19,255,1.0,0.0,0.05,0.0,0.0,0.0,0,117465.0
22,9,352,6207,0,1,6,0.0,0.0,1.0,0.0,0.29,255,255,1.0,0.0,0.0,0.0,0.0,0.0,0,76830.0
11,9,45,134,0,0,309,0.0,0.0,1.0,0.01,0.0,255,251,0.98,0.01,0.0,0.0,0.0,0.0,0,73850.0
22,5,0,0,0,0,73,1.0,1.0,0.27,0.05,0.0,255,60,0.24,0.04,0.0,1.0,1.0,0.0,1,34590.0
22,9,264,10242,0,1,3,0.0,0.0,1.0,0.0,0.0,1,255,1.0,0.0,0.18,0.0,0.0,0.79,0,104624.0
44,5,0,0,0,0,29,1.0,1.0,0.17,0.21,0.0,255,13,0.05,0.08,0.0,1.0,1.0,0.0,1,81179.0
56,2,0,0,0,0,281,0.0,0.0,0.05,0.06,0.0,255,14,0.05,0.07,0.0,0.0,0.0,1.0,1,35117.0
22,9,218,3097,0,1,20,0.0,0.0,1.0,0.0,0.0,20,20,1.0,0.0,0.0,0.0,0.0,0.0,0,73803.0
35,1,0,0,0,0,239,0.0,0.0,0.01,0.07,0.0,255,3,0.01,0.07,0.0,0.0,0.0,1.0,1,108372.0
22,9,199,398456,0,1,9,0.0,0.0,1.0,0.0,0.18,54,255,1.0,0.0,0.01,0.0,0.01,0.0,0,125618.0
49,9,1638,330,0,1,1,0.0,0.0,1.0,0.0,0.0,97,57,0.59,0.05,0.0,0.0,0.0,0.0,0,95244.0
22,2,280,2920,0,1,3,0.0,0.0,1.0,0.0,0.0,124,255,1.0,0.0,0.02,0.0,0.0,0.01,0,67497.0
19,9,1690,0,0,1,3,0.0,0.0,1.0,0.0,0.0,255,48,0.19,0.05,0.0,0.39,0.0,0.0,0,33886.0
22,9,322,349,0,1,6,0.0,0.0,1.0,0.0,0.29,255,255,1.0,0.0,0.0,0.0,0.0,0.0,0,10909.0
60,5,0,0,0,0,266,1.0,1.0,0.05,0.06,0.0,255,12,0.05,0.07,0.0,1.0,1.0,0.0,1,94803.0
44,1,0,0,0,0,190,0.0,0.0,0.04,0.06,0.0,255,8,0.03,0.08,0.0,0.0,0.0,1.0,1,109800.0
52,2,0,0,0,0,187,0.0,0.0,0.06,0.07,0.0,255,11,0.04,0.08,0.0,0.0,0.0,1.0,1,106164.0
13,9,8,0,0,0,1,0.0,0.0,1.0,0.0,1.0,1,32,1.0,0.0,0.53,0.0,0.0,0.0,1,73816.0
22,9,54540,8314,0,1,5,0.0,0.0,1.0,0.0,0.0,252,252,1.0,0.0,0.0,0.0,0.0,0.05,1,10210.0
44,5,0,0,0,0,186,1.0,1.0,0.04,0.08,0.0,255,8,0.03,0.08,0.0,1.0,1.0,0.0,1,48126.0
44,5,0,0,0,0,180,1.0,1.0,0.08,0.06,0.0,255,14,0.05,0.06,0.0,1.0,1.0,0.0,1,46968.0
22,9,190,282,0,1,3,0.0,0.0,1.0,0.0,0.0,17,255,1.0,0.0,0.04,0.0,0.0,0.0,0,37180.0
11,9,44,67,0,0,253,0.0,0.0,1.0,0.0,0.0,255,254,1.0,0.01,0.0,0.0,0.0,0.0,0,70533.0
22,9,54540,8314,0,1,6,0.0,0.0,1.0,0.0,0.0,39,39,1.0,0.0,0.0,0.0,0.0,0.05,1,49029.0
53,5,0,0,0,0,283,1.0,1.0,0.01,0.05,0.0,255,2,0.01,0.05,0.0,1.0,1.0,0.0,1,98847.0
44,5,0,0,0,0,241,1.0,1.0,0.04,0.06,0.0,255,8,0.03,0.06,0.0,1.0,1.0,0.0,1,91613.0
22,9,219,1659,0,1,25,0.0,0.0,1.0,0.0,0.05,25,255,1.0,0.0,0.04,0.0,0.0,0.0,0,66942.0
22,9,199,12884,0,1,1,0.0,0.0,1.0,0.0,0.0,80,80,1.0,0.0,0.0,0.0,0.0,0.0,0,57586.0
44,10,0,0,0,0,1,1.0,1.0,1.0,0.0,0.0,168,1,0.01,0.94,0.0,0.95,1.0,0.0,1,16235.0
14,9,1032,0,0,0,220,0.0,0.0,1.0,0.0,0.0,255,255,1.0,0.0,0.0,0.0,0.0,0.0,1,15669.0
14,9,520,0,0,0,311,0.0,0.0,1.0,0.0,0.0,255,255,1.0,0.0,0.0,0.0,0.0,0.0,1,117486.0
19,9,2900,0,0,1,3,0.0,0.0,0.67,0.67,0.0,255,67,0.26,0.04,0.0,0.21,0.0,0.0,0,56229.0
22,9,345,515,0,1,7,0.0,0.0,1.0,0.0,0.25,255,255,1.0,0.0,0.0,0.0,0.0,0.0,0,32494.0
44,5,0,0,0,0,206,1.0,1.0,0.11,0.06,0.0,255,23,0.09,0.06,0.0,1.0,1.0,0.0,1,68946.0
13,9,30,0,0,0,2,0.0,0.0,0.5,1.0,0.0,255,29,0.11,0.01,0.0,0.0,0.0,0.0,0,19265.0
11,9,44,69,0,0,170,0.0,0.0,1.0,0.0,0.0,255,254,1.0,0.01,0.0,0.0,0.0,0.0,0,81095.0
53,5,0,0,0,0,190,1.0,1.0,0.07,0.06,0.0,255,14,0.05,0.06,0.0,1.0,1.0,0.0,1,106500.0
22,9,213,18282,0,1,1,0.0,0.0,1.0,0.0,1.0,1,1,1.0,0.0,0.0,0.0,0.0,0.0,0,52202.0
44,5,0,0,0,0,201,1.0,1.0,0.05,0.06,0.0,255,11,0.04,0.05,0.0,1.0,1.0,0.0,1,59162.0
11,9,46,71,0,0,207,0.0,0.0,1.0,0.0,0.01,255,217,0.85,0.01,0.0,0.0,0.0,0.0,0,105100.0
62,1,0,0,0,0,201,0.0,0.0,0.0,0.06,0.0,255,1,0.0,0.07,0.0,0.0,0.0,1.0,1,52751.0
4,1,0,0,0,0,280,0.0,0.0,0.05,0.06,0.0,255,13,0.05,0.07,0.0,0.0,0.0,1.0,1,96859.0
11,9,32,0,0,0,1,0.0,0.0,1.0,0.0,1.0,198,39,0.16,0.04,0.05,0.0,0.0,0.0,0,61349.0
44,1,0,0,0,0,261,0.0,0.0,0.02,0.06,0.0,255,4,0.02,0.08,0.0,0.0,0.0,1.0,1,27866.0
11,9,45,128,0,0,165,0.0,0.0,0.99,0.01,0.01,167,128,0.77,0.02,0.0,0.0,0.0,0.0,0,37029.0
55,5,0,0,0,0,260,1.0,1.0,0.08,0.06,0.0,255,20,0.08,0.06,0.0,1.0,1.0,0.0,1,89496.0
18,2,0,0,0,0,143,0.0,0.0,0.1,0.06,0.0,255,8,0.03,0.07,0.0,0.0,0.0,1.0,1,25174.0
19,9,30,0,0,1,1,0.0,0.0,1.0,0.0,0.0,10,65,0.9,0.2,0.11,0.2,0.02,0.0,0,28161.0
22,9,219,4767,0,1,2,0.5,0.5,1.0,0.0,0.0,27,255,1.0,0.0,0.04,0.04,0.01,0.01,0,24822.0
13,9,8,0,0,0,1,0.0,0.0,1.0,0.0,1.0,2,12,1.0,0.0,0.5,0.0,0.0,0.0,1,43468.0
18,2,0,0,0,0,250,0.0,0.0,0.01,0.06,0.0,255,3,0.01,0.07,0.0,0.0,0.0,1.0,1,235.0
22,9,331,1047,0,1,2,0.0,0.0,1.0,0.0,0.0,254,255,1.0,0.0,0.01,0.0,0.0,0.0,0,94841.0
22,5,0,0,0,0,3,0.33,0.33,1.0,0.0,0.0,255,255,1.0,0.0,0.0,0.0,0.0,0.0,0,74634.0
49,9,984,309,0,1,1,0.0,0.0,1.0,0.0,0.0,79,9,0.11,0.9,0.0,0.0,0.0,0.0,0,52311.0
22,9,284,39474,0,1,3,0.0,0.0,1.0,0.0,0.0,92,255,1.0,0.0,0.04,0.0,0.0,0.0,0,88540.0
19,9,383,0,0,1,2,0.0,0.0,1.0,0.0,0.0,255,14,0.05,0.02,0.0,0.0,0.0,0.0,0,86301.0
44,4,0,0,0,0,1,0.0,0.0,1.0,0.0,0.0,255,1,0.0,0.27,0.0,0.0,0.0,1.0,1,14027.0
24,5,0,0,0,0,246,1.0,1.0,0.06,0.05,0.0,255,15,0.06,0.05,0.0,1.0,1.0,0.0,1,120873.0
22,9,222,488,0,1,14,0.0,0.0,1.0,0.0,0.0,255,255,1.0,0.0,0.0,0.0,0.0,0.02,0,17435.0
22,9,231,3180,0,1,8,0.0,0.0,1.0,0.0,0.0,114,255,1.0,0.0,0.03,0.0,0.0,0.0,0,33173.0
54,5,0,0,0,0,103,1.0,1.0,0.03,0.06,0.0,255,3,0.01,0.06,0.0,1.0,1.0,0.0,1,31596.0
49,9,6469,491,0,1,1,0.0,0.0,1.0,0.0,0.0,133,244,0.95,0.02,0.01,0.0,0.0,0.0,0,36183.0
49,9,250691,323,0,1,1,0.0,0.0,1.0,0.0,0.0,86,246,0.97,0.02,0.01,0.0,0.0,0.0,0,78786.0
18,2,0,0,0,0,236,0.0,0.0,0.04,0.07,0.0,255,10,0.04,0.08,0.0,0.0,0.0,1.0,1,117703.0
22,9,204,12446,0,1,2,0.0,0.0,1.0,0.0,0.0,2,255,1.0,0.0,0.02,0.0,0.0,0.0,0,122482.0
22,9,359,445,0,1,20,0.05,0.01,1.0,0.0,0.07,20,255,1.0,0.0,0.04,0.05,0.0,0.0,0,81964.0
11,9,44,133,0,0,320,0.0,0.0,1.0,0.01,0.0,255,251,0.98,0.01,0.0,0.0,0.0,0.0,0,54791.0
22,9,143,417,0,1,1,0.0,0.0,1.0,0.0,0.22,213,248,1.0,0.0,0.01,0.0,0.0,0.0,0,56432.0
22,9,232,791,0,1,4,0.0,0.0,1.0,0.0,0.25,16,255,1.0,0.0,0.04,0.0,0.0,0.0,0,30384.0
30,5,0,0,0,0,138,1.0,1.0,0.13,0.04,0.0,255,18,0.07,0.05,0.0,1.0,1.0,0.0,1,6542.0
2,5,0,0,0,0,276,1.0,1.0,0.03,0.06,0.0,255,17,0.07,0.07,0.0,1.0,1.0,0.0,1,74108.0
19,9,641,0,0,1,1,0.0,0.0,1.0,0.0,0.67,177,101,0.5,0.03,0.02,0.0,0.0,0.0,0,44787.0
11,9,95,44,0,0,1,0.0,0.0,1.0,0.0,0.0,36,13,0.36,0.06,0.0,0.0,0.0,0.0,0,16708.0
44,5,0,0,0,0,124,1.0,1.0,0.03,0.07,0.0,255,16,0.06,0.07,0.0,1.0,1.0,0.0,1,5963.0
22,9,184,2653,0,1,2,0.0,0.0,1.0,0.0,0.0,17,255,1.0,0.0,0.02,0.0,0.0,0.0,0,99211.0
60,5,0,0,0,0,294,1.0,1.0,0.07,0.05,0.0,255,18,0.07,0.07,0.0,1.0,1.0,0.0,1,118203.0
22,9,312,115,0,1,1,0.0,0.0,1.0,0.0,0.0,255,255,1.0,0.0,0.0,0.0,0.0,0.0,0,83574.0
22,9,354,1590,0,1,14,0.0,0.0,1.0,0.0,0.0,255,255,1.0,0.0,0.0,0.0,0.0,0.0,0,122634.0
21,5,0,0,0,0,236,1.0,1.0,0.01,0.07,0.0,255,3,0.01,0.07,0.0,1.0,1.0,0.0,1,77877.0
22,1,0,0,0,0,35,0.0,0.0,1.0,0.0,0.0,188,199,1.0,0.0,0.03,0.01,0.01,0.4,0,96722.0
22,9,283,27544,0,1,43,0.0,0.0,1.0,0.0,0.04,164,255,1.0,0.0,0.01,0.0,0.0,0.0,0,98501.0
54,5,0,0,0,0,268,1.0,1.0,0.07,0.06,0.0,255,18,0.07,0.07,0.0,1.0,1.0,0.0,1,36115.0
22,9,227,255,0,1,16,0.0,0.0,1.0,0.0,0.0,255,255,1.0,0.0,0.0,0.0,0.0,0.0,0,95059.0
36,5,0,0,0,0,213,0.64,1.0,0.0,0.42,0.0,255,1,0.0,0.35,0.0,0.54,1.0,0.0,1,103331.0
11,9,44,135,0,0,278,0.0,0.0,1.0,0.0,0.0,255,251,0.98,0.01,0.0,0.0,0.0,0.0,0,123087.0
13,9,8,0,0,0,1,0.0,0.0,1.0,0.0,1.0,1,31,1.0,0.0,0.52,0.0,0.0,0.0,1,61653.0
29,5,0,0,0,0,217,1.0,1.0,0.03,0.06,0.0,255,7,0.03,0.07,0.0,1.0,1.0,0.0,1,40670.0
9,5,0,0,0,0,206,1.0,1.0,0.08,0.06,0.0,255,15,0.06,0.07,0.0,1.0,1.0,0.0,1,116539.0
58,9,183,0,0,0,2,0.0,0.0,0.5,1.0,0.0,255,40,0.16,0.01,0.0,0.0,0.0,0.0,0,90000.0
19,9,1030,0,0,1,2,0.0,0.0,1.0,0.0,0.0,255,47,0.18,0.05,0.0,0.39,0.0,0.0,0,77023.0
49,9,2974,327,0,1,1,0.0,0.0,1.0,0.0,0.0,148,37,0.25,0.48,0.0,0.0,0.0,0.0,0,94838.0
8,5,0,0,0,0,288,1.0,1.0,0.01,0.06,0.0,255,2,0.01,0.07,0.0,1.0,1.0,0.0,1,57088.0
22,9,216,654,0,1,19,0.0,0.0,1.0,0.0,0.0,255,255,1.0,0.0,0.0,0.0,0.0,0.0,0,1920.0
22,9,354,1215,0,1,4,0.0,0.0,1.0,0.0,0.0,125,255,1.0,0.0,0.02,0.0,0.0,0.0,0,41849.0
26,5,0,0,0,0,110,1.0,1.0,0.05,0.06,0.0,255,15,0.06,0.06,0.0,1.0,1.0,0.0,1,110163.0
40,9,15876,0,0,1,12,0.08,0.0,0.08,0.17,0.0,171,1,0.01,0.03,0.0,0.01,0.0,0.0,0,124212.0
22,9,319,397,0,1,13,0.0,0.0,1.0,0.0,0.0,255,255,1.0,0.0,0.0,0.0,0.0,0.0,0,92101.0
18,6,1223,3371,0,1,1,1.0,1.0,1.0,0.0,0.0,166,45,0.27,0.04,0.0,0.01,0.02,0.0,0,59428.0
62,1,0,0,0,0,232,0.0,0.0,0.05,0.06,0.0,255,12,0.05,0.07,0.0,0.0,0.0,1.0,1,24624.0
44,5,0,0,0,0,146,1.0,1.0,0.12,0.06,0.0,255,9,0.04,0.08,0.0,1.0,1.0,0.0,1,43270.0
55,9,179,9682,0,1,1,0.0,0.0,1.0,0.0,0.0,255,54,0.21,0.02,0.0,0.55,0.67,0.0,0,94213.0
22,9,203,6178,0,1,7,0.0,0.0,1.0,0.0,0.0,164,255,1.0,0.0,0.02,0.0,0.0,0.0,0,19245.0
23,5,0,0,0,0,235,1.0,1.0,0.02,0.06,0.0,255,4,0.02,0.07,0.0,1.0,1.0,0.0,1,98120.0
55,9,125,9979,0,1,1,0.0,0.0,1.0,0.0,0.0,255,2,0.01,0.03,0.0,0.0,0.0,0.0,0,82947.0
14,9,1032,0,0,0,510,0.0,0.0,1.0,0.0,0.0,255,89,0.35,0.04,0.0,0.07,0.0,0.0,1,119403.0
22,9,338,238,0,1,1,0.0,0.0,1.0,0.0,0.13,67,255,1.0,0.0,0.07,0.0,0.0,0.02,0,50020.0
22,9,228,6068,0,1,2,0.0,0.0,1.0,0.0,0.0,76,255,1.0,0.0,0.02,0.0,0.0,0.0,0,8604.0
44,9,28,0,3,0,90,0.01,0.0,0.99,0.02,0.0,255,89,0.35,0.01,0.0,0.0,0.0,0.0,1,93059.0
19,9,6062,0,0,1,14,0.0,0.0,1.0,0.0,0.0,76,76,0.26,0.04,0.03,0.0,0.17,0.0,0,58193.0
4,5,0,0,0,0,278,1.0,1.0,0.07,0.06,0.0,255,20,0.08,0.08,0.0,1.0,1.0,0.0,1,10023.0
49,9,627,333,0,1,1,0.0,0.0,1.0,0.0,0.0,169,110,0.65,0.08,0.0,0.01,0.0,0.0,0,42899.0
55,9,590,19589,0,1,1,0.0,0.0,1.0,0.0,0.0,166,17,0.1,0.04,0.0,0.01,0.06,0.0,0,86235.0
22,9,213,315,0,1,40,0.0,0.0,1.0,0.0,0.05,250,255,1.0,0.0,0.01,0.0,0.0,0.0,0,35829.0
22,9,232,6850,0,1,2,0.0,0.0,1.0,0.0,0.0,20,255,1.0,0.0,0.04,0.0,0.0,0.0,0,98796.0
44,1,0,0,0,0,272,0.0,0.0,0.03,0.07,0.0,255,8,0.03,0.09,0.0,0.0,0.0,1.0,1,118925.0
19,9,7321,0,0,1,1,0.0,0.0,1.0,0.0,0.0,146,55,0.38,0.03,0.0,0.0,0.0,0.0,0,6095.0
22,9,269,2232,0,1,15,0.0,0.0,1.0,0.0,0.16,255,255,1.0,0.0,0.0,0.0,0.0,0.0,0,12328.0
22,9,294,256,0,1,2,0.0,0.0,1.0,0.0,0.0,255,246,0.96,0.01,0.0,0.0,0.0,0.0,0,66098.0
16,2,0,0,0,0,116,0.0,0.0,0.02,0.06,0.0,255,2,0.01,0.07,0.0,0.0,0.0,1.0,1,105034.0
25,5,0,0,0,0,222,1.0,1.0,0.0,0.07,0.0,255,1,0.0,0.08,0.0,1.0,1.0,0.0,1,77098.0
14,9,1032,0,0,0,510,0.0,0.0,1.0,0.0,0.0,255,123,0.48,0.06,0.0,0.0,0.0,0.0,1,60073.0
22,9,221,398,0,1,12,0.0,0.0,1.0,0.0,0.0,216,255,1.0,0.0,0.01,0.0,0.0,0.0,0,78760.0
40,9,147,105,0,0,1,0.0,0.0,1.0,0.0,0.0,255,3,0.01,0.53,0.0,0.0,0.0,0.0,0,460.0
22,9,142,38299,0,1,1,0.0,0.0,1.0,0.0,1.0,82,255,1.0,0.0,0.02,0.0,0.0,0.0,0,85237.0
22,9,258,1010,0,1,29,0.0,0.0,1.0,0.0,0.05,255,255,1.0,0.0,0.0,0.0,0.0,0.0,0,70357.0
22,9,233,1645,0,1,7,0.0,0.0,1.0,0.0,0.12,255,255,1.0,0.0,0.0,0.0,0.0,0.0,0,28329.0
22,9,282,13664,0,1,9,0.0,0.0,1.0,0.0,0.0,93,255,1.0,0.0,0.03,0.0,0.0,0.0,0,51591.0
22,1,0,0,0,0,1,0.0,0.0,1.0,0.0,0.0,4,247,1.0,0.0,0.13,0.0,0.0,0.67,0,37882.0
13,9,8,0,0,0,2,0.0,0.0,0.5,1.0,1.0,1,43,1.0,0.0,0.51,0.0,0.0,0.0,1,25605.0
22,9,207,3114,0,1,44,0.0,0.0,1.0,0.0,0.0,136,255,1.0,0.0,0.03,0.0,0.0,0.0,0,124223.0
22,9,305,327,0,1,7,0.0,0.0,1.0,0.0,0.11,37,255,1.0,0.0,0.03,0.0,0.0,0.0,0,68418.0
13,9,8,0,0,0,1,0.0,0.0,1.0,0.0,1.0,2,106,1.0,0.0,0.5,0.0,0.0,0.0,1,11231.0
22,9,289,15252,0,1,7,0.0,0.0,1.0,0.0,0.0,255,255,1.0,0.0,0.0,0.0,0.0,0.0,0,12517.0
59,5,0,0,0,0,142,1.0,1.0,0.13,0.06,0.0,255,18,0.07,0.06,0.0,1.0,1.0,0.0,1,90605.0
22,9,54540,8314,0,1,6,0.0,0.0,1.0,0.0,0.0,255,255,1.0,0.0,0.0,0.0,0.0,0.02,1,110264.0
49,9,1488,334,0,1,1,0.0,0.0,1.0,0.0,0.0,72,148,0.64,0.07,0.01,0.0,0.0,0.0,0,100029.0
22,9,349,16411,0,1,1,0.0,0.0,1.0,0.0,0.0,45,255,1.0,0.0,0.02,0.0,0.0,0.0,0,81513.0
22,9,254,1019,0,1,2,0.0,0.0,1.0,0.0,0.2,37,255,1.0,0.0,0.03,0.0,0.01,0.01,0,72919.0
22,9,248,1856,0,1,2,0.0,0.0,0.5,1.0,0.0,255,250,0.98,0.01,0.0,0.0,0.0,0.0,0,30840.0
14,9,520,0,0,0,480,0.0,0.0,1.0,0.0,0.0,71,71,1.0,0.0,0.0,0.0,0.0,0.0,1,41220.0
22,9,264,7883,0,1,1,0.0,0.0,1.0,0.0,0.0,255,255,1.0,0.0,0.0,0.0,0.0,0.0,0,43376.0
44,9,28,0,3,0,83,0.0,0.0,1.0,0.0,0.0,255,83,0.33,0.64,0.0,0.01,0.0,0.0,1,5795.0
49,9,1029,374,0,1,1,0.0,0.0,1.0,0.0,1.0,121,92,0.76,0.04,0.0,0.0,0.0,0.04,0,116496.0
55,4,0,0,0,0,1,0.0,0.0,1.0,0.0,0.0,121,2,0.02,0.21,0.0,0.0,0.0,0.5,1,90003.0
11,9,42,74,0,0,243,0.0,0.0,1.0,0.0,0.01,255,200,0.78,0.01,0.0,0.0,0.0,0.0,0,23968.0
49,9,1244,326,0,1,1,0.0,0.0,1.0,0.0,0.0,21,8,0.38,0.14,0.0,0.05,0.0,0.0,0,71237.0
49,9,1262,334,0,1,2,0.0,0.0,1.0,0.0,0.75,187,141,0.51,0.02,0.01,0.0,0.0,0.0,0,97002.0
52,5,0,0,0,0,278,1.0,1.0,0.01,0.06,0.0,255,18,0.07,0.08,0.0,1.0,1.0,0.0,1,16506.0
44,5,0,0,0,0,24,1.0,1.0,0.33,0.12,0.0,255,9,0.04,0.08,0.0,1.0,1.0,0.0,1,4395.0
44,1,0,0,0,0,269,0.0,0.0,0.02,0.06,0.0,255,6,0.02,0.08,0.0,0.0,0.0,1.0,1,20553.0
22,9,282,633,0,1,3,0.0,0.0,1.0,0.0,0.38,116,255,1.0,0.0,0.06,0.0,0.0,0.0,0,59517.0
22,9,209,864,0,1,10,0.0,0.0,1.0,0.0,0.0,255,255,1.0,0.0,0.0,0.0,0.0,0.0,0,27127.0
22,9,219,1123,0,1,4,0.0,0.0,1.0,0.0,0.0,255,255,1.0,0.0,0.0,0.0,0.0,0.0,0,108238.0
22,9,205,1600,0,1,4,0.0,0.0,1.0,0.0,0.0,19,255,1.0,0.0,0.05,0.0,0.0,0.0,0,57794.0
13,9,8,0,0,0,1,0.0,0.0,1.0,0.0,1.0,1,255,1.0,0.0,0.5,0.0,0.0,0.0,1,57602.0
11,9,88,0,0,0,1,0.0,0.0,1.0,0.0,0.0,28,15,0.54,0.11,0.0,0.0,0.0,0.0,0,99487.0
40,9,1,0,0,0,10,0.0,0.0,0.1,0.7,0.0,255,1,0.0,0.24,0.0,0.0,0.0,0.0,1,82089.0
49,9,988,331,0,1,1,0.0,0.0,1.0,0.0,0.0,52,143,0.37,0.04,0.01,0.0,0.0,0.0,0,49848.0
52,5,0,0,0,0,208,1.0,1.0,0.08,0.06,0.0,255,11,0.04,0.06,0.0,1.0,1.0,0.0,1,33734.0
16,5,0,0,0,0,146,1.0,1.0,0.11,0.06,0.0,255,16,0.06,0.07,0.0,1.0,1.0,0.0,1,11287.0
40,9,146,105,0,0,1,0.0,0.0,1.0,0.0,0.0,255,1,0.0,0.87,0.0,0.0,0.0,0.0,0,60995.0
44,9,1,0,0,0,11,0.0,0.0,0.18,0.18,0.0,255,56,0.22,0.21,0.0,0.0,0.0,0.0,1,86080.0
22,9,225,1645,0,1,1,0.0,0.0,1.0,0.0,0.0,255,255,1.0,0.0,0.0,0.0,0.0,0.0,0,123677.0
22,9,222,1236,0,1,22,0.0,0.0,1.0,0.0,0.09,94,255,1.0,0.0,0.03,0.0,0.0,0.0,0,5740.0
17,5,0,0,0,0,65,1.0,1.0,0.26,0.06,0.0,255,65,0.25,0.02,0.0,1.0,1.0,0.0,1,48928.0
14,9,1032,0,0,0,383,0.0,0.0,1.0,0.0,0.0,255,255,1.0,0.0,0.0,0.0,0.0,0.0,1,106685.0
22,9,176,14113,0,1,3,0.0,0.0,1.0,0.0,0.0,13,255,1.0,0.0,0.06,0.0,0.0,0.0,0,120866.0
62,5,0,0,0,0,105,1.0,1.0,0.14,0.06,0.0,255,5,0.02,0.07,0.0,1.0,1.0,0.0,1,22427.0
44,5,0,0,0,0,111,1.0,1.0,0.13,0.07,0.0,255,19,0.07,0.06,0.0,1.0,1.0,0.0,1,43550.0
22,9,204,406,0,1,9,0.0,0.0,1.0,0.0,0.23,255,255,1.0,0.0,0.0,0.0,0.0,0.0,0,115558.0
22,9,307,3712,0,1,7,0.0,0.0,1.0,0.0,0.0,215,255,1.0,0.0,0.02,0.0,0.0,0.0,0,6286.0
4,5,0,0,0,0,52,1.0,1.0,0.06,0.08,0.0,255,6,0.02,0.07,0.0,1.0,1.0,0.0,1,59257.0
5,5,0,0,0,0,20,1.0,1.0,0.25,0.15,0.0,255,5,0.02,0.07,0.0,1.0,1.0,0.0,1,74596.0
44,5,0,0,0,0,98,1.0,1.0,0.18,0.05,0.0,255,17,0.07,0.07,0.0,1.0,1.0,0.0,1,1893.0
44,1,0,0,0,0,82,0.0,0.0,0.17,0.07,0.0,255,14,0.05,0.07,0.0,0.0,0.0,1.0,1,100463.0
44,5,0,0,0,0,232,1.0,1.0,0.06,0.06,0.0,255,1,0.0,0.06,0.0,1.0,1.0,0.0,1,25527.0
27,5,0,0,0,0,144,1.0,1.0,0.14,0.05,0.0,255,20,0.08,0.05,0.0,1.0,1.0,0.0,1,53323.0
22,9,248,13770,0,1,8,0.0,0.0,1.0,0.0,0.0,255,255,1.0,0.0,0.0,0.0,0.0,0.0,0,73495.0
2,1,0,0,0,0,101,0.0,0.0,0.01,0.07,0.0,255,1,0.0,0.06,0.0,0.0,0.0,1.0,1,17416.0
9,2,0,0,0,0,247,0.0,0.0,0.0,0.07,0.0,255,1,0.0,0.08,0.0,0.0,0.0,1.0,1,29443.0
22,9,338,238,0,1,1,0.0,0.0,1.0,0.0,0.3,97,255,1.0,0.0,0.07,0.0,0.0,0.02,0,117428.0
60,5,0,0,0,0,139,1.0,1.0,0.05,0.08,0.0,255,7,0.03,0.07,0.0,1.0,1.0,0.0,1,121106.0
19,9,192,0,0,1,2,0.0,0.0,1.0,0.0,0.0,168,57,0.27,0.04,0.04,0.0,0.0,0.0,0,35990.0
22,1,0,0,0,0,1,0.0,0.0,1.0,0.0,0.0,44,255,1.0,0.0,0.06,0.0,0.0,0.49,0,32625.0
49,9,1443,333,0,1,1,0.0,0.0,1.0,0.0,1.0,137,152,0.61,0.03,0.01,0.0,0.0,0.0,0,24967.0
49,9,1525,328,0,1,2,0.0,0.0,0.5,1.0,1.0,143,101,0.66,0.05,0.02,0.0,0.0,0.0,0,117135.0
44,5,0,0,0,0,237,1.0,1.0,0.01,0.06,0.0,255,10,0.04,0.06,0.0,1.0,1.0,0.0,1,12055.0
44,1,0,0,0,0,142,0.0,0.0,0.09,0.06,0.0,117,13,0.11,0.07,0.0,0.0,0.0,1.0,1,51702.0
22,9,224,1885,0,1,1,0.0,0.0,1.0,0.0,0.0,40,255,1.0,0.0,0.04,0.0,0.0,0.0,0,75002.0
22,9,300,1041,0,1,7,0.0,0.0,1.0,0.0,0.0,185,255,1.0,0.0,0.01,0.0,0.0,0.0,0,81907.0
18,9,1226,3380,0,1,1,0.0,0.0,1.0,0.0,0.0,255,62,0.24,0.03,0.0,0.0,0.0,0.0,0,100808.0
22,9,266,825,0,1,18,0.0,0.0,1.0,0.0,0.11,36,255,1.0,0.0,0.04,0.0,0.0,0.0,0,110226.0
22,9,347,255,0,1,21,0.0,0.0,1.0,0.0,0.0,255,255,1.0,0.0,0.0,0.0,0.0,0.0,0,14729.0
13,9,8,0,0,0,1,0.0,0.0,1.0,0.0,1.0,2,50,1.0,0.0,0.5,0.0,0.0,0.0,1,76767.0
40,9,147,105,0,0,1,0.0,0.0,1.0,0.0,0.0,255,1,0.0,0.89,0.0,0.0,0.0,0.0,0,55192.0
44,5,0,0,0,0,132,1.0,1.0,0.12,0.05,0.0,255,26,0.1,0.06,0.0,1.0,1.0,0.0,1,97158.0
44,10,0,0,0,0,3,1.0,1.0,0.33,1.0,0.0,12,1,0.08,0.67,0.0,0.42,1.0,0.0,1,34283.0
54,1,0,0,0,0,144,0.0,0.0,0.1,0.06,0.0,255,12,0.05,0.07,0.0,0.0,0.0,1.0,1,54035.0
39,9,48,48,0,0,1,0.0,0.0,1.0,0.0,0.0,17,42,1.0,0.0,0.05,0.0,0.0,0.0,0,19935.0
60,5,0,0,0,0,230,1.0,1.0,0.03,0.07,0.0,255,8,0.03,0.08,0.0,1.0,1.0,0.0,1,34212.0
51,5,0,0,0,0,80,1.0,1.0,0.26,0.05,0.0,255,11,0.04,0.06,0.0,1.0,1.0,0.0,1,38700.0
3,5,0,0,0,0,240,1.0,1.0,0.01,0.07,0.0,255,3,0.01,0.07,0.0,1.0,1.0,0.0,1,120267.0
44,5,0,0,0,0,73,1.0,1.0,0.26,0.05,0.0,255,6,0.02,0.07,0.0,1.0,1.0,0.0,1,63287.0
35,5,0,0,0,0,120,1.0,1.0,0.06,0.05,0.0,255,7,0.03,0.05,0.0,1.0,1.0,0.0,1,96659.0
22,9,210,2649,0,1,18,0.0,0.0,1.0,0.0,0.0,19,255,1.0,0.0,0.06,0.0,0.0,0.01,0,31245.0
11,9,43,129,0,0,10,0.0,0.0,1.0,0.0,0.03,255,254,1.0,0.01,0.0,0.0,0.0,0.0,0,47994.0
44,5,0,0,0,0,122,1.0,1.0,0.11,0.06,0.0,255,1,0.0,0.07,0.0,1.0,1.0,0.0,1,100358.0
44,5,0,0,0,0,90,1.0,1.0,0.2,0.07,0.0,255,11,0.04,0.06,0.0,1.0,1.0,0.0,1,122219.0
19,9,63,0,0,0,2,0.0,0.0,1.0,0.0,0.0,231,11,0.03,0.01,0.18,0.87,0.0,0.0,0,121860.0
22,9,312,1592,0,1,4,0.0,0.0,1.0,0.0,0.4,21,255,1.0,0.0,0.08,0.0,0.0,0.0,0,7262.0
35,5,0,0,0,0,14,1.0,1.0,0.36,0.43,0.0,255,5,0.02,0.09,0.0,1.0,1.0,0.0,1,90337.0
22,9,329,2500,0,1,8,0.0,0.0,1.0,0.0,0.3,60,255,1.0,0.0,0.02,0.0,0.0,0.0,0,31212.0
11,9,42,108,0,0,1,0.0,0.0,1.0,0.0,0.0,29,219,0.83,0.07,0.01,0.0,0.0,0.0,0,89998.0
22,1,0,0,0,0,1,0.0,0.0,1.0,0.0,0.0,31,255,1.0,0.0,0.12,0.0,0.0,1.0,0,43466.0
31,1,0,0,0,0,300,0.0,0.0,0.07,0.06,0.0,255,20,0.08,0.07,0.0,0.0,0.0,1.0,1,64068.0
22,9,230,6195,0,1,3,0.0,0.0,1.0,0.0,0.0,255,255,1.0,0.0,0.0,0.0,0.0,0.0,0,34045.0
61,1,0,0,0,0,164,0.0,0.0,0.03,0.07,0.0,255,5,0.02,0.09,0.0,0.0,0.0,1.0,1,60475.0
22,9,186,2117,0,1,5,0.0,0.0,1.0,0.0,0.33,14,255,1.0,0.0,0.03,0.0,0.0,0.0,0,111738.0
25,5,0,0,0,0,207,1.0,1.0,0.01,0.07,0.0,255,14,0.05,0.09,0.0,1.0,1.0,0.0,1,24826.0
44,9,1,0,0,0,17,0.0,0.0,0.88,0.18,0.0,255,15,0.06,0.76,0.0,0.1,0.0,0.0,1,108336.0
13,9,8,0,0,0,1,0.0,0.0,1.0,0.0,1.0,2,33,1.0,0.0,0.52,0.0,0.0,0.0,1,11366.0
22,9,219,2367,0,1,2,0.0,0.0,1.0,0.0,0.0,255,255,1.0,0.0,0.0,0.0,0.0,0.0,0,96279.0
22,9,418,9927,0,1,12,0.0,0.0,1.0,0.0,0.0,36,245,1.0,0.0,0.27,0.0,0.0,0.89,0,28484.0
22,9,214,3386,0,1,3,0.0,0.0,1.0,0.0,0.0,6,255,1.0,0.0,0.09,0.0,0.0,0.0,0,75328.0
22,9,167,9518,0,1,3,0.0,0.0,1.0,0.0,0.29,110,255,1.0,0.0,0.01,0.0,0.0,0.0,0,32308.0
44,5,0,0,0,0,142,1.0,1.0,0.05,0.06,0.0,255,8,0.03,0.07,0.0,1.0,1.0,0.0,1,1437.0
22,9,54540,8314,0,1,4,0.0,0.0,1.0,0.0,0.0,104,104,1.0,0.0,0.0,0.0,0.0,0.05,1,2582.0
44,5,0,0,0,0,74,1.0,1.0,0.14,0.07,0.0,255,20,0.08,0.07,0.0,1.0,1.0,0.0,1,117469.0
44,5,0,0,0,0,256,1.0,1.0,0.05,0.05,0.0,255,9,0.04,0.08,0.0,1.0,1.0,0.0,1,7085.0
22,9,204,605,0,1,14,0.07,0.07,1.0,0.0,0.0,43,255,1.0,0.0,0.04,0.02,0.0,0.0,0,58243.0
22,9,240,2431,0,1,5,0.0,0.0,1.0,0.0,0.14,92,255,1.0,0.0,0.02,0.0,0.0,0.0,0,104756.0
11,9,44,128,0,0,186,0.0,0.0,0.99,0.01,0.0,217,184,0.85,0.01,0.0,0.0,0.0,0.0,0,47242.0
11,9,44,72,0,0,107,0.0,0.0,1.0,0.0,0.0,255,254,1.0,0.01,0.0,0.0,0.0,0.0,0,79563.0
22,9,264,2194,0,1,15,0.0,0.0,1.0,0.0,0.12,71,255,1.0,0.0,0.02,0.0,0.0,0.0,0,49782.0
11,9,44,74,0,0,206,0.0,0.0,1.0,0.0,0.0,255,237,0.93,0.01,0.0,0.0,0.0,0.0,0,35583.0
22,9,230,26866,0,1,1,0.0,0.0,1.0,0.0,0.0,255,255,1.0,0.0,0.0,0.0,0.0,0.0,0,108912.0
44,5,0,0,0,0,43,1.0,1.0,0.19,0.14,0.0,255,8,0.03,0.09,0.0,1.0,1.0,0.0,1,58478.0
19,9,334,0,0,1,1,0.0,0.0,1.0,0.0,0.0,225,86,0.36,0.02,0.02,0.0,0.0,0.0,1,42512.0
22,9,304,263,0,1,2,0.0,0.0,1.0,0.0,0.0,109,255,1.0,0.0,0.05,0.0,0.0,0.0,0,115365.0
11,9,43,137,0,0,74,0.0,0.0,1.0,0.0,0.01,255,254,1.0,0.01,0.0,0.0,0.0,0.0,0,90746.0
11,9,45,126,0,0,71,0.0,0.0,1.0,0.0,0.01,255,235,0.92,0.01,0.0,0.0,0.0,0.0,0,5035.0
22,9,308,1298,0,1,17,0.0,0.0,1.0,0.0,0.13,255,255,1.0,0.0,0.0,0.0,0.0,0.0,0,25065.0
61,5,0,0,0,0,120,1.0,1.0,0.08,0.06,0.0,255,9,0.04,0.05,0.0,1.0,1.0,0.0,1,71591.0
9,3,621568663,0,0,0,1,0.0,0.0,1.0,0.0,0.0,74,1,0.01,0.08,0.0,0.0,0.0,1.0,1,43486.0
19,9,607,0,0,1,2,0.0,0.0,1.0,0.0,0.0,10,6,0.6,0.2,0.0,0.0,0.0,0.0,0,44825.0
22,9,208,1778,0,1,3,0.0,0.0,1.0,0.0,0.0,3,255,1.0,0.0,0.03,0.0,0.01,0.0,0,6562.0
11,9,44,123,0,0,182,0.0,0.0,1.0,0.0,0.0,255,255,1.0,0.0,0.0,0.0,0.0,0.0,0,102983.0
22,9,309,9991,0,1,6,0.0,0.0,1.0,0.0,0.29,6,255,1.0,0.0,0.05,0.0,0.0,0.0,0,34506.0
17,5,0,0,0,0,234,1.0,1.0,0.02,0.06,0.0,255,4,0.02,0.08,0.0,1.0,1.0,0.0,1,7146.0
22,9,205,1767,0,1,2,0.0,0.0,1.0,0.0,0.0,14,255,1.0,0.0,0.01,0.0,0.0,0.0,0,31360.0
22,9,54540,8314,0,1,3,0.0,0.0,1.0,0.0,0.0,71,71,1.0,0.0,0.0,0.0,0.0,0.2,1,103306.0
22,1,0,0,0,0,1,0.0,0.0,1.0,0.0,0.0,104,255,1.0,0.0,0.11,0.0,0.0,1.0,0,20976.0
44,5,0,0,0,0,133,1.0,1.0,0.13,0.06,0.0,255,3,0.01,0.07,0.0,1.0,1.0,0.0,1,9487.0
22,9,317,6907,0,1,4,0.0,0.0,1.0,0.0,0.4,7,255,1.0,0.0,0.05,0.0,0.0,0.0,0,101883.0
11,9,43,127,0,0,72,0.0,0.0,1.0,0.0,0.01,255,255,1.0,0.0,0.0,0.0,0.0,0.0,0,50677.0
32,5,0,0,0,0,213,1.0,1.0,0.04,0.06,0.0,255,20,0.08,0.07,0.0,1.0,1.0,0.0,1,6868.0
55,9,182,8092,0,1,1,0.0,0.0,1.0,0.0,0.0,255,1,0.0,0.01,0.0,0.0,0.0,0.0,0,66558.0
44,5,0,0,0,0,96,1.0,1.0,0.07,0.07,0.0,255,10,0.04,0.07,0.0,1.0,1.0,0.0,1,38290.0
6,5,0,0,0,0,285,1.0,1.0,0.02,0.06,0.0,255,5,0.02,0.07,0.0,1.0,1.0,0.0,1,4133.0
44,5,0,0,0,0,149,1.0,1.0,0.11,0.05,0.0,255,5,0.02,0.08,0.0,1.0,1.0,0.0,1,81274.0
11,9,42,42,0,0,3,0.0,0.0,1.0,0.0,0.33,255,243,0.95,0.01,0.0,0.0,0.0,0.0,0,93521.0
3,5,0,0,0,0,237,1.0,1.0,0.04,0.06,0.0,255,10,0.04,0.07,0.0,1.0,1.0,0.0,1,120105.0
60,1,0,0,0,0,109,0.0,0.0,0.05,0.07,0.0,255,5,0.02,0.08,0.0,0.0,0.0,1.0,1,73320.0
22,9,250,3360,0,1,9,0.0,0.0,1.0,0.0,0.16,255,255,1.0,0.0,0.0,0.0,0.0,0.0,0,39143.0
22,9,153,1572,0,1,8,0.0,0.0,1.0,0.0,0.0,8,255,1.0,0.0,0.05,0.0,0.02,0.0,0,15396.0
49,9,1218,333,0,1,1,0.0,0.0,1.0,0.0,0.0,38,88,0.82,0.08,0.02,0.0,0.0,0.0,0,66105.0
22,9,197,1037,0,1,5,0.0,0.0,1.0,0.0,0.0,19,23,1.0,0.0,0.09,0.0,0.0,0.0,0,18947.0
22,9,333,16904,0,1,30,0.0,0.0,1.0,0.0,0.0,255,255,1.0,0.0,0.0,0.0,0.0,0.0,0,98098.0
22,9,341,1164,0,1,7,0.0,0.0,1.0,0.0,0.0,84,255,1.0,0.0,0.07,0.0,0.0,0.0,0,14376.0
44,3,0,0,0,0,171,0.68,0.5,0.01,0.39,0.0,255,2,0.01,0.26,0.0,0.45,0.5,0.5,1,120303.0
22,9,173,7697,0,1,23,0.0,0.0,1.0,0.0,0.08,44,255,1.0,0.0,0.04,0.0,0.0,0.0,0,39733.0
55,9,466,334069,0,1,1,0.0,0.0,1.0,0.0,0.0,116,19,0.16,0.04,0.0,0.0,0.0,0.0,0,59633.0
11,9,44,44,0,0,156,0.0,0.0,1.0,0.0,0.02,255,254,1.0,0.01,0.0,0.0,0.0,0.0,0,63059.0
44,4,1,0,0,0,1,0.0,0.0,1.0,0.0,0.0,255,1,0.0,0.82,0.0,0.0,0.0,1.0,1,41207.0
22,9,147,6195,0,1,2,0.0,0.0,1.0,0.0,0.0,165,255,1.0,0.0,0.02,0.01,0.0,0.0,0,56798.0
14,9,1032,0,0,0,509,0.0,0.0,1.0,0.0,0.0,255,178,0.7,0.16,0.0,0.0,0.0,0.0,1,20472.0
22,9,270,1375,0,1,29,0.0,0.0,1.0,0.0,0.07,58,255,1.0,0.0,0.02,0.0,0.0,0.0,0,98028.0
44,5,0,0,0,0,188,1.0,1.0,0.1,0.05,0.0,255,18,0.07,0.06,0.0,1.0,1.0,0.0,1,101818.0
49,9,1985,333,0,1,1,0.0,0.0,1.0,0.0,1.0,2,2,1.0,0.0,0.0,0.0,0.0,0.0,0,37047.0
56,3,0,0,0,0,173,0.68,0.5,0.01,0.39,0.0,255,2,0.01,0.27,0.0,0.46,0.5,0.5,1,66348.0
49,9,1147,366,0,1,1,0.0,0.0,1.0,0.0,0.0,94,229,0.95,0.02,0.01,0.0,0.0,0.0,0,48987.0
49,9,1236,335,0,1,1,0.0,0.0,1.0,0.0,0.0,131,53,0.4,0.04,0.0,0.0,0.0,0.0,0,84304.0
22,9,268,994,0,1,1,0.0,0.0,1.0,0.0,0.19,44,255,1.0,0.0,0.06,0.0,0.0,0.0,0,55675.0
22,9,243,725,0,1,11,0.0,0.0,1.0,0.0,0.17,75,255,1.0,0.0,0.02,0.0,0.0,0.02,0,110380.0
27,1,0,0,0,0,136,0.0,0.0,0.14,0.06,0.0,255,19,0.07,0.06,0.0,0.0,0.0,1.0,1,112490.0
49,9,1294,282,0,1,1,0.0,0.0,1.0,0.0,1.0,167,131,0.69,0.03,0.02,0.0,0.0,0.01,0,92529.0
36,5,0,0,0,0,267,1.0,1.0,0.01,0.06,0.0,255,4,0.02,0.06,0.0,1.0,1.0,0.0,1,91406.0
11,9,46,46,0,0,3,0.0,0.0,0.33,0.67,0.5,47,45,0.96,0.04,0.0,0.0,0.0,0.0,0,57199.0
40,9,1,0,0,0,14,0.0,0.0,0.07,0.71,0.0,255,1,0.0,0.2,0.0,0.0,0.0,0.0,1,36442.0
33,5,0,0,0,0,267,1.0,1.0,0.02,0.06,0.0,255,16,0.06,0.07,0.0,1.0,1.0,0.0,1,3512.0
1,1,0,0,0,0,2,0.0,0.0,0.5,1.0,0.0,255,1,0.0,0.03,0.0,0.0,0.0,1.0,1,54374.0
44,1,0,0,0,0,73,0.0,0.0,0.23,0.07,0.0,255,6,0.02,0.07,0.0,0.0,0.0,1.0,1,59922.0
11,9,42,42,0,0,14,0.0,0.0,1.0,0.0,0.13,255,250,0.98,0.01,0.0,0.0,0.0,0.0,0,29842.0
19,5,0,0,0,0,276,1.0,1.0,0.03,0.05,0.0,255,9,0.04,0.05,0.0,1.0,1.0,0.0,1,105370.0
19,9,5558,0,0,0,18,0.0,0.0,1.0,0.0,0.0,255,118,0.46,0.02,0.0,0.0,0.0,0.0,0,94453.0
22,9,209,367,0,1,1,0.0,0.0,1.0,0.0,0.5,255,255,1.0,0.0,0.0,0.0,0.0,0.0,0,102496.0
11,9,44,110,0,0,78,0.0,0.0,1.0,0.0,0.01,255,255,1.0,0.0,0.0,0.0,0.0,0.0,0,74057.0
44,5,0,0,0,0,175,1.0,1.0,0.09,0.06,0.0,255,5,0.02,0.07,0.0,1.0,1.0,0.0,1,86220.0
44,9,1,0,0,0,37,0.0,0.0,0.11,0.11,0.0,255,4,0.02,0.24,0.0,0.0,0.0,0.0,1,72106.0
22,9,261,354,0,1,16,0.0,0.0,1.0,0.0,0.12,255,255,1.0,0.0,0.0,0.0,0.0,0.0,0,81680.0
22,9,262,872,0,1,9,0.0,0.0,1.0,0.0,0.0,139,255,1.0,0.0,0.04,0.0,0.0,0.01,0,65302.0
13,9,30,0,0,0,8,0.0,0.0,0.12,0.38,0.0,255,4,0.02,0.01,0.0,0.0,0.0,0.0,0,92224.0
35,5,0,0,0,0,215,1.0,1.0,0.04,0.07,0.0,255,8,0.03,0.07,0.0,1.0,1.0,0.0,1,8077.0
13,9,8,0,0,0,1,0.0,0.0,1.0,0.0,1.0,2,2,1.0,0.0,0.0,0.0,0.0,0.0,1,40577.0
22,9,306,3267,0,1,2,0.0,0.0,1.0,0.0,0.25,255,255,1.0,0.0,0.0,0.0,0.0,0.0,0,56644.0
22,9,331,362,0,1,4,0.0,0.0,1.0,0.0,0.5,255,255,1.0,0.0,0.0,0.0,0.0,0.0,0,34673.0
44,5,0,0,0,0,89,1.0,1.0,0.21,0.08,0.0,255,19,0.07,0.06,0.0,1.0,1.0,0.0,1,102269.0
22,9,326,942,0,1,4,0.0,0.0,1.0,0.0,0.18,219,255,1.0,0.0,0.01,0.0,0.0,0.0,0,2666.0
3,5,0,0,0,0,202,1.0,1.0,0.0,0.07,0.0,255,1,0.0,0.09,0.0,1.0,1.0,0.0,1,116034.0
22,9,213,567,0,1,17,0.0,0.0,1.0,0.0,0.0,106,255,1.0,0.0,0.03,0.0,0.0,0.0,0,10453.0
32,5,0,0,0,0,73,1.0,1.0,0.14,0.08,0.0,255,10,0.04,0.05,0.0,1.0,1.0,0.0,1,93920.0
44,5,0,0,0,0,247,1.0,1.0,0.04,0.06,0.0,255,11,0.04,0.07,0.0,1.0,1.0,0.0,1,48499.0
44,5,0,0,0,0,107,1.0,1.0,0.07,0.07,0.0,53,6,0.11,0.11,0.0,1.0,1.0,0.0,1,50553.0
10,1,0,0,0,0,259,0.0,0.0,0.0,0.07,0.0,255,1,0.0,0.07,0.0,0.0,0.0,1.0,1,91165.0
55,5,0,0,0,0,42,1.0,1.0,0.19,0.1,0.0,255,59,0.23,0.02,0.0,1.0,1.0,0.0,1,27213.0
11,9,36,101,0,0,2,0.0,0.0,0.5,1.0,0.0,255,234,0.92,0.01,0.0,0.0,0.0,0.0,0,108602.0
22,9,254,269,0,1,35,0.0,0.0,1.0,0.0,0.0,255,255,1.0,0.0,0.0,0.0,0.0,0.0,0,53936.0
38,5,0,0,0,0,215,1.0,1.0,0.08,0.06,0.0,255,17,0.07,0.07,0.0,1.0,1.0,0.0,1,24340.0
44,5,0,0,0,0,124,1.0,1.0,0.15,0.06,0.0,255,9,0.04,0.07,0.0,1.0,1.0,0.0,1,51923.0
14,9,1032,0,0,0,373,0.0,0.0,1.0,0.0,0.0,255,255,1.0,0.0,0.0,0.0,0.0,0.0,1,118061.0
14,9,1032,0,0,0,511,0.0,0.0,1.0,0.0,0.0,255,139,0.55,0.04,0.0,0.0,0.0,0.0,1,64710.0
44,9,28,0,3,0,3,0.0,0.0,1.0,0.0,0.0,206,3,0.01,0.05,0.0,0.02,0.0,0.0,1,22002.0
54,5,0,0,0,0,273,1.0,1.0,0.05,0.07,0.0,255,7,0.03,0.08,0.0,1.0,1.0,0.0,1,114420.0
22,7,6,144,0,1,29,0.03,1.0,0.03,1.0,0.0,255,206,0.81,0.15,0.0,0.0,0.0,0.0,0,79104.0
17,5,0,0,0,0,62,1.0,1.0,0.32,0.06,0.0,255,80,0.31,0.02,0.0,1.0,1.0,0.0,1,78694.0
11,9,45,134,0,0,73,0.0,0.0,1.0,0.0,0.01,255,239,0.94,0.01,0.0,0.0,0.0,0.0,0,41034.0
17,5,0,0,0,0,5,0.2,0.5,0.4,0.4,0.0,101,9,0.05,0.05,0.22,0.01,0.11,0.0,1,13183.0
19,5,0,0,0,0,6,1.0,1.0,1.0,0.0,0.0,255,57,0.22,0.04,0.0,1.0,1.0,0.0,1,21761.0
44,5,0,0,0,0,178,1.0,1.0,0.06,0.07,0.0,255,10,0.04,0.06,0.0,1.0,1.0,0.0,1,79907.0
22,9,340,22965,0,1,1,0.0,0.0,1.0,0.0,0.0,12,183,1.0,0.0,0.09,0.0,0.0,0.0,0,12040.0
55,6,93,2832,0,1,1,1.0,1.0,1.0,0.0,0.0,139,25,0.18,0.51,0.0,0.06,0.36,0.04,0,38475.0
14,9,520,0,0,0,77,0.0,0.0,1.0,0.0,0.0,255,255,1.0,0.0,0.0,0.0,0.0,0.0,1,39931.0
3,5,0,0,0,0,262,1.0,1.0,0.03,0.06,0.0,255,8,0.03,0.07,0.0,1.0,1.0,0.0,1,61817.0
22,9,312,1423,0,1,13,0.0,0.0,1.0,0.0,0.0,255,255,1.0,0.0,0.0,0.0,0.0,0.0,0,91197.0
19,9,2194619,0,0,1,2,0.0,0.0,1.0,0.0,0.0,138,82,0.25,0.02,0.02,0.0,0.0,0.0,0,9435.0
35,5,0,0,0,0,129,1.0,1.0,0.03,0.07,0.0,255,4,0.02,0.08,0.0,1.0,1.0,0.0,1,125471.0
11,9,43,76,0,0,130,0.0,0.0,1.0,0.0,0.0,255,201,0.79,0.01,0.0,0.0,0.0,0.0,0,23765.0
2,5,0,0,0,0,299,1.0,1.0,0.07,0.05,0.0,255,20,0.08,0.06,0.0,1.0,1.0,0.0,1,97863.0
12,5,0,0,0,0,260,1.0,1.0,0.08,0.05,0.0,255,21,0.08,0.05,0.0,1.0,1.0,0.0,1,78362.0
22,9,54540,8314,0,1,2,0.0,0.0,1.0,0.0,0.0,158,158,1.0,0.0,0.0,0.0,0.0,0.01,1,17654.0
44,5,0,0,0,0,193,1.0,1.0,0.03,0.08,0.0,255,6,0.02,0.07,0.0,1.0,1.0,0.0,1,45010.0
44,1,0,0,0,0,146,0.0,0.0,0.11,0.06,0.0,255,6,0.02,0.07,0.0,0.0,0.0,1.0,1,4313.0
14,9,520,0,0,0,164,0.0,0.0,1.0,0.0,0.0,255,255,1.0,0.0,0.0,0.0,0.0,0.0,1,93752.0
19,5,0,0,0,0,44,1.0,1.0,0.14,0.09,0.0,255,57,0.22,0.02,0.0,1.0,1.0,0.0,1,109316.0
22,9,210,756,0,1,1,0.0,0.0,1.0,0.0,0.33,43,255,1.0,0.0,0.02,0.0,0.0,0.0,0,96273.0
22,9,341,4291,0,1,17,0.0,0.0,1.0,0.0,0.0,56,255,1.0,0.0,0.01,0.0,0.0,0.0,0,1908.0
22,9,329,6345,0,1,9,0.0,0.0,1.0,0.0,0.27,255,255,1.0,0.0,0.0,0.0,0.0,0.0,0,25837.0
35,1,0,0,0,0,271,0.0,0.0,0.02,0.06,0.0,255,6,0.02,0.07,0.0,0.0,0.0,1.0,1,110618.0
44,3,0,0,0,0,78,0.78,0.67,0.04,0.37,0.0,255,3,0.01,0.11,0.0,0.24,0.67,0.33,1,51798.0
36,5,0,0,0,0,193,1.0,1.0,0.01,0.06,0.0,255,1,0.0,0.07,0.0,1.0,1.0,0.0,1,44810.0
22,9,208,885,0,1,13,0.0,0.0,1.0,0.0,0.11,255,255,1.0,0.0,0.0,0.0,0.0,0.0,0,85515.0
11,9,43,120,0,0,21,0.0,0.0,1.0,0.0,0.09,255,255,1.0,0.0,0.0,0.0,0.0,0.0,0,60493.0
33,5,0,0,0,0,255,1.0,1.0,0.08,0.05,0.0,255,21,0.08,0.05,0.0,1.0,1.0,0.0,1,12110.0
22,9,54540,8314,0,1,2,0.0,0.0,1.0,0.0,0.67,138,138,1.0,0.0,0.0,0.0,0.0,0.01,1,19617.0
22,9,231,3466,0,1,3,0.0,0.0,1.0,0.0,0.3,28,255,1.0,0.0,0.03,0.0,0.0,0.0,0,67308.0
22,9,167,4528,0,1,1,0.0,0.0,1.0,0.0,1.0,125,255,1.0,0.0,0.01,0.0,0.0,0.0,0,45507.0
22,9,201,12052,0,1,1,0.0,0.0,1.0,0.0,0.0,18,255,1.0,0.0,0.02,0.0,0.0,0.0,0,95511.0
44,4,0,0,0,0,1,0.0,0.0,1.0,0.0,0.0,197,1,0.01,0.17,0.0,0.0,0.0,1.0,1,98467.0
14,9,1032,0,0,0,511,0.0,0.0,1.0,0.0,0.0,255,166,0.65,0.01,0.0,0.0,0.0,0.0,1,111825.0
40,9,147,0,0,0,5,0.0,0.0,0.2,0.6,0.0,255,3,0.01,0.42,0.0,0.0,0.0,0.0,0,30649.0
19,9,59,0,0,1,16,0.0,0.0,1.0,0.0,0.0,169,52,0.31,0.04,0.0,0.01,0.0,0.0,0,100040.0
49,9,1452,322,0,1,1,0.0,0.0,1.0,0.0,0.0,142,246,0.97,0.01,0.01,0.0,0.0,0.0,0,1617.0
19,9,9178,0,0,1,17,0.0,0.0,1.0,0.0,0.0,248,111,0.45,0.04,0.0,0.0,0.0,0.0,0,97938.0
55,9,104,997,0,1,1,0.0,0.0,1.0,0.0,0.0,162,2,0.01,0.04,0.0,0.01,0.5,0.0,0,91607.0
17,5,0,0,0,0,21,1.0,1.0,0.05,0.1,0.0,63,6,0.02,0.06,0.33,0.97,0.17,0.0,1,61863.0
12,5,0,0,0,0,236,1.0,1.0,0.03,0.07,0.0,255,6,0.02,0.07,0.0,1.0,1.0,0.0,1,87764.0
39,9,48,48,0,0,1,0.0,0.0,1.0,0.0,0.0,102,43,0.42,0.02,0.0,0.0,0.0,0.0,0,43029.0
19,9,4763,0,0,1,1,0.0,0.0,1.0,0.0,0.0,231,61,0.26,0.01,0.0,0.0,0.0,0.0,0,80941.0
22,9,287,20502,0,1,1,0.0,0.0,1.0,0.0,0.0,39,255,1.0,0.0,0.02,0.0,0.01,0.0,0,23516.0
13,9,8,0,0,0,1,0.0,0.0,1.0,0.0,1.0,1,189,1.0,0.0,0.25,0.0,0.0,0.0,1,68664.0
44,1,0,0,0,0,132,0.0,0.0,0.02,0.06,0.0,255,3,0.01,0.06,0.0,0.0,0.0,1.0,1,24252.0
14,9,1032,0,0,0,511,0.0,0.0,1.0,0.0,0.0,255,67,0.26,0.04,0.0,0.16,0.0,0.0,1,748.0
16,5,0,0,0,0,108,1.0,1.0,0.17,0.06,0.0,255,9,0.04,0.07,0.0,1.0,1.0,0.0,1,852.0
19,9,884,0,0,1,2,0.0,0.0,1.0,0.0,0.0,255,119,0.47,0.04,0.0,0.0,0.0,0.0,0,106332.0
22,9,209,1080,0,1,16,0.0,0.0,1.0,0.0,0.0,255,255,1.0,0.0,0.0,0.0,0.0,0.0,0,5539.0
19,9,1214,0,0,1,10,0.0,0.0,1.0,0.0,0.0,93,43,0.46,0.05,0.0,0.0,0.0,0.0,0,57897.0
44,9,105,0,0,0,3,0.0,0.0,1.0,0.0,0.0,255,240,0.94,0.01,0.0,0.0,0.0,0.0,0,111173.0
44,5,0,0,0,0,222,1.0,1.0,0.08,0.06,0.0,255,4,0.02,0.07,0.0,1.0,1.0,0.0,1,86538.0
22,9,240,3214,0,1,14,0.0,0.0,1.0,0.0,0.21,255,255,1.0,0.0,0.0,0.0,0.0,0.0,0,118309.0
44,5,0,0,0,0,204,1.0,1.0,0.04,0.06,0.0,255,18,0.07,0.08,0.0,1.0,1.0,0.0,1,6263.0
40,9,147,105,0,0,1,0.0,0.0,1.0,0.0,0.0,255,1,0.0,0.86,0.0,0.0,0.0,0.0,0,124148.0
22,9,216,4435,0,1,4,0.0,0.0,1.0,0.0,0.18,77,255,1.0,0.0,0.01,0.0,0.0,0.0,0,12846.0
49,9,1281,361,0,1,1,0.0,0.0,1.0,0.0,1.0,76,123,0.38,0.05,0.02,0.0,0.0,0.0,0,85403.0
22,5,0,0,0,0,296,1.0,1.0,0.04,0.05,0.0,255,12,0.05,0.05,0.0,1.0,1.0,0.0,1,75703.0
22,9,295,180,0,1,1,0.0,0.0,1.0,0.0,0.0,1,255,1.0,0.0,0.05,0.0,0.0,0.0,0,42244.0
19,9,334,0,0,1,2,0.0,0.0,1.0,0.0,0.0,2,20,1.0,0.0,0.25,0.0,0.0,0.0,1,23676.0
33,5,0,0,0,0,193,1.0,1.0,0.08,0.06,0.0,255,15,0.06,0.07,0.0,1.0,1.0,0.0,1,7108.0
22,9,209,59540,0,1,6,0.17,0.27,1.0,0.0,0.45,12,255,1.0,0.0,0.04,0.17,0.01,0.0,0,106282.0
44,5,0,0,0,0,151,1.0,1.0,0.03,0.06,0.0,255,4,0.02,0.05,0.0,1.0,1.0,0.0,1,40932.0
22,9,265,1858,0,1,2,0.0,0.0,1.0,0.0,0.75,32,255,1.0,0.0,0.05,0.0,0.0,0.0,0,37045.0
22,9,232,4705,0,1,18,0.0,0.0,1.0,0.0,0.1,120,255,1.0,0.0,0.03,0.0,0.0,0.0,0,42313.0
22,9,311,8711,0,1,2,0.0,0.0,1.0,0.0,0.0,141,255,1.0,0.0,0.02,0.0,0.0,0.0,0,58280.0
44,5,0,0,0,0,259,1.0,1.0,0.09,0.05,0.0,255,23,0.09,0.05,0.0,1.0,1.0,0.0,1,43622.0
14,9,1032,0,0,0,402,0.0,0.0,1.0,0.0,0.0,255,255,1.0,0.0,0.0,0.0,0.0,0.0,1,31248.0
22,9,251,3198,0,1,1,0.0,0.0,1.0,0.0,0.2,196,255,1.0,0.0,0.02,0.0,0.0,0.0,0,110326.0
58,9,182,0,0,0,5,0.0,0.0,0.8,0.4,0.0,255,14,0.05,0.01,0.0,0.0,0.0,0.0,0,74403.0
44,5,0,0,0,0,121,1.0,1.0,0.07,0.06,0.0,255,10,0.04,0.06,0.0,1.0,1.0,0.0,1,53032.0
22,9,235,5280,0,1,7,0.0,0.0,1.0,0.0,0.0,255,255,1.0,0.0,0.0,0.0,0.0,0.0,0,112342.0
44,9,28,0,3,0,66,0.0,0.0,1.0,0.0,0.0,255,66,0.26,0.64,0.0,0.01,0.0,0.0,1,78831.0
11,9,46,46,0,0,17,0.0,0.0,1.0,0.0,0.1,255,254,1.0,0.01,0.0,0.0,0.0,0.0,0,78108.0
5,5,0,0,0,0,134,1.0,1.0,0.19,0.05,0.0,255,25,0.1,0.05,0.0,1.0,1.0,0.0,1,29516.0
22,9,233,2376,0,1,26,0.0,0.0,1.0,0.0,0.07,255,255,1.0,0.0,0.0,0.0,0.0,0.0,0,103211.0
22,9,287,511,0,1,27,0.0,0.0,1.0,0.0,0.14,255,255,1.0,0.0,0.0,0.0,0.0,0.0,0,23505.0
40,1,0,0,0,0,511,0.07,0.0,0.0,0.96,0.0,255,1,0.0,0.91,0.0,0.04,0.0,1.0,1,98077.0
22,9,293,4321,0,1,18,0.0,0.0,1.0,0.0,0.0,72,255,1.0,0.0,0.01,0.0,0.0,0.0,0,95381.0
14,9,1032,0,0,0,511,0.0,0.0,1.0,0.0,0.0,255,128,0.5,0.05,0.0,0.0,0.0,0.0,1,4143.0
22,9,209,1861,0,1,10,0.0,0.07,1.0,0.0,0.14,108,255,1.0,0.0,0.01,0.0,0.0,0.0,0,13020.0
60,5,0,0,0,0,154,1.0,1.0,0.08,0.07,0.0,255,7,0.03,0.08,0.0,1.0,1.0,0.0,1,17839.0
22,9,199,6979,0,1,13,0.0,0.0,1.0,0.0,0.0,106,255,1.0,0.0,0.01,0.0,0.0,0.01,0,61979.0
44,9,28,0,3,0,22,0.0,0.0,1.0,0.0,0.0,225,22,0.1,0.05,0.0,0.02,0.0,0.0,1,109477.0
29,5,0,0,0,0,5,1.0,1.0,0.2,0.4,0.0,255,3,0.01,0.09,0.0,1.0,1.0,0.0,1,87080.0
22,9,279,804,0,1,1,0.0,0.0,1.0,0.0,0.67,27,255,1.0,0.0,0.05,0.0,0.0,0.05,0,49909.0
38,5,0,0,0,0,100,1.0,1.0,0.11,0.06,0.0,255,9,0.04,0.07,0.0,1.0,1.0,0.0,1,37372.0
59,5,0,0,0,0,123,1.0,1.0,0.02,0.07,0.0,255,2,0.01,0.07,0.0,1.0,1.0,0.0,1,17288.0
16,5,0,0,0,0,145,1.0,1.0,0.11,0.06,0.0,255,11,0.04,0.07,0.0,1.0,1.0,0.0,1,122410.0
40,9,516,4,0,0,182,0.0,0.0,1.0,0.0,0.0,182,182,1.0,0.0,0.0,0.0,0.0,0.0,0,91179.0
22,9,281,1000,0,1,4,0.0,0.0,1.0,0.0,0.0,22,255,1.0,0.0,0.05,0.0,0.0,0.0,0,119327.0
44,5,0,0,0,0,104,1.0,1.0,0.04,0.06,0.0,255,7,0.03,0.07,0.0,1.0,1.0,0.0,1,117725.0
49,5,0,0,0,0,8,1.0,0.8,1.0,0.0,0.3,150,133,0.45,0.01,0.02,0.99,0.51,0.0,1,105339.0
22,9,224,1270,0,1,6,0.0,0.0,1.0,0.0,0.17,255,255,1.0,0.0,0.0,0.0,0.0,0.0,0,682.0
32,5,0,0,0,0,299,1.0,1.0,0.06,0.05,0.0,255,2,0.01,0.08,0.0,1.0,1.0,0.0,1,67398.0
19,9,12324,0,0,0,2,0.0,0.0,1.0,0.0,0.0,7,6,0.86,0.29,0.0,0.0,0.0,0.0,0,98966.0
22,9,358,1183,0,1,2,0.0,0.0,1.0,0.0,0.0,150,255,1.0,0.0,0.01,0.0,0.0,0.0,0,58102.0
44,5,0,0,0,0,124,1.0,1.0,0.11,0.06,0.0,126,14,0.11,0.07,0.0,1.0,1.0,0.0,1,112994.0
2,1,0,0,0,0,294,0.0,0.0,0.06,0.06,0.0,255,19,0.07,0.07,0.0,0.0,0.0,1.0,1,113059.0
22,9,281,744,0,1,4,0.0,0.0,1.0,0.0,0.09,34,255,1.0,0.0,0.02,0.0,0.0,0.0,0,5651.0
22,9,294,790,0,1,2,0.0,0.0,1.0,0.0,0.0,2,255,1.0,0.0,0.04,0.0,0.0,0.0,0,27089.0
22,9,326,2697,0,1,4,0.25,0.25,1.0,0.0,0.0,255,255,1.0,0.0,0.0,0.01,0.01,0.0,0,78033.0
44,1,0,0,0,0,200,0.09,0.0,0.0,1.0,0.0,255,1,0.0,0.9,0.0,0.07,0.0,1.0,1,118341.0
49,9,1196,493,0,1,1,0.0,0.0,1.0,0.0,1.0,10,182,1.0,0.0,0.01,0.0,0.0,0.0,0,33174.0
24,1,0,0,0,0,265,0.0,0.0,0.01,0.06,0.0,255,3,0.01,0.07,0.0,0.0,0.0,1.0,1,96009.0
44,5,0,0,0,0,272,1.0,1.0,0.06,0.05,0.0,255,15,0.06,0.06,0.0,1.0,1.0,0.0,1,25976.0
19,9,383,0,0,1,2,0.0,0.0,1.0,0.0,0.0,91,52,0.33,0.07,0.04,0.0,0.0,0.0,0,55766.0
17,5,0,0,0,0,58,1.0,1.0,0.29,0.07,0.0,255,57,0.22,0.03,0.0,1.0,1.0,0.0,1,48602.0
54,5,0,0,0,0,255,1.0,1.0,0.07,0.05,0.0,255,19,0.07,0.05,0.0,1.0,1.0,0.0,1,63468.0
40,9,147,105,0,0,5,0.0,0.0,0.4,0.6,0.0,255,2,0.01,0.85,0.0,0.0,0.0,0.0,0,122966.0
44,4,0,0,0,0,1,0.0,0.0,1.0,0.0,0.0,255,1,0.0,0.91,0.0,0.0,0.0,1.0,1,89398.0
18,9,1200,2447,0,1,1,0.0,0.0,1.0,0.0,0.0,202,30,0.15,0.02,0.0,0.0,0.0,0.0,1,44846.0
22,9,312,3058,0,1,3,0.0,0.0,1.0,0.0,0.0,60,255,1.0,0.0,0.04,0.0,0.0,0.0,0,12729.0
16,5,0,0,0,0,142,1.0,1.0,0.08,0.06,0.0,255,1,0.0,0.08,0.0,1.0,1.0,0.0,1,54822.0
44,5,0,0,0,0,106,1.0,1.0,0.09,0.05,0.0,255,10,0.04,0.04,0.0,1.0,1.0,0.0,1,41337.0
22,9,220,3390,0,1,22,0.0,0.0,1.0,0.0,0.0,40,255,1.0,0.0,0.01,0.0,0.0,0.0,0,78301.0
22,9,223,2480,0,1,8,0.0,0.0,1.0,0.0,0.0,61,255,1.0,0.0,0.02,0.0,0.0,0.0,0,56611.0
22,9,325,3941,0,1,4,0.25,0.25,1.0,0.0,0.0,255,255,1.0,0.0,0.0,0.0,0.0,0.0,0,1006.0
44,10,0,0,0,0,1,1.0,1.0,1.0,0.0,0.0,105,1,0.01,0.9,0.0,0.92,1.0,0.0,1,45506.0
22,9,235,3714,0,1,13,0.0,0.0,1.0,0.0,0.11,34,255,1.0,0.0,0.02,0.0,0.0,0.0,0,20036.0
55,9,104,2075,0,1,1,0.0,0.0,1.0,0.0,0.0,192,3,0.02,0.03,0.0,0.0,0.0,0.0,0,50374.0
13,9,30,0,0,0,1,0.0,0.0,1.0,0.0,0.0,198,198,1.0,0.0,0.0,0.0,0.0,0.0,0,48504.0
28,5,0,0,0,0,34,1.0,1.0,0.21,0.15,0.0,255,7,0.03,0.08,0.0,1.0,1.0,0.0,1,104275.0
22,9,319,6902,0,1,19,0.0,0.0,1.0,0.0,0.0,19,255,1.0,0.0,0.04,0.0,0.0,0.0,0,101713.0
19,9,854,0,0,1,18,0.0,0.0,1.0,0.0,0.0,7,74,1.0,0.0,0.04,0.0,0.0,0.0,0,49655.0
22,9,277,482,0,1,4,0.0,0.0,1.0,0.0,0.4,255,255,1.0,0.0,0.0,0.0,0.0,0.0,0,78658.0
44,5,0,0,0,0,110,1.0,1.0,0.05,0.08,0.0,255,5,0.02,0.07,0.0,1.0,1.0,0.0,1,81195.0
49,9,2039,325,0,1,1,0.0,0.0,1.0,0.0,0.0,82,34,0.41,0.04,0.0,0.0,0.0,0.0,0,44745.0
22,9,227,1451,0,1,7,0.0,0.0,1.0,0.0,0.18,21,255,1.0,0.0,0.05,0.0,0.0,0.0,0,124967.0
44,5,0,0,0,0,113,1.0,1.0,0.18,0.05,0.0,255,33,0.13,0.06,0.0,1.0,1.0,0.0,1,37241.0
56,5,0,0,0,0,271,1.0,1.0,0.01,0.05,0.0,255,4,0.02,0.05,0.0,1.0,1.0,0.0,1,78880.0
22,9,246,3200,0,1,14,0.0,0.0,1.0,0.0,0.0,255,255,1.0,0.0,0.0,0.0,0.0,0.0,0,26382.0
11,9,45,134,0,0,76,0.0,0.0,1.0,0.0,0.01,255,254,1.0,0.01,0.0,0.0,0.0,0.0,0,87688.0
44,5,0,0,0,0,221,1.0,1.0,0.08,0.06,0.0,255,11,0.04,0.07,0.0,1.0,1.0,0.0,1,49881.0
40,9,516,4,0,0,429,0.0,0.0,1.0,0.0,0.0,255,255,1.0,0.0,0.0,0.0,0.0,0.0,0,118048.0
53,5,0,0,0,0,132,1.0,1.0,0.03,0.08,0.0,255,4,0.02,0.07,0.0,1.0,1.0,0.0,1,19840.0
22,4,54540,7300,0,1,2,0.0,0.0,1.0,0.0,0.67,255,255,1.0,0.0,0.0,0.0,0.0,0.04,1,39629.0
22,9,263,1053,0,1,2,0.0,0.0,1.0,0.0,0.0,255,253,0.99,0.01,0.0,0.0,0.0,0.0,0,96232.0
37,5,0,0,0,0,125,1.0,1.0,0.02,0.07,0.0,255,3,0.01,0.07,0.0,1.0,1.0,0.0,1,26240.0
52,5,0,0,0,0,251,1.0,1.0,0.09,0.06,0.0,255,23,0.09,0.07,0.0,1.0,1.0,0.0,1,8313.0
44,5,0,0,0,0,217,1.0,1.0,0.08,0.06,0.0,255,17,0.07,0.08,0.0,1.0,1.0,0.0,1,59062.0
22,1,0,0,0,0,1,0.0,0.0,1.0,0.0,0.0,4,255,1.0,0.0,0.21,0.0,0.0,0.95,0,68315.0
13,9,8,0,0,0,1,0.0,0.0,1.0,0.0,0.0,1,17,1.0,0.0,0.53,0.0,0.0,0.0,1,47142.0
44,1,0,0,0,0,281,0.0,0.0,0.05,0.06,0.0,255,27,0.11,0.07,0.0,0.0,0.0,1.0,1,11113.0
51,5,0,0,0,0,228,1.0,1.0,0.09,0.05,0.0,255,20,0.08,0.05,0.0,1.0,1.0,0.0,1,3431.0
18,9,230,768,0,1,1,0.0,0.0,1.0,0.0,0.0,41,13,0.32,0.1,0.0,0.0,0.0,0.0,0,61484.0
13,9,8,0,0,0,1,0.0,0.0,1.0,0.0,1.0,4,212,1.0,0.0,0.25,0.0,0.0,0.0,1,4121.0
19,9,12983,0,0,0,2,0.0,0.0,1.0,0.0,0.0,255,111,0.44,0.02,0.0,0.0,0.0,0.0,0,79319.0
6,5,0,0,0,0,265,1.0,1.0,0.03,0.06,0.0,255,13,0.05,0.07,0.0,1.0,1.0,0.0,1,24949.0
22,9,326,733,0,1,20,0.0,0.0,1.0,0.0,0.0,204,255,1.0,0.0,0.02,0.0,0.01,0.02,0,124523.0
22,1,0,0,0,0,1,0.0,0.0,1.0,0.0,0.0,1,120,1.0,0.0,0.22,0.0,0.0,1.0,0,15290.0
19,9,740,0,0,1,2,0.0,0.0,1.0,0.0,0.0,118,20,0.17,0.03,0.0,0.0,0.0,0.0,0,38490.0
33,5,0,0,0,0,275,1.0,1.0,0.03,0.07,0.0,255,7,0.03,0.07,0.0,1.0,1.0,0.0,1,114457.0
44,4,1,0,0,0,2,0.0,0.0,1.0,0.0,0.0,255,2,0.01,0.82,0.0,0.0,0.0,1.0,1,25653.0
22,5,0,0,0,0,145,1.0,1.0,0.11,0.06,0.0,255,16,0.06,0.08,0.0,1.0,1.0,0.0,1,19089.0
41,5,0,0,0,0,260,1.0,1.0,0.03,0.07,0.0,255,9,0.04,0.08,0.0,1.0,1.0,0.0,1,51033.0
44,5,0,0,0,0,243,1.0,1.0,0.06,0.06,0.0,255,7,0.03,0.07,0.0,1.0,1.0,0.0,1,56310.0
22,9,211,3369,0,1,17,0.0,0.0,1.0,0.0,0.0,17,255,1.0,0.0,0.02,0.0,0.0,0.0,0,14617.0
18,9,1250,2451,0,1,1,0.0,0.0,1.0,0.0,0.0,247,75,0.3,0.02,0.0,0.0,0.0,0.0,1,16790.0
32,5,0,0,0,0,230,1.0,1.0,0.0,0.07,0.0,255,1,0.0,0.07,0.0,1.0,1.0,0.0,1,37457.0
44,5,0,0,0,0,183,0.99,1.0,0.03,0.07,0.0,255,16,0.06,0.07,0.0,1.0,1.0,0.0,1,28274.0
17,5,0,0,0,0,206,1.0,1.0,0.08,0.07,0.0,255,16,0.06,0.07,0.0,1.0,1.0,0.0,1,123599.0
14,9,520,0,0,0,482,0.0,0.0,1.0,0.0,0.0,133,133,1.0,0.0,0.0,0.0,0.0,0.0,1,14917.0
16,5,0,0,0,0,144,1.0,1.0,0.06,0.06,0.0,255,1,0.0,0.06,0.0,1.0,1.0,0.0,1,2778.0
55,5,0,0,0,0,297,1.0,1.0,0.05,0.05,0.0,255,4,0.02,0.07,0.0,1.0,1.0,0.0,1,82845.0
22,9,237,556,0,1,1,0.0,0.0,1.0,0.0,1.0,8,255,1.0,0.0,0.01,0.0,0.0,0.0,0,29086.0
11,9,44,73,0,0,69,0.0,0.0,1.0,0.0,0.01,255,254,1.0,0.01,0.0,0.0,0.0,0.0,0,49644.0
44,5,0,0,0,0,226,1.0,1.0,0.07,0.05,0.0,255,15,0.06,0.08,0.0,1.0,1.0,0.0,1,2381.0
44,9,105,0,0,0,2,0.0,0.0,1.0,0.0,0.0,255,158,0.62,0.01,0.0,0.0,0.0,0.0,0,42917.0
13,9,8,0,0,0,1,0.0,0.0,1.0,0.0,1.0,1,169,1.0,0.0,0.5,0.0,0.0,0.0,1,23018.0
40,1,0,0,0,0,511,0.15,0.0,0.0,1.0,0.0,255,1,0.0,1.0,0.0,0.27,0.0,1.0,1,95497.0
3,5,0,0,0,0,283,1.0,1.0,0.03,0.06,0.0,255,8,0.03,0.07,0.0,1.0,1.0,0.0,1,120551.0
44,5,0,0,0,0,151,1.0,1.0,0.06,0.09,0.0,255,9,0.04,0.07,0.0,1.0,1.0,0.0,1,98194.0
11,9,42,71,0,0,248,0.0,0.0,1.0,0.0,0.0,255,254,1.0,0.01,0.0,0.0,0.0,0.0,0,98062.0
18,9,1237,2451,0,1,1,0.0,0.0,1.0,0.0,0.0,255,34,0.13,0.02,0.0,0.09,0.0,0.0,1,27160.0
22,9,307,667,0,1,4,0.0,0.0,1.0,0.0,0.0,255,255,1.0,0.0,0.0,0.0,0.0,0.0,0,51761.0
49,9,946,333,0,1,1,0.0,0.0,1.0,0.0,0.0,163,242,0.98,0.02,0.01,0.0,0.0,0.0,0,52634.0
44,1,0,0,0,0,1,0.0,0.0,1.0,0.0,0.0,255,1,0.0,0.87,0.0,0.0,0.0,1.0,1,105851.0
40,9,147,105,0,0,1,0.0,0.0,1.0,0.0,0.0,255,1,0.0,0.64,0.0,0.0,0.0,0.0,0,110077.0
22,9,206,1286,0,1,4,0.0,0.0,1.0,0.0,0.09,255,255,1.0,0.0,0.0,0.0,0.0,0.0,0,14821.0
22,1,0,0,0,0,1,0.0,0.0,1.0,0.0,0.0,21,24,1.0,0.0,0.08,0.0,0.08,0.92,0,104758.0
22,9,250,683,0,1,9,0.0,0.0,1.0,0.0,0.2,255,255,1.0,0.0,0.0,0.0,0.0,0.0,0,24298.0
55,5,0,0,0,0,45,1.0,1.0,0.22,0.09,0.0,255,64,0.25,0.02,0.0,1.0,1.0,0.0,1,58148.0
22,9,209,1630,0,1,19,0.05,0.05,1.0,0.0,0.0,255,255,1.0,0.0,0.0,0.0,0.0,0.0,0,100526.0
11,9,46,116,0,0,97,0.0,0.0,1.0,0.0,0.03,255,255,1.0,0.0,0.0,0.0,0.0,0.0,0,64603.0
19,6,4380,0,0,1,9,0.11,0.14,0.78,0.33,0.0,105,59,0.18,0.05,0.03,0.01,0.02,0.0,0,116540.0
44,1,0,0,0,0,162,0.0,0.0,0.01,0.07,0.0,255,2,0.01,0.07,0.0,0.0,0.0,1.0,1,72123.0
22,9,185,4841,0,1,3,0.0,0.0,1.0,0.0,0.17,9,255,1.0,0.0,0.05,0.0,0.0,0.0,0,1575.0
22,9,302,258,0,1,1,0.0,0.0,1.0,0.0,0.0,255,254,1.0,0.01,0.0,0.0,0.0,0.0,0,64919.0
4,1,0,0,0,0,112,0.0,0.0,0.03,0.09,0.0,255,3,0.01,0.07,0.0,0.0,0.0,1.0,1,113342.0
22,9,319,544,0,1,19,0.0,0.0,1.0,0.0,0.14,57,255,1.0,0.0,0.03,0.0,0.0,0.0,0,58174.0
44,9,105,0,0,0,2,0.0,0.0,1.0,0.0,0.0,46,37,0.8,0.07,0.0,0.0,0.0,0.0,0,92636.0
22,1,0,0,0,0,1,0.0,0.0,1.0,0.0,0.0,3,250,1.0,0.0,0.08,0.0,0.0,0.38,0,98505.0
44,10,0,0,0,0,1,1.0,1.0,1.0,0.0,0.0,18,1,0.06,0.72,0.0,0.56,1.0,0.0,1,20538.0
49,9,918,387,0,1,1,0.0,0.0,1.0,0.0,0.0,255,99,0.39,0.02,0.0,0.4,0.0,0.0,0,109367.0
4,5,0,0,0,0,295,1.0,1.0,0.08,0.05,0.0,255,23,0.09,0.05,0.0,1.0,1.0,0.0,1,95303.0
56,5,0,0,0,0,290,1.0,1.0,0.07,0.05,0.0,255,20,0.08,0.07,0.0,1.0,1.0,0.0,1,89697.0
22,9,232,2138,0,1,14,0.0,0.0,1.0,0.0,0.0,63,255,1.0,0.0,0.05,0.0,0.0,0.0,0,115242.0
11,9,46,112,0,0,1,0.0,0.0,1.0,0.0,0.0,143,133,0.93,0.01,0.0,0.0,0.0,0.0,0,95460.0
19,5,0,0,0,0,72,1.0,1.0,0.17,0.06,0.0,255,32,0.13,0.06,0.0,1.0,1.0,0.0,1,69558.0
44,9,28,0,3,0,26,0.0,0.0,1.0,0.0,0.0,255,26,0.1,0.02,0.0,0.0,0.0,0.0,1,41810.0
22,9,308,7889,0,1,1,0.0,0.0,1.0,0.0,0.0,1,255,1.0,0.0,0.02,0.0,0.0,0.0,0,93781.0
18,9,60,189,0,0,1,0.0,0.0,1.0,0.0,0.0,151,47,0.31,0.03,0.0,0.0,0.0,0.0,0,110975.0
11,9,42,108,0,0,1,0.0,0.0,1.0,0.0,0.0,67,212,0.64,0.04,0.01,0.0,0.0,0.0,0,33290.0
44,5,0,0,0,0,26,1.0,1.0,0.96,0.08,0.0,255,23,0.09,0.06,0.0,1.0,1.0,0.0,1,91490.0
44,5,0,0,0,0,125,1.0,1.0,0.07,0.08,0.0,255,9,0.04,0.07,0.0,1.0,1.0,0.0,1,85309.0
22,9,292,1323,0,1,1,0.0,0.0,1.0,0.0,0.0,52,255,1.0,0.0,0.04,0.0,0.0,0.0,0,125776.0
22,9,309,759,0,1,2,0.0,0.0,1.0,0.0,0.3,255,255,1.0,0.0,0.0,0.0,0.0,0.0,0,83084.0
11,9,46,78,0,0,259,0.0,0.0,1.0,0.01,0.01,255,255,1.0,0.0,0.0,0.0,0.0,0.0,0,20000.0
13,9,8,0,0,0,1,0.0,0.0,1.0,0.0,1.0,1,213,1.0,0.0,0.25,0.0,0.0,0.0,1,9618.0
22,9,184,327,0,1,2,0.0,0.0,1.0,0.0,0.0,255,255,1.0,0.0,0.0,0.0,0.0,0.06,0,74725.0
22,9,260,6700,0,1,1,0.0,0.0,1.0,0.0,0.15,93,255,1.0,0.0,0.01,0.0,0.0,0.0,0,48274.0
55,5,0,0,0,0,8,1.0,1.0,0.12,0.5,0.0,255,61,0.24,0.02,0.0,1.0,1.0,0.0,1,54771.0
24,5,0,0,0,0,198,1.0,1.0,0.02,0.07,0.0,255,3,0.01,0.06,0.0,1.0,1.0,0.0,1,33297.0
22,5,0,0,0,0,42,1.0,1.0,0.31,0.1,0.0,204,53,0.26,0.02,0.0,0.99,1.0,0.0,1,121835.0
22,9,295,799,0,1,13,0.0,0.0,1.0,0.0,0.14,255,255,1.0,0.0,0.0,0.0,0.0,0.0,0,18574.0
22,9,327,822,0,1,21,0.0,0.0,1.0,0.0,0.12,42,255,1.0,0.0,0.06,0.0,0.0,0.29,0,106657.0
19,5,0,0,0,0,17,1.0,1.0,0.35,0.18,0.0,255,6,0.02,0.08,0.0,1.0,1.0,0.0,1,27417.0
58,9,183,0,0,0,2,0.0,0.0,0.5,1.0,0.0,255,18,0.07,0.01,0.0,0.0,0.0,0.0,0,31651.0
44,9,28,0,3,0,59,0.0,0.0,1.0,0.0,0.0,255,59,0.23,0.04,0.0,0.02,0.0,0.0,1,113083.0
44,9,1,0,0,0,19,0.0,0.0,0.32,0.11,0.0,255,45,0.18,0.27,0.0,0.0,0.0,0.0,1,80848.0
2,5,0,0,0,0,132,1.0,1.0,0.02,0.09,0.0,255,3,0.01,0.08,0.0,1.0,1.0,0.0,1,92843.0
22,9,217,1511,0,1,3,0.33,0.33,1.0,0.0,0.0,102,255,1.0,0.0,0.01,0.01,0.0,0.0,0,59650.0
8,5,0,0,0,0,144,1.0,1.0,0.05,0.06,0.0,255,3,0.01,0.07,0.0,1.0,1.0,0.0,1,40261.0
13,9,8,0,0,0,1,0.0,0.0,1.0,0.0,1.0,1,86,1.0,0.0,0.51,0.0,0.0,0.0,1,54191.0
18,9,287,903,0,1,1,0.0,0.0,1.0,0.0,0.0,120,36,0.3,0.03,0.0,0.0,0.0,0.0,0,33119.0
44,5,0,0,0,0,211,1.0,1.0,0.04,0.06,0.0,255,13,0.05,0.06,0.0,1.0,1.0,0.0,1,70928.0
58,9,182,0,0,0,2,0.0,0.0,0.5,1.0,0.0,255,1,0.0,0.01,0.0,0.0,0.0,0.0,0,101042.0
22,9,240,285,0,1,18,0.0,0.0,1.0,0.0,0.09,255,255,1.0,0.0,0.0,0.0,0.0,0.0,0,82132.0
62,5,0,0,0,0,271,1.0,1.0,0.03,0.06,0.0,255,7,0.03,0.07,0.0,1.0,1.0,0.0,1,111380.0
11,9,46,132,0,0,20,0.0,0.0,1.0,0.0,0.02,196,76,0.39,0.02,0.0,0.0,0.0,0.0,0,112661.0
49,9,1414,377,0,1,1,0.0,0.0,1.0,0.0,0.0,139,181,0.64,0.04,0.01,0.0,0.0,0.0,0,57935.0
44,1,0,0,0,0,217,0.06,0.0,0.0,1.0,0.0,255,1,0.0,0.86,0.0,0.05,0.0,1.0,1,22821.0
22,9,238,11316,0,1,4,0.0,0.0,1.0,0.0,0.25,122,255,1.0,0.0,0.01,0.01,0.0,0.0,0,74141.0
44,1,0,0,0,0,422,0.05,0.0,0.0,1.0,0.0,255,1,0.0,1.0,0.0,0.08,0.0,1.0,1,71944.0
22,9,285,25519,0,1,4,0.0,0.0,1.0,0.0,0.0,49,255,1.0,0.0,0.02,0.02,0.02,0.0,0,109848.0
22,9,164,5700,0,1,1,0.0,0.0,1.0,0.0,0.0,29,255,1.0,0.0,0.02,0.0,0.0,0.0,0,73016.0
49,9,2512,329,0,1,1,0.0,0.0,1.0,0.0,0.0,255,132,0.52,0.01,0.0,0.0,0.0,0.0,0,29177.0
22,9,255,1249,0,1,3,0.0,0.0,1.0,0.0,0.33,42,255,1.0,0.0,0.02,0.0,0.0,0.0,0,11746.0
14,9,1032,0,0,0,228,0.0,0.0,1.0,0.0,0.0,255,255,1.0,0.0,0.0,0.0,0.0,0.0,1,32994.0
49,9,1930,279,0,1,2,0.0,0.0,0.5,1.0,0.0,25,18,0.72,0.16,0.0,0.0,0.0,0.0,0,18226.0
23,5,0,0,0,0,254,1.0,1.0,0.05,0.06,0.0,255,12,0.05,0.07,0.0,1.0,1.0,0.0,1,117753.0
22,9,360,15286,0,1,2,0.0,0.0,1.0,0.0,0.0,8,255,1.0,0.0,0.03,0.0,0.0,0.0,0,108132.0
11,9,44,44,0,0,110,0.0,0.0,1.0,0.0,0.0,255,254,1.0,0.01,0.0,0.0,0.0,0.0,0,24244.0
22,9,333,720,0,1,2,0.0,0.0,1.0,0.0,0.0,118,255,1.0,0.0,0.03,0.0,0.0,0.0,0,90112.0
22,9,209,933,0,1,11,0.0,0.0,1.0,0.0,0.19,255,255,1.0,0.0,0.0,0.0,0.0,0.0,0,15473.0
5,1,0,0,0,0,106,0.0,0.0,0.07,0.07,0.0,255,7,0.03,0.05,0.0,0.0,0.0,1.0,1,10042.0
22,9,260,9534,0,1,1,0.0,0.0,1.0,0.0,1.0,160,255,1.0,0.0,0.01,0.0,0.0,0.0,0,35198.0
13,9,8,0,0,0,1,0.0,0.0,1.0,0.0,1.0,1,125,1.0,0.0,0.5,0.0,0.0,0.0,1,117939.0
40,9,145,105,0,0,1,0.0,0.0,1.0,0.0,0.0,255,1,0.0,0.46,0.0,0.0,0.0,0.0,0,95644.0
59,5,0,0,0,0,109,1.0,1.0,0.04,0.07,0.0,255,4,0.02,0.07,0.0,1.0,1.0,0.0,1,45667.0
40,9,146,105,0,0,1,0.0,0.0,1.0,0.0,0.0,255,2,0.01,0.62,0.0,0.0,0.0,0.0,0,108796.0
22,5,0,0,0,0,2,0.5,0.33,1.0,0.0,0.5,255,255,1.0,0.0,0.0,0.0,0.0,0.0,0,83393.0
22,9,354,398,0,1,2,0.0,0.0,1.0,0.0,0.67,255,255,1.0,0.0,0.0,0.0,0.0,0.0,0,4247.0
22,9,237,11499,0,1,19,0.0,0.0,1.0,0.0,0.06,255,255,1.0,0.0,0.0,0.0,0.0,0.0,0,76001.0
44,5,0,0,0,0,250,1.0,1.0,0.07,0.05,0.0,255,18,0.07,0.06,0.0,1.0,1.0,0.0,1,36059.0
44,9,1,0,0,0,6,0.0,0.0,0.5,0.33,0.0,255,3,0.01,0.97,0.0,0.03,0.0,0.0,1,49074.0
44,5,0,0,0,0,207,1.0,1.0,0.01,0.07,0.0,255,6,0.02,0.07,0.0,1.0,1.0,0.0,1,117212.0
22,9,257,2341,0,1,11,0.0,0.01,1.0,0.0,0.11,71,255,1.0,0.0,0.02,0.01,0.0,0.0,0,11255.0
56,5,0,0,0,0,284,1.0,1.0,0.08,0.05,0.0,255,22,0.09,0.05,0.0,1.0,1.0,0.0,1,50305.0
11,9,44,44,0,0,159,0.0,0.0,1.0,0.0,0.0,255,255,1.0,0.0,0.0,0.0,0.0,0.0,0,55006.0
44,9,1,0,0,0,103,0.0,0.0,0.64,0.06,0.0,255,126,0.49,0.06,0.0,0.0,0.0,0.0,1,22376.0
22,9,197,9442,0,1,2,0.0,0.0,1.0,0.0,0.0,2,255,1.0,0.0,0.05,0.0,0.0,0.0,0,95080.0
22,9,228,596,0,1,3,0.0,0.0,1.0,0.0,0.0,255,255,1.0,0.0,0.0,0.0,0.0,0.0,0,20523.0
22,9,234,886,0,1,5,0.0,0.0,1.0,0.0,0.0,5,255,1.0,0.0,0.04,0.0,0.0,0.0,0,36887.0
40,9,145,105,0,0,1,0.0,0.0,1.0,0.0,0.0,255,1,0.0,0.6,0.0,0.0,0.0,0.0,0,109881.0
44,5,0,0,0,0,79,1.0,1.0,0.32,0.05,0.0,255,25,0.1,0.05,0.0,1.0,1.0,0.0,1,101468.0
49,9,740,338,0,1,1,0.0,0.0,1.0,0.0,0.0,106,181,0.69,0.04,0.01,0.0,0.0,0.0,0,78857.0
30,5,0,0,0,0,71,1.0,1.0,0.11,0.07,0.0,255,8,0.03,0.06,0.0,1.0,1.0,0.0,1,108908.0
44,4,0,0,0,0,1,0.0,0.0,1.0,0.0,0.0,255,1,0.0,0.48,0.0,0.0,0.0,1.0,1,18778.0
22,9,312,6764,0,1,1,0.0,0.0,1.0,0.0,0.0,1,255,1.0,0.0,0.05,0.0,0.0,0.0,0,86058.0
11,9,43,71,0,0,154,0.0,0.0,1.0,0.0,0.01,255,225,0.88,0.01,0.0,0.0,0.0,0.0,0,84751.0
44,5,0,0,0,0,300,1.0,1.0,0.06,0.05,0.0,255,1,0.0,0.06,0.0,1.0,1.0,0.0,1,96848.0
11,9,43,133,0,0,280,0.0,0.0,1.0,0.01,0.0,245,210,0.86,0.01,0.0,0.0,0.0,0.0,0,32220.0
44,5,0,0,0,0,45,1.0,1.0,0.09,0.13,0.0,255,17,0.07,0.08,0.0,1.0,1.0,0.0,1,93841.0
49,9,1875,402,0,1,1,0.0,0.0,1.0,0.0,1.0,159,166,0.64,0.1,0.01,0.01,0.0,0.0,0,80031.0
22,9,54540,8314,0,1,2,0.0,0.0,1.0,0.0,0.67,197,197,1.0,0.0,0.0,0.0,0.0,0.02,1,58382.0
11,9,43,75,0,0,68,0.0,0.0,1.0,0.0,0.01,255,217,0.85,0.01,0.0,0.0,0.0,0.0,0,59124.0
9,2,0,0,0,0,274,0.0,0.0,0.05,0.06,0.0,255,14,0.05,0.07,0.0,0.0,0.0,1.0,1,47503.0
62,5,0,0,0,0,264,1.0,1.0,0.03,0.06,0.0,255,8,0.03,0.06,0.0,1.0,1.0,0.0,1,26726.0
44,9,28,0,3,0,164,0.61,0.0,0.39,0.04,0.0,255,64,0.25,0.75,0.0,0.09,0.0,0.0,1,66287.0
17,9,8,0,0,0,1,0.0,0.0,1.0,0.0,0.0,8,5,0.12,0.38,0.4,0.0,0.0,0.0,1,55363.0
22,4,50004,8314,0,1,4,0.0,0.0,1.0,0.0,0.0,255,255,1.0,0.0,0.0,0.0,0.0,0.05,1,40267.0
49,9,1053,394,0,1,1,0.0,0.0,1.0,0.0,0.0,255,73,0.29,0.06,0.0,0.47,0.0,0.03,0,25273.0
2,1,0,0,0,0,109,0.0,0.0,0.06,0.07,0.0,255,7,0.03,0.07,0.0,0.0,0.0,1.0,1,10444.0
4,5,0,0,0,0,278,1.0,1.0,0.07,0.05,0.0,255,19,0.07,0.05,0.0,1.0,1.0,0.0,1,18728.0
19,5,0,0,0,0,267,1.0,1.0,0.07,0.07,0.0,255,18,0.07,0.08,0.0,1.0,1.0,0.0,1,22278.0
11,9,46,73,0,0,78,0.0,0.0,1.0,0.0,0.01,255,254,1.0,0.01,0.0,0.0,0.0,0.0,0,79726.0
49,9,1371,331,0,1,1,0.0,0.0,1.0,0.0,1.0,76,152,0.99,0.03,0.01,0.0,0.0,0.0,0,27913.0
22,9,296,1600,0,1,9,0.0,0.0,1.0,0.0,0.0,85,255,1.0,0.0,0.04,0.0,0.0,0.0,0,55908.0
49,9,957,330,0,1,1,0.0,0.0,1.0,0.0,1.0,77,195,0.87,0.05,0.01,0.0,0.0,0.0,0,26424.0
44,9,215,0,0,0,1,0.0,0.0,1.0,0.0,0.0,43,35,0.81,0.05,0.0,0.0,0.0,0.0,1,44287.0
11,9,44,44,0,0,184,0.0,0.0,1.0,0.0,0.0,255,254,1.0,0.01,0.0,0.0,0.0,0.0,0,96235.0
14,9,1032,0,0,0,34,0.0,0.0,1.0,0.0,0.0,255,184,0.72,0.02,0.0,0.0,0.0,0.0,1,112927.0
30,5,0,0,0,0,124,1.0,1.0,0.01,0.06,0.0,255,1,0.0,0.05,0.0,1.0,1.0,0.0,1,32596.0
17,5,0,0,0,0,5,1.0,1.0,0.2,0.4,0.0,255,63,0.25,0.02,0.0,1.0,1.0,0.0,1,10424.0
44,5,0,0,0,0,114,1.0,1.0,0.04,0.07,0.0,255,2,0.01,0.07,0.0,1.0,1.0,0.0,1,53674.0
22,9,218,761,0,1,3,0.33,0.33,1.0,0.0,0.0,40,255,1.0,0.0,0.02,0.03,0.0,0.0,0,117050.0
22,9,327,1165,0,1,2,0.0,0.0,1.0,0.0,0.0,50,255,1.0,0.0,0.04,0.0,0.0,0.0,0,9837.0
49,9,729,333,0,1,1,0.0,0.0,1.0,0.0,1.0,22,130,0.68,0.18,0.02,0.0,0.0,0.0,0,15400.0
22,9,147,4097,0,1,1,0.0,0.0,1.0,0.0,0.0,42,255,1.0,0.0,0.02,0.02,0.02,0.0,0,64564.0
15,5,0,0,0,0,108,1.0,1.0,0.09,0.05,0.0,255,10,0.04,0.04,0.0,1.0,1.0,0.0,1,25107.0
44,5,0,0,0,0,219,1.0,1.0,0.03,0.06,0.0,255,7,0.03,0.05,0.0,1.0,1.0,0.0,1,36313.0
55,5,0,0,0,0,5,1.0,1.0,0.6,0.4,0.0,255,57,0.22,0.02,0.0,1.0,1.0,0.0,1,51061.0
22,9,316,327,0,1,3,0.0,0.0,1.0,0.0,0.09,169,255,1.0,0.0,0.03,0.0,0.0,0.0,0,45429.0
22,9,169,1589,0,1,4,0.0,0.0,1.0,0.0,0.0,103,123,1.0,0.0,0.03,0.02,0.02,0.0,0,123057.0
41,1,0,0,0,0,246,0.0,0.0,0.01,0.07,0.0,255,2,0.01,0.07,0.0,0.0,0.0,1.0,1,29615.0
18,5,0,0,0,0,211,1.0,1.0,0.1,0.07,0.0,255,22,0.09,0.06,0.0,1.0,1.0,0.0,1,80246.0
22,9,215,10499,0,1,14,0.0,0.0,1.0,0.0,0.0,255,255,1.0,0.0,0.0,0.0,0.0,0.0,0,28.0
22,9,255,3605,0,1,1,0.0,0.0,1.0,0.0,0.0,118,255,1.0,0.0,0.02,0.0,0.0,0.0,0,116216.0
2,5,0,0,0,0,241,1.0,1.0,0.08,0.05,0.0,255,20,0.08,0.05,0.0,1.0,1.0,0.0,1,99024.0
26,5,0,0,0,0,13,1.0,1.0,0.62,0.15,0.0,255,13,0.05,0.07,0.0,1.0,1.0,0.0,1,40500.0
49,9,1117,481,0,1,1,0.0,0.0,1.0,0.0,0.0,255,4,0.02,0.01,0.0,0.0,0.0,0.0,0,51972.0
49,9,1752,438,0,1,1,0.0,0.0,1.0,0.0,1.0,255,113,0.44,0.04,0.0,0.12,0.0,0.0,0,27337.0
19,9,194,0,0,1,2,0.0,0.0,1.0,0.0,0.0,69,16,0.06,0.07,0.12,0.01,0.0,0.0,0,21181.0
22,9,314,2382,0,1,9,0.0,0.0,1.0,0.0,0.0,9,255,1.0,0.0,0.05,0.0,0.0,0.0,0,66421.0
22,9,300,3850,0,1,15,0.0,0.0,1.0,0.0,0.11,70,255,1.0,0.0,0.04,0.0,0.0,0.0,0,77750.0
22,9,305,674,0,1,17,0.0,0.0,1.0,0.0,0.0,17,255,1.0,0.0,0.02,0.0,0.0,0.0,0,98350.0
11,9,46,132,0,0,243,0.0,0.0,1.0,0.01,0.01,255,248,0.97,0.01,0.0,0.0,0.0,0.0,0,87797.0
13,9,30,0,0,0,1,0.0,0.0,1.0,0.0,0.0,66,131,1.0,0.0,0.26,0.0,0.0,0.0,0,12589.0
36,5,0,0,0,0,156,1.0,1.0,0.11,0.05,0.0,255,17,0.07,0.05,0.0,1.0,1.0,0.0,1,99542.0
56,2,0,0,0,0,180,0.0,0.0,0.08,0.07,0.0,255,14,0.05,0.07,0.0,0.0,0.0,1.0,1,91628.0
40,1,0,0,0,0,510,0.22,0.0,0.0,1.0,0.0,255,1,0.0,1.0,0.0,0.23,0.0,1.0,1,14105.0
44,9,105,146,0,0,2,0.0,0.0,1.0,0.0,0.0,255,242,0.95,0.01,0.0,0.0,0.0,0.0,0,97654.0
22,9,297,14648,0,1,15,0.0,0.0,1.0,0.0,0.0,15,255,1.0,0.0,0.05,0.0,0.0,0.0,0,59073.0
22,9,225,3876,0,1,4,0.0,0.0,1.0,0.0,0.14,180,255,1.0,0.0,0.02,0.01,0.01,0.0,0,11814.0
44,5,0,0,0,0,264,1.0,1.0,0.06,0.05,0.0,255,15,0.06,0.07,0.0,1.0,1.0,0.0,1,122487.0
22,9,301,1362,0,1,6,0.0,0.0,1.0,0.0,0.33,11,255,1.0,0.0,0.02,0.0,0.0,0.0,0,48238.0
22,5,0,0,0,0,233,1.0,1.0,0.02,0.06,0.0,255,4,0.02,0.06,0.0,1.0,1.0,0.0,1,42291.0
13,9,8,0,0,0,1,0.0,0.0,1.0,0.0,1.0,1,62,1.0,0.0,0.52,0.0,0.0,0.0,1,27941.0
32,5,0,0,0,0,292,1.0,1.0,0.06,0.05,0.0,255,8,0.03,0.08,0.0,1.0,1.0,0.0,1,23287.0
44,4,0,0,0,0,1,0.0,0.0,1.0,0.0,0.0,255,1,0.0,0.47,0.0,0.0,0.0,1.0,1,47173.0
44,5,0,0,0,0,150,1.0,1.0,0.13,0.06,0.0,255,27,0.11,0.07,0.0,1.0,1.0,0.0,1,33760.0
44,9,1,0,0,0,17,0.0,0.0,1.0,0.0,0.0,85,17,0.2,0.06,0.0,0.0,0.0,0.0,1,119608.0
13,9,18,0,0,0,1,0.0,0.0,1.0,0.0,0.0,1,9,1.0,0.0,0.33,0.0,0.0,0.0,1,101946.0
19,9,607,0,0,1,2,0.0,0.0,1.0,0.0,0.0,7,83,0.86,0.29,0.02,0.0,0.0,0.0,1,20086.0
14,9,1032,0,0,0,198,0.0,0.0,1.0,0.0,0.0,255,198,0.78,0.01,0.0,0.0,0.0,0.0,1,97411.0
49,9,1179,328,0,1,1,0.0,0.0,1.0,0.0,0.0,136,71,0.52,0.02,0.0,0.0,0.0,0.0,0,2984.0
22,1,0,0,0,0,1,0.0,0.0,1.0,0.0,1.0,68,255,1.0,0.0,0.06,0.0,0.0,0.98,0,39845.0
22,9,213,383,0,1,3,0.0,0.0,1.0,0.0,0.0,166,255,1.0,0.0,0.01,0.0,0.0,0.0,0,115668.0
22,9,225,527,0,1,7,0.0,0.0,1.0,0.0,0.14,255,255,1.0,0.0,0.0,0.0,0.0,0.0,0,115443.0
44,9,1,74,0,0,29,0.0,0.0,0.28,0.14,0.0,255,8,0.03,0.78,0.0,0.16,0.0,0.0,1,101404.0
22,9,334,1488,0,1,16,0.0,0.0,1.0,0.0,0.0,255,255,1.0,0.0,0.0,0.0,0.0,0.0,0,82434.0
44,1,0,0,0,0,96,0.0,0.0,0.01,0.07,0.0,255,1,0.0,0.06,0.0,0.0,0.0,1.0,1,33780.0
44,9,28,0,3,0,10,0.0,0.0,1.0,0.0,0.0,255,77,0.3,0.01,0.0,0.0,0.0,0.0,1,17685.0
17,5,0,0,0,0,238,1.0,1.0,0.03,0.06,0.0,255,7,0.03,0.08,0.0,1.0,1.0,0.0,1,33730.0
8,5,0,0,0,0,276,1.0,1.0,0.03,0.06,0.0,255,8,0.03,0.07,0.0,1.0,1.0,0.0,1,9402.0
40,9,516,4,0,0,404,0.0,0.0,1.0,0.0,0.0,255,255,1.0,0.0,0.0,0.0,0.0,0.0,0,54014.0
26,5,0,0,0,0,139,1.0,1.0,0.14,0.06,0.0,255,20,0.08,0.07,0.0,1.0,1.0,0.0,1,23375.0
7,5,0,0,0,0,190,1.0,1.0,0.01,0.07,0.0,255,2,0.01,0.07,0.0,1.0,1.0,0.0,1,53191.0
11,9,44,70,0,0,207,0.0,0.0,1.0,0.0,0.0,255,255,1.0,0.0,0.0,0.0,0.0,0.0,0,8326.0
11,9,46,46,0,0,10,0.0,0.0,1.0,0.0,0.17,191,187,0.98,0.01,0.0,0.0,0.0,0.0,0,90925.0
11,9,44,129,0,0,3,0.0,0.0,1.0,0.0,0.33,163,124,0.76,0.02,0.0,0.0,0.0,0.0,0,57538.0
11,9,45,77,0,0,294,0.0,0.0,1.0,0.0,0.0,255,254,1.0,0.01,0.0,0.0,0.0,0.0,0,92390.0
60,5,0,0,0,0,287,1.0,1.0,0.08,0.05,0.0,255,22,0.09,0.05,0.0,1.0,1.0,0.0,1,109879.0
22,9,312,3058,0,1,4,0.0,0.0,1.0,0.0,0.0,103,255,1.0,0.0,0.04,0.0,0.0,0.0,0,53827.0
42,9,38,130,0,1,1,0.0,0.0,1.0,0.0,0.0,121,8,0.05,0.06,0.25,0.0,0.0,0.0,0,4018.0
49,9,751,332,0,1,1,0.0,0.0,1.0,0.0,0.0,215,107,0.5,0.03,0.0,0.0,0.0,0.0,0,14122.0
5,5,0,0,0,0,114,1.0,1.0,0.11,0.06,0.0,255,12,0.05,0.05,0.0,1.0,1.0,0.0,1,117935.0
44,1,0,0,0,0,31,0.03,0.0,0.03,1.0,0.0,255,1,0.0,0.15,0.0,0.0,0.0,1.0,1,98333.0
13,9,8,0,0,0,1,0.0,0.0,1.0,0.0,1.0,4,61,1.0,0.0,0.26,0.0,0.0,0.0,1,99103.0
40,9,145,105,0,0,4,0.0,0.0,0.5,0.5,0.0,171,3,0.02,0.62,0.0,0.0,0.0,0.0,0,3626.0
36,1,0,0,0,0,238,0.0,0.0,0.01,0.07,0.0,255,3,0.01,0.07,0.0,0.0,0.0,1.0,1,82963.0
11,9,103,0,0,0,1,0.0,0.0,1.0,0.0,1.0,40,40,1.0,0.0,0.0,0.0,0.0,0.0,0,90377.0
40,9,147,105,0,0,1,0.0,0.0,1.0,0.0,0.0,255,1,0.0,0.85,0.0,0.0,0.0,0.0,0,23057.0
19,9,5133876,0,0,1,1,0.0,0.0,1.0,0.0,0.0,4,16,1.0,0.0,0.25,0.0,0.0,0.0,1,23037.0
59,5,0,0,0,0,130,1.0,1.0,0.05,0.05,0.0,255,6,0.02,0.05,0.0,1.0,1.0,0.0,1,94954.0
44,5,0,0,0,0,211,1.0,1.0,0.03,0.05,0.0,15,6,0.4,0.2,0.0,0.87,1.0,0.0,1,3357.0
11,9,43,43,0,0,131,0.0,0.0,1.0,0.0,0.02,255,228,0.89,0.01,0.0,0.0,0.0,0.0,0,11166.0
53,5,0,0,0,0,217,1.0,1.0,0.08,0.05,0.0,255,17,0.07,0.05,0.0,1.0,1.0,0.0,1,7937.0
13,9,30,0,0,0,2,0.0,0.0,0.5,1.0,0.0,255,8,0.03,0.01,0.0,0.0,0.0,0.0,0,125259.0
44,5,0,0,0,0,16,1.0,1.0,0.44,0.31,0.0,255,7,0.03,0.09,0.0,1.0,1.0,0.0,1,28279.0
22,9,142,16627,0,1,1,0.0,0.0,1.0,0.0,0.0,108,255,1.0,0.0,0.02,0.0,0.0,0.0,0,17265.0
44,5,0,0,0,0,191,1.0,1.0,0.09,0.07,0.0,255,18,0.07,0.07,0.0,1.0,1.0,0.0,1,33102.0
22,9,232,615,0,1,7,0.0,0.0,1.0,0.0,0.27,255,255,1.0,0.0,0.0,0.0,0.0,0.0,0,94193.0
22,9,186,784,0,1,11,0.0,0.0,1.0,0.0,0.13,255,255,1.0,0.0,0.0,0.0,0.0,0.0,0,9614.0
44,9,28,0,3,0,70,0.0,0.0,0.99,0.03,0.0,255,69,0.27,0.02,0.0,0.0,0.0,0.0,1,58970.0
11,9,44,44,0,0,140,0.0,0.0,1.0,0.0,0.01,255,255,1.0,0.0,0.0,0.0,0.0,0.0,0,107064.0
44,5,0,0,0,0,131,1.0,1.0,0.08,0.06,0.0,186,11,0.06,0.06,0.0,1.0,1.0,0.0,1,4067.0
14,9,1032,0,0,0,397,0.0,0.0,1.0,0.0,0.0,255,255,1.0,0.0,0.0,0.0,0.0,0.0,1,22986.0
59,2,0,0,0,0,112,0.0,0.0,0.05,0.07,0.0,255,6,0.02,0.06,0.0,0.0,0.0,1.0,1,39948.0
44,5,0,0,0,0,111,1.0,1.0,0.02,0.06,0.0,113,2,0.02,0.07,0.0,1.0,1.0,0.0,1,119275.0
59,5,0,0,0,0,130,1.0,1.0,0.05,0.06,0.0,255,9,0.04,0.06,0.0,1.0,1.0,0.0,1,121445.0
22,9,302,773,0,1,11,0.0,0.0,1.0,0.0,0.0,13,255,1.0,0.0,0.02,0.0,0.0,0.0,0,11203.0
22,9,300,321,0,1,3,0.0,0.0,1.0,0.0,0.33,255,255,1.0,0.0,0.0,0.0,0.0,0.0,0,65532.0
44,1,0,0,0,0,203,0.06,0.0,0.0,1.0,0.0,255,1,0.0,0.8,0.0,0.05,0.0,1.0,1,20213.0
4,1,0,0,0,0,124,0.0,0.0,0.07,0.08,0.0,255,9,0.04,0.07,0.0,0.0,0.0,1.0,1,46452.0
22,9,364,758,0,1,4,0.0,0.0,1.0,0.0,0.11,15,255,1.0,0.0,0.03,0.0,0.0,0.0,0,97798.0
13,9,8,0,0,0,1,0.0,0.0,1.0,0.0,1.0,2,60,1.0,0.0,0.5,0.0,0.0,0.0,1,40728.0
44,4,1,0,0,0,2,0.0,0.0,1.0,0.0,0.0,255,2,0.01,0.82,0.0,0.0,0.0,1.0,1,47230.0
19,9,95,0,0,0,1,0.0,0.0,1.0,0.0,0.0,53,7,0.13,0.08,0.0,0.0,0.0,0.0,0,48385.0
22,9,312,383,0,1,2,0.0,0.0,1.0,0.0,0.67,67,255,1.0,0.0,0.08,0.0,0.0,0.0,0,40037.0
22,9,234,261,0,1,9,0.0,0.0,1.0,0.0,0.0,255,255,1.0,0.0,0.0,0.0,0.0,0.0,0,84978.0
14,9,1032,0,0,0,511,0.0,0.0,1.0,0.0,0.0,255,15,0.06,0.25,0.0,0.0,0.0,0.0,1,32348.0
13,9,8,0,0,0,1,0.0,0.0,1.0,0.0,1.0,1,45,1.0,0.0,0.51,0.0,0.0,0.0,1,115141.0
22,9,290,60131,0,1,6,0.0,0.0,1.0,0.0,0.0,6,255,1.0,0.0,0.03,0.0,0.0,0.0,0,102362.0
55,2,0,0,0,0,228,0.0,0.0,0.03,0.07,0.0,255,6,0.02,0.08,0.0,0.0,0.0,1.0,1,94705.0
18,9,1505,4152,0,1,1,0.0,0.0,1.0,0.0,0.0,57,17,0.3,0.07,0.0,0.0,0.0,0.0,0,95207.0
3,5,0,0,0,0,265,1.0,1.0,0.04,0.06,0.0,255,11,0.04,0.07,0.0,1.0,1.0,0.0,1,11171.0
13,9,8,0,0,0,1,0.0,0.0,1.0,0.0,1.0,1,209,1.0,0.0,0.5,0.0,0.0,0.0,1,81353.0
22,9,247,392,0,1,7,0.0,0.0,1.0,0.0,0.0,255,255,1.0,0.0,0.0,0.0,0.0,0.0,0,30216.0
22,9,234,5381,0,1,9,0.0,0.0,1.0,0.0,0.0,173,255,1.0,0.0,0.02,0.0,0.0,0.0,0,61207.0
22,9,264,3011,0,1,1,0.0,0.0,1.0,0.0,0.0,255,241,0.95,0.02,0.0,0.0,0.0,0.0,0,10079.0
22,9,203,10662,0,1,1,0.0,0.0,1.0,0.0,0.12,38,255,1.0,0.0,0.04,0.0,0.0,0.0,0,90498.0
19,9,2194619,0,0,1,2,0.0,0.0,1.0,0.0,0.0,228,64,0.28,0.01,0.0,0.01,0.03,0.0,0,32927.0
13,9,8,0,0,0,1,0.0,0.0,1.0,0.0,1.0,2,66,1.0,0.0,0.5,0.0,0.0,0.0,1,53070.0
14,9,1032,0,0,0,511,0.0,0.0,1.0,0.0,0.0,255,39,0.15,0.18,0.0,0.0,0.0,0.0,1,112756.0
44,4,1,0,0,0,2,0.0,0.0,1.0,0.0,0.0,255,2,0.01,0.5,0.0,0.0,0.0,1.0,1,31321.0
22,9,349,4726,0,1,5,0.0,0.0,1.0,0.0,0.0,33,255,1.0,0.0,0.04,0.0,0.0,0.0,0,109019.0
49,9,11747,880,0,1,1,0.0,0.0,1.0,0.0,0.0,35,180,0.31,0.09,0.01,0.03,0.0,0.0,0,50804.0
31,5,0,0,0,0,272,1.0,1.0,0.03,0.06,0.0,255,7,0.03,0.09,0.0,1.0,1.0,0.0,1,39070.0
9,5,0,0,0,0,279,1.0,1.0,0.03,0.06,0.0,255,7,0.03,0.07,0.0,1.0,1.0,0.0,1,54829.0
22,5,0,0,0,0,166,1.0,1.0,0.02,0.06,0.0,255,3,0.01,0.05,0.0,1.0,1.0,0.0,1,105213.0
18,5,0,0,0,0,233,1.0,1.0,0.05,0.06,0.0,255,11,0.04,0.07,0.0,1.0,1.0,0.0,1,57283.0
22,9,188,525,0,1,3,0.0,0.0,1.0,0.0,0.5,200,255,1.0,0.0,0.04,0.0,0.0,0.0,0,101988.0
40,9,516,4,0,0,385,0.0,0.0,1.0,0.0,0.0,255,255,1.0,0.0,0.0,0.0,0.0,0.0,0,102561.0
22,9,261,333,0,1,9,0.0,0.0,1.0,0.0,0.12,255,255,1.0,0.0,0.0,0.0,0.0,0.0,0,85208.0
7,5,0,0,0,0,292,1.0,1.0,0.03,0.05,0.0,255,11,0.04,0.08,0.0,1.0,1.0,0.0,1,97916.0
13,9,18,0,0,0,1,0.0,0.0,1.0,0.0,0.0,2,22,1.0,0.0,0.27,0.0,0.0,0.0,1,124416.0
44,5,0,0,0,0,106,1.0,1.0,0.14,0.06,0.0,114,18,0.16,0.11,0.0,1.0,1.0,0.0,1,30791.0
44,9,1,0,0,0,158,0.0,0.0,0.87,0.03,0.0,255,175,0.69,0.04,0.0,0.0,0.0,0.0,1,58784.0
22,9,244,307,0,1,1,0.0,0.0,1.0,0.0,0.0,239,250,1.0,0.0,0.01,0.0,0.0,0.0,0,46866.0
22,1,0,0,0,0,1,0.0,0.0,1.0,0.0,0.0,4,157,1.0,0.0,0.14,0.0,0.0,1.0,0,85459.0
11,9,71,46,0,0,127,0.0,0.0,1.0,0.0,0.0,255,166,0.65,0.01,0.0,0.0,0.0,0.0,0,124619.0
11,9,45,45,0,0,139,0.0,0.0,1.0,0.0,0.0,255,254,1.0,0.01,0.0,0.0,0.0,0.0,0,30573.0
22,1,0,0,0,0,1,0.0,0.0,1.0,0.0,0.25,64,187,1.0,0.0,0.03,0.0,0.0,0.93,0,56912.0
22,9,230,382,0,1,1,0.0,0.0,1.0,0.0,1.0,72,255,1.0,0.0,0.01,0.01,0.0,0.0,0,120094.0
55,9,182,55408,0,1,1,0.0,0.0,1.0,0.0,0.0,1,7,1.0,0.0,0.57,0.0,0.14,0.14,0,46062.0
40,9,146,105,0,0,1,0.0,0.0,1.0,0.0,0.0,255,1,0.0,0.66,0.0,0.0,0.0,0.0,0,105748.0
52,2,0,0,0,0,199,0.0,0.0,0.09,0.07,0.0,255,17,0.07,0.08,0.0,0.0,0.0,1.0,1,33924.0
11,9,45,79,0,0,232,0.0,0.0,1.0,0.01,0.01,255,254,1.0,0.01,0.0,0.0,0.0,0.0,0,110812.0
17,5,0,0,0,0,10,1.0,1.0,0.3,0.2,0.0,255,55,0.22,0.04,0.0,1.0,1.0,0.0,1,38013.0
22,9,231,323,0,1,1,0.0,0.0,1.0,0.0,0.0,52,255,1.0,0.0,0.03,0.0,0.0,0.0,0,67290.0
22,9,214,834,0,1,7,0.0,0.0,1.0,0.0,0.21,131,255,1.0,0.0,0.02,0.0,0.0,0.0,0,64915.0
13,9,8,0,0,0,1,0.0,0.0,1.0,0.0,1.0,1,67,1.0,0.0,0.51,0.0,0.0,0.0,1,27817.0
44,5,0,0,0,0,206,1.0,1.0,0.07,0.07,0.0,255,15,0.06,0.08,0.0,1.0,1.0,0.0,1,93914.0
13,9,18,0,0,0,1,0.0,0.0,1.0,0.0,0.0,1,146,1.0,0.0,1.0,0.0,0.0,0.0,1,28452.0
11,9,44,134,0,0,6,0.0,0.0,1.0,0.0,0.03,255,175,0.69,0.01,0.0,0.0,0.0,0.0,0,45294.0
22,9,206,1718,0,1,9,0.0,0.0,1.0,0.0,0.2,255,255,1.0,0.0,0.0,0.0,0.0,0.0,0,124354.0
22,9,218,4128,0,1,8,0.0,0.0,1.0,0.0,0.0,82,255,1.0,0.0,0.04,0.0,0.0,0.0,0,122778.0
44,1,0,0,0,0,141,0.0,0.0,0.04,0.06,0.0,255,5,0.02,0.06,0.0,0.0,0.0,1.0,1,89963.0
36,5,0,0,0,0,133,1.0,1.0,0.03,0.06,0.0,255,1,0.0,0.07,0.0,1.0,1.0,0.0,1,39838.0
22,9,332,1451,0,1,2,0.0,0.0,1.0,0.0,0.0,22,255,1.0,0.0,0.02,0.0,0.0,0.0,0,76754.0
22,9,194,7042,0,1,4,0.0,0.0,1.0,0.0,0.0,73,255,1.0,0.0,0.03,0.0,0.0,0.0,0,71035.0
22,1,0,0,0,0,1,0.0,0.0,1.0,0.0,0.0,31,242,1.0,0.0,0.16,0.0,0.0,1.0,0,28373.0
22,9,257,267,0,1,7,0.0,0.0,1.0,0.0,0.0,255,255,1.0,0.0,0.0,0.0,0.0,0.0,0,59490.0
22,9,221,9534,0,1,1,0.0,0.0,1.0,0.0,1.0,47,255,1.0,0.0,0.02,0.0,0.0,0.0,0,109309.0
56,2,0,0,0,0,261,0.0,0.0,0.07,0.07,0.0,255,18,0.07,0.07,0.0,0.0,0.0,1.0,1,123157.0
22,9,234,1842,0,1,11,0.0,0.0,1.0,0.0,0.23,39,200,1.0,0.0,0.08,0.0,0.0,0.0,0,106966.0
49,9,1611,331,0,1,1,0.0,0.0,1.0,0.0,1.0,85,170,0.72,0.05,0.01,0.0,0.0,0.0,0,21498.0
49,9,1179,334,0,1,1,0.0,0.0,1.0,0.0,1.0,115,190,0.7,0.04,0.01,0.0,0.0,0.0,0,66480.0
44,5,0,0,0,0,286,1.0,1.0,0.01,0.06,0.0,255,3,0.01,0.08,0.0,1.0,1.0,0.0,1,89348.0
40,9,9178,0,0,1,3,0.0,0.0,0.33,1.0,0.0,217,1,0.0,0.07,0.0,0.0,0.0,0.0,0,40529.0
19,6,13140,0,0,1,14,0.07,0.33,0.21,0.86,0.0,123,19,0.12,0.11,0.11,0.01,0.05,0.0,0,71520.0
44,5,0,0,0,0,229,1.0,1.0,0.05,0.06,0.0,255,12,0.05,0.07,0.0,1.0,1.0,0.0,1,10921.0
19,9,5891,0,0,0,17,0.0,0.0,1.0,0.0,0.0,48,27,0.56,0.08,0.0,0.0,0.0,0.0,0,91443.0
2,1,0,0,0,0,205,0.0,0.0,0.09,0.06,0.0,255,19,0.07,0.07,0.0,0.0,0.0,1.0,1,117250.0
4,5,0,0,0,0,237,1.0,1.0,0.05,0.05,0.0,255,1,0.0,0.06,0.0,1.0,1.0,0.0,1,105746.0
49,9,48,284,0,1,1,0.0,0.0,1.0,0.0,0.0,84,16,0.19,0.05,0.0,0.0,0.0,0.0,0,45943.0
22,9,327,392,0,1,14,0.0,0.0,1.0,0.0,0.0,40,255,1.0,0.0,0.04,0.0,0.01,0.0,0,103452.0
11,9,46,135,0,0,61,0.0,0.0,1.0,0.0,0.01,253,169,0.67,0.02,0.0,0.0,0.0,0.0,0,108679.0
13,9,8,0,0,0,1,0.0,0.0,1.0,0.0,1.0,2,94,1.0,0.0,0.51,0.0,0.0,0.0,1,11907.0
18,9,343,1063,0,1,1,0.0,0.0,1.0,0.0,0.0,97,25,0.26,0.05,0.0,0.0,0.0,0.04,0,1580.0
49,9,1488,364,0,1,1,0.0,0.0,1.0,0.0,0.0,141,178,0.64,0.04,0.01,0.0,0.0,0.0,0,79914.0
44,9,28,0,3,0,61,0.0,0.0,1.0,0.0,0.0,255,161,0.63,0.37,0.0,0.09,0.0,0.0,1,94284.0
11,9,88,34,0,0,5,0.0,0.0,1.0,0.0,0.0,89,65,0.73,0.03,0.0,0.0,0.0,0.0,0,120724.0
2,5,0,0,0,0,103,1.0,1.0,0.02,0.07,0.0,255,2,0.01,0.05,0.0,1.0,1.0,0.0,1,77170.0
19,9,9198,0,0,1,3,0.0,0.0,1.0,0.0,0.0,255,13,0.05,0.06,0.0,0.83,0.0,0.0,0,57379.0
13,9,8,0,0,0,1,0.0,0.0,1.0,0.0,1.0,2,86,1.0,0.0,0.5,0.0,0.0,0.0,1,57210.0
44,9,105,0,0,0,2,0.0,0.0,1.0,0.0,0.0,240,195,0.81,0.01,0.0,0.0,0.0,0.0,0,96741.0
11,9,45,134,0,0,67,0.0,0.0,1.0,0.0,0.01,255,214,0.84,0.02,0.0,0.0,0.0,0.0,0,118491.0
33,5,0,0,0,0,223,1.0,1.0,0.09,0.06,0.0,255,19,0.07,0.07,0.0,1.0,1.0,0.0,1,13759.0
44,5,0,0,0,0,190,1.0,1.0,0.09,0.06,0.0,255,17,0.07,0.05,0.0,1.0,1.0,0.0,1,40003.0
19,9,7045,0,0,1,1,0.0,0.0,1.0,0.0,0.0,255,62,0.24,0.13,0.0,0.02,0.02,0.0,1,15232.0
44,5,0,0,0,0,22,1.0,1.0,0.14,0.27,0.0,255,21,0.08,0.08,0.0,1.0,1.0,0.0,1,82271.0
49,9,1186,437,0,1,1,0.0,0.0,1.0,0.0,0.0,255,52,0.2,0.07,0.0,0.62,0.0,0.0,0,18193.0
44,5,0,0,0,0,244,1.0,1.0,0.01,0.06,0.0,255,7,0.03,0.07,0.0,1.0,1.0,0.0,1,8211.0
49,9,928,366,0,1,1,0.0,0.0,1.0,0.0,0.0,2,2,1.0,0.0,0.0,0.0,0.0,0.0,0,38712.0
22,9,361,18822,0,1,7,0.0,0.0,1.0,0.0,0.0,255,255,1.0,0.0,0.0,0.0,0.0,0.0,0,84414.0
22,6,259,13140,0,1,1,1.0,0.5,1.0,0.0,1.0,3,255,1.0,0.0,0.02,0.33,0.0,0.0,0,73760.0
19,9,2194619,0,0,1,2,0.0,0.0,1.0,0.0,0.67,120,32,0.27,0.04,0.0,0.0,0.0,0.0,0,9033.0
38,1,0,0,0,0,7,0.0,0.0,0.14,1.0,0.0,162,1,0.01,0.08,0.0,0.01,0.0,1.0,1,26524.0
13,9,8,0,0,0,1,0.0,0.0,1.0,0.0,1.0,1,119,1.0,0.0,0.5,0.0,0.0,0.0,1,64774.0
0,4,3135,7806,0,1,1,0.0,0.0,1.0,0.0,0.0,7,2,0.29,0.29,0.0,0.0,0.0,1.0,0,10657.0
44,9,1,26,0,0,26,0.0,0.0,0.5,0.12,0.0,255,13,0.05,0.82,0.0,0.16,0.0,0.0,1,114431.0
56,2,0,0,0,0,190,0.0,0.0,0.1,0.06,0.0,255,19,0.07,0.07,0.0,0.0,0.0,1.0,1,15752.0
49,9,1165,331,0,1,1,0.0,0.0,1.0,0.0,1.0,58,34,0.59,0.05,0.0,0.0,0.0,0.0,0,108711.0
13,9,30,0,0,0,2,0.0,0.0,0.5,1.0,0.0,255,2,0.01,0.01,0.0,0.0,0.0,0.0,0,82106.0
22,9,188,525,0,1,3,0.0,0.0,1.0,0.0,0.0,102,255,1.0,0.0,0.04,0.0,0.0,0.0,0,45676.0
2,5,0,0,0,0,280,1.0,1.0,0.06,0.06,0.0,255,17,0.07,0.07,0.0,1.0,1.0,0.0,1,75738.0
20,5,0,0,0,0,148,1.0,1.0,0.16,0.05,0.0,255,9,0.04,0.05,0.0,1.0,1.0,0.0,1,82795.0
19,9,59,0,0,0,12,0.0,0.0,1.0,0.0,0.0,48,58,0.5,0.08,0.03,0.0,0.0,0.0,0,72476.0
11,9,45,130,0,0,169,0.0,0.0,1.0,0.0,0.0,255,255,1.0,0.0,0.0,0.0,0.0,0.0,0,1300.0
22,5,0,0,0,0,2,0.5,0.5,1.0,0.0,0.0,3,255,1.0,0.0,0.04,0.33,0.0,0.0,0,18912.0
5,1,0,0,0,0,103,0.0,0.0,0.01,0.08,0.0,255,1,0.0,0.06,0.0,0.0,0.0,1.0,1,83482.0
44,1,0,0,0,0,385,0.06,0.0,0.0,1.0,0.0,255,1,0.0,1.0,0.0,0.09,0.0,1.0,1,46924.0
44,5,0,0,0,0,195,1.0,1.0,0.08,0.06,0.0,234,16,0.07,0.07,0.0,0.94,1.0,0.0,1,19949.0
55,4,492,14334,0,1,2,0.0,0.0,1.0,0.0,0.0,38,13,0.34,0.11,0.0,0.0,0.0,0.15,0,20098.0
53,5,0,0,0,0,147,1.0,1.0,0.01,0.07,0.0,255,5,0.02,0.07,0.0,1.0,1.0,0.0,1,74204.0
19,9,5891,0,0,1,11,0.0,0.0,1.0,0.0,0.0,175,94,0.49,0.03,0.02,0.0,0.0,0.0,0,16832.0
24,1,0,0,0,0,248,0.0,0.0,0.01,0.07,0.0,255,3,0.01,0.07,0.0,0.0,0.0,1.0,1,48090.0
49,9,2553,397,0,1,1,0.0,0.0,1.0,0.0,0.0,255,168,0.66,0.06,0.0,0.0,0.0,0.0,0,86062.0
11,9,33,0,0,0,1,0.0,0.0,1.0,0.0,0.15,255,45,0.18,0.03,0.0,0.0,0.0,0.0,0,97202.0
22,9,263,3112,0,1,17,0.0,0.0,1.0,0.0,0.0,255,255,1.0,0.0,0.0,0.0,0.0,0.0,0,35854.0
62,5,0,0,0,0,223,1.0,1.0,0.05,0.05,0.0,255,12,0.05,0.06,0.0,1.0,1.0,0.0,1,64374.0
22,9,369,294,0,1,13,0.0,0.0,1.0,0.0,0.16,33,231,1.0,0.0,0.21,0.0,0.0,0.77,0,90314.0
11,9,46,128,0,0,68,0.0,0.0,0.99,0.03,0.01,255,236,0.93,0.01,0.0,0.0,0.0,0.0,0,110095.0
44,9,207,0,0,0,2,0.0,0.0,1.0,0.0,0.0,154,130,0.84,0.01,0.0,0.0,0.0,0.0,1,49773.0
15,5,0,0,0,0,138,1.0,1.0,0.12,0.05,0.0,255,17,0.07,0.05,0.0,1.0,1.0,0.0,1,27483.0
44,5,0,0,0,0,197,1.0,1.0,0.03,0.06,0.0,255,16,0.06,0.07,0.0,1.0,1.0,0.0,1,31694.0
22,5,0,0,0,0,52,1.0,1.0,0.29,0.08,0.0,255,58,0.23,0.04,0.0,1.0,1.0,0.0,1,37141.0
11,9,45,134,0,0,81,0.0,0.0,0.99,0.02,0.01,255,243,0.95,0.01,0.0,0.0,0.0,0.0,0,83814.0
4,5,0,0,0,0,294,1.0,1.0,0.08,0.05,0.0,255,24,0.09,0.05,0.0,1.0,1.0,0.0,1,69769.0
22,5,0,0,0,0,150,1.0,1.0,0.13,0.06,0.0,255,14,0.05,0.07,0.0,1.0,1.0,0.0,1,878.0
19,9,641,0,0,0,2,0.0,0.0,1.0,0.0,0.0,127,25,0.2,0.04,0.0,0.0,0.0,0.0,0,124874.0
22,9,325,270,0,1,3,0.0,0.0,1.0,0.0,0.0,255,240,0.94,0.02,0.0,0.0,0.0,0.0,0,74183.0
2,5,0,0,0,0,270,1.0,1.0,0.06,0.07,0.0,255,17,0.07,0.08,0.0,1.0,1.0,0.0,1,54644.0
44,4,0,0,0,0,1,0.0,0.0,1.0,0.0,0.0,255,1,0.0,0.54,0.0,0.0,0.0,1.0,1,97547.0
22,9,224,976,0,1,2,0.0,0.0,1.0,0.0,0.0,255,255,1.0,0.0,0.0,0.0,0.0,0.0,0,62466.0
49,9,1745,444,0,1,1,0.0,0.0,1.0,0.0,1.0,197,72,0.24,0.02,0.03,0.0,0.0,0.03,0,14755.0
22,9,350,370,0,1,29,0.0,0.0,1.0,0.0,0.0,255,255,1.0,0.0,0.0,0.0,0.0,0.0,0,114754.0
37,5,0,0,0,0,103,1.0,1.0,0.18,0.06,0.0,255,19,0.07,0.07,0.0,1.0,1.0,0.0,1,32066.0
22,9,54540,8314,0,1,5,0.0,0.0,1.0,0.0,0.33,169,169,1.0,0.0,0.0,0.0,0.0,0.05,1,59506.0
13,9,8,0,0,0,1,0.0,0.0,1.0,0.0,1.0,1,52,1.0,0.0,0.52,0.0,0.0,0.0,1,41026.0
4,5,0,0,0,0,217,1.0,1.0,0.07,0.06,0.0,255,5,0.02,0.09,0.0,1.0,1.0,0.0,1,38973.0
56,5,0,0,0,0,290,1.0,1.0,0.03,0.06,0.0,255,9,0.04,0.09,0.0,1.0,1.0,0.0,1,49800.0
55,9,122,1348,0,1,1,0.0,0.0,1.0,0.0,0.0,255,63,0.25,0.02,0.0,0.96,0.97,0.0,0,5194.0
22,9,218,6329,0,1,8,0.0,0.0,1.0,0.0,0.0,255,255,1.0,0.0,0.0,0.0,0.0,0.0,0,13101.0
22,9,213,33514,0,1,1,0.0,0.0,1.0,0.0,0.5,3,251,1.0,0.0,0.04,0.0,0.0,0.01,0,4904.0
22,9,202,5200,0,1,6,0.0,0.0,1.0,0.0,0.18,206,255,1.0,0.0,0.02,0.0,0.0,0.0,0,13535.0
44,5,0,0,0,0,269,1.0,1.0,0.01,0.06,0.0,255,1,0.0,0.07,0.0,1.0,1.0,0.0,1,125163.0
22,9,302,1728,0,1,4,0.0,0.0,1.0,0.0,0.0,169,255,1.0,0.0,0.02,0.0,0.0,0.0,0,20181.0
22,9,242,569,0,1,1,0.0,0.0,1.0,0.0,0.38,1,255,1.0,0.0,0.02,0.0,0.0,0.0,0,38392.0
22,9,334,15650,0,1,1,0.0,0.0,1.0,0.0,0.0,68,255,1.0,0.0,0.02,0.0,0.0,0.0,0,15409.0
44,5,0,0,0,0,227,1.0,1.0,0.01,0.06,0.0,255,3,0.01,0.07,0.0,1.0,1.0,0.0,1,50163.0
44,5,0,0,0,0,266,1.0,1.0,0.05,0.06,0.0,255,1,0.0,0.07,0.0,1.0,1.0,0.0,1,56982.0
22,9,295,753,0,1,19,0.0,0.0,1.0,0.0,0.0,255,255,1.0,0.0,0.0,0.0,0.0,0.0,0,107196.0
44,5,0,0,0,0,117,1.0,1.0,0.02,0.07,0.0,255,2,0.01,0.06,0.0,1.0,1.0,0.0,1,64174.0
10,1,0,0,0,0,220,0.0,0.0,0.01,0.07,0.0,255,2,0.01,0.08,0.0,0.0,0.0,1.0,1,109585.0
54,5,0,0,0,0,299,1.0,1.0,0.02,0.06,0.0,255,4,0.02,0.09,0.0,1.0,1.0,0.0,1,25707.0
22,9,178,7427,0,1,11,0.0,0.0,1.0,0.0,0.07,32,255,1.0,0.0,0.01,0.0,0.0,0.0,0,52239.0
22,9,318,268,0,1,1,0.0,0.0,1.0,0.0,0.0,51,255,1.0,0.0,0.01,0.0,0.0,0.0,0,63595.0
62,1,0,0,0,0,2,0.0,0.0,0.5,1.0,0.0,255,1,0.0,1.0,0.0,0.0,0.0,1.0,1,79321.0
10,1,0,0,0,0,199,0.0,0.0,0.01,0.06,0.0,255,1,0.0,0.08,0.0,0.0,0.0,1.0,1,105932.0
22,9,341,1100,0,1,2,0.0,0.0,1.0,0.0,0.0,255,255,1.0,0.0,0.0,0.0,0.0,0.0,0,125784.0
29,5,0,0,0,0,286,1.0,1.0,0.07,0.06,0.0,255,9,0.04,0.07,0.0,1.0,1.0,0.0,1,62488.0
49,9,1322,334,0,1,1,0.0,0.0,1.0,0.0,0.0,71,54,0.76,0.04,0.0,0.0,0.0,0.0,0,13533.0
49,9,2850,368,0,1,1,0.0,0.0,1.0,0.0,0.0,255,143,0.56,0.02,0.0,0.0,0.0,0.0,0,26217.0
44,1,0,0,0,0,40,0.0,0.0,0.25,0.08,0.0,255,1,0.0,0.07,0.0,0.0,0.0,1.0,1,47687.0
44,5,0,0,0,0,221,1.0,1.0,0.02,0.07,0.0,255,4,0.02,0.08,0.0,1.0,1.0,0.0,1,108332.0
19,9,201,0,0,1,1,0.0,0.0,1.0,0.0,0.0,23,71,0.91,0.09,0.03,0.0,0.0,0.0,0,125319.0
6,5,0,0,0,0,117,1.0,1.0,0.07,0.06,0.0,255,3,0.01,0.07,0.0,1.0,1.0,0.0,1,48914.0
18,9,241,774,0,1,1,0.0,0.0,1.0,0.0,0.0,255,57,0.22,0.02,0.0,0.0,0.0,0.0,0,24334.0
22,9,332,3071,0,1,65,0.0,0.0,1.0,0.0,0.06,241,255,1.0,0.0,0.01,0.0,0.0,0.0,0,65889.0
22,9,174,185,0,1,1,0.0,0.0,1.0,0.0,0.0,2,255,1.0,0.0,0.07,0.0,0.0,0.0,0,84020.0
14,9,1032,0,0,0,222,0.0,0.0,1.0,0.0,0.0,255,222,0.87,0.01,0.0,0.0,0.0,0.0,1,56651.0
44,5,0,0,0,0,256,1.0,1.0,0.02,0.07,0.0,255,5,0.02,0.06,0.0,1.0,1.0,0.0,1,88499.0
49,9,1858,449,0,1,1,0.0,0.0,1.0,0.0,1.0,255,106,0.42,0.04,0.0,0.15,0.0,0.0,0,5051.0
18,5,0,0,0,0,249,1.0,1.0,0.04,0.06,0.0,255,11,0.04,0.06,0.0,1.0,1.0,0.0,1,59158.0
15,5,0,0,0,0,130,1.0,1.0,0.02,0.07,0.0,255,3,0.01,0.07,0.0,1.0,1.0,0.0,1,104242.0
44,5,0,0,0,0,30,1.0,1.0,0.43,0.1,0.0,255,13,0.05,0.07,0.0,1.0,1.0,0.0,1,4145.0
22,1,0,0,0,0,1,0.0,0.0,1.0,0.0,0.0,2,242,1.0,0.0,0.12,0.0,0.0,0.79,0,87859.0
6,5,0,0,0,0,212,1.0,1.0,0.0,0.07,0.0,255,1,0.0,0.09,0.0,1.0,1.0,0.0,1,57293.0
19,9,641,0,0,0,2,0.0,0.0,1.0,0.0,0.0,69,24,0.07,0.07,0.08,0.0,0.0,0.0,0,103360.0
53,5,0,0,0,0,233,1.0,1.0,0.07,0.06,0.0,255,16,0.06,0.07,0.0,1.0,1.0,0.0,1,58925.0
22,9,159,9490,0,1,1,0.0,0.0,1.0,0.0,0.17,166,255,1.0,0.0,0.02,0.0,0.0,0.0,0,69168.0
2,5,0,0,0,0,230,1.0,1.0,0.01,0.06,0.0,255,3,0.01,0.07,0.0,1.0,1.0,0.0,1,66583.0
11,9,46,130,0,0,79,0.0,0.0,1.0,0.0,0.01,255,255,1.0,0.0,0.0,0.0,0.0,0.0,0,95927.0
19,9,26408,0,0,0,2,0.0,0.0,1.0,0.0,0.0,159,74,0.43,0.04,0.03,0.01,0.0,0.0,0,32697.0
22,9,226,1429,0,1,3,0.0,0.0,1.0,0.0,0.0,115,255,1.0,0.0,0.01,0.0,0.0,0.0,0,16283.0
23,1,0,0,0,0,120,0.0,0.0,0.06,0.07,0.0,255,7,0.03,0.08,0.0,0.0,0.0,1.0,1,107759.0
22,9,173,707,0,1,11,0.0,0.0,1.0,0.0,0.0,131,255,1.0,0.0,0.02,0.0,0.0,0.0,0,123663.0
44,5,0,0,0,0,227,1.0,1.0,0.07,0.06,0.0,255,16,0.06,0.08,0.0,1.0,1.0,0.0,1,27336.0
22,4,0,0,0,0,1,0.0,0.0,1.0,0.0,0.33,255,148,0.58,0.32,0.0,0.0,0.0,0.01,0,105033.0
22,9,209,1897,0,1,2,0.0,0.0,1.0,0.0,0.0,2,255,1.0,0.0,0.07,0.0,0.01,0.0,0,46383.0
43,5,0,0,0,0,117,1.0,1.0,0.12,0.06,0.0,255,14,0.05,0.05,0.0,1.0,1.0,0.0,1,98174.0
25,5,0,0,0,0,240,1.0,1.0,0.08,0.05,0.0,255,19,0.07,0.06,0.0,1.0,1.0,0.0,1,85336.0
22,5,0,0,0,0,220,1.0,0.37,0.05,0.06,0.11,255,10,0.04,0.08,0.0,1.0,1.0,0.0,1,43714.0
44,5,0,0,0,0,234,1.0,1.0,0.02,0.06,0.0,255,4,0.02,0.09,0.0,1.0,1.0,0.0,1,71696.0
18,9,1451,4152,0,1,1,0.0,0.0,1.0,0.0,0.0,161,46,0.29,0.02,0.0,0.01,0.02,0.0,0,64843.0
44,5,0,0,0,0,259,1.0,1.0,0.02,0.06,0.0,255,5,0.02,0.07,0.0,1.0,1.0,0.0,1,44015.0
11,9,129,45,0,0,287,0.0,0.0,1.0,0.01,0.0,176,143,0.81,0.01,0.0,0.0,0.0,0.0,0,10238.0
22,9,281,1639,0,1,17,0.0,0.0,1.0,0.0,0.0,255,255,1.0,0.0,0.0,0.0,0.0,0.0,0,32654.0
44,5,0,0,0,0,134,1.0,1.0,0.1,0.06,0.0,83,14,0.17,0.08,0.0,1.0,1.0,0.0,1,60238.0
22,9,274,3315,0,1,4,0.0,0.0,1.0,0.0,0.25,255,255,1.0,0.0,0.0,0.0,0.0,0.0,0,100459.0
22,9,265,344,0,1,1,0.0,0.0,1.0,0.0,0.5,26,255,1.0,0.0,0.04,0.0,0.0,0.0,0,76823.0
44,1,0,0,0,0,65,0.0,0.0,0.12,0.09,0.0,255,8,0.03,0.08,0.0,0.0,0.0,1.0,1,124772.0
44,1,0,0,0,0,206,0.0,0.0,0.02,0.06,0.0,255,4,0.02,0.08,0.0,0.0,0.0,1.0,1,61.0
22,9,305,432,0,1,12,0.0,0.0,1.0,0.0,0.22,41,255,1.0,0.0,0.1,0.0,0.0,0.0,0,67776.0
5,5,0,0,0,0,17,1.0,1.0,0.12,0.18,0.0,255,2,0.01,0.07,0.0,1.0,1.0,0.0,1,30672.0
2,5,0,0,0,0,269,1.0,1.0,0.06,0.07,0.0,255,16,0.06,0.08,0.0,1.0,1.0,0.0,1,85474.0
37,5,0,0,0,0,91,1.0,1.0,0.05,0.07,0.0,255,5,0.02,0.05,0.0,1.0,1.0,0.0,1,35809.0
44,1,0,0,0,0,234,0.0,0.0,0.03,0.07,0.0,255,8,0.03,0.07,0.0,0.0,0.0,1.0,1,35731.0
44,5,0,0,0,0,246,1.0,1.0,0.04,0.06,0.0,255,9,0.04,0.08,0.0,1.0,1.0,0.0,1,77919.0
44,5,0,0,0,0,157,1.0,1.0,0.08,0.05,0.0,255,12,0.05,0.05,0.0,1.0,1.0,0.0,1,4758.0
12,2,0,0,0,0,289,0.0,0.0,0.06,0.06,0.0,255,16,0.06,0.07,0.0,0.0,0.0,1.0,1,87702.0
53,1,0,0,0,0,226,0.0,0.0,0.05,0.07,0.0,255,12,0.05,0.09,0.0,0.0,0.0,1.0,1,11046.0
44,5,0,0,0,0,207,1.0,1.0,0.09,0.05,0.0,255,3,0.01,0.07,0.0,1.0,1.0,0.0,1,63271.0
9,2,0,0,0,0,248,0.0,0.0,0.02,0.06,0.0,255,5,0.02,0.08,0.0,0.0,0.0,1.0,1,89123.0
13,9,8,0,0,0,1,0.0,0.0,1.0,0.0,0.0,4,4,1.0,0.0,0.0,0.0,0.0,0.0,1,94169.0
11,9,45,135,0,0,198,0.0,0.0,1.0,0.0,0.0,255,255,1.0,0.0,0.0,0.0,0.0,0.0,0,81848.0
44,5,0,0,0,0,218,1.0,1.0,0.08,0.06,0.0,255,31,0.12,0.06,0.0,1.0,1.0,0.0,1,31073.0
44,5,0,0,0,0,120,1.0,1.0,0.12,0.06,0.0,255,14,0.05,0.07,0.0,1.0,1.0,0.0,1,123470.0
25,5,0,0,0,0,107,1.0,1.0,0.19,0.07,0.0,255,7,0.03,0.08,0.0,1.0,1.0,0.0,1,72420.0
22,9,0,3091,0,0,10,0.1,0.1,1.0,0.0,0.0,59,255,1.0,0.0,0.02,0.02,0.0,0.0,0,30915.0
22,9,147,38988,0,1,1,0.0,0.0,1.0,0.0,1.0,47,255,1.0,0.0,0.02,0.0,0.0,0.0,0,7188.0
22,9,364,2403,0,1,19,0.0,0.0,1.0,0.0,0.0,255,255,1.0,0.0,0.0,0.0,0.0,0.0,0,26711.0
22,9,213,253,0,1,6,0.0,0.0,1.0,0.0,0.29,16,255,1.0,0.0,0.05,0.0,0.0,0.0,0,13893.0
44,5,0,0,0,0,101,1.0,1.0,0.02,0.06,0.0,255,19,0.07,0.08,0.0,1.0,1.0,0.0,1,81043.0
22,9,325,412,0,1,2,0.0,0.0,1.0,0.0,0.0,255,255,1.0,0.0,0.0,0.0,0.0,0.0,0,104070.0
44,5,0,0,0,0,34,1.0,1.0,0.18,0.09,0.0,255,6,0.02,0.07,0.0,1.0,1.0,0.0,1,75451.0
49,9,1241,400,0,1,1,0.0,0.0,1.0,0.0,0.0,255,72,0.28,0.05,0.0,0.44,0.0,0.0,0,38024.0
49,9,797,283,0,1,1,0.0,0.0,1.0,0.0,0.0,191,191,0.69,0.03,0.01,0.0,0.0,0.0,0,124770.0
11,9,43,118,0,0,202,0.0,0.0,1.0,0.0,0.0,255,255,1.0,0.0,0.0,0.0,0.0,0.0,0,49612.0
22,9,296,14299,0,1,2,0.0,0.0,1.0,0.0,0.0,23,255,1.0,0.0,0.04,0.0,0.0,0.0,0,17261.0
32,5,0,0,0,0,188,1.0,1.0,0.01,0.07,0.0,255,1,0.0,0.08,0.0,1.0,1.0,0.0,1,8954.0
13,9,8,0,0,0,1,0.0,0.0,1.0,0.0,1.0,1,15,1.0,0.0,0.53,0.0,0.0,0.0,1,26306.0
22,9,337,1158,0,1,17,0.0,0.0,1.0,0.0,0.11,242,255,1.0,0.0,0.01,0.0,0.0,0.0,0,79364.0
56,2,0,0,0,0,215,0.0,0.0,0.04,0.07,0.0,255,8,0.03,0.08,0.0,0.0,0.0,1.0,1,70874.0
13,9,8,0,0,0,1,0.0,0.0,1.0,0.0,1.0,2,66,1.0,0.0,0.5,0.0,0.0,0.0,1,32412.0
44,9,28,0,3,0,3,0.0,0.0,1.0,0.0,0.0,255,3,0.01,0.02,0.0,0.0,0.0,0.0,1,45351.0
22,9,316,2472,0,1,6,0.0,0.0,1.0,0.0,0.0,47,255,1.0,0.0,0.03,0.0,0.01,0.0,0,54861.0
15,5,0,0,0,0,142,1.0,1.0,0.03,0.06,0.0,255,1,0.0,0.06,0.0,1.0,1.0,0.0,1,52238.0
44,4,0,0,0,0,331,0.0,0.0,0.01,0.52,0.0,255,2,0.01,0.52,0.0,0.0,0.0,1.0,1,113811.0
22,9,204,4624,0,1,36,0.0,0.0,1.0,0.0,0.0,255,255,1.0,0.0,0.0,0.0,0.0,0.0,0,59904.0
44,5,0,0,0,0,39,1.0,1.0,0.49,0.08,0.0,255,19,0.07,0.07,0.0,1.0,1.0,0.0,1,77040.0
19,9,26408,0,0,1,8,0.0,0.0,1.0,0.0,0.0,255,53,0.21,0.05,0.0,0.37,0.0,0.0,0,115997.0
22,9,321,2400,0,1,5,0.0,0.0,1.0,0.0,0.0,153,255,1.0,0.0,0.02,0.0,0.0,0.0,0,125906.0
44,1,0,0,0,0,1,0.0,0.0,1.0,0.0,0.0,255,1,0.0,0.24,0.0,0.0,0.0,1.0,1,78036.0
5,1,0,0,0,0,114,0.0,0.0,0.11,0.07,0.0,255,12,0.05,0.06,0.0,0.0,0.0,1.0,1,91902.0
44,5,0,0,0,0,280,1.0,1.0,0.06,0.06,0.0,255,16,0.06,0.06,0.0,1.0,1.0,0.0,1,45593.0
44,5,0,0,0,0,169,1.0,1.0,0.11,0.06,0.0,255,3,0.01,0.07,0.0,1.0,1.0,0.0,1,84697.0
55,5,0,0,0,0,32,0.97,1.0,0.34,0.09,0.0,255,18,0.07,0.06,0.0,1.0,1.0,0.0,1,62097.0
22,9,207,321,0,1,41,0.0,0.0,1.0,0.0,0.04,255,255,1.0,0.0,0.0,0.0,0.0,0.05,0,104134.0
22,9,210,263,0,1,13,0.0,0.0,1.0,0.0,0.21,255,255,1.0,0.0,0.0,0.0,0.0,0.0,0,41759.0
22,9,237,401,0,1,2,0.0,0.0,1.0,0.0,0.0,2,255,1.0,0.0,0.04,0.0,0.0,0.0,0,85172.0
11,9,45,45,0,0,204,0.0,0.0,1.0,0.0,0.0,255,255,1.0,0.0,0.0,0.0,0.0,0.0,0,95665.0
14,9,520,0,0,0,446,0.0,0.0,1.0,0.0,0.0,182,182,1.0,0.0,0.0,0.0,0.0,0.0,1,94646.0
22,9,209,9829,0,1,9,0.0,0.0,1.0,0.0,0.0,27,255,1.0,0.0,0.04,0.0,0.0,0.0,0,86904.0
52,5,0,0,0,0,203,1.0,1.0,0.05,0.06,0.0,255,16,0.06,0.06,0.0,1.0,1.0,0.0,1,110040.0
19,9,59,0,0,1,14,0.0,0.0,1.0,0.0,0.0,255,118,0.46,0.03,0.0,0.01,0.01,0.0,0,114152.0
44,1,0,0,0,0,1,0.0,0.0,1.0,0.0,0.0,37,2,0.03,1.0,1.0,0.0,0.0,1.0,1,125833.0
49,9,1812,334,0,1,1,0.0,0.0,1.0,0.0,0.0,135,173,0.66,0.02,0.01,0.0,0.0,0.0,0,68513.0
42,5,0,0,0,0,267,1.0,1.0,0.07,0.04,0.0,255,20,0.08,0.05,0.0,1.0,1.0,0.0,1,120621.0
44,5,0,0,0,0,94,1.0,1.0,0.09,0.06,0.0,255,6,0.02,0.08,0.0,1.0,1.0,0.0,1,56692.0
49,9,10928,924,0,1,4,0.0,0.0,0.25,0.5,0.0,197,61,0.03,0.01,0.03,0.0,0.0,0.0,0,122025.0
22,9,307,7462,0,1,6,0.0,0.0,1.0,0.0,0.25,6,255,1.0,0.0,0.04,0.0,0.0,0.0,0,91633.0
11,9,45,78,0,0,207,0.0,0.0,1.0,0.01,0.01,255,254,1.0,0.01,0.0,0.0,0.0,0.0,0,122395.0
40,9,147,0,0,0,5,0.0,0.0,0.2,0.6,0.0,255,1,0.0,0.38,0.0,0.0,0.0,0.0,0,72552.0
62,5,0,0,0,0,281,1.0,1.0,0.09,0.05,0.0,255,24,0.09,0.05,0.0,1.0,1.0,0.0,1,78091.0
44,5,0,0,0,0,245,1.0,1.0,0.09,0.06,0.0,255,22,0.09,0.06,0.0,1.0,1.0,0.0,1,94683.0
44,4,0,0,0,0,1,0.0,0.0,1.0,0.0,0.0,255,1,0.0,0.21,0.0,0.0,0.0,1.0,1,36464.0
3,9,10,39,0,0,1,0.0,0.0,1.0,0.0,0.0,221,8,0.04,0.03,0.0,0.0,0.0,0.0,0,32588.0
22,9,280,2021,0,1,2,0.0,0.0,1.0,0.0,0.4,255,255,1.0,0.0,0.0,0.01,0.01,0.0,0,112159.0
22,9,261,805,0,1,8,0.0,0.0,1.0,0.0,0.0,33,255,1.0,0.0,0.06,0.0,0.0,0.0,0,38433.0
19,9,567,0,0,1,1,0.0,0.0,1.0,0.0,0.08,94,1,0.01,0.05,0.0,0.0,0.0,0.0,0,62388.0
22,9,229,4553,0,1,4,0.0,0.0,1.0,0.0,0.0,4,255,1.0,0.0,0.06,0.0,0.0,0.0,0,61367.0
28,5,0,0,0,0,129,1.0,1.0,0.01,0.06,0.0,255,19,0.07,0.07,0.0,1.0,1.0,0.0,1,36419.0
44,1,0,0,0,0,144,0.0,0.0,0.11,0.06,0.0,255,11,0.04,0.07,0.0,0.0,0.0,1.0,1,16290.0
55,5,0,0,0,0,41,1.0,1.0,0.17,0.1,0.0,255,64,0.25,0.03,0.0,1.0,1.0,0.0,1,103939.0
40,9,147,105,0,0,1,0.0,0.0,1.0,0.0,0.0,238,1,0.0,0.45,0.0,0.0,0.0,0.0,0,91155.0
22,9,241,2224,0,1,10,0.0,0.0,1.0,0.0,0.0,200,255,1.0,0.0,0.03,0.0,0.0,0.0,0,66734.0
19,9,383,0,0,1,1,0.0,0.0,1.0,0.0,0.0,17,41,0.47,0.12,0.05,0.0,0.0,0.0,0,19886.0
6,5,0,0,0,0,241,1.0,1.0,0.07,0.07,0.0,255,18,0.07,0.08,0.0,1.0,1.0,0.0,1,119975.0
18,9,681,2077,0,1,1,0.0,0.0,1.0,0.0,0.0,104,9,0.09,0.04,0.0,0.0,0.0,0.0,0,51822.0
19,9,4316,0,0,0,5,0.0,0.0,1.0,0.0,0.0,255,11,0.04,0.07,0.0,0.89,0.0,0.0,0,95220.0
44,5,0,0,0,0,194,1.0,1.0,0.09,0.06,0.0,255,5,0.02,0.09,0.0,1.0,1.0,0.0,1,35046.0
52,5,0,0,0,0,120,1.0,1.0,0.04,0.07,0.0,255,4,0.02,0.06,0.0,1.0,1.0,0.0,1,97570.0
60,5,0,0,0,0,254,1.0,1.0,0.0,0.07,0.0,255,1,0.0,0.08,0.0,1.0,1.0,0.0,1,1273.0
25,5,0,0,0,0,285,1.0,1.0,0.03,0.06,0.0,255,12,0.05,0.07,0.0,1.0,1.0,0.0,1,3219.0
19,9,0,848,0,0,2,0.0,0.0,1.0,0.0,0.0,2,2,1.0,0.0,0.0,0.0,0.0,0.0,0,104915.0
40,1,0,0,0,0,345,0.09,0.0,0.0,1.0,0.0,255,1,0.0,1.0,0.0,0.09,0.0,1.0,1,111758.0
22,9,215,22675,0,1,5,0.0,0.0,1.0,0.0,0.07,5,255,1.0,0.0,0.04,0.0,0.0,0.0,0,121925.0
33,5,0,0,0,0,275,1.0,1.0,0.03,0.06,0.0,255,8,0.03,0.06,0.0,1.0,1.0,0.0,1,78423.0
30,5,0,0,0,0,140,1.0,1.0,0.02,0.05,0.0,255,3,0.01,0.05,0.0,1.0,1.0,0.0,1,1431.0
60,5,0,0,0,0,204,1.0,1.0,0.0,0.07,0.0,255,1,0.0,0.07,0.0,1.0,1.0,0.0,1,97168.0
22,9,250,270,0,1,2,0.0,0.0,1.0,0.0,0.0,255,237,0.93,0.02,0.0,0.01,0.01,0.0,0,21828.0
59,5,0,0,0,0,128,1.0,1.0,0.02,0.07,0.0,255,2,0.01,0.06,0.0,1.0,1.0,0.0,1,15240.0
62,1,0,0,0,0,239,0.0,0.0,0.08,0.06,0.0,255,18,0.07,0.06,0.0,0.0,0.0,1.0,1,48586.0
20,5,0,0,0,0,249,1.0,1.0,0.08,0.06,0.0,255,19,0.07,0.07,0.0,1.0,1.0,0.0,1,33631.0
44,9,1,0,0,0,25,0.0,0.0,0.36,0.12,0.0,255,9,0.04,0.28,0.0,0.0,0.0,0.0,1,61954.0
19,9,26,0,0,1,1,0.0,0.0,1.0,0.0,0.0,255,5,0.02,0.02,0.0,0.0,0.0,0.0,0,38617.0
44,5,0,0,0,0,271,1.0,1.0,0.08,0.05,0.0,255,23,0.09,0.07,0.0,1.0,1.0,0.0,1,116556.0
22,9,330,4509,0,1,4,0.0,0.0,1.0,0.0,0.29,4,255,1.0,0.0,0.03,0.0,0.0,0.0,0,14307.0
44,5,0,0,0,0,241,1.0,1.0,0.05,0.06,0.0,255,11,0.04,0.06,0.0,1.0,1.0,0.0,1,3572.0
22,9,312,31067,0,1,6,0.0,0.0,1.0,0.0,0.0,58,255,1.0,0.0,0.07,0.0,0.0,0.0,0,26982.0
22,9,233,636,0,1,1,0.0,0.0,1.0,0.0,1.0,104,255,1.0,0.0,0.01,0.0,0.01,0.0,0,68152.0
22,9,234,260,0,1,7,0.0,0.0,1.0,0.0,0.33,255,255,1.0,0.0,0.0,0.0,0.0,0.0,0,52988.0
49,6,1153,285,0,1,1,1.0,0.5,1.0,0.0,1.0,53,175,0.75,0.08,0.02,0.02,0.01,0.0,0,47077.0
22,9,195,4768,0,1,2,0.5,0.5,1.0,0.0,0.0,168,255,1.0,0.0,0.01,0.01,0.01,0.0,0,816.0
40,1,0,0,0,0,338,0.09,0.0,0.0,1.0,0.0,255,1,0.0,1.0,0.0,0.09,0.0,1.0,1,27671.0
13,9,8,0,0,0,1,0.0,0.0,1.0,0.0,1.0,1,213,1.0,0.0,0.5,0.0,0.0,0.0,1,13830.0
37,5,0,0,0,0,106,1.0,1.0,0.16,0.06,0.0,255,17,0.07,0.05,0.0,1.0,1.0,0.0,1,3788.0
13,9,8,0,0,0,1,0.0,0.0,1.0,0.0,1.0,2,46,1.0,0.0,0.5,0.0,0.0,0.0,1,51800.0
22,9,212,5534,0,1,3,0.0,0.0,1.0,0.0,0.0,70,255,1.0,0.0,0.05,0.0,0.0,0.0,0,114803.0
44,9,28,0,3,0,11,0.0,0.0,1.0,0.0,0.0,214,11,0.05,0.05,0.0,0.02,0.0,0.0,1,115032.0
11,9,35,91,0,0,1,0.0,0.0,1.0,0.0,0.75,255,249,0.98,0.01,0.0,0.0,0.0,0.0,0,24064.0
14,9,520,0,0,0,441,0.0,0.0,1.0,0.0,0.0,191,191,1.0,0.0,0.0,0.0,0.0,0.0,1,1185.0
44,4,0,0,0,0,1,0.0,0.0,1.0,0.0,0.0,255,1,0.0,0.73,0.0,0.0,0.0,1.0,1,19723.0
55,5,0,0,0,0,22,1.0,1.0,0.18,0.18,0.0,255,62,0.24,0.03,0.0,1.0,1.0,0.0,1,58177.0
11,9,44,44,0,0,151,0.0,0.0,0.99,0.01,0.01,255,254,1.0,0.01,0.0,0.0,0.0,0.0,0,10056.0
44,4,1,0,0,0,2,0.0,0.0,1.0,0.0,0.0,212,2,0.01,0.22,0.0,0.0,0.0,1.0,1,67218.0
22,1,0,0,0,0,296,0.0,0.0,0.06,0.05,0.0,255,19,0.07,0.06,0.0,0.0,0.0,1.0,1,1755.0
44,5,0,0,0,0,156,1.0,1.0,0.03,0.06,0.0,255,16,0.06,0.07,0.0,1.0,1.0,0.0,1,113632.0
33,5,0,0,0,0,103,1.0,1.0,0.03,0.07,0.0,255,3,0.01,0.07,0.0,1.0,1.0,0.0,1,52349.0
11,9,44,113,0,0,9,0.0,0.0,1.0,0.0,0.11,255,251,0.98,0.01,0.0,0.0,0.0,0.0,0,72739.0
58,9,181,0,0,0,2,0.0,0.0,0.5,1.0,0.0,255,22,0.09,0.01,0.0,0.0,0.0,0.0,0,34905.0
14,9,1032,0,0,0,511,0.0,0.0,1.0,0.0,0.0,255,54,0.21,0.2,0.0,0.0,0.0,0.0,1,113238.0
52,2,0,0,0,0,171,0.0,0.0,0.02,0.08,0.0,255,3,0.01,0.08,0.0,0.0,0.0,1.0,1,30975.0
19,9,852,0,0,0,4,0.0,0.0,1.0,0.0,0.0,255,10,0.04,0.07,0.0,0.9,0.0,0.0,0,104930.0
44,5,0,0,0,0,127,1.0,1.0,0.13,0.06,0.0,255,16,0.06,0.06,0.0,1.0,1.0,0.0,1,52278.0
22,9,293,4603,0,1,19,0.0,0.0,1.0,0.0,0.0,56,255,1.0,0.0,0.03,0.0,0.0,0.0,0,43286.0
22,9,238,1378,0,1,8,0.0,0.0,1.0,0.0,0.19,71,255,1.0,0.0,0.03,0.0,0.0,0.0,0,95435.0
44,1,0,0,0,0,82,0.01,0.0,0.01,1.0,0.0,207,1,0.0,0.43,0.0,0.0,0.0,1.0,1,39989.0
22,5,0,0,0,0,19,1.0,1.0,0.32,0.21,0.0,255,8,0.03,0.06,0.0,1.0,1.0,0.0,1,20352.0
44,9,28,0,3,0,7,0.0,0.0,1.0,0.0,0.0,255,74,0.29,0.01,0.0,0.0,0.0,0.0,1,53562.0
44,1,0,0,0,0,183,0.0,0.0,0.06,0.07,0.0,255,11,0.04,0.07,0.0,0.0,0.0,1.0,1,48488.0
22,1,0,0,0,0,1,0.0,0.0,1.0,0.0,0.0,17,255,1.0,0.0,0.07,0.0,0.0,1.0,0,110807.0
44,9,105,146,0,0,3,0.0,0.0,0.33,1.0,0.0,255,238,0.93,0.01,0.0,0.0,0.0,0.0,0,55092.0
44,4,0,0,0,0,1,0.0,0.0,1.0,0.0,0.0,255,1,0.0,0.81,0.0,0.0,0.0,1.0,1,67768.0
44,9,1,0,0,0,10,0.0,0.0,0.3,0.3,0.0,255,3,0.01,0.49,0.0,0.0,0.0,0.0,1,68098.0
44,5,0,0,0,0,209,1.0,1.0,0.08,0.06,0.0,255,17,0.07,0.09,0.0,1.0,1.0,0.0,1,26055.0
4,5,0,0,0,0,124,1.0,1.0,0.02,0.07,0.0,255,2,0.01,0.09,0.0,1.0,1.0,0.0,1,77784.0
22,9,190,622,0,1,1,0.0,0.0,1.0,0.0,1.0,3,255,1.0,0.0,0.04,0.0,0.0,0.0,0,97043.0
10,9,48,483,0,1,11,0.0,0.0,0.09,0.18,0.0,207,1,0.0,0.01,0.0,0.0,0.0,0.0,0,37250.0
19,9,13239,0,0,1,4,0.0,0.0,1.0,0.0,0.0,255,49,0.19,0.05,0.0,0.38,0.0,0.0,0,44887.0
22,9,287,2251,0,1,3,0.0,0.0,1.0,0.0,0.43,8,219,1.0,0.0,0.03,0.0,0.0,0.0,0,12.0
33,5,0,0,0,0,212,1.0,1.0,0.04,0.05,0.0,255,9,0.04,0.06,0.0,1.0,1.0,0.0,1,48109.0
44,5,0,0,0,0,148,1.0,1.0,0.14,0.06,0.0,255,5,0.02,0.08,0.0,1.0,1.0,0.0,1,119807.0
22,9,309,7353,0,1,5,0.0,0.0,1.0,0.0,0.29,255,255,1.0,0.0,0.0,0.0,0.0,0.0,0,93433.0
22,9,208,260,0,1,9,0.0,0.0,1.0,0.0,0.0,50,216,1.0,0.0,0.06,0.0,0.0,0.0,0,44445.0
14,9,1032,0,0,0,474,0.0,0.0,1.0,0.0,0.0,255,255,1.0,0.0,0.0,0.0,0.0,0.0,1,56004.0
22,9,54540,8314,0,1,1,0.0,0.0,1.0,0.0,0.0,91,91,1.0,0.0,0.0,0.0,0.0,0.01,1,42575.0
11,9,46,139,0,0,70,0.0,0.0,0.99,0.03,0.01,255,241,0.95,0.01,0.0,0.0,0.0,0.0,0,123178.0
22,1,0,0,0,0,1,0.0,0.0,1.0,0.0,1.0,75,255,1.0,0.0,0.15,0.0,0.01,0.99,0,90310.0
22,9,230,304,0,1,5,0.0,0.0,1.0,0.0,0.0,255,255,1.0,0.0,0.0,0.0,0.0,0.0,0,96006.0
11,9,34,34,0,0,6,0.0,0.0,0.67,0.5,0.14,120,101,0.84,0.03,0.0,0.0,0.0,0.0,0,32881.0
44,9,1,0,0,0,33,0.0,0.0,0.33,0.09,0.0,255,56,0.22,0.31,0.0,0.1,0.0,0.0,1,16074.0
22,9,270,57,0,1,1,0.0,0.0,1.0,0.0,0.0,22,255,1.0,0.0,0.07,0.0,0.0,0.0,0,17368.0
22,9,191,491,0,1,2,0.0,0.0,1.0,0.0,0.0,4,255,1.0,0.0,0.03,0.0,0.0,0.0,0,21633.0
55,9,301,1293386,0,1,1,0.0,0.0,1.0,0.0,0.0,162,16,0.1,0.02,0.0,0.0,0.0,0.0,0,94312.0
14,9,1032,0,0,0,1,0.0,0.0,1.0,0.0,0.0,146,1,0.01,0.02,0.0,0.0,0.0,0.0,0,30693.0
13,9,8,0,0,0,1,0.0,0.0,1.0,0.0,1.0,2,50,1.0,0.0,0.5,0.0,0.0,0.0,1,113076.0
22,1,0,0,0,0,1,0.0,0.0,1.0,0.0,0.0,5,239,1.0,0.0,0.11,0.0,0.0,1.0,0,116571.0
22,9,316,406,0,1,16,0.0,0.0,1.0,0.0,0.14,255,255,1.0,0.0,0.0,0.0,0.0,0.0,0,88408.0
22,1,0,0,0,0,18,0.0,0.0,1.0,0.0,0.0,36,122,1.0,0.0,0.16,0.0,0.01,0.86,0,5849.0
28,5,0,0,0,0,133,1.0,1.0,0.03,0.06,0.0,255,4,0.02,0.06,0.0,1.0,1.0,0.0,1,88579.0
44,5,0,0,0,0,138,1.0,1.0,0.16,0.05,0.0,255,22,0.09,0.06,0.0,1.0,1.0,0.0,1,38864.0
49,9,1276,329,0,1,1,0.0,0.0,1.0,0.0,1.0,195,125,0.45,0.04,0.02,0.01,0.0,0.0,0,48645.0
22,9,235,1380,0,1,5,0.2,0.2,1.0,0.0,0.0,255,253,0.99,0.01,0.0,0.0,0.0,0.0,0,32458.0
22,9,209,2113,0,1,2,0.0,0.0,1.0,0.0,0.0,255,255,1.0,0.0,0.0,0.0,0.0,0.01,0,121913.0
22,9,172,3935,0,1,1,0.0,0.0,1.0,0.0,0.0,10,255,1.0,0.0,0.05,0.1,0.0,0.0,0,66753.0
49,9,1158,330,0,1,1,0.0,0.0,1.0,0.0,0.0,90,114,0.88,0.03,0.02,0.01,0.01,0.0,0,25486.0
11,9,45,83,0,0,154,0.0,0.0,1.0,0.0,0.0,255,249,0.98,0.01,0.0,0.0,0.0,0.0,0,961.0
22,9,162,3656,0,1,1,0.0,0.0,1.0,0.0,0.0,1,255,1.0,0.0,0.07,0.0,0.0,0.0,0,14850.0
44,1,0,0,0,0,231,0.0,0.0,0.08,0.07,0.0,255,19,0.07,0.07,0.0,0.0,0.0,1.0,1,28815.0
44,5,0,0,0,0,116,1.0,1.0,0.04,0.07,0.0,255,14,0.05,0.06,0.0,1.0,1.0,0.0,1,122070.0
22,9,295,2996,0,1,12,0.0,0.0,1.0,0.0,0.0,255,255,1.0,0.0,0.0,0.0,0.0,0.0,0,17673.0
54,1,0,0,0,0,146,0.0,0.0,0.11,0.06,0.0,255,14,0.05,0.07,0.0,0.0,0.0,1.0,1,79550.0
25,5,0,0,0,0,165,1.0,1.0,0.1,0.07,0.0,255,17,0.07,0.07,0.0,1.0,1.0,0.0,1,115231.0
44,5,0,0,0,0,218,1.0,1.0,0.09,0.06,0.0,255,16,0.06,0.07,0.0,1.0,1.0,0.0,1,58710.0
13,9,8,0,0,0,1,0.0,0.0,1.0,0.0,1.0,1,127,1.0,0.0,0.5,0.0,0.0,0.0,1,112759.0
25,1,0,0,0,0,232,0.0,0.0,0.02,0.07,0.0,255,5,0.02,0.07,0.0,0.0,0.0,1.0,1,16266.0
44,5,0,0,0,0,139,1.0,1.0,0.01,0.06,0.0,255,5,0.02,0.08,0.0,1.0,1.0,0.0,1,34599.0
19,5,0,0,0,0,19,1.0,1.0,0.11,0.21,0.0,255,61,0.24,0.02,0.0,1.0,1.0,0.0,1,120018.0
22,9,257,1942,0,1,11,0.0,0.0,1.0,0.0,0.0,48,255,1.0,0.0,0.03,0.0,0.0,0.0,0,18074.0
44,1,0,0,0,0,271,0.0,0.0,0.04,0.06,0.0,255,11,0.04,0.09,0.0,0.0,0.0,1.0,1,60046.0
22,9,198,10328,0,1,19,0.0,0.0,1.0,0.0,0.0,19,255,1.0,0.0,0.03,0.0,0.0,0.0,0,121397.0
22,9,211,1684,0,1,10,0.0,0.0,1.0,0.0,0.16,255,255,1.0,0.0,0.0,0.0,0.0,0.0,0,80831.0
44,1,0,0,0,0,222,0.04,0.0,0.0,1.0,0.0,255,1,0.0,0.89,0.0,0.04,0.0,1.0,1,16897.0
25,5,0,0,0,0,253,1.0,1.0,0.1,0.05,0.0,255,25,0.1,0.05,0.0,1.0,1.0,0.0,1,46630.0
44,1,0,0,0,0,154,0.0,0.0,0.01,0.07,0.0,255,1,0.0,0.07,0.0,0.0,0.0,1.0,1,480.0
26,1,0,0,0,0,145,0.0,0.0,0.05,0.06,0.0,255,7,0.03,0.06,0.0,0.0,0.0,1.0,1,114164.0
55,9,108,5783,0,1,1,0.0,0.0,1.0,0.0,0.0,64,2,0.03,0.08,0.0,0.0,0.0,0.0,0,74506.0
22,9,221,7483,0,1,21,0.0,0.0,1.0,0.0,0.07,255,255,1.0,0.0,0.0,0.0,0.0,0.0,0,105361.0
22,9,310,2875,0,1,8,0.0,0.0,1.0,0.0,0.0,52,255,1.0,0.0,0.02,0.02,0.0,0.0,0,45919.0
14,9,1032,0,0,0,511,0.0,0.0,1.0,0.0,0.0,255,249,0.98,0.01,0.0,0.0,0.0,0.0,1,67912.0
44,5,0,0,0,0,115,1.0,1.0,0.04,0.06,0.0,255,7,0.03,0.07,0.0,1.0,1.0,0.0,1,45038.0
22,9,223,279,0,1,2,0.0,0.0,1.0,0.0,0.5,123,255,1.0,0.0,0.05,0.0,0.0,0.0,0,78404.0
11,9,45,135,0,0,187,0.0,0.0,1.0,0.0,0.0,255,251,0.98,0.01,0.0,0.0,0.0,0.0,0,48134.0
11,9,44,70,0,0,167,0.0,0.0,1.0,0.0,0.0,255,255,1.0,0.0,0.0,0.0,0.0,0.0,0,9366.0
22,9,209,1093,0,1,15,0.0,0.0,1.0,0.0,0.0,161,255,1.0,0.0,0.01,0.0,0.0,0.0,0,40793.0
44,9,28,0,3,0,55,0.0,0.0,1.0,0.0,0.0,255,55,0.22,0.02,0.0,0.0,0.0,0.0,1,68862.0
8,5,0,0,0,0,106,1.0,1.0,0.16,0.06,0.0,255,6,0.02,0.07,0.0,1.0,1.0,0.0,1,85164.0
19,9,12,0,0,1,1,0.0,0.0,1.0,0.0,0.0,135,81,0.27,0.02,0.02,0.0,0.01,0.0,0,108674.0
49,9,1325,369,0,1,1,0.0,0.0,1.0,0.0,0.0,56,123,0.48,0.05,0.02,0.0,0.16,0.0,0,97586.0
19,9,11376,0,0,1,3,0.0,0.0,1.0,0.0,0.0,63,70,0.21,0.06,0.03,0.0,0.0,0.0,0,119306.0
22,1,0,0,0,0,1,0.0,0.0,1.0,0.0,0.0,15,253,1.0,0.0,0.16,0.0,0.0,0.98,0,117550.0
22,9,225,2239,0,1,6,0.0,0.0,1.0,0.0,0.0,255,246,0.96,0.01,0.0,0.0,0.0,0.0,0,96693.0
22,9,213,1211,0,1,7,0.0,0.0,1.0,0.0,0.0,31,229,1.0,0.0,0.06,0.0,0.0,0.54,0,7549.0
11,9,43,109,0,0,311,0.0,0.0,1.0,0.01,0.0,255,251,0.98,0.01,0.0,0.0,0.0,0.0,0,94370.0
22,9,297,2507,0,1,4,0.0,0.0,1.0,0.0,0.0,255,254,1.0,0.01,0.0,0.0,0.0,0.0,0,52691.0
15,5,0,0,0,0,114,1.0,1.0,0.16,0.05,0.0,255,18,0.07,0.05,0.0,1.0,1.0,0.0,1,49440.0
60,5,0,0,0,0,257,1.0,1.0,0.05,0.06,0.0,255,11,0.04,0.06,0.0,1.0,1.0,0.0,1,104621.0
22,9,213,747,0,1,24,0.0,0.0,1.0,0.0,0.12,54,255,1.0,0.0,0.04,0.0,0.0,0.0,0,79594.0
22,9,336,279,0,1,1,0.0,0.0,1.0,0.0,1.0,15,255,1.0,0.0,0.04,0.0,0.0,0.0,0,56491.0
58,9,78,0,0,0,9,0.0,0.0,0.22,0.22,0.0,255,28,0.11,0.01,0.0,0.0,0.0,0.0,0,47302.0
22,9,216,1519,0,1,9,0.0,0.0,1.0,0.0,0.0,255,255,1.0,0.0,0.0,0.0,0.0,0.0,0,113257.0
40,1,0,0,0,0,509,0.21,0.0,0.0,1.0,0.0,255,1,0.0,1.0,0.0,0.19,0.0,1.0,1,106558.0
44,5,0,0,0,0,252,1.0,1.0,0.01,0.05,0.0,210,3,0.01,0.07,0.0,0.99,1.0,0.0,1,101791.0
32,5,0,0,0,0,227,1.0,1.0,0.02,0.06,0.0,255,18,0.07,0.06,0.0,1.0,1.0,0.0,1,110669.0
22,9,277,1274,0,1,7,0.0,0.0,1.0,0.0,0.2,255,255,1.0,0.0,0.0,0.0,0.0,0.0,0,96727.0
14,9,1032,0,0,0,112,0.0,0.0,1.0,0.0,0.0,255,112,0.44,0.02,0.0,0.0,0.0,0.0,1,2378.0
22,9,447,4058,0,1,20,0.0,0.0,1.0,0.0,0.1,255,255,1.0,0.0,0.0,0.0,0.0,0.0,0,17750.0
44,5,0,0,0,0,233,1.0,1.0,0.07,0.04,0.0,93,17,0.18,0.09,0.0,0.98,1.0,0.0,1,75959.0
39,9,48,48,0,0,1,0.0,0.0,1.0,0.0,0.0,1,3,1.0,0.0,0.67,0.0,0.0,0.0,0,89878.0
44,1,0,0,0,0,2,0.0,0.0,0.5,1.0,0.0,255,1,0.0,0.63,0.0,0.01,0.0,1.0,1,53670.0
22,9,295,1292,0,1,67,0.0,0.0,1.0,0.0,0.03,134,255,1.0,0.0,0.03,0.0,0.0,0.0,0,41833.0
22,9,237,275,0,1,4,0.0,0.0,1.0,0.0,0.0,141,255,1.0,0.0,0.02,0.0,0.0,0.0,0,123354.0
19,9,567,0,0,0,2,0.0,0.0,0.5,1.0,0.0,255,93,0.36,0.04,0.0,0.0,0.01,0.0,0,30964.0
22,9,309,4777,0,1,11,0.0,0.0,1.0,0.0,0.0,255,255,1.0,0.0,0.0,0.0,0.0,0.0,0,38609.0
44,5,0,0,0,0,104,1.0,1.0,0.14,0.07,0.0,255,35,0.14,0.05,0.0,1.0,1.0,0.0,1,65668.0
55,5,0,0,0,0,222,1.0,1.0,0.07,0.06,0.0,255,19,0.07,0.07,0.0,1.0,1.0,0.0,1,66763.0
55,5,0,0,0,0,8,1.0,1.0,1.0,0.0,0.0,90,50,0.56,0.02,0.0,0.98,0.96,0.0,1,110452.0
22,9,318,19444,0,1,7,0.0,0.0,1.0,0.0,0.25,133,255,1.0,0.0,0.02,0.0,0.0,0.0,0,102346.0
22,9,221,2444,0,1,3,0.0,0.0,1.0,0.0,0.0,3,255,1.0,0.0,0.04,0.0,0.0,0.0,0,35884.0
22,9,345,1069,0,1,15,0.0,0.0,1.0,0.0,0.0,255,255,1.0,0.0,0.0,0.0,0.0,0.0,0,15364.0
14,9,520,0,0,0,1,0.0,0.0,1.0,0.0,0.0,1,1,1.0,0.0,0.0,0.0,0.0,0.0,0,26109.0
53,5,0,0,0,0,279,1.0,1.0,0.0,0.05,0.0,255,1,0.0,0.05,0.0,1.0,1.0,0.0,1,47698.0
49,9,547,283,0,1,1,0.0,0.0,1.0,0.0,1.0,197,168,0.72,0.05,0.01,0.01,0.01,0.0,0,46321.0
13,9,8,0,0,0,1,0.0,0.0,1.0,0.0,1.0,2,94,1.0,0.0,0.5,0.0,0.0,0.0,1,75373.0
22,9,204,1106,0,1,10,0.0,0.0,1.0,0.0,0.0,10,255,1.0,0.0,0.02,0.0,0.0,0.0,0,106368.0
60,5,0,0,0,0,234,1.0,1.0,0.06,0.07,0.0,255,14,0.05,0.08,0.0,1.0,1.0,0.0,1,14278.0
22,9,165,657,0,1,1,0.0,0.0,1.0,0.0,0.0,11,255,1.0,0.0,0.07,0.0,0.0,0.0,0,30253.0
14,9,520,0,0,0,268,0.0,0.0,1.0,0.0,0.0,255,255,1.0,0.0,0.0,0.0,0.0,0.0,1,10401.0
22,9,232,774,0,1,15,0.0,0.0,1.0,0.0,0.09,255,255,1.0,0.0,0.0,0.0,0.0,0.0,0,67890.0
22,1,0,0,0,0,2,0.0,0.0,1.0,0.0,0.0,217,255,1.0,0.0,0.02,0.0,0.0,0.36,0,16000.0
61,5,0,0,0,0,75,1.0,1.0,0.09,0.08,0.0,255,13,0.05,0.07,0.0,1.0,1.0,0.0,1,54011.0
44,5,0,0,0,0,92,1.0,1.0,0.16,0.08,0.0,255,1,0.0,0.08,0.0,1.0,1.0,0.0,1,93449.0
22,9,315,392,0,1,7,0.0,0.0,1.0,0.0,0.0,255,255,1.0,0.0,0.0,0.0,0.0,0.0,0,51443.0
22,9,330,7333,0,1,18,0.0,0.0,1.0,0.0,0.0,255,255,1.0,0.0,0.0,0.0,0.0,0.0,0,55764.0
61,5,0,0,0,0,252,1.0,1.0,0.07,0.06,0.0,255,3,0.01,0.09,0.0,1.0,1.0,0.0,1,57518.0
49,9,901,329,0,1,1,0.0,0.0,1.0,0.0,0.0,243,119,0.49,0.03,0.0,0.0,0.0,0.0,0,40020.0
44,1,0,0,0,0,109,0.0,0.0,0.12,0.08,0.0,255,13,0.05,0.08,0.0,0.0,0.0,1.0,1,103364.0
50,5,0,0,0,0,119,1.0,1.0,0.11,0.07,0.0,255,13,0.05,0.08,0.0,1.0,1.0,0.0,1,69033.0
22,9,243,261,0,1,2,0.5,0.33,1.0,0.0,0.67,255,255,1.0,0.0,0.0,0.0,0.0,0.0,0,2458.0
4,5,0,0,0,0,92,1.0,1.0,0.13,0.07,0.0,255,17,0.07,0.07,0.0,1.0,1.0,0.0,1,98907.0
17,5,0,0,0,0,291,1.0,1.0,0.07,0.05,0.0,255,21,0.08,0.05,0.0,1.0,1.0,0.0,1,116083.0
11,9,43,72,0,0,95,0.0,0.0,1.0,0.0,0.02,255,253,0.99,0.01,0.0,0.0,0.0,0.0,0,44310.0
22,9,247,10366,0,1,2,0.0,0.0,1.0,0.0,0.0,125,255,1.0,0.0,0.05,0.0,0.0,0.0,0,12762.0
44,9,28,0,3,0,173,0.58,0.0,0.42,0.04,0.0,255,73,0.29,0.72,0.0,0.09,0.0,0.0,1,97305.0
49,9,976,334,0,1,1,0.0,0.0,1.0,0.0,0.0,83,147,0.45,0.07,0.01,0.0,0.01,0.0,0,15448.0
22,1,0,0,0,0,1,0.0,0.0,1.0,0.0,0.0,55,255,1.0,0.0,0.11,0.0,0.0,0.91,0,80730.0
44,1,0,0,0,0,179,0.02,0.0,0.01,1.0,0.0,255,1,0.0,0.73,0.0,0.01,0.0,1.0,1,98084.0
32,5,0,0,0,0,184,1.0,1.0,0.04,0.07,0.0,255,8,0.03,0.07,0.0,1.0,1.0,0.0,1,23769.0
22,9,280,2446,0,1,22,0.0,0.0,1.0,0.0,0.11,255,255,1.0,0.0,0.0,0.0,0.0,0.0,0,56002.0
44,1,0,0,0,0,377,0.06,0.0,0.0,1.0,0.0,255,1,0.0,1.0,0.0,0.09,0.0,1.0,1,94732.0
22,9,237,2229,0,1,8,0.12,0.12,1.0,0.0,0.0,8,255,1.0,0.0,0.04,0.12,0.01,0.0,0,37033.0
44,9,28,0,3,0,20,0.0,0.0,1.0,0.0,0.0,233,20,0.09,0.7,0.0,0.03,0.0,0.0,1,69897.0
44,5,0,0,0,0,71,1.0,1.0,0.17,0.06,0.0,255,12,0.05,0.05,0.0,1.0,1.0,0.0,1,122984.0
9,5,0,0,0,0,281,1.0,1.0,0.04,0.06,0.0,255,11,0.04,0.08,0.0,1.0,1.0,0.0,1,30268.0
4,5,0,0,0,0,244,1.0,1.0,0.09,0.05,0.0,202,23,0.11,0.06,0.0,0.99,1.0,0.0,1,49671.0
22,9,218,7956,0,1,1,0.0,0.0,1.0,0.0,1.0,18,255,1.0,0.0,0.06,0.0,0.0,0.0,0,83954.0
44,9,1,0,0,0,3,0.0,0.0,1.0,0.0,0.0,255,3,0.01,0.07,0.0,0.0,0.0,0.0,1,63632.0
2,1,0,0,0,0,220,0.0,0.0,0.04,0.07,0.0,255,8,0.03,0.07,0.0,0.0,0.0,1.0,1,3290.0
40,9,1,0,0,0,30,0.0,0.0,0.07,0.2,0.0,255,2,0.01,0.16,0.0,0.0,0.0,0.0,1,107286.0
22,1,0,0,0,0,1,0.0,0.0,1.0,0.0,0.0,9,255,1.0,0.0,0.04,0.11,0.02,0.03,0,16489.0
44,5,0,0,0,0,101,1.0,1.0,0.12,0.08,0.0,255,12,0.05,0.07,0.0,1.0,1.0,0.0,1,21292.0
13,9,18,0,0,0,1,0.0,0.0,1.0,0.0,0.0,4,212,1.0,0.0,0.25,0.0,0.0,0.0,1,99148.0
14,9,1032,0,0,0,194,0.0,0.0,1.0,0.0,0.0,255,255,1.0,0.0,0.0,0.0,0.0,0.0,1,61206.0
22,9,226,190,0,1,1,0.0,0.0,1.0,0.0,0.0,1,41,1.0,0.0,0.12,0.0,0.0,0.0,0,36942.0
44,5,0,0,0,0,80,1.0,1.0,0.2,0.06,0.0,255,16,0.06,0.05,0.0,1.0,1.0,0.0,1,57445.0
44,1,0,0,0,0,98,0.0,0.0,0.08,0.07,0.0,255,20,0.08,0.05,0.0,0.0,0.0,1.0,1,74703.0
13,9,18,0,0,0,1,0.0,0.0,1.0,0.0,0.0,1,71,1.0,0.0,1.0,0.0,0.0,0.0,1,103869.0
22,9,255,7782,0,1,8,0.0,0.0,1.0,0.0,0.0,213,255,1.0,0.0,0.01,0.0,0.0,0.0,0,83675.0
17,5,0,0,0,0,106,1.0,1.0,0.16,0.06,0.0,255,2,0.01,0.07,0.0,1.0,1.0,0.0,1,30047.0
44,10,0,0,0,0,1,1.0,1.0,1.0,0.0,0.0,54,1,0.02,0.81,0.0,0.85,1.0,0.0,1,104694.0
11,9,46,136,0,0,114,0.0,0.0,1.0,0.0,0.0,255,254,1.0,0.01,0.0,0.0,0.0,0.0,0,65962.0
22,9,339,577,0,1,6,0.0,0.0,1.0,0.0,0.29,246,255,1.0,0.0,0.01,0.0,0.0,0.0,0,28229.0
22,5,0,0,0,0,19,0.95,1.0,0.95,0.11,0.0,255,19,0.07,0.06,0.0,1.0,1.0,0.0,1,38938.0
22,9,311,14952,0,1,12,0.0,0.0,1.0,0.0,0.0,118,254,1.0,0.0,0.02,0.0,0.0,0.0,0,51921.0
22,9,323,2592,0,1,31,0.0,0.0,1.0,0.0,0.12,255,255,1.0,0.0,0.0,0.0,0.0,0.0,0,112373.0
22,9,224,1645,0,1,3,0.0,0.0,1.0,0.0,0.0,230,255,1.0,0.0,0.01,0.0,0.0,0.03,0,58275.0
19,9,383,0,0,1,2,0.0,0.0,1.0,0.0,0.0,255,103,0.4,0.03,0.0,0.01,0.01,0.0,0,57820.0
11,9,44,44,0,0,201,0.0,0.0,1.0,0.0,0.0,255,250,0.98,0.01,0.0,0.0,0.0,0.0,0,31987.0
22,9,392,3759,0,1,8,0.0,0.0,1.0,0.0,0.31,48,255,1.0,0.0,0.06,0.0,0.0,0.0,0,67688.0
19,9,2881,0,0,1,2,0.0,0.0,1.0,0.0,0.0,139,23,0.09,0.03,0.09,0.0,0.0,0.0,0,32210.0
22,9,279,1928,0,1,18,0.0,0.0,1.0,0.0,0.09,255,255,1.0,0.0,0.0,0.01,0.01,0.0,0,13566.0
22,9,143,12691,0,1,2,0.0,0.0,1.0,0.0,0.0,2,2,1.0,0.0,0.0,0.0,0.0,0.0,0,37415.0
22,9,296,1913,0,1,3,0.0,0.0,1.0,0.0,0.09,23,30,1.0,0.0,0.07,0.0,0.0,0.0,0,91884.0
55,5,0,0,0,0,270,1.0,1.0,0.01,0.05,0.0,255,4,0.02,0.05,0.0,1.0,1.0,0.0,1,96594.0
22,9,305,1496,0,1,3,0.0,0.0,1.0,0.0,0.0,3,255,1.0,0.0,0.05,0.0,0.0,0.0,0,8423.0
44,5,0,0,0,0,221,1.0,1.0,0.08,0.06,0.0,255,18,0.07,0.05,0.0,1.0,1.0,0.0,1,69152.0
23,1,0,0,0,0,109,0.0,0.0,0.17,0.07,0.0,255,18,0.07,0.07,0.0,0.0,0.0,1.0,1,118422.0
44,1,0,0,0,0,132,0.0,0.0,0.14,0.07,0.0,255,19,0.07,0.07,0.0,0.0,0.0,1.0,1,58806.0
44,5,0,0,0,0,135,1.0,1.0,0.14,0.05,0.0,255,15,0.06,0.07,0.0,1.0,1.0,0.0,1,41621.0
13,9,8,0,0,0,1,0.0,0.0,1.0,0.0,1.0,2,144,1.0,0.0,0.5,0.0,0.0,0.0,1,26153.0
58,9,182,0,0,0,2,0.0,0.0,0.5,1.0,0.0,255,15,0.06,0.01,0.0,0.0,0.0,0.0,0,17956.0
19,5,0,0,0,0,6,1.0,1.0,0.5,0.33,0.0,255,23,0.09,0.07,0.0,1.0,1.0,0.0,1,2383.0
40,1,0,0,0,0,510,0.13,0.0,0.0,1.0,0.0,255,1,0.0,1.0,0.0,0.16,0.0,1.0,1,92869.0
49,9,1163,329,0,1,1,0.0,0.0,1.0,0.0,0.0,94,19,0.2,0.76,0.0,0.0,0.0,0.0,0,98602.0
49,9,1066,286,0,1,2,0.0,0.0,0.5,1.0,0.0,160,144,0.55,0.04,0.01,0.0,0.0,0.0,0,39959.0
60,5,0,0,0,0,217,1.0,1.0,0.07,0.06,0.0,255,15,0.06,0.07,0.0,1.0,1.0,0.0,1,74291.0
22,9,199,181,0,1,7,0.0,0.0,1.0,0.0,0.18,255,255,1.0,0.0,0.0,0.0,0.0,0.0,0,34127.0
44,5,0,0,0,0,147,1.0,1.0,0.1,0.05,0.0,255,7,0.03,0.06,0.0,1.0,1.0,0.0,1,49900.0
19,5,0,0,0,0,60,1.0,1.0,0.2,0.07,0.0,255,52,0.2,0.02,0.0,1.0,1.0,0.0,1,27904.0
22,9,54540,8314,0,1,7,0.0,0.0,1.0,0.0,0.0,11,11,1.0,0.0,0.0,0.0,0.0,0.09,1,62735.0
22,9,295,1688,0,1,2,0.0,0.0,1.0,0.0,0.0,255,255,1.0,0.0,0.0,0.0,0.0,0.0,0,109228.0
9,5,0,0,0,0,116,1.0,1.0,0.09,0.07,0.0,255,11,0.04,0.07,0.0,1.0,1.0,0.0,1,86666.0
49,9,766,329,0,1,1,0.0,0.0,1.0,0.0,1.0,240,154,0.59,0.06,0.01,0.0,0.0,0.0,0,70694.0
22,9,213,3276,0,1,8,0.0,0.0,1.0,0.0,0.0,28,255,1.0,0.0,0.06,0.0,0.0,0.0,0,27660.0
21,5,0,0,0,0,271,1.0,1.0,0.05,0.06,0.0,255,7,0.03,0.07,0.0,1.0,1.0,0.0,1,35279.0
40,9,516,4,0,0,372,0.0,0.0,1.0,0.0,0.0,255,255,1.0,0.0,0.0,0.0,0.0,0.0,0,42332.0
55,2,0,0,0,0,136,0.0,0.0,0.06,0.06,0.0,255,2,0.01,0.06,0.0,0.0,0.0,1.0,1,64901.0
22,9,159,9569,0,1,1,0.0,0.0,1.0,0.0,0.0,21,255,1.0,0.0,0.01,0.0,0.0,0.0,0,119371.0
44,5,0,0,0,0,262,1.0,1.0,0.05,0.06,0.0,255,10,0.04,0.07,0.0,1.0,1.0,0.0,1,9482.0
44,5,0,0,0,0,75,1.0,1.0,0.31,0.05,0.0,255,23,0.09,0.04,0.0,1.0,1.0,0.0,1,80325.0
55,5,0,0,0,0,61,1.0,1.0,0.26,0.07,0.0,255,48,0.19,0.04,0.0,1.0,1.0,0.0,1,69192.0
61,5,0,0,0,0,240,1.0,1.0,0.01,0.07,0.0,255,3,0.01,0.07,0.0,1.0,1.0,0.0,1,63155.0
12,5,0,0,0,0,236,1.0,1.0,0.03,0.06,0.0,255,7,0.03,0.06,0.0,1.0,1.0,0.0,1,64727.0
56,2,0,0,0,0,186,0.0,0.0,0.09,0.06,0.0,255,17,0.07,0.07,0.0,0.0,0.0,1.0,1,1863.0
22,9,278,2774,0,1,15,0.0,0.0,1.0,0.0,0.12,15,255,1.0,0.0,0.05,0.0,0.0,0.0,0,103252.0
53,1,0,0,0,0,2,0.0,0.0,0.5,1.0,0.0,255,1,0.0,1.0,0.0,0.0,0.0,1.0,1,107079.0
6,5,0,0,0,0,231,1.0,1.0,0.02,0.05,0.0,255,4,0.02,0.06,0.0,1.0,1.0,0.0,1,65293.0
22,1,0,0,0,0,1,0.0,0.0,1.0,0.0,0.0,5,255,1.0,0.0,0.24,0.0,0.0,0.94,0,78465.0
11,9,33,33,0,0,2,0.0,0.0,1.0,0.0,0.67,255,255,1.0,0.0,0.0,0.0,0.0,0.0,0,61120.0
22,5,0,0,0,0,48,1.0,1.0,0.33,0.08,0.0,255,65,0.25,0.02,0.0,1.0,1.0,0.0,1,113384.0
22,9,308,1591,0,1,19,0.0,0.0,1.0,0.0,0.1,58,255,1.0,0.0,0.03,0.0,0.0,0.0,0,78544.0
61,1,0,0,0,0,163,0.0,0.0,0.06,0.07,0.0,255,10,0.04,0.07,0.0,0.0,0.0,1.0,1,92308.0
60,5,0,0,0,0,103,1.0,1.0,0.04,0.06,0.0,255,13,0.05,0.07,0.0,1.0,1.0,0.0,1,10602.0
53,5,0,0,0,0,146,1.0,1.0,0.06,0.07,0.0,255,9,0.04,0.06,0.0,1.0,1.0,0.0,1,34771.0
58,9,182,0,0,0,1,0.0,0.0,1.0,0.0,0.0,255,17,0.07,0.01,0.0,0.0,0.0,0.0,0,27890.0
22,9,195,605,0,1,3,0.0,0.0,1.0,0.0,0.5,3,255,1.0,0.0,0.07,0.0,0.0,0.0,0,24779.0
55,9,616,17855,0,1,1,0.0,0.0,1.0,0.0,0.0,255,30,0.12,0.06,0.0,0.72,0.47,0.1,0,60019.0
47,5,0,0,0,0,200,1.0,1.0,0.03,0.07,0.0,255,6,0.02,0.07,0.0,1.0,1.0,0.0,1,17190.0
44,9,1,0,0,0,25,0.0,0.0,0.12,0.32,0.0,255,3,0.01,0.23,0.0,0.0,0.0,0.0,1,76713.0
44,1,0,0,0,0,511,0.11,0.0,0.0,1.0,0.0,255,1,0.0,1.0,0.0,0.1,0.0,1.0,1,119132.0
49,9,865,339,0,1,1,0.0,0.0,1.0,0.0,1.0,205,103,0.37,0.02,0.02,0.0,0.01,0.0,0,31891.0
44,9,1,0,0,0,1,0.0,0.0,1.0,0.0,0.0,255,1,0.0,0.73,0.0,0.03,0.0,0.0,1,11854.0
44,9,1,0,0,0,5,0.0,0.0,1.0,0.0,0.0,255,5,0.02,0.51,0.0,0.0,0.0,0.0,1,93494.0
44,1,0,0,0,0,2,0.0,0.0,0.5,1.0,0.0,255,1,0.0,0.97,0.0,0.0,0.0,1.0,1,107603.0
22,9,201,369,0,1,54,0.0,0.0,1.0,0.0,0.04,255,255,1.0,0.0,0.0,0.0,0.0,0.0,0,120605.0
50,5,0,0,0,0,106,1.0,1.0,0.06,0.07,0.0,255,6,0.02,0.07,0.0,1.0,1.0,0.0,1,29694.0
18,2,0,0,0,0,239,0.0,0.0,0.0,0.07,0.0,255,1,0.0,0.08,0.0,0.0,0.0,1.0,1,24732.0
44,5,0,0,0,0,18,1.0,1.0,1.0,0.0,0.0,255,12,0.05,0.07,0.0,1.0,1.0,0.0,1,62127.0
22,9,311,1164,0,1,2,0.0,0.0,1.0,0.0,0.0,2,255,1.0,0.0,0.04,0.0,0.0,0.0,0,45180.0
40,5,0,0,0,0,511,0.17,1.0,0.0,1.0,0.0,255,1,0.0,1.0,0.0,0.2,1.0,0.0,1,963.0
55,5,0,0,0,0,231,1.0,1.0,0.06,0.06,0.0,255,15,0.06,0.07,0.0,1.0,1.0,0.0,1,35431.0
22,9,220,4123,0,1,6,0.0,0.0,1.0,0.0,0.29,58,255,1.0,0.0,0.03,0.0,0.0,0.0,0,32645.0
44,9,1,0,0,0,26,0.0,0.0,0.38,0.12,0.0,255,10,0.04,0.59,0.0,0.0,0.0,0.0,1,111170.0
22,9,292,12482,0,1,6,0.0,0.0,1.0,0.0,0.0,124,255,1.0,0.0,0.03,0.02,0.01,0.0,0,80167.0
55,9,192,1462,0,1,1,0.0,0.0,1.0,0.0,0.0,187,26,0.14,0.08,0.0,0.01,0.04,0.0,0,100198.0
22,9,149,13023,0,1,5,0.0,0.0,1.0,0.0,0.0,5,255,1.0,0.0,0.01,0.0,0.0,0.0,0,81507.0
59,5,0,0,0,0,80,1.0,1.0,0.01,0.08,0.0,255,1,0.0,0.05,0.0,1.0,1.0,0.0,1,81571.0
44,9,1,0,0,0,24,0.0,0.0,0.08,0.17,0.0,255,2,0.01,0.84,0.0,0.1,0.0,0.0,1,9677.0
13,9,8,0,0,0,1,0.0,0.0,1.0,0.0,1.0,2,26,1.0,0.0,0.27,0.0,0.0,0.0,1,27295.0
22,6,235,28746,0,1,1,1.0,1.0,1.0,0.0,0.0,67,251,1.0,0.0,0.09,0.01,0.0,0.99,0,90127.0
49,9,958,327,0,1,1,0.0,0.0,1.0,0.0,1.0,84,172,0.9,0.04,0.01,0.0,0.0,0.0,0,86503.0
22,9,350,870,0,1,12,0.0,0.0,1.0,0.0,0.12,255,255,1.0,0.0,0.0,0.0,0.0,0.0,0,67797.0
40,9,145,0,0,0,3,0.0,0.0,0.33,0.67,0.0,255,1,0.0,0.51,0.0,0.0,0.0,0.0,0,1788.0
44,5,0,0,0,0,147,1.0,1.0,0.03,0.06,0.0,255,4,0.02,0.07,0.0,1.0,1.0,0.0,1,77927.0
49,9,3665,372,0,1,2,0.0,0.0,1.0,0.0,0.67,31,235,0.97,0.06,0.01,0.0,0.0,0.0,0,93847.0
22,9,199,174,0,1,7,0.0,0.0,1.0,0.0,0.0,71,255,1.0,0.0,0.03,0.0,0.0,0.0,0,36441.0
2,1,0,0,0,0,147,0.0,0.0,0.14,0.06,0.0,255,10,0.04,0.06,0.0,0.0,0.0,1.0,1,44465.0
49,9,2807,339,0,1,1,0.0,0.0,1.0,0.0,1.0,163,156,0.65,0.03,0.01,0.0,0.0,0.0,0,39413.0
59,5,0,0,0,0,150,1.0,1.0,0.13,0.06,0.0,255,15,0.06,0.06,0.0,1.0,1.0,0.0,1,77299.0
22,9,287,5200,0,1,18,0.0,0.0,1.0,0.0,0.0,68,255,1.0,0.0,0.02,0.0,0.0,0.0,0,84640.0
22,9,226,28076,0,1,4,0.0,0.0,1.0,0.0,0.0,103,255,1.0,0.0,0.03,0.0,0.0,0.0,0,26353.0
19,9,12324,0,0,1,2,0.0,0.0,1.0,0.0,0.0,112,101,0.48,0.04,0.02,0.0,0.0,0.0,0,124251.0
44,5,0,0,0,0,248,1.0,1.0,0.08,0.06,0.0,255,19,0.07,0.05,0.0,1.0,1.0,0.0,1,105578.0
19,9,334,0,0,1,1,0.0,0.0,1.0,0.0,0.0,5,39,1.0,0.0,0.05,0.0,0.0,0.0,1,26579.0
44,5,0,0,0,0,112,1.0,1.0,0.02,0.06,0.0,255,17,0.07,0.06,0.0,1.0,1.0,0.0,1,98382.0
13,9,8,0,0,0,1,0.0,0.0,1.0,0.0,1.0,2,118,1.0,0.0,0.5,0.0,0.0,0.0,1,46894.0
22,9,265,309,0,1,29,0.0,0.0,1.0,0.0,0.09,255,255,1.0,0.0,0.0,0.0,0.0,0.0,0,9773.0
40,9,147,105,0,0,2,0.0,0.0,1.0,0.0,0.0,255,2,0.01,0.56,0.0,0.0,0.0,0.0,0,108897.0
11,9,45,75,0,0,73,0.0,0.0,1.0,0.0,0.01,255,218,0.85,0.01,0.0,0.0,0.0,0.0,0,89661.0
22,9,197,2909,0,1,2,0.0,0.0,1.0,0.0,0.16,229,255,1.0,0.0,0.02,0.0,0.0,0.0,0,48652.0
22,9,281,272,0,1,13,0.0,0.0,1.0,0.0,0.0,28,255,1.0,0.0,0.04,0.0,0.0,0.0,0,20860.0
55,5,0,0,0,0,223,1.0,1.0,0.11,0.06,0.0,255,25,0.1,0.07,0.0,1.0,1.0,0.0,1,39428.0
40,5,0,0,0,0,105,1.0,1.0,0.03,0.06,0.0,255,3,0.01,0.06,0.0,1.0,1.0,0.0,1,80697.0
44,5,0,0,0,0,298,1.0,1.0,0.07,0.06,0.0,255,1,0.0,0.09,0.0,1.0,1.0,0.0,1,96956.0
11,9,44,110,0,0,43,0.0,0.0,1.0,0.0,0.02,245,191,0.78,0.01,0.0,0.0,0.0,0.0,0,102639.0
27,5,0,0,0,0,122,1.0,1.0,0.17,0.05,0.0,255,21,0.08,0.05,0.0,1.0,1.0,0.0,1,67161.0
22,9,219,1844,0,1,3,0.0,0.0,1.0,0.0,0.2,255,255,1.0,0.0,0.0,0.0,0.0,0.0,0,54291.0
14,9,1032,0,0,0,510,0.0,0.0,1.0,0.0,0.0,255,221,0.87,0.08,0.0,0.0,0.0,0.0,1,80659.0
49,9,2042,382,0,1,1,0.0,0.0,1.0,0.0,0.0,255,88,0.35,0.28,0.0,0.28,0.0,0.0,0,68181.0
19,9,95,0,0,1,4,0.0,0.0,1.0,0.0,0.0,255,10,0.04,0.07,0.0,0.9,0.0,0.0,0,78157.0
25,1,0,0,0,0,229,0.0,0.0,0.0,0.07,0.0,255,1,0.0,0.08,0.0,0.0,0.0,1.0,1,94690.0
40,1,0,0,0,0,509,0.04,0.0,0.0,1.0,0.0,255,1,0.0,1.0,0.0,0.09,0.0,1.0,1,109117.0
22,9,324,394,0,1,2,0.0,0.0,1.0,0.0,0.67,255,255,1.0,0.0,0.0,0.0,0.0,0.0,0,93144.0
14,9,1480,0,1,0,7,0.0,0.0,1.0,0.0,0.0,255,7,0.03,0.02,0.0,0.0,0.0,0.0,1,121193.0
22,1,0,0,0,0,1,0.0,0.0,1.0,0.0,0.0,5,255,1.0,0.0,0.19,0.0,0.0,0.95,0,27562.0
44,1,0,0,0,0,44,0.02,0.0,0.02,1.0,0.0,255,1,0.0,0.2,0.0,0.0,0.0,1.0,1,75261.0
22,9,220,5167,0,1,8,0.0,0.0,1.0,0.0,0.22,25,255,1.0,0.0,0.02,0.0,0.0,0.0,0,43024.0
11,9,46,157,0,0,23,0.0,0.0,1.0,0.0,0.03,255,189,0.74,0.02,0.0,0.0,0.0,0.0,0,116963.0
22,6,270,23360,0,1,5,0.2,0.2,1.0,0.0,0.0,255,255,1.0,0.0,0.0,0.0,0.0,0.0,0,92272.0
49,5,0,0,0,0,2,0.5,0.5,1.0,0.0,0.0,255,109,0.43,0.07,0.0,0.0,0.01,0.0,1,5634.0
3,9,14,39,0,1,1,0.0,0.0,1.0,0.0,0.0,35,2,0.03,0.11,1.0,0.0,0.0,0.0,0,47009.0
44,5,0,0,0,0,287,1.0,1.0,0.07,0.05,0.0,255,19,0.07,0.08,0.0,1.0,1.0,0.0,1,120961.0
22,9,326,398,0,1,20,0.0,0.0,1.0,0.0,0.0,255,255,1.0,0.0,0.0,0.0,0.0,0.0,0,49874.0
44,9,1,0,0,0,17,0.0,0.0,0.12,0.24,0.0,255,46,0.18,0.29,0.0,0.0,0.0,0.0,1,21094.0
49,9,2223,365,0,1,1,0.0,0.0,1.0,0.0,1.0,98,188,0.95,0.03,0.01,0.0,0.0,0.0,0,54867.0
22,9,254,732,0,1,4,0.0,0.0,1.0,0.0,0.0,53,255,1.0,0.0,0.01,0.0,0.0,0.0,0,31820.0
11,9,44,138,0,0,1,0.0,0.0,1.0,0.0,0.67,255,245,0.96,0.01,0.0,0.0,0.0,0.0,0,47003.0
22,9,234,3248,0,1,40,0.0,0.0,1.0,0.0,0.1,255,255,1.0,0.0,0.0,0.0,0.0,0.01,0,116390.0
20,5,0,0,0,0,253,1.0,1.0,0.08,0.06,0.0,255,19,0.07,0.07,0.0,1.0,1.0,0.0,1,70991.0
22,9,220,2486,0,1,15,0.0,0.0,1.0,0.0,0.0,255,255,1.0,0.0,0.0,0.0,0.0,0.0,0,114026.0
11,9,45,127,0,0,79,0.0,0.0,1.0,0.0,0.01,255,254,1.0,0.01,0.0,0.0,0.0,0.0,0,9772.0
44,5,0,0,0,0,228,1.0,1.0,0.0,0.05,0.0,255,1,0.0,0.06,0.0,1.0,1.0,0.0,1,66312.0
44,1,0,0,0,0,404,0.0,0.0,0.0,0.52,0.0,255,1,0.0,0.52,0.0,0.0,0.0,1.0,1,12704.0
11,9,91,0,0,0,2,0.0,0.0,1.0,0.0,0.0,178,121,0.68,0.01,0.0,0.0,0.0,0.0,0,18787.0
22,1,0,0,0,0,1,0.0,0.0,1.0,0.0,0.0,11,255,1.0,0.0,0.25,0.0,0.0,1.0,0,121323.0
44,5,0,0,0,0,209,1.0,1.0,0.04,0.06,0.0,255,9,0.04,0.07,0.0,1.0,1.0,0.0,1,66610.0
44,5,0,0,0,0,229,1.0,1.0,0.01,0.06,0.0,255,5,0.02,0.09,0.0,1.0,1.0,0.0,1,20958.0
13,9,30,0,0,0,1,0.0,0.0,1.0,0.0,0.0,85,131,1.0,0.0,0.18,0.0,0.0,0.0,0,116656.0
22,5,0,0,0,0,262,1.0,1.0,0.09,0.05,0.0,255,24,0.09,0.05,0.0,1.0,1.0,0.0,1,125837.0
44,1,0,0,0,0,64,0.11,0.0,0.02,1.0,0.0,255,1,0.0,0.53,0.0,0.03,0.0,1.0,1,8184.0
11,9,46,133,0,0,74,0.0,0.0,0.99,0.03,0.01,255,254,1.0,0.01,0.0,0.0,0.0,0.0,0,57024.0
19,9,383,0,0,1,2,0.0,0.0,1.0,0.0,0.0,93,50,0.1,0.03,0.06,0.0,0.0,0.0,0,99131.0
22,9,417,3294,0,1,17,0.0,0.0,1.0,0.0,0.0,143,247,1.0,0.0,0.11,0.0,0.0,0.47,0,19767.0
49,9,1102,335,0,1,25,0.0,0.0,0.04,0.08,0.0,150,125,0.46,0.04,0.02,0.0,0.0,0.0,0,20411.0
22,9,223,1538,0,1,21,0.0,0.0,1.0,0.0,0.09,255,255,1.0,0.0,0.0,0.0,0.0,0.0,0,113837.0
22,9,280,430,0,1,2,0.0,0.0,1.0,0.0,0.27,2,255,1.0,0.0,0.01,0.0,0.0,0.0,0,71505.0
18,2,0,0,0,0,1,0.0,0.0,1.0,0.0,0.0,199,39,0.2,0.03,0.0,0.0,0.0,0.1,1,109455.0
29,5,0,0,0,0,202,1.0,1.0,0.05,0.05,0.0,255,10,0.04,0.05,0.0,1.0,1.0,0.0,1,79566.0
37,1,0,0,0,0,142,0.0,0.0,0.14,0.06,0.0,255,20,0.08,0.05,0.0,0.0,0.0,1.0,1,113931.0
44,9,28,0,3,0,37,0.0,0.0,1.0,0.0,0.0,255,137,0.54,0.47,0.0,0.09,0.0,0.0,1,80766.0
6,5,0,0,0,0,126,1.0,1.0,0.03,0.05,0.0,255,4,0.02,0.05,0.0,1.0,1.0,0.0,1,51202.0
16,5,0,0,0,0,31,1.0,1.0,0.29,0.1,0.0,255,9,0.04,0.07,0.0,1.0,1.0,0.0,1,47068.0
49,9,131,247,0,1,1,0.0,0.0,1.0,0.0,0.0,118,64,0.13,0.6,0.03,0.01,0.0,0.0,0,118485.0
22,9,309,2698,0,1,1,0.0,0.0,1.0,0.0,0.0,255,239,0.94,0.02,0.0,0.0,0.0,0.0,0,65332.0
11,9,43,126,0,0,119,0.0,0.0,1.0,0.0,0.02,255,254,1.0,0.01,0.0,0.0,0.0,0.0,0,63198.0
49,9,1350,328,0,1,2,0.0,0.0,0.5,1.0,0.0,116,66,0.57,0.04,0.0,0.02,0.02,0.0,0,38788.0
22,9,232,2431,0,1,3,0.0,0.0,1.0,0.0,0.0,18,255,1.0,0.0,0.06,0.0,0.0,0.0,0,74314.0
61,5,0,0,0,0,76,1.0,1.0,0.11,0.08,0.0,255,3,0.01,0.07,0.0,1.0,1.0,0.0,1,108153.0
22,9,213,620,0,1,16,0.0,0.0,1.0,0.0,0.0,50,255,1.0,0.0,0.07,0.0,0.0,0.0,0,5287.0
56,5,0,0,0,0,8,1.0,1.0,0.5,0.38,0.0,255,10,0.04,0.08,0.0,1.0,1.0,0.0,1,8505.0
11,9,41,71,0,0,153,0.0,0.0,1.0,0.0,0.0,255,166,0.65,0.01,0.0,0.0,0.0,0.0,0,65598.0
44,10,0,0,0,0,1,1.0,1.0,1.0,0.0,0.0,97,1,0.01,0.9,0.0,0.92,1.0,0.0,1,90449.0
40,9,516,4,0,0,167,0.0,0.0,1.0,0.0,0.0,167,167,1.0,0.0,0.0,0.0,0.0,0.0,0,99249.0
40,1,0,0,0,0,511,0.12,0.0,0.0,1.0,0.0,255,1,0.0,1.0,0.0,0.16,0.0,1.0,1,123115.0
25,5,0,0,0,0,298,1.0,1.0,0.05,0.05,0.0,255,14,0.05,0.07,0.0,1.0,1.0,0.0,1,94330.0
44,1,0,0,0,0,123,0.0,0.0,0.15,0.06,0.0,255,18,0.07,0.07,0.0,0.0,0.0,1.0,1,112313.0
44,1,0,0,0,0,159,0.0,0.0,0.06,0.08,0.0,255,10,0.04,0.07,0.0,0.0,0.0,1.0,1,89601.0
2,5,0,0,0,0,273,1.0,1.0,0.03,0.06,0.0,255,18,0.07,0.07,0.0,1.0,1.0,0.0,1,108393.0
49,9,852,393,0,1,1,0.0,0.0,1.0,0.0,0.0,255,19,0.07,0.07,0.0,0.0,0.0,0.0,0,107983.0
11,9,46,75,0,0,220,0.0,0.0,1.0,0.01,0.0,255,241,0.95,0.02,0.0,0.0,0.0,0.0,0,88681.0
22,9,335,353,0,1,33,0.0,0.0,1.0,0.0,0.05,255,255,1.0,0.0,0.0,0.0,0.0,0.0,0,66407.0
44,5,0,0,0,0,99,0.99,1.0,0.02,0.09,0.0,255,2,0.01,0.06,0.0,1.0,1.0,0.0,1,20529.0
49,9,1363,330,0,1,1,0.0,0.0,1.0,0.0,0.0,117,192,0.77,0.03,0.01,0.0,0.0,0.0,0,32582.0
22,9,332,837,0,1,12,0.0,0.0,1.0,0.0,0.0,255,255,1.0,0.0,0.0,0.0,0.0,0.0,0,46249.0
11,9,44,127,0,0,272,0.0,0.0,1.0,0.0,0.0,255,251,0.98,0.01,0.0,0.0,0.0,0.0,0,29573.0
22,9,315,263,0,1,21,0.0,0.0,1.0,0.0,0.09,255,255,1.0,0.0,0.0,0.0,0.0,0.0,0,46032.0
19,9,334,0,0,1,1,0.0,0.0,1.0,0.0,0.0,5,9,1.0,0.0,0.33,0.0,0.0,0.0,1,45528.0
44,9,207,0,0,0,2,0.0,0.0,1.0,0.0,0.0,102,86,0.84,0.02,0.0,0.0,0.0,0.0,1,8722.0
44,5,0,0,0,0,242,1.0,1.0,0.02,0.07,0.0,255,6,0.02,0.06,0.0,1.0,1.0,0.0,1,27946.0
19,9,1363,0,0,0,17,0.0,0.0,1.0,0.0,0.0,202,93,0.46,0.03,0.0,0.0,0.0,0.0,0,113537.0
22,9,233,1690,0,1,1,0.0,0.0,1.0,0.0,0.43,1,255,1.0,0.0,0.05,0.0,0.0,0.0,0,11893.0
40,9,146,105,0,0,2,0.0,0.0,1.0,0.0,0.0,255,2,0.01,0.83,0.0,0.0,0.0,0.0,0,57004.0
22,9,322,271,0,1,9,0.0,0.0,1.0,0.0,0.0,14,14,1.0,0.0,0.0,0.0,0.0,0.0,0,50556.0
13,9,8,0,0,0,1,0.0,0.0,1.0,0.0,1.0,1,165,1.0,0.0,0.5,0.0,0.0,0.0,1,68933.0
22,9,304,2264,0,1,3,0.33,0.25,1.0,0.0,0.5,3,252,1.0,0.0,0.08,0.33,0.01,0.0,0,47286.0
56,5,0,0,0,0,225,1.0,1.0,0.01,0.06,0.0,255,14,0.05,0.06,0.0,1.0,1.0,0.0,1,86991.0
19,9,884,0,0,1,1,0.0,0.0,1.0,0.0,0.0,255,57,0.22,0.02,0.0,0.0,0.0,0.0,0,64869.0
15,4,0,0,0,0,1,0.0,0.0,1.0,0.0,0.0,255,1,0.0,1.0,0.0,0.0,0.0,1.0,1,88172.0
6,1,0,0,0,0,224,0.0,0.0,0.0,0.52,0.0,255,1,0.0,0.46,0.0,0.0,0.0,1.0,1,60044.0
18,2,0,0,0,0,148,0.0,0.0,0.13,0.06,0.0,255,13,0.05,0.06,0.0,0.0,0.0,1.0,1,103307.0
22,9,204,6669,0,1,4,0.0,0.0,1.0,0.0,0.0,26,255,1.0,0.0,0.01,0.0,0.01,0.0,0,113969.0
22,9,237,1408,0,1,6,0.0,0.0,1.0,0.0,0.18,140,255,1.0,0.0,0.02,0.0,0.0,0.0,0,36514.0
59,5,0,0,0,0,135,1.0,1.0,0.04,0.06,0.0,255,6,0.02,0.06,0.0,1.0,1.0,0.0,1,56419.0
22,9,267,1423,0,1,1,0.0,0.0,1.0,0.0,0.11,255,227,0.89,0.01,0.0,0.0,0.0,0.0,0,32027.0
44,4,0,0,0,0,1,0.0,0.0,1.0,0.0,0.0,140,1,0.01,0.66,0.0,0.04,0.0,1.0,1,82470.0
44,1,0,0,0,0,91,0.08,0.0,0.01,1.0,0.0,255,1,0.0,0.63,0.0,0.03,0.0,1.0,1,12195.0
7,5,0,0,0,0,234,1.0,1.0,0.07,0.06,0.0,255,16,0.06,0.07,0.0,1.0,1.0,0.0,1,8791.0
18,9,1494,4152,0,1,1,0.0,0.0,1.0,0.0,0.0,106,24,0.23,0.05,0.0,0.0,0.0,0.04,0,113264.0
60,5,0,0,0,0,117,1.0,1.0,0.15,0.05,0.0,255,9,0.04,0.07,0.0,1.0,1.0,0.0,1,11384.0
5,5,0,0,0,0,128,1.0,1.0,0.01,0.06,0.0,255,1,0.0,0.06,0.0,1.0,1.0,0.0,1,11388.0
44,1,0,0,0,0,138,0.0,0.0,0.07,0.06,0.0,255,3,0.01,0.07,0.0,0.0,0.0,1.0,1,21428.0
55,9,174,3333,0,1,1,0.0,0.0,1.0,0.0,0.0,215,19,0.09,0.02,0.0,0.0,0.0,0.11,0,11208.0
19,9,3775,0,0,0,22,0.0,0.0,1.0,0.0,0.0,133,104,0.62,0.02,0.02,0.0,0.0,0.0,0,117783.0
44,1,0,0,0,0,96,0.0,0.0,0.17,0.06,0.0,255,16,0.06,0.06,0.0,0.0,0.0,1.0,1,37956.0
44,5,0,0,0,0,200,1.0,1.0,0.09,0.05,0.0,255,17,0.07,0.08,0.0,1.0,1.0,0.0,1,70749.0
22,9,241,1071,0,1,7,0.0,0.0,1.0,0.0,0.0,32,255,1.0,0.0,0.05,0.0,0.0,0.0,0,7632.0
44,5,0,0,0,0,212,1.0,1.0,0.06,0.05,0.0,255,13,0.05,0.07,0.0,1.0,1.0,0.0,1,58673.0
13,9,30,0,0,0,1,0.0,0.0,1.0,0.0,0.0,44,90,0.98,0.05,0.28,0.0,0.0,0.0,0,2151.0
19,9,59,0,0,1,19,0.0,0.0,1.0,0.0,0.1,255,101,0.4,0.02,0.0,0.0,0.0,0.0,0,122553.0
22,9,306,2063,0,1,2,0.0,0.0,1.0,0.0,0.29,255,255,1.0,0.0,0.0,0.0,0.0,0.0,0,45775.0
22,9,54540,8314,0,1,4,0.0,0.0,1.0,0.0,0.4,255,255,1.0,0.0,0.0,0.0,0.0,0.04,1,53114.0
22,9,244,390,0,1,25,0.0,0.0,1.0,0.0,0.0,255,255,1.0,0.0,0.0,0.0,0.0,0.0,0,85290.0
22,9,187,2025,0,1,14,0.0,0.0,1.0,0.0,0.14,68,255,1.0,0.0,0.02,0.0,0.0,0.0,0,73275.0
28,5,0,0,0,0,141,1.0,1.0,0.06,0.06,0.0,255,17,0.07,0.06,0.0,1.0,1.0,0.0,1,53164.0
44,1,0,0,0,0,96,0.0,0.0,0.16,0.07,0.0,255,15,0.06,0.08,0.0,0.0,0.0,1.0,1,27810.0
44,5,0,0,0,0,224,1.0,1.0,0.08,0.06,0.0,255,5,0.02,0.07,0.0,1.0,1.0,0.0,1,71234.0
49,9,2266,326,0,1,1,0.0,0.0,1.0,0.0,0.0,203,111,0.55,0.01,0.0,0.0,0.0,0.0,0,50638.0
44,5,0,0,0,0,174,1.0,1.0,0.11,0.06,0.0,255,1,0.0,0.08,0.0,1.0,1.0,0.0,1,19331.0
22,9,340,310,0,1,5,0.0,0.0,1.0,0.0,0.0,174,255,1.0,0.0,0.01,0.0,0.0,0.0,0,37244.0
22,9,307,863,0,1,11,0.0,0.0,1.0,0.0,0.0,236,255,1.0,0.0,0.01,0.0,0.0,0.0,0,18791.0
13,9,8,0,0,0,1,0.0,0.0,1.0,0.0,1.0,1,91,1.0,0.0,0.51,0.0,0.0,0.0,1,94891.0
18,2,0,61,0,0,1,0.0,0.0,1.0,0.0,0.0,2,2,0.5,1.0,1.0,0.0,0.0,1.0,1,12649.0
6,5,0,0,0,0,232,1.0,1.0,0.0,0.07,0.0,255,1,0.0,0.08,0.0,1.0,1.0,0.0,1,36575.0
17,5,0,0,0,0,76,0.99,1.0,0.26,0.07,0.0,255,38,0.15,0.05,0.0,1.0,1.0,0.0,1,74998.0
22,9,214,1842,0,1,6,0.0,0.0,1.0,0.0,0.0,42,255,1.0,0.0,0.05,0.0,0.0,0.0,0,104780.0
7,5,0,0,0,0,211,1.0,1.0,0.08,0.06,0.0,255,9,0.04,0.07,0.0,1.0,1.0,0.0,1,34972.0
11,9,46,131,0,0,307,0.0,0.0,1.0,0.01,0.0,255,251,0.98,0.01,0.0,0.0,0.0,0.0,0,74667.0
11,9,44,135,0,0,67,0.0,0.0,1.0,0.0,0.01,255,254,1.0,0.01,0.0,0.0,0.0,0.0,0,11351.0
19,9,2194619,0,0,0,2,0.0,0.0,1.0,0.0,0.0,218,45,0.13,0.01,0.04,0.0,0.0,0.0,0,118831.0
22,9,339,5530,0,1,1,0.0,0.0,1.0,0.0,1.0,1,255,1.0,0.0,0.02,0.0,0.0,0.0,0,61949.0
44,5,0,0,0,0,216,1.0,1.0,0.09,0.07,0.0,255,20,0.08,0.09,0.0,1.0,1.0,0.0,1,91466.0
44,9,215,0,0,0,1,0.0,0.0,1.0,0.0,0.0,105,89,0.85,0.02,0.0,0.0,0.0,0.0,1,104513.0
22,9,240,7169,0,1,11,0.0,0.0,1.0,0.0,0.0,111,255,1.0,0.0,0.03,0.0,0.0,0.0,0,33050.0
23,5,0,0,0,0,144,1.0,1.0,0.03,0.06,0.0,255,4,0.02,0.07,0.0,1.0,1.0,0.0,1,29973.0
11,9,45,69,0,0,142,0.0,0.0,1.0,0.0,0.02,255,226,0.89,0.01,0.0,0.0,0.0,0.0,0,73576.0
55,9,654,21094,0,1,1,0.0,0.0,1.0,0.0,0.0,255,3,0.01,0.06,0.0,0.95,0.0,0.0,0,47806.0
22,9,244,1601,0,1,5,0.0,0.0,1.0,0.0,0.0,255,255,1.0,0.0,0.0,0.0,0.0,0.0,0,27476.0
5,5,0,0,0,0,109,1.0,1.0,0.01,0.06,0.0,255,1,0.0,0.05,0.0,1.0,1.0,0.0,1,19983.0
22,9,216,2411,0,1,1,0.0,0.0,1.0,0.0,0.0,187,255,1.0,0.0,0.03,0.0,0.0,0.0,0,11016.0
11,9,44,113,0,0,1,0.0,0.0,1.0,0.0,0.75,31,28,0.9,0.06,0.0,0.0,0.0,0.0,0,50358.0
7,5,0,0,0,0,223,1.0,1.0,0.05,0.06,0.0,255,11,0.04,0.08,0.0,1.0,1.0,0.0,1,22489.0
44,4,0,0,0,0,1,0.0,0.0,1.0,0.0,0.0,255,1,0.0,0.81,0.0,0.0,0.0,1.0,1,47634.0
22,9,273,10405,0,1,12,0.0,0.0,1.0,0.0,0.0,12,255,1.0,0.0,0.03,0.0,0.0,0.0,0,114829.0
44,5,0,0,0,0,225,1.0,1.0,0.07,0.06,0.0,255,15,0.06,0.07,0.0,1.0,1.0,0.0,1,104677.0
38,2,0,0,0,0,298,0.0,0.0,0.07,0.06,0.0,255,20,0.08,0.07,0.0,0.0,0.0,1.0,1,25030.0
44,1,0,0,0,0,156,0.04,0.0,0.01,0.99,0.0,255,1,0.0,0.62,0.0,0.02,0.0,1.0,1,73411.0
44,9,1,0,0,0,39,0.0,0.0,0.51,0.13,0.0,255,20,0.08,0.27,0.0,0.0,0.0,0.0,1,65978.0
57,9,36,0,0,0,1,0.0,0.0,1.0,0.0,0.0,73,10,0.14,0.07,0.0,0.0,0.0,0.0,0,14140.0
22,9,204,15189,0,1,3,0.0,0.0,1.0,0.0,0.25,3,255,1.0,0.0,0.07,0.0,0.0,0.0,0,67110.0
22,1,0,0,0,0,228,0.0,0.0,0.02,0.07,0.0,255,5,0.02,0.07,0.0,0.0,0.0,1.0,1,22205.0
44,9,105,146,0,0,8,0.0,0.0,0.12,0.38,0.0,255,230,0.9,0.01,0.0,0.0,0.0,0.0,0,36034.0
11,9,34,0,0,0,1,0.0,0.0,1.0,0.0,0.75,57,30,0.16,0.07,0.07,0.0,0.0,0.0,0,29400.0
44,5,0,0,0,0,210,1.0,1.0,0.05,0.06,0.0,255,7,0.03,0.07,0.0,1.0,1.0,0.0,1,58575.0
13,9,30,0,0,0,1,0.0,0.0,1.0,0.0,0.0,76,131,1.0,0.0,0.22,0.0,0.0,0.0,0,68090.0
40,1,0,0,0,0,511,0.14,0.0,0.0,1.0,0.0,255,1,0.0,1.0,0.0,0.03,0.0,1.0,1,15922.0
11,9,46,72,0,0,107,0.0,0.0,1.0,0.0,0.03,255,229,0.9,0.01,0.0,0.0,0.0,0.0,0,2225.0
22,9,354,421,0,1,11,0.0,0.0,1.0,0.0,0.29,138,255,1.0,0.0,0.02,0.0,0.0,0.03,0,86064.0
22,9,279,15203,0,1,1,0.0,0.0,1.0,0.0,0.5,44,255,1.0,0.0,0.02,0.0,0.0,0.0,0,119042.0
22,9,351,442,0,1,30,0.0,0.0,1.0,0.0,0.0,255,255,1.0,0.0,0.0,0.0,0.0,0.0,0,58450.0
56,5,0,0,0,0,228,1.0,1.0,0.03,0.07,0.0,255,6,0.02,0.07,0.0,1.0,1.0,0.0,1,54096.0
13,9,18,0,0,0,1,0.0,0.0,1.0,0.0,0.0,4,144,1.0,0.0,0.25,0.0,0.0,0.0,1,61303.0
13,9,8,0,0,0,1,0.0,0.0,1.0,0.0,1.0,4,61,1.0,0.0,0.26,0.0,0.0,0.0,1,9315.0
13,9,8,0,0,0,1,0.0,0.0,1.0,0.0,1.0,1,151,1.0,0.0,0.5,0.0,0.0,0.0,1,58414.0
40,1,0,0,0,0,403,0.07,0.0,0.0,1.0,0.0,255,1,0.0,1.0,0.0,0.08,0.0,1.0,1,62993.0
44,5,0,0,0,0,183,1.0,1.0,0.14,0.05,0.0,255,25,0.1,0.06,0.0,1.0,1.0,0.0,1,96860.0
55,5,0,0,0,0,58,1.0,1.0,0.19,0.07,0.0,255,53,0.21,0.03,0.0,1.0,1.0,0.0,1,40709.0
19,9,12,0,0,1,1,0.0,0.0,1.0,0.0,0.0,149,74,0.23,0.02,0.03,0.0,0.0,0.0,0,13285.0
37,5,0,0,0,0,253,1.0,1.0,0.09,0.05,0.0,255,24,0.09,0.05,0.0,1.0,1.0,0.0,1,24890.0
55,9,634,21494,0,1,1,0.0,0.0,1.0,0.0,0.0,48,8,0.17,0.1,0.0,0.04,0.12,0.0,0,54965.0
49,9,1305,331,0,1,1,0.0,0.0,1.0,0.0,1.0,122,134,0.56,0.03,0.01,0.0,0.0,0.0,0,25920.0
17,5,0,0,0,0,41,0.95,1.0,0.46,0.1,0.0,255,19,0.07,0.06,0.0,1.0,1.0,0.0,1,103293.0
19,9,501760,0,0,1,1,0.0,0.0,1.0,0.0,0.0,42,55,0.76,0.05,0.04,0.0,0.0,0.0,0,74645.0
22,9,291,1096,0,1,6,0.0,0.0,1.0,0.0,0.29,6,255,1.0,0.0,0.04,0.0,0.0,0.0,0,63541.0
6,5,0,0,0,0,254,1.0,1.0,0.09,0.05,0.0,255,23,0.09,0.05,0.0,1.0,1.0,0.0,1,125245.0
22,9,156,876,0,1,1,0.0,0.0,1.0,0.0,0.0,36,241,1.0,0.0,0.05,0.0,0.0,0.0,0,12710.0
22,9,54540,8314,0,1,4,0.0,0.0,0.75,0.5,0.0,65,65,1.0,0.0,0.0,0.0,0.0,0.03,1,32744.0
18,9,1064,2284,0,1,1,0.0,0.0,1.0,0.0,0.0,255,25,0.1,0.02,0.0,0.12,0.0,0.0,1,78139.0
49,9,1562,331,0,1,2,0.0,0.0,1.0,0.0,0.67,244,171,0.67,0.03,0.01,0.0,0.0,0.0,0,44430.0
22,9,321,6310,0,1,5,0.0,0.0,1.0,0.0,0.27,5,230,1.0,0.0,0.03,0.0,0.0,0.0,0,76909.0
25,5,0,0,0,0,260,1.0,1.0,0.08,0.06,0.0,255,19,0.07,0.06,0.0,1.0,1.0,0.0,1,112145.0
19,9,246,0,0,1,2,0.0,0.0,0.5,1.0,0.0,255,83,0.33,0.07,0.0,0.02,0.05,0.0,0,6477.0
22,9,329,1179,0,1,8,0.0,0.0,1.0,0.0,0.0,24,24,1.0,0.0,0.0,0.0,0.0,0.0,0,10329.0
22,9,320,6032,0,1,12,0.0,0.0,1.0,0.0,0.19,255,255,1.0,0.0,0.0,0.0,0.0,0.0,0,42205.0
14,9,1032,0,0,0,331,0.0,0.0,1.0,0.0,0.0,255,255,1.0,0.0,0.0,0.0,0.0,0.0,1,96057.0
22,9,277,1533,0,1,4,0.0,0.0,1.0,0.0,0.0,11,255,1.0,0.0,0.01,0.0,0.0,0.0,0,83549.0
22,9,155,623,0,1,7,0.0,0.0,1.0,0.0,0.0,7,236,1.0,0.0,0.05,0.0,0.0,0.76,0,83579.0
54,5,0,0,0,0,219,1.0,1.0,0.02,0.07,0.0,255,4,0.02,0.09,0.0,1.0,1.0,0.0,1,71130.0
22,9,202,1042,0,1,1,0.0,0.0,1.0,0.0,0.0,69,255,1.0,0.0,0.02,0.0,0.0,0.0,0,112584.0
22,9,54540,8314,0,1,3,0.0,0.0,1.0,0.0,0.0,194,194,1.0,0.0,0.0,0.0,0.0,0.01,1,94005.0
20,5,0,0,0,0,102,1.0,1.0,0.16,0.06,0.0,255,2,0.01,0.08,0.0,1.0,1.0,0.0,1,42957.0
11,9,43,122,0,0,277,0.0,0.0,1.0,0.01,0.0,242,207,0.86,0.01,0.0,0.0,0.0,0.0,0,76732.0
22,9,331,8541,0,1,1,0.0,0.0,1.0,0.0,0.1,14,255,1.0,0.0,0.03,0.0,0.0,0.0,0,54439.0
7,1,0,0,0,0,241,0.0,0.0,0.03,0.07,0.0,255,8,0.03,0.07,0.0,0.0,0.0,1.0,1,103264.0
7,1,0,0,0,0,242,0.0,0.0,0.04,0.07,0.0,255,9,0.04,0.07,0.0,0.0,0.0,1.0,1,62323.0
44,9,207,0,0,0,2,0.0,0.0,1.0,0.0,0.0,118,102,0.86,0.02,0.0,0.0,0.0,0.0,1,116920.0
49,9,1946,406,0,1,1,0.0,0.0,1.0,0.0,1.0,83,144,0.42,0.04,0.02,0.0,0.0,0.0,0,93791.0
44,5,0,0,0,0,120,1.0,1.0,0.09,0.08,0.0,64,11,0.17,0.12,0.0,1.0,1.0,0.0,1,76828.0
49,9,1825,325,0,1,1,0.0,0.0,1.0,0.0,1.0,140,99,0.71,0.04,0.0,0.0,0.0,0.0,0,84694.0
44,1,0,0,0,0,144,0.0,0.0,0.02,0.06,0.0,255,3,0.01,0.06,0.0,0.0,0.0,1.0,1,11125.0
55,9,384,269225,0,1,1,0.0,0.0,1.0,0.0,0.0,96,10,0.1,0.04,0.0,0.0,0.0,0.0,0,28077.0
49,5,0,0,0,0,228,1.0,1.0,0.03,0.06,0.0,255,7,0.03,0.07,0.0,1.0,1.0,0.0,1,22282.0
32,5,0,0,0,0,294,1.0,1.0,0.06,0.05,0.0,255,9,0.04,0.08,0.0,1.0,1.0,0.0,1,9515.0
8,5,0,0,0,0,281,1.0,1.0,0.04,0.05,0.0,255,10,0.04,0.07,0.0,1.0,1.0,0.0,1,77116.0
22,9,311,6086,0,1,9,0.0,0.0,1.0,0.0,0.0,255,255,1.0,0.0,0.0,0.0,0.0,0.0,0,85680.0
55,5,0,0,0,0,41,1.0,1.0,0.17,0.1,0.0,255,47,0.18,0.03,0.0,1.0,1.0,0.0,1,53909.0
49,2,6234,1628,0,1,1,0.0,0.0,1.0,0.0,0.0,91,75,0.15,0.78,0.03,0.0,0.0,0.01,0,15358.0
44,5,0,0,0,0,180,1.0,1.0,0.06,0.06,0.0,255,18,0.07,0.06,0.0,1.0,1.0,0.0,1,71492.0
26,5,0,0,0,0,149,1.0,1.0,0.13,0.05,0.0,255,19,0.07,0.06,0.0,1.0,1.0,0.0,1,24453.0
17,5,0,0,0,0,64,1.0,1.0,0.28,0.06,0.0,255,58,0.23,0.04,0.0,1.0,1.0,0.0,1,3955.0
22,1,0,0,0,0,1,0.0,0.0,1.0,0.0,0.0,2,243,1.0,0.0,0.02,0.0,0.0,0.19,0,107789.0
44,4,0,0,0,0,1,0.0,0.0,1.0,0.0,0.0,215,1,0.0,0.23,0.0,0.0,0.0,1.0,1,122202.0
22,9,196,2380,0,1,5,0.0,0.0,1.0,0.0,0.33,18,255,1.0,0.0,0.04,0.0,0.0,0.0,0,119085.0
19,9,14189,0,0,1,4,0.0,0.0,1.0,0.0,0.0,223,43,0.19,0.03,0.0,0.0,0.0,0.0,0,88169.0
22,9,278,382,0,1,4,0.0,0.0,1.0,0.0,0.18,4,249,1.0,0.0,0.04,0.0,0.0,0.0,0,114130.0
11,9,44,44,0,0,217,0.0,0.0,1.0,0.0,0.0,255,255,1.0,0.0,0.0,0.0,0.0,0.0,0,111419.0
13,9,8,0,0,0,1,0.0,0.0,1.0,0.0,1.0,2,62,1.0,0.0,0.52,0.0,0.0,0.0,1,64914.0
22,9,214,310,0,1,9,0.0,0.0,1.0,0.0,0.2,255,255,1.0,0.0,0.0,0.0,0.0,0.0,0,60941.0
19,9,4753,0,0,0,16,0.0,0.0,1.0,0.0,0.0,255,91,0.36,0.03,0.0,0.0,0.0,0.0,0,57198.0
44,1,0,0,0,0,274,0.0,0.0,0.04,0.06,0.0,255,12,0.05,0.09,0.0,0.0,0.0,1.0,1,114230.0
44,5,0,0,0,0,185,1.0,1.0,0.05,0.06,0.0,255,18,0.07,0.06,0.0,1.0,1.0,0.0,1,68695.0
22,9,212,8126,0,1,1,0.0,0.0,1.0,0.0,0.5,2,255,1.0,0.0,0.05,0.0,0.0,0.0,0,40920.0
44,5,0,0,0,0,293,1.0,1.0,0.04,0.04,0.0,255,12,0.05,0.05,0.0,1.0,1.0,0.0,1,105421.0
19,9,59,0,0,1,3,0.0,0.0,1.0,0.0,0.0,75,97,0.17,0.04,0.02,0.0,0.0,0.0,0,54399.0
44,9,105,0,0,0,2,0.0,0.0,1.0,0.0,0.0,13,11,0.85,0.23,0.0,0.0,0.0,0.0,0,37317.0
11,9,45,127,0,0,65,0.0,0.0,1.0,0.0,0.01,255,254,1.0,0.01,0.0,0.0,0.0,0.0,0,77391.0
22,9,295,321,0,1,45,0.0,0.0,1.0,0.0,0.0,255,255,1.0,0.0,0.0,0.0,0.0,0.0,0,88503.0
1,9,248,376,0,0,2,0.0,0.0,1.0,0.0,0.0,4,2,0.5,0.5,0.0,0.0,0.0,0.0,0,26041.0
22,9,240,2547,0,1,5,0.0,0.0,1.0,0.0,0.33,255,255,1.0,0.0,0.0,0.0,0.0,0.0,0,40019.0
2,1,0,0,0,0,153,0.0,0.0,0.03,0.07,0.0,255,5,0.02,0.07,0.0,0.0,0.0,1.0,1,6588.0
22,9,380,1010,0,1,24,0.0,0.0,1.0,0.0,0.0,255,255,1.0,0.0,0.0,0.0,0.0,0.0,0,119518.0
22,9,500,8257,0,1,6,0.0,0.0,1.0,0.0,0.16,255,255,1.0,0.0,0.0,0.0,0.0,0.0,0,22208.0
44,1,0,0,0,0,232,0.0,0.0,0.02,0.07,0.0,255,4,0.02,0.08,0.0,0.0,0.0,1.0,1,33308.0
22,9,321,581,0,1,9,0.0,0.0,1.0,0.0,0.17,255,255,1.0,0.0,0.0,0.0,0.0,0.0,0,83109.0
3,5,0,0,0,0,187,1.0,1.0,0.01,0.07,0.0,255,2,0.01,0.07,0.0,1.0,1.0,0.0,1,25535.0
22,9,139,29859,0,1,1,0.0,0.0,1.0,0.0,0.33,255,255,1.0,0.0,0.0,0.0,0.0,0.0,0,92705.0
62,5,0,0,0,0,286,1.0,1.0,0.06,0.06,0.0,255,18,0.07,0.07,0.0,1.0,1.0,0.0,1,111779.0
5,5,0,0,0,0,144,1.0,1.0,0.12,0.06,0.0,255,17,0.07,0.06,0.0,1.0,1.0,0.0,1,38573.0
22,9,223,1875,0,1,13,0.0,0.0,1.0,0.0,0.0,43,255,1.0,0.0,0.04,0.0,0.0,0.0,0,96091.0
19,9,373,0,0,1,2,0.0,0.0,1.0,0.0,0.25,124,43,0.22,0.03,0.05,0.0,0.0,0.0,0,64689.0
49,9,1257,336,0,1,1,0.0,0.0,1.0,0.0,0.0,106,240,0.97,0.02,0.01,0.0,0.0,0.0,0,113121.0
22,9,290,1268,0,1,18,0.0,0.0,1.0,0.0,0.14,58,255,1.0,0.0,0.02,0.0,0.0,0.0,0,64512.0
11,9,31,91,0,0,1,0.0,0.0,1.0,0.0,0.0,255,214,0.84,0.01,0.0,0.0,0.0,0.0,0,9616.0
22,9,307,2698,0,1,2,0.0,0.0,1.0,0.0,0.0,2,2,1.0,0.0,0.0,0.0,0.0,0.0,0,103445.0
49,9,1805,332,0,1,1,0.0,0.0,1.0,0.0,1.0,179,183,0.74,0.02,0.01,0.0,0.0,0.0,0,60413.0
11,9,42,42,0,0,8,0.0,0.0,1.0,0.0,0.21,255,233,0.91,0.01,0.0,0.0,0.0,0.0,0,123923.0
20,5,0,0,0,0,277,1.0,1.0,0.03,0.06,0.0,255,9,0.04,0.06,0.0,1.0,1.0,0.0,1,35505.0
22,9,347,20811,0,1,4,0.0,0.0,1.0,0.0,0.0,255,255,1.0,0.0,0.0,0.0,0.0,0.0,0,36551.0
19,9,383,0,0,0,2,0.0,0.0,1.0,0.0,0.0,190,13,0.07,0.03,0.0,0.0,0.0,0.0,0,43005.0
22,9,227,9165,0,1,2,0.0,0.0,1.0,0.0,0.67,20,255,1.0,0.0,0.06,0.0,0.0,0.0,0,39344.0
44,9,100,0,0,0,2,0.0,0.0,1.0,0.0,0.0,133,23,0.17,0.02,0.0,0.0,0.0,0.0,1,75348.0
53,5,0,0,0,0,220,1.0,1.0,0.02,0.07,0.0,255,5,0.02,0.09,0.0,1.0,1.0,0.0,1,52197.0
51,5,0,0,0,0,129,1.0,1.0,0.07,0.06,0.0,255,8,0.03,0.06,0.0,1.0,1.0,0.0,1,37380.0
22,9,292,1226,0,1,3,0.33,0.33,1.0,0.0,0.0,69,251,1.0,0.0,0.09,0.01,0.0,0.98,0,95124.0
22,9,303,15574,0,1,11,0.0,0.0,1.0,0.0,0.17,55,255,1.0,0.0,0.03,0.0,0.0,0.0,0,32248.0
44,5,0,0,0,0,263,1.0,1.0,0.01,0.06,0.0,255,31,0.12,0.06,0.0,1.0,1.0,0.0,1,113778.0
22,9,333,188,0,1,1,0.0,0.0,1.0,0.0,0.16,91,255,1.0,0.0,0.03,0.0,0.0,0.01,0,121797.0
11,9,46,76,0,0,8,0.0,0.0,1.0,0.0,0.0,255,253,0.99,0.01,0.0,0.0,0.0,0.0,0,7002.0
11,9,45,136,0,0,66,0.0,0.0,1.0,0.0,0.01,255,254,1.0,0.01,0.0,0.0,0.0,0.0,0,22828.0
22,9,213,1966,0,1,8,0.0,0.0,1.0,0.0,0.0,34,255,1.0,0.0,0.03,0.03,0.01,0.0,0,5806.0
44,5,0,0,0,0,244,1.0,1.0,0.08,0.06,0.0,255,20,0.08,0.07,0.0,1.0,1.0,0.0,1,46355.0
54,5,0,0,0,0,246,1.0,1.0,0.08,0.06,0.0,255,20,0.08,0.06,0.0,1.0,1.0,0.0,1,64559.0
13,9,8,0,0,0,1,0.0,0.0,1.0,0.0,1.0,1,255,1.0,0.0,0.5,0.0,0.0,0.0,1,89157.0
44,1,0,0,0,0,144,0.0,0.0,0.1,0.06,0.0,69,14,0.2,0.09,0.0,0.0,0.0,1.0,1,12074.0
49,9,921,327,0,1,1,0.0,0.0,1.0,0.0,0.0,7,6,0.86,0.29,0.0,0.0,0.0,0.0,0,114746.0
49,9,1112,278,0,1,1,0.0,0.0,1.0,0.0,0.0,111,64,0.58,0.05,0.0,0.02,0.02,0.0,0,95705.0
44,5,0,0,0,0,232,1.0,1.0,0.06,0.06,0.0,255,13,0.05,0.08,0.0,1.0,1.0,0.0,1,26578.0
22,9,274,666,0,1,3,0.0,0.0,1.0,0.0,0.0,252,255,1.0,0.0,0.01,0.0,0.0,0.0,0,96398.0
11,9,44,77,0,0,165,0.0,0.0,1.0,0.0,0.0,255,255,1.0,0.0,0.0,0.0,0.0,0.0,0,53221.0
22,9,297,1334,0,1,7,0.0,0.0,1.0,0.0,0.25,20,255,1.0,0.0,0.02,0.0,0.0,0.0,0,61470.0
11,9,42,42,0,0,5,0.0,0.0,1.0,0.0,0.25,255,238,0.93,0.01,0.0,0.0,0.0,0.0,0,90609.0
44,5,0,0,0,0,4,1.0,1.0,0.75,0.5,0.0,255,3,0.01,0.08,0.0,1.0,1.0,0.0,1,52386.0
22,9,207,60990,0,1,1,0.0,0.0,1.0,0.0,0.0,255,255,1.0,0.0,0.0,0.01,0.01,0.0,0,105990.0
17,5,0,0,0,0,170,1.0,1.0,0.15,0.06,0.0,255,25,0.1,0.05,0.0,1.0,1.0,0.0,1,8177.0
22,9,337,289,0,1,13,0.0,0.0,1.0,0.0,0.14,39,255,1.0,0.0,0.03,0.0,0.0,0.0,0,43416.0
40,9,147,105,0,0,1,0.0,0.0,1.0,0.0,0.0,255,2,0.01,0.59,0.0,0.0,0.0,0.0,0,8674.0
22,9,333,1300,0,1,13,0.0,0.0,1.0,0.0,0.18,16,255,1.0,0.0,0.05,0.0,0.0,0.0,0,5039.0
29,5,0,0,0,0,203,1.0,1.0,0.05,0.05,0.0,255,11,0.04,0.05,0.0,1.0,1.0,0.0,1,13296.0
22,2,0,0,0,1,1,0.0,0.0,1.0,0.0,0.2,6,255,1.0,0.0,0.07,0.0,0.0,0.01,0,11857.0
22,1,0,0,0,0,33,0.0,0.0,1.0,0.0,0.0,68,253,1.0,0.0,0.15,0.0,0.0,0.98,0,104878.0
13,9,8,0,0,0,1,0.0,0.0,1.0,0.0,1.0,1,55,1.0,0.0,0.51,0.0,0.0,0.0,1,43156.0
19,9,852,0,0,1,2,0.0,0.0,1.0,0.0,0.0,171,58,0.34,0.02,0.0,0.0,0.0,0.0,0,109438.0
22,9,190,170,0,1,2,0.0,0.0,1.0,0.0,0.4,32,47,1.0,0.0,0.04,0.0,0.0,0.0,0,21304.0
22,9,382,526,0,1,1,0.0,0.0,1.0,0.0,0.29,56,255,1.0,0.0,0.06,0.0,0.0,0.0,0,81517.0
22,9,218,1078,0,1,9,0.0,0.0,1.0,0.0,0.2,10,255,1.0,0.0,0.05,0.0,0.0,0.0,0,15004.0
58,9,132,0,0,0,4,0.0,0.0,0.5,0.5,0.0,14,3,0.21,0.21,0.0,0.0,0.0,0.0,0,69269.0
44,5,0,0,0,0,144,1.0,1.0,0.01,0.06,0.0,255,2,0.01,0.06,0.0,1.0,1.0,0.0,1,102806.0
22,9,323,4841,0,1,1,0.0,0.0,1.0,0.0,1.0,17,255,1.0,0.0,0.03,0.0,0.0,0.0,0,51152.0
13,9,8,0,0,0,1,0.0,0.0,1.0,0.0,1.0,1,83,1.0,0.0,0.51,0.0,0.0,0.0,1,64877.0
49,9,1021,329,0,1,1,0.0,0.0,1.0,0.0,0.0,154,88,0.4,0.46,0.02,0.0,0.0,0.01,0,123683.0
44,5,0,0,0,0,134,1.0,1.0,0.18,0.05,0.0,255,24,0.09,0.05,0.0,1.0,1.0,0.0,1,65511.0
5,5,0,0,0,0,121,1.0,1.0,0.11,0.07,0.0,255,13,0.05,0.06,0.0,1.0,1.0,0.0,1,7698.0
22,1,0,0,0,0,1,0.0,0.0,1.0,0.0,0.0,13,213,1.0,0.0,0.19,0.0,0.0,1.0,0,12047.0
49,9,571,330,0,1,1,0.0,0.0,1.0,0.0,1.0,209,118,0.55,0.03,0.02,0.0,0.0,0.0,0,87324.0
22,9,231,95,0,1,1,0.0,0.25,1.0,0.0,0.75,17,255,1.0,0.0,0.05,0.0,0.01,0.0,0,52500.0
22,1,0,0,0,0,1,0.0,0.0,1.0,0.0,0.0,10,255,1.0,0.0,0.1,0.0,0.0,0.98,0,23684.0
22,9,242,8723,0,1,1,0.0,0.0,1.0,0.0,0.0,99,255,1.0,0.0,0.03,0.0,0.0,0.0,0,15021.0
11,9,33,88,0,0,1,0.0,0.0,1.0,0.0,1.0,255,250,0.98,0.01,0.0,0.0,0.0,0.0,0,111407.0
19,9,965,0,0,1,10,0.0,0.0,1.0,0.0,0.0,247,79,0.32,0.02,0.0,0.0,0.0,0.0,0,41747.0
44,5,0,0,0,0,116,1.0,1.0,0.09,0.08,0.0,255,7,0.03,0.07,0.0,1.0,1.0,0.0,1,115541.0
22,9,314,1010,0,1,8,0.0,0.0,1.0,0.0,0.22,82,255,1.0,0.0,0.02,0.0,0.0,0.0,0,97627.0
18,9,231,768,0,1,1,0.0,0.0,1.0,0.0,0.0,213,49,0.23,0.03,0.0,0.0,0.0,0.02,0,124112.0
22,9,287,39431,0,1,4,0.0,0.0,1.0,0.0,0.0,9,255,1.0,0.0,0.01,0.0,0.0,0.0,0,13579.0
5,5,0,0,0,0,98,1.0,1.0,0.05,0.05,0.0,255,5,0.02,0.05,0.0,1.0,1.0,0.0,1,87716.0
44,9,105,146,0,0,7,0.0,0.0,0.14,0.29,0.0,255,242,0.95,0.01,0.0,0.0,0.0,0.0,0,99309.0
22,9,0,3679,0,0,4,0.0,0.0,1.0,0.0,0.0,255,255,1.0,0.0,0.0,0.0,0.0,0.0,0,35140.0
19,9,192,0,0,1,2,0.0,0.0,1.0,0.0,0.0,14,8,0.29,0.14,0.25,0.0,0.0,0.0,0,81397.0
44,4,0,0,0,0,1,0.0,0.0,1.0,0.0,0.0,176,1,0.01,0.45,0.0,0.0,0.0,1.0,1,113052.0
17,5,0,0,0,0,208,1.0,1.0,0.04,0.06,0.0,255,18,0.07,0.07,0.0,1.0,1.0,0.0,1,106708.0
40,1,0,0,0,0,509,0.07,0.0,0.0,1.0,0.0,255,1,0.0,1.0,0.0,0.08,0.0,1.0,1,35663.0
22,9,200,4016,0,1,1,0.0,0.0,1.0,0.0,0.0,244,244,1.0,0.0,0.0,0.0,0.0,0.0,0,89634.0
22,9,196,2168,0,1,6,0.0,0.0,1.0,0.0,0.0,12,255,1.0,0.0,0.04,0.0,0.0,0.0,0,36141.0
22,9,223,3090,0,1,2,0.0,0.0,1.0,0.0,0.0,52,255,1.0,0.0,0.02,0.0,0.0,0.0,0,5399.0
44,5,0,0,0,0,279,1.0,1.0,0.06,0.04,0.0,139,17,0.12,0.07,0.0,0.99,1.0,0.0,1,30310.0
22,9,315,2698,0,1,2,0.0,0.0,1.0,0.0,0.0,120,118,0.98,0.02,0.0,0.0,0.0,0.0,0,90695.0
13,9,8,0,0,0,1,0.0,0.0,1.0,0.0,1.0,1,61,1.0,0.0,0.26,0.0,0.0,0.0,1,8232.0
17,5,0,0,0,0,68,1.0,1.0,0.26,0.06,0.0,255,48,0.19,0.05,0.0,1.0,1.0,0.0,1,12407.0
8,5,0,0,0,0,120,1.0,1.0,0.06,0.07,0.0,255,5,0.02,0.08,0.0,1.0,1.0,0.0,1,49918.0
13,9,18,0,0,0,1,0.0,0.0,1.0,0.0,0.0,4,96,1.0,0.0,0.25,0.0,0.0,0.0,1,55377.0
22,9,306,2378,0,1,3,0.33,0.33,1.0,0.0,0.0,14,255,1.0,0.0,0.05,0.07,0.01,0.0,0,98873.0
44,5,0,0,0,0,285,1.0,1.0,0.07,0.06,0.0,255,19,0.07,0.08,0.0,1.0,1.0,0.0,1,67563.0
22,5,0,0,0,0,14,0.93,1.0,0.93,0.14,0.0,255,59,0.23,0.04,0.0,1.0,1.0,0.0,1,94952.0
22,9,288,499,0,1,23,0.0,0.0,1.0,0.0,0.0,84,255,1.0,0.0,0.02,0.0,0.0,0.0,0,21033.0
44,5,0,0,0,0,104,1.0,1.0,0.06,0.06,0.0,255,14,0.05,0.08,0.0,1.0,1.0,0.0,1,109836.0
22,9,232,3550,0,1,25,0.04,0.04,1.0,0.0,0.0,255,255,1.0,0.0,0.0,0.0,0.0,0.0,0,67329.0
11,9,43,72,0,0,15,0.0,0.0,1.0,0.0,0.02,255,254,1.0,0.01,0.0,0.0,0.0,0.0,0,63306.0
40,9,146,0,0,0,1,0.0,0.0,1.0,0.0,0.0,255,1,0.0,0.83,0.0,0.0,0.0,0.0,0,66361.0
18,9,287,892,0,1,3,0.0,0.0,0.33,0.67,0.0,138,26,0.19,0.09,0.0,0.02,0.0,0.0,0,24471.0
44,5,0,0,0,0,142,1.0,1.0,0.09,0.06,0.0,255,11,0.04,0.09,0.0,1.0,1.0,0.0,1,100303.0
44,9,215,0,0,0,1,0.0,0.0,1.0,0.0,0.0,125,109,0.87,0.02,0.0,0.0,0.0,0.0,1,6168.0
44,5,0,0,0,0,173,1.0,1.0,0.02,0.08,0.0,255,3,0.01,0.09,0.0,1.0,1.0,0.0,1,97643.0
22,9,286,307,0,1,8,0.0,0.0,1.0,0.0,0.0,148,255,1.0,0.0,0.01,0.0,0.0,0.0,0,80221.0
22,9,225,406,0,1,2,0.0,0.0,1.0,0.0,0.19,255,255,1.0,0.0,0.0,0.0,0.0,0.0,0,88106.0
13,9,8,0,0,0,1,0.0,0.0,1.0,0.0,1.0,1,79,1.0,0.0,0.52,0.0,0.0,0.0,1,43177.0
22,9,249,690,0,1,7,0.0,0.0,1.0,0.0,0.12,139,255,1.0,0.0,0.03,0.0,0.0,0.0,0,89851.0
22,9,274,13804,0,1,3,0.0,0.0,1.0,0.0,0.0,255,255,1.0,0.0,0.0,0.0,0.0,0.0,0,98681.0
22,9,186,409,0,1,3,0.0,0.0,1.0,0.0,0.6,19,255,1.0,0.0,0.01,0.05,0.0,0.0,0,19112.0
11,9,42,42,0,0,8,0.0,0.0,1.0,0.0,0.31,5,4,0.8,0.4,0.0,0.0,0.0,0.0,0,100709.0
22,9,145,11974,0,1,1,0.0,0.0,1.0,0.0,0.0,237,255,1.0,0.0,0.01,0.0,0.0,0.0,0,97174.0
22,9,231,5541,0,1,2,0.0,0.0,1.0,0.0,0.67,32,255,1.0,0.0,0.04,0.0,0.0,0.0,0,78042.0
14,9,520,0,0,0,282,0.0,0.0,1.0,0.0,0.0,255,255,1.0,0.0,0.0,0.0,0.0,0.0,1,973.0
22,9,227,4393,0,1,1,0.0,0.0,1.0,0.0,0.0,71,255,1.0,0.0,0.02,0.01,0.0,0.0,0,77178.0
22,9,309,1958,0,1,6,0.0,0.0,1.0,0.0,0.0,6,255,1.0,0.0,0.04,0.0,0.0,0.0,0,11888.0
22,2,0,0,0,1,3,0.0,0.0,1.0,0.0,0.0,145,255,1.0,0.0,0.01,0.0,0.0,0.0,0,78446.0
11,9,43,133,0,0,72,0.0,0.0,1.0,0.0,0.02,212,196,0.81,0.01,0.01,0.0,0.0,0.0,0,107741.0
11,9,43,134,0,0,53,0.0,0.0,1.0,0.0,0.01,111,200,0.86,0.02,0.01,0.0,0.0,0.0,0,71546.0
14,9,18,0,0,0,1,0.0,0.0,1.0,0.0,0.0,13,13,1.0,0.0,0.0,0.0,0.0,0.0,1,115489.0
19,9,14052,0,0,0,18,0.0,0.0,1.0,0.0,0.0,151,65,0.2,0.03,0.03,0.0,0.0,0.0,0,93604.0
22,9,223,976,0,1,18,0.0,0.0,1.0,0.0,0.0,255,255,1.0,0.0,0.0,0.0,0.0,0.0,0,17183.0
44,5,0,0,0,0,189,1.0,1.0,0.04,0.06,0.0,35,7,0.2,0.17,0.0,0.6,1.0,0.0,1,3945.0
36,5,0,0,0,0,218,1.0,1.0,0.04,0.06,0.0,255,8,0.03,0.07,0.0,1.0,1.0,0.0,1,90933.0
22,9,261,3892,0,1,4,0.0,0.0,1.0,0.0,0.0,70,255,1.0,0.0,0.01,0.0,0.0,0.0,0,104567.0
28,1,0,0,0,0,101,0.0,0.0,0.01,0.07,0.0,255,1,0.0,0.07,0.0,0.0,0.0,1.0,1,111444.0
44,5,0,0,0,0,106,1.0,1.0,0.06,0.06,0.0,255,29,0.11,0.05,0.0,1.0,1.0,0.0,1,114649.0
44,5,0,0,0,0,133,1.0,1.0,0.01,0.06,0.0,255,1,0.0,0.07,0.0,1.0,1.0,0.0,1,116025.0
53,1,0,0,0,0,511,0.07,0.0,0.0,1.0,0.0,255,1,0.0,1.0,0.0,0.09,0.0,1.0,1,28759.0
22,9,360,1541,0,1,1,0.0,0.0,1.0,0.0,0.33,135,255,1.0,0.0,0.02,0.0,0.0,0.0,0,113847.0
49,9,1054,332,0,1,1,0.0,0.0,1.0,0.0,0.0,112,203,0.82,0.04,0.01,0.0,0.0,0.0,0,22096.0
44,9,28,0,3,0,184,0.54,0.0,0.46,0.04,0.0,255,84,0.33,0.67,0.0,0.09,0.0,0.0,1,77370.0
22,9,368,5241,0,1,4,0.0,0.0,1.0,0.0,0.0,255,255,1.0,0.0,0.0,0.0,0.0,0.0,0,122426.0
60,5,0,0,0,0,268,1.0,1.0,0.03,0.06,0.0,255,8,0.03,0.08,0.0,1.0,1.0,0.0,1,72180.0
22,9,54540,8314,0,1,2,0.0,0.0,1.0,0.0,0.0,111,111,1.0,0.0,0.0,0.0,0.0,0.01,1,84269.0
13,9,8,0,0,0,1,0.0,0.0,1.0,0.0,1.0,2,129,1.0,0.0,0.5,0.0,0.0,0.0,1,60648.0
22,9,305,1075,0,1,5,0.0,0.14,1.0,0.0,0.29,255,235,0.92,0.01,0.0,0.0,0.0,0.0,0,61891.0
44,1,0,0,0,0,131,0.0,0.0,0.15,0.06,0.0,255,19,0.07,0.08,0.0,0.0,0.0,1.0,1,33051.0
22,9,266,2424,0,1,1,0.0,0.0,1.0,0.0,0.0,255,234,0.92,0.02,0.0,0.0,0.0,0.0,0,108196.0
22,9,222,193,0,1,32,0.0,0.0,1.0,0.0,0.0,255,255,1.0,0.0,0.0,0.0,0.0,0.0,0,28378.0
11,9,46,46,0,0,10,0.0,0.0,1.0,0.0,0.19,86,82,0.95,0.02,0.0,0.0,0.0,0.0,0,42180.0
22,9,210,484,0,1,1,0.0,0.0,1.0,0.0,0.31,59,255,1.0,0.0,0.01,0.0,0.0,0.0,0,86110.0
44,1,0,0,0,0,248,0.1,0.0,0.0,1.0,0.0,255,1,0.0,1.0,0.0,0.1,0.0,1.0,1,93868.0
24,5,0,0,0,0,287,1.0,1.0,0.04,0.05,0.0,255,12,0.05,0.05,0.0,1.0,1.0,0.0,1,100207.0
22,9,297,534,0,1,12,0.0,0.0,1.0,0.0,0.0,93,255,1.0,0.0,0.03,0.0,0.0,0.0,0,12477.0
22,9,298,698,0,1,2,0.0,0.0,1.0,0.0,0.0,2,196,1.0,0.0,0.03,0.0,0.01,0.0,0,50648.0
22,9,298,2239,0,1,3,0.0,0.0,1.0,0.0,0.5,255,237,0.93,0.02,0.0,0.0,0.0,0.0,0,47740.0
26,5,0,0,0,0,9,1.0,1.0,1.0,0.0,0.0,255,9,0.04,0.07,0.0,1.0,1.0,0.0,1,1071.0
22,9,228,10713,0,1,1,0.0,0.0,1.0,0.0,0.0,21,255,1.0,0.0,0.02,0.0,0.0,0.0,0,106139.0
44,9,105,146,0,0,2,0.0,0.0,1.0,0.0,0.0,255,247,0.97,0.01,0.0,0.0,0.0,0.0,0,26332.0
22,9,209,1965,0,1,30,0.0,0.0,1.0,0.0,0.0,255,255,1.0,0.0,0.0,0.0,0.0,0.32,0,5901.0
49,9,1028,326,0,1,1,0.0,0.0,1.0,0.0,1.0,184,75,0.41,0.03,0.0,0.01,0.01,0.0,0,46264.0
22,9,264,2055,0,1,35,0.0,0.0,1.0,0.0,0.0,255,255,1.0,0.0,0.0,0.0,0.0,0.0,0,24175.0
44,5,0,0,0,0,190,1.0,1.0,0.05,0.06,0.0,255,10,0.04,0.06,0.0,1.0,1.0,0.0,1,62404.0
22,9,355,1421,0,1,3,0.0,0.0,1.0,0.0,0.0,3,255,1.0,0.0,0.04,0.0,0.0,0.0,0,71116.0
13,9,18,0,0,0,1,0.0,0.0,1.0,0.0,0.0,1,176,1.0,0.0,1.0,0.0,0.0,0.0,1,103500.0
55,5,0,0,0,0,64,1.0,1.0,0.08,0.06,0.0,255,5,0.02,0.06,0.0,1.0,1.0,0.0,1,82085.0
22,9,225,2193,0,1,3,0.0,0.0,1.0,0.0,0.0,108,255,1.0,0.0,0.05,0.01,0.01,0.01,0,78164.0
11,9,45,75,0,0,208,0.0,0.0,1.0,0.0,0.01,255,217,0.85,0.01,0.0,0.0,0.0,0.0,0,91734.0
13,9,18,0,0,0,1,0.0,0.0,1.0,0.0,0.0,2,90,1.0,0.0,0.26,0.0,0.0,0.0,1,93655.0
36,1,0,0,0,0,243,0.0,0.0,0.03,0.06,0.0,255,7,0.03,0.07,0.0,0.0,0.0,1.0,1,102034.0
22,9,293,1875,0,1,11,0.0,0.0,1.0,0.0,0.0,255,255,1.0,0.0,0.0,0.0,0.0,0.0,0,14112.0
11,9,44,125,0,0,79,0.0,0.0,1.0,0.0,0.01,255,254,1.0,0.01,0.0,0.0,0.0,0.0,0,83878.0
13,9,8,0,0,0,1,0.0,0.0,1.0,0.0,1.0,1,21,1.0,0.0,0.52,0.0,0.0,0.0,1,120582.0
22,9,288,833,0,1,9,0.0,0.0,1.0,0.0,0.0,9,255,1.0,0.0,0.05,0.0,0.0,0.0,0,80552.0
22,9,331,2526,0,1,11,0.0,0.0,1.0,0.0,0.17,255,255,1.0,0.0,0.0,0.0,0.0,0.0,0,54922.0
44,0,0,0,0,0,1,0.0,0.0,1.0,0.0,0.0,174,1,0.01,0.72,0.0,0.03,0.0,0.0,1,69738.0
22,9,207,708,0,1,4,0.0,0.0,1.0,0.0,0.0,63,255,1.0,0.0,0.04,0.0,0.0,0.0,0,6558.0
44,4,1,0,0,0,2,0.0,0.0,1.0,0.0,0.0,128,2,0.02,0.05,0.0,0.0,0.0,1.0,1,66806.0
22,9,222,4940,0,1,11,0.0,0.0,1.0,0.0,0.0,11,255,1.0,0.0,0.03,0.0,0.0,0.0,0,101682.0
22,1,0,0,0,0,1,0.0,0.0,1.0,0.0,0.0,1,105,1.0,0.0,0.03,0.0,0.0,1.0,0,81706.0
40,9,147,105,0,0,5,0.0,0.0,0.2,0.6,0.0,68,1,0.01,0.53,0.0,0.0,0.0,0.0,0,84484.0
22,9,320,238,0,1,6,0.0,0.0,1.0,0.0,0.29,6,255,1.0,0.0,0.04,0.0,0.0,0.0,0,14817.0
49,5,0,0,0,0,9,1.0,1.0,1.0,0.0,0.0,111,131,0.44,0.02,0.02,0.98,0.37,0.0,1,19995.0
44,1,0,0,0,0,242,0.0,0.0,0.02,0.06,0.0,255,5,0.02,0.06,0.0,0.0,0.0,1.0,1,111000.0
2,5,0,0,0,0,270,1.0,1.0,0.06,0.05,0.0,255,15,0.06,0.05,0.0,1.0,1.0,0.0,1,9962.0
29,5,0,0,0,0,220,1.0,1.0,0.05,0.06,0.0,255,11,0.04,0.07,0.0,1.0,1.0,0.0,1,58250.0
2,5,0,0,0,0,125,1.0,1.0,0.11,0.06,0.0,255,14,0.05,0.05,0.0,1.0,1.0,0.0,1,105448.0
44,5,0,0,0,0,102,1.0,1.0,0.15,0.06,0.0,255,17,0.07,0.07,0.0,1.0,1.0,0.0,1,15242.0
54,5,0,0,0,0,300,1.0,1.0,0.07,0.05,0.0,255,20,0.08,0.07,0.0,1.0,1.0,0.0,1,28194.0
22,9,247,7546,0,1,14,0.0,0.0,1.0,0.0,0.0,143,255,1.0,0.0,0.01,0.0,0.0,0.0,0,518.0
44,5,0,0,0,0,180,1.0,1.0,0.03,0.07,0.0,26,5,0.19,0.23,0.0,0.46,1.0,0.0,1,89584.0
22,9,208,2810,0,1,4,0.0,0.0,1.0,0.0,0.0,64,255,1.0,0.0,0.04,0.0,0.0,0.0,0,8720.0
44,5,0,0,0,0,110,1.0,1.0,0.07,0.06,0.0,255,19,0.07,0.07,0.0,1.0,1.0,0.0,1,54348.0
17,9,10,272,0,0,1,0.0,0.0,1.0,0.0,0.0,64,8,0.02,0.06,0.25,0.0,0.0,0.0,0,101486.0
44,9,28,0,3,0,44,0.0,0.0,0.98,0.05,0.0,255,43,0.17,0.02,0.0,0.0,0.0,0.0,1,7861.0
44,1,0,0,0,0,285,0.07,0.0,0.0,1.0,0.0,255,1,0.0,1.0,0.0,0.08,0.0,1.0,1,61835.0
22,1,0,0,0,0,1,0.0,0.0,1.0,0.0,0.0,20,254,1.0,0.0,0.22,0.0,0.01,0.9,0,109626.0
44,5,0,0,0,0,125,1.0,1.0,0.01,0.06,0.0,255,18,0.07,0.07,0.0,1.0,1.0,0.0,1,39921.0
22,9,214,768,0,1,8,0.12,0.12,1.0,0.0,0.0,126,255,1.0,0.0,0.01,0.01,0.0,0.0,0,20681.0
13,9,30,0,0,0,2,0.0,0.0,0.5,1.0,0.0,255,2,0.01,0.01,0.0,0.0,0.0,0.0,0,72526.0
44,5,0,0,0,0,50,1.0,1.0,0.16,0.1,0.0,255,8,0.03,0.08,0.0,1.0,1.0,0.0,1,22682.0
36,5,0,0,0,0,279,1.0,1.0,0.03,0.06,0.0,255,1,0.0,0.08,0.0,1.0,1.0,0.0,1,3113.0
19,9,334,0,0,1,2,0.0,0.0,1.0,0.0,0.0,15,47,0.93,0.13,0.11,0.0,0.0,0.0,1,22627.0
62,5,0,0,0,0,214,1.0,1.0,0.07,0.06,0.0,255,7,0.03,0.08,0.0,1.0,1.0,0.0,1,121898.0
44,5,0,0,0,0,107,1.0,1.0,0.11,0.06,0.0,255,12,0.05,0.05,0.0,1.0,1.0,0.0,1,79897.0
19,9,491,0,0,0,2,0.0,0.0,1.0,0.0,0.0,190,68,0.26,0.02,0.03,0.0,0.0,0.0,0,64086.0
44,1,0,0,0,0,432,0.0,0.0,0.0,0.52,0.0,255,1,0.0,0.51,0.0,0.0,0.0,1.0,1,16342.0
60,5,0,0,0,0,231,1.0,1.0,0.07,0.06,0.0,255,16,0.06,0.07,0.0,1.0,1.0,0.0,1,21690.0
11,9,45,130,0,0,314,0.0,0.0,1.0,0.01,0.0,255,251,0.98,0.01,0.0,0.0,0.0,0.0,0,67440.0
19,9,4753,0,0,0,16,0.0,0.0,1.0,0.0,0.0,59,22,0.37,0.08,0.0,0.0,0.0,0.0,0,110001.0
49,9,1546,336,0,1,1,0.0,0.0,1.0,0.0,1.0,193,168,0.58,0.02,0.01,0.0,0.0,0.0,0,38810.0
49,9,11836,1407,0,1,1,0.0,0.0,1.0,0.0,1.0,191,99,0.52,0.02,0.0,0.0,0.0,0.0,0,40761.0
13,9,8,0,0,0,1,0.0,0.0,1.0,0.0,1.0,2,18,1.0,0.0,0.5,0.0,0.0,0.0,1,99643.0
44,5,0,0,0,0,115,1.0,1.0,0.12,0.06,0.0,255,15,0.06,0.08,0.0,1.0,1.0,0.0,1,28774.0
13,9,8,0,0,0,1,0.0,0.0,1.0,0.0,1.0,1,93,1.0,0.0,0.51,0.0,0.0,0.0,1,76549.0
22,9,329,2838,0,1,7,0.0,0.0,1.0,0.0,0.0,56,255,1.0,0.0,0.02,0.0,0.0,0.0,0,66190.0
22,9,220,667,0,1,13,0.0,0.0,1.0,0.0,0.0,255,255,1.0,0.0,0.0,0.0,0.0,0.0,0,72303.0
22,9,240,2052,0,1,9,0.0,0.0,1.0,0.0,0.0,33,255,1.0,0.0,0.02,0.0,0.0,0.0,0,85842.0
22,9,299,13887,0,1,14,0.0,0.0,1.0,0.0,0.07,14,255,1.0,0.0,0.03,0.0,0.0,0.0,0,19153.0
14,9,1032,0,0,0,156,0.0,0.0,1.0,0.0,0.0,255,156,0.61,0.01,0.0,0.0,0.0,0.0,1,123842.0
22,9,312,2251,0,1,31,0.0,0.0,1.0,0.0,0.09,255,255,1.0,0.0,0.0,0.0,0.0,0.0,0,114891.0
40,9,147,105,0,0,2,0.0,0.0,1.0,0.0,0.0,255,2,0.01,0.65,0.0,0.0,0.0,0.0,0,81854.0
58,9,181,0,0,0,2,0.0,0.0,0.5,1.0,0.0,255,29,0.11,0.01,0.0,0.0,0.0,0.0,0,117071.0
44,5,0,0,0,0,268,1.0,1.0,0.06,0.06,0.0,255,6,0.02,0.06,0.0,1.0,1.0,0.0,1,27932.0
12,2,0,0,0,0,268,0.0,0.0,0.04,0.06,0.0,255,10,0.04,0.08,0.0,0.0,0.0,1.0,1,4891.0
2,5,0,0,0,0,251,1.0,1.0,0.02,0.06,0.0,255,6,0.02,0.07,0.0,1.0,1.0,0.0,1,105873.0
22,9,287,5200,0,1,20,0.0,0.0,1.0,0.0,0.0,20,255,1.0,0.0,0.02,0.0,0.0,0.0,0,65359.0
11,9,45,45,0,0,106,0.0,0.0,1.0,0.0,0.01,255,254,1.0,0.01,0.0,0.0,0.0,0.0,0,124151.0
40,9,147,105,0,0,1,0.0,0.0,1.0,0.0,0.0,255,5,0.02,0.48,0.0,0.0,0.0,0.0,0,40947.0
22,9,193,334,0,1,15,0.0,0.0,1.0,0.0,0.22,255,255,1.0,0.0,0.0,0.0,0.0,0.0,0,66666.0
44,5,0,0,0,0,261,1.0,1.0,0.03,0.06,0.0,255,12,0.05,0.07,0.0,1.0,1.0,0.0,1,16864.0
32,5,0,0,0,0,274,1.0,1.0,0.07,0.07,0.0,255,7,0.03,0.05,0.0,1.0,1.0,0.0,1,120464.0
11,9,44,44,0,0,203,0.0,0.0,1.0,0.0,0.0,255,255,1.0,0.0,0.0,0.0,0.0,0.0,0,102726.0
59,5,0,0,0,0,145,1.0,1.0,0.15,0.05,0.0,255,22,0.09,0.05,0.0,1.0,1.0,0.0,1,102716.0
44,5,0,0,0,0,125,1.0,1.0,0.15,0.06,0.0,255,13,0.05,0.06,0.0,1.0,1.0,0.0,1,124469.0
40,9,1,0,0,0,154,0.0,0.0,0.03,0.05,0.0,255,4,0.02,0.05,0.0,0.0,0.0,0.0,1,48532.0
11,9,45,81,0,0,222,0.0,0.0,1.0,0.0,0.0,255,255,1.0,0.0,0.0,0.0,0.0,0.0,0,119390.0
11,9,43,69,0,0,129,0.0,0.0,1.0,0.0,0.0,255,180,0.71,0.01,0.0,0.0,0.0,0.0,0,62054.0
22,9,210,7590,0,1,19,0.0,0.0,1.0,0.0,0.0,43,255,1.0,0.0,0.02,0.0,0.0,0.0,0,64762.0
22,1,0,0,0,0,1,0.0,0.0,1.0,0.0,0.0,44,255,1.0,0.0,0.09,0.0,0.0,0.99,0,8368.0
52,5,0,0,0,0,274,1.0,1.0,0.0,0.06,0.0,255,20,0.08,0.07,0.0,1.0,1.0,0.0,1,98752.0
38,2,0,0,0,0,203,0.0,0.0,0.01,0.07,0.0,255,2,0.01,0.08,0.0,0.0,0.0,1.0,1,37910.0
44,5,0,0,0,0,189,1.0,1.0,0.1,0.06,0.0,255,2,0.01,0.08,0.0,1.0,1.0,0.0,1,71795.0
11,9,45,45,0,0,113,0.0,0.0,0.99,0.02,0.02,255,253,0.99,0.01,0.0,0.0,0.0,0.0,0,12605.0
44,1,0,0,0,0,294,0.11,0.0,0.0,1.0,0.0,255,1,0.0,1.0,0.0,0.1,0.0,1.0,1,14331.0
62,5,0,0,0,0,263,1.0,1.0,0.03,0.06,0.0,255,7,0.03,0.07,0.0,1.0,1.0,0.0,1,31787.0
55,5,0,0,0,0,30,1.0,1.0,0.33,0.07,0.0,255,10,0.04,0.07,0.0,1.0,1.0,0.0,1,52017.0
22,9,220,2853,0,1,7,0.0,0.0,1.0,0.0,0.0,7,255,1.0,0.0,0.03,0.0,0.0,0.0,0,67077.0
44,1,0,0,0,0,500,0.06,0.0,0.0,1.0,0.0,255,1,0.0,1.0,0.0,0.08,0.0,1.0,1,12265.0
22,9,205,27264,0,1,2,0.0,0.0,1.0,0.0,0.67,15,255,1.0,0.0,0.02,0.0,0.01,0.0,0,11830.0
22,9,203,1792,0,1,32,0.0,0.0,1.0,0.0,0.0,32,255,1.0,0.0,0.02,0.0,0.0,0.0,0,9261.0
44,5,0,0,0,0,75,1.0,1.0,0.15,0.07,0.0,255,19,0.07,0.07,0.0,1.0,1.0,0.0,1,57309.0
11,9,30,90,0,0,1,0.0,0.0,1.0,0.0,0.0,45,197,1.0,0.0,0.01,0.0,0.0,0.0,0,76709.0
22,9,273,1955,0,1,2,0.0,0.0,1.0,0.0,0.67,255,255,1.0,0.0,0.0,0.0,0.0,0.0,0,56997.0
14,9,520,0,0,0,478,0.0,0.0,1.0,0.0,0.0,131,131,1.0,0.0,0.0,0.0,0.0,0.0,1,10849.0
22,9,225,1972,0,1,5,0.0,0.0,1.0,0.0,0.21,33,255,1.0,0.0,0.04,0.0,0.0,0.0,0,3619.0
44,1,0,0,0,0,239,0.0,0.0,0.06,0.07,0.0,255,14,0.05,0.08,0.0,0.0,0.0,1.0,1,22752.0
40,9,147,105,0,0,4,0.0,0.0,0.5,0.5,0.0,255,2,0.01,0.13,0.0,0.0,0.0,0.0,0,37205.0
60,1,0,0,0,0,127,0.0,0.0,0.03,0.08,0.0,255,4,0.02,0.07,0.0,0.0,0.0,1.0,1,117737.0
22,9,336,5140,0,1,14,0.0,0.0,1.0,0.0,0.0,255,255,1.0,0.0,0.0,0.0,0.0,0.0,0,50967.0
22,1,0,0,0,0,1,0.0,0.0,1.0,0.0,0.0,255,221,0.87,0.02,0.0,0.0,0.0,1.0,0,74512.0
22,9,245,1571,0,1,16,0.0,0.0,1.0,0.0,0.08,16,255,1.0,0.0,0.02,0.0,0.0,0.0,0,73893.0
61,5,0,0,0,0,221,1.0,1.0,0.11,0.05,0.0,255,24,0.09,0.05,0.0,1.0,1.0,0.0,1,97737.0
2,1,0,0,0,0,142,0.0,0.0,0.11,0.06,0.0,255,5,0.02,0.06,0.0,0.0,0.0,1.0,1,119499.0
29,1,0,0,0,0,230,0.0,0.0,0.05,0.07,0.0,255,12,0.05,0.09,0.0,0.0,0.0,1.0,1,56278.0
49,9,2559,336,0,1,1,0.0,0.0,1.0,0.0,0.0,209,198,0.73,0.02,0.01,0.0,0.0,0.0,0,100199.0
11,9,44,127,0,0,16,0.0,0.0,1.0,0.0,0.0,154,91,0.59,0.03,0.0,0.0,0.0,0.0,0,56649.0
53,5,0,0,0,0,270,1.0,1.0,0.04,0.06,0.0,255,11,0.04,0.08,0.0,1.0,1.0,0.0,1,53113.0
44,5,0,0,0,0,200,1.0,1.0,0.08,0.06,0.0,255,1,0.0,0.09,0.0,1.0,1.0,0.0,1,124779.0
44,9,28,0,3,0,89,0.01,0.0,0.99,0.02,0.0,255,88,0.35,0.01,0.0,0.0,0.0,0.0,1,63687.0
44,5,0,0,0,0,106,1.0,1.0,0.03,0.08,0.0,255,6,0.02,0.07,0.0,1.0,1.0,0.0,1,111250.0
22,9,291,255,0,1,2,0.0,0.0,1.0,0.0,0.0,255,254,1.0,0.01,0.0,0.0,0.0,0.0,0,61132.0
44,4,0,0,0,0,1,0.0,0.0,1.0,0.0,0.0,157,1,0.01,0.14,0.0,0.0,0.0,1.0,1,113984.0
11,9,34,50,0,0,3,0.0,0.0,1.0,0.0,0.5,255,242,0.95,0.01,0.0,0.0,0.0,0.0,0,26641.0
11,9,46,46,0,0,106,0.0,0.0,1.0,0.0,0.0,255,200,0.78,0.01,0.0,0.0,0.0,0.0,0,81564.0
4,5,0,0,0,0,290,1.0,1.0,0.04,0.06,0.0,255,8,0.03,0.07,0.0,1.0,1.0,0.0,1,56010.0
12,1,0,0,0,0,102,0.01,0.0,0.01,1.0,0.0,255,1,0.0,0.42,0.0,0.0,0.0,1.0,1,38405.0
44,5,0,0,0,0,169,1.0,1.0,0.03,0.06,0.0,255,5,0.02,0.05,0.0,1.0,1.0,0.0,1,50234.0
13,9,8,0,0,0,1,0.0,0.0,1.0,0.0,1.0,1,41,1.0,0.0,0.51,0.0,0.0,0.0,1,111112.0
49,9,2177,332,0,1,1,0.0,0.0,1.0,0.0,1.0,120,102,0.3,0.03,0.02,0.0,0.0,0.0,0,53605.0
13,9,30,0,0,0,2,0.0,0.0,0.5,1.0,0.0,255,48,0.19,0.01,0.0,0.0,0.0,0.0,0,91241.0
4,1,0,0,0,0,247,0.0,0.0,0.02,0.07,0.0,255,6,0.02,0.08,0.0,0.0,0.0,1.0,1,26289.0
22,9,154,3181,0,1,1,0.0,0.0,1.0,0.0,0.0,234,255,1.0,0.0,0.01,0.0,0.0,0.0,0,68014.0
22,9,203,475,0,1,1,0.0,0.0,1.0,0.0,0.29,132,255,1.0,0.0,0.08,0.01,0.0,0.51,0,86022.0
44,5,0,0,0,0,260,1.0,1.0,0.02,0.07,0.0,255,6,0.02,0.09,0.0,1.0,1.0,0.0,1,18205.0
11,9,44,44,0,0,199,0.0,0.0,1.0,0.0,0.0,255,255,1.0,0.0,0.0,0.0,0.0,0.0,0,49140.0
22,9,230,1957,0,1,25,0.0,0.0,1.0,0.0,0.0,255,255,1.0,0.0,0.0,0.0,0.0,0.0,0,79568.0
15,1,0,0,0,0,124,0.0,0.0,0.16,0.07,0.0,255,20,0.08,0.07,0.0,0.0,0.0,1.0,1,49057.0
22,9,331,946,0,1,12,0.0,0.0,1.0,0.0,0.0,132,255,1.0,0.0,0.04,0.0,0.0,0.0,0,20946.0
22,9,237,3211,0,1,7,0.0,0.0,1.0,0.0,0.0,255,255,1.0,0.0,0.0,0.0,0.0,0.0,0,52335.0
22,9,305,45284,0,1,2,0.0,0.0,1.0,0.0,0.67,58,255,1.0,0.0,0.02,0.0,0.0,0.0,0,78539.0
55,9,139,2456,0,1,1,0.0,0.0,1.0,0.0,0.0,3,6,0.33,1.0,0.67,0.0,0.0,0.0,0,57395.0
19,9,383,0,0,1,2,0.0,0.0,1.0,0.0,0.0,73,84,0.75,0.04,0.02,0.0,0.0,0.0,0,53149.0
62,1,0,0,0,0,263,0.0,0.0,0.01,0.06,0.0,255,3,0.01,0.07,0.0,0.0,0.0,1.0,1,125597.0
44,1,0,0,0,0,106,0.0,0.0,0.04,0.08,0.0,81,4,0.05,0.1,0.0,0.0,0.0,1.0,1,4023.0
17,9,10,147,0,0,1,0.0,0.0,1.0,0.0,0.0,255,63,0.25,0.02,0.0,0.99,0.98,0.0,0,70516.0
22,9,203,4833,0,1,19,0.0,0.0,1.0,0.0,0.0,19,255,1.0,0.0,0.06,0.0,0.02,0.0,0,43646.0
22,9,195,605,0,1,5,0.0,0.0,1.0,0.0,0.12,22,255,1.0,0.0,0.04,0.0,0.0,0.01,0,16757.0
44,5,0,0,0,0,229,1.0,1.0,0.03,0.07,0.0,255,7,0.03,0.06,0.0,1.0,1.0,0.0,1,56775.0
22,9,389,824,0,1,6,0.0,0.0,1.0,0.0,0.15,46,255,1.0,0.0,0.01,0.0,0.0,0.0,0,21110.0
62,5,0,0,0,0,269,1.0,1.0,0.04,0.06,0.0,255,12,0.05,0.08,0.0,1.0,1.0,0.0,1,45188.0
44,5,0,0,0,0,227,1.0,1.0,0.08,0.06,0.0,255,18,0.07,0.07,0.0,1.0,1.0,0.0,1,24670.0
44,5,0,0,0,0,198,1.0,1.0,0.03,0.08,0.0,255,5,0.02,0.07,0.0,1.0,1.0,0.0,1,33607.0
49,9,746,331,0,1,1,0.0,0.0,1.0,0.0,0.0,128,181,0.8,0.04,0.01,0.0,0.0,0.0,0,46342.0
47,5,0,0,0,0,164,1.0,1.0,0.1,0.07,0.0,255,17,0.07,0.06,0.0,1.0,1.0,0.0,1,107073.0
22,9,213,895,0,1,7,0.0,0.0,1.0,0.0,0.0,7,255,1.0,0.0,0.03,0.0,0.0,0.0,0,88235.0
22,1,0,0,0,0,1,0.0,0.0,1.0,0.0,1.0,27,73,1.0,0.0,0.1,0.0,0.0,1.0,0,59779.0
25,5,0,0,0,0,278,1.0,1.0,0.01,0.05,0.0,255,3,0.01,0.05,0.0,1.0,1.0,0.0,1,44492.0
33,5,0,0,0,0,236,1.0,1.0,0.03,0.06,0.0,255,10,0.04,0.07,0.0,1.0,1.0,0.0,1,65797.0
54,1,0,0,0,0,266,0.0,0.0,0.06,0.07,0.0,255,15,0.06,0.08,0.0,0.0,0.0,1.0,1,93167.0
22,9,296,296,0,1,8,0.0,0.0,1.0,0.0,0.0,35,145,1.0,0.0,0.03,0.0,0.0,0.0,0,91213.0
22,9,263,2618,0,1,10,0.0,0.0,1.0,0.0,0.12,43,255,1.0,0.0,0.04,0.0,0.0,0.0,0,37235.0
12,5,0,0,0,0,162,1.0,1.0,0.04,0.06,0.0,255,7,0.03,0.06,0.0,1.0,1.0,0.0,1,42862.0
32,5,0,0,0,0,296,1.0,1.0,0.06,0.05,0.0,255,10,0.04,0.07,0.0,1.0,1.0,0.0,1,31373.0
22,9,335,6956,0,1,3,0.0,0.0,1.0,0.0,0.12,255,255,1.0,0.0,0.0,0.0,0.0,0.0,0,8040.0
60,5,0,0,0,0,278,1.0,1.0,0.06,0.06,0.0,255,4,0.02,0.07,0.0,1.0,1.0,0.0,1,84430.0
19,9,5891,0,0,1,15,0.07,0.07,1.0,0.0,0.0,244,74,0.3,0.03,0.0,0.02,0.04,0.0,0,3706.0
11,9,44,78,0,0,157,0.0,0.0,1.0,0.0,0.0,255,255,1.0,0.0,0.0,0.0,0.0,0.0,0,37030.0
44,1,0,0,0,0,210,0.0,0.0,0.02,0.07,0.0,255,5,0.02,0.08,0.0,0.0,0.0,1.0,1,43181.0
22,9,329,19561,0,1,15,0.0,0.0,1.0,0.0,0.0,255,255,1.0,0.0,0.0,0.0,0.0,0.0,0,97434.0
7,5,0,0,0,0,226,1.0,1.0,0.0,0.06,0.0,255,1,0.0,0.07,0.0,1.0,1.0,0.0,1,38529.0
19,9,637,0,0,1,5,0.0,0.0,1.0,0.0,0.0,217,55,0.22,0.02,0.04,0.0,0.0,0.0,0,38728.0
22,9,214,7483,0,1,10,0.0,0.0,1.0,0.0,0.17,28,255,1.0,0.0,0.02,0.0,0.0,0.0,0,27116.0
13,9,8,0,0,0,1,0.0,0.0,1.0,0.0,1.0,2,26,1.0,0.0,0.5,0.0,0.0,0.0,1,15923.0
59,5,0,0,0,0,117,1.0,1.0,0.06,0.06,0.0,255,7,0.03,0.05,0.0,1.0,1.0,0.0,1,108940.0
22,1,0,0,0,0,1,0.0,0.0,1.0,0.0,0.0,6,255,1.0,0.0,0.13,0.0,0.0,0.89,0,41970.0
19,9,14189,0,0,1,3,0.0,0.0,1.0,0.0,0.0,45,41,0.2,0.07,0.05,0.0,0.0,0.0,0,46769.0
22,9,194,1336,0,1,10,0.0,0.0,1.0,0.0,0.0,176,255,1.0,0.0,0.02,0.0,0.0,0.0,0,68132.0
14,9,1032,0,0,0,330,0.0,0.0,1.0,0.0,0.0,255,255,1.0,0.0,0.0,0.0,0.0,0.0,1,52444.0
19,9,7045,0,0,1,2,0.0,0.0,1.0,0.0,0.0,3,36,1.0,0.0,0.14,0.0,0.0,0.0,1,99378.0
44,5,0,0,0,0,189,1.0,1.0,0.13,0.05,0.0,255,25,0.1,0.07,0.0,1.0,1.0,0.0,1,97435.0
22,9,191,934,0,1,1,0.0,0.0,1.0,0.0,0.0,255,255,1.0,0.0,0.0,0.0,0.0,0.0,0,3318.0
22,9,213,659,0,1,18,0.0,0.0,1.0,0.0,0.0,255,255,1.0,0.0,0.0,0.0,0.0,0.0,0,28659.0
49,9,1799,409,0,1,1,0.0,0.0,1.0,0.0,1.0,149,135,0.54,0.05,0.01,0.01,0.0,0.0,0,106498.0
10,1,0,0,0,0,242,0.0,0.0,0.01,0.07,0.0,255,2,0.01,0.08,0.0,0.0,0.0,1.0,1,47316.0
22,9,363,8677,0,1,2,0.0,0.0,1.0,0.0,0.16,3,255,1.0,0.0,0.06,0.0,0.01,0.0,0,36877.0
37,5,0,0,0,0,101,1.0,1.0,0.03,0.06,0.0,255,19,0.07,0.06,0.0,1.0,1.0,0.0,1,81148.0
40,9,146,105,0,0,1,0.0,0.0,1.0,0.0,0.0,255,1,0.0,0.81,0.0,0.0,0.0,0.0,0,93921.0
0,4,1669,7532,0,1,2,0.0,0.0,0.5,1.0,0.0,169,19,0.11,0.01,0.0,0.0,0.0,0.79,0,98209.0
55,5,0,0,0,0,8,0.88,1.0,0.88,0.25,0.0,7,8,1.0,0.0,0.25,1.0,0.88,0.0,1,21037.0
11,9,45,134,0,0,269,0.0,0.0,1.0,0.0,0.0,255,251,0.98,0.01,0.0,0.0,0.0,0.0,0,93571.0
22,9,241,1270,0,1,1,0.0,0.0,1.0,0.0,0.4,255,255,1.0,0.0,0.0,0.01,0.01,0.0,0,58226.0
44,9,1,74,0,0,25,0.0,0.0,0.44,0.12,0.0,255,11,0.04,0.76,0.0,0.16,0.0,0.0,1,44064.0
22,9,317,1448,0,1,5,0.0,0.0,1.0,0.0,0.0,52,255,1.0,0.0,0.02,0.0,0.0,0.0,0,15570.0
5,5,0,0,0,0,104,1.0,1.0,0.08,0.06,0.0,255,8,0.03,0.06,0.0,1.0,1.0,0.0,1,10182.0
22,9,237,1409,0,1,10,0.0,0.0,1.0,0.0,0.25,255,255,1.0,0.0,0.0,0.0,0.0,0.0,0,69397.0
22,9,317,923,0,1,2,0.0,0.0,1.0,0.0,0.67,29,255,1.0,0.0,0.05,0.0,0.0,0.0,0,56494.0
13,9,18,0,0,0,1,0.0,0.0,1.0,0.0,0.0,1,239,1.0,0.0,1.0,0.0,0.0,0.0,1,12851.0
7,5,0,0,0,0,229,1.0,1.0,0.03,0.06,0.0,255,8,0.03,0.06,0.0,1.0,1.0,0.0,1,93400.0
44,5,0,0,0,0,109,1.0,1.0,0.07,0.06,0.0,255,5,0.02,0.07,0.0,1.0,1.0,0.0,1,43213.0
19,9,7196,0,0,1,8,0.0,0.0,1.0,0.0,0.0,255,14,0.05,0.8,0.0,0.0,0.0,0.0,0,106323.0
49,9,1496,391,0,1,1,0.0,0.0,1.0,0.0,0.0,255,50,0.2,0.07,0.0,0.63,0.0,0.0,0,79821.0
11,9,46,137,0,0,67,0.0,0.0,0.99,0.03,0.01,255,237,0.93,0.01,0.0,0.0,0.0,0.0,0,120176.0
49,9,6327,331,0,1,1,0.0,0.0,1.0,0.0,1.0,78,153,0.55,0.19,0.01,0.01,0.0,0.0,0,70274.0
30,2,0,0,0,0,107,0.0,0.0,0.02,0.07,0.0,255,2,0.01,0.06,0.0,0.0,0.0,1.0,1,125598.0
22,9,206,14017,0,1,14,0.0,0.0,1.0,0.0,0.0,255,255,1.0,0.0,0.0,0.0,0.0,0.0,0,118219.0
40,9,147,105,0,0,1,0.0,0.0,1.0,0.0,0.0,255,1,0.0,0.55,0.0,0.0,0.0,0.0,0,86065.0
49,9,802,341,0,1,1,0.0,0.0,1.0,0.0,0.0,118,177,0.81,0.03,0.01,0.0,0.0,0.0,0,73177.0
14,9,520,0,0,0,478,0.0,0.0,1.0,0.0,0.0,96,96,1.0,0.0,0.0,0.0,0.0,0.0,1,61966.0
40,9,1766,0,0,1,1,0.0,0.0,1.0,0.0,0.0,211,1,0.0,0.04,0.0,0.0,0.0,0.0,0,2072.0
22,1,0,0,0,0,1,0.0,0.0,1.0,0.0,0.0,65,169,1.0,0.0,0.04,0.0,0.0,1.0,0,23258.0
11,9,44,82,0,0,208,0.0,0.0,1.0,0.01,0.01,255,254,1.0,0.01,0.0,0.0,0.0,0.0,0,68075.0
22,9,314,4929,0,1,17,0.0,0.0,1.0,0.0,0.11,255,255,1.0,0.0,0.0,0.0,0.0,0.01,0,123760.0
22,9,194,9234,0,1,2,0.0,0.0,1.0,0.0,0.0,27,255,1.0,0.0,0.05,0.0,0.0,0.0,0,113680.0
49,9,1385,327,0,1,1,0.0,0.0,1.0,0.0,1.0,55,147,0.75,0.07,0.02,0.02,0.01,0.0,0,58547.0
13,9,8,0,0,0,1,0.0,0.0,1.0,0.0,1.0,2,54,1.0,0.0,0.5,0.0,0.0,0.0,1,69693.0
22,9,256,2148,0,1,3,0.0,0.0,1.0,0.0,0.0,255,251,0.98,0.01,0.0,0.0,0.0,0.0,0,86266.0
22,9,157,3435,0,1,2,0.0,0.0,1.0,0.0,0.0,2,2,1.0,0.0,0.0,0.0,0.0,0.0,0,71265.0
22,9,313,29165,0,1,1,0.0,0.0,1.0,0.0,1.0,1,255,1.0,0.0,0.04,0.0,0.0,0.0,0,84205.0
44,5,0,0,0,0,103,1.0,1.0,0.12,0.06,0.0,63,10,0.16,0.14,0.0,1.0,1.0,0.0,1,101885.0
22,9,317,1484,0,1,10,0.0,0.0,1.0,0.0,0.0,84,255,1.0,0.0,0.02,0.01,0.02,0.0,0,115914.0
22,9,220,295,0,1,3,0.0,0.0,1.0,0.0,0.0,3,255,1.0,0.0,0.04,0.0,0.0,0.0,0,57514.0
58,9,128,0,0,0,6,0.0,0.0,0.17,0.33,0.0,157,19,0.11,0.03,0.11,0.0,0.0,0.0,0,75027.0
59,2,0,0,0,0,129,0.0,0.0,0.15,0.06,0.0,255,19,0.07,0.07,0.0,0.0,0.0,1.0,1,62934.0
22,9,243,1226,0,1,12,0.0,0.0,1.0,0.0,0.0,144,255,1.0,0.0,0.02,0.0,0.0,0.0,0,24110.0
19,9,884,0,0,0,2,0.0,0.0,1.0,0.0,0.0,46,76,0.13,0.09,0.03,0.0,0.0,0.0,0,9093.0
22,9,208,3285,0,1,20,0.0,0.0,1.0,0.0,0.1,20,255,1.0,0.0,0.07,0.0,0.0,0.0,0,120037.0
44,1,0,0,0,0,138,0.0,0.0,0.06,0.06,0.0,255,4,0.02,0.07,0.0,0.0,0.0,1.0,1,110635.0
24,5,0,0,0,0,232,1.0,1.0,0.05,0.07,0.0,255,12,0.05,0.09,0.0,1.0,1.0,0.0,1,33709.0
40,4,1,0,0,0,2,0.0,0.0,1.0,0.0,0.0,255,2,0.01,0.66,0.0,0.0,0.0,1.0,1,113890.0
22,9,159,15808,0,1,1,0.0,0.0,1.0,0.0,0.17,1,255,1.0,0.0,0.05,0.0,0.01,0.0,0,67038.0
18,9,338,1072,0,1,1,0.0,0.0,1.0,0.0,0.0,32,5,0.16,0.06,0.0,0.0,0.0,0.0,0,63581.0
40,9,146,105,0,0,2,0.0,0.0,0.5,1.0,0.0,255,2,0.01,0.42,0.0,0.0,0.0,0.0,0,76251.0
55,4,0,0,0,0,1,0.0,0.0,1.0,0.0,0.0,165,1,0.01,0.15,0.0,0.0,0.0,1.0,1,19202.0
4,5,0,0,0,0,251,1.0,1.0,0.07,0.06,0.0,255,4,0.02,0.06,0.0,1.0,1.0,0.0,1,71713.0
5,5,0,0,0,0,128,1.0,1.0,0.05,0.06,0.0,255,15,0.06,0.07,0.0,1.0,1.0,0.0,1,1818.0
16,2,0,0,0,0,142,0.0,0.0,0.08,0.06,0.0,255,12,0.05,0.07,0.0,0.0,0.0,1.0,1,81235.0
49,9,1629,331,0,1,1,0.0,0.0,1.0,0.0,1.0,103,195,0.69,0.04,0.01,0.0,0.0,0.0,0,13774.0
11,9,46,77,0,0,160,0.0,0.0,1.0,0.0,0.0,255,249,0.98,0.01,0.0,0.0,0.0,0.0,0,22039.0
42,2,0,0,0,0,244,0.0,0.0,0.06,0.07,0.0,255,15,0.06,0.07,0.0,0.0,0.0,1.0,1,78029.0
28,1,0,0,0,0,139,0.0,0.0,0.06,0.06,0.0,255,5,0.02,0.07,0.0,0.0,0.0,1.0,1,44968.0
50,5,0,0,0,0,117,1.0,1.0,0.14,0.07,0.0,255,16,0.06,0.07,0.0,1.0,1.0,0.0,1,71207.0
18,9,248,781,0,1,1,0.0,0.0,1.0,0.0,0.0,233,26,0.11,0.03,0.0,0.0,0.0,0.0,0,72098.0
22,9,213,24436,0,1,2,0.0,0.0,1.0,0.0,0.0,40,255,1.0,0.0,0.02,0.0,0.0,0.0,0,124130.0
22,9,316,3451,0,1,5,0.0,0.0,1.0,0.0,0.0,232,255,1.0,0.0,0.02,0.0,0.0,0.0,0,81776.0
22,9,210,181,0,1,7,0.0,0.0,1.0,0.0,0.15,255,255,1.0,0.0,0.0,0.0,0.0,0.0,0,83204.0
44,5,0,0,0,0,226,1.0,1.0,0.03,0.05,0.0,167,7,0.04,0.07,0.0,0.92,1.0,0.0,1,54184.0
11,9,44,82,0,0,214,0.0,0.0,1.0,0.0,0.01,255,254,1.0,0.01,0.0,0.0,0.0,0.0,0,58372.0
14,9,1032,0,0,0,510,0.0,0.0,1.0,0.0,0.0,255,173,0.68,0.03,0.0,0.0,0.0,0.0,1,103272.0
44,5,0,0,0,0,71,1.0,1.0,0.24,0.06,0.0,255,8,0.03,0.07,0.0,1.0,1.0,0.0,1,93859.0
22,9,299,3260,0,1,1,0.0,0.0,1.0,0.0,0.0,13,255,1.0,0.0,0.04,0.0,0.01,0.0,0,105287.0
22,9,202,6546,0,1,7,0.0,0.0,1.0,0.0,0.0,40,255,1.0,0.0,0.03,0.0,0.0,0.0,0,19927.0
22,1,0,0,0,0,1,0.0,0.0,1.0,0.0,0.0,23,121,1.0,0.0,0.02,0.0,0.0,0.19,0,13388.0
7,1,0,0,0,0,272,0.0,0.0,0.03,0.06,0.0,255,8,0.03,0.08,0.0,0.0,0.0,1.0,1,62567.0
47,1,0,0,0,0,1,0.0,0.0,1.0,0.0,0.0,58,2,0.02,1.0,1.0,0.0,0.0,1.0,1,37388.0
22,9,206,12642,0,1,4,0.0,0.0,1.0,0.0,0.0,10,255,1.0,0.0,0.09,0.0,0.0,0.0,0,974.0
18,5,0,0,0,0,270,1.0,1.0,0.03,0.06,0.0,255,13,0.05,0.08,0.0,1.0,1.0,0.0,1,78545.0
49,9,696,330,0,1,1,0.0,0.0,1.0,0.0,1.0,255,126,0.49,0.02,0.0,0.0,0.0,0.0,0,104432.0
11,9,34,0,0,0,1,0.0,0.0,1.0,0.0,1.0,223,17,0.08,0.09,0.0,0.01,0.0,0.0,0,79289.0
22,9,334,1721,0,1,8,0.0,0.0,1.0,0.0,0.3,255,255,1.0,0.0,0.0,0.0,0.0,0.0,0,40105.0
44,1,0,0,0,0,230,0.0,0.0,0.03,0.07,0.0,255,8,0.03,0.09,0.0,0.0,0.0,1.0,1,49735.0
22,9,294,1536,0,1,11,0.0,0.0,1.0,0.0,0.0,144,255,1.0,0.0,0.03,0.0,0.0,0.0,0,16309.0
11,9,44,125,0,0,65,0.0,0.0,1.0,0.0,0.01,241,121,0.5,0.02,0.0,0.0,0.0,0.0,0,101801.0
38,5,0,0,0,0,300,1.0,1.0,0.08,0.05,0.0,255,25,0.1,0.05,0.0,1.0,1.0,0.0,1,79940.0
22,9,319,1528,0,1,2,0.0,0.0,1.0,0.0,0.0,16,234,1.0,0.0,0.02,0.0,0.0,0.0,0,113050.0
22,9,477,6614,0,1,13,0.0,0.0,1.0,0.0,0.0,189,255,1.0,0.0,0.03,0.0,0.0,0.0,0,55236.0
18,9,1018,2197,0,1,1,0.0,0.0,1.0,0.0,0.0,255,9,0.04,0.02,0.0,0.18,0.0,0.0,1,50571.0
40,9,146,105,0,0,1,0.0,0.0,1.0,0.0,0.0,255,1,0.0,0.71,0.0,0.0,0.0,0.0,0,94840.0
44,5,0,0,0,0,260,1.0,1.0,0.03,0.06,0.0,255,20,0.08,0.05,0.0,1.0,1.0,0.0,1,10236.0
22,9,299,12615,0,1,45,0.0,0.0,1.0,0.0,0.04,255,255,1.0,0.0,0.0,0.0,0.0,0.0,0,82105.0
49,9,1255,332,0,1,1,0.0,0.0,1.0,0.0,0.0,159,190,0.7,0.06,0.01,0.01,0.0,0.0,0,107029.0
4,5,0,0,0,0,223,1.0,1.0,0.05,0.05,0.0,181,12,0.07,0.07,0.0,0.99,1.0,0.0,1,52931.0
44,5,0,0,0,0,108,1.0,1.0,0.14,0.06,0.0,255,9,0.04,0.07,0.0,1.0,1.0,0.0,1,32218.0
22,9,369,2120,0,1,10,0.0,0.0,1.0,0.0,0.2,100,255,1.0,0.0,0.03,0.0,0.0,0.0,0,26145.0
22,9,355,768,0,1,43,0.0,0.0,1.0,0.0,0.0,163,255,1.0,0.0,0.01,0.0,0.0,0.05,0,40509.0
13,9,8,0,0,0,1,0.0,0.0,1.0,0.0,1.0,2,58,1.0,0.0,0.5,0.0,0.0,0.0,1,100999.0
22,9,304,310,0,1,1,0.0,0.0,1.0,0.0,1.0,1,2,1.0,0.0,1.0,0.0,0.0,0.0,0,87150.0
14,9,30,0,0,0,1,0.0,0.0,1.0,0.0,0.0,166,166,1.0,0.0,0.0,0.0,0.0,0.0,0,93851.0
14,9,520,0,0,0,274,0.0,0.0,1.0,0.0,0.0,255,255,1.0,0.0,0.0,0.0,0.0,0.0,1,102562.0
12,2,0,0,0,0,262,0.0,0.0,0.07,0.06,0.0,255,18,0.07,0.07,0.0,0.0,0.0,1.0,1,31627.0
51,5,0,0,0,0,216,1.0,1.0,0.07,0.06,0.0,255,15,0.06,0.07,0.0,1.0,1.0,0.0,1,99284.0
22,9,234,8139,0,1,5,0.0,0.0,1.0,0.0,0.0,255,255,1.0,0.0,0.0,0.0,0.0,0.01,0,11761.0
44,5,0,0,0,0,122,1.0,1.0,0.18,0.04,0.0,255,22,0.09,0.04,0.0,1.0,1.0,0.0,1,14548.0
22,9,289,810,0,1,8,0.0,0.0,1.0,0.0,0.0,255,255,1.0,0.0,0.0,0.0,0.0,0.0,0,111460.0
55,5,0,0,0,0,23,1.0,1.0,0.61,0.09,0.0,255,54,0.21,0.04,0.0,1.0,1.0,0.0,1,66503.0
19,9,1699,0,0,1,3,0.0,0.0,1.0,0.0,0.0,133,84,0.49,0.04,0.02,0.0,0.0,0.0,0,51311.0
21,5,0,0,0,0,193,1.0,1.0,0.01,0.07,0.0,255,2,0.01,0.07,0.0,1.0,1.0,0.0,1,21731.0
44,5,0,0,0,0,121,1.0,1.0,0.07,0.05,0.0,255,8,0.03,0.04,0.0,1.0,1.0,0.0,1,16154.0
44,5,0,0,0,0,278,1.0,1.0,0.08,0.05,0.0,255,22,0.09,0.06,0.0,1.0,1.0,0.0,1,5700.0
49,9,1303,330,0,1,1,0.0,0.0,1.0,0.0,0.0,182,87,0.48,0.03,0.0,0.01,0.0,0.0,0,34567.0
44,5,0,0,0,0,155,1.0,1.0,0.13,0.06,0.0,255,20,0.08,0.07,0.0,1.0,1.0,0.0,1,4144.0
59,5,0,0,0,0,136,1.0,1.0,0.05,0.07,0.0,255,7,0.03,0.07,0.0,1.0,1.0,0.0,1,76153.0
11,9,46,129,0,0,87,0.0,0.0,1.0,0.0,0.01,255,254,1.0,0.01,0.0,0.0,0.0,0.0,0,73463.0
22,1,0,0,0,0,1,0.0,0.0,1.0,0.0,0.0,113,249,1.0,0.0,0.1,0.0,0.0,0.7,0,5509.0
44,5,0,0,0,0,119,1.0,1.0,0.18,0.04,0.0,255,21,0.08,0.04,0.0,1.0,1.0,0.0,1,94333.0
22,9,293,5093,0,1,24,0.04,0.04,1.0,0.0,0.12,156,255,1.0,0.0,0.02,0.01,0.01,0.0,0,18566.0
22,1,0,0,0,0,16,0.0,0.0,1.0,0.0,0.0,34,114,1.0,0.0,0.18,0.0,0.0,0.96,0,71176.0
44,5,0,0,0,0,176,1.0,1.0,0.07,0.06,0.0,255,12,0.05,0.05,0.0,1.0,1.0,0.0,1,48354.0
1,9,80,240,0,0,2,0.0,0.0,1.0,0.0,0.0,47,6,0.13,0.13,0.0,0.0,0.0,0.0,0,50361.0
22,9,369,294,0,1,8,0.0,0.0,1.0,0.0,0.0,71,231,1.0,0.0,0.19,0.0,0.0,0.72,0,43812.0
17,5,0,0,0,0,1,1.0,1.0,1.0,0.0,0.0,1,8,1.0,0.0,0.25,1.0,0.12,0.0,1,89411.0
19,9,3468,0,0,0,23,0.0,0.0,1.0,0.0,0.0,163,73,0.45,0.02,0.0,0.0,0.0,0.0,0,115072.0
11,9,35,91,0,0,1,0.0,0.0,1.0,0.0,1.0,255,245,0.96,0.01,0.0,0.0,0.0,0.0,0,17068.0
49,9,1523,328,0,1,2,0.0,0.0,0.5,1.0,1.0,14,152,0.71,0.21,0.01,0.0,0.0,0.0,0,109778.0
22,7,305,2240,0,0,2,0.5,0.5,1.0,0.0,0.0,255,248,0.97,0.01,0.0,0.01,0.01,0.0,0,32334.0
22,9,232,1075,0,1,7,0.0,0.0,1.0,0.0,0.0,255,254,1.0,0.01,0.0,0.0,0.0,0.0,0,43139.0
44,9,105,146,0,0,4,0.0,0.0,0.25,0.5,0.0,255,229,0.9,0.01,0.0,0.0,0.0,0.0,0,25471.0
22,9,180,36668,0,1,1,0.0,0.0,1.0,0.0,0.0,141,255,1.0,0.0,0.01,0.0,0.0,0.0,0,19463.0
19,9,12,0,0,1,1,0.0,0.0,1.0,0.0,0.0,79,24,0.3,0.05,0.0,0.0,0.0,0.0,0,970.0
7,5,0,0,0,0,121,1.0,1.0,0.11,0.06,0.0,255,13,0.05,0.05,0.0,1.0,1.0,0.0,1,17713.0
55,9,4086,26845,0,1,1,0.0,0.0,1.0,0.0,0.0,255,11,0.04,0.07,0.0,0.77,0.09,0.0,0,111900.0
49,9,1727,333,0,1,1,0.0,0.0,1.0,0.0,1.0,152,110,0.72,0.03,0.0,0.0,0.0,0.0,0,85552.0
37,5,0,0,0,0,149,1.0,1.0,0.13,0.05,0.0,255,6,0.02,0.07,0.0,1.0,1.0,0.0,1,96617.0
40,9,147,105,0,0,1,0.0,0.0,1.0,0.0,0.0,42,1,0.02,0.67,0.0,0.0,0.0,0.0,0,67835.0
49,9,1557,335,0,1,2,0.0,0.0,1.0,0.0,0.67,231,143,0.52,0.02,0.01,0.0,0.0,0.0,0,122464.0
44,5,0,0,0,0,103,1.0,1.0,0.13,0.06,0.0,255,33,0.13,0.07,0.0,1.0,1.0,0.0,1,39977.0
17,5,0,0,0,0,11,1.0,1.0,0.27,0.36,0.0,255,47,0.18,0.05,0.0,1.0,1.0,0.0,1,85213.0
11,9,45,125,0,0,142,0.0,0.0,0.99,0.01,0.0,255,254,1.0,0.01,0.0,0.0,0.0,0.0,0,125749.0
44,5,0,0,0,0,232,1.0,1.0,0.04,0.07,0.0,255,10,0.04,0.09,0.0,1.0,1.0,0.0,1,34361.0
22,9,305,633,0,1,1,0.0,0.0,1.0,0.0,1.0,184,255,1.0,0.0,0.04,0.0,0.0,0.0,0,84801.0
49,9,1995,383,0,1,1,0.0,0.0,1.0,0.0,0.0,255,30,0.12,0.02,0.0,0.8,0.0,0.0,0,31331.0
22,7,291,30696,0,1,3,0.33,0.33,1.0,0.0,0.0,3,255,1.0,0.0,0.05,0.33,0.0,0.0,0,56694.0
19,9,10261,0,0,0,1,0.0,0.0,1.0,0.0,0.0,1,88,1.0,0.0,0.02,0.0,0.0,0.0,0,90079.0
22,9,241,2017,0,1,7,0.0,0.0,1.0,0.0,0.0,255,255,1.0,0.0,0.0,0.0,0.0,0.0,0,115321.0
22,9,300,1451,0,1,6,0.0,0.0,1.0,0.0,0.29,30,255,1.0,0.0,0.03,0.03,0.0,0.0,0,118136.0
22,9,206,1214,0,1,16,0.0,0.0,1.0,0.0,0.07,255,255,1.0,0.0,0.0,0.0,0.0,0.0,0,17494.0
40,9,147,105,0,0,1,0.0,0.0,1.0,0.0,0.0,255,3,0.01,0.63,0.0,0.0,0.0,0.0,0,112528.0
44,1,0,0,0,0,417,0.06,0.0,0.0,1.0,0.0,255,1,0.0,1.0,0.0,0.09,0.0,1.0,1,69840.0
22,9,210,1425,0,1,10,0.0,0.0,1.0,0.0,0.0,65,255,1.0,0.0,0.04,0.0,0.0,0.0,0,869.0
44,5,0,0,0,0,252,1.0,1.0,0.02,0.06,0.0,255,20,0.08,0.07,0.0,1.0,1.0,0.0,1,76733.0
22,9,224,347,0,1,1,0.0,0.0,1.0,0.0,0.0,8,255,1.0,0.0,0.03,0.0,0.0,0.0,0,74494.0
44,5,0,0,0,0,138,1.0,1.0,0.14,0.07,0.0,255,20,0.08,0.06,0.0,1.0,1.0,0.0,1,91747.0
44,4,0,0,0,0,1,0.0,0.0,1.0,0.0,0.0,255,1,0.0,0.26,0.0,0.0,0.0,1.0,1,64817.0
15,5,0,0,0,0,103,1.0,1.0,0.09,0.06,0.0,255,18,0.07,0.06,0.0,1.0,1.0,0.0,1,74574.0
49,9,1187,363,0,1,1,0.0,0.0,1.0,0.0,0.0,19,191,0.68,0.11,0.02,0.0,0.0,0.0,0,63583.0
11,9,45,131,0,0,131,0.0,0.0,1.0,0.0,0.01,255,206,0.81,0.01,0.0,0.0,0.0,0.0,0,48450.0
22,9,267,6191,0,1,2,0.0,0.0,1.0,0.0,0.0,49,255,1.0,0.0,0.01,0.0,0.0,0.0,0,65172.0
22,9,206,313,0,1,27,0.0,0.0,1.0,0.0,0.08,255,255,1.0,0.0,0.0,0.0,0.0,0.0,0,82785.0
4,5,0,0,0,0,210,1.0,1.0,0.08,0.07,0.0,255,11,0.04,0.08,0.0,1.0,1.0,0.0,1,102770.0
13,9,8,0,0,0,1,0.0,0.0,1.0,0.0,1.0,1,103,1.0,0.0,0.5,0.0,0.0,0.0,1,98153.0
19,9,567,0,0,1,1,0.0,0.0,1.0,0.0,0.0,205,53,0.26,0.03,0.0,0.0,0.0,0.0,0,102929.0
22,9,274,6874,0,1,1,0.0,0.0,1.0,0.0,0.17,31,255,1.0,0.0,0.02,0.0,0.0,0.0,0,119458.0
40,9,8325,0,0,1,23,0.04,0.0,0.04,0.39,0.0,70,1,0.01,0.16,0.0,0.01,0.0,0.0,0,100616.0
19,9,10272,0,0,1,11,0.0,0.0,1.0,0.0,0.0,255,78,0.31,0.04,0.0,0.0,0.01,0.0,0,41987.0
22,9,259,14271,0,1,1,0.0,0.0,1.0,0.0,0.18,1,255,1.0,0.0,0.01,0.0,0.0,0.0,0,34668.0
40,9,146,105,0,0,1,0.0,0.0,1.0,0.0,0.0,138,1,0.01,0.65,0.0,0.0,0.0,0.0,0,15679.0
59,5,0,0,0,0,134,1.0,1.0,0.03,0.06,0.0,255,4,0.02,0.07,0.0,1.0,1.0,0.0,1,1967.0
29,5,0,0,0,0,243,1.0,1.0,0.02,0.05,0.0,255,5,0.02,0.05,0.0,1.0,1.0,0.0,1,46449.0
11,9,44,44,0,0,8,0.0,0.0,0.12,0.25,0.25,55,53,0.96,0.04,0.0,0.0,0.0,0.0,0,33462.0
11,9,44,44,0,0,48,0.0,0.0,1.0,0.0,0.03,255,254,1.0,0.01,0.0,0.0,0.0,0.0,0,111083.0
11,9,45,77,0,0,189,0.0,0.0,0.99,0.01,0.01,255,254,1.0,0.01,0.0,0.0,0.0,0.0,0,77909.0
19,9,383,0,0,1,2,0.0,0.0,1.0,0.0,0.0,255,102,0.4,0.03,0.0,0.01,0.01,0.0,0,8391.0
22,9,218,480,0,1,2,0.0,0.0,1.0,0.0,0.0,5,255,1.0,0.0,0.04,0.0,0.0,0.0,0,9361.0
44,5,0,0,0,0,120,1.0,1.0,0.15,0.06,0.0,255,13,0.05,0.07,0.0,1.0,1.0,0.0,1,118997.0
22,1,0,0,0,0,1,0.0,0.0,1.0,0.0,0.0,14,205,1.0,0.0,0.16,0.0,0.0,0.98,0,80339.0
44,5,0,0,0,0,72,1.0,1.0,0.08,0.07,0.0,255,6,0.02,0.06,0.0,1.0,1.0,0.0,1,86276.0
31,1,0,0,0,0,241,0.0,0.0,0.06,0.07,0.0,255,15,0.06,0.07,0.0,0.0,0.0,1.0,1,46744.0
44,9,1,0,0,0,8,0.0,0.0,0.75,0.38,0.0,255,6,0.02,0.35,0.0,0.0,0.0,0.0,1,9213.0
49,9,1538,332,0,1,1,0.0,0.0,1.0,0.0,0.0,15,230,0.93,0.13,0.01,0.0,0.0,0.0,0,72544.0
54,1,0,0,0,0,2,0.0,0.0,0.5,1.0,0.0,255,1,0.0,1.0,0.0,0.0,0.0,1.0,1,4865.0
22,9,209,5875,0,1,1,0.0,0.0,1.0,0.0,0.0,1,255,1.0,0.0,0.03,0.0,0.0,0.0,0,7828.0
22,9,295,2888,0,1,32,0.0,0.0,1.0,0.0,0.0,73,255,1.0,0.0,0.04,0.0,0.01,0.0,0,39288.0
44,5,0,0,0,0,279,1.0,1.0,0.06,0.05,0.0,255,17,0.07,0.05,0.0,1.0,1.0,0.0,1,99055.0
14,9,1032,0,0,0,65,0.0,0.0,1.0,0.0,0.0,255,255,1.0,0.0,0.0,0.0,0.0,0.0,1,896.0
13,9,8,0,0,0,1,0.0,0.0,1.0,0.0,1.0,4,255,1.0,0.0,0.25,0.0,0.0,0.0,1,30716.0
40,4,1,0,0,0,2,0.0,0.0,1.0,0.0,0.0,255,2,0.01,0.74,0.0,0.0,0.0,1.0,1,40943.0
17,5,0,0,0,0,6,1.0,1.0,0.17,0.33,0.0,255,55,0.22,0.04,0.0,1.0,1.0,0.0,1,89359.0
44,4,1,0,0,0,2,0.0,0.0,1.0,0.0,0.0,255,2,0.01,0.5,0.0,0.0,0.0,1.0,1,44071.0
55,5,0,0,0,0,33,1.0,1.0,0.21,0.12,0.0,113,28,0.24,0.04,0.07,1.0,0.96,0.0,1,102531.0
22,9,338,256,0,1,5,0.0,0.0,1.0,0.0,0.17,150,255,1.0,0.0,0.02,0.0,0.0,0.0,0,15678.0
49,9,1193,370,0,1,1,0.0,0.0,1.0,0.0,0.0,179,167,0.61,0.03,0.01,0.01,0.01,0.0,0,29816.0
44,9,28,0,3,0,80,0.0,0.0,1.0,0.0,0.0,255,80,0.31,0.02,0.0,0.0,0.0,0.0,1,46.0
11,9,43,130,0,0,70,0.0,0.0,1.0,0.0,0.01,255,255,1.0,0.0,0.0,0.0,0.0,0.0,0,32969.0
22,5,0,0,0,0,1,1.0,1.0,1.0,0.0,0.0,134,255,1.0,0.0,0.05,0.01,0.01,0.99,0,48838.0
11,9,45,133,0,0,191,0.0,0.0,0.99,0.01,0.0,80,47,0.59,0.03,0.0,0.0,0.0,0.0,0,112698.0
14,9,30,0,0,0,2,0.0,0.0,1.0,0.0,0.0,161,161,1.0,0.0,0.0,0.0,0.0,0.0,0,48329.0
22,9,345,5645,0,1,16,0.0,0.0,1.0,0.0,0.0,255,255,1.0,0.0,0.0,0.0,0.0,0.0,0,54798.0
59,5,0,0,0,0,145,1.0,1.0,0.09,0.06,0.0,255,5,0.02,0.07,0.0,1.0,1.0,0.0,1,92901.0
16,5,0,0,0,0,134,1.0,1.0,0.09,0.06,0.0,255,5,0.02,0.07,0.0,1.0,1.0,0.0,1,69433.0
22,9,233,2571,0,1,6,0.0,0.0,1.0,0.0,0.0,125,255,1.0,0.0,0.03,0.0,0.0,0.0,0,95397.0
22,9,295,6892,0,1,1,0.0,0.0,1.0,0.0,0.0,5,255,1.0,0.0,0.04,0.0,0.01,0.0,0,20768.0
49,4,1,0,0,0,2,0.0,0.0,1.0,0.0,0.0,170,115,0.24,0.15,0.02,0.0,0.0,0.02,1,84968.0
55,2,0,15,0,0,1,0.0,0.0,1.0,0.0,0.0,255,2,0.01,0.04,0.0,0.0,0.0,1.0,0,90331.0
11,9,46,135,0,0,67,0.0,0.0,1.0,0.0,0.01,255,254,1.0,0.01,0.0,0.0,0.0,0.0,0,105289.0
9,2,0,0,0,0,264,0.0,0.0,0.03,0.06,0.0,255,8,0.03,0.07,0.0,0.0,0.0,1.0,1,42925.0
12,5,0,0,0,0,138,1.0,1.0,0.14,0.05,0.0,255,20,0.08,0.06,0.0,1.0,1.0,0.0,1,95486.0
22,9,281,2973,0,1,7,0.0,0.0,1.0,0.0,0.0,29,255,1.0,0.0,0.05,0.0,0.0,0.0,0,85874.0
2,5,0,0,0,0,139,1.0,1.0,0.04,0.05,0.0,255,6,0.02,0.05,0.0,1.0,1.0,0.0,1,82368.0
22,1,0,0,0,0,282,0.0,0.0,0.07,0.06,0.0,255,20,0.08,0.07,0.0,0.0,0.0,1.0,1,36531.0
44,5,0,0,0,0,266,1.0,1.0,0.03,0.05,0.0,224,9,0.04,0.06,0.0,0.99,1.0,0.0,1,88776.0
49,9,3128,371,0,1,1,0.0,0.0,1.0,0.0,0.0,29,118,0.79,0.1,0.02,0.0,0.0,0.0,0,38424.0
44,5,0,0,0,0,118,1.0,1.0,0.15,0.06,0.0,255,38,0.15,0.05,0.0,1.0,1.0,0.0,1,79253.0
61,1,0,0,0,0,110,0.0,0.0,0.06,0.06,0.0,255,7,0.03,0.07,0.0,0.0,0.0,1.0,1,2135.0
22,9,311,932,0,1,15,0.0,0.0,1.0,0.0,0.08,15,255,1.0,0.0,0.02,0.0,0.0,0.0,0,91625.0
22,9,231,2239,0,1,5,0.0,0.0,1.0,0.0,0.0,255,255,1.0,0.0,0.0,0.0,0.0,0.0,0,92011.0
44,5,0,0,0,0,245,1.0,1.0,0.04,0.07,0.0,255,5,0.02,0.07,0.0,1.0,1.0,0.0,1,116682.0
44,5,0,0,0,0,223,1.0,1.0,0.06,0.06,0.0,255,7,0.03,0.07,0.0,1.0,1.0,0.0,1,38990.0
11,9,44,44,0,0,83,0.0,0.0,0.99,0.02,0.01,255,254,1.0,0.01,0.0,0.0,0.0,0.0,0,78008.0
22,9,299,4046,0,1,1,0.0,0.0,1.0,0.0,0.0,74,255,1.0,0.0,0.02,0.05,0.02,0.0,0,18282.0
44,9,100,0,0,0,1,0.0,0.0,1.0,0.0,0.0,227,37,0.16,0.01,0.0,0.0,0.0,0.0,1,11541.0
44,5,0,0,0,0,289,1.0,1.0,0.07,0.06,0.0,255,20,0.08,0.09,0.0,1.0,1.0,0.0,1,59305.0
22,1,0,0,0,0,1,0.0,0.0,1.0,0.0,1.0,192,255,1.0,0.0,0.06,0.0,0.0,0.53,0,24980.0
17,5,0,0,0,0,9,1.0,1.0,0.22,0.44,0.0,255,62,0.24,0.02,0.0,1.0,1.0,0.0,1,86308.0
44,1,0,0,0,0,120,0.0,0.0,0.05,0.08,0.0,255,6,0.02,0.06,0.0,0.0,0.0,1.0,1,89051.0
22,9,239,771,0,1,16,0.0,0.0,1.0,0.0,0.0,255,255,1.0,0.0,0.0,0.0,0.0,0.0,0,40526.0
22,9,323,4374,0,1,4,0.0,0.0,1.0,0.0,0.25,5,255,1.0,0.0,0.03,0.0,0.0,0.0,0,14395.0
22,1,0,0,0,0,1,0.0,0.0,1.0,0.0,0.67,19,255,1.0,0.0,0.03,0.0,0.02,0.04,0,56653.0
22,9,211,24572,0,1,4,0.25,0.25,1.0,0.0,0.0,255,255,1.0,0.0,0.0,0.0,0.0,0.0,0,117602.0
23,1,0,0,0,0,139,0.0,0.0,0.14,0.06,0.0,255,20,0.08,0.06,0.0,0.0,0.0,1.0,1,101195.0
44,1,0,0,0,0,75,0.0,0.0,0.25,0.08,0.0,255,9,0.04,0.07,0.0,0.0,0.0,1.0,1,103569.0
54,5,0,0,0,0,300,1.0,1.0,0.02,0.06,0.0,255,6,0.02,0.07,0.0,1.0,1.0,0.0,1,8946.0
22,9,337,557,0,1,10,0.0,0.0,1.0,0.0,0.0,10,255,1.0,0.0,0.04,0.0,0.0,0.0,0,61205.0
22,9,294,560,0,1,1,0.0,0.0,1.0,0.0,0.0,3,255,1.0,0.0,0.04,0.33,0.0,0.0,0,55342.0
22,9,308,11283,0,1,26,0.0,0.0,1.0,0.0,0.0,152,255,1.0,0.0,0.03,0.0,0.0,0.0,0,72647.0
19,9,607,0,0,1,2,0.0,0.0,1.0,0.0,0.0,38,94,0.76,0.05,0.02,0.03,0.01,0.0,0,25680.0
11,9,43,76,0,0,4,0.0,0.0,1.0,0.0,0.0,255,251,0.98,0.01,0.0,0.0,0.0,0.0,0,4069.0
22,9,323,280,0,1,8,0.0,0.0,1.0,0.0,0.0,8,255,1.0,0.0,0.02,0.0,0.0,0.0,0,72534.0
61,5,0,0,0,0,206,1.0,1.0,0.01,0.07,0.0,255,3,0.01,0.08,0.0,1.0,1.0,0.0,1,4837.0
44,5,0,0,0,0,173,1.0,1.0,0.01,0.06,0.0,255,1,0.0,0.07,0.0,1.0,1.0,0.0,1,32264.0
44,5,0,0,0,0,253,1.0,1.0,0.07,0.06,0.0,255,17,0.07,0.08,0.0,1.0,1.0,0.0,1,108658.0
28,5,0,0,0,0,149,1.0,1.0,0.13,0.05,0.0,255,3,0.01,0.07,0.0,1.0,1.0,0.0,1,99256.0
14,9,520,0,0,0,4,0.0,0.0,1.0,0.0,0.0,255,255,1.0,0.0,0.0,0.0,0.0,0.0,1,62668.0
55,5,0,0,0,0,25,1.0,1.0,0.2,0.08,0.0,255,5,0.02,0.07,0.0,1.0,1.0,0.0,1,7015.0
22,9,298,5336,0,1,16,0.0,0.0,1.0,0.0,0.0,110,255,1.0,0.0,0.01,0.0,0.0,0.0,0,74368.0
22,9,333,1819,0,1,39,0.0,0.0,1.0,0.0,0.0,255,255,1.0,0.0,0.0,0.0,0.0,0.0,0,30850.0
13,9,18,0,0,0,1,0.0,0.0,1.0,0.0,0.0,1,132,1.0,0.0,1.0,0.0,0.0,0.0,1,40660.0
18,9,60,189,0,0,1,0.0,0.0,1.0,0.0,0.0,28,9,0.32,0.14,0.0,0.0,0.0,0.0,0,84831.0
40,4,1,0,0,0,2,0.0,0.0,1.0,0.0,0.0,255,2,0.01,0.67,0.0,0.0,0.0,1.0,1,40497.0
19,9,960,0,0,1,2,0.0,0.0,1.0,0.0,0.0,100,25,0.21,0.28,0.08,0.0,0.0,0.0,0,15353.0
22,9,295,39195,0,1,2,0.0,0.0,1.0,0.0,0.2,2,255,1.0,0.0,0.04,0.0,0.0,0.0,0,71952.0
44,5,0,0,0,0,240,1.0,1.0,0.0,0.06,0.0,255,1,0.0,0.05,0.0,1.0,1.0,0.0,1,107141.0
44,5,0,0,0,0,249,1.0,1.0,0.02,0.06,0.0,255,16,0.06,0.06,0.0,1.0,1.0,0.0,1,87713.0
22,9,229,2239,0,1,1,0.0,0.0,1.0,0.0,0.0,255,246,0.96,0.01,0.0,0.0,0.0,0.0,0,102864.0
22,9,247,765,0,1,9,0.0,0.0,1.0,0.0,0.13,173,255,1.0,0.0,0.02,0.0,0.0,0.0,0,79126.0
22,9,231,2698,0,1,3,0.0,0.0,1.0,0.0,0.5,255,253,0.99,0.01,0.0,0.0,0.0,0.04,0,70307.0
22,6,196,29200,0,1,3,0.33,0.33,1.0,0.0,0.0,127,255,1.0,0.0,0.03,0.02,0.01,0.0,0,88989.0
62,1,0,0,0,0,298,0.0,0.0,0.07,0.06,0.0,255,20,0.08,0.06,0.0,0.0,0.0,1.0,1,85572.0
44,5,0,0,0,0,103,1.0,1.0,0.14,0.06,0.0,255,1,0.0,0.07,0.0,1.0,1.0,0.0,1,73813.0
13,9,8,0,0,0,1,0.0,0.0,1.0,0.0,1.0,1,97,1.0,0.0,0.51,0.0,0.0,0.0,1,24139.0
11,9,44,75,0,0,201,0.0,0.0,1.0,0.0,0.0,255,254,1.0,0.01,0.0,0.0,0.0,0.0,0,48721.0
40,9,146,105,0,0,4,0.0,0.0,0.25,0.75,0.0,64,1,0.02,0.52,0.0,0.0,0.0,0.0,0,122913.0
56,5,0,0,0,0,226,1.0,1.0,0.06,0.06,0.0,255,8,0.03,0.06,0.0,1.0,1.0,0.0,1,28872.0
22,9,222,998,0,1,6,0.0,0.0,1.0,0.0,0.22,255,255,1.0,0.0,0.0,0.0,0.0,0.0,0,84218.0
22,9,195,24572,0,1,1,0.0,0.0,1.0,0.0,0.0,255,255,1.0,0.0,0.0,0.0,0.0,0.0,0,43332.0
22,9,230,299,0,1,10,0.0,0.0,1.0,0.0,0.0,255,255,1.0,0.0,0.0,0.0,0.0,0.0,0,34706.0
18,9,1468,4152,0,1,1,0.0,0.0,1.0,0.0,0.0,9,5,0.56,0.33,0.0,0.0,0.0,0.0,0,117078.0
55,9,3131,45415,0,1,1,0.0,0.0,1.0,0.0,0.0,100,10,0.09,0.72,0.2,0.01,0.1,0.2,0,46981.0
22,9,229,18529,0,1,17,0.0,0.0,1.0,0.0,0.12,59,87,1.0,0.0,0.03,0.0,0.0,0.0,0,42549.0
22,9,247,3040,0,1,2,0.0,0.0,1.0,0.0,0.21,50,255,1.0,0.0,0.02,0.0,0.0,0.0,0,80562.0
19,9,10389,0,0,1,3,0.0,0.0,1.0,0.0,0.0,168,30,0.18,0.04,0.0,0.0,0.0,0.0,0,19120.0
8,5,0,0,0,0,204,1.0,1.0,0.09,0.06,0.0,255,15,0.06,0.05,0.0,1.0,1.0,0.0,1,40439.0
22,9,322,1215,0,1,10,0.0,0.0,1.0,0.0,0.25,27,255,1.0,0.0,0.05,0.0,0.0,0.0,0,94804.0
11,9,45,71,0,0,142,0.0,0.0,0.99,0.01,0.01,255,255,1.0,0.0,0.0,0.0,0.0,0.0,0,53811.0
19,1,0,0,0,0,474,0.07,0.0,0.04,0.96,0.0,255,18,0.07,0.93,0.0,0.08,0.0,1.0,1,64495.0
21,5,0,0,0,0,117,1.0,1.0,0.14,0.07,0.0,255,10,0.04,0.08,0.0,1.0,1.0,0.0,1,120655.0
19,9,567,0,0,1,1,0.0,0.0,1.0,0.0,0.0,44,102,0.16,0.14,0.03,0.0,0.0,0.0,0,20323.0
11,9,45,75,0,0,138,0.0,0.0,1.0,0.0,0.02,255,230,0.9,0.01,0.0,0.0,0.0,0.0,0,94094.0
29,5,0,0,0,0,285,1.0,1.0,0.05,0.06,0.0,255,14,0.05,0.07,0.0,1.0,1.0,0.0,1,37694.0
22,9,319,498,0,1,3,0.0,0.0,1.0,0.0,0.0,255,255,1.0,0.0,0.0,0.0,0.0,0.0,0,12829.0
44,5,0,0,0,0,280,1.0,1.0,0.02,0.06,0.0,255,14,0.05,0.07,0.0,1.0,1.0,0.0,1,104135.0
49,9,3081,334,0,1,1,0.0,0.0,1.0,0.0,0.0,4,174,0.75,0.5,0.01,0.0,0.0,0.0,0,19828.0
22,9,200,626,0,1,18,0.0,0.0,1.0,0.0,0.0,33,255,1.0,0.0,0.03,0.0,0.0,0.0,0,15613.0
11,9,45,81,0,0,125,0.0,0.0,1.0,0.0,0.0,255,254,1.0,0.01,0.0,0.0,0.0,0.0,0,14640.0
62,5,0,0,0,0,251,1.0,1.0,0.04,0.06,0.0,255,10,0.04,0.07,0.0,1.0,1.0,0.0,1,108922.0
49,5,0,0,0,0,2,0.5,0.5,1.0,0.0,0.0,128,118,0.39,0.05,0.02,0.02,0.02,0.01,0,114678.0
31,5,0,0,0,0,266,1.0,1.0,0.07,0.06,0.0,255,19,0.07,0.08,0.0,1.0,1.0,0.0,1,99597.0
18,9,1211,2449,0,1,1,0.0,0.0,1.0,0.0,0.0,232,60,0.26,0.02,0.0,0.0,0.0,0.0,1,18585.0
60,5,0,0,0,0,296,1.0,1.0,0.04,0.05,0.0,255,12,0.05,0.06,0.0,1.0,1.0,0.0,1,118363.0
44,9,1,0,0,0,42,0.0,0.0,0.21,0.1,0.0,255,9,0.04,0.22,0.0,0.0,0.0,0.0,1,30561.0
22,9,234,756,0,1,2,0.0,0.0,1.0,0.0,0.0,170,255,1.0,0.0,0.01,0.0,0.0,0.06,0,51358.0
23,5,0,0,0,0,118,1.0,1.0,0.14,0.06,0.0,255,20,0.08,0.06,0.0,1.0,1.0,0.0,1,6510.0
49,9,952,325,0,1,1,0.0,0.0,1.0,0.0,1.0,187,158,0.63,0.02,0.01,0.0,0.0,0.0,0,1700.0
60,1,0,0,0,0,248,0.0,0.0,0.04,0.07,0.0,255,9,0.04,0.07,0.0,0.0,0.0,1.0,1,44503.0
18,9,1041,3081,0,1,1,0.0,0.0,1.0,0.0,0.0,255,60,0.24,0.03,0.0,0.0,0.0,0.0,0,50694.0
16,5,0,0,0,0,140,1.0,1.0,0.09,0.06,0.0,255,12,0.05,0.06,0.0,1.0,1.0,0.0,1,792.0
44,5,0,0,0,0,271,1.0,1.0,0.06,0.05,0.0,255,17,0.07,0.07,0.0,1.0,1.0,0.0,1,61921.0
11,9,45,76,0,0,130,0.0,0.0,1.0,0.0,0.0,255,181,0.71,0.01,0.0,0.0,0.0,0.0,0,28057.0
44,5,0,0,0,0,289,1.0,1.0,0.06,0.06,0.0,255,15,0.06,0.08,0.0,1.0,1.0,0.0,1,1209.0
14,9,1032,0,0,0,211,0.0,0.0,1.0,0.0,0.0,255,255,1.0,0.0,0.0,0.0,0.0,0.0,1,21561.0
11,9,46,46,0,0,143,0.0,0.0,1.0,0.0,0.0,255,202,0.79,0.01,0.0,0.0,0.0,0.0,0,48023.0
49,9,1406,412,0,1,1,0.0,0.0,1.0,0.0,1.0,255,169,0.66,0.02,0.0,0.0,0.0,0.04,0,25956.0
32,5,0,0,0,0,170,1.0,1.0,0.01,0.08,0.0,255,1,0.0,0.07,0.0,1.0,1.0,0.0,1,121596.0
22,9,288,337,0,1,21,0.0,0.0,1.0,0.0,0.0,255,255,1.0,0.0,0.0,0.0,0.0,0.0,0,14646.0
36,5,0,0,0,0,256,1.0,1.0,0.01,0.07,0.0,255,2,0.01,0.07,0.0,1.0,1.0,0.0,1,20993.0
40,9,147,0,0,0,3,0.33,0.0,0.33,0.67,0.0,255,1,0.0,0.07,0.0,0.0,0.0,0.0,0,107924.0
56,9,0,4,0,0,1,0.0,0.0,1.0,0.0,0.0,27,27,1.0,0.0,0.0,0.11,0.11,0.0,0,47832.0
11,9,46,72,0,0,68,0.0,0.0,1.0,0.0,0.01,255,211,0.83,0.01,0.0,0.0,0.0,0.0,0,35787.0
22,9,212,2531,0,1,4,0.0,0.0,1.0,0.0,0.0,58,62,1.0,0.0,0.03,0.0,0.0,0.0,0,125404.0
2,5,0,0,0,0,244,1.0,1.0,0.07,0.05,0.0,255,17,0.07,0.06,0.0,1.0,1.0,0.0,1,100115.0
42,5,0,0,0,0,225,1.0,1.0,0.05,0.06,0.0,255,19,0.07,0.07,0.0,1.0,1.0,0.0,1,87307.0
22,9,308,3222,0,1,3,0.0,0.0,1.0,0.0,0.0,255,237,0.93,0.01,0.0,0.0,0.0,0.0,0,20609.0
22,9,300,1511,0,1,19,0.0,0.0,1.0,0.0,0.08,19,255,1.0,0.0,0.01,0.0,0.0,0.0,0,13848.0
60,1,0,0,0,0,228,0.0,0.0,0.07,0.07,0.0,255,15,0.06,0.07,0.0,0.0,0.0,1.0,1,82431.0
51,5,0,0,0,0,221,1.0,1.0,0.03,0.07,0.0,255,7,0.03,0.07,0.0,1.0,1.0,0.0,1,121962.0
19,5,0,0,0,0,36,0.97,1.0,0.22,0.14,0.0,255,45,0.18,0.04,0.0,1.0,1.0,0.0,1,45124.0
22,9,352,2761,0,1,5,0.0,0.0,1.0,0.0,0.0,19,255,1.0,0.0,0.04,0.0,0.01,0.0,0,40178.0
44,5,0,0,0,0,227,1.0,1.0,0.03,0.06,0.0,255,28,0.11,0.07,0.0,1.0,1.0,0.0,1,80104.0
44,5,0,0,0,0,251,1.0,1.0,0.02,0.05,0.0,192,5,0.03,0.07,0.0,0.93,1.0,0.0,1,26372.0
44,9,1,0,0,0,24,0.0,0.0,0.38,0.12,0.0,255,16,0.06,0.81,0.0,0.03,0.0,0.0,1,39180.0
22,1,0,0,0,0,1,0.0,0.0,1.0,0.0,1.0,21,255,1.0,0.0,0.15,0.0,0.0,1.0,0,27588.0
19,9,567,0,0,1,1,0.0,0.0,1.0,0.0,0.0,21,85,0.86,0.1,0.04,0.0,0.0,0.0,0,25950.0
44,5,0,0,0,0,139,1.0,1.0,0.17,0.05,0.0,255,14,0.05,0.05,0.0,1.0,1.0,0.0,1,14046.0
14,9,64,0,0,0,2,0.0,0.0,1.0,0.0,0.0,255,2,0.01,0.01,0.0,0.0,0.0,0.0,0,35168.0
59,5,0,0,0,0,22,1.0,1.0,0.55,0.14,0.0,255,12,0.05,0.07,0.0,1.0,1.0,0.0,1,49332.0
19,9,16,0,0,0,1,0.0,0.0,1.0,0.0,0.0,97,49,0.34,0.03,0.04,0.0,0.0,0.0,0,44092.0
40,9,15876,0,0,1,17,0.18,0.0,0.06,0.59,0.0,126,1,0.01,0.21,0.0,0.05,0.0,0.0,0,79341.0
14,9,1032,0,0,0,511,0.0,0.0,1.0,0.0,0.0,255,186,0.73,0.02,0.0,0.0,0.0,0.0,1,13282.0
55,4,39,51,0,0,2,0.0,0.0,1.0,0.0,0.0,255,71,0.28,0.02,0.0,0.33,0.56,0.04,0,67887.0
22,9,364,3798,0,1,10,0.0,0.0,1.0,0.0,0.0,254,255,1.0,0.0,0.01,0.0,0.0,0.0,0,22944.0
22,9,368,1113,0,1,17,0.0,0.0,1.0,0.0,0.0,255,255,1.0,0.0,0.0,0.0,0.0,0.0,0,117115.0
22,9,240,483,0,1,6,0.0,0.0,1.0,0.0,0.44,255,255,1.0,0.0,0.0,0.0,0.0,0.0,0,60826.0
44,5,0,0,0,0,102,1.0,1.0,0.02,0.07,0.0,255,25,0.1,0.05,0.0,1.0,1.0,0.0,1,8462.0
22,5,0,0,0,0,24,1.0,1.0,0.33,0.17,0.0,255,6,0.02,0.06,0.0,1.0,1.0,0.0,1,87548.0
22,9,225,324,0,1,8,0.0,0.0,1.0,0.0,0.0,255,255,1.0,0.0,0.0,0.0,0.0,0.0,0,70875.0
49,9,699,331,0,1,1,0.0,0.0,1.0,0.0,1.0,52,22,0.42,0.06,0.0,0.0,0.0,0.0,0,56722.0
8,5,0,0,0,0,223,1.0,1.0,0.07,0.06,0.0,255,16,0.06,0.06,0.0,1.0,1.0,0.0,1,13375.0
2,1,0,0,0,0,291,0.0,0.0,0.06,0.06,0.0,255,18,0.07,0.07,0.0,0.0,0.0,1.0,1,45082.0
55,5,0,0,0,0,262,1.0,1.0,0.04,0.06,0.0,255,10,0.04,0.08,0.0,1.0,1.0,0.0,1,116184.0
22,9,223,1769,0,1,8,0.0,0.0,1.0,0.0,0.0,47,255,1.0,0.0,0.04,0.0,0.0,0.0,0,80631.0
44,4,0,0,0,0,1,0.0,0.0,1.0,0.0,0.0,166,1,0.01,0.42,0.0,0.0,0.0,1.0,1,49352.0
11,9,45,109,0,0,232,0.0,0.0,1.0,0.0,0.01,255,189,0.74,0.01,0.0,0.0,0.0,0.0,0,17223.0
26,5,0,0,0,0,121,1.0,1.0,0.07,0.05,0.0,255,9,0.04,0.05,0.0,1.0,1.0,0.0,1,8871.0
22,9,294,5919,0,1,1,0.0,0.0,1.0,0.0,0.0,1,255,1.0,0.0,0.04,0.0,0.0,0.0,0,70469.0
11,9,45,86,0,0,214,0.0,0.0,1.0,0.01,0.01,255,254,1.0,0.01,0.0,0.0,0.0,0.0,0,29082.0
11,9,43,128,0,0,60,0.0,0.0,1.0,0.0,0.01,118,200,0.87,0.02,0.01,0.0,0.0,0.0,0,102343.0
11,9,86,0,0,0,1,0.0,0.0,1.0,0.0,1.0,103,103,1.0,0.0,0.0,0.0,0.0,0.0,0,98586.0
22,9,225,6332,0,1,2,0.0,0.0,1.0,0.0,0.0,5,255,1.0,0.0,0.05,0.0,0.0,0.0,0,47313.0
22,9,206,285,0,1,18,0.0,0.0,1.0,0.0,0.15,255,255,1.0,0.0,0.0,0.0,0.0,0.0,0,6869.0
14,9,30,0,0,0,1,0.0,0.0,1.0,0.0,0.0,52,53,1.0,0.0,0.04,0.0,0.0,0.0,0,37057.0
19,9,0,10261,0,0,2,0.0,0.2,1.0,0.0,0.4,43,75,0.19,0.12,0.03,0.0,0.01,0.0,0,51633.0
22,9,265,432,0,1,1,0.0,0.0,1.0,0.0,0.0,1,255,1.0,0.0,0.06,0.0,0.0,0.0,0,76361.0
44,1,0,0,0,0,1,0.0,0.0,1.0,0.0,0.0,35,2,0.03,1.0,1.0,0.0,0.0,1.0,1,44757.0
22,9,286,267,0,1,4,0.0,0.0,1.0,0.0,0.0,255,255,1.0,0.0,0.0,0.0,0.0,0.0,0,63564.0
22,9,285,2126,0,1,6,0.0,0.0,1.0,0.0,0.2,255,255,1.0,0.0,0.0,0.0,0.0,0.0,0,94948.0
61,5,0,0,0,0,280,1.0,1.0,0.07,0.05,0.0,255,2,0.01,0.07,0.0,1.0,1.0,0.0,1,119944.0
12,2,0,0,0,0,269,0.0,0.0,0.04,0.06,0.0,255,10,0.04,0.09,0.0,0.0,0.0,1.0,1,98801.0
44,5,0,0,0,0,220,1.0,1.0,0.02,0.07,0.0,255,6,0.02,0.07,0.0,1.0,1.0,0.0,1,34583.0
11,9,43,134,0,0,77,0.0,0.0,1.0,0.0,0.01,255,255,1.0,0.0,0.0,0.0,0.0,0.0,0,64421.0
13,9,8,0,0,0,1,0.0,0.0,1.0,0.0,1.0,2,2,1.0,0.0,0.0,0.0,0.0,0.0,1,46863.0
22,9,312,285,0,1,18,0.0,0.0,1.0,0.0,0.0,255,255,1.0,0.0,0.0,0.0,0.0,0.0,0,123442.0
44,5,0,0,0,0,76,1.0,1.0,0.25,0.05,0.0,255,3,0.01,0.07,0.0,1.0,1.0,0.0,1,50736.0
17,9,8,141,0,0,1,0.0,0.0,1.0,0.0,0.0,18,2,0.11,0.11,0.0,0.0,0.0,0.0,0,66859.0
22,9,234,1230,0,1,2,0.0,0.0,1.0,0.0,0.0,52,255,1.0,0.0,0.04,0.0,0.0,0.0,0,40167.0
44,5,0,0,0,0,172,1.0,1.0,0.09,0.06,0.0,255,15,0.06,0.07,0.0,1.0,1.0,0.0,1,60037.0
12,2,0,0,0,0,263,0.0,0.0,0.03,0.06,0.0,255,7,0.03,0.08,0.0,0.0,0.0,1.0,1,52752.0
49,9,1809,331,0,1,1,0.0,0.0,1.0,0.0,1.0,211,135,0.59,0.04,0.01,0.0,0.0,0.0,0,64707.0
22,9,331,2015,0,1,12,0.0,0.0,1.0,0.0,0.21,126,255,1.0,0.0,0.03,0.0,0.0,0.0,0,39349.0
22,9,286,332,0,1,12,0.0,0.0,1.0,0.0,0.15,255,255,1.0,0.0,0.0,0.0,0.0,0.0,0,61413.0
22,9,312,3749,0,1,8,0.0,0.0,1.0,0.0,0.0,255,255,1.0,0.0,0.0,0.0,0.0,0.0,0,19743.0
44,5,0,0,0,0,261,1.0,1.0,0.05,0.06,0.0,255,14,0.05,0.08,0.0,1.0,1.0,0.0,1,26483.0
44,5,0,0,0,0,110,1.0,1.0,0.07,0.08,0.0,255,8,0.03,0.06,0.0,1.0,1.0,0.0,1,46891.0
44,5,0,0,0,0,128,1.0,1.0,0.08,0.06,0.0,31,2,0.06,0.16,0.0,1.0,1.0,0.0,1,78437.0
22,9,366,2862,0,1,16,0.0,0.0,1.0,0.0,0.0,197,255,1.0,0.0,0.02,0.0,0.0,0.0,0,1473.0
25,1,0,0,0,0,233,0.0,0.0,0.06,0.07,0.0,255,13,0.05,0.09,0.0,0.0,0.0,1.0,1,53291.0
20,1,0,0,0,0,103,0.0,0.0,0.1,0.06,0.0,255,10,0.04,0.07,0.0,0.0,0.0,1.0,1,9175.0
49,9,9597,331,0,1,1,0.0,0.0,1.0,0.0,0.0,54,88,0.65,0.06,0.02,0.0,0.0,0.0,0,60251.0
44,5,0,0,0,0,11,1.0,1.0,0.45,0.27,0.0,255,19,0.07,0.09,0.0,1.0,1.0,0.0,1,3114.0
44,9,1,0,0,0,14,0.0,0.0,0.07,0.14,0.0,255,1,0.0,0.07,0.0,0.0,0.0,0.0,1,60152.0
22,9,227,9703,0,1,17,0.0,0.0,1.0,0.0,0.0,255,255,1.0,0.0,0.0,0.0,0.0,0.0,0,5478.0
11,9,45,87,0,0,200,0.0,0.0,1.0,0.01,0.01,255,255,1.0,0.0,0.0,0.0,0.0,0.0,0,63238.0
19,9,245,0,0,1,2,0.0,0.0,1.0,0.0,0.0,120,20,0.08,0.04,0.1,0.0,0.0,0.0,0,124530.0
42,9,35,130,0,1,2,0.0,0.0,0.5,1.0,0.0,29,5,0.07,0.17,0.4,0.0,0.0,0.0,0,15879.0
49,9,1137,405,0,1,2,0.0,0.0,1.0,0.0,0.67,107,122,0.73,0.06,0.02,0.01,0.0,0.0,0,29249.0
22,9,408,13360,0,1,4,0.0,0.0,1.0,0.0,0.0,255,255,1.0,0.0,0.0,0.0,0.0,0.0,0,102724.0
40,9,147,0,0,0,5,0.0,0.0,0.2,0.6,0.0,21,1,0.05,0.76,0.0,0.0,0.0,0.0,0,50904.0
54,1,0,0,0,0,294,0.0,0.0,0.07,0.05,0.0,255,20,0.08,0.07,0.0,0.0,0.0,1.0,1,59778.0
22,9,199,2462,0,1,4,0.0,0.0,1.0,0.0,0.0,74,255,1.0,0.0,0.04,0.01,0.0,0.0,0,38560.0
2,5,0,0,0,0,247,1.0,1.0,0.02,0.06,0.0,255,6,0.02,0.07,0.0,1.0,1.0,0.0,1,27991.0
23,5,0,0,0,0,113,1.0,1.0,0.01,0.06,0.0,255,1,0.0,0.07,0.0,1.0,1.0,0.0,1,44923.0
4,1,0,0,0,0,202,0.0,0.0,0.0,0.07,0.0,255,1,0.0,0.07,0.0,0.0,0.0,1.0,1,57787.0
11,9,45,131,0,0,223,0.0,0.0,1.0,0.0,0.01,255,180,0.71,0.01,0.0,0.0,0.0,0.0,0,82283.0
22,9,219,2122,0,1,6,0.0,0.0,1.0,0.0,0.38,16,16,1.0,0.0,0.0,0.0,0.0,0.0,0,105173.0
22,9,142,26866,0,1,2,0.0,0.0,1.0,0.0,0.5,111,255,1.0,0.0,0.02,0.01,0.01,0.0,0,24375.0
40,9,145,0,0,0,1,0.0,0.0,1.0,0.0,0.0,255,1,0.0,0.54,0.0,0.0,0.0,0.0,0,32096.0
22,9,254,2277,0,1,2,0.0,0.0,1.0,0.0,0.0,27,255,1.0,0.0,0.04,0.0,0.0,0.0,0,81867.0
22,9,245,447,0,1,8,0.0,0.0,1.0,0.0,0.0,8,255,1.0,0.0,0.05,0.0,0.0,0.0,0,88517.0
22,9,170,11394,0,1,4,0.0,0.0,1.0,0.0,0.0,30,255,1.0,0.0,0.05,0.0,0.0,0.0,0,117796.0
22,9,369,5849,0,1,4,0.0,0.0,1.0,0.0,0.0,124,255,1.0,0.0,0.02,0.0,0.0,0.0,0,69279.0
44,1,0,0,0,0,248,0.0,0.0,0.04,0.06,0.0,255,11,0.04,0.08,0.0,0.0,0.0,1.0,1,19282.0
17,5,0,0,0,0,10,1.0,1.0,0.2,0.4,0.0,255,62,0.24,0.02,0.0,1.0,1.0,0.0,1,31633.0
36,5,0,0,0,0,214,1.0,1.0,0.09,0.05,0.0,255,19,0.07,0.05,0.0,1.0,1.0,0.0,1,12882.0
19,9,19,0,0,0,2,0.0,0.0,1.0,0.0,0.0,9,6,0.67,0.22,0.0,0.0,0.0,0.0,1,117149.0
17,9,8,136,0,0,1,0.0,0.0,1.0,0.0,0.0,40,12,0.05,0.1,0.25,0.0,0.0,0.0,0,20654.0
25,5,0,0,0,0,226,1.0,1.0,0.04,0.06,0.0,255,15,0.06,0.07,0.0,1.0,1.0,0.0,1,112175.0
17,5,0,0,0,0,15,1.0,1.0,0.53,0.13,0.0,255,68,0.27,0.02,0.0,1.0,1.0,0.0,1,95421.0
44,5,0,0,0,0,183,1.0,1.0,0.02,0.07,0.0,255,3,0.01,0.06,0.0,1.0,1.0,0.0,1,93086.0
44,5,0,0,0,0,275,1.0,1.0,0.07,0.07,0.0,255,19,0.07,0.06,0.0,1.0,1.0,0.0,1,23443.0
22,6,163,28382,0,1,1,1.0,0.03,1.0,0.0,0.08,41,255,1.0,0.0,0.03,0.07,0.01,0.0,0,40295.0
22,9,208,284,0,1,8,0.0,0.0,1.0,0.0,0.0,255,255,1.0,0.0,0.0,0.0,0.0,0.0,0,53752.0
22,9,244,1041,0,1,2,0.0,0.0,1.0,0.0,0.4,210,255,1.0,0.0,0.03,0.0,0.01,0.0,0,21219.0
49,9,951,329,0,1,1,0.0,0.0,1.0,0.0,1.0,11,169,0.82,0.18,0.02,0.0,0.0,0.0,0,52812.0
44,5,0,0,0,0,223,1.0,1.0,0.04,0.06,0.0,255,10,0.04,0.08,0.0,1.0,1.0,0.0,1,106636.0
14,9,520,0,0,0,478,0.0,0.0,1.0,0.0,0.0,117,117,1.0,0.0,0.0,0.0,0.0,0.0,1,51114.0
11,9,43,129,0,0,21,0.0,0.0,1.0,0.0,0.02,135,104,0.77,0.01,0.0,0.0,0.0,0.0,0,117964.0
49,9,906,335,0,1,1,0.0,0.0,1.0,0.0,0.0,19,57,0.95,0.11,0.04,0.0,0.0,0.0,0,48780.0
22,9,311,3222,0,1,11,0.0,0.0,1.0,0.0,0.05,255,231,0.91,0.02,0.0,0.0,0.0,0.0,0,49443.0
52,5,0,0,0,0,210,1.0,1.0,0.09,0.06,0.0,255,9,0.04,0.06,0.0,1.0,1.0,0.0,1,105013.0
22,9,321,361,0,1,1,0.0,0.0,1.0,0.0,0.33,2,255,1.0,0.0,0.02,0.0,0.0,0.0,0,42863.0
22,9,204,3002,0,1,3,0.33,0.33,1.0,0.0,0.0,3,89,1.0,0.0,0.12,0.33,0.01,0.0,0,92068.0
44,5,0,0,0,0,125,1.0,1.0,0.05,0.06,0.0,255,1,0.0,0.06,0.0,1.0,1.0,0.0,1,101057.0
11,9,41,70,0,0,267,0.0,0.0,1.0,0.0,0.0,255,203,0.8,0.01,0.0,0.0,0.0,0.0,0,8515.0
17,9,8,139,0,0,1,0.0,0.0,1.0,0.0,0.0,45,13,0.04,0.13,0.15,0.0,0.0,0.0,0,110529.0
54,5,0,0,0,0,231,1.0,1.0,0.05,0.05,0.0,255,11,0.04,0.05,0.0,1.0,1.0,0.0,1,101254.0
19,5,0,0,0,0,53,1.0,1.0,0.21,0.08,0.0,255,62,0.24,0.03,0.0,1.0,1.0,0.0,1,125428.0
40,9,113,0,0,0,33,0.0,0.0,0.97,0.06,0.0,255,32,0.13,0.53,0.0,0.0,0.0,0.0,0,84440.0
25,5,0,0,0,0,262,1.0,1.0,0.07,0.06,0.0,255,19,0.07,0.08,0.0,1.0,1.0,0.0,1,101316.0
22,9,315,1413,0,1,39,0.0,0.0,1.0,0.0,0.0,255,255,1.0,0.0,0.0,0.0,0.0,0.0,0,72842.0
44,5,0,0,0,0,268,1.0,1.0,0.01,0.06,0.0,255,5,0.02,0.08,0.0,1.0,1.0,0.0,1,52180.0
49,9,11433,1548,0,1,1,0.0,0.0,1.0,0.0,1.0,255,72,0.28,0.05,0.0,0.48,0.0,0.0,0,9876.0
17,5,0,0,0,0,6,1.0,1.0,0.33,0.33,0.0,248,62,0.25,0.02,0.0,0.99,1.0,0.0,1,16920.0
1,1,0,0,0,0,4,0.0,0.0,0.75,0.5,0.0,119,5,0.04,0.03,0.0,0.0,0.0,1.0,0,76861.0
44,5,0,0,0,0,237,1.0,1.0,0.07,0.06,0.0,255,15,0.06,0.06,0.0,1.0,1.0,0.0,1,40241.0
11,9,44,44,0,0,6,0.0,0.0,0.17,0.33,0.29,106,103,0.97,0.02,0.0,0.0,0.0,0.0,0,22867.0
3,1,0,0,0,0,236,0.0,0.0,0.02,0.07,0.0,255,4,0.02,0.08,0.0,0.0,0.0,1.0,1,87894.0
11,9,44,131,0,0,235,0.0,0.0,1.0,0.0,0.01,255,253,0.99,0.01,0.0,0.0,0.0,0.0,0,121461.0
22,9,336,1024,0,1,25,0.0,0.0,1.0,0.0,0.0,255,255,1.0,0.0,0.0,0.0,0.0,0.0,0,45894.0
22,9,266,261,0,1,11,0.0,0.0,1.0,0.0,0.0,255,255,1.0,0.0,0.0,0.0,0.0,0.0,0,101999.0
22,1,0,0,0,0,1,0.0,0.0,1.0,0.0,0.0,2,214,1.0,0.0,0.19,0.0,0.0,0.78,0,84185.0
49,9,854,366,0,1,1,0.0,0.0,1.0,0.0,0.0,33,49,0.73,0.09,0.04,0.0,0.0,0.0,0,8408.0
11,9,43,69,0,0,120,0.0,0.0,1.0,0.0,0.0,255,245,0.96,0.01,0.0,0.0,0.0,0.0,0,54.0
9,5,0,0,0,0,202,1.0,1.0,0.06,0.06,0.0,255,11,0.04,0.08,0.0,1.0,1.0,0.0,1,52608.0
22,1,0,0,0,0,1,0.0,0.0,1.0,0.0,0.0,44,166,1.0,0.0,0.03,0.0,0.01,0.7,0,63517.0
23,5,0,0,0,0,47,1.0,1.0,0.28,0.13,0.0,255,13,0.05,0.09,0.0,1.0,1.0,0.0,1,67565.0
22,9,274,10251,0,1,3,0.33,0.33,1.0,0.0,0.0,255,255,1.0,0.0,0.0,0.0,0.0,0.0,0,110157.0
25,5,0,0,0,0,233,1.0,1.0,0.08,0.06,0.0,255,18,0.07,0.07,0.0,1.0,1.0,0.0,1,49171.0
36,5,0,0,0,0,202,1.0,1.0,0.08,0.07,0.0,255,17,0.07,0.08,0.0,1.0,1.0,0.0,1,125114.0
49,9,884,334,0,1,1,0.0,0.0,1.0,0.0,1.0,128,119,0.42,0.02,0.02,0.0,0.0,0.0,0,72485.0
19,9,2194619,0,0,1,2,0.0,0.0,1.0,0.0,0.0,110,102,0.69,0.03,0.02,0.0,0.0,0.0,0,90957.0
55,9,122,7475,0,1,1,0.0,0.0,1.0,0.0,0.0,255,2,0.01,0.02,0.0,0.0,0.0,0.0,0,19475.0
0,6,38874,41699,0,1,1,1.0,1.0,1.0,0.0,0.0,64,10,0.16,0.03,0.0,0.12,0.8,0.0,0,27498.0
22,9,190,622,0,1,21,0.05,0.05,1.0,0.0,0.08,43,54,1.0,0.0,0.11,0.02,0.02,0.59,0,75795.0
22,9,153,41971,0,1,1,0.0,0.0,1.0,0.0,0.0,37,255,1.0,0.0,0.01,0.0,0.0,0.0,0,123778.0
13,9,8,0,0,0,1,0.0,0.0,1.0,0.0,1.0,1,19,1.0,0.0,0.53,0.0,0.0,0.0,1,85471.0
49,9,3953,329,0,1,2,0.0,0.0,1.0,0.0,0.67,30,24,0.8,0.13,0.0,0.0,0.0,0.0,0,29158.0
49,9,1256,331,0,1,1,0.0,0.0,1.0,0.0,1.0,45,36,0.8,0.11,0.0,0.0,0.0,0.0,0,119675.0
11,9,46,83,0,0,250,0.0,0.0,1.0,0.01,0.01,255,242,0.95,0.01,0.0,0.0,0.0,0.0,0,87678.0
49,0,44,156,0,0,1,0.0,0.0,1.0,0.0,0.0,133,173,0.73,0.03,0.01,0.02,0.02,0.0,0,95263.0
40,9,35195,0,0,0,21,0.05,0.0,0.05,0.76,0.0,193,1,0.01,0.1,0.0,0.01,0.0,0.0,0,125373.0
44,5,0,0,0,0,108,1.0,1.0,0.01,0.06,0.0,10,4,0.4,0.4,0.0,1.0,1.0,0.0,1,70942.0
22,9,337,255,0,1,29,0.0,0.0,1.0,0.0,0.0,141,255,1.0,0.0,0.03,0.0,0.0,0.0,0,11567.0
19,9,334,0,0,1,2,0.0,0.0,1.0,0.0,0.0,11,36,1.0,0.0,0.14,0.0,0.0,0.0,1,69846.0
26,5,0,0,0,0,143,1.0,1.0,0.06,0.06,0.0,255,8,0.03,0.06,0.0,1.0,1.0,0.0,1,107931.0
54,5,0,0,0,0,248,1.0,1.0,0.08,0.05,0.0,255,19,0.07,0.07,0.0,1.0,1.0,0.0,1,72122.0
19,9,501760,0,0,0,2,0.0,0.0,1.0,0.0,0.0,192,89,0.46,0.03,0.0,0.01,0.01,0.0,0,123460.0
14,9,1032,0,0,0,511,0.0,0.0,1.0,0.0,0.0,255,235,0.92,0.01,0.0,0.0,0.0,0.0,1,111366.0
14,9,1032,0,0,0,510,0.0,0.0,1.0,0.0,0.0,255,73,0.29,0.15,0.0,0.0,0.0,0.0,1,120567.0
19,5,0,0,0,0,259,1.0,1.0,0.08,0.05,0.0,255,22,0.09,0.05,0.0,1.0,1.0,0.0,1,23908.0
11,9,44,132,0,0,55,0.0,0.0,1.0,0.0,0.01,255,254,1.0,0.01,0.0,0.0,0.0,0.0,0,68865.0
44,5,0,0,0,0,111,1.0,1.0,0.03,0.07,0.0,255,3,0.01,0.09,0.0,1.0,1.0,0.0,1,4727.0
51,5,0,0,0,0,112,1.0,1.0,0.18,0.05,0.0,255,8,0.03,0.07,0.0,1.0,1.0,0.0,1,102486.0
22,9,240,869,0,1,23,0.0,0.0,1.0,0.0,0.06,255,255,1.0,0.0,0.0,0.0,0.0,0.0,0,36519.0
44,1,0,0,0,0,294,0.07,0.0,0.0,1.0,0.0,255,1,0.0,1.0,0.0,0.08,0.0,1.0,1,35236.0
22,9,220,13011,0,1,1,0.0,0.0,1.0,0.0,0.0,1,255,1.0,0.0,0.06,0.0,0.0,0.0,0,72624.0
11,9,43,126,0,0,43,0.0,0.0,1.0,0.0,0.01,101,200,0.85,0.02,0.01,0.0,0.0,0.0,0,96185.0
40,1,0,0,0,0,334,0.09,0.0,0.0,1.0,0.0,255,1,0.0,1.0,0.0,0.09,0.0,1.0,1,38178.0
9,5,0,0,0,0,269,1.0,1.0,0.02,0.06,0.0,255,6,0.02,0.07,0.0,1.0,1.0,0.0,1,91665.0
22,9,209,616,0,1,18,0.0,0.0,1.0,0.0,0.07,171,255,1.0,0.0,0.03,0.0,0.0,0.0,0,59245.0
11,9,43,71,0,0,202,0.0,0.0,1.0,0.0,0.0,255,255,1.0,0.0,0.0,0.0,0.0,0.0,0,972.0
22,9,282,526,0,1,10,0.0,0.0,1.0,0.0,0.15,10,255,1.0,0.0,0.04,0.0,0.0,0.01,0,77706.0
8,5,0,0,0,0,102,1.0,1.0,0.13,0.06,0.0,255,2,0.01,0.07,0.0,1.0,1.0,0.0,1,11001.0
22,9,218,20076,0,1,4,0.0,0.0,1.0,0.0,0.4,4,255,1.0,0.0,0.04,0.0,0.0,0.0,0,86732.0
4,1,0,0,0,0,206,0.0,0.0,0.01,0.07,0.0,255,3,0.01,0.07,0.0,0.0,0.0,1.0,1,88633.0
22,9,198,33509,0,1,4,0.0,0.0,1.0,0.0,0.0,17,255,1.0,0.0,0.05,0.0,0.0,0.0,0,68592.0
19,9,5558,0,0,1,16,0.0,0.0,1.0,0.0,0.0,174,106,0.32,0.02,0.02,0.0,0.0,0.0,0,50394.0
11,9,45,45,0,0,128,0.0,0.0,0.99,0.02,0.0,255,254,1.0,0.01,0.0,0.0,0.0,0.0,0,47960.0
2,5,0,0,0,0,33,1.0,1.0,0.3,0.18,0.0,255,16,0.06,0.09,0.0,1.0,1.0,0.0,1,125103.0
13,9,8,0,0,0,1,0.0,0.0,1.0,0.0,1.0,1,64,1.0,0.0,0.52,0.0,0.0,0.0,1,64561.0
22,9,177,16748,0,1,2,0.0,0.0,1.0,0.0,0.0,34,255,1.0,0.0,0.07,0.0,0.0,0.0,0,123010.0
22,5,0,0,0,0,37,1.0,1.0,0.35,0.11,0.0,255,65,0.25,0.02,0.0,1.0,1.0,0.0,1,26696.0
11,9,44,73,0,0,238,0.0,0.0,1.0,0.01,0.0,255,254,1.0,0.01,0.0,0.0,0.0,0.0,0,125044.0
22,9,337,222,0,1,5,0.0,0.0,1.0,0.0,0.33,35,255,1.0,0.0,0.02,0.0,0.0,0.0,0,10684.0
19,9,748,0,0,0,1,0.0,0.0,1.0,0.0,0.0,143,33,0.2,0.03,0.06,0.0,0.0,0.0,0,1068.0
22,9,297,2119,0,1,18,0.0,0.0,1.0,0.0,0.0,155,255,1.0,0.0,0.05,0.0,0.0,0.0,0,74971.0
22,9,216,1354,0,1,3,0.0,0.0,1.0,0.0,0.0,3,255,1.0,0.0,0.05,0.0,0.0,0.0,0,106884.0
44,9,105,147,0,0,1,0.0,0.0,1.0,0.0,0.0,165,163,0.99,0.01,0.0,0.0,0.0,0.0,0,87656.0
15,1,0,0,0,0,149,0.0,0.0,0.13,0.05,0.0,255,20,0.08,0.06,0.0,0.0,0.0,1.0,1,17172.0
19,9,854,0,0,1,3,0.0,0.0,1.0,0.0,0.0,157,111,0.34,0.04,0.02,0.0,0.0,0.0,0,119294.0
31,5,0,0,0,0,130,1.0,1.0,0.03,0.06,0.0,255,4,0.02,0.07,0.0,1.0,1.0,0.0,1,50320.0
44,5,0,0,0,0,129,1.0,1.0,0.15,0.05,0.0,255,19,0.07,0.06,0.0,1.0,1.0,0.0,1,52958.0
44,5,0,0,0,0,223,1.0,1.0,0.08,0.05,0.0,255,20,0.08,0.07,0.0,1.0,1.0,0.0,1,21161.0
22,9,298,2239,0,1,6,0.0,0.0,1.0,0.0,0.0,255,248,0.97,0.01,0.0,0.0,0.0,0.0,0,5953.0
44,5,0,0,0,0,185,1.0,1.0,0.1,0.06,0.0,255,19,0.07,0.06,0.0,1.0,1.0,0.0,1,98264.0
3,5,0,0,0,0,206,1.0,1.0,0.04,0.06,0.0,255,9,0.04,0.07,0.0,1.0,1.0,0.0,1,2699.0
44,1,0,0,0,0,2,0.0,0.0,0.5,1.0,0.0,255,1,0.0,0.18,0.0,0.0,0.0,1.0,1,43822.0
44,5,0,0,0,0,146,1.0,1.0,0.12,0.05,0.0,255,35,0.14,0.06,0.0,1.0,1.0,0.0,1,80292.0
13,9,8,0,0,0,1,0.0,0.0,1.0,0.0,1.0,1,13,1.0,0.0,0.54,0.0,0.0,0.0,1,52003.0
44,9,28,0,3,0,18,0.0,0.0,1.0,0.0,0.0,90,18,0.2,0.04,0.0,0.0,0.0,0.0,1,21384.0
19,9,383,0,0,1,2,0.0,0.0,1.0,0.0,0.0,3,122,1.0,0.0,0.02,0.0,0.0,0.0,0,116762.0
22,9,212,447,0,1,32,0.0,0.0,1.0,0.0,0.09,169,215,1.0,0.0,0.02,0.0,0.0,0.0,0,121023.0
13,9,18,0,0,0,1,0.0,0.0,1.0,0.0,0.0,3,83,1.0,0.0,0.25,0.0,0.0,0.0,1,120796.0
7,5,0,0,0,0,201,1.0,1.0,0.0,0.06,0.0,255,1,0.0,0.07,0.0,1.0,1.0,0.0,1,74547.0
7,5,0,0,0,0,236,1.0,1.0,0.03,0.06,0.0,255,5,0.02,0.07,0.0,1.0,1.0,0.0,1,20391.0
22,9,322,3811,0,1,3,0.0,0.0,1.0,0.0,0.33,28,255,1.0,0.0,0.02,0.0,0.0,0.0,0,16990.0
62,5,0,0,0,0,237,1.0,1.0,0.07,0.06,0.0,255,17,0.07,0.08,0.0,1.0,1.0,0.0,1,48779.0
54,5,0,0,0,0,273,1.0,1.0,0.08,0.05,0.0,255,22,0.09,0.05,0.0,1.0,1.0,0.0,1,48085.0
51,9,651,9615,0,1,1,0.0,0.0,1.0,0.0,0.0,61,1,0.02,0.05,0.0,0.0,0.0,0.0,0,39376.0
44,4,1,0,0,0,2,0.0,0.0,1.0,0.0,0.0,255,2,0.01,0.5,0.0,0.0,0.0,1.0,1,124683.0
22,1,0,0,0,0,1,0.0,0.0,1.0,0.0,0.0,29,255,1.0,0.0,0.2,0.0,0.0,0.99,0,38277.0
49,9,889,363,0,1,1,0.0,0.0,1.0,0.0,0.0,255,114,0.45,0.03,0.0,0.0,0.0,0.0,0,5425.0
22,9,192,6196,0,1,8,0.0,0.0,1.0,0.0,0.0,30,255,1.0,0.0,0.02,0.0,0.0,0.0,0,97491.0
22,9,316,1445,0,1,4,0.0,0.0,1.0,0.0,0.25,12,255,1.0,0.0,0.05,0.0,0.01,0.0,0,112346.0
22,9,231,30262,0,1,1,0.0,0.0,1.0,0.0,0.0,105,255,1.0,0.0,0.02,0.0,0.0,0.0,0,24687.0
22,9,372,468,0,1,9,0.0,0.0,1.0,0.0,0.18,111,255,1.0,0.0,0.02,0.01,0.0,0.0,0,50050.0
22,9,208,947,0,1,1,0.0,0.0,1.0,0.0,0.0,1,255,1.0,0.0,0.03,0.0,0.0,0.0,0,29941.0
22,5,0,0,0,0,24,1.0,1.0,0.38,0.17,0.0,255,39,0.15,0.05,0.0,1.0,1.0,0.0,1,82407.0
44,5,0,0,0,0,134,1.0,1.0,0.13,0.05,0.0,255,20,0.08,0.06,0.0,1.0,1.0,0.0,1,59514.0
25,1,0,0,0,0,112,0.0,0.0,0.18,0.07,0.0,255,8,0.03,0.08,0.0,0.0,0.0,1.0,1,33076.0
22,9,203,766,0,1,2,0.0,0.0,1.0,0.0,0.29,14,255,1.0,0.0,0.03,0.0,0.0,0.0,0,30813.0
22,9,240,492,0,1,29,0.0,0.0,1.0,0.0,0.09,255,255,1.0,0.0,0.0,0.0,0.0,0.0,0,88066.0
22,9,301,195,0,1,1,0.0,0.0,1.0,0.0,0.17,8,255,1.0,0.0,0.06,0.0,0.01,0.01,0,68174.0
44,5,0,0,0,0,66,1.0,1.0,0.32,0.09,0.0,255,21,0.08,0.08,0.0,1.0,1.0,0.0,1,40408.0
11,9,45,132,0,0,167,0.0,0.0,1.0,0.0,0.01,255,253,0.99,0.01,0.0,0.0,0.0,0.0,0,64453.0
17,5,0,0,0,0,26,1.0,1.0,0.23,0.15,0.0,255,63,0.25,0.02,0.0,1.0,1.0,0.0,1,98097.0
18,2,0,0,0,0,1,0.0,0.0,1.0,0.0,0.0,255,48,0.19,0.02,0.0,0.0,0.0,0.12,1,51028.0
22,9,221,1645,0,1,8,0.0,0.0,1.0,0.0,0.0,255,255,1.0,0.0,0.0,0.0,0.0,0.0,0,32195.0
44,5,0,0,0,0,143,1.0,1.0,0.17,0.05,0.0,255,3,0.01,0.05,0.0,1.0,1.0,0.0,1,116108.0
22,1,0,0,0,0,1,0.0,0.0,1.0,0.0,0.0,166,255,1.0,0.0,0.06,0.0,0.0,1.0,0,115825.0
61,5,0,0,0,0,227,1.0,1.0,0.05,0.06,0.0,255,12,0.05,0.07,0.0,1.0,1.0,0.0,1,14793.0
13,9,30,0,0,0,1,0.0,0.0,1.0,0.0,0.0,41,90,0.98,0.05,0.29,0.0,0.0,0.0,0,59548.0
49,9,2420,328,0,1,1,0.0,0.0,1.0,0.0,0.0,56,193,0.55,0.07,0.02,0.0,0.0,0.03,0,72506.0
14,9,520,0,0,0,458,0.0,0.0,1.0,0.0,0.0,228,228,1.0,0.0,0.0,0.0,0.0,0.0,1,69688.0
14,9,1032,0,0,0,178,0.0,0.0,1.0,0.0,0.0,255,178,0.7,0.01,0.0,0.0,0.0,0.0,1,2745.0
11,9,41,67,0,0,233,0.0,0.0,1.0,0.01,0.01,255,255,1.0,0.0,0.0,0.0,0.0,0.0,0,45661.0
22,9,352,5551,0,1,7,0.0,0.0,1.0,0.0,0.0,255,255,1.0,0.0,0.0,0.0,0.0,0.0,0,113593.0
11,9,43,68,0,0,311,0.0,0.0,1.0,0.0,0.0,255,220,0.86,0.01,0.0,0.0,0.0,0.0,0,79749.0
22,9,325,1155,0,1,22,0.0,0.0,1.0,0.0,0.12,255,255,1.0,0.0,0.0,0.0,0.0,0.0,0,97331.0
11,9,44,129,0,0,220,0.0,0.0,1.0,0.0,0.01,145,106,0.73,0.02,0.0,0.0,0.0,0.0,0,54795.0
8,2,0,0,0,0,254,0.0,0.0,0.02,0.07,0.0,255,4,0.02,0.08,0.0,0.0,0.0,1.0,1,117869.0
49,9,2615,368,0,1,1,0.0,0.0,1.0,0.0,1.0,1,124,1.0,0.0,0.02,0.0,0.0,0.0,0,27453.0
22,9,304,3222,0,1,5,0.0,0.0,1.0,0.0,0.0,255,249,0.98,0.01,0.0,0.0,0.0,0.0,0,63614.0
26,5,0,0,0,0,139,1.0,1.0,0.05,0.06,0.0,255,10,0.04,0.07,0.0,1.0,1.0,0.0,1,57433.0
22,9,257,2129,0,1,9,0.0,0.0,1.0,0.0,0.2,178,255,1.0,0.0,0.02,0.01,0.01,0.0,0,104340.0
22,9,241,382,0,1,17,0.0,0.0,1.0,0.0,0.0,255,255,1.0,0.0,0.0,0.0,0.0,0.0,0,20841.0
22,9,54540,8314,0,1,2,0.5,0.5,1.0,0.0,0.0,255,255,1.0,0.0,0.0,0.0,0.0,0.04,1,34038.0
60,5,0,0,0,0,188,1.0,1.0,0.13,0.05,0.0,255,24,0.09,0.05,0.0,1.0,1.0,0.0,1,38606.0
19,9,501760,0,0,1,1,0.0,0.0,1.0,0.0,0.0,182,47,0.26,0.02,0.0,0.0,0.0,0.0,0,83871.0
44,5,0,0,0,0,120,1.0,1.0,0.12,0.06,0.0,255,29,0.11,0.05,0.0,1.0,1.0,0.0,1,54138.0
22,9,232,4249,0,1,3,0.0,0.0,1.0,0.0,0.33,56,255,1.0,0.0,0.02,0.0,0.0,0.0,0,121518.0
14,9,520,0,0,0,481,0.0,0.0,1.0,0.0,0.0,115,115,1.0,0.0,0.0,0.0,0.0,0.0,1,56195.0
22,9,247,457,0,1,1,0.0,0.0,1.0,0.0,0.0,46,255,1.0,0.0,0.02,0.0,0.0,0.02,0,71352.0
22,9,204,1046,0,1,4,0.0,0.0,1.0,0.0,0.33,255,255,1.0,0.0,0.0,0.0,0.0,0.0,0,52395.0
44,5,0,0,0,0,299,1.0,1.0,0.07,0.05,0.0,255,11,0.04,0.07,0.0,1.0,1.0,0.0,1,112017.0
22,1,0,0,0,0,1,0.0,0.0,1.0,0.0,0.0,1,253,1.0,0.0,0.14,0.0,0.0,0.88,0,59485.0
28,5,0,0,0,0,131,1.0,1.0,0.02,0.06,0.0,255,19,0.07,0.07,0.0,1.0,1.0,0.0,1,21434.0
44,4,0,0,0,0,1,0.0,0.0,1.0,0.0,0.0,255,1,0.0,0.54,0.0,0.0,0.0,1.0,1,76457.0
44,5,0,0,0,0,286,1.0,1.0,0.01,0.06,0.0,255,15,0.06,0.08,0.0,1.0,1.0,0.0,1,7865.0
22,9,239,2431,0,1,4,0.0,0.0,1.0,0.0,0.45,177,255,1.0,0.0,0.01,0.0,0.0,0.0,0,116687.0
44,1,0,0,0,0,276,0.0,0.0,0.03,0.06,0.0,255,23,0.09,0.07,0.0,0.0,0.0,1.0,1,24178.0
22,9,199,280,0,1,3,0.33,0.03,1.0,0.0,0.06,182,255,1.0,0.0,0.02,0.01,0.01,0.0,0,41832.0
29,1,0,0,0,0,22,0.0,0.0,0.05,1.0,0.0,255,1,0.0,0.13,0.0,0.0,0.0,1.0,1,51122.0
44,1,0,0,0,0,261,0.03,0.0,0.0,1.0,0.0,255,1,0.0,0.97,0.0,0.04,0.0,1.0,1,90207.0
22,9,331,6137,0,1,19,0.0,0.0,1.0,0.0,0.0,255,255,1.0,0.0,0.0,0.0,0.0,0.0,0,78967.0
22,9,212,321,0,1,13,0.0,0.0,1.0,0.0,0.0,244,255,1.0,0.0,0.01,0.0,0.0,0.0,0,115950.0
29,5,0,0,0,0,282,1.0,1.0,0.06,0.06,0.0,255,13,0.05,0.07,0.0,1.0,1.0,0.0,1,72705.0
49,9,1232,407,0,1,1,0.0,0.0,1.0,0.0,0.0,30,223,0.5,0.07,0.01,0.5,0.0,0.0,0,111601.0
44,5,0,0,0,0,120,1.0,1.0,0.08,0.07,0.0,255,13,0.05,0.08,0.0,1.0,1.0,0.0,1,109145.0
22,9,281,8818,0,1,5,0.0,0.0,1.0,0.0,0.16,5,255,1.0,0.0,0.02,0.0,0.0,0.0,0,54284.0
22,9,200,13202,0,1,3,0.33,0.33,1.0,0.0,0.0,255,255,1.0,0.0,0.0,0.0,0.0,0.0,0,47511.0
44,5,0,0,0,0,124,0.99,1.0,0.07,0.06,0.0,255,9,0.04,0.07,0.0,1.0,1.0,0.0,1,15065.0
19,9,14416,0,0,1,1,0.0,0.0,1.0,0.0,0.0,205,50,0.19,0.02,0.04,0.0,0.0,0.0,0,196.0
44,5,0,0,0,0,107,1.0,1.0,0.21,0.06,0.0,255,22,0.09,0.04,0.0,1.0,1.0,0.0,1,50211.0
22,9,208,2568,0,1,5,0.0,0.0,1.0,0.0,0.25,255,255,1.0,0.0,0.0,0.0,0.0,0.0,0,109497.0
44,9,28,0,3,0,8,0.0,0.0,1.0,0.0,0.0,255,8,0.03,0.01,0.0,0.0,0.0,0.0,1,46492.0
22,9,330,1119,0,1,11,0.0,0.0,1.0,0.0,0.0,255,255,1.0,0.0,0.0,0.0,0.0,0.0,0,73996.0
13,9,30,0,0,0,3,0.0,0.0,0.33,1.0,0.0,255,9,0.04,0.01,0.0,0.0,0.0,0.0,0,44665.0
22,9,237,987,0,1,15,0.0,0.0,1.0,0.0,0.0,121,255,1.0,0.0,0.02,0.0,0.0,0.0,0,21870.0
44,5,0,0,0,0,241,1.0,1.0,0.09,0.04,0.0,101,22,0.22,0.08,0.0,0.98,1.0,0.0,1,82571.0
55,5,0,0,0,0,27,1.0,1.0,0.19,0.15,0.0,109,28,0.25,0.04,0.07,0.98,0.89,0.0,1,60091.0
19,9,0,2072,0,1,3,0.0,0.0,1.0,0.0,0.0,4,4,1.0,0.0,0.0,0.0,0.0,0.0,1,27430.0
40,9,147,105,0,0,6,0.0,0.0,0.33,0.5,0.0,255,2,0.01,0.38,0.0,0.0,0.0,0.0,0,45757.0
49,9,886,337,0,1,1,0.0,0.0,1.0,0.0,0.0,143,186,0.73,0.03,0.01,0.0,0.0,0.05,0,68716.0
24,5,0,0,0,0,236,1.0,1.0,0.07,0.06,0.0,255,16,0.06,0.05,0.0,1.0,1.0,0.0,1,25933.0
44,5,0,0,0,0,147,1.0,1.0,0.12,0.05,0.0,255,18,0.07,0.05,0.0,1.0,1.0,0.0,1,37563.0
11,9,46,46,0,0,4,0.0,0.0,0.25,0.5,0.67,91,88,0.97,0.02,0.0,0.0,0.0,0.0,0,86887.0
17,5,0,0,0,0,52,1.0,1.0,0.27,0.08,0.0,255,28,0.11,0.06,0.0,1.0,1.0,0.0,1,102080.0
11,9,45,72,0,0,220,0.0,0.0,1.0,0.0,0.0,255,255,1.0,0.0,0.0,0.0,0.0,0.0,0,13989.0
44,5,0,0,0,0,209,1.0,1.0,0.09,0.07,0.0,255,19,0.07,0.08,0.0,1.0,1.0,0.0,1,119227.0
11,9,44,128,0,0,2,0.0,0.0,1.0,0.0,0.02,255,254,1.0,0.01,0.0,0.0,0.0,0.0,0,3522.0
51,5,0,0,0,0,5,1.0,1.0,0.4,0.6,0.0,255,2,0.01,0.09,0.0,1.0,1.0,0.0,1,91960.0
22,9,181,9287,0,1,1,0.0,0.0,1.0,0.0,0.0,80,255,1.0,0.0,0.02,0.0,0.0,0.07,0,35260.0
44,5,0,0,0,0,135,1.0,1.0,0.08,0.06,0.0,255,16,0.06,0.07,0.0,1.0,1.0,0.0,1,14067.0
11,9,43,73,0,0,71,0.0,0.0,0.99,0.03,0.0,255,254,1.0,0.01,0.0,0.0,0.0,0.0,0,11776.0
22,9,303,1307,0,1,3,0.33,0.33,1.0,0.0,0.0,35,212,1.0,0.0,0.05,0.03,0.0,0.0,0,122875.0
44,5,0,0,0,0,175,1.0,1.0,0.05,0.07,0.0,255,8,0.03,0.07,0.0,1.0,1.0,0.0,1,103509.0
22,9,200,4244,0,1,10,0.0,0.0,1.0,0.0,0.18,10,255,1.0,0.0,0.02,0.0,0.0,0.0,0,26972.0
19,5,0,0,0,0,211,1.0,1.0,0.09,0.06,0.0,255,18,0.07,0.07,0.0,1.0,1.0,0.0,1,30875.0
36,5,0,0,0,0,276,1.0,1.0,0.02,0.06,0.0,255,6,0.02,0.07,0.0,1.0,1.0,0.0,1,122749.0
30,9,6,0,0,1,105,0.07,0.0,0.01,1.0,0.0,255,1,0.0,0.67,0.0,0.03,0.0,0.0,1,70915.0
11,9,45,134,0,0,91,0.0,0.0,1.0,0.0,0.01,255,253,0.99,0.01,0.0,0.0,0.0,0.0,0,68605.0
22,5,0,0,0,0,29,1.0,1.0,0.1,0.17,0.0,255,3,0.01,0.08,0.0,1.0,1.0,0.0,1,63879.0
22,9,200,2170,0,1,3,0.0,0.0,1.0,0.0,0.5,100,255,1.0,0.0,0.04,0.01,0.01,0.0,0,122834.0
22,9,307,484,0,1,2,0.5,0.5,1.0,0.0,0.0,178,255,1.0,0.0,0.01,0.02,0.01,0.0,0,91529.0
22,9,293,38125,0,1,10,0.0,0.0,1.0,0.0,0.11,10,255,1.0,0.0,0.01,0.0,0.0,0.0,0,20870.0
22,1,0,0,0,0,1,0.0,0.0,1.0,0.0,0.0,6,216,1.0,0.0,0.02,0.0,0.0,0.24,0,55586.0
22,9,233,3253,0,1,1,0.0,0.0,1.0,0.0,1.0,168,255,1.0,0.0,0.02,0.0,0.0,0.0,0,121816.0
22,9,325,16692,0,1,10,0.0,0.0,1.0,0.0,0.06,10,10,1.0,0.0,0.0,0.0,0.0,0.0,0,16777.0
22,5,0,0,0,0,2,0.5,0.5,1.0,0.0,0.5,8,255,1.0,0.0,0.02,0.12,0.0,0.0,0,58354.0
44,9,1,0,0,0,12,0.0,0.0,0.75,0.17,0.0,255,9,0.04,0.33,0.0,0.02,0.0,0.0,1,30407.0
22,9,319,983,0,1,15,0.0,0.0,1.0,0.0,0.0,255,255,1.0,0.0,0.0,0.0,0.0,0.0,0,32422.0
22,5,0,0,0,0,265,1.0,1.0,0.07,0.05,0.0,255,19,0.07,0.07,0.0,1.0,1.0,0.0,1,70741.0
40,9,146,105,0,0,2,0.0,0.0,1.0,0.0,0.0,255,2,0.01,0.6,0.0,0.0,0.0,0.0,0,18008.0
56,5,0,0,0,0,186,1.0,1.0,0.03,0.08,0.0,255,5,0.02,0.07,0.0,1.0,1.0,0.0,1,44299.0
13,9,8,0,0,0,1,0.0,0.0,1.0,0.0,1.0,2,96,1.0,0.0,0.5,0.0,0.0,0.0,1,110500.0
19,9,7045,0,0,1,2,0.0,0.0,1.0,0.0,0.0,9,44,1.0,0.0,0.14,0.0,0.02,0.0,1,111055.0
49,9,911,329,0,1,1,0.0,0.0,1.0,0.0,0.0,171,120,0.47,0.04,0.02,0.0,0.0,0.0,0,119451.0
22,9,202,725,0,1,4,0.0,0.0,1.0,0.0,0.0,4,255,1.0,0.0,0.05,0.0,0.01,0.0,0,56044.0
22,9,219,788,0,1,4,0.0,0.0,1.0,0.0,0.0,46,255,1.0,0.0,0.05,0.0,0.0,0.0,0,25336.0
22,9,211,1227,0,1,2,0.0,0.0,1.0,0.0,0.0,2,2,1.0,0.0,0.0,0.0,0.0,0.0,0,116501.0
22,9,315,9998,0,1,2,0.0,0.0,1.0,0.0,0.0,6,255,1.0,0.0,0.02,0.0,0.0,0.0,0,5871.0
11,9,45,133,0,0,64,0.0,0.0,1.0,0.0,0.01,255,255,1.0,0.0,0.0,0.0,0.0,0.0,0,57811.0
44,9,105,147,0,0,4,0.0,0.0,0.25,0.5,0.0,255,250,0.98,0.01,0.0,0.0,0.0,0.0,0,30514.0
49,9,1140,340,0,1,1,0.0,0.0,1.0,0.0,1.0,65,164,0.8,0.08,0.01,0.0,0.0,0.0,0,82212.0
22,9,54540,8314,0,1,5,0.0,0.0,1.0,0.0,0.43,255,255,1.0,0.0,0.0,0.0,0.0,0.05,1,83570.0
22,9,223,445,0,1,11,0.0,0.05,1.0,0.0,0.13,42,255,1.0,0.0,0.01,0.0,0.01,0.0,0,44842.0
17,9,10,139,0,0,1,0.0,0.0,1.0,0.0,0.0,171,13,0.05,0.01,0.15,0.0,0.0,0.0,0,55615.0
22,9,231,36322,0,1,1,0.0,0.0,1.0,0.0,0.0,1,255,1.0,0.0,0.05,0.0,0.0,0.0,0,20687.0
44,5,0,0,0,0,127,1.0,1.0,0.05,0.07,0.0,255,6,0.02,0.06,0.0,1.0,1.0,0.0,1,104982.0
22,9,205,8773,0,1,13,0.0,0.0,1.0,0.0,0.1,215,255,1.0,0.0,0.02,0.0,0.0,0.0,0,47600.0
22,9,275,1418,0,1,10,0.0,0.0,1.0,0.0,0.29,18,255,1.0,0.0,0.04,0.0,0.01,0.0,0,88622.0
22,9,279,2708,0,1,5,0.0,0.0,1.0,0.0,0.0,24,255,1.0,0.0,0.02,0.0,0.0,0.0,0,32108.0
22,9,286,13246,0,1,1,0.0,0.0,1.0,0.0,0.4,14,255,1.0,0.0,0.03,0.14,0.01,0.0,0,102883.0
27,5,0,0,0,0,124,1.0,1.0,0.06,0.07,0.0,255,7,0.03,0.07,0.0,1.0,1.0,0.0,1,66184.0
22,9,207,680,0,1,15,0.0,0.0,1.0,0.0,0.0,102,102,1.0,0.0,0.0,0.01,0.01,0.0,0,51958.0
44,5,0,0,0,0,123,1.0,1.0,0.13,0.06,0.0,255,4,0.02,0.07,0.0,1.0,1.0,0.0,1,125179.0
44,9,1,0,0,0,23,0.0,0.0,0.04,0.39,0.0,255,1,0.0,0.65,0.0,0.0,0.0,0.0,1,53956.0
22,9,261,856,0,1,12,0.0,0.0,1.0,0.0,0.0,194,255,1.0,0.0,0.01,0.0,0.0,0.0,0,56888.0
11,9,42,42,0,0,154,0.0,0.0,1.0,0.0,0.02,255,198,0.78,0.01,0.0,0.0,0.0,0.0,0,119133.0
44,5,0,0,0,0,213,1.0,1.0,0.11,0.07,0.0,255,24,0.09,0.07,0.0,1.0,1.0,0.0,1,5935.0
22,9,214,1314,0,1,6,0.0,0.0,1.0,0.0,0.17,62,255,1.0,0.0,0.03,0.0,0.0,0.0,0,118562.0
49,9,1395,366,0,1,1,0.0,0.0,1.0,0.0,1.0,40,91,0.7,0.05,0.02,0.0,0.0,0.0,0,69887.0
49,9,2524,389,0,1,1,0.0,0.0,1.0,0.0,0.0,255,81,0.32,0.02,0.0,0.49,0.0,0.0,0,89372.0
44,5,0,0,0,0,54,1.0,1.0,0.35,0.07,0.0,255,6,0.02,0.06,0.0,1.0,1.0,0.0,1,58336.0
49,9,4211,334,0,1,1,0.0,0.0,1.0,0.0,0.0,255,117,0.46,0.02,0.0,0.0,0.0,0.0,0,95547.0
11,9,44,126,0,0,69,0.0,0.0,0.99,0.03,0.01,255,241,0.95,0.01,0.0,0.0,0.0,0.0,0,10248.0
7,1,0,0,0,0,238,0.0,0.0,0.03,0.07,0.0,255,7,0.03,0.07,0.0,0.0,0.0,1.0,1,68984.0
10,5,0,0,0,0,100,1.0,1.0,0.1,0.06,0.0,255,8,0.03,0.07,0.0,1.0,1.0,0.0,1,85919.0
44,0,0,0,0,0,1,0.0,0.0,1.0,0.0,0.0,144,1,0.01,0.67,0.0,0.04,0.0,0.0,1,94226.0
22,9,233,4097,0,1,2,0.0,0.0,1.0,0.0,0.4,255,255,1.0,0.0,0.0,0.0,0.0,0.0,0,34225.0
17,5,0,0,0,0,257,1.0,0.75,0.01,0.06,0.5,255,3,0.01,0.06,0.0,1.0,1.0,0.0,1,91672.0
43,6,6,40,0,1,107,0.07,1.0,0.01,1.0,0.0,255,1,0.0,0.68,0.0,0.03,1.0,0.0,1,49960.0
44,9,105,147,0,0,3,0.0,0.0,0.67,0.67,0.0,255,245,0.96,0.01,0.0,0.0,0.0,0.0,0,124496.0
40,1,0,0,0,0,509,0.16,0.0,0.0,1.0,0.0,255,1,0.0,1.0,0.0,0.27,0.0,1.0,1,29762.0
17,9,8,174,0,0,1,0.0,0.0,1.0,0.0,0.0,116,6,0.05,0.03,0.0,0.0,0.0,0.0,0,78551.0
22,5,0,0,0,0,2,0.5,0.2,1.0,0.0,0.4,11,255,1.0,0.0,0.03,0.09,0.01,0.0,0,18166.0
22,9,239,1897,0,1,1,0.0,0.0,1.0,0.0,0.0,2,255,1.0,0.0,0.07,0.0,0.0,0.0,0,45235.0
22,9,234,1212,0,1,4,0.0,0.0,1.0,0.0,0.0,203,255,1.0,0.0,0.02,0.0,0.0,0.0,0,13482.0
19,9,37,0,0,1,2,0.5,0.5,1.0,0.0,0.0,25,78,0.32,0.08,0.04,0.04,0.01,0.0,0,58832.0
22,9,54540,8314,0,1,1,0.0,0.0,1.0,0.0,1.0,255,255,1.0,0.0,0.0,0.0,0.0,0.03,1,56153.0
60,5,0,0,0,0,267,1.0,1.0,0.07,0.06,0.0,255,2,0.01,0.07,0.0,1.0,1.0,0.0,1,96373.0
22,9,298,432,0,1,1,0.0,0.0,1.0,0.0,0.5,3,255,1.0,0.0,0.02,0.0,0.0,0.0,0,32482.0
22,9,252,798,0,1,34,0.0,0.0,1.0,0.0,0.0,255,255,1.0,0.0,0.0,0.0,0.0,0.0,0,109545.0
56,3,0,0,0,0,1,0.0,0.0,1.0,0.0,0.0,81,1,0.01,0.14,0.0,0.0,0.0,1.0,0,52420.0
9,5,0,0,0,0,237,1.0,1.0,0.07,0.06,0.0,255,17,0.07,0.07,0.0,1.0,1.0,0.0,1,42072.0
19,9,334,0,0,1,2,0.0,0.0,1.0,0.0,0.0,2,28,1.0,0.0,0.14,0.0,0.0,0.0,1,9516.0
44,5,0,0,0,0,267,1.0,1.0,0.01,0.06,0.0,255,4,0.02,0.07,0.0,1.0,1.0,0.0,1,8823.0
44,5,0,0,0,0,140,1.0,1.0,0.01,0.05,0.0,255,1,0.0,0.05,0.0,1.0,1.0,0.0,1,65024.0
49,9,1245,477,0,1,7,0.0,0.0,0.14,0.29,1.0,255,14,0.05,0.02,0.0,0.0,0.0,0.07,0,62644.0
49,9,1481,330,0,1,1,0.0,0.0,1.0,0.0,1.0,223,166,0.65,0.02,0.01,0.0,0.0,0.0,0,48820.0
11,9,45,139,0,0,245,0.0,0.0,1.0,0.0,0.0,255,251,0.98,0.01,0.0,0.0,0.0,0.0,0,22872.0
40,1,0,0,0,0,331,0.06,0.0,0.0,1.0,0.0,255,1,0.0,1.0,0.0,0.08,0.0,1.0,1,86753.0
22,9,231,3396,0,1,5,0.0,0.0,1.0,0.0,0.0,15,255,1.0,0.0,0.02,0.0,0.0,0.0,0,71585.0
11,9,42,42,0,0,5,0.0,0.0,1.0,0.0,0.22,255,235,0.92,0.01,0.0,0.0,0.0,0.0,0,116980.0
44,5,0,0,0,0,130,1.0,1.0,0.03,0.06,0.0,255,18,0.07,0.07,0.0,1.0,1.0,0.0,1,87068.0
40,9,147,105,0,0,2,0.0,0.0,1.0,0.0,0.0,255,2,0.01,0.85,0.0,0.0,0.0,0.0,0,21301.0
13,9,8,0,0,0,1,0.0,0.0,1.0,0.0,1.0,3,41,1.0,0.0,0.27,0.0,0.0,0.0,1,116311.0
22,9,235,258,0,1,8,0.0,0.0,1.0,0.0,0.12,247,255,1.0,0.0,0.01,0.0,0.0,0.0,0,5972.0
44,9,28,0,1,0,1,0.0,0.0,1.0,0.0,0.0,255,68,0.27,0.01,0.0,0.0,0.0,0.0,1,51650.0
14,9,1032,0,0,0,511,0.0,0.0,1.0,0.0,0.0,255,134,0.53,0.04,0.0,0.0,0.0,0.0,1,49170.0
19,9,3676,0,0,0,16,0.0,0.0,1.0,0.0,0.0,208,76,0.37,0.03,0.0,0.0,0.0,0.0,0,101294.0
22,9,317,558,0,1,6,0.0,0.0,1.0,0.0,0.0,6,255,1.0,0.0,0.06,0.0,0.0,0.0,0,34712.0
22,9,305,3222,0,1,6,0.0,0.0,1.0,0.0,0.0,255,251,0.98,0.01,0.0,0.0,0.0,0.0,0,84130.0
14,9,520,0,0,0,234,0.0,0.0,1.0,0.0,0.0,255,255,1.0,0.0,0.0,0.0,0.0,0.0,1,49476.0
22,9,311,1473,0,1,3,0.0,0.0,1.0,0.0,0.33,24,255,1.0,0.0,0.02,0.0,0.0,0.0,0,10341.0
22,9,320,12155,0,1,1,0.0,0.0,1.0,0.0,0.1,4,255,1.0,0.0,0.04,0.0,0.01,0.0,0,78903.0
22,9,240,6356,0,1,8,0.0,0.0,1.0,0.0,0.0,255,255,1.0,0.0,0.0,0.0,0.0,0.0,0,89648.0
40,9,147,105,0,0,1,0.0,0.0,1.0,0.0,0.0,255,1,0.0,0.78,0.0,0.0,0.0,0.0,0,89581.0
44,1,0,0,0,0,9,0.0,0.0,0.11,1.0,0.0,255,1,0.0,0.37,0.0,0.0,0.0,1.0,1,57818.0
22,9,242,337,0,1,7,0.0,0.0,1.0,0.0,0.25,255,255,1.0,0.0,0.0,0.0,0.0,0.0,0,100734.0
22,1,0,0,0,0,1,0.0,0.0,1.0,0.0,0.0,255,255,1.0,0.0,0.0,0.0,0.0,0.06,0,26301.0
49,9,672,326,0,1,1,0.0,0.0,1.0,0.0,1.0,191,138,0.39,0.02,0.01,0.0,0.0,0.0,0,71164.0
44,5,0,0,0,0,72,1.0,1.0,0.18,0.07,0.0,222,13,0.06,0.06,0.0,1.0,1.0,0.0,1,50774.0
44,5,0,0,0,0,115,1.0,1.0,0.05,0.06,0.0,255,27,0.11,0.07,0.0,1.0,1.0,0.0,1,123190.0
2,5,0,0,0,0,269,1.0,1.0,0.07,0.06,0.0,255,3,0.01,0.08,0.0,1.0,1.0,0.0,1,37666.0
49,9,1375,336,0,1,1,0.0,0.0,1.0,0.0,0.0,177,171,0.67,0.02,0.01,0.0,0.0,0.0,0,82916.0
22,1,0,0,0,0,1,0.0,0.0,1.0,0.0,1.0,22,253,1.0,0.0,0.2,0.0,0.0,0.99,0,91186.0
22,9,293,398,0,1,6,0.17,0.17,1.0,0.0,0.0,255,255,1.0,0.0,0.0,0.01,0.01,0.0,0,46901.0
22,9,226,449,0,1,23,0.0,0.0,1.0,0.0,0.11,205,255,1.0,0.0,0.01,0.0,0.0,0.0,0,67919.0
11,9,110,30,0,0,1,0.0,0.0,1.0,0.0,0.0,37,20,0.54,0.05,0.0,0.0,0.0,0.0,0,77795.0
44,5,0,0,0,0,245,1.0,1.0,0.05,0.06,0.0,255,2,0.01,0.07,0.0,1.0,1.0,0.0,1,13302.0
19,5,0,0,0,0,10,1.0,1.0,0.4,0.2,0.0,210,48,0.21,0.02,0.04,1.0,0.92,0.0,1,124931.0
19,9,192,0,0,1,2,0.0,0.0,1.0,0.0,0.0,31,104,0.84,0.06,0.03,0.0,0.0,0.0,0,68636.0
56,5,0,0,0,0,270,1.0,1.0,0.08,0.05,0.0,255,21,0.08,0.05,0.0,1.0,1.0,0.0,1,11823.0
11,9,46,92,0,0,103,0.0,0.0,1.0,0.0,0.03,255,229,0.9,0.01,0.0,0.0,0.0,0.0,0,26266.0
14,9,1032,0,0,0,274,0.0,0.0,1.0,0.0,0.0,198,104,0.53,0.04,0.0,0.01,0.0,0.0,1,84027.0
44,5,0,0,0,0,147,1.0,1.0,0.12,0.06,0.0,255,7,0.03,0.07,0.0,1.0,1.0,0.0,1,108749.0
22,9,199,764,0,1,5,0.0,0.0,1.0,0.0,0.43,12,255,1.0,0.0,0.07,0.0,0.0,0.0,0,56672.0
44,5,0,0,0,0,269,1.0,1.0,0.01,0.07,0.0,255,4,0.02,0.06,0.0,1.0,1.0,0.0,1,52938.0
44,5,0,0,0,0,243,1.0,1.0,0.05,0.07,0.0,255,20,0.08,0.07,0.0,1.0,1.0,0.0,1,71570.0
44,5,0,0,0,0,264,1.0,1.0,0.06,0.06,0.0,255,5,0.02,0.06,0.0,1.0,1.0,0.0,1,111137.0
44,1,0,0,0,0,1,0.0,0.0,1.0,0.0,0.0,28,2,0.04,1.0,1.0,0.0,0.0,1.0,1,90798.0
22,9,54540,8314,0,1,2,0.0,0.0,1.0,0.0,0.0,159,159,1.0,0.0,0.0,0.0,0.0,0.01,1,6473.0
62,5,0,0,0,0,254,1.0,1.0,0.07,0.06,0.0,255,17,0.07,0.05,0.0,1.0,1.0,0.0,1,16319.0
54,5,0,0,0,0,141,1.0,1.0,0.14,0.04,0.0,255,6,0.02,0.06,0.0,1.0,1.0,0.0,1,44204.0
44,5,0,0,0,0,92,1.0,1.0,0.03,0.07,0.0,146,3,0.02,0.07,0.0,1.0,1.0,0.0,1,101848.0
11,9,46,112,0,0,107,0.0,0.0,1.0,0.0,0.01,255,255,1.0,0.0,0.0,0.0,0.0,0.0,0,58051.0
14,9,520,0,0,0,443,0.0,0.0,1.0,0.0,0.0,167,167,1.0,0.0,0.0,0.0,0.0,0.0,1,39795.0
44,5,0,0,0,0,204,1.0,1.0,0.01,0.07,0.0,255,3,0.01,0.1,0.0,1.0,1.0,0.0,1,90590.0
44,1,0,0,0,0,241,0.0,0.0,0.08,0.07,0.0,255,19,0.07,0.07,0.0,0.0,0.0,1.0,1,70290.0
44,4,0,0,0,0,1,0.0,0.0,1.0,0.0,0.0,255,1,0.0,0.46,0.0,0.0,0.0,1.0,1,56019.0
22,9,237,294,0,1,8,0.0,0.0,1.0,0.0,0.22,255,255,1.0,0.0,0.0,0.0,0.0,0.0,0,45838.0
11,9,41,57,0,0,3,0.0,0.0,1.0,0.0,0.4,255,255,1.0,0.0,0.0,0.0,0.0,0.0,0,107737.0
46,5,0,0,0,0,280,1.0,1.0,0.07,0.06,0.0,255,19,0.07,0.07,0.0,1.0,1.0,0.0,1,47305.0
44,5,0,0,0,0,127,1.0,1.0,0.11,0.06,0.0,255,16,0.06,0.07,0.0,1.0,1.0,0.0,1,74880.0
22,9,287,27627,0,1,1,0.0,0.0,1.0,0.0,0.0,1,255,1.0,0.0,0.03,0.0,0.0,0.0,0,103934.0
13,9,8,0,0,0,1,0.0,0.0,1.0,0.0,1.0,2,16,1.0,0.0,0.5,0.0,0.0,0.0,1,103972.0
42,9,66,3455,0,1,2,0.0,0.0,0.5,1.0,0.0,159,3,0.01,0.04,0.67,0.0,0.0,0.0,0,121981.0
31,1,0,0,0,0,284,0.0,0.0,0.05,0.06,0.0,255,13,0.05,0.07,0.0,0.0,0.0,1.0,1,30836.0
44,5,0,0,0,0,231,1.0,1.0,0.07,0.04,0.0,91,17,0.19,0.09,0.0,0.98,1.0,0.0,1,16661.0
11,9,42,42,0,0,1,0.0,0.0,1.0,0.0,0.0,255,233,0.91,0.01,0.0,0.0,0.0,0.0,0,96811.0
22,9,324,15105,0,1,1,0.0,0.0,1.0,0.0,0.0,53,255,1.0,0.0,0.03,0.0,0.0,0.0,0,96265.0
44,9,1,0,0,0,70,0.0,0.0,0.61,0.06,0.0,255,107,0.42,0.06,0.0,0.0,0.0,0.0,1,118629.0
11,9,46,46,0,0,113,0.0,0.0,1.0,0.0,0.0,255,245,0.96,0.01,0.0,0.0,0.0,0.0,0,23193.0
35,5,0,0,0,0,203,1.0,1.0,0.02,0.06,0.0,255,5,0.02,0.07,0.0,1.0,1.0,0.0,1,66582.0
22,9,226,498,0,1,21,0.0,0.0,1.0,0.0,0.12,255,255,1.0,0.0,0.0,0.0,0.0,0.0,0,99831.0
44,1,0,0,0,0,133,0.0,0.0,0.14,0.06,0.0,108,18,0.17,0.07,0.0,0.0,0.0,1.0,1,84992.0
22,9,203,25948,0,1,12,0.0,0.0,1.0,0.0,0.0,72,255,1.0,0.0,0.01,0.0,0.0,0.0,0,77091.0
11,9,44,100,0,0,123,0.0,0.0,1.0,0.0,0.0,255,254,1.0,0.01,0.0,0.0,0.0,0.0,0,74337.0
44,5,0,0,0,0,87,1.0,1.0,0.01,0.07,0.0,255,1,0.0,0.06,0.0,1.0,1.0,0.0,1,150.0
49,9,1418,330,0,1,1,0.0,0.0,1.0,0.0,0.0,76,132,0.8,0.05,0.02,0.0,0.0,0.0,0,66650.0
20,5,0,0,0,0,227,1.0,1.0,0.08,0.07,0.0,255,19,0.07,0.08,0.0,1.0,1.0,0.0,1,57766.0
22,9,238,1528,0,1,3,0.0,0.0,1.0,0.0,0.0,27,245,1.0,0.0,0.02,0.0,0.0,0.0,0,119723.0
40,9,516,4,0,0,409,0.0,0.0,1.0,0.0,0.0,255,255,1.0,0.0,0.0,0.0,0.0,0.0,0,81204.0
11,9,44,132,0,0,12,0.0,0.0,1.0,0.0,0.01,70,200,0.79,0.03,0.01,0.0,0.0,0.0,0,97803.0
49,9,2004,403,0,1,1,0.0,0.0,1.0,0.0,0.0,137,95,0.69,0.03,0.0,0.0,0.0,0.0,0,11573.0
22,9,336,920,0,1,9,0.11,0.08,1.0,0.0,0.17,255,255,1.0,0.0,0.0,0.01,0.01,0.0,0,48577.0
22,1,0,0,0,0,1,0.0,0.0,1.0,0.0,0.0,2,41,1.0,0.0,0.17,0.0,0.0,1.0,0,104176.0
22,9,270,2743,0,1,26,0.0,0.0,1.0,0.0,0.07,47,255,1.0,0.0,0.02,0.0,0.0,0.0,0,62525.0
44,1,0,0,0,0,2,0.0,0.0,0.5,1.0,0.0,255,1,0.0,0.95,0.0,0.0,0.0,1.0,1,19263.0
22,9,322,42648,0,1,2,0.0,0.0,1.0,0.0,0.0,85,255,1.0,0.0,0.04,0.0,0.0,0.0,0,101629.0
22,9,290,2210,0,1,1,0.0,0.0,1.0,0.0,0.0,11,255,1.0,0.0,0.02,0.0,0.0,0.0,0,39891.0
22,9,225,4204,0,1,28,0.0,0.0,1.0,0.0,0.0,147,255,1.0,0.0,0.04,0.0,0.0,0.0,0,102255.0
11,9,42,125,0,0,135,0.0,0.0,1.0,0.0,0.01,255,254,1.0,0.01,0.0,0.0,0.0,0.0,0,87920.0
22,5,0,0,0,0,36,1.0,1.0,0.25,0.11,0.0,255,29,0.11,0.07,0.0,1.0,1.0,0.0,1,89472.0
22,9,266,2424,0,1,1,0.0,0.0,1.0,0.0,1.0,255,248,0.97,0.01,0.0,0.0,0.0,0.0,0,35353.0
19,9,5558,0,0,0,11,0.0,0.0,1.0,0.0,0.17,61,78,0.49,0.08,0.03,0.0,0.0,0.0,0,104552.0
44,1,0,0,0,0,98,0.07,0.0,0.01,1.0,0.0,255,1,0.0,0.65,0.0,0.03,0.0,1.0,1,80498.0
44,5,0,0,0,0,159,1.0,1.0,0.12,0.06,0.0,255,12,0.05,0.06,0.0,1.0,1.0,0.0,1,44519.0
22,9,293,259,0,1,3,0.0,0.0,0.67,0.67,0.0,255,250,0.98,0.01,0.0,0.0,0.0,0.0,0,36801.0
49,9,661,338,0,1,1,0.0,0.0,1.0,0.0,1.0,136,90,0.24,0.04,0.02,0.01,0.01,0.0,0,85250.0
22,9,342,9395,0,1,5,0.0,0.0,1.0,0.0,0.33,147,255,1.0,0.0,0.01,0.0,0.0,0.0,0,62341.0
7,1,0,0,0,0,1,0.0,0.0,1.0,0.0,0.0,65,1,0.02,1.0,0.0,0.0,0.0,1.0,1,66929.0
18,9,347,1063,0,1,1,0.0,0.0,1.0,0.0,0.0,239,40,0.17,0.03,0.0,0.0,0.0,0.0,0,60455.0
62,5,0,0,0,0,259,1.0,1.0,0.02,0.06,0.0,255,5,0.02,0.07,0.0,1.0,1.0,0.0,1,7594.0
22,9,310,1548,0,1,8,0.0,0.0,1.0,0.0,0.22,255,255,1.0,0.0,0.0,0.0,0.0,0.0,0,122578.0
44,1,0,0,0,0,107,0.0,0.0,0.05,0.07,0.0,182,5,0.03,0.07,0.0,0.0,0.0,1.0,1,39325.0
44,5,0,0,0,0,245,1.0,1.0,0.07,0.06,0.0,255,3,0.01,0.09,0.0,1.0,1.0,0.0,1,97523.0
47,5,0,0,0,0,205,1.0,1.0,0.04,0.07,0.0,255,8,0.03,0.06,0.0,1.0,1.0,0.0,1,43185.0
44,5,0,0,0,0,292,1.0,1.0,0.07,0.05,0.0,255,19,0.07,0.07,0.0,1.0,1.0,0.0,1,17017.0
22,9,294,7303,0,1,17,0.0,0.0,1.0,0.0,0.11,17,255,1.0,0.0,0.07,0.0,0.0,0.0,0,94145.0
19,9,334,0,0,1,1,0.0,0.0,1.0,0.0,0.0,1,15,1.0,0.0,0.2,0.0,0.0,0.0,1,56159.0
44,5,0,0,0,0,263,1.0,1.0,0.06,0.06,0.0,255,6,0.02,0.07,0.0,1.0,1.0,0.0,1,80647.0
11,9,32,94,0,0,4,0.0,0.0,1.0,0.0,0.0,255,253,0.99,0.01,0.0,0.0,0.0,0.0,0,85118.0
18,5,0,0,0,0,250,1.0,1.0,0.08,0.05,0.0,255,20,0.08,0.07,0.0,1.0,1.0,0.0,1,90345.0
44,5,0,0,0,0,244,1.0,1.0,0.1,0.04,0.0,255,24,0.09,0.05,0.0,1.0,1.0,0.0,1,82950.0
22,9,296,1630,0,1,8,0.0,0.0,1.0,0.0,0.25,206,255,1.0,0.0,0.01,0.0,0.0,0.0,0,43137.0
22,9,221,1600,0,1,9,0.0,0.0,1.0,0.0,0.2,255,255,1.0,0.0,0.0,0.0,0.0,0.0,0,69535.0
40,4,1,0,0,0,2,0.0,0.0,1.0,0.0,0.0,255,2,0.01,0.68,0.0,0.0,0.0,1.0,1,605.0
44,5,0,0,0,0,177,1.0,1.0,0.05,0.06,0.0,255,19,0.07,0.06,0.0,1.0,1.0,0.0,1,90623.0
22,9,179,1597,0,1,1,0.0,0.0,1.0,0.0,0.04,255,251,0.98,0.01,0.0,0.0,0.0,0.0,0,124635.0
19,9,748,0,0,0,1,0.0,0.0,1.0,0.0,0.0,59,10,0.17,0.05,0.0,0.0,0.0,0.0,0,35162.0
22,9,250,3589,0,1,13,0.0,0.0,1.0,0.0,0.0,255,255,1.0,0.0,0.0,0.0,0.0,0.0,0,2885.0
44,1,0,0,0,0,204,0.06,0.0,0.0,1.0,0.0,255,1,0.0,0.81,0.0,0.05,0.0,1.0,1,900.0
44,5,0,0,0,0,77,1.0,1.0,0.21,0.08,0.0,255,16,0.06,0.07,0.0,1.0,1.0,0.0,1,13507.0
19,9,10044,0,0,1,13,0.0,0.0,1.0,0.0,0.0,217,87,0.35,0.02,0.02,0.0,0.0,0.0,0,17975.0
22,9,260,853,0,1,3,0.0,0.0,1.0,0.0,0.11,12,255,1.0,0.0,0.06,0.0,0.0,0.0,0,45001.0
7,5,0,0,0,0,237,1.0,1.0,0.03,0.06,0.0,255,5,0.02,0.07,0.0,1.0,1.0,0.0,1,50316.0
25,5,0,0,0,0,257,1.0,1.0,0.06,0.05,0.0,255,16,0.06,0.05,0.0,1.0,1.0,0.0,1,68672.0
40,1,0,0,0,0,1,0.0,0.0,1.0,0.0,0.0,9,9,1.0,0.0,0.0,0.0,0.0,1.0,0,58662.0
22,9,299,308,0,1,3,0.0,0.0,1.0,0.0,0.5,255,255,1.0,0.0,0.0,0.0,0.0,0.0,0,117618.0
22,9,223,672,0,1,31,0.0,0.0,1.0,0.0,0.0,62,255,1.0,0.0,0.02,0.0,0.0,0.0,0,28662.0
17,9,8,141,0,0,1,0.0,0.0,1.0,0.0,0.0,208,13,0.06,0.03,0.0,0.0,0.0,0.0,0,8270.0
22,9,357,1529,0,1,9,0.0,0.0,1.0,0.0,0.0,255,255,1.0,0.0,0.0,0.0,0.0,0.0,0,16713.0
22,9,214,181,0,1,7,0.14,0.14,1.0,0.0,0.0,6,255,1.0,0.0,0.03,0.0,0.0,0.0,0,95287.0
49,9,36040,340,0,1,1,0.0,0.0,1.0,0.0,1.0,227,182,0.71,0.02,0.01,0.0,0.0,0.0,0,105612.0
22,9,345,895,0,1,15,0.0,0.03,1.0,0.0,0.09,255,255,1.0,0.0,0.0,0.0,0.0,0.0,0,66864.0
15,5,0,0,0,0,144,1.0,1.0,0.17,0.04,0.0,255,24,0.09,0.05,0.0,1.0,1.0,0.0,1,18385.0
13,9,8,0,0,0,1,0.0,0.0,1.0,0.0,1.0,1,189,1.0,0.0,0.25,0.0,0.0,0.0,1,3935.0
22,9,149,35701,0,1,1,0.0,0.0,1.0,0.0,0.75,14,255,1.0,0.0,0.04,0.0,0.0,0.0,0,108760.0
40,9,146,105,0,0,4,0.0,0.0,0.5,0.5,0.0,255,2,0.01,0.76,0.0,0.0,0.0,0.0,0,77123.0
22,9,205,1046,0,1,8,0.0,0.0,1.0,0.0,0.22,37,255,1.0,0.0,0.04,0.0,0.01,0.0,0,85287.0
49,9,1663,371,0,1,1,0.0,0.0,1.0,0.0,0.0,24,168,0.75,0.12,0.01,0.0,0.01,0.0,0,76233.0
22,9,169,13635,0,1,4,0.0,0.0,1.0,0.0,0.25,143,255,1.0,0.0,0.02,0.01,0.0,0.0,0,104888.0
22,9,220,398,0,1,4,0.0,0.0,1.0,0.0,0.4,255,255,1.0,0.0,0.0,0.0,0.0,0.0,0,50446.0
22,9,311,2936,0,1,4,0.0,0.0,1.0,0.0,0.0,255,255,1.0,0.0,0.0,0.0,0.0,0.0,0,12643.0
22,9,264,6257,0,1,6,0.0,0.0,1.0,0.0,0.25,71,255,1.0,0.0,0.02,0.0,0.0,0.0,0,31715.0
44,9,105,0,0,0,1,0.0,0.0,1.0,0.0,0.0,37,1,0.03,0.05,0.0,0.0,0.0,0.0,0,106192.0
61,1,0,0,0,0,272,0.0,0.0,0.07,0.06,0.0,255,20,0.08,0.07,0.0,0.0,0.0,1.0,1,58514.0
22,9,229,11400,0,1,9,0.0,0.0,1.0,0.0,0.0,60,255,1.0,0.0,0.05,0.02,0.01,0.0,0,76131.0
44,5,0,0,0,0,65,1.0,1.0,0.08,0.06,0.0,255,19,0.07,0.07,0.0,1.0,1.0,0.0,1,88425.0
61,1,0,0,0,0,113,0.0,0.0,0.09,0.06,0.0,255,10,0.04,0.08,0.0,0.0,0.0,1.0,1,95235.0
44,4,0,0,0,0,1,0.0,0.0,1.0,0.0,0.0,171,1,0.01,0.05,0.0,0.0,0.0,1.0,1,55695.0
14,9,8,0,0,0,3,0.0,0.0,1.0,0.0,0.0,5,5,1.0,0.0,0.0,0.0,0.0,0.0,1,120851.0
19,9,2194619,0,0,1,2,0.0,0.0,1.0,0.0,0.0,37,84,0.32,0.16,0.04,0.0,0.0,0.0,0,80942.0
11,9,44,44,0,0,80,0.0,0.0,1.0,0.0,0.01,255,254,1.0,0.01,0.0,0.0,0.0,0.0,0,50453.0
22,9,277,2253,0,1,17,0.0,0.0,1.0,0.0,0.0,17,255,1.0,0.0,0.04,0.0,0.01,0.0,0,641.0
44,1,0,0,0,0,105,0.0,0.0,0.14,0.07,0.0,255,15,0.06,0.05,0.0,0.0,0.0,1.0,1,87605.0
21,5,0,0,0,0,230,1.0,1.0,0.01,0.05,0.0,255,3,0.01,0.06,0.0,1.0,1.0,0.0,1,124795.0
22,9,232,467,0,1,1,0.0,0.0,1.0,0.0,0.0,3,255,1.0,0.0,0.04,0.0,0.0,0.0,0,66326.0
22,9,252,24356,0,1,1,0.0,0.0,1.0,0.0,0.0,255,255,1.0,0.0,0.0,0.0,0.0,0.0,0,97859.0
11,9,45,71,0,0,182,0.0,0.0,1.0,0.0,0.0,255,255,1.0,0.0,0.0,0.0,0.0,0.0,0,37453.0
22,9,210,2446,0,1,7,0.0,0.0,1.0,0.0,0.25,116,255,1.0,0.0,0.02,0.01,0.0,0.0,0,5748.0
44,5,0,0,0,0,253,1.0,1.0,0.02,0.06,0.0,255,20,0.08,0.07,0.0,1.0,1.0,0.0,1,14250.0
22,9,226,2119,0,1,18,0.0,0.0,1.0,0.0,0.11,51,255,1.0,0.0,0.09,0.0,0.0,0.0,0,103775.0
13,9,8,0,0,0,1,0.0,0.0,1.0,0.0,1.0,2,129,1.0,0.0,0.5,0.0,0.0,0.0,1,21677.0
22,9,236,2507,0,1,7,0.0,0.0,1.0,0.0,0.15,255,253,0.99,0.01,0.0,0.0,0.0,0.0,0,88011.0
49,9,2838,325,0,1,1,0.0,0.0,1.0,0.0,0.0,255,130,0.51,0.05,0.0,0.01,0.0,0.0,0,1086.0
44,5,0,0,0,0,206,1.0,1.0,0.02,0.07,0.0,255,5,0.02,0.08,0.0,1.0,1.0,0.0,1,118016.0
13,9,8,0,0,0,1,0.0,0.0,1.0,0.0,1.0,2,26,1.0,0.0,0.5,0.0,0.0,0.0,1,56052.0
22,9,247,997,0,1,4,0.0,0.0,1.0,0.0,0.0,255,255,1.0,0.0,0.0,0.0,0.0,0.0,0,105182.0
49,9,1389,368,0,1,1,0.0,0.0,1.0,0.0,1.0,207,104,0.5,0.03,0.0,0.0,0.01,0.0,0,77577.0
44,1,0,0,0,0,56,0.0,0.0,0.34,0.07,0.0,255,19,0.07,0.06,0.0,0.0,0.0,1.0,1,45269.0
17,5,0,0,0,0,294,1.0,1.0,0.05,0.06,0.0,255,2,0.01,0.07,0.0,1.0,1.0,0.0,1,104948.0
44,9,28,0,3,0,47,0.0,0.0,1.0,0.0,0.0,255,47,0.18,0.02,0.0,0.0,0.0,0.0,1,64893.0
54,5,0,0,0,0,285,1.0,1.0,0.08,0.05,0.0,255,24,0.09,0.05,0.0,1.0,1.0,0.0,1,22761.0
28,1,0,0,0,0,2,0.0,0.0,0.5,1.0,0.0,255,1,0.0,0.31,0.0,0.28,0.0,1.0,1,121579.0
19,9,5135678,0,0,1,1,0.0,0.0,1.0,0.0,0.0,5,32,1.0,0.0,0.12,0.0,0.0,0.0,1,23211.0
44,5,0,0,0,0,162,1.0,1.0,0.01,0.07,0.0,255,12,0.05,0.07,0.0,1.0,1.0,0.0,1,47060.0
58,9,78,0,0,0,11,0.0,0.0,0.18,0.18,0.0,255,10,0.04,0.01,0.0,0.0,0.0,0.0,0,26999.0
19,8,40495,0,0,1,10,0.1,0.1,1.0,0.0,0.0,112,97,0.58,0.04,0.02,0.02,0.02,0.0,0,34479.0
44,5,0,0,0,0,72,1.0,1.0,0.03,0.07,0.0,255,19,0.07,0.07,0.0,1.0,1.0,0.0,1,76846.0
44,5,0,0,0,0,118,1.0,1.0,0.17,0.05,0.0,255,3,0.01,0.07,0.0,1.0,1.0,0.0,1,20572.0
22,7,266,70559,0,1,1,1.0,1.0,1.0,0.0,0.0,1,255,1.0,0.0,0.02,1.0,0.0,0.0,1,43489.0
44,5,0,0,0,0,235,1.0,1.0,0.07,0.06,0.0,255,12,0.05,0.07,0.0,1.0,1.0,0.0,1,89805.0
22,5,0,0,0,0,187,1.0,1.0,0.07,0.05,0.0,255,14,0.05,0.05,0.0,1.0,1.0,0.0,1,91249.0
22,9,311,11336,0,1,17,0.0,0.0,1.0,0.0,0.15,200,255,1.0,0.0,0.02,0.0,0.0,0.0,0,41198.0
22,9,307,4544,0,1,6,0.0,0.0,1.0,0.0,0.44,85,255,1.0,0.0,0.02,0.0,0.0,0.0,0,26981.0
49,9,1109,329,0,1,1,0.0,0.0,1.0,0.0,0.0,63,137,0.68,0.1,0.02,0.0,0.01,0.0,0,96648.0
22,9,335,14237,0,1,1,0.0,0.0,1.0,0.0,0.0,3,255,1.0,0.0,0.04,0.33,0.0,0.0,0,117801.0
44,5,0,0,0,0,110,1.0,1.0,0.05,0.06,0.0,255,16,0.06,0.07,0.0,1.0,1.0,0.0,1,49992.0
40,4,1,0,0,0,2,0.0,0.0,1.0,0.0,0.0,255,2,0.01,0.7,0.0,0.0,0.0,1.0,1,35525.0
25,5,0,0,0,0,250,1.0,1.0,0.08,0.05,0.0,255,3,0.01,0.07,0.0,1.0,1.0,0.0,1,18762.0
19,9,259,0,0,1,2,0.0,0.0,1.0,0.0,0.0,193,72,0.26,0.37,0.03,0.0,0.0,0.01,0,125804.0
44,1,0,0,0,0,161,0.0,0.0,0.09,0.07,0.0,255,14,0.05,0.07,0.0,0.0,0.0,1.0,1,41630.0
22,9,190,6315,0,1,1,0.0,0.0,1.0,0.0,0.0,57,255,1.0,0.0,0.05,0.0,0.0,0.0,0,51032.0
17,5,0,0,0,0,7,0.86,0.67,0.29,0.71,0.67,255,43,0.17,0.05,0.0,1.0,1.0,0.0,1,46379.0
22,9,297,17035,0,1,3,0.0,0.0,1.0,0.0,0.0,236,255,1.0,0.0,0.01,0.01,0.01,0.0,0,33253.0
11,9,82,38,0,0,2,0.0,0.0,1.0,0.0,0.33,255,236,0.93,0.01,0.0,0.0,0.0,0.0,0,28973.0
44,9,105,147,0,0,1,0.0,0.0,1.0,0.0,0.0,21,21,1.0,0.0,0.0,0.0,0.0,0.0,0,22247.0
44,1,0,0,0,0,88,0.0,0.0,0.09,0.08,0.0,255,8,0.03,0.07,0.0,0.0,0.0,1.0,1,24142.0
49,9,1862,331,0,1,1,0.0,0.0,1.0,0.0,0.0,104,164,0.63,0.04,0.01,0.0,0.0,0.05,0,25110.0
14,9,520,0,0,0,461,0.0,0.0,1.0,0.0,0.0,21,21,1.0,0.0,0.0,0.0,0.0,0.0,1,17590.0
22,9,263,1630,0,1,2,0.0,0.0,1.0,0.0,0.0,14,2,0.14,0.21,0.0,0.5,0.0,0.0,0,2509.0
22,9,315,536,0,1,15,0.0,0.0,1.0,0.0,0.0,225,255,1.0,0.0,0.01,0.0,0.0,0.0,0,111349.0
4,5,0,0,0,0,247,1.0,1.0,0.07,0.06,0.0,255,3,0.01,0.08,0.0,1.0,1.0,0.0,1,59163.0
36,5,0,0,0,0,241,1.0,1.0,0.1,0.05,0.0,255,23,0.09,0.05,0.0,1.0,1.0,0.0,1,95583.0
17,5,0,0,0,0,76,1.0,1.0,0.26,0.05,0.0,255,57,0.22,0.02,0.0,1.0,1.0,0.0,1,105951.0
44,4,1,0,0,0,2,0.0,0.0,1.0,0.0,0.0,255,2,0.01,0.62,0.0,0.0,0.0,1.0,1,72344.0
19,5,0,0,0,0,285,1.0,1.0,0.07,0.06,0.0,255,20,0.08,0.08,0.0,1.0,1.0,0.0,1,28811.0
7,5,0,0,0,0,124,1.0,1.0,0.13,0.06,0.0,255,16,0.06,0.05,0.0,1.0,1.0,0.0,1,26113.0
22,9,297,27928,0,1,16,0.0,0.0,1.0,0.0,0.0,84,255,1.0,0.0,0.03,0.0,0.0,0.0,0,74789.0
22,9,332,1372,0,1,7,0.0,0.0,1.0,0.0,0.18,7,255,1.0,0.0,0.05,0.0,0.0,0.0,0,101270.0
8,5,0,0,0,0,286,1.0,1.0,0.02,0.05,0.0,255,6,0.02,0.05,0.0,1.0,1.0,0.0,1,116285.0
49,9,3149,332,0,1,1,0.0,0.0,1.0,0.0,0.0,87,55,0.63,0.06,0.0,0.0,0.0,0.0,0,69384.0
40,9,145,0,0,0,3,0.0,0.0,0.33,0.67,0.0,255,1,0.0,0.2,0.0,0.0,0.0,0.0,0,29541.0
11,9,44,44,0,0,115,0.0,0.0,1.0,0.0,0.0,255,252,0.99,0.01,0.0,0.0,0.0,0.0,0,45332.0
44,5,0,0,0,0,101,1.0,1.0,0.03,0.06,0.0,255,3,0.01,0.05,0.0,1.0,1.0,0.0,1,75438.0
22,9,318,3989,0,1,12,0.0,0.0,1.0,0.0,0.0,79,255,1.0,0.0,0.01,0.0,0.0,0.0,0,36665.0
1,9,754060,39648,0,1,1,0.0,0.0,1.0,0.0,0.0,22,18,0.82,0.14,0.0,0.05,0.06,0.06,0,75223.0
44,9,105,0,0,0,1,0.0,0.0,1.0,0.0,0.0,2,2,1.0,0.0,0.0,0.0,0.0,0.0,0,82809.0
22,9,328,1032,0,1,2,0.0,0.0,1.0,0.0,0.0,78,255,1.0,0.0,0.02,0.0,0.0,0.0,0,101305.0
44,1,0,0,0,0,1,0.0,0.0,1.0,0.0,0.0,14,2,0.07,1.0,1.0,0.0,0.0,1.0,1,11517.0
22,9,320,266,0,1,1,0.0,0.0,1.0,0.0,0.0,255,254,1.0,0.01,0.0,0.0,0.0,0.0,0,119068.0
13,9,8,0,0,0,1,0.0,0.0,1.0,0.0,1.0,2,182,1.0,0.0,0.5,0.0,0.0,0.0,1,49096.0
49,9,685,330,0,1,1,0.0,0.0,1.0,0.0,1.0,169,158,0.67,0.03,0.01,0.0,0.0,0.0,0,79488.0
22,9,320,289,0,1,8,0.0,0.0,1.0,0.0,0.14,255,255,1.0,0.0,0.0,0.0,0.0,0.0,0,2564.0
22,9,290,4213,0,1,2,0.0,0.0,1.0,0.0,0.0,2,255,1.0,0.0,0.04,0.0,0.0,0.0,0,98736.0
22,1,0,0,0,0,1,0.0,0.0,1.0,0.0,0.0,2,90,1.0,0.0,0.32,0.0,0.01,0.99,0,56207.0
22,9,232,1721,0,1,13,0.0,0.0,1.0,0.0,0.04,255,255,1.0,0.0,0.0,0.01,0.01,0.0,0,120268.0
49,9,1089,326,0,1,1,0.0,0.0,1.0,0.0,1.0,242,118,0.48,0.02,0.02,0.01,0.02,0.0,0,26786.0
44,5,0,0,0,0,24,1.0,1.0,0.08,0.12,0.0,255,12,0.05,0.07,0.0,1.0,1.0,0.0,1,122753.0
12,5,0,0,0,0,239,1.0,1.0,0.03,0.07,0.0,255,6,0.02,0.07,0.0,1.0,1.0,0.0,1,84821.0
19,9,192,0,0,0,2,0.0,0.0,1.0,0.0,0.0,77,85,0.23,0.04,0.02,0.0,0.0,0.0,0,93173.0
19,9,12241,0,0,1,8,0.0,0.0,1.0,0.0,0.0,88,54,0.2,0.07,0.04,0.0,0.0,0.0,0,79300.0
22,9,54540,8314,0,1,4,0.0,0.0,1.0,0.0,0.0,200,200,1.0,0.0,0.0,0.0,0.0,0.05,1,92734.0
2,10,0,0,0,0,1,1.0,1.0,1.0,0.0,0.0,66,1,0.02,0.85,0.0,0.88,1.0,0.0,1,102732.0
11,9,44,70,0,0,140,0.0,0.0,1.0,0.0,0.0,255,202,0.79,0.01,0.0,0.0,0.0,0.0,0,56085.0
19,1,0,0,0,0,200,0.0,0.0,0.01,0.06,0.0,255,2,0.01,0.07,0.0,0.0,0.0,1.0,1,70019.0
22,9,249,2093,0,1,1,0.0,0.0,1.0,0.0,0.11,14,255,1.0,0.0,0.04,0.0,0.0,0.0,0,4517.0
59,2,0,0,0,0,108,0.0,0.0,0.04,0.07,0.0,255,4,0.02,0.06,0.0,0.0,0.0,1.0,1,49424.0
24,5,0,0,0,0,279,1.0,1.0,0.04,0.06,0.0,255,10,0.04,0.07,0.0,1.0,1.0,0.0,1,45401.0
19,9,12,0,0,1,1,0.0,0.0,1.0,0.0,0.0,255,35,0.14,0.02,0.0,0.0,0.0,0.0,0,91409.0
20,5,0,0,0,0,235,1.0,1.0,0.01,0.07,0.0,255,2,0.01,0.07,0.0,1.0,1.0,0.0,1,80110.0
19,9,1109,0,0,0,1,0.0,0.0,1.0,0.0,0.0,146,52,0.16,0.04,0.04,0.0,0.0,0.0,0,95979.0
18,9,365,1181,0,1,1,0.0,0.0,1.0,0.0,0.0,39,18,0.46,0.13,0.0,0.0,0.0,0.0,0,104266.0
22,9,210,424,0,1,37,0.0,0.0,1.0,0.0,0.09,255,255,1.0,0.0,0.0,0.0,0.0,0.0,0,115549.0
22,9,288,32099,0,1,3,0.0,0.0,1.0,0.0,0.25,35,255,1.0,0.0,0.02,0.0,0.0,0.0,0,81911.0
22,9,247,227,0,1,11,0.0,0.0,1.0,0.0,0.0,11,255,1.0,0.0,0.04,0.0,0.0,0.0,0,68346.0
44,5,0,0,0,0,24,1.0,1.0,0.12,0.25,0.0,255,14,0.05,0.09,0.0,1.0,1.0,0.0,1,35127.0
19,9,4753,0,0,0,16,0.0,0.0,1.0,0.0,0.0,47,26,0.55,0.09,0.0,0.0,0.0,0.0,0,93662.0
22,9,224,1529,0,1,22,0.0,0.0,1.0,0.0,0.0,255,255,1.0,0.0,0.0,0.0,0.0,0.0,0,59326.0
55,5,0,0,0,0,287,1.0,1.0,0.02,0.06,0.0,255,9,0.04,0.07,0.0,1.0,1.0,0.0,1,113791.0
22,9,368,2065,0,1,10,0.0,0.0,1.0,0.0,0.0,255,255,1.0,0.0,0.0,0.0,0.0,0.0,0,107365.0
2,1,0,0,0,0,106,0.0,0.0,0.12,0.06,0.0,255,13,0.05,0.07,0.0,0.0,0.0,1.0,1,125380.0
19,9,59,0,0,1,1,0.0,0.0,1.0,0.0,0.0,255,21,0.08,0.5,0.0,0.0,0.0,0.0,0,48348.0
13,9,8,0,0,0,1,0.0,0.0,1.0,0.0,1.0,1,173,1.0,0.0,0.5,0.0,0.0,0.0,1,16270.0
55,9,105,2259,0,1,1,0.0,0.0,1.0,0.0,0.0,111,3,0.02,0.05,0.67,0.0,0.0,0.0,0,73848.0
11,9,43,126,0,0,191,0.0,0.0,0.99,0.01,0.0,222,189,0.85,0.01,0.0,0.0,0.0,0.0,0,32820.0
40,9,147,105,0,0,1,0.0,0.0,1.0,0.0,0.0,255,2,0.01,0.53,0.0,0.0,0.0,0.0,0,93676.0
22,9,207,10399,0,1,4,0.0,0.0,1.0,0.0,0.4,10,255,1.0,0.0,0.07,0.0,0.0,0.0,0,14535.0
37,5,0,0,0,0,141,1.0,1.0,0.01,0.06,0.0,255,9,0.04,0.07,0.0,1.0,1.0,0.0,1,74617.0
22,9,312,2756,0,1,6,0.0,0.0,1.0,0.0,0.0,6,216,1.0,0.0,0.01,0.0,0.0,0.0,0,35014.0
22,9,182,33119,0,1,1,0.0,0.0,1.0,0.0,0.0,255,252,0.99,0.01,0.0,0.0,0.0,0.0,0,78148.0
49,5,0,0,0,0,57,1.0,0.89,0.14,0.09,0.22,255,8,0.03,0.06,0.0,1.0,1.0,0.0,1,96696.0
47,4,0,0,0,0,1,0.0,0.0,1.0,0.0,0.0,255,1,0.0,1.0,0.0,0.0,0.0,1.0,1,109837.0
22,9,339,1619,0,1,2,0.0,0.0,1.0,0.0,0.0,18,255,1.0,0.0,0.01,0.0,0.0,0.0,0,16380.0
22,9,319,1719,0,1,9,0.0,0.0,1.0,0.0,0.0,255,255,1.0,0.0,0.0,0.01,0.01,0.0,0,64329.0
22,9,319,3588,0,1,8,0.0,0.0,1.0,0.0,0.2,18,255,1.0,0.0,0.05,0.0,0.0,0.0,0,28014.0
22,9,310,294,0,1,11,0.0,0.0,1.0,0.0,0.0,255,255,1.0,0.0,0.0,0.0,0.0,0.0,0,111557.0
22,9,231,417,0,1,1,0.0,0.0,1.0,0.0,0.0,17,17,1.0,0.0,0.0,0.0,0.0,0.0,0,22817.0
38,5,0,0,0,0,213,1.0,1.0,0.0,0.06,0.0,255,20,0.08,0.07,0.0,1.0,1.0,0.0,1,70755.0
14,9,1032,0,0,0,511,0.0,0.0,1.0,0.0,0.0,255,172,0.67,0.03,0.0,0.0,0.0,0.0,1,62135.0
26,5,0,0,0,0,138,1.0,1.0,0.04,0.06,0.0,255,11,0.04,0.07,0.0,1.0,1.0,0.0,1,97552.0
22,9,214,7096,0,1,14,0.0,0.0,1.0,0.0,0.0,208,255,1.0,0.0,0.02,0.0,0.0,0.0,0,29669.0
19,9,252,0,0,1,2,0.0,0.0,1.0,0.0,0.0,4,56,0.75,0.5,0.04,0.0,0.0,0.0,1,3609.0
13,9,8,0,0,0,1,0.0,0.0,1.0,0.0,1.0,1,7,1.0,0.0,0.57,0.0,0.0,0.0,1,100223.0
11,9,32,0,0,0,1,0.0,0.0,1.0,0.0,1.0,242,49,0.19,0.02,0.04,0.0,0.0,0.0,0,38098.0
49,9,1336,339,0,1,1,0.0,0.0,1.0,0.0,1.0,153,176,0.61,0.03,0.01,0.0,0.0,0.0,0,54523.0
17,5,0,0,0,0,300,1.0,1.0,0.07,0.05,0.0,255,20,0.08,0.07,0.0,1.0,1.0,0.0,1,62242.0
49,9,1538,369,0,1,1,0.0,0.0,1.0,0.0,0.0,235,104,0.42,0.03,0.02,0.0,0.0,0.0,0,96448.0
53,5,0,0,0,0,205,1.0,1.0,0.07,0.06,0.0,255,14,0.05,0.07,0.0,1.0,1.0,0.0,1,55440.0
22,5,0,0,0,0,2,0.5,0.5,1.0,0.0,0.0,2,255,1.0,0.0,0.01,0.5,0.0,0.0,0,17133.0
22,9,216,7956,0,1,1,0.0,0.0,1.0,0.0,0.0,5,255,1.0,0.0,0.05,0.0,0.0,0.0,0,48878.0
40,4,1,0,0,0,2,0.0,0.0,1.0,0.0,0.0,255,2,0.01,0.74,0.0,0.0,0.0,1.0,1,253.0
49,9,2797,363,0,1,1,0.0,0.0,1.0,0.0,1.0,158,201,0.87,0.03,0.01,0.0,0.0,0.0,0,97928.0
22,9,257,8930,0,1,1,0.0,0.0,1.0,0.0,0.0,211,255,1.0,0.0,0.02,0.0,0.0,0.0,0,66086.0
53,5,0,0,0,0,279,1.0,1.0,0.04,0.06,0.0,255,19,0.07,0.09,0.0,1.0,1.0,0.0,1,80969.0
49,5,0,0,0,0,7,1.0,1.0,1.0,0.0,0.0,69,136,0.39,0.03,0.01,0.97,0.2,0.0,1,91440.0
22,9,306,507,0,1,3,0.0,0.0,1.0,0.0,0.0,30,230,1.0,0.0,0.04,0.0,0.0,0.0,0,111930.0
14,9,1032,0,0,0,511,0.0,0.0,1.0,0.0,0.0,255,197,0.77,0.02,0.0,0.0,0.0,0.0,1,62150.0
44,4,0,0,0,0,1,0.0,0.0,1.0,0.0,0.0,246,1,0.0,0.34,0.0,0.0,0.0,1.0,1,121673.0
22,5,0,0,0,0,32,1.0,1.0,0.31,0.12,0.0,255,4,0.02,0.06,0.0,1.0,1.0,0.0,1,104146.0
44,5,0,0,0,0,132,1.0,1.0,0.06,0.06,0.0,255,2,0.01,0.06,0.0,1.0,1.0,0.0,1,104752.0
44,5,0,0,0,0,128,1.0,1.0,0.06,0.07,0.0,255,28,0.11,0.05,0.0,1.0,1.0,0.0,1,74737.0
44,5,0,0,0,0,295,1.0,1.0,0.03,0.05,0.0,255,6,0.02,0.09,0.0,1.0,1.0,0.0,1,84576.0
44,5,0,0,0,0,172,1.0,1.0,0.03,0.06,0.0,255,17,0.07,0.09,0.0,1.0,1.0,0.0,1,84001.0
22,9,213,8774,0,1,4,0.0,0.0,1.0,0.0,0.0,7,63,1.0,0.0,0.1,0.0,0.02,0.0,0,113922.0
22,9,295,2713,0,1,1,0.0,0.0,1.0,0.0,0.0,31,255,1.0,0.0,0.05,0.0,0.0,0.0,0,117186.0
44,1,0,0,0,0,1,0.0,0.0,1.0,0.0,0.0,17,1,0.06,1.0,0.0,0.0,0.0,1.0,1,50852.0
18,9,1000,3074,0,1,1,0.0,0.0,1.0,0.0,0.0,192,42,0.22,0.04,0.0,0.0,0.0,0.02,0,3273.0
44,5,0,0,0,0,205,1.0,1.0,0.03,0.05,0.0,255,7,0.03,0.06,0.0,1.0,1.0,0.0,1,124345.0
22,9,333,6551,0,1,3,0.0,0.0,1.0,0.0,0.0,27,255,1.0,0.0,0.03,0.0,0.0,0.0,0,57037.0
44,5,0,0,0,0,60,1.0,1.0,0.02,0.1,0.0,255,15,0.06,0.08,0.0,1.0,1.0,0.0,1,23564.0
22,9,313,25519,0,1,2,0.0,0.0,1.0,0.0,0.0,255,255,1.0,0.0,0.0,0.0,0.0,0.01,0,4956.0
44,1,0,0,0,0,235,0.0,0.0,0.06,0.07,0.0,255,14,0.05,0.07,0.0,0.0,0.0,1.0,1,81516.0
22,1,0,0,0,0,1,0.0,0.0,1.0,0.0,0.0,8,251,1.0,0.0,0.17,0.0,0.0,1.0,0,91132.0
49,9,775,336,0,1,2,0.0,0.0,0.5,1.0,0.0,255,133,0.52,0.03,0.0,0.0,0.0,0.0,0,102890.0
22,9,320,269,0,1,15,0.0,0.0,1.0,0.0,0.14,113,255,1.0,0.0,0.03,0.0,0.0,0.0,0,2357.0
22,9,223,2136,0,1,27,0.0,0.0,1.0,0.0,0.06,60,255,1.0,0.0,0.01,0.0,0.0,0.0,0,40084.0
55,9,122,6076,0,1,1,0.0,0.0,1.0,0.0,0.0,181,2,0.01,0.03,0.0,0.0,0.0,0.0,0,120857.0
56,5,0,0,0,0,235,1.0,1.0,0.08,0.05,0.0,255,19,0.07,0.06,0.0,1.0,1.0,0.0,1,12904.0
22,9,304,336,0,1,9,0.0,0.0,1.0,0.0,0.0,255,255,1.0,0.0,0.0,0.0,0.0,0.0,0,82539.0
44,5,0,0,0,0,108,1.0,1.0,0.01,0.07,0.0,255,6,0.02,0.06,0.0,1.0,1.0,0.0,1,109996.0
22,9,236,821,0,1,3,0.0,0.0,1.0,0.0,0.6,3,255,1.0,0.0,0.02,0.0,0.0,0.0,0,117967.0
19,5,0,0,0,0,29,1.0,1.0,0.28,0.14,0.0,255,20,0.08,0.06,0.0,1.0,1.0,0.0,1,112705.0
11,9,45,79,0,0,249,0.0,0.0,1.0,0.0,0.01,255,254,1.0,0.01,0.0,0.0,0.0,0.0,0,108973.0
22,9,200,2637,0,1,19,0.0,0.0,1.0,0.0,0.1,19,255,1.0,0.0,0.03,0.0,0.0,0.0,0,56685.0
19,9,854,0,0,0,2,0.0,0.0,1.0,0.0,0.0,255,46,0.18,0.49,0.0,0.49,0.0,0.0,0,41106.0
13,9,8,0,0,0,1,0.0,0.0,1.0,0.0,0.0,1,25,1.0,0.0,0.28,0.0,0.0,0.0,1,117303.0
44,10,0,0,0,0,1,1.0,1.0,1.0,0.0,0.0,173,1,0.01,0.94,0.0,0.95,1.0,0.0,1,61652.0
44,5,0,0,0,0,100,1.0,1.0,0.18,0.07,0.0,255,18,0.07,0.08,0.0,1.0,1.0,0.0,1,18431.0
53,5,0,0,0,0,199,1.0,1.0,0.05,0.06,0.0,255,20,0.08,0.07,0.0,1.0,1.0,0.0,1,104330.0
11,9,17,17,0,0,1,0.0,0.0,1.0,0.0,1.0,255,242,0.95,0.01,0.0,0.0,0.0,0.0,0,87157.0
44,5,0,0,0,0,203,1.0,1.0,0.04,0.07,0.0,255,8,0.03,0.07,0.0,1.0,1.0,0.0,1,28904.0
38,5,0,0,0,0,249,1.0,1.0,0.08,0.06,0.0,255,2,0.01,0.07,0.0,1.0,1.0,0.0,1,54294.0
22,9,260,8162,0,1,16,0.0,0.0,1.0,0.0,0.12,255,255,1.0,0.0,0.0,0.0,0.0,0.0,0,77050.0
59,5,0,0,0,0,140,1.0,1.0,0.11,0.06,0.0,255,15,0.06,0.06,0.0,1.0,1.0,0.0,1,76912.0
22,9,278,7561,0,1,4,0.0,0.0,1.0,0.0,0.0,19,255,1.0,0.0,0.03,0.0,0.0,0.0,0,28016.0
50,5,0,0,0,0,93,1.0,1.0,0.22,0.06,0.0,255,1,0.0,0.07,0.0,1.0,1.0,0.0,1,61951.0
22,9,231,1253,0,1,10,0.0,0.0,1.0,0.0,0.0,10,255,1.0,0.0,0.07,0.0,0.0,0.0,0,13583.0
44,5,0,0,0,0,115,1.0,1.0,0.03,0.08,0.0,255,3,0.01,0.06,0.0,1.0,1.0,0.0,1,105062.0
22,9,320,911,0,1,30,0.0,0.0,1.0,0.0,0.08,159,255,1.0,0.0,0.02,0.0,0.0,0.0,0,2392.0
22,9,274,17066,0,1,1,0.0,0.0,1.0,0.0,1.0,33,255,1.0,0.0,0.03,0.0,0.0,0.0,0,110886.0
22,9,288,1627,0,1,19,0.0,0.0,1.0,0.0,0.12,19,255,1.0,0.0,0.02,0.0,0.0,0.0,0,69770.0
22,9,329,1201,0,1,7,0.0,0.0,1.0,0.0,0.0,17,255,1.0,0.0,0.05,0.0,0.0,0.0,0,49458.0
22,1,0,0,0,0,1,0.0,0.0,1.0,0.0,1.0,17,84,1.0,0.0,0.18,0.0,0.0,1.0,0,71491.0
44,9,28,0,3,0,81,0.0,0.0,1.0,0.0,0.0,255,181,0.71,0.29,0.0,0.09,0.0,0.0,1,104379.0
13,9,18,0,0,0,1,0.0,0.0,1.0,0.0,0.0,1,217,1.0,0.0,0.25,0.0,0.0,0.0,1,23713.0
14,9,520,0,0,0,242,0.0,0.0,1.0,0.0,0.0,255,255,1.0,0.0,0.0,0.0,0.0,0.0,1,52354.0
22,9,236,3222,0,1,1,0.0,0.0,1.0,0.0,0.0,255,248,0.97,0.01,0.0,0.03,0.03,0.0,0,74017.0
22,9,206,11974,0,1,9,0.0,0.0,1.0,0.0,0.0,42,255,1.0,0.0,0.02,0.0,0.0,0.0,0,112621.0
11,9,45,130,0,0,71,0.0,0.0,1.0,0.0,0.02,211,196,0.81,0.01,0.01,0.0,0.0,0.0,0,101140.0
22,9,313,248,0,1,6,0.0,0.0,1.0,0.0,0.29,149,185,1.0,0.0,0.02,0.0,0.01,0.0,0,5916.0
61,5,0,0,0,0,286,1.0,1.0,0.07,0.05,0.0,255,19,0.07,0.05,0.0,1.0,1.0,0.0,1,61171.0
14,9,520,0,0,0,113,0.0,0.0,1.0,0.0,0.0,255,255,1.0,0.0,0.0,0.0,0.0,0.0,1,10583.0
11,9,44,44,0,0,78,0.0,0.0,1.0,0.0,0.01,255,255,1.0,0.0,0.0,0.0,0.0,0.0,0,118366.0
22,9,276,25868,0,1,1,0.0,0.33,1.0,0.0,0.67,255,255,1.0,0.0,0.0,0.0,0.0,0.0,0,20610.0
29,1,0,0,0,0,243,0.0,0.0,0.05,0.07,0.0,255,13,0.05,0.07,0.0,0.0,0.0,1.0,1,110781.0
22,9,232,2698,0,1,4,0.0,0.0,1.0,0.0,0.0,255,230,0.9,0.02,0.0,0.0,0.0,0.0,0,3811.0
44,5,0,0,0,0,272,1.0,1.0,0.04,0.06,0.0,255,8,0.03,0.08,0.0,1.0,1.0,0.0,1,124288.0
59,2,0,0,0,0,111,0.0,0.0,0.05,0.07,0.0,255,5,0.02,0.06,0.0,0.0,0.0,1.0,1,117424.0
40,4,1,0,0,0,2,0.0,0.0,1.0,0.0,0.0,255,2,0.01,0.74,0.0,0.0,0.0,1.0,1,92631.0
22,9,290,2056,0,1,20,0.0,0.0,1.0,0.0,0.0,168,255,1.0,0.0,0.01,0.0,0.0,0.01,0,38385.0
29,5,0,0,0,0,250,1.0,1.0,0.08,0.06,0.0,255,19,0.07,0.07,0.0,1.0,1.0,0.0,1,111935.0
13,9,8,0,0,0,1,0.0,0.0,1.0,0.0,1.0,4,108,1.0,0.0,0.25,0.0,0.0,0.0,1,2409.0
29,1,0,0,0,0,1,0.0,0.0,1.0,0.0,0.0,68,2,0.01,1.0,1.0,0.0,0.0,1.0,1,72555.0
22,9,195,6214,0,1,7,0.0,0.0,1.0,0.0,0.0,46,255,1.0,0.0,0.05,0.0,0.0,0.0,0,96748.0
44,4,0,0,0,0,1,0.0,0.0,1.0,0.0,0.0,171,1,0.01,0.72,0.0,0.04,0.0,1.0,1,101956.0
44,5,0,0,0,0,137,1.0,1.0,0.05,0.06,0.0,255,18,0.07,0.08,0.0,1.0,1.0,0.0,1,12554.0
11,9,46,122,0,0,150,0.0,0.0,1.0,0.0,0.01,255,229,0.9,0.01,0.0,0.0,0.0,0.0,0,30798.0
44,1,0,0,0,0,259,0.0,0.0,0.04,0.07,0.0,255,11,0.04,0.09,0.0,0.0,0.0,1.0,1,31983.0
49,9,800,335,0,1,1,0.0,0.0,1.0,0.0,0.0,171,189,0.75,0.02,0.01,0.0,0.0,0.0,0,103862.0
44,5,0,0,0,0,149,1.0,1.0,0.12,0.05,0.0,255,1,0.0,0.08,0.0,1.0,1.0,0.0,1,8600.0
22,9,145,25213,0,1,1,0.0,0.0,1.0,0.0,0.0,22,255,1.0,0.0,0.04,0.0,0.0,0.0,0,58016.0
34,5,0,0,0,0,286,1.0,1.0,0.02,0.05,0.0,255,6,0.02,0.05,0.0,1.0,1.0,0.0,1,81067.0
8,5,0,0,0,0,273,1.0,1.0,0.03,0.05,0.0,255,7,0.03,0.05,0.0,1.0,1.0,0.0,1,119869.0
56,9,0,4,0,0,1,0.0,0.0,1.0,0.0,0.0,7,7,1.0,0.0,0.0,0.0,0.0,0.0,0,11492.0
22,9,181,9317,0,1,5,0.0,0.0,1.0,0.0,0.0,144,255,1.0,0.0,0.03,0.01,0.0,0.0,0,86353.0
22,9,310,1484,0,1,14,0.0,0.0,1.0,0.0,0.13,255,255,1.0,0.0,0.0,0.0,0.0,0.0,0,10524.0
60,5,0,0,0,0,274,1.0,1.0,0.05,0.05,0.0,255,4,0.02,0.08,0.0,1.0,1.0,0.0,1,94396.0
22,9,304,4835,0,1,1,0.0,0.0,1.0,0.0,0.0,1,255,1.0,0.0,0.04,0.0,0.0,0.0,0,81083.0
55,5,0,0,0,0,299,1.0,1.0,0.06,0.06,0.0,255,19,0.07,0.07,0.0,1.0,1.0,0.0,1,28529.0
22,9,282,2618,0,1,17,0.0,0.0,1.0,0.0,0.0,17,255,1.0,0.0,0.05,0.0,0.0,0.0,0,46218.0
19,9,15377,0,0,1,23,0.0,0.0,1.0,0.0,0.0,37,47,0.78,0.05,0.04,0.0,0.0,0.0,0,19524.0
13,9,8,0,0,0,1,0.0,0.0,1.0,0.0,1.0,3,3,1.0,0.0,0.0,0.0,0.0,0.0,1,123539.0
44,5,0,0,0,0,224,1.0,1.0,0.08,0.06,0.0,255,3,0.01,0.07,0.0,1.0,1.0,0.0,1,43175.0
59,5,0,0,0,0,127,1.0,1.0,0.03,0.06,0.0,255,4,0.02,0.07,0.0,1.0,1.0,0.0,1,88972.0
59,5,0,0,0,0,127,1.0,1.0,0.01,0.07,0.0,255,1,0.0,0.06,0.0,1.0,1.0,0.0,1,19395.0
55,9,11487,20777,0,1,1,0.0,0.0,1.0,0.0,0.0,99,9,0.08,0.73,0.22,0.01,0.11,0.22,0,75079.0
40,1,0,0,0,0,511,0.1,0.0,0.0,1.0,0.0,255,1,0.0,1.0,0.0,0.09,0.0,1.0,1,24760.0
44,5,0,0,0,0,292,1.0,1.0,0.01,0.05,0.0,255,8,0.03,0.07,0.0,1.0,1.0,0.0,1,44370.0
44,5,0,0,0,0,85,1.0,1.0,0.16,0.06,0.0,255,1,0.0,0.07,0.0,1.0,1.0,0.0,1,6467.0
22,9,286,296,0,1,1,0.0,0.0,1.0,0.0,0.0,255,255,1.0,0.0,0.0,0.0,0.0,0.0,0,3117.0
18,9,1074,3081,0,1,1,0.0,0.0,1.0,0.0,0.0,192,15,0.08,0.03,0.0,0.0,0.0,0.0,0,65792.0
44,5,0,0,0,0,135,1.0,1.0,0.15,0.06,0.0,255,12,0.05,0.07,0.0,1.0,1.0,0.0,1,103337.0
44,1,0,0,0,0,273,0.08,0.0,0.0,1.0,0.0,255,1,0.0,1.0,0.0,0.08,0.0,1.0,1,38557.0
12,5,0,0,0,0,202,1.0,1.0,0.06,0.05,0.0,255,13,0.05,0.05,0.0,1.0,1.0,0.0,1,25034.0
22,9,268,5671,0,1,4,0.0,0.0,1.0,0.0,0.4,4,255,1.0,0.0,0.04,0.0,0.01,0.0,0,105720.0
4,5,0,0,0,0,215,1.0,1.0,0.0,0.07,0.0,255,1,0.0,0.07,0.0,1.0,1.0,0.0,1,43146.0
19,9,8325,0,0,1,17,0.0,0.0,1.0,0.0,0.0,79,78,0.29,0.04,0.03,0.0,0.15,0.0,0,79774.0
22,9,181,5830,0,1,1,0.0,0.0,1.0,0.0,0.0,255,255,1.0,0.0,0.0,0.01,0.01,0.0,0,8346.0
22,1,0,0,0,0,511,0.0,0.0,0.0,0.0,0.0,233,195,0.84,0.01,0.0,0.0,0.0,1.0,0,6338.0
22,9,288,2001,0,1,38,0.0,0.0,1.0,0.0,0.0,44,255,1.0,0.0,0.02,0.0,0.0,0.0,0,18179.0
59,2,0,0,0,0,149,0.0,0.0,0.13,0.06,0.0,255,20,0.08,0.06,0.0,0.0,0.0,1.0,1,13870.0
19,9,201,0,0,1,1,0.0,0.0,1.0,0.0,0.0,94,70,0.19,0.76,0.03,0.0,0.0,0.01,0,7933.0
40,9,35195,0,0,1,22,0.05,0.0,0.05,0.36,0.0,204,1,0.0,0.11,0.0,0.02,0.0,0.0,0,81888.0
44,5,0,0,0,0,58,1.0,1.0,0.17,0.1,0.0,255,10,0.04,0.07,0.0,1.0,1.0,0.0,1,18559.0
44,5,0,0,0,0,238,1.0,1.0,0.01,0.06,0.0,255,7,0.03,0.08,0.0,1.0,1.0,0.0,1,18277.0
49,9,1037,328,0,1,1,0.0,0.0,1.0,0.0,1.0,255,30,0.12,0.54,0.0,0.0,0.0,0.0,0,116156.0
22,9,287,20502,0,1,5,0.0,0.0,1.0,0.0,0.18,60,255,1.0,0.0,0.02,0.0,0.0,0.0,0,79302.0
22,9,223,488,0,1,3,0.0,0.0,1.0,0.0,0.07,255,255,1.0,0.0,0.0,0.0,0.0,0.0,0,71476.0
22,9,341,939,0,1,28,0.0,0.0,1.0,0.0,0.0,255,255,1.0,0.0,0.0,0.0,0.0,0.0,0,67717.0
22,9,213,2861,0,1,17,0.0,0.0,1.0,0.0,0.0,242,255,1.0,0.0,0.01,0.0,0.0,0.0,0,90799.0
44,5,0,0,0,0,138,1.0,1.0,0.14,0.05,0.0,255,4,0.02,0.08,0.0,1.0,1.0,0.0,1,123255.0
29,1,0,0,0,0,271,0.0,0.0,0.03,0.06,0.0,255,7,0.03,0.07,0.0,0.0,0.0,1.0,1,71913.0
44,9,1,0,0,0,46,0.0,0.0,0.41,0.09,0.0,255,86,0.34,0.06,0.0,0.0,0.0,0.0,1,102903.0
44,5,0,0,0,0,245,1.0,1.0,0.05,0.07,0.0,255,12,0.05,0.08,0.0,1.0,1.0,0.0,1,116014.0
46,5,0,0,0,0,294,1.0,1.0,0.02,0.06,0.0,255,7,0.03,0.07,0.0,1.0,1.0,0.0,1,108449.0
44,5,0,0,0,0,144,1.0,1.0,0.06,0.06,0.0,255,3,0.01,0.06,0.0,1.0,1.0,0.0,1,86598.0
26,1,0,0,0,0,88,0.0,0.0,0.01,0.07,0.0,255,1,0.0,0.06,0.0,0.0,0.0,1.0,1,88247.0
22,9,281,7205,0,1,7,0.0,0.0,1.0,0.0,0.0,160,255,1.0,0.0,0.02,0.0,0.0,0.0,0,109824.0
22,9,312,2305,0,1,4,0.0,0.0,1.0,0.0,0.0,51,255,1.0,0.0,0.01,0.0,0.0,0.0,0,66129.0
22,9,203,3950,0,1,1,0.0,0.0,1.0,0.0,0.0,255,255,1.0,0.0,0.0,0.0,0.0,0.0,0,34929.0
44,1,0,0,0,0,77,0.0,0.0,0.05,0.08,0.0,255,18,0.07,0.06,0.0,0.0,0.0,1.0,1,87390.0
44,5,0,0,0,0,90,1.0,1.0,0.18,0.07,0.0,255,16,0.06,0.06,0.0,1.0,1.0,0.0,1,97765.0
44,5,0,0,0,0,145,1.0,1.0,0.12,0.06,0.0,255,15,0.06,0.06,0.0,1.0,1.0,0.0,1,73159.0
22,9,292,13202,0,1,1,0.0,0.0,1.0,0.0,0.0,16,255,1.0,0.0,0.07,0.0,0.0,0.0,0,110463.0
10,5,0,0,0,0,258,1.0,1.0,0.0,0.06,0.0,255,14,0.05,0.08,0.0,1.0,1.0,0.0,1,47552.0
44,5,0,0,0,0,268,1.0,1.0,0.07,0.04,0.0,255,19,0.07,0.05,0.0,1.0,1.0,0.0,1,105993.0
11,9,45,116,0,0,106,0.0,0.0,1.0,0.0,0.0,255,255,1.0,0.0,0.0,0.0,0.0,0.0,0,103279.0
7,1,0,0,0,0,298,0.0,0.0,0.04,0.06,0.0,255,13,0.05,0.07,0.0,0.0,0.0,1.0,1,123195.0
13,9,18,0,0,0,1,0.0,0.0,1.0,0.0,0.0,1,51,1.0,0.0,1.0,0.0,0.0,0.0,1,20064.0
13,9,8,0,0,0,1,0.0,0.0,1.0,0.0,1.0,1,39,1.0,0.0,0.51,0.0,0.0,0.0,1,18162.0
22,9,238,26416,0,1,28,0.0,0.0,1.0,0.0,0.0,255,255,1.0,0.0,0.0,0.0,0.0,0.0,0,102664.0
3,10,0,0,0,0,1,1.0,1.0,1.0,0.0,0.0,255,1,0.0,1.0,0.0,1.0,1.0,0.0,1,63147.0
22,9,307,1203,0,1,17,0.0,0.0,1.0,0.0,0.19,255,255,1.0,0.0,0.0,0.0,0.0,0.0,0,14084.0
44,5,0,0,0,0,20,1.0,1.0,1.0,0.0,0.0,255,20,0.08,0.07,0.0,1.0,1.0,0.0,1,83088.0
22,9,293,25090,0,1,1,0.0,0.0,1.0,0.0,0.0,3,255,1.0,0.0,0.04,0.0,0.0,0.0,0,109757.0
21,5,0,0,0,0,277,1.0,1.0,0.06,0.05,0.0,255,17,0.07,0.05,0.0,1.0,1.0,0.0,1,76186.0
27,5,0,0,0,0,113,1.0,1.0,0.07,0.06,0.0,255,8,0.03,0.07,0.0,1.0,1.0,0.0,1,20756.0
19,9,209,0,0,1,2,0.0,0.0,1.0,0.0,0.0,33,85,0.45,0.09,0.02,0.0,0.0,0.0,0,16171.0
11,9,44,130,0,0,128,0.0,0.0,0.99,0.02,0.01,255,254,1.0,0.01,0.0,0.0,0.0,0.0,0,39643.0
49,9,726,334,0,1,2,0.0,0.0,1.0,0.0,0.0,200,178,0.69,0.08,0.01,0.0,0.0,0.0,0,13587.0
22,9,340,2219,0,1,5,0.0,0.0,1.0,0.0,0.0,27,255,1.0,0.0,0.01,0.0,0.0,0.0,0,50205.0
11,9,44,132,0,0,1,0.0,0.0,1.0,0.0,0.0,255,41,0.16,0.01,0.0,0.0,0.0,0.0,0,124796.0
22,9,226,396,0,1,5,0.0,0.0,1.0,0.0,0.43,255,255,1.0,0.0,0.0,0.0,0.0,0.01,0,97339.0
22,9,209,526,0,1,7,0.0,0.0,1.0,0.0,0.0,255,255,1.0,0.0,0.0,0.0,0.0,0.0,0,40538.0
44,1,0,0,0,0,135,0.0,0.0,0.12,0.08,0.0,255,16,0.06,0.08,0.0,0.0,0.0,1.0,1,20959.0
44,9,105,145,0,0,4,0.0,0.0,0.25,0.5,0.0,255,86,0.34,0.01,0.0,0.0,0.0,0.0,0,23433.0
16,5,0,0,0,0,139,1.0,1.0,0.03,0.06,0.0,255,9,0.04,0.06,0.0,1.0,1.0,0.0,1,117775.0
60,5,0,0,0,0,194,1.0,1.0,0.03,0.07,0.0,255,5,0.02,0.07,0.0,1.0,1.0,0.0,1,56302.0
22,9,244,688,0,1,5,0.0,0.0,1.0,0.0,0.12,20,255,1.0,0.0,0.06,0.0,0.0,0.0,0,30315.0
60,1,0,0,0,0,204,0.0,0.0,0.01,0.07,0.0,255,2,0.01,0.07,0.0,0.0,0.0,1.0,1,60377.0
17,5,0,0,0,0,274,1.0,1.0,0.0,0.05,0.0,255,1,0.0,0.05,0.0,1.0,1.0,0.0,1,104736.0
19,9,607,0,0,1,2,0.0,0.0,1.0,0.0,0.0,7,6,0.86,0.29,0.0,0.0,0.0,0.0,0,94339.0
22,9,196,1337,0,1,35,0.0,0.0,1.0,0.0,0.0,255,255,1.0,0.0,0.0,0.0,0.0,0.0,0,821.0
22,9,244,7453,0,1,6,0.0,0.0,1.0,0.0,0.29,9,125,1.0,0.0,0.06,0.0,0.0,0.03,0,94906.0
22,9,239,8134,0,1,3,0.0,0.0,1.0,0.0,0.0,22,255,1.0,0.0,0.06,0.0,0.0,0.0,0,21351.0
29,5,0,0,0,0,248,1.0,1.0,0.08,0.05,0.0,255,21,0.08,0.05,0.0,1.0,1.0,0.0,1,62119.0
52,5,0,0,0,0,134,1.0,1.0,0.13,0.06,0.0,255,14,0.05,0.07,0.0,1.0,1.0,0.0,1,72033.0
22,1,0,0,0,0,1,0.0,0.0,1.0,0.0,0.0,85,255,1.0,0.0,0.07,0.0,0.0,0.83,0,104357.0
22,9,217,2126,0,1,7,0.0,0.0,1.0,0.0,0.0,55,255,1.0,0.0,0.05,0.02,0.01,0.0,0,31805.0
22,9,377,394,0,1,1,0.0,0.0,1.0,0.0,0.0,62,231,1.0,0.0,0.2,0.0,0.0,0.76,0,40517.0
11,9,33,88,0,0,1,0.0,0.0,1.0,0.0,0.75,30,22,0.73,0.07,0.0,0.0,0.0,0.0,0,4379.0
32,5,0,0,0,0,178,1.0,1.0,0.03,0.07,0.0,255,5,0.02,0.07,0.0,1.0,1.0,0.0,1,1865.0
22,9,231,844,0,1,39,0.05,0.05,1.0,0.0,0.0,255,255,1.0,0.0,0.0,0.0,0.0,0.0,0,24243.0
22,9,305,313,0,1,13,0.0,0.0,1.0,0.0,0.12,179,255,1.0,0.0,0.02,0.0,0.0,0.0,0,79046.0
44,9,28,0,3,0,98,0.0,0.0,1.0,0.0,0.0,255,98,0.38,0.02,0.0,0.0,0.0,0.0,1,113166.0
6,5,0,0,0,0,114,1.0,1.0,0.14,0.06,0.0,255,14,0.05,0.07,0.0,1.0,1.0,0.0,1,80724.0
23,4,0,0,0,0,1,0.0,0.0,1.0,0.0,0.0,255,1,0.0,0.71,0.0,0.0,0.0,1.0,1,78823.0
58,9,183,0,0,0,2,0.0,0.0,0.5,1.0,0.0,199,8,0.04,0.02,0.0,0.0,0.0,0.0,0,91136.0
10,5,0,0,0,0,298,1.0,1.0,0.04,0.05,0.0,255,12,0.05,0.07,0.0,1.0,1.0,0.0,1,98163.0
17,5,0,0,0,0,278,1.0,1.0,0.02,0.06,0.0,255,5,0.02,0.07,0.0,1.0,1.0,0.0,1,38821.0
19,5,0,0,0,0,36,1.0,1.0,0.44,0.06,0.0,38,62,0.42,0.08,0.03,0.95,0.26,0.0,1,92671.0
22,9,234,1049,0,1,2,0.0,0.0,1.0,0.0,0.0,9,244,1.0,0.0,0.07,0.0,0.01,0.0,0,27723.0
22,9,262,1794,0,1,1,0.0,0.0,1.0,0.0,0.19,8,255,1.0,0.0,0.04,0.0,0.0,0.0,0,77737.0
13,9,8,0,0,0,1,0.0,0.0,1.0,0.0,1.0,1,197,1.0,0.0,0.25,0.0,0.0,0.0,1,20939.0
19,9,4435,0,0,0,1,0.0,0.0,1.0,0.0,0.0,174,39,0.11,0.02,0.05,0.0,0.0,0.0,0,116318.0
44,1,0,0,0,0,1,0.0,0.0,1.0,0.0,0.0,17,1,0.06,1.0,0.0,0.0,0.0,1.0,1,36278.0
44,9,28,0,3,0,6,0.0,0.0,1.0,0.0,0.0,255,73,0.29,0.01,0.0,0.0,0.0,0.0,1,85718.0
27,5,0,0,0,0,141,1.0,1.0,0.06,0.06,0.0,255,9,0.04,0.06,0.0,1.0,1.0,0.0,1,43993.0
44,5,0,0,0,0,186,1.0,1.0,0.09,0.06,0.0,255,5,0.02,0.07,0.0,1.0,1.0,0.0,1,86404.0
39,9,48,48,0,0,4,0.0,0.0,0.25,0.5,0.0,255,21,0.08,0.01,0.0,0.0,0.0,0.0,0,8062.0
49,5,0,0,0,0,2,0.5,0.5,1.0,0.0,0.0,81,58,0.72,0.06,0.0,0.01,0.02,0.0,0,25801.0
22,9,54540,8314,0,1,4,0.0,0.0,1.0,0.0,0.0,45,45,1.0,0.0,0.0,0.0,0.0,0.27,1,55940.0
44,4,1,0,0,0,2,0.0,0.0,1.0,0.0,0.0,255,2,0.01,0.62,0.0,0.0,0.0,1.0,1,82965.0
22,9,287,1582,0,1,32,0.0,0.0,1.0,0.0,0.08,255,255,1.0,0.0,0.0,0.0,0.0,0.0,0,28566.0
31,5,0,0,0,0,233,1.0,1.0,0.03,0.06,0.0,255,10,0.04,0.09,0.0,1.0,1.0,0.0,1,73216.0
22,9,203,1233,0,1,16,0.0,0.05,1.0,0.0,0.14,255,255,1.0,0.0,0.0,0.0,0.0,0.0,0,111655.0
11,9,46,129,0,0,325,0.0,0.0,1.0,0.01,0.0,255,236,0.93,0.01,0.0,0.0,0.0,0.0,0,116676.0
22,9,270,312,0,1,22,0.0,0.0,1.0,0.0,0.0,255,255,1.0,0.0,0.0,0.0,0.0,0.0,0,84962.0
22,9,321,3833,0,1,3,0.0,0.0,1.0,0.0,0.4,16,255,1.0,0.0,0.05,0.0,0.0,0.0,0,96952.0
11,9,46,72,0,0,106,0.0,0.0,1.0,0.0,0.0,255,223,0.87,0.01,0.0,0.0,0.0,0.0,0,125874.0
11,9,46,157,0,0,65,0.0,0.0,1.0,0.0,0.01,255,254,1.0,0.01,0.0,0.0,0.0,0.0,0,15148.0
22,9,317,767,0,1,3,0.0,0.0,1.0,0.0,0.4,130,255,1.0,0.0,0.02,0.0,0.0,0.0,0,120218.0
19,9,334,0,0,1,2,0.0,0.0,1.0,0.0,0.0,4,14,1.0,0.0,0.21,0.0,0.0,0.0,1,75646.0
49,9,1688,335,0,1,1,0.0,0.0,1.0,0.0,1.0,255,153,0.6,0.03,0.0,0.0,0.0,0.01,0,48336.0
44,5,0,0,0,0,133,1.0,1.0,0.02,0.06,0.0,85,18,0.21,0.13,0.0,1.0,1.0,0.0,1,9257.0
22,9,236,1212,0,1,14,0.0,0.0,1.0,0.0,0.0,195,255,1.0,0.0,0.02,0.0,0.0,0.0,0,48030.0
61,5,0,0,0,0,195,1.0,1.0,0.09,0.07,0.0,255,17,0.07,0.08,0.0,1.0,1.0,0.0,1,29115.0
14,9,30,0,0,0,1,0.0,0.0,1.0,0.0,0.0,10,11,1.0,0.0,0.18,0.0,0.0,0.0,0,89484.0
44,9,28,0,3,0,30,0.0,0.0,1.0,0.0,0.0,255,130,0.51,0.49,0.0,0.09,0.0,0.0,1,76781.0
13,9,8,0,0,0,1,0.0,0.0,1.0,0.0,1.0,2,32,1.0,0.0,0.5,0.0,0.0,0.0,1,37961.0
54,5,0,0,0,0,284,1.0,1.0,0.08,0.05,0.0,255,23,0.09,0.05,0.0,1.0,1.0,0.0,1,44872.0
62,1,0,0,0,0,54,0.0,0.0,0.02,0.56,0.0,255,1,0.0,0.13,0.0,0.0,0.0,1.0,1,112011.0
60,5,0,0,0,0,225,1.0,1.0,0.08,0.06,0.0,255,19,0.07,0.07,0.0,1.0,1.0,0.0,1,26754.0
22,9,257,259,0,1,8,0.25,0.25,1.0,0.0,0.0,255,255,1.0,0.0,0.0,0.0,0.0,0.0,0,28672.0
44,5,0,0,0,0,112,1.0,1.0,0.1,0.06,0.0,154,10,0.06,0.1,0.0,1.0,1.0,0.0,1,55818.0
37,5,0,0,0,0,37,1.0,1.0,0.41,0.11,0.0,255,15,0.06,0.08,0.0,1.0,1.0,0.0,1,27758.0
25,5,0,0,0,0,249,1.0,1.0,0.09,0.05,0.0,255,23,0.09,0.06,0.0,1.0,1.0,0.0,1,55994.0
49,9,1282,334,0,1,1,0.0,0.0,1.0,0.0,0.0,223,150,0.58,0.01,0.01,0.0,0.0,0.0,0,116209.0
11,9,46,136,0,0,70,0.0,0.0,1.0,0.0,0.01,255,254,1.0,0.01,0.0,0.0,0.0,0.0,0,98744.0
40,1,0,0,0,0,435,0.08,0.0,0.0,1.0,0.0,255,1,0.0,1.0,0.0,0.06,0.0,1.0,1,21413.0
49,9,2656,330,0,1,1,0.0,0.0,1.0,0.0,0.0,255,141,0.55,0.02,0.0,0.01,0.02,0.0,0,56147.0
49,9,10864,398,0,1,1,0.0,0.0,1.0,0.0,0.0,255,18,0.07,0.07,0.0,0.85,0.0,0.0,0,121100.0
2,1,0,0,0,0,181,0.0,0.0,0.06,0.07,0.0,255,10,0.04,0.07,0.0,0.0,0.0,1.0,1,81639.0
44,5,0,0,0,0,150,1.0,1.0,0.13,0.05,0.0,255,4,0.02,0.09,0.0,1.0,1.0,0.0,1,1078.0
49,9,1402,327,0,1,1,0.0,0.0,1.0,0.0,0.0,20,173,0.75,0.1,0.02,0.0,0.0,0.0,0,101200.0
49,9,2035,330,0,1,1,0.0,0.0,1.0,0.0,1.0,33,30,0.91,0.09,0.0,0.0,0.0,0.0,0,50895.0
22,5,0,0,0,0,290,1.0,1.0,0.08,0.05,0.0,255,23,0.09,0.05,0.0,1.0,1.0,0.0,1,35530.0
18,5,0,0,0,0,230,1.0,1.0,0.04,0.07,0.0,255,9,0.04,0.08,0.0,1.0,1.0,0.0,1,90004.0
41,1,0,0,0,0,193,0.0,0.0,0.03,0.07,0.0,255,5,0.02,0.09,0.0,0.0,0.0,1.0,1,71272.0
19,5,0,0,0,0,263,1.0,1.0,0.06,0.07,0.0,255,16,0.06,0.08,0.0,1.0,1.0,0.0,1,96869.0
14,9,1032,0,0,0,511,0.0,0.0,1.0,0.0,0.0,255,231,0.91,0.01,0.0,0.0,0.0,0.0,1,107446.0
19,5,0,0,0,0,9,1.0,1.0,0.89,0.22,0.0,255,63,0.25,0.04,0.0,1.0,1.0,0.0,1,36257.0
33,5,0,0,0,0,297,1.0,1.0,0.07,0.05,0.0,255,20,0.08,0.08,0.0,1.0,1.0,0.0,1,83702.0
49,9,2215,333,0,1,1,0.0,0.0,1.0,0.0,1.0,255,99,0.39,0.08,0.0,0.02,0.0,0.0,0,113378.0
40,9,3690,0,0,1,1,0.0,0.0,1.0,0.0,0.0,56,1,0.02,0.21,0.0,0.0,0.0,0.0,0,42987.0
22,1,0,0,0,0,1,0.0,0.0,1.0,0.0,0.0,207,255,1.0,0.0,0.02,0.0,0.0,0.36,0,92549.0
19,9,567,0,0,1,1,0.0,0.0,1.0,0.0,0.0,233,47,0.2,0.02,0.0,0.0,0.0,0.0,0,98227.0
11,9,17,73,0,0,1,0.0,0.0,1.0,0.0,0.6,255,226,0.89,0.01,0.0,0.0,0.0,0.0,0,97092.0
22,9,199,671,0,1,7,0.0,0.0,1.0,0.0,0.0,255,255,1.0,0.0,0.0,0.0,0.0,0.0,0,33844.0
37,5,0,0,0,0,141,1.0,1.0,0.13,0.06,0.0,255,19,0.07,0.07,0.0,1.0,1.0,0.0,1,97337.0
22,9,201,4596,0,1,17,0.0,0.0,1.0,0.0,0.0,72,255,1.0,0.0,0.01,0.0,0.0,0.0,0,36040.0
22,9,333,5778,0,1,29,0.0,0.0,1.0,0.0,0.06,58,255,1.0,0.0,0.04,0.0,0.0,0.0,0,102780.0
5,5,0,0,0,0,3,1.0,1.0,0.33,0.67,0.0,255,10,0.04,0.08,0.0,1.0,1.0,0.0,1,104561.0
22,9,276,10075,0,1,1,0.0,0.0,1.0,0.0,0.18,255,255,1.0,0.0,0.0,0.01,0.01,0.07,0,104285.0
44,9,28,0,3,0,57,0.0,0.0,1.0,0.0,0.0,255,57,0.22,0.04,0.0,0.02,0.0,0.0,1,6523.0
19,6,0,0,0,0,17,0.06,0.07,0.88,0.18,0.0,64,40,0.62,0.08,0.0,0.02,0.03,0.0,0,53613.0
11,9,43,75,0,0,183,0.0,0.0,1.0,0.0,0.0,255,235,0.92,0.01,0.0,0.0,0.0,0.0,0,87092.0
3,5,0,0,0,0,265,1.0,1.0,0.05,0.05,0.0,255,14,0.05,0.05,0.0,1.0,1.0,0.0,1,62634.0
5,5,0,0,0,0,148,1.0,1.0,0.14,0.05,0.0,255,20,0.08,0.07,0.0,1.0,1.0,0.0,1,7606.0
22,9,232,5652,0,1,1,0.0,0.0,1.0,0.0,0.0,1,255,1.0,0.0,0.01,0.0,0.0,0.0,0,85931.0
22,9,231,7208,0,1,19,0.0,0.0,1.0,0.0,0.0,255,255,1.0,0.0,0.0,0.01,0.01,0.0,0,92340.0
14,9,1032,0,0,0,511,0.0,0.0,1.0,0.0,0.0,255,73,0.29,0.2,0.0,0.0,0.0,0.0,1,24198.0
22,9,237,474,0,1,3,0.0,0.0,1.0,0.0,0.11,4,255,1.0,0.0,0.05,0.0,0.0,0.0,0,87938.0
22,9,224,835,0,1,21,0.0,0.0,1.0,0.0,0.09,255,255,1.0,0.0,0.0,0.0,0.0,0.0,0,25781.0
22,9,181,626,0,1,39,0.0,0.0,1.0,0.0,0.0,166,255,1.0,0.0,0.01,0.0,0.0,0.0,0,49322.0
22,9,245,622,0,1,7,0.0,0.0,1.0,0.0,0.0,217,255,1.0,0.0,0.01,0.0,0.0,0.0,0,91810.0
18,5,0,0,0,0,205,1.0,1.0,0.07,0.06,0.0,255,13,0.05,0.06,0.0,1.0,1.0,0.0,1,19735.0
22,9,398,6126,0,1,3,0.0,0.0,1.0,0.0,0.0,255,255,1.0,0.0,0.0,0.0,0.0,0.0,0,26687.0
22,1,0,0,0,0,1,0.0,0.0,1.0,0.0,0.0,9,119,1.0,0.0,0.2,0.0,0.0,1.0,0,39284.0
22,9,355,5030,0,1,2,0.0,0.0,1.0,0.0,0.0,255,255,1.0,0.0,0.0,0.0,0.0,0.0,0,68936.0
44,5,0,0,0,0,213,1.0,1.0,0.01,0.06,0.0,255,3,0.01,0.05,0.0,1.0,1.0,0.0,1,41448.0
44,1,0,0,0,0,213,0.0,0.0,0.05,0.06,0.0,255,10,0.04,0.06,0.0,0.0,0.0,1.0,1,89862.0
19,5,0,0,0,0,245,1.0,1.0,0.02,0.06,0.0,255,6,0.02,0.07,0.0,1.0,1.0,0.0,1,31861.0
22,5,0,0,0,0,129,1.0,1.0,0.16,0.05,0.0,255,21,0.08,0.05,0.0,1.0,1.0,0.0,1,32538.0
44,4,0,0,0,0,1,0.0,0.0,1.0,0.0,0.0,255,1,0.0,0.45,0.0,0.0,0.0,1.0,1,92769.0
19,4,0,0,0,0,1,0.0,0.0,1.0,0.0,0.0,247,59,0.24,0.34,0.0,0.0,0.0,0.02,1,22187.0
22,9,221,1212,0,1,6,0.0,0.0,1.0,0.0,0.29,23,255,1.0,0.0,0.02,0.0,0.0,0.0,0,52944.0
14,9,1032,0,0,0,511,0.0,0.0,1.0,0.0,0.0,255,195,0.76,0.02,0.0,0.0,0.0,0.0,1,72233.0
22,9,214,5220,0,1,4,0.0,0.0,1.0,0.0,0.0,244,255,1.0,0.0,0.01,0.0,0.0,0.0,0,30225.0
40,1,0,0,0,0,510,0.2,0.0,0.0,1.0,0.0,255,1,0.0,1.0,0.0,0.19,0.0,1.0,1,16823.0
11,9,42,42,0,0,2,0.0,0.0,1.0,0.0,0.0,255,252,0.99,0.01,0.0,0.0,0.0,0.0,0,76592.0
22,5,0,0,0,0,2,0.5,0.5,1.0,0.0,0.0,2,255,1.0,0.0,0.06,0.5,0.0,0.0,0,108248.0
36,5,0,0,0,0,237,1.0,1.0,0.0,0.07,0.0,255,1,0.0,0.08,0.0,1.0,1.0,0.0,1,59011.0
19,9,10389,0,0,1,17,0.0,0.0,1.0,0.0,0.0,161,80,0.35,0.02,0.03,0.0,0.0,0.0,0,56973.0
44,5,0,0,0,0,137,1.0,1.0,0.15,0.06,0.0,138,20,0.14,0.07,0.0,1.0,1.0,0.0,1,52524.0
22,9,352,1973,0,1,19,0.0,0.0,1.0,0.0,0.0,77,255,1.0,0.0,0.04,0.0,0.0,0.0,0,54666.0
17,5,0,0,0,0,70,1.0,1.0,0.26,0.06,0.0,255,64,0.25,0.02,0.0,1.0,1.0,0.0,1,15551.0
22,9,219,309,0,1,14,0.0,0.0,1.0,0.0,0.08,255,255,1.0,0.0,0.0,0.0,0.0,0.0,0,88322.0
9,5,0,0,0,0,217,1.0,1.0,0.09,0.06,0.0,255,20,0.08,0.07,0.0,1.0,1.0,0.0,1,51736.0
44,4,1,0,0,0,2,0.0,0.0,1.0,0.0,0.0,255,2,0.01,0.69,0.0,0.0,0.0,1.0,1,40318.0
11,9,56,122,0,0,1,0.0,0.0,1.0,0.0,1.0,255,251,0.98,0.01,0.0,0.0,0.0,0.0,0,56540.0
22,9,148,18275,0,1,4,0.0,0.0,1.0,0.0,0.0,255,255,1.0,0.0,0.0,0.0,0.0,0.0,0,37183.0
22,9,214,16564,0,1,8,0.0,0.0,1.0,0.0,0.0,255,255,1.0,0.0,0.0,0.0,0.0,0.0,0,24494.0
49,9,1424,334,0,1,1,0.0,0.0,1.0,0.0,0.0,194,124,0.4,0.04,0.02,0.0,0.0,0.0,0,20300.0
22,9,326,318,0,1,8,0.0,0.0,1.0,0.0,0.13,111,255,1.0,0.0,0.02,0.0,0.0,0.0,0,81325.0
4,5,0,0,0,0,54,1.0,1.0,0.09,0.07,0.0,255,4,0.02,0.07,0.0,1.0,1.0,0.0,1,95292.0
40,1,0,0,0,0,510,0.07,0.0,0.0,1.0,0.0,255,1,0.0,1.0,0.0,0.04,0.0,1.0,1,105693.0
44,5,0,0,0,0,290,1.0,1.0,0.04,0.06,0.0,255,4,0.02,0.07,0.0,1.0,1.0,0.0,1,121863.0
44,3,0,0,0,0,206,0.65,0.5,0.01,0.41,0.0,255,2,0.01,0.33,0.0,0.52,0.5,0.5,1,124340.0
11,9,45,71,0,0,178,0.0,0.0,1.0,0.0,0.0,255,254,1.0,0.01,0.0,0.0,0.0,0.0,0,38364.0
40,9,1,0,0,0,92,0.0,0.0,0.02,0.05,0.0,255,2,0.01,0.06,0.0,0.0,0.0,0.0,1,16571.0
22,9,192,755,0,1,3,0.0,0.0,1.0,0.0,0.2,58,255,1.0,0.0,0.03,0.0,0.0,0.0,0,122957.0
22,5,0,0,0,0,4,1.0,1.0,1.0,0.0,0.0,4,4,1.0,0.0,0.0,1.0,1.0,0.0,1,119072.0
10,5,0,0,0,0,131,1.0,1.0,0.05,0.06,0.0,255,4,0.02,0.06,0.0,1.0,1.0,0.0,1,37944.0
11,9,44,44,0,0,129,0.0,0.0,0.99,0.02,0.01,255,254,1.0,0.01,0.0,0.0,0.0,0.0,0,3961.0
22,9,386,1344,0,1,16,0.0,0.0,1.0,0.0,0.12,255,255,1.0,0.0,0.0,0.0,0.0,0.0,0,60796.0
49,9,1326,331,0,1,1,0.0,0.0,1.0,0.0,1.0,26,178,0.31,0.08,0.02,0.0,0.0,0.0,0,95229.0
19,9,2194619,0,0,1,2,0.0,0.0,1.0,0.0,0.67,224,109,0.47,0.03,0.02,0.0,0.0,0.0,0,50140.0
22,9,287,11974,0,1,9,0.0,0.0,1.0,0.0,0.0,57,255,1.0,0.0,0.03,0.0,0.0,0.0,0,46173.0
19,9,607,0,0,0,2,0.0,0.0,1.0,0.0,0.0,52,6,0.12,0.08,0.0,0.0,0.0,0.0,0,72811.0
22,9,197,1415,0,1,8,0.0,0.0,1.0,0.0,0.0,83,83,1.0,0.0,0.0,0.0,0.0,0.0,0,84938.0
22,9,210,532,0,1,12,0.0,0.0,1.0,0.0,0.0,37,255,1.0,0.0,0.04,0.0,0.0,0.0,0,63431.0
11,9,44,110,0,0,97,0.0,0.0,1.0,0.0,0.01,255,255,1.0,0.0,0.0,0.0,0.0,0.0,0,120256.0
18,9,1020,2201,0,1,1,0.0,0.0,1.0,0.0,0.0,255,11,0.04,0.02,0.0,0.18,0.0,0.0,1,125332.0
44,4,0,0,0,0,1,0.0,0.0,1.0,0.0,0.0,255,1,0.0,0.64,0.0,0.0,0.0,1.0,1,32960.0
11,9,43,43,0,0,150,0.0,0.0,1.0,0.0,0.0,255,255,1.0,0.0,0.0,0.0,0.0,0.0,0,78510.0
22,9,165,2681,0,1,1,0.0,0.0,1.0,0.0,0.0,1,255,1.0,0.0,0.03,0.0,0.0,0.0,0,87912.0
22,9,54540,8314,0,1,5,0.0,0.0,1.0,0.0,0.0,255,255,1.0,0.0,0.0,0.01,0.01,0.04,1,97294.0
49,9,1222,330,0,1,1,0.0,0.0,1.0,0.0,1.0,214,156,0.56,0.07,0.01,0.0,0.0,0.0,0,85037.0
15,5,0,0,0,0,143,1.0,1.0,0.1,0.06,0.0,255,14,0.05,0.06,0.0,1.0,1.0,0.0,1,39491.0
22,9,188,17140,0,1,15,0.0,0.0,1.0,0.0,0.1,40,255,1.0,0.0,0.02,0.0,0.0,0.0,0,42498.0
22,9,299,392,0,1,9,0.0,0.0,1.0,0.0,0.11,255,255,1.0,0.0,0.0,0.0,0.0,0.0,0,25159.0
22,9,251,884,0,1,11,0.0,0.0,1.0,0.0,0.0,255,255,1.0,0.0,0.0,0.0,0.0,0.0,0,92461.0
3,5,0,0,0,0,242,1.0,1.0,0.04,0.06,0.0,255,3,0.01,0.07,0.0,1.0,1.0,0.0,1,8301.0
44,1,0,0,0,0,136,0.01,0.0,0.01,1.0,0.0,255,1,0.0,0.56,0.0,0.0,0.0,1.0,1,98104.0
22,9,212,984,0,1,36,0.0,0.0,1.0,0.0,0.0,255,255,1.0,0.0,0.0,0.0,0.0,0.0,0,4153.0
11,9,45,45,0,0,262,0.0,0.0,1.0,0.0,0.01,255,222,0.87,0.01,0.0,0.0,0.0,0.0,0,57268.0
22,9,409,4167,0,1,13,0.0,0.0,1.0,0.0,0.0,57,245,1.0,0.0,0.23,0.0,0.0,0.82,0,86412.0
19,1,0,0,0,0,236,0.0,0.0,0.08,0.07,0.0,255,20,0.08,0.07,0.0,0.0,0.0,1.0,1,55981.0
22,9,255,333,0,1,17,0.0,0.0,1.0,0.0,0.0,255,255,1.0,0.0,0.0,0.0,0.0,0.0,0,89607.0
22,9,338,4058,0,1,25,0.0,0.0,1.0,0.0,0.08,123,255,1.0,0.0,0.01,0.0,0.0,0.0,0,117450.0
56,2,0,0,0,0,166,0.0,0.0,0.01,0.07,0.0,255,1,0.0,0.07,0.0,0.0,0.0,1.0,1,37084.0
22,9,262,983,0,1,3,0.0,0.0,1.0,0.0,0.0,255,255,1.0,0.0,0.0,0.0,0.0,0.0,0,125913.0
19,9,334,0,0,1,1,0.0,0.0,1.0,0.0,0.0,7,21,1.0,0.0,0.14,0.0,0.0,0.0,1,63219.0
49,9,1573,404,0,1,1,0.0,0.0,1.0,0.0,1.0,6,4,0.67,0.5,0.0,0.0,0.0,0.0,0,8567.0
11,9,45,45,0,0,180,0.0,0.0,0.99,0.01,0.0,255,254,1.0,0.01,0.0,0.0,0.0,0.0,0,3386.0
22,9,331,2662,0,1,1,0.0,0.0,1.0,0.0,0.67,55,255,1.0,0.0,0.01,0.0,0.01,0.0,0,45644.0
37,5,0,0,0,0,133,1.0,1.0,0.11,0.05,0.0,255,18,0.07,0.06,0.0,1.0,1.0,0.0,1,112323.0
44,5,0,0,0,0,106,1.0,1.0,0.12,0.06,0.0,255,23,0.09,0.05,0.0,1.0,1.0,0.0,1,66962.0
22,9,252,712,0,1,34,0.09,0.09,1.0,0.0,0.0,139,237,1.0,0.0,0.05,0.01,0.0,0.0,0,4761.0
17,9,8,147,0,0,1,0.0,0.0,1.0,0.0,0.0,255,40,0.16,0.02,0.0,0.53,0.85,0.0,0,3596.0
22,1,0,0,0,0,1,0.0,0.0,1.0,0.0,0.0,143,255,1.0,0.0,0.09,0.0,0.0,0.62,0,111994.0
20,5,0,0,0,0,229,1.0,1.0,0.06,0.06,0.0,255,8,0.03,0.07,0.0,1.0,1.0,0.0,1,109108.0
14,9,1032,0,0,0,322,0.0,0.0,1.0,0.0,0.0,255,255,1.0,0.0,0.0,0.0,0.0,0.0,1,90249.0
6,5,0,0,0,0,110,1.0,1.0,0.11,0.06,0.0,255,10,0.04,0.07,0.0,1.0,1.0,0.0,1,39261.0
40,4,1,0,0,0,2,0.0,0.0,1.0,0.0,0.0,255,2,0.01,0.73,0.0,0.0,0.0,1.0,1,22519.0
55,2,126,179,0,0,2,0.0,0.0,1.0,0.0,0.0,13,13,1.0,0.0,0.0,0.08,0.08,0.92,1,2798.0
11,9,43,75,0,0,297,0.0,0.0,1.0,0.0,0.0,255,254,1.0,0.01,0.0,0.0,0.0,0.0,0,25329.0
28,5,0,0,0,0,91,1.0,1.0,0.04,0.07,0.0,255,6,0.02,0.07,0.0,1.0,1.0,0.0,1,60449.0
44,1,0,0,0,0,123,0.0,0.0,0.15,0.07,0.0,255,19,0.07,0.07,0.0,0.0,0.0,1.0,1,10282.0
40,1,0,0,0,0,510,0.14,0.0,0.0,1.0,0.0,255,1,0.0,1.0,0.0,0.15,0.0,1.0,1,89914.0
22,2,0,0,0,1,2,0.0,0.0,1.0,0.0,0.0,2,255,1.0,0.0,0.06,0.0,0.0,0.0,0,60647.0
22,5,0,0,0,0,9,1.0,1.0,0.78,0.22,0.0,255,58,0.23,0.04,0.0,1.0,1.0,0.0,1,38467.0
22,9,210,274,0,1,42,0.0,0.0,1.0,0.0,0.0,255,255,1.0,0.0,0.0,0.0,0.0,0.0,0,1830.0
22,9,300,2170,0,1,1,0.0,0.0,1.0,0.0,0.0,41,41,1.0,0.0,0.0,0.0,0.0,0.0,0,72349.0
7,5,0,0,0,0,239,1.0,1.0,0.02,0.07,0.0,255,4,0.02,0.08,0.0,1.0,1.0,0.0,1,51788.0
22,9,141,4049,0,1,2,0.5,0.14,1.0,0.0,0.29,162,255,1.0,0.0,0.02,0.01,0.0,0.0,0,96639.0
22,9,264,17,0,1,2,0.0,0.0,1.0,0.0,0.0,63,255,1.0,0.0,0.05,0.0,0.0,0.0,0,100679.0
22,1,0,0,0,0,19,0.0,0.0,1.0,0.0,0.0,172,183,1.0,0.0,0.03,0.01,0.01,0.34,0,4760.0
47,1,0,0,0,0,205,0.0,0.0,0.02,0.07,0.0,255,4,0.02,0.08,0.0,0.0,0.0,1.0,1,3225.0
22,1,0,0,0,0,1,0.0,0.0,1.0,0.0,0.0,39,119,1.0,0.0,0.04,0.0,0.0,1.0,0,25711.0
59,5,0,0,0,0,104,1.0,1.0,0.04,0.07,0.0,255,4,0.02,0.08,0.0,1.0,1.0,0.0,1,70887.0
21,5,0,0,0,0,291,1.0,1.0,0.05,0.06,0.0,255,8,0.03,0.08,0.0,1.0,1.0,0.0,1,65603.0
22,9,235,19714,0,1,1,0.0,0.0,1.0,0.0,0.0,31,255,1.0,0.0,0.04,0.0,0.0,0.0,0,2121.0
44,5,0,0,0,0,188,1.0,1.0,0.02,0.06,0.0,255,14,0.05,0.09,0.0,1.0,1.0,0.0,1,3087.0
22,9,151,9578,0,1,1,0.0,0.0,1.0,0.0,0.0,1,255,1.0,0.0,0.07,0.0,0.01,0.0,0,2493.0
22,9,212,1628,0,1,9,0.0,0.0,1.0,0.0,0.0,35,255,1.0,0.0,0.02,0.0,0.01,0.0,0,100050.0
49,9,1125,386,0,1,2,0.0,0.0,1.0,0.0,0.67,255,102,0.4,0.04,0.0,0.18,0.0,0.0,0,8849.0
49,9,1334,339,0,1,1,0.0,0.0,1.0,0.0,1.0,184,243,0.96,0.01,0.01,0.0,0.0,0.0,0,18227.0
44,5,0,0,0,0,139,1.0,1.0,0.12,0.06,0.0,255,14,0.05,0.08,0.0,1.0,1.0,0.0,1,63697.0
22,9,316,940,0,1,13,0.0,0.0,1.0,0.0,0.0,109,255,1.0,0.0,0.04,0.0,0.0,0.0,0,40458.0
49,5,0,0,0,0,2,0.5,0.5,1.0,0.0,0.0,67,99,0.4,0.21,0.02,0.03,0.01,0.0,0,69540.0
22,9,351,759161,0,1,1,0.0,0.0,1.0,0.0,0.0,255,255,1.0,0.0,0.0,0.0,0.0,0.0,0,71309.0
16,5,0,0,0,0,132,1.0,1.0,0.02,0.06,0.0,255,5,0.02,0.07,0.0,1.0,1.0,0.0,1,22297.0
13,9,8,0,0,0,1,0.0,0.0,1.0,0.0,1.0,2,132,1.0,0.0,0.5,0.0,0.0,0.0,1,15593.0
22,9,304,1854,0,1,10,0.0,0.0,1.0,0.0,0.18,48,255,1.0,0.0,0.04,0.0,0.0,0.0,0,25811.0
13,9,8,0,0,0,1,0.0,0.0,1.0,0.0,1.0,2,80,1.0,0.0,0.26,0.0,0.0,0.0,1,19627.0
4,5,0,0,0,0,124,1.0,1.0,0.13,0.06,0.0,255,16,0.06,0.05,0.0,1.0,1.0,0.0,1,54610.0
5,5,0,0,0,0,25,1.0,1.0,0.4,0.12,0.0,255,10,0.04,0.07,0.0,1.0,1.0,0.0,1,48630.0
22,9,310,9515,0,1,5,0.0,0.0,1.0,0.0,0.27,23,255,1.0,0.0,0.02,0.04,0.0,0.0,0,21811.0
55,9,70,663,0,0,1,0.0,0.0,1.0,0.0,0.0,12,1,0.08,0.25,0.0,0.0,0.0,0.0,0,46990.0
49,9,21518,368,0,1,1,0.0,0.0,1.0,0.0,0.0,31,155,0.94,0.06,0.02,0.0,0.0,0.0,0,84956.0
11,9,43,43,0,0,198,0.0,0.0,0.99,0.01,0.0,255,254,1.0,0.01,0.0,0.0,0.0,0.0,0,123614.0
51,5,0,0,0,0,90,1.0,1.0,0.27,0.04,0.0,255,12,0.05,0.06,0.0,1.0,1.0,0.0,1,116046.0
11,9,93,38,0,0,1,0.0,0.0,1.0,0.0,0.0,35,12,0.34,0.06,0.0,0.0,0.0,0.0,0,61875.0
49,9,1790,363,0,1,1,0.0,0.0,1.0,0.0,0.0,141,137,0.55,0.04,0.01,0.0,0.0,0.0,0,16447.0
40,1,0,0,0,0,509,0.16,0.0,0.0,1.0,0.0,255,1,0.0,1.0,0.0,0.02,0.0,1.0,1,2158.0
49,9,1009,327,0,1,1,0.0,0.0,1.0,0.0,1.0,192,166,0.67,0.03,0.01,0.0,0.0,0.0,0,23783.0
13,9,8,0,0,0,1,0.0,0.0,1.0,0.0,1.0,3,183,1.0,0.0,0.25,0.0,0.0,0.0,1,34048.0
22,9,224,834,0,1,11,0.0,0.0,1.0,0.0,0.0,24,255,1.0,0.0,0.07,0.0,0.0,0.0,0,32289.0
55,5,0,0,0,0,289,1.0,1.0,0.09,0.04,0.0,255,25,0.1,0.05,0.0,1.0,1.0,0.0,1,32842.0
27,5,0,0,0,0,148,1.0,1.0,0.12,0.06,0.0,255,18,0.07,0.06,0.0,1.0,1.0,0.0,1,15444.0
22,9,54540,8314,0,1,3,0.0,0.0,1.0,0.0,0.0,80,80,1.0,0.0,0.0,0.01,0.01,0.01,1,2209.0
13,9,18,0,0,0,1,0.0,0.0,1.0,0.0,0.0,1,201,1.0,0.0,1.0,0.0,0.0,0.0,1,80995.0
19,9,383,0,0,1,1,0.0,0.0,1.0,0.0,0.0,29,9,0.31,0.1,0.0,0.0,0.0,0.0,0,23643.0
44,2,0,0,0,0,114,0.0,0.0,0.1,0.07,0.0,255,11,0.04,0.07,0.0,0.0,0.0,1.0,1,34498.0
58,9,78,0,0,0,11,0.0,0.0,0.18,0.18,0.0,140,2,0.01,0.01,0.0,0.0,0.0,0.0,0,16718.0
19,5,0,0,0,0,191,1.0,1.0,0.09,0.06,0.0,255,18,0.07,0.06,0.0,1.0,1.0,0.0,1,80173.0
22,1,0,0,0,0,291,0.0,0.0,0.06,0.06,0.0,255,17,0.07,0.08,0.0,0.0,0.0,1.0,1,121146.0
19,9,14189,0,0,1,13,0.0,0.0,1.0,0.0,0.0,127,94,0.34,0.04,0.02,0.0,0.0,0.0,0,5504.0
11,9,45,131,0,0,87,0.0,0.0,1.0,0.0,0.01,255,255,1.0,0.0,0.0,0.0,0.0,0.0,0,5467.0
58,9,78,0,0,0,13,0.0,0.0,0.38,0.15,0.0,255,20,0.08,0.01,0.0,0.0,0.0,0.0,0,81237.0
44,5,0,0,0,0,275,1.0,1.0,0.03,0.06,0.0,255,12,0.05,0.07,0.0,1.0,1.0,0.0,1,21799.0
2,1,0,0,0,0,243,0.0,0.0,0.08,0.07,0.0,255,19,0.07,0.07,0.0,0.0,0.0,1.0,1,53988.0
22,9,332,1025,0,1,13,0.0,0.0,1.0,0.0,0.0,255,255,1.0,0.0,0.0,0.0,0.0,0.0,0,99364.0
14,9,1032,0,0,0,511,0.0,0.0,1.0,0.0,0.0,255,176,0.69,0.02,0.0,0.0,0.0,0.0,1,59728.0
13,9,8,0,0,0,1,0.0,0.0,1.0,0.0,1.0,1,105,1.0,0.0,0.5,0.0,0.0,0.0,1,96080.0
22,9,324,1528,0,1,10,0.0,0.0,1.0,0.0,0.0,255,255,1.0,0.0,0.0,0.0,0.0,0.0,0,61208.0
22,9,217,1903,0,1,5,0.0,0.0,1.0,0.0,0.33,10,10,1.0,0.0,0.0,0.0,0.0,0.0,0,13568.0
40,9,147,0,0,0,5,0.0,0.0,0.2,0.6,0.0,255,2,0.01,0.68,0.0,0.0,0.0,0.0,0,76420.0
54,5,0,0,0,0,257,1.0,1.0,0.01,0.07,0.0,255,18,0.07,0.08,0.0,1.0,1.0,0.0,1,33841.0
22,9,205,1330,0,1,3,0.0,0.0,1.0,0.0,0.5,65,255,1.0,0.0,0.01,0.0,0.0,0.0,0,51687.0
10,5,0,0,0,0,287,1.0,1.0,0.03,0.06,0.0,255,8,0.03,0.06,0.0,1.0,1.0,0.0,1,41037.0
22,9,244,968,0,1,5,0.0,0.0,1.0,0.0,0.0,16,255,1.0,0.0,0.05,0.0,0.0,0.0,0,50134.0
19,9,854,0,0,1,1,0.0,0.0,1.0,0.0,0.0,221,88,0.38,0.03,0.02,0.01,0.01,0.0,0,19308.0
49,9,724,335,0,1,1,0.0,0.0,1.0,0.0,0.0,167,115,0.4,0.04,0.02,0.0,0.0,0.0,0,122825.0
36,5,0,0,0,0,145,1.0,1.0,0.17,0.05,0.0,255,23,0.09,0.07,0.0,1.0,1.0,0.0,1,8401.0
40,4,1,0,0,0,2,0.0,0.0,1.0,0.0,0.0,255,2,0.01,0.68,0.0,0.0,0.0,1.0,1,44865.0
18,9,1239,2451,0,1,1,0.0,0.0,1.0,0.0,0.0,187,15,0.08,0.03,0.0,0.01,0.0,0.0,1,99532.0
11,9,45,67,0,0,236,0.0,0.0,1.0,0.01,0.0,255,247,0.97,0.01,0.0,0.0,0.0,0.0,0,3495.0
49,9,1322,335,0,1,1,0.0,0.0,1.0,0.0,1.0,188,203,0.79,0.02,0.01,0.0,0.0,0.0,0,51783.0
44,5,0,0,0,0,132,1.0,1.0,0.09,0.06,0.0,255,13,0.05,0.07,0.0,1.0,1.0,0.0,1,29720.0
6,5,0,0,0,0,293,1.0,1.0,0.02,0.05,0.0,255,7,0.03,0.05,0.0,1.0,1.0,0.0,1,104064.0
11,9,45,87,0,0,76,0.0,0.0,1.0,0.0,0.01,255,218,0.85,0.01,0.0,0.0,0.0,0.0,0,29528.0
22,9,326,3467,0,1,4,0.0,0.0,1.0,0.0,0.15,130,255,1.0,0.0,0.04,0.0,0.0,0.0,0,25462.0
18,9,1467,4152,0,1,1,0.0,0.0,1.0,0.0,0.0,144,37,0.26,0.04,0.0,0.0,0.0,0.0,0,66673.0
22,9,258,16617,0,1,1,0.0,0.0,1.0,0.0,0.33,207,255,1.0,0.0,0.01,0.0,0.0,0.0,0,45374.0
15,5,0,0,0,0,137,1.0,1.0,0.15,0.05,0.0,255,21,0.08,0.05,0.0,1.0,1.0,0.0,1,97939.0
11,9,45,81,0,0,109,0.0,0.0,1.0,0.0,0.02,255,253,0.99,0.01,0.0,0.0,0.0,0.0,0,107049.0
44,5,0,0,0,0,146,1.0,1.0,0.11,0.05,0.0,255,6,0.02,0.08,0.0,1.0,1.0,0.0,1,50524.0
19,9,246,0,0,1,2,0.0,0.0,1.0,0.0,0.0,255,69,0.27,0.08,0.0,0.01,0.01,0.0,0,28689.0
22,9,206,1074,0,1,12,0.0,0.0,1.0,0.0,0.11,87,255,1.0,0.0,0.03,0.0,0.0,0.0,0,102938.0
40,9,516,4,0,0,458,0.0,0.0,1.0,0.0,0.0,255,255,1.0,0.0,0.0,0.0,0.0,0.0,0,113653.0
22,9,348,9727,0,1,19,0.0,0.0,1.0,0.0,0.08,255,255,1.0,0.0,0.0,0.0,0.0,0.0,0,72359.0
15,5,0,0,0,0,132,1.0,1.0,0.05,0.06,0.0,255,14,0.05,0.07,0.0,1.0,1.0,0.0,1,98125.0
11,9,45,121,0,0,115,0.0,0.0,1.0,0.0,0.02,255,254,1.0,0.01,0.0,0.0,0.0,0.0,0,88726.0
31,5,0,0,0,0,219,1.0,1.0,0.1,0.05,0.0,255,21,0.08,0.05,0.0,1.0,1.0,0.0,1,65798.0
22,9,207,4203,0,1,4,0.0,0.0,1.0,0.0,0.4,8,255,1.0,0.0,0.02,0.0,0.0,0.0,0,101124.0
42,9,35,130,0,1,2,0.0,0.0,0.5,1.0,0.0,199,8,0.04,0.04,0.25,0.01,0.0,0.0,0,90597.0
53,5,0,0,0,0,285,1.0,1.0,0.06,0.06,0.0,255,1,0.0,0.07,0.0,1.0,1.0,0.0,1,76487.0
11,9,45,73,0,0,19,0.0,0.0,1.0,0.0,0.0,255,242,0.95,0.01,0.0,0.0,0.0,0.0,0,82850.0
22,5,0,0,0,0,278,1.0,1.0,0.03,0.06,0.0,255,8,0.03,0.07,0.0,1.0,1.0,0.0,1,99718.0
19,9,10044,0,0,1,12,0.0,0.0,1.0,0.0,0.0,25,60,0.68,0.16,0.03,0.0,0.0,0.0,0,76672.0
4,5,0,0,0,0,217,1.0,1.0,0.01,0.07,0.0,255,2,0.01,0.08,0.0,1.0,1.0,0.0,1,882.0
44,5,0,0,0,0,292,1.0,1.0,0.06,0.06,0.0,255,18,0.07,0.07,0.0,1.0,1.0,0.0,1,50925.0
44,5,0,0,0,0,27,1.0,1.0,0.15,0.22,0.0,255,14,0.05,0.08,0.0,1.0,1.0,0.0,1,38827.0
19,9,748,0,0,1,1,0.0,0.0,1.0,0.0,0.0,207,61,0.15,0.02,0.03,0.0,0.0,0.0,0,103296.0
38,5,0,0,0,0,95,1.0,1.0,0.05,0.06,0.0,255,2,0.01,0.07,0.0,1.0,1.0,0.0,1,26198.0
44,5,0,0,0,0,107,1.0,1.0,0.02,0.07,0.0,255,5,0.02,0.07,0.0,1.0,1.0,0.0,1,44087.0
11,9,46,77,0,0,137,0.0,0.0,1.0,0.0,0.0,255,254,1.0,0.01,0.0,0.0,0.0,0.0,0,18857.0
22,9,328,1782,0,1,4,0.0,0.0,1.0,0.0,0.33,6,255,1.0,0.0,0.05,0.0,0.01,0.0,0,100760.0
16,5,0,0,0,0,139,1.0,1.0,0.01,0.06,0.0,255,10,0.04,0.06,0.0,1.0,1.0,0.0,1,21254.0
44,1,0,0,0,0,140,0.0,0.0,0.09,0.06,0.0,165,12,0.07,0.07,0.0,0.0,0.0,1.0,1,111683.0
13,9,8,0,0,0,1,0.0,0.0,1.0,0.0,1.0,3,19,1.0,0.0,0.26,0.0,0.0,0.0,1,87107.0
22,9,0,7461,0,0,27,0.04,0.04,1.0,0.0,0.0,27,255,1.0,0.0,0.05,0.04,0.01,0.0,0,122256.0
22,9,307,3743,0,1,6,0.0,0.0,1.0,0.0,0.0,13,255,1.0,0.0,0.09,0.0,0.0,0.0,0,43817.0
11,9,45,77,0,0,265,0.0,0.0,1.0,0.0,0.0,255,254,1.0,0.01,0.0,0.0,0.0,0.0,0,122330.0
22,9,308,425,0,1,9,0.0,0.0,1.0,0.0,0.0,87,255,1.0,0.0,0.02,0.0,0.0,0.0,0,87686.0
21,5,0,0,0,0,235,1.0,1.0,0.03,0.06,0.0,255,7,0.03,0.06,0.0,1.0,1.0,0.0,1,27494.0
22,9,241,3057,0,1,3,0.0,0.0,1.0,0.0,0.0,24,255,1.0,0.0,0.04,0.0,0.0,0.0,0,19661.0
22,9,205,13602,0,1,2,0.0,0.0,1.0,0.0,0.05,8,254,1.0,0.0,0.07,0.0,0.0,0.0,0,84079.0
22,9,259,1317,0,1,11,0.0,0.0,1.0,0.0,0.0,183,255,1.0,0.0,0.01,0.0,0.0,0.0,0,76869.0
44,9,1,0,0,0,17,0.0,0.0,0.24,0.12,0.0,255,43,0.17,0.27,0.0,0.0,0.0,0.0,1,54816.0
49,9,1133,332,0,1,1,0.0,0.0,1.0,0.0,1.0,67,130,0.75,0.07,0.02,0.0,0.0,0.0,0,118689.0
19,5,0,0,0,0,9,1.0,1.0,0.33,0.44,0.0,255,46,0.18,0.05,0.0,1.0,1.0,0.0,1,42060.0
44,5,0,0,0,0,91,1.0,1.0,0.04,0.07,0.0,255,20,0.08,0.07,0.0,1.0,1.0,0.0,1,123168.0
44,1,0,0,0,0,131,0.0,0.0,0.05,0.07,0.0,255,6,0.02,0.07,0.0,0.0,0.0,1.0,1,36917.0
61,5,0,0,0,0,257,1.0,1.0,0.01,0.07,0.0,255,3,0.01,0.08,0.0,1.0,1.0,0.0,1,75419.0
3,5,0,0,0,0,266,1.0,1.0,0.07,0.06,0.0,255,19,0.07,0.06,0.0,1.0,1.0,0.0,1,66123.0
55,5,0,0,0,0,236,1.0,1.0,0.0,0.06,0.0,255,1,0.0,0.07,0.0,1.0,1.0,0.0,1,104808.0
22,9,54540,8314,0,1,6,0.0,0.0,1.0,0.0,0.0,255,255,1.0,0.0,0.0,0.0,0.0,0.05,1,111242.0
50,5,0,0,0,0,258,1.0,1.0,0.03,0.06,0.0,255,13,0.05,0.07,0.0,1.0,1.0,0.0,1,84625.0
22,9,450,5369,0,1,24,0.0,0.0,1.0,0.0,0.0,255,255,1.0,0.0,0.0,0.0,0.0,0.0,0,65451.0
22,5,0,0,0,0,2,0.5,0.5,1.0,0.0,0.0,115,255,1.0,0.0,0.03,0.01,0.0,0.0,0,24276.0
22,9,237,275,0,1,16,0.0,0.0,1.0,0.0,0.1,255,255,1.0,0.0,0.0,0.0,0.0,0.0,0,124118.0
11,9,43,43,0,0,156,0.0,0.0,1.0,0.0,0.01,255,255,1.0,0.0,0.0,0.0,0.0,0.0,0,94942.0
22,9,228,900,0,1,7,0.0,0.0,1.0,0.0,0.0,255,255,1.0,0.0,0.0,0.0,0.0,0.0,0,85563.0
22,9,276,4721,0,1,10,0.0,0.0,1.0,0.0,0.0,34,255,1.0,0.0,0.03,0.0,0.0,0.0,0,48743.0
22,9,204,1295,0,1,2,0.0,0.0,1.0,0.0,0.0,2,255,1.0,0.0,0.01,0.0,0.0,0.0,0,75152.0
22,9,327,194,0,1,13,0.0,0.0,1.0,0.0,0.14,147,255,1.0,0.0,0.01,0.01,0.01,0.0,0,43085.0
22,9,238,477,0,1,17,0.0,0.0,1.0,0.0,0.11,43,255,1.0,0.0,0.02,0.0,0.0,0.0,0,70153.0
44,5,0,0,0,0,273,1.0,1.0,0.03,0.06,0.0,255,23,0.09,0.07,0.0,1.0,1.0,0.0,1,108353.0
61,5,0,0,0,0,112,1.0,1.0,0.18,0.06,0.0,255,19,0.07,0.07,0.0,1.0,1.0,0.0,1,24871.0
22,1,0,0,0,0,1,0.0,0.0,1.0,0.0,1.0,19,249,1.0,0.0,0.1,0.0,0.0,0.96,0,69229.0
22,9,241,19194,0,1,2,0.0,0.0,1.0,0.0,0.0,2,255,1.0,0.0,0.01,0.0,0.0,0.0,0,103628.0
22,1,0,0,0,0,1,0.0,0.0,1.0,0.0,1.0,46,249,1.0,0.0,0.12,0.0,0.0,0.8,0,30044.0
22,9,247,5280,0,1,12,0.0,0.0,1.0,0.0,0.0,92,255,1.0,0.0,0.02,0.0,0.01,0.0,0,89731.0
22,9,248,188,0,1,1,0.0,0.0,1.0,0.0,0.33,85,255,1.0,0.0,0.01,0.0,0.0,0.0,0,57917.0
44,5,0,0,0,0,167,1.0,1.0,0.12,0.06,0.0,255,7,0.03,0.07,0.0,1.0,1.0,0.0,1,1132.0
22,9,54540,8314,0,1,4,0.0,0.0,1.0,0.0,0.0,53,53,1.0,0.0,0.0,0.02,0.02,0.02,1,42422.0
49,9,947,330,0,1,1,0.0,0.0,1.0,0.0,0.0,53,179,0.87,0.06,0.01,0.0,0.0,0.0,0,23910.0
20,1,0,0,0,0,251,0.0,0.0,0.08,0.06,0.0,255,19,0.07,0.07,0.0,0.0,0.0,1.0,1,69867.0
44,5,0,0,0,0,89,1.0,1.0,0.03,0.07,0.0,255,18,0.07,0.07,0.0,1.0,1.0,0.0,1,10556.0
22,9,232,255,0,1,16,0.0,0.0,1.0,0.0,0.0,109,255,1.0,0.0,0.04,0.0,0.0,0.0,0,27575.0
22,9,319,15251,0,1,3,0.0,0.0,1.0,0.0,0.0,81,255,1.0,0.0,0.07,0.0,0.01,0.0,0,123332.0
14,9,1032,0,0,0,62,0.0,0.0,1.0,0.0,0.0,255,62,0.24,0.02,0.0,0.0,0.0,0.0,1,16717.0
19,9,172,0,0,1,2,0.0,0.0,1.0,0.0,0.0,26,8,0.31,0.15,0.0,0.0,0.0,0.0,0,87690.0
22,9,201,3882,0,1,1,0.0,0.0,1.0,0.0,0.0,9,255,1.0,0.0,0.05,0.0,0.01,0.0,0,48095.0
27,5,0,0,0,0,128,1.0,1.0,0.16,0.05,0.0,255,21,0.08,0.05,0.0,1.0,1.0,0.0,1,21217.0
44,5,0,0,0,0,90,1.0,1.0,0.02,0.08,0.0,255,19,0.07,0.06,0.0,1.0,1.0,0.0,1,55251.0
16,2,0,0,0,0,91,0.0,0.0,0.01,0.07,0.0,255,1,0.0,0.05,0.0,0.0,0.0,1.0,1,116730.0
2,5,0,0,0,0,237,1.0,1.0,0.07,0.06,0.0,255,5,0.02,0.09,0.0,1.0,1.0,0.0,1,3058.0
62,5,0,0,0,0,150,1.0,1.0,0.07,0.05,0.0,255,7,0.03,0.07,0.0,1.0,1.0,0.0,1,8887.0
22,9,209,2005,0,1,8,0.0,0.0,1.0,0.0,0.0,255,255,1.0,0.0,0.0,0.0,0.0,0.0,0,84601.0
62,1,0,0,0,0,227,0.0,0.0,0.03,0.07,0.0,255,6,0.02,0.08,0.0,0.0,0.0,1.0,1,38977.0
19,5,0,0,0,0,41,1.0,1.0,0.29,0.1,0.0,255,61,0.24,0.02,0.0,1.0,1.0,0.0,1,98665.0
24,5,0,0,0,0,255,1.0,1.0,0.01,0.07,0.0,255,2,0.01,0.09,0.0,1.0,1.0,0.0,1,115213.0
44,9,207,0,0,0,2,0.0,0.0,1.0,0.0,0.0,58,50,0.86,0.03,0.0,0.0,0.0,0.0,1,10445.0
22,1,0,0,0,0,1,0.0,0.0,1.0,0.0,0.0,56,255,1.0,0.0,0.1,0.0,0.0,0.78,0,102606.0
22,9,236,5195,0,1,4,0.0,0.0,1.0,0.0,0.0,111,255,1.0,0.0,0.03,0.0,0.0,0.0,0,124845.0
22,9,247,1104,0,1,17,0.0,0.0,1.0,0.0,0.11,62,255,1.0,0.0,0.02,0.0,0.0,0.0,0,65162.0
22,9,354,736,0,1,4,0.0,0.0,1.0,0.0,0.4,209,255,1.0,0.0,0.02,0.0,0.0,0.0,0,117158.0
24,5,0,0,0,0,199,1.0,1.0,0.01,0.07,0.0,255,1,0.0,0.07,0.0,1.0,1.0,0.0,1,33747.0
4,5,0,0,0,0,250,1.0,1.0,0.01,0.06,0.0,255,2,0.01,0.07,0.0,1.0,1.0,0.0,1,108308.0
60,5,0,0,0,0,261,1.0,1.0,0.04,0.05,0.0,255,11,0.04,0.05,0.0,1.0,1.0,0.0,1,68302.0
22,9,208,3002,0,1,5,0.0,0.0,1.0,0.0,0.25,44,255,1.0,0.0,0.03,0.02,0.0,0.0,0,72958.0
49,9,1013,328,0,1,1,0.0,0.0,1.0,0.0,1.0,203,146,0.52,0.03,0.01,0.0,0.0,0.0,0,1636.0
22,9,231,307,0,1,14,0.0,0.0,1.0,0.0,0.22,255,255,1.0,0.0,0.0,0.0,0.0,0.0,0,41258.0
22,9,204,882,0,1,21,0.0,0.0,1.0,0.0,0.06,62,255,1.0,0.0,0.02,0.0,0.0,0.0,0,46517.0
22,9,220,255,0,1,15,0.0,0.0,1.0,0.0,0.12,238,255,1.0,0.0,0.01,0.0,0.0,0.0,0,13911.0
14,9,520,0,0,0,39,0.0,0.0,1.0,0.0,0.0,255,255,1.0,0.0,0.0,0.0,0.0,0.0,1,104433.0
22,9,324,258,0,1,26,0.0,0.0,1.0,0.0,0.1,255,255,1.0,0.0,0.0,0.0,0.0,0.0,0,15987.0
3,5,0,0,0,0,201,1.0,1.0,0.03,0.06,0.0,255,7,0.03,0.07,0.0,1.0,1.0,0.0,1,54442.0
44,9,105,147,0,0,2,0.0,0.0,1.0,0.0,0.0,255,250,0.98,0.01,0.0,0.0,0.0,0.0,0,21182.0
44,5,0,0,0,0,78,1.0,1.0,0.19,0.06,0.0,255,15,0.06,0.05,0.0,1.0,1.0,0.0,1,98259.0
22,9,320,787,0,1,7,0.0,0.0,1.0,0.0,0.2,161,255,1.0,0.0,0.02,0.0,0.0,0.0,0,60744.0
49,9,1503,372,0,1,1,0.0,0.0,1.0,0.0,1.0,101,84,0.83,0.04,0.0,0.0,0.0,0.0,0,125619.0
40,4,1,0,0,0,2,0.0,0.0,1.0,0.0,0.0,255,2,0.01,0.73,0.0,0.0,0.0,1.0,1,113179.0
59,5,0,0,0,0,131,1.0,1.0,0.16,0.05,0.0,255,21,0.08,0.05,0.0,1.0,1.0,0.0,1,113211.0
11,9,46,117,0,0,1,0.0,0.0,1.0,0.0,1.0,255,235,0.92,0.01,0.0,0.0,0.0,0.0,0,10442.0
4,5,0,0,0,0,286,1.0,1.0,0.08,0.05,0.0,255,24,0.09,0.05,0.0,1.0,1.0,0.0,1,5460.0
11,9,46,75,0,0,143,0.0,0.0,0.99,0.01,0.02,255,246,0.96,0.01,0.0,0.0,0.0,0.0,0,45617.0
44,4,1,0,0,0,2,0.0,0.0,1.0,0.0,0.0,255,2,0.01,0.51,0.0,0.0,0.0,1.0,1,62603.0
55,2,0,0,0,0,1,0.0,0.0,1.0,0.0,0.0,255,2,0.01,0.02,0.0,0.0,0.0,0.5,1,89853.0
36,5,0,0,0,0,278,1.0,1.0,0.03,0.06,0.0,255,8,0.03,0.07,0.0,1.0,1.0,0.0,1,103462.0
22,9,219,458,0,1,21,0.0,0.0,1.0,0.0,0.13,255,255,1.0,0.0,0.0,0.0,0.0,0.0,0,72046.0
44,5,0,0,0,0,264,1.0,1.0,0.05,0.06,0.0,255,6,0.02,0.07,0.0,1.0,1.0,0.0,1,50998.0
19,5,0,0,0,0,76,1.0,1.0,0.21,0.05,0.0,255,36,0.14,0.06,0.0,1.0,1.0,0.0,1,4638.0
55,9,142,324,0,0,2,0.5,0.0,0.5,1.0,0.0,255,30,0.12,0.38,0.0,0.38,0.1,0.03,1,43426.0
22,9,248,321,0,1,4,0.0,0.0,1.0,0.0,0.0,255,255,1.0,0.0,0.0,0.0,0.0,0.0,0,116827.0
3,9,10,39,0,1,1,0.0,0.0,1.0,0.0,0.0,14,7,0.07,0.21,0.29,0.0,0.0,0.0,0,82522.0
22,9,164,5450,0,1,7,0.0,0.0,1.0,0.0,0.0,8,8,1.0,0.0,0.0,0.0,0.0,0.0,0,42609.0
22,9,236,12852,0,1,1,0.0,0.0,1.0,0.0,0.0,56,255,1.0,0.0,0.04,0.0,0.0,0.0,0,89879.0
5,5,0,0,0,0,116,1.0,1.0,0.07,0.06,0.0,255,8,0.03,0.05,0.0,1.0,1.0,0.0,1,112107.0
40,9,516,4,0,0,471,0.0,0.0,1.0,0.0,0.0,255,255,1.0,0.0,0.0,0.0,0.0,0.0,0,111835.0
44,1,0,0,0,0,1,0.0,0.0,1.0,0.0,0.0,45,2,0.02,1.0,1.0,0.0,0.0,1.0,1,54801.0
22,9,317,2090,0,1,5,0.0,0.0,1.0,0.0,0.0,255,255,1.0,0.0,0.0,0.0,0.0,0.0,0,35565.0
5,5,0,0,0,0,103,1.0,1.0,0.03,0.05,0.0,255,3,0.01,0.05,0.0,1.0,1.0,0.0,1,74390.0
17,9,6,358,0,0,1,0.0,0.0,1.0,0.0,0.0,123,10,0.02,0.02,0.2,0.0,0.2,0.0,0,14936.0
22,9,193,757,0,1,2,0.0,0.0,1.0,0.0,0.67,25,255,1.0,0.0,0.05,0.0,0.0,0.0,0,20145.0
22,9,222,563,0,1,7,0.0,0.0,1.0,0.0,0.09,255,255,1.0,0.0,0.0,0.0,0.0,0.0,0,122343.0
22,9,159,497,0,1,3,0.0,0.0,1.0,0.0,0.0,105,255,1.0,0.0,0.02,0.01,0.0,0.0,0,29398.0
11,9,44,129,0,0,142,0.0,0.0,1.0,0.0,0.0,255,254,1.0,0.01,0.0,0.0,0.0,0.0,0,118568.0
19,9,11376,0,0,1,4,0.0,0.0,1.0,0.0,0.0,156,82,0.38,0.03,0.02,0.0,0.0,0.0,0,36360.0
1,9,238508,24420,0,1,1,0.0,0.0,1.0,0.0,0.0,255,26,0.1,0.03,0.0,0.0,0.0,0.0,0,124536.0
22,9,160,8390,0,1,1,0.0,0.0,1.0,0.0,0.67,13,252,1.0,0.0,0.05,0.08,0.0,0.0,0,79229.0
22,9,196,3317,0,1,15,0.0,0.0,1.0,0.0,0.12,85,255,1.0,0.0,0.03,0.01,0.0,0.0,0,101539.0
44,5,0,0,0,0,284,1.0,1.0,0.04,0.05,0.0,255,11,0.04,0.05,0.0,1.0,1.0,0.0,1,59749.0
11,9,43,78,0,0,216,0.0,0.0,1.0,0.01,0.0,255,254,1.0,0.01,0.0,0.0,0.0,0.0,0,39760.0
22,9,254,732,0,1,14,0.0,0.0,1.0,0.0,0.0,255,255,1.0,0.0,0.0,0.0,0.0,0.0,0,19444.0
22,9,296,188,0,1,1,0.0,0.0,1.0,0.0,0.22,56,255,1.0,0.0,0.04,0.02,0.01,0.01,0,123284.0
15,5,0,0,0,0,133,1.0,1.0,0.14,0.06,0.0,255,18,0.07,0.05,0.0,1.0,1.0,0.0,1,79171.0
49,9,1425,370,0,1,1,0.0,0.0,1.0,0.0,1.0,32,185,0.94,0.06,0.02,0.0,0.01,0.0,0,55410.0
49,9,1926,394,0,1,1,0.0,0.0,1.0,0.0,0.0,255,13,0.05,0.02,0.0,0.95,0.0,0.0,0,43600.0
35,5,0,0,0,0,242,1.0,1.0,0.08,0.07,0.0,255,20,0.08,0.07,0.0,1.0,1.0,0.0,1,70503.0
3,2,0,0,0,0,1,0.0,0.0,1.0,0.0,0.0,241,4,0.02,0.05,0.0,0.01,0.0,0.25,0,115094.0
22,1,0,0,0,0,1,0.0,0.0,1.0,0.0,0.0,7,55,1.0,0.0,0.29,0.0,0.0,1.0,0,58006.0
22,9,206,471,0,1,3,0.0,0.0,1.0,0.0,0.0,84,255,1.0,0.0,0.01,0.0,0.0,0.0,0,83065.0
44,5,0,0,0,0,169,1.0,1.0,0.09,0.06,0.0,255,6,0.02,0.08,0.0,1.0,1.0,0.0,1,36541.0
14,9,1032,0,0,0,406,0.0,0.0,1.0,0.0,0.0,255,255,1.0,0.0,0.0,0.0,0.0,0.0,1,102301.0
22,9,232,1075,0,1,2,0.0,0.0,1.0,0.0,0.06,255,243,0.95,0.01,0.0,0.0,0.0,0.0,0,90379.0
22,6,325,14600,0,1,1,1.0,1.0,1.0,0.0,0.0,1,255,1.0,0.0,0.07,1.0,0.0,0.0,0,50746.0
22,9,308,5442,0,1,6,0.0,0.0,1.0,0.0,0.29,7,255,1.0,0.0,0.05,0.0,0.0,0.0,0,40769.0
2,5,0,0,0,0,242,1.0,1.0,0.01,0.07,0.0,255,3,0.01,0.07,0.0,1.0,1.0,0.0,1,3235.0
19,9,884,0,0,0,2,0.0,0.0,1.0,0.0,0.0,106,11,0.1,0.05,0.0,0.0,0.0,0.0,0,104009.0
2,5,0,0,0,0,272,1.0,1.0,0.03,0.06,0.0,255,7,0.03,0.06,0.0,1.0,1.0,0.0,1,43104.0
49,9,780,332,0,1,1,0.0,0.0,1.0,0.0,0.0,108,231,0.94,0.02,0.01,0.0,0.0,0.0,0,89888.0
40,9,516,4,0,0,476,0.0,0.0,1.0,0.0,0.0,255,255,1.0,0.0,0.0,0.0,0.0,0.0,0,46508.0
11,9,43,107,0,0,3,0.0,0.0,1.0,0.0,0.4,255,249,0.98,0.01,0.0,0.0,0.0,0.0,0,113101.0
18,5,0,0,0,0,263,1.0,1.0,0.01,0.06,0.0,255,19,0.07,0.07,0.0,1.0,1.0,0.0,1,104248.0
22,1,0,0,0,0,1,0.0,0.0,1.0,0.0,0.0,2,253,1.0,0.0,0.04,0.0,0.0,0.84,0,15475.0
13,9,18,0,0,0,1,0.0,0.0,1.0,0.0,0.0,1,221,1.0,0.0,0.25,0.0,0.0,0.0,1,111199.0
19,5,0,0,0,0,282,1.0,1.0,0.04,0.06,0.0,255,11,0.04,0.06,0.0,1.0,1.0,0.0,1,71435.0
34,5,0,0,0,0,251,1.0,1.0,0.02,0.07,0.0,255,5,0.02,0.07,0.0,1.0,1.0,0.0,1,12366.0
22,9,223,1187,0,1,16,0.0,0.0,1.0,0.0,0.12,255,255,1.0,0.0,0.0,0.0,0.0,0.0,0,99830.0
22,5,0,0,0,0,46,1.0,1.0,0.33,0.07,0.0,255,64,0.25,0.02,0.0,1.0,1.0,0.0,1,98112.0
22,9,297,526,0,1,14,0.0,0.0,1.0,0.0,0.17,255,255,1.0,0.0,0.0,0.0,0.0,0.0,0,6657.0
11,9,45,144,0,0,71,0.0,0.0,1.0,0.0,0.01,255,239,0.94,0.01,0.0,0.0,0.0,0.0,0,37291.0
22,9,306,298,0,1,12,0.0,0.0,1.0,0.0,0.15,255,255,1.0,0.0,0.0,0.0,0.0,0.0,0,35037.0
49,9,843,328,0,1,1,0.0,0.0,1.0,0.0,0.0,169,75,0.44,0.04,0.0,0.01,0.0,0.0,0,68272.0
44,1,0,0,0,0,11,0.0,0.0,0.18,0.18,0.0,255,19,0.07,0.06,0.0,0.0,0.0,1.0,1,33828.0
44,4,0,0,0,0,1,0.0,0.0,1.0,0.0,0.0,255,1,0.0,0.98,0.0,0.0,0.0,1.0,1,117749.0
20,1,0,0,0,0,224,0.0,0.0,0.03,0.07,0.0,255,7,0.03,0.08,0.0,0.0,0.0,1.0,1,93509.0
26,5,0,0,0,0,101,1.0,1.0,0.18,0.06,0.0,255,20,0.08,0.05,0.0,1.0,1.0,0.0,1,1042.0
22,1,0,0,0,0,1,0.0,0.0,1.0,0.0,1.0,2,48,1.0,0.0,0.21,0.0,0.0,1.0,0,63348.0
49,9,1025,367,0,1,1,0.0,0.0,1.0,0.0,1.0,178,87,0.49,0.02,0.0,0.0,0.0,0.0,0,62646.0
40,9,516,4,0,0,501,0.0,0.0,1.0,0.0,0.0,255,255,1.0,0.0,0.0,0.0,0.0,0.0,0,46998.0
13,9,8,0,0,0,1,0.0,0.0,1.0,0.0,1.0,2,114,1.0,0.0,0.5,0.0,0.0,0.0,1,44085.0
19,9,252,0,0,1,2,0.0,0.0,1.0,0.0,0.0,117,64,0.55,0.03,0.0,0.0,0.0,0.0,0,80478.0
44,5,0,0,0,0,281,1.0,1.0,0.04,0.06,0.0,255,19,0.07,0.07,0.0,1.0,1.0,0.0,1,50409.0
22,5,0,0,0,0,293,1.0,1.0,0.01,0.05,0.0,255,4,0.02,0.05,0.0,1.0,1.0,0.0,1,46443.0
49,9,2602,330,0,1,1,0.0,0.0,1.0,0.0,1.0,39,149,0.69,0.08,0.02,0.03,0.01,0.0,0,4498.0
59,2,0,0,0,0,112,0.0,0.0,0.06,0.07,0.0,255,7,0.03,0.06,0.0,0.0,0.0,1.0,1,122471.0
22,9,230,3662,0,1,1,0.0,0.0,1.0,0.0,0.0,118,255,1.0,0.0,0.04,0.0,0.0,0.0,0,3518.0
19,9,12,0,0,0,2,0.0,0.0,1.0,0.0,0.0,73,58,0.41,0.05,0.03,0.0,0.0,0.0,0,115939.0
13,9,8,0,0,0,1,0.0,0.0,1.0,0.0,1.0,2,226,1.0,0.0,0.25,0.0,0.0,0.0,1,120237.0
44,5,0,0,0,0,30,1.0,1.0,0.03,0.17,0.0,255,14,0.05,0.08,0.0,1.0,1.0,0.0,1,67626.0
37,5,0,0,0,0,107,1.0,1.0,0.04,0.07,0.0,255,4,0.02,0.05,0.0,1.0,1.0,0.0,1,19503.0
44,9,207,0,0,0,2,0.0,0.0,1.0,0.0,0.0,170,146,0.86,0.01,0.0,0.0,0.0,0.0,1,26662.0
14,9,1032,0,0,0,444,0.0,0.0,1.0,0.0,0.0,255,255,1.0,0.0,0.0,0.0,0.0,0.0,1,124815.0
22,9,54540,8314,0,1,7,0.0,0.0,1.0,0.0,0.25,255,255,1.0,0.0,0.0,0.0,0.0,0.05,1,63350.0
22,9,221,272,0,1,7,0.0,0.0,1.0,0.0,0.0,7,152,1.0,0.0,0.06,0.0,0.0,0.0,0,25327.0
20,5,0,0,0,0,262,1.0,1.0,0.06,0.06,0.0,255,17,0.07,0.07,0.0,1.0,1.0,0.0,1,34663.0
49,9,671,329,0,1,1,0.0,0.0,1.0,0.0,0.0,52,42,0.81,0.06,0.0,0.0,0.0,0.0,0,89141.0
22,1,0,0,0,0,1,0.0,0.0,1.0,0.0,1.0,62,255,1.0,0.0,0.11,0.0,0.0,0.71,0,99971.0
25,5,0,0,0,0,246,1.0,1.0,0.04,0.06,0.0,255,9,0.04,0.06,0.0,1.0,1.0,0.0,1,71721.0
22,4,54540,8315,0,1,4,0.0,0.0,1.0,0.0,0.0,255,255,1.0,0.0,0.0,0.0,0.0,0.05,1,77262.0
44,10,0,0,0,0,1,1.0,1.0,1.0,0.0,0.0,155,1,0.01,0.94,0.0,0.95,1.0,0.0,1,36833.0
22,9,246,10597,0,1,6,0.0,0.0,1.0,0.0,0.0,11,11,1.0,0.0,0.0,0.0,0.0,0.0,0,38414.0
11,9,43,43,0,0,120,0.0,0.0,1.0,0.0,0.01,255,255,1.0,0.0,0.0,0.0,0.0,0.0,0,62584.0
44,1,0,0,0,0,132,0.0,0.0,0.05,0.07,0.0,255,5,0.02,0.06,0.0,0.0,0.0,1.0,1,76122.0
3,5,0,0,0,0,138,1.0,1.0,0.06,0.06,0.0,255,17,0.07,0.06,0.0,1.0,1.0,0.0,1,107386.0
33,5,0,0,0,0,196,1.0,1.0,0.03,0.07,0.0,255,6,0.02,0.07,0.0,1.0,1.0,0.0,1,76164.0
2,5,0,0,0,0,260,1.0,1.0,0.06,0.06,0.0,255,15,0.06,0.07,0.0,1.0,1.0,0.0,1,31780.0
2,5,0,0,0,0,104,1.0,1.0,0.03,0.07,0.0,255,3,0.01,0.05,0.0,1.0,1.0,0.0,1,55203.0
8,5,0,0,0,0,243,1.0,1.0,0.01,0.07,0.0,255,3,0.01,0.06,0.0,1.0,1.0,0.0,1,9281.0
18,9,1151,2445,0,1,1,0.0,0.0,1.0,0.0,0.0,112,10,0.09,0.05,0.0,0.02,0.0,0.0,1,90130.0
22,9,336,276,0,1,3,0.0,0.0,1.0,0.0,0.0,255,247,0.97,0.01,0.0,0.0,0.0,0.0,0,44965.0
40,9,147,105,0,0,2,0.0,0.0,1.0,0.0,0.0,255,2,0.01,0.72,0.0,0.0,0.0,0.0,0,41459.0
13,9,8,0,0,0,1,0.0,0.0,1.0,0.0,1.0,4,204,1.0,0.0,0.25,0.0,0.0,0.0,1,75472.0
22,9,211,392,0,1,1,0.0,0.0,1.0,0.0,0.29,255,255,1.0,0.0,0.0,0.0,0.0,0.0,0,22067.0
22,9,273,1493,0,1,2,0.0,0.0,1.0,0.0,0.0,21,30,1.0,0.0,0.07,0.0,0.0,0.57,0,113661.0
44,5,0,0,0,0,289,1.0,1.0,0.04,0.06,0.0,255,16,0.06,0.06,0.0,1.0,1.0,0.0,1,109976.0
13,9,8,0,0,0,1,0.0,0.0,1.0,0.0,1.0,2,4,1.0,0.0,0.5,0.0,0.0,0.0,1,92001.0
0,4,2011,9582,0,1,4,0.0,0.0,0.25,0.75,0.0,155,29,0.19,0.03,0.0,0.0,0.0,0.76,0,117079.0
22,9,204,122,0,1,3,0.0,0.0,1.0,0.0,0.29,3,255,1.0,0.0,0.04,0.0,0.0,0.0,0,5718.0
13,9,18,0,0,0,1,0.0,0.0,1.0,0.0,0.0,1,69,1.0,0.0,1.0,0.0,0.0,0.0,1,31465.0
44,5,0,0,0,0,185,1.0,1.0,0.04,0.06,0.0,255,7,0.03,0.05,0.0,1.0,1.0,0.0,1,62640.0
11,9,44,133,0,0,310,0.0,0.0,1.0,0.01,0.0,199,166,0.83,0.01,0.0,0.0,0.0,0.0,0,89040.0
13,9,8,0,0,0,1,0.0,0.0,1.0,0.0,1.0,1,63,1.0,0.0,0.51,0.0,0.0,0.0,1,63128.0
13,9,8,0,0,0,1,0.0,0.0,1.0,0.0,1.0,2,96,1.0,0.0,0.5,0.0,0.0,0.0,1,62687.0
61,1,0,0,0,0,265,0.0,0.0,0.02,0.06,0.0,255,4,0.02,0.07,0.0,0.0,0.0,1.0,1,120590.0
49,9,1468,328,0,1,1,0.0,0.0,1.0,0.0,1.0,248,133,0.52,0.03,0.02,0.01,0.02,0.0,0,113084.0
14,9,64,0,0,0,1,0.0,0.0,1.0,0.0,0.0,41,1,0.02,0.07,0.0,0.0,0.0,0.0,0,15780.0
61,5,0,0,0,0,205,1.0,1.0,0.0,0.07,0.0,255,1,0.0,0.07,0.0,1.0,1.0,0.0,1,125116.0
22,9,277,9463,0,1,5,0.0,0.0,1.0,0.0,0.0,5,255,1.0,0.0,0.05,0.0,0.0,0.0,0,10546.0
51,5,0,0,0,0,137,1.0,1.0,0.13,0.05,0.0,255,14,0.05,0.06,0.0,1.0,1.0,0.0,1,107313.0
19,9,374,0,0,1,1,0.0,0.0,1.0,0.0,0.0,78,71,0.14,0.05,0.03,0.0,0.0,0.0,0,44650.0
44,1,0,0,0,0,136,0.0,0.0,0.15,0.06,0.0,255,18,0.07,0.07,0.0,0.0,0.0,1.0,1,77045.0
22,6,148,14600,0,1,1,1.0,1.0,1.0,0.0,0.0,36,255,1.0,0.0,0.07,0.03,0.01,0.0,0,94464.0
22,1,0,0,0,0,1,0.0,0.0,1.0,0.0,0.0,96,255,1.0,0.0,0.1,0.0,0.0,0.71,0,8322.0
44,1,0,0,0,0,297,0.0,0.0,0.04,0.06,0.0,255,13,0.05,0.06,0.0,0.0,0.0,1.0,1,61927.0
17,9,0,0,0,0,1,0.0,0.0,1.0,0.0,0.0,60,8,0.02,1.0,0.25,0.0,0.0,0.0,1,3381.0
22,9,228,6371,0,1,6,0.0,0.0,1.0,0.0,0.0,20,255,1.0,0.0,0.03,0.0,0.0,0.0,0,97800.0
14,9,1032,0,0,0,511,0.0,0.0,1.0,0.0,0.0,255,17,0.07,0.25,0.0,0.0,0.0,0.0,1,66731.0
22,9,318,1068,0,1,14,0.0,0.0,1.0,0.0,0.12,243,255,1.0,0.0,0.01,0.0,0.0,0.0,0,69321.0
22,9,208,2879,0,1,3,0.0,0.0,1.0,0.0,0.0,6,255,1.0,0.0,0.02,0.0,0.0,0.0,0,124572.0
11,9,46,136,0,0,75,0.0,0.0,1.0,0.0,0.01,255,252,0.99,0.01,0.0,0.0,0.0,0.0,0,45307.0
22,9,249,1453,0,1,16,0.0,0.0,1.0,0.0,0.0,35,255,1.0,0.0,0.02,0.0,0.0,0.0,0,76169.0
37,5,0,0,0,0,98,1.0,1.0,0.12,0.06,0.0,255,12,0.05,0.05,0.0,1.0,1.0,0.0,1,11170.0
22,9,197,1108,0,1,4,0.0,0.0,1.0,0.0,0.0,207,255,1.0,0.0,0.01,0.0,0.0,0.0,0,107441.0
22,9,143,9578,0,1,1,0.0,0.0,1.0,0.0,1.0,14,255,1.0,0.0,0.06,0.0,0.0,0.0,0,44400.0
49,9,682,334,0,1,1,0.0,0.0,1.0,0.0,0.0,47,114,0.38,0.06,0.02,0.0,0.18,0.0,0,103560.0
22,9,246,5776,0,1,13,0.0,0.0,1.0,0.0,0.0,255,255,1.0,0.0,0.0,0.0,0.0,0.0,0,12186.0
20,5,0,0,0,0,233,1.0,1.0,0.03,0.06,0.0,255,7,0.03,0.06,0.0,1.0,1.0,0.0,1,111029.0
44,5,0,0,0,0,275,1.0,1.0,0.05,0.06,0.0,255,6,0.02,0.08,0.0,1.0,1.0,0.0,1,12076.0
25,5,0,0,0,0,277,1.0,1.0,0.07,0.06,0.0,255,20,0.08,0.07,0.0,1.0,1.0,0.0,1,67128.0
19,9,4539,0,0,0,24,0.0,0.0,1.0,0.0,0.0,85,66,0.61,0.05,0.03,0.0,0.0,0.0,0,80172.0
20,5,0,0,0,0,233,1.0,1.0,0.0,0.06,0.0,255,1,0.0,0.05,0.0,1.0,1.0,0.0,1,89612.0
7,1,0,0,0,0,142,0.0,0.0,0.13,0.06,0.0,255,18,0.07,0.07,0.0,0.0,0.0,1.0,1,46931.0
49,9,1091,332,0,1,1,0.0,0.0,1.0,0.0,0.0,97,127,0.6,0.06,0.02,0.0,0.0,0.0,0,26471.0
44,5,0,0,0,0,227,1.0,1.0,0.04,0.05,0.0,255,10,0.04,0.06,0.0,1.0,1.0,0.0,1,110192.0
22,9,236,1425,0,1,4,0.0,0.0,1.0,0.0,0.0,255,255,1.0,0.0,0.0,0.0,0.0,0.0,0,61784.0
22,9,179,17784,0,1,2,0.0,0.0,1.0,0.0,0.0,255,255,1.0,0.0,0.0,0.0,0.0,0.0,0,104518.0
22,9,294,1761,0,1,21,0.0,0.0,1.0,0.0,0.09,255,255,1.0,0.0,0.0,0.0,0.0,0.0,0,107555.0
22,9,222,397,0,1,12,0.0,0.0,1.0,0.0,0.0,255,255,1.0,0.0,0.0,0.0,0.0,0.0,0,108647.0
22,9,208,770,0,1,11,0.0,0.0,1.0,0.0,0.2,255,255,1.0,0.0,0.0,0.0,0.0,0.0,0,124959.0
22,9,150,11802,0,1,1,0.0,0.0,1.0,0.0,0.0,31,255,1.0,0.0,0.04,0.0,0.0,0.0,0,12561.0
12,2,0,0,0,0,261,0.0,0.0,0.06,0.07,0.0,255,15,0.06,0.07,0.0,0.0,0.0,1.0,1,124537.0
19,5,0,0,0,0,53,1.0,1.0,0.28,0.08,0.0,255,67,0.26,0.02,0.0,1.0,1.0,0.0,1,71711.0
5,5,0,0,0,0,125,1.0,1.0,0.08,0.06,0.0,255,9,0.04,0.08,0.0,1.0,1.0,0.0,1,32231.0
26,5,0,0,0,0,126,1.0,1.0,0.17,0.06,0.0,255,22,0.09,0.05,0.0,1.0,1.0,0.0,1,15098.0
56,5,0,0,0,0,257,1.0,1.0,0.01,0.06,0.0,255,2,0.01,0.07,0.0,1.0,1.0,0.0,1,2399.0
11,9,44,44,0,0,150,0.0,0.0,1.0,0.0,0.01,255,255,1.0,0.0,0.0,0.0,0.0,0.0,0,96442.0
22,9,350,834,0,1,35,0.0,0.0,1.0,0.0,0.06,82,255,1.0,0.0,0.02,0.0,0.0,0.0,0,44542.0
22,5,0,0,0,0,57,1.0,1.0,0.35,0.07,0.0,255,67,0.26,0.02,0.0,1.0,1.0,0.0,1,108361.0
55,5,0,0,0,0,19,1.0,1.0,1.0,0.0,0.0,101,61,0.6,0.02,0.0,0.98,0.97,0.0,1,3224.0
22,9,304,9585,0,1,4,0.0,0.0,1.0,0.0,0.0,255,255,1.0,0.0,0.0,0.0,0.0,0.0,0,16493.0
49,9,1529,372,0,1,2,0.0,0.0,1.0,0.0,0.0,140,167,0.74,0.02,0.01,0.0,0.0,0.0,0,50635.0
22,5,0,0,0,0,5,1.0,1.0,1.0,0.0,0.0,255,5,0.02,0.07,0.0,1.0,1.0,0.0,1,119672.0
11,9,45,130,0,0,137,0.0,0.0,1.0,0.0,0.01,255,255,1.0,0.0,0.0,0.0,0.0,0.0,0,81958.0
22,9,214,1600,0,1,5,0.0,0.0,1.0,0.0,0.25,255,255,1.0,0.0,0.0,0.0,0.0,0.0,0,12371.0
44,9,1,0,0,0,53,0.0,0.0,0.13,0.09,0.0,255,7,0.03,0.02,0.0,0.0,0.0,0.0,1,54675.0
26,1,0,0,0,0,144,0.0,0.0,0.12,0.06,0.0,255,17,0.07,0.06,0.0,0.0,0.0,1.0,1,3167.0
29,5,0,0,0,0,163,1.0,1.0,0.03,0.08,0.0,255,5,0.02,0.07,0.0,1.0,1.0,0.0,1,60787.0
22,9,221,1183,0,1,30,0.0,0.0,1.0,0.0,0.06,89,252,1.0,0.0,0.06,0.01,0.01,0.0,0,110056.0
11,9,44,44,0,0,4,0.0,0.0,0.25,0.5,0.38,36,35,0.97,0.06,0.0,0.0,0.0,0.0,0,63370.0
44,4,1,0,0,0,2,0.0,0.0,1.0,0.0,0.0,255,2,0.01,0.5,0.0,0.0,0.0,1.0,1,83490.0
44,5,0,0,0,0,168,1.0,1.0,0.15,0.05,0.0,255,25,0.1,0.05,0.0,1.0,1.0,0.0,1,10862.0
19,5,0,0,0,0,38,1.0,1.0,0.29,0.11,0.0,255,61,0.24,0.02,0.0,1.0,1.0,0.0,1,74245.0
22,9,211,5415,0,1,11,0.0,0.0,1.0,0.0,0.0,11,255,1.0,0.0,0.04,0.0,0.0,0.0,0,77984.0
19,9,879,0,0,0,10,0.0,0.0,1.0,0.0,0.0,255,112,0.44,0.03,0.0,0.0,0.0,0.0,0,5073.0
50,5,0,0,0,0,13,1.0,1.0,0.15,0.46,0.0,255,13,0.05,0.09,0.0,1.0,1.0,0.0,1,103886.0
44,5,0,0,0,0,262,1.0,1.0,0.04,0.05,0.0,203,11,0.05,0.06,0.0,0.93,1.0,0.0,1,74430.0
44,9,105,146,0,0,1,0.0,0.0,1.0,0.0,0.0,10,6,0.6,0.2,0.0,0.0,0.0,0.0,0,99294.0
44,5,0,0,0,0,22,1.0,1.0,0.09,0.14,0.0,255,2,0.01,0.07,0.0,1.0,1.0,0.0,1,61624.0
11,9,111,44,0,0,1,0.0,0.0,1.0,0.0,0.0,27,21,0.78,0.07,0.0,0.0,0.0,0.0,0,58472.0
35,5,0,0,0,0,211,1.0,1.0,0.06,0.06,0.0,255,13,0.05,0.07,0.0,1.0,1.0,0.0,1,14419.0
49,9,1429,364,0,1,1,0.0,0.0,1.0,0.0,0.0,111,89,0.8,0.03,0.0,0.0,0.0,0.0,0,8458.0
44,1,0,0,0,0,84,0.0,0.0,0.08,0.07,0.0,255,7,0.03,0.06,0.0,0.0,0.0,1.0,1,89319.0
11,9,46,46,0,0,2,0.0,0.0,1.0,0.0,0.27,255,248,0.97,0.01,0.0,0.0,0.0,0.0,0,79624.0
22,9,248,1105,0,1,13,0.0,0.0,1.0,0.0,0.25,255,255,1.0,0.0,0.0,0.0,0.0,0.0,0,116830.0
22,9,316,1373,0,1,16,0.0,0.0,1.0,0.0,0.12,31,255,1.0,0.0,0.03,0.0,0.0,0.0,0,19248.0
11,9,22,75,0,0,2,0.0,0.0,0.5,1.0,0.0,44,42,0.95,0.05,0.0,0.0,0.0,0.0,0,94799.0
44,5,0,0,0,0,237,1.0,1.0,0.08,0.05,0.0,98,19,0.19,0.1,0.0,0.86,1.0,0.0,1,46956.0
22,9,190,1185,0,1,7,0.0,0.0,1.0,0.0,0.22,66,103,1.0,0.0,0.02,0.0,0.0,0.0,0,37243.0
22,1,0,0,0,0,1,0.0,0.0,1.0,0.0,1.0,6,255,1.0,0.0,0.12,0.0,0.0,0.78,0,7391.0
22,9,341,279,0,1,3,0.0,0.0,1.0,0.0,0.0,255,240,0.94,0.01,0.0,0.0,0.0,0.0,0,58144.0
22,9,212,4132,0,1,15,0.0,0.0,1.0,0.0,0.0,15,255,1.0,0.0,0.06,0.0,0.0,0.0,0,75163.0
49,9,1882,333,0,1,1,0.0,0.0,1.0,0.0,1.0,255,152,0.6,0.02,0.0,0.01,0.01,0.0,0,38509.0
22,9,232,1353,0,1,5,0.0,0.0,1.0,0.0,0.13,164,255,1.0,0.0,0.01,0.0,0.0,0.0,0,88068.0
13,9,8,0,0,0,1,0.0,0.0,1.0,0.0,1.0,1,69,1.0,0.0,0.51,0.0,0.0,0.0,1,39560.0
49,9,1010,387,0,1,1,0.0,0.0,1.0,0.0,0.0,255,39,0.15,0.02,0.0,0.77,0.0,0.0,0,46386.0
14,9,1480,0,1,0,2,0.0,0.0,1.0,0.0,0.5,2,151,1.0,0.0,0.1,0.0,0.0,0.0,1,88574.0
23,1,0,0,0,0,149,0.0,0.0,0.13,0.06,0.0,255,20,0.08,0.07,0.0,0.0,0.0,1.0,1,44895.0
49,9,1285,328,0,1,1,0.0,0.0,1.0,0.0,0.0,233,180,0.7,0.02,0.01,0.0,0.01,0.0,0,25197.0
22,9,271,2841,0,1,10,0.0,0.0,1.0,0.0,0.0,21,80,1.0,0.0,0.08,0.0,0.0,0.0,0,103889.0
56,2,0,0,0,0,185,0.0,0.0,0.09,0.06,0.0,255,16,0.06,0.07,0.0,0.0,0.0,1.0,1,101212.0
44,4,0,0,0,0,1,0.0,0.0,1.0,0.0,0.0,109,1,0.01,0.57,0.0,0.06,0.0,1.0,1,81554.0
44,1,0,0,0,0,147,0.0,0.0,0.12,0.05,0.0,255,8,0.03,0.06,0.0,0.0,0.0,1.0,1,81581.0
25,5,0,0,0,0,246,1.0,1.0,0.09,0.05,0.0,255,22,0.09,0.06,0.0,1.0,1.0,0.0,1,114841.0
20,1,0,0,0,0,241,0.0,0.0,0.08,0.07,0.0,255,19,0.07,0.07,0.0,0.0,0.0,1.0,1,82498.0
40,9,8325,0,0,1,15,0.07,0.0,0.07,0.13,0.0,140,1,0.01,0.05,0.0,0.02,0.0,0.0,0,111770.0
14,9,1032,0,0,0,511,0.0,0.0,1.0,0.0,0.0,255,106,0.42,0.09,0.0,0.0,0.0,0.0,1,41696.0
44,5,0,0,0,0,163,1.0,1.0,0.06,0.07,0.0,255,10,0.04,0.09,0.0,1.0,1.0,0.0,1,100237.0
30,5,0,0,0,0,104,1.0,1.0,0.19,0.05,0.0,255,20,0.08,0.05,0.0,1.0,1.0,0.0,1,91663.0
22,9,219,2063,0,1,9,0.0,0.0,1.0,0.0,0.2,94,255,1.0,0.0,0.03,0.0,0.0,0.0,0,65174.0
14,9,520,0,0,0,233,0.0,0.0,1.0,0.0,0.0,255,255,1.0,0.0,0.0,0.0,0.0,0.0,1,111838.0
44,5,0,0,0,0,97,1.0,1.0,0.09,0.07,0.0,255,5,0.02,0.06,0.0,1.0,1.0,0.0,1,71950.0
22,9,313,550,0,1,1,0.0,0.0,1.0,0.0,0.33,1,255,1.0,0.0,0.02,0.0,0.01,0.01,0,109243.0
44,5,0,0,0,0,271,1.0,1.0,0.07,0.06,0.0,255,20,0.08,0.08,0.0,1.0,1.0,0.0,1,33813.0
22,9,209,767,0,1,5,0.0,0.0,1.0,0.0,0.27,10,29,1.0,0.0,0.1,0.0,0.0,0.0,0,118962.0
22,9,303,8670,0,1,3,0.0,0.0,1.0,0.0,0.29,238,255,1.0,0.0,0.01,0.0,0.0,0.0,0,32729.0
44,1,0,0,0,0,125,0.0,0.0,0.05,0.06,0.0,255,5,0.02,0.08,0.0,0.0,0.0,1.0,1,62224.0
22,9,216,1798,0,1,3,0.0,0.0,1.0,0.0,0.0,3,255,1.0,0.0,0.04,0.0,0.0,0.0,0,21590.0
22,4,18980,4380,0,1,4,0.0,0.0,1.0,0.0,0.0,14,14,1.0,0.0,0.0,0.0,0.0,0.43,1,28510.0
49,9,967,331,0,1,1,0.0,0.0,1.0,0.0,0.0,18,208,0.94,0.11,0.01,0.0,0.0,0.0,0,12353.0
22,9,336,685,0,1,16,0.0,0.0,1.0,0.0,0.12,255,255,1.0,0.0,0.0,0.0,0.0,0.0,0,4594.0
22,9,378,1413,0,1,21,0.0,0.0,1.0,0.0,0.09,255,255,1.0,0.0,0.0,0.0,0.0,0.0,0,110090.0
58,9,84,0,0,0,4,0.0,0.0,0.25,0.5,0.0,255,13,0.05,0.01,0.0,0.0,0.0,0.0,0,31467.0
14,9,520,0,0,0,386,0.0,0.0,1.0,0.0,0.0,255,255,1.0,0.0,0.0,0.0,0.0,0.0,1,98904.0
49,9,1230,337,0,1,1,0.0,0.0,1.0,0.0,1.0,255,147,0.58,0.02,0.0,0.0,0.01,0.0,0,80523.0
11,9,45,73,0,0,283,0.0,0.0,1.0,0.0,0.0,255,209,0.82,0.01,0.0,0.0,0.0,0.0,0,78795.0
4,5,0,0,0,0,127,1.0,1.0,0.15,0.06,0.0,255,19,0.07,0.05,0.0,1.0,1.0,0.0,1,76997.0
44,5,0,0,0,0,45,1.0,1.0,0.13,0.13,0.0,255,11,0.04,0.09,0.0,1.0,1.0,0.0,1,74948.0
58,9,87,0,0,0,20,0.0,0.0,0.05,0.1,0.11,255,1,0.0,0.01,0.0,0.0,0.0,0.0,0,15063.0
22,9,245,7409,0,1,2,0.0,0.0,1.0,0.0,0.0,255,255,1.0,0.0,0.0,0.0,0.0,0.0,0,40809.0
44,9,28,0,3,0,15,0.0,0.0,1.0,0.0,0.0,87,15,0.17,0.05,0.0,0.0,0.0,0.0,1,69543.0
22,9,333,406,0,1,32,0.0,0.0,1.0,0.0,0.07,255,255,1.0,0.0,0.0,0.0,0.0,0.0,0,24594.0
56,5,0,0,0,0,291,1.0,1.0,0.08,0.05,0.0,255,22,0.09,0.05,0.0,1.0,1.0,0.0,1,39034.0
3,5,0,0,0,0,140,1.0,1.0,0.13,0.04,0.0,255,18,0.07,0.04,0.0,1.0,1.0,0.0,1,69110.0
49,9,3940,323,0,1,1,0.0,0.0,1.0,0.0,0.0,159,56,0.35,0.04,0.0,0.01,0.0,0.0,0,34213.0
44,1,0,0,0,0,240,0.09,0.0,0.0,1.0,0.0,255,1,0.0,0.95,0.0,0.08,0.0,1.0,1,59001.0
19,9,334,0,0,1,2,0.0,0.0,1.0,0.0,0.0,4,30,1.0,0.0,0.2,0.0,0.0,0.0,1,12985.0
18,5,0,0,0,0,269,1.0,1.0,0.03,0.06,0.0,255,14,0.05,0.08,0.0,1.0,1.0,0.0,1,83582.0
40,9,146,105,0,0,1,0.0,0.0,1.0,0.0,0.0,255,1,0.0,0.64,0.0,0.0,0.0,0.0,0,121641.0
22,9,229,1901,0,1,8,0.0,0.0,1.0,0.0,0.0,8,255,1.0,0.0,0.04,0.0,0.0,0.0,0,1746.0
49,9,592,404,0,1,1,0.0,0.0,1.0,0.0,0.0,5,148,0.6,0.4,0.01,0.0,0.0,0.0,0,59588.0
44,5,0,0,0,0,84,1.0,1.0,0.07,0.06,0.0,255,5,0.02,0.07,0.0,1.0,1.0,0.0,1,111503.0
19,9,192,0,0,1,2,0.0,0.0,1.0,0.0,0.0,12,20,0.33,0.25,0.15,0.0,0.0,0.0,0,87432.0
12,2,0,0,0,0,120,0.0,0.0,0.03,0.08,0.0,255,3,0.01,0.08,0.0,0.0,0.0,1.0,1,83429.0
22,9,232,308,0,1,11,0.0,0.0,1.0,0.0,0.0,255,255,1.0,0.0,0.0,0.0,0.0,0.0,0,99273.0
22,9,295,14496,0,1,1,0.0,0.0,1.0,0.0,0.0,73,255,1.0,0.0,0.03,0.0,0.0,0.0,0,117880.0
11,9,36,0,0,0,10,0.0,0.0,1.0,0.0,0.0,49,113,1.0,0.0,0.02,0.0,0.0,0.0,0,59178.0
9,5,0,0,0,0,136,1.0,1.0,0.11,0.04,0.0,255,6,0.02,0.06,0.0,1.0,1.0,0.0,1,57717.0
19,6,10220,0,0,1,6,0.17,0.5,0.5,0.67,0.5,78,59,0.19,0.08,0.03,0.03,0.07,0.0,0,69105.0
19,9,245,0,0,1,2,0.0,0.0,1.0,0.0,0.0,67,6,0.03,0.07,0.33,0.0,0.0,0.0,0,97917.0
15,1,0,0,0,0,130,0.0,0.0,0.1,0.06,0.0,255,13,0.05,0.06,0.0,0.0,0.0,1.0,1,82184.0
13,9,8,0,0,0,1,0.0,0.0,1.0,0.0,1.0,1,181,1.0,0.0,0.5,0.0,0.0,0.0,1,62030.0
44,5,0,0,0,0,27,1.0,1.0,0.22,0.22,0.0,255,6,0.02,0.08,0.0,1.0,1.0,0.0,1,1783.0
44,5,0,0,0,0,107,0.99,1.0,0.07,0.07,0.0,255,15,0.06,0.07,0.0,1.0,1.0,0.0,1,66112.0
49,9,647,278,0,1,1,0.0,0.0,1.0,0.0,0.0,255,32,0.13,0.49,0.0,0.0,0.0,0.0,0,99371.0
22,9,217,350,0,1,13,0.0,0.0,1.0,0.0,0.0,255,255,1.0,0.0,0.0,0.0,0.0,0.0,0,93259.0
22,1,0,0,0,0,1,0.0,0.0,1.0,0.0,0.0,4,255,1.0,0.0,0.09,0.0,0.0,0.74,0,60249.0
19,9,4753,0,0,0,18,0.0,0.0,1.0,0.0,0.0,255,24,0.09,0.07,0.0,0.84,0.0,0.0,0,109430.0
49,9,1327,328,0,1,1,0.0,0.0,1.0,0.0,1.0,167,133,0.51,0.02,0.02,0.0,0.02,0.0,0,80103.0
22,9,368,11342,0,1,1,0.0,0.0,1.0,0.0,0.0,2,255,1.0,0.0,0.05,0.0,0.0,0.0,0,116890.0
22,5,0,0,0,0,111,1.0,1.0,0.02,0.06,0.0,255,16,0.06,0.07,0.0,1.0,1.0,0.0,1,2557.0
22,9,350,6959,0,1,26,0.0,0.0,1.0,0.0,0.0,255,255,1.0,0.0,0.0,0.0,0.0,0.0,0,119389.0
22,1,0,0,0,0,1,0.0,0.0,1.0,0.0,0.0,5,163,1.0,0.0,0.04,0.0,0.0,1.0,0,23843.0
19,9,2194619,0,0,1,3,0.0,0.0,0.67,0.67,0.0,241,102,0.41,0.02,0.02,0.0,0.0,0.0,0,23924.0
33,5,0,0,0,0,108,1.0,1.0,0.19,0.05,0.0,255,20,0.08,0.05,0.0,1.0,1.0,0.0,1,107369.0
14,9,1032,0,0,0,510,0.0,0.0,1.0,0.0,0.0,255,249,0.98,0.01,0.0,0.0,0.0,0.0,1,17631.0
56,2,0,0,0,0,300,0.0,0.0,0.07,0.06,0.0,255,20,0.08,0.06,0.0,0.0,0.0,1.0,1,109942.0
19,9,383,0,0,0,2,0.0,0.0,1.0,0.0,0.0,255,117,0.46,0.01,0.0,0.0,0.01,0.0,0,19977.0
40,9,516,4,0,0,221,0.0,0.0,1.0,0.0,0.0,221,221,1.0,0.0,0.0,0.0,0.0,0.0,0,112975.0
44,9,28,0,3,0,30,0.0,0.0,1.0,0.0,0.0,255,97,0.38,0.01,0.0,0.0,0.0,0.0,1,31488.0
15,5,0,0,0,0,140,1.0,1.0,0.08,0.06,0.0,255,11,0.04,0.06,0.0,1.0,1.0,0.0,1,124710.0
22,9,181,10333,0,1,5,0.0,0.0,1.0,0.0,0.0,153,255,1.0,0.0,0.03,0.01,0.01,0.0,0,86926.0
22,9,344,1451,0,1,10,0.0,0.0,1.0,0.0,0.0,255,255,1.0,0.0,0.0,0.0,0.0,0.02,0,3325.0
12,2,0,0,0,0,191,0.0,0.0,0.01,0.07,0.0,255,2,0.01,0.07,0.0,0.0,0.0,1.0,1,39755.0
44,5,0,0,0,0,211,1.0,1.0,0.0,0.07,0.0,255,3,0.01,0.08,0.0,1.0,1.0,0.0,1,19975.0
17,5,0,0,0,0,265,1.0,1.0,0.07,0.06,0.0,255,18,0.07,0.08,0.0,1.0,1.0,0.0,1,1720.0
18,9,289,903,0,1,1,0.0,0.0,1.0,0.0,0.0,255,51,0.2,0.02,0.0,0.0,0.0,0.12,0,107703.0
40,9,147,105,0,0,1,0.0,0.0,1.0,0.0,0.0,255,1,0.0,0.88,0.0,0.0,0.0,0.0,0,87786.0
44,4,1,0,0,0,2,0.0,0.0,1.0,0.0,0.0,255,2,0.01,0.74,0.0,0.0,0.0,1.0,1,53550.0
22,9,319,879,0,1,13,0.0,0.0,1.0,0.0,0.0,35,255,1.0,0.0,0.04,0.0,0.0,0.0,0,12852.0
19,9,12,0,0,1,1,0.0,0.0,1.0,0.0,0.0,111,79,0.24,0.03,0.03,0.0,0.0,0.0,0,101860.0
22,9,248,1667,0,1,3,0.0,0.0,1.0,0.0,0.17,255,255,1.0,0.0,0.0,0.0,0.0,0.0,0,91664.0
23,5,0,0,0,0,238,1.0,1.0,0.02,0.06,0.0,255,5,0.02,0.07,0.0,1.0,1.0,0.0,1,24229.0
40,9,40,28,0,0,2,0.0,0.0,0.5,1.0,0.0,118,1,0.01,0.12,0.0,0.0,0.0,0.0,0,99630.0
22,9,211,472,0,1,9,0.0,0.0,1.0,0.0,0.2,24,255,1.0,0.0,0.06,0.0,0.0,0.01,0,113659.0
40,9,145,105,0,0,1,0.0,0.0,1.0,0.0,0.0,255,3,0.01,0.76,0.0,0.0,0.0,0.0,0,72831.0
14,9,1032,0,0,0,511,0.0,0.0,1.0,0.0,0.0,255,194,0.76,0.02,0.0,0.0,0.0,0.0,1,4964.0
35,5,0,0,0,0,296,1.0,1.0,0.06,0.05,0.0,255,11,0.04,0.06,0.0,1.0,1.0,0.0,1,60185.0
13,9,8,0,0,0,1,0.0,0.0,1.0,0.0,1.0,4,192,1.0,0.0,0.25,0.0,0.0,0.0,1,27674.0
22,9,295,2649,0,1,17,0.0,0.0,1.0,0.0,0.0,255,255,1.0,0.0,0.0,0.0,0.0,0.0,0,16578.0
40,9,6062,0,0,1,3,0.0,0.0,0.33,1.0,0.0,63,1,0.02,0.3,0.0,0.0,0.0,0.0,0,61573.0
9,5,0,0,0,0,236,1.0,1.0,0.03,0.06,0.0,255,6,0.02,0.09,0.0,1.0,1.0,0.0,1,30126.0
22,9,251,333,0,1,6,0.0,0.0,1.0,0.0,0.0,73,255,1.0,0.0,0.05,0.0,0.0,0.02,0,15312.0
22,9,234,9598,0,1,11,0.0,0.0,1.0,0.0,0.0,68,255,1.0,0.0,0.01,0.0,0.0,0.0,0,102688.0
49,9,775,338,0,1,1,0.0,0.0,1.0,0.0,1.0,168,175,0.62,0.03,0.01,0.0,0.0,0.0,0,14311.0
11,9,44,44,0,0,102,0.0,0.0,1.0,0.0,0.02,255,255,1.0,0.0,0.0,0.0,0.0,0.0,0,112887.0
22,9,219,442,0,1,7,0.0,0.0,1.0,0.0,0.0,11,255,1.0,0.0,0.04,0.0,0.0,0.0,0,25125.0
4,5,0,0,0,0,257,1.0,1.0,0.02,0.06,0.0,255,5,0.02,0.07,0.0,1.0,1.0,0.0,1,42162.0
22,9,222,6843,0,1,1,0.0,0.0,1.0,0.0,0.0,12,255,1.0,0.0,0.02,0.0,0.0,0.0,0,33522.0
28,5,0,0,0,0,114,1.0,1.0,0.1,0.07,0.0,255,11,0.04,0.07,0.0,1.0,1.0,0.0,1,16468.0
13,9,8,0,0,0,1,0.0,0.0,1.0,0.0,1.0,2,56,1.0,0.0,0.5,0.0,0.0,0.0,1,15313.0
44,5,0,0,0,0,35,1.0,1.0,0.11,0.17,0.0,255,9,0.04,0.08,0.0,1.0,1.0,0.0,1,104651.0
22,6,322,10220,0,1,5,0.2,0.2,1.0,0.0,0.0,255,255,1.0,0.0,0.0,0.0,0.0,0.0,0,22665.0
11,9,45,45,0,0,176,0.0,0.0,0.99,0.01,0.0,255,254,1.0,0.01,0.0,0.0,0.0,0.0,0,112832.0
22,9,293,5657,0,1,7,0.0,0.0,1.0,0.0,0.0,9,255,1.0,0.0,0.02,0.0,0.0,0.0,0,62484.0
18,9,885,2586,0,1,1,0.0,0.0,1.0,0.0,0.0,255,49,0.19,0.02,0.0,0.0,0.0,0.0,0,19993.0
22,1,0,0,0,0,1,0.0,0.0,1.0,0.0,0.0,21,177,1.0,0.0,0.16,0.0,0.0,1.0,0,99014.0
44,5,0,0,0,0,241,1.0,1.0,0.03,0.06,0.0,255,15,0.06,0.06,0.0,1.0,1.0,0.0,1,95265.0
55,5,0,0,0,0,56,1.0,1.0,0.25,0.07,0.0,255,40,0.16,0.05,0.0,1.0,1.0,0.0,1,125829.0
11,9,45,71,0,0,214,0.0,0.0,1.0,0.0,0.0,255,255,1.0,0.0,0.0,0.0,0.0,0.0,0,81756.0
22,9,267,5722,0,1,1,0.0,0.0,1.0,0.0,0.0,26,255,1.0,0.0,0.01,0.0,0.0,0.0,0,64130.0
22,5,0,0,0,0,40,1.0,1.0,0.32,0.08,0.0,255,63,0.25,0.02,0.0,1.0,1.0,0.0,1,73453.0
44,9,1,0,0,0,18,0.0,0.0,0.56,0.22,0.0,255,10,0.04,0.22,0.0,0.0,0.0,0.0,1,65834.0
22,9,344,421,0,1,21,0.0,0.0,1.0,0.0,0.19,255,255,1.0,0.0,0.0,0.0,0.0,0.0,0,36574.0
15,5,0,0,0,0,143,1.0,1.0,0.13,0.06,0.0,255,4,0.02,0.07,0.0,1.0,1.0,0.0,1,3282.0
22,9,285,5200,0,1,9,0.0,0.0,1.0,0.0,0.0,157,255,1.0,0.0,0.01,0.0,0.0,0.01,0,68743.0
22,5,0,0,0,0,47,1.0,1.0,0.28,0.09,0.0,127,33,0.26,0.03,0.0,1.0,1.0,0.0,1,7818.0
22,9,233,2538,0,1,14,0.0,0.0,1.0,0.0,0.0,49,255,1.0,0.0,0.03,0.0,0.0,0.0,0,89227.0
44,5,0,0,0,0,46,1.0,1.0,0.37,0.09,0.0,196,16,0.08,0.07,0.0,1.0,1.0,0.0,1,24211.0
44,9,105,147,0,0,3,0.0,0.0,0.33,1.0,0.0,255,245,0.96,0.01,0.0,0.0,0.0,0.0,0,13757.0
22,9,216,253,0,1,9,0.0,0.0,1.0,0.0,0.0,75,255,1.0,0.0,0.05,0.0,0.0,0.0,0,106741.0
19,9,2194619,0,0,1,3,0.0,0.0,0.67,0.67,0.0,64,48,0.75,0.06,0.0,0.0,0.0,0.0,0,88379.0
44,5,0,0,0,0,283,1.0,1.0,0.05,0.06,0.0,255,3,0.01,0.08,0.0,1.0,1.0,0.0,1,89305.0
44,5,0,0,0,0,130,1.0,1.0,0.12,0.05,0.0,255,16,0.06,0.04,0.0,1.0,1.0,0.0,1,37921.0
12,2,0,0,0,0,200,0.0,0.0,0.03,0.07,0.0,255,6,0.02,0.07,0.0,0.0,0.0,1.0,1,98658.0
22,9,232,20626,0,1,8,0.0,0.0,1.0,0.0,0.0,17,255,1.0,0.0,0.01,0.0,0.0,0.0,0,27140.0
44,9,28,0,3,0,59,0.0,0.0,1.0,0.0,0.0,255,59,0.23,0.64,0.0,0.01,0.0,0.0,1,95747.0
28,1,0,0,0,0,145,0.0,0.0,0.13,0.06,0.0,255,19,0.07,0.06,0.0,0.0,0.0,1.0,1,23312.0
11,9,112,45,0,0,4,0.0,0.0,1.0,0.0,0.0,108,83,0.77,0.02,0.0,0.0,0.0,0.0,0,5447.0
13,9,8,0,0,0,1,0.0,0.0,1.0,0.0,1.0,2,104,1.0,0.0,0.5,0.0,0.0,0.0,1,87508.0
22,5,0,0,0,0,9,1.0,1.0,0.67,0.44,0.0,255,67,0.26,0.02,0.0,1.0,1.0,0.0,1,98307.0
13,9,8,0,0,0,1,0.0,0.0,1.0,0.0,1.0,1,95,1.0,0.0,0.51,0.0,0.0,0.0,1,19646.0
13,9,8,0,0,0,1,0.0,0.0,1.0,0.0,1.0,1,53,1.0,0.0,0.51,0.0,0.0,0.0,1,112742.0
22,9,196,288,0,1,3,0.0,0.0,1.0,0.0,0.0,27,255,1.0,0.0,0.04,0.0,0.0,0.0,0,63390.0
22,9,238,1587,0,1,5,0.0,0.0,1.0,0.0,0.0,196,255,1.0,0.0,0.01,0.0,0.0,0.01,0,49080.0
13,9,8,0,0,0,1,0.0,0.0,1.0,0.0,1.0,2,98,1.0,0.0,0.26,0.0,0.0,0.0,1,124958.0
16,2,0,0,0,0,138,0.0,0.0,0.09,0.06,0.0,255,13,0.05,0.05,0.0,0.0,0.0,1.0,1,5896.0
22,9,192,2065,0,1,8,0.0,0.0,1.0,0.0,0.18,202,255,1.0,0.0,0.02,0.0,0.0,0.0,0,122116.0
18,9,1287,2453,0,1,1,0.0,0.0,1.0,0.0,0.0,255,65,0.25,0.02,0.0,0.0,0.0,0.0,1,105358.0
22,9,221,1380,0,1,24,0.0,0.0,1.0,0.0,0.08,255,255,1.0,0.0,0.0,0.0,0.0,0.0,0,59334.0
2,5,0,0,0,0,105,1.0,1.0,0.02,0.07,0.0,255,5,0.02,0.07,0.0,1.0,1.0,0.0,1,14507.0
22,9,197,14102,0,1,6,0.0,0.0,1.0,0.0,0.2,16,255,1.0,0.0,0.04,0.0,0.0,0.0,0,27121.0
22,9,190,3018,0,1,9,0.0,0.0,1.0,0.0,0.0,42,255,1.0,0.0,0.05,0.0,0.0,0.0,0,50741.0
44,5,0,0,0,0,207,1.0,1.0,0.1,0.06,0.0,255,20,0.08,0.08,0.0,1.0,1.0,0.0,1,84186.0
44,5,0,0,0,0,35,1.0,1.0,0.46,0.11,0.0,255,16,0.06,0.08,0.0,1.0,1.0,0.0,1,453.0
44,5,0,0,0,0,248,1.0,1.0,0.07,0.05,0.0,255,6,0.02,0.07,0.0,1.0,1.0,0.0,1,92337.0
13,9,8,0,0,0,1,0.0,0.0,1.0,0.0,1.0,2,38,1.0,0.0,0.5,0.0,0.0,0.0,1,79113.0
13,9,30,0,0,0,4,0.0,0.0,0.25,0.5,0.0,255,28,0.11,0.01,0.0,0.0,0.0,0.0,0,86561.0
49,9,60814,387,0,1,1,0.0,0.0,1.0,0.0,1.0,255,36,0.14,0.75,0.0,0.74,0.0,0.0,0,22873.0
40,9,146,105,0,0,2,0.0,0.0,0.5,1.0,0.0,255,3,0.01,0.52,0.0,0.0,0.0,0.0,0,16465.0
44,5,0,0,0,0,224,1.0,1.0,0.03,0.05,0.0,255,7,0.03,0.06,0.0,1.0,1.0,0.0,1,10067.0
11,9,45,135,0,0,65,0.0,0.0,1.0,0.0,0.01,255,254,1.0,0.01,0.0,0.0,0.0,0.0,0,3242.0
4,5,0,0,0,0,98,1.0,1.0,0.18,0.06,0.0,255,10,0.04,0.06,0.0,1.0,1.0,0.0,1,106297.0
13,9,8,0,0,0,1,0.0,0.0,1.0,0.0,1.0,2,192,1.0,0.0,0.5,0.0,0.0,0.0,1,18740.0
53,5,0,0,0,0,228,1.0,1.0,0.03,0.05,0.0,255,7,0.03,0.06,0.0,1.0,1.0,0.0,1,40280.0
25,1,0,0,0,0,176,0.0,0.0,0.06,0.07,0.0,255,10,0.04,0.07,0.0,0.0,0.0,1.0,1,16170.0
22,9,217,11403,0,1,1,0.0,0.0,1.0,0.0,0.0,103,255,1.0,0.0,0.02,0.0,0.0,0.0,0,76128.0
22,9,344,294,0,1,5,0.0,0.0,1.0,0.0,0.0,255,255,1.0,0.0,0.0,0.0,0.0,0.0,0,111569.0
38,5,0,0,0,0,11,1.0,1.0,0.36,0.45,0.0,255,4,0.02,0.08,0.0,1.0,1.0,0.0,1,111134.0
60,5,0,0,0,0,276,1.0,1.0,0.05,0.06,0.0,255,2,0.01,0.08,0.0,1.0,1.0,0.0,1,85988.0
22,9,262,19886,0,1,1,0.0,0.0,1.0,0.0,0.0,46,255,1.0,0.0,0.04,0.0,0.0,0.0,0,95470.0
44,1,0,0,0,0,2,0.0,0.0,0.5,1.0,0.0,255,1,0.0,0.92,0.0,0.0,0.0,1.0,1,83124.0
19,9,54689,0,0,1,1,0.0,0.0,1.0,0.0,0.0,182,52,0.29,0.03,0.0,0.0,0.0,0.0,0,57569.0
22,9,318,2698,0,1,24,0.0,0.0,1.0,0.0,0.0,255,253,0.99,0.01,0.0,0.0,0.0,0.0,0,107762.0
11,9,46,75,0,0,135,0.0,0.0,1.0,0.0,0.0,255,224,0.88,0.01,0.0,0.0,0.0,0.0,0,74379.0
22,9,239,620,0,1,26,0.0,0.0,1.0,0.0,0.06,93,255,1.0,0.0,0.05,0.0,0.0,0.0,0,52849.0
13,9,8,0,0,0,1,0.0,0.0,1.0,0.0,1.0,2,41,1.0,0.0,0.51,0.0,0.0,0.0,1,98700.0
19,9,4892,0,0,1,1,0.0,0.0,1.0,0.0,0.0,26,92,0.42,0.08,0.03,0.0,0.0,0.0,0,28359.0
44,5,0,0,0,0,291,1.0,1.0,0.02,0.05,0.0,255,8,0.03,0.09,0.0,1.0,1.0,0.0,1,45253.0
22,9,289,1001,0,1,4,0.0,0.0,1.0,0.0,0.0,255,255,1.0,0.0,0.0,0.0,0.0,0.0,0,65031.0
33,4,1,0,0,0,2,0.0,0.0,1.0,0.0,0.0,255,2,0.01,0.5,0.0,0.0,0.0,1.0,1,57908.0
22,9,251,13356,0,1,12,0.0,0.0,1.0,0.0,0.2,255,255,1.0,0.0,0.0,0.0,0.0,0.0,0,66233.0
11,9,46,129,0,0,73,0.0,0.0,1.0,0.0,0.01,255,254,1.0,0.01,0.0,0.0,0.0,0.0,0,21964.0
17,9,7,175,0,0,1,0.0,0.0,1.0,0.0,0.0,255,6,0.02,0.02,0.0,0.0,0.0,0.0,0,70955.0
19,9,245,0,0,0,2,0.0,0.0,1.0,0.0,0.0,2,67,1.0,0.0,0.03,0.0,0.0,0.0,1,37168.0
62,5,0,0,0,0,227,1.0,1.0,0.02,0.07,0.0,255,4,0.02,0.07,0.0,1.0,1.0,0.0,1,72605.0
11,9,29,82,0,0,1,0.0,0.0,1.0,0.0,0.0,21,224,0.86,0.1,0.01,0.0,0.0,0.0,0,29088.0
22,9,225,495,0,1,34,0.0,0.0,1.0,0.0,0.06,255,255,1.0,0.0,0.0,0.0,0.0,0.0,0,121234.0
40,4,1,0,0,0,2,0.0,0.0,1.0,0.0,0.0,255,2,0.01,0.68,0.0,0.0,0.0,1.0,1,101604.0
44,5,0,0,0,0,122,1.0,1.0,0.09,0.06,0.0,173,1,0.01,0.1,0.0,1.0,1.0,0.0,1,5130.0
19,9,10073,0,0,1,4,0.0,0.0,1.0,0.0,0.0,78,112,0.76,0.03,0.03,0.0,0.0,0.0,0,75579.0
22,5,0,0,0,0,288,1.0,1.0,0.03,0.06,0.0,255,6,0.02,0.07,0.0,1.0,1.0,0.0,1,110269.0
40,4,1,0,0,0,2,0.0,0.0,1.0,0.0,0.0,255,2,0.01,0.67,0.0,0.0,0.0,1.0,1,23922.0
44,5,0,0,0,0,243,1.0,1.0,0.05,0.06,0.0,255,12,0.05,0.05,0.0,1.0,1.0,0.0,1,80278.0
22,9,336,668,0,1,18,0.0,0.0,1.0,0.0,0.0,255,255,1.0,0.0,0.0,0.0,0.0,0.0,0,44093.0
22,9,306,560,0,1,19,0.0,0.0,1.0,0.0,0.0,38,255,1.0,0.0,0.04,0.0,0.0,0.0,0,32996.0
22,9,196,22792,0,1,4,0.0,0.0,1.0,0.0,0.0,239,255,1.0,0.0,0.02,0.01,0.01,0.0,0,5392.0
7,5,0,0,0,0,220,1.0,1.0,0.08,0.06,0.0,255,18,0.07,0.07,0.0,1.0,1.0,0.0,1,83862.0
22,9,4666,4926,0,1,15,0.0,0.0,1.0,0.0,0.0,17,255,1.0,0.0,0.06,0.0,0.0,0.0,0,98040.0
22,9,235,774,0,1,2,0.0,0.0,1.0,0.0,0.0,255,255,1.0,0.0,0.0,0.0,0.0,0.0,0,117125.0
22,9,272,822,0,1,2,0.0,0.0,1.0,0.0,0.0,6,255,1.0,0.0,0.06,0.0,0.0,0.0,0,22677.0
22,9,285,412,0,1,5,0.0,0.0,1.0,0.0,0.0,165,255,1.0,0.0,0.02,0.0,0.0,0.0,0,100089.0
9,5,0,0,0,0,288,1.0,1.0,0.06,0.06,0.0,255,8,0.03,0.08,0.0,1.0,1.0,0.0,1,104437.0
18,2,0,0,0,0,247,0.0,0.0,0.06,0.06,0.0,255,15,0.06,0.08,0.0,0.0,0.0,1.0,1,103162.0
4,5,0,0,0,0,130,1.0,1.0,0.06,0.07,0.0,255,7,0.03,0.07,0.0,1.0,1.0,0.0,1,107126.0
44,5,0,0,0,0,193,1.0,1.0,0.13,0.05,0.0,255,25,0.1,0.05,0.0,1.0,1.0,0.0,1,71464.0
49,9,1245,327,0,1,1,0.0,0.0,1.0,0.0,1.0,27,134,0.56,0.15,0.01,0.0,0.01,0.0,0,121714.0
11,9,45,75,0,0,310,0.0,0.0,1.0,0.0,0.0,255,219,0.86,0.01,0.0,0.0,0.0,0.0,0,12105.0
22,9,246,285,0,1,10,0.0,0.0,1.0,0.0,0.0,255,255,1.0,0.0,0.0,0.0,0.0,0.0,0,116887.0
2,5,0,0,0,0,248,1.0,1.0,0.05,0.05,0.0,255,12,0.05,0.06,0.0,1.0,1.0,0.0,1,115268.0
27,5,0,0,0,0,138,1.0,1.0,0.04,0.06,0.0,255,6,0.02,0.06,0.0,1.0,1.0,0.0,1,123661.0
40,1,0,0,0,0,509,0.16,0.0,0.0,1.0,0.0,255,1,0.0,1.0,0.0,0.03,0.0,1.0,1,33083.0
44,1,0,0,0,0,313,0.0,0.0,0.0,0.5,0.0,255,1,0.0,0.51,0.0,0.0,0.0,1.0,1,15548.0
4,5,0,0,0,0,223,1.0,1.0,0.02,0.06,0.0,255,17,0.07,0.06,0.0,1.0,1.0,0.0,1,110798.0
40,9,146,105,0,0,5,0.0,0.0,0.2,0.6,0.0,255,1,0.0,0.68,0.0,0.0,0.0,0.0,0,82387.0
22,9,297,16319,0,1,12,0.0,0.0,1.0,0.0,0.0,232,255,1.0,0.0,0.01,0.0,0.0,0.0,0,67604.0
22,9,187,1364,0,1,8,0.0,0.0,1.0,0.0,0.18,46,255,1.0,0.0,0.04,0.0,0.0,0.0,0,7809.0
44,1,0,0,0,0,200,0.0,0.0,0.01,0.06,0.0,255,3,0.01,0.07,0.0,0.0,0.0,1.0,1,72810.0
44,5,0,0,0,0,119,1.0,1.0,0.12,0.07,0.0,21,14,0.67,0.14,0.0,1.0,1.0,0.0,1,91686.0
44,5,0,0,0,0,243,1.0,1.0,0.02,0.06,0.0,255,4,0.02,0.07,0.0,1.0,1.0,0.0,1,8295.0
22,9,296,3616,0,1,6,0.0,0.12,1.0,0.0,0.25,58,255,1.0,0.0,0.04,0.0,0.0,0.0,0,113095.0
22,9,235,1850,0,1,13,0.0,0.0,1.0,0.0,0.0,71,255,1.0,0.0,0.04,0.0,0.0,0.0,0,27094.0
44,5,0,0,0,0,204,1.0,1.0,0.11,0.05,0.0,255,22,0.09,0.05,0.0,1.0,1.0,0.0,1,59112.0
44,4,0,0,0,0,359,0.0,0.0,0.01,0.52,0.0,255,2,0.01,0.52,0.0,0.0,0.0,1.0,1,55780.0
6,5,0,0,0,0,208,1.0,1.0,0.0,0.07,0.0,255,1,0.0,0.07,0.0,1.0,1.0,0.0,1,83263.0
19,9,245,0,0,1,1,0.0,0.0,1.0,0.0,1.0,206,2,0.01,0.53,0.0,0.0,0.0,0.0,0,74002.0
22,9,306,1337,0,1,2,0.0,0.0,1.0,0.0,0.0,171,255,1.0,0.0,0.01,0.0,0.0,0.0,0,62987.0
22,9,287,5480,0,1,9,0.0,0.0,1.0,0.0,0.0,163,255,1.0,0.0,0.02,0.0,0.0,0.0,0,74158.0
44,2,0,0,0,0,122,0.0,0.0,0.14,0.07,0.0,255,17,0.07,0.06,0.0,0.0,0.0,1.0,1,108748.0
22,9,196,285,0,1,12,0.0,0.0,1.0,0.0,0.0,255,255,1.0,0.0,0.0,0.0,0.0,0.0,0,55916.0
19,9,2056,0,0,1,8,0.0,0.0,0.88,0.25,0.0,232,98,0.42,0.01,0.0,0.0,0.0,0.0,0,107151.0
60,5,0,0,0,0,277,1.0,1.0,0.07,0.05,0.0,255,19,0.07,0.05,0.0,1.0,1.0,0.0,1,29122.0
31,5,0,0,0,0,291,1.0,1.0,0.08,0.05,0.0,255,24,0.09,0.05,0.0,1.0,1.0,0.0,1,118398.0
22,9,217,712,0,1,9,0.0,0.0,1.0,0.0,0.0,255,255,1.0,0.0,0.0,0.0,0.0,0.0,0,67341.0
19,5,0,0,0,0,280,1.0,1.0,0.04,0.05,0.0,255,11,0.04,0.05,0.0,1.0,1.0,0.0,1,54541.0
22,9,237,4580,0,1,13,0.0,0.0,1.0,0.0,0.1,189,255,1.0,0.0,0.02,0.0,0.0,0.0,0,41571.0
22,9,175,1000,0,1,13,0.0,0.0,1.0,0.0,0.2,28,255,1.0,0.0,0.04,0.0,0.0,0.01,0,103620.0
44,5,0,0,0,0,286,1.0,1.0,0.05,0.06,0.0,255,5,0.02,0.07,0.0,1.0,1.0,0.0,1,31519.0
44,9,105,145,0,0,1,0.0,0.0,1.0,0.0,0.0,21,13,0.62,0.14,0.0,0.0,0.0,0.0,0,5212.0
44,1,0,0,0,0,1,0.0,0.0,1.0,0.0,0.0,255,1,0.0,0.88,0.0,0.0,0.0,1.0,1,113212.0
14,9,520,0,0,0,124,0.0,0.0,1.0,0.0,0.0,255,255,1.0,0.0,0.0,0.0,0.0,0.0,1,84567.0
22,9,289,16978,0,1,7,0.0,0.0,1.0,0.0,0.0,57,255,1.0,0.0,0.02,0.0,0.0,0.0,0,21369.0
40,9,147,105,0,0,1,0.0,0.0,1.0,0.0,0.0,255,2,0.01,0.6,0.0,0.0,0.0,0.0,0,122484.0
22,9,295,1158,0,1,9,0.0,0.0,1.0,0.0,0.18,97,255,1.0,0.0,0.05,0.0,0.0,0.0,0,91871.0
10,5,0,0,0,0,238,1.0,1.0,0.02,0.07,0.0,255,4,0.02,0.07,0.0,1.0,1.0,0.0,1,56920.0
18,5,0,0,0,0,234,1.0,1.0,0.04,0.06,0.0,255,9,0.04,0.07,0.0,1.0,1.0,0.0,1,117400.0
44,5,0,0,0,0,182,1.0,1.0,0.02,0.06,0.0,255,16,0.06,0.07,0.0,1.0,1.0,0.0,1,62920.0
58,9,63,0,0,0,6,0.0,0.0,0.33,0.33,0.0,255,24,0.09,0.01,0.0,0.0,0.0,0.0,0,10660.0
40,1,0,0,0,0,499,0.07,0.0,0.0,1.0,0.0,255,1,0.0,1.0,0.0,0.04,0.0,1.0,1,103698.0
44,1,0,0,0,0,194,0.0,0.0,0.04,0.06,0.0,255,8,0.03,0.07,0.0,0.0,0.0,1.0,1,87022.0
49,9,1360,283,0,1,1,0.0,0.0,1.0,0.0,0.0,14,35,0.14,0.14,0.06,0.07,0.0,0.0,0,56274.0
49,9,1189,331,0,1,1,0.0,0.0,1.0,0.0,0.0,255,2,0.01,0.91,0.0,0.0,0.0,0.0,0,43112.0
24,1,0,0,0,0,256,0.0,0.0,0.03,0.07,0.0,255,7,0.03,0.07,0.0,0.0,0.0,1.0,1,44152.0
40,1,0,0,0,0,510,0.18,0.0,0.0,1.0,0.0,255,1,0.0,1.0,0.0,0.19,0.0,1.0,1,26623.0
22,9,257,5998,0,1,9,0.0,0.0,1.0,0.0,0.0,255,255,1.0,0.0,0.0,0.0,0.0,0.0,0,80902.0
19,5,0,0,0,0,18,1.0,1.0,1.0,0.0,0.0,255,63,0.25,0.02,0.0,1.0,1.0,0.0,1,82131.0
14,9,1032,0,0,0,511,0.0,0.0,1.0,0.0,0.0,255,190,0.75,0.15,0.0,0.0,0.0,0.0,1,24781.0
13,9,8,0,0,0,1,0.0,0.0,1.0,0.0,1.0,3,95,1.0,0.0,0.25,0.0,0.0,0.0,1,12541.0
44,1,0,0,0,0,104,0.0,0.0,0.01,0.08,0.0,255,1,0.0,0.1,0.0,0.0,0.0,1.0,1,115463.0
44,5,0,0,0,0,113,1.0,1.0,0.12,0.05,0.0,90,5,0.06,0.12,0.0,1.0,1.0,0.0,1,102560.0
22,9,321,182,0,1,21,0.0,0.0,1.0,0.0,0.0,255,255,1.0,0.0,0.0,0.0,0.0,0.0,0,103139.0
44,4,0,0,0,0,1,0.0,0.0,1.0,0.0,0.0,114,1,0.01,0.18,0.0,0.0,0.0,1.0,1,76707.0
22,9,340,1240,0,1,9,0.0,0.0,1.0,0.0,0.0,157,255,1.0,0.0,0.02,0.0,0.0,0.0,0,50023.0
22,9,242,7892,0,1,14,0.0,0.0,1.0,0.0,0.13,134,255,1.0,0.0,0.02,0.0,0.0,0.0,0,49169.0
29,5,0,0,0,0,252,1.0,1.0,0.01,0.07,0.0,255,3,0.01,0.08,0.0,1.0,1.0,0.0,1,69783.0
22,1,0,0,0,0,1,0.0,0.0,1.0,0.0,0.0,71,255,1.0,0.0,0.1,0.0,0.0,0.91,0,52871.0
49,9,1555,338,0,1,1,0.0,0.0,1.0,0.0,1.0,91,112,0.34,0.03,0.02,0.0,0.0,0.03,0,110231.0
22,9,247,1535,0,1,19,0.0,0.0,1.0,0.0,0.0,255,255,1.0,0.0,0.0,0.0,0.0,0.0,0,17403.0
22,9,221,511,0,1,21,0.0,0.0,1.0,0.0,0.14,255,255,1.0,0.0,0.0,0.0,0.0,0.0,0,81896.0
22,9,187,5467,0,1,2,0.0,0.0,1.0,0.0,0.21,25,255,1.0,0.0,0.02,0.0,0.0,0.0,0,96842.0
32,5,0,0,0,0,233,1.0,1.0,0.01,0.06,0.0,255,3,0.01,0.07,0.0,1.0,1.0,0.0,1,9500.0
22,9,213,17086,0,1,1,0.0,0.0,1.0,0.0,1.0,7,255,1.0,0.0,0.04,0.0,0.0,0.0,0,78972.0
3,9,9,38,0,1,1,0.0,0.0,1.0,0.0,0.0,255,4,0.02,0.03,0.0,0.0,0.0,0.0,0,67003.0
17,9,6,221,0,0,2,0.0,0.0,0.5,1.0,0.0,183,8,0.03,0.03,0.25,0.0,0.0,0.0,0,79847.0
22,9,189,3529,0,1,3,0.0,0.0,1.0,0.0,0.12,81,231,1.0,0.0,0.05,0.0,0.0,0.0,0,96904.0
49,9,1154,370,0,1,1,0.0,0.0,1.0,0.0,1.0,172,160,0.63,0.02,0.01,0.0,0.0,0.0,0,25069.0
22,9,294,8007,0,1,16,0.0,0.0,1.0,0.0,0.0,16,16,1.0,0.0,0.0,0.0,0.0,0.0,0,123939.0
50,1,0,0,0,0,109,0.0,0.0,0.06,0.06,0.0,255,6,0.02,0.07,0.0,0.0,0.0,1.0,1,42387.0
58,9,125,0,0,0,6,0.0,0.0,0.33,0.33,0.0,55,6,0.07,0.07,0.33,0.0,0.0,0.0,0,74366.0
44,5,0,0,0,0,298,1.0,1.0,0.04,0.06,0.0,255,6,0.02,0.06,0.0,1.0,1.0,0.0,1,20052.0
49,9,629,329,0,1,1,0.0,0.0,1.0,0.0,0.0,255,167,0.65,0.06,0.0,0.0,0.0,0.0,0,124780.0
22,9,249,1283,0,1,3,0.0,0.0,1.0,0.0,0.0,3,255,1.0,0.0,0.01,0.0,0.0,0.0,0,79200.0
11,9,46,137,0,0,91,0.0,0.0,1.0,0.0,0.01,255,253,0.99,0.01,0.0,0.0,0.0,0.0,0,52491.0
11,9,33,0,0,0,1,0.0,0.0,1.0,0.0,1.0,255,19,0.07,0.03,0.0,0.01,0.0,0.0,0,18103.0
22,9,320,1931,0,1,5,0.0,0.0,1.0,0.0,0.29,255,255,1.0,0.0,0.0,0.0,0.0,0.0,0,68977.0
11,9,43,68,0,0,115,0.0,0.0,1.0,0.0,0.03,255,229,0.9,0.01,0.0,0.0,0.0,0.0,0,89955.0
36,5,0,0,0,0,211,1.0,1.0,0.07,0.06,0.0,255,13,0.05,0.07,0.0,1.0,1.0,0.0,1,12868.0
22,9,312,24572,0,1,2,0.0,0.0,1.0,0.0,0.38,131,255,1.0,0.0,0.02,0.01,0.0,0.0,0,103940.0
23,1,0,0,0,0,127,0.0,0.0,0.14,0.07,0.0,255,18,0.07,0.07,0.0,0.0,0.0,1.0,1,84195.0
22,9,342,255,0,1,15,0.0,0.0,1.0,0.0,0.0,255,255,1.0,0.0,0.0,0.0,0.0,0.0,0,44286.0
22,9,335,11887,0,1,6,0.0,0.0,1.0,0.0,0.29,25,255,1.0,0.0,0.03,0.0,0.0,0.44,0,55011.0
44,5,0,0,0,0,88,1.0,1.0,0.18,0.06,0.0,255,3,0.01,0.08,0.0,1.0,1.0,0.0,1,106459.0
49,9,2994,334,0,1,1,0.0,0.0,1.0,0.0,0.0,128,122,0.43,0.05,0.02,0.0,0.0,0.0,0,64022.0
61,5,0,0,0,0,265,1.0,1.0,0.05,0.05,0.0,255,14,0.05,0.05,0.0,1.0,1.0,0.0,1,33112.0
55,9,127,9175,0,1,1,0.0,0.0,1.0,0.0,0.0,146,2,0.01,0.05,0.0,0.0,0.0,0.5,0,87422.0
4,1,0,0,0,0,247,0.0,0.0,0.02,0.07,0.0,255,4,0.02,0.08,0.0,0.0,0.0,1.0,1,23177.0
22,5,0,0,0,0,31,1.0,1.0,0.35,0.13,0.0,255,65,0.25,0.02,0.0,1.0,1.0,0.0,1,7880.0
2,5,0,0,0,0,225,1.0,1.0,0.04,0.05,0.0,255,8,0.03,0.06,0.0,1.0,1.0,0.0,1,50088.0
19,9,16115,0,0,0,10,0.0,0.0,1.0,0.0,0.0,2,70,1.0,0.0,0.03,0.0,0.0,0.0,0,47359.0
20,1,0,0,0,0,233,0.0,0.0,0.03,0.06,0.0,255,8,0.03,0.07,0.0,0.0,0.0,1.0,1,57154.0
31,5,0,0,0,0,202,1.0,1.0,0.04,0.07,0.0,255,8,0.03,0.08,0.0,1.0,1.0,0.0,1,15253.0
22,9,168,1615,0,1,1,0.0,0.0,1.0,0.0,1.0,5,255,1.0,0.0,0.03,0.0,0.0,0.0,0,113309.0
19,5,0,0,0,0,24,1.0,1.0,0.17,0.08,0.0,255,4,0.02,0.07,0.0,1.0,1.0,0.0,1,82980.0
17,5,0,0,0,0,282,1.0,1.0,0.02,0.06,0.0,255,7,0.03,0.07,0.0,1.0,1.0,0.0,1,124280.0
29,5,0,0,0,0,223,1.0,1.0,0.09,0.05,0.0,255,21,0.08,0.05,0.0,1.0,1.0,0.0,1,474.0
11,9,43,43,0,0,149,0.0,0.0,0.99,0.01,0.0,255,254,1.0,0.01,0.0,0.0,0.0,0.0,0,29814.0
44,9,28,0,3,0,2,0.0,0.0,1.0,0.0,0.0,255,102,0.4,0.6,0.0,0.09,0.0,0.0,1,17828.0
13,9,8,0,0,0,1,0.0,0.0,1.0,0.0,1.0,1,55,1.0,0.0,0.51,0.0,0.0,0.0,1,43748.0
19,9,192,0,0,0,2,0.0,0.0,1.0,0.0,0.0,31,46,0.9,0.06,0.04,0.0,0.0,0.0,0,66715.0
18,0,135,503,0,1,1,0.0,0.0,1.0,0.0,0.0,213,37,0.17,0.02,0.0,0.01,0.05,0.0,0,109006.0
3,9,10,38,0,1,1,0.0,0.0,1.0,0.0,0.0,255,1,0.0,0.41,0.0,0.0,0.0,0.0,0,88916.0
59,5,0,0,0,0,125,1.0,1.0,0.04,0.06,0.0,255,5,0.02,0.05,0.0,1.0,1.0,0.0,1,12127.0
11,9,36,0,0,0,11,0.0,0.0,1.0,0.0,0.0,50,154,1.0,0.0,0.01,0.0,0.0,0.0,0,50120.0
13,9,8,0,0,0,1,0.0,0.0,1.0,0.0,1.0,2,86,1.0,0.0,0.5,0.0,0.0,0.0,1,99919.0
44,5,0,0,0,0,251,1.0,1.0,0.02,0.06,0.0,255,11,0.04,0.07,0.0,1.0,1.0,0.0,1,48069.0
19,9,2194619,0,0,1,2,0.0,0.0,1.0,0.0,0.0,189,119,0.51,0.38,0.02,0.0,0.0,0.01,0,80731.0
44,5,0,0,0,0,217,1.0,1.0,0.02,0.06,0.0,255,17,0.07,0.09,0.0,1.0,1.0,0.0,1,79886.0
22,9,331,924,0,1,6,0.0,0.0,1.0,0.0,0.25,94,255,1.0,0.0,0.05,0.0,0.0,0.0,0,5552.0
14,9,1032,0,0,0,511,0.0,0.0,1.0,0.0,0.0,255,90,0.35,0.11,0.0,0.0,0.0,0.0,1,125560.0
22,9,237,270,0,1,4,0.0,0.0,1.0,0.0,0.0,6,255,1.0,0.0,0.02,0.0,0.0,0.0,0,71337.0
22,9,217,2111,0,1,2,0.0,0.0,1.0,0.0,0.0,65,255,1.0,0.0,0.05,0.0,0.0,0.0,0,49060.0
40,4,1,0,0,0,2,0.0,0.0,1.0,0.0,0.0,255,2,0.01,0.73,0.0,0.0,0.0,1.0,1,87898.0
19,9,334,0,0,1,2,0.0,0.0,1.0,0.0,0.0,9,21,1.0,0.0,0.19,0.0,0.0,0.0,1,58536.0
8,5,0,0,0,0,241,1.0,1.0,0.1,0.05,0.0,255,24,0.09,0.05,0.0,1.0,1.0,0.0,1,81405.0
13,9,8,0,0,0,1,0.0,0.0,1.0,0.0,1.0,2,42,1.0,0.0,0.5,0.0,0.0,0.0,1,113145.0
22,9,191,3882,0,1,19,0.0,0.0,1.0,0.0,0.0,19,231,1.0,0.0,0.03,0.0,0.0,0.0,0,97725.0
5,1,0,0,0,0,127,0.0,0.0,0.03,0.07,0.0,255,4,0.02,0.07,0.0,0.0,0.0,1.0,1,69763.0
22,1,0,0,0,0,7,0.0,0.0,1.0,0.0,0.0,58,255,1.0,0.0,0.02,0.0,0.0,0.04,0,44971.0
22,9,209,2402,0,1,3,0.0,0.0,1.0,0.0,0.0,3,255,1.0,0.0,0.04,0.0,0.0,0.0,0,69224.0
22,9,213,4395,0,1,19,0.0,0.0,1.0,0.0,0.0,255,255,1.0,0.0,0.0,0.0,0.0,0.0,0,80092.0
30,5,0,0,0,0,145,1.0,1.0,0.11,0.06,0.0,255,5,0.02,0.07,0.0,1.0,1.0,0.0,1,120492.0
22,5,0,0,0,0,13,1.0,1.0,0.54,0.23,0.0,255,55,0.22,0.03,0.0,1.0,1.0,0.0,1,111316.0
11,9,44,85,0,0,217,0.0,0.0,1.0,0.0,0.01,255,217,0.85,0.01,0.0,0.0,0.0,0.0,0,38019.0
40,9,147,0,0,0,1,0.0,0.0,1.0,0.0,0.0,255,2,0.01,0.73,0.0,0.0,0.0,0.0,0,90821.0
18,9,1202,2447,0,1,1,0.0,0.0,1.0,0.0,0.0,178,6,0.03,0.03,0.0,0.01,0.0,0.0,1,45323.0
49,9,1187,411,0,1,1,0.0,0.0,1.0,0.0,0.0,94,124,0.71,0.06,0.02,0.01,0.0,0.0,0,24415.0
13,9,8,0,0,0,1,0.0,0.0,1.0,0.0,1.0,1,58,1.0,0.0,0.52,0.0,0.0,0.0,1,109754.0
22,9,277,11447,0,1,10,0.0,0.0,1.0,0.0,0.0,21,255,1.0,0.0,0.05,0.0,0.0,0.0,0,34483.0
44,9,1,0,0,0,57,0.0,0.0,0.33,0.09,0.0,255,53,0.21,0.18,0.0,0.0,0.0,0.0,1,106175.0
22,9,187,764,0,1,4,0.0,0.0,1.0,0.0,0.0,4,255,1.0,0.0,0.09,0.0,0.0,0.0,0,30921.0
19,5,0,0,0,0,1,1.0,1.0,1.0,0.0,0.0,255,51,0.2,0.02,0.0,1.0,1.0,0.0,1,41105.0
22,9,350,1857,0,1,17,0.0,0.0,1.0,0.0,0.14,255,255,1.0,0.0,0.0,0.0,0.0,0.0,0,97104.0
22,9,213,1108,0,1,3,0.33,0.33,1.0,0.0,0.0,125,255,1.0,0.0,0.01,0.01,0.0,0.03,0,87356.0
22,9,281,406,0,1,1,0.0,0.0,1.0,0.0,0.12,1,255,1.0,0.0,0.06,0.0,0.0,0.0,0,4399.0
50,5,0,0,0,0,110,1.0,1.0,0.06,0.06,0.0,255,7,0.03,0.05,0.0,1.0,1.0,0.0,1,8427.0
22,9,190,332,0,1,7,0.0,0.0,1.0,0.0,0.1,36,255,1.0,0.0,0.02,0.0,0.0,0.04,0,25861.0
13,9,18,0,0,0,1,0.0,0.0,1.0,0.0,0.0,1,245,1.0,0.0,1.0,0.0,0.0,0.0,1,107837.0
49,9,1349,326,0,1,1,0.0,0.0,1.0,0.0,0.0,255,12,0.05,0.64,0.0,0.0,0.0,0.0,0,80379.0
22,9,226,1058,0,1,10,0.0,0.0,1.0,0.0,0.12,37,255,1.0,0.0,0.05,0.0,0.0,0.0,0,53395.0
17,5,0,0,0,0,40,0.95,1.0,0.45,0.1,0.0,255,18,0.07,0.06,0.0,1.0,1.0,0.0,1,62673.0
0,4,1318,9761,0,0,3,0.0,0.0,0.33,0.67,0.0,27,6,0.22,0.07,0.0,0.0,0.0,0.67,0,17698.0
49,9,5688,331,0,1,1,0.0,0.0,1.0,0.0,0.0,208,122,0.45,0.01,0.02,0.0,0.0,0.0,0,68499.0
14,9,1032,0,0,0,511,0.0,0.0,1.0,0.0,0.0,255,227,0.89,0.01,0.0,0.0,0.0,0.0,1,107443.0
3,5,0,0,0,0,276,1.0,1.0,0.04,0.05,0.0,255,9,0.04,0.07,0.0,1.0,1.0,0.0,1,103563.0
62,5,0,0,0,0,201,1.0,1.0,0.0,0.06,0.0,255,1,0.0,0.08,0.0,1.0,1.0,0.0,1,19194.0
22,9,196,6194,0,1,2,0.0,0.0,1.0,0.0,0.67,24,255,1.0,0.0,0.05,0.0,0.0,0.0,0,12641.0
22,9,292,1896,0,1,15,0.0,0.0,1.0,0.0,0.0,255,255,1.0,0.0,0.0,0.0,0.0,0.0,0,113815.0
44,5,0,0,0,0,246,1.0,1.0,0.05,0.06,0.0,255,9,0.04,0.07,0.0,1.0,1.0,0.0,1,96800.0
44,5,0,0,0,0,129,1.0,1.0,0.11,0.06,0.0,255,2,0.01,0.08,0.0,1.0,1.0,0.0,1,35970.0
14,9,1032,0,0,0,511,0.0,0.0,1.0,0.0,0.0,255,189,0.74,0.01,0.0,0.0,0.0,0.0,1,114349.0
13,9,30,0,0,0,7,0.0,0.0,0.14,0.29,0.0,255,4,0.02,0.01,0.0,0.0,0.0,0.0,0,59719.0
11,9,45,142,0,0,39,0.0,0.0,0.97,0.05,0.02,255,214,0.84,0.01,0.0,0.0,0.0,0.0,0,106023.0
55,5,0,0,0,0,20,1.0,1.0,1.0,0.0,0.0,60,21,0.33,0.05,0.1,1.0,0.95,0.0,1,77967.0
22,9,220,1772,0,1,2,0.0,0.0,1.0,0.0,0.0,16,255,1.0,0.0,0.01,0.0,0.0,0.0,0,28083.0
22,9,192,2067,0,1,8,0.0,0.0,1.0,0.0,0.1,255,255,1.0,0.0,0.0,0.0,0.0,0.0,0,47079.0
60,5,0,0,0,0,102,1.0,1.0,0.03,0.06,0.0,255,14,0.05,0.07,0.0,1.0,1.0,0.0,1,96430.0
22,9,319,2572,0,1,7,0.0,0.0,1.0,0.0,0.0,21,255,1.0,0.0,0.07,0.0,0.0,0.0,0,51608.0
19,5,0,0,0,0,9,1.0,1.0,0.33,0.44,0.0,255,50,0.2,0.04,0.0,1.0,1.0,0.0,1,99392.0
22,9,229,1660,0,1,8,0.0,0.0,1.0,0.0,0.3,57,255,1.0,0.0,0.01,0.0,0.0,0.0,0,99133.0
11,9,44,44,0,0,136,0.0,0.0,1.0,0.0,0.01,255,255,1.0,0.0,0.0,0.0,0.0,0.0,0,116327.0
22,1,0,0,0,0,1,0.0,0.0,1.0,0.0,0.0,2,248,1.0,0.0,0.11,0.0,0.0,1.0,0,32925.0
22,9,314,2996,0,1,21,0.0,0.0,1.0,0.0,0.0,21,255,1.0,0.0,0.04,0.0,0.0,0.0,0,34755.0
11,9,44,44,0,0,104,0.0,0.0,1.0,0.0,0.0,255,255,1.0,0.0,0.0,0.0,0.0,0.0,0,84534.0
44,1,0,0,0,0,2,0.0,0.0,0.5,1.0,0.0,255,1,0.0,0.72,0.0,0.0,0.0,1.0,1,37407.0
22,5,0,0,0,0,176,1.0,1.0,0.05,0.06,0.0,255,9,0.04,0.05,0.0,1.0,1.0,0.0,1,111983.0
62,5,0,0,0,0,143,1.0,1.0,0.07,0.08,0.0,255,10,0.04,0.07,0.0,1.0,1.0,0.0,1,23203.0
22,3,0,0,0,0,54,0.8,0.67,0.06,0.39,0.0,255,204,0.8,0.08,0.0,0.17,0.01,0.0,1,49185.0
13,9,18,0,0,0,1,0.0,0.0,1.0,0.0,0.0,1,236,1.0,0.0,1.0,0.0,0.0,0.0,1,30184.0
22,9,198,1108,0,1,4,0.0,0.0,1.0,0.0,0.07,122,255,1.0,0.0,0.03,0.0,0.0,0.0,0,122738.0
11,9,44,42,0,0,6,0.0,0.0,1.0,0.0,0.12,255,251,0.98,0.01,0.0,0.0,0.0,0.0,0,52714.0
22,9,290,1896,0,1,21,0.0,0.0,1.0,0.0,0.0,255,255,1.0,0.0,0.0,0.0,0.0,0.0,0,105537.0
44,1,0,0,0,0,138,0.0,0.0,0.07,0.07,0.0,255,8,0.03,0.06,0.0,0.0,0.0,1.0,1,45084.0
17,5,0,0,0,0,4,0.75,1.0,0.25,0.75,0.0,255,22,0.09,0.06,0.0,1.0,1.0,0.0,1,76889.0
22,9,263,272,0,1,13,0.0,0.0,1.0,0.0,0.14,13,255,1.0,0.0,0.05,0.0,0.0,0.0,0,100756.0
22,9,309,757,0,1,2,0.0,0.0,1.0,0.0,0.1,166,255,1.0,0.0,0.01,0.0,0.0,0.0,0,16119.0
49,9,1007,333,0,1,1,0.0,0.0,1.0,0.0,1.0,84,103,0.74,0.07,0.02,0.0,0.0,0.0,0,104761.0
49,2,0,79,0,1,1,0.0,0.0,1.0,0.0,0.0,6,45,0.17,1.0,0.04,0.0,0.0,0.04,1,49829.0
22,9,161,51836,0,1,1,0.0,0.0,1.0,0.0,0.0,208,255,1.0,0.0,0.02,0.0,0.0,0.0,0,54094.0
8,2,0,0,0,0,104,0.0,0.0,0.02,0.08,0.0,255,2,0.01,0.07,0.0,0.0,0.0,1.0,1,13815.0
49,9,975,325,0,1,1,0.0,0.0,1.0,0.0,1.0,34,167,0.94,0.09,0.02,0.0,0.0,0.01,0,106022.0
44,1,0,0,0,0,1,0.0,0.0,1.0,0.0,0.0,66,1,0.02,1.0,0.0,0.0,0.0,1.0,1,75288.0
11,9,46,132,0,0,78,0.0,0.0,0.99,0.03,0.01,255,240,0.94,0.01,0.0,0.0,0.0,0.0,0,36679.0
22,9,214,2194,0,1,3,0.0,0.0,1.0,0.0,0.0,6,255,1.0,0.0,0.03,0.0,0.0,0.0,0,71424.0
5,5,0,0,0,0,107,1.0,1.0,0.01,0.07,0.0,255,1,0.0,0.08,0.0,1.0,1.0,0.0,1,94353.0
44,5,0,0,0,0,189,1.0,1.0,0.12,0.05,0.0,130,23,0.18,0.08,0.0,0.89,1.0,0.0,1,28106.0
47,1,0,0,0,0,211,0.0,0.0,0.02,0.07,0.0,255,5,0.02,0.07,0.0,0.0,0.0,1.0,1,99710.0
11,9,44,44,0,0,5,0.0,0.0,0.2,0.4,0.4,66,63,0.95,0.03,0.0,0.0,0.0,0.0,0,72232.0
6,1,0,0,0,0,208,0.0,0.0,0.01,0.08,0.0,255,2,0.01,0.1,0.0,0.0,0.0,1.0,1,54204.0
53,5,0,0,0,0,151,1.0,1.0,0.08,0.07,0.0,255,12,0.05,0.06,0.0,1.0,1.0,0.0,1,80747.0
22,9,366,272,0,1,19,0.0,0.0,1.0,0.0,0.0,255,255,1.0,0.0,0.0,0.0,0.0,0.0,0,91785.0
5,5,0,0,0,0,104,1.0,1.0,0.02,0.07,0.0,255,2,0.01,0.06,0.0,1.0,1.0,0.0,1,69043.0
22,9,347,1713,0,1,1,0.0,0.0,1.0,0.0,0.0,255,255,1.0,0.0,0.0,0.0,0.0,0.0,0,68305.0
7,5,0,0,0,0,111,1.0,1.0,0.08,0.07,0.0,111,9,0.08,0.09,0.0,1.0,1.0,0.0,1,86053.0
22,9,220,27411,0,1,7,0.0,0.0,1.0,0.0,0.0,7,255,1.0,0.0,0.05,0.0,0.0,0.0,0,69194.0
22,9,265,14515,0,1,7,0.0,0.0,1.0,0.0,0.0,240,255,1.0,0.0,0.01,0.01,0.01,0.0,0,114340.0
11,9,42,42,0,0,1,0.0,0.0,1.0,0.0,0.0,255,223,0.87,0.01,0.0,0.0,0.0,0.0,0,120707.0
49,9,2615,326,0,1,2,0.0,0.0,0.5,1.0,1.0,255,14,0.05,0.68,0.0,0.0,0.0,0.0,0,6944.0
44,5,0,0,0,0,138,1.0,1.0,0.14,0.05,0.0,255,36,0.14,0.06,0.0,1.0,1.0,0.0,1,23302.0
14,9,1032,0,0,0,123,0.0,0.0,1.0,0.0,0.0,255,123,0.48,0.01,0.0,0.0,0.0,0.0,1,97122.0
22,1,0,0,0,0,1,0.0,0.0,1.0,0.0,1.0,11,255,1.0,0.0,0.07,0.0,0.0,0.91,0,32325.0
44,5,0,0,0,0,294,1.0,1.0,0.04,0.05,0.0,255,13,0.05,0.05,0.0,1.0,1.0,0.0,1,42378.0
13,9,30,0,0,0,5,0.0,0.0,0.2,0.6,0.0,255,27,0.11,0.01,0.0,0.0,0.0,0.0,0,20432.0
22,9,278,1402,0,1,4,0.0,0.0,1.0,0.0,0.0,255,255,1.0,0.0,0.0,0.0,0.0,0.0,0,117207.0
54,5,0,0,0,0,251,1.0,1.0,0.08,0.06,0.0,255,20,0.08,0.07,0.0,1.0,1.0,0.0,1,23266.0
22,9,394,7896,0,1,12,0.0,0.0,1.0,0.0,0.0,255,255,1.0,0.0,0.0,0.0,0.0,0.0,0,57131.0
22,5,0,0,0,0,5,1.0,1.0,0.4,0.6,0.0,255,62,0.24,0.02,0.0,1.0,1.0,0.0,1,6325.0
22,9,298,801,0,1,26,0.0,0.0,1.0,0.0,0.07,255,255,1.0,0.0,0.0,0.0,0.0,0.0,0,70471.0
44,5,0,0,0,0,127,1.0,1.0,0.05,0.06,0.0,255,3,0.01,0.06,0.0,1.0,1.0,0.0,1,8118.0
44,5,0,0,0,0,280,1.0,1.0,0.04,0.06,0.0,255,8,0.03,0.04,0.0,1.0,1.0,0.0,1,15942.0
22,9,283,6560,0,1,3,0.33,0.33,1.0,0.0,0.0,3,255,1.0,0.0,0.05,0.33,0.0,0.01,0,19619.0
13,9,8,0,0,0,1,0.0,0.0,1.0,0.0,1.0,1,41,1.0,0.0,0.27,0.0,0.0,0.0,1,29659.0
22,9,200,4324,0,1,6,0.0,0.0,1.0,0.0,0.15,181,255,1.0,0.0,0.01,0.0,0.0,0.0,0,72933.0
13,9,8,0,0,0,1,0.0,0.0,1.0,0.0,1.0,2,25,1.0,0.0,0.52,0.0,0.0,0.0,1,86342.0
15,5,0,0,0,0,148,1.0,1.0,0.16,0.05,0.0,255,24,0.09,0.05,0.0,1.0,1.0,0.0,1,17612.0
23,5,0,0,0,0,230,1.0,1.0,0.05,0.05,0.0,255,11,0.04,0.06,0.0,1.0,1.0,0.0,1,30895.0
19,9,637,0,0,1,11,0.0,0.0,1.0,0.0,0.0,182,47,0.26,0.02,0.0,0.0,0.0,0.0,0,10635.0
22,9,269,35215,0,1,18,0.0,0.0,1.0,0.0,0.0,255,255,1.0,0.0,0.0,0.0,0.0,0.0,0,80122.0
22,9,420,5369,0,1,20,0.0,0.0,1.0,0.0,0.0,255,255,1.0,0.0,0.0,0.0,0.0,0.0,0,49453.0
22,2,0,0,0,1,1,0.0,0.0,1.0,0.0,1.0,255,248,0.97,0.01,0.0,0.0,0.0,0.01,0,26237.0
22,9,235,1695,0,1,10,0.0,0.0,1.0,0.0,0.07,255,255,1.0,0.0,0.0,0.0,0.0,0.0,0,6228.0
22,9,54540,8314,0,1,4,0.0,0.0,1.0,0.0,0.0,6,6,1.0,0.0,0.0,0.0,0.0,0.83,1,120817.0
22,9,248,3040,0,1,2,0.0,0.0,1.0,0.0,0.0,90,255,1.0,0.0,0.03,0.0,0.0,0.0,0,17051.0
30,5,0,0,0,0,146,1.0,1.0,0.1,0.05,0.0,255,11,0.04,0.05,0.0,1.0,1.0,0.0,1,58218.0
44,5,0,0,0,0,33,1.0,1.0,0.27,0.12,0.0,255,9,0.04,0.09,0.0,1.0,1.0,0.0,1,81641.0
40,1,0,0,0,0,509,0.07,0.0,0.0,1.0,0.0,255,1,0.0,1.0,0.0,0.04,0.0,1.0,1,115271.0
22,9,234,19665,0,1,1,0.0,0.0,1.0,0.0,0.29,1,255,1.0,0.0,0.05,0.0,0.0,0.0,0,57344.0
18,9,246,773,0,1,1,0.0,0.0,1.0,0.0,0.0,48,21,0.44,0.1,0.0,0.0,0.0,0.0,0,92022.0
11,9,45,45,0,0,129,0.0,0.0,0.99,0.02,0.0,255,254,1.0,0.01,0.0,0.0,0.0,0.0,0,46384.0
44,4,1,0,0,0,2,0.0,0.0,1.0,0.0,0.0,255,2,0.01,0.51,0.0,0.0,0.0,1.0,1,91399.0
9,5,0,0,0,0,277,1.0,1.0,0.07,0.06,0.0,255,20,0.08,0.08,0.0,1.0,1.0,0.0,1,112500.0
44,5,0,0,0,0,216,1.0,1.0,0.09,0.06,0.0,255,3,0.01,0.07,0.0,1.0,1.0,0.0,1,79381.0
44,1,0,0,0,0,77,0.0,0.0,0.01,0.55,0.0,247,1,0.0,0.17,0.0,0.01,0.0,1.0,1,66005.0
22,9,326,3508,0,1,7,0.0,0.0,1.0,0.0,0.13,131,255,1.0,0.0,0.02,0.0,0.0,0.0,0,41485.0
13,9,30,0,0,0,2,0.0,0.0,1.0,0.0,0.0,236,236,1.0,0.0,0.0,0.0,0.0,0.0,0,82714.0
22,9,316,2278,0,1,6,0.0,0.0,1.0,0.0,0.0,255,255,1.0,0.0,0.0,0.0,0.0,0.0,0,12010.0
54,5,0,0,0,0,287,1.0,1.0,0.04,0.06,0.0,255,19,0.07,0.07,0.0,1.0,1.0,0.0,1,16191.0
14,9,1032,0,0,0,511,0.0,0.0,1.0,0.0,0.0,255,182,0.71,0.01,0.0,0.0,0.0,0.0,1,80177.0
22,9,328,2433,0,1,6,0.0,0.0,1.0,0.0,0.3,255,255,1.0,0.0,0.0,0.01,0.01,0.0,0,81922.0
25,1,0,0,0,0,232,0.0,0.0,0.05,0.06,0.0,255,11,0.04,0.08,0.0,0.0,0.0,1.0,1,55777.0
22,9,207,960,0,1,9,0.0,0.0,1.0,0.0,0.2,125,255,1.0,0.0,0.05,0.0,0.0,0.0,0,58630.0
44,5,0,0,0,0,142,1.0,1.0,0.11,0.06,0.0,255,16,0.06,0.08,0.0,1.0,1.0,0.0,1,105318.0
14,9,1032,0,0,0,263,0.0,0.0,1.0,0.0,0.0,255,255,1.0,0.0,0.0,0.0,0.0,0.0,1,138.0
11,9,45,140,0,0,69,0.0,0.0,1.0,0.0,0.02,209,196,0.81,0.01,0.01,0.0,0.0,0.0,0,1265.0
49,9,828,329,0,1,1,0.0,0.0,1.0,0.0,0.0,144,148,0.58,0.05,0.01,0.0,0.0,0.0,0,123272.0
60,5,0,0,0,0,229,1.0,1.0,0.03,0.07,0.0,255,7,0.03,0.09,0.0,1.0,1.0,0.0,1,18976.0
22,9,218,7670,0,1,8,0.0,0.0,1.0,0.0,0.0,49,255,1.0,0.0,0.03,0.0,0.0,0.0,0,88676.0
60,5,0,0,0,0,288,1.0,1.0,0.03,0.06,0.0,255,6,0.02,0.06,0.0,1.0,1.0,0.0,1,13704.0
22,9,328,2565,0,1,32,0.0,0.0,1.0,0.0,0.0,216,255,1.0,0.0,0.02,0.0,0.01,0.02,0,59576.0
26,5,0,0,0,0,120,1.0,1.0,0.01,0.07,0.0,255,1,0.0,0.07,0.0,1.0,1.0,0.0,1,101069.0
19,9,192,0,0,1,1,0.0,0.0,1.0,0.0,0.0,43,52,0.79,0.05,0.04,0.0,0.0,0.0,0,22125.0
54,5,0,0,0,0,235,1.0,1.0,0.06,0.06,0.0,255,15,0.06,0.06,0.0,1.0,1.0,0.0,1,1062.0
22,9,198,365,0,1,30,0.0,0.0,1.0,0.0,0.0,96,255,1.0,0.0,0.04,0.0,0.0,0.0,0,118388.0
22,9,204,405,0,1,1,0.0,0.0,1.0,0.0,1.0,4,255,1.0,0.0,0.06,0.0,0.0,0.0,0,117429.0
21,5,0,0,0,0,241,1.0,1.0,0.02,0.06,0.0,255,4,0.02,0.07,0.0,1.0,1.0,0.0,1,105170.0
13,9,8,0,0,0,1,0.0,0.0,1.0,0.0,1.0,2,194,1.0,0.0,0.5,0.0,0.0,0.0,1,111982.0
22,9,197,365,0,1,19,0.0,0.0,1.0,0.0,0.11,255,255,1.0,0.0,0.0,0.0,0.0,0.0,0,10744.0
44,4,0,0,0,0,1,0.0,0.0,1.0,0.0,0.0,123,1,0.01,0.62,0.0,0.05,0.0,1.0,1,59235.0
29,1,0,0,0,0,251,0.0,0.0,0.07,0.07,0.0,255,17,0.07,0.07,0.0,0.0,0.0,1.0,1,31272.0
49,9,1797,391,0,1,2,0.5,0.0,0.5,1.0,0.0,255,3,0.01,0.95,0.0,0.94,0.0,0.0,0,66770.0
32,5,0,0,0,0,290,1.0,1.0,0.03,0.06,0.0,255,10,0.04,0.07,0.0,1.0,1.0,0.0,1,89011.0
22,9,240,2288,0,1,6,0.0,0.0,1.0,0.0,0.12,35,255,1.0,0.0,0.06,0.0,0.0,0.0,0,73620.0
25,5,0,0,0,0,247,1.0,1.0,0.07,0.06,0.0,255,17,0.07,0.07,0.0,1.0,1.0,0.0,1,25024.0
22,9,324,11972,0,1,2,0.0,0.0,1.0,0.0,0.0,51,255,1.0,0.0,0.06,0.0,0.0,0.0,0,84856.0
13,9,8,0,0,0,1,0.0,0.0,1.0,0.0,1.0,2,232,1.0,0.0,0.5,0.0,0.0,0.0,1,50005.0
22,9,269,18051,0,1,2,0.0,0.0,1.0,0.0,0.17,255,255,1.0,0.0,0.0,0.0,0.0,0.0,0,43532.0
22,9,285,12884,0,1,2,0.5,0.5,1.0,0.0,0.0,255,255,1.0,0.0,0.0,0.01,0.01,0.0,0,63844.0
22,9,157,11889,0,1,3,0.0,0.0,1.0,0.0,0.0,255,255,1.0,0.0,0.0,0.0,0.0,0.0,0,65585.0
22,6,286,21900,0,1,2,0.5,0.02,1.0,0.0,0.07,255,255,1.0,0.0,0.0,0.0,0.0,0.0,0,8090.0
28,1,0,0,0,0,139,0.0,0.0,0.07,0.06,0.0,255,10,0.04,0.06,0.0,0.0,0.0,1.0,1,23781.0
22,9,318,2965,0,1,1,0.0,0.0,1.0,0.0,0.0,2,255,1.0,0.0,0.01,0.0,0.0,0.0,0,24266.0
53,5,0,0,0,0,206,1.0,1.0,0.08,0.06,0.0,255,17,0.07,0.07,0.0,1.0,1.0,0.0,1,111789.0
40,9,1,0,0,0,18,0.0,0.0,0.11,0.22,0.0,255,2,0.01,0.16,0.0,0.0,0.0,0.0,1,24631.0
40,9,147,105,0,0,6,0.0,0.0,0.33,0.5,0.0,255,2,0.01,0.43,0.0,0.0,0.0,0.0,0,123356.0
14,9,520,0,0,0,153,0.0,0.0,1.0,0.0,0.0,255,255,1.0,0.0,0.0,0.0,0.0,0.0,1,48452.0
11,9,46,46,0,0,132,0.0,0.0,1.0,0.0,0.01,255,255,1.0,0.0,0.0,0.0,0.0,0.0,0,123457.0
13,9,8,0,0,0,1,0.0,0.0,1.0,0.0,1.0,2,25,1.0,0.0,0.52,0.0,0.0,0.0,1,54290.0
22,9,272,236,0,1,1,0.0,0.0,1.0,0.0,0.0,2,255,1.0,0.0,0.01,0.0,0.0,0.0,0,41397.0
22,9,209,3388,0,1,1,0.0,0.0,1.0,0.0,0.09,2,5,1.0,0.0,0.6,0.0,0.0,0.0,0,110742.0
49,9,1873,330,0,1,1,0.0,0.0,1.0,0.0,1.0,52,126,0.98,0.04,0.02,0.0,0.0,0.0,0,41151.0
22,9,230,4608,0,1,26,0.0,0.0,1.0,0.0,0.08,53,255,1.0,0.0,0.02,0.0,0.0,0.0,0,56567.0
55,5,0,0,0,0,41,1.0,1.0,0.24,0.1,0.0,203,52,0.26,0.02,0.0,0.99,0.96,0.0,1,46185.0
22,9,194,2148,0,1,1,0.0,0.0,1.0,0.0,0.0,252,255,1.0,0.0,0.01,0.0,0.0,0.0,0,52640.0
44,5,0,0,0,0,120,1.0,1.0,0.09,0.07,0.0,255,11,0.04,0.08,0.0,1.0,1.0,0.0,1,117054.0
44,5,0,0,0,0,240,1.0,1.0,0.0,0.06,0.0,255,1,0.0,0.06,0.0,1.0,1.0,0.0,1,927.0
22,1,0,0,0,0,1,0.0,0.0,1.0,0.0,0.0,7,255,1.0,0.0,0.12,0.0,0.0,0.98,0,71999.0
22,9,222,1840,0,1,3,0.0,0.0,1.0,0.0,0.43,255,255,1.0,0.0,0.0,0.0,0.0,0.0,0,82764.0
44,5,0,0,0,0,166,1.0,1.0,0.04,0.07,0.0,255,7,0.03,0.06,0.0,1.0,1.0,0.0,1,12444.0
42,9,52,1554,0,1,1,0.0,0.0,1.0,0.0,0.0,146,6,0.03,0.05,0.33,0.0,0.0,0.0,0,12079.0
44,5,0,0,0,0,60,1.0,1.0,0.27,0.1,0.0,255,16,0.06,0.09,0.0,1.0,1.0,0.0,1,34120.0
22,9,331,1397,0,1,2,0.0,0.0,1.0,0.0,0.0,168,255,1.0,0.0,0.02,0.0,0.0,0.0,0,118305.0
22,9,240,17662,0,1,35,0.0,0.0,1.0,0.0,0.0,255,255,1.0,0.0,0.0,0.0,0.0,0.0,0,79405.0
11,9,33,0,0,0,1,0.0,0.0,1.0,0.0,1.0,189,27,0.14,0.02,0.0,0.0,0.0,0.0,0,102727.0
22,9,303,480,0,1,9,0.0,0.0,1.0,0.0,0.18,255,255,1.0,0.0,0.0,0.0,0.0,0.01,0,105051.0
22,9,256,1333,0,1,17,0.0,0.0,1.0,0.0,0.0,43,255,1.0,0.0,0.02,0.0,0.0,0.0,0,9277.0
22,9,225,409,0,1,1,0.0,0.0,1.0,0.0,0.23,200,241,1.0,0.0,0.01,0.0,0.0,0.0,0,44494.0
22,9,315,261,0,1,13,0.0,0.0,1.0,0.0,0.11,187,255,1.0,0.0,0.01,0.0,0.0,0.0,0,14017.0
22,9,267,1857,0,1,2,0.0,0.0,1.0,0.0,0.0,255,255,1.0,0.0,0.0,0.0,0.0,0.0,0,98244.0
8,5,0,0,0,0,246,1.0,1.0,0.04,0.07,0.0,255,9,0.04,0.07,0.0,1.0,1.0,0.0,1,8490.0
19,5,0,0,0,0,68,1.0,1.0,0.24,0.06,0.0,255,67,0.26,0.02,0.0,1.0,1.0,0.0,1,6585.0
22,9,370,705,0,1,10,0.0,0.0,1.0,0.0,0.12,255,255,1.0,0.0,0.0,0.0,0.0,0.0,0,113750.0
14,9,1032,0,0,0,509,0.0,0.0,1.0,0.0,0.0,255,145,0.57,0.17,0.0,0.0,0.0,0.0,1,58761.0
49,9,700,327,0,1,2,0.0,0.0,0.5,1.0,1.0,110,151,0.56,0.05,0.01,0.0,0.0,0.0,0,34734.0
24,5,0,0,0,0,218,1.0,1.0,0.01,0.08,0.0,255,3,0.01,0.08,0.0,1.0,1.0,0.0,1,42141.0
49,9,1566,385,0,1,1,0.0,0.0,1.0,0.0,0.0,255,55,0.22,0.02,0.0,0.58,0.0,0.0,0,4941.0
49,9,906,408,0,1,1,0.0,0.0,1.0,0.0,0.0,22,215,0.32,0.09,0.01,0.68,0.0,0.0,0,11084.0
56,9,0,4,0,0,1,0.0,0.0,1.0,0.0,0.0,1,1,1.0,0.0,0.0,0.0,0.0,0.0,1,27572.0
22,9,324,392,0,1,36,0.0,0.0,1.0,0.0,0.07,255,255,1.0,0.0,0.0,0.0,0.0,0.0,0,105734.0
22,9,302,5293,0,1,17,0.0,0.0,1.0,0.0,0.0,37,255,1.0,0.0,0.02,0.0,0.0,0.0,0,82311.0
24,5,0,0,0,0,286,1.0,1.0,0.05,0.06,0.0,255,14,0.05,0.06,0.0,1.0,1.0,0.0,1,45247.0
14,9,1032,0,0,0,218,0.0,0.0,1.0,0.0,0.0,255,218,0.85,0.01,0.0,0.0,0.0,0.0,1,5441.0
44,5,0,0,0,0,22,1.0,1.0,0.05,0.27,0.0,255,1,0.0,0.08,0.0,1.0,1.0,0.0,1,28558.0
56,5,0,0,0,0,118,1.0,1.0,0.11,0.06,0.0,255,13,0.05,0.08,0.0,1.0,1.0,0.0,1,70241.0
44,9,28,0,3,0,65,0.02,0.0,0.98,0.03,0.0,255,64,0.25,0.01,0.0,0.0,0.0,0.0,1,50069.0
22,9,275,833,0,1,4,0.0,0.0,1.0,0.0,0.0,175,255,1.0,0.0,0.02,0.0,0.0,0.0,0,19271.0
22,9,211,3552,0,1,8,0.0,0.0,1.0,0.0,0.0,255,255,1.0,0.0,0.0,0.0,0.0,0.0,0,44024.0
22,9,277,45760,0,1,1,0.0,0.0,1.0,0.0,0.0,28,255,1.0,0.0,0.04,0.0,0.0,0.0,0,72709.0
14,9,1032,0,0,0,15,0.0,0.0,1.0,0.0,0.0,255,15,0.06,0.02,0.0,0.0,0.0,0.0,1,66316.0
11,9,35,91,0,0,2,0.0,0.0,1.0,0.0,0.67,255,246,0.96,0.01,0.0,0.0,0.0,0.0,0,76380.0
34,5,0,0,0,0,262,1.0,1.0,0.08,0.05,0.0,255,10,0.04,0.07,0.0,1.0,1.0,0.0,1,3459.0
14,9,1032,0,0,0,74,0.0,0.0,1.0,0.0,0.0,255,74,0.29,0.02,0.0,0.0,0.0,0.0,1,124700.0
44,4,1,0,0,0,2,0.0,0.0,1.0,0.0,0.0,196,2,0.01,0.2,0.0,0.0,0.0,1.0,1,15790.0
14,9,1032,0,0,0,381,0.0,0.0,1.0,0.0,0.0,255,255,1.0,0.0,0.0,0.0,0.0,0.0,1,93123.0
60,5,0,0,0,0,270,1.0,1.0,0.04,0.06,0.0,255,12,0.05,0.07,0.0,1.0,1.0,0.0,1,69850.0
22,9,269,9317,0,1,6,0.0,0.0,1.0,0.0,0.07,255,255,1.0,0.0,0.0,0.0,0.0,0.0,0,49617.0
22,9,315,300,0,1,28,0.0,0.0,1.0,0.0,0.04,255,255,1.0,0.0,0.0,0.0,0.0,0.0,0,53394.0
44,5,0,0,0,0,147,1.0,1.0,0.12,0.05,0.0,255,19,0.07,0.07,0.0,1.0,1.0,0.0,1,19274.0
13,9,8,0,0,0,1,0.0,0.0,1.0,0.0,1.0,1,155,1.0,0.0,0.5,0.0,0.0,0.0,1,16743.0
22,9,213,3224,0,1,15,0.0,0.0,1.0,0.0,0.0,15,255,1.0,0.0,0.03,0.0,0.0,0.0,0,115374.0
14,9,1032,0,0,0,511,0.0,0.0,1.0,0.0,0.0,255,50,0.2,0.04,0.0,0.22,0.0,0.0,1,10312.0
44,5,0,0,0,0,78,1.0,1.0,0.24,0.06,0.0,229,19,0.08,0.06,0.0,1.0,1.0,0.0,1,76842.0
44,1,0,0,0,0,254,0.04,0.0,0.0,1.0,0.0,255,1,0.0,0.97,0.0,0.04,0.0,1.0,1,90567.0
22,9,142,27062,0,1,3,0.0,0.0,1.0,0.0,0.31,255,255,1.0,0.0,0.0,0.0,0.0,0.0,0,1871.0
62,5,0,0,0,0,53,1.0,1.0,0.11,0.11,0.0,255,14,0.05,0.08,0.0,1.0,1.0,0.0,1,120288.0
22,9,223,410,0,1,4,0.0,0.0,1.0,0.0,0.0,255,255,1.0,0.0,0.0,0.0,0.0,0.0,0,40817.0
19,5,0,0,0,0,22,1.0,1.0,0.18,0.18,0.0,255,64,0.25,0.02,0.0,1.0,1.0,0.0,1,78389.0
22,9,228,415,0,1,29,0.03,0.03,1.0,0.0,0.07,84,255,1.0,0.0,0.05,0.01,0.0,0.0,0,50487.0
22,9,215,5786,0,1,8,0.0,0.0,1.0,0.0,0.0,8,255,1.0,0.0,0.03,0.0,0.01,0.0,0,119325.0
27,5,0,0,0,0,118,1.0,1.0,0.01,0.08,0.0,255,1,0.0,0.08,0.0,1.0,1.0,0.0,1,98492.0
14,9,30,0,0,0,2,0.0,0.0,1.0,0.0,0.0,198,198,1.0,0.0,0.0,0.0,0.0,0.0,0,14630.0
22,1,0,0,0,0,1,0.0,0.0,1.0,0.0,0.0,5,238,1.0,0.0,0.21,0.0,0.0,1.0,0,79401.0
44,5,0,0,0,0,103,1.0,1.0,0.02,0.07,0.0,255,18,0.07,0.07,0.0,1.0,1.0,0.0,1,79884.0
44,4,0,0,0,0,1,0.0,0.0,1.0,0.0,0.0,255,1,0.0,0.53,0.0,0.0,0.0,1.0,1,85801.0
49,9,2780,438,0,1,1,0.0,0.0,1.0,0.0,1.0,207,143,0.5,0.01,0.01,0.97,0.7,0.0,0,61880.0
22,9,211,3175,0,1,7,0.0,0.0,1.0,0.0,0.0,233,255,1.0,0.0,0.01,0.0,0.0,0.0,0,34446.0
18,9,57,189,0,0,2,0.0,0.0,0.5,1.0,0.0,162,28,0.17,0.02,0.0,0.0,0.0,0.0,0,99906.0
18,9,1225,2451,0,1,1,0.0,0.0,1.0,0.0,0.0,255,109,0.43,0.02,0.0,0.0,0.0,0.0,1,42147.0
40,9,516,4,0,0,470,0.0,0.0,1.0,0.0,0.0,255,255,1.0,0.0,0.0,0.0,0.0,0.0,0,31911.0
22,9,326,271,0,1,10,0.0,0.0,1.0,0.0,0.0,255,222,0.87,0.02,0.0,0.0,0.0,0.0,0,45173.0
11,9,46,119,0,0,116,0.0,0.0,0.99,0.02,0.02,255,253,0.99,0.01,0.0,0.0,0.0,0.0,0,112753.0
22,9,382,1268,0,1,7,0.0,0.0,1.0,0.0,0.0,255,255,1.0,0.0,0.0,0.0,0.0,0.0,0,69026.0
22,5,0,0,0,0,9,1.0,0.9,1.0,0.0,0.2,9,9,1.0,0.0,0.0,1.0,1.0,0.0,1,7116.0
22,9,348,1114,0,1,4,0.0,0.0,1.0,0.0,0.0,83,255,1.0,0.0,0.04,0.0,0.01,0.0,0,74056.0
22,9,54540,8314,0,1,2,0.0,0.0,1.0,0.0,0.75,255,255,1.0,0.0,0.0,0.01,0.01,0.05,1,77652.0
38,5,0,0,0,0,245,1.0,1.0,0.02,0.06,0.0,255,14,0.05,0.07,0.0,1.0,1.0,0.0,1,32004.0
22,9,268,124,0,1,4,0.0,0.0,1.0,0.0,0.25,17,255,1.0,0.0,0.04,0.0,0.0,0.03,0,60168.0
17,9,9,141,0,0,1,0.0,0.0,1.0,0.0,0.0,99,7,0.07,0.03,0.0,0.0,0.0,0.0,0,63977.0
22,1,0,0,0,0,1,0.0,0.0,1.0,0.0,0.0,4,78,1.0,0.0,0.19,0.0,0.0,1.0,0,46043.0
22,9,217,945,0,1,19,0.0,0.0,1.0,0.0,0.0,18,255,1.0,0.0,0.03,0.0,0.0,0.0,0,57890.0
32,5,0,0,0,0,249,1.0,1.0,0.02,0.06,0.0,255,5,0.02,0.07,0.0,1.0,1.0,0.0,1,93114.0
44,5,0,0,0,0,143,1.0,1.0,0.08,0.06,0.0,255,1,0.0,0.07,0.0,1.0,1.0,0.0,1,105960.0
16,5,0,0,0,0,108,1.0,1.0,0.07,0.06,0.0,255,3,0.01,0.09,0.0,1.0,1.0,0.0,1,73660.0
44,1,0,0,0,0,1,0.0,0.0,1.0,0.0,0.0,255,1,0.0,0.76,0.0,0.0,0.0,1.0,1,28736.0
49,9,1358,329,0,1,1,0.0,0.0,1.0,0.0,1.0,41,179,0.95,0.05,0.02,0.0,0.0,0.0,0,11661.0
44,4,0,0,0,0,1,0.0,0.0,1.0,0.0,0.0,255,1,0.0,0.7,0.0,0.0,0.0,1.0,1,88586.0
11,9,33,0,0,0,1,0.0,0.0,1.0,0.0,1.0,189,14,0.07,0.04,0.0,0.0,0.0,0.0,0,90521.0
44,5,0,0,0,0,119,1.0,1.0,0.11,0.06,0.0,255,11,0.04,0.05,0.0,1.0,1.0,0.0,1,108723.0
25,5,0,0,0,0,233,1.0,1.0,0.03,0.06,0.0,255,6,0.02,0.07,0.0,1.0,1.0,0.0,1,72140.0
22,9,238,392,0,1,10,0.0,0.0,1.0,0.0,0.0,255,255,1.0,0.0,0.0,0.0,0.0,0.0,0,49119.0
10,1,0,0,0,0,237,0.0,0.0,0.03,0.07,0.0,255,6,0.02,0.07,0.0,0.0,0.0,1.0,1,75124.0
49,9,1713,328,0,1,1,0.0,0.0,1.0,0.0,1.0,255,190,0.75,0.03,0.0,0.0,0.0,0.0,0,21269.0
24,5,0,0,0,0,240,1.0,1.0,0.05,0.05,0.0,255,13,0.05,0.05,0.0,1.0,1.0,0.0,1,41361.0
22,9,354,1425,0,1,2,0.0,0.0,1.0,0.0,0.33,3,135,1.0,0.0,0.02,0.0,0.0,0.0,0,118334.0
31,1,0,0,0,0,287,0.0,0.0,0.06,0.06,0.0,255,16,0.06,0.08,0.0,0.0,0.0,1.0,1,77400.0
11,9,45,128,0,0,77,0.0,0.0,1.0,0.0,0.01,255,254,1.0,0.01,0.0,0.0,0.0,0.0,0,60466.0
49,9,1036,328,0,1,1,0.0,0.0,1.0,0.0,1.0,58,78,0.5,0.07,0.03,0.0,0.0,0.0,0,9983.0
22,9,247,9195,0,1,17,0.0,0.0,1.0,0.0,0.0,255,255,1.0,0.0,0.0,0.0,0.0,0.0,0,76032.0
55,2,0,0,0,0,299,0.0,0.0,0.07,0.06,0.0,255,20,0.08,0.07,0.0,0.0,0.0,1.0,1,105122.0
19,5,0,0,0,0,189,1.0,1.0,0.08,0.06,0.0,255,16,0.06,0.06,0.0,1.0,1.0,0.0,1,55531.0
42,5,0,0,0,0,289,1.0,1.0,0.07,0.06,0.0,255,18,0.07,0.07,0.0,1.0,1.0,0.0,1,99044.0
49,5,0,0,0,0,19,1.0,1.0,1.0,0.0,0.0,201,144,0.49,0.01,0.01,0.99,0.69,0.0,1,123560.0
49,9,11966,1430,0,1,1,0.0,0.0,1.0,0.0,0.0,177,172,0.7,0.02,0.01,0.0,0.0,0.0,0,97956.0
44,9,28,0,3,0,17,0.0,0.0,1.0,0.0,0.0,230,17,0.07,0.71,0.0,0.03,0.0,0.0,1,6991.0
22,9,335,829,0,1,3,0.0,0.0,1.0,0.0,0.5,255,255,1.0,0.0,0.0,0.0,0.0,0.0,0,59206.0
22,1,0,0,0,0,1,0.0,0.0,1.0,0.0,1.0,2,255,1.0,0.0,0.15,0.0,0.0,0.8,0,55680.0
44,5,0,0,0,0,211,1.0,1.0,0.02,0.06,0.0,255,9,0.04,0.07,0.0,1.0,1.0,0.0,1,85604.0
22,9,216,426,0,1,4,0.0,0.0,1.0,0.0,0.0,4,255,1.0,0.0,0.04,0.0,0.0,0.0,0,101920.0
4,1,0,0,0,0,271,0.0,0.0,0.06,0.07,0.0,255,16,0.06,0.07,0.0,0.0,0.0,1.0,1,38550.0
44,9,1,0,0,0,3,0.0,0.0,1.0,0.0,0.0,255,74,0.29,0.13,0.0,0.0,0.0,0.0,1,13861.0
44,5,0,0,0,0,296,1.0,1.0,0.07,0.06,0.0,255,14,0.05,0.07,0.0,1.0,1.0,0.0,1,86978.0
55,2,0,0,0,0,229,0.0,0.0,0.03,0.07,0.0,255,7,0.03,0.08,0.0,0.0,0.0,1.0,1,92890.0
11,9,30,0,0,0,1,0.0,0.0,1.0,0.0,0.75,146,13,0.09,0.05,0.0,0.0,0.0,0.0,0,71091.0
44,9,105,146,0,0,7,0.0,0.0,0.14,0.29,0.0,255,235,0.92,0.01,0.0,0.0,0.0,0.0,0,101916.0
22,9,54540,8314,0,1,3,0.0,0.0,1.0,0.0,0.0,125,125,1.0,0.0,0.0,0.0,0.0,0.02,1,53968.0
44,1,0,0,0,0,140,0.0,0.0,0.11,0.07,0.0,255,15,0.06,0.08,0.0,0.0,0.0,1.0,1,23185.0
49,9,1836,331,0,1,1,0.0,0.0,1.0,0.0,1.0,92,36,0.39,0.11,0.0,0.0,0.0,0.0,0,6264.0
22,9,219,1212,0,1,7,0.0,0.0,1.0,0.0,0.0,145,255,1.0,0.0,0.04,0.01,0.01,0.0,0,107473.0
22,9,207,1628,0,1,16,0.0,0.0,1.0,0.0,0.0,16,255,1.0,0.0,0.01,0.0,0.0,0.0,0,67975.0
44,5,0,0,0,0,270,1.0,1.0,0.04,0.06,0.0,255,1,0.0,0.07,0.0,1.0,1.0,0.0,1,60689.0
13,9,8,0,0,0,1,0.0,0.0,1.0,0.0,1.0,1,115,1.0,0.0,0.5,0.0,0.0,0.0,1,52315.0
22,9,229,2090,0,1,11,0.0,0.0,1.0,0.0,0.07,255,255,1.0,0.0,0.0,0.0,0.0,0.0,0,2415.0
44,5,0,0,0,0,209,1.0,1.0,0.08,0.07,0.0,255,16,0.06,0.07,0.0,1.0,1.0,0.0,1,48884.0
44,1,0,0,0,0,117,0.0,0.0,0.13,0.07,0.0,192,15,0.08,0.07,0.0,0.0,0.0,1.0,1,115537.0
55,9,101,4427,0,0,1,0.0,0.0,1.0,0.0,0.0,32,1,0.03,0.06,0.0,0.0,0.0,0.0,0,22781.0
59,5,0,0,0,0,139,1.0,1.0,0.09,0.06,0.0,255,13,0.05,0.07,0.0,1.0,1.0,0.0,1,310.0
44,5,0,0,0,0,148,1.0,1.0,0.11,0.05,0.0,255,3,0.01,0.06,0.0,1.0,1.0,0.0,1,76208.0
44,9,105,0,0,0,2,0.0,0.0,1.0,0.0,0.0,32,32,1.0,0.0,0.0,0.0,0.0,0.0,0,119158.0
22,9,211,1565,0,1,6,0.0,0.0,1.0,0.0,0.0,44,255,1.0,0.0,0.02,0.0,0.0,0.0,0,12175.0
26,5,0,0,0,0,103,1.0,1.0,0.19,0.06,0.0,255,17,0.07,0.05,0.0,1.0,1.0,0.0,1,20441.0
44,5,0,0,0,0,199,1.0,1.0,0.06,0.06,0.0,60,9,0.15,0.15,0.0,0.77,1.0,0.0,1,64390.0
22,9,314,453,0,1,22,0.0,0.0,1.0,0.0,0.04,255,255,1.0,0.0,0.0,0.0,0.0,0.0,0,42456.0
53,5,0,0,0,0,207,1.0,1.0,0.05,0.06,0.0,255,20,0.08,0.07,0.0,1.0,1.0,0.0,1,109657.0
44,9,28,0,3,0,23,0.0,0.0,0.96,0.09,0.0,255,22,0.09,0.02,0.0,0.0,0.0,0.0,1,115257.0
22,9,282,4537,0,1,5,0.0,0.0,1.0,0.0,0.0,116,255,1.0,0.0,0.02,0.01,0.0,0.0,0,29252.0
19,9,0,5149533,0,0,1,0.0,0.0,1.0,0.0,0.0,14,14,1.0,0.0,0.0,0.0,0.0,0.0,1,7307.0
13,9,8,0,0,0,1,0.0,0.0,1.0,0.0,1.0,2,129,1.0,0.0,0.5,0.0,0.0,0.0,1,34125.0
44,5,0,0,0,0,105,1.0,1.0,0.1,0.06,0.0,255,9,0.04,0.07,0.0,1.0,1.0,0.0,1,96537.0
49,9,861,404,0,1,1,0.0,0.0,1.0,0.0,0.0,255,38,0.15,0.06,0.0,0.62,0.0,0.0,0,108816.0
22,9,231,5283,0,1,13,0.0,0.0,1.0,0.0,0.0,13,174,1.0,0.0,0.09,0.0,0.0,0.0,0,80082.0
22,9,307,3731,0,1,7,0.0,0.0,1.0,0.0,0.0,53,255,1.0,0.0,0.03,0.0,0.0,0.0,0,55070.0
11,9,46,132,0,0,270,0.0,0.0,1.0,0.0,0.0,255,251,0.98,0.01,0.0,0.0,0.0,0.0,0,41375.0
11,9,45,71,0,0,65,0.0,0.0,1.0,0.0,0.01,255,244,0.96,0.01,0.0,0.0,0.0,0.0,0,118424.0
11,9,44,72,0,0,200,0.0,0.0,1.0,0.0,0.0,255,250,0.98,0.01,0.0,0.0,0.0,0.0,0,55469.0
16,5,0,0,0,0,113,1.0,1.0,0.16,0.07,0.0,255,18,0.07,0.06,0.0,1.0,1.0,0.0,1,55810.0
11,9,36,0,0,0,10,0.0,0.0,1.0,0.0,0.25,75,179,1.0,0.0,0.01,0.0,0.0,0.0,0,106182.0
22,9,286,7833,0,1,2,0.0,0.0,1.0,0.0,0.0,2,255,1.0,0.0,0.07,0.0,0.0,0.0,0,1409.0
11,9,43,43,0,0,96,0.0,0.0,1.0,0.0,0.01,255,255,1.0,0.0,0.0,0.0,0.0,0.0,0,91974.0
15,5,0,0,0,0,126,1.0,1.0,0.14,0.05,0.0,255,18,0.07,0.05,0.0,1.0,1.0,0.0,1,5807.0
12,5,0,0,0,0,261,1.0,1.0,0.1,0.05,0.0,255,25,0.1,0.05,0.0,1.0,1.0,0.0,1,24758.0
44,1,0,0,0,0,40,0.03,0.0,0.03,1.0,0.0,255,1,0.0,0.18,0.0,0.0,0.0,1.0,1,43920.0
44,5,0,0,0,0,172,1.0,1.0,0.05,0.07,0.0,255,20,0.08,0.07,0.0,1.0,1.0,0.0,1,30386.0
44,5,0,0,0,0,128,1.0,1.0,0.02,0.07,0.0,255,2,0.01,0.08,0.0,1.0,1.0,0.0,1,102227.0
49,9,1372,401,0,1,1,0.0,0.0,1.0,0.0,0.0,255,59,0.23,0.05,0.0,0.5,0.0,0.0,0,23901.0
21,5,0,0,0,0,285,1.0,1.0,0.07,0.05,0.0,255,20,0.08,0.05,0.0,1.0,1.0,0.0,1,29899.0
14,9,1032,0,0,0,511,0.0,0.0,1.0,0.0,0.0,214,120,0.56,0.03,0.0,0.01,0.0,0.0,1,113128.0
40,7,6,0,0,0,511,0.11,1.0,0.0,1.0,0.0,255,1,0.0,1.0,0.0,0.09,1.0,0.0,1,55235.0
22,1,0,0,0,0,11,0.0,0.0,1.0,0.0,0.0,46,250,1.0,0.0,0.18,0.0,0.0,0.98,0,86741.0
44,4,0,0,0,0,1,0.0,0.0,1.0,0.0,0.0,255,1,0.0,0.41,0.0,0.0,0.0,1.0,1,118703.0
22,9,212,2431,0,1,5,0.0,0.0,1.0,0.0,0.0,166,255,1.0,0.0,0.01,0.0,0.0,0.0,0,114748.0
49,9,1766,335,0,1,1,0.0,0.0,1.0,0.0,1.0,114,239,0.95,0.02,0.01,0.0,0.0,0.0,0,33392.0
11,9,91,0,0,0,1,0.0,0.0,1.0,0.0,0.0,47,36,0.77,0.04,0.0,0.0,0.0,0.0,0,71003.0
22,9,248,6582,0,1,1,0.0,0.0,1.0,0.0,0.0,3,255,1.0,0.0,0.04,0.0,0.0,0.0,0,102125.0
44,5,0,0,0,0,278,1.0,1.0,0.04,0.06,0.0,255,7,0.03,0.04,0.0,1.0,1.0,0.0,1,88263.0
17,5,0,0,0,0,16,1.0,1.0,0.44,0.12,0.0,255,58,0.23,0.04,0.0,1.0,1.0,0.0,1,101003.0
44,5,0,0,0,0,79,1.0,1.0,0.19,0.06,0.0,255,1,0.0,0.08,0.0,1.0,1.0,0.0,1,2370.0
22,5,0,0,0,0,2,0.5,0.5,1.0,0.0,0.0,2,255,1.0,0.0,0.06,0.5,0.0,0.01,0,69781.0
37,1,0,0,0,0,109,0.0,0.0,0.03,0.07,0.0,255,3,0.01,0.07,0.0,0.0,0.0,1.0,1,14638.0
54,5,0,0,0,0,123,1.0,1.0,0.14,0.06,0.0,255,11,0.04,0.06,0.0,1.0,1.0,0.0,1,11049.0
44,5,0,0,0,0,84,1.0,1.0,0.07,0.06,0.0,255,20,0.08,0.06,0.0,1.0,1.0,0.0,1,65512.0
22,9,239,1380,0,1,4,0.0,0.0,1.0,0.0,0.0,255,225,0.88,0.02,0.0,0.0,0.0,0.0,0,112167.0
11,9,45,45,0,0,114,0.0,0.0,1.0,0.0,0.01,255,255,1.0,0.0,0.0,0.0,0.0,0.0,0,13762.0
62,5,0,0,0,0,251,1.0,1.0,0.08,0.06,0.0,255,19,0.07,0.07,0.0,1.0,1.0,0.0,1,24586.0
58,9,181,0,0,0,5,0.0,0.0,0.6,0.4,0.0,255,89,0.35,0.01,0.0,0.0,0.0,0.0,0,90919.0
5,5,0,0,0,0,143,1.0,1.0,0.13,0.06,0.0,255,19,0.07,0.06,0.0,1.0,1.0,0.0,1,28956.0
22,9,255,11696,0,1,16,0.0,0.0,1.0,0.0,0.15,111,255,1.0,0.0,0.04,0.0,0.0,0.0,0,51561.0
40,9,1,0,0,0,16,0.0,0.0,0.12,0.44,0.0,255,2,0.01,0.25,0.0,0.0,0.0,0.0,1,19221.0
18,5,0,0,0,0,245,1.0,1.0,0.07,0.07,0.0,255,17,0.07,0.07,0.0,1.0,1.0,0.0,1,120712.0
18,5,0,0,0,0,237,1.0,1.0,0.03,0.05,0.0,255,9,0.04,0.08,0.0,1.0,1.0,0.0,1,6161.0
19,5,0,0,0,0,142,1.0,1.0,0.17,0.04,0.0,255,20,0.08,0.05,0.0,1.0,1.0,0.0,1,110049.0
11,9,44,127,0,0,161,0.0,0.0,1.0,0.0,0.01,255,250,0.98,0.01,0.0,0.0,0.0,0.0,0,37447.0
49,9,1075,359,0,1,1,0.0,0.0,1.0,0.0,1.0,253,124,0.49,0.01,0.0,0.0,0.0,0.0,0,33327.0
22,9,207,2561,0,1,21,0.0,0.0,1.0,0.0,0.0,85,255,1.0,0.0,0.01,0.01,0.0,0.0,0,99627.0
44,5,0,0,0,0,218,1.0,1.0,0.03,0.07,0.0,255,6,0.02,0.07,0.0,1.0,1.0,0.0,1,72620.0
22,9,290,2828,0,1,4,0.25,0.25,1.0,0.0,0.0,255,255,1.0,0.0,0.0,0.0,0.0,0.0,0,74026.0
22,5,0,0,0,0,27,1.0,0.93,0.52,0.07,0.13,187,54,0.29,0.02,0.0,1.0,1.0,0.0,1,9289.0
50,5,0,0,0,0,87,1.0,1.0,0.01,0.07,0.0,255,1,0.0,0.07,0.0,1.0,1.0,0.0,1,50315.0
21,5,0,0,0,0,253,1.0,1.0,0.04,0.06,0.0,255,10,0.04,0.07,0.0,1.0,1.0,0.0,1,48494.0
22,9,278,2241,0,1,7,0.0,0.0,1.0,0.0,0.24,255,255,1.0,0.0,0.0,0.0,0.0,0.0,0,70340.0
17,5,0,0,0,0,286,1.0,1.0,0.02,0.05,0.0,255,7,0.03,0.05,0.0,1.0,1.0,0.0,1,98220.0
17,5,0,0,0,0,1,1.0,1.0,1.0,0.0,1.0,1,6,1.0,0.0,0.33,1.0,0.17,0.0,1,38774.0
49,9,12648,1392,0,0,1,0.0,0.0,1.0,0.0,0.0,40,104,0.9,0.05,0.02,0.0,0.0,0.0,0,70182.0
19,9,567,0,0,0,2,0.0,0.0,0.5,1.0,0.0,80,44,0.17,0.06,0.05,0.0,0.0,0.0,0,18424.0
44,5,0,0,0,0,172,1.0,1.0,0.13,0.07,0.0,255,22,0.09,0.07,0.0,1.0,1.0,0.0,1,95555.0
22,9,202,434,0,1,18,0.0,0.0,1.0,0.0,0.11,251,251,1.0,0.0,0.0,0.0,0.0,0.0,0,82265.0
11,9,46,134,0,0,38,0.0,0.0,1.0,0.0,0.0,71,40,0.56,0.03,0.0,0.0,0.0,0.0,0,13455.0
44,5,0,0,0,0,20,1.0,1.0,0.35,0.15,0.0,255,7,0.03,0.09,0.0,1.0,1.0,0.0,1,25033.0
29,5,0,0,0,0,284,1.0,1.0,0.04,0.06,0.0,255,12,0.05,0.07,0.0,1.0,1.0,0.0,1,87640.0
19,6,169360,0,0,1,2,0.5,0.5,1.0,0.0,0.0,133,37,0.19,0.04,0.05,0.03,0.03,0.0,0,19101.0
22,9,310,1237,0,1,9,0.0,0.0,1.0,0.0,0.08,39,255,1.0,0.0,0.03,0.0,0.0,0.0,0,62352.0
13,9,8,0,0,0,1,0.0,0.0,1.0,0.0,1.0,1,255,1.0,0.0,0.5,0.0,0.0,0.0,1,81883.0
22,9,248,3637,0,1,2,0.0,0.0,1.0,0.0,0.0,246,255,1.0,0.0,0.02,0.0,0.0,0.0,0,67528.0
44,5,0,0,0,0,199,1.0,1.0,0.1,0.06,0.0,255,20,0.08,0.07,0.0,1.0,1.0,0.0,1,26723.0
17,10,0,0,0,0,1,1.0,1.0,1.0,0.0,0.0,255,1,0.0,1.0,0.0,1.0,1.0,0.0,1,68791.0
44,5,0,0,0,0,126,1.0,1.0,0.16,0.06,0.0,29,20,0.69,0.14,0.0,1.0,1.0,0.0,1,73181.0
3,5,0,0,0,0,282,1.0,1.0,0.04,0.06,0.0,255,12,0.05,0.06,0.0,1.0,1.0,0.0,1,34945.0
44,9,105,146,0,0,4,0.0,0.0,0.25,0.5,0.0,118,114,0.97,0.03,0.0,0.0,0.0,0.0,0,33335.0
44,1,0,0,0,0,88,0.01,0.0,0.01,1.0,0.0,213,1,0.0,0.45,0.0,0.0,0.0,1.0,1,119934.0
22,9,329,4511,0,1,6,0.0,0.0,1.0,0.0,0.0,100,255,1.0,0.0,0.01,0.0,0.0,0.0,0,15114.0
44,9,1,0,0,0,12,0.0,0.0,0.08,0.17,0.0,255,28,0.11,0.51,0.0,0.03,0.0,0.0,1,56592.0
22,9,232,9534,0,1,1,0.0,0.0,1.0,0.0,1.0,196,255,1.0,0.0,0.01,0.0,0.0,0.0,0,94895.0
22,1,0,0,0,0,1,0.0,0.0,1.0,0.0,1.0,17,255,1.0,0.0,0.13,0.0,0.0,0.86,0,39430.0
22,9,321,1378,0,1,12,0.0,0.0,1.0,0.0,0.15,246,255,1.0,0.0,0.01,0.0,0.0,0.0,0,120679.0
22,9,348,4296,0,1,2,0.0,0.0,1.0,0.0,0.67,255,255,1.0,0.0,0.0,0.0,0.0,0.0,0,91771.0
62,1,0,0,0,0,224,0.0,0.0,0.02,0.07,0.0,255,4,0.02,0.07,0.0,0.0,0.0,1.0,1,11467.0
22,1,0,0,0,0,1,0.0,0.0,1.0,0.0,0.0,28,29,1.0,0.0,0.07,0.0,0.0,1.0,0,55627.0
13,9,8,0,0,0,1,0.0,0.0,1.0,0.0,1.0,1,33,1.0,0.0,0.52,0.0,0.0,0.0,1,116874.0
22,9,222,1357,0,1,5,0.0,0.0,1.0,0.0,0.0,77,255,1.0,0.0,0.02,0.0,0.0,0.0,0,35393.0
19,9,192,0,0,1,3,0.0,0.0,1.0,0.0,0.0,176,68,0.24,0.04,0.03,0.0,0.0,0.0,0,11396.0
19,9,245,0,0,0,2,0.0,0.0,1.0,0.0,0.0,246,44,0.18,0.03,0.0,0.0,0.0,0.0,0,61488.0
22,9,54540,8314,0,1,2,0.0,0.0,1.0,0.0,0.0,126,126,1.0,0.0,0.0,0.0,0.0,0.02,1,58384.0
44,9,105,146,0,0,1,0.0,0.0,1.0,0.0,0.0,16,12,0.75,0.12,0.0,0.0,0.0,0.0,0,84492.0
19,9,2194619,0,0,1,2,0.0,0.0,0.5,1.0,0.0,117,55,0.11,0.06,0.04,0.0,0.0,0.0,0,96105.0
32,5,0,0,0,0,284,1.0,1.0,0.02,0.06,0.0,255,14,0.05,0.07,0.0,1.0,1.0,0.0,1,15452.0
22,9,285,6163,0,1,13,0.0,0.0,1.0,0.0,0.0,217,255,1.0,0.0,0.01,0.0,0.0,0.0,0,116729.0
11,9,44,130,0,0,76,0.0,0.0,1.0,0.0,0.01,255,217,0.85,0.01,0.0,0.0,0.0,0.0,0,102082.0
44,5,0,0,0,0,223,1.0,1.0,0.09,0.06,0.0,255,20,0.08,0.07,0.0,1.0,1.0,0.0,1,23267.0
13,9,8,0,0,0,1,0.0,0.0,1.0,0.0,1.0,2,34,1.0,0.0,0.5,0.0,0.0,0.0,1,118374.0
44,5,0,0,0,0,109,1.0,1.0,0.06,0.06,0.0,255,5,0.02,0.05,0.0,1.0,1.0,0.0,1,6005.0
3,5,0,0,0,0,242,1.0,1.0,0.04,0.07,0.0,255,9,0.04,0.07,0.0,1.0,1.0,0.0,1,7504.0
49,9,2609,410,0,1,1,0.0,0.0,1.0,0.0,1.0,47,232,0.66,0.06,0.01,0.32,0.0,0.0,0,36403.0
35,5,0,0,0,0,139,1.0,1.0,0.1,0.06,0.0,255,14,0.05,0.07,0.0,1.0,1.0,0.0,1,54244.0
22,9,204,6632,0,1,7,0.0,0.0,1.0,0.0,0.12,7,57,1.0,0.0,0.07,0.0,0.04,0.02,0,37122.0
22,9,265,407,0,1,18,0.0,0.0,1.0,0.0,0.0,66,255,1.0,0.0,0.02,0.0,0.0,0.0,0,108030.0
22,9,196,8921,0,1,1,0.0,0.0,1.0,0.0,0.06,29,255,1.0,0.0,0.03,0.0,0.02,0.02,0,35861.0
11,9,44,119,0,0,194,0.0,0.0,1.0,0.0,0.0,255,255,1.0,0.0,0.0,0.0,0.0,0.0,0,80446.0
22,9,199,14934,0,1,2,0.0,0.0,1.0,0.0,0.0,10,255,1.0,0.0,0.02,0.0,0.01,0.0,0,71689.0
22,9,323,771,0,1,18,0.0,0.0,1.0,0.0,0.0,255,255,1.0,0.0,0.0,0.0,0.0,0.0,0,109244.0
22,9,161,433,0,1,1,0.0,0.0,1.0,0.0,0.0,5,255,1.0,0.0,0.06,0.0,0.0,0.0,0,65555.0
40,4,1,0,0,0,2,0.0,0.0,1.0,0.0,0.0,255,2,0.01,0.74,0.0,0.0,0.0,1.0,1,88788.0
22,9,339,16091,0,1,14,0.0,0.0,1.0,0.0,0.0,89,255,1.0,0.0,0.01,0.0,0.0,0.0,0,43368.0
13,9,18,0,0,0,1,0.0,0.0,1.0,0.0,0.0,1,217,1.0,0.0,1.0,0.0,0.0,0.0,1,85489.0
60,5,0,0,0,0,291,1.0,1.0,0.07,0.06,0.0,255,19,0.07,0.08,0.0,1.0,1.0,0.0,1,18685.0
44,1,0,0,0,0,117,0.0,0.0,0.07,0.07,0.0,255,8,0.03,0.08,0.0,0.0,0.0,1.0,1,106998.0
17,5,0,0,0,0,31,0.97,0.89,0.26,0.16,0.22,255,50,0.2,0.04,0.0,1.0,1.0,0.0,1,108088.0
14,9,1032,0,0,0,450,0.0,0.0,1.0,0.0,0.0,255,255,1.0,0.0,0.0,0.0,0.0,0.0,1,103332.0
14,9,1032,0,0,0,509,0.0,0.0,1.0,0.0,0.0,255,115,0.45,0.01,0.0,0.0,0.0,0.0,1,105969.0
44,5,0,0,0,0,143,1.0,1.0,0.14,0.06,0.0,255,5,0.02,0.06,0.0,1.0,1.0,0.0,1,89841.0
22,9,327,304,0,1,15,0.0,0.0,1.0,0.0,0.0,117,255,1.0,0.0,0.02,0.0,0.0,0.0,0,37022.0
22,9,213,1239,0,1,18,0.0,0.0,1.0,0.0,0.0,38,255,1.0,0.0,0.07,0.0,0.0,0.0,0,88163.0
49,9,1547,331,0,1,2,0.0,0.0,0.5,1.0,1.0,220,121,0.55,0.03,0.0,0.0,0.0,0.0,0,77981.0
19,5,0,0,0,0,234,1.0,1.0,0.04,0.06,0.0,255,9,0.04,0.07,0.0,1.0,1.0,0.0,1,30847.0
22,9,232,2251,0,1,13,0.0,0.0,1.0,0.0,0.0,138,255,1.0,0.0,0.02,0.01,0.01,0.0,0,104405.0
13,9,8,0,0,0,1,0.0,0.0,1.0,0.0,1.0,2,118,1.0,0.0,0.25,0.0,0.0,0.0,1,52995.0
22,9,306,6924,0,1,28,0.04,0.04,1.0,0.0,0.0,253,255,1.0,0.0,0.01,0.01,0.01,0.0,0,76651.0
22,9,218,2739,0,1,2,0.0,0.0,1.0,0.0,0.67,33,255,1.0,0.0,0.04,0.0,0.0,0.0,0,58704.0
3,5,0,0,0,0,241,1.0,1.0,0.03,0.07,0.0,255,8,0.03,0.07,0.0,1.0,1.0,0.0,1,79677.0
44,5,0,0,0,0,23,1.0,1.0,0.35,0.17,0.0,255,8,0.03,0.07,0.0,1.0,1.0,0.0,1,96228.0
22,9,228,1305,0,1,8,0.0,0.0,1.0,0.0,0.0,8,255,1.0,0.0,0.05,0.0,0.0,0.0,0,2382.0
44,5,0,0,0,0,139,1.0,1.0,0.04,0.06,0.0,255,4,0.02,0.06,0.0,1.0,1.0,0.0,1,31127.0
22,9,298,6515,0,1,2,0.0,0.0,1.0,0.0,0.67,255,255,1.0,0.0,0.0,0.0,0.0,0.01,0,24263.0
49,9,567,328,0,1,1,0.0,0.0,1.0,0.0,0.0,152,180,0.65,0.02,0.01,0.0,0.0,0.0,0,40825.0
18,5,0,0,0,0,119,1.0,1.0,0.17,0.05,0.0,255,15,0.06,0.07,0.0,1.0,1.0,0.0,1,56275.0
51,2,6,34,0,1,87,0.01,0.0,0.01,1.0,0.0,255,1,0.0,0.36,0.0,0.0,0.0,1.0,1,123450.0
22,9,215,2445,0,1,2,0.0,0.0,1.0,0.0,0.67,2,255,1.0,0.0,0.02,0.0,0.0,0.0,0,103579.0
2,1,0,0,0,0,180,0.0,0.0,0.05,0.07,0.0,255,9,0.04,0.07,0.0,0.0,0.0,1.0,1,17121.0
22,9,230,4823,0,1,17,0.0,0.0,1.0,0.0,0.0,255,255,1.0,0.0,0.0,0.0,0.0,0.0,0,116230.0
47,5,0,0,0,0,88,1.0,1.0,0.14,0.06,0.0,255,1,0.0,0.08,0.0,1.0,1.0,0.0,1,82323.0
52,5,0,0,0,0,298,1.0,1.0,0.08,0.05,0.0,255,25,0.1,0.05,0.0,1.0,1.0,0.0,1,18105.0
44,5,0,0,0,0,201,1.0,1.0,0.06,0.06,0.0,255,15,0.06,0.07,0.0,1.0,1.0,0.0,1,34971.0
11,9,28,88,0,0,1,0.0,0.0,1.0,0.0,0.0,255,251,0.98,0.01,0.0,0.0,0.0,0.0,0,56012.0
55,5,0,0,0,0,25,1.0,1.0,0.2,0.16,0.0,255,63,0.25,0.02,0.0,1.0,1.0,0.0,1,67616.0
22,5,0,0,0,0,243,1.0,0.35,0.04,0.07,0.08,255,9,0.04,0.07,0.0,1.0,1.0,0.0,1,41813.0
11,9,82,42,0,0,1,0.0,0.0,1.0,0.0,0.0,172,129,0.75,0.02,0.0,0.0,0.0,0.0,0,119026.0
44,1,0,0,0,0,80,0.01,0.0,0.01,1.0,0.0,255,1,0.0,0.34,0.0,0.0,0.0,1.0,1,1789.0
11,9,46,132,0,0,87,0.0,0.0,1.0,0.0,0.02,255,254,1.0,0.01,0.0,0.0,0.0,0.0,0,56063.0
13,9,18,0,0,0,1,0.0,0.0,1.0,0.0,0.0,4,100,1.0,0.0,0.25,0.0,0.0,0.0,1,32914.0
34,5,0,0,0,0,96,1.0,1.0,0.17,0.05,0.0,255,2,0.01,0.06,0.0,1.0,1.0,0.0,1,15.0
25,1,0,0,0,0,234,0.0,0.0,0.01,0.07,0.0,255,3,0.01,0.07,0.0,0.0,0.0,1.0,1,115904.0
44,5,0,0,0,0,31,1.0,1.0,0.77,0.1,0.0,255,24,0.09,0.07,0.0,1.0,1.0,0.0,1,105263.0
44,5,0,0,0,0,231,1.0,1.0,0.07,0.04,0.0,35,16,0.46,0.09,0.0,0.94,1.0,0.0,1,26935.0
22,9,286,267,0,1,6,0.0,0.0,1.0,0.0,0.0,189,255,1.0,0.0,0.01,0.0,0.0,0.0,0,96872.0
22,9,297,2635,0,1,3,0.0,0.0,1.0,0.0,0.0,255,255,1.0,0.0,0.0,0.0,0.0,0.0,0,21466.0
44,5,0,0,0,0,284,1.0,1.0,0.07,0.04,0.0,144,20,0.14,0.07,0.0,0.99,1.0,0.0,1,48680.0
44,5,0,0,0,0,125,1.0,1.0,0.16,0.06,0.0,255,30,0.12,0.05,0.0,1.0,1.0,0.0,1,89703.0
33,1,0,0,0,0,214,0.0,0.0,0.01,0.07,0.0,255,3,0.01,0.07,0.0,0.0,0.0,1.0,1,68177.0
22,9,317,195,0,1,2,0.0,0.0,1.0,0.0,0.0,255,255,1.0,0.0,0.0,0.0,0.0,0.0,0,48748.0
44,5,0,0,0,0,293,1.0,1.0,0.04,0.05,0.0,255,6,0.02,0.06,0.0,1.0,1.0,0.0,1,27025.0
14,9,1032,0,0,0,510,0.0,0.0,1.0,0.0,0.0,255,160,0.63,0.02,0.0,0.0,0.0,0.0,1,113543.0
22,9,353,270,0,1,1,0.0,0.0,1.0,0.0,0.25,42,255,1.0,0.0,0.01,0.0,0.0,0.0,0,5414.0
44,1,0,0,0,0,237,0.0,0.0,0.06,0.06,0.0,255,14,0.05,0.06,0.0,0.0,0.0,1.0,1,32097.0
22,9,187,15181,0,1,1,0.0,0.0,1.0,0.0,1.0,105,255,1.0,0.0,0.03,0.0,0.0,0.0,0,99260.0
22,9,312,1984,0,1,2,0.0,0.0,1.0,0.0,0.0,55,255,1.0,0.0,0.02,0.0,0.0,0.0,0,97389.0
19,9,2194619,0,0,0,2,0.0,0.0,1.0,0.0,0.67,93,14,0.15,0.04,0.0,0.0,0.0,0.0,0,15723.0
22,9,264,18275,0,1,1,0.0,0.0,1.0,0.0,0.0,255,255,1.0,0.0,0.0,0.0,0.0,0.0,0,10789.0
11,9,42,46,0,0,1,0.0,0.0,1.0,0.0,0.25,255,251,0.98,0.01,0.0,0.0,0.0,0.0,0,117321.0
44,5,0,0,0,0,120,1.0,1.0,0.08,0.06,0.0,255,8,0.03,0.08,0.0,1.0,1.0,0.0,1,56565.0
22,9,147,8678,0,1,1,0.0,0.0,1.0,0.0,0.0,5,255,1.0,0.0,0.02,0.0,0.0,0.0,0,63410.0
3,9,10,39,0,1,7,0.0,0.0,0.14,0.29,0.0,92,2,0.01,0.11,1.0,0.01,0.0,0.0,0,69931.0
22,9,222,1179,0,1,6,0.0,0.0,1.0,0.0,0.0,10,255,1.0,0.0,0.05,0.0,0.0,0.03,0,65720.0
44,1,0,0,0,0,143,0.0,0.0,0.1,0.06,0.0,255,1,0.0,0.06,0.0,0.0,0.0,1.0,1,104457.0
22,1,0,0,0,0,1,0.0,0.0,1.0,0.0,0.0,39,238,1.0,0.0,0.24,0.0,0.0,1.0,0,22379.0
19,9,0,4076,0,0,1,0.0,0.0,1.0,0.0,0.33,45,66,0.69,0.07,0.05,0.0,0.0,0.0,0,5135.0
17,9,7,137,0,0,1,0.0,0.0,1.0,0.0,0.0,173,2,0.01,0.08,0.0,0.02,0.0,0.0,0,37832.0
4,5,0,0,0,0,276,1.0,1.0,0.03,0.05,0.0,255,9,0.04,0.05,0.0,1.0,1.0,0.0,1,27238.0
14,9,1032,0,0,0,69,0.0,0.0,1.0,0.0,0.0,255,69,0.27,0.02,0.0,0.0,0.0,0.0,1,118314.0
22,9,239,7333,0,1,42,0.0,0.0,1.0,0.0,0.0,255,255,1.0,0.0,0.0,0.0,0.0,0.02,0,67603.0
22,9,294,1367,0,1,7,0.0,0.0,1.0,0.0,0.0,25,255,1.0,0.0,0.03,0.0,0.0,0.0,0,46393.0
44,1,0,0,0,0,263,0.0,0.0,0.04,0.06,0.0,255,11,0.04,0.09,0.0,0.0,0.0,1.0,1,98911.0
22,9,222,2342,0,1,2,0.0,0.0,1.0,0.0,0.67,255,255,1.0,0.0,0.0,0.0,0.0,0.0,0,37896.0
11,9,42,42,0,0,3,0.0,0.0,1.0,0.0,0.6,6,5,0.83,0.33,0.0,0.0,0.0,0.0,0,73148.0
11,9,32,0,0,0,1,0.0,0.0,1.0,0.0,0.75,19,28,0.16,0.26,0.07,0.0,0.0,0.0,0,106326.0
44,5,0,0,0,0,249,1.0,1.0,0.02,0.07,0.0,255,17,0.07,0.07,0.0,1.0,1.0,0.0,1,74344.0
12,5,0,0,0,0,248,1.0,1.0,0.1,0.05,0.0,255,24,0.09,0.05,0.0,1.0,1.0,0.0,1,113434.0
44,5,0,0,0,0,236,1.0,1.0,0.08,0.06,0.0,255,15,0.06,0.07,0.0,1.0,1.0,0.0,1,87245.0
30,5,0,0,0,0,25,1.0,1.0,0.36,0.12,0.0,255,9,0.04,0.07,0.0,1.0,1.0,0.0,1,67222.0
13,9,8,0,0,0,1,0.0,0.0,1.0,0.0,1.0,1,73,1.0,0.0,0.52,0.0,0.0,0.0,1,73735.0
22,9,187,13920,0,1,3,0.0,0.0,1.0,0.0,0.0,6,255,1.0,0.0,0.05,0.0,0.0,0.01,0,52453.0
22,9,207,2529,0,1,9,0.0,0.0,1.0,0.0,0.0,101,255,1.0,0.0,0.03,0.0,0.0,0.0,0,49161.0
40,9,59,0,0,1,12,0.08,0.0,0.08,0.17,0.0,192,1,0.01,0.04,0.0,0.01,0.0,0.0,0,98088.0
25,5,0,0,0,0,238,1.0,1.0,0.06,0.05,0.0,255,9,0.04,0.07,0.0,1.0,1.0,0.0,1,117622.0
22,9,263,6318,0,1,3,0.0,0.0,1.0,0.0,0.43,76,255,1.0,0.0,0.03,0.01,0.01,0.01,0,51887.0
44,5,0,0,0,0,243,1.0,1.0,0.07,0.07,0.0,255,20,0.08,0.08,0.0,1.0,1.0,0.0,1,109213.0
49,9,1075,372,0,1,1,0.0,0.0,1.0,0.0,0.0,31,164,0.84,0.13,0.01,0.03,0.01,0.0,0,42071.0
48,2,0,0,0,0,2,0.0,0.0,0.5,1.0,0.0,255,1,0.0,1.0,0.0,0.0,0.0,1.0,1,97700.0
22,9,291,910,0,1,13,0.0,0.0,1.0,0.0,0.0,26,255,1.0,0.0,0.05,0.0,0.0,0.0,0,36858.0
19,9,641,0,0,1,2,0.0,0.0,1.0,0.0,0.0,255,103,0.4,0.02,0.0,0.0,0.0,0.0,0,31790.0
40,9,145,105,0,0,1,0.0,0.0,1.0,0.0,0.0,255,3,0.01,0.62,0.0,0.0,0.0,0.0,0,114500.0
22,9,216,5095,0,1,28,0.0,0.0,1.0,0.0,0.08,104,255,1.0,0.0,0.03,0.0,0.0,0.0,0,4936.0
44,5,0,0,0,0,177,1.0,1.0,0.02,0.07,0.0,255,18,0.07,0.06,0.0,1.0,1.0,0.0,1,101732.0
38,5,0,0,0,0,202,1.0,1.0,0.1,0.05,0.0,255,17,0.07,0.07,0.0,1.0,1.0,0.0,1,17455.0
44,1,0,0,0,0,1,0.0,0.0,1.0,0.0,0.0,45,2,0.02,1.0,1.0,0.0,0.0,1.0,1,59716.0
22,9,223,343,0,1,2,0.0,0.0,1.0,0.0,0.1,19,255,1.0,0.0,0.01,0.0,0.0,0.0,0,117885.0
13,9,8,0,0,0,1,0.0,0.0,1.0,0.0,1.0,1,47,1.0,0.0,0.51,0.0,0.0,0.0,1,92353.0
11,9,43,133,0,0,155,0.0,0.0,1.0,0.0,0.01,255,214,0.84,0.01,0.0,0.0,0.0,0.0,0,58531.0
49,9,3338,340,0,1,1,0.0,0.0,1.0,0.0,1.0,163,133,0.57,0.06,0.02,0.01,0.0,0.0,0,45334.0
17,5,0,0,0,0,25,0.92,1.0,0.12,0.16,0.0,255,4,0.02,0.06,0.0,1.0,1.0,0.0,1,83771.0
44,5,0,0,0,0,123,1.0,1.0,0.11,0.06,0.0,255,8,0.03,0.06,0.0,1.0,1.0,0.0,1,46127.0
44,5,0,0,0,0,231,1.0,1.0,0.08,0.07,0.0,255,19,0.07,0.08,0.0,1.0,1.0,0.0,1,118512.0
2,5,0,0,0,0,279,1.0,1.0,0.03,0.06,0.0,255,16,0.06,0.06,0.0,1.0,1.0,0.0,1,74375.0
6,1,0,0,0,0,242,0.0,0.0,0.0,0.07,0.0,255,1,0.0,0.08,0.0,0.0,0.0,1.0,1,21210.0
22,1,0,0,0,0,1,0.0,0.0,1.0,0.0,1.0,7,255,1.0,0.0,0.17,0.0,0.0,0.67,0,9836.0
44,5,0,0,0,0,290,1.0,1.0,0.0,0.06,0.0,255,1,0.0,0.07,0.0,1.0,1.0,0.0,1,78051.0
22,9,54540,8314,0,1,4,0.0,0.0,1.0,0.0,0.0,48,48,1.0,0.0,0.0,0.02,0.02,0.02,1,70432.0
54,5,0,0,0,0,277,1.0,1.0,0.06,0.06,0.0,255,5,0.02,0.08,0.0,1.0,1.0,0.0,1,50688.0
22,9,214,3011,0,1,7,0.0,0.0,1.0,0.0,0.0,46,255,1.0,0.0,0.05,0.0,0.0,0.0,0,3055.0
55,9,105,2370,0,1,1,0.0,0.0,1.0,0.0,0.0,4,4,0.25,0.5,0.75,0.0,0.0,0.0,0,45981.0
22,9,171,2515,0,1,1,0.0,0.0,1.0,0.0,0.0,12,255,1.0,0.0,0.02,0.0,0.01,0.0,0,35646.0
19,9,7280,0,0,0,10,0.0,0.0,1.0,0.0,0.0,255,26,0.1,0.03,0.0,0.0,0.0,0.0,0,58369.0
56,5,0,0,0,0,299,1.0,1.0,0.03,0.05,0.0,255,10,0.04,0.06,0.0,1.0,1.0,0.0,1,59820.0
40,9,147,105,0,0,1,0.0,0.0,1.0,0.0,0.0,255,1,0.0,0.52,0.0,0.0,0.0,0.0,0,33455.0
22,9,317,458,0,1,10,0.0,0.0,1.0,0.0,0.25,255,255,1.0,0.0,0.0,0.0,0.0,0.0,0,16259.0
44,1,0,0,0,0,263,0.0,0.0,0.06,0.06,0.0,255,16,0.06,0.06,0.0,0.0,0.0,1.0,1,56339.0
44,1,0,0,0,0,1,0.0,0.0,1.0,0.0,0.0,255,1,0.0,0.23,0.0,0.0,0.0,1.0,1,41473.0
22,9,54540,8314,0,1,1,0.0,0.0,1.0,0.0,1.0,196,196,1.0,0.0,0.0,0.0,0.0,0.02,1,82364.0
2,5,0,0,0,0,233,1.0,1.0,0.05,0.05,0.0,255,12,0.05,0.06,0.0,1.0,1.0,0.0,1,40085.0
40,9,3468,0,0,1,19,0.0,0.0,0.05,0.16,0.0,97,1,0.01,0.05,0.0,0.0,0.0,0.0,0,71129.0
44,4,1,0,0,0,2,0.0,0.0,1.0,0.0,0.0,255,2,0.01,0.73,0.0,0.0,0.0,1.0,1,52353.0
11,9,43,76,0,0,217,0.0,0.0,1.0,0.01,0.01,255,254,1.0,0.01,0.0,0.0,0.0,0.0,0,12296.0
49,9,750,338,0,1,1,0.0,0.0,1.0,0.0,0.0,182,198,0.84,0.03,0.01,0.0,0.0,0.0,0,19593.0
44,5,0,0,0,0,200,1.0,1.0,0.01,0.06,0.0,255,8,0.03,0.07,0.0,1.0,1.0,0.0,1,54697.0
29,5,0,0,0,0,271,1.0,1.0,0.08,0.04,0.0,255,21,0.08,0.05,0.0,1.0,1.0,0.0,1,64213.0
44,5,0,0,0,0,182,1.0,1.0,0.02,0.07,0.0,255,3,0.01,0.09,0.0,1.0,1.0,0.0,1,92850.0
23,5,0,0,0,0,138,1.0,1.0,0.14,0.05,0.0,255,7,0.03,0.06,0.0,1.0,1.0,0.0,1,3244.0
49,9,29920,329,0,1,1,0.0,0.0,1.0,0.0,1.0,57,54,0.95,0.05,0.0,0.0,0.0,0.0,0,80368.0
14,9,1032,0,0,0,65,0.0,0.0,1.0,0.0,0.0,177,83,0.47,0.04,0.0,0.01,0.0,0.0,1,68291.0
22,9,205,425,0,1,2,0.0,0.0,1.0,0.0,0.0,2,255,1.0,0.0,0.1,0.0,0.0,0.49,0,96011.0
17,9,7,325,0,0,1,0.0,0.0,1.0,0.0,0.0,151,11,0.07,0.04,0.0,0.0,0.0,0.0,0,107434.0
49,5,0,0,0,0,12,1.0,1.0,1.0,0.0,0.0,74,136,0.43,0.03,0.01,0.97,0.24,0.0,1,25163.0
29,1,0,0,0,0,236,0.0,0.0,0.02,0.07,0.0,255,5,0.02,0.07,0.0,0.0,0.0,1.0,1,124030.0
22,9,234,1680,0,1,6,0.0,0.0,1.0,0.0,0.0,255,255,1.0,0.0,0.0,0.0,0.0,0.0,0,27175.0
22,9,228,2654,0,1,2,0.0,0.0,1.0,0.0,0.0,33,255,1.0,0.0,0.01,0.0,0.0,0.0,0,39032.0
19,9,2194619,0,0,0,2,0.0,0.0,1.0,0.0,0.0,134,64,0.48,0.05,0.0,0.0,0.0,0.0,0,111499.0
22,9,326,440,0,1,12,0.0,0.0,1.0,0.0,0.21,255,255,1.0,0.0,0.0,0.0,0.0,0.0,0,28467.0
16,5,0,0,0,0,131,1.0,1.0,0.17,0.05,0.0,255,22,0.09,0.05,0.0,1.0,1.0,0.0,1,40215.0
49,9,10815,881,0,1,1,0.0,0.0,1.0,0.0,0.0,4,201,0.75,0.5,0.01,0.25,0.0,0.0,0,34937.0
22,9,216,879,0,1,11,0.0,0.0,1.0,0.0,0.12,216,255,1.0,0.0,0.02,0.0,0.01,0.0,0,119592.0
10,5,0,0,0,0,271,1.0,1.0,0.02,0.05,0.0,255,5,0.02,0.05,0.0,1.0,1.0,0.0,1,55058.0
7,1,0,0,0,0,280,0.0,0.0,0.04,0.06,0.0,255,12,0.05,0.07,0.0,0.0,0.0,1.0,1,5397.0
44,9,1,0,0,0,9,0.0,0.0,0.89,0.22,0.0,255,8,0.03,0.23,0.0,0.0,0.0,0.0,1,51872.0
22,9,308,566,0,1,8,0.0,0.0,1.0,0.0,0.07,187,255,1.0,0.0,0.01,0.0,0.0,0.0,0,15039.0
44,5,0,0,0,0,103,1.0,1.0,0.21,0.06,0.0,255,22,0.09,0.06,0.0,1.0,1.0,0.0,1,64590.0
53,5,0,0,0,0,291,1.0,1.0,0.02,0.05,0.0,255,6,0.02,0.05,0.0,1.0,1.0,0.0,1,53296.0
22,9,214,10597,0,1,4,0.0,0.0,1.0,0.0,0.0,4,255,1.0,0.0,0.03,0.0,0.0,0.0,0,102544.0
22,9,281,1967,0,1,1,0.0,0.0,1.0,0.0,0.0,23,255,1.0,0.0,0.03,0.0,0.0,0.0,0,78405.0
22,9,356,558,0,1,3,0.0,0.0,1.0,0.0,0.5,23,255,1.0,0.0,0.07,0.0,0.0,0.0,0,19380.0
10,5,0,0,0,0,101,1.0,1.0,0.01,0.07,0.0,255,1,0.0,0.07,0.0,1.0,1.0,0.0,1,28945.0
39,9,48,48,0,0,1,0.0,0.0,1.0,0.0,0.0,42,17,0.4,0.07,0.0,0.0,0.0,0.0,0,99795.0
22,9,54540,8314,0,1,3,0.0,0.0,1.0,0.0,0.0,10,10,1.0,0.0,0.0,0.0,0.0,0.5,1,42380.0
61,1,0,0,0,0,164,0.0,0.0,0.07,0.07,0.0,255,11,0.04,0.07,0.0,0.0,0.0,1.0,1,21343.0
49,9,2373,375,0,1,1,0.0,0.0,1.0,0.0,1.0,17,128,0.65,0.18,0.02,0.0,0.0,0.0,0,83567.0
11,9,73,45,0,0,2,0.0,0.0,1.0,0.0,0.5,94,70,0.74,0.03,0.0,0.0,0.0,0.0,0,840.0
48,5,0,0,0,0,119,1.0,1.0,0.05,0.07,0.0,255,6,0.02,0.07,0.0,1.0,1.0,0.0,1,26470.0
59,2,0,0,0,0,110,0.0,0.0,0.04,0.07,0.0,255,4,0.02,0.06,0.0,0.0,0.0,1.0,1,15701.0
22,1,0,0,0,0,1,0.0,0.0,1.0,0.0,1.0,6,255,1.0,0.0,0.18,0.0,0.0,1.0,0,17850.0
22,9,217,1472,0,1,4,0.0,0.0,1.0,0.0,0.0,31,154,1.0,0.0,0.03,0.0,0.0,0.0,0,121488.0
22,9,239,8784,0,1,6,0.0,0.0,1.0,0.0,0.0,6,255,1.0,0.0,0.01,0.0,0.0,0.0,0,1654.0
22,9,190,1624,0,1,11,0.0,0.0,1.0,0.0,0.0,11,255,1.0,0.0,0.03,0.0,0.0,0.0,0,85261.0
22,9,54540,8314,0,1,2,0.0,0.0,1.0,0.0,0.67,255,255,1.0,0.0,0.0,0.01,0.01,0.03,1,53972.0
22,9,208,3731,0,1,5,0.0,0.0,1.0,0.0,0.0,215,255,1.0,0.0,0.02,0.0,0.0,0.0,0,112171.0
22,9,311,7128,0,1,19,0.0,0.0,1.0,0.0,0.0,115,255,1.0,0.0,0.04,0.0,0.0,0.0,0,22252.0
49,9,1066,481,0,1,1,0.0,0.0,1.0,0.0,1.0,255,30,0.12,0.02,0.0,0.0,0.0,0.0,0,8199.0
44,5,0,0,0,0,236,1.0,1.0,0.06,0.07,0.0,255,14,0.05,0.06,0.0,1.0,1.0,0.0,1,24987.0
22,9,144,2700,0,1,12,0.0,0.0,1.0,0.0,0.09,24,255,1.0,0.0,0.03,0.0,0.0,0.0,0,75339.0
44,5,0,0,0,0,96,1.0,1.0,0.14,0.07,0.0,255,13,0.05,0.06,0.0,1.0,1.0,0.0,1,41194.0
15,5,0,0,0,0,142,1.0,1.0,0.12,0.06,0.0,255,17,0.07,0.06,0.0,1.0,1.0,0.0,1,34462.0
49,9,1159,333,0,1,1,0.0,0.0,1.0,0.0,0.0,176,139,0.52,0.02,0.01,0.0,0.0,0.04,0,124686.0
24,5,0,0,0,0,133,1.0,1.0,0.11,0.07,0.0,255,4,0.02,0.06,0.0,1.0,1.0,0.0,1,28561.0
49,9,719,333,0,1,1,0.0,0.0,1.0,0.0,1.0,174,127,0.73,0.04,0.0,0.0,0.0,0.0,0,60879.0
22,9,305,782,0,1,5,0.0,0.0,1.0,0.0,0.43,255,255,1.0,0.0,0.0,0.0,0.0,0.0,0,93215.0
49,9,645,329,0,1,1,0.0,0.0,1.0,0.0,0.0,255,7,0.03,0.5,0.0,0.0,0.0,0.0,0,73745.0
44,5,0,0,0,0,292,1.0,1.0,0.06,0.06,0.0,255,34,0.13,0.06,0.0,1.0,1.0,0.0,1,22987.0
22,9,54540,8314,0,1,4,0.0,0.0,1.0,0.0,0.0,44,44,1.0,0.0,0.0,0.0,0.0,0.05,1,88396.0
22,9,296,655,0,1,52,0.0,0.0,1.0,0.0,0.0,255,255,1.0,0.0,0.0,0.0,0.0,0.0,0,25136.0
49,9,92988,328,0,1,1,0.0,0.0,1.0,0.0,1.0,109,238,0.94,0.02,0.01,0.0,0.0,0.0,0,9685.0
3,5,0,0,0,0,297,1.0,1.0,0.05,0.06,0.0,255,15,0.06,0.07,0.0,1.0,1.0,0.0,1,78067.0
23,5,0,0,0,0,133,1.0,1.0,0.14,0.05,0.0,255,18,0.07,0.05,0.0,1.0,1.0,0.0,1,37316.0
22,9,188,4868,0,1,2,0.0,0.0,1.0,0.0,0.0,255,255,1.0,0.0,0.0,0.0,0.0,0.0,0,83876.0
22,9,202,5496,0,1,10,0.0,0.0,1.0,0.0,0.0,10,255,1.0,0.0,0.04,0.0,0.0,0.0,0,125578.0
44,5,0,0,0,0,204,1.0,1.0,0.08,0.06,0.0,255,14,0.05,0.07,0.0,1.0,1.0,0.0,1,54502.0
40,1,0,0,0,0,510,0.08,0.0,0.0,1.0,0.0,255,1,0.0,1.0,0.0,0.13,0.0,1.0,1,16365.0
61,5,0,0,0,0,249,1.0,1.0,0.06,0.06,0.0,255,6,0.02,0.09,0.0,1.0,1.0,0.0,1,59695.0
44,4,1,0,0,0,2,0.0,0.0,1.0,0.0,0.0,255,2,0.01,0.74,0.0,0.0,0.0,1.0,1,99049.0
40,9,1363,0,0,1,22,0.05,0.0,0.05,0.36,0.0,69,1,0.01,0.14,0.0,0.01,0.0,0.0,0,76847.0
11,9,45,88,0,0,202,0.0,0.0,1.0,0.0,0.0,255,232,0.91,0.01,0.0,0.0,0.0,0.0,0,21416.0
31,5,0,0,0,0,142,1.0,1.0,0.11,0.06,0.0,255,7,0.03,0.07,0.0,1.0,1.0,0.0,1,37025.0
22,9,304,3222,0,1,25,0.0,0.0,0.28,0.08,0.0,255,229,0.9,0.01,0.0,0.0,0.0,0.0,0,65549.0
40,9,147,0,0,0,5,0.0,0.0,0.2,0.6,0.0,255,1,0.0,0.62,0.0,0.0,0.0,0.0,0,57217.0
22,9,216,912,0,1,7,0.0,0.0,1.0,0.0,0.33,255,255,1.0,0.0,0.0,0.0,0.0,0.0,0,23453.0
44,9,105,147,0,0,8,0.0,0.0,0.12,0.25,0.0,255,237,0.93,0.01,0.0,0.0,0.0,0.0,0,34560.0
22,9,299,25796,0,1,1,0.0,0.0,1.0,0.0,0.4,255,255,1.0,0.0,0.0,0.0,0.0,0.0,0,22928.0
22,9,210,3047,0,1,4,0.0,0.0,1.0,0.0,0.0,10,255,1.0,0.0,0.02,0.0,0.0,0.0,0,122492.0
19,5,0,0,0,0,179,1.0,1.0,0.01,0.07,0.0,255,1,0.0,0.07,0.0,1.0,1.0,0.0,1,92354.0
22,1,0,0,0,0,1,0.0,0.0,1.0,0.0,0.0,3,135,1.0,0.0,0.19,0.0,0.0,0.65,0,7265.0
11,9,31,0,0,0,2,0.0,0.0,0.5,1.0,1.0,236,30,0.11,0.03,0.07,0.0,0.0,0.0,0,26346.0
17,2,0,0,0,0,282,0.0,0.0,0.04,0.06,0.0,255,11,0.04,0.07,0.0,0.0,0.0,1.0,1,40205.0
3,9,9,36,0,0,2,0.0,0.0,0.5,1.0,0.0,255,6,0.02,0.03,0.0,0.01,0.0,0.0,0,102892.0
22,9,216,9146,0,1,23,0.0,0.0,1.0,0.0,0.0,65,255,1.0,0.0,0.02,0.0,0.0,0.01,0,32523.0
44,9,1,0,0,0,11,0.0,0.0,0.27,0.27,0.0,255,3,0.01,0.31,0.0,0.0,0.0,0.0,1,123700.0
44,9,1,0,0,0,7,0.0,0.0,0.43,0.29,0.0,255,3,0.01,0.44,0.0,0.03,0.0,0.0,1,79117.0
49,9,1577,330,0,1,1,0.0,0.0,1.0,0.0,1.0,103,214,0.64,0.03,0.01,0.0,0.0,0.0,0,20183.0
13,9,8,0,0,0,1,0.0,0.0,1.0,0.0,1.0,2,87,1.0,0.0,0.51,0.0,0.0,0.0,1,5281.0
14,9,1032,0,0,0,509,0.0,0.0,1.0,0.0,0.0,255,167,0.65,0.16,0.0,0.0,0.0,0.0,1,86765.0
44,5,0,0,0,0,106,1.0,1.0,0.15,0.08,0.0,255,16,0.06,0.07,0.0,1.0,1.0,0.0,1,87856.0
28,5,0,0,0,0,227,1.0,1.0,0.08,0.05,0.0,255,18,0.07,0.06,0.0,1.0,1.0,0.0,1,74815.0
22,9,162,2778,0,1,3,0.0,0.0,1.0,0.0,0.0,255,255,1.0,0.0,0.0,0.0,0.0,0.0,0,6563.0
22,9,221,4509,0,1,28,0.0,0.0,1.0,0.0,0.07,255,255,1.0,0.0,0.0,0.0,0.0,0.0,0,65021.0
49,9,731,329,0,1,1,0.0,0.0,1.0,0.0,0.0,95,123,0.91,0.04,0.02,0.0,0.0,0.0,0,117836.0
44,5,0,0,0,0,125,1.0,1.0,0.04,0.05,0.0,255,5,0.02,0.06,0.0,1.0,1.0,0.0,1,61222.0
33,5,0,0,0,0,97,1.0,1.0,0.21,0.06,0.0,255,15,0.06,0.06,0.0,1.0,1.0,0.0,1,109670.0
11,9,46,134,0,0,70,0.0,0.0,0.99,0.03,0.01,255,254,1.0,0.01,0.0,0.0,0.0,0.0,0,9250.0
22,9,291,882,0,1,9,0.0,0.0,1.0,0.0,0.0,255,255,1.0,0.0,0.0,0.0,0.0,0.0,0,34308.0
47,1,0,0,0,0,32,0.03,0.0,0.03,1.0,0.0,255,1,0.0,0.16,0.0,0.0,0.0,1.0,1,124484.0
44,5,0,0,0,0,132,1.0,1.0,0.03,0.07,0.0,77,4,0.05,0.1,0.0,1.0,1.0,0.0,1,51393.0
52,5,0,0,0,0,294,1.0,1.0,0.05,0.06,0.0,255,6,0.02,0.09,0.0,1.0,1.0,0.0,1,43765.0
22,9,351,1461,0,1,3,0.0,0.0,1.0,0.0,0.0,255,255,1.0,0.0,0.0,0.0,0.0,0.0,0,52489.0
62,1,0,0,0,0,262,0.0,0.0,0.01,0.06,0.0,255,2,0.01,0.07,0.0,0.0,0.0,1.0,1,43184.0
22,9,210,762,0,1,1,0.0,0.33,1.0,0.0,1.0,231,255,1.0,0.0,0.01,0.0,0.0,0.0,0,18470.0
56,5,0,0,0,0,264,1.0,1.0,0.06,0.05,0.0,255,17,0.07,0.05,0.0,1.0,1.0,0.0,1,64075.0
11,9,45,131,0,0,73,0.0,0.0,1.0,0.0,0.01,255,254,1.0,0.01,0.0,0.0,0.0,0.0,0,70897.0
10,5,0,0,0,0,204,1.0,1.0,0.12,0.05,0.0,255,24,0.09,0.05,0.0,1.0,1.0,0.0,1,10186.0
19,5,0,0,0,0,18,0.94,1.0,0.28,0.22,0.0,255,8,0.03,0.07,0.0,1.0,1.0,0.0,1,89467.0
44,9,105,147,0,0,2,0.0,0.0,1.0,0.0,0.0,255,204,0.8,0.01,0.0,0.0,0.0,0.0,0,28740.0
19,9,12,0,0,1,2,0.0,0.0,0.5,1.0,0.0,174,45,0.2,0.04,0.04,0.0,0.0,0.0,0,25027.0
22,5,0,0,0,0,70,1.0,1.0,0.26,0.06,0.0,255,49,0.19,0.03,0.0,1.0,1.0,0.0,1,60666.0
40,9,146,105,0,0,4,0.0,0.0,0.5,0.5,0.0,255,2,0.01,0.56,0.0,0.0,0.0,0.0,0,94113.0
14,9,1032,0,0,0,33,0.0,0.0,1.0,0.0,0.0,255,183,0.72,0.02,0.0,0.0,0.0,0.0,1,57624.0
22,6,162,29200,0,1,1,1.0,1.0,1.0,0.0,0.0,1,255,1.0,0.0,0.01,1.0,0.01,0.0,0,113849.0
20,5,0,0,0,0,277,1.0,1.0,0.07,0.05,0.0,255,19,0.07,0.05,0.0,1.0,1.0,0.0,1,73124.0
40,1,0,0,0,0,510,0.07,0.0,0.0,1.0,0.0,255,1,0.0,1.0,0.0,0.03,0.0,1.0,1,110727.0
16,5,0,0,0,0,16,1.0,1.0,0.5,0.12,0.0,255,8,0.03,0.07,0.0,1.0,1.0,0.0,1,71497.0
44,9,1,0,0,0,126,0.0,0.0,0.84,0.03,0.0,255,155,0.61,0.05,0.0,0.0,0.0,0.0,1,108945.0
22,9,302,1288,0,1,2,0.0,0.0,1.0,0.0,0.0,100,255,1.0,0.0,0.02,0.0,0.0,0.0,0,36325.0
44,4,0,0,0,0,1,0.0,0.0,1.0,0.0,0.0,255,1,0.0,0.12,0.0,0.0,0.0,1.0,1,72642.0
58,9,128,0,0,0,6,0.0,0.0,0.17,0.33,0.0,177,22,0.12,0.02,0.09,0.0,0.0,0.0,0,46352.0
49,9,1115,387,0,1,1,0.0,0.0,1.0,0.0,0.0,56,173,0.61,0.05,0.01,0.0,0.0,0.0,0,87793.0
22,9,218,276,0,1,18,0.0,0.0,1.0,0.0,0.0,255,255,1.0,0.0,0.0,0.0,0.0,0.0,0,58574.0
22,9,261,3913,0,1,1,0.0,0.0,1.0,0.0,1.0,255,231,0.91,0.01,0.0,0.0,0.0,0.0,0,104377.0
51,5,0,0,0,0,201,1.0,1.0,0.08,0.06,0.0,255,17,0.07,0.07,0.0,1.0,1.0,0.0,1,14346.0
44,5,0,0,0,0,74,1.0,1.0,0.05,0.08,0.0,181,4,0.02,0.07,0.0,1.0,1.0,0.0,1,74062.0
22,9,303,2507,0,1,3,0.0,0.0,1.0,0.0,0.0,255,248,0.97,0.01,0.0,0.0,0.0,0.0,0,85712.0
22,9,246,866032,0,1,1,0.0,0.0,1.0,0.0,0.15,16,255,1.0,0.0,0.05,0.0,0.0,0.0,0,72510.0
44,9,1,0,0,0,28,0.0,0.0,0.29,0.11,0.0,255,19,0.07,0.78,0.0,0.03,0.0,0.0,1,76963.0
22,9,214,21815,0,1,3,0.0,0.0,1.0,0.0,0.0,31,255,1.0,0.0,0.07,0.0,0.0,0.0,0,24560.0
22,9,339,8292,0,1,14,0.0,0.0,1.0,0.0,0.11,80,255,1.0,0.0,0.01,0.0,0.0,0.0,0,47970.0
22,5,0,0,0,0,37,1.0,1.0,0.41,0.11,0.0,255,55,0.22,0.02,0.0,1.0,1.0,0.0,1,112706.0
34,4,0,0,0,0,1,0.0,0.0,1.0,0.0,0.0,255,1,0.0,1.0,0.0,0.0,0.0,1.0,1,46157.0
53,5,0,0,0,0,191,1.0,1.0,0.13,0.05,0.0,255,25,0.1,0.06,0.0,1.0,1.0,0.0,1,32238.0
11,9,44,80,0,0,236,0.0,0.0,1.0,0.0,0.0,255,227,0.89,0.01,0.0,0.0,0.0,0.0,0,16478.0
49,9,949,335,0,1,1,0.0,0.0,1.0,0.0,0.0,147,133,0.5,0.05,0.02,0.0,0.0,0.0,0,100078.0
11,9,42,42,0,0,2,0.0,0.0,1.0,0.0,0.67,255,226,0.89,0.01,0.0,0.0,0.0,0.0,0,101803.0
39,9,48,48,0,0,14,0.0,0.0,0.07,0.21,0.0,255,76,0.3,0.01,0.0,0.0,0.0,0.0,0,29193.0
19,9,19,0,0,0,2,0.0,0.0,0.5,1.0,0.0,255,97,0.38,0.04,0.0,0.0,0.01,0.0,0,70879.0
58,9,78,0,0,0,13,0.0,0.0,0.38,0.15,0.0,255,15,0.06,0.01,0.0,0.0,0.0,0.0,0,27279.0
62,5,0,0,0,0,235,1.0,1.0,0.01,0.06,0.0,255,2,0.01,0.07,0.0,1.0,1.0,0.0,1,102920.0
44,4,1,0,0,0,2,0.0,0.0,1.0,0.0,0.0,255,2,0.01,0.73,0.0,0.0,0.0,1.0,1,20028.0
56,5,0,0,0,0,219,1.0,1.0,0.03,0.06,0.0,255,15,0.06,0.06,0.0,1.0,1.0,0.0,1,29304.0
22,9,251,5063,0,1,23,0.0,0.0,1.0,0.0,0.06,187,255,1.0,0.0,0.02,0.0,0.0,0.0,0,106385.0
61,1,0,0,0,0,150,0.0,0.0,0.03,0.07,0.0,255,4,0.02,0.07,0.0,0.0,0.0,1.0,1,111776.0
22,9,207,1215,0,1,13,0.0,0.0,1.0,0.0,0.0,255,255,1.0,0.0,0.0,0.0,0.0,0.0,0,47300.0
35,1,0,0,0,0,102,0.0,0.0,0.01,0.08,0.0,255,1,0.0,0.08,0.0,0.0,0.0,1.0,1,42159.0
49,9,895,314,0,1,1,0.0,0.0,1.0,0.0,0.0,29,159,0.9,0.14,0.01,0.0,0.0,0.0,0,59361.0
40,9,1,0,0,0,27,0.0,0.0,0.04,0.19,0.0,255,1,0.0,0.16,0.0,0.0,0.0,0.0,1,24165.0
22,9,225,1675,0,1,1,0.0,0.0,1.0,0.0,1.0,9,255,1.0,0.0,0.04,0.0,0.0,0.0,0,1805.0
19,9,29,0,0,1,2,0.0,0.0,0.5,1.0,0.0,62,94,0.15,0.1,0.02,0.0,0.0,0.0,0,81358.0
40,1,0,0,0,0,511,0.21,0.0,0.0,1.0,0.0,255,1,0.0,1.0,0.0,0.2,0.0,1.0,1,41994.0
49,9,13209,1398,0,1,1,0.0,0.0,1.0,0.0,1.0,103,242,0.95,0.02,0.01,0.0,0.0,0.0,0,48871.0
16,5,0,0,0,0,142,1.0,1.0,0.12,0.06,0.0,255,17,0.07,0.07,0.0,1.0,1.0,0.0,1,110013.0
37,5,0,0,0,0,148,1.0,1.0,0.03,0.06,0.0,255,6,0.02,0.05,0.0,1.0,1.0,0.0,1,81357.0
22,9,190,622,0,1,58,0.0,0.0,1.0,0.0,0.03,255,255,1.0,0.0,0.0,0.0,0.0,0.0,0,109526.0
44,5,0,0,0,0,230,1.0,1.0,0.05,0.06,0.0,255,1,0.0,0.08,0.0,1.0,1.0,0.0,1,102862.0
44,5,0,0,0,0,79,1.0,1.0,0.11,0.08,0.0,187,9,0.05,0.07,0.0,1.0,1.0,0.0,1,110876.0
22,9,300,1569,0,1,32,0.0,0.0,1.0,0.0,0.05,32,255,1.0,0.0,0.04,0.0,0.0,0.0,0,94079.0
44,4,0,0,0,0,429,0.0,0.0,0.0,0.52,0.0,255,2,0.01,0.51,0.0,0.0,0.0,1.0,1,36683.0
22,9,200,421,0,1,28,0.0,0.0,1.0,0.0,0.07,255,255,1.0,0.0,0.0,0.0,0.0,0.0,0,82051.0
49,9,1327,337,0,1,1,0.0,0.0,1.0,0.0,1.0,11,100,0.55,0.27,0.03,0.0,0.0,0.0,0,81685.0
22,9,215,2211,0,1,6,0.0,0.0,1.0,0.0,0.05,72,255,1.0,0.0,0.03,0.0,0.0,0.0,0,49151.0
19,9,15876,0,0,0,16,0.0,0.0,1.0,0.0,0.0,166,54,0.33,0.02,0.0,0.0,0.0,0.0,0,46223.0
22,9,211,703,0,1,12,0.0,0.0,1.0,0.0,0.0,12,255,1.0,0.0,0.03,0.0,0.0,0.0,0,59060.0
22,9,312,739,0,1,1,0.0,0.0,1.0,0.0,0.0,9,17,1.0,0.0,0.12,0.0,0.0,0.0,0,117822.0
49,9,981,330,0,1,1,0.0,0.0,1.0,0.0,1.0,147,172,0.73,0.03,0.01,0.0,0.0,0.0,0,84706.0
22,9,228,4073,0,1,4,0.0,0.0,1.0,0.0,0.5,255,255,1.0,0.0,0.0,0.0,0.0,0.0,0,106943.0
60,5,0,0,0,0,246,1.0,1.0,0.01,0.05,0.0,255,2,0.01,0.06,0.0,1.0,1.0,0.0,1,59154.0
22,9,164,19950,0,1,1,0.0,0.0,1.0,0.0,0.0,187,255,1.0,0.0,0.01,0.0,0.0,0.0,0,22896.0
22,9,196,10111,0,1,3,0.0,0.0,1.0,0.0,0.25,12,255,1.0,0.0,0.03,0.0,0.0,0.0,0,21039.0
17,5,0,0,0,0,236,1.0,1.0,0.03,0.06,0.0,255,6,0.02,0.08,0.0,1.0,1.0,0.0,1,6719.0
44,9,1,0,0,0,12,0.0,0.0,0.08,0.67,0.0,255,1,0.0,0.47,0.0,0.03,0.0,0.0,1,102463.0
19,9,567,0,0,0,1,0.0,0.0,1.0,0.0,0.0,19,118,0.79,0.16,0.02,0.0,0.0,0.0,0,62842.0
49,9,2493,328,0,1,1,0.0,0.0,1.0,0.0,0.0,255,147,0.58,0.02,0.0,0.0,0.0,0.0,0,12181.0
3,5,0,0,0,0,295,1.0,1.0,0.03,0.05,0.0,255,6,0.02,0.07,0.0,1.0,1.0,0.0,1,22740.0
44,9,105,0,0,0,2,0.0,0.0,1.0,0.0,0.0,255,178,0.7,0.01,0.0,0.0,0.0,0.0,0,35424.0
44,5,0,0,0,0,122,1.0,1.0,0.04,0.06,0.0,255,3,0.01,0.06,0.0,1.0,1.0,0.0,1,9900.0
22,9,249,142716,0,1,1,0.0,0.0,1.0,0.0,0.0,39,255,1.0,0.0,0.02,0.0,0.0,0.0,0,83774.0
14,9,520,0,0,0,445,0.0,0.0,1.0,0.0,0.0,45,45,1.0,0.0,0.0,0.0,0.0,0.0,1,61788.0
8,5,0,0,0,0,292,1.0,1.0,0.08,0.05,0.0,255,23,0.09,0.05,0.0,1.0,1.0,0.0,1,41396.0
49,9,1244,331,0,1,1,0.0,0.0,1.0,0.0,0.0,81,168,0.46,0.04,0.02,0.0,0.02,0.01,0,43691.0
22,9,247,756,0,1,37,0.0,0.0,1.0,0.0,0.0,75,255,1.0,0.0,0.01,0.0,0.0,0.07,0,6899.0
44,5,0,0,0,0,130,0.99,1.0,0.03,0.07,0.0,255,4,0.02,0.06,0.0,1.0,1.0,0.0,1,55758.0
59,5,0,0,0,0,112,1.0,1.0,0.11,0.06,0.0,255,17,0.07,0.05,0.0,1.0,1.0,0.0,1,45595.0
30,5,0,0,0,0,138,1.0,1.0,0.04,0.05,0.0,255,5,0.02,0.05,0.0,1.0,1.0,0.0,1,105379.0
44,1,0,0,0,0,95,0.01,0.0,0.01,1.0,0.0,255,1,0.0,0.39,0.0,0.0,0.0,1.0,1,23036.0
28,5,0,0,0,0,256,1.0,1.0,0.08,0.05,0.0,255,20,0.08,0.05,0.0,1.0,1.0,0.0,1,99198.0
22,9,274,1264,0,1,25,0.0,0.0,1.0,0.0,0.0,25,255,1.0,0.0,0.06,0.0,0.0,0.0,0,48704.0
34,5,0,0,0,0,237,1.0,1.0,0.05,0.05,0.0,255,12,0.05,0.06,0.0,1.0,1.0,0.0,1,671.0
7,5,0,0,0,0,115,1.0,1.0,0.11,0.07,0.0,155,13,0.08,0.07,0.0,1.0,1.0,0.0,1,84281.0
25,1,0,0,0,0,262,0.0,0.0,0.07,0.06,0.0,255,18,0.07,0.07,0.0,0.0,0.0,1.0,1,90959.0
11,9,34,34,0,0,5,0.0,0.0,1.0,0.0,0.31,255,236,0.93,0.01,0.0,0.0,0.0,0.0,0,113459.0
22,9,190,6924,0,1,23,0.0,0.0,1.0,0.0,0.05,255,255,1.0,0.0,0.0,0.0,0.0,0.0,0,93657.0
18,9,1195,2447,0,1,1,0.0,0.0,1.0,0.0,0.0,255,74,0.29,0.02,0.0,0.0,0.0,0.0,1,107324.0
22,9,207,622,0,1,16,0.06,0.05,1.0,0.0,0.09,255,255,1.0,0.0,0.0,0.01,0.01,0.0,0,20115.0
20,1,0,0,0,0,259,0.0,0.0,0.06,0.05,0.0,255,16,0.06,0.06,0.0,0.0,0.0,1.0,1,12230.0
22,9,326,1380,0,1,2,0.0,0.0,1.0,0.0,0.0,10,255,1.0,0.0,0.04,0.0,0.0,0.0,0,24547.0
22,9,223,10907,0,1,9,0.0,0.0,1.0,0.0,0.11,72,255,1.0,0.0,0.06,0.0,0.0,0.0,0,31735.0
11,9,46,78,0,0,264,0.0,0.0,1.0,0.0,0.0,255,254,1.0,0.01,0.0,0.0,0.0,0.0,0,118122.0
44,5,0,0,0,0,92,1.0,1.0,0.15,0.05,0.0,255,1,0.0,0.07,0.0,1.0,1.0,0.0,1,70853.0
53,5,0,0,0,0,129,1.0,1.0,0.02,0.08,0.0,255,3,0.01,0.07,0.0,1.0,1.0,0.0,1,101350.0
19,9,71,0,0,1,2,0.0,0.0,0.5,1.0,0.0,255,65,0.25,0.05,0.0,0.22,0.0,0.0,0,111465.0
28,1,0,0,0,0,114,0.0,0.0,0.05,0.08,0.0,238,6,0.03,0.07,0.0,0.0,0.0,1.0,1,11756.0
44,1,0,0,0,0,281,0.0,0.0,0.04,0.06,0.0,255,11,0.04,0.09,0.0,0.0,0.0,1.0,1,69633.0
25,5,0,0,0,0,283,1.0,1.0,0.04,0.06,0.0,255,12,0.05,0.08,0.0,1.0,1.0,0.0,1,52678.0
19,5,0,0,0,0,14,1.0,1.0,0.21,0.29,0.0,255,63,0.25,0.02,0.0,1.0,1.0,0.0,1,116789.0
17,5,0,0,0,0,32,1.0,1.0,0.03,0.16,0.0,255,1,0.0,0.08,0.0,1.0,1.0,0.0,1,91574.0
22,9,213,1415,0,1,3,0.0,0.0,1.0,0.0,0.27,255,255,1.0,0.0,0.0,0.0,0.0,0.0,0,72787.0
49,9,863,337,0,1,1,0.0,0.0,1.0,0.0,0.0,144,186,0.63,0.03,0.01,0.0,0.0,0.0,0,32702.0
22,9,357,4084,0,1,10,0.0,0.0,1.0,0.0,0.0,255,255,1.0,0.0,0.0,0.0,0.0,0.0,0,32794.0
22,9,205,2530,0,1,29,0.0,0.0,1.0,0.0,0.0,255,255,1.0,0.0,0.0,0.0,0.0,0.0,0,80055.0
22,9,246,2538,0,1,1,0.0,0.0,1.0,0.0,0.18,3,255,1.0,0.0,0.02,0.0,0.0,0.0,0,88512.0
54,1,0,0,0,0,274,0.0,0.0,0.07,0.07,0.0,255,19,0.07,0.08,0.0,0.0,0.0,1.0,1,97229.0
55,5,0,0,0,0,271,1.0,1.0,0.08,0.05,0.0,255,23,0.09,0.05,0.0,1.0,1.0,0.0,1,95639.0
54,1,0,0,0,0,262,0.0,0.0,0.05,0.07,0.0,255,13,0.05,0.08,0.0,0.0,0.0,1.0,1,51812.0
3,5,0,0,0,0,243,1.0,1.0,0.02,0.07,0.0,255,4,0.02,0.07,0.0,1.0,1.0,0.0,1,28923.0
44,1,0,0,0,0,147,0.0,0.0,0.11,0.05,0.0,255,13,0.05,0.06,0.0,0.0,0.0,1.0,1,91124.0
22,9,210,3754,0,1,18,0.0,0.0,1.0,0.0,0.0,62,255,1.0,0.0,0.02,0.0,0.01,0.0,0,361.0
22,9,324,44823,0,1,1,0.0,0.0,1.0,0.0,0.0,27,255,1.0,0.0,0.03,0.04,0.01,0.0,0,110859.0
22,9,382,400,0,1,22,0.0,0.0,1.0,0.0,0.0,255,255,1.0,0.0,0.0,0.0,0.0,0.01,0,77746.0
26,5,0,0,0,0,144,1.0,1.0,0.06,0.06,0.0,255,8,0.03,0.05,0.0,1.0,1.0,0.0,1,26759.0
11,9,42,42,0,0,2,0.0,0.0,1.0,0.0,0.0,255,245,0.96,0.01,0.0,0.0,0.0,0.0,0,67940.0
11,9,45,73,0,0,140,0.0,0.0,1.0,0.0,0.0,255,254,1.0,0.01,0.0,0.0,0.0,0.0,0,69794.0
18,5,0,0,0,0,235,1.0,1.0,0.03,0.06,0.0,255,7,0.03,0.08,0.0,1.0,1.0,0.0,1,43597.0
17,5,0,0,0,0,246,1.0,1.0,0.01,0.05,0.0,255,3,0.01,0.06,0.0,1.0,1.0,0.0,1,58282.0
49,9,1693,329,0,1,1,0.0,0.0,1.0,0.0,1.0,53,131,0.15,0.08,0.02,0.0,0.01,0.0,0,50362.0
55,9,140,2095,0,1,1,0.0,0.0,1.0,0.0,0.0,1,4,1.0,0.0,1.0,0.0,0.0,0.0,0,90026.0
44,5,0,0,0,0,143,1.0,1.0,0.05,0.06,0.0,255,7,0.03,0.05,0.0,1.0,1.0,0.0,1,52774.0
54,5,0,0,0,0,261,1.0,1.0,0.06,0.06,0.0,255,15,0.06,0.07,0.0,1.0,1.0,0.0,1,123968.0
22,9,169,5908,0,1,2,0.0,0.0,1.0,0.0,0.0,99,255,1.0,0.0,0.05,0.0,0.0,0.0,0,102738.0
44,5,0,0,0,0,231,1.0,1.0,0.08,0.06,0.0,255,18,0.07,0.07,0.0,1.0,1.0,0.0,1,82462.0
49,9,984,339,0,1,1,0.0,0.0,1.0,0.0,0.0,162,91,0.56,0.04,0.0,0.0,0.0,0.0,0,50204.0
11,9,46,112,0,0,69,0.0,0.0,1.0,0.0,0.01,255,254,1.0,0.01,0.0,0.0,0.0,0.0,0,75071.0
61,5,0,0,0,0,123,1.0,1.0,0.14,0.07,0.0,255,17,0.07,0.07,0.0,1.0,1.0,0.0,1,120919.0
22,9,224,260,0,1,6,0.0,0.0,1.0,0.0,0.2,109,129,1.0,0.0,0.03,0.02,0.02,0.0,0,123183.0
44,5,0,0,0,0,229,1.0,1.0,0.01,0.07,0.0,255,6,0.02,0.07,0.0,1.0,1.0,0.0,1,11878.0
62,1,0,0,0,0,290,0.0,0.0,0.06,0.06,0.0,255,16,0.06,0.07,0.0,0.0,0.0,1.0,1,3727.0
14,9,1032,0,0,0,511,0.0,0.0,1.0,0.0,0.0,170,25,0.15,0.02,0.0,0.0,0.0,0.0,1,102913.0
8,5,0,0,0,0,102,1.0,1.0,0.02,0.07,0.0,255,2,0.01,0.07,0.0,1.0,1.0,0.0,1,75994.0
19,5,0,0,0,0,207,1.0,1.0,0.07,0.06,0.0,255,14,0.05,0.07,0.0,1.0,1.0,0.0,1,17328.0
44,5,0,0,0,0,247,1.0,1.0,0.03,0.06,0.0,255,1,0.0,0.07,0.0,1.0,1.0,0.0,1,53237.0
49,9,11406,1358,0,1,1,0.0,0.0,1.0,0.0,1.0,3,42,1.0,0.0,0.05,0.0,0.0,0.0,0,105014.0
25,5,0,0,0,0,119,1.0,1.0,0.18,0.05,0.0,255,21,0.08,0.05,0.0,1.0,1.0,0.0,1,25804.0
51,1,0,0,0,0,236,0.0,0.0,0.07,0.06,0.0,255,16,0.06,0.07,0.0,0.0,0.0,1.0,1,88661.0
22,9,320,1606,0,1,11,0.0,0.0,1.0,0.0,0.15,32,255,1.0,0.0,0.07,0.0,0.01,0.0,0,111335.0
13,9,8,0,0,0,1,0.0,0.0,1.0,0.0,1.0,2,20,1.0,0.0,0.55,0.0,0.0,0.0,1,14282.0
49,9,1086,327,0,1,1,0.0,0.0,1.0,0.0,0.0,255,121,0.47,0.02,0.0,0.0,0.0,0.02,0,57716.0
55,9,204,35661,0,1,1,0.0,0.0,1.0,0.0,0.0,1,6,1.0,0.0,0.83,0.0,0.0,0.0,0,111637.0
22,9,222,289,0,1,3,0.0,0.18,1.0,0.0,0.36,7,255,1.0,0.0,0.03,0.0,0.0,0.0,0,62985.0
52,5,0,0,0,0,279,1.0,1.0,0.07,0.06,0.0,255,6,0.02,0.06,0.0,1.0,1.0,0.0,1,39945.0
11,9,45,132,0,0,80,0.0,0.0,0.99,0.03,0.02,255,200,0.78,0.02,0.0,0.0,0.0,0.0,0,45651.0
22,6,306,36315,0,1,1,1.0,1.0,1.0,0.0,0.0,255,255,1.0,0.0,0.0,0.0,0.0,0.0,0,34911.0
22,9,216,1353,0,1,3,0.0,0.0,1.0,0.0,0.0,76,255,1.0,0.0,0.03,0.0,0.0,0.0,0,4753.0
11,9,43,75,0,0,173,0.0,0.0,1.0,0.0,0.0,255,254,1.0,0.01,0.0,0.0,0.0,0.0,0,4375.0
49,9,583,323,0,1,1,0.0,0.0,1.0,0.0,1.0,255,9,0.04,0.71,0.0,0.0,0.0,0.0,0,9140.0
10,5,0,0,0,0,109,1.0,1.0,0.17,0.06,0.0,255,9,0.04,0.07,0.0,1.0,1.0,0.0,1,109332.0
44,5,0,0,0,0,141,1.0,1.0,0.01,0.06,0.0,255,9,0.04,0.06,0.0,1.0,1.0,0.0,1,110952.0
33,5,0,0,0,0,101,1.0,1.0,0.01,0.07,0.0,255,1,0.0,0.08,0.0,1.0,1.0,0.0,1,123031.0
11,9,33,93,0,0,2,0.0,0.0,0.5,1.0,0.0,255,252,0.99,0.01,0.0,0.0,0.0,0.0,0,90965.0
22,9,285,705,0,1,2,0.0,0.0,1.0,0.0,0.4,4,255,1.0,0.0,0.05,0.0,0.01,0.01,0,124499.0
15,5,0,0,0,0,142,1.0,1.0,0.17,0.05,0.0,255,24,0.09,0.05,0.0,1.0,1.0,0.0,1,122864.0
19,9,4539,0,0,1,21,0.0,0.0,1.0,0.0,0.0,42,77,0.64,0.1,0.04,0.0,0.0,0.0,0,106815.0
19,5,0,0,0,0,35,1.0,1.0,0.2,0.11,0.0,255,43,0.17,0.04,0.0,1.0,1.0,0.0,1,39954.0
22,9,349,1411,0,1,7,0.0,0.0,1.0,0.0,0.33,171,255,1.0,0.0,0.01,0.0,0.0,0.0,0,113690.0
11,9,43,126,0,0,89,0.0,0.0,1.0,0.0,0.01,255,255,1.0,0.0,0.0,0.0,0.0,0.0,0,32907.0
49,9,795,330,0,1,1,0.0,0.0,1.0,0.0,1.0,161,186,0.71,0.04,0.01,0.0,0.0,0.0,0,76141.0
19,9,7045,0,0,1,2,0.0,0.0,1.0,0.0,0.0,7,34,1.0,0.0,0.12,0.0,0.0,0.0,1,57359.0
3,5,0,0,0,0,221,1.0,1.0,0.01,0.06,0.0,255,2,0.01,0.08,0.0,1.0,1.0,0.0,1,96178.0
44,5,0,0,0,0,182,1.0,1.0,0.01,0.07,0.0,255,20,0.08,0.06,0.0,1.0,1.0,0.0,1,115313.0
39,9,48,48,0,0,1,0.0,0.0,1.0,0.0,0.0,49,49,1.0,0.0,0.0,0.0,0.0,0.0,0,113423.0
14,9,1480,0,1,0,1,0.0,0.0,1.0,0.0,0.67,2,33,0.5,1.0,0.52,0.0,0.0,0.0,1,45914.0
27,5,0,0,0,0,62,1.0,1.0,0.03,0.06,0.0,255,2,0.01,0.05,0.0,1.0,1.0,0.0,1,110878.0
22,9,191,522,0,1,7,0.0,0.0,1.0,0.0,0.0,31,255,1.0,0.0,0.01,0.0,0.0,0.0,0,74153.0
44,5,0,0,0,0,110,1.0,1.0,0.08,0.06,0.0,255,27,0.11,0.06,0.0,1.0,1.0,0.0,1,100536.0
44,5,0,0,0,0,88,1.0,1.0,0.2,0.06,0.0,255,3,0.01,0.07,0.0,1.0,1.0,0.0,1,38062.0
22,9,317,594,0,1,1,0.0,0.0,1.0,0.0,1.0,5,255,1.0,0.0,0.07,0.0,0.0,0.0,0,59477.0
19,9,29,0,0,0,1,0.0,0.0,1.0,0.0,0.0,6,5,0.83,0.33,0.0,0.0,0.0,0.0,0,101750.0
40,5,0,0,0,0,510,0.33,1.0,0.0,1.0,0.0,255,1,0.0,1.0,0.0,0.47,1.0,0.0,1,59264.0
13,9,8,0,0,0,1,0.0,0.0,1.0,0.0,1.0,2,22,1.0,0.0,0.5,0.0,0.0,0.0,1,120561.0
49,9,2241,329,0,1,1,0.0,0.0,1.0,0.0,1.0,81,108,0.4,0.06,0.02,0.0,0.0,0.0,0,123360.0
22,0,0,0,0,0,6,0.17,0.17,1.0,0.0,0.0,83,255,1.0,0.0,0.06,0.01,0.0,0.0,0,63931.0
53,5,0,0,0,0,217,1.0,1.0,0.09,0.06,0.0,255,18,0.07,0.08,0.0,1.0,1.0,0.0,1,33180.0
22,9,237,4627,0,1,19,0.0,0.0,1.0,0.0,0.0,255,255,1.0,0.0,0.0,0.0,0.0,0.0,0,68025.0
19,9,172,0,0,1,1,0.0,0.0,1.0,0.0,0.0,47,55,0.79,0.04,0.04,0.0,0.0,0.0,0,69118.0
18,5,0,0,0,0,222,1.0,1.0,0.0,0.07,0.0,255,1,0.0,0.07,0.0,1.0,1.0,0.0,1,32631.0
44,5,0,0,0,0,150,1.0,1.0,0.04,0.08,0.0,255,6,0.02,0.07,0.0,1.0,1.0,0.0,1,73739.0
40,1,0,0,0,0,432,0.08,0.0,0.0,1.0,0.0,255,1,0.0,1.0,0.0,0.06,0.0,1.0,1,96162.0
22,9,218,180,0,1,29,0.0,0.0,1.0,0.0,0.0,37,255,1.0,0.0,0.04,0.0,0.0,0.0,0,123978.0
22,9,289,2191,0,1,5,0.0,0.17,1.0,0.0,0.33,35,255,1.0,0.0,0.04,0.0,0.0,0.0,0,31527.0
14,9,520,0,0,0,170,0.0,0.0,1.0,0.0,0.0,255,255,1.0,0.0,0.0,0.0,0.0,0.0,1,104962.0
19,5,0,0,0,0,32,1.0,1.0,0.22,0.12,0.0,194,47,0.24,0.02,0.0,0.99,1.0,0.0,1,86698.0
20,5,0,0,0,0,236,1.0,1.0,0.02,0.06,0.0,255,5,0.02,0.06,0.0,1.0,1.0,0.0,1,76306.0
44,9,28,0,3,0,33,0.0,0.0,1.0,0.0,0.0,255,33,0.13,0.02,0.0,0.0,0.0,0.0,1,6864.0
22,9,235,2698,0,1,4,0.0,0.0,1.0,0.0,0.0,255,251,0.98,0.01,0.0,0.0,0.0,0.0,0,113213.0
13,9,8,0,0,0,1,0.0,0.0,1.0,0.0,1.0,2,106,1.0,0.0,0.5,0.0,0.0,0.0,1,48490.0
44,1,0,0,0,0,143,0.0,0.0,0.03,0.06,0.0,255,22,0.09,0.07,0.0,0.0,0.0,1.0,1,49715.0
17,9,10,147,0,0,1,0.0,0.0,1.0,0.0,0.0,255,3,0.01,0.07,0.0,0.78,0.0,0.0,0,15784.0
22,9,211,480,0,1,30,0.0,0.0,1.0,0.0,0.0,30,255,1.0,0.0,0.03,0.0,0.01,0.0,0,5547.0
44,5,0,0,0,0,263,1.0,1.0,0.03,0.06,0.0,255,7,0.03,0.08,0.0,1.0,1.0,0.0,1,33469.0
22,9,209,3127,0,1,19,0.0,0.0,1.0,0.0,0.08,117,255,1.0,0.0,0.02,0.0,0.0,0.0,0,99030.0
44,5,0,0,0,0,136,1.0,1.0,0.04,0.06,0.0,255,7,0.03,0.07,0.0,1.0,1.0,0.0,1,92206.0
22,9,186,6267,0,1,15,0.0,0.0,1.0,0.0,0.15,109,255,1.0,0.0,0.03,0.01,0.01,0.0,0,102904.0
13,9,8,0,0,0,1,0.0,0.0,1.0,0.0,1.0,4,128,1.0,0.0,0.25,0.0,0.0,0.0,1,28419.0
24,5,0,0,0,0,220,1.0,1.0,0.01,0.06,0.0,255,2,0.01,0.05,0.0,1.0,1.0,0.0,1,102545.0
37,5,0,0,0,0,110,1.0,1.0,0.14,0.06,0.0,255,34,0.13,0.06,0.0,1.0,1.0,0.0,1,49571.0
44,1,0,0,0,0,239,0.09,0.0,0.0,1.0,0.0,255,1,0.0,0.95,0.0,0.08,0.0,1.0,1,37468.0
59,5,0,0,0,0,140,1.0,1.0,0.08,0.06,0.0,255,11,0.04,0.07,0.0,1.0,1.0,0.0,1,55216.0
40,1,0,0,0,0,372,0.06,0.0,0.0,1.0,0.0,255,1,0.0,1.0,0.0,0.08,0.0,1.0,1,63950.0
22,9,213,2610,0,1,20,0.0,0.0,1.0,0.0,0.1,181,255,1.0,0.0,0.03,0.0,0.0,0.0,0,25864.0
19,9,194,0,0,1,1,0.0,0.0,1.0,0.0,0.0,5,102,0.8,0.4,0.03,0.0,0.01,0.0,0,84898.0
18,5,0,0,0,0,275,1.0,1.0,0.05,0.05,0.0,255,8,0.03,0.09,0.0,1.0,1.0,0.0,1,83281.0
18,9,1204,3380,0,1,1,0.0,0.0,1.0,0.0,0.0,255,50,0.2,0.03,0.0,0.01,0.0,0.0,0,108076.0
22,9,224,6509,0,1,7,0.0,0.0,1.0,0.0,0.0,7,255,1.0,0.0,0.04,0.0,0.01,0.0,0,120692.0
40,9,145,105,0,0,1,0.0,0.0,1.0,0.0,0.0,255,1,0.0,0.66,0.0,0.0,0.0,0.0,0,10465.0
44,5,0,0,0,0,218,1.0,1.0,0.06,0.06,0.0,255,7,0.03,0.07,0.0,1.0,1.0,0.0,1,89354.0
40,9,146,105,0,0,3,0.0,0.0,0.33,0.67,0.0,255,1,0.0,0.58,0.0,0.0,0.0,0.0,0,34172.0
49,9,1948,359,0,1,1,0.0,0.0,1.0,0.0,0.0,255,18,0.07,0.46,0.0,0.0,0.0,0.0,0,123000.0
22,7,197,19238,0,1,1,1.0,0.5,1.0,0.0,1.0,255,255,1.0,0.0,0.0,0.0,0.0,0.0,0,95849.0
19,9,71,0,0,1,1,0.0,0.0,1.0,0.0,0.0,255,15,0.06,0.06,0.0,0.62,0.0,0.0,0,108026.0
44,5,0,0,0,0,266,1.0,1.0,0.06,0.06,0.0,255,4,0.02,0.08,0.0,1.0,1.0,0.0,1,110824.0
22,9,243,399,0,1,27,0.0,0.0,1.0,0.0,0.0,255,255,1.0,0.0,0.0,0.0,0.0,0.0,0,49922.0
52,5,0,0,0,0,173,1.0,1.0,0.08,0.06,0.0,255,20,0.08,0.06,0.0,1.0,1.0,0.0,1,118546.0
22,9,170,37014,0,1,1,0.0,0.0,1.0,0.0,0.0,255,255,1.0,0.0,0.0,0.0,0.0,0.0,0,2096.0
11,9,33,88,0,0,1,0.0,0.0,1.0,0.0,1.0,255,232,0.91,0.01,0.0,0.0,0.0,0.0,0,86462.0
44,5,0,0,0,0,146,1.0,1.0,0.09,0.06,0.0,255,13,0.05,0.06,0.0,1.0,1.0,0.0,1,42634.0
44,1,0,0,0,0,150,0.0,0.0,0.13,0.05,0.0,255,39,0.15,0.06,0.0,0.0,0.0,1.0,1,123626.0
44,1,0,0,0,0,1,0.0,0.0,1.0,0.0,0.0,31,1,0.03,1.0,0.0,0.0,0.0,1.0,1,97973.0
25,5,0,0,0,0,277,1.0,1.0,0.02,0.05,0.0,255,6,0.02,0.05,0.0,1.0,1.0,0.0,1,27311.0
56,9,0,4,0,0,1,0.0,0.0,1.0,0.0,0.0,17,17,1.0,0.0,0.0,0.12,0.12,0.0,0,28109.0
44,5,0,0,0,0,287,1.0,1.0,0.02,0.06,0.0,255,6,0.02,0.07,0.0,1.0,1.0,0.0,1,61598.0
11,9,44,131,0,0,71,0.0,0.0,0.99,0.03,0.01,255,199,0.78,0.02,0.0,0.0,0.0,0.0,0,112623.0
22,9,279,16571,0,1,4,0.0,0.0,1.0,0.0,0.0,4,255,1.0,0.0,0.04,0.0,0.0,0.0,0,79276.0
11,9,43,131,0,0,230,0.0,0.0,1.0,0.01,0.01,232,193,0.83,0.01,0.0,0.0,0.0,0.0,0,62174.0
22,9,222,3198,0,1,4,0.0,0.0,1.0,0.0,0.5,136,255,1.0,0.0,0.02,0.01,0.0,0.0,0,50867.0
44,1,0,0,0,0,135,0.01,0.0,0.01,1.0,0.0,255,1,0.0,0.56,0.0,0.0,0.0,1.0,1,77182.0
15,5,0,0,0,0,78,1.0,1.0,0.21,0.06,0.0,255,16,0.06,0.07,0.0,1.0,1.0,0.0,1,6334.0
22,9,320,15080,0,1,12,0.0,0.0,1.0,0.0,0.2,231,255,1.0,0.0,0.02,0.0,0.0,0.0,0,124314.0
22,9,292,1569,0,1,4,0.0,0.0,1.0,0.0,0.31,70,255,1.0,0.0,0.01,0.01,0.0,0.0,0,19609.0
44,5,0,0,0,0,119,1.0,1.0,0.01,0.08,0.0,255,2,0.01,0.06,0.0,1.0,1.0,0.0,1,2187.0
11,9,42,42,0,0,4,0.0,0.0,1.0,0.0,0.33,255,255,1.0,0.0,0.0,0.0,0.0,0.0,0,93631.0
44,5,0,0,0,0,69,1.0,1.0,0.1,0.07,0.0,249,7,0.03,0.06,0.0,1.0,1.0,0.0,1,58835.0
44,5,0,0,0,0,201,1.0,1.0,0.09,0.05,0.0,255,19,0.07,0.07,0.0,1.0,1.0,0.0,1,64307.0
17,5,0,0,0,0,49,1.0,1.0,0.24,0.08,0.0,131,35,0.24,0.03,0.06,0.98,0.91,0.0,1,115309.0
19,9,37,0,0,1,2,0.0,0.0,1.0,0.0,0.5,119,107,0.15,0.03,0.02,0.07,0.0,0.0,0,99816.0
49,9,12150,1390,0,1,1,0.0,0.0,1.0,0.0,0.0,162,122,0.75,0.02,0.0,0.0,0.0,0.0,0,115417.0
22,9,316,751,0,1,15,0.0,0.0,1.0,0.0,0.09,189,255,1.0,0.0,0.01,0.0,0.0,0.0,0,90524.0
58,9,182,0,0,0,2,0.0,0.0,0.5,1.0,0.0,255,17,0.07,0.01,0.0,0.0,0.0,0.0,0,84021.0
22,9,293,2325,0,1,10,0.0,0.0,1.0,0.0,0.18,239,255,1.0,0.0,0.01,0.0,0.0,0.0,0,2128.0
40,9,146,105,0,0,4,0.0,0.0,0.5,0.5,0.0,255,2,0.01,0.7,0.0,0.0,0.0,0.0,0,83898.0
44,5,0,0,0,0,180,1.0,1.0,0.09,0.06,0.0,255,15,0.06,0.08,0.0,1.0,1.0,0.0,1,3320.0
22,9,301,3986,0,1,7,0.0,0.0,1.0,0.0,0.0,49,255,1.0,0.0,0.05,0.0,0.0,0.0,0,77779.0
40,1,0,0,0,0,509,0.21,0.0,0.0,1.0,0.0,255,1,0.0,1.0,0.0,0.16,0.0,1.0,1,81158.0
26,1,0,0,0,0,107,0.0,0.0,0.07,0.07,0.0,255,7,0.03,0.07,0.0,0.0,0.0,1.0,1,28476.0
22,9,253,674,0,1,13,0.0,0.0,1.0,0.0,0.0,86,255,1.0,0.0,0.02,0.0,0.0,0.0,0,108846.0
22,9,221,2855,0,1,13,0.0,0.0,1.0,0.0,0.14,27,255,1.0,0.0,0.01,0.0,0.0,0.0,0,92040.0
14,9,1480,0,1,0,12,0.0,0.0,1.0,0.0,0.0,255,14,0.05,0.02,0.0,0.0,0.0,0.0,1,49314.0
3,5,0,0,0,0,201,1.0,1.0,0.02,0.05,0.0,255,5,0.02,0.06,0.0,1.0,1.0,0.0,1,109291.0
44,1,0,0,0,0,134,0.0,0.0,0.12,0.06,0.0,255,33,0.13,0.07,0.0,0.0,0.0,1.0,1,25525.0
11,9,45,127,0,0,44,0.0,0.0,1.0,0.0,0.02,184,196,0.78,0.02,0.01,0.0,0.0,0.0,0,39980.0
22,9,255,1738,0,1,3,0.0,0.0,1.0,0.0,0.0,255,255,1.0,0.0,0.0,0.0,0.0,0.0,0,105549.0
11,9,45,73,0,0,309,0.0,0.0,1.0,0.0,0.0,255,219,0.86,0.01,0.0,0.0,0.0,0.0,0,89003.0
25,5,0,0,0,0,217,1.0,1.0,0.06,0.07,0.0,255,14,0.05,0.07,0.0,1.0,1.0,0.0,1,1450.0
44,5,0,0,0,0,113,1.0,1.0,0.16,0.06,0.0,255,5,0.02,0.07,0.0,1.0,1.0,0.0,1,61730.0
11,9,44,133,0,0,189,0.0,0.0,1.0,0.0,0.0,255,251,0.98,0.01,0.0,0.0,0.0,0.0,0,57492.0
22,9,202,302,0,1,5,0.0,0.0,1.0,0.0,0.0,73,255,1.0,0.0,0.05,0.01,0.0,0.0,0,83787.0
11,9,46,78,0,0,108,0.0,0.0,0.99,0.02,0.02,255,253,0.99,0.01,0.0,0.0,0.0,0.0,0,95809.0
18,9,1201,2447,0,1,1,0.0,0.0,1.0,0.0,0.0,255,108,0.42,0.02,0.0,0.0,0.0,0.0,1,83087.0
22,9,306,1898,0,1,16,0.0,0.0,1.0,0.0,0.0,66,255,1.0,0.0,0.04,0.0,0.0,0.0,0,111605.0
44,5,0,0,0,0,241,1.0,1.0,0.09,0.05,0.0,102,21,0.21,0.1,0.0,0.86,1.0,0.0,1,35110.0
11,9,44,110,0,0,3,0.0,0.0,1.0,0.0,0.0,255,254,1.0,0.01,0.0,0.0,0.0,0.0,0,28230.0
14,9,520,0,0,0,458,0.0,0.0,1.0,0.0,0.0,52,52,1.0,0.0,0.0,0.0,0.0,0.0,1,2583.0
28,5,0,0,0,0,124,1.0,1.0,0.11,0.06,0.0,255,11,0.04,0.06,0.0,1.0,1.0,0.0,1,20423.0
56,2,0,0,0,0,298,0.0,0.0,0.07,0.06,0.0,255,20,0.08,0.07,0.0,0.0,0.0,1.0,1,85778.0
44,5,0,0,0,0,230,1.0,1.0,0.0,0.06,0.0,255,19,0.07,0.06,0.0,1.0,1.0,0.0,1,102751.0
22,9,237,1565,0,1,3,0.0,0.0,1.0,0.0,0.5,168,255,1.0,0.0,0.01,0.0,0.0,0.0,0,84823.0
40,9,8325,0,0,1,20,0.05,0.0,0.05,0.35,0.0,172,1,0.01,0.06,0.0,0.01,0.0,0.0,0,24985.0
22,5,0,0,0,0,243,1.0,1.0,0.01,0.07,0.0,255,2,0.01,0.07,0.0,1.0,1.0,0.0,1,74878.0
11,9,44,134,0,0,77,0.0,0.0,1.0,0.0,0.01,255,210,0.82,0.01,0.0,0.0,0.0,0.0,0,119486.0
47,5,0,0,0,0,270,1.0,1.0,0.04,0.05,0.0,255,11,0.04,0.05,0.0,1.0,1.0,0.0,1,120463.0
22,9,321,4783,0,1,2,0.0,0.0,1.0,0.0,0.0,2,255,1.0,0.0,0.05,0.0,0.0,0.0,0,93783.0
44,1,0,0,0,0,285,0.0,0.0,0.07,0.06,0.0,255,20,0.08,0.08,0.0,0.0,0.0,1.0,1,10551.0
22,9,274,10027,0,1,5,0.0,0.0,1.0,0.0,0.0,7,255,1.0,0.0,0.08,0.0,0.0,0.0,0,85092.0
23,5,0,0,0,0,102,1.0,1.0,0.16,0.06,0.0,255,16,0.06,0.05,0.0,1.0,1.0,0.0,1,111382.0
22,9,231,9950,0,1,1,0.0,0.0,1.0,0.0,0.15,7,254,1.0,0.0,0.03,0.0,0.0,0.01,0,15443.0
46,5,0,0,0,0,245,1.0,1.0,0.08,0.06,0.0,255,19,0.07,0.06,0.0,1.0,1.0,0.0,1,90592.0
22,9,285,2297,0,1,16,0.0,0.0,1.0,0.0,0.0,44,255,1.0,0.0,0.04,0.0,0.0,0.0,0,76271.0
22,9,343,3296,0,1,4,0.0,0.0,1.0,0.0,0.0,154,255,1.0,0.0,0.02,0.01,0.0,0.0,0,28239.0
22,5,0,0,0,0,11,1.0,1.0,0.55,0.27,0.0,255,55,0.22,0.03,0.0,1.0,1.0,0.0,1,102530.0
22,9,288,9025,0,1,5,0.0,0.0,1.0,0.0,0.0,13,255,1.0,0.0,0.02,0.0,0.0,0.0,0,74110.0
22,9,318,858,0,1,15,0.0,0.0,1.0,0.0,0.21,174,255,1.0,0.0,0.02,0.0,0.0,0.0,0,5204.0
22,9,316,6534,0,1,7,0.0,0.0,1.0,0.0,0.0,255,255,1.0,0.0,0.0,0.0,0.0,0.0,0,99205.0
51,5,0,0,0,0,213,1.0,1.0,0.08,0.06,0.0,255,18,0.07,0.06,0.0,1.0,1.0,0.0,1,98697.0
11,9,45,139,0,0,101,0.0,0.0,1.0,0.0,0.02,255,254,1.0,0.01,0.0,0.0,0.0,0.0,0,102608.0
11,9,29,0,0,0,1,0.0,0.0,1.0,0.0,1.0,54,37,0.13,0.07,0.08,0.0,0.0,0.0,0,16361.0
30,5,0,0,0,0,128,1.0,1.0,0.14,0.05,0.0,255,5,0.02,0.07,0.0,1.0,1.0,0.0,1,65900.0
22,9,163,17087,0,1,5,0.0,0.0,1.0,0.0,0.33,31,255,1.0,0.0,0.04,0.0,0.0,0.0,0,123043.0
22,9,289,706,0,1,6,0.0,0.0,1.0,0.0,0.0,224,255,1.0,0.0,0.02,0.0,0.0,0.0,0,66816.0
13,9,8,0,0,0,1,0.0,0.0,1.0,0.0,1.0,1,99,1.0,0.0,0.51,0.0,0.0,0.0,1,101595.0
18,9,342,1069,0,1,1,0.0,0.0,1.0,0.0,0.0,21,2,0.1,0.19,0.0,0.0,0.0,0.0,0,35258.0
40,1,0,0,0,0,509,0.08,0.0,0.0,1.0,0.0,255,1,0.0,1.0,0.0,0.1,0.0,1.0,1,30276.0
44,1,0,0,0,0,299,0.0,0.0,0.06,0.06,0.0,255,17,0.07,0.06,0.0,0.0,0.0,1.0,1,98958.0
49,9,1076,365,0,1,1,0.0,0.0,1.0,0.0,0.0,10,175,0.9,0.2,0.02,0.0,0.0,0.05,0,110285.0
22,9,211,766,0,1,2,0.0,0.0,1.0,0.0,0.0,2,255,1.0,0.0,0.06,0.0,0.0,0.0,0,118167.0
49,9,1654,337,0,1,2,0.0,0.0,0.5,1.0,1.0,73,121,0.58,0.07,0.02,0.0,0.0,0.0,0,65371.0
49,9,886,330,0,1,2,0.0,0.0,0.5,1.0,1.0,157,96,0.61,0.04,0.0,0.0,0.0,0.0,0,77594.0
44,1,0,0,0,0,1,0.0,0.0,1.0,0.0,0.0,69,1,0.01,1.0,0.0,0.0,0.0,1.0,1,17865.0
49,9,2297,336,0,1,1,0.0,0.0,1.0,0.0,1.0,255,26,0.1,0.5,0.0,0.0,0.0,0.0,0,6139.0
11,9,44,78,0,0,180,0.0,0.0,1.0,0.0,0.0,255,254,1.0,0.01,0.0,0.0,0.0,0.0,0,21197.0
40,1,0,0,0,0,490,0.08,0.0,0.0,0.95,0.0,255,1,0.0,0.91,0.0,0.09,0.0,1.0,1,81638.0
22,9,216,827,0,1,15,0.0,0.0,1.0,0.0,0.12,15,255,1.0,0.0,0.05,0.0,0.0,0.0,0,42336.0
22,9,305,2777,0,1,32,0.0,0.0,1.0,0.0,0.0,32,255,1.0,0.0,0.03,0.0,0.0,0.0,0,115784.0
11,9,45,124,0,0,68,0.0,0.0,1.0,0.0,0.01,255,254,1.0,0.01,0.0,0.0,0.0,0.0,0,3676.0
6,5,0,0,0,0,113,1.0,1.0,0.13,0.06,0.0,255,13,0.05,0.07,0.0,1.0,1.0,0.0,1,110854.0
44,5,0,0,0,0,194,1.0,1.0,0.03,0.06,0.0,255,6,0.02,0.05,0.0,1.0,1.0,0.0,1,33870.0
22,9,237,11221,0,1,4,0.0,0.0,1.0,0.0,0.0,188,255,1.0,0.0,0.03,0.0,0.0,0.0,0,32920.0
22,9,292,2808,0,1,15,0.0,0.0,1.0,0.0,0.0,255,255,1.0,0.0,0.0,0.0,0.0,0.0,0,116122.0
22,1,0,0,0,0,1,0.0,0.0,1.0,0.0,0.0,55,255,1.0,0.0,0.09,0.0,0.0,0.91,0,94707.0
13,9,18,0,0,0,1,0.0,0.0,1.0,0.0,0.0,1,163,1.0,0.0,1.0,0.0,0.0,0.0,1,95119.0
59,5,0,0,0,0,130,1.0,1.0,0.07,0.06,0.0,255,9,0.04,0.07,0.0,1.0,1.0,0.0,1,18280.0
62,5,0,0,0,0,247,1.0,1.0,0.0,0.07,0.0,255,1,0.0,0.08,0.0,1.0,1.0,0.0,1,37331.0
11,9,31,0,0,0,1,0.0,0.0,1.0,0.0,1.0,26,41,0.12,0.15,0.05,0.0,0.0,0.0,0,116957.0
13,9,8,0,0,0,1,0.0,0.0,1.0,0.0,1.0,1,13,1.0,0.0,0.31,0.0,0.0,0.0,1,12132.0
22,9,243,10155,0,1,4,0.0,0.0,1.0,0.0,0.33,22,255,1.0,0.0,0.01,0.0,0.0,0.0,0,45799.0
53,5,0,0,0,0,265,1.0,1.0,0.03,0.06,0.0,255,13,0.05,0.07,0.0,1.0,1.0,0.0,1,68365.0
49,9,1216,393,0,1,1,0.0,0.0,1.0,0.0,0.0,255,29,0.11,0.06,0.0,0.0,0.0,0.0,0,25840.0
17,5,0,0,0,0,49,1.0,1.0,0.27,0.08,0.0,255,53,0.21,0.03,0.0,1.0,1.0,0.0,1,27011.0
22,9,334,334,0,1,21,0.0,0.0,1.0,0.0,0.09,255,255,1.0,0.0,0.0,0.0,0.0,0.0,0,54367.0
22,9,224,1415,0,1,1,0.0,0.0,1.0,0.0,0.0,48,48,1.0,0.0,0.0,0.0,0.0,0.0,0,16992.0
22,9,212,930,0,1,2,0.0,0.0,1.0,0.0,0.67,99,255,1.0,0.0,0.02,0.0,0.0,0.0,0,42726.0
22,9,225,4359,0,1,13,0.0,0.0,1.0,0.0,0.0,255,255,1.0,0.0,0.0,0.0,0.0,0.0,0,11033.0
13,9,30,0,0,0,1,0.0,0.0,1.0,0.0,0.0,8,91,1.0,0.0,0.47,0.0,0.0,0.0,0,56136.0
22,9,254,1149,0,1,1,0.0,0.0,1.0,0.0,0.0,168,255,1.0,0.0,0.01,0.0,0.0,0.0,0,33616.0
22,5,0,0,0,0,35,1.0,1.0,0.34,0.11,0.0,255,63,0.25,0.02,0.0,1.0,1.0,0.0,1,75235.0
22,9,228,1789,0,1,4,0.25,0.12,1.0,0.0,0.38,4,255,1.0,0.0,0.04,0.25,0.01,0.0,0,42763.0
40,9,145,0,0,0,8,0.0,0.0,0.12,0.38,0.0,255,1,0.0,0.55,0.0,0.0,0.0,0.0,0,93511.0
49,9,754,328,0,1,1,0.0,0.0,1.0,0.0,1.0,255,132,0.52,0.03,0.0,0.0,0.0,0.0,0,32463.0
22,9,248,3441,0,1,2,0.0,0.0,1.0,0.0,0.29,15,241,1.0,0.0,0.02,0.0,0.0,0.0,0,28308.0
30,2,0,0,0,0,132,0.0,0.0,0.04,0.07,0.0,255,5,0.02,0.06,0.0,0.0,0.0,1.0,1,24339.0
44,4,1,0,0,0,2,0.0,0.0,1.0,0.0,0.0,200,2,0.01,0.2,0.0,0.0,0.0,1.0,1,53716.0
14,9,1032,0,0,0,511,0.0,0.0,1.0,0.0,0.0,255,243,0.95,0.01,0.0,0.0,0.0,0.0,1,99822.0
49,9,704,332,0,1,1,0.0,0.0,1.0,0.0,0.0,164,143,0.87,0.03,0.0,0.0,0.0,0.0,0,43064.0
4,1,0,0,0,0,141,0.0,0.0,0.04,0.08,0.0,255,6,0.02,0.09,0.0,0.0,0.0,1.0,1,28362.0
22,9,286,5989,0,1,30,0.0,0.0,1.0,0.0,0.0,255,255,1.0,0.0,0.0,0.0,0.0,0.0,0,63057.0
22,9,249,1112,0,1,10,0.0,0.0,1.0,0.0,0.11,255,255,1.0,0.0,0.0,0.0,0.0,0.0,0,57999.0
8,5,0,0,0,0,118,1.0,1.0,0.13,0.06,0.0,255,15,0.06,0.07,0.0,1.0,1.0,0.0,1,38463.0
44,9,105,146,0,0,1,0.0,0.0,1.0,0.0,0.0,255,179,0.7,0.01,0.0,0.0,0.0,0.0,0,42740.0
49,9,897,331,0,1,1,0.0,0.0,1.0,0.0,0.0,229,212,0.82,0.01,0.01,0.0,0.0,0.0,0,57592.0
44,1,0,0,0,0,95,0.0,0.0,0.11,0.06,0.0,255,10,0.04,0.07,0.0,0.0,0.0,1.0,1,29261.0
14,9,1032,0,0,0,494,0.0,0.0,1.0,0.0,0.0,175,81,0.46,0.04,0.0,0.01,0.0,0.0,1,60980.0
22,9,336,817,0,1,35,0.0,0.0,1.0,0.0,0.05,255,255,1.0,0.0,0.0,0.0,0.0,0.0,0,122514.0
22,5,0,0,0,0,15,1.0,1.0,0.67,0.2,0.0,255,57,0.22,0.02,0.0,1.0,1.0,0.0,1,90806.0
22,9,235,825,0,1,28,0.0,0.0,1.0,0.0,0.04,66,255,1.0,0.0,0.02,0.0,0.0,0.0,0,81156.0
19,9,373,0,0,1,5,0.0,0.0,1.0,0.0,0.0,130,41,0.28,0.05,0.05,0.02,0.0,0.0,0,79082.0
22,9,299,3200,0,1,21,0.05,0.05,1.0,0.0,0.0,255,255,1.0,0.0,0.0,0.01,0.01,0.0,0,89213.0
22,9,238,6722,0,1,2,0.0,0.0,1.0,0.0,0.0,255,255,1.0,0.0,0.0,0.0,0.0,0.0,0,15543.0
49,9,2245,327,0,1,1,0.0,0.0,1.0,0.0,0.0,210,245,0.96,0.01,0.01,0.0,0.0,0.0,0,65108.0
49,9,1374,329,0,1,1,0.0,0.0,1.0,0.0,0.0,71,175,0.65,0.04,0.01,0.0,0.0,0.0,0,52247.0
51,5,0,0,0,0,270,1.0,1.0,0.08,0.04,0.0,255,21,0.08,0.05,0.0,1.0,1.0,0.0,1,107502.0
28,5,0,0,0,0,198,1.0,1.0,0.01,0.06,0.0,255,1,0.0,0.05,0.0,1.0,1.0,0.0,1,49702.0
14,9,1032,0,0,0,511,0.0,0.0,1.0,0.0,0.0,255,63,0.25,0.2,0.0,0.0,0.0,0.0,1,63798.0
22,9,230,1075,0,1,7,0.0,0.0,1.0,0.0,0.0,197,197,1.0,0.0,0.0,0.0,0.0,0.0,0,110154.0
44,4,1,0,0,0,2,0.0,0.0,1.0,0.0,0.0,255,2,0.01,0.73,0.0,0.0,0.0,1.0,1,28506.0
44,5,0,0,0,0,149,1.0,1.0,0.06,0.05,0.0,255,9,0.04,0.06,0.0,1.0,1.0,0.0,1,28787.0
