service,flag,src_bytes,dst_bytes,wrong_fragment,logged_in,count,serror_rate,srv_serror_rate,same_srv_rate,diff_srv_rate,srv_diff_host_rate,dst_host_count,dst_host_srv_count,dst_host_same_srv_rate,dst_host_diff_srv_rate,dst_host_srv_diff_host_rate,dst_host_serror_rate,dst_host_srv_serror_rate,dst_host_srv_rerror_rate,classe,posicaoOriginal
42,1,0,0,0,0,362,0.06,0.0,0.0,1.0,0.0,255,1,0.0,1.0,0.0,0.08,0.0,1.0,1,61884.0
14,9,30,0,0,0,5,0.0,0.0,0.2,0.6,0.0,255,4,0.02,0.01,0.0,0.0,0.0,0.0,0,105707.0
24,9,376,10054,0,1,19,0.0,0.0,1.0,0.0,0.0,221,255,1.0,0.0,0.03,0.0,0.0,0.0,0,52250.0
7,5,0,0,0,0,239,1.0,1.0,0.09,0.05,0.0,255,21,0.08,0.06,0.0,1.0,1.0,0.0,1,75882.0
52,9,1689,324,0,1,1,0.0,0.0,1.0,0.0,0.0,39,16,0.41,0.08,0.0,0.0,0.0,0.0,0,8146.0
45,5,0,0,0,0,260,1.0,1.0,0.03,0.07,0.0,255,8,0.03,0.08,0.0,1.0,1.0,0.0,1,117925.0
24,9,209,1295,0,1,2,0.0,0.0,1.0,0.0,0.0,2,2,1.0,0.0,0.0,0.0,0.0,0.0,0,115470.0
52,9,1066,400,0,1,1,0.0,0.0,1.0,0.0,0.0,33,226,0.55,0.06,0.01,0.45,0.0,0.0,0,25370.0
24,9,276,9457,0,1,15,0.0,0.0,1.0,0.0,0.14,105,255,1.0,0.0,0.02,0.0,0.0,0.0,0,80066.0
42,1,0,0,0,0,509,0.24,0.0,0.0,1.0,0.0,255,1,0.0,1.0,0.0,0.16,0.0,1.0,1,15080.0
20,9,748,0,0,0,1,0.0,0.0,1.0,0.0,0.0,7,64,0.14,0.43,0.03,0.0,0.0,0.0,0,118929.0
12,9,46,112,0,0,1,0.0,0.0,1.0,0.0,0.0,87,223,1.0,0.0,0.01,0.0,0.0,0.0,0,42281.0
14,9,8,0,0,0,1,0.0,0.0,1.0,0.0,1.0,2,255,1.0,0.0,0.25,0.0,0.0,0.0,1,88442.0
24,9,182,42438,0,1,1,0.0,0.0,1.0,0.0,0.05,255,250,0.98,0.01,0.0,0.0,0.0,0.0,0,91888.0
24,9,246,2315,0,1,12,0.0,0.0,1.0,0.0,0.08,13,255,1.0,0.0,0.07,0.0,0.0,0.0,0,30881.0
24,9,289,2816,0,1,21,0.0,0.0,1.0,0.0,0.0,255,255,1.0,0.0,0.0,0.0,0.0,0.0,0,37281.0
24,1,0,0,0,0,1,0.0,0.0,1.0,0.0,0.0,6,13,1.0,0.0,0.38,0.0,0.0,1.0,0,52074.0
20,5,0,0,0,0,22,1.0,1.0,0.27,0.18,0.0,255,22,0.09,0.06,0.0,1.0,1.0,0.0,1,5631.0
24,9,248,3112,0,1,35,0.0,0.0,1.0,0.0,0.0,255,255,1.0,0.0,0.0,0.0,0.0,0.0,0,19581.0
42,9,4539,0,0,1,21,0.05,0.0,0.05,0.29,0.0,255,1,0.0,0.04,0.0,0.0,0.0,0.0,0,9323.0
24,1,0,0,0,0,1,0.0,0.0,1.0,0.0,1.0,3,255,1.0,0.0,0.14,0.0,0.0,1.0,0,71817.0
24,9,352,40898,0,1,1,0.0,0.0,1.0,0.0,0.18,40,255,1.0,0.0,0.04,0.0,0.0,0.0,0,54682.0
29,5,0,0,0,0,107,1.0,1.0,0.05,0.07,0.0,255,16,0.06,0.07,0.0,1.0,1.0,0.0,1,18847.0
24,9,317,1215,0,1,12,0.0,0.0,1.0,0.0,0.0,255,255,1.0,0.0,0.0,0.0,0.0,0.0,0,55241.0
24,9,213,282,0,1,11,0.0,0.0,1.0,0.0,0.0,11,60,1.0,0.0,0.2,0.0,0.0,0.0,0,12351.0
47,5,0,0,0,0,128,1.0,1.0,0.13,0.05,0.0,62,1,0.02,0.15,0.0,1.0,1.0,0.0,1,57841.0
14,9,8,0,0,0,1,0.0,0.0,1.0,0.0,1.0,2,198,1.0,0.0,0.25,0.0,0.0,0.0,1,104617.0
24,9,303,336,0,1,4,0.0,0.0,1.0,0.0,0.19,255,255,1.0,0.0,0.0,0.0,0.0,0.0,0,106079.0
56,5,0,0,0,0,290,1.0,1.0,0.02,0.05,0.0,255,6,0.02,0.05,0.0,1.0,1.0,0.0,1,7956.0
52,9,129,236,0,1,1,0.0,0.0,1.0,0.0,0.0,115,14,0.12,0.62,0.0,0.0,0.0,0.0,0,89662.0
2,5,0,0,0,0,118,1.0,1.0,0.11,0.07,0.0,255,13,0.05,0.07,0.0,1.0,1.0,0.0,1,8250.0
24,9,237,931,0,1,16,0.0,0.0,1.0,0.0,0.11,255,255,1.0,0.0,0.0,0.0,0.0,0.0,0,117214.0
58,9,387,1332438,0,1,1,0.0,0.0,1.0,0.0,0.0,180,18,0.1,0.02,0.0,0.0,0.0,0.0,0,57066.0
47,1,0,0,0,0,290,0.11,0.0,0.0,1.0,0.0,255,1,0.0,1.0,0.0,0.1,0.0,1.0,1,59984.0
52,9,1464,345,0,1,1,0.0,0.0,1.0,0.0,0.0,133,197,0.75,0.03,0.01,0.0,0.0,0.0,0,63869.0
47,1,0,0,0,0,87,0.0,0.0,0.09,0.06,0.0,255,8,0.03,0.06,0.0,0.0,0.0,1.0,1,107482.0
0,4,1266,8815,0,0,1,0.0,0.0,1.0,0.0,0.0,43,9,0.21,0.05,0.0,0.0,0.0,0.78,0,101438.0
58,5,0,0,0,0,40,1.0,1.0,0.22,0.1,0.0,255,64,0.25,0.02,0.0,1.0,1.0,0.0,1,12540.0
24,9,236,370,0,1,19,0.0,0.0,1.0,0.0,0.09,255,255,1.0,0.0,0.0,0.01,0.01,0.0,0,118442.0
24,9,148,16120,0,1,12,0.0,0.0,1.0,0.0,0.12,78,255,1.0,0.0,0.04,0.0,0.0,0.0,0,29069.0
14,9,8,0,0,0,1,0.0,0.0,1.0,0.0,1.0,1,139,1.0,0.0,0.5,0.0,0.0,0.0,1,35848.0
47,5,0,0,0,0,268,1.0,1.0,0.01,0.06,0.0,255,8,0.03,0.08,0.0,1.0,1.0,0.0,1,77008.0
24,9,218,280,0,1,23,0.0,0.0,1.0,0.0,0.0,255,255,1.0,0.0,0.0,0.0,0.0,0.0,0,29864.0
24,9,316,3091,0,1,3,0.0,0.0,1.0,0.0,0.6,8,255,1.0,0.0,0.02,0.0,0.0,0.0,0,54988.0
24,9,309,2408,0,1,6,0.0,0.0,1.0,0.0,0.22,78,255,1.0,0.0,0.03,0.0,0.0,0.0,0,85451.0
26,5,0,0,0,0,279,1.0,1.0,0.04,0.06,0.0,255,11,0.04,0.06,0.0,1.0,1.0,0.0,1,82936.0
20,9,7233,0,0,0,16,0.0,0.0,1.0,0.0,0.0,246,98,0.4,0.02,0.0,0.0,0.0,0.0,0,119888.0
36,1,0,0,0,0,142,0.0,0.0,0.09,0.06,0.0,255,5,0.02,0.08,0.0,0.0,0.0,1.0,1,80090.0
24,9,256,663,0,1,2,0.0,0.0,1.0,0.0,0.0,41,255,1.0,0.0,0.04,0.0,0.0,0.0,0,95983.0
24,9,309,1713,0,1,4,0.0,0.0,1.0,0.0,0.22,24,255,1.0,0.0,0.03,0.0,0.01,0.0,0,45240.0
42,9,516,4,0,0,360,0.0,0.0,1.0,0.0,0.0,255,255,1.0,0.0,0.0,0.0,0.0,0.0,0,84187.0
24,9,159,14089,0,1,1,0.0,0.0,1.0,0.0,1.0,1,1,1.0,0.0,0.0,0.0,0.0,0.0,0,56034.0
24,1,0,0,0,0,1,0.0,0.0,1.0,0.0,1.0,255,255,1.0,0.0,0.0,0.0,0.0,0.0,0,125949.0
58,5,0,0,0,0,3,1.0,1.0,1.0,0.0,0.0,125,65,0.52,0.02,0.0,0.98,0.97,0.0,1,66629.0
12,9,45,45,0,0,150,0.0,0.0,1.0,0.0,0.01,255,255,1.0,0.0,0.0,0.0,0.0,0.0,0,60060.0
53,5,0,0,0,0,116,1.0,1.0,0.14,0.05,0.0,255,16,0.06,0.05,0.0,1.0,1.0,0.0,1,54016.0
47,5,0,0,0,0,228,1.0,1.0,0.03,0.06,0.0,255,16,0.06,0.07,0.0,1.0,1.0,0.0,1,52570.0
64,5,0,0,0,0,213,1.0,1.0,0.01,0.08,0.0,255,2,0.01,0.09,0.0,1.0,1.0,0.0,1,86371.0
24,9,296,3439,0,1,10,0.0,0.0,1.0,0.0,0.14,10,255,1.0,0.0,0.01,0.0,0.0,0.0,0,78681.0
24,9,217,1736,0,1,21,0.0,0.0,1.0,0.0,0.11,84,255,1.0,0.0,0.05,0.0,0.0,0.0,0,46569.0
13,5,0,0,0,0,229,0.63,1.0,0.0,0.42,0.0,255,1,0.0,0.38,0.0,0.57,1.0,0.0,1,8464.0
12,9,36,0,0,0,5,0.0,0.0,1.0,0.0,0.0,31,113,1.0,0.0,0.02,0.0,0.0,0.0,0,111555.0
10,5,0,0,0,0,239,1.0,1.0,0.0,0.07,0.0,255,1,0.0,0.07,0.0,1.0,1.0,0.0,1,81420.0
20,9,6601,0,0,0,21,0.0,0.0,1.0,0.0,0.0,91,50,0.55,0.03,0.0,0.0,0.0,0.0,0,95668.0
47,5,0,0,0,0,221,1.0,1.0,0.0,0.06,0.0,255,20,0.08,0.06,0.0,1.0,1.0,0.0,1,117690.0
24,9,310,22344,0,1,1,0.0,0.0,1.0,0.0,0.27,23,255,1.0,0.0,0.04,0.0,0.0,0.0,0,120132.0
24,9,215,4631,0,1,8,0.0,0.0,1.0,0.0,0.0,114,255,1.0,0.0,0.02,0.0,0.0,0.0,0,13986.0
39,5,0,0,0,0,104,1.0,1.0,0.18,0.06,0.0,255,19,0.07,0.07,0.0,1.0,1.0,0.0,1,3989.0
24,9,309,12712,0,1,32,0.0,0.0,1.0,0.0,0.0,32,255,1.0,0.0,0.01,0.0,0.0,0.0,0,21361.0
12,9,31,31,0,0,2,0.0,0.0,1.0,0.0,0.43,255,238,0.93,0.01,0.0,0.0,0.0,0.0,0,42338.0
18,9,8,140,0,0,1,0.0,0.0,1.0,0.0,0.0,20,3,0.15,0.1,0.0,0.0,0.0,0.0,0,11798.0
42,9,147,105,0,0,2,0.0,0.0,1.0,0.0,0.0,255,2,0.01,0.6,0.0,0.0,0.0,0.0,0,103711.0
47,5,0,0,0,0,267,1.0,1.0,0.06,0.06,0.0,255,9,0.04,0.07,0.0,1.0,1.0,0.0,1,70179.0
52,9,1446,333,0,1,1,0.0,0.0,1.0,0.0,0.0,234,104,0.39,0.01,0.02,0.0,0.0,0.0,0,49509.0
30,5,0,0,0,0,124,1.0,1.0,0.19,0.05,0.0,255,24,0.09,0.05,0.0,1.0,1.0,0.0,1,114001.0
24,1,0,0,0,0,1,0.0,0.0,1.0,0.0,0.0,14,255,1.0,0.0,0.15,0.0,0.0,0.94,0,8746.0
7,5,0,0,0,0,289,1.0,1.0,0.02,0.05,0.0,255,5,0.02,0.05,0.0,1.0,1.0,0.0,1,99344.0
47,5,0,0,0,0,113,1.0,1.0,0.1,0.06,0.0,255,4,0.02,0.07,0.0,1.0,1.0,0.0,1,39466.0
60,5,0,0,0,0,237,1.0,1.0,0.05,0.06,0.0,255,11,0.04,0.07,0.0,1.0,1.0,0.0,1,71343.0
24,9,209,3559,0,1,6,0.0,0.0,1.0,0.0,0.0,6,255,1.0,0.0,0.03,0.0,0.0,0.0,0,73886.0
33,5,0,0,0,0,250,1.0,1.0,0.1,0.06,0.0,255,24,0.09,0.07,0.0,1.0,1.0,0.0,1,74144.0
47,5,0,0,0,0,199,1.0,1.0,0.01,0.07,0.0,255,6,0.02,0.06,0.0,1.0,1.0,0.0,1,51639.0
47,10,0,0,0,0,1,1.0,1.0,1.0,0.0,0.0,26,2,0.08,0.69,0.0,0.69,1.0,0.0,1,77604.0
66,1,0,0,0,0,131,0.0,0.0,0.01,0.07,0.0,255,1,0.0,0.07,0.0,0.0,0.0,1.0,1,80380.0
24,1,0,0,0,0,1,0.0,0.0,1.0,0.0,0.0,1,37,1.0,0.0,0.16,0.0,0.0,1.0,0,32372.0
24,9,253,1487,0,1,3,0.0,0.0,1.0,0.0,0.0,255,250,0.98,0.01,0.0,0.0,0.0,0.0,0,21358.0
24,9,218,6049,0,1,2,0.0,0.0,1.0,0.0,0.0,31,255,1.0,0.0,0.02,0.0,0.0,0.0,0,44229.0
65,5,0,0,0,0,278,1.0,1.0,0.06,0.05,0.0,255,3,0.01,0.07,0.0,1.0,1.0,0.0,1,13488.0
58,5,0,0,0,0,33,1.0,1.0,0.27,0.12,0.0,255,50,0.2,0.05,0.0,1.0,1.0,0.0,1,118057.0
24,9,203,863,0,1,16,0.0,0.0,1.0,0.0,0.0,37,255,1.0,0.0,0.02,0.0,0.0,0.0,0,84824.0
24,9,216,3184,0,1,22,0.0,0.0,1.0,0.0,0.09,22,255,1.0,0.0,0.04,0.0,0.0,0.0,0,58637.0
47,1,0,0,0,0,438,0.05,0.0,0.0,1.0,0.0,255,1,0.0,1.0,0.0,0.08,0.0,1.0,1,92808.0
47,9,1,0,0,0,20,0.0,0.0,0.9,0.1,0.0,255,21,0.08,0.22,0.0,0.0,0.0,0.0,1,100879.0
24,9,330,1053,0,1,20,0.0,0.0,1.0,0.0,0.0,255,255,1.0,0.0,0.0,0.0,0.0,0.0,0,28443.0
24,9,198,765,0,1,35,0.0,0.0,1.0,0.0,0.0,255,255,1.0,0.0,0.0,0.0,0.0,0.0,0,97742.0
24,1,0,0,0,0,1,0.0,0.0,1.0,0.0,0.0,25,239,1.0,0.0,0.01,0.0,0.0,0.1,0,42329.0
17,5,0,0,0,0,147,1.0,1.0,0.13,0.06,0.0,255,19,0.07,0.06,0.0,1.0,1.0,0.0,1,66116.0
20,9,26,0,0,0,1,0.0,0.0,1.0,0.0,0.0,234,11,0.04,0.01,0.18,0.85,0.0,0.0,0,48200.0
24,9,216,5905,0,1,3,0.0,0.0,1.0,0.0,0.0,131,255,1.0,0.0,0.02,0.0,0.0,0.0,0,4980.0
24,9,351,9790,0,1,35,0.0,0.0,1.0,0.0,0.0,255,255,1.0,0.0,0.0,0.0,0.0,0.0,0,90235.0
24,9,260,1597,0,1,6,0.0,0.0,1.0,0.0,0.0,255,255,1.0,0.0,0.0,0.0,0.0,0.0,0,97265.0
42,9,133,36,0,0,2,0.0,0.0,0.5,1.0,0.0,152,1,0.01,0.03,0.0,0.0,0.0,0.0,0,31440.0
24,9,301,2047,0,1,12,0.0,0.0,1.0,0.0,0.0,12,255,1.0,0.0,0.02,0.0,0.0,0.0,0,113840.0
24,9,219,788,0,1,13,0.0,0.0,1.0,0.0,0.11,97,107,1.0,0.0,0.03,0.01,0.01,0.0,0,25550.0
40,2,0,0,0,0,212,0.0,0.0,0.08,0.07,0.0,255,18,0.07,0.07,0.0,0.0,0.0,1.0,1,72941.0
52,9,1784,361,0,1,1,0.0,0.0,1.0,0.0,1.0,46,135,0.52,0.09,0.01,0.0,0.01,0.0,0,11868.0
24,9,244,9928,0,1,2,0.0,0.0,1.0,0.0,0.09,14,255,1.0,0.0,0.04,0.0,0.0,0.01,0,67008.0
24,9,293,128,0,1,3,0.0,0.0,1.0,0.0,0.0,255,255,1.0,0.0,0.0,0.0,0.0,0.0,0,71727.0
24,9,200,7139,0,1,5,0.0,0.0,1.0,0.0,0.2,5,255,1.0,0.0,0.04,0.0,0.0,0.0,0,27168.0
39,5,0,0,0,0,102,1.0,1.0,0.01,0.08,0.0,255,2,0.01,0.07,0.0,1.0,1.0,0.0,1,117626.0
24,9,192,759,0,1,3,0.0,0.0,1.0,0.0,0.2,80,255,1.0,0.0,0.02,0.0,0.0,0.0,0,122541.0
10,5,0,0,0,0,282,1.0,1.0,0.03,0.06,0.0,255,8,0.03,0.07,0.0,1.0,1.0,0.0,1,54656.0
12,9,45,135,0,0,153,0.0,0.0,1.0,0.0,0.01,255,255,1.0,0.0,0.0,0.0,0.0,0.0,0,113186.0
14,9,8,0,0,0,1,0.0,0.0,1.0,0.0,1.0,2,54,1.0,0.0,0.52,0.0,0.0,0.0,1,6020.0
20,5,0,0,0,0,39,1.0,1.0,0.18,0.1,0.0,255,53,0.21,0.04,0.0,1.0,1.0,0.0,1,81478.0
24,9,215,1961,0,1,5,0.0,0.0,1.0,0.0,0.0,5,255,1.0,0.0,0.06,0.0,0.0,0.0,0,66419.0
24,9,262,1762,0,1,2,0.0,0.0,1.0,0.0,0.67,5,255,1.0,0.0,0.09,0.0,0.01,0.0,0,98723.0
12,9,44,128,0,0,66,0.0,0.0,0.98,0.03,0.02,255,191,0.75,0.02,0.0,0.0,0.0,0.0,0,20534.0
24,1,0,0,0,0,1,0.0,0.0,1.0,0.0,0.0,12,121,1.0,0.0,0.11,0.0,0.0,1.0,0,76105.0
52,9,3962,328,0,1,1,0.0,0.0,1.0,0.0,0.0,97,58,0.6,0.07,0.0,0.0,0.0,0.0,0,88804.0
52,9,1002,337,0,1,1,0.0,0.0,1.0,0.0,0.0,45,185,0.89,0.07,0.01,0.0,0.0,0.0,0,37458.0
24,9,215,1952,0,1,14,0.0,0.0,1.0,0.0,0.13,113,255,1.0,0.0,0.03,0.0,0.0,0.0,0,40995.0
42,9,1,0,0,0,19,0.0,0.0,0.11,0.16,0.0,255,2,0.01,0.08,0.0,0.0,0.0,0.0,1,66705.0
47,4,0,0,0,0,1,0.0,0.0,1.0,0.0,0.0,255,1,0.0,0.72,0.0,0.0,0.0,1.0,1,113902.0
24,9,306,1927,0,1,6,0.0,0.0,1.0,0.0,0.0,112,255,1.0,0.0,0.02,0.0,0.0,0.0,0,98349.0
24,9,360,3200,0,1,13,0.0,0.0,1.0,0.0,0.14,255,255,1.0,0.0,0.0,0.0,0.0,0.0,0,62238.0
64,5,0,0,0,0,203,1.0,1.0,0.01,0.07,0.0,255,2,0.01,0.09,0.0,1.0,1.0,0.0,1,41949.0
4,5,0,0,0,0,295,1.0,1.0,0.05,0.06,0.0,255,14,0.05,0.07,0.0,1.0,1.0,0.0,1,114470.0
24,9,187,1711,0,1,9,0.0,0.0,1.0,0.0,0.0,9,255,1.0,0.0,0.05,0.0,0.0,0.0,0,51861.0
13,5,0,0,0,0,274,1.0,1.0,0.03,0.05,0.0,255,11,0.04,0.07,0.0,1.0,1.0,0.0,1,94264.0
4,2,0,0,0,0,237,0.0,0.0,0.0,0.53,0.0,255,1,0.0,0.49,0.0,0.0,0.0,1.0,1,25509.0
26,5,0,0,0,0,255,1.0,1.0,0.04,0.06,0.0,255,9,0.04,0.07,0.0,1.0,1.0,0.0,1,532.0
20,9,172,0,0,0,9,0.0,0.0,1.0,0.0,0.0,191,66,0.35,0.03,0.0,0.0,0.0,0.0,0,41366.0
47,1,0,0,0,0,239,0.0,0.0,0.06,0.07,0.0,255,14,0.05,0.09,0.0,0.0,0.0,1.0,1,10500.0
49,5,0,0,0,0,208,1.0,1.0,0.02,0.07,0.0,255,5,0.02,0.07,0.0,1.0,1.0,0.0,1,115893.0
24,9,306,1380,0,1,7,0.0,0.0,1.0,0.0,0.0,255,246,0.96,0.01,0.0,0.0,0.0,0.0,0,105586.0
15,9,1032,0,0,0,511,0.0,0.0,1.0,0.0,0.0,255,85,0.33,0.04,0.0,0.09,0.0,0.0,1,106035.0
24,9,212,174,0,1,13,0.0,0.0,1.0,0.0,0.0,13,255,1.0,0.0,0.01,0.0,0.0,0.0,0,104350.0
12,9,44,44,0,0,94,0.0,0.0,1.0,0.0,0.01,255,255,1.0,0.0,0.0,0.0,0.0,0.0,0,10129.0
47,5,0,0,0,0,107,1.0,1.0,0.06,0.07,0.0,50,6,0.12,0.12,0.0,1.0,1.0,0.0,1,67203.0
19,2,0,0,0,0,251,0.0,0.0,0.07,0.06,0.0,255,17,0.07,0.08,0.0,0.0,0.0,1.0,1,13546.0
52,9,940,330,0,1,1,0.0,0.0,1.0,0.0,0.0,83,168,0.67,0.04,0.01,0.0,0.0,0.0,0,106847.0
24,9,328,1146,0,1,9,0.0,0.0,1.0,0.0,0.0,39,255,1.0,0.0,0.02,0.0,0.0,0.0,0,35453.0
24,9,383,6982,0,1,13,0.0,0.0,1.0,0.0,0.0,255,255,1.0,0.0,0.0,0.0,0.0,0.0,0,86855.0
24,9,314,810,0,1,30,0.0,0.0,1.0,0.0,0.0,255,255,1.0,0.0,0.0,0.0,0.0,0.0,0,29168.0
47,5,0,0,0,0,160,1.0,1.0,0.06,0.08,0.0,255,10,0.04,0.07,0.0,1.0,1.0,0.0,1,48529.0
38,1,0,0,0,0,107,0.0,0.0,0.05,0.07,0.0,255,5,0.02,0.07,0.0,0.0,0.0,1.0,1,1951.0
28,5,0,0,0,0,3,1.0,1.0,1.0,0.0,0.0,255,3,0.01,0.07,0.0,1.0,1.0,0.0,1,44961.0
14,9,8,0,0,0,1,0.0,0.0,1.0,0.0,1.0,1,5,1.0,0.0,0.6,0.0,0.0,0.0,1,91830.0
47,9,1,0,0,0,4,0.0,0.0,1.0,0.0,0.0,255,4,0.02,0.76,0.0,0.03,0.0,0.0,1,83947.0
24,9,363,3370,0,1,3,0.0,0.0,1.0,0.0,0.0,39,255,1.0,0.0,0.03,0.0,0.0,0.0,0,96031.0
24,9,241,2239,0,1,2,0.0,0.0,1.0,0.0,0.0,124,122,0.98,0.02,0.0,0.0,0.0,0.12,0,67133.0
55,5,0,0,0,0,209,1.0,1.0,0.08,0.06,0.0,255,10,0.04,0.06,0.0,1.0,1.0,0.0,1,53654.0
24,9,291,1792,0,1,6,0.17,0.06,1.0,0.0,0.12,255,255,1.0,0.0,0.0,0.0,0.0,0.0,0,71557.0
47,9,28,0,3,0,16,0.0,0.0,1.0,0.0,0.0,255,16,0.06,0.02,0.0,0.0,0.0,0.0,1,7887.0
45,9,35,130,0,1,1,0.0,0.0,1.0,0.0,0.0,65,4,0.02,0.22,0.5,0.02,0.0,0.0,0,108672.0
47,5,0,0,0,0,211,1.0,1.0,0.09,0.08,0.0,255,19,0.07,0.07,0.0,1.0,1.0,0.0,1,98535.0
23,5,0,0,0,0,253,1.0,1.0,0.07,0.05,0.0,255,18,0.07,0.05,0.0,1.0,1.0,0.0,1,63039.0
20,9,854,0,0,1,7,0.0,0.0,1.0,0.0,0.0,255,13,0.05,0.5,0.0,0.0,0.0,0.0,0,115523.0
24,9,237,2650,0,1,8,0.0,0.0,1.0,0.0,0.0,255,255,1.0,0.0,0.0,0.0,0.0,0.0,0,28767.0
24,9,206,2483,0,1,31,0.0,0.0,1.0,0.0,0.0,255,255,1.0,0.0,0.0,0.0,0.0,0.0,0,67479.0
24,9,300,13020,0,1,4,0.0,0.0,1.0,0.0,0.0,255,255,1.0,0.0,0.0,0.0,0.0,0.0,0,80668.0
47,5,0,0,0,0,204,1.0,1.0,0.04,0.06,0.0,243,9,0.04,0.07,0.0,0.94,1.0,0.0,1,69007.0
47,5,0,0,0,0,245,1.0,1.0,0.04,0.06,0.0,255,8,0.03,0.07,0.0,1.0,1.0,0.0,1,68000.0
15,9,1032,0,0,0,511,0.0,0.0,1.0,0.0,0.0,111,17,0.15,0.06,0.0,0.02,0.0,0.0,1,7788.0
24,9,300,1388,0,1,5,0.0,0.0,1.0,0.0,0.38,60,255,1.0,0.0,0.02,0.0,0.0,0.0,0,121597.0
12,9,44,79,0,0,109,0.0,0.0,1.0,0.0,0.0,255,254,1.0,0.01,0.0,0.0,0.0,0.0,0,27974.0
24,9,233,1751,0,1,6,0.0,0.0,1.0,0.0,0.36,85,255,1.0,0.0,0.02,0.0,0.0,0.04,0,80872.0
24,9,207,1056,0,1,5,0.0,0.0,1.0,0.0,0.0,156,255,1.0,0.0,0.02,0.0,0.0,0.0,0,119137.0
24,9,215,940,0,1,12,0.0,0.0,1.0,0.0,0.0,198,255,1.0,0.0,0.01,0.0,0.0,0.0,0,100809.0
14,9,8,0,0,0,1,0.0,0.0,1.0,0.0,1.0,1,5,1.0,0.0,0.8,0.0,0.0,0.0,1,6043.0
35,5,0,0,0,0,148,1.0,1.0,0.01,0.09,0.0,255,1,0.0,0.07,0.0,1.0,1.0,0.0,1,36634.0
24,9,192,12560,0,1,2,0.0,0.0,1.0,0.0,0.75,36,255,1.0,0.0,0.06,0.0,0.0,0.0,0,84788.0
24,9,279,757,0,1,2,0.0,0.0,1.0,0.0,0.2,58,255,1.0,0.0,0.04,0.0,0.0,0.0,0,86832.0
24,5,0,0,0,0,121,1.0,1.0,0.1,0.06,0.0,255,6,0.02,0.08,0.0,1.0,1.0,0.0,1,40561.0
47,9,1,0,0,0,87,0.0,0.0,0.69,0.05,0.0,255,121,0.47,0.05,0.0,0.0,0.0,0.0,1,56185.0
47,5,0,0,0,0,139,1.0,1.0,0.03,0.06,0.0,255,7,0.03,0.08,0.0,1.0,1.0,0.0,1,7232.0
33,1,0,0,0,0,256,0.0,0.0,0.0,0.07,0.0,255,1,0.0,0.08,0.0,0.0,0.0,1.0,1,111332.0
18,9,9,317,0,0,1,0.0,0.0,1.0,0.0,0.0,41,8,0.02,0.07,0.38,0.0,0.0,0.0,0,1031.0
42,1,0,0,0,0,494,0.08,0.0,0.0,0.95,0.0,255,1,0.0,0.91,0.0,0.08,0.0,1.0,1,14103.0
20,9,373,0,0,1,17,0.0,0.0,1.0,0.0,0.0,255,101,0.4,0.03,0.0,0.0,0.0,0.0,0,41610.0
14,9,8,0,0,0,1,0.0,0.0,1.0,0.0,1.0,1,125,1.0,0.0,0.5,0.0,0.0,0.0,1,35966.0
42,9,145,105,0,0,1,0.0,0.0,1.0,0.0,0.0,255,2,0.01,0.62,0.0,0.0,0.0,0.0,0,56763.0
20,9,59,0,0,1,11,0.0,0.0,1.0,0.0,0.0,255,21,0.08,0.06,0.0,0.8,0.0,0.0,0,19629.0
24,9,219,857,0,1,15,0.0,0.0,1.0,0.0,0.0,152,255,1.0,0.0,0.01,0.0,0.0,0.0,0,72382.0
34,5,0,0,0,0,266,1.0,1.0,0.02,0.06,0.0,255,4,0.02,0.06,0.0,1.0,1.0,0.0,1,54835.0
47,5,0,0,0,0,75,1.0,1.0,0.16,0.08,0.0,255,20,0.08,0.07,0.0,1.0,1.0,0.0,1,123898.0
24,9,263,3292,0,1,1,0.0,0.0,1.0,0.0,0.0,1,255,1.0,0.0,0.03,0.0,0.0,0.0,0,41454.0
64,5,0,0,0,0,192,1.0,1.0,0.01,0.07,0.0,255,2,0.01,0.09,0.0,1.0,1.0,0.0,1,7125.0
24,9,200,1856,0,1,39,0.0,0.0,1.0,0.0,0.0,255,255,1.0,0.0,0.0,0.0,0.0,0.0,0,34354.0
24,9,350,937,0,1,22,0.0,0.0,1.0,0.0,0.0,135,255,1.0,0.0,0.02,0.0,0.0,0.0,0,1837.0
19,2,0,0,0,0,231,0.0,0.0,0.03,0.07,0.0,255,7,0.03,0.09,0.0,0.0,0.0,1.0,1,85168.0
12,9,45,77,0,0,193,0.0,0.0,0.99,0.01,0.01,255,254,1.0,0.01,0.0,0.0,0.0,0.0,0,20774.0
52,9,612,335,0,1,1,0.0,0.0,1.0,0.0,0.0,61,204,0.79,0.07,0.01,0.0,0.0,0.0,0,53319.0
13,2,0,0,0,0,252,0.0,0.0,0.01,0.07,0.0,255,2,0.01,0.08,0.0,0.0,0.0,1.0,1,62605.0
47,1,0,0,0,0,68,0.1,0.0,0.01,1.0,0.0,255,1,0.0,0.54,0.0,0.03,0.0,1.0,1,102377.0
14,9,8,0,0,0,1,0.0,0.0,1.0,0.0,1.0,2,68,1.0,0.0,0.5,0.0,0.0,0.0,1,102392.0
15,9,1032,0,0,0,510,0.0,0.0,1.0,0.0,0.0,255,44,0.17,0.18,0.0,0.0,0.0,0.0,1,97259.0
21,5,0,0,0,0,251,1.0,1.0,0.08,0.05,0.0,255,21,0.08,0.05,0.0,1.0,1.0,0.0,1,103990.0
42,9,7012,0,0,1,2,0.0,0.0,0.5,1.0,0.0,34,1,0.03,0.26,0.0,0.03,0.0,0.0,0,52527.0
24,9,227,1380,0,1,5,0.0,0.0,1.0,0.0,0.0,255,249,0.98,0.01,0.0,0.0,0.0,0.0,0,27569.0
42,1,0,0,0,0,509,0.09,0.0,0.0,1.0,0.0,255,1,0.0,1.0,0.0,0.13,0.0,1.0,1,47413.0
15,9,1032,0,0,0,365,0.0,0.0,1.0,0.0,0.0,135,41,0.3,0.05,0.0,0.01,0.0,0.0,1,70591.0
24,5,0,0,0,0,4,0.25,0.2,1.0,0.0,0.4,147,151,1.0,0.0,0.01,0.01,0.01,0.0,0,31092.0
24,2,0,0,0,1,2,0.0,0.0,1.0,0.0,0.0,7,255,1.0,0.0,0.04,0.0,0.0,0.01,0,98094.0
47,1,0,0,0,0,324,0.0,0.0,0.0,0.52,0.0,255,1,0.0,0.52,0.0,0.0,0.0,1.0,1,61242.0
24,9,213,16129,0,1,12,0.0,0.0,1.0,0.0,0.0,255,255,1.0,0.0,0.0,0.0,0.0,0.0,0,70766.0
52,9,1789,284,0,1,1,0.0,0.0,1.0,0.0,1.0,118,137,0.53,0.03,0.01,0.0,0.0,0.01,0,114932.0
12,9,91,0,0,0,4,0.0,0.0,1.0,0.0,0.22,197,134,0.68,0.01,0.0,0.0,0.0,0.0,0,8353.0
12,9,45,74,0,0,196,0.0,0.0,1.0,0.0,0.0,255,236,0.93,0.01,0.0,0.0,0.0,0.0,0,24438.0
24,9,272,962,0,1,21,0.0,0.0,1.0,0.0,0.1,255,255,1.0,0.0,0.0,0.0,0.0,0.0,0,20675.0
24,9,315,4161,0,1,7,0.0,0.0,1.0,0.0,0.0,255,255,1.0,0.0,0.0,0.01,0.01,0.02,0,33258.0
4,1,0,0,0,0,220,0.0,0.0,0.04,0.07,0.0,255,8,0.03,0.08,0.0,0.0,0.0,1.0,1,37269.0
33,5,0,0,0,0,110,1.0,1.0,0.2,0.06,0.0,255,4,0.02,0.07,0.0,1.0,1.0,0.0,1,41805.0
24,9,326,359,0,1,8,0.0,0.0,1.0,0.0,0.2,127,255,1.0,0.0,0.03,0.0,0.0,0.0,0,61039.0
24,9,303,4360,0,1,3,0.0,0.0,1.0,0.0,0.0,8,255,1.0,0.0,0.05,0.0,0.0,0.0,0,71565.0
24,9,357,451,0,1,7,0.0,0.0,1.0,0.0,0.08,255,255,1.0,0.0,0.0,0.0,0.0,0.0,0,77017.0
64,5,0,0,0,0,232,1.0,1.0,0.06,0.06,0.0,255,15,0.06,0.07,0.0,1.0,1.0,0.0,1,91561.0
47,9,1,0,0,0,25,0.0,0.0,0.72,0.12,0.0,255,18,0.07,0.59,0.0,0.05,0.0,0.0,1,107170.0
24,9,203,4341,0,1,7,0.0,0.0,1.0,0.0,0.0,66,255,1.0,0.0,0.03,0.0,0.0,0.0,0,65452.0
47,5,0,0,0,0,127,1.0,1.0,0.06,0.06,0.0,255,1,0.0,0.07,0.0,1.0,1.0,0.0,1,109957.0
47,5,0,0,0,0,114,1.0,1.0,0.04,0.08,0.0,58,5,0.09,0.14,0.0,1.0,1.0,0.0,1,41031.0
11,5,0,0,0,0,209,1.0,1.0,0.07,0.07,0.0,255,14,0.05,0.07,0.0,1.0,1.0,0.0,1,120550.0
47,5,0,0,0,0,135,1.0,1.0,0.09,0.07,0.0,255,12,0.05,0.07,0.0,1.0,1.0,0.0,1,89958.0
47,9,1,0,0,0,23,0.0,0.0,0.17,0.17,0.0,255,48,0.19,0.21,0.0,0.0,0.0,0.0,1,67911.0
24,9,346,8073,0,1,12,0.0,0.0,1.0,0.0,0.06,12,255,1.0,0.0,0.03,0.0,0.0,0.0,0,2958.0
19,9,1183,2445,0,1,1,0.0,0.0,1.0,0.0,0.0,255,88,0.35,0.02,0.0,0.0,0.0,0.0,1,12124.0
15,9,1032,0,0,0,289,0.0,0.0,1.0,0.0,0.0,255,255,1.0,0.0,0.0,0.0,0.0,0.0,1,115240.0
12,9,44,73,0,0,167,0.0,0.0,1.0,0.0,0.0,255,254,1.0,0.01,0.0,0.0,0.0,0.0,0,73679.0
20,9,3690,0,0,1,2,0.0,0.0,1.0,0.0,0.0,16,26,0.5,0.12,0.08,0.0,0.0,0.0,0,101016.0
24,9,210,373,0,1,1,0.0,0.0,1.0,0.0,0.0,4,255,1.0,0.0,0.02,0.25,0.0,0.0,0,87610.0
24,9,54540,8314,0,1,3,0.0,0.0,1.0,0.0,0.0,20,20,1.0,0.0,0.0,0.0,0.0,0.05,1,25119.0
24,9,228,3218,0,1,23,0.0,0.0,1.0,0.0,0.0,255,255,1.0,0.0,0.0,0.01,0.01,0.0,0,42177.0
18,5,0,0,0,0,273,1.0,1.0,0.09,0.05,0.0,255,25,0.1,0.05,0.0,1.0,1.0,0.0,1,50526.0
66,1,0,0,0,0,251,0.0,0.0,0.08,0.06,0.0,255,20,0.08,0.06,0.0,0.0,0.0,1.0,1,3494.0
14,9,8,0,0,0,1,0.0,0.0,1.0,0.0,1.0,1,129,1.0,0.0,0.51,0.0,0.0,0.0,1,55904.0
18,5,0,0,0,0,23,1.0,1.0,0.3,0.13,0.0,255,63,0.25,0.02,0.0,1.0,1.0,0.0,1,8988.0
42,9,147,105,0,0,6,0.0,0.0,0.33,0.5,0.0,179,2,0.01,0.63,0.0,0.0,0.0,0.0,0,94076.0
24,9,326,6924,0,1,1,0.0,0.0,1.0,0.0,0.0,255,255,1.0,0.0,0.0,0.0,0.0,0.0,0,42381.0
24,9,206,188,0,1,3,0.33,0.1,1.0,0.0,0.14,25,36,1.0,0.0,0.17,0.04,0.03,0.89,0,96542.0
52,9,1896,330,0,1,1,0.0,0.0,1.0,0.0,1.0,77,148,0.45,0.04,0.01,0.0,0.0,0.0,0,116373.0
63,2,0,0,0,0,121,0.0,0.0,0.14,0.07,0.0,255,17,0.07,0.06,0.0,0.0,0.0,1.0,1,62975.0
24,9,208,5072,0,1,9,0.0,0.0,1.0,0.0,0.0,31,255,1.0,0.0,0.09,0.0,0.0,0.0,0,124970.0
21,1,0,0,0,0,256,0.0,0.0,0.02,0.07,0.0,255,5,0.02,0.07,0.0,0.0,0.0,1.0,1,47066.0
24,9,327,5200,0,1,5,0.0,0.0,1.0,0.0,0.33,255,255,1.0,0.0,0.0,0.0,0.0,0.0,0,106596.0
9,5,0,0,0,0,267,1.0,1.0,0.07,0.06,0.0,255,20,0.08,0.08,0.0,1.0,1.0,0.0,1,33564.0
24,9,187,1364,0,1,8,0.0,0.0,1.0,0.0,0.24,255,255,1.0,0.0,0.0,0.0,0.0,0.0,0,118178.0
47,1,0,0,0,0,126,0.0,0.0,0.04,0.06,0.0,255,5,0.02,0.08,0.0,0.0,0.0,1.0,1,29999.0
19,9,1514,4152,0,1,1,0.0,0.0,1.0,0.0,0.0,8,3,0.38,0.25,0.0,0.0,0.0,0.0,0,83348.0
42,9,1,0,0,0,12,0.0,0.0,0.17,0.75,0.0,255,2,0.01,0.23,0.0,0.0,0.0,0.0,1,69120.0
2,5,0,0,0,0,265,1.0,1.0,0.06,0.06,0.0,255,6,0.02,0.08,0.0,1.0,1.0,0.0,1,66918.0
24,9,320,2254,0,1,20,0.0,0.0,1.0,0.0,0.1,207,255,1.0,0.0,0.02,0.0,0.0,0.0,0,112750.0
15,9,520,0,0,0,9,0.0,0.0,1.0,0.0,0.0,255,255,1.0,0.0,0.0,0.0,0.0,0.0,1,89264.0
15,9,520,0,0,0,451,0.0,0.0,1.0,0.0,0.0,250,250,1.0,0.0,0.0,0.0,0.0,0.0,1,89809.0
24,1,0,0,0,0,1,0.0,0.0,1.0,0.0,0.0,31,255,1.0,0.0,0.13,0.0,0.0,0.65,0,46472.0
47,5,0,0,0,0,265,1.0,1.0,0.06,0.06,0.0,255,6,0.02,0.09,0.0,1.0,1.0,0.0,1,4886.0
12,9,45,80,0,0,74,0.0,0.0,1.0,0.0,0.01,255,218,0.85,0.01,0.0,0.0,0.0,0.0,0,101333.0
47,5,0,0,0,0,249,1.0,1.0,0.03,0.07,0.0,255,6,0.02,0.07,0.0,1.0,1.0,0.0,1,22286.0
47,5,0,0,0,0,235,1.0,1.0,0.05,0.06,0.0,255,12,0.05,0.09,0.0,1.0,1.0,0.0,1,32006.0
47,5,0,0,0,0,157,1.0,1.0,0.04,0.06,0.0,255,18,0.07,0.07,0.0,1.0,1.0,0.0,1,18680.0
18,9,9,140,0,0,1,0.0,0.0,1.0,0.0,0.0,255,9,0.04,0.03,0.0,0.0,0.0,0.0,0,122642.0
47,2,0,0,0,0,247,0.0,0.0,0.03,0.06,0.0,255,7,0.03,0.07,0.0,0.0,0.0,1.0,1,106817.0
24,1,0,0,0,0,1,0.0,0.0,1.0,0.0,0.0,52,255,1.0,0.0,0.09,0.0,0.0,0.74,0,70653.0
7,1,0,0,0,0,199,0.0,0.0,0.03,0.08,0.0,255,5,0.02,0.08,0.0,0.0,0.0,1.0,1,115886.0
6,5,0,0,0,0,100,1.0,1.0,0.04,0.06,0.0,255,4,0.02,0.06,0.0,1.0,1.0,0.0,1,66061.0
60,5,0,0,0,0,292,1.0,1.0,0.08,0.05,0.0,255,24,0.09,0.05,0.0,1.0,1.0,0.0,1,53150.0
24,1,0,0,0,0,1,0.0,0.0,1.0,0.0,0.0,8,254,1.0,0.0,0.13,0.0,0.0,1.0,0,92725.0
47,5,0,0,0,0,285,1.0,1.0,0.02,0.06,0.0,255,14,0.05,0.07,0.0,1.0,1.0,0.0,1,99662.0
24,9,187,16118,0,1,1,0.0,0.0,1.0,0.0,0.0,65,255,1.0,0.0,0.03,0.0,0.0,0.0,0,18694.0
20,5,0,0,0,0,76,1.0,1.0,0.24,0.05,0.0,255,47,0.18,0.04,0.0,1.0,1.0,0.0,1,7492.0
24,9,235,6638,0,1,21,0.0,0.0,1.0,0.0,0.0,76,255,1.0,0.0,0.05,0.01,0.01,0.0,0,121570.0
5,5,0,0,0,0,275,1.0,1.0,0.03,0.05,0.0,255,8,0.03,0.05,0.0,1.0,1.0,0.0,1,94920.0
47,5,0,0,0,0,210,1.0,1.0,0.1,0.06,0.0,255,20,0.08,0.08,0.0,1.0,1.0,0.0,1,44090.0
11,5,0,0,0,0,280,1.0,1.0,0.08,0.05,0.0,255,22,0.09,0.05,0.0,1.0,1.0,0.0,1,106462.0
42,9,146,0,0,0,3,0.0,0.0,0.33,0.67,0.0,255,2,0.01,0.62,0.0,0.0,0.0,0.0,0,61968.0
47,5,0,0,0,0,199,1.0,1.0,0.09,0.06,0.0,255,3,0.01,0.08,0.0,1.0,1.0,0.0,1,28726.0
37,5,0,0,0,0,134,1.0,1.0,0.16,0.04,0.0,255,21,0.08,0.05,0.0,1.0,1.0,0.0,1,27958.0
21,5,0,0,0,0,297,1.0,1.0,0.08,0.05,0.0,255,24,0.09,0.05,0.0,1.0,1.0,0.0,1,113394.0
24,9,370,2113,0,1,5,0.0,0.0,1.0,0.0,0.33,25,231,1.0,0.0,0.21,0.0,0.0,0.8,0,78600.0
11,5,0,0,0,0,6,1.0,1.0,0.17,0.5,0.0,255,7,0.03,0.07,0.0,1.0,1.0,0.0,1,88434.0
42,9,146,105,0,0,3,0.0,0.0,0.67,0.67,0.0,42,2,0.05,0.33,0.0,0.0,0.0,0.0,0,68449.0
50,5,0,0,0,0,249,1.0,1.0,0.04,0.06,0.0,255,11,0.04,0.07,0.0,1.0,1.0,0.0,1,55901.0
47,9,1,0,0,0,156,0.0,0.0,0.94,0.01,0.0,255,208,0.82,0.03,0.0,0.0,0.0,0.0,1,24268.0
47,9,215,0,0,0,1,0.0,0.0,1.0,0.0,0.0,219,187,0.85,0.01,0.0,0.0,0.0,0.0,1,84544.0
12,9,46,46,0,0,119,0.0,0.0,1.0,0.0,0.0,255,253,0.99,0.01,0.0,0.0,0.0,0.0,0,7220.0
11,5,0,0,0,0,207,1.0,1.0,0.09,0.06,0.0,255,18,0.07,0.05,0.0,1.0,1.0,0.0,1,121319.0
47,9,28,0,3,0,70,0.0,0.0,1.0,0.0,0.0,255,70,0.27,0.01,0.0,0.0,0.0,0.0,1,24467.0
24,9,296,2599,0,1,26,0.0,0.0,1.0,0.0,0.0,177,255,1.0,0.0,0.04,0.0,0.0,0.41,0,63403.0
19,9,1206,2449,0,1,1,0.0,0.0,1.0,0.0,0.0,255,97,0.38,0.02,0.0,0.0,0.0,0.0,1,33742.0
24,9,282,1824,0,1,21,0.0,0.0,1.0,0.0,0.09,132,255,1.0,0.0,0.02,0.0,0.01,0.0,0,31966.0
24,9,202,242,0,1,2,0.0,0.0,1.0,0.0,0.0,2,255,1.0,0.0,0.07,0.0,0.0,0.0,0,65283.0
47,9,1,0,0,0,11,0.0,0.0,0.73,0.18,0.0,255,8,0.03,0.33,0.0,0.02,0.0,0.0,1,4180.0
47,1,0,0,0,0,162,0.0,0.0,0.09,0.07,0.0,255,14,0.05,0.08,0.0,0.0,0.0,1.0,1,85355.0
47,5,0,0,0,0,66,1.0,1.0,0.06,0.08,0.0,255,20,0.08,0.07,0.0,1.0,1.0,0.0,1,82072.0
24,9,230,1856,0,1,4,0.0,0.0,1.0,0.0,0.4,171,255,1.0,0.0,0.01,0.0,0.0,0.05,0,111073.0
24,9,266,2066,0,1,1,0.0,0.0,1.0,0.0,0.29,255,255,1.0,0.0,0.0,0.0,0.0,0.0,0,91758.0
24,9,185,19735,0,1,13,0.0,0.0,1.0,0.0,0.0,255,255,1.0,0.0,0.0,0.01,0.01,0.0,0,60678.0
24,9,279,255,0,1,1,0.0,0.0,1.0,0.0,0.0,107,255,1.0,0.0,0.05,0.0,0.0,0.65,0,5873.0
28,5,0,0,0,0,110,1.0,1.0,0.2,0.05,0.0,255,22,0.09,0.04,0.0,1.0,1.0,0.0,1,107875.0
24,9,214,3233,0,1,23,0.0,0.0,1.0,0.0,0.08,255,255,1.0,0.0,0.0,0.0,0.0,0.0,0,65952.0
47,5,0,0,0,0,222,1.0,1.0,0.05,0.05,0.0,180,10,0.06,0.07,0.0,0.99,1.0,0.0,1,104020.0
23,5,0,0,0,0,204,1.0,1.0,0.06,0.07,0.0,255,12,0.05,0.08,0.0,1.0,1.0,0.0,1,12838.0
24,9,308,1248,0,1,11,0.0,0.0,1.0,0.0,0.0,255,255,1.0,0.0,0.0,0.0,0.0,0.0,0,43928.0
14,9,8,0,0,0,1,0.0,0.0,1.0,0.0,1.0,2,129,1.0,0.0,0.5,0.0,0.0,0.0,1,59785.0
47,5,0,0,0,0,72,1.0,1.0,0.14,0.07,0.0,255,1,0.0,0.06,0.0,1.0,1.0,0.0,1,98862.0
0,9,83,17,0,0,1,0.0,0.0,1.0,0.0,0.0,51,14,0.27,0.04,0.0,0.02,0.07,0.86,0,43386.0
12,9,24,24,0,0,2,0.0,0.0,1.0,0.0,0.67,255,241,0.95,0.01,0.0,0.0,0.0,0.0,0,80853.0
20,9,5131424,0,0,1,1,0.0,0.0,1.0,0.0,0.0,6,39,1.0,0.0,0.13,0.0,0.0,0.0,1,6693.0
24,9,312,3222,0,1,2,0.0,0.0,1.0,0.0,0.0,255,243,0.95,0.02,0.0,0.0,0.0,0.0,0,104917.0
24,9,218,1542,0,1,4,0.0,0.0,1.0,0.0,0.0,18,255,1.0,0.0,0.01,0.0,0.0,0.0,0,72917.0
52,9,660,331,0,1,1,0.0,0.0,1.0,0.0,1.0,255,107,0.42,0.03,0.0,0.0,0.0,0.0,0,23868.0
47,5,0,0,0,0,253,1.0,1.0,0.08,0.06,0.0,255,18,0.07,0.06,0.0,1.0,1.0,0.0,1,70220.0
24,9,309,752,0,1,3,0.0,0.0,1.0,0.0,0.25,96,255,1.0,0.0,0.02,0.0,0.0,0.0,0,9047.0
24,6,325,13140,0,1,9,0.11,0.11,1.0,0.0,0.0,29,255,1.0,0.0,0.07,0.03,0.01,0.0,0,36577.0
66,5,0,0,0,0,219,1.0,1.0,0.08,0.06,0.0,255,16,0.06,0.08,0.0,1.0,1.0,0.0,1,117707.0
33,5,0,0,0,0,218,1.0,1.0,0.09,0.06,0.0,255,20,0.08,0.05,0.0,1.0,1.0,0.0,1,110271.0
24,9,218,6776,0,1,11,0.0,0.0,1.0,0.0,0.17,27,255,1.0,0.0,0.03,0.0,0.0,0.0,0,964.0
12,9,42,42,0,0,4,0.0,0.0,1.0,0.0,0.5,255,245,0.96,0.01,0.0,0.0,0.0,0.0,0,285.0
24,9,231,6207,0,1,8,0.0,0.0,1.0,0.0,0.0,8,255,1.0,0.0,0.03,0.0,0.0,0.0,0,79089.0
24,9,54540,8314,0,1,3,0.0,0.0,1.0,0.0,0.0,77,77,1.0,0.0,0.0,0.0,0.0,0.18,1,118656.0
47,5,0,0,0,0,128,1.0,1.0,0.14,0.07,0.0,255,15,0.06,0.07,0.0,1.0,1.0,0.0,1,106069.0
3,1,0,0,0,0,511,0.14,0.0,0.0,1.0,0.0,255,1,0.0,1.0,0.0,0.15,0.0,1.0,1,101687.0
24,9,303,1380,0,1,6,0.0,0.0,1.0,0.0,0.0,255,244,0.96,0.02,0.0,0.0,0.0,0.0,0,102441.0
66,1,0,0,0,0,273,0.0,0.0,0.06,0.06,0.0,255,17,0.07,0.08,0.0,0.0,0.0,1.0,1,108435.0
12,9,42,0,0,0,3,0.0,0.0,1.0,0.0,0.0,64,64,1.0,0.0,0.0,0.0,0.0,0.0,0,77901.0
20,9,1807,0,0,1,1,0.0,0.0,1.0,0.0,0.0,255,60,0.24,0.02,0.0,0.65,0.73,0.0,0,10969.0
24,9,303,3222,0,1,5,0.0,0.0,1.0,0.0,0.22,255,243,0.95,0.01,0.0,0.0,0.0,0.0,0,33425.0
1,9,136464,48108,0,0,1,0.0,0.0,1.0,0.0,0.0,44,6,0.14,0.07,0.0,0.0,0.0,0.0,0,84112.0
66,1,0,0,0,0,209,0.0,0.0,0.01,0.07,0.0,255,3,0.01,0.07,0.0,0.0,0.0,1.0,1,93700.0
34,5,0,0,0,0,193,1.0,1.0,0.03,0.06,0.0,255,6,0.02,0.06,0.0,1.0,1.0,0.0,1,104743.0
52,9,1022,329,0,1,1,0.0,0.0,1.0,0.0,1.0,42,167,0.88,0.07,0.01,0.0,0.0,0.0,0,83792.0
63,5,0,0,0,0,118,1.0,1.0,0.1,0.07,0.0,255,12,0.05,0.06,0.0,1.0,1.0,0.0,1,107911.0
12,9,45,45,0,0,20,0.0,0.0,1.0,0.0,0.0,255,226,0.89,0.01,0.0,0.0,0.0,0.0,0,86910.0
24,9,259,870,0,1,10,0.0,0.0,1.0,0.0,0.0,255,255,1.0,0.0,0.0,0.0,0.0,0.0,0,15198.0
24,9,281,2408,0,1,6,0.0,0.0,1.0,0.0,0.3,255,255,1.0,0.0,0.0,0.0,0.0,0.0,0,18057.0
21,1,0,0,0,0,235,0.0,0.0,0.05,0.07,0.0,255,12,0.05,0.07,0.0,0.0,0.0,1.0,1,61643.0
24,1,0,0,0,0,1,0.0,0.0,1.0,0.0,0.0,11,255,1.0,0.0,0.24,0.0,0.0,0.95,0,111996.0
24,9,222,904,0,1,3,0.0,0.0,1.0,0.0,0.5,13,131,1.0,0.0,0.04,0.0,0.0,0.0,0,105906.0
15,9,1032,0,0,0,511,0.0,0.0,1.0,0.0,0.0,255,11,0.04,0.26,0.0,0.0,0.0,0.0,1,64156.0
18,5,0,0,0,0,191,1.0,1.0,0.01,0.07,0.0,255,2,0.01,0.07,0.0,1.0,1.0,0.0,1,91790.0
24,9,309,1617,0,1,15,0.0,0.0,1.0,0.0,0.0,246,255,1.0,0.0,0.01,0.0,0.0,0.0,0,92010.0
24,9,198,6924,0,1,23,0.0,0.0,1.0,0.0,0.0,255,255,1.0,0.0,0.0,0.0,0.0,0.0,0,61814.0
47,5,0,0,0,0,118,1.0,1.0,0.07,0.06,0.0,255,8,0.03,0.09,0.0,1.0,1.0,0.0,1,25528.0
47,5,0,0,0,0,93,1.0,1.0,0.04,0.06,0.0,147,4,0.03,0.07,0.0,1.0,1.0,0.0,1,69211.0
47,5,0,0,0,0,256,1.0,1.0,0.08,0.06,0.0,255,14,0.05,0.06,0.0,1.0,1.0,0.0,1,63166.0
42,5,0,0,0,0,430,0.07,1.0,0.0,1.0,0.0,255,1,0.0,1.0,0.0,0.1,1.0,0.0,1,100279.0
24,9,265,14496,0,1,4,0.0,0.0,1.0,0.0,0.0,171,255,1.0,0.0,0.02,0.01,0.0,0.0,0,90725.0
27,5,0,0,0,0,290,1.0,1.0,0.01,0.05,0.0,255,3,0.01,0.05,0.0,1.0,1.0,0.0,1,18131.0
12,9,31,0,0,0,1,0.0,0.0,1.0,0.0,0.15,147,33,0.1,0.04,0.06,0.0,0.0,0.0,0,92081.0
11,5,0,0,0,0,241,1.0,1.0,0.01,0.05,0.0,255,3,0.01,0.05,0.0,1.0,1.0,0.0,1,114659.0
24,9,232,933,0,1,13,0.0,0.0,1.0,0.0,0.14,255,255,1.0,0.0,0.0,0.0,0.0,0.0,0,32475.0
12,9,45,130,0,0,95,0.0,0.0,1.0,0.0,0.01,255,255,1.0,0.0,0.0,0.0,0.0,0.0,0,46072.0
12,9,42,42,0,0,11,0.0,0.0,1.0,0.0,0.19,255,254,1.0,0.01,0.0,0.0,0.0,0.0,0,19249.0
24,9,360,11403,0,1,2,0.0,0.0,1.0,0.0,0.18,18,255,1.0,0.0,0.09,0.0,0.0,0.0,0,100407.0
20,9,2194619,0,0,0,2,0.0,0.0,1.0,0.0,0.0,56,41,0.11,0.07,0.05,0.0,0.0,0.0,0,63598.0
24,9,306,1075,0,1,5,0.0,0.0,1.0,0.0,0.0,255,248,0.97,0.01,0.0,0.0,0.0,0.02,0,65146.0
47,5,0,0,0,0,105,1.0,1.0,0.04,0.07,0.0,255,11,0.04,0.07,0.0,1.0,1.0,0.0,1,13735.0
52,9,624,283,0,1,1,0.0,0.0,1.0,0.0,0.0,240,140,0.58,0.03,0.0,0.0,0.0,0.0,0,81296.0
24,9,242,10530,0,1,1,0.0,0.0,1.0,0.0,0.67,54,255,1.0,0.0,0.05,0.0,0.0,0.0,0,33103.0
47,5,0,0,0,0,239,1.0,1.0,0.05,0.06,0.0,255,6,0.02,0.07,0.0,1.0,1.0,0.0,1,11506.0
24,9,294,343,0,1,1,0.0,0.0,1.0,0.0,0.0,15,255,1.0,0.0,0.01,0.0,0.0,0.0,0,67219.0
12,9,36,0,0,0,9,0.0,0.0,1.0,0.0,0.0,74,209,1.0,0.0,0.01,0.0,0.0,0.0,0,111117.0
24,9,333,5933,0,1,26,0.0,0.0,1.0,0.0,0.06,55,255,1.0,0.0,0.04,0.0,0.0,0.0,0,89369.0
24,9,238,397,0,1,2,0.0,0.0,1.0,0.0,0.0,43,255,1.0,0.0,0.04,0.0,0.0,0.0,0,87885.0
24,9,211,24572,0,1,2,0.0,0.0,1.0,0.0,0.0,204,255,1.0,0.0,0.01,0.0,0.0,0.0,0,38869.0
47,5,0,0,0,0,255,1.0,1.0,0.08,0.05,0.0,255,2,0.01,0.08,0.0,1.0,1.0,0.0,1,60302.0
20,9,212,0,0,0,2,0.0,0.0,1.0,0.0,0.0,255,89,0.35,0.02,0.0,0.0,0.0,0.0,0,105443.0
12,9,44,72,0,0,318,0.0,0.0,1.0,0.01,0.0,255,250,0.98,0.01,0.0,0.0,0.0,0.0,0,100424.0
24,9,234,608,0,1,24,0.0,0.0,1.0,0.0,0.0,255,255,1.0,0.0,0.0,0.0,0.0,0.0,0,49243.0
11,1,0,0,0,0,101,0.0,0.0,0.01,0.08,0.0,255,1,0.0,0.09,0.0,0.0,0.0,1.0,1,76590.0
47,9,1,0,0,0,48,0.0,0.0,0.17,0.08,0.0,255,19,0.07,0.6,0.0,0.16,0.0,0.0,1,20331.0
52,9,719,335,0,1,1,0.0,0.0,1.0,0.0,1.0,59,136,0.61,0.05,0.01,0.0,0.0,0.0,0,121042.0
42,1,0,0,0,0,500,0.08,0.0,0.0,0.95,0.0,255,1,0.0,0.91,0.0,0.08,0.0,1.0,1,93937.0
24,9,210,3738,0,1,6,0.0,0.0,1.0,0.0,0.17,6,255,1.0,0.0,0.03,0.0,0.0,0.0,0,106942.0
47,5,0,0,0,0,117,1.0,1.0,0.15,0.05,0.0,255,18,0.07,0.05,0.0,1.0,1.0,0.0,1,34687.0
58,9,106,2880,0,1,1,0.0,0.0,1.0,0.0,0.0,95,5,0.03,0.04,0.6,0.0,0.2,0.0,0,21750.0
24,9,220,341,0,1,4,0.0,0.0,1.0,0.0,0.0,255,255,1.0,0.0,0.0,0.0,0.0,0.0,0,102646.0
47,5,0,0,0,0,215,1.0,1.0,0.01,0.07,0.0,255,19,0.07,0.07,0.0,1.0,1.0,0.0,1,14791.0
58,9,106,2925,0,1,1,0.0,0.0,1.0,0.0,0.0,100,9,0.09,0.04,0.0,0.0,0.0,0.0,0,38884.0
42,9,146,105,0,0,1,0.0,0.0,1.0,0.0,0.0,255,1,0.0,0.7,0.0,0.0,0.0,0.0,0,16173.0
47,5,0,0,0,0,236,1.0,1.0,0.05,0.07,0.0,255,17,0.07,0.07,0.0,1.0,1.0,0.0,1,12999.0
24,9,328,357,0,1,7,0.0,0.0,1.0,0.0,0.0,255,255,1.0,0.0,0.0,0.0,0.0,0.0,0,35165.0
66,5,0,0,0,0,146,1.0,1.0,0.08,0.08,0.0,255,11,0.04,0.07,0.0,1.0,1.0,0.0,1,104603.0
14,9,8,0,0,0,1,0.0,0.0,1.0,0.0,1.0,2,62,1.0,0.0,0.26,0.0,0.0,0.0,1,16320.0
23,5,0,0,0,0,246,1.0,1.0,0.01,0.06,0.0,255,2,0.01,0.06,0.0,1.0,1.0,0.0,1,76263.0
56,5,0,0,0,0,111,1.0,1.0,0.14,0.05,0.0,255,15,0.06,0.05,0.0,1.0,1.0,0.0,1,104707.0
32,5,0,0,0,0,144,1.0,1.0,0.17,0.05,0.0,255,25,0.1,0.05,0.0,1.0,1.0,0.0,1,99744.0
24,9,231,2350,0,1,8,0.0,0.0,1.0,0.0,0.0,20,255,1.0,0.0,0.03,0.0,0.0,0.0,0,54590.0
12,9,44,132,0,0,78,0.0,0.0,1.0,0.0,0.01,255,208,0.82,0.02,0.0,0.0,0.0,0.0,0,70414.0
47,1,0,0,0,0,213,0.0,0.0,0.0,0.07,0.0,255,1,0.0,0.09,0.0,0.0,0.0,1.0,1,17474.0
12,9,44,128,0,0,70,0.0,0.0,1.0,0.0,0.01,255,255,1.0,0.0,0.0,0.0,0.0,0.0,0,1732.0
24,9,244,647,0,1,25,0.0,0.0,1.0,0.0,0.0,255,255,1.0,0.0,0.0,0.0,0.0,0.0,0,34128.0
24,9,214,1215,0,1,5,0.0,0.0,1.0,0.0,0.1,255,255,1.0,0.0,0.0,0.0,0.0,0.0,0,4739.0
47,1,0,0,0,0,297,0.0,0.0,0.03,0.06,0.0,255,9,0.04,0.08,0.0,0.0,0.0,1.0,1,45605.0
39,1,0,0,0,0,105,0.0,0.0,0.02,0.08,0.0,255,2,0.01,0.07,0.0,0.0,0.0,1.0,1,68211.0
64,5,0,0,0,0,284,1.0,1.0,0.07,0.06,0.0,255,14,0.05,0.07,0.0,1.0,1.0,0.0,1,49386.0
24,9,222,1150,0,1,14,0.0,0.0,1.0,0.0,0.0,35,94,1.0,0.0,0.04,0.0,0.01,0.0,0,54211.0
24,9,290,2747,0,1,2,0.0,0.0,1.0,0.0,0.67,4,255,1.0,0.0,0.07,0.0,0.0,0.0,0,10816.0
47,5,0,0,0,0,152,1.0,1.0,0.05,0.07,0.0,255,19,0.07,0.08,0.0,1.0,1.0,0.0,1,34434.0
62,9,181,0,0,0,2,0.0,0.0,0.5,1.0,0.0,255,90,0.35,0.01,0.0,0.0,0.0,0.0,0,59198.0
24,1,0,0,0,0,1,0.0,0.0,1.0,0.0,0.0,11,223,1.0,0.0,0.15,0.0,0.0,0.95,0,36702.0
47,5,0,0,0,0,69,1.0,1.0,0.09,0.09,0.0,255,21,0.08,0.07,0.0,1.0,1.0,0.0,1,74984.0
24,9,188,1291,0,1,15,0.07,0.06,1.0,0.0,0.12,15,255,1.0,0.0,0.03,0.07,0.01,0.0,0,2931.0
47,9,105,147,0,0,1,0.0,0.0,1.0,0.0,0.0,150,148,0.99,0.01,0.0,0.0,0.0,0.0,0,94608.0
24,9,238,3862,0,1,8,0.0,0.0,1.0,0.0,0.0,15,255,1.0,0.0,0.05,0.0,0.0,0.0,0,27324.0
12,9,43,73,0,0,217,0.0,0.0,1.0,0.01,0.01,255,254,1.0,0.01,0.0,0.0,0.0,0.0,0,105828.0
24,9,312,327,0,1,5,0.0,0.0,1.0,0.0,0.15,244,255,1.0,0.0,0.01,0.0,0.0,0.01,0,23032.0
47,5,0,0,0,0,117,1.0,1.0,0.15,0.07,0.0,255,17,0.07,0.08,0.0,1.0,1.0,0.0,1,75555.0
47,5,0,0,0,0,214,1.0,1.0,0.07,0.06,0.0,255,15,0.06,0.07,0.0,1.0,1.0,0.0,1,66857.0
25,5,0,0,0,0,244,1.0,1.0,0.1,0.05,0.0,255,24,0.09,0.05,0.0,1.0,1.0,0.0,1,55648.0
12,9,45,45,0,0,111,0.0,0.0,1.0,0.0,0.0,255,255,1.0,0.0,0.0,0.0,0.0,0.0,0,15768.0
12,9,45,81,0,0,152,0.0,0.0,0.99,0.01,0.02,255,249,0.98,0.01,0.0,0.0,0.0,0.0,0,13975.0
2,5,0,0,0,0,7,1.0,1.0,0.29,0.43,0.0,255,2,0.01,0.09,0.0,1.0,1.0,0.0,1,81061.0
12,9,42,42,0,0,4,0.0,0.0,1.0,0.0,0.0,255,255,1.0,0.0,0.0,0.0,0.0,0.0,0,44425.0
24,9,282,2013,0,1,6,0.0,0.0,1.0,0.0,0.11,42,255,1.0,0.0,0.04,0.0,0.0,0.0,0,58480.0
24,9,198,4712,0,1,9,0.0,0.0,1.0,0.0,0.11,120,255,1.0,0.0,0.07,0.0,0.0,0.0,0,30125.0
19,9,1230,2449,0,1,1,0.0,0.0,1.0,0.0,0.0,173,1,0.01,0.03,0.0,0.01,0.0,0.0,1,2243.0
58,5,0,0,0,0,260,1.0,1.0,0.07,0.07,0.0,255,17,0.07,0.07,0.0,1.0,1.0,0.0,1,61091.0
47,5,0,0,0,0,160,1.0,1.0,0.11,0.06,0.0,255,18,0.07,0.07,0.0,1.0,1.0,0.0,1,93933.0
12,9,43,108,0,0,200,0.0,0.0,1.0,0.0,0.0,255,255,1.0,0.0,0.0,0.0,0.0,0.0,0,84852.0
24,9,266,6818,0,1,3,0.0,0.0,1.0,0.0,0.0,10,255,1.0,0.0,0.05,0.0,0.0,0.0,0,59273.0
10,2,0,0,0,0,181,0.0,0.0,0.02,0.07,0.0,255,3,0.01,0.08,0.0,0.0,0.0,1.0,1,118582.0
24,9,236,453,0,1,13,0.0,0.0,1.0,0.0,0.0,255,255,1.0,0.0,0.0,0.0,0.0,0.0,0,98795.0
24,5,0,0,0,0,237,1.0,0.94,0.06,0.07,0.12,255,15,0.06,0.08,0.0,1.0,1.0,0.0,1,106334.0
24,9,199,3039,0,1,1,0.0,0.0,1.0,0.0,0.0,76,255,1.0,0.0,0.03,0.0,0.0,0.0,0,8481.0
21,5,0,0,0,0,272,1.0,1.0,0.07,0.06,0.0,255,1,0.0,0.09,0.0,1.0,1.0,0.0,1,70554.0
52,9,1051,335,0,1,1,0.0,0.0,1.0,0.0,0.0,192,197,0.86,0.02,0.01,0.0,0.0,0.0,0,120458.0
24,9,215,654,0,1,12,0.0,0.0,1.0,0.0,0.0,255,255,1.0,0.0,0.0,0.0,0.0,0.0,0,98828.0
47,5,0,0,0,0,262,1.0,1.0,0.06,0.06,0.0,255,7,0.03,0.06,0.0,1.0,1.0,0.0,1,114554.0
55,2,0,0,0,0,246,0.0,0.0,0.0,0.07,0.0,255,1,0.0,0.08,0.0,0.0,0.0,1.0,1,60438.0
2,1,0,0,0,0,108,0.0,0.0,0.07,0.06,0.0,255,8,0.03,0.07,0.0,0.0,0.0,1.0,1,52795.0
5,5,0,0,0,0,211,1.0,1.0,0.08,0.07,0.0,255,12,0.05,0.08,0.0,1.0,1.0,0.0,1,344.0
14,9,30,0,0,0,7,0.0,0.0,0.14,0.29,0.0,255,3,0.01,0.01,0.0,0.0,0.0,0.0,0,80847.0
24,9,226,406,0,1,5,0.0,0.0,1.0,0.0,0.29,255,255,1.0,0.0,0.0,0.0,0.0,0.0,0,115833.0
12,9,45,140,0,0,199,0.0,0.0,1.0,0.0,0.0,255,255,1.0,0.0,0.0,0.0,0.0,0.0,0,124222.0
52,9,754,327,0,1,1,0.0,0.0,1.0,0.0,0.0,108,158,0.67,0.05,0.01,0.0,0.0,0.0,0,74751.0
18,5,0,0,0,0,1,1.0,1.0,1.0,0.0,0.0,255,41,0.16,0.05,0.0,1.0,1.0,0.0,1,27806.0
24,9,287,473,0,1,4,0.0,0.0,1.0,0.0,0.17,59,255,1.0,0.0,0.04,0.0,0.0,0.01,0,42680.0
24,9,312,461,0,1,27,0.0,0.0,1.0,0.0,0.04,27,255,1.0,0.0,0.04,0.0,0.01,0.0,0,121402.0
9,5,0,0,0,0,290,1.0,1.0,0.02,0.06,0.0,255,11,0.04,0.08,0.0,1.0,1.0,0.0,1,31821.0
52,9,1482,332,0,1,1,0.0,0.0,1.0,0.0,0.0,171,246,0.96,0.01,0.01,0.0,0.0,0.0,0,62819.0
24,9,198,1028,0,1,5,0.0,0.0,1.0,0.0,0.0,5,255,1.0,0.0,0.04,0.0,0.0,0.0,0,43636.0
12,9,46,92,0,0,272,0.0,0.0,1.0,0.0,0.0,255,206,0.81,0.01,0.0,0.0,0.0,0.0,0,37408.0
24,9,254,9066,0,1,1,0.0,0.0,1.0,0.0,0.0,255,223,0.87,0.02,0.0,0.0,0.0,0.0,0,19730.0
47,1,0,0,0,0,134,0.0,0.0,0.04,0.06,0.0,209,6,0.03,0.06,0.0,0.0,0.0,1.0,1,63408.0
15,9,520,0,0,0,457,0.0,0.0,1.0,0.0,0.0,153,153,1.0,0.0,0.0,0.0,0.0,0.0,1,431.0
47,5,0,0,0,0,134,1.0,1.0,0.05,0.06,0.0,255,17,0.07,0.08,0.0,1.0,1.0,0.0,1,9304.0
52,9,907,326,0,1,1,0.0,0.0,1.0,0.0,0.0,83,195,0.7,0.06,0.01,0.0,0.0,0.0,0,46768.0
4,5,0,0,0,0,239,1.0,1.0,0.01,0.07,0.0,255,3,0.01,0.07,0.0,1.0,1.0,0.0,1,48002.0
13,5,0,0,0,0,54,1.0,1.0,0.11,0.09,0.0,255,6,0.02,0.07,0.0,1.0,1.0,0.0,1,44240.0
12,9,44,128,0,0,314,0.0,0.0,1.0,0.01,0.0,203,170,0.84,0.01,0.0,0.0,0.0,0.0,0,121932.0
58,9,186,32133,0,1,1,0.0,0.0,1.0,0.0,0.0,228,2,0.01,0.03,0.0,0.0,0.0,0.0,0,122975.0
24,9,287,261,0,1,2,0.0,0.0,1.0,0.0,0.38,8,255,1.0,0.0,0.01,0.0,0.0,0.0,0,8149.0
47,5,0,0,0,0,130,1.0,1.0,0.15,0.05,0.0,255,8,0.03,0.08,0.0,1.0,1.0,0.0,1,75194.0
14,9,30,0,0,0,1,0.0,0.0,1.0,0.0,0.0,6,112,1.0,0.0,0.48,0.0,0.0,0.0,0,123773.0
2,5,0,0,0,0,266,1.0,1.0,0.06,0.06,0.0,255,16,0.06,0.06,0.0,1.0,1.0,0.0,1,105925.0
11,5,0,0,0,0,227,1.0,1.0,0.06,0.06,0.0,255,14,0.05,0.07,0.0,1.0,1.0,0.0,1,92809.0
24,9,303,2239,0,1,4,0.0,0.0,1.0,0.0,0.0,255,253,0.99,0.01,0.0,0.0,0.0,0.0,0,61602.0
24,9,252,1014,0,1,10,0.0,0.0,1.0,0.0,0.0,119,255,1.0,0.0,0.03,0.0,0.0,0.0,0,27658.0
24,9,258,470,0,1,29,0.0,0.0,1.0,0.0,0.0,103,255,1.0,0.0,0.02,0.0,0.0,0.0,0,116683.0
24,9,231,9356,0,1,1,0.0,0.0,1.0,0.0,0.0,1,255,1.0,0.0,0.01,0.0,0.0,0.0,0,124178.0
47,5,0,0,0,0,257,1.0,1.0,0.06,0.06,0.0,255,17,0.07,0.06,0.0,1.0,1.0,0.0,1,103832.0
55,5,0,0,0,0,204,1.0,1.0,0.08,0.06,0.0,255,16,0.06,0.07,0.0,1.0,1.0,0.0,1,67264.0
24,9,338,1228,0,1,13,0.0,0.0,1.0,0.0,0.25,255,255,1.0,0.0,0.0,0.0,0.0,0.0,0,19231.0
52,9,1408,330,0,1,1,0.0,0.0,1.0,0.0,1.0,95,148,0.6,0.03,0.01,0.0,0.0,0.0,0,28934.0
24,5,0,0,0,0,2,0.5,0.5,1.0,0.0,0.0,50,58,1.0,0.0,0.03,0.02,0.02,0.0,0,91608.0
11,5,0,0,0,0,292,1.0,1.0,0.01,0.05,0.0,255,8,0.03,0.07,0.0,1.0,1.0,0.0,1,68509.0
17,5,0,0,0,0,126,1.0,1.0,0.16,0.06,0.0,255,20,0.08,0.05,0.0,1.0,1.0,0.0,1,58788.0
24,1,0,0,0,0,1,0.0,0.0,1.0,0.0,0.0,12,214,1.0,0.0,0.21,0.0,0.0,1.0,0,79830.0
24,9,301,3276,0,1,25,0.0,0.0,1.0,0.0,0.12,87,255,1.0,0.0,0.03,0.0,0.0,0.0,0,109514.0
15,9,1032,0,0,0,382,0.0,0.0,1.0,0.0,0.0,255,173,0.68,0.02,0.0,0.0,0.0,0.0,1,100577.0
24,9,218,323,0,1,6,0.0,0.0,1.0,0.0,0.0,26,255,1.0,0.0,0.04,0.0,0.0,0.0,0,81655.0
47,1,0,0,0,0,400,0.0,0.0,0.0,0.52,0.0,255,1,0.0,0.52,0.0,0.0,0.0,1.0,1,44862.0
11,5,0,0,0,0,150,1.0,1.0,0.13,0.06,0.0,255,18,0.07,0.07,0.0,1.0,1.0,0.0,1,45275.0
25,5,0,0,0,0,131,1.0,1.0,0.15,0.06,0.0,255,19,0.07,0.06,0.0,1.0,1.0,0.0,1,42882.0
2,1,0,0,0,0,292,0.0,0.0,0.06,0.06,0.0,255,18,0.07,0.07,0.0,0.0,0.0,1.0,1,109876.0
24,9,209,1158,0,1,11,0.0,0.0,1.0,0.0,0.21,187,255,1.0,0.0,0.01,0.0,0.0,0.0,0,124900.0
24,9,236,2393,0,1,3,0.0,0.0,1.0,0.0,0.5,19,255,1.0,0.0,0.02,0.0,0.01,0.0,0,74254.0
47,5,0,0,0,0,89,1.0,1.0,0.21,0.07,0.0,198,19,0.1,0.07,0.0,1.0,1.0,0.0,1,16301.0
47,5,0,0,0,0,119,1.0,1.0,0.14,0.06,0.0,255,20,0.08,0.07,0.0,1.0,1.0,0.0,1,13220.0
52,9,1452,329,0,1,1,0.0,0.0,1.0,0.0,1.0,141,168,0.66,0.03,0.01,0.01,0.01,0.0,0,95636.0
12,9,44,44,0,0,3,0.0,0.0,1.0,0.0,0.33,255,252,0.99,0.01,0.0,0.0,0.0,0.0,0,93929.0
47,5,0,0,0,0,287,1.0,1.0,0.07,0.06,0.0,255,19,0.07,0.08,0.0,1.0,1.0,0.0,1,43244.0
47,5,0,0,0,0,105,1.0,1.0,0.09,0.06,0.0,255,9,0.04,0.08,0.0,1.0,1.0,0.0,1,60090.0
24,9,218,2345,0,1,20,0.0,0.0,1.0,0.0,0.17,255,255,1.0,0.0,0.0,0.0,0.0,0.0,0,46776.0
24,9,227,397,0,1,6,0.17,0.17,1.0,0.0,0.0,255,255,1.0,0.0,0.0,0.0,0.0,0.0,0,45659.0
7,5,0,0,0,0,284,1.0,1.0,0.07,0.06,0.0,255,19,0.07,0.06,0.0,1.0,1.0,0.0,1,104318.0
24,9,339,281,0,1,3,0.0,0.0,1.0,0.0,0.0,255,248,0.97,0.01,0.0,0.0,0.0,0.0,0,63288.0
24,1,0,0,0,0,1,0.0,0.0,1.0,0.0,0.0,3,48,1.0,0.0,0.15,0.0,0.0,0.65,0,38753.0
24,9,325,11524,0,1,20,0.0,0.0,1.0,0.0,0.0,255,255,1.0,0.0,0.0,0.0,0.0,0.0,0,95264.0
21,5,0,0,0,0,232,1.0,1.0,0.1,0.05,0.0,255,24,0.09,0.05,0.0,1.0,1.0,0.0,1,86606.0
24,9,296,595,0,1,13,0.0,0.0,1.0,0.0,0.11,255,255,1.0,0.0,0.0,0.0,0.0,0.0,0,17402.0
24,9,219,1177,0,1,2,0.0,0.0,1.0,0.0,0.0,15,255,1.0,0.0,0.04,0.0,0.01,0.0,0,3493.0
16,5,0,0,0,0,120,1.0,1.0,0.03,0.06,0.0,255,3,0.01,0.07,0.0,1.0,1.0,0.0,1,31378.0
52,9,970,330,0,1,1,0.0,0.0,1.0,0.0,0.0,145,34,0.23,0.49,0.0,0.0,0.0,0.0,0,111125.0
24,9,247,2445,0,1,4,0.0,0.0,1.0,0.0,0.0,255,255,1.0,0.0,0.0,0.0,0.0,0.0,0,52862.0
24,9,358,5943,0,1,6,0.0,0.0,1.0,0.0,0.0,255,255,1.0,0.0,0.0,0.0,0.0,0.0,0,92227.0
7,5,0,0,0,0,246,1.0,1.0,0.02,0.07,0.0,255,5,0.02,0.07,0.0,1.0,1.0,0.0,1,78501.0
19,9,1473,4152,0,1,1,0.0,0.0,1.0,0.0,0.0,218,50,0.23,0.03,0.0,0.0,0.0,0.02,0,78206.0
12,9,46,131,0,0,68,0.0,0.0,1.0,0.0,0.01,255,254,1.0,0.01,0.0,0.0,0.0,0.0,0,11301.0
63,2,0,0,0,0,122,0.0,0.0,0.13,0.07,0.0,255,16,0.06,0.05,0.0,0.0,0.0,1.0,1,58334.0
14,9,30,0,0,0,1,0.0,0.0,1.0,0.0,0.0,21,91,1.0,0.0,0.4,0.0,0.0,0.0,0,49499.0
60,5,0,0,0,0,257,1.0,1.0,0.09,0.05,0.0,255,22,0.09,0.05,0.0,1.0,1.0,0.0,1,83017.0
12,9,45,140,0,0,65,0.0,0.0,1.0,0.0,0.01,255,255,1.0,0.0,0.0,0.0,0.0,0.0,0,109112.0
16,5,0,0,0,0,142,1.0,1.0,0.15,0.05,0.0,255,21,0.08,0.05,0.0,1.0,1.0,0.0,1,6294.0
42,1,0,0,0,0,369,0.09,0.0,0.0,1.0,0.0,255,1,0.0,1.0,0.0,0.11,0.0,1.0,1,29433.0
24,9,309,758,0,1,3,0.0,0.0,1.0,0.0,0.22,102,255,1.0,0.0,0.01,0.0,0.0,0.0,0,69709.0
19,9,1458,4152,0,1,1,0.0,0.0,1.0,0.0,0.0,158,40,0.25,0.03,0.0,0.0,0.0,0.0,0,525.0
42,1,0,0,0,0,379,0.09,0.0,0.0,1.0,0.0,255,1,0.0,1.0,0.0,0.11,0.0,1.0,1,114671.0
24,9,211,1382,0,1,7,0.0,0.0,1.0,0.0,0.25,17,255,1.0,0.0,0.05,0.0,0.0,0.0,0,98377.0
20,9,748,0,0,0,1,0.0,0.0,1.0,0.0,0.0,127,30,0.2,0.03,0.07,0.0,0.0,0.0,0,68553.0
47,4,1,0,0,0,2,0.0,0.0,1.0,0.0,0.0,255,2,0.01,0.51,0.0,0.0,0.0,1.0,1,94537.0
43,9,44,556,0,0,6,0.0,0.0,0.17,1.0,0.0,116,1,0.01,0.11,0.0,0.0,0.0,0.0,1,19187.0
47,5,0,0,0,0,276,1.0,1.0,0.04,0.05,0.0,255,11,0.04,0.05,0.0,1.0,1.0,0.0,1,18076.0
25,5,0,0,0,0,103,1.0,1.0,0.23,0.06,0.0,255,24,0.09,0.05,0.0,1.0,1.0,0.0,1,101287.0
0,4,2102,8321,0,1,1,0.0,0.0,1.0,0.0,0.0,206,21,0.1,0.01,0.0,0.0,0.0,0.62,0,115093.0
18,9,6,135,0,0,1,0.0,0.0,1.0,0.0,0.0,255,16,0.06,0.02,0.0,0.0,0.06,0.0,0,92332.0
15,9,1032,0,0,0,510,0.0,0.0,1.0,0.0,0.0,255,27,0.11,0.18,0.0,0.0,0.0,0.0,1,41027.0
47,5,0,0,0,0,117,1.0,1.0,0.14,0.06,0.0,255,6,0.02,0.06,0.0,1.0,1.0,0.0,1,120221.0
24,9,309,2239,0,1,4,0.0,0.0,1.0,0.0,0.0,255,255,1.0,0.0,0.0,0.0,0.0,0.0,0,97459.0
47,5,0,0,0,0,149,1.0,1.0,0.05,0.06,0.0,255,2,0.01,0.06,0.0,1.0,1.0,0.0,1,37439.0
42,9,5,0,0,0,1,0.0,0.0,1.0,0.0,0.0,255,6,0.02,0.02,0.0,0.0,0.0,0.0,1,67334.0
15,9,1480,0,1,0,1,0.0,0.0,1.0,0.0,0.67,2,152,0.5,1.0,0.03,0.5,0.0,0.0,1,101152.0
25,1,0,0,0,0,89,0.0,0.0,0.22,0.07,0.0,255,20,0.08,0.06,0.0,0.0,0.0,1.0,1,21125.0
24,9,305,2295,0,1,1,0.0,0.0,1.0,0.0,0.0,223,223,1.0,0.0,0.0,0.0,0.0,0.0,0,10575.0
21,5,0,0,0,0,252,1.0,1.0,0.09,0.05,0.0,255,22,0.09,0.05,0.0,1.0,1.0,0.0,1,50222.0
24,9,54540,8314,0,1,1,0.0,0.0,1.0,0.0,0.0,219,219,1.0,0.0,0.0,0.0,0.0,0.01,1,3821.0
24,9,328,25453,0,1,3,0.0,0.0,1.0,0.0,0.0,7,255,1.0,0.0,0.04,0.0,0.0,0.0,0,119249.0
12,9,45,77,0,0,128,0.0,0.0,1.0,0.0,0.0,255,201,0.79,0.01,0.0,0.0,0.0,0.0,0,61844.0
15,9,30,0,0,0,1,0.0,0.0,1.0,0.0,0.0,19,20,1.0,0.0,0.1,0.0,0.0,0.0,0,95469.0
52,9,2029,324,0,1,1,0.0,0.0,1.0,0.0,1.0,100,92,0.92,0.02,0.0,0.0,0.0,0.0,0,86365.0
2,5,0,0,0,0,262,1.0,1.0,0.01,0.05,0.0,255,2,0.01,0.05,0.0,1.0,1.0,0.0,1,84969.0
47,5,0,0,0,0,134,1.0,1.0,0.12,0.05,0.0,255,11,0.04,0.07,0.0,1.0,1.0,0.0,1,91267.0
8,1,0,0,0,0,258,0.0,0.0,0.04,0.07,0.0,255,10,0.04,0.07,0.0,0.0,0.0,1.0,1,90171.0
29,5,0,0,0,0,131,1.0,1.0,0.15,0.05,0.0,255,19,0.07,0.05,0.0,1.0,1.0,0.0,1,22565.0
11,5,0,0,0,0,236,1.0,1.0,0.05,0.06,0.0,255,11,0.04,0.07,0.0,1.0,1.0,0.0,1,106156.0
12,9,34,0,0,0,1,0.0,0.0,1.0,0.0,1.0,19,51,0.26,0.16,0.06,0.0,0.0,0.0,0,96177.0
5,5,0,0,0,0,295,1.0,1.0,0.06,0.06,0.0,255,2,0.01,0.06,0.0,1.0,1.0,0.0,1,53864.0
24,9,207,589,0,1,4,0.25,0.25,1.0,0.0,0.0,255,255,1.0,0.0,0.0,0.0,0.0,0.0,0,57674.0
14,9,8,0,0,0,1,0.0,0.0,1.0,0.0,1.0,2,255,1.0,0.0,0.5,0.0,0.0,0.0,1,26599.0
24,9,167,11288,0,1,2,0.0,0.0,1.0,0.0,0.0,255,255,1.0,0.0,0.0,0.0,0.0,0.0,0,38257.0
21,5,0,0,0,0,230,1.0,1.0,0.01,0.06,0.0,255,3,0.01,0.06,0.0,1.0,1.0,0.0,1,22217.0
24,9,144,6999,0,1,4,0.0,0.0,1.0,0.0,0.4,28,255,1.0,0.0,0.06,0.0,0.0,0.0,0,85310.0
12,9,45,75,0,0,109,0.0,0.0,1.0,0.0,0.0,255,255,1.0,0.0,0.0,0.0,0.0,0.0,0,71136.0
47,9,105,145,0,0,1,0.0,0.0,1.0,0.0,0.0,255,74,0.29,0.01,0.0,0.0,0.0,0.0,0,30009.0
24,9,380,707,0,1,4,0.0,0.0,1.0,0.0,0.0,11,255,1.0,0.0,0.04,0.0,0.0,0.0,0,35603.0
24,4,53168,7300,0,1,4,0.0,0.0,1.0,0.0,0.4,255,255,1.0,0.0,0.0,0.0,0.0,0.02,1,123745.0
46,5,0,0,0,0,146,1.0,1.0,0.17,0.05,0.0,255,25,0.1,0.05,0.0,1.0,1.0,0.0,1,23933.0
24,9,296,2375,0,1,6,0.0,0.0,1.0,0.0,0.17,10,255,1.0,0.0,0.02,0.0,0.0,0.0,0,34157.0
47,5,0,0,0,0,214,1.0,1.0,0.07,0.06,0.0,255,14,0.05,0.06,0.0,1.0,1.0,0.0,1,13890.0
20,9,501760,0,0,1,2,0.0,0.0,1.0,0.0,0.0,39,6,0.15,0.08,0.0,0.0,0.0,0.0,0,19465.0
20,9,11,0,0,1,2,0.0,0.0,1.0,0.0,0.0,89,84,0.28,0.03,0.02,0.0,0.0,0.0,0,63486.0
24,9,251,1911,0,1,2,0.0,0.0,1.0,0.0,0.0,255,232,0.91,0.01,0.0,0.0,0.0,0.0,0,18946.0
24,9,287,788,0,1,3,0.33,0.07,1.0,0.0,0.14,255,255,1.0,0.0,0.0,0.0,0.0,0.0,0,90696.0
52,9,1739,334,0,1,1,0.0,0.0,1.0,0.0,1.0,222,160,0.72,0.04,0.0,0.01,0.01,0.0,0,41737.0
15,9,520,0,0,0,140,0.0,0.0,1.0,0.0,0.0,255,255,1.0,0.0,0.0,0.0,0.0,0.0,1,64270.0
47,5,0,0,0,0,106,1.0,1.0,0.05,0.07,0.0,255,4,0.02,0.06,0.0,1.0,1.0,0.0,1,41344.0
52,9,1566,607,0,1,1,0.0,0.0,1.0,0.0,1.0,171,221,0.81,0.02,0.01,0.11,0.0,0.0,0,70101.0
24,9,302,185,0,1,13,0.0,0.0,1.0,0.0,0.0,255,255,1.0,0.0,0.0,0.01,0.01,0.0,0,22460.0
25,1,0,0,0,0,104,0.0,0.0,0.02,0.08,0.0,255,2,0.01,0.07,0.0,0.0,0.0,1.0,1,100496.0
25,1,0,0,0,0,146,0.0,0.0,0.12,0.05,0.0,255,17,0.07,0.05,0.0,0.0,0.0,1.0,1,98378.0
24,9,234,5166,0,1,2,0.0,0.0,1.0,0.0,0.0,12,255,1.0,0.0,0.02,0.0,0.0,0.0,0,93333.0
42,1,0,0,0,0,1,0.0,0.0,1.0,0.0,0.0,12,12,1.0,0.0,0.0,0.0,0.0,1.0,0,8005.0
24,9,263,2726,0,1,11,0.0,0.0,1.0,0.0,0.0,53,255,1.0,0.0,0.03,0.0,0.0,0.0,0,119733.0
47,1,0,0,0,0,2,0.0,0.0,0.5,1.0,0.0,255,1,0.0,0.98,0.0,0.0,0.0,1.0,1,96908.0
24,9,308,22941,0,1,16,0.0,0.0,1.0,0.0,0.12,158,255,1.0,0.0,0.04,0.0,0.0,0.0,0,118059.0
24,1,0,0,0,0,1,0.0,0.0,1.0,0.0,1.0,8,255,1.0,0.0,0.21,0.0,0.01,0.99,0,12303.0
24,1,0,0,0,0,1,0.0,0.0,1.0,0.0,1.0,35,255,1.0,0.0,0.13,0.0,0.0,0.98,0,61465.0
33,5,0,0,0,0,187,1.0,1.0,0.01,0.07,0.0,255,1,0.0,0.08,0.0,1.0,1.0,0.0,1,31526.0
20,9,567,0,0,1,1,0.0,0.0,1.0,0.0,0.0,255,1,0.0,0.58,0.0,0.0,0.0,0.0,0,60511.0
52,9,791,328,0,1,1,0.0,0.0,1.0,0.0,0.0,216,245,0.96,0.01,0.01,0.0,0.0,0.0,0,111348.0
24,9,217,10384,0,1,3,0.0,0.0,1.0,0.0,0.0,255,255,1.0,0.0,0.0,0.0,0.0,0.0,0,15315.0
14,9,8,0,0,0,1,0.0,0.0,1.0,0.0,1.0,2,86,1.0,0.0,0.5,0.0,0.0,0.0,1,98843.0
12,9,45,131,0,0,14,0.0,0.0,1.0,0.0,0.13,112,203,0.79,0.02,0.01,0.0,0.0,0.0,0,54278.0
47,5,0,0,0,0,268,1.0,1.0,0.02,0.06,0.0,255,19,0.07,0.07,0.0,1.0,1.0,0.0,1,109712.0
52,9,724,337,0,1,1,0.0,0.0,1.0,0.0,1.0,193,190,0.7,0.02,0.01,0.0,0.0,0.0,0,118104.0
8,5,0,0,0,0,119,1.0,1.0,0.14,0.07,0.0,199,17,0.09,0.07,0.0,1.0,1.0,0.0,1,22758.0
24,9,315,2251,0,1,5,0.0,0.0,1.0,0.0,0.4,255,255,1.0,0.0,0.0,0.0,0.0,0.0,0,45225.0
47,1,0,0,0,0,1,0.0,0.0,1.0,0.0,0.0,31,2,0.03,1.0,1.0,0.0,0.0,1.0,1,87381.0
24,9,252,1461,0,1,2,0.0,0.0,1.0,0.0,0.0,210,255,1.0,0.0,0.01,0.0,0.0,0.0,0,17830.0
47,9,1,0,0,0,32,0.0,0.0,0.12,0.12,0.0,255,4,0.02,0.57,0.0,0.0,0.0,0.0,1,9445.0
47,1,0,0,0,0,264,0.09,0.0,0.0,1.0,0.0,255,1,0.0,1.0,0.0,0.1,0.0,1.0,1,112838.0
24,9,248,12922,0,1,11,0.0,0.0,1.0,0.0,0.0,251,255,1.0,0.0,0.01,0.0,0.0,0.0,0,52448.0
52,9,882,334,0,1,1,0.0,0.0,1.0,0.0,0.0,120,53,0.44,0.03,0.0,0.0,0.0,0.0,0,87835.0
14,9,8,0,0,0,1,0.0,0.0,1.0,0.0,1.0,1,69,1.0,0.0,0.51,0.0,0.0,0.0,1,2280.0
47,5,0,0,0,0,97,1.0,1.0,0.14,0.06,0.0,151,14,0.09,0.07,0.0,1.0,1.0,0.0,1,115965.0
20,9,334,0,0,1,2,0.0,0.0,1.0,0.0,0.0,2,24,1.0,0.0,0.08,0.0,0.0,0.0,1,73499.0
14,9,8,0,0,0,1,0.0,0.0,1.0,0.0,1.0,1,69,1.0,0.0,0.51,0.0,0.0,0.0,1,2421.0
24,9,291,989,0,1,9,0.0,0.0,1.0,0.0,0.0,9,255,1.0,0.0,0.06,0.0,0.0,0.0,0,95009.0
20,9,1690,0,0,0,6,0.0,0.0,1.0,0.0,0.0,6,93,1.0,0.0,0.02,0.0,0.0,0.0,0,120166.0
24,9,165,1367,0,1,1,0.0,0.0,1.0,0.0,0.0,1,255,1.0,0.0,0.04,0.0,0.0,0.0,0,99806.0
47,9,1,0,0,0,13,0.0,0.0,0.77,0.15,0.0,255,10,0.04,0.95,0.0,0.03,0.0,0.0,1,119401.0
47,5,0,0,0,0,138,1.0,1.0,0.14,0.06,0.0,42,12,0.29,0.12,0.0,1.0,1.0,0.0,1,91215.0
14,9,30,0,0,0,1,0.0,0.0,1.0,0.0,0.0,15,91,1.0,0.0,0.43,0.0,0.0,0.0,0,98965.0
52,9,1086,339,0,1,1,0.0,0.0,1.0,0.0,0.0,205,143,0.7,0.04,0.0,0.01,0.01,0.0,0,60709.0
47,9,105,146,0,0,7,0.0,0.0,0.14,0.29,0.0,255,247,0.97,0.01,0.0,0.0,0.0,0.0,0,97779.0
24,5,0,0,0,0,18,1.0,0.95,1.0,0.0,0.11,18,18,1.0,0.0,0.0,1.0,1.0,0.0,1,21187.0
62,9,78,0,0,0,51,0.0,0.0,0.12,0.04,0.0,223,6,0.03,0.02,0.0,0.0,0.0,0.0,0,78783.0
55,5,0,0,0,0,251,1.0,1.0,0.09,0.06,0.0,255,23,0.09,0.06,0.0,1.0,1.0,0.0,1,76687.0
12,9,44,73,0,0,154,0.0,0.0,1.0,0.0,0.02,255,227,0.89,0.01,0.0,0.0,0.0,0.0,0,48744.0
42,1,0,0,0,0,511,0.09,0.0,0.0,1.0,0.0,255,1,0.0,1.0,0.0,0.15,0.0,1.0,1,58543.0
12,9,44,127,0,0,111,0.0,0.0,1.0,0.0,0.02,255,255,1.0,0.0,0.0,0.0,0.0,0.0,0,4650.0
20,9,4316,0,0,1,8,0.0,0.0,1.0,0.0,0.0,92,38,0.41,0.04,0.0,0.0,0.0,0.0,0,5097.0
58,9,673,88306,0,1,1,0.0,0.0,1.0,0.0,0.0,101,12,0.12,0.05,0.0,0.0,0.0,0.17,0,81399.0
19,2,0,0,0,0,268,0.0,0.0,0.06,0.06,0.0,255,16,0.06,0.07,0.0,0.0,0.0,1.0,1,75746.0
14,9,18,0,0,0,1,0.0,0.0,1.0,0.0,0.0,1,34,1.0,0.0,1.0,0.0,0.0,0.0,1,65640.0
24,9,160,1588,0,1,2,0.0,0.0,1.0,0.0,0.0,2,255,1.0,0.0,0.02,0.0,0.0,0.0,0,79762.0
24,9,284,124,0,1,1,0.0,0.0,1.0,0.0,0.0,17,255,1.0,0.0,0.02,0.0,0.0,0.0,0,28100.0
20,9,567,0,0,1,2,0.0,0.0,0.5,1.0,0.0,252,71,0.28,0.02,0.0,0.0,0.0,0.0,0,39587.0
47,4,1,0,0,0,2,0.0,0.0,1.0,0.0,0.0,255,2,0.01,0.36,0.0,0.0,0.0,1.0,1,111556.0
58,5,0,0,0,0,96,1.0,1.0,0.02,0.06,0.0,255,2,0.01,0.07,0.0,1.0,1.0,0.0,1,72701.0
12,9,45,121,0,0,160,0.0,0.0,1.0,0.0,0.0,255,255,1.0,0.0,0.0,0.0,0.0,0.0,0,56087.0
58,5,0,0,0,0,143,1.0,1.0,0.03,0.06,0.0,255,5,0.02,0.07,0.0,1.0,1.0,0.0,1,105777.0
24,9,281,20175,0,1,13,0.0,0.0,1.0,0.0,0.0,41,95,1.0,0.0,0.04,0.0,0.0,0.0,0,111372.0
12,9,44,72,0,0,135,0.0,0.0,1.0,0.0,0.0,255,255,1.0,0.0,0.0,0.0,0.0,0.0,0,81998.0
24,9,226,804,0,1,8,0.0,0.0,1.0,0.0,0.0,92,255,1.0,0.0,0.06,0.0,0.01,0.0,0,112207.0
12,9,46,136,0,0,18,0.0,0.0,1.0,0.0,0.02,255,254,1.0,0.01,0.0,0.0,0.0,0.0,0,118430.0
14,9,8,0,0,0,1,0.0,0.0,1.0,0.0,1.0,2,170,1.0,0.0,0.25,0.0,0.0,0.0,1,33628.0
47,5,0,0,0,0,260,1.0,1.0,0.02,0.07,0.0,255,6,0.02,0.06,0.0,1.0,1.0,0.0,1,29387.0
24,9,328,670,0,1,23,0.0,0.0,1.0,0.0,0.03,255,255,1.0,0.0,0.0,0.0,0.0,0.0,0,103551.0
42,9,637,0,0,1,11,0.0,0.0,0.09,0.91,0.0,120,1,0.01,0.1,0.0,0.0,0.0,0.0,0,28570.0
12,9,44,44,0,0,138,0.0,0.0,1.0,0.0,0.01,255,207,0.81,0.01,0.0,0.0,0.0,0.0,0,98899.0
24,9,261,1314,0,1,20,0.0,0.0,1.0,0.0,0.0,147,255,1.0,0.0,0.04,0.0,0.0,0.0,0,9653.0
12,9,44,113,0,0,1,0.0,0.0,1.0,0.0,1.0,255,235,0.92,0.01,0.0,0.0,0.0,0.0,0,56929.0
47,5,0,0,0,0,135,1.0,1.0,0.1,0.06,0.0,255,11,0.04,0.07,0.0,1.0,1.0,0.0,1,77757.0
20,9,11,0,0,1,1,0.0,0.0,1.0,0.0,0.0,165,122,0.47,0.43,0.02,0.0,0.0,0.01,0,65424.0
24,9,294,1569,0,1,7,0.0,0.0,1.0,0.0,0.17,43,255,1.0,0.0,0.01,0.0,0.0,0.0,0,38049.0
52,9,900,329,0,1,2,0.0,0.0,0.5,1.0,0.0,255,9,0.04,0.63,0.0,0.0,0.11,0.0,0,72536.0
47,5,0,0,0,0,295,1.0,1.0,0.05,0.06,0.0,255,4,0.02,0.07,0.0,1.0,1.0,0.0,1,61126.0
35,5,0,0,0,0,242,1.0,1.0,0.02,0.07,0.0,255,4,0.02,0.07,0.0,1.0,1.0,0.0,1,54800.0
47,5,0,0,0,0,271,1.0,1.0,0.05,0.04,0.0,131,13,0.1,0.08,0.0,0.98,1.0,0.0,1,33398.0
24,9,241,2040,0,1,10,0.0,0.0,1.0,0.0,0.0,224,255,1.0,0.0,0.01,0.0,0.01,0.01,0,87727.0
24,9,161,481,0,1,1,0.0,0.0,1.0,0.0,0.5,2,255,1.0,0.0,0.09,0.0,0.01,0.01,0,41349.0
47,5,0,0,0,0,168,1.0,1.0,0.07,0.07,0.0,255,3,0.01,0.07,0.0,1.0,1.0,0.0,1,86341.0
2,5,0,0,0,0,276,1.0,1.0,0.05,0.06,0.0,255,15,0.06,0.07,0.0,1.0,1.0,0.0,1,84519.0
52,9,1429,330,0,1,1,0.0,0.0,1.0,0.0,1.0,11,193,0.82,0.27,0.01,0.0,0.0,0.0,0,60483.0
24,9,247,1143,0,1,16,0.0,0.0,1.0,0.0,0.0,255,255,1.0,0.0,0.0,0.0,0.0,0.0,0,60230.0
42,9,146,105,0,0,1,0.0,0.0,1.0,0.0,0.0,255,1,0.0,0.63,0.0,0.0,0.0,0.0,0,12932.0
47,5,0,0,0,0,17,1.0,1.0,0.59,0.18,0.0,255,10,0.04,0.07,0.0,1.0,1.0,0.0,1,92464.0
24,9,211,323,0,1,15,0.0,0.0,1.0,0.0,0.0,36,255,1.0,0.0,0.04,0.0,0.0,0.0,0,79764.0
18,9,8,446,0,0,1,0.0,0.0,1.0,0.0,0.0,127,10,0.05,0.02,0.2,0.0,0.0,0.0,0,86802.0
24,9,252,1377,0,1,7,0.0,0.0,1.0,0.0,0.25,38,255,1.0,0.0,0.02,0.0,0.0,0.0,0,58277.0
24,9,215,3101,0,1,8,0.0,0.0,1.0,0.0,0.0,39,255,1.0,0.0,0.02,0.0,0.0,0.0,0,38259.0
24,9,308,3222,0,1,3,0.0,0.0,1.0,0.0,0.0,255,249,0.98,0.01,0.0,0.0,0.0,0.0,0,110142.0
24,9,301,2239,0,1,5,0.0,0.0,1.0,0.0,0.0,255,250,0.98,0.01,0.0,0.0,0.0,0.0,0,31403.0
24,9,282,4624,0,1,5,0.0,0.0,1.0,0.0,0.0,26,255,1.0,0.0,0.03,0.0,0.0,0.0,0,2180.0
24,9,236,1564,0,1,7,0.0,0.0,1.0,0.0,0.0,255,255,1.0,0.0,0.0,0.0,0.0,0.0,0,31496.0
52,9,3507,413,0,1,1,0.0,0.0,1.0,0.0,0.0,24,94,0.92,0.08,0.02,0.0,0.0,0.0,0,125490.0
24,9,255,26985,0,1,1,0.0,0.0,1.0,0.0,0.0,255,241,0.95,0.02,0.0,0.0,0.0,0.05,0,113427.0
14,9,8,0,0,0,1,0.0,0.0,1.0,0.0,1.0,3,131,1.0,0.0,0.25,0.0,0.0,0.0,1,40844.0
20,9,641,0,0,0,2,0.0,0.0,1.0,0.0,0.0,166,84,0.36,0.04,0.02,0.01,0.0,0.0,0,113371.0
24,9,152,8718,0,1,1,0.0,0.0,1.0,0.0,0.33,133,255,1.0,0.0,0.02,0.0,0.0,0.0,0,45814.0
64,5,0,0,0,0,251,1.0,1.0,0.02,0.06,0.0,255,16,0.06,0.07,0.0,1.0,1.0,0.0,1,33575.0
26,5,0,0,0,0,195,1.0,1.0,0.08,0.07,0.0,255,16,0.06,0.07,0.0,1.0,1.0,0.0,1,69292.0
52,9,549,337,0,1,1,0.0,0.0,1.0,0.0,0.0,23,110,0.65,0.22,0.03,0.0,0.0,0.0,0,115113.0
24,9,215,337,0,1,28,0.04,0.04,1.0,0.0,0.0,27,255,1.0,0.0,0.02,0.0,0.0,0.0,0,104813.0
58,9,514,15405,0,1,1,0.0,0.0,1.0,0.0,0.0,255,23,0.09,0.06,0.0,0.53,0.09,0.09,0,53565.0
14,9,8,0,0,0,1,0.0,0.0,1.0,0.0,1.0,1,51,1.0,0.0,0.51,0.0,0.0,0.0,1,107282.0
23,1,0,0,0,0,265,0.0,0.0,0.06,0.06,0.0,255,15,0.06,0.07,0.0,0.0,0.0,1.0,1,108404.0
47,1,0,0,0,0,246,0.0,0.0,0.04,0.06,0.0,255,10,0.04,0.08,0.0,0.0,0.0,1.0,1,89245.0
15,9,1032,0,0,0,326,0.0,0.0,1.0,0.0,0.0,255,255,1.0,0.0,0.0,0.0,0.0,0.0,1,33546.0
47,5,0,0,0,0,112,1.0,1.0,0.17,0.05,0.0,255,17,0.07,0.05,0.0,1.0,1.0,0.0,1,117708.0
20,9,8737,0,0,1,10,0.0,0.0,1.0,0.0,0.18,59,63,0.42,0.07,0.03,0.05,0.0,0.0,0,102415.0
24,9,209,626,0,1,12,0.0,0.0,1.0,0.0,0.15,255,255,1.0,0.0,0.0,0.0,0.0,0.0,0,97149.0
24,9,291,2996,0,1,22,0.0,0.0,1.0,0.0,0.0,255,255,1.0,0.0,0.0,0.0,0.0,0.0,0,18968.0
12,9,43,75,0,0,182,0.0,0.0,1.0,0.0,0.0,255,254,1.0,0.01,0.0,0.0,0.0,0.0,0,54574.0
25,5,0,0,0,0,139,1.0,1.0,0.14,0.05,0.0,255,20,0.08,0.06,0.0,1.0,1.0,0.0,1,43216.0
42,1,0,0,0,0,511,0.03,0.0,0.0,1.0,0.0,255,1,0.0,1.0,0.0,0.06,0.0,1.0,1,23926.0
12,9,45,79,0,0,66,0.0,0.0,1.0,0.0,0.01,255,254,1.0,0.01,0.0,0.0,0.0,0.0,0,30464.0
24,9,360,1738,0,1,23,0.0,0.0,1.0,0.0,0.0,255,255,1.0,0.0,0.0,0.0,0.0,0.0,0,1339.0
52,9,1477,335,0,1,1,0.0,0.0,1.0,0.0,1.0,126,88,0.7,0.02,0.0,0.0,0.0,0.0,0,21577.0
24,9,212,460,0,1,5,0.0,0.0,1.0,0.0,0.15,5,255,1.0,0.0,0.02,0.0,0.0,0.0,0,2367.0
12,9,44,44,0,0,88,0.0,0.0,1.0,0.0,0.03,255,255,1.0,0.0,0.0,0.0,0.0,0.0,0,12574.0
12,9,45,74,0,0,197,0.0,0.0,1.0,0.0,0.0,255,254,1.0,0.01,0.0,0.0,0.0,0.0,0,64881.0
24,5,0,0,0,0,20,1.0,1.0,0.3,0.2,0.0,255,65,0.25,0.02,0.0,1.0,1.0,0.0,1,60178.0
24,9,322,269,0,1,2,0.0,0.0,1.0,0.0,0.1,255,246,0.96,0.01,0.0,0.0,0.0,0.0,0,2902.0
47,5,0,0,0,0,123,1.0,1.0,0.14,0.07,0.0,123,17,0.14,0.08,0.0,1.0,1.0,0.0,1,12912.0
24,9,234,6757,0,1,5,0.0,0.0,1.0,0.0,0.08,55,255,1.0,0.0,0.03,0.0,0.0,0.0,0,42871.0
24,9,292,1620,0,1,28,0.0,0.0,1.0,0.0,0.0,28,255,1.0,0.0,0.04,0.0,0.0,0.0,0,104768.0
28,5,0,0,0,0,8,1.0,1.0,0.38,0.38,0.0,255,3,0.01,0.08,0.0,1.0,1.0,0.0,1,68179.0
24,9,305,1819,0,1,28,0.0,0.0,1.0,0.0,0.0,255,255,1.0,0.0,0.0,0.0,0.0,0.0,0,67631.0
24,9,249,6545,0,1,1,0.0,0.0,1.0,0.0,0.0,85,255,1.0,0.0,0.02,0.0,0.0,0.0,0,38911.0
14,9,18,0,0,0,1,0.0,0.0,1.0,0.0,0.0,3,27,1.0,0.0,0.26,0.0,0.0,0.0,1,16257.0
9,5,0,0,0,0,185,1.0,1.0,0.12,0.05,0.0,255,23,0.09,0.05,0.0,1.0,1.0,0.0,1,39794.0
12,9,46,138,0,0,3,0.0,0.0,1.0,0.0,0.02,241,191,0.79,0.01,0.0,0.0,0.0,0.0,0,52283.0
47,5,0,0,0,0,266,1.0,1.0,0.07,0.06,0.0,255,20,0.08,0.07,0.0,1.0,1.0,0.0,1,12716.0
20,5,0,0,0,0,21,0.95,1.0,0.29,0.19,0.0,255,17,0.07,0.06,0.0,1.0,1.0,0.0,1,62757.0
47,1,0,0,0,0,316,0.03,0.0,0.0,1.0,0.0,255,1,0.0,1.0,0.0,0.04,0.0,1.0,1,36091.0
52,9,770,332,0,1,1,0.0,0.0,1.0,0.0,0.0,148,98,0.64,0.04,0.02,0.01,0.01,0.0,0,81708.0
24,9,201,10079,0,1,11,0.0,0.0,1.0,0.0,0.0,55,255,1.0,0.0,0.05,0.0,0.0,0.0,0,94771.0
37,5,0,0,0,0,104,1.0,1.0,0.17,0.06,0.0,255,6,0.02,0.07,0.0,1.0,1.0,0.0,1,85280.0
47,5,0,0,0,0,116,1.0,1.0,0.16,0.06,0.0,255,38,0.15,0.05,0.0,1.0,1.0,0.0,1,91000.0
37,5,0,0,0,0,239,1.0,1.0,0.08,0.07,0.0,255,19,0.07,0.07,0.0,1.0,1.0,0.0,1,95549.0
6,5,0,0,0,0,134,1.0,1.0,0.04,0.06,0.0,255,5,0.02,0.06,0.0,1.0,1.0,0.0,1,14412.0
58,5,0,0,0,0,49,0.98,1.0,0.33,0.08,0.0,255,6,0.02,0.07,0.0,1.0,1.0,0.0,1,82855.0
47,5,0,0,0,0,186,1.0,1.0,0.01,0.06,0.0,255,2,0.01,0.07,0.0,1.0,1.0,0.0,1,123981.0
24,9,243,274,0,1,4,0.0,0.0,1.0,0.0,0.0,255,255,1.0,0.0,0.0,0.0,0.0,0.02,0,67129.0
47,5,0,0,0,0,87,1.0,1.0,0.08,0.07,0.0,255,13,0.05,0.08,0.0,1.0,1.0,0.0,1,96151.0
47,5,0,0,0,0,131,1.0,1.0,0.13,0.07,0.0,255,16,0.06,0.07,0.0,1.0,1.0,0.0,1,96020.0
58,9,854,385102,0,1,1,0.0,0.0,1.0,0.0,0.0,84,7,0.08,0.05,0.0,0.0,0.0,0.0,0,113119.0
24,9,339,381,0,1,1,0.0,0.0,1.0,0.0,0.1,21,255,1.0,0.0,0.04,0.0,0.0,0.0,0,84303.0
24,9,300,413,0,1,3,0.0,0.0,1.0,0.0,0.0,3,35,1.0,0.0,0.06,0.0,0.0,0.0,0,18898.0
47,5,0,0,0,0,298,1.0,1.0,0.01,0.06,0.0,255,2,0.01,0.08,0.0,1.0,1.0,0.0,1,98439.0
24,9,226,911,0,1,9,0.0,0.0,1.0,0.0,0.11,255,255,1.0,0.0,0.0,0.0,0.0,0.0,0,58038.0
24,9,217,658,0,1,4,0.0,0.0,1.0,0.0,0.0,255,255,1.0,0.0,0.0,0.0,0.0,0.0,0,39390.0
42,1,0,0,0,0,1,0.0,0.0,1.0,0.0,0.0,18,18,1.0,0.0,0.0,0.0,0.0,1.0,0,121477.0
14,9,30,0,0,0,3,0.0,0.0,0.33,1.0,0.0,255,7,0.03,0.01,0.0,0.0,0.0,0.0,0,101626.0
47,5,0,0,0,0,131,1.0,1.0,0.15,0.06,0.0,255,34,0.13,0.07,0.0,1.0,1.0,0.0,1,4351.0
47,9,28,0,3,0,86,0.0,0.0,1.0,0.0,0.0,255,53,0.21,0.01,0.0,0.0,0.0,0.0,1,119561.0
19,9,56,189,0,0,1,0.0,0.0,1.0,0.0,0.0,28,7,0.25,0.07,0.0,0.0,0.0,0.0,0,73701.0
15,9,520,0,0,0,347,0.0,0.0,1.0,0.0,0.0,255,255,1.0,0.0,0.0,0.0,0.0,0.0,1,107094.0
47,5,0,0,0,0,116,1.0,1.0,0.09,0.05,0.0,255,10,0.04,0.06,0.0,1.0,1.0,0.0,1,102794.0
52,9,1351,328,0,1,1,0.0,0.0,1.0,0.0,1.0,99,36,0.36,0.03,0.0,0.0,0.0,0.0,0,91356.0
24,9,320,353,0,1,4,0.25,0.09,1.0,0.0,0.18,4,255,1.0,0.0,0.03,0.25,0.01,0.0,0,19290.0
14,9,8,0,0,0,1,0.0,0.0,1.0,0.0,1.0,2,36,1.0,0.0,0.5,0.0,0.0,0.0,1,77522.0
52,9,556,336,0,1,1,0.0,0.0,1.0,0.0,0.0,51,146,0.96,0.04,0.01,0.0,0.0,0.0,0,17124.0
47,1,0,0,0,0,95,0.0,0.0,0.21,0.07,0.0,255,2,0.01,0.09,0.0,0.0,0.0,1.0,1,90099.0
24,5,0,0,0,0,19,1.0,1.0,0.16,0.21,0.0,255,23,0.09,0.07,0.0,1.0,1.0,0.0,1,90680.0
24,9,227,314,0,1,3,0.0,0.0,1.0,0.0,0.2,131,255,1.0,0.0,0.02,0.0,0.0,0.0,0,23761.0
56,5,0,0,0,0,112,1.0,1.0,0.02,0.05,0.0,255,2,0.01,0.05,0.0,1.0,1.0,0.0,1,108893.0
24,9,144,32821,0,1,6,0.0,0.0,1.0,0.0,0.0,6,255,1.0,0.0,0.04,0.0,0.0,0.0,0,95179.0
25,1,0,0,0,0,105,0.0,0.0,0.02,0.08,0.0,255,2,0.01,0.06,0.0,0.0,0.0,1.0,1,32779.0
15,9,1032,0,0,0,319,0.0,0.0,1.0,0.0,0.0,255,255,1.0,0.0,0.0,0.0,0.0,0.0,1,116601.0
20,9,35195,0,0,1,20,0.0,0.0,1.0,0.0,0.0,34,44,0.76,0.06,0.05,0.0,0.0,0.0,0,38743.0
24,9,215,1097,0,1,4,0.0,0.0,1.0,0.0,0.4,5,255,1.0,0.0,0.02,0.0,0.0,0.0,0,92828.0
11,5,0,0,0,0,295,1.0,1.0,0.04,0.05,0.0,255,11,0.04,0.06,0.0,1.0,1.0,0.0,1,38614.0
33,5,0,0,0,0,229,1.0,1.0,0.0,0.06,0.0,255,1,0.0,0.08,0.0,1.0,1.0,0.0,1,81878.0
24,9,226,2180,0,1,16,0.0,0.0,1.0,0.0,0.12,255,255,1.0,0.0,0.0,0.0,0.0,0.0,0,15426.0
24,9,246,1287,0,1,8,0.0,0.0,1.0,0.0,0.17,124,255,1.0,0.0,0.02,0.0,0.0,0.0,0,117311.0
52,9,1737,441,0,1,1,0.0,0.0,1.0,0.0,0.0,19,178,0.95,0.11,0.02,0.0,0.0,0.0,0,2190.0
27,5,0,0,0,0,161,1.0,1.0,0.09,0.07,0.0,255,14,0.05,0.07,0.0,1.0,1.0,0.0,1,10935.0
35,5,0,0,0,0,300,1.0,1.0,0.08,0.05,0.0,255,25,0.1,0.05,0.0,1.0,1.0,0.0,1,28417.0
24,9,328,2532,0,1,2,0.0,0.0,1.0,0.0,0.0,255,255,1.0,0.0,0.0,0.0,0.0,0.0,0,70622.0
47,9,215,0,0,0,1,0.0,0.0,1.0,0.0,0.0,215,183,0.85,0.01,0.0,0.0,0.0,0.0,1,66950.0
52,9,921,330,0,1,1,0.0,0.0,1.0,0.0,0.0,208,245,0.96,0.01,0.01,0.0,0.0,0.0,0,10407.0
47,9,105,147,0,0,1,0.0,0.0,1.0,0.0,0.0,242,240,0.99,0.01,0.0,0.0,0.0,0.0,0,35313.0
24,9,220,2808,0,1,7,0.0,0.0,1.0,0.0,0.0,140,255,1.0,0.0,0.01,0.0,0.0,0.0,0,117008.0
42,9,146,105,0,0,3,0.0,0.0,0.67,0.67,0.0,255,2,0.01,0.86,0.0,0.0,0.0,0.0,0,73811.0
20,9,334,0,0,1,2,0.0,0.0,1.0,0.0,0.0,4,14,1.0,0.0,0.29,0.0,0.0,0.0,1,49287.0
24,9,226,2038,0,1,3,0.0,0.0,1.0,0.0,0.0,255,255,1.0,0.0,0.0,0.0,0.0,0.0,0,120113.0
24,9,222,1172,0,1,7,0.0,0.0,1.0,0.0,0.0,7,255,1.0,0.0,0.06,0.0,0.0,0.0,0,88380.0
24,9,181,9442,0,1,1,0.0,0.0,1.0,0.0,0.0,84,255,1.0,0.0,0.03,0.0,0.0,0.0,0,2679.0
24,9,203,353,0,1,3,0.0,0.0,1.0,0.0,0.5,4,255,1.0,0.0,0.03,0.0,0.0,0.0,0,35039.0
64,5,0,0,0,0,263,1.0,1.0,0.06,0.06,0.0,255,14,0.05,0.06,0.0,1.0,1.0,0.0,1,85256.0
52,9,1191,330,0,1,1,0.0,0.0,1.0,0.0,0.0,237,119,0.5,0.01,0.0,0.0,0.0,0.0,0,96200.0
29,5,0,0,0,0,129,1.0,1.0,0.17,0.05,0.0,255,22,0.09,0.05,0.0,1.0,1.0,0.0,1,116662.0
20,5,0,0,0,0,71,1.0,1.0,0.24,0.06,0.0,255,49,0.19,0.05,0.0,1.0,1.0,0.0,1,95228.0
20,9,11,0,0,1,2,0.0,0.0,1.0,0.0,0.0,61,71,0.26,0.07,0.03,0.0,0.0,0.0,0,110381.0
24,1,0,0,0,0,1,0.0,0.0,1.0,0.0,0.0,138,255,1.0,0.0,0.08,0.01,0.0,0.44,0,100930.0
44,1,0,0,0,0,121,0.0,0.0,0.14,0.07,0.0,255,17,0.07,0.07,0.0,0.0,0.0,1.0,1,122177.0
52,9,743,371,0,1,1,0.0,0.0,1.0,0.0,1.0,6,207,1.0,0.0,0.01,0.0,0.0,0.0,0,74030.0
24,2,0,0,0,1,2,0.0,0.0,1.0,0.0,0.0,184,255,1.0,0.0,0.02,0.0,0.0,0.0,0,104491.0
47,5,0,0,0,0,159,1.0,1.0,0.02,0.06,0.0,255,17,0.07,0.09,0.0,1.0,1.0,0.0,1,115991.0
24,9,290,9825,0,1,28,0.0,0.0,1.0,0.0,0.0,28,255,1.0,0.0,0.01,0.0,0.0,0.0,0,50665.0
20,9,11376,0,0,1,11,0.0,0.0,1.0,0.0,0.0,145,115,0.46,0.04,0.02,0.0,0.0,0.0,0,37190.0
24,9,482,9079,0,1,2,0.0,0.0,1.0,0.0,0.0,2,255,1.0,0.0,0.01,0.0,0.0,0.0,0,17892.0
12,9,44,129,0,0,15,0.0,0.0,1.0,0.0,0.11,103,228,1.0,0.0,0.01,0.0,0.0,0.0,0,39106.0
23,1,0,0,0,0,280,0.0,0.0,0.04,0.06,0.0,255,10,0.04,0.07,0.0,0.0,0.0,1.0,1,44252.0
24,9,228,452,0,1,7,0.0,0.0,1.0,0.0,0.0,215,255,1.0,0.0,0.02,0.0,0.01,0.01,0,31953.0
34,5,0,0,0,0,249,1.0,1.0,0.01,0.06,0.0,255,9,0.04,0.07,0.0,1.0,1.0,0.0,1,37827.0
24,9,295,443,0,1,9,0.0,0.0,1.0,0.0,0.0,107,255,1.0,0.0,0.04,0.0,0.0,0.0,0,66756.0
24,9,229,1117,0,1,10,0.0,0.0,1.0,0.0,0.0,15,254,1.0,0.0,0.19,0.0,0.0,0.96,0,118909.0
52,9,1299,389,0,1,238,1.0,0.0,0.0,0.06,1.0,255,53,0.21,0.09,0.0,0.64,0.0,0.0,0,24094.0
47,1,0,0,0,0,112,0.0,0.0,0.07,0.08,0.0,255,8,0.03,0.06,0.0,0.0,0.0,1.0,1,97608.0
24,9,272,605,0,1,14,0.0,0.0,1.0,0.0,0.0,14,255,1.0,0.0,0.02,0.0,0.0,0.0,0,57487.0
20,9,383,0,0,0,2,0.0,0.0,1.0,0.0,0.0,247,45,0.18,0.03,0.0,0.0,0.0,0.0,0,24157.0
6,5,0,0,0,0,121,1.0,1.0,0.04,0.06,0.0,255,5,0.02,0.05,0.0,1.0,1.0,0.0,1,118277.0
24,9,331,955,0,1,6,0.0,0.0,1.0,0.0,0.0,38,255,1.0,0.0,0.01,0.0,0.0,0.0,0,231.0
47,5,0,0,0,0,281,1.0,1.0,0.06,0.06,0.0,255,13,0.05,0.05,0.0,1.0,1.0,0.0,1,32589.0
24,9,266,289,0,1,7,0.0,0.0,1.0,0.0,0.0,255,255,1.0,0.0,0.0,0.0,0.0,0.0,0,92979.0
4,5,0,0,0,0,280,1.0,1.0,0.05,0.05,0.0,255,7,0.03,0.07,0.0,1.0,1.0,0.0,1,33264.0
52,5,0,0,0,0,2,0.5,0.33,1.0,0.0,0.67,204,152,0.58,0.02,0.01,0.0,0.02,0.0,1,21846.0
47,1,0,0,0,0,104,0.0,0.0,0.13,0.07,0.0,255,5,0.02,0.08,0.0,0.0,0.0,1.0,1,55593.0
12,9,44,126,0,0,66,0.0,0.0,1.0,0.0,0.01,255,194,0.76,0.02,0.0,0.0,0.0,0.0,0,60274.0
24,9,233,22780,0,1,28,0.0,0.0,1.0,0.0,0.07,255,255,1.0,0.0,0.0,0.0,0.0,0.0,0,27397.0
24,9,310,6072,0,1,23,0.0,0.0,1.0,0.0,0.07,255,255,1.0,0.0,0.0,0.0,0.0,0.0,0,20927.0
24,9,214,12922,0,1,14,0.0,0.0,1.0,0.0,0.09,136,255,1.0,0.0,0.04,0.0,0.0,0.0,0,11333.0
47,1,0,0,0,0,134,0.0,0.0,0.1,0.07,0.0,255,5,0.02,0.07,0.0,0.0,0.0,1.0,1,99447.0
24,9,255,1991,0,1,1,0.0,0.0,1.0,0.0,0.0,255,253,0.99,0.01,0.0,0.0,0.0,0.0,0,107138.0
24,9,190,1490,0,1,3,0.0,0.0,1.0,0.0,0.0,3,255,1.0,0.0,0.06,0.0,0.0,0.0,0,21487.0
24,9,304,753,0,1,1,0.0,0.0,1.0,0.0,0.5,152,255,1.0,0.0,0.01,0.0,0.0,0.0,0,38903.0
24,9,158,26866,0,1,1,0.0,0.25,1.0,0.0,0.5,255,255,1.0,0.0,0.0,0.0,0.0,0.0,0,3904.0
24,9,228,6129,0,1,5,0.0,0.0,1.0,0.0,0.0,5,255,1.0,0.0,0.01,0.0,0.01,0.0,0,78974.0
24,9,226,1969,0,1,32,0.0,0.0,1.0,0.0,0.11,255,255,1.0,0.0,0.0,0.0,0.0,0.0,0,114709.0
24,9,179,3798,0,1,1,0.0,0.0,1.0,0.0,0.0,255,255,1.0,0.0,0.0,0.0,0.0,0.0,0,101451.0
62,9,181,0,0,0,3,0.0,0.0,0.33,1.0,0.0,255,17,0.07,0.01,0.0,0.0,0.0,0.0,0,19986.0
47,5,0,0,0,0,85,1.0,1.0,0.01,0.07,0.0,255,19,0.07,0.07,0.0,1.0,1.0,0.0,1,50139.0
47,5,0,0,0,0,178,1.0,1.0,0.06,0.06,0.0,255,19,0.07,0.07,0.0,1.0,1.0,0.0,1,86728.0
52,9,1396,331,0,1,1,0.0,0.0,1.0,0.0,0.0,99,153,0.62,0.05,0.01,0.0,0.0,0.0,0,94697.0
47,4,0,0,0,0,1,0.0,0.0,1.0,0.0,0.0,255,1,0.0,0.78,0.0,0.0,0.0,1.0,1,26283.0
12,9,43,43,0,0,104,0.0,0.0,1.0,0.0,0.01,255,255,1.0,0.0,0.0,0.0,0.0,0.0,0,44117.0
47,1,0,0,0,0,196,0.07,0.0,0.01,0.99,0.0,255,1,0.0,0.78,0.0,0.05,0.0,1.0,1,92488.0
20,9,567,0,0,0,1,0.0,0.0,1.0,0.0,0.0,152,67,0.4,0.04,0.03,0.01,0.0,0.0,0,16019.0
20,9,334,0,0,1,2,0.0,0.0,1.0,0.0,0.0,4,30,1.0,0.0,0.17,0.0,0.0,0.0,1,16589.0
47,1,0,0,0,0,127,0.0,0.0,0.05,0.06,0.0,255,6,0.02,0.07,0.0,0.0,0.0,1.0,1,35496.0
24,9,207,739,0,1,10,0.0,0.0,1.0,0.0,0.0,255,255,1.0,0.0,0.0,0.0,0.0,0.0,0,73491.0
15,9,1032,0,0,0,511,0.0,0.0,1.0,0.0,0.0,255,139,0.55,0.02,0.0,0.01,0.0,0.0,1,95132.0
12,9,42,42,0,0,174,0.0,0.0,1.0,0.0,0.01,255,229,0.9,0.01,0.0,0.0,0.0,0.0,0,98909.0
47,5,0,0,0,0,111,1.0,1.0,0.05,0.06,0.0,255,6,0.02,0.09,0.0,1.0,1.0,0.0,1,100758.0
47,5,0,0,0,0,91,1.0,1.0,0.08,0.07,0.0,255,18,0.07,0.07,0.0,1.0,1.0,0.0,1,104490.0
14,9,18,0,0,0,1,0.0,0.0,1.0,0.0,0.0,1,89,1.0,0.0,1.0,0.0,0.0,0.0,1,41186.0
24,9,196,1292,0,1,9,0.0,0.0,1.0,0.0,0.0,29,255,1.0,0.0,0.03,0.0,0.0,0.0,0,12742.0
24,9,211,1344,0,1,14,0.0,0.0,1.0,0.0,0.0,20,255,1.0,0.0,0.03,0.0,0.0,0.0,0,114316.0
52,9,942,330,0,1,1,0.0,0.0,1.0,0.0,0.0,37,169,0.7,0.11,0.01,0.0,0.0,0.0,0,32738.0
26,1,0,0,0,0,284,0.0,0.0,0.05,0.06,0.0,255,14,0.05,0.08,0.0,0.0,0.0,1.0,1,33540.0
52,9,1686,488,0,1,1,0.0,0.0,1.0,0.0,0.0,255,45,0.18,0.02,0.0,0.74,0.0,0.0,0,9481.0
24,9,240,3754,0,1,5,0.0,0.0,1.0,0.0,0.0,57,255,1.0,0.0,0.03,0.02,0.0,0.0,0,76189.0
6,5,0,0,0,0,142,1.0,1.0,0.13,0.05,0.0,255,18,0.07,0.06,0.0,1.0,1.0,0.0,1,47593.0
18,5,0,0,0,0,64,1.0,1.0,0.22,0.06,0.0,255,61,0.24,0.02,0.0,1.0,1.0,0.0,1,26430.0
39,1,0,0,0,0,133,0.0,0.0,0.03,0.07,0.0,255,3,0.01,0.07,0.0,0.0,0.0,1.0,1,50497.0
14,9,18,0,0,0,1,0.0,0.0,1.0,0.0,0.0,3,11,1.0,0.0,0.27,0.0,0.0,0.0,1,98363.0
24,9,246,8886,0,1,2,0.0,0.0,1.0,0.0,0.67,2,255,1.0,0.0,0.04,0.0,0.01,0.0,0,92881.0
12,9,45,79,0,0,229,0.0,0.0,1.0,0.01,0.01,255,254,1.0,0.01,0.0,0.0,0.0,0.0,0,10959.0
20,1,0,0,0,0,123,0.0,0.0,0.07,0.07,0.0,255,9,0.04,0.06,0.0,0.0,0.0,1.0,1,79266.0
56,5,0,0,0,0,257,1.0,1.0,0.02,0.06,0.0,255,17,0.07,0.07,0.0,1.0,1.0,0.0,1,119577.0
42,9,516,4,0,0,339,0.0,0.0,1.0,0.0,0.0,255,255,1.0,0.0,0.0,0.0,0.0,0.0,0,72481.0
5,5,0,0,0,0,243,1.0,1.0,0.09,0.05,0.0,201,22,0.11,0.06,0.0,0.99,1.0,0.0,1,103906.0
24,9,178,2563,0,1,1,0.0,0.0,1.0,0.0,0.22,19,255,1.0,0.0,0.02,0.0,0.0,0.0,0,18749.0
14,9,8,0,0,0,1,0.0,0.0,1.0,0.0,1.0,1,17,1.0,0.0,0.53,0.0,0.0,0.0,1,94192.0
19,9,1172,3380,0,1,1,0.0,0.0,1.0,0.0,0.0,255,43,0.17,0.03,0.0,0.0,0.0,0.0,0,26307.0
4,5,0,0,0,0,225,1.0,1.0,0.02,0.06,0.0,255,4,0.02,0.08,0.0,1.0,1.0,0.0,1,31071.0
26,5,0,0,0,0,278,1.0,1.0,0.04,0.06,0.0,255,10,0.04,0.06,0.0,1.0,1.0,0.0,1,37049.0
24,9,290,3142,0,1,1,0.0,0.0,1.0,0.0,1.0,2,255,1.0,0.0,0.03,0.0,0.0,0.0,0,62291.0
14,9,8,0,0,0,1,0.0,0.0,1.0,0.0,1.0,2,26,1.0,0.0,0.5,0.0,0.0,0.0,1,16603.0
24,9,241,1302,0,1,9,0.0,0.0,1.0,0.0,0.0,74,255,1.0,0.0,0.03,0.0,0.0,0.0,0,79003.0
55,5,0,0,0,0,171,1.0,1.0,0.06,0.06,0.0,255,12,0.05,0.07,0.0,1.0,1.0,0.0,1,47266.0
24,9,193,263,0,1,4,0.0,0.0,1.0,0.0,0.0,81,255,1.0,0.0,0.02,0.0,0.0,0.0,0,57350.0
47,1,0,0,0,0,1,0.0,0.0,1.0,0.0,0.0,12,1,0.08,1.0,0.0,0.0,0.0,1.0,1,64740.0
24,9,208,2599,0,1,45,0.0,0.0,1.0,0.0,0.04,234,255,1.0,0.0,0.01,0.0,0.01,0.0,0,25360.0
47,9,105,147,0,0,2,0.0,0.0,0.5,1.0,0.0,255,250,0.98,0.01,0.0,0.0,0.0,0.0,0,20924.0
47,5,0,0,0,0,130,1.0,1.0,0.13,0.06,0.0,255,36,0.14,0.05,0.0,1.0,1.0,0.0,1,95873.0
63,5,0,0,0,0,139,1.0,1.0,0.06,0.06,0.0,255,4,0.02,0.06,0.0,1.0,1.0,0.0,1,32857.0
24,9,307,7897,0,1,21,0.0,0.0,1.0,0.0,0.09,21,255,1.0,0.0,0.03,0.0,0.0,0.0,0,47762.0
47,4,1,0,0,0,2,0.0,0.0,1.0,0.0,0.0,255,2,0.01,0.75,0.0,0.0,0.0,1.0,1,94507.0
12,9,45,128,0,0,68,0.0,0.0,1.0,0.0,0.01,255,235,0.92,0.01,0.0,0.0,0.0,0.0,0,38893.0
47,1,0,0,0,0,2,0.0,0.0,0.5,1.0,0.0,255,1,0.0,0.38,0.0,0.21,0.0,1.0,1,47182.0
47,5,0,0,0,0,132,1.0,1.0,0.04,0.06,0.0,255,5,0.02,0.08,0.0,1.0,1.0,0.0,1,40469.0
58,5,0,0,0,0,69,1.0,1.0,0.26,0.06,0.0,255,38,0.15,0.06,0.0,1.0,1.0,0.0,1,38895.0
24,1,0,0,0,0,1,0.0,0.0,1.0,0.0,0.0,50,255,1.0,0.0,0.12,0.0,0.0,0.73,0,79480.0
24,9,200,14289,0,1,8,0.0,0.0,1.0,0.0,0.18,47,255,1.0,0.0,0.03,0.02,0.0,0.0,0,119438.0
20,9,334,0,0,1,1,0.0,0.0,1.0,0.0,0.0,3,23,1.0,0.0,0.17,0.0,0.0,0.0,1,84390.0
24,9,303,312,0,1,11,0.0,0.0,1.0,0.0,0.13,67,255,1.0,0.0,0.02,0.0,0.0,0.0,0,9345.0
40,5,0,0,0,0,113,1.0,1.0,0.04,0.09,0.0,255,17,0.07,0.07,0.0,1.0,1.0,0.0,1,28203.0
66,5,0,0,0,0,296,1.0,1.0,0.07,0.05,0.0,255,20,0.08,0.07,0.0,1.0,1.0,0.0,1,80164.0
47,5,0,0,0,0,102,1.0,1.0,0.23,0.05,0.0,255,6,0.02,0.05,0.0,1.0,1.0,0.0,1,18628.0
18,5,0,0,0,0,283,1.0,1.0,0.02,0.05,0.0,255,6,0.02,0.05,0.0,1.0,1.0,0.0,1,89206.0
24,9,324,17023,0,1,6,0.17,0.17,1.0,0.0,0.0,255,255,1.0,0.0,0.0,0.0,0.0,0.0,0,71494.0
28,5,0,0,0,0,150,1.0,1.0,0.13,0.06,0.0,255,20,0.08,0.06,0.0,1.0,1.0,0.0,1,94724.0
47,5,0,0,0,0,128,1.0,1.0,0.14,0.05,0.0,255,18,0.07,0.08,0.0,1.0,1.0,0.0,1,76921.0
17,5,0,0,0,0,101,1.0,1.0,0.16,0.06,0.0,255,19,0.07,0.06,0.0,1.0,1.0,0.0,1,2710.0
42,9,59,0,0,1,18,0.06,0.0,0.06,0.17,0.0,255,1,0.0,0.02,0.0,0.0,0.0,0.0,0,83615.0
15,9,64,0,0,0,1,0.0,0.0,1.0,0.0,0.0,77,1,0.01,0.94,0.0,0.0,0.0,0.0,0,1522.0
2,5,0,0,0,0,224,1.0,1.0,0.01,0.06,0.0,255,18,0.07,0.08,0.0,1.0,1.0,0.0,1,73414.0
47,1,0,0,0,0,1,0.0,0.0,1.0,0.0,0.0,56,1,0.02,1.0,0.0,0.0,0.0,1.0,1,118114.0
24,1,0,0,0,0,1,0.0,0.0,1.0,0.0,1.0,9,37,1.0,0.0,0.14,0.0,0.0,1.0,0,106894.0
52,9,2010,334,0,1,1,0.0,0.0,1.0,0.0,1.0,213,148,0.61,0.07,0.01,0.0,0.0,0.0,0,2637.0
20,9,2194619,0,0,1,6,0.0,0.0,0.33,0.5,0.0,255,6,0.02,0.65,0.0,0.0,0.0,0.0,0,31697.0
24,9,245,9165,0,1,2,0.0,0.0,1.0,0.0,0.67,10,255,1.0,0.0,0.05,0.0,0.0,0.0,0,107.0
47,5,0,0,0,0,147,1.0,1.0,0.13,0.05,0.0,255,16,0.06,0.07,0.0,1.0,1.0,0.0,1,40739.0
47,9,105,146,0,0,1,0.0,0.0,1.0,0.0,0.0,213,196,0.92,0.01,0.0,0.0,0.0,0.0,0,47189.0
60,9,0,4,0,0,1,0.0,0.0,1.0,0.0,0.0,12,12,1.0,0.0,0.0,0.0,0.0,0.0,0,72895.0
24,9,354,12246,0,1,9,0.0,0.0,1.0,0.0,0.2,255,255,1.0,0.0,0.0,0.0,0.0,0.0,0,64506.0
0,4,863,8724,0,0,2,0.0,0.0,0.5,1.0,0.0,21,4,0.19,0.14,0.0,0.0,0.0,1.0,0,25105.0
24,9,151,7061,0,1,10,0.0,0.0,1.0,0.0,0.0,69,255,1.0,0.0,0.02,0.0,0.0,0.0,0,74810.0
47,9,28,0,3,0,46,0.0,0.0,1.0,0.0,0.0,118,46,0.39,0.03,0.0,0.0,0.0,0.0,1,62787.0
24,1,0,0,0,0,1,0.0,0.0,1.0,0.0,0.0,1,140,1.0,0.0,0.06,0.0,0.0,0.04,0,108075.0
24,5,0,0,0,0,33,1.0,1.0,0.15,0.15,0.0,255,5,0.02,0.08,0.0,1.0,1.0,0.0,1,109863.0
24,9,211,6396,0,1,13,0.0,0.0,1.0,0.0,0.0,248,255,1.0,0.0,0.02,0.0,0.0,0.0,0,123730.0
14,9,8,0,0,0,1,0.0,0.0,1.0,0.0,1.0,2,214,1.0,0.0,0.5,0.0,0.0,0.0,1,76897.0
42,4,1,0,0,0,2,0.0,0.0,1.0,0.0,0.0,255,2,0.01,0.73,0.0,0.0,0.0,1.0,1,992.0
52,5,0,0,0,0,271,1.0,0.92,0.04,0.06,0.17,255,10,0.04,0.07,0.0,1.0,1.0,0.0,1,30874.0
6,5,0,0,0,0,135,1.0,1.0,0.17,0.05,0.0,255,23,0.09,0.05,0.0,1.0,1.0,0.0,1,55865.0
42,9,146,105,0,0,1,0.0,0.0,1.0,0.0,0.0,255,1,0.0,0.68,0.0,0.0,0.0,0.0,0,100569.0
4,5,0,0,0,0,275,1.0,1.0,0.07,0.06,0.0,255,19,0.07,0.07,0.0,1.0,1.0,0.0,1,111313.0
52,9,1651,326,0,1,1,0.0,0.0,1.0,0.0,1.0,22,18,0.82,0.09,0.0,0.0,0.0,0.0,0,49973.0
24,9,304,484,0,1,1,0.0,0.0,1.0,0.0,0.0,32,255,1.0,0.0,0.04,0.0,0.0,0.0,0,124522.0
47,1,0,0,0,0,204,0.0,0.0,0.04,0.06,0.0,255,8,0.03,0.08,0.0,0.0,0.0,1.0,1,53991.0
24,9,307,1109,0,1,12,0.0,0.0,1.0,0.0,0.0,12,255,1.0,0.0,0.02,0.0,0.0,0.0,0,10034.0
23,5,0,0,0,0,235,1.0,1.0,0.03,0.05,0.0,255,6,0.02,0.06,0.0,1.0,1.0,0.0,1,118396.0
24,5,0,0,0,0,2,0.5,0.17,1.0,0.0,0.83,4,255,1.0,0.0,0.01,0.25,0.0,0.0,0,104557.0
24,9,291,2488,0,1,13,0.0,0.0,1.0,0.0,0.15,255,255,1.0,0.0,0.0,0.0,0.0,0.0,0,49137.0
52,9,1679,330,0,1,1,0.0,0.0,1.0,0.0,0.0,45,56,0.8,0.07,0.04,0.0,0.0,0.0,0,71616.0
24,9,357,11657,0,1,3,0.0,0.0,1.0,0.0,0.16,19,255,1.0,0.0,0.05,0.0,0.0,0.0,0,65441.0
47,1,0,0,0,0,133,0.0,0.0,0.11,0.06,0.0,255,12,0.05,0.07,0.0,0.0,0.0,1.0,1,87347.0
24,9,239,394,0,1,79,0.0,0.0,1.0,0.0,0.0,255,255,1.0,0.0,0.0,0.0,0.0,0.0,0,28066.0
47,5,0,0,0,0,114,1.0,1.0,0.11,0.05,0.0,255,13,0.05,0.06,0.0,1.0,1.0,0.0,1,7904.0
24,9,284,5989,0,1,6,0.0,0.0,1.0,0.0,0.21,255,255,1.0,0.0,0.0,0.0,0.0,0.0,0,24327.0
19,9,326,1063,0,1,1,0.0,0.0,1.0,0.0,0.0,146,43,0.29,0.03,0.0,0.0,0.0,0.0,0,56423.0
26,1,0,0,0,0,122,0.0,0.0,0.02,0.07,0.0,255,3,0.01,0.09,0.0,0.0,0.0,1.0,1,106753.0
47,5,0,0,0,0,59,1.0,1.0,0.22,0.1,0.0,255,16,0.06,0.08,0.0,1.0,1.0,0.0,1,25108.0
24,1,0,0,0,0,263,0.0,0.0,0.04,0.07,0.0,255,11,0.04,0.08,0.0,0.0,0.0,1.0,1,31310.0
20,9,15876,0,0,0,10,0.0,0.0,1.0,0.0,0.0,71,52,0.54,0.06,0.04,0.0,0.0,0.0,0,52630.0
24,9,252,5921,0,1,5,0.0,0.0,1.0,0.0,0.0,120,255,1.0,0.0,0.02,0.0,0.0,0.06,0,56149.0
24,9,259,4952,0,1,7,0.0,0.0,1.0,0.0,0.0,13,31,1.0,0.0,0.06,0.0,0.0,0.0,0,102731.0
24,9,233,1680,0,1,5,0.0,0.0,1.0,0.0,0.0,255,255,1.0,0.0,0.0,0.0,0.0,0.0,0,82359.0
42,1,0,0,0,0,421,0.08,0.0,0.0,1.0,0.0,255,1,0.0,1.0,0.0,0.1,0.0,1.0,1,101950.0
24,9,54540,8314,0,1,5,0.0,0.0,1.0,0.0,0.0,76,76,1.0,0.0,0.0,0.01,0.01,0.01,1,48160.0
58,5,0,0,0,0,22,1.0,1.0,0.09,0.09,0.0,255,2,0.01,0.07,0.0,1.0,1.0,0.0,1,84867.0
47,5,0,0,0,0,256,1.0,1.0,0.05,0.06,0.0,255,15,0.06,0.07,0.0,1.0,1.0,0.0,1,48193.0
47,4,1,0,0,0,2,0.0,0.0,1.0,0.0,0.0,255,2,0.01,0.45,0.0,0.0,0.0,1.0,1,66092.0
20,9,334,0,0,1,1,0.0,0.0,1.0,0.0,0.0,13,24,1.0,0.0,0.08,0.0,0.0,0.0,1,119155.0
24,9,316,1461,0,1,2,0.5,0.5,1.0,0.0,0.0,165,255,1.0,0.0,0.02,0.01,0.0,0.0,0,124159.0
24,9,217,373,0,1,20,0.0,0.0,1.0,0.0,0.0,255,255,1.0,0.0,0.0,0.0,0.0,0.0,0,89095.0
14,9,30,0,0,0,5,0.0,0.0,0.2,0.6,0.0,255,38,0.15,0.01,0.0,0.0,0.0,0.0,0,120685.0
26,5,0,0,0,0,279,1.0,1.0,0.05,0.06,0.0,255,13,0.05,0.06,0.0,1.0,1.0,0.0,1,13387.0
20,9,12,0,0,0,2,0.0,0.0,1.0,0.0,0.0,168,36,0.21,0.02,0.0,0.0,0.0,0.0,0,35305.0
44,5,0,0,0,0,244,1.0,1.0,0.07,0.07,0.0,255,17,0.07,0.07,0.0,1.0,1.0,0.0,1,5000.0
24,9,279,3101,0,1,36,0.0,0.0,1.0,0.0,0.1,253,253,1.0,0.0,0.0,0.0,0.0,0.0,0,114401.0
47,5,0,0,0,0,197,1.0,1.0,0.08,0.06,0.0,255,15,0.06,0.05,0.0,1.0,1.0,0.0,1,68369.0
6,5,0,0,0,0,105,1.0,1.0,0.01,0.07,0.0,255,1,0.0,0.06,0.0,1.0,1.0,0.0,1,32934.0
42,9,147,105,0,0,6,0.0,0.0,0.33,0.5,0.0,255,2,0.01,0.85,0.0,0.0,0.0,0.0,0,52734.0
42,4,0,0,0,0,1,0.0,0.0,1.0,0.0,0.0,255,1,0.0,0.71,0.0,0.0,0.0,1.0,1,33121.0
5,5,0,0,0,0,233,1.0,1.0,0.02,0.06,0.0,255,4,0.02,0.06,0.0,1.0,1.0,0.0,1,62976.0
24,9,264,1117,0,1,1,0.0,0.0,1.0,0.0,0.0,3,255,1.0,0.0,0.02,0.0,0.0,0.0,0,42967.0
24,1,0,0,0,0,20,0.0,0.0,1.0,0.0,0.0,55,251,1.0,0.0,0.17,0.0,0.0,0.98,0,13497.0
11,1,0,0,0,0,132,0.0,0.0,0.04,0.07,0.0,255,4,0.02,0.07,0.0,0.0,0.0,1.0,1,110872.0
24,9,224,1001,0,1,7,0.0,0.0,1.0,0.0,0.25,80,255,1.0,0.0,0.02,0.0,0.0,0.0,0,58296.0
24,9,246,18246,0,1,1,0.0,0.0,1.0,0.0,0.0,223,214,0.96,0.01,0.0,0.0,0.0,0.0,0,85148.0
47,9,105,146,0,0,4,0.0,0.0,0.25,0.5,0.0,255,236,0.93,0.01,0.0,0.0,0.0,0.0,0,121248.0
63,5,0,0,0,0,142,1.0,1.0,0.11,0.06,0.0,255,16,0.06,0.07,0.0,1.0,1.0,0.0,1,12674.0
52,9,2146,332,0,1,1,0.0,0.0,1.0,0.0,1.0,210,212,0.85,0.02,0.01,0.0,0.0,0.0,0,22619.0
52,9,929,459,0,1,1,0.0,0.0,1.0,0.0,0.0,134,154,0.7,0.04,0.01,0.01,0.0,0.0,0,5053.0
12,9,43,109,0,0,149,0.0,0.0,1.0,0.0,0.01,255,255,1.0,0.0,0.0,0.0,0.0,0.0,0,57864.0
64,5,0,0,0,0,284,1.0,1.0,0.07,0.05,0.0,255,21,0.08,0.05,0.0,1.0,1.0,0.0,1,28556.0
24,9,329,4556,0,1,9,0.0,0.0,1.0,0.0,0.15,255,255,1.0,0.0,0.0,0.0,0.0,0.0,0,43407.0
24,6,181,13140,0,1,2,0.5,0.5,1.0,0.0,0.0,7,255,1.0,0.0,0.04,0.14,0.01,0.0,0,27675.0
24,9,247,3180,0,1,19,0.0,0.0,1.0,0.0,0.0,255,255,1.0,0.0,0.0,0.0,0.0,0.0,0,96836.0
47,9,105,146,0,0,5,0.0,0.0,0.2,0.6,0.0,255,239,0.94,0.01,0.0,0.0,0.0,0.0,0,10659.0
35,5,0,0,0,0,176,1.0,1.0,0.09,0.08,0.0,255,15,0.06,0.07,0.0,1.0,1.0,0.0,1,99869.0
14,9,8,0,0,0,1,0.0,0.0,1.0,0.0,1.0,1,189,1.0,0.0,0.25,0.0,0.0,0.0,1,21240.0
12,9,44,68,0,0,126,0.0,0.0,1.0,0.0,0.0,255,199,0.78,0.01,0.0,0.0,0.0,0.0,0,59183.0
58,9,471,434353,0,1,1,0.0,0.0,1.0,0.0,0.0,116,14,0.12,0.04,0.0,0.0,0.0,0.0,0,115288.0
42,4,1,0,0,0,2,0.0,0.0,1.0,0.0,0.0,255,2,0.01,0.73,0.0,0.0,0.0,1.0,1,9168.0
47,1,0,0,0,0,175,0.0,0.0,0.05,0.07,0.0,255,8,0.03,0.07,0.0,0.0,0.0,1.0,1,105412.0
20,3,0,0,0,0,204,0.65,0.5,0.01,0.41,0.0,255,2,0.01,0.33,0.0,0.52,0.5,0.5,1,53417.0
24,9,211,5592,0,1,1,0.0,0.0,1.0,0.0,1.0,25,255,1.0,0.0,0.03,0.0,0.0,0.0,0,26989.0
20,9,3468,0,0,0,24,0.0,0.0,1.0,0.0,0.0,94,53,0.56,0.03,0.0,0.0,0.0,0.0,0,61035.0
12,9,44,110,0,0,3,0.0,0.0,0.67,0.67,0.17,155,149,0.96,0.02,0.0,0.0,0.0,0.0,0,77359.0
12,9,33,89,0,0,1,0.0,0.0,1.0,0.0,1.0,27,19,0.7,0.07,0.0,0.0,0.0,0.0,0,58966.0
33,5,0,0,0,0,287,1.0,1.0,0.05,0.06,0.0,255,14,0.05,0.09,0.0,1.0,1.0,0.0,1,77582.0
24,7,179,0,0,1,3,0.33,0.1,1.0,0.0,0.3,14,255,1.0,0.0,0.03,0.07,0.01,0.0,0,44967.0
47,9,28,0,3,0,83,0.0,0.0,1.0,0.0,0.0,255,83,0.33,0.04,0.0,0.02,0.0,0.0,1,109985.0
33,1,0,0,0,0,283,0.0,0.0,0.04,0.06,0.0,255,12,0.05,0.07,0.0,0.0,0.0,1.0,1,48716.0
47,5,0,0,0,0,226,1.0,1.0,0.05,0.05,0.0,184,12,0.07,0.07,0.0,0.99,1.0,0.0,1,25610.0
12,9,43,125,0,0,184,0.0,0.0,0.99,0.01,0.01,186,147,0.79,0.02,0.0,0.0,0.0,0.0,0,33880.0
20,9,383,0,0,1,2,0.0,0.0,1.0,0.0,0.0,30,85,0.1,0.1,0.02,0.0,0.0,0.0,0,72042.0
52,5,0,0,0,0,68,1.0,0.95,0.28,0.07,0.1,255,19,0.07,0.06,0.0,1.0,1.0,0.0,1,11881.0
58,5,0,0,0,0,23,1.0,1.0,0.22,0.17,0.0,255,63,0.25,0.02,0.0,1.0,1.0,0.0,1,48757.0
24,9,339,832,0,1,11,0.0,0.0,1.0,0.0,0.0,11,118,1.0,0.0,0.12,0.0,0.01,0.0,0,67687.0
24,9,296,1630,0,1,8,0.0,0.0,1.0,0.0,0.3,255,255,1.0,0.0,0.0,0.0,0.0,0.0,0,93045.0
24,9,297,1964,0,1,30,0.0,0.0,1.0,0.0,0.0,255,255,1.0,0.0,0.0,0.0,0.0,0.0,0,64479.0
24,9,204,2465,0,1,5,0.0,0.0,1.0,0.0,0.0,37,255,1.0,0.0,0.04,0.0,0.0,0.0,0,52506.0
24,9,211,5901,0,1,9,0.0,0.0,1.0,0.0,0.0,45,255,1.0,0.0,0.04,0.0,0.0,0.0,0,89605.0
47,5,0,0,0,0,227,1.0,1.0,0.06,0.07,0.0,255,20,0.08,0.08,0.0,1.0,1.0,0.0,1,66577.0
47,5,0,0,0,0,233,1.0,1.0,0.04,0.07,0.0,255,4,0.02,0.06,0.0,1.0,1.0,0.0,1,4757.0
15,9,1032,0,0,0,511,0.0,0.0,1.0,0.0,0.0,255,49,0.19,0.21,0.0,0.0,0.0,0.0,1,125546.0
24,9,278,1786,0,1,4,0.0,0.0,1.0,0.0,0.0,81,255,1.0,0.0,0.05,0.0,0.0,0.0,0,119994.0
12,9,45,144,0,0,20,0.0,0.0,1.0,0.0,0.02,255,179,0.7,0.01,0.0,0.0,0.0,0.0,0,62672.0
42,9,1,0,0,0,13,0.0,0.0,0.08,0.54,0.0,255,1,0.0,0.2,0.0,0.0,0.0,0.0,1,86688.0
24,9,270,783,0,1,8,0.0,0.0,1.0,0.0,0.0,8,255,1.0,0.0,0.01,0.0,0.0,0.0,0,84619.0
24,1,0,0,0,0,1,0.0,0.0,1.0,0.0,1.0,43,255,1.0,0.0,0.09,0.0,0.0,1.0,0,77561.0
20,1,0,0,0,0,249,0.0,0.0,0.04,0.07,0.0,255,9,0.04,0.08,0.0,0.0,0.0,1.0,1,42099.0
42,9,145,105,0,0,1,0.0,0.0,1.0,0.0,0.0,4,1,0.25,0.75,0.0,0.0,0.0,0.0,0,66153.0
24,9,170,2967,0,1,1,0.0,0.0,1.0,0.0,0.29,1,255,1.0,0.0,0.06,0.0,0.0,0.0,0,62515.0
24,9,297,1044,0,1,4,0.0,0.0,1.0,0.0,0.0,255,255,1.0,0.0,0.0,0.0,0.0,0.0,0,82731.0
4,9,10,39,0,0,1,0.0,0.0,1.0,0.0,0.0,243,10,0.04,0.02,0.0,0.0,0.0,0.0,0,88591.0
25,1,0,0,0,0,104,0.0,0.0,0.02,0.09,0.0,255,2,0.01,0.07,0.0,0.0,0.0,1.0,1,15441.0
24,9,230,2259,0,1,8,0.0,0.0,1.0,0.0,0.1,191,255,1.0,0.0,0.02,0.01,0.0,0.0,0,99862.0
18,5,0,0,0,0,179,1.0,1.0,0.02,0.08,0.0,255,3,0.01,0.08,0.0,1.0,1.0,0.0,1,18433.0
63,5,0,0,0,0,138,1.0,1.0,0.06,0.07,0.0,255,3,0.01,0.07,0.0,1.0,1.0,0.0,1,45523.0
24,9,299,3162,0,1,31,0.0,0.0,1.0,0.0,0.0,255,255,1.0,0.0,0.0,0.0,0.0,0.0,0,22481.0
12,9,45,77,0,0,220,0.0,0.0,1.0,0.0,0.01,255,177,0.69,0.01,0.0,0.0,0.0,0.0,0,46844.0
24,9,333,250,0,1,5,0.0,0.0,1.0,0.0,0.0,255,255,1.0,0.0,0.0,0.0,0.0,0.0,0,37621.0
12,9,126,45,0,0,90,0.0,0.0,1.0,0.0,0.0,255,243,0.95,0.01,0.0,0.0,0.0,0.0,0,2150.0
63,5,0,0,0,0,131,1.0,1.0,0.04,0.06,0.0,255,15,0.06,0.07,0.0,1.0,1.0,0.0,1,6183.0
52,9,1684,404,0,1,1,0.0,0.0,1.0,0.0,0.0,255,63,0.25,0.05,0.0,0.48,0.0,0.0,0,25594.0
24,9,284,6418,0,1,7,0.0,0.0,1.0,0.0,0.0,7,255,1.0,0.0,0.04,0.0,0.0,0.0,0,53938.0
14,9,8,0,0,0,1,0.0,0.0,1.0,0.0,1.0,3,15,1.0,0.0,0.27,0.0,0.0,0.0,1,56840.0
24,9,210,392,0,1,5,0.0,0.0,1.0,0.0,0.0,137,255,1.0,0.0,0.04,0.0,0.0,0.01,0,43554.0
47,1,0,0,0,0,226,0.06,0.0,0.0,1.0,0.0,255,1,0.0,0.89,0.0,0.05,0.0,1.0,1,41004.0
15,9,1032,0,0,0,510,0.0,0.0,1.0,0.0,0.0,255,41,0.16,0.18,0.0,0.0,0.0,0.0,1,114949.0
24,9,163,19076,0,1,1,0.0,0.0,1.0,0.0,0.0,255,255,1.0,0.0,0.0,0.0,0.0,0.13,0,23895.0
20,9,9,0,0,1,1,0.0,0.0,1.0,0.0,1.0,7,46,0.29,0.29,0.07,0.0,0.02,0.0,0,116349.0
24,1,0,0,0,0,1,0.0,0.0,1.0,0.0,0.0,10,152,1.0,0.0,0.16,0.0,0.0,0.97,0,70697.0
47,5,0,0,0,0,210,1.0,1.0,0.1,0.07,0.0,255,17,0.07,0.08,0.0,1.0,1.0,0.0,1,30325.0
24,9,405,10219,0,1,17,0.0,0.0,1.0,0.0,0.0,101,245,1.0,0.0,0.17,0.0,0.0,0.64,0,86569.0
42,9,10044,0,0,1,11,0.09,0.0,0.09,0.45,0.0,255,1,0.0,0.07,0.0,0.02,0.0,0.0,0,28255.0
42,9,146,105,0,0,1,0.0,0.0,1.0,0.0,0.0,255,1,0.0,0.68,0.0,0.0,0.0,0.0,0,122775.0
47,1,0,0,0,0,3,0.0,0.0,1.0,0.0,0.0,255,3,0.01,0.05,0.0,0.0,0.0,1.0,1,25816.0
30,5,0,0,0,0,134,1.0,1.0,0.04,0.06,0.0,255,16,0.06,0.07,0.0,1.0,1.0,0.0,1,42208.0
24,9,216,1746,0,1,3,0.0,0.0,1.0,0.0,0.0,3,255,1.0,0.0,0.01,0.0,0.0,0.0,0,43469.0
8,5,0,0,0,0,211,1.0,1.0,0.08,0.06,0.0,255,16,0.06,0.07,0.0,1.0,1.0,0.0,1,48546.0
52,9,1228,279,0,1,1,0.0,0.0,1.0,0.0,1.0,64,45,0.61,0.08,0.04,0.0,0.0,0.0,0,17724.0
47,5,0,0,0,0,108,1.0,1.0,0.18,0.06,0.0,255,40,0.16,0.06,0.0,1.0,1.0,0.0,1,98245.0
47,5,0,0,0,0,230,1.0,1.0,0.05,0.06,0.0,255,9,0.04,0.08,0.0,1.0,1.0,0.0,1,94908.0
20,9,192,0,0,1,2,0.0,0.0,1.0,0.0,0.0,64,57,0.19,0.09,0.05,0.0,0.0,0.0,0,80497.0
42,1,0,0,0,0,510,0.1,0.0,0.0,1.0,0.0,255,1,0.0,1.0,0.0,0.15,0.0,1.0,1,114747.0
47,9,105,146,0,0,2,0.0,0.0,1.0,0.0,0.0,117,113,0.97,0.03,0.0,0.0,0.0,0.0,0,91597.0
27,5,0,0,0,0,270,1.0,1.0,0.01,0.05,0.0,255,3,0.01,0.05,0.0,1.0,1.0,0.0,1,71739.0
14,9,8,0,0,0,1,0.0,0.0,1.0,0.0,1.0,2,18,1.0,0.0,0.5,0.0,0.0,0.0,1,74664.0
12,9,44,46,0,0,4,0.0,0.0,1.0,0.0,0.15,255,250,0.98,0.01,0.0,0.0,0.0,0.0,0,33347.0
47,5,0,0,0,0,149,1.0,1.0,0.02,0.06,0.0,255,2,0.01,0.08,0.0,1.0,1.0,0.0,1,62727.0
24,9,295,6801,0,1,6,0.0,0.0,1.0,0.0,0.0,61,255,1.0,0.0,0.02,0.0,0.0,0.0,0,101250.0
12,9,44,44,0,0,65,0.0,0.0,1.0,0.0,0.01,255,254,1.0,0.01,0.0,0.0,0.0,0.0,0,76953.0
52,9,1672,334,0,1,1,0.0,0.0,1.0,0.0,0.0,65,205,0.92,0.05,0.01,0.0,0.0,0.0,0,72692.0
12,9,45,45,0,0,16,0.0,0.0,1.0,0.0,0.02,255,255,1.0,0.0,0.0,0.0,0.0,0.0,0,99272.0
20,9,6601,0,0,0,23,0.0,0.0,1.0,0.0,0.0,125,69,0.35,0.04,0.03,0.0,0.0,0.0,0,78071.0
24,9,247,307,0,1,39,0.0,0.0,1.0,0.0,0.0,255,255,1.0,0.0,0.0,0.0,0.0,0.0,0,103957.0
24,9,254,3200,0,1,3,0.0,0.0,1.0,0.0,0.0,255,255,1.0,0.0,0.0,0.0,0.0,0.0,0,76052.0
24,5,0,0,0,0,19,1.0,1.0,0.47,0.21,0.0,255,65,0.25,0.02,0.0,1.0,1.0,0.0,1,8151.0
12,9,97,0,0,0,1,0.0,0.0,1.0,0.0,1.0,43,28,0.65,0.05,0.0,0.0,0.0,0.0,0,102375.0
20,9,768,0,0,1,4,0.0,0.0,1.0,0.0,0.0,255,104,0.41,0.02,0.0,0.0,0.0,0.0,0,41529.0
47,9,1,0,0,0,63,0.0,0.0,0.57,0.06,0.0,255,101,0.4,0.06,0.0,0.0,0.0,0.0,1,47677.0
12,9,43,133,0,0,103,0.0,0.0,1.0,0.0,0.01,255,255,1.0,0.0,0.0,0.0,0.0,0.0,0,7543.0
24,9,334,279,0,1,4,0.0,0.0,1.0,0.0,0.25,255,248,0.97,0.01,0.0,0.0,0.0,0.0,0,23888.0
24,9,314,1256,0,1,5,0.0,0.0,1.0,0.0,0.19,209,255,1.0,0.0,0.01,0.0,0.0,0.0,0,14546.0
58,5,0,0,0,0,19,1.0,1.0,1.0,0.0,0.0,21,21,1.0,0.0,0.0,0.9,0.9,0.0,1,117119.0
11,1,0,0,0,0,267,0.0,0.0,0.02,0.06,0.0,255,5,0.02,0.07,0.0,0.0,0.0,1.0,1,64372.0
2,5,0,0,0,0,226,1.0,1.0,0.02,0.07,0.0,255,4,0.02,0.07,0.0,1.0,1.0,0.0,1,49631.0
17,5,0,0,0,0,148,1.0,1.0,0.16,0.05,0.0,255,23,0.09,0.05,0.0,1.0,1.0,0.0,1,125532.0
52,9,1375,330,0,1,1,0.0,0.0,1.0,0.0,0.0,112,183,0.7,0.03,0.01,0.0,0.01,0.0,0,36418.0
20,5,0,0,0,0,6,1.0,1.0,0.83,0.33,0.0,255,61,0.24,0.04,0.0,1.0,1.0,0.0,1,28093.0
66,5,0,0,0,0,242,1.0,1.0,0.07,0.07,0.0,255,18,0.07,0.07,0.0,1.0,1.0,0.0,1,94295.0
17,2,0,0,0,0,118,0.0,0.0,0.04,0.07,0.0,255,5,0.02,0.07,0.0,0.0,0.0,1.0,1,73466.0
24,9,196,1998,0,1,7,0.0,0.0,1.0,0.0,0.0,153,255,1.0,0.0,0.03,0.0,0.0,0.01,0,94655.0
24,9,280,2364,0,1,6,0.0,0.0,1.0,0.0,0.17,255,255,1.0,0.0,0.0,0.0,0.0,0.0,0,42829.0
24,9,306,1380,0,1,3,0.0,0.0,1.0,0.0,0.0,19,7,0.37,0.16,0.0,0.37,0.0,0.0,0,90352.0
12,9,33,88,0,0,2,0.0,0.0,1.0,0.0,0.67,255,236,0.93,0.01,0.0,0.0,0.0,0.0,0,39562.0
2,1,0,0,0,0,278,0.0,0.0,0.06,0.06,0.0,255,18,0.07,0.07,0.0,0.0,0.0,1.0,1,47290.0
27,5,0,0,0,0,223,1.0,1.0,0.04,0.07,0.0,255,6,0.02,0.09,0.0,1.0,1.0,0.0,1,12487.0
12,9,29,29,0,0,1,0.0,0.0,1.0,0.0,0.75,84,62,0.74,0.04,0.0,0.0,0.0,0.0,0,40056.0
12,9,45,129,0,0,78,0.0,0.0,1.0,0.0,0.01,255,254,1.0,0.01,0.0,0.0,0.0,0.0,0,39462.0
47,5,0,0,0,0,147,1.0,1.0,0.12,0.07,0.0,255,18,0.07,0.06,0.0,1.0,1.0,0.0,1,117923.0
47,1,0,0,0,0,108,0.0,0.0,0.19,0.07,0.0,232,20,0.09,0.06,0.0,0.0,0.0,1.0,1,8333.0
47,4,1,0,0,0,2,0.0,0.0,1.0,0.0,0.0,255,2,0.01,0.73,0.0,0.0,0.0,1.0,1,77752.0
40,5,0,0,0,0,280,1.0,1.0,0.05,0.06,0.0,255,2,0.01,0.07,0.0,1.0,1.0,0.0,1,40166.0
24,4,52560,2920,0,1,4,0.0,0.0,1.0,0.0,0.5,255,255,1.0,0.0,0.0,0.0,0.0,0.05,1,53201.0
47,1,0,0,0,0,1,0.0,0.0,1.0,0.0,0.0,54,2,0.02,1.0,1.0,0.0,0.0,1.0,1,120549.0
24,9,217,1092,0,1,4,0.0,0.0,1.0,0.0,0.0,74,255,1.0,0.0,0.03,0.0,0.0,0.0,0,42135.0
42,4,1,0,0,0,2,0.0,0.0,1.0,0.0,0.0,255,2,0.01,0.69,0.0,0.0,0.0,1.0,1,49305.0
18,9,7,147,0,0,1,0.0,0.0,1.0,0.0,0.0,255,1,0.0,0.07,0.0,0.87,0.0,0.0,0,117621.0
42,4,1,0,0,0,2,0.0,0.0,1.0,0.0,0.0,255,2,0.01,0.74,0.0,0.0,0.0,1.0,1,60192.0
52,9,1872,366,0,1,3,0.0,0.0,0.33,1.0,1.0,70,172,0.74,0.06,0.02,0.01,0.01,0.0,0,79577.0
24,9,338,392,0,1,15,0.0,0.0,1.0,0.0,0.0,255,255,1.0,0.0,0.0,0.01,0.01,0.0,0,1652.0
47,9,1,0,0,0,24,0.0,0.0,0.92,0.12,0.0,255,22,0.09,0.73,0.0,0.08,0.0,0.0,1,108476.0
58,9,178,6921,0,1,1,0.0,0.0,1.0,0.0,0.0,140,14,0.1,0.03,0.0,0.0,0.0,0.0,0,44283.0
24,9,240,581,0,1,6,0.0,0.0,1.0,0.0,0.0,68,255,1.0,0.0,0.04,0.0,0.0,0.08,0,50251.0
52,9,799,339,0,1,1,0.0,0.0,1.0,0.0,0.0,192,145,0.57,0.03,0.01,0.0,0.0,0.0,0,101473.0
32,5,0,0,0,0,141,1.0,1.0,0.09,0.06,0.0,255,12,0.05,0.06,0.0,1.0,1.0,0.0,1,88004.0
24,9,336,3211,0,1,9,0.0,0.0,1.0,0.0,0.0,255,255,1.0,0.0,0.0,0.0,0.0,0.0,0,59553.0
52,9,1169,330,0,1,1,0.0,0.0,1.0,0.0,1.0,238,170,0.71,0.03,0.0,0.01,0.01,0.0,0,58116.0
24,5,0,0,0,0,5,0.6,0.75,0.6,0.6,0.5,255,44,0.17,0.04,0.0,1.0,1.0,0.0,1,90903.0
52,9,917,324,0,1,1,0.0,0.0,1.0,0.0,1.0,255,20,0.08,0.45,0.0,0.0,0.0,0.0,0,120196.0
24,9,302,2698,0,1,1,0.0,0.0,1.0,0.0,0.0,225,216,0.96,0.01,0.0,0.0,0.0,0.0,0,32562.0
15,9,1032,0,0,0,511,0.0,0.0,1.0,0.0,0.0,255,185,0.73,0.16,0.0,0.0,0.0,0.0,1,46880.0
24,9,245,1699,0,1,13,0.0,0.0,1.0,0.0,0.0,27,255,1.0,0.0,0.03,0.0,0.0,0.0,0,80713.0
24,9,228,11390,0,1,16,0.0,0.0,1.0,0.0,0.0,17,255,1.0,0.0,0.03,0.0,0.0,0.0,0,21583.0
47,5,0,0,0,0,118,1.0,1.0,0.03,0.07,0.0,255,6,0.02,0.06,0.0,1.0,1.0,0.0,1,116201.0
62,9,181,0,0,0,2,0.0,0.0,0.5,1.0,0.0,255,94,0.37,0.01,0.0,0.0,0.0,0.0,0,83233.0
25,5,0,0,0,0,102,1.0,1.0,0.04,0.06,0.0,255,18,0.07,0.06,0.0,1.0,1.0,0.0,1,106171.0
15,9,1032,0,0,0,221,0.0,0.0,1.0,0.0,0.0,218,124,0.57,0.03,0.0,0.01,0.0,0.0,1,14439.0
12,9,44,113,0,0,1,0.0,0.0,1.0,0.0,1.0,255,242,0.95,0.01,0.0,0.0,0.0,0.0,0,64367.0
14,9,18,0,0,0,1,0.0,0.0,1.0,0.0,0.0,1,161,1.0,0.0,1.0,0.0,0.0,0.0,1,87841.0
12,9,46,97,0,0,200,0.0,0.0,1.0,0.0,0.0,255,255,1.0,0.0,0.0,0.0,0.0,0.0,0,124544.0
24,9,331,3541,0,1,15,0.0,0.0,1.0,0.0,0.12,81,255,1.0,0.0,0.04,0.0,0.01,0.0,0,17151.0
26,5,0,0,0,0,9,1.0,1.0,0.11,0.33,0.0,255,1,0.0,0.08,0.0,1.0,1.0,0.0,1,35008.0
4,5,0,0,0,0,295,1.0,1.0,0.06,0.05,0.0,255,6,0.02,0.07,0.0,1.0,1.0,0.0,1,72939.0
52,9,783,330,0,1,1,0.0,0.0,1.0,0.0,1.0,84,105,0.44,0.08,0.02,0.0,0.0,0.0,0,17235.0
4,5,0,0,0,0,285,1.0,1.0,0.0,0.06,0.0,255,9,0.04,0.07,0.0,1.0,1.0,0.0,1,17114.0
47,5,0,0,0,0,109,1.0,1.0,0.07,0.06,0.0,255,16,0.06,0.07,0.0,1.0,1.0,0.0,1,7129.0
12,9,44,142,0,0,76,0.0,0.0,1.0,0.0,0.01,255,197,0.77,0.02,0.0,0.0,0.0,0.0,0,105864.0
24,9,242,1072,0,1,11,0.0,0.0,1.0,0.0,0.0,255,255,1.0,0.0,0.0,0.0,0.0,0.0,0,26421.0
12,9,46,80,0,0,320,0.0,0.0,1.0,0.01,0.0,255,251,0.98,0.01,0.0,0.0,0.0,0.0,0,66250.0
16,5,0,0,0,0,127,1.0,1.0,0.15,0.05,0.0,255,19,0.07,0.05,0.0,1.0,1.0,0.0,1,88862.0
20,9,740,0,0,1,2,0.0,0.0,1.0,0.0,0.0,255,32,0.13,0.02,0.0,0.0,0.0,0.0,0,96186.0
24,9,160,497,0,1,2,0.0,0.0,1.0,0.0,0.0,41,255,1.0,0.0,0.02,0.05,0.01,0.0,0,34403.0
15,9,1480,0,1,0,7,0.0,0.0,1.0,0.0,0.0,255,9,0.04,0.02,0.0,0.0,0.0,0.0,1,116343.0
24,9,254,2005,0,1,4,0.0,0.0,1.0,0.0,0.08,255,255,1.0,0.0,0.0,0.0,0.0,0.01,0,57159.0
52,9,1598,393,0,1,1,0.0,0.0,1.0,0.0,0.0,255,174,0.68,0.02,0.0,0.0,0.0,0.0,0,71963.0
58,5,0,0,0,0,12,1.0,1.0,0.58,0.17,0.0,255,59,0.23,0.02,0.0,1.0,1.0,0.0,1,105842.0
24,9,233,8002,0,1,3,0.0,0.0,1.0,0.0,0.0,58,255,1.0,0.0,0.02,0.0,0.0,0.0,0,80235.0
30,5,0,0,0,0,219,1.0,1.0,0.0,0.06,0.0,255,1,0.0,0.06,0.0,1.0,1.0,0.0,1,13099.0
12,9,44,131,0,0,157,0.0,0.0,1.0,0.0,0.0,255,255,1.0,0.0,0.0,0.0,0.0,0.0,0,82650.0
24,9,295,588,0,1,3,0.0,0.0,1.0,0.0,0.13,3,255,1.0,0.0,0.04,0.0,0.0,0.0,0,6637.0
24,1,0,0,0,0,1,0.0,0.0,1.0,0.0,0.67,11,255,1.0,0.0,0.11,0.0,0.0,0.81,0,125234.0
15,9,1032,0,0,0,510,0.0,0.0,1.0,0.0,0.0,178,33,0.19,0.02,0.0,0.0,0.0,0.0,1,108292.0
64,5,0,0,0,0,262,1.0,1.0,0.03,0.06,0.0,255,8,0.03,0.07,0.0,1.0,1.0,0.0,1,14731.0
42,1,0,0,0,0,510,0.13,0.0,0.0,1.0,0.0,255,1,0.0,1.0,0.0,0.15,0.0,1.0,1,31625.0
47,4,0,0,0,0,395,0.0,0.0,0.01,0.52,0.0,255,2,0.01,0.52,0.0,0.0,0.0,1.0,1,79406.0
18,5,0,0,0,0,64,1.0,1.0,0.25,0.06,0.0,255,65,0.25,0.02,0.0,1.0,1.0,0.0,1,28078.0
13,5,0,0,0,0,53,1.0,1.0,0.08,0.11,0.0,255,15,0.06,0.08,0.0,1.0,1.0,0.0,1,112154.0
52,9,1688,331,0,1,1,0.0,0.0,1.0,0.0,1.0,79,176,0.68,0.04,0.01,0.0,0.0,0.0,0,63827.0
5,5,0,0,0,0,293,1.0,1.0,0.02,0.05,0.0,255,7,0.03,0.07,0.0,1.0,1.0,0.0,1,117611.0
24,9,297,392,0,1,7,0.0,0.0,1.0,0.0,0.3,255,255,1.0,0.0,0.0,0.0,0.0,0.0,0,21586.0
47,5,0,0,0,0,108,1.0,1.0,0.07,0.06,0.0,255,27,0.11,0.05,0.0,1.0,1.0,0.0,1,65357.0
47,5,0,0,0,0,85,1.0,1.0,0.01,0.09,0.0,255,1,0.0,0.06,0.0,1.0,1.0,0.0,1,70696.0
47,5,0,0,0,0,186,1.0,1.0,0.01,0.06,0.0,255,5,0.02,0.06,0.0,1.0,1.0,0.0,1,108073.0
28,5,0,0,0,0,18,1.0,1.0,0.72,0.11,0.0,255,13,0.05,0.06,0.0,1.0,1.0,0.0,1,91701.0
52,9,881,335,0,1,1,0.0,0.0,1.0,0.0,0.0,9,179,1.0,0.0,0.02,0.0,0.0,0.0,0,45761.0
47,1,0,0,0,0,50,0.02,0.0,0.02,1.0,0.0,255,1,0.0,0.22,0.0,0.0,0.0,1.0,1,31363.0
47,5,0,0,0,0,137,1.0,1.0,0.05,0.07,0.0,255,8,0.03,0.07,0.0,1.0,1.0,0.0,1,23712.0
24,9,220,1046,0,1,5,0.2,0.25,1.0,0.0,0.33,15,255,1.0,0.0,0.08,0.07,0.01,0.01,0,41820.0
14,9,8,0,0,0,1,0.0,0.0,1.0,0.0,1.0,1,49,1.0,0.0,0.51,0.0,0.0,0.0,1,15275.0
24,9,236,1973,0,1,4,0.25,0.25,1.0,0.0,0.0,255,255,1.0,0.0,0.0,0.0,0.0,0.0,0,7665.0
24,9,233,2239,0,1,7,0.0,0.0,1.0,0.0,0.0,255,246,0.96,0.01,0.0,0.0,0.0,0.0,0,49198.0
24,9,237,4253,0,1,1,0.0,0.0,1.0,0.0,0.0,1,255,1.0,0.0,0.04,0.0,0.0,0.0,0,89726.0
14,9,8,0,0,0,1,0.0,0.0,1.0,0.0,1.0,1,7,1.0,0.0,0.57,0.0,0.0,0.0,1,38468.0
14,9,8,0,0,0,1,0.0,0.0,1.0,0.0,1.0,1,33,1.0,0.0,0.52,0.0,0.0,0.0,1,1619.0
24,9,223,5567,0,1,3,0.0,0.0,1.0,0.0,0.0,3,255,1.0,0.0,0.04,0.0,0.0,0.0,0,2042.0
47,4,0,0,0,0,1,0.0,0.0,1.0,0.0,0.0,255,1,0.0,0.8,0.0,0.0,0.0,1.0,1,80800.0
24,9,237,11283,0,1,24,0.0,0.0,1.0,0.0,0.0,255,255,1.0,0.0,0.0,0.0,0.0,0.0,0,6842.0
31,5,0,0,0,0,255,1.0,1.0,0.08,0.06,0.0,255,20,0.08,0.07,0.0,1.0,1.0,0.0,1,1544.0
24,9,199,1330,0,1,31,0.0,0.0,1.0,0.0,0.0,255,255,1.0,0.0,0.0,0.0,0.0,0.0,0,85674.0
24,9,252,285,0,1,8,0.0,0.0,1.0,0.0,0.0,101,255,1.0,0.0,0.02,0.0,0.0,0.0,0,76857.0
20,9,151,0,0,0,1,0.0,0.0,1.0,0.0,0.0,107,12,0.11,0.05,0.0,0.0,0.0,0.0,0,54239.0
47,5,0,0,0,0,229,1.0,1.0,0.08,0.06,0.0,255,3,0.01,0.07,0.0,1.0,1.0,0.0,1,56691.0
24,9,305,1948,0,1,5,0.0,0.0,1.0,0.0,0.0,9,255,1.0,0.0,0.06,0.0,0.0,0.0,0,17708.0
52,9,16438,324,0,1,1,0.0,0.0,1.0,0.0,1.0,14,186,0.64,0.14,0.02,0.0,0.03,0.01,0,69364.0
47,5,0,0,0,0,119,1.0,1.0,0.09,0.07,0.0,255,9,0.04,0.07,0.0,1.0,1.0,0.0,1,75251.0
52,9,1841,329,0,1,1,0.0,0.0,1.0,0.0,0.0,8,128,1.0,0.0,0.02,0.0,0.0,0.0,0,123143.0
24,9,306,5833,0,1,3,0.0,0.0,1.0,0.0,0.0,3,241,1.0,0.0,0.03,0.0,0.0,0.0,0,118094.0
47,4,0,0,0,0,1,0.0,0.0,1.0,0.0,0.0,255,1,0.0,0.86,0.0,0.0,0.0,1.0,1,113017.0
26,5,0,0,0,0,271,1.0,1.0,0.06,0.06,0.0,255,15,0.06,0.07,0.0,1.0,1.0,0.0,1,111417.0
47,5,0,0,0,0,244,1.0,1.0,0.04,0.07,0.0,255,9,0.04,0.06,0.0,1.0,1.0,0.0,1,81548.0
47,9,105,145,0,0,1,0.0,0.0,1.0,0.0,0.0,3,3,1.0,0.0,0.0,0.0,0.0,0.0,0,33259.0
47,5,0,0,0,0,130,1.0,1.0,0.01,0.08,0.0,255,1,0.0,0.08,0.0,1.0,1.0,0.0,1,9585.0
24,9,340,314,0,1,17,0.0,0.0,1.0,0.0,0.0,144,255,1.0,0.0,0.04,0.0,0.01,0.0,0,24251.0
17,5,0,0,0,0,128,1.0,1.0,0.05,0.06,0.0,255,1,0.0,0.07,0.0,1.0,1.0,0.0,1,24877.0
24,9,292,2367,0,1,3,0.0,0.0,1.0,0.0,0.0,143,255,1.0,0.0,0.01,0.0,0.0,0.0,0,90410.0
19,9,1206,2447,0,1,1,0.0,0.0,1.0,0.0,0.0,255,73,0.29,0.02,0.0,0.0,0.0,0.0,1,30854.0
12,9,44,71,0,0,26,0.0,0.0,1.0,0.0,0.0,182,142,0.78,0.01,0.0,0.0,0.0,0.0,0,90715.0
42,9,146,105,0,0,1,0.0,0.0,1.0,0.0,0.0,255,3,0.01,0.66,0.0,0.0,0.0,0.0,0,37776.0
24,9,206,642,0,1,29,0.0,0.0,1.0,0.0,0.06,255,255,1.0,0.0,0.0,0.0,0.0,0.0,0,79411.0
47,5,0,0,0,0,128,1.0,1.0,0.13,0.06,0.0,255,37,0.15,0.05,0.0,1.0,1.0,0.0,1,105521.0
12,9,33,0,0,0,1,0.0,0.0,1.0,0.0,0.0,255,45,0.18,0.03,0.0,0.0,0.0,0.0,0,112290.0
24,9,214,1112,0,1,3,0.0,0.0,1.0,0.0,0.5,255,255,1.0,0.0,0.0,0.0,0.0,0.0,0,102398.0
47,5,0,0,0,0,83,1.0,1.0,0.04,0.07,0.0,255,17,0.07,0.07,0.0,1.0,1.0,0.0,1,12412.0
58,9,156,57238,0,1,1,0.0,0.0,1.0,0.0,0.0,255,43,0.17,0.05,0.0,0.41,0.16,0.12,0,6572.0
20,9,1874,0,0,1,6,0.0,0.0,1.0,0.0,0.0,78,72,0.44,0.06,0.03,0.0,0.01,0.0,0,31680.0
24,5,0,0,0,0,2,0.5,0.11,1.0,0.0,0.44,6,255,1.0,0.0,0.04,0.17,0.0,0.0,0,56369.0
20,9,9,0,0,1,2,0.0,0.0,1.0,0.0,0.0,185,119,0.5,0.38,0.02,0.0,0.0,0.01,0,161.0
47,1,0,0,0,0,54,0.0,0.0,0.02,1.0,0.0,172,1,0.01,0.38,0.0,0.0,0.0,1.0,1,69507.0
24,9,168,1674,0,1,2,0.5,0.09,1.0,0.0,0.18,2,9,1.0,0.0,0.33,0.5,0.11,0.0,0,3428.0
24,9,392,3900,0,1,16,0.0,0.0,1.0,0.0,0.12,255,255,1.0,0.0,0.0,0.0,0.0,0.0,0,78473.0
15,9,1032,0,0,0,435,0.0,0.0,1.0,0.0,0.0,255,255,1.0,0.0,0.0,0.0,0.0,0.0,1,1177.0
24,9,214,11329,0,1,1,0.0,0.0,1.0,0.0,0.0,1,255,1.0,0.0,0.04,0.0,0.0,0.0,0,78031.0
20,9,567,0,0,1,2,0.0,0.0,0.5,1.0,0.0,83,44,0.35,0.07,0.05,0.0,0.0,0.0,0,124114.0
15,9,520,0,0,0,445,0.0,0.0,1.0,0.0,0.0,208,208,1.0,0.0,0.0,0.0,0.0,0.0,1,42312.0
12,9,45,132,0,0,99,0.0,0.0,1.0,0.0,0.02,255,254,1.0,0.01,0.0,0.0,0.0,0.0,0,103023.0
47,5,0,0,0,0,267,1.0,1.0,0.02,0.06,0.0,255,17,0.07,0.07,0.0,1.0,1.0,0.0,1,79957.0
20,5,0,0,0,0,237,1.0,0.95,0.08,0.06,0.1,255,2,0.01,0.07,0.0,1.0,1.0,0.0,1,33427.0
12,9,43,136,0,0,75,0.0,0.0,1.0,0.0,0.01,255,254,1.0,0.01,0.0,0.0,0.0,0.0,0,79441.0
24,9,214,1721,0,1,11,0.0,0.0,1.0,0.0,0.0,255,255,1.0,0.0,0.0,0.0,0.0,0.0,0,99282.0
47,5,0,0,0,0,92,1.0,1.0,0.17,0.07,0.0,255,16,0.06,0.05,0.0,1.0,1.0,0.0,1,125636.0
24,1,0,0,0,0,1,0.0,0.0,1.0,0.0,1.0,2,145,1.0,0.0,0.2,0.0,0.0,1.0,0,105525.0
24,9,297,12884,0,1,4,0.0,0.0,1.0,0.0,0.0,128,128,1.0,0.0,0.0,0.0,0.0,0.97,0,97864.0
45,9,35,130,0,1,1,0.0,0.0,1.0,0.0,0.0,121,5,0.03,0.05,0.4,0.0,0.0,0.0,0,120077.0
24,9,196,2405,0,1,1,0.0,0.0,1.0,0.0,0.5,1,255,1.0,0.0,0.04,0.0,0.0,0.0,0,81199.0
52,9,6519,322,0,1,1,0.0,0.0,1.0,0.0,1.0,32,141,0.62,0.06,0.02,0.0,0.0,0.0,0,88023.0
47,1,0,0,0,0,106,0.0,0.0,0.06,0.08,0.0,255,6,0.02,0.06,0.0,0.0,0.0,1.0,1,95664.0
24,5,0,0,0,0,189,1.0,1.0,0.05,0.06,0.0,255,9,0.04,0.08,0.0,1.0,1.0,0.0,1,74233.0
25,5,0,0,0,0,93,1.0,1.0,0.16,0.05,0.0,255,15,0.06,0.05,0.0,1.0,1.0,0.0,1,95545.0
24,9,235,12623,0,1,5,0.0,0.0,1.0,0.0,0.0,255,255,1.0,0.0,0.0,0.0,0.0,0.01,0,56151.0
47,5,0,0,0,0,127,1.0,1.0,0.1,0.07,0.0,255,12,0.05,0.07,0.0,1.0,1.0,0.0,1,34337.0
24,9,329,2969,0,1,3,0.0,0.0,1.0,0.0,0.0,8,255,1.0,0.0,0.01,0.0,0.0,0.0,0,13547.0
15,9,1032,0,0,0,485,0.0,0.0,1.0,0.0,0.0,255,255,1.0,0.0,0.0,0.0,0.0,0.0,1,3141.0
24,9,225,903,0,1,5,0.0,0.0,1.0,0.0,0.0,5,255,1.0,0.0,0.03,0.0,0.0,0.0,0,80933.0
24,9,281,758,0,1,1,0.0,0.0,1.0,0.0,0.0,44,255,1.0,0.0,0.02,0.02,0.01,0.0,0,7078.0
20,9,1153,0,0,1,3,0.0,0.0,0.67,0.67,0.0,179,61,0.15,0.03,0.03,0.0,0.0,0.0,0,81802.0
20,9,2194619,0,0,0,2,0.0,0.0,1.0,0.0,0.0,202,6,0.03,0.04,0.0,0.0,0.0,0.0,0,78891.0
24,9,294,1227,0,1,4,0.0,0.0,1.0,0.0,0.0,42,42,1.0,0.0,0.0,0.0,0.0,0.0,0,66893.0
12,9,45,131,0,0,207,0.0,0.0,1.0,0.0,0.01,255,166,0.65,0.01,0.0,0.0,0.0,0.0,0,2129.0
42,9,146,0,0,0,2,0.0,0.0,0.5,1.0,0.0,255,1,0.0,0.54,0.0,0.0,0.0,0.0,0,58526.0
52,9,1983,326,0,1,1,0.0,0.0,1.0,0.0,0.0,219,27,0.12,0.47,0.0,0.0,0.0,0.0,0,80288.0
4,1,0,0,0,0,231,0.0,0.0,0.02,0.07,0.0,255,5,0.02,0.08,0.0,0.0,0.0,1.0,1,6626.0
62,9,78,0,0,0,20,0.0,0.0,0.4,0.1,0.0,255,16,0.06,0.01,0.0,0.0,0.0,0.0,0,345.0
20,9,740,0,0,1,2,0.0,0.0,1.0,0.0,0.0,28,54,0.07,0.11,0.06,0.0,0.0,0.0,0,77648.0
47,1,0,0,0,0,276,0.0,0.0,0.04,0.06,0.0,255,11,0.04,0.06,0.0,0.0,0.0,1.0,1,103246.0
52,9,570,280,0,1,1,0.0,0.0,1.0,0.0,0.0,126,104,0.44,0.05,0.02,0.01,0.01,0.0,0,389.0
24,9,252,451,0,1,3,0.0,0.0,1.0,0.0,0.0,255,255,1.0,0.0,0.0,0.0,0.0,0.0,0,113251.0
20,9,748,0,0,0,1,0.0,0.0,1.0,0.0,0.0,143,49,0.15,0.04,0.04,0.0,0.0,0.0,0,97587.0
24,9,312,170,0,1,3,0.0,0.0,1.0,0.0,0.5,71,255,1.0,0.0,0.03,0.0,0.0,0.0,0,80476.0
24,9,262,744605,0,1,1,0.0,0.0,1.0,0.0,0.0,53,255,1.0,0.0,0.03,0.0,0.0,0.0,0,93171.0
24,9,320,2056,0,1,7,0.0,0.0,1.0,0.0,0.22,106,255,1.0,0.0,0.01,0.0,0.01,0.0,0,53212.0
24,9,327,1817,0,1,2,0.0,0.0,1.0,0.0,0.0,255,255,1.0,0.0,0.0,0.0,0.0,0.0,0,23222.0
52,9,821,333,0,1,1,0.0,0.0,1.0,0.0,0.0,255,7,0.03,0.66,0.0,0.0,0.0,0.0,0,3257.0
24,9,342,13466,0,1,2,0.0,0.0,1.0,0.0,0.18,13,255,1.0,0.0,0.01,0.0,0.0,0.0,0,16930.0
52,9,839,326,0,1,1,0.0,0.0,1.0,0.0,1.0,63,51,0.81,0.05,0.0,0.0,0.0,0.0,0,85067.0
12,9,99,42,0,0,4,0.0,0.0,0.75,0.5,0.25,215,161,0.75,0.02,0.0,0.0,0.0,0.0,0,35754.0
24,9,255,1414,0,1,18,0.0,0.0,1.0,0.0,0.15,255,255,1.0,0.0,0.0,0.0,0.0,0.0,0,76882.0
47,1,0,0,0,0,111,0.01,0.0,0.01,1.0,0.0,255,1,0.0,0.45,0.0,0.0,0.0,1.0,1,65992.0
47,5,0,0,0,0,238,1.0,1.0,0.08,0.06,0.0,255,18,0.07,0.08,0.0,1.0,1.0,0.0,1,8493.0
47,1,0,0,0,0,87,0.0,0.0,0.2,0.06,0.0,255,17,0.07,0.06,0.0,0.0,0.0,1.0,1,58014.0
5,1,0,0,0,0,107,0.0,0.0,0.16,0.07,0.0,255,14,0.05,0.09,0.0,0.0,0.0,1.0,1,59721.0
24,9,235,1380,0,1,4,0.0,0.0,1.0,0.0,0.0,255,243,0.95,0.01,0.0,0.03,0.03,0.0,0,55728.0
24,9,237,454,0,1,10,0.0,0.0,1.0,0.0,0.24,91,255,1.0,0.0,0.01,0.0,0.0,0.0,0,34623.0
24,9,305,2507,0,1,4,0.0,0.0,1.0,0.0,0.25,84,43,0.51,0.05,0.0,0.0,0.0,0.0,0,83431.0
18,9,8,139,0,0,1,0.0,0.0,1.0,0.0,0.0,255,12,0.05,0.02,0.0,0.01,0.08,0.0,0,78641.0
14,9,8,0,0,0,1,0.0,0.0,1.0,0.0,1.0,1,23,1.0,0.0,0.57,0.0,0.0,0.0,1,116353.0
15,9,1032,0,0,0,511,0.0,0.0,1.0,0.0,0.0,255,112,0.44,0.02,0.0,0.01,0.0,0.0,1,74203.0
12,9,45,45,0,0,134,0.0,0.0,1.0,0.0,0.0,255,182,0.71,0.01,0.0,0.0,0.0,0.0,0,43240.0
47,1,0,0,0,0,409,0.06,0.0,0.0,1.0,0.0,255,1,0.0,1.0,0.0,0.09,0.0,1.0,1,16410.0
14,9,8,0,0,0,1,0.0,0.0,1.0,0.0,1.0,2,72,1.0,0.0,0.5,0.0,0.0,0.0,1,122341.0
47,9,1,0,0,0,63,0.0,0.0,0.14,0.08,0.0,255,9,0.04,0.2,0.0,0.0,0.0,0.0,1,25505.0
47,5,0,0,0,0,214,1.0,1.0,0.08,0.06,0.0,75,16,0.21,0.13,0.0,0.81,1.0,0.0,1,87371.0
24,9,327,6721,0,1,4,0.0,0.0,1.0,0.0,0.4,255,255,1.0,0.0,0.0,0.0,0.0,0.0,0,749.0
42,4,1,0,0,0,2,0.0,0.0,1.0,0.0,0.0,255,2,0.01,0.68,0.0,0.0,0.0,1.0,1,21961.0
47,1,0,0,0,0,123,0.0,0.0,0.08,0.07,0.0,255,10,0.04,0.06,0.0,0.0,0.0,1.0,1,124211.0
31,5,0,0,0,0,277,1.0,1.0,0.06,0.05,0.0,255,3,0.01,0.08,0.0,1.0,1.0,0.0,1,4066.0
32,5,0,0,0,0,141,1.0,1.0,0.06,0.06,0.0,255,9,0.04,0.05,0.0,1.0,1.0,0.0,1,34666.0
47,9,28,0,3,0,45,0.0,0.0,1.0,0.0,0.0,255,45,0.18,0.01,0.0,0.0,0.0,0.0,1,44747.0
11,5,0,0,0,0,95,1.0,1.0,0.05,0.06,0.0,255,4,0.02,0.08,0.0,1.0,1.0,0.0,1,84825.0
24,9,205,1408,0,1,7,0.0,0.0,1.0,0.0,0.2,7,255,1.0,0.0,0.02,0.0,0.0,0.0,0,19808.0
24,9,277,537,0,1,3,0.0,0.0,1.0,0.0,0.5,108,255,1.0,0.0,0.03,0.0,0.0,0.0,0,20348.0
39,5,0,0,0,0,133,1.0,1.0,0.11,0.06,0.0,255,15,0.06,0.07,0.0,1.0,1.0,0.0,1,113882.0
24,9,228,2239,0,1,1,0.0,0.0,1.0,0.0,0.0,255,237,0.93,0.02,0.0,0.01,0.01,0.0,0,117314.0
20,9,6601,0,0,0,15,0.0,0.0,1.0,0.0,0.0,186,67,0.36,0.03,0.0,0.0,0.0,0.0,0,88308.0
24,9,211,528,0,1,64,0.0,0.0,1.0,0.0,0.0,64,255,1.0,0.0,0.01,0.0,0.0,0.0,0,99567.0
24,9,289,1617,0,1,23,0.0,0.0,1.0,0.0,0.0,255,255,1.0,0.0,0.0,0.0,0.0,0.0,0,49450.0
24,9,216,812,0,1,14,0.07,0.07,1.0,0.0,0.0,226,255,1.0,0.0,0.01,0.0,0.0,0.0,0,36753.0
14,9,30,0,0,0,5,0.0,0.0,0.2,0.6,0.0,255,40,0.16,0.01,0.0,0.0,0.0,0.0,0,12516.0
24,9,300,316,0,1,5,0.0,0.0,1.0,0.0,0.25,249,255,1.0,0.0,0.01,0.0,0.0,0.0,0,69585.0
52,9,1600,330,0,1,1,0.0,0.0,1.0,0.0,1.0,192,190,0.75,0.02,0.01,0.0,0.0,0.0,0,117470.0
47,5,0,0,0,0,130,1.0,1.0,0.14,0.07,0.0,255,20,0.08,0.06,0.0,1.0,1.0,0.0,1,12690.0
19,5,0,0,0,0,223,1.0,1.0,0.0,0.07,0.0,255,2,0.01,0.08,0.0,1.0,1.0,0.0,1,83427.0
24,9,335,2989,0,1,9,0.0,0.0,1.0,0.0,0.18,9,255,1.0,0.0,0.04,0.0,0.0,0.0,0,64264.0
24,9,229,1380,0,1,4,0.0,0.0,1.0,0.0,0.0,255,218,0.85,0.04,0.0,0.02,0.01,0.0,0,97715.0
24,9,338,275,0,1,3,0.0,0.0,1.0,0.0,0.0,255,255,1.0,0.0,0.0,0.0,0.0,0.0,0,38186.0
12,9,45,128,0,0,112,0.0,0.0,1.0,0.0,0.01,255,255,1.0,0.0,0.0,0.0,0.0,0.0,0,100192.0
23,4,0,0,0,0,1,0.0,0.0,1.0,0.0,0.0,199,1,0.01,0.51,0.0,0.0,0.0,1.0,1,25205.0
47,5,0,0,0,0,82,1.0,1.0,0.02,0.06,0.0,255,18,0.07,0.06,0.0,1.0,1.0,0.0,1,86205.0
24,9,54540,8314,0,1,1,0.0,0.0,1.0,0.0,0.0,251,251,1.0,0.0,0.0,0.0,0.0,0.02,1,366.0
15,9,1032,0,0,0,511,0.0,0.0,1.0,0.0,0.0,255,135,0.53,0.01,0.0,0.0,0.0,0.0,1,24427.0
47,5,0,0,0,0,85,1.0,1.0,0.08,0.07,0.0,255,7,0.03,0.05,0.0,1.0,1.0,0.0,1,110169.0
47,5,0,0,0,0,280,1.0,1.0,0.05,0.06,0.0,255,15,0.06,0.06,0.0,1.0,1.0,0.0,1,105871.0
52,9,1364,582,0,1,1,0.0,0.0,1.0,0.0,1.0,255,2,0.01,0.01,0.0,0.0,0.0,0.0,0,60712.0
55,5,0,0,0,0,248,1.0,1.0,0.09,0.06,0.0,255,22,0.09,0.07,0.0,1.0,1.0,0.0,1,24329.0
24,9,306,440,0,1,28,0.0,0.0,1.0,0.0,0.0,96,255,1.0,0.0,0.02,0.0,0.0,0.0,0,100786.0
47,1,0,0,0,0,27,0.0,0.0,0.41,0.11,0.0,255,31,0.12,0.05,0.0,0.0,0.0,1.0,1,5180.0
47,5,0,0,0,0,226,1.0,1.0,0.07,0.07,0.0,255,7,0.03,0.07,0.0,1.0,1.0,0.0,1,102592.0
24,9,259,868,0,1,13,0.0,0.0,1.0,0.0,0.19,255,255,1.0,0.0,0.0,0.0,0.0,0.0,0,120531.0
8,1,0,0,0,0,270,0.0,0.0,0.04,0.06,0.0,255,11,0.04,0.07,0.0,0.0,0.0,1.0,1,118218.0
2,5,0,0,0,0,270,1.0,1.0,0.04,0.05,0.0,255,10,0.04,0.05,0.0,1.0,1.0,0.0,1,123076.0
14,9,8,0,0,0,1,0.0,0.0,1.0,0.0,1.0,1,80,1.0,0.0,0.26,0.0,0.0,0.0,1,39704.0
24,5,0,0,0,0,133,1.0,1.0,0.19,0.05,0.0,255,21,0.08,0.06,0.0,1.0,1.0,0.0,1,75267.0
52,9,1013,363,0,1,1,0.0,0.0,1.0,0.0,1.0,101,178,0.69,0.04,0.01,0.0,0.0,0.0,0,123862.0
12,9,45,132,0,0,99,0.0,0.0,1.0,0.0,0.01,255,255,1.0,0.0,0.0,0.0,0.0,0.0,0,14721.0
12,9,45,128,0,0,139,0.0,0.0,1.0,0.0,0.01,255,255,1.0,0.0,0.0,0.0,0.0,0.0,0,97672.0
9,2,0,0,0,0,281,0.0,0.0,0.04,0.06,0.0,255,11,0.04,0.07,0.0,0.0,0.0,1.0,1,116675.0
24,9,330,1400,0,1,44,0.0,0.0,1.0,0.0,0.04,255,255,1.0,0.0,0.0,0.0,0.0,0.0,0,118631.0
24,9,186,409,0,1,2,0.0,0.0,1.0,0.0,0.0,33,255,1.0,0.0,0.04,0.0,0.0,0.0,0,99948.0
12,9,43,70,0,0,76,0.0,0.0,1.0,0.0,0.0,151,111,0.74,0.01,0.0,0.0,0.0,0.0,0,35269.0
20,5,0,0,0,0,62,1.0,1.0,0.24,0.06,0.0,255,67,0.26,0.02,0.0,1.0,1.0,0.0,1,119772.0
24,9,301,2507,0,1,2,0.0,0.0,1.0,0.0,0.0,255,249,0.98,0.01,0.0,0.0,0.0,0.0,0,111966.0
24,9,174,337,0,1,1,0.0,0.0,1.0,0.0,0.67,40,255,1.0,0.0,0.04,0.0,0.0,0.0,0,79084.0
24,9,307,5381,0,1,1,0.0,0.0,1.0,0.0,0.67,221,255,1.0,0.0,0.02,0.0,0.0,0.0,0,84108.0
58,9,105,1354,0,1,1,0.0,0.0,1.0,0.0,0.0,116,4,0.03,0.04,0.0,0.0,0.0,0.0,0,48039.0
47,5,0,0,0,0,49,1.0,1.0,0.18,0.08,0.0,255,9,0.04,0.08,0.0,1.0,1.0,0.0,1,105987.0
20,9,59,0,0,1,16,0.0,0.0,1.0,0.0,0.0,243,107,0.44,0.04,0.0,0.0,0.0,0.0,0,19851.0
39,5,0,0,0,0,120,1.0,1.0,0.08,0.06,0.0,255,10,0.04,0.05,0.0,1.0,1.0,0.0,1,98956.0
20,9,3468,0,0,1,23,0.0,0.0,1.0,0.0,0.0,255,78,0.31,0.02,0.0,0.63,0.51,0.0,0,63854.0
47,5,0,0,0,0,221,1.0,1.0,0.05,0.06,0.0,255,11,0.04,0.06,0.0,1.0,1.0,0.0,1,44693.0
14,9,8,0,0,0,1,0.0,0.0,1.0,0.0,1.0,2,66,1.0,0.0,0.26,0.0,0.0,0.0,1,118301.0
24,9,212,4282,0,1,8,0.0,0.0,1.0,0.0,0.11,13,255,1.0,0.0,0.05,0.0,0.0,0.0,0,56628.0
47,5,0,0,0,0,277,1.0,1.0,0.02,0.06,0.0,255,7,0.03,0.08,0.0,1.0,1.0,0.0,1,48387.0
14,9,8,0,0,0,1,0.0,0.0,1.0,0.0,1.0,2,90,1.0,0.0,0.26,0.0,0.0,0.0,1,31313.0
14,9,18,0,0,0,1,0.0,0.0,1.0,0.0,0.0,1,136,1.0,0.0,1.0,0.0,0.0,0.0,1,83325.0
17,5,0,0,0,0,93,1.0,1.0,0.01,0.08,0.0,255,14,0.05,0.07,0.0,1.0,1.0,0.0,1,64155.0
47,1,0,0,0,0,320,0.0,0.0,0.0,0.52,0.0,255,1,0.0,0.52,0.0,0.0,0.0,1.0,1,68557.0
20,5,0,0,0,0,35,1.0,1.0,0.23,0.11,0.0,255,64,0.25,0.02,0.0,1.0,1.0,0.0,1,3077.0
58,2,126,179,0,0,1,0.0,0.0,1.0,0.0,0.0,46,46,1.0,0.0,0.0,0.04,0.04,0.96,1,59560.0
42,9,146,105,0,0,1,0.0,0.0,1.0,0.0,0.0,255,4,0.02,0.66,0.0,0.0,0.0,0.0,0,45874.0
47,5,0,0,0,0,123,1.0,1.0,0.15,0.05,0.0,255,19,0.07,0.06,0.0,1.0,1.0,0.0,1,85276.0
47,5,0,0,0,0,119,1.0,1.0,0.21,0.05,0.0,255,25,0.1,0.06,0.0,1.0,1.0,0.0,1,71621.0
47,5,0,0,0,0,245,1.0,1.0,0.06,0.06,0.0,255,4,0.02,0.07,0.0,1.0,1.0,0.0,1,66549.0
47,5,0,0,0,0,94,1.0,1.0,0.01,0.07,0.0,255,12,0.05,0.07,0.0,1.0,1.0,0.0,1,29106.0
24,9,54540,8314,0,1,2,0.0,0.0,1.0,0.0,0.0,106,106,1.0,0.0,0.0,0.0,0.0,0.01,1,5559.0
24,9,286,20424,0,1,1,0.0,0.0,1.0,0.0,0.67,255,255,1.0,0.0,0.0,0.0,0.0,0.0,0,23050.0
14,9,8,0,0,0,1,0.0,0.0,1.0,0.0,1.0,2,88,1.0,0.0,0.5,0.0,0.0,0.0,1,51295.0
38,5,0,0,0,0,188,1.0,1.0,0.02,0.06,0.0,255,3,0.01,0.07,0.0,1.0,1.0,0.0,1,123811.0
24,9,209,24924,0,1,7,0.0,0.0,1.0,0.0,0.22,255,255,1.0,0.0,0.0,0.0,0.0,0.0,0,71971.0
47,5,0,0,0,0,114,1.0,1.0,0.12,0.06,0.0,255,4,0.02,0.08,0.0,1.0,1.0,0.0,1,6360.0
26,5,0,0,0,0,267,1.0,1.0,0.05,0.06,0.0,255,13,0.05,0.07,0.0,1.0,1.0,0.0,1,95847.0
24,9,254,1512,0,1,8,0.0,0.0,1.0,0.0,0.08,255,255,1.0,0.0,0.0,0.0,0.0,0.0,0,63696.0
11,1,0,0,0,0,254,0.0,0.0,0.06,0.06,0.0,255,14,0.05,0.08,0.0,0.0,0.0,1.0,1,40692.0
20,9,501760,0,0,1,2,0.0,0.0,1.0,0.0,0.67,58,94,0.48,0.05,0.02,0.0,0.0,0.0,0,80667.0
21,5,0,0,0,0,245,1.0,1.0,0.04,0.06,0.0,255,11,0.04,0.06,0.0,1.0,1.0,0.0,1,15864.0
58,5,0,0,0,0,275,1.0,1.0,0.09,0.05,0.0,255,25,0.1,0.05,0.0,1.0,1.0,0.0,1,121287.0
26,5,0,0,0,0,247,1.0,1.0,0.0,0.07,0.0,255,1,0.0,0.08,0.0,1.0,1.0,0.0,1,82840.0
24,9,335,5480,0,1,4,0.0,0.08,1.0,0.0,0.25,85,255,1.0,0.0,0.02,0.0,0.0,0.01,0,11430.0
52,9,992,329,0,1,1,0.0,0.0,1.0,0.0,0.0,146,170,0.68,0.03,0.01,0.0,0.0,0.0,0,1061.0
20,9,7280,0,0,1,12,0.0,0.0,1.0,0.0,0.0,93,31,0.19,0.06,0.06,0.0,0.0,0.0,0,45604.0
66,5,0,0,0,0,262,1.0,1.0,0.02,0.06,0.0,255,6,0.02,0.06,0.0,1.0,1.0,0.0,1,35927.0
24,9,264,4898,0,1,5,0.0,0.0,1.0,0.0,0.0,74,255,1.0,0.0,0.01,0.0,0.0,0.0,0,11515.0
24,9,171,4306,0,1,3,0.33,0.33,1.0,0.0,0.0,224,224,1.0,0.0,0.0,0.01,0.01,0.0,0,68938.0
14,9,8,0,0,0,1,0.0,0.0,1.0,0.0,1.0,3,42,1.0,0.0,0.26,0.0,0.0,0.0,1,24500.0
24,9,210,762,0,1,4,0.0,0.06,1.0,0.0,0.12,4,255,1.0,0.0,0.02,0.0,0.0,0.0,0,105639.0
17,5,0,0,0,0,23,1.0,1.0,0.04,0.13,0.0,255,1,0.0,0.07,0.0,1.0,1.0,0.0,1,110860.0
24,9,203,1040,0,1,5,0.0,0.0,1.0,0.0,0.25,5,255,1.0,0.0,0.04,0.0,0.0,0.0,0,5508.0
14,9,8,0,0,0,1,0.0,0.0,1.0,0.0,1.0,1,86,1.0,0.0,0.51,0.0,0.0,0.0,1,47809.0
20,5,0,0,0,0,234,1.0,1.0,0.03,0.06,0.0,255,7,0.03,0.06,0.0,1.0,1.0,0.0,1,78251.0
47,1,0,0,0,0,163,0.0,0.0,0.1,0.06,0.0,255,17,0.07,0.06,0.0,0.0,0.0,1.0,1,40594.0
12,9,44,110,0,0,1,0.0,0.0,1.0,0.0,0.0,11,225,0.91,0.18,0.01,0.0,0.0,0.0,0,7006.0
52,9,925,337,0,1,1,0.0,0.0,1.0,0.0,0.0,119,183,0.9,0.03,0.01,0.0,0.0,0.0,0,37972.0
8,1,0,0,0,0,1,0.0,0.0,1.0,0.0,0.0,65,2,0.02,1.0,1.0,0.0,0.0,1.0,1,75296.0
47,9,105,146,0,0,2,0.0,0.0,1.0,0.0,0.0,4,4,1.0,0.0,0.0,0.0,0.0,0.0,0,40852.0
12,9,33,88,0,0,1,0.0,0.0,1.0,0.0,1.0,13,8,0.62,0.23,0.0,0.0,0.0,0.0,0,35839.0
24,9,54540,8314,0,1,2,0.0,0.0,1.0,0.0,0.0,140,140,1.0,0.0,0.0,0.0,0.0,0.01,1,105008.0
52,9,713,328,0,1,1,0.0,0.0,1.0,0.0,0.0,64,173,0.97,0.03,0.01,0.0,0.0,0.0,0,118606.0
35,5,0,0,0,0,172,1.0,1.0,0.08,0.08,0.0,255,13,0.05,0.07,0.0,1.0,1.0,0.0,1,51420.0
42,9,1,0,0,0,31,0.0,0.0,0.29,0.1,0.0,255,9,0.04,0.06,0.0,0.0,0.0,0.0,1,80842.0
34,1,0,0,0,0,1,0.0,0.0,1.0,0.0,0.0,23,1,0.04,1.0,0.0,0.0,0.0,1.0,1,59507.0
24,9,240,1919,0,1,6,0.0,0.0,1.0,0.0,0.0,255,255,1.0,0.0,0.0,0.01,0.01,0.0,0,115159.0
24,1,0,0,0,0,2,0.0,0.0,1.0,0.0,0.0,9,255,1.0,0.0,0.04,0.0,0.0,0.02,0,104641.0
24,9,308,2698,0,1,1,0.0,0.0,1.0,0.0,1.0,255,245,0.96,0.01,0.0,0.0,0.0,0.03,0,11083.0
14,9,8,0,0,0,1,0.0,0.0,1.0,0.0,0.0,1,53,1.0,0.0,0.51,0.0,0.0,0.0,1,38547.0
24,9,213,1026,0,1,1,0.0,0.0,1.0,0.0,0.0,62,255,1.0,0.0,0.02,0.0,0.0,0.0,0,5152.0
24,9,230,362,0,1,10,0.0,0.0,1.0,0.0,0.17,121,255,1.0,0.0,0.04,0.0,0.0,0.0,0,433.0
42,5,0,0,0,0,256,1.0,1.0,0.06,0.06,0.0,255,16,0.06,0.06,0.0,1.0,1.0,0.0,1,96751.0
20,5,0,0,0,0,45,0.98,1.0,0.31,0.09,0.0,255,5,0.02,0.07,0.0,1.0,1.0,0.0,1,26556.0
24,9,301,2698,0,1,4,0.0,0.0,1.0,0.0,0.0,255,244,0.96,0.01,0.0,0.0,0.0,0.0,0,41502.0
24,9,199,749,0,1,6,0.0,0.0,1.0,0.0,0.0,229,255,1.0,0.0,0.01,0.0,0.0,0.0,0,64860.0
62,9,181,0,0,0,2,0.0,0.0,0.5,1.0,0.0,255,7,0.03,0.01,0.0,0.0,0.0,0.0,0,20121.0
47,4,0,0,0,0,1,0.0,0.0,1.0,0.0,0.0,255,1,0.0,0.47,0.0,0.0,0.0,1.0,1,62250.0
12,9,44,70,0,0,169,0.0,0.0,1.0,0.0,0.0,255,194,0.76,0.01,0.0,0.0,0.0,0.0,0,14767.0
47,9,1,0,0,0,7,0.0,0.0,1.0,0.0,0.0,255,7,0.03,0.35,0.0,0.02,0.0,0.0,1,115057.0
4,1,0,0,0,0,217,0.0,0.0,0.03,0.07,0.0,255,7,0.03,0.08,0.0,0.0,0.0,1.0,1,48146.0
24,6,312,16060,0,1,1,1.0,0.67,1.0,0.0,0.67,230,255,1.0,0.0,0.01,0.0,0.0,0.0,0,18600.0
24,9,322,903,0,1,2,0.0,0.0,1.0,0.0,0.0,62,255,1.0,0.0,0.02,0.0,0.0,0.0,0,72949.0
57,1,0,0,0,0,260,0.0,0.0,0.06,0.06,0.0,255,15,0.06,0.06,0.0,0.0,0.0,1.0,1,15279.0
24,9,254,4173,0,1,4,0.0,0.0,1.0,0.0,0.0,255,255,1.0,0.0,0.0,0.0,0.0,0.0,0,125745.0
57,5,0,0,0,0,129,1.0,1.0,0.05,0.07,0.0,255,6,0.02,0.07,0.0,1.0,1.0,0.0,1,33074.0
14,9,8,0,0,0,1,0.0,0.0,1.0,0.0,1.0,1,1,1.0,0.0,0.0,0.0,0.0,0.0,1,35600.0
28,5,0,0,0,0,104,1.0,1.0,0.17,0.06,0.0,255,15,0.06,0.07,0.0,1.0,1.0,0.0,1,37156.0
24,9,338,4218,0,1,5,0.0,0.0,1.0,0.0,0.0,19,255,1.0,0.0,0.04,0.0,0.0,0.0,0,11216.0
14,9,30,0,0,0,1,0.0,0.0,1.0,0.0,0.0,29,131,1.0,0.0,0.4,0.0,0.0,0.0,0,95139.0
47,5,0,0,0,0,259,1.0,1.0,0.01,0.06,0.0,255,3,0.01,0.06,0.0,1.0,1.0,0.0,1,23685.0
47,5,0,0,0,0,18,1.0,1.0,1.0,0.0,0.0,255,18,0.07,0.06,0.0,1.0,1.0,0.0,1,34661.0
52,9,851,479,0,1,1,0.0,0.0,1.0,0.0,0.0,255,37,0.15,0.02,0.0,0.0,0.0,0.0,0,15049.0
14,9,18,0,0,0,1,0.0,0.0,1.0,0.0,0.0,1,62,1.0,0.0,1.0,0.0,0.0,0.0,1,102461.0
24,5,0,0,0,0,272,1.0,1.0,0.07,0.06,0.0,255,20,0.08,0.07,0.0,1.0,1.0,0.0,1,36882.0
20,9,383,0,0,1,2,0.0,0.0,1.0,0.0,0.0,169,73,0.43,0.02,0.0,0.0,0.0,0.0,0,18508.0
24,9,235,757,0,1,9,0.0,0.0,1.0,0.0,0.0,9,255,1.0,0.0,0.05,0.0,0.01,0.01,0,65284.0
24,9,337,3830,0,1,4,0.0,0.0,1.0,0.0,0.0,40,255,1.0,0.0,0.01,0.0,0.0,0.0,0,33822.0
12,9,43,131,0,0,263,0.0,0.0,1.0,0.01,0.0,226,193,0.85,0.01,0.0,0.0,0.0,0.0,0,41590.0
24,9,225,1535,0,1,2,0.5,0.5,1.0,0.0,0.0,39,255,1.0,0.0,0.02,0.03,0.0,0.0,0,70807.0
52,9,785,330,0,1,1,0.0,0.0,1.0,0.0,1.0,110,170,0.58,0.05,0.01,0.0,0.0,0.0,0,71524.0
33,5,0,0,0,0,190,1.0,1.0,0.01,0.06,0.0,255,2,0.01,0.07,0.0,1.0,1.0,0.0,1,110523.0
38,5,0,0,0,0,286,1.0,1.0,0.05,0.06,0.0,255,5,0.02,0.07,0.0,1.0,1.0,0.0,1,23242.0
47,5,0,0,0,0,137,1.0,1.0,0.14,0.07,0.0,255,14,0.05,0.07,0.0,1.0,1.0,0.0,1,95347.0
24,9,224,1645,0,1,9,0.0,0.0,1.0,0.0,0.0,255,255,1.0,0.0,0.0,0.0,0.0,0.0,0,31368.0
24,9,292,1691,0,1,4,0.0,0.0,1.0,0.0,0.21,123,255,1.0,0.0,0.02,0.0,0.0,0.0,0,43951.0
42,4,0,0,0,0,2,0.0,0.0,1.0,0.0,0.0,255,2,0.01,0.74,0.0,0.0,0.0,1.0,1,108903.0
55,2,0,0,0,0,296,0.0,0.0,0.06,0.06,0.0,255,19,0.07,0.08,0.0,0.0,0.0,1.0,1,42853.0
13,5,0,0,0,0,1,1.0,1.0,1.0,0.0,0.0,255,1,0.0,0.07,0.0,1.0,1.0,0.0,1,44195.0
42,9,145,0,0,0,1,0.0,0.0,1.0,0.0,0.0,255,2,0.01,0.64,0.0,0.0,0.0,0.0,0,2144.0
6,5,0,0,0,0,5,1.0,1.0,0.6,0.4,0.0,255,12,0.05,0.08,0.0,1.0,1.0,0.0,1,26101.0
47,5,0,0,0,0,186,1.0,1.0,0.09,0.06,0.0,255,17,0.07,0.06,0.0,1.0,1.0,0.0,1,125669.0
12,9,42,42,0,0,2,0.0,0.0,1.0,0.0,0.0,255,242,0.95,0.01,0.0,0.0,0.0,0.0,0,25075.0
24,9,208,1006,0,1,6,0.0,0.0,1.0,0.0,0.2,255,255,1.0,0.0,0.0,0.0,0.0,0.0,0,31455.0
12,9,32,48,0,0,1,0.0,0.0,1.0,0.0,1.0,85,84,0.99,0.02,0.0,0.0,0.0,0.0,0,89441.0
12,9,73,44,0,0,124,0.0,0.0,1.0,0.0,0.0,255,166,0.65,0.01,0.0,0.0,0.0,0.0,0,3967.0
52,9,654,330,0,1,1,0.0,0.0,1.0,0.0,1.0,141,156,0.65,0.04,0.01,0.0,0.0,0.0,0,33809.0
23,1,0,0,0,0,284,0.0,0.0,0.04,0.06,0.0,255,12,0.05,0.07,0.0,0.0,0.0,1.0,1,108665.0
47,5,0,0,0,0,104,1.0,1.0,0.12,0.07,0.0,255,19,0.07,0.06,0.0,1.0,1.0,0.0,1,78896.0
34,1,0,0,0,0,248,0.0,0.0,0.07,0.06,0.0,255,17,0.07,0.07,0.0,0.0,0.0,1.0,1,10417.0
42,9,146,0,0,0,1,0.0,0.0,1.0,0.0,0.0,66,1,0.02,0.47,0.0,0.0,0.0,0.0,0,118373.0
47,5,0,0,0,0,104,1.0,1.0,0.08,0.07,0.0,255,20,0.08,0.07,0.0,1.0,1.0,0.0,1,36051.0
24,9,337,656,0,1,4,0.0,0.0,1.0,0.0,0.4,255,255,1.0,0.0,0.0,0.0,0.0,0.0,0,55452.0
52,9,3471,332,0,1,1,0.0,0.0,1.0,0.0,1.0,116,174,0.96,0.02,0.01,0.0,0.0,0.0,0,91195.0
47,5,0,0,0,0,230,1.0,1.0,0.1,0.05,0.0,255,24,0.09,0.06,0.0,1.0,1.0,0.0,1,98788.0
47,4,0,0,0,0,1,0.0,0.0,1.0,0.0,0.0,255,1,0.0,0.66,0.0,0.0,0.0,1.0,1,30231.0
56,5,0,0,0,0,210,1.0,1.0,0.08,0.05,0.0,255,16,0.06,0.05,0.0,1.0,1.0,0.0,1,69567.0
24,9,287,420,0,1,5,0.0,0.0,1.0,0.0,0.0,255,255,1.0,0.0,0.0,0.0,0.0,0.0,0,14514.0
57,5,0,0,0,0,225,1.0,1.0,0.06,0.06,0.0,255,13,0.05,0.07,0.0,1.0,1.0,0.0,1,25249.0
24,9,287,6163,0,1,5,0.0,0.0,1.0,0.0,0.0,50,255,1.0,0.0,0.01,0.0,0.0,0.0,0,125248.0
47,9,105,147,0,0,1,0.0,0.0,1.0,0.0,0.0,169,167,0.99,0.01,0.0,0.0,0.0,0.0,0,24787.0
52,9,1132,327,0,1,2,0.0,0.0,0.5,1.0,0.0,187,118,0.63,0.04,0.0,0.0,0.0,0.0,0,30911.0
24,9,277,260,0,1,15,0.0,0.0,1.0,0.0,0.1,15,255,1.0,0.0,0.07,0.0,0.0,0.0,0,78782.0
24,5,0,0,0,0,216,1.0,1.0,0.07,0.06,0.0,255,15,0.06,0.07,0.0,1.0,1.0,0.0,1,116192.0
47,5,0,0,0,0,139,1.0,1.0,0.09,0.06,0.0,255,17,0.07,0.05,0.0,1.0,1.0,0.0,1,96081.0
65,1,0,0,0,0,188,0.0,0.0,0.04,0.07,0.0,255,8,0.03,0.09,0.0,0.0,0.0,1.0,1,55653.0
18,5,0,0,0,0,22,1.0,1.0,0.09,0.09,0.0,64,7,0.03,0.06,0.29,0.97,0.29,0.0,1,12052.0
45,9,177,13412,0,1,1,0.0,0.0,1.0,0.0,0.0,248,5,0.02,0.03,0.0,0.0,0.0,0.0,0,120179.0
47,5,0,0,0,0,149,1.0,1.0,0.08,0.05,0.0,255,9,0.04,0.07,0.0,1.0,1.0,0.0,1,70582.0
42,1,0,0,0,0,509,0.22,0.0,0.0,1.0,0.0,255,1,0.0,1.0,0.0,0.15,0.0,1.0,1,73303.0
12,9,44,135,0,0,315,0.0,0.0,1.0,0.01,0.0,204,171,0.84,0.01,0.0,0.0,0.0,0.0,0,68779.0
20,9,334,0,0,1,1,0.0,0.0,1.0,0.0,0.0,1,21,1.0,0.0,0.14,0.0,0.0,0.0,1,64640.0
31,5,0,0,0,0,297,1.0,1.0,0.03,0.05,0.0,255,9,0.04,0.05,0.0,1.0,1.0,0.0,1,90583.0
47,5,0,0,0,0,149,1.0,1.0,0.13,0.05,0.0,255,13,0.05,0.08,0.0,1.0,1.0,0.0,1,102388.0
24,9,258,898,0,1,9,0.0,0.0,1.0,0.0,0.0,75,255,1.0,0.0,0.04,0.0,0.0,0.0,0,94407.0
18,5,0,0,0,0,27,1.0,1.0,0.26,0.15,0.0,255,60,0.24,0.04,0.0,1.0,1.0,0.0,1,102153.0
47,1,0,0,0,0,226,0.0,0.0,0.07,0.07,0.0,255,15,0.06,0.07,0.0,0.0,0.0,1.0,1,13644.0
17,5,0,0,0,0,13,1.0,1.0,0.15,0.23,0.0,255,16,0.06,0.07,0.0,1.0,1.0,0.0,1,96495.0
24,9,253,346,0,1,3,0.0,0.0,1.0,0.0,0.21,29,255,1.0,0.0,0.02,0.0,0.0,0.0,0,18859.0
20,5,0,0,0,0,72,1.0,1.0,0.24,0.06,0.0,255,64,0.25,0.02,0.0,1.0,1.0,0.0,1,18372.0
56,5,0,0,0,0,112,1.0,1.0,0.05,0.07,0.0,255,6,0.02,0.07,0.0,1.0,1.0,0.0,1,13415.0
20,9,334,0,0,1,1,0.0,0.0,1.0,0.0,0.0,1,35,1.0,0.0,0.14,0.0,0.0,0.0,1,67936.0
24,9,309,1008,0,1,4,0.0,0.0,1.0,0.0,0.0,42,255,1.0,0.0,0.01,0.0,0.0,0.0,0,63990.0
18,5,0,0,0,0,261,1.0,1.0,0.07,0.05,0.0,255,19,0.07,0.05,0.0,1.0,1.0,0.0,1,6453.0
24,9,310,924,0,1,2,0.0,0.0,1.0,0.0,0.18,255,255,1.0,0.0,0.0,0.0,0.0,0.0,0,14481.0
24,5,0,0,0,0,1,1.0,1.0,1.0,0.0,0.0,5,124,1.0,0.0,0.16,1.0,0.04,0.96,0,48403.0
12,9,46,135,0,0,1,0.0,0.0,1.0,0.0,0.67,255,203,0.8,0.02,0.0,0.0,0.0,0.0,0,59243.0
24,9,300,4307,0,1,5,0.0,0.0,1.0,0.0,0.0,74,255,1.0,0.0,0.05,0.0,0.0,0.0,0,55729.0
24,9,330,3841,0,1,27,0.0,0.0,1.0,0.0,0.13,121,255,1.0,0.0,0.01,0.0,0.0,0.0,0,82896.0
47,5,0,0,0,0,275,1.0,1.0,0.05,0.05,0.0,233,14,0.06,0.06,0.0,0.99,1.0,0.0,1,111240.0
24,1,0,0,0,0,1,0.0,0.0,1.0,0.0,0.0,22,255,1.0,0.0,0.18,0.0,0.0,0.97,0,49915.0
6,5,0,0,0,0,117,1.0,1.0,0.14,0.06,0.0,255,16,0.06,0.05,0.0,1.0,1.0,0.0,1,113187.0
19,9,944,2720,0,1,1,0.0,0.0,1.0,0.0,0.0,58,21,0.36,0.09,0.0,0.0,0.0,0.0,0,7296.0
24,9,362,327,0,1,2,0.0,0.0,1.0,0.0,0.13,99,255,1.0,0.0,0.01,0.0,0.0,0.0,0,115890.0
47,5,0,0,0,0,150,1.0,1.0,0.13,0.06,0.0,255,8,0.03,0.06,0.0,1.0,1.0,0.0,1,88505.0
47,1,0,0,0,0,276,0.0,0.0,0.06,0.06,0.0,255,17,0.07,0.08,0.0,0.0,0.0,1.0,1,89019.0
47,1,0,0,0,0,200,0.0,0.0,0.01,0.06,0.0,255,2,0.01,0.06,0.0,0.0,0.0,1.0,1,84057.0
14,9,8,0,0,0,1,0.0,0.0,1.0,0.0,1.0,2,62,1.0,0.0,0.5,0.0,0.0,0.0,1,115916.0
42,9,516,4,0,0,367,0.0,0.0,1.0,0.0,0.0,255,255,1.0,0.0,0.0,0.0,0.0,0.0,0,39213.0
58,5,0,0,0,0,43,1.0,1.0,0.23,0.09,0.0,255,62,0.24,0.02,0.0,1.0,1.0,0.0,1,53871.0
12,9,43,121,0,0,99,0.0,0.0,1.0,0.0,0.01,255,255,1.0,0.0,0.0,0.0,0.0,0.0,0,115316.0
30,5,0,0,0,0,141,1.0,1.0,0.09,0.06,0.0,255,12,0.05,0.06,0.0,1.0,1.0,0.0,1,49473.0
15,9,30,0,0,0,1,0.0,0.0,1.0,0.0,0.0,214,214,1.0,0.0,0.0,0.0,0.0,0.0,0,41527.0
14,9,8,0,0,0,1,0.0,0.0,1.0,0.0,1.0,1,29,1.0,0.0,0.52,0.0,0.0,0.0,1,65119.0
47,5,0,0,0,0,105,1.0,1.0,0.08,0.06,0.0,255,9,0.04,0.09,0.0,1.0,1.0,0.0,1,14324.0
20,9,59,0,0,1,22,0.0,0.0,1.0,0.0,0.0,255,77,0.3,0.02,0.0,0.63,0.52,0.0,0,68527.0
47,4,0,0,0,0,1,0.0,0.0,1.0,0.0,0.0,255,1,0.0,0.62,0.0,0.0,0.0,1.0,1,107892.0
60,5,0,0,0,0,225,1.0,1.0,0.06,0.05,0.0,255,13,0.05,0.05,0.0,1.0,1.0,0.0,1,34102.0
52,9,2228,328,0,1,1,0.0,0.0,1.0,0.0,1.0,54,129,0.19,0.07,0.02,0.0,0.0,0.0,0,87274.0
24,9,229,5329,0,1,7,0.0,0.05,1.0,0.0,0.12,7,255,1.0,0.0,0.07,0.0,0.0,0.0,0,60025.0
24,9,302,307,0,1,5,0.0,0.0,1.0,0.0,0.0,146,255,1.0,0.0,0.02,0.0,0.0,0.02,0,31143.0
14,9,8,0,0,0,1,0.0,0.0,1.0,0.0,1.0,1,11,1.0,0.0,0.55,0.0,0.0,0.0,1,122629.0
47,9,28,0,3,0,19,0.0,0.0,1.0,0.0,0.0,255,19,0.07,0.01,0.0,0.0,0.0,0.0,1,31060.0
20,5,0,0,0,0,5,1.0,1.0,1.0,0.0,0.0,255,53,0.21,0.02,0.0,1.0,1.0,0.0,1,107413.0
24,9,253,1092,0,1,6,0.0,0.0,1.0,0.0,0.0,28,255,1.0,0.0,0.02,0.0,0.0,0.0,0,105909.0
24,9,228,32676,0,1,8,0.0,0.0,1.0,0.0,0.0,17,255,1.0,0.0,0.02,0.0,0.0,0.0,0,119613.0
24,9,251,2016,0,1,4,0.0,0.0,1.0,0.0,0.21,255,255,1.0,0.0,0.0,0.0,0.0,0.0,0,90875.0
52,9,979,329,0,1,1,0.0,0.0,1.0,0.0,0.0,255,15,0.06,0.64,0.0,0.0,0.07,0.0,0,13868.0
58,5,0,0,0,0,6,1.0,1.0,1.0,0.0,0.0,88,48,0.55,0.02,0.0,0.98,0.96,0.0,1,50013.0
12,9,46,46,0,0,116,0.0,0.0,1.0,0.0,0.0,255,255,1.0,0.0,0.0,0.0,0.0,0.0,0,61186.0
24,9,163,22129,0,1,3,0.0,0.0,1.0,0.0,0.0,255,255,1.0,0.0,0.0,0.0,0.0,0.0,0,39371.0
15,9,1032,0,0,0,176,0.0,0.0,1.0,0.0,0.0,255,176,0.69,0.01,0.0,0.0,0.0,0.0,1,39987.0
24,9,306,1380,0,1,3,0.0,0.0,1.0,0.0,0.5,255,243,0.95,0.01,0.0,0.0,0.0,0.0,0,18969.0
47,5,0,0,0,0,39,1.0,1.0,0.15,0.15,0.0,255,6,0.02,0.08,0.0,1.0,1.0,0.0,1,119093.0
47,5,0,0,0,0,287,1.0,1.0,0.07,0.06,0.0,255,16,0.06,0.07,0.0,1.0,1.0,0.0,1,46549.0
12,9,42,42,0,0,152,0.0,0.0,1.0,0.0,0.02,255,255,1.0,0.0,0.0,0.0,0.0,0.0,0,17887.0
24,9,325,7309,0,1,4,0.0,0.0,1.0,0.0,0.16,4,255,1.0,0.0,0.03,0.0,0.0,0.0,0,24891.0
24,9,204,375,0,1,23,0.0,0.0,1.0,0.0,0.0,160,255,1.0,0.0,0.01,0.0,0.0,0.0,0,53486.0
12,9,42,42,0,0,10,0.0,0.0,1.0,0.0,0.21,255,239,0.94,0.01,0.0,0.0,0.0,0.0,0,93489.0
64,5,0,0,0,0,180,1.0,1.0,0.11,0.04,0.0,255,20,0.08,0.05,0.0,1.0,1.0,0.0,1,58520.0
47,5,0,0,0,0,24,1.0,1.0,0.04,0.17,0.0,255,1,0.0,0.09,0.0,1.0,1.0,0.0,1,28232.0
66,5,0,0,0,0,219,1.0,1.0,0.06,0.05,0.0,255,13,0.05,0.07,0.0,1.0,1.0,0.0,1,98717.0
24,9,298,5966,0,1,21,0.05,0.05,1.0,0.0,0.09,237,255,1.0,0.0,0.01,0.01,0.01,0.0,0,83510.0
4,5,0,0,0,0,271,1.0,1.0,0.03,0.06,0.0,255,7,0.03,0.06,0.0,1.0,1.0,0.0,1,97232.0
15,9,1032,0,0,0,472,0.0,0.0,1.0,0.0,0.0,255,255,1.0,0.0,0.0,0.0,0.0,0.0,1,87168.0
24,9,253,1588,0,1,4,0.0,0.0,1.0,0.0,0.25,64,255,1.0,0.0,0.03,0.0,0.0,0.0,0,66655.0
24,9,231,4542,0,1,8,0.0,0.0,1.0,0.0,0.0,255,255,1.0,0.0,0.0,0.0,0.0,0.0,0,11980.0
24,5,0,0,0,0,65,1.0,1.0,0.29,0.06,0.0,255,61,0.24,0.02,0.0,1.0,1.0,0.0,1,83776.0
12,9,44,127,0,0,60,0.0,0.0,1.0,0.0,0.02,200,196,0.8,0.01,0.01,0.0,0.0,0.0,0,101010.0
10,5,0,0,0,0,275,1.0,1.0,0.02,0.06,0.0,255,6,0.02,0.07,0.0,1.0,1.0,0.0,1,94492.0
39,5,0,0,0,0,256,1.0,1.0,0.1,0.05,0.0,255,25,0.1,0.05,0.0,1.0,1.0,0.0,1,49054.0
47,5,0,0,0,0,225,1.0,1.0,0.05,0.05,0.0,255,11,0.04,0.06,0.0,1.0,1.0,0.0,1,125185.0
33,5,0,0,0,0,190,1.0,1.0,0.06,0.08,0.0,255,12,0.05,0.09,0.0,1.0,1.0,0.0,1,93430.0
24,9,377,9949,0,1,2,0.0,0.0,1.0,0.0,0.3,22,255,1.0,0.0,0.04,0.0,0.0,0.0,0,48646.0
20,9,12,0,0,1,1,0.0,0.0,1.0,0.0,0.0,61,93,0.39,0.05,0.02,0.0,0.01,0.0,0,4083.0
6,5,0,0,0,0,132,1.0,1.0,0.17,0.05,0.0,255,23,0.09,0.05,0.0,1.0,1.0,0.0,1,83858.0
20,9,641,0,0,1,2,0.0,0.0,1.0,0.0,0.0,152,11,0.07,0.02,0.0,0.0,0.0,0.0,0,87214.0
24,9,200,654,0,1,6,0.0,0.0,1.0,0.0,0.0,255,255,1.0,0.0,0.0,0.0,0.0,0.0,0,120359.0
24,9,229,1265,0,1,13,0.0,0.0,1.0,0.0,0.0,13,255,1.0,0.0,0.05,0.0,0.0,0.0,0,96979.0
20,9,7045,0,0,1,1,0.0,0.0,1.0,0.0,0.0,8,8,1.0,0.0,0.0,0.0,0.0,0.0,1,82185.0
24,9,297,1695,0,1,5,0.0,0.0,1.0,0.0,0.21,92,255,1.0,0.0,0.04,0.0,0.0,0.0,0,74539.0
24,9,308,2676,0,1,5,0.0,0.0,1.0,0.0,0.0,255,255,1.0,0.0,0.0,0.0,0.0,0.0,0,107026.0
24,9,54540,8314,0,1,3,0.0,0.0,1.0,0.0,0.6,255,255,1.0,0.0,0.0,0.01,0.01,0.05,1,51762.0
24,9,313,740,0,1,6,0.17,0.17,1.0,0.0,0.0,255,255,1.0,0.0,0.0,0.0,0.0,0.0,0,40048.0
14,9,18,0,0,0,1,0.0,0.0,1.0,0.0,0.0,1,28,1.0,0.0,1.0,0.0,0.0,0.0,1,3944.0
11,5,0,0,0,0,225,1.0,1.0,0.08,0.05,0.0,255,19,0.07,0.05,0.0,1.0,1.0,0.0,1,48865.0
24,9,294,1600,0,1,10,0.0,0.0,1.0,0.0,0.0,255,255,1.0,0.0,0.0,0.0,0.0,0.0,0,28128.0
12,9,46,129,0,0,79,0.0,0.0,1.0,0.0,0.01,255,255,1.0,0.0,0.0,0.0,0.0,0.0,0,17516.0
24,9,276,2323,0,1,24,0.0,0.0,1.0,0.0,0.0,255,255,1.0,0.0,0.0,0.0,0.0,0.0,0,96955.0
12,9,43,78,0,0,179,0.0,0.0,1.0,0.0,0.01,255,230,0.9,0.01,0.0,0.0,0.0,0.0,0,101455.0
24,9,342,449,0,1,9,0.0,0.0,1.0,0.0,0.0,255,255,1.0,0.0,0.0,0.0,0.0,0.0,0,34458.0
12,9,45,79,0,0,146,0.0,0.0,1.0,0.0,0.0,255,187,0.73,0.01,0.0,0.0,0.0,0.0,0,102330.0
24,5,0,0,0,0,2,0.5,0.5,0.5,1.0,1.0,255,25,0.1,0.06,0.0,1.0,1.0,0.0,1,69835.0
20,9,334,0,0,1,2,0.0,0.0,1.0,0.0,0.0,4,30,1.0,0.0,0.13,0.0,0.0,0.0,1,88242.0
24,9,227,2701,0,1,1,0.0,0.0,1.0,0.0,0.4,131,255,1.0,0.0,0.02,0.02,0.01,0.0,0,52169.0
24,9,220,1963,0,1,18,0.0,0.0,1.0,0.0,0.11,18,255,1.0,0.0,0.02,0.0,0.0,0.0,0,3445.0
24,9,222,4945,0,1,6,0.0,0.0,1.0,0.0,0.27,19,255,1.0,0.0,0.01,0.0,0.0,0.01,0,8498.0
24,1,0,0,0,0,1,0.0,0.0,1.0,0.0,1.0,3,26,1.0,0.0,0.38,0.0,0.0,1.0,0,42215.0
60,5,0,0,0,0,13,1.0,1.0,0.54,0.23,0.0,255,13,0.05,0.07,0.0,1.0,1.0,0.0,1,94817.0
24,9,324,1969,0,1,3,0.0,0.0,1.0,0.0,0.0,56,255,1.0,0.0,0.05,0.0,0.0,0.0,0,113780.0
52,2,0,0,0,0,219,0.0,0.0,0.0,0.07,0.0,255,1,0.0,0.08,0.0,0.0,0.0,1.0,1,103916.0
52,9,2938,386,0,1,1,0.0,0.0,1.0,0.0,0.0,255,121,0.47,0.02,0.0,0.47,0.5,0.0,0,120034.0
27,1,0,0,0,0,210,0.0,0.0,0.08,0.06,0.0,255,17,0.07,0.07,0.0,0.0,0.0,1.0,1,125402.0
24,9,228,7333,0,1,14,0.0,0.0,1.0,0.0,0.0,164,255,1.0,0.0,0.02,0.01,0.01,0.0,0,123339.0
45,9,35,130,0,1,1,0.0,0.0,1.0,0.0,0.0,92,7,0.02,0.05,0.29,0.0,0.0,0.0,0,51099.0
24,9,356,1137,0,1,6,0.0,0.0,1.0,0.0,0.29,165,255,1.0,0.0,0.03,0.0,0.0,0.0,0,1033.0
24,9,289,11653,0,1,1,0.0,0.0,1.0,0.0,1.0,16,177,1.0,0.0,0.06,0.0,0.01,0.01,0,117786.0
24,9,236,29148,0,1,2,0.0,0.0,1.0,0.0,0.12,39,255,1.0,0.0,0.05,0.0,0.01,0.0,0,24874.0
15,9,1032,0,0,0,4,0.0,0.0,1.0,0.0,0.0,255,4,0.02,0.02,0.0,0.0,0.0,0.0,1,67933.0
12,9,29,0,0,0,1,0.0,0.0,1.0,0.0,1.0,61,45,0.15,0.08,0.09,0.0,0.0,0.0,0,124842.0
20,5,0,0,0,0,42,1.0,1.0,0.24,0.1,0.0,124,62,0.24,0.03,0.03,0.98,0.48,0.0,1,368.0
47,5,0,0,0,0,132,1.0,1.0,0.08,0.06,0.0,243,9,0.04,0.08,0.0,1.0,1.0,0.0,1,76339.0
29,5,0,0,0,0,100,1.0,1.0,0.16,0.08,0.0,255,16,0.06,0.07,0.0,1.0,1.0,0.0,1,121505.0
52,9,11562,1399,0,1,1,0.0,0.0,1.0,0.0,1.0,241,143,0.54,0.02,0.01,0.0,0.0,0.0,0,72188.0
20,9,12,0,0,0,1,0.0,0.0,1.0,0.0,1.0,136,55,0.29,0.02,0.04,0.01,0.0,0.0,0,116000.0
47,5,0,0,0,0,259,1.0,1.0,0.06,0.06,0.0,255,12,0.05,0.07,0.0,1.0,1.0,0.0,1,76328.0
54,5,0,0,0,0,237,1.0,1.0,0.06,0.06,0.0,255,15,0.06,0.07,0.0,1.0,1.0,0.0,1,18010.0
20,9,71,0,0,1,1,0.0,0.0,1.0,0.0,0.0,255,63,0.25,0.02,0.0,0.96,0.98,0.0,0,69111.0
52,9,791,333,0,1,1,0.0,0.0,1.0,0.0,1.0,218,146,0.67,0.05,0.0,0.01,0.01,0.0,0,55844.0
12,9,46,128,0,0,53,0.0,0.0,1.0,0.0,0.02,193,196,0.79,0.02,0.01,0.0,0.0,0.0,0,43609.0
24,9,222,16070,0,1,8,0.0,0.0,1.0,0.0,0.0,8,255,1.0,0.0,0.04,0.0,0.0,0.0,0,76489.0
47,9,1,0,0,0,40,0.0,0.0,0.32,0.1,0.0,255,41,0.16,0.45,0.0,0.16,0.0,0.0,1,115579.0
0,4,1000,5740,0,0,1,0.0,0.0,1.0,0.0,0.0,32,13,0.41,0.06,0.0,0.03,0.08,0.92,0,23133.0
24,9,303,2013,0,1,2,0.0,0.0,1.0,0.0,0.0,255,247,0.97,0.01,0.0,0.0,0.0,0.0,0,41074.0
24,9,345,1065,0,1,9,0.0,0.0,1.0,0.0,0.0,9,255,1.0,0.0,0.05,0.0,0.0,0.0,0,37784.0
47,1,0,0,0,0,147,0.0,0.0,0.12,0.05,0.0,255,18,0.07,0.07,0.0,0.0,0.0,1.0,1,108181.0
14,9,8,0,0,0,1,0.0,0.0,1.0,0.0,1.0,2,86,1.0,0.0,0.5,0.0,0.0,0.0,1,114597.0
52,9,126,243,0,1,1,0.0,0.0,1.0,0.0,0.0,120,65,0.13,0.59,0.03,0.01,0.0,0.0,0,20915.0
24,9,275,2860,0,1,13,0.0,0.0,1.0,0.0,0.0,13,255,1.0,0.0,0.07,0.0,0.0,0.0,0,85003.0
7,5,0,0,0,0,115,1.0,1.0,0.07,0.08,0.0,255,8,0.03,0.08,0.0,1.0,1.0,0.0,1,10410.0
12,9,30,30,0,0,1,0.0,0.0,1.0,0.0,1.0,81,80,0.99,0.02,0.0,0.0,0.0,0.0,0,55078.0
42,1,0,0,0,0,510,0.14,0.0,0.0,1.0,0.0,255,1,0.0,1.0,0.0,0.13,0.0,1.0,1,115695.0
24,9,221,11803,0,1,5,0.0,0.0,1.0,0.0,0.0,255,255,1.0,0.0,0.0,0.0,0.0,0.0,0,98287.0
12,9,45,135,0,0,79,0.0,0.0,1.0,0.0,0.01,255,254,1.0,0.01,0.0,0.0,0.0,0.0,0,18006.0
14,9,8,0,0,0,2,0.0,0.0,0.5,1.0,1.0,3,27,1.0,0.0,0.26,0.0,0.0,0.0,1,14672.0
20,9,5558,0,0,0,14,0.0,0.0,1.0,0.0,0.0,52,103,0.69,0.13,0.02,0.0,0.0,0.0,0,91218.0
10,5,0,0,0,0,142,1.0,1.0,0.13,0.06,0.0,255,19,0.07,0.06,0.0,1.0,1.0,0.0,1,76393.0
52,9,1085,345,0,1,1,0.0,0.0,1.0,0.0,1.0,196,119,0.61,0.03,0.0,0.0,0.0,0.01,0,40732.0
2,5,0,0,0,0,203,1.0,1.0,0.01,0.07,0.0,255,5,0.02,0.08,0.0,1.0,1.0,0.0,1,71935.0
47,5,0,0,0,0,132,1.0,1.0,0.11,0.06,0.0,36,6,0.17,0.14,0.0,1.0,1.0,0.0,1,53643.0
30,5,0,0,0,0,40,1.0,1.0,0.1,0.15,0.0,255,4,0.02,0.09,0.0,1.0,1.0,0.0,1,6374.0
23,1,0,0,0,0,276,0.0,0.0,0.07,0.05,0.0,255,20,0.08,0.07,0.0,0.0,0.0,1.0,1,11008.0
24,9,283,171,0,1,24,0.0,0.0,1.0,0.0,0.0,255,255,1.0,0.0,0.0,0.0,0.0,0.0,0,18632.0
47,5,0,0,0,0,84,1.0,1.0,0.21,0.06,0.0,255,18,0.07,0.07,0.0,1.0,1.0,0.0,1,565.0
47,9,28,0,3,0,8,0.0,0.0,1.0,0.0,0.0,255,108,0.42,0.58,0.0,0.09,0.0,0.0,1,56980.0
24,9,191,735,0,1,39,0.0,0.0,1.0,0.0,0.05,160,255,1.0,0.0,0.02,0.0,0.0,0.0,0,68826.0
56,5,0,0,0,0,226,1.0,1.0,0.1,0.04,0.0,255,22,0.09,0.05,0.0,1.0,1.0,0.0,1,119844.0
17,5,0,0,0,0,144,1.0,1.0,0.05,0.06,0.0,255,3,0.01,0.07,0.0,1.0,1.0,0.0,1,67223.0
2,5,0,0,0,0,223,1.0,1.0,0.02,0.07,0.0,255,5,0.02,0.08,0.0,1.0,1.0,0.0,1,17082.0
24,9,237,3381,0,1,1,0.0,0.0,1.0,0.0,0.09,48,255,1.0,0.0,0.04,0.0,0.0,0.0,0,6274.0
47,9,28,0,3,0,6,0.0,0.0,1.0,0.0,0.0,255,106,0.42,0.59,0.0,0.09,0.0,0.0,1,36429.0
19,9,1486,4152,0,1,1,0.0,0.0,1.0,0.0,0.0,54,10,0.19,0.06,0.0,0.0,0.0,0.0,0,10869.0
12,9,45,111,0,0,4,0.0,0.0,1.0,0.0,0.4,255,251,0.98,0.01,0.0,0.0,0.0,0.0,0,29137.0
24,9,239,488,0,1,8,0.0,0.0,1.0,0.0,0.0,255,255,1.0,0.0,0.0,0.0,0.0,0.0,0,28762.0
4,9,9,35,0,0,2,0.0,0.0,0.5,1.0,0.0,240,8,0.03,0.03,0.0,0.0,0.0,0.0,0,116436.0
24,9,260,295,0,1,7,0.0,0.0,1.0,0.0,0.0,7,255,1.0,0.0,0.05,0.0,0.0,0.0,0,103281.0
52,9,1274,390,0,1,1,0.0,0.0,1.0,0.0,0.0,4,195,1.0,0.0,0.02,0.0,0.02,0.0,0,25418.0
52,9,1095,328,0,1,1,0.0,0.0,1.0,0.0,0.0,65,104,0.54,0.09,0.02,0.0,0.0,0.0,0,113991.0
37,5,0,0,0,0,256,1.0,1.0,0.09,0.05,0.0,255,24,0.09,0.05,0.0,1.0,1.0,0.0,1,19504.0
57,5,0,0,0,0,190,1.0,1.0,0.01,0.06,0.0,255,1,0.0,0.06,0.0,1.0,1.0,0.0,1,29609.0
24,9,253,173,0,1,10,0.0,0.0,1.0,0.0,0.0,61,255,1.0,0.0,0.01,0.0,0.0,0.0,0,28911.0
42,9,113,0,0,0,26,0.0,0.0,0.96,0.08,0.0,255,25,0.1,0.53,0.0,0.0,0.0,0.0,0,90604.0
24,9,257,2220,0,1,5,0.0,0.0,1.0,0.0,0.0,35,255,1.0,0.0,0.04,0.0,0.01,0.0,0,41509.0
20,9,11,0,0,0,2,0.0,0.0,1.0,0.0,0.67,64,81,0.22,0.05,0.02,0.0,0.0,0.0,0,59467.0
47,5,0,0,0,0,190,1.0,1.0,0.1,0.06,0.0,255,7,0.03,0.07,0.0,1.0,1.0,0.0,1,24889.0
24,9,240,6514,0,1,14,0.0,0.0,1.0,0.0,0.0,198,255,1.0,0.0,0.01,0.01,0.0,0.0,0,114505.0
26,5,0,0,0,0,226,1.0,1.0,0.04,0.06,0.0,255,8,0.03,0.08,0.0,1.0,1.0,0.0,1,15213.0
12,9,36,0,0,0,8,0.0,0.0,1.0,0.0,0.3,8,112,1.0,0.0,0.02,0.0,0.0,0.0,0,124152.0
10,5,0,0,0,0,223,1.0,1.0,0.01,0.06,0.0,255,19,0.07,0.07,0.0,1.0,1.0,0.0,1,97670.0
47,9,105,105,0,0,7,0.0,0.0,0.14,0.29,0.0,255,226,0.89,0.01,0.0,0.0,0.0,0.0,0,81408.0
24,9,339,3112,0,1,11,0.0,0.0,1.0,0.0,0.17,255,255,1.0,0.0,0.0,0.0,0.0,0.0,0,105942.0
15,9,1032,0,0,0,511,0.0,0.0,1.0,0.0,0.0,255,179,0.7,0.01,0.0,0.0,0.0,0.0,1,22266.0
24,9,212,5695,0,1,13,0.0,0.0,1.0,0.0,0.09,18,255,1.0,0.0,0.05,0.0,0.0,0.0,0,88973.0
24,1,0,0,0,0,1,0.0,0.0,1.0,0.0,1.0,4,141,1.0,0.0,0.04,0.0,0.01,0.99,0,93706.0
24,9,209,175,0,1,11,0.0,0.0,1.0,0.0,0.19,11,255,1.0,0.0,0.03,0.0,0.0,0.0,0,107780.0
24,9,184,7094,0,1,3,0.0,0.0,1.0,0.0,0.43,164,255,1.0,0.0,0.01,0.0,0.0,0.0,0,124839.0
8,5,0,0,0,0,249,1.0,1.0,0.02,0.07,0.0,255,5,0.02,0.08,0.0,1.0,1.0,0.0,1,31397.0
11,9,0,0,0,0,1,0.0,0.0,1.0,0.0,0.0,34,2,0.03,1.0,1.0,0.0,0.0,0.0,1,120262.0
20,9,7012,0,0,1,5,0.0,0.0,1.0,0.0,0.0,27,75,0.93,0.07,0.03,0.0,0.0,0.0,0,72992.0
42,9,147,105,0,0,1,0.0,0.0,1.0,0.0,0.0,255,1,0.0,0.63,0.0,0.0,0.0,0.0,0,64065.0
24,9,222,7533,0,1,4,0.0,0.0,1.0,0.0,0.44,4,255,1.0,0.0,0.06,0.0,0.0,0.0,0,118187.0
20,9,0,5150180,0,0,1,0.0,0.0,1.0,0.0,0.0,17,17,1.0,0.0,0.0,0.0,0.0,0.0,1,7040.0
20,9,334,0,0,1,1,0.0,0.0,1.0,0.0,0.0,5,31,1.0,0.0,0.19,0.0,0.0,0.0,1,41956.0
57,5,0,0,0,0,211,1.0,1.0,0.11,0.06,0.0,255,24,0.09,0.06,0.0,1.0,1.0,0.0,1,119605.0
24,1,0,0,0,0,1,0.0,0.0,1.0,0.0,0.0,2,239,1.0,0.0,0.14,0.0,0.0,1.0,0,111727.0
12,9,43,130,0,0,196,0.0,0.0,1.0,0.0,0.01,255,253,0.99,0.01,0.0,0.0,0.0,0.0,0,121063.0
14,9,8,0,0,0,1,0.0,0.0,1.0,0.0,1.0,1,89,1.0,0.0,0.51,0.0,0.0,0.0,1,31329.0
47,1,0,0,0,0,148,0.0,0.0,0.09,0.05,0.0,255,10,0.04,0.07,0.0,0.0,0.0,1.0,1,38005.0
12,9,43,43,0,0,122,0.0,0.0,1.0,0.0,0.0,255,255,1.0,0.0,0.0,0.0,0.0,0.0,0,14489.0
24,9,234,13713,0,1,1,0.0,0.0,1.0,0.0,0.0,137,140,1.0,0.0,0.01,0.0,0.0,0.0,0,52163.0
14,9,8,0,0,0,1,0.0,0.0,1.0,0.0,1.0,1,3,1.0,0.0,0.67,0.0,0.0,0.0,1,39559.0
47,9,1,0,0,0,43,0.0,0.0,0.42,0.09,0.0,255,63,0.25,0.28,0.0,0.06,0.0,0.0,1,6327.0
18,5,0,0,0,0,49,1.0,1.0,0.35,0.08,0.0,255,37,0.15,0.06,0.0,1.0,1.0,0.0,1,37865.0
42,9,10389,0,0,1,4,0.0,0.0,0.25,1.0,0.0,218,1,0.0,0.07,0.0,0.0,0.0,0.0,0,12947.0
14,9,30,0,0,0,7,0.0,0.0,0.14,0.29,0.0,255,4,0.02,0.01,0.0,0.0,0.0,0.0,0,43523.0
52,9,988,332,0,1,1,0.0,0.0,1.0,0.0,1.0,155,98,0.63,0.05,0.0,0.0,0.0,0.0,0,25208.0
47,5,0,0,0,0,128,1.0,1.0,0.15,0.05,0.0,255,2,0.01,0.09,0.0,1.0,1.0,0.0,1,24966.0
20,9,6062,0,0,1,13,0.0,0.0,1.0,0.0,0.14,189,56,0.2,0.06,0.04,0.01,0.0,0.0,0,75896.0
52,9,870,329,0,1,2,0.0,0.0,0.5,1.0,0.0,4,104,0.75,0.5,0.02,0.0,0.0,0.0,0,28029.0
47,9,1,0,0,0,165,0.0,0.0,0.88,0.02,0.0,255,177,0.69,0.04,0.0,0.0,0.0,0.0,1,103753.0
24,9,184,2936,0,1,1,0.0,0.0,1.0,0.0,0.12,255,255,1.0,0.0,0.0,0.01,0.01,0.0,0,58878.0
15,9,1032,0,0,0,471,0.0,0.0,1.0,0.0,0.0,255,255,1.0,0.0,0.0,0.0,0.0,0.0,1,19327.0
47,1,0,0,0,0,283,0.0,0.0,0.04,0.06,0.0,255,12,0.05,0.08,0.0,0.0,0.0,1.0,1,85417.0
24,9,155,4654,0,1,1,0.0,0.0,1.0,0.0,0.0,4,255,1.0,0.0,0.07,0.0,0.01,0.0,0,114269.0
20,9,1339,0,0,1,3,0.0,0.0,0.67,0.67,0.0,84,30,0.36,0.05,0.0,0.0,0.0,0.0,0,49968.0
8,5,0,0,0,0,180,1.0,1.0,0.11,0.07,0.0,255,20,0.08,0.07,0.0,1.0,1.0,0.0,1,115372.0
20,9,2194619,0,0,0,2,0.0,0.0,1.0,0.0,0.0,16,35,0.38,0.12,0.06,0.0,0.0,0.0,0,2160.0
24,9,337,397,0,1,4,0.0,0.0,1.0,0.0,0.0,198,255,1.0,0.0,0.01,0.0,0.0,0.02,0,90838.0
24,9,366,263,0,1,28,0.0,0.0,1.0,0.0,0.15,255,255,1.0,0.0,0.0,0.0,0.0,0.0,0,70564.0
18,5,0,0,0,0,58,1.0,1.0,0.28,0.07,0.0,255,58,0.23,0.04,0.0,1.0,1.0,0.0,1,121784.0
47,1,0,0,0,0,410,0.0,0.0,0.0,0.52,0.0,255,1,0.0,0.52,0.0,0.0,0.0,1.0,1,56376.0
8,5,0,0,0,0,232,1.0,1.0,0.07,0.07,0.0,255,17,0.07,0.08,0.0,1.0,1.0,0.0,1,104320.0
24,9,337,382,0,1,1,0.0,0.0,1.0,0.0,0.0,21,255,1.0,0.0,0.07,0.0,0.0,0.0,0,100944.0
20,5,0,0,0,0,79,0.97,1.0,0.23,0.08,0.0,255,38,0.15,0.04,0.0,1.0,1.0,0.0,1,57306.0
47,5,0,0,0,0,234,1.0,1.0,0.09,0.04,0.0,255,21,0.08,0.05,0.0,1.0,1.0,0.0,1,95271.0
4,5,0,0,0,0,241,1.0,1.0,0.01,0.07,0.0,255,2,0.01,0.08,0.0,1.0,1.0,0.0,1,52062.0
47,5,0,0,0,0,116,1.0,1.0,0.15,0.07,0.0,255,6,0.02,0.08,0.0,1.0,1.0,0.0,1,112056.0
57,5,0,0,0,0,290,1.0,1.0,0.07,0.06,0.0,255,10,0.04,0.05,0.0,1.0,1.0,0.0,1,108456.0
24,9,196,173,0,1,6,0.17,0.17,1.0,0.0,0.0,200,203,1.0,0.0,0.01,0.0,0.0,0.0,0,34772.0
18,5,0,0,0,0,55,1.0,1.0,0.25,0.07,0.0,255,39,0.15,0.05,0.0,1.0,1.0,0.0,1,75075.0
24,9,343,1434,0,1,4,0.0,0.0,1.0,0.0,0.24,132,255,1.0,0.0,0.02,0.0,0.0,0.0,0,50507.0
56,5,0,0,0,0,281,1.0,1.0,0.06,0.06,0.0,255,5,0.02,0.07,0.0,1.0,1.0,0.0,1,78938.0
47,1,0,0,0,0,138,0.0,0.0,0.07,0.06,0.0,213,10,0.05,0.06,0.0,0.0,0.0,1.0,1,19471.0
18,5,0,0,0,0,38,1.0,1.0,0.29,0.11,0.0,255,65,0.25,0.02,0.0,1.0,1.0,0.0,1,110186.0
24,9,0,8549,0,0,7,0.14,0.14,1.0,0.0,0.0,219,255,1.0,0.0,0.01,0.0,0.0,0.0,0,52829.0
47,5,0,0,0,0,124,1.0,1.0,0.08,0.06,0.0,255,3,0.01,0.07,0.0,1.0,1.0,0.0,1,114569.0
13,2,0,0,0,0,252,0.0,0.0,0.05,0.07,0.0,255,13,0.05,0.07,0.0,0.0,0.0,1.0,1,39960.0
12,9,42,42,0,0,9,0.0,0.0,1.0,0.0,0.19,255,177,0.69,0.01,0.0,0.0,0.0,0.0,0,22905.0
24,9,296,1484,0,1,1,0.0,0.0,1.0,0.0,0.0,255,255,1.0,0.0,0.0,0.0,0.0,0.0,0,25084.0
47,1,0,0,0,0,203,0.01,0.0,0.0,1.0,0.0,255,1,0.0,0.82,0.0,0.01,0.0,1.0,1,90183.0
24,9,233,11900,0,1,2,0.0,0.0,1.0,0.0,0.0,25,255,1.0,0.0,0.01,0.0,0.0,0.0,0,68339.0
14,9,8,0,0,0,1,0.0,0.0,1.0,0.0,1.0,2,129,1.0,0.0,0.5,0.0,0.0,0.0,1,106080.0
24,1,0,0,0,0,1,0.0,0.0,1.0,0.0,0.0,2,241,1.0,0.0,0.09,0.0,0.0,0.98,0,71434.0
18,5,0,0,0,0,24,0.92,1.0,0.08,0.17,0.0,255,3,0.01,0.06,0.0,1.0,1.0,0.0,1,118766.0
47,5,0,0,0,0,124,1.0,1.0,0.16,0.07,0.0,255,20,0.08,0.06,0.0,1.0,1.0,0.0,1,117414.0
24,9,243,362,0,1,10,0.0,0.0,1.0,0.0,0.0,255,255,1.0,0.0,0.0,0.0,0.0,0.0,0,92704.0
20,9,252,0,0,1,2,0.0,0.0,1.0,0.0,0.67,36,98,0.08,0.08,0.02,0.0,0.0,0.0,0,113855.0
15,9,1032,0,0,0,511,0.0,0.0,1.0,0.0,0.0,255,240,0.94,0.01,0.0,0.0,0.0,0.0,1,50643.0
47,5,0,0,0,0,256,1.0,1.0,0.02,0.06,0.0,255,2,0.01,0.09,0.0,1.0,1.0,0.0,1,96611.0
24,9,287,511,0,1,5,0.0,0.0,1.0,0.0,0.0,255,255,1.0,0.0,0.0,0.0,0.0,0.0,0,69423.0
47,1,0,0,0,0,110,0.0,0.0,0.18,0.07,0.0,255,20,0.08,0.07,0.0,0.0,0.0,1.0,1,12316.0
47,5,0,0,0,0,121,1.0,1.0,0.08,0.06,0.0,200,13,0.06,0.09,0.0,1.0,1.0,0.0,1,76818.0
12,9,45,135,0,0,262,0.0,0.0,1.0,0.0,0.0,255,251,0.98,0.01,0.0,0.0,0.0,0.0,0,113934.0
24,9,217,2450,0,1,5,0.0,0.0,1.0,0.0,0.26,255,255,1.0,0.0,0.0,0.0,0.0,0.0,0,17752.0
24,9,204,1896,0,1,2,0.0,0.12,1.0,0.0,0.38,138,255,1.0,0.0,0.04,0.0,0.0,0.0,0,72929.0
47,5,0,0,0,0,248,1.0,1.0,0.04,0.07,0.0,255,9,0.04,0.08,0.0,1.0,1.0,0.0,1,17159.0
52,9,2704,281,0,1,1,0.0,0.0,1.0,0.0,0.0,255,117,0.46,0.02,0.0,0.0,0.01,0.0,0,10780.0
2,1,0,0,0,0,171,0.0,0.0,0.03,0.08,0.0,255,5,0.02,0.08,0.0,0.0,0.0,1.0,1,54866.0
24,9,328,189,0,1,25,0.0,0.0,1.0,0.0,0.0,255,255,1.0,0.0,0.0,0.0,0.0,0.0,0,7879.0
63,5,0,0,0,0,125,1.0,1.0,0.02,0.06,0.0,255,2,0.01,0.07,0.0,1.0,1.0,0.0,1,79713.0
24,9,239,5967,0,1,6,0.0,0.0,1.0,0.0,0.3,198,255,1.0,0.0,0.02,0.0,0.0,0.0,0,54156.0
47,5,0,0,0,0,75,1.0,1.0,0.03,0.08,0.0,255,9,0.04,0.07,0.0,1.0,1.0,0.0,1,1888.0
39,5,0,0,0,0,105,1.0,1.0,0.08,0.07,0.0,255,8,0.03,0.06,0.0,1.0,1.0,0.0,1,95987.0
24,9,277,3619,0,1,2,0.0,0.0,1.0,0.0,0.67,13,255,1.0,0.0,0.02,0.0,0.0,0.0,0,44644.0
12,9,45,43,0,0,110,0.0,0.0,1.0,0.0,0.0,255,166,0.65,0.01,0.0,0.0,0.0,0.0,0,111081.0
24,9,207,727,0,1,9,0.0,0.0,1.0,0.0,0.0,9,255,1.0,0.0,0.04,0.0,0.0,0.0,0,21875.0
24,9,165,2472,0,1,3,0.0,0.0,1.0,0.0,0.0,18,255,1.0,0.0,0.04,0.0,0.0,0.01,0,33646.0
20,5,0,0,0,0,249,1.0,1.0,0.04,0.06,0.0,255,9,0.04,0.07,0.0,1.0,1.0,0.0,1,40803.0
24,9,323,2865,0,1,2,0.0,0.0,1.0,0.0,0.0,1,255,1.0,0.0,0.09,0.0,0.0,0.93,0,93303.0
24,9,246,602,0,1,22,0.0,0.0,1.0,0.0,0.16,255,255,1.0,0.0,0.0,0.0,0.0,0.0,0,20333.0
47,5,0,0,0,0,204,1.0,1.0,0.02,0.06,0.0,255,9,0.04,0.06,0.0,1.0,1.0,0.0,1,94798.0
47,9,1,0,0,0,150,0.0,0.0,0.87,0.03,0.0,255,167,0.65,0.04,0.0,0.0,0.0,0.0,1,67453.0
15,9,1032,0,0,0,287,0.0,0.0,1.0,0.0,0.0,255,255,1.0,0.0,0.0,0.0,0.0,0.0,1,73217.0
47,5,0,0,0,0,261,1.0,1.0,0.03,0.07,0.0,255,11,0.04,0.07,0.0,1.0,1.0,0.0,1,21394.0
39,5,0,0,0,0,123,1.0,1.0,0.04,0.07,0.0,255,5,0.02,0.07,0.0,1.0,1.0,0.0,1,23774.0
9,5,0,0,0,0,121,1.0,1.0,0.07,0.07,0.0,255,6,0.02,0.07,0.0,1.0,1.0,0.0,1,36803.0
0,6,0,0,0,0,1,1.0,1.0,1.0,0.0,0.0,43,34,0.79,0.07,0.0,0.02,0.03,0.82,0,5902.0
24,9,330,912,0,1,2,0.5,0.5,1.0,0.0,0.0,255,255,1.0,0.0,0.0,0.0,0.0,0.0,0,102809.0
57,5,0,0,0,0,236,1.0,1.0,0.02,0.06,0.0,255,5,0.02,0.06,0.0,1.0,1.0,0.0,1,92073.0
24,9,254,2467,0,1,1,0.0,0.0,1.0,0.0,0.0,137,130,0.95,0.01,0.0,0.0,0.0,0.0,0,35147.0
47,5,0,0,0,0,112,1.0,1.0,0.11,0.07,0.0,255,3,0.01,0.06,0.0,1.0,1.0,0.0,1,63066.0
60,5,0,0,0,0,242,1.0,1.0,0.07,0.07,0.0,255,18,0.07,0.08,0.0,1.0,1.0,0.0,1,107672.0
12,9,43,128,0,0,151,0.0,0.0,1.0,0.0,0.01,255,254,1.0,0.01,0.0,0.0,0.0,0.0,0,1208.0
32,5,0,0,0,0,144,1.0,1.0,0.1,0.06,0.0,255,3,0.01,0.07,0.0,1.0,1.0,0.0,1,107848.0
47,5,0,0,0,0,251,1.0,1.0,0.07,0.05,0.0,255,17,0.07,0.06,0.0,1.0,1.0,0.0,1,113426.0
66,5,0,0,0,0,265,1.0,1.0,0.08,0.06,0.0,255,20,0.08,0.08,0.0,1.0,1.0,0.0,1,123179.0
47,9,105,146,0,0,1,0.0,0.0,1.0,0.0,0.0,133,124,0.93,0.02,0.0,0.0,0.0,0.0,0,85651.0
24,9,308,5989,0,1,11,0.0,0.0,1.0,0.0,0.0,255,255,1.0,0.0,0.0,0.0,0.0,0.0,0,101806.0
15,9,1032,0,0,0,511,0.0,0.0,1.0,0.0,0.0,255,158,0.62,0.02,0.0,0.0,0.0,0.0,1,52080.0
24,9,307,482,0,1,21,0.0,0.0,1.0,0.0,0.13,255,255,1.0,0.0,0.0,0.0,0.0,0.0,0,94400.0
4,5,0,0,0,0,194,1.0,1.0,0.03,0.07,0.0,255,5,0.02,0.07,0.0,1.0,1.0,0.0,1,35500.0
47,9,28,0,3,0,89,0.0,0.0,1.0,0.0,0.0,255,89,0.35,0.02,0.0,0.0,0.0,0.0,1,45013.0
24,9,288,1242,0,1,13,0.0,0.0,1.0,0.0,0.0,102,255,1.0,0.0,0.05,0.0,0.0,0.0,0,17424.0
36,5,0,0,0,0,204,1.0,1.0,0.01,0.06,0.0,255,19,0.07,0.06,0.0,1.0,1.0,0.0,1,32522.0
47,10,0,0,0,0,1,1.0,1.0,1.0,0.0,0.0,200,1,0.0,0.95,0.0,0.96,1.0,0.0,1,15938.0
24,9,173,438,0,1,1,0.0,0.0,1.0,0.0,0.0,120,255,1.0,0.0,0.01,0.0,0.0,0.01,0,1797.0
66,5,0,0,0,0,140,1.0,1.0,0.14,0.06,0.0,255,19,0.07,0.05,0.0,1.0,1.0,0.0,1,38711.0
47,9,1,0,0,0,9,0.0,0.0,1.0,0.0,0.0,255,9,0.04,0.07,0.0,0.0,0.0,0.0,1,16026.0
20,1,0,0,0,0,296,0.0,0.0,0.06,0.06,0.0,255,18,0.07,0.07,0.0,0.0,0.0,1.0,1,99472.0
24,9,319,4050,0,1,7,0.0,0.0,1.0,0.0,0.0,255,255,1.0,0.0,0.0,0.0,0.0,0.0,0,56777.0
30,5,0,0,0,0,149,1.0,1.0,0.06,0.05,0.0,255,2,0.01,0.08,0.0,1.0,1.0,0.0,1,2663.0
24,9,344,10839,0,1,1,0.0,0.0,1.0,0.0,0.0,1,255,1.0,0.0,0.01,0.0,0.0,0.0,0,4824.0
24,9,360,5864,0,1,2,0.0,0.0,1.0,0.0,0.12,106,255,1.0,0.0,0.02,0.0,0.0,0.0,0,125905.0
20,9,5891,0,0,0,17,0.0,0.0,1.0,0.0,0.0,255,23,0.09,0.07,0.0,0.85,0.0,0.0,0,25150.0
47,5,0,0,0,0,124,1.0,1.0,0.14,0.06,0.0,255,17,0.07,0.06,0.0,1.0,1.0,0.0,1,107579.0
47,9,105,145,0,0,1,0.0,0.0,1.0,0.0,0.0,255,183,0.72,0.01,0.0,0.0,0.0,0.0,0,38317.0
47,1,0,0,0,0,70,0.0,0.0,0.16,0.09,0.0,255,11,0.04,0.07,0.0,0.0,0.0,1.0,1,119020.0
14,9,8,0,0,0,1,0.0,0.0,1.0,0.0,1.0,2,116,1.0,0.0,0.5,0.0,0.0,0.0,1,51021.0
20,9,0,191,0,0,1,0.0,0.0,1.0,0.0,0.0,36,65,0.36,0.14,0.03,0.0,0.0,0.0,0,109572.0
24,9,234,1380,0,1,3,0.0,0.0,1.0,0.0,0.0,255,238,0.93,0.02,0.0,0.0,0.0,0.0,0,114574.0
25,5,0,0,0,0,239,1.0,1.0,0.03,0.06,0.0,255,6,0.02,0.07,0.0,1.0,1.0,0.0,1,3478.0
6,5,0,0,0,0,123,1.0,1.0,0.02,0.07,0.0,255,4,0.02,0.07,0.0,1.0,1.0,0.0,1,31036.0
52,9,739,329,0,1,1,0.0,0.0,1.0,0.0,1.0,255,10,0.04,0.65,0.0,0.0,0.0,0.0,0,44672.0
12,9,44,70,0,0,187,0.0,0.0,1.0,0.0,0.0,255,254,1.0,0.01,0.0,0.0,0.0,0.0,0,110339.0
60,4,0,0,0,0,1,0.0,0.0,1.0,0.0,0.0,85,1,0.01,0.45,0.0,0.07,0.0,1.0,1,4532.0
58,9,320,8718,0,1,1,0.0,0.0,1.0,0.0,0.0,41,5,0.12,0.1,0.0,0.02,0.2,0.0,0,39508.0
47,9,105,143,0,0,1,0.0,0.0,1.0,0.0,0.0,255,234,0.92,0.01,0.0,0.0,0.0,0.0,0,108882.0
24,9,212,362,0,1,7,0.0,0.0,1.0,0.0,0.25,255,255,1.0,0.0,0.0,0.0,0.0,0.0,0,19726.0
7,5,0,0,0,0,222,1.0,1.0,0.08,0.07,0.0,255,17,0.07,0.08,0.0,1.0,1.0,0.0,1,122196.0
15,9,1032,0,0,0,511,0.0,0.0,1.0,0.0,0.0,255,136,0.53,0.02,0.0,0.01,0.0,0.0,1,52251.0
58,5,0,0,0,0,39,1.0,1.0,0.18,0.1,0.0,255,59,0.23,0.02,0.0,1.0,1.0,0.0,1,115707.0
24,1,0,0,0,0,1,0.0,0.0,1.0,0.0,0.0,141,231,1.0,0.0,0.11,0.0,0.0,0.67,0,13114.0
47,1,0,0,0,0,112,0.0,0.0,0.11,0.08,0.0,255,12,0.05,0.08,0.0,0.0,0.0,1.0,1,47913.0
24,9,215,12984,0,1,2,0.0,0.0,1.0,0.0,0.0,8,255,1.0,0.0,0.02,0.0,0.0,0.0,0,2207.0
14,9,8,0,0,0,1,0.0,0.0,1.0,0.0,1.0,1,91,1.0,0.0,0.51,0.0,0.0,0.0,1,106914.0
24,9,236,392,0,1,4,0.25,0.2,1.0,0.0,0.4,255,255,1.0,0.0,0.0,0.01,0.01,0.0,0,49802.0
47,1,0,0,0,0,203,0.0,0.0,0.0,0.07,0.0,255,1,0.0,0.1,0.0,0.0,0.0,1.0,1,83915.0
28,5,0,0,0,0,106,1.0,1.0,0.13,0.06,0.0,255,14,0.05,0.06,0.0,1.0,1.0,0.0,1,27511.0
18,9,10,147,0,0,1,0.0,0.0,1.0,0.0,0.0,105,11,0.05,0.06,0.18,0.01,0.0,0.0,0,103353.0
35,5,0,0,0,0,264,1.0,1.0,0.04,0.06,0.0,255,10,0.04,0.07,0.0,1.0,1.0,0.0,1,4845.0
58,5,0,0,0,0,300,1.0,1.0,0.06,0.05,0.0,255,19,0.07,0.05,0.0,1.0,1.0,0.0,1,112477.0
52,9,2754,417,0,1,1,0.0,0.0,1.0,0.0,1.0,8,243,0.88,0.25,0.02,0.0,0.0,0.0,0,27813.0
33,5,0,0,0,0,210,1.0,1.0,0.1,0.05,0.0,255,22,0.09,0.05,0.0,1.0,1.0,0.0,1,23940.0
24,9,192,307,0,1,10,0.0,0.0,1.0,0.0,0.14,100,255,1.0,0.0,0.04,0.0,0.0,0.0,0,11139.0
18,5,0,0,0,0,299,1.0,1.0,0.06,0.06,0.0,255,7,0.03,0.07,0.0,1.0,1.0,0.0,1,18923.0
24,1,0,0,0,0,1,0.0,0.0,1.0,0.0,0.0,19,255,1.0,0.0,0.08,0.0,0.0,0.89,0,4209.0
24,9,291,1792,0,1,10,0.0,0.0,1.0,0.0,0.0,255,255,1.0,0.0,0.0,0.0,0.0,0.0,0,64948.0
42,9,146,105,0,0,4,0.0,0.0,0.5,0.5,0.0,255,2,0.01,0.51,0.0,0.0,0.0,0.0,0,527.0
24,9,313,2041,0,1,6,0.0,0.0,1.0,0.0,0.0,26,255,1.0,0.0,0.06,0.0,0.0,0.01,0,71586.0
47,1,0,0,0,0,396,0.06,0.0,0.0,1.0,0.0,255,1,0.0,1.0,0.0,0.09,0.0,1.0,1,35013.0
12,9,44,44,0,0,105,0.0,0.0,0.99,0.02,0.01,255,254,1.0,0.01,0.0,0.0,0.0,0.0,0,29560.0
4,9,10,39,0,0,1,0.0,0.0,1.0,0.0,0.0,69,3,0.01,0.06,0.67,0.0,0.0,0.0,0,2271.0
58,5,0,0,0,0,250,1.0,1.0,0.02,0.06,0.0,255,17,0.07,0.07,0.0,1.0,1.0,0.0,1,3153.0
27,5,0,0,0,0,229,1.0,1.0,0.06,0.07,0.0,255,3,0.01,0.09,0.0,1.0,1.0,0.0,1,54638.0
24,9,317,1681,0,1,7,0.0,0.0,1.0,0.0,0.0,7,255,1.0,0.0,0.03,0.0,0.0,0.0,0,59895.0
19,2,0,0,0,0,145,0.0,0.0,0.11,0.06,0.0,255,10,0.04,0.07,0.0,0.0,0.0,1.0,1,28316.0
58,5,0,0,0,0,16,1.0,1.0,0.19,0.25,0.0,255,62,0.24,0.02,0.0,1.0,1.0,0.0,1,105349.0
24,9,292,10180,0,1,7,0.0,0.0,1.0,0.0,0.0,161,161,1.0,0.0,0.0,0.0,0.0,0.0,0,6616.0
52,9,791,361,0,1,1,0.0,0.0,1.0,0.0,1.0,174,167,0.65,0.03,0.01,0.0,0.0,0.0,0,112172.0
24,9,206,998,0,1,7,0.0,0.0,1.0,0.0,0.0,23,255,1.0,0.0,0.03,0.0,0.0,0.0,0,99266.0
58,9,175,15165,0,1,1,0.0,0.0,1.0,0.0,0.0,133,1,0.01,0.04,0.0,0.0,0.0,0.0,0,6840.0
2,5,0,0,0,0,260,1.0,1.0,0.06,0.05,0.0,255,16,0.06,0.05,0.0,1.0,1.0,0.0,1,83571.0
65,5,0,0,0,0,124,1.0,1.0,0.15,0.06,0.0,255,18,0.07,0.06,0.0,1.0,1.0,0.0,1,74602.0
15,9,520,0,0,0,450,0.0,0.0,1.0,0.0,0.0,199,199,1.0,0.0,0.0,0.0,0.0,0.0,1,45794.0
31,1,0,0,0,0,289,0.0,0.0,0.05,0.06,0.0,255,14,0.05,0.07,0.0,0.0,0.0,1.0,1,9387.0
47,1,0,0,0,0,107,0.0,0.0,0.15,0.07,0.0,255,5,0.02,0.07,0.0,0.0,0.0,1.0,1,108077.0
12,9,45,134,0,0,64,0.0,0.0,1.0,0.0,0.01,255,233,0.91,0.01,0.0,0.0,0.0,0.0,0,68797.0
47,1,0,0,0,0,231,0.0,0.0,0.04,0.07,0.0,255,9,0.04,0.07,0.0,0.0,0.0,1.0,1,107019.0
14,9,8,0,0,0,1,0.0,0.0,1.0,0.0,1.0,1,5,1.0,0.0,0.6,0.0,0.0,0.0,1,70207.0
24,9,330,848,0,1,8,0.0,0.0,1.0,0.0,0.0,126,255,1.0,0.0,0.03,0.01,0.01,0.0,0,66369.0
64,5,0,0,0,0,242,1.0,1.0,0.07,0.07,0.0,255,18,0.07,0.07,0.0,1.0,1.0,0.0,1,47825.0
24,9,54540,8314,0,1,3,0.0,0.0,1.0,0.0,0.0,238,238,1.0,0.0,0.0,0.0,0.0,0.02,1,101544.0
24,9,249,1779,0,1,2,0.0,0.0,1.0,0.0,0.0,37,255,1.0,0.0,0.02,0.0,0.0,0.0,0,121349.0
24,9,224,21867,0,1,6,0.0,0.0,1.0,0.0,0.17,255,255,1.0,0.0,0.0,0.0,0.0,0.0,0,91885.0
12,9,33,87,0,0,1,0.0,0.0,1.0,0.0,1.0,51,233,1.0,0.0,0.01,0.0,0.0,0.0,0,117892.0
58,5,0,0,0,0,244,1.0,1.0,0.05,0.06,0.0,255,19,0.07,0.07,0.0,1.0,1.0,0.0,1,75388.0
12,9,44,113,0,0,107,0.0,0.0,0.99,0.02,0.02,255,254,1.0,0.01,0.0,0.0,0.0,0.0,0,39722.0
18,9,10,226,0,0,1,0.0,0.0,1.0,0.0,0.0,153,7,0.03,0.03,0.29,0.0,0.0,0.0,0,54814.0
18,5,0,0,0,0,41,1.0,1.0,0.24,0.1,0.0,123,33,0.24,0.03,0.06,0.98,0.91,0.0,1,59945.0
34,1,0,0,0,0,252,0.0,0.0,0.06,0.06,0.0,255,14,0.05,0.07,0.0,0.0,0.0,1.0,1,29901.0
5,5,0,0,0,0,202,1.0,1.0,0.07,0.05,0.0,255,15,0.06,0.05,0.0,1.0,1.0,0.0,1,76092.0
27,5,0,0,0,0,291,1.0,1.0,0.04,0.05,0.0,255,9,0.04,0.08,0.0,1.0,1.0,0.0,1,85425.0
42,9,147,105,0,0,1,0.0,0.0,1.0,0.0,0.0,255,1,0.0,0.62,0.0,0.0,0.0,0.0,0,108979.0
24,9,54540,8314,0,1,5,0.0,0.0,1.0,0.0,0.33,126,126,1.0,0.0,0.0,0.0,0.0,0.05,1,18345.0
24,9,178,1110,0,1,1,0.0,0.0,1.0,0.0,0.0,45,255,1.0,0.0,0.05,0.0,0.0,0.0,0,96190.0
47,5,0,0,0,0,166,1.0,1.0,0.13,0.06,0.0,255,21,0.08,0.05,0.0,1.0,1.0,0.0,1,48660.0
24,9,293,6217,0,1,12,0.0,0.0,1.0,0.0,0.08,12,255,1.0,0.0,0.03,0.0,0.0,0.0,0,27931.0
12,9,33,93,0,0,1,0.0,0.0,1.0,0.0,0.0,45,44,0.98,0.04,0.0,0.0,0.0,0.0,0,114967.0
47,1,0,0,0,0,107,0.0,0.0,0.04,0.07,0.0,32,4,0.12,0.16,0.0,0.0,0.0,1.0,1,111960.0
24,9,276,1011,0,1,4,0.0,0.0,1.0,0.0,0.4,255,255,1.0,0.0,0.0,0.0,0.0,0.0,0,69463.0
12,9,45,115,0,0,2,0.0,0.0,0.5,1.0,1.0,255,234,0.92,0.01,0.0,0.0,0.0,0.0,0,7596.0
24,9,226,1270,0,1,8,0.0,0.0,1.0,0.0,0.2,255,255,1.0,0.0,0.0,0.0,0.0,0.0,0,18956.0
20,9,334,0,0,1,1,0.0,0.0,1.0,0.0,0.0,13,23,1.0,0.0,0.13,0.0,0.0,0.0,1,37718.0
42,7,192,0,0,1,1,1.0,1.0,1.0,0.0,0.0,143,1,0.01,0.05,0.0,0.01,1.0,0.0,0,117547.0
27,5,0,0,0,0,260,1.0,1.0,0.07,0.06,0.0,255,19,0.07,0.07,0.0,1.0,1.0,0.0,1,110035.0
24,9,267,944,0,1,14,0.0,0.0,1.0,0.0,0.0,255,255,1.0,0.0,0.0,0.0,0.0,0.0,0,90317.0
12,9,43,43,0,0,78,0.0,0.0,0.99,0.03,0.0,255,247,0.97,0.01,0.0,0.0,0.0,0.0,0,25427.0
26,5,0,0,0,0,269,1.0,1.0,0.04,0.05,0.0,255,11,0.04,0.05,0.0,1.0,1.0,0.0,1,121680.0
20,9,383,0,0,1,3,0.0,0.0,0.67,0.67,0.0,37,29,0.24,0.14,0.07,0.0,0.0,0.0,0,635.0
38,5,0,0,0,0,273,1.0,1.0,0.03,0.05,0.0,255,5,0.02,0.09,0.0,1.0,1.0,0.0,1,73882.0
12,9,45,76,0,0,140,0.0,0.0,1.0,0.0,0.02,255,230,0.9,0.01,0.0,0.0,0.0,0.0,0,80970.0
47,9,1,0,0,0,9,0.0,0.0,0.11,0.78,0.0,255,1,0.0,0.73,0.0,0.03,0.0,0.0,1,58604.0
24,9,298,9129,0,1,9,0.0,0.0,1.0,0.0,0.0,9,255,1.0,0.0,0.04,0.0,0.0,0.0,0,123236.0
24,9,297,2649,0,1,1,0.0,0.0,1.0,0.0,0.09,161,255,1.0,0.0,0.01,0.0,0.0,0.0,0,64247.0
24,9,322,8678,0,1,23,0.0,0.0,1.0,0.0,0.08,114,255,1.0,0.0,0.04,0.0,0.0,0.0,0,58768.0
14,9,8,0,0,0,1,0.0,0.0,1.0,0.0,1.0,4,61,1.0,0.0,0.26,0.0,0.0,0.0,1,27109.0
47,5,0,0,0,0,212,1.0,1.0,0.05,0.06,0.0,255,18,0.07,0.06,0.0,1.0,1.0,0.0,1,38229.0
12,9,45,45,0,0,120,0.0,0.0,1.0,0.0,0.0,255,254,1.0,0.01,0.0,0.0,0.0,0.0,0,87441.0
42,4,1,0,0,0,2,0.0,0.0,1.0,0.0,0.0,255,2,0.01,0.67,0.0,0.0,0.0,1.0,1,102160.0
52,9,1140,330,0,1,1,0.0,0.0,1.0,0.0,1.0,5,182,0.6,0.6,0.04,0.0,0.0,0.0,0,66827.0
60,5,0,0,0,0,294,1.0,1.0,0.04,0.05,0.0,255,5,0.02,0.09,0.0,1.0,1.0,0.0,1,27452.0
24,9,229,29415,0,1,14,0.0,0.0,1.0,0.0,0.15,129,255,1.0,0.0,0.03,0.0,0.0,0.0,0,99615.0
52,9,983,337,0,1,1,0.0,0.0,1.0,0.0,1.0,145,99,0.28,0.03,0.02,0.01,0.01,0.0,0,121716.0
35,5,0,0,0,0,189,1.0,1.0,0.06,0.06,0.0,255,9,0.04,0.06,0.0,1.0,1.0,0.0,1,51678.0
4,9,9,36,0,1,1,0.0,0.0,1.0,0.0,0.0,60,10,0.07,0.08,0.2,0.0,0.0,0.0,0,67076.0
41,9,48,48,0,0,0,0.0,0.0,0.0,0.0,0.0,1,1,1.0,0.0,0.0,0.0,0.0,0.0,0,115233.0
14,9,8,0,0,0,1,0.0,0.0,1.0,0.0,1.0,1,237,1.0,0.0,0.25,0.0,0.0,0.0,1,85790.0
52,9,1067,329,0,1,1,0.0,0.0,1.0,0.0,1.0,157,80,0.39,0.04,0.03,0.0,0.0,0.0,0,72392.0
19,9,1223,3380,0,1,1,0.0,0.0,1.0,0.0,0.0,255,54,0.21,0.02,0.0,0.0,0.0,0.0,0,74898.0
63,2,0,0,0,0,124,0.0,0.0,0.15,0.06,0.0,255,18,0.07,0.05,0.0,0.0,0.0,1.0,1,70552.0
47,9,28,0,3,0,21,0.0,0.0,1.0,0.0,0.0,255,21,0.08,0.02,0.0,0.0,0.0,0.0,1,424.0
52,9,1404,455,0,1,1,0.0,0.0,1.0,0.0,1.0,72,58,0.79,0.06,0.03,0.0,0.0,0.02,0,84322.0
47,9,1,0,0,0,7,0.0,0.0,1.0,0.0,0.0,75,7,0.09,0.07,0.0,0.0,0.0,0.0,1,81949.0
24,9,346,5741,0,1,21,0.0,0.0,1.0,0.0,0.08,65,255,1.0,0.0,0.12,0.02,0.0,0.82,0,88487.0
24,9,54540,8314,0,1,3,0.0,0.0,1.0,0.0,0.0,96,96,1.0,0.0,0.0,0.0,0.0,0.16,1,17514.0
47,5,0,0,0,0,148,1.0,1.0,0.08,0.05,0.0,255,3,0.01,0.07,0.0,1.0,1.0,0.0,1,72411.0
47,1,0,0,0,0,265,0.0,0.0,0.06,0.06,0.0,255,16,0.06,0.09,0.0,0.0,0.0,1.0,1,49569.0
47,5,0,0,0,0,258,1.0,1.0,0.02,0.07,0.0,255,4,0.02,0.07,0.0,1.0,1.0,0.0,1,20541.0
42,9,147,105,0,0,1,0.0,0.0,1.0,0.0,0.0,255,3,0.01,0.6,0.0,0.0,0.0,0.0,0,30214.0
5,5,0,0,0,0,267,1.0,1.0,0.04,0.07,0.0,255,12,0.05,0.08,0.0,1.0,1.0,0.0,1,123949.0
2,5,0,0,0,0,259,1.0,1.0,0.06,0.06,0.0,255,16,0.06,0.06,0.0,1.0,1.0,0.0,1,92230.0
20,9,59,0,0,1,12,0.0,0.0,1.0,0.0,0.0,255,141,0.55,0.02,0.0,0.0,0.0,0.0,0,4021.0
20,5,0,0,0,0,230,1.0,1.0,0.09,0.06,0.0,255,21,0.08,0.06,0.0,1.0,1.0,0.0,1,22120.0
4,9,9,38,0,1,2,0.0,0.0,0.5,1.0,0.0,1,3,1.0,0.0,0.67,0.0,0.0,0.0,0,62913.0
47,1,0,0,0,0,193,0.02,0.0,0.01,1.0,0.0,255,1,0.0,0.78,0.0,0.01,0.0,1.0,1,66310.0
6,1,0,0,0,0,127,0.0,0.0,0.04,0.06,0.0,255,5,0.02,0.05,0.0,0.0,0.0,1.0,1,57447.0
47,5,0,0,0,0,9,1.0,1.0,0.22,0.44,0.0,255,19,0.07,0.09,0.0,1.0,1.0,0.0,1,105103.0
65,1,0,0,0,0,299,0.0,0.0,0.06,0.06,0.0,255,17,0.07,0.06,0.0,0.0,0.0,1.0,1,24186.0
24,9,195,178,0,1,34,0.0,0.0,1.0,0.0,0.0,255,255,1.0,0.0,0.0,0.0,0.0,0.0,0,97487.0
24,1,0,0,0,0,1,0.0,0.33,1.0,0.0,0.67,6,93,1.0,0.0,0.09,0.0,0.0,1.0,0,10355.0
57,5,0,0,0,0,263,1.0,1.0,0.08,0.06,0.0,255,20,0.08,0.06,0.0,1.0,1.0,0.0,1,80328.0
24,1,0,0,0,0,1,0.0,0.0,1.0,0.0,0.0,11,73,1.0,0.0,0.25,0.0,0.0,1.0,0,93485.0
31,5,0,0,0,0,159,0.13,1.0,0.01,0.58,0.0,255,1,0.0,0.36,0.0,0.08,1.0,0.0,1,26432.0
47,1,0,0,0,0,214,0.0,0.0,0.02,0.07,0.0,255,4,0.02,0.07,0.0,0.0,0.0,1.0,1,37539.0
4,5,0,0,0,0,203,1.0,1.0,0.03,0.05,0.0,255,6,0.02,0.05,0.0,1.0,1.0,0.0,1,115088.0
47,5,0,0,0,0,203,1.0,1.0,0.03,0.05,0.0,255,6,0.02,0.05,0.0,1.0,1.0,0.0,1,16521.0
33,5,0,0,0,0,269,1.0,1.0,0.09,0.04,0.0,255,23,0.09,0.05,0.0,1.0,1.0,0.0,1,74533.0
25,5,0,0,0,0,41,1.0,1.0,0.1,0.12,0.0,255,4,0.02,0.08,0.0,1.0,1.0,0.0,1,121145.0
24,9,203,2282,0,1,3,0.0,0.0,1.0,0.0,0.0,101,255,1.0,0.0,0.07,0.0,0.0,0.0,0,63397.0
24,9,299,711,0,1,4,0.0,0.0,1.0,0.0,0.06,185,255,1.0,0.0,0.02,0.0,0.0,0.0,0,35129.0
24,9,324,1415,0,1,2,0.0,0.0,1.0,0.0,0.0,2,2,1.0,0.0,0.0,0.0,0.0,0.0,0,110651.0
47,9,105,147,0,0,1,0.0,0.0,1.0,0.0,0.0,198,196,0.99,0.01,0.0,0.0,0.0,0.0,0,111327.0
24,9,291,6153,0,1,4,0.0,0.0,1.0,0.0,0.0,246,255,1.0,0.0,0.01,0.0,0.0,0.0,0,8775.0
62,9,182,0,0,0,2,0.0,0.0,0.5,1.0,0.0,255,22,0.09,0.01,0.0,0.0,0.0,0.0,0,13381.0
47,5,0,0,0,0,132,1.0,1.0,0.09,0.06,0.0,81,12,0.15,0.09,0.0,1.0,1.0,0.0,1,29758.0
24,9,230,10597,0,1,5,0.0,0.0,1.0,0.0,0.0,5,255,1.0,0.0,0.04,0.0,0.0,0.0,0,89197.0
24,9,231,346,0,1,1,0.0,0.0,1.0,0.0,0.0,1,255,1.0,0.0,0.03,0.0,0.0,0.0,0,54444.0
24,5,0,0,0,0,127,1.0,1.0,0.14,0.06,0.0,255,1,0.0,0.07,0.0,1.0,1.0,0.0,1,50822.0
47,5,0,0,0,0,143,1.0,1.0,0.11,0.06,0.0,255,12,0.05,0.07,0.0,1.0,1.0,0.0,1,93513.0
24,9,311,488,0,1,10,0.0,0.0,1.0,0.0,0.0,51,255,1.0,0.0,0.04,0.0,0.0,0.0,0,77373.0
66,5,0,0,0,0,106,1.0,1.0,0.04,0.07,0.0,255,4,0.02,0.06,0.0,1.0,1.0,0.0,1,94621.0
12,9,132,43,0,0,265,0.0,0.0,1.0,0.01,0.0,154,121,0.79,0.01,0.0,0.0,0.0,0.0,0,32447.0
47,5,0,0,0,0,298,1.0,1.0,0.03,0.05,0.0,255,9,0.04,0.07,0.0,1.0,1.0,0.0,1,38730.0
42,9,146,105,0,0,1,0.0,0.0,1.0,0.0,0.0,255,3,0.01,0.47,0.0,0.0,0.0,0.0,0,118956.0
24,9,253,25880,0,1,11,0.0,0.0,1.0,0.0,0.17,255,255,1.0,0.0,0.0,0.0,0.0,0.0,0,104545.0
20,9,334,0,0,1,1,0.0,0.0,1.0,0.0,0.0,7,17,1.0,0.0,0.18,0.0,0.0,0.0,1,41073.0
24,9,255,438,0,1,15,0.0,0.0,1.0,0.0,0.0,255,255,1.0,0.0,0.0,0.0,0.0,0.0,0,93837.0
28,1,0,0,0,0,97,0.0,0.0,0.04,0.08,0.0,255,4,0.02,0.06,0.0,0.0,0.0,1.0,1,77970.0
27,5,0,0,0,0,263,1.0,1.0,0.04,0.06,0.0,255,10,0.04,0.07,0.0,1.0,1.0,0.0,1,13113.0
52,9,1481,393,0,1,1,0.0,0.0,1.0,0.0,1.0,255,10,0.04,0.06,0.0,0.0,0.0,0.0,0,125550.0
15,9,1032,0,0,0,511,0.0,0.0,1.0,0.0,0.0,255,148,0.58,0.02,0.0,0.0,0.0,0.0,1,48196.0
24,9,280,3727,0,1,2,0.0,0.0,1.0,0.0,0.0,16,255,1.0,0.0,0.06,0.0,0.0,0.0,0,22446.0
24,9,228,1451,0,1,18,0.0,0.0,1.0,0.0,0.0,69,255,1.0,0.0,0.01,0.0,0.0,0.0,0,101097.0
20,9,26,0,0,0,1,0.0,0.0,1.0,0.0,0.0,127,39,0.12,0.03,0.05,0.0,0.0,0.0,0,47639.0
20,9,641,0,0,0,1,0.0,0.0,1.0,0.0,0.0,77,39,0.22,0.05,0.05,0.0,0.0,0.0,0,108265.0
47,5,0,0,0,0,1,1.0,1.0,1.0,0.0,0.0,255,14,0.05,0.07,0.0,1.0,1.0,0.0,1,104625.0
16,5,0,0,0,0,101,1.0,1.0,0.01,0.07,0.0,255,1,0.0,0.07,0.0,1.0,1.0,0.0,1,96050.0
47,1,0,0,0,0,322,0.03,0.0,0.0,1.0,0.0,255,1,0.0,1.0,0.0,0.04,0.0,1.0,1,60842.0
24,9,255,2082,0,1,4,0.0,0.0,1.0,0.0,0.0,77,255,1.0,0.0,0.02,0.01,0.01,0.0,0,94743.0
58,9,410,1499891,0,1,1,0.0,0.0,1.0,0.0,0.0,197,59,0.3,0.02,0.0,0.0,0.0,0.0,0,79273.0
20,9,245,0,0,1,2,0.0,0.0,1.0,0.0,0.0,1,1,1.0,0.0,0.0,0.0,0.0,0.0,0,5816.0
12,9,44,113,0,0,1,0.0,0.0,1.0,0.0,1.0,255,235,0.92,0.01,0.0,0.0,0.0,0.0,0,90516.0
47,1,0,0,0,0,260,0.0,0.0,0.05,0.06,0.0,255,12,0.05,0.08,0.0,0.0,0.0,1.0,1,22348.0
24,9,348,2170,0,1,9,0.0,0.0,1.0,0.0,0.0,13,255,1.0,0.0,0.04,0.0,0.0,0.0,0,32594.0
15,9,520,0,0,0,319,0.0,0.0,1.0,0.0,0.0,255,255,1.0,0.0,0.0,0.0,0.0,0.0,1,101072.0
47,5,0,0,0,0,103,0.99,1.0,0.1,0.07,0.0,255,8,0.03,0.06,0.0,1.0,1.0,0.0,1,30992.0
20,5,0,0,0,0,71,0.99,1.0,0.23,0.07,0.0,255,36,0.14,0.05,0.0,1.0,1.0,0.0,1,57438.0
24,9,290,661,0,1,11,0.0,0.0,1.0,0.0,0.0,11,255,1.0,0.0,0.04,0.0,0.0,0.0,0,104671.0
47,9,28,0,3,0,31,0.0,0.0,1.0,0.0,0.0,103,31,0.3,0.04,0.0,0.0,0.0,0.0,1,22236.0
12,9,45,81,0,0,174,0.0,0.0,1.0,0.0,0.0,255,204,0.8,0.01,0.0,0.0,0.0,0.0,0,47656.0
24,9,216,12425,0,1,2,0.0,0.0,1.0,0.0,0.15,255,255,1.0,0.0,0.0,0.0,0.0,0.0,0,86913.0
52,9,3235,281,0,1,1,0.0,0.0,1.0,0.0,0.0,255,118,0.46,0.03,0.0,0.0,0.0,0.0,0,11896.0
47,9,1,0,0,0,20,0.0,0.0,0.15,0.15,0.0,255,3,0.01,0.92,0.0,0.16,0.0,0.0,1,96170.0
47,5,0,0,0,0,233,1.0,1.0,0.06,0.06,0.0,255,15,0.06,0.06,0.0,1.0,1.0,0.0,1,77487.0
52,9,1215,340,0,1,1,0.0,0.0,1.0,0.0,0.0,161,154,0.65,0.03,0.01,0.0,0.0,0.0,0,99507.0
47,1,0,0,0,0,114,0.0,0.0,0.11,0.07,0.0,189,12,0.06,0.07,0.0,0.0,0.0,1.0,1,122179.0
41,9,48,48,0,0,0,0.0,0.0,0.0,0.0,0.0,30,28,0.93,0.07,0.0,0.0,0.0,0.0,0,51566.0
29,5,0,0,0,0,102,1.0,1.0,0.01,0.07,0.0,255,1,0.0,0.07,0.0,1.0,1.0,0.0,1,82631.0
47,5,0,0,0,0,83,1.0,1.0,0.05,0.06,0.0,255,18,0.07,0.07,0.0,1.0,1.0,0.0,1,44963.0
24,9,223,2431,0,1,2,0.0,0.0,1.0,0.0,0.17,255,255,1.0,0.0,0.0,0.0,0.0,0.0,0,68238.0
47,5,0,0,0,0,142,1.0,1.0,0.13,0.06,0.0,255,15,0.06,0.07,0.0,1.0,1.0,0.0,1,124012.0
10,2,0,0,0,0,241,0.0,0.0,0.01,0.06,0.0,255,3,0.01,0.07,0.0,0.0,0.0,1.0,1,96434.0
52,9,2612,331,0,1,1,0.0,0.0,1.0,0.0,0.0,255,154,0.6,0.01,0.0,0.0,0.0,0.0,0,20738.0
24,9,317,5316,0,1,5,0.0,0.0,1.0,0.0,0.15,255,255,1.0,0.0,0.0,0.0,0.0,0.0,0,121052.0
12,9,44,127,0,0,75,0.0,0.0,1.0,0.0,0.01,253,169,0.67,0.01,0.0,0.0,0.0,0.0,0,85746.0
47,5,0,0,0,0,251,1.0,1.0,0.05,0.06,0.0,255,9,0.04,0.07,0.0,1.0,1.0,0.0,1,36258.0
24,9,234,11700,0,1,3,0.0,0.0,1.0,0.0,0.33,15,255,1.0,0.0,0.04,0.0,0.0,0.0,0,81982.0
47,5,0,0,0,0,229,1.0,1.0,0.03,0.06,0.0,255,5,0.02,0.07,0.0,1.0,1.0,0.0,1,108777.0
18,5,0,0,0,0,187,1.0,1.0,0.04,0.08,0.0,255,7,0.03,0.08,0.0,1.0,1.0,0.0,1,38983.0
42,1,0,0,0,0,422,0.08,0.0,0.0,1.0,0.0,255,1,0.0,1.0,0.0,0.09,0.0,1.0,1,5566.0
24,1,0,0,0,0,2,0.0,0.0,1.0,0.0,0.0,255,255,1.0,0.0,0.0,0.0,0.0,0.04,0,104742.0
20,9,22,0,0,1,1,0.0,0.0,1.0,0.0,0.0,35,58,0.11,0.11,0.03,0.0,0.0,0.0,0,31702.0
24,9,308,307,0,1,13,0.0,0.0,1.0,0.0,0.24,255,255,1.0,0.0,0.0,0.0,0.0,0.0,0,28304.0
12,9,33,0,0,0,1,0.0,0.0,1.0,0.0,0.67,213,12,0.04,0.03,0.17,0.0,0.0,0.0,0,8662.0
14,9,8,0,0,0,1,0.0,0.0,1.0,0.0,1.0,4,116,1.0,0.0,0.25,0.0,0.0,0.0,1,23471.0
24,9,320,3502,0,1,14,0.0,0.0,1.0,0.0,0.13,88,255,1.0,0.0,0.02,0.0,0.0,0.0,0,56214.0
64,5,0,0,0,0,108,1.0,1.0,0.04,0.07,0.0,255,4,0.02,0.08,0.0,1.0,1.0,0.0,1,43852.0
47,5,0,0,0,0,230,1.0,1.0,0.03,0.06,0.0,255,14,0.05,0.07,0.0,1.0,1.0,0.0,1,65113.0
18,5,0,0,0,0,16,1.0,1.0,0.5,0.12,0.0,176,51,0.27,0.02,0.04,1.0,0.94,0.0,1,30157.0
24,9,315,1223,0,1,38,0.0,0.0,1.0,0.0,0.07,255,255,1.0,0.0,0.0,0.0,0.0,0.0,0,109546.0
47,4,0,0,0,0,1,0.0,0.0,1.0,0.0,0.0,148,1,0.01,0.68,0.0,0.04,0.0,1.0,1,40476.0
15,9,1480,0,1,0,2,0.0,0.0,1.0,0.0,0.0,255,2,0.01,0.02,0.0,0.0,0.0,0.0,1,24469.0
14,9,18,0,0,0,1,0.0,0.0,1.0,0.0,0.0,1,241,1.0,0.0,0.25,0.0,0.0,0.0,1,33560.0
52,9,2265,278,0,1,1,0.0,0.0,1.0,0.0,0.0,196,158,0.66,0.04,0.01,0.0,0.0,0.0,0,34557.0
20,9,2881,0,0,1,4,0.0,0.0,1.0,0.0,0.0,93,19,0.15,0.03,0.11,0.0,0.0,0.0,0,41705.0
35,1,0,0,0,0,150,0.0,0.0,0.13,0.05,0.0,255,12,0.05,0.07,0.0,0.0,0.0,1.0,1,61135.0
58,5,0,0,0,0,56,1.0,1.0,0.25,0.07,0.0,255,30,0.12,0.05,0.0,1.0,1.0,0.0,1,57504.0
24,1,0,0,0,0,1,0.0,0.0,1.0,0.0,1.0,104,255,1.0,0.0,0.03,0.0,0.01,0.12,0,85074.0
24,9,204,930,0,1,2,0.0,0.0,1.0,0.0,0.67,255,255,1.0,0.0,0.0,0.0,0.0,0.0,0,95438.0
47,1,0,0,0,0,108,0.0,0.0,0.06,0.06,0.0,255,7,0.03,0.06,0.0,0.0,0.0,1.0,1,95607.0
64,5,0,0,0,0,144,1.0,1.0,0.1,0.06,0.0,255,14,0.05,0.05,0.0,1.0,1.0,0.0,1,91731.0
24,9,290,732,0,1,5,0.0,0.0,1.0,0.0,0.0,77,255,1.0,0.0,0.04,0.0,0.0,0.0,0,31898.0
47,9,1,0,0,0,158,0.0,0.0,0.94,0.01,0.0,255,208,0.82,0.03,0.0,0.0,0.0,0.0,1,59673.0
20,9,1376,0,0,1,4,0.0,0.0,1.0,0.0,0.0,255,40,0.16,0.02,0.0,0.0,0.0,0.0,0,88347.0
24,9,258,646195,0,1,1,0.0,0.0,1.0,0.0,0.0,59,255,1.0,0.0,0.02,0.0,0.0,0.06,0,14712.0
52,9,3057,335,0,1,1,0.0,0.0,1.0,0.0,1.0,232,105,0.38,0.03,0.02,0.0,0.0,0.0,0,51991.0
12,9,43,79,0,0,218,0.0,0.0,1.0,0.01,0.01,255,254,1.0,0.01,0.0,0.0,0.0,0.0,0,109320.0
14,9,8,0,0,0,1,0.0,0.0,1.0,0.0,1.0,2,6,1.0,0.0,0.5,0.0,0.0,0.0,1,104536.0
36,5,0,0,0,0,284,1.0,1.0,0.02,0.05,0.0,255,5,0.02,0.05,0.0,1.0,1.0,0.0,1,100212.0
42,4,1,0,0,0,2,0.0,0.0,1.0,0.0,0.0,255,2,0.01,0.73,0.0,0.0,0.0,1.0,1,112486.0
19,9,873,2586,0,1,1,0.0,0.0,1.0,0.0,0.0,9,9,1.0,0.0,0.0,0.0,0.0,0.0,0,120736.0
26,1,0,0,0,0,258,0.0,0.0,0.01,0.07,0.0,255,3,0.01,0.09,0.0,0.0,0.0,1.0,1,63416.0
15,9,520,0,0,0,384,0.0,0.0,1.0,0.0,0.0,255,255,1.0,0.0,0.0,0.0,0.0,0.0,1,121789.0
4,5,0,0,0,0,237,1.0,1.0,0.09,0.05,0.0,255,22,0.09,0.05,0.0,1.0,1.0,0.0,1,19195.0
42,1,0,0,0,0,350,0.06,0.0,0.0,1.0,0.0,255,1,0.0,1.0,0.0,0.08,0.0,1.0,1,82244.0
4,5,0,0,0,0,229,1.0,1.0,0.08,0.05,0.0,255,19,0.07,0.05,0.0,1.0,1.0,0.0,1,110508.0
24,9,341,2252,0,1,6,0.0,0.0,1.0,0.0,0.14,255,255,1.0,0.0,0.0,0.0,0.0,0.0,0,46269.0
58,5,0,0,0,0,32,1.0,1.0,0.22,0.12,0.0,255,60,0.24,0.03,0.0,1.0,1.0,0.0,1,19347.0
28,5,0,0,0,0,45,1.0,1.0,0.2,0.07,0.0,255,9,0.04,0.05,0.0,1.0,1.0,0.0,1,107108.0
23,5,0,0,0,0,279,1.0,1.0,0.04,0.06,0.0,255,10,0.04,0.08,0.0,1.0,1.0,0.0,1,798.0
40,5,0,0,0,0,122,1.0,1.0,0.18,0.04,0.0,255,22,0.09,0.04,0.0,1.0,1.0,0.0,1,16204.0
24,9,377,370,0,1,3,0.33,0.33,1.0,0.0,0.0,255,255,1.0,0.0,0.0,0.0,0.0,0.0,0,81933.0
47,5,0,0,0,0,128,1.0,1.0,0.02,0.07,0.0,255,2,0.01,0.06,0.0,1.0,1.0,0.0,1,26910.0
28,5,0,0,0,0,125,1.0,1.0,0.01,0.07,0.0,255,1,0.0,0.06,0.0,1.0,1.0,0.0,1,108047.0
24,5,0,0,0,0,79,1.0,1.0,0.25,0.05,0.0,255,56,0.22,0.03,0.0,1.0,1.0,0.0,1,25790.0
24,9,54540,8314,0,1,5,0.0,0.0,1.0,0.0,0.33,128,128,1.0,0.0,0.0,0.0,0.0,0.05,1,18388.0
24,9,342,9284,0,1,14,0.0,0.0,1.0,0.0,0.0,126,255,1.0,0.0,0.03,0.01,0.0,0.0,0,67419.0
52,9,1301,335,0,1,1,0.0,0.0,1.0,0.0,1.0,67,114,0.24,0.1,0.03,0.0,0.0,0.0,0,784.0
47,1,0,0,0,0,105,0.0,0.0,0.13,0.06,0.0,255,14,0.05,0.06,0.0,0.0,0.0,1.0,1,59397.0
24,9,289,33599,0,1,1,0.0,0.0,1.0,0.0,0.0,2,255,1.0,0.0,0.06,0.0,0.0,0.0,0,96090.0
52,9,704,336,0,1,1,0.0,0.0,1.0,0.0,1.0,44,139,0.84,0.09,0.01,0.0,0.0,0.0,0,64819.0
42,9,147,105,0,0,1,0.0,0.0,1.0,0.0,0.0,255,2,0.01,0.72,0.0,0.0,0.0,0.0,0,25403.0
34,5,0,0,0,0,294,1.0,1.0,0.08,0.05,0.0,255,23,0.09,0.05,0.0,1.0,1.0,0.0,1,69095.0
24,1,0,0,0,0,1,0.0,0.0,1.0,0.0,0.0,5,32,1.0,0.0,0.31,0.0,0.0,1.0,0,55155.0
20,5,0,0,0,0,279,1.0,1.0,0.04,0.05,0.0,255,2,0.01,0.09,0.0,1.0,1.0,0.0,1,100864.0
20,9,7077,0,0,1,5,0.0,0.0,1.0,0.0,0.0,88,39,0.14,0.06,0.05,0.0,0.0,0.0,0,118394.0
47,1,0,0,0,0,126,0.0,0.0,0.1,0.06,0.0,255,27,0.11,0.07,0.0,0.0,0.0,1.0,1,99808.0
47,5,0,0,0,0,237,1.0,1.0,0.08,0.05,0.0,255,20,0.08,0.07,0.0,1.0,1.0,0.0,1,12081.0
24,9,297,12884,0,1,10,0.0,0.0,1.0,0.0,0.17,135,135,1.0,0.0,0.0,0.0,0.0,0.0,0,111297.0
58,9,119,6504,0,1,1,0.0,0.0,1.0,0.0,0.0,231,2,0.01,0.03,0.0,0.0,0.0,0.0,0,103714.0
47,4,1,0,0,0,2,0.0,0.0,1.0,0.0,0.0,255,2,0.01,0.51,0.0,0.0,0.0,1.0,1,116491.0
24,9,329,1695,0,1,10,0.0,0.0,1.0,0.0,0.08,255,255,1.0,0.0,0.0,0.0,0.0,0.0,0,41181.0
47,5,0,0,0,0,96,0.99,1.0,0.03,0.07,0.0,255,3,0.01,0.06,0.0,1.0,1.0,0.0,1,93052.0
47,9,28,0,3,0,47,0.0,0.0,1.0,0.0,0.0,255,147,0.58,0.43,0.0,0.09,0.0,0.0,1,30597.0
42,1,0,0,0,0,375,0.06,0.0,0.0,1.0,0.0,255,1,0.0,1.0,0.0,0.08,0.0,1.0,1,88376.0
12,9,45,131,0,0,68,0.0,0.0,1.0,0.0,0.01,189,135,0.71,0.02,0.0,0.0,0.0,0.0,0,69307.0
6,5,0,0,0,0,106,1.0,1.0,0.06,0.07,0.0,255,6,0.02,0.07,0.0,1.0,1.0,0.0,1,95537.0
52,9,717,338,0,1,1,0.0,0.0,1.0,0.0,0.0,60,198,0.73,0.07,0.02,0.0,0.0,0.0,0,25316.0
42,9,8325,0,0,1,17,0.06,0.0,0.06,0.24,0.0,54,1,0.02,0.13,0.0,0.02,0.0,0.0,0,89375.0
24,5,0,0,0,0,267,1.0,1.0,0.07,0.05,0.0,255,20,0.08,0.07,0.0,1.0,1.0,0.0,1,116481.0
24,9,196,269,0,1,6,0.0,0.0,1.0,0.0,0.0,6,255,1.0,0.0,0.08,0.0,0.0,0.0,0,110991.0
20,9,40494,0,0,1,15,0.0,0.0,1.0,0.0,0.0,255,62,0.24,0.02,0.0,0.28,0.32,0.0,0,5989.0
51,5,0,0,0,0,128,1.0,1.0,0.15,0.05,0.0,255,19,0.07,0.05,0.0,1.0,1.0,0.0,1,6595.0
24,7,224,137562,0,1,1,1.0,0.1,1.0,0.0,0.2,1,8,1.0,0.0,0.38,1.0,0.12,0.0,0,55065.0
42,5,0,0,0,0,230,1.0,1.0,0.0,0.05,0.0,255,1,0.0,0.06,0.0,1.0,1.0,0.0,1,31498.0
47,5,0,0,0,0,126,1.0,1.0,0.15,0.06,0.0,255,13,0.05,0.07,0.0,1.0,1.0,0.0,1,46790.0
26,5,0,0,0,0,267,1.0,1.0,0.02,0.06,0.0,255,5,0.02,0.08,0.0,1.0,1.0,0.0,1,49835.0
19,9,1067,3081,0,1,1,0.0,0.0,1.0,0.0,0.0,172,44,0.26,0.03,0.0,0.0,0.0,0.02,0,97135.0
47,9,105,145,0,0,7,0.0,0.0,0.14,0.29,0.0,255,223,0.87,0.01,0.0,0.0,0.0,0.0,0,90311.0
58,5,0,0,0,0,193,1.0,1.0,0.01,0.07,0.0,255,2,0.01,0.09,0.0,1.0,1.0,0.0,1,83595.0
16,5,0,0,0,0,130,1.0,1.0,0.15,0.05,0.0,255,20,0.08,0.06,0.0,1.0,1.0,0.0,1,68902.0
25,1,0,0,0,0,146,0.0,0.0,0.12,0.05,0.0,255,17,0.07,0.06,0.0,0.0,0.0,1.0,1,6461.0
24,9,308,1155,0,1,7,0.0,0.0,1.0,0.0,0.0,192,255,1.0,0.0,0.01,0.0,0.0,0.0,0,121659.0
24,9,242,5734,0,1,19,0.0,0.0,1.0,0.0,0.1,170,255,1.0,0.0,0.01,0.0,0.0,0.0,0,63488.0
47,5,0,0,0,0,289,1.0,1.0,0.03,0.06,0.0,255,14,0.05,0.08,0.0,1.0,1.0,0.0,1,18150.0
47,1,0,0,0,0,59,0.0,0.0,0.34,0.05,0.0,255,19,0.07,0.07,0.0,0.0,0.0,1.0,1,121154.0
24,9,221,337,0,1,4,0.0,0.0,1.0,0.0,0.0,255,255,1.0,0.0,0.0,0.0,0.0,0.0,0,106783.0
24,9,196,8033,0,1,1,0.0,0.0,1.0,0.0,0.0,1,255,1.0,0.0,0.04,0.0,0.0,0.0,0,69589.0
24,9,225,2043,0,1,15,0.0,0.0,1.0,0.0,0.0,96,255,1.0,0.0,0.03,0.01,0.01,0.0,0,31886.0
20,9,11376,0,0,1,8,0.0,0.0,1.0,0.0,0.0,168,62,0.37,0.06,0.0,0.01,0.02,0.0,0,112394.0
15,9,1032,0,0,0,179,0.0,0.0,1.0,0.0,0.0,255,179,0.7,0.01,0.0,0.0,0.0,0.0,1,113483.0
52,9,1079,280,0,1,1,0.0,0.0,1.0,0.0,0.0,91,139,0.43,0.05,0.01,0.01,0.01,0.0,0,37425.0
52,9,785,330,0,1,1,0.0,0.0,1.0,0.0,1.0,75,63,0.84,0.04,0.0,0.0,0.0,0.0,0,44212.0
20,9,6062,0,0,1,13,0.0,0.0,1.0,0.0,0.0,92,118,0.38,0.09,0.02,0.01,0.0,0.0,0,52406.0
12,9,45,128,0,0,74,0.0,0.0,1.0,0.0,0.01,255,254,1.0,0.01,0.0,0.0,0.0,0.0,0,3500.0
24,7,54540,8315,0,1,6,0.17,0.17,1.0,0.0,0.0,28,28,1.0,0.0,0.0,0.04,0.04,0.04,1,27620.0
20,9,748,0,0,1,1,0.0,0.0,1.0,0.0,1.0,255,70,0.27,0.02,0.0,0.0,0.0,0.0,0,62903.0
21,1,0,0,0,0,274,0.0,0.0,0.07,0.05,0.0,255,20,0.08,0.07,0.0,0.0,0.0,1.0,1,91912.0
24,9,240,2698,0,1,5,0.0,0.0,1.0,0.0,0.0,255,251,0.98,0.01,0.0,0.0,0.0,0.0,0,68676.0
24,9,206,19950,0,1,10,0.0,0.0,1.0,0.0,0.2,10,255,1.0,0.0,0.01,0.0,0.0,0.0,0,99056.0
58,5,0,0,0,0,69,1.0,1.0,0.26,0.06,0.0,255,71,0.28,0.02,0.0,1.0,1.0,0.0,1,11565.0
63,5,0,0,0,0,141,1.0,1.0,0.08,0.06,0.0,255,4,0.02,0.07,0.0,1.0,1.0,0.0,1,6763.0
5,5,0,0,0,0,214,1.0,1.0,0.09,0.06,0.0,255,19,0.07,0.07,0.0,1.0,1.0,0.0,1,108133.0
31,1,0,0,0,0,238,0.0,0.0,0.02,0.07,0.0,255,4,0.02,0.08,0.0,0.0,0.0,1.0,1,85598.0
24,9,235,952,0,1,7,0.0,0.0,1.0,0.0,0.14,182,255,1.0,0.0,0.01,0.0,0.0,0.0,0,121448.0
12,9,45,114,0,0,1,0.0,0.0,1.0,0.0,0.4,255,235,0.92,0.01,0.0,0.0,0.0,0.0,0,22052.0
20,5,0,0,0,0,62,1.0,1.0,0.23,0.06,0.0,255,34,0.13,0.05,0.0,1.0,1.0,0.0,1,105271.0
14,9,8,0,0,0,1,0.0,0.0,1.0,0.0,1.0,2,129,1.0,0.0,0.5,0.0,0.0,0.0,1,47248.0
47,5,0,0,0,0,205,1.0,1.0,0.02,0.05,0.0,255,4,0.02,0.06,0.0,1.0,1.0,0.0,1,22977.0
47,5,0,0,0,0,264,1.0,1.0,0.05,0.06,0.0,255,8,0.03,0.09,0.0,1.0,1.0,0.0,1,117839.0
24,9,275,1274,0,1,18,0.0,0.0,1.0,0.0,0.13,255,255,1.0,0.0,0.0,0.0,0.0,0.0,0,94958.0
52,9,1125,366,0,1,1,0.0,0.0,1.0,0.0,0.0,135,76,0.56,0.02,0.0,0.0,0.0,0.0,0,66387.0
24,9,344,2511,0,1,10,0.0,0.0,1.0,0.0,0.18,255,255,1.0,0.0,0.0,0.0,0.0,0.0,0,89451.0
24,9,340,344,0,1,7,0.0,0.0,1.0,0.0,0.0,41,255,1.0,0.0,0.03,0.0,0.0,0.0,0,61002.0
32,5,0,0,0,0,134,1.0,1.0,0.17,0.05,0.0,255,23,0.09,0.05,0.0,1.0,1.0,0.0,1,77022.0
47,5,0,0,0,0,242,1.0,1.0,0.06,0.06,0.0,255,6,0.02,0.08,0.0,1.0,1.0,0.0,1,26068.0
1,4,3660,2016,0,1,2,0.0,0.0,1.0,0.0,0.0,6,6,1.0,0.0,0.0,0.17,0.17,0.17,0,78185.0
14,9,18,0,0,0,1,0.0,0.0,1.0,0.0,0.0,1,131,1.0,0.0,1.0,0.0,0.0,0.0,1,72802.0
13,5,0,0,0,0,206,1.0,1.0,0.08,0.07,0.0,255,17,0.07,0.07,0.0,1.0,1.0,0.0,1,14777.0
52,9,1125,326,0,1,1,0.0,0.0,1.0,0.0,1.0,199,150,0.59,0.02,0.01,0.0,0.0,0.0,0,79296.0
24,9,236,960,0,1,9,0.0,0.0,1.0,0.0,0.18,255,255,1.0,0.0,0.0,0.0,0.0,0.0,0,84305.0
12,9,35,95,0,0,3,0.0,0.0,1.0,0.0,0.0,151,209,0.9,0.01,0.01,0.0,0.0,0.0,0,110654.0
47,9,28,0,3,0,141,0.71,0.0,0.29,0.05,0.0,255,41,0.16,0.84,0.0,0.09,0.0,0.0,1,40662.0
24,9,320,6660,0,1,6,0.0,0.0,1.0,0.0,0.0,138,255,1.0,0.0,0.01,0.0,0.0,0.0,0,99730.0
12,9,42,42,0,0,5,0.0,0.0,1.0,0.0,0.0,255,225,0.88,0.01,0.0,0.0,0.0,0.0,0,57404.0
24,9,285,812,0,1,5,0.2,0.2,1.0,0.0,0.0,255,255,1.0,0.0,0.0,0.0,0.0,0.0,0,6772.0
20,5,0,0,0,0,39,1.0,1.0,0.03,0.1,0.0,255,61,0.24,0.02,0.0,1.0,1.0,0.0,1,27264.0
47,9,105,146,0,0,1,0.0,0.0,1.0,0.0,0.0,141,133,0.94,0.02,0.0,0.0,0.0,0.0,0,105254.0
20,9,960,0,0,1,2,0.0,0.0,1.0,0.0,0.0,172,113,0.4,0.03,0.02,0.0,0.0,0.0,0,94371.0
24,9,209,803,0,1,17,0.0,0.0,1.0,0.0,0.11,62,255,1.0,0.0,0.01,0.02,0.0,0.0,0,90995.0
24,9,276,308,0,1,6,0.0,0.0,1.0,0.0,0.29,255,255,1.0,0.0,0.0,0.0,0.0,0.0,0,20204.0
20,5,0,0,0,0,30,0.97,1.0,0.3,0.1,0.0,255,8,0.03,0.06,0.0,1.0,1.0,0.0,1,40814.0
14,9,8,0,0,0,1,0.0,0.0,1.0,0.0,1.0,1,86,1.0,0.0,0.51,0.0,0.0,0.0,1,95345.0
39,5,0,0,0,0,142,1.0,1.0,0.14,0.06,0.0,255,20,0.08,0.07,0.0,1.0,1.0,0.0,1,49252.0
35,5,0,0,0,0,115,1.0,1.0,0.12,0.06,0.0,255,14,0.05,0.08,0.0,1.0,1.0,0.0,1,2982.0
24,9,343,585,0,1,14,0.0,0.0,1.0,0.0,0.0,14,26,1.0,0.0,0.08,0.0,0.0,0.0,0,13145.0
24,9,254,20979,0,1,2,0.0,0.0,1.0,0.0,0.0,160,255,1.0,0.0,0.01,0.0,0.0,0.0,0,74374.0
45,2,0,0,0,0,228,0.0,0.0,0.01,0.07,0.0,255,3,0.01,0.07,0.0,0.0,0.0,1.0,1,90131.0
47,5,0,0,0,0,274,1.0,1.0,0.04,0.05,0.0,255,2,0.01,0.07,0.0,1.0,1.0,0.0,1,82028.0
58,5,0,0,0,0,149,1.0,1.0,0.07,0.05,0.0,255,7,0.03,0.07,0.0,1.0,1.0,0.0,1,77651.0
19,2,0,0,0,0,273,0.0,0.0,0.06,0.07,0.0,255,17,0.07,0.08,0.0,0.0,0.0,1.0,1,100037.0
24,9,329,3432,0,1,33,0.0,0.0,1.0,0.0,0.06,255,255,1.0,0.0,0.0,0.0,0.0,0.0,0,96445.0
47,5,0,0,0,0,231,1.0,1.0,0.1,0.05,0.0,255,24,0.09,0.06,0.0,1.0,1.0,0.0,1,100823.0
47,1,0,0,0,0,215,0.0,0.0,0.0,0.07,0.0,255,1,0.0,0.08,0.0,0.0,0.0,1.0,1,6809.0
24,9,328,540,0,1,5,0.0,0.0,1.0,0.0,0.33,255,255,1.0,0.0,0.0,0.0,0.0,0.0,0,86652.0
47,5,0,0,0,0,174,1.0,1.0,0.03,0.06,0.0,255,14,0.05,0.09,0.0,1.0,1.0,0.0,1,13874.0
25,5,0,0,0,0,146,1.0,1.0,0.12,0.06,0.0,255,5,0.02,0.08,0.0,1.0,1.0,0.0,1,40202.0
20,6,2187080,0,0,1,2,0.5,0.5,1.0,0.0,0.0,173,101,0.58,0.07,0.0,0.01,0.02,0.0,0,18750.0
47,1,0,0,0,0,219,0.0,0.0,0.06,0.06,0.0,255,13,0.05,0.07,0.0,0.0,0.0,1.0,1,9711.0
24,9,233,396,0,1,17,0.0,0.0,1.0,0.0,0.0,255,255,1.0,0.0,0.0,0.0,0.0,0.0,0,28250.0
24,9,233,813,0,1,12,0.0,0.0,1.0,0.0,0.0,255,255,1.0,0.0,0.0,0.0,0.0,0.0,0,93726.0
24,9,485,7281,0,1,6,0.17,0.17,1.0,0.0,0.0,255,255,1.0,0.0,0.0,0.0,0.0,0.0,0,106440.0
24,9,265,22926,0,1,4,0.0,0.0,1.0,0.0,0.25,132,254,1.0,0.0,0.02,0.0,0.0,0.0,0,95299.0
47,5,0,0,0,0,184,1.0,1.0,0.07,0.06,0.0,255,1,0.0,0.07,0.0,1.0,1.0,0.0,1,123651.0
24,9,283,454,0,1,22,0.0,0.0,1.0,0.0,0.0,255,255,1.0,0.0,0.0,0.0,0.0,0.0,0,112636.0
58,9,380,9682,0,1,1,0.0,0.0,1.0,0.0,0.0,255,28,0.11,0.06,0.0,0.73,0.5,0.11,0,106062.0
24,9,307,1461,0,1,5,0.0,0.0,1.0,0.0,0.0,100,255,1.0,0.0,0.02,0.0,0.0,0.0,0,123475.0
42,4,1,0,0,0,2,0.0,0.0,1.0,0.0,0.0,255,2,0.01,0.64,0.0,0.0,0.0,1.0,1,70173.0
15,9,30,0,0,0,2,0.0,0.0,1.0,0.0,0.0,200,200,1.0,0.0,0.0,0.0,0.0,0.0,0,90730.0
52,9,2231,384,0,1,1,0.0,0.0,1.0,0.0,0.0,255,30,0.12,0.06,0.0,0.72,0.0,0.0,0,125970.0
63,2,0,0,0,0,112,0.0,0.0,0.07,0.07,0.0,255,8,0.03,0.06,0.0,0.0,0.0,1.0,1,28537.0
18,5,0,0,0,0,282,1.0,1.0,0.08,0.05,0.0,255,23,0.09,0.05,0.0,1.0,1.0,0.0,1,120570.0
19,9,1260,2453,0,1,1,0.0,0.0,1.0,0.0,0.0,117,15,0.13,0.05,0.0,0.02,0.0,0.0,1,66590.0
47,4,1,0,0,0,2,0.0,0.0,1.0,0.0,0.0,244,2,0.01,0.26,0.0,0.0,0.0,1.0,1,93707.0
24,9,250,347,0,1,6,0.0,0.0,1.0,0.0,0.0,40,255,1.0,0.0,0.06,0.0,0.0,0.0,0,119029.0
47,4,0,0,0,0,1,0.0,0.0,1.0,0.0,0.0,203,1,0.0,0.2,0.0,0.0,0.0,1.0,1,55043.0
52,9,978,329,0,1,1,0.0,0.0,1.0,0.0,1.0,83,61,0.73,0.04,0.0,0.0,0.0,0.0,0,48430.0
20,9,748,0,0,1,1,0.0,0.0,1.0,0.0,0.0,215,93,0.43,0.01,0.0,0.0,0.01,0.0,0,18192.0
14,9,8,0,0,0,1,0.0,0.0,1.0,0.0,0.0,2,34,1.0,0.0,0.26,0.0,0.0,0.0,1,43119.0
12,9,43,126,0,0,75,0.0,0.0,1.0,0.0,0.01,255,175,0.69,0.02,0.0,0.0,0.0,0.0,0,107091.0
20,9,203,0,0,1,2,0.0,0.0,1.0,0.0,0.0,5,55,0.8,0.4,0.04,0.0,0.0,0.0,0,95858.0
18,5,0,0,0,0,269,1.0,1.0,0.06,0.07,0.0,255,17,0.07,0.06,0.0,1.0,1.0,0.0,1,24233.0
24,9,237,1505,0,1,10,0.0,0.0,1.0,0.0,0.0,65,255,1.0,0.0,0.01,0.0,0.0,0.0,0,57748.0
24,9,242,1991,0,1,21,0.0,0.0,1.0,0.0,0.0,255,255,1.0,0.0,0.0,0.0,0.0,0.0,0,41619.0
12,9,45,77,0,0,4,0.0,0.0,1.0,0.0,0.02,255,254,1.0,0.01,0.0,0.0,0.0,0.0,0,43022.0
20,9,9,0,0,1,2,0.0,0.0,1.0,0.0,0.0,145,119,0.39,0.49,0.02,0.0,0.0,0.01,0,104471.0
66,5,0,0,0,0,206,1.0,1.0,0.02,0.07,0.0,255,4,0.02,0.08,0.0,1.0,1.0,0.0,1,50572.0
42,9,516,4,0,0,218,0.0,0.0,1.0,0.0,0.0,218,218,1.0,0.0,0.0,0.0,0.0,0.0,0,16722.0
47,5,0,0,0,0,358,0.04,1.0,0.0,1.0,0.0,255,1,0.0,1.0,0.0,0.05,1.0,0.0,1,98957.0
14,9,8,0,0,0,1,0.0,0.0,1.0,0.0,1.0,1,97,1.0,0.0,0.51,0.0,0.0,0.0,1,124610.0
6,5,0,0,0,0,120,1.0,1.0,0.02,0.06,0.0,255,16,0.06,0.06,0.0,1.0,1.0,0.0,1,112598.0
52,9,743,359,0,1,1,0.0,0.0,1.0,0.0,1.0,186,78,0.42,0.03,0.0,0.0,0.0,0.0,0,72553.0
47,1,0,0,0,0,127,0.0,0.0,0.05,0.06,0.0,255,5,0.02,0.06,0.0,0.0,0.0,1.0,1,37433.0
24,9,334,5430,0,1,3,0.0,0.0,1.0,0.0,0.0,18,255,1.0,0.0,0.03,0.0,0.0,0.0,0,101771.0
47,5,0,0,0,0,131,1.0,1.0,0.11,0.06,0.0,255,2,0.01,0.06,0.0,1.0,1.0,0.0,1,57286.0
42,1,0,0,0,0,427,0.08,0.0,0.0,1.0,0.0,255,1,0.0,1.0,0.0,0.07,0.0,1.0,1,64064.0
12,9,44,128,0,0,79,0.0,0.0,1.0,0.0,0.01,255,211,0.83,0.01,0.0,0.0,0.0,0.0,0,22950.0
24,9,293,3433,0,1,13,0.0,0.0,1.0,0.0,0.0,255,255,1.0,0.0,0.0,0.0,0.0,0.0,0,44565.0
24,9,153,8386,0,1,3,0.0,0.0,1.0,0.0,0.0,255,255,1.0,0.0,0.0,0.0,0.0,0.0,0,122476.0
52,9,12812,1431,0,1,1,0.0,0.0,1.0,0.0,0.0,124,200,0.69,0.02,0.01,0.0,0.0,0.0,0,90191.0
47,4,0,0,0,0,1,0.0,0.0,1.0,0.0,0.0,65,1,0.02,0.31,0.0,0.09,0.0,1.0,1,78452.0
18,9,7,0,0,0,1,0.0,0.0,1.0,0.0,0.0,21,9,0.1,0.1,0.22,0.05,0.11,0.0,0,99596.0
12,9,45,130,0,0,4,0.0,0.0,1.0,0.0,0.03,255,254,1.0,0.01,0.0,0.0,0.0,0.0,0,32573.0
24,9,275,2799,0,1,33,0.0,0.0,1.0,0.0,0.0,255,255,1.0,0.0,0.0,0.0,0.0,0.0,0,121454.0
24,9,238,311,0,1,52,0.0,0.0,1.0,0.0,0.0,220,255,1.0,0.0,0.02,0.0,0.0,0.0,0,9512.0
52,9,807,330,0,1,1,0.0,0.0,1.0,0.0,0.0,196,122,0.51,0.04,0.02,0.0,0.0,0.0,0,123126.0
47,5,0,0,0,0,226,1.0,1.0,0.04,0.07,0.0,255,8,0.03,0.06,0.0,1.0,1.0,0.0,1,39662.0
20,9,1363,0,0,1,23,0.0,0.0,1.0,0.0,0.0,139,105,0.57,0.04,0.02,0.0,0.0,0.0,0,101924.0
57,1,0,0,0,0,296,0.0,0.0,0.06,0.06,0.0,255,19,0.07,0.07,0.0,0.0,0.0,1.0,1,69249.0
24,9,230,1713,0,1,9,0.0,0.0,1.0,0.0,0.0,25,255,1.0,0.0,0.05,0.0,0.0,0.0,0,95763.0
21,1,0,0,0,0,101,0.0,0.0,0.08,0.06,0.0,255,8,0.03,0.07,0.0,0.0,0.0,1.0,1,77893.0
21,5,0,0,0,0,273,1.0,1.0,0.09,0.05,0.0,255,24,0.09,0.05,0.0,1.0,1.0,0.0,1,15180.0
56,5,0,0,0,0,203,1.0,1.0,0.06,0.06,0.0,255,12,0.05,0.07,0.0,1.0,1.0,0.0,1,20623.0
64,5,0,0,0,0,278,1.0,1.0,0.07,0.06,0.0,255,20,0.08,0.06,0.0,1.0,1.0,0.0,1,53074.0
20,9,748,0,0,1,1,0.0,0.0,1.0,0.0,0.0,28,54,0.04,0.11,0.04,0.0,0.0,0.0,0,118328.0
4,9,9,38,0,1,2,0.0,0.0,0.5,1.0,0.0,255,13,0.05,0.02,0.0,0.0,0.0,0.0,0,4882.0
24,9,232,13603,0,1,1,0.0,0.0,1.0,0.0,1.0,147,147,1.0,0.0,0.0,0.0,0.0,0.01,0,58894.0
12,9,45,131,0,0,178,0.0,0.0,1.0,0.0,0.01,255,253,0.99,0.01,0.0,0.0,0.0,0.0,0,83211.0
24,9,346,1182,0,1,11,0.0,0.0,1.0,0.0,0.0,45,255,1.0,0.0,0.04,0.0,0.0,0.0,0,3659.0
24,9,241,4359,0,1,9,0.0,0.0,1.0,0.0,0.0,255,255,1.0,0.0,0.0,0.0,0.0,0.0,0,78940.0
47,5,0,0,0,0,169,1.0,1.0,0.05,0.06,0.0,255,8,0.03,0.06,0.0,1.0,1.0,0.0,1,77913.0
65,5,0,0,0,0,294,1.0,1.0,0.07,0.04,0.0,255,20,0.08,0.05,0.0,1.0,1.0,0.0,1,2167.0
24,9,218,434,0,1,25,0.0,0.0,1.0,0.0,0.12,255,255,1.0,0.0,0.0,0.0,0.0,0.0,0,16759.0
47,5,0,0,0,0,135,1.0,1.0,0.1,0.06,0.0,239,6,0.03,0.08,0.0,1.0,1.0,0.0,1,16041.0
12,9,44,44,0,0,160,0.0,0.0,1.0,0.0,0.01,255,254,1.0,0.01,0.0,0.0,0.0,0.0,0,7228.0
24,9,203,18905,0,1,13,0.0,0.0,1.0,0.0,0.0,51,255,1.0,0.0,0.03,0.0,0.0,0.0,0,92942.0
24,5,0,0,0,0,20,1.0,1.0,0.4,0.2,0.0,100,28,0.28,0.04,0.0,1.0,1.0,0.0,1,10118.0
24,5,0,0,0,0,2,0.5,0.5,1.0,0.0,0.0,210,255,1.0,0.0,0.02,0.0,0.0,0.0,0,105935.0
24,9,289,1617,0,1,3,0.0,0.0,1.0,0.0,0.0,2,255,1.0,0.0,0.07,0.0,0.0,0.03,0,75740.0
20,9,960,0,0,1,2,0.0,0.0,1.0,0.0,0.0,17,88,0.35,0.12,0.02,0.0,0.0,0.0,0,67777.0
36,1,0,0,0,0,242,0.0,0.0,0.07,0.06,0.0,255,18,0.07,0.07,0.0,0.0,0.0,1.0,1,78824.0
15,9,1032,0,0,0,211,0.0,0.0,1.0,0.0,0.0,255,211,0.83,0.01,0.0,0.0,0.0,0.0,1,113043.0
8,5,0,0,0,0,200,1.0,1.0,0.08,0.08,0.0,255,15,0.06,0.07,0.0,1.0,1.0,0.0,1,20820.0
14,9,30,0,0,0,2,0.0,0.0,1.0,0.0,0.0,198,198,1.0,0.0,0.0,0.0,0.0,0.0,0,18356.0
24,9,162,23226,0,1,1,0.0,0.0,1.0,0.0,0.0,255,255,1.0,0.0,0.0,0.0,0.0,0.0,0,125852.0
47,1,0,0,0,0,246,0.0,0.0,0.03,0.06,0.0,255,7,0.03,0.06,0.0,0.0,0.0,1.0,1,39780.0
24,9,214,484,0,1,17,0.0,0.0,1.0,0.0,0.16,255,255,1.0,0.0,0.0,0.0,0.0,0.0,0,95293.0
20,9,8737,0,0,1,11,0.0,0.0,1.0,0.0,0.0,72,76,0.38,0.07,0.03,0.0,0.0,0.0,0,11789.0
12,9,45,45,0,0,168,0.0,0.0,1.0,0.0,0.0,255,255,1.0,0.0,0.0,0.0,0.0,0.0,0,48106.0
27,5,0,0,0,0,198,1.0,1.0,0.01,0.08,0.0,255,2,0.01,0.07,0.0,1.0,1.0,0.0,1,21668.0
12,9,44,152,0,0,86,0.0,0.0,1.0,0.0,0.02,255,253,0.99,0.01,0.0,0.0,0.0,0.0,0,8931.0
4,5,0,0,0,0,1,1.0,1.0,1.0,0.0,0.0,255,1,0.0,0.08,0.0,1.0,1.0,0.0,1,95239.0
19,9,1538,4152,0,1,1,0.0,0.0,1.0,0.0,0.0,240,53,0.22,0.03,0.0,0.0,0.0,0.0,0,14118.0
42,4,1,0,0,0,2,0.0,0.0,1.0,0.0,0.0,255,2,0.01,0.73,0.0,0.0,0.0,1.0,1,19859.0
24,9,234,11485,0,1,23,0.0,0.0,1.0,0.0,0.0,255,255,1.0,0.0,0.0,0.0,0.0,0.0,0,100882.0
42,4,1,0,0,0,2,0.0,0.0,1.0,0.0,0.0,255,2,0.01,0.68,0.0,0.0,0.0,1.0,1,32533.0
24,9,189,622,0,1,21,0.0,0.0,1.0,0.0,0.1,255,255,1.0,0.0,0.0,0.0,0.0,0.0,0,75499.0
27,1,0,0,0,0,207,0.0,0.0,0.01,0.07,0.0,255,2,0.01,0.07,0.0,0.0,0.0,1.0,1,32646.0
20,5,0,0,0,0,10,1.0,1.0,0.8,0.2,0.0,255,57,0.22,0.04,0.0,1.0,1.0,0.0,1,72740.0
5,5,0,0,0,0,297,1.0,1.0,0.03,0.05,0.0,255,11,0.04,0.07,0.0,1.0,1.0,0.0,1,3008.0
20,5,0,0,0,0,66,1.0,1.0,0.27,0.06,0.0,255,61,0.24,0.02,0.0,1.0,1.0,0.0,1,28754.0
47,5,0,0,0,0,84,1.0,1.0,0.24,0.06,0.0,255,2,0.01,0.06,0.0,1.0,1.0,0.0,1,78993.0
12,9,44,137,0,0,64,0.0,0.0,1.0,0.0,0.01,255,254,1.0,0.01,0.0,0.0,0.0,0.0,0,26769.0
24,9,373,10951,0,1,8,0.0,0.0,1.0,0.0,0.0,255,255,1.0,0.0,0.0,0.0,0.0,0.01,0,107028.0
24,9,299,648,0,1,17,0.0,0.0,1.0,0.0,0.0,62,255,1.0,0.0,0.08,0.0,0.0,0.0,0,56588.0
24,9,335,16319,0,1,5,0.0,0.0,1.0,0.0,0.21,22,255,1.0,0.0,0.02,0.0,0.0,0.0,0,104580.0
24,9,369,759,0,1,2,0.5,0.5,1.0,0.0,0.0,255,255,1.0,0.0,0.0,0.0,0.0,0.0,0,51093.0
47,1,0,0,0,0,138,0.0,0.0,0.08,0.06,0.0,255,11,0.04,0.07,0.0,0.0,0.0,1.0,1,89172.0
14,9,8,0,0,0,1,0.0,0.0,1.0,0.0,1.0,1,15,1.0,0.0,0.53,0.0,0.0,0.0,1,158.0
12,9,42,42,0,0,9,0.0,0.0,1.0,0.0,0.12,255,254,1.0,0.01,0.0,0.0,0.0,0.0,0,24413.0
24,4,36500,4380,0,1,3,0.0,0.0,1.0,0.0,0.0,255,255,1.0,0.0,0.0,0.0,0.0,0.05,1,118688.0
24,9,254,274,0,1,4,0.0,0.0,0.75,0.5,0.0,255,254,1.0,0.01,0.0,0.0,0.0,0.0,0,11149.0
25,5,0,0,0,0,136,1.0,1.0,0.12,0.05,0.0,255,6,0.02,0.07,0.0,1.0,1.0,0.0,1,80256.0
15,9,520,0,0,0,145,0.0,0.0,1.0,0.0,0.0,255,255,1.0,0.0,0.0,0.0,0.0,0.0,1,85727.0
24,9,258,8729,0,1,4,0.0,0.0,1.0,0.0,0.0,255,255,1.0,0.0,0.0,0.0,0.0,0.0,0,39806.0
39,5,0,0,0,0,125,1.0,1.0,0.12,0.06,0.0,255,15,0.06,0.05,0.0,1.0,1.0,0.0,1,88498.0
47,5,0,0,0,0,136,1.0,1.0,0.07,0.07,0.0,255,12,0.05,0.07,0.0,1.0,1.0,0.0,1,113873.0
47,5,0,0,0,0,257,1.0,1.0,0.04,0.06,0.0,255,11,0.04,0.05,0.0,1.0,1.0,0.0,1,70214.0
65,1,0,0,0,0,102,0.0,0.0,0.02,0.07,0.0,255,2,0.01,0.08,0.0,0.0,0.0,1.0,1,38337.0
58,5,0,0,0,0,72,1.0,1.0,0.26,0.06,0.0,234,61,0.26,0.02,0.0,0.99,0.97,0.0,1,78549.0
45,9,49,1460,0,1,1,0.0,0.0,1.0,0.0,0.0,23,2,0.04,0.17,1.0,0.0,0.0,0.0,0,36826.0
56,5,0,0,0,0,201,1.0,1.0,0.0,0.06,0.0,255,11,0.04,0.11,0.0,1.0,1.0,0.0,1,117412.0
24,9,259,5228,0,1,1,0.0,0.0,1.0,0.0,0.0,127,255,1.0,0.0,0.01,0.01,0.0,0.0,0,63784.0
24,9,246,269,0,1,5,0.0,0.0,1.0,0.0,0.0,255,255,1.0,0.0,0.0,0.0,0.0,0.0,0,42886.0
15,9,1032,0,0,0,511,0.0,0.0,1.0,0.0,0.0,255,123,0.48,0.17,0.0,0.0,0.0,0.0,1,31554.0
12,9,111,32,0,0,2,0.0,0.0,1.0,0.0,0.67,114,70,0.61,0.03,0.0,0.0,0.0,0.0,0,43939.0
29,1,0,0,0,0,147,0.0,0.0,0.14,0.05,0.0,255,20,0.08,0.06,0.0,0.0,0.0,1.0,1,28669.0
52,9,982,329,0,1,1,0.0,0.0,1.0,0.0,1.0,42,40,0.95,0.05,0.0,0.0,0.0,0.0,0,34452.0
15,9,520,0,0,0,432,0.0,0.0,1.0,0.0,0.0,23,23,1.0,0.0,0.0,0.0,0.0,0.0,1,118922.0
20,9,1010,0,0,0,1,0.0,0.0,1.0,0.0,0.0,65,61,0.11,0.05,0.03,0.0,0.0,0.0,0,120555.0
47,5,0,0,0,0,85,1.0,1.0,0.04,0.07,0.0,255,3,0.01,0.06,0.0,1.0,1.0,0.0,1,1854.0
24,9,285,32099,0,1,11,0.0,0.0,1.0,0.0,0.0,80,255,1.0,0.0,0.07,0.0,0.0,0.0,0,13537.0
47,9,105,146,0,0,4,0.0,0.0,0.25,0.5,0.0,255,232,0.91,0.01,0.0,0.0,0.0,0.0,0,12922.0
12,9,45,45,0,0,133,0.0,0.0,0.99,0.02,0.01,255,254,1.0,0.01,0.0,0.0,0.0,0.0,0,93731.0
24,9,327,2169,0,1,8,0.0,0.0,1.0,0.0,0.0,255,255,1.0,0.0,0.0,0.0,0.0,0.0,0,99070.0
24,9,238,2698,0,1,8,0.0,0.0,1.0,0.0,0.0,255,237,0.93,0.02,0.0,0.01,0.01,0.0,0,99564.0
12,9,43,68,0,0,77,0.0,0.0,1.0,0.0,0.01,255,248,0.97,0.01,0.0,0.0,0.0,0.0,0,86506.0
24,9,329,978,0,1,9,0.0,0.0,1.0,0.0,0.04,255,255,1.0,0.0,0.0,0.0,0.0,0.0,0,94789.0
52,9,953,332,0,1,1,0.0,0.0,1.0,0.0,0.0,8,146,0.75,0.38,0.01,0.0,0.0,0.0,0,78232.0
47,5,0,0,0,0,234,1.0,1.0,0.07,0.05,0.0,192,16,0.08,0.06,0.0,0.99,1.0,0.0,1,38565.0
24,9,338,1481,0,1,14,0.0,0.0,1.0,0.0,0.0,253,255,1.0,0.0,0.01,0.0,0.0,0.0,0,72537.0
20,9,501760,0,0,1,2,0.0,0.0,1.0,0.0,0.0,255,6,0.02,0.01,0.0,0.0,0.0,0.0,0,31224.0
47,9,28,0,3,0,63,0.0,0.0,1.0,0.0,0.0,255,63,0.25,0.02,0.0,0.0,0.0,0.0,1,55149.0
15,9,30,0,0,0,2,0.0,0.0,1.0,0.0,0.0,225,225,1.0,0.0,0.0,0.0,0.0,0.0,0,23672.0
7,5,0,0,0,0,205,1.0,1.0,0.07,0.06,0.0,255,15,0.06,0.07,0.0,1.0,1.0,0.0,1,51943.0
6,5,0,0,0,0,101,1.0,1.0,0.01,0.07,0.0,255,1,0.0,0.06,0.0,1.0,1.0,0.0,1,39762.0
47,5,0,0,0,0,182,1.0,1.0,0.01,0.06,0.0,255,11,0.04,0.07,0.0,1.0,1.0,0.0,1,99332.0
24,9,220,607,0,1,9,0.0,0.0,1.0,0.0,0.0,159,255,1.0,0.0,0.02,0.01,0.01,0.0,0,48714.0
47,9,1,0,0,0,23,0.0,0.0,0.26,0.13,0.0,255,6,0.02,0.8,0.0,0.03,0.0,0.0,1,53379.0
24,9,345,4047,0,1,40,0.0,0.0,1.0,0.0,0.0,255,255,1.0,0.0,0.0,0.0,0.0,0.0,0,20691.0
24,9,222,791,0,1,27,0.0,0.0,1.0,0.0,0.09,109,255,1.0,0.0,0.05,0.0,0.0,0.55,0,12346.0
14,9,8,0,0,0,1,0.0,0.0,1.0,0.0,1.0,3,115,1.0,0.0,0.25,0.0,0.0,0.0,1,89145.0
20,9,334,0,0,1,1,0.0,0.0,1.0,0.0,0.0,3,29,1.0,0.0,0.17,0.0,0.0,0.0,1,27956.0
18,5,0,0,0,0,19,1.0,1.0,0.37,0.26,0.0,255,8,0.03,0.08,0.0,1.0,1.0,0.0,1,62287.0
12,9,29,45,0,0,3,0.0,0.0,1.0,0.0,0.5,255,249,0.98,0.01,0.0,0.0,0.0,0.0,0,3887.0
52,9,869,329,0,1,1,0.0,0.0,1.0,0.0,1.0,87,147,0.6,0.06,0.01,0.0,0.0,0.0,0,117629.0
20,9,641,0,0,1,2,0.0,0.0,1.0,0.0,0.0,108,73,0.31,0.06,0.03,0.0,0.0,0.0,0,48834.0
24,9,200,1726,0,1,4,0.0,0.0,1.0,0.0,0.0,255,255,1.0,0.0,0.0,0.0,0.0,0.0,0,32241.0
47,1,0,0,0,0,74,0.0,0.0,0.07,0.07,0.0,255,5,0.02,0.07,0.0,0.0,0.0,1.0,1,16343.0
24,9,54540,8314,0,1,6,0.0,0.0,1.0,0.0,0.29,129,129,1.0,0.0,0.0,0.0,0.0,0.05,1,87652.0
47,5,0,0,0,0,134,1.0,1.0,0.13,0.06,0.0,255,7,0.03,0.06,0.0,1.0,1.0,0.0,1,22314.0
47,9,1,0,0,0,28,0.0,0.0,0.11,0.11,0.0,255,3,0.01,0.66,0.0,0.05,0.0,0.0,1,80063.0
24,9,187,6731,0,1,2,0.0,0.0,1.0,0.0,0.0,2,255,1.0,0.0,0.02,0.0,0.0,0.0,0,82835.0
56,5,0,0,0,0,126,1.0,1.0,0.01,0.06,0.0,255,1,0.0,0.07,0.0,1.0,1.0,0.0,1,92466.0
47,5,0,0,0,0,295,1.0,1.0,0.05,0.05,0.0,255,1,0.0,0.06,0.0,1.0,1.0,0.0,1,89155.0
47,9,28,0,3,0,43,0.0,0.0,1.0,0.0,0.0,246,43,0.17,0.04,0.0,0.02,0.0,0.0,1,45793.0
4,5,0,0,0,0,296,1.0,1.0,0.03,0.05,0.0,255,5,0.02,0.08,0.0,1.0,1.0,0.0,1,102249.0
24,9,241,338,0,1,41,0.0,0.0,1.0,0.0,0.0,255,255,1.0,0.0,0.0,0.0,0.0,0.0,0,25239.0
12,9,45,111,0,0,1,0.0,0.0,1.0,0.0,0.0,126,200,0.71,0.02,0.01,0.0,0.0,0.0,0,117521.0
47,5,0,0,0,0,159,1.0,1.0,0.01,0.07,0.0,255,19,0.07,0.07,0.0,1.0,1.0,0.0,1,15160.0
24,9,195,1263,0,1,2,0.0,0.0,1.0,0.0,0.67,45,255,1.0,0.0,0.01,0.0,0.0,0.0,0,85627.0
58,9,141,2713,0,1,1,0.0,0.0,1.0,0.0,0.0,21,18,0.05,0.14,0.22,0.0,0.11,0.0,1,40333.0
24,5,0,0,0,0,40,1.0,1.0,0.43,0.1,0.0,255,57,0.22,0.03,0.0,1.0,1.0,0.0,1,98962.0
24,9,215,176,0,1,15,0.0,0.0,1.0,0.0,0.11,179,255,1.0,0.0,0.02,0.01,0.0,0.0,0,34233.0
47,5,0,0,0,0,138,1.0,1.0,0.01,0.06,0.0,255,6,0.02,0.06,0.0,1.0,1.0,0.0,1,10016.0
12,9,45,73,0,0,111,0.0,0.0,0.99,0.02,0.02,255,253,0.99,0.01,0.0,0.0,0.0,0.0,0,27710.0
47,5,0,0,0,0,92,1.0,1.0,0.01,0.07,0.0,255,2,0.01,0.07,0.0,1.0,1.0,0.0,1,61344.0
24,9,252,268,0,1,17,0.0,0.0,1.0,0.0,0.0,255,251,0.98,0.01,0.0,0.0,0.0,0.0,0,96978.0
37,1,0,0,0,0,290,0.0,0.0,0.06,0.06,0.0,255,16,0.06,0.07,0.0,0.0,0.0,1.0,1,22541.0
24,9,278,9263,0,1,1,0.0,0.0,1.0,0.0,0.0,35,255,1.0,0.0,0.04,0.0,0.0,0.0,0,98364.0
47,5,0,0,0,0,181,1.0,1.0,0.03,0.06,0.0,255,19,0.07,0.07,0.0,1.0,1.0,0.0,1,10157.0
30,5,0,0,0,0,265,1.0,1.0,0.08,0.05,0.0,255,22,0.09,0.06,0.0,1.0,1.0,0.0,1,23719.0
24,9,222,391,0,1,12,0.0,0.0,1.0,0.0,0.0,255,255,1.0,0.0,0.0,0.0,0.0,0.0,0,86290.0
52,9,705,329,0,1,1,0.0,0.0,1.0,0.0,1.0,205,111,0.45,0.02,0.02,0.01,0.02,0.0,0,116435.0
47,5,0,0,0,0,19,1.0,1.0,0.11,0.16,0.0,255,15,0.06,0.07,0.0,1.0,1.0,0.0,1,105225.0
52,9,704,362,0,1,1,0.0,0.0,1.0,0.0,1.0,173,170,0.65,0.03,0.01,0.0,0.0,0.0,0,61526.0
24,9,200,2981,0,1,1,0.0,0.0,1.0,0.0,0.0,13,255,1.0,0.0,0.03,0.0,0.0,0.0,0,78862.0
47,5,0,0,0,0,147,1.0,1.0,0.12,0.06,0.0,255,10,0.04,0.06,0.0,1.0,1.0,0.0,1,29688.0
27,5,0,0,0,0,295,1.0,1.0,0.06,0.06,0.0,255,18,0.07,0.08,0.0,1.0,1.0,0.0,1,34922.0
24,9,315,6428,0,1,2,0.0,0.0,1.0,0.0,0.0,5,255,1.0,0.0,0.03,0.0,0.0,0.0,0,14599.0
12,9,45,130,0,0,295,0.0,0.0,1.0,0.01,0.0,255,223,0.87,0.01,0.0,0.0,0.0,0.0,0,72792.0
52,9,2078,333,0,1,1,0.0,0.0,1.0,0.0,1.0,89,117,0.31,0.03,0.02,0.0,0.0,0.0,0,181.0
30,5,0,0,0,0,234,1.0,1.0,0.03,0.06,0.0,255,6,0.02,0.06,0.0,1.0,1.0,0.0,1,109428.0
30,5,0,0,0,0,136,1.0,1.0,0.1,0.07,0.0,255,13,0.05,0.07,0.0,1.0,1.0,0.0,1,111030.0
24,9,493,3294,0,1,13,0.0,0.0,1.0,0.0,0.14,255,255,1.0,0.0,0.0,0.0,0.0,0.0,0,20357.0
24,9,316,1284,0,1,10,0.0,0.0,1.0,0.0,0.04,10,255,1.0,0.0,0.05,0.0,0.0,0.0,0,24534.0
24,1,0,0,0,0,1,0.0,0.0,1.0,0.0,1.0,4,255,1.0,0.0,0.16,0.0,0.0,1.0,0,40826.0
12,9,44,44,0,0,9,0.0,0.0,1.0,0.0,0.25,255,254,1.0,0.01,0.0,0.0,0.0,0.0,0,90346.0
12,9,44,110,0,0,47,0.0,0.0,1.0,0.0,0.02,255,254,1.0,0.01,0.0,0.0,0.0,0.0,0,62706.0
52,9,1218,327,0,1,1,0.0,0.0,1.0,0.0,0.0,24,25,0.79,0.17,0.08,0.0,0.0,0.0,0,66154.0
47,1,0,0,0,0,246,0.09,0.0,0.0,1.0,0.0,255,1,0.0,0.97,0.0,0.08,0.0,1.0,1,27948.0
52,9,656,338,0,1,2,0.0,0.0,0.5,1.0,0.0,24,198,0.83,0.12,0.01,0.0,0.0,0.0,0,39384.0
57,1,0,0,0,0,250,0.0,0.0,0.02,0.06,0.0,255,5,0.02,0.07,0.0,0.0,0.0,1.0,1,122386.0
15,9,520,0,0,0,112,0.0,0.0,1.0,0.0,0.0,255,255,1.0,0.0,0.0,0.0,0.0,0.0,1,59652.0
24,9,223,9146,0,1,2,0.5,0.5,1.0,0.0,0.0,255,255,1.0,0.0,0.0,0.01,0.01,0.0,0,66422.0
55,5,0,0,0,0,168,1.0,1.0,0.05,0.07,0.0,255,9,0.04,0.08,0.0,1.0,1.0,0.0,1,99737.0
24,9,330,930,0,1,14,0.0,0.0,1.0,0.0,0.12,255,255,1.0,0.0,0.0,0.0,0.0,0.0,0,8389.0
24,9,294,810,0,1,36,0.0,0.0,1.0,0.0,0.08,110,255,1.0,0.0,0.05,0.0,0.0,0.0,0,33705.0
42,9,146,105,0,0,1,0.0,0.0,1.0,0.0,0.0,255,1,0.0,0.88,0.0,0.0,0.0,0.0,0,104233.0
24,9,342,2193,0,1,1,0.0,0.0,1.0,0.0,0.16,18,255,1.0,0.0,0.06,0.0,0.01,0.0,0,120715.0
12,9,42,42,0,0,4,0.0,0.0,1.0,0.0,0.57,255,240,0.94,0.01,0.0,0.0,0.0,0.0,0,9102.0
24,9,344,3156,0,1,6,0.0,0.0,1.0,0.0,0.29,6,255,1.0,0.0,0.04,0.0,0.0,0.0,0,48729.0
14,9,8,0,0,0,1,0.0,0.0,1.0,0.0,1.0,1,5,1.0,0.0,0.6,0.0,0.0,0.0,1,60751.0
20,9,641,0,0,1,2,0.0,0.0,1.0,0.0,0.0,111,89,0.12,0.64,0.02,0.0,0.0,0.01,0,94508.0
35,5,0,0,0,0,235,1.0,1.0,0.03,0.06,0.0,255,9,0.04,0.07,0.0,1.0,1.0,0.0,1,28632.0
52,9,2079,281,0,1,1,0.0,0.0,1.0,0.0,0.0,144,132,0.49,0.2,0.02,0.0,0.0,0.0,0,103416.0
47,9,105,146,0,0,2,0.0,0.0,1.0,0.0,0.0,255,253,0.99,0.01,0.0,0.0,0.0,0.0,0,118982.0
12,9,43,126,0,0,232,0.0,0.0,1.0,0.0,0.01,157,118,0.75,0.02,0.0,0.0,0.0,0.0,0,119393.0
24,9,187,3794,0,1,1,0.0,0.0,1.0,0.0,0.0,12,255,1.0,0.0,0.04,0.0,0.01,0.0,0,66578.0
16,5,0,0,0,0,149,1.0,1.0,0.16,0.05,0.0,255,24,0.09,0.05,0.0,1.0,1.0,0.0,1,112412.0
2,5,0,0,0,0,122,1.0,1.0,0.14,0.07,0.0,255,17,0.07,0.07,0.0,1.0,1.0,0.0,1,27070.0
24,9,314,2745,0,1,10,0.0,0.0,1.0,0.0,0.0,10,255,1.0,0.0,0.04,0.0,0.0,0.0,0,113422.0
12,9,45,45,0,0,310,0.0,0.0,1.0,0.01,0.0,255,254,1.0,0.01,0.0,0.0,0.0,0.0,0,115101.0
2,5,0,0,0,0,122,1.0,1.0,0.15,0.06,0.0,255,18,0.07,0.07,0.0,1.0,1.0,0.0,1,44678.0
24,5,0,0,0,0,246,1.0,1.0,0.07,0.06,0.0,255,16,0.06,0.06,0.0,1.0,1.0,0.0,1,72711.0
12,9,46,128,0,0,107,0.0,0.0,1.0,0.0,0.0,255,200,0.78,0.01,0.0,0.0,0.0,0.0,0,125449.0
42,2,0,0,0,0,208,0.0,0.0,0.02,0.07,0.0,255,4,0.02,0.07,0.0,0.0,0.0,1.0,1,73749.0
24,1,0,0,0,0,1,0.0,0.0,1.0,0.0,0.0,1,255,1.0,0.0,0.22,0.0,0.0,0.92,0,56326.0
16,1,0,0,0,0,144,0.0,0.0,0.1,0.06,0.0,255,15,0.06,0.06,0.0,0.0,0.0,1.0,1,958.0
47,5,0,0,0,0,264,1.0,1.0,0.0,0.05,0.0,205,1,0.0,0.07,0.0,0.93,1.0,0.0,1,110251.0
12,9,44,137,0,0,78,0.0,0.0,0.99,0.03,0.02,255,200,0.78,0.02,0.0,0.0,0.0,0.0,0,43659.0
24,9,164,9785,0,1,1,0.0,0.0,1.0,0.0,0.0,83,255,1.0,0.0,0.05,0.0,0.0,0.0,0,5355.0
24,9,173,11889,0,1,6,0.0,0.0,1.0,0.0,0.0,136,136,1.0,0.0,0.0,0.0,0.0,0.0,0,14252.0
24,5,0,0,0,0,20,1.0,1.0,0.5,0.2,0.0,255,67,0.26,0.02,0.0,1.0,1.0,0.0,1,50486.0
6,5,0,0,0,0,128,1.0,1.0,0.18,0.05,0.0,255,23,0.09,0.05,0.0,1.0,1.0,0.0,1,43061.0
24,9,315,369,0,1,13,0.0,0.0,1.0,0.0,0.14,255,255,1.0,0.0,0.0,0.0,0.0,0.0,0,32712.0
12,9,44,110,0,0,1,0.0,0.0,1.0,0.0,0.0,118,204,0.73,0.03,0.01,0.0,0.0,0.0,0,41942.0
9,5,0,0,0,0,273,1.0,1.0,0.05,0.05,0.0,255,15,0.06,0.05,0.0,1.0,1.0,0.0,1,60253.0
24,9,319,1856,0,1,4,0.0,0.0,1.0,0.0,0.0,255,255,1.0,0.0,0.0,0.0,0.0,0.0,0,41645.0
14,9,8,0,0,0,1,0.0,0.0,1.0,0.0,1.0,1,61,1.0,0.0,0.51,0.0,0.0,0.0,1,118510.0
20,9,4892,0,0,1,13,0.0,0.0,1.0,0.0,0.0,39,110,0.49,0.08,0.03,0.0,0.0,0.0,0,30699.0
47,5,0,0,0,0,127,1.0,1.0,0.02,0.09,0.0,255,3,0.01,0.08,0.0,1.0,1.0,0.0,1,108022.0
24,9,335,263,0,1,14,0.0,0.0,1.0,0.0,0.1,152,255,1.0,0.0,0.02,0.0,0.01,0.0,0,110728.0
12,9,43,109,0,0,164,0.0,0.0,1.0,0.0,0.0,89,50,0.56,0.03,0.0,0.0,0.0,0.0,0,113861.0
29,5,0,0,0,0,136,1.0,1.0,0.15,0.07,0.0,255,20,0.08,0.07,0.0,1.0,1.0,0.0,1,21319.0
47,5,0,0,0,0,235,1.0,1.0,0.1,0.06,0.0,255,23,0.09,0.07,0.0,1.0,1.0,0.0,1,64697.0
24,9,326,1269,0,1,4,0.0,0.0,1.0,0.0,0.43,23,220,1.0,0.0,0.03,0.0,0.01,0.0,0,77614.0
60,2,0,0,0,0,61,0.0,0.0,0.02,0.54,0.0,231,1,0.0,0.15,0.0,0.01,0.0,1.0,1,36664.0
12,9,44,119,0,0,65,0.0,0.0,0.98,0.03,0.0,255,233,0.91,0.01,0.0,0.0,0.0,0.0,0,11933.0
32,2,0,0,0,0,139,0.0,0.0,0.07,0.06,0.0,255,10,0.04,0.06,0.0,0.0,0.0,1.0,1,440.0
39,1,0,0,0,0,62,0.0,0.0,0.02,0.1,0.0,255,1,0.0,0.07,0.0,0.0,0.0,1.0,1,33191.0
24,9,297,1126,0,1,15,0.0,0.0,1.0,0.0,0.15,255,255,1.0,0.0,0.0,0.0,0.0,0.0,0,104216.0
24,9,174,8282,0,1,1,0.0,0.0,1.0,0.0,0.0,255,255,1.0,0.0,0.0,0.0,0.0,0.0,0,84987.0
24,9,285,403,0,1,7,0.0,0.0,1.0,0.0,0.0,105,255,1.0,0.0,0.04,0.0,0.0,0.0,0,53022.0
47,9,1,0,0,0,4,0.0,0.0,0.5,0.75,0.0,255,2,0.01,0.36,0.0,0.0,0.0,0.0,1,103691.0
47,5,0,0,0,0,79,1.0,1.0,0.24,0.05,0.0,255,1,0.0,0.08,0.0,1.0,1.0,0.0,1,7260.0
24,9,364,247,0,1,5,0.0,0.03,1.0,0.0,0.08,21,255,1.0,0.0,0.01,0.0,0.0,0.0,0,56108.0
62,9,78,0,0,0,46,0.0,0.0,0.02,0.04,0.0,218,1,0.0,0.02,0.0,0.0,0.0,0.0,0,85087.0
24,9,230,27078,0,1,1,0.0,0.0,1.0,0.0,0.0,255,255,1.0,0.0,0.0,0.0,0.0,0.0,0,83202.0
24,9,236,363,0,1,16,0.0,0.0,1.0,0.0,0.0,166,255,1.0,0.0,0.04,0.01,0.0,0.0,0,35180.0
5,5,0,0,0,0,289,1.0,1.0,0.06,0.06,0.0,255,18,0.07,0.06,0.0,1.0,1.0,0.0,1,4125.0
24,9,267,9103,0,1,1,0.0,0.0,1.0,0.0,0.09,1,255,1.0,0.0,0.04,0.0,0.0,0.0,0,45216.0
20,9,12241,0,0,0,6,0.0,0.0,1.0,0.0,0.25,147,64,0.44,0.03,0.0,0.0,0.0,0.0,0,56552.0
24,9,287,12884,0,1,4,0.0,0.0,1.0,0.0,0.0,255,255,1.0,0.0,0.0,0.0,0.0,0.0,0,27261.0
24,9,354,9059,0,1,15,0.0,0.0,1.0,0.0,0.14,179,255,1.0,0.0,0.03,0.0,0.0,0.0,0,9299.0
24,9,199,1533,0,1,2,0.0,0.0,1.0,0.0,0.0,5,255,1.0,0.0,0.01,0.0,0.0,0.0,0,23754.0
24,9,54540,8314,0,1,2,0.0,0.0,1.0,0.0,0.0,167,167,1.0,0.0,0.0,0.0,0.0,0.01,1,20125.0
35,1,0,0,0,0,171,0.0,0.0,0.02,0.07,0.0,255,4,0.02,0.08,0.0,0.0,0.0,1.0,1,92140.0
31,1,0,0,0,0,267,0.0,0.0,0.07,0.06,0.0,255,19,0.07,0.08,0.0,0.0,0.0,1.0,1,65152.0
47,5,0,0,0,0,74,1.0,1.0,0.01,0.08,0.0,255,1,0.0,0.07,0.0,1.0,1.0,0.0,1,102508.0
24,9,204,3682,0,1,10,0.0,0.0,1.0,0.0,0.18,255,255,1.0,0.0,0.0,0.0,0.0,0.0,0,48067.0
58,5,0,0,0,0,38,1.0,1.0,0.53,0.05,0.0,238,61,0.25,0.02,0.03,1.0,0.98,0.0,1,85508.0
42,9,147,0,0,0,2,0.0,0.0,0.5,1.0,0.0,255,1,0.0,0.69,0.0,0.0,0.0,0.0,0,7455.0
56,5,0,0,0,0,92,1.0,1.0,0.08,0.08,0.0,255,7,0.03,0.08,0.0,1.0,1.0,0.0,1,29363.0
24,9,225,24243,0,1,1,0.0,0.0,1.0,0.0,0.22,12,255,1.0,0.0,0.02,0.0,0.0,0.0,0,43508.0
14,9,18,0,0,0,1,0.0,0.0,1.0,0.0,0.0,1,209,1.0,0.0,1.0,0.0,0.0,0.0,1,43253.0
44,5,0,0,0,0,282,1.0,1.0,0.05,0.06,0.0,255,13,0.05,0.07,0.0,1.0,1.0,0.0,1,23775.0
14,9,8,0,0,0,1,0.0,0.0,1.0,0.0,1.0,1,69,1.0,0.0,0.51,0.0,0.0,0.0,1,73754.0
20,5,0,0,0,0,50,1.0,1.0,0.26,0.08,0.0,130,51,0.25,0.03,0.04,1.0,0.65,0.0,1,52009.0
64,1,0,0,0,0,261,0.0,0.0,0.02,0.06,0.0,255,6,0.02,0.08,0.0,0.0,0.0,1.0,1,112998.0
12,9,42,42,0,0,204,0.0,0.0,1.0,0.0,0.01,255,236,0.93,0.01,0.0,0.0,0.0,0.0,0,1336.0
4,5,0,0,0,0,283,1.0,1.0,0.08,0.04,0.0,255,22,0.09,0.05,0.0,1.0,1.0,0.0,1,77051.0
24,9,269,7840,0,1,1,0.0,0.0,1.0,0.0,1.0,1,255,1.0,0.0,0.05,0.0,0.0,0.01,0,63020.0
12,9,31,0,0,0,1,0.0,0.0,1.0,0.0,0.6,65,29,0.08,0.08,0.07,0.0,0.0,0.0,0,84610.0
24,9,291,6217,0,1,15,0.0,0.0,1.0,0.0,0.09,49,255,1.0,0.0,0.03,0.0,0.0,0.0,0,78746.0
24,9,334,10594,0,1,14,0.0,0.0,1.0,0.0,0.08,17,255,1.0,0.0,0.02,0.0,0.0,0.0,0,123317.0
42,9,145,105,0,0,1,0.0,0.0,1.0,0.0,0.0,95,1,0.01,0.67,0.0,0.0,0.0,0.0,0,88305.0
14,9,8,0,0,0,1,0.0,0.0,1.0,0.0,1.0,1,28,1.0,0.0,0.54,0.0,0.0,0.0,1,26518.0
37,5,0,0,0,0,295,1.0,1.0,0.02,0.05,0.0,255,9,0.04,0.07,0.0,1.0,1.0,0.0,1,76021.0
25,5,0,0,0,0,131,1.0,1.0,0.05,0.07,0.0,255,7,0.03,0.06,0.0,1.0,1.0,0.0,1,35937.0
34,1,0,0,0,0,243,0.0,0.0,0.07,0.06,0.0,255,17,0.07,0.06,0.0,0.0,0.0,1.0,1,57730.0
24,9,244,453,0,1,1,0.0,0.0,1.0,0.0,0.19,255,255,1.0,0.0,0.0,0.0,0.0,0.0,0,54563.0
24,9,287,25044,0,1,2,0.0,0.0,1.0,0.0,0.0,2,255,1.0,0.0,0.05,0.0,0.0,0.0,0,15042.0
12,9,44,70,0,0,180,0.0,0.0,1.0,0.0,0.0,255,235,0.92,0.01,0.0,0.0,0.0,0.0,0,66183.0
24,9,329,646195,0,1,8,0.0,0.0,1.0,0.0,0.0,100,255,1.0,0.0,0.01,0.0,0.0,0.02,0,27614.0
2,5,0,0,0,0,150,1.0,1.0,0.07,0.08,0.0,255,11,0.04,0.07,0.0,1.0,1.0,0.0,1,115305.0
52,9,1527,522,0,1,1,0.0,0.0,1.0,0.0,1.0,70,243,0.93,0.03,0.01,0.0,0.0,0.0,0,2605.0
47,1,0,0,0,0,103,0.0,0.0,0.01,0.08,0.0,255,1,0.0,0.07,0.0,0.0,0.0,1.0,1,30751.0
24,9,213,2208,0,1,4,0.0,0.0,1.0,0.0,0.0,4,255,1.0,0.0,0.04,0.0,0.0,0.0,0,56608.0
24,9,210,1891,0,1,16,0.0,0.0,1.0,0.0,0.0,41,255,1.0,0.0,0.04,0.0,0.0,0.0,0,27434.0
31,5,0,0,0,0,119,1.0,1.0,0.08,0.07,0.0,255,10,0.04,0.07,0.0,1.0,1.0,0.0,1,75297.0
20,9,71,0,0,0,2,0.0,0.0,1.0,0.0,0.0,255,4,0.02,0.99,0.0,0.98,0.0,0.0,0,35726.0
2,5,0,0,0,0,200,1.0,1.0,0.07,0.06,0.0,255,13,0.05,0.07,0.0,1.0,1.0,0.0,1,7234.0
24,9,300,14150,0,1,8,0.0,0.0,1.0,0.0,0.0,255,255,1.0,0.0,0.0,0.0,0.0,0.0,0,97993.0
24,9,241,9284,0,1,6,0.0,0.0,1.0,0.0,0.0,255,255,1.0,0.0,0.0,0.0,0.0,0.0,0,119176.0
27,1,0,0,0,0,277,0.0,0.0,0.05,0.06,0.0,255,14,0.05,0.08,0.0,0.0,0.0,1.0,1,47758.0
58,5,0,0,0,0,200,1.0,1.0,0.05,0.05,0.0,255,10,0.04,0.05,0.0,1.0,1.0,0.0,1,55364.0
64,5,0,0,0,0,117,1.0,1.0,0.02,0.07,0.0,255,2,0.01,0.07,0.0,1.0,1.0,0.0,1,55846.0
18,9,6,0,0,0,1,0.0,0.0,1.0,0.0,0.0,47,10,0.09,0.06,0.2,0.02,0.1,0.0,0,23148.0
18,9,7,137,0,0,2,0.0,0.0,0.5,1.0,0.0,255,11,0.04,0.03,0.0,0.0,0.0,0.0,0,124461.0
12,9,45,137,0,0,169,0.0,0.0,0.99,0.01,0.01,171,132,0.77,0.02,0.0,0.0,0.0,0.0,0,13842.0
47,5,0,0,0,0,275,1.0,1.0,0.01,0.07,0.0,255,19,0.07,0.09,0.0,1.0,1.0,0.0,1,38867.0
66,1,0,0,0,0,1,0.0,0.0,1.0,0.0,0.0,24,2,0.04,1.0,1.0,0.0,0.0,1.0,1,17884.0
42,9,516,4,0,0,395,0.0,0.0,1.0,0.0,0.0,255,255,1.0,0.0,0.0,0.0,0.0,0.0,0,43500.0
24,9,337,1528,0,1,1,0.0,0.0,1.0,0.0,0.0,70,255,1.0,0.0,0.02,0.0,0.0,0.0,0,98859.0
56,1,0,0,0,0,206,0.0,0.0,0.01,0.08,0.0,255,2,0.01,0.09,0.0,0.0,0.0,1.0,1,30962.0
24,9,307,11325,0,1,2,0.0,0.0,1.0,0.0,0.67,242,255,1.0,0.0,0.02,0.0,0.0,0.0,0,73607.0
30,5,0,0,0,0,261,1.0,1.0,0.08,0.05,0.0,255,20,0.08,0.05,0.0,1.0,1.0,0.0,1,114520.0
11,5,0,0,0,0,237,1.0,1.0,0.01,0.06,0.0,255,2,0.01,0.08,0.0,1.0,1.0,0.0,1,122401.0
47,1,0,0,0,0,101,0.0,0.0,0.02,0.06,0.0,255,2,0.01,0.08,0.0,0.0,0.0,1.0,1,81444.0
42,5,0,0,0,0,379,0.06,1.0,0.0,1.0,0.0,255,1,0.0,1.0,0.0,0.08,1.0,0.0,1,107233.0
24,9,306,1380,0,1,4,0.0,0.0,1.0,0.0,0.4,255,235,0.92,0.01,0.0,0.0,0.0,0.0,0,11159.0
24,9,230,2655,0,1,2,0.0,0.0,1.0,0.0,0.67,20,255,1.0,0.0,0.02,0.0,0.0,0.0,0,83377.0
24,9,216,16904,0,1,17,0.0,0.0,1.0,0.0,0.11,255,255,1.0,0.0,0.0,0.0,0.0,0.0,0,22874.0
24,9,310,5904,0,1,2,0.0,0.0,1.0,0.0,0.0,12,255,1.0,0.0,0.04,0.0,0.0,0.0,0,84535.0
47,5,0,0,0,0,224,1.0,1.0,0.07,0.06,0.0,255,9,0.04,0.06,0.0,1.0,1.0,0.0,1,5739.0
18,5,0,0,0,0,194,1.0,1.0,0.06,0.07,0.0,255,11,0.04,0.08,0.0,1.0,1.0,0.0,1,97789.0
47,1,0,0,0,0,260,0.0,0.0,0.03,0.07,0.0,255,9,0.04,0.09,0.0,0.0,0.0,1.0,1,63915.0
47,4,1,0,0,0,2,0.0,0.0,1.0,0.0,0.0,255,2,0.01,0.82,0.0,0.0,0.0,1.0,1,122644.0
24,6,289,8760,0,1,20,0.05,0.03,1.0,0.0,0.07,20,255,1.0,0.0,0.05,0.05,0.0,0.0,0,7301.0
20,9,383,0,0,0,2,0.0,0.0,1.0,0.0,0.67,236,102,0.39,0.02,0.02,0.0,0.0,0.0,0,40332.0
58,5,0,0,0,0,52,1.0,1.0,0.23,0.08,0.0,255,67,0.26,0.02,0.0,1.0,1.0,0.0,1,67841.0
24,1,0,0,0,0,1,0.0,0.0,1.0,0.0,0.0,1,255,1.0,0.0,0.09,0.0,0.0,0.82,0,121616.0
24,9,316,1247,0,1,8,0.0,0.0,1.0,0.0,0.0,9,255,1.0,0.0,0.16,0.0,0.0,0.95,0,89799.0
24,9,206,296,0,1,5,0.0,0.0,1.0,0.0,0.25,136,255,1.0,0.0,0.04,0.0,0.0,0.0,0,8257.0
24,9,213,308,0,1,10,0.0,0.0,1.0,0.0,0.0,255,255,1.0,0.0,0.0,0.0,0.0,0.0,0,21976.0
47,9,105,147,0,0,8,0.0,0.0,0.12,0.25,0.0,255,242,0.95,0.01,0.0,0.0,0.0,0.0,0,34613.0
24,9,203,851,0,1,3,0.33,0.25,1.0,0.0,0.5,50,255,1.0,0.0,0.05,0.02,0.01,0.0,0,120723.0
13,5,0,0,0,0,219,1.0,1.0,0.03,0.06,0.0,255,6,0.02,0.07,0.0,1.0,1.0,0.0,1,74125.0
58,9,106,2089,0,1,1,0.0,0.0,1.0,0.0,0.0,73,2,0.03,0.07,0.0,0.0,0.0,0.0,0,76866.0
24,9,185,13635,0,1,4,0.0,0.0,1.0,0.0,0.0,11,255,1.0,0.0,0.02,0.0,0.0,0.0,0,92933.0
64,5,0,0,0,0,124,1.0,1.0,0.07,0.06,0.0,255,9,0.04,0.06,0.0,1.0,1.0,0.0,1,117738.0
24,9,307,1158,0,1,9,0.0,0.0,1.0,0.0,0.0,183,255,1.0,0.0,0.03,0.0,0.0,0.0,0,62759.0
13,2,0,0,0,0,243,0.0,0.0,0.03,0.07,0.0,255,8,0.03,0.07,0.0,0.0,0.0,1.0,1,70531.0
12,9,45,150,0,0,54,0.0,0.0,1.0,0.0,0.01,255,254,1.0,0.01,0.0,0.0,0.0,0.0,0,61032.0
66,5,0,0,0,0,212,1.0,1.0,0.06,0.07,0.0,255,12,0.05,0.07,0.0,1.0,1.0,0.0,1,9769.0
20,9,567,0,0,1,1,0.0,0.0,1.0,0.0,0.0,255,87,0.34,0.02,0.0,0.0,0.0,0.0,0,28565.0
14,9,8,0,0,0,1,0.0,0.0,1.0,0.0,1.0,1,45,1.0,0.0,0.51,0.0,0.0,0.0,1,29853.0
24,9,235,29370,0,1,13,0.0,0.0,1.0,0.0,0.0,13,255,1.0,0.0,0.02,0.0,0.0,0.0,0,74781.0
21,5,0,0,0,0,205,1.0,1.0,0.05,0.05,0.0,255,11,0.04,0.05,0.0,1.0,1.0,0.0,1,84671.0
47,5,0,0,0,0,258,1.0,1.0,0.03,0.06,0.0,255,19,0.07,0.06,0.0,1.0,1.0,0.0,1,33806.0
12,9,45,74,0,0,222,0.0,0.0,1.0,0.01,0.0,255,242,0.95,0.02,0.0,0.0,0.0,0.0,0,45580.0
24,9,222,313,0,1,2,0.0,0.0,1.0,0.0,0.0,255,255,1.0,0.0,0.0,0.0,0.0,0.0,0,49745.0
24,5,0,0,0,0,65,1.0,1.0,0.25,0.06,0.0,255,56,0.22,0.02,0.0,1.0,1.0,0.0,1,81974.0
12,9,46,75,0,0,218,0.0,0.0,1.0,0.0,0.0,255,254,1.0,0.01,0.0,0.0,0.0,0.0,0,122506.0
33,5,0,0,0,0,249,1.0,1.0,0.01,0.06,0.0,255,3,0.01,0.06,0.0,1.0,1.0,0.0,1,64192.0
24,9,309,1395,0,1,27,0.0,0.0,1.0,0.0,0.07,255,255,1.0,0.0,0.0,0.0,0.0,0.0,0,98413.0
24,9,171,1434,0,1,3,0.33,0.33,1.0,0.0,0.0,147,255,1.0,0.0,0.02,0.0,0.0,0.0,0,95327.0
12,9,45,139,0,0,115,0.0,0.0,1.0,0.0,0.02,255,255,1.0,0.0,0.0,0.0,0.0,0.0,0,59200.0
24,9,236,6760,0,1,2,0.0,0.0,1.0,0.0,0.33,31,255,1.0,0.0,0.04,0.0,0.0,0.0,0,57848.0
24,9,272,6752,0,1,8,0.0,0.0,1.0,0.0,0.0,55,255,1.0,0.0,0.02,0.0,0.0,0.0,0,56525.0
12,9,45,110,0,0,1,0.0,0.0,1.0,0.0,1.0,255,235,0.92,0.01,0.0,0.0,0.0,0.0,0,30467.0
47,5,0,0,0,0,146,1.0,1.0,0.08,0.05,0.0,255,1,0.0,0.09,0.0,1.0,1.0,0.0,1,121986.0
52,9,780,331,0,1,1,0.0,0.0,1.0,0.0,0.0,103,164,0.79,0.05,0.01,0.0,0.0,0.0,0,63406.0
34,5,0,0,0,0,162,0.69,1.0,0.01,0.39,0.0,255,1,0.0,0.25,0.0,0.44,1.0,0.0,1,21724.0
47,5,0,0,0,0,128,1.0,1.0,0.06,0.06,0.0,76,8,0.11,0.09,0.0,1.0,1.0,0.0,1,24301.0
24,9,256,1107,0,1,13,0.0,0.0,1.0,0.0,0.14,255,255,1.0,0.0,0.0,0.0,0.0,0.0,0,121608.0
24,9,209,5260,0,1,13,0.08,0.08,1.0,0.0,0.0,75,255,1.0,0.0,0.01,0.0,0.0,0.0,0,26904.0
47,5,0,0,0,0,198,1.0,1.0,0.02,0.06,0.0,255,3,0.01,0.06,0.0,1.0,1.0,0.0,1,97784.0
47,1,0,0,0,0,133,0.0,0.0,0.14,0.06,0.0,255,18,0.07,0.05,0.0,0.0,0.0,1.0,1,68677.0
24,9,339,6924,0,1,10,0.0,0.0,1.0,0.0,0.0,163,255,1.0,0.0,0.01,0.0,0.0,0.0,0,39537.0
23,5,0,0,0,0,205,1.0,1.0,0.06,0.07,0.0,255,13,0.05,0.08,0.0,1.0,1.0,0.0,1,113835.0
42,1,0,0,0,0,510,0.19,0.0,0.0,1.0,0.0,255,1,0.0,1.0,0.0,0.18,0.0,1.0,1,27242.0
52,9,990,327,0,1,1,0.0,0.0,1.0,0.0,1.0,131,97,0.74,0.04,0.0,0.0,0.0,0.0,0,38732.0
24,9,232,13673,0,1,5,0.0,0.0,1.0,0.0,0.09,93,255,1.0,0.0,0.03,0.0,0.0,0.0,0,76182.0
14,9,8,0,0,0,1,0.0,0.0,1.0,0.0,1.0,2,148,1.0,0.0,0.5,0.0,0.0,0.0,1,13411.0
15,9,1032,0,0,0,178,0.0,0.0,1.0,0.0,0.0,255,255,1.0,0.0,0.0,0.0,0.0,0.0,1,118855.0
14,9,64,0,0,0,2,0.0,0.0,1.0,0.0,0.0,182,2,0.01,0.04,0.0,0.0,0.0,0.0,0,72915.0
19,9,1542,4152,0,1,1,0.0,0.0,1.0,0.0,0.0,34,14,0.41,0.09,0.0,0.0,0.0,0.0,0,117383.0
24,9,234,2097,0,1,11,0.0,0.0,1.0,0.0,0.0,255,255,1.0,0.0,0.0,0.0,0.0,0.0,0,119617.0
47,5,0,0,0,0,280,1.0,1.0,0.05,0.05,0.0,255,14,0.05,0.05,0.0,1.0,1.0,0.0,1,101360.0
52,5,0,0,0,0,267,1.0,1.0,0.02,0.06,0.0,255,5,0.02,0.06,0.0,1.0,1.0,0.0,1,124898.0
20,9,6932,0,0,1,2,0.0,0.0,1.0,0.0,0.0,122,37,0.25,0.03,0.05,0.0,0.0,0.0,0,51636.0
24,1,0,0,0,0,295,0.0,0.0,0.06,0.06,0.0,255,19,0.07,0.08,0.0,0.0,0.0,1.0,1,56368.0
52,9,2102,332,0,1,1,0.0,0.0,1.0,0.0,1.0,9,5,0.56,0.22,0.0,0.0,0.0,0.0,0,81971.0
24,9,199,8564,0,1,5,0.0,0.0,1.0,0.0,0.0,5,255,1.0,0.0,0.07,0.0,0.0,0.0,0,24117.0
33,5,0,0,0,0,251,1.0,1.0,0.02,0.06,0.0,255,5,0.02,0.08,0.0,1.0,1.0,0.0,1,39322.0
47,9,473,1,0,1,1,0.0,0.0,1.0,0.0,0.0,2,1,0.5,1.0,0.0,0.0,0.0,0.0,0,123526.0
24,9,231,323,0,1,13,0.0,0.0,1.0,0.0,0.15,185,255,1.0,0.0,0.03,0.0,0.0,0.0,0,91853.0
24,9,336,2660,0,1,3,0.0,0.0,1.0,0.0,0.5,80,117,1.0,0.0,0.02,0.0,0.0,0.0,0,75490.0
47,1,0,0,0,0,120,0.07,0.0,0.01,1.0,0.0,255,1,0.0,0.69,0.0,0.03,0.0,1.0,1,41788.0
24,9,232,4340,0,1,18,0.0,0.0,1.0,0.0,0.0,18,255,1.0,0.0,0.05,0.0,0.0,0.0,0,91234.0
47,1,0,0,0,0,7,0.0,0.0,0.14,1.0,0.0,255,1,0.0,0.07,0.0,0.0,0.0,1.0,1,14327.0
24,1,0,0,0,0,1,0.0,0.0,1.0,0.0,0.0,1,253,1.0,0.0,0.15,0.0,0.0,0.57,0,79473.0
27,5,0,0,0,0,232,1.0,1.0,0.07,0.06,0.0,255,16,0.06,0.07,0.0,1.0,1.0,0.0,1,11243.0
52,9,606,336,0,1,1,0.0,0.0,1.0,0.0,0.0,88,166,0.76,0.06,0.01,0.0,0.0,0.0,0,50389.0
20,5,0,0,0,0,229,1.0,1.0,0.03,0.06,0.0,255,6,0.02,0.07,0.0,1.0,1.0,0.0,1,63385.0
24,5,0,0,0,0,64,1.0,1.0,0.3,0.06,0.0,255,42,0.16,0.04,0.0,1.0,1.0,0.0,1,10951.0
42,9,146,105,0,0,5,0.0,0.0,0.2,0.6,0.0,255,1,0.0,0.68,0.0,0.0,0.0,0.0,0,71929.0
47,1,0,0,0,0,210,0.0,0.0,0.03,0.08,0.0,255,6,0.02,0.08,0.0,0.0,0.0,1.0,1,61796.0
52,9,1669,328,0,1,1,0.0,0.0,1.0,0.0,0.0,42,24,0.57,0.12,0.0,0.0,0.0,0.0,0,39024.0
47,5,0,0,0,0,109,1.0,1.0,0.1,0.06,0.0,255,14,0.05,0.06,0.0,1.0,1.0,0.0,1,82472.0
24,9,294,2698,0,1,5,0.0,0.0,1.0,0.0,0.33,255,255,1.0,0.0,0.0,0.0,0.0,0.0,0,94974.0
20,9,4753,0,0,1,14,0.07,0.07,1.0,0.0,0.0,243,73,0.3,0.03,0.0,0.02,0.04,0.0,0,44610.0
42,9,145,105,0,0,5,0.0,0.0,0.4,0.6,0.0,255,3,0.01,0.59,0.0,0.0,0.0,0.0,0,63788.0
24,9,377,1437,0,1,3,0.33,0.33,1.0,0.0,0.0,160,255,1.0,0.0,0.02,0.01,0.0,0.0,0,110155.0
24,9,290,492,0,1,16,0.0,0.0,1.0,0.0,0.1,54,231,1.0,0.0,0.04,0.0,0.0,0.0,0,51725.0
24,1,0,0,0,0,103,0.0,0.0,0.08,0.07,0.0,255,6,0.02,0.07,0.0,0.0,0.0,1.0,1,58859.0
24,5,0,0,0,0,171,1.0,1.0,0.04,0.06,0.0,255,6,0.02,0.05,0.0,1.0,1.0,0.0,1,15716.0
24,9,193,1639,0,1,37,0.0,0.0,1.0,0.0,0.0,255,255,1.0,0.0,0.0,0.0,0.0,0.0,0,83486.0
4,5,0,0,0,0,249,1.0,1.0,0.02,0.07,0.0,255,5,0.02,0.08,0.0,1.0,1.0,0.0,1,99199.0
12,9,43,132,0,0,77,0.0,0.0,1.0,0.0,0.01,255,235,0.92,0.01,0.0,0.0,0.0,0.0,0,2952.0
12,9,45,115,0,0,1,0.0,0.0,1.0,0.0,1.0,253,231,0.91,0.01,0.0,0.0,0.0,0.0,0,97427.0
24,9,298,8673,0,1,3,0.0,0.0,1.0,0.0,0.27,111,255,1.0,0.0,0.04,0.01,0.0,0.0,0,22409.0
40,5,0,0,0,0,204,1.0,1.0,0.02,0.06,0.0,255,20,0.08,0.06,0.0,1.0,1.0,0.0,1,54884.0
24,9,417,7329,0,1,4,0.0,0.0,1.0,0.0,0.0,255,255,1.0,0.0,0.0,0.0,0.0,0.0,0,50974.0
24,9,330,3273,0,1,2,0.0,0.0,1.0,0.0,0.0,17,255,1.0,0.0,0.03,0.0,0.0,0.0,0,33286.0
47,9,1,0,0,0,29,0.0,0.0,0.86,0.07,0.0,255,30,0.12,0.69,0.0,0.05,0.0,0.0,1,47151.0
24,9,317,1175,0,1,18,0.0,0.0,1.0,0.0,0.0,230,255,1.0,0.0,0.01,0.0,0.0,0.0,0,105006.0
17,2,0,0,0,0,106,0.0,0.0,0.04,0.08,0.0,255,4,0.02,0.07,0.0,0.0,0.0,1.0,1,60557.0
4,5,0,0,0,0,255,1.0,1.0,0.04,0.06,0.0,255,10,0.04,0.07,0.0,1.0,1.0,0.0,1,16971.0
58,5,0,0,0,0,296,1.0,1.0,0.08,0.05,0.0,255,25,0.1,0.05,0.0,1.0,1.0,0.0,1,96624.0
24,9,54540,8314,0,1,4,0.0,0.0,1.0,0.0,0.4,255,255,1.0,0.0,0.0,0.0,0.0,0.03,1,51911.0
12,9,33,88,0,0,1,0.0,0.0,1.0,0.0,0.0,48,55,0.54,0.04,0.04,0.0,0.0,0.0,0,24720.0
15,9,1032,0,0,0,16,0.0,0.0,1.0,0.0,0.0,161,67,0.42,0.04,0.0,0.01,0.0,0.0,1,79352.0
24,9,290,12689,0,1,14,0.0,0.0,1.0,0.0,0.0,218,255,1.0,0.0,0.01,0.0,0.0,0.05,0,20188.0
35,5,0,0,0,0,194,1.0,1.0,0.09,0.05,0.0,255,18,0.07,0.05,0.0,1.0,1.0,0.0,1,754.0
12,9,46,46,0,0,58,0.0,0.0,1.0,0.0,0.01,255,255,1.0,0.0,0.0,0.0,0.0,0.0,0,89669.0
14,9,8,0,0,0,1,0.0,0.0,1.0,0.0,1.0,1,25,1.0,0.0,0.56,0.0,0.0,0.0,1,76357.0
47,9,1,0,0,0,33,0.0,0.0,0.27,0.09,0.0,255,15,0.06,0.86,0.0,0.1,0.0,0.0,1,43907.0
24,9,204,8064,0,1,9,0.0,0.0,1.0,0.0,0.0,255,255,1.0,0.0,0.0,0.0,0.0,0.0,0,117394.0
24,9,51,8127,0,1,1,0.0,0.0,1.0,0.0,1.0,255,255,1.0,0.0,0.0,0.0,0.0,0.0,1,10738.0
35,5,0,0,0,0,236,1.0,1.0,0.01,0.06,0.0,255,6,0.02,0.08,0.0,1.0,1.0,0.0,1,81932.0
29,5,0,0,0,0,116,1.0,1.0,0.12,0.06,0.0,255,7,0.03,0.07,0.0,1.0,1.0,0.0,1,10135.0
52,9,700,326,0,1,2,0.0,0.0,0.5,1.0,0.0,255,79,0.31,0.29,0.0,0.0,0.0,0.0,0,5617.0
8,5,0,0,0,0,254,1.0,1.0,0.01,0.07,0.0,255,3,0.01,0.07,0.0,1.0,1.0,0.0,1,91444.0
47,9,1,0,0,0,11,0.0,0.0,0.09,0.82,0.0,255,1,0.0,0.46,0.0,0.03,0.0,0.0,1,40966.0
24,5,0,0,0,0,7,1.0,1.0,1.0,0.0,0.0,9,7,0.78,0.22,0.0,0.78,1.0,0.0,1,94292.0
19,9,235,769,0,1,1,0.0,0.0,1.0,0.0,0.0,231,43,0.19,0.03,0.0,0.0,0.0,0.05,0,23140.0
58,5,0,0,0,0,8,1.0,1.0,1.0,0.0,0.0,10,10,1.0,0.0,0.0,0.8,0.8,0.0,1,74104.0
24,9,323,1444,0,1,7,0.0,0.0,1.0,0.0,0.0,255,255,1.0,0.0,0.0,0.0,0.0,0.0,0,79973.0
47,5,0,0,0,0,56,1.0,1.0,0.05,0.11,0.0,255,17,0.07,0.09,0.0,1.0,1.0,0.0,1,76452.0
12,9,34,0,0,0,1,0.0,0.0,1.0,0.0,1.0,110,84,0.32,0.04,0.04,0.0,0.0,0.0,0,102280.0
24,9,322,258,0,1,28,0.0,0.0,1.0,0.0,0.0,255,255,1.0,0.0,0.0,0.0,0.0,0.0,0,45423.0
38,5,0,0,0,0,282,1.0,1.0,0.02,0.06,0.0,255,6,0.02,0.07,0.0,1.0,1.0,0.0,1,40051.0
19,9,1255,2451,0,1,1,0.0,0.0,1.0,0.0,0.0,255,128,0.5,0.02,0.0,0.0,0.0,0.0,1,33757.0
24,9,211,3115,0,1,15,0.0,0.0,1.0,0.0,0.0,15,255,1.0,0.0,0.04,0.0,0.0,0.0,0,23060.0
24,9,142,38299,0,1,1,0.0,0.0,1.0,0.0,0.14,255,255,1.0,0.0,0.0,0.0,0.0,0.0,0,100896.0
52,9,768,330,0,1,1,0.0,0.0,1.0,0.0,0.0,107,146,0.5,0.05,0.01,0.01,0.01,0.0,0,112063.0
47,5,0,0,0,0,209,1.0,1.0,0.08,0.06,0.0,255,16,0.06,0.05,0.0,1.0,1.0,0.0,1,6735.0
14,9,8,0,0,0,1,0.0,0.0,1.0,0.0,1.0,1,5,1.0,0.0,0.6,0.0,0.0,0.0,1,78407.0
47,5,0,0,0,0,137,1.0,1.0,0.06,0.06,0.0,255,13,0.05,0.08,0.0,1.0,1.0,0.0,1,15156.0
24,1,0,0,0,0,1,0.0,0.0,1.0,0.0,1.0,1,255,1.0,0.0,0.11,0.0,0.0,1.0,0,91274.0
24,9,243,564,0,1,34,0.0,0.0,1.0,0.0,0.0,255,255,1.0,0.0,0.0,0.0,0.0,0.0,0,91826.0
47,1,0,0,0,0,511,0.08,0.0,0.0,1.0,0.0,255,1,0.0,1.0,0.0,0.13,0.0,1.0,1,118585.0
20,9,0,0,0,0,2,0.0,0.0,1.0,0.0,0.0,22,60,0.36,0.18,0.03,0.0,0.0,0.0,0,82988.0
24,9,228,18255,0,1,17,0.0,0.0,1.0,0.0,0.0,131,255,1.0,0.0,0.02,0.0,0.0,0.0,0,56791.0
52,9,1046,334,0,1,1,0.0,0.0,1.0,0.0,0.0,164,247,0.96,0.01,0.01,0.0,0.0,0.0,0,85056.0
52,9,2225,364,0,1,1,0.0,0.0,1.0,0.0,1.0,21,242,0.86,0.1,0.01,0.0,0.0,0.0,0,9665.0
18,5,0,0,0,0,12,1.0,1.0,0.25,0.33,0.0,255,64,0.25,0.02,0.0,1.0,1.0,0.0,1,106531.0
33,5,0,0,0,0,253,1.0,1.0,0.05,0.06,0.0,255,26,0.1,0.05,0.0,1.0,1.0,0.0,1,36075.0
24,9,230,12471,0,1,10,0.0,0.0,1.0,0.0,0.0,255,255,1.0,0.0,0.0,0.0,0.0,0.0,0,125941.0
47,5,0,0,0,0,242,1.0,1.0,0.07,0.06,0.0,255,15,0.06,0.06,0.0,1.0,1.0,0.0,1,83030.0
47,4,1,0,0,0,2,0.0,0.0,1.0,0.0,0.0,255,2,0.01,0.51,0.0,0.0,0.0,1.0,1,31880.0
20,9,192,0,0,1,2,0.0,0.0,1.0,0.0,0.0,87,13,0.09,0.03,0.15,0.0,0.0,0.0,0,66054.0
24,9,291,15647,0,1,12,0.0,0.0,1.0,0.0,0.0,33,255,1.0,0.0,0.02,0.0,0.0,0.0,0,84264.0
13,5,0,0,0,0,279,1.0,1.0,0.08,0.05,0.0,255,23,0.09,0.05,0.0,1.0,1.0,0.0,1,104680.0
15,9,1032,0,0,0,511,0.0,0.0,1.0,0.0,0.0,242,148,0.61,0.03,0.0,0.01,0.0,0.0,1,15101.0
24,9,325,2649,0,1,7,0.0,0.0,1.0,0.0,0.0,107,255,1.0,0.0,0.01,0.0,0.0,0.0,0,119.0
24,9,197,659,0,1,6,0.0,0.0,1.0,0.0,0.29,255,255,1.0,0.0,0.0,0.0,0.0,0.0,0,123936.0
63,5,0,0,0,0,144,1.0,1.0,0.14,0.05,0.0,255,20,0.08,0.05,0.0,1.0,1.0,0.0,1,10470.0
42,9,147,105,0,0,4,0.0,0.0,0.5,0.5,0.0,255,2,0.01,0.84,0.0,0.0,0.0,0.0,0,23689.0
5,1,0,0,0,0,208,0.0,0.0,0.02,0.07,0.0,255,4,0.02,0.08,0.0,0.0,0.0,1.0,1,79615.0
24,9,280,5854,0,1,20,0.0,0.0,1.0,0.0,0.09,46,255,1.0,0.0,0.03,0.0,0.01,0.01,0,25931.0
24,9,325,2006,0,1,10,0.0,0.0,1.0,0.0,0.17,10,255,1.0,0.0,0.07,0.0,0.01,0.01,0,2954.0
14,9,8,0,0,0,1,0.0,0.0,1.0,0.0,1.0,2,114,1.0,0.0,0.25,0.0,0.0,0.0,1,81253.0
24,9,230,324,0,1,34,0.0,0.0,1.0,0.0,0.0,255,255,1.0,0.0,0.0,0.0,0.0,0.0,0,3606.0
24,9,220,3270,0,1,4,0.0,0.0,1.0,0.0,0.4,255,255,1.0,0.0,0.0,0.0,0.0,0.0,0,40563.0
23,5,0,0,0,0,200,1.0,1.0,0.08,0.07,0.0,255,16,0.06,0.07,0.0,1.0,1.0,0.0,1,64943.0
23,5,0,0,0,0,145,1.0,1.0,0.17,0.04,0.0,255,25,0.1,0.04,0.0,1.0,1.0,0.0,1,98673.0
6,5,0,0,0,0,123,1.0,1.0,0.12,0.07,0.0,255,15,0.06,0.06,0.0,1.0,1.0,0.0,1,5927.0
25,5,0,0,0,0,132,1.0,1.0,0.13,0.05,0.0,255,17,0.07,0.05,0.0,1.0,1.0,0.0,1,67483.0
19,9,1197,2449,0,1,1,0.0,0.0,1.0,0.0,0.0,255,124,0.49,0.02,0.0,0.0,0.0,0.0,1,35408.0
52,9,1370,328,0,1,1,0.0,0.0,1.0,0.0,1.0,208,135,0.65,0.02,0.0,0.0,0.0,0.0,0,20542.0
24,9,328,532,0,1,22,0.0,0.0,1.0,0.0,0.0,119,255,1.0,0.0,0.01,0.0,0.01,0.0,0,102290.0
30,1,0,0,0,0,133,0.0,0.0,0.03,0.06,0.0,255,4,0.02,0.06,0.0,0.0,0.0,1.0,1,99574.0
52,9,689,341,0,1,1,0.0,0.0,1.0,0.0,0.0,38,170,0.95,0.05,0.01,0.0,0.01,0.0,0,93735.0
24,9,331,1052,0,1,11,0.0,0.0,1.0,0.0,0.0,222,255,1.0,0.0,0.01,0.0,0.0,0.0,0,102183.0
47,5,0,0,0,0,68,1.0,1.0,0.18,0.06,0.0,255,12,0.05,0.05,0.0,1.0,1.0,0.0,1,96794.0
24,9,236,2032,0,1,1,0.0,0.0,1.0,0.0,0.0,4,255,1.0,0.0,0.03,0.0,0.0,0.0,0,35043.0
24,9,293,2823,0,1,4,0.0,0.0,1.0,0.0,0.0,9,17,1.0,0.0,0.18,0.0,0.0,0.0,0,97560.0
47,4,1,0,0,0,2,0.0,0.0,1.0,0.0,0.0,255,2,0.01,0.82,0.0,0.0,0.0,1.0,1,59265.0
24,9,346,215,0,1,6,0.0,0.0,1.0,0.0,0.0,80,255,1.0,0.0,0.02,0.0,0.0,0.0,0,22791.0
2,5,0,0,0,0,121,1.0,1.0,0.12,0.07,0.0,255,15,0.06,0.07,0.0,1.0,1.0,0.0,1,55110.0
66,5,0,0,0,0,171,1.0,1.0,0.01,0.06,0.0,255,3,0.01,0.06,0.0,1.0,1.0,0.0,1,5942.0
19,9,1062,3081,0,1,1,0.0,0.0,1.0,0.0,0.0,235,55,0.23,0.03,0.0,0.0,0.0,0.02,0,124916.0
63,5,0,0,0,0,132,1.0,1.0,0.02,0.07,0.0,255,3,0.01,0.08,0.0,1.0,1.0,0.0,1,34269.0
20,5,0,0,0,0,23,1.0,1.0,0.17,0.17,0.0,255,41,0.16,0.04,0.0,1.0,1.0,0.0,1,21270.0
4,5,0,0,0,0,246,1.0,1.0,0.03,0.05,0.0,255,8,0.03,0.05,0.0,1.0,1.0,0.0,1,66284.0
14,9,8,0,0,0,1,0.0,0.0,1.0,0.0,1.0,2,8,1.0,0.0,0.5,0.0,0.0,0.0,1,16825.0
52,9,670,390,0,1,1,0.0,0.0,1.0,0.0,0.0,15,183,0.6,0.13,0.02,0.0,0.0,0.0,0,122712.0
24,9,217,1472,0,1,11,0.0,0.0,1.0,0.0,0.15,82,255,1.0,0.0,0.06,0.01,0.0,0.0,0,32741.0
15,9,1032,0,0,0,511,0.0,0.0,1.0,0.0,0.0,255,225,0.88,0.02,0.0,0.0,0.0,0.0,1,122599.0
47,5,0,0,0,0,72,1.0,1.0,0.35,0.07,0.0,255,25,0.1,0.05,0.0,1.0,1.0,0.0,1,16779.0
58,5,0,0,0,0,237,1.0,1.0,0.07,0.06,0.0,255,23,0.09,0.06,0.0,1.0,1.0,0.0,1,115633.0
62,9,78,0,0,0,41,0.0,0.0,0.02,0.05,0.0,255,17,0.07,0.01,0.0,0.0,0.0,0.0,0,70847.0
15,9,1032,0,0,0,511,0.0,0.0,1.0,0.0,0.0,255,107,0.42,0.09,0.0,0.0,0.0,0.0,1,59081.0
58,5,0,0,0,0,39,1.0,1.0,0.33,0.08,0.0,255,69,0.27,0.02,0.0,1.0,1.0,0.0,1,67327.0
47,5,0,0,0,0,153,1.0,1.0,0.07,0.08,0.0,255,11,0.04,0.07,0.0,1.0,1.0,0.0,1,6656.0
24,9,225,2538,0,1,23,0.04,0.04,1.0,0.0,0.0,23,255,1.0,0.0,0.05,0.04,0.01,0.0,0,4894.0
24,9,301,1404,0,1,16,0.0,0.0,1.0,0.0,0.12,255,255,1.0,0.0,0.0,0.0,0.0,0.0,0,84911.0
47,5,0,0,0,0,229,1.0,1.0,0.01,0.06,0.0,255,1,0.0,0.07,0.0,1.0,1.0,0.0,1,101173.0
47,5,0,0,0,0,237,1.0,1.0,0.1,0.04,0.0,255,24,0.09,0.05,0.0,1.0,1.0,0.0,1,49931.0
18,5,0,0,0,0,37,1.0,1.0,0.24,0.11,0.0,255,56,0.22,0.02,0.0,1.0,1.0,0.0,1,121252.0
24,1,0,0,0,0,1,0.0,0.0,1.0,0.0,1.0,45,255,1.0,0.0,0.18,0.0,0.01,0.99,0,108943.0
24,1,0,0,0,0,1,0.0,0.0,1.0,0.0,1.0,1,254,1.0,0.0,0.12,0.0,0.0,1.0,0,45314.0
24,9,242,6322,0,1,11,0.0,0.0,1.0,0.0,0.0,179,255,1.0,0.0,0.01,0.0,0.0,0.0,0,66508.0
34,5,0,0,0,0,134,1.0,1.0,0.1,0.05,0.0,255,7,0.03,0.07,0.0,1.0,1.0,0.0,1,67789.0
24,9,241,361,0,1,5,0.0,0.0,1.0,0.0,0.0,255,255,1.0,0.0,0.0,0.0,0.0,0.0,0,18984.0
4,5,0,0,0,0,243,1.0,1.0,0.03,0.07,0.0,255,7,0.03,0.07,0.0,1.0,1.0,0.0,1,88657.0
24,9,280,38172,0,1,8,0.0,0.0,1.0,0.0,0.0,255,255,1.0,0.0,0.0,0.0,0.0,0.0,0,67466.0
52,9,8812,372,0,1,2,0.0,0.0,0.5,1.0,0.0,22,132,0.73,0.14,0.02,0.0,0.3,0.0,0,2868.0
12,9,36,0,0,0,6,0.0,0.0,1.0,0.0,0.0,32,32,1.0,0.0,0.0,0.0,0.0,0.0,0,94137.0
21,5,0,0,0,0,226,1.0,1.0,0.0,0.06,0.0,255,1,0.0,0.06,0.0,1.0,1.0,0.0,1,5260.0
42,9,146,105,0,0,4,0.0,0.0,0.5,0.5,0.0,255,2,0.01,0.66,0.0,0.0,0.0,0.0,0,43.0
20,9,383,0,0,0,2,0.0,0.0,1.0,0.0,0.0,42,99,0.79,0.07,0.02,0.0,0.0,0.0,0,103134.0
27,5,0,0,0,0,237,1.0,1.0,0.02,0.06,0.0,255,4,0.02,0.07,0.0,1.0,1.0,0.0,1,61134.0
15,9,1032,0,0,0,511,0.0,0.0,1.0,0.0,0.0,255,29,0.11,0.24,0.0,0.0,0.0,0.0,1,67062.0
7,5,0,0,0,0,294,1.0,1.0,0.03,0.05,0.0,255,8,0.03,0.05,0.0,1.0,1.0,0.0,1,106751.0
33,5,0,0,0,0,99,1.0,1.0,0.01,0.07,0.0,255,1,0.0,0.08,0.0,1.0,1.0,0.0,1,123814.0
24,9,361,824,0,1,6,0.0,0.0,1.0,0.0,0.29,118,255,1.0,0.0,0.01,0.0,0.0,0.0,0,42233.0
24,9,355,1189,0,1,11,0.0,0.0,1.0,0.0,0.13,55,255,1.0,0.0,0.03,0.0,0.0,0.0,0,105926.0
47,5,0,0,0,0,123,1.0,1.0,0.02,0.08,0.0,255,2,0.01,0.08,0.0,1.0,1.0,0.0,1,19842.0
24,9,357,281,0,1,1,0.0,0.0,1.0,0.0,0.5,23,255,1.0,0.0,0.03,0.0,0.0,0.0,0,26877.0
24,9,216,11094,0,1,3,0.0,0.0,1.0,0.0,0.43,46,231,1.0,0.0,0.04,0.0,0.0,0.0,0,20539.0
66,5,0,0,0,0,134,1.0,1.0,0.04,0.07,0.0,255,5,0.02,0.07,0.0,1.0,1.0,0.0,1,21931.0
24,9,215,2332,0,1,19,0.0,0.0,1.0,0.0,0.0,255,255,1.0,0.0,0.0,0.0,0.0,0.0,0,100699.0
47,9,28,0,3,0,14,0.0,0.0,1.0,0.0,0.0,217,14,0.06,0.05,0.0,0.02,0.0,0.0,1,113707.0
47,5,0,0,0,0,166,1.0,1.0,0.02,0.07,0.0,255,17,0.07,0.08,0.0,1.0,1.0,0.0,1,724.0
24,9,227,327,0,1,33,0.0,0.0,1.0,0.0,0.0,33,255,1.0,0.0,0.02,0.0,0.0,0.0,0,24505.0
62,9,126,0,0,0,10,0.0,0.0,0.2,0.2,0.0,72,8,0.08,0.06,0.25,0.0,0.0,0.0,0,63892.0
47,5,0,0,0,0,93,1.0,1.0,0.01,0.08,0.0,255,20,0.08,0.07,0.0,1.0,1.0,0.0,1,65242.0
14,9,8,0,0,0,1,0.0,0.0,1.0,0.0,1.0,2,26,1.0,0.0,0.5,0.0,0.0,0.0,1,8523.0
52,9,777,332,0,1,1,0.0,0.0,1.0,0.0,0.0,100,160,0.79,0.04,0.01,0.0,0.0,0.0,0,121611.0
20,9,641,0,0,1,2,0.0,0.0,1.0,0.0,0.0,199,30,0.1,0.06,0.07,0.02,0.07,0.0,0,104454.0
24,9,304,753,0,1,11,0.0,0.0,1.0,0.0,0.11,255,255,1.0,0.0,0.0,0.0,0.0,0.0,0,85124.0
46,5,0,0,0,0,138,1.0,1.0,0.14,0.05,0.0,255,19,0.07,0.05,0.0,1.0,1.0,0.0,1,75530.0
15,9,1032,0,0,0,511,0.0,0.0,1.0,0.0,0.0,255,33,0.13,0.05,0.0,0.29,0.0,0.0,1,98272.0
47,4,1,0,0,0,2,0.0,0.0,1.0,0.0,0.0,255,2,0.01,0.5,0.0,0.0,0.0,1.0,1,75584.0
14,9,18,0,0,0,1,0.0,0.0,1.0,0.0,0.0,1,150,1.0,0.0,1.0,0.0,0.0,0.0,1,70090.0
24,9,330,749,0,1,28,0.0,0.0,1.0,0.0,0.07,255,255,1.0,0.0,0.0,0.0,0.0,0.0,0,73277.0
24,9,250,7886,0,1,4,0.0,0.0,1.0,0.0,0.1,255,255,1.0,0.0,0.0,0.0,0.0,0.0,0,91380.0
47,5,0,0,0,0,228,1.0,1.0,0.03,0.07,0.0,255,7,0.03,0.07,0.0,1.0,1.0,0.0,1,43453.0
20,9,383,0,0,1,2,0.0,0.0,1.0,0.0,0.0,88,95,0.49,0.05,0.02,0.0,0.0,0.0,0,119645.0
24,9,325,395,0,1,11,0.0,0.0,1.0,0.0,0.0,255,255,1.0,0.0,0.0,0.0,0.0,0.0,0,3721.0
23,1,0,0,0,0,245,0.0,0.0,0.0,0.07,0.0,255,1,0.0,0.08,0.0,0.0,0.0,1.0,1,75039.0
53,5,0,0,0,0,256,1.0,1.0,0.07,0.06,0.0,255,18,0.07,0.06,0.0,1.0,1.0,0.0,1,33078.0
24,5,0,0,0,0,169,1.0,1.0,0.03,0.06,0.0,255,5,0.02,0.05,0.0,1.0,1.0,0.0,1,43568.0
14,9,8,0,0,0,1,0.0,0.0,1.0,0.0,1.0,2,255,1.0,0.0,0.5,0.0,0.0,0.0,1,72684.0
24,9,197,2622,0,1,12,0.0,0.0,1.0,0.0,0.22,32,255,1.0,0.0,0.04,0.0,0.0,0.0,0,6870.0
24,9,221,337,0,1,5,0.0,0.0,1.0,0.0,0.43,18,255,1.0,0.0,0.04,0.0,0.0,0.0,0,15845.0
14,9,8,0,0,0,1,0.0,0.0,1.0,0.0,1.0,1,135,1.0,0.0,0.5,0.0,0.0,0.0,1,86621.0
47,1,0,0,0,0,83,0.0,0.0,0.24,0.06,0.0,255,11,0.04,0.08,0.0,0.0,0.0,1.0,1,78431.0
47,5,0,0,0,0,179,1.0,1.0,0.05,0.06,0.0,255,9,0.04,0.06,0.0,1.0,1.0,0.0,1,2489.0
47,5,0,0,0,0,194,1.0,1.0,0.11,0.05,0.0,255,22,0.09,0.05,0.0,1.0,1.0,0.0,1,2628.0
66,1,0,0,0,0,226,0.0,0.0,0.06,0.07,0.0,255,14,0.05,0.08,0.0,0.0,0.0,1.0,1,2830.0
15,9,1480,0,1,0,1,0.0,0.0,1.0,0.0,0.67,1,31,1.0,0.0,0.52,0.0,0.0,0.0,1,58750.0
41,9,48,48,0,0,3,0.0,0.0,0.33,0.67,0.0,116,72,0.62,0.02,0.0,0.0,0.0,0.0,0,17468.0
20,9,10272,0,0,1,12,0.0,0.0,1.0,0.0,0.0,255,22,0.09,0.06,0.0,0.79,0.0,0.0,0,98255.0
24,9,352,619,0,1,16,0.0,0.0,1.0,0.0,0.15,255,255,1.0,0.0,0.0,0.0,0.0,0.0,0,108747.0
24,2,0,0,0,1,2,0.0,0.0,1.0,0.0,0.0,166,255,1.0,0.0,0.01,0.0,0.0,0.01,0,61247.0
38,5,0,0,0,0,121,1.0,1.0,0.13,0.07,0.0,255,16,0.06,0.07,0.0,1.0,1.0,0.0,1,96791.0
12,9,46,46,0,0,190,0.0,0.0,0.99,0.01,0.0,255,254,1.0,0.01,0.0,0.0,0.0,0.0,0,90256.0
20,9,7280,0,0,1,12,0.0,0.0,1.0,0.0,0.0,60,53,0.45,0.05,0.06,0.0,0.0,0.0,0,73274.0
27,5,0,0,0,0,205,1.0,1.0,0.0,0.07,0.0,255,15,0.06,0.08,0.0,1.0,1.0,0.0,1,106994.0
47,9,28,0,3,0,46,0.0,0.0,0.98,0.04,0.0,255,45,0.18,0.02,0.0,0.0,0.0,0.0,1,22997.0
64,5,0,0,0,0,201,1.0,1.0,0.09,0.06,0.0,255,18,0.07,0.07,0.0,1.0,1.0,0.0,1,206.0
24,9,231,403,0,1,2,0.0,0.0,1.0,0.0,0.12,23,255,1.0,0.0,0.02,0.0,0.0,0.0,0,77599.0
42,9,8325,0,0,1,19,0.16,0.0,0.05,0.63,0.0,128,1,0.01,0.22,0.0,0.05,0.0,0.0,0,1451.0
24,9,206,1849,0,1,5,0.0,0.0,1.0,0.0,0.0,5,255,1.0,0.0,0.05,0.0,0.0,0.0,0,21945.0
10,2,0,0,0,0,273,0.0,0.0,0.07,0.06,0.0,255,19,0.07,0.07,0.0,0.0,0.0,1.0,1,86233.0
52,9,708,331,0,1,2,0.0,0.0,0.5,1.0,0.0,68,23,0.34,0.09,0.0,0.0,0.0,0.0,0,30409.0
15,9,1032,0,0,0,511,0.0,0.0,1.0,0.0,0.0,255,202,0.79,0.02,0.0,0.0,0.0,0.0,1,92787.0
14,9,8,0,0,0,1,0.0,0.0,1.0,0.0,1.0,2,35,1.0,0.0,0.51,0.0,0.0,0.0,1,44282.0
24,9,215,368,0,1,18,0.0,0.0,1.0,0.0,0.0,101,255,1.0,0.0,0.03,0.0,0.0,0.0,0,73224.0
24,9,244,611,0,1,14,0.0,0.0,1.0,0.0,0.13,46,255,1.0,0.0,0.05,0.0,0.0,0.0,0,11248.0
42,9,147,0,0,0,5,0.0,0.0,0.2,0.6,0.0,255,1,0.0,0.42,0.0,0.0,0.0,0.0,0,60027.0
29,5,0,0,0,0,139,1.0,1.0,0.1,0.06,0.0,255,10,0.04,0.06,0.0,1.0,1.0,0.0,1,20888.0
24,9,186,1020,0,1,1,0.0,0.0,1.0,0.0,0.0,1,255,1.0,0.0,0.04,0.0,0.0,0.0,0,25648.0
19,2,0,0,0,0,2,0.0,0.0,0.5,1.0,0.0,255,1,0.0,0.18,0.0,0.42,0.0,1.0,1,26921.0
64,5,0,0,0,0,274,1.0,1.0,0.05,0.06,0.0,255,8,0.03,0.07,0.0,1.0,1.0,0.0,1,27153.0
24,9,305,2613,0,1,5,0.0,0.0,1.0,0.0,0.0,5,255,1.0,0.0,0.03,0.0,0.0,0.0,0,47958.0
24,9,266,572,0,1,26,0.0,0.0,1.0,0.0,0.1,255,255,1.0,0.0,0.0,0.0,0.0,0.0,0,116747.0
24,9,238,1484,0,1,11,0.0,0.0,1.0,0.0,0.0,236,255,1.0,0.0,0.01,0.0,0.0,0.0,0,13328.0
24,1,0,0,0,0,1,0.0,0.0,1.0,0.0,0.0,1,33,1.0,0.0,0.39,0.0,0.0,1.0,0,116499.0
5,5,0,0,0,0,254,1.0,1.0,0.01,0.07,0.0,255,2,0.01,0.07,0.0,1.0,1.0,0.0,1,7459.0
66,5,0,0,0,0,258,1.0,1.0,0.01,0.06,0.0,255,3,0.01,0.06,0.0,1.0,1.0,0.0,1,14632.0
13,4,0,0,0,0,1,0.0,0.0,1.0,0.0,0.0,133,1,0.01,0.08,0.0,0.0,0.0,1.0,1,1814.0
14,9,8,0,0,0,1,0.0,0.0,1.0,0.0,1.0,2,210,1.0,0.0,0.25,0.0,0.0,0.0,1,90652.0
24,9,193,1845,0,1,12,0.0,0.0,1.0,0.0,0.0,255,255,1.0,0.0,0.0,0.0,0.0,0.0,0,111315.0
12,9,43,109,0,0,73,0.0,0.0,1.0,0.0,0.01,255,255,1.0,0.0,0.0,0.0,0.0,0.0,0,4307.0
47,5,0,0,0,0,131,1.0,1.0,0.12,0.05,0.0,255,16,0.06,0.04,0.0,1.0,1.0,0.0,1,82307.0
12,9,44,44,0,0,110,0.0,0.0,1.0,0.0,0.01,255,255,1.0,0.0,0.0,0.0,0.0,0.0,0,19362.0
20,9,1766,0,0,1,1,0.0,0.0,1.0,0.0,0.0,62,65,0.1,0.05,0.03,0.0,0.25,0.0,0,122305.0
24,9,182,1894,0,1,2,0.0,0.0,1.0,0.0,0.0,255,236,0.93,0.01,0.0,0.0,0.0,0.0,0,28401.0
24,9,310,1429,0,1,6,0.0,0.0,1.0,0.0,0.0,48,255,1.0,0.0,0.05,0.0,0.0,0.0,0,98816.0
24,9,301,2698,0,1,6,0.0,0.0,1.0,0.0,0.0,255,254,1.0,0.01,0.0,0.0,0.0,0.0,0,15171.0
24,9,54540,8314,0,1,3,0.0,0.0,1.0,0.0,0.0,193,193,1.0,0.0,0.0,0.0,0.0,0.05,1,121872.0
12,9,45,78,0,0,115,0.0,0.0,1.0,0.0,0.0,255,254,1.0,0.01,0.0,0.0,0.0,0.0,0,116144.0
24,9,338,10554,0,1,2,0.0,0.0,1.0,0.0,0.67,113,255,1.0,0.0,0.01,0.0,0.0,0.0,0,51285.0
14,9,8,0,0,0,1,0.0,0.0,1.0,0.0,1.0,1,89,1.0,0.0,0.51,0.0,0.0,0.0,1,67866.0
24,9,238,777,0,1,1,0.0,0.0,1.0,0.0,0.0,255,255,1.0,0.0,0.0,0.0,0.0,0.0,0,83911.0
24,9,218,264,0,1,15,0.0,0.0,1.0,0.0,0.08,171,255,1.0,0.0,0.01,0.0,0.0,0.0,0,102020.0
24,9,328,1912,0,1,24,0.0,0.0,1.0,0.0,0.07,27,255,1.0,0.0,0.05,0.0,0.0,0.0,0,121785.0
24,9,316,1376,0,1,2,0.0,0.0,1.0,0.0,0.0,255,255,1.0,0.0,0.0,0.0,0.0,0.0,0,77246.0
24,9,214,2168,0,1,21,0.0,0.0,1.0,0.0,0.0,255,255,1.0,0.0,0.0,0.0,0.0,0.0,0,80384.0
24,5,0,0,0,0,79,1.0,1.0,0.25,0.05,0.0,255,61,0.24,0.02,0.0,1.0,1.0,0.0,1,36751.0
64,1,0,0,0,0,231,0.0,0.0,0.02,0.06,0.0,255,5,0.02,0.07,0.0,0.0,0.0,1.0,1,3762.0
42,1,0,0,0,0,497,0.08,0.0,0.0,0.95,0.0,255,1,0.0,0.91,0.0,0.08,0.0,1.0,1,29350.0
63,5,0,0,0,0,116,1.0,1.0,0.09,0.06,0.0,255,11,0.04,0.06,0.0,1.0,1.0,0.0,1,42762.0
47,1,0,0,0,0,1,0.0,0.0,1.0,0.0,0.0,33,1,0.03,1.0,0.0,0.0,0.0,1.0,1,93987.0
47,1,0,0,0,0,178,0.0,0.0,0.06,0.08,0.0,255,11,0.04,0.09,0.0,0.0,0.0,1.0,1,8574.0
24,9,213,44740,0,1,25,0.0,0.0,1.0,0.0,0.0,104,255,1.0,0.0,0.04,0.0,0.04,0.0,0,73164.0
24,9,312,1715,0,1,8,0.0,0.0,1.0,0.0,0.0,255,255,1.0,0.0,0.0,0.0,0.0,0.0,0,57112.0
18,5,0,0,0,0,60,1.0,1.0,0.27,0.07,0.0,255,59,0.23,0.04,0.0,1.0,1.0,0.0,1,107100.0
6,5,0,0,0,0,142,1.0,1.0,0.13,0.04,0.0,255,18,0.07,0.05,0.0,1.0,1.0,0.0,1,62017.0
24,5,0,0,0,0,40,0.98,1.0,0.25,0.12,0.0,255,45,0.18,0.05,0.0,1.0,1.0,0.0,1,16692.0
24,1,0,0,0,0,10,0.0,0.0,1.0,0.0,0.0,163,174,1.0,0.0,0.03,0.01,0.01,0.31,0,74168.0
17,5,0,0,0,0,146,1.0,1.0,0.17,0.05,0.0,255,25,0.1,0.05,0.0,1.0,1.0,0.0,1,3288.0
47,5,0,0,0,0,72,1.0,1.0,0.1,0.07,0.0,255,18,0.07,0.07,0.0,1.0,1.0,0.0,1,75829.0
64,5,0,0,0,0,261,1.0,1.0,0.06,0.06,0.0,255,13,0.05,0.06,0.0,1.0,1.0,0.0,1,44226.0
47,5,0,0,0,0,203,1.0,1.0,0.02,0.06,0.0,255,6,0.02,0.09,0.0,1.0,1.0,0.0,1,52610.0
24,9,214,4402,0,1,1,0.0,0.0,1.0,0.0,0.26,255,255,1.0,0.0,0.0,0.0,0.0,0.0,0,110738.0
14,9,8,0,0,0,1,0.0,0.0,1.0,0.0,1.0,2,74,1.0,0.0,0.5,0.0,0.0,0.0,1,38456.0
24,9,218,320,0,1,50,0.0,0.0,1.0,0.0,0.0,50,255,1.0,0.0,0.04,0.0,0.0,0.0,0,64853.0
24,1,0,0,0,0,1,0.0,0.0,1.0,0.0,0.0,3,255,1.0,0.0,0.15,0.0,0.0,0.98,0,8241.0
12,9,42,128,0,0,197,0.0,0.0,1.0,0.0,0.01,255,253,0.99,0.01,0.0,0.0,0.0,0.0,0,38586.0
24,1,0,0,0,0,1,0.0,0.0,1.0,0.0,0.0,53,255,1.0,0.0,0.07,0.0,0.0,0.84,0,68811.0
24,9,371,620,0,1,51,0.0,0.0,1.0,0.0,0.04,255,255,1.0,0.0,0.0,0.0,0.0,0.0,0,57264.0
12,9,44,73,0,0,126,0.0,0.0,1.0,0.0,0.0,255,255,1.0,0.0,0.0,0.0,0.0,0.0,0,58198.0
24,9,251,1771,0,1,12,0.0,0.0,1.0,0.0,0.2,255,255,1.0,0.0,0.0,0.0,0.0,0.0,0,33502.0
12,9,44,120,0,0,115,0.0,0.0,1.0,0.0,0.03,255,255,1.0,0.0,0.0,0.0,0.0,0.0,0,63423.0
24,9,291,244,0,1,3,0.33,0.2,1.0,0.0,0.2,3,255,1.0,0.0,0.04,0.33,0.0,0.0,0,85169.0
24,9,229,2039,0,1,3,0.0,0.0,1.0,0.0,0.4,210,255,1.0,0.0,0.01,0.0,0.0,0.0,0,41028.0
20,1,0,0,0,0,245,0.0,0.0,0.03,0.07,0.0,255,7,0.03,0.07,0.0,0.0,0.0,1.0,1,13581.0
24,9,328,2798,0,1,1,0.0,0.0,1.0,0.0,0.57,1,255,1.0,0.0,0.04,0.0,0.01,0.0,0,66085.0
39,5,0,0,0,0,118,1.0,1.0,0.04,0.08,0.0,255,5,0.02,0.08,0.0,1.0,1.0,0.0,1,66973.0
14,9,8,0,0,0,1,0.0,0.0,1.0,0.0,1.0,2,102,1.0,0.0,0.5,0.0,0.0,0.0,1,25612.0
66,5,0,0,0,0,229,1.0,1.0,0.04,0.06,0.0,255,9,0.04,0.09,0.0,1.0,1.0,0.0,1,119696.0
24,9,288,10834,0,1,4,0.0,0.0,1.0,0.0,0.0,66,255,1.0,0.0,0.01,0.0,0.0,0.0,0,32352.0
24,9,174,12331,0,1,1,0.0,0.0,1.0,0.0,0.0,2,255,1.0,0.0,0.05,0.0,0.0,0.0,0,36048.0
28,5,0,0,0,0,1,1.0,1.0,1.0,0.0,0.0,255,1,0.0,0.07,0.0,1.0,1.0,0.0,1,109817.0
52,9,1928,416,0,1,1,0.0,0.0,1.0,0.0,1.0,165,165,0.6,0.02,0.01,0.0,0.0,0.0,0,66400.0
24,9,286,6924,0,1,9,0.0,0.0,1.0,0.0,0.0,255,255,1.0,0.0,0.0,0.0,0.0,0.0,0,111183.0
6,5,0,0,0,0,126,1.0,1.0,0.17,0.05,0.0,255,21,0.08,0.05,0.0,1.0,1.0,0.0,1,46189.0
42,1,0,0,0,0,509,0.22,0.0,0.0,1.0,0.0,255,1,0.0,1.0,0.0,0.2,0.0,1.0,1,69862.0
24,9,306,2239,0,1,2,0.0,0.0,1.0,0.0,0.0,208,199,0.96,0.02,0.0,0.0,0.0,0.0,0,41873.0
20,9,8325,0,0,1,9,0.0,0.0,1.0,0.0,0.0,195,104,0.43,0.03,0.02,0.01,0.0,0.0,0,83162.0
24,9,242,11168,0,1,1,0.0,0.0,1.0,0.0,1.0,255,255,1.0,0.0,0.0,0.0,0.0,0.0,0,65092.0
66,5,0,0,0,0,232,1.0,1.0,0.03,0.07,0.0,255,7,0.03,0.07,0.0,1.0,1.0,0.0,1,124665.0
47,1,0,0,0,0,80,0.0,0.0,0.15,0.09,0.0,255,12,0.05,0.07,0.0,0.0,0.0,1.0,1,61434.0
12,9,45,45,0,0,197,0.0,0.0,1.0,0.0,0.0,255,250,0.98,0.01,0.0,0.0,0.0,0.0,0,81453.0
26,10,0,0,0,0,2,1.0,0.76,1.0,0.0,0.37,8,8,1.0,0.0,0.0,0.62,0.62,0.0,1,21543.0
12,9,45,45,0,0,231,0.0,0.0,1.0,0.0,0.0,255,255,1.0,0.0,0.0,0.0,0.0,0.0,0,45135.0
47,1,0,0,0,0,268,0.0,0.0,0.06,0.06,0.0,255,27,0.11,0.07,0.0,0.0,0.0,1.0,1,29986.0
12,9,44,73,0,0,211,0.0,0.0,1.0,0.0,0.01,255,254,1.0,0.01,0.0,0.0,0.0,0.0,0,96977.0
6,5,0,0,0,0,127,1.0,1.0,0.09,0.06,0.0,255,11,0.04,0.05,0.0,1.0,1.0,0.0,1,30832.0
24,9,216,2055,0,1,11,0.0,0.0,1.0,0.0,0.14,255,255,1.0,0.0,0.0,0.0,0.0,0.0,0,107432.0
12,9,44,44,0,0,226,0.0,0.0,1.0,0.0,0.01,255,254,1.0,0.01,0.0,0.0,0.0,0.0,0,17903.0
25,1,0,0,0,0,145,0.0,0.0,0.11,0.06,0.0,255,16,0.06,0.06,0.0,0.0,0.0,1.0,1,82401.0
58,5,0,0,0,0,204,1.0,1.0,0.06,0.05,0.0,255,12,0.05,0.05,0.0,1.0,1.0,0.0,1,111194.0
24,9,246,5606,0,1,6,0.0,0.0,1.0,0.0,0.29,15,255,1.0,0.0,0.07,0.0,0.0,0.0,0,17016.0
24,9,222,4836,0,1,1,0.0,0.0,1.0,0.0,0.0,255,255,1.0,0.0,0.0,0.0,0.0,0.0,0,90986.0
35,1,0,0,0,0,135,0.0,0.0,0.13,0.06,0.0,255,16,0.06,0.07,0.0,0.0,0.0,1.0,1,101446.0
42,9,147,0,0,0,4,0.0,0.0,0.25,0.75,0.0,255,1,0.0,0.73,0.0,0.0,0.0,0.0,0,9484.0
24,9,297,1533,0,1,20,0.0,0.0,1.0,0.0,0.0,20,255,1.0,0.0,0.03,0.0,0.0,0.0,0,54313.0
5,5,0,0,0,0,252,1.0,1.0,0.01,0.07,0.0,255,2,0.01,0.07,0.0,1.0,1.0,0.0,1,12478.0
24,9,307,1432,0,1,6,0.0,0.0,1.0,0.0,0.0,255,255,1.0,0.0,0.0,0.0,0.0,0.0,0,60892.0
10,5,0,0,0,0,245,1.0,1.0,0.01,0.07,0.0,255,18,0.07,0.07,0.0,1.0,1.0,0.0,1,27982.0
47,5,0,0,0,0,276,1.0,1.0,0.05,0.05,0.0,255,8,0.03,0.07,0.0,1.0,1.0,0.0,1,13477.0
25,5,0,0,0,0,8,1.0,1.0,0.88,0.25,0.0,255,17,0.07,0.08,0.0,1.0,1.0,0.0,1,12944.0
24,9,317,264,0,1,12,0.0,0.0,1.0,0.0,0.16,38,255,1.0,0.0,0.01,0.0,0.0,0.01,0,70472.0
20,9,334,0,0,1,2,0.0,0.0,1.0,0.0,0.0,11,19,1.0,0.0,0.11,0.0,0.0,0.0,1,84515.0
24,9,211,1695,0,1,2,0.0,0.0,1.0,0.0,0.0,124,255,1.0,0.0,0.03,0.0,0.0,0.0,0,40611.0
47,9,1,0,0,0,30,0.0,0.0,0.3,0.1,0.0,255,9,0.04,0.87,0.0,0.1,0.0,0.0,1,23928.0
47,5,0,0,0,0,94,1.0,1.0,0.04,0.06,0.0,255,19,0.07,0.06,0.0,1.0,1.0,0.0,1,60881.0
24,6,0,0,0,1,1,1.0,1.0,1.0,0.0,0.0,37,255,1.0,0.0,0.08,0.03,0.0,1.0,0,31275.0
23,5,0,0,0,0,231,1.0,1.0,0.06,0.06,0.0,255,13,0.05,0.07,0.0,1.0,1.0,0.0,1,74688.0
37,5,0,0,0,0,236,1.0,1.0,0.08,0.06,0.0,255,20,0.08,0.07,0.0,1.0,1.0,0.0,1,24544.0
18,5,0,0,0,0,53,1.0,1.0,0.28,0.08,0.0,255,63,0.25,0.03,0.0,1.0,1.0,0.0,1,98249.0
52,9,863,366,0,1,1,0.0,0.0,1.0,0.0,1.0,16,225,0.94,0.12,0.01,0.0,0.0,0.0,0,90585.0
18,5,0,0,0,0,1,1.0,1.0,1.0,0.0,1.0,1,5,1.0,0.0,1.0,1.0,1.0,0.0,0,121116.0
47,5,0,0,0,0,130,1.0,1.0,0.08,0.06,0.0,79,10,0.13,0.09,0.0,1.0,1.0,0.0,1,22053.0
37,5,0,0,0,0,202,1.0,1.0,0.01,0.06,0.0,255,17,0.07,0.07,0.0,1.0,1.0,0.0,1,79782.0
41,9,48,48,0,0,1,0.0,0.0,1.0,0.0,0.0,2,3,1.0,0.0,0.67,0.0,0.0,0.0,0,114834.0
47,5,0,0,0,0,232,1.0,1.0,0.03,0.06,0.0,255,6,0.02,0.08,0.0,1.0,1.0,0.0,1,92781.0
47,4,0,0,0,0,427,0.0,0.0,0.0,0.52,0.0,255,2,0.01,0.51,0.0,0.0,0.0,1.0,1,117147.0
42,1,0,0,0,0,511,0.24,0.0,0.0,1.0,0.0,255,1,0.0,1.0,0.0,0.31,0.0,1.0,1,29079.0
47,5,0,0,0,0,23,1.0,1.0,0.13,0.22,0.0,255,3,0.01,0.08,0.0,1.0,1.0,0.0,1,80354.0
32,5,0,0,0,0,115,1.0,1.0,0.21,0.06,0.0,255,24,0.09,0.05,0.0,1.0,1.0,0.0,1,63285.0
24,9,324,3285,0,1,13,0.0,0.0,1.0,0.0,0.14,57,255,1.0,0.0,0.08,0.0,0.0,0.0,0,58435.0
24,9,238,396,0,1,17,0.0,0.0,1.0,0.0,0.14,194,255,1.0,0.0,0.04,0.0,0.0,0.01,0,85308.0
33,5,0,0,0,0,207,1.0,1.0,0.07,0.07,0.0,255,14,0.05,0.08,0.0,1.0,1.0,0.0,1,62362.0
47,1,0,0,0,0,297,0.03,0.0,0.0,1.0,0.0,255,1,0.0,0.97,0.0,0.04,0.0,1.0,1,22339.0
24,9,256,270,0,1,15,0.0,0.0,1.0,0.0,0.09,255,250,0.98,0.01,0.0,0.0,0.0,0.0,0,57249.0
24,9,326,761,0,1,1,0.0,0.0,1.0,0.0,0.3,104,255,1.0,0.0,0.02,0.0,0.0,0.0,0,111910.0
52,9,1039,327,0,1,1,0.0,0.0,1.0,0.0,1.0,197,106,0.44,0.03,0.02,0.01,0.02,0.0,0,104334.0
47,5,0,0,0,0,112,1.0,1.0,0.13,0.07,0.0,255,5,0.02,0.07,0.0,1.0,1.0,0.0,1,34392.0
25,4,0,0,0,0,1,0.0,0.0,1.0,0.0,0.0,255,1,0.0,1.0,0.0,0.0,0.0,1.0,1,10134.0
24,9,206,5323,0,1,3,0.0,0.0,1.0,0.0,0.0,105,255,1.0,0.0,0.03,0.0,0.0,0.0,0,53460.0
19,9,1048,2279,0,1,1,0.0,0.0,1.0,0.0,0.0,255,21,0.08,0.02,0.0,0.14,0.0,0.0,1,63232.0
24,9,204,1769,0,1,38,0.0,0.0,1.0,0.0,0.0,255,255,1.0,0.0,0.0,0.0,0.0,0.31,0,97012.0
24,9,246,350,0,1,8,0.0,0.0,1.0,0.0,0.0,255,255,1.0,0.0,0.0,0.0,0.0,0.0,0,34555.0
47,9,1,0,0,0,27,0.0,0.0,0.85,0.07,0.0,255,28,0.11,0.69,0.0,0.05,0.0,0.0,1,69597.0
24,9,219,2808,0,1,7,0.0,0.0,1.0,0.0,0.0,255,255,1.0,0.0,0.0,0.0,0.0,0.0,0,20043.0
20,9,334,0,0,1,2,0.0,0.0,1.0,0.0,0.0,13,66,0.85,0.23,0.11,0.15,0.02,0.0,1,61564.0
20,9,374,0,0,1,8,0.0,0.0,1.0,0.0,0.0,255,154,0.6,0.03,0.0,0.0,0.01,0.0,0,69412.0
47,1,0,0,0,0,400,0.06,0.0,0.0,1.0,0.0,255,1,0.0,1.0,0.0,0.09,0.0,1.0,1,41850.0
52,9,11915,1361,0,1,1,0.0,0.0,1.0,0.0,0.0,50,189,0.54,0.08,0.01,0.0,0.0,0.0,0,67220.0
12,9,46,83,0,0,146,0.0,0.0,1.0,0.0,0.0,255,254,1.0,0.01,0.0,0.0,0.0,0.0,0,69811.0
21,1,0,0,0,0,109,0.0,0.0,0.15,0.06,0.0,255,16,0.06,0.08,0.0,0.0,0.0,1.0,1,62869.0
12,9,46,46,0,0,142,0.0,0.0,1.0,0.0,0.0,255,185,0.73,0.01,0.0,0.0,0.0,0.0,0,94504.0
47,5,0,0,0,0,44,1.0,1.0,0.02,0.11,0.0,255,12,0.05,0.08,0.0,1.0,1.0,0.0,1,5062.0
21,5,0,0,0,0,235,1.0,1.0,0.05,0.06,0.0,255,11,0.04,0.06,0.0,1.0,1.0,0.0,1,2809.0
52,9,1362,333,0,1,1,0.0,0.0,1.0,0.0,1.0,103,145,0.53,0.04,0.01,0.0,0.0,0.0,0,95733.0
11,5,0,0,0,0,105,1.0,1.0,0.14,0.06,0.0,255,3,0.01,0.08,0.0,1.0,1.0,0.0,1,1387.0
47,5,0,0,0,0,102,1.0,1.0,0.18,0.06,0.0,255,11,0.04,0.06,0.0,1.0,1.0,0.0,1,51979.0
24,9,285,261,0,1,1,0.0,0.0,1.0,0.0,0.0,181,255,1.0,0.0,0.02,0.0,0.0,0.0,0,80596.0
24,9,202,1862,0,1,5,0.0,0.0,1.0,0.0,0.25,69,255,1.0,0.0,0.05,0.0,0.0,0.0,0,66179.0
34,5,0,0,0,0,282,1.0,1.0,0.04,0.06,0.0,255,1,0.0,0.07,0.0,1.0,1.0,0.0,1,22018.0
24,9,227,6715,0,1,9,0.0,0.0,1.0,0.0,0.0,25,255,1.0,0.0,0.02,0.0,0.0,0.0,0,117113.0
47,1,0,0,0,0,166,0.04,0.0,0.01,0.99,0.0,255,1,0.0,0.66,0.0,0.02,0.0,1.0,1,113767.0
47,1,0,0,0,0,266,0.0,0.0,0.04,0.07,0.0,255,11,0.04,0.07,0.0,0.0,0.0,1.0,1,8048.0
47,5,0,0,0,0,117,1.0,1.0,0.06,0.07,0.0,255,8,0.03,0.07,0.0,1.0,1.0,0.0,1,98502.0
24,5,0,0,0,0,2,1.0,1.0,1.0,0.0,0.0,4,2,0.5,0.5,0.0,0.5,1.0,0.0,1,109808.0
24,9,321,13965,0,1,5,0.0,0.0,1.0,0.0,0.0,5,255,1.0,0.0,0.06,0.0,0.0,0.0,0,107540.0
52,9,1106,337,0,1,1,0.0,0.0,1.0,0.0,0.0,238,143,0.53,0.02,0.01,0.0,0.0,0.0,0,61818.0
32,5,0,0,0,0,143,1.0,1.0,0.15,0.05,0.0,255,21,0.08,0.05,0.0,1.0,1.0,0.0,1,84152.0
13,2,0,0,0,0,259,0.0,0.0,0.02,0.07,0.0,255,5,0.02,0.09,0.0,0.0,0.0,1.0,1,116465.0
42,1,0,0,0,0,509,0.18,0.0,0.0,1.0,0.0,255,1,0.0,1.0,0.0,0.1,0.0,1.0,1,23067.0
21,5,0,0,0,0,299,1.0,1.0,0.08,0.05,0.0,255,25,0.1,0.05,0.0,1.0,1.0,0.0,1,45689.0
60,5,0,0,0,0,275,1.0,1.0,0.06,0.06,0.0,255,16,0.06,0.07,0.0,1.0,1.0,0.0,1,99758.0
24,9,312,353,0,1,13,0.0,0.0,1.0,0.0,0.0,14,254,1.0,0.0,0.08,0.0,0.0,0.0,0,36088.0
54,5,0,0,0,0,234,1.0,1.0,0.07,0.05,0.0,255,17,0.07,0.06,0.0,1.0,1.0,0.0,1,36505.0
37,1,0,0,0,0,238,0.0,0.0,0.0,0.07,0.0,255,1,0.0,0.07,0.0,0.0,0.0,1.0,1,10339.0
27,5,0,0,0,0,202,1.0,1.0,0.0,0.07,0.0,255,1,0.0,0.08,0.0,1.0,1.0,0.0,1,90958.0
12,9,46,80,0,0,133,0.0,0.0,1.0,0.0,0.0,255,254,1.0,0.01,0.0,0.0,0.0,0.0,0,71919.0
20,5,0,0,0,0,23,1.0,1.0,0.22,0.17,0.0,105,57,0.24,0.04,0.04,0.98,0.44,0.0,1,62257.0
35,5,0,0,0,0,294,1.0,1.0,0.06,0.06,0.0,255,19,0.07,0.07,0.0,1.0,1.0,0.0,1,6194.0
24,9,336,1413,0,1,3,0.0,0.0,1.0,0.0,0.0,111,255,1.0,0.0,0.04,0.01,0.0,0.0,0,58463.0
47,5,0,0,0,0,137,1.0,1.0,0.04,0.06,0.0,81,14,0.17,0.14,0.0,1.0,1.0,0.0,1,97116.0
14,9,8,0,0,0,1,0.0,0.0,1.0,0.0,1.0,1,217,1.0,0.0,0.25,0.0,0.0,0.0,1,20995.0
52,9,810,332,0,1,3,0.0,0.0,0.33,0.67,0.0,85,157,0.58,0.06,0.01,0.0,0.0,0.0,0,100519.0
4,9,9,38,0,1,1,0.0,0.0,1.0,0.0,0.0,97,2,0.02,0.05,0.0,0.0,0.0,0.0,0,93088.0
20,9,501760,0,0,1,2,0.0,0.0,1.0,0.0,0.67,241,48,0.2,0.02,0.0,0.0,0.0,0.0,0,19431.0
47,1,0,0,0,0,170,0.0,0.0,0.06,0.06,0.0,255,10,0.04,0.08,0.0,0.0,0.0,1.0,1,65981.0
24,9,239,2428,0,1,5,0.0,0.0,1.0,0.0,0.33,21,255,1.0,0.0,0.02,0.0,0.01,0.0,0,78335.0
42,1,0,0,0,0,510,0.19,0.0,0.0,1.0,0.0,255,1,0.0,1.0,0.0,0.23,0.0,1.0,1,10830.0
24,9,199,4729,0,1,7,0.0,0.0,1.0,0.0,0.0,36,255,1.0,0.0,0.02,0.0,0.0,0.0,0,57074.0
24,9,202,6763,0,1,2,0.0,0.0,1.0,0.0,0.0,255,255,1.0,0.0,0.0,0.0,0.0,0.0,0,33977.0
12,9,42,42,0,0,8,0.0,0.0,1.0,0.0,0.15,255,240,0.94,0.01,0.0,0.0,0.0,0.0,0,19366.0
12,9,33,0,0,0,1,0.0,0.0,1.0,0.0,1.0,167,26,0.16,0.04,0.0,0.01,0.0,0.0,0,82197.0
47,5,0,0,0,0,203,1.0,1.0,0.03,0.06,0.0,255,18,0.07,0.08,0.0,1.0,1.0,0.0,1,12583.0
47,2,0,0,0,0,135,0.0,0.0,0.07,0.06,0.0,255,6,0.02,0.07,0.0,0.0,0.0,1.0,1,99396.0
24,9,236,819,0,1,1,0.0,0.0,1.0,0.0,0.0,34,255,1.0,0.0,0.05,0.0,0.0,0.0,0,19047.0
52,9,1870,333,0,1,1,0.0,0.0,1.0,0.0,1.0,54,134,0.57,0.06,0.01,0.0,0.0,0.0,0,25649.0
52,9,2645,332,0,1,1,0.0,0.0,1.0,0.0,0.0,255,99,0.39,0.03,0.0,0.0,0.0,0.0,0,17168.0
15,9,1032,0,0,0,511,0.0,0.0,1.0,0.0,0.0,255,113,0.44,0.02,0.0,0.01,0.0,0.0,1,23745.0
15,9,520,0,0,0,93,0.0,0.0,1.0,0.0,0.0,255,255,1.0,0.0,0.0,0.0,0.0,0.0,1,70100.0
24,9,190,365,0,1,16,0.0,0.0,1.0,0.0,0.0,255,255,1.0,0.0,0.0,0.0,0.0,0.0,0,84008.0
47,9,215,0,0,0,1,0.0,0.0,1.0,0.0,0.0,123,107,0.87,0.02,0.0,0.0,0.0,0.0,1,88073.0
24,9,304,1609,0,1,4,0.0,0.0,1.0,0.0,0.25,99,255,1.0,0.0,0.02,0.01,0.01,0.0,0,94065.0
12,9,31,47,0,0,3,0.0,0.0,1.0,0.0,0.5,255,255,1.0,0.0,0.0,0.0,0.0,0.0,0,1219.0
24,9,254,5806,0,1,1,0.0,0.0,1.0,0.0,0.21,255,255,1.0,0.0,0.0,0.0,0.0,0.0,0,115895.0
14,9,8,0,0,0,1,0.0,0.0,1.0,0.0,1.0,1,161,1.0,0.0,0.5,0.0,0.0,0.0,1,98662.0
24,9,300,2280,0,1,19,0.0,0.0,1.0,0.0,0.14,220,255,1.0,0.0,0.01,0.0,0.0,0.0,0,59691.0
14,9,30,0,0,0,3,0.0,0.0,0.33,0.67,0.0,255,2,0.01,0.01,0.0,0.0,0.0,0.0,0,98882.0
52,9,1123,333,0,1,1,0.0,0.0,1.0,0.0,1.0,9,121,0.33,0.22,0.02,0.0,0.0,0.0,0,55673.0
36,1,0,0,0,0,148,0.0,0.0,0.13,0.05,0.0,255,11,0.04,0.08,0.0,0.0,0.0,1.0,1,120952.0
47,4,0,0,0,0,1,0.0,0.0,1.0,0.0,0.0,219,1,0.0,0.23,0.0,0.0,0.0,1.0,1,77256.0
24,9,251,521,0,1,1,0.0,0.0,1.0,0.0,0.0,15,255,1.0,0.0,0.04,0.0,0.0,0.01,0,88094.0
47,5,0,0,0,0,75,1.0,1.0,0.13,0.07,0.0,255,19,0.07,0.06,0.0,1.0,1.0,0.0,1,59662.0
20,9,2194619,0,0,0,2,0.0,0.0,1.0,0.0,0.0,255,98,0.38,0.02,0.0,0.0,0.0,0.0,0,43010.0
52,9,1612,319,0,1,1,0.0,0.0,1.0,0.0,1.0,255,156,0.61,0.06,0.0,0.0,0.0,0.0,0,115849.0
52,9,2483,329,0,1,1,0.0,0.0,1.0,0.0,0.0,155,132,0.64,0.02,0.02,0.0,0.0,0.0,0,7275.0
24,9,240,397,0,1,7,0.0,0.0,1.0,0.0,0.0,255,255,1.0,0.0,0.0,0.0,0.0,0.0,0,81114.0
52,9,667,363,0,1,1,0.0,0.0,1.0,0.0,0.0,5,176,0.8,0.4,0.01,0.0,0.0,0.0,0,115955.0
42,9,147,0,0,0,5,0.0,0.0,0.2,0.6,0.0,255,1,0.0,0.25,0.0,0.0,0.0,0.0,0,83453.0
47,5,0,0,0,0,242,1.0,1.0,0.08,0.07,0.0,255,20,0.08,0.08,0.0,1.0,1.0,0.0,1,32379.0
12,9,43,129,0,0,68,0.0,0.0,1.0,0.0,0.01,255,243,0.95,0.01,0.0,0.0,0.0,0.0,0,65269.0
24,9,244,9737,0,1,9,0.0,0.0,1.0,0.0,0.0,98,255,1.0,0.0,0.02,0.0,0.0,0.0,0,22634.0
47,5,0,0,0,0,33,1.0,1.0,0.48,0.15,0.0,255,16,0.06,0.08,0.0,1.0,1.0,0.0,1,22023.0
24,9,303,440,0,1,5,0.0,0.0,1.0,0.0,0.14,255,255,1.0,0.0,0.0,0.0,0.0,0.0,0,79806.0
2,5,0,0,0,0,205,1.0,1.0,0.01,0.07,0.0,255,3,0.01,0.07,0.0,1.0,1.0,0.0,1,21149.0
34,5,0,0,0,0,136,1.0,1.0,0.14,0.06,0.0,255,19,0.07,0.08,0.0,1.0,1.0,0.0,1,106648.0
20,9,11,0,0,1,2,0.0,0.0,1.0,0.0,0.0,15,44,0.27,0.2,0.07,0.27,0.0,0.0,0,99489.0
52,9,5684,391,0,1,1,0.0,0.0,1.0,0.0,0.0,91,213,0.9,0.04,0.01,0.0,0.0,0.0,0,116084.0
14,9,8,0,0,0,1,0.0,0.0,1.0,0.0,1.0,1,51,1.0,0.0,0.51,0.0,0.0,0.0,1,67576.0
24,2,0,0,0,1,1,0.0,0.0,1.0,0.0,0.0,255,245,0.96,0.01,0.0,0.0,0.0,0.05,0,82031.0
62,9,182,0,0,0,2,0.0,0.0,0.5,1.0,0.0,212,13,0.06,0.01,0.0,0.0,0.0,0.0,0,51864.0
14,9,8,0,0,0,1,0.0,0.0,1.0,0.0,1.0,2,158,1.0,0.0,0.5,0.0,0.0,0.0,1,40417.0
24,9,267,666,0,1,4,0.0,0.0,1.0,0.0,0.07,137,255,1.0,0.0,0.01,0.0,0.0,0.0,0,13603.0
47,4,1,0,0,0,2,0.0,0.0,1.0,0.0,0.0,255,2,0.01,0.51,0.0,0.0,0.0,1.0,1,16237.0
24,9,291,331,0,1,19,0.05,0.05,1.0,0.0,0.0,255,255,1.0,0.0,0.0,0.0,0.0,0.0,0,99191.0
24,9,313,1481,0,1,19,0.0,0.0,1.0,0.0,0.0,154,255,1.0,0.0,0.02,0.0,0.0,0.0,0,111887.0
24,9,369,238,0,1,3,0.0,0.0,1.0,0.0,0.4,3,255,1.0,0.0,0.04,0.0,0.0,0.0,0,68134.0
17,5,0,0,0,0,138,1.0,1.0,0.12,0.06,0.0,255,5,0.02,0.07,0.0,1.0,1.0,0.0,1,107235.0
52,9,1330,329,0,1,1,0.0,0.0,1.0,0.0,0.0,6,164,0.83,0.33,0.02,0.0,0.02,0.01,0,27395.0
24,1,0,0,0,0,16,0.0,0.0,1.0,0.0,0.0,51,251,1.0,0.0,0.18,0.0,0.0,0.98,0,82400.0
12,9,102,0,0,0,1,0.0,0.0,1.0,0.0,1.0,27,25,0.93,0.11,0.0,0.0,0.0,0.0,0,8364.0
2,5,0,0,0,0,228,1.0,1.0,0.05,0.06,0.0,255,12,0.05,0.07,0.0,1.0,1.0,0.0,1,25533.0
4,9,13,38,0,0,1,0.0,0.0,1.0,0.0,0.0,122,1,0.01,0.06,0.0,0.0,0.0,0.0,0,38181.0
52,9,1533,332,0,1,1,0.0,0.0,1.0,0.0,1.0,216,112,0.47,0.02,0.02,0.01,0.02,0.0,0,118107.0
24,9,218,304,0,1,15,0.0,0.0,1.0,0.0,0.0,255,255,1.0,0.0,0.0,0.0,0.0,0.0,0,124791.0
29,1,0,0,0,0,130,0.0,0.0,0.05,0.06,0.0,255,6,0.02,0.05,0.0,0.0,0.0,1.0,1,59590.0
47,1,0,0,0,0,133,0.0,0.0,0.07,0.07,0.0,255,9,0.04,0.06,0.0,0.0,0.0,1.0,1,77519.0
63,5,0,0,0,0,122,1.0,1.0,0.14,0.07,0.0,255,17,0.07,0.06,0.0,1.0,1.0,0.0,1,116395.0
20,9,12,0,0,1,2,0.0,0.0,1.0,0.0,0.67,163,54,0.33,0.04,0.0,0.01,0.0,0.0,0,118927.0
17,2,0,0,0,0,119,0.0,0.0,0.04,0.06,0.0,255,5,0.02,0.07,0.0,0.0,0.0,1.0,1,24096.0
60,5,0,0,0,0,283,1.0,1.0,0.01,0.06,0.0,255,3,0.01,0.07,0.0,1.0,1.0,0.0,1,8054.0
23,4,0,0,0,0,1,0.0,0.0,1.0,0.0,0.0,255,1,0.0,0.4,0.0,0.0,0.0,1.0,1,40795.0
15,9,1032,0,0,0,511,0.0,0.0,1.0,0.0,0.0,255,221,0.87,0.01,0.0,0.0,0.0,0.0,1,121236.0
24,1,0,0,0,0,1,0.0,0.0,1.0,0.0,0.0,1,201,1.0,0.0,0.03,0.0,0.0,0.68,0,50590.0
16,5,0,0,0,0,108,1.0,1.0,0.19,0.06,0.0,255,20,0.08,0.06,0.0,1.0,1.0,0.0,1,51797.0
47,9,1,0,0,0,21,0.0,0.0,0.24,0.14,0.0,255,5,0.02,0.61,0.0,0.0,0.0,0.0,1,108666.0
42,9,147,105,0,0,1,0.0,0.0,1.0,0.0,0.0,255,1,0.0,0.65,0.0,0.0,0.0,0.0,0,81938.0
47,5,0,0,0,0,141,1.0,1.0,0.01,0.09,0.0,255,2,0.01,0.09,0.0,1.0,1.0,0.0,1,112808.0
15,9,30,0,0,0,2,0.0,0.0,1.0,0.0,0.0,177,177,1.0,0.0,0.0,0.0,0.0,0.0,0,116512.0
14,9,8,0,0,0,1,0.0,0.0,1.0,0.0,1.0,1,123,1.0,0.0,0.5,0.0,0.0,0.0,1,15700.0
56,5,0,0,0,0,142,1.0,1.0,0.05,0.07,0.0,255,7,0.03,0.06,0.0,1.0,1.0,0.0,1,79738.0
14,9,8,0,0,0,1,0.0,0.0,1.0,0.0,1.0,2,222,1.0,0.0,0.25,0.0,0.0,0.0,1,105715.0
16,1,0,0,0,0,140,0.0,0.0,0.1,0.06,0.0,255,14,0.05,0.07,0.0,0.0,0.0,1.0,1,71540.0
24,9,217,17733,0,1,36,0.0,0.0,1.0,0.0,0.0,255,255,1.0,0.0,0.0,0.0,0.0,0.0,0,119520.0
12,9,44,125,0,0,110,0.0,0.0,1.0,0.0,0.02,255,253,0.99,0.01,0.0,0.0,0.0,0.0,0,31145.0
56,1,0,0,0,0,266,0.0,0.0,0.07,0.06,0.0,255,19,0.07,0.07,0.0,0.0,0.0,1.0,1,83713.0
24,1,0,0,0,0,1,0.0,0.0,1.0,0.0,1.0,4,255,1.0,0.0,0.16,0.0,0.0,0.99,0,107599.0
52,9,2972,327,0,1,1,0.0,0.0,1.0,0.0,1.0,141,161,0.65,0.05,0.01,0.0,0.0,0.0,0,73870.0
47,1,0,0,0,0,151,0.0,0.0,0.05,0.07,0.0,255,8,0.03,0.07,0.0,0.0,0.0,1.0,1,50471.0
52,9,1378,392,0,1,1,0.0,0.0,1.0,0.0,1.0,102,132,0.23,0.02,0.02,0.0,0.0,0.0,0,76316.0
63,5,0,0,0,0,71,1.0,1.0,0.28,0.06,0.0,255,20,0.08,0.04,0.0,1.0,1.0,0.0,1,101967.0
47,1,0,0,0,0,287,0.0,0.0,0.07,0.06,0.0,255,20,0.08,0.06,0.0,0.0,0.0,1.0,1,56234.0
52,9,828,334,0,1,1,0.0,0.0,1.0,0.0,0.0,135,155,0.61,0.03,0.01,0.0,0.0,0.0,0,125081.0
11,5,0,0,0,0,222,1.0,1.0,0.09,0.05,0.0,255,1,0.0,0.07,0.0,1.0,1.0,0.0,1,53262.0
32,5,0,0,0,0,94,1.0,1.0,0.2,0.05,0.0,255,19,0.07,0.07,0.0,1.0,1.0,0.0,1,54337.0
66,5,0,0,0,0,222,1.0,1.0,0.09,0.05,0.0,255,1,0.0,0.08,0.0,1.0,1.0,0.0,1,115685.0
47,1,0,0,0,0,135,0.0,0.0,0.05,0.06,0.0,210,7,0.03,0.06,0.0,0.0,0.0,1.0,1,33284.0
37,5,0,0,0,0,263,1.0,1.0,0.01,0.06,0.0,255,3,0.01,0.06,0.0,1.0,1.0,0.0,1,112671.0
56,5,0,0,0,0,200,1.0,1.0,0.09,0.07,0.0,255,18,0.07,0.07,0.0,1.0,1.0,0.0,1,19163.0
24,9,318,1342,0,1,1,0.0,0.0,1.0,0.0,0.0,255,255,1.0,0.0,0.0,0.0,0.0,0.0,0,8425.0
47,5,0,0,0,0,143,1.0,1.0,0.06,0.06,0.0,255,12,0.05,0.06,0.0,1.0,1.0,0.0,1,93542.0
24,9,293,239,0,1,7,0.0,0.0,1.0,0.0,0.25,19,255,1.0,0.0,0.03,0.0,0.0,0.0,0,10706.0
47,9,105,147,0,0,1,0.0,0.0,1.0,0.0,0.0,164,162,0.99,0.01,0.0,0.0,0.0,0.0,0,120808.0
42,4,1,0,0,0,2,0.0,0.0,1.0,0.0,0.0,255,2,0.01,0.68,0.0,0.0,0.0,1.0,1,49112.0
17,5,0,0,0,0,112,1.0,1.0,0.15,0.07,0.0,255,18,0.07,0.07,0.0,1.0,1.0,0.0,1,117959.0
14,9,8,0,0,0,1,0.0,0.0,1.0,0.0,1.0,2,140,1.0,0.0,0.5,0.0,0.0,0.0,1,86182.0
12,9,44,136,0,0,42,0.0,0.0,1.0,0.0,0.02,255,238,0.93,0.01,0.0,0.0,0.0,0.0,0,91048.0
47,5,0,0,0,0,115,1.0,1.0,0.06,0.07,0.0,255,7,0.03,0.08,0.0,1.0,1.0,0.0,1,23886.0
27,5,0,0,0,0,245,1.0,1.0,0.04,0.06,0.0,255,10,0.04,0.06,0.0,1.0,1.0,0.0,1,14939.0
24,9,290,291,0,1,16,0.0,0.0,1.0,0.0,0.0,70,255,1.0,0.0,0.02,0.0,0.0,0.0,0,36528.0
20,5,0,0,0,0,14,1.0,1.0,0.14,0.29,0.0,255,63,0.25,0.02,0.0,1.0,1.0,0.0,1,109153.0
42,9,146,105,0,0,4,0.0,0.0,0.5,0.5,0.0,255,3,0.01,0.65,0.0,0.0,0.0,0.0,0,33238.0
24,1,0,0,0,0,1,0.0,0.0,1.0,0.0,0.0,30,255,1.0,0.0,0.07,0.0,0.0,0.91,0,85331.0
5,5,0,0,0,0,203,1.0,1.0,0.04,0.07,0.0,255,20,0.08,0.08,0.0,1.0,1.0,0.0,1,4328.0
15,9,1480,0,1,0,1,0.0,0.0,1.0,0.0,1.0,2,151,0.5,1.0,0.04,0.5,0.0,0.0,1,39859.0
24,9,287,6144,0,1,10,0.0,0.0,1.0,0.0,0.0,45,255,1.0,0.0,0.01,0.0,0.0,0.0,0,71773.0
24,9,247,26597,0,1,2,0.0,0.0,1.0,0.0,0.0,2,128,1.0,0.0,0.09,0.0,0.01,0.0,0,70071.0
12,9,44,71,0,0,150,0.0,0.0,0.99,0.01,0.02,255,249,0.98,0.01,0.0,0.0,0.0,0.0,0,39435.0
12,9,43,127,0,0,95,0.0,0.0,1.0,0.0,0.01,255,254,1.0,0.01,0.0,0.0,0.0,0.0,0,41128.0
12,9,46,134,0,0,123,0.0,0.0,1.0,0.0,0.0,211,178,0.84,0.01,0.0,0.0,0.0,0.0,0,48330.0
52,6,936,292,0,1,1,1.0,0.5,1.0,0.0,1.0,50,169,0.94,0.04,0.01,0.04,0.02,0.0,0,96195.0
14,9,8,0,0,0,1,0.0,0.0,1.0,0.0,1.0,2,74,1.0,0.0,0.5,0.0,0.0,0.0,1,94730.0
12,9,37,37,0,0,2,0.0,0.0,1.0,0.0,0.67,255,240,0.94,0.01,0.0,0.0,0.0,0.0,0,27510.0
12,9,42,42,0,0,2,0.0,0.0,1.0,0.0,0.5,255,233,0.91,0.01,0.0,0.0,0.0,0.0,0,49861.0
24,9,219,619,0,1,3,0.0,0.0,1.0,0.0,0.3,130,131,1.0,0.0,0.02,0.0,0.0,0.0,0,69327.0
24,9,244,828,0,1,17,0.0,0.0,1.0,0.0,0.0,255,255,1.0,0.0,0.0,0.0,0.0,0.0,0,42333.0
60,5,0,0,0,0,9,1.0,1.0,0.56,0.33,0.0,255,11,0.04,0.08,0.0,1.0,1.0,0.0,1,15005.0
52,9,1294,330,0,1,1,0.0,0.0,1.0,0.0,1.0,105,147,0.46,0.07,0.01,0.0,0.0,0.0,0,103812.0
64,5,0,0,0,0,271,1.0,1.0,0.05,0.06,0.0,255,13,0.05,0.07,0.0,1.0,1.0,0.0,1,117815.0
10,5,0,0,0,0,220,1.0,1.0,0.0,0.05,0.0,255,1,0.0,0.06,0.0,1.0,1.0,0.0,1,112527.0
24,9,205,770,0,1,7,0.0,0.0,1.0,0.0,0.0,255,255,1.0,0.0,0.0,0.0,0.0,0.0,0,35274.0
24,9,249,1645,0,1,11,0.0,0.0,1.0,0.0,0.23,255,255,1.0,0.0,0.0,0.0,0.0,0.0,0,125703.0
15,9,1032,0,0,0,308,0.0,0.0,1.0,0.0,0.0,255,255,1.0,0.0,0.0,0.0,0.0,0.0,1,78287.0
47,5,0,0,0,0,203,1.0,1.0,0.1,0.06,0.0,255,7,0.03,0.07,0.0,1.0,1.0,0.0,1,84655.0
47,1,0,0,0,0,134,0.0,0.0,0.12,0.05,0.0,255,16,0.06,0.05,0.0,0.0,0.0,1.0,1,81053.0
47,5,0,0,0,0,104,1.0,1.0,0.06,0.06,0.0,255,3,0.01,0.06,0.0,1.0,1.0,0.0,1,19206.0
24,9,344,7333,0,1,10,0.0,0.0,1.0,0.0,0.0,255,255,1.0,0.0,0.0,0.01,0.01,0.0,0,6589.0
24,9,278,2903,0,1,19,0.0,0.0,1.0,0.0,0.0,61,255,1.0,0.0,0.05,0.0,0.0,0.0,0,94236.0
23,5,0,0,0,0,283,1.0,1.0,0.07,0.05,0.0,255,20,0.08,0.05,0.0,1.0,1.0,0.0,1,17934.0
12,9,43,133,0,0,72,0.0,0.0,1.0,0.0,0.01,255,237,0.93,0.01,0.0,0.0,0.0,0.0,0,27906.0
24,9,229,2698,0,1,3,0.0,0.0,1.0,0.0,0.0,255,249,0.98,0.01,0.0,0.0,0.0,0.0,0,44631.0
52,9,1030,394,0,1,1,0.0,0.0,1.0,0.0,0.0,23,187,0.78,0.13,0.02,0.04,0.0,0.05,0,52591.0
24,9,306,504,0,1,2,0.0,0.0,1.0,0.0,0.0,46,255,1.0,0.0,0.02,0.0,0.0,0.0,0,19647.0
47,5,0,0,0,0,277,1.0,1.0,0.02,0.06,0.0,255,1,0.0,0.07,0.0,1.0,1.0,0.0,1,3562.0
26,5,0,0,0,0,208,1.0,1.0,0.02,0.06,0.0,255,6,0.02,0.07,0.0,1.0,1.0,0.0,1,79823.0
52,9,1003,336,0,1,1,0.0,0.0,1.0,0.0,0.0,205,128,0.51,0.02,0.02,0.0,0.0,0.0,0,44547.0
24,9,374,9142,0,1,5,0.0,0.0,1.0,0.0,0.22,255,255,1.0,0.0,0.0,0.0,0.0,0.0,0,109370.0
24,9,233,12922,0,1,12,0.0,0.0,1.0,0.0,0.0,255,255,1.0,0.0,0.0,0.0,0.0,0.0,0,27110.0
24,1,0,0,0,0,1,0.0,0.0,1.0,0.0,0.0,12,78,1.0,0.0,0.06,0.0,0.0,1.0,0,67878.0
15,9,1032,0,0,0,511,0.0,0.0,1.0,0.0,0.0,255,90,0.35,0.02,0.0,0.02,0.0,0.0,1,86749.0
47,1,0,0,0,0,117,0.0,0.0,0.14,0.06,0.0,255,16,0.06,0.05,0.0,0.0,0.0,1.0,1,107696.0
24,9,225,11723,0,1,2,0.0,0.0,1.0,0.0,0.5,63,255,1.0,0.0,0.05,0.0,0.0,0.0,0,79867.0
2,5,0,0,0,0,200,1.0,1.0,0.0,0.05,0.0,255,1,0.0,0.06,0.0,1.0,1.0,0.0,1,2595.0
47,5,0,0,0,0,101,1.0,1.0,0.2,0.06,0.0,121,20,0.17,0.12,0.0,1.0,1.0,0.0,1,9815.0
24,9,216,7384,0,1,2,0.0,0.0,1.0,0.0,0.0,255,255,1.0,0.0,0.0,0.0,0.0,0.0,0,13622.0
55,5,0,0,0,0,236,1.0,1.0,0.02,0.07,0.0,255,17,0.07,0.08,0.0,1.0,1.0,0.0,1,25012.0
12,9,31,91,0,0,1,0.0,0.0,1.0,0.0,0.0,34,45,1.0,0.0,0.04,0.0,0.0,0.0,0,48587.0
24,9,307,3222,0,1,5,0.0,0.0,1.0,0.0,0.0,255,255,1.0,0.0,0.0,0.0,0.0,0.0,0,27668.0
52,9,804,330,0,1,1,0.0,0.0,1.0,0.0,0.0,216,102,0.43,0.03,0.02,0.0,0.0,0.0,0,96283.0
52,9,11600,1431,0,1,1,0.0,0.0,1.0,0.0,0.0,196,178,0.69,0.02,0.01,0.0,0.0,0.0,0,6998.0
52,9,1204,329,0,1,1,0.0,0.0,1.0,0.0,0.0,123,76,0.62,0.04,0.0,0.0,0.0,0.0,0,73289.0
47,5,0,0,0,0,122,1.0,1.0,0.1,0.07,0.0,255,10,0.04,0.08,0.0,1.0,1.0,0.0,1,50671.0
24,9,301,1650,0,1,5,0.0,0.0,1.0,0.0,0.14,35,255,1.0,0.0,0.03,0.0,0.0,0.0,0,102997.0
24,9,308,2507,0,1,4,0.0,0.0,1.0,0.0,0.0,255,247,0.97,0.01,0.0,0.0,0.0,0.0,0,57577.0
12,9,44,82,0,0,236,0.0,0.0,1.0,0.0,0.01,255,254,1.0,0.01,0.0,0.0,0.0,0.0,0,81757.0
12,9,46,46,0,0,108,0.0,0.0,1.0,0.0,0.01,255,255,1.0,0.0,0.0,0.0,0.0,0.0,0,10593.0
47,1,0,0,0,0,75,0.0,0.0,0.15,0.07,0.0,255,11,0.04,0.07,0.0,0.0,0.0,1.0,1,82871.0
47,1,0,0,0,0,1,0.0,0.0,1.0,0.0,0.0,67,2,0.01,1.0,1.0,0.0,0.0,1.0,1,46050.0
24,9,316,1078,0,1,4,0.0,0.0,1.0,0.0,0.08,77,255,1.0,0.0,0.02,0.0,0.0,0.0,0,8008.0
47,1,0,0,0,0,105,0.0,0.0,0.03,0.09,0.0,255,3,0.01,0.08,0.0,0.0,0.0,1.0,1,93828.0
39,5,0,0,0,0,149,1.0,1.0,0.01,0.06,0.0,255,2,0.01,0.07,0.0,1.0,1.0,0.0,1,106617.0
8,5,0,0,0,0,271,1.0,1.0,0.07,0.06,0.0,255,19,0.07,0.08,0.0,1.0,1.0,0.0,1,75408.0
24,9,54540,8314,0,1,2,0.0,0.0,1.0,0.0,0.0,202,202,1.0,0.0,0.0,0.0,0.0,0.01,1,112118.0
42,9,146,0,0,0,3,0.0,0.0,0.33,0.67,0.0,255,1,0.0,0.55,0.0,0.0,0.0,0.0,0,123029.0
12,9,44,126,0,0,70,0.0,0.0,1.0,0.0,0.01,255,255,1.0,0.0,0.0,0.0,0.0,0.0,0,7592.0
19,5,0,0,0,0,202,1.0,1.0,0.09,0.07,0.0,255,19,0.07,0.09,0.0,1.0,1.0,0.0,1,82698.0
44,1,0,0,0,0,201,0.0,0.0,0.05,0.06,0.0,255,10,0.04,0.07,0.0,0.0,0.0,1.0,1,8070.0
35,5,0,0,0,0,285,1.0,1.0,0.06,0.06,0.0,255,16,0.06,0.06,0.0,1.0,1.0,0.0,1,104393.0
47,5,0,0,0,0,189,1.0,1.0,0.03,0.06,0.0,255,6,0.02,0.05,0.0,1.0,1.0,0.0,1,8972.0
63,2,0,0,0,0,119,0.0,0.0,0.13,0.07,0.0,255,15,0.06,0.06,0.0,0.0,0.0,1.0,1,75780.0
20,9,63,0,0,0,2,0.0,0.0,1.0,0.0,0.0,128,47,0.29,0.03,0.04,0.0,0.0,0.0,0,66065.0
6,5,0,0,0,0,106,1.0,1.0,0.05,0.07,0.0,255,5,0.02,0.05,0.0,1.0,1.0,0.0,1,58257.0
8,5,0,0,0,0,125,1.0,1.0,0.15,0.06,0.0,255,18,0.07,0.06,0.0,1.0,1.0,0.0,1,51000.0
62,9,78,0,0,0,48,0.0,0.0,0.06,0.04,0.0,220,3,0.01,0.02,0.0,0.0,0.0,0.0,0,102703.0
9,2,0,0,0,0,277,0.0,0.0,0.04,0.06,0.0,255,10,0.04,0.06,0.0,0.0,0.0,1.0,1,83743.0
24,5,0,0,0,0,251,1.0,0.43,0.05,0.06,0.07,255,13,0.05,0.07,0.0,1.0,1.0,0.0,1,75598.0
47,5,0,0,0,0,254,1.0,1.0,0.03,0.06,0.0,255,7,0.03,0.09,0.0,1.0,1.0,0.0,1,41435.0
35,1,0,0,0,0,186,0.0,0.0,0.06,0.06,0.0,255,11,0.04,0.07,0.0,0.0,0.0,1.0,1,94595.0
28,5,0,0,0,0,150,1.0,1.0,0.13,0.05,0.0,255,20,0.08,0.07,0.0,1.0,1.0,0.0,1,26703.0
24,9,345,280,0,1,9,0.0,0.0,1.0,0.0,0.0,38,255,1.0,0.0,0.02,0.0,0.0,0.0,0,50831.0
24,9,301,1591,0,1,38,0.0,0.0,1.0,0.0,0.05,77,255,1.0,0.0,0.03,0.0,0.0,0.0,0,57969.0
4,5,0,0,0,0,219,1.0,1.0,0.09,0.06,0.0,255,20,0.08,0.06,0.0,1.0,1.0,0.0,1,63131.0
27,5,0,0,0,0,230,1.0,1.0,0.05,0.06,0.0,255,12,0.05,0.06,0.0,1.0,1.0,0.0,1,53603.0
19,9,1197,2449,0,1,1,0.0,0.0,1.0,0.0,0.0,223,51,0.23,0.02,0.0,0.0,0.0,0.0,1,37767.0
42,9,146,105,0,0,1,0.0,0.0,1.0,0.0,0.0,255,1,0.0,0.61,0.0,0.0,0.0,0.0,0,68542.0
47,5,0,0,0,0,245,1.0,1.0,0.01,0.06,0.0,255,3,0.01,0.09,0.0,1.0,1.0,0.0,1,39300.0
47,4,1,0,0,0,2,0.0,0.0,1.0,0.0,0.0,255,2,0.01,0.8,0.0,0.0,0.0,1.0,1,87477.0
47,5,0,0,0,0,232,1.0,1.0,0.01,0.05,0.0,255,3,0.01,0.05,0.0,1.0,1.0,0.0,1,98141.0
20,9,1699,0,0,1,4,0.0,0.0,1.0,0.0,0.0,55,89,0.18,0.13,0.03,0.0,0.01,0.0,0,94144.0
24,9,204,756,0,1,9,0.0,0.0,1.0,0.0,0.0,9,255,1.0,0.0,0.05,0.0,0.0,0.0,0,112080.0
35,5,0,0,0,0,92,1.0,1.0,0.16,0.07,0.0,255,10,0.04,0.07,0.0,1.0,1.0,0.0,1,32584.0
14,9,8,0,0,0,1,0.0,0.0,1.0,0.0,1.0,2,104,1.0,0.0,0.5,0.0,0.0,0.0,1,76523.0
7,5,0,0,0,0,284,1.0,1.0,0.04,0.06,0.0,255,10,0.04,0.05,0.0,1.0,1.0,0.0,1,96192.0
24,9,292,246,0,1,33,0.0,0.0,1.0,0.0,0.06,33,255,1.0,0.0,0.03,0.0,0.0,0.0,0,18988.0
24,9,325,5260,0,1,9,0.0,0.0,1.0,0.0,0.13,255,255,1.0,0.0,0.0,0.0,0.0,0.0,0,108347.0
24,9,350,18445,0,1,3,0.0,0.0,1.0,0.0,0.0,37,255,1.0,0.0,0.05,0.0,0.0,0.0,0,52047.0
47,5,0,0,0,0,111,1.0,1.0,0.15,0.06,0.0,255,16,0.06,0.07,0.0,1.0,1.0,0.0,1,47026.0
25,5,0,0,0,0,148,1.0,1.0,0.16,0.05,0.0,255,24,0.09,0.05,0.0,1.0,1.0,0.0,1,33644.0
12,9,88,0,0,0,1,0.0,0.0,1.0,0.0,0.0,113,68,0.6,0.03,0.0,0.0,0.0,0.0,0,12652.0
24,9,306,7933,0,1,2,0.0,0.0,1.0,0.0,0.0,50,255,1.0,0.0,0.04,0.0,0.0,0.0,0,112267.0
47,5,0,0,0,0,300,1.0,1.0,0.07,0.06,0.0,255,20,0.08,0.09,0.0,1.0,1.0,0.0,1,121188.0
42,9,147,105,0,0,3,0.0,0.0,0.33,0.67,0.0,255,3,0.01,0.7,0.0,0.0,0.0,0.0,0,25832.0
47,5,0,0,0,0,151,0.99,1.0,0.13,0.06,0.0,255,20,0.08,0.06,0.0,1.0,1.0,0.0,1,5316.0
20,5,0,0,0,0,260,1.0,1.0,0.08,0.05,0.0,255,20,0.08,0.05,0.0,1.0,1.0,0.0,1,42916.0
47,5,0,0,0,0,173,1.0,1.0,0.1,0.08,0.0,255,18,0.07,0.07,0.0,1.0,1.0,0.0,1,89447.0
47,2,0,0,0,0,112,0.0,0.0,0.12,0.06,0.0,255,13,0.05,0.06,0.0,0.0,0.0,1.0,1,63430.0
47,5,0,0,0,0,289,1.0,1.0,0.05,0.06,0.0,255,12,0.05,0.07,0.0,1.0,1.0,0.0,1,72600.0
24,9,283,1260,0,1,41,0.0,0.0,1.0,0.0,0.07,152,255,1.0,0.0,0.02,0.0,0.01,0.0,0,122765.0
52,9,1596,333,0,1,1,0.0,0.0,1.0,0.0,1.0,15,192,1.0,0.0,0.02,0.0,0.0,0.0,0,42057.0
47,5,0,0,0,0,218,1.0,1.0,0.05,0.06,0.0,255,10,0.04,0.08,0.0,1.0,1.0,0.0,1,44411.0
52,9,840,336,0,1,1,0.0,0.0,1.0,0.0,0.0,215,152,0.56,0.02,0.01,0.0,0.0,0.0,0,45879.0
24,9,257,507,0,1,2,0.0,0.0,1.0,0.0,0.22,43,255,1.0,0.0,0.01,0.0,0.0,0.0,0,47713.0
24,9,300,1192,0,1,22,0.0,0.0,1.0,0.0,0.06,255,255,1.0,0.0,0.0,0.0,0.0,0.0,0,84866.0
42,1,0,0,0,0,511,0.21,0.0,0.0,1.0,0.0,255,1,0.0,1.0,0.0,0.17,0.0,1.0,1,97914.0
8,5,0,0,0,0,227,1.0,1.0,0.08,0.05,0.0,255,19,0.07,0.06,0.0,1.0,1.0,0.0,1,112152.0
24,9,316,454,0,1,6,0.0,0.0,1.0,0.0,0.0,255,255,1.0,0.0,0.0,0.0,0.0,0.0,0,81013.0
35,1,0,0,0,0,214,0.0,0.0,0.05,0.07,0.0,255,10,0.04,0.09,0.0,0.0,0.0,1.0,1,49447.0
54,1,0,0,0,0,297,0.0,0.0,0.06,0.06,0.0,255,19,0.07,0.08,0.0,0.0,0.0,1.0,1,29121.0
24,1,0,0,0,0,1,0.0,0.0,1.0,0.0,0.0,132,249,1.0,0.0,0.09,0.0,0.0,0.75,0,114031.0
24,9,228,4269,0,1,9,0.0,0.0,1.0,0.0,0.11,255,255,1.0,0.0,0.0,0.0,0.0,0.0,0,35551.0
24,9,200,22698,0,1,4,0.0,0.0,1.0,0.0,0.0,9,255,1.0,0.0,0.07,0.0,0.0,0.0,0,58753.0
32,5,0,0,0,0,7,1.0,1.0,0.71,0.29,0.0,255,5,0.02,0.07,0.0,1.0,1.0,0.0,1,113486.0
24,9,221,4096,0,1,13,0.0,0.0,1.0,0.0,0.0,34,255,1.0,0.0,0.01,0.0,0.0,0.0,0,14350.0
27,1,0,0,0,0,256,0.0,0.0,0.07,0.07,0.0,255,17,0.07,0.08,0.0,0.0,0.0,1.0,1,124908.0
47,5,0,0,0,0,283,1.0,1.0,0.03,0.06,0.0,255,7,0.03,0.07,0.0,1.0,1.0,0.0,1,125127.0
2,5,0,0,0,0,207,1.0,1.0,0.02,0.07,0.0,255,3,0.01,0.08,0.0,1.0,1.0,0.0,1,26459.0
42,9,1,0,0,0,40,0.0,0.0,0.17,0.1,0.0,255,7,0.03,0.07,0.0,0.0,0.0,0.0,1,68180.0
47,5,0,0,0,0,59,1.0,1.0,0.03,0.08,0.0,255,21,0.08,0.05,0.0,1.0,1.0,0.0,1,77591.0
12,9,46,46,0,0,126,0.0,0.0,1.0,0.0,0.02,246,181,0.74,0.02,0.0,0.0,0.0,0.0,0,25281.0
14,9,30,0,0,0,2,0.0,0.0,0.5,1.0,0.0,255,5,0.02,0.01,0.0,0.0,0.0,0.0,0,20299.0
24,9,307,517,0,1,1,0.0,0.0,1.0,0.0,0.3,108,255,1.0,0.0,0.05,0.01,0.01,0.0,0,58931.0
47,9,1,0,0,0,7,0.0,0.0,0.29,0.43,0.0,255,2,0.01,0.76,0.0,0.03,0.0,0.0,1,4439.0
27,5,0,0,0,0,206,1.0,1.0,0.04,0.07,0.0,255,9,0.04,0.07,0.0,1.0,1.0,0.0,1,70186.0
14,9,8,0,0,0,1,0.0,0.0,1.0,0.0,1.0,3,223,1.0,0.0,0.25,0.0,0.0,0.0,1,42207.0
20,9,383,0,0,1,2,0.0,0.0,1.0,0.0,0.0,37,86,0.89,0.05,0.03,0.0,0.0,0.0,0,6442.0
47,5,0,0,0,0,69,1.0,1.0,0.16,0.09,0.0,255,19,0.07,0.07,0.0,1.0,1.0,0.0,1,17217.0
39,5,0,0,0,0,138,1.0,1.0,0.14,0.05,0.0,255,13,0.05,0.06,0.0,1.0,1.0,0.0,1,40152.0
24,9,311,296,0,1,10,0.0,0.0,1.0,0.0,0.1,81,93,1.0,0.0,0.05,0.01,0.02,0.0,0,123352.0
12,9,46,46,0,0,219,0.0,0.0,1.0,0.01,0.0,255,254,1.0,0.01,0.0,0.0,0.0,0.0,0,46095.0
24,9,249,6674,0,1,2,0.0,0.0,1.0,0.0,0.67,42,255,1.0,0.0,0.02,0.0,0.0,0.0,0,85163.0
47,9,105,146,0,0,5,0.0,0.0,0.2,0.4,0.0,255,239,0.94,0.01,0.0,0.0,0.0,0.0,0,70837.0
20,5,0,0,0,0,69,1.0,1.0,0.25,0.06,0.0,255,72,0.28,0.02,0.0,1.0,1.0,0.0,1,13588.0
47,1,0,0,0,0,141,0.0,0.0,0.09,0.06,0.0,216,13,0.06,0.06,0.0,0.0,0.0,1.0,1,18796.0
58,9,572,18469,0,1,1,0.0,0.0,1.0,0.0,0.0,47,7,0.13,0.06,0.29,0.0,0.14,0.0,0,27640.0
52,9,1191,334,0,1,1,0.0,0.0,1.0,0.0,1.0,58,154,0.47,0.09,0.01,0.0,0.0,0.01,0,97967.0
47,9,28,0,3,0,53,0.0,0.0,0.98,0.04,0.0,255,52,0.2,0.02,0.0,0.0,0.0,0.0,1,34281.0
52,9,1737,333,0,1,1,0.0,0.0,1.0,0.0,0.0,91,65,0.71,0.08,0.0,0.0,0.0,0.0,0,33856.0
47,1,0,0,0,0,300,0.0,0.0,0.03,0.05,0.0,255,10,0.04,0.06,0.0,0.0,0.0,1.0,1,123784.0
47,5,0,0,0,0,296,1.0,1.0,0.04,0.06,0.0,255,13,0.05,0.07,0.0,1.0,1.0,0.0,1,25777.0
65,5,0,0,0,0,33,1.0,1.0,0.27,0.18,0.0,255,9,0.04,0.08,0.0,1.0,1.0,0.0,1,100790.0
47,5,0,0,0,0,2,0.5,1.0,0.5,1.0,0.0,255,1,0.0,1.0,0.0,0.0,1.0,0.0,1,76881.0
24,9,197,412,0,1,6,0.0,0.0,1.0,0.0,0.0,164,255,1.0,0.0,0.05,0.0,0.0,0.0,0,62734.0
15,9,1032,0,0,0,510,0.0,0.0,1.0,0.0,0.0,255,46,0.18,0.18,0.0,0.0,0.0,0.0,1,3375.0
55,5,0,0,0,0,263,1.0,1.0,0.05,0.05,0.0,255,13,0.05,0.05,0.0,1.0,1.0,0.0,1,118340.0
14,9,30,0,0,0,1,0.0,0.0,1.0,0.0,0.0,84,90,0.99,0.02,0.06,0.0,0.0,0.0,0,58793.0
4,5,0,0,0,0,280,1.0,1.0,0.04,0.06,0.0,255,12,0.05,0.07,0.0,1.0,1.0,0.0,1,85603.0
20,9,245,0,0,1,2,0.0,0.0,1.0,0.0,0.0,17,21,0.12,0.18,0.14,0.0,0.05,0.0,0,65127.0
12,9,46,46,0,0,95,0.0,0.0,0.99,0.02,0.01,255,254,1.0,0.01,0.0,0.0,0.0,0.0,0,56704.0
24,9,194,3308,0,1,18,0.0,0.0,1.0,0.0,0.0,18,255,1.0,0.0,0.05,0.0,0.0,0.0,0,50248.0
24,9,300,872,0,1,8,0.0,0.0,1.0,0.0,0.18,8,255,1.0,0.0,0.07,0.0,0.0,0.0,0,98071.0
20,9,641,0,0,1,2,0.0,0.0,1.0,0.0,0.0,62,55,0.08,0.05,0.05,0.0,0.0,0.0,0,704.0
24,9,276,313,0,1,4,0.25,0.05,1.0,0.0,0.2,255,255,1.0,0.0,0.0,0.0,0.0,0.0,0,107147.0
47,5,0,0,0,0,122,1.0,1.0,0.03,0.07,0.0,255,2,0.01,0.08,0.0,1.0,1.0,0.0,1,94352.0
42,1,0,0,0,0,443,0.08,0.0,0.0,1.0,0.0,255,1,0.0,1.0,0.0,0.09,0.0,1.0,1,25647.0
28,5,0,0,0,0,127,1.0,1.0,0.09,0.06,0.0,255,3,0.01,0.07,0.0,1.0,1.0,0.0,1,3003.0
47,5,0,0,0,0,117,1.0,1.0,0.1,0.06,0.0,255,12,0.05,0.06,0.0,1.0,1.0,0.0,1,90517.0
45,9,52,3883,0,1,2,0.0,0.0,0.5,1.0,0.0,149,8,0.03,0.05,0.25,0.01,0.0,0.0,0,21986.0
11,5,0,0,0,0,289,1.0,1.0,0.04,0.05,0.0,255,12,0.05,0.05,0.0,1.0,1.0,0.0,1,25973.0
24,9,168,108559,0,1,1,0.0,0.0,1.0,0.0,0.0,19,255,1.0,0.0,0.02,0.0,0.0,0.0,0,37803.0
47,5,0,0,0,0,242,1.0,1.0,0.07,0.06,0.0,255,19,0.07,0.06,0.0,1.0,1.0,0.0,1,73291.0
20,5,0,0,0,0,280,1.0,1.0,0.06,0.06,0.0,255,17,0.07,0.08,0.0,1.0,1.0,0.0,1,91394.0
5,5,0,0,0,0,221,1.0,1.0,0.02,0.06,0.0,255,16,0.06,0.07,0.0,1.0,1.0,0.0,1,14144.0
24,1,0,0,0,0,2,0.0,0.0,1.0,0.0,0.0,5,255,1.0,0.0,0.31,0.0,0.0,1.0,0,79240.0
49,1,0,0,0,0,245,0.0,0.0,0.02,0.06,0.0,255,6,0.02,0.07,0.0,0.0,0.0,1.0,1,75268.0
15,9,1032,0,0,0,37,0.0,0.0,1.0,0.0,0.0,255,37,0.15,0.02,0.0,0.0,0.0,0.0,1,90505.0
42,9,147,105,0,0,1,0.0,0.0,1.0,0.0,0.0,255,2,0.01,0.65,0.0,0.0,0.0,0.0,0,58816.0
20,9,7280,0,0,1,1,0.0,0.0,1.0,0.0,0.0,1,69,1.0,0.0,0.03,0.0,0.01,0.0,0,17715.0
47,5,0,0,0,0,258,1.0,1.0,0.03,0.06,0.0,255,12,0.05,0.08,0.0,1.0,1.0,0.0,1,106129.0
58,5,0,0,0,0,67,1.0,1.0,0.12,0.06,0.0,255,8,0.03,0.06,0.0,1.0,1.0,0.0,1,63967.0
47,5,0,0,0,0,181,1.0,1.0,0.06,0.06,0.0,255,17,0.07,0.06,0.0,1.0,1.0,0.0,1,55085.0
24,9,312,370,0,1,25,0.0,0.0,1.0,0.0,0.0,255,255,1.0,0.0,0.0,0.0,0.0,0.0,0,102351.0
31,5,0,0,0,0,236,1.0,1.0,0.01,0.07,0.0,255,3,0.01,0.08,0.0,1.0,1.0,0.0,1,119207.0
57,1,0,0,0,0,131,0.0,0.0,0.04,0.07,0.0,255,3,0.01,0.07,0.0,0.0,0.0,1.0,1,48404.0
47,4,0,0,0,0,1,0.0,0.0,1.0,0.0,0.0,255,1,0.0,1.0,0.0,0.0,0.0,1.0,1,123549.0
26,5,0,0,0,0,214,1.0,1.0,0.06,0.07,0.0,255,12,0.05,0.07,0.0,1.0,1.0,0.0,1,101181.0
24,9,322,2219,0,1,6,0.0,0.0,1.0,0.0,0.0,52,255,1.0,0.0,0.04,0.0,0.0,0.0,0,121524.0
47,5,0,0,0,0,299,1.0,1.0,0.03,0.06,0.0,255,8,0.03,0.07,0.0,1.0,1.0,0.0,1,62164.0
52,9,1216,334,0,1,1,0.0,0.0,1.0,0.0,1.0,119,101,0.42,0.05,0.02,0.01,0.01,0.0,0,26874.0
10,5,0,0,0,0,251,1.0,1.0,0.04,0.07,0.0,255,10,0.04,0.08,0.0,1.0,1.0,0.0,1,42006.0
18,5,0,0,0,0,56,1.0,1.0,0.21,0.07,0.0,255,61,0.24,0.02,0.0,1.0,1.0,0.0,1,59844.0
47,1,0,0,0,0,252,0.0,0.0,0.06,0.06,0.0,255,14,0.05,0.06,0.0,0.0,0.0,1.0,1,125377.0
24,9,295,1483,0,1,4,0.0,0.0,1.0,0.0,0.0,23,255,1.0,0.0,0.04,0.0,0.0,0.0,0,68352.0
12,9,46,46,0,0,5,0.0,0.0,1.0,0.0,0.01,255,255,1.0,0.0,0.0,0.0,0.0,0.0,0,31497.0
24,9,305,6534,0,1,10,0.0,0.0,1.0,0.0,0.18,255,255,1.0,0.0,0.0,0.0,0.0,0.0,0,120495.0
47,5,0,0,0,0,90,1.0,1.0,0.21,0.06,0.0,255,18,0.07,0.05,0.0,1.0,1.0,0.0,1,71201.0
14,9,8,0,0,0,1,0.0,0.0,1.0,0.0,1.0,1,223,1.0,0.0,0.5,0.0,0.0,0.0,1,13221.0
52,9,1142,332,0,1,1,0.0,0.0,1.0,0.0,0.0,30,164,0.83,0.13,0.01,0.03,0.01,0.0,0,73912.0
47,1,0,0,0,0,42,0.0,0.0,0.29,0.07,0.0,255,3,0.01,0.07,0.0,0.0,0.0,1.0,1,85014.0
47,5,0,0,0,0,134,1.0,1.0,0.13,0.07,0.0,255,17,0.07,0.07,0.0,1.0,1.0,0.0,1,35441.0
20,9,252,0,0,0,1,0.0,0.0,1.0,0.0,0.0,96,45,0.23,0.04,0.04,0.0,0.0,0.0,0,69591.0
47,1,0,0,0,0,273,0.0,0.0,0.05,0.06,0.0,255,14,0.05,0.07,0.0,0.0,0.0,1.0,1,66943.0
47,1,0,0,0,0,307,0.03,0.0,0.0,1.0,0.0,255,1,0.0,0.98,0.0,0.04,0.0,1.0,1,81681.0
24,9,327,976,0,1,7,0.0,0.0,1.0,0.0,0.08,17,255,1.0,0.0,0.03,0.0,0.0,0.0,0,60116.0
47,5,0,0,0,0,216,1.0,1.0,0.06,0.06,0.0,255,14,0.05,0.05,0.0,1.0,1.0,0.0,1,6824.0
8,5,0,0,0,0,274,1.0,1.0,0.08,0.04,0.0,255,22,0.09,0.05,0.0,1.0,1.0,0.0,1,5787.0
42,9,146,0,0,0,1,0.0,0.0,1.0,0.0,0.0,235,1,0.0,0.17,0.0,0.0,0.0,0.0,0,25048.0
24,5,0,0,0,0,11,1.0,1.0,0.55,0.18,0.0,255,46,0.18,0.03,0.0,1.0,1.0,0.0,1,73438.0
24,9,223,1576,0,1,12,0.0,0.0,1.0,0.0,0.0,255,255,1.0,0.0,0.0,0.0,0.0,0.01,0,24989.0
24,9,353,1408,0,1,8,0.0,0.0,1.0,0.0,0.0,165,255,1.0,0.0,0.02,0.0,0.0,0.0,0,53658.0
39,1,0,0,0,0,143,0.0,0.0,0.09,0.06,0.0,255,13,0.05,0.06,0.0,0.0,0.0,1.0,1,125606.0
20,6,144540,0,0,0,2,0.5,0.5,1.0,0.0,0.0,7,6,0.86,0.29,0.0,0.14,0.17,0.0,0,115121.0
47,5,0,0,0,0,299,1.0,1.0,0.05,0.05,0.0,255,2,0.01,0.08,0.0,1.0,1.0,0.0,1,11281.0
18,5,0,0,0,0,244,1.0,1.0,0.08,0.07,0.0,255,20,0.08,0.08,0.0,1.0,1.0,0.0,1,30993.0
24,9,217,3008,0,1,5,0.0,0.0,1.0,0.0,0.0,90,255,1.0,0.0,0.04,0.0,0.0,0.0,0,18916.0
47,5,0,0,0,0,198,1.0,1.0,0.03,0.07,0.0,255,6,0.02,0.09,0.0,1.0,1.0,0.0,1,3761.0
12,9,45,45,0,0,171,0.0,0.0,0.99,0.01,0.0,255,254,1.0,0.01,0.0,0.0,0.0,0.0,0,87683.0
42,9,516,4,0,0,447,0.0,0.0,1.0,0.0,0.0,255,255,1.0,0.0,0.0,0.0,0.0,0.0,0,27370.0
47,5,0,0,0,0,136,1.0,1.0,0.02,0.07,0.0,255,1,0.0,0.08,0.0,1.0,1.0,0.0,1,62262.0
24,9,205,5308,0,1,6,0.0,0.0,1.0,0.0,0.0,6,255,1.0,0.0,0.04,0.0,0.0,0.0,0,25918.0
24,9,226,12202,0,1,5,0.0,0.0,1.0,0.0,0.29,177,255,1.0,0.0,0.01,0.0,0.0,0.0,0,76940.0
47,1,0,0,0,0,109,0.0,0.0,0.08,0.06,0.0,255,26,0.1,0.08,0.0,0.0,0.0,1.0,1,115820.0
14,9,8,0,0,0,1,0.0,0.0,1.0,0.0,1.0,1,61,1.0,0.0,0.51,0.0,0.0,0.0,1,37109.0
42,9,145,105,0,0,1,0.0,0.0,1.0,0.0,0.0,255,1,0.0,0.62,0.0,0.0,0.0,0.0,0,13441.0
52,9,12973,1437,0,1,1,0.0,0.0,1.0,0.0,1.0,165,136,0.44,0.02,0.01,0.0,0.0,0.0,0,55878.0
47,5,0,0,0,0,139,1.0,1.0,0.1,0.06,0.0,255,8,0.03,0.07,0.0,1.0,1.0,0.0,1,76768.0
12,9,90,31,0,0,8,0.0,0.0,1.0,0.0,0.0,84,60,0.71,0.04,0.0,0.0,0.0,0.0,0,29804.0
24,9,266,255,0,1,4,0.0,0.0,1.0,0.0,0.0,255,255,1.0,0.0,0.0,0.0,0.0,0.0,0,39403.0
52,9,760,335,0,1,1,0.0,0.0,1.0,0.0,1.0,161,155,0.83,0.03,0.01,0.0,0.0,0.0,0,18950.0
20,5,0,0,0,0,34,1.0,1.0,0.21,0.12,0.0,255,63,0.25,0.03,0.0,1.0,1.0,0.0,1,116500.0
24,9,257,15697,0,1,2,0.0,0.0,1.0,0.0,0.22,39,255,1.0,0.0,0.01,0.0,0.0,0.0,0,2452.0
24,9,209,525,0,1,27,0.0,0.0,1.0,0.0,0.0,124,255,1.0,0.0,0.05,0.0,0.0,0.0,0,87167.0
20,9,748,0,0,1,1,0.0,0.0,1.0,0.0,0.0,2,97,0.5,1.0,0.02,0.0,0.0,0.0,0,20662.0
24,9,213,2569,0,1,4,0.0,0.0,1.0,0.0,0.33,104,255,1.0,0.0,0.02,0.0,0.0,0.0,0,104830.0
12,9,44,44,0,0,168,0.0,0.0,1.0,0.0,0.0,255,255,1.0,0.0,0.0,0.0,0.0,0.0,0,26341.0
47,1,0,0,0,0,66,0.0,0.0,0.02,0.55,0.0,236,1,0.0,0.16,0.0,0.01,0.0,1.0,1,71581.0
12,9,44,132,0,0,229,0.0,0.0,1.0,0.0,0.01,255,253,0.99,0.01,0.0,0.0,0.0,0.0,0,64638.0
37,5,0,0,0,0,213,1.0,1.0,0.08,0.07,0.0,255,18,0.07,0.08,0.0,1.0,1.0,0.0,1,48234.0
24,1,0,0,0,0,265,0.0,0.0,0.06,0.06,0.0,255,16,0.06,0.08,0.0,0.0,0.0,1.0,1,35984.0
24,1,0,0,0,0,1,0.0,0.0,1.0,0.0,0.0,5,179,1.0,0.0,0.11,0.0,0.0,0.77,0,41497.0
42,9,147,105,0,0,1,0.0,0.0,1.0,0.0,0.0,255,1,0.0,0.85,0.0,0.0,0.0,0.0,0,69082.0
4,9,14,37,0,0,1,0.0,0.0,1.0,0.0,0.0,176,5,0.02,0.02,0.4,0.0,0.0,0.0,0,92824.0
24,9,207,302,0,1,5,0.0,0.0,1.0,0.0,0.33,29,255,1.0,0.0,0.03,0.0,0.0,0.0,0,111016.0
52,9,890,339,0,1,2,0.0,0.0,0.5,1.0,0.0,41,177,0.83,0.07,0.01,0.0,0.01,0.0,0,121409.0
24,9,302,1380,0,1,3,0.0,0.0,1.0,0.0,0.0,255,225,0.88,0.01,0.0,0.0,0.0,0.0,0,43353.0
24,9,290,1522,0,1,3,0.0,0.0,1.0,0.0,0.0,45,255,1.0,0.0,0.04,0.0,0.0,0.0,0,98632.0
64,5,0,0,0,0,233,1.0,1.0,0.01,0.06,0.0,255,3,0.01,0.06,0.0,1.0,1.0,0.0,1,74377.0
47,5,0,0,0,0,204,1.0,1.0,0.09,0.06,0.0,255,19,0.07,0.06,0.0,1.0,1.0,0.0,1,89524.0
20,9,748,0,0,1,1,0.0,0.0,1.0,0.0,0.0,28,102,0.82,0.07,0.03,0.0,0.0,0.0,0,47053.0
12,9,44,133,0,0,135,0.0,0.0,1.0,0.0,0.01,255,255,1.0,0.0,0.0,0.0,0.0,0.0,0,35413.0
14,9,8,0,0,0,1,0.0,0.0,1.0,0.0,1.0,1,103,1.0,0.0,0.5,0.0,0.0,0.0,1,60446.0
47,5,0,0,0,0,175,1.0,1.0,0.01,0.08,0.0,255,1,0.0,0.09,0.0,1.0,1.0,0.0,1,28972.0
47,5,0,0,0,0,287,1.0,1.0,0.01,0.06,0.0,255,2,0.01,0.07,0.0,1.0,1.0,0.0,1,44727.0
19,9,1492,4152,0,1,2,0.0,0.0,0.5,1.0,0.0,255,46,0.18,0.03,0.0,0.0,0.0,0.0,0,123967.0
47,5,0,0,0,0,204,1.0,1.0,0.01,0.07,0.0,255,5,0.02,0.07,0.0,1.0,1.0,0.0,1,41212.0
20,9,383,0,0,1,1,0.0,0.0,1.0,0.0,0.0,105,56,0.14,0.05,0.04,0.01,0.0,0.0,0,121423.0
42,9,35195,0,0,1,16,0.06,0.0,0.06,0.38,0.0,175,1,0.01,0.05,0.0,0.01,0.0,0.0,0,80741.0
18,5,0,0,0,0,39,0.95,1.0,0.44,0.1,0.0,255,17,0.07,0.06,0.0,1.0,1.0,0.0,1,79818.0
47,5,0,0,0,0,80,1.0,1.0,0.03,0.06,0.0,255,19,0.07,0.08,0.0,1.0,1.0,0.0,1,100490.0
47,1,0,0,0,0,266,0.0,0.0,0.04,0.06,0.0,255,11,0.04,0.06,0.0,0.0,0.0,1.0,1,70324.0
24,9,224,347,0,1,6,0.0,0.0,1.0,0.0,0.0,74,255,1.0,0.0,0.05,0.0,0.0,0.0,0,9523.0
23,1,0,0,0,0,103,0.0,0.0,0.01,0.07,0.0,255,1,0.0,0.07,0.0,0.0,0.0,1.0,1,86326.0
24,9,218,1068,0,1,10,0.0,0.0,1.0,0.0,0.18,95,255,1.0,0.0,0.08,0.0,0.0,0.0,0,17241.0
47,5,0,0,0,0,171,1.0,1.0,0.11,0.08,0.0,255,2,0.01,0.07,0.0,1.0,1.0,0.0,1,52649.0
60,5,0,0,0,0,122,1.0,1.0,0.03,0.06,0.0,255,4,0.02,0.05,0.0,1.0,1.0,0.0,1,41871.0
24,9,211,3248,0,1,12,0.0,0.0,1.0,0.0,0.06,252,255,1.0,0.0,0.01,0.0,0.0,0.0,0,68949.0
20,9,567,0,0,0,5,0.0,0.0,0.2,0.4,0.0,255,75,0.29,0.03,0.0,0.0,0.0,0.0,0,84736.0
23,5,0,0,0,0,101,1.0,1.0,0.01,0.07,0.0,255,18,0.07,0.07,0.0,1.0,1.0,0.0,1,50397.0
14,9,8,0,0,0,1,0.0,0.0,1.0,0.0,1.0,1,30,1.0,0.0,0.53,0.0,0.0,0.0,1,104368.0
28,5,0,0,0,0,114,1.0,1.0,0.15,0.07,0.0,255,6,0.02,0.08,0.0,1.0,1.0,0.0,1,17264.0
20,9,4539,0,0,0,20,0.0,0.0,1.0,0.0,0.0,212,74,0.35,0.03,0.0,0.0,0.0,0.0,0,44638.0
24,9,342,386,0,1,2,0.0,0.0,1.0,0.0,0.0,255,255,1.0,0.0,0.0,0.0,0.0,0.0,0,23464.0
18,5,0,0,0,0,43,1.0,1.0,0.26,0.09,0.0,255,59,0.23,0.04,0.0,1.0,1.0,0.0,1,19636.0
24,9,229,1173,0,1,9,0.0,0.0,1.0,0.0,0.14,9,255,1.0,0.0,0.03,0.0,0.0,0.0,0,94876.0
16,5,0,0,0,0,26,1.0,1.0,0.23,0.12,0.0,255,6,0.02,0.07,0.0,1.0,1.0,0.0,1,65336.0
14,9,18,0,0,0,1,0.0,0.0,1.0,0.0,0.0,1,228,1.0,0.0,1.0,0.0,0.0,0.0,1,25729.0
24,9,207,551,0,1,7,0.0,0.0,1.0,0.0,0.14,31,255,1.0,0.0,0.02,0.0,0.0,0.0,0,112807.0
24,9,229,14560,0,1,6,0.0,0.0,1.0,0.0,0.0,126,255,1.0,0.0,0.01,0.0,0.0,0.0,0,15284.0
57,5,0,0,0,0,221,1.0,1.0,0.09,0.06,0.0,255,19,0.07,0.06,0.0,1.0,1.0,0.0,1,33092.0
52,9,1262,325,0,1,1,0.0,0.0,1.0,0.0,1.0,255,121,0.47,0.02,0.0,0.0,0.0,0.0,0,122970.0
24,9,315,293,0,1,17,0.0,0.0,1.0,0.0,0.16,34,255,1.0,0.0,0.05,0.0,0.0,0.0,0,50668.0
24,1,0,0,0,0,1,0.0,0.0,1.0,0.0,0.0,2,255,1.0,0.0,0.19,0.0,0.0,0.95,0,106791.0
47,4,0,0,0,0,1,0.0,0.0,1.0,0.0,0.0,209,1,0.0,0.22,0.0,0.0,0.0,1.0,1,26223.0
47,1,0,0,0,0,262,0.08,0.0,0.0,1.0,0.0,255,1,0.0,1.0,0.0,0.08,0.0,1.0,1,62062.0
47,9,28,0,1,0,1,0.0,0.0,1.0,0.0,0.0,204,1,0.0,0.05,0.0,0.02,0.0,0.0,1,114875.0
24,1,0,0,0,0,1,0.0,0.0,1.0,0.0,0.0,14,187,1.0,0.0,0.2,0.0,0.0,1.0,0,43875.0
24,9,215,258,0,1,4,0.0,0.0,1.0,0.0,0.0,4,255,1.0,0.0,0.06,0.0,0.0,0.0,0,42229.0
31,5,0,0,0,0,300,1.0,1.0,0.08,0.05,0.0,255,25,0.1,0.05,0.0,1.0,1.0,0.0,1,7204.0
12,9,45,45,0,0,175,0.0,0.0,1.0,0.0,0.0,255,255,1.0,0.0,0.0,0.0,0.0,0.0,0,91542.0
12,9,45,111,0,0,278,0.0,0.0,1.0,0.01,0.0,243,208,0.86,0.01,0.0,0.0,0.0,0.0,0,73664.0
12,9,46,136,0,0,240,0.0,0.0,1.0,0.0,0.0,255,252,0.99,0.01,0.0,0.0,0.0,0.0,0,122579.0
47,9,105,146,0,0,4,0.0,0.0,0.25,0.5,0.0,255,234,0.92,0.01,0.0,0.0,0.0,0.0,0,77964.0
24,9,299,882,0,1,6,0.0,0.0,1.0,0.0,0.0,36,255,1.0,0.0,0.04,0.0,0.0,0.0,0,92512.0
24,9,215,337,0,1,21,0.0,0.0,1.0,0.0,0.09,255,255,1.0,0.0,0.0,0.0,0.0,0.0,0,57570.0
24,9,242,1582,0,1,40,0.0,0.0,1.0,0.0,0.0,255,255,1.0,0.0,0.0,0.0,0.0,0.0,0,58084.0
18,5,0,0,0,0,17,1.0,1.0,0.29,0.24,0.0,255,61,0.24,0.04,0.0,1.0,1.0,0.0,1,70165.0
12,9,44,44,0,0,147,0.0,0.0,0.99,0.01,0.0,255,254,1.0,0.01,0.0,0.0,0.0,0.0,0,62566.0
11,1,0,0,0,0,277,0.0,0.0,0.03,0.06,0.0,255,9,0.04,0.07,0.0,0.0,0.0,1.0,1,115828.0
24,2,0,0,0,1,2,0.0,0.0,1.0,0.0,0.0,177,255,1.0,0.0,0.02,0.01,0.01,0.0,0,77529.0
42,1,0,0,0,0,510,0.14,0.0,0.0,1.0,0.0,255,1,0.0,1.0,0.0,0.18,0.0,1.0,1,107951.0
52,9,862,330,0,1,1,0.0,0.0,1.0,0.0,0.0,255,161,0.63,0.03,0.0,0.0,0.0,0.0,0,40733.0
29,1,0,0,0,0,145,0.0,0.0,0.12,0.06,0.0,255,12,0.05,0.06,0.0,0.0,0.0,1.0,1,54174.0
24,9,310,4423,0,1,12,0.0,0.0,1.0,0.0,0.11,65,255,1.0,0.0,0.04,0.0,0.0,0.0,0,93770.0
47,5,0,0,0,0,83,1.0,1.0,0.16,0.06,0.0,255,2,0.01,0.07,0.0,1.0,1.0,0.0,1,42348.0
63,5,0,0,0,0,128,1.0,1.0,0.05,0.07,0.0,255,7,0.03,0.06,0.0,1.0,1.0,0.0,1,101068.0
47,9,28,0,3,0,64,0.0,0.0,1.0,0.0,0.0,255,64,0.25,0.02,0.0,0.0,0.0,0.0,1,89292.0
24,9,317,3849,0,1,3,0.0,0.0,1.0,0.0,0.0,255,255,1.0,0.0,0.0,0.0,0.0,0.0,0,106421.0
12,9,45,82,0,0,276,0.0,0.0,1.0,0.01,0.01,255,254,1.0,0.01,0.0,0.0,0.0,0.0,0,39660.0
24,5,0,0,0,0,6,1.0,1.0,0.5,0.5,0.0,255,63,0.25,0.02,0.0,1.0,1.0,0.0,1,77719.0
63,9,6,0,0,1,510,0.2,0.0,0.0,1.0,0.0,255,1,0.0,1.0,0.0,0.23,0.0,0.0,1,23620.0
24,9,226,1344,0,1,15,0.0,0.0,1.0,0.0,0.12,255,255,1.0,0.0,0.0,0.0,0.0,0.0,0,7936.0
24,1,0,0,0,0,250,0.0,0.0,0.04,0.07,0.0,255,9,0.04,0.08,0.0,0.0,0.0,1.0,1,71365.0
52,9,815,329,0,1,1,0.0,0.0,1.0,0.0,1.0,154,140,0.4,0.05,0.02,0.0,0.0,0.0,0,35340.0
20,9,7233,0,0,1,8,0.0,0.0,1.0,0.0,0.0,185,102,0.39,0.02,0.02,0.01,0.01,0.0,0,14780.0
24,9,219,1629,0,1,1,0.0,0.0,1.0,0.0,0.25,9,255,1.0,0.0,0.05,0.0,0.0,0.0,0,40810.0
58,5,0,0,0,0,21,1.0,1.0,0.19,0.19,0.0,255,63,0.25,0.02,0.0,1.0,1.0,0.0,1,84846.0
15,9,1032,0,0,0,254,0.0,0.0,1.0,0.0,0.0,255,255,1.0,0.0,0.0,0.0,0.0,0.0,1,28707.0
19,9,1458,4152,0,1,1,0.0,0.0,1.0,0.0,0.0,144,40,0.28,0.04,0.0,0.0,0.0,0.0,0,12131.0
12,9,46,112,0,0,1,0.0,0.0,1.0,0.0,1.0,255,215,0.84,0.01,0.0,0.0,0.0,0.0,0,114973.0
47,5,0,0,0,0,178,1.0,1.0,0.03,0.08,0.0,255,6,0.02,0.09,0.0,1.0,1.0,0.0,1,65304.0
24,9,211,8222,0,1,1,0.0,0.0,1.0,0.0,1.0,43,255,1.0,0.0,0.04,0.0,0.0,0.0,0,2239.0
24,9,313,2754,0,1,1,0.0,0.0,1.0,0.0,0.0,17,255,1.0,0.0,0.03,0.0,0.0,0.0,0,91683.0
11,5,0,0,0,0,218,1.0,1.0,0.0,0.07,0.0,255,1,0.0,0.07,0.0,1.0,1.0,0.0,1,16526.0
24,9,278,1745,0,1,1,0.0,0.0,1.0,0.0,0.0,2,255,1.0,0.0,0.03,0.0,0.01,0.0,0,31120.0
24,9,293,5017,0,1,17,0.0,0.0,1.0,0.0,0.22,20,255,1.0,0.0,0.07,0.0,0.0,0.0,0,117952.0
24,9,212,682,0,1,30,0.0,0.0,1.0,0.0,0.1,237,255,1.0,0.0,0.01,0.0,0.0,0.0,0,34461.0
21,5,0,0,0,0,233,1.0,1.0,0.07,0.06,0.0,255,4,0.02,0.08,0.0,1.0,1.0,0.0,1,27389.0
24,9,270,1678,0,1,1,0.0,0.0,1.0,0.0,0.0,255,255,1.0,0.0,0.0,0.0,0.0,0.0,0,52270.0
47,3,0,0,0,0,139,0.72,0.5,0.01,0.37,0.0,255,2,0.01,0.2,0.0,0.39,0.5,0.5,1,124204.0
47,5,0,0,0,0,146,1.0,1.0,0.09,0.07,0.0,255,13,0.05,0.07,0.0,1.0,1.0,0.0,1,54268.0
52,9,1895,336,0,1,1,0.0,0.0,1.0,0.0,0.0,90,195,0.64,0.04,0.01,0.0,0.0,0.0,0,24611.0
47,9,1,0,0,0,73,0.0,0.0,0.63,0.05,0.0,255,110,0.43,0.06,0.0,0.0,0.0,0.0,1,21455.0
24,9,201,6873,0,1,14,0.0,0.0,1.0,0.0,0.0,22,255,1.0,0.0,0.03,0.0,0.0,0.0,0,122596.0
19,9,1462,4152,0,1,1,0.0,0.0,1.0,0.0,0.0,224,43,0.19,0.03,0.0,0.0,0.0,0.0,0,43884.0
10,5,0,0,0,0,225,1.0,1.0,0.08,0.05,0.0,255,19,0.07,0.05,0.0,1.0,1.0,0.0,1,13576.0
47,5,0,0,0,0,136,1.0,1.0,0.04,0.06,0.0,202,3,0.01,0.09,0.0,1.0,1.0,0.0,1,56022.0
47,9,105,0,0,0,1,0.0,0.0,1.0,0.0,0.0,255,133,0.52,0.01,0.0,0.0,0.0,0.0,0,32761.0
64,5,0,0,0,0,286,1.0,1.0,0.01,0.06,0.0,255,4,0.02,0.07,0.0,1.0,1.0,0.0,1,91348.0
8,5,0,0,0,0,242,1.0,1.0,0.04,0.06,0.0,255,8,0.03,0.07,0.0,1.0,1.0,0.0,1,41479.0
17,2,0,0,0,0,144,0.0,0.0,0.1,0.06,0.0,255,14,0.05,0.07,0.0,0.0,0.0,1.0,1,66768.0
42,1,0,0,0,0,511,0.06,0.0,0.0,1.0,0.0,255,1,0.0,1.0,0.0,0.04,0.0,1.0,1,69681.0
24,9,284,189,0,1,4,0.25,0.25,1.0,0.0,0.0,4,255,1.0,0.0,0.02,0.25,0.02,0.03,0,70108.0
52,9,920,370,0,1,1,0.0,0.0,1.0,0.0,0.0,106,72,0.68,0.05,0.0,0.0,0.0,0.0,0,32497.0
47,5,0,0,0,0,110,1.0,1.0,0.16,0.05,0.0,255,18,0.07,0.07,0.0,1.0,1.0,0.0,1,54966.0
24,9,329,261,0,1,19,0.0,0.0,1.0,0.0,0.1,255,255,1.0,0.0,0.0,0.0,0.0,0.0,0,73710.0
24,9,330,2873,0,1,5,0.0,0.0,1.0,0.0,0.0,255,255,1.0,0.0,0.0,0.0,0.0,0.0,0,30045.0
47,5,0,0,0,0,249,1.0,1.0,0.08,0.06,0.0,255,1,0.0,0.08,0.0,1.0,1.0,0.0,1,57955.0
24,5,0,0,0,0,2,0.5,0.33,1.0,0.0,0.67,194,255,1.0,0.0,0.03,0.01,0.0,0.0,0,24192.0
14,9,8,0,0,0,1,0.0,0.0,1.0,0.0,1.0,2,28,1.0,0.0,0.54,0.0,0.0,0.0,1,88181.0
24,9,237,397,0,1,2,0.0,0.0,1.0,0.0,0.0,121,255,1.0,0.0,0.01,0.0,0.0,0.0,0,48569.0
20,9,334,0,0,1,1,0.0,0.0,1.0,0.0,0.0,1,39,1.0,0.0,0.18,0.0,0.0,0.0,1,25188.0
24,9,213,492,0,1,1,0.0,0.0,1.0,0.0,0.0,19,209,1.0,0.0,0.21,0.0,0.0,0.98,0,63318.0
52,9,1110,330,0,1,1,0.0,0.0,1.0,0.0,0.0,95,65,0.68,0.04,0.0,0.0,0.0,0.0,0,47631.0
24,9,209,171,0,1,26,0.0,0.0,1.0,0.0,0.0,26,255,1.0,0.0,0.01,0.0,0.0,0.0,0,69624.0
20,5,0,0,0,0,76,1.0,1.0,0.21,0.05,0.0,255,64,0.25,0.02,0.0,1.0,1.0,0.0,1,39842.0
20,9,530,0,0,1,1,0.0,0.0,1.0,0.0,1.0,49,52,0.37,0.1,0.04,0.0,0.02,0.0,0,90480.0
24,5,0,0,0,0,4,1.0,1.0,0.25,0.75,0.0,255,61,0.24,0.02,0.0,1.0,1.0,0.0,1,107569.0
24,5,0,0,0,0,69,1.0,1.0,0.25,0.06,0.0,255,57,0.22,0.02,0.0,1.0,1.0,0.0,1,14485.0
18,2,0,0,0,0,249,0.0,0.0,0.01,0.07,0.0,255,2,0.01,0.07,0.0,0.0,0.0,1.0,1,84357.0
24,9,161,20101,0,1,6,0.0,0.0,1.0,0.0,0.0,77,255,1.0,0.0,0.04,0.0,0.0,0.0,0,70284.0
24,9,338,327,0,1,3,0.0,0.0,1.0,0.0,0.21,123,255,1.0,0.0,0.01,0.0,0.0,0.0,0,8156.0
12,9,45,111,0,0,161,0.0,0.0,0.99,0.01,0.01,255,233,0.91,0.02,0.0,0.0,0.0,0.0,0,79561.0
47,9,1,0,0,0,15,0.0,0.0,0.73,0.13,0.0,255,11,0.04,0.84,0.0,0.03,0.0,0.0,1,46192.0
38,5,0,0,0,0,142,1.0,1.0,0.15,0.05,0.0,255,20,0.08,0.06,0.0,1.0,1.0,0.0,1,19600.0
47,5,0,0,0,0,282,1.0,1.0,0.07,0.04,0.0,142,21,0.15,0.07,0.0,0.99,1.0,0.0,1,99694.0
47,5,0,0,0,0,124,1.0,1.0,0.1,0.06,0.0,255,8,0.03,0.06,0.0,1.0,1.0,0.0,1,124228.0
47,1,0,0,0,0,112,0.0,0.0,0.09,0.07,0.0,187,10,0.05,0.07,0.0,0.0,0.0,1.0,1,102361.0
24,9,230,2661,0,1,8,0.0,0.0,1.0,0.0,0.0,138,255,1.0,0.0,0.05,0.0,0.0,0.0,0,22457.0
63,5,0,0,0,0,148,1.0,1.0,0.13,0.05,0.0,255,19,0.07,0.06,0.0,1.0,1.0,0.0,1,45635.0
23,5,0,0,0,0,210,1.0,1.0,0.03,0.07,0.0,255,6,0.02,0.09,0.0,1.0,1.0,0.0,1,76403.0
9,5,0,0,0,0,276,1.0,1.0,0.02,0.05,0.0,255,15,0.06,0.07,0.0,1.0,1.0,0.0,1,111334.0
24,9,292,3351,0,1,7,0.0,0.0,1.0,0.0,0.33,61,255,1.0,0.0,0.02,0.0,0.0,0.0,0,105962.0
24,9,281,269,0,1,8,0.0,0.0,1.0,0.0,0.0,181,255,1.0,0.0,0.03,0.0,0.0,0.0,0,45694.0
58,5,0,0,0,0,282,1.0,1.0,0.04,0.05,0.0,255,10,0.04,0.05,0.0,1.0,1.0,0.0,1,103945.0
47,5,0,0,0,0,208,1.0,1.0,0.09,0.06,0.0,255,15,0.06,0.08,0.0,1.0,1.0,0.0,1,52064.0
24,9,224,1215,0,1,8,0.0,0.0,1.0,0.0,0.0,255,255,1.0,0.0,0.0,0.0,0.0,0.0,0,92691.0
24,9,145,5545,0,1,1,0.0,0.0,1.0,0.0,0.0,47,255,1.0,0.0,0.04,0.0,0.0,0.0,0,36932.0
42,9,145,105,0,0,1,0.0,0.0,1.0,0.0,0.0,79,2,0.03,0.67,0.0,0.0,0.0,0.0,0,59317.0
12,9,45,79,0,0,211,0.0,0.0,1.0,0.0,0.01,255,217,0.85,0.01,0.0,0.0,0.0,0.0,0,84726.0
20,9,7321,0,0,1,2,0.0,0.0,1.0,0.0,0.67,137,73,0.53,0.03,0.0,0.0,0.0,0.0,0,91936.0
14,9,8,0,0,0,1,0.0,0.0,1.0,0.0,1.0,2,56,1.0,0.0,0.5,0.0,0.0,0.0,1,11093.0
2,5,0,0,0,0,121,1.0,1.0,0.13,0.07,0.0,255,16,0.06,0.07,0.0,1.0,1.0,0.0,1,50430.0
60,5,0,0,0,0,236,1.0,1.0,0.01,0.07,0.0,255,2,0.01,0.08,0.0,1.0,1.0,0.0,1,122300.0
52,2,0,0,0,0,1,0.0,0.0,1.0,0.0,0.0,52,150,0.42,0.1,0.01,0.0,0.0,0.01,0,123894.0
47,9,105,147,0,0,2,0.0,0.0,0.5,1.0,0.0,255,238,0.93,0.01,0.0,0.0,0.0,0.0,0,40238.0
24,9,232,13877,0,1,23,0.0,0.0,1.0,0.0,0.0,51,255,1.0,0.0,0.03,0.0,0.0,0.0,0,32292.0
9,5,0,0,0,0,147,1.0,1.0,0.06,0.05,0.0,255,5,0.02,0.07,0.0,1.0,1.0,0.0,1,11574.0
14,9,8,0,0,0,1,0.0,0.0,1.0,0.0,1.0,2,96,1.0,0.0,0.5,0.0,0.0,0.0,1,30292.0
24,9,218,4546,0,1,5,0.0,0.0,1.0,0.0,0.12,8,118,1.0,0.0,0.08,0.0,0.0,0.0,0,92859.0
20,9,641,0,0,1,2,0.0,0.0,1.0,0.0,0.0,5,34,1.0,0.0,0.09,0.0,0.0,0.0,0,28873.0
47,5,0,0,0,0,176,1.0,1.0,0.01,0.07,0.0,22,1,0.05,0.27,0.0,0.36,1.0,0.0,1,39162.0
47,9,1,0,0,0,38,0.0,0.0,0.29,0.11,0.0,255,39,0.15,0.46,0.0,0.16,0.0,0.0,1,57366.0
24,9,54540,8314,0,1,3,0.0,0.0,1.0,0.0,0.0,190,190,1.0,0.0,0.0,0.0,0.0,0.05,1,36860.0
58,5,0,0,0,0,300,1.0,1.0,0.07,0.05,0.0,255,20,0.08,0.07,0.0,1.0,1.0,0.0,1,82969.0
47,5,0,0,0,0,120,1.0,1.0,0.1,0.06,0.0,255,4,0.02,0.07,0.0,1.0,1.0,0.0,1,54201.0
12,9,106,46,0,0,5,0.0,0.0,1.0,0.0,0.0,37,25,0.68,0.08,0.0,0.0,0.0,0.0,0,25399.0
47,1,0,0,0,0,88,0.08,0.0,0.01,1.0,0.0,255,1,0.0,0.62,0.0,0.03,0.0,1.0,1,46674.0
24,9,230,667,0,1,5,0.0,0.0,1.0,0.0,0.0,255,255,1.0,0.0,0.0,0.0,0.0,0.0,0,61996.0
47,5,0,0,0,0,110,1.0,1.0,0.09,0.06,0.0,255,30,0.12,0.06,0.0,1.0,1.0,0.0,1,17891.0
24,9,310,362,0,1,33,0.0,0.0,1.0,0.0,0.08,90,231,1.0,0.0,0.02,0.0,0.0,0.0,0,1559.0
47,5,0,0,0,0,128,1.0,1.0,0.16,0.05,0.0,255,17,0.07,0.07,0.0,1.0,1.0,0.0,1,82674.0
51,4,1,0,0,0,2,0.0,0.0,1.0,0.0,0.0,255,2,0.01,0.76,0.0,0.0,0.0,1.0,1,105360.0
15,9,1480,0,1,0,2,0.0,0.0,1.0,0.0,0.5,4,151,1.0,0.0,0.1,0.0,0.0,0.0,1,98247.0
66,5,0,0,0,0,15,1.0,1.0,0.47,0.27,0.0,255,7,0.03,0.08,0.0,1.0,1.0,0.0,1,89636.0
12,9,46,75,0,0,276,0.0,0.0,1.0,0.0,0.0,255,254,1.0,0.01,0.0,0.0,0.0,0.0,0,93155.0
24,9,313,2698,0,1,2,0.0,0.0,1.0,0.0,0.27,255,255,1.0,0.0,0.0,0.0,0.0,0.0,0,16247.0
42,9,1,0,0,0,96,0.0,0.0,0.06,0.05,0.0,255,6,0.02,0.05,0.0,0.0,0.0,0.0,1,93637.0
24,9,298,2445,0,1,15,0.0,0.0,1.0,0.0,0.0,255,255,1.0,0.0,0.0,0.0,0.0,0.0,0,35098.0
33,5,0,0,0,0,269,1.0,1.0,0.01,0.06,0.0,255,15,0.06,0.07,0.0,1.0,1.0,0.0,1,91064.0
15,9,1032,0,0,0,509,0.0,0.0,1.0,0.0,0.0,255,199,0.78,0.14,0.0,0.0,0.0,0.0,1,114616.0
52,9,1325,332,0,1,1,0.0,0.0,1.0,0.0,0.0,194,85,0.44,0.03,0.0,0.01,0.01,0.0,0,87236.0
18,9,6,271,0,0,1,0.0,0.0,1.0,0.0,0.0,8,12,0.25,0.38,0.25,0.12,0.08,0.0,0,116277.0
42,1,0,0,0,0,511,0.14,0.0,0.0,1.0,0.0,255,1,0.0,1.0,0.0,0.11,0.0,1.0,1,87387.0
47,5,0,0,0,0,286,1.0,1.0,0.06,0.06,0.0,255,17,0.07,0.07,0.0,1.0,1.0,0.0,1,79464.0
12,9,41,128,0,0,77,0.0,0.0,0.97,0.04,0.01,255,241,0.95,0.01,0.0,0.0,0.0,0.0,0,92384.0
20,5,0,0,0,0,68,1.0,1.0,0.22,0.06,0.0,255,55,0.22,0.04,0.0,1.0,1.0,0.0,1,89700.0
53,5,0,0,0,0,246,1.0,1.0,0.0,0.07,0.0,255,20,0.08,0.08,0.0,1.0,1.0,0.0,1,36338.0
28,5,0,0,0,0,20,1.0,1.0,0.75,0.1,0.0,255,15,0.06,0.06,0.0,1.0,1.0,0.0,1,75976.0
52,9,796,390,0,1,1,0.0,0.0,1.0,0.0,0.0,3,184,0.67,0.67,0.02,0.33,0.0,0.05,0,36637.0
26,1,0,0,0,0,247,0.0,0.0,0.01,0.07,0.0,255,2,0.01,0.07,0.0,0.0,0.0,1.0,1,5426.0
24,9,216,2658,0,1,23,0.0,0.0,1.0,0.0,0.0,255,255,1.0,0.0,0.0,0.0,0.0,0.0,0,10511.0
24,9,224,347,0,1,7,0.0,0.0,1.0,0.0,0.0,60,255,1.0,0.0,0.05,0.0,0.0,0.0,0,25380.0
12,9,38,91,0,0,1,0.0,0.0,1.0,0.0,0.0,59,228,1.0,0.0,0.01,0.0,0.0,0.0,0,53186.0
54,5,0,0,0,0,269,1.0,1.0,0.07,0.06,0.0,255,18,0.07,0.07,0.0,1.0,1.0,0.0,1,103261.0
23,5,0,0,0,0,262,1.0,1.0,0.07,0.06,0.0,255,19,0.07,0.06,0.0,1.0,1.0,0.0,1,109568.0
24,9,289,468,0,1,2,0.0,0.0,1.0,0.0,0.0,50,255,1.0,0.0,0.02,0.0,0.0,0.0,0,103072.0
47,5,0,0,0,0,196,1.0,1.0,0.03,0.06,0.0,255,5,0.02,0.06,0.0,1.0,1.0,0.0,1,81416.0
52,9,1086,334,0,1,1,0.0,0.0,1.0,0.0,0.0,255,95,0.37,0.03,0.0,0.0,0.0,0.0,0,23824.0
42,9,146,105,0,0,1,0.0,0.0,1.0,0.0,0.0,255,1,0.0,0.52,0.0,0.0,0.0,0.0,0,55886.0
29,1,0,0,0,0,139,0.0,0.0,0.09,0.06,0.0,255,7,0.03,0.06,0.0,0.0,0.0,1.0,1,81989.0
2,5,0,0,0,0,276,1.0,1.0,0.03,0.06,0.0,255,9,0.04,0.06,0.0,1.0,1.0,0.0,1,101418.0
24,9,299,1380,0,1,4,0.0,0.0,1.0,0.0,0.0,255,243,0.95,0.01,0.0,0.0,0.0,0.0,0,45175.0
47,5,0,0,0,0,109,1.0,1.0,0.13,0.06,0.0,255,12,0.05,0.07,0.0,1.0,1.0,0.0,1,81560.0
47,5,0,0,0,0,144,1.0,1.0,0.1,0.06,0.0,255,2,0.01,0.07,0.0,1.0,1.0,0.0,1,104449.0
24,9,213,1469,0,1,34,0.0,0.0,1.0,0.0,0.09,34,255,1.0,0.0,0.04,0.0,0.0,0.0,0,105500.0
24,9,342,975,0,1,19,0.0,0.0,1.0,0.0,0.17,255,255,1.0,0.0,0.0,0.0,0.0,0.0,0,86531.0
24,9,262,8702,0,1,5,0.0,0.0,1.0,0.0,0.0,255,255,1.0,0.0,0.0,0.0,0.0,0.0,0,19913.0
24,9,317,912,0,1,11,0.0,0.0,1.0,0.0,0.0,223,255,1.0,0.0,0.01,0.0,0.0,0.0,0,79753.0
24,9,323,10783,0,1,11,0.0,0.07,1.0,0.0,0.27,255,255,1.0,0.0,0.0,0.0,0.0,0.0,0,28172.0
47,9,28,0,3,0,76,0.0,0.0,1.0,0.0,0.0,255,43,0.17,0.01,0.0,0.0,0.0,0.0,1,79098.0
52,9,2578,332,0,1,1,0.0,0.0,1.0,0.0,1.0,56,167,0.48,0.07,0.01,0.0,0.0,0.0,0,70395.0
47,9,28,0,1,0,1,0.0,0.0,1.0,0.0,0.0,255,1,0.0,0.02,0.0,0.0,0.0,0.0,1,37072.0
24,5,0,0,0,0,2,0.5,0.33,1.0,0.0,0.67,2,255,1.0,0.0,0.05,0.5,0.01,0.0,0,3268.0
36,5,0,0,0,0,210,1.0,1.0,0.1,0.06,0.0,255,22,0.09,0.06,0.0,1.0,1.0,0.0,1,103717.0
24,9,338,2590,0,1,17,0.0,0.0,1.0,0.0,0.0,255,255,1.0,0.0,0.0,0.0,0.0,0.0,0,11917.0
20,9,2056,0,0,1,10,0.0,0.0,1.0,0.0,0.0,255,114,0.45,0.02,0.0,0.0,0.0,0.0,0,70399.0
38,4,0,0,0,0,1,0.0,0.0,1.0,0.0,0.0,63,1,0.02,0.29,0.0,0.1,0.0,1.0,1,117228.0
24,9,225,1290,0,1,15,0.0,0.0,1.0,0.0,0.0,185,255,1.0,0.0,0.02,0.0,0.0,0.0,0,27950.0
15,9,1480,0,1,0,1,0.0,0.0,1.0,0.0,0.67,3,13,0.33,0.67,0.54,0.0,0.0,0.0,1,20209.0
20,5,0,0,0,0,285,1.0,1.0,0.08,0.05,0.0,255,23,0.09,0.05,0.0,1.0,1.0,0.0,1,63623.0
47,5,0,0,0,0,27,1.0,1.0,0.15,0.22,0.0,255,4,0.02,0.08,0.0,1.0,1.0,0.0,1,30926.0
24,9,311,435,0,1,26,0.0,0.0,1.0,0.0,0.0,53,255,1.0,0.0,0.01,0.0,0.0,0.0,0,119949.0
24,9,182,24043,0,1,1,0.0,0.0,1.0,0.0,0.0,190,255,1.0,0.0,0.03,0.0,0.0,0.01,0,68942.0
47,5,0,0,0,0,109,1.0,1.0,0.08,0.07,0.0,255,4,0.02,0.07,0.0,1.0,1.0,0.0,1,31507.0
12,9,44,73,0,0,165,0.0,0.0,1.0,0.0,0.0,255,234,0.92,0.01,0.0,0.0,0.0,0.0,0,76123.0
6,5,0,0,0,0,125,1.0,1.0,0.14,0.06,0.0,255,17,0.07,0.06,0.0,1.0,1.0,0.0,1,71263.0
47,5,0,0,0,0,8,0.75,1.0,0.25,0.5,0.0,255,2,0.01,0.02,0.0,0.02,1.0,0.0,1,77496.0
19,9,1074,3081,0,1,1,0.0,0.0,1.0,0.0,0.0,173,37,0.21,0.04,0.0,0.0,0.0,0.03,0,18594.0
14,9,18,0,0,0,1,0.0,0.0,1.0,0.0,0.0,1,191,1.0,0.0,1.0,0.0,0.0,0.0,1,2416.0
47,5,0,0,0,0,175,1.0,1.0,0.05,0.06,0.0,255,16,0.06,0.06,0.0,1.0,1.0,0.0,1,97705.0
19,5,0,0,0,0,197,1.0,1.0,0.08,0.07,0.0,255,16,0.06,0.09,0.0,1.0,1.0,0.0,1,44115.0
24,9,266,11875,0,1,9,0.0,0.0,1.0,0.0,0.0,255,255,1.0,0.0,0.0,0.0,0.0,0.0,0,81206.0
12,9,44,78,0,0,222,0.0,0.0,1.0,0.0,0.0,255,254,1.0,0.01,0.0,0.0,0.0,0.0,0,76720.0
12,9,46,46,0,0,160,0.0,0.0,1.0,0.0,0.01,255,255,1.0,0.0,0.0,0.0,0.0,0.0,0,110740.0
18,9,8,0,0,0,1,0.0,0.0,1.0,0.0,0.0,50,8,0.06,0.06,0.25,0.0,0.0,0.0,0,80672.0
47,1,0,0,0,0,118,0.0,0.0,0.08,0.08,0.0,43,9,0.21,0.14,0.0,0.0,0.0,1.0,1,96596.0
39,1,0,0,0,0,128,0.0,0.0,0.14,0.06,0.0,255,18,0.07,0.07,0.0,0.0,0.0,1.0,1,59558.0
27,5,0,0,0,0,214,1.0,1.0,0.06,0.07,0.0,255,13,0.05,0.07,0.0,1.0,1.0,0.0,1,83227.0
47,5,0,0,0,0,123,1.0,1.0,0.1,0.06,0.0,255,5,0.02,0.08,0.0,1.0,1.0,0.0,1,125401.0
58,9,255,1901,0,1,1,0.0,0.0,1.0,0.0,0.0,79,6,0.08,0.06,0.0,0.0,0.0,0.0,0,44600.0
14,9,8,0,0,0,1,0.0,0.0,1.0,0.0,1.0,1,58,1.0,0.0,0.52,0.0,0.0,0.0,1,85529.0
24,9,193,7447,0,1,1,0.0,0.0,1.0,0.0,0.12,24,255,1.0,0.0,0.02,0.04,0.0,0.0,0,48992.0
52,9,2308,336,0,1,1,0.0,0.0,1.0,0.0,1.0,226,145,0.6,0.03,0.01,0.0,0.0,0.0,0,18911.0
47,4,1,0,0,0,2,0.0,0.0,1.0,0.0,0.0,255,2,0.01,0.65,0.0,0.0,0.0,1.0,1,102760.0
6,5,0,0,0,0,146,1.0,1.0,0.11,0.06,0.0,255,12,0.05,0.06,0.0,1.0,1.0,0.0,1,14063.0
14,9,8,0,0,0,1,0.0,0.0,1.0,0.0,1.0,2,82,1.0,0.0,0.5,0.0,0.0,0.0,1,115891.0
24,9,254,2467,0,1,2,0.0,0.0,1.0,0.0,0.0,255,252,0.99,0.01,0.0,0.0,0.0,0.0,0,26130.0
16,1,0,0,0,0,124,0.0,0.0,0.06,0.06,0.0,255,7,0.03,0.07,0.0,0.0,0.0,1.0,1,51952.0
18,5,0,0,0,0,71,1.0,1.0,0.27,0.06,0.0,233,61,0.25,0.02,0.03,0.99,0.97,0.0,1,57473.0
47,5,0,0,0,0,104,1.0,1.0,0.04,0.06,0.0,255,6,0.02,0.06,0.0,1.0,1.0,0.0,1,81259.0
24,5,0,0,0,0,2,0.5,0.4,1.0,0.0,0.6,121,171,1.0,0.0,0.02,0.01,0.01,0.01,0,20521.0
47,5,0,0,0,0,265,1.0,1.0,0.04,0.06,0.0,255,26,0.1,0.06,0.0,1.0,1.0,0.0,1,27732.0
24,9,194,4768,0,1,12,0.0,0.0,1.0,0.0,0.17,104,255,1.0,0.0,0.01,0.0,0.0,0.01,0,107757.0
47,5,0,0,0,0,246,1.0,1.0,0.08,0.05,0.0,50,20,0.4,0.1,0.0,0.96,1.0,0.0,1,52901.0
20,9,12,0,0,1,1,0.0,0.0,1.0,0.0,1.0,152,87,0.35,0.03,0.02,0.01,0.0,0.0,0,40926.0
12,9,45,114,0,0,1,0.0,0.0,1.0,0.0,1.0,255,233,0.91,0.01,0.0,0.0,0.0,0.0,0,125291.0
24,9,296,5565,0,1,8,0.0,0.0,1.0,0.0,0.22,63,255,1.0,0.0,0.03,0.0,0.0,0.0,0,53821.0
12,9,46,142,0,0,83,0.0,0.0,0.99,0.02,0.01,255,247,0.97,0.01,0.0,0.0,0.0,0.0,0,97583.0
24,9,236,398,0,1,2,0.5,0.5,1.0,0.0,0.0,1,255,1.0,0.0,0.04,0.0,0.0,0.0,0,118479.0
24,9,219,14183,0,1,1,0.0,0.0,1.0,0.0,0.6,255,255,1.0,0.0,0.0,0.0,0.0,0.0,0,11520.0
53,5,0,0,0,0,268,1.0,1.0,0.01,0.06,0.0,255,4,0.02,0.08,0.0,1.0,1.0,0.0,1,47752.0
52,9,885,339,0,1,1,0.0,0.0,1.0,0.0,1.0,15,103,1.0,0.0,0.02,0.0,0.0,0.03,0,111701.0
42,9,147,105,0,0,1,0.0,0.0,1.0,0.0,0.0,255,3,0.01,0.64,0.0,0.0,0.0,0.0,0,89256.0
24,9,339,1742,0,1,12,0.0,0.0,1.0,0.0,0.27,51,255,1.0,0.0,0.04,0.0,0.0,0.0,0,47518.0
24,9,186,8658,0,1,5,0.0,0.0,1.0,0.0,0.0,19,255,1.0,0.0,0.04,0.0,0.0,0.0,0,15527.0
24,9,198,27305,0,1,1,0.0,0.0,1.0,0.0,0.21,9,255,1.0,0.0,0.06,0.0,0.0,0.48,0,60278.0
58,5,0,0,0,0,269,1.0,1.0,0.07,0.06,0.0,255,2,0.01,0.07,0.0,1.0,1.0,0.0,1,116074.0
47,9,28,0,3,0,39,0.0,0.0,1.0,0.0,0.0,255,39,0.15,0.01,0.0,0.0,0.0,0.0,1,111481.0
47,5,0,0,0,0,52,1.0,1.0,0.04,0.08,0.0,255,2,0.01,0.07,0.0,1.0,1.0,0.0,1,33973.0
19,9,1191,3373,0,1,2,0.0,0.0,0.5,1.0,0.0,255,36,0.14,0.08,0.0,0.02,0.0,0.0,0,3350.0
18,5,0,0,0,0,6,1.0,1.0,0.5,0.5,0.0,246,64,0.26,0.02,0.03,1.0,0.98,0.0,1,88096.0
12,9,46,83,0,0,198,0.0,0.0,1.0,0.0,0.0,255,255,1.0,0.0,0.0,0.0,0.0,0.0,0,106170.0
12,9,46,46,0,0,16,0.0,0.0,1.0,0.0,0.08,218,214,0.98,0.01,0.0,0.0,0.0,0.0,0,7536.0
24,9,54540,8314,0,1,4,0.0,0.0,1.0,0.0,0.5,155,155,1.0,0.0,0.0,0.0,0.0,0.06,1,35433.0
47,5,0,0,0,0,266,1.0,1.0,0.05,0.06,0.0,255,16,0.06,0.07,0.0,1.0,1.0,0.0,1,56299.0
47,5,0,0,0,0,107,1.0,1.0,0.14,0.06,0.0,255,16,0.06,0.05,0.0,1.0,1.0,0.0,1,108591.0
20,9,501760,0,0,1,2,0.0,0.0,1.0,0.0,0.5,80,80,0.26,0.04,0.03,0.0,0.0,0.0,0,96692.0
58,9,244,1261,0,1,1,0.0,0.0,1.0,0.0,0.0,255,42,0.16,0.05,0.0,0.46,0.19,0.12,0,112951.0
12,9,45,133,0,0,66,0.0,0.0,1.0,0.0,0.01,255,254,1.0,0.01,0.0,0.0,0.0,0.0,0,55918.0
47,5,0,0,0,0,122,1.0,1.0,0.03,0.07,0.0,255,14,0.05,0.06,0.0,1.0,1.0,0.0,1,8902.0
52,9,781,337,0,1,1,0.0,0.0,1.0,0.0,0.0,60,148,0.8,0.05,0.01,0.0,0.0,0.0,0,33010.0
52,5,0,0,0,0,20,1.0,1.0,1.0,0.0,0.0,82,140,0.49,0.02,0.01,0.98,0.29,0.0,1,16098.0
24,9,230,13542,0,1,4,0.0,0.0,1.0,0.0,0.0,4,255,1.0,0.0,0.01,0.0,0.0,0.0,0,103767.0
47,4,1,0,0,0,2,0.0,0.0,1.0,0.0,0.0,255,2,0.01,0.71,0.0,0.0,0.0,1.0,1,92366.0
15,9,30,0,0,0,2,0.0,0.0,1.0,0.0,0.0,156,156,1.0,0.0,0.0,0.0,0.0,0.0,0,2589.0
47,5,0,0,0,0,147,1.0,1.0,0.12,0.05,0.0,255,18,0.07,0.06,0.0,1.0,1.0,0.0,1,97839.0
10,2,0,0,0,0,267,0.0,0.0,0.04,0.06,0.0,255,11,0.04,0.07,0.0,0.0,0.0,1.0,1,121929.0
24,9,305,263,0,1,25,0.0,0.0,1.0,0.0,0.0,30,255,1.0,0.0,0.03,0.0,0.0,0.0,0,103777.0
24,9,307,397,0,1,2,0.0,0.0,1.0,0.0,0.0,255,255,1.0,0.0,0.0,0.0,0.0,0.0,0,11829.0
24,9,287,1582,0,1,5,0.2,0.2,1.0,0.0,0.0,255,255,1.0,0.0,0.0,0.01,0.01,0.0,0,65334.0
47,5,0,0,0,0,219,1.0,1.0,0.05,0.07,0.0,255,12,0.05,0.06,0.0,1.0,1.0,0.0,1,36544.0
24,9,258,620,0,1,9,0.0,0.0,1.0,0.0,0.18,250,255,1.0,0.0,0.01,0.0,0.0,0.0,0,87177.0
24,9,311,5348,0,1,25,0.0,0.0,1.0,0.0,0.06,53,255,1.0,0.0,0.04,0.02,0.0,0.0,0,9749.0
24,9,267,1619,0,1,1,0.0,0.0,1.0,0.0,1.0,255,246,0.96,0.01,0.0,0.0,0.0,0.02,0,101535.0
37,5,0,0,0,0,13,1.0,1.0,0.31,0.46,0.0,255,4,0.02,0.09,0.0,1.0,1.0,0.0,1,22250.0
24,9,334,5539,0,1,1,0.0,0.0,1.0,0.0,0.0,53,255,1.0,0.0,0.05,0.0,0.0,0.0,0,43810.0
24,5,0,0,0,0,17,1.0,1.0,0.41,0.24,0.0,255,65,0.25,0.02,0.0,1.0,1.0,0.0,1,78918.0
47,1,0,0,0,0,298,0.0,0.0,0.04,0.06,0.0,255,13,0.05,0.07,0.0,0.0,0.0,1.0,1,63252.0
47,5,0,0,0,0,153,1.0,1.0,0.03,0.07,0.0,255,4,0.02,0.08,0.0,1.0,1.0,0.0,1,18932.0
24,9,239,2943,0,1,13,0.0,0.0,1.0,0.0,0.14,246,255,1.0,0.0,0.02,0.0,0.0,0.0,0,58190.0
66,1,0,0,0,0,245,0.0,0.0,0.02,0.07,0.0,255,5,0.02,0.09,0.0,0.0,0.0,1.0,1,73165.0
47,5,0,0,0,0,251,1.0,1.0,0.03,0.06,0.0,255,8,0.03,0.08,0.0,1.0,1.0,0.0,1,46044.0
24,9,229,1377,0,1,6,0.0,0.0,1.0,0.0,0.11,30,255,1.0,0.0,0.05,0.0,0.0,0.0,0,87976.0
24,1,0,0,0,0,202,0.0,0.0,0.01,0.06,0.0,255,2,0.01,0.08,0.0,0.0,0.0,1.0,1,36510.0
47,5,0,0,0,0,262,1.0,1.0,0.04,0.06,0.0,255,12,0.05,0.07,0.0,1.0,1.0,0.0,1,122218.0
42,9,145,105,0,0,5,0.0,0.0,0.4,0.6,0.0,255,2,0.01,0.39,0.0,0.0,0.0,0.0,0,62185.0
20,9,1339,0,0,0,2,0.0,0.0,1.0,0.0,0.0,133,50,0.09,0.03,0.04,0.0,0.0,0.0,0,22129.0
24,9,214,367,0,1,19,0.0,0.0,1.0,0.0,0.0,19,255,1.0,0.0,0.04,0.0,0.0,0.0,0,63821.0
2,5,0,0,0,0,211,1.0,1.0,0.03,0.06,0.0,255,6,0.02,0.06,0.0,1.0,1.0,0.0,1,568.0
63,5,0,0,0,0,127,1.0,1.0,0.09,0.06,0.0,255,16,0.06,0.07,0.0,1.0,1.0,0.0,1,63365.0
47,5,0,0,0,0,34,1.0,1.0,0.29,0.15,0.0,255,10,0.04,0.09,0.0,1.0,1.0,0.0,1,79532.0
14,9,8,0,0,0,1,0.0,0.0,1.0,0.0,1.0,1,87,1.0,0.0,0.51,0.0,0.0,0.0,1,97746.0
47,5,0,0,0,0,124,1.0,1.0,0.18,0.06,0.0,255,22,0.09,0.05,0.0,1.0,1.0,0.0,1,10704.0
52,9,1699,332,0,1,2,0.0,0.0,0.5,1.0,1.0,111,183,0.72,0.05,0.01,0.0,0.0,0.0,0,96116.0
24,9,321,882,0,1,20,0.0,0.0,1.0,0.0,0.0,223,255,1.0,0.0,0.01,0.0,0.0,0.0,0,75362.0
24,9,223,447,0,1,8,0.0,0.0,1.0,0.0,0.3,255,255,1.0,0.0,0.0,0.0,0.0,0.0,0,58266.0
20,5,0,0,0,0,26,1.0,1.0,0.27,0.15,0.0,255,38,0.15,0.05,0.0,1.0,1.0,0.0,1,123733.0
47,5,0,0,0,0,179,1.0,1.0,0.14,0.05,0.0,255,25,0.1,0.05,0.0,1.0,1.0,0.0,1,1065.0
64,5,0,0,0,0,268,1.0,1.0,0.07,0.06,0.0,255,1,0.0,0.07,0.0,1.0,1.0,0.0,1,56617.0
24,9,248,1133,0,1,16,0.0,0.0,1.0,0.0,0.12,41,255,1.0,0.0,0.04,0.0,0.0,0.0,0,111402.0
24,9,287,1699,0,1,2,0.0,0.0,1.0,0.0,0.0,2,182,1.0,0.0,0.09,0.0,0.0,0.0,0,53490.0
27,5,0,0,0,0,280,1.0,1.0,0.05,0.05,0.0,255,14,0.05,0.07,0.0,1.0,1.0,0.0,1,39674.0
42,9,146,0,0,0,3,0.0,0.0,0.33,0.67,0.0,255,1,0.0,0.62,0.0,0.0,0.0,0.0,0,2067.0
14,9,8,0,0,0,1,0.0,0.0,1.0,0.0,1.0,2,90,1.0,0.0,0.5,0.0,0.0,0.0,1,64750.0
24,9,236,259,0,1,15,0.0,0.0,1.0,0.0,0.0,89,255,1.0,0.0,0.05,0.0,0.0,0.0,0,51646.0
20,9,2194619,0,0,1,2,0.0,0.0,1.0,0.0,0.0,124,46,0.37,0.05,0.0,0.0,0.0,0.0,0,121067.0
62,9,181,0,0,0,3,0.0,0.0,1.0,0.0,0.5,255,61,0.24,0.01,0.0,0.0,0.0,0.0,0,105481.0
24,9,214,1233,0,1,2,0.0,0.0,1.0,0.0,0.0,2,151,1.0,0.0,0.02,0.0,0.0,0.0,0,15301.0
24,1,0,0,0,0,1,0.0,0.0,1.0,0.0,0.0,11,150,1.0,0.0,0.25,0.0,0.0,0.99,0,93476.0
56,5,0,0,0,0,274,1.0,1.0,0.02,0.06,0.0,255,2,0.01,0.06,0.0,1.0,1.0,0.0,1,20509.0
14,9,8,0,0,0,1,0.0,0.0,1.0,0.0,1.0,1,241,1.0,0.0,0.25,0.0,0.0,0.0,1,100423.0
12,9,43,43,0,0,82,0.0,0.0,1.0,0.0,0.01,255,254,1.0,0.01,0.0,0.0,0.0,0.0,0,80327.0
24,9,320,2280,0,1,23,0.0,0.0,1.0,0.0,0.0,255,255,1.0,0.0,0.0,0.01,0.01,0.0,0,3566.0
58,2,0,0,0,0,285,0.0,0.0,0.07,0.06,0.0,255,19,0.07,0.07,0.0,0.0,0.0,1.0,1,53324.0
24,9,221,1421,0,1,15,0.0,0.0,1.0,0.0,0.0,96,255,1.0,0.0,0.01,0.0,0.0,0.0,0,76717.0
20,9,2099,0,0,0,1,0.0,0.0,1.0,0.0,0.0,72,8,0.11,0.07,0.0,0.0,0.0,0.0,0,32305.0
24,1,0,0,0,0,1,0.0,0.0,1.0,0.0,0.0,1,70,1.0,0.0,0.24,0.0,0.0,1.0,0,81340.0
47,5,0,0,0,0,138,1.0,1.0,0.14,0.06,0.0,255,15,0.06,0.07,0.0,1.0,1.0,0.0,1,49369.0
27,5,0,0,0,0,253,1.0,1.0,0.04,0.06,0.0,255,10,0.04,0.07,0.0,1.0,1.0,0.0,1,36523.0
47,1,0,0,0,0,238,0.0,0.0,0.05,0.07,0.0,255,11,0.04,0.07,0.0,0.0,0.0,1.0,1,36799.0
24,9,332,280,0,1,2,0.0,0.0,1.0,0.0,0.0,17,255,1.0,0.0,0.01,0.0,0.0,0.0,0,71142.0
12,9,44,84,0,0,163,0.0,0.0,1.0,0.0,0.0,255,254,1.0,0.01,0.0,0.0,0.0,0.0,0,54302.0
6,5,0,0,0,0,115,1.0,1.0,0.15,0.08,0.0,255,17,0.07,0.07,0.0,1.0,1.0,0.0,1,92328.0
24,9,250,354,0,1,4,0.0,0.0,1.0,0.0,0.18,213,255,1.0,0.0,0.01,0.0,0.0,0.0,0,17428.0
39,5,0,0,0,0,108,1.0,1.0,0.03,0.06,0.0,255,3,0.01,0.06,0.0,1.0,1.0,0.0,1,98193.0
13,2,0,0,0,0,119,0.0,0.0,0.14,0.06,0.0,255,17,0.07,0.06,0.0,0.0,0.0,1.0,1,29276.0
47,5,0,0,0,0,270,1.0,1.0,0.06,0.06,0.0,255,16,0.06,0.08,0.0,1.0,1.0,0.0,1,70233.0
12,9,37,53,0,0,1,0.0,0.0,1.0,0.0,1.0,79,74,0.94,0.03,0.0,0.0,0.0,0.0,0,94021.0
24,9,265,1998,0,1,1,0.0,0.0,1.0,0.0,0.75,255,255,1.0,0.0,0.0,0.0,0.0,0.0,0,43004.0
2,5,0,0,0,0,231,1.0,1.0,0.0,0.07,0.0,255,1,0.0,0.07,0.0,1.0,1.0,0.0,1,57891.0
17,5,0,0,0,0,145,1.0,1.0,0.06,0.06,0.0,255,2,0.01,0.07,0.0,1.0,1.0,0.0,1,52645.0
24,9,226,5381,0,1,4,0.0,0.0,1.0,0.0,0.0,207,255,1.0,0.0,0.01,0.0,0.0,0.0,0,117624.0
24,9,304,787,0,1,2,0.0,0.0,1.0,0.0,0.33,2,255,1.0,0.0,0.04,0.0,0.0,0.0,0,51418.0
24,9,344,1751,0,1,7,0.0,0.0,1.0,0.0,0.0,255,255,1.0,0.0,0.0,0.0,0.0,0.0,0,57036.0
24,9,324,3326,0,1,32,0.0,0.0,1.0,0.0,0.0,255,255,1.0,0.0,0.0,0.0,0.0,0.0,0,20885.0
47,1,0,0,0,0,398,0.06,0.0,0.0,1.0,0.0,255,1,0.0,1.0,0.0,0.09,0.0,1.0,1,85979.0
15,9,1032,0,0,0,511,0.0,0.0,1.0,0.0,0.0,255,47,0.18,0.21,0.0,0.0,0.0,0.0,1,84036.0
42,1,0,0,0,0,509,0.23,0.0,0.0,1.0,0.0,255,1,0.0,1.0,0.0,0.23,0.0,1.0,1,97483.0
2,5,0,0,0,0,21,1.0,1.0,0.24,0.24,0.0,255,11,0.04,0.08,0.0,1.0,1.0,0.0,1,69237.0
24,9,314,1010,0,1,32,0.0,0.0,1.0,0.0,0.05,32,255,1.0,0.0,0.05,0.0,0.0,0.0,0,85522.0
24,9,355,2005,0,1,4,0.0,0.0,1.0,0.0,0.0,255,255,1.0,0.0,0.0,0.0,0.0,0.0,0,115970.0
42,4,1,0,0,0,2,0.0,0.0,1.0,0.0,0.0,255,2,0.01,0.73,0.0,0.0,0.0,1.0,1,45504.0
24,9,231,180,0,1,37,0.0,0.0,1.0,0.0,0.0,198,255,1.0,0.0,0.02,0.0,0.0,0.0,0,61500.0
24,9,180,19488,0,1,7,0.0,0.0,1.0,0.0,0.25,255,255,1.0,0.0,0.0,0.0,0.0,0.0,0,45892.0
24,9,182,1422,0,1,2,0.0,0.0,1.0,0.0,0.0,11,255,1.0,0.0,0.05,0.0,0.0,0.0,0,10755.0
47,9,28,0,3,0,93,0.0,0.0,1.0,0.0,0.0,255,93,0.36,0.04,0.0,0.02,0.0,0.0,1,69285.0
52,9,1584,326,0,1,1,0.0,0.0,1.0,0.0,1.0,4,4,1.0,0.0,0.0,0.0,0.0,0.0,0,4771.0
47,5,0,0,0,0,200,1.0,1.0,0.01,0.06,0.0,255,15,0.06,0.07,0.0,1.0,1.0,0.0,1,63375.0
20,9,5319,0,0,1,7,0.0,0.0,1.0,0.0,0.0,156,92,0.47,0.04,0.02,0.0,0.0,0.0,0,16233.0
25,5,0,0,0,0,136,1.0,1.0,0.02,0.06,0.0,255,3,0.01,0.06,0.0,1.0,1.0,0.0,1,110718.0
24,9,320,546,0,1,15,0.0,0.0,1.0,0.0,0.16,255,255,1.0,0.0,0.0,0.0,0.0,0.0,0,75608.0
30,5,0,0,0,0,236,1.0,1.0,0.03,0.06,0.0,255,7,0.03,0.06,0.0,1.0,1.0,0.0,1,11617.0
24,9,248,255,0,1,35,0.0,0.0,1.0,0.0,0.0,255,255,1.0,0.0,0.0,0.0,0.0,0.0,0,92023.0
12,9,44,92,0,0,138,0.0,0.0,1.0,0.0,0.0,255,254,1.0,0.01,0.0,0.0,0.0,0.0,0,41308.0
23,5,0,0,0,0,270,1.0,1.0,0.01,0.06,0.0,255,19,0.07,0.08,0.0,1.0,1.0,0.0,1,120916.0
24,9,335,2140,0,1,4,0.0,0.0,1.0,0.0,0.0,255,255,1.0,0.0,0.0,0.0,0.0,0.0,0,88050.0
47,5,0,0,0,0,197,1.0,1.0,0.04,0.06,0.0,255,7,0.03,0.07,0.0,1.0,1.0,0.0,1,94860.0
47,9,1,0,0,0,37,0.0,0.0,0.49,0.14,0.0,255,18,0.07,0.27,0.0,0.0,0.0,0.0,1,122794.0
24,9,261,291,0,1,1,0.0,0.0,1.0,0.0,0.5,27,255,1.0,0.0,0.02,0.0,0.0,0.0,0,94311.0
24,9,220,5838,0,1,4,0.0,0.0,1.0,0.0,0.4,37,255,1.0,0.0,0.04,0.0,0.0,0.0,0,38046.0
24,9,312,1380,0,1,2,0.0,0.0,1.0,0.0,0.0,255,228,0.89,0.01,0.0,0.0,0.0,0.0,0,107808.0
20,6,13140,0,0,1,3,0.33,0.33,1.0,0.0,0.0,175,42,0.05,0.02,0.05,0.01,0.05,0.0,0,33675.0
39,1,0,0,0,0,140,0.0,0.0,0.14,0.06,0.0,255,20,0.08,0.06,0.0,0.0,0.0,1.0,1,30504.0
4,5,0,0,0,0,202,1.0,1.0,0.03,0.05,0.0,255,6,0.02,0.05,0.0,1.0,1.0,0.0,1,40422.0
11,5,0,0,0,0,223,1.0,1.0,0.02,0.07,0.0,255,14,0.05,0.07,0.0,1.0,1.0,0.0,1,22374.0
24,9,295,1810,0,1,15,0.0,0.0,1.0,0.0,0.15,255,255,1.0,0.0,0.0,0.0,0.0,0.0,0,72217.0
47,1,0,0,0,0,115,0.0,0.0,0.11,0.06,0.0,16,7,0.44,0.12,0.0,0.0,0.0,1.0,1,85192.0
10,5,0,0,0,0,257,1.0,1.0,0.04,0.06,0.0,255,6,0.02,0.05,0.0,1.0,1.0,0.0,1,15911.0
24,9,303,2698,0,1,7,0.0,0.0,1.0,0.0,0.0,255,254,1.0,0.01,0.0,0.0,0.0,0.0,0,33324.0
6,5,0,0,0,0,100,1.0,1.0,0.03,0.06,0.0,255,10,0.04,0.05,0.0,1.0,1.0,0.0,1,26526.0
24,9,334,13380,0,1,1,0.0,0.0,1.0,0.0,0.0,82,255,1.0,0.0,0.01,0.0,0.0,0.01,0,46128.0
12,9,41,128,0,0,80,0.0,0.0,0.99,0.03,0.01,255,242,0.95,0.01,0.0,0.0,0.0,0.0,0,50855.0
20,9,12324,0,0,1,1,0.0,0.0,1.0,0.0,0.0,5,124,1.0,0.0,0.02,0.0,0.0,0.0,0,106814.0
24,9,222,1494,0,1,10,0.0,0.0,1.0,0.0,0.0,255,255,1.0,0.0,0.0,0.0,0.0,0.0,0,68689.0
58,9,141,973,0,1,1,0.0,0.0,1.0,0.0,0.0,93,19,0.2,0.04,0.0,0.0,0.0,0.11,0,114336.0
24,9,239,35215,0,1,1,0.0,0.0,1.0,0.0,0.67,255,255,1.0,0.0,0.0,0.0,0.0,0.0,0,25542.0
15,9,30,0,0,0,2,0.0,0.0,1.0,0.0,0.0,174,174,1.0,0.0,0.0,0.0,0.0,0.0,0,83025.0
47,5,0,0,0,0,118,1.0,1.0,0.11,0.06,0.0,255,16,0.06,0.07,0.0,1.0,1.0,0.0,1,89829.0
42,1,0,0,0,0,511,0.18,0.0,0.0,1.0,0.0,255,1,0.0,1.0,0.0,0.08,0.0,1.0,1,62771.0
32,5,0,0,0,0,103,1.0,1.0,0.03,0.07,0.0,255,3,0.01,0.07,0.0,1.0,1.0,0.0,1,221.0
52,9,1249,331,0,1,1,0.0,0.0,1.0,0.0,1.0,255,10,0.04,0.76,0.0,0.0,0.0,0.0,0,72683.0
12,9,46,135,0,0,81,0.0,0.0,1.0,0.0,0.01,255,243,0.95,0.01,0.0,0.0,0.0,0.0,0,103648.0
47,5,0,0,0,0,80,1.0,1.0,0.3,0.05,0.0,255,24,0.09,0.05,0.0,1.0,1.0,0.0,1,61632.0
20,9,59,0,0,1,4,0.0,0.0,1.0,0.0,0.0,3,70,1.0,0.0,0.04,0.0,0.0,0.0,0,106173.0
30,5,0,0,0,0,247,1.0,1.0,0.08,0.05,0.0,255,19,0.07,0.06,0.0,1.0,1.0,0.0,1,16887.0
12,9,45,111,0,0,96,0.0,0.0,0.99,0.02,0.01,255,254,1.0,0.01,0.0,0.0,0.0,0.0,0,91541.0
47,5,0,0,0,0,233,1.0,1.0,0.04,0.06,0.0,255,10,0.04,0.08,0.0,1.0,1.0,0.0,1,40614.0
47,1,0,0,0,0,114,0.0,0.0,0.02,0.08,0.0,255,2,0.01,0.07,0.0,0.0,0.0,1.0,1,112699.0
52,9,1439,333,0,1,1,0.0,0.0,1.0,0.0,0.0,13,8,0.62,0.23,0.0,0.0,0.0,0.0,0,107695.0
20,5,0,0,0,0,214,1.0,1.0,0.09,0.06,0.0,255,19,0.07,0.06,0.0,1.0,1.0,0.0,1,78109.0
24,9,203,1078,0,1,11,0.0,0.0,1.0,0.0,0.0,26,255,1.0,0.0,0.04,0.0,0.0,0.0,0,11018.0
52,9,2320,329,0,1,1,0.0,0.0,1.0,0.0,1.0,15,15,1.0,0.0,0.0,0.0,0.0,0.0,0,53930.0
24,9,220,1135,0,1,1,0.0,0.0,1.0,0.0,1.0,51,255,1.0,0.0,0.05,0.0,0.0,0.0,0,107828.0
24,9,224,646,0,1,9,0.0,0.0,1.0,0.0,0.0,41,255,1.0,0.0,0.05,0.0,0.0,0.0,0,54034.0
24,9,225,2762,0,1,10,0.0,0.0,1.0,0.0,0.0,52,255,1.0,0.0,0.03,0.0,0.0,0.0,0,125221.0
24,9,235,1075,0,1,4,0.0,0.0,1.0,0.0,0.0,255,252,0.99,0.01,0.0,0.0,0.0,0.0,0,107680.0
24,5,0,0,0,0,41,0.98,1.0,0.27,0.12,0.0,255,43,0.17,0.04,0.0,1.0,1.0,0.0,1,9139.0
4,1,0,0,0,0,137,0.0,0.0,0.12,0.07,0.0,255,17,0.07,0.06,0.0,0.0,0.0,1.0,1,29238.0
47,4,0,0,0,0,1,0.0,0.0,1.0,0.0,0.0,255,1,0.0,1.0,0.0,0.0,0.0,1.0,1,109616.0
47,5,0,0,0,0,255,1.0,1.0,0.07,0.05,0.0,255,18,0.07,0.07,0.0,1.0,1.0,0.0,1,76279.0
24,9,329,248,0,1,3,0.0,0.0,1.0,0.0,0.33,47,254,1.0,0.0,0.02,0.0,0.0,0.0,0,108312.0
58,5,0,0,0,0,282,1.0,1.0,0.07,0.06,0.0,255,19,0.07,0.08,0.0,1.0,1.0,0.0,1,6771.0
47,1,0,0,0,0,100,0.0,0.0,0.01,0.07,0.0,125,1,0.01,0.07,0.0,0.0,0.0,1.0,1,27695.0
24,5,0,0,0,0,34,0.97,0.92,0.32,0.15,0.17,255,31,0.12,0.05,0.0,1.0,1.0,0.0,1,18252.0
24,9,199,2067,0,1,6,0.0,0.0,1.0,0.0,0.0,255,255,1.0,0.0,0.0,0.0,0.0,0.0,0,34421.0
42,9,147,105,0,0,1,0.0,0.0,1.0,0.0,0.0,255,2,0.01,0.37,0.0,0.0,0.0,0.0,0,43255.0
24,9,261,1908,0,1,10,0.0,0.0,1.0,0.0,0.1,255,255,1.0,0.0,0.0,0.0,0.0,0.0,0,45859.0
14,9,8,0,0,0,1,0.0,0.0,1.0,0.0,1.0,1,197,1.0,0.0,0.5,0.0,0.0,0.0,1,110510.0
24,5,0,0,0,0,25,1.0,1.0,0.52,0.08,0.0,255,61,0.24,0.04,0.0,1.0,1.0,0.0,1,109883.0
24,9,232,1485,0,1,1,0.0,0.0,1.0,0.0,0.0,1,255,1.0,0.0,0.05,0.0,0.0,0.0,0,74237.0
12,9,43,128,0,0,37,0.0,0.0,1.0,0.0,0.01,95,200,0.84,0.02,0.01,0.0,0.0,0.0,0,55146.0
6,5,0,0,0,0,114,1.0,1.0,0.11,0.06,0.0,255,13,0.05,0.05,0.0,1.0,1.0,0.0,1,33679.0
24,9,231,15618,0,1,7,0.0,0.0,1.0,0.0,0.17,255,255,1.0,0.0,0.0,0.0,0.0,0.0,0,15007.0
24,9,254,453,0,1,15,0.0,0.0,1.0,0.0,0.0,184,255,1.0,0.0,0.01,0.0,0.0,0.0,0,63648.0
24,9,358,11839,0,1,1,0.0,0.0,1.0,0.0,0.12,7,255,1.0,0.0,0.04,0.0,0.0,0.0,0,90616.0
56,5,0,0,0,0,54,1.0,1.0,0.19,0.11,0.0,255,11,0.04,0.08,0.0,1.0,1.0,0.0,1,76206.0
24,9,323,2551,0,1,3,0.0,0.0,1.0,0.0,0.0,60,255,1.0,0.0,0.01,0.0,0.0,0.0,0,85937.0
0,9,86,128,0,1,2,0.0,0.0,1.0,0.0,0.0,4,3,0.75,0.5,0.0,0.25,0.33,0.0,0,87951.0
15,9,1032,0,0,0,149,0.0,0.0,1.0,0.0,0.0,255,164,0.64,0.03,0.0,0.0,0.0,0.0,1,100079.0
52,9,1186,337,0,1,1,0.0,0.0,1.0,0.0,0.0,255,100,0.39,0.07,0.0,0.01,0.0,0.0,0,74332.0
24,5,0,0,0,0,55,1.0,1.0,0.33,0.05,0.0,255,64,0.25,0.02,0.0,1.0,1.0,0.0,1,120415.0
47,5,0,0,0,0,225,1.0,1.0,0.04,0.06,0.0,255,1,0.0,0.07,0.0,1.0,1.0,0.0,1,60998.0
24,9,361,777,0,1,18,0.0,0.0,1.0,0.0,0.11,255,255,1.0,0.0,0.0,0.0,0.0,0.01,0,16330.0
24,5,0,0,0,0,294,1.0,1.0,0.09,0.05,0.0,255,25,0.1,0.05,0.0,1.0,1.0,0.0,1,68058.0
6,5,0,0,0,0,106,1.0,1.0,0.02,0.07,0.0,255,2,0.01,0.06,0.0,1.0,1.0,0.0,1,98446.0
20,9,501760,0,0,0,2,0.0,0.0,1.0,0.0,0.0,235,11,0.04,0.01,0.18,0.85,0.0,0.0,0,98401.0
24,9,201,1812,0,1,8,0.0,0.0,1.0,0.0,0.18,62,255,1.0,0.0,0.04,0.0,0.0,0.0,0,91273.0
52,9,1996,335,0,1,1,0.0,0.0,1.0,0.0,0.0,146,205,0.72,0.12,0.01,0.01,0.0,0.0,0,34568.0
36,5,0,0,0,0,86,1.0,1.0,0.07,0.06,0.0,255,3,0.01,0.07,0.0,1.0,1.0,0.0,1,118763.0
20,9,3690,0,0,0,16,0.0,0.0,1.0,0.0,0.0,244,120,0.49,0.02,0.0,0.0,0.0,0.0,0,15579.0
24,9,325,737,0,1,1,0.0,0.0,1.0,0.0,0.29,10,255,1.0,0.0,0.02,0.0,0.0,0.0,0,77160.0
24,9,188,13450,0,1,1,0.0,0.0,1.0,0.0,0.0,40,255,1.0,0.0,0.02,0.0,0.0,0.0,0,1058.0
47,5,0,0,0,0,99,1.0,1.0,0.03,0.1,0.0,255,3,0.01,0.08,0.0,1.0,1.0,0.0,1,52507.0
5,5,0,0,0,0,201,1.0,1.0,0.04,0.06,0.0,255,13,0.05,0.09,0.0,1.0,1.0,0.0,1,51963.0
24,9,211,1138,0,1,2,0.0,0.0,1.0,0.0,0.0,2,255,1.0,0.0,0.03,0.0,0.0,0.0,0,79732.0
18,9,8,0,0,0,1,0.0,0.0,1.0,0.0,0.0,53,3,0.02,0.06,0.67,0.0,0.0,0.0,0,54280.0
14,9,8,0,0,0,1,0.0,0.0,1.0,0.0,1.0,1,87,1.0,0.0,0.51,0.0,0.0,0.0,1,33823.0
20,9,748,0,0,0,1,0.0,0.0,1.0,0.0,0.0,35,25,0.2,0.09,0.08,0.0,0.0,0.0,0,73097.0
42,9,1,0,0,0,19,0.0,0.0,0.05,0.32,0.0,255,1,0.0,0.27,0.0,0.0,0.0,0.0,1,44157.0
47,5,0,0,0,0,123,1.0,1.0,0.15,0.07,0.0,26,18,0.69,0.15,0.0,1.0,1.0,0.0,1,68593.0
24,9,244,1719,0,1,8,0.0,0.0,1.0,0.0,0.0,125,255,1.0,0.0,0.03,0.0,0.0,0.0,0,16110.0
58,6,5386,391074,0,1,1,1.0,1.0,1.0,0.0,0.0,255,2,0.01,0.07,0.0,0.93,0.5,0.0,0,23207.0
52,9,5543,324,0,1,1,0.0,0.0,1.0,0.0,1.0,29,16,0.55,0.1,0.0,0.0,0.0,0.0,0,79670.0
16,5,0,0,0,0,141,1.0,1.0,0.01,0.06,0.0,255,2,0.01,0.06,0.0,1.0,1.0,0.0,1,65245.0
13,5,0,0,0,0,264,1.0,1.0,0.07,0.05,0.0,255,18,0.07,0.05,0.0,1.0,1.0,0.0,1,98689.0
24,9,229,1003,0,1,32,0.0,0.0,1.0,0.0,0.04,110,255,1.0,0.0,0.02,0.0,0.0,0.0,0,24037.0
20,9,1153,0,0,1,2,0.0,0.0,1.0,0.0,0.0,83,12,0.14,0.86,0.0,0.0,0.0,0.08,0,104203.0
42,9,147,105,0,0,1,0.0,0.0,1.0,0.0,0.0,255,1,0.0,0.65,0.0,0.0,0.0,0.0,0,3491.0
47,5,0,0,0,0,292,1.0,1.0,0.05,0.05,0.0,255,4,0.02,0.08,0.0,1.0,1.0,0.0,1,76385.0
44,5,0,0,0,0,201,1.0,1.0,0.0,0.06,0.0,255,1,0.0,0.07,0.0,1.0,1.0,0.0,1,79185.0
24,9,224,616,0,1,18,0.0,0.0,1.0,0.0,0.11,255,255,1.0,0.0,0.0,0.0,0.0,0.0,0,84701.0
12,9,45,137,0,0,213,0.0,0.0,1.0,0.0,0.01,255,253,0.99,0.01,0.0,0.0,0.0,0.0,0,67947.0
24,1,0,0,0,0,12,0.0,0.0,1.0,0.0,0.0,43,129,1.0,0.0,0.15,0.0,0.01,0.87,0,11127.0
6,5,0,0,0,0,149,1.0,1.0,0.13,0.06,0.0,255,19,0.07,0.07,0.0,1.0,1.0,0.0,1,56591.0
24,9,178,2742,0,1,3,0.0,0.0,1.0,0.0,0.0,255,244,0.96,0.02,0.0,0.0,0.0,0.0,0,48131.0
24,9,322,2716,0,1,21,0.0,0.0,1.0,0.0,0.05,255,255,1.0,0.0,0.0,0.0,0.0,0.0,0,29651.0
12,9,44,132,0,0,69,0.0,0.0,1.0,0.0,0.01,255,216,0.85,0.01,0.0,0.0,0.0,0.0,0,21555.0
52,9,814,329,0,1,1,0.0,0.0,1.0,0.0,0.0,18,141,1.0,0.0,0.01,0.0,0.0,0.0,0,78780.0
24,1,0,0,0,0,1,0.0,0.0,1.0,0.0,1.0,1,255,1.0,0.0,0.06,0.0,0.0,0.63,0,73246.0
52,9,829,387,0,1,1,0.0,0.0,1.0,0.0,1.0,8,148,0.75,0.38,0.01,0.0,0.0,0.0,0,58089.0
24,9,218,748,0,1,30,0.0,0.0,1.0,0.0,0.0,255,255,1.0,0.0,0.0,0.0,0.0,0.0,0,111682.0
47,5,0,0,0,0,103,1.0,1.0,0.02,0.07,0.0,46,2,0.04,0.13,0.0,1.0,1.0,0.0,1,41511.0
33,5,0,0,0,0,112,1.0,1.0,0.21,0.06,0.0,255,6,0.02,0.06,0.0,1.0,1.0,0.0,1,28143.0
20,9,12,0,0,1,2,0.0,0.0,1.0,0.0,0.0,37,11,0.24,0.14,0.18,0.0,0.0,0.0,0,11334.0
52,9,740,321,0,1,1,0.0,0.0,1.0,0.0,1.0,16,103,0.38,0.19,0.02,0.0,0.0,0.0,0,97565.0
24,5,0,0,0,0,2,0.5,0.12,1.0,0.0,0.25,50,255,1.0,0.0,0.07,0.06,0.01,0.0,0,18951.0
58,5,0,0,0,0,232,1.0,1.0,0.02,0.06,0.0,255,4,0.02,0.07,0.0,1.0,1.0,0.0,1,54534.0
0,4,941,6160,0,0,1,0.0,0.0,1.0,0.0,0.0,69,24,0.35,0.03,0.0,0.01,0.04,0.79,0,28356.0
24,9,271,6224,0,1,1,0.0,0.0,1.0,0.0,0.0,168,255,1.0,0.0,0.02,0.0,0.0,0.0,0,65310.0
24,9,307,1203,0,1,12,0.0,0.0,1.0,0.0,0.15,255,255,1.0,0.0,0.0,0.0,0.0,0.0,0,11471.0
47,5,0,0,0,0,265,1.0,1.0,0.06,0.06,0.0,255,16,0.06,0.06,0.0,1.0,1.0,0.0,1,100732.0
19,9,1265,2451,0,1,1,0.0,0.0,1.0,0.0,0.0,255,58,0.23,0.02,0.0,0.0,0.0,0.0,1,21746.0
24,9,54540,8314,0,1,5,0.0,0.0,1.0,0.0,0.33,182,182,1.0,0.0,0.0,0.0,0.0,0.05,1,32132.0
47,9,28,0,3,0,138,0.72,0.0,0.28,0.05,0.0,255,38,0.15,0.85,0.0,0.09,0.0,0.0,1,96903.0
42,4,1,0,0,0,2,0.0,0.0,1.0,0.0,0.0,255,2,0.01,0.74,0.0,0.0,0.0,1.0,1,79844.0
24,9,367,1579,0,1,23,0.0,0.0,1.0,0.0,0.12,255,255,1.0,0.0,0.0,0.0,0.0,0.0,0,47120.0
28,1,0,0,0,0,138,0.0,0.0,0.13,0.06,0.0,255,18,0.07,0.07,0.0,0.0,0.0,1.0,1,12780.0
47,5,0,0,0,0,132,1.0,1.0,0.13,0.06,0.0,255,3,0.01,0.06,0.0,1.0,1.0,0.0,1,8904.0
9,5,0,0,0,0,297,1.0,1.0,0.06,0.06,0.0,255,5,0.02,0.08,0.0,1.0,1.0,0.0,1,121889.0
12,9,44,146,0,0,225,0.0,0.0,1.0,0.01,0.0,114,81,0.71,0.02,0.0,0.0,0.0,0.0,0,115584.0
47,9,105,145,0,0,4,0.0,0.0,0.25,0.5,0.0,255,119,0.47,0.01,0.0,0.0,0.0,0.0,0,87722.0
47,5,0,0,0,0,220,1.0,1.0,0.08,0.07,0.0,255,18,0.07,0.08,0.0,1.0,1.0,0.0,1,67475.0
24,9,224,24580,0,1,3,0.0,0.0,1.0,0.0,0.0,28,255,1.0,0.0,0.07,0.0,0.0,0.0,0,86542.0
14,9,8,0,0,0,1,0.0,0.0,1.0,0.0,1.0,3,255,1.0,0.0,0.25,0.0,0.0,0.0,1,69365.0
58,9,122,10488,0,1,1,0.0,0.0,1.0,0.0,0.0,221,1,0.0,0.03,0.0,0.0,0.0,0.0,0,85639.0
17,2,0,0,0,0,117,0.0,0.0,0.16,0.06,0.0,255,19,0.07,0.06,0.0,0.0,0.0,1.0,1,45884.0
47,5,0,0,0,0,183,1.0,1.0,0.04,0.05,0.0,255,7,0.03,0.05,0.0,1.0,1.0,0.0,1,52886.0
24,9,158,7698,0,1,1,0.0,0.0,1.0,0.0,0.0,1,255,1.0,0.0,0.01,0.0,0.0,0.0,0,37176.0
52,9,930,333,0,1,3,0.0,0.0,0.33,1.0,1.0,98,160,0.79,0.04,0.01,0.0,0.0,0.0,0,19694.0
42,9,147,147,0,0,4,0.0,0.0,0.5,0.5,0.0,255,2,0.01,0.6,0.0,0.0,0.0,0.0,0,40930.0
16,5,0,0,0,0,148,1.0,1.0,0.13,0.06,0.0,255,19,0.07,0.07,0.0,1.0,1.0,0.0,1,8892.0
24,9,300,7920,0,1,5,0.0,0.0,1.0,0.0,0.0,5,255,1.0,0.0,0.03,0.0,0.0,0.0,0,86600.0
47,5,0,0,0,0,61,1.0,1.0,0.18,0.1,0.0,255,13,0.05,0.08,0.0,1.0,1.0,0.0,1,33884.0
58,5,0,0,0,0,9,1.0,1.0,1.0,0.0,0.0,131,71,0.54,0.02,0.0,0.98,0.97,0.0,1,115450.0
24,9,309,352,0,1,1,0.0,0.0,1.0,0.0,0.0,18,255,1.0,0.0,0.02,0.0,0.0,0.0,0,95539.0
24,9,347,725,0,1,8,0.0,0.0,1.0,0.0,0.0,255,255,1.0,0.0,0.0,0.0,0.0,0.0,0,116003.0
47,9,105,147,0,0,2,0.0,0.0,1.0,0.0,0.0,255,251,0.98,0.01,0.0,0.0,0.0,0.0,0,71194.0
24,9,232,1819,0,1,6,0.0,0.0,1.0,0.0,0.0,255,255,1.0,0.0,0.0,0.0,0.0,0.0,0,79873.0
42,9,147,105,0,0,1,0.0,0.0,1.0,0.0,0.0,255,1,0.0,0.62,0.0,0.0,0.0,0.0,0,70267.0
12,9,42,127,0,0,39,0.0,0.0,1.0,0.0,0.01,97,200,0.85,0.02,0.01,0.0,0.0,0.0,0,66657.0
24,9,201,825,0,1,11,0.0,0.0,1.0,0.0,0.15,255,255,1.0,0.0,0.0,0.0,0.0,0.0,0,124723.0
47,5,0,0,0,0,234,1.0,1.0,0.04,0.06,0.0,255,10,0.04,0.09,0.0,1.0,1.0,0.0,1,63076.0
24,9,241,293,0,1,23,0.0,0.0,1.0,0.0,0.07,255,255,1.0,0.0,0.0,0.0,0.0,0.0,0,120617.0
47,5,0,0,0,0,293,1.0,1.0,0.06,0.06,0.0,255,35,0.14,0.06,0.0,1.0,1.0,0.0,1,87055.0
21,1,0,0,0,0,255,0.0,0.0,0.02,0.07,0.0,255,4,0.02,0.07,0.0,0.0,0.0,1.0,1,7058.0
24,9,220,147317,0,1,10,0.0,0.0,1.0,0.0,0.0,36,255,1.0,0.0,0.03,0.03,0.01,0.0,0,86790.0
24,9,256,3383,0,1,1,0.0,0.0,1.0,0.0,0.0,255,251,0.98,0.01,0.0,0.0,0.0,0.0,0,9664.0
24,1,0,0,0,0,1,0.0,0.0,1.0,0.0,0.0,28,255,1.0,0.0,0.2,0.0,0.0,0.98,0,82899.0
24,9,300,2507,0,1,5,0.0,0.0,1.0,0.0,0.17,255,255,1.0,0.0,0.0,0.0,0.0,0.0,0,80790.0
24,9,227,1618,0,1,15,0.0,0.0,1.0,0.0,0.0,18,255,1.0,0.0,0.03,0.0,0.0,0.01,0,63930.0
24,9,282,765,0,1,2,0.5,0.5,1.0,0.0,0.0,255,255,1.0,0.0,0.0,0.0,0.0,0.0,0,52447.0
20,5,0,0,0,0,69,1.0,1.0,0.23,0.06,0.0,255,63,0.25,0.02,0.0,1.0,1.0,0.0,1,13369.0
24,9,242,1047,0,1,13,0.0,0.0,1.0,0.0,0.2,60,217,1.0,0.0,0.13,0.0,0.0,0.83,0,41601.0
2,1,0,0,0,0,109,0.0,0.0,0.15,0.06,0.0,255,16,0.06,0.07,0.0,0.0,0.0,1.0,1,14766.0
47,5,0,0,0,0,111,1.0,1.0,0.05,0.07,0.0,255,4,0.02,0.07,0.0,1.0,1.0,0.0,1,81309.0
12,9,42,72,0,0,78,0.0,0.0,1.0,0.0,0.01,255,218,0.85,0.01,0.0,0.0,0.0,0.0,0,89618.0
24,1,0,0,0,0,1,0.0,0.0,1.0,0.0,1.0,13,255,1.0,0.0,0.16,0.0,0.0,0.93,0,23715.0
24,6,488,12557,0,1,4,0.25,0.25,1.0,0.0,0.0,255,255,1.0,0.0,0.0,0.0,0.0,0.0,0,71928.0
24,9,216,1660,0,1,24,0.0,0.0,1.0,0.0,0.08,255,255,1.0,0.0,0.0,0.0,0.0,0.0,0,25412.0
50,1,0,0,0,0,280,0.0,0.0,0.04,0.06,0.0,255,11,0.04,0.07,0.0,0.0,0.0,1.0,1,79233.0
24,9,241,1544,0,1,44,0.0,0.0,1.0,0.0,0.06,255,255,1.0,0.0,0.0,0.0,0.0,0.0,0,29584.0
24,9,194,1984,0,1,2,0.0,0.0,1.0,0.0,0.0,255,255,1.0,0.0,0.0,0.0,0.0,0.0,0,101039.0
58,5,0,0,0,0,295,1.0,1.0,0.06,0.05,0.0,255,19,0.07,0.07,0.0,1.0,1.0,0.0,1,107195.0
24,9,286,4673,0,1,28,0.0,0.0,1.0,0.0,0.1,68,255,1.0,0.0,0.02,0.0,0.0,0.0,0,3199.0
24,9,200,280,0,1,12,0.0,0.0,1.0,0.0,0.0,12,255,1.0,0.0,0.06,0.0,0.0,0.0,0,37189.0
14,9,8,0,0,0,1,0.0,0.0,1.0,0.0,1.0,1,159,1.0,0.0,0.5,0.0,0.0,0.0,1,22988.0
24,1,0,0,0,0,1,0.0,0.0,1.0,0.0,0.0,108,95,0.88,0.03,0.0,0.0,0.0,1.0,0,78837.0
47,5,0,0,0,0,276,1.0,1.0,0.03,0.05,0.0,255,8,0.03,0.07,0.0,1.0,1.0,0.0,1,109788.0
47,1,0,0,0,0,1,0.0,0.0,1.0,0.0,0.0,43,2,0.02,1.0,1.0,0.0,0.0,1.0,1,40615.0
20,9,1342,0,0,1,14,0.0,0.0,1.0,0.0,0.0,53,131,0.38,0.09,0.02,0.0,0.01,0.0,0,61228.0
24,9,208,1759,0,1,10,0.0,0.0,1.0,0.0,0.0,115,255,1.0,0.0,0.01,0.0,0.0,0.0,0,72356.0
14,9,8,0,0,0,1,0.0,0.0,1.0,0.0,1.0,2,66,1.0,0.0,0.5,0.0,0.0,0.0,1,51057.0
14,9,8,0,0,0,1,0.0,0.0,1.0,0.0,1.0,1,89,1.0,0.0,0.51,0.0,0.0,0.0,1,3948.0
47,1,0,0,0,0,208,0.0,0.0,0.08,0.07,0.0,255,16,0.06,0.07,0.0,0.0,0.0,1.0,1,10724.0
47,5,0,0,0,0,287,1.0,1.0,0.01,0.06,0.0,255,9,0.04,0.08,0.0,1.0,1.0,0.0,1,16782.0
20,5,0,0,0,0,297,1.0,1.0,0.03,0.05,0.0,255,8,0.03,0.05,0.0,1.0,1.0,0.0,1,26528.0
20,5,0,0,0,0,288,1.0,1.0,0.07,0.05,0.0,255,20,0.08,0.05,0.0,1.0,1.0,0.0,1,72807.0
66,5,0,0,0,0,298,1.0,1.0,0.06,0.05,0.0,255,13,0.05,0.06,0.0,1.0,1.0,0.0,1,15707.0
20,9,1376,0,0,0,5,0.0,0.0,1.0,0.0,0.0,255,106,0.42,0.02,0.0,0.0,0.0,0.0,0,81751.0
24,9,205,1042,0,1,10,0.0,0.0,1.0,0.0,0.14,114,255,1.0,0.0,0.02,0.0,0.0,0.0,0,24184.0
47,4,0,0,0,0,1,0.0,0.0,1.0,0.0,0.0,214,1,0.0,0.24,0.0,0.0,0.0,1.0,1,50511.0
24,9,212,296,0,1,5,0.0,0.0,1.0,0.0,0.33,52,255,1.0,0.0,0.06,0.0,0.0,0.0,0,48800.0
20,9,194,0,0,0,1,0.0,0.0,1.0,0.0,0.0,32,26,0.12,0.09,0.08,0.0,0.0,0.0,0,54473.0
24,9,231,334,0,1,8,0.0,0.0,1.0,0.0,0.0,74,255,1.0,0.0,0.01,0.0,0.0,0.01,0,28666.0
24,9,334,1600,0,1,3,0.0,0.0,1.0,0.0,0.0,255,255,1.0,0.0,0.0,0.0,0.0,0.0,0,125963.0
24,9,280,261,0,1,14,0.0,0.0,1.0,0.0,0.12,35,255,1.0,0.0,0.05,0.0,0.0,0.0,0,33792.0
24,9,214,885,0,1,9,0.0,0.0,1.0,0.0,0.0,214,255,1.0,0.0,0.02,0.0,0.0,0.0,0,119678.0
24,9,298,6814,0,1,2,0.0,0.0,1.0,0.0,0.0,63,255,1.0,0.0,0.07,0.0,0.0,0.0,0,59989.0
47,5,0,0,0,0,280,1.0,1.0,0.02,0.06,0.0,255,7,0.03,0.06,0.0,1.0,1.0,0.0,1,85025.0
24,1,0,0,0,0,231,0.0,0.0,0.04,0.07,0.0,255,10,0.04,0.08,0.0,0.0,0.0,1.0,1,99147.0
42,9,147,105,0,0,3,0.0,0.0,0.33,0.67,0.0,255,4,0.02,0.72,0.0,0.0,0.0,0.0,0,11688.0
24,9,314,16806,0,1,1,0.0,0.0,1.0,0.0,0.12,1,47,1.0,0.0,0.06,0.0,0.0,0.0,0,8342.0
24,9,354,347,0,1,4,0.0,0.0,1.0,0.0,0.0,255,255,1.0,0.0,0.0,0.0,0.0,0.0,0,96909.0
47,5,0,0,0,0,118,1.0,1.0,0.06,0.05,0.0,255,7,0.03,0.04,0.0,1.0,1.0,0.0,1,23691.0
24,1,0,0,0,0,1,0.0,0.0,1.0,0.0,1.0,120,197,1.0,0.0,0.02,0.0,0.0,0.84,0,125918.0
24,9,333,14206,0,1,1,0.0,0.0,1.0,0.0,0.0,40,255,1.0,0.0,0.05,0.03,0.0,0.0,0,4206.0
15,9,1032,0,0,0,25,0.0,0.0,1.0,0.0,0.0,255,255,1.0,0.0,0.0,0.0,0.0,0.0,1,62845.0
56,5,0,0,0,0,117,1.0,1.0,0.09,0.07,0.0,255,11,0.04,0.07,0.0,1.0,1.0,0.0,1,49225.0
20,5,0,0,0,0,24,1.0,1.0,0.5,0.08,0.0,32,39,0.38,0.06,0.05,1.0,0.31,0.0,1,42096.0
24,9,229,19107,0,1,2,0.0,0.0,1.0,0.0,0.0,20,255,1.0,0.0,0.02,0.0,0.0,0.0,0,40788.0
24,1,0,0,0,0,257,0.0,0.0,0.05,0.07,0.0,255,12,0.05,0.08,0.0,0.0,0.0,1.0,1,55046.0
24,9,349,16411,0,1,4,0.25,0.25,1.0,0.0,0.0,112,255,1.0,0.0,0.02,0.01,0.0,0.0,0,58267.0
24,9,366,1644,0,1,10,0.0,0.0,1.0,0.0,0.0,210,255,1.0,0.0,0.02,0.0,0.0,0.0,0,6470.0
56,1,0,0,0,0,233,0.0,0.0,0.03,0.06,0.0,255,6,0.02,0.07,0.0,0.0,0.0,1.0,1,66293.0
24,9,294,545,0,1,3,0.0,0.0,1.0,0.0,0.0,102,255,1.0,0.0,0.03,0.0,0.0,0.0,0,76576.0
24,9,318,2462,0,1,4,0.0,0.0,1.0,0.0,0.43,90,255,1.0,0.0,0.05,0.0,0.0,0.0,0,102134.0
62,9,183,0,0,0,2,0.0,0.0,0.5,1.0,0.0,255,16,0.06,0.01,0.0,0.0,0.0,0.0,0,88111.0
47,1,0,0,0,0,2,0.0,0.0,0.5,1.0,0.0,255,1,0.0,0.2,0.0,0.0,0.0,1.0,1,55711.0
19,9,323,1054,0,1,1,0.0,0.0,1.0,0.0,0.0,255,55,0.22,0.02,0.0,0.0,0.0,0.11,0,84672.0
24,9,272,269,0,1,9,0.0,0.0,1.0,0.0,0.2,255,255,1.0,0.0,0.0,0.0,0.0,0.0,0,37553.0
18,5,0,0,0,0,24,1.0,1.0,0.33,0.17,0.0,255,36,0.14,0.05,0.0,1.0,1.0,0.0,1,20403.0
47,1,0,0,0,0,54,0.0,0.0,0.19,0.09,0.0,255,10,0.04,0.06,0.0,0.0,0.0,1.0,1,103089.0
4,5,0,0,0,0,287,1.0,1.0,0.03,0.06,0.0,255,14,0.05,0.07,0.0,1.0,1.0,0.0,1,88112.0
12,9,44,44,0,0,134,0.0,0.0,1.0,0.0,0.0,255,255,1.0,0.0,0.0,0.0,0.0,0.0,0,24022.0
57,5,0,0,0,0,230,1.0,1.0,0.04,0.07,0.0,255,9,0.04,0.09,0.0,1.0,1.0,0.0,1,115469.0
21,5,0,0,0,0,258,1.0,1.0,0.08,0.05,0.0,255,20,0.08,0.05,0.0,1.0,1.0,0.0,1,124307.0
47,5,0,0,0,0,158,0.83,1.0,0.13,0.05,0.0,255,1,0.0,0.06,0.0,1.0,1.0,0.0,1,78555.0
40,5,0,0,0,0,201,1.0,1.0,0.0,0.06,0.0,255,10,0.04,0.07,0.0,1.0,1.0,0.0,1,37050.0
0,4,1960,3855,0,0,1,0.0,0.0,1.0,0.0,0.0,4,1,0.25,0.5,0.0,0.0,0.0,1.0,0,27649.0
6,5,0,0,0,0,108,1.0,1.0,0.06,0.06,0.0,255,7,0.03,0.05,0.0,1.0,1.0,0.0,1,125893.0
24,9,144,27305,0,1,2,0.0,0.0,1.0,0.0,0.0,255,255,1.0,0.0,0.0,0.0,0.0,0.0,0,36240.0
19,9,1194,2449,0,1,1,0.0,0.0,1.0,0.0,0.0,233,61,0.26,0.02,0.0,0.0,0.0,0.0,1,64232.0
24,1,0,0,0,0,1,0.0,0.0,1.0,0.0,0.0,61,183,1.0,0.0,0.03,0.0,0.01,0.73,0,8071.0
58,5,0,0,0,0,36,1.0,1.0,0.25,0.11,0.0,255,62,0.24,0.02,0.0,1.0,1.0,0.0,1,37123.0
24,9,227,647,0,1,50,0.0,0.0,1.0,0.0,0.0,255,255,1.0,0.0,0.0,0.0,0.0,0.0,0,100266.0
24,9,221,1321,0,1,3,0.0,0.0,1.0,0.0,0.0,15,255,1.0,0.0,0.04,0.0,0.01,0.0,0,41591.0
24,5,0,0,0,0,4,1.0,1.0,0.5,0.75,0.0,255,64,0.25,0.02,0.0,1.0,1.0,0.0,1,67546.0
5,5,0,0,0,0,221,1.0,1.0,0.08,0.06,0.0,255,3,0.01,0.09,0.0,1.0,1.0,0.0,1,18599.0
5,1,0,0,0,0,149,0.0,0.0,0.07,0.07,0.0,255,10,0.04,0.09,0.0,0.0,0.0,1.0,1,27385.0
24,9,297,3068,0,1,6,0.0,0.0,1.0,0.0,0.2,255,255,1.0,0.0,0.0,0.0,0.0,0.0,0,72813.0
11,5,0,0,0,0,111,1.0,1.0,0.1,0.06,0.0,255,11,0.04,0.08,0.0,1.0,1.0,0.0,1,47901.0
24,1,0,0,0,0,1,0.0,0.0,1.0,0.0,1.0,4,238,1.0,0.0,0.28,0.0,0.0,1.0,0,76265.0
58,9,152,116202,0,1,1,0.0,0.0,1.0,0.0,0.0,79,11,0.14,0.05,0.0,0.0,0.0,0.0,0,9498.0
20,9,383,0,0,1,2,0.0,0.0,1.0,0.0,0.0,46,52,0.28,0.07,0.06,0.0,0.0,0.0,0,71094.0
47,5,0,0,0,0,211,1.0,1.0,0.02,0.06,0.0,255,3,0.01,0.08,0.0,1.0,1.0,0.0,1,120056.0
14,9,8,0,0,0,1,0.0,0.0,1.0,0.0,1.0,2,156,1.0,0.0,0.5,0.0,0.0,0.0,1,35919.0
42,4,1,0,0,0,2,0.0,0.0,1.0,0.0,0.0,255,2,0.01,0.73,0.0,0.0,0.0,1.0,1,59475.0
24,1,0,0,0,0,1,0.0,0.0,1.0,0.0,0.0,3,255,1.0,0.0,0.15,0.0,0.0,0.66,0,125602.0
6,1,0,0,0,0,104,0.0,0.0,0.02,0.08,0.0,255,2,0.01,0.06,0.0,0.0,0.0,1.0,1,12598.0
47,1,0,0,0,0,113,0.0,0.0,0.05,0.08,0.0,138,6,0.04,0.08,0.0,0.0,0.0,1.0,1,30247.0
58,5,0,0,0,0,140,1.0,1.0,0.01,0.06,0.0,255,2,0.01,0.07,0.0,1.0,1.0,0.0,1,47873.0
24,9,402,5324,0,1,5,0.0,0.0,1.0,0.0,0.33,255,255,1.0,0.0,0.0,0.0,0.0,0.0,0,23607.0
12,9,45,128,0,0,248,0.0,0.0,1.0,0.0,0.0,255,252,0.99,0.01,0.0,0.0,0.0,0.0,0,41348.0
9,5,0,0,0,0,258,1.0,1.0,0.03,0.07,0.0,255,9,0.04,0.06,0.0,1.0,1.0,0.0,1,25495.0
20,9,35195,0,0,0,16,0.0,0.0,1.0,0.0,0.0,156,66,0.42,0.03,0.0,0.0,0.0,0.0,0,116637.0
47,1,0,0,0,0,319,0.0,0.0,0.0,0.5,0.0,255,1,0.0,0.51,0.0,0.0,0.0,1.0,1,121096.0
47,5,0,0,0,0,266,1.0,1.0,0.03,0.06,0.0,255,5,0.02,0.07,0.0,1.0,1.0,0.0,1,54912.0
12,9,92,36,0,0,5,0.0,0.0,1.0,0.0,0.33,50,26,0.52,0.06,0.0,0.0,0.0,0.0,0,17245.0
24,9,54540,8314,0,1,2,0.0,0.0,1.0,0.0,0.0,1,1,1.0,0.0,0.0,0.0,0.0,0.0,1,114882.0
47,5,0,0,0,0,44,1.0,1.0,0.09,0.11,0.0,255,18,0.07,0.08,0.0,1.0,1.0,0.0,1,121980.0
64,4,0,0,0,0,1,0.0,0.0,1.0,0.0,0.0,215,1,0.0,0.54,0.0,0.0,0.0,1.0,1,23581.0
47,5,0,0,0,0,215,1.0,1.0,0.07,0.07,0.0,255,14,0.05,0.08,0.0,1.0,1.0,0.0,1,60714.0
47,1,0,0,0,0,235,0.0,0.0,0.08,0.07,0.0,255,19,0.07,0.07,0.0,0.0,0.0,1.0,1,49341.0
35,5,0,0,0,0,270,1.0,1.0,0.0,0.06,0.0,255,1,0.0,0.07,0.0,1.0,1.0,0.0,1,19096.0
13,5,0,0,0,0,300,1.0,1.0,0.08,0.05,0.0,255,25,0.1,0.05,0.0,1.0,1.0,0.0,1,18990.0
42,9,146,105,0,0,1,0.0,0.0,1.0,0.0,0.0,255,1,0.0,0.62,0.0,0.0,0.0,0.0,0,54529.0
24,9,223,3616,0,1,5,0.2,0.12,1.0,0.0,0.25,97,231,1.0,0.0,0.04,0.0,0.0,0.0,0,8853.0
42,9,10073,0,0,0,14,0.07,0.0,0.07,0.64,0.0,253,1,0.0,0.05,0.0,0.0,0.0,0.0,0,51209.0
12,9,45,81,0,0,161,0.0,0.0,0.99,0.01,0.02,255,251,0.98,0.01,0.0,0.0,0.0,0.0,0,63314.0
14,9,8,0,0,0,1,0.0,0.0,1.0,0.0,1.0,4,88,1.0,0.0,0.25,0.0,0.0,0.0,1,125774.0
24,9,346,923,0,1,17,0.0,0.0,1.0,0.0,0.0,130,255,1.0,0.0,0.02,0.0,0.0,0.0,0,65711.0
24,9,279,1359,0,1,15,0.0,0.0,1.0,0.0,0.12,116,228,1.0,0.0,0.03,0.0,0.0,0.0,0,65569.0
20,9,567,0,0,0,2,0.0,0.0,0.5,1.0,0.0,36,118,0.81,0.08,0.02,0.0,0.0,0.0,0,35142.0
12,9,44,137,0,0,225,0.0,0.0,1.0,0.0,0.01,255,253,0.99,0.01,0.0,0.0,0.0,0.0,0,13883.0
47,5,0,0,0,0,62,1.0,1.0,0.05,0.1,0.0,255,18,0.07,0.07,0.0,1.0,1.0,0.0,1,108327.0
24,9,308,944,0,1,2,0.0,0.0,1.0,0.0,0.5,255,255,1.0,0.0,0.0,0.0,0.0,0.0,0,104191.0
47,9,207,0,0,0,2,0.0,0.0,1.0,0.0,0.0,24,24,1.0,0.0,0.0,0.0,0.0,0.0,1,113194.0
24,1,0,0,0,0,231,0.0,0.0,0.06,0.06,0.0,255,15,0.06,0.07,0.0,0.0,0.0,1.0,1,37368.0
53,5,0,0,0,0,149,1.0,1.0,0.13,0.06,0.0,255,1,0.0,0.07,0.0,1.0,1.0,0.0,1,37074.0
24,9,319,1384,0,1,3,0.0,0.0,1.0,0.0,0.05,9,193,1.0,0.0,0.05,0.0,0.0,0.0,0,88552.0
20,5,0,0,0,0,76,1.0,1.0,0.22,0.05,0.0,238,57,0.24,0.02,0.0,0.99,1.0,0.0,1,75728.0
24,9,251,497,0,1,14,0.0,0.0,1.0,0.0,0.0,47,255,1.0,0.0,0.05,0.0,0.0,0.0,0,112607.0
42,1,0,0,0,0,511,0.09,0.0,0.0,1.0,0.0,255,1,0.0,1.0,0.0,0.08,0.0,1.0,1,97129.0
24,9,223,687,0,1,9,0.0,0.0,1.0,0.0,0.0,255,255,1.0,0.0,0.0,0.0,0.0,0.0,0,123794.0
52,9,1039,333,0,1,1,0.0,0.0,1.0,0.0,0.0,255,167,0.65,0.06,0.0,0.0,0.0,0.0,0,93158.0
29,5,0,0,0,0,100,1.0,1.0,0.12,0.08,0.0,255,12,0.05,0.07,0.0,1.0,1.0,0.0,1,120989.0
24,9,191,3727,0,1,1,0.0,0.0,1.0,0.0,1.0,74,255,1.0,0.0,0.04,0.0,0.0,0.0,0,88636.0
12,9,45,111,0,0,18,0.0,0.0,1.0,0.0,0.1,106,228,1.0,0.0,0.01,0.0,0.0,0.0,0,76708.0
52,9,730,481,0,1,1,0.0,0.0,1.0,0.0,0.0,32,149,0.34,0.06,0.02,0.0,0.0,0.0,0,123742.0
53,1,0,0,0,0,187,0.0,0.0,0.1,0.07,0.0,255,18,0.07,0.07,0.0,0.0,0.0,1.0,1,73086.0
24,9,304,1045,0,1,22,0.0,0.0,1.0,0.0,0.0,22,255,1.0,0.0,0.03,0.0,0.0,0.0,0,67269.0
47,5,0,0,0,0,265,1.0,1.0,0.05,0.06,0.0,255,11,0.04,0.08,0.0,1.0,1.0,0.0,1,98512.0
24,9,218,1691,0,1,10,0.0,0.0,1.0,0.0,0.0,255,255,1.0,0.0,0.0,0.0,0.0,0.0,0,68500.0
47,9,207,0,0,0,2,0.0,0.0,1.0,0.0,0.0,253,212,0.84,0.01,0.0,0.0,0.0,0.0,0,108226.0
24,9,230,9586,0,1,1,0.0,0.0,1.0,0.0,0.0,49,255,1.0,0.0,0.04,0.02,0.0,0.04,0,37567.0
47,5,0,0,0,0,141,0.81,1.0,0.02,0.06,0.0,255,13,0.05,0.06,0.0,1.0,1.0,0.0,1,88735.0
15,9,1032,0,0,0,511,0.0,0.0,1.0,0.0,0.0,255,234,0.92,0.02,0.0,0.0,0.0,0.0,1,111536.0
18,2,0,0,0,0,258,0.0,0.0,0.02,0.07,0.0,255,4,0.02,0.08,0.0,0.0,0.0,1.0,1,98612.0
12,9,44,132,0,0,207,0.0,0.0,1.0,0.0,0.01,255,253,0.99,0.01,0.0,0.0,0.0,0.0,0,125295.0
20,9,59,0,0,0,7,0.0,0.0,1.0,0.0,0.0,255,48,0.19,0.02,0.0,0.52,0.0,0.0,0,23500.0
20,9,7045,0,0,1,2,0.0,0.0,1.0,0.0,0.0,2,32,1.0,0.0,0.16,0.0,0.0,0.0,1,80493.0
5,5,0,0,0,0,260,1.0,1.0,0.04,0.07,0.0,255,11,0.04,0.07,0.0,1.0,1.0,0.0,1,37693.0
47,4,0,0,0,0,1,0.0,0.0,1.0,0.0,0.0,255,1,0.0,0.31,0.0,0.0,0.0,1.0,1,114466.0
24,1,0,0,0,0,1,0.0,0.0,1.0,0.0,0.0,16,255,1.0,0.0,0.13,0.0,0.0,0.96,0,87604.0
47,5,0,0,0,0,275,1.0,1.0,0.07,0.06,0.0,255,15,0.06,0.07,0.0,1.0,1.0,0.0,1,1146.0
60,2,0,0,0,0,116,0.0,0.0,0.01,0.07,0.0,255,1,0.0,0.09,0.0,0.0,0.0,1.0,1,105430.0
14,9,8,0,0,0,1,0.0,0.0,1.0,0.0,1.0,1,27,1.0,0.0,0.52,0.0,0.0,0.0,1,87997.0
24,9,319,8841,0,1,16,0.0,0.0,1.0,0.0,0.0,205,255,1.0,0.0,0.01,0.0,0.0,0.0,0,57209.0
63,2,0,0,0,0,119,0.0,0.0,0.11,0.07,0.0,255,13,0.05,0.06,0.0,0.0,0.0,1.0,1,94100.0
24,1,0,0,0,0,220,0.0,0.0,0.0,0.07,0.0,255,1,0.0,0.07,0.0,0.0,0.0,1.0,1,37614.0
17,5,0,0,0,0,100,1.0,1.0,0.05,0.05,0.0,255,5,0.02,0.05,0.0,1.0,1.0,0.0,1,39232.0
39,5,0,0,0,0,110,1.0,1.0,0.01,0.07,0.0,255,1,0.0,0.06,0.0,1.0,1.0,0.0,1,7554.0
47,5,0,0,0,0,238,1.0,1.0,0.07,0.06,0.0,255,19,0.07,0.05,0.0,1.0,1.0,0.0,1,66572.0
24,9,318,10581,0,1,6,0.0,0.0,1.0,0.0,0.14,6,255,1.0,0.0,0.03,0.0,0.0,0.0,0,57965.0
12,9,33,33,0,0,7,0.0,0.0,0.71,0.29,0.33,233,170,0.73,0.01,0.0,0.0,0.0,0.0,0,25655.0
47,1,0,0,0,0,233,0.0,0.0,0.02,0.07,0.0,255,4,0.02,0.09,0.0,0.0,0.0,1.0,1,78814.0
34,1,0,0,0,0,250,0.0,0.0,0.08,0.06,0.0,255,20,0.08,0.06,0.0,0.0,0.0,1.0,1,118267.0
24,9,229,1095,0,1,11,0.0,0.0,1.0,0.0,0.17,22,255,1.0,0.0,0.05,0.0,0.0,0.0,0,85977.0
47,3,0,0,0,0,70,0.0,0.0,0.01,0.54,0.0,240,1,0.0,0.16,0.0,0.01,0.0,1.0,1,20511.0
47,4,0,0,0,0,1,0.0,0.0,1.0,0.0,0.0,104,1,0.01,0.55,0.0,0.06,0.0,1.0,1,113303.0
24,9,302,2507,0,1,5,0.0,0.0,1.0,0.0,0.19,169,159,0.94,0.02,0.0,0.01,0.0,0.0,0,122841.0
47,5,0,0,0,0,285,1.0,1.0,0.05,0.06,0.0,255,10,0.04,0.07,0.0,1.0,1.0,0.0,1,87176.0
24,9,206,496,0,1,2,0.0,0.0,1.0,0.0,0.0,75,255,1.0,0.0,0.04,0.0,0.0,0.0,0,98186.0
7,5,0,0,0,0,251,1.0,1.0,0.03,0.06,0.0,255,8,0.03,0.07,0.0,1.0,1.0,0.0,1,85323.0
24,9,211,1767,0,1,2,0.0,0.0,1.0,0.0,0.0,53,255,1.0,0.0,0.01,0.0,0.0,0.0,0,48891.0
47,5,0,0,0,0,253,1.0,1.0,0.08,0.06,0.0,255,18,0.07,0.07,0.0,1.0,1.0,0.0,1,119138.0
24,9,187,10182,0,1,6,0.0,0.0,1.0,0.0,0.0,12,255,1.0,0.0,0.03,0.0,0.0,0.0,0,76980.0
12,9,42,42,0,0,148,0.0,0.0,1.0,0.0,0.01,255,255,1.0,0.0,0.0,0.0,0.0,0.0,0,29711.0
52,9,1547,328,0,1,1,0.0,0.0,1.0,0.0,0.0,184,168,0.56,0.02,0.02,0.0,0.0,0.0,0,111937.0
5,5,0,0,0,0,267,1.0,1.0,0.04,0.06,0.0,255,11,0.04,0.07,0.0,1.0,1.0,0.0,1,81697.0
20,9,1199,0,0,1,1,0.0,0.0,1.0,0.0,0.0,1,1,1.0,0.0,0.0,0.0,0.0,0.0,0,76202.0
47,5,0,0,0,0,129,1.0,1.0,0.14,0.06,0.0,255,18,0.07,0.08,0.0,1.0,1.0,0.0,1,114002.0
24,9,226,4323,0,1,40,0.0,0.0,1.0,0.0,0.0,40,255,1.0,0.0,0.05,0.0,0.0,0.0,0,93121.0
42,1,0,0,0,0,509,0.22,0.0,0.0,1.0,0.0,255,1,0.0,1.0,0.0,0.16,0.0,1.0,1,124837.0
10,2,0,0,0,0,121,0.0,0.0,0.05,0.07,0.0,255,6,0.02,0.07,0.0,0.0,0.0,1.0,1,79641.0
24,9,341,745,0,1,2,0.0,0.0,1.0,0.0,0.25,10,255,1.0,0.0,0.06,0.0,0.0,0.0,0,94556.0
12,9,43,136,0,0,65,0.0,0.0,1.0,0.0,0.01,255,254,1.0,0.01,0.0,0.0,0.0,0.0,0,51412.0
66,5,0,0,0,0,213,1.0,1.0,0.05,0.06,0.0,255,9,0.04,0.09,0.0,1.0,1.0,0.0,1,101550.0
47,4,1,0,0,0,2,0.0,0.0,1.0,0.0,0.0,255,2,0.01,0.82,0.0,0.0,0.0,1.0,1,23341.0
19,9,1528,4152,0,1,1,0.0,0.0,1.0,0.0,0.0,94,46,0.49,0.05,0.0,0.0,0.0,0.0,0,109009.0
9,5,0,0,0,0,222,1.0,1.0,0.08,0.07,0.0,255,18,0.07,0.07,0.0,1.0,1.0,0.0,1,34182.0
24,5,0,0,0,0,21,1.0,1.0,0.52,0.1,0.0,255,61,0.24,0.04,0.0,1.0,1.0,0.0,1,9231.0
2,5,0,0,0,0,270,1.0,1.0,0.04,0.06,0.0,255,10,0.04,0.08,0.0,1.0,1.0,0.0,1,71347.0
24,9,0,12471,0,0,19,0.05,0.05,1.0,0.0,0.0,255,255,1.0,0.0,0.0,0.0,0.0,0.0,0,11314.0
57,5,0,0,0,0,297,1.0,1.0,0.07,0.06,0.0,255,20,0.08,0.08,0.0,1.0,1.0,0.0,1,39525.0
24,9,236,274,0,1,3,0.0,0.0,1.0,0.0,0.28,255,255,1.0,0.0,0.0,0.0,0.0,0.0,0,119288.0
9,5,0,0,0,0,280,1.0,1.0,0.04,0.05,0.0,255,11,0.04,0.07,0.0,1.0,1.0,0.0,1,76392.0
12,9,43,112,0,0,105,0.0,0.0,0.99,0.02,0.02,255,253,0.99,0.01,0.0,0.0,0.0,0.0,0,9855.0
47,9,28,0,3,0,24,0.0,0.0,0.96,0.08,0.0,255,23,0.09,0.02,0.0,0.0,0.0,0.0,1,45948.0
24,9,225,498,0,1,16,0.0,0.0,1.0,0.0,0.0,255,255,1.0,0.0,0.0,0.0,0.0,0.0,0,85797.0
27,5,0,0,0,0,277,1.0,1.0,0.03,0.06,0.0,255,9,0.04,0.08,0.0,1.0,1.0,0.0,1,95624.0
52,9,718,388,0,1,1,0.0,0.0,1.0,0.0,0.0,255,28,0.11,0.07,0.0,0.8,0.0,0.0,0,49810.0
47,9,1,0,0,0,143,0.0,0.0,0.74,0.04,0.0,255,146,0.57,0.05,0.0,0.0,0.0,0.0,1,48456.0
42,9,147,105,0,0,6,0.0,0.0,0.33,0.5,0.0,255,2,0.01,0.76,0.0,0.0,0.0,0.0,0,26664.0
24,1,0,0,0,0,1,0.0,0.0,1.0,0.0,1.0,16,158,1.0,0.0,0.04,0.0,0.0,1.0,0,60929.0
24,9,204,12689,0,1,29,0.0,0.0,1.0,0.0,0.07,255,255,1.0,0.0,0.0,0.0,0.0,0.0,0,71666.0
19,5,0,0,0,0,207,1.0,1.0,0.11,0.06,0.0,255,22,0.09,0.05,0.0,1.0,1.0,0.0,1,43171.0
47,9,28,0,3,0,151,0.66,0.0,0.34,0.05,0.0,255,51,0.2,0.8,0.0,0.09,0.0,0.0,1,11786.0
58,9,105,1851,0,1,1,0.0,0.0,1.0,0.0,0.0,56,1,0.02,0.07,0.0,0.0,0.0,0.0,0,33756.0
24,9,243,15374,0,1,3,0.0,0.0,1.0,0.0,0.0,75,255,1.0,0.0,0.03,0.01,0.0,0.0,0,54538.0
24,9,233,2840,0,1,6,0.0,0.0,1.0,0.0,0.25,6,255,1.0,0.0,0.04,0.0,0.0,0.0,0,53619.0
24,9,239,546,0,1,14,0.0,0.0,1.0,0.0,0.17,141,255,1.0,0.0,0.01,0.0,0.0,0.0,0,24424.0
52,5,0,0,0,0,8,1.0,0.8,1.0,0.0,0.3,30,142,0.27,0.07,0.01,0.93,0.06,0.0,1,21477.0
24,9,218,305,0,1,17,0.0,0.0,1.0,0.0,0.0,255,255,1.0,0.0,0.0,0.0,0.0,0.0,0,29635.0
24,9,224,2005,0,1,6,0.0,0.0,1.0,0.0,0.0,145,255,1.0,0.0,0.01,0.0,0.0,0.0,0,98999.0
5,5,0,0,0,0,269,1.0,1.0,0.03,0.05,0.0,255,7,0.03,0.05,0.0,1.0,1.0,0.0,1,22713.0
24,9,330,3370,0,1,2,0.0,0.0,1.0,0.0,0.0,70,255,1.0,0.0,0.03,0.0,0.0,0.0,0,99905.0
24,9,222,18918,0,1,32,0.0,0.0,1.0,0.0,0.0,169,255,1.0,0.0,0.01,0.0,0.0,0.0,0,53213.0
47,5,0,0,0,0,179,1.0,1.0,0.1,0.05,0.0,120,18,0.15,0.08,0.0,0.88,1.0,0.0,1,81866.0
24,9,212,2467,0,1,15,0.0,0.0,1.0,0.0,0.0,81,255,1.0,0.0,0.01,0.0,0.0,0.0,0,111808.0
66,5,0,0,0,0,100,1.0,1.0,0.02,0.07,0.0,255,2,0.01,0.06,0.0,1.0,1.0,0.0,1,4215.0
24,9,204,23477,0,1,1,0.0,0.0,1.0,0.0,0.5,255,255,1.0,0.0,0.0,0.0,0.0,0.0,0,47805.0
15,9,520,0,0,0,472,0.0,0.0,1.0,0.0,0.0,146,146,1.0,0.0,0.0,0.0,0.0,0.0,1,91578.0
24,9,221,399,0,1,23,0.0,0.0,1.0,0.0,0.0,111,255,1.0,0.0,0.02,0.0,0.0,0.0,0,68698.0
14,9,8,0,0,0,1,0.0,0.0,1.0,0.0,1.0,2,116,1.0,0.0,0.5,0.0,0.0,0.0,1,51988.0
47,5,0,0,0,0,132,1.0,1.0,0.14,0.06,0.0,255,19,0.07,0.07,0.0,1.0,1.0,0.0,1,19190.0
47,9,105,146,0,0,2,0.0,0.0,1.0,0.0,0.0,2,2,1.0,0.0,0.0,0.0,0.0,0.0,0,8528.0
24,9,206,1668,0,1,5,0.0,0.0,1.0,0.0,0.0,20,23,1.0,0.0,0.09,0.0,0.09,0.04,0,33743.0
15,9,1032,0,0,0,187,0.0,0.0,1.0,0.0,0.0,255,187,0.73,0.01,0.0,0.0,0.0,0.0,1,12126.0
24,9,340,22965,0,1,1,0.0,0.0,1.0,0.0,0.0,36,207,1.0,0.0,0.08,0.0,0.0,0.0,0,65327.0
24,9,358,723,0,1,14,0.0,0.0,1.0,0.0,0.11,78,255,1.0,0.0,0.05,0.0,0.0,0.0,0,73530.0
37,5,0,0,0,0,114,1.0,1.0,0.01,0.05,0.0,255,1,0.0,0.05,0.0,1.0,1.0,0.0,1,24286.0
21,5,0,0,0,0,286,1.0,1.0,0.03,0.05,0.0,255,8,0.03,0.05,0.0,1.0,1.0,0.0,1,46951.0
14,9,8,0,0,0,1,0.0,0.0,1.0,0.0,1.0,2,126,1.0,0.0,0.5,0.0,0.0,0.0,1,25268.0
20,9,12241,0,0,0,3,0.0,0.0,1.0,0.0,0.0,3,90,1.0,0.0,0.02,0.0,0.0,0.0,0,98549.0
42,9,1,0,0,0,15,0.0,0.0,0.07,0.67,0.0,255,1,0.0,0.22,0.0,0.0,0.0,0.0,1,113047.0
24,9,243,398,0,1,6,0.0,0.0,1.0,0.0,0.29,255,255,1.0,0.0,0.0,0.0,0.0,0.0,0,15352.0
24,9,328,1411,0,1,4,0.0,0.0,1.0,0.0,0.0,54,255,1.0,0.0,0.05,0.0,0.0,0.0,0,107503.0
23,4,0,0,0,0,1,0.0,0.0,1.0,0.0,0.0,255,1,0.0,0.4,0.0,0.0,0.0,1.0,1,79848.0
24,1,0,0,0,0,1,0.0,0.0,1.0,0.0,0.0,47,255,1.0,0.0,0.14,0.0,0.0,1.0,0,20884.0
47,5,0,0,0,0,122,1.0,1.0,0.15,0.06,0.0,255,20,0.08,0.07,0.0,1.0,1.0,0.0,1,21716.0
17,2,0,0,0,0,149,0.0,0.0,0.07,0.05,0.0,255,10,0.04,0.06,0.0,0.0,0.0,1.0,1,37888.0
18,9,8,223,0,0,1,0.0,0.0,1.0,0.0,0.0,154,14,0.09,0.03,0.0,0.0,0.0,0.0,0,35121.0
24,9,223,616,0,1,14,0.0,0.0,1.0,0.0,0.0,255,255,1.0,0.0,0.0,0.0,0.0,0.0,0,98451.0
17,5,0,0,0,0,117,1.0,1.0,0.18,0.05,0.0,255,21,0.08,0.05,0.0,1.0,1.0,0.0,1,50832.0
24,9,204,1757,0,1,33,0.0,0.0,1.0,0.0,0.05,255,255,1.0,0.0,0.0,0.0,0.0,0.0,0,52436.0
47,5,0,0,0,0,201,1.0,1.0,0.01,0.06,0.0,255,12,0.05,0.08,0.0,1.0,1.0,0.0,1,93910.0
6,5,0,0,0,0,132,1.0,1.0,0.15,0.06,0.0,255,20,0.08,0.07,0.0,1.0,1.0,0.0,1,8928.0
20,9,965,0,0,1,23,0.0,0.0,1.0,0.0,0.0,255,125,0.49,0.02,0.0,0.0,0.0,0.0,0,15722.0
24,9,289,3780,0,1,7,0.0,0.0,1.0,0.0,0.0,54,63,1.0,0.0,0.08,0.0,0.0,0.02,0,11182.0
52,9,2425,364,0,1,1,0.0,0.0,1.0,0.0,0.0,90,116,0.29,0.06,0.03,0.03,0.01,0.0,0,64939.0
24,9,303,480,0,1,7,0.0,0.0,1.0,0.0,0.0,57,255,1.0,0.0,0.02,0.0,0.0,0.0,0,108780.0
47,5,0,0,0,0,146,1.0,1.0,0.11,0.05,0.0,255,16,0.06,0.05,0.0,1.0,1.0,0.0,1,24279.0
24,9,227,4907,0,1,11,0.0,0.0,1.0,0.0,0.14,131,255,1.0,0.0,0.04,0.0,0.0,0.0,0,84757.0
29,1,0,0,0,0,146,0.0,0.0,0.12,0.05,0.0,255,13,0.05,0.07,0.0,0.0,0.0,1.0,1,104559.0
52,9,867,328,0,1,1,0.0,0.0,1.0,0.0,0.0,255,148,0.58,0.01,0.0,0.0,0.0,0.0,0,86521.0
24,9,54540,8314,0,1,4,0.0,0.0,1.0,0.0,0.0,236,236,1.0,0.0,0.0,0.0,0.0,0.06,1,80981.0
47,5,0,0,0,0,136,1.0,1.0,0.15,0.05,0.0,255,22,0.09,0.06,0.0,1.0,1.0,0.0,1,63594.0
15,9,1032,0,0,0,306,0.0,0.0,1.0,0.0,0.0,148,54,0.36,0.05,0.0,0.01,0.0,0.0,1,101853.0
12,9,46,127,0,0,89,0.0,0.0,1.0,0.0,0.02,255,254,1.0,0.01,0.0,0.0,0.0,0.0,0,20759.0
14,9,8,0,0,0,1,0.0,0.0,1.0,0.0,1.0,2,44,1.0,0.0,0.5,0.0,0.0,0.0,1,62563.0
24,9,223,14244,0,1,4,0.0,0.0,1.0,0.0,0.5,25,255,1.0,0.0,0.06,0.0,0.0,0.0,0,89392.0
12,9,46,46,0,0,202,0.0,0.0,1.0,0.01,0.0,255,254,1.0,0.01,0.0,0.0,0.0,0.0,0,106232.0
19,5,0,0,0,0,261,1.0,1.0,0.02,0.07,0.0,255,4,0.02,0.08,0.0,1.0,1.0,0.0,1,21812.0
24,9,224,362,0,1,23,0.0,0.0,1.0,0.0,0.14,255,255,1.0,0.0,0.0,0.0,0.0,0.0,0,100213.0
47,5,0,0,0,0,225,1.0,1.0,0.07,0.05,0.0,255,15,0.06,0.05,0.0,1.0,1.0,0.0,1,80100.0
35,5,0,0,0,0,217,1.0,1.0,0.03,0.06,0.0,255,19,0.07,0.07,0.0,1.0,1.0,0.0,1,5031.0
42,1,0,0,0,0,444,0.08,0.0,0.0,1.0,0.0,255,1,0.0,1.0,0.0,0.08,0.0,1.0,1,16034.0
52,9,1094,335,0,1,2,0.0,0.0,0.5,1.0,0.0,52,175,0.69,0.08,0.01,0.0,0.0,0.0,0,10196.0
20,9,192,0,0,1,2,0.0,0.0,1.0,0.0,0.0,255,117,0.46,0.03,0.0,0.0,0.01,0.0,0,76620.0
24,9,291,5415,0,1,5,0.0,0.0,1.0,0.0,0.33,22,255,1.0,0.0,0.03,0.0,0.0,0.0,0,22428.0
24,9,315,2108,0,1,22,0.0,0.0,1.0,0.0,0.0,69,255,1.0,0.0,0.05,0.0,0.0,0.0,0,8898.0
47,5,0,0,0,0,234,1.0,1.0,0.09,0.06,0.0,255,15,0.06,0.08,0.0,1.0,1.0,0.0,1,48358.0
42,4,1,0,0,0,2,0.0,0.0,1.0,0.0,0.0,255,2,0.01,0.65,0.0,0.0,0.0,1.0,1,67971.0
20,9,567,0,0,1,1,0.0,0.0,1.0,0.0,0.0,174,44,0.22,0.04,0.05,0.0,0.0,0.0,0,112367.0
12,9,45,140,0,0,81,0.0,0.0,1.0,0.0,0.01,255,219,0.86,0.02,0.0,0.0,0.0,0.0,0,14019.0
45,9,35,130,0,1,1,0.0,0.0,1.0,0.0,0.0,153,6,0.04,0.03,0.0,0.0,0.0,0.0,0,36847.0
12,9,44,137,0,0,76,0.0,0.0,1.0,0.0,0.01,255,232,0.91,0.01,0.0,0.0,0.0,0.0,0,34788.0
15,9,520,0,0,0,283,0.0,0.0,1.0,0.0,0.0,255,255,1.0,0.0,0.0,0.0,0.0,0.0,1,27364.0
27,5,0,0,0,0,276,1.0,1.0,0.03,0.06,0.0,255,8,0.03,0.08,0.0,1.0,1.0,0.0,1,124260.0
24,9,271,10462,0,1,5,0.0,0.0,1.0,0.0,0.43,208,255,1.0,0.0,0.02,0.0,0.01,0.0,0,57075.0
12,9,46,46,0,0,154,0.0,0.0,1.0,0.0,0.01,255,255,1.0,0.0,0.0,0.0,0.0,0.0,0,17479.0
63,5,0,0,0,0,134,1.0,1.0,0.04,0.06,0.0,255,5,0.02,0.07,0.0,1.0,1.0,0.0,1,66799.0
24,1,0,0,0,0,1,0.0,0.0,1.0,0.0,0.0,6,219,1.0,0.0,0.13,0.0,0.0,1.0,0,40653.0
20,9,9,0,0,1,2,0.0,0.0,1.0,0.0,0.0,163,122,0.46,0.44,0.02,0.0,0.0,0.01,0,69605.0
12,9,45,80,0,0,109,0.0,0.0,0.99,0.02,0.02,255,253,0.99,0.01,0.0,0.0,0.0,0.0,0,106033.0
47,5,0,0,0,0,161,1.0,1.0,0.12,0.06,0.0,255,18,0.07,0.07,0.0,1.0,1.0,0.0,1,15281.0
24,9,213,2369,0,1,14,0.0,0.0,1.0,0.0,0.0,30,255,1.0,0.0,0.04,0.0,0.0,0.0,0,14931.0
66,5,0,0,0,0,287,1.0,1.0,0.07,0.05,0.0,255,21,0.08,0.05,0.0,1.0,1.0,0.0,1,109046.0
24,9,208,759,0,1,3,0.0,0.0,1.0,0.0,0.43,92,255,1.0,0.0,0.02,0.0,0.0,0.0,0,110068.0
65,5,0,0,0,0,228,1.0,1.0,0.06,0.06,0.0,255,13,0.05,0.07,0.0,1.0,1.0,0.0,1,95963.0
52,9,2108,331,0,1,1,0.0,0.0,1.0,0.0,0.0,196,124,0.57,0.02,0.02,0.0,0.0,0.0,0,8772.0
32,5,0,0,0,0,136,1.0,1.0,0.15,0.06,0.0,255,19,0.07,0.07,0.0,1.0,1.0,0.0,1,14479.0
47,5,0,0,0,0,218,1.0,1.0,0.06,0.06,0.0,255,10,0.04,0.08,0.0,1.0,1.0,0.0,1,6368.0
54,1,0,0,0,0,113,0.0,0.0,0.03,0.08,0.0,255,3,0.01,0.07,0.0,0.0,0.0,1.0,1,121920.0
52,9,0,82,0,1,1,0.0,0.0,1.0,0.0,0.0,6,107,0.17,1.0,0.03,0.0,0.0,0.06,1,81772.0
13,5,0,0,0,0,294,1.0,1.0,0.08,0.05,0.0,255,23,0.09,0.05,0.0,1.0,1.0,0.0,1,61960.0
20,9,641,0,0,0,2,0.0,0.0,1.0,0.0,0.0,37,5,0.14,0.08,0.0,0.0,0.0,0.0,0,5120.0
20,9,740,0,0,1,2,0.0,0.0,1.0,0.0,0.0,255,13,0.05,0.02,0.0,0.0,0.0,0.0,0,13686.0
47,9,105,147,0,0,1,0.0,0.0,1.0,0.0,0.0,200,198,0.99,0.01,0.0,0.0,0.0,0.0,0,67256.0
24,9,206,313,0,1,14,0.0,0.0,1.0,0.0,0.11,255,255,1.0,0.0,0.0,0.0,0.0,0.0,0,41358.0
47,5,0,0,0,0,139,1.0,1.0,0.09,0.06,0.0,255,5,0.02,0.07,0.0,1.0,1.0,0.0,1,52707.0
20,9,334,0,0,1,1,0.0,0.0,1.0,0.0,0.0,3,37,1.0,0.0,0.16,0.0,0.0,0.0,1,107349.0
12,9,44,78,0,0,118,0.0,0.0,1.0,0.0,0.0,255,255,1.0,0.0,0.0,0.0,0.0,0.0,0,32001.0
66,1,0,0,0,0,261,0.0,0.0,0.05,0.07,0.0,255,13,0.05,0.09,0.0,0.0,0.0,1.0,1,50737.0
24,9,272,872,0,1,11,0.0,0.0,1.0,0.0,0.1,99,255,1.0,0.0,0.05,0.0,0.0,0.0,0,51985.0
24,9,454,4635,0,1,7,0.0,0.0,1.0,0.0,0.0,255,255,1.0,0.0,0.0,0.0,0.0,0.0,0,48551.0
2,5,0,0,0,0,137,1.0,1.0,0.18,0.05,0.0,255,24,0.09,0.05,0.0,1.0,1.0,0.0,1,103897.0
17,2,0,0,0,0,136,0.0,0.0,0.15,0.06,0.0,255,20,0.08,0.07,0.0,0.0,0.0,1.0,1,116235.0
24,9,157,9185,0,1,1,0.0,0.0,1.0,0.0,0.0,4,255,1.0,0.0,0.03,0.0,0.0,0.0,0,85711.0
24,9,0,480,0,0,26,0.04,0.04,1.0,0.0,0.0,255,255,1.0,0.0,0.0,0.01,0.01,0.0,0,84509.0
14,9,30,0,0,0,7,0.0,0.0,0.14,0.29,0.0,255,4,0.02,0.01,0.0,0.0,0.0,0.0,0,98620.0
47,5,0,0,0,0,129,1.0,1.0,0.13,0.07,0.0,255,17,0.07,0.08,0.0,1.0,1.0,0.0,1,28766.0
24,9,290,0,0,1,3,0.0,0.0,1.0,0.0,0.0,26,112,1.0,0.0,0.17,0.0,0.01,0.86,0,49426.0
47,5,0,0,0,0,147,1.0,1.0,0.07,0.05,0.0,255,30,0.12,0.05,0.0,1.0,1.0,0.0,1,123293.0
24,9,285,338,0,1,17,0.0,0.0,1.0,0.0,0.07,39,255,1.0,0.0,0.04,0.0,0.0,0.0,0,102986.0
42,9,516,4,0,0,314,0.0,0.0,1.0,0.0,0.0,255,255,1.0,0.0,0.0,0.0,0.0,0.0,0,67377.0
47,5,0,0,0,0,83,1.0,1.0,0.02,0.07,0.0,255,12,0.05,0.08,0.0,1.0,1.0,0.0,1,64546.0
24,9,232,193,0,1,1,0.0,0.0,1.0,0.0,1.0,36,255,1.0,0.0,0.05,0.03,0.01,0.01,0,61536.0
4,9,10,37,0,0,3,0.0,0.0,0.33,0.67,0.0,255,8,0.03,0.03,0.0,0.0,0.0,0.0,0,75921.0
47,5,0,0,0,0,186,1.0,1.0,0.01,0.06,0.0,255,16,0.06,0.09,0.0,1.0,1.0,0.0,1,47272.0
52,9,562,404,0,1,1,0.0,0.0,1.0,0.0,0.0,255,70,0.27,0.05,0.0,0.45,0.0,0.0,0,117126.0
24,9,418,6303,0,1,1,0.0,0.0,1.0,0.0,0.71,3,255,1.0,0.0,0.06,0.0,0.0,0.0,0,108142.0
20,9,8325,0,0,0,18,0.0,0.0,1.0,0.0,0.0,203,94,0.46,0.03,0.0,0.0,0.0,0.0,0,39483.0
66,5,0,0,0,0,131,1.0,1.0,0.03,0.08,0.0,255,4,0.02,0.07,0.0,1.0,1.0,0.0,1,100383.0
24,9,251,702,0,1,2,0.0,0.0,1.0,0.0,0.0,255,255,1.0,0.0,0.0,0.0,0.0,0.0,0,51953.0
24,9,213,1721,0,1,8,0.0,0.0,1.0,0.0,0.0,68,255,1.0,0.0,0.04,0.0,0.0,0.0,0,118687.0
12,9,45,131,0,0,232,0.0,0.0,1.0,0.01,0.01,234,195,0.83,0.01,0.0,0.0,0.0,0.0,0,36841.0
9,5,0,0,0,0,231,1.0,1.0,0.03,0.05,0.0,255,8,0.03,0.06,0.0,1.0,1.0,0.0,1,47614.0
47,1,0,0,0,0,172,0.0,0.0,0.06,0.06,0.0,255,10,0.04,0.07,0.0,0.0,0.0,1.0,1,45030.0
23,5,0,0,0,0,200,1.0,1.0,0.05,0.07,0.0,255,10,0.04,0.08,0.0,1.0,1.0,0.0,1,122141.0
47,5,0,0,0,0,137,1.0,1.0,0.13,0.06,0.0,255,1,0.0,0.07,0.0,1.0,1.0,0.0,1,113900.0
19,9,1499,4152,0,1,1,0.0,0.0,1.0,0.0,0.0,255,42,0.16,0.01,0.0,0.0,0.0,0.0,0,3712.0
47,9,28,0,3,0,14,0.0,0.0,1.0,0.0,0.0,86,14,0.16,0.05,0.0,0.0,0.0,0.0,1,62220.0
11,5,0,0,0,0,201,1.0,1.0,0.0,0.06,0.0,255,20,0.08,0.07,0.0,1.0,1.0,0.0,1,52442.0
24,9,218,928,0,1,7,0.0,0.0,1.0,0.0,0.0,68,255,1.0,0.0,0.05,0.0,0.0,0.0,0,69504.0
24,9,289,1617,0,1,1,0.0,0.0,1.0,0.0,0.0,255,255,1.0,0.0,0.0,0.0,0.0,0.01,0,102668.0
14,9,8,0,0,0,1,0.0,0.0,1.0,0.0,1.0,4,244,1.0,0.0,0.25,0.0,0.0,0.0,1,26427.0
24,9,314,434,0,1,18,0.0,0.0,1.0,0.0,0.13,255,255,1.0,0.0,0.0,0.0,0.0,0.0,0,60697.0
47,1,0,0,0,0,2,0.0,0.0,0.5,1.0,0.0,255,1,0.0,0.53,0.0,0.0,0.0,1.0,1,86639.0
24,9,214,660,0,1,4,0.0,0.0,1.0,0.0,0.36,15,255,1.0,0.0,0.05,0.0,0.0,0.0,0,13262.0
24,9,214,7128,0,1,12,0.0,0.0,1.0,0.0,0.0,55,255,1.0,0.0,0.02,0.0,0.0,0.0,0,85837.0
40,5,0,0,0,0,232,1.0,1.0,0.1,0.05,0.0,255,24,0.09,0.06,0.0,1.0,1.0,0.0,1,52737.0
24,5,0,0,0,0,131,1.0,1.0,0.02,0.06,0.0,255,2,0.01,0.07,0.0,1.0,1.0,0.0,1,10010.0
24,9,234,2239,0,1,2,0.0,0.0,1.0,0.0,0.05,255,222,0.87,0.02,0.0,0.0,0.0,0.0,0,101743.0
24,9,170,4716,0,1,1,0.0,0.0,1.0,0.0,0.0,131,255,1.0,0.0,0.01,0.0,0.0,0.0,0,68504.0
52,9,926,335,0,1,1,0.0,0.0,1.0,0.0,1.0,10,200,1.0,0.0,0.01,0.0,0.0,0.0,0,10561.0
47,5,0,0,0,0,289,1.0,1.0,0.03,0.06,0.0,255,1,0.0,0.07,0.0,1.0,1.0,0.0,1,66635.0
8,5,0,0,0,0,118,1.0,1.0,0.08,0.06,0.0,255,9,0.04,0.07,0.0,1.0,1.0,0.0,1,104220.0
24,9,220,5035,0,1,4,0.0,0.0,1.0,0.0,0.0,4,255,1.0,0.0,0.02,0.0,0.01,0.0,0,33226.0
24,9,143,9578,0,1,1,0.0,0.0,1.0,0.0,0.75,58,255,1.0,0.0,0.07,0.02,0.01,0.0,0,86469.0
20,9,383,0,0,1,1,0.0,0.0,1.0,0.0,0.0,255,3,0.01,0.53,0.0,0.0,0.0,0.0,0,10683.0
12,9,45,135,0,0,167,0.0,0.0,1.0,0.0,0.0,255,255,1.0,0.0,0.0,0.0,0.0,0.0,0,91202.0
24,9,207,1824,0,1,3,0.0,0.0,1.0,0.0,0.4,33,255,1.0,0.0,0.04,0.0,0.0,0.0,0,74380.0
57,5,0,0,0,0,294,1.0,1.0,0.0,0.06,0.0,255,1,0.0,0.09,0.0,1.0,1.0,0.0,1,17917.0
24,9,225,22996,0,1,6,0.0,0.0,1.0,0.0,0.05,255,255,1.0,0.0,0.0,0.0,0.0,0.0,0,656.0
21,5,0,0,0,0,201,1.0,1.0,0.05,0.06,0.0,255,11,0.04,0.08,0.0,1.0,1.0,0.0,1,3998.0
24,9,325,764,0,1,8,0.0,0.0,1.0,0.0,0.33,10,255,1.0,0.0,0.04,0.0,0.0,0.0,0,20908.0
65,5,0,0,0,0,207,1.0,1.0,0.1,0.05,0.0,255,20,0.08,0.05,0.0,1.0,1.0,0.0,1,115475.0
38,5,0,0,0,0,294,1.0,1.0,0.06,0.06,0.0,255,19,0.07,0.08,0.0,1.0,1.0,0.0,1,83710.0
24,9,217,18434,0,1,2,0.0,0.0,1.0,0.0,0.0,30,255,1.0,0.0,0.05,0.0,0.0,0.0,0,80383.0
24,9,310,259,0,1,6,0.0,0.0,1.0,0.0,0.0,69,142,1.0,0.0,0.06,0.0,0.0,0.01,0,91549.0
52,9,883,327,0,1,1,0.0,0.0,1.0,0.0,0.0,86,57,0.66,0.06,0.0,0.0,0.0,0.0,0,39238.0
60,5,0,0,0,0,102,1.0,1.0,0.02,0.06,0.0,255,4,0.02,0.07,0.0,1.0,1.0,0.0,1,53001.0
24,9,320,978,0,1,13,0.0,0.0,1.0,0.0,0.19,154,255,1.0,0.0,0.01,0.0,0.0,0.0,0,120725.0
12,9,44,71,0,0,290,0.0,0.0,1.0,0.0,0.0,255,254,1.0,0.01,0.0,0.0,0.0,0.0,0,53373.0
47,2,0,0,0,0,184,0.0,0.0,0.09,0.07,0.0,255,16,0.06,0.07,0.0,0.0,0.0,1.0,1,24260.0
24,9,253,696,0,1,20,0.0,0.0,1.0,0.0,0.0,255,255,1.0,0.0,0.0,0.0,0.0,0.0,0,30903.0
52,9,1419,400,0,1,1,0.0,0.0,1.0,0.0,1.0,119,120,0.57,0.04,0.02,0.0,0.0,0.0,0,26557.0
12,9,42,42,0,0,5,0.0,0.0,1.0,0.0,0.44,255,242,0.95,0.01,0.0,0.0,0.0,0.0,0,46930.0
24,9,327,385,0,1,22,0.0,0.0,1.0,0.0,0.0,98,255,1.0,0.0,0.03,0.0,0.0,0.0,0,20063.0
14,9,8,0,0,0,1,0.0,0.0,1.0,0.0,1.0,1,133,1.0,0.0,0.5,0.0,0.0,0.0,1,62110.0
12,9,46,78,0,0,184,0.0,0.0,1.0,0.0,0.0,255,255,1.0,0.0,0.0,0.0,0.0,0.0,0,69825.0
24,9,319,2097,0,1,14,0.0,0.0,1.0,0.0,0.0,14,255,1.0,0.0,0.01,0.0,0.0,0.0,0,27314.0
14,9,8,0,0,0,1,0.0,0.0,1.0,0.0,1.0,1,255,1.0,0.0,0.25,0.0,0.0,0.0,1,29028.0
4,9,10,38,0,1,2,0.0,0.0,0.5,1.0,0.0,126,12,0.07,0.03,0.17,0.0,0.0,0.0,0,37406.0
24,9,326,1054,0,1,4,0.25,0.25,1.0,0.0,0.0,21,255,1.0,0.0,0.02,0.05,0.01,0.0,0,55898.0
14,9,8,0,0,0,1,0.0,0.0,1.0,0.0,1.0,2,150,1.0,0.0,0.25,0.0,0.0,0.0,1,48509.0
24,9,205,8647,0,1,17,0.0,0.0,1.0,0.0,0.11,17,255,1.0,0.0,0.03,0.0,0.0,0.0,0,7726.0
24,9,358,6359,0,1,2,0.0,0.0,1.0,0.0,0.75,9,255,1.0,0.0,0.03,0.0,0.0,0.0,0,100131.0
58,9,10991,83763,0,1,1,0.0,0.0,1.0,0.0,0.0,255,39,0.15,0.06,0.0,0.54,0.26,0.13,0,29916.0
47,5,0,0,0,0,67,1.0,1.0,0.01,0.09,0.0,255,1,0.0,0.06,0.0,1.0,1.0,0.0,1,28782.0
24,9,253,5372,0,1,1,0.0,0.0,1.0,0.0,0.0,3,3,1.0,0.0,0.0,0.0,0.0,0.0,0,91355.0
24,9,162,24486,0,1,1,0.0,0.0,1.0,0.0,0.0,74,255,1.0,0.0,0.01,0.03,0.01,0.01,0,93205.0
20,5,0,0,0,0,45,1.0,1.0,0.24,0.09,0.0,255,51,0.2,0.03,0.0,1.0,1.0,0.0,1,105060.0
39,5,0,0,0,0,124,1.0,1.0,0.15,0.06,0.0,255,19,0.07,0.05,0.0,1.0,1.0,0.0,1,40454.0
14,9,18,0,0,0,1,0.0,0.0,1.0,0.0,0.0,3,51,1.0,0.0,0.25,0.0,0.0,0.0,1,1633.0
47,1,0,0,0,0,84,0.0,0.0,0.11,0.07,0.0,255,9,0.04,0.07,0.0,0.0,0.0,1.0,1,28468.0
24,9,210,22101,0,1,6,0.0,0.0,1.0,0.0,0.0,24,255,1.0,0.0,0.04,0.0,0.0,0.0,0,42288.0
6,5,0,0,0,0,114,1.0,1.0,0.05,0.07,0.0,255,6,0.02,0.07,0.0,1.0,1.0,0.0,1,49162.0
5,5,0,0,0,0,208,1.0,1.0,0.1,0.05,0.0,255,20,0.08,0.06,0.0,1.0,1.0,0.0,1,85540.0
47,1,0,0,0,0,136,0.0,0.0,0.04,0.06,0.0,255,9,0.04,0.05,0.0,0.0,0.0,1.0,1,36988.0
58,5,0,0,0,0,63,1.0,1.0,0.25,0.06,0.0,255,47,0.18,0.05,0.0,1.0,1.0,0.0,1,119087.0
12,9,43,122,0,0,23,0.0,0.0,1.0,0.0,0.0,161,98,0.61,0.02,0.0,0.0,0.0,0.0,0,123638.0
24,9,208,265,0,1,3,0.0,0.0,1.0,0.0,0.0,64,255,1.0,0.0,0.05,0.0,0.0,0.0,0,61015.0
47,5,0,0,0,0,195,1.0,1.0,0.02,0.06,0.0,255,3,0.01,0.05,0.0,1.0,1.0,0.0,1,80503.0
24,9,161,68935,0,1,1,0.0,0.0,1.0,0.0,0.6,53,255,1.0,0.0,0.02,0.0,0.0,0.0,0,108950.0
18,5,0,0,0,0,36,1.0,1.0,0.33,0.11,0.0,255,72,0.28,0.02,0.0,1.0,1.0,0.0,1,1118.0
2,5,0,0,0,0,108,1.0,1.0,0.02,0.07,0.0,255,2,0.01,0.06,0.0,1.0,1.0,0.0,1,64554.0
24,9,228,4433,0,1,7,0.0,0.0,1.0,0.0,0.0,51,255,1.0,0.0,0.05,0.0,0.0,0.0,0,91492.0
47,5,0,0,0,0,133,1.0,1.0,0.09,0.06,0.0,255,2,0.01,0.07,0.0,1.0,1.0,0.0,1,47632.0
24,9,234,685,0,1,2,0.0,0.0,1.0,0.0,0.11,154,255,1.0,0.0,0.01,0.0,0.0,0.0,0,2687.0
24,9,54540,8314,0,1,4,0.0,0.0,1.0,0.0,0.5,197,197,1.0,0.0,0.0,0.0,0.0,0.06,1,1540.0
14,9,8,0,0,0,1,0.0,0.0,1.0,0.0,1.0,1,99,1.0,0.0,0.51,0.0,0.0,0.0,1,33762.0
24,9,230,9528,0,1,1,0.0,0.0,1.0,0.0,0.4,1,255,1.0,0.0,0.06,0.0,0.01,0.0,0,79562.0
52,9,652,390,0,1,3,0.0,0.0,0.33,0.67,1.0,64,181,0.23,0.03,0.02,0.0,0.0,0.0,0,44248.0
24,9,228,291,0,1,1,0.0,0.0,1.0,0.0,0.0,1,255,1.0,0.0,0.06,0.0,0.01,0.01,0,93318.0
24,9,239,8412,0,1,15,0.0,0.0,1.0,0.0,0.0,255,255,1.0,0.0,0.0,0.0,0.0,0.0,0,74774.0
47,9,1,0,0,0,15,0.0,0.0,1.0,0.0,0.0,255,86,0.34,0.09,0.0,0.0,0.0,0.0,1,95044.0
26,5,0,0,0,0,195,1.0,1.0,0.01,0.07,0.0,255,2,0.01,0.06,0.0,1.0,1.0,0.0,1,24111.0
24,9,296,10441,0,1,6,0.0,0.0,1.0,0.0,0.29,15,255,1.0,0.0,0.05,0.0,0.0,0.0,0,101665.0
2,5,0,0,0,0,263,1.0,1.0,0.03,0.06,0.0,255,8,0.03,0.07,0.0,1.0,1.0,0.0,1,47481.0
33,5,0,0,0,0,208,1.0,1.0,0.1,0.05,0.0,255,20,0.08,0.05,0.0,1.0,1.0,0.0,1,79387.0
12,9,42,42,0,0,116,0.0,0.0,1.0,0.0,0.01,255,255,1.0,0.0,0.0,0.0,0.0,0.0,0,62708.0
52,9,861,326,0,1,1,0.0,0.0,1.0,0.0,0.0,11,239,0.64,0.18,0.02,0.0,0.0,0.0,0,1828.0
63,5,0,0,0,0,119,1.0,1.0,0.12,0.07,0.0,255,14,0.05,0.06,0.0,1.0,1.0,0.0,1,114317.0
20,9,252,0,0,1,2,0.0,0.0,1.0,0.0,0.0,44,106,0.32,0.09,0.02,0.0,0.01,0.0,0,21329.0
24,9,340,1462,0,1,3,0.0,0.0,1.0,0.0,0.0,255,255,1.0,0.0,0.0,0.0,0.0,0.0,0,46976.0
25,1,0,0,0,0,138,0.0,0.0,0.14,0.07,0.0,255,19,0.07,0.06,0.0,0.0,0.0,1.0,1,60694.0
12,9,46,80,0,0,54,0.0,0.0,1.0,0.0,0.0,255,255,1.0,0.0,0.0,0.0,0.0,0.0,0,711.0
32,5,0,0,0,0,142,1.0,1.0,0.14,0.05,0.0,255,20,0.08,0.05,0.0,1.0,1.0,0.0,1,13333.0
20,9,1830,0,0,1,5,0.0,0.0,1.0,0.0,0.0,255,103,0.4,0.02,0.0,0.0,0.0,0.0,0,97686.0
58,9,81,1321,0,1,1,0.0,0.0,1.0,0.0,0.0,255,13,0.05,0.06,0.0,0.79,0.0,0.15,0,119528.0
7,5,0,0,0,0,272,1.0,1.0,0.01,0.06,0.0,255,3,0.01,0.07,0.0,1.0,1.0,0.0,1,99343.0
15,9,1032,0,0,0,511,0.0,0.0,1.0,0.0,0.0,255,128,0.5,0.02,0.0,0.01,0.0,0.0,1,95973.0
47,5,0,0,0,0,116,1.0,1.0,0.12,0.06,0.0,255,14,0.05,0.05,0.0,1.0,1.0,0.0,1,42090.0
24,9,246,1394,0,1,27,0.0,0.0,1.0,0.0,0.1,255,255,1.0,0.0,0.0,0.0,0.0,0.0,0,53064.0
14,9,18,0,0,0,1,0.0,0.0,1.0,0.0,0.0,2,46,1.0,0.0,0.26,0.0,0.0,0.0,1,53634.0
27,5,0,0,0,0,244,1.0,1.0,0.09,0.05,0.0,255,21,0.08,0.06,0.0,1.0,1.0,0.0,1,72234.0
12,9,43,117,0,0,194,0.0,0.0,1.0,0.0,0.0,255,255,1.0,0.0,0.0,0.0,0.0,0.0,0,44163.0
27,5,0,0,0,0,275,1.0,1.0,0.0,0.05,0.0,255,1,0.0,0.05,0.0,1.0,1.0,0.0,1,105555.0
47,5,0,0,0,0,121,1.0,1.0,0.08,0.06,0.0,255,12,0.05,0.07,0.0,1.0,1.0,0.0,1,79444.0
54,5,0,0,0,0,199,0.65,1.0,0.01,0.41,0.0,255,1,0.0,0.32,0.0,0.51,1.0,0.0,1,650.0
47,5,0,0,0,0,82,1.0,1.0,0.01,0.07,0.0,255,1,0.0,0.05,0.0,1.0,1.0,0.0,1,41147.0
24,9,299,12211,0,1,7,0.0,0.0,1.0,0.0,0.25,153,255,1.0,0.0,0.02,0.0,0.0,0.0,0,3044.0
52,9,708,331,0,1,1,0.0,0.0,1.0,0.0,0.0,187,188,0.75,0.02,0.01,0.0,0.0,0.0,0,65541.0
4,5,0,0,0,0,272,1.0,1.0,0.07,0.06,0.0,255,18,0.07,0.07,0.0,1.0,1.0,0.0,1,32174.0
20,9,740,0,0,1,2,0.0,0.0,1.0,0.0,0.0,88,94,0.49,0.06,0.02,0.0,0.0,0.0,0,102391.0
24,9,252,18968,0,1,2,0.0,0.0,1.0,0.0,0.0,252,255,1.0,0.0,0.01,0.0,0.0,0.0,0,81481.0
47,5,0,0,0,0,67,1.0,1.0,0.01,0.09,0.0,255,4,0.02,0.08,0.0,1.0,1.0,0.0,1,46302.0
47,9,1,0,0,0,3,0.0,0.0,0.67,0.67,0.0,147,2,0.01,0.05,0.0,0.01,0.0,0.0,1,68337.0
24,9,257,1988,0,1,1,0.0,0.0,1.0,0.0,0.4,28,255,1.0,0.0,0.04,0.0,0.0,0.0,0,71664.0
19,2,0,0,0,0,228,0.0,0.0,0.03,0.07,0.0,255,6,0.02,0.09,0.0,0.0,0.0,1.0,1,105679.0
47,9,1,0,0,0,17,0.0,0.0,0.06,0.18,0.0,255,1,0.0,0.38,0.0,0.16,0.0,0.0,1,6487.0
47,5,0,0,0,0,120,1.0,1.0,0.1,0.06,0.0,255,16,0.06,0.07,0.0,1.0,1.0,0.0,1,4570.0
14,9,8,0,0,0,1,0.0,0.0,1.0,0.0,1.0,2,25,1.0,0.0,0.52,0.0,0.0,0.0,1,119830.0
47,5,0,0,0,0,85,1.0,1.0,0.08,0.06,0.0,255,13,0.05,0.06,0.0,1.0,1.0,0.0,1,103187.0
30,5,0,0,0,0,228,1.0,1.0,0.01,0.06,0.0,255,3,0.01,0.06,0.0,1.0,1.0,0.0,1,33341.0
63,2,0,0,0,0,103,0.0,0.0,0.02,0.08,0.0,255,2,0.01,0.06,0.0,0.0,0.0,1.0,1,123426.0
24,9,240,535,0,1,30,0.0,0.0,1.0,0.0,0.1,255,255,1.0,0.0,0.0,0.0,0.0,0.0,0,51727.0
47,1,0,0,0,0,1,0.0,0.0,1.0,0.0,0.0,62,2,0.02,1.0,1.0,0.0,0.0,1.0,1,114719.0
24,9,270,4111,0,1,3,0.0,0.0,1.0,0.0,0.0,255,255,1.0,0.0,0.0,0.0,0.0,0.0,0,8069.0
24,9,213,20669,0,1,1,0.0,0.0,1.0,0.0,0.67,2,255,1.0,0.0,0.03,0.0,0.0,0.0,0,13269.0
12,9,97,44,0,0,4,0.0,0.0,1.0,0.0,0.4,43,31,0.72,0.07,0.0,0.0,0.0,0.0,0,95142.0
47,5,0,0,0,0,150,1.0,1.0,0.11,0.05,0.0,255,18,0.07,0.05,0.0,1.0,1.0,0.0,1,35875.0
47,5,0,0,0,0,136,1.0,1.0,0.07,0.07,0.0,255,9,0.04,0.08,0.0,1.0,1.0,0.0,1,77760.0
13,2,0,0,0,0,253,0.0,0.0,0.08,0.06,0.0,255,19,0.07,0.07,0.0,0.0,0.0,1.0,1,118152.0
24,9,294,1906,0,1,21,0.0,0.0,1.0,0.0,0.06,54,255,1.0,0.0,0.04,0.0,0.0,0.0,0,61682.0
28,5,0,0,0,0,147,1.0,1.0,0.15,0.05,0.0,255,22,0.09,0.05,0.0,1.0,1.0,0.0,1,57643.0
24,9,289,2111,0,1,3,0.0,0.0,1.0,0.0,0.5,255,255,1.0,0.0,0.0,0.0,0.0,0.0,0,118008.0
47,5,0,0,0,0,75,1.0,1.0,0.32,0.05,0.0,255,24,0.09,0.04,0.0,1.0,1.0,0.0,1,99837.0
47,9,1,0,0,0,25,0.0,0.0,0.04,0.28,0.0,255,1,0.0,0.48,0.0,0.03,0.0,0.0,1,125733.0
42,1,0,0,0,0,511,0.23,0.0,0.0,1.0,0.0,255,1,0.0,1.0,0.0,0.18,0.0,1.0,1,39936.0
20,5,0,0,0,0,190,1.0,1.0,0.03,0.06,0.0,255,5,0.02,0.07,0.0,1.0,1.0,0.0,1,31140.0
47,9,105,145,0,0,4,0.0,0.0,0.25,0.5,0.0,255,239,0.94,0.01,0.0,0.0,0.0,0.0,0,39816.0
47,5,0,0,0,0,164,1.0,1.0,0.07,0.07,0.0,255,12,0.05,0.09,0.0,1.0,1.0,0.0,1,18691.0
5,5,0,0,0,0,229,1.0,1.0,0.07,0.07,0.0,255,15,0.06,0.09,0.0,1.0,1.0,0.0,1,81546.0
47,5,0,0,0,0,178,0.99,1.0,0.01,0.07,0.0,255,20,0.08,0.07,0.0,1.0,1.0,0.0,1,9298.0
52,9,1344,403,0,1,1,0.0,0.0,1.0,0.0,0.0,64,30,0.47,0.06,0.0,0.0,0.0,0.0,0,16676.0
20,5,0,0,0,0,476,0.07,0.05,0.04,0.96,0.0,255,19,0.07,0.93,0.0,0.09,0.05,0.95,1,91603.0
47,5,0,0,0,0,108,1.0,1.0,0.15,0.06,0.0,255,11,0.04,0.07,0.0,1.0,1.0,0.0,1,13625.0
24,9,54540,8314,0,1,2,0.0,0.0,1.0,0.0,0.0,255,240,0.94,0.01,0.0,0.0,0.0,0.0,1,63360.0
18,9,12,226,0,0,1,0.0,0.0,1.0,0.0,0.0,205,10,0.05,0.03,0.0,0.0,0.0,0.0,0,2347.0
42,9,10261,0,0,1,13,0.08,0.0,0.08,0.54,0.0,255,1,0.0,0.08,0.0,0.02,0.0,0.0,0,70497.0
20,5,0,0,0,0,195,1.0,1.0,0.01,0.07,0.0,255,7,0.03,0.07,0.0,1.0,1.0,0.0,1,109461.0
24,9,226,1350,0,1,6,0.0,0.0,1.0,0.0,0.19,20,255,1.0,0.0,0.05,0.0,0.0,0.0,0,34280.0
42,4,1,0,0,0,2,0.0,0.0,1.0,0.0,0.0,255,2,0.01,0.73,0.0,0.0,0.0,1.0,1,47440.0
20,9,5133876,0,0,1,1,0.0,0.0,1.0,0.0,0.0,8,38,1.0,0.0,0.13,0.0,0.0,0.0,1,70649.0
19,9,1172,3380,0,1,2,0.0,0.0,0.5,1.0,0.0,239,65,0.27,0.03,0.0,0.0,0.0,0.0,0,67939.0
52,9,1049,370,0,1,1,0.0,0.0,1.0,0.0,1.0,49,175,0.71,0.08,0.01,0.0,0.0,0.0,0,125138.0
24,9,208,2785,0,1,7,0.0,0.0,1.0,0.0,0.22,35,255,1.0,0.0,0.03,0.0,0.0,0.0,0,112386.0
47,10,0,0,0,0,1,1.0,1.0,1.0,0.0,0.0,76,1,0.01,0.87,0.0,0.89,1.0,0.0,1,98491.0
57,5,0,0,0,0,249,1.0,1.0,0.08,0.05,0.0,255,20,0.08,0.05,0.0,1.0,1.0,0.0,1,18460.0
25,5,0,0,0,0,123,1.0,1.0,0.15,0.07,0.0,255,19,0.07,0.06,0.0,1.0,1.0,0.0,1,123856.0
14,9,8,0,0,0,1,0.0,0.0,1.0,0.0,0.0,1,233,1.0,0.0,0.5,0.0,0.0,0.0,1,123281.0
42,4,1,0,0,0,2,0.0,0.0,1.0,0.0,0.0,255,2,0.01,0.73,0.0,0.0,0.0,1.0,1,57733.0
65,5,0,0,0,0,98,1.0,1.0,0.01,0.06,0.0,255,1,0.0,0.07,0.0,1.0,1.0,0.0,1,14191.0
47,1,0,0,0,0,1,0.0,0.0,1.0,0.0,0.0,40,2,0.03,1.0,1.0,0.0,0.0,1.0,1,42411.0
24,9,342,7208,0,1,2,0.0,0.0,1.0,0.0,0.0,30,255,1.0,0.0,0.04,0.0,0.0,0.0,0,12253.0
24,9,331,1290,0,1,16,0.0,0.0,1.0,0.0,0.15,19,255,1.0,0.0,0.05,0.0,0.0,0.0,0,42210.0
24,9,321,1879,0,1,8,0.0,0.0,1.0,0.0,0.18,35,255,1.0,0.0,0.01,0.0,0.0,0.0,0,32270.0
20,9,748,0,0,1,1,0.0,0.0,1.0,0.0,0.0,1,44,1.0,0.0,0.05,0.0,0.02,0.0,0,78958.0
16,1,0,0,0,0,74,0.0,0.0,0.08,0.07,0.0,255,6,0.02,0.07,0.0,0.0,0.0,1.0,1,32919.0
24,9,227,1443,0,1,16,0.0,0.0,1.0,0.0,0.0,24,255,1.0,0.0,0.02,0.0,0.0,0.0,0,10741.0
24,9,279,3023,0,1,2,0.0,0.0,1.0,0.0,0.5,58,255,1.0,0.0,0.03,0.0,0.0,0.0,0,106313.0
12,9,45,114,0,0,2,0.0,0.0,1.0,0.0,0.25,255,238,0.93,0.01,0.0,0.0,0.0,0.0,0,84739.0
24,9,202,1745,0,1,16,0.0,0.0,1.0,0.0,0.11,255,255,1.0,0.0,0.0,0.0,0.0,0.0,0,119610.0
14,9,30,0,0,0,2,0.0,0.0,1.0,0.0,0.0,239,239,1.0,0.0,0.0,0.0,0.0,0.0,0,68493.0
24,9,331,529,0,1,6,0.0,0.0,1.0,0.0,0.29,89,255,1.0,0.0,0.07,0.0,0.0,0.82,0,84054.0
24,9,315,689,0,1,7,0.0,0.0,1.0,0.0,0.25,255,255,1.0,0.0,0.0,0.0,0.0,0.0,0,90169.0
12,9,45,111,0,0,75,0.0,0.0,1.0,0.0,0.01,255,239,0.94,0.01,0.0,0.0,0.0,0.0,0,47562.0
12,9,45,87,0,0,275,0.0,0.0,1.0,0.0,0.0,255,242,0.95,0.01,0.0,0.0,0.0,0.0,0,67968.0
58,9,127,1303,0,1,1,0.0,0.0,1.0,0.0,0.0,119,24,0.2,0.05,0.0,0.01,0.04,0.08,0,55540.0
10,5,0,0,0,0,231,1.0,1.0,0.03,0.07,0.0,255,7,0.03,0.07,0.0,1.0,1.0,0.0,1,90409.0
14,9,18,0,0,0,1,0.0,0.0,1.0,0.0,0.0,1,78,1.0,0.0,1.0,0.0,0.0,0.0,1,59369.0
42,9,147,105,0,0,1,0.0,0.0,1.0,0.0,0.0,255,2,0.01,0.61,0.0,0.0,0.0,0.0,0,36297.0
14,9,8,0,0,0,1,0.0,0.0,1.0,0.0,1.0,1,21,1.0,0.0,0.52,0.0,0.0,0.0,1,64522.0
27,5,0,0,0,0,244,1.0,1.0,0.02,0.07,0.0,255,4,0.02,0.07,0.0,1.0,1.0,0.0,1,71596.0
24,9,293,1605,0,1,11,0.0,0.0,1.0,0.0,0.17,11,255,1.0,0.0,0.04,0.0,0.0,0.0,0,21077.0
27,5,0,0,0,0,231,1.0,1.0,0.1,0.05,0.0,255,22,0.09,0.06,0.0,1.0,1.0,0.0,1,58363.0
24,9,255,1328,0,1,10,0.0,0.0,1.0,0.0,0.0,255,255,1.0,0.0,0.0,0.0,0.0,0.0,0,97747.0
47,5,0,0,0,0,167,1.0,1.0,0.05,0.06,0.0,255,17,0.07,0.07,0.0,1.0,1.0,0.0,1,122152.0
24,9,375,1421,0,1,7,0.0,0.0,1.0,0.0,0.0,62,255,1.0,0.0,0.03,0.0,0.0,0.0,0,59333.0
47,1,0,0,0,0,192,0.02,0.0,0.01,1.0,0.0,255,1,0.0,0.78,0.0,0.01,0.0,1.0,1,41379.0
24,9,231,202,0,1,4,0.25,0.2,1.0,0.0,0.4,4,255,1.0,0.0,0.06,0.25,0.0,0.0,0,70668.0
12,9,45,45,0,0,76,0.0,0.0,1.0,0.0,0.01,255,255,1.0,0.0,0.0,0.0,0.0,0.0,0,10641.0
24,9,203,1944,0,1,12,0.0,0.0,1.0,0.0,0.0,12,255,1.0,0.0,0.16,0.0,0.0,0.56,0,9742.0
24,9,195,3197,0,1,13,0.0,0.0,1.0,0.0,0.12,67,255,1.0,0.0,0.03,0.0,0.0,0.0,0,44123.0
7,5,0,0,0,0,267,1.0,1.0,0.07,0.04,0.0,255,20,0.08,0.05,0.0,1.0,1.0,0.0,1,32992.0
42,9,145,105,0,0,1,0.0,0.0,1.0,0.0,0.0,255,1,0.0,0.61,0.0,0.0,0.0,0.0,0,17035.0
24,9,319,21537,0,1,1,0.0,0.0,1.0,0.0,0.0,32,255,1.0,0.0,0.04,0.0,0.0,0.0,0,115615.0
24,6,193,16060,0,1,3,0.33,0.25,1.0,0.0,0.5,3,255,1.0,0.0,0.05,0.33,0.0,0.01,0,58224.0
24,9,218,5280,0,1,13,0.0,0.0,1.0,0.0,0.19,55,255,1.0,0.0,0.02,0.0,0.0,0.0,0,85452.0
58,5,0,0,0,0,3,1.0,1.0,0.33,0.67,0.0,255,41,0.16,0.05,0.0,1.0,1.0,0.0,1,98405.0
25,1,0,0,0,0,143,0.0,0.0,0.1,0.06,0.0,255,8,0.03,0.07,0.0,0.0,0.0,1.0,1,67599.0
57,5,0,0,0,0,271,1.0,1.0,0.02,0.06,0.0,255,6,0.02,0.07,0.0,1.0,1.0,0.0,1,84478.0
45,9,52,4864,0,1,1,0.0,0.0,1.0,0.0,0.0,255,1,0.0,0.45,0.0,0.0,0.0,0.0,0,55083.0
38,5,0,0,0,0,157,1.0,1.0,0.11,0.05,0.0,255,18,0.07,0.05,0.0,1.0,1.0,0.0,1,57626.0
24,9,166,13175,0,1,5,0.0,0.0,1.0,0.0,0.0,248,255,1.0,0.0,0.02,0.0,0.0,0.0,0,120190.0
34,5,0,0,0,0,243,1.0,1.0,0.01,0.06,0.0,255,3,0.01,0.07,0.0,1.0,1.0,0.0,1,7256.0
14,9,8,0,0,0,1,0.0,0.0,1.0,0.0,1.0,2,122,1.0,0.0,0.5,0.0,0.0,0.0,1,92211.0
24,9,287,896,0,1,15,0.0,0.06,1.0,0.0,0.22,45,255,1.0,0.0,0.04,0.0,0.0,0.0,0,100771.0
42,9,146,105,0,0,1,0.0,0.0,1.0,0.0,0.0,255,1,0.0,0.5,0.0,0.0,0.0,0.0,0,7631.0
12,9,43,70,0,0,180,0.0,0.0,0.99,0.01,0.0,255,254,1.0,0.01,0.0,0.0,0.0,0.0,0,88130.0
24,9,335,21659,0,1,1,0.0,0.0,1.0,0.0,0.0,14,255,1.0,0.0,0.02,0.0,0.0,0.0,0,35240.0
47,5,0,0,0,0,24,1.0,1.0,0.04,0.17,0.0,255,11,0.04,0.08,0.0,1.0,1.0,0.0,1,31825.0
35,5,0,0,0,0,240,1.0,1.0,0.08,0.05,0.0,255,20,0.08,0.05,0.0,1.0,1.0,0.0,1,14333.0
45,9,6,151,0,1,11,0.0,0.0,0.09,1.0,0.0,255,1,0.0,0.08,0.0,0.0,0.0,0.0,1,99330.0
47,9,28,0,3,0,31,0.0,0.0,1.0,0.0,0.0,255,31,0.12,0.01,0.0,0.0,0.0,0.0,1,103819.0
24,9,258,6418,0,1,3,0.0,0.0,1.0,0.0,0.0,104,101,0.97,0.02,0.0,0.0,0.0,0.0,0,27857.0
24,9,241,285,0,1,10,0.0,0.0,1.0,0.0,0.05,255,255,1.0,0.0,0.0,0.0,0.0,0.0,0,34482.0
24,9,235,652,0,1,1,0.0,0.0,1.0,0.0,0.0,67,255,1.0,0.0,0.04,0.0,0.0,0.0,0,31967.0
24,9,284,21596,0,1,3,0.0,0.0,1.0,0.0,0.56,31,255,1.0,0.0,0.05,0.0,0.0,0.0,0,86183.0
24,9,228,14408,0,1,8,0.0,0.0,1.0,0.0,0.0,19,255,1.0,0.0,0.01,0.0,0.0,0.0,0,36485.0
20,5,0,0,0,0,20,1.0,1.0,0.25,0.2,0.0,255,29,0.11,0.05,0.0,1.0,1.0,0.0,1,110076.0
10,5,0,0,0,0,215,1.0,1.0,0.02,0.07,0.0,255,15,0.06,0.05,0.0,1.0,1.0,0.0,1,32293.0
47,5,0,0,0,0,122,1.0,1.0,0.02,0.06,0.0,255,3,0.01,0.06,0.0,1.0,1.0,0.0,1,48493.0
52,9,2192,332,0,1,1,0.0,0.0,1.0,0.0,0.0,216,128,0.59,0.02,0.0,0.0,0.0,0.0,0,108148.0
42,1,0,0,0,0,492,0.08,0.0,0.0,0.95,0.0,255,1,0.0,0.91,0.0,0.08,0.0,1.0,1,67781.0
52,9,1801,329,0,1,1,0.0,0.0,1.0,0.0,0.0,154,104,0.68,0.02,0.0,0.0,0.0,0.0,0,95767.0
52,9,1430,327,0,1,1,0.0,0.0,1.0,0.0,0.8,119,76,0.64,0.05,0.0,0.0,0.0,0.0,0,107185.0
47,1,0,0,0,0,259,0.0,0.0,0.03,0.07,0.0,255,8,0.03,0.09,0.0,0.0,0.0,1.0,1,106848.0
10,5,0,0,0,0,260,1.0,1.0,0.09,0.05,0.0,255,23,0.09,0.05,0.0,1.0,1.0,0.0,1,63777.0
24,9,271,272,0,1,14,0.0,0.0,1.0,0.0,0.0,255,255,1.0,0.0,0.0,0.0,0.0,0.0,0,79506.0
42,9,46,46,0,0,1,0.0,0.0,1.0,0.0,0.0,2,1,0.5,1.0,0.0,0.0,0.0,0.0,0,40237.0
47,9,105,147,0,0,6,0.0,0.0,0.17,0.33,0.0,255,238,0.93,0.01,0.0,0.0,0.0,0.0,0,69040.0
15,9,1032,0,0,0,511,0.0,0.0,1.0,0.0,0.0,255,152,0.6,0.01,0.0,0.0,0.0,0.0,1,107996.0
12,9,45,125,0,0,69,0.0,0.0,1.0,0.0,0.01,255,236,0.93,0.01,0.0,0.0,0.0,0.0,0,95281.0
7,5,0,0,0,0,276,1.0,1.0,0.06,0.06,0.0,255,16,0.06,0.08,0.0,1.0,1.0,0.0,1,75553.0
24,9,352,943,0,1,10,0.0,0.0,1.0,0.0,0.25,56,255,1.0,0.0,0.01,0.0,0.0,0.0,0,30818.0
47,5,0,0,0,0,252,1.0,1.0,0.02,0.06,0.0,255,7,0.03,0.07,0.0,1.0,1.0,0.0,1,58483.0
12,9,95,42,0,0,1,0.0,0.0,1.0,0.0,0.0,22,11,0.5,0.09,0.0,0.0,0.0,0.0,0,14370.0
24,9,220,1528,0,1,1,0.0,0.0,1.0,0.0,0.0,255,255,1.0,0.0,0.0,0.01,0.01,0.0,0,5140.0
62,9,181,0,0,0,2,0.0,0.0,0.5,1.0,0.0,255,13,0.05,0.01,0.0,0.0,0.0,0.0,0,33241.0
24,9,282,269,0,1,7,0.0,0.0,1.0,0.0,0.0,255,255,1.0,0.0,0.0,0.0,0.0,0.0,0,91310.0
24,9,326,626,0,1,19,0.0,0.0,1.0,0.0,0.1,255,255,1.0,0.0,0.0,0.0,0.0,0.0,0,86101.0
24,5,0,0,0,0,31,1.0,0.94,0.52,0.06,0.12,191,56,0.29,0.02,0.0,1.0,1.0,0.0,1,50614.0
14,9,8,0,0,0,1,0.0,0.0,1.0,0.0,1.0,1,91,1.0,0.0,0.51,0.0,0.0,0.0,1,115755.0
14,9,8,0,0,0,1,0.0,0.0,1.0,0.0,1.0,1,91,1.0,0.0,0.51,0.0,0.0,0.0,1,63038.0
63,5,0,0,0,0,133,1.0,1.0,0.07,0.05,0.0,255,9,0.04,0.05,0.0,1.0,1.0,0.0,1,18115.0
18,5,0,0,0,0,62,1.0,1.0,0.24,0.06,0.0,255,64,0.25,0.02,0.0,1.0,1.0,0.0,1,40188.0
20,5,0,0,0,0,144,1.0,1.0,0.06,0.06,0.0,255,8,0.03,0.07,0.0,1.0,1.0,0.0,1,83578.0
57,5,0,0,0,0,273,1.0,1.0,0.04,0.06,0.0,255,11,0.04,0.07,0.0,1.0,1.0,0.0,1,114854.0
47,5,0,0,0,0,266,1.0,1.0,0.06,0.06,0.0,255,4,0.02,0.07,0.0,1.0,1.0,0.0,1,105810.0
24,9,173,1737,0,1,1,0.0,0.0,1.0,0.0,0.0,8,255,1.0,0.0,0.02,0.0,0.0,0.0,0,6394.0
18,9,10,288,0,0,1,0.0,0.0,1.0,0.0,0.0,28,12,0.04,0.18,0.17,0.0,0.08,0.0,0,23622.0
24,9,189,18004,0,1,4,0.0,0.0,1.0,0.0,0.0,22,255,1.0,0.0,0.04,0.0,0.0,0.0,0,44874.0
24,9,236,397,0,1,2,0.0,0.25,1.0,0.0,0.5,255,255,1.0,0.0,0.0,0.01,0.01,0.0,0,76470.0
47,1,0,0,0,0,113,0.0,0.0,0.12,0.05,0.0,255,14,0.05,0.05,0.0,0.0,0.0,1.0,1,41418.0
52,9,1156,521,0,1,1,0.0,0.0,1.0,0.0,1.0,47,243,0.89,0.09,0.01,0.0,0.0,0.0,0,5477.0
17,5,0,0,0,0,139,1.0,1.0,0.07,0.06,0.0,255,16,0.06,0.07,0.0,1.0,1.0,0.0,1,68959.0
19,9,1459,4152,0,1,1,0.0,0.0,1.0,0.0,0.0,25,13,0.52,0.2,0.0,0.0,0.0,0.0,0,113020.0
24,9,231,1619,0,1,10,0.0,0.0,1.0,0.0,0.0,10,255,1.0,0.0,0.05,0.0,0.0,0.0,0,36139.0
24,9,326,418,0,1,30,0.0,0.0,1.0,0.0,0.16,255,255,1.0,0.0,0.0,0.0,0.0,0.0,0,21075.0
24,9,149,44324,0,1,1,0.0,0.0,1.0,0.0,0.0,255,255,1.0,0.0,0.0,0.0,0.0,0.0,0,68150.0
20,5,0,0,0,0,66,1.0,1.0,0.21,0.06,0.0,255,54,0.21,0.02,0.0,1.0,1.0,0.0,1,112697.0
52,9,2766,476,0,1,1,0.0,0.0,1.0,0.0,1.0,255,12,0.05,0.02,0.0,0.0,0.0,0.0,0,7992.0
20,9,22,0,0,0,1,0.0,0.0,1.0,0.0,0.0,222,44,0.2,0.03,0.0,0.0,0.0,0.0,0,10809.0
14,9,30,0,0,0,2,0.0,0.0,0.5,1.0,1.0,109,108,0.02,0.03,0.5,0.0,0.0,0.0,0,99786.0
52,9,1708,329,0,1,1,0.0,0.0,1.0,0.0,1.0,188,102,0.54,0.04,0.0,0.0,0.0,0.0,0,83008.0
20,9,1874,0,0,1,2,0.0,0.0,1.0,0.0,0.0,160,93,0.26,0.02,0.02,0.0,0.0,0.0,0,105204.0
24,9,226,6265,0,1,1,0.0,0.0,1.0,0.0,0.4,65,255,1.0,0.0,0.02,0.0,0.0,0.0,0,70764.0
57,5,0,0,0,0,214,1.0,1.0,0.12,0.06,0.0,255,25,0.1,0.06,0.0,1.0,1.0,0.0,1,81467.0
47,1,0,0,0,0,36,0.03,0.0,0.03,1.0,0.0,255,1,0.0,0.17,0.0,0.0,0.0,1.0,1,45827.0
20,9,16,0,0,1,2,0.0,0.0,1.0,0.0,0.5,255,64,0.25,0.02,0.0,0.95,0.95,0.0,0,75897.0
47,5,0,0,0,0,121,1.0,1.0,0.07,0.06,0.0,255,7,0.03,0.09,0.0,1.0,1.0,0.0,1,115614.0
24,9,279,317,0,1,8,0.0,0.0,1.0,0.0,0.0,19,255,1.0,0.0,0.05,0.0,0.0,0.0,0,35298.0
42,1,0,0,0,0,435,0.08,0.0,0.0,1.0,0.0,255,1,0.0,1.0,0.0,0.11,0.0,1.0,1,89541.0
52,9,2444,329,0,1,2,0.0,0.0,1.0,0.0,0.0,255,157,0.62,0.02,0.0,0.0,0.0,0.0,0,15170.0
64,5,0,0,0,0,203,1.0,1.0,0.1,0.06,0.0,255,19,0.07,0.07,0.0,1.0,1.0,0.0,1,67832.0
14,9,8,0,0,0,1,0.0,0.0,1.0,0.0,1.0,2,142,1.0,0.0,0.25,0.0,0.0,0.0,1,67294.0
47,5,0,0,0,0,195,1.0,1.0,0.02,0.07,0.0,255,20,0.08,0.06,0.0,1.0,1.0,0.0,1,36276.0
20,9,95,0,0,1,7,0.0,0.0,1.0,0.0,0.0,255,125,0.49,0.02,0.0,0.0,0.0,0.0,0,46551.0
6,5,0,0,0,0,113,1.0,1.0,0.08,0.06,0.0,255,9,0.04,0.06,0.0,1.0,1.0,0.0,1,52922.0
42,9,1,0,0,0,4,0.0,0.0,1.0,0.0,0.0,255,4,0.02,0.2,0.0,0.0,0.0,0.0,1,97786.0
52,9,1273,333,0,1,1,0.0,0.0,1.0,0.0,0.0,74,124,0.76,0.05,0.02,0.0,0.0,0.0,0,17846.0
24,9,207,808,0,1,32,0.0,0.0,1.0,0.0,0.06,190,255,1.0,0.0,0.01,0.0,0.0,0.0,0,29997.0
24,9,232,1113,0,1,3,0.0,0.0,1.0,0.0,0.0,24,255,1.0,0.0,0.01,0.0,0.0,0.0,0,109414.0
24,5,0,0,0,0,130,1.0,1.0,0.17,0.05,0.0,255,21,0.08,0.05,0.0,1.0,1.0,0.0,1,25667.0
15,9,1032,0,0,0,288,0.0,0.0,1.0,0.0,0.0,255,255,1.0,0.0,0.0,0.0,0.0,0.0,1,39407.0
24,9,208,3997,0,1,3,0.0,0.0,1.0,0.0,0.0,3,255,1.0,0.0,0.02,0.0,0.0,0.0,0,12075.0
64,5,0,0,0,0,245,1.0,1.0,0.08,0.07,0.0,255,19,0.07,0.08,0.0,1.0,1.0,0.0,1,90144.0
12,9,46,129,0,0,117,0.0,0.0,1.0,0.0,0.01,255,255,1.0,0.0,0.0,0.0,0.0,0.0,0,47701.0
26,5,0,0,0,0,261,1.0,1.0,0.01,0.07,0.0,255,2,0.01,0.08,0.0,1.0,1.0,0.0,1,118888.0
47,9,1,0,0,0,3,0.0,0.0,1.0,0.0,0.0,255,3,0.01,0.55,0.0,0.05,0.0,0.0,1,31810.0
12,9,42,42,0,0,28,0.0,0.0,1.0,0.0,0.04,255,255,1.0,0.0,0.0,0.0,0.0,0.0,0,12278.0
63,5,0,0,0,0,74,1.0,1.0,0.31,0.05,0.0,255,23,0.09,0.04,0.0,1.0,1.0,0.0,1,63709.0
24,1,0,0,0,0,1,0.0,0.0,1.0,0.0,0.0,5,255,1.0,0.0,0.12,0.0,0.0,0.97,0,60968.0
24,9,295,2247,0,1,5,0.0,0.0,1.0,0.0,0.0,5,255,1.0,0.0,0.03,0.0,0.0,0.0,0,52148.0
24,9,146,128,0,1,1,0.0,0.0,1.0,0.0,1.0,3,255,1.0,0.0,0.04,0.0,0.0,0.02,0,114845.0
52,9,2868,329,0,1,1,0.0,0.0,1.0,0.0,0.0,255,114,0.45,0.03,0.0,0.0,0.01,0.0,0,86480.0
24,1,0,0,0,0,211,0.0,0.0,0.02,0.07,0.0,255,5,0.02,0.07,0.0,0.0,0.0,1.0,1,57708.0
52,9,1351,330,0,1,1,0.0,0.0,1.0,0.0,0.0,135,63,0.47,0.04,0.0,0.0,0.0,0.0,0,38770.0
42,9,1,0,0,0,15,0.0,0.0,0.07,0.53,0.0,255,1,0.0,0.23,0.0,0.0,0.0,0.0,1,66024.0
24,9,249,266,0,1,1,0.0,0.0,1.0,0.0,0.0,255,240,0.94,0.02,0.0,0.0,0.0,0.0,0,103644.0
62,9,182,0,0,0,5,0.0,0.0,1.0,0.0,0.0,255,8,0.03,0.01,0.0,0.0,0.0,0.0,0,60208.0
29,5,0,0,0,0,66,1.0,1.0,0.09,0.06,0.0,255,6,0.02,0.05,0.0,1.0,1.0,0.0,1,120948.0
7,5,0,0,0,0,237,1.0,1.0,0.02,0.07,0.0,255,5,0.02,0.08,0.0,1.0,1.0,0.0,1,112211.0
4,9,9,36,0,1,1,0.0,0.0,1.0,0.0,0.0,255,4,0.02,0.03,0.0,0.0,0.0,0.0,0,73561.0
47,5,0,0,0,0,175,1.0,1.0,0.07,0.07,0.0,255,12,0.05,0.06,0.0,1.0,1.0,0.0,1,56670.0
23,5,0,0,0,0,284,1.0,1.0,0.07,0.05,0.0,255,21,0.08,0.05,0.0,1.0,1.0,0.0,1,83828.0
45,9,35,130,0,1,1,0.0,0.0,1.0,0.0,0.0,14,6,0.07,0.29,0.5,0.0,0.0,0.0,0,43526.0
32,2,0,0,0,0,126,0.0,0.0,0.16,0.07,0.0,255,20,0.08,0.07,0.0,0.0,0.0,1.0,1,17064.0
24,9,305,280,0,1,11,0.0,0.0,1.0,0.0,0.08,50,255,1.0,0.0,0.02,0.0,0.0,0.0,0,58823.0
12,9,45,127,0,0,66,0.0,0.0,1.0,0.0,0.01,255,254,1.0,0.01,0.0,0.0,0.0,0.0,0,69691.0
24,9,249,535,0,1,22,0.0,0.0,1.0,0.0,0.19,255,255,1.0,0.0,0.0,0.0,0.0,0.0,0,88953.0
24,9,54540,8314,0,1,2,0.0,0.0,1.0,0.0,0.0,131,131,1.0,0.0,0.0,0.0,0.0,0.02,1,18498.0
52,9,2671,385,0,1,1,0.0,0.0,1.0,0.0,0.0,255,63,0.25,0.02,0.0,0.53,0.0,0.0,0,31720.0
25,5,0,0,0,0,132,1.0,1.0,0.02,0.07,0.0,255,1,0.0,0.07,0.0,1.0,1.0,0.0,1,17513.0
5,5,0,0,0,0,254,1.0,1.0,0.03,0.06,0.0,255,8,0.03,0.05,0.0,1.0,1.0,0.0,1,3890.0
47,5,0,0,0,0,255,1.0,1.0,0.02,0.06,0.0,255,15,0.06,0.06,0.0,1.0,1.0,0.0,1,77099.0
6,5,0,0,0,0,147,1.0,1.0,0.12,0.06,0.0,255,11,0.04,0.06,0.0,1.0,1.0,0.0,1,97668.0
10,2,0,0,0,0,124,0.0,0.0,0.07,0.06,0.0,255,9,0.04,0.07,0.0,0.0,0.0,1.0,1,117265.0
47,1,0,0,0,0,236,0.0,0.0,0.0,0.07,0.0,255,1,0.0,0.07,0.0,0.0,0.0,1.0,1,95530.0
24,9,296,7590,0,1,2,0.0,0.0,1.0,0.0,0.0,17,255,1.0,0.0,0.03,0.0,0.0,0.0,0,56693.0
37,5,0,0,0,0,101,1.0,1.0,0.16,0.06,0.0,255,1,0.0,0.07,0.0,1.0,1.0,0.0,1,94293.0
47,5,0,0,0,0,82,1.0,1.0,0.1,0.05,0.0,255,8,0.03,0.05,0.0,1.0,1.0,0.0,1,15813.0
47,5,0,0,0,0,121,1.0,1.0,0.12,0.06,0.0,255,18,0.07,0.07,0.0,1.0,1.0,0.0,1,68248.0
12,9,44,130,0,0,1,0.0,0.0,1.0,0.0,0.0,5,5,1.0,0.0,0.0,0.0,0.0,0.0,0,14911.0
15,9,1032,0,0,0,511,0.0,0.0,1.0,0.0,0.0,255,240,0.94,0.01,0.0,0.0,0.0,0.0,1,41711.0
24,9,289,1211,0,1,5,0.0,0.0,1.0,0.0,0.0,255,255,1.0,0.0,0.0,0.0,0.0,0.04,0,61509.0
24,9,295,741,0,1,39,0.0,0.0,1.0,0.0,0.04,255,255,1.0,0.0,0.0,0.0,0.0,0.0,0,109480.0
42,9,1,0,0,0,19,0.0,0.0,0.16,0.11,0.0,255,3,0.01,0.07,0.0,0.0,0.0,0.0,1,72408.0
11,5,0,0,0,0,243,1.0,1.0,0.02,0.07,0.0,255,6,0.02,0.07,0.0,1.0,1.0,0.0,1,17074.0
24,9,257,546,0,1,3,0.0,0.0,1.0,0.0,0.0,50,255,1.0,0.0,0.01,0.0,0.0,0.0,0,37608.0
47,5,0,0,0,0,114,1.0,1.0,0.17,0.05,0.0,255,12,0.05,0.07,0.0,1.0,1.0,0.0,1,116981.0
24,9,217,24840,0,1,1,0.0,0.0,1.0,0.0,0.0,3,255,1.0,0.0,0.06,0.0,0.0,0.0,0,34241.0
47,5,0,0,0,0,92,1.0,1.0,0.22,0.05,0.0,255,1,0.0,0.07,0.0,1.0,1.0,0.0,1,100176.0
24,9,160,9743,0,1,1,0.0,0.0,1.0,0.0,0.5,121,255,1.0,0.0,0.05,0.0,0.0,0.0,0,47188.0
20,9,259,0,0,0,1,0.0,0.0,1.0,0.0,0.0,112,34,0.14,0.04,0.06,0.0,0.0,0.0,0,103835.0
12,9,29,0,0,0,2,0.0,0.0,0.5,1.0,0.8,90,21,0.12,0.08,0.1,0.0,0.0,0.0,0,89047.0
12,9,46,126,0,0,67,0.0,0.0,1.0,0.0,0.01,255,255,1.0,0.0,0.0,0.0,0.0,0.0,0,100589.0
52,9,693,337,0,1,1,0.0,0.0,1.0,0.0,0.0,69,52,0.75,0.04,0.0,0.0,0.0,0.0,0,66954.0
24,9,236,664,0,1,15,0.0,0.03,1.0,0.0,0.06,255,255,1.0,0.0,0.0,0.0,0.0,0.0,0,69757.0
52,9,602,285,0,1,1,0.0,0.0,1.0,0.0,0.0,140,115,0.49,0.06,0.02,0.01,0.02,0.0,0,16050.0
24,9,218,1483,0,1,15,0.0,0.0,1.0,0.0,0.18,15,255,1.0,0.0,0.05,0.0,0.0,0.0,0,95797.0
56,5,0,0,0,0,210,1.0,1.0,0.08,0.08,0.0,255,16,0.06,0.07,0.0,1.0,1.0,0.0,1,120777.0
24,9,290,2860,0,1,7,0.0,0.0,1.0,0.0,0.11,88,255,1.0,0.0,0.02,0.01,0.0,0.0,0,4999.0
4,1,0,0,0,0,225,0.0,0.0,0.09,0.07,0.0,255,20,0.08,0.09,0.0,0.0,0.0,1.0,1,66643.0
12,9,43,127,0,0,217,0.0,0.0,1.0,0.0,0.01,255,253,0.99,0.01,0.0,0.0,0.0,0.0,0,106381.0
27,5,0,0,0,0,234,1.0,1.0,0.06,0.06,0.0,255,15,0.06,0.06,0.0,1.0,1.0,0.0,1,95457.0
54,5,0,0,0,0,94,1.0,1.0,0.16,0.06,0.0,255,14,0.05,0.07,0.0,1.0,1.0,0.0,1,104541.0
24,9,54540,8314,0,1,6,0.17,0.17,1.0,0.0,0.0,255,255,1.0,0.0,0.0,0.0,0.0,0.06,1,18569.0
47,5,0,0,0,0,46,1.0,1.0,0.04,0.13,0.0,255,16,0.06,0.07,0.0,1.0,1.0,0.0,1,107229.0
52,9,1077,331,0,1,1,0.0,0.0,1.0,0.0,1.0,100,153,0.81,0.03,0.01,0.0,0.0,0.0,0,24359.0
10,5,0,0,0,0,188,1.0,1.0,0.01,0.07,0.0,255,1,0.0,0.07,0.0,1.0,1.0,0.0,1,110232.0
56,5,0,0,0,0,126,1.0,1.0,0.16,0.06,0.0,255,18,0.07,0.07,0.0,1.0,1.0,0.0,1,64637.0
28,5,0,0,0,0,103,1.0,1.0,0.2,0.05,0.0,255,21,0.08,0.05,0.0,1.0,1.0,0.0,1,75430.0
47,5,0,0,0,0,139,1.0,1.0,0.09,0.06,0.0,255,2,0.01,0.06,0.0,1.0,1.0,0.0,1,74739.0
18,5,0,0,0,0,30,1.0,1.0,0.23,0.13,0.0,255,47,0.18,0.03,0.0,1.0,1.0,0.0,1,125354.0
19,2,0,0,0,0,271,0.0,0.0,0.06,0.06,0.0,255,17,0.07,0.07,0.0,0.0,0.0,1.0,1,25555.0
47,5,0,0,0,0,220,1.0,1.0,0.04,0.05,0.0,255,12,0.05,0.07,0.0,1.0,1.0,0.0,1,100446.0
12,9,43,136,0,0,76,0.0,0.0,1.0,0.0,0.01,252,132,0.52,0.02,0.0,0.0,0.0,0.0,0,28041.0
24,9,227,3901,0,1,3,0.0,0.0,1.0,0.0,0.0,3,255,1.0,0.0,0.04,0.0,0.0,0.0,0,35518.0
24,9,294,3159,0,1,25,0.0,0.0,1.0,0.0,0.0,255,255,1.0,0.0,0.0,0.0,0.0,0.0,0,59023.0
24,9,54540,8314,0,1,2,0.0,0.0,1.0,0.0,0.0,84,84,1.0,0.0,0.0,0.0,0.0,0.01,1,41249.0
24,9,305,458,0,1,2,0.0,0.0,1.0,0.0,0.0,8,255,1.0,0.0,0.06,0.0,0.0,0.0,0,24789.0
36,5,0,0,0,0,201,1.0,1.0,0.05,0.07,0.0,255,10,0.04,0.07,0.0,1.0,1.0,0.0,1,10030.0
12,9,44,70,0,0,246,0.0,0.0,1.0,0.0,0.01,255,219,0.86,0.01,0.0,0.0,0.0,0.0,0,63345.0
24,9,175,450,0,1,6,0.0,0.0,1.0,0.0,0.0,255,255,1.0,0.0,0.0,0.0,0.0,0.0,0,115317.0
52,9,922,332,0,1,1,0.0,0.0,1.0,0.0,0.0,255,182,0.71,0.02,0.0,0.0,0.0,0.0,0,110912.0
24,9,312,1293,0,1,9,0.0,0.0,1.0,0.0,0.0,43,255,1.0,0.0,0.02,0.0,0.0,0.0,0,14571.0
24,9,356,779,0,1,24,0.0,0.0,1.0,0.0,0.08,104,255,1.0,0.0,0.01,0.0,0.0,0.0,0,24876.0
2,5,0,0,0,0,105,1.0,1.0,0.05,0.07,0.0,255,5,0.02,0.07,0.0,1.0,1.0,0.0,1,86185.0
14,9,8,0,0,0,1,0.0,0.0,1.0,0.0,1.0,2,8,1.0,0.0,0.5,0.0,0.0,0.0,1,109827.0
18,5,0,0,0,0,123,1.0,1.0,0.09,0.06,0.0,255,11,0.04,0.07,0.0,1.0,1.0,0.0,1,30098.0
23,5,0,0,0,0,249,1.0,1.0,0.05,0.05,0.0,255,12,0.05,0.05,0.0,1.0,1.0,0.0,1,54489.0
12,9,44,73,0,0,280,0.0,0.0,1.0,0.01,0.0,255,254,1.0,0.01,0.0,0.0,0.0,0.0,0,95753.0
47,5,0,0,0,0,118,1.0,1.0,0.04,0.06,0.0,255,28,0.11,0.06,0.0,1.0,1.0,0.0,1,29010.0
42,5,0,0,0,0,382,0.07,1.0,0.0,1.0,0.0,255,1,0.0,1.0,0.0,0.09,1.0,0.0,1,85593.0
15,9,520,0,0,0,67,0.0,0.0,1.0,0.0,0.0,255,255,1.0,0.0,0.0,0.0,0.0,0.0,1,81647.0
2,5,0,0,0,0,119,1.0,1.0,0.12,0.07,0.0,255,14,0.05,0.07,0.0,1.0,1.0,0.0,1,117396.0
24,9,237,954,0,1,27,0.0,0.0,1.0,0.0,0.1,94,255,1.0,0.0,0.05,0.0,0.0,0.0,0,42574.0
52,9,1035,333,0,1,1,0.0,0.0,1.0,0.0,0.0,94,170,0.72,0.04,0.01,0.0,0.0,0.0,0,58934.0
24,9,202,171,0,1,4,0.0,0.0,1.0,0.0,0.0,4,255,1.0,0.0,0.04,0.0,0.0,0.0,0,39001.0
47,9,28,0,3,0,15,0.0,0.0,1.0,0.0,0.0,255,82,0.32,0.01,0.0,0.0,0.0,0.0,1,83102.0
18,5,0,0,0,0,150,1.0,1.0,0.11,0.06,0.0,255,16,0.06,0.06,0.0,1.0,1.0,0.0,1,86766.0
47,5,0,0,0,0,119,1.0,1.0,0.08,0.06,0.0,255,31,0.12,0.06,0.0,1.0,1.0,0.0,1,51196.0
24,9,235,283,0,1,46,0.0,0.0,1.0,0.0,0.04,255,255,1.0,0.0,0.0,0.0,0.0,0.0,0,110034.0
47,5,0,0,0,0,55,1.0,1.0,0.13,0.11,0.0,255,7,0.03,0.09,0.0,1.0,1.0,0.0,1,74392.0
12,9,44,44,0,0,117,0.0,0.0,1.0,0.0,0.0,255,253,0.99,0.01,0.0,0.0,0.0,0.0,0,35381.0
12,9,45,130,0,0,67,0.0,0.0,1.0,0.0,0.01,120,72,0.6,0.03,0.0,0.0,0.0,0.0,0,103641.0
42,9,59,0,0,1,9,0.0,0.0,0.11,0.78,0.0,121,1,0.01,0.13,0.0,0.01,0.0,0.0,0,37297.0
24,9,145,13728,0,1,6,0.0,0.0,1.0,0.0,0.0,6,255,1.0,0.0,0.03,0.0,0.0,0.0,0,54973.0
4,5,0,0,0,0,258,1.0,1.0,0.05,0.07,0.0,255,12,0.05,0.08,0.0,1.0,1.0,0.0,1,118642.0
24,9,246,11889,0,1,5,0.0,0.0,1.0,0.0,0.0,149,149,1.0,0.0,0.0,0.0,0.0,0.0,0,124858.0
52,9,1184,280,0,1,1,0.0,0.0,1.0,0.0,0.0,255,36,0.14,0.53,0.0,0.0,0.0,0.0,0,3420.0
12,9,45,124,0,0,66,0.0,0.0,1.0,0.0,0.03,115,212,0.87,0.02,0.01,0.0,0.0,0.0,0,33898.0
34,5,0,0,0,0,243,1.0,1.0,0.08,0.07,0.0,255,19,0.07,0.08,0.0,1.0,1.0,0.0,1,100743.0
58,5,0,0,0,0,26,1.0,1.0,0.23,0.15,0.0,255,63,0.25,0.02,0.0,1.0,1.0,0.0,1,99949.0
58,5,0,0,0,0,68,1.0,1.0,0.24,0.06,0.0,255,63,0.25,0.02,0.0,1.0,1.0,0.0,1,68629.0
52,9,1048,332,0,1,1,0.0,0.0,1.0,0.0,0.0,70,177,0.74,0.09,0.01,0.0,0.01,0.0,0,31566.0
47,1,0,0,0,0,271,0.11,0.0,0.0,1.0,0.0,255,1,0.0,1.0,0.0,0.12,0.0,1.0,1,25564.0
9,5,0,0,0,0,257,1.0,1.0,0.03,0.07,0.0,255,7,0.03,0.07,0.0,1.0,1.0,0.0,1,51336.0
47,5,0,0,0,0,249,1.0,1.0,0.09,0.06,0.0,255,23,0.09,0.06,0.0,1.0,1.0,0.0,1,77767.0
19,9,65,190,0,0,1,0.0,0.0,1.0,0.0,0.0,28,9,0.32,0.11,0.0,0.0,0.0,0.0,0,30143.0
24,9,343,609,0,1,13,0.0,0.0,1.0,0.0,0.0,255,255,1.0,0.0,0.0,0.0,0.0,0.0,0,32662.0
47,5,0,0,0,0,212,1.0,1.0,0.04,0.06,0.0,255,7,0.03,0.07,0.0,1.0,1.0,0.0,1,62511.0
14,9,18,0,0,0,1,0.0,0.0,1.0,0.0,0.0,4,92,1.0,0.0,0.25,0.0,0.0,0.0,1,14959.0
24,9,211,318,0,1,10,0.0,0.0,1.0,0.0,0.0,252,255,1.0,0.0,0.01,0.0,0.0,0.0,0,66899.0
42,9,145,105,0,0,1,0.0,0.0,1.0,0.0,0.0,255,1,0.0,0.39,0.0,0.0,0.0,0.0,0,117771.0
35,5,0,0,0,0,207,1.0,1.0,0.0,0.07,0.0,255,13,0.05,0.07,0.0,1.0,1.0,0.0,1,86441.0
24,9,275,1358,0,1,1,0.0,0.0,1.0,0.0,0.0,18,255,1.0,0.0,0.07,0.0,0.0,0.0,0,47369.0
24,9,243,2090,0,1,19,0.0,0.0,1.0,0.0,0.0,54,255,1.0,0.0,0.03,0.0,0.0,0.0,0,50598.0
24,9,324,1566,0,1,13,0.0,0.0,1.0,0.0,0.0,13,255,1.0,0.0,0.01,0.0,0.0,0.0,0,93808.0
20,9,8173,0,0,1,15,0.0,0.0,1.0,0.0,0.0,255,87,0.34,0.02,0.0,0.0,0.0,0.0,0,57663.0
12,9,43,70,0,0,245,0.0,0.0,1.0,0.0,0.0,255,254,1.0,0.01,0.0,0.0,0.0,0.0,0,24907.0
42,1,0,0,0,0,511,0.15,0.0,0.0,1.0,0.0,255,1,0.0,1.0,0.0,0.16,0.0,1.0,1,44880.0
24,9,328,19281,0,1,1,0.0,0.0,1.0,0.0,0.0,27,255,1.0,0.0,0.04,0.0,0.0,0.0,0,29226.0
20,9,7321,0,0,0,1,0.0,0.0,1.0,0.0,0.0,57,39,0.68,0.05,0.0,0.0,0.0,0.0,0,76503.0
66,5,0,0,0,0,201,1.0,1.0,0.01,0.06,0.0,255,2,0.01,0.07,0.0,1.0,1.0,0.0,1,23480.0
19,2,0,0,0,0,249,0.0,0.0,0.06,0.06,0.0,255,16,0.06,0.08,0.0,0.0,0.0,1.0,1,12190.0
11,5,0,0,0,0,283,1.0,1.0,0.02,0.06,0.0,255,5,0.02,0.06,0.0,1.0,1.0,0.0,1,6209.0
24,9,253,939,0,1,26,0.0,0.0,1.0,0.0,0.0,255,255,1.0,0.0,0.0,0.0,0.0,0.0,0,12364.0
65,5,0,0,0,0,289,1.0,1.0,0.07,0.06,0.0,255,19,0.07,0.07,0.0,1.0,1.0,0.0,1,64989.0
15,9,520,0,0,0,101,0.0,0.0,1.0,0.0,0.0,255,255,1.0,0.0,0.0,0.0,0.0,0.0,1,120145.0
12,9,42,42,0,0,8,0.0,0.0,1.0,0.0,0.25,255,233,0.91,0.01,0.0,0.0,0.0,0.0,0,42954.0
45,9,35,130,0,1,2,0.0,0.0,0.5,1.0,0.0,176,5,0.02,0.04,0.4,0.0,0.0,0.0,0,89897.0
24,5,0,0,0,0,8,0.88,1.0,0.88,0.25,0.0,255,8,0.03,0.06,0.0,1.0,1.0,0.0,1,7588.0
47,5,0,0,0,0,213,1.0,1.0,0.03,0.08,0.0,255,7,0.03,0.09,0.0,1.0,1.0,0.0,1,6359.0
52,9,1841,330,0,1,1,0.0,0.0,1.0,0.0,0.0,22,49,0.68,0.23,0.04,0.05,0.0,0.0,0,75863.0
12,9,44,79,0,0,284,0.0,0.0,1.0,0.0,0.0,255,209,0.82,0.01,0.0,0.0,0.0,0.0,0,32667.0
12,9,45,45,0,0,159,0.0,0.0,1.0,0.0,0.0,255,254,1.0,0.01,0.0,0.0,0.0,0.0,0,98589.0
52,9,1551,362,0,1,1,0.0,0.0,1.0,0.0,1.0,3,135,0.67,0.67,0.01,0.0,0.0,0.0,0,510.0
47,5,0,0,0,0,63,1.0,1.0,0.38,0.06,0.0,255,24,0.09,0.05,0.0,1.0,1.0,0.0,1,36954.0
17,2,0,0,0,0,137,0.0,0.0,0.05,0.07,0.0,255,7,0.03,0.07,0.0,0.0,0.0,1.0,1,35252.0
14,9,8,0,0,0,1,0.0,0.0,1.0,0.0,1.0,3,143,1.0,0.0,0.25,0.0,0.0,0.0,1,118027.0
14,9,8,0,0,0,1,0.0,0.0,1.0,0.0,1.0,1,189,1.0,0.0,0.5,0.0,0.0,0.0,1,104022.0
27,5,0,0,0,0,288,1.0,1.0,0.01,0.06,0.0,255,5,0.02,0.07,0.0,1.0,1.0,0.0,1,117195.0
47,4,0,0,0,0,69,0.0,0.0,0.03,0.54,0.0,239,2,0.01,0.16,0.0,0.01,0.0,1.0,1,9539.0
15,9,520,0,0,0,309,0.0,0.0,1.0,0.0,0.0,255,255,1.0,0.0,0.0,0.0,0.0,0.0,1,39970.0
24,9,314,687,0,1,5,0.0,0.0,1.0,0.0,0.0,14,255,1.0,0.0,0.01,0.0,0.0,0.0,0,76116.0
34,1,0,0,0,0,298,0.0,0.0,0.07,0.06,0.0,255,27,0.11,0.07,0.0,0.0,0.0,1.0,1,106027.0
24,9,197,466,0,1,8,0.12,0.1,1.0,0.0,0.15,18,255,1.0,0.0,0.05,0.06,0.01,0.0,0,119958.0
47,5,0,0,0,0,256,1.0,1.0,0.05,0.06,0.0,255,8,0.03,0.1,0.0,1.0,1.0,0.0,1,118916.0
12,9,41,126,0,0,220,0.0,0.0,1.0,0.01,0.0,109,76,0.7,0.02,0.0,0.0,0.0,0.0,0,12888.0
42,1,0,0,0,0,347,0.06,0.0,0.0,1.0,0.0,255,1,0.0,1.0,0.0,0.08,0.0,1.0,1,102687.0
20,9,29954,0,0,0,1,0.0,0.0,1.0,0.0,0.0,255,38,0.15,0.06,0.0,0.74,0.0,0.0,0,12354.0
52,9,904,335,0,1,1,0.0,0.0,1.0,0.0,1.0,179,148,0.66,0.02,0.01,0.0,0.0,0.0,0,37282.0
64,5,0,0,0,0,210,1.0,1.0,0.06,0.07,0.0,255,12,0.05,0.07,0.0,1.0,1.0,0.0,1,79362.0
42,9,147,0,0,0,5,0.0,0.0,0.2,0.6,0.0,255,2,0.01,0.48,0.0,0.0,0.0,0.0,0,118504.0
24,9,292,5034,0,1,8,0.0,0.0,1.0,0.0,0.0,58,255,1.0,0.0,0.02,0.0,0.0,0.0,0,35399.0
42,9,4,4,0,0,1,0.0,0.0,1.0,0.0,0.0,1,1,1.0,0.0,0.0,0.0,0.0,0.0,1,73906.0
8,5,0,0,0,0,234,1.0,1.0,0.0,0.07,0.0,255,1,0.0,0.08,0.0,1.0,1.0,0.0,1,30660.0
24,9,54540,8314,0,1,3,0.0,0.0,1.0,0.0,0.0,255,255,1.0,0.0,0.0,0.01,0.01,0.03,1,97994.0
47,5,0,0,0,0,206,1.0,1.0,0.05,0.06,0.0,255,4,0.02,0.07,0.0,1.0,1.0,0.0,1,3364.0
7,5,0,0,0,0,271,1.0,1.0,0.08,0.04,0.0,255,22,0.09,0.05,0.0,1.0,1.0,0.0,1,124036.0
24,5,0,0,0,0,41,1.0,1.0,0.34,0.1,0.0,255,65,0.25,0.02,0.0,1.0,1.0,0.0,1,4979.0
47,5,0,0,0,0,34,1.0,1.0,0.32,0.12,0.0,255,11,0.04,0.08,0.0,1.0,1.0,0.0,1,101546.0
42,9,147,105,0,0,1,0.0,0.0,1.0,0.0,0.0,255,2,0.01,0.88,0.0,0.0,0.0,0.0,0,117531.0
47,5,0,0,0,0,128,0.99,1.0,0.09,0.07,0.0,255,15,0.06,0.06,0.0,1.0,1.0,0.0,1,119460.0
24,9,222,5830,0,1,2,0.0,0.0,1.0,0.0,0.0,180,255,1.0,0.0,0.01,0.0,0.01,0.0,0,52654.0
18,5,0,0,0,0,201,1.0,1.0,0.08,0.05,0.0,255,17,0.07,0.05,0.0,1.0,1.0,0.0,1,43737.0
24,9,192,9248,0,1,4,0.0,0.0,1.0,0.0,0.0,255,255,1.0,0.0,0.0,0.0,0.0,0.0,0,100607.0
24,1,0,0,0,0,1,0.0,0.0,1.0,0.0,0.0,94,255,1.0,0.0,0.07,0.0,0.0,1.0,0,111588.0
52,9,1473,421,0,1,1,0.0,0.0,1.0,0.0,1.0,41,246,0.95,0.05,0.01,0.0,0.0,0.0,0,113629.0
24,1,0,0,0,0,1,0.0,0.0,1.0,0.0,0.0,2,7,1.0,0.0,0.57,0.0,0.0,1.0,0,16091.0
10,5,0,0,0,0,199,1.0,1.0,0.02,0.07,0.0,255,20,0.08,0.04,0.0,1.0,1.0,0.0,1,41205.0
24,9,280,879,0,1,6,0.0,0.0,1.0,0.0,0.11,255,255,1.0,0.0,0.0,0.0,0.0,0.0,0,120896.0
42,4,1,0,0,0,2,0.0,0.0,1.0,0.0,0.0,255,2,0.01,0.73,0.0,0.0,0.0,1.0,1,9249.0
9,5,0,0,0,0,256,1.0,1.0,0.02,0.07,0.0,255,6,0.02,0.07,0.0,1.0,1.0,0.0,1,62246.0
15,9,1032,0,0,0,511,0.0,0.0,1.0,0.0,0.0,255,33,0.13,0.18,0.0,0.0,0.0,0.0,1,95755.0
47,5,0,0,0,0,74,1.0,1.0,0.08,0.05,0.0,255,6,0.02,0.05,0.0,1.0,1.0,0.0,1,38304.0
24,9,285,502,0,1,11,0.0,0.0,1.0,0.0,0.0,255,255,1.0,0.0,0.0,0.0,0.0,0.0,0,69950.0
14,9,8,0,0,0,1,0.0,0.0,1.0,0.0,1.0,1,54,1.0,0.0,0.52,0.0,0.0,0.0,1,50883.0
24,9,203,1299,0,1,1,0.0,0.0,1.0,0.0,0.0,24,255,1.0,0.0,0.03,0.0,0.0,0.01,0,88274.0
12,9,44,110,0,0,1,0.0,0.0,1.0,0.0,0.0,171,169,0.99,0.01,0.0,0.0,0.0,0.0,0,83174.0
54,5,0,0,0,0,264,1.0,1.0,0.01,0.06,0.0,255,3,0.01,0.06,0.0,1.0,1.0,0.0,1,74015.0
24,9,193,1395,0,1,27,0.0,0.0,1.0,0.0,0.13,255,255,1.0,0.0,0.0,0.0,0.0,0.0,0,109208.0
47,5,0,0,0,0,188,1.0,1.0,0.1,0.06,0.0,255,3,0.01,0.07,0.0,1.0,1.0,0.0,1,104093.0
24,9,242,255,0,1,27,0.0,0.0,1.0,0.0,0.1,255,255,1.0,0.0,0.0,0.0,0.0,0.0,0,16613.0
12,9,42,42,0,0,6,0.0,0.0,1.0,0.0,0.18,255,254,1.0,0.01,0.0,0.0,0.0,0.0,0,85430.0
58,5,0,0,0,0,14,1.0,1.0,1.0,0.0,0.0,136,76,0.56,0.01,0.0,0.99,0.97,0.0,1,121059.0
4,1,0,0,0,0,276,0.0,0.0,0.03,0.06,0.0,255,9,0.04,0.07,0.0,0.0,0.0,1.0,1,39597.0
52,9,2202,339,0,1,1,0.0,0.0,1.0,0.0,1.0,118,131,0.58,0.04,0.02,0.0,0.0,0.0,0,56347.0
47,5,0,0,0,0,36,1.0,1.0,0.11,0.17,0.0,255,4,0.02,0.09,0.0,1.0,1.0,0.0,1,105416.0
58,9,1937,84751,0,1,1,0.0,0.0,1.0,0.0,0.0,255,2,0.01,0.01,0.0,0.0,0.0,0.0,0,88122.0
47,9,28,0,3,0,80,0.0,0.0,1.0,0.0,0.0,255,47,0.18,0.01,0.0,0.0,0.0,0.0,1,28210.0
24,9,203,810,0,1,3,0.0,0.0,1.0,0.0,0.0,255,255,1.0,0.0,0.0,0.0,0.0,0.0,0,105998.0
12,9,36,0,0,0,5,0.0,0.0,1.0,0.0,0.33,31,134,1.0,0.0,0.01,0.0,0.0,0.0,0,39357.0
24,9,325,12884,0,1,11,0.0,0.0,1.0,0.0,0.0,215,215,1.0,0.0,0.0,0.0,0.0,0.0,0,4862.0
24,9,54540,8314,0,1,3,0.0,0.0,1.0,0.0,0.5,74,74,1.0,0.0,0.0,0.0,0.0,0.01,1,42053.0
24,9,325,3983,0,1,5,0.2,0.2,1.0,0.0,0.0,215,255,1.0,0.0,0.02,0.0,0.0,0.0,0,22455.0
47,9,105,146,0,0,5,0.0,0.0,0.2,0.4,0.0,255,235,0.92,0.01,0.0,0.0,0.0,0.0,0,77393.0
24,9,198,420,0,1,6,0.0,0.0,1.0,0.0,0.1,20,255,1.0,0.0,0.04,0.0,0.0,0.0,0,118135.0
24,9,198,8723,0,1,22,0.0,0.0,1.0,0.0,0.0,91,255,1.0,0.0,0.04,0.0,0.0,0.0,0,115256.0
47,5,0,0,0,0,27,1.0,1.0,0.41,0.11,0.0,255,17,0.07,0.07,0.0,1.0,1.0,0.0,1,71949.0
24,9,236,3222,0,1,5,0.0,0.0,1.0,0.0,0.43,255,253,0.99,0.01,0.0,0.0,0.0,0.0,0,77996.0
24,1,0,0,0,0,1,0.0,0.0,1.0,0.0,0.0,1,11,1.0,0.0,0.73,0.0,0.09,0.91,0,25267.0
52,9,2117,324,0,1,1,0.0,0.0,1.0,0.0,0.0,83,246,0.98,0.02,0.01,0.0,0.0,0.0,0,93301.0
24,9,333,2617,0,1,6,0.0,0.0,1.0,0.0,0.0,172,255,1.0,0.0,0.02,0.0,0.0,0.0,0,103828.0
24,5,0,0,0,0,6,1.0,1.0,0.5,0.67,0.0,255,63,0.25,0.02,0.0,1.0,1.0,0.0,1,116043.0
28,5,0,0,0,0,143,1.0,1.0,0.06,0.06,0.0,255,7,0.03,0.05,0.0,1.0,1.0,0.0,1,74646.0
52,9,5349,334,0,1,1,0.0,0.0,1.0,0.0,1.0,54,148,0.87,0.06,0.01,0.0,0.0,0.0,0,33840.0
24,5,0,0,0,0,2,0.5,0.08,1.0,0.0,0.33,65,255,1.0,0.0,0.01,0.03,0.01,0.01,0,37786.0
24,9,338,296,0,1,18,0.0,0.0,1.0,0.0,0.16,139,151,1.0,0.0,0.03,0.01,0.01,0.01,0,122439.0
19,2,0,0,0,0,1,0.0,0.0,1.0,0.0,0.0,212,43,0.2,0.02,0.0,0.0,0.0,0.12,1,290.0
24,9,346,2281,0,1,20,0.0,0.0,1.0,0.0,0.13,255,255,1.0,0.0,0.0,0.0,0.0,0.0,0,63668.0
52,5,0,0,0,0,194,1.0,1.0,0.01,0.05,0.0,255,1,0.0,0.05,0.0,1.0,1.0,0.0,1,43562.0
42,5,0,0,0,0,238,1.0,1.0,0.02,0.05,0.0,255,5,0.02,0.06,0.0,1.0,1.0,0.0,1,91047.0
47,1,0,0,0,0,2,0.0,0.0,0.5,1.0,0.0,255,1,0.0,0.36,0.0,0.23,0.0,1.0,1,17332.0
12,9,43,43,0,0,104,0.0,0.0,1.0,0.0,0.01,255,255,1.0,0.0,0.0,0.0,0.0,0.0,0,91383.0
24,9,223,16129,0,1,18,0.0,0.0,1.0,0.0,0.1,255,255,1.0,0.0,0.0,0.0,0.0,0.0,0,98851.0
42,9,146,105,0,0,1,0.0,0.0,1.0,0.0,0.0,255,1,0.0,0.64,0.0,0.0,0.0,0.0,0,48847.0
12,9,44,73,0,0,130,0.0,0.0,1.0,0.0,0.0,255,254,1.0,0.01,0.0,0.0,0.0,0.0,0,104987.0
12,9,33,0,0,0,1,0.0,0.0,1.0,0.0,1.0,255,26,0.1,0.05,0.0,0.0,0.0,0.0,0,7972.0
24,9,223,337,0,1,2,0.0,0.0,1.0,0.0,0.0,255,255,1.0,0.0,0.0,0.0,0.0,0.0,0,21825.0
14,9,8,0,0,0,1,0.0,0.0,1.0,0.0,1.0,1,217,1.0,0.0,0.25,0.0,0.0,0.0,1,6547.0
24,9,200,337,0,1,17,0.0,0.0,1.0,0.0,0.07,255,255,1.0,0.0,0.0,0.0,0.0,0.0,0,48875.0
42,5,0,0,0,0,432,0.08,1.0,0.0,1.0,0.0,255,1,0.0,1.0,0.0,0.11,1.0,0.0,1,90840.0
47,5,0,0,0,0,117,1.0,1.0,0.18,0.05,0.0,255,21,0.08,0.06,0.0,1.0,1.0,0.0,1,26017.0
12,9,44,136,0,0,67,0.0,0.0,1.0,0.0,0.01,255,254,1.0,0.01,0.0,0.0,0.0,0.0,0,123618.0
52,9,1641,340,0,1,1,0.0,0.0,1.0,0.0,0.0,12,208,1.0,0.0,0.01,0.0,0.0,0.0,0,56212.0
6,5,0,0,0,0,26,1.0,1.0,0.42,0.12,0.0,255,11,0.04,0.07,0.0,1.0,1.0,0.0,1,28113.0
24,9,337,774,0,1,3,0.0,0.0,1.0,0.0,0.0,59,255,1.0,0.0,0.01,0.0,0.0,0.0,0,46906.0
24,9,54540,8314,0,1,3,0.0,0.0,1.0,0.0,0.0,53,53,1.0,0.0,0.0,0.0,0.0,0.23,1,53985.0
24,9,232,1751,0,1,24,0.0,0.0,1.0,0.0,0.08,255,255,1.0,0.0,0.0,0.0,0.0,0.0,0,25559.0
47,1,0,0,0,0,437,0.05,0.0,0.0,1.0,0.0,255,1,0.0,1.0,0.0,0.08,0.0,1.0,1,42462.0
47,5,0,0,0,0,231,1.0,1.0,0.01,0.06,0.0,255,6,0.02,0.08,0.0,1.0,1.0,0.0,1,6948.0
52,9,1421,328,0,1,1,0.0,0.0,1.0,0.0,0.0,255,136,0.53,0.03,0.0,0.01,0.01,0.0,0,25919.0
64,5,0,0,0,0,250,1.0,1.0,0.0,0.06,0.0,255,16,0.06,0.07,0.0,1.0,1.0,0.0,1,70133.0
24,9,210,4418,0,1,2,0.0,0.0,1.0,0.0,0.2,106,201,1.0,0.0,0.03,0.0,0.0,0.0,0,73023.0
47,5,0,0,0,0,253,1.0,1.0,0.02,0.06,0.0,255,19,0.07,0.07,0.0,1.0,1.0,0.0,1,11702.0
47,9,105,146,0,0,7,0.0,0.0,0.14,0.29,0.0,255,228,0.89,0.01,0.0,0.0,0.0,0.0,0,52586.0
24,1,0,0,0,0,1,0.0,0.0,1.0,0.0,0.0,32,255,1.0,0.0,0.15,0.0,0.0,0.92,0,76388.0
65,5,0,0,0,0,296,1.0,1.0,0.07,0.05,0.0,255,20,0.08,0.06,0.0,1.0,1.0,0.0,1,75870.0
12,9,42,42,0,0,183,0.0,0.0,1.0,0.0,0.0,255,255,1.0,0.0,0.0,0.0,0.0,0.0,0,67642.0
9,5,0,0,0,0,234,1.0,1.0,0.04,0.05,0.0,255,9,0.04,0.06,0.0,1.0,1.0,0.0,1,60611.0
39,5,0,0,0,0,118,1.0,1.0,0.14,0.07,0.0,255,1,0.0,0.07,0.0,1.0,1.0,0.0,1,102877.0
47,5,0,0,0,0,279,1.0,1.0,0.05,0.06,0.0,255,16,0.06,0.08,0.0,1.0,1.0,0.0,1,104868.0
24,9,334,4530,0,1,8,0.0,0.0,1.0,0.0,0.3,48,255,1.0,0.0,0.03,0.0,0.0,0.0,0,13475.0
47,5,0,0,0,0,29,1.0,1.0,0.48,0.14,0.0,255,14,0.05,0.08,0.0,1.0,1.0,0.0,1,30538.0
20,9,7045,0,0,1,1,0.0,0.0,1.0,0.0,0.0,6,31,1.0,0.0,0.16,0.0,0.03,0.0,1,30316.0
24,9,287,1582,0,1,15,0.0,0.0,1.0,0.0,0.15,40,255,1.0,0.0,0.01,0.0,0.0,0.0,0,11140.0
47,5,0,0,0,0,128,1.0,1.0,0.11,0.05,0.0,255,9,0.04,0.06,0.0,1.0,1.0,0.0,1,83398.0
24,9,191,483,0,1,3,0.0,0.0,1.0,0.0,0.0,53,255,1.0,0.0,0.02,0.0,0.0,0.0,0,121089.0
20,5,0,0,0,0,275,1.0,1.0,0.03,0.05,0.0,255,8,0.03,0.05,0.0,1.0,1.0,0.0,1,5339.0
47,1,0,0,0,0,138,0.0,0.0,0.1,0.06,0.0,255,13,0.05,0.08,0.0,0.0,0.0,1.0,1,111509.0
24,1,0,0,0,0,1,0.0,0.0,1.0,0.0,0.0,5,141,1.0,0.0,0.16,0.0,0.0,0.97,0,73622.0
57,5,0,0,0,0,272,1.0,1.0,0.04,0.06,0.0,255,18,0.07,0.07,0.0,1.0,1.0,0.0,1,19902.0
47,5,0,0,0,0,251,1.0,1.0,0.06,0.06,0.0,255,9,0.04,0.08,0.0,1.0,1.0,0.0,1,2855.0
20,9,383,0,0,0,2,0.0,0.0,1.0,0.0,0.0,6,3,0.5,0.33,0.0,0.0,0.0,0.0,0,54788.0
52,9,1071,390,0,1,1,0.0,0.0,1.0,0.0,1.0,255,90,0.35,0.05,0.0,0.28,0.0,0.0,0,105854.0
24,9,306,259,0,1,5,0.0,0.0,1.0,0.0,0.33,20,255,1.0,0.0,0.03,0.0,0.0,0.0,0,52825.0
63,5,0,0,0,0,137,1.0,1.0,0.18,0.04,0.0,255,24,0.09,0.04,0.0,1.0,1.0,0.0,1,108458.0
40,5,0,0,0,0,228,1.0,1.0,0.1,0.05,0.0,255,22,0.09,0.06,0.0,1.0,1.0,0.0,1,966.0
24,1,0,0,0,0,33,0.0,0.0,1.0,0.0,0.0,186,197,1.0,0.0,0.03,0.01,0.01,0.39,0,67232.0
24,9,295,1214,0,1,9,0.0,0.0,1.0,0.0,0.2,26,255,1.0,0.0,0.03,0.0,0.01,0.01,0,30893.0
12,9,91,0,0,0,1,0.0,0.0,1.0,0.0,1.0,67,42,0.63,0.03,0.0,0.0,0.0,0.0,0,78412.0
29,5,0,0,0,0,144,1.0,1.0,0.17,0.05,0.0,255,24,0.09,0.05,0.0,1.0,1.0,0.0,1,106375.0
24,9,267,3563,0,1,1,0.0,0.0,1.0,0.0,0.5,255,248,0.97,0.01,0.0,0.0,0.0,0.0,0,11464.0
23,5,0,0,0,0,253,1.0,1.0,0.0,0.07,0.0,255,1,0.0,0.08,0.0,1.0,1.0,0.0,1,19394.0
24,1,0,0,0,0,1,0.0,0.0,1.0,0.0,0.0,37,213,1.0,0.0,0.16,0.0,0.0,1.0,0,7570.0
12,9,48,45,0,0,1,0.0,0.0,1.0,0.0,0.0,255,241,0.95,0.01,0.0,0.0,0.0,0.0,0,11497.0
30,5,0,0,0,0,95,1.0,1.0,0.08,0.06,0.0,255,9,0.04,0.07,0.0,1.0,1.0,0.0,1,106551.0
47,9,105,145,0,0,4,0.0,0.0,0.25,0.5,0.0,204,198,0.97,0.01,0.0,0.0,0.0,0.0,0,105785.0
24,9,226,3630,0,1,7,0.0,0.0,1.0,0.0,0.18,7,255,1.0,0.0,0.01,0.0,0.0,0.0,0,15502.0
12,9,38,54,0,0,8,0.0,0.0,1.0,0.0,0.13,255,252,0.99,0.01,0.0,0.0,0.0,0.0,0,63377.0
47,5,0,0,0,0,117,1.0,1.0,0.05,0.06,0.0,255,11,0.04,0.06,0.0,1.0,1.0,0.0,1,49628.0
56,5,0,0,0,0,263,1.0,1.0,0.06,0.05,0.0,255,15,0.06,0.05,0.0,1.0,1.0,0.0,1,71356.0
24,9,357,1469,0,1,6,0.0,0.0,1.0,0.0,0.22,30,255,1.0,0.0,0.05,0.0,0.0,0.0,0,64244.0
4,5,0,0,0,0,297,1.0,1.0,0.08,0.05,0.0,255,25,0.1,0.05,0.0,1.0,1.0,0.0,1,63455.0
5,5,0,0,0,0,279,1.0,1.0,0.07,0.06,0.0,255,20,0.08,0.07,0.0,1.0,1.0,0.0,1,31210.0
6,5,0,0,0,0,114,1.0,1.0,0.06,0.06,0.0,255,7,0.03,0.07,0.0,1.0,1.0,0.0,1,33636.0
24,9,292,1273,0,1,23,0.0,0.02,1.0,0.0,0.12,103,106,1.0,0.0,0.03,0.0,0.0,0.0,0,84662.0
6,5,0,0,0,0,120,1.0,1.0,0.11,0.06,0.0,255,13,0.05,0.07,0.0,1.0,1.0,0.0,1,73046.0
66,5,0,0,0,0,235,1.0,1.0,0.01,0.07,0.0,255,3,0.01,0.08,0.0,1.0,1.0,0.0,1,7998.0
29,1,0,0,0,0,122,0.0,0.0,0.01,0.07,0.0,255,1,0.0,0.07,0.0,0.0,0.0,1.0,1,6680.0
47,5,0,0,0,0,143,1.0,1.0,0.1,0.06,0.0,255,7,0.03,0.08,0.0,1.0,1.0,0.0,1,18648.0
24,9,203,259,0,1,34,0.0,0.0,1.0,0.0,0.0,255,255,1.0,0.0,0.0,0.0,0.0,0.0,0,50724.0
12,9,43,43,0,0,34,0.0,0.0,1.0,0.0,0.0,255,254,1.0,0.01,0.0,0.0,0.0,0.0,0,100359.0
20,9,567,0,0,1,1,0.0,0.0,1.0,0.0,0.0,16,86,0.19,0.12,0.02,0.0,0.0,0.0,0,108432.0
20,9,10272,0,0,1,8,0.0,0.0,1.0,0.0,0.22,50,22,0.44,0.08,0.0,0.0,0.0,0.0,0,125369.0
47,1,0,0,0,0,149,0.01,0.0,0.01,1.0,0.0,255,1,0.0,0.61,0.0,0.0,0.0,1.0,1,10783.0
12,9,46,46,0,0,231,0.0,0.0,1.0,0.0,0.0,255,255,1.0,0.0,0.0,0.0,0.0,0.0,0,67640.0
12,9,43,136,0,0,111,0.0,0.0,0.99,0.02,0.02,255,254,1.0,0.01,0.0,0.0,0.0,0.0,0,122303.0
58,6,5173,7962,0,1,1,1.0,1.0,1.0,0.0,0.0,88,9,0.1,0.06,0.0,0.02,0.22,0.0,0,24503.0
7,5,0,0,0,0,240,1.0,1.0,0.08,0.06,0.0,255,20,0.08,0.08,0.0,1.0,1.0,0.0,1,124432.0
29,5,0,0,0,0,142,1.0,1.0,0.09,0.06,0.0,255,13,0.05,0.06,0.0,1.0,1.0,0.0,1,37081.0
24,9,255,520,0,1,1,0.0,0.0,1.0,0.0,0.5,5,255,1.0,0.0,0.02,0.0,0.0,0.0,0,80013.0
24,9,300,2239,0,1,5,0.0,0.03,1.0,0.0,0.1,255,253,0.99,0.01,0.0,0.0,0.0,0.0,0,63018.0
12,9,44,128,0,0,41,0.0,0.0,1.0,0.0,0.02,255,254,1.0,0.01,0.0,0.0,0.0,0.0,0,79811.0
24,9,239,1078,0,1,2,0.0,0.0,1.0,0.0,0.0,44,54,1.0,0.0,0.06,0.02,0.02,0.0,0,105882.0
24,1,0,0,0,0,1,0.0,0.0,1.0,0.0,1.0,5,255,1.0,0.0,0.08,0.0,0.0,0.85,0,75107.0
12,9,45,75,0,0,75,0.0,0.0,1.0,0.0,0.01,255,254,1.0,0.01,0.0,0.0,0.0,0.0,0,54785.0
12,9,45,111,0,0,268,0.0,0.0,1.0,0.01,0.0,231,198,0.86,0.01,0.0,0.0,0.0,0.0,0,41918.0
42,9,59,0,0,1,7,0.14,0.0,0.14,1.0,0.0,80,1,0.01,0.21,0.0,0.03,0.0,0.0,0,124645.0
47,5,0,0,0,0,179,1.0,1.0,0.03,0.06,0.0,255,16,0.06,0.07,0.0,1.0,1.0,0.0,1,80527.0
14,9,30,0,0,0,2,0.0,0.0,0.5,1.0,0.0,255,10,0.04,0.01,0.0,0.0,0.0,0.0,0,118408.0
47,1,0,0,0,0,2,0.0,0.0,0.5,1.0,0.0,255,1,0.0,0.81,0.0,0.0,0.0,1.0,1,80843.0
47,5,0,0,0,0,185,1.0,1.0,0.03,0.06,0.0,31,6,0.19,0.19,0.0,0.55,1.0,0.0,1,58626.0
24,9,169,8147,0,1,4,0.0,0.0,1.0,0.0,0.33,9,20,1.0,0.0,0.1,0.0,0.0,0.0,0,16042.0
39,1,0,0,0,0,102,0.0,0.0,0.02,0.07,0.0,255,2,0.01,0.06,0.0,0.0,0.0,1.0,1,50678.0
58,5,0,0,0,0,254,1.0,1.0,0.01,0.06,0.0,255,4,0.02,0.09,0.0,1.0,1.0,0.0,1,76447.0
62,9,181,0,0,0,2,0.0,0.0,0.5,1.0,0.0,255,26,0.1,0.01,0.0,0.0,0.0,0.0,0,62627.0
34,5,0,0,0,0,232,1.0,1.0,0.0,0.06,0.0,255,2,0.01,0.07,0.0,1.0,1.0,0.0,1,21821.0
14,9,8,0,0,0,1,0.0,0.0,1.0,0.0,1.0,3,19,1.0,0.0,0.26,0.0,0.0,0.0,1,32418.0
52,9,2537,330,0,1,1,0.0,0.0,1.0,0.0,0.0,195,191,0.79,0.03,0.01,0.0,0.0,0.0,0,83952.0
24,9,219,1896,0,1,1,0.0,0.0,1.0,0.0,0.67,255,255,1.0,0.0,0.0,0.0,0.0,0.0,0,25743.0
52,9,3034,409,0,1,1,0.0,0.0,1.0,0.0,1.0,19,231,0.89,0.11,0.02,0.0,0.0,0.0,0,10078.0
52,9,1132,279,0,1,1,0.0,0.0,1.0,0.0,0.0,119,141,0.54,0.06,0.01,0.0,0.0,0.0,0,2170.0
24,9,322,1380,0,1,3,0.0,0.0,1.0,0.0,0.5,255,255,1.0,0.0,0.0,0.0,0.0,0.0,0,85785.0
52,9,1507,341,0,1,1,0.0,0.0,1.0,0.0,0.0,228,142,0.62,0.03,0.0,0.0,0.0,0.05,0,80014.0
47,5,0,0,0,0,187,1.0,1.0,0.04,0.06,0.0,255,15,0.06,0.08,0.0,1.0,1.0,0.0,1,13988.0
47,9,1,0,0,0,32,0.0,0.0,0.31,0.09,0.0,255,24,0.09,0.58,0.0,0.16,0.0,0.0,1,90300.0
24,9,231,660,0,1,5,0.0,0.0,1.0,0.0,0.1,74,255,1.0,0.0,0.01,0.0,0.0,0.0,0,56711.0
62,9,181,0,0,0,6,0.0,0.0,0.83,0.33,0.0,255,26,0.1,0.01,0.0,0.0,0.0,0.0,0,90998.0
47,3,0,0,0,0,180,0.67,0.5,0.01,0.4,0.0,255,2,0.01,0.28,0.0,0.47,0.5,0.5,1,70464.0
56,5,0,0,0,0,147,1.0,1.0,0.03,0.07,0.0,255,5,0.02,0.06,0.0,1.0,1.0,0.0,1,93486.0
47,1,0,0,0,0,1,0.0,0.0,1.0,0.0,0.0,255,1,0.0,0.61,0.0,0.01,0.0,1.0,1,38064.0
24,9,209,873,0,1,23,0.0,0.0,1.0,0.0,0.08,255,255,1.0,0.0,0.0,0.0,0.0,0.0,0,23865.0
12,9,97,32,0,0,3,0.0,0.0,1.0,0.0,0.0,39,16,0.41,0.05,0.0,0.0,0.0,0.0,0,93572.0
24,9,195,1274,0,1,13,0.0,0.0,1.0,0.0,0.0,255,255,1.0,0.0,0.0,0.0,0.0,0.0,0,43432.0
47,1,0,0,0,0,93,0.08,0.0,0.01,1.0,0.0,255,1,0.0,0.63,0.0,0.03,0.0,1.0,1,89866.0
12,9,111,46,0,0,2,0.0,0.0,1.0,0.0,0.67,37,26,0.7,0.08,0.0,0.0,0.0,0.0,0,25441.0
32,2,0,0,0,0,147,0.0,0.0,0.12,0.05,0.0,255,18,0.07,0.05,0.0,0.0,0.0,1.0,1,71027.0
15,9,1032,0,0,0,511,0.0,0.0,1.0,0.0,0.0,255,203,0.8,0.01,0.0,0.0,0.0,0.0,1,41880.0
24,9,297,498,0,1,12,0.0,0.0,1.0,0.0,0.13,255,255,1.0,0.0,0.0,0.0,0.0,0.0,0,18502.0
20,9,501760,0,0,1,2,0.0,0.0,1.0,0.0,0.0,64,81,0.16,0.05,0.02,0.0,0.0,0.0,0,121766.0
12,9,36,0,0,0,4,0.0,0.0,1.0,0.0,0.0,30,79,1.0,0.0,0.03,0.0,0.0,0.0,0,34540.0
47,9,1,0,0,0,28,0.0,0.0,1.0,0.0,0.0,96,28,0.29,0.05,0.0,0.0,0.0,0.0,1,38940.0
24,9,221,1425,0,1,2,0.0,0.0,1.0,0.0,0.67,85,217,1.0,0.0,0.01,0.0,0.0,0.0,0,21303.0
24,9,193,9998,0,1,4,0.0,0.0,1.0,0.0,0.4,17,255,1.0,0.0,0.02,0.0,0.0,0.0,0,65028.0
5,1,0,0,0,0,280,0.0,0.0,0.04,0.06,0.0,255,11,0.04,0.07,0.0,0.0,0.0,1.0,1,6740.0
33,1,0,0,0,0,268,0.0,0.0,0.03,0.06,0.0,255,7,0.03,0.08,0.0,0.0,0.0,1.0,1,5050.0
47,5,0,0,0,0,206,1.0,1.0,0.06,0.05,0.0,255,13,0.05,0.05,0.0,1.0,1.0,0.0,1,52168.0
12,9,44,117,0,0,162,0.0,0.0,1.0,0.0,0.0,255,255,1.0,0.0,0.0,0.0,0.0,0.0,0,95255.0
19,5,0,0,0,0,138,1.0,1.0,0.15,0.04,0.0,255,6,0.02,0.05,0.0,1.0,1.0,0.0,1,91398.0
53,5,0,0,0,0,260,1.0,1.0,0.08,0.05,0.0,255,21,0.08,0.05,0.0,1.0,1.0,0.0,1,102682.0
40,5,0,0,0,0,210,1.0,1.0,0.1,0.06,0.0,255,21,0.08,0.06,0.0,1.0,1.0,0.0,1,71202.0
47,1,0,0,0,0,277,0.0,0.0,0.05,0.06,0.0,255,15,0.06,0.07,0.0,0.0,0.0,1.0,1,119835.0
24,9,246,5285,0,1,7,0.0,0.0,1.0,0.0,0.0,19,255,1.0,0.0,0.02,0.0,0.0,0.0,0,19665.0
12,9,88,0,0,0,2,0.0,0.0,1.0,0.0,0.29,80,60,0.75,0.03,0.0,0.0,0.0,0.0,0,1736.0
47,5,0,0,0,0,113,1.0,1.0,0.06,0.07,0.0,255,8,0.03,0.06,0.0,1.0,1.0,0.0,1,72716.0
12,9,43,114,0,0,204,0.0,0.0,1.0,0.0,0.0,255,255,1.0,0.0,0.0,0.0,0.0,0.0,0,83959.0
24,9,230,1049,0,1,8,0.0,0.0,1.0,0.0,0.15,91,255,1.0,0.0,0.02,0.0,0.0,0.0,0,47731.0
24,9,244,1496,0,1,16,0.0,0.0,1.0,0.0,0.03,255,255,1.0,0.0,0.0,0.0,0.0,0.0,0,57702.0
24,9,226,1787,0,1,9,0.0,0.0,1.0,0.0,0.0,219,255,1.0,0.0,0.01,0.0,0.0,0.0,0,4949.0
12,9,45,133,0,0,137,0.0,0.0,1.0,0.0,0.01,255,254,1.0,0.01,0.0,0.0,0.0,0.0,0,122681.0
24,9,308,1096,0,1,1,0.0,0.0,1.0,0.0,0.0,255,255,1.0,0.0,0.0,0.0,0.0,0.0,0,106178.0
58,9,100,1414,0,1,2,0.0,0.0,0.5,1.0,0.0,163,4,0.01,0.03,0.5,0.0,0.0,0.0,0,105959.0
52,9,1194,331,0,1,1,0.0,0.0,1.0,0.0,1.0,125,59,0.47,0.03,0.0,0.0,0.0,0.0,0,60950.0
24,9,226,47606,0,1,8,0.0,0.0,1.0,0.0,0.0,53,255,1.0,0.0,0.01,0.02,0.01,0.0,0,25900.0
24,9,338,255,0,1,22,0.0,0.0,1.0,0.0,0.04,255,255,1.0,0.0,0.0,0.0,0.0,0.0,0,83485.0
12,9,46,132,0,0,181,0.0,0.0,0.99,0.01,0.0,212,179,0.84,0.01,0.0,0.0,0.0,0.0,0,20777.0
57,5,0,0,0,0,293,1.0,1.0,0.06,0.06,0.0,255,17,0.07,0.06,0.0,1.0,1.0,0.0,1,114613.0
60,2,0,0,0,0,124,0.0,0.0,0.07,0.06,0.0,255,9,0.04,0.07,0.0,0.0,0.0,1.0,1,56625.0
42,1,0,0,0,0,336,0.09,0.0,0.0,1.0,0.0,255,1,0.0,1.0,0.0,0.09,0.0,1.0,1,27839.0
24,9,339,1367,0,1,3,0.0,0.0,1.0,0.0,0.0,114,255,1.0,0.0,0.05,0.0,0.0,0.0,0,11444.0
38,5,0,0,0,0,124,1.0,1.0,0.15,0.06,0.0,255,19,0.07,0.06,0.0,1.0,1.0,0.0,1,102867.0
12,9,45,128,0,0,31,0.0,0.0,1.0,0.0,0.03,248,199,0.8,0.02,0.0,0.0,0.0,0.0,0,62331.0
24,9,206,1165,0,1,20,0.0,0.0,1.0,0.0,0.0,176,255,1.0,0.0,0.02,0.0,0.0,0.0,0,80280.0
47,5,0,0,0,0,110,1.0,1.0,0.17,0.05,0.0,255,8,0.03,0.06,0.0,1.0,1.0,0.0,1,64238.0
39,5,0,0,0,0,137,1.0,1.0,0.14,0.06,0.0,248,19,0.08,0.06,0.0,1.0,1.0,0.0,1,2254.0
20,6,8760,0,0,0,7,0.14,0.17,0.86,0.29,0.0,179,64,0.36,0.03,0.0,0.01,0.02,0.0,0,81643.0
24,9,345,883,0,1,7,0.0,0.0,1.0,0.0,0.25,249,255,1.0,0.0,0.01,0.0,0.0,0.0,0,69125.0
52,9,2526,325,0,1,1,0.0,0.0,1.0,0.0,0.0,159,137,0.59,0.03,0.01,0.0,0.0,0.04,0,114306.0
12,9,44,79,0,0,110,0.0,0.0,1.0,0.0,0.0,255,255,1.0,0.0,0.0,0.0,0.0,0.0,0,113077.0
24,9,314,1410,0,1,21,0.0,0.0,1.0,0.0,0.0,255,255,1.0,0.0,0.0,0.0,0.0,0.0,0,2506.0
24,9,190,244,0,1,27,0.0,0.0,1.0,0.0,0.07,255,255,1.0,0.0,0.0,0.0,0.0,0.01,0,3746.0
64,5,0,0,0,0,220,1.0,1.0,0.04,0.05,0.0,255,9,0.04,0.05,0.0,1.0,1.0,0.0,1,36796.0
12,9,45,45,0,0,90,0.0,0.0,1.0,0.0,0.01,255,252,0.99,0.01,0.0,0.0,0.0,0.0,0,96665.0
24,9,355,3941,0,1,34,0.0,0.0,1.0,0.0,0.0,56,255,1.0,0.0,0.02,0.0,0.01,0.0,0,45785.0
24,9,283,3170,0,1,7,0.0,0.0,1.0,0.0,0.25,25,255,1.0,0.0,0.05,0.0,0.0,0.0,0,39089.0
39,5,0,0,0,0,103,1.0,1.0,0.09,0.07,0.0,211,9,0.04,0.07,0.0,1.0,1.0,0.0,1,1957.0
12,9,45,125,0,0,69,0.0,0.0,0.99,0.03,0.02,255,194,0.76,0.02,0.0,0.0,0.0,0.0,0,65917.0
24,9,289,12640,0,1,10,0.0,0.0,1.0,0.0,0.0,255,255,1.0,0.0,0.0,0.0,0.0,0.0,0,26205.0
47,5,0,0,0,0,120,1.0,1.0,0.1,0.07,0.0,255,8,0.03,0.07,0.0,1.0,1.0,0.0,1,37470.0
47,5,0,0,0,0,202,1.0,1.0,0.06,0.07,0.0,255,13,0.05,0.08,0.0,1.0,1.0,0.0,1,102517.0
20,1,0,0,0,0,473,0.07,0.0,0.04,0.96,0.0,255,17,0.07,0.94,0.0,0.08,0.0,1.0,1,108657.0
47,9,105,147,0,0,11,0.0,0.0,0.18,0.18,0.0,255,240,0.94,0.01,0.0,0.0,0.0,0.0,0,73425.0
47,1,0,0,0,0,128,0.0,0.0,0.05,0.07,0.0,255,4,0.02,0.07,0.0,0.0,0.0,1.0,1,110684.0
20,9,334,0,0,1,2,0.0,0.0,1.0,0.0,0.0,12,41,0.83,0.17,0.12,0.0,0.0,0.0,1,28208.0
24,5,0,0,0,0,284,1.0,1.0,0.02,0.06,0.0,255,3,0.01,0.07,0.0,1.0,1.0,0.0,1,28583.0
24,9,312,324,0,1,8,0.0,0.0,1.0,0.0,0.0,255,255,1.0,0.0,0.0,0.0,0.0,0.0,0,44218.0
24,9,265,1746,0,1,1,0.0,0.0,1.0,0.0,0.0,1,255,1.0,0.0,0.04,0.0,0.0,0.0,0,107143.0
24,9,283,405,0,1,17,0.0,0.0,1.0,0.0,0.0,59,255,1.0,0.0,0.05,0.0,0.0,0.0,0,62461.0
42,4,1,0,0,0,2,0.0,0.0,1.0,0.0,0.0,255,2,0.01,0.74,0.0,0.0,0.0,1.0,1,97146.0
20,1,0,0,0,0,269,0.0,0.0,0.07,0.06,0.0,255,19,0.07,0.08,0.0,0.0,0.0,1.0,1,83394.0
24,9,308,2698,0,1,1,0.0,0.0,1.0,0.0,0.5,255,216,0.85,0.02,0.0,0.0,0.0,0.0,0,57957.0
42,9,147,105,0,0,1,0.0,0.0,1.0,0.0,0.0,255,1,0.0,0.85,0.0,0.0,0.0,0.0,0,32615.0
26,9,6,164,0,1,509,0.02,0.0,0.0,1.0,0.0,255,1,0.0,1.0,0.0,0.02,0.0,0.0,1,65313.0
24,5,0,0,0,0,9,1.0,1.0,0.67,0.22,0.0,255,60,0.24,0.04,0.0,1.0,1.0,0.0,1,55613.0
24,9,247,13225,0,1,8,0.0,0.0,1.0,0.0,0.22,255,255,1.0,0.0,0.0,0.0,0.0,0.0,0,19783.0
47,5,0,0,0,0,289,1.0,1.0,0.01,0.06,0.0,255,5,0.02,0.07,0.0,1.0,1.0,0.0,1,68269.0
19,9,1469,4152,0,1,1,0.0,0.0,1.0,0.0,0.0,21,8,0.38,0.24,0.0,0.0,0.0,0.0,0,111737.0
24,9,327,2245,0,1,7,0.0,0.0,1.0,0.0,0.17,255,255,1.0,0.0,0.0,0.0,0.0,0.0,0,76905.0
18,5,0,0,0,0,250,1.0,1.0,0.03,0.07,0.0,255,8,0.03,0.07,0.0,1.0,1.0,0.0,1,114021.0
26,5,0,0,0,0,256,1.0,1.0,0.02,0.05,0.0,255,5,0.02,0.05,0.0,1.0,1.0,0.0,1,25836.0
24,9,303,185,0,1,15,0.0,0.0,1.0,0.0,0.0,255,255,1.0,0.0,0.0,0.0,0.0,0.0,0,32804.0
42,9,146,105,0,0,1,0.0,0.0,1.0,0.0,0.0,255,1,0.0,0.65,0.0,0.0,0.0,0.0,0,62893.0
24,9,246,692,0,1,6,0.0,0.0,1.0,0.0,0.0,6,255,1.0,0.0,0.06,0.0,0.0,0.0,0,7578.0
14,9,8,0,0,0,1,0.0,0.0,1.0,0.0,1.0,1,99,1.0,0.0,0.51,0.0,0.0,0.0,1,21453.0
15,9,1032,0,0,0,511,0.0,0.0,1.0,0.0,0.0,255,68,0.27,0.15,0.0,0.0,0.0,0.0,1,38365.0
19,5,0,0,0,0,52,1.0,1.0,0.13,0.12,0.0,255,7,0.03,0.09,0.0,1.0,1.0,0.0,1,79216.0
14,9,8,0,0,0,1,0.0,0.0,1.0,0.0,1.0,2,110,1.0,0.0,0.5,0.0,0.0,0.0,1,7467.0
39,5,0,0,0,0,139,1.0,1.0,0.11,0.06,0.0,255,15,0.06,0.06,0.0,1.0,1.0,0.0,1,48751.0
24,9,345,824,0,1,5,0.0,0.0,1.0,0.0,0.0,71,255,1.0,0.0,0.09,0.0,0.0,0.87,0,114795.0
24,9,229,5519,0,1,7,0.0,0.0,1.0,0.0,0.33,127,255,1.0,0.0,0.03,0.0,0.0,0.0,0,43413.0
47,1,0,0,0,0,2,0.0,0.0,0.5,1.0,0.0,255,1,0.0,0.7,0.0,0.0,0.0,1.0,1,80385.0
47,10,0,0,0,0,1,1.0,1.0,1.0,0.0,0.0,127,1,0.01,0.92,0.0,0.94,1.0,0.0,1,18464.0
57,5,0,0,0,0,196,1.0,1.0,0.03,0.07,0.0,255,13,0.05,0.05,0.0,1.0,1.0,0.0,1,85364.0
12,9,44,76,0,0,147,0.0,0.0,1.0,0.0,0.02,255,227,0.89,0.01,0.0,0.0,0.0,0.0,0,74823.0
24,9,319,1862,0,1,5,0.0,0.0,1.0,0.0,0.0,5,255,1.0,0.0,0.06,0.0,0.0,0.0,0,33530.0
18,9,7,279,0,0,1,0.0,0.0,1.0,0.0,0.0,55,7,0.07,0.07,0.29,0.0,0.0,0.0,0,61440.0
47,5,0,0,0,0,261,1.0,1.0,0.02,0.07,0.0,255,6,0.02,0.09,0.0,1.0,1.0,0.0,1,79120.0
24,9,216,7384,0,1,21,0.0,0.0,1.0,0.0,0.0,255,255,1.0,0.0,0.0,0.0,0.0,0.0,0,112064.0
47,1,0,0,0,0,116,0.0,0.0,0.03,0.06,0.0,255,4,0.02,0.06,0.0,0.0,0.0,1.0,1,93651.0
24,9,209,885,0,1,12,0.08,0.07,1.0,0.0,0.13,12,255,1.0,0.0,0.05,0.08,0.02,0.0,0,47807.0
60,5,0,0,0,0,261,1.0,1.0,0.02,0.07,0.0,255,5,0.02,0.07,0.0,1.0,1.0,0.0,1,36941.0
12,9,45,45,0,0,143,0.0,0.0,1.0,0.0,0.0,255,255,1.0,0.0,0.0,0.0,0.0,0.0,0,79918.0
24,9,194,18862,0,1,9,0.0,0.0,1.0,0.0,0.2,37,255,1.0,0.0,0.05,0.0,0.0,0.0,0,71551.0
20,9,1339,0,0,1,2,0.0,0.0,1.0,0.0,0.0,76,68,0.13,0.05,0.04,0.0,0.0,0.0,0,73394.0
38,5,0,0,0,0,142,1.0,1.0,0.08,0.06,0.0,255,3,0.01,0.07,0.0,1.0,1.0,0.0,1,16830.0
24,9,281,644,0,1,3,0.33,0.33,1.0,0.0,0.0,8,255,1.0,0.0,0.04,0.12,0.0,0.0,0,41501.0
14,9,8,0,0,0,1,0.0,0.0,1.0,0.0,1.0,2,162,1.0,0.0,0.25,0.0,0.0,0.0,1,9499.0
24,9,301,23863,0,1,3,0.0,0.0,1.0,0.0,0.0,73,255,1.0,0.0,0.03,0.0,0.0,0.0,0,109687.0
24,9,238,468,0,1,1,0.0,0.0,1.0,0.0,0.0,255,255,1.0,0.0,0.0,0.0,0.0,0.0,0,19599.0
47,5,0,0,0,0,192,1.0,1.0,0.03,0.06,0.0,255,6,0.02,0.05,0.0,1.0,1.0,0.0,1,95784.0
24,9,210,12922,0,1,16,0.0,0.0,1.0,0.0,0.0,255,255,1.0,0.0,0.0,0.0,0.0,0.0,0,31136.0
52,9,860,331,0,1,1,0.0,0.0,1.0,0.0,1.0,32,78,0.59,0.09,0.03,0.0,0.0,0.0,0,96899.0
24,9,214,1737,0,1,5,0.0,0.0,1.0,0.0,0.0,11,255,1.0,0.0,0.05,0.0,0.0,0.0,0,18023.0
14,9,18,0,0,0,1,0.0,0.0,1.0,0.0,0.0,1,119,1.0,0.0,1.0,0.0,0.0,0.0,1,118565.0
2,1,0,0,0,0,110,0.0,0.0,0.15,0.05,0.0,255,17,0.07,0.07,0.0,0.0,0.0,1.0,1,116.0
10,5,0,0,0,0,215,1.0,1.0,0.09,0.07,0.0,255,19,0.07,0.07,0.0,1.0,1.0,0.0,1,3148.0
14,9,8,0,0,0,1,0.0,0.0,1.0,0.0,1.0,2,104,1.0,0.0,0.5,0.0,0.0,0.0,1,20943.0
65,5,0,0,0,0,282,1.0,1.0,0.08,0.04,0.0,255,23,0.09,0.05,0.0,1.0,1.0,0.0,1,22336.0
24,9,298,746,0,1,3,0.0,0.0,1.0,0.0,0.25,85,255,1.0,0.0,0.02,0.0,0.0,0.0,0,26439.0
30,5,0,0,0,0,135,1.0,1.0,0.04,0.06,0.0,255,6,0.02,0.06,0.0,1.0,1.0,0.0,1,27433.0
30,5,0,0,0,0,264,1.0,1.0,0.09,0.05,0.0,255,24,0.09,0.05,0.0,1.0,1.0,0.0,1,30004.0
16,5,0,0,0,0,143,1.0,1.0,0.12,0.06,0.0,255,17,0.07,0.06,0.0,1.0,1.0,0.0,1,60036.0
47,5,0,0,0,0,95,1.0,1.0,0.01,0.06,0.0,255,19,0.07,0.06,0.0,1.0,1.0,0.0,1,61679.0
47,0,0,0,0,0,1,0.0,0.0,1.0,0.0,0.0,99,1,0.01,0.05,0.0,0.0,0.0,0.0,1,113904.0
47,1,0,0,0,0,10,0.0,0.0,0.1,1.0,0.0,255,1,0.0,0.08,0.0,0.0,0.0,1.0,1,61169.0
12,9,44,73,0,0,179,0.0,0.0,1.0,0.0,0.0,255,254,1.0,0.01,0.0,0.0,0.0,0.0,0,107172.0
52,9,3633,333,0,1,1,0.0,0.0,1.0,0.0,0.0,180,213,0.83,0.02,0.01,0.0,0.0,0.0,0,25558.0
47,1,0,0,0,0,278,0.0,0.0,0.06,0.06,0.0,255,16,0.06,0.06,0.0,0.0,0.0,1.0,1,5032.0
52,9,1512,329,0,1,1,0.0,0.0,1.0,0.0,0.0,184,172,0.77,0.03,0.01,0.0,0.0,0.0,0,65763.0
24,9,207,597,0,1,11,0.0,0.0,1.0,0.0,0.0,162,255,1.0,0.0,0.02,0.0,0.0,0.0,0,117838.0
24,9,360,1025,0,1,11,0.0,0.0,1.0,0.0,0.0,255,255,1.0,0.0,0.0,0.0,0.0,0.0,0,63888.0
12,9,43,70,0,0,6,0.0,0.0,1.0,0.0,0.0,255,250,0.98,0.01,0.0,0.0,0.0,0.0,0,36483.0
24,9,220,3207,0,1,4,0.0,0.0,1.0,0.0,0.0,4,255,1.0,0.0,0.02,0.0,0.0,0.0,0,2006.0
24,9,233,3526,0,1,18,0.0,0.0,1.0,0.0,0.0,18,255,1.0,0.0,0.05,0.0,0.0,0.0,0,72923.0
47,9,1,0,0,0,118,0.0,0.0,0.92,0.02,0.0,255,180,0.71,0.04,0.0,0.0,0.0,0.0,1,78176.0
24,5,0,0,0,0,298,1.0,1.0,0.06,0.06,0.0,255,5,0.02,0.08,0.0,1.0,1.0,0.0,1,2259.0
47,9,28,0,3,0,60,0.0,0.0,0.98,0.03,0.0,255,59,0.23,0.02,0.0,0.0,0.0,0.0,1,54709.0
24,9,251,1879,0,1,6,0.0,0.0,1.0,0.0,0.0,255,255,1.0,0.0,0.0,0.0,0.0,0.0,0,107925.0
14,9,8,0,0,0,1,0.0,0.0,1.0,0.0,1.0,1,43,1.0,0.0,0.51,0.0,0.0,0.0,1,9579.0
64,5,0,0,0,0,268,1.0,1.0,0.03,0.06,0.0,255,13,0.05,0.07,0.0,1.0,1.0,0.0,1,38429.0
42,9,516,4,0,0,163,0.0,0.0,1.0,0.0,0.0,163,163,1.0,0.0,0.0,0.0,0.0,0.0,0,102881.0
47,9,105,146,0,0,1,0.0,0.0,1.0,0.0,0.0,57,47,0.82,0.04,0.0,0.0,0.0,0.0,0,26058.0
52,9,47,283,0,1,1,0.0,0.0,1.0,0.0,0.0,234,135,0.58,0.03,0.0,0.0,0.0,0.0,0,17563.0
23,5,0,0,0,0,144,1.0,1.0,0.17,0.04,0.0,255,24,0.09,0.04,0.0,1.0,1.0,0.0,1,60321.0
52,9,642,339,0,1,1,0.0,0.0,1.0,0.0,0.0,169,175,0.63,0.03,0.01,0.0,0.0,0.0,0,86865.0
24,1,0,0,0,0,1,0.0,0.0,1.0,0.0,0.0,137,93,0.68,0.02,0.0,0.0,0.0,1.0,0,4467.0
12,9,46,127,0,0,88,0.0,0.0,1.0,0.0,0.02,255,254,1.0,0.01,0.0,0.0,0.0,0.0,0,30908.0
20,9,6601,0,0,1,20,0.0,0.0,1.0,0.0,0.0,53,105,0.75,0.08,0.02,0.0,0.01,0.0,0,64668.0
24,9,54540,8314,0,1,4,0.0,0.0,1.0,0.0,0.0,255,255,1.0,0.0,0.0,0.01,0.01,0.03,1,50730.0
10,5,0,0,0,0,19,1.0,1.0,0.37,0.32,0.0,255,15,0.06,0.09,0.0,1.0,1.0,0.0,1,121218.0
20,9,491,0,0,0,2,0.0,0.0,1.0,0.0,0.0,92,84,0.35,0.04,0.02,0.0,0.0,0.0,0,116503.0
24,9,323,306,0,1,18,0.0,0.0,1.0,0.0,0.21,255,255,1.0,0.0,0.0,0.0,0.0,0.0,0,30424.0
24,1,0,0,0,0,2,0.0,0.0,1.0,0.0,0.0,166,145,0.87,0.02,0.0,0.0,0.0,1.0,0,125694.0
24,9,356,397,0,1,8,0.0,0.0,1.0,0.0,0.0,255,255,1.0,0.0,0.0,0.0,0.0,0.0,0,44043.0
47,10,0,0,0,0,1,1.0,1.0,1.0,0.0,0.0,176,1,0.01,0.94,0.0,0.95,1.0,0.0,1,112013.0
24,9,166,1992,0,1,4,0.0,0.0,1.0,0.0,0.0,4,255,1.0,0.0,0.05,0.0,0.0,0.0,0,8074.0
24,9,333,216,0,1,20,0.0,0.0,1.0,0.0,0.17,255,255,1.0,0.0,0.0,0.0,0.0,0.0,0,94703.0
24,9,214,10350,0,1,15,0.0,0.0,1.0,0.0,0.05,255,255,1.0,0.0,0.0,0.0,0.0,0.0,0,76338.0
24,9,298,188,0,1,1,0.0,0.0,1.0,0.0,0.15,44,255,1.0,0.0,0.02,0.0,0.0,0.0,0,95450.0
52,9,1556,340,0,1,1,0.0,0.0,1.0,0.0,0.0,42,133,0.48,0.05,0.02,0.0,0.0,0.0,0,91706.0
33,5,0,0,0,0,218,1.0,1.0,0.0,0.07,0.0,255,1,0.0,0.08,0.0,1.0,1.0,0.0,1,59147.0
58,9,565,111864,0,1,1,0.0,0.0,1.0,0.0,0.0,8,3,0.38,0.25,0.0,0.0,0.0,0.33,0,18097.0
24,9,234,2263,0,1,1,0.0,0.0,1.0,0.0,0.22,255,255,1.0,0.0,0.0,0.0,0.0,0.0,0,124759.0
47,5,0,0,0,0,282,1.0,1.0,0.06,0.06,0.0,255,15,0.06,0.08,0.0,1.0,1.0,0.0,1,967.0
24,9,282,10965,0,1,3,0.0,0.0,1.0,0.0,0.0,3,255,1.0,0.0,0.03,0.0,0.0,0.0,0,106532.0
42,9,146,105,0,0,1,0.0,0.0,1.0,0.0,0.0,255,4,0.02,0.35,0.0,0.0,0.0,0.0,0,77502.0
31,1,0,0,0,0,114,0.0,0.0,0.01,0.07,0.0,255,1,0.0,0.08,0.0,0.0,0.0,1.0,1,104291.0
24,9,324,1918,0,1,8,0.0,0.0,1.0,0.0,0.38,255,255,1.0,0.0,0.0,0.0,0.0,0.0,0,57681.0
24,9,199,419,0,1,6,0.0,0.0,1.0,0.0,0.22,42,255,1.0,0.0,0.05,0.0,0.0,0.0,0,51629.0
24,9,156,2536,0,1,2,0.0,0.0,1.0,0.0,0.0,204,255,1.0,0.0,0.03,0.0,0.0,0.0,0,74915.0
47,5,0,0,0,0,125,1.0,1.0,0.04,0.06,0.0,73,5,0.07,0.1,0.0,1.0,1.0,0.0,1,77079.0
34,1,0,0,0,0,213,0.0,0.0,0.03,0.07,0.0,255,23,0.09,0.07,0.0,0.0,0.0,1.0,1,33062.0
24,9,289,910,0,1,18,0.0,0.0,1.0,0.0,0.14,255,255,1.0,0.0,0.0,0.0,0.0,0.0,0,107809.0
8,5,0,0,0,0,258,1.0,1.0,0.02,0.07,0.0,255,5,0.02,0.07,0.0,1.0,1.0,0.0,1,59300.0
12,9,44,129,0,0,70,0.0,0.0,1.0,0.0,0.01,246,126,0.51,0.02,0.0,0.0,0.0,0.0,0,107081.0
47,5,0,0,0,0,229,1.0,1.0,0.03,0.06,0.0,255,5,0.02,0.07,0.0,1.0,1.0,0.0,1,101880.0
47,5,0,0,0,0,290,1.0,1.0,0.07,0.04,0.0,248,21,0.08,0.06,0.0,0.99,1.0,0.0,1,19180.0
52,9,664,344,0,1,1,0.0,0.0,1.0,0.0,0.0,174,126,0.48,0.02,0.02,0.0,0.0,0.0,0,79617.0
57,5,0,0,0,0,288,1.0,1.0,0.05,0.06,0.0,255,15,0.06,0.07,0.0,1.0,1.0,0.0,1,115918.0
60,5,0,0,0,0,274,1.0,1.0,0.02,0.05,0.0,255,5,0.02,0.05,0.0,1.0,1.0,0.0,1,106764.0
47,9,215,0,0,0,1,0.0,0.0,1.0,0.0,0.0,245,205,0.84,0.01,0.0,0.0,0.0,0.0,1,14565.0
47,1,0,0,0,0,62,0.0,0.0,0.15,0.08,0.0,255,9,0.04,0.08,0.0,0.0,0.0,1.0,1,44474.0
24,9,305,520,0,1,27,0.0,0.0,1.0,0.0,0.09,255,255,1.0,0.0,0.0,0.0,0.0,0.0,0,21525.0
18,2,0,0,0,0,246,0.0,0.0,0.04,0.07,0.0,255,9,0.04,0.07,0.0,0.0,0.0,1.0,1,2669.0
58,9,359,11564,0,1,1,0.0,0.0,1.0,0.0,0.0,216,22,0.1,0.03,0.0,0.01,0.09,0.0,0,39552.0
47,4,0,0,0,0,280,0.0,0.0,0.01,0.5,0.0,255,2,0.01,0.5,0.0,0.0,0.0,1.0,1,36020.0
15,9,1032,0,0,0,511,0.0,0.0,1.0,0.0,0.0,255,235,0.92,0.02,0.0,0.0,0.0,0.0,1,95612.0
47,5,0,0,0,0,78,1.0,1.0,0.31,0.05,0.0,255,24,0.09,0.05,0.0,1.0,1.0,0.0,1,67671.0
24,9,199,36490,0,1,8,0.0,0.0,1.0,0.0,0.0,8,255,1.0,0.0,0.06,0.0,0.0,0.0,0,63878.0
24,9,271,1380,0,1,3,0.0,0.0,1.0,0.0,0.0,32,255,1.0,0.0,0.02,0.0,0.0,0.0,0,69078.0
15,9,1032,0,0,0,511,0.0,0.0,1.0,0.0,0.0,255,141,0.55,0.02,0.0,0.01,0.0,0.0,1,100986.0
39,1,0,0,0,0,106,0.0,0.0,0.05,0.07,0.0,255,5,0.02,0.06,0.0,0.0,0.0,1.0,1,117558.0
47,1,0,0,0,0,175,0.0,0.0,0.03,0.07,0.0,255,6,0.02,0.08,0.0,0.0,0.0,1.0,1,92420.0
42,9,516,4,0,0,224,0.0,0.0,1.0,0.0,0.0,224,224,1.0,0.0,0.0,0.0,0.0,0.0,0,118733.0
52,9,4004,370,0,1,1,0.0,0.0,1.0,0.0,1.0,150,243,0.95,0.01,0.01,0.0,0.0,0.0,0,6003.0
41,9,48,48,0,0,1,0.0,0.0,1.0,0.0,0.0,16,2,0.12,0.12,0.0,0.0,0.0,0.0,0,119979.0
24,9,324,1125,0,1,8,0.0,0.0,1.0,0.0,0.0,142,255,1.0,0.0,0.04,0.0,0.0,0.0,0,6185.0
24,1,0,0,0,0,2,0.0,0.0,1.0,0.0,0.0,11,255,1.0,0.0,0.11,0.0,0.0,0.79,0,94779.0
47,1,0,0,0,0,140,0.0,0.0,0.11,0.06,0.0,255,16,0.06,0.08,0.0,0.0,0.0,1.0,1,79026.0
52,9,1293,368,0,1,1,0.0,0.0,1.0,0.0,1.0,73,81,0.04,0.97,0.02,0.0,0.0,0.0,0,111447.0
47,9,28,0,3,0,38,0.0,0.0,1.0,0.0,0.0,255,138,0.54,0.46,0.0,0.09,0.0,0.0,1,104734.0
47,4,0,0,0,0,1,0.0,0.0,1.0,0.0,0.0,142,1,0.01,0.66,0.0,0.04,0.0,1.0,1,76540.0
24,9,259,12260,0,1,1,0.0,0.0,1.0,0.0,0.75,154,255,1.0,0.0,0.01,0.0,0.0,0.0,0,43973.0
25,5,0,0,0,0,99,1.0,1.0,0.15,0.06,0.0,255,15,0.06,0.07,0.0,1.0,1.0,0.0,1,23473.0
12,9,45,83,0,0,189,0.0,0.0,1.0,0.0,0.0,255,255,1.0,0.0,0.0,0.0,0.0,0.0,0,65307.0
24,9,304,1463,0,1,14,0.0,0.0,1.0,0.0,0.0,75,255,1.0,0.0,0.01,0.0,0.0,0.0,0,54548.0
52,9,679,327,0,1,1,0.0,0.0,1.0,0.0,0.0,108,192,0.77,0.04,0.01,0.0,0.0,0.0,0,17476.0
12,9,31,91,0,0,3,0.0,0.0,1.0,0.0,0.0,8,20,1.0,0.0,0.1,0.0,0.0,0.0,0,1098.0
24,9,327,7156,0,1,20,0.0,0.0,1.0,0.0,0.0,194,255,1.0,0.0,0.01,0.0,0.0,0.0,0,21220.0
42,9,145,105,0,0,1,0.0,0.0,1.0,0.0,0.0,255,1,0.0,0.62,0.0,0.0,0.0,0.0,0,23017.0
24,1,0,0,0,0,1,0.0,0.0,1.0,0.0,0.0,1,221,1.0,0.0,0.21,0.0,0.0,0.87,0,38402.0
25,1,0,0,0,0,112,0.0,0.0,0.09,0.07,0.0,255,10,0.04,0.07,0.0,0.0,0.0,1.0,1,97630.0
42,4,1,0,0,0,2,0.0,0.0,1.0,0.0,0.0,255,2,0.01,0.72,0.0,0.0,0.0,1.0,1,45166.0
27,5,0,0,0,0,254,1.0,1.0,0.05,0.06,0.0,255,13,0.05,0.06,0.0,1.0,1.0,0.0,1,92846.0
12,9,45,111,0,0,69,0.0,0.0,1.0,0.0,0.01,255,232,0.91,0.01,0.0,0.0,0.0,0.0,0,91660.0
47,5,0,0,0,0,68,1.0,1.0,0.01,0.07,0.0,255,15,0.06,0.06,0.0,1.0,1.0,0.0,1,18451.0
47,1,0,0,0,0,85,0.01,0.0,0.01,1.0,0.0,210,1,0.0,0.44,0.0,0.0,0.0,1.0,1,6171.0
20,9,4316,0,0,0,5,0.0,0.0,1.0,0.0,0.0,80,26,0.21,0.08,0.08,0.0,0.0,0.0,0,84323.0
24,9,238,286,0,1,4,0.0,0.0,1.0,0.0,0.09,255,255,1.0,0.0,0.0,0.0,0.0,0.0,0,88935.0
12,9,45,73,0,0,228,0.0,0.0,1.0,0.0,0.0,255,250,0.98,0.01,0.0,0.0,0.0,0.0,0,7591.0
24,9,307,587,0,1,10,0.0,0.0,1.0,0.0,0.0,10,255,1.0,0.0,0.04,0.0,0.0,0.0,0,125281.0
20,9,3775,0,0,1,23,0.0,0.0,1.0,0.0,0.08,255,101,0.4,0.02,0.0,0.0,0.0,0.0,0,43498.0
24,9,267,5147,0,1,18,0.0,0.0,1.0,0.0,0.0,62,255,1.0,0.0,0.02,0.0,0.0,0.0,0,26151.0
24,9,162,525,0,1,1,0.0,0.0,1.0,0.0,0.0,1,255,1.0,0.0,0.05,0.0,0.0,0.0,0,34432.0
20,9,8737,0,0,0,7,0.0,0.0,1.0,0.0,0.0,46,31,0.28,0.09,0.06,0.0,0.0,0.0,0,35535.0
47,4,0,0,0,0,1,0.0,0.0,1.0,0.0,0.0,255,1,0.0,0.7,0.0,0.0,0.0,1.0,1,23463.0
47,5,0,0,0,0,264,1.0,1.0,0.06,0.06,0.0,255,17,0.07,0.06,0.0,1.0,1.0,0.0,1,9705.0
47,1,0,0,0,0,135,0.0,0.0,0.04,0.06,0.0,255,3,0.01,0.06,0.0,0.0,0.0,1.0,1,60419.0
24,9,236,783,0,1,23,0.0,0.0,1.0,0.0,0.0,255,255,1.0,0.0,0.0,0.0,0.0,0.0,0,28376.0
31,5,0,0,0,0,291,1.0,1.0,0.06,0.06,0.0,255,18,0.07,0.07,0.0,1.0,1.0,0.0,1,41613.0
20,9,334,0,0,1,2,0.0,0.0,1.0,0.0,0.0,8,16,1.0,0.0,0.19,0.0,0.0,0.0,1,116661.0
24,9,159,9524,0,1,1,0.0,0.0,1.0,0.0,0.22,38,255,1.0,0.0,0.05,0.0,0.0,0.0,0,102174.0
24,9,54540,8314,0,1,5,0.0,0.0,1.0,0.0,0.33,172,172,1.0,0.0,0.0,0.0,0.0,0.06,1,44261.0
63,5,0,0,0,0,104,1.0,1.0,0.03,0.06,0.0,255,3,0.01,0.05,0.0,1.0,1.0,0.0,1,104623.0
24,9,266,922,0,1,2,0.0,0.0,1.0,0.0,0.09,2,255,1.0,0.0,0.03,0.0,0.0,0.0,0,47779.0
47,5,0,0,0,0,230,1.0,1.0,0.1,0.05,0.0,255,22,0.09,0.06,0.0,1.0,1.0,0.0,1,85404.0
24,9,247,1416,0,1,11,0.0,0.0,1.0,0.0,0.0,156,255,1.0,0.0,0.09,0.0,0.0,0.61,0,90.0
47,1,0,0,0,0,225,0.0,0.0,0.03,0.07,0.0,255,21,0.08,0.07,0.0,0.0,0.0,1.0,1,38174.0
20,9,14189,0,0,0,3,0.0,0.0,1.0,0.0,0.0,80,53,0.11,0.08,0.04,0.0,0.0,0.0,0,35315.0
24,9,363,511,0,1,16,0.0,0.0,1.0,0.0,0.16,255,255,1.0,0.0,0.0,0.0,0.0,0.0,0,78121.0
12,9,43,131,0,0,115,0.0,0.0,1.0,0.0,0.01,255,255,1.0,0.0,0.0,0.0,0.0,0.0,0,54960.0
6,5,0,0,0,0,106,1.0,1.0,0.09,0.06,0.0,255,10,0.04,0.06,0.0,1.0,1.0,0.0,1,2949.0
14,9,8,0,0,0,1,0.0,0.0,1.0,0.0,1.0,3,67,1.0,0.0,0.25,0.0,0.0,0.0,1,44148.0
12,9,45,81,0,0,305,0.0,0.0,1.0,0.0,0.0,255,218,0.85,0.01,0.0,0.0,0.0,0.0,0,119735.0
24,9,193,3036,0,1,17,0.0,0.0,1.0,0.0,0.0,39,255,1.0,0.0,0.02,0.0,0.0,0.0,0,28994.0
47,9,105,145,0,0,1,0.0,0.0,1.0,0.0,0.0,215,193,0.9,0.01,0.0,0.0,0.0,0.0,0,95661.0
24,9,330,1270,0,1,18,0.0,0.0,1.0,0.0,0.0,255,255,1.0,0.0,0.0,0.0,0.0,0.0,0,28609.0
47,5,0,0,0,0,297,1.0,1.0,0.05,0.05,0.0,255,3,0.01,0.09,0.0,1.0,1.0,0.0,1,8015.0
14,9,8,0,0,0,1,0.0,0.0,1.0,0.0,1.0,2,28,1.0,0.0,0.5,0.0,0.0,0.0,1,118065.0
24,9,230,2090,0,1,2,0.0,0.0,1.0,0.0,0.33,37,255,1.0,0.0,0.03,0.0,0.0,0.0,0,43209.0
11,5,0,0,0,0,279,1.0,1.0,0.01,0.05,0.0,255,3,0.01,0.07,0.0,1.0,1.0,0.0,1,18371.0
21,5,0,0,0,0,140,1.0,1.0,0.03,0.06,0.0,255,6,0.02,0.07,0.0,1.0,1.0,0.0,1,61821.0
47,5,0,0,0,0,121,1.0,1.0,0.08,0.07,0.0,230,10,0.04,0.07,0.0,1.0,1.0,0.0,1,55751.0
47,5,0,0,0,0,114,1.0,1.0,0.03,0.06,0.0,192,6,0.03,0.09,0.0,1.0,1.0,0.0,1,121317.0
20,9,637,0,0,1,2,0.0,0.0,1.0,0.0,0.0,72,9,0.11,0.06,0.22,0.0,0.0,0.0,0,98453.0
24,9,207,1944,0,1,1,0.0,0.0,1.0,0.0,0.0,56,255,1.0,0.0,0.01,0.0,0.0,0.0,0,121946.0
24,9,305,5280,0,1,9,0.0,0.0,1.0,0.0,0.0,255,255,1.0,0.0,0.0,0.0,0.0,0.0,0,90016.0
58,5,0,0,0,0,16,0.94,1.0,0.94,0.12,0.0,15,16,1.0,0.0,0.12,1.0,0.94,0.0,1,60821.0
15,9,1032,0,0,0,510,0.0,0.0,1.0,0.0,0.0,255,177,0.69,0.03,0.0,0.0,0.0,0.0,1,89596.0
14,9,8,0,0,0,1,0.0,0.0,1.0,0.0,1.0,1,255,1.0,0.0,0.5,0.0,0.0,0.0,1,4770.0
47,5,0,0,0,0,49,1.0,1.0,0.18,0.12,0.0,255,9,0.04,0.09,0.0,1.0,1.0,0.0,1,15773.0
62,9,182,0,0,0,3,0.0,0.0,0.33,1.0,0.0,255,5,0.02,0.01,0.0,0.0,0.0,0.0,0,90444.0
52,9,667,332,0,1,1,0.0,0.0,1.0,0.0,0.0,15,155,0.93,0.13,0.02,0.0,0.0,0.0,0,122660.0
35,5,0,0,0,0,150,1.0,1.0,0.13,0.06,0.0,255,4,0.02,0.07,0.0,1.0,1.0,0.0,1,49457.0
24,9,235,12706,0,1,1,0.0,0.0,1.0,0.0,0.2,173,255,1.0,0.0,0.01,0.0,0.0,0.0,0,93183.0
52,9,1162,394,0,1,1,0.0,0.0,1.0,0.0,1.0,49,173,0.8,0.04,0.01,0.0,0.0,0.0,0,118189.0
24,9,195,3712,0,1,29,0.0,0.0,1.0,0.0,0.0,29,255,1.0,0.0,0.04,0.0,0.0,0.0,0,106993.0
56,5,0,0,0,0,198,1.0,1.0,0.09,0.07,0.0,255,17,0.07,0.07,0.0,1.0,1.0,0.0,1,62876.0
24,5,0,0,0,0,59,1.0,1.0,0.32,0.07,0.0,255,63,0.25,0.02,0.0,1.0,1.0,0.0,1,78394.0
30,5,0,0,0,0,102,1.0,1.0,0.04,0.06,0.0,255,4,0.02,0.07,0.0,1.0,1.0,0.0,1,118402.0
20,9,40494,0,0,1,1,0.0,0.0,1.0,0.0,0.0,99,93,0.13,0.05,0.02,0.0,0.0,0.0,0,62319.0
42,9,146,0,0,0,1,0.0,0.0,1.0,0.0,0.0,206,1,0.0,0.15,0.0,0.0,0.0,0.0,0,116064.0
47,1,0,0,0,0,132,0.0,0.0,0.14,0.06,0.0,255,19,0.07,0.06,0.0,0.0,0.0,1.0,1,55385.0
24,9,220,21953,0,1,13,0.0,0.0,1.0,0.0,0.0,243,255,1.0,0.0,0.01,0.0,0.0,0.0,0,96149.0
52,9,745,331,0,1,1,0.0,0.0,1.0,0.0,0.0,217,123,0.57,0.03,0.0,0.0,0.0,0.0,0,41689.0
65,5,0,0,0,0,237,1.0,1.0,0.0,0.05,0.0,41,1,0.02,0.1,0.0,0.95,1.0,0.0,1,14036.0
65,5,0,0,0,0,103,1.0,1.0,0.03,0.07,0.0,255,3,0.01,0.08,0.0,1.0,1.0,0.0,1,97945.0
24,9,305,928,0,1,9,0.0,0.06,1.0,0.0,0.25,198,208,1.0,0.0,0.01,0.01,0.0,0.0,0,106130.0
24,9,313,1270,0,1,4,0.0,0.0,1.0,0.0,0.25,255,255,1.0,0.0,0.0,0.0,0.0,0.0,0,16895.0
14,9,8,0,0,0,1,0.0,0.0,1.0,0.0,1.0,2,82,1.0,0.0,0.5,0.0,0.0,0.0,1,88027.0
24,9,54540,8314,0,1,4,0.0,0.0,1.0,0.0,0.0,38,38,1.0,0.0,0.0,0.0,0.0,0.29,1,40214.0
20,9,12165,0,0,1,5,0.0,0.0,1.0,0.0,0.0,143,44,0.27,0.03,0.05,0.0,0.0,0.0,0,78240.0
24,9,238,1471,0,1,13,0.0,0.0,1.0,0.0,0.0,198,255,1.0,0.0,0.02,0.0,0.0,0.0,0,122121.0
24,9,305,3919,0,1,1,0.0,0.0,1.0,0.0,0.0,110,217,1.0,0.0,0.06,0.0,0.0,0.0,0,76665.0
47,1,0,0,0,0,121,0.0,0.0,0.16,0.06,0.0,255,19,0.07,0.07,0.0,0.0,0.0,1.0,1,5.0
15,9,1032,0,0,0,511,0.0,0.0,1.0,0.0,0.0,255,193,0.76,0.02,0.0,0.0,0.0,0.0,1,88146.0
24,9,201,3557,0,1,1,0.0,0.0,1.0,0.0,1.0,255,254,1.0,0.01,0.0,0.0,0.0,0.0,0,29522.0
24,9,163,1096,0,1,1,0.0,0.0,1.0,0.0,0.0,1,244,1.0,0.0,0.08,0.0,0.0,0.0,0,51459.0
47,5,0,0,0,0,210,1.0,1.0,0.09,0.06,0.0,255,17,0.07,0.06,0.0,1.0,1.0,0.0,1,91410.0
24,9,339,1092,0,1,6,0.0,0.0,1.0,0.0,0.0,28,255,1.0,0.0,0.02,0.0,0.0,0.0,0,18824.0
60,5,0,0,0,0,121,1.0,1.0,0.13,0.06,0.0,255,16,0.06,0.08,0.0,1.0,1.0,0.0,1,9275.0
39,1,0,0,0,0,123,0.0,0.0,0.11,0.07,0.0,255,13,0.05,0.07,0.0,0.0,0.0,1.0,1,45754.0
12,9,43,146,0,0,269,0.0,0.0,1.0,0.01,0.0,255,251,0.98,0.01,0.0,0.0,0.0,0.0,0,86967.0
24,9,311,3222,0,1,6,0.0,0.0,1.0,0.0,0.0,246,240,0.98,0.01,0.0,0.0,0.0,0.06,0,47935.0
24,5,0,0,0,0,4,1.0,1.0,1.0,0.0,0.0,255,64,0.25,0.02,0.0,1.0,1.0,0.0,1,50522.0
52,9,917,322,0,1,1,0.0,0.0,1.0,0.0,0.0,238,67,0.23,0.3,0.03,0.0,0.0,0.0,0,49114.0
20,5,0,0,0,0,34,1.0,1.0,0.41,0.06,0.0,36,60,0.39,0.08,0.03,0.94,0.23,0.0,1,94668.0
24,9,276,6042,0,1,13,0.0,0.0,1.0,0.0,0.0,117,255,1.0,0.0,0.04,0.0,0.0,0.0,0,68127.0
42,9,146,105,0,0,1,0.0,0.0,1.0,0.0,0.0,255,1,0.0,0.73,0.0,0.0,0.0,0.0,0,41340.0
24,9,218,5842,0,1,3,0.33,0.33,1.0,0.0,0.0,13,255,1.0,0.0,0.01,0.08,0.0,0.0,0,125405.0
54,5,0,0,0,0,230,1.0,1.0,0.04,0.07,0.0,255,9,0.04,0.07,0.0,1.0,1.0,0.0,1,52046.0
24,9,244,1248,0,1,1,0.0,0.0,1.0,0.0,0.0,1,255,1.0,0.0,0.03,0.0,0.0,0.0,0,66048.0
24,9,221,285,0,1,18,0.0,0.0,1.0,0.0,0.1,255,255,1.0,0.0,0.0,0.0,0.0,0.0,0,87608.0
47,5,0,0,0,0,110,1.0,1.0,0.22,0.05,0.0,255,7,0.03,0.05,0.0,1.0,1.0,0.0,1,63992.0
42,9,147,105,0,0,1,0.0,0.0,1.0,0.0,0.0,255,3,0.01,0.78,0.0,0.0,0.0,0.0,0,89063.0
47,1,0,0,0,0,511,0.11,0.0,0.0,1.0,0.0,255,1,0.0,1.0,0.0,0.14,0.0,1.0,1,9575.0
47,5,0,0,0,0,149,1.0,1.0,0.05,0.07,0.0,255,7,0.03,0.08,0.0,1.0,1.0,0.0,1,22531.0
47,5,0,0,0,0,251,1.0,1.0,0.04,0.06,0.0,255,10,0.04,0.08,0.0,1.0,1.0,0.0,1,48077.0
24,9,240,6086,0,1,7,0.0,0.0,1.0,0.0,0.0,255,255,1.0,0.0,0.0,0.0,0.0,0.0,0,69933.0
15,9,1032,0,0,0,511,0.0,0.0,1.0,0.0,0.0,255,118,0.46,0.07,0.0,0.0,0.0,0.0,1,118207.0
19,2,0,0,0,0,300,0.0,0.0,0.07,0.06,0.0,255,20,0.08,0.08,0.0,0.0,0.0,1.0,1,90860.0
24,9,325,582,0,1,3,0.0,0.0,1.0,0.0,0.0,26,255,1.0,0.0,0.02,0.0,0.01,0.0,0,77145.0
24,9,308,7038,0,1,39,0.0,0.0,1.0,0.0,0.0,255,255,1.0,0.0,0.0,0.0,0.0,0.0,0,67516.0
24,9,241,820,0,1,23,0.0,0.0,1.0,0.0,0.0,48,255,1.0,0.0,0.02,0.0,0.0,0.0,0,91404.0
47,1,0,0,0,0,12,0.0,0.0,0.08,1.0,0.0,255,1,0.0,0.09,0.0,0.0,0.0,1.0,1,125722.0
14,9,8,0,0,0,1,0.0,0.0,1.0,0.0,1.0,1,37,1.0,0.0,0.51,0.0,0.0,0.0,1,111679.0
47,9,1,0,0,0,11,0.0,0.0,0.36,0.27,0.0,255,4,0.02,0.49,0.0,0.0,0.0,0.0,1,30625.0
12,9,32,0,0,0,2,0.0,0.0,0.5,1.0,0.75,144,47,0.17,0.03,0.04,0.0,0.0,0.0,0,71822.0
47,5,0,0,0,0,128,1.0,1.0,0.05,0.06,0.0,31,6,0.19,0.13,0.0,1.0,1.0,0.0,1,94988.0
52,9,2200,328,0,1,2,0.0,0.0,0.5,1.0,0.0,141,98,0.7,0.05,0.0,0.0,0.0,0.0,0,53718.0
4,9,14,40,0,1,1,0.0,0.0,1.0,0.0,0.0,137,7,0.02,0.04,0.29,0.0,0.0,0.0,0,38639.0
18,5,0,0,0,0,277,1.0,1.0,0.02,0.05,0.0,255,6,0.02,0.05,0.0,1.0,1.0,0.0,1,39278.0
36,1,0,0,0,0,140,0.0,0.0,0.08,0.06,0.0,255,3,0.01,0.07,0.0,0.0,0.0,1.0,1,78698.0
47,1,0,0,0,0,135,0.0,0.0,0.05,0.06,0.0,255,6,0.02,0.07,0.0,0.0,0.0,1.0,1,84524.0
47,9,28,0,3,0,97,0.0,0.0,1.0,0.0,0.0,255,64,0.25,0.01,0.0,0.0,0.0,0.0,1,39858.0
24,9,310,275,0,1,17,0.0,0.0,1.0,0.0,0.0,129,255,1.0,0.0,0.01,0.0,0.0,0.0,0,82208.0
24,9,295,5392,0,1,11,0.0,0.0,1.0,0.0,0.0,11,255,1.0,0.0,0.02,0.0,0.0,0.0,0,115824.0
24,9,204,5200,0,1,7,0.0,0.0,1.0,0.0,0.0,32,255,1.0,0.0,0.01,0.0,0.0,0.0,0,122449.0
21,5,0,0,0,0,254,1.0,1.0,0.04,0.06,0.0,255,10,0.04,0.08,0.0,1.0,1.0,0.0,1,54979.0
47,5,0,0,0,0,166,1.0,1.0,0.05,0.06,0.0,255,20,0.08,0.06,0.0,1.0,1.0,0.0,1,99823.0
52,9,1420,329,0,1,1,0.0,0.0,1.0,0.0,1.0,43,187,0.88,0.05,0.01,0.0,0.0,0.0,0,111008.0
24,9,304,2818,0,1,19,0.0,0.0,1.0,0.0,0.0,19,255,1.0,0.0,0.04,0.0,0.0,0.0,0,70529.0
24,9,230,2013,0,1,2,0.0,0.0,1.0,0.0,0.0,137,132,0.96,0.02,0.0,0.0,0.0,0.0,0,69554.0
12,9,44,137,0,0,79,0.0,0.0,1.0,0.0,0.01,255,242,0.95,0.01,0.0,0.0,0.0,0.0,0,66069.0
12,9,45,77,0,0,258,0.0,0.0,1.0,0.0,0.01,255,220,0.86,0.01,0.0,0.0,0.0,0.0,0,97599.0
47,4,1,0,0,0,2,0.0,0.0,1.0,0.0,0.0,255,2,0.01,0.74,0.0,0.0,0.0,1.0,1,83701.0
24,9,209,2300,0,1,3,0.0,0.0,1.0,0.0,0.0,3,255,1.0,0.0,0.05,0.0,0.0,0.0,0,6210.0
52,9,1087,306,0,1,1,0.0,0.0,1.0,0.0,0.0,92,76,0.16,0.77,0.03,0.0,0.0,0.01,0,71783.0
24,9,54540,8314,0,1,5,0.0,0.0,1.0,0.0,0.0,146,146,1.0,0.0,0.0,0.0,0.0,0.05,1,31238.0
47,1,0,0,0,0,511,0.08,0.0,0.0,1.0,0.0,255,1,0.0,1.0,0.0,0.11,0.0,1.0,1,86763.0
42,1,0,0,0,0,510,0.13,0.0,0.0,1.0,0.0,255,1,0.0,1.0,0.0,0.07,0.0,1.0,1,39154.0
24,9,209,2410,0,1,4,0.0,0.0,1.0,0.0,0.0,12,255,1.0,0.0,0.02,0.0,0.0,0.0,0,26576.0
12,9,131,45,0,0,38,0.0,0.0,1.0,0.0,0.0,255,240,0.94,0.01,0.0,0.0,0.0,0.0,0,83616.0
24,6,264,14600,0,1,1,1.0,0.33,1.0,0.0,1.0,255,255,1.0,0.0,0.0,0.01,0.01,0.0,0,2388.0
14,9,8,0,0,0,1,0.0,0.0,1.0,0.0,1.0,1,29,1.0,0.0,0.28,0.0,0.0,0.0,1,5936.0
12,9,44,44,0,0,4,0.0,0.0,1.0,0.0,0.15,255,255,1.0,0.0,0.0,0.0,0.0,0.0,0,13321.0
6,5,0,0,0,0,122,1.0,1.0,0.08,0.07,0.0,255,10,0.04,0.07,0.0,1.0,1.0,0.0,1,42461.0
24,1,0,0,0,0,1,0.0,0.0,1.0,0.0,0.0,3,157,1.0,0.0,0.15,0.0,0.0,1.0,0,93384.0
47,5,0,0,0,0,109,1.0,1.0,0.05,0.07,0.0,255,11,0.04,0.08,0.0,1.0,1.0,0.0,1,3505.0
52,9,1177,391,0,1,1,0.0,0.0,1.0,0.0,0.0,50,181,0.52,0.06,0.01,0.02,0.0,0.0,0,14475.0
14,9,18,0,0,0,1,0.0,0.0,1.0,0.0,0.0,4,72,1.0,0.0,0.25,0.0,0.0,0.0,1,69340.0
18,9,8,223,0,0,1,0.0,0.0,1.0,0.0,0.0,178,8,0.04,0.09,0.25,0.01,0.0,0.0,0,596.0
42,9,516,4,0,0,285,0.0,0.0,1.0,0.0,0.0,255,255,1.0,0.0,0.0,0.0,0.0,0.0,0,35430.0
12,9,42,130,0,0,73,0.0,0.0,1.0,0.0,0.01,255,254,1.0,0.01,0.0,0.0,0.0,0.0,0,84860.0
24,9,305,3222,0,1,6,0.0,0.0,1.0,0.0,0.0,255,252,0.99,0.01,0.0,0.0,0.0,0.0,0,59486.0
47,5,0,0,0,0,261,1.0,1.0,0.09,0.05,0.0,202,24,0.12,0.06,0.0,0.93,1.0,0.0,1,119701.0
47,5,0,0,0,0,122,1.0,1.0,0.12,0.06,0.0,255,5,0.02,0.07,0.0,1.0,1.0,0.0,1,51676.0
47,5,0,0,0,0,143,1.0,1.0,0.1,0.06,0.0,255,3,0.01,0.08,0.0,1.0,1.0,0.0,1,27326.0
24,9,209,2894,0,1,53,0.0,0.0,1.0,0.0,0.04,255,255,1.0,0.0,0.0,0.0,0.0,0.0,0,11921.0
7,5,0,0,0,0,200,1.0,1.0,0.0,0.06,0.0,255,1,0.0,0.06,0.0,1.0,1.0,0.0,1,99996.0
24,9,200,14512,0,1,1,0.0,0.0,1.0,0.0,1.0,23,255,1.0,0.0,0.03,0.0,0.0,0.0,0,24706.0
19,2,0,0,0,0,234,0.0,0.0,0.01,0.06,0.0,255,3,0.01,0.07,0.0,0.0,0.0,1.0,1,7207.0
24,9,198,788,0,1,16,0.0,0.0,1.0,0.0,0.0,255,255,1.0,0.0,0.0,0.0,0.0,0.0,0,101436.0
24,9,255,3112,0,1,23,0.0,0.0,1.0,0.0,0.0,255,255,1.0,0.0,0.0,0.0,0.0,0.0,0,84948.0
20,9,3468,0,0,0,21,0.0,0.0,1.0,0.0,0.0,200,77,0.38,0.03,0.0,0.0,0.0,0.0,0,22963.0
24,5,0,0,0,0,1,1.0,1.0,1.0,0.0,0.0,4,255,1.0,0.0,0.06,1.0,0.02,0.0,0,63546.0
20,5,0,0,0,0,21,1.0,1.0,0.43,0.1,0.0,29,36,0.31,0.07,0.06,1.0,0.25,0.0,1,74461.0
20,5,0,0,0,0,43,1.0,1.0,0.23,0.09,0.0,255,64,0.25,0.02,0.0,1.0,1.0,0.0,1,27253.0
18,5,0,0,0,0,39,1.0,1.0,0.51,0.05,0.0,255,20,0.08,0.07,0.0,1.0,1.0,0.0,1,92418.0
12,9,46,46,0,0,18,0.0,0.0,1.0,0.0,0.09,255,255,1.0,0.0,0.0,0.0,0.0,0.0,0,34961.0
24,1,0,0,0,0,1,0.0,0.95,1.0,0.0,0.1,71,255,1.0,0.0,0.16,0.0,0.0,0.82,0,120939.0
55,5,0,0,0,0,131,1.0,1.0,0.11,0.06,0.0,255,11,0.04,0.08,0.0,1.0,1.0,0.0,1,63214.0
12,9,45,45,0,0,234,0.0,0.0,1.0,0.0,0.0,255,255,1.0,0.0,0.0,0.0,0.0,0.0,0,66996.0
24,9,237,11634,0,1,4,0.0,0.0,1.0,0.0,0.0,57,255,1.0,0.0,0.06,0.0,0.0,0.0,0,78388.0
24,9,189,313,0,1,2,0.0,0.0,1.0,0.0,0.0,255,255,1.0,0.0,0.0,0.0,0.0,0.0,0,32863.0
47,1,0,0,0,0,257,0.08,0.0,0.0,1.0,0.0,255,1,0.0,1.0,0.0,0.08,0.0,1.0,1,100442.0
24,5,0,0,0,0,4,0.75,1.0,0.75,0.5,0.0,255,4,0.02,0.07,0.0,1.0,1.0,0.0,1,75521.0
47,1,0,0,0,0,150,0.0,0.0,0.01,0.08,0.0,255,2,0.01,0.08,0.0,0.0,0.0,1.0,1,25300.0
12,9,43,107,0,0,7,0.0,0.0,1.0,0.0,0.12,255,251,0.98,0.01,0.0,0.0,0.0,0.0,0,38535.0
24,5,0,0,0,0,19,1.0,1.0,0.42,0.21,0.0,255,46,0.18,0.05,0.0,1.0,1.0,0.0,1,124584.0
24,9,220,12381,0,1,1,0.0,0.0,1.0,0.0,0.0,3,255,1.0,0.0,0.04,0.33,0.02,0.0,0,43983.0
12,9,42,118,0,0,104,0.0,0.0,1.0,0.0,0.02,255,253,0.99,0.01,0.0,0.0,0.0,0.0,0,97303.0
12,9,44,129,0,0,25,0.0,0.0,1.0,0.0,0.05,255,255,1.0,0.0,0.0,0.0,0.0,0.0,0,120682.0
24,9,243,4975,0,1,4,0.0,0.0,1.0,0.0,0.0,26,153,1.0,0.0,0.03,0.0,0.0,0.0,0,45431.0
47,9,105,0,0,0,2,0.0,0.0,1.0,0.0,0.0,30,30,1.0,0.0,0.0,0.0,0.0,0.0,0,119533.0
15,9,30,0,0,0,2,0.0,0.0,1.0,0.0,0.0,173,173,1.0,0.0,0.0,0.0,0.0,0.0,0,112690.0
47,5,0,0,0,0,108,1.0,1.0,0.09,0.06,0.0,255,9,0.04,0.06,0.0,1.0,1.0,0.0,1,64576.0
24,9,257,707,0,1,20,0.0,0.0,1.0,0.0,0.0,254,255,1.0,0.0,0.01,0.0,0.0,0.0,0,88750.0
24,9,215,767,0,1,20,0.0,0.0,1.0,0.0,0.0,255,255,1.0,0.0,0.0,0.0,0.0,0.0,0,92667.0
24,9,211,1183,0,1,4,0.0,0.0,1.0,0.0,0.44,21,255,1.0,0.0,0.04,0.05,0.0,0.0,0,65960.0
12,9,43,113,0,0,148,0.0,0.0,1.0,0.0,0.01,255,229,0.9,0.01,0.0,0.0,0.0,0.0,0,104866.0
24,6,194,18980,0,1,6,0.33,0.33,1.0,0.0,0.0,32,255,1.0,0.0,0.03,0.06,0.01,0.0,0,70831.0
24,9,212,718,0,1,7,0.0,0.0,1.0,0.0,0.25,118,255,1.0,0.0,0.03,0.0,0.0,0.0,0,33283.0
15,9,1032,0,0,0,7,0.0,0.0,1.0,0.0,0.0,255,7,0.03,0.02,0.0,0.0,0.0,0.0,1,45343.0
20,9,2194619,0,0,1,2,0.0,0.0,1.0,0.0,0.0,59,6,0.1,0.07,0.0,0.0,0.0,0.0,0,37015.0
47,4,0,0,0,0,39,0.0,0.0,0.05,0.54,0.0,209,2,0.01,0.11,0.0,0.01,0.0,1.0,1,34646.0
24,9,255,458,0,1,7,0.0,0.0,1.0,0.0,0.0,76,76,1.0,0.0,0.0,0.0,0.0,0.0,0,81360.0
28,1,0,0,0,0,147,0.0,0.0,0.14,0.06,0.0,255,20,0.08,0.07,0.0,0.0,0.0,1.0,1,78087.0
24,9,304,3222,0,1,2,0.0,0.0,1.0,0.0,0.0,255,238,0.93,0.02,0.0,0.0,0.0,0.0,0,114881.0
24,9,297,632,0,1,11,0.0,0.0,1.0,0.0,0.14,48,255,1.0,0.0,0.05,0.0,0.0,0.0,0,91362.0
24,9,0,18407,0,0,10,0.1,0.1,1.0,0.0,0.0,255,255,1.0,0.0,0.0,0.0,0.0,0.0,0,27393.0
14,9,8,0,0,0,1,0.0,0.0,1.0,0.0,1.0,4,112,1.0,0.0,0.25,0.0,0.0,0.0,1,1517.0
47,1,0,0,0,0,213,0.0,0.0,0.03,0.07,0.0,255,7,0.03,0.07,0.0,0.0,0.0,1.0,1,53770.0
26,1,0,0,0,0,300,0.0,0.0,0.07,0.05,0.0,255,20,0.08,0.07,0.0,0.0,0.0,1.0,1,110219.0
24,9,269,1397,0,1,17,0.0,0.0,1.0,0.0,0.0,248,255,1.0,0.0,0.01,0.0,0.0,0.0,0,85983.0
52,6,50,110,0,1,1,1.0,1.0,1.0,0.0,0.0,68,176,0.85,0.06,0.01,0.01,0.01,0.0,0,63818.0
52,9,3415,330,0,1,1,0.0,0.0,1.0,0.0,0.0,52,135,0.83,0.08,0.01,0.0,0.0,0.0,0,54045.0
55,5,0,0,0,0,264,1.0,1.0,0.04,0.05,0.0,255,11,0.04,0.05,0.0,1.0,1.0,0.0,1,76610.0
47,5,0,0,0,0,111,1.0,1.0,0.07,0.06,0.0,255,17,0.07,0.06,0.0,1.0,1.0,0.0,1,27748.0
52,9,1214,287,0,1,1,0.0,0.0,1.0,0.0,0.0,71,166,0.83,0.06,0.01,0.01,0.01,0.0,0,122040.0
24,9,221,3730,0,1,6,0.0,0.0,1.0,0.0,0.0,18,255,1.0,0.0,0.03,0.0,0.0,0.0,0,103619.0
24,1,0,0,0,0,14,0.0,0.0,1.0,0.0,0.0,167,178,1.0,0.0,0.03,0.01,0.01,0.33,0,75478.0
24,1,0,0,0,0,1,0.0,0.0,1.0,0.0,0.0,50,255,1.0,0.0,0.29,0.0,0.0,1.0,0,56668.0
47,1,0,0,0,0,54,0.13,0.0,0.02,1.0,0.0,255,1,0.0,0.49,0.0,0.03,0.0,1.0,1,94298.0
52,5,0,0,0,0,5,1.0,0.71,1.0,0.0,0.43,147,130,0.44,0.01,0.02,0.99,0.5,0.0,1,73329.0
24,9,298,2445,0,1,9,0.0,0.0,1.0,0.0,0.0,213,255,1.0,0.0,0.01,0.0,0.0,0.0,0,2117.0
24,9,228,1072,0,1,7,0.0,0.0,1.0,0.0,0.0,8,255,1.0,0.0,0.01,0.0,0.0,0.0,0,68824.0
47,5,0,0,0,0,104,1.0,1.0,0.05,0.07,0.0,255,15,0.06,0.07,0.0,1.0,1.0,0.0,1,107307.0
45,9,38,130,0,1,1,0.0,0.0,1.0,0.0,0.0,199,2,0.01,0.04,0.0,0.01,0.0,0.0,0,96425.0
12,9,45,45,0,0,171,0.0,0.0,1.0,0.0,0.0,255,204,0.8,0.01,0.0,0.0,0.0,0.0,0,103636.0
24,9,317,4452,0,1,7,0.0,0.0,1.0,0.0,0.0,211,255,1.0,0.0,0.01,0.0,0.0,0.0,0,93396.0
24,9,219,1248,0,1,9,0.0,0.0,1.0,0.0,0.0,255,255,1.0,0.0,0.0,0.0,0.0,0.0,0,33220.0
24,9,199,1395,0,1,25,0.0,0.0,1.0,0.0,0.13,130,255,1.0,0.0,0.02,0.0,0.0,0.0,0,80592.0
24,9,205,1003,0,1,5,0.0,0.0,1.0,0.0,0.38,15,255,1.0,0.0,0.09,0.0,0.0,0.0,0,32152.0
39,5,0,0,0,0,33,1.0,1.0,0.39,0.12,0.0,255,13,0.05,0.08,0.0,1.0,1.0,0.0,1,25951.0
52,9,2128,436,0,1,1,0.0,0.0,1.0,0.0,1.0,83,156,0.69,0.06,0.01,0.0,0.0,0.0,0,90019.0
47,5,0,0,0,0,149,1.0,1.0,0.09,0.05,0.0,255,13,0.05,0.07,0.0,1.0,1.0,0.0,1,112875.0
5,5,0,0,0,0,277,1.0,1.0,0.06,0.06,0.0,255,17,0.07,0.07,0.0,1.0,1.0,0.0,1,16212.0
15,9,1032,0,0,0,216,0.0,0.0,1.0,0.0,0.0,255,255,1.0,0.0,0.0,0.0,0.0,0.0,1,52243.0
11,5,0,0,0,0,251,1.0,1.0,0.01,0.07,0.0,255,3,0.01,0.08,0.0,1.0,1.0,0.0,1,22522.0
47,5,0,0,0,0,15,1.0,1.0,0.4,0.33,0.0,255,6,0.02,0.08,0.0,1.0,1.0,0.0,1,96277.0
24,9,298,626,0,1,6,0.0,0.0,1.0,0.0,0.18,255,255,1.0,0.0,0.0,0.0,0.0,0.0,0,123347.0
19,9,245,774,0,1,1,0.0,0.0,1.0,0.0,0.0,201,53,0.26,0.07,0.0,0.01,0.04,0.0,0,9475.0
47,5,0,0,0,0,114,1.0,1.0,0.04,0.08,0.0,255,5,0.02,0.08,0.0,1.0,1.0,0.0,1,25294.0
20,9,5133876,0,0,1,1,0.0,0.0,1.0,0.0,0.0,7,47,1.0,0.0,0.09,0.0,0.0,0.02,1,82798.0
47,5,0,0,0,0,144,1.0,1.0,0.14,0.06,0.0,255,18,0.07,0.07,0.0,1.0,1.0,0.0,1,8709.0
8,5,0,0,0,0,276,1.0,1.0,0.03,0.05,0.0,255,9,0.04,0.05,0.0,1.0,1.0,0.0,1,122249.0
14,9,30,0,0,0,1,0.0,0.0,1.0,0.0,0.0,36,131,1.0,0.0,0.37,0.0,0.0,0.0,0,88446.0
17,5,0,0,0,0,118,1.0,1.0,0.16,0.06,0.0,255,19,0.07,0.05,0.0,1.0,1.0,0.0,1,6672.0
15,9,30,0,0,0,1,0.0,0.0,1.0,0.0,0.0,96,96,1.0,0.0,0.0,0.0,0.0,0.0,0,18809.0
47,5,0,0,0,0,122,1.0,1.0,0.07,0.06,0.0,255,9,0.04,0.07,0.0,1.0,1.0,0.0,1,71962.0
24,9,237,1273,0,1,14,0.0,0.0,1.0,0.0,0.0,35,255,1.0,0.0,0.01,0.0,0.0,0.0,0,39670.0
20,5,0,0,0,0,197,1.0,1.0,0.01,0.07,0.0,255,8,0.03,0.07,0.0,1.0,1.0,0.0,1,62289.0
24,9,207,940,0,1,2,0.0,0.0,1.0,0.0,0.67,255,255,1.0,0.0,0.0,0.0,0.0,0.0,0,42364.0
42,9,145,105,0,0,1,0.0,0.0,1.0,0.0,0.0,255,1,0.0,0.85,0.0,0.0,0.0,0.0,0,61550.0
14,9,8,0,0,0,1,0.0,0.0,1.0,0.0,1.0,1,15,1.0,0.0,0.53,0.0,0.0,0.0,1,76252.0
24,9,170,6989,0,1,2,0.0,0.0,1.0,0.0,0.0,12,255,1.0,0.0,0.01,0.08,0.0,0.0,0,26775.0
42,9,145,0,0,0,4,0.0,0.0,0.25,0.75,0.0,255,1,0.0,0.2,0.0,0.0,0.0,0.0,0,72893.0
52,9,2743,336,0,1,1,0.0,0.0,1.0,0.0,1.0,122,204,0.84,0.03,0.01,0.01,0.0,0.0,0,88659.0
24,9,210,296,0,1,15,0.07,0.03,1.0,0.0,0.06,15,255,1.0,0.0,0.07,0.07,0.01,0.0,0,58170.0
24,9,294,855,0,1,4,0.0,0.0,1.0,0.0,0.0,161,255,1.0,0.0,0.02,0.0,0.0,0.0,0,117132.0
58,5,0,0,0,0,45,1.0,1.0,0.22,0.09,0.0,255,24,0.09,0.06,0.0,1.0,1.0,0.0,1,75815.0
63,5,0,0,0,0,126,1.0,1.0,0.09,0.06,0.0,255,17,0.07,0.07,0.0,1.0,1.0,0.0,1,76068.0
24,5,0,0,0,0,29,1.0,1.0,0.45,0.14,0.0,255,64,0.25,0.04,0.0,1.0,1.0,0.0,1,105691.0
24,9,219,2824,0,1,3,0.0,0.0,1.0,0.0,0.0,50,255,1.0,0.0,0.03,0.0,0.0,0.0,0,91652.0
47,1,0,0,0,0,259,0.0,0.0,0.02,0.07,0.0,255,4,0.02,0.06,0.0,0.0,0.0,1.0,1,123781.0
15,9,520,0,0,0,371,0.0,0.0,1.0,0.0,0.0,255,255,1.0,0.0,0.0,0.0,0.0,0.0,1,83205.0
12,9,44,44,0,0,79,0.0,0.0,1.0,0.0,0.01,255,254,1.0,0.01,0.0,0.0,0.0,0.0,0,111629.0
24,9,315,8578,0,1,1,0.0,0.0,1.0,0.0,0.25,1,255,1.0,0.0,0.02,0.0,0.0,0.0,0,46618.0
24,1,0,0,0,0,1,0.0,0.0,1.0,0.0,0.29,2,3,1.0,0.0,0.67,0.0,0.0,1.0,0,102035.0
24,9,172,6924,0,1,9,0.0,0.0,1.0,0.0,0.0,155,255,1.0,0.0,0.03,0.0,0.0,0.0,0,54510.0
24,9,219,484,0,1,11,0.0,0.0,1.0,0.0,0.18,255,255,1.0,0.0,0.0,0.0,0.0,0.0,0,19100.0
57,5,0,0,0,0,260,1.0,1.0,0.07,0.05,0.0,255,17,0.07,0.05,0.0,1.0,1.0,0.0,1,118472.0
47,1,0,0,0,0,139,0.0,0.0,0.09,0.06,0.0,255,13,0.05,0.06,0.0,0.0,0.0,1.0,1,97961.0
14,9,8,0,0,0,1,0.0,0.0,1.0,0.0,1.0,3,75,1.0,0.0,0.25,0.0,0.0,0.0,1,7302.0
39,5,0,0,0,0,123,1.0,1.0,0.11,0.06,0.0,255,13,0.05,0.05,0.0,1.0,1.0,0.0,1,72010.0
12,9,45,45,0,0,110,0.0,0.0,1.0,0.0,0.02,255,254,1.0,0.01,0.0,0.0,0.0,0.0,0,12392.0
7,5,0,0,0,0,274,1.0,1.0,0.08,0.04,0.0,255,23,0.09,0.05,0.0,1.0,1.0,0.0,1,67316.0
24,9,281,2382,0,1,9,0.0,0.0,1.0,0.0,0.2,40,255,1.0,0.0,0.02,0.0,0.0,0.0,0,60960.0
24,7,352,13336,0,1,1,1.0,1.0,1.0,0.0,0.0,133,255,1.0,0.0,0.04,0.01,0.0,0.08,0,8409.0
47,1,0,0,0,0,109,0.0,0.0,0.06,0.08,0.0,255,7,0.03,0.08,0.0,0.0,0.0,1.0,1,7222.0
11,5,0,0,0,0,225,1.0,1.0,0.03,0.07,0.0,255,6,0.02,0.09,0.0,1.0,1.0,0.0,1,43539.0
24,1,0,0,0,0,1,0.0,0.0,1.0,0.0,0.0,34,255,1.0,0.0,0.09,0.0,0.0,0.99,0,47473.0
47,4,0,0,0,0,1,0.0,0.0,1.0,0.0,0.0,245,1,0.0,0.6,0.0,0.0,0.0,1.0,1,26865.0
12,9,42,42,0,0,3,0.0,0.0,1.0,0.0,0.01,255,79,0.31,0.01,0.0,0.0,0.0,0.0,0,26835.0
14,9,8,0,0,0,1,0.0,0.0,1.0,0.0,1.0,2,62,1.0,0.0,0.52,0.0,0.0,0.0,1,49982.0
20,9,749,0,0,1,2,0.0,0.0,1.0,0.0,0.0,35,8,0.23,0.11,0.0,0.0,0.0,0.0,0,98877.0
15,9,1032,0,0,0,511,0.0,0.0,1.0,0.0,0.0,255,131,0.51,0.01,0.0,0.0,0.0,0.0,1,97835.0
47,5,0,0,0,0,84,1.0,1.0,0.05,0.06,0.0,255,18,0.07,0.06,0.0,1.0,1.0,0.0,1,42765.0
20,9,37,0,0,1,2,0.0,0.0,1.0,0.0,0.0,14,43,0.21,0.21,0.07,0.29,0.0,0.0,0,73393.0
24,9,206,364,0,1,23,0.0,0.0,1.0,0.0,0.0,61,255,1.0,0.0,0.02,0.0,0.0,0.0,0,11777.0
20,9,1690,0,0,1,4,0.0,0.0,1.0,0.0,0.0,15,92,0.67,0.2,0.02,0.0,0.0,0.0,0,41727.0
4,9,10,38,0,1,1,0.0,0.0,1.0,0.0,0.0,196,5,0.03,0.03,0.0,0.01,0.0,0.0,0,57896.0
47,5,0,0,0,0,260,1.0,1.0,0.05,0.07,0.0,255,12,0.05,0.07,0.0,1.0,1.0,0.0,1,51771.0
24,9,246,1588,0,1,16,0.0,0.0,1.0,0.0,0.0,16,133,1.0,0.0,0.08,0.0,0.01,0.0,0,60338.0
65,5,0,0,0,0,256,1.0,1.0,0.04,0.06,0.0,255,11,0.04,0.07,0.0,1.0,1.0,0.0,1,19073.0
24,9,232,5357,0,1,1,0.0,0.0,1.0,0.0,0.0,255,252,0.99,0.01,0.0,0.0,0.0,0.0,0,79849.0
42,9,146,105,0,0,4,0.0,0.0,0.5,0.5,0.0,255,5,0.02,0.56,0.0,0.0,0.0,0.0,0,84242.0
52,9,1016,332,0,1,1,0.0,0.0,1.0,0.0,0.0,13,100,0.31,0.23,0.02,0.0,0.0,0.0,0,1317.0
47,1,0,0,0,0,125,0.0,0.0,0.09,0.06,0.0,200,11,0.05,0.06,0.0,0.0,0.0,1.0,1,25765.0
40,5,0,0,0,0,259,1.0,1.0,0.07,0.06,0.0,255,2,0.01,0.08,0.0,1.0,1.0,0.0,1,67736.0
52,9,1509,328,0,1,1,0.0,0.0,1.0,0.0,0.0,255,11,0.04,0.69,0.0,0.0,0.09,0.0,0,96388.0
24,9,209,703,0,1,8,0.0,0.0,1.0,0.0,0.0,51,255,1.0,0.0,0.02,0.0,0.0,0.0,0,30356.0
24,9,243,821,0,1,31,0.0,0.0,1.0,0.0,0.0,255,255,1.0,0.0,0.0,0.0,0.0,0.0,0,99555.0
12,9,44,134,0,0,70,0.0,0.0,1.0,0.0,0.01,255,254,1.0,0.01,0.0,0.0,0.0,0.0,0,114604.0
47,1,0,0,0,0,136,0.0,0.0,0.04,0.07,0.0,61,6,0.1,0.1,0.0,0.0,0.0,1.0,1,21819.0
20,9,19,0,0,1,1,0.0,0.0,1.0,0.0,0.0,127,56,0.42,0.04,0.04,0.0,0.0,0.0,0,48015.0
15,9,1032,0,0,0,389,0.0,0.0,1.0,0.0,0.0,255,255,1.0,0.0,0.0,0.0,0.0,0.0,1,83271.0
52,9,926,331,0,1,1,0.0,0.0,1.0,0.0,1.0,143,121,0.36,0.03,0.02,0.02,0.0,0.0,0,95817.0
47,4,1,0,0,0,2,0.0,0.0,1.0,0.0,0.0,255,2,0.01,0.72,0.0,0.0,0.0,1.0,1,75604.0
47,9,1,0,0,0,15,0.0,0.0,0.87,0.13,0.0,255,13,0.05,0.37,0.0,0.0,0.0,0.0,1,98943.0
2,5,0,0,0,0,30,1.0,1.0,0.3,0.2,0.0,255,15,0.06,0.09,0.0,1.0,1.0,0.0,1,31084.0
12,9,46,74,0,0,142,0.0,0.0,1.0,0.0,0.0,255,254,1.0,0.01,0.0,0.0,0.0,0.0,0,13976.0
11,5,0,0,0,0,237,1.0,1.0,0.0,0.06,0.0,255,1,0.0,0.06,0.0,1.0,1.0,0.0,1,12515.0
47,5,0,0,0,0,242,1.0,1.0,0.1,0.06,0.0,255,25,0.1,0.06,0.0,1.0,1.0,0.0,1,79375.0
47,5,0,0,0,0,290,1.0,1.0,0.03,0.06,0.0,255,10,0.04,0.07,0.0,1.0,1.0,0.0,1,83018.0
20,9,26,0,0,0,1,0.0,0.0,1.0,0.0,0.0,219,91,0.33,0.02,0.02,0.0,0.0,0.0,0,42120.0
24,9,222,1274,0,1,10,0.0,0.0,1.0,0.0,0.19,255,255,1.0,0.0,0.0,0.0,0.0,0.0,0,51345.0
24,9,178,18361,0,1,1,0.0,0.0,1.0,0.0,0.0,47,255,1.0,0.0,0.01,0.0,0.0,0.0,0,114217.0
12,9,46,132,0,0,244,0.0,0.0,1.0,0.0,0.0,255,252,0.99,0.01,0.0,0.0,0.0,0.0,0,122988.0
42,9,146,105,0,0,4,0.0,0.0,0.5,0.5,0.0,255,2,0.01,0.85,0.0,0.0,0.0,0.0,0,81817.0
65,5,0,0,0,0,239,1.0,1.0,0.08,0.05,0.0,255,20,0.08,0.06,0.0,1.0,1.0,0.0,1,49304.0
16,5,0,0,0,0,144,1.0,1.0,0.11,0.06,0.0,255,16,0.06,0.06,0.0,1.0,1.0,0.0,1,26425.0
24,9,190,1227,0,1,16,0.0,0.0,1.0,0.0,0.0,65,255,1.0,0.0,0.02,0.0,0.0,0.0,0,69947.0
11,5,0,0,0,0,259,1.0,1.0,0.01,0.06,0.0,255,13,0.05,0.08,0.0,1.0,1.0,0.0,1,60783.0
24,9,305,2507,0,1,5,0.0,0.0,1.0,0.0,0.0,255,249,0.98,0.01,0.0,0.0,0.0,0.0,0,10036.0
52,9,1834,328,0,1,1,0.0,0.0,1.0,0.0,0.0,68,133,0.32,0.06,0.02,0.0,0.0,0.0,0,106804.0
47,5,0,0,0,0,94,1.0,1.0,0.04,0.07,0.0,255,17,0.07,0.05,0.0,1.0,1.0,0.0,1,69197.0
24,9,282,326,0,1,4,0.0,0.0,1.0,0.0,0.0,255,255,1.0,0.0,0.0,0.0,0.0,0.0,0,92744.0
39,5,0,0,0,0,121,1.0,1.0,0.05,0.07,0.0,255,6,0.02,0.06,0.0,1.0,1.0,0.0,1,88845.0
24,9,223,14860,0,1,1,0.0,0.0,1.0,0.0,0.0,1,255,1.0,0.0,0.03,0.0,0.0,0.0,0,104802.0
58,9,105,1309,0,0,1,0.0,0.0,1.0,0.0,0.0,3,3,0.67,0.67,0.67,0.0,0.0,0.0,0,62273.0
47,5,0,0,0,0,96,1.0,1.0,0.02,0.1,0.0,255,2,0.01,0.09,0.0,1.0,1.0,0.0,1,37322.0
24,9,256,2078,0,1,22,0.0,0.0,1.0,0.0,0.0,48,255,1.0,0.0,0.02,0.0,0.0,0.0,0,92223.0
47,5,0,0,0,0,122,1.0,1.0,0.03,0.07,0.0,255,17,0.07,0.07,0.0,1.0,1.0,0.0,1,42509.0
12,9,45,136,0,0,64,0.0,0.0,1.0,0.0,0.01,255,255,1.0,0.0,0.0,0.0,0.0,0.0,0,41487.0
33,5,0,0,0,0,205,1.0,1.0,0.08,0.05,0.0,255,17,0.07,0.05,0.0,1.0,1.0,0.0,1,103614.0
24,9,389,8287,0,1,13,0.0,0.0,1.0,0.0,0.0,255,255,1.0,0.0,0.0,0.0,0.0,0.0,0,110841.0
24,9,305,308,0,1,14,0.0,0.0,1.0,0.0,0.19,31,255,1.0,0.0,0.06,0.0,0.0,0.45,0,93691.0
23,5,0,0,0,0,54,1.0,1.0,0.02,0.11,0.0,255,1,0.0,0.09,0.0,1.0,1.0,0.0,1,14706.0
24,1,0,0,0,0,1,0.0,0.0,1.0,0.0,1.0,101,255,1.0,0.0,0.04,0.0,0.0,1.0,0,93315.0
19,5,0,0,0,0,284,1.0,1.0,0.04,0.06,0.0,255,12,0.05,0.07,0.0,1.0,1.0,0.0,1,53241.0
14,9,18,0,0,0,1,0.0,0.0,1.0,0.0,0.0,1,92,1.0,0.0,1.0,0.0,0.0,0.0,1,99753.0
24,9,350,1931,0,1,2,0.0,0.0,1.0,0.0,0.0,24,255,1.0,0.0,0.04,0.04,0.01,0.0,0,112245.0
12,9,45,82,0,0,151,0.0,0.0,0.99,0.01,0.02,255,249,0.98,0.01,0.0,0.0,0.0,0.0,0,42809.0
24,9,206,7920,0,1,25,0.0,0.0,1.0,0.0,0.11,255,255,1.0,0.0,0.0,0.0,0.0,0.0,0,106624.0
52,2,0,142,0,1,1,0.0,0.0,1.0,0.0,0.0,6,70,0.17,1.0,0.04,0.0,0.0,0.01,1,82069.0
47,9,1,0,0,0,14,0.0,0.0,0.07,0.14,0.0,255,30,0.12,0.64,0.0,0.0,0.0,0.0,1,97753.0
36,5,0,0,0,0,231,1.0,1.0,0.02,0.06,0.0,255,5,0.02,0.05,0.0,1.0,1.0,0.0,1,100671.0
24,9,317,667,0,1,10,0.0,0.0,1.0,0.0,0.17,255,255,1.0,0.0,0.0,0.0,0.0,0.0,0,45081.0
15,9,520,0,0,0,448,0.0,0.0,1.0,0.0,0.0,229,229,1.0,0.0,0.0,0.0,0.0,0.0,1,99922.0
12,9,44,131,0,0,67,0.0,0.0,1.0,0.0,0.01,255,244,0.96,0.01,0.0,0.0,0.0,0.0,0,86411.0
24,9,294,1563,0,1,12,0.0,0.0,1.0,0.0,0.0,12,255,1.0,0.0,0.06,0.0,0.0,0.0,0,59170.0
12,9,44,130,0,0,309,0.0,0.0,1.0,0.01,0.0,198,165,0.83,0.01,0.0,0.0,0.0,0.0,0,63547.0
14,9,8,0,0,0,1,0.0,0.0,1.0,0.0,1.0,2,10,1.0,0.0,0.5,0.0,0.0,0.0,1,63148.0
24,9,317,1617,0,1,10,0.0,0.0,1.0,0.0,0.0,255,255,1.0,0.0,0.0,0.0,0.0,0.0,0,56155.0
47,9,105,145,0,0,2,0.0,0.0,1.0,0.0,0.0,255,227,0.89,0.01,0.0,0.0,0.0,0.0,0,84473.0
47,9,1,0,0,0,26,0.0,0.0,1.0,0.0,0.0,94,26,0.28,0.05,0.0,0.0,0.0,0.0,1,94490.0
42,9,146,105,0,0,1,0.0,0.0,1.0,0.0,0.0,255,2,0.01,0.56,0.0,0.0,0.0,0.0,0,74672.0
18,5,0,0,0,0,33,1.0,1.0,0.24,0.12,0.0,115,31,0.24,0.03,0.06,0.98,0.9,0.0,1,100516.0
39,1,0,0,0,0,117,0.0,0.0,0.06,0.07,0.0,255,7,0.03,0.07,0.0,0.0,0.0,1.0,1,23642.0
42,9,147,105,0,0,4,0.0,0.0,0.5,0.5,0.0,255,2,0.01,0.65,0.0,0.0,0.0,0.0,0,98695.0
12,9,33,0,0,0,1,0.0,0.0,1.0,0.0,1.0,210,25,0.11,0.02,0.08,0.0,0.0,0.0,0,17003.0
24,9,225,3073,0,1,2,0.0,0.0,1.0,0.0,0.67,164,255,1.0,0.0,0.03,0.0,0.0,0.0,0,115964.0
47,5,0,0,0,0,119,1.0,1.0,0.01,0.07,0.0,255,1,0.0,0.05,0.0,1.0,1.0,0.0,1,81843.0
47,5,0,0,0,0,156,1.0,1.0,0.01,0.06,0.0,255,2,0.01,0.05,0.0,1.0,1.0,0.0,1,124848.0
20,9,2194619,0,0,1,1,0.0,0.0,1.0,0.0,0.0,90,67,0.32,0.03,0.03,0.0,0.0,0.0,0,90224.0
5,5,0,0,0,0,234,1.0,1.0,0.07,0.06,0.0,255,17,0.07,0.07,0.0,1.0,1.0,0.0,1,83978.0
47,9,207,0,0,0,2,0.0,0.0,1.0,0.0,0.0,106,90,0.85,0.02,0.0,0.0,0.0,0.0,1,5857.0
42,9,147,105,0,0,1,0.0,0.0,1.0,0.0,0.0,255,1,0.0,0.87,0.0,0.0,0.0,0.0,0,45926.0
52,9,4991,401,0,1,1,0.0,0.0,1.0,0.0,1.0,59,145,0.42,0.05,0.01,0.0,0.0,0.0,0,84588.0
47,9,28,0,3,0,42,0.0,0.0,1.0,0.0,0.0,245,42,0.17,0.04,0.0,0.02,0.0,0.0,1,1682.0
24,9,190,1925,0,1,11,0.0,0.0,1.0,0.0,0.19,255,255,1.0,0.0,0.0,0.0,0.0,0.0,0,38156.0
24,9,213,1404,0,1,1,0.0,0.0,1.0,0.0,0.0,255,255,1.0,0.0,0.0,0.0,0.0,0.0,0,66653.0
24,9,228,766,0,1,20,0.0,0.0,1.0,0.0,0.14,255,255,1.0,0.0,0.0,0.0,0.0,0.0,0,9215.0
47,5,0,0,0,0,230,1.0,1.0,0.09,0.06,0.0,255,21,0.08,0.06,0.0,1.0,1.0,0.0,1,45790.0
42,1,0,0,0,0,420,0.08,0.0,0.0,1.0,0.0,255,1,0.0,1.0,0.0,0.1,0.0,1.0,1,120637.0
52,9,1792,402,0,1,1,0.0,0.0,1.0,0.0,1.0,255,103,0.4,0.04,0.0,0.18,0.0,0.0,0,29024.0
65,5,0,0,0,0,213,1.0,1.0,0.01,0.06,0.0,255,17,0.07,0.07,0.0,1.0,1.0,0.0,1,76468.0
30,5,0,0,0,0,239,1.0,1.0,0.06,0.05,0.0,255,15,0.06,0.06,0.0,1.0,1.0,0.0,1,28278.0
24,9,216,1214,0,1,14,0.0,0.0,1.0,0.0,0.0,14,255,1.0,0.0,0.02,0.0,0.0,0.0,0,18780.0
24,9,262,680,0,1,3,0.0,0.0,1.0,0.0,0.0,75,255,1.0,0.0,0.02,0.0,0.01,0.0,0,72007.0
47,5,0,0,0,0,295,1.0,1.0,0.05,0.06,0.0,255,10,0.04,0.07,0.0,1.0,1.0,0.0,1,48512.0
37,5,0,0,0,0,109,1.0,1.0,0.04,0.07,0.0,255,4,0.02,0.08,0.0,1.0,1.0,0.0,1,44367.0
32,5,0,0,0,0,135,1.0,1.0,0.13,0.07,0.0,255,18,0.07,0.07,0.0,1.0,1.0,0.0,1,24818.0
47,10,0,0,0,0,1,1.0,1.0,1.0,0.0,0.0,63,1,0.02,0.84,0.0,0.87,1.0,0.0,1,90013.0
24,5,0,0,0,0,116,1.0,1.0,0.06,0.06,0.0,255,11,0.04,0.07,0.0,1.0,1.0,0.0,1,48918.0
24,9,242,392,0,1,3,0.0,0.0,1.0,0.0,0.0,67,255,1.0,0.0,0.02,0.0,0.0,0.0,0,88160.0
24,9,229,1403,0,1,19,0.0,0.0,1.0,0.0,0.0,255,255,1.0,0.0,0.0,0.0,0.0,0.0,0,98347.0
20,9,2056,0,0,1,1,0.0,0.0,1.0,0.0,0.0,74,31,0.09,0.07,0.06,0.0,0.0,0.0,0,81136.0
47,5,0,0,0,0,14,1.0,1.0,0.43,0.21,0.0,255,8,0.03,0.07,0.0,1.0,1.0,0.0,1,10771.0
53,1,0,0,0,0,273,0.0,0.0,0.03,0.06,0.0,255,7,0.03,0.07,0.0,0.0,0.0,1.0,1,27863.0
21,1,0,0,0,0,128,0.0,0.0,0.01,0.09,0.0,255,1,0.0,0.09,0.0,0.0,0.0,1.0,1,70224.0
24,9,389,2419,0,1,7,0.0,0.0,1.0,0.0,0.0,255,255,1.0,0.0,0.0,0.0,0.0,0.0,0,49544.0
24,9,219,8945,0,1,26,0.0,0.0,1.0,0.0,0.07,70,255,1.0,0.0,0.04,0.0,0.0,0.0,0,56949.0
24,9,234,20264,0,1,3,0.0,0.0,1.0,0.0,0.5,78,255,1.0,0.0,0.04,0.0,0.0,0.0,0,28987.0
24,9,307,11312,0,1,5,0.0,0.0,1.0,0.0,0.0,45,82,1.0,0.0,0.02,0.0,0.0,0.0,0,73860.0
24,9,307,2625,0,1,10,0.0,0.0,1.0,0.0,0.15,10,251,1.0,0.0,0.06,0.0,0.0,0.0,0,58617.0
32,5,0,0,0,0,141,1.0,1.0,0.13,0.06,0.0,255,19,0.07,0.06,0.0,1.0,1.0,0.0,1,119764.0
12,9,45,137,0,0,75,0.0,0.0,1.0,0.0,0.01,255,255,1.0,0.0,0.0,0.0,0.0,0.0,0,11403.0
24,9,289,1191,0,1,5,0.0,0.0,1.0,0.0,0.38,5,255,1.0,0.0,0.01,0.0,0.0,0.0,0,99338.0
24,9,201,2733,0,1,10,0.0,0.0,1.0,0.0,0.18,69,255,1.0,0.0,0.06,0.0,0.0,0.0,0,71204.0
24,9,233,1085,0,1,15,0.0,0.0,1.0,0.0,0.0,92,255,1.0,0.0,0.02,0.0,0.0,0.0,0,88824.0
27,5,0,0,0,0,242,1.0,1.0,0.02,0.07,0.0,255,6,0.02,0.07,0.0,1.0,1.0,0.0,1,9621.0
20,5,0,0,0,0,244,1.0,1.0,0.01,0.06,0.0,255,19,0.07,0.07,0.0,1.0,1.0,0.0,1,27473.0
24,9,325,832,0,1,17,0.0,0.0,1.0,0.0,0.11,186,255,1.0,0.0,0.03,0.0,0.0,0.0,0,89787.0
52,9,963,325,0,1,1,0.0,0.0,1.0,0.0,0.0,195,162,0.67,0.03,0.01,0.0,0.01,0.0,0,14255.0
58,9,111,6390,0,1,2,0.0,0.0,0.5,1.0,0.0,23,2,0.04,0.26,1.0,0.0,0.0,0.0,0,30887.0
24,9,347,330,0,1,7,0.0,0.0,1.0,0.0,0.18,71,255,1.0,0.0,0.05,0.0,0.0,0.0,0,69998.0
24,9,233,3267,0,1,3,0.33,0.33,1.0,0.0,0.0,2,255,1.0,0.0,0.03,0.0,0.0,0.0,0,100625.0
30,5,0,0,0,0,148,1.0,1.0,0.05,0.05,0.0,255,3,0.01,0.07,0.0,1.0,1.0,0.0,1,121164.0
12,9,44,124,0,0,78,0.0,0.0,1.0,0.0,0.01,255,254,1.0,0.01,0.0,0.0,0.0,0.0,0,27815.0
24,9,363,1541,0,1,3,0.0,0.0,1.0,0.0,0.25,208,255,1.0,0.0,0.02,0.0,0.0,0.0,0,29817.0
47,5,0,0,0,0,113,1.0,1.0,0.12,0.06,0.0,255,1,0.0,0.08,0.0,1.0,1.0,0.0,1,76573.0
24,9,268,1587,0,1,8,0.0,0.0,1.0,0.0,0.05,255,255,1.0,0.0,0.0,0.0,0.0,0.0,0,84250.0
47,5,0,0,0,0,284,1.0,1.0,0.07,0.06,0.0,255,1,0.0,0.08,0.0,1.0,1.0,0.0,1,60259.0
47,5,0,0,0,0,185,1.0,1.0,0.08,0.06,0.0,255,15,0.06,0.08,0.0,1.0,1.0,0.0,1,5188.0
47,1,0,0,0,0,131,0.0,0.0,0.08,0.07,0.0,255,11,0.04,0.06,0.0,0.0,0.0,1.0,1,29627.0
52,9,1315,331,0,1,1,0.0,0.0,1.0,0.0,1.0,255,135,0.53,0.04,0.0,0.0,0.0,0.0,0,62619.0
47,5,0,0,0,0,133,1.0,1.0,0.09,0.06,0.0,131,9,0.07,0.11,0.0,1.0,1.0,0.0,1,96854.0
52,9,1001,332,0,1,1,0.0,0.0,1.0,0.0,1.0,69,53,0.77,0.09,0.0,0.0,0.0,0.0,0,54362.0
24,5,0,0,0,0,18,1.0,1.0,0.44,0.22,0.0,255,36,0.14,0.04,0.0,1.0,1.0,0.0,1,123633.0
24,9,217,313,0,1,7,0.14,0.12,1.0,0.0,0.25,255,255,1.0,0.0,0.0,0.0,0.0,0.0,0,67929.0
12,9,45,115,0,0,190,0.0,0.0,1.0,0.0,0.0,255,255,1.0,0.0,0.0,0.0,0.0,0.0,0,20406.0
8,5,0,0,0,0,222,1.0,1.0,0.1,0.06,0.0,255,22,0.09,0.07,0.0,1.0,1.0,0.0,1,119709.0
28,5,0,0,0,0,131,1.0,1.0,0.02,0.06,0.0,255,2,0.01,0.06,0.0,1.0,1.0,0.0,1,122923.0
47,5,0,0,0,0,144,1.0,1.0,0.09,0.05,0.0,255,13,0.05,0.04,0.0,1.0,1.0,0.0,1,77024.0
24,9,216,7384,0,1,16,0.0,0.0,1.0,0.0,0.0,153,255,1.0,0.0,0.01,0.0,0.0,0.0,0,885.0
15,9,1032,0,0,0,4,0.0,0.0,1.0,0.0,0.0,255,224,0.88,0.01,0.0,0.0,0.0,0.0,1,71998.0
24,9,337,4874,0,1,14,0.0,0.0,1.0,0.0,0.0,33,255,1.0,0.0,0.06,0.0,0.0,0.0,0,22046.0
24,9,249,128,0,1,11,0.0,0.0,1.0,0.0,0.14,44,255,1.0,0.0,0.05,0.0,0.0,0.0,0,5265.0
12,9,44,113,0,0,1,0.0,0.0,1.0,0.0,1.0,254,232,0.91,0.01,0.0,0.0,0.0,0.0,0,37651.0
12,9,46,129,0,0,110,0.0,0.0,1.0,0.0,0.01,255,255,1.0,0.0,0.0,0.0,0.0,0.0,0,47426.0
12,9,44,76,0,0,165,0.0,0.0,1.0,0.0,0.0,255,192,0.75,0.01,0.0,0.0,0.0,0.0,0,50382.0
15,9,18,0,0,0,1,0.0,0.0,1.0,0.0,0.0,14,14,1.0,0.0,0.0,0.0,0.0,0.0,1,69107.0
24,1,0,0,0,0,1,0.0,0.0,1.0,0.0,0.0,33,85,1.0,0.0,0.21,0.0,0.0,0.98,0,40410.0
65,5,0,0,0,0,260,1.0,1.0,0.07,0.06,0.0,255,18,0.07,0.06,0.0,1.0,1.0,0.0,1,112717.0
24,1,0,0,0,0,231,0.0,0.0,0.06,0.07,0.0,255,13,0.05,0.08,0.0,0.0,0.0,1.0,1,95055.0
24,9,221,2574,0,1,3,0.0,0.0,1.0,0.0,0.09,30,255,1.0,0.0,0.01,0.0,0.0,0.01,0,36366.0
4,5,0,0,0,0,282,1.0,1.0,0.05,0.05,0.0,255,6,0.02,0.07,0.0,1.0,1.0,0.0,1,81876.0
24,9,214,3649,0,1,3,0.0,0.0,1.0,0.0,0.0,255,255,1.0,0.0,0.0,0.0,0.0,0.0,0,69070.0
24,9,200,344,0,1,7,0.0,0.0,1.0,0.0,0.0,40,255,1.0,0.0,0.01,0.0,0.0,0.0,0,73200.0
47,9,1,0,0,0,23,0.0,0.0,1.0,0.0,0.0,91,23,0.25,0.05,0.0,0.0,0.0,0.0,1,87592.0
24,1,0,0,0,0,1,0.0,0.0,1.0,0.0,0.0,63,63,1.0,0.0,0.0,0.02,0.02,0.54,0,116096.0
47,5,0,0,0,0,112,1.0,1.0,0.14,0.05,0.0,255,17,0.07,0.07,0.0,1.0,1.0,0.0,1,65865.0
27,5,0,0,0,0,289,1.0,1.0,0.04,0.06,0.0,255,8,0.03,0.07,0.0,1.0,1.0,0.0,1,25454.0
64,5,0,0,0,0,277,1.0,1.0,0.06,0.06,0.0,255,17,0.07,0.07,0.0,1.0,1.0,0.0,1,17408.0
12,9,33,0,0,0,1,0.0,0.0,1.0,0.0,1.0,86,63,0.27,0.06,0.03,0.0,0.0,0.0,0,13445.0
24,9,283,1532,0,1,3,0.33,0.11,1.0,0.0,0.44,19,255,1.0,0.0,0.03,0.05,0.02,0.0,0,25531.0
2,5,0,0,0,0,288,1.0,1.0,0.07,0.06,0.0,255,20,0.08,0.08,0.0,1.0,1.0,0.0,1,32364.0
15,9,1032,0,0,0,138,0.0,0.0,1.0,0.0,0.0,255,138,0.54,0.01,0.0,0.0,0.0,0.0,1,115384.0
32,5,0,0,0,0,5,1.0,1.0,1.0,0.0,0.0,255,5,0.02,0.07,0.0,1.0,1.0,0.0,1,24622.0
24,9,351,428,0,1,2,0.0,0.0,1.0,0.0,0.17,228,255,1.0,0.0,0.01,0.0,0.0,0.0,0,70096.0
42,9,146,105,0,0,2,0.0,0.0,1.0,0.0,0.0,255,2,0.01,0.49,0.0,0.0,0.0,0.0,0,120981.0
24,1,0,0,0,0,279,0.0,0.0,0.07,0.06,0.0,255,19,0.07,0.07,0.0,0.0,0.0,1.0,1,48135.0
47,5,0,0,0,0,190,1.0,1.0,0.07,0.06,0.0,255,17,0.07,0.07,0.0,1.0,1.0,0.0,1,24793.0
24,9,156,1182,0,1,3,0.0,0.0,1.0,0.0,0.09,12,255,1.0,0.0,0.02,0.0,0.0,0.0,0,63424.0
42,4,1,0,0,0,2,0.0,0.0,1.0,0.0,0.0,255,2,0.01,0.73,0.0,0.0,0.0,1.0,1,61473.0
56,5,0,0,0,0,268,1.0,1.0,0.01,0.06,0.0,255,3,0.01,0.06,0.0,1.0,1.0,0.0,1,22701.0
24,9,257,259,0,1,20,0.0,0.0,1.0,0.0,0.0,255,255,1.0,0.0,0.0,0.0,0.0,0.0,0,34589.0
16,1,0,0,0,0,114,0.0,0.0,0.15,0.06,0.0,255,17,0.07,0.06,0.0,0.0,0.0,1.0,1,36990.0
24,9,54540,8314,0,1,2,0.0,0.0,1.0,0.0,0.0,107,107,1.0,0.0,0.0,0.0,0.0,0.01,1,15081.0
47,5,0,0,0,0,106,1.0,1.0,0.06,0.07,0.0,255,3,0.01,0.06,0.0,1.0,1.0,0.0,1,90634.0
47,5,0,0,0,0,67,1.0,1.0,0.07,0.07,0.0,247,5,0.02,0.06,0.0,1.0,1.0,0.0,1,21195.0
24,5,0,0,0,0,37,1.0,1.0,0.32,0.08,0.0,255,63,0.25,0.02,0.0,1.0,1.0,0.0,1,5018.0
19,9,1479,4145,0,1,1,0.0,0.0,1.0,0.0,0.0,236,31,0.13,0.03,0.0,0.0,0.0,0.0,0,13093.0
42,9,146,105,0,0,4,0.0,0.0,0.5,0.5,0.0,255,2,0.01,0.57,0.0,0.0,0.0,0.0,0,24763.0
24,1,0,0,0,0,1,0.0,0.0,1.0,0.0,0.0,1,255,1.0,0.0,0.21,0.0,0.0,0.85,0,111462.0
24,9,265,3773,0,1,10,0.0,0.0,1.0,0.0,0.2,41,255,1.0,0.0,0.04,0.0,0.0,0.0,0,17477.0
12,9,44,99,0,0,141,0.0,0.0,1.0,0.0,0.0,255,224,0.88,0.01,0.0,0.0,0.0,0.0,0,46085.0
12,9,42,42,0,0,9,0.0,0.0,1.0,0.0,0.25,250,248,0.99,0.01,0.0,0.0,0.0,0.0,0,7638.0
12,9,42,130,0,0,75,0.0,0.0,1.0,0.0,0.01,255,254,1.0,0.01,0.0,0.0,0.0,0.0,0,92650.0
24,9,316,955,0,1,13,0.0,0.0,1.0,0.0,0.18,76,255,1.0,0.0,0.03,0.0,0.0,0.0,0,4216.0
24,9,304,2239,0,1,7,0.0,0.0,1.0,0.0,0.0,255,240,0.94,0.01,0.0,0.0,0.0,0.02,0,100483.0
24,1,0,0,0,0,6,0.0,0.0,1.0,0.0,0.08,9,251,1.0,0.0,0.08,0.0,0.0,0.74,0,70342.0
24,9,237,10146,0,1,3,0.0,0.0,1.0,0.0,0.0,29,255,1.0,0.0,0.06,0.0,0.01,0.0,0,98988.0
24,9,228,2634,0,1,1,0.0,0.0,1.0,0.0,0.67,12,255,1.0,0.0,0.02,0.0,0.0,0.0,0,72867.0
24,9,217,106411,0,1,2,0.0,0.0,1.0,0.0,0.0,255,255,1.0,0.0,0.0,0.01,0.01,0.0,0,45205.0
24,9,282,260,0,1,6,0.0,0.0,1.0,0.0,0.0,58,255,1.0,0.0,0.04,0.02,0.0,0.0,0,38944.0
12,9,45,138,0,0,274,0.0,0.0,1.0,0.01,0.0,237,204,0.86,0.01,0.0,0.0,0.0,0.0,0,73925.0
12,9,44,44,0,0,76,0.0,0.0,1.0,0.0,0.01,255,254,1.0,0.01,0.0,0.0,0.0,0.0,0,40948.0
9,5,0,0,0,0,179,1.0,1.0,0.01,0.07,0.0,255,1,0.0,0.07,0.0,1.0,1.0,0.0,1,13918.0
7,5,0,0,0,0,265,1.0,1.0,0.04,0.06,0.0,255,11,0.04,0.07,0.0,1.0,1.0,0.0,1,123343.0
24,9,248,11599,0,1,1,0.0,0.0,1.0,0.0,1.0,3,255,1.0,0.0,0.05,0.0,0.0,0.0,0,86635.0
26,5,0,0,0,0,266,1.0,1.0,0.06,0.05,0.0,255,16,0.06,0.05,0.0,1.0,1.0,0.0,1,12184.0
47,5,0,0,0,0,60,1.0,1.0,0.33,0.05,0.0,255,20,0.08,0.07,0.0,1.0,1.0,0.0,1,36899.0
47,5,0,0,0,0,172,1.0,1.0,0.09,0.07,0.0,255,15,0.06,0.07,0.0,1.0,1.0,0.0,1,24274.0
47,5,0,0,0,0,261,1.0,1.0,0.09,0.05,0.0,255,23,0.09,0.05,0.0,1.0,1.0,0.0,1,49836.0
42,9,146,105,0,0,1,0.0,0.0,1.0,0.0,0.0,255,2,0.01,0.54,0.0,0.0,0.0,0.0,0,39469.0
24,9,211,359,0,1,5,0.0,0.0,1.0,0.0,0.0,168,255,1.0,0.0,0.02,0.0,0.0,0.35,0,100905.0
24,9,233,1752,0,1,4,0.0,0.0,1.0,0.0,0.0,255,255,1.0,0.0,0.0,0.0,0.0,0.0,0,78624.0
52,9,1235,404,0,1,1,0.0,0.0,1.0,0.0,1.0,25,179,0.72,0.12,0.02,0.0,0.01,0.0,0,25457.0
58,2,0,0,0,0,227,0.0,0.0,0.04,0.07,0.0,255,9,0.04,0.08,0.0,0.0,0.0,1.0,1,67340.0
28,5,0,0,0,0,136,1.0,1.0,0.16,0.05,0.0,255,22,0.09,0.05,0.0,1.0,1.0,0.0,1,50589.0
24,9,324,572,0,1,1,0.0,0.0,1.0,0.0,1.0,255,255,1.0,0.0,0.0,0.0,0.0,0.0,0,51929.0
24,9,212,1090,0,1,16,0.0,0.0,1.0,0.0,0.0,174,255,1.0,0.0,0.04,0.0,0.01,0.01,0,19534.0
52,5,0,0,0,0,272,1.0,1.0,0.04,0.06,0.0,255,11,0.04,0.06,0.0,1.0,1.0,0.0,1,28560.0
20,5,0,0,0,0,56,1.0,1.0,0.2,0.11,0.0,255,11,0.04,0.09,0.0,1.0,1.0,0.0,1,102239.0
42,4,1,0,0,0,2,0.0,0.0,1.0,0.0,0.0,255,2,0.01,0.62,0.0,0.0,0.0,1.0,1,87255.0
20,9,245,0,0,1,2,0.0,0.0,1.0,0.0,0.0,255,2,0.01,0.66,0.0,0.0,0.0,0.0,0,49207.0
47,1,0,0,0,0,113,0.0,0.0,0.11,0.07,0.0,255,12,0.05,0.07,0.0,0.0,0.0,1.0,1,46354.0
24,6,283,14600,0,1,1,1.0,1.0,1.0,0.0,0.0,255,255,1.0,0.0,0.0,0.0,0.0,0.0,0,113903.0
24,9,204,8774,0,1,17,0.0,0.0,1.0,0.0,0.0,242,255,1.0,0.0,0.01,0.0,0.0,0.0,0,91991.0
24,1,0,0,0,0,1,0.0,0.0,1.0,0.0,0.0,21,255,1.0,0.0,0.11,0.0,0.0,0.91,0,38458.0
24,9,296,3899,0,1,18,0.0,0.0,1.0,0.0,0.0,18,18,1.0,0.0,0.0,0.0,0.0,0.0,0,91035.0
42,1,0,0,0,0,511,0.18,0.0,0.0,1.0,0.0,255,1,0.0,1.0,0.0,0.12,0.0,1.0,1,83073.0
24,9,220,6895,0,1,17,0.0,0.0,1.0,0.0,0.0,255,255,1.0,0.0,0.0,0.0,0.0,0.0,0,93436.0
24,5,0,0,0,0,266,1.0,0.59,0.08,0.07,0.06,255,20,0.08,0.07,0.0,1.0,1.0,0.0,1,40724.0
15,9,520,0,0,0,456,0.0,0.0,1.0,0.0,0.0,188,188,1.0,0.0,0.0,0.0,0.0,0.0,1,69519.0
24,9,214,1099,0,1,33,0.0,0.0,1.0,0.0,0.06,33,255,1.0,0.0,0.04,0.0,0.0,0.0,0,4491.0
15,9,1480,0,1,0,2,0.0,0.0,1.0,0.0,0.5,4,151,1.0,0.0,0.07,0.0,0.0,0.0,1,14979.0
24,9,267,345,0,1,5,0.0,0.0,1.0,0.0,0.0,20,255,1.0,0.0,0.04,0.0,0.0,0.0,0,76806.0
31,5,0,0,0,0,247,1.0,1.0,0.07,0.06,0.0,255,18,0.07,0.07,0.0,1.0,1.0,0.0,1,114627.0
52,9,1695,337,0,1,1,0.0,0.0,1.0,0.0,0.0,135,129,0.53,0.04,0.02,0.0,0.0,0.0,0,82165.0
47,5,0,0,0,0,135,1.0,1.0,0.1,0.06,0.0,255,14,0.05,0.04,0.0,1.0,1.0,0.0,1,122019.0
24,9,260,9165,0,1,3,0.0,0.0,1.0,0.0,0.0,203,255,1.0,0.0,0.01,0.0,0.0,0.0,0,119578.0
47,4,1,0,0,0,2,0.0,0.0,1.0,0.0,0.0,255,2,0.01,0.66,0.0,0.0,0.0,1.0,1,785.0
58,5,0,0,0,0,260,1.0,1.0,0.07,0.07,0.0,255,17,0.07,0.08,0.0,1.0,1.0,0.0,1,104953.0
12,9,45,136,0,0,293,0.0,0.0,1.0,0.0,0.0,255,253,0.99,0.01,0.0,0.0,0.0,0.0,0,87278.0
24,9,215,367,0,1,58,0.0,0.0,1.0,0.0,0.0,141,255,1.0,0.0,0.03,0.0,0.0,0.0,0,63846.0
12,9,36,0,0,0,7,0.0,0.0,1.0,0.0,0.33,46,149,1.0,0.0,0.01,0.0,0.0,0.0,0,7645.0
24,9,324,2174,0,1,1,0.0,0.0,1.0,0.0,0.0,43,255,1.0,0.0,0.04,0.0,0.0,0.0,0,10529.0
20,5,0,0,0,0,210,1.0,1.0,0.08,0.07,0.0,255,17,0.07,0.07,0.0,1.0,1.0,0.0,1,61235.0
24,9,206,511,0,1,27,0.0,0.0,1.0,0.0,0.1,255,255,1.0,0.0,0.0,0.0,0.0,0.0,0,99593.0
52,9,2040,334,0,1,1,0.0,0.0,1.0,0.0,0.0,255,168,0.66,0.02,0.0,0.0,0.0,0.0,0,116559.0
24,9,229,1657,0,1,6,0.0,0.0,1.0,0.0,0.0,178,255,1.0,0.0,0.01,0.0,0.0,0.0,0,76422.0
24,9,271,4781,0,1,4,0.0,0.0,1.0,0.0,0.29,11,28,1.0,0.0,0.25,0.0,0.0,0.0,0,195.0
47,1,0,0,0,0,233,0.0,0.0,0.05,0.07,0.0,255,11,0.04,0.07,0.0,0.0,0.0,1.0,1,9985.0
19,9,61,189,0,0,1,0.0,0.0,1.0,0.0,0.0,152,48,0.32,0.03,0.0,0.0,0.0,0.0,0,102113.0
47,5,0,0,0,0,287,1.0,1.0,0.07,0.05,0.0,245,20,0.08,0.06,0.0,0.99,1.0,0.0,1,107112.0
66,5,0,0,0,0,223,1.0,1.0,0.05,0.07,0.0,255,12,0.05,0.07,0.0,1.0,1.0,0.0,1,121963.0
12,9,43,132,0,0,75,0.0,0.0,0.99,0.03,0.01,255,237,0.93,0.01,0.0,0.0,0.0,0.0,0,94375.0
32,5,0,0,0,0,104,1.0,1.0,0.21,0.06,0.0,255,22,0.09,0.06,0.0,1.0,1.0,0.0,1,113998.0
16,5,0,0,0,0,136,1.0,1.0,0.14,0.05,0.0,255,19,0.07,0.06,0.0,1.0,1.0,0.0,1,34303.0
12,9,43,132,0,0,119,0.0,0.0,1.0,0.0,0.01,255,255,1.0,0.0,0.0,0.0,0.0,0.0,0,101712.0
12,9,44,125,0,0,41,0.0,0.0,1.0,0.0,0.0,255,216,0.85,0.01,0.0,0.0,0.0,0.0,0,23936.0
19,9,234,767,0,1,1,0.0,0.0,1.0,0.0,0.0,62,24,0.39,0.05,0.0,0.0,0.0,0.0,0,9210.0
24,5,0,0,0,0,2,1.0,1.0,1.0,0.0,0.0,255,62,0.24,0.02,0.0,1.0,1.0,0.0,1,91030.0
42,9,147,105,0,0,1,0.0,0.0,1.0,0.0,0.0,255,3,0.01,0.62,0.0,0.0,0.0,0.0,0,11279.0
24,9,319,2835,0,1,22,0.0,0.0,1.0,0.0,0.0,255,255,1.0,0.0,0.0,0.0,0.0,0.0,0,114398.0
24,1,0,0,0,0,1,0.0,0.0,1.0,0.0,0.0,7,227,1.0,0.0,0.22,0.0,0.01,0.99,0,49330.0
47,5,0,0,0,0,119,0.99,1.0,0.05,0.07,0.0,255,1,0.0,0.06,0.0,1.0,1.0,0.0,1,124315.0
24,9,194,3182,0,1,9,0.0,0.0,1.0,0.0,0.0,38,255,1.0,0.0,0.03,0.0,0.0,0.0,0,15152.0
24,9,292,1313,0,1,11,0.0,0.0,1.0,0.0,0.29,85,255,1.0,0.0,0.05,0.0,0.0,0.0,0,36211.0
14,9,64,0,0,0,1,0.0,0.0,1.0,0.0,0.0,1,1,1.0,0.0,0.0,0.0,0.0,0.0,0,575.0
20,9,35,0,0,0,2,0.0,0.0,1.0,0.0,0.0,255,58,0.23,0.4,0.0,0.4,0.0,0.0,0,67283.0
42,1,0,0,0,0,489,0.08,0.0,0.0,0.95,0.0,255,1,0.0,0.91,0.0,0.09,0.0,1.0,1,84713.0
24,9,287,7646,0,1,1,0.0,0.0,1.0,0.0,0.0,26,255,1.0,0.0,0.02,0.0,0.0,0.0,0,27294.0
27,5,0,0,0,0,228,1.0,1.0,0.04,0.06,0.0,255,14,0.05,0.07,0.0,1.0,1.0,0.0,1,106750.0
2,5,0,0,0,0,297,1.0,1.0,0.07,0.05,0.0,255,20,0.08,0.07,0.0,1.0,1.0,0.0,1,22887.0
18,5,0,0,0,0,40,1.0,1.0,0.5,0.05,0.0,82,23,0.24,0.05,0.09,0.98,0.87,0.0,1,101083.0
52,9,2069,483,0,1,1,0.0,0.0,1.0,0.0,1.0,255,1,0.0,0.01,0.0,0.0,0.0,0.0,0,78983.0
24,9,285,263,0,1,21,0.0,0.0,1.0,0.0,0.11,255,255,1.0,0.0,0.0,0.0,0.0,0.0,0,1360.0
47,5,0,0,0,0,161,1.0,1.0,0.07,0.06,0.0,255,11,0.04,0.06,0.0,1.0,1.0,0.0,1,13353.0
24,9,325,818,0,1,8,0.0,0.0,1.0,0.0,0.0,67,255,1.0,0.0,0.04,0.0,0.0,0.0,0,15050.0
47,5,0,0,0,0,188,1.0,1.0,0.06,0.06,0.0,255,12,0.05,0.06,0.0,1.0,1.0,0.0,1,63951.0
37,5,0,0,0,0,108,1.0,1.0,0.19,0.06,0.0,255,7,0.03,0.07,0.0,1.0,1.0,0.0,1,108932.0
24,9,244,16162,0,1,18,0.0,0.0,1.0,0.0,0.08,39,254,1.0,0.0,0.03,0.0,0.0,0.0,0,25387.0
24,9,234,2239,0,1,6,0.0,0.0,1.0,0.0,0.0,255,239,0.94,0.02,0.0,0.0,0.0,0.0,0,47581.0
42,9,146,105,0,0,1,0.0,0.0,1.0,0.0,0.0,255,2,0.01,0.67,0.0,0.0,0.0,0.0,0,7418.0
12,9,46,133,0,0,327,0.0,0.0,1.0,0.01,0.0,255,238,0.93,0.01,0.0,0.0,0.0,0.0,0,31147.0
12,9,45,70,0,0,84,0.0,0.0,1.0,0.0,0.0,255,254,1.0,0.01,0.0,0.0,0.0,0.0,0,8358.0
24,9,195,42766,0,1,4,0.0,0.0,1.0,0.0,0.0,4,255,1.0,0.0,0.05,0.0,0.0,0.0,0,95909.0
47,5,0,0,0,0,238,1.0,1.0,0.06,0.06,0.0,255,7,0.03,0.09,0.0,1.0,1.0,0.0,1,118702.0
47,5,0,0,0,0,120,0.99,1.0,0.12,0.08,0.0,255,14,0.05,0.06,0.0,1.0,1.0,0.0,1,115516.0
24,9,313,492,0,1,25,0.0,0.0,1.0,0.0,0.12,255,255,1.0,0.0,0.0,0.0,0.0,0.0,0,103746.0
47,5,0,0,0,0,225,1.0,1.0,0.07,0.06,0.0,255,31,0.12,0.06,0.0,1.0,1.0,0.0,1,40440.0
35,5,0,0,0,0,280,1.0,1.0,0.06,0.05,0.0,255,4,0.02,0.07,0.0,1.0,1.0,0.0,1,2525.0
55,5,0,0,0,0,108,1.0,1.0,0.02,0.07,0.0,255,2,0.01,0.07,0.0,1.0,1.0,0.0,1,118770.0
6,5,0,0,0,0,126,1.0,1.0,0.06,0.06,0.0,255,7,0.03,0.06,0.0,1.0,1.0,0.0,1,64403.0
24,9,203,1115,0,1,7,0.0,0.0,1.0,0.0,0.0,91,255,1.0,0.0,0.03,0.0,0.0,0.0,0,57127.0
24,9,314,2698,0,1,2,0.0,0.0,1.0,0.0,0.2,255,235,0.92,0.01,0.0,0.0,0.0,0.0,0,102614.0
24,9,276,1725,0,1,11,0.0,0.0,1.0,0.0,0.17,255,255,1.0,0.0,0.0,0.0,0.0,0.0,0,3063.0
2,5,0,0,0,0,201,1.0,1.0,0.08,0.06,0.0,255,19,0.07,0.06,0.0,1.0,1.0,0.0,1,121595.0
24,9,195,9384,0,1,14,0.0,0.0,1.0,0.0,0.09,14,255,1.0,0.0,0.04,0.0,0.0,0.0,0,22264.0
52,9,1158,329,0,1,1,0.0,0.0,1.0,0.0,0.0,89,157,0.79,0.04,0.01,0.0,0.0,0.0,0,42691.0
24,9,242,753,0,1,8,0.0,0.0,1.0,0.0,0.19,255,255,1.0,0.0,0.0,0.0,0.0,0.0,0,12977.0
24,9,306,1075,0,1,5,0.0,0.0,1.0,0.0,0.0,22,16,0.73,0.14,0.0,0.05,0.0,0.0,0,34428.0
12,9,45,74,0,0,147,0.0,0.0,1.0,0.0,0.0,255,254,1.0,0.01,0.0,0.0,0.0,0.0,0,99917.0
39,5,0,0,0,0,119,1.0,1.0,0.08,0.06,0.0,255,9,0.04,0.05,0.0,1.0,1.0,0.0,1,96947.0
24,9,240,438,0,1,7,0.0,0.0,1.0,0.0,0.19,255,255,1.0,0.0,0.0,0.0,0.0,0.0,0,92887.0
20,9,2194619,0,0,1,2,0.0,0.0,1.0,0.0,0.0,241,97,0.39,0.01,0.02,0.0,0.0,0.0,0,6109.0
10,5,0,0,0,0,291,1.0,1.0,0.08,0.05,0.0,255,23,0.09,0.05,0.0,1.0,1.0,0.0,1,124333.0
24,9,199,1712,0,1,9,0.0,0.0,1.0,0.0,0.0,19,255,1.0,0.0,0.03,0.0,0.0,0.0,0,32373.0
12,9,43,107,0,0,1,0.0,0.0,1.0,0.0,0.75,255,248,0.97,0.01,0.0,0.0,0.0,0.0,0,20685.0
12,9,44,79,0,0,248,0.0,0.0,1.0,0.01,0.01,255,255,1.0,0.0,0.0,0.0,0.0,0.0,0,125816.0
15,9,1032,0,0,0,511,0.0,0.0,1.0,0.0,0.0,255,95,0.37,0.02,0.0,0.05,0.0,0.0,1,41432.0
20,9,2194619,0,0,1,2,0.0,0.0,1.0,0.0,0.0,100,14,0.14,0.06,0.0,0.01,0.0,0.0,0,114601.0
16,5,0,0,0,0,142,1.0,1.0,0.13,0.06,0.0,255,18,0.07,0.06,0.0,1.0,1.0,0.0,1,51945.0
24,9,211,1834,0,1,18,0.0,0.0,1.0,0.0,0.0,255,255,1.0,0.0,0.0,0.0,0.0,0.0,0,3329.0
24,9,225,267,0,1,15,0.0,0.0,1.0,0.0,0.04,255,255,1.0,0.0,0.0,0.0,0.0,0.0,0,41482.0
47,5,0,0,0,0,104,1.0,1.0,0.1,0.06,0.0,255,10,0.04,0.06,0.0,1.0,1.0,0.0,1,45810.0
42,9,145,105,0,0,1,0.0,0.0,1.0,0.0,0.0,255,1,0.0,0.63,0.0,0.0,0.0,0.0,0,97172.0
12,9,45,133,0,0,64,0.0,0.0,1.0,0.0,0.01,255,253,0.99,0.01,0.0,0.0,0.0,0.0,0,14976.0
42,9,516,4,0,0,244,0.0,0.0,1.0,0.0,0.0,244,244,1.0,0.0,0.0,0.0,0.0,0.0,0,16186.0
14,9,8,0,0,0,1,0.0,0.0,1.0,0.0,1.0,1,25,1.0,0.0,0.56,0.0,0.0,0.0,1,79265.0
12,9,45,45,0,0,60,0.0,0.0,0.98,0.03,0.0,255,255,1.0,0.0,0.0,0.0,0.0,0.0,0,82741.0
20,5,0,0,0,0,207,1.0,1.0,0.07,0.07,0.0,255,14,0.05,0.07,0.0,1.0,1.0,0.0,1,101391.0
12,9,44,44,0,0,2,0.0,0.0,1.0,0.0,0.5,255,248,0.97,0.01,0.0,0.0,0.0,0.0,0,9903.0
24,9,207,11052,0,1,1,0.0,0.0,1.0,0.0,0.0,255,255,1.0,0.0,0.0,0.0,0.0,0.0,0,60431.0
11,5,0,0,0,0,147,1.0,1.0,0.12,0.06,0.0,255,2,0.01,0.08,0.0,1.0,1.0,0.0,1,44007.0
24,9,189,3284,0,1,1,0.0,0.0,1.0,0.0,0.0,26,255,1.0,0.0,0.02,0.0,0.0,0.0,0,11898.0
15,9,1032,0,0,0,305,0.0,0.0,1.0,0.0,0.0,147,53,0.36,0.05,0.0,0.01,0.0,0.0,1,1960.0
52,9,2253,331,0,1,4,0.0,0.0,0.75,0.5,0.0,35,190,0.69,0.11,0.01,0.0,0.0,0.0,0,61249.0
24,9,248,1639,0,1,7,0.0,0.0,1.0,0.0,0.25,255,255,1.0,0.0,0.0,0.0,0.0,0.0,0,108896.0
15,9,1032,0,0,0,18,0.0,0.0,1.0,0.0,0.0,255,18,0.07,0.02,0.0,0.0,0.0,0.0,1,114076.0
20,9,201,0,0,0,1,0.0,0.0,1.0,0.0,0.0,8,103,0.88,0.25,0.02,0.0,0.0,0.0,0,105657.0
24,9,233,950,0,1,8,0.0,0.0,1.0,0.0,0.0,8,255,1.0,0.0,0.03,0.0,0.0,0.0,0,96885.0
12,9,42,42,0,0,3,0.0,0.0,1.0,0.0,0.6,90,87,0.97,0.03,0.0,0.0,0.0,0.0,0,56681.0
19,9,1174,2447,0,1,1,0.0,0.0,1.0,0.0,0.0,106,4,0.04,0.06,0.0,0.02,0.0,0.0,1,122020.0
47,5,0,0,0,0,77,1.0,1.0,0.01,0.09,0.0,255,19,0.07,0.06,0.0,1.0,1.0,0.0,1,84923.0
12,9,44,44,0,0,120,0.0,0.0,1.0,0.0,0.0,255,203,0.8,0.01,0.0,0.0,0.0,0.0,0,83484.0
4,9,10,36,0,1,1,0.0,0.0,1.0,0.0,0.0,69,17,0.12,0.06,0.18,0.0,0.0,0.0,0,9433.0
52,9,1012,329,0,1,1,0.0,0.0,1.0,0.0,0.0,11,19,1.0,0.0,0.11,0.0,0.0,0.0,0,73462.0
24,1,0,0,0,0,1,0.0,0.0,1.0,0.0,1.0,48,255,1.0,0.0,0.18,0.0,0.01,0.99,0,115943.0
18,5,0,0,0,0,34,1.0,1.0,0.24,0.12,0.0,255,42,0.16,0.05,0.0,1.0,1.0,0.0,1,49087.0
20,9,7196,0,0,0,17,0.0,0.0,1.0,0.0,0.0,245,121,0.49,0.02,0.0,0.0,0.0,0.0,0,49824.0
24,9,293,2165,0,1,20,0.0,0.0,1.0,0.0,0.0,40,255,1.0,0.0,0.02,0.0,0.0,0.01,0,107723.0
24,9,277,525,0,1,1,0.0,0.0,1.0,0.0,0.0,225,255,1.0,0.0,0.02,0.0,0.0,0.0,0,63794.0
24,5,0,0,0,0,283,1.0,1.0,0.04,0.06,0.0,255,10,0.04,0.07,0.0,1.0,1.0,0.0,1,89002.0
46,5,0,0,0,0,134,1.0,1.0,0.13,0.05,0.0,255,5,0.02,0.07,0.0,1.0,1.0,0.0,1,82750.0
20,5,0,0,0,0,238,1.0,1.0,0.04,0.06,0.0,255,9,0.04,0.06,0.0,1.0,1.0,0.0,1,101444.0
24,9,329,9621,0,1,8,0.0,0.0,1.0,0.0,0.0,255,255,1.0,0.0,0.0,0.0,0.0,0.0,0,20409.0
47,5,0,0,0,0,156,1.0,1.0,0.05,0.06,0.0,255,8,0.03,0.06,0.0,1.0,1.0,0.0,1,9157.0
8,5,0,0,0,0,289,1.0,1.0,0.08,0.05,0.0,255,23,0.09,0.05,0.0,1.0,1.0,0.0,1,22742.0
19,9,56,171,0,0,1,0.0,0.0,1.0,0.0,0.0,40,14,0.35,0.1,0.0,0.0,0.0,0.0,0,113688.0
20,9,245,0,0,0,2,0.0,0.0,1.0,0.0,0.0,145,41,0.04,0.03,0.05,0.0,0.0,0.0,0,9582.0
47,9,28,0,3,0,129,0.78,0.0,0.22,0.05,0.0,255,29,0.11,0.89,0.0,0.09,0.0,0.0,1,26717.0
24,1,0,0,0,0,1,0.0,0.0,1.0,0.0,1.0,21,255,1.0,0.0,0.06,0.0,0.0,1.0,0,120007.0
24,9,209,551,0,1,3,0.0,0.0,1.0,0.0,0.0,3,255,1.0,0.0,0.04,0.0,0.0,0.0,0,64290.0
47,5,0,0,0,0,125,1.0,1.0,0.06,0.06,0.0,255,13,0.05,0.06,0.0,1.0,1.0,0.0,1,89299.0
58,2,0,0,0,0,1,0.0,0.0,1.0,0.0,0.0,224,21,0.09,0.02,0.0,0.0,0.0,0.14,1,29907.0
24,9,201,4080,0,1,5,0.0,0.0,1.0,0.0,0.0,46,255,1.0,0.0,0.03,0.0,0.0,0.0,0,85631.0
24,9,219,3248,0,1,23,0.0,0.0,1.0,0.0,0.0,153,255,1.0,0.0,0.01,0.0,0.0,0.0,0,79028.0
24,9,255,1594,0,1,1,0.0,0.0,1.0,0.0,0.0,19,255,1.0,0.0,0.02,0.0,0.0,0.0,0,29832.0
47,1,0,0,0,0,2,0.0,0.0,0.5,1.0,0.0,255,1,0.0,0.46,0.0,0.13,0.0,1.0,1,49501.0
47,5,0,0,0,0,131,1.0,1.0,0.08,0.05,0.0,255,16,0.06,0.06,0.0,1.0,1.0,0.0,1,30029.0
15,9,520,0,0,0,178,0.0,0.0,1.0,0.0,0.0,255,255,1.0,0.0,0.0,0.0,0.0,0.0,1,11529.0
42,9,147,105,0,0,5,0.0,0.0,0.2,0.6,0.0,255,1,0.0,0.55,0.0,0.0,0.0,0.0,0,32998.0
47,5,0,0,0,0,292,1.0,1.0,0.06,0.06,0.0,255,16,0.06,0.08,0.0,1.0,1.0,0.0,1,64473.0
24,5,0,0,0,0,275,1.0,1.0,0.01,0.07,0.0,255,3,0.01,0.06,0.0,1.0,1.0,0.0,1,65195.0
20,9,3468,0,0,0,21,0.0,0.0,1.0,0.0,0.0,41,33,0.8,0.05,0.0,0.0,0.0,0.0,0,118021.0
24,9,271,9248,0,1,4,0.0,0.0,1.0,0.0,0.07,255,255,1.0,0.0,0.0,0.0,0.0,0.0,0,103538.0
24,9,237,3222,0,1,2,0.0,0.0,1.0,0.0,0.0,255,249,0.98,0.01,0.0,0.0,0.0,0.0,0,111551.0
47,5,0,0,0,0,133,1.0,1.0,0.01,0.06,0.0,255,3,0.01,0.06,0.0,1.0,1.0,0.0,1,55555.0
52,9,1388,340,0,1,1,0.0,0.0,1.0,0.0,1.0,255,153,0.6,0.02,0.0,0.0,0.0,0.0,0,54556.0
15,9,1032,0,0,0,353,0.0,0.0,1.0,0.0,0.0,255,255,1.0,0.0,0.0,0.0,0.0,0.0,1,104860.0
42,9,146,105,0,0,1,0.0,0.0,1.0,0.0,0.0,255,1,0.0,0.54,0.0,0.0,0.0,0.0,0,61783.0
47,5,0,0,0,0,296,1.0,1.0,0.05,0.05,0.0,255,18,0.07,0.05,0.0,1.0,1.0,0.0,1,29994.0
47,5,0,0,0,0,283,1.0,1.0,0.07,0.06,0.0,255,19,0.07,0.07,0.0,1.0,1.0,0.0,1,110518.0
4,9,9,36,0,1,2,0.0,0.0,0.5,1.0,0.0,255,13,0.05,0.02,0.0,0.0,0.0,0.0,0,31860.0
24,9,333,2526,0,1,12,0.0,0.0,1.0,0.0,0.0,199,255,1.0,0.0,0.02,0.0,0.0,0.0,0,49638.0
47,5,0,0,0,0,189,1.0,1.0,0.07,0.07,0.0,255,1,0.0,0.08,0.0,1.0,1.0,0.0,1,80227.0
24,9,54540,8314,0,1,5,0.0,0.0,1.0,0.0,0.0,225,225,1.0,0.0,0.0,0.0,0.0,0.06,1,69346.0
47,9,28,0,3,0,19,0.0,0.0,1.0,0.0,0.0,255,19,0.07,0.02,0.0,0.0,0.0,0.0,1,68141.0
19,9,883,2713,0,1,1,0.0,0.0,1.0,0.0,0.0,137,34,0.25,0.04,0.0,0.0,0.0,0.0,0,82494.0
24,9,337,1443,0,1,4,0.0,0.0,1.0,0.0,0.0,26,255,1.0,0.0,0.02,0.0,0.0,0.0,0,55313.0
24,9,230,619,0,1,1,0.0,0.0,1.0,0.0,0.0,54,255,1.0,0.0,0.03,0.0,0.0,0.0,0,59821.0
20,9,373,0,0,1,2,0.0,0.0,1.0,0.0,0.5,255,90,0.35,0.02,0.0,0.0,0.0,0.0,0,1573.0
47,9,1,0,0,0,137,0.0,0.0,0.93,0.01,0.0,255,195,0.76,0.04,0.0,0.0,0.0,0.0,1,65370.0
24,9,219,3211,0,1,5,0.0,0.0,1.0,0.0,0.0,19,255,1.0,0.0,0.02,0.0,0.0,0.0,0,86296.0
12,9,44,139,0,0,172,0.0,0.0,1.0,0.0,0.0,255,255,1.0,0.0,0.0,0.0,0.0,0.0,0,39938.0
6,5,0,0,0,0,114,1.0,1.0,0.05,0.06,0.0,255,6,0.02,0.05,0.0,1.0,1.0,0.0,1,1083.0
24,9,319,10093,0,1,1,0.0,0.0,1.0,0.0,0.09,255,255,1.0,0.0,0.0,0.0,0.0,0.05,0,34095.0
24,9,145,14662,0,1,1,0.0,0.0,1.0,0.0,0.0,1,255,1.0,0.0,0.03,0.0,0.0,0.0,0,40838.0
24,9,249,625,0,1,5,0.0,0.0,1.0,0.0,0.33,209,255,1.0,0.0,0.02,0.0,0.0,0.0,0,92878.0
12,9,86,0,0,0,1,0.0,0.0,1.0,0.0,0.0,25,13,0.52,0.08,0.0,0.0,0.0,0.0,0,38517.0
47,9,1,0,0,0,111,0.0,0.0,0.67,0.05,0.0,255,132,0.52,0.05,0.0,0.0,0.0,0.0,1,86654.0
42,1,0,0,0,0,511,0.17,0.0,0.0,1.0,0.0,255,1,0.0,1.0,0.0,0.2,0.0,1.0,1,34586.0
47,5,0,0,0,0,238,1.0,1.0,0.03,0.07,0.0,255,13,0.05,0.06,0.0,1.0,1.0,0.0,1,108063.0
20,9,201,0,0,1,10,0.0,0.0,1.0,0.0,0.0,49,127,0.33,0.1,0.02,0.0,0.01,0.0,0,89848.0
24,9,217,1898,0,1,4,0.0,0.0,1.0,0.0,0.4,30,255,1.0,0.0,0.05,0.0,0.0,0.0,0,112914.0
20,9,35,0,0,1,1,0.0,0.0,1.0,0.0,0.0,255,16,0.06,0.06,0.0,0.62,0.0,0.0,0,17812.0
12,9,43,43,0,0,141,0.0,0.0,1.0,0.0,0.0,255,249,0.98,0.01,0.0,0.0,0.0,0.0,0,125895.0
24,9,251,1600,0,1,9,0.0,0.0,1.0,0.0,0.09,46,255,1.0,0.0,0.02,0.0,0.0,0.0,0,44640.0
25,5,0,0,0,0,125,0.99,1.0,0.03,0.07,0.0,255,4,0.02,0.06,0.0,1.0,1.0,0.0,1,115131.0
47,5,0,0,0,0,140,1.0,1.0,0.1,0.06,0.0,255,7,0.03,0.06,0.0,1.0,1.0,0.0,1,112283.0
24,9,314,1043,0,1,9,0.0,0.0,1.0,0.0,0.0,255,255,1.0,0.0,0.0,0.0,0.0,0.0,0,110926.0
2,5,0,0,0,0,228,1.0,1.0,0.04,0.05,0.0,255,9,0.04,0.06,0.0,1.0,1.0,0.0,1,19361.0
42,1,0,0,0,0,509,0.04,0.0,0.0,1.0,0.0,255,1,0.0,1.0,0.0,0.06,0.0,1.0,1,73079.0
47,1,0,0,0,0,1,0.0,0.0,1.0,0.0,0.0,53,1,0.02,1.0,0.0,0.0,0.0,1.0,1,4631.0
56,5,0,0,0,0,255,1.0,1.0,0.01,0.06,0.0,255,19,0.07,0.07,0.0,1.0,1.0,0.0,1,85757.0
40,5,0,0,0,0,230,1.0,1.0,0.11,0.05,0.0,255,25,0.1,0.05,0.0,1.0,1.0,0.0,1,57589.0
24,9,213,659,0,1,25,0.04,0.04,1.0,0.0,0.0,24,255,1.0,0.0,0.02,0.0,0.0,0.0,0,27087.0
24,9,234,7246,0,1,1,0.0,0.0,1.0,0.0,0.0,64,255,1.0,0.0,0.05,0.0,0.0,0.01,0,108689.0
12,9,43,130,0,0,261,0.0,0.0,1.0,0.01,0.0,255,251,0.98,0.01,0.0,0.0,0.0,0.0,0,7869.0
47,1,0,0,0,0,111,0.0,0.0,0.08,0.07,0.0,186,9,0.05,0.07,0.0,0.0,0.0,1.0,1,7963.0
20,5,0,0,0,0,62,1.0,1.0,0.24,0.06,0.0,255,45,0.18,0.05,0.0,1.0,1.0,0.0,1,72155.0
24,9,213,188,0,1,3,0.0,0.0,1.0,0.0,0.0,108,255,1.0,0.0,0.08,0.0,0.0,0.0,0,48245.0
24,1,0,0,0,0,1,0.0,0.0,1.0,0.0,0.0,45,225,1.0,0.0,0.16,0.0,0.0,1.0,0,33131.0
24,1,0,0,0,0,250,0.0,0.0,0.08,0.06,0.0,255,19,0.07,0.07,0.0,0.0,0.0,1.0,1,112139.0
6,1,0,0,0,0,128,0.0,0.0,0.12,0.06,0.0,255,15,0.06,0.07,0.0,0.0,0.0,1.0,1,79543.0
24,9,262,9051,0,1,1,0.0,0.0,1.0,0.0,0.0,255,255,1.0,0.0,0.0,0.0,0.0,0.0,0,81456.0
52,9,1115,328,0,1,1,0.0,0.0,1.0,0.0,0.0,81,141,0.62,0.06,0.01,0.0,0.0,0.0,0,122445.0
24,1,0,0,0,0,1,0.0,0.0,1.0,0.0,0.0,16,255,1.0,0.0,0.05,0.0,0.0,1.0,0,34165.0
24,9,233,279,0,1,1,0.0,0.0,1.0,0.0,0.33,25,255,1.0,0.0,0.09,0.0,0.0,0.0,0,84158.0
24,1,0,0,0,0,1,0.0,0.0,1.0,0.0,0.0,31,146,1.0,0.0,0.04,0.0,0.0,1.0,0,101653.0
66,5,0,0,0,0,280,1.0,1.0,0.04,0.06,0.0,255,10,0.04,0.08,0.0,1.0,1.0,0.0,1,85730.0
24,1,0,0,0,0,1,0.0,0.0,1.0,0.0,0.0,31,35,1.0,0.0,0.06,0.0,0.0,1.0,0,8619.0
42,9,147,0,0,0,3,0.0,0.0,0.33,0.67,0.0,255,1,0.0,0.78,0.0,0.0,0.0,0.0,0,121938.0
24,9,209,534,0,1,16,0.0,0.0,1.0,0.0,0.0,22,255,1.0,0.0,0.03,0.0,0.0,0.0,0,33031.0
24,9,264,272,0,1,5,0.0,0.0,1.0,0.0,0.29,255,255,1.0,0.0,0.0,0.0,0.0,0.0,0,95118.0
6,4,1,0,0,0,2,0.0,0.0,1.0,0.0,0.0,255,2,0.01,0.72,0.0,0.0,0.0,1.0,1,53476.0
24,9,199,522,0,1,2,0.0,0.0,1.0,0.0,0.5,2,255,1.0,0.0,0.06,0.0,0.0,0.0,0,111782.0
14,9,30,0,0,0,1,0.0,0.0,1.0,0.0,0.0,64,90,0.98,0.03,0.17,0.0,0.0,0.0,0,17561.0
10,5,0,0,0,0,135,1.0,1.0,0.1,0.04,0.0,255,5,0.02,0.05,0.0,1.0,1.0,0.0,1,21678.0
20,9,11,0,0,1,2,0.0,0.0,1.0,0.0,0.0,69,105,0.42,0.06,0.02,0.0,0.01,0.0,0,11399.0
24,9,214,5134,0,1,3,0.0,0.0,1.0,0.0,0.0,3,255,1.0,0.0,0.07,0.0,0.0,0.0,0,59967.0
63,5,0,0,0,0,135,1.0,1.0,0.13,0.05,0.0,255,7,0.03,0.06,0.0,1.0,1.0,0.0,1,106859.0
20,6,456980,0,0,1,2,0.5,0.5,1.0,0.0,0.0,62,50,0.1,0.05,0.04,0.02,0.06,0.0,0,12518.0
47,5,0,0,0,0,180,1.0,1.0,0.02,0.06,0.0,255,17,0.07,0.07,0.0,1.0,1.0,0.0,1,105376.0
24,9,212,309,0,1,3,0.33,0.25,1.0,0.0,0.5,255,255,1.0,0.0,0.0,0.0,0.0,0.0,0,107776.0
47,5,0,0,0,0,170,1.0,1.0,0.09,0.05,0.0,255,16,0.06,0.06,0.0,1.0,1.0,0.0,1,93225.0
13,2,0,0,0,0,250,0.0,0.0,0.0,0.07,0.0,255,1,0.0,0.09,0.0,0.0,0.0,1.0,1,23317.0
24,9,266,1715,0,1,22,0.0,0.0,1.0,0.0,0.0,128,255,1.0,0.0,0.04,0.0,0.0,0.0,0,14300.0
4,1,0,0,0,0,264,0.0,0.0,0.01,0.06,0.0,255,3,0.01,0.08,0.0,0.0,0.0,1.0,1,13096.0
24,9,238,2202,0,1,6,0.0,0.0,1.0,0.0,0.3,79,255,1.0,0.0,0.03,0.0,0.01,0.01,0,125372.0
12,9,43,73,0,0,322,0.0,0.0,1.0,0.0,0.0,255,254,1.0,0.01,0.0,0.0,0.0,0.0,0,95553.0
47,5,0,0,0,0,111,1.0,1.0,0.18,0.05,0.0,189,20,0.11,0.1,0.0,1.0,1.0,0.0,1,8816.0
24,1,0,0,0,0,1,0.0,0.0,1.0,0.0,0.0,2,65,1.0,0.0,0.34,0.0,0.0,1.0,0,40836.0
42,9,1214,0,0,1,17,0.06,0.0,0.06,0.41,0.0,130,1,0.01,0.08,0.0,0.03,0.0,0.0,0,119258.0
47,5,0,0,0,0,113,1.0,1.0,0.1,0.07,0.0,255,4,0.02,0.08,0.0,1.0,1.0,0.0,1,75586.0
12,9,42,42,0,0,4,0.0,0.0,1.0,0.0,0.33,255,178,0.7,0.01,0.0,0.0,0.0,0.0,0,67412.0
19,5,0,0,0,0,240,1.0,1.0,0.01,0.06,0.0,255,2,0.01,0.07,0.0,1.0,1.0,0.0,1,24436.0
66,1,0,0,0,0,248,0.0,0.0,0.08,0.06,0.0,255,20,0.08,0.07,0.0,0.0,0.0,1.0,1,582.0
24,9,200,3615,0,1,11,0.0,0.0,1.0,0.0,0.14,64,255,1.0,0.0,0.03,0.0,0.0,0.0,0,103093.0
52,9,1779,326,0,1,1,0.0,0.0,1.0,0.0,0.0,155,115,0.74,0.02,0.0,0.0,0.0,0.0,0,97103.0
47,5,0,0,0,0,211,1.0,1.0,0.06,0.06,0.0,255,9,0.04,0.07,0.0,1.0,1.0,0.0,1,20157.0
58,9,137,136,0,0,1,0.0,0.0,1.0,0.0,0.0,84,1,0.01,0.06,0.0,0.08,0.0,0.0,0,89785.0
47,5,0,0,0,0,21,1.0,1.0,0.05,0.1,0.0,255,1,0.0,0.08,0.0,1.0,1.0,0.0,1,78492.0
42,9,146,105,0,0,4,0.0,0.0,0.5,0.5,0.0,255,2,0.01,0.82,0.0,0.0,0.0,0.0,0,121436.0
19,9,288,903,0,1,1,0.0,0.0,1.0,0.0,0.0,3,2,0.67,0.67,0.0,0.0,0.0,0.0,0,9634.0
24,9,153,9267,0,1,2,0.0,0.0,1.0,0.0,0.21,71,255,1.0,0.0,0.03,0.0,0.0,0.0,0,5878.0
52,9,1087,391,0,1,1,0.0,0.0,1.0,0.0,1.0,255,7,0.03,0.06,0.0,0.0,0.0,0.0,0,106113.0
24,9,240,1143,0,1,3,0.0,0.0,1.0,0.0,0.0,22,255,1.0,0.0,0.02,0.0,0.0,0.0,0,44675.0
58,9,122,10875,0,1,1,0.0,0.0,1.0,0.0,0.0,130,2,0.02,0.05,0.0,0.0,0.0,0.0,0,118337.0
18,5,0,0,0,0,14,1.0,1.0,0.29,0.29,0.0,255,64,0.25,0.02,0.0,1.0,1.0,0.0,1,78246.0
24,9,311,4359,0,1,13,0.0,0.0,1.0,0.0,0.0,255,255,1.0,0.0,0.0,0.01,0.01,0.02,0,27881.0
24,1,0,0,0,0,1,0.0,0.0,1.0,0.0,0.0,15,243,1.0,0.0,0.1,0.0,0.0,1.0,0,82914.0
24,9,211,1274,0,1,14,0.0,0.0,1.0,0.0,0.19,255,255,1.0,0.0,0.0,0.0,0.0,0.0,0,28410.0
24,9,255,405,0,1,14,0.0,0.0,1.0,0.0,0.13,255,255,1.0,0.0,0.0,0.0,0.0,0.0,0,51208.0
47,5,0,0,0,0,185,1.0,1.0,0.13,0.05,0.0,255,24,0.09,0.05,0.0,1.0,1.0,0.0,1,105236.0
24,9,247,1656,0,1,12,0.0,0.0,1.0,0.0,0.11,50,255,1.0,0.0,0.02,0.0,0.0,0.0,0,54435.0
24,9,212,295,0,1,15,0.07,0.04,1.0,0.0,0.09,255,255,1.0,0.0,0.0,0.0,0.0,0.0,0,30159.0
47,9,28,0,3,0,85,0.0,0.0,1.0,0.0,0.0,255,185,0.73,0.28,0.0,0.09,0.0,0.0,1,102257.0
24,9,253,2263,0,1,16,0.0,0.0,1.0,0.0,0.0,255,255,1.0,0.0,0.0,0.0,0.0,0.0,0,86144.0
24,5,0,0,0,0,199,1.0,1.0,0.01,0.07,0.0,255,17,0.07,0.07,0.0,1.0,1.0,0.0,1,62651.0
19,5,0,0,0,0,285,1.0,1.0,0.07,0.05,0.0,255,19,0.07,0.05,0.0,1.0,1.0,0.0,1,125538.0
52,9,608,327,0,1,1,0.0,0.0,1.0,0.0,0.0,152,74,0.49,0.02,0.0,0.0,0.0,0.0,0,11742.0
1,9,2293136,650800,0,0,1,0.0,0.0,1.0,0.0,0.0,2,1,0.5,1.0,0.0,0.0,0.0,0.0,0,122508.0
26,5,0,0,0,0,256,1.0,1.0,0.02,0.06,0.0,255,5,0.02,0.06,0.0,1.0,1.0,0.0,1,90343.0
2,5,0,0,0,0,216,1.0,1.0,0.01,0.06,0.0,255,3,0.01,0.06,0.0,1.0,1.0,0.0,1,7877.0
24,9,213,13392,0,1,11,0.0,0.0,1.0,0.0,0.0,168,255,1.0,0.0,0.03,0.0,0.0,0.0,0,52260.0
15,9,520,0,0,0,448,0.0,0.0,1.0,0.0,0.0,48,48,1.0,0.0,0.0,0.0,0.0,0.0,1,117452.0
65,5,0,0,0,0,203,1.0,1.0,0.09,0.06,0.0,255,17,0.07,0.06,0.0,1.0,1.0,0.0,1,4723.0
20,9,567,0,0,0,1,0.0,0.0,1.0,0.0,0.0,117,25,0.16,0.05,0.08,0.0,0.0,0.0,0,76765.0
47,9,28,0,3,0,83,0.0,0.0,1.0,0.0,0.0,255,83,0.33,0.02,0.0,0.0,0.0,0.0,1,107585.0
47,1,0,0,0,0,253,0.1,0.0,0.0,1.0,0.0,255,1,0.0,1.0,0.0,0.1,0.0,1.0,1,79986.0
47,9,1,0,0,0,28,0.0,0.0,0.21,0.11,0.0,255,51,0.2,0.33,0.0,0.12,0.0,0.0,1,58455.0
47,1,0,0,0,0,129,0.0,0.0,0.05,0.06,0.0,255,7,0.03,0.06,0.0,0.0,0.0,1.0,1,40608.0
24,9,324,788,0,1,4,0.25,0.25,1.0,0.0,0.0,255,255,1.0,0.0,0.0,0.0,0.0,0.0,0,78387.0
47,5,0,0,0,0,95,1.0,1.0,0.25,0.08,0.0,255,24,0.09,0.06,0.0,1.0,1.0,0.0,1,41067.0
20,5,0,0,0,0,278,1.0,1.0,0.07,0.06,0.0,255,19,0.07,0.06,0.0,1.0,1.0,0.0,1,73386.0
47,5,0,0,0,0,75,1.0,1.0,0.07,0.08,0.0,182,5,0.03,0.07,0.0,1.0,1.0,0.0,1,8882.0
12,9,45,71,0,0,292,0.0,0.0,1.0,0.0,0.0,255,254,1.0,0.01,0.0,0.0,0.0,0.0,0,29090.0
24,9,334,1065,0,1,3,0.0,0.0,1.0,0.0,0.0,21,255,1.0,0.0,0.01,0.0,0.0,0.0,0,108984.0
24,9,232,273,0,1,9,0.0,0.0,1.0,0.0,0.08,9,255,1.0,0.0,0.09,0.0,0.0,0.0,0,27756.0
24,9,315,1056,0,1,13,0.0,0.0,1.0,0.0,0.0,135,255,1.0,0.0,0.01,0.0,0.0,0.0,0,34750.0
20,9,641,0,0,1,2,0.0,0.0,1.0,0.0,0.0,175,48,0.25,0.02,0.04,0.0,0.0,0.0,0,60.0
20,5,0,0,0,0,43,1.0,1.0,0.26,0.09,0.0,123,49,0.25,0.03,0.04,1.0,0.63,0.0,1,119542.0
12,9,44,132,0,0,241,0.0,0.0,1.0,0.01,0.01,255,247,0.97,0.01,0.0,0.0,0.0,0.0,0,1995.0
24,9,291,1748,0,1,25,0.0,0.0,1.0,0.0,0.0,233,255,1.0,0.0,0.02,0.0,0.0,0.0,0,63100.0
36,5,0,0,0,0,90,1.0,1.0,0.11,0.06,0.0,255,17,0.07,0.07,0.0,1.0,1.0,0.0,1,118649.0
24,9,215,1993,0,1,9,0.0,0.0,1.0,0.0,0.0,43,255,1.0,0.0,0.05,0.0,0.0,0.0,0,81068.0
15,9,520,0,0,0,447,0.0,0.0,1.0,0.0,0.0,177,177,1.0,0.0,0.0,0.0,0.0,0.0,1,80943.0
58,9,139,1687,0,1,1,0.0,0.0,1.0,0.0,0.0,1,5,1.0,0.0,1.0,0.0,0.0,0.0,0,48644.0
24,9,209,1820,0,1,7,0.0,0.0,1.0,0.0,0.13,98,255,1.0,0.0,0.04,0.0,0.0,0.0,0,87482.0
47,5,0,0,0,0,126,1.0,1.0,0.13,0.06,0.0,128,16,0.12,0.07,0.0,1.0,1.0,0.0,1,101415.0
24,9,351,3084,0,1,14,0.0,0.0,1.0,0.0,0.0,14,255,1.0,0.0,0.04,0.0,0.0,0.0,0,55284.0
24,9,278,835,0,1,7,0.0,0.0,1.0,0.0,0.22,255,255,1.0,0.0,0.0,0.0,0.0,0.0,0,91806.0
24,9,318,821,0,1,6,0.0,0.0,1.0,0.0,0.0,36,255,1.0,0.0,0.03,0.0,0.0,0.0,0,23649.0
47,1,0,0,0,0,269,0.03,0.0,0.0,1.0,0.0,255,1,0.0,0.97,0.0,0.04,0.0,1.0,1,17515.0
24,9,157,41901,0,1,1,0.0,0.0,1.0,0.0,0.0,255,255,1.0,0.0,0.0,0.0,0.0,0.0,0,20506.0
14,9,8,0,0,0,1,0.0,0.0,1.0,0.0,1.0,2,132,1.0,0.0,0.5,0.0,0.0,0.0,1,105743.0
42,1,0,0,0,0,375,0.09,0.0,0.0,1.0,0.0,255,1,0.0,1.0,0.0,0.11,0.0,1.0,1,21363.0
13,5,0,0,0,0,197,1.0,1.0,0.04,0.07,0.0,255,1,0.0,0.08,0.0,1.0,1.0,0.0,1,95673.0
14,9,8,0,0,0,1,0.0,0.0,1.0,0.0,1.0,2,12,1.0,0.0,0.5,0.0,0.0,0.0,1,90455.0
36,5,0,0,0,0,284,1.0,1.0,0.05,0.06,0.0,255,7,0.03,0.06,0.0,1.0,1.0,0.0,1,10358.0
18,9,9,141,0,0,2,0.0,0.0,0.5,1.0,0.0,222,13,0.06,0.02,0.0,0.0,0.0,0.0,0,9810.0
47,5,0,0,0,0,291,1.0,1.0,0.04,0.06,0.0,255,18,0.07,0.06,0.0,1.0,1.0,0.0,1,99416.0
47,9,28,0,3,0,39,0.0,0.0,1.0,0.0,0.0,242,39,0.16,0.05,0.0,0.02,0.0,0.0,1,33935.0
52,9,1442,280,0,1,1,0.0,0.0,1.0,0.0,1.0,35,98,0.11,0.09,0.02,0.0,0.0,0.0,0,41709.0
5,5,0,0,0,0,286,1.0,1.0,0.03,0.06,0.0,255,12,0.05,0.07,0.0,1.0,1.0,0.0,1,67834.0
24,9,316,362,0,1,27,0.0,0.0,1.0,0.0,0.07,255,255,1.0,0.0,0.0,0.0,0.0,0.0,0,32583.0
6,5,0,0,0,0,102,1.0,1.0,0.02,0.07,0.0,255,2,0.01,0.07,0.0,1.0,1.0,0.0,1,48292.0
52,9,997,331,0,1,1,0.0,0.0,1.0,0.0,0.0,76,64,0.84,0.04,0.0,0.0,0.0,0.0,0,27924.0
24,9,193,296,0,1,5,0.0,0.0,1.0,0.0,0.25,255,255,1.0,0.0,0.0,0.0,0.0,0.0,0,103670.0
12,9,44,44,0,0,169,0.0,0.0,1.0,0.0,0.0,255,255,1.0,0.0,0.0,0.0,0.0,0.0,0,81236.0
15,9,1032,0,0,0,511,0.0,0.0,1.0,0.0,0.0,181,87,0.48,0.04,0.0,0.01,0.0,0.0,1,16399.0
15,9,520,0,0,0,345,0.0,0.0,1.0,0.0,0.0,255,255,1.0,0.0,0.0,0.0,0.0,0.0,1,87708.0
27,5,0,0,0,0,234,1.0,1.0,0.03,0.06,0.0,255,7,0.03,0.07,0.0,1.0,1.0,0.0,1,5577.0
33,5,0,0,0,0,141,1.0,1.0,0.11,0.06,0.0,255,8,0.03,0.06,0.0,1.0,1.0,0.0,1,28569.0
42,1,0,0,0,0,511,0.16,0.0,0.0,1.0,0.0,255,1,0.0,1.0,0.0,0.18,0.0,1.0,1,7399.0
24,9,319,510,0,1,8,0.0,0.0,1.0,0.0,0.17,255,255,1.0,0.0,0.0,0.0,0.0,0.0,0,109844.0
47,5,0,0,0,0,208,1.0,1.0,0.02,0.07,0.0,255,5,0.02,0.07,0.0,1.0,1.0,0.0,1,46936.0
12,9,34,88,0,0,1,0.0,0.0,1.0,0.0,1.0,255,249,0.98,0.01,0.0,0.0,0.0,0.0,0,23076.0
24,9,304,255,0,1,2,0.0,0.0,1.0,0.0,0.0,255,255,1.0,0.0,0.0,0.0,0.0,0.0,0,18258.0
24,9,346,353,0,1,6,0.0,0.0,1.0,0.0,0.0,38,255,1.0,0.0,0.04,0.0,0.0,0.0,0,97966.0
47,5,0,0,0,0,276,1.0,1.0,0.01,0.06,0.0,255,8,0.03,0.08,0.0,1.0,1.0,0.0,1,50143.0
52,9,758,328,0,1,1,0.0,0.0,1.0,0.0,1.0,43,190,0.63,0.09,0.02,0.0,0.0,0.0,0,4474.0
24,9,339,279,0,1,2,0.0,0.0,1.0,0.0,0.67,162,157,0.97,0.01,0.0,0.0,0.0,0.0,0,60197.0
24,9,255,31360,0,1,1,0.0,0.0,1.0,0.0,0.0,255,245,0.96,0.01,0.0,0.0,0.0,0.0,0,123147.0
47,4,1,0,0,0,2,0.0,0.0,1.0,0.0,0.0,255,2,0.01,0.58,0.0,0.0,0.0,1.0,1,69544.0
12,9,43,129,0,0,27,0.0,0.0,1.0,0.0,0.01,85,200,0.82,0.02,0.01,0.0,0.0,0.0,0,27496.0
24,9,274,3067,0,1,3,0.0,0.0,1.0,0.0,0.18,24,255,1.0,0.0,0.05,0.0,0.0,0.0,0,109701.0
24,9,160,193,0,1,1,0.0,0.0,1.0,0.0,0.0,19,255,1.0,0.0,0.04,0.0,0.0,0.0,0,78100.0
15,9,520,0,0,0,421,0.0,0.0,1.0,0.0,0.0,255,255,1.0,0.0,0.0,0.0,0.0,0.0,1,96849.0
24,9,351,7546,0,1,32,0.0,0.02,1.0,0.0,0.07,217,255,1.0,0.0,0.02,0.0,0.0,0.0,0,45710.0
20,5,0,0,0,0,208,1.0,1.0,0.07,0.06,0.0,255,15,0.06,0.07,0.0,1.0,1.0,0.0,1,56788.0
24,9,217,1850,0,1,9,0.0,0.0,1.0,0.0,0.0,19,255,1.0,0.0,0.06,0.0,0.0,0.0,0,3547.0
2,1,0,0,0,0,107,0.0,0.0,0.06,0.07,0.0,255,6,0.02,0.07,0.0,0.0,0.0,1.0,1,18472.0
47,5,0,0,0,0,202,1.0,1.0,0.02,0.07,0.0,255,5,0.02,0.09,0.0,1.0,1.0,0.0,1,77302.0
47,5,0,0,0,0,195,1.0,1.0,0.01,0.07,0.0,255,20,0.08,0.07,0.0,1.0,1.0,0.0,1,41188.0
27,5,0,0,0,0,236,1.0,1.0,0.05,0.07,0.0,255,12,0.05,0.07,0.0,1.0,1.0,0.0,1,18330.0
47,5,0,0,0,0,143,1.0,1.0,0.01,0.06,0.0,255,3,0.01,0.07,0.0,1.0,1.0,0.0,1,72150.0
47,5,0,0,0,0,204,1.0,1.0,0.02,0.05,0.0,255,4,0.02,0.06,0.0,1.0,1.0,0.0,1,90618.0
14,9,8,0,0,0,1,0.0,0.0,1.0,0.0,1.0,1,55,1.0,0.0,0.51,0.0,0.0,0.0,1,12566.0
44,1,0,0,0,0,115,0.0,0.0,0.1,0.07,0.0,255,11,0.04,0.07,0.0,0.0,0.0,1.0,1,96072.0
24,9,334,280,0,1,6,0.0,0.0,1.0,0.0,0.0,255,255,1.0,0.0,0.0,0.0,0.0,0.0,0,107182.0
12,9,46,74,0,0,182,0.0,0.0,1.0,0.0,0.0,255,255,1.0,0.0,0.0,0.0,0.0,0.0,0,6273.0
24,9,334,5662,0,1,4,0.0,0.0,1.0,0.0,0.0,46,255,1.0,0.0,0.05,0.0,0.01,0.0,0,122879.0
24,9,233,525,0,1,1,0.0,0.0,1.0,0.0,0.0,238,255,1.0,0.0,0.01,0.0,0.0,0.0,0,108400.0
12,9,44,123,0,0,67,0.0,0.0,1.0,0.0,0.01,255,216,0.85,0.01,0.0,0.0,0.0,0.0,0,41500.0
12,9,42,101,0,0,261,0.0,0.0,1.0,0.0,0.01,255,254,1.0,0.01,0.0,0.0,0.0,0.0,0,119663.0
42,9,147,105,0,0,4,0.0,0.0,0.5,0.5,0.0,255,2,0.01,0.84,0.0,0.0,0.0,0.0,0,115988.0
24,9,231,659,0,1,22,0.0,0.0,1.0,0.0,0.09,186,255,1.0,0.0,0.02,0.01,0.0,0.0,0,92603.0
42,9,147,105,0,0,4,0.0,0.0,0.5,0.5,0.0,255,2,0.01,0.6,0.0,0.0,0.0,0.0,0,55557.0
24,9,255,31700,0,1,13,0.0,0.0,1.0,0.0,0.14,255,255,1.0,0.0,0.0,0.0,0.0,0.0,0,14054.0
64,5,0,0,0,0,293,1.0,1.0,0.06,0.05,0.0,255,19,0.07,0.05,0.0,1.0,1.0,0.0,1,117920.0
8,5,0,0,0,0,270,1.0,1.0,0.04,0.06,0.0,255,11,0.04,0.07,0.0,1.0,1.0,0.0,1,96262.0
24,9,226,1816,0,1,4,0.0,0.0,1.0,0.0,0.0,62,255,1.0,0.0,0.02,0.0,0.0,0.0,0,124901.0
12,9,43,133,0,0,29,0.0,0.0,1.0,0.0,0.03,255,208,0.82,0.02,0.0,0.0,0.0,0.0,0,122752.0
24,9,275,20298,0,1,1,0.0,0.0,1.0,0.0,0.0,22,255,1.0,0.0,0.06,0.0,0.01,0.0,0,104668.0
47,1,0,0,0,0,272,0.03,0.0,0.0,1.0,0.0,255,1,0.0,0.97,0.0,0.04,0.0,1.0,1,105675.0
12,9,46,46,0,0,79,0.0,0.0,0.99,0.03,0.01,255,254,1.0,0.01,0.0,0.0,0.0,0.0,0,115465.0
47,1,0,0,0,0,111,0.0,0.0,0.07,0.07,0.0,86,8,0.09,0.09,0.0,0.0,0.0,1.0,1,34328.0
24,9,294,1277,0,1,4,0.0,0.0,1.0,0.0,0.0,212,255,1.0,0.0,0.02,0.0,0.0,0.0,0,63483.0
47,1,0,0,0,0,105,0.0,0.0,0.03,0.07,0.0,255,3,0.01,0.06,0.0,0.0,0.0,1.0,1,71364.0
24,9,308,2507,0,1,6,0.0,0.0,1.0,0.0,0.2,74,67,0.91,0.03,0.0,0.0,0.0,0.0,0,23117.0
52,9,865,329,0,1,1,0.0,0.0,1.0,0.0,1.0,171,102,0.6,0.02,0.0,0.0,0.0,0.0,0,49250.0
24,9,204,283,0,1,4,0.0,0.0,1.0,0.0,0.0,46,255,1.0,0.0,0.03,0.0,0.0,0.0,0,121945.0
12,9,46,134,0,0,32,0.0,0.0,1.0,0.0,0.02,255,216,0.85,0.02,0.0,0.0,0.0,0.0,0,52541.0
20,9,12,0,0,1,2,0.0,0.0,1.0,0.0,0.0,22,57,0.27,0.18,0.04,0.0,0.02,0.0,0,12591.0
47,5,0,0,0,0,148,1.0,1.0,0.13,0.05,0.0,255,16,0.06,0.07,0.0,1.0,1.0,0.0,1,70124.0
52,9,1289,392,0,1,1,0.0,0.0,1.0,0.0,0.0,255,121,0.47,0.02,0.0,0.49,0.53,0.0,0,69834.0
14,9,30,0,0,0,1,0.0,0.0,1.0,0.0,0.0,31,131,1.0,0.0,0.39,0.0,0.0,0.0,0,1502.0
10,5,0,0,0,0,115,1.0,1.0,0.06,0.06,0.0,255,1,0.0,0.07,0.0,1.0,1.0,0.0,1,28059.0
24,9,321,652,0,1,6,0.0,0.0,1.0,0.0,0.29,71,255,1.0,0.0,0.04,0.0,0.0,0.0,0,43992.0
24,9,333,670,0,1,44,0.0,0.0,1.0,0.0,0.04,73,255,1.0,0.0,0.04,0.0,0.0,0.0,0,53365.0
24,9,213,321,0,1,32,0.0,0.0,1.0,0.0,0.08,255,255,1.0,0.0,0.0,0.0,0.0,0.0,0,24796.0
28,5,0,0,0,0,137,1.0,1.0,0.01,0.05,0.0,255,1,0.0,0.05,0.0,1.0,1.0,0.0,1,28253.0
47,5,0,0,0,0,140,1.0,1.0,0.14,0.06,0.0,124,2,0.02,0.12,0.0,1.0,1.0,0.0,1,44661.0
14,9,8,0,0,0,1,0.0,0.0,1.0,0.0,1.0,2,10,1.0,0.0,0.5,0.0,0.0,0.0,1,31471.0
47,1,0,0,0,0,1,0.0,0.0,1.0,0.0,0.0,49,1,0.02,1.0,0.0,0.0,0.0,1.0,1,101996.0
24,9,320,3798,0,1,5,0.0,0.0,1.0,0.0,0.0,255,255,1.0,0.0,0.0,0.0,0.0,0.0,0,52805.0
24,9,210,3183,0,1,2,0.0,0.0,1.0,0.0,0.6,96,255,1.0,0.0,0.04,0.0,0.0,0.0,0,118113.0
12,9,44,70,0,0,180,0.0,0.0,1.0,0.0,0.0,255,228,0.89,0.01,0.0,0.0,0.0,0.0,0,52529.0
12,9,33,0,0,0,1,0.0,0.0,1.0,0.0,0.0,187,16,0.08,0.03,0.12,0.0,0.0,0.0,0,7647.0
42,9,146,105,0,0,2,0.0,0.0,1.0,0.0,0.0,255,2,0.01,0.82,0.0,0.0,0.0,0.0,0,121534.0
20,9,2459,0,0,1,1,0.0,0.0,1.0,0.0,0.0,156,30,0.17,0.12,0.07,0.01,0.03,0.0,0,31754.0
47,4,0,0,0,0,1,0.0,0.0,1.0,0.0,0.0,255,1,0.0,0.2,0.0,0.0,0.0,1.0,1,22389.0
47,5,0,0,0,0,132,1.0,1.0,0.13,0.06,0.0,255,12,0.05,0.09,0.0,1.0,1.0,0.0,1,27027.0
24,9,313,2043,0,1,17,0.0,0.0,1.0,0.0,0.1,204,255,1.0,0.0,0.01,0.0,0.0,0.0,0,77670.0
12,9,42,129,0,0,281,0.0,0.0,1.0,0.0,0.0,255,253,0.99,0.01,0.0,0.0,0.0,0.0,0,70703.0
24,9,307,1354,0,1,18,0.0,0.0,1.0,0.0,0.0,255,255,1.0,0.0,0.0,0.0,0.0,0.0,0,4089.0
45,2,0,0,0,0,232,0.0,0.0,0.02,0.06,0.0,255,5,0.02,0.07,0.0,0.0,0.0,1.0,1,1306.0
47,5,0,0,0,0,261,1.0,1.0,0.07,0.06,0.0,255,13,0.05,0.07,0.0,1.0,1.0,0.0,1,119571.0
24,9,287,3413,0,1,13,0.0,0.0,1.0,0.0,0.0,13,255,1.0,0.0,0.03,0.0,0.0,0.0,0,125306.0
24,9,330,2195,0,1,13,0.0,0.0,1.0,0.0,0.14,44,255,1.0,0.0,0.09,0.0,0.0,0.0,0,96925.0
64,1,0,0,0,0,206,0.0,0.0,0.01,0.07,0.0,255,3,0.01,0.08,0.0,0.0,0.0,1.0,1,86562.0
47,1,0,0,0,0,305,0.07,0.0,0.0,1.0,0.0,255,1,0.0,1.0,0.0,0.08,0.0,1.0,1,90999.0
24,9,314,9164,0,1,6,0.0,0.0,1.0,0.0,0.29,35,255,1.0,0.0,0.03,0.0,0.0,0.0,0,73244.0
24,1,0,0,0,0,1,0.0,0.0,1.0,0.0,1.0,53,249,1.0,0.0,0.11,0.0,0.0,0.84,0,80184.0
55,5,0,0,0,0,147,1.0,1.0,0.15,0.04,0.0,255,22,0.09,0.05,0.0,1.0,1.0,0.0,1,28214.0
25,5,0,0,0,0,103,1.0,1.0,0.13,0.06,0.0,255,19,0.07,0.07,0.0,1.0,1.0,0.0,1,21312.0
24,9,344,487,0,1,1,0.0,0.0,1.0,0.0,0.33,4,255,1.0,0.0,0.04,0.0,0.01,0.0,0,51756.0
42,9,145,0,0,0,1,0.0,0.0,1.0,0.0,0.0,255,1,0.0,0.64,0.0,0.0,0.0,0.0,0,52891.0
7,5,0,0,0,0,250,1.0,1.0,0.03,0.06,0.0,255,7,0.03,0.07,0.0,1.0,1.0,0.0,1,7683.0
24,9,304,2507,0,1,5,0.0,0.0,1.0,0.0,0.33,255,240,0.94,0.02,0.0,0.0,0.0,0.0,0,57718.0
55,5,0,0,0,0,244,1.0,1.0,0.09,0.06,0.0,255,21,0.08,0.07,0.0,1.0,1.0,0.0,1,96795.0
24,9,281,9644,0,1,23,0.0,0.0,1.0,0.0,0.08,81,255,1.0,0.0,0.02,0.0,0.0,0.01,0,72421.0
11,5,0,0,0,0,149,1.0,1.0,0.13,0.06,0.0,255,4,0.02,0.07,0.0,1.0,1.0,0.0,1,54088.0
47,9,105,146,0,0,5,0.0,0.0,0.2,0.4,0.0,255,243,0.95,0.01,0.0,0.0,0.0,0.0,0,74528.0
47,9,1,0,0,0,72,0.0,0.0,0.24,0.06,0.0,255,37,0.15,0.23,0.0,0.0,0.0,0.0,1,56208.0
12,9,45,75,0,0,225,0.0,0.0,1.0,0.0,0.01,255,254,1.0,0.01,0.0,0.0,0.0,0.0,0,100874.0
26,5,0,0,0,0,278,1.0,1.0,0.05,0.05,0.0,255,14,0.05,0.08,0.0,1.0,1.0,0.0,1,9676.0
24,9,225,788,0,1,12,0.0,0.0,1.0,0.0,0.15,200,255,1.0,0.0,0.01,0.0,0.0,0.0,0,48967.0
31,1,0,0,0,0,244,0.0,0.0,0.04,0.07,0.0,255,9,0.04,0.07,0.0,0.0,0.0,1.0,1,4196.0
55,2,0,0,0,0,226,0.0,0.0,0.06,0.07,0.0,255,13,0.05,0.07,0.0,0.0,0.0,1.0,1,60662.0
20,5,0,0,0,0,477,0.08,0.1,0.04,0.96,0.0,255,20,0.08,0.93,0.0,0.09,0.1,0.9,1,60386.0
14,9,8,0,0,0,1,0.0,0.0,1.0,0.0,1.0,1,35,1.0,0.0,0.51,0.0,0.0,0.0,1,101229.0
24,9,301,897,0,1,20,0.0,0.0,1.0,0.0,0.14,74,255,1.0,0.0,0.02,0.0,0.0,0.0,0,95218.0
12,9,34,34,0,0,2,0.0,0.0,1.0,0.0,0.6,75,74,0.99,0.03,0.0,0.0,0.0,0.0,0,68370.0
47,5,0,0,0,0,122,0.99,1.0,0.07,0.07,0.0,255,9,0.04,0.07,0.0,1.0,1.0,0.0,1,70427.0
20,9,259,0,0,1,2,0.0,0.0,1.0,0.0,0.0,2,78,1.0,0.0,0.04,0.0,0.0,0.0,0,45622.0
20,9,245,0,0,1,2,0.0,0.0,1.0,0.0,0.0,36,2,0.06,0.17,0.0,0.0,0.0,0.0,0,51226.0
47,1,0,0,0,0,150,0.0,0.0,0.11,0.05,0.0,255,16,0.06,0.07,0.0,0.0,0.0,1.0,1,92261.0
24,9,291,3299,0,1,4,0.0,0.0,1.0,0.0,0.29,81,255,1.0,0.0,0.05,0.0,0.0,0.0,0,110481.0
47,9,28,0,3,0,30,0.0,0.0,1.0,0.0,0.0,255,30,0.12,0.02,0.0,0.0,0.0,0.0,1,41725.0
24,9,213,741,0,1,9,0.0,0.0,1.0,0.0,0.12,100,255,1.0,0.0,0.01,0.0,0.0,0.0,0,26967.0
24,9,214,1032,0,1,13,0.0,0.0,1.0,0.0,0.0,13,255,1.0,0.0,0.02,0.0,0.0,0.0,0,2553.0
63,5,0,0,0,0,137,1.0,1.0,0.08,0.07,0.0,255,11,0.04,0.07,0.0,1.0,1.0,0.0,1,45217.0
47,5,0,0,0,0,215,1.0,1.0,0.08,0.06,0.0,255,6,0.02,0.08,0.0,1.0,1.0,0.0,1,74705.0
47,5,0,0,0,0,134,1.0,1.0,0.19,0.05,0.0,255,25,0.1,0.04,0.0,1.0,1.0,0.0,1,116831.0
24,9,343,1419,0,1,3,0.0,0.0,1.0,0.0,0.4,19,255,1.0,0.0,0.02,0.0,0.0,0.0,0,77164.0
24,9,268,1335,0,1,6,0.0,0.0,1.0,0.0,0.0,255,255,1.0,0.0,0.0,0.0,0.0,0.0,0,8740.0
56,4,0,0,0,0,1,0.0,0.0,1.0,0.0,0.0,255,1,0.0,0.38,0.0,0.0,0.0,1.0,1,14104.0
32,5,0,0,0,0,144,1.0,1.0,0.13,0.06,0.0,255,19,0.07,0.06,0.0,1.0,1.0,0.0,1,8888.0
39,1,0,0,0,0,121,0.0,0.0,0.12,0.07,0.0,255,15,0.06,0.07,0.0,0.0,0.0,1.0,1,73109.0
30,5,0,0,0,0,269,1.0,1.0,0.05,0.05,0.0,255,13,0.05,0.05,0.0,1.0,1.0,0.0,1,20014.0
12,9,42,42,0,0,142,0.0,0.0,1.0,0.0,0.01,255,255,1.0,0.0,0.0,0.0,0.0,0.0,0,8529.0
42,1,0,0,0,0,455,0.07,0.0,0.0,1.0,0.0,255,1,0.0,1.0,0.0,0.08,0.0,1.0,1,28412.0
19,9,872,2586,0,1,1,0.0,0.0,1.0,0.0,0.0,18,10,0.56,0.17,0.0,0.0,0.0,0.0,0,80155.0
52,9,838,326,0,1,1,0.0,0.0,1.0,0.0,0.0,72,187,0.76,0.04,0.01,0.0,0.0,0.0,0,41959.0
24,9,205,659,0,1,21,0.0,0.0,1.0,0.0,0.07,21,255,1.0,0.0,0.05,0.0,0.0,0.0,0,94713.0
47,5,0,0,0,0,125,1.0,1.0,0.11,0.06,0.0,201,14,0.07,0.09,0.0,1.0,1.0,0.0,1,55237.0
24,9,326,414,0,1,15,0.0,0.0,1.0,0.0,0.12,54,255,1.0,0.0,0.04,0.0,0.0,0.0,0,37019.0
24,9,322,9457,0,1,19,0.0,0.0,1.0,0.0,0.0,65,255,1.0,0.0,0.01,0.0,0.0,0.0,0,3474.0
12,9,35,35,0,0,10,0.0,0.0,1.0,0.0,0.25,255,207,0.81,0.01,0.0,0.0,0.0,0.0,0,79754.0
11,5,0,0,0,0,273,1.0,1.0,0.06,0.07,0.0,255,16,0.06,0.08,0.0,1.0,1.0,0.0,1,86512.0
24,9,306,2608,0,1,5,0.0,0.0,1.0,0.0,0.0,15,255,1.0,0.0,0.05,0.0,0.0,0.0,0,85091.0
24,9,209,770,0,1,12,0.0,0.0,1.0,0.0,0.0,255,255,1.0,0.0,0.0,0.0,0.0,0.0,0,24898.0
24,9,269,10920,0,1,4,0.0,0.0,1.0,0.0,0.11,227,255,1.0,0.0,0.02,0.0,0.0,0.01,0,79260.0
24,9,203,1792,0,1,13,0.0,0.0,1.0,0.0,0.0,255,255,1.0,0.0,0.0,0.0,0.0,0.0,0,111975.0
14,9,8,0,0,0,1,0.0,0.0,1.0,0.0,0.0,2,6,1.0,0.0,0.33,0.0,0.0,0.0,1,107001.0
47,5,0,0,0,0,114,1.0,1.0,0.02,0.06,0.0,255,2,0.01,0.07,0.0,1.0,1.0,0.0,1,57528.0
21,5,0,0,0,0,133,1.0,1.0,0.16,0.05,0.0,255,12,0.05,0.05,0.0,1.0,1.0,0.0,1,13116.0
42,1,0,0,0,0,498,0.07,0.0,0.0,1.0,0.0,255,1,0.0,1.0,0.0,0.04,0.0,1.0,1,71103.0
24,9,242,1737,0,1,6,0.0,0.0,1.0,0.0,0.29,255,255,1.0,0.0,0.0,0.0,0.0,0.0,0,108518.0
52,9,1370,333,0,1,1,0.0,0.0,1.0,0.0,1.0,125,110,0.88,0.03,0.0,0.0,0.0,0.0,0,15828.0
24,7,310,3746371,0,1,1,1.0,1.0,1.0,0.0,0.0,58,255,1.0,0.0,0.03,0.03,0.01,0.0,0,121978.0
24,9,216,2020,0,1,8,0.0,0.0,1.0,0.0,0.22,48,255,1.0,0.0,0.01,0.0,0.0,0.0,0,99050.0
18,5,0,0,0,0,68,1.0,1.0,0.24,0.06,0.0,255,62,0.24,0.02,0.0,1.0,1.0,0.0,1,106463.0
24,9,224,816,0,1,24,0.0,0.0,1.0,0.0,0.0,250,255,1.0,0.0,0.01,0.0,0.0,0.0,0,110213.0
47,5,0,0,0,0,115,1.0,1.0,0.12,0.06,0.0,255,10,0.04,0.06,0.0,1.0,1.0,0.0,1,43327.0
42,9,146,105,0,0,1,0.0,0.0,1.0,0.0,0.0,255,3,0.01,0.56,0.0,0.0,0.0,0.0,0,121245.0
19,9,1477,4152,0,1,1,0.0,0.0,1.0,0.0,0.0,255,41,0.16,0.02,0.0,0.0,0.0,0.0,0,82066.0
24,9,260,237,0,1,1,0.0,0.0,1.0,0.0,1.0,7,255,1.0,0.0,0.02,0.0,0.0,0.0,0,58409.0
24,9,306,1075,0,1,1,0.0,0.0,1.0,0.0,0.0,255,240,0.94,0.02,0.0,0.0,0.0,0.0,0,56537.0
20,9,5131424,0,0,1,1,0.0,0.0,1.0,0.0,0.0,6,33,1.0,0.0,0.09,0.0,0.0,0.0,1,54660.0
19,2,0,0,0,0,146,0.0,0.0,0.12,0.06,0.0,255,11,0.04,0.07,0.0,0.0,0.0,1.0,1,39554.0
47,5,0,0,0,0,259,1.0,1.0,0.02,0.05,0.0,217,6,0.03,0.06,0.0,0.99,1.0,0.0,1,109915.0
24,9,237,7040,0,1,1,0.0,0.0,1.0,0.0,0.0,14,255,1.0,0.0,0.01,0.0,0.0,0.0,0,119103.0
42,9,147,105,0,0,1,0.0,0.0,1.0,0.0,0.0,255,1,0.0,0.68,0.0,0.0,0.0,0.0,0,8269.0
47,5,0,0,0,0,144,1.0,1.0,0.13,0.06,0.0,255,3,0.01,0.08,0.0,1.0,1.0,0.0,1,52358.0
52,9,794,331,0,1,1,0.0,0.0,1.0,0.0,0.0,7,172,0.86,0.29,0.02,0.0,0.0,0.0,0,125723.0
15,9,1032,0,0,0,391,0.0,0.0,1.0,0.0,0.0,235,141,0.6,0.03,0.0,0.01,0.0,0.0,1,85570.0
47,4,0,0,0,0,1,0.0,0.0,1.0,0.0,0.0,255,1,0.0,0.29,0.0,0.0,0.0,1.0,1,74054.0
14,9,8,0,0,0,1,0.0,0.0,1.0,0.0,1.0,1,115,1.0,0.0,0.5,0.0,0.0,0.0,1,84611.0
15,9,1032,0,0,0,316,0.0,0.0,1.0,0.0,0.0,255,255,1.0,0.0,0.0,0.0,0.0,0.0,1,69019.0
15,9,1032,0,0,0,511,0.0,0.0,1.0,0.0,0.0,255,92,0.36,0.2,0.0,0.0,0.0,0.0,1,73189.0
24,9,222,756,0,1,8,0.0,0.0,1.0,0.0,0.0,46,255,1.0,0.0,0.02,0.0,0.0,0.0,0,76412.0
47,5,0,0,0,0,253,1.0,1.0,0.02,0.07,0.0,255,5,0.02,0.08,0.0,1.0,1.0,0.0,1,12027.0
24,9,300,1232,0,1,14,0.0,0.0,1.0,0.0,0.13,255,255,1.0,0.0,0.0,0.0,0.0,0.0,0,105800.0
47,5,0,0,0,0,226,1.0,1.0,0.11,0.05,0.0,87,22,0.25,0.11,0.0,0.84,1.0,0.0,1,54579.0
24,9,213,632,0,1,15,0.0,0.0,1.0,0.0,0.0,40,255,1.0,0.0,0.04,0.0,0.0,0.0,0,1585.0
47,9,105,0,0,0,2,0.0,0.0,1.0,0.0,0.0,36,30,0.83,0.06,0.0,0.0,0.0,0.0,0,38778.0
47,4,1,0,0,0,2,0.0,0.0,1.0,0.0,0.0,255,2,0.01,0.73,0.0,0.0,0.0,1.0,1,79614.0
47,5,0,0,0,0,106,1.0,1.0,0.06,0.08,0.0,255,14,0.05,0.08,0.0,1.0,1.0,0.0,1,99626.0
20,9,2194619,0,0,1,1,0.0,0.0,1.0,0.0,0.0,113,83,0.42,0.06,0.02,0.0,0.0,0.0,0,55910.0
26,5,0,0,0,0,258,1.0,1.0,0.05,0.06,0.0,255,12,0.05,0.07,0.0,1.0,1.0,0.0,1,113787.0
24,9,242,2911,0,1,7,0.0,0.0,1.0,0.0,0.1,7,255,1.0,0.0,0.02,0.0,0.0,0.0,0,46426.0
24,9,303,1075,0,1,4,0.0,0.0,1.0,0.0,0.0,255,247,0.97,0.01,0.0,0.0,0.0,0.0,0,92174.0
24,9,284,6251,0,1,9,0.0,0.0,1.0,0.0,0.18,113,255,1.0,0.0,0.01,0.0,0.0,0.0,0,13852.0
47,5,0,0,0,0,101,1.0,1.0,0.13,0.06,0.0,255,19,0.07,0.07,0.0,1.0,1.0,0.0,1,40501.0
15,9,1032,0,0,0,509,0.0,0.0,1.0,0.0,0.0,255,181,0.71,0.16,0.0,0.0,0.0,0.0,1,90752.0
47,1,0,0,0,0,128,0.0,0.0,0.11,0.06,0.0,103,14,0.14,0.08,0.0,0.0,0.0,1.0,1,103910.0
52,9,2092,336,0,1,1,0.0,0.0,1.0,0.0,0.0,81,126,0.96,0.02,0.02,0.0,0.0,0.0,0,5452.0
64,5,0,0,0,0,247,1.0,1.0,0.0,0.06,0.0,255,20,0.08,0.06,0.0,1.0,1.0,0.0,1,86971.0
5,1,0,0,0,0,268,0.0,0.0,0.03,0.06,0.0,255,7,0.03,0.07,0.0,0.0,0.0,1.0,1,125414.0
24,9,252,334,0,1,23,0.0,0.0,1.0,0.0,0.12,255,255,1.0,0.0,0.0,0.0,0.0,0.0,0,34647.0
4,5,0,0,0,0,234,1.0,1.0,0.07,0.05,0.0,255,17,0.07,0.05,0.0,1.0,1.0,0.0,1,30858.0
12,9,44,140,0,0,116,0.0,0.0,0.99,0.02,0.01,252,211,0.84,0.02,0.0,0.0,0.0,0.0,0,97834.0
19,9,326,1054,0,1,1,0.0,0.0,1.0,0.0,0.0,13,5,0.38,0.31,0.0,0.0,0.0,0.0,0,115217.0
37,5,0,0,0,0,253,1.0,1.0,0.1,0.05,0.0,255,25,0.1,0.06,0.0,1.0,1.0,0.0,1,63323.0
47,9,105,105,0,0,9,0.0,0.0,0.11,0.22,0.0,255,232,0.91,0.01,0.0,0.0,0.0,0.0,0,8264.0
24,5,0,0,0,0,147,1.0,1.0,0.12,0.06,0.0,255,12,0.05,0.06,0.0,1.0,1.0,0.0,1,80514.0
52,9,980,330,0,1,1,0.0,0.0,1.0,0.0,1.0,169,150,0.89,0.02,0.0,0.0,0.0,0.0,0,19820.0
24,9,299,2107,0,1,5,0.0,0.0,1.0,0.0,0.0,5,255,1.0,0.0,0.05,0.0,0.0,0.0,0,87889.0
24,5,0,0,0,0,114,1.0,1.0,0.04,0.06,0.0,255,13,0.05,0.07,0.0,1.0,1.0,0.0,1,36100.0
29,5,0,0,0,0,127,1.0,1.0,0.16,0.06,0.0,255,20,0.08,0.06,0.0,1.0,1.0,0.0,1,11734.0
24,8,304,4011,0,1,11,0.09,0.05,1.0,0.0,0.1,11,255,1.0,0.0,0.04,0.09,0.0,0.0,0,107939.0
20,6,2194619,0,0,0,3,0.33,0.5,0.67,0.67,0.0,55,51,0.2,0.09,0.04,0.02,0.02,0.0,0,59113.0
47,4,0,0,0,0,1,0.0,0.0,1.0,0.0,0.0,99,1,0.01,0.53,0.0,0.06,0.0,1.0,1,44280.0
44,1,0,0,0,0,501,0.06,0.0,0.0,1.0,0.0,255,1,0.0,1.0,0.0,0.08,0.0,1.0,1,51848.0
18,9,8,223,0,0,1,0.0,0.0,1.0,0.0,0.0,233,9,0.04,0.03,0.0,0.01,0.11,0.0,0,122589.0
10,5,0,0,0,0,285,1.0,1.0,0.05,0.06,0.0,255,13,0.05,0.08,0.0,1.0,1.0,0.0,1,118320.0
20,9,884,0,0,1,2,0.0,0.0,1.0,0.0,0.0,6,54,1.0,0.0,0.04,0.0,0.0,0.0,0,24171.0
24,9,214,723,0,1,18,0.0,0.0,1.0,0.0,0.15,40,255,1.0,0.0,0.02,0.0,0.0,0.0,0,27870.0
14,9,8,0,0,0,1,0.0,0.0,1.0,0.0,1.0,1,7,1.0,0.0,0.57,0.0,0.0,0.0,1,27541.0
15,9,1032,0,0,0,227,0.0,0.0,1.0,0.0,0.0,255,255,1.0,0.0,0.0,0.0,0.0,0.0,1,60328.0
65,5,0,0,0,0,202,1.0,1.0,0.0,0.07,0.0,255,1,0.0,0.08,0.0,1.0,1.0,0.0,1,16683.0
24,9,296,2335,0,1,8,0.0,0.0,1.0,0.0,0.3,255,255,1.0,0.0,0.0,0.0,0.0,0.0,0,125426.0
11,4,0,0,0,0,1,0.0,0.0,1.0,0.0,0.0,255,1,0.0,1.0,0.0,0.0,0.0,1.0,1,42478.0
18,9,13,144,0,0,1,0.0,0.0,1.0,0.0,0.0,168,11,0.07,0.03,0.0,0.0,0.0,0.0,0,2210.0
31,1,0,0,0,0,263,0.0,0.0,0.07,0.06,0.0,255,18,0.07,0.08,0.0,0.0,0.0,1.0,1,90899.0
24,9,282,142,0,1,1,0.0,0.0,1.0,0.0,0.0,13,255,1.0,0.0,0.05,0.0,0.0,0.0,0,93719.0
27,5,0,0,0,0,230,1.0,1.0,0.01,0.07,0.0,255,3,0.01,0.08,0.0,1.0,1.0,0.0,1,47896.0
12,9,44,44,0,0,152,0.0,0.0,1.0,0.0,0.01,255,255,1.0,0.0,0.0,0.0,0.0,0.0,0,99288.0
35,5,0,0,0,0,198,1.0,1.0,0.01,0.07,0.0,255,1,0.0,0.06,0.0,1.0,1.0,0.0,1,105954.0
47,5,0,0,0,0,85,1.0,1.0,0.15,0.06,0.0,255,13,0.05,0.05,0.0,1.0,1.0,0.0,1,3233.0
23,5,0,0,0,0,287,1.0,1.0,0.08,0.05,0.0,255,22,0.09,0.05,0.0,1.0,1.0,0.0,1,55811.0
32,5,0,0,0,0,142,1.0,1.0,0.07,0.06,0.0,255,16,0.06,0.05,0.0,1.0,1.0,0.0,1,37069.0
55,5,0,0,0,0,299,1.0,1.0,0.07,0.05,0.0,255,20,0.08,0.07,0.0,1.0,1.0,0.0,1,21702.0
47,1,0,0,0,0,1,0.0,0.0,1.0,0.0,0.0,69,2,0.01,1.0,1.0,0.0,0.0,1.0,1,45020.0
2,1,0,0,0,0,238,0.0,0.0,0.07,0.07,0.0,255,16,0.06,0.07,0.0,0.0,0.0,1.0,1,29575.0
47,5,0,0,0,0,224,1.0,1.0,0.09,0.06,0.0,255,21,0.08,0.06,0.0,1.0,1.0,0.0,1,118936.0
24,9,239,11221,0,1,4,0.0,0.0,1.0,0.0,0.4,255,255,1.0,0.0,0.0,0.0,0.0,0.0,0,125315.0
20,9,879,0,0,1,24,0.0,0.0,1.0,0.0,0.0,255,152,0.6,0.02,0.0,0.0,0.01,0.0,0,109020.0
24,9,230,744,0,1,20,0.0,0.0,1.0,0.0,0.17,255,255,1.0,0.0,0.0,0.0,0.0,0.0,0,13223.0
5,1,0,0,0,0,275,0.0,0.0,0.07,0.07,0.0,255,18,0.07,0.07,0.0,0.0,0.0,1.0,1,96450.0
47,1,0,0,0,0,175,0.0,0.0,0.05,0.07,0.0,255,8,0.03,0.07,0.0,0.0,0.0,1.0,1,45480.0
47,5,0,0,0,0,226,1.0,1.0,0.08,0.06,0.0,255,20,0.08,0.08,0.0,1.0,1.0,0.0,1,100736.0
24,9,185,15786,0,1,1,0.0,0.0,1.0,0.0,0.0,255,255,1.0,0.0,0.0,0.0,0.0,0.0,0,50810.0
10,5,0,0,0,0,290,1.0,1.0,0.06,0.06,0.0,255,7,0.03,0.08,0.0,1.0,1.0,0.0,1,92977.0
60,5,0,0,0,0,213,1.0,1.0,0.07,0.07,0.0,255,14,0.05,0.06,0.0,1.0,1.0,0.0,1,25784.0
20,9,8766,0,0,1,154,0.97,0.0,0.03,0.06,0.0,255,10,0.04,0.06,0.0,0.96,0.0,0.0,0,71433.0
7,5,0,0,0,0,299,1.0,1.0,0.04,0.05,0.0,255,13,0.05,0.07,0.0,1.0,1.0,0.0,1,116388.0
12,9,45,128,0,0,59,0.0,0.0,1.0,0.0,0.01,117,200,0.87,0.02,0.01,0.0,0.0,0.0,0,40187.0
24,9,353,1357,0,1,4,0.0,0.0,1.0,0.0,0.0,255,255,1.0,0.0,0.0,0.0,0.0,0.0,0,87359.0
19,9,1463,4152,0,1,1,0.0,0.0,1.0,0.0,0.0,208,59,0.28,0.02,0.0,0.0,0.0,0.0,0,10990.0
12,9,44,44,0,0,130,0.0,0.0,1.0,0.0,0.01,255,255,1.0,0.0,0.0,0.0,0.0,0.0,0,34669.0
36,1,0,0,0,0,209,0.0,0.0,0.02,0.06,0.0,255,5,0.02,0.06,0.0,0.0,0.0,1.0,1,42604.0
45,9,35,130,0,1,1,0.0,0.0,1.0,0.0,0.0,45,5,0.04,0.09,0.4,0.0,0.0,0.0,0,12698.0
24,9,213,2280,0,1,24,0.0,0.0,1.0,0.0,0.08,255,255,1.0,0.0,0.0,0.0,0.0,0.0,0,107738.0
52,9,902,335,0,1,1,0.0,0.0,1.0,0.0,1.0,200,185,0.69,0.02,0.01,0.0,0.0,0.0,0,48756.0
4,5,0,0,0,0,249,1.0,1.0,0.04,0.07,0.0,255,9,0.04,0.07,0.0,1.0,1.0,0.0,1,63560.0
24,9,295,49163,0,1,6,0.0,0.0,1.0,0.0,0.0,20,255,1.0,0.0,0.09,0.0,0.0,0.0,0,28280.0
47,1,0,0,0,0,96,0.0,0.0,0.06,0.07,0.0,255,6,0.02,0.07,0.0,0.0,0.0,1.0,1,29495.0
24,9,237,1695,0,1,5,0.0,0.0,1.0,0.0,0.0,172,255,1.0,0.0,0.02,0.01,0.01,0.0,0,80425.0
42,9,147,105,0,0,1,0.0,0.0,1.0,0.0,0.0,255,1,0.0,0.79,0.0,0.0,0.0,0.0,0,103478.0
47,0,0,0,0,0,1,0.0,0.0,1.0,0.0,0.0,196,1,0.01,0.76,0.0,0.03,0.0,0.0,1,98456.0
24,1,0,0,0,0,1,0.0,0.0,1.0,0.0,1.0,8,152,1.0,0.0,0.11,0.0,0.0,0.97,0,110091.0
24,9,333,6202,0,1,9,0.0,0.0,1.0,0.0,0.08,9,255,1.0,0.0,0.02,0.0,0.0,0.0,0,98402.0
20,9,334,0,0,1,2,0.0,0.0,1.0,0.0,0.0,4,39,1.0,0.0,0.15,0.0,0.0,0.0,1,89329.0
54,2,0,0,0,0,16,0.0,0.0,0.06,0.56,0.0,255,1,0.0,0.05,0.0,0.0,0.0,1.0,1,49553.0
11,1,0,0,0,0,257,0.0,0.0,0.06,0.07,0.0,255,16,0.06,0.07,0.0,0.0,0.0,1.0,1,104094.0
47,5,0,0,0,0,192,1.0,1.0,0.02,0.06,0.0,255,17,0.07,0.06,0.0,1.0,1.0,0.0,1,52177.0
26,5,0,0,0,0,275,1.0,1.0,0.03,0.06,0.0,255,8,0.03,0.07,0.0,1.0,1.0,0.0,1,81761.0
47,1,0,0,0,0,189,0.1,0.0,0.01,1.0,0.0,255,1,0.0,0.88,0.0,0.07,0.0,1.0,1,84652.0
18,9,7,138,0,0,1,0.0,0.0,1.0,0.0,0.0,88,13,0.02,0.07,0.15,0.0,0.08,0.0,0,123980.0
47,9,1,0,0,0,118,0.0,0.0,0.69,0.05,0.0,255,138,0.54,0.05,0.0,0.0,0.0,0.0,1,71969.0
47,5,0,0,0,0,121,1.0,1.0,0.1,0.06,0.0,255,31,0.12,0.06,0.0,1.0,1.0,0.0,1,64780.0
20,9,383,0,0,0,2,0.0,0.0,1.0,0.0,0.0,83,88,0.33,0.05,0.02,0.0,0.0,0.0,0,23506.0
24,9,208,22260,0,1,5,0.0,0.0,1.0,0.0,0.25,255,255,1.0,0.0,0.0,0.0,0.0,0.0,0,8544.0
24,9,223,2497,0,1,31,0.0,0.0,1.0,0.0,0.0,36,255,1.0,0.0,0.03,0.03,0.0,0.0,0,94578.0
42,1,0,0,0,0,510,0.22,0.0,0.0,1.0,0.0,255,1,0.0,1.0,0.0,0.16,0.0,1.0,1,22901.0
52,9,1137,484,0,1,1,0.0,0.0,1.0,0.0,0.0,255,9,0.04,0.01,0.0,0.0,0.0,0.0,0,70069.0
20,9,12,0,0,1,2,0.0,0.0,0.5,1.0,0.0,162,71,0.35,0.03,0.03,0.0,0.0,0.0,0,64168.0
24,9,341,279,0,1,3,0.0,0.0,1.0,0.0,0.22,232,226,0.97,0.01,0.0,0.0,0.0,0.0,0,28459.0
14,9,8,0,0,0,1,0.0,0.0,1.0,0.0,1.0,2,2,1.0,0.0,0.0,0.0,0.0,0.0,1,102704.0
55,5,0,0,0,0,211,1.0,1.0,0.09,0.06,0.0,255,8,0.03,0.06,0.0,1.0,1.0,0.0,1,97347.0
24,9,300,1037,0,1,13,0.0,0.0,1.0,0.0,0.08,255,255,1.0,0.0,0.0,0.0,0.0,0.0,0,83100.0
12,9,34,0,0,0,8,0.0,0.0,1.0,0.0,0.12,255,43,0.17,0.02,0.0,0.0,0.0,0.0,0,72878.0
24,9,310,3222,0,1,1,0.0,0.0,1.0,0.0,1.0,53,41,0.77,0.06,0.0,0.0,0.0,0.0,0,4033.0
47,5,0,0,0,0,205,1.0,1.0,0.01,0.06,0.0,255,2,0.01,0.09,0.0,1.0,1.0,0.0,1,81563.0
24,9,232,584,0,1,1,0.0,0.0,1.0,0.0,0.0,20,255,1.0,0.0,0.04,0.0,0.0,0.0,0,106366.0
24,9,332,1574,0,1,14,0.0,0.0,1.0,0.0,0.0,255,255,1.0,0.0,0.0,0.0,0.0,0.0,0,121622.0
47,5,0,0,0,0,109,1.0,1.0,0.07,0.06,0.0,255,4,0.02,0.07,0.0,1.0,1.0,0.0,1,92499.0
24,9,344,255,0,1,1,0.0,0.0,1.0,0.0,0.75,11,255,1.0,0.0,0.03,0.0,0.0,0.0,0,55853.0
32,5,0,0,0,0,138,1.0,1.0,0.04,0.06,0.0,255,6,0.02,0.06,0.0,1.0,1.0,0.0,1,477.0
6,5,0,0,0,0,131,1.0,1.0,0.15,0.06,0.0,255,19,0.07,0.07,0.0,1.0,1.0,0.0,1,125764.0
47,5,0,0,0,0,132,0.99,1.0,0.01,0.07,0.0,255,7,0.03,0.07,0.0,1.0,1.0,0.0,1,27343.0
47,9,1,0,0,0,140,0.0,0.0,0.74,0.04,0.0,255,146,0.57,0.05,0.0,0.0,0.0,0.0,1,70595.0
15,9,1032,0,0,0,511,0.0,0.0,1.0,0.0,0.0,226,81,0.36,0.01,0.0,0.0,0.0,0.0,1,43328.0
42,4,1,0,0,0,2,0.0,0.0,1.0,0.0,0.0,255,2,0.01,0.66,0.0,0.0,0.0,1.0,1,53494.0
24,1,0,0,0,0,5,0.0,0.0,1.0,0.0,0.0,61,253,1.0,0.0,0.19,0.0,0.0,0.99,0,54868.0
24,9,200,2536,0,1,6,0.0,0.0,1.0,0.0,0.0,167,255,1.0,0.0,0.03,0.0,0.0,0.0,0,40877.0
2,5,0,0,0,0,212,1.0,1.0,0.06,0.06,0.0,255,12,0.05,0.07,0.0,1.0,1.0,0.0,1,88632.0
52,9,1135,325,0,1,1,0.0,0.0,1.0,0.0,0.0,10,181,0.7,0.3,0.01,0.0,0.0,0.0,0,70589.0
24,9,311,263,0,1,29,0.0,0.0,1.0,0.0,0.08,255,255,1.0,0.0,0.0,0.0,0.0,0.0,0,36725.0
47,9,215,0,0,0,1,0.0,0.0,1.0,0.0,0.0,9,9,1.0,0.0,0.0,0.0,0.0,0.0,1,40346.0
15,9,1480,0,1,0,1,0.0,0.0,1.0,0.0,0.67,1,15,1.0,0.0,0.53,0.0,0.0,0.0,1,2934.0
52,9,1981,327,0,1,1,0.0,0.0,1.0,0.0,0.0,51,185,0.9,0.06,0.01,0.0,0.0,0.0,0,83138.0
20,9,26408,0,0,1,6,0.0,0.0,1.0,0.0,0.0,120,22,0.18,0.04,0.0,0.01,0.0,0.0,0,106917.0
24,9,244,1024,0,1,24,0.0,0.0,1.0,0.0,0.0,255,255,1.0,0.0,0.0,0.0,0.0,0.0,0,101506.0
20,5,0,0,0,0,241,1.0,1.0,0.01,0.07,0.0,255,3,0.01,0.07,0.0,1.0,1.0,0.0,1,17739.0
8,5,0,0,0,0,109,1.0,1.0,0.06,0.07,0.0,89,7,0.08,0.09,0.0,1.0,1.0,0.0,1,71121.0
57,1,0,0,0,0,233,0.0,0.0,0.01,0.06,0.0,255,2,0.01,0.07,0.0,0.0,0.0,1.0,1,39595.0
20,9,175337,0,0,1,2,0.0,0.0,1.0,0.0,0.0,255,105,0.41,0.03,0.0,0.0,0.0,0.0,0,101954.0
24,9,239,448,0,1,1,0.0,0.0,1.0,0.0,0.0,5,255,1.0,0.0,0.01,0.0,0.0,0.0,0,65680.0
0,4,2853,8530,0,0,1,0.0,0.0,1.0,0.0,0.0,142,17,0.12,0.01,0.0,0.0,0.0,0.59,0,71477.0
16,5,0,0,0,0,139,1.0,1.0,0.14,0.05,0.0,255,4,0.02,0.07,0.0,1.0,1.0,0.0,1,95387.0
24,9,213,317,0,1,14,0.0,0.0,1.0,0.0,0.0,14,255,1.0,0.0,0.05,0.0,0.0,0.0,0,57203.0
27,5,0,0,0,0,236,1.0,1.0,0.01,0.07,0.0,255,3,0.01,0.07,0.0,1.0,1.0,0.0,1,124312.0
47,1,0,0,0,0,1,0.0,0.0,1.0,0.0,0.0,30,1,0.03,1.0,0.0,0.0,0.0,1.0,1,113301.0
20,9,1214,0,0,1,9,0.0,0.0,1.0,0.0,0.0,191,27,0.14,0.03,0.0,0.01,0.0,0.0,0,28380.0
47,5,0,0,0,0,122,1.0,1.0,0.09,0.07,0.0,255,31,0.12,0.05,0.0,1.0,1.0,0.0,1,108823.0
47,5,0,0,0,0,211,1.0,1.0,0.09,0.06,0.0,255,12,0.05,0.07,0.0,1.0,1.0,0.0,1,28794.0
24,9,295,1160,0,1,2,0.0,0.0,1.0,0.0,0.0,255,255,1.0,0.0,0.0,0.0,0.0,0.0,0,55204.0
47,1,0,0,0,0,113,0.0,0.0,0.13,0.06,0.0,255,15,0.06,0.07,0.0,0.0,0.0,1.0,1,103507.0
24,9,311,10554,0,1,1,0.0,0.0,1.0,0.0,0.0,46,255,1.0,0.0,0.01,0.0,0.0,0.0,0,88139.0
47,1,0,0,0,0,150,0.0,0.0,0.13,0.06,0.0,255,36,0.14,0.06,0.0,0.0,0.0,1.0,1,116868.0
24,9,359,877,0,1,4,0.0,0.0,1.0,0.0,0.13,14,255,1.0,0.0,0.08,0.0,0.0,0.0,0,60346.0
24,9,208,2144,0,1,5,0.0,0.0,1.0,0.0,0.0,17,255,1.0,0.0,0.03,0.0,0.0,0.0,0,61366.0
66,1,0,0,0,0,228,0.0,0.0,0.03,0.07,0.0,255,6,0.02,0.07,0.0,0.0,0.0,1.0,1,97386.0
24,9,258,4302,0,1,1,0.0,0.0,1.0,0.0,0.33,1,4,1.0,0.0,0.5,0.0,0.5,0.25,0,56224.0
15,9,1032,0,0,0,511,0.0,0.0,1.0,0.0,0.0,255,66,0.26,0.04,0.0,0.16,0.0,0.0,1,17047.0
15,9,1032,0,0,0,186,0.0,0.0,1.0,0.0,0.0,255,186,0.73,0.01,0.0,0.0,0.0,0.0,1,59784.0
52,6,26,110,0,1,1,1.0,1.0,1.0,0.0,0.0,77,173,0.7,0.14,0.01,0.01,0.01,0.0,0,108842.0
52,9,2395,360,0,1,1,0.0,0.0,1.0,0.0,0.0,106,247,0.97,0.02,0.01,0.0,0.0,0.0,0,41327.0
47,1,0,0,0,0,85,0.0,0.0,0.04,0.07,0.0,255,3,0.01,0.06,0.0,0.0,0.0,1.0,1,82049.0
24,9,339,3368,0,1,3,0.0,0.0,1.0,0.0,0.09,89,255,1.0,0.0,0.03,0.0,0.0,0.0,0,123036.0
24,4,53208,7300,0,1,4,0.0,0.0,0.75,0.5,0.0,72,72,1.0,0.0,0.0,0.0,0.0,0.04,1,20668.0
52,9,1006,334,0,1,1,0.0,0.0,1.0,0.0,1.0,126,193,0.82,0.02,0.01,0.0,0.0,0.0,0,104005.0
12,9,45,78,0,0,159,0.0,0.0,1.0,0.0,0.0,255,203,0.8,0.01,0.0,0.0,0.0,0.0,0,9119.0
12,9,44,110,0,0,1,0.0,0.0,1.0,0.0,0.0,39,189,0.54,0.05,0.01,0.0,0.0,0.0,0,124606.0
12,9,43,107,0,0,1,0.0,0.0,1.0,0.0,0.5,238,217,0.91,0.01,0.0,0.0,0.0,0.0,0,64956.0
6,1,0,0,0,0,119,0.0,0.0,0.14,0.07,0.0,255,17,0.07,0.06,0.0,0.0,0.0,1.0,1,97814.0
4,5,0,0,0,0,204,1.0,1.0,0.01,0.07,0.0,255,2,0.01,0.07,0.0,1.0,1.0,0.0,1,108929.0
24,9,245,3390,0,1,3,0.0,0.0,1.0,0.0,0.0,41,255,1.0,0.0,0.07,0.0,0.0,0.0,0,85337.0
4,1,0,0,0,0,259,0.0,0.0,0.06,0.07,0.0,255,15,0.06,0.07,0.0,0.0,0.0,1.0,1,5614.0
19,5,0,0,0,0,238,1.0,1.0,0.04,0.05,0.0,255,10,0.04,0.08,0.0,1.0,1.0,0.0,1,25814.0
28,5,0,0,0,0,8,1.0,1.0,0.38,0.25,0.0,255,8,0.03,0.07,0.0,1.0,1.0,0.0,1,39919.0
58,9,1604,920608,0,1,1,0.0,0.0,1.0,0.0,0.0,20,8,0.4,0.1,0.0,0.0,0.0,0.0,0,59734.0
24,9,334,634,0,1,5,0.0,0.0,1.0,0.0,0.0,13,255,1.0,0.0,0.02,0.0,0.0,0.01,0,23748.0
20,9,9198,0,0,1,5,0.0,0.0,1.0,0.0,0.0,24,15,0.62,0.12,0.0,0.0,0.0,0.0,0,68588.0
47,5,0,0,0,0,125,1.0,1.0,0.1,0.06,0.0,255,12,0.05,0.06,0.0,1.0,1.0,0.0,1,15854.0
47,1,0,0,0,0,110,0.0,0.0,0.1,0.07,0.0,255,11,0.04,0.07,0.0,0.0,0.0,1.0,1,68937.0
47,9,1,0,0,0,17,0.0,0.0,0.88,0.12,0.0,255,18,0.07,0.22,0.0,0.0,0.0,0.0,1,10632.0
24,9,294,1227,0,1,11,0.0,0.0,1.0,0.0,0.15,152,152,1.0,0.0,0.0,0.0,0.0,0.0,0,113838.0
24,9,316,406,0,1,16,0.0,0.0,1.0,0.0,0.21,255,255,1.0,0.0,0.0,0.0,0.0,0.0,0,18714.0
65,5,0,0,0,0,107,1.0,1.0,0.03,0.06,0.0,255,3,0.01,0.05,0.0,1.0,1.0,0.0,1,112946.0
24,9,232,1496,0,1,5,0.0,0.0,1.0,0.0,0.33,26,255,1.0,0.0,0.02,0.0,0.0,0.0,0,67055.0
42,9,145,105,0,0,4,0.0,0.0,0.5,0.5,0.0,255,2,0.01,0.53,0.0,0.0,0.0,0.0,0,43227.0
47,5,0,0,0,0,221,1.0,1.0,0.02,0.08,0.0,255,4,0.02,0.09,0.0,1.0,1.0,0.0,1,49538.0
21,5,0,0,0,0,228,1.0,1.0,0.02,0.08,0.0,255,4,0.02,0.07,0.0,1.0,1.0,0.0,1,75130.0
32,2,0,0,0,0,101,0.0,0.0,0.01,0.07,0.0,255,1,0.0,0.07,0.0,0.0,0.0,1.0,1,103774.0
36,5,0,0,0,0,241,1.0,1.0,0.01,0.07,0.0,255,3,0.01,0.07,0.0,1.0,1.0,0.0,1,2172.0
47,4,0,0,0,0,327,0.0,0.0,0.01,0.52,0.0,255,2,0.01,0.52,0.0,0.0,0.0,1.0,1,118984.0
52,9,1043,374,0,1,1,0.0,0.0,1.0,0.0,0.0,163,130,0.8,0.02,0.0,0.0,0.0,0.0,0,104222.0
24,9,322,3332,0,1,12,0.0,0.0,1.0,0.0,0.0,12,255,1.0,0.0,0.03,0.0,0.0,0.0,0,46013.0
18,9,7,271,0,0,5,0.0,0.0,0.2,0.4,0.0,255,1,0.0,0.01,0.0,0.0,0.0,0.0,0,109945.0
24,9,331,11949,0,1,13,0.0,0.0,1.0,0.0,0.0,116,201,1.0,0.0,0.01,0.0,0.0,0.0,0,78817.0
24,9,249,2311,0,1,16,0.0,0.0,1.0,0.0,0.0,203,255,1.0,0.0,0.02,0.0,0.0,0.0,0,78397.0
12,9,36,0,0,0,9,0.0,0.0,1.0,0.0,0.2,100,204,1.0,0.0,0.01,0.0,0.0,0.0,0,115793.0
20,1,0,0,0,0,202,0.0,0.0,0.0,0.07,0.0,255,1,0.0,0.07,0.0,0.0,0.0,1.0,1,96369.0
0,4,737,9178,0,1,1,0.0,0.0,1.0,0.0,0.0,11,7,0.64,0.18,0.0,0.09,0.14,0.86,0,93881.0
24,9,171,6737,0,1,1,0.0,0.0,1.0,0.0,0.0,119,255,1.0,0.0,0.02,0.0,0.0,0.0,0,57022.0
42,1,0,0,0,0,4,0.0,0.0,0.25,1.0,0.0,255,1,0.0,1.0,0.0,0.13,0.0,1.0,1,69445.0
14,9,8,0,0,0,1,0.0,0.0,1.0,0.0,1.0,3,11,1.0,0.0,0.27,0.0,0.0,0.0,1,105756.0
47,5,0,0,0,0,116,1.0,1.0,0.06,0.06,0.0,255,28,0.11,0.07,0.0,1.0,1.0,0.0,1,25171.0
13,5,0,0,0,0,228,1.0,1.0,0.08,0.06,0.0,255,2,0.01,0.07,0.0,1.0,1.0,0.0,1,40243.0
6,5,0,0,0,0,115,1.0,1.0,0.03,0.06,0.0,255,4,0.02,0.05,0.0,1.0,1.0,0.0,1,109738.0
24,9,295,12771,0,1,1,0.0,0.0,1.0,0.0,0.0,255,255,1.0,0.0,0.0,0.0,0.0,0.0,0,6452.0
12,9,45,124,0,0,121,0.0,0.0,1.0,0.0,0.02,255,254,1.0,0.01,0.0,0.0,0.0,0.0,0,58495.0
64,5,0,0,0,0,235,1.0,1.0,0.02,0.06,0.0,255,5,0.02,0.06,0.0,1.0,1.0,0.0,1,115145.0
24,9,203,1303,0,1,9,0.0,0.0,1.0,0.0,0.18,119,255,1.0,0.0,0.01,0.0,0.0,0.0,0,123229.0
20,9,12165,0,0,1,3,0.0,0.0,1.0,0.0,0.0,214,93,0.43,0.01,0.0,0.0,0.0,0.0,0,46794.0
47,1,0,0,0,0,65,0.0,0.0,0.02,1.0,0.0,190,1,0.01,0.4,0.0,0.0,0.0,1.0,1,28901.0
42,9,147,105,0,0,1,0.0,0.0,1.0,0.0,0.0,255,1,0.0,0.48,0.0,0.0,0.0,0.0,0,66845.0
5,4,0,0,0,0,278,0.0,0.0,0.01,0.53,0.0,255,2,0.01,0.52,0.0,0.0,0.0,1.0,1,11371.0
52,9,864,483,0,1,1,0.0,0.0,1.0,0.0,0.0,250,38,0.13,0.02,0.05,0.0,0.0,0.0,0,90425.0
20,9,334,0,0,1,2,0.0,0.0,1.0,0.0,0.0,8,22,1.0,0.0,0.14,0.0,0.0,0.0,1,64575.0
47,9,28,0,3,0,74,0.01,0.0,0.97,0.04,0.0,255,72,0.28,0.02,0.0,0.0,0.0,0.0,1,79316.0
21,5,0,0,0,0,36,1.0,1.0,0.19,0.14,0.0,255,7,0.03,0.08,0.0,1.0,1.0,0.0,1,107575.0
30,5,0,0,0,0,127,1.0,1.0,0.14,0.06,0.0,255,18,0.07,0.07,0.0,1.0,1.0,0.0,1,84506.0
42,5,0,0,0,0,233,1.0,1.0,0.09,0.06,0.0,255,20,0.08,0.07,0.0,1.0,1.0,0.0,1,25112.0
24,9,203,484,0,1,1,0.0,0.0,1.0,0.0,0.0,255,255,1.0,0.0,0.0,0.0,0.0,0.0,0,27947.0
47,9,105,146,0,0,2,0.0,0.0,1.0,0.0,0.0,255,243,0.95,0.01,0.0,0.0,0.0,0.0,0,51291.0
47,1,0,0,0,0,111,0.0,0.0,0.17,0.06,0.0,255,21,0.08,0.06,0.0,0.0,0.0,1.0,1,69671.0
42,1,0,0,0,0,343,0.09,0.0,0.0,1.0,0.0,255,1,0.0,1.0,0.0,0.09,0.0,1.0,1,112935.0
24,9,287,185,0,1,4,0.0,0.0,1.0,0.0,0.0,255,255,1.0,0.0,0.0,0.0,0.0,0.0,0,99444.0
14,9,30,0,0,0,8,0.0,0.0,0.12,0.38,0.0,255,4,0.02,0.01,0.0,0.0,0.0,0.0,0,79245.0
21,5,0,0,0,0,212,1.0,1.0,0.03,0.08,0.0,255,6,0.02,0.08,0.0,1.0,1.0,0.0,1,4172.0
47,9,1,0,0,0,11,0.0,0.0,0.09,0.64,0.0,255,1,0.0,0.05,0.0,0.0,0.0,0.0,1,46496.0
24,9,172,3748,0,1,1,0.0,0.0,1.0,0.0,0.0,4,255,1.0,0.0,0.03,0.0,0.0,0.0,0,22586.0
20,9,74,0,0,0,2,0.0,0.0,1.0,0.0,0.0,255,5,0.02,0.07,0.0,0.92,0.0,0.0,0,81520.0
24,1,0,0,0,0,1,0.0,0.0,1.0,0.0,0.67,20,255,1.0,0.0,0.21,0.0,0.0,1.0,0,110911.0
47,9,215,0,0,0,1,0.0,0.0,1.0,0.0,0.0,59,51,0.86,0.03,0.0,0.0,0.0,0.0,1,66307.0
20,9,10272,0,0,1,8,0.0,0.0,1.0,0.0,0.0,205,111,0.42,0.02,0.02,0.0,0.0,0.0,0,72299.0
47,9,1,0,0,0,58,0.0,0.0,0.03,0.16,0.0,255,2,0.01,0.03,0.0,0.0,0.0,0.0,1,102595.0
18,5,0,0,0,0,53,1.0,1.0,0.25,0.08,0.0,135,36,0.24,0.03,0.06,0.99,0.92,0.0,1,16955.0
32,5,0,0,0,0,108,1.0,1.0,0.22,0.05,0.0,255,24,0.09,0.04,0.0,1.0,1.0,0.0,1,56509.0
24,9,304,2112,0,1,10,0.0,0.0,1.0,0.0,0.0,12,255,1.0,0.0,0.14,0.0,0.0,0.82,0,77265.0
47,5,0,0,0,0,88,1.0,1.0,0.07,0.07,0.0,255,17,0.07,0.07,0.0,1.0,1.0,0.0,1,121372.0
24,9,227,369,0,1,7,0.0,0.0,1.0,0.0,0.18,163,255,1.0,0.0,0.04,0.0,0.0,0.01,0,59167.0
47,5,0,0,0,0,152,1.0,1.0,0.01,0.06,0.0,255,19,0.07,0.06,0.0,1.0,1.0,0.0,1,12894.0
24,1,0,0,0,0,1,0.0,0.0,1.0,0.0,0.0,21,255,1.0,0.0,0.19,0.0,0.0,0.97,0,83870.0
47,5,0,0,0,0,135,1.0,1.0,0.07,0.06,0.0,255,10,0.04,0.07,0.0,1.0,1.0,0.0,1,52364.0
24,9,207,1832,0,1,5,0.0,0.0,1.0,0.0,0.0,186,255,1.0,0.0,0.01,0.0,0.0,0.0,0,59422.0
24,5,0,0,0,0,28,1.0,1.0,0.32,0.14,0.0,255,1,0.0,0.06,0.0,1.0,1.0,0.0,1,43339.0
24,9,310,516,0,1,12,0.0,0.0,1.0,0.0,0.19,255,255,1.0,0.0,0.0,0.0,0.0,0.0,0,72138.0
24,9,313,2698,0,1,3,0.0,0.0,1.0,0.0,0.0,255,240,0.94,0.01,0.0,0.0,0.0,0.0,0,1667.0
47,5,0,0,0,0,158,0.85,1.0,0.03,0.06,0.0,255,3,0.01,0.04,0.0,1.0,1.0,0.0,1,91108.0
24,9,348,5280,0,1,4,0.0,0.0,1.0,0.0,0.11,255,255,1.0,0.0,0.0,0.0,0.0,0.0,0,114898.0
18,9,8,511,0,0,1,0.0,0.0,1.0,0.0,0.0,95,6,0.06,0.04,0.0,0.0,0.0,0.0,0,18550.0
24,9,257,16132,0,1,9,0.0,0.0,1.0,0.0,0.2,214,255,1.0,0.0,0.01,0.0,0.0,0.0,0,47271.0
24,9,252,899,0,1,3,0.0,0.0,1.0,0.0,0.0,13,255,1.0,0.0,0.01,0.0,0.01,0.0,0,114335.0
24,9,306,607,0,1,14,0.0,0.0,1.0,0.0,0.0,255,255,1.0,0.0,0.0,0.01,0.01,0.02,0,19364.0
52,9,1904,328,0,1,1,0.0,0.0,1.0,0.0,1.0,238,168,0.71,0.03,0.0,0.0,0.01,0.0,0,116276.0
24,9,300,321,0,1,3,0.0,0.0,1.0,0.0,0.0,255,255,1.0,0.0,0.0,0.01,0.01,0.0,0,65179.0
35,1,0,0,0,0,229,0.0,0.0,0.0,0.07,0.0,255,1,0.0,0.07,0.0,0.0,0.0,1.0,1,104629.0
20,9,7940,0,0,1,6,0.0,0.0,1.0,0.0,0.0,86,112,0.24,0.06,0.02,0.0,0.0,0.0,0,64062.0
18,2,0,0,0,0,129,0.0,0.0,0.03,0.07,0.0,255,4,0.02,0.09,0.0,0.0,0.0,1.0,1,36237.0
18,5,0,0,0,0,15,1.0,1.0,0.27,0.27,0.0,255,43,0.17,0.05,0.0,1.0,1.0,0.0,1,80949.0
24,9,194,321,0,1,24,0.0,0.0,1.0,0.0,0.0,145,255,1.0,0.0,0.02,0.0,0.0,0.0,0,88821.0
15,9,1032,0,0,0,3,0.0,0.0,1.0,0.0,0.0,255,146,0.57,0.01,0.0,0.0,0.0,0.0,1,92003.0
52,9,1092,390,0,1,1,0.0,0.0,1.0,0.0,0.0,45,157,0.29,0.07,0.02,0.13,0.03,0.0,0,121722.0
24,9,188,1872,0,1,24,0.0,0.0,1.0,0.0,0.0,96,255,1.0,0.0,0.02,0.0,0.0,0.0,0,102494.0
24,9,300,356,0,1,16,0.0,0.0,1.0,0.0,0.12,255,255,1.0,0.0,0.0,0.0,0.0,0.0,0,79439.0
63,5,0,0,0,0,140,1.0,1.0,0.14,0.06,0.0,255,20,0.08,0.06,0.0,1.0,1.0,0.0,1,82801.0
47,1,0,0,0,0,2,0.0,0.0,0.5,1.0,0.0,255,1,0.0,0.55,0.0,0.0,0.0,1.0,1,96344.0
58,5,0,0,0,0,14,1.0,1.0,0.07,0.14,0.0,41,2,0.02,0.07,1.0,1.0,0.5,0.0,1,90620.0
24,9,208,20290,0,1,1,0.0,0.0,1.0,0.0,0.0,60,255,1.0,0.0,0.01,0.0,0.0,0.0,0,83671.0
42,1,0,0,0,0,510,0.08,0.0,0.0,1.0,0.0,255,1,0.0,1.0,0.0,0.06,0.0,1.0,1,103176.0
40,2,0,0,0,0,106,0.0,0.0,0.02,0.08,0.0,255,2,0.01,0.07,0.0,0.0,0.0,1.0,1,53348.0
24,9,206,9152,0,1,7,0.0,0.0,1.0,0.0,0.0,255,255,1.0,0.0,0.0,0.0,0.0,0.0,0,107625.0
47,5,0,0,0,0,205,1.0,1.0,0.07,0.06,0.0,255,18,0.07,0.08,0.0,1.0,1.0,0.0,1,125700.0
24,9,214,4841,0,1,1,0.0,0.0,1.0,0.0,0.67,107,255,1.0,0.0,0.05,0.0,0.0,0.0,0,111157.0
12,9,46,46,0,0,20,0.0,0.0,1.0,0.0,0.12,255,254,1.0,0.01,0.0,0.0,0.0,0.0,0,124836.0
42,9,147,105,0,0,6,0.0,0.0,0.33,0.5,0.0,255,2,0.01,0.44,0.0,0.0,0.0,0.0,0,81221.0
52,9,991,330,0,1,1,0.0,0.0,1.0,0.0,1.0,24,41,1.0,0.0,0.05,0.0,0.0,0.0,0,14508.0
58,5,0,0,0,0,9,0.89,1.0,0.89,0.22,0.0,8,9,1.0,0.0,0.22,1.0,0.89,0.0,1,54612.0
47,1,0,0,0,0,196,0.0,0.0,0.02,0.07,0.0,255,3,0.01,0.08,0.0,0.0,0.0,1.0,1,68374.0
52,5,0,0,0,0,1,1.0,1.0,1.0,0.0,0.0,183,135,0.44,0.01,0.01,0.99,0.6,0.0,1,87394.0
47,9,105,0,0,0,2,0.0,0.0,1.0,0.0,0.0,255,112,0.44,0.01,0.0,0.0,0.0,0.0,0,125224.0
58,9,756,164112,0,1,1,0.0,0.0,1.0,0.0,0.0,168,35,0.21,0.42,0.0,0.1,0.49,0.03,0,70450.0
24,9,308,2507,0,1,8,0.0,0.0,1.0,0.0,0.0,255,228,0.89,0.02,0.0,0.0,0.0,0.0,0,109251.0
47,9,105,145,0,0,4,0.0,0.0,0.25,0.5,0.0,255,232,0.91,0.01,0.0,0.0,0.0,0.0,0,116315.0
24,5,0,0,0,0,193,1.0,1.0,0.06,0.06,0.0,255,11,0.04,0.08,0.0,1.0,1.0,0.0,1,62558.0
47,5,0,0,0,0,257,1.0,1.0,0.06,0.06,0.0,255,6,0.02,0.07,0.0,1.0,1.0,0.0,1,33202.0
24,9,354,19140,0,1,7,0.0,0.0,1.0,0.0,0.13,108,255,1.0,0.0,0.02,0.0,0.0,0.0,0,89031.0
47,0,0,0,0,0,1,0.0,0.0,1.0,0.0,0.0,151,1,0.01,0.68,0.0,0.04,0.0,0.0,1,32848.0
24,9,217,1511,0,1,3,0.33,0.11,1.0,0.0,0.16,255,255,1.0,0.0,0.0,0.0,0.0,0.0,0,17890.0
24,9,369,21108,0,1,3,0.0,0.0,1.0,0.0,0.0,127,138,1.0,0.0,0.04,0.01,0.01,0.23,0,83470.0
24,9,324,6534,0,1,7,0.0,0.0,1.0,0.0,0.25,255,255,1.0,0.0,0.0,0.0,0.0,0.0,0,109384.0
47,5,0,0,0,0,91,1.0,1.0,0.03,0.07,0.0,255,20,0.08,0.07,0.0,1.0,1.0,0.0,1,104425.0
20,9,334,0,0,1,2,0.0,0.0,1.0,0.0,0.0,2,20,1.0,0.0,0.2,0.0,0.0,0.0,1,13.0
56,5,0,0,0,0,211,1.0,1.0,0.08,0.08,0.0,255,17,0.07,0.07,0.0,1.0,1.0,0.0,1,82695.0
14,9,30,0,0,0,2,0.0,0.0,1.0,0.0,0.0,255,8,0.03,0.01,0.0,0.0,0.0,0.0,0,123174.0
47,9,28,0,3,0,58,0.0,0.0,1.0,0.0,0.0,130,58,0.45,0.03,0.0,0.0,0.0,0.0,1,81636.0
12,9,46,46,0,0,140,0.0,0.0,1.0,0.0,0.01,255,255,1.0,0.0,0.0,0.0,0.0,0.0,0,90202.0
47,5,0,0,0,0,100,1.0,1.0,0.25,0.04,0.0,255,25,0.1,0.04,0.0,1.0,1.0,0.0,1,37971.0
52,9,1593,337,0,1,1,0.0,0.0,1.0,0.0,0.0,183,156,0.61,0.05,0.01,0.0,0.0,0.0,0,49141.0
42,9,145,105,0,0,3,0.0,0.0,0.33,0.67,0.0,255,1,0.0,0.31,0.0,0.0,0.0,0.0,0,44733.0
24,9,342,3576,0,1,22,0.0,0.0,1.0,0.0,0.07,29,255,1.0,0.0,0.03,0.0,0.0,0.0,0,29569.0
52,9,1398,409,0,1,1,0.0,0.0,1.0,0.0,1.0,128,96,0.75,0.03,0.0,0.0,0.0,0.0,0,99587.0
2,1,0,0,0,0,274,0.0,0.0,0.03,0.06,0.0,255,9,0.04,0.07,0.0,0.0,0.0,1.0,1,20601.0
47,9,28,0,3,0,35,0.0,0.0,1.0,0.0,0.0,255,135,0.53,0.47,0.0,0.09,0.0,0.0,1,32770.0
38,5,0,0,0,0,210,1.0,1.0,0.02,0.07,0.0,255,5,0.02,0.07,0.0,1.0,1.0,0.0,1,121877.0
24,9,213,8487,0,1,12,0.0,0.0,1.0,0.0,0.0,255,255,1.0,0.0,0.0,0.0,0.0,0.0,0,99037.0
24,9,193,4981,0,1,15,0.0,0.0,1.0,0.0,0.0,60,255,1.0,0.0,0.04,0.0,0.0,0.0,0,83522.0
52,5,0,0,0,0,2,0.5,0.33,1.0,0.0,0.67,51,182,0.53,0.1,0.01,0.04,0.02,0.0,0,52661.0
55,5,0,0,0,0,250,1.0,1.0,0.02,0.06,0.0,255,20,0.08,0.06,0.0,1.0,1.0,0.0,1,81709.0
24,9,171,7764,0,1,12,0.0,0.0,1.0,0.0,0.0,28,255,1.0,0.0,0.02,0.0,0.0,0.0,0,39455.0
35,5,0,0,0,0,238,1.0,1.0,0.0,0.07,0.0,255,1,0.0,0.07,0.0,1.0,1.0,0.0,1,98533.0
56,5,0,0,0,0,106,1.0,1.0,0.04,0.09,0.0,255,4,0.02,0.08,0.0,1.0,1.0,0.0,1,77697.0
24,9,292,3292,0,1,3,0.0,0.0,1.0,0.0,0.0,3,255,1.0,0.0,0.07,0.0,0.0,0.0,0,60609.0
24,9,223,2446,0,1,11,0.0,0.0,1.0,0.0,0.0,255,255,1.0,0.0,0.0,0.0,0.0,0.0,0,96290.0
24,9,241,3329,0,1,1,0.0,0.0,1.0,0.0,0.33,114,255,1.0,0.0,0.04,0.0,0.0,0.0,0,35758.0
36,1,0,0,0,0,100,0.01,0.0,0.01,1.0,0.0,225,1,0.0,0.48,0.0,0.0,0.0,1.0,1,33911.0
24,9,199,2462,0,1,3,0.0,0.0,1.0,0.0,0.1,3,255,1.0,0.0,0.04,0.0,0.0,0.0,0,100239.0
24,9,257,3136,0,1,1,0.0,0.0,1.0,0.0,0.0,99,92,0.93,0.02,0.0,0.0,0.0,0.0,0,10152.0
60,5,0,0,0,0,232,1.0,1.0,0.08,0.05,0.0,255,18,0.07,0.06,0.0,1.0,1.0,0.0,1,20720.0
24,9,283,8098,0,1,2,0.0,0.0,1.0,0.0,0.0,255,255,1.0,0.0,0.0,0.0,0.0,0.0,0,27436.0
18,9,6,135,0,0,1,0.0,0.0,1.0,0.0,0.0,58,5,0.05,0.05,0.4,0.0,0.0,0.0,0,57712.0
42,9,147,105,0,0,1,0.0,0.0,1.0,0.0,0.0,255,3,0.01,0.73,0.0,0.0,0.0,0.0,0,120968.0
47,9,1,0,0,0,15,0.0,0.0,0.47,0.27,0.0,255,7,0.03,0.22,0.0,0.0,0.0,0.0,1,77080.0
39,1,0,0,0,0,117,0.0,0.0,0.14,0.06,0.0,255,16,0.06,0.06,0.0,0.0,0.0,1.0,1,88564.0
47,9,28,0,3,0,80,0.0,0.0,1.0,0.0,0.0,255,180,0.71,0.3,0.0,0.09,0.0,0.0,1,47647.0
47,5,0,0,0,0,119,1.0,1.0,0.02,0.07,0.0,55,19,0.35,0.13,0.0,1.0,1.0,0.0,1,25343.0
24,9,208,1538,0,1,21,0.0,0.0,1.0,0.0,0.08,255,255,1.0,0.0,0.0,0.0,0.0,0.0,0,114284.0
24,9,210,702,0,1,16,0.0,0.0,1.0,0.0,0.19,255,255,1.0,0.0,0.0,0.0,0.0,0.0,0,95156.0
12,9,46,80,0,0,144,0.0,0.0,0.99,0.01,0.0,255,254,1.0,0.01,0.0,0.0,0.0,0.0,0,36500.0
24,9,310,3567,0,1,2,0.0,0.0,1.0,0.0,0.0,255,255,1.0,0.0,0.0,0.0,0.0,0.0,0,18278.0
24,9,251,1841,0,1,4,0.0,0.0,1.0,0.0,0.0,15,255,1.0,0.0,0.02,0.0,0.0,0.0,0,9750.0
20,9,8766,0,0,0,2,0.0,0.0,1.0,0.0,0.0,255,57,0.22,0.02,0.0,0.39,0.0,0.0,0,88699.0
24,9,295,2745,0,1,2,0.0,0.0,1.0,0.0,0.0,22,255,1.0,0.0,0.02,0.0,0.0,0.0,0,68821.0
24,9,281,1395,0,1,28,0.0,0.0,1.0,0.0,0.15,255,255,1.0,0.0,0.0,0.0,0.0,0.0,0,90170.0
52,9,1151,340,0,1,1,0.0,0.0,1.0,0.0,0.0,255,164,0.64,0.02,0.0,0.0,0.0,0.04,0,123022.0
24,9,266,15697,0,1,1,0.0,0.0,1.0,0.0,0.0,98,255,1.0,0.0,0.01,0.0,0.0,0.0,0,39200.0
47,5,0,0,0,0,136,1.0,1.0,0.08,0.06,0.0,255,7,0.03,0.06,0.0,1.0,1.0,0.0,1,9306.0
47,9,1,0,0,0,10,0.0,0.0,0.2,0.3,0.0,255,2,0.01,0.31,0.0,0.0,0.0,0.0,1,103405.0
24,9,54540,8314,0,1,3,0.0,0.0,1.0,0.0,0.0,11,11,1.0,0.0,0.0,0.0,0.0,0.45,1,19917.0
20,9,2194619,0,0,1,1,0.0,0.0,1.0,0.0,0.0,98,86,0.39,0.06,0.02,0.0,0.0,0.0,0,2565.0
14,9,8,0,0,0,1,0.0,0.0,1.0,0.0,1.0,2,108,1.0,0.0,0.5,0.0,0.0,0.0,1,55971.0
24,9,283,253,0,1,20,0.0,0.0,1.0,0.0,0.0,143,255,1.0,0.0,0.02,0.0,0.0,0.0,0,96730.0
19,5,0,0,0,0,300,1.0,1.0,0.02,0.06,0.0,255,7,0.03,0.07,0.0,1.0,1.0,0.0,1,286.0
39,5,0,0,0,0,290,1.0,1.0,0.08,0.05,0.0,255,24,0.09,0.07,0.0,1.0,1.0,0.0,1,88115.0
42,4,1,0,0,0,2,0.0,0.0,1.0,0.0,0.0,255,2,0.01,0.74,0.0,0.0,0.0,1.0,1,122253.0
14,9,8,0,0,0,1,0.0,0.0,1.0,0.0,1.0,2,146,1.0,0.0,0.25,0.0,0.0,0.0,1,115385.0
58,5,0,0,0,0,11,1.0,1.0,1.0,0.0,0.0,13,13,1.0,0.0,0.0,0.85,0.85,0.0,1,120675.0
12,9,45,133,0,0,65,0.0,0.0,0.98,0.03,0.01,255,227,0.89,0.01,0.0,0.0,0.0,0.0,0,42548.0
24,9,153,1397,0,1,20,0.0,0.0,1.0,0.0,0.0,117,255,1.0,0.0,0.05,0.0,0.0,0.0,0,79424.0
24,9,242,1404,0,1,18,0.0,0.0,1.0,0.0,0.0,241,255,1.0,0.0,0.01,0.0,0.0,0.0,0,96740.0
47,9,28,0,3,0,44,0.0,0.0,1.0,0.0,0.0,255,44,0.17,0.64,0.0,0.02,0.0,0.0,1,19404.0
24,9,236,1215,0,1,14,0.0,0.0,1.0,0.0,0.08,164,255,1.0,0.0,0.03,0.0,0.0,0.0,0,12787.0
23,1,0,0,0,0,231,0.0,0.0,0.06,0.06,0.0,255,14,0.05,0.08,0.0,0.0,0.0,1.0,1,28447.0
12,9,45,131,0,0,29,0.0,0.0,1.0,0.0,0.02,255,235,0.92,0.01,0.0,0.0,0.0,0.0,0,97054.0
18,5,0,0,0,0,19,1.0,1.0,0.32,0.21,0.0,255,46,0.18,0.04,0.0,1.0,1.0,0.0,1,66977.0
24,9,242,372,0,1,12,0.0,0.0,1.0,0.0,0.0,252,255,1.0,0.0,0.01,0.0,0.0,0.0,0,91824.0
20,9,192,0,0,1,2,0.0,0.0,1.0,0.0,0.0,4,4,1.0,0.0,0.0,0.0,0.0,0.0,0,36659.0
20,5,0,0,0,0,59,1.0,1.0,0.24,0.07,0.0,255,40,0.16,0.05,0.0,1.0,1.0,0.0,1,29046.0
24,9,231,2698,0,1,1,0.0,0.0,1.0,0.0,0.0,255,255,1.0,0.0,0.0,0.0,0.0,0.0,0,28188.0
24,9,54540,8314,0,1,2,0.0,0.0,1.0,0.0,0.75,255,255,1.0,0.0,0.0,0.0,0.0,0.04,1,110362.0
47,5,0,0,0,0,223,1.0,1.0,0.03,0.06,0.0,255,6,0.02,0.08,0.0,1.0,1.0,0.0,1,9422.0
24,9,231,314,0,1,33,0.0,0.0,1.0,0.0,0.0,33,255,1.0,0.0,0.02,0.0,0.0,0.0,0,76149.0
24,5,0,0,0,0,39,1.0,1.0,0.36,0.1,0.0,255,64,0.25,0.02,0.0,1.0,1.0,0.0,1,81169.0
47,1,0,0,0,0,163,0.0,0.0,0.01,0.07,0.0,255,1,0.0,0.07,0.0,0.0,0.0,1.0,1,97912.0
24,1,0,0,0,0,1,0.0,0.0,1.0,0.0,1.0,1,255,1.0,0.0,0.15,0.0,0.0,0.89,0,72463.0
52,9,1307,332,0,1,1,0.0,0.0,1.0,0.0,0.0,96,57,0.59,0.07,0.0,0.0,0.0,0.0,0,79994.0
15,9,1032,0,0,0,133,0.0,0.0,1.0,0.0,0.0,255,133,0.52,0.01,0.0,0.0,0.0,0.0,1,2917.0
47,5,0,0,0,0,200,1.0,1.0,0.1,0.06,0.0,255,9,0.04,0.08,0.0,1.0,1.0,0.0,1,72674.0
20,9,334,0,0,1,1,0.0,0.0,1.0,0.0,0.0,7,18,1.0,0.0,0.11,0.0,0.0,0.0,1,59824.0
47,1,0,0,0,0,1,0.0,0.0,1.0,0.0,0.0,48,2,0.02,1.0,1.0,0.0,0.0,1.0,1,23515.0
15,9,1032,0,0,0,510,0.0,0.0,1.0,0.0,0.0,255,231,0.91,0.01,0.0,0.0,0.0,0.0,1,47879.0
12,9,42,75,0,0,208,0.0,0.0,1.0,0.0,0.0,255,250,0.98,0.01,0.0,0.0,0.0,0.0,0,92080.0
47,5,0,0,0,0,115,1.0,1.0,0.1,0.07,0.0,255,5,0.02,0.08,0.0,1.0,1.0,0.0,1,23093.0
18,9,10,277,0,0,1,0.0,0.0,1.0,0.0,0.0,82,13,0.04,0.05,0.15,0.0,0.0,0.0,0,90949.0
24,9,217,384,0,1,20,0.0,0.0,1.0,0.0,0.0,20,255,1.0,0.0,0.04,0.0,0.0,0.0,0,51529.0
10,5,0,0,0,0,243,1.0,1.0,0.01,0.07,0.0,255,19,0.07,0.07,0.0,1.0,1.0,0.0,1,116752.0
10,5,0,0,0,0,264,1.0,1.0,0.01,0.06,0.0,255,3,0.01,0.07,0.0,1.0,1.0,0.0,1,5146.0
24,9,296,609,0,1,46,0.0,0.0,1.0,0.0,0.0,250,255,1.0,0.0,0.01,0.0,0.0,0.0,0,48402.0
6,5,0,0,0,0,127,1.0,1.0,0.06,0.06,0.0,255,8,0.03,0.06,0.0,1.0,1.0,0.0,1,52374.0
24,9,278,11251,0,1,7,0.0,0.0,1.0,0.0,0.13,7,255,1.0,0.0,0.06,0.0,0.0,0.0,0,68314.0
47,5,0,0,0,0,113,1.0,1.0,0.07,0.06,0.0,255,15,0.06,0.07,0.0,1.0,1.0,0.0,1,106904.0
60,2,0,0,0,0,189,0.0,0.0,0.06,0.06,0.0,255,12,0.05,0.07,0.0,0.0,0.0,1.0,1,125399.0
24,9,54540,8314,0,1,5,0.0,0.0,1.0,0.0,0.43,153,153,1.0,0.0,0.0,0.0,0.0,0.06,1,42182.0
54,2,0,15,0,1,1,0.0,0.0,1.0,0.0,0.0,3,2,0.33,1.0,1.0,0.0,0.0,1.0,1,42755.0
20,1,0,0,0,0,1,0.0,0.0,1.0,0.0,0.0,1,110,1.0,0.0,0.03,0.0,0.0,0.02,1,62052.0
12,9,46,46,0,0,92,0.0,0.0,1.0,0.0,0.02,255,254,1.0,0.01,0.0,0.0,0.0,0.0,0,5462.0
42,9,145,105,0,0,1,0.0,0.0,1.0,0.0,0.0,255,1,0.0,0.63,0.0,0.0,0.0,0.0,0,4333.0
47,5,0,0,0,0,200,1.0,1.0,0.06,0.05,0.0,255,1,0.0,0.07,0.0,1.0,1.0,0.0,1,13673.0
24,9,340,14206,0,1,2,0.5,0.2,1.0,0.0,0.4,8,255,1.0,0.0,0.06,0.12,0.0,0.0,0,114559.0
26,1,0,0,0,0,255,0.0,0.0,0.02,0.07,0.0,255,6,0.02,0.07,0.0,0.0,0.0,1.0,1,24489.0
24,7,54540,8315,0,1,6,0.17,0.17,1.0,0.0,0.0,255,255,1.0,0.0,0.0,0.01,0.01,0.04,1,14476.0
52,9,1100,337,0,1,1,0.0,0.0,1.0,0.0,1.0,12,225,0.92,0.17,0.02,0.0,0.0,0.0,0,48804.0
47,5,0,0,0,0,143,1.0,1.0,0.09,0.06,0.0,255,6,0.02,0.06,0.0,1.0,1.0,0.0,1,1772.0
58,9,334,11971,0,1,1,0.0,0.0,1.0,0.0,0.0,255,29,0.11,0.06,0.0,0.72,0.48,0.1,0,48555.0
24,9,324,3106,0,1,2,0.0,0.0,1.0,0.0,0.0,154,255,1.0,0.0,0.04,0.0,0.0,0.0,0,47743.0
24,9,290,2194,0,1,4,0.0,0.0,1.0,0.0,0.4,4,255,1.0,0.0,0.05,0.0,0.0,0.0,0,8516.0
47,1,0,0,0,0,298,0.1,0.0,0.0,1.0,0.0,255,1,0.0,1.0,0.0,0.09,0.0,1.0,1,83003.0
12,9,34,94,0,0,1,0.0,0.0,1.0,0.0,0.0,45,225,0.91,0.04,0.01,0.0,0.0,0.0,0,58287.0
47,5,0,0,0,0,100,1.0,1.0,0.01,0.06,0.0,255,15,0.06,0.07,0.0,1.0,1.0,0.0,1,37594.0
24,9,306,299,0,1,13,0.0,0.0,1.0,0.0,0.12,217,255,1.0,0.0,0.02,0.0,0.0,0.0,0,123067.0
20,5,0,0,0,0,17,1.0,1.0,0.18,0.24,0.0,255,49,0.19,0.05,0.0,1.0,1.0,0.0,1,3213.0
18,9,8,223,0,0,1,0.0,0.0,1.0,0.0,0.0,20,15,0.1,0.15,0.13,0.0,0.0,0.07,0,99009.0
6,5,0,0,0,0,110,1.0,1.0,0.15,0.05,0.0,255,17,0.07,0.04,0.0,1.0,1.0,0.0,1,22013.0
47,4,0,0,0,0,403,0.0,0.0,0.0,0.52,0.0,255,2,0.01,0.52,0.0,0.0,0.0,1.0,1,38564.0
24,9,222,593,0,1,7,0.0,0.0,1.0,0.0,0.0,255,255,1.0,0.0,0.0,0.0,0.0,0.0,0,66668.0
47,4,0,0,0,0,1,0.0,0.0,1.0,0.0,0.0,195,1,0.01,0.16,0.0,0.0,0.0,1.0,1,41719.0
20,5,0,0,0,0,282,1.0,1.0,0.08,0.05,0.0,255,22,0.09,0.05,0.0,1.0,1.0,0.0,1,61306.0
24,1,0,0,0,0,1,0.0,0.0,1.0,0.0,0.0,11,148,1.0,0.0,0.08,0.0,0.0,1.0,0,34357.0
47,9,1,0,0,0,19,0.0,0.0,0.89,0.11,0.0,255,20,0.08,0.22,0.0,0.0,0.0,0.0,1,39888.0
42,9,146,0,0,0,3,0.0,0.0,0.33,0.67,0.0,151,1,0.01,0.66,0.0,0.0,0.0,0.0,0,72265.0
60,5,0,0,0,0,253,1.0,1.0,0.02,0.05,0.0,255,4,0.02,0.05,0.0,1.0,1.0,0.0,1,87531.0
13,5,0,0,0,0,208,1.0,1.0,0.09,0.06,0.0,255,2,0.01,0.08,0.0,1.0,1.0,0.0,1,114245.0
10,5,0,0,0,0,239,1.0,1.0,0.08,0.06,0.0,255,19,0.07,0.06,0.0,1.0,1.0,0.0,1,109662.0
48,9,91,0,0,0,6,0.0,0.0,1.0,0.0,0.0,131,6,0.05,0.02,0.0,0.0,0.0,0.0,0,91299.0
42,9,607,0,0,1,1,0.0,0.0,1.0,0.0,0.0,145,1,0.01,0.06,0.0,0.01,0.0,0.0,0,46767.0
24,9,222,3792,0,1,6,0.0,0.0,1.0,0.0,0.22,39,255,1.0,0.0,0.03,0.0,0.0,0.0,0,116951.0
26,5,0,0,0,0,300,1.0,1.0,0.07,0.06,0.0,255,13,0.05,0.07,0.0,1.0,1.0,0.0,1,50803.0
47,1,0,0,0,0,188,0.0,0.0,0.07,0.07,0.0,255,14,0.05,0.07,0.0,0.0,0.0,1.0,1,45805.0
24,9,209,5678,0,1,6,0.0,0.0,1.0,0.0,0.2,22,255,1.0,0.0,0.02,0.0,0.0,0.0,0,111743.0
24,9,283,28441,0,1,1,0.0,0.0,1.0,0.0,0.0,97,254,1.0,0.0,0.03,0.01,0.0,0.0,0,54704.0
47,1,0,0,0,0,311,0.03,0.0,0.0,1.0,0.0,255,1,0.0,0.99,0.0,0.04,0.0,1.0,1,125254.0
24,9,324,1564,0,1,6,0.0,0.0,1.0,0.0,0.0,50,255,1.0,0.0,0.1,0.0,0.0,0.8,0,51959.0
20,9,7196,0,0,1,9,0.0,0.0,1.0,0.0,0.0,181,85,0.47,0.02,0.0,0.0,0.0,0.0,0,57034.0
52,9,859,368,0,1,1,0.0,0.0,1.0,0.0,1.0,135,97,0.72,0.08,0.0,0.01,0.0,0.0,0,25079.0
42,9,5,0,0,0,1,0.0,0.0,1.0,0.0,0.0,255,5,0.02,0.02,0.0,0.0,0.0,0.0,1,89620.0
64,5,0,0,0,0,235,1.0,1.0,0.01,0.07,0.0,255,2,0.01,0.08,0.0,1.0,1.0,0.0,1,22935.0
42,9,3888,0,0,0,9,0.11,0.0,0.11,0.44,0.0,248,1,0.0,0.03,0.0,0.0,0.0,0.0,0,64131.0
20,9,15876,0,0,0,18,0.0,0.0,1.0,0.0,0.0,158,68,0.43,0.03,0.0,0.0,0.0,0.0,0,10397.0
47,5,0,0,0,0,283,1.0,1.0,0.04,0.06,0.0,255,11,0.04,0.06,0.0,1.0,1.0,0.0,1,26071.0
12,9,44,134,0,0,38,0.0,0.0,1.0,0.0,0.0,159,105,0.66,0.02,0.0,0.0,0.0,0.0,0,63995.0
24,9,54540,8314,0,1,5,0.0,0.0,1.0,0.0,0.0,163,163,1.0,0.0,0.0,0.0,0.0,0.06,1,21366.0
47,5,0,0,0,0,210,1.0,1.0,0.05,0.06,0.0,255,15,0.06,0.08,0.0,1.0,1.0,0.0,1,55131.0
52,9,697,326,0,1,1,0.0,0.0,1.0,0.0,0.0,38,41,0.74,0.13,0.05,0.0,0.0,0.0,0,124427.0
24,9,199,401,0,1,11,0.0,0.0,1.0,0.0,0.0,116,255,1.0,0.0,0.04,0.01,0.0,0.0,0,111265.0
28,5,0,0,0,0,122,1.0,1.0,0.07,0.06,0.0,255,9,0.04,0.05,0.0,1.0,1.0,0.0,1,80194.0
24,9,330,5941,0,1,7,0.0,0.0,1.0,0.0,0.23,7,255,1.0,0.0,0.03,0.0,0.0,0.0,0,8274.0
47,5,0,0,0,0,112,1.0,1.0,0.05,0.06,0.0,255,21,0.08,0.06,0.0,1.0,1.0,0.0,1,96381.0
42,1,0,0,0,0,1,0.0,0.0,1.0,0.0,0.0,5,5,1.0,0.0,0.0,0.0,0.0,1.0,0,77603.0
25,1,0,0,0,0,70,0.0,0.0,0.06,0.09,0.0,255,4,0.02,0.06,0.0,0.0,0.0,1.0,1,50111.0
24,1,0,0,0,0,247,0.0,0.0,0.0,0.07,0.0,255,1,0.0,0.07,0.0,0.0,0.0,1.0,1,71143.0
42,1,0,0,0,0,511,0.16,0.0,0.0,1.0,0.0,255,1,0.0,1.0,0.0,0.15,0.0,1.0,1,72366.0
19,9,1202,2449,0,1,1,0.0,0.0,1.0,0.0,0.0,206,34,0.17,0.02,0.0,0.0,0.0,0.0,1,116667.0
42,9,3775,0,0,0,22,0.05,0.0,0.05,0.77,0.0,194,1,0.01,0.1,0.0,0.01,0.0,0.0,0,85999.0
47,5,0,0,0,0,281,1.0,1.0,0.05,0.06,0.0,255,32,0.13,0.07,0.0,1.0,1.0,0.0,1,28692.0
8,5,0,0,0,0,105,1.0,1.0,0.15,0.06,0.0,255,11,0.04,0.07,0.0,1.0,1.0,0.0,1,75673.0
2,5,0,0,0,0,2,1.0,1.0,1.0,0.0,0.0,255,8,0.03,0.08,0.0,1.0,1.0,0.0,1,77689.0
24,9,311,719,0,1,16,0.0,0.0,1.0,0.0,0.12,26,255,1.0,0.0,0.02,0.0,0.0,0.0,0,81369.0
20,9,175337,0,0,1,2,0.0,0.0,0.5,1.0,0.0,234,54,0.23,0.02,0.0,0.0,0.0,0.0,0,81769.0
52,9,1489,332,0,1,1,0.0,0.0,1.0,0.0,0.0,140,138,0.59,0.02,0.01,0.0,0.0,0.0,0,20091.0
58,9,975,165912,0,1,1,0.0,0.0,1.0,0.0,0.0,130,25,0.19,0.03,0.0,0.01,0.04,0.08,0,103773.0
47,9,105,0,0,0,1,0.0,0.0,1.0,0.0,0.0,228,206,0.9,0.01,0.0,0.0,0.0,0.0,0,58890.0
24,9,54540,8314,0,1,4,0.0,0.0,1.0,0.0,0.0,96,96,1.0,0.0,0.0,0.01,0.01,0.01,1,92108.0
12,9,42,42,0,0,10,0.0,0.0,1.0,0.0,0.18,255,253,0.99,0.01,0.0,0.0,0.0,0.0,0,19028.0
12,9,42,108,0,0,1,0.0,0.0,1.0,0.0,0.0,14,233,0.71,0.14,0.01,0.0,0.0,0.0,0,107976.0
14,9,18,0,0,0,1,0.0,0.0,1.0,0.0,0.0,1,110,1.0,0.0,1.0,0.0,0.0,0.0,1,5367.0
66,1,0,0,0,0,207,0.0,0.0,0.02,0.07,0.0,255,4,0.02,0.08,0.0,0.0,0.0,1.0,1,52351.0
24,9,157,479,0,1,2,0.0,0.0,1.0,0.0,0.0,255,255,1.0,0.0,0.0,0.0,0.0,0.0,0,103074.0
12,9,43,43,0,0,114,0.0,0.0,1.0,0.0,0.02,255,254,1.0,0.01,0.0,0.0,0.0,0.0,0,57083.0
24,9,295,471,0,1,24,0.0,0.0,1.0,0.0,0.0,51,255,1.0,0.0,0.03,0.0,0.0,0.0,0,94656.0
47,5,0,0,0,0,19,1.0,1.0,0.21,0.32,0.0,255,13,0.05,0.1,0.0,1.0,1.0,0.0,1,114653.0
58,5,0,0,0,0,2,0.5,1.0,0.5,1.0,0.0,1,2,1.0,0.0,1.0,1.0,0.5,0.0,1,76290.0
18,9,6,219,0,0,1,0.0,0.0,1.0,0.0,0.0,37,10,0.08,0.16,0.2,0.0,0.0,0.0,0,109245.0
24,9,314,2708,0,1,3,0.0,0.0,1.0,0.0,0.33,9,255,1.0,0.0,0.02,0.0,0.0,0.0,0,70387.0
24,9,198,465,0,1,2,0.0,0.0,1.0,0.0,0.09,2,255,1.0,0.0,0.04,0.0,0.0,0.0,0,38247.0
47,5,0,0,0,0,117,1.0,1.0,0.03,0.07,0.0,255,12,0.05,0.06,0.0,1.0,1.0,0.0,1,4728.0
47,9,1,0,0,0,136,0.0,0.0,0.93,0.01,0.0,255,194,0.76,0.04,0.0,0.0,0.0,0.0,1,108390.0
14,9,8,0,0,0,1,0.0,0.0,1.0,0.0,1.0,2,86,1.0,0.0,0.26,0.0,0.0,0.0,1,26284.0
47,9,28,0,3,0,197,0.51,0.0,0.49,0.04,0.0,255,97,0.38,0.62,0.0,0.09,0.0,0.0,1,73035.0
12,9,46,129,0,0,52,0.0,0.0,1.0,0.0,0.0,197,142,0.72,0.02,0.0,0.0,0.0,0.0,0,48229.0
52,9,781,390,0,1,1,0.0,0.0,1.0,0.0,0.0,18,11,0.61,0.22,0.0,0.11,0.0,0.0,0,39969.0
24,5,0,0,0,0,283,1.0,1.0,0.06,0.06,0.0,255,20,0.08,0.07,0.0,1.0,1.0,0.0,1,68760.0
47,3,0,0,0,0,1,0.0,0.0,1.0,0.0,0.0,76,1,0.01,0.11,0.0,0.0,0.0,1.0,1,75919.0
14,9,8,0,0,0,1,0.0,0.0,1.0,0.0,1.0,2,255,1.0,0.0,0.5,0.0,0.0,0.0,1,108490.0
20,9,334,0,0,1,2,0.0,0.0,1.0,0.0,0.0,2,8,1.0,0.0,0.38,0.0,0.0,0.0,1,38640.0
24,1,0,0,0,0,1,0.0,0.0,1.0,0.0,0.0,21,47,1.0,0.0,0.28,0.0,0.0,1.0,0,99833.0
47,1,0,0,0,0,260,0.0,0.0,0.06,0.06,0.0,255,16,0.06,0.07,0.0,0.0,0.0,1.0,1,117286.0
19,9,355,1191,0,1,1,0.0,0.0,1.0,0.0,0.0,255,141,0.55,0.02,0.0,0.0,0.0,0.0,1,56250.0
24,9,200,1069,0,1,4,0.0,0.0,1.0,0.0,0.0,5,255,1.0,0.0,0.02,0.0,0.0,0.0,0,66837.0
24,1,0,0,0,0,1,0.0,0.0,1.0,0.0,0.0,2,255,1.0,0.0,0.15,0.0,0.0,0.93,0,55626.0
24,9,285,1045,0,1,4,0.25,0.14,1.0,0.0,0.14,4,255,1.0,0.0,0.04,0.25,0.0,0.0,0,117197.0
24,9,233,1076,0,1,4,0.25,0.25,1.0,0.0,0.0,9,255,1.0,0.0,0.04,0.11,0.01,0.0,0,74961.0
52,9,1185,334,0,1,1,0.0,0.0,1.0,0.0,0.0,69,129,0.57,0.06,0.02,0.0,0.11,0.0,0,45194.0
20,9,190,0,0,0,1,0.0,0.0,1.0,0.0,0.0,255,122,0.48,0.02,0.0,0.0,0.0,0.0,0,84014.0
52,9,1169,327,0,1,1,0.0,0.0,1.0,0.0,0.0,109,191,0.64,0.03,0.01,0.0,0.0,0.0,0,125357.0
20,9,374,0,0,1,155,0.97,0.0,0.03,0.06,0.0,255,11,0.04,0.06,0.0,0.96,0.0,0.0,0,2030.0
12,9,43,131,0,0,215,0.0,0.0,1.0,0.0,0.01,255,253,0.99,0.01,0.0,0.0,0.0,0.0,0,72702.0
47,5,0,0,0,0,234,1.0,1.0,0.0,0.06,0.0,255,20,0.08,0.06,0.0,1.0,1.0,0.0,1,36631.0
42,9,516,4,0,0,352,0.0,0.0,1.0,0.0,0.0,255,255,1.0,0.0,0.0,0.0,0.0,0.0,0,124459.0
42,9,146,105,0,0,1,0.0,0.0,1.0,0.0,0.0,255,2,0.01,0.85,0.0,0.0,0.0,0.0,0,106671.0
52,9,1924,338,0,1,1,0.0,0.0,1.0,0.0,1.0,255,161,0.63,0.02,0.0,0.0,0.0,0.0,0,47689.0
15,9,1032,0,0,0,509,0.0,0.0,1.0,0.0,0.0,255,7,0.03,0.05,0.0,0.39,0.0,0.0,1,86720.0
52,9,1070,330,0,1,1,0.0,0.0,1.0,0.0,1.0,142,120,0.59,0.04,0.02,0.0,0.0,0.0,0,66660.0
24,9,216,2019,0,1,22,0.0,0.0,1.0,0.0,0.0,255,255,1.0,0.0,0.0,0.0,0.0,0.0,0,86475.0
47,5,0,0,0,0,141,1.0,1.0,0.06,0.06,0.0,255,14,0.05,0.07,0.0,1.0,1.0,0.0,1,37345.0
14,9,8,0,0,0,1,0.0,0.0,1.0,0.0,1.0,1,131,1.0,0.0,0.5,0.0,0.0,0.0,1,27964.0
24,9,159,9542,0,1,1,0.0,0.0,1.0,0.0,0.0,59,254,1.0,0.0,0.03,0.0,0.0,0.01,0,116634.0
58,5,0,0,0,0,77,1.0,1.0,0.25,0.05,0.0,255,63,0.25,0.02,0.0,1.0,1.0,0.0,1,64932.0
24,9,231,617,0,1,17,0.0,0.0,1.0,0.0,0.09,255,255,1.0,0.0,0.0,0.0,0.0,0.0,0,125542.0
34,5,0,0,0,0,60,1.0,1.0,0.05,0.1,0.0,255,3,0.01,0.05,0.0,1.0,1.0,0.0,1,40527.0
8,5,0,0,0,0,236,1.0,1.0,0.02,0.06,0.0,255,4,0.02,0.07,0.0,1.0,1.0,0.0,1,28134.0
47,5,0,0,0,0,101,1.0,1.0,0.17,0.06,0.0,255,19,0.07,0.06,0.0,1.0,1.0,0.0,1,2862.0
65,1,0,0,0,0,269,0.0,0.0,0.02,0.06,0.0,255,6,0.02,0.07,0.0,0.0,0.0,1.0,1,82247.0
24,9,196,170,0,1,3,0.0,0.0,1.0,0.0,0.4,155,255,1.0,0.0,0.02,0.0,0.0,0.0,0,72197.0
24,9,206,3581,0,1,12,0.0,0.0,1.0,0.0,0.0,30,255,1.0,0.0,0.02,0.0,0.0,0.0,0,63183.0
52,9,702,333,0,1,1,0.0,0.0,1.0,0.0,0.0,78,41,0.53,0.06,0.0,0.0,0.0,0.0,0,122809.0
47,5,0,0,0,0,195,1.0,1.0,0.09,0.06,0.0,255,5,0.02,0.07,0.0,1.0,1.0,0.0,1,10577.0
19,5,0,0,0,0,267,1.0,1.0,0.02,0.06,0.0,255,16,0.06,0.07,0.0,1.0,1.0,0.0,1,99110.0
18,5,0,0,0,0,69,1.0,1.0,0.25,0.06,0.0,255,58,0.23,0.03,0.0,1.0,1.0,0.0,1,12490.0
24,9,167,276,0,1,1,0.0,0.0,1.0,0.0,0.0,1,255,1.0,0.0,0.05,0.0,0.0,0.0,0,111783.0
18,5,0,0,0,0,15,1.0,1.0,0.27,0.27,0.0,255,64,0.25,0.02,0.0,1.0,1.0,0.0,1,103402.0
47,5,0,0,0,0,150,1.0,1.0,0.13,0.05,0.0,255,11,0.04,0.07,0.0,1.0,1.0,0.0,1,104472.0
33,5,0,0,0,0,222,1.0,1.0,0.08,0.06,0.0,255,18,0.07,0.08,0.0,1.0,1.0,0.0,1,64026.0
24,9,269,2117,0,1,13,0.0,0.0,1.0,0.0,0.0,119,255,1.0,0.0,0.02,0.0,0.0,0.0,0,4765.0
6,4,0,0,0,0,1,0.0,0.0,1.0,0.0,0.0,255,1,0.0,0.72,0.0,0.0,0.0,1.0,1,89554.0
47,5,0,0,0,0,45,1.0,1.0,0.38,0.13,0.0,255,17,0.07,0.09,0.0,1.0,1.0,0.0,1,72099.0
24,9,254,1974,0,1,1,0.0,0.0,1.0,0.0,0.15,74,255,1.0,0.0,0.05,0.0,0.0,0.01,0,78844.0
47,5,0,0,0,0,267,1.0,1.0,0.07,0.06,0.0,255,11,0.04,0.06,0.0,1.0,1.0,0.0,1,120400.0
0,4,861,9304,0,0,1,0.0,0.0,1.0,0.0,0.0,27,8,0.3,0.11,0.0,0.0,0.0,1.0,0,5162.0
20,9,768,0,0,0,16,0.0,0.0,1.0,0.0,0.0,54,22,0.41,0.06,0.0,0.0,0.0,0.0,0,56312.0
24,1,0,0,0,0,1,0.0,0.0,1.0,0.0,1.0,1,212,1.0,0.0,0.11,0.0,0.0,0.99,0,29314.0
6,5,0,0,0,0,147,1.0,1.0,0.14,0.05,0.0,255,20,0.08,0.06,0.0,1.0,1.0,0.0,1,53006.0
30,5,0,0,0,0,144,1.0,1.0,0.1,0.06,0.0,255,1,0.0,0.08,0.0,1.0,1.0,0.0,1,114100.0
12,9,45,139,0,0,76,0.0,0.0,1.0,0.0,0.01,255,255,1.0,0.0,0.0,0.0,0.0,0.0,0,9801.0
12,9,41,72,0,0,166,0.0,0.0,1.0,0.0,0.0,255,249,0.98,0.01,0.0,0.0,0.0,0.0,0,26129.0
12,9,34,34,0,0,3,0.0,0.0,1.0,0.0,0.44,255,255,1.0,0.0,0.0,0.0,0.0,0.0,0,103194.0
24,9,220,6392,0,1,10,0.0,0.0,1.0,0.0,0.0,116,255,1.0,0.0,0.02,0.0,0.0,0.0,0,94828.0
24,5,0,0,0,0,28,1.0,1.0,0.43,0.14,0.0,255,68,0.27,0.02,0.0,1.0,1.0,0.0,1,108177.0
12,9,46,125,0,0,72,0.0,0.0,1.0,0.0,0.01,255,192,0.75,0.02,0.0,0.0,0.0,0.0,0,96726.0
25,1,0,0,0,0,102,0.0,0.0,0.02,0.07,0.0,255,2,0.01,0.06,0.0,0.0,0.0,1.0,1,19922.0
24,9,234,557,0,1,14,0.0,0.0,1.0,0.0,0.11,34,255,1.0,0.0,0.05,0.0,0.0,0.0,0,117019.0
24,9,206,13209,0,1,1,0.0,0.0,1.0,0.0,0.0,255,255,1.0,0.0,0.0,0.0,0.0,0.0,0,55021.0
47,1,0,0,0,0,260,0.0,0.0,0.01,0.06,0.0,255,3,0.01,0.08,0.0,0.0,0.0,1.0,1,23298.0
24,9,209,469,0,1,10,0.0,0.17,1.0,0.0,0.25,62,255,1.0,0.0,0.11,0.0,0.0,0.69,0,56330.0
56,5,0,0,0,0,261,1.0,1.0,0.03,0.06,0.0,255,13,0.05,0.07,0.0,1.0,1.0,0.0,1,111396.0
15,9,1032,0,0,0,226,0.0,0.0,1.0,0.0,0.0,255,226,0.89,0.01,0.0,0.0,0.0,0.0,1,61766.0
24,9,312,20331,0,1,18,0.0,0.0,1.0,0.0,0.0,255,255,1.0,0.0,0.0,0.0,0.0,0.0,0,73344.0
40,5,0,0,0,0,197,1.0,1.0,0.1,0.06,0.0,255,19,0.07,0.07,0.0,1.0,1.0,0.0,1,77892.0
47,5,0,0,0,0,205,1.0,1.0,0.01,0.07,0.0,255,11,0.04,0.07,0.0,1.0,1.0,0.0,1,112537.0
7,5,0,0,0,0,14,1.0,1.0,0.07,0.21,0.0,255,2,0.01,0.09,0.0,1.0,1.0,0.0,1,41651.0
24,9,194,1187,0,1,16,0.0,0.0,1.0,0.0,0.0,139,255,1.0,0.0,0.02,0.0,0.0,0.01,0,86778.0
5,5,0,0,0,0,261,1.0,1.0,0.04,0.07,0.0,255,10,0.04,0.08,0.0,1.0,1.0,0.0,1,85835.0
24,9,292,269,0,1,14,0.0,0.0,1.0,0.0,0.15,255,255,1.0,0.0,0.0,0.0,0.0,0.0,0,123375.0
24,9,220,1748,0,1,17,0.0,0.0,1.0,0.0,0.0,17,53,1.0,0.0,0.11,0.0,0.02,0.0,0,39998.0
12,9,43,68,0,0,116,0.0,0.0,1.0,0.0,0.0,255,254,1.0,0.01,0.0,0.0,0.0,0.0,0,77820.0
35,5,0,0,0,0,234,1.0,1.0,0.03,0.06,0.0,255,8,0.03,0.07,0.0,1.0,1.0,0.0,1,32513.0
47,4,0,0,0,0,1,0.0,0.0,1.0,0.0,0.0,181,1,0.01,0.46,0.0,0.0,0.0,1.0,1,45137.0
15,9,1032,0,0,0,510,0.0,0.0,1.0,0.0,0.0,255,204,0.8,0.02,0.0,0.0,0.0,0.0,1,106871.0
47,1,0,0,0,0,99,0.01,0.0,0.01,1.0,0.0,255,1,0.0,0.4,0.0,0.0,0.0,1.0,1,74912.0
58,5,0,0,0,0,297,1.0,1.0,0.03,0.05,0.0,255,8,0.03,0.05,0.0,1.0,1.0,0.0,1,7590.0
24,1,0,0,0,0,8,0.0,0.0,1.0,0.0,0.0,8,255,1.0,0.0,0.01,0.0,0.0,0.03,0,104474.0
26,9,1333,174,0,1,1,0.0,0.0,1.0,0.0,0.0,255,2,0.01,0.01,0.0,0.0,0.0,0.0,0,25417.0
24,9,304,454,0,1,7,0.0,0.0,1.0,0.0,0.29,255,255,1.0,0.0,0.0,0.0,0.0,0.0,0,115975.0
47,5,0,0,0,0,124,1.0,1.0,0.06,0.06,0.0,255,5,0.02,0.05,0.0,1.0,1.0,0.0,1,66037.0
12,9,46,71,0,0,64,0.0,0.0,1.0,0.0,0.01,255,243,0.95,0.01,0.0,0.0,0.0,0.0,0,16485.0
24,9,207,771,0,1,13,0.0,0.0,1.0,0.0,0.0,255,255,1.0,0.0,0.0,0.0,0.0,0.0,0,66607.0
66,5,0,0,0,0,260,1.0,1.0,0.02,0.06,0.0,255,5,0.02,0.06,0.0,1.0,1.0,0.0,1,125164.0
42,9,146,105,0,0,1,0.0,0.0,1.0,0.0,0.0,255,2,0.01,0.75,0.0,0.0,0.0,0.0,0,57851.0
52,9,1531,325,0,1,1,0.0,0.0,1.0,0.0,1.0,71,164,0.89,0.07,0.02,0.0,0.01,0.0,0,46258.0
25,5,0,0,0,0,126,1.0,1.0,0.02,0.07,0.0,255,2,0.01,0.06,0.0,1.0,1.0,0.0,1,83744.0
47,1,0,0,0,0,68,0.01,0.0,0.01,1.0,0.0,255,1,0.0,0.29,0.0,0.0,0.0,1.0,1,30879.0
34,5,0,0,0,0,30,1.0,1.0,0.23,0.17,0.0,255,7,0.03,0.09,0.0,1.0,1.0,0.0,1,52142.0
41,9,48,48,0,0,1,0.0,0.0,1.0,0.0,0.0,213,20,0.09,0.01,0.0,0.0,0.0,0.0,0,4492.0
41,9,48,48,0,0,1,0.0,0.0,1.0,0.0,0.0,85,24,0.28,0.04,0.0,0.0,0.0,0.0,0,116104.0
52,5,0,0,0,0,2,0.5,0.5,1.0,0.0,0.0,255,9,0.04,0.64,0.0,0.0,0.11,0.0,0,17885.0
47,5,0,0,0,0,133,1.0,1.0,0.13,0.05,0.0,255,20,0.08,0.07,0.0,1.0,1.0,0.0,1,35420.0
11,5,0,0,0,0,287,1.0,1.0,0.07,0.06,0.0,255,20,0.08,0.07,0.0,1.0,1.0,0.0,1,55212.0
30,5,0,0,0,0,5,1.0,1.0,0.8,0.4,0.0,255,4,0.02,0.08,0.0,1.0,1.0,0.0,1,63303.0
12,9,44,44,0,0,122,0.0,0.0,1.0,0.0,0.01,255,254,1.0,0.01,0.0,0.0,0.0,0.0,0,109147.0
24,9,54540,8314,0,1,1,0.0,0.0,1.0,0.0,1.0,181,181,1.0,0.0,0.0,0.0,0.0,0.01,1,7422.0
13,5,0,0,0,0,148,1.0,1.0,0.13,0.05,0.0,255,9,0.04,0.07,0.0,1.0,1.0,0.0,1,86675.0
4,5,0,0,0,0,258,1.0,1.0,0.0,0.07,0.0,255,1,0.0,0.09,0.0,1.0,1.0,0.0,1,24921.0
52,9,1762,331,0,1,1,0.0,0.0,1.0,0.0,0.0,30,122,0.73,0.07,0.02,0.0,0.0,0.0,0,8590.0
34,5,0,0,0,0,237,1.0,1.0,0.02,0.06,0.0,255,5,0.02,0.07,0.0,1.0,1.0,0.0,1,101991.0
18,5,0,0,0,0,68,1.0,1.0,0.28,0.06,0.0,255,59,0.23,0.03,0.0,1.0,1.0,0.0,1,83020.0
47,5,0,0,0,0,9,1.0,1.0,0.67,0.33,0.0,255,6,0.02,0.08,0.0,1.0,1.0,0.0,1,50573.0
12,9,30,30,0,0,1,0.0,0.0,1.0,0.0,1.0,255,240,0.94,0.01,0.0,0.0,0.0,0.0,0,72473.0
52,9,2137,328,0,1,1,0.0,0.0,1.0,0.0,0.0,118,177,0.81,0.03,0.01,0.0,0.0,0.0,0,13067.0
12,9,43,130,0,0,303,0.0,0.0,1.0,0.0,0.0,255,254,1.0,0.01,0.0,0.0,0.0,0.0,0,70776.0
2,1,0,0,0,0,105,0.0,0.0,0.11,0.06,0.0,255,12,0.05,0.07,0.0,0.0,0.0,1.0,1,31236.0
47,9,28,0,3,0,3,0.0,0.0,1.0,0.0,0.0,255,70,0.27,0.01,0.0,0.0,0.0,0.0,1,79281.0
24,9,260,1288,0,1,26,0.0,0.0,1.0,0.0,0.0,255,255,1.0,0.0,0.0,0.0,0.0,0.0,0,63122.0
47,5,0,0,0,0,217,1.0,1.0,0.07,0.06,0.0,255,11,0.04,0.07,0.0,1.0,1.0,0.0,1,16466.0
12,9,44,73,0,0,135,0.0,0.0,1.0,0.0,0.0,255,182,0.71,0.01,0.0,0.0,0.0,0.0,0,16413.0
13,5,0,0,0,0,234,1.0,1.0,0.02,0.07,0.0,255,4,0.02,0.07,0.0,1.0,1.0,0.0,1,44793.0
42,1,0,0,0,0,511,0.21,0.0,0.0,1.0,0.0,255,1,0.0,1.0,0.0,0.25,0.0,1.0,1,12030.0
24,9,155,3368,0,1,11,0.0,0.0,1.0,0.0,0.15,11,255,1.0,0.0,0.04,0.0,0.0,0.0,0,21803.0
24,9,222,1337,0,1,13,0.0,0.0,1.0,0.0,0.0,13,255,1.0,0.0,0.03,0.0,0.0,0.0,0,25154.0
47,5,0,0,0,0,242,1.0,1.0,0.09,0.04,0.0,102,21,0.21,0.08,0.0,0.98,1.0,0.0,1,20136.0
58,5,0,0,0,0,55,1.0,1.0,0.24,0.07,0.0,255,45,0.18,0.04,0.0,1.0,1.0,0.0,1,38768.0
12,9,88,0,0,0,1,0.0,0.0,1.0,0.0,1.0,63,63,1.0,0.0,0.0,0.0,0.0,0.0,0,52587.0
18,2,0,0,0,0,241,0.0,0.0,0.02,0.07,0.0,255,6,0.02,0.07,0.0,0.0,0.0,1.0,1,22653.0
20,9,334,0,0,1,1,0.0,0.0,1.0,0.0,0.0,1,42,1.0,0.0,0.17,0.0,0.0,0.0,1,13485.0
14,9,8,0,0,0,1,0.0,0.0,1.0,0.0,1.0,1,65,1.0,0.0,0.51,0.0,0.0,0.0,1,82138.0
24,9,228,32755,0,1,1,0.0,0.0,1.0,0.0,1.0,255,255,1.0,0.0,0.0,0.0,0.0,0.0,0,35345.0
4,5,0,0,0,0,109,1.0,1.0,0.08,0.06,0.0,255,9,0.04,0.07,0.0,1.0,1.0,0.0,1,6496.0
42,4,1,0,0,0,2,0.0,0.0,1.0,0.0,0.0,255,2,0.01,0.67,0.0,0.0,0.0,1.0,1,84682.0
47,4,0,0,0,0,2,0.0,0.0,1.0,0.0,0.0,190,2,0.01,0.19,0.0,0.0,0.0,1.0,1,114730.0
58,5,0,0,0,0,55,1.0,1.0,0.24,0.07,0.0,255,47,0.18,0.04,0.0,1.0,1.0,0.0,1,98547.0
4,1,0,0,0,0,121,0.0,0.0,0.02,0.07,0.0,255,2,0.01,0.08,0.0,0.0,0.0,1.0,1,108201.0
20,5,0,0,0,0,50,1.0,1.0,0.28,0.08,0.0,255,68,0.27,0.02,0.0,1.0,1.0,0.0,1,121357.0
12,9,42,128,0,0,73,0.0,0.0,1.0,0.0,0.01,255,255,1.0,0.0,0.0,0.0,0.0,0.0,0,26383.0
60,5,0,0,0,0,123,1.0,1.0,0.15,0.07,0.0,255,18,0.07,0.06,0.0,1.0,1.0,0.0,1,25348.0
52,9,977,332,0,1,1,0.0,0.0,1.0,0.0,1.0,124,147,0.48,0.04,0.01,0.0,0.0,0.0,0,44718.0
12,9,43,43,0,0,226,0.0,0.0,1.0,0.0,0.0,255,255,1.0,0.0,0.0,0.0,0.0,0.0,0,22815.0
24,9,246,198,0,1,1,0.0,0.59,1.0,0.0,0.09,54,255,1.0,0.0,0.02,0.0,0.0,0.0,0,97024.0
52,9,690,326,0,1,1,0.0,0.0,1.0,0.0,0.0,182,163,0.75,0.03,0.01,0.0,0.0,0.0,0,80266.0
47,5,0,0,0,0,228,1.0,1.0,0.02,0.07,0.0,255,3,0.01,0.07,0.0,1.0,1.0,0.0,1,65163.0
47,5,0,0,0,0,248,1.0,1.0,0.05,0.06,0.0,255,18,0.07,0.07,0.0,1.0,1.0,0.0,1,97662.0
15,9,520,0,0,0,269,0.0,0.0,1.0,0.0,0.0,255,255,1.0,0.0,0.0,0.0,0.0,0.0,1,2298.0
24,9,217,1239,0,1,14,0.0,0.0,1.0,0.0,0.0,14,255,1.0,0.0,0.04,0.0,0.0,0.0,0,45464.0
24,9,314,2003,0,1,4,0.0,0.0,1.0,0.0,0.0,216,255,1.0,0.0,0.01,0.0,0.0,0.0,0,49267.0
52,9,2192,397,0,1,1,0.0,0.0,1.0,0.0,0.0,162,248,0.97,0.01,0.01,0.0,0.0,0.0,0,6707.0
24,9,297,924,0,1,4,0.0,0.0,1.0,0.0,0.0,255,255,1.0,0.0,0.0,0.0,0.0,0.0,0,76786.0
24,9,272,267,0,1,20,0.0,0.0,1.0,0.0,0.0,171,255,1.0,0.0,0.01,0.0,0.0,0.0,0,43724.0
15,9,520,0,0,0,200,0.0,0.0,1.0,0.0,0.0,255,255,1.0,0.0,0.0,0.0,0.0,0.0,1,118012.0
24,9,284,9046,0,1,1,0.0,0.0,1.0,0.0,0.0,111,255,1.0,0.0,0.05,0.0,0.0,0.0,0,125079.0
24,9,216,1956,0,1,1,0.0,0.0,1.0,0.0,0.1,12,255,1.0,0.0,0.05,0.0,0.0,0.0,0,385.0
21,5,0,0,0,0,251,1.0,1.0,0.04,0.06,0.0,255,9,0.04,0.08,0.0,1.0,1.0,0.0,1,46726.0
14,9,8,0,0,0,1,0.0,0.0,1.0,0.0,1.0,1,37,1.0,0.0,0.51,0.0,0.0,0.0,1,57091.0
24,9,255,35916,0,1,1,0.0,0.0,1.0,0.0,0.05,255,225,0.88,0.01,0.0,0.0,0.0,0.0,0,41210.0
14,9,8,0,0,0,1,0.0,0.0,1.0,0.0,1.0,2,64,1.0,0.0,0.5,0.0,0.0,0.0,1,120897.0
14,9,18,0,0,0,1,0.0,0.0,1.0,0.0,1.0,1,27,1.0,0.0,1.0,0.0,0.0,0.0,1,75141.0
12,9,43,130,0,0,81,0.0,0.0,1.0,0.0,0.01,255,247,0.97,0.01,0.0,0.0,0.0,0.0,0,80115.0
12,9,44,113,0,0,3,0.0,0.0,1.0,0.0,0.4,255,252,0.99,0.01,0.0,0.0,0.0,0.0,0,113712.0
20,9,383,0,0,1,2,0.0,0.0,1.0,0.0,0.0,255,72,0.28,0.02,0.0,0.0,0.0,0.0,0,10835.0
24,9,293,1040,0,1,6,0.0,0.0,1.0,0.0,0.22,255,255,1.0,0.0,0.0,0.0,0.0,0.0,0,4329.0
39,5,0,0,0,0,149,1.0,1.0,0.01,0.06,0.0,255,1,0.0,0.07,0.0,1.0,1.0,0.0,1,82934.0
24,9,244,1571,0,1,3,0.0,0.0,1.0,0.0,0.0,25,255,1.0,0.0,0.02,0.0,0.0,0.02,0,21117.0
42,9,147,105,0,0,1,0.0,0.0,1.0,0.0,0.0,255,3,0.01,0.6,0.0,0.0,0.0,0.0,0,94387.0
38,5,0,0,0,0,231,1.0,1.0,0.05,0.06,0.0,255,11,0.04,0.07,0.0,1.0,1.0,0.0,1,92817.0
47,5,0,0,0,0,224,1.0,1.0,0.06,0.06,0.0,255,14,0.05,0.05,0.0,1.0,1.0,0.0,1,58898.0
20,9,334,0,0,1,2,0.0,0.0,1.0,0.0,0.0,9,46,1.0,0.0,0.07,0.0,0.02,0.0,1,5030.0
47,5,0,0,0,0,242,1.0,1.0,0.03,0.07,0.0,255,15,0.06,0.08,0.0,1.0,1.0,0.0,1,118667.0
12,9,45,110,0,0,1,0.0,0.0,1.0,0.0,0.67,255,234,0.92,0.01,0.0,0.0,0.0,0.0,0,88562.0
24,9,330,16122,0,1,2,0.0,0.0,1.0,0.0,0.0,18,255,1.0,0.0,0.04,0.0,0.01,0.0,0,71932.0
19,9,1205,3373,0,1,1,0.0,0.0,1.0,0.0,0.0,237,45,0.19,0.03,0.0,0.0,0.0,0.0,0,89274.0
12,9,36,36,0,0,7,0.0,0.0,0.86,0.29,0.14,255,241,0.95,0.01,0.0,0.0,0.0,0.0,0,84134.0
19,2,0,0,0,0,1,0.0,0.0,1.0,0.0,0.0,129,31,0.24,0.04,0.0,0.0,0.0,0.1,0,104627.0
20,5,0,0,0,0,73,1.0,1.0,0.21,0.05,0.0,255,68,0.27,0.02,0.0,1.0,1.0,0.0,1,77939.0
24,9,321,1560,0,1,14,0.0,0.0,1.0,0.0,0.13,120,168,1.0,0.0,0.02,0.0,0.0,0.0,0,68988.0
47,5,0,0,0,0,15,1.0,1.0,0.4,0.13,0.0,255,6,0.02,0.08,0.0,1.0,1.0,0.0,1,37305.0
47,9,28,0,3,0,22,0.0,0.0,1.0,0.0,0.0,255,22,0.09,0.01,0.0,0.0,0.0,0.0,1,27407.0
24,5,0,0,0,0,10,1.0,0.91,1.0,0.0,0.18,10,10,1.0,0.0,0.0,1.0,1.0,0.0,1,96258.0
24,9,259,4868,0,1,1,0.0,0.0,1.0,0.0,0.0,255,240,0.94,0.02,0.0,0.0,0.0,0.0,0,87696.0
20,9,748,0,0,1,1,0.0,0.0,1.0,0.0,0.0,118,45,0.11,0.03,0.04,0.01,0.02,0.0,0,21881.0
24,9,194,458,0,1,2,0.0,0.0,1.0,0.0,0.0,4,255,1.0,0.0,0.03,0.0,0.0,0.0,0,28993.0
7,5,0,0,0,0,275,1.0,1.0,0.09,0.04,0.0,255,24,0.09,0.05,0.0,1.0,1.0,0.0,1,30892.0
24,5,0,0,0,0,257,1.0,1.0,0.02,0.06,0.0,255,4,0.02,0.06,0.0,1.0,1.0,0.0,1,93526.0
12,9,48,114,0,0,1,0.0,0.0,1.0,0.0,0.0,16,10,0.62,0.12,0.0,0.0,0.0,0.0,0,95655.0
24,9,324,796,0,1,51,0.0,0.0,1.0,0.0,0.04,93,255,1.0,0.0,0.03,0.0,0.0,0.0,0,35805.0
4,1,0,0,0,0,291,0.0,0.0,0.06,0.06,0.0,255,17,0.07,0.07,0.0,0.0,0.0,1.0,1,15359.0
31,5,0,0,0,0,284,1.0,1.0,0.07,0.06,0.0,255,19,0.07,0.08,0.0,1.0,1.0,0.0,1,66472.0
47,1,0,0,0,0,195,0.0,0.0,0.01,0.07,0.0,255,2,0.01,0.08,0.0,0.0,0.0,1.0,1,74055.0
12,9,46,83,0,0,271,0.0,0.0,1.0,0.01,0.01,255,246,0.96,0.01,0.0,0.0,0.0,0.0,0,115011.0
20,9,334,0,0,1,2,0.0,0.0,1.0,0.0,0.0,255,69,0.27,0.13,0.0,0.02,0.01,0.0,1,68194.0
47,9,1,0,0,0,8,0.0,0.0,0.25,0.38,0.0,255,22,0.09,0.71,0.0,0.01,0.0,0.0,1,57035.0
18,5,0,0,0,0,29,1.0,1.0,0.24,0.14,0.0,111,30,0.24,0.04,0.07,0.98,0.9,0.0,1,78806.0
58,5,0,0,0,0,46,1.0,1.0,0.2,0.09,0.0,255,63,0.25,0.02,0.0,1.0,1.0,0.0,1,120304.0
31,5,0,0,0,0,271,1.0,1.0,0.06,0.06,0.0,255,6,0.02,0.07,0.0,1.0,1.0,0.0,1,78872.0
24,9,231,284,0,1,25,0.0,0.0,1.0,0.0,0.0,133,255,1.0,0.0,0.03,0.0,0.0,0.0,0,10102.0
24,9,156,634,0,1,5,0.0,0.0,1.0,0.0,0.0,255,255,1.0,0.0,0.0,0.0,0.0,0.0,0,70025.0
52,9,1452,473,0,1,8,0.0,0.0,0.12,0.25,1.0,255,8,0.03,0.01,0.0,0.0,0.0,0.0,0,41414.0
42,1,0,0,0,0,1,0.0,0.0,1.0,0.0,0.0,23,23,1.0,0.0,0.0,0.0,0.0,1.0,0,124382.0
52,9,636,331,0,1,2,0.0,0.0,1.0,0.0,0.0,142,169,0.74,0.02,0.01,0.0,0.0,0.0,0,118431.0
12,9,43,136,0,0,1,0.0,0.0,1.0,0.0,0.02,255,218,0.85,0.01,0.0,0.0,0.0,0.0,0,53422.0
47,5,0,0,0,0,212,1.0,1.0,0.03,0.07,0.0,255,6,0.02,0.09,0.0,1.0,1.0,0.0,1,87289.0
62,9,181,0,0,0,3,0.0,0.0,0.67,0.67,0.0,255,31,0.12,0.01,0.0,0.0,0.0,0.0,0,66133.0
24,1,0,0,0,0,1,0.0,0.0,1.0,0.0,0.0,250,207,0.83,0.02,0.0,0.0,0.0,1.0,0,122372.0
25,1,0,0,0,0,79,0.0,0.0,0.16,0.08,0.0,255,13,0.05,0.06,0.0,0.0,0.0,1.0,1,27312.0
12,9,45,79,0,0,172,0.0,0.0,1.0,0.0,0.0,255,254,1.0,0.01,0.0,0.0,0.0,0.0,0,30136.0
24,9,211,263,0,1,8,0.0,0.0,1.0,0.0,0.0,255,255,1.0,0.0,0.0,0.0,0.0,0.0,0,59843.0
24,1,0,0,0,0,270,0.0,0.0,0.05,0.07,0.0,255,14,0.05,0.07,0.0,0.0,0.0,1.0,1,56133.0
47,5,0,0,0,0,145,1.0,1.0,0.04,0.09,0.0,255,6,0.02,0.07,0.0,1.0,1.0,0.0,1,50853.0
47,5,0,0,0,0,61,1.0,1.0,0.07,0.1,0.0,255,17,0.07,0.08,0.0,1.0,1.0,0.0,1,67413.0
24,1,0,0,0,0,1,0.0,0.0,1.0,0.0,0.0,4,231,1.0,0.0,0.05,0.0,0.0,0.72,0,12529.0
7,5,0,0,0,0,36,1.0,1.0,0.25,0.14,0.0,255,10,0.04,0.08,0.0,1.0,1.0,0.0,1,69473.0
24,9,286,810,0,1,33,0.0,0.0,1.0,0.0,0.0,255,255,1.0,0.0,0.0,0.0,0.0,0.0,0,31710.0
42,9,147,0,0,0,5,0.0,0.0,0.2,0.6,0.0,255,1,0.0,0.17,0.0,0.0,0.0,0.0,0,106411.0
24,9,320,4137,0,1,7,0.0,0.0,1.0,0.0,0.0,203,255,1.0,0.0,0.01,0.0,0.0,0.0,0,120148.0
47,5,0,0,0,0,254,1.0,1.0,0.03,0.07,0.0,255,8,0.03,0.08,0.0,1.0,1.0,0.0,1,96409.0
52,9,666,337,0,1,1,0.0,0.0,1.0,0.0,0.0,64,152,0.81,0.05,0.01,0.0,0.0,0.0,0,83882.0
47,5,0,0,0,0,119,1.0,1.0,0.19,0.04,0.0,255,23,0.09,0.04,0.0,1.0,1.0,0.0,1,124364.0
20,9,12,0,0,1,2,0.0,0.0,1.0,0.0,0.0,95,42,0.15,0.04,0.05,0.0,0.0,0.0,0,74546.0
14,9,8,0,0,0,1,0.0,0.0,1.0,0.0,1.0,1,55,1.0,0.0,0.51,0.0,0.0,0.0,1,37024.0
24,9,256,9621,0,1,4,0.0,0.0,1.0,0.0,0.0,255,255,1.0,0.0,0.0,0.0,0.0,0.0,0,7333.0
47,5,0,0,0,0,109,1.0,1.0,0.1,0.06,0.0,255,31,0.12,0.05,0.0,1.0,1.0,0.0,1,120833.0
47,4,0,0,0,0,1,0.0,0.0,1.0,0.0,0.0,155,1,0.01,0.14,0.0,0.0,0.0,1.0,1,19898.0
12,9,46,46,0,0,76,0.0,0.0,1.0,0.0,0.0,255,252,0.99,0.01,0.0,0.0,0.0,0.0,0,19673.0
38,5,0,0,0,0,53,1.0,1.0,0.15,0.11,0.0,255,8,0.03,0.09,0.0,1.0,1.0,0.0,1,3389.0
14,9,8,0,0,0,1,0.0,0.0,1.0,0.0,1.0,1,207,1.0,0.0,0.5,0.0,0.0,0.0,1,31270.0
47,1,0,0,0,0,85,0.0,0.0,0.13,0.07,0.0,255,24,0.09,0.06,0.0,0.0,0.0,1.0,1,71516.0
47,5,0,0,0,0,148,1.0,1.0,0.09,0.07,0.0,255,14,0.05,0.05,0.0,1.0,1.0,0.0,1,110637.0
47,5,0,0,0,0,110,1.0,1.0,0.07,0.06,0.0,11,8,0.73,0.27,0.0,1.0,1.0,0.0,1,18473.0
52,9,690,333,0,1,1,0.0,0.0,1.0,0.0,0.0,37,164,0.62,0.08,0.01,0.0,0.0,0.0,0,27325.0
47,5,0,0,0,0,253,1.0,1.0,0.07,0.06,0.0,255,7,0.03,0.07,0.0,1.0,1.0,0.0,1,1475.0
24,9,196,43129,0,1,6,0.0,0.0,1.0,0.0,0.0,98,255,1.0,0.0,0.04,0.0,0.0,0.0,0,85100.0
14,9,8,0,0,0,1,0.0,0.0,1.0,0.0,1.0,1,44,1.0,0.0,0.52,0.0,0.0,0.0,1,117660.0
24,9,336,11919,0,1,2,0.0,0.0,1.0,0.0,0.22,4,255,1.0,0.0,0.03,0.0,0.0,0.0,0,115214.0
24,9,326,284,0,1,5,0.0,0.0,1.0,0.0,0.0,255,255,1.0,0.0,0.0,0.0,0.0,0.0,0,46154.0
20,9,501760,0,0,1,2,0.0,0.0,1.0,0.0,0.0,41,38,0.49,0.07,0.08,0.02,0.03,0.0,0,28822.0
47,5,0,0,0,0,241,1.0,1.0,0.02,0.06,0.0,255,1,0.0,0.07,0.0,1.0,1.0,0.0,1,120792.0
47,9,105,147,0,0,1,0.0,0.0,1.0,0.0,0.0,195,193,0.99,0.01,0.0,0.0,0.0,0.0,0,56403.0
14,9,8,0,0,0,1,0.0,0.0,1.0,0.0,1.0,3,215,1.0,0.0,0.25,0.0,0.0,0.0,1,118281.0
12,9,45,73,0,0,150,0.0,0.0,1.0,0.0,0.0,255,188,0.74,0.01,0.0,0.0,0.0,0.0,0,42398.0
24,9,205,1643,0,1,3,0.0,0.0,1.0,0.0,0.0,16,255,1.0,0.0,0.06,0.0,0.0,0.0,0,46973.0
14,9,30,0,0,0,2,0.0,0.0,1.0,0.0,0.0,195,195,1.0,0.0,0.0,0.0,0.0,0.0,0,75447.0
47,9,1,0,0,0,27,0.0,0.0,0.07,0.26,0.0,255,2,0.01,0.65,0.0,0.0,0.0,0.0,1,47031.0
47,5,0,0,0,0,299,1.0,1.0,0.07,0.06,0.0,255,18,0.07,0.05,0.0,1.0,1.0,0.0,1,32766.0
24,1,0,0,0,0,1,0.0,0.0,1.0,0.0,0.0,3,255,1.0,0.0,0.14,0.0,0.0,0.72,0,83422.0
42,5,0,0,0,0,156,1.0,1.0,0.14,0.05,0.0,255,22,0.09,0.05,0.0,1.0,1.0,0.0,1,116396.0
47,9,105,147,0,0,1,0.0,0.0,1.0,0.0,0.0,211,209,0.99,0.01,0.0,0.0,0.0,0.0,0,62065.0
24,9,223,413,0,1,5,0.0,0.0,1.0,0.0,0.0,173,255,1.0,0.0,0.01,0.0,0.0,0.06,0,39632.0
9,5,0,0,0,0,274,1.0,1.0,0.03,0.06,0.0,255,8,0.03,0.07,0.0,1.0,1.0,0.0,1,10256.0
47,5,0,0,0,0,272,1.0,1.0,0.01,0.06,0.0,255,8,0.03,0.08,0.0,1.0,1.0,0.0,1,75775.0
24,9,329,826,0,1,7,0.14,0.25,1.0,0.0,0.25,173,255,1.0,0.0,0.02,0.01,0.01,0.0,0,59398.0
24,9,234,1344,0,1,1,0.0,0.0,1.0,0.0,0.22,1,255,1.0,0.0,0.07,0.0,0.0,0.0,0,114231.0
24,5,0,0,0,0,58,1.0,1.0,0.33,0.05,0.0,255,65,0.25,0.02,0.0,1.0,1.0,0.0,1,48964.0
15,9,520,0,0,0,70,0.0,0.0,1.0,0.0,0.0,255,255,1.0,0.0,0.0,0.0,0.0,0.0,1,70088.0
24,9,321,527,0,1,16,0.0,0.0,1.0,0.0,0.0,79,152,1.0,0.0,0.05,0.0,0.0,0.01,0,101942.0
10,5,0,0,0,0,128,1.0,1.0,0.04,0.07,0.0,255,5,0.02,0.07,0.0,1.0,1.0,0.0,1,109725.0
24,9,234,1191,0,1,5,0.0,0.0,1.0,0.0,0.33,5,255,1.0,0.0,0.06,0.0,0.0,0.0,0,52319.0
14,9,8,0,0,0,1,0.0,0.0,1.0,0.0,1.0,2,48,1.0,0.0,0.5,0.0,0.0,0.0,1,84753.0
24,9,318,5606,0,1,2,0.0,0.0,1.0,0.0,0.0,16,255,1.0,0.0,0.02,0.0,0.0,0.0,0,117015.0
12,9,45,75,0,0,198,0.0,0.0,1.0,0.0,0.0,255,236,0.93,0.01,0.0,0.0,0.0,0.0,0,95140.0
47,1,0,0,0,0,112,0.01,0.0,0.01,1.0,0.0,237,1,0.0,0.5,0.0,0.0,0.0,1.0,1,95324.0
47,5,0,0,0,0,135,1.0,1.0,0.1,0.06,0.0,255,8,0.03,0.06,0.0,1.0,1.0,0.0,1,122655.0
47,5,0,0,0,0,220,1.0,1.0,0.05,0.06,0.0,255,11,0.04,0.08,0.0,1.0,1.0,0.0,1,56842.0
47,5,0,0,0,0,65,1.0,1.0,0.06,0.09,0.0,255,24,0.09,0.05,0.0,1.0,1.0,0.0,1,24875.0
42,9,147,105,0,0,6,0.0,0.0,0.33,0.5,0.0,255,2,0.01,0.83,0.0,0.0,0.0,0.0,0,79039.0
42,5,0,0,0,0,136,1.0,1.0,0.13,0.05,0.0,255,18,0.07,0.06,0.0,1.0,1.0,0.0,1,88218.0
24,9,294,714,0,1,13,0.0,0.0,1.0,0.0,0.12,60,255,1.0,0.0,0.03,0.0,0.0,0.0,0,3072.0
47,5,0,0,0,0,118,1.0,1.0,0.14,0.06,0.0,255,12,0.05,0.06,0.0,1.0,1.0,0.0,1,14246.0
16,5,0,0,0,0,129,1.0,1.0,0.15,0.05,0.0,255,19,0.07,0.06,0.0,1.0,1.0,0.0,1,101836.0
42,9,146,105,0,0,1,0.0,0.0,1.0,0.0,0.0,255,3,0.01,0.87,0.0,0.0,0.0,0.0,0,71939.0
38,1,0,0,0,0,104,0.0,0.0,0.02,0.08,0.0,255,2,0.01,0.07,0.0,0.0,0.0,1.0,1,732.0
24,9,225,1364,0,1,6,0.0,0.0,1.0,0.0,0.0,153,255,1.0,0.0,0.03,0.0,0.0,0.0,0,105561.0
57,5,0,0,0,0,122,1.0,1.0,0.13,0.06,0.0,255,10,0.04,0.07,0.0,1.0,1.0,0.0,1,5331.0
24,9,322,862,0,1,2,0.0,0.0,1.0,0.0,0.0,25,255,1.0,0.0,0.02,0.0,0.0,0.0,0,123368.0
28,1,0,0,0,0,146,0.0,0.0,0.05,0.05,0.0,255,8,0.03,0.06,0.0,0.0,0.0,1.0,1,33205.0
12,9,42,127,0,0,144,0.0,0.0,0.99,0.01,0.01,255,254,1.0,0.01,0.0,0.0,0.0,0.0,0,15541.0
20,9,383,0,0,0,2,0.0,0.0,1.0,0.0,0.0,34,77,0.09,0.09,0.03,0.0,0.0,0.0,0,27171.0
24,9,329,2126,0,1,5,0.0,0.0,1.0,0.0,0.0,183,255,1.0,0.0,0.02,0.01,0.0,0.0,0,14944.0
24,9,316,434,0,1,30,0.0,0.0,1.0,0.0,0.15,255,255,1.0,0.0,0.0,0.0,0.0,0.0,0,57262.0
63,5,0,0,0,0,104,1.0,1.0,0.04,0.06,0.0,255,4,0.02,0.05,0.0,1.0,1.0,0.0,1,14859.0
47,5,0,0,0,0,69,1.0,1.0,0.13,0.06,0.0,255,9,0.04,0.07,0.0,1.0,1.0,0.0,1,4735.0
24,9,316,473,0,1,1,0.0,0.0,1.0,0.0,0.11,255,255,1.0,0.0,0.0,0.0,0.0,0.0,0,1811.0
20,9,1556,0,0,1,18,0.0,0.0,1.0,0.0,0.0,79,81,0.3,0.04,0.04,0.0,0.0,0.0,0,72760.0
47,1,0,0,0,0,279,0.11,0.0,0.0,1.0,0.0,255,1,0.0,1.0,0.0,0.12,0.0,1.0,1,105642.0
24,9,219,375,0,1,9,0.0,0.0,1.0,0.0,0.0,79,255,1.0,0.0,0.03,0.0,0.01,0.0,0,24785.0
10,5,0,0,0,0,238,1.0,1.0,0.0,0.06,0.0,255,1,0.0,0.07,0.0,1.0,1.0,0.0,1,46970.0
27,5,0,0,0,0,248,1.0,1.0,0.04,0.06,0.0,255,11,0.04,0.06,0.0,1.0,1.0,0.0,1,117365.0
24,9,323,306,0,1,5,0.0,0.0,1.0,0.0,0.33,75,255,1.0,0.0,0.04,0.0,0.0,0.01,0,71567.0
52,9,2282,327,0,1,1,0.0,0.0,1.0,0.0,0.0,216,154,0.7,0.02,0.01,0.0,0.0,0.0,0,122260.0
20,9,2194619,0,0,0,1,0.0,0.0,1.0,0.0,0.0,5,29,1.0,0.0,0.07,0.0,0.0,0.0,0,76030.0
14,9,8,0,0,0,1,0.0,0.0,1.0,0.0,1.0,1,179,1.0,0.0,0.5,0.0,0.0,0.0,1,63513.0
6,5,0,0,0,0,136,1.0,1.0,0.11,0.04,0.0,255,15,0.06,0.05,0.0,1.0,1.0,0.0,1,2524.0
24,9,291,1314,0,1,13,0.0,0.0,1.0,0.0,0.22,255,255,1.0,0.0,0.0,0.0,0.0,0.0,0,38377.0
42,4,0,0,0,0,1,0.0,0.0,1.0,0.0,0.0,255,1,0.0,1.0,0.0,0.0,0.0,1.0,1,87655.0
24,9,54540,8314,0,1,4,0.0,0.0,1.0,0.0,0.0,49,49,1.0,0.0,0.0,0.02,0.02,0.02,1,62774.0
24,9,312,321,0,1,6,0.0,0.0,1.0,0.0,0.0,192,255,1.0,0.0,0.02,0.0,0.0,0.0,0,125765.0
24,9,213,56275,0,1,6,0.0,0.0,1.0,0.0,0.0,25,255,1.0,0.0,0.05,0.0,0.0,0.0,0,38404.0
47,9,28,0,3,0,11,0.0,0.0,1.0,0.0,0.0,255,11,0.04,0.02,0.0,0.0,0.0,0.0,1,9454.0
20,5,0,0,0,0,273,1.0,1.0,0.01,0.06,0.0,255,4,0.02,0.07,0.0,1.0,1.0,0.0,1,109539.0
24,9,304,342,0,1,10,0.0,0.0,1.0,0.0,0.0,10,255,1.0,0.0,0.03,0.0,0.0,0.0,0,76891.0
66,5,0,0,0,0,269,1.0,1.0,0.01,0.05,0.0,255,3,0.01,0.05,0.0,1.0,1.0,0.0,1,107782.0
64,5,0,0,0,0,273,1.0,1.0,0.05,0.06,0.0,255,15,0.06,0.07,0.0,1.0,1.0,0.0,1,4257.0
55,5,0,0,0,0,251,1.0,1.0,0.03,0.06,0.0,255,19,0.07,0.06,0.0,1.0,1.0,0.0,1,84822.0
20,9,175337,0,0,1,2,0.0,0.0,1.0,0.0,0.0,250,104,0.42,0.02,0.0,0.0,0.0,0.0,0,46616.0
24,9,213,21899,0,1,4,0.0,0.0,1.0,0.0,0.5,5,255,1.0,0.0,0.06,0.0,0.0,0.0,0,101348.0
12,9,43,125,0,0,79,0.0,0.0,0.97,0.04,0.01,255,242,0.95,0.01,0.0,0.0,0.0,0.0,0,99695.0
12,9,45,127,0,0,95,0.0,0.0,1.0,0.0,0.01,255,255,1.0,0.0,0.0,0.0,0.0,0.0,0,102300.0
24,9,201,1382,0,1,13,0.0,0.0,1.0,0.0,0.0,68,255,1.0,0.0,0.01,0.0,0.0,0.0,0,59427.0
10,5,0,0,0,0,238,1.0,1.0,0.01,0.07,0.0,255,2,0.01,0.07,0.0,1.0,1.0,0.0,1,3387.0
47,9,28,0,3,0,47,0.0,0.0,1.0,0.0,0.0,119,47,0.39,0.03,0.0,0.0,0.0,0.0,1,60362.0
47,1,0,0,0,0,2,0.0,0.0,1.0,0.0,0.0,255,2,0.01,0.07,0.0,0.0,0.0,1.0,1,88644.0
12,9,42,132,0,0,172,0.0,0.0,0.99,0.01,0.01,255,239,0.94,0.02,0.0,0.0,0.0,0.0,0,71155.0
20,5,0,0,0,0,232,1.0,1.0,0.01,0.07,0.0,255,2,0.01,0.07,0.0,1.0,1.0,0.0,1,60130.0
12,9,46,46,0,0,92,0.0,0.0,1.0,0.0,0.03,255,255,1.0,0.0,0.0,0.0,0.0,0.0,0,18427.0
24,9,206,6783,0,1,3,0.0,0.0,1.0,0.0,0.0,34,255,1.0,0.0,0.04,0.0,0.0,0.0,0,109490.0
24,9,264,5170,0,1,2,0.0,0.0,1.0,0.0,0.0,15,255,1.0,0.0,0.03,0.0,0.0,0.0,0,100503.0
47,5,0,0,0,0,12,1.0,1.0,0.33,0.33,0.0,255,21,0.08,0.07,0.0,1.0,1.0,0.0,1,44490.0
20,9,334,0,0,1,1,0.0,0.0,1.0,0.0,0.0,3,37,1.0,0.0,0.19,0.0,0.0,0.0,1,53531.0
35,5,0,0,0,0,243,1.0,1.0,0.06,0.06,0.0,255,17,0.07,0.07,0.0,1.0,1.0,0.0,1,65500.0
47,1,0,0,0,0,98,0.0,0.0,0.17,0.07,0.0,255,17,0.07,0.06,0.0,0.0,0.0,1.0,1,12058.0
52,9,1887,391,0,1,2,0.0,0.0,0.5,1.0,0.0,255,11,0.04,0.06,0.0,0.0,0.0,0.0,0,9001.0
20,8,10,0,0,1,2,0.5,0.5,1.0,0.0,0.0,24,78,0.29,0.08,0.04,0.04,0.01,0.0,0,65338.0
24,9,213,2713,0,1,12,0.0,0.0,1.0,0.0,0.0,252,255,1.0,0.0,0.01,0.0,0.0,0.0,0,96523.0
10,5,0,0,0,0,236,1.0,1.0,0.07,0.06,0.0,255,16,0.06,0.06,0.0,1.0,1.0,0.0,1,21334.0
15,9,1032,0,0,0,511,0.0,0.0,1.0,0.0,0.0,200,106,0.53,0.04,0.0,0.01,0.0,0.0,1,98036.0
24,9,298,22047,0,1,17,0.0,0.0,1.0,0.0,0.0,195,255,1.0,0.0,0.01,0.01,0.0,0.0,0,37850.0
58,5,0,0,0,0,34,1.0,1.0,0.24,0.12,0.0,255,50,0.2,0.05,0.0,1.0,1.0,0.0,1,84179.0
31,5,0,0,0,0,262,1.0,1.0,0.01,0.06,0.0,255,2,0.01,0.07,0.0,1.0,1.0,0.0,1,94332.0
15,9,520,0,0,0,481,0.0,0.0,1.0,0.0,0.0,126,126,1.0,0.0,0.0,0.0,0.0,0.0,1,40816.0
24,9,364,4090,0,1,1,0.0,0.0,1.0,0.0,0.0,1,255,1.0,0.0,0.08,0.0,0.0,0.0,0,41650.0
24,9,298,8673,0,1,5,0.0,0.0,1.0,0.0,0.0,67,255,1.0,0.0,0.03,0.0,0.0,0.0,0,65801.0
47,4,1,0,0,0,2,0.0,0.0,1.0,0.0,0.0,255,2,0.01,0.65,0.0,0.0,0.0,1.0,1,16892.0
20,5,0,0,0,0,243,1.0,1.0,0.01,0.06,0.0,255,20,0.08,0.07,0.0,1.0,1.0,0.0,1,47783.0
47,1,0,0,0,0,103,0.0,0.0,0.02,0.08,0.0,227,2,0.01,0.07,0.0,0.0,0.0,1.0,1,89259.0
12,9,45,130,0,0,78,0.0,0.0,1.0,0.0,0.01,189,219,0.91,0.01,0.01,0.0,0.0,0.0,0,76734.0
24,9,54540,8314,0,1,6,0.0,0.0,1.0,0.0,0.29,255,255,1.0,0.0,0.0,0.0,0.0,0.04,1,3264.0
15,9,30,0,0,0,2,0.0,0.0,1.0,0.0,0.0,255,255,1.0,0.0,0.0,0.0,0.0,0.0,0,76595.0
24,1,0,0,0,0,1,0.0,0.0,1.0,0.0,1.0,34,255,1.0,0.0,0.09,0.0,0.0,0.67,0,36494.0
6,5,0,0,0,0,122,1.0,1.0,0.11,0.07,0.0,255,14,0.05,0.06,0.0,1.0,1.0,0.0,1,84661.0
24,9,299,3707,0,1,12,0.0,0.0,1.0,0.0,0.0,12,139,1.0,0.0,0.13,0.0,0.0,0.0,0,50494.0
19,5,0,0,0,0,205,1.0,1.0,0.1,0.07,0.0,255,20,0.08,0.09,0.0,1.0,1.0,0.0,1,30408.0
12,9,46,46,0,0,3,0.0,0.0,0.33,0.67,0.5,89,86,0.97,0.02,0.0,0.0,0.0,0.0,0,24127.0
52,9,1055,368,0,1,1,0.0,0.0,1.0,0.0,0.0,9,40,1.0,0.0,0.05,0.0,0.0,0.0,0,48736.0
24,9,264,2085,0,1,1,0.0,0.0,1.0,0.0,1.0,5,255,1.0,0.0,0.02,0.0,0.0,0.0,0,45902.0
42,4,1,0,0,0,2,0.0,0.0,1.0,0.0,0.0,255,2,0.01,0.72,0.0,0.0,0.0,1.0,1,33706.0
42,9,516,4,0,0,421,0.0,0.0,1.0,0.0,0.0,255,255,1.0,0.0,0.0,0.0,0.0,0.0,0,53017.0
20,9,373,0,0,1,19,0.0,0.0,1.0,0.0,0.0,255,103,0.4,0.04,0.0,0.0,0.01,0.0,0,61089.0
24,9,289,1255,0,1,18,0.0,0.0,1.0,0.0,0.11,134,255,1.0,0.0,0.01,0.0,0.0,0.0,0,69264.0
20,9,641,0,0,1,2,0.0,0.0,1.0,0.0,0.0,214,81,0.38,0.03,0.0,0.0,0.0,0.0,0,125107.0
20,5,0,0,0,0,278,1.0,1.0,0.03,0.06,0.0,255,9,0.04,0.06,0.0,1.0,1.0,0.0,1,75663.0
47,9,1,0,0,0,32,0.0,0.0,0.91,0.06,0.0,255,29,0.11,0.25,0.0,0.0,0.0,0.0,1,43629.0
24,9,303,7208,0,1,2,0.0,0.0,1.0,0.0,0.0,255,255,1.0,0.0,0.0,0.0,0.0,0.0,0,9197.0
24,9,258,255,0,1,6,0.0,0.0,1.0,0.0,0.0,243,255,1.0,0.0,0.01,0.01,0.01,0.0,0,49124.0
24,9,218,20131,0,1,1,0.0,0.0,1.0,0.0,0.0,1,255,1.0,0.0,0.01,0.0,0.0,0.01,0,24523.0
50,5,0,0,0,0,270,1.0,1.0,0.07,0.06,0.0,255,18,0.07,0.07,0.0,1.0,1.0,0.0,1,5808.0
18,5,0,0,0,0,191,1.0,1.0,0.01,0.08,0.0,255,1,0.0,0.08,0.0,1.0,1.0,0.0,1,5481.0
24,9,253,362,0,1,21,0.0,0.0,1.0,0.0,0.0,114,255,1.0,0.0,0.02,0.0,0.0,0.0,0,28978.0
20,9,192,0,0,1,2,0.0,0.0,1.0,0.0,0.0,105,16,0.04,0.05,0.12,0.03,0.0,0.0,0,45784.0
24,9,217,337,0,1,26,0.0,0.0,1.0,0.0,0.0,53,255,1.0,0.0,0.05,0.0,0.0,0.0,0,76759.0
18,9,8,140,0,0,1,0.0,0.0,1.0,0.0,0.0,151,10,0.04,0.03,0.2,0.01,0.0,0.0,0,110519.0
11,5,0,0,0,0,285,1.0,1.0,0.05,0.06,0.0,255,13,0.05,0.07,0.0,1.0,1.0,0.0,1,44839.0
47,5,0,0,0,0,143,1.0,1.0,0.06,0.06,0.0,255,11,0.04,0.06,0.0,1.0,1.0,0.0,1,16904.0
47,5,0,0,0,0,171,1.0,1.0,0.06,0.06,0.0,255,11,0.04,0.09,0.0,1.0,1.0,0.0,1,13771.0
47,5,0,0,0,0,238,1.0,1.0,0.05,0.05,0.0,179,13,0.07,0.07,0.0,0.92,1.0,0.0,1,89453.0
15,9,520,0,0,0,486,0.0,0.0,1.0,0.0,0.0,67,67,1.0,0.0,0.0,0.0,0.0,0.0,1,47195.0
20,9,1470,0,0,0,7,0.0,0.0,1.0,0.0,0.0,255,72,0.28,0.03,0.0,0.01,0.0,0.0,0,33902.0
47,9,105,145,0,0,1,0.0,0.0,1.0,0.0,0.0,96,92,0.96,0.03,0.0,0.0,0.0,0.0,0,54484.0
24,9,265,2687,0,1,1,0.0,0.0,1.0,0.0,0.38,168,168,1.0,0.0,0.0,0.0,0.0,0.0,0,96368.0
7,5,0,0,0,0,108,1.0,1.0,0.1,0.08,0.0,255,11,0.04,0.07,0.0,1.0,1.0,0.0,1,45.0
12,9,45,45,0,0,156,0.0,0.0,1.0,0.0,0.0,255,255,1.0,0.0,0.0,0.0,0.0,0.0,0,70527.0
52,9,723,336,0,1,1,0.0,0.0,1.0,0.0,0.0,161,178,0.69,0.02,0.01,0.0,0.0,0.0,0,117903.0
52,9,1809,330,0,1,1,0.0,0.0,1.0,0.0,1.0,70,139,0.56,0.04,0.01,0.0,0.0,0.0,0,36057.0
12,9,44,134,0,0,66,0.0,0.0,1.0,0.0,0.01,242,122,0.5,0.02,0.0,0.0,0.0,0.0,0,15043.0
15,9,1032,0,0,0,511,0.0,0.0,1.0,0.0,0.0,205,60,0.29,0.01,0.0,0.0,0.0,0.0,1,11042.0
47,5,0,0,0,0,67,1.0,1.0,0.09,0.09,0.0,255,25,0.1,0.05,0.0,1.0,1.0,0.0,1,72753.0
12,9,45,132,0,0,165,0.0,0.0,1.0,0.0,0.0,255,255,1.0,0.0,0.0,0.0,0.0,0.0,0,80396.0
24,9,342,2178,0,1,18,0.0,0.0,1.0,0.0,0.0,137,253,1.0,0.0,0.06,0.0,0.0,0.72,0,105546.0
66,1,0,0,0,0,228,0.0,0.0,0.03,0.07,0.0,255,7,0.03,0.07,0.0,0.0,0.0,1.0,1,41637.0
12,9,44,44,0,0,66,0.0,0.0,1.0,0.0,0.01,255,254,1.0,0.01,0.0,0.0,0.0,0.0,0,12479.0
12,9,44,118,0,0,114,0.0,0.0,1.0,0.0,0.0,255,255,1.0,0.0,0.0,0.0,0.0,0.0,0,4009.0
47,4,0,0,0,0,401,0.0,0.0,0.0,0.52,0.0,255,2,0.01,0.52,0.0,0.0,0.0,1.0,1,36884.0
16,5,0,0,0,0,142,1.0,1.0,0.09,0.06,0.0,255,13,0.05,0.06,0.0,1.0,1.0,0.0,1,68110.0
52,9,1781,404,0,1,1,0.0,0.0,1.0,0.0,0.0,175,245,0.95,0.02,0.01,0.0,0.0,0.0,0,47007.0
62,9,78,0,0,0,22,0.0,0.0,0.14,0.09,0.0,255,10,0.04,0.01,0.0,0.0,0.0,0.0,0,110050.0
19,9,929,2720,0,1,13,0.0,0.0,0.08,0.15,0.0,88,14,0.16,0.06,0.0,0.0,0.0,0.0,0,94152.0
24,9,201,1648,0,1,2,0.0,0.0,1.0,0.0,0.0,2,255,1.0,0.0,0.02,0.0,0.0,0.0,0,12225.0
47,4,1,0,0,0,2,0.0,0.0,1.0,0.0,0.0,255,2,0.01,0.82,0.0,0.0,0.0,1.0,1,22115.0
24,9,261,2566,0,1,2,0.0,0.0,1.0,0.0,0.4,255,255,1.0,0.0,0.0,0.0,0.0,0.0,0,93402.0
64,5,0,0,0,0,241,1.0,1.0,0.08,0.05,0.0,255,19,0.07,0.06,0.0,1.0,1.0,0.0,1,68851.0
24,9,338,327,0,1,6,0.0,0.0,1.0,0.0,0.11,95,255,1.0,0.0,0.01,0.01,0.0,0.0,0,123616.0
52,9,786,329,0,1,1,0.0,0.0,1.0,0.0,1.0,19,245,0.89,0.11,0.01,0.0,0.0,0.0,0,87115.0
42,2,0,0,0,0,199,0.0,0.0,0.02,0.06,0.0,255,3,0.01,0.07,0.0,0.0,0.0,1.0,1,113912.0
15,9,1032,0,0,0,511,0.0,0.0,1.0,0.0,0.0,210,65,0.31,0.01,0.0,0.0,0.0,0.0,1,98320.0
52,9,11658,1394,0,1,1,0.0,0.0,1.0,0.0,1.0,210,145,0.52,0.02,0.01,0.0,0.0,0.0,0,35216.0
42,9,147,105,0,0,3,0.0,0.0,0.33,0.67,0.0,255,2,0.01,0.63,0.0,0.0,0.0,0.0,0,25288.0
14,9,8,0,0,0,1,0.0,0.0,1.0,0.0,1.0,1,251,1.0,0.0,0.5,0.0,0.0,0.0,1,119643.0
52,9,1960,366,0,1,1,0.0,0.0,1.0,0.0,0.0,231,182,0.75,0.02,0.01,0.0,0.0,0.01,0,37162.0
52,9,6237,398,0,1,1,0.0,0.0,1.0,0.0,1.0,77,156,0.68,0.05,0.01,0.0,0.0,0.0,0,15183.0
52,9,1797,484,0,1,1,0.0,0.0,1.0,0.0,0.0,255,108,0.42,0.04,0.0,0.14,0.0,0.0,0,50086.0
24,9,311,16006,0,1,7,0.0,0.0,1.0,0.0,0.0,85,255,1.0,0.0,0.03,0.0,0.0,0.0,0,106386.0
52,9,802,327,0,1,0,0.0,0.0,0.0,0.0,0.0,1,1,1.0,0.0,0.0,0.0,0.0,0.0,0,99990.0
20,5,0,0,0,0,64,1.0,1.0,0.25,0.06,0.0,255,30,0.12,0.05,0.0,1.0,1.0,0.0,1,99678.0
16,5,0,0,0,0,102,1.0,1.0,0.14,0.06,0.0,255,14,0.05,0.05,0.0,1.0,1.0,0.0,1,44710.0
24,9,208,11617,0,1,2,0.0,0.0,1.0,0.0,0.0,38,255,1.0,0.0,0.04,0.0,0.0,0.0,0,108507.0
20,9,5133876,0,0,1,1,0.0,0.0,1.0,0.0,0.0,4,31,1.0,0.0,0.13,0.0,0.0,0.0,1,16145.0
47,9,28,0,3,0,41,0.0,0.0,1.0,0.0,0.0,255,141,0.55,0.45,0.0,0.09,0.0,0.0,1,63676.0
24,9,228,328,0,1,3,0.0,0.0,1.0,0.0,0.0,9,255,1.0,0.0,0.02,0.0,0.0,0.0,0,24836.0
63,5,0,0,0,0,131,1.0,1.0,0.02,0.06,0.0,255,2,0.01,0.07,0.0,1.0,1.0,0.0,1,29095.0
47,1,0,0,0,0,1,0.0,0.0,1.0,0.0,0.0,8,2,0.12,1.0,1.0,0.0,0.0,1.0,1,26335.0
15,9,1032,0,0,0,120,0.0,0.0,1.0,0.0,0.0,255,120,0.47,0.02,0.0,0.0,0.0,0.0,1,22914.0
47,5,0,0,0,0,123,1.0,1.0,0.1,0.07,0.0,255,32,0.13,0.05,0.0,1.0,1.0,0.0,1,43975.0
47,5,0,0,0,0,134,1.0,1.0,0.07,0.06,0.0,255,12,0.05,0.08,0.0,1.0,1.0,0.0,1,116350.0
24,9,216,597,0,1,4,0.0,0.0,1.0,0.0,0.0,73,255,1.0,0.0,0.02,0.0,0.0,0.0,0,51612.0
24,2,0,0,0,1,2,0.0,0.0,1.0,0.0,0.0,164,255,1.0,0.0,0.02,0.0,0.0,0.0,0,120933.0
24,9,235,406,0,1,6,0.0,0.0,1.0,0.0,0.45,255,255,1.0,0.0,0.0,0.0,0.0,0.0,0,123717.0
24,9,273,4840,0,1,19,0.0,0.0,1.0,0.0,0.0,175,255,1.0,0.0,0.05,0.01,0.0,0.44,0,41426.0
19,9,862,2586,0,1,1,0.0,0.0,1.0,0.0,0.0,2,2,1.0,0.0,0.0,0.0,0.0,0.0,0,101567.0
12,9,45,135,0,0,277,0.0,0.0,1.0,0.01,0.0,255,251,0.98,0.01,0.0,0.0,0.0,0.0,0,30352.0
20,9,11,0,0,1,2,0.0,0.0,1.0,0.0,0.0,32,42,0.12,0.09,0.07,0.0,0.0,0.0,0,49876.0
12,9,46,46,0,0,4,0.0,0.0,1.0,0.0,0.38,183,179,0.98,0.01,0.0,0.0,0.0,0.0,0,45953.0
11,5,0,0,0,0,233,1.0,1.0,0.08,0.07,0.0,255,19,0.07,0.08,0.0,1.0,1.0,0.0,1,115003.0
8,5,0,0,0,0,250,1.0,1.0,0.05,0.06,0.0,255,12,0.05,0.06,0.0,1.0,1.0,0.0,1,21324.0
12,9,35,35,0,0,6,0.0,0.0,0.67,0.33,0.07,255,250,0.98,0.01,0.0,0.0,0.0,0.0,0,8758.0
12,9,45,150,0,0,73,0.0,0.0,1.0,0.0,0.01,255,255,1.0,0.0,0.0,0.0,0.0,0.0,0,40650.0
42,9,1,0,0,0,16,0.0,0.0,0.06,0.62,0.0,255,1,0.0,0.12,0.0,0.0,0.0,0.0,1,54076.0
20,5,0,0,0,0,57,1.0,1.0,0.25,0.07,0.0,255,54,0.21,0.03,0.0,1.0,1.0,0.0,1,18083.0
47,5,0,0,0,0,194,1.0,1.0,0.03,0.06,0.0,255,18,0.07,0.07,0.0,1.0,1.0,0.0,1,79899.0
19,9,1483,4152,0,1,1,0.0,0.0,1.0,0.0,0.0,44,12,0.27,0.11,0.0,0.02,0.0,0.0,0,25155.0
47,9,28,0,3,0,50,0.0,0.0,1.0,0.0,0.0,255,50,0.2,0.64,0.0,0.01,0.0,0.0,1,94161.0
29,1,0,0,0,0,124,0.0,0.0,0.02,0.06,0.0,255,3,0.01,0.07,0.0,0.0,0.0,1.0,1,71135.0
18,9,8,414,0,0,1,0.0,0.0,1.0,0.0,0.0,242,3,0.01,0.02,0.0,0.0,0.0,0.0,0,46359.0
24,9,365,295,0,1,8,0.0,0.0,1.0,0.0,0.22,9,247,1.0,0.0,0.12,0.0,0.0,0.72,0,36224.0
14,9,18,0,0,0,1,0.0,0.0,1.0,0.0,0.0,3,139,1.0,0.0,0.25,0.0,0.0,0.0,1,14644.0
14,9,8,0,0,0,1,0.0,0.0,1.0,0.0,1.0,1,77,1.0,0.0,0.26,0.0,0.0,0.0,1,1275.0
15,9,1032,0,0,0,510,0.0,0.0,1.0,0.0,0.0,233,88,0.38,0.01,0.0,0.0,0.0,0.0,1,48883.0
24,9,273,327,0,1,9,0.0,0.0,1.0,0.0,0.12,115,255,1.0,0.0,0.01,0.0,0.0,0.0,0,95889.0
58,5,0,0,0,0,76,1.0,1.0,0.25,0.05,0.0,255,52,0.2,0.04,0.0,1.0,1.0,0.0,1,67167.0
47,9,105,146,0,0,5,0.0,0.0,0.2,0.4,0.0,255,241,0.95,0.01,0.0,0.0,0.0,0.0,0,108854.0
47,5,0,0,0,0,136,1.0,1.0,0.07,0.06,0.0,255,7,0.03,0.06,0.0,1.0,1.0,0.0,1,80253.0
19,9,1491,4152,0,1,1,0.0,0.0,1.0,0.0,0.0,136,64,0.47,0.04,0.0,0.0,0.0,0.0,0,112715.0
15,9,1032,0,0,0,89,0.0,0.0,1.0,0.0,0.0,255,89,0.35,0.02,0.0,0.0,0.0,0.0,1,119805.0
20,5,0,0,0,0,38,1.0,1.0,0.16,0.11,0.0,255,62,0.24,0.02,0.0,1.0,1.0,0.0,1,23740.0
47,1,0,0,0,0,107,0.0,0.0,0.18,0.07,0.0,231,19,0.08,0.06,0.0,0.0,0.0,1.0,1,92150.0
12,9,45,111,0,0,233,0.0,0.0,1.0,0.0,0.01,158,119,0.75,0.02,0.0,0.0,0.0,0.0,0,101380.0
47,5,0,0,0,0,242,1.0,1.0,0.08,0.05,0.0,200,20,0.1,0.06,0.0,0.99,1.0,0.0,1,1621.0
52,9,822,334,0,1,1,0.0,0.0,1.0,0.0,1.0,105,144,0.7,0.05,0.01,0.0,0.0,0.0,0,81055.0
47,1,0,0,0,0,199,0.02,0.0,0.01,1.0,0.0,255,1,0.0,0.8,0.0,0.01,0.0,1.0,1,75120.0
20,9,7162,0,0,1,7,0.0,0.0,1.0,0.0,0.0,196,90,0.44,0.02,0.02,0.0,0.0,0.0,0,47735.0
24,9,297,304,0,1,17,0.0,0.0,1.0,0.0,0.0,255,255,1.0,0.0,0.0,0.0,0.0,0.0,0,122164.0
15,9,1032,0,0,0,511,0.0,0.0,1.0,0.0,0.0,255,192,0.75,0.02,0.0,0.0,0.0,0.0,1,39914.0
15,9,1032,0,0,0,511,0.0,0.0,1.0,0.0,0.0,255,153,0.6,0.01,0.0,0.0,0.0,0.0,1,75347.0
4,5,0,0,0,0,102,1.0,1.0,0.02,0.07,0.0,255,2,0.01,0.07,0.0,1.0,1.0,0.0,1,47786.0
35,4,0,0,0,0,1,0.0,0.0,1.0,0.0,0.0,255,1,0.0,0.5,0.0,0.0,0.0,1.0,1,24502.0
24,9,204,1672,0,1,22,0.0,0.0,1.0,0.0,0.0,255,255,1.0,0.0,0.0,0.0,0.0,0.0,0,109563.0
24,9,230,6694,0,1,2,0.0,0.0,1.0,0.0,0.0,149,255,1.0,0.0,0.03,0.0,0.0,0.0,0,94410.0
24,9,206,6863,0,1,6,0.0,0.0,1.0,0.0,0.14,77,255,1.0,0.0,0.03,0.0,0.0,0.0,0,73668.0
47,5,0,0,0,0,136,1.0,1.0,0.03,0.05,0.0,255,4,0.02,0.05,0.0,1.0,1.0,0.0,1,66746.0
52,9,1269,329,0,1,1,0.0,0.0,1.0,0.0,1.0,39,173,0.97,0.05,0.02,0.0,0.0,0.0,0,96993.0
24,9,261,1022,0,1,5,0.0,0.0,1.0,0.0,0.0,29,255,1.0,0.0,0.03,0.0,0.0,0.0,0,11048.0
42,9,147,0,0,0,7,0.14,0.0,0.14,0.57,0.0,255,1,0.0,0.62,0.0,0.0,0.0,0.0,0,14771.0
12,9,44,72,0,0,275,0.0,0.0,1.0,0.0,0.0,255,254,1.0,0.01,0.0,0.0,0.0,0.0,0,33763.0
28,5,0,0,0,0,99,1.0,1.0,0.13,0.06,0.0,255,14,0.05,0.06,0.0,1.0,1.0,0.0,1,74191.0
62,9,127,0,0,0,8,0.0,0.0,0.12,0.38,0.0,137,21,0.15,0.02,0.0,0.0,0.0,0.0,0,97140.0
47,5,0,0,0,0,243,1.0,1.0,0.05,0.06,0.0,255,8,0.03,0.08,0.0,1.0,1.0,0.0,1,12624.0
24,9,164,15174,0,1,3,0.0,0.0,1.0,0.0,0.5,255,255,1.0,0.0,0.0,0.0,0.0,0.0,0,105946.0
24,5,0,0,0,0,1,1.0,0.02,1.0,0.0,0.13,3,255,1.0,0.0,0.06,1.0,0.01,0.0,0,7693.0
20,5,0,0,0,0,27,1.0,1.0,0.15,0.15,0.0,255,63,0.25,0.02,0.0,1.0,1.0,0.0,1,36552.0
52,9,1957,338,0,1,1,0.0,0.0,1.0,0.0,1.0,2,157,1.0,0.0,0.02,0.0,0.0,0.0,0,26642.0
47,5,0,0,0,0,227,1.0,1.0,0.02,0.06,0.0,255,17,0.07,0.07,0.0,1.0,1.0,0.0,1,107105.0
24,9,204,12446,0,1,3,0.0,0.0,1.0,0.0,0.0,3,255,1.0,0.0,0.02,0.0,0.0,0.0,0,88925.0
20,9,334,0,0,1,1,0.0,0.0,1.0,0.0,0.0,5,27,1.0,0.0,0.19,0.0,0.04,0.0,1,39074.0
12,9,44,78,0,0,224,0.0,0.0,1.0,0.0,0.0,255,254,1.0,0.01,0.0,0.0,0.0,0.0,0,109160.0
12,9,45,80,0,0,152,0.0,0.0,1.0,0.0,0.02,255,231,0.91,0.01,0.0,0.0,0.0,0.0,0,18375.0
24,9,286,3678,0,1,5,0.0,0.0,1.0,0.0,0.12,7,26,1.0,0.0,0.08,0.0,0.0,0.0,0,84463.0
5,5,0,0,0,0,274,1.0,1.0,0.07,0.05,0.0,255,18,0.07,0.05,0.0,1.0,1.0,0.0,1,50794.0
24,9,260,2354,0,1,21,0.0,0.0,1.0,0.0,0.0,42,255,1.0,0.0,0.07,0.0,0.01,0.0,0,13277.0
25,1,0,0,0,0,142,0.0,0.0,0.09,0.06,0.0,255,13,0.05,0.05,0.0,0.0,0.0,1.0,1,40980.0
12,9,33,33,0,0,2,0.0,0.0,1.0,0.0,0.5,255,250,0.98,0.01,0.0,0.0,0.0,0.0,0,21373.0
47,9,1,0,0,0,7,0.0,0.0,1.0,0.0,0.0,255,208,0.82,0.03,0.0,0.0,0.0,0.0,1,95697.0
47,1,0,0,0,0,2,0.0,0.0,1.0,0.0,0.0,255,2,0.01,0.05,0.0,0.0,0.0,1.0,1,98210.0
19,2,0,0,0,0,2,0.0,0.0,0.5,1.0,0.0,255,1,0.0,1.0,0.0,0.0,0.0,1.0,1,42959.0
42,9,59,0,0,1,12,0.08,0.0,0.08,0.5,0.0,255,1,0.0,0.07,0.0,0.02,0.0,0.0,0,46944.0
47,1,0,0,0,0,1,0.0,0.0,1.0,0.0,0.0,255,1,0.0,0.49,0.0,0.1,0.0,1.0,1,46266.0
47,5,0,0,0,0,107,1.0,1.0,0.01,0.08,0.0,255,1,0.0,0.09,0.0,1.0,1.0,0.0,1,29463.0
47,9,28,0,3,0,83,0.0,0.0,1.0,0.0,0.0,255,183,0.72,0.29,0.0,0.09,0.0,0.0,1,112202.0
20,9,192,0,0,1,2,0.0,0.0,1.0,0.0,0.0,220,38,0.17,0.03,0.0,0.0,0.0,0.0,0,73863.0
2,1,0,0,0,0,211,0.0,0.0,0.03,0.07,0.0,255,7,0.03,0.07,0.0,0.0,0.0,1.0,1,21186.0
20,9,14189,0,0,1,12,0.0,0.0,1.0,0.0,0.0,20,18,0.9,0.1,0.0,0.0,0.0,0.0,0,15480.0
19,5,0,0,0,0,268,1.0,1.0,0.03,0.06,0.0,255,15,0.06,0.07,0.0,1.0,1.0,0.0,1,15833.0
24,9,221,3430,0,1,14,0.0,0.0,1.0,0.0,0.0,38,255,1.0,0.0,0.03,0.0,0.0,0.0,0,108448.0
24,9,219,309,0,1,13,0.0,0.0,1.0,0.0,0.15,255,255,1.0,0.0,0.0,0.0,0.0,0.0,0,112889.0
24,9,215,2596,0,1,27,0.0,0.0,1.0,0.0,0.0,252,255,1.0,0.0,0.01,0.0,0.0,0.0,0,28550.0
24,9,284,924,0,1,8,0.0,0.0,1.0,0.0,0.27,62,255,1.0,0.0,0.01,0.0,0.0,0.0,0,56216.0
20,9,1214,0,0,0,14,0.0,0.0,1.0,0.0,0.0,255,105,0.41,0.03,0.0,0.0,0.0,0.0,0,40918.0
47,1,0,0,0,0,135,0.0,0.0,0.11,0.06,0.0,255,14,0.05,0.06,0.0,0.0,0.0,1.0,1,81129.0
12,9,42,106,0,0,214,0.0,0.0,1.0,0.01,0.0,255,240,0.94,0.02,0.0,0.0,0.0,0.0,0,63769.0
24,9,203,940,0,1,3,0.0,0.0,1.0,0.0,0.0,24,255,1.0,0.0,0.02,0.0,0.0,0.0,0,89588.0
52,9,1037,330,0,1,1,0.0,0.0,1.0,0.0,0.0,107,200,0.78,0.04,0.01,0.0,0.0,0.0,0,90851.0
33,5,0,0,0,0,202,1.0,1.0,0.01,0.06,0.0,255,13,0.05,0.06,0.0,1.0,1.0,0.0,1,96510.0
24,9,199,337,0,1,7,0.0,0.0,1.0,0.0,0.0,255,255,1.0,0.0,0.0,0.0,0.0,0.0,0,100147.0
24,9,216,767,0,1,5,0.0,0.0,1.0,0.0,0.0,255,255,1.0,0.0,0.0,0.0,0.0,0.0,0,53446.0
24,9,285,5773,0,1,11,0.0,0.0,1.0,0.0,0.0,11,255,1.0,0.0,0.03,0.0,0.0,0.0,0,102694.0
14,9,8,0,0,0,1,0.0,0.0,1.0,0.0,1.0,2,60,1.0,0.0,0.5,0.0,0.0,0.0,1,24021.0
47,5,0,0,0,0,106,1.0,1.0,0.09,0.06,0.0,255,15,0.06,0.07,0.0,1.0,1.0,0.0,1,45347.0
14,9,8,0,0,0,1,0.0,0.0,1.0,0.0,1.0,1,127,1.0,0.0,0.5,0.0,0.0,0.0,1,78636.0
47,5,0,0,0,0,245,1.0,1.0,0.02,0.06,0.0,255,6,0.02,0.08,0.0,1.0,1.0,0.0,1,15316.0
47,5,0,0,0,0,258,1.0,1.0,0.05,0.05,0.0,255,11,0.04,0.09,0.0,1.0,1.0,0.0,1,62012.0
12,9,44,110,0,0,80,0.0,0.0,1.0,0.0,0.01,255,218,0.85,0.01,0.0,0.0,0.0,0.0,0,19032.0
27,5,0,0,0,0,209,1.0,1.0,0.05,0.07,0.0,255,10,0.04,0.08,0.0,1.0,1.0,0.0,1,30190.0
47,5,0,0,0,0,143,1.0,1.0,0.08,0.06,0.0,255,10,0.04,0.07,0.0,1.0,1.0,0.0,1,87467.0
56,5,0,0,0,0,233,1.0,1.0,0.03,0.06,0.0,255,19,0.07,0.07,0.0,1.0,1.0,0.0,1,101150.0
47,1,0,0,0,0,24,0.0,0.0,0.04,1.0,0.0,255,1,0.0,0.43,0.0,0.0,0.0,1.0,1,17137.0
20,9,59,0,0,1,1,0.0,0.0,1.0,0.0,0.0,102,85,0.33,0.04,0.02,0.01,0.0,0.0,0,16549.0
58,5,0,0,0,0,16,1.0,1.0,0.25,0.25,0.0,255,33,0.13,0.05,0.0,1.0,1.0,0.0,1,114203.0
52,9,749,338,0,1,1,0.0,0.0,1.0,0.0,0.0,52,190,0.63,0.08,0.02,0.0,0.0,0.0,0,9947.0
42,4,1,0,0,0,2,0.0,0.0,1.0,0.0,0.0,255,2,0.01,0.68,0.0,0.0,0.0,1.0,1,51455.0
20,9,383,0,0,1,3,0.0,0.0,0.67,0.67,0.0,255,97,0.38,0.02,0.0,0.0,0.0,0.0,0,114062.0
24,9,197,2664,0,1,2,0.0,0.0,1.0,0.0,0.67,13,255,1.0,0.0,0.02,0.0,0.0,0.0,0,125219.0
7,1,0,0,0,0,207,0.0,0.0,0.01,0.07,0.0,255,3,0.01,0.07,0.0,0.0,0.0,1.0,1,58789.0
15,9,520,0,0,0,408,0.0,0.0,1.0,0.0,0.0,255,255,1.0,0.0,0.0,0.0,0.0,0.0,1,28121.0
24,9,311,3222,0,1,4,0.0,0.0,1.0,0.0,0.4,255,246,0.96,0.02,0.0,0.0,0.0,0.0,0,63326.0
24,9,208,710,0,1,12,0.0,0.0,1.0,0.0,0.0,95,255,1.0,0.0,0.04,0.0,0.0,0.0,0,89086.0
24,1,0,0,0,0,1,0.0,0.0,1.0,0.0,0.67,17,255,1.0,0.0,0.19,0.0,0.0,1.0,0,35207.0
12,9,44,115,0,0,2,0.0,0.0,1.0,0.0,0.38,255,234,0.92,0.01,0.0,0.0,0.0,0.0,0,91114.0
24,9,315,1458,0,1,10,0.0,0.0,1.0,0.0,0.0,29,255,1.0,0.0,0.02,0.0,0.0,0.0,0,103559.0
52,9,3286,332,0,1,1,0.0,0.0,1.0,0.0,0.0,235,103,0.42,0.03,0.02,0.0,0.0,0.0,0,114809.0
62,9,70,0,0,0,20,0.0,0.0,0.2,0.15,0.0,255,23,0.09,0.01,0.0,0.0,0.0,0.0,0,13696.0
42,4,1,0,0,0,2,0.0,0.0,1.0,0.0,0.0,255,2,0.01,0.68,0.0,0.0,0.0,1.0,1,122682.0
47,4,1,0,0,0,2,0.0,0.0,1.0,0.0,0.0,255,2,0.01,0.73,0.0,0.0,0.0,1.0,1,82646.0
20,9,15722,0,0,1,1,0.0,0.0,1.0,0.0,0.0,255,7,0.03,0.51,0.0,0.0,0.0,0.0,0,70660.0
47,5,0,0,0,0,182,1.0,1.0,0.07,0.06,0.0,255,2,0.01,0.07,0.0,1.0,1.0,0.0,1,12788.0
47,4,0,0,0,0,1,0.0,0.0,1.0,0.0,0.0,255,1,0.0,0.65,0.0,0.0,0.0,1.0,1,125021.0
2,5,0,0,0,0,212,1.0,1.0,0.12,0.06,0.0,255,25,0.1,0.06,0.0,1.0,1.0,0.0,1,58403.0
19,9,234,765,0,1,1,0.0,0.0,1.0,0.0,0.0,94,25,0.27,0.06,0.0,0.0,0.0,0.0,0,45900.0
24,9,208,1204,0,1,5,0.0,0.0,1.0,0.0,0.0,33,255,1.0,0.0,0.02,0.0,0.0,0.0,0,17564.0
24,9,243,663,0,1,13,0.0,0.0,1.0,0.0,0.0,255,255,1.0,0.0,0.0,0.0,0.0,0.0,0,924.0
58,9,219,3746,0,1,1,0.0,0.0,1.0,0.0,0.0,102,13,0.13,0.7,0.0,0.0,0.0,0.08,0,114833.0
12,9,45,132,0,0,19,0.0,0.0,1.0,0.0,0.02,245,190,0.78,0.02,0.0,0.0,0.0,0.0,0,9467.0
47,9,1,0,0,0,67,0.0,0.0,0.31,0.07,0.0,255,44,0.17,0.22,0.0,0.0,0.0,0.0,1,30076.0
47,1,0,0,0,0,133,0.0,0.0,0.14,0.06,0.0,208,19,0.09,0.06,0.0,0.0,0.0,1.0,1,100357.0
47,1,0,0,0,0,144,0.0,0.0,0.14,0.06,0.0,255,16,0.06,0.06,0.0,0.0,0.0,1.0,1,96486.0
58,9,105,2860,0,1,1,0.0,0.0,1.0,0.0,0.0,8,2,0.12,0.25,1.0,0.0,0.0,0.0,0,48556.0
47,9,1,0,0,0,22,0.0,0.0,0.27,0.14,0.0,255,6,0.02,0.61,0.0,0.0,0.0,0.0,1,10038.0
7,5,0,0,0,0,272,1.0,1.0,0.02,0.06,0.0,255,6,0.02,0.06,0.0,1.0,1.0,0.0,1,115927.0
15,9,1032,0,0,0,511,0.0,0.0,1.0,0.0,0.0,255,65,0.25,0.2,0.0,0.0,0.0,0.0,1,50307.0
47,5,0,0,0,0,118,1.0,1.0,0.13,0.06,0.0,255,14,0.05,0.08,0.0,1.0,1.0,0.0,1,54335.0
47,5,0,0,0,0,85,1.0,1.0,0.24,0.07,0.0,255,5,0.02,0.06,0.0,1.0,1.0,0.0,1,121924.0
52,9,754,337,0,1,1,0.0,0.0,1.0,0.0,1.0,12,109,1.0,0.0,0.02,0.0,0.0,0.0,0,94868.0
47,1,0,0,0,0,112,0.0,0.0,0.02,0.07,0.0,255,22,0.09,0.07,0.0,0.0,0.0,1.0,1,1308.0
24,9,221,4116,0,1,26,0.0,0.0,1.0,0.0,0.0,61,105,1.0,0.0,0.04,0.0,0.0,0.0,0,18284.0
47,9,28,0,3,0,63,0.0,0.0,1.0,0.0,0.0,255,63,0.25,0.64,0.0,0.01,0.0,0.0,1,105434.0
58,5,0,0,0,0,29,1.0,1.0,0.31,0.1,0.0,255,69,0.27,0.02,0.0,1.0,1.0,0.0,1,51726.0
24,9,318,798,0,1,12,0.0,0.0,1.0,0.0,0.0,255,255,1.0,0.0,0.0,0.0,0.0,0.0,0,15053.0
31,5,0,0,0,0,232,1.0,1.0,0.04,0.06,0.0,255,9,0.04,0.06,0.0,1.0,1.0,0.0,1,101616.0
7,5,0,0,0,0,253,1.0,1.0,0.09,0.05,0.0,255,22,0.09,0.05,0.0,1.0,1.0,0.0,1,115905.0
18,2,0,0,0,0,254,0.0,0.0,0.01,0.07,0.0,255,2,0.01,0.08,0.0,0.0,0.0,1.0,1,9941.0
42,9,147,105,0,0,1,0.0,0.0,1.0,0.0,0.0,255,1,0.0,0.87,0.0,0.0,0.0,0.0,0,71253.0
42,1,0,0,0,0,439,0.08,0.0,0.0,1.0,0.0,255,1,0.0,1.0,0.0,0.1,0.0,1.0,1,103112.0
24,9,335,1211,0,1,8,0.0,0.0,1.0,0.0,0.0,255,255,1.0,0.0,0.0,0.0,0.0,0.0,0,95570.0
20,9,567,0,0,1,1,0.0,0.0,1.0,0.0,0.67,194,63,0.3,0.04,0.03,0.0,0.0,0.0,0,95552.0
47,4,0,0,0,0,1,0.0,0.0,1.0,0.0,0.0,255,1,0.0,0.22,0.0,0.0,0.0,1.0,1,101381.0
52,9,677,279,0,1,1,0.0,0.0,1.0,0.0,0.0,156,161,0.79,0.04,0.01,0.01,0.01,0.0,0,50682.0
13,5,0,0,0,0,167,1.0,1.0,0.01,0.07,0.0,255,1,0.0,0.07,0.0,1.0,1.0,0.0,1,110780.0
47,5,0,0,0,0,192,1.0,1.0,0.07,0.08,0.0,255,13,0.05,0.07,0.0,1.0,1.0,0.0,1,33459.0
10,2,0,0,0,0,274,0.0,0.0,0.07,0.06,0.0,255,20,0.08,0.06,0.0,0.0,0.0,1.0,1,89281.0
24,5,0,0,0,0,38,1.0,1.0,0.26,0.11,0.0,255,30,0.12,0.06,0.0,1.0,1.0,0.0,1,2088.0
24,9,145,13603,0,1,1,0.0,0.0,1.0,0.0,0.0,176,176,1.0,0.0,0.0,0.0,0.0,0.01,0,106042.0
39,5,0,0,0,0,93,1.0,1.0,0.08,0.06,0.0,255,7,0.03,0.05,0.0,1.0,1.0,0.0,1,78344.0
18,9,7,147,0,0,1,0.0,0.0,1.0,0.0,0.0,255,37,0.15,0.02,0.0,0.47,0.81,0.0,0,61399.0
52,9,569,333,0,1,1,0.0,0.0,1.0,0.0,1.0,31,147,0.77,0.1,0.01,0.0,0.0,0.0,0,24069.0
12,9,45,83,0,0,252,0.0,0.0,1.0,0.0,0.01,255,254,1.0,0.01,0.0,0.0,0.0,0.0,0,65464.0
24,9,231,1545,0,1,8,0.0,0.0,1.0,0.0,0.0,10,255,1.0,0.0,0.02,0.0,0.0,0.0,0,57774.0
15,9,520,0,0,0,361,0.0,0.0,1.0,0.0,0.0,255,255,1.0,0.0,0.0,0.0,0.0,0.0,1,19279.0
42,9,145,105,0,0,1,0.0,0.0,1.0,0.0,0.0,255,3,0.01,0.41,0.0,0.0,0.0,0.0,0,123489.0
63,2,0,0,0,0,102,0.0,0.0,0.01,0.08,0.0,255,1,0.0,0.06,0.0,0.0,0.0,1.0,1,118696.0
47,4,0,0,0,0,1,0.0,0.0,1.0,0.0,0.0,181,1,0.01,0.18,0.0,0.0,0.0,1.0,1,31108.0
24,9,236,685,0,1,8,0.0,0.0,1.0,0.0,0.0,9,255,1.0,0.0,0.06,0.0,0.0,0.0,0,92134.0
24,9,333,579,0,1,19,0.0,0.0,1.0,0.0,0.0,255,255,1.0,0.0,0.0,0.0,0.0,0.0,0,7250.0
24,5,0,0,0,0,234,1.0,1.0,0.04,0.06,0.0,255,10,0.04,0.06,0.0,1.0,1.0,0.0,1,77442.0
19,5,0,0,0,0,269,1.0,1.0,0.07,0.06,0.0,255,18,0.07,0.06,0.0,1.0,1.0,0.0,1,49199.0
24,9,203,904,0,1,17,0.0,0.0,1.0,0.0,0.11,255,255,1.0,0.0,0.0,0.0,0.0,0.0,0,51002.0
15,9,1032,0,0,0,511,0.0,0.0,1.0,0.0,0.0,255,203,0.8,0.02,0.0,0.0,0.0,0.0,1,39705.0
12,9,29,0,0,0,2,0.0,0.0,1.0,0.0,0.28,214,31,0.13,0.03,0.06,0.0,0.0,0.0,0,65882.0
47,5,0,0,0,0,146,1.0,1.0,0.01,0.06,0.0,255,5,0.02,0.07,0.0,1.0,1.0,0.0,1,55226.0
12,9,46,71,0,0,5,0.0,0.0,0.8,0.4,0.0,255,255,1.0,0.0,0.0,0.0,0.0,0.0,0,94249.0
47,5,0,0,0,0,131,1.0,1.0,0.11,0.06,0.0,255,17,0.07,0.06,0.0,1.0,1.0,0.0,1,104265.0
47,5,0,0,0,0,178,1.0,1.0,0.01,0.06,0.0,255,19,0.07,0.06,0.0,1.0,1.0,0.0,1,15658.0
21,1,0,0,0,0,238,0.0,0.0,0.05,0.07,0.0,255,13,0.05,0.07,0.0,0.0,0.0,1.0,1,118614.0
47,9,28,0,3,0,2,0.0,0.0,1.0,0.0,0.0,255,2,0.01,0.02,0.0,0.0,0.0,0.0,1,52.0
24,9,200,3523,0,1,8,0.0,0.0,1.0,0.0,0.3,19,255,1.0,0.0,0.02,0.0,0.0,0.0,0,116052.0
24,9,207,4225,0,1,2,0.0,0.0,1.0,0.0,0.0,2,4,1.0,0.0,0.5,0.0,0.0,0.0,0,90947.0
24,9,237,2253,0,1,16,0.0,0.0,1.0,0.0,0.11,16,255,1.0,0.0,0.02,0.0,0.0,0.0,0,45704.0
53,5,0,0,0,0,112,1.0,1.0,0.1,0.07,0.0,255,11,0.04,0.07,0.0,1.0,1.0,0.0,1,74552.0
58,5,0,0,0,0,13,1.0,1.0,0.31,0.31,0.0,255,64,0.25,0.02,0.0,1.0,1.0,0.0,1,149.0
47,5,0,0,0,0,103,1.0,1.0,0.17,0.06,0.0,255,17,0.07,0.07,0.0,1.0,1.0,0.0,1,76965.0
35,5,0,0,0,0,243,1.0,1.0,0.02,0.07,0.0,255,5,0.02,0.07,0.0,1.0,1.0,0.0,1,111797.0
24,9,193,10690,0,1,3,0.0,0.0,1.0,0.0,0.0,23,255,1.0,0.0,0.03,0.0,0.0,0.0,0,30948.0
24,9,229,171,0,1,27,0.0,0.0,1.0,0.0,0.0,27,255,1.0,0.0,0.06,0.0,0.0,0.0,0,33059.0
63,2,0,0,0,0,115,0.0,0.0,0.1,0.07,0.0,255,11,0.04,0.06,0.0,0.0,0.0,1.0,1,12042.0
52,9,1804,330,0,1,1,0.0,0.0,1.0,0.0,0.0,122,169,0.62,0.05,0.01,0.01,0.01,0.0,0,110593.0
24,9,222,1529,0,1,3,0.0,0.0,1.0,0.0,0.0,255,255,1.0,0.0,0.0,0.0,0.0,0.0,0,2597.0
26,5,0,0,0,0,262,1.0,1.0,0.01,0.07,0.0,255,3,0.01,0.08,0.0,1.0,1.0,0.0,1,35281.0
24,9,336,5480,0,1,1,0.0,0.0,1.0,0.0,0.42,129,255,1.0,0.0,0.02,0.0,0.0,0.0,0,77555.0
19,5,0,0,0,0,226,1.0,1.0,0.0,0.06,0.0,255,1,0.0,0.08,0.0,1.0,1.0,0.0,1,68026.0
47,5,0,0,0,0,268,1.0,1.0,0.05,0.06,0.0,255,15,0.06,0.08,0.0,1.0,1.0,0.0,1,79610.0
42,9,3233,0,0,1,1,0.0,0.0,1.0,0.0,0.0,41,1,0.02,0.12,0.0,0.0,0.0,0.0,0,102588.0
42,1,0,0,0,0,366,0.06,0.0,0.0,1.0,0.0,255,1,0.0,1.0,0.0,0.08,0.0,1.0,1,118034.0
52,9,1284,485,0,1,1,0.0,0.0,1.0,0.0,1.0,179,180,0.79,0.02,0.01,0.0,0.0,0.0,0,46804.0
44,5,0,0,0,0,149,1.0,1.0,0.07,0.05,0.0,255,4,0.02,0.07,0.0,1.0,1.0,0.0,1,6455.0
24,9,214,6827,0,1,8,0.0,0.0,1.0,0.0,0.0,255,255,1.0,0.0,0.0,0.0,0.0,0.0,0,118807.0
52,9,763,334,0,1,1,0.0,0.0,1.0,0.0,0.0,8,107,1.0,0.0,0.02,0.0,0.0,0.0,0,29377.0
24,9,239,2239,0,1,5,0.0,0.0,1.0,0.0,0.0,255,243,0.95,0.01,0.0,0.03,0.03,0.0,0,13951.0
2,5,0,0,0,0,261,1.0,1.0,0.06,0.06,0.0,255,16,0.06,0.07,0.0,1.0,1.0,0.0,1,7452.0
24,9,284,941,0,1,8,0.0,0.0,1.0,0.0,0.09,106,106,1.0,0.0,0.0,0.0,0.0,0.0,0,8676.0
28,5,0,0,0,0,147,1.0,1.0,0.1,0.05,0.0,255,2,0.01,0.07,0.0,1.0,1.0,0.0,1,121485.0
24,9,178,4330,0,1,6,0.0,0.0,1.0,0.0,0.0,38,40,1.0,0.0,0.05,0.0,0.0,0.0,0,40259.0
24,9,268,4654,0,1,1,0.0,0.0,1.0,0.0,0.0,2,255,1.0,0.0,0.05,0.0,0.0,0.0,0,61040.0
20,9,259,0,0,0,2,0.0,0.0,1.0,0.0,0.0,58,2,0.03,0.05,0.0,0.0,0.0,0.0,0,35299.0
47,5,0,0,0,0,114,1.0,1.0,0.11,0.08,0.0,255,12,0.05,0.08,0.0,1.0,1.0,0.0,1,117021.0
42,1,0,0,0,0,1,0.0,0.0,1.0,0.0,0.0,27,27,1.0,0.0,0.0,0.0,0.0,1.0,0,60724.0
24,6,217,18864,0,1,1,1.0,1.0,1.0,0.0,0.0,88,250,1.0,0.0,0.13,0.01,0.0,0.5,0,106850.0
24,9,356,397,0,1,7,0.0,0.0,1.0,0.0,0.0,29,255,1.0,0.0,0.05,0.0,0.0,0.0,0,80609.0
24,9,227,340,0,1,1,0.0,0.0,1.0,0.0,1.0,1,255,1.0,0.0,0.12,0.0,0.0,0.65,0,51450.0
8,1,0,0,0,0,267,0.0,0.0,0.06,0.06,0.0,255,15,0.06,0.07,0.0,0.0,0.0,1.0,1,3303.0
34,5,0,0,0,0,146,1.0,1.0,0.14,0.05,0.0,255,5,0.02,0.05,0.0,1.0,1.0,0.0,1,101078.0
47,5,0,0,0,0,222,1.0,1.0,0.04,0.08,0.0,255,9,0.04,0.09,0.0,1.0,1.0,0.0,1,38802.0
24,9,328,1569,0,1,30,0.0,0.0,1.0,0.0,0.09,30,255,1.0,0.0,0.03,0.0,0.0,0.0,0,69690.0
45,9,91,7424,0,1,1,0.0,0.0,1.0,0.0,0.0,154,3,0.01,0.05,0.67,0.0,0.0,0.0,0,122620.0
30,5,0,0,0,0,120,1.0,1.0,0.07,0.07,0.0,255,8,0.03,0.06,0.0,1.0,1.0,0.0,1,36681.0
11,5,0,0,0,0,299,1.0,1.0,0.08,0.04,0.0,255,25,0.1,0.05,0.0,1.0,1.0,0.0,1,117515.0
47,1,0,0,0,0,2,0.0,0.0,0.5,1.0,0.0,255,1,0.0,1.0,0.0,0.04,0.0,1.0,1,86552.0
24,9,54540,8314,0,1,2,0.0,0.0,1.0,0.0,0.0,34,34,1.0,0.0,0.0,0.0,0.0,0.0,1,91163.0
24,9,242,3323,0,1,6,0.0,0.0,1.0,0.0,0.0,89,89,1.0,0.0,0.0,0.0,0.0,0.0,0,35559.0
24,9,244,12234,0,1,6,0.17,0.17,1.0,0.0,0.0,255,255,1.0,0.0,0.0,0.01,0.01,0.0,0,119212.0
24,9,331,2554,0,1,3,0.0,0.0,1.0,0.0,0.0,19,255,1.0,0.0,0.05,0.0,0.0,0.0,0,8802.0
24,1,0,0,0,0,224,0.0,0.0,0.05,0.07,0.0,255,12,0.05,0.07,0.0,0.0,0.0,1.0,1,15694.0
12,9,45,71,0,0,263,0.0,0.0,1.0,0.0,0.0,255,237,0.93,0.01,0.0,0.0,0.0,0.0,0,74554.0
12,9,45,138,0,0,67,0.0,0.0,1.0,0.0,0.01,255,255,1.0,0.0,0.0,0.0,0.0,0.0,0,105972.0
47,4,0,0,0,0,1,0.0,0.0,1.0,0.0,0.0,255,1,0.0,0.6,0.0,0.0,0.0,1.0,1,100755.0
24,9,257,4744,0,1,11,0.0,0.0,1.0,0.0,0.0,255,255,1.0,0.0,0.0,0.0,0.0,0.0,0,112257.0
42,5,0,0,0,0,511,0.03,1.0,0.0,1.0,0.0,255,1,0.0,1.0,0.0,0.05,1.0,0.0,1,117710.0
52,9,1226,390,0,1,1,0.0,0.0,1.0,0.0,1.0,255,106,0.42,0.02,0.0,0.26,0.0,0.0,0,18085.0
52,9,684,329,0,1,1,0.0,0.0,1.0,0.0,0.0,147,144,0.47,0.04,0.01,0.0,0.0,0.0,0,55436.0
47,4,0,0,0,0,1,0.0,0.0,1.0,0.0,0.0,117,1,0.01,0.6,0.0,0.05,0.0,1.0,1,34624.0
47,5,0,0,0,0,45,1.0,1.0,0.18,0.13,0.0,255,18,0.07,0.08,0.0,1.0,1.0,0.0,1,22207.0
52,9,1556,480,0,1,1,0.0,0.0,1.0,0.0,1.0,255,32,0.13,0.02,0.0,0.0,0.0,0.0,0,17109.0
24,9,335,2325,0,1,26,0.0,0.0,1.0,0.0,0.07,54,255,1.0,0.0,0.03,0.0,0.0,0.0,0,82455.0
47,1,0,0,0,0,1,0.0,0.0,1.0,0.0,0.0,69,2,0.01,1.0,1.0,0.0,0.0,1.0,1,118308.0
24,5,0,0,0,0,5,1.0,1.0,0.6,0.6,0.0,255,65,0.25,0.02,0.0,1.0,1.0,0.0,1,10936.0
24,5,0,0,0,0,212,1.0,0.26,0.03,0.07,0.13,255,6,0.02,0.08,0.0,1.0,1.0,0.0,1,63008.0
57,5,0,0,0,0,220,1.0,1.0,0.08,0.06,0.0,255,18,0.07,0.06,0.0,1.0,1.0,0.0,1,82194.0
24,9,224,3424,0,1,2,0.0,0.0,1.0,0.0,0.33,2,255,1.0,0.0,0.01,0.0,0.0,0.0,0,48486.0
47,5,0,0,0,0,104,1.0,1.0,0.19,0.06,0.0,255,19,0.07,0.05,0.0,1.0,1.0,0.0,1,6521.0
12,9,44,137,0,0,129,0.0,0.0,1.0,0.0,0.01,255,255,1.0,0.0,0.0,0.0,0.0,0.0,0,117216.0
52,9,930,332,0,1,1,0.0,0.0,1.0,0.0,1.0,218,145,0.67,0.03,0.0,0.0,0.0,0.0,0,101766.0
47,9,28,0,3,0,100,0.01,0.0,0.99,0.02,0.0,255,99,0.39,0.01,0.0,0.0,0.0,0.0,1,75562.0
24,9,224,3124,0,1,3,0.0,0.0,1.0,0.0,0.0,3,255,1.0,0.0,0.01,0.0,0.0,0.0,0,50561.0
24,9,297,1645,0,1,1,0.0,0.0,1.0,0.0,0.0,255,255,1.0,0.0,0.0,0.0,0.0,0.0,0,100335.0
4,9,14,39,0,0,1,0.0,0.0,1.0,0.0,0.0,18,12,0.06,0.17,0.17,0.0,0.0,0.0,0,94565.0
15,9,1032,0,0,0,453,0.0,0.0,1.0,0.0,0.0,255,255,1.0,0.0,0.0,0.0,0.0,0.0,1,10117.0
14,9,8,0,0,0,1,0.0,0.0,1.0,0.0,1.0,1,129,1.0,0.0,0.51,0.0,0.0,0.0,1,75062.0
4,5,0,0,0,0,202,1.0,1.0,0.03,0.05,0.0,255,6,0.02,0.06,0.0,1.0,1.0,0.0,1,30645.0
20,9,334,0,0,1,1,0.0,0.0,1.0,0.0,0.0,5,19,1.0,0.0,0.16,0.0,0.0,0.0,1,112888.0
42,9,1,0,0,0,3,0.0,0.0,1.0,0.0,0.0,255,3,0.01,0.16,0.0,0.0,0.0,0.0,1,3888.0
47,5,0,0,0,0,69,1.0,1.0,0.28,0.07,0.0,176,19,0.11,0.06,0.0,1.0,1.0,0.0,1,81081.0
24,1,0,0,0,0,1,0.0,0.0,1.0,0.0,0.0,1,253,1.0,0.0,0.15,0.0,0.0,0.58,0,31242.0
24,9,260,821,0,1,14,0.0,0.0,1.0,0.0,0.0,255,255,1.0,0.0,0.0,0.0,0.0,0.0,0,84114.0
42,9,146,105,0,0,1,0.0,0.0,1.0,0.0,0.0,255,1,0.0,0.54,0.0,0.0,0.0,0.0,0,69092.0
15,9,520,0,0,0,486,0.0,0.0,1.0,0.0,0.0,141,141,1.0,0.0,0.0,0.0,0.0,0.0,1,20739.0
52,9,1544,479,0,1,1,0.0,0.0,1.0,0.0,1.0,126,44,0.14,0.04,0.05,0.0,0.0,0.0,0,24466.0
19,9,1415,4145,0,1,1,0.0,0.0,1.0,0.0,0.0,119,42,0.35,0.05,0.0,0.0,0.0,0.0,0,73654.0
47,5,0,0,0,0,135,1.0,1.0,0.04,0.06,0.0,246,6,0.02,0.07,0.0,1.0,1.0,0.0,1,23337.0
24,9,204,19329,0,1,2,0.0,0.0,1.0,0.0,0.0,4,255,1.0,0.0,0.05,0.0,0.0,0.0,0,77813.0
24,9,315,490,0,1,1,0.0,0.0,1.0,0.0,1.0,5,255,1.0,0.0,0.01,0.0,0.0,0.0,0,78603.0
42,1,0,0,0,0,484,0.07,0.0,0.0,1.0,0.0,255,1,0.0,1.0,0.0,0.04,0.0,1.0,1,40602.0
8,5,0,0,0,0,250,1.0,1.0,0.02,0.06,0.0,255,6,0.02,0.08,0.0,1.0,1.0,0.0,1,9608.0
24,2,267,2920,0,1,3,0.0,0.0,1.0,0.0,0.0,125,255,1.0,0.0,0.03,0.01,0.01,0.01,0,21738.0
42,9,4316,0,0,1,6,0.17,0.0,0.17,0.67,0.0,255,1,0.0,0.03,0.0,0.0,0.0,0.0,0,98093.0
47,5,0,0,0,0,67,1.0,1.0,0.1,0.06,0.0,255,20,0.08,0.07,0.0,1.0,1.0,0.0,1,5755.0
52,9,709,335,0,1,1,0.0,0.0,1.0,0.0,1.0,57,138,0.32,0.07,0.01,0.02,0.01,0.0,0,10201.0
24,9,253,893,0,1,14,0.0,0.0,1.0,0.0,0.0,255,255,1.0,0.0,0.0,0.0,0.0,0.0,0,51938.0
65,5,0,0,0,0,122,1.0,1.0,0.09,0.06,0.0,255,11,0.04,0.05,0.0,1.0,1.0,0.0,1,49409.0
52,9,810,332,0,1,1,0.0,0.0,1.0,0.0,0.0,66,67,0.76,0.08,0.03,0.0,0.0,0.0,0,36213.0
24,9,227,2239,0,1,4,0.0,0.0,1.0,0.0,0.0,255,254,1.0,0.01,0.0,0.0,0.0,0.0,0,29211.0
47,1,0,0,0,0,146,0.0,0.0,0.12,0.05,0.0,221,18,0.08,0.06,0.0,0.0,0.0,1.0,1,26473.0
18,5,0,0,0,0,31,1.0,1.0,0.23,0.13,0.0,255,62,0.24,0.02,0.0,1.0,1.0,0.0,1,120223.0
47,5,0,0,0,0,103,1.0,1.0,0.02,0.06,0.0,255,2,0.01,0.05,0.0,1.0,1.0,0.0,1,35150.0
5,5,0,0,0,0,125,1.0,1.0,0.02,0.07,0.0,255,3,0.01,0.08,0.0,1.0,1.0,0.0,1,102707.0
12,9,132,44,0,0,276,0.0,0.0,1.0,0.01,0.0,165,132,0.8,0.01,0.0,0.0,0.0,0.0,0,65390.0
52,9,1046,328,0,1,1,0.0,0.0,1.0,0.0,1.0,226,109,0.48,0.11,0.0,0.02,0.02,0.0,0,121731.0
24,1,0,0,0,0,1,0.0,0.0,1.0,0.0,0.0,4,253,1.0,0.0,0.2,0.0,0.0,1.0,0,66959.0
52,9,11643,1553,0,1,2,0.5,0.0,0.5,1.0,1.0,255,21,0.08,0.84,0.0,0.83,0.0,0.0,0,28003.0
4,1,0,0,0,0,230,0.0,0.0,0.0,0.07,0.0,255,1,0.0,0.08,0.0,0.0,0.0,1.0,1,84183.0
14,9,8,0,0,0,1,0.0,0.0,1.0,0.0,1.0,2,222,1.0,0.0,0.25,0.0,0.0,0.0,1,82108.0
58,5,0,0,0,0,269,1.0,1.0,0.07,0.04,0.0,255,20,0.08,0.05,0.0,1.0,1.0,0.0,1,52725.0
24,9,221,494,0,1,23,0.0,0.0,1.0,0.0,0.08,255,255,1.0,0.0,0.0,0.0,0.0,0.0,0,99059.0
0,4,1053,8740,0,0,1,0.0,0.0,1.0,0.0,0.0,28,7,0.25,0.07,0.0,0.0,0.0,0.71,0,54084.0
24,9,173,3385,0,1,1,0.0,0.0,1.0,0.0,0.75,2,255,1.0,0.0,0.04,0.0,0.0,0.0,0,27287.0
10,5,0,0,0,0,268,1.0,1.0,0.03,0.06,0.0,255,9,0.04,0.07,0.0,1.0,1.0,0.0,1,18866.0
24,9,331,2371,0,1,8,0.0,0.0,1.0,0.0,0.0,84,255,1.0,0.0,0.02,0.0,0.0,0.0,0,108713.0
12,9,36,96,0,0,1,0.0,0.0,1.0,0.0,0.0,255,233,0.91,0.02,0.0,0.0,0.0,0.0,0,109748.0
24,9,221,2551,0,1,5,0.0,0.0,1.0,0.0,0.0,255,255,1.0,0.0,0.0,0.0,0.0,0.0,0,55042.0
47,5,0,0,0,0,284,1.0,1.0,0.01,0.06,0.0,255,17,0.07,0.08,0.0,1.0,1.0,0.0,1,7925.0
24,9,241,1035,0,1,6,0.0,0.0,1.0,0.0,0.21,185,255,1.0,0.0,0.01,0.01,0.01,0.0,0,17645.0
24,9,218,495,0,1,4,0.0,0.0,1.0,0.0,0.15,19,255,1.0,0.0,0.01,0.0,0.0,0.0,0,52112.0
24,9,211,2648,0,1,3,0.33,0.33,1.0,0.0,0.0,65,255,1.0,0.0,0.01,0.0,0.0,0.0,0,110502.0
58,5,0,0,0,0,40,0.98,1.0,0.32,0.1,0.0,255,4,0.02,0.07,0.0,1.0,1.0,0.0,1,121560.0
12,9,44,129,0,0,131,0.0,0.0,1.0,0.0,0.02,255,254,1.0,0.01,0.0,0.0,0.0,0.0,0,16096.0
24,1,0,0,0,0,1,0.0,0.0,1.0,0.0,0.0,2,237,1.0,0.0,0.16,0.0,0.0,1.0,0,120652.0
21,5,0,0,0,0,285,1.0,1.0,0.06,0.06,0.0,255,19,0.07,0.06,0.0,1.0,1.0,0.0,1,22632.0
47,9,1,0,0,0,14,0.0,0.0,0.07,0.79,0.0,255,1,0.0,0.46,0.0,0.03,0.0,0.0,1,24343.0
14,9,18,0,0,0,1,0.0,0.0,1.0,0.0,1.0,1,10,1.0,0.0,1.0,0.0,0.0,0.0,1,62183.0
9,2,0,0,0,0,281,0.0,0.0,0.04,0.06,0.0,255,12,0.05,0.06,0.0,0.0,0.0,1.0,1,84206.0
24,9,218,434,0,1,23,0.0,0.0,1.0,0.0,0.08,255,255,1.0,0.0,0.0,0.0,0.0,0.0,0,62140.0
24,9,339,1851,0,1,11,0.0,0.0,1.0,0.0,0.0,255,255,1.0,0.0,0.0,0.0,0.0,0.0,0,90227.0
24,9,241,431,0,1,13,0.0,0.0,1.0,0.0,0.0,255,255,1.0,0.0,0.0,0.0,0.0,0.0,0,34526.0
47,5,0,0,0,0,206,1.0,1.0,0.02,0.07,0.0,255,4,0.02,0.08,0.0,1.0,1.0,0.0,1,120328.0
20,9,192,0,0,1,2,0.0,0.0,1.0,0.0,0.0,254,87,0.34,0.02,0.02,0.0,0.0,0.0,0,4559.0
24,9,296,1518,0,1,9,0.0,0.0,1.0,0.0,0.0,36,255,1.0,0.0,0.01,0.0,0.0,0.0,0,1554.0
24,9,199,462,0,1,16,0.0,0.0,1.0,0.0,0.17,255,255,1.0,0.0,0.0,0.0,0.0,0.0,0,39127.0
47,1,0,0,0,0,137,0.0,0.0,0.11,0.07,0.0,255,13,0.05,0.06,0.0,0.0,0.0,1.0,1,12482.0
24,9,205,253,0,1,15,0.0,0.0,1.0,0.0,0.12,255,255,1.0,0.0,0.0,0.0,0.0,0.0,0,88295.0
7,5,0,0,0,0,263,1.0,1.0,0.04,0.06,0.0,255,10,0.04,0.07,0.0,1.0,1.0,0.0,1,112566.0
24,9,205,9411,0,1,3,0.0,0.0,1.0,0.0,0.11,3,255,1.0,0.0,0.01,0.0,0.0,0.0,0,119066.0
47,1,0,0,0,0,225,0.06,0.0,0.0,1.0,0.0,255,1,0.0,0.89,0.0,0.05,0.0,1.0,1,47090.0
37,10,0,0,0,0,1,1.0,1.0,1.0,0.0,0.0,255,1,0.0,1.0,0.0,1.0,1.0,0.0,1,84469.0
24,9,238,7339,0,1,4,0.0,0.0,1.0,0.0,0.0,116,255,1.0,0.0,0.02,0.0,0.0,0.0,0,87671.0
24,9,338,278,0,1,3,0.0,0.0,1.0,0.0,0.0,255,252,0.99,0.01,0.0,0.0,0.0,0.0,0,114873.0
12,9,43,126,0,0,194,0.0,0.0,1.0,0.0,0.01,255,253,0.99,0.01,0.0,0.0,0.0,0.0,0,25724.0
33,5,0,0,0,0,278,1.0,1.0,0.02,0.05,0.0,255,5,0.02,0.05,0.0,1.0,1.0,0.0,1,105095.0
47,9,28,0,3,0,9,0.0,0.0,1.0,0.0,0.0,255,9,0.04,0.02,0.0,0.0,0.0,0.0,1,49790.0
15,9,520,0,0,0,413,0.0,0.0,1.0,0.0,0.0,255,255,1.0,0.0,0.0,0.0,0.0,0.0,1,106312.0
24,9,319,406,0,1,10,0.0,0.0,1.0,0.0,0.2,255,255,1.0,0.0,0.0,0.0,0.0,0.0,0,36147.0
24,9,368,426,0,1,4,0.0,0.0,1.0,0.0,0.0,67,231,1.0,0.0,0.2,0.0,0.0,0.74,0,66804.0
24,9,303,8720,0,1,24,0.04,0.04,1.0,0.0,0.0,255,255,1.0,0.0,0.0,0.0,0.0,0.0,0,123261.0
24,9,297,2119,0,1,20,0.0,0.0,1.0,0.0,0.0,255,255,1.0,0.0,0.0,0.0,0.0,0.0,0,38286.0
21,5,0,0,0,0,300,1.0,1.0,0.08,0.05,0.0,255,25,0.1,0.05,0.0,1.0,1.0,0.0,1,65951.0
19,9,232,769,0,1,1,0.0,0.0,1.0,0.0,0.0,138,20,0.14,0.51,0.0,0.0,0.0,0.05,0,107871.0
66,5,0,0,0,0,148,1.0,1.0,0.05,0.05,0.0,255,5,0.02,0.07,0.0,1.0,1.0,0.0,1,38536.0
24,9,251,1553,0,1,17,0.0,0.0,1.0,0.0,0.0,255,255,1.0,0.0,0.0,0.0,0.0,0.0,0,94524.0
24,9,211,294,0,1,6,0.0,0.0,1.0,0.0,0.0,88,255,1.0,0.0,0.05,0.0,0.0,0.0,0,15440.0
47,5,0,0,0,0,24,1.0,1.0,0.46,0.12,0.0,255,16,0.06,0.07,0.0,1.0,1.0,0.0,1,39497.0
20,9,29,0,0,1,1,0.0,0.0,1.0,0.0,0.0,13,65,0.38,0.31,0.03,0.0,0.05,0.0,1,15035.0
18,9,13,144,0,0,1,0.0,0.0,1.0,0.0,0.0,44,14,0.05,0.09,0.14,0.0,0.0,0.0,0,51247.0
20,9,383,0,0,0,2,0.0,0.0,1.0,0.0,0.0,154,69,0.41,0.04,0.03,0.01,0.0,0.0,0,12587.0
52,9,1999,334,0,1,1,0.0,0.0,1.0,0.0,0.0,178,211,0.8,0.03,0.01,0.0,0.0,0.0,0,67402.0
54,5,0,0,0,0,215,1.0,1.0,0.0,0.06,0.0,255,1,0.0,0.06,0.0,1.0,1.0,0.0,1,87672.0
20,9,641,0,0,1,1,0.0,0.0,1.0,0.0,0.0,5,54,1.0,0.0,0.04,0.0,0.0,0.0,0,95197.0
24,9,315,1660,0,1,21,0.0,0.0,1.0,0.0,0.0,21,255,1.0,0.0,0.04,0.0,0.0,0.0,0,15255.0
24,9,355,254,0,1,6,0.0,0.0,1.0,0.0,0.25,151,255,1.0,0.0,0.04,0.0,0.0,0.0,0,20206.0
66,5,0,0,0,0,103,1.0,1.0,0.03,0.07,0.0,255,3,0.01,0.07,0.0,1.0,1.0,0.0,1,99279.0
14,9,8,0,0,0,1,0.0,0.0,1.0,0.0,1.0,2,74,1.0,0.0,0.5,0.0,0.0,0.0,1,58079.0
24,9,237,2450,0,1,3,0.0,0.0,1.0,0.0,0.6,78,255,1.0,0.0,0.04,0.0,0.0,0.0,0,124466.0
47,9,105,146,0,0,5,0.0,0.0,0.2,0.4,0.0,255,228,0.89,0.01,0.0,0.0,0.0,0.0,0,8962.0
42,9,516,4,0,0,208,0.0,0.0,1.0,0.0,0.0,208,208,1.0,0.0,0.0,0.0,0.0,0.0,0,54321.0
47,5,0,0,0,0,122,1.0,1.0,0.1,0.06,0.0,255,1,0.0,0.06,0.0,1.0,1.0,0.0,1,43144.0
47,1,0,0,0,0,1,0.0,0.0,1.0,0.0,0.0,255,1,0.0,0.67,0.0,0.0,0.0,1.0,1,71967.0
47,5,0,0,0,0,127,1.0,1.0,0.09,0.06,0.0,255,19,0.07,0.07,0.0,1.0,1.0,0.0,1,109409.0
47,5,0,0,0,0,118,1.0,1.0,0.11,0.07,0.0,255,11,0.04,0.07,0.0,1.0,1.0,0.0,1,89625.0
20,5,0,0,0,0,259,1.0,1.0,0.0,0.06,0.0,255,1,0.0,0.09,0.0,1.0,1.0,0.0,1,21739.0
24,9,228,2736,0,1,2,0.0,0.0,1.0,0.0,0.0,2,2,1.0,0.0,0.0,0.0,0.0,0.0,0,36286.0
52,5,0,0,0,0,2,0.5,0.25,1.0,0.0,0.75,143,129,0.43,0.04,0.02,0.01,0.02,0.0,1,96765.0
24,1,0,0,0,0,1,0.0,0.0,1.0,0.0,0.0,15,60,1.0,0.0,0.28,0.0,0.0,1.0,0,54377.0
38,5,0,0,0,0,135,1.0,1.0,0.1,0.05,0.0,255,13,0.05,0.07,0.0,1.0,1.0,0.0,1,82224.0
24,9,221,35096,0,1,4,0.0,0.0,1.0,0.0,0.29,5,255,1.0,0.0,0.04,0.0,0.0,0.0,0,15708.0
47,5,0,0,0,0,254,1.0,1.0,0.06,0.06,0.0,255,3,0.01,0.08,0.0,1.0,1.0,0.0,1,47995.0
24,9,202,1320,0,1,33,0.0,0.0,1.0,0.0,0.0,56,255,1.0,0.0,0.02,0.0,0.0,0.01,0,22792.0
24,9,249,1744,0,1,1,0.0,0.0,1.0,0.0,0.0,16,255,1.0,0.0,0.05,0.0,0.0,0.0,0,92560.0
28,5,0,0,0,0,131,1.0,1.0,0.02,0.06,0.0,255,7,0.03,0.07,0.0,1.0,1.0,0.0,1,118042.0
24,1,0,0,0,0,1,0.0,0.0,1.0,0.0,0.0,6,254,1.0,0.0,0.21,0.0,0.0,0.81,0,60729.0
15,9,1032,0,0,0,511,0.0,0.0,1.0,0.0,0.0,243,98,0.4,0.01,0.0,0.0,0.0,0.0,1,858.0
14,9,8,0,0,0,1,0.0,0.0,1.0,0.0,1.0,1,41,1.0,0.0,0.51,0.0,0.0,0.0,1,83950.0
24,9,231,8861,0,1,1,0.0,0.0,1.0,0.0,0.09,65,255,1.0,0.0,0.04,0.0,0.0,0.0,0,87646.0
24,9,231,1930,0,1,20,0.0,0.0,1.0,0.0,0.0,42,52,1.0,0.0,0.06,0.02,0.02,0.0,0,58588.0
12,9,43,75,0,0,144,0.0,0.0,1.0,0.0,0.0,255,254,1.0,0.01,0.0,0.0,0.0,0.0,0,59869.0
26,5,0,0,0,0,224,1.0,1.0,0.02,0.06,0.0,255,4,0.02,0.05,0.0,1.0,1.0,0.0,1,122361.0
14,9,8,0,0,0,1,0.0,0.0,1.0,0.0,1.0,2,238,1.0,0.0,0.5,0.0,0.0,0.0,1,105114.0
24,9,364,1158,0,1,24,0.0,0.0,1.0,0.0,0.14,152,255,1.0,0.0,0.02,0.0,0.0,0.03,0,106316.0
24,9,316,198,0,1,5,0.0,0.22,1.0,0.0,0.33,255,255,1.0,0.0,0.0,0.0,0.0,0.0,0,41894.0
52,9,1042,334,0,1,2,0.0,0.0,0.5,1.0,0.0,108,145,0.75,0.05,0.01,0.01,0.01,0.0,0,97037.0
19,9,1471,4152,0,1,1,0.0,0.0,1.0,0.0,0.0,2,1,0.5,1.0,0.0,0.0,0.0,0.0,0,103511.0
56,5,0,0,0,0,278,1.0,1.0,0.03,0.06,0.0,255,4,0.02,0.07,0.0,1.0,1.0,0.0,1,19329.0
47,9,28,0,3,0,7,0.0,0.0,1.0,0.0,0.0,220,7,0.03,0.74,0.0,0.03,0.0,0.0,1,70163.0
24,9,247,4815,0,1,3,0.0,0.0,1.0,0.0,0.16,21,255,1.0,0.0,0.03,0.0,0.0,0.0,0,29021.0
60,5,0,0,0,0,101,1.0,1.0,0.01,0.07,0.0,255,1,0.0,0.07,0.0,1.0,1.0,0.0,1,61447.0
24,9,326,1013,0,1,17,0.0,0.0,1.0,0.0,0.0,17,255,1.0,0.0,0.05,0.0,0.0,0.0,0,56656.0
29,5,0,0,0,0,138,1.0,1.0,0.09,0.06,0.0,255,20,0.08,0.06,0.0,1.0,1.0,0.0,1,89762.0
24,9,172,326,0,1,4,0.0,0.0,1.0,0.0,0.0,4,255,1.0,0.0,0.04,0.0,0.0,0.0,0,115339.0
12,9,45,134,0,0,82,0.0,0.0,1.0,0.0,0.01,255,219,0.86,0.02,0.0,0.0,0.0,0.0,0,50404.0
24,9,237,642,0,1,4,0.0,0.0,1.0,0.0,0.0,8,255,1.0,0.0,0.03,0.0,0.0,0.0,0,89645.0
47,4,0,0,0,0,1,0.0,0.0,1.0,0.0,0.0,74,1,0.01,0.36,0.0,0.08,0.0,1.0,1,102036.0
33,5,0,0,0,0,232,1.0,1.0,0.0,0.06,0.0,255,1,0.0,0.07,0.0,1.0,1.0,0.0,1,20834.0
24,9,54540,8314,0,1,5,0.0,0.0,1.0,0.0,0.0,245,245,1.0,0.0,0.0,0.0,0.0,0.05,1,94943.0
57,5,0,0,0,0,37,1.0,1.0,0.14,0.16,0.0,255,11,0.04,0.09,0.0,1.0,1.0,0.0,1,80334.0
24,9,283,34975,0,1,1,0.0,0.0,1.0,0.0,0.0,101,228,1.0,0.0,0.03,0.0,0.0,0.0,0,125850.0
42,9,147,105,0,0,1,0.0,0.0,1.0,0.0,0.0,255,1,0.0,0.6,0.0,0.0,0.0,0.0,0,64570.0
24,1,0,0,0,0,1,0.0,0.0,1.0,0.0,0.0,2,255,1.0,0.0,0.06,0.0,0.0,0.85,0,92980.0
52,9,3545,368,0,1,1,0.0,0.0,1.0,0.0,1.0,167,178,0.74,0.02,0.01,0.0,0.0,0.0,0,124209.0
15,9,1032,0,0,0,511,0.0,0.0,1.0,0.0,0.0,255,156,0.61,0.01,0.0,0.0,0.0,0.0,1,21844.0
47,9,28,0,3,0,21,0.0,0.0,1.0,0.0,0.0,255,88,0.35,0.01,0.0,0.0,0.0,0.0,1,102055.0
24,9,252,4312,0,1,2,0.0,0.0,1.0,0.0,0.17,2,255,1.0,0.0,0.1,0.0,0.0,0.74,0,109562.0
24,9,320,930,0,1,3,0.33,0.03,1.0,0.0,0.07,172,255,1.0,0.0,0.02,0.01,0.0,0.0,0,122023.0
24,9,275,553,0,1,7,0.0,0.0,1.0,0.0,0.22,14,255,1.0,0.0,0.05,0.0,0.0,0.0,0,58553.0
52,9,716,331,0,1,1,0.0,0.0,1.0,0.0,1.0,193,197,0.77,0.03,0.01,0.0,0.0,0.0,0,101745.0
47,5,0,0,0,0,107,1.0,1.0,0.08,0.05,0.0,255,9,0.04,0.04,0.0,1.0,1.0,0.0,1,115660.0
42,1,0,0,0,0,486,0.07,0.0,0.0,1.0,0.0,255,1,0.0,1.0,0.0,0.04,0.0,1.0,1,32614.0
19,9,1221,2449,0,1,1,0.0,0.0,1.0,0.0,0.0,221,49,0.22,0.02,0.0,0.0,0.0,0.0,1,107207.0
8,5,0,0,0,0,142,1.0,1.0,0.02,0.06,0.0,255,3,0.01,0.07,0.0,1.0,1.0,0.0,1,4892.0
47,5,0,0,0,0,143,1.0,1.0,0.13,0.06,0.0,255,31,0.12,0.05,0.0,1.0,1.0,0.0,1,48642.0
12,9,46,46,0,0,71,0.0,0.0,0.99,0.03,0.01,255,254,1.0,0.01,0.0,0.0,0.0,0.0,0,87989.0
7,5,0,0,0,0,196,1.0,1.0,0.02,0.06,0.0,255,4,0.02,0.06,0.0,1.0,1.0,0.0,1,35756.0
24,2,0,0,0,1,6,0.0,0.0,1.0,0.0,0.29,38,255,1.0,0.0,0.04,0.0,0.0,0.0,0,96053.0
24,9,319,1164,0,1,3,0.0,0.0,1.0,0.0,0.4,23,255,1.0,0.0,0.02,0.0,0.01,0.0,0,50632.0
20,5,0,0,0,0,249,1.0,1.0,0.04,0.06,0.0,255,11,0.04,0.07,0.0,1.0,1.0,0.0,1,22134.0
24,9,204,527,0,1,3,0.0,0.0,1.0,0.0,0.5,158,255,1.0,0.0,0.04,0.0,0.0,0.0,0,34660.0
24,9,215,1342,0,1,25,0.0,0.0,1.0,0.0,0.0,255,255,1.0,0.0,0.0,0.0,0.0,0.02,0,52600.0
52,9,812,327,0,1,1,0.0,0.0,1.0,0.0,1.0,76,103,0.71,0.04,0.02,0.0,0.0,0.0,0,109252.0
20,9,501760,0,0,0,1,0.0,0.0,1.0,0.0,0.0,240,15,0.06,0.01,0.0,0.83,0.0,0.0,0,95326.0
65,5,0,0,0,0,231,1.0,1.0,0.01,0.07,0.0,255,3,0.01,0.08,0.0,1.0,1.0,0.0,1,94098.0
24,9,204,27946,0,1,6,0.0,0.0,1.0,0.0,0.12,49,255,1.0,0.0,0.03,0.04,0.01,0.0,0,88386.0
24,9,186,4445,0,1,2,0.0,0.0,1.0,0.0,0.0,2,255,1.0,0.0,0.03,0.0,0.0,0.0,0,33664.0
24,9,340,285,0,1,17,0.0,0.0,1.0,0.0,0.0,255,255,1.0,0.0,0.0,0.0,0.0,0.0,0,9364.0
17,5,0,0,0,0,88,1.0,1.0,0.06,0.08,0.0,255,5,0.02,0.06,0.0,1.0,1.0,0.0,1,45337.0
63,5,0,0,0,0,138,1.0,1.0,0.1,0.06,0.0,255,20,0.08,0.06,0.0,1.0,1.0,0.0,1,15283.0
24,9,228,1610,0,1,7,0.0,0.0,1.0,0.0,0.0,255,255,1.0,0.0,0.0,0.0,0.0,0.0,0,47281.0
24,9,169,620,0,1,25,0.0,0.0,1.0,0.0,0.0,25,255,1.0,0.0,0.04,0.0,0.0,0.0,0,72665.0
47,5,0,0,0,0,146,1.0,1.0,0.05,0.05,0.0,255,8,0.03,0.06,0.0,1.0,1.0,0.0,1,54228.0
12,9,42,42,0,0,11,0.0,0.0,1.0,0.0,0.2,255,250,0.98,0.01,0.0,0.0,0.0,0.0,0,63639.0
63,5,0,0,0,0,69,1.0,1.0,0.26,0.06,0.0,255,18,0.07,0.04,0.0,1.0,1.0,0.0,1,4736.0
52,9,889,334,0,1,1,0.0,0.0,1.0,0.0,0.0,4,168,1.0,0.0,0.01,0.0,0.0,0.0,0,29343.0
47,5,0,0,0,0,253,1.0,1.0,0.05,0.06,0.0,255,11,0.04,0.07,0.0,1.0,1.0,0.0,1,98483.0
20,1,0,0,0,0,459,0.07,0.0,0.01,0.99,0.0,255,4,0.02,0.99,0.0,0.08,0.0,1.0,1,487.0
47,9,105,145,0,0,4,0.0,0.0,0.25,0.5,0.0,255,63,0.25,0.01,0.0,0.0,0.0,0.0,0,55123.0
24,9,214,1097,0,1,3,0.33,0.33,1.0,0.0,0.0,89,255,1.0,0.0,0.02,0.01,0.01,0.0,0,90284.0
24,9,348,4166,0,1,15,0.0,0.0,1.0,0.0,0.0,68,248,1.0,0.0,0.03,0.0,0.0,0.0,0,82043.0
50,5,0,0,0,0,216,1.0,1.0,0.09,0.06,0.0,255,20,0.08,0.05,0.0,1.0,1.0,0.0,1,2045.0
17,5,0,0,0,0,123,1.0,1.0,0.18,0.06,0.0,255,22,0.09,0.05,0.0,1.0,1.0,0.0,1,32961.0
20,9,7162,0,0,0,2,0.0,0.0,1.0,0.0,0.0,23,72,0.43,0.13,0.03,0.0,0.0,0.0,0,82804.0
24,9,291,11625,0,1,22,0.0,0.0,1.0,0.0,0.08,22,255,1.0,0.0,0.04,0.0,0.0,0.0,0,122393.0
19,9,238,769,0,1,2,0.0,0.0,0.5,1.0,0.0,166,36,0.22,0.04,0.0,0.0,0.0,0.0,0,84921.0
24,9,301,355,0,1,10,0.0,0.0,1.0,0.0,0.29,231,255,1.0,0.0,0.01,0.0,0.0,0.0,0,35344.0
47,5,0,0,0,0,87,1.0,1.0,0.2,0.06,0.0,255,18,0.07,0.07,0.0,1.0,1.0,0.0,1,15950.0
28,10,0,0,0,0,1,1.0,1.0,1.0,0.0,0.0,255,1,0.0,1.0,0.0,1.0,1.0,0.0,1,59046.0
6,1,0,0,0,0,147,0.0,0.0,0.12,0.05,0.0,255,18,0.07,0.05,0.0,0.0,0.0,1.0,1,72487.0
24,9,276,13466,0,1,2,0.0,0.0,1.0,0.0,0.0,10,255,1.0,0.0,0.05,0.0,0.02,0.0,0,73347.0
58,5,0,0,0,0,225,1.0,1.0,0.05,0.07,0.0,255,16,0.06,0.07,0.0,1.0,1.0,0.0,1,85775.0
24,6,149,14507,0,1,1,1.0,1.0,1.0,0.0,0.0,39,255,1.0,0.0,0.05,0.03,0.01,0.0,0,92084.0
47,5,0,0,0,0,113,0.99,1.0,0.04,0.07,0.0,255,1,0.0,0.05,0.0,1.0,1.0,0.0,1,122941.0
15,9,1480,0,1,0,1,0.0,0.0,1.0,0.0,0.0,1,1,1.0,0.0,0.0,0.0,0.0,0.0,1,108751.0
24,9,232,584,0,1,1,0.0,0.0,1.0,0.0,0.0,6,255,1.0,0.0,0.04,0.0,0.0,0.0,0,15532.0
47,5,0,0,0,0,131,1.0,1.0,0.15,0.05,0.0,255,18,0.07,0.07,0.0,1.0,1.0,0.0,1,541.0
58,5,0,0,0,0,231,1.0,1.0,0.07,0.06,0.0,255,16,0.06,0.08,0.0,1.0,1.0,0.0,1,66842.0
24,9,168,4898,0,1,11,0.0,0.0,1.0,0.0,0.0,255,255,1.0,0.0,0.0,0.0,0.0,0.0,0,9538.0
24,9,224,373,0,1,2,0.0,0.0,1.0,0.0,0.27,7,255,1.0,0.0,0.01,0.0,0.0,0.0,0,74417.0
12,9,46,73,0,0,210,0.0,0.0,1.0,0.01,0.0,255,254,1.0,0.01,0.0,0.0,0.0,0.0,0,59964.0
24,9,0,11595,0,0,4,0.25,0.25,1.0,0.0,0.0,128,255,1.0,0.0,0.03,0.02,0.01,0.0,0,25868.0
24,9,335,263,0,1,7,0.0,0.0,1.0,0.0,0.0,116,255,1.0,0.0,0.04,0.0,0.0,0.08,0,55570.0
12,9,45,117,0,0,123,0.0,0.0,1.0,0.0,0.02,255,255,1.0,0.0,0.0,0.0,0.0,0.0,0,102390.0
12,9,45,71,0,0,117,0.0,0.0,0.99,0.02,0.03,255,241,0.95,0.01,0.0,0.0,0.0,0.0,0,46718.0
26,1,0,0,0,0,137,0.0,0.0,0.13,0.06,0.0,255,18,0.07,0.07,0.0,0.0,0.0,1.0,1,101607.0
2,5,0,0,0,0,248,1.0,1.0,0.04,0.05,0.0,255,10,0.04,0.06,0.0,1.0,1.0,0.0,1,90647.0
20,1,0,0,0,0,1,0.0,0.0,1.0,0.0,0.0,1,1,1.0,0.0,0.0,0.0,0.0,1.0,0,100281.0
39,5,0,0,0,0,108,1.0,1.0,0.06,0.08,0.0,255,7,0.03,0.06,0.0,1.0,1.0,0.0,1,17409.0
42,1,0,0,0,0,509,0.22,0.0,0.0,1.0,0.0,255,1,0.0,1.0,0.0,0.17,0.0,1.0,1,32060.0
24,9,196,9976,0,1,12,0.0,0.0,1.0,0.0,0.06,65,255,1.0,0.0,0.02,0.0,0.0,0.0,0,120070.0
52,9,1468,333,0,1,1,0.0,0.0,1.0,0.0,0.0,48,100,0.65,0.08,0.02,0.0,0.0,0.0,0,80532.0
24,9,306,2507,0,1,6,0.0,0.0,1.0,0.0,0.0,255,246,0.96,0.02,0.0,0.0,0.0,0.01,0,29550.0
52,9,705,329,0,1,1,0.0,0.0,1.0,0.0,1.0,109,184,0.72,0.06,0.01,0.0,0.0,0.0,0,3930.0
40,5,0,0,0,0,242,1.0,1.0,0.07,0.07,0.0,255,17,0.07,0.07,0.0,1.0,1.0,0.0,1,10798.0
47,9,1,26,0,0,22,0.0,0.0,0.41,0.14,0.0,255,9,0.04,0.84,0.0,0.16,0.0,0.0,1,76527.0
47,5,0,0,0,0,237,1.0,1.0,0.05,0.05,0.0,178,12,0.07,0.07,0.0,0.92,1.0,0.0,1,118527.0
24,9,329,10253,0,1,1,0.0,0.0,1.0,0.0,0.0,27,255,1.0,0.0,0.05,0.0,0.0,0.0,0,31984.0
24,9,295,598,0,1,10,0.0,0.0,1.0,0.0,0.0,21,255,1.0,0.0,0.04,0.0,0.0,0.0,0,113755.0
24,9,329,1866,0,1,13,0.0,0.0,1.0,0.0,0.07,255,255,1.0,0.0,0.0,0.0,0.0,0.0,0,99843.0
47,5,0,0,0,0,79,1.0,1.0,0.3,0.06,0.0,255,24,0.09,0.05,0.0,1.0,1.0,0.0,1,19546.0
52,9,1956,480,0,1,1,0.0,0.0,1.0,0.0,1.0,255,33,0.13,0.02,0.0,0.0,0.0,0.0,0,88174.0
18,5,0,0,0,0,9,1.0,1.0,1.0,0.0,0.0,69,15,0.13,0.06,0.13,1.0,0.6,0.0,1,6974.0
26,5,0,0,0,0,235,1.0,1.0,0.0,0.07,0.0,255,1,0.0,0.07,0.0,1.0,1.0,0.0,1,102816.0
15,9,1032,0,0,0,56,0.0,0.0,1.0,0.0,0.0,255,255,1.0,0.0,0.0,0.0,0.0,0.0,1,107952.0
19,9,1457,4152,0,1,1,0.0,0.0,1.0,0.0,0.0,193,78,0.4,0.03,0.0,0.0,0.0,0.0,0,76144.0
57,5,0,0,0,0,259,1.0,1.0,0.09,0.05,0.0,255,24,0.09,0.05,0.0,1.0,1.0,0.0,1,75923.0
14,9,30,0,0,0,5,0.0,0.0,0.2,0.6,0.0,255,15,0.06,0.01,0.0,0.0,0.0,0.0,0,88421.0
47,4,1,0,0,0,2,0.0,0.0,1.0,0.0,0.0,255,2,0.01,0.66,0.0,0.0,0.0,1.0,1,25313.0
24,9,273,285,0,1,11,0.0,0.0,1.0,0.0,0.0,255,255,1.0,0.0,0.0,0.0,0.0,0.0,0,95678.0
24,9,268,279,0,1,1,0.0,0.0,1.0,0.0,0.67,106,102,0.96,0.02,0.0,0.0,0.0,0.0,0,2057.0
56,5,0,0,0,0,227,1.0,1.0,0.05,0.06,0.0,255,11,0.04,0.06,0.0,1.0,1.0,0.0,1,17592.0
52,9,1125,332,0,1,1,0.0,0.0,1.0,0.0,1.0,216,144,0.67,0.02,0.0,0.0,0.0,0.0,0,67010.0
7,1,0,0,0,0,143,0.0,0.0,0.09,0.06,0.0,255,8,0.03,0.07,0.0,0.0,0.0,1.0,1,77150.0
42,1,0,0,0,0,455,0.08,0.0,0.0,1.0,0.0,255,1,0.0,1.0,0.0,0.06,0.0,1.0,1,71118.0
24,9,228,23139,0,1,4,0.0,0.0,1.0,0.0,0.0,255,255,1.0,0.0,0.0,0.0,0.0,0.0,0,74839.0
47,1,0,0,0,0,132,0.0,0.0,0.08,0.07,0.0,255,8,0.03,0.06,0.0,0.0,0.0,1.0,1,43826.0
50,1,0,0,0,0,2,0.0,0.0,0.5,1.0,0.0,255,1,0.0,0.78,0.0,0.0,0.0,1.0,1,90891.0
24,1,0,0,0,0,1,0.0,0.0,1.0,0.0,1.0,4,71,1.0,0.0,0.03,0.0,0.0,1.0,0,34638.0
20,9,383,0,0,1,2,0.0,0.0,1.0,0.0,0.0,134,43,0.32,0.08,0.0,0.01,0.02,0.0,0,62765.0
12,9,44,135,0,0,48,0.0,0.0,1.0,0.0,0.02,255,254,1.0,0.01,0.0,0.0,0.0,0.0,0,65696.0
24,9,194,535,0,1,37,0.0,0.0,1.0,0.0,0.05,87,255,1.0,0.0,0.02,0.0,0.0,0.0,0,26700.0
12,9,42,42,0,0,6,0.0,0.0,1.0,0.0,0.0,255,244,0.96,0.01,0.0,0.0,0.0,0.0,0,30824.0
47,9,1,0,0,0,4,0.0,0.0,1.0,0.0,0.0,255,4,0.02,0.98,0.0,0.13,0.0,0.0,1,19246.0
12,9,45,110,0,0,1,0.0,0.0,1.0,0.0,1.0,255,234,0.92,0.01,0.0,0.0,0.0,0.0,0,9370.0
16,5,0,0,0,0,126,1.0,1.0,0.02,0.06,0.0,255,18,0.07,0.06,0.0,1.0,1.0,0.0,1,99275.0
42,9,147,105,0,0,1,0.0,0.0,1.0,0.0,0.0,255,3,0.01,0.77,0.0,0.0,0.0,0.0,0,93527.0
47,5,0,0,0,0,101,1.0,1.0,0.1,0.06,0.0,179,13,0.07,0.09,0.0,1.0,1.0,0.0,1,70064.0
47,5,0,0,0,0,260,1.0,1.0,0.0,0.06,0.0,255,20,0.08,0.07,0.0,1.0,1.0,0.0,1,60940.0
11,5,0,0,0,0,13,1.0,1.0,0.38,0.23,0.0,255,11,0.04,0.07,0.0,1.0,1.0,0.0,1,40965.0
56,5,0,0,0,0,249,1.0,1.0,0.0,0.06,0.0,255,1,0.0,0.07,0.0,1.0,1.0,0.0,1,20101.0
15,9,1032,0,0,0,187,0.0,0.0,1.0,0.0,0.0,222,128,0.58,0.03,0.0,0.01,0.0,0.0,1,2324.0
47,5,0,0,0,0,147,1.0,1.0,0.1,0.05,0.0,255,1,0.0,0.07,0.0,1.0,1.0,0.0,1,1525.0
47,5,0,0,0,0,138,1.0,1.0,0.07,0.07,0.0,255,8,0.03,0.06,0.0,1.0,1.0,0.0,1,33305.0
14,9,8,0,0,0,1,0.0,0.0,1.0,0.0,1.0,3,59,1.0,0.0,0.25,0.0,0.0,0.0,1,9048.0
47,9,105,147,0,0,2,0.0,0.0,1.0,0.0,0.0,255,240,0.94,0.01,0.0,0.0,0.0,0.0,0,64164.0
20,9,567,0,0,1,1,0.0,0.0,1.0,0.0,0.0,182,66,0.26,0.04,0.03,0.02,0.02,0.0,0,83071.0
10,5,0,0,0,0,109,1.0,1.0,0.07,0.07,0.0,255,8,0.03,0.07,0.0,1.0,1.0,0.0,1,50359.0
24,1,0,0,0,0,18,0.0,0.0,1.0,0.0,0.0,171,182,1.0,0.0,0.03,0.01,0.01,0.34,0,125001.0
14,9,8,0,0,0,1,0.0,0.0,1.0,0.0,1.0,1,31,1.0,0.0,0.52,0.0,0.0,0.0,1,90892.0
2,1,0,0,0,0,204,0.0,0.0,0.01,0.07,0.0,255,2,0.01,0.08,0.0,0.0,0.0,1.0,1,1441.0
24,9,310,1313,0,1,35,0.0,0.0,1.0,0.0,0.0,35,255,1.0,0.0,0.03,0.0,0.0,0.01,0,86300.0
2,1,0,0,0,0,162,0.0,0.0,0.12,0.06,0.0,255,20,0.08,0.07,0.0,0.0,0.0,1.0,1,83203.0
24,9,313,285,0,1,4,0.0,0.0,1.0,0.0,0.0,255,255,1.0,0.0,0.0,0.0,0.0,0.0,0,73846.0
20,9,334,0,0,1,2,0.0,0.0,1.0,0.0,0.0,8,42,1.0,0.0,0.17,0.0,0.0,0.0,1,32123.0
47,5,0,0,0,0,129,1.0,1.0,0.01,0.06,0.0,255,12,0.05,0.07,0.0,1.0,1.0,0.0,1,68312.0
47,9,28,0,3,0,73,0.0,0.0,1.0,0.0,0.0,255,73,0.29,0.01,0.0,0.0,0.0,0.0,1,83169.0
24,5,0,0,0,0,2,1.0,1.0,1.0,0.0,0.0,8,255,1.0,0.0,0.04,1.0,0.03,0.0,0,34587.0
24,9,235,14176,0,1,1,0.0,0.0,1.0,0.0,1.0,8,255,1.0,0.0,0.01,0.12,0.0,0.0,0,87946.0
47,5,0,0,0,0,249,1.0,1.0,0.09,0.06,0.0,255,22,0.09,0.06,0.0,1.0,1.0,0.0,1,65215.0
58,5,0,0,0,0,61,1.0,1.0,0.26,0.07,0.0,255,69,0.27,0.02,0.0,1.0,1.0,0.0,1,55518.0
24,9,221,1713,0,1,13,0.0,0.0,1.0,0.0,0.0,143,255,1.0,0.0,0.03,0.0,0.0,0.0,0,80382.0
66,5,0,0,0,0,269,1.0,1.0,0.05,0.06,0.0,255,18,0.07,0.06,0.0,1.0,1.0,0.0,1,78243.0
4,9,10,35,0,1,2,0.0,0.0,0.5,1.0,0.0,3,14,1.0,0.0,0.21,0.0,0.0,0.0,0,93455.0
14,9,8,0,0,0,1,0.0,0.0,1.0,0.0,1.0,1,73,1.0,0.0,0.51,0.0,0.0,0.0,1,74225.0
64,5,0,0,0,0,11,1.0,1.0,0.36,0.45,0.0,255,4,0.02,0.08,0.0,1.0,1.0,0.0,1,94527.0
24,9,222,8502,0,1,3,0.33,0.33,1.0,0.0,0.0,87,123,1.0,0.0,0.07,0.01,0.01,0.0,0,83108.0
2,5,0,0,0,0,214,1.0,1.0,0.03,0.08,0.0,255,6,0.02,0.09,0.0,1.0,1.0,0.0,1,52044.0
47,5,0,0,0,0,252,1.0,1.0,0.03,0.06,0.0,255,8,0.03,0.08,0.0,1.0,1.0,0.0,1,112038.0
24,9,207,3665,0,1,8,0.0,0.0,1.0,0.0,0.3,255,255,1.0,0.0,0.0,0.0,0.0,0.0,0,52557.0
7,5,0,0,0,0,263,1.0,1.0,0.02,0.06,0.0,255,7,0.03,0.06,0.0,1.0,1.0,0.0,1,36603.0
52,9,618,387,0,1,1,0.0,0.0,1.0,0.0,1.0,216,137,0.49,0.01,0.01,0.93,0.73,0.0,0,37173.0
12,9,43,133,0,0,45,0.0,0.0,1.0,0.0,0.02,255,255,1.0,0.0,0.0,0.0,0.0,0.0,0,42003.0
21,5,0,0,0,0,243,1.0,1.0,0.02,0.07,0.0,255,4,0.02,0.07,0.0,1.0,1.0,0.0,1,97053.0
47,5,0,0,0,0,98,1.0,1.0,0.17,0.06,0.0,255,17,0.07,0.07,0.0,1.0,1.0,0.0,1,6780.0
14,9,8,0,0,0,1,0.0,0.0,1.0,0.0,1.0,1,81,1.0,0.0,0.52,0.0,0.0,0.0,1,120955.0
19,9,1524,4152,0,1,1,0.0,0.0,1.0,0.0,0.0,239,51,0.21,0.02,0.0,0.0,0.0,0.0,0,113677.0
24,9,249,2815,0,1,2,0.0,0.0,1.0,0.0,0.0,255,255,1.0,0.0,0.0,0.0,0.0,0.0,0,28082.0
14,9,8,0,0,0,1,0.0,0.0,1.0,0.0,1.0,1,217,1.0,0.0,0.5,0.0,0.0,0.0,1,29216.0
35,5,0,0,0,0,81,1.0,1.0,0.07,0.07,0.0,255,2,0.01,0.08,0.0,1.0,1.0,0.0,1,21495.0
42,4,1,0,0,0,2,0.0,0.0,1.0,0.0,0.0,255,2,0.01,0.68,0.0,0.0,0.0,1.0,1,59407.0
47,5,0,0,0,0,87,1.0,1.0,0.01,0.07,0.0,255,18,0.07,0.06,0.0,1.0,1.0,0.0,1,22703.0
47,10,0,0,0,0,1,1.0,1.0,1.0,0.0,0.0,241,1,0.0,0.95,0.0,0.97,1.0,0.0,1,8805.0
58,9,209,1824,0,1,1,0.0,0.0,1.0,0.0,0.0,129,12,0.09,0.04,0.0,0.02,0.25,0.0,0,584.0
24,9,308,2590,0,1,25,0.0,0.0,1.0,0.0,0.0,255,255,1.0,0.0,0.0,0.0,0.0,0.0,0,49535.0
24,9,235,944,0,1,4,0.0,0.0,1.0,0.0,0.4,255,255,1.0,0.0,0.0,0.0,0.0,0.0,0,88683.0
24,9,325,278,0,1,11,0.0,0.0,1.0,0.0,0.0,255,255,1.0,0.0,0.0,0.0,0.0,0.0,0,87805.0
2,5,0,0,0,0,257,1.0,1.0,0.03,0.06,0.0,255,14,0.05,0.07,0.0,1.0,1.0,0.0,1,14559.0
24,1,0,0,0,0,1,0.0,0.0,1.0,0.0,0.0,9,170,1.0,0.0,0.21,0.0,0.0,0.99,0,13188.0
24,9,290,2808,0,1,6,0.0,0.0,1.0,0.0,0.11,255,255,1.0,0.0,0.0,0.0,0.0,0.0,0,92785.0
24,9,219,11322,0,1,33,0.0,0.0,1.0,0.0,0.06,255,255,1.0,0.0,0.0,0.0,0.0,0.0,0,9951.0
47,5,0,0,0,0,237,1.0,1.0,0.05,0.08,0.0,255,12,0.05,0.07,0.0,1.0,1.0,0.0,1,112803.0
28,5,0,0,0,0,139,1.0,1.0,0.13,0.06,0.0,255,18,0.07,0.06,0.0,1.0,1.0,0.0,1,35845.0
24,9,246,3102,0,1,7,0.0,0.0,1.0,0.0,0.07,166,255,1.0,0.0,0.02,0.01,0.0,0.0,0,82712.0
47,5,0,0,0,0,97,1.0,1.0,0.08,0.06,0.0,206,8,0.04,0.06,0.0,1.0,1.0,0.0,1,93821.0
24,9,218,1730,0,1,21,0.0,0.0,1.0,0.0,0.07,46,255,1.0,0.0,0.04,0.0,0.0,0.0,0,69487.0
24,9,324,4613,0,1,23,0.0,0.0,1.0,0.0,0.15,117,255,1.0,0.0,0.01,0.0,0.0,0.0,0,124817.0
24,9,159,33208,0,1,7,0.0,0.0,1.0,0.0,0.0,255,255,1.0,0.0,0.0,0.0,0.0,0.0,0,41416.0
27,1,0,0,0,0,229,0.0,0.0,0.04,0.07,0.0,255,10,0.04,0.08,0.0,0.0,0.0,1.0,1,57168.0
66,5,0,0,0,0,270,1.0,1.0,0.07,0.05,0.0,255,20,0.08,0.05,0.0,1.0,1.0,0.0,1,71682.0
12,9,45,131,0,0,69,0.0,0.0,1.0,0.0,0.01,255,254,1.0,0.01,0.0,0.0,0.0,0.0,0,20164.0
12,9,46,133,0,0,122,0.0,0.0,1.0,0.0,0.0,255,254,1.0,0.01,0.0,0.0,0.0,0.0,0,105944.0
52,9,3798,334,0,1,1,0.0,0.0,1.0,0.0,0.0,66,194,0.95,0.06,0.01,0.0,0.0,0.0,0,117456.0
17,5,0,0,0,0,32,1.0,1.0,0.31,0.09,0.0,255,10,0.04,0.07,0.0,1.0,1.0,0.0,1,71314.0
15,9,1032,0,0,0,511,0.0,0.0,1.0,0.0,0.0,198,53,0.27,0.02,0.0,0.0,0.0,0.0,1,63379.0
47,9,100,0,0,0,2,0.0,0.0,1.0,0.0,0.0,81,11,0.14,0.02,0.0,0.0,0.0,0.0,1,23984.0
31,1,0,0,0,0,270,0.0,0.0,0.07,0.06,0.0,255,20,0.08,0.08,0.0,0.0,0.0,1.0,1,4990.0
24,6,164,29200,0,1,1,1.0,0.05,1.0,0.0,0.16,62,255,1.0,0.0,0.02,0.02,0.0,0.0,0,8906.0
20,9,4316,0,0,1,3,0.0,0.0,1.0,0.0,0.0,255,52,0.2,0.02,0.0,0.33,0.42,0.0,0,26815.0
24,9,204,2229,0,1,3,0.0,0.0,1.0,0.0,0.0,3,255,1.0,0.0,0.05,0.0,0.0,0.0,0,39150.0
24,9,249,12405,0,1,10,0.0,0.0,1.0,0.0,0.18,171,255,1.0,0.0,0.02,0.0,0.0,0.0,0,9232.0
47,5,0,0,0,0,189,1.0,1.0,0.01,0.07,0.0,255,18,0.07,0.07,0.0,1.0,1.0,0.0,1,56251.0
24,5,0,0,0,0,260,1.0,1.0,0.07,0.05,0.0,255,17,0.07,0.05,0.0,1.0,1.0,0.0,1,80126.0
24,9,241,8015,0,1,5,0.0,0.0,1.0,0.0,0.27,102,255,1.0,0.0,0.02,0.0,0.0,0.0,0,86874.0
42,9,147,105,0,0,1,0.0,0.0,1.0,0.0,0.0,255,1,0.0,0.82,0.0,0.0,0.0,0.0,0,26073.0
47,1,0,0,0,0,495,0.06,0.0,0.0,1.0,0.0,255,1,0.0,1.0,0.0,0.08,0.0,1.0,1,74694.0
24,9,215,3451,0,1,1,0.0,0.0,1.0,0.0,0.15,76,255,1.0,0.0,0.03,0.0,0.0,0.0,0,103396.0
24,9,210,3870,0,1,8,0.0,0.0,1.0,0.0,0.0,255,255,1.0,0.0,0.0,0.0,0.0,0.0,0,93581.0
12,9,46,127,0,0,76,0.0,0.0,1.0,0.0,0.01,255,253,0.99,0.01,0.0,0.0,0.0,0.0,0,1628.0
52,9,768,333,0,1,1,0.0,0.0,1.0,0.0,0.0,183,174,0.66,0.04,0.01,0.01,0.01,0.0,0,54836.0
47,4,1,0,0,0,2,0.0,0.0,1.0,0.0,0.0,255,2,0.01,0.5,0.0,0.0,0.0,1.0,1,74465.0
24,9,289,593,0,1,6,0.0,0.0,1.0,0.0,0.09,255,255,1.0,0.0,0.0,0.0,0.0,0.0,0,40658.0
52,9,1200,331,0,1,1,0.0,0.0,1.0,0.0,0.0,90,132,0.43,0.08,0.02,0.0,0.0,0.0,0,10080.0
47,1,0,0,0,0,114,0.0,0.0,0.11,0.06,0.0,255,12,0.05,0.05,0.0,0.0,0.0,1.0,1,27681.0
18,9,7,0,0,0,1,0.0,0.0,1.0,0.0,0.0,24,10,0.04,0.08,0.2,0.0,0.0,0.0,0,45868.0
24,9,229,1483,0,1,18,0.0,0.0,1.0,0.0,0.16,220,255,1.0,0.0,0.02,0.0,0.0,0.0,0,6429.0
24,9,286,276,0,1,6,0.0,0.0,1.0,0.0,0.1,255,255,1.0,0.0,0.0,0.0,0.0,0.0,0,73542.0
6,5,0,0,0,0,126,1.0,1.0,0.06,0.06,0.0,255,7,0.03,0.07,0.0,1.0,1.0,0.0,1,20794.0
12,9,44,129,0,0,76,0.0,0.0,0.99,0.03,0.01,255,254,1.0,0.01,0.0,0.0,0.0,0.0,0,58209.0
30,1,0,0,0,0,125,0.0,0.0,0.14,0.07,0.0,249,17,0.07,0.06,0.0,0.0,0.0,1.0,1,93230.0
52,9,1026,332,0,1,1,0.0,0.0,1.0,0.0,0.0,65,151,0.65,0.05,0.01,0.0,0.0,0.0,0,71097.0
24,9,218,1781,0,1,2,0.0,0.0,1.0,0.0,0.0,255,255,1.0,0.0,0.0,0.0,0.0,0.0,0,42372.0
42,9,147,105,0,0,1,0.0,0.0,1.0,0.0,0.0,255,2,0.01,0.64,0.0,0.0,0.0,0.0,0,51277.0
14,9,18,0,0,0,1,0.0,0.0,1.0,0.0,0.0,2,80,0.5,1.0,1.0,0.0,0.0,0.0,1,24696.0
24,9,358,747,0,1,5,0.0,0.0,1.0,0.0,0.29,255,255,1.0,0.0,0.0,0.0,0.0,0.0,0,125422.0
52,9,1099,328,0,1,1,0.0,0.0,1.0,0.0,1.0,32,11,0.34,0.09,0.0,0.0,0.0,0.0,0,14681.0
4,1,0,0,0,0,224,0.0,0.0,0.05,0.06,0.0,255,12,0.05,0.08,0.0,0.0,0.0,1.0,1,86008.0
47,5,0,0,0,0,141,1.0,1.0,0.09,0.06,0.0,87,13,0.15,0.09,0.0,1.0,1.0,0.0,1,27826.0
12,9,44,131,0,0,127,0.0,0.0,0.99,0.02,0.01,255,218,0.85,0.02,0.0,0.0,0.0,0.0,0,9122.0
7,1,0,0,0,0,210,0.0,0.0,0.01,0.07,0.0,255,2,0.01,0.08,0.0,0.0,0.0,1.0,1,80237.0
47,9,105,145,0,0,4,0.0,0.0,0.25,0.5,0.0,255,243,0.95,0.01,0.0,0.0,0.0,0.0,0,117326.0
24,9,318,1002,0,1,4,0.0,0.0,1.0,0.0,0.0,60,255,1.0,0.0,0.02,0.0,0.01,0.0,0,12908.0
39,5,0,0,0,0,144,1.0,1.0,0.1,0.06,0.0,255,14,0.05,0.06,0.0,1.0,1.0,0.0,1,87685.0
47,5,0,0,0,0,283,1.0,1.0,0.04,0.05,0.0,255,10,0.04,0.05,0.0,1.0,1.0,0.0,1,80168.0
20,9,1153,0,0,1,2,0.0,0.0,0.5,1.0,0.0,255,80,0.31,0.02,0.0,0.0,0.0,0.0,0,75814.0
24,9,325,1674,0,1,31,0.0,0.0,1.0,0.0,0.0,31,255,1.0,0.0,0.02,0.0,0.0,0.0,0,78994.0
12,9,42,42,0,0,8,0.0,0.0,1.0,0.0,0.2,255,243,0.95,0.01,0.0,0.0,0.0,0.0,0,58246.0
24,9,316,293,0,1,10,0.0,0.0,1.0,0.0,0.17,255,255,1.0,0.0,0.0,0.0,0.0,0.0,0,82428.0
24,9,299,1745,0,1,5,0.0,0.0,1.0,0.0,0.0,16,255,1.0,0.0,0.04,0.0,0.0,0.0,0,53942.0
24,9,245,202,0,1,11,0.0,0.0,1.0,0.0,0.0,255,255,1.0,0.0,0.0,0.0,0.0,0.0,0,122535.0
14,9,8,0,0,0,1,0.0,0.0,1.0,0.0,1.0,1,83,1.0,0.0,0.51,0.0,0.0,0.0,1,91333.0
20,9,30,0,0,1,1,0.0,0.0,1.0,0.0,0.0,12,47,1.0,0.0,0.13,0.0,0.02,0.0,1,92903.0
57,5,0,0,0,0,153,1.0,1.0,0.07,0.07,0.0,255,11,0.04,0.07,0.0,1.0,1.0,0.0,1,105947.0
18,5,0,0,0,0,297,1.0,1.0,0.06,0.06,0.0,255,5,0.02,0.07,0.0,1.0,1.0,0.0,1,26271.0
47,5,0,0,0,0,125,1.0,1.0,0.15,0.06,0.0,255,10,0.04,0.06,0.0,1.0,1.0,0.0,1,60608.0
24,9,314,1018,0,1,24,0.0,0.0,1.0,0.0,0.08,108,255,1.0,0.0,0.02,0.0,0.0,0.0,0,84845.0
24,9,190,936,0,1,3,0.0,0.0,1.0,0.0,0.15,24,255,1.0,0.0,0.04,0.0,0.0,0.0,0,100342.0
18,9,10,139,0,0,2,0.0,0.0,0.5,1.0,0.0,252,17,0.07,0.02,0.0,0.0,0.0,0.0,0,119864.0
24,9,148,14506,0,1,1,0.0,0.0,1.0,0.0,0.0,255,255,1.0,0.0,0.0,0.0,0.0,0.0,0,4217.0
26,5,0,0,0,0,205,1.0,1.0,0.07,0.06,0.0,255,15,0.06,0.06,0.0,1.0,1.0,0.0,1,14059.0
12,9,45,45,0,0,29,0.0,0.0,1.0,0.0,0.0,255,254,1.0,0.01,0.0,0.0,0.0,0.0,0,104192.0
12,9,42,42,0,0,1,0.0,0.0,1.0,0.0,0.0,255,241,0.95,0.01,0.0,0.0,0.0,0.0,0,4658.0
24,9,250,470,0,1,31,0.0,0.0,1.0,0.0,0.0,255,255,1.0,0.0,0.0,0.0,0.0,0.0,0,95885.0
24,9,335,3200,0,1,11,0.0,0.0,1.0,0.0,0.0,255,255,1.0,0.0,0.0,0.0,0.0,0.0,0,119563.0
12,9,91,0,0,0,1,0.0,0.0,1.0,0.0,0.0,30,21,0.7,0.1,0.0,0.0,0.0,0.0,0,86908.0
24,9,219,1862,0,1,4,0.0,0.0,1.0,0.0,0.0,7,255,1.0,0.0,0.07,0.0,0.01,0.0,0,67636.0
4,5,0,0,0,0,247,1.0,1.0,0.0,0.07,0.0,255,1,0.0,0.08,0.0,1.0,1.0,0.0,1,115609.0
42,4,1,0,0,0,2,0.0,0.0,1.0,0.0,0.0,255,2,0.01,0.73,0.0,0.0,0.0,1.0,1,94651.0
24,9,172,15142,0,1,1,0.0,0.0,1.0,0.0,0.0,25,198,1.0,0.0,0.05,0.0,0.0,0.0,0,46601.0
24,9,321,1229,0,1,22,0.0,0.0,1.0,0.0,0.08,64,255,1.0,0.0,0.06,0.0,0.01,0.0,0,4621.0
47,9,28,0,3,0,44,0.0,0.0,1.0,0.0,0.0,116,44,0.38,0.03,0.0,0.0,0.0,0.0,1,95230.0
24,9,249,677,0,1,17,0.0,0.0,1.0,0.0,0.0,255,255,1.0,0.0,0.0,0.0,0.0,0.0,0,24627.0
18,5,0,0,0,0,258,1.0,1.0,0.02,0.07,0.0,255,6,0.02,0.07,0.0,1.0,1.0,0.0,1,49798.0
19,9,1042,2279,0,1,1,0.0,0.0,1.0,0.0,0.0,255,20,0.08,0.02,0.0,0.14,0.0,0.0,1,101910.0
65,5,0,0,0,0,227,1.0,1.0,0.03,0.07,0.0,255,7,0.03,0.08,0.0,1.0,1.0,0.0,1,112019.0
24,9,342,4137,0,1,6,0.0,0.0,1.0,0.0,0.0,255,255,1.0,0.0,0.0,0.0,0.0,0.0,0,114614.0
24,9,318,657,0,1,17,0.0,0.0,1.0,0.0,0.0,89,255,1.0,0.0,0.02,0.0,0.01,0.0,0,41723.0
24,9,284,6513,0,1,1,0.0,0.0,1.0,0.0,1.0,68,255,1.0,0.0,0.05,0.0,0.01,0.0,0,86691.0
62,9,78,0,0,0,39,0.0,0.0,0.23,0.05,0.0,255,22,0.09,0.01,0.0,0.0,0.0,0.0,0,25278.0
24,9,276,872,0,1,3,0.0,0.0,1.0,0.0,0.16,72,255,1.0,0.0,0.06,0.0,0.0,0.0,0,32037.0
66,5,0,0,0,0,227,1.0,1.0,0.06,0.05,0.0,255,14,0.05,0.06,0.0,1.0,1.0,0.0,1,26147.0
4,5,0,0,0,0,149,1.0,1.0,0.13,0.05,0.0,255,3,0.01,0.08,0.0,1.0,1.0,0.0,1,76407.0
52,9,971,330,0,1,1,0.0,0.0,1.0,0.0,1.0,176,144,0.82,0.02,0.0,0.01,0.01,0.0,0,58994.0
52,9,1375,330,0,1,1,0.0,0.0,1.0,0.0,0.0,93,73,0.78,0.06,0.0,0.0,0.0,0.0,0,119110.0
24,9,206,3413,0,1,2,0.5,0.11,1.0,0.0,0.17,255,255,1.0,0.0,0.0,0.0,0.0,0.0,0,10126.0
20,5,0,0,0,0,250,1.0,1.0,0.04,0.06,0.0,255,13,0.05,0.07,0.0,1.0,1.0,0.0,1,108130.0
58,2,0,0,0,0,245,0.0,0.0,0.08,0.07,0.0,255,19,0.07,0.07,0.0,0.0,0.0,1.0,1,15150.0
47,5,0,0,0,0,234,1.0,1.0,0.02,0.06,0.0,255,5,0.02,0.05,0.0,1.0,1.0,0.0,1,35307.0
24,9,303,545,0,1,8,0.0,0.0,1.0,0.0,0.22,156,255,1.0,0.0,0.02,0.0,0.0,0.0,0,120670.0
52,9,4496,482,0,1,1,0.0,0.0,1.0,0.0,0.0,252,38,0.14,0.02,0.05,0.0,0.0,0.0,0,68858.0
56,5,0,0,0,0,103,1.0,1.0,0.03,0.1,0.0,255,3,0.01,0.08,0.0,1.0,1.0,0.0,1,62477.0
52,9,1153,329,0,1,1,0.0,0.0,1.0,0.0,0.0,123,174,0.78,0.02,0.01,0.0,0.0,0.0,0,45267.0
26,1,0,0,0,0,273,0.0,0.0,0.05,0.06,0.0,255,13,0.05,0.07,0.0,0.0,0.0,1.0,1,26715.0
52,9,850,332,0,1,1,0.0,0.0,1.0,0.0,0.0,255,23,0.09,0.46,0.0,0.0,0.0,0.0,0,35261.0
12,9,45,124,0,0,28,0.0,0.0,1.0,0.0,0.0,173,118,0.68,0.02,0.0,0.0,0.0,0.0,0,81735.0
42,1,0,0,0,0,511,0.14,0.0,0.0,1.0,0.0,255,1,0.0,1.0,0.0,0.27,0.0,1.0,1,65674.0
42,9,146,105,0,0,6,0.17,0.0,0.33,0.5,0.0,255,2,0.01,0.56,0.0,0.0,0.0,0.0,0,11713.0
52,9,1384,362,0,1,1,0.0,0.0,1.0,0.0,1.0,242,161,0.62,0.03,0.01,0.0,0.0,0.0,0,18416.0
20,9,1199,0,0,1,4,0.0,0.0,1.0,0.0,0.0,188,88,0.35,0.03,0.02,0.0,0.0,0.0,0,109751.0
20,9,175337,0,0,1,1,0.0,0.0,1.0,0.0,0.0,96,61,0.11,0.04,0.03,0.01,0.0,0.0,0,83544.0
24,9,351,1451,0,1,6,0.0,0.0,1.0,0.0,0.15,6,255,1.0,0.0,0.05,0.0,0.0,0.0,0,90979.0
64,5,0,0,0,0,261,1.0,1.0,0.05,0.06,0.0,255,13,0.05,0.07,0.0,1.0,1.0,0.0,1,83433.0
12,9,44,131,0,0,79,0.0,0.0,1.0,0.0,0.01,255,255,1.0,0.0,0.0,0.0,0.0,0.0,0,97693.0
47,1,0,0,0,0,103,0.0,0.0,0.01,0.08,0.0,78,1,0.01,0.1,0.0,0.0,0.0,1.0,1,76454.0
47,5,0,0,0,0,119,1.0,1.0,0.15,0.06,0.0,255,37,0.15,0.06,0.0,1.0,1.0,0.0,1,107096.0
24,9,241,136339,0,1,13,0.0,0.0,1.0,0.0,0.0,255,255,1.0,0.0,0.0,0.0,0.0,0.0,0,49593.0
24,9,209,330,0,1,1,0.0,0.0,1.0,0.0,0.0,102,255,1.0,0.0,0.03,0.0,0.0,0.0,0,41056.0
24,9,304,4809,0,1,4,0.0,0.0,1.0,0.0,0.23,14,255,1.0,0.0,0.04,0.0,0.01,0.0,0,110513.0
11,5,0,0,0,0,117,1.0,1.0,0.19,0.06,0.0,255,10,0.04,0.06,0.0,1.0,1.0,0.0,1,73282.0
52,9,786,336,0,1,1,0.0,0.0,1.0,0.0,1.0,233,123,0.52,0.03,0.02,0.01,0.02,0.01,0,59479.0
42,1,0,0,0,0,510,0.04,0.0,0.0,1.0,0.0,255,1,0.0,1.0,0.0,0.04,0.0,1.0,1,84494.0
20,9,1556,0,0,1,4,0.0,0.0,1.0,0.0,0.0,255,67,0.26,0.02,0.0,0.7,0.72,0.0,0,18359.0
52,9,1293,331,0,1,1,0.0,0.0,1.0,0.0,0.0,58,89,0.88,0.05,0.02,0.0,0.0,0.0,0,98836.0
20,9,9198,0,0,1,8,0.0,0.0,1.0,0.0,0.0,230,95,0.4,0.03,0.02,0.01,0.01,0.0,0,7657.0
9,5,0,0,0,0,279,1.0,1.0,0.08,0.05,0.0,255,21,0.08,0.05,0.0,1.0,1.0,0.0,1,12390.0
56,5,0,0,0,0,115,1.0,1.0,0.17,0.05,0.0,255,19,0.07,0.05,0.0,1.0,1.0,0.0,1,108951.0
24,9,224,382,0,1,3,0.0,0.0,1.0,0.0,0.21,255,255,1.0,0.0,0.0,0.0,0.0,0.0,0,104228.0
47,1,0,0,0,0,158,0.0,0.0,0.09,0.06,0.0,255,14,0.05,0.08,0.0,0.0,0.0,1.0,1,25502.0
47,5,0,0,0,0,184,1.0,1.0,0.02,0.07,0.0,255,18,0.07,0.06,0.0,1.0,1.0,0.0,1,17770.0
24,9,227,2507,0,1,4,0.0,0.0,1.0,0.0,0.0,255,242,0.95,0.02,0.0,0.0,0.0,0.05,0,1610.0
24,9,217,702,0,1,6,0.0,0.0,1.0,0.0,0.0,15,186,1.0,0.0,0.03,0.0,0.0,0.0,0,67462.0
47,5,0,0,0,0,118,1.0,1.0,0.08,0.08,0.0,255,17,0.07,0.06,0.0,1.0,1.0,0.0,1,599.0
47,5,0,0,0,0,50,1.0,1.0,0.4,0.08,0.0,255,20,0.08,0.06,0.0,1.0,1.0,0.0,1,16100.0
12,9,46,46,0,0,15,0.0,0.0,1.0,0.0,0.17,255,255,1.0,0.0,0.0,0.0,0.0,0.0,0,67195.0
24,9,186,204,0,1,12,0.0,0.0,1.0,0.0,0.17,16,255,1.0,0.0,0.04,0.0,0.0,0.0,0,120676.0
47,5,0,0,0,0,126,1.0,1.0,0.15,0.05,0.0,255,19,0.07,0.04,0.0,1.0,1.0,0.0,1,50533.0
12,9,34,34,0,0,3,0.0,0.0,1.0,0.0,0.0,30,20,0.67,0.07,0.0,0.0,0.0,0.0,0,78048.0
19,9,1256,2452,0,1,2,0.0,0.0,0.5,1.0,0.0,111,9,0.08,0.05,0.0,0.02,0.0,0.0,1,105978.0
24,9,465,9067,0,1,2,0.0,0.0,1.0,0.0,0.0,255,255,1.0,0.0,0.0,0.0,0.0,0.0,0,4698.0
24,9,203,12954,0,1,25,0.0,0.0,1.0,0.0,0.0,145,255,1.0,0.0,0.03,0.0,0.0,0.0,0,112334.0
29,5,0,0,0,0,94,1.0,1.0,0.07,0.09,0.0,255,7,0.03,0.07,0.0,1.0,1.0,0.0,1,91105.0
63,2,0,0,0,0,122,0.0,0.0,0.07,0.07,0.0,255,9,0.04,0.08,0.0,0.0,0.0,1.0,1,32133.0
24,9,221,916,0,1,23,0.0,0.0,1.0,0.0,0.0,92,255,1.0,0.0,0.02,0.0,0.0,0.0,0,41498.0
42,5,0,0,0,0,240,1.0,1.0,0.03,0.07,0.0,255,8,0.03,0.07,0.0,1.0,1.0,0.0,1,81873.0
24,9,442,4962,0,1,10,0.0,0.0,1.0,0.0,0.18,255,255,1.0,0.0,0.0,0.0,0.0,0.0,0,26665.0
21,5,0,0,0,0,44,1.0,1.0,0.27,0.11,0.0,255,12,0.05,0.08,0.0,1.0,1.0,0.0,1,170.0
28,5,0,0,0,0,99,1.0,1.0,0.13,0.07,0.0,255,13,0.05,0.06,0.0,1.0,1.0,0.0,1,86272.0
14,9,8,0,0,0,1,0.0,0.0,1.0,0.0,1.0,4,255,1.0,0.0,0.25,0.0,0.0,0.0,1,34928.0
24,5,0,0,0,0,209,1.0,1.0,0.09,0.06,0.0,255,18,0.07,0.08,0.0,1.0,1.0,0.0,1,65556.0
12,9,44,128,0,0,64,0.0,0.0,1.0,0.0,0.01,255,255,1.0,0.0,0.0,0.0,0.0,0.0,0,46398.0
42,9,147,0,0,0,1,0.0,0.0,1.0,0.0,0.0,6,1,0.17,0.67,0.0,0.0,0.0,0.0,0,21697.0
12,9,46,75,0,0,174,0.0,0.0,1.0,0.0,0.0,255,255,1.0,0.0,0.0,0.0,0.0,0.0,0,65588.0
24,9,224,333,0,1,5,0.0,0.0,1.0,0.0,0.33,82,255,1.0,0.0,0.07,0.0,0.0,0.0,0,62867.0
47,5,0,0,0,0,124,1.0,1.0,0.11,0.06,0.0,179,14,0.08,0.07,0.0,1.0,1.0,0.0,1,88734.0
24,9,196,5321,0,1,2,0.0,0.0,1.0,0.0,0.0,2,255,1.0,0.0,0.05,0.0,0.0,0.0,0,80696.0
24,9,338,260,0,1,3,0.0,0.0,1.0,0.0,0.47,67,255,1.0,0.0,0.01,0.0,0.0,0.0,0,18462.0
4,9,9,38,0,1,3,0.0,0.0,0.33,0.67,0.0,41,4,0.05,0.12,0.5,0.0,0.0,0.0,0,50347.0
24,9,249,272,0,1,1,0.0,0.0,1.0,0.0,1.0,255,254,1.0,0.01,0.0,0.0,0.0,0.0,0,77428.0
24,9,287,1522,0,1,30,0.0,0.0,1.0,0.0,0.09,60,255,1.0,0.0,0.01,0.0,0.0,0.01,0,78122.0
24,9,54540,8314,0,1,2,0.0,0.0,1.0,0.0,0.0,255,255,1.0,0.0,0.0,0.01,0.01,0.05,1,10981.0
47,9,105,105,0,0,7,0.0,0.0,0.14,0.29,0.0,255,236,0.93,0.01,0.0,0.0,0.0,0.0,0,43612.0
47,5,0,0,0,0,6,1.0,1.0,1.0,0.0,0.0,255,6,0.02,0.08,0.0,1.0,1.0,0.0,1,10942.0
24,9,231,722,0,1,3,0.0,0.0,1.0,0.0,0.0,78,255,1.0,0.0,0.05,0.0,0.0,0.0,0,36030.0
24,9,221,2622,0,1,4,0.0,0.0,1.0,0.0,0.0,8,255,1.0,0.0,0.03,0.0,0.0,0.0,0,82948.0
47,5,0,0,0,0,278,1.0,1.0,0.05,0.05,0.0,255,15,0.06,0.07,0.0,1.0,1.0,0.0,1,45573.0
24,9,186,1263,0,1,4,0.0,0.0,1.0,0.0,0.33,125,255,1.0,0.0,0.01,0.0,0.0,0.0,0,105137.0
47,9,1,0,0,0,12,0.0,0.0,0.08,0.67,0.0,255,1,0.0,0.31,0.0,0.0,0.0,0.0,1,55308.0
47,5,0,0,0,0,292,1.0,1.0,0.04,0.06,0.0,255,20,0.08,0.06,0.0,1.0,1.0,0.0,1,87243.0
24,9,400,12915,0,1,5,0.0,0.0,1.0,0.0,0.0,255,255,1.0,0.0,0.0,0.0,0.0,0.0,0,88086.0
58,9,137,1996,0,1,1,0.0,0.0,1.0,0.0,0.0,1,3,1.0,0.0,1.0,0.0,0.0,0.0,0,85857.0
47,5,0,0,0,0,136,1.0,1.0,0.04,0.07,0.0,255,1,0.0,0.07,0.0,1.0,1.0,0.0,1,81536.0
47,5,0,0,0,0,287,1.0,1.0,0.02,0.06,0.0,255,13,0.05,0.07,0.0,1.0,1.0,0.0,1,48718.0
64,5,0,0,0,0,231,1.0,1.0,0.06,0.06,0.0,255,14,0.05,0.07,0.0,1.0,1.0,0.0,1,15600.0
24,9,321,1395,0,1,8,0.0,0.0,1.0,0.0,0.0,8,255,1.0,0.0,0.05,0.0,0.0,0.0,0,38924.0
52,9,1090,337,0,1,1,0.0,0.0,1.0,0.0,1.0,214,132,0.62,0.02,0.0,0.0,0.0,0.08,0,55190.0
64,5,0,0,0,0,206,1.0,1.0,0.07,0.07,0.0,255,15,0.06,0.08,0.0,1.0,1.0,0.0,1,108191.0
5,1,0,0,0,0,259,0.0,0.0,0.04,0.07,0.0,255,10,0.04,0.07,0.0,0.0,0.0,1.0,1,46993.0
37,5,0,0,0,0,279,1.0,1.0,0.07,0.06,0.0,255,19,0.07,0.06,0.0,1.0,1.0,0.0,1,101577.0
20,9,334,0,0,1,2,0.0,0.0,1.0,0.0,0.0,253,103,0.41,0.02,0.0,0.0,0.0,0.0,1,101928.0
24,9,242,480,0,1,11,0.0,0.0,1.0,0.0,0.0,255,255,1.0,0.0,0.0,0.0,0.0,0.0,0,101156.0
24,9,261,1738,0,1,22,0.0,0.0,1.0,0.0,0.0,255,255,1.0,0.0,0.0,0.0,0.0,0.0,0,59975.0
24,9,321,2335,0,1,16,0.0,0.0,1.0,0.0,0.09,43,255,1.0,0.0,0.01,0.0,0.0,0.0,0,23072.0
19,9,1509,4152,0,1,1,0.0,0.0,1.0,0.0,0.0,22,13,0.59,0.14,0.0,0.0,0.0,0.0,0,103044.0
47,5,0,0,0,0,191,1.0,1.0,0.02,0.06,0.0,230,3,0.01,0.07,0.0,0.94,1.0,0.0,1,6567.0
24,9,284,1288,0,1,3,0.33,0.03,1.0,0.0,0.06,174,255,1.0,0.0,0.01,0.01,0.0,0.0,0,80896.0
47,5,0,0,0,0,225,1.0,1.0,0.05,0.06,0.0,255,8,0.03,0.07,0.0,1.0,1.0,0.0,1,13254.0
47,5,0,0,0,0,203,1.0,1.0,0.01,0.07,0.0,255,2,0.01,0.06,0.0,1.0,1.0,0.0,1,11968.0
24,9,286,1415,0,1,3,0.33,0.14,1.0,0.0,0.36,60,60,1.0,0.0,0.0,0.02,0.02,0.0,0,17485.0
24,9,308,4366,0,1,13,0.0,0.0,1.0,0.0,0.1,255,255,1.0,0.0,0.0,0.0,0.0,0.0,0,106337.0
47,9,28,0,3,0,57,0.0,0.0,1.0,0.0,0.0,255,157,0.62,0.39,0.0,0.09,0.0,0.0,1,40366.0
12,9,45,132,0,0,78,0.0,0.0,1.0,0.0,0.01,255,254,1.0,0.01,0.0,0.0,0.0,0.0,0,64268.0
24,9,333,4591,0,1,6,0.0,0.0,1.0,0.0,0.36,13,255,1.0,0.0,0.04,0.0,0.0,0.0,0,76266.0
12,9,45,74,0,0,228,0.0,0.0,1.0,0.01,0.0,255,244,0.96,0.01,0.0,0.0,0.0,0.0,0,73183.0
24,9,257,761,0,1,1,0.0,0.0,1.0,0.0,1.0,49,255,1.0,0.0,0.05,0.0,0.0,0.0,0,89042.0
47,9,105,147,0,0,1,0.0,0.0,1.0,0.0,0.0,255,212,0.83,0.01,0.0,0.0,0.0,0.0,0,85990.0
42,1,0,0,0,0,511,0.14,0.0,0.0,1.0,0.0,255,1,0.0,1.0,0.0,0.09,0.0,1.0,1,118323.0
24,9,348,1170,0,1,13,0.0,0.0,1.0,0.0,0.09,244,255,1.0,0.0,0.01,0.0,0.0,0.0,0,23558.0
42,9,145,105,0,0,1,0.0,0.0,1.0,0.0,0.0,255,1,0.0,0.66,0.0,0.0,0.0,0.0,0,30918.0
12,9,30,0,0,0,1,0.0,0.0,1.0,0.0,1.0,131,22,0.17,0.04,0.0,0.0,0.0,0.0,0,78261.0
24,9,236,18957,0,1,1,0.0,0.0,1.0,0.0,0.0,255,255,1.0,0.0,0.0,0.0,0.0,0.01,0,120614.0
52,9,124,233,0,1,1,0.0,0.0,1.0,0.0,0.0,111,10,0.09,0.64,0.0,0.0,0.0,0.0,0,100654.0
24,9,233,922,0,1,8,0.0,0.0,1.0,0.0,0.3,9,255,1.0,0.0,0.07,0.0,0.0,0.0,0,43771.0
42,1,0,0,0,0,508,0.08,0.0,0.0,0.95,0.0,255,1,0.0,0.91,0.0,0.08,0.0,1.0,1,17986.0
18,5,0,0,0,0,269,1.0,1.0,0.09,0.05,0.0,255,23,0.09,0.05,0.0,1.0,1.0,0.0,1,56298.0
66,5,0,0,0,0,267,1.0,1.0,0.02,0.06,0.0,255,5,0.02,0.07,0.0,1.0,1.0,0.0,1,36465.0
47,5,0,0,0,0,133,1.0,1.0,0.15,0.05,0.0,255,19,0.07,0.07,0.0,1.0,1.0,0.0,1,62099.0
24,9,316,1247,0,1,26,0.0,0.0,1.0,0.0,0.0,255,255,1.0,0.0,0.0,0.0,0.0,0.0,0,122199.0
21,1,0,0,0,0,250,0.0,0.0,0.03,0.07,0.0,255,7,0.03,0.08,0.0,0.0,0.0,1.0,1,106673.0
14,9,8,0,0,0,1,0.0,0.0,1.0,0.0,1.0,1,31,1.0,0.0,0.52,0.0,0.0,0.0,1,47336.0
47,5,0,0,0,0,187,1.0,1.0,0.02,0.06,0.0,255,15,0.06,0.09,0.0,1.0,1.0,0.0,1,46597.0
52,9,790,330,0,1,1,0.0,0.0,1.0,0.0,1.0,127,82,0.54,0.06,0.02,0.01,0.0,0.0,0,5012.0
2,1,0,0,0,0,245,0.0,0.0,0.02,0.07,0.0,255,4,0.02,0.08,0.0,0.0,0.0,1.0,1,9979.0
47,5,0,0,0,0,118,1.0,1.0,0.07,0.06,0.0,255,12,0.05,0.07,0.0,1.0,1.0,0.0,1,123834.0
24,9,337,1173,0,1,14,0.0,0.0,1.0,0.0,0.0,56,255,1.0,0.0,0.16,0.0,0.0,0.85,0,13498.0
26,4,0,0,0,0,1,0.0,0.0,1.0,0.0,0.0,255,1,0.0,0.5,0.0,0.0,0.0,1.0,1,87601.0
18,5,0,0,0,0,147,1.0,1.0,0.16,0.05,0.0,255,12,0.05,0.05,0.0,1.0,1.0,0.0,1,52098.0
47,5,0,0,0,0,144,1.0,1.0,0.02,0.06,0.0,117,1,0.01,0.12,0.0,1.0,1.0,0.0,1,113036.0
47,5,0,0,0,0,127,1.0,1.0,0.03,0.06,0.0,255,2,0.01,0.06,0.0,1.0,1.0,0.0,1,21609.0
66,5,0,0,0,0,239,1.0,1.0,0.01,0.06,0.0,255,2,0.01,0.07,0.0,1.0,1.0,0.0,1,82398.0
20,9,641,0,0,1,2,0.0,0.0,1.0,0.0,0.1,110,57,0.17,0.05,0.04,0.0,0.0,0.0,0,107266.0
54,5,0,0,0,0,214,1.0,1.0,0.09,0.06,0.0,255,19,0.07,0.06,0.0,1.0,1.0,0.0,1,67156.0
47,5,0,0,0,0,290,1.0,1.0,0.09,0.04,0.0,150,25,0.17,0.07,0.0,0.99,1.0,0.0,1,9684.0
12,9,46,77,0,0,301,0.0,0.0,1.0,0.0,0.0,255,216,0.85,0.01,0.0,0.0,0.0,0.0,0,68306.0
25,1,0,0,0,0,141,0.0,0.0,0.11,0.06,0.0,255,15,0.06,0.07,0.0,0.0,0.0,1.0,1,40533.0
62,9,81,0,0,0,1,0.0,0.0,1.0,0.0,0.0,255,3,0.01,0.01,0.0,0.0,0.0,0.0,0,2918.0
19,5,0,0,0,0,276,1.0,1.0,0.03,0.06,0.0,255,9,0.04,0.08,0.0,1.0,1.0,0.0,1,113884.0
62,9,78,0,0,0,49,0.0,0.0,0.18,0.04,0.0,255,25,0.1,0.01,0.0,0.0,0.0,0.0,0,112467.0
14,9,8,0,0,0,1,0.0,0.0,1.0,0.0,1.0,2,206,1.0,0.0,0.5,0.0,0.0,0.0,1,21408.0
24,9,201,2081,0,1,22,0.0,0.03,1.0,0.0,0.09,120,255,1.0,0.0,0.01,0.0,0.0,0.0,0,27207.0
15,9,1032,0,0,0,219,0.0,0.0,1.0,0.0,0.0,216,122,0.56,0.03,0.0,0.01,0.0,0.0,1,7928.0
47,5,0,0,0,0,287,1.0,1.0,0.04,0.05,0.0,255,11,0.04,0.05,0.0,1.0,1.0,0.0,1,27883.0
52,9,1180,367,0,1,1,0.0,0.0,1.0,0.0,0.0,255,139,0.55,0.02,0.0,0.0,0.0,0.0,0,114426.0
17,5,0,0,0,0,138,1.0,1.0,0.02,0.06,0.0,255,10,0.04,0.06,0.0,1.0,1.0,0.0,1,51816.0
24,9,54540,8314,0,1,2,0.0,0.0,1.0,0.0,0.67,155,155,1.0,0.0,0.0,0.0,0.0,0.01,1,2368.0
47,5,0,0,0,0,218,1.0,1.0,0.03,0.06,0.0,255,6,0.02,0.08,0.0,1.0,1.0,0.0,1,33853.0
23,1,0,0,0,0,511,0.07,0.0,0.0,1.0,0.0,255,1,0.0,1.0,0.0,0.07,0.0,1.0,1,28205.0
47,1,0,0,0,0,126,0.0,0.0,0.06,0.07,0.0,255,8,0.03,0.08,0.0,0.0,0.0,1.0,1,100764.0
12,9,46,137,0,0,113,0.0,0.0,1.0,0.0,0.01,255,255,1.0,0.0,0.0,0.0,0.0,0.0,0,47050.0
47,5,0,0,0,0,298,1.0,1.0,0.07,0.05,0.0,255,15,0.06,0.06,0.0,1.0,1.0,0.0,1,104307.0
14,9,8,0,0,0,1,0.0,0.0,1.0,0.0,1.0,2,198,1.0,0.0,0.25,0.0,0.0,0.0,1,94106.0
27,5,0,0,0,0,277,1.0,1.0,0.01,0.05,0.0,255,2,0.01,0.05,0.0,1.0,1.0,0.0,1,35953.0
20,5,0,0,0,0,230,1.0,1.0,0.04,0.06,0.0,255,9,0.04,0.06,0.0,1.0,1.0,0.0,1,63002.0
47,5,0,0,0,0,237,1.0,1.0,0.06,0.06,0.0,255,15,0.06,0.08,0.0,1.0,1.0,0.0,1,19496.0
21,5,0,0,0,0,128,1.0,1.0,0.02,0.06,0.0,255,3,0.01,0.08,0.0,1.0,1.0,0.0,1,104072.0
19,9,1491,4152,0,1,1,0.0,0.0,1.0,0.0,0.0,8,4,0.5,0.25,0.0,0.0,0.0,0.0,0,9624.0
24,9,229,1120,0,1,2,0.0,0.0,1.0,0.0,0.0,38,49,1.0,0.0,0.04,0.0,0.0,0.0,0,102810.0
47,5,0,0,0,0,86,1.0,1.0,0.17,0.06,0.0,255,1,0.0,0.08,0.0,1.0,1.0,0.0,1,72841.0
24,9,190,622,0,1,29,0.0,0.0,1.0,0.0,0.04,255,255,1.0,0.0,0.0,0.0,0.0,0.0,0,83251.0
15,9,1032,0,0,0,165,0.0,0.0,1.0,0.0,0.0,255,165,0.65,0.01,0.0,0.0,0.0,0.0,1,116701.0
47,5,0,0,0,0,257,1.0,1.0,0.08,0.06,0.0,255,20,0.08,0.07,0.0,1.0,1.0,0.0,1,75208.0
47,4,0,0,0,0,1,0.0,0.0,1.0,0.0,0.0,174,1,0.01,0.44,0.0,0.0,0.0,1.0,1,51043.0
39,5,0,0,0,0,16,1.0,1.0,0.31,0.25,0.0,255,5,0.02,0.08,0.0,1.0,1.0,0.0,1,118604.0
18,5,0,0,0,0,11,1.0,1.0,0.27,0.27,0.0,255,63,0.25,0.02,0.0,1.0,1.0,0.0,1,75612.0
12,9,45,133,0,0,78,0.0,0.0,1.0,0.0,0.01,255,255,1.0,0.0,0.0,0.0,0.0,0.0,0,46581.0
19,9,1244,2451,0,1,1,0.0,0.0,1.0,0.0,0.0,235,63,0.27,0.02,0.0,0.0,0.0,0.0,1,52105.0
24,9,234,10184,0,1,4,0.0,0.0,1.0,0.0,0.0,255,255,1.0,0.0,0.0,0.0,0.0,0.0,0,3193.0
20,1,0,0,0,0,234,0.0,0.0,0.01,0.07,0.0,255,2,0.01,0.07,0.0,0.0,0.0,1.0,1,113877.0
47,1,0,0,0,0,256,0.0,0.0,0.0,0.06,0.0,255,1,0.0,0.08,0.0,0.0,0.0,1.0,1,117449.0
26,5,0,0,0,0,268,1.0,1.0,0.03,0.06,0.0,255,8,0.03,0.08,0.0,1.0,1.0,0.0,1,79325.0
11,5,0,0,0,0,291,1.0,1.0,0.03,0.05,0.0,255,8,0.03,0.08,0.0,1.0,1.0,0.0,1,17778.0
47,9,28,0,3,0,94,0.0,0.0,1.0,0.0,0.0,255,94,0.37,0.62,0.0,0.0,0.0,0.0,1,118949.0
24,9,329,633,0,1,3,0.0,0.0,1.0,0.0,0.5,32,255,1.0,0.0,0.05,0.0,0.0,0.0,0,32993.0
12,9,44,44,0,0,75,0.0,0.0,1.0,0.0,0.01,255,254,1.0,0.01,0.0,0.0,0.0,0.0,0,36548.0
14,9,8,0,0,0,1,0.0,0.0,1.0,0.0,1.0,2,34,1.0,0.0,0.5,0.0,0.0,0.0,1,105695.0
12,9,44,133,0,0,82,0.0,0.0,0.99,0.02,0.01,255,254,1.0,0.01,0.0,0.0,0.0,0.0,0,10839.0
47,5,0,0,0,0,127,1.0,1.0,0.12,0.06,0.0,255,7,0.03,0.08,0.0,1.0,1.0,0.0,1,115216.0
65,5,0,0,0,0,250,1.0,1.0,0.05,0.06,0.0,255,12,0.05,0.07,0.0,1.0,1.0,0.0,1,94485.0
47,5,0,0,0,0,212,1.0,1.0,0.03,0.05,0.0,16,7,0.44,0.19,0.0,0.88,1.0,0.0,1,56632.0
12,9,45,45,0,0,203,0.0,0.0,1.0,0.0,0.01,255,234,0.92,0.01,0.0,0.0,0.0,0.0,0,41271.0
24,9,215,1415,0,1,10,0.0,0.0,1.0,0.0,0.0,255,255,1.0,0.0,0.0,0.0,0.0,0.0,0,60858.0
24,9,320,1735,0,1,4,0.0,0.0,1.0,0.0,0.4,65,255,1.0,0.0,0.03,0.0,0.0,0.0,0,86334.0
47,4,0,0,0,0,1,0.0,0.0,1.0,0.0,0.0,51,1,0.02,0.12,0.0,0.12,0.0,1.0,1,8869.0
7,5,0,0,0,0,129,1.0,1.0,0.05,0.05,0.0,255,7,0.03,0.05,0.0,1.0,1.0,0.0,1,110334.0
58,2,126,179,0,0,2,0.0,0.0,1.0,0.0,0.0,14,14,1.0,0.0,0.0,0.07,0.07,0.93,1,21822.0
24,1,0,0,0,0,511,0.0,0.0,0.0,0.0,0.0,234,196,0.84,0.01,0.0,0.0,0.0,1.0,1,120895.0
52,9,1701,331,0,1,1,0.0,0.0,1.0,0.0,0.0,97,230,0.95,0.02,0.01,0.0,0.0,0.0,0,38833.0
7,1,0,0,0,0,218,0.0,0.0,0.07,0.07,0.0,255,15,0.06,0.08,0.0,0.0,0.0,1.0,1,66484.0
24,9,191,649,0,1,10,0.0,0.0,1.0,0.0,0.0,41,41,1.0,0.0,0.0,0.0,0.0,0.0,0,78731.0
52,9,1046,360,0,1,1,0.0,0.0,1.0,0.0,1.0,255,104,0.41,0.03,0.0,0.0,0.0,0.0,0,29281.0
44,1,0,0,0,0,294,0.0,0.0,0.06,0.05,0.0,255,19,0.07,0.06,0.0,0.0,0.0,1.0,1,102916.0
4,5,0,0,0,0,249,1.0,1.0,0.07,0.06,0.0,255,2,0.01,0.06,0.0,1.0,1.0,0.0,1,26572.0
24,9,237,3622,0,1,10,0.0,0.0,1.0,0.0,0.18,10,255,1.0,0.0,0.04,0.0,0.0,0.0,0,3900.0
65,5,0,0,0,0,124,1.0,1.0,0.1,0.06,0.0,255,13,0.05,0.05,0.0,1.0,1.0,0.0,1,33300.0
47,5,0,0,0,0,139,1.0,1.0,0.05,0.06,0.0,255,13,0.05,0.06,0.0,1.0,1.0,0.0,1,113025.0
52,9,770,331,0,1,1,0.0,0.0,1.0,0.0,0.0,88,166,0.65,0.06,0.01,0.0,0.0,0.0,0,113134.0
24,9,327,305,0,1,14,0.0,0.0,1.0,0.0,0.0,255,255,1.0,0.0,0.0,0.0,0.0,0.0,0,6066.0
42,9,147,105,0,0,1,0.0,0.0,1.0,0.0,0.0,255,1,0.0,0.89,0.0,0.0,0.0,0.0,0,67438.0
25,5,0,0,0,0,94,1.0,1.0,0.17,0.05,0.0,255,16,0.06,0.05,0.0,1.0,1.0,0.0,1,31567.0
14,9,8,0,0,0,1,0.0,0.0,1.0,0.0,1.0,2,242,1.0,0.0,0.25,0.0,0.0,0.0,1,25631.0
25,5,0,0,0,0,121,1.0,1.0,0.16,0.06,0.0,255,19,0.07,0.05,0.0,1.0,1.0,0.0,1,5941.0
27,5,0,0,0,0,232,1.0,1.0,0.01,0.06,0.0,255,3,0.01,0.07,0.0,1.0,1.0,0.0,1,90805.0
24,9,194,260,0,1,51,0.0,0.0,1.0,0.0,0.03,51,255,1.0,0.0,0.01,0.0,0.0,0.0,0,49412.0
55,2,0,0,0,0,174,0.0,0.0,0.02,0.07,0.0,255,4,0.02,0.08,0.0,0.0,0.0,1.0,1,110342.0
31,5,0,0,0,0,294,1.0,1.0,0.01,0.06,0.0,255,2,0.01,0.07,0.0,1.0,1.0,0.0,1,68603.0
47,5,0,0,0,0,207,1.0,1.0,0.11,0.06,0.0,246,22,0.09,0.07,0.0,0.94,1.0,0.0,1,59884.0
17,5,0,0,0,0,147,1.0,1.0,0.07,0.05,0.0,255,11,0.04,0.06,0.0,1.0,1.0,0.0,1,52033.0
18,5,0,0,0,0,14,1.0,1.0,0.5,0.14,0.0,255,67,0.26,0.03,0.0,1.0,1.0,0.0,1,79369.0
24,1,0,0,0,0,1,0.0,0.0,1.0,0.0,1.0,6,249,1.0,0.0,0.18,0.0,0.0,1.0,0,65007.0
24,9,306,927,0,1,6,0.0,0.0,1.0,0.0,0.29,36,255,1.0,0.0,0.07,0.0,0.0,0.0,0,43150.0
24,9,228,31614,0,1,1,0.0,0.0,1.0,0.0,0.0,254,255,1.0,0.0,0.01,0.0,0.0,0.0,0,13203.0
24,4,16952,8314,0,1,2,0.0,0.0,1.0,0.0,0.0,255,255,1.0,0.0,0.0,0.0,0.0,0.05,1,81968.0
47,5,0,0,0,0,150,1.0,1.0,0.08,0.05,0.0,255,4,0.02,0.07,0.0,1.0,1.0,0.0,1,16891.0
27,5,0,0,0,0,264,1.0,1.0,0.04,0.05,0.0,255,10,0.04,0.05,0.0,1.0,1.0,0.0,1,110992.0
52,9,621,277,0,1,1,0.0,0.0,1.0,0.0,0.0,227,159,0.59,0.02,0.01,0.0,0.01,0.0,0,51053.0
24,9,242,12986,0,1,3,0.0,0.0,1.0,0.0,0.0,3,255,1.0,0.0,0.06,0.0,0.0,0.0,0,100326.0
4,9,9,37,0,1,2,0.0,0.0,0.5,1.0,0.0,255,3,0.01,0.03,0.0,0.0,0.0,0.0,0,62024.0
24,9,218,1785,0,1,9,0.0,0.0,1.0,0.0,0.05,49,255,1.0,0.0,0.06,0.0,0.0,0.0,0,2316.0
62,9,182,0,0,0,2,0.0,0.0,0.5,1.0,0.0,255,8,0.03,0.01,0.0,0.0,0.0,0.0,0,104876.0
20,9,1830,0,0,1,2,0.0,0.0,1.0,0.0,0.0,255,121,0.47,0.04,0.0,0.0,0.0,0.0,0,26245.0
52,9,1608,364,0,1,1,0.0,0.0,1.0,0.0,1.0,36,28,0.78,0.06,0.0,0.0,0.0,0.0,0,98842.0
64,1,0,0,0,0,262,0.0,0.0,0.05,0.06,0.0,255,14,0.05,0.07,0.0,0.0,0.0,1.0,1,103524.0
18,5,0,0,0,0,28,1.0,1.0,0.54,0.07,0.0,255,73,0.29,0.02,0.0,1.0,1.0,0.0,1,69055.0
47,9,1,0,0,0,22,0.0,0.0,0.86,0.09,0.0,255,32,0.13,0.68,0.0,0.05,0.0,0.0,1,59714.0
12,9,135,45,0,0,257,0.0,0.0,1.0,0.01,0.0,146,113,0.77,0.01,0.0,0.0,0.0,0.0,0,80690.0
14,9,30,0,0,0,5,0.0,0.0,0.2,0.6,0.0,171,3,0.02,0.02,0.0,0.0,0.0,0.0,0,65827.0
47,9,105,0,0,0,2,0.0,0.0,1.0,0.0,0.0,255,90,0.35,0.01,0.0,0.0,0.0,0.0,0,14950.0
24,9,279,8936,0,1,9,0.0,0.0,1.0,0.0,0.0,61,255,1.0,0.0,0.05,0.0,0.0,0.01,0,3330.0
52,9,1320,388,0,1,1,0.0,0.0,1.0,0.0,0.0,255,14,0.05,0.09,0.0,0.85,0.0,0.0,0,73003.0
12,9,42,42,0,0,9,0.0,0.0,1.0,0.0,0.15,255,248,0.97,0.01,0.0,0.0,0.0,0.0,0,111883.0
27,1,0,0,0,0,257,0.0,0.0,0.07,0.06,0.0,255,19,0.07,0.06,0.0,0.0,0.0,1.0,1,67344.0
24,9,235,1203,0,1,4,0.0,0.0,1.0,0.0,0.0,208,255,1.0,0.0,0.01,0.0,0.0,0.0,0,90232.0
56,5,0,0,0,0,118,1.0,1.0,0.1,0.07,0.0,255,12,0.05,0.07,0.0,1.0,1.0,0.0,1,75652.0
47,5,0,0,0,0,165,1.0,1.0,0.05,0.06,0.0,255,18,0.07,0.06,0.0,1.0,1.0,0.0,1,71124.0
47,5,0,0,0,0,224,1.0,1.0,0.07,0.06,0.0,255,3,0.01,0.08,0.0,1.0,1.0,0.0,1,79211.0
42,9,147,105,0,0,1,0.0,0.0,1.0,0.0,0.0,255,2,0.01,0.89,0.0,0.0,0.0,0.0,0,83432.0
47,9,1,0,0,0,32,0.0,0.0,0.62,0.09,0.0,255,20,0.08,0.18,0.0,0.0,0.0,0.0,1,79796.0
15,9,30,0,0,0,1,0.0,0.0,1.0,0.0,0.0,254,254,1.0,0.0,0.0,0.0,0.0,0.0,0,81303.0
47,5,0,0,0,0,226,1.0,1.0,0.09,0.06,0.0,255,20,0.08,0.05,0.0,1.0,1.0,0.0,1,33281.0
8,5,0,0,0,0,238,1.0,1.0,0.07,0.06,0.0,255,17,0.07,0.06,0.0,1.0,1.0,0.0,1,122959.0
24,9,328,911,0,1,17,0.0,0.0,1.0,0.0,0.0,175,255,1.0,0.0,0.02,0.0,0.0,0.0,0,26799.0
47,5,0,0,0,0,105,1.0,1.0,0.13,0.05,0.0,255,14,0.05,0.05,0.0,1.0,1.0,0.0,1,4977.0
12,9,42,42,0,0,4,0.0,0.0,1.0,0.0,0.43,161,156,0.97,0.02,0.0,0.0,0.0,0.0,0,40864.0
25,1,0,0,0,0,134,0.0,0.0,0.02,0.07,0.0,255,3,0.01,0.06,0.0,0.0,0.0,1.0,1,43268.0
24,9,308,370,0,1,9,0.0,0.0,1.0,0.0,0.0,175,255,1.0,0.0,0.02,0.0,0.0,0.0,0,81777.0
24,9,285,3888,0,1,14,0.0,0.0,1.0,0.0,0.0,94,255,1.0,0.0,0.02,0.0,0.0,0.0,0,104501.0
15,9,1032,0,0,0,511,0.0,0.0,1.0,0.0,0.0,255,140,0.55,0.01,0.0,0.0,0.0,0.0,1,69407.0
24,9,208,19680,0,1,2,0.0,0.0,1.0,0.0,0.0,74,255,1.0,0.0,0.04,0.0,0.0,0.0,0,75095.0
12,9,46,46,0,0,104,0.0,0.0,1.0,0.0,0.0,255,255,1.0,0.0,0.0,0.0,0.0,0.0,0,24468.0
52,9,584,329,0,1,1,0.0,0.0,1.0,0.0,1.0,48,150,0.85,0.06,0.01,0.0,0.0,0.0,0,106283.0
36,1,0,0,0,0,273,0.0,0.0,0.03,0.06,0.0,255,7,0.03,0.07,0.0,0.0,0.0,1.0,1,117046.0
24,9,315,12161,0,1,39,0.0,0.0,1.0,0.0,0.0,255,255,1.0,0.0,0.0,0.0,0.0,0.0,0,89218.0
12,9,45,129,0,0,89,0.0,0.0,1.0,0.0,0.01,255,251,0.98,0.01,0.0,0.0,0.0,0.0,0,67508.0
24,9,300,5013,0,1,25,0.0,0.0,1.0,0.0,0.0,25,255,1.0,0.0,0.02,0.0,0.0,0.0,0,68859.0
20,9,2194619,0,0,1,1,0.0,0.0,1.0,0.0,1.0,255,16,0.06,0.03,0.0,0.0,0.0,0.0,0,58655.0
24,9,309,2285,0,1,19,0.0,0.0,1.0,0.0,0.1,255,255,1.0,0.0,0.0,0.0,0.0,0.0,0,116913.0
24,9,199,3386,0,1,1,0.0,0.0,1.0,0.0,1.0,162,255,1.0,0.0,0.04,0.0,0.0,0.0,0,72641.0
24,9,198,729,0,1,3,0.0,0.0,1.0,0.0,0.0,28,255,1.0,0.0,0.06,0.0,0.0,0.0,0,64693.0
42,9,147,0,0,0,5,0.0,0.0,0.2,0.6,0.0,255,1,0.0,0.2,0.0,0.0,0.0,0.0,0,17688.0
26,9,1345,10036,0,1,1,0.0,0.0,1.0,0.0,0.0,255,1,0.0,0.01,0.0,0.0,0.0,0.0,0,86336.0
47,5,0,0,0,0,47,1.0,1.0,0.38,0.09,0.0,207,17,0.08,0.06,0.0,1.0,1.0,0.0,1,94567.0
24,9,267,388,0,1,9,0.0,0.0,1.0,0.0,0.0,255,255,1.0,0.0,0.0,0.0,0.0,0.0,0,91516.0
18,5,0,0,0,0,67,1.0,1.0,0.28,0.06,0.0,255,59,0.23,0.04,0.0,1.0,1.0,0.0,1,97461.0
24,1,0,0,0,0,1,0.0,0.0,1.0,0.0,1.0,4,66,1.0,0.0,0.09,0.0,0.0,0.98,0,95465.0
52,9,953,327,0,1,1,0.0,0.0,1.0,0.0,0.0,181,192,0.76,0.03,0.01,0.01,0.0,0.0,0,86921.0
24,9,166,510,0,1,1,0.0,0.0,1.0,0.0,0.0,6,255,1.0,0.0,0.06,0.0,0.0,0.0,0,107449.0
58,9,84,153,0,0,1,0.0,0.0,1.0,0.0,0.0,79,3,0.04,0.08,0.0,0.03,0.33,0.0,0,117041.0
11,1,0,0,0,0,262,0.0,0.0,0.07,0.06,0.0,255,18,0.07,0.08,0.0,0.0,0.0,1.0,1,47487.0
47,1,0,0,0,0,130,0.0,0.0,0.15,0.06,0.0,255,13,0.05,0.07,0.0,0.0,0.0,1.0,1,42927.0
8,1,0,0,0,0,263,0.0,0.0,0.05,0.06,0.0,255,13,0.05,0.07,0.0,0.0,0.0,1.0,1,29738.0
31,5,0,0,0,0,222,1.0,1.0,0.01,0.05,0.0,255,2,0.01,0.06,0.0,1.0,1.0,0.0,1,122159.0
11,5,0,0,0,0,245,1.0,1.0,0.01,0.07,0.0,255,2,0.01,0.08,0.0,1.0,1.0,0.0,1,96998.0
24,9,331,480,0,1,16,0.0,0.0,1.0,0.0,0.0,255,255,1.0,0.0,0.0,0.0,0.0,0.0,0,33805.0
24,9,316,4056,0,1,9,0.0,0.0,1.0,0.0,0.13,11,255,1.0,0.0,0.03,0.0,0.0,0.0,0,45485.0
52,5,0,0,0,0,2,0.5,0.33,1.0,0.0,0.67,91,66,0.65,0.07,0.03,0.01,0.02,0.0,0,26849.0
47,5,0,0,0,0,172,1.0,1.0,0.12,0.05,0.0,255,1,0.0,0.07,0.0,1.0,1.0,0.0,1,72024.0
42,9,146,105,0,0,2,0.0,0.0,1.0,0.0,0.0,255,2,0.01,0.62,0.0,0.0,0.0,0.0,0,46381.0
47,5,0,0,0,0,81,1.0,1.0,0.02,0.07,0.0,255,12,0.05,0.06,0.0,1.0,1.0,0.0,1,92089.0
20,9,960,0,0,1,2,0.0,0.0,1.0,0.0,0.0,22,34,0.27,0.23,0.06,0.0,0.0,0.0,0,47190.0
47,5,0,0,0,0,228,1.0,1.0,0.05,0.07,0.0,255,6,0.02,0.07,0.0,1.0,1.0,0.0,1,57767.0
47,1,0,0,0,0,107,0.0,0.0,0.07,0.06,0.0,255,27,0.11,0.05,0.0,0.0,0.0,1.0,1,28272.0
12,9,32,0,0,0,1,0.0,0.0,1.0,0.0,1.0,58,19,0.17,0.07,0.11,0.0,0.0,0.0,0,79343.0
52,9,1508,329,0,1,2,0.0,0.0,0.5,1.0,0.0,59,187,0.92,0.05,0.02,0.0,0.0,0.0,0,45758.0
12,9,34,94,0,0,2,0.0,0.0,1.0,0.0,0.0,156,154,0.99,0.01,0.0,0.0,0.0,0.0,0,25652.0
12,9,43,70,0,0,303,0.0,0.0,1.0,0.01,0.0,255,254,1.0,0.01,0.0,0.0,0.0,0.0,0,107701.0
24,9,234,674,0,1,19,0.0,0.0,1.0,0.0,0.0,39,255,1.0,0.0,0.06,0.0,0.0,0.0,0,98290.0
24,9,382,188,0,1,1,0.0,0.0,1.0,0.0,0.19,59,255,1.0,0.0,0.03,0.0,0.0,0.0,0,84266.0
55,5,0,0,0,0,235,1.0,1.0,0.0,0.06,0.0,255,1,0.0,0.07,0.0,1.0,1.0,0.0,1,11644.0
52,9,733,330,0,1,1,0.0,0.0,1.0,0.0,1.0,223,118,0.47,0.03,0.02,0.0,0.0,0.0,0,83512.0
24,9,203,516,0,1,6,0.0,0.0,1.0,0.0,0.29,255,255,1.0,0.0,0.0,0.0,0.0,0.0,0,25546.0
52,9,1195,479,0,1,1,0.0,0.0,1.0,0.0,1.0,255,30,0.12,0.02,0.0,0.0,0.0,0.0,0,100576.0
24,9,284,10352,0,1,2,0.0,0.0,1.0,0.0,0.0,11,255,1.0,0.0,0.07,0.0,0.0,0.0,0,145.0
47,4,0,0,0,0,1,0.0,0.0,1.0,0.0,0.0,255,1,0.0,1.0,0.0,0.0,0.0,1.0,1,51568.0
12,9,91,0,0,0,1,0.0,0.0,1.0,0.0,0.0,56,33,0.59,0.04,0.0,0.0,0.0,0.0,0,83935.0
24,1,0,0,0,0,1,0.0,0.0,1.0,0.0,0.0,22,229,1.0,0.0,0.13,0.0,0.0,0.93,0,61482.0
47,5,0,0,0,0,9,1.0,1.0,0.22,0.33,0.0,255,2,0.01,0.09,0.0,1.0,1.0,0.0,1,13326.0
24,1,0,0,0,0,1,0.0,0.0,1.0,0.0,0.0,196,253,1.0,0.0,0.05,0.0,0.0,0.54,0,94913.0
52,9,878,332,0,1,1,0.0,0.0,1.0,0.0,1.0,96,194,0.88,0.04,0.01,0.0,0.0,0.0,0,21348.0
62,9,78,0,0,0,28,0.0,0.0,0.11,0.07,0.4,255,16,0.06,0.01,0.0,0.0,0.0,0.0,0,66324.0
14,9,8,0,0,0,1,0.0,0.0,1.0,0.0,1.0,2,154,1.0,0.0,0.5,0.0,0.0,0.0,1,34376.0
24,9,237,608,0,1,8,0.0,0.0,1.0,0.0,0.06,255,255,1.0,0.0,0.0,0.0,0.0,0.0,0,51751.0
15,9,1032,0,0,0,511,0.0,0.0,1.0,0.0,0.0,183,38,0.21,0.02,0.0,0.0,0.0,0.0,1,70047.0
24,9,332,930,0,1,18,0.0,0.0,1.0,0.0,0.0,255,255,1.0,0.0,0.0,0.0,0.0,0.0,0,19698.0
21,5,0,0,0,0,254,1.0,1.0,0.01,0.06,0.0,255,19,0.07,0.08,0.0,1.0,1.0,0.0,1,10296.0
15,9,1032,0,0,0,135,0.0,0.0,1.0,0.0,0.0,255,135,0.53,0.01,0.0,0.0,0.0,0.0,1,41741.0
24,9,246,455,0,1,23,0.0,0.0,1.0,0.0,0.08,128,215,1.0,0.0,0.03,0.0,0.0,0.0,0,67585.0
24,9,399,5454,0,1,22,0.0,0.0,1.0,0.0,0.0,148,247,1.0,0.0,0.1,0.0,0.0,0.45,0,102179.0
24,9,327,2547,0,1,15,0.0,0.0,1.0,0.0,0.0,255,255,1.0,0.0,0.0,0.0,0.0,0.0,0,33457.0
12,9,46,76,0,0,252,0.0,0.0,1.0,0.0,0.0,255,254,1.0,0.01,0.0,0.0,0.0,0.0,0,33711.0
47,4,1,0,0,0,2,0.0,0.0,1.0,0.0,0.0,220,2,0.01,0.23,0.0,0.0,0.0,1.0,1,91883.0
24,9,54540,8314,0,1,3,0.0,0.0,1.0,0.0,0.5,255,255,1.0,0.0,0.0,0.0,0.0,0.02,1,20011.0
12,9,45,130,0,0,281,0.0,0.0,1.0,0.0,0.0,255,251,0.98,0.01,0.0,0.0,0.0,0.0,0,10028.0
24,9,259,86,0,1,1,0.0,0.0,1.0,0.0,0.0,1,255,1.0,0.0,0.04,0.0,0.01,0.0,0,68586.0
24,9,304,1075,0,1,5,0.0,0.0,1.0,0.0,0.0,255,232,0.91,0.01,0.0,0.0,0.0,0.0,0,113790.0
47,5,0,0,0,0,510,0.2,1.0,0.0,1.0,0.0,255,1,0.0,1.0,0.0,0.18,1.0,0.0,1,93755.0
20,9,334,0,0,1,2,0.0,0.0,1.0,0.0,0.0,6,32,1.0,0.0,0.16,0.0,0.0,0.0,1,106957.0
24,9,286,1263,0,1,7,0.0,0.0,1.0,0.0,0.0,255,255,1.0,0.0,0.0,0.0,0.0,0.0,0,7518.0
24,9,246,367,0,1,22,0.0,0.0,1.0,0.0,0.0,88,255,1.0,0.0,0.03,0.0,0.0,0.0,0,15630.0
12,9,43,125,0,0,78,0.0,0.0,0.99,0.03,0.01,255,246,0.96,0.01,0.0,0.0,0.0,0.0,0,16078.0
24,9,317,1484,0,1,1,0.0,0.0,1.0,0.0,0.14,96,255,1.0,0.0,0.03,0.0,0.0,0.0,0,8002.0
19,5,0,0,0,0,244,1.0,1.0,0.02,0.06,0.0,255,4,0.02,0.07,0.0,1.0,1.0,0.0,1,125370.0
10,5,0,0,0,0,92,1.0,1.0,0.03,0.08,0.0,255,3,0.01,0.07,0.0,1.0,1.0,0.0,1,57805.0
7,5,0,0,0,0,238,1.0,1.0,0.0,0.07,0.0,255,1,0.0,0.07,0.0,1.0,1.0,0.0,1,63822.0
18,9,10,141,0,0,1,0.0,0.0,1.0,0.0,0.0,255,7,0.03,0.27,0.0,0.0,0.0,0.0,0,117497.0
63,5,0,0,0,0,144,1.0,1.0,0.13,0.06,0.0,255,19,0.07,0.06,0.0,1.0,1.0,0.0,1,51361.0
19,5,0,0,0,0,278,1.0,1.0,0.0,0.06,0.0,255,2,0.01,0.08,0.0,1.0,1.0,0.0,1,96761.0
47,5,0,0,0,0,102,1.0,1.0,0.19,0.06,0.0,255,15,0.06,0.09,0.0,1.0,1.0,0.0,1,87496.0
52,9,1602,336,0,1,1,0.0,0.0,1.0,0.0,0.0,255,149,0.58,0.02,0.0,0.0,0.01,0.0,0,31705.0
15,9,1032,0,0,0,511,0.0,0.0,1.0,0.0,0.0,255,96,0.38,0.1,0.0,0.0,0.0,0.0,1,59443.0
47,1,0,0,0,0,273,0.0,0.0,0.03,0.07,0.0,255,7,0.03,0.08,0.0,0.0,0.0,1.0,1,43058.0
20,9,501760,0,0,1,2,0.0,0.0,1.0,0.0,0.0,255,20,0.08,0.06,0.0,0.6,0.0,0.0,0,110427.0
4,5,0,0,0,0,275,1.0,1.0,0.01,0.06,0.0,255,4,0.02,0.07,0.0,1.0,1.0,0.0,1,105218.0
52,9,848,334,0,1,1,0.0,0.0,1.0,0.0,0.0,217,168,0.67,0.02,0.01,0.0,0.0,0.0,0,13292.0
24,6,215,11680,0,1,1,1.0,0.07,1.0,0.0,0.14,2,255,1.0,0.0,0.02,0.5,0.0,0.0,0,933.0
47,9,28,0,3,0,158,0.63,0.0,0.37,0.04,0.0,255,58,0.23,0.78,0.0,0.09,0.0,0.0,1,80828.0
24,1,0,0,0,0,1,0.0,0.0,1.0,0.0,0.0,7,255,1.0,0.0,0.02,0.0,0.0,0.39,0,2332.0
24,9,54540,8314,0,1,3,0.0,0.0,1.0,0.0,0.5,255,255,1.0,0.0,0.0,0.0,0.0,0.04,1,37650.0
24,9,285,293,0,1,2,0.0,0.0,1.0,0.0,0.0,255,255,1.0,0.0,0.0,0.0,0.0,0.0,0,6138.0
20,6,2192552,0,0,1,2,0.5,0.5,1.0,0.0,0.0,163,71,0.29,0.04,0.03,0.02,0.01,0.0,0,41638.0
24,9,347,814,0,1,5,0.0,0.0,1.0,0.0,0.33,135,255,1.0,0.0,0.01,0.0,0.0,0.0,0,60771.0
12,9,44,44,0,0,3,0.0,0.0,0.33,0.67,0.22,53,51,0.96,0.04,0.0,0.0,0.0,0.0,0,31869.0
24,9,287,1728,0,1,10,0.0,0.0,1.0,0.0,0.0,94,255,1.0,0.0,0.02,0.0,0.01,0.0,0,5257.0
14,9,18,0,0,0,1,0.0,0.0,1.0,0.0,0.0,1,14,1.0,0.0,1.0,0.0,0.0,0.0,1,16085.0
63,5,0,0,0,0,148,1.0,1.0,0.12,0.06,0.0,255,15,0.06,0.07,0.0,1.0,1.0,0.0,1,52857.0
24,9,217,2468,0,1,3,0.0,0.0,1.0,0.0,0.0,87,255,1.0,0.0,0.05,0.0,0.0,0.0,0,122654.0
47,5,0,0,0,0,233,1.0,1.0,0.0,0.06,0.0,255,1,0.0,0.05,0.0,1.0,1.0,0.0,1,27819.0
20,9,2194619,0,0,1,1,0.0,0.0,1.0,0.0,0.0,14,43,0.36,0.29,0.05,0.0,0.0,0.0,0,115493.0
24,9,54540,8314,0,1,2,0.0,0.0,1.0,0.0,0.0,166,166,1.0,0.0,0.0,0.0,0.0,0.01,1,112303.0
66,1,0,0,0,0,144,0.0,0.0,0.1,0.06,0.0,255,14,0.05,0.08,0.0,0.0,0.0,1.0,1,35032.0
20,1,0,0,0,0,467,0.07,0.0,0.03,0.97,0.0,255,12,0.05,0.96,0.0,0.08,0.0,1.0,1,80686.0
20,9,607,0,0,0,2,0.0,0.0,1.0,0.0,0.0,62,12,0.19,0.06,0.0,0.0,0.0,0.0,0,117256.0
42,5,0,0,0,0,159,1.0,1.0,0.15,0.05,0.0,255,24,0.09,0.05,0.0,1.0,1.0,0.0,1,32225.0
12,9,46,79,0,0,194,0.0,0.0,1.0,0.0,0.0,255,255,1.0,0.0,0.0,0.0,0.0,0.0,0,75139.0
18,9,8,138,0,0,1,0.0,0.0,1.0,0.0,0.0,174,13,0.06,0.02,0.15,0.0,0.0,0.0,0,124543.0
14,9,30,0,0,0,1,0.0,0.0,1.0,0.0,0.0,39,131,1.0,0.0,0.36,0.0,0.0,0.0,0,16057.0
25,5,0,0,0,0,105,1.0,1.0,0.01,0.08,0.0,255,1,0.0,0.07,0.0,1.0,1.0,0.0,1,112603.0
24,9,336,3580,0,1,5,0.0,0.0,1.0,0.0,0.0,5,255,1.0,0.0,0.04,0.0,0.0,0.0,0,117177.0
24,9,280,6123,0,1,19,0.0,0.0,1.0,0.0,0.0,111,255,1.0,0.0,0.04,0.0,0.0,0.0,0,64604.0
14,9,8,0,0,0,1,0.0,0.0,1.0,0.0,1.0,1,61,1.0,0.0,0.26,0.0,0.0,0.0,1,73847.0
64,5,0,0,0,0,255,1.0,1.0,0.01,0.07,0.0,255,2,0.01,0.08,0.0,1.0,1.0,0.0,1,97679.0
23,5,0,0,0,0,297,1.0,1.0,0.07,0.06,0.0,255,7,0.03,0.08,0.0,1.0,1.0,0.0,1,22974.0
24,5,0,0,0,0,2,0.5,0.25,1.0,0.0,0.75,19,255,1.0,0.0,0.02,0.05,0.0,0.0,0,6415.0
9,5,0,0,0,0,243,1.0,1.0,0.08,0.06,0.0,255,20,0.08,0.06,0.0,1.0,1.0,0.0,1,4868.0
62,9,78,0,0,0,17,0.0,0.0,0.18,0.12,0.0,255,12,0.05,0.01,0.0,0.0,0.0,0.0,0,94097.0
52,9,1298,331,0,1,1,0.0,0.0,1.0,0.0,0.0,237,132,0.56,0.02,0.0,0.0,0.0,0.0,0,74579.0
47,5,0,0,0,0,275,1.0,1.0,0.05,0.06,0.0,255,15,0.06,0.07,0.0,1.0,1.0,0.0,1,77889.0
47,5,0,0,0,0,189,1.0,1.0,0.06,0.06,0.0,255,20,0.08,0.07,0.0,1.0,1.0,0.0,1,66917.0
12,9,43,43,0,0,108,0.0,0.0,1.0,0.0,0.01,255,254,1.0,0.01,0.0,0.0,0.0,0.0,0,25750.0
12,9,44,44,0,0,88,0.0,0.0,1.0,0.0,0.01,255,250,0.98,0.01,0.0,0.0,0.0,0.0,0,74893.0
64,5,0,0,0,0,265,1.0,1.0,0.05,0.05,0.0,255,13,0.05,0.05,0.0,1.0,1.0,0.0,1,124213.0
24,9,245,8546,0,1,5,0.0,0.0,1.0,0.0,0.33,11,255,1.0,0.0,0.04,0.0,0.0,0.0,0,5485.0
42,4,1,0,0,0,2,0.0,0.0,1.0,0.0,0.0,255,2,0.01,0.67,0.0,0.0,0.0,1.0,1,62036.0
47,5,0,0,0,0,124,1.0,1.0,0.03,0.06,0.0,255,20,0.08,0.06,0.0,1.0,1.0,0.0,1,106589.0
12,9,43,121,0,0,193,0.0,0.0,1.0,0.0,0.0,255,251,0.98,0.01,0.0,0.0,0.0,0.0,0,21201.0
63,5,0,0,0,0,127,1.0,1.0,0.05,0.06,0.0,255,6,0.02,0.07,0.0,1.0,1.0,0.0,1,69337.0
24,9,467,9887,0,1,14,0.0,0.0,1.0,0.0,0.0,49,249,1.0,0.0,0.11,0.0,0.0,0.85,0,44059.0
54,5,0,0,0,0,280,1.0,1.0,0.0,0.06,0.0,255,1,0.0,0.06,0.0,1.0,1.0,0.0,1,17267.0
18,5,0,0,0,0,59,1.0,1.0,0.25,0.07,0.0,255,44,0.17,0.04,0.0,1.0,1.0,0.0,1,67739.0
24,9,259,505,0,1,3,0.0,0.0,1.0,0.0,0.0,77,255,1.0,0.0,0.02,0.0,0.0,0.0,0,12435.0
12,9,46,46,0,0,116,0.0,0.0,1.0,0.0,0.0,255,203,0.8,0.01,0.0,0.0,0.0,0.0,0,9506.0
52,9,668,334,0,1,1,0.0,0.0,1.0,0.0,1.0,112,179,0.69,0.1,0.01,0.01,0.01,0.0,0,70137.0
61,9,36,0,0,0,1,0.0,0.0,1.0,0.0,0.0,67,4,0.06,0.07,0.0,0.0,0.0,0.0,0,17804.0
13,4,1,0,0,0,2,0.0,0.0,1.0,0.0,0.0,134,2,0.01,0.07,0.0,0.0,0.0,1.0,1,100678.0
24,9,54540,8314,0,1,5,0.0,0.0,1.0,0.0,0.0,175,175,1.0,0.0,0.0,0.0,0.0,0.06,1,1420.0
24,9,252,803,0,1,8,0.0,0.0,1.0,0.0,0.0,255,255,1.0,0.0,0.0,0.0,0.0,0.0,0,59559.0
24,9,54540,8314,0,1,4,0.0,0.0,1.0,0.0,0.0,255,255,1.0,0.0,0.0,0.0,0.0,0.06,1,5190.0
24,1,0,0,0,0,1,0.0,0.0,1.0,0.0,0.0,46,90,1.0,0.0,0.02,0.0,0.0,1.0,0,63760.0
47,5,0,0,0,0,219,1.0,1.0,0.07,0.06,0.0,255,16,0.06,0.06,0.0,1.0,1.0,0.0,1,67507.0
24,9,215,887,0,1,5,0.0,0.0,1.0,0.0,0.0,193,255,1.0,0.0,0.02,0.0,0.0,0.0,0,98130.0
18,5,0,0,0,0,70,1.0,1.0,0.29,0.06,0.0,255,67,0.26,0.02,0.0,1.0,1.0,0.0,1,79326.0
24,9,342,3235,0,1,15,0.0,0.0,1.0,0.0,0.0,79,255,1.0,0.0,0.02,0.0,0.0,0.0,0,28361.0
52,9,788,330,0,1,2,0.0,0.0,1.0,0.0,0.0,44,104,0.91,0.05,0.02,0.0,0.0,0.0,0,67407.0
60,2,0,0,0,0,168,0.0,0.0,0.01,0.07,0.0,255,2,0.01,0.07,0.0,0.0,0.0,1.0,1,120515.0
24,9,276,376,0,1,1,0.0,0.0,1.0,0.0,0.0,29,255,1.0,0.0,0.04,0.0,0.02,0.0,0,74734.0
20,9,8766,0,0,1,3,0.0,0.0,1.0,0.0,0.0,255,62,0.24,0.07,0.0,0.0,0.02,0.0,0,30595.0
8,5,0,0,0,0,38,1.0,1.0,0.18,0.11,0.0,255,7,0.03,0.08,0.0,1.0,1.0,0.0,1,56170.0
12,9,44,132,0,0,72,0.0,0.0,1.0,0.0,0.01,255,255,1.0,0.0,0.0,0.0,0.0,0.0,0,103253.0
47,5,0,0,0,0,112,1.0,1.0,0.18,0.05,0.0,255,13,0.05,0.07,0.0,1.0,1.0,0.0,1,92656.0
24,9,379,7310,0,1,2,0.0,0.0,1.0,0.0,0.22,26,255,1.0,0.0,0.04,0.0,0.0,0.0,0,39621.0
12,9,43,138,0,0,18,0.0,0.0,1.0,0.0,0.01,76,200,0.8,0.03,0.01,0.0,0.0,0.0,0,71132.0
14,9,8,0,0,0,1,0.0,0.0,1.0,0.0,1.0,2,74,1.0,0.0,0.5,0.0,0.0,0.0,1,114238.0
47,5,0,0,0,0,207,1.0,1.0,0.01,0.06,0.0,255,8,0.03,0.07,0.0,1.0,1.0,0.0,1,47480.0
47,5,0,0,0,0,145,0.94,1.0,0.01,0.06,0.0,255,2,0.01,0.07,0.0,1.0,1.0,0.0,1,23509.0
47,9,105,147,0,0,2,0.0,0.0,0.5,1.0,0.0,255,231,0.91,0.01,0.0,0.0,0.0,0.0,0,124517.0
35,5,0,0,0,0,168,1.0,1.0,0.07,0.08,0.0,255,11,0.04,0.08,0.0,1.0,1.0,0.0,1,90150.0
47,5,0,0,0,0,110,0.99,1.0,0.09,0.07,0.0,255,10,0.04,0.07,0.0,1.0,1.0,0.0,1,80905.0
24,9,171,307,0,1,1,0.0,0.0,1.0,0.0,0.0,143,223,1.0,0.0,0.01,0.0,0.0,0.0,0,96213.0
24,9,331,23457,0,1,3,0.0,0.0,1.0,0.0,0.21,255,255,1.0,0.0,0.0,0.0,0.0,0.0,0,40956.0
47,9,28,0,3,0,7,0.0,0.0,1.0,0.0,0.0,255,7,0.03,0.01,0.0,0.0,0.0,0.0,1,84045.0
23,5,0,0,0,0,145,1.0,1.0,0.12,0.06,0.0,255,11,0.04,0.06,0.0,1.0,1.0,0.0,1,29523.0
16,5,0,0,0,0,146,1.0,1.0,0.12,0.05,0.0,255,18,0.07,0.06,0.0,1.0,1.0,0.0,1,41086.0
56,5,0,0,0,0,225,1.0,1.0,0.09,0.04,0.0,255,21,0.08,0.05,0.0,1.0,1.0,0.0,1,42444.0
24,1,0,0,0,0,1,0.0,0.0,1.0,0.0,0.0,12,255,1.0,0.0,0.15,0.0,0.0,0.79,0,363.0
52,9,1190,338,0,1,1,0.0,0.0,1.0,0.0,0.0,35,169,0.8,0.09,0.02,0.0,0.0,0.0,0,69333.0
20,9,59,0,0,0,8,0.0,0.0,1.0,0.0,0.22,162,71,0.44,0.02,0.0,0.0,0.0,0.0,0,118293.0
15,9,1032,0,0,0,511,0.0,0.0,1.0,0.0,0.0,255,70,0.27,0.15,0.0,0.0,0.0,0.0,1,100397.0
52,9,1179,337,0,1,1,0.0,0.0,1.0,0.0,1.0,107,203,0.76,0.04,0.01,0.0,0.0,0.0,0,94367.0
20,9,334,0,0,1,1,0.0,0.0,1.0,0.0,0.0,223,84,0.36,0.02,0.02,0.0,0.0,0.0,1,34087.0
47,5,0,0,0,0,144,1.0,1.0,0.07,0.06,0.0,255,7,0.03,0.07,0.0,1.0,1.0,0.0,1,72409.0
24,9,316,337,0,1,23,0.0,0.0,1.0,0.0,0.0,255,255,1.0,0.0,0.0,0.0,0.0,0.0,0,86898.0
12,9,45,45,0,0,154,0.0,0.0,1.0,0.0,0.01,255,255,1.0,0.0,0.0,0.0,0.0,0.0,0,39245.0
24,9,244,1127,0,1,8,0.0,0.0,1.0,0.0,0.18,103,255,1.0,0.0,0.01,0.0,0.0,0.0,0,65894.0
47,1,0,0,0,0,123,0.0,0.0,0.13,0.06,0.0,255,16,0.06,0.06,0.0,0.0,0.0,1.0,1,45296.0
52,9,2233,403,0,1,1,0.0,0.0,1.0,0.0,0.75,116,85,0.73,0.04,0.0,0.0,0.0,0.04,0,113972.0
15,9,1032,0,0,0,511,0.0,0.0,1.0,0.0,0.0,255,228,0.89,0.01,0.0,0.0,0.0,0.0,1,94814.0
31,1,0,0,0,0,258,0.0,0.0,0.08,0.07,0.0,255,20,0.08,0.07,0.0,0.0,0.0,1.0,1,104593.0
14,9,18,0,0,0,1,0.0,0.0,1.0,0.0,0.0,1,167,1.0,0.0,1.0,0.0,0.0,0.0,1,9781.0
32,5,0,0,0,0,95,1.0,1.0,0.03,0.06,0.0,255,3,0.01,0.07,0.0,1.0,1.0,0.0,1,114452.0
58,5,0,0,0,0,295,1.0,1.0,0.06,0.05,0.0,255,18,0.07,0.07,0.0,1.0,1.0,0.0,1,52235.0
2,5,0,0,0,0,247,1.0,1.0,0.02,0.06,0.0,255,4,0.02,0.07,0.0,1.0,1.0,0.0,1,116057.0
12,9,88,0,0,0,1,0.0,0.0,1.0,0.0,0.0,19,10,0.53,0.11,0.0,0.0,0.0,0.0,0,75325.0
47,5,0,0,0,0,102,1.0,1.0,0.05,0.05,0.0,255,5,0.02,0.06,0.0,1.0,1.0,0.0,1,88772.0
24,9,293,1658,0,1,5,0.0,0.0,1.0,0.0,0.0,92,255,1.0,0.0,0.03,0.01,0.01,0.01,0,117761.0
24,9,250,608,0,1,11,0.0,0.0,1.0,0.0,0.0,255,255,1.0,0.0,0.0,0.0,0.0,0.0,0,70734.0
24,9,236,1715,0,1,8,0.0,0.0,1.0,0.0,0.13,28,255,1.0,0.0,0.03,0.0,0.0,0.0,0,89473.0
54,5,0,0,0,0,98,1.0,1.0,0.05,0.05,0.0,255,5,0.02,0.06,0.0,1.0,1.0,0.0,1,41975.0
52,9,1122,362,0,1,1,0.0,0.0,1.0,0.0,1.0,190,173,0.59,0.03,0.01,0.0,0.0,0.0,0,114095.0
47,5,0,0,0,0,190,1.0,1.0,0.01,0.06,0.0,255,12,0.05,0.07,0.0,1.0,1.0,0.0,1,110014.0
55,5,0,0,0,0,231,1.0,1.0,0.07,0.06,0.0,255,16,0.06,0.06,0.0,1.0,1.0,0.0,1,80855.0
24,9,230,1529,0,1,11,0.0,0.04,1.0,0.0,0.12,193,222,1.0,0.0,0.01,0.0,0.0,0.04,0,46488.0
37,5,0,0,0,0,247,1.0,1.0,0.02,0.07,0.0,255,15,0.06,0.08,0.0,1.0,1.0,0.0,1,99478.0
27,5,0,0,0,0,289,1.0,1.0,0.03,0.06,0.0,255,20,0.08,0.07,0.0,1.0,1.0,0.0,1,22165.0
24,9,305,1211,0,1,7,0.0,0.0,1.0,0.0,0.0,255,255,1.0,0.0,0.0,0.0,0.0,0.0,0,98819.0
47,4,1,0,0,0,2,0.0,0.0,1.0,0.0,0.0,255,2,0.01,0.64,0.0,0.0,0.0,1.0,1,117781.0
64,5,0,0,0,0,274,1.0,1.0,0.07,0.06,0.0,255,18,0.07,0.07,0.0,1.0,1.0,0.0,1,85745.0
26,5,0,0,0,0,233,1.0,1.0,0.02,0.06,0.0,255,4,0.02,0.07,0.0,1.0,1.0,0.0,1,119342.0
24,9,249,2665,0,1,11,0.0,0.0,1.0,0.0,0.06,11,255,1.0,0.0,0.02,0.0,0.0,0.0,0,52384.0
12,9,45,74,0,0,141,0.0,0.0,1.0,0.0,0.0,255,166,0.65,0.01,0.0,0.0,0.0,0.0,0,4075.0
24,1,0,0,0,0,1,0.0,0.0,1.0,0.0,0.0,53,251,1.0,0.0,0.09,0.0,0.0,0.99,0,57014.0
47,5,0,0,0,0,140,1.0,1.0,0.1,0.06,0.0,255,14,0.05,0.05,0.0,1.0,1.0,0.0,1,71390.0
20,9,334,0,0,1,1,0.0,0.0,1.0,0.0,0.0,7,17,1.0,0.0,0.24,0.0,0.0,0.0,1,53039.0
14,9,30,0,0,0,1,0.0,0.0,1.0,0.0,0.0,5,5,1.0,0.0,0.0,0.0,0.0,0.0,0,57987.0
15,9,1032,0,0,0,509,0.0,0.0,1.0,0.0,0.0,255,216,0.85,0.01,0.0,0.0,0.0,0.0,1,22356.0
47,5,0,0,0,0,244,1.0,1.0,0.1,0.04,0.0,255,25,0.1,0.05,0.0,1.0,1.0,0.0,1,5782.0
47,9,28,0,3,0,4,0.0,0.0,1.0,0.0,0.0,217,4,0.02,0.75,0.0,0.03,0.0,0.0,1,79495.0
47,4,1,0,0,0,2,0.0,0.0,1.0,0.0,0.0,255,2,0.01,0.39,0.0,0.0,0.0,1.0,1,70351.0
24,1,0,0,0,0,1,0.0,0.0,1.0,0.0,0.0,83,166,1.0,0.0,0.16,0.0,0.0,1.0,0,67268.0
24,9,271,2285,0,1,14,0.0,0.0,1.0,0.0,0.13,255,255,1.0,0.0,0.0,0.0,0.0,0.0,0,56144.0
24,9,319,303,0,1,9,0.0,0.0,1.0,0.0,0.0,9,255,1.0,0.0,0.05,0.0,0.0,0.0,0,66392.0
31,5,0,0,0,0,235,1.0,1.0,0.05,0.07,0.0,255,12,0.05,0.07,0.0,1.0,1.0,0.0,1,44813.0
47,9,1,0,0,0,142,0.0,0.0,0.86,0.03,0.0,255,164,0.64,0.05,0.0,0.0,0.0,0.0,1,105637.0
24,5,0,0,0,0,43,1.0,1.0,0.33,0.09,0.0,255,62,0.24,0.02,0.0,1.0,1.0,0.0,1,115035.0
47,9,1,0,0,0,153,0.0,0.0,0.87,0.03,0.0,255,170,0.67,0.04,0.0,0.0,0.0,0.0,1,42888.0
15,9,1032,0,0,0,370,0.0,0.0,1.0,0.0,0.0,255,255,1.0,0.0,0.0,0.0,0.0,0.0,1,61545.0
37,5,0,0,0,0,230,1.0,1.0,0.07,0.07,0.0,255,16,0.06,0.08,0.0,1.0,1.0,0.0,1,74762.0
24,9,207,313,0,1,3,0.0,0.0,1.0,0.0,0.0,255,255,1.0,0.0,0.0,0.0,0.0,0.33,0,122708.0
47,5,0,0,0,0,67,1.0,1.0,0.03,0.07,0.0,255,14,0.05,0.07,0.0,1.0,1.0,0.0,1,99474.0
47,5,0,0,0,0,25,1.0,1.0,0.48,0.08,0.0,255,12,0.05,0.07,0.0,1.0,1.0,0.0,1,125638.0
24,9,197,27340,0,1,3,0.0,0.17,1.0,0.0,0.5,9,255,1.0,0.0,0.04,0.0,0.0,0.03,0,27598.0
2,5,0,0,0,0,291,1.0,1.0,0.03,0.05,0.0,255,10,0.04,0.05,0.0,1.0,1.0,0.0,1,6058.0
33,5,0,0,0,0,145,1.0,1.0,0.13,0.06,0.0,255,10,0.04,0.07,0.0,1.0,1.0,0.0,1,7005.0
56,5,0,0,0,0,168,1.0,1.0,0.12,0.06,0.0,255,21,0.08,0.06,0.0,1.0,1.0,0.0,1,69.0
19,4,0,0,0,0,1,0.0,0.0,1.0,0.0,0.0,69,1,0.01,0.33,0.0,0.09,0.0,1.0,1,29285.0
24,9,199,4993,0,1,11,0.0,0.0,1.0,0.0,0.0,102,255,1.0,0.0,0.03,0.0,0.0,0.0,0,101494.0
24,1,0,0,0,0,1,0.0,0.0,1.0,0.0,0.0,12,110,1.0,0.0,0.24,0.0,0.0,1.0,0,78655.0
47,1,0,0,0,0,2,0.0,0.0,0.5,1.0,0.0,255,1,0.0,0.35,0.0,0.24,0.0,1.0,1,71241.0
2,5,0,0,0,0,264,1.0,1.0,0.06,0.06,0.0,255,15,0.06,0.06,0.0,1.0,1.0,0.0,1,123491.0
10,2,0,0,0,0,258,0.0,0.0,0.05,0.06,0.0,255,13,0.05,0.07,0.0,0.0,0.0,1.0,1,90543.0
24,9,211,557,0,1,23,0.0,0.0,1.0,0.0,0.0,136,255,1.0,0.0,0.02,0.0,0.0,0.0,0,26973.0
47,4,0,0,0,0,1,0.0,0.0,1.0,0.0,0.0,187,1,0.01,0.74,0.0,0.03,0.0,1.0,1,13943.0
49,5,0,0,0,0,108,1.0,1.0,0.04,0.07,0.0,255,4,0.02,0.09,0.0,1.0,1.0,0.0,1,42358.0
52,9,881,365,0,1,1,0.0,0.0,1.0,0.0,0.0,224,163,0.64,0.03,0.01,0.0,0.0,0.0,0,38673.0
5,1,0,0,0,0,132,0.0,0.0,0.01,0.08,0.0,255,1,0.0,0.08,0.0,0.0,0.0,1.0,1,27187.0
20,9,501760,0,0,1,2,0.0,0.0,1.0,0.0,0.0,65,101,0.38,0.06,0.02,0.0,0.01,0.0,0,95157.0
12,9,44,77,0,0,66,0.0,0.0,1.0,0.0,0.0,141,101,0.72,0.01,0.0,0.0,0.0,0.0,0,69964.0
34,5,0,0,0,0,253,1.0,1.0,0.03,0.06,0.0,255,7,0.03,0.06,0.0,1.0,1.0,0.0,1,27746.0
47,1,0,0,0,0,131,0.0,0.0,0.11,0.08,0.0,255,15,0.06,0.07,0.0,0.0,0.0,1.0,1,100872.0
12,9,43,124,0,0,141,0.0,0.0,1.0,0.0,0.01,255,254,1.0,0.01,0.0,0.0,0.0,0.0,0,107338.0
7,5,0,0,0,0,103,1.0,1.0,0.16,0.09,0.0,255,16,0.06,0.08,0.0,1.0,1.0,0.0,1,111353.0
20,9,88382,0,0,1,19,0.0,0.0,1.0,0.0,0.0,255,25,0.1,0.79,0.0,0.0,0.0,0.0,0,120329.0
24,9,217,318,0,1,3,0.33,0.14,1.0,0.0,0.29,255,255,1.0,0.0,0.0,0.0,0.0,0.0,0,39015.0
55,2,0,0,0,0,296,0.0,0.0,0.06,0.06,0.0,255,18,0.07,0.07,0.0,0.0,0.0,1.0,1,29410.0
24,9,283,2612,0,1,6,0.0,0.0,1.0,0.0,0.0,255,255,1.0,0.0,0.0,0.0,0.0,0.0,0,70494.0
24,9,285,4036,0,1,11,0.0,0.0,1.0,0.0,0.09,11,255,1.0,0.0,0.02,0.0,0.0,0.0,0,20108.0
47,5,0,0,0,0,218,1.0,1.0,0.09,0.07,0.0,255,20,0.08,0.07,0.0,1.0,1.0,0.0,1,98895.0
35,5,0,0,0,0,244,1.0,1.0,0.07,0.06,0.0,255,19,0.07,0.07,0.0,1.0,1.0,0.0,1,16958.0
47,1,0,0,0,0,342,0.0,0.0,0.0,0.52,0.0,255,1,0.0,0.52,0.0,0.0,0.0,1.0,1,84606.0
24,9,292,1896,0,1,31,0.0,0.0,1.0,0.0,0.0,87,253,1.0,0.0,0.17,0.0,0.0,0.98,0,117623.0
24,5,0,0,0,0,287,1.0,1.0,0.04,0.06,0.0,255,12,0.05,0.07,0.0,1.0,1.0,0.0,1,123144.0
35,5,0,0,0,0,265,1.0,1.0,0.02,0.06,0.0,255,4,0.02,0.07,0.0,1.0,1.0,0.0,1,115612.0
14,9,8,0,0,0,1,0.0,0.0,1.0,0.0,1.0,1,155,1.0,0.0,0.5,0.0,0.0,0.0,1,7421.0
24,9,222,2276,0,1,5,0.0,0.0,1.0,0.0,0.0,20,255,1.0,0.0,0.07,0.0,0.0,0.0,0,62049.0
47,5,0,0,0,0,115,0.99,1.0,0.07,0.07,0.0,255,12,0.05,0.06,0.0,1.0,1.0,0.0,1,35091.0
24,9,215,26747,0,1,20,0.0,0.0,1.0,0.0,0.0,255,255,1.0,0.0,0.0,0.0,0.0,0.0,0,106137.0
24,9,205,1825,0,1,4,0.0,0.0,1.0,0.0,0.4,4,255,1.0,0.0,0.05,0.0,0.0,0.0,0,108787.0
58,9,285,392735,0,1,1,0.0,0.0,1.0,0.0,0.0,43,8,0.19,0.07,0.0,0.0,0.0,0.0,0,59153.0
5,1,0,0,0,0,92,0.0,0.0,0.02,0.08,0.0,255,2,0.01,0.06,0.0,0.0,0.0,1.0,1,30804.0
5,1,0,0,0,0,144,0.0,0.0,0.05,0.06,0.0,255,4,0.02,0.07,0.0,0.0,0.0,1.0,1,32882.0
64,1,0,0,0,0,247,0.0,0.0,0.05,0.06,0.0,255,13,0.05,0.07,0.0,0.0,0.0,1.0,1,104604.0
24,6,167,27740,0,1,1,1.0,0.02,1.0,0.0,0.1,255,255,1.0,0.0,0.0,0.0,0.0,0.0,0,38850.0
24,9,256,9529,0,1,7,0.0,0.0,1.0,0.0,0.0,255,255,1.0,0.0,0.0,0.0,0.0,0.0,0,36704.0
47,5,0,0,0,0,73,1.0,1.0,0.25,0.07,0.0,255,18,0.07,0.07,0.0,1.0,1.0,0.0,1,7805.0
24,9,350,4137,0,1,13,0.0,0.0,1.0,0.0,0.0,255,255,1.0,0.0,0.0,0.0,0.0,0.0,0,44534.0
24,9,327,5280,0,1,12,0.0,0.0,1.0,0.0,0.0,255,255,1.0,0.0,0.0,0.0,0.0,0.0,0,31450.0
17,5,0,0,0,0,119,1.0,1.0,0.19,0.05,0.0,255,23,0.09,0.05,0.0,1.0,1.0,0.0,1,125391.0
20,9,1153,0,0,1,2,0.0,0.0,1.0,0.0,0.0,255,106,0.42,0.03,0.0,0.01,0.01,0.0,0,86493.0
12,9,46,46,0,0,108,0.0,0.0,1.0,0.0,0.0,255,201,0.79,0.01,0.0,0.0,0.0,0.0,0,34812.0
24,9,301,184,0,1,6,0.0,0.0,1.0,0.0,0.18,166,255,1.0,0.0,0.01,0.0,0.0,0.0,0,51126.0
24,4,36256,8314,0,1,1,0.0,0.0,1.0,0.0,0.0,255,255,1.0,0.0,0.0,0.01,0.01,0.04,1,87211.0
20,9,15876,0,0,0,16,0.0,0.0,1.0,0.0,0.0,255,54,0.21,0.02,0.0,0.0,0.0,0.0,0,35733.0
26,5,0,0,0,0,132,1.0,1.0,0.11,0.07,0.0,255,3,0.01,0.07,0.0,1.0,1.0,0.0,1,113950.0
52,9,2067,328,0,1,1,0.0,0.0,1.0,0.0,0.0,255,188,0.74,0.02,0.0,0.0,0.0,0.0,0,19860.0
24,1,0,0,0,0,1,0.0,0.0,1.0,0.0,0.0,38,120,1.0,0.0,0.22,0.0,0.0,1.0,0,86864.0
24,9,253,327,0,1,15,0.0,0.0,1.0,0.0,0.17,33,255,1.0,0.0,0.02,0.0,0.0,0.0,0,54551.0
29,1,0,0,0,0,134,0.0,0.0,0.13,0.06,0.0,255,17,0.07,0.06,0.0,0.0,0.0,1.0,1,62079.0
20,9,59,0,0,1,12,0.0,0.0,1.0,0.0,0.0,255,59,0.23,0.05,0.0,0.35,0.0,0.0,0,119336.0
16,5,0,0,0,0,126,1.0,1.0,0.16,0.06,0.0,255,20,0.08,0.06,0.0,1.0,1.0,0.0,1,119178.0
24,9,152,1216,0,1,1,0.0,0.0,1.0,0.0,0.0,26,255,1.0,0.0,0.05,0.0,0.0,0.0,0,75456.0
24,9,232,494,0,1,1,0.0,0.0,1.0,0.0,0.25,13,255,1.0,0.0,0.03,0.0,0.0,0.0,0,29649.0
15,9,1032,0,0,0,511,0.0,0.0,1.0,0.0,0.0,255,60,0.24,0.04,0.0,0.18,0.0,0.0,1,120212.0
47,1,0,0,0,0,152,0.0,0.0,0.05,0.07,0.0,255,8,0.03,0.07,0.0,0.0,0.0,1.0,1,59254.0
7,5,0,0,0,0,117,1.0,1.0,0.16,0.06,0.0,255,15,0.06,0.07,0.0,1.0,1.0,0.0,1,46996.0
47,5,0,0,0,0,182,1.0,1.0,0.03,0.06,0.0,255,7,0.03,0.06,0.0,1.0,1.0,0.0,1,83590.0
15,9,1032,0,0,0,91,0.0,0.0,1.0,0.0,0.0,255,91,0.36,0.02,0.0,0.0,0.0,0.0,1,90682.0
52,9,1452,337,0,1,1,0.0,0.0,1.0,0.0,1.0,141,129,0.46,0.03,0.02,0.0,0.0,0.0,0,8761.0
24,1,0,0,0,0,1,0.0,0.0,1.0,0.0,0.0,28,12,0.43,0.18,0.0,0.04,0.0,1.0,0,113129.0
17,5,0,0,0,0,126,1.0,1.0,0.11,0.06,0.0,255,7,0.03,0.06,0.0,1.0,1.0,0.0,1,81832.0
47,5,0,0,0,0,261,1.0,1.0,0.03,0.05,0.0,255,8,0.03,0.06,0.0,1.0,1.0,0.0,1,63643.0
24,9,166,10263,0,1,9,0.0,0.0,1.0,0.0,0.0,75,255,1.0,0.0,0.03,0.0,0.0,0.0,0,113804.0
12,9,44,146,0,0,106,0.0,0.0,1.0,0.0,0.02,255,253,0.99,0.01,0.0,0.0,0.0,0.0,0,44322.0
24,9,298,12884,0,1,3,0.0,0.0,1.0,0.0,0.0,146,146,1.0,0.0,0.0,0.0,0.0,0.0,0,9754.0
24,9,227,369,0,1,16,0.0,0.0,1.0,0.0,0.11,255,255,1.0,0.0,0.0,0.0,0.0,0.0,0,20494.0
24,9,265,278,0,1,5,0.0,0.0,1.0,0.0,0.43,255,239,0.94,0.02,0.0,0.0,0.0,0.0,0,75654.0
24,9,149,1548,0,1,2,0.0,0.0,1.0,0.0,0.5,2,255,1.0,0.0,0.04,0.0,0.0,0.0,0,98814.0
52,9,2653,328,0,1,1,0.0,0.0,1.0,0.0,0.0,198,245,0.97,0.01,0.01,0.0,0.0,0.0,0,80410.0
45,5,0,0,0,0,287,1.0,1.0,0.01,0.05,0.0,255,4,0.02,0.05,0.0,1.0,1.0,0.0,1,88906.0
58,9,406,501872,0,1,1,0.0,0.0,1.0,0.0,0.0,211,15,0.07,0.02,0.0,0.0,0.0,0.0,0,27323.0
6,5,0,0,0,0,112,1.0,1.0,0.17,0.04,0.0,255,19,0.07,0.04,0.0,1.0,1.0,0.0,1,6085.0
27,5,0,0,0,0,241,1.0,1.0,0.01,0.07,0.0,255,2,0.01,0.07,0.0,1.0,1.0,0.0,1,52162.0
24,9,311,3222,0,1,6,0.0,0.0,1.0,0.0,0.14,255,221,0.87,0.01,0.0,0.0,0.0,0.0,0,73590.0
52,9,590,336,0,1,1,0.0,0.0,1.0,0.0,0.0,92,147,0.63,0.08,0.01,0.0,0.0,0.0,0,120151.0
28,5,0,0,0,0,135,1.0,1.0,0.13,0.06,0.0,255,18,0.07,0.07,0.0,1.0,1.0,0.0,1,56062.0
47,9,1,0,0,0,24,0.0,0.0,0.88,0.08,0.0,255,34,0.13,0.67,0.0,0.05,0.0,0.0,1,19209.0
26,5,0,0,0,0,274,1.0,1.0,0.04,0.05,0.0,255,11,0.04,0.08,0.0,1.0,1.0,0.0,1,108686.0
24,9,275,4354,0,1,1,0.0,0.0,1.0,0.0,1.0,62,147,1.0,0.0,0.02,0.0,0.0,0.0,0,115058.0
47,1,0,0,0,0,223,0.04,0.0,0.0,1.0,0.0,255,1,0.0,0.9,0.0,0.04,0.0,1.0,1,13443.0
20,9,14,0,0,1,2,0.0,0.0,1.0,0.0,0.0,46,37,0.17,0.13,0.05,0.0,0.0,0.0,0,52108.0
20,9,175337,0,0,1,2,0.0,0.0,1.0,0.0,0.0,233,64,0.27,0.03,0.0,0.0,0.0,0.0,0,53382.0
47,5,0,0,0,0,112,1.0,1.0,0.11,0.06,0.0,255,2,0.01,0.08,0.0,1.0,1.0,0.0,1,106919.0
24,5,0,0,0,0,27,1.0,1.0,0.37,0.15,0.0,255,65,0.25,0.02,0.0,1.0,1.0,0.0,1,106676.0
47,1,0,0,0,0,1,0.0,0.0,1.0,0.0,0.0,37,2,0.03,1.0,1.0,0.0,0.0,1.0,1,23300.0
2,4,0,0,0,0,1,0.0,0.0,1.0,0.0,0.0,255,1,0.0,1.0,0.0,0.0,0.0,1.0,1,59524.0
52,9,658,335,0,1,1,0.0,0.0,1.0,0.0,1.0,241,107,0.39,0.02,0.02,0.0,0.0,0.0,0,98995.0
24,9,301,774,0,1,26,0.0,0.0,1.0,0.0,0.07,255,255,1.0,0.0,0.0,0.0,0.0,0.0,0,33006.0
60,5,0,0,0,0,117,1.0,1.0,0.1,0.06,0.0,255,12,0.05,0.08,0.0,1.0,1.0,0.0,1,105766.0
63,2,0,0,0,0,117,0.0,0.0,0.11,0.07,0.0,255,13,0.05,0.06,0.0,0.0,0.0,1.0,1,54568.0
24,9,314,1462,0,1,2,0.5,0.2,1.0,0.0,0.4,238,255,1.0,0.0,0.01,0.0,0.0,0.0,0,65277.0
15,9,1032,0,0,0,234,0.0,0.0,1.0,0.0,0.0,255,234,0.92,0.01,0.0,0.0,0.0,0.0,1,12426.0
52,9,2264,339,0,1,1,0.0,0.0,1.0,0.0,1.0,76,131,0.61,0.04,0.02,0.0,0.0,0.0,0,61905.0
4,5,0,0,0,0,212,1.0,1.0,0.03,0.06,0.0,255,6,0.02,0.06,0.0,1.0,1.0,0.0,1,45278.0
24,9,259,7723,0,1,4,0.0,0.0,1.0,0.0,0.0,4,255,1.0,0.0,0.04,0.0,0.0,0.0,0,123763.0
25,5,0,0,0,0,137,1.0,1.0,0.14,0.05,0.0,255,2,0.01,0.07,0.0,1.0,1.0,0.0,1,118718.0
24,9,347,8861,0,1,1,0.0,0.0,1.0,0.0,0.1,24,255,1.0,0.0,0.04,0.0,0.0,0.0,0,124660.0
52,9,1254,404,0,1,1,0.0,0.0,1.0,0.0,0.0,16,245,0.94,0.12,0.02,0.0,0.0,0.0,0,91933.0
65,1,0,0,0,0,147,0.0,0.0,0.02,0.07,0.0,255,3,0.01,0.07,0.0,0.0,0.0,1.0,1,23180.0
63,2,0,0,0,0,86,0.0,0.0,0.17,0.07,0.0,255,15,0.06,0.06,0.0,0.0,0.0,1.0,1,20294.0
28,5,0,0,0,0,138,1.0,1.0,0.14,0.07,0.0,255,20,0.08,0.06,0.0,1.0,1.0,0.0,1,122772.0
12,9,46,46,0,0,15,0.0,0.0,1.0,0.0,0.14,255,255,1.0,0.0,0.0,0.0,0.0,0.0,0,10873.0
21,5,0,0,0,0,207,1.0,1.0,0.02,0.06,0.0,255,4,0.02,0.06,0.0,1.0,1.0,0.0,1,23403.0
24,9,185,2148,0,1,1,0.0,0.0,1.0,0.0,0.0,78,255,1.0,0.0,0.01,0.0,0.0,0.0,0,29162.0
39,5,0,0,0,0,127,1.0,1.0,0.07,0.06,0.0,255,6,0.02,0.08,0.0,1.0,1.0,0.0,1,16401.0
24,9,220,16684,0,1,4,0.0,0.0,1.0,0.0,0.0,255,255,1.0,0.0,0.0,0.0,0.0,0.0,0,31088.0
4,9,9,38,0,1,2,0.0,0.0,0.5,1.0,0.0,241,9,0.04,0.02,0.0,0.0,0.0,0.0,0,56113.0
24,9,309,1248,0,1,5,0.0,0.0,1.0,0.0,0.0,21,255,1.0,0.0,0.08,0.0,0.0,0.0,0,115126.0
24,9,200,1054,0,1,10,0.0,0.0,1.0,0.0,0.18,117,255,1.0,0.0,0.02,0.0,0.0,0.0,0,41058.0
19,2,0,0,0,0,259,0.0,0.0,0.01,0.07,0.0,255,3,0.01,0.07,0.0,0.0,0.0,1.0,1,77863.0
47,5,0,0,0,0,146,1.0,1.0,0.07,0.06,0.0,255,10,0.04,0.06,0.0,1.0,1.0,0.0,1,106015.0
20,9,383,0,0,1,2,0.0,0.0,1.0,0.0,0.0,255,105,0.41,0.03,0.0,0.0,0.0,0.0,0,11102.0
47,5,0,0,0,0,141,1.0,1.0,0.03,0.06,0.0,255,13,0.05,0.06,0.0,1.0,1.0,0.0,1,79852.0
24,9,335,1849,0,1,6,0.0,0.0,1.0,0.0,0.0,255,255,1.0,0.0,0.0,0.0,0.0,0.0,0,6836.0
47,1,0,0,0,0,1,0.0,0.0,1.0,0.0,0.0,50,1,0.02,1.0,0.0,0.0,0.0,1.0,1,60624.0
10,5,0,0,0,0,233,1.0,1.0,0.1,0.05,0.0,255,23,0.09,0.05,0.0,1.0,1.0,0.0,1,37974.0
24,9,324,1540,0,1,35,0.0,0.0,1.0,0.0,0.1,255,255,1.0,0.0,0.0,0.0,0.0,0.0,0,52030.0
12,9,42,42,0,0,8,0.0,0.0,1.0,0.0,0.17,255,187,0.73,0.01,0.0,0.0,0.0,0.0,0,8630.0
63,5,0,0,0,0,139,1.0,1.0,0.06,0.06,0.0,255,2,0.01,0.07,0.0,1.0,1.0,0.0,1,10559.0
24,5,0,0,0,0,29,1.0,1.0,0.21,0.14,0.0,255,22,0.09,0.05,0.0,1.0,1.0,0.0,1,24442.0
24,9,296,1790,0,1,8,0.0,0.0,1.0,0.0,0.0,255,255,1.0,0.0,0.0,0.0,0.0,0.0,0,97426.0
45,9,35,130,0,1,1,0.0,0.0,1.0,0.0,0.0,55,7,0.04,0.13,0.43,0.0,0.0,0.0,0,117022.0
24,9,206,1648,0,1,1,0.0,0.0,1.0,0.0,0.0,1,255,1.0,0.0,0.05,0.0,0.0,0.0,0,73992.0
24,1,0,0,0,0,1,0.0,0.0,1.0,0.0,0.0,18,247,1.0,0.0,0.13,0.0,0.0,0.68,0,93305.0
13,5,0,0,0,0,201,1.0,1.0,0.05,0.06,0.0,255,12,0.05,0.07,0.0,1.0,1.0,0.0,1,106387.0
66,1,0,0,0,0,245,0.0,0.0,0.05,0.07,0.0,255,13,0.05,0.08,0.0,0.0,0.0,1.0,1,38654.0
42,9,146,0,0,0,5,0.2,0.0,0.2,0.6,0.0,255,1,0.0,0.56,0.0,0.0,0.0,0.0,0,26699.0
12,9,34,0,0,0,1,0.0,0.0,1.0,0.0,1.0,219,14,0.05,0.03,0.14,0.0,0.0,0.0,0,55267.0
47,5,0,0,0,0,67,1.0,1.0,0.04,0.07,0.0,255,20,0.08,0.05,0.0,1.0,1.0,0.0,1,72003.0
16,5,0,0,0,0,130,1.0,1.0,0.03,0.07,0.0,255,4,0.02,0.07,0.0,1.0,1.0,0.0,1,6970.0
24,9,281,11580,0,1,24,0.0,0.0,1.0,0.0,0.06,255,255,1.0,0.0,0.0,0.0,0.0,0.0,0,68157.0
47,1,0,0,0,0,509,0.08,0.0,0.0,0.95,0.0,255,1,0.0,0.91,0.0,0.08,0.0,1.0,1,13823.0
24,9,286,21077,0,1,1,0.0,0.0,1.0,0.0,0.0,3,255,1.0,0.0,0.02,0.33,0.0,0.0,0,104431.0
24,1,0,0,0,0,1,0.0,0.0,1.0,0.0,0.0,18,153,1.0,0.0,0.19,0.0,0.0,1.0,0,98551.0
24,9,225,293,0,1,24,0.0,0.0,1.0,0.0,0.0,231,255,1.0,0.0,0.01,0.0,0.0,0.0,0,54856.0
42,9,516,4,0,0,449,0.0,0.0,1.0,0.0,0.0,255,255,1.0,0.0,0.0,0.0,0.0,0.0,0,118658.0
24,5,0,0,0,0,43,1.0,1.0,0.35,0.09,0.0,255,66,0.26,0.02,0.0,1.0,1.0,0.0,1,72397.0
23,5,0,0,0,0,248,1.0,1.0,0.04,0.05,0.0,255,11,0.04,0.05,0.0,1.0,1.0,0.0,1,1070.0
20,5,0,0,0,0,25,1.0,1.0,0.28,0.16,0.0,255,21,0.08,0.06,0.0,1.0,1.0,0.0,1,88613.0
12,9,45,73,0,0,199,0.0,0.0,1.0,0.0,0.0,255,236,0.93,0.01,0.0,0.0,0.0,0.0,0,77346.0
47,5,0,0,0,0,31,1.0,1.0,0.26,0.13,0.0,255,8,0.03,0.08,0.0,1.0,1.0,0.0,1,62452.0
47,4,1,0,0,0,2,0.0,0.0,1.0,0.0,0.0,255,2,0.01,0.71,0.0,0.0,0.0,1.0,1,34553.0
24,9,159,5233,0,1,4,0.0,0.0,1.0,0.0,0.0,4,255,1.0,0.0,0.03,0.0,0.0,0.0,0,53551.0
47,1,0,0,0,0,243,0.0,0.0,0.03,0.07,0.0,255,8,0.03,0.08,0.0,0.0,0.0,1.0,1,13611.0
13,5,0,0,0,0,272,1.0,1.0,0.03,0.06,0.0,255,7,0.03,0.08,0.0,1.0,1.0,0.0,1,98534.0
24,9,156,1809,0,1,1,0.0,0.0,1.0,0.0,0.0,18,255,1.0,0.0,0.02,0.0,0.0,0.0,0,125277.0
47,9,1,0,0,0,46,0.0,0.0,0.28,0.09,0.0,255,13,0.05,0.18,0.0,0.0,0.0,0.0,1,91918.0
24,9,228,1820,0,1,11,0.0,0.0,1.0,0.0,0.0,45,140,1.0,0.0,0.04,0.0,0.0,0.0,0,107797.0
24,9,163,9221,0,1,15,0.0,0.0,1.0,0.0,0.12,15,255,1.0,0.0,0.05,0.0,0.0,0.0,0,47180.0
24,9,213,25519,0,1,1,0.0,0.0,1.0,0.0,0.0,119,255,1.0,0.0,0.04,0.0,0.0,0.0,0,3853.0
24,9,238,3222,0,1,4,0.0,0.0,1.0,0.0,0.4,255,245,0.96,0.02,0.0,0.0,0.0,0.0,0,88239.0
24,9,246,11926,0,1,1,0.0,0.0,1.0,0.0,0.15,8,255,1.0,0.0,0.04,0.0,0.0,0.0,0,101746.0
24,9,214,7407,0,1,1,0.0,0.0,1.0,0.0,0.67,1,255,1.0,0.0,0.01,0.0,0.0,0.0,0,51545.0
23,5,0,0,0,0,234,1.0,1.0,0.05,0.07,0.0,255,11,0.04,0.07,0.0,1.0,1.0,0.0,1,86825.0
57,5,0,0,0,0,232,1.0,1.0,0.07,0.06,0.0,255,16,0.06,0.07,0.0,1.0,1.0,0.0,1,83104.0
15,9,1032,0,0,0,368,0.0,0.0,1.0,0.0,0.0,255,255,1.0,0.0,0.0,0.0,0.0,0.0,1,63588.0
25,1,0,0,0,0,110,0.0,0.0,0.09,0.06,0.0,255,10,0.04,0.05,0.0,0.0,0.0,1.0,1,34073.0
24,9,220,1643,0,1,12,0.0,0.04,1.0,0.0,0.08,25,255,1.0,0.0,0.04,0.0,0.01,0.0,0,413.0
24,9,291,983,0,1,9,0.22,0.2,1.0,0.0,0.2,255,255,1.0,0.0,0.0,0.01,0.01,0.0,0,109892.0
24,1,0,0,0,0,262,0.0,0.0,0.03,0.06,0.0,255,8,0.03,0.07,0.0,0.0,0.0,1.0,1,74222.0
47,1,0,0,0,0,249,0.0,0.0,0.04,0.07,0.0,255,10,0.04,0.09,0.0,0.0,0.0,1.0,1,116780.0
24,9,226,5019,0,1,22,0.0,0.0,1.0,0.0,0.1,255,255,1.0,0.0,0.0,0.0,0.0,0.0,0,21541.0
12,9,43,131,0,0,320,0.0,0.0,1.0,0.0,0.0,255,254,1.0,0.01,0.0,0.0,0.0,0.0,0,79540.0
52,2,0,0,0,0,20,0.0,0.0,0.05,0.6,0.0,255,36,0.14,0.05,0.0,0.0,0.0,0.03,1,89363.0
24,9,215,934,0,1,12,0.0,0.0,1.0,0.0,0.15,110,255,1.0,0.0,0.01,0.0,0.0,0.0,0,32890.0
2,5,0,0,0,0,215,1.0,1.0,0.02,0.06,0.0,255,5,0.02,0.07,0.0,1.0,1.0,0.0,1,6953.0
24,9,203,178,0,1,10,0.0,0.0,1.0,0.0,0.33,255,255,1.0,0.0,0.0,0.0,0.0,0.0,0,25979.0
47,5,0,0,0,0,213,1.0,1.0,0.05,0.06,0.0,255,7,0.03,0.07,0.0,1.0,1.0,0.0,1,95214.0
47,5,0,0,0,0,79,1.0,1.0,0.2,0.06,0.0,255,15,0.06,0.06,0.0,1.0,1.0,0.0,1,83249.0
47,5,0,0,0,0,203,1.0,1.0,0.07,0.06,0.0,255,18,0.07,0.06,0.0,1.0,1.0,0.0,1,64769.0
14,9,8,0,0,0,1,0.0,0.0,1.0,0.0,1.0,1,86,1.0,0.0,0.51,0.0,0.0,0.0,1,71867.0
47,5,0,0,0,0,118,1.0,1.0,0.12,0.06,0.0,255,5,0.02,0.06,0.0,1.0,1.0,0.0,1,82973.0
24,9,54540,8314,0,1,3,0.0,0.0,1.0,0.0,0.6,255,255,1.0,0.0,0.0,0.01,0.01,0.04,1,9828.0
47,4,1,0,0,0,2,0.0,0.0,1.0,0.0,0.0,122,2,0.02,0.03,0.0,0.0,0.0,1.0,1,58651.0
52,9,1454,333,0,1,1,0.0,0.0,1.0,0.0,0.0,205,198,0.73,0.02,0.01,0.0,0.0,0.0,0,68055.0
15,9,1032,0,0,0,511,0.0,0.0,1.0,0.0,0.0,255,94,0.37,0.1,0.0,0.0,0.0,0.0,1,57922.0
24,9,221,342,0,1,9,0.0,0.0,1.0,0.0,0.0,255,255,1.0,0.0,0.0,0.0,0.0,0.0,0,85384.0
13,2,0,0,0,0,255,0.0,0.0,0.01,0.07,0.0,255,3,0.01,0.09,0.0,0.0,0.0,1.0,1,73989.0
47,5,0,0,0,0,228,1.0,1.0,0.11,0.05,0.0,255,24,0.09,0.06,0.0,1.0,1.0,0.0,1,114058.0
47,5,0,0,0,0,202,1.0,1.0,0.01,0.06,0.0,255,4,0.02,0.09,0.0,1.0,1.0,0.0,1,28335.0
52,9,1701,328,0,1,1,0.0,0.0,1.0,0.0,1.0,255,122,0.48,0.02,0.0,0.0,0.01,0.0,0,22865.0
42,9,1,0,0,0,55,0.0,0.0,0.02,0.13,0.0,255,1,0.0,0.09,0.0,0.0,0.0,0.0,1,47479.0
12,9,45,77,0,0,141,0.0,0.0,1.0,0.0,0.0,255,255,1.0,0.0,0.0,0.0,0.0,0.0,0,93447.0
24,1,0,0,0,0,1,0.0,0.0,1.0,0.0,1.0,78,255,1.0,0.0,0.05,0.0,0.01,0.06,0,47030.0
24,9,206,1691,0,1,4,0.0,0.04,1.0,0.0,0.18,255,255,1.0,0.0,0.0,0.0,0.0,0.0,0,28471.0
14,9,8,0,0,0,1,0.0,0.0,1.0,0.0,1.0,1,247,1.0,0.0,0.5,0.0,0.0,0.0,1,41851.0
47,9,28,0,3,0,16,0.0,0.0,1.0,0.0,0.0,255,83,0.33,0.01,0.0,0.0,0.0,0.0,1,97322.0
56,5,0,0,0,0,219,1.0,1.0,0.03,0.07,0.0,255,7,0.03,0.08,0.0,1.0,1.0,0.0,1,15587.0
52,9,128,244,0,1,1,0.0,0.0,1.0,0.0,0.0,105,60,0.1,0.68,0.03,0.0,0.0,0.0,0,118639.0
5,5,0,0,0,0,206,1.0,1.0,0.06,0.07,0.0,255,9,0.04,0.07,0.0,1.0,1.0,0.0,1,30775.0
60,5,0,0,0,0,204,1.0,1.0,0.01,0.07,0.0,255,7,0.03,0.07,0.0,1.0,1.0,0.0,1,26836.0
20,9,3909,0,0,1,6,0.0,0.0,1.0,0.0,0.0,95,79,0.38,0.04,0.03,0.0,0.0,0.0,0,115994.0
63,5,0,0,0,0,125,1.0,1.0,0.1,0.05,0.0,255,12,0.05,0.04,0.0,1.0,1.0,0.0,1,80163.0
42,9,147,105,0,0,5,0.0,0.0,0.2,0.6,0.0,116,1,0.01,0.54,0.0,0.0,0.0,0.0,0,29262.0
24,6,218,14600,0,1,1,1.0,1.0,1.0,0.0,0.0,255,255,1.0,0.0,0.0,0.01,0.01,0.0,0,39267.0
24,9,319,1638,0,1,26,0.0,0.0,1.0,0.0,0.07,255,255,1.0,0.0,0.0,0.0,0.0,0.0,0,76256.0
36,5,0,0,0,0,201,1.0,1.0,0.0,0.06,0.0,255,14,0.05,0.06,0.0,1.0,1.0,0.0,1,62739.0
15,9,1480,0,1,0,15,0.0,0.0,1.0,0.0,0.0,255,16,0.06,0.08,0.0,0.55,0.0,0.0,1,101637.0
52,9,1312,325,0,1,1,0.0,0.0,1.0,0.0,1.0,135,134,0.7,0.04,0.01,0.0,0.0,0.0,0,40245.0
24,9,371,392,0,1,2,0.0,0.0,1.0,0.0,0.0,255,255,1.0,0.0,0.0,0.0,0.0,0.0,0,16720.0
58,2,5281,14895,0,1,1,0.0,0.0,1.0,0.0,0.0,74,20,0.27,0.08,0.0,0.01,0.05,0.35,0,4535.0
24,9,273,498,0,1,3,0.0,0.0,1.0,0.0,0.18,64,162,1.0,0.0,0.01,0.0,0.0,0.0,0,71579.0
47,5,0,0,0,0,175,1.0,1.0,0.01,0.06,0.0,255,16,0.06,0.08,0.0,1.0,1.0,0.0,1,93162.0
24,9,225,762,0,1,1,0.0,0.0,1.0,0.0,0.29,107,255,1.0,0.0,0.02,0.0,0.0,0.0,0,41068.0
42,9,147,105,0,0,1,0.0,0.0,1.0,0.0,0.0,255,3,0.01,0.55,0.0,0.0,0.0,0.0,0,92376.0
14,9,8,0,0,0,1,0.0,0.0,1.0,0.0,1.0,2,61,1.0,0.0,0.26,0.0,0.0,0.0,1,61819.0
12,9,45,45,0,0,134,0.0,0.0,1.0,0.0,0.02,255,226,0.89,0.01,0.0,0.0,0.0,0.0,0,47443.0
34,5,0,0,0,0,21,1.0,1.0,0.1,0.24,0.0,255,2,0.01,0.09,0.0,1.0,1.0,0.0,1,99372.0
14,9,8,0,0,0,1,0.0,0.0,1.0,0.0,0.0,2,244,1.0,0.0,0.5,0.0,0.0,0.0,1,17350.0
52,9,962,337,0,1,1,0.0,0.0,1.0,0.0,0.0,215,144,0.58,0.03,0.01,0.0,0.0,0.0,0,117061.0
47,1,0,0,0,0,209,0.0,0.0,0.08,0.07,0.0,255,16,0.06,0.09,0.0,0.0,0.0,1.0,1,63210.0
15,9,1032,0,0,0,32,0.0,0.0,1.0,0.0,0.0,255,182,0.71,0.02,0.0,0.0,0.0,0.0,1,95192.0
47,5,0,0,0,0,200,1.0,1.0,0.09,0.06,0.0,255,3,0.01,0.07,0.0,1.0,1.0,0.0,1,91462.0
41,9,48,48,0,0,5,0.0,0.0,0.2,0.4,0.0,255,144,0.56,0.01,0.0,0.0,0.0,0.0,0,24224.0
19,9,332,1072,0,1,1,0.0,0.0,1.0,0.0,0.0,234,44,0.19,0.02,0.0,0.0,0.0,0.0,0,44802.0
24,9,343,429,0,1,35,0.0,0.0,1.0,0.0,0.1,132,255,1.0,0.0,0.02,0.0,0.0,0.0,0,107357.0
23,5,0,0,0,0,285,1.0,1.0,0.01,0.05,0.0,255,4,0.02,0.05,0.0,1.0,1.0,0.0,1,118204.0
20,9,383,0,0,1,2,0.0,0.0,1.0,0.0,0.0,37,95,0.89,0.08,0.02,0.0,0.0,0.0,0,39108.0
24,9,204,2808,0,1,6,0.0,0.0,1.0,0.0,0.0,255,255,1.0,0.0,0.0,0.0,0.0,0.0,0,69475.0
14,9,30,0,0,0,2,0.0,0.0,0.5,1.0,0.0,255,3,0.01,0.01,0.0,0.0,0.0,0.0,0,15016.0
24,9,213,2669,0,1,17,0.0,0.0,1.0,0.0,0.11,154,255,1.0,0.0,0.02,0.0,0.0,0.0,0,13577.0
47,5,0,0,0,0,131,1.0,1.0,0.05,0.06,0.0,255,7,0.03,0.06,0.0,1.0,1.0,0.0,1,2041.0
12,9,45,72,0,0,130,0.0,0.0,1.0,0.0,0.02,255,225,0.88,0.01,0.0,0.0,0.0,0.0,0,103119.0
14,9,30,0,0,0,2,0.0,0.0,0.5,1.0,0.0,255,5,0.02,0.01,0.0,0.0,0.0,0.0,0,121298.0
24,9,199,292,0,1,12,0.0,0.0,1.0,0.0,0.0,255,255,1.0,0.0,0.0,0.0,0.0,0.0,0,103350.0
20,9,12165,0,0,1,2,0.0,0.0,1.0,0.0,0.0,8,95,1.0,0.0,0.02,0.0,0.01,0.0,0,82558.0
47,5,0,0,0,0,16,1.0,1.0,0.5,0.12,0.0,255,8,0.03,0.09,0.0,1.0,1.0,0.0,1,72164.0
24,9,200,626,0,1,2,0.0,0.0,1.0,0.0,0.0,255,255,1.0,0.0,0.0,0.0,0.0,0.0,0,32116.0
28,5,0,0,0,0,99,1.0,1.0,0.17,0.05,0.0,255,17,0.07,0.05,0.0,1.0,1.0,0.0,1,22951.0
24,9,386,3173,0,1,12,0.0,0.0,1.0,0.0,0.0,255,255,1.0,0.0,0.0,0.0,0.0,0.0,0,86057.0
14,9,8,0,0,0,1,0.0,0.0,1.0,0.0,1.0,2,30,1.0,0.0,0.5,0.0,0.0,0.0,1,2901.0
24,2,242,16819,0,1,7,0.0,0.0,1.0,0.0,0.0,128,255,1.0,0.0,0.01,0.0,0.0,0.02,0,1109.0
47,5,0,0,0,0,132,1.0,1.0,0.05,0.06,0.0,255,5,0.02,0.07,0.0,1.0,1.0,0.0,1,44070.0
31,5,0,0,0,0,186,1.0,1.0,0.01,0.06,0.0,255,1,0.0,0.06,0.0,1.0,1.0,0.0,1,53951.0
47,9,1,0,0,0,27,0.0,0.0,0.04,0.3,0.0,255,1,0.0,0.47,0.0,0.03,0.0,0.0,1,89936.0
24,9,335,6594,0,1,2,0.0,0.0,1.0,0.0,0.0,12,255,1.0,0.0,0.07,0.0,0.0,0.0,0,49444.0
20,9,26,0,0,1,1,0.0,0.0,1.0,0.0,0.0,12,8,0.42,0.25,0.25,0.0,0.0,0.0,0,17845.0
24,9,303,241,0,1,3,0.0,0.0,1.0,0.0,0.13,76,255,1.0,0.0,0.03,0.0,0.0,0.0,0,64366.0
24,9,306,5492,0,1,51,0.0,0.0,1.0,0.0,0.0,255,255,1.0,0.0,0.0,0.0,0.0,0.0,0,81342.0
20,9,60584,0,0,0,2,0.0,0.0,0.5,1.0,1.0,198,36,0.11,0.03,0.06,0.0,0.0,0.0,0,9774.0
25,5,0,0,0,0,135,1.0,1.0,0.12,0.05,0.0,255,2,0.01,0.06,0.0,1.0,1.0,0.0,1,102573.0
14,9,8,0,0,0,1,0.0,0.0,1.0,0.0,1.0,1,39,1.0,0.0,0.51,0.0,0.0,0.0,1,3530.0
42,1,0,0,0,0,511,0.07,0.0,0.0,1.0,0.0,255,1,0.0,1.0,0.0,0.02,0.0,1.0,1,94762.0
19,9,326,1054,0,1,1,0.0,0.0,1.0,0.0,0.0,1,1,1.0,0.0,0.0,0.0,0.0,0.0,0,81143.0
45,2,0,0,0,0,222,0.0,0.0,0.05,0.06,0.0,255,11,0.04,0.07,0.0,0.0,0.0,1.0,1,14615.0
19,9,58,189,0,0,1,0.0,0.0,1.0,0.0,0.0,21,5,0.24,0.14,0.0,0.0,0.0,0.0,0,67154.0
47,9,1,0,0,0,12,0.0,0.0,0.08,0.75,0.0,255,1,0.0,0.32,0.0,0.0,0.0,0.0,1,17533.0
47,1,0,0,0,0,137,0.0,0.0,0.05,0.07,0.0,62,7,0.11,0.1,0.0,0.0,0.0,1.0,1,112532.0
47,1,0,0,0,0,442,0.0,0.0,0.0,0.52,0.0,255,1,0.0,0.51,0.0,0.0,0.0,1.0,1,18490.0
24,9,151,2220,0,1,2,0.0,0.0,1.0,0.0,0.67,2,255,1.0,0.0,0.05,0.0,0.0,0.0,0,69804.0
24,9,244,770,0,1,12,0.0,0.0,1.0,0.0,0.0,255,255,1.0,0.0,0.0,0.0,0.0,0.0,0,20292.0
24,9,289,7384,0,1,29,0.0,0.0,1.0,0.0,0.0,255,255,1.0,0.0,0.0,0.0,0.0,0.0,0,75995.0
24,1,0,0,0,0,2,0.0,0.0,1.0,0.0,0.67,19,255,1.0,0.0,0.11,0.0,0.0,0.83,0,66140.0
24,9,227,1317,0,1,18,0.0,0.0,1.0,0.0,0.08,64,255,1.0,0.0,0.02,0.0,0.0,0.0,0,1513.0
2,1,0,0,0,0,114,0.0,0.0,0.08,0.06,0.0,255,9,0.04,0.06,0.0,0.0,0.0,1.0,1,106041.0
15,9,1032,0,0,0,188,0.0,0.0,1.0,0.0,0.0,223,129,0.58,0.03,0.0,0.01,0.0,0.0,1,84954.0
4,5,0,0,0,0,11,1.0,1.0,0.36,0.36,0.0,255,4,0.02,0.08,0.0,1.0,1.0,0.0,1,22684.0
35,5,0,0,0,0,264,1.0,1.0,0.01,0.06,0.0,255,19,0.07,0.07,0.0,1.0,1.0,0.0,1,35450.0
24,9,325,2531,0,1,8,0.0,0.0,1.0,0.0,0.0,224,224,1.0,0.0,0.0,0.0,0.0,0.0,0,114955.0
12,9,44,74,0,0,166,0.0,0.0,1.0,0.0,0.0,255,234,0.92,0.01,0.0,0.0,0.0,0.0,0,95657.0
12,9,42,44,0,0,13,0.0,0.0,1.0,0.0,0.0,114,82,0.72,0.02,0.0,0.0,0.0,0.0,0,60812.0
24,9,250,293,0,1,23,0.0,0.0,1.0,0.0,0.12,200,255,1.0,0.0,0.02,0.0,0.0,0.0,0,14055.0
47,5,0,0,0,0,78,1.0,1.0,0.21,0.06,0.0,255,6,0.02,0.08,0.0,1.0,1.0,0.0,1,118620.0
66,5,0,0,0,0,148,1.0,1.0,0.16,0.05,0.0,255,23,0.09,0.05,0.0,1.0,1.0,0.0,1,33775.0
12,9,43,130,0,0,74,0.0,0.0,1.0,0.0,0.01,255,254,1.0,0.01,0.0,0.0,0.0,0.0,0,17852.0
6,5,0,0,0,0,109,1.0,1.0,0.15,0.05,0.0,255,16,0.06,0.04,0.0,1.0,1.0,0.0,1,25779.0
24,9,253,453,0,1,8,0.0,0.0,1.0,0.0,0.0,255,255,1.0,0.0,0.0,0.01,0.01,0.0,0,5877.0
58,6,184,31209,0,1,1,1.0,1.0,1.0,0.0,0.0,113,1,0.01,0.04,0.0,0.01,1.0,0.0,0,29642.0
47,1,0,0,0,0,133,0.0,0.0,0.14,0.06,0.0,255,7,0.03,0.08,0.0,0.0,0.0,1.0,1,76927.0
12,9,30,30,0,0,1,0.0,0.0,1.0,0.0,1.0,158,147,0.93,0.01,0.0,0.0,0.0,0.0,0,24249.0
24,9,202,1382,0,1,5,0.0,0.0,1.0,0.0,0.12,15,255,1.0,0.0,0.05,0.0,0.0,0.0,0,8500.0
47,5,0,0,0,0,294,1.0,1.0,0.06,0.06,0.0,255,11,0.04,0.07,0.0,1.0,1.0,0.0,1,28313.0
12,9,43,79,0,0,171,0.0,0.0,1.0,0.0,0.0,255,227,0.89,0.01,0.0,0.0,0.0,0.0,0,31359.0
12,9,42,42,0,0,9,0.0,0.0,1.0,0.0,0.2,255,251,0.98,0.01,0.0,0.0,0.0,0.0,0,35075.0
24,9,314,1028,0,1,9,0.0,0.0,1.0,0.0,0.0,198,255,1.0,0.0,0.01,0.0,0.0,0.0,0,110209.0
47,5,0,0,0,0,138,1.0,1.0,0.03,0.06,0.0,255,11,0.04,0.06,0.0,1.0,1.0,0.0,1,111022.0
18,9,5,264,0,0,1,0.0,0.0,1.0,0.0,0.0,149,11,0.05,0.03,0.18,0.0,0.0,0.0,0,33038.0
24,9,223,1314,0,1,4,0.0,0.0,1.0,0.0,0.0,40,255,1.0,0.0,0.03,0.0,0.0,0.0,0,64719.0
24,9,332,2870,0,1,4,0.0,0.0,1.0,0.0,0.29,255,255,1.0,0.0,0.0,0.0,0.0,0.0,0,39494.0
24,9,248,346,0,1,5,0.0,0.0,1.0,0.0,0.0,68,255,1.0,0.0,0.03,0.0,0.0,0.0,0,79155.0
24,9,153,22627,0,1,1,0.0,0.0,1.0,0.0,0.0,255,255,1.0,0.0,0.0,0.0,0.0,0.0,0,50986.0
58,9,438,316498,0,1,1,0.0,0.0,1.0,0.0,0.0,88,12,0.12,0.03,0.17,0.0,0.0,0.0,0,36335.0
24,9,303,2698,0,1,7,0.0,0.0,1.0,0.0,0.0,255,252,0.99,0.01,0.0,0.0,0.0,0.0,0,106276.0
47,1,0,0,0,0,124,0.0,0.0,0.05,0.06,0.0,255,25,0.1,0.05,0.0,0.0,0.0,1.0,1,9165.0
52,9,4027,333,0,1,1,0.0,0.0,1.0,0.0,1.0,204,204,0.76,0.02,0.01,0.01,0.01,0.0,0,124007.0
52,9,832,278,0,1,1,0.0,0.0,1.0,0.0,1.0,139,65,0.47,0.04,0.0,0.0,0.0,0.0,0,83664.0
42,9,6062,0,0,0,14,0.07,0.0,0.07,0.64,0.0,186,1,0.01,0.06,0.0,0.01,0.0,0.0,0,42846.0
24,9,321,3200,0,1,5,0.0,0.0,1.0,0.0,0.15,6,255,1.0,0.0,0.01,0.0,0.0,0.0,0,40335.0
24,9,322,294,0,1,15,0.0,0.0,1.0,0.0,0.0,213,255,1.0,0.0,0.01,0.0,0.0,0.0,0,104139.0
24,9,325,12884,0,1,6,0.0,0.0,1.0,0.0,0.0,183,183,1.0,0.0,0.0,0.0,0.0,0.0,0,7567.0
12,9,46,119,0,0,26,0.0,0.0,1.0,0.0,0.0,255,231,0.91,0.01,0.0,0.0,0.0,0.0,0,93177.0
47,1,0,0,0,0,2,0.0,0.0,0.5,1.0,0.0,233,1,0.0,0.05,0.0,0.0,0.0,1.0,1,43579.0
24,9,305,3222,0,1,2,0.0,0.0,1.0,0.0,0.0,255,248,0.97,0.01,0.0,0.0,0.0,0.0,0,72082.0
47,5,0,0,0,0,242,1.0,1.0,0.0,0.05,0.0,255,1,0.0,0.06,0.0,1.0,1.0,0.0,1,93029.0
15,9,1032,0,0,0,511,0.0,0.0,1.0,0.0,0.0,255,194,0.76,0.02,0.0,0.0,0.0,0.0,1,62996.0
24,9,244,1546,0,1,1,0.0,0.0,1.0,0.0,0.38,1,255,1.0,0.0,0.07,0.0,0.0,0.0,0,120276.0
47,5,0,0,0,0,20,1.0,1.0,1.0,0.0,0.0,255,20,0.08,0.06,0.0,1.0,1.0,0.0,1,118751.0
12,9,45,77,0,0,247,0.0,0.0,1.0,0.0,0.01,255,254,1.0,0.01,0.0,0.0,0.0,0.0,0,17175.0
42,9,516,4,0,0,277,0.0,0.0,1.0,0.0,0.0,255,255,1.0,0.0,0.0,0.0,0.0,0.0,0,114237.0
47,9,105,147,0,0,6,0.0,0.0,0.17,0.33,0.0,255,236,0.93,0.01,0.0,0.0,0.0,0.0,0,44996.0
24,9,217,1748,0,1,23,0.0,0.0,1.0,0.0,0.0,23,255,1.0,0.0,0.05,0.0,0.0,0.0,0,26844.0
47,5,0,0,0,0,216,0.66,1.0,0.01,0.05,0.0,255,7,0.03,0.05,0.0,1.0,1.0,0.0,1,38514.0
47,1,0,0,0,0,94,0.0,0.0,0.04,0.09,0.0,255,4,0.02,0.07,0.0,0.0,0.0,1.0,1,70647.0
64,5,0,0,0,0,117,1.0,1.0,0.11,0.07,0.0,255,13,0.05,0.08,0.0,1.0,1.0,0.0,1,92405.0
12,9,33,89,0,0,1,0.0,0.0,1.0,0.0,1.0,9,6,0.67,0.22,0.0,0.0,0.0,0.0,0,110650.0
24,9,286,267,0,1,7,0.0,0.0,1.0,0.0,0.25,129,255,1.0,0.0,0.04,0.0,0.0,0.0,0,57250.0
24,9,208,3090,0,1,5,0.0,0.0,1.0,0.0,0.43,6,255,1.0,0.0,0.06,0.0,0.0,0.0,0,18623.0
47,3,0,0,0,0,234,0.63,0.5,0.01,0.42,0.0,255,2,0.01,0.39,0.0,0.58,0.5,0.5,1,104586.0
14,9,30,0,0,0,1,0.0,0.0,1.0,0.0,0.0,78,131,1.0,0.0,0.21,0.0,0.0,0.0,0,57151.0
14,9,30,0,0,0,8,0.0,0.0,0.12,0.38,0.0,255,7,0.03,0.01,0.0,0.0,0.0,0.0,0,2018.0
42,9,147,105,0,0,1,0.0,0.0,1.0,0.0,0.0,255,2,0.01,0.53,0.0,0.0,0.0,0.0,0,86039.0
20,9,30,0,0,1,1,0.0,0.0,1.0,0.0,0.0,5,39,1.0,0.0,0.15,0.0,0.03,0.0,1,11054.0
12,9,44,74,0,0,142,0.0,0.0,1.0,0.0,0.0,255,254,1.0,0.01,0.0,0.0,0.0,0.0,0,51133.0
12,9,29,29,0,0,9,0.0,0.0,1.0,0.0,0.21,255,245,0.96,0.01,0.0,0.0,0.0,0.0,0,17863.0
24,9,289,6329,0,1,9,0.0,0.0,1.0,0.0,0.2,193,255,1.0,0.0,0.01,0.0,0.0,0.0,0,101551.0
14,9,20,0,0,0,1,0.0,0.0,1.0,0.0,0.0,143,1,0.01,0.04,0.0,0.01,0.0,0.0,1,113799.0
18,2,0,0,0,0,265,0.0,0.0,0.07,0.06,0.0,255,18,0.07,0.07,0.0,0.0,0.0,1.0,1,96564.0
20,9,305,0,0,1,2,0.0,0.0,1.0,0.0,0.0,255,2,0.01,0.02,0.0,0.0,0.0,0.0,0,25091.0
24,9,254,1817,0,1,16,0.0,0.0,1.0,0.0,0.0,239,255,1.0,0.0,0.01,0.0,0.0,0.0,0,26161.0
35,5,0,0,0,0,189,1.0,1.0,0.01,0.07,0.0,255,2,0.01,0.07,0.0,1.0,1.0,0.0,1,35929.0
24,9,209,940,0,1,5,0.0,0.0,1.0,0.0,0.29,109,255,1.0,0.0,0.02,0.0,0.0,0.0,0,116847.0
66,1,0,0,0,0,219,0.0,0.0,0.04,0.06,0.0,255,8,0.03,0.07,0.0,0.0,0.0,1.0,1,6634.0
15,9,1032,0,0,0,23,0.0,0.0,1.0,0.0,0.0,255,23,0.09,0.02,0.0,0.0,0.0,0.0,1,106844.0
24,9,237,12029,0,1,11,0.0,0.0,1.0,0.0,0.12,28,255,1.0,0.0,0.06,0.0,0.0,0.0,0,119148.0
20,9,12983,0,0,0,2,0.0,0.0,1.0,0.0,0.0,7,3,0.43,0.43,0.0,0.0,0.0,0.0,0,43571.0
20,9,35195,0,0,0,22,0.0,0.0,1.0,0.0,0.0,255,100,0.39,0.02,0.0,0.0,0.0,0.0,0,37573.0
24,5,0,0,0,0,4,1.0,1.0,1.0,0.0,0.0,255,4,0.02,0.07,0.0,1.0,1.0,0.0,1,114200.0
24,9,238,2961,0,1,1,0.0,0.0,1.0,0.0,0.29,28,255,1.0,0.0,0.03,0.0,0.0,0.0,0,39256.0
32,5,0,0,0,0,132,1.0,1.0,0.07,0.07,0.0,255,9,0.04,0.06,0.0,1.0,1.0,0.0,1,75025.0
47,5,0,0,0,0,133,1.0,1.0,0.14,0.05,0.0,255,15,0.06,0.07,0.0,1.0,1.0,0.0,1,74883.0
14,9,8,0,0,0,1,0.0,0.0,1.0,0.0,1.0,1,45,1.0,0.0,0.51,0.0,0.0,0.0,1,56553.0
65,5,0,0,0,0,217,1.0,1.0,0.1,0.05,0.0,255,22,0.09,0.05,0.0,1.0,1.0,0.0,1,68634.0
47,9,1,0,0,0,11,0.0,0.0,1.0,0.0,0.0,255,82,0.32,0.1,0.0,0.0,0.0,0.0,1,20312.0
65,5,0,0,0,0,270,1.0,1.0,0.03,0.05,0.0,255,8,0.03,0.05,0.0,1.0,1.0,0.0,1,40250.0
18,5,0,0,0,0,101,1.0,1.0,0.09,0.05,0.0,255,7,0.03,0.05,0.0,1.0,1.0,0.0,1,37696.0
12,9,45,134,0,0,69,0.0,0.0,1.0,0.0,0.01,255,254,1.0,0.01,0.0,0.0,0.0,0.0,0,71569.0
24,9,329,2321,0,1,8,0.0,0.0,1.0,0.0,0.12,69,255,1.0,0.0,0.04,0.0,0.0,0.0,0,72904.0
11,5,0,0,0,0,215,1.0,1.0,0.07,0.06,0.0,255,16,0.06,0.05,0.0,1.0,1.0,0.0,1,50321.0
52,9,792,332,0,1,1,0.0,0.0,1.0,0.0,1.0,4,4,1.0,0.0,0.0,0.0,0.0,0.0,0,120797.0
47,5,0,0,0,0,187,1.0,1.0,0.11,0.06,0.0,255,10,0.04,0.07,0.0,1.0,1.0,0.0,1,38267.0
15,9,1480,0,1,0,1,0.0,0.0,1.0,0.0,0.67,2,9,0.5,1.0,0.56,0.0,0.0,0.0,1,43262.0
20,9,194,0,0,0,1,0.0,0.0,1.0,0.0,0.0,26,22,0.85,0.12,0.0,0.0,0.0,0.0,0,46028.0
24,7,213,30443,0,1,1,1.0,1.0,1.0,0.0,0.0,87,255,1.0,0.0,0.02,0.01,0.01,0.0,0,88880.0
47,5,0,0,0,0,102,1.0,1.0,0.01,0.08,0.0,255,7,0.03,0.05,0.0,1.0,1.0,0.0,1,102708.0
24,9,334,743,0,1,21,0.0,0.0,1.0,0.0,0.0,45,255,1.0,0.0,0.06,0.0,0.0,0.0,0,7906.0
35,5,0,0,0,0,93,1.0,1.0,0.17,0.06,0.0,255,11,0.04,0.07,0.0,1.0,1.0,0.0,1,3893.0
47,1,0,0,0,0,8,0.0,0.0,1.0,0.0,0.0,255,26,0.1,0.06,0.0,0.0,0.0,1.0,1,3916.0
34,1,0,0,0,0,240,0.0,0.0,0.03,0.07,0.0,255,8,0.03,0.07,0.0,0.0,0.0,1.0,1,59343.0
52,9,1156,386,0,1,1,0.0,0.0,1.0,0.0,0.0,255,91,0.36,0.02,0.0,0.44,0.0,0.0,0,56585.0
24,9,231,2698,0,1,3,0.0,0.0,1.0,0.0,0.11,255,242,0.95,0.02,0.0,0.0,0.0,0.0,0,28909.0
24,9,293,955,0,1,21,0.0,0.0,1.0,0.0,0.0,255,255,1.0,0.0,0.0,0.0,0.0,0.0,0,51083.0
24,9,341,1539,0,1,10,0.0,0.0,1.0,0.0,0.12,245,255,1.0,0.0,0.01,0.0,0.0,0.0,0,54885.0
18,5,0,0,0,0,216,1.0,1.0,0.05,0.06,0.0,255,20,0.08,0.07,0.0,1.0,1.0,0.0,1,121440.0
58,5,0,0,0,0,63,1.0,1.0,0.21,0.06,0.0,255,57,0.22,0.02,0.0,1.0,1.0,0.0,1,100926.0
27,5,0,0,0,0,294,1.0,1.0,0.06,0.06,0.0,255,3,0.01,0.07,0.0,1.0,1.0,0.0,1,22038.0
19,9,1487,4152,0,1,1,0.0,0.0,1.0,0.0,0.0,83,31,0.37,0.06,0.0,0.0,0.0,0.0,0,49692.0
6,1,0,0,0,0,102,0.0,0.0,0.03,0.07,0.0,255,3,0.01,0.06,0.0,0.0,0.0,1.0,1,9829.0
42,9,147,105,0,0,1,0.0,0.0,1.0,0.0,0.0,255,1,0.0,0.63,0.0,0.0,0.0,0.0,0,4214.0
24,9,342,1322,0,1,1,0.0,0.0,1.0,0.0,0.0,28,255,1.0,0.0,0.04,0.04,0.01,0.0,0,98284.0
24,1,0,0,0,0,2,0.0,0.0,1.0,0.0,0.0,31,185,1.0,0.0,0.18,0.0,0.0,0.54,0,122780.0
34,5,0,0,0,0,261,1.0,1.0,0.08,0.05,0.0,255,22,0.09,0.05,0.0,1.0,1.0,0.0,1,88098.0
24,9,248,1374,0,1,7,0.0,0.0,1.0,0.0,0.2,255,255,1.0,0.0,0.0,0.0,0.0,0.0,0,56463.0
14,9,8,0,0,0,1,0.0,0.0,1.0,0.0,1.0,1,37,1.0,0.0,0.51,0.0,0.0,0.0,1,2459.0
19,2,358,1184,0,1,1,0.0,0.0,1.0,0.0,0.0,255,144,0.56,0.02,0.0,0.0,0.0,0.01,1,36827.0
47,5,0,0,0,0,266,1.0,1.0,0.05,0.06,0.0,255,7,0.03,0.07,0.0,1.0,1.0,0.0,1,8587.0
20,5,0,0,0,0,22,1.0,1.0,0.45,0.09,0.0,30,37,0.33,0.07,0.05,1.0,0.27,0.0,1,16328.0
60,5,0,0,0,0,253,1.0,1.0,0.08,0.05,0.0,255,20,0.08,0.05,0.0,1.0,1.0,0.0,1,104391.0
24,9,238,3307,0,1,3,0.0,0.0,1.0,0.0,0.0,3,255,1.0,0.0,0.05,0.0,0.0,0.0,0,120041.0
33,5,0,0,0,0,108,1.0,1.0,0.19,0.06,0.0,255,2,0.01,0.06,0.0,1.0,1.0,0.0,1,91198.0
24,9,310,285,0,1,17,0.0,0.0,1.0,0.0,0.0,255,255,1.0,0.0,0.0,0.0,0.0,0.0,0,40940.0
24,9,235,3253,0,1,1,0.0,0.0,1.0,0.0,0.0,238,255,1.0,0.0,0.01,0.0,0.0,0.0,0,79501.0
24,9,198,29308,0,1,1,0.0,0.0,1.0,0.0,0.0,7,255,1.0,0.0,0.05,0.0,0.01,0.0,0,38145.0
15,9,1480,0,1,0,2,0.0,0.0,1.0,0.0,0.5,3,34,0.67,0.67,0.5,0.0,0.0,0.0,1,113550.0
14,9,30,0,0,0,1,0.0,0.0,1.0,0.0,0.0,80,131,1.0,0.0,0.21,0.0,0.0,0.0,0,67598.0
47,5,0,0,0,0,205,1.0,1.0,0.02,0.06,0.0,255,4,0.02,0.09,0.0,1.0,1.0,0.0,1,77440.0
12,9,45,130,0,0,78,0.0,0.0,0.99,0.03,0.01,255,241,0.95,0.01,0.0,0.0,0.0,0.0,0,112634.0
39,5,0,0,0,0,204,1.0,1.0,0.01,0.06,0.0,255,3,0.01,0.06,0.0,1.0,1.0,0.0,1,114438.0
47,1,0,0,0,0,1,0.0,0.0,1.0,0.0,0.0,64,1,0.02,1.0,0.0,0.0,0.0,1.0,1,116990.0
24,9,209,3410,0,1,40,0.0,0.0,1.0,0.0,0.0,255,255,1.0,0.0,0.0,0.0,0.0,0.04,0,62208.0
47,5,0,0,0,0,27,1.0,1.0,0.22,0.11,0.0,255,19,0.07,0.07,0.0,1.0,1.0,0.0,1,55733.0
47,5,0,0,0,0,147,0.99,1.0,0.12,0.06,0.0,255,18,0.07,0.06,0.0,1.0,1.0,0.0,1,54845.0
9,5,0,0,0,0,139,1.0,1.0,0.17,0.05,0.0,255,11,0.04,0.06,0.0,1.0,1.0,0.0,1,59602.0
47,9,105,147,0,0,2,0.0,0.0,1.0,0.0,0.0,255,236,0.93,0.01,0.0,0.0,0.0,0.0,0,53935.0
47,5,0,0,0,0,101,1.0,1.0,0.15,0.06,0.0,255,12,0.05,0.06,0.0,1.0,1.0,0.0,1,65898.0
1,9,1210740,251536,0,1,1,0.0,0.0,1.0,0.0,0.0,80,1,0.01,0.08,0.0,0.0,0.0,0.0,0,111345.0
24,9,220,294,0,1,19,0.0,0.0,1.0,0.0,0.12,255,255,1.0,0.0,0.0,0.0,0.0,0.0,0,19088.0
24,9,299,2239,0,1,4,0.0,0.0,1.0,0.0,0.0,255,235,0.92,0.02,0.0,0.0,0.0,0.0,0,63448.0
15,9,1032,0,0,0,511,0.0,0.0,1.0,0.0,0.0,255,225,0.88,0.01,0.0,0.0,0.0,0.0,1,65022.0
30,5,0,0,0,0,117,1.0,1.0,0.07,0.06,0.0,255,10,0.04,0.07,0.0,1.0,1.0,0.0,1,21023.0
24,9,236,3252,0,1,2,0.0,0.0,1.0,0.0,0.67,255,255,1.0,0.0,0.0,0.0,0.0,0.0,0,99290.0
52,9,850,534,0,1,1,0.0,0.0,1.0,0.0,0.0,36,177,0.81,0.08,0.01,0.0,0.0,0.0,0,116987.0
42,9,146,105,0,0,1,0.0,0.0,1.0,0.0,0.0,255,2,0.01,0.57,0.0,0.0,0.0,0.0,0,4489.0
0,4,1788,9968,0,0,1,0.0,0.0,1.0,0.0,0.0,23,6,0.26,0.13,0.0,0.0,0.0,1.0,0,1460.0
15,9,1480,0,1,0,2,0.0,0.0,1.0,0.0,0.0,86,2,0.02,0.05,0.0,0.0,0.0,0.0,1,11409.0
47,5,0,0,0,0,190,1.0,1.0,0.02,0.07,0.0,255,4,0.02,0.07,0.0,1.0,1.0,0.0,1,3312.0
47,1,0,0,0,0,1,0.0,0.0,1.0,0.0,0.0,39,1,0.03,1.0,0.0,0.0,0.0,1.0,1,94640.0
24,9,301,5831,0,1,2,0.0,0.0,1.0,0.0,0.0,2,255,1.0,0.0,0.01,0.0,0.0,0.0,0,9389.0
52,9,1110,331,0,1,1,0.0,0.0,1.0,0.0,1.0,255,137,0.54,0.02,0.0,0.0,0.0,0.0,0,113759.0
14,9,18,0,0,0,1,0.0,0.0,1.0,0.0,0.0,1,153,1.0,0.0,1.0,0.0,0.0,0.0,1,86385.0
58,9,107,4148,0,1,1,0.0,0.0,1.0,0.0,0.0,255,10,0.04,0.06,0.0,0.89,0.0,0.2,0,2726.0
20,9,6062,0,0,0,24,0.0,0.0,1.0,0.0,0.0,195,76,0.39,0.03,0.0,0.0,0.0,0.0,0,122979.0
47,5,0,0,0,0,128,1.0,1.0,0.07,0.05,0.0,255,7,0.03,0.08,0.0,1.0,1.0,0.0,1,71069.0
24,9,271,389,0,1,2,0.0,0.0,1.0,0.0,0.0,69,255,1.0,0.0,0.01,0.0,0.0,0.0,0,103992.0
47,1,0,0,0,0,289,0.03,0.0,0.0,1.0,0.0,255,1,0.0,0.97,0.0,0.04,0.0,1.0,1,59207.0
35,5,0,0,0,0,180,1.0,1.0,0.09,0.08,0.0,255,17,0.07,0.07,0.0,1.0,1.0,0.0,1,77710.0
24,5,0,0,0,0,250,1.0,1.0,0.1,0.05,0.0,255,25,0.1,0.06,0.0,1.0,1.0,0.0,1,77344.0
15,9,520,0,0,0,401,0.0,0.0,1.0,0.0,0.0,255,255,1.0,0.0,0.0,0.0,0.0,0.0,1,118769.0
50,1,0,0,0,0,1,0.0,0.0,1.0,0.0,0.0,58,1,0.02,1.0,0.0,0.0,0.0,1.0,1,28728.0
16,5,0,0,0,0,142,1.0,1.0,0.1,0.06,0.0,255,14,0.05,0.05,0.0,1.0,1.0,0.0,1,13506.0
66,5,0,0,0,0,269,1.0,1.0,0.02,0.06,0.0,255,5,0.02,0.08,0.0,1.0,1.0,0.0,1,14184.0
24,9,285,3623,0,1,14,0.0,0.0,1.0,0.0,0.13,115,228,1.0,0.0,0.03,0.0,0.0,0.0,0,32518.0
9,5,0,0,0,0,209,1.0,1.0,0.01,0.08,0.0,255,3,0.01,0.08,0.0,1.0,1.0,0.0,1,45477.0
24,9,212,1357,0,1,16,0.0,0.0,1.0,0.0,0.0,44,255,1.0,0.0,0.05,0.0,0.0,0.0,0,27410.0
5,1,0,0,0,0,243,0.0,0.0,0.01,0.07,0.0,255,2,0.01,0.08,0.0,0.0,0.0,1.0,1,113278.0
47,1,0,0,0,0,234,0.0,0.0,0.08,0.06,0.0,255,18,0.07,0.07,0.0,0.0,0.0,1.0,1,53014.0
18,9,8,0,0,0,1,0.0,0.0,1.0,0.0,0.0,37,9,0.05,0.05,0.22,0.0,0.0,0.0,0,91987.0
24,5,0,0,0,0,131,1.0,1.0,0.18,0.05,0.0,255,21,0.08,0.05,0.0,1.0,1.0,0.0,1,53309.0
42,9,145,105,0,0,4,0.0,0.0,0.5,0.5,0.0,255,3,0.01,0.78,0.0,0.0,0.0,0.0,0,65718.0
58,5,0,0,0,0,22,1.0,1.0,0.23,0.18,0.0,255,47,0.18,0.05,0.0,1.0,1.0,0.0,1,43084.0
20,9,2890,0,0,1,10,0.0,0.0,1.0,0.0,0.0,16,16,1.0,0.0,0.0,0.0,0.0,0.0,0,91590.0
8,1,0,0,0,0,274,0.0,0.0,0.07,0.06,0.0,255,18,0.07,0.07,0.0,0.0,0.0,1.0,1,84394.0
24,9,205,2543,0,1,14,0.0,0.0,1.0,0.0,0.0,255,255,1.0,0.0,0.0,0.0,0.0,0.0,0,121084.0
52,9,2416,388,0,1,1,0.0,0.0,1.0,0.0,0.0,255,62,0.24,0.06,0.0,0.54,0.0,0.03,0,90496.0
20,9,3690,0,0,1,21,0.0,0.0,1.0,0.0,0.0,66,91,0.41,0.06,0.02,0.0,0.0,0.0,0,45993.0
20,9,334,0,0,1,2,0.0,0.0,1.0,0.0,0.0,2,55,1.0,0.0,0.13,0.0,0.02,0.0,1,92393.0
57,5,0,0,0,0,210,1.0,1.0,0.11,0.06,0.0,255,23,0.09,0.07,0.0,1.0,1.0,0.0,1,7428.0
24,9,223,1208,0,1,50,0.0,0.0,1.0,0.0,0.0,99,255,1.0,0.0,0.03,0.0,0.0,0.01,0,15835.0
24,9,202,2488,0,1,17,0.0,0.0,1.0,0.0,0.15,255,255,1.0,0.0,0.0,0.0,0.0,0.0,0,20864.0
12,9,44,137,0,0,71,0.0,0.0,0.99,0.03,0.01,255,236,0.93,0.02,0.0,0.0,0.0,0.0,0,27076.0
54,5,0,0,0,0,108,1.0,1.0,0.1,0.05,0.0,255,11,0.04,0.07,0.0,1.0,1.0,0.0,1,1396.0
52,9,2274,326,0,1,1,0.0,0.0,1.0,0.0,1.0,28,159,0.89,0.14,0.01,0.0,0.0,0.0,0,75436.0
47,5,0,0,0,0,247,1.0,1.0,0.03,0.06,0.0,255,9,0.04,0.07,0.0,1.0,1.0,0.0,1,74597.0
24,9,208,495,0,1,19,0.0,0.0,1.0,0.0,0.1,255,255,1.0,0.0,0.0,0.0,0.0,0.0,0,43919.0
47,5,0,0,0,0,283,1.0,1.0,0.04,0.06,0.0,255,11,0.04,0.08,0.0,1.0,1.0,0.0,1,68566.0
12,9,45,73,0,0,142,0.0,0.0,1.0,0.0,0.01,255,254,1.0,0.01,0.0,0.0,0.0,0.0,0,68795.0
47,5,0,0,0,0,87,1.0,1.0,0.1,0.06,0.0,255,18,0.07,0.05,0.0,1.0,1.0,0.0,1,92247.0
24,9,317,3370,0,1,13,0.0,0.0,1.0,0.0,0.0,13,255,1.0,0.0,0.08,0.0,0.0,0.0,0,119973.0
58,9,193,5725,0,1,1,0.0,0.0,1.0,0.0,0.0,255,64,0.25,0.02,0.0,0.8,0.94,0.0,0,21975.0
24,1,0,0,0,0,1,0.0,0.0,1.0,0.0,0.0,5,255,1.0,0.0,0.14,0.0,0.0,0.82,0,109919.0
24,9,283,769,0,1,7,0.0,0.0,1.0,0.0,0.25,36,255,1.0,0.0,0.05,0.0,0.0,0.0,0,88388.0
24,9,161,4141,0,1,2,0.0,0.0,1.0,0.0,0.0,55,255,1.0,0.0,0.05,0.0,0.0,0.0,0,71173.0
24,9,329,29495,0,1,5,0.0,0.0,1.0,0.0,0.0,28,255,1.0,0.0,0.05,0.0,0.0,0.0,0,63154.0
12,9,42,68,0,0,162,0.0,0.0,1.0,0.0,0.0,255,203,0.8,0.01,0.0,0.0,0.0,0.0,0,34938.0
4,9,14,40,0,1,2,0.0,0.0,0.5,1.0,0.0,255,3,0.01,0.87,0.0,0.0,0.0,0.0,0,61444.0
54,5,0,0,0,0,228,1.0,1.0,0.06,0.05,0.0,255,13,0.05,0.06,0.0,1.0,1.0,0.0,1,25151.0
12,9,46,70,0,0,131,0.0,0.0,1.0,0.0,0.0,255,254,1.0,0.01,0.0,0.0,0.0,0.0,0,70584.0
47,5,0,0,0,0,224,1.0,1.0,0.05,0.05,0.0,85,12,0.14,0.12,0.0,0.84,1.0,0.0,1,30839.0
24,9,352,3900,0,1,40,0.0,0.0,1.0,0.0,0.0,255,255,1.0,0.0,0.0,0.0,0.0,0.0,0,45102.0
12,9,42,42,0,0,1,0.0,0.0,1.0,0.0,0.4,255,238,0.93,0.01,0.0,0.0,0.0,0.0,0,100308.0
24,9,317,1156,0,1,5,0.0,0.0,1.0,0.0,0.0,42,255,1.0,0.0,0.03,0.0,0.0,0.0,0,2759.0
24,1,0,0,0,0,1,0.0,0.0,1.0,0.0,0.0,32,255,1.0,0.0,0.09,0.0,0.0,0.67,0,87288.0
42,1,0,0,0,0,509,0.21,0.0,0.0,1.0,0.0,255,1,0.0,1.0,0.0,0.19,0.0,1.0,1,91711.0
12,9,44,160,0,0,76,0.0,0.0,1.0,0.0,0.01,255,254,1.0,0.01,0.0,0.0,0.0,0.0,0,29242.0
4,5,0,0,0,0,239,1.0,1.0,0.03,0.06,0.0,255,14,0.05,0.06,0.0,1.0,1.0,0.0,1,102120.0
15,9,520,0,0,0,459,0.0,0.0,1.0,0.0,0.0,255,255,1.0,0.0,0.0,0.0,0.0,0.0,1,99310.0
47,5,0,0,0,0,160,1.0,1.0,0.12,0.06,0.0,255,7,0.03,0.07,0.0,1.0,1.0,0.0,1,25493.0
42,9,146,0,0,0,4,0.0,0.0,0.25,0.75,0.0,255,2,0.01,0.6,0.0,0.0,0.0,0.0,0,4676.0
12,9,42,127,0,0,79,0.0,0.0,1.0,0.0,0.01,202,126,0.62,0.02,0.0,0.0,0.0,0.0,0,38476.0
65,5,0,0,0,0,211,1.0,1.0,0.01,0.06,0.0,255,18,0.07,0.07,0.0,1.0,1.0,0.0,1,117951.0
19,5,0,0,0,0,273,1.0,1.0,0.03,0.06,0.0,255,7,0.03,0.07,0.0,1.0,1.0,0.0,1,2528.0
15,9,520,0,0,0,480,0.0,0.0,1.0,0.0,0.0,106,106,1.0,0.0,0.0,0.0,0.0,0.0,1,99560.0
47,5,0,0,0,0,138,1.0,1.0,0.05,0.06,0.0,255,10,0.04,0.06,0.0,1.0,1.0,0.0,1,80329.0
47,9,105,147,0,0,11,0.0,0.0,0.18,0.18,0.0,255,241,0.95,0.01,0.0,0.0,0.0,0.0,0,93960.0
24,9,238,11316,0,1,4,0.0,0.0,1.0,0.0,0.25,73,255,1.0,0.0,0.01,0.0,0.0,0.0,0,55071.0
12,9,42,75,0,0,110,0.0,0.0,1.0,0.0,0.02,255,254,1.0,0.01,0.0,0.0,0.0,0.0,0,7824.0
24,9,238,1112,0,1,14,0.0,0.0,1.0,0.0,0.0,255,255,1.0,0.0,0.0,0.0,0.0,0.0,0,45518.0
52,9,2052,394,0,1,1,0.0,0.0,1.0,0.0,1.0,17,207,1.0,0.0,0.01,0.0,0.0,0.0,0,20301.0
11,5,0,0,0,0,150,1.0,1.0,0.11,0.05,0.0,255,1,0.0,0.07,0.0,1.0,1.0,0.0,1,71577.0
8,5,0,0,0,0,176,1.0,1.0,0.04,0.06,0.0,255,7,0.03,0.05,0.0,1.0,1.0,0.0,1,77922.0
27,5,0,0,0,0,231,1.0,1.0,0.06,0.07,0.0,255,13,0.05,0.07,0.0,1.0,1.0,0.0,1,68175.0
65,5,0,0,0,0,286,1.0,1.0,0.05,0.06,0.0,255,1,0.0,0.07,0.0,1.0,1.0,0.0,1,56150.0
52,9,623,437,0,1,1,0.0,0.0,1.0,0.0,0.0,4,148,0.75,0.5,0.02,0.25,0.0,0.0,0,10817.0
14,9,8,0,0,0,1,0.0,0.0,1.0,0.0,1.0,4,108,1.0,0.0,0.25,0.0,0.0,0.0,1,51920.0
20,9,334,0,0,1,2,0.0,0.0,1.0,0.0,0.0,2,6,1.0,0.0,0.33,0.0,0.0,0.0,1,26465.0
24,5,0,0,0,0,28,1.0,1.0,0.39,0.14,0.0,255,66,0.26,0.02,0.0,1.0,1.0,0.0,1,65778.0
24,9,304,2698,0,1,1,0.0,0.0,1.0,0.0,1.0,255,254,1.0,0.01,0.0,0.0,0.0,0.0,0,18419.0
47,5,0,0,0,0,186,1.0,1.0,0.04,0.08,0.0,255,17,0.07,0.06,0.0,1.0,1.0,0.0,1,50480.0
54,5,0,0,0,0,95,1.0,1.0,0.17,0.06,0.0,255,14,0.05,0.07,0.0,1.0,1.0,0.0,1,81668.0
24,9,238,843,0,1,12,0.0,0.0,1.0,0.0,0.0,107,255,1.0,0.0,0.01,0.0,0.0,0.0,0,56850.0
10,2,0,0,0,0,269,0.0,0.0,0.06,0.06,0.0,255,17,0.07,0.06,0.0,0.0,0.0,1.0,1,4118.0
24,9,54540,8314,0,1,2,0.0,0.0,1.0,0.0,0.0,255,255,1.0,0.0,0.0,0.0,0.0,0.05,1,82513.0
4,5,0,0,0,0,238,1.0,1.0,0.03,0.06,0.0,255,6,0.02,0.07,0.0,1.0,1.0,0.0,1,114303.0
52,9,656,330,0,1,1,0.0,0.0,1.0,0.0,0.0,77,146,0.83,0.05,0.01,0.0,0.0,0.0,0,8754.0
55,5,0,0,0,0,145,1.0,1.0,0.11,0.06,0.0,255,11,0.04,0.07,0.0,1.0,1.0,0.0,1,71051.0
24,9,381,693,0,1,19,0.0,0.0,1.0,0.0,0.1,255,255,1.0,0.0,0.0,0.0,0.0,0.0,0,14924.0
52,9,1924,331,0,1,1,0.0,0.0,1.0,0.0,0.0,11,11,1.0,0.0,0.0,0.0,0.0,0.0,0,105496.0
24,9,234,7886,0,1,9,0.0,0.0,1.0,0.0,0.0,255,255,1.0,0.0,0.0,0.0,0.0,0.0,0,28974.0
14,9,8,0,0,0,1,0.0,0.0,1.0,0.0,1.0,1,255,1.0,0.0,0.5,0.0,0.0,0.0,1,10598.0
20,9,5929,0,0,0,14,0.0,0.0,1.0,0.0,0.0,51,87,0.39,0.06,0.02,0.0,0.0,0.0,0,66741.0
12,9,44,133,0,0,16,0.0,0.0,1.0,0.0,0.03,255,254,1.0,0.01,0.0,0.0,0.0,0.0,0,51263.0
24,9,293,2844,0,1,1,0.0,0.0,1.0,0.0,0.27,1,255,1.0,0.0,0.07,0.0,0.0,0.0,0,92096.0
24,9,200,313,0,1,25,0.0,0.0,1.0,0.0,0.08,255,255,1.0,0.0,0.0,0.0,0.0,0.0,0,117855.0
47,5,0,0,0,0,215,1.0,1.0,0.0,0.06,0.0,255,3,0.01,0.06,0.0,1.0,1.0,0.0,1,69361.0
12,9,43,76,0,0,201,0.0,0.0,1.0,0.0,0.01,255,234,0.92,0.01,0.0,0.0,0.0,0.0,0,93234.0
47,5,0,0,0,0,223,1.0,1.0,0.06,0.07,0.0,255,13,0.05,0.07,0.0,1.0,1.0,0.0,1,66597.0
24,9,320,495,0,1,40,0.0,0.0,1.0,0.0,0.05,203,255,1.0,0.0,0.01,0.0,0.0,0.0,0,40710.0
62,9,183,0,0,0,6,0.0,0.0,1.0,0.0,0.0,255,17,0.07,0.01,0.0,0.0,0.0,0.0,0,84335.0
20,9,15876,0,0,1,11,0.0,0.0,1.0,0.0,0.0,68,60,0.69,0.04,0.03,0.0,0.02,0.0,0,71452.0
18,2,0,0,0,0,139,0.0,0.0,0.1,0.06,0.0,255,14,0.05,0.07,0.0,0.0,0.0,1.0,1,19940.0
24,9,231,332,0,1,2,0.0,0.0,1.0,0.0,0.0,2,255,1.0,0.0,0.04,0.0,0.0,0.0,0,27703.0
24,9,269,715,0,1,1,0.0,0.0,1.0,0.0,0.0,255,254,1.0,0.01,0.0,0.0,0.0,0.0,0,74022.0
27,5,0,0,0,0,234,1.0,1.0,0.01,0.06,0.0,255,3,0.01,0.07,0.0,1.0,1.0,0.0,1,19458.0
24,9,342,434,0,1,5,0.0,0.0,1.0,0.0,0.17,255,255,1.0,0.0,0.0,0.0,0.0,0.0,0,56031.0
47,9,28,0,3,0,54,0.0,0.0,1.0,0.0,0.0,255,54,0.21,0.02,0.0,0.0,0.0,0.0,1,14650.0
47,9,105,0,0,0,2,0.0,0.0,1.0,0.0,0.0,33,33,1.0,0.0,0.0,0.0,0.0,0.0,0,41911.0
47,5,0,0,0,0,243,1.0,1.0,0.05,0.07,0.0,255,16,0.06,0.07,0.0,1.0,1.0,0.0,1,8495.0
47,1,0,0,0,0,235,0.0,0.0,0.02,0.07,0.0,255,4,0.02,0.07,0.0,0.0,0.0,1.0,1,10890.0
16,5,0,0,0,0,141,1.0,1.0,0.11,0.06,0.0,255,15,0.06,0.06,0.0,1.0,1.0,0.0,1,22291.0
24,9,196,924,0,1,1,0.0,0.0,1.0,0.0,0.0,255,255,1.0,0.0,0.0,0.0,0.0,0.0,0,118975.0
11,5,0,0,0,0,12,1.0,1.0,0.33,0.25,0.0,255,10,0.04,0.07,0.0,1.0,1.0,0.0,1,24448.0
12,9,43,131,0,0,76,0.0,0.0,1.0,0.0,0.01,187,218,0.91,0.01,0.01,0.0,0.0,0.0,0,96146.0
52,9,2493,475,0,1,1,0.0,0.0,1.0,0.0,1.0,20,99,0.95,0.1,0.02,0.0,0.0,0.0,0,114940.0
24,5,0,0,0,0,5,0.8,1.0,0.2,1.0,0.0,255,34,0.13,0.04,0.0,1.0,1.0,0.0,1,114535.0
20,9,12,0,0,0,1,0.0,0.0,1.0,0.0,0.0,78,20,0.26,0.05,0.0,0.0,0.0,0.0,0,106603.0
14,9,8,0,0,0,1,0.0,0.0,1.0,0.0,1.0,2,56,1.0,0.0,0.5,0.0,0.0,0.0,1,26166.0
52,9,677,335,0,1,1,0.0,0.0,1.0,0.0,0.0,86,184,0.94,0.03,0.01,0.0,0.0,0.0,0,37268.0
24,9,175,488,0,1,13,0.0,0.0,1.0,0.0,0.0,22,255,1.0,0.0,0.04,0.0,0.0,0.0,0,4576.0
15,9,1032,0,0,0,27,0.0,0.0,1.0,0.0,0.0,255,255,1.0,0.0,0.0,0.0,0.0,0.0,1,86846.0
24,9,202,6935,0,1,4,0.25,0.25,1.0,0.0,0.0,255,255,1.0,0.0,0.0,0.0,0.0,0.0,0,124060.0
64,5,0,0,0,0,221,1.0,1.0,0.06,0.05,0.0,255,14,0.05,0.05,0.0,1.0,1.0,0.0,1,526.0
44,5,0,0,0,0,241,1.0,1.0,0.04,0.06,0.0,255,7,0.03,0.08,0.0,1.0,1.0,0.0,1,3470.0
24,9,282,362,0,1,8,0.0,0.0,1.0,0.0,0.22,255,255,1.0,0.0,0.0,0.0,0.0,0.0,0,79125.0
58,9,645,23354,0,1,1,0.0,0.0,1.0,0.0,0.0,255,28,0.11,0.41,0.0,0.41,0.11,0.04,0,115318.0
12,9,43,76,0,0,124,0.0,0.0,0.99,0.02,0.0,255,254,1.0,0.01,0.0,0.0,0.0,0.0,0,30535.0
12,9,44,44,0,0,223,0.0,0.0,1.0,0.0,0.0,255,255,1.0,0.0,0.0,0.0,0.0,0.0,0,34757.0
24,9,301,4649,0,1,16,0.0,0.0,1.0,0.0,0.0,18,255,1.0,0.0,0.05,0.0,0.0,0.0,0,69745.0
47,1,0,0,0,0,451,0.05,0.0,0.0,1.0,0.0,255,1,0.0,1.0,0.0,0.08,0.0,1.0,1,26232.0
47,5,0,0,0,0,231,1.0,1.0,0.04,0.06,0.0,255,11,0.04,0.06,0.0,1.0,1.0,0.0,1,6796.0
47,1,0,0,0,0,401,0.06,0.0,0.0,1.0,0.0,255,1,0.0,1.0,0.0,0.09,0.0,1.0,1,45223.0
24,9,249,1939,0,1,1,0.0,0.0,1.0,0.0,0.67,255,250,0.98,0.01,0.0,0.0,0.0,0.0,0,119305.0
24,9,205,188,0,1,4,0.0,0.0,1.0,0.0,0.29,255,255,1.0,0.0,0.0,0.0,0.0,0.0,0,61952.0
24,9,256,8708,0,1,1,0.0,0.0,1.0,0.0,0.09,56,255,1.0,0.0,0.04,0.0,0.0,0.0,0,25760.0
24,9,320,38116,0,1,13,0.0,0.0,1.0,0.0,0.14,31,255,1.0,0.0,0.04,0.0,0.0,0.0,0,107027.0
24,9,315,1678,0,1,3,0.0,0.0,1.0,0.0,0.0,197,255,1.0,0.0,0.02,0.01,0.0,0.0,0,61304.0
19,9,295,903,0,1,1,0.0,0.0,1.0,0.0,0.0,146,27,0.18,0.05,0.0,0.0,0.0,0.07,0,10274.0
12,9,78,45,0,0,64,0.0,0.0,1.0,0.0,0.0,255,227,0.89,0.01,0.0,0.0,0.0,0.0,0,41626.0
24,1,0,0,0,0,1,0.0,0.0,1.0,0.0,1.0,14,255,1.0,0.0,0.14,0.0,0.0,0.8,0,11719.0
23,5,0,0,0,0,265,1.0,1.0,0.0,0.06,0.0,255,1,0.0,0.07,0.0,1.0,1.0,0.0,1,47938.0
10,5,0,0,0,0,298,1.0,1.0,0.08,0.05,0.0,255,25,0.1,0.05,0.0,1.0,1.0,0.0,1,113937.0
7,5,0,0,0,0,112,1.0,1.0,0.12,0.08,0.0,255,13,0.05,0.07,0.0,1.0,1.0,0.0,1,68402.0
47,1,0,0,0,0,133,0.0,0.0,0.02,0.07,0.0,255,1,0.0,0.07,0.0,0.0,0.0,1.0,1,1236.0
12,9,44,127,0,0,230,0.0,0.0,1.0,0.0,0.01,255,253,0.99,0.01,0.0,0.0,0.0,0.0,0,69066.0
47,9,1,0,0,0,22,0.0,0.0,0.09,0.14,0.0,255,2,0.01,0.84,0.0,0.1,0.0,0.0,1,102184.0
20,9,374,0,0,1,5,0.0,0.0,1.0,0.0,0.0,88,39,0.44,0.03,0.0,0.0,0.0,0.0,0,90825.0
24,9,210,7824,0,1,21,0.0,0.0,1.0,0.0,0.0,21,255,1.0,0.0,0.07,0.0,0.01,0.0,0,40791.0
24,9,228,3446,0,1,1,0.0,0.0,1.0,0.0,0.25,31,255,1.0,0.0,0.04,0.0,0.0,0.06,0,106501.0
63,5,0,0,0,0,136,1.0,1.0,0.1,0.06,0.0,255,7,0.03,0.07,0.0,1.0,1.0,0.0,1,108869.0
12,9,42,132,0,0,207,0.0,0.0,1.0,0.01,0.0,96,63,0.66,0.02,0.0,0.0,0.0,0.0,0,8468.0
24,9,149,7542,0,1,21,0.0,0.0,1.0,0.0,0.0,158,255,1.0,0.0,0.01,0.0,0.0,0.0,0,1593.0
24,9,340,821,0,1,4,0.0,0.0,1.0,0.0,0.25,101,255,1.0,0.0,0.02,0.0,0.0,0.01,0,2715.0
47,5,0,0,0,0,261,1.0,1.0,0.01,0.06,0.0,255,3,0.01,0.09,0.0,1.0,1.0,0.0,1,73525.0
20,5,0,0,0,0,29,1.0,1.0,0.24,0.14,0.0,255,66,0.26,0.02,0.0,1.0,1.0,0.0,1,98964.0
15,9,520,0,0,0,479,0.0,0.0,1.0,0.0,0.0,142,142,1.0,0.0,0.0,0.0,0.0,0.0,1,101739.0
52,9,888,335,0,1,1,0.0,0.33,1.0,0.0,0.67,57,119,0.21,0.05,0.02,0.0,0.0,0.0,0,18267.0
24,9,304,30973,0,1,4,0.0,0.0,1.0,0.0,0.0,51,255,1.0,0.0,0.05,0.0,0.0,0.0,0,13247.0
20,9,10389,0,0,1,5,0.0,0.0,1.0,0.0,0.33,12,73,0.92,0.17,0.03,0.0,0.0,0.0,0,5299.0
24,9,299,2119,0,1,16,0.0,0.0,1.0,0.0,0.0,96,255,1.0,0.0,0.02,0.0,0.0,0.0,0,9942.0
12,9,46,78,0,0,136,0.0,0.0,1.0,0.0,0.01,255,254,1.0,0.01,0.0,0.0,0.0,0.0,0,89159.0
24,1,0,0,0,0,1,0.0,0.0,1.0,0.0,1.0,1,4,1.0,0.0,0.75,0.0,0.0,1.0,0,85437.0
52,9,701,385,0,1,1,0.0,0.0,1.0,0.0,1.0,255,98,0.38,0.04,0.0,0.2,0.0,0.0,0,95502.0
9,2,0,0,0,0,258,0.0,0.0,0.02,0.07,0.0,255,6,0.02,0.08,0.0,0.0,0.0,1.0,1,81375.0
2,5,0,0,0,0,225,1.0,1.0,0.02,0.06,0.0,255,17,0.07,0.08,0.0,1.0,1.0,0.0,1,4502.0
24,9,229,2318,0,1,15,0.0,0.0,1.0,0.0,0.0,15,255,1.0,0.0,0.04,0.0,0.0,0.0,0,88918.0
12,9,30,0,0,0,1,0.0,0.0,1.0,0.0,1.0,100,18,0.18,0.06,0.0,0.0,0.0,0.0,0,42492.0
20,9,88382,0,0,1,21,0.0,0.0,1.0,0.0,0.0,73,46,0.37,0.08,0.04,0.0,0.0,0.0,0,122120.0
26,5,0,0,0,0,247,1.0,1.0,0.03,0.06,0.0,255,7,0.03,0.07,0.0,1.0,1.0,0.0,1,114857.0
24,9,214,623,0,1,16,0.0,0.0,1.0,0.0,0.0,16,255,1.0,0.0,0.06,0.0,0.0,0.0,0,28595.0
24,9,233,4137,0,1,23,0.0,0.0,1.0,0.0,0.0,234,255,1.0,0.0,0.02,0.0,0.0,0.0,0,74409.0
24,9,175,2866,0,1,6,0.0,0.0,1.0,0.0,0.0,9,255,1.0,0.0,0.11,0.0,0.0,0.4,0,40886.0
14,9,8,0,0,0,1,0.0,0.0,1.0,0.0,1.0,2,28,1.0,0.0,0.5,0.0,0.0,0.0,1,114370.0
14,9,8,0,0,0,1,0.0,0.0,1.0,0.0,1.0,1,11,1.0,0.0,0.55,0.0,0.0,0.0,1,115960.0
20,9,61298,0,0,0,8,0.0,0.0,1.0,0.0,0.0,255,52,0.2,0.47,0.0,0.47,0.0,0.0,0,65709.0
52,9,889,337,0,1,1,0.0,0.0,1.0,0.0,1.0,25,199,0.84,0.12,0.01,0.0,0.0,0.0,0,42023.0
4,1,0,0,0,0,205,0.0,0.0,0.0,0.07,0.0,255,1,0.0,0.08,0.0,0.0,0.0,1.0,1,46104.0
24,9,159,54647,0,1,1,0.0,0.25,1.0,0.0,0.75,184,255,1.0,0.0,0.01,0.0,0.0,0.0,0,95360.0
14,9,8,0,0,0,1,0.0,0.0,1.0,0.0,1.0,1,129,1.0,0.0,0.51,0.0,0.0,0.0,1,82945.0
58,9,118,6401,0,1,1,0.0,0.0,1.0,0.0,0.0,90,3,0.01,0.07,0.67,0.0,0.0,0.33,0,6094.0
47,5,0,0,0,0,186,1.0,1.0,0.11,0.05,0.0,255,21,0.08,0.05,0.0,1.0,1.0,0.0,1,69268.0
58,9,786,517948,0,1,1,0.0,0.0,1.0,0.0,0.0,159,45,0.28,0.02,0.0,0.0,0.0,0.0,0,119070.0
2,5,0,0,0,0,179,1.0,1.0,0.01,0.06,0.0,255,5,0.02,0.07,0.0,1.0,1.0,0.0,1,323.0
47,5,0,0,0,0,263,1.0,1.0,0.04,0.07,0.0,255,10,0.04,0.09,0.0,1.0,1.0,0.0,1,103672.0
24,9,288,16282,0,1,3,0.0,0.2,1.0,0.0,0.4,123,255,1.0,0.0,0.01,0.0,0.0,0.0,0,31723.0
42,1,0,0,0,0,1,0.0,0.0,1.0,0.0,0.0,4,2,0.5,0.5,0.0,0.0,0.0,1.0,0,8382.0
52,9,2060,338,0,1,1,0.0,0.0,1.0,0.0,1.0,113,154,0.8,0.03,0.01,0.0,0.0,0.0,0,69062.0
15,9,520,0,0,0,460,0.0,0.0,1.0,0.0,0.0,165,165,1.0,0.0,0.0,0.0,0.0,0.0,1,77516.0
24,9,223,979,0,1,8,0.0,0.0,1.0,0.0,0.24,255,255,1.0,0.0,0.0,0.0,0.0,0.0,0,40528.0
52,9,1709,335,0,1,1,0.0,0.95,1.0,0.0,0.1,255,171,0.67,0.02,0.0,0.0,0.0,0.0,0,105390.0
42,9,147,0,0,0,5,0.0,0.0,0.2,0.6,0.0,82,2,0.02,0.71,0.0,0.0,0.0,0.0,0,5735.0
24,9,153,338,0,1,2,0.0,0.0,1.0,0.0,0.0,2,255,1.0,0.0,0.03,0.0,0.0,0.0,0,78376.0
52,9,1258,359,0,1,1,0.0,0.0,1.0,0.0,0.0,214,192,0.72,0.02,0.01,0.0,0.0,0.0,0,677.0
24,9,211,1197,0,1,2,0.0,0.0,1.0,0.0,0.67,14,255,1.0,0.0,0.03,0.07,0.0,0.0,0,118513.0
24,9,302,294,0,1,16,0.0,0.0,1.0,0.0,0.12,255,255,1.0,0.0,0.0,0.0,0.0,0.0,0,89320.0
24,9,208,2857,0,1,9,0.0,0.0,1.0,0.0,0.0,33,255,1.0,0.0,0.08,0.0,0.0,0.0,0,31119.0
47,5,0,0,0,0,144,1.0,1.0,0.1,0.06,0.0,28,12,0.43,0.21,0.0,1.0,1.0,0.0,1,120217.0
39,5,0,0,0,0,111,1.0,1.0,0.01,0.06,0.0,255,1,0.0,0.06,0.0,1.0,1.0,0.0,1,100049.0
57,1,0,0,0,0,273,0.0,0.0,0.07,0.07,0.0,255,18,0.07,0.08,0.0,0.0,0.0,1.0,1,61259.0
63,2,0,0,0,0,124,0.0,0.0,0.14,0.06,0.0,255,17,0.07,0.07,0.0,0.0,0.0,1.0,1,62156.0
58,5,0,0,0,0,53,1.0,1.0,0.23,0.08,0.0,255,60,0.24,0.02,0.0,1.0,1.0,0.0,1,42872.0
24,9,54540,8314,0,1,2,0.0,0.0,1.0,0.0,0.0,244,244,1.0,0.0,0.0,0.0,0.0,0.02,1,82756.0
19,9,1496,4152,0,1,1,0.0,0.0,1.0,0.0,0.0,255,42,0.16,0.01,0.0,0.0,0.0,0.0,0,78392.0
20,9,9198,0,0,1,6,0.0,0.0,1.0,0.0,0.0,255,34,0.13,0.05,0.0,0.45,0.0,0.0,0,77446.0
24,9,225,3730,0,1,2,0.0,0.0,1.0,0.0,0.0,245,255,1.0,0.0,0.01,0.0,0.0,0.0,0,86443.0
47,5,0,0,0,0,1,1.0,1.0,1.0,0.0,0.0,255,12,0.05,0.08,0.0,1.0,1.0,0.0,1,53158.0
20,9,3909,0,0,1,6,0.0,0.0,1.0,0.0,0.0,198,84,0.42,0.03,0.0,0.01,0.0,0.0,0,45350.0
42,1,0,0,0,0,486,0.08,0.0,0.0,0.95,0.0,255,1,0.0,0.91,0.0,0.11,0.0,1.0,1,177.0
47,5,0,0,0,0,158,1.0,1.0,0.05,0.07,0.0,255,8,0.03,0.09,0.0,1.0,1.0,0.0,1,109326.0
15,9,1032,0,0,0,511,0.0,0.0,1.0,0.0,0.0,255,79,0.31,0.02,0.0,0.02,0.0,0.0,1,78704.0
24,1,0,0,0,0,1,0.0,0.0,1.0,0.0,0.25,13,254,1.0,0.0,0.17,0.0,0.0,0.98,0,67712.0
42,9,147,105,0,0,1,0.0,0.0,1.0,0.0,0.0,255,4,0.02,0.54,0.0,0.0,0.0,0.0,0,5511.0
24,9,233,4323,0,1,13,0.0,0.0,1.0,0.0,0.05,198,255,1.0,0.0,0.03,0.0,0.0,0.0,0,108616.0
18,5,0,0,0,0,71,1.0,1.0,0.28,0.06,0.0,151,45,0.26,0.03,0.04,1.0,0.89,0.0,1,5947.0
18,5,0,0,0,0,64,1.0,1.0,0.28,0.06,0.0,255,59,0.23,0.04,0.0,1.0,1.0,0.0,1,101633.0
47,9,215,0,0,0,1,0.0,0.0,1.0,0.0,0.0,247,207,0.84,0.01,0.0,0.0,0.0,0.0,1,45733.0
62,9,78,0,0,0,32,0.0,0.0,0.06,0.06,0.0,255,20,0.08,0.01,0.0,0.0,0.0,0.0,0,46226.0
47,9,105,145,0,0,2,0.0,0.0,0.5,1.0,0.0,255,227,0.89,0.01,0.0,0.0,0.0,0.0,0,5080.0
12,9,44,44,0,0,128,0.0,0.0,1.0,0.0,0.01,255,255,1.0,0.0,0.0,0.0,0.0,0.0,0,28025.0
24,9,280,9005,0,1,8,0.0,0.0,1.0,0.0,0.22,255,255,1.0,0.0,0.0,0.0,0.0,0.0,0,51906.0
24,9,242,184,0,1,52,0.0,0.0,1.0,0.0,0.03,255,255,1.0,0.0,0.0,0.0,0.0,0.0,0,119065.0
24,9,215,6154,0,1,4,0.0,0.0,1.0,0.0,0.0,16,255,1.0,0.0,0.04,0.0,0.01,0.0,0,32462.0
24,9,509,7166,0,1,9,0.0,0.0,1.0,0.0,0.31,255,255,1.0,0.0,0.0,0.0,0.0,0.0,0,102430.0
24,9,304,2328,0,1,2,0.0,0.0,1.0,0.0,0.33,255,255,1.0,0.0,0.0,0.0,0.0,0.04,0,39749.0
36,1,0,0,0,0,230,0.0,0.0,0.03,0.07,0.0,255,7,0.03,0.07,0.0,0.0,0.0,1.0,1,105569.0
66,5,0,0,0,0,240,1.0,1.0,0.05,0.07,0.0,255,11,0.04,0.06,0.0,1.0,1.0,0.0,1,48481.0
24,9,303,2013,0,1,2,0.0,0.0,1.0,0.0,0.0,255,224,0.88,0.01,0.0,0.0,0.0,0.0,0,29460.0
20,9,246,0,0,1,2,0.0,0.0,1.0,0.0,0.67,2,21,1.0,0.0,0.14,0.0,0.0,0.0,0,115611.0
28,5,0,0,0,0,143,1.0,1.0,0.14,0.06,0.0,255,20,0.08,0.06,0.0,1.0,1.0,0.0,1,47885.0
47,5,0,0,0,0,218,1.0,1.0,0.03,0.07,0.0,255,6,0.02,0.08,0.0,1.0,1.0,0.0,1,88326.0
24,9,201,1800,0,1,20,0.0,0.0,1.0,0.0,0.0,255,255,1.0,0.0,0.0,0.0,0.0,0.0,0,10251.0
47,5,0,0,0,0,248,1.0,1.0,0.04,0.06,0.0,255,11,0.04,0.06,0.0,1.0,1.0,0.0,1,76495.0
47,5,0,0,0,0,208,1.0,1.0,0.02,0.06,0.0,69,4,0.06,0.14,0.0,0.8,1.0,0.0,1,25234.0
24,9,218,1738,0,1,7,0.0,0.0,1.0,0.0,0.25,39,255,1.0,0.0,0.05,0.0,0.0,0.02,0,54409.0
14,9,8,0,0,0,1,0.0,0.0,1.0,0.0,1.0,2,61,1.0,0.0,0.26,0.0,0.0,0.0,1,4198.0
24,9,221,37127,0,1,3,0.0,0.0,1.0,0.0,0.5,16,255,1.0,0.0,0.03,0.0,0.0,0.0,0,8723.0
24,5,0,0,0,0,34,1.0,1.0,0.18,0.15,0.0,255,6,0.02,0.08,0.0,1.0,1.0,0.0,1,107833.0
24,1,0,0,0,0,1,0.0,0.0,1.0,0.0,0.0,34,115,1.0,0.0,0.05,0.0,0.0,0.77,0,102395.0
47,1,0,0,0,0,257,0.0,0.0,0.0,0.51,0.0,255,1,0.0,0.51,0.0,0.0,0.0,1.0,1,81128.0
20,5,0,0,0,0,19,0.95,1.0,0.16,0.26,0.0,255,23,0.09,0.06,0.0,1.0,1.0,0.0,1,16687.0
12,9,43,132,0,0,53,0.0,0.0,1.0,0.0,0.02,255,218,0.85,0.01,0.0,0.0,0.0,0.0,0,111559.0
14,9,8,0,0,0,1,0.0,0.0,1.0,0.0,1.0,4,176,1.0,0.0,0.25,0.0,0.0,0.0,1,64106.0
31,5,0,0,0,0,237,1.0,1.0,0.01,0.07,0.0,255,3,0.01,0.07,0.0,1.0,1.0,0.0,1,106747.0
66,5,0,0,0,0,228,1.0,1.0,0.02,0.07,0.0,255,5,0.02,0.07,0.0,1.0,1.0,0.0,1,67784.0
24,9,339,2784,0,1,2,0.0,0.0,1.0,0.0,0.0,26,255,1.0,0.0,0.03,0.04,0.01,0.01,0,113182.0
24,9,226,1922,0,1,5,0.2,0.2,1.0,0.0,0.0,255,255,1.0,0.0,0.0,0.0,0.0,0.0,0,37830.0
24,9,231,540,0,1,34,0.0,0.0,1.0,0.0,0.0,255,255,1.0,0.0,0.0,0.0,0.0,0.0,0,44786.0
24,1,0,0,0,0,1,0.0,0.91,1.0,0.0,0.14,2,255,1.0,0.0,0.15,0.0,0.0,0.77,0,60749.0
32,2,0,0,0,0,130,0.0,0.0,0.15,0.05,0.0,255,19,0.07,0.07,0.0,0.0,0.0,1.0,1,15582.0
47,10,0,0,0,0,1,1.0,1.0,1.0,0.0,0.0,179,1,0.01,0.94,0.0,0.96,1.0,0.0,1,63545.0
12,9,43,131,0,0,67,0.0,0.0,1.0,0.0,0.01,255,254,1.0,0.01,0.0,0.0,0.0,0.0,0,43174.0
12,9,44,115,0,0,3,0.0,0.0,1.0,0.0,0.43,255,250,0.98,0.01,0.0,0.0,0.0,0.0,0,43878.0
12,9,44,121,0,0,182,0.0,0.0,1.0,0.0,0.0,255,255,1.0,0.0,0.0,0.0,0.0,0.0,0,60360.0
42,9,147,105,0,0,6,0.0,0.0,0.33,0.5,0.0,255,3,0.01,0.72,0.0,0.0,0.0,0.0,0,95848.0
24,1,0,0,0,0,1,0.0,0.0,1.0,0.0,0.0,21,251,1.0,0.0,0.07,0.0,0.0,0.98,0,64252.0
26,5,0,0,0,0,217,1.0,1.0,0.02,0.07,0.0,255,20,0.08,0.08,0.0,1.0,1.0,0.0,1,6873.0
24,9,302,1075,0,1,1,0.0,0.0,1.0,0.0,0.0,255,247,0.97,0.01,0.0,0.0,0.0,0.0,0,114363.0
42,9,146,105,0,0,1,0.0,0.0,1.0,0.0,0.0,255,3,0.01,0.82,0.0,0.0,0.0,0.0,0,17573.0
20,9,22,0,0,1,2,0.0,0.0,1.0,0.0,0.0,103,14,0.08,0.05,0.14,0.01,0.0,0.0,0,87623.0
4,5,0,0,0,0,266,1.0,1.0,0.03,0.06,0.0,255,14,0.05,0.07,0.0,1.0,1.0,0.0,1,37077.0
24,9,229,1256,0,1,2,0.0,0.0,1.0,0.0,0.0,53,255,1.0,0.0,0.04,0.0,0.0,0.0,0,82285.0
47,9,1,0,0,0,29,0.0,0.0,0.45,0.1,0.0,255,13,0.05,0.62,0.0,0.05,0.0,0.0,1,113465.0
24,5,0,0,0,0,143,1.0,1.0,0.1,0.06,0.0,255,14,0.05,0.06,0.0,1.0,1.0,0.0,1,32866.0
16,5,0,0,0,0,75,1.0,1.0,0.17,0.07,0.0,255,13,0.05,0.07,0.0,1.0,1.0,0.0,1,16443.0
24,9,268,7042,0,1,1,0.0,0.0,1.0,0.0,0.0,69,255,1.0,0.0,0.04,0.0,0.0,0.0,0,33846.0
52,9,951,329,0,1,1,0.0,0.0,1.0,0.0,0.0,150,117,0.78,0.03,0.0,0.0,0.0,0.0,0,43420.0
24,9,275,722,0,1,7,0.0,0.0,1.0,0.0,0.0,23,255,1.0,0.0,0.04,0.0,0.0,0.0,0,95869.0
47,5,0,0,0,0,117,1.0,1.0,0.09,0.07,0.0,255,2,0.01,0.06,0.0,1.0,1.0,0.0,1,9179.0
32,5,0,0,0,0,64,1.0,1.0,0.02,0.08,0.0,255,1,0.0,0.06,0.0,1.0,1.0,0.0,1,28438.0
47,1,0,0,0,0,239,0.0,0.0,0.03,0.06,0.0,255,6,0.02,0.07,0.0,0.0,0.0,1.0,1,50866.0
24,9,214,5985,0,1,13,0.0,0.0,1.0,0.0,0.14,117,255,1.0,0.0,0.01,0.0,0.0,0.0,0,4615.0
47,5,0,0,0,0,104,1.0,1.0,0.05,0.06,0.0,255,6,0.02,0.06,0.0,1.0,1.0,0.0,1,75954.0
57,5,0,0,0,0,295,1.0,1.0,0.06,0.05,0.0,255,1,0.0,0.08,0.0,1.0,1.0,0.0,1,153.0
47,5,0,0,0,0,196,1.0,1.0,0.1,0.06,0.0,255,3,0.01,0.08,0.0,1.0,1.0,0.0,1,109849.0
24,1,0,0,0,0,1,0.0,0.0,1.0,0.0,0.0,3,14,1.0,0.0,0.14,0.0,0.0,1.0,0,34836.0
47,1,0,0,0,0,6,0.0,0.0,0.17,1.0,0.0,124,1,0.01,0.16,0.0,0.0,0.0,1.0,1,62738.0
12,9,46,46,0,0,227,0.0,0.0,1.0,0.01,0.0,255,254,1.0,0.01,0.0,0.0,0.0,0.0,0,116309.0
24,9,478,2419,0,1,11,0.0,0.0,1.0,0.0,0.0,255,255,1.0,0.0,0.0,0.0,0.0,0.0,0,35596.0
52,9,925,334,0,1,1,0.0,0.0,1.0,0.0,1.0,99,176,0.6,0.05,0.01,0.0,0.0,0.0,0,58270.0
47,5,0,0,0,0,135,1.0,1.0,0.02,0.06,0.0,255,2,0.01,0.08,0.0,1.0,1.0,0.0,1,40789.0
24,9,244,1307,0,1,1,0.0,0.0,1.0,0.0,0.12,20,255,1.0,0.0,0.01,0.0,0.0,0.0,0,17767.0
12,9,32,94,0,0,2,0.0,0.0,0.5,1.0,0.0,46,44,0.96,0.04,0.0,0.0,0.0,0.0,0,81044.0
42,9,10073,0,0,1,16,0.19,0.0,0.06,0.56,0.0,125,1,0.01,0.2,0.0,0.05,0.0,0.0,0,45824.0
14,9,8,0,0,0,1,0.0,0.0,1.0,0.0,1.0,2,72,1.0,0.0,0.5,0.0,0.0,0.0,1,6641.0
47,5,0,0,0,0,283,1.0,1.0,0.02,0.06,0.0,255,10,0.04,0.08,0.0,1.0,1.0,0.0,1,42438.0
52,9,845,334,0,1,1,0.0,0.0,1.0,0.0,0.0,211,159,0.62,0.01,0.01,0.0,0.01,0.0,0,122705.0
36,1,0,0,0,0,143,0.0,0.0,0.06,0.06,0.0,255,7,0.03,0.07,0.0,0.0,0.0,1.0,1,44084.0
15,9,1032,0,0,0,32,0.0,0.0,1.0,0.0,0.0,255,255,1.0,0.0,0.0,0.0,0.0,0.0,1,55870.0
52,9,1139,332,0,1,1,0.0,0.0,1.0,0.0,0.0,175,168,0.79,0.03,0.01,0.01,0.01,0.0,0,89884.0
24,9,233,1600,0,1,1,0.0,0.0,1.0,0.0,0.0,255,255,1.0,0.0,0.0,0.0,0.0,0.0,0,70459.0
24,1,0,0,0,0,1,0.0,0.0,1.0,0.0,1.0,59,255,1.0,0.0,0.06,0.0,0.0,1.0,0,18751.0
47,5,0,0,0,0,260,1.0,1.0,0.07,0.06,0.0,255,11,0.04,0.08,0.0,1.0,1.0,0.0,1,86321.0
47,5,0,0,0,0,264,1.0,1.0,0.06,0.05,0.0,255,9,0.04,0.06,0.0,1.0,1.0,0.0,1,52387.0
24,9,295,26504,0,1,5,0.0,0.0,1.0,0.0,0.0,10,255,1.0,0.0,0.01,0.0,0.0,0.0,0,19214.0
24,9,245,357,0,1,7,0.0,0.0,1.0,0.0,0.33,255,255,1.0,0.0,0.0,0.0,0.0,0.0,0,7071.0
12,9,43,43,0,0,117,0.0,0.0,1.0,0.0,0.02,255,227,0.89,0.01,0.0,0.0,0.0,0.0,0,94852.0
24,9,314,1108,0,1,4,0.0,0.0,1.0,0.0,0.0,237,255,1.0,0.0,0.01,0.0,0.0,0.0,0,40503.0
24,9,251,2015,0,1,15,0.0,0.0,1.0,0.0,0.0,255,255,1.0,0.0,0.0,0.0,0.0,0.0,0,124381.0
18,9,6,171,0,0,1,0.0,0.0,1.0,0.0,0.0,70,4,0.06,0.04,0.0,0.0,0.0,0.0,0,123154.0
20,9,383,0,0,1,2,0.0,0.0,1.0,0.0,0.0,255,125,0.49,0.02,0.0,0.0,0.01,0.0,0,123401.0
14,9,8,0,0,0,1,0.0,0.0,1.0,0.0,1.0,1,107,1.0,0.0,0.5,0.0,0.0,0.0,1,53862.0
47,9,28,0,3,0,28,0.0,0.0,1.0,0.0,0.0,231,28,0.12,0.05,0.0,0.02,0.0,0.0,1,23521.0
47,1,0,0,0,0,1,0.0,0.0,1.0,0.0,0.0,36,2,0.03,1.0,1.0,0.0,0.0,1.0,1,58036.0
42,2,0,0,0,0,219,0.0,0.0,0.06,0.06,0.0,255,13,0.05,0.07,0.0,0.0,0.0,1.0,1,52559.0
14,9,8,0,0,0,1,0.0,0.0,1.0,0.0,1.0,1,11,1.0,0.0,0.55,0.0,0.0,0.0,1,2555.0
47,5,0,0,0,0,83,1.0,1.0,0.02,0.07,0.0,255,12,0.05,0.07,0.0,1.0,1.0,0.0,1,99987.0
12,9,45,75,0,0,120,0.0,0.0,1.0,0.0,0.0,255,255,1.0,0.0,0.0,0.0,0.0,0.0,0,91832.0
20,9,748,0,0,0,1,0.0,0.0,1.0,0.0,0.0,65,61,0.02,0.06,0.03,0.0,0.02,0.0,0,63593.0
47,5,0,0,0,0,207,1.0,1.0,0.02,0.07,0.0,255,7,0.03,0.07,0.0,1.0,1.0,0.0,1,88246.0
52,9,2362,374,0,1,7,0.0,0.0,0.14,0.29,1.0,86,244,0.98,0.02,0.01,0.0,0.0,0.0,0,20390.0
11,5,0,0,0,0,209,1.0,1.0,0.1,0.06,0.0,255,13,0.05,0.06,0.0,1.0,1.0,0.0,1,110401.0
24,9,181,5721,0,1,9,0.0,0.0,1.0,0.0,0.0,255,255,1.0,0.0,0.0,0.0,0.0,0.0,0,71766.0
47,9,28,0,3,0,84,0.0,0.0,1.0,0.0,0.0,255,51,0.2,0.01,0.0,0.0,0.0,0.0,1,22308.0
63,5,0,0,0,0,128,1.0,1.0,0.02,0.07,0.0,255,2,0.01,0.07,0.0,1.0,1.0,0.0,1,29529.0
24,9,342,795,0,1,2,0.0,0.0,1.0,0.0,0.0,80,255,1.0,0.0,0.04,0.0,0.0,0.0,0,88136.0
47,5,0,0,0,0,273,1.0,1.0,0.01,0.06,0.0,255,3,0.01,0.07,0.0,1.0,1.0,0.0,1,34904.0
24,9,298,310,0,1,26,0.0,0.0,1.0,0.0,0.0,61,255,1.0,0.0,0.02,0.0,0.0,0.0,0,58258.0
36,5,0,0,0,0,202,1.0,1.0,0.01,0.06,0.0,255,18,0.07,0.06,0.0,1.0,1.0,0.0,1,94684.0
24,9,359,482,0,1,3,0.0,0.0,1.0,0.0,0.5,149,255,1.0,0.0,0.02,0.0,0.0,0.0,0,55664.0
47,4,0,0,0,0,1,0.0,0.0,1.0,0.0,0.0,103,1,0.01,0.09,0.0,0.0,0.0,1.0,1,28360.0
24,9,213,420,0,1,29,0.0,0.0,1.0,0.0,0.09,48,255,1.0,0.0,0.04,0.0,0.0,0.0,0,94392.0
12,9,44,73,0,0,127,0.0,0.0,1.0,0.0,0.0,255,254,1.0,0.01,0.0,0.0,0.0,0.0,0,125470.0
0,4,1573,5844,0,1,1,0.0,0.0,1.0,0.0,0.0,2,2,1.0,0.0,0.0,0.5,0.5,0.5,0,57664.0
24,9,303,8173,0,1,7,0.0,0.0,1.0,0.0,0.0,197,255,1.0,0.0,0.03,0.0,0.0,0.0,0,75676.0
24,9,229,1404,0,1,14,0.0,0.0,1.0,0.0,0.0,147,255,1.0,0.0,0.01,0.0,0.0,0.0,0,116479.0
24,9,222,2444,0,1,16,0.0,0.0,1.0,0.0,0.0,35,255,1.0,0.0,0.01,0.0,0.0,0.0,0,77906.0
11,5,0,0,0,0,291,1.0,1.0,0.0,0.05,0.0,255,9,0.04,0.07,0.0,1.0,1.0,0.0,1,76140.0
16,5,0,0,0,0,94,1.0,1.0,0.04,0.06,0.0,255,4,0.02,0.06,0.0,1.0,1.0,0.0,1,96311.0
12,9,44,110,0,0,69,0.0,0.0,1.0,0.0,0.01,255,206,0.81,0.01,0.0,0.0,0.0,0.0,0,48380.0
24,9,237,261,0,1,24,0.0,0.0,1.0,0.0,0.17,255,255,1.0,0.0,0.0,0.0,0.0,0.0,0,14426.0
24,9,201,876,0,1,11,0.0,0.0,1.0,0.0,0.0,13,255,1.0,0.0,0.06,0.0,0.0,0.0,0,49026.0
47,9,100,0,0,0,3,0.0,0.0,1.0,0.0,0.0,182,32,0.18,0.01,0.0,0.0,0.0,0.0,1,34098.0
24,9,54540,8314,0,1,4,0.0,0.0,1.0,0.0,0.0,50,50,1.0,0.0,0.0,0.0,0.0,0.04,1,23035.0
47,9,105,105,0,0,1,0.0,0.0,1.0,0.0,0.0,114,76,0.67,0.03,0.0,0.0,0.0,0.0,0,730.0
24,9,188,1656,0,1,1,0.0,0.0,1.0,0.0,0.0,6,255,1.0,0.0,0.03,0.0,0.0,0.0,0,51494.0
24,9,240,6086,0,1,5,0.0,0.0,1.0,0.0,0.33,255,255,1.0,0.0,0.0,0.0,0.0,0.0,0,37027.0
24,5,0,0,0,0,2,1.0,1.0,1.0,0.0,0.0,255,42,0.16,0.03,0.0,1.0,1.0,0.0,1,70913.0
12,9,43,69,0,0,155,0.0,0.0,1.0,0.0,0.0,255,225,0.88,0.01,0.0,0.0,0.0,0.0,0,78657.0
47,5,0,0,0,0,258,1.0,1.0,0.01,0.06,0.0,255,19,0.07,0.08,0.0,1.0,1.0,0.0,1,104214.0
47,1,0,0,0,0,104,0.0,0.0,0.02,0.08,0.0,255,22,0.09,0.07,0.0,0.0,0.0,1.0,1,15704.0
24,5,0,0,0,0,44,1.0,1.0,0.41,0.09,0.0,255,58,0.23,0.03,0.0,1.0,1.0,0.0,1,105523.0
24,9,321,962,0,1,19,0.0,0.0,1.0,0.0,0.1,219,255,1.0,0.0,0.03,0.0,0.0,0.0,0,45458.0
24,9,193,759,0,1,1,0.0,0.0,1.0,0.0,0.67,123,255,1.0,0.0,0.02,0.01,0.01,0.0,0,49559.0
20,9,245,0,0,0,2,0.0,0.0,1.0,0.0,0.0,8,87,0.25,0.38,0.02,0.0,0.0,0.0,0,1501.0
47,5,0,0,0,0,137,1.0,1.0,0.08,0.06,0.0,255,11,0.04,0.05,0.0,1.0,1.0,0.0,1,87945.0
24,9,227,2438,0,1,14,0.0,0.0,1.0,0.0,0.0,19,255,1.0,0.0,0.03,0.05,0.0,0.0,0,36448.0
20,9,245,0,0,0,2,0.0,0.0,1.0,0.0,0.0,255,104,0.41,0.02,0.0,0.0,0.0,0.0,0,2977.0
10,5,0,0,0,0,9,1.0,1.0,0.44,0.22,0.0,255,4,0.02,0.08,0.0,1.0,1.0,0.0,1,51905.0
24,9,155,7594,0,1,1,0.0,0.0,1.0,0.0,1.0,1,20,1.0,0.0,0.25,0.0,0.0,0.0,0,33293.0
24,9,225,1897,0,1,5,0.0,0.0,1.0,0.0,0.0,13,255,1.0,0.0,0.01,0.0,0.0,0.0,0,112090.0
24,9,242,2278,0,1,4,0.0,0.0,1.0,0.0,0.23,255,255,1.0,0.0,0.0,0.01,0.01,0.0,0,46331.0
24,9,212,1186,0,1,2,0.0,0.0,1.0,0.0,0.0,47,255,1.0,0.0,0.02,0.0,0.0,0.0,0,10522.0
24,9,287,28392,0,1,7,0.0,0.0,1.0,0.0,0.22,255,255,1.0,0.0,0.0,0.0,0.0,0.0,0,36293.0
24,9,252,4143,0,1,22,0.0,0.0,1.0,0.0,0.0,255,255,1.0,0.0,0.0,0.0,0.0,0.0,0,37515.0
47,5,0,0,0,0,184,1.0,1.0,0.04,0.07,0.0,30,7,0.23,0.2,0.0,0.53,1.0,0.0,1,71358.0
34,5,0,0,0,0,296,1.0,1.0,0.05,0.05,0.0,255,5,0.02,0.08,0.0,1.0,1.0,0.0,1,94921.0
24,9,323,1262,0,1,22,0.0,0.0,1.0,0.0,0.1,106,255,1.0,0.0,0.05,0.0,0.0,0.0,0,64218.0
19,2,0,0,0,0,248,0.0,0.0,0.01,0.06,0.0,255,2,0.01,0.07,0.0,0.0,0.0,1.0,1,43762.0
20,9,334,0,0,1,1,0.0,0.0,1.0,0.0,0.0,1,17,1.0,0.0,0.24,0.0,0.0,0.0,1,550.0
42,9,9311,0,0,1,5,0.2,0.0,0.2,0.6,0.0,164,1,0.01,0.04,0.0,0.01,0.0,0.0,0,34240.0
52,9,850,330,0,1,1,0.0,0.0,1.0,0.0,1.0,108,150,0.5,0.06,0.01,0.0,0.0,0.0,0,99704.0
47,5,0,0,0,0,119,1.0,1.0,0.03,0.09,0.0,255,3,0.01,0.08,0.0,1.0,1.0,0.0,1,122520.0
14,9,8,0,0,0,1,0.0,0.0,1.0,0.0,1.0,2,129,1.0,0.0,0.5,0.0,0.0,0.0,1,11129.0
25,5,0,0,0,0,149,1.0,1.0,0.06,0.05,0.0,255,10,0.04,0.06,0.0,1.0,1.0,0.0,1,55633.0
47,5,0,0,0,0,109,1.0,1.0,0.17,0.06,0.0,255,5,0.02,0.06,0.0,1.0,1.0,0.0,1,55223.0
17,5,0,0,0,0,150,1.0,1.0,0.09,0.05,0.0,255,7,0.03,0.07,0.0,1.0,1.0,0.0,1,69432.0
57,5,0,0,0,0,267,1.0,1.0,0.09,0.05,0.0,255,25,0.1,0.05,0.0,1.0,1.0,0.0,1,54864.0
20,9,4491,0,0,0,1,0.0,0.0,1.0,0.0,0.0,63,79,0.25,0.06,0.03,0.0,0.0,0.0,0,672.0
47,5,0,0,0,0,362,0.05,1.0,0.0,1.0,0.0,255,1,0.0,1.0,0.0,0.06,1.0,0.0,1,95164.0
14,9,8,0,0,0,1,0.0,0.0,1.0,0.0,1.0,2,80,1.0,0.0,0.5,0.0,0.0,0.0,1,81233.0
10,5,0,0,0,0,262,1.0,1.0,0.05,0.06,0.0,255,12,0.05,0.07,0.0,1.0,1.0,0.0,1,50067.0
23,5,0,0,0,0,252,1.0,1.0,0.01,0.06,0.0,255,3,0.01,0.07,0.0,1.0,1.0,0.0,1,5391.0
20,9,748,0,0,0,1,0.0,0.0,1.0,0.0,0.0,178,33,0.19,0.02,0.0,0.0,0.0,0.0,0,69814.0
10,5,0,0,0,0,234,1.0,1.0,0.08,0.06,0.0,255,18,0.07,0.07,0.0,1.0,1.0,0.0,1,100069.0
14,9,8,0,0,0,1,0.0,0.0,1.0,0.0,1.0,1,28,1.0,0.0,0.54,0.0,0.0,0.0,1,105106.0
20,9,334,0,0,1,1,0.0,0.0,1.0,0.0,0.0,9,38,0.78,0.22,0.13,0.0,0.0,0.0,1,65396.0
24,9,241,1309,0,1,15,0.0,0.0,1.0,0.0,0.0,15,236,1.0,0.0,0.02,0.0,0.0,0.0,0,37824.0
24,9,148,292,0,1,1,0.0,0.0,1.0,0.0,0.0,3,255,1.0,0.0,0.04,0.33,0.01,0.0,0,14194.0
33,5,0,0,0,0,268,1.0,1.0,0.07,0.06,0.0,255,19,0.07,0.07,0.0,1.0,1.0,0.0,1,89215.0
12,9,44,131,0,0,159,0.0,0.0,1.0,0.0,0.0,84,45,0.54,0.04,0.0,0.0,0.0,0.0,0,14519.0
52,9,0,82,0,1,1,0.0,0.0,1.0,0.0,0.0,6,79,0.17,1.0,0.04,0.0,0.01,0.03,1,23204.0
52,9,1136,332,0,1,2,0.0,0.0,1.0,0.0,0.8,21,159,0.71,0.19,0.01,0.0,0.01,0.0,0,16398.0
65,5,0,0,0,0,87,1.0,1.0,0.22,0.07,0.0,255,8,0.03,0.09,0.0,1.0,1.0,0.0,1,72597.0
20,9,7422,0,0,0,13,0.0,0.0,1.0,0.0,0.07,84,51,0.3,0.04,0.04,0.0,0.0,0.0,0,112533.0
12,9,44,44,0,0,145,0.0,0.0,1.0,0.0,0.0,255,255,1.0,0.0,0.0,0.0,0.0,0.0,0,118732.0
60,2,0,0,0,0,100,0.0,0.0,0.2,0.07,0.0,255,7,0.03,0.08,0.0,0.0,0.0,1.0,1,108240.0
18,9,8,147,0,0,1,0.0,0.0,1.0,0.0,0.0,93,3,0.03,0.06,0.0,0.02,0.33,0.0,0,95150.0
14,9,30,0,0,0,2,0.0,0.0,0.5,1.0,0.0,255,25,0.1,0.01,0.0,0.0,0.0,0.0,0,114626.0
52,9,885,335,0,1,1,0.0,0.0,1.0,0.0,0.0,2,146,0.5,1.0,0.01,0.0,0.0,0.0,0,39901.0
24,9,297,2531,0,1,9,0.0,0.0,1.0,0.0,0.0,67,67,1.0,0.0,0.0,0.0,0.0,0.0,0,45553.0
47,5,0,0,0,0,114,1.0,1.0,0.12,0.06,0.0,61,13,0.21,0.1,0.0,1.0,1.0,0.0,1,8644.0
47,5,0,0,0,0,165,1.0,1.0,0.08,0.07,0.0,255,4,0.02,0.08,0.0,1.0,1.0,0.0,1,38341.0
52,9,2578,369,0,1,1,0.0,0.0,1.0,0.0,0.0,255,141,0.55,0.03,0.0,0.0,0.0,0.0,0,48266.0
24,9,330,415,0,1,16,0.0,0.0,1.0,0.0,0.0,255,255,1.0,0.0,0.0,0.0,0.0,0.0,0,48741.0
24,9,329,1492,0,1,11,0.0,0.0,1.0,0.0,0.0,212,255,1.0,0.0,0.01,0.0,0.0,0.0,0,125896.0
24,9,284,27340,0,1,2,0.0,0.0,1.0,0.0,0.67,38,255,1.0,0.0,0.04,0.0,0.0,0.04,0,100268.0
12,9,46,77,0,0,125,0.0,0.0,1.0,0.0,0.0,255,255,1.0,0.0,0.0,0.0,0.0,0.0,0,122477.0
47,9,1,0,0,0,18,0.0,0.0,0.11,0.17,0.0,255,2,0.01,0.53,0.0,0.16,0.0,0.0,1,91067.0
39,5,0,0,0,0,102,1.0,1.0,0.02,0.07,0.0,255,2,0.01,0.07,0.0,1.0,1.0,0.0,1,34158.0
47,5,0,0,0,0,112,1.0,1.0,0.02,0.06,0.0,255,5,0.02,0.06,0.0,1.0,1.0,0.0,1,3897.0
24,9,54540,8314,0,1,3,0.0,0.0,1.0,0.0,0.0,226,226,1.0,0.0,0.0,0.0,0.0,0.06,1,30011.0
14,9,30,0,0,0,1,0.0,0.0,1.0,0.0,0.0,23,129,1.0,0.0,0.42,0.0,0.0,0.0,0,19703.0
28,1,0,0,0,0,147,0.0,0.0,0.12,0.05,0.0,255,18,0.07,0.07,0.0,0.0,0.0,1.0,1,16043.0
24,9,343,2226,0,1,23,0.0,0.0,1.0,0.0,0.0,255,255,1.0,0.0,0.0,0.0,0.0,0.0,0,51971.0
10,9,6,0,0,1,56,0.0,0.0,0.02,1.0,0.0,174,1,0.01,0.39,0.0,0.0,0.0,0.0,1,121171.0
47,5,0,0,0,0,278,1.0,1.0,0.0,0.06,0.0,255,18,0.07,0.07,0.0,1.0,1.0,0.0,1,55632.0
52,9,2552,330,0,1,1,0.0,0.0,1.0,0.0,0.0,126,84,0.67,0.03,0.0,0.0,0.0,0.0,0,24250.0
7,5,0,0,0,0,232,1.0,1.0,0.08,0.05,0.0,255,18,0.07,0.06,0.0,1.0,1.0,0.0,1,29185.0
24,9,357,270,0,1,1,0.0,0.0,1.0,0.0,0.29,3,95,1.0,0.0,0.07,0.0,0.0,0.0,0,60179.0
36,5,0,0,0,0,241,1.0,1.0,0.08,0.06,0.0,255,20,0.08,0.07,0.0,1.0,1.0,0.0,1,2086.0
47,5,0,0,0,0,259,1.0,1.0,0.08,0.05,0.0,255,22,0.09,0.06,0.0,1.0,1.0,0.0,1,38823.0
41,9,48,48,0,0,162,0.0,0.0,0.01,0.01,0.0,53,33,0.62,0.04,0.0,0.0,0.0,0.0,0,40839.0
24,9,292,1718,0,1,8,0.0,0.0,1.0,0.0,0.22,198,255,1.0,0.0,0.01,0.0,0.0,0.0,0,90716.0
24,9,201,2139,0,1,29,0.0,0.0,1.0,0.0,0.07,99,255,1.0,0.0,0.03,0.01,0.0,0.0,0,79689.0
26,5,0,0,0,0,227,1.0,1.0,0.04,0.06,0.0,255,9,0.04,0.08,0.0,1.0,1.0,0.0,1,48843.0
11,5,0,0,0,0,275,1.0,1.0,0.06,0.06,0.0,255,17,0.07,0.06,0.0,1.0,1.0,0.0,1,98019.0
12,9,44,127,0,0,72,0.0,0.0,1.0,0.0,0.01,255,232,0.91,0.01,0.0,0.0,0.0,0.0,0,112991.0
47,5,0,0,0,0,103,1.0,1.0,0.24,0.06,0.0,255,25,0.1,0.07,0.0,1.0,1.0,0.0,1,33229.0
24,9,229,2090,0,1,5,0.0,0.0,1.0,0.0,0.22,255,255,1.0,0.0,0.0,0.0,0.0,0.0,0,111934.0
19,9,338,1072,0,1,1,0.0,0.0,1.0,0.0,0.0,255,50,0.2,0.02,0.0,0.0,0.0,0.0,0,62359.0
17,5,0,0,0,0,96,1.0,1.0,0.14,0.07,0.0,255,13,0.05,0.06,0.0,1.0,1.0,0.0,1,46041.0
52,9,2206,328,0,1,1,0.0,0.0,1.0,0.0,0.0,255,149,0.58,0.02,0.0,0.0,0.0,0.0,0,89959.0
7,1,0,0,0,0,263,0.0,0.0,0.05,0.06,0.0,255,12,0.05,0.07,0.0,0.0,0.0,1.0,1,46984.0
11,5,0,0,0,0,148,1.0,1.0,0.11,0.05,0.0,255,16,0.06,0.05,0.0,1.0,1.0,0.0,1,8980.0
24,9,253,397,0,1,3,0.0,0.0,1.0,0.0,0.0,255,255,1.0,0.0,0.0,0.0,0.0,0.0,0,5394.0
47,1,0,0,0,0,394,0.06,0.0,0.0,1.0,0.0,255,1,0.0,1.0,0.0,0.09,0.0,1.0,1,73071.0
58,5,0,0,0,0,24,1.0,1.0,0.12,0.17,0.0,255,56,0.22,0.04,0.0,1.0,1.0,0.0,1,111657.0
24,9,221,709,0,1,14,0.0,0.0,1.0,0.0,0.0,20,255,1.0,0.0,0.01,0.0,0.0,0.0,0,55211.0
12,9,46,46,0,0,128,0.0,0.0,1.0,0.0,0.02,248,183,0.74,0.02,0.0,0.0,0.0,0.0,0,123522.0
47,5,0,0,0,0,147,1.0,1.0,0.12,0.05,0.0,255,5,0.02,0.06,0.0,1.0,1.0,0.0,1,27667.0
47,9,28,0,3,0,76,0.01,0.0,0.97,0.04,0.0,255,74,0.29,0.02,0.0,0.0,0.0,0.0,1,33287.0
11,5,0,0,0,0,272,1.0,1.0,0.03,0.06,0.0,255,7,0.03,0.07,0.0,1.0,1.0,0.0,1,43681.0
5,1,0,0,0,0,263,0.0,0.0,0.05,0.07,0.0,255,12,0.05,0.07,0.0,0.0,0.0,1.0,1,55945.0
24,9,214,289,0,1,6,0.0,0.0,1.0,0.0,0.16,164,255,1.0,0.0,0.01,0.0,0.0,0.0,0,63175.0
39,5,0,0,0,0,64,1.0,1.0,0.02,0.08,0.0,255,1,0.0,0.07,0.0,1.0,1.0,0.0,1,92872.0
42,9,145,105,0,0,4,0.0,0.0,0.5,0.5,0.0,255,2,0.01,0.67,0.0,0.0,0.0,0.0,0,22276.0
47,5,0,0,0,0,150,1.0,1.0,0.06,0.06,0.0,171,9,0.05,0.09,0.0,1.0,1.0,0.0,1,106485.0
20,9,14,0,0,1,2,0.0,0.0,1.0,0.0,0.0,118,43,0.12,0.05,0.05,0.01,0.0,0.0,0,97121.0
24,9,298,1442,0,1,17,0.0,0.0,1.0,0.0,0.15,84,255,1.0,0.0,0.04,0.0,0.0,0.0,0,100411.0
47,5,0,0,0,0,133,1.0,1.0,0.03,0.06,0.0,255,16,0.06,0.07,0.0,1.0,1.0,0.0,1,8596.0
23,5,0,0,0,0,298,1.0,1.0,0.08,0.05,0.0,255,24,0.09,0.05,0.0,1.0,1.0,0.0,1,82292.0
47,5,0,0,0,0,129,1.0,1.0,0.12,0.06,0.0,255,11,0.04,0.07,0.0,1.0,1.0,0.0,1,48130.0
24,9,145,2140,0,1,1,0.0,0.0,1.0,0.0,0.0,1,255,1.0,0.0,0.03,0.0,0.0,0.0,0,71277.0
20,5,0,0,0,0,40,1.0,1.0,0.28,0.1,0.0,255,67,0.26,0.02,0.0,1.0,1.0,0.0,1,51333.0
47,5,0,0,0,0,213,1.0,1.0,0.04,0.05,0.0,73,8,0.11,0.11,0.0,0.97,1.0,0.0,1,120804.0
24,9,260,1055,0,1,15,0.0,0.0,1.0,0.0,0.11,121,255,1.0,0.0,0.03,0.0,0.0,0.0,0,82117.0
24,9,282,2251,0,1,31,0.0,0.0,1.0,0.0,0.09,255,255,1.0,0.0,0.0,0.0,0.0,0.0,0,57327.0
12,9,44,127,0,0,277,0.0,0.0,1.0,0.0,0.0,255,252,0.99,0.01,0.0,0.0,0.0,0.0,0,69541.0
63,5,0,0,0,0,127,1.0,1.0,0.09,0.06,0.0,255,11,0.04,0.05,0.0,1.0,1.0,0.0,1,45967.0
24,9,206,4427,0,1,2,0.0,0.0,1.0,0.0,0.0,64,255,1.0,0.0,0.05,0.0,0.0,0.0,0,112964.0
20,9,26408,0,0,1,9,0.0,0.0,1.0,0.0,0.2,240,83,0.35,0.05,0.0,0.0,0.01,0.0,0,37411.0
18,5,0,0,0,0,246,1.0,1.0,0.04,0.06,0.0,255,11,0.04,0.06,0.0,1.0,1.0,0.0,1,6630.0
24,9,54540,8314,0,1,4,0.0,0.0,1.0,0.0,0.0,36,36,1.0,0.0,0.0,0.0,0.0,0.06,1,117386.0
47,5,0,0,0,0,160,1.0,1.0,0.03,0.06,0.0,255,4,0.02,0.06,0.0,1.0,1.0,0.0,1,54008.0
14,9,8,0,0,0,1,0.0,0.0,1.0,0.0,1.0,3,51,1.0,0.0,0.25,0.0,0.0,0.0,1,31106.0
24,9,305,1211,0,1,12,0.0,0.0,1.0,0.0,0.12,255,255,1.0,0.0,0.0,0.0,0.0,0.0,0,88978.0
14,9,30,0,0,0,2,0.0,0.0,1.0,0.0,0.0,209,209,1.0,0.0,0.0,0.0,0.0,0.0,0,82300.0
24,9,315,293,0,1,16,0.0,0.0,1.0,0.0,0.0,255,255,1.0,0.0,0.0,0.0,0.0,0.0,0,48675.0
42,4,1,0,0,0,2,0.0,0.0,1.0,0.0,0.0,255,2,0.01,0.74,0.0,0.0,0.0,1.0,1,8483.0
24,9,292,970,0,1,1,0.0,0.0,1.0,0.0,0.0,11,255,1.0,0.0,0.06,0.0,0.0,0.0,0,55397.0
42,1,0,0,0,0,511,0.03,0.0,0.0,1.0,0.0,255,1,0.0,1.0,0.0,0.0,0.0,1.0,1,108329.0
47,9,105,146,0,0,2,0.0,0.0,1.0,0.0,0.0,255,254,1.0,0.01,0.0,0.0,0.0,0.0,0,7412.0
24,9,285,5969,0,1,14,0.0,0.0,1.0,0.0,0.0,14,255,1.0,0.0,0.02,0.0,0.0,0.0,0,118050.0
33,5,0,0,0,0,263,1.0,1.0,0.06,0.06,0.0,255,4,0.02,0.07,0.0,1.0,1.0,0.0,1,108297.0
12,9,45,130,0,0,127,0.0,0.0,1.0,0.0,0.0,255,205,0.8,0.01,0.0,0.0,0.0,0.0,0,125235.0
24,9,159,8156,0,1,1,0.0,0.0,1.0,0.0,0.4,255,255,1.0,0.0,0.0,0.0,0.0,0.0,0,119252.0
47,4,1,0,0,0,2,0.0,0.0,1.0,0.0,0.0,255,2,0.01,0.74,0.0,0.0,0.0,1.0,1,122143.0
12,9,45,134,0,0,72,0.0,0.0,1.0,0.0,0.01,255,254,1.0,0.01,0.0,0.0,0.0,0.0,0,85739.0
45,5,0,0,0,0,243,1.0,1.0,0.07,0.07,0.0,255,18,0.07,0.07,0.0,1.0,1.0,0.0,1,37680.0
24,9,251,468,0,1,4,0.0,0.0,1.0,0.0,0.14,255,255,1.0,0.0,0.0,0.0,0.0,0.0,0,84419.0
14,9,20,0,0,0,2,0.0,0.0,1.0,0.0,0.0,255,2,0.01,0.02,0.0,0.0,0.0,0.0,1,120383.0
32,5,0,0,0,0,144,1.0,1.0,0.06,0.06,0.0,255,9,0.04,0.06,0.0,1.0,1.0,0.0,1,37093.0
24,9,209,944,0,1,2,0.0,0.0,1.0,0.0,0.0,255,255,1.0,0.0,0.0,0.0,0.0,0.0,0,63649.0
24,9,196,172,0,1,4,0.0,0.0,1.0,0.0,0.0,210,213,1.0,0.0,0.01,0.0,0.0,0.0,0,27571.0
52,9,1003,327,0,1,1,0.0,0.0,1.0,0.0,1.0,171,144,0.36,0.02,0.01,0.0,0.0,0.0,0,32109.0
12,9,44,79,0,0,167,0.0,0.0,1.0,0.0,0.0,255,234,0.92,0.01,0.0,0.0,0.0,0.0,0,1899.0
10,5,0,0,0,0,135,1.0,1.0,0.09,0.07,0.0,255,12,0.05,0.07,0.0,1.0,1.0,0.0,1,13360.0
24,9,195,1205,0,1,4,0.0,0.0,1.0,0.0,0.5,17,123,1.0,0.0,0.09,0.0,0.0,0.0,0,45162.0
47,5,0,0,0,0,112,1.0,1.0,0.04,0.06,0.0,255,2,0.01,0.07,0.0,1.0,1.0,0.0,1,20114.0
47,5,0,0,0,0,206,1.0,1.0,0.06,0.06,0.0,255,1,0.0,0.09,0.0,1.0,1.0,0.0,1,28775.0
47,5,0,0,0,0,47,1.0,1.0,0.23,0.13,0.0,255,13,0.05,0.09,0.0,1.0,1.0,0.0,1,40045.0
52,9,1071,286,0,1,1,0.0,0.0,1.0,0.0,1.0,38,114,0.74,0.13,0.02,0.0,0.0,0.0,0,116759.0
25,1,0,0,0,0,68,0.0,0.0,0.03,0.09,0.0,255,2,0.01,0.06,0.0,0.0,0.0,1.0,1,109136.0
24,9,292,2828,0,1,3,0.0,0.0,1.0,0.0,0.3,255,255,1.0,0.0,0.0,0.0,0.0,0.0,0,45377.0
47,5,0,0,0,0,175,1.0,1.0,0.11,0.06,0.0,255,11,0.04,0.07,0.0,1.0,1.0,0.0,1,125854.0
12,9,44,44,0,0,118,0.0,0.0,1.0,0.0,0.03,238,173,0.73,0.02,0.0,0.0,0.0,0.0,0,33064.0
24,9,260,3269,0,1,2,0.0,0.0,1.0,0.0,0.0,10,255,1.0,0.0,0.06,0.0,0.0,0.0,0,95595.0
24,9,349,3326,0,1,7,0.0,0.0,1.0,0.0,0.0,141,255,1.0,0.0,0.05,0.0,0.0,0.0,0,82954.0
24,9,228,2314,0,1,24,0.0,0.0,1.0,0.0,0.08,88,255,1.0,0.0,0.03,0.0,0.0,0.0,0,34806.0
24,9,202,4298,0,1,5,0.2,0.2,1.0,0.0,0.0,228,255,1.0,0.0,0.01,0.0,0.0,0.0,0,34530.0
24,9,206,20567,0,1,9,0.0,0.0,1.0,0.0,0.0,31,255,1.0,0.0,0.05,0.0,0.0,0.0,0,29370.0
24,9,331,1907,0,1,10,0.0,0.0,1.0,0.0,0.05,67,255,1.0,0.0,0.04,0.0,0.0,0.0,0,24323.0
24,9,183,13640,0,1,1,0.0,0.0,1.0,0.0,0.0,83,255,1.0,0.0,0.01,0.0,0.0,0.0,0,42683.0
24,9,205,26456,0,1,1,0.0,0.0,1.0,0.0,0.67,68,255,1.0,0.0,0.04,0.0,0.0,0.0,0,99728.0
24,9,331,412,0,1,6,0.0,0.0,1.0,0.0,0.0,28,255,1.0,0.0,0.03,0.0,0.01,0.0,0,106449.0
12,9,42,44,0,0,3,0.0,0.0,0.67,0.67,0.67,255,234,0.92,0.01,0.0,0.0,0.0,0.0,0,58437.0
24,9,306,3882,0,1,4,0.0,0.0,1.0,0.0,0.0,4,255,1.0,0.0,0.02,0.0,0.0,0.01,0,26422.0
30,1,0,0,0,0,235,0.0,0.0,0.0,0.07,0.0,255,1,0.0,0.07,0.0,0.0,0.0,1.0,1,106554.0
52,9,1693,326,0,1,1,0.0,0.0,1.0,0.0,1.0,143,179,0.64,0.04,0.01,0.0,0.0,0.0,0,2166.0
64,5,0,0,0,0,229,1.0,1.0,0.03,0.06,0.0,255,6,0.02,0.08,0.0,1.0,1.0,0.0,1,52154.0
62,9,182,0,0,0,5,0.0,0.0,0.4,0.6,0.0,255,29,0.11,0.01,0.0,0.0,0.0,0.0,0,75517.0
24,9,209,1155,0,1,34,0.0,0.0,1.0,0.0,0.11,255,255,1.0,0.0,0.0,0.0,0.0,0.0,0,6347.0
47,5,0,0,0,0,235,1.0,1.0,0.06,0.06,0.0,255,12,0.05,0.07,0.0,1.0,1.0,0.0,1,5567.0
56,5,0,0,0,0,20,1.0,1.0,0.45,0.25,0.0,255,10,0.04,0.08,0.0,1.0,1.0,0.0,1,102419.0
52,9,2784,325,0,1,1,0.0,0.0,1.0,0.0,0.0,113,151,0.45,0.05,0.01,0.0,0.0,0.0,0,84124.0
47,5,0,0,0,0,140,1.0,1.0,0.04,0.05,0.0,255,6,0.02,0.05,0.0,1.0,1.0,0.0,1,68318.0
24,9,293,313,0,1,12,0.0,0.0,1.0,0.0,0.0,255,255,1.0,0.0,0.0,0.0,0.0,0.0,0,106612.0
47,5,0,0,0,0,264,1.0,1.0,0.02,0.06,0.0,255,7,0.03,0.08,0.0,1.0,1.0,0.0,1,40407.0
45,9,38,130,0,1,1,0.0,0.0,1.0,0.0,0.0,155,11,0.05,0.03,0.18,0.0,0.0,0.0,0,42622.0
47,5,0,0,0,0,266,1.0,1.0,0.05,0.05,0.0,126,13,0.1,0.08,0.0,0.98,1.0,0.0,1,21823.0
57,1,0,0,0,0,258,0.0,0.0,0.01,0.06,0.0,255,2,0.01,0.07,0.0,0.0,0.0,1.0,1,43528.0
12,9,46,46,0,0,4,0.0,0.0,1.0,0.0,0.01,255,255,1.0,0.0,0.0,0.0,0.0,0.0,0,86962.0
62,9,183,0,0,0,1,0.0,0.0,1.0,0.0,0.0,255,22,0.09,0.01,0.0,0.0,0.0,0.0,0,13041.0
24,9,219,3248,0,1,11,0.0,0.0,1.0,0.0,0.0,76,255,1.0,0.0,0.02,0.0,0.0,0.31,0,36547.0
24,9,217,592,0,1,10,0.0,0.0,1.0,0.0,0.13,22,255,1.0,0.0,0.02,0.0,0.0,0.0,0,124008.0
66,5,0,0,0,0,214,1.0,1.0,0.06,0.07,0.0,255,13,0.05,0.07,0.0,1.0,1.0,0.0,1,87125.0
6,5,0,0,0,0,118,1.0,1.0,0.05,0.07,0.0,255,1,0.0,0.07,0.0,1.0,1.0,0.0,1,11177.0
47,5,0,0,0,0,224,1.0,1.0,0.0,0.05,0.0,255,1,0.0,0.07,0.0,1.0,1.0,0.0,1,56826.0
25,1,0,0,0,0,71,0.0,0.0,0.07,0.08,0.0,255,5,0.02,0.06,0.0,0.0,0.0,1.0,1,1390.0
47,5,0,0,0,0,42,1.0,1.0,0.21,0.1,0.0,255,9,0.04,0.08,0.0,1.0,1.0,0.0,1,98954.0
15,9,520,0,0,0,457,0.0,0.0,1.0,0.0,0.0,224,224,1.0,0.0,0.0,0.0,0.0,0.0,1,5897.0
20,9,1556,0,0,1,4,0.0,0.0,1.0,0.0,0.0,255,10,0.04,0.02,0.0,0.0,0.0,0.0,0,117116.0
29,5,0,0,0,0,106,1.0,1.0,0.06,0.07,0.0,255,6,0.02,0.07,0.0,1.0,1.0,0.0,1,46063.0
24,9,209,885,0,1,21,0.0,0.0,1.0,0.0,0.12,255,255,1.0,0.0,0.0,0.0,0.0,0.0,0,40547.0
24,9,216,421,0,1,11,0.0,0.0,1.0,0.0,0.0,192,255,1.0,0.0,0.02,0.0,0.0,0.0,0,59705.0
47,5,0,0,0,0,143,1.0,1.0,0.06,0.06,0.0,255,6,0.02,0.07,0.0,1.0,1.0,0.0,1,34965.0
24,1,0,0,0,0,1,0.0,0.0,1.0,0.0,0.0,3,80,1.0,0.0,0.22,0.0,0.0,1.0,0,36063.0
12,9,46,46,0,0,135,0.0,0.0,1.0,0.0,0.0,255,255,1.0,0.0,0.0,0.0,0.0,0.0,0,92528.0
24,9,211,1183,0,1,35,0.0,0.0,1.0,0.0,0.09,140,255,1.0,0.0,0.02,0.0,0.0,0.0,0,76322.0
24,9,310,6072,0,1,20,0.0,0.0,1.0,0.0,0.0,255,255,1.0,0.0,0.0,0.01,0.01,0.0,0,29531.0
41,9,48,48,0,0,1,0.0,0.0,1.0,0.0,0.0,73,35,0.48,0.04,0.0,0.0,0.0,0.0,0,27662.0
24,9,357,2197,0,1,1,0.0,0.0,1.0,0.0,0.43,17,255,1.0,0.0,0.07,0.0,0.0,0.0,0,99677.0
24,9,224,260,0,1,3,0.33,0.33,1.0,0.0,0.0,74,94,1.0,0.0,0.04,0.03,0.02,0.0,0,34302.0
24,9,54540,8314,0,1,4,0.0,0.0,1.0,0.0,0.0,33,33,1.0,0.0,0.0,0.0,0.0,0.33,1,70381.0
47,5,0,0,0,0,274,1.0,1.0,0.04,0.06,0.0,255,12,0.05,0.08,0.0,1.0,1.0,0.0,1,115858.0
24,9,213,2431,0,1,2,0.0,0.0,1.0,0.0,0.0,2,255,1.0,0.0,0.01,0.0,0.01,0.0,0,4975.0
42,9,146,105,0,0,1,0.0,0.0,1.0,0.0,0.0,255,1,0.0,0.56,0.0,0.0,0.0,0.0,0,122337.0
19,9,214,750,0,1,1,0.0,0.0,1.0,0.0,1.0,27,1,0.04,0.11,0.0,0.0,0.0,0.0,0,99537.0
20,5,0,0,0,0,29,1.0,1.0,0.24,0.14,0.0,255,53,0.21,0.04,0.0,1.0,1.0,0.0,1,34037.0
24,9,313,13343,0,1,7,0.0,0.0,1.0,0.0,0.25,255,255,1.0,0.0,0.0,0.0,0.0,0.0,0,103355.0
24,9,347,5280,0,1,7,0.0,0.0,1.0,0.0,0.0,190,255,1.0,0.0,0.02,0.0,0.0,0.0,0,125872.0
24,9,334,342,0,1,22,0.0,0.0,1.0,0.0,0.08,22,255,1.0,0.0,0.02,0.0,0.0,0.0,0,94462.0
24,5,0,0,0,0,31,1.0,1.0,0.32,0.13,0.0,255,59,0.23,0.04,0.0,1.0,1.0,0.0,1,109010.0
14,9,8,0,0,0,1,0.0,0.0,1.0,0.0,1.0,1,58,1.0,0.0,0.52,0.0,0.0,0.0,1,57252.0
45,9,35,130,0,1,1,0.0,0.0,1.0,0.0,0.0,4,6,0.25,0.5,0.33,0.0,0.0,0.0,0,98328.0
24,9,230,2196,0,1,10,0.0,0.0,1.0,0.0,0.0,41,255,1.0,0.0,0.03,0.0,0.0,0.0,0,67564.0
24,9,303,21587,0,1,4,0.0,0.0,1.0,0.0,0.0,4,255,1.0,0.0,0.02,0.0,0.0,0.0,0,63675.0
58,5,0,0,0,0,40,1.0,1.0,0.17,0.1,0.0,255,54,0.21,0.04,0.0,1.0,1.0,0.0,1,76348.0
53,5,0,0,0,0,126,1.0,1.0,0.2,0.05,0.0,255,25,0.1,0.05,0.0,1.0,1.0,0.0,1,89116.0
47,5,0,0,0,0,243,1.0,1.0,0.08,0.07,0.0,255,20,0.08,0.07,0.0,1.0,1.0,0.0,1,24937.0
47,5,0,0,0,0,230,1.0,1.0,0.08,0.06,0.0,255,3,0.01,0.07,0.0,1.0,1.0,0.0,1,76396.0
12,9,45,45,0,0,64,0.0,0.0,1.0,0.0,0.05,184,119,0.65,0.02,0.0,0.0,0.0,0.0,0,81431.0
47,5,0,0,0,0,71,1.0,1.0,0.34,0.07,0.0,255,24,0.09,0.05,0.0,1.0,1.0,0.0,1,105953.0
20,5,0,0,0,0,64,1.0,1.0,0.25,0.06,0.0,255,56,0.22,0.03,0.0,1.0,1.0,0.0,1,57758.0
16,1,0,0,0,0,96,0.0,0.0,0.17,0.06,0.0,255,16,0.06,0.06,0.0,0.0,0.0,1.0,1,117720.0
24,9,216,74301,0,1,5,0.0,0.0,1.0,0.0,0.0,13,255,1.0,0.0,0.01,0.0,0.0,0.0,0,79945.0
65,5,0,0,0,0,239,1.0,1.0,0.08,0.05,0.0,255,2,0.01,0.08,0.0,1.0,1.0,0.0,1,109148.0
24,9,276,365,0,1,30,0.0,0.0,1.0,0.0,0.0,255,255,1.0,0.0,0.0,0.0,0.0,0.0,0,1417.0
47,1,0,0,0,0,95,0.0,0.0,0.06,0.06,0.0,255,6,0.02,0.07,0.0,0.0,0.0,1.0,1,57045.0
24,9,252,350,0,1,10,0.0,0.0,1.0,0.0,0.18,255,255,1.0,0.0,0.0,0.0,0.0,0.0,0,35674.0
47,5,0,0,0,0,205,1.0,1.0,0.04,0.07,0.0,255,4,0.02,0.07,0.0,1.0,1.0,0.0,1,57689.0
47,9,105,145,0,0,1,0.0,0.0,1.0,0.0,0.0,122,107,0.88,0.02,0.0,0.0,0.0,0.0,0,87826.0
24,9,245,452,0,1,13,0.0,0.0,1.0,0.0,0.0,13,255,1.0,0.0,0.05,0.0,0.0,0.0,0,79660.0
24,9,470,7497,0,1,11,0.0,0.0,1.0,0.0,0.0,96,249,1.0,0.0,0.11,0.0,0.0,0.76,0,115935.0
20,9,12324,0,0,0,1,0.0,0.0,1.0,0.0,0.0,50,39,0.32,0.12,0.05,0.0,0.0,0.0,0,97651.0
20,9,1699,0,0,0,5,0.0,0.0,1.0,0.0,0.0,75,30,0.15,0.07,0.07,0.0,0.0,0.0,0,93564.0
47,5,0,0,0,0,275,1.0,1.0,0.01,0.07,0.0,255,3,0.01,0.07,0.0,1.0,1.0,0.0,1,929.0
15,9,1032,0,0,0,284,0.0,0.0,1.0,0.0,0.0,255,255,1.0,0.0,0.0,0.0,0.0,0.0,1,50701.0
52,9,765,278,0,1,1,0.0,0.0,1.0,0.0,0.0,255,13,0.05,0.73,0.0,0.0,0.0,0.0,0,42674.0
12,9,43,132,0,0,32,0.0,0.0,1.0,0.0,0.03,255,254,1.0,0.01,0.0,0.0,0.0,0.0,0,119552.0
24,9,226,1041,0,1,2,0.0,0.0,1.0,0.0,0.0,55,255,1.0,0.0,0.05,0.0,0.0,0.0,0,76552.0
47,9,105,146,0,0,4,0.0,0.0,0.25,0.5,0.0,255,238,0.93,0.01,0.0,0.0,0.0,0.0,0,95653.0
47,9,28,0,3,0,118,0.85,0.0,0.15,0.06,0.0,255,18,0.07,0.93,0.0,0.09,0.0,0.0,1,124158.0
20,9,1363,0,0,1,5,0.0,0.0,1.0,0.0,0.0,12,11,0.92,0.17,0.0,0.0,0.0,0.0,0,117467.0
47,1,0,0,0,0,1,0.0,0.0,1.0,0.0,0.0,66,2,0.02,1.0,1.0,0.0,0.0,1.0,1,40021.0
63,5,0,0,0,0,108,1.0,1.0,0.07,0.06,0.0,255,8,0.03,0.07,0.0,1.0,1.0,0.0,1,79422.0
12,9,46,46,0,0,5,0.0,0.0,1.0,0.0,0.33,167,163,0.98,0.01,0.0,0.0,0.0,0.0,0,23764.0
56,1,0,0,0,0,297,0.0,0.0,0.07,0.05,0.0,255,20,0.08,0.07,0.0,0.0,0.0,1.0,1,113493.0
47,5,0,0,0,0,92,1.0,1.0,0.22,0.07,0.0,255,19,0.07,0.06,0.0,1.0,1.0,0.0,1,17418.0
12,9,45,129,0,0,157,0.0,0.0,1.0,0.0,0.01,255,255,1.0,0.0,0.0,0.0,0.0,0.0,0,40000.0
24,9,211,1792,0,1,7,0.0,0.0,1.0,0.0,0.0,73,255,1.0,0.0,0.04,0.0,0.0,0.0,0,1898.0
47,5,0,0,0,0,280,1.0,1.0,0.04,0.05,0.0,255,9,0.04,0.07,0.0,1.0,1.0,0.0,1,10507.0
7,1,0,0,0,0,150,0.0,0.0,0.13,0.05,0.0,255,15,0.06,0.06,0.0,0.0,0.0,1.0,1,46963.0
24,9,242,5280,0,1,12,0.0,0.0,1.0,0.0,0.0,133,255,1.0,0.0,0.01,0.0,0.0,0.0,0,120522.0
24,9,213,1280,0,1,6,0.0,0.0,1.0,0.0,0.16,228,255,1.0,0.0,0.01,0.0,0.0,0.0,0,27347.0
24,9,295,306,0,1,2,0.0,0.0,1.0,0.0,0.2,255,255,1.0,0.0,0.0,0.0,0.0,0.0,0,120060.0
20,9,7233,0,0,1,12,0.0,0.0,1.0,0.0,0.0,193,85,0.31,0.04,0.02,0.0,0.0,0.0,0,25839.0
47,1,0,0,0,0,145,0.0,0.0,0.12,0.06,0.0,255,18,0.07,0.07,0.0,0.0,0.0,1.0,1,122586.0
27,5,0,0,0,0,220,1.0,1.0,0.02,0.06,0.0,255,18,0.07,0.07,0.0,1.0,1.0,0.0,1,48119.0
12,9,44,134,0,0,202,0.0,0.0,1.0,0.01,0.0,91,58,0.64,0.02,0.0,0.0,0.0,0.0,0,62941.0
63,2,0,0,0,0,120,0.0,0.0,0.13,0.07,0.0,255,16,0.06,0.07,0.0,0.0,0.0,1.0,1,35366.0
47,5,0,0,0,0,284,1.0,1.0,0.07,0.05,0.0,255,19,0.07,0.05,0.0,1.0,1.0,0.0,1,124341.0
24,9,249,1931,0,1,9,0.0,0.0,1.0,0.0,0.08,255,255,1.0,0.0,0.0,0.0,0.0,0.0,0,64055.0
14,9,8,0,0,0,1,0.0,0.0,1.0,0.0,1.0,1,89,1.0,0.0,0.51,0.0,0.0,0.0,1,70295.0
12,9,45,45,0,0,76,0.0,0.0,1.0,0.0,0.01,255,254,1.0,0.01,0.0,0.0,0.0,0.0,0,36382.0
35,5,0,0,0,0,239,1.0,1.0,0.08,0.05,0.0,255,19,0.07,0.05,0.0,1.0,1.0,0.0,1,25991.0
64,5,0,0,0,0,113,1.0,1.0,0.12,0.05,0.0,255,5,0.02,0.07,0.0,1.0,1.0,0.0,1,45072.0
24,9,304,3222,0,1,6,0.0,0.0,1.0,0.0,0.0,255,240,0.94,0.01,0.0,0.0,0.0,0.0,0,41553.0
24,9,198,1223,0,1,16,0.0,0.0,1.0,0.0,0.0,16,255,1.0,0.0,0.03,0.0,0.0,0.0,0,80921.0
24,9,252,11316,0,1,18,0.0,0.0,1.0,0.0,0.0,77,255,1.0,0.0,0.02,0.0,0.0,0.0,0,109158.0
24,9,301,871,0,1,24,0.0,0.0,1.0,0.0,0.0,62,255,1.0,0.0,0.01,0.0,0.0,0.0,0,117990.0
24,9,376,1525,0,1,8,0.0,0.0,1.0,0.0,0.0,255,255,1.0,0.0,0.0,0.0,0.0,0.0,0,92690.0
20,5,0,0,0,0,205,1.0,1.0,0.1,0.06,0.0,255,20,0.08,0.07,0.0,1.0,1.0,0.0,1,118526.0
18,9,8,137,0,0,2,0.0,0.0,0.5,1.0,0.0,255,9,0.04,0.02,0.0,0.0,0.0,0.0,0,3716.0
42,4,1,0,0,0,2,0.0,0.0,1.0,0.0,0.0,255,2,0.01,0.68,0.0,0.0,0.0,1.0,1,70300.0
47,5,0,0,0,0,223,1.0,1.0,0.01,0.06,0.0,255,3,0.01,0.09,0.0,1.0,1.0,0.0,1,12769.0
12,9,44,130,0,0,166,0.0,0.0,1.0,0.0,0.0,255,255,1.0,0.0,0.0,0.0,0.0,0.0,0,34224.0
24,9,242,11675,0,1,1,0.0,0.0,1.0,0.0,0.0,44,255,1.0,0.0,0.02,0.02,0.0,0.0,0,18111.0
11,5,0,0,0,0,253,1.0,1.0,0.02,0.07,0.0,255,6,0.02,0.08,0.0,1.0,1.0,0.0,1,63480.0
47,5,0,0,0,0,116,1.0,1.0,0.06,0.06,0.0,118,7,0.06,0.07,0.0,1.0,1.0,0.0,1,88319.0
24,9,291,574,0,1,14,0.0,0.0,1.0,0.0,0.0,255,255,1.0,0.0,0.0,0.0,0.0,0.0,0,22751.0
24,9,209,255,0,1,2,0.0,0.0,1.0,0.0,0.75,255,255,1.0,0.0,0.0,0.0,0.0,0.0,0,110260.0
12,9,46,70,0,0,240,0.0,0.0,1.0,0.0,0.0,255,255,1.0,0.0,0.0,0.0,0.0,0.0,0,115351.0
24,9,211,392,0,1,11,0.0,0.0,1.0,0.0,0.0,255,255,1.0,0.0,0.0,0.0,0.0,0.0,0,67319.0
47,5,0,0,0,0,107,1.0,1.0,0.05,0.07,0.0,8,5,0.62,0.38,0.0,1.0,1.0,0.0,1,53016.0
14,9,18,0,0,0,1,0.0,0.0,1.0,0.0,0.0,3,43,1.0,0.0,0.26,0.0,0.0,0.0,1,17412.0
6,5,0,0,0,0,102,1.0,1.0,0.08,0.06,0.0,255,20,0.08,0.06,0.0,1.0,1.0,0.0,1,114547.0
28,5,0,0,0,0,1,1.0,1.0,1.0,0.0,0.0,255,1,0.0,0.08,0.0,1.0,1.0,0.0,1,43317.0
47,5,0,0,0,0,297,1.0,1.0,0.06,0.05,0.0,255,10,0.04,0.07,0.0,1.0,1.0,0.0,1,84066.0
19,9,1525,4152,0,1,1,0.0,0.0,1.0,0.0,0.0,150,20,0.13,0.05,0.0,0.02,0.0,0.0,0,21655.0
24,9,247,270,0,1,6,0.0,0.0,1.0,0.0,0.29,255,250,0.98,0.01,0.0,0.0,0.0,0.0,0,43203.0
25,1,0,0,0,0,147,0.0,0.0,0.12,0.05,0.0,255,17,0.07,0.07,0.0,0.0,0.0,1.0,1,43921.0
47,5,0,0,0,0,180,1.0,1.0,0.11,0.06,0.0,255,20,0.08,0.05,0.0,1.0,1.0,0.0,1,105439.0
24,9,284,2013,0,1,6,0.0,0.0,1.0,0.0,0.22,83,255,1.0,0.0,0.05,0.0,0.0,0.0,0,121646.0
47,5,0,0,0,0,126,1.0,1.0,0.04,0.06,0.0,255,16,0.06,0.06,0.0,1.0,1.0,0.0,1,16487.0
24,9,247,4496,0,1,6,0.0,0.0,1.0,0.0,0.09,38,236,1.0,0.0,0.02,0.0,0.0,0.0,0,33501.0
14,9,8,0,0,0,1,0.0,0.0,1.0,0.0,1.0,1,55,1.0,0.0,0.51,0.0,0.0,0.0,1,48654.0
24,5,0,0,0,0,245,1.0,0.37,0.04,0.07,0.07,255,10,0.04,0.07,0.0,1.0,1.0,0.0,1,27772.0
60,9,0,4,0,0,1,0.0,0.0,1.0,0.0,0.0,15,15,1.0,0.0,0.0,0.07,0.07,0.0,0,117787.0
52,9,1068,320,0,1,1,0.0,0.0,1.0,0.0,0.0,16,48,0.75,0.25,0.04,0.0,0.0,0.0,0,12528.0
47,5,0,0,0,0,224,1.0,1.0,0.11,0.06,0.0,255,24,0.09,0.05,0.0,1.0,1.0,0.0,1,36615.0
10,5,0,0,0,0,256,1.0,1.0,0.01,0.05,0.0,255,2,0.01,0.05,0.0,1.0,1.0,0.0,1,77619.0
47,1,0,0,0,0,242,0.04,0.0,0.0,1.0,0.0,255,1,0.0,0.96,0.0,0.04,0.0,1.0,1,59473.0
19,2,0,0,0,0,276,0.0,0.0,0.07,0.06,0.0,255,20,0.08,0.07,0.0,0.0,0.0,1.0,1,125442.0
24,9,322,1564,0,1,8,0.0,0.0,1.0,0.0,0.22,255,255,1.0,0.0,0.0,0.0,0.0,0.0,0,24047.0
24,5,0,0,0,0,287,1.0,1.0,0.07,0.05,0.0,255,20,0.08,0.05,0.0,1.0,1.0,0.0,1,110668.0
20,9,12,0,0,0,1,0.0,0.0,1.0,0.0,0.0,191,31,0.14,0.02,0.06,0.0,0.0,0.0,0,61862.0
14,9,30,0,0,0,1,0.0,0.0,1.0,0.0,0.0,2,2,1.0,0.0,0.0,0.0,0.0,0.0,0,64034.0
56,5,0,0,0,0,126,1.0,1.0,0.11,0.06,0.0,255,3,0.01,0.07,0.0,1.0,1.0,0.0,1,5975.0
24,9,171,9070,0,1,1,0.0,0.0,1.0,0.0,0.0,2,255,1.0,0.0,0.07,0.0,0.01,0.01,0,74742.0
14,9,8,0,0,0,1,0.0,0.0,1.0,0.0,1.0,4,132,1.0,0.0,0.25,0.0,0.0,0.0,1,119691.0
52,9,1203,405,0,1,1,0.0,0.0,1.0,0.0,0.0,1,174,1.0,0.0,0.02,0.0,0.0,0.0,0,3653.0
26,5,0,0,0,0,282,1.0,1.0,0.04,0.06,0.0,255,11,0.04,0.07,0.0,1.0,1.0,0.0,1,9556.0
32,5,0,0,0,0,97,1.0,1.0,0.13,0.05,0.0,255,13,0.05,0.05,0.0,1.0,1.0,0.0,1,52192.0
62,9,78,0,0,0,15,0.0,0.0,0.07,0.13,0.0,255,10,0.04,0.01,0.0,0.0,0.0,0.0,0,117002.0
23,1,0,0,0,0,140,0.0,0.0,0.04,0.09,0.0,255,5,0.02,0.07,0.0,0.0,0.0,1.0,1,13905.0
47,9,105,147,0,0,9,0.0,0.0,0.11,0.22,0.0,255,231,0.91,0.01,0.0,0.0,0.0,0.0,0,82993.0
24,9,298,279,0,1,1,0.0,0.08,1.0,0.0,0.35,69,255,1.0,0.0,0.07,0.0,0.0,0.0,0,73184.0
12,9,31,0,0,0,1,0.0,0.0,1.0,0.0,0.75,125,81,0.1,0.06,0.02,0.01,0.0,0.0,0,98140.0
12,9,46,128,0,0,68,0.0,0.0,1.0,0.0,0.01,255,244,0.96,0.01,0.0,0.0,0.0,0.0,0,23534.0
19,5,0,0,0,0,230,1.0,1.0,0.03,0.06,0.0,255,7,0.03,0.07,0.0,1.0,1.0,0.0,1,117487.0
47,5,0,0,0,0,75,1.0,1.0,0.03,0.07,0.0,255,17,0.07,0.07,0.0,1.0,1.0,0.0,1,116488.0
47,5,0,0,0,0,123,1.0,1.0,0.1,0.06,0.0,255,12,0.05,0.05,0.0,1.0,1.0,0.0,1,113836.0
47,1,0,0,0,0,1,0.0,0.0,1.0,0.0,0.0,33,2,0.03,1.0,1.0,0.0,0.0,1.0,1,17676.0
20,9,9,0,0,1,2,0.0,0.0,1.0,0.0,0.0,63,68,0.38,0.06,0.03,0.0,0.0,0.0,0,100697.0
47,5,0,0,0,0,172,1.0,1.0,0.02,0.06,0.0,255,20,0.08,0.05,0.0,1.0,1.0,0.0,1,5235.0
14,9,8,0,0,0,1,0.0,0.0,1.0,0.0,1.0,1,58,1.0,0.0,0.52,0.0,0.0,0.0,1,85687.0
47,5,0,0,0,0,102,1.0,1.0,0.2,0.06,0.0,255,12,0.05,0.08,0.0,1.0,1.0,0.0,1,51064.0
47,9,105,147,0,0,2,0.0,0.0,1.0,0.0,0.0,255,211,0.83,0.01,0.0,0.0,0.0,0.0,0,46895.0
10,5,0,0,0,0,94,1.0,1.0,0.05,0.07,0.0,255,5,0.02,0.08,0.0,1.0,1.0,0.0,1,100878.0
8,1,0,0,0,0,127,0.0,0.0,0.02,0.07,0.0,255,3,0.01,0.07,0.0,0.0,0.0,1.0,1,90146.0
58,2,0,0,0,0,199,0.0,0.0,0.01,0.07,0.0,255,1,0.0,0.09,0.0,0.0,0.0,1.0,1,83444.0
52,9,1560,372,0,1,1,0.0,0.0,1.0,0.0,1.0,7,170,1.0,0.0,0.01,0.0,0.0,0.0,0,34059.0
24,9,302,1381,0,1,4,0.0,0.0,1.0,0.0,0.0,77,255,1.0,0.0,0.03,0.0,0.0,0.0,0,87681.0
24,9,228,1260,0,1,6,0.0,0.0,1.0,0.0,0.0,57,255,1.0,0.0,0.04,0.0,0.0,0.0,0,120375.0
42,9,147,105,0,0,4,0.0,0.0,0.5,0.5,0.0,255,2,0.01,0.85,0.0,0.0,0.0,0.0,0,80254.0
47,5,0,0,0,0,273,1.0,1.0,0.04,0.05,0.0,255,12,0.05,0.08,0.0,1.0,1.0,0.0,1,18581.0
42,9,147,105,0,0,4,0.0,0.0,0.5,0.5,0.0,255,2,0.01,0.66,0.0,0.0,0.0,0.0,0,70278.0
24,9,202,1220,0,1,4,0.0,0.0,1.0,0.0,0.0,33,255,1.0,0.0,0.06,0.0,0.0,0.0,0,15500.0
26,5,0,0,0,0,268,1.0,1.0,0.04,0.05,0.0,255,10,0.04,0.05,0.0,1.0,1.0,0.0,1,121709.0
20,9,740,0,0,1,2,0.0,0.0,1.0,0.0,0.0,190,68,0.24,0.02,0.03,0.0,0.0,0.0,0,35495.0
47,5,0,0,0,0,128,1.0,1.0,0.12,0.06,0.0,255,16,0.06,0.06,0.0,1.0,1.0,0.0,1,57653.0
47,5,0,0,0,0,205,1.0,1.0,0.01,0.06,0.0,255,14,0.05,0.07,0.0,1.0,1.0,0.0,1,111957.0
12,9,46,46,0,0,10,0.0,0.0,1.0,0.0,0.18,255,255,1.0,0.0,0.0,0.0,0.0,0.0,0,74628.0
47,5,0,0,0,0,167,1.0,1.0,0.03,0.07,0.0,255,16,0.06,0.08,0.0,1.0,1.0,0.0,1,65519.0
50,5,0,0,0,0,274,1.0,1.0,0.03,0.06,0.0,255,8,0.03,0.08,0.0,1.0,1.0,0.0,1,96416.0
26,5,0,0,0,0,234,1.0,1.0,0.05,0.07,0.0,255,13,0.05,0.09,0.0,1.0,1.0,0.0,1,65881.0
15,9,1032,0,0,0,511,0.0,0.0,1.0,0.0,0.0,227,82,0.36,0.01,0.0,0.0,0.0,0.0,1,31646.0
24,9,234,5280,0,1,5,0.0,0.0,1.0,0.0,0.0,255,255,1.0,0.0,0.0,0.0,0.0,0.0,0,71649.0
54,5,0,0,0,0,100,1.0,1.0,0.07,0.05,0.0,255,7,0.03,0.06,0.0,1.0,1.0,0.0,1,761.0
12,9,36,101,0,0,1,0.0,0.0,1.0,0.0,0.0,255,225,0.88,0.01,0.0,0.0,0.0,0.0,0,31460.0
7,5,0,0,0,0,276,1.0,1.0,0.02,0.06,0.0,255,5,0.02,0.07,0.0,1.0,1.0,0.0,1,118881.0
47,4,0,0,0,0,1,0.0,0.0,1.0,0.0,0.0,255,1,0.0,0.38,0.0,0.0,0.0,1.0,1,87908.0
24,9,171,4646,0,1,2,0.0,0.0,1.0,0.0,0.0,114,114,1.0,0.0,0.0,0.0,0.0,0.0,0,45255.0
38,5,0,0,0,0,197,1.0,1.0,0.04,0.06,0.0,255,8,0.03,0.07,0.0,1.0,1.0,0.0,1,82787.0
47,5,0,0,0,0,116,1.0,1.0,0.16,0.06,0.0,255,18,0.07,0.07,0.0,1.0,1.0,0.0,1,38611.0
24,9,302,8032,0,1,4,0.0,0.0,1.0,0.0,0.0,6,251,1.0,0.0,0.06,0.0,0.01,0.0,0,88718.0
62,9,183,0,0,0,4,0.0,0.0,0.75,0.5,0.5,255,26,0.1,0.01,0.0,0.0,0.0,0.0,0,109577.0
42,9,146,105,0,0,4,0.0,0.0,0.5,0.5,0.0,255,2,0.01,0.75,0.0,0.0,0.0,0.0,0,56907.0
24,9,287,1456,0,1,17,0.0,0.0,1.0,0.0,0.0,255,255,1.0,0.0,0.0,0.0,0.0,0.0,0,84799.0
24,9,233,33730,0,1,11,0.0,0.0,1.0,0.0,0.0,255,255,1.0,0.0,0.0,0.0,0.0,0.0,0,99780.0
6,5,0,0,0,0,140,1.0,1.0,0.07,0.06,0.0,255,3,0.01,0.07,0.0,1.0,1.0,0.0,1,59543.0
24,9,201,1411,0,1,3,0.0,0.0,1.0,0.0,0.0,3,255,1.0,0.0,0.05,0.0,0.01,0.0,0,38296.0
47,5,0,0,0,0,172,1.0,1.0,0.06,0.07,0.0,255,10,0.04,0.08,0.0,1.0,1.0,0.0,1,69810.0
20,5,0,0,0,0,193,1.0,1.0,0.1,0.06,0.0,255,20,0.08,0.06,0.0,1.0,1.0,0.0,1,75389.0
57,5,0,0,0,0,233,1.0,1.0,0.08,0.06,0.0,255,13,0.05,0.07,0.0,1.0,1.0,0.0,1,105583.0
24,9,330,634,0,1,3,0.0,0.0,1.0,0.0,0.0,22,255,1.0,0.0,0.05,0.0,0.0,0.0,0,17330.0
20,9,491,0,0,0,1,0.0,0.0,1.0,0.0,0.0,255,99,0.39,0.02,0.0,0.0,0.0,0.0,0,79633.0
7,5,0,0,0,0,203,1.0,1.0,0.01,0.07,0.0,255,2,0.01,0.09,0.0,1.0,1.0,0.0,1,81644.0
18,5,0,0,0,0,54,1.0,1.0,0.24,0.07,0.0,255,64,0.25,0.02,0.0,1.0,1.0,0.0,1,10985.0
20,9,1766,0,0,1,2,0.0,0.0,1.0,0.0,0.0,202,78,0.28,0.02,0.03,0.0,0.0,0.0,0,70175.0
24,9,235,454,0,1,7,0.0,0.0,1.0,0.0,0.0,255,255,1.0,0.0,0.0,0.0,0.0,0.0,0,91674.0
47,5,0,0,0,0,87,1.0,1.0,0.21,0.06,0.0,255,3,0.01,0.07,0.0,1.0,1.0,0.0,1,34321.0
47,1,0,0,0,0,110,0.0,0.0,0.06,0.07,0.0,85,7,0.08,0.09,0.0,0.0,0.0,1.0,1,51997.0
14,9,30,0,0,0,2,0.0,0.0,1.0,0.0,0.0,255,4,0.02,0.01,0.0,0.0,0.0,0.0,0,116401.0
10,5,0,0,0,0,91,1.0,1.0,0.02,0.08,0.0,255,2,0.01,0.07,0.0,1.0,1.0,0.0,1,94323.0
24,5,0,0,0,0,23,1.0,1.0,0.52,0.09,0.0,255,61,0.24,0.04,0.0,1.0,1.0,0.0,1,53749.0
24,9,309,7356,0,1,11,0.0,0.0,1.0,0.0,0.13,255,255,1.0,0.0,0.0,0.0,0.0,0.0,0,72430.0
12,9,45,136,0,0,70,0.0,0.0,1.0,0.0,0.02,210,196,0.81,0.01,0.01,0.0,0.0,0.0,0,27770.0
20,9,383,0,0,1,2,0.0,0.0,1.0,0.0,0.0,81,51,0.28,0.02,0.04,0.0,0.0,0.0,0,45362.0
25,1,0,0,0,0,148,0.0,0.0,0.13,0.06,0.0,255,19,0.07,0.07,0.0,0.0,0.0,1.0,1,119631.0
21,1,0,0,0,0,255,0.0,0.0,0.05,0.05,0.0,255,14,0.05,0.06,0.0,0.0,0.0,1.0,1,104359.0
15,9,1032,0,0,0,196,0.0,0.0,1.0,0.0,0.0,255,196,0.77,0.01,0.0,0.0,0.0,0.0,1,44396.0
47,9,28,0,3,0,12,0.0,0.0,1.0,0.0,0.0,225,12,0.05,0.72,0.0,0.03,0.0,0.0,1,106299.0
47,5,0,0,0,0,184,1.0,1.0,0.01,0.07,0.0,255,17,0.07,0.09,0.0,1.0,1.0,0.0,1,120718.0
52,9,3565,330,0,1,1,0.0,0.0,1.0,0.0,0.0,38,15,0.39,0.08,0.0,0.0,0.0,0.0,0,36111.0
12,9,42,42,0,0,233,0.0,0.0,1.0,0.0,0.0,255,255,1.0,0.0,0.0,0.0,0.0,0.0,0,66836.0
24,9,309,32099,0,1,8,0.0,0.0,1.0,0.0,0.0,43,255,1.0,0.0,0.02,0.0,0.0,0.0,0,3042.0
24,5,0,0,0,0,2,0.5,0.5,1.0,0.0,0.0,20,255,1.0,0.0,0.04,0.05,0.0,0.04,0,51391.0
6,1,0,0,0,0,143,0.0,0.0,0.11,0.06,0.0,255,16,0.06,0.06,0.0,0.0,0.0,1.0,1,9163.0
24,7,198,18897,0,1,3,0.33,0.33,1.0,0.0,0.0,226,255,1.0,0.0,0.01,0.0,0.0,0.0,0,34948.0
39,5,0,0,0,0,101,1.0,1.0,0.05,0.07,0.0,255,5,0.02,0.06,0.0,1.0,1.0,0.0,1,70641.0
20,9,3690,0,0,1,4,0.0,0.0,1.0,0.0,0.0,97,96,0.53,0.05,0.02,0.0,0.0,0.0,0,102058.0
24,9,302,10063,0,1,16,0.0,0.0,1.0,0.0,0.0,186,255,1.0,0.0,0.02,0.0,0.0,0.0,0,117701.0
24,1,0,0,0,0,1,0.0,0.0,1.0,0.0,0.0,2,169,1.0,0.0,0.06,0.0,0.0,0.84,0,109231.0
24,9,338,285,0,1,9,0.0,0.0,1.0,0.0,0.2,255,251,0.98,0.01,0.0,0.0,0.0,0.0,0,106353.0
63,2,0,0,0,0,124,0.0,0.0,0.09,0.06,0.0,255,11,0.04,0.08,0.0,0.0,0.0,1.0,1,105020.0
19,9,293,903,0,1,1,0.0,0.0,1.0,0.0,0.0,89,10,0.11,0.08,0.0,0.0,0.0,0.0,0,118862.0
4,5,0,0,0,0,106,1.0,1.0,0.06,0.05,0.0,255,6,0.02,0.04,0.0,1.0,1.0,0.0,1,90499.0
47,5,0,0,0,0,251,1.0,1.0,0.01,0.05,0.0,111,3,0.03,0.09,0.0,0.98,1.0,0.0,1,67354.0
4,5,0,0,0,0,258,1.0,1.0,0.02,0.07,0.0,255,4,0.02,0.08,0.0,1.0,1.0,0.0,1,101824.0
66,5,0,0,0,0,278,1.0,1.0,0.09,0.05,0.0,255,25,0.1,0.05,0.0,1.0,1.0,0.0,1,22378.0
24,5,0,0,0,0,74,1.0,1.0,0.27,0.05,0.0,236,60,0.25,0.02,0.0,0.99,1.0,0.0,1,52672.0
24,9,341,2753,0,1,24,0.0,0.0,1.0,0.0,0.0,255,255,1.0,0.0,0.0,0.0,0.0,0.0,0,124457.0
6,5,0,0,0,0,114,1.0,1.0,0.02,0.07,0.0,255,3,0.01,0.07,0.0,1.0,1.0,0.0,1,35995.0
47,5,0,0,0,0,125,1.0,1.0,0.02,0.07,0.0,255,17,0.07,0.07,0.0,1.0,1.0,0.0,1,26320.0
60,9,0,4,0,0,1,0.0,0.0,1.0,0.0,0.0,22,22,1.0,0.0,0.0,0.0,0.0,0.0,0,16664.0
7,5,0,0,0,0,237,1.0,1.0,0.04,0.06,0.0,255,9,0.04,0.07,0.0,1.0,1.0,0.0,1,46274.0
47,5,0,0,0,0,146,1.0,1.0,0.03,0.08,0.0,255,5,0.02,0.06,0.0,1.0,1.0,0.0,1,70701.0
24,9,211,1028,0,1,11,0.0,0.0,1.0,0.0,0.23,255,255,1.0,0.0,0.0,0.0,0.0,0.0,0,124329.0
20,9,11,0,0,1,2,0.0,0.0,1.0,0.0,0.0,255,43,0.17,0.05,0.0,0.41,0.0,0.0,0,62688.0
5,4,0,0,0,0,1,0.0,0.0,1.0,0.0,0.0,255,1,0.0,0.51,0.0,0.0,0.0,1.0,1,117829.0
12,9,44,123,0,0,303,0.0,0.0,1.0,0.01,0.0,255,224,0.88,0.01,0.0,0.0,0.0,0.0,0,3187.0
12,9,33,0,0,0,4,0.0,0.0,1.0,0.0,0.22,237,23,0.08,0.03,0.09,0.0,0.0,0.0,0,69918.0
47,5,0,0,0,0,118,1.0,1.0,0.04,0.07,0.0,255,5,0.02,0.08,0.0,1.0,1.0,0.0,1,120592.0
36,5,0,0,0,0,235,1.0,1.0,0.02,0.07,0.0,255,5,0.02,0.08,0.0,1.0,1.0,0.0,1,20795.0
47,5,0,0,0,0,217,1.0,1.0,0.09,0.06,0.0,255,7,0.03,0.08,0.0,1.0,1.0,0.0,1,6167.0
26,5,0,0,0,0,286,1.0,1.0,0.05,0.06,0.0,255,13,0.05,0.07,0.0,1.0,1.0,0.0,1,21614.0
40,2,0,0,0,0,169,0.0,0.0,0.02,0.07,0.0,255,3,0.01,0.07,0.0,0.0,0.0,1.0,1,92827.0
14,9,8,0,0,0,1,0.0,0.0,1.0,0.0,1.0,1,58,1.0,0.0,0.52,0.0,0.0,0.0,1,90790.0
20,9,3468,0,0,0,19,0.0,0.0,1.0,0.0,0.0,190,71,0.37,0.03,0.0,0.0,0.0,0.0,0,92296.0
47,5,0,0,0,0,117,1.0,1.0,0.06,0.06,0.0,255,15,0.06,0.08,0.0,1.0,1.0,0.0,1,26085.0
24,9,325,2575,0,1,23,0.0,0.0,1.0,0.0,0.08,26,231,1.0,0.0,0.06,0.0,0.0,0.0,0,99802.0
52,9,1360,436,0,1,1,0.0,0.0,1.0,0.0,0.0,255,17,0.07,0.07,0.0,0.0,0.0,0.0,0,65241.0
47,4,1,0,0,0,2,0.0,0.0,1.0,0.0,0.0,255,2,0.01,0.42,0.0,0.0,0.0,1.0,1,15509.0
24,5,0,0,0,0,2,0.5,0.5,1.0,0.0,0.0,3,254,1.0,0.0,0.07,0.33,0.01,0.0,0,122782.0
24,9,215,1604,0,1,22,0.0,0.0,1.0,0.0,0.09,22,255,1.0,0.0,0.03,0.0,0.0,0.0,0,100133.0
47,5,0,0,0,0,116,1.0,1.0,0.09,0.07,0.0,115,10,0.09,0.09,0.0,1.0,1.0,0.0,1,125614.0
47,9,1,26,0,0,23,0.0,0.0,0.43,0.13,0.0,255,10,0.04,0.83,0.0,0.16,0.0,0.0,1,106947.0
27,5,0,0,0,0,287,1.0,1.0,0.03,0.06,0.0,255,10,0.04,0.07,0.0,1.0,1.0,0.0,1,67486.0
42,1,0,0,0,0,511,0.06,0.0,0.0,1.0,0.0,255,1,0.0,1.0,0.0,0.03,0.0,1.0,1,102156.0
24,9,234,765,0,1,9,0.0,0.0,1.0,0.0,0.0,10,118,1.0,0.0,0.14,0.0,0.0,0.92,0,49819.0
42,9,147,105,0,0,3,0.0,0.0,0.33,0.67,0.0,255,1,0.0,0.65,0.0,0.0,0.0,0.0,0,9369.0
47,5,0,0,0,0,160,1.0,1.0,0.08,0.06,0.0,255,12,0.05,0.07,0.0,1.0,1.0,0.0,1,40069.0
24,9,280,2449,0,1,3,0.0,0.0,1.0,0.0,0.0,13,255,1.0,0.0,0.03,0.0,0.0,0.0,0,58609.0
42,1,0,0,0,0,349,0.09,0.0,0.0,1.0,0.0,255,1,0.0,1.0,0.0,0.09,0.0,1.0,1,83827.0
24,9,192,1587,0,1,2,0.0,0.0,1.0,0.0,0.0,20,255,1.0,0.0,0.02,0.0,0.0,0.0,0,35304.0
24,9,229,8485,0,1,7,0.0,0.0,1.0,0.0,0.0,255,255,1.0,0.0,0.0,0.0,0.0,0.0,0,97778.0
34,5,0,0,0,0,289,1.0,1.0,0.04,0.06,0.0,255,4,0.02,0.07,0.0,1.0,1.0,0.0,1,57194.0
47,9,105,145,0,0,1,0.0,0.0,1.0,0.0,0.0,10,2,0.2,0.3,0.0,0.0,0.0,0.0,0,65624.0
55,5,0,0,0,0,254,1.0,1.0,0.09,0.05,0.0,255,24,0.09,0.05,0.0,1.0,1.0,0.0,1,28123.0
47,1,0,0,0,0,264,0.0,0.0,0.05,0.06,0.0,255,12,0.05,0.06,0.0,0.0,0.0,1.0,1,98629.0
19,9,1461,4152,0,1,1,0.0,0.0,1.0,0.0,0.0,100,33,0.33,0.04,0.0,0.0,0.0,0.0,0,51854.0
47,1,0,0,0,0,124,0.0,0.0,0.01,0.06,0.0,25,1,0.04,0.12,0.0,0.0,0.0,1.0,1,57179.0
47,4,1,0,0,0,2,0.0,0.0,1.0,0.0,0.0,230,2,0.01,0.24,0.0,0.0,0.0,1.0,1,64081.0
6,5,0,0,0,0,133,1.0,1.0,0.05,0.07,0.0,255,6,0.02,0.06,0.0,1.0,1.0,0.0,1,6535.0
47,9,105,147,0,0,2,0.0,0.0,1.0,0.0,0.0,255,226,0.89,0.01,0.0,0.0,0.0,0.0,0,53925.0
24,1,0,0,0,0,1,0.0,0.0,1.0,0.0,0.0,6,233,1.0,0.0,0.05,0.0,0.0,0.72,0,49438.0
42,1,0,0,0,0,509,0.21,0.0,0.0,1.0,0.0,255,1,0.0,1.0,0.0,0.15,0.0,1.0,1,99453.0
32,5,0,0,0,0,129,1.0,1.0,0.15,0.05,0.0,255,4,0.02,0.07,0.0,1.0,1.0,0.0,1,3958.0
52,9,2127,328,0,1,1,0.0,0.0,1.0,0.0,1.0,240,119,0.5,0.03,0.0,0.0,0.01,0.0,0,104133.0
24,9,337,1535,0,1,18,0.0,0.0,1.0,0.0,0.07,43,255,1.0,0.0,0.04,0.0,0.0,0.0,0,23568.0
24,9,316,844,0,1,10,0.0,0.0,1.0,0.0,0.2,130,255,1.0,0.0,0.01,0.0,0.0,0.0,0,46045.0
24,9,311,10913,0,1,29,0.0,0.0,1.0,0.0,0.0,255,255,1.0,0.0,0.0,0.0,0.0,0.0,0,42784.0
35,5,0,0,0,0,261,1.0,1.0,0.03,0.05,0.0,255,9,0.04,0.05,0.0,1.0,1.0,0.0,1,72434.0
14,9,8,0,0,0,1,0.0,0.0,1.0,0.0,1.0,1,28,1.0,0.0,0.54,0.0,0.0,0.0,1,27651.0
24,9,220,434,0,1,10,0.0,0.0,1.0,0.0,0.24,255,255,1.0,0.0,0.0,0.0,0.0,0.0,0,4971.0
24,9,216,2188,0,1,10,0.0,0.0,1.0,0.0,0.17,54,255,1.0,0.0,0.05,0.0,0.01,0.01,0,79307.0
47,5,0,0,0,0,289,1.0,1.0,0.05,0.06,0.0,255,7,0.03,0.09,0.0,1.0,1.0,0.0,1,44677.0
4,1,0,0,0,0,223,0.0,0.0,0.01,0.06,0.0,255,3,0.01,0.07,0.0,0.0,0.0,1.0,1,17717.0
24,9,242,337,0,1,10,0.0,0.0,1.0,0.0,0.0,255,255,1.0,0.0,0.0,0.0,0.0,0.0,0,40217.0
24,5,0,0,0,0,182,1.0,1.0,0.03,0.07,0.0,255,6,0.02,0.08,0.0,1.0,1.0,0.0,1,98704.0
24,9,213,24572,0,1,4,0.0,0.0,1.0,0.0,0.0,55,255,1.0,0.0,0.02,0.0,0.0,0.0,0,28196.0
62,9,552,0,0,0,1,0.0,0.0,1.0,0.0,0.0,255,1,0.0,0.02,0.0,0.0,0.0,0.0,0,45925.0
12,9,42,108,0,0,1,0.0,0.0,1.0,0.0,1.0,24,220,0.83,0.08,0.01,0.0,0.0,0.0,0,48463.0
47,9,28,0,3,0,71,0.0,0.0,1.0,0.0,0.0,255,171,0.67,0.33,0.0,0.09,0.0,0.0,1,31522.0
52,9,920,328,0,1,1,0.0,0.0,1.0,0.0,1.0,163,115,0.71,0.07,0.0,0.01,0.0,0.0,0,86162.0
24,9,235,1721,0,1,9,0.0,0.0,1.0,0.0,0.06,189,255,1.0,0.0,0.02,0.01,0.01,0.0,0,55488.0
24,9,292,1231,0,1,18,0.0,0.0,1.0,0.0,0.0,169,255,1.0,0.0,0.04,0.0,0.0,0.41,0,60560.0
12,9,44,44,0,0,182,0.0,0.0,0.99,0.01,0.0,255,254,1.0,0.01,0.0,0.0,0.0,0.0,0,87317.0
6,5,0,0,0,0,138,1.0,1.0,0.12,0.06,0.0,255,5,0.02,0.07,0.0,1.0,1.0,0.0,1,15964.0
24,9,285,7203,0,1,7,0.0,0.0,1.0,0.0,0.07,255,255,1.0,0.0,0.0,0.0,0.0,0.0,0,89873.0
64,5,0,0,0,0,199,1.0,1.0,0.04,0.07,0.0,255,7,0.03,0.07,0.0,1.0,1.0,0.0,1,1289.0
24,9,212,1010,0,1,17,0.0,0.0,1.0,0.0,0.0,158,255,1.0,0.0,0.02,0.0,0.0,0.0,0,109798.0
25,1,0,0,0,0,106,0.0,0.0,0.11,0.07,0.0,255,12,0.05,0.05,0.0,0.0,0.0,1.0,1,56700.0
24,5,0,0,0,0,277,1.0,1.0,0.04,0.06,0.0,255,10,0.04,0.06,0.0,1.0,1.0,0.0,1,88099.0
20,9,10272,0,0,0,10,0.0,0.0,1.0,0.0,0.0,126,94,0.4,0.05,0.02,0.02,0.0,0.0,0,67622.0
19,9,1230,2451,0,1,1,0.0,0.0,1.0,0.0,0.0,121,19,0.16,0.05,0.0,0.02,0.0,0.0,1,106561.0
34,1,0,0,0,0,122,0.0,0.0,0.02,0.08,0.0,255,2,0.01,0.09,0.0,0.0,0.0,1.0,1,52479.0
47,1,0,0,0,0,88,0.0,0.0,0.19,0.07,0.0,255,17,0.07,0.07,0.0,0.0,0.0,1.0,1,101747.0
30,1,0,0,0,0,150,0.0,0.0,0.13,0.06,0.0,255,20,0.08,0.06,0.0,0.0,0.0,1.0,1,19687.0
12,9,44,75,0,0,112,0.0,0.0,1.0,0.0,0.0,255,255,1.0,0.0,0.0,0.0,0.0,0.0,0,123304.0
24,9,54540,8314,0,1,3,0.0,0.0,1.0,0.0,0.0,113,113,1.0,0.0,0.0,0.0,0.0,0.02,1,27299.0
24,1,0,0,0,0,1,0.0,0.0,1.0,0.0,0.0,70,255,1.0,0.0,0.11,0.0,0.0,0.68,0,41695.0
47,5,0,0,0,0,247,1.0,1.0,0.04,0.06,0.0,255,19,0.07,0.08,0.0,1.0,1.0,0.0,1,88713.0
14,9,8,0,0,0,1,0.0,0.0,1.0,0.0,1.0,1,25,1.0,0.0,0.56,0.0,0.0,0.0,1,125394.0
63,5,0,0,0,0,115,1.0,1.0,0.09,0.06,0.0,255,10,0.04,0.06,0.0,1.0,1.0,0.0,1,14162.0
47,9,28,0,3,0,94,0.0,0.0,1.0,0.0,0.0,255,61,0.24,0.01,0.0,0.0,0.0,0.0,1,117140.0
47,5,0,0,0,0,65,1.0,1.0,0.08,0.09,0.0,255,19,0.07,0.08,0.0,1.0,1.0,0.0,1,43379.0
24,9,192,2241,0,1,10,0.0,0.04,1.0,0.0,0.26,255,255,1.0,0.0,0.0,0.01,0.01,0.0,0,116672.0
52,9,2126,334,0,1,1,0.0,0.0,1.0,0.0,0.0,197,245,0.97,0.01,0.01,0.0,0.0,0.0,0,48827.0
63,5,0,0,0,0,140,1.0,1.0,0.14,0.06,0.0,255,19,0.07,0.06,0.0,1.0,1.0,0.0,1,22594.0
47,4,1,0,0,0,2,0.0,0.0,1.0,0.0,0.0,255,2,0.01,0.5,0.0,0.0,0.0,1.0,1,13357.0
18,5,0,0,0,0,258,1.0,1.0,0.02,0.07,0.0,255,5,0.02,0.07,0.0,1.0,1.0,0.0,1,48635.0
58,9,5830,122343,0,1,1,0.0,0.0,1.0,0.0,0.0,255,38,0.15,0.06,0.0,0.56,0.29,0.11,0,7258.0
42,9,59,0,0,1,22,0.05,0.0,0.05,0.18,0.0,187,1,0.01,0.05,0.0,0.01,0.0,0.0,0,50084.0
47,4,1,0,0,0,2,0.0,0.0,1.0,0.0,0.0,168,2,0.01,0.15,0.0,0.0,0.0,1.0,1,118454.0
49,5,0,0,0,0,266,1.0,1.0,0.03,0.06,0.0,255,9,0.04,0.07,0.0,1.0,1.0,0.0,1,71632.0
66,5,0,0,0,0,144,1.0,1.0,0.15,0.06,0.0,255,21,0.08,0.05,0.0,1.0,1.0,0.0,1,105031.0
24,9,255,3112,0,1,10,0.0,0.0,1.0,0.0,0.0,255,255,1.0,0.0,0.0,0.0,0.0,0.0,0,118077.0
62,9,78,0,0,0,25,0.0,0.0,0.08,0.08,0.0,255,3,0.01,0.01,0.0,0.0,0.0,0.0,0,6225.0
47,5,0,0,0,0,262,1.0,1.0,0.01,0.06,0.0,255,5,0.02,0.07,0.0,1.0,1.0,0.0,1,106438.0
24,9,235,331,0,1,25,0.0,0.0,1.0,0.0,0.0,255,255,1.0,0.0,0.0,0.0,0.0,0.0,0,27581.0
12,9,45,77,0,0,254,0.0,0.0,1.0,0.01,0.01,255,255,1.0,0.0,0.0,0.0,0.0,0.0,0,53269.0
12,9,45,135,0,0,324,0.0,0.0,1.0,0.0,0.0,255,254,1.0,0.01,0.0,0.0,0.0,0.0,0,66639.0
12,9,45,135,0,0,296,0.0,0.0,1.0,0.01,0.0,255,223,0.87,0.01,0.0,0.0,0.0,0.0,0,42418.0
52,9,933,334,0,1,1,0.0,0.0,1.0,0.0,0.0,34,184,1.0,0.0,0.02,0.0,0.0,0.0,0,19857.0
24,9,200,2658,0,1,37,0.0,0.0,1.0,0.0,0.04,255,255,1.0,0.0,0.0,0.0,0.0,0.0,0,102910.0
40,5,0,0,0,0,162,1.0,1.0,0.1,0.06,0.0,255,16,0.06,0.05,0.0,1.0,1.0,0.0,1,115346.0
14,9,18,0,0,0,1,0.0,0.0,1.0,0.0,0.0,1,164,1.0,0.0,1.0,0.0,0.0,0.0,1,86646.0
24,9,327,125015,0,1,2,0.5,0.5,1.0,0.0,0.0,85,255,1.0,0.0,0.04,0.01,0.0,0.0,0,115574.0
30,5,0,0,0,0,226,1.0,1.0,0.01,0.06,0.0,255,2,0.01,0.06,0.0,1.0,1.0,0.0,1,93607.0
47,5,0,0,0,0,185,1.0,1.0,0.07,0.06,0.0,255,17,0.07,0.07,0.0,1.0,1.0,0.0,1,105803.0
12,9,34,0,0,0,1,0.0,0.0,1.0,0.0,1.0,219,21,0.1,0.03,0.0,0.0,0.0,0.0,0,110568.0
45,9,36,130,0,1,2,0.0,0.0,0.5,1.0,0.0,138,3,0.02,0.04,0.0,0.0,0.0,0.0,0,71745.0
24,9,309,1528,0,1,6,0.0,0.0,1.0,0.0,0.14,47,255,1.0,0.0,0.03,0.0,0.0,0.0,0,36144.0
47,5,0,0,0,0,275,1.0,1.0,0.05,0.06,0.0,255,11,0.04,0.05,0.0,1.0,1.0,0.0,1,5145.0
47,5,0,0,0,0,281,1.0,1.0,0.03,0.06,0.0,255,6,0.02,0.07,0.0,1.0,1.0,0.0,1,78372.0
2,1,0,0,0,0,122,0.0,0.0,0.11,0.07,0.0,255,14,0.05,0.07,0.0,0.0,0.0,1.0,1,19421.0
24,9,168,35215,0,1,15,0.0,0.0,1.0,0.0,0.0,255,255,1.0,0.0,0.0,0.0,0.0,0.0,0,70850.0
42,2,0,0,0,0,202,0.0,0.0,0.01,0.06,0.0,255,2,0.01,0.06,0.0,0.0,0.0,1.0,1,102217.0
47,4,0,0,0,0,1,0.0,0.0,1.0,0.0,0.0,142,1,0.01,0.32,0.0,0.0,0.0,1.0,1,102481.0
24,9,294,9524,0,1,1,0.0,0.0,1.0,0.0,0.0,174,255,1.0,0.0,0.01,0.01,0.0,0.0,0,98226.0
24,9,339,279,0,1,1,0.0,0.0,1.0,0.0,0.0,255,253,0.99,0.01,0.0,0.0,0.0,0.0,0,22367.0
52,9,799,366,0,1,1,0.0,0.0,1.0,0.0,1.0,119,77,0.53,0.06,0.03,0.01,0.0,0.0,0,89926.0
24,9,215,1935,0,1,3,0.0,0.0,1.0,0.0,0.0,53,255,1.0,0.0,0.01,0.0,0.0,0.0,0,46370.0
24,9,315,5200,0,1,45,0.0,0.0,1.0,0.0,0.09,255,255,1.0,0.0,0.0,0.0,0.0,0.01,0,73033.0
14,9,8,0,0,0,1,0.0,0.0,1.0,0.0,1.0,2,104,1.0,0.0,0.5,0.0,0.0,0.0,1,93573.0
24,9,241,261,0,1,36,0.0,0.0,1.0,0.0,0.07,128,255,1.0,0.0,0.01,0.0,0.0,0.0,0,117559.0
14,9,18,0,0,0,1,0.0,0.0,1.0,0.0,0.0,1,254,1.0,0.0,1.0,0.0,0.0,0.0,1,112676.0
24,1,0,0,0,0,1,0.0,0.0,1.0,0.0,0.0,8,231,1.0,0.0,0.09,0.0,0.0,0.67,0,8112.0
47,1,0,0,0,0,61,0.02,0.0,0.02,1.0,0.0,255,1,0.0,0.27,0.0,0.0,0.0,1.0,1,41165.0
52,9,1534,385,0,1,1,0.0,0.0,1.0,0.0,1.0,255,123,0.48,0.01,0.0,0.64,0.67,0.0,0,89626.0
14,9,18,0,0,0,1,0.0,0.0,1.0,0.0,0.0,1,207,1.0,0.0,1.0,0.0,0.0,0.0,1,104760.0
47,4,0,0,0,0,8,0.0,0.0,0.25,0.5,0.0,178,2,0.01,0.04,0.0,0.01,0.0,1.0,1,96876.0
24,9,215,2698,0,1,27,0.0,0.0,1.0,0.0,0.07,255,255,1.0,0.0,0.0,0.0,0.0,0.0,0,15019.0
47,5,0,0,0,0,158,1.0,1.0,0.11,0.06,0.0,255,4,0.02,0.09,0.0,1.0,1.0,0.0,1,43793.0
29,1,0,0,0,0,133,0.0,0.0,0.05,0.06,0.0,255,6,0.02,0.06,0.0,0.0,0.0,1.0,1,94007.0
52,9,709,384,0,1,1,0.0,0.0,1.0,0.0,0.0,255,44,0.17,0.02,0.0,0.75,0.0,0.0,0,24767.0
42,1,0,0,0,0,356,0.06,0.0,0.0,1.0,0.0,255,1,0.0,1.0,0.0,0.08,0.0,1.0,1,60236.0
14,9,30,0,0,0,1,0.0,0.0,1.0,0.0,0.0,50,90,0.98,0.04,0.24,0.0,0.0,0.0,0,26529.0
24,9,320,1484,0,1,19,0.0,0.0,1.0,0.0,0.1,255,255,1.0,0.0,0.0,0.0,0.0,0.0,0,97598.0
24,9,215,1330,0,1,31,0.0,0.0,1.0,0.0,0.0,255,255,1.0,0.0,0.0,0.0,0.0,0.0,0,45318.0
47,1,0,0,0,0,47,0.15,0.0,0.02,1.0,0.0,255,1,0.0,0.48,0.0,0.03,0.0,1.0,1,41075.0
47,4,0,0,0,0,1,0.0,0.0,1.0,0.0,0.0,206,1,0.0,0.77,0.0,0.03,0.0,1.0,1,31300.0
24,9,341,9041,0,1,1,0.0,0.0,1.0,0.0,0.0,29,255,1.0,0.0,0.2,0.0,0.0,0.84,0,30801.0
60,5,0,0,0,0,149,1.0,1.0,0.17,0.05,0.0,255,1,0.0,0.06,0.0,1.0,1.0,0.0,1,40118.0
24,9,190,325,0,1,16,0.0,0.0,1.0,0.0,0.0,149,255,1.0,0.0,0.02,0.0,0.0,0.0,0,115311.0
58,5,0,0,0,0,233,1.0,1.0,0.07,0.05,0.0,255,17,0.07,0.06,0.0,1.0,1.0,0.0,1,5541.0
42,1,0,0,0,0,511,0.12,0.0,0.0,1.0,0.0,255,1,0.0,1.0,0.0,0.1,0.0,1.0,1,19505.0
24,9,208,16985,0,1,7,0.0,0.0,1.0,0.0,0.0,7,255,1.0,0.0,0.06,0.0,0.0,0.0,0,105970.0
33,5,0,0,0,0,220,1.0,1.0,0.07,0.06,0.0,255,16,0.06,0.08,0.0,1.0,1.0,0.0,1,32393.0
24,1,0,0,0,0,1,0.0,0.0,1.0,0.0,0.0,159,255,1.0,0.0,0.04,0.0,0.0,0.62,0,14269.0
24,9,296,736,0,1,3,0.0,0.0,1.0,0.0,0.0,71,255,1.0,0.0,0.03,0.0,0.0,0.0,0,104174.0
24,9,185,10834,0,1,7,0.0,0.0,1.0,0.0,0.0,7,255,1.0,0.0,0.04,0.0,0.0,0.0,0,80973.0
24,9,320,2762,0,1,15,0.0,0.0,1.0,0.0,0.1,255,255,1.0,0.0,0.0,0.0,0.0,0.0,0,74034.0
12,9,46,80,0,0,272,0.0,0.0,1.0,0.01,0.01,255,246,0.96,0.01,0.0,0.0,0.0,0.0,0,85897.0
47,1,0,0,0,0,1,0.0,0.0,1.0,0.0,0.0,64,2,0.02,1.0,1.0,0.0,0.0,1.0,1,15125.0
58,5,0,0,0,0,93,1.0,1.0,0.23,0.04,0.0,255,11,0.04,0.06,0.0,1.0,1.0,0.0,1,79944.0
7,5,0,0,0,0,291,1.0,1.0,0.04,0.06,0.0,255,11,0.04,0.07,0.0,1.0,1.0,0.0,1,85469.0
36,5,0,0,0,0,218,1.0,1.0,0.02,0.06,0.0,255,16,0.06,0.07,0.0,1.0,1.0,0.0,1,65226.0
24,9,328,490,0,1,1,0.0,0.0,1.0,0.0,0.11,37,255,1.0,0.0,0.03,0.0,0.0,0.0,0,122680.0
24,9,247,2748,0,1,1,0.0,0.0,1.0,0.0,0.4,51,255,1.0,0.0,0.05,0.0,0.0,0.0,0,73837.0
24,1,0,0,0,0,1,0.0,0.0,1.0,0.0,0.0,4,255,1.0,0.0,0.11,0.0,0.0,0.91,0,114588.0
36,5,0,0,0,0,230,1.0,1.0,0.07,0.06,0.0,255,4,0.02,0.07,0.0,1.0,1.0,0.0,1,82634.0
12,9,43,136,0,0,68,0.0,0.0,1.0,0.0,0.01,255,255,1.0,0.0,0.0,0.0,0.0,0.0,0,1229.0
24,9,232,7737,0,1,21,0.0,0.0,1.0,0.0,0.04,101,255,1.0,0.0,0.03,0.0,0.0,0.0,0,71465.0
52,9,1478,329,0,1,1,0.0,0.0,1.0,0.0,1.0,98,128,0.81,0.04,0.02,0.0,0.0,0.0,0,90086.0
52,9,991,331,0,1,1,0.0,0.0,1.0,0.0,0.0,126,139,0.6,0.04,0.01,0.0,0.0,0.0,0,31469.0
12,9,46,46,0,0,72,0.0,0.0,1.0,0.0,0.0,255,255,1.0,0.0,0.0,0.0,0.0,0.0,0,42824.0
19,5,0,0,0,0,249,1.0,1.0,0.03,0.06,0.0,255,9,0.04,0.05,0.0,1.0,1.0,0.0,1,43779.0
24,9,332,2490,0,1,32,0.0,0.0,1.0,0.0,0.06,255,255,1.0,0.0,0.0,0.0,0.0,0.0,0,124065.0
47,5,0,0,0,0,137,1.0,1.0,0.14,0.06,0.0,255,28,0.11,0.06,0.0,1.0,1.0,0.0,1,77796.0
47,5,0,0,0,0,107,1.0,1.0,0.06,0.06,0.0,255,6,0.02,0.06,0.0,1.0,1.0,0.0,1,13037.0
47,4,0,0,0,0,1,0.0,0.0,1.0,0.0,0.0,255,1,0.0,0.91,0.0,0.0,0.0,1.0,1,22388.0
42,9,147,0,0,0,3,0.0,0.0,0.33,0.67,0.0,255,1,0.0,0.53,0.0,0.0,0.0,0.0,0,61735.0
13,5,0,0,0,0,264,1.0,1.0,0.09,0.05,0.0,255,24,0.09,0.05,0.0,1.0,1.0,0.0,1,118602.0
20,9,245,0,0,1,2,0.0,0.0,1.0,0.0,0.0,64,2,0.03,0.09,0.0,0.0,0.0,0.0,0,123453.0
10,2,0,0,0,0,122,0.0,0.0,0.06,0.07,0.0,255,7,0.03,0.07,0.0,0.0,0.0,1.0,1,78193.0
56,1,0,0,0,0,262,0.0,0.0,0.06,0.06,0.0,255,17,0.07,0.07,0.0,0.0,0.0,1.0,1,31845.0
47,1,0,0,0,0,74,0.0,0.0,0.24,0.07,0.0,255,7,0.03,0.07,0.0,0.0,0.0,1.0,1,106755.0
24,9,220,2553,0,1,8,0.0,0.0,1.0,0.0,0.3,62,255,1.0,0.0,0.01,0.0,0.0,0.0,0,3679.0
66,1,0,0,0,0,210,0.0,0.0,0.03,0.07,0.0,255,6,0.02,0.08,0.0,0.0,0.0,1.0,1,68303.0
28,5,0,0,0,0,138,1.0,1.0,0.14,0.06,0.0,255,19,0.07,0.07,0.0,1.0,1.0,0.0,1,66302.0
24,5,0,0,0,0,118,1.0,1.0,0.11,0.06,0.0,255,13,0.05,0.07,0.0,1.0,1.0,0.0,1,102527.0
15,9,520,0,0,0,173,0.0,0.0,1.0,0.0,0.0,255,255,1.0,0.0,0.0,0.0,0.0,0.0,1,86421.0
34,1,0,0,0,0,215,0.0,0.0,0.04,0.07,0.0,255,24,0.09,0.07,0.0,0.0,0.0,1.0,1,54353.0
47,9,105,147,0,0,1,0.0,0.0,1.0,0.0,0.0,209,207,0.99,0.01,0.0,0.0,0.0,0.0,0,27200.0
58,5,0,0,0,0,61,1.0,1.0,0.25,0.07,0.0,223,57,0.26,0.02,0.0,0.99,0.96,0.0,1,923.0
24,9,299,2452,0,1,9,0.0,0.0,1.0,0.0,0.0,9,97,1.0,0.0,0.05,0.0,0.0,0.0,0,5125.0
24,9,242,396,0,1,8,0.0,0.0,1.0,0.0,0.06,255,255,1.0,0.0,0.0,0.0,0.0,0.0,0,25960.0
42,9,146,105,0,0,5,0.0,0.0,0.4,0.6,0.0,66,2,0.03,0.73,0.0,0.0,0.0,0.0,0,74296.0
14,9,8,0,0,0,1,0.0,0.0,1.0,0.0,1.0,2,47,1.0,0.0,0.51,0.0,0.0,0.0,1,77946.0
24,9,54540,8314,0,1,2,0.0,0.0,1.0,0.0,0.0,12,12,1.0,0.0,0.0,0.0,0.0,0.0,1,39787.0
47,5,0,0,0,0,106,1.0,1.0,0.16,0.07,0.0,255,37,0.15,0.05,0.0,1.0,1.0,0.0,1,47525.0
24,9,194,679,0,1,10,0.0,0.0,1.0,0.0,0.12,10,255,1.0,0.0,0.02,0.0,0.0,0.0,0,15935.0
42,9,147,0,0,0,5,0.0,0.0,0.2,0.6,0.0,255,1,0.0,0.36,0.0,0.0,0.0,0.0,0,63701.0
24,9,226,391,0,1,13,0.0,0.0,1.0,0.0,0.0,255,255,1.0,0.0,0.0,0.0,0.0,0.0,0,30101.0
16,5,0,0,0,0,142,1.0,1.0,0.13,0.06,0.0,255,6,0.02,0.06,0.0,1.0,1.0,0.0,1,117941.0
52,9,1761,327,0,1,1,0.0,0.0,1.0,0.0,0.0,210,149,0.7,0.02,0.01,0.0,0.0,0.0,0,71110.0
24,9,54540,8314,0,1,1,0.0,0.0,1.0,0.0,1.0,255,255,1.0,0.0,0.0,0.0,0.0,0.04,1,19055.0
19,9,322,1054,0,1,1,0.0,0.0,1.0,0.0,0.0,120,33,0.28,0.04,0.0,0.0,0.0,0.03,0,33399.0
12,9,104,0,0,0,1,0.0,0.0,1.0,0.0,1.0,31,20,0.65,0.06,0.0,0.0,0.0,0.0,0,59994.0
24,9,265,188,0,1,1,0.0,0.0,1.0,0.0,0.33,1,255,1.0,0.0,0.03,0.0,0.0,0.0,0,26093.0
47,5,0,0,0,0,113,1.0,1.0,0.03,0.06,0.0,255,18,0.07,0.06,0.0,1.0,1.0,0.0,1,39476.0
47,5,0,0,0,0,133,1.0,1.0,0.06,0.06,0.0,255,13,0.05,0.06,0.0,1.0,1.0,0.0,1,9.0
24,9,350,13336,0,1,12,0.0,0.0,1.0,0.0,0.0,34,255,1.0,0.0,0.03,0.0,0.0,0.0,0,13509.0
24,9,286,1630,0,1,3,0.0,0.0,1.0,0.0,0.0,27,228,1.0,0.0,0.03,0.0,0.0,0.0,0,6882.0
47,9,105,145,0,0,2,0.0,0.0,1.0,0.0,0.0,255,233,0.91,0.01,0.0,0.0,0.0,0.0,0,35570.0
24,9,210,255,0,1,4,0.25,0.12,1.0,0.0,0.25,255,255,1.0,0.0,0.0,0.0,0.0,0.0,0,111880.0
47,1,0,0,0,0,89,0.0,0.0,0.07,0.07,0.0,255,6,0.02,0.06,0.0,0.0,0.0,1.0,1,116737.0
24,9,262,873,0,1,8,0.0,0.0,1.0,0.0,0.0,8,255,1.0,0.0,0.03,0.0,0.0,0.0,0,8749.0
47,5,0,0,0,0,251,1.0,1.0,0.08,0.06,0.0,255,2,0.01,0.08,0.0,1.0,1.0,0.0,1,125268.0
55,5,0,0,0,0,107,1.0,1.0,0.01,0.07,0.0,255,1,0.0,0.07,0.0,1.0,1.0,0.0,1,73283.0
47,5,0,0,0,0,81,1.0,1.0,0.01,0.06,0.0,255,11,0.04,0.06,0.0,1.0,1.0,0.0,1,29893.0
24,9,244,2316,0,1,4,0.0,0.0,1.0,0.0,0.0,26,255,1.0,0.0,0.04,0.0,0.0,0.0,0,22377.0
66,4,0,0,0,0,2,0.0,0.0,1.0,0.0,0.0,206,2,0.01,0.21,0.0,0.0,0.0,1.0,1,94624.0
47,5,0,0,0,0,229,1.0,1.0,0.06,0.06,0.0,255,23,0.09,0.07,0.0,1.0,1.0,0.0,1,64530.0
25,5,0,0,0,0,132,1.0,1.0,0.11,0.05,0.0,255,6,0.02,0.07,0.0,1.0,1.0,0.0,1,91958.0
14,9,8,0,0,0,1,0.0,0.0,1.0,0.0,1.0,2,4,1.0,0.0,0.5,0.0,0.0,0.0,1,65372.0
10,5,0,0,0,0,273,1.0,1.0,0.07,0.06,0.0,255,18,0.07,0.08,0.0,1.0,1.0,0.0,1,17049.0
20,9,1339,0,0,1,2,0.0,0.0,1.0,0.0,0.0,160,54,0.34,0.06,0.0,0.01,0.02,0.0,0,52416.0
24,9,257,6935,0,1,1,0.0,0.0,1.0,0.0,0.5,68,255,1.0,0.0,0.06,0.0,0.0,0.0,0,28187.0
20,5,0,0,0,0,16,1.0,1.0,1.0,0.0,0.0,255,62,0.24,0.02,0.0,1.0,1.0,0.0,1,95325.0
20,9,334,0,0,1,2,0.0,0.0,1.0,0.0,0.0,6,20,1.0,0.0,0.15,0.0,0.0,0.0,1,1123.0
26,5,0,0,0,0,219,1.0,1.0,0.07,0.07,0.0,255,15,0.06,0.08,0.0,1.0,1.0,0.0,1,46337.0
23,5,0,0,0,0,246,1.0,1.0,0.07,0.07,0.0,255,17,0.07,0.07,0.0,1.0,1.0,0.0,1,125796.0
27,5,0,0,0,0,246,1.0,1.0,0.02,0.07,0.0,255,4,0.02,0.07,0.0,1.0,1.0,0.0,1,103434.0
24,9,325,2358,0,1,26,0.0,0.0,1.0,0.0,0.07,74,255,1.0,0.0,0.03,0.0,0.0,0.0,0,109369.0
47,1,0,0,0,0,314,0.07,0.0,0.0,1.0,0.0,255,1,0.0,1.0,0.0,0.08,0.0,1.0,1,124847.0
24,9,193,7355,0,1,10,0.0,0.0,1.0,0.0,0.14,97,255,1.0,0.0,0.01,0.0,0.0,0.0,0,47641.0
52,9,724,334,0,1,1,0.0,0.0,1.0,0.0,0.0,191,87,0.46,0.03,0.0,0.0,0.0,0.0,0,25100.0
24,9,210,4046,0,1,2,0.0,0.0,1.0,0.0,0.0,45,255,1.0,0.0,0.03,0.0,0.02,0.03,0,16867.0
24,9,350,4137,0,1,20,0.0,0.0,1.0,0.0,0.06,255,255,1.0,0.0,0.0,0.0,0.0,0.0,0,78438.0
58,9,158,16042,0,1,1,0.0,0.0,1.0,0.0,0.0,212,2,0.01,0.04,0.0,0.0,0.5,0.0,0,110390.0
24,9,308,3222,0,1,1,0.0,0.33,1.0,0.0,0.67,255,254,1.0,0.01,0.0,0.0,0.0,0.0,0,116292.0
24,9,284,7195,0,1,2,0.0,0.0,1.0,0.0,0.23,10,255,1.0,0.0,0.04,0.0,0.0,0.0,0,17663.0
4,1,0,0,0,0,227,0.0,0.0,0.06,0.07,0.0,255,14,0.05,0.08,0.0,0.0,0.0,1.0,1,94135.0
12,9,43,75,0,0,160,0.0,0.0,1.0,0.0,0.0,255,255,1.0,0.0,0.0,0.0,0.0,0.0,0,102994.0
24,9,309,3048,0,1,4,0.0,0.0,1.0,0.0,0.0,4,255,1.0,0.0,0.05,0.0,0.01,0.0,0,88649.0
47,5,0,0,0,0,50,1.0,1.0,0.02,0.1,0.0,255,10,0.04,0.08,0.0,1.0,1.0,0.0,1,64788.0
47,5,0,0,0,0,233,1.0,1.0,0.0,0.06,0.0,255,19,0.07,0.09,0.0,1.0,1.0,0.0,1,77530.0
24,5,0,0,0,0,27,1.0,1.0,0.22,0.15,0.0,255,26,0.1,0.07,0.0,1.0,1.0,0.0,1,121875.0
24,9,205,39537,0,1,13,0.0,0.0,1.0,0.0,0.18,13,255,1.0,0.0,0.02,0.0,0.0,0.0,0,72724.0
24,9,305,411,0,1,9,0.0,0.0,1.0,0.0,0.25,255,255,1.0,0.0,0.0,0.0,0.0,0.0,0,5214.0
2,5,0,0,0,0,104,1.0,1.0,0.04,0.07,0.0,255,4,0.02,0.07,0.0,1.0,1.0,0.0,1,37635.0
24,9,324,1942,0,1,27,0.0,0.0,1.0,0.0,0.07,181,255,1.0,0.0,0.01,0.0,0.0,0.0,0,109522.0
12,9,45,76,0,0,181,0.0,0.0,1.0,0.0,0.0,255,205,0.8,0.01,0.0,0.0,0.0,0.0,0,89758.0
42,1,0,0,0,0,511,0.1,0.0,0.0,1.0,0.0,255,1,0.0,1.0,0.0,0.0,0.0,1.0,1,58341.0
58,5,0,0,0,0,296,1.0,1.0,0.04,0.05,0.0,255,17,0.07,0.07,0.0,1.0,1.0,0.0,1,8133.0
11,5,0,0,0,0,267,1.0,1.0,0.01,0.06,0.0,255,4,0.02,0.07,0.0,1.0,1.0,0.0,1,19365.0
12,9,45,75,0,0,279,0.0,0.0,1.0,0.0,0.0,255,208,0.82,0.01,0.0,0.0,0.0,0.0,0,81470.0
24,9,320,3163,0,1,6,0.0,0.0,1.0,0.0,0.19,39,255,1.0,0.0,0.02,0.0,0.01,0.0,0,88648.0
34,5,0,0,0,0,262,1.0,1.0,0.05,0.07,0.0,255,1,0.0,0.05,0.0,1.0,1.0,0.0,1,76257.0
24,9,293,23100,0,1,19,0.0,0.0,1.0,0.0,0.0,48,255,1.0,0.0,0.04,0.0,0.0,0.0,0,80997.0
24,9,302,2239,0,1,5,0.0,0.14,1.0,0.0,0.29,255,236,0.93,0.01,0.0,0.0,0.0,0.0,0,28281.0
24,9,199,1376,0,1,12,0.0,0.0,1.0,0.0,0.0,80,255,1.0,0.0,0.05,0.01,0.0,0.0,0,105943.0
24,5,0,0,0,0,8,1.0,1.0,0.25,0.5,0.0,255,47,0.18,0.05,0.0,1.0,1.0,0.0,1,80058.0
19,5,0,0,0,0,266,1.0,1.0,0.02,0.06,0.0,255,1,0.0,0.09,0.0,1.0,1.0,0.0,1,118227.0
24,9,237,725,0,1,10,0.0,0.0,1.0,0.0,0.0,255,255,1.0,0.0,0.0,0.0,0.0,0.0,0,89482.0
52,9,1628,372,0,1,1,0.0,0.0,1.0,0.0,0.0,15,177,0.67,0.2,0.02,0.0,0.01,0.0,0,64661.0
58,5,0,0,0,0,224,1.0,1.0,0.08,0.06,0.0,255,14,0.05,0.08,0.0,1.0,1.0,0.0,1,60048.0
47,5,0,0,0,0,131,1.0,1.0,0.15,0.05,0.0,209,20,0.1,0.09,0.0,1.0,1.0,0.0,1,57798.0
24,2,0,0,0,1,2,0.0,0.0,1.0,0.0,0.0,255,246,0.96,0.01,0.0,0.0,0.0,0.03,0,52878.0
42,9,40,444,0,0,6,0.0,0.0,0.17,1.0,0.0,166,1,0.01,0.1,0.0,0.01,0.0,0.0,0,4076.0
24,9,287,673,0,1,1,0.0,0.0,1.0,0.0,0.0,205,255,1.0,0.0,0.02,0.0,0.0,0.0,0,124515.0
12,9,43,75,0,0,135,0.0,0.0,1.0,0.0,0.0,255,254,1.0,0.01,0.0,0.0,0.0,0.0,0,117766.0
52,9,1724,330,0,1,1,0.0,0.0,1.0,0.0,0.0,203,173,0.61,0.02,0.01,0.0,0.01,0.0,0,52289.0
12,9,46,80,0,0,120,0.0,0.0,1.0,0.0,0.0,255,255,1.0,0.0,0.0,0.0,0.0,0.0,0,50401.0
24,9,316,5575,0,1,37,0.03,0.03,1.0,0.0,0.0,255,255,1.0,0.0,0.0,0.0,0.0,0.0,0,122029.0
24,9,215,1462,0,1,9,0.0,0.0,1.0,0.0,0.0,255,255,1.0,0.0,0.0,0.0,0.0,0.01,0,71800.0
47,4,0,0,0,0,304,0.0,0.0,0.01,0.52,0.0,255,2,0.01,0.52,0.0,0.0,0.0,1.0,1,78072.0
60,5,0,0,0,0,276,1.0,1.0,0.05,0.04,0.0,255,15,0.06,0.05,0.0,1.0,1.0,0.0,1,68727.0
47,5,0,0,0,0,109,1.0,1.0,0.07,0.06,0.0,255,1,0.0,0.08,0.0,1.0,1.0,0.0,1,33817.0
47,1,0,0,0,0,182,0.0,0.0,0.07,0.08,0.0,255,13,0.05,0.07,0.0,0.0,0.0,1.0,1,79041.0
24,9,223,1630,0,1,10,0.0,0.0,1.0,0.0,0.18,53,255,1.0,0.0,0.03,0.0,0.0,0.0,0,1968.0
24,9,344,2839,0,1,10,0.0,0.0,1.0,0.0,0.0,223,255,1.0,0.0,0.02,0.01,0.01,0.0,0,21261.0
24,9,284,2712,0,1,4,0.0,0.12,1.0,0.0,0.38,5,82,1.0,0.0,0.07,0.0,0.0,0.01,0,51898.0
24,9,293,717,0,1,26,0.0,0.0,1.0,0.0,0.0,26,255,1.0,0.0,0.04,0.0,0.0,0.0,0,21929.0
5,5,0,0,0,0,246,1.0,1.0,0.02,0.06,0.0,255,4,0.02,0.05,0.0,1.0,1.0,0.0,1,13323.0
52,9,1101,331,0,1,1,0.0,0.0,1.0,0.0,0.0,30,132,0.63,0.13,0.02,0.0,0.0,0.0,0,63780.0
20,5,0,0,0,0,57,1.0,1.0,0.23,0.07,0.0,255,43,0.17,0.04,0.0,1.0,1.0,0.0,1,51757.0
56,5,0,0,0,0,229,1.0,1.0,0.05,0.06,0.0,255,12,0.05,0.07,0.0,1.0,1.0,0.0,1,2178.0
47,4,0,0,0,0,1,0.0,0.0,1.0,0.0,0.0,242,1,0.0,0.6,0.0,0.0,0.0,1.0,1,35266.0
24,9,210,14205,0,1,1,0.0,0.0,1.0,0.0,0.0,12,255,1.0,0.0,0.03,0.0,0.0,0.0,0,91976.0
10,5,0,0,0,0,251,1.0,1.0,0.1,0.06,0.0,255,25,0.1,0.06,0.0,1.0,1.0,0.0,1,84116.0
11,5,0,0,0,0,276,1.0,1.0,0.06,0.07,0.0,255,17,0.07,0.08,0.0,1.0,1.0,0.0,1,48861.0
24,4,54540,8314,0,1,3,0.0,0.0,1.0,0.0,0.5,255,255,1.0,0.0,0.0,0.0,0.0,0.02,1,90186.0
12,9,43,43,0,0,190,0.0,0.0,1.0,0.0,0.0,255,255,1.0,0.0,0.0,0.0,0.0,0.0,0,86431.0
24,5,0,0,0,0,13,1.0,1.0,0.23,0.31,0.0,255,24,0.09,0.05,0.0,1.0,1.0,0.0,1,63725.0
12,9,36,0,0,0,12,0.0,0.0,1.0,0.0,0.0,51,208,1.0,0.0,0.01,0.0,0.0,0.0,0,93775.0
12,9,44,71,0,0,134,0.0,0.0,1.0,0.0,0.0,255,254,1.0,0.01,0.0,0.0,0.0,0.0,0,105859.0
12,9,42,108,0,0,65,0.0,0.0,1.0,0.0,0.01,255,255,1.0,0.0,0.0,0.0,0.0,0.0,0,87977.0
24,9,331,1960,0,1,6,0.0,0.0,1.0,0.0,0.27,255,255,1.0,0.0,0.0,0.0,0.0,0.0,0,104976.0
52,9,1786,364,0,1,1,0.0,0.0,1.0,0.0,1.0,24,132,0.5,0.17,0.02,0.0,0.01,0.0,0,104303.0
42,9,516,4,0,0,243,0.0,0.0,1.0,0.0,0.0,243,243,1.0,0.0,0.0,0.0,0.0,0.0,0,31905.0
5,1,0,0,0,0,126,0.0,0.0,0.02,0.07,0.0,255,3,0.01,0.07,0.0,0.0,0.0,1.0,1,95716.0
5,5,0,0,0,0,269,1.0,1.0,0.04,0.06,0.0,255,12,0.05,0.07,0.0,1.0,1.0,0.0,1,30949.0
24,9,313,1268,0,1,8,0.0,0.0,1.0,0.0,0.14,97,255,1.0,0.0,0.02,0.0,0.0,0.0,0,42376.0
52,9,696,334,0,1,1,0.0,0.0,1.0,0.0,0.0,132,101,0.77,0.04,0.0,0.0,0.0,0.05,0,116493.0
24,5,0,0,0,0,55,1.0,1.0,0.31,0.07,0.0,255,65,0.25,0.02,0.0,1.0,1.0,0.0,1,25456.0
24,9,223,422,0,1,4,0.0,0.0,1.0,0.0,0.0,253,255,1.0,0.0,0.01,0.0,0.0,0.0,0,116914.0
18,9,9,141,0,0,1,0.0,0.0,1.0,0.0,0.0,71,6,0.04,0.08,0.33,0.0,0.0,0.0,0,72461.0
19,9,1063,3081,0,1,1,0.0,0.0,1.0,0.0,0.0,76,13,0.17,0.04,0.0,0.0,0.0,0.0,0,105206.0
52,9,1062,368,0,1,1,0.0,0.0,1.0,0.0,1.0,7,128,0.57,0.43,0.02,0.0,0.0,0.0,0,122770.0
24,9,295,1399,0,1,13,0.0,0.0,1.0,0.0,0.06,255,255,1.0,0.0,0.0,0.0,0.0,0.0,0,44376.0
52,9,1947,368,0,1,1,0.0,0.0,1.0,0.0,1.0,238,147,0.62,0.02,0.0,0.0,0.0,0.01,0,64096.0
47,1,0,0,0,0,135,0.0,0.0,0.08,0.06,0.0,255,11,0.04,0.08,0.0,0.0,0.0,1.0,1,123233.0
20,9,192,0,0,0,2,0.0,0.0,1.0,0.0,0.0,68,14,0.21,0.09,0.0,0.0,0.0,0.0,0,32464.0
12,9,44,44,0,0,223,0.0,0.0,1.0,0.0,0.0,255,250,0.98,0.01,0.0,0.0,0.0,0.0,0,86861.0
19,9,1053,3081,0,1,1,0.0,0.0,1.0,0.0,0.0,145,30,0.21,0.05,0.0,0.01,0.0,0.0,0,56017.0
20,9,641,0,0,1,2,0.0,0.0,1.0,0.0,0.0,61,46,0.15,0.07,0.04,0.0,0.0,0.0,0,14612.0
24,9,373,6752,0,1,9,0.0,0.0,1.0,0.0,0.0,56,255,1.0,0.0,0.04,0.0,0.0,0.0,0,28204.0
37,1,0,0,0,0,254,0.0,0.0,0.04,0.07,0.0,255,10,0.04,0.07,0.0,0.0,0.0,1.0,1,87250.0
12,9,36,96,0,0,2,0.0,0.0,1.0,0.0,0.0,255,239,0.94,0.01,0.0,0.0,0.0,0.0,0,72946.0
12,9,36,101,0,0,2,0.0,0.0,1.0,0.0,0.0,255,233,0.91,0.02,0.0,0.0,0.0,0.0,0,116143.0
52,9,1103,331,0,1,1,0.0,0.0,1.0,0.0,1.0,102,153,0.53,0.06,0.01,0.0,0.01,0.0,0,47765.0
20,9,9178,0,0,1,20,0.0,0.0,1.0,0.0,0.0,255,26,0.1,0.33,0.0,0.0,0.0,0.0,0,9415.0
37,5,0,0,0,0,295,1.0,1.0,0.04,0.05,0.0,255,3,0.01,0.09,0.0,1.0,1.0,0.0,1,122804.0
24,9,201,594,0,1,1,0.0,0.0,1.0,0.0,0.0,7,255,1.0,0.0,0.04,0.0,0.0,0.0,0,58356.0
42,9,10073,0,0,1,1,0.0,0.0,1.0,0.0,0.0,225,1,0.0,0.1,0.0,0.0,0.0,0.0,0,119216.0
24,1,0,0,0,0,1,0.0,0.0,1.0,0.0,0.0,3,89,1.0,0.0,0.3,0.0,0.0,1.0,0,121221.0
47,5,0,0,0,0,110,1.0,1.0,0.09,0.06,0.0,255,28,0.11,0.06,0.0,1.0,1.0,0.0,1,5979.0
12,9,43,43,0,0,158,0.0,0.0,1.0,0.0,0.02,255,202,0.79,0.01,0.0,0.0,0.0,0.0,0,110944.0
24,9,232,2280,0,1,27,0.0,0.0,1.0,0.0,0.0,255,255,1.0,0.0,0.0,0.0,0.0,0.0,0,50972.0
47,5,0,0,0,0,166,0.99,1.0,0.06,0.07,0.0,255,2,0.01,0.07,0.0,1.0,1.0,0.0,1,122663.0
64,5,0,0,0,0,290,1.0,1.0,0.04,0.06,0.0,255,8,0.03,0.06,0.0,1.0,1.0,0.0,1,68507.0
14,9,30,0,0,0,1,0.0,0.0,1.0,0.0,0.0,29,91,1.0,0.0,0.35,0.0,0.0,0.0,0,41353.0
12,9,46,132,0,0,200,0.0,0.0,1.0,0.01,0.01,202,163,0.81,0.01,0.0,0.0,0.0,0.0,0,78306.0
24,9,313,27520,0,1,3,0.33,0.22,1.0,0.0,0.33,76,255,1.0,0.0,0.01,0.01,0.0,0.01,0,115732.0
24,9,191,891,0,1,6,0.0,0.0,1.0,0.0,0.29,171,255,1.0,0.0,0.01,0.0,0.0,0.0,0,52716.0
24,9,218,12235,0,1,9,0.0,0.0,1.0,0.0,0.0,29,255,1.0,0.0,0.02,0.0,0.0,0.0,0,16400.0
16,5,0,0,0,0,129,1.0,1.0,0.03,0.06,0.0,255,17,0.07,0.07,0.0,1.0,1.0,0.0,1,27484.0
14,9,18,0,0,0,1,0.0,0.0,1.0,0.0,0.0,3,23,1.0,0.0,0.26,0.0,0.0,0.0,1,106687.0
27,5,0,0,0,0,230,1.0,1.0,0.07,0.07,0.0,255,14,0.05,0.07,0.0,1.0,1.0,0.0,1,64927.0
12,9,45,111,0,0,69,0.0,0.0,1.0,0.0,0.01,255,252,0.99,0.01,0.0,0.0,0.0,0.0,0,85611.0
14,9,8,0,0,0,1,0.0,0.0,1.0,0.0,1.0,1,61,1.0,0.0,0.26,0.0,0.0,0.0,1,76987.0
24,1,0,0,0,0,1,0.0,0.0,1.0,0.0,0.0,111,201,1.0,0.0,0.05,0.0,0.0,0.99,0,78470.0
20,9,832,0,0,1,1,0.0,0.0,1.0,0.0,0.0,8,35,1.0,0.0,0.11,0.0,0.0,0.0,1,21574.0
47,5,0,0,0,0,287,1.0,1.0,0.07,0.04,0.0,147,21,0.14,0.07,0.0,0.99,1.0,0.0,1,7084.0
24,9,346,5638,0,1,2,0.0,0.0,1.0,0.0,0.0,255,255,1.0,0.0,0.0,0.0,0.0,0.0,0,121273.0
64,1,0,0,0,0,277,0.0,0.0,0.05,0.06,0.0,255,14,0.05,0.08,0.0,0.0,0.0,1.0,1,94529.0
24,9,305,2239,0,1,1,0.0,0.0,1.0,0.0,0.0,255,238,0.93,0.01,0.0,0.0,0.0,0.01,0,61201.0
25,5,0,0,0,0,97,1.0,1.0,0.03,0.06,0.0,255,6,0.02,0.07,0.0,1.0,1.0,0.0,1,51130.0
58,5,0,0,0,0,272,1.0,1.0,0.09,0.05,0.0,255,24,0.09,0.05,0.0,1.0,1.0,0.0,1,42915.0
47,9,1,1,0,0,8,0.0,0.0,0.62,0.25,0.0,255,5,0.02,0.98,0.0,0.19,0.0,0.0,1,122246.0
47,5,0,0,0,0,244,1.0,1.0,0.08,0.06,0.0,255,17,0.07,0.08,0.0,1.0,1.0,0.0,1,9848.0
50,1,0,0,0,0,511,0.07,0.0,0.0,1.0,0.0,255,1,0.0,1.0,0.0,0.1,0.0,1.0,1,9058.0
12,9,43,74,0,0,221,0.0,0.0,1.0,0.01,0.01,255,254,1.0,0.01,0.0,0.0,0.0,0.0,0,17624.0
9,5,0,0,0,0,275,1.0,1.0,0.08,0.05,0.0,255,22,0.09,0.05,0.0,1.0,1.0,0.0,1,23733.0
52,9,1578,333,0,1,1,0.0,0.0,1.0,0.0,1.0,31,203,0.94,0.06,0.01,0.0,0.0,0.0,0,73078.0
12,9,45,130,0,0,66,0.0,0.0,1.0,0.0,0.01,255,232,0.91,0.01,0.0,0.0,0.0,0.0,0,38960.0
24,9,236,145,0,1,1,0.0,0.0,1.0,0.0,0.0,1,90,1.0,0.0,0.1,0.0,0.01,0.0,0,122084.0
24,9,236,662,0,1,10,0.0,0.0,1.0,0.0,0.0,30,255,1.0,0.0,0.01,0.0,0.0,0.0,0,24788.0
14,9,8,0,0,0,1,0.0,0.0,1.0,0.0,1.0,2,12,1.0,0.0,0.5,0.0,0.0,0.0,1,100661.0
58,9,177,3500,0,1,1,0.0,0.0,1.0,0.0,0.0,255,58,0.23,0.02,0.0,0.0,0.0,0.0,0,84882.0
52,9,1006,334,0,1,1,0.0,0.0,1.0,0.0,0.0,3,138,0.33,0.67,0.02,0.0,0.02,0.0,0,75757.0
47,9,1,0,0,0,17,0.0,0.0,0.18,0.29,0.0,255,23,0.09,0.68,0.0,0.0,0.0,0.0,1,99204.0
24,9,307,298,0,1,2,0.5,0.33,1.0,0.0,0.67,62,255,1.0,0.0,0.01,0.02,0.0,0.0,0,124897.0
24,1,0,0,0,0,295,0.0,0.0,0.06,0.06,0.0,255,18,0.07,0.07,0.0,0.0,0.0,1.0,1,43111.0
20,9,2881,0,0,1,1,0.0,0.0,1.0,0.0,0.0,255,18,0.07,0.02,0.0,0.0,0.0,0.0,0,31303.0
14,9,8,0,0,0,1,0.0,0.0,1.0,0.0,1.0,1,57,1.0,0.0,0.51,0.0,0.0,0.0,1,53815.0
12,9,46,46,0,0,3,0.0,0.0,1.0,0.0,0.2,255,252,0.99,0.01,0.0,0.0,0.0,0.0,0,9924.0
24,9,279,761,0,1,3,0.0,0.0,1.0,0.0,0.11,231,255,1.0,0.0,0.01,0.0,0.0,0.0,0,90427.0
47,5,0,0,0,0,108,1.0,1.0,0.19,0.06,0.0,255,17,0.07,0.06,0.0,1.0,1.0,0.0,1,69335.0
24,9,263,7065,0,1,7,0.0,0.0,1.0,0.0,0.0,255,255,1.0,0.0,0.0,0.0,0.0,0.0,0,78079.0
20,9,1830,0,0,1,2,0.0,0.0,1.0,0.0,0.0,102,75,0.54,0.05,0.03,0.0,0.0,0.0,0,11985.0
37,1,0,0,0,0,246,0.0,0.0,0.08,0.07,0.0,255,20,0.08,0.07,0.0,0.0,0.0,1.0,1,111891.0
24,9,214,1718,0,1,12,0.0,0.0,1.0,0.0,0.0,255,255,1.0,0.0,0.0,0.0,0.0,0.0,0,22263.0
24,9,305,900,0,1,2,0.0,0.0,1.0,0.0,0.0,2,255,1.0,0.0,0.03,0.0,0.0,0.0,0,43493.0
24,9,220,3890,0,1,23,0.0,0.0,1.0,0.0,0.0,22,255,1.0,0.0,0.03,0.0,0.0,0.0,0,88967.0
47,5,0,0,0,0,137,1.0,1.0,0.04,0.06,0.0,203,4,0.02,0.09,0.0,1.0,1.0,0.0,1,28856.0
20,9,192,0,0,1,2,0.0,0.0,1.0,0.0,0.0,32,12,0.25,0.12,0.17,0.0,0.0,0.0,0,110562.0
20,9,5135678,0,0,1,1,0.0,0.0,1.0,0.0,1.0,1,27,1.0,0.0,0.22,0.0,0.04,0.0,1,70094.0
24,9,235,405,0,1,2,0.0,0.0,1.0,0.0,0.0,255,255,1.0,0.0,0.0,0.01,0.01,0.0,0,103208.0
20,9,6932,0,0,1,2,0.0,0.0,1.0,0.0,0.0,173,34,0.17,0.1,0.06,0.01,0.03,0.0,0,28456.0
24,9,305,1410,0,1,34,0.0,0.0,1.0,0.0,0.0,129,255,1.0,0.0,0.03,0.0,0.0,0.0,0,46110.0
52,9,1757,331,0,1,1,0.0,0.0,1.0,0.0,1.0,72,143,0.64,0.06,0.01,0.0,0.0,0.0,0,111036.0
24,9,305,14648,0,1,4,0.0,0.0,1.0,0.0,0.08,85,255,1.0,0.0,0.04,0.0,0.0,0.0,0,76340.0
15,9,520,0,0,0,179,0.0,0.0,1.0,0.0,0.0,255,255,1.0,0.0,0.0,0.0,0.0,0.0,1,13006.0
12,9,46,79,0,0,249,0.0,0.0,1.0,0.0,0.0,255,254,1.0,0.01,0.0,0.0,0.0,0.0,0,94006.0
42,9,147,0,0,0,5,0.0,0.0,0.2,0.6,0.0,255,2,0.01,0.44,0.0,0.0,0.0,0.0,0,107529.0
47,5,0,0,0,0,365,0.05,1.0,0.0,1.0,0.0,255,1,0.0,1.0,0.0,0.07,1.0,0.0,1,66798.0
42,9,145,105,0,0,1,0.0,0.0,1.0,0.0,0.0,255,3,0.01,0.56,0.0,0.0,0.0,0.0,0,66808.0
58,5,0,0,0,0,46,1.0,1.0,0.22,0.09,0.0,255,57,0.22,0.04,0.0,1.0,1.0,0.0,1,101744.0
16,5,0,0,0,0,139,1.0,1.0,0.01,0.06,0.0,255,2,0.01,0.06,0.0,1.0,1.0,0.0,1,26220.0
47,5,0,0,0,0,137,1.0,1.0,0.07,0.06,0.0,255,15,0.06,0.06,0.0,1.0,1.0,0.0,1,82336.0
12,9,41,74,0,0,130,0.0,0.0,1.0,0.0,0.0,255,255,1.0,0.0,0.0,0.0,0.0,0.0,0,115478.0
47,9,1,0,0,0,30,0.0,0.0,0.17,0.17,0.0,255,45,0.18,0.27,0.0,0.0,0.0,0.0,1,50742.0
47,9,105,143,0,0,1,0.0,0.0,1.0,0.0,0.0,255,241,0.95,0.01,0.0,0.0,0.0,0.0,0,99880.0
24,9,201,6585,0,1,1,0.0,0.0,1.0,0.0,0.0,17,255,1.0,0.0,0.06,0.0,0.0,0.0,0,76323.0
24,9,214,19377,0,1,6,0.0,0.0,1.0,0.0,0.0,6,255,1.0,0.0,0.05,0.0,0.0,0.0,0,37204.0
12,9,44,74,0,0,143,0.0,0.0,1.0,0.0,0.0,255,254,1.0,0.01,0.0,0.0,0.0,0.0,0,39946.0
20,9,15876,0,0,0,16,0.0,0.0,1.0,0.0,0.0,255,100,0.39,0.02,0.0,0.0,0.0,0.0,0,94439.0
56,5,0,0,0,0,269,1.0,1.0,0.04,0.06,0.0,255,11,0.04,0.07,0.0,1.0,1.0,0.0,1,78927.0
29,5,0,0,0,0,19,1.0,1.0,0.16,0.16,0.0,255,3,0.01,0.07,0.0,1.0,1.0,0.0,1,113567.0
8,5,0,0,0,0,242,1.0,1.0,0.01,0.06,0.0,255,13,0.05,0.07,0.0,1.0,1.0,0.0,1,95086.0
24,2,0,0,0,1,2,0.0,0.0,1.0,0.0,0.0,217,255,1.0,0.0,0.02,0.01,0.01,0.0,0,26204.0
5,5,0,0,0,0,280,1.0,1.0,0.07,0.06,0.0,255,19,0.07,0.08,0.0,1.0,1.0,0.0,1,58507.0
24,9,295,6874,0,1,8,0.0,0.0,1.0,0.0,0.0,74,255,1.0,0.0,0.07,0.0,0.01,0.0,0,101298.0
15,9,1032,0,0,0,204,0.0,0.0,1.0,0.0,0.0,255,204,0.8,0.01,0.0,0.0,0.0,0.0,1,88428.0
47,5,0,0,0,0,284,1.0,1.0,0.01,0.06,0.0,255,3,0.01,0.07,0.0,1.0,1.0,0.0,1,36855.0
47,5,0,0,0,0,83,1.0,1.0,0.17,0.07,0.0,255,2,0.01,0.07,0.0,1.0,1.0,0.0,1,88075.0
42,9,516,4,0,0,467,0.0,0.0,1.0,0.0,0.0,255,255,1.0,0.0,0.0,0.0,0.0,0.0,0,22024.0
24,9,244,5214,0,1,2,0.0,0.0,1.0,0.0,0.0,192,255,1.0,0.0,0.07,0.0,0.0,0.53,0,71872.0
23,1,0,0,0,0,278,0.0,0.0,0.04,0.06,0.0,255,10,0.04,0.07,0.0,0.0,0.0,1.0,1,108815.0
12,9,36,0,0,0,11,0.0,0.0,1.0,0.0,0.0,89,227,1.0,0.0,0.01,0.0,0.0,0.0,0,100263.0
20,9,12,0,0,1,1,0.0,0.0,1.0,0.0,0.0,23,48,0.22,0.13,0.06,0.0,0.0,0.0,0,73871.0
14,9,8,0,0,0,1,0.0,0.0,1.0,0.0,1.0,4,88,1.0,0.0,0.25,0.0,0.0,0.0,1,59748.0
14,9,8,0,0,0,1,0.0,0.0,1.0,0.0,1.0,1,105,1.0,0.0,0.5,0.0,0.0,0.0,1,68190.0
66,5,0,0,0,0,272,1.0,1.0,0.03,0.06,0.0,255,7,0.03,0.07,0.0,1.0,1.0,0.0,1,48253.0
19,9,104,449,0,1,1,0.0,0.0,1.0,0.0,0.0,1,1,1.0,0.0,0.0,0.0,0.0,0.0,1,2294.0
45,5,0,0,0,0,195,1.0,1.0,0.03,0.07,0.0,255,5,0.02,0.07,0.0,1.0,1.0,0.0,1,100804.0
42,4,1,0,0,0,2,0.0,0.0,1.0,0.0,0.0,255,2,0.01,0.74,0.0,0.0,0.0,1.0,1,68991.0
12,9,44,71,0,0,192,0.0,0.0,0.99,0.01,0.0,255,254,1.0,0.01,0.0,0.0,0.0,0.0,0,35705.0
24,9,244,1603,0,1,5,0.0,0.0,1.0,0.0,0.0,5,255,1.0,0.0,0.04,0.0,0.0,0.0,0,92346.0
24,9,240,5291,0,1,1,0.0,0.0,1.0,0.0,0.5,9,255,1.0,0.0,0.04,0.0,0.0,0.0,0,68213.0
47,5,0,0,0,0,161,1.0,1.0,0.09,0.07,0.0,255,3,0.01,0.08,0.0,1.0,1.0,0.0,1,76162.0
60,5,0,0,0,0,267,1.0,1.0,0.07,0.06,0.0,255,20,0.08,0.07,0.0,1.0,1.0,0.0,1,37434.0
47,5,0,0,0,0,235,1.0,1.0,0.03,0.05,0.0,96,6,0.06,0.1,0.0,0.85,1.0,0.0,1,32492.0
52,9,991,330,0,1,1,0.0,0.0,1.0,0.0,0.0,201,149,0.74,0.01,0.0,0.0,0.0,0.0,0,7917.0
47,5,0,0,0,0,234,1.0,1.0,0.05,0.06,0.0,255,12,0.05,0.08,0.0,1.0,1.0,0.0,1,107688.0
20,9,12165,0,0,1,3,0.0,0.0,1.0,0.0,0.12,18,143,0.5,0.11,0.01,0.0,0.0,0.0,0,61055.0
30,1,0,0,0,0,150,0.0,0.0,0.13,0.05,0.0,255,16,0.06,0.08,0.0,0.0,0.0,1.0,1,119143.0
24,1,0,0,0,0,1,0.0,0.0,1.0,0.0,1.0,1,87,1.0,0.0,0.31,0.0,0.0,1.0,0,107874.0
12,9,35,95,0,0,1,0.0,0.0,1.0,0.0,1.0,121,112,0.93,0.02,0.0,0.0,0.0,0.0,0,109502.0
14,9,30,0,0,0,7,0.0,0.0,0.14,0.29,0.0,255,2,0.01,0.01,0.0,0.0,0.0,0.0,0,103133.0
14,9,18,0,0,0,1,0.0,0.0,1.0,0.0,0.0,1,166,1.0,0.0,1.0,0.0,0.0,0.0,1,48786.0
10,5,0,0,0,0,260,1.0,1.0,0.09,0.05,0.0,255,24,0.09,0.05,0.0,1.0,1.0,0.0,1,51866.0
42,9,147,0,0,0,1,0.0,0.0,1.0,0.0,0.0,255,1,0.0,0.67,0.0,0.0,0.0,0.0,0,8169.0
24,9,237,1054,0,1,7,0.0,0.0,1.0,0.0,0.18,7,255,1.0,0.0,0.01,0.0,0.01,0.0,0,50569.0
42,9,1,0,0,0,17,0.0,0.0,0.06,0.53,0.0,255,1,0.0,0.24,0.0,0.0,0.0,0.0,1,107459.0
24,9,255,434,0,1,35,0.0,0.0,1.0,0.0,0.12,255,255,1.0,0.0,0.0,0.0,0.0,0.0,0,110254.0
24,9,227,1422,0,1,3,0.0,0.0,1.0,0.0,0.0,7,230,1.0,0.0,0.07,0.14,0.0,0.0,0,28478.0
24,9,223,1415,0,1,11,0.0,0.0,1.0,0.0,0.0,11,11,1.0,0.0,0.0,0.0,0.0,0.0,0,33558.0
2,1,0,0,0,0,282,0.0,0.0,0.07,0.06,0.0,255,20,0.08,0.07,0.0,0.0,0.0,1.0,1,77398.0
47,1,0,0,0,0,1,0.0,0.0,1.0,0.0,0.0,47,1,0.02,1.0,0.0,0.0,0.0,1.0,1,94959.0
47,4,1,0,0,0,2,0.0,0.0,1.0,0.0,0.0,255,2,0.01,0.29,0.0,0.0,0.0,1.0,1,12963.0
47,1,0,0,0,0,119,0.01,0.0,0.01,1.0,0.0,244,1,0.0,0.52,0.0,0.0,0.0,1.0,1,16924.0
24,9,353,4580,0,1,5,0.0,0.0,1.0,0.0,0.0,5,255,1.0,0.0,0.04,0.0,0.02,0.0,0,76614.0
24,9,217,7956,0,1,2,0.0,0.0,1.0,0.0,0.67,6,255,1.0,0.0,0.05,0.0,0.0,0.0,0,58314.0
14,9,8,0,0,0,1,0.0,0.0,1.0,0.0,1.0,2,150,1.0,0.0,0.25,0.0,0.0,0.0,1,38190.0
7,1,0,0,0,0,5,0.0,0.0,0.2,1.0,0.0,255,1,0.0,0.06,0.0,0.0,0.0,1.0,1,49551.0
12,9,46,46,0,0,148,0.0,0.0,1.0,0.0,0.0,255,224,0.88,0.01,0.0,0.0,0.0,0.0,0,123553.0
14,9,8,0,0,0,1,0.0,0.0,1.0,0.0,1.0,2,56,1.0,0.0,0.5,0.0,0.0,0.0,1,98610.0
18,5,0,0,0,0,14,1.0,1.0,0.36,0.29,0.0,255,32,0.13,0.05,0.0,1.0,1.0,0.0,1,49082.0
24,9,264,2566,0,1,3,0.0,0.0,1.0,0.0,0.0,255,255,1.0,0.0,0.0,0.0,0.0,0.0,0,69940.0
39,5,0,0,0,0,121,1.0,1.0,0.07,0.06,0.0,255,12,0.05,0.07,0.0,1.0,1.0,0.0,1,120898.0
52,9,11378,1474,0,1,1,0.0,0.5,1.0,0.0,1.0,117,192,0.73,0.03,0.01,0.0,0.01,0.0,0,22436.0
24,9,326,255,0,1,4,0.0,0.0,1.0,0.0,0.0,255,255,1.0,0.0,0.0,0.0,0.0,0.0,0,82032.0
24,9,199,30328,0,1,2,0.0,0.0,1.0,0.0,0.0,255,255,1.0,0.0,0.0,0.0,0.0,0.0,0,23055.0
47,5,0,0,0,0,77,1.0,1.0,0.03,0.09,0.0,255,2,0.01,0.07,0.0,1.0,1.0,0.0,1,62094.0
15,9,520,0,0,0,68,0.0,0.0,1.0,0.0,0.0,255,255,1.0,0.0,0.0,0.0,0.0,0.0,1,20755.0
47,4,0,0,0,0,1,0.0,0.0,1.0,0.0,0.0,179,1,0.01,0.45,0.0,0.0,0.0,1.0,1,59140.0
47,9,207,0,0,0,2,0.0,0.0,1.0,0.0,0.0,54,46,0.85,0.04,0.0,0.0,0.0,0.0,1,44759.0
57,5,0,0,0,0,206,1.0,1.0,0.05,0.06,0.0,255,18,0.07,0.05,0.0,1.0,1.0,0.0,1,62712.0
47,1,0,0,0,0,140,0.0,0.0,0.04,0.08,0.0,255,6,0.02,0.07,0.0,0.0,0.0,1.0,1,10018.0
24,9,223,882,0,1,16,0.0,0.0,1.0,0.0,0.0,61,255,1.0,0.0,0.05,0.0,0.0,0.0,0,63031.0
24,9,216,5077,0,1,2,0.0,0.0,1.0,0.0,0.0,2,255,1.0,0.0,0.08,0.0,0.0,0.0,0,111722.0
40,5,0,0,0,0,241,1.0,1.0,0.0,0.06,0.0,255,17,0.07,0.07,0.0,1.0,1.0,0.0,1,103915.0
58,5,0,0,0,0,279,1.0,1.0,0.08,0.05,0.0,255,21,0.08,0.05,0.0,1.0,1.0,0.0,1,53442.0
58,5,0,0,0,0,257,1.0,1.0,0.08,0.05,0.0,255,21,0.08,0.05,0.0,1.0,1.0,0.0,1,91180.0
24,5,0,0,0,0,6,1.0,1.0,1.0,0.0,0.0,8,6,0.75,0.25,0.0,0.75,1.0,0.0,1,67531.0
47,1,0,0,0,0,2,0.0,0.0,0.5,1.0,0.0,255,1,0.0,0.11,0.0,0.5,0.0,1.0,1,88138.0
24,9,162,4903,0,1,15,0.0,0.0,1.0,0.0,0.0,75,255,1.0,0.0,0.04,0.0,0.0,0.0,0,60862.0
24,9,310,5103,0,1,5,0.0,0.0,1.0,0.0,0.0,205,255,1.0,0.0,0.01,0.0,0.0,0.0,0,74704.0
24,9,209,1411,0,1,29,0.0,0.0,1.0,0.0,0.1,255,255,1.0,0.0,0.0,0.0,0.0,0.0,0,60053.0
47,5,0,0,0,0,238,1.0,1.0,0.07,0.06,0.0,255,19,0.07,0.07,0.0,1.0,1.0,0.0,1,78557.0
8,5,0,0,0,0,281,1.0,1.0,0.09,0.05,0.0,255,25,0.1,0.05,0.0,1.0,1.0,0.0,1,21158.0
17,2,0,0,0,0,113,0.0,0.0,0.04,0.06,0.0,255,5,0.02,0.07,0.0,0.0,0.0,1.0,1,40046.0
24,9,330,1024,0,1,17,0.0,0.0,1.0,0.0,0.0,255,255,1.0,0.0,0.0,0.0,0.0,0.0,0,12654.0
24,9,281,7568,0,1,4,0.0,0.0,1.0,0.0,0.0,32,255,1.0,0.0,0.07,0.0,0.0,0.0,0,79533.0
20,9,7321,0,0,0,1,0.0,0.0,1.0,0.0,0.0,143,25,0.15,0.03,0.08,0.0,0.0,0.0,0,46476.0
24,1,0,0,0,0,1,0.0,0.0,1.0,0.0,0.0,9,229,1.0,0.0,0.2,0.0,0.0,0.96,0,111980.0
14,9,8,0,0,0,1,0.0,0.0,1.0,0.0,1.0,1,54,1.0,0.0,0.52,0.0,0.0,0.0,1,108306.0
12,9,44,132,0,0,89,0.0,0.0,1.0,0.0,0.01,255,255,1.0,0.0,0.0,0.0,0.0,0.0,0,71432.0
47,9,105,146,0,0,1,0.0,0.0,1.0,0.0,0.0,62,58,0.94,0.03,0.0,0.0,0.0,0.0,0,3824.0
58,9,414,12974,0,1,1,0.0,0.0,1.0,0.0,0.0,255,53,0.21,0.02,0.0,0.57,0.72,0.0,0,83292.0
24,9,216,597,0,1,10,0.0,0.0,1.0,0.0,0.11,232,255,1.0,0.0,0.01,0.0,0.0,0.0,0,35513.0
24,9,296,301,0,1,25,0.0,0.0,1.0,0.0,0.0,25,255,1.0,0.0,0.05,0.0,0.0,0.0,0,112645.0
12,9,44,71,0,0,150,0.0,0.0,1.0,0.0,0.01,255,225,0.88,0.01,0.0,0.0,0.0,0.0,0,93613.0
47,9,1,0,0,0,16,0.0,0.0,0.75,0.12,0.0,255,12,0.05,0.84,0.0,0.03,0.0,0.0,1,49770.0
24,9,321,611,0,1,16,0.0,0.0,1.0,0.0,0.0,54,255,1.0,0.0,0.04,0.0,0.0,0.0,0,47107.0
35,5,0,0,0,0,295,1.0,1.0,0.08,0.05,0.0,255,23,0.09,0.05,0.0,1.0,1.0,0.0,1,57080.0
57,5,0,0,0,0,259,1.0,1.0,0.07,0.06,0.0,255,17,0.07,0.06,0.0,1.0,1.0,0.0,1,116970.0
24,9,301,1619,0,1,3,0.0,0.0,1.0,0.0,0.0,3,255,1.0,0.0,0.05,0.0,0.0,0.0,0,105329.0
26,1,0,0,0,0,264,0.0,0.0,0.04,0.06,0.0,255,11,0.04,0.07,0.0,0.0,0.0,1.0,1,7644.0
19,9,1210,2447,0,1,1,0.0,0.0,1.0,0.0,0.0,255,44,0.17,0.02,0.0,0.05,0.0,0.0,1,24568.0
24,1,0,0,0,0,1,0.0,0.0,1.0,0.0,1.0,5,255,1.0,0.0,0.08,0.0,0.0,1.0,0,55512.0
18,5,0,0,0,0,244,1.0,1.0,0.05,0.06,0.0,255,4,0.02,0.09,0.0,1.0,1.0,0.0,1,30726.0
24,9,300,321,0,1,8,0.0,0.0,1.0,0.0,0.16,255,255,1.0,0.0,0.0,0.0,0.0,0.0,0,103287.0
20,9,12,0,0,1,2,0.0,0.0,1.0,0.0,0.0,113,81,0.56,0.03,0.04,0.01,0.01,0.0,0,77455.0
24,9,213,7765,0,1,27,0.0,0.0,1.0,0.0,0.0,27,255,1.0,0.0,0.04,0.0,0.0,0.01,0,87857.0
24,9,155,8768,0,1,5,0.0,0.0,1.0,0.0,0.0,5,255,1.0,0.0,0.01,0.0,0.01,0.0,0,84439.0
12,9,44,67,0,0,122,0.0,0.0,1.0,0.0,0.0,255,199,0.78,0.01,0.0,0.0,0.0,0.0,0,60023.0
24,9,202,1032,0,1,2,0.0,0.0,1.0,0.0,0.67,14,255,1.0,0.0,0.04,0.0,0.0,0.0,0,24124.0
47,9,1,0,0,0,44,0.0,0.0,0.45,0.07,0.0,255,20,0.08,0.23,0.0,0.0,0.0,0.0,1,70526.0
15,9,1032,0,0,0,74,0.0,0.0,1.0,0.0,0.0,255,255,1.0,0.0,0.0,0.0,0.0,0.0,1,72924.0
24,9,54540,8314,0,1,3,0.0,0.0,1.0,0.0,0.0,214,214,1.0,0.0,0.0,0.0,0.0,0.01,1,619.0
12,9,96,31,0,0,2,0.0,0.0,0.5,1.0,0.0,7,5,0.71,0.29,0.0,0.0,0.0,0.0,0,19704.0
15,9,1480,0,1,0,2,0.0,0.0,1.0,0.0,0.5,3,10,0.67,0.67,0.5,0.0,0.0,0.0,1,69402.0
37,5,0,0,0,0,291,1.0,1.0,0.03,0.05,0.0,255,7,0.03,0.08,0.0,1.0,1.0,0.0,1,30574.0
26,5,0,0,0,0,287,1.0,1.0,0.06,0.06,0.0,255,6,0.02,0.07,0.0,1.0,1.0,0.0,1,99748.0
18,5,0,0,0,0,282,1.0,1.0,0.02,0.05,0.0,255,5,0.02,0.05,0.0,1.0,1.0,0.0,1,22310.0
20,9,59,0,0,1,3,0.0,0.0,1.0,0.0,0.0,11,85,0.82,0.27,0.02,0.0,0.0,0.0,0,6919.0
24,5,0,0,0,0,132,1.0,1.0,0.18,0.05,0.0,255,21,0.08,0.05,0.0,1.0,1.0,0.0,1,124474.0
42,4,1,0,0,0,2,0.0,0.0,1.0,0.0,0.0,255,2,0.01,0.72,0.0,0.0,0.0,1.0,1,77542.0
31,5,0,0,0,0,201,1.0,1.0,0.04,0.05,0.0,255,8,0.03,0.05,0.0,1.0,1.0,0.0,1,17060.0
12,9,44,110,0,0,3,0.0,0.0,1.0,0.0,0.4,255,255,1.0,0.0,0.0,0.0,0.0,0.0,0,66743.0
24,9,323,343,0,1,11,0.0,0.0,1.0,0.0,0.17,55,255,1.0,0.0,0.03,0.0,0.0,0.0,0,22725.0
42,1,0,0,0,0,509,0.22,0.0,0.0,1.0,0.0,255,1,0.0,1.0,0.0,0.17,0.0,1.0,1,89412.0
47,5,0,0,0,0,281,1.0,1.0,0.07,0.06,0.0,255,3,0.01,0.08,0.0,1.0,1.0,0.0,1,124642.0
47,1,0,0,0,0,108,0.0,0.0,0.12,0.06,0.0,255,11,0.04,0.08,0.0,0.0,0.0,1.0,1,72384.0
24,9,193,761,0,1,3,0.0,0.03,1.0,0.0,0.23,117,255,1.0,0.0,0.01,0.0,0.0,0.0,0,62231.0
24,9,198,22129,0,1,1,0.0,0.0,1.0,0.0,0.0,255,255,1.0,0.0,0.0,0.0,0.0,0.0,0,85205.0
47,4,0,0,0,0,1,0.0,0.0,1.0,0.0,0.0,255,1,0.0,0.7,0.0,0.0,0.0,1.0,1,94032.0
24,9,165,22461,0,1,1,0.0,0.0,1.0,0.0,0.5,1,255,1.0,0.0,0.07,0.0,0.0,0.0,0,21504.0
24,9,279,3727,0,1,7,0.0,0.0,1.0,0.0,0.0,17,255,1.0,0.0,0.06,0.0,0.0,0.0,0,110432.0
24,9,304,1075,0,1,5,0.0,0.0,1.0,0.0,0.25,255,246,0.96,0.01,0.0,0.0,0.0,0.0,0,21680.0
42,1,0,0,0,0,510,0.1,0.0,0.0,1.0,0.0,255,1,0.0,1.0,0.0,0.12,0.0,1.0,1,81694.0
52,9,1143,334,0,1,1,0.0,0.0,1.0,0.0,0.0,84,101,0.39,0.08,0.02,0.01,0.01,0.0,0,90115.0
42,9,145,105,0,0,2,0.0,0.0,0.5,1.0,0.0,255,3,0.01,0.6,0.0,0.0,0.0,0.0,0,36359.0
24,9,244,390,0,1,26,0.0,0.0,1.0,0.0,0.0,255,255,1.0,0.0,0.0,0.0,0.0,0.0,0,33722.0
12,9,42,42,0,0,16,0.0,0.0,1.0,0.0,0.15,255,255,1.0,0.0,0.0,0.0,0.0,0.0,0,68526.0
47,9,105,146,0,0,1,0.0,0.0,1.0,0.0,0.0,5,4,0.8,0.4,0.0,0.0,0.0,0.0,0,15830.0
39,5,0,0,0,0,124,1.0,1.0,0.05,0.06,0.0,255,8,0.03,0.07,0.0,1.0,1.0,0.0,1,117755.0
12,9,44,44,0,0,210,0.0,0.0,1.0,0.01,0.0,255,254,1.0,0.01,0.0,0.0,0.0,0.0,0,95474.0
40,5,0,0,0,0,218,1.0,1.0,0.09,0.06,0.0,255,20,0.08,0.07,0.0,1.0,1.0,0.0,1,29009.0
25,1,0,0,0,0,109,0.0,0.0,0.14,0.06,0.0,255,15,0.06,0.05,0.0,0.0,0.0,1.0,1,24082.0
24,9,297,2914,0,1,17,0.0,0.0,1.0,0.0,0.0,255,255,1.0,0.0,0.0,0.0,0.0,0.0,0,2789.0
52,9,1353,331,0,1,1,0.0,0.0,1.0,0.0,1.0,183,191,0.84,0.02,0.01,0.0,0.0,0.0,0,95796.0
20,5,0,0,0,0,64,1.0,1.0,0.2,0.06,0.0,255,66,0.26,0.02,0.0,1.0,1.0,0.0,1,51135.0
15,9,520,0,0,0,456,0.0,0.0,1.0,0.0,0.0,219,219,1.0,0.0,0.0,0.0,0.0,0.0,1,120423.0
52,9,1383,459,0,1,1,0.0,0.0,1.0,0.0,0.0,255,6,0.02,0.07,0.0,0.96,0.0,0.0,0,116864.0
52,5,0,0,0,0,59,1.0,0.91,0.17,0.08,0.18,255,10,0.04,0.06,0.0,1.0,1.0,0.0,1,41367.0
47,5,0,0,0,0,254,1.0,1.0,0.07,0.06,0.0,255,2,0.01,0.08,0.0,1.0,1.0,0.0,1,32939.0
47,5,0,0,0,0,223,1.0,1.0,0.02,0.06,0.0,255,6,0.02,0.06,0.0,1.0,1.0,0.0,1,72501.0
24,9,253,464,0,1,1,0.0,0.0,1.0,0.0,0.17,201,241,1.0,0.0,0.01,0.0,0.0,0.0,0,60077.0
24,9,209,6267,0,1,7,0.0,0.0,1.0,0.0,0.22,65,255,1.0,0.0,0.01,0.0,0.0,0.0,0,95574.0
12,9,43,127,0,0,79,0.0,0.0,1.0,0.0,0.01,255,254,1.0,0.01,0.0,0.0,0.0,0.0,0,4403.0
24,1,0,0,0,0,1,0.0,0.0,1.0,0.0,1.0,3,255,1.0,0.0,0.17,0.0,0.0,0.89,0,114318.0
24,1,0,0,0,0,1,0.0,0.0,1.0,0.0,0.75,1,245,1.0,0.0,0.04,0.0,0.0,1.0,0,116042.0
21,5,0,0,0,0,299,1.0,1.0,0.07,0.06,0.0,255,20,0.08,0.08,0.0,1.0,1.0,0.0,1,121033.0
47,5,0,0,0,0,166,1.0,1.0,0.05,0.06,0.0,255,17,0.07,0.06,0.0,1.0,1.0,0.0,1,15893.0
24,1,0,0,0,0,1,0.0,0.0,1.0,0.0,0.0,1,32,1.0,0.0,0.22,0.0,0.0,1.0,0,106380.0
12,9,41,73,0,0,183,0.0,0.0,1.0,0.0,0.0,255,229,0.9,0.01,0.0,0.0,0.0,0.0,0,14240.0
24,9,218,2658,0,1,34,0.0,0.0,1.0,0.0,0.0,255,255,1.0,0.0,0.0,0.0,0.0,0.0,0,78331.0
24,9,312,85,0,1,1,0.0,0.0,1.0,0.0,0.0,255,255,1.0,0.0,0.0,0.0,0.0,0.0,0,121918.0
47,5,0,0,0,0,127,1.0,1.0,0.01,0.06,0.0,255,2,0.01,0.06,0.0,1.0,1.0,0.0,1,93981.0
47,5,0,0,0,0,138,1.0,1.0,0.12,0.07,0.0,255,16,0.06,0.06,0.0,1.0,1.0,0.0,1,109951.0
24,9,229,782,0,1,10,0.0,0.0,1.0,0.0,0.25,255,255,1.0,0.0,0.0,0.0,0.0,0.0,0,68273.0
52,9,1086,452,0,1,1,0.0,0.0,1.0,0.0,0.0,255,5,0.02,0.07,0.0,0.96,0.0,0.0,0,60337.0
20,9,1010,0,0,1,1,0.0,0.0,1.0,0.0,0.0,255,103,0.4,0.02,0.0,0.0,0.0,0.0,0,35328.0
24,9,286,5745,0,1,11,0.0,0.0,1.0,0.0,0.0,92,255,1.0,0.0,0.05,0.0,0.0,0.0,0,93909.0
47,9,105,0,0,0,1,0.0,0.0,1.0,0.0,0.0,255,158,0.62,0.01,0.0,0.0,0.0,0.0,0,20694.0
24,9,239,23971,0,1,1,0.0,0.0,1.0,0.0,0.0,18,255,1.0,0.0,0.04,0.0,0.0,0.0,0,36904.0
12,9,44,129,0,0,297,0.0,0.0,1.0,0.01,0.0,255,223,0.87,0.01,0.0,0.0,0.0,0.0,0,24853.0
24,9,219,2000,0,1,2,0.0,0.0,1.0,0.0,0.0,255,255,1.0,0.0,0.0,0.0,0.0,0.0,0,95420.0
7,5,0,0,0,0,289,1.0,1.0,0.04,0.06,0.0,255,12,0.05,0.05,0.0,1.0,1.0,0.0,1,25796.0
65,5,0,0,0,0,285,1.0,1.0,0.05,0.06,0.0,255,13,0.05,0.07,0.0,1.0,1.0,0.0,1,57486.0
24,1,0,0,0,0,1,0.0,0.0,1.0,0.0,0.0,14,255,1.0,0.0,0.18,0.0,0.0,0.99,0,123533.0
52,9,814,323,0,1,1,0.0,0.0,1.0,0.0,1.0,3,3,1.0,0.0,0.0,0.0,0.0,0.0,0,85963.0
47,5,0,0,0,0,75,1.0,1.0,0.21,0.07,0.0,225,16,0.07,0.06,0.0,1.0,1.0,0.0,1,95525.0
47,5,0,0,0,0,263,1.0,1.0,0.05,0.06,0.0,255,1,0.0,0.06,0.0,1.0,1.0,0.0,1,67897.0
24,9,204,1193,0,1,29,0.0,0.0,1.0,0.0,0.15,255,255,1.0,0.0,0.0,0.0,0.0,0.0,0,43617.0
24,9,334,2488,0,1,7,0.0,0.0,1.0,0.0,0.3,185,221,1.0,0.0,0.02,0.0,0.0,0.0,0,22628.0
19,9,336,1063,0,1,1,0.0,0.0,1.0,0.0,0.0,255,70,0.27,0.02,0.0,0.0,0.0,0.0,0,108397.0
38,5,0,0,0,0,274,1.0,1.0,0.01,0.06,0.0,255,4,0.02,0.08,0.0,1.0,1.0,0.0,1,3503.0
65,5,0,0,0,0,295,1.0,1.0,0.05,0.05,0.0,255,19,0.07,0.08,0.0,1.0,1.0,0.0,1,14996.0
58,5,0,0,0,0,37,1.0,1.0,0.19,0.11,0.0,255,57,0.22,0.04,0.0,1.0,1.0,0.0,1,30884.0
20,9,334,0,0,1,1,0.0,0.0,1.0,0.0,0.0,6,40,1.0,0.0,0.15,0.0,0.03,0.0,1,20904.0
24,9,305,216,0,1,28,0.0,0.0,1.0,0.0,0.1,255,255,1.0,0.0,0.0,0.0,0.0,0.0,0,52375.0
42,1,0,0,0,0,511,0.11,0.0,0.0,1.0,0.0,255,1,0.0,1.0,0.0,0.1,0.0,1.0,1,102199.0
12,9,46,74,0,0,155,0.0,0.0,0.99,0.01,0.02,255,250,0.98,0.01,0.0,0.0,0.0,0.0,0,77046.0
12,9,45,71,0,0,233,0.0,0.0,1.0,0.01,0.01,255,254,1.0,0.01,0.0,0.0,0.0,0.0,0,48518.0
11,1,0,0,0,0,239,0.0,0.0,0.04,0.06,0.0,255,9,0.04,0.06,0.0,0.0,0.0,1.0,1,94554.0
14,9,8,0,0,0,1,0.0,0.0,1.0,0.0,1.0,1,157,1.0,0.0,0.25,0.0,0.0,0.0,1,24537.0
12,9,42,127,0,0,143,0.0,0.0,1.0,0.0,0.02,255,255,1.0,0.0,0.0,0.0,0.0,0.0,0,101963.0
52,9,1884,477,0,1,1,0.0,0.0,1.0,0.0,0.0,255,10,0.04,0.01,0.0,0.0,0.0,0.0,0,44947.0
36,5,0,0,0,0,227,1.0,1.0,0.06,0.06,0.0,255,7,0.03,0.07,0.0,1.0,1.0,0.0,1,56317.0
4,9,13,37,0,0,1,0.0,0.0,1.0,0.0,0.0,255,1,0.0,0.02,0.0,0.0,0.0,0.0,0,72428.0
7,5,0,0,0,0,284,1.0,1.0,0.02,0.06,0.0,255,4,0.02,0.07,0.0,1.0,1.0,0.0,1,58636.0
12,9,44,127,0,0,80,0.0,0.0,1.0,0.0,0.01,255,254,1.0,0.01,0.0,0.0,0.0,0.0,0,1564.0
42,4,1,0,0,0,2,0.0,0.0,1.0,0.0,0.0,255,2,0.01,0.68,0.0,0.0,0.0,1.0,1,7794.0
24,1,0,0,0,0,1,0.0,0.0,1.0,0.0,1.0,7,122,1.0,0.0,0.28,0.0,0.0,0.99,0,110983.0
12,9,45,76,0,0,92,0.0,0.0,1.0,0.0,0.0,255,254,1.0,0.01,0.0,0.0,0.0,0.0,0,38018.0
47,5,0,0,0,0,285,1.0,1.0,0.06,0.06,0.0,255,15,0.06,0.05,0.0,1.0,1.0,0.0,1,63127.0
47,1,0,0,0,0,97,0.0,0.0,0.02,0.07,0.0,255,2,0.01,0.08,0.0,0.0,0.0,1.0,1,122273.0
47,5,0,0,0,0,118,1.0,1.0,0.11,0.07,0.0,20,13,0.65,0.15,0.0,1.0,1.0,0.0,1,45412.0
20,9,245,0,0,0,1,0.0,0.0,1.0,0.0,0.0,35,30,0.2,0.17,0.07,0.0,0.0,0.0,0,90217.0
47,4,0,0,0,0,14,0.0,0.0,0.14,0.5,0.0,184,2,0.01,0.05,0.0,0.01,0.0,1.0,1,7009.0
24,9,248,608,0,1,8,0.0,0.0,1.0,0.0,0.0,255,255,1.0,0.0,0.0,0.0,0.0,0.0,0,105809.0
20,9,59,0,0,1,17,0.0,0.0,1.0,0.0,0.0,255,71,0.28,0.02,0.0,0.0,0.0,0.0,0,56854.0
24,9,289,594,0,1,1,0.0,0.0,1.0,0.0,1.0,4,255,1.0,0.0,0.04,0.0,0.02,0.0,0,90931.0
42,9,147,0,0,0,3,0.0,0.0,0.33,0.67,0.0,255,1,0.0,0.7,0.0,0.0,0.0,0.0,0,56535.0
24,9,293,1193,0,1,1,0.0,0.0,1.0,0.0,1.0,124,231,1.0,0.0,0.02,0.0,0.0,0.0,0,8378.0
24,9,241,688,0,1,15,0.0,0.0,1.0,0.0,0.12,102,255,1.0,0.0,0.02,0.0,0.0,0.04,0,15176.0
4,5,0,0,0,0,194,1.0,1.0,0.01,0.05,0.0,255,1,0.0,0.05,0.0,1.0,1.0,0.0,1,74615.0
24,9,172,12793,0,1,1,0.0,0.0,1.0,0.0,1.0,255,255,1.0,0.0,0.0,0.0,0.0,0.0,0,501.0
24,5,0,0,0,0,36,1.0,1.0,0.31,0.11,0.0,255,59,0.23,0.04,0.0,1.0,1.0,0.0,1,22302.0
32,5,0,0,0,0,124,1.0,1.0,0.01,0.07,0.0,255,1,0.0,0.06,0.0,1.0,1.0,0.0,1,99868.0
47,5,0,0,0,0,158,1.0,1.0,0.01,0.06,0.0,255,18,0.07,0.09,0.0,1.0,1.0,0.0,1,6669.0
12,9,42,70,0,0,280,0.0,0.0,1.0,0.0,0.0,255,254,1.0,0.01,0.0,0.0,0.0,0.0,0,51579.0
24,9,374,6649,0,1,1,0.0,0.0,1.0,0.0,0.18,15,255,1.0,0.0,0.02,0.0,0.0,0.0,0,86625.0
47,9,1,0,0,0,144,0.0,0.0,0.93,0.01,0.0,255,202,0.79,0.03,0.0,0.0,0.0,0.0,1,2734.0
39,5,0,0,0,0,124,1.0,1.0,0.01,0.06,0.0,255,1,0.0,0.05,0.0,1.0,1.0,0.0,1,45578.0
14,9,8,0,0,0,1,0.0,0.0,1.0,0.0,1.0,2,129,1.0,0.0,0.5,0.0,0.0,0.0,1,125406.0
24,9,241,1408,0,1,17,0.0,0.0,1.0,0.0,0.0,95,255,1.0,0.0,0.04,0.0,0.0,0.0,0,53377.0
24,9,224,1674,0,1,28,0.0,0.0,1.0,0.0,0.1,255,255,1.0,0.0,0.0,0.0,0.0,0.0,0,57479.0
38,5,0,0,0,0,298,1.0,1.0,0.02,0.06,0.0,255,1,0.0,0.07,0.0,1.0,1.0,0.0,1,60453.0
32,5,0,0,0,0,116,1.0,1.0,0.05,0.06,0.0,255,15,0.06,0.07,0.0,1.0,1.0,0.0,1,98683.0
52,9,1265,358,0,1,1,0.0,0.0,1.0,0.0,1.0,255,116,0.45,0.07,0.0,0.0,0.0,0.0,0,85147.0
15,9,1032,0,0,0,420,0.0,0.0,1.0,0.0,0.0,255,255,1.0,0.0,0.0,0.0,0.0,0.0,1,62824.0
24,9,298,406,0,1,16,0.0,0.0,1.0,0.0,0.0,33,255,1.0,0.0,0.01,0.0,0.0,0.0,0,96647.0
47,5,0,0,0,0,280,1.0,1.0,0.06,0.05,0.0,238,17,0.07,0.06,0.0,0.99,1.0,0.0,1,21.0
52,9,971,328,0,1,1,0.0,0.0,1.0,0.0,1.0,72,38,0.53,0.06,0.0,0.0,0.0,0.0,0,5594.0
12,9,45,45,0,0,148,0.0,0.0,1.0,0.0,0.02,255,197,0.77,0.01,0.0,0.0,0.0,0.0,0,55266.0
4,5,0,0,0,0,241,1.0,1.0,0.05,0.06,0.0,255,14,0.05,0.07,0.0,1.0,1.0,0.0,1,123120.0
14,9,8,0,0,0,1,0.0,0.0,1.0,0.0,1.0,1,155,1.0,0.0,0.5,0.0,0.0,0.0,1,95185.0
2,5,0,0,0,0,271,1.0,1.0,0.04,0.06,0.0,255,11,0.04,0.08,0.0,1.0,1.0,0.0,1,102177.0
24,9,348,6250,0,1,8,0.0,0.0,1.0,0.0,0.0,255,255,1.0,0.0,0.0,0.0,0.0,0.0,0,98548.0
19,9,1297,2453,0,1,1,0.0,0.0,1.0,0.0,0.0,255,38,0.15,0.02,0.0,0.07,0.0,0.0,1,19750.0
20,9,4892,0,0,1,12,0.0,0.0,1.0,0.0,0.0,89,68,0.3,0.06,0.03,0.0,0.0,0.0,0,41862.0
66,1,0,0,0,0,276,0.0,0.0,0.03,0.06,0.0,255,9,0.04,0.06,0.0,0.0,0.0,1.0,1,110124.0
42,9,147,105,0,0,1,0.0,0.0,1.0,0.0,0.0,255,1,0.0,0.85,0.0,0.0,0.0,0.0,0,91271.0
12,9,43,77,0,0,140,0.0,0.0,1.0,0.0,0.0,255,255,1.0,0.0,0.0,0.0,0.0,0.0,0,103345.0
58,2,0,0,0,0,208,0.0,0.0,0.0,0.07,0.0,255,1,0.0,0.08,0.0,0.0,0.0,1.0,1,79487.0
24,9,235,405,0,1,12,0.0,0.0,1.0,0.0,0.0,255,255,1.0,0.0,0.0,0.0,0.0,0.0,0,69685.0
24,1,0,0,0,0,1,0.0,0.0,1.0,0.0,0.0,12,255,1.0,0.0,0.06,0.0,0.0,0.29,0,121478.0
20,9,13239,0,0,0,9,0.11,0.11,1.0,0.0,0.0,225,89,0.4,0.03,0.0,0.02,0.01,0.0,0,63262.0
47,1,0,0,0,0,139,0.0,0.0,0.09,0.06,0.0,255,3,0.01,0.07,0.0,0.0,0.0,1.0,1,102467.0
27,5,0,0,0,0,223,1.0,1.0,0.08,0.05,0.0,255,18,0.07,0.06,0.0,1.0,1.0,0.0,1,32234.0
24,9,220,1248,0,1,2,0.0,0.0,1.0,0.0,0.14,255,255,1.0,0.0,0.0,0.0,0.0,0.0,0,35137.0
24,9,199,426,0,1,3,0.33,0.33,1.0,0.0,0.0,38,255,1.0,0.0,0.07,0.03,0.01,0.0,0,90488.0
47,5,0,0,0,0,121,1.0,1.0,0.01,0.07,0.0,69,1,0.01,0.1,0.0,1.0,1.0,0.0,1,22957.0
7,5,0,0,0,0,281,1.0,1.0,0.01,0.06,0.0,255,1,0.0,0.07,0.0,1.0,1.0,0.0,1,48525.0
24,1,0,0,0,0,1,0.0,0.0,1.0,0.0,0.0,47,255,1.0,0.0,0.09,0.0,0.0,0.99,0,113267.0
5,5,0,0,0,0,273,1.0,1.0,0.04,0.05,0.0,255,10,0.04,0.07,0.0,1.0,1.0,0.0,1,69186.0
15,9,1032,0,0,0,510,0.0,0.0,1.0,0.0,0.0,255,227,0.89,0.02,0.0,0.0,0.0,0.0,1,119717.0
47,5,0,0,0,0,228,1.0,1.0,0.07,0.06,0.0,255,6,0.02,0.06,0.0,1.0,1.0,0.0,1,56637.0
47,4,1,0,0,0,2,0.0,0.0,1.0,0.0,0.0,158,2,0.01,0.14,0.0,0.0,0.0,1.0,1,18582.0
12,9,43,77,0,0,255,0.0,0.0,1.0,0.0,0.0,255,225,0.88,0.01,0.0,0.0,0.0,0.0,0,112726.0
52,9,988,333,0,1,1,0.0,0.0,1.0,0.0,1.0,125,140,0.4,0.06,0.01,0.02,0.02,0.0,0,15231.0
24,9,225,1630,0,1,8,0.0,0.0,1.0,0.0,0.08,255,255,1.0,0.0,0.0,0.0,0.0,0.0,0,26119.0
24,1,0,0,0,0,1,0.0,0.0,1.0,0.0,1.0,52,255,1.0,0.0,0.17,0.0,0.01,0.99,0,83822.0
24,1,0,0,0,0,1,0.0,0.0,1.0,0.0,0.0,5,253,1.0,0.0,0.09,0.0,0.0,0.42,0,23079.0
47,9,105,147,0,0,1,0.0,0.0,1.0,0.0,0.0,241,239,0.99,0.01,0.0,0.0,0.0,0.0,0,105929.0
20,1,0,0,0,0,233,0.0,0.0,0.08,0.07,0.0,255,18,0.07,0.08,0.0,0.0,0.0,1.0,1,57558.0
47,9,1,0,0,0,85,0.0,0.0,0.68,0.05,0.0,255,120,0.47,0.05,0.0,0.0,0.0,0.0,1,79446.0
24,9,337,1173,0,1,2,0.0,0.0,1.0,0.0,0.67,218,255,1.0,0.0,0.01,0.0,0.01,0.13,0,13967.0
7,5,0,0,0,0,199,1.0,1.0,0.04,0.06,0.0,255,11,0.04,0.08,0.0,1.0,1.0,0.0,1,100884.0
47,4,1,0,0,0,2,0.0,0.0,1.0,0.0,0.0,255,2,0.01,0.73,0.0,0.0,0.0,1.0,1,29000.0
24,9,216,4304,0,1,24,0.0,0.0,1.0,0.0,0.11,255,255,1.0,0.0,0.0,0.0,0.0,0.0,0,23371.0
15,9,1480,0,1,0,2,0.0,0.0,1.0,0.0,0.0,2,20,1.0,0.0,0.5,0.0,0.0,0.0,1,62678.0
52,9,1387,326,0,1,1,0.0,0.0,1.0,0.0,1.0,229,121,0.5,0.07,0.02,0.02,0.02,0.0,0,22196.0
52,9,876,330,0,1,1,0.0,0.0,1.0,0.0,0.0,62,50,0.81,0.08,0.0,0.0,0.0,0.0,0,99733.0
21,1,0,0,0,0,243,0.0,0.0,0.07,0.07,0.0,255,16,0.06,0.07,0.0,0.0,0.0,1.0,1,119427.0
20,9,1030,0,0,1,4,0.0,0.0,1.0,0.0,0.0,12,79,0.83,0.25,0.03,0.0,0.0,0.0,0,12344.0
20,9,192,0,0,0,1,0.0,0.0,1.0,0.0,0.0,5,22,0.8,0.4,0.09,0.0,0.0,0.0,0,13624.0
24,9,342,406,0,1,12,0.0,0.0,1.0,0.0,0.21,255,255,1.0,0.0,0.0,0.0,0.0,0.0,0,122101.0
52,9,2657,327,0,1,1,0.0,0.0,1.0,0.0,0.0,255,139,0.55,0.03,0.0,0.0,0.0,0.0,0,56393.0
14,9,8,0,0,0,1,0.0,0.0,1.0,0.0,1.0,1,193,1.0,0.0,0.25,0.0,0.0,0.0,1,76566.0
4,1,0,0,0,0,143,0.0,0.0,0.05,0.07,0.0,255,7,0.03,0.07,0.0,0.0,0.0,1.0,1,122031.0
24,9,233,636,0,1,3,0.0,0.0,1.0,0.0,0.5,83,255,1.0,0.0,0.02,0.0,0.0,0.0,0,34297.0
52,9,1420,362,0,1,2,0.0,0.0,0.5,1.0,1.0,125,171,0.7,0.04,0.01,0.0,0.0,0.0,0,102490.0
40,5,0,0,0,0,32,1.0,1.0,0.47,0.16,0.0,255,15,0.06,0.07,0.0,1.0,1.0,0.0,1,32093.0
20,9,748,0,0,0,1,0.0,0.0,1.0,0.0,0.0,72,29,0.15,0.06,0.07,0.0,0.0,0.0,0,18245.0
24,9,230,2239,0,1,6,0.0,0.0,1.0,0.0,0.29,255,249,0.98,0.01,0.0,0.02,0.02,0.0,0,27518.0
12,9,43,127,0,0,70,0.0,0.0,1.0,0.0,0.01,255,255,1.0,0.0,0.0,0.0,0.0,0.0,0,4273.0
24,1,0,0,0,0,266,0.0,0.0,0.06,0.06,0.0,255,17,0.07,0.08,0.0,0.0,0.0,1.0,1,29667.0
47,5,0,0,0,0,212,1.0,1.0,0.03,0.06,0.0,255,15,0.06,0.07,0.0,1.0,1.0,0.0,1,77986.0
24,9,244,838,0,1,7,0.0,0.0,1.0,0.0,0.0,241,255,1.0,0.0,0.01,0.0,0.0,0.0,0,98410.0
47,5,0,0,0,0,94,1.0,1.0,0.01,0.06,0.0,255,20,0.08,0.06,0.0,1.0,1.0,0.0,1,117513.0
58,5,0,0,0,0,35,1.0,1.0,0.43,0.06,0.0,255,15,0.06,0.07,0.0,1.0,1.0,0.0,1,61385.0
42,9,145,105,0,0,1,0.0,0.0,1.0,0.0,0.0,255,1,0.0,0.64,0.0,0.0,0.0,0.0,0,27179.0
52,9,1296,325,0,1,1,0.0,0.0,1.0,0.0,1.0,1,1,1.0,0.0,0.0,0.0,0.0,0.0,0,4039.0
24,9,291,1084,0,1,9,0.0,0.0,1.0,0.0,0.0,255,255,1.0,0.0,0.0,0.0,0.0,0.0,0,56860.0
24,1,0,0,0,0,1,0.0,0.0,1.0,0.0,0.0,73,150,1.0,0.0,0.03,0.0,0.0,0.79,0,61786.0
31,5,0,0,0,0,300,1.0,1.0,0.07,0.06,0.0,255,20,0.08,0.08,0.0,1.0,1.0,0.0,1,48948.0
57,5,0,0,0,0,194,1.0,1.0,0.04,0.08,0.0,255,7,0.03,0.07,0.0,1.0,1.0,0.0,1,3925.0
47,1,0,0,0,0,197,0.0,0.0,0.02,0.07,0.0,255,4,0.02,0.08,0.0,0.0,0.0,1.0,1,40300.0
56,5,0,0,0,0,159,1.0,1.0,0.11,0.06,0.0,255,17,0.07,0.06,0.0,1.0,1.0,0.0,1,54844.0
24,9,54540,8314,0,1,3,0.0,0.0,1.0,0.0,0.0,64,64,1.0,0.0,0.0,0.02,0.02,0.02,1,35155.0
14,9,8,0,0,0,1,0.0,0.0,1.0,0.0,1.0,4,255,1.0,0.0,0.25,0.0,0.0,0.0,1,111865.0
15,9,1480,0,1,0,13,0.0,0.0,1.0,0.0,0.0,255,13,0.05,0.02,0.0,0.0,0.0,0.0,1,69359.0
47,5,0,0,0,0,243,1.0,1.0,0.09,0.05,0.0,255,21,0.08,0.05,0.0,1.0,1.0,0.0,1,58545.0
42,4,1,0,0,0,2,0.0,0.0,1.0,0.0,0.0,255,2,0.01,0.68,0.0,0.0,0.0,1.0,1,83829.0
4,5,0,0,0,0,284,1.0,1.0,0.02,0.06,0.0,255,1,0.0,0.08,0.0,1.0,1.0,0.0,1,91351.0
24,9,335,327,0,1,5,0.0,0.0,1.0,0.0,0.12,143,255,1.0,0.0,0.02,0.0,0.0,0.0,0,34080.0
42,1,0,0,0,0,509,0.2,0.0,0.0,1.0,0.0,255,1,0.0,1.0,0.0,0.15,0.0,1.0,1,52458.0
47,5,0,0,0,0,117,1.0,1.0,0.14,0.06,0.0,255,5,0.02,0.06,0.0,1.0,1.0,0.0,1,19494.0
15,9,1032,0,0,0,510,0.0,0.0,1.0,0.0,0.0,255,136,0.53,0.17,0.0,0.0,0.0,0.0,1,118700.0
0,2,1149,5865,0,1,1,0.0,0.0,1.0,0.0,0.0,93,4,0.04,0.02,0.0,0.0,0.0,1.0,0,67276.0
15,9,1032,0,0,0,160,0.0,0.0,1.0,0.0,0.0,255,160,0.63,0.01,0.0,0.0,0.0,0.0,1,36119.0
66,5,0,0,0,0,298,1.0,1.0,0.06,0.06,0.0,255,17,0.07,0.05,0.0,1.0,1.0,0.0,1,13033.0
24,9,161,17183,0,1,1,0.0,0.0,1.0,0.0,0.0,255,255,1.0,0.0,0.0,0.0,0.0,0.0,0,82942.0
20,9,16787,0,0,1,12,0.0,0.0,1.0,0.0,0.0,184,148,0.65,0.03,0.01,0.0,0.0,0.0,0,54817.0
14,9,8,0,0,0,1,0.0,0.0,1.0,0.0,1.0,1,49,1.0,0.0,0.51,0.0,0.0,0.0,1,115325.0
24,9,254,1769,0,1,13,0.0,0.0,1.0,0.0,0.0,82,255,1.0,0.0,0.01,0.0,0.0,0.0,0,30343.0
12,9,45,45,0,0,76,0.0,0.0,1.0,0.0,0.03,255,255,1.0,0.0,0.0,0.0,0.0,0.0,0,91065.0
12,9,45,73,0,0,114,0.0,0.0,1.0,0.0,0.0,255,254,1.0,0.01,0.0,0.0,0.0,0.0,0,89977.0
19,5,0,0,0,0,281,1.0,1.0,0.07,0.05,0.0,255,2,0.01,0.09,0.0,1.0,1.0,0.0,1,59403.0
47,1,0,0,0,0,117,0.0,0.0,0.14,0.08,0.0,255,16,0.06,0.06,0.0,0.0,0.0,1.0,1,84916.0
17,5,0,0,0,0,147,1.0,1.0,0.12,0.06,0.0,255,14,0.05,0.07,0.0,1.0,1.0,0.0,1,18861.0
25,5,0,0,0,0,132,1.0,1.0,0.15,0.05,0.0,255,20,0.08,0.05,0.0,1.0,1.0,0.0,1,25657.0
5,5,0,0,0,0,238,1.0,1.0,0.08,0.05,0.0,255,10,0.04,0.08,0.0,1.0,1.0,0.0,1,123320.0
20,5,0,0,0,0,15,1.0,1.0,0.2,0.27,0.0,97,55,0.24,0.04,0.04,0.98,0.42,0.0,1,12415.0
19,9,242,774,0,1,1,0.0,0.0,1.0,0.0,0.0,255,50,0.2,0.02,0.0,0.0,0.0,0.0,0,13207.0
52,9,1317,370,0,1,1,0.0,0.0,1.0,0.0,1.0,78,57,0.54,0.04,0.04,0.0,0.0,0.0,0,112333.0
24,1,0,0,0,0,1,0.0,0.0,1.0,0.0,1.0,3,106,1.0,0.0,0.21,0.0,0.0,1.0,0,54618.0
24,9,212,308,0,1,2,0.0,0.0,1.0,0.0,0.25,255,255,1.0,0.0,0.0,0.0,0.0,0.0,0,35143.0
24,9,214,955,0,1,10,0.0,0.0,1.0,0.0,0.0,255,255,1.0,0.0,0.0,0.0,0.0,0.0,0,121689.0
12,9,45,72,0,0,68,0.0,0.0,1.0,0.0,0.0,224,184,0.82,0.01,0.0,0.0,0.0,0.0,0,65968.0
24,9,248,7029,0,1,1,0.0,0.0,1.0,0.0,0.0,5,255,1.0,0.0,0.02,0.0,0.0,0.0,0,90649.0
24,9,352,2613,0,1,1,0.0,0.0,1.0,0.0,0.0,255,255,1.0,0.0,0.0,0.0,0.0,0.0,0,81926.0
24,9,273,2366,0,1,15,0.0,0.0,1.0,0.0,0.0,39,207,1.0,0.0,0.11,0.0,0.0,0.0,0,70596.0
24,9,313,17,0,1,1,0.0,0.0,1.0,0.0,0.0,3,255,1.0,0.0,0.03,0.0,0.0,0.01,0,39723.0
24,9,307,2090,0,1,6,0.0,0.0,1.0,0.0,0.0,24,255,1.0,0.0,0.01,0.0,0.0,0.07,0,123245.0
24,9,242,2919,0,1,1,0.0,0.0,1.0,0.0,1.0,124,255,1.0,0.0,0.03,0.0,0.0,0.0,0,86755.0
18,5,0,0,0,0,47,1.0,1.0,0.23,0.09,0.0,255,62,0.24,0.02,0.0,1.0,1.0,0.0,1,92341.0
24,1,0,0,0,0,1,0.0,0.0,1.0,0.0,0.0,29,255,1.0,0.0,0.07,0.0,0.0,0.99,0,76578.0
20,9,5135678,0,0,1,1,0.0,0.0,1.0,0.0,0.0,6,41,1.0,0.0,0.15,0.0,0.02,0.0,1,106285.0
24,9,212,2739,0,1,17,0.0,0.0,1.0,0.0,0.11,18,255,1.0,0.0,0.04,0.0,0.0,0.0,0,23259.0
42,1,0,0,0,0,511,0.08,0.0,0.0,1.0,0.0,255,1,0.0,1.0,0.0,0.02,0.0,1.0,1,118176.0
24,9,346,662,0,1,35,0.0,0.0,1.0,0.0,0.0,231,255,1.0,0.0,0.01,0.0,0.0,0.0,0,107718.0
52,9,683,329,0,1,1,0.0,0.0,1.0,0.0,0.0,107,146,0.65,0.03,0.02,0.0,0.0,0.0,0,63721.0
2,5,0,0,0,0,246,1.0,1.0,0.1,0.05,0.0,255,24,0.09,0.06,0.0,1.0,1.0,0.0,1,123501.0
24,9,333,8115,0,1,7,0.0,0.0,1.0,0.0,0.0,255,255,1.0,0.0,0.0,0.0,0.0,0.0,0,48033.0
52,9,2238,407,0,1,1,0.0,0.0,1.0,0.0,1.0,140,194,0.83,0.03,0.01,0.0,0.0,0.06,0,110765.0
40,5,0,0,0,0,190,1.0,1.0,0.01,0.07,0.0,255,2,0.01,0.08,0.0,1.0,1.0,0.0,1,60267.0
12,9,42,131,0,0,104,0.0,0.0,1.0,0.0,0.01,255,255,1.0,0.0,0.0,0.0,0.0,0.0,0,84638.0
25,5,0,0,0,0,12,1.0,1.0,0.42,0.25,0.0,255,5,0.02,0.08,0.0,1.0,1.0,0.0,1,125782.0
2,5,0,0,0,0,273,1.0,1.0,0.09,0.05,0.0,255,24,0.09,0.05,0.0,1.0,1.0,0.0,1,28534.0
12,9,42,129,0,0,78,0.0,0.0,1.0,0.0,0.01,255,255,1.0,0.0,0.0,0.0,0.0,0.0,0,32954.0
12,9,44,73,0,0,170,0.0,0.0,1.0,0.0,0.0,255,255,1.0,0.0,0.0,0.0,0.0,0.0,0,87039.0
16,1,0,0,0,0,123,0.0,0.0,0.05,0.07,0.0,255,6,0.02,0.07,0.0,0.0,0.0,1.0,1,90571.0
24,9,313,462,0,1,26,0.0,0.0,1.0,0.0,0.1,255,255,1.0,0.0,0.0,0.0,0.0,0.0,0,69542.0
24,9,230,2507,0,1,1,0.0,0.0,1.0,0.0,0.0,255,241,0.95,0.01,0.0,0.0,0.0,0.0,0,111604.0
24,9,214,1124,0,1,11,0.0,0.0,1.0,0.0,0.0,21,255,1.0,0.0,0.03,0.0,0.0,0.0,0,123364.0
24,9,217,301,0,1,20,0.0,0.0,1.0,0.0,0.12,255,255,1.0,0.0,0.0,0.0,0.0,0.0,0,120870.0
24,4,54540,7300,0,1,3,0.0,0.0,1.0,0.0,0.0,255,255,1.0,0.0,0.0,0.0,0.0,0.03,1,79223.0
47,5,0,0,0,0,299,1.0,1.0,0.02,0.06,0.0,255,3,0.01,0.09,0.0,1.0,1.0,0.0,1,107212.0
21,1,0,0,0,0,251,0.0,0.0,0.01,0.07,0.0,255,2,0.01,0.07,0.0,0.0,0.0,1.0,1,125456.0
15,9,1480,0,1,0,2,0.0,0.0,1.0,0.0,0.5,4,151,1.0,0.0,0.11,0.0,0.0,0.0,1,81157.0
47,5,0,0,0,0,102,1.0,1.0,0.08,0.06,0.0,255,12,0.05,0.06,0.0,1.0,1.0,0.0,1,31029.0
24,9,219,14593,0,1,4,0.0,0.0,1.0,0.0,0.0,15,255,1.0,0.0,0.06,0.0,0.0,0.0,0,28180.0
29,5,0,0,0,0,102,1.0,1.0,0.02,0.07,0.0,255,2,0.01,0.06,0.0,1.0,1.0,0.0,1,237.0
24,9,313,32809,0,1,2,0.0,0.0,1.0,0.0,0.0,5,185,1.0,0.0,0.09,0.0,0.0,0.0,0,101654.0
24,9,215,845,0,1,28,0.0,0.0,1.0,0.0,0.07,255,255,1.0,0.0,0.0,0.0,0.0,0.0,0,28432.0
47,5,0,0,0,0,102,1.0,1.0,0.08,0.06,0.0,255,10,0.04,0.07,0.0,1.0,1.0,0.0,1,4367.0
42,4,1,0,0,0,2,0.0,0.0,1.0,0.0,0.0,255,2,0.01,0.64,0.0,0.0,0.0,1.0,1,8692.0
24,9,325,682,0,1,13,0.0,0.0,1.0,0.0,0.0,255,255,1.0,0.0,0.0,0.0,0.0,0.0,0,21730.0
47,5,0,0,0,0,288,1.0,1.0,0.06,0.06,0.0,255,31,0.12,0.06,0.0,1.0,1.0,0.0,1,35594.0
24,9,232,13187,0,1,4,0.0,0.0,1.0,0.0,0.06,177,177,1.0,0.0,0.0,0.0,0.0,0.0,0,34565.0
27,5,0,0,0,0,205,1.0,1.0,0.02,0.07,0.0,255,4,0.02,0.09,0.0,1.0,1.0,0.0,1,74396.0
47,5,0,0,0,0,6,1.0,1.0,0.67,0.33,0.0,255,13,0.05,0.07,0.0,1.0,1.0,0.0,1,121046.0
52,9,3441,329,0,1,1,0.0,0.0,1.0,0.0,0.0,52,199,0.9,0.04,0.01,0.0,0.0,0.0,0,71195.0
37,5,0,0,0,0,272,1.0,1.0,0.09,0.05,0.0,255,24,0.09,0.05,0.0,1.0,1.0,0.0,1,104933.0
47,1,0,0,0,0,215,0.0,0.0,0.01,0.07,0.0,255,2,0.01,0.08,0.0,0.0,0.0,1.0,1,17496.0
20,9,740,0,0,1,2,0.0,0.0,1.0,0.0,0.0,89,12,0.13,0.04,0.0,0.0,0.0,0.0,0,15772.0
24,9,296,5186,0,1,3,0.0,0.0,1.0,0.0,0.5,15,255,1.0,0.0,0.04,0.0,0.0,0.0,0,87335.0
24,9,165,175,0,1,1,0.0,0.0,1.0,0.0,0.0,255,255,1.0,0.0,0.0,0.0,0.0,0.0,0,4012.0
20,9,884,0,0,1,2,0.0,0.0,1.0,0.0,0.0,128,44,0.16,0.1,0.05,0.01,0.02,0.0,0,82559.0
47,9,28,0,3,0,27,0.0,0.0,1.0,0.0,0.0,255,27,0.11,0.02,0.0,0.0,0.0,0.0,1,758.0
24,9,302,2698,0,1,1,0.0,0.02,1.0,0.0,0.08,255,253,0.99,0.01,0.0,0.0,0.0,0.0,0,34365.0
20,9,1342,0,0,1,6,0.0,0.0,1.0,0.0,0.0,79,34,0.15,0.06,0.06,0.0,0.0,0.0,0,32745.0
24,6,205,29200,0,1,1,1.0,1.0,1.0,0.0,0.0,17,255,1.0,0.0,0.02,0.06,0.0,0.0,0,41875.0
24,9,222,1483,0,1,4,0.0,0.0,1.0,0.0,0.0,255,255,1.0,0.0,0.0,0.0,0.0,0.0,0,106264.0
24,9,342,2631,0,1,3,0.0,0.0,1.0,0.0,0.0,112,255,1.0,0.0,0.04,0.0,0.0,0.08,0,74400.0
47,4,0,0,0,0,1,0.0,0.0,1.0,0.0,0.0,139,1,0.01,0.3,0.0,0.0,0.0,1.0,1,46186.0
34,5,0,0,0,0,239,1.0,1.0,0.02,0.07,0.0,255,4,0.02,0.06,0.0,1.0,1.0,0.0,1,78873.0
1,9,7847476,474404,0,0,1,0.0,0.0,1.0,0.0,0.0,16,3,0.19,0.25,0.0,0.0,0.0,0.0,0,108348.0
52,9,2415,359,0,1,1,0.0,0.0,1.0,0.0,1.0,73,181,0.45,0.05,0.02,0.0,0.0,0.0,0,111788.0
24,1,0,0,0,0,1,0.0,0.0,1.0,0.0,1.0,47,255,1.0,0.0,0.16,0.0,0.01,0.86,0,92793.0
65,5,0,0,0,0,212,1.0,1.0,0.09,0.05,0.0,255,20,0.08,0.05,0.0,1.0,1.0,0.0,1,110873.0
2,5,0,0,0,0,278,1.0,1.0,0.05,0.06,0.0,255,13,0.05,0.08,0.0,1.0,1.0,0.0,1,98690.0
24,9,214,9765,0,1,22,0.0,0.0,1.0,0.0,0.09,255,255,1.0,0.0,0.0,0.0,0.0,0.0,0,21548.0
24,9,226,519,0,1,3,0.0,0.0,1.0,0.0,0.0,44,255,1.0,0.0,0.04,0.0,0.0,0.0,0,19758.0
20,9,1556,0,0,1,6,0.0,0.0,1.0,0.0,0.17,128,44,0.24,0.03,0.05,0.0,0.0,0.0,0,96111.0
24,9,271,370,0,1,5,0.0,0.0,1.0,0.0,0.33,210,255,1.0,0.0,0.01,0.0,0.0,0.0,0,85064.0
42,9,1,0,0,0,8,0.0,0.0,1.0,0.0,0.0,255,8,0.03,0.15,0.0,0.0,0.0,0.0,1,23102.0
5,5,0,0,0,0,268,1.0,1.0,0.01,0.05,0.0,255,4,0.02,0.05,0.0,1.0,1.0,0.0,1,38558.0
19,9,238,772,0,1,1,0.0,0.0,1.0,0.0,0.0,19,9,0.47,0.26,0.0,0.0,0.0,0.0,0,57633.0
24,9,206,818,0,1,1,0.0,0.0,1.0,0.0,0.0,44,255,1.0,0.0,0.03,0.0,0.0,0.0,0,63484.0
24,9,207,3672,0,1,2,0.0,0.0,1.0,0.0,0.75,34,255,1.0,0.0,0.03,0.0,0.0,0.02,0,106744.0
14,9,8,0,0,0,1,0.0,0.0,1.0,0.0,1.0,2,16,1.0,0.0,0.5,0.0,0.0,0.0,1,101513.0
47,5,0,0,0,0,145,1.0,1.0,0.11,0.06,0.0,27,11,0.41,0.22,0.0,1.0,1.0,0.0,1,47417.0
12,9,46,85,0,0,180,0.0,0.0,1.0,0.0,0.0,255,255,1.0,0.0,0.0,0.0,0.0,0.0,0,86923.0
21,5,0,0,0,0,262,1.0,1.0,0.08,0.05,0.0,255,22,0.09,0.05,0.0,1.0,1.0,0.0,1,3909.0
14,9,8,0,0,0,1,0.0,0.0,1.0,0.0,1.0,2,144,1.0,0.0,0.5,0.0,0.0,0.0,1,35784.0
47,5,0,0,0,0,272,1.0,1.0,0.04,0.06,0.0,255,2,0.01,0.08,0.0,1.0,1.0,0.0,1,9724.0
24,9,299,362,0,1,3,0.0,0.0,1.0,0.0,0.0,19,255,1.0,0.0,0.01,0.0,0.01,0.0,0,116035.0
20,9,12983,0,0,0,2,0.0,0.0,1.0,0.0,0.5,203,95,0.33,0.02,0.02,0.0,0.0,0.0,0,119467.0
14,9,8,0,0,0,1,0.0,0.0,1.0,0.0,1.0,1,101,1.0,0.0,0.51,0.0,0.0,0.0,1,116881.0
47,5,0,0,0,0,113,1.0,1.0,0.05,0.06,0.0,255,4,0.02,0.06,0.0,1.0,1.0,0.0,1,71763.0
24,9,288,294,0,1,14,0.0,0.0,1.0,0.0,0.13,69,255,1.0,0.0,0.03,0.0,0.0,0.0,0,124615.0
47,5,0,0,0,0,112,1.0,1.0,0.12,0.05,0.0,255,11,0.04,0.07,0.0,1.0,1.0,0.0,1,25728.0
20,5,0,0,0,0,8,1.0,1.0,0.88,0.25,0.0,255,62,0.24,0.04,0.0,1.0,1.0,0.0,1,45133.0
20,5,0,0,0,0,232,1.0,1.0,0.03,0.06,0.0,255,6,0.02,0.07,0.0,1.0,1.0,0.0,1,107490.0
14,9,8,0,0,0,1,0.0,0.0,1.0,0.0,1.0,2,86,1.0,0.0,0.5,0.0,0.0,0.0,1,109350.0
24,9,220,470,0,1,2,0.0,0.0,1.0,0.0,0.0,23,255,1.0,0.0,0.02,0.0,0.0,0.0,0,99645.0
47,5,0,0,0,0,112,1.0,1.0,0.11,0.06,0.0,255,34,0.13,0.06,0.0,1.0,1.0,0.0,1,119181.0
24,5,0,0,0,0,52,0.96,1.0,0.29,0.12,0.0,255,40,0.16,0.04,0.0,1.0,1.0,0.0,1,45181.0
37,5,0,0,0,0,190,1.0,1.0,0.01,0.07,0.0,255,2,0.01,0.07,0.0,1.0,1.0,0.0,1,87822.0
24,9,311,2593,0,1,5,0.0,0.0,1.0,0.0,0.0,27,255,1.0,0.0,0.02,0.0,0.0,0.0,0,31133.0
47,9,105,145,0,0,1,0.0,0.0,1.0,0.0,0.0,4,4,1.0,0.0,0.0,0.0,0.0,0.0,0,65341.0
42,9,147,105,0,0,3,0.0,0.0,0.33,0.67,0.0,255,1,0.0,0.54,0.0,0.0,0.0,0.0,0,118856.0
9,1,0,0,0,0,15,0.0,0.0,0.07,0.53,0.0,185,1,0.01,0.06,0.0,0.01,0.0,1.0,1,113240.0
24,9,253,1977,0,1,1,0.0,0.0,1.0,0.0,0.0,255,252,0.99,0.01,0.0,0.0,0.0,0.0,0,106621.0
24,9,215,6367,0,1,9,0.0,0.0,1.0,0.0,0.0,255,255,1.0,0.0,0.0,0.0,0.0,0.0,0,449.0
62,9,181,0,0,0,2,0.0,0.0,0.5,1.0,0.0,255,72,0.28,0.01,0.0,0.0,0.0,0.0,0,28251.0
24,9,180,4999,0,1,4,0.0,0.0,1.0,0.0,0.09,4,255,1.0,0.0,0.02,0.0,0.0,0.0,0,108884.0
63,5,0,0,0,0,140,1.0,1.0,0.06,0.06,0.0,255,9,0.04,0.07,0.0,1.0,1.0,0.0,1,74256.0
24,9,267,10735,0,1,16,0.0,0.0,1.0,0.0,0.1,17,255,1.0,0.0,0.04,0.0,0.0,0.0,0,72875.0
24,9,256,791,0,1,1,0.0,0.0,1.0,0.0,0.0,255,241,0.95,0.01,0.0,0.0,0.0,0.02,0,18220.0
24,9,192,395,0,1,3,0.0,0.0,1.0,0.0,0.0,124,255,1.0,0.0,0.02,0.0,0.0,0.0,0,122267.0
47,1,0,0,0,0,104,0.01,0.0,0.01,1.0,0.0,229,1,0.0,0.48,0.0,0.0,0.0,1.0,1,93528.0
47,5,0,0,0,0,105,1.0,1.0,0.13,0.06,0.0,255,10,0.04,0.06,0.0,1.0,1.0,0.0,1,48649.0
24,9,234,3957,0,1,20,0.0,0.0,1.0,0.0,0.0,255,255,1.0,0.0,0.0,0.0,0.0,0.0,0,86649.0
58,5,0,0,0,0,12,1.0,1.0,0.17,0.33,0.0,255,63,0.25,0.02,0.0,1.0,1.0,0.0,1,118011.0
47,5,0,0,0,0,206,1.0,1.0,0.09,0.07,0.0,255,20,0.08,0.07,0.0,1.0,1.0,0.0,1,989.0
6,1,0,0,0,0,120,0.0,0.0,0.06,0.07,0.0,255,7,0.03,0.08,0.0,0.0,0.0,1.0,1,79150.0
47,9,1,0,0,0,17,0.0,0.0,0.65,0.29,0.0,255,11,0.04,0.78,0.0,0.1,0.0,0.0,1,75502.0
52,9,1785,387,0,1,1,0.0,0.0,1.0,0.0,0.0,255,86,0.34,0.05,0.0,0.3,0.0,0.0,0,10723.0
60,2,0,0,0,0,232,0.0,0.0,0.03,0.06,0.0,255,6,0.02,0.07,0.0,0.0,0.0,1.0,1,123079.0
12,9,30,0,0,0,1,0.0,0.0,1.0,0.0,1.0,9,3,0.33,0.33,0.0,0.0,0.0,0.0,0,6259.0
24,9,301,3324,0,1,3,0.0,0.0,1.0,0.0,0.0,3,255,1.0,0.0,0.03,0.0,0.0,0.0,0,107344.0
24,9,224,280,0,1,13,0.0,0.0,1.0,0.0,0.0,255,255,1.0,0.0,0.0,0.0,0.0,0.0,0,19931.0
24,9,221,3101,0,1,12,0.0,0.0,1.0,0.0,0.0,50,255,1.0,0.0,0.02,0.0,0.0,0.0,0,35865.0
14,9,8,0,0,0,1,0.0,0.0,1.0,0.0,1.0,4,120,1.0,0.0,0.25,0.0,0.0,0.0,1,71779.0
66,5,0,0,0,0,137,1.0,1.0,0.13,0.06,0.0,255,18,0.07,0.06,0.0,1.0,1.0,0.0,1,82139.0
47,1,0,0,0,0,2,0.0,0.0,0.5,1.0,0.0,255,1,0.0,0.49,0.0,0.0,0.0,1.0,1,38224.0
15,9,1480,0,1,0,16,0.0,0.0,1.0,0.0,0.0,100,16,0.16,0.04,0.0,0.0,0.0,0.0,1,48570.0
24,9,327,11715,0,1,9,0.0,0.0,1.0,0.0,0.0,9,255,1.0,0.0,0.08,0.0,0.0,0.0,0,58650.0
20,9,641,0,0,0,2,0.0,0.0,1.0,0.0,0.0,255,105,0.41,0.02,0.0,0.0,0.0,0.0,0,14091.0
18,5,0,0,0,0,12,1.0,1.0,0.5,0.17,0.0,172,49,0.27,0.02,0.04,1.0,0.94,0.0,1,111809.0
24,9,163,14592,0,1,1,0.0,0.0,1.0,0.0,0.0,1,255,1.0,0.0,0.04,0.0,0.0,0.0,0,82369.0
24,1,0,0,0,0,1,0.0,0.0,1.0,0.0,1.0,8,230,1.0,0.0,0.12,0.0,0.0,1.0,0,113940.0
27,1,0,0,0,0,109,0.0,0.0,0.16,0.07,0.0,255,5,0.02,0.07,0.0,0.0,0.0,1.0,1,82082.0
42,9,145,0,0,0,1,0.0,0.0,1.0,0.0,0.0,255,1,0.0,0.6,0.0,0.0,0.0,0.0,0,88760.0
27,5,0,0,0,0,293,1.0,1.0,0.05,0.06,0.0,255,4,0.02,0.07,0.0,1.0,1.0,0.0,1,42769.0
9,1,0,0,0,0,96,0.01,0.0,0.01,1.0,0.0,255,1,0.0,0.39,0.0,0.0,0.0,1.0,1,65863.0
55,2,0,0,0,0,193,0.0,0.0,0.01,0.07,0.0,255,1,0.0,0.07,0.0,0.0,0.0,1.0,1,36956.0
20,9,1342,0,0,1,5,0.0,0.0,1.0,0.0,0.0,178,94,0.35,0.03,0.02,0.0,0.0,0.0,0,121995.0
54,5,0,0,0,0,139,1.0,1.0,0.14,0.05,0.0,255,16,0.06,0.07,0.0,1.0,1.0,0.0,1,25583.0
47,5,0,0,0,0,231,1.0,1.0,0.09,0.06,0.0,255,21,0.08,0.05,0.0,1.0,1.0,0.0,1,40756.0
47,1,0,0,0,0,113,0.0,0.0,0.06,0.08,0.0,255,7,0.03,0.09,0.0,0.0,0.0,1.0,1,116621.0
24,9,320,948,0,1,4,0.0,0.0,1.0,0.0,0.0,22,255,1.0,0.0,0.02,0.0,0.0,0.0,0,91325.0
47,9,28,0,3,0,64,0.0,0.0,1.0,0.0,0.0,255,64,0.25,0.01,0.0,0.0,0.0,0.0,1,94857.0
20,5,0,0,0,0,242,1.0,1.0,0.02,0.07,0.0,255,5,0.02,0.07,0.0,1.0,1.0,0.0,1,52332.0
26,5,0,0,0,0,299,1.0,1.0,0.06,0.05,0.0,255,19,0.07,0.07,0.0,1.0,1.0,0.0,1,81212.0
30,5,0,0,0,0,144,1.0,1.0,0.08,0.06,0.0,255,10,0.04,0.06,0.0,1.0,1.0,0.0,1,42284.0
24,9,222,1289,0,1,13,0.0,0.0,1.0,0.0,0.0,255,255,1.0,0.0,0.0,0.0,0.0,0.0,0,98919.0
24,1,0,0,0,0,18,0.0,0.0,1.0,0.0,0.0,21,174,1.0,0.0,0.22,0.0,0.0,0.98,0,73152.0
24,1,0,0,0,0,1,0.0,0.0,1.0,0.0,0.0,1,185,1.0,0.0,0.21,0.0,0.0,0.9,0,3198.0
24,9,232,2224,0,1,16,0.0,0.0,1.0,0.0,0.0,94,255,1.0,0.0,0.05,0.0,0.0,0.0,0,14595.0
19,9,239,772,0,1,1,0.0,0.0,1.0,0.0,0.0,15,4,0.27,0.13,0.0,0.0,0.0,0.0,0,61251.0
47,9,105,146,0,0,1,0.0,0.0,1.0,0.0,0.0,125,116,0.93,0.02,0.0,0.0,0.0,0.0,0,46202.0
47,5,0,0,0,0,261,1.0,1.0,0.03,0.05,0.0,255,8,0.03,0.07,0.0,1.0,1.0,0.0,1,75111.0
24,9,227,1484,0,1,16,0.06,0.07,1.0,0.0,0.11,23,26,1.0,0.0,0.08,0.04,0.04,0.0,0,47858.0
14,9,8,0,0,0,1,0.0,0.0,1.0,0.0,1.0,4,160,1.0,0.0,0.25,0.0,0.0,0.0,1,85243.0
45,4,1,0,0,0,2,0.0,0.0,1.0,0.0,0.0,255,2,0.01,0.44,0.0,0.0,0.0,1.0,1,33674.0
42,9,516,4,0,0,222,0.0,0.0,1.0,0.0,0.0,222,222,1.0,0.0,0.0,0.0,0.0,0.0,0,87858.0
24,9,226,983,0,1,19,0.0,0.0,1.0,0.0,0.12,170,255,1.0,0.0,0.01,0.0,0.0,0.0,0,68964.0
12,9,45,120,0,0,2,0.0,0.0,1.0,0.0,0.5,255,254,1.0,0.01,0.0,0.0,0.0,0.0,0,117879.0
19,9,315,1054,0,1,1,0.0,0.0,1.0,0.0,0.0,255,47,0.18,0.03,0.0,0.01,0.0,0.0,0,79971.0
20,9,2194619,0,0,1,2,0.0,0.0,1.0,0.0,0.0,101,47,0.2,0.05,0.04,0.0,0.0,0.0,0,33346.0
24,9,219,435,0,1,21,0.0,0.0,1.0,0.0,0.0,255,255,1.0,0.0,0.0,0.0,0.0,0.0,0,112923.0
2,5,0,0,0,0,279,1.0,1.0,0.06,0.06,0.0,255,16,0.06,0.07,0.0,1.0,1.0,0.0,1,23092.0
64,5,0,0,0,0,231,1.0,1.0,0.03,0.06,0.0,255,1,0.0,0.08,0.0,1.0,1.0,0.0,1,36267.0
24,9,7328,7670,0,1,18,0.0,0.0,1.0,0.0,0.0,78,255,1.0,0.0,0.04,0.0,0.0,0.0,0,78596.0
25,1,0,0,0,0,117,0.0,0.0,0.09,0.07,0.0,255,11,0.04,0.07,0.0,0.0,0.0,1.0,1,92407.0
24,9,297,5357,0,1,1,0.0,0.0,1.0,0.0,0.0,255,252,0.99,0.01,0.0,0.0,0.0,0.0,0,74729.0
24,9,280,944,0,1,3,0.0,0.0,1.0,0.0,0.0,85,255,1.0,0.0,0.01,0.0,0.0,0.0,0,60174.0
47,5,0,0,0,0,210,1.0,1.0,0.03,0.06,0.0,255,6,0.02,0.08,0.0,1.0,1.0,0.0,1,64217.0
14,9,8,0,0,0,1,0.0,0.0,1.0,0.0,1.0,2,166,1.0,0.0,0.25,0.0,0.0,0.0,1,109540.0
24,9,324,1049,0,1,4,0.0,0.0,1.0,0.0,0.0,79,255,1.0,0.0,0.01,0.0,0.0,0.0,0,54559.0
29,5,0,0,0,0,145,1.0,1.0,0.14,0.06,0.0,255,20,0.08,0.06,0.0,1.0,1.0,0.0,1,89105.0
14,9,8,0,0,0,1,0.0,0.0,1.0,0.0,1.0,1,85,1.0,0.0,0.26,0.0,0.0,0.0,1,87967.0
24,9,240,850,0,1,37,0.0,0.0,1.0,0.0,0.0,255,255,1.0,0.0,0.0,0.0,0.0,0.0,0,117505.0
24,9,160,29072,0,1,10,0.0,0.0,1.0,0.0,0.18,255,255,1.0,0.0,0.0,0.0,0.0,0.0,0,26787.0
24,1,0,0,0,0,13,0.0,0.0,1.0,0.0,0.0,30,116,1.0,0.0,0.16,0.0,0.01,0.85,0,99163.0
57,1,0,0,0,0,258,0.0,0.0,0.04,0.07,0.0,255,11,0.04,0.08,0.0,0.0,0.0,1.0,1,116095.0
24,9,341,836,0,1,8,0.0,0.0,1.0,0.0,0.0,203,255,1.0,0.0,0.01,0.0,0.0,0.0,0,49231.0
47,1,0,0,0,0,1,0.0,0.0,1.0,0.0,0.0,50,2,0.02,1.0,1.0,0.0,0.0,1.0,1,77272.0
24,9,372,279,0,1,1,0.0,0.0,1.0,0.0,0.15,29,255,1.0,0.0,0.03,0.0,0.0,0.0,0,104427.0
42,4,1,0,0,0,2,0.0,0.0,1.0,0.0,0.0,255,2,0.01,0.68,0.0,0.0,0.0,1.0,1,121043.0
17,2,0,0,0,0,134,0.0,0.0,0.13,0.06,0.0,255,18,0.07,0.07,0.0,0.0,0.0,1.0,1,91345.0
24,9,186,784,0,1,3,0.0,0.0,1.0,0.0,0.5,255,255,1.0,0.0,0.0,0.0,0.0,0.0,0,21588.0
24,9,288,1865,0,1,7,0.0,0.0,1.0,0.0,0.0,255,255,1.0,0.0,0.0,0.0,0.0,0.0,0,93460.0
24,9,296,4320,0,1,5,0.2,0.2,1.0,0.0,0.0,5,255,1.0,0.0,0.03,0.2,0.0,0.0,0,92525.0
12,9,43,43,0,0,125,0.0,0.0,1.0,0.0,0.0,255,245,0.96,0.01,0.0,0.0,0.0,0.0,0,99685.0
63,5,0,0,0,0,26,1.0,1.0,0.62,0.12,0.0,255,16,0.06,0.07,0.0,1.0,1.0,0.0,1,112901.0
47,5,0,0,0,0,120,1.0,1.0,0.19,0.04,0.0,255,23,0.09,0.04,0.0,1.0,1.0,0.0,1,106495.0
12,9,46,135,0,0,65,0.0,0.0,0.98,0.03,0.01,255,230,0.9,0.02,0.0,0.0,0.0,0.0,0,84261.0
52,9,869,329,0,1,1,0.0,0.0,1.0,0.0,1.0,28,66,0.96,0.07,0.03,0.0,0.0,0.0,0,12520.0
12,9,45,137,0,0,124,0.0,0.0,0.99,0.02,0.01,255,217,0.85,0.02,0.0,0.0,0.0,0.0,0,36417.0
24,9,165,2263,0,1,4,0.0,0.0,1.0,0.0,0.0,9,255,1.0,0.0,0.04,0.0,0.0,0.0,0,96845.0
24,9,315,8721,0,1,4,0.0,0.0,1.0,0.0,0.0,255,255,1.0,0.0,0.0,0.0,0.0,0.0,0,109429.0
52,9,2377,324,0,1,1,0.0,0.0,1.0,0.0,0.0,22,167,0.95,0.09,0.02,0.0,0.0,0.01,0,61554.0
15,9,1032,0,0,0,511,0.0,0.0,1.0,0.0,0.0,255,203,0.8,0.02,0.0,0.0,0.0,0.0,1,11511.0
24,5,0,0,0,0,2,0.5,0.4,1.0,0.0,0.4,255,255,1.0,0.0,0.0,0.0,0.0,0.0,0,79450.0
24,9,219,1646,0,1,13,0.0,0.0,1.0,0.0,0.2,35,255,1.0,0.0,0.03,0.0,0.0,0.0,0,56280.0
56,5,0,0,0,0,146,1.0,1.0,0.16,0.05,0.0,255,24,0.09,0.05,0.0,1.0,1.0,0.0,1,77559.0
24,5,0,0,0,0,2,0.5,0.5,1.0,0.0,0.0,19,255,1.0,0.0,0.03,0.05,0.01,0.0,0,11741.0
24,9,250,430,0,1,8,0.0,0.0,1.0,0.0,0.2,38,255,1.0,0.0,0.03,0.0,0.0,0.0,0,115545.0
12,9,1,0,0,0,22,0.0,0.0,0.18,0.14,0.0,255,4,0.02,0.91,0.0,0.03,0.0,0.0,1,24246.0
27,5,0,0,0,0,236,1.0,1.0,0.06,0.06,0.0,255,10,0.04,0.07,0.0,1.0,1.0,0.0,1,100249.0
24,9,330,392,0,1,15,0.0,0.0,1.0,0.0,0.0,28,255,1.0,0.0,0.01,0.0,0.0,0.0,0,95329.0
47,5,0,0,0,0,105,1.0,1.0,0.06,0.06,0.0,18,3,0.17,0.28,0.0,1.0,1.0,0.0,1,106800.0
15,9,1032,0,0,0,511,0.0,0.0,1.0,0.0,0.0,255,173,0.68,0.01,0.0,0.0,0.0,0.0,1,118497.0
24,9,206,3090,0,1,3,0.0,0.0,1.0,0.0,0.5,3,255,1.0,0.0,0.05,0.0,0.0,0.0,0,60516.0
24,9,315,439,0,1,9,0.0,0.0,1.0,0.0,0.25,255,255,1.0,0.0,0.0,0.0,0.0,0.0,0,39431.0
19,9,1268,2453,0,1,1,0.0,0.0,1.0,0.0,0.0,255,126,0.49,0.02,0.0,0.0,0.0,0.0,1,114571.0
47,5,0,0,0,0,282,1.0,1.0,0.01,0.06,0.0,255,5,0.02,0.08,0.0,1.0,1.0,0.0,1,62881.0
47,9,105,0,0,0,2,0.0,0.0,1.0,0.0,0.0,255,131,0.51,0.01,0.0,0.0,0.0,0.0,0,75836.0
12,9,45,133,0,0,42,0.0,0.0,1.0,0.0,0.02,255,254,1.0,0.01,0.0,0.0,0.0,0.0,0,103260.0
47,5,0,0,0,0,143,1.0,1.0,0.13,0.04,0.0,255,19,0.07,0.05,0.0,1.0,1.0,0.0,1,5090.0
58,9,2109,144715,0,1,151,0.99,0.0,0.01,0.07,0.0,255,27,0.11,0.05,0.0,0.42,0.07,0.15,0,80351.0
57,5,0,0,0,0,254,1.0,1.0,0.09,0.06,0.0,255,23,0.09,0.06,0.0,1.0,1.0,0.0,1,46904.0
24,9,192,2430,0,1,21,0.0,0.0,1.0,0.0,0.0,255,255,1.0,0.0,0.0,0.0,0.0,0.0,0,123177.0
47,5,0,0,0,0,217,1.0,1.0,0.06,0.06,0.0,255,8,0.03,0.09,0.0,1.0,1.0,0.0,1,113388.0
12,9,35,95,0,0,1,0.0,0.0,1.0,0.0,0.0,91,79,0.87,0.03,0.0,0.0,0.0,0.0,0,26708.0
24,9,326,399,0,1,27,0.0,0.0,1.0,0.0,0.14,255,255,1.0,0.0,0.0,0.0,0.0,0.0,0,96437.0
12,9,100,0,0,0,1,0.0,0.0,1.0,0.0,1.0,11,6,0.55,0.18,0.0,0.0,0.0,0.0,0,102065.0
42,9,147,105,0,0,1,0.0,0.0,1.0,0.0,0.0,255,1,0.0,0.69,0.0,0.0,0.0,0.0,0,24945.0
24,9,215,1680,0,1,9,0.0,0.0,1.0,0.0,0.12,255,255,1.0,0.0,0.0,0.0,0.0,0.0,0,113978.0
24,9,307,2396,0,1,3,0.33,0.33,1.0,0.0,0.0,83,255,1.0,0.0,0.03,0.01,0.01,0.0,0,55195.0
58,5,0,0,0,0,2,1.0,1.0,1.0,0.0,0.0,202,43,0.21,0.02,0.05,1.0,0.98,0.0,1,25406.0
20,9,9311,0,0,1,11,0.0,0.0,1.0,0.0,0.0,200,87,0.44,0.01,0.0,0.0,0.01,0.0,0,1820.0
13,5,0,0,0,0,122,1.0,1.0,0.16,0.06,0.0,255,18,0.07,0.07,0.0,1.0,1.0,0.0,1,119021.0
12,9,46,128,0,0,222,0.0,0.0,1.0,0.0,0.01,255,253,0.99,0.01,0.0,0.0,0.0,0.0,0,162.0
38,5,0,0,0,0,291,1.0,1.0,0.06,0.06,0.0,255,9,0.04,0.07,0.0,1.0,1.0,0.0,1,75048.0
30,5,0,0,0,0,117,1.0,1.0,0.01,0.06,0.0,255,1,0.0,0.05,0.0,1.0,1.0,0.0,1,99506.0
24,9,270,1074,0,1,21,0.0,0.0,1.0,0.0,0.0,255,255,1.0,0.0,0.0,0.01,0.01,0.0,0,2921.0
15,9,1480,0,1,0,20,0.0,0.0,1.0,0.0,0.0,255,20,0.08,0.02,0.0,0.0,0.0,0.0,1,20250.0
24,9,277,1274,0,1,14,0.0,0.0,1.0,0.0,0.11,255,255,1.0,0.0,0.0,0.0,0.0,0.0,0,107343.0
47,5,0,0,0,0,270,1.0,1.0,0.05,0.06,0.0,255,3,0.01,0.07,0.0,1.0,1.0,0.0,1,59491.0
24,9,234,1211,0,1,12,0.0,0.0,1.0,0.0,0.0,12,255,1.0,0.0,0.01,0.0,0.0,0.0,0,77477.0
47,5,0,0,0,0,139,1.0,1.0,0.07,0.06,0.0,255,28,0.11,0.06,0.0,1.0,1.0,0.0,1,111944.0
47,4,1,0,0,0,2,0.0,0.0,1.0,0.0,0.0,255,2,0.01,0.51,0.0,0.0,0.0,1.0,1,10970.0
24,9,229,2090,0,1,8,0.12,0.12,1.0,0.0,0.0,255,255,1.0,0.0,0.0,0.0,0.0,0.0,0,121523.0
20,9,334,0,0,1,1,0.0,0.0,1.0,0.0,0.0,1,39,1.0,0.0,0.15,0.0,0.0,0.0,1,82521.0
52,9,835,327,0,1,1,0.0,0.0,1.0,0.0,0.0,116,143,0.47,0.03,0.01,0.0,0.0,0.0,0,37443.0
52,9,705,333,0,1,1,0.0,0.0,1.0,0.0,0.0,129,84,0.65,0.02,0.0,0.0,0.0,0.0,0,37625.0
15,9,1032,0,0,0,511,0.0,0.0,1.0,0.0,0.0,244,99,0.41,0.01,0.0,0.0,0.0,0.0,1,6235.0
12,9,44,135,0,0,142,0.0,0.0,0.99,0.01,0.01,255,254,1.0,0.01,0.0,0.0,0.0,0.0,0,119215.0
28,5,0,0,0,0,143,1.0,1.0,0.05,0.05,0.0,255,7,0.03,0.05,0.0,1.0,1.0,0.0,1,77133.0
60,2,0,0,0,0,290,0.0,0.0,0.07,0.06,0.0,255,19,0.07,0.07,0.0,0.0,0.0,1.0,1,38421.0
24,9,209,738,0,1,9,0.0,0.0,1.0,0.0,0.0,176,255,1.0,0.0,0.02,0.0,0.0,0.0,0,6717.0
12,9,29,0,0,0,1,0.0,0.0,1.0,0.0,1.0,30,80,0.13,0.13,0.04,0.0,0.0,0.0,0,41107.0
24,9,219,269,0,1,17,0.0,0.0,1.0,0.0,0.16,255,255,1.0,0.0,0.0,0.0,0.0,0.0,0,100453.0
47,9,105,0,0,0,2,0.0,0.0,1.0,0.0,0.0,255,119,0.47,0.01,0.0,0.0,0.0,0.0,0,49395.0
24,9,168,17471,0,1,21,0.0,0.0,1.0,0.0,0.0,81,255,1.0,0.0,0.02,0.0,0.0,0.0,0,38846.0
24,9,285,8955,0,1,8,0.0,0.0,1.0,0.0,0.0,126,255,1.0,0.0,0.01,0.0,0.0,0.0,0,4853.0
12,9,42,70,0,0,191,0.0,0.0,1.0,0.0,0.0,255,254,1.0,0.01,0.0,0.0,0.0,0.0,0,90654.0
58,5,0,0,0,0,265,1.0,1.0,0.02,0.06,0.0,255,4,0.02,0.07,0.0,1.0,1.0,0.0,1,109708.0
12,9,46,72,0,0,141,0.0,0.0,1.0,0.0,0.0,255,185,0.73,0.01,0.0,0.0,0.0,0.0,0,97333.0
34,5,0,0,0,0,147,1.0,1.0,0.15,0.05,0.0,255,6,0.02,0.05,0.0,1.0,1.0,0.0,1,90952.0
26,5,0,0,0,0,240,1.0,1.0,0.08,0.05,0.0,255,18,0.07,0.05,0.0,1.0,1.0,0.0,1,15000.0
16,5,0,0,0,0,121,1.0,1.0,0.03,0.06,0.0,255,4,0.02,0.07,0.0,1.0,1.0,0.0,1,6691.0
47,1,0,0,0,0,143,0.0,0.0,0.1,0.06,0.0,118,14,0.12,0.07,0.0,0.0,0.0,1.0,1,53183.0
12,9,42,42,0,0,2,0.0,0.0,1.0,0.0,0.5,255,240,0.94,0.02,0.0,0.0,0.0,0.0,0,1438.0
62,9,183,0,0,0,2,0.0,0.0,0.5,1.0,0.0,255,18,0.07,0.01,0.0,0.0,0.0,0.0,0,102551.0
66,5,0,0,0,0,148,1.0,1.0,0.14,0.06,0.0,255,17,0.07,0.06,0.0,1.0,1.0,0.0,1,34950.0
24,9,307,3755,0,1,4,0.0,0.0,1.0,0.0,0.29,159,255,1.0,0.0,0.02,0.0,0.0,0.0,0,13674.0
47,9,105,146,0,0,2,0.0,0.0,1.0,0.0,0.0,255,244,0.96,0.01,0.0,0.0,0.0,0.0,0,66172.0
24,9,225,626,0,1,13,0.0,0.0,1.0,0.0,0.14,255,255,1.0,0.0,0.0,0.0,0.0,0.0,0,26922.0
12,9,45,78,0,0,213,0.0,0.0,1.0,0.01,0.01,255,254,1.0,0.01,0.0,0.0,0.0,0.0,0,70962.0
25,5,0,0,0,0,106,1.0,1.0,0.08,0.06,0.0,255,14,0.05,0.06,0.0,1.0,1.0,0.0,1,42934.0
24,9,283,973,0,1,7,0.0,0.0,1.0,0.0,0.25,179,255,1.0,0.0,0.04,0.01,0.0,0.0,0,5639.0
20,9,0,5696,0,1,1,0.0,0.0,1.0,0.0,0.0,1,81,1.0,0.0,0.02,0.0,0.0,0.0,0,5579.0
27,5,0,0,0,0,259,1.0,1.0,0.07,0.05,0.0,255,18,0.07,0.05,0.0,1.0,1.0,0.0,1,98358.0
47,5,0,0,0,0,135,1.0,1.0,0.14,0.05,0.0,255,20,0.08,0.06,0.0,1.0,1.0,0.0,1,22978.0
52,9,6004,344,0,1,1,0.0,0.0,1.0,0.0,0.0,162,208,0.82,0.02,0.01,0.0,0.0,0.0,0,32199.0
47,5,0,0,0,0,237,1.0,1.0,0.08,0.06,0.0,255,27,0.11,0.05,0.0,1.0,1.0,0.0,1,96853.0
12,9,34,34,0,0,2,0.0,0.0,1.0,0.0,0.5,247,243,0.98,0.01,0.0,0.0,0.0,0.0,0,28480.0
52,9,757,338,0,1,1,0.0,0.0,1.0,0.0,1.0,63,200,0.59,0.05,0.01,0.0,0.0,0.0,0,82492.0
24,9,324,2165,0,1,15,0.0,0.0,1.0,0.0,0.0,181,255,1.0,0.0,0.02,0.0,0.0,0.0,0,4151.0
47,9,105,146,0,0,7,0.0,0.0,0.14,0.29,0.0,255,236,0.93,0.01,0.0,0.0,0.0,0.0,0,123988.0
24,9,218,13792,0,1,28,0.0,0.0,1.0,0.0,0.0,255,255,1.0,0.0,0.0,0.0,0.0,0.0,0,26327.0
24,9,251,5381,0,1,4,0.0,0.0,1.0,0.0,0.4,255,255,1.0,0.0,0.0,0.0,0.0,0.0,0,45393.0
12,9,44,44,0,0,18,0.0,0.0,1.0,0.0,0.0,255,177,0.69,0.01,0.0,0.0,0.0,0.0,0,63152.0
19,9,1059,3081,0,1,1,0.0,0.0,1.0,0.0,0.0,255,49,0.19,0.03,0.0,0.01,0.0,0.0,0,57655.0
20,9,3888,0,0,1,6,0.0,0.0,1.0,0.0,0.0,255,12,0.05,0.02,0.0,0.0,0.0,0.0,0,59288.0
24,9,54540,8314,0,1,2,0.0,0.0,1.0,0.0,0.0,44,44,1.0,0.0,0.0,0.0,0.0,0.0,1,78736.0
24,9,308,1197,0,1,2,0.0,0.0,1.0,0.0,0.0,9,255,1.0,0.0,0.02,0.0,0.0,0.0,0,28414.0
18,9,10,0,0,0,1,0.0,0.0,1.0,0.0,0.0,85,6,0.01,0.04,0.5,0.0,0.0,0.0,0,103666.0
24,9,240,1065,0,1,29,0.0,0.0,1.0,0.0,0.07,255,255,1.0,0.0,0.0,0.0,0.0,0.0,0,50704.0
47,9,28,0,3,0,32,0.0,0.0,1.0,0.0,0.0,245,32,0.13,0.67,0.0,0.02,0.0,0.0,1,125323.0
47,5,0,0,0,0,235,1.0,1.0,0.06,0.06,0.0,255,2,0.01,0.06,0.0,1.0,1.0,0.0,1,80656.0
24,9,341,1672,0,1,11,0.0,0.0,1.0,0.0,0.14,29,255,1.0,0.0,0.03,0.0,0.0,0.0,0,94405.0
52,9,1703,334,0,1,1,0.0,0.0,1.0,0.0,1.0,100,205,0.71,0.03,0.01,0.0,0.0,0.0,0,54727.0
20,9,40494,0,0,1,10,0.0,0.0,1.0,0.0,0.0,111,66,0.14,0.05,0.03,0.0,0.0,0.0,0,35878.0
24,9,241,253,0,1,3,0.0,0.0,1.0,0.0,0.0,160,255,1.0,0.0,0.04,0.0,0.0,0.0,0,58971.0
12,9,46,117,0,0,1,0.0,0.0,1.0,0.0,0.75,16,15,0.94,0.12,0.0,0.0,0.0,0.0,0,9270.0
28,5,0,0,0,0,134,1.0,1.0,0.16,0.05,0.0,255,21,0.08,0.05,0.0,1.0,1.0,0.0,1,89424.0
14,9,18,0,0,0,100,0.99,0.0,0.01,0.08,0.0,13,245,0.23,0.15,0.25,0.0,0.0,0.0,0,73965.0
24,9,206,49163,0,1,3,0.0,0.0,1.0,0.0,0.0,10,255,1.0,0.0,0.09,0.0,0.0,0.0,0,17609.0
47,9,105,145,0,0,1,0.0,0.0,1.0,0.0,0.0,215,209,0.97,0.01,0.0,0.0,0.0,0.0,0,56161.0
24,9,218,1038,0,1,3,0.0,0.0,1.0,0.0,0.0,46,255,1.0,0.0,0.02,0.0,0.0,0.0,0,58714.0
42,9,146,105,0,0,2,0.0,0.0,1.0,0.0,0.0,255,2,0.01,0.64,0.0,0.0,0.0,0.0,0,31704.0
24,9,202,6534,0,1,6,0.0,0.0,1.0,0.0,0.11,47,255,1.0,0.0,0.02,0.0,0.0,0.0,0,47695.0
18,5,0,0,0,0,284,1.0,1.0,0.03,0.05,0.0,255,8,0.03,0.05,0.0,1.0,1.0,0.0,1,117704.0
12,9,44,137,0,0,81,0.0,0.0,0.99,0.02,0.01,255,243,0.95,0.01,0.0,0.0,0.0,0.0,0,42428.0
24,9,230,16759,0,1,24,0.0,0.0,1.0,0.0,0.04,25,255,1.0,0.0,0.09,0.0,0.01,0.0,0,57863.0
14,9,8,0,0,0,1,0.0,0.0,1.0,0.0,1.0,1,65,1.0,0.0,0.51,0.0,0.0,0.0,1,41960.0
24,9,262,584,0,1,7,0.14,0.11,1.0,0.0,0.33,255,255,1.0,0.0,0.0,0.0,0.0,0.0,0,68084.0
47,5,0,0,0,0,265,1.0,1.0,0.05,0.06,0.0,255,11,0.04,0.08,0.0,1.0,1.0,0.0,1,7435.0
47,9,215,0,0,0,1,0.0,0.0,1.0,0.0,0.0,155,131,0.85,0.01,0.0,0.0,0.0,0.0,1,1701.0
20,9,1699,0,0,1,4,0.0,0.0,1.0,0.0,0.0,255,113,0.44,0.05,0.0,0.01,0.02,0.0,0,25904.0
24,9,297,7462,0,1,9,0.0,0.0,1.0,0.0,0.0,255,255,1.0,0.0,0.0,0.0,0.0,0.0,0,87798.0
47,5,0,0,0,0,221,1.0,1.0,0.05,0.07,0.0,255,25,0.1,0.07,0.0,1.0,1.0,0.0,1,43758.0
47,5,0,0,0,0,216,1.0,1.0,0.05,0.06,0.0,255,6,0.02,0.06,0.0,1.0,1.0,0.0,1,25955.0
14,9,8,0,0,0,1,0.0,0.0,1.0,0.0,0.0,1,127,1.0,0.0,0.5,0.0,0.0,0.0,1,91150.0
47,5,0,0,0,0,126,1.0,1.0,0.05,0.07,0.0,255,6,0.02,0.06,0.0,1.0,1.0,0.0,1,49088.0
34,1,0,0,0,0,229,0.0,0.0,0.02,0.07,0.0,255,5,0.02,0.07,0.0,0.0,0.0,1.0,1,10768.0
47,5,0,0,0,0,137,1.0,1.0,0.05,0.06,0.0,255,14,0.05,0.07,0.0,1.0,1.0,0.0,1,116112.0
58,5,0,0,0,0,6,1.0,1.0,0.33,0.67,0.0,255,45,0.18,0.05,0.0,1.0,1.0,0.0,1,103751.0
39,5,0,0,0,0,116,1.0,1.0,0.03,0.06,0.0,255,20,0.08,0.07,0.0,1.0,1.0,0.0,1,3672.0
20,9,35195,0,0,1,20,0.0,0.0,1.0,0.0,0.0,113,87,0.59,0.04,0.02,0.0,0.0,0.0,0,41751.0
65,5,0,0,0,0,258,1.0,1.0,0.02,0.07,0.0,255,4,0.02,0.07,0.0,1.0,1.0,0.0,1,93709.0
47,5,0,0,0,0,13,1.0,1.0,0.08,0.38,0.0,255,3,0.01,0.09,0.0,1.0,1.0,0.0,1,8338.0
47,5,0,0,0,0,130,1.0,1.0,0.15,0.06,0.0,255,17,0.07,0.07,0.0,1.0,1.0,0.0,1,86873.0
24,9,206,1680,0,1,9,0.0,0.0,1.0,0.0,0.0,255,255,1.0,0.0,0.0,0.0,0.0,0.0,0,108220.0
15,9,1480,0,1,0,4,0.0,0.0,1.0,0.0,0.0,255,6,0.02,0.02,0.0,0.0,0.0,0.0,1,120765.0
24,5,0,0,0,0,17,1.0,1.0,0.53,0.24,0.0,255,69,0.27,0.02,0.0,1.0,1.0,0.0,1,101207.0
24,9,145,30262,0,1,1,0.0,0.0,1.0,0.0,0.0,255,255,1.0,0.0,0.0,0.0,0.0,0.0,0,16458.0
47,9,28,0,3,0,96,0.01,0.0,0.98,0.03,0.0,255,94,0.37,0.02,0.0,0.0,0.0,0.0,1,3782.0
20,9,22,0,0,0,1,0.0,0.0,1.0,0.0,0.0,34,28,0.12,0.06,0.07,0.0,0.0,0.0,0,25446.0
24,9,342,308,0,1,8,0.0,0.0,1.0,0.0,0.0,25,255,1.0,0.0,0.03,0.0,0.0,0.0,0,27981.0
47,1,0,0,0,0,132,0.0,0.0,0.11,0.08,0.0,255,15,0.06,0.07,0.0,0.0,0.0,1.0,1,75537.0
24,9,292,341,0,1,2,0.0,0.0,1.0,0.0,0.0,2,255,1.0,0.0,0.04,0.0,0.0,0.0,0,2860.0
52,9,1633,337,0,1,1,0.0,0.0,1.0,0.0,0.0,148,129,0.49,0.03,0.02,0.0,0.0,0.0,0,78478.0
24,9,54540,8314,0,1,4,0.0,0.0,1.0,0.0,0.0,60,60,1.0,0.0,0.0,0.0,0.0,0.03,1,51955.0
24,9,158,438,0,1,1,0.0,0.0,1.0,0.0,0.0,1,255,1.0,0.0,0.03,0.0,0.0,0.0,0,35350.0
52,9,3057,331,0,1,1,0.0,0.0,1.0,0.0,0.0,220,103,0.47,0.04,0.0,0.0,0.0,0.0,0,19068.0
11,5,0,0,0,0,267,1.0,1.0,0.06,0.05,0.0,255,15,0.06,0.05,0.0,1.0,1.0,0.0,1,66706.0
52,9,729,327,0,1,1,0.0,0.0,1.0,0.0,0.0,79,106,0.47,0.18,0.02,0.04,0.02,0.0,0,71460.0
32,5,0,0,0,0,142,1.0,1.0,0.06,0.05,0.0,255,9,0.04,0.05,0.0,1.0,1.0,0.0,1,71559.0
14,9,8,0,0,0,1,0.0,0.0,1.0,0.0,1.0,2,216,1.0,0.0,0.5,0.0,0.0,0.0,1,122996.0
15,9,30,0,0,0,1,0.0,0.0,1.0,0.0,0.0,205,205,1.0,0.0,0.0,0.0,0.0,0.0,0,8433.0
24,9,173,10577,0,1,1,0.0,0.0,1.0,0.0,0.0,174,255,1.0,0.0,0.02,0.01,0.0,0.0,0,85079.0
12,9,44,159,0,0,74,0.0,0.0,0.99,0.03,0.01,255,215,0.84,0.02,0.0,0.0,0.0,0.0,0,17550.0
47,5,0,0,0,0,147,1.0,1.0,0.03,0.06,0.0,255,1,0.0,0.08,0.0,1.0,1.0,0.0,1,104218.0
24,9,303,1037,0,1,3,0.0,0.0,1.0,0.0,0.0,10,249,1.0,0.0,0.03,0.0,0.0,0.84,0,83277.0
52,9,2532,486,0,1,144,0.99,0.0,0.01,0.06,1.0,255,29,0.11,0.09,0.0,0.76,0.0,0.0,0,99752.0
14,9,20,0,0,0,1,0.0,0.0,1.0,0.0,0.0,255,1,0.0,0.31,0.0,0.0,0.0,0.0,1,11972.0
12,9,43,72,0,0,280,0.0,0.0,1.0,0.0,0.0,255,209,0.82,0.01,0.0,0.0,0.0,0.0,0,66273.0
52,9,1396,335,0,1,1,0.0,0.0,1.0,0.0,0.0,198,242,0.96,0.01,0.01,0.0,0.0,0.0,0,24529.0
25,5,0,0,0,0,134,1.0,1.0,0.13,0.06,0.0,255,17,0.07,0.06,0.0,1.0,1.0,0.0,1,57749.0
24,9,219,482,0,1,1,0.0,0.0,1.0,0.0,0.0,133,255,1.0,0.0,0.02,0.0,0.0,0.0,0,81842.0
47,5,0,0,0,0,175,1.0,1.0,0.08,0.06,0.0,255,10,0.04,0.07,0.0,1.0,1.0,0.0,1,2606.0
37,5,0,0,0,0,106,1.0,1.0,0.01,0.08,0.0,255,1,0.0,0.07,0.0,1.0,1.0,0.0,1,118368.0
24,1,0,0,0,0,1,0.0,0.0,1.0,0.0,0.0,14,22,1.0,0.0,0.09,0.0,0.09,0.68,0,36653.0
24,9,54540,8314,0,1,4,0.0,0.0,1.0,0.0,0.0,39,39,1.0,0.0,0.0,0.0,0.0,0.28,1,26170.0
52,9,1627,327,0,1,1,0.0,0.0,1.0,0.0,0.0,162,112,0.69,0.02,0.0,0.0,0.0,0.0,0,78474.0
24,9,297,5077,0,1,4,0.0,0.0,1.0,0.0,0.0,6,152,1.0,0.0,0.15,0.0,0.0,0.94,0,40559.0
47,9,28,0,3,0,43,0.0,0.0,1.0,0.0,0.0,255,143,0.56,0.44,0.0,0.09,0.0,0.0,1,1159.0
29,5,0,0,0,0,76,1.0,1.0,0.2,0.05,0.0,255,15,0.06,0.05,0.0,1.0,1.0,0.0,1,32652.0
42,4,1,0,0,0,2,0.0,0.0,1.0,0.0,0.0,255,2,0.01,0.74,0.0,0.0,0.0,1.0,1,45526.0
52,9,809,334,0,1,1,0.0,0.0,1.0,0.0,0.0,99,180,0.79,0.05,0.01,0.0,0.0,0.0,0,57255.0
24,9,303,565,0,1,16,0.0,0.0,1.0,0.0,0.0,255,255,1.0,0.0,0.0,0.0,0.0,0.0,0,79642.0
47,5,0,0,0,0,87,1.0,1.0,0.22,0.06,0.0,255,19,0.07,0.07,0.0,1.0,1.0,0.0,1,31453.0
24,9,374,471,0,1,18,0.0,0.0,1.0,0.0,0.12,38,231,1.0,0.0,0.21,0.0,0.0,0.77,0,4042.0
12,9,44,128,0,0,78,0.0,0.0,1.0,0.0,0.01,254,134,0.53,0.02,0.0,0.0,0.0,0.0,0,57213.0
24,9,157,3512,0,1,2,0.0,0.0,1.0,0.0,0.0,17,255,1.0,0.0,0.05,0.0,0.0,0.0,0,84687.0
54,5,0,0,0,0,269,1.0,1.0,0.07,0.05,0.0,255,20,0.08,0.05,0.0,1.0,1.0,0.0,1,87642.0
14,9,8,0,0,0,1,0.0,0.0,1.0,0.0,1.0,2,42,1.0,0.0,0.5,0.0,0.0,0.0,1,43352.0
19,5,0,0,0,0,253,1.0,1.0,0.04,0.06,0.0,255,9,0.04,0.07,0.0,1.0,1.0,0.0,1,47625.0
47,5,0,0,0,0,173,1.0,1.0,0.02,0.06,0.0,255,4,0.02,0.05,0.0,1.0,1.0,0.0,1,57082.0
11,5,0,0,0,0,291,1.0,1.0,0.04,0.05,0.0,255,8,0.03,0.06,0.0,1.0,1.0,0.0,1,73547.0
24,1,0,0,0,0,1,0.0,0.0,1.0,0.0,0.0,1,55,1.0,0.0,0.31,0.0,0.0,1.0,0,34935.0
47,5,0,0,0,0,46,1.0,1.0,0.07,0.13,0.0,255,16,0.06,0.08,0.0,1.0,1.0,0.0,1,17857.0
47,5,0,0,0,0,283,1.0,1.0,0.03,0.06,0.0,255,12,0.05,0.09,0.0,1.0,1.0,0.0,1,65395.0
52,9,2288,331,0,1,2,0.0,0.0,0.5,1.0,1.0,255,156,0.61,0.03,0.0,0.01,0.02,0.01,0,26397.0
24,9,334,916,0,1,14,0.0,0.0,1.0,0.0,0.0,172,255,1.0,0.0,0.02,0.0,0.0,0.01,0,78995.0
20,9,151,0,0,1,8,0.0,0.0,0.88,0.25,0.0,143,17,0.12,0.03,0.0,0.0,0.0,0.0,0,108362.0
30,5,0,0,0,0,263,1.0,1.0,0.09,0.05,0.0,255,23,0.09,0.05,0.0,1.0,1.0,0.0,1,80052.0
24,9,195,1432,0,1,10,0.0,0.0,1.0,0.0,0.23,12,255,1.0,0.0,0.13,0.0,0.0,0.58,0,103241.0
52,9,490,281,0,1,1,0.0,0.0,1.0,0.0,1.0,224,191,0.75,0.02,0.01,0.0,0.0,0.0,0,112345.0
47,5,0,0,0,0,278,1.0,1.0,0.06,0.06,0.0,255,15,0.06,0.08,0.0,1.0,1.0,0.0,1,86862.0
12,9,45,111,0,0,2,0.0,0.0,1.0,0.0,0.0,194,195,0.88,0.01,0.01,0.01,0.0,0.0,0,41389.0
24,9,248,1941,0,1,10,0.0,0.0,1.0,0.0,0.0,44,255,1.0,0.0,0.04,0.0,0.0,0.0,0,49133.0
52,9,804,369,0,1,1,0.0,0.0,1.0,0.0,0.0,65,41,0.63,0.05,0.0,0.0,0.0,0.0,0,87846.0
5,5,0,0,0,0,275,1.0,1.0,0.07,0.06,0.0,255,18,0.07,0.07,0.0,1.0,1.0,0.0,1,107632.0
29,5,0,0,0,0,149,1.0,1.0,0.17,0.05,0.0,255,25,0.1,0.04,0.0,1.0,1.0,0.0,1,61583.0
7,1,0,0,0,0,237,0.0,0.0,0.03,0.07,0.0,255,6,0.02,0.07,0.0,0.0,0.0,1.0,1,54996.0
24,1,0,0,0,0,1,0.0,0.0,1.0,0.0,0.0,8,255,1.0,0.0,0.24,0.0,0.0,0.99,0,27692.0
24,1,0,0,0,0,17,0.0,0.0,1.0,0.0,0.0,34,120,1.0,0.0,0.16,0.0,0.01,0.86,0,55692.0
24,9,208,60516,0,1,23,0.0,0.0,1.0,0.0,0.08,255,255,1.0,0.0,0.0,0.0,0.0,0.0,0,118798.0
24,9,298,10736,0,1,16,0.0,0.0,1.0,0.0,0.09,32,255,1.0,0.0,0.02,0.0,0.0,0.0,0,40887.0
24,9,268,613,0,1,41,0.0,0.0,1.0,0.0,0.0,255,255,1.0,0.0,0.0,0.0,0.0,0.0,0,74926.0
23,5,0,0,0,0,106,1.0,1.0,0.06,0.07,0.0,255,17,0.07,0.08,0.0,1.0,1.0,0.0,1,838.0
40,5,0,0,0,0,97,1.0,1.0,0.08,0.06,0.0,13,2,0.15,0.31,0.0,1.0,1.0,0.0,1,68064.0
47,5,0,0,0,0,108,1.0,1.0,0.14,0.05,0.0,255,15,0.06,0.05,0.0,1.0,1.0,0.0,1,19041.0
47,1,0,0,0,0,248,0.0,0.0,0.08,0.06,0.0,255,19,0.07,0.06,0.0,0.0,0.0,1.0,1,1626.0
20,9,7940,0,0,0,9,0.0,0.0,1.0,0.0,0.0,19,85,0.89,0.11,0.02,0.0,0.0,0.0,0,38207.0
14,9,8,0,0,0,1,0.0,0.0,1.0,0.0,1.0,1,157,1.0,0.0,0.5,0.0,0.0,0.0,1,25007.0
24,9,313,16364,0,1,1,0.0,0.0,1.0,0.0,0.43,255,255,1.0,0.0,0.0,0.0,0.0,0.0,0,96447.0
14,9,8,0,0,0,1,0.0,0.0,1.0,0.0,1.0,3,67,1.0,0.0,0.25,0.0,0.0,0.0,1,42932.0
25,5,0,0,0,0,86,1.0,1.0,0.01,0.08,0.0,255,1,0.0,0.06,0.0,1.0,1.0,0.0,1,121329.0
24,9,239,688,0,1,8,0.0,0.0,1.0,0.0,0.0,220,255,1.0,0.0,0.01,0.0,0.0,0.0,0,78659.0
20,9,748,0,0,0,1,0.0,0.0,1.0,0.0,0.0,177,36,0.17,0.02,0.06,0.0,0.0,0.0,0,94545.0
52,9,1429,390,0,1,1,0.0,0.0,1.0,0.0,1.0,255,9,0.04,0.06,0.0,0.0,0.0,0.0,0,79314.0
30,5,0,0,0,0,223,1.0,1.0,0.0,0.06,0.0,255,1,0.0,0.07,0.0,1.0,1.0,0.0,1,120448.0
24,9,320,335,0,1,6,0.0,0.0,1.0,0.0,0.0,97,255,1.0,0.0,0.03,0.0,0.0,0.01,0,15332.0
20,9,209,0,0,1,2,0.0,0.0,1.0,0.0,0.0,32,54,0.12,0.12,0.06,0.0,0.0,0.0,0,79555.0
47,1,0,0,0,0,88,0.0,0.0,0.16,0.06,0.0,255,14,0.05,0.06,0.0,0.0,0.0,1.0,1,49844.0
2,5,0,0,0,0,252,1.0,1.0,0.0,0.07,0.0,255,1,0.0,0.08,0.0,1.0,1.0,0.0,1,65240.0
20,9,832,0,0,1,1,0.0,0.0,1.0,0.0,0.0,6,46,1.0,0.0,0.09,0.0,0.0,0.02,1,48004.0
6,5,0,0,0,0,142,1.0,1.0,0.11,0.06,0.0,255,15,0.06,0.06,0.0,1.0,1.0,0.0,1,81490.0
28,5,0,0,0,0,138,1.0,1.0,0.01,0.06,0.0,255,7,0.03,0.07,0.0,1.0,1.0,0.0,1,91767.0
14,9,8,0,0,0,1,0.0,0.0,1.0,0.0,1.0,2,14,1.0,0.0,0.5,0.0,0.0,0.0,1,69185.0
12,9,32,0,0,0,1,0.0,0.0,1.0,0.0,1.0,120,65,0.17,0.04,0.03,0.0,0.0,0.0,0,117895.0
6,5,0,0,0,0,112,1.0,1.0,0.04,0.07,0.0,255,4,0.02,0.07,0.0,1.0,1.0,0.0,1,108726.0
47,5,0,0,0,0,42,1.0,1.0,0.1,0.14,0.0,255,18,0.07,0.09,0.0,1.0,1.0,0.0,1,36812.0
24,9,203,3273,0,1,7,0.0,0.0,1.0,0.0,0.12,8,255,1.0,0.0,0.02,0.0,0.0,0.0,0,35725.0
47,9,1,0,0,0,29,0.0,0.0,0.1,0.1,0.0,255,47,0.18,0.22,0.0,0.0,0.0,0.0,1,74080.0
12,9,45,45,0,0,64,0.0,0.0,1.0,0.0,0.03,255,254,1.0,0.01,0.0,0.0,0.0,0.0,0,94040.0
14,9,8,0,0,0,1,0.0,0.0,1.0,0.0,1.0,1,86,1.0,0.0,0.51,0.0,0.0,0.0,1,33962.0
6,5,0,0,0,0,150,1.0,1.0,0.13,0.05,0.0,255,20,0.08,0.05,0.0,1.0,1.0,0.0,1,60099.0
24,9,239,312,0,1,3,0.0,0.0,1.0,0.0,0.0,59,255,1.0,0.0,0.04,0.0,0.0,0.0,0,95831.0
29,1,0,0,0,0,149,0.0,0.0,0.13,0.05,0.0,255,19,0.07,0.07,0.0,0.0,0.0,1.0,1,2400.0
20,9,1199,0,0,1,2,0.0,0.0,1.0,0.0,0.0,198,36,0.13,0.04,0.06,0.0,0.0,0.0,0,2594.0
24,9,251,1721,0,1,7,0.0,0.0,1.0,0.0,0.0,255,255,1.0,0.0,0.0,0.0,0.0,0.0,0,4633.0
47,9,1,0,0,0,1,0.0,0.0,1.0,0.0,0.0,255,1,0.0,0.07,0.0,0.0,0.0,0.0,1,34121.0
14,9,8,0,0,0,1,0.0,0.0,1.0,0.0,1.0,2,28,1.0,0.0,0.5,0.0,0.0,0.0,1,73102.0
12,9,45,114,0,0,3,0.0,0.0,1.0,0.0,0.33,17,16,0.94,0.12,0.0,0.0,0.0,0.0,0,53263.0
24,9,246,1832,0,1,16,0.0,0.0,1.0,0.0,0.0,61,255,1.0,0.0,0.01,0.0,0.0,0.0,0,99814.0
58,5,0,0,0,0,33,1.0,1.0,0.39,0.06,0.0,255,13,0.05,0.07,0.0,1.0,1.0,0.0,1,111262.0
19,9,318,1054,0,1,1,0.0,0.0,1.0,0.0,0.0,114,35,0.31,0.03,0.0,0.0,0.0,0.0,0,11277.0
14,9,8,0,0,0,1,0.0,0.0,1.0,0.0,1.0,4,140,1.0,0.0,0.25,0.0,0.0,0.0,1,68411.0
39,5,0,0,0,0,99,1.0,1.0,0.03,0.07,0.0,255,3,0.01,0.06,0.0,1.0,1.0,0.0,1,36927.0
26,1,0,0,0,0,275,0.0,0.0,0.06,0.06,0.0,255,16,0.06,0.07,0.0,0.0,0.0,1.0,1,23866.0
24,9,209,673,0,1,17,0.0,0.0,1.0,0.0,0.2,255,255,1.0,0.0,0.0,0.0,0.0,0.0,0,27016.0
24,9,325,17703,0,1,8,0.0,0.0,1.0,0.0,0.08,78,255,1.0,0.0,0.03,0.0,0.0,0.0,0,14567.0
42,1,0,0,0,0,509,0.23,0.0,0.0,1.0,0.0,255,1,0.0,1.0,0.0,0.16,0.0,1.0,1,47023.0
24,9,296,1920,0,1,4,0.0,0.0,1.0,0.0,0.1,24,228,1.0,0.0,0.03,0.0,0.0,0.0,0,11548.0
47,5,0,0,0,0,182,1.0,1.0,0.1,0.05,0.0,255,18,0.07,0.07,0.0,1.0,1.0,0.0,1,97949.0
12,9,43,43,0,0,124,0.0,0.0,1.0,0.0,0.02,244,179,0.73,0.02,0.0,0.0,0.0,0.0,0,33976.0
47,4,1,0,0,0,2,0.0,0.0,1.0,0.0,0.0,255,2,0.01,0.27,0.0,0.0,0.0,1.0,1,33748.0
14,9,8,0,0,0,1,0.0,0.0,1.0,0.0,1.0,1,109,1.0,0.0,0.5,0.0,0.0,0.0,1,29179.0
11,5,0,0,0,0,101,1.0,1.0,0.01,0.07,0.0,255,1,0.0,0.08,0.0,1.0,1.0,0.0,1,33910.0
24,9,336,6503,0,1,7,0.0,0.0,1.0,0.0,0.0,106,255,1.0,0.0,0.02,0.0,0.0,0.0,0,108917.0
47,5,0,0,0,0,110,1.0,1.0,0.08,0.06,0.0,255,11,0.04,0.06,0.0,1.0,1.0,0.0,1,51903.0
64,5,0,0,0,0,248,1.0,1.0,0.08,0.07,0.0,255,19,0.07,0.08,0.0,1.0,1.0,0.0,1,101525.0
35,5,0,0,0,0,201,1.0,1.0,0.1,0.05,0.0,255,21,0.08,0.06,0.0,1.0,1.0,0.0,1,21144.0
31,1,0,0,0,0,289,0.0,0.0,0.06,0.06,0.0,255,17,0.07,0.07,0.0,0.0,0.0,1.0,1,83149.0
24,9,241,2113,0,1,8,0.0,0.0,1.0,0.0,0.22,255,255,1.0,0.0,0.0,0.0,0.0,0.0,0,1983.0
47,5,0,0,0,0,243,1.0,1.0,0.08,0.06,0.0,255,10,0.04,0.07,0.0,1.0,1.0,0.0,1,12644.0
24,9,229,300,0,1,3,0.0,0.0,1.0,0.0,0.0,153,255,1.0,0.0,0.02,0.01,0.01,0.0,0,70952.0
24,9,211,1452,0,1,7,0.0,0.0,1.0,0.0,0.25,7,255,1.0,0.0,0.06,0.0,0.0,0.0,0,59729.0
20,9,334,0,0,1,1,0.0,0.0,1.0,0.0,0.0,10,35,1.0,0.0,0.14,0.0,0.0,0.0,1,36861.0
15,9,30,0,0,0,2,0.0,0.0,1.0,0.0,0.0,224,224,1.0,0.0,0.0,0.0,0.0,0.0,0,63670.0
24,9,249,392,0,1,8,0.0,0.0,1.0,0.0,0.0,214,255,1.0,0.0,0.01,0.0,0.0,0.0,0,38941.0
6,5,0,0,0,0,123,1.0,1.0,0.15,0.05,0.0,255,18,0.07,0.05,0.0,1.0,1.0,0.0,1,29623.0
5,1,0,0,0,0,249,0.0,0.0,0.02,0.07,0.0,255,5,0.02,0.08,0.0,0.0,0.0,1.0,1,79954.0
47,5,0,0,0,0,122,1.0,1.0,0.01,0.07,0.0,143,20,0.14,0.1,0.0,1.0,1.0,0.0,1,121912.0
24,9,286,1212,0,1,5,0.0,0.0,1.0,0.0,0.43,117,255,1.0,0.0,0.02,0.0,0.0,0.0,0,51889.0
47,1,0,0,0,0,2,0.0,0.0,0.5,1.0,0.0,255,1,0.0,0.33,0.0,0.26,0.0,1.0,1,20658.0
2,5,0,0,0,0,230,1.0,1.0,0.07,0.05,0.0,255,17,0.07,0.06,0.0,1.0,1.0,0.0,1,11363.0
23,5,0,0,0,0,231,1.0,1.0,0.0,0.07,0.0,255,1,0.0,0.08,0.0,1.0,1.0,0.0,1,75801.0
24,9,239,613,0,1,21,0.0,0.0,1.0,0.0,0.0,255,255,1.0,0.0,0.0,0.0,0.0,0.0,0,81379.0
47,5,0,0,0,0,115,1.0,1.0,0.11,0.06,0.0,255,16,0.06,0.07,0.0,1.0,1.0,0.0,1,76880.0
47,9,1,0,0,0,14,0.0,0.0,0.21,0.14,0.0,255,48,0.19,0.38,0.0,0.16,0.0,0.0,1,69635.0
20,9,12,0,0,1,1,0.0,0.0,1.0,0.0,0.0,119,86,0.38,0.03,0.03,0.0,0.0,0.0,0,125509.0
24,9,205,2014,0,1,1,0.0,0.0,1.0,0.0,1.0,99,255,1.0,0.0,0.07,0.0,0.0,0.0,0,84391.0
47,5,0,0,0,0,133,1.0,1.0,0.12,0.05,0.0,255,6,0.02,0.07,0.0,1.0,1.0,0.0,1,24565.0
12,9,30,90,0,0,1,0.0,0.0,1.0,0.0,0.0,42,223,1.0,0.0,0.01,0.0,0.0,0.0,0,103976.0
47,5,0,0,0,0,296,1.0,1.0,0.02,0.06,0.0,255,5,0.02,0.09,0.0,1.0,1.0,0.0,1,117772.0
47,5,0,0,0,0,238,1.0,1.0,0.08,0.05,0.0,196,18,0.09,0.06,0.0,0.99,1.0,0.0,1,103266.0
65,5,0,0,0,0,272,1.0,1.0,0.03,0.06,0.0,255,8,0.03,0.06,0.0,1.0,1.0,0.0,1,82450.0
47,5,0,0,0,0,222,1.0,1.0,0.05,0.07,0.0,255,26,0.1,0.07,0.0,1.0,1.0,0.0,1,60813.0
24,9,238,2193,0,1,15,0.0,0.0,1.0,0.0,0.0,42,255,1.0,0.0,0.07,0.0,0.02,0.0,0,7497.0
47,1,0,0,0,0,237,0.11,0.0,0.0,1.0,0.0,255,1,0.0,0.97,0.0,0.1,0.0,1.0,1,76542.0
24,9,298,1492,0,1,1,0.0,0.0,1.0,0.0,0.0,247,255,1.0,0.0,0.01,0.0,0.0,0.0,0,114394.0
52,9,1974,334,0,1,1,0.0,0.0,1.0,0.0,0.0,110,238,0.95,0.02,0.01,0.0,0.0,0.0,0,115308.0
24,9,207,306,0,1,16,0.0,0.0,1.0,0.0,0.16,255,255,1.0,0.0,0.0,0.0,0.0,0.0,0,97615.0
24,9,236,1268,0,1,11,0.0,0.0,1.0,0.0,0.11,166,255,1.0,0.0,0.01,0.0,0.0,0.0,0,31536.0
20,5,0,0,0,0,35,0.97,1.0,0.4,0.09,0.0,255,3,0.01,0.06,0.0,1.0,1.0,0.0,1,88732.0
20,9,3676,0,0,1,11,0.0,0.0,1.0,0.0,0.0,60,55,0.28,0.08,0.04,0.0,0.02,0.0,0,61713.0
42,4,1,0,0,0,2,0.0,0.0,1.0,0.0,0.0,255,2,0.01,0.73,0.0,0.0,0.0,1.0,1,72419.0
52,9,2339,330,0,1,1,0.0,0.2,1.0,0.0,1.0,21,150,0.48,0.24,0.02,0.0,0.0,0.0,0,94164.0
52,9,1350,333,0,1,1,0.0,0.0,1.0,0.0,1.0,173,137,0.51,0.02,0.01,0.0,0.0,0.05,0,79023.0
12,9,42,106,0,0,282,0.0,0.0,1.0,0.0,0.0,255,245,0.96,0.01,0.0,0.0,0.0,0.0,0,51266.0
24,9,221,392,0,1,22,0.0,0.0,1.0,0.0,0.17,255,255,1.0,0.0,0.0,0.0,0.0,0.0,0,4384.0
24,9,230,12691,0,1,1,0.0,0.0,1.0,0.0,0.0,37,37,1.0,0.0,0.0,0.0,0.0,0.0,0,107402.0
24,9,157,16617,0,1,1,0.0,0.0,1.0,0.0,0.0,24,255,1.0,0.0,0.02,0.0,0.0,0.0,0,43540.0
24,9,337,909,0,1,2,0.0,0.0,1.0,0.0,0.0,212,255,1.0,0.0,0.02,0.0,0.01,0.0,0,33623.0
32,5,0,0,0,0,145,1.0,1.0,0.02,0.05,0.0,255,3,0.01,0.05,0.0,1.0,1.0,0.0,1,44837.0
20,9,334,0,0,1,1,0.0,0.0,1.0,0.0,0.0,8,33,1.0,0.0,0.15,0.0,0.0,0.0,1,16633.0
24,9,297,3200,0,1,10,0.0,0.0,1.0,0.0,0.0,255,255,1.0,0.0,0.0,0.0,0.0,0.0,0,9890.0
29,5,0,0,0,0,140,1.0,1.0,0.06,0.06,0.0,255,8,0.03,0.06,0.0,1.0,1.0,0.0,1,97558.0
47,5,0,0,0,0,242,1.0,1.0,0.07,0.06,0.0,255,16,0.06,0.06,0.0,1.0,1.0,0.0,1,17764.0
30,5,0,0,0,0,98,1.0,1.0,0.17,0.07,0.0,255,17,0.07,0.07,0.0,1.0,1.0,0.0,1,101118.0
47,5,0,0,0,0,87,1.0,1.0,0.13,0.06,0.0,255,11,0.04,0.05,0.0,1.0,1.0,0.0,1,117062.0
24,9,232,5735,0,1,5,0.0,0.0,1.0,0.0,0.0,160,255,1.0,0.0,0.02,0.0,0.0,0.0,0,10961.0
24,9,226,377,0,1,8,0.0,0.0,1.0,0.0,0.0,94,255,1.0,0.0,0.02,0.0,0.0,0.0,0,43692.0
42,9,147,105,0,0,1,0.0,0.0,1.0,0.0,0.0,255,3,0.01,0.71,0.0,0.0,0.0,0.0,0,95698.0
24,9,257,7143,0,1,18,0.0,0.0,1.0,0.0,0.08,165,255,1.0,0.0,0.03,0.0,0.0,0.0,0,57115.0
24,9,220,398,0,1,2,0.0,0.0,1.0,0.0,0.5,2,255,1.0,0.0,0.01,0.0,0.0,0.0,0,56233.0
24,5,0,0,0,0,282,1.0,1.0,0.03,0.06,0.0,255,1,0.0,0.09,0.0,1.0,1.0,0.0,1,92669.0
47,5,0,0,0,0,120,1.0,1.0,0.12,0.07,0.0,119,14,0.12,0.08,0.0,1.0,1.0,0.0,1,63631.0
7,1,0,0,0,0,204,0.0,0.0,0.03,0.07,0.0,255,7,0.03,0.08,0.0,0.0,0.0,1.0,1,71880.0
14,9,8,0,0,0,1,0.0,0.0,1.0,0.0,1.0,1,125,1.0,0.0,0.5,0.0,0.0,0.0,1,79742.0
12,9,44,128,0,0,202,0.0,0.0,1.0,0.01,0.01,204,165,0.81,0.01,0.0,0.0,0.0,0.0,0,120966.0
24,9,333,9021,0,1,1,0.0,0.0,1.0,0.0,0.0,5,255,1.0,0.0,0.03,0.0,0.0,0.0,0,97217.0
24,9,291,8901,0,1,10,0.0,0.0,1.0,0.0,0.0,43,255,1.0,0.0,0.02,0.0,0.0,0.0,0,107617.0
32,5,0,0,0,0,107,1.0,1.0,0.02,0.07,0.0,255,15,0.06,0.06,0.0,1.0,1.0,0.0,1,96757.0
42,1,0,0,0,0,509,0.2,0.0,0.0,1.0,0.0,255,1,0.0,1.0,0.0,0.16,0.0,1.0,1,74877.0
24,9,306,370,0,1,10,0.0,0.0,1.0,0.0,0.0,255,255,1.0,0.0,0.0,0.01,0.01,0.02,0,99539.0
24,9,216,3505,0,1,14,0.0,0.0,1.0,0.0,0.13,255,255,1.0,0.0,0.0,0.0,0.0,0.0,0,92107.0
24,9,336,2436,0,1,15,0.0,0.0,1.0,0.0,0.12,15,255,1.0,0.0,0.03,0.0,0.0,0.0,0,19328.0
24,9,261,250,0,1,2,0.0,0.0,1.0,0.0,0.0,240,255,1.0,0.0,0.01,0.0,0.0,0.0,0,15047.0
60,9,0,4,0,0,1,0.0,0.0,1.0,0.0,0.0,19,19,1.0,0.0,0.0,0.11,0.11,0.0,0,89520.0
47,5,0,0,0,0,129,1.0,1.0,0.09,0.06,0.0,255,9,0.04,0.07,0.0,1.0,1.0,0.0,1,59185.0
47,5,0,0,0,0,136,1.0,1.0,0.09,0.05,0.0,255,12,0.05,0.05,0.0,1.0,1.0,0.0,1,29513.0
25,4,0,0,0,0,1,0.0,0.0,1.0,0.0,0.0,255,1,0.0,0.79,0.0,0.0,0.0,1.0,1,6757.0
24,9,226,5260,0,1,4,0.0,0.0,1.0,0.0,0.0,255,255,1.0,0.0,0.0,0.0,0.0,0.0,0,44780.0
47,5,0,0,0,0,82,1.0,1.0,0.01,0.07,0.0,255,20,0.08,0.07,0.0,1.0,1.0,0.0,1,4433.0
24,9,205,4317,0,1,1,0.0,0.0,1.0,0.0,1.0,43,255,1.0,0.0,0.02,0.0,0.0,0.01,0,40104.0
47,5,0,0,0,0,161,1.0,1.0,0.04,0.06,0.0,255,17,0.07,0.07,0.0,1.0,1.0,0.0,1,70228.0
24,9,190,12149,0,1,2,0.0,0.0,1.0,0.0,0.0,131,255,1.0,0.0,0.03,0.0,0.0,0.0,0,107766.0
47,5,0,0,0,0,117,1.0,1.0,0.03,0.09,0.0,255,4,0.02,0.06,0.0,1.0,1.0,0.0,1,71187.0
24,9,305,2507,0,1,4,0.0,0.0,1.0,0.0,0.0,255,239,0.94,0.01,0.0,0.0,0.0,0.0,0,455.0
24,9,320,3746,0,1,6,0.0,0.0,1.0,0.0,0.0,6,255,1.0,0.0,0.04,0.0,0.01,0.0,0,56753.0
47,5,0,0,0,0,106,1.0,1.0,0.1,0.06,0.0,255,20,0.08,0.08,0.0,1.0,1.0,0.0,1,36853.0
24,9,243,5737,0,1,5,0.0,0.0,1.0,0.0,0.18,113,255,1.0,0.0,0.02,0.0,0.0,0.0,0,118990.0
47,5,0,0,0,0,290,1.0,1.0,0.05,0.06,0.0,255,7,0.03,0.08,0.0,1.0,1.0,0.0,1,111088.0
20,9,501760,0,0,1,1,0.0,0.0,1.0,0.0,0.0,45,32,0.6,0.04,0.06,0.0,0.0,0.0,0,119913.0
12,9,46,137,0,0,64,0.0,0.0,0.98,0.03,0.01,255,235,0.92,0.01,0.0,0.0,0.0,0.0,0,46022.0
12,9,45,45,0,0,160,0.0,0.0,1.0,0.0,0.01,255,255,1.0,0.0,0.0,0.0,0.0,0.0,0,114680.0
40,5,0,0,0,0,243,1.0,1.0,0.07,0.06,0.0,255,5,0.02,0.07,0.0,1.0,1.0,0.0,1,30564.0
47,5,0,0,0,0,300,1.0,1.0,0.06,0.05,0.0,255,13,0.05,0.07,0.0,1.0,1.0,0.0,1,91041.0
24,9,235,2919,0,1,2,0.0,0.0,1.0,0.0,0.67,255,250,0.98,0.01,0.0,0.0,0.0,0.0,0,23294.0
65,5,0,0,0,0,236,1.0,1.0,0.0,0.07,0.0,255,1,0.0,0.07,0.0,1.0,1.0,0.0,1,49778.0
47,5,0,0,0,0,217,1.0,1.0,0.07,0.05,0.0,255,15,0.06,0.05,0.0,1.0,1.0,0.0,1,44613.0
24,9,321,3411,0,1,1,0.0,0.0,1.0,0.0,1.0,69,255,1.0,0.0,0.03,0.0,0.0,0.0,0,75463.0
32,5,0,0,0,0,148,1.0,1.0,0.03,0.05,0.0,255,5,0.02,0.05,0.0,1.0,1.0,0.0,1,83168.0
47,5,0,0,0,0,210,1.0,1.0,0.0,0.06,0.0,255,20,0.08,0.07,0.0,1.0,1.0,0.0,1,111539.0
47,1,0,0,0,0,138,0.0,0.0,0.14,0.07,0.0,255,19,0.07,0.06,0.0,0.0,0.0,1.0,1,102947.0
47,5,0,0,0,0,144,1.0,1.0,0.14,0.06,0.0,255,17,0.07,0.07,0.0,1.0,1.0,0.0,1,35487.0
24,9,211,362,0,1,9,0.0,0.0,1.0,0.0,0.0,42,255,1.0,0.0,0.04,0.0,0.0,0.0,0,78595.0
24,9,200,706,0,1,26,0.0,0.0,1.0,0.0,0.07,181,255,1.0,0.0,0.02,0.01,0.0,0.0,0,38948.0
24,9,54540,8314,0,1,3,0.0,0.0,1.0,0.0,0.0,98,98,1.0,0.0,0.0,0.0,0.0,0.15,1,80032.0
24,9,205,2543,0,1,23,0.0,0.0,1.0,0.0,0.06,255,255,1.0,0.0,0.0,0.0,0.0,0.0,0,103826.0
24,9,353,1841,0,1,24,0.0,0.0,1.0,0.0,0.15,255,255,1.0,0.0,0.0,0.0,0.0,0.0,0,42431.0
47,9,207,0,0,0,2,0.0,0.0,1.0,0.0,0.0,112,96,0.86,0.02,0.0,0.0,0.0,0.0,1,109544.0
47,5,0,0,0,0,264,1.0,1.0,0.04,0.06,0.0,255,10,0.04,0.07,0.0,1.0,1.0,0.0,1,119086.0
47,1,0,0,0,0,1,0.0,0.0,1.0,0.0,0.0,255,1,0.0,1.0,0.0,0.0,0.0,1.0,1,124822.0
24,9,322,272,0,1,4,0.0,0.0,1.0,0.0,0.0,255,227,0.89,0.01,0.0,0.0,0.0,0.0,0,17984.0
24,9,311,13534,0,1,7,0.0,0.0,1.0,0.0,0.0,41,198,1.0,0.0,0.04,0.0,0.0,0.0,0,105917.0
24,9,241,6989,0,1,8,0.0,0.0,1.0,0.0,0.09,17,255,1.0,0.0,0.02,0.0,0.0,0.0,0,100191.0
24,9,236,397,0,1,16,0.0,0.0,1.0,0.0,0.0,255,255,1.0,0.0,0.0,0.0,0.0,0.0,0,109868.0
24,9,217,589,0,1,10,0.0,0.0,1.0,0.0,0.0,39,255,1.0,0.0,0.05,0.0,0.0,0.0,0,16734.0
9,5,0,0,0,0,273,1.0,1.0,0.06,0.06,0.0,255,17,0.07,0.06,0.0,1.0,1.0,0.0,1,21978.0
47,5,0,0,0,0,23,1.0,1.0,0.04,0.13,0.0,255,17,0.07,0.07,0.0,1.0,1.0,0.0,1,59365.0
14,9,18,0,0,0,1,0.0,0.0,1.0,0.0,0.0,1,230,1.0,0.0,1.0,0.0,0.0,0.0,1,34575.0
40,5,0,0,0,0,129,1.0,1.0,0.09,0.08,0.0,255,2,0.01,0.09,0.0,1.0,1.0,0.0,1,60651.0
12,9,45,75,0,0,151,0.0,0.0,1.0,0.0,0.0,255,203,0.8,0.01,0.0,0.0,0.0,0.0,0,55616.0
24,9,220,370,0,1,9,0.0,0.0,1.0,0.0,0.0,255,255,1.0,0.0,0.0,0.0,0.0,0.0,0,119914.0
12,9,43,127,0,0,69,0.0,0.0,1.0,0.0,0.01,255,244,0.96,0.01,0.0,0.0,0.0,0.0,0,77319.0
20,5,0,0,0,0,39,1.0,1.0,0.26,0.1,0.0,255,66,0.26,0.02,0.0,1.0,1.0,0.0,1,113967.0
59,9,91,0,0,0,10,0.0,0.0,0.1,0.2,0.0,135,1,0.01,0.03,0.0,0.0,0.0,0.0,0,118557.0
24,9,338,15767,0,1,17,0.0,0.0,1.0,0.0,0.0,255,255,1.0,0.0,0.0,0.0,0.0,0.0,0,112938.0
52,7,12249,1400,0,1,1,1.0,0.5,1.0,0.0,1.0,32,154,0.28,0.06,0.01,0.03,0.01,0.0,0,24837.0
14,9,8,0,0,0,1,0.0,0.0,1.0,0.0,1.0,1,141,1.0,0.0,0.5,0.0,0.0,0.0,1,77089.0
47,1,0,0,0,0,243,0.0,0.0,0.03,0.06,0.0,255,7,0.03,0.08,0.0,0.0,0.0,1.0,1,12735.0
12,9,43,126,0,0,77,0.0,0.0,1.0,0.0,0.01,255,255,1.0,0.0,0.0,0.0,0.0,0.0,0,84876.0
47,4,1,0,0,0,2,0.0,0.0,1.0,0.0,0.0,255,2,0.01,0.66,0.0,0.0,0.0,1.0,1,8905.0
64,5,0,0,0,0,291,1.0,1.0,0.02,0.05,0.0,255,2,0.01,0.07,0.0,1.0,1.0,0.0,1,113418.0
24,9,204,17602,0,1,24,0.0,0.0,1.0,0.0,0.0,255,255,1.0,0.0,0.0,0.0,0.0,0.0,0,86815.0
24,9,290,4017,0,1,1,0.0,0.0,1.0,0.0,1.0,7,255,1.0,0.0,0.07,0.0,0.0,0.0,0,19086.0
29,5,0,0,0,0,136,1.0,1.0,0.14,0.07,0.0,255,19,0.07,0.07,0.0,1.0,1.0,0.0,1,84374.0
47,5,0,0,0,0,142,1.0,1.0,0.01,0.06,0.0,233,6,0.03,0.08,0.0,1.0,1.0,0.0,1,68348.0
52,9,581,331,0,1,1,0.0,0.0,1.0,0.0,0.0,209,165,0.67,0.02,0.01,0.0,0.0,0.0,0,61305.0
24,9,375,248,0,1,2,0.0,0.0,1.0,0.0,0.75,48,255,1.0,0.0,0.02,0.0,0.0,0.0,0,103924.0
52,9,921,390,0,1,1,0.0,0.0,1.0,0.0,0.0,255,26,0.1,0.07,0.0,0.81,0.0,0.0,0,3247.0
24,9,207,1350,0,1,25,0.0,0.0,1.0,0.0,0.0,74,255,1.0,0.0,0.05,0.0,0.0,0.0,0,12876.0
24,9,236,3222,0,1,6,0.0,0.0,1.0,0.0,0.0,255,229,0.9,0.02,0.0,0.0,0.0,0.0,0,6012.0
52,9,766,325,0,1,1,0.0,0.0,1.0,0.0,0.0,255,151,0.59,0.02,0.0,0.0,0.0,0.0,0,92220.0
24,9,209,880,0,1,1,0.0,0.0,1.0,0.0,0.0,20,255,1.0,0.0,0.02,0.0,0.0,0.0,0,93032.0
2,5,0,0,0,0,252,1.0,1.0,0.04,0.06,0.0,255,9,0.04,0.07,0.0,1.0,1.0,0.0,1,89043.0
24,9,283,11233,0,1,24,0.0,0.04,1.0,0.0,0.08,144,255,1.0,0.0,0.01,0.0,0.0,0.0,0,123688.0
42,9,146,105,0,0,1,0.0,0.0,1.0,0.0,0.0,255,1,0.0,0.86,0.0,0.0,0.0,0.0,0,45453.0
47,5,0,0,0,0,213,1.0,1.0,0.02,0.08,0.0,255,5,0.02,0.07,0.0,1.0,1.0,0.0,1,125462.0
20,9,12324,0,0,1,2,0.0,0.0,1.0,0.0,0.0,190,66,0.35,0.03,0.0,0.01,0.0,0.0,0,59802.0
47,9,105,147,0,0,1,0.0,0.0,1.0,0.0,0.0,177,175,0.99,0.01,0.0,0.0,0.0,0.0,0,3574.0
47,5,0,0,0,0,259,1.0,1.0,0.04,0.07,0.0,255,10,0.04,0.07,0.0,1.0,1.0,0.0,1,2314.0
24,9,228,294,0,1,1,0.0,0.0,1.0,0.0,0.0,255,255,1.0,0.0,0.0,0.0,0.0,0.0,0,101774.0
24,1,0,0,0,0,1,0.0,0.0,1.0,0.0,1.0,10,255,1.0,0.0,0.14,0.0,0.0,1.0,0,116745.0
10,2,0,0,0,0,237,0.0,0.0,0.0,0.07,0.0,255,1,0.0,0.07,0.0,0.0,0.0,1.0,1,26880.0
65,1,0,0,0,0,216,0.0,0.0,0.08,0.07,0.0,255,17,0.07,0.08,0.0,0.0,0.0,1.0,1,14292.0
52,9,2201,280,0,1,1,0.0,0.0,1.0,0.0,0.0,114,101,0.4,0.05,0.02,0.01,0.01,0.0,0,23938.0
20,9,748,0,0,1,1,0.0,0.0,1.0,0.0,0.0,186,46,0.25,0.02,0.0,0.0,0.0,0.0,0,1226.0
24,9,224,1043,0,1,2,0.0,0.0,1.0,0.0,0.22,33,255,1.0,0.0,0.01,0.0,0.01,0.0,0,62931.0
19,9,231,770,0,1,1,0.0,0.0,1.0,0.0,0.0,1,1,1.0,0.0,0.0,0.0,0.0,0.0,0,26741.0
24,9,299,294,0,1,8,0.0,0.0,1.0,0.0,0.23,255,255,1.0,0.0,0.0,0.0,0.0,0.0,0,24888.0
24,9,407,53508,0,1,1,0.0,0.0,1.0,0.0,0.4,9,255,1.0,0.0,0.03,0.0,0.0,0.0,0,113467.0
24,9,302,9675,0,1,16,0.0,0.0,1.0,0.0,0.1,16,255,1.0,0.0,0.09,0.0,0.0,0.0,0,76557.0
20,5,0,0,0,0,300,1.0,1.0,0.07,0.06,0.0,255,20,0.08,0.06,0.0,1.0,1.0,0.0,1,27613.0
47,9,1,0,0,0,132,0.0,0.0,0.72,0.05,0.0,255,146,0.57,0.05,0.0,0.0,0.0,0.0,1,115136.0
4,9,10,38,0,0,4,0.0,0.0,0.25,0.5,0.0,138,5,0.01,0.04,0.4,0.01,0.0,0.0,0,66638.0
16,5,0,0,0,0,135,1.0,1.0,0.15,0.05,0.0,255,20,0.08,0.06,0.0,1.0,1.0,0.0,1,4499.0
24,9,158,2340,0,1,2,0.0,0.0,1.0,0.0,0.0,2,255,1.0,0.0,0.04,0.0,0.0,0.0,0,97285.0
47,5,0,0,0,0,200,1.0,1.0,0.09,0.05,0.0,255,3,0.01,0.08,0.0,1.0,1.0,0.0,1,58698.0
54,5,0,0,0,0,236,1.0,1.0,0.1,0.05,0.0,255,24,0.09,0.05,0.0,1.0,1.0,0.0,1,22641.0
24,9,237,332,0,1,6,0.0,0.0,1.0,0.0,0.0,41,255,1.0,0.0,0.02,0.0,0.0,0.0,0,71600.0
24,9,225,2952,0,1,10,0.0,0.0,1.0,0.0,0.0,61,255,1.0,0.0,0.06,0.0,0.0,0.0,0,74463.0
55,5,0,0,0,0,284,1.0,1.0,0.02,0.06,0.0,255,15,0.06,0.08,0.0,1.0,1.0,0.0,1,6865.0
18,5,0,0,0,0,18,1.0,1.0,1.0,0.0,0.0,78,24,0.23,0.05,0.08,1.0,0.75,0.0,1,951.0
24,9,302,29321,0,1,11,0.0,0.0,1.0,0.0,0.0,64,255,1.0,0.0,0.05,0.0,0.0,0.0,0,81254.0
24,9,246,1817,0,1,25,0.0,0.0,1.0,0.0,0.0,255,255,1.0,0.0,0.0,0.0,0.0,0.0,0,2073.0
52,9,580,326,0,1,1,0.0,0.0,1.0,0.0,1.0,255,128,0.5,0.05,0.0,0.01,0.0,0.0,0,89434.0
47,5,0,0,0,0,267,1.0,1.0,0.03,0.07,0.0,255,8,0.03,0.09,0.0,1.0,1.0,0.0,1,16027.0
12,9,46,132,0,0,76,0.0,0.0,1.0,0.0,0.01,255,203,0.8,0.01,0.0,0.0,0.0,0.0,0,99348.0
24,1,0,0,0,0,1,0.0,0.0,1.0,0.0,1.0,6,214,1.0,0.0,0.2,0.0,0.0,0.78,0,124061.0
42,9,1,0,0,0,17,0.0,0.0,0.12,0.53,0.0,255,2,0.01,0.2,0.0,0.0,0.0,0.0,1,87178.0
24,9,330,6891,0,1,1,0.0,0.0,1.0,0.0,0.0,39,255,1.0,0.0,0.02,0.0,0.0,0.0,0,6031.0
24,9,314,479,0,1,5,0.0,0.0,1.0,0.0,0.19,11,255,1.0,0.0,0.05,0.0,0.01,0.0,0,18722.0
47,5,0,0,0,0,218,1.0,1.0,0.08,0.06,0.0,255,11,0.04,0.08,0.0,1.0,1.0,0.0,1,70065.0
14,9,8,0,0,0,1,0.0,0.0,1.0,0.0,1.0,2,124,1.0,0.0,0.5,0.0,0.0,0.0,1,29391.0
47,4,0,0,0,0,1,0.0,0.0,1.0,0.0,0.0,128,1,0.01,0.24,0.0,0.0,0.0,1.0,1,77336.0
11,1,0,0,0,0,1,0.0,0.0,1.0,0.0,0.0,34,2,0.03,1.0,1.0,0.0,0.0,0.5,1,76534.0
55,5,0,0,0,0,150,1.0,1.0,0.13,0.05,0.0,255,14,0.05,0.07,0.0,1.0,1.0,0.0,1,78702.0
47,5,0,0,0,0,147,1.0,1.0,0.14,0.05,0.0,255,15,0.06,0.07,0.0,1.0,1.0,0.0,1,67998.0
47,5,0,0,0,0,188,1.0,1.0,0.05,0.06,0.0,255,20,0.08,0.07,0.0,1.0,1.0,0.0,1,69184.0
34,5,0,0,0,0,65,1.0,1.0,0.09,0.09,0.0,255,6,0.02,0.05,0.0,1.0,1.0,0.0,1,88892.0
14,9,8,0,0,0,1,0.0,0.0,1.0,0.0,1.0,2,132,1.0,0.0,0.5,0.0,0.0,0.0,1,21476.0
24,9,308,463,0,1,29,0.0,0.0,1.0,0.0,0.0,29,255,1.0,0.0,0.05,0.0,0.0,0.0,0,105061.0
47,1,0,0,0,0,231,0.0,0.0,0.03,0.07,0.0,255,6,0.02,0.08,0.0,0.0,0.0,1.0,1,51508.0
47,9,105,145,0,0,1,0.0,0.0,1.0,0.0,0.0,255,245,0.96,0.01,0.0,0.0,0.0,0.0,0,61674.0
21,1,0,0,0,0,254,0.0,0.0,0.05,0.06,0.0,255,13,0.05,0.06,0.0,0.0,0.0,1.0,1,117154.0
12,9,42,75,0,0,152,0.0,0.0,1.0,0.0,0.01,255,225,0.88,0.01,0.0,0.0,0.0,0.0,0,51201.0
24,9,344,930,0,1,35,0.0,0.0,1.0,0.0,0.0,255,255,1.0,0.0,0.0,0.0,0.0,0.0,0,113492.0
47,5,0,0,0,0,237,1.0,1.0,0.0,0.06,0.0,255,6,0.02,0.08,0.0,1.0,1.0,0.0,1,72129.0
47,5,0,0,0,0,270,1.0,1.0,0.04,0.06,0.0,255,11,0.04,0.07,0.0,1.0,1.0,0.0,1,102870.0
24,9,285,1521,0,1,7,0.0,0.0,1.0,0.0,0.0,7,255,1.0,0.0,0.02,0.0,0.0,0.0,0,83343.0
14,9,8,0,0,0,1,0.0,0.0,1.0,0.0,1.0,2,28,1.0,0.0,0.5,0.0,0.0,0.0,1,116757.0
20,9,641,0,0,0,2,0.0,0.0,1.0,0.0,0.0,45,75,0.11,0.09,0.03,0.0,0.0,0.0,0,17230.0
42,9,3775,0,0,0,20,0.05,0.0,0.05,0.75,0.0,255,1,0.0,0.07,0.0,0.0,0.0,0.0,0,10100.0
24,9,259,4522,0,1,1,0.0,0.0,1.0,0.0,0.11,1,255,1.0,0.0,0.05,0.0,0.0,0.0,0,82360.0
15,9,1032,0,0,0,408,0.0,0.0,1.0,0.0,0.0,255,255,1.0,0.0,0.0,0.0,0.0,0.0,1,124360.0
24,9,280,2062,0,1,4,0.0,0.0,1.0,0.0,0.33,255,255,1.0,0.0,0.0,0.0,0.0,0.0,0,81615.0
58,9,677,67023,0,1,1,0.0,0.0,1.0,0.0,0.0,6,3,0.33,0.33,0.67,0.0,0.33,0.0,0,60577.0
24,9,248,1088,0,1,31,0.0,0.0,1.0,0.0,0.06,255,255,1.0,0.0,0.0,0.0,0.0,0.0,0,122815.0
20,9,7045,0,0,1,2,0.0,0.0,1.0,0.0,0.0,16,51,1.0,0.0,0.12,0.0,0.02,0.0,1,42681.0
14,9,8,0,0,0,1,0.0,0.0,1.0,0.0,1.0,2,24,1.0,0.0,0.5,0.0,0.0,0.0,1,1816.0
24,9,302,1380,0,1,11,0.0,0.0,1.0,0.0,0.0,255,244,0.96,0.01,0.0,0.0,0.0,0.0,0,59316.0
27,5,0,0,0,0,106,1.0,1.0,0.18,0.07,0.0,255,6,0.02,0.08,0.0,1.0,1.0,0.0,1,27677.0
24,9,163,15340,0,1,1,0.0,0.0,1.0,0.0,0.0,255,255,1.0,0.0,0.0,0.0,0.0,0.0,0,75684.0
24,9,346,5790,0,1,7,0.0,0.0,1.0,0.0,0.2,24,255,1.0,0.0,0.05,0.0,0.0,0.01,0,47241.0
16,5,0,0,0,0,24,1.0,1.0,0.17,0.12,0.0,255,4,0.02,0.07,0.0,1.0,1.0,0.0,1,100710.0
24,9,269,7634,0,1,4,0.0,0.17,1.0,0.0,0.33,33,255,1.0,0.0,0.03,0.0,0.0,0.01,0,51499.0
24,9,301,1911,0,1,5,0.0,0.0,1.0,0.0,0.0,32,142,1.0,0.0,0.04,0.0,0.0,0.0,0,63382.0
4,9,9,38,0,1,1,0.0,0.0,1.0,0.0,0.0,31,4,0.03,0.19,0.5,0.0,0.0,0.0,0,57010.0
14,9,8,0,0,0,1,0.0,0.0,1.0,0.0,1.0,2,106,1.0,0.0,0.25,0.0,0.0,0.0,1,88822.0
52,9,1463,330,0,1,1,0.0,0.0,1.0,0.0,0.0,183,128,0.56,0.02,0.02,0.0,0.0,0.0,0,86650.0
12,9,35,0,0,0,4,0.0,0.0,1.0,0.0,0.22,174,23,0.13,0.03,0.0,0.0,0.0,0.0,0,53440.0
42,9,516,4,0,0,212,0.0,0.0,1.0,0.0,0.0,212,212,1.0,0.0,0.0,0.0,0.0,0.0,0,98525.0
24,9,317,596,0,1,10,0.0,0.0,1.0,0.0,0.19,255,255,1.0,0.0,0.0,0.0,0.0,0.0,0,6628.0
47,5,0,0,0,0,177,1.0,1.0,0.02,0.06,0.0,255,4,0.02,0.05,0.0,1.0,1.0,0.0,1,68169.0
15,9,1032,0,0,0,221,0.0,0.0,1.0,0.0,0.0,255,221,0.87,0.01,0.0,0.0,0.0,0.0,1,52346.0
9,5,0,0,0,0,246,1.0,1.0,0.02,0.05,0.0,255,5,0.02,0.05,0.0,1.0,1.0,0.0,1,17063.0
40,5,0,0,0,0,102,1.0,1.0,0.12,0.06,0.0,255,9,0.04,0.07,0.0,1.0,1.0,0.0,1,112936.0
52,9,1519,335,0,1,1,0.0,0.0,1.0,0.0,0.0,255,95,0.37,0.02,0.0,0.0,0.01,0.0,0,25123.0
24,5,0,0,0,0,240,1.0,0.93,0.06,0.07,0.13,255,14,0.05,0.07,0.0,1.0,1.0,0.0,1,82172.0
6,5,0,0,0,0,139,1.0,1.0,0.14,0.05,0.0,255,20,0.08,0.06,0.0,1.0,1.0,0.0,1,55819.0
60,2,0,0,0,0,178,0.0,0.0,0.07,0.07,0.0,255,13,0.05,0.07,0.0,0.0,0.0,1.0,1,42528.0
58,9,405,15157,0,1,1,0.0,0.0,1.0,0.0,0.0,255,52,0.2,0.02,0.0,0.47,0.6,0.02,0,58424.0
24,9,335,961,0,1,14,0.07,0.07,1.0,0.0,0.0,14,250,1.0,0.0,0.01,0.07,0.0,0.0,0,87227.0
24,9,238,1645,0,1,5,0.0,0.0,1.0,0.0,0.0,186,255,1.0,0.0,0.02,0.0,0.0,0.0,0,63575.0
19,9,1435,4152,0,1,1,0.0,0.0,1.0,0.0,0.0,56,15,0.27,0.05,0.0,0.0,0.0,0.0,0,110986.0
64,5,0,0,0,0,263,1.0,1.0,0.06,0.06,0.0,255,5,0.02,0.07,0.0,1.0,1.0,0.0,1,22193.0
24,9,325,2531,0,1,8,0.0,0.0,1.0,0.0,0.22,255,255,1.0,0.0,0.0,0.0,0.0,0.0,0,38231.0
24,9,202,26285,0,1,11,0.0,0.0,1.0,0.0,0.0,104,255,1.0,0.0,0.02,0.0,0.0,0.0,0,116770.0
24,9,242,406,0,1,12,0.0,0.0,1.0,0.0,0.0,255,255,1.0,0.0,0.0,0.0,0.0,0.0,0,13169.0
42,9,146,0,0,0,2,0.0,0.0,0.5,1.0,0.0,255,2,0.01,0.79,0.0,0.0,0.0,0.0,0,24273.0
62,9,78,0,0,0,2,0.0,0.0,0.5,1.0,0.0,255,6,0.02,0.01,0.0,0.0,0.0,0.0,0,14233.0
12,9,44,44,0,0,225,0.0,0.0,1.0,0.0,0.0,255,255,1.0,0.0,0.0,0.0,0.0,0.0,0,21410.0
42,1,0,0,0,0,511,0.18,0.0,0.0,1.0,0.0,255,1,0.0,1.0,0.0,0.06,0.0,1.0,1,78969.0
24,9,314,2966,0,1,4,0.0,0.0,1.0,0.0,0.0,10,255,1.0,0.0,0.05,0.0,0.0,0.0,0,5040.0
39,5,0,0,0,0,102,1.0,1.0,0.03,0.06,0.0,255,14,0.05,0.07,0.0,1.0,1.0,0.0,1,87334.0
20,9,6062,0,0,1,14,0.0,0.0,1.0,0.0,0.0,255,102,0.4,0.01,0.0,0.0,0.0,0.0,0,28818.0
56,5,0,0,0,0,268,1.0,1.0,0.01,0.06,0.0,255,2,0.01,0.07,0.0,1.0,1.0,0.0,1,54311.0
18,9,8,140,0,0,1,0.0,0.0,1.0,0.0,0.0,255,8,0.03,0.03,0.0,0.0,0.12,0.0,0,124805.0
12,9,34,0,0,0,1,0.0,0.0,1.0,0.0,1.0,205,19,0.09,0.03,0.0,0.0,0.0,0.0,0,77445.0
15,9,30,0,0,0,2,0.0,0.0,1.0,0.0,0.0,178,178,1.0,0.0,0.0,0.0,0.0,0.0,0,60984.0
24,9,216,296,0,1,30,0.0,0.0,1.0,0.0,0.09,124,177,1.0,0.0,0.06,0.0,0.0,0.0,0,102709.0
42,9,92,45,0,0,3,0.0,0.0,0.67,0.67,0.0,160,4,0.03,0.03,0.0,0.0,0.0,0.0,0,103189.0
52,9,647,336,0,1,1,0.0,0.0,1.0,0.0,1.0,55,151,0.95,0.04,0.01,0.0,0.0,0.0,0,101975.0
24,9,293,1509,0,1,6,0.0,0.0,1.0,0.0,0.0,201,255,1.0,0.0,0.01,0.0,0.0,0.0,0,115363.0
42,9,146,0,0,0,1,0.0,0.0,1.0,0.0,0.0,36,1,0.03,0.78,0.0,0.0,0.0,0.0,0,93266.0
5,5,0,0,0,0,262,1.0,1.0,0.05,0.06,0.0,255,12,0.05,0.08,0.0,1.0,1.0,0.0,1,16473.0
30,5,0,0,0,0,242,1.0,1.0,0.04,0.06,0.0,255,10,0.04,0.06,0.0,1.0,1.0,0.0,1,78284.0
47,1,0,0,0,0,101,0.0,0.0,0.02,0.07,0.0,126,2,0.02,0.07,0.0,0.0,0.0,1.0,1,116828.0
20,9,768,0,0,1,7,0.0,0.0,1.0,0.0,0.0,182,73,0.37,0.03,0.03,0.0,0.0,0.0,0,117528.0
24,9,245,7557,0,1,22,0.0,0.0,1.0,0.0,0.14,255,255,1.0,0.0,0.0,0.0,0.0,0.0,0,86302.0
24,9,153,4194,0,1,2,0.0,0.0,1.0,0.0,0.18,82,255,1.0,0.0,0.03,0.0,0.0,0.0,0,25821.0
24,9,201,3142,0,1,42,0.0,0.0,1.0,0.0,0.0,255,255,1.0,0.0,0.0,0.0,0.0,0.0,0,2479.0
27,5,0,0,0,0,248,1.0,1.0,0.04,0.07,0.0,255,11,0.04,0.07,0.0,1.0,1.0,0.0,1,81692.0
14,9,8,0,0,0,1,0.0,0.0,1.0,0.0,1.0,1,28,1.0,0.0,0.54,0.0,0.0,0.0,1,56942.0
20,9,1470,0,0,1,3,0.0,0.0,1.0,0.0,0.4,255,91,0.36,0.02,0.0,0.0,0.0,0.0,0,125074.0
47,5,0,0,0,0,143,1.0,1.0,0.14,0.06,0.0,255,17,0.07,0.06,0.0,1.0,1.0,0.0,1,111576.0
5,5,0,0,0,0,270,1.0,1.0,0.04,0.06,0.0,255,10,0.04,0.07,0.0,1.0,1.0,0.0,1,93574.0
35,5,0,0,0,0,237,1.0,1.0,0.08,0.05,0.0,255,19,0.07,0.06,0.0,1.0,1.0,0.0,1,87803.0
30,5,0,0,0,0,139,1.0,1.0,0.05,0.06,0.0,255,4,0.02,0.06,0.0,1.0,1.0,0.0,1,100651.0
42,9,516,4,0,0,487,0.0,0.0,1.0,0.0,0.0,255,255,1.0,0.0,0.0,0.0,0.0,0.0,0,12527.0
52,9,865,334,0,1,1,0.0,0.0,1.0,0.0,1.0,171,185,0.71,0.02,0.01,0.0,0.0,0.0,0,48073.0
52,2,12737,2444,0,1,1,0.0,0.0,1.0,0.0,0.0,168,94,0.42,0.42,0.02,0.0,0.0,0.02,0,103630.0
36,5,0,0,0,0,125,1.0,1.0,0.16,0.05,0.0,255,20,0.08,0.05,0.0,1.0,1.0,0.0,1,112360.0
47,1,0,0,0,0,149,0.0,0.0,0.07,0.05,0.0,255,7,0.03,0.06,0.0,0.0,0.0,1.0,1,35879.0
47,1,0,0,0,0,206,0.01,0.0,0.0,1.0,0.0,255,1,0.0,0.83,0.0,0.01,0.0,1.0,1,15113.0
58,5,0,0,0,0,77,1.0,1.0,0.23,0.05,0.0,157,39,0.24,0.03,0.05,1.0,0.97,0.0,1,62330.0
36,5,0,0,0,0,231,1.0,1.0,0.08,0.06,0.0,255,3,0.01,0.07,0.0,1.0,1.0,0.0,1,21837.0
24,9,319,1545,0,1,6,0.0,0.0,1.0,0.0,0.0,255,255,1.0,0.0,0.0,0.0,0.0,0.0,0,52129.0
24,9,291,406,0,1,4,0.0,0.0,1.0,0.0,0.33,205,219,1.0,0.0,0.01,0.0,0.0,0.0,0,41014.0
20,9,12,0,0,1,1,0.0,0.0,1.0,0.0,0.0,46,33,0.72,0.11,0.0,0.0,0.0,0.0,0,96101.0
12,9,43,126,0,0,115,0.0,0.0,1.0,0.0,0.01,255,255,1.0,0.0,0.0,0.0,0.0,0.0,0,95481.0
24,9,316,293,0,1,11,0.0,0.0,1.0,0.0,0.31,255,255,1.0,0.0,0.0,0.0,0.0,0.0,0,7771.0
47,1,0,0,0,0,129,0.0,0.0,0.02,0.06,0.0,255,3,0.01,0.08,0.0,0.0,0.0,1.0,1,84393.0
52,9,1539,336,0,1,1,0.0,0.0,1.0,0.0,1.0,14,45,0.79,0.14,0.04,0.0,0.0,0.0,0,87734.0
12,9,44,137,0,0,65,0.0,0.0,1.0,0.0,0.01,255,255,1.0,0.0,0.0,0.0,0.0,0.0,0,108608.0
20,9,334,0,0,1,1,0.0,0.0,1.0,0.0,0.0,3,15,1.0,0.0,0.2,0.0,0.0,0.0,1,32430.0
5,1,0,0,0,0,104,0.0,0.0,0.03,0.07,0.0,255,3,0.01,0.08,0.0,0.0,0.0,1.0,1,24470.0
24,9,286,1432,0,1,1,0.0,0.0,1.0,0.0,0.11,255,255,1.0,0.0,0.0,0.0,0.0,0.0,0,17782.0
52,9,642,331,0,1,1,0.0,0.0,1.0,0.0,1.0,21,143,0.57,0.19,0.01,0.0,0.0,0.0,0,77602.0
15,9,1032,0,0,0,499,0.0,0.0,1.0,0.0,0.0,255,255,1.0,0.0,0.0,0.0,0.0,0.0,1,39366.0
47,9,1,0,0,0,6,0.0,0.0,0.83,0.33,0.0,255,5,0.02,0.23,0.0,0.0,0.0,0.0,1,84212.0
27,5,0,0,0,0,288,1.0,1.0,0.05,0.06,0.0,255,15,0.06,0.08,0.0,1.0,1.0,0.0,1,46399.0
12,9,45,45,0,0,225,0.0,0.0,1.0,0.0,0.0,255,250,0.98,0.01,0.0,0.0,0.0,0.0,0,63158.0
52,9,812,340,0,1,1,0.0,0.0,1.0,0.0,1.0,141,158,0.89,0.04,0.01,0.0,0.0,0.0,0,46403.0
42,9,146,105,0,0,1,0.0,0.0,1.0,0.0,0.0,255,2,0.01,0.58,0.0,0.0,0.0,0.0,0,113192.0
4,5,0,0,0,0,269,1.0,1.0,0.07,0.06,0.0,255,20,0.08,0.06,0.0,1.0,1.0,0.0,1,81815.0
12,9,45,72,0,0,111,0.0,0.0,1.0,0.0,0.0,255,254,1.0,0.01,0.0,0.0,0.0,0.0,0,9747.0
24,9,199,263,0,1,28,0.0,0.0,1.0,0.0,0.08,255,255,1.0,0.0,0.0,0.0,0.0,0.0,0,17575.0
52,9,612,280,0,1,2,0.0,0.0,1.0,0.0,0.0,186,120,0.62,0.03,0.02,0.0,0.0,0.0,0,121398.0
52,9,1996,338,0,1,1,0.0,0.0,1.0,0.0,1.0,57,214,0.86,0.05,0.01,0.0,0.0,0.0,0,18199.0
24,1,0,0,0,0,1,0.0,0.0,1.0,0.0,0.0,3,251,1.0,0.0,0.14,0.0,0.0,0.69,0,44573.0
47,5,0,0,0,0,188,1.0,1.0,0.02,0.06,0.0,255,18,0.07,0.07,0.0,1.0,1.0,0.0,1,84351.0
12,9,46,46,0,0,96,0.0,0.0,1.0,0.0,0.01,255,255,1.0,0.0,0.0,0.0,0.0,0.0,0,64118.0
63,2,0,0,0,0,117,0.0,0.0,0.03,0.07,0.0,255,4,0.02,0.08,0.0,0.0,0.0,1.0,1,76958.0
24,9,322,1645,0,1,3,0.0,0.0,1.0,0.0,0.13,255,255,1.0,0.0,0.0,0.01,0.01,0.0,0,70430.0
58,2,0,15,0,0,1,0.0,0.0,1.0,0.0,0.0,195,2,0.01,0.04,0.0,0.02,0.0,0.5,0,70578.0
12,9,44,44,0,0,109,0.0,0.0,0.99,0.02,0.0,255,254,1.0,0.01,0.0,0.0,0.0,0.0,0,118429.0
66,5,0,0,0,0,264,1.0,1.0,0.06,0.05,0.0,255,16,0.06,0.05,0.0,1.0,1.0,0.0,1,113226.0
47,5,0,0,0,0,28,1.0,1.0,0.18,0.21,0.0,255,13,0.05,0.09,0.0,1.0,1.0,0.0,1,40879.0
47,5,0,0,0,0,256,1.0,1.0,0.01,0.06,0.0,255,13,0.05,0.07,0.0,1.0,1.0,0.0,1,101174.0
47,5,0,0,0,0,284,1.0,1.0,0.07,0.05,0.0,242,19,0.08,0.06,0.0,0.99,1.0,0.0,1,50365.0
47,5,0,0,0,0,128,1.0,1.0,0.01,0.07,0.0,255,2,0.01,0.07,0.0,1.0,1.0,0.0,1,111927.0
24,9,302,1113,0,1,12,0.0,0.0,1.0,0.0,0.0,36,255,1.0,0.0,0.04,0.0,0.01,0.0,0,92783.0
14,9,18,0,0,0,1,0.0,0.0,1.0,0.0,0.0,1,18,1.0,0.0,1.0,0.0,0.0,0.0,1,17375.0
24,9,253,1022,0,1,21,0.0,0.0,1.0,0.0,0.0,136,255,1.0,0.0,0.02,0.01,0.0,0.0,0,18684.0
24,5,0,0,0,0,33,1.0,1.0,0.39,0.12,0.0,255,68,0.27,0.02,0.0,1.0,1.0,0.0,1,9425.0
52,9,942,324,0,1,1,0.0,0.0,1.0,0.0,1.0,3,140,1.0,0.0,0.01,0.0,0.0,0.0,0,103728.0
18,9,5,1886,0,0,7,0.0,0.0,0.14,0.71,0.0,151,3,0.02,0.06,0.0,0.01,0.0,0.0,0,61446.0
20,5,0,0,0,0,57,1.0,1.0,0.11,0.07,0.0,255,66,0.26,0.02,0.0,1.0,1.0,0.0,1,76334.0
2,5,0,0,0,0,223,1.0,1.0,0.01,0.06,0.0,255,19,0.07,0.08,0.0,1.0,1.0,0.0,1,68220.0
12,9,46,46,0,0,134,0.0,0.0,1.0,0.0,0.02,254,189,0.74,0.02,0.0,0.0,0.0,0.0,0,9494.0
52,9,856,332,0,1,1,0.0,0.0,1.0,0.0,1.0,34,143,0.71,0.15,0.01,0.0,0.0,0.0,0,101299.0
47,5,0,0,0,0,213,1.0,1.0,0.09,0.06,0.0,255,2,0.01,0.07,0.0,1.0,1.0,0.0,1,117406.0
24,9,334,1301,0,1,14,0.0,0.0,1.0,0.0,0.0,255,255,1.0,0.0,0.0,0.0,0.0,0.0,0,21248.0
19,5,0,0,0,0,278,1.0,1.0,0.03,0.06,0.0,255,9,0.04,0.08,0.0,1.0,1.0,0.0,1,65612.0
20,9,334,0,0,1,2,0.0,0.0,1.0,0.0,0.0,8,28,1.0,0.0,0.11,0.0,0.0,0.0,1,28800.0
24,9,253,1721,0,1,13,0.0,0.0,1.0,0.0,0.09,168,255,1.0,0.0,0.01,0.0,0.0,0.0,0,22711.0
24,9,54540,8314,0,1,2,0.0,0.0,1.0,0.0,0.0,118,118,1.0,0.0,0.0,0.0,0.0,0.02,1,755.0
24,1,0,0,0,0,1,0.0,0.0,1.0,0.0,1.0,11,236,1.0,0.0,0.01,0.0,0.0,0.07,0,17469.0
24,9,255,11189,0,1,3,0.0,0.0,1.0,0.0,0.0,3,34,1.0,0.0,0.06,0.0,0.0,0.0,0,119559.0
24,9,291,910,0,1,18,0.0,0.0,1.0,0.0,0.1,255,255,1.0,0.0,0.0,0.0,0.0,0.0,0,31803.0
24,9,207,3475,0,1,10,0.0,0.0,1.0,0.0,0.0,59,255,1.0,0.0,0.02,0.0,0.0,0.0,0,95084.0
24,1,0,0,0,0,1,0.0,0.0,1.0,0.0,0.0,12,251,1.0,0.0,0.09,0.0,0.0,0.49,0,38684.0
24,9,381,290,0,1,5,0.0,0.0,1.0,0.0,0.0,255,255,1.0,0.0,0.0,0.0,0.0,0.0,0,21200.0
47,5,0,0,0,0,173,1.0,1.0,0.03,0.06,0.0,255,16,0.06,0.08,0.0,1.0,1.0,0.0,1,93811.0
57,1,0,0,0,0,259,0.0,0.0,0.04,0.07,0.0,255,10,0.04,0.07,0.0,0.0,0.0,1.0,1,57715.0
47,5,0,0,0,0,71,1.0,1.0,0.07,0.07,0.0,255,5,0.02,0.07,0.0,1.0,1.0,0.0,1,113273.0
24,9,239,10195,0,1,4,0.0,0.0,1.0,0.0,0.0,14,171,1.0,0.0,0.05,0.0,0.0,0.0,0,86995.0
42,9,516,4,0,0,156,0.0,0.0,1.0,0.0,0.0,156,156,1.0,0.0,0.0,0.0,0.0,0.0,0,47291.0
24,1,0,0,0,0,1,0.0,0.0,1.0,0.0,0.0,5,255,1.0,0.0,0.02,0.0,0.0,0.27,0,1757.0
47,5,0,0,0,0,180,1.0,1.0,0.14,0.06,0.0,255,25,0.1,0.05,0.0,1.0,1.0,0.0,1,116236.0
24,9,302,2748,0,1,21,0.0,0.0,1.0,0.0,0.05,227,255,1.0,0.0,0.01,0.0,0.0,0.0,0,15294.0
47,5,0,0,0,0,271,1.0,1.0,0.04,0.06,0.0,255,28,0.11,0.07,0.0,1.0,1.0,0.0,1,12718.0
47,1,0,0,0,0,248,0.0,0.0,0.04,0.07,0.0,255,10,0.04,0.09,0.0,0.0,0.0,1.0,1,49193.0
20,9,209,0,0,1,2,0.0,0.0,1.0,0.0,0.0,51,41,0.08,0.08,0.07,0.0,0.02,0.0,0,94772.0
5,1,0,0,0,0,244,0.0,0.0,0.02,0.07,0.0,255,5,0.02,0.08,0.0,0.0,0.0,1.0,1,27181.0
52,9,2398,340,0,1,1,0.0,0.0,1.0,0.0,0.0,132,91,0.69,0.04,0.0,0.0,0.0,0.0,0,87311.0
24,9,186,20137,0,1,9,0.0,0.0,1.0,0.0,0.0,9,255,1.0,0.0,0.04,0.0,0.0,0.0,0,34760.0
20,9,501760,0,0,1,1,0.0,0.0,1.0,0.0,0.0,107,76,0.33,0.04,0.03,0.0,0.0,0.0,0,36239.0
12,9,45,81,0,0,129,0.0,0.0,0.99,0.02,0.0,255,254,1.0,0.01,0.0,0.0,0.0,0.0,0,115312.0
47,1,0,0,0,0,138,0.0,0.0,0.09,0.06,0.0,255,12,0.05,0.07,0.0,0.0,0.0,1.0,1,61109.0
24,9,224,422,0,1,13,0.0,0.0,1.0,0.0,0.0,255,255,1.0,0.0,0.0,0.0,0.0,0.0,0,104542.0
65,5,0,0,0,0,299,1.0,1.0,0.05,0.05,0.0,255,14,0.05,0.05,0.0,1.0,1.0,0.0,1,102863.0
47,5,0,0,0,0,89,1.0,1.0,0.09,0.06,0.0,255,8,0.03,0.05,0.0,1.0,1.0,0.0,1,45203.0
24,9,237,3222,0,1,4,0.0,0.0,1.0,0.0,0.4,255,239,0.94,0.02,0.0,0.0,0.0,0.0,0,53400.0
12,9,45,74,0,0,57,0.0,0.0,1.0,0.0,0.03,255,253,0.99,0.01,0.0,0.0,0.0,0.0,0,100135.0
24,9,229,263,0,1,6,0.0,0.0,1.0,0.0,0.21,255,255,1.0,0.0,0.0,0.0,0.0,0.0,0,106739.0
20,9,334,0,0,1,2,0.0,0.0,1.0,0.0,0.0,4,46,1.0,0.0,0.15,0.0,0.0,0.0,1,94812.0
24,1,0,0,0,0,297,0.0,0.0,0.06,0.06,0.0,255,19,0.07,0.07,0.0,0.0,0.0,1.0,1,11715.0
24,9,296,1664,0,1,8,0.0,0.0,1.0,0.0,0.22,255,255,1.0,0.0,0.0,0.0,0.0,0.0,0,100413.0
60,5,0,0,0,0,228,1.0,1.0,0.06,0.05,0.0,255,14,0.05,0.05,0.0,1.0,1.0,0.0,1,24123.0
24,9,322,299,0,1,6,0.0,0.0,1.0,0.0,0.29,46,255,1.0,0.0,0.03,0.0,0.0,0.0,0,45086.0
52,9,597,325,0,1,1,0.0,0.0,1.0,0.0,1.0,255,180,0.71,0.03,0.0,0.01,0.01,0.0,0,40590.0
47,5,0,0,0,0,145,1.0,1.0,0.08,0.06,0.0,255,14,0.05,0.06,0.0,1.0,1.0,0.0,1,13915.0
47,5,0,0,0,0,37,1.0,1.0,0.14,0.16,0.0,255,11,0.04,0.08,0.0,1.0,1.0,0.0,1,74966.0
47,1,0,0,0,0,425,0.05,0.0,0.0,1.0,0.0,255,1,0.0,1.0,0.0,0.08,0.0,1.0,1,87842.0
52,7,1086,331,0,1,1,1.0,0.5,1.0,0.0,1.0,13,176,0.92,0.15,0.01,0.08,0.02,0.0,0,92954.0
24,9,193,1750,0,1,8,0.0,0.0,1.0,0.0,0.22,49,255,1.0,0.0,0.03,0.0,0.0,0.0,0,60581.0
31,5,0,0,0,0,249,1.0,1.0,0.01,0.07,0.0,255,2,0.01,0.08,0.0,1.0,1.0,0.0,1,26118.0
24,1,0,0,0,0,1,0.0,0.0,1.0,0.0,0.0,2,7,1.0,0.0,0.57,0.5,0.14,0.86,0,108257.0
35,5,0,0,0,0,105,1.0,1.0,0.16,0.05,0.0,255,17,0.07,0.05,0.0,1.0,1.0,0.0,1,52092.0
25,5,0,0,0,0,263,1.0,1.0,0.06,0.05,0.0,255,17,0.07,0.07,0.0,1.0,1.0,0.0,1,13079.0
10,5,0,0,0,0,111,1.0,1.0,0.09,0.07,0.0,255,10,0.04,0.07,0.0,1.0,1.0,0.0,1,69895.0
42,9,146,105,0,0,1,0.0,0.0,1.0,0.0,0.0,255,1,0.0,0.68,0.0,0.0,0.0,0.0,0,29833.0
57,5,0,0,0,0,300,1.0,1.0,0.07,0.06,0.0,255,20,0.08,0.07,0.0,1.0,1.0,0.0,1,71857.0
47,5,0,0,0,0,269,1.0,1.0,0.05,0.04,0.0,129,14,0.11,0.08,0.0,0.98,1.0,0.0,1,88568.0
60,5,0,0,0,0,101,1.0,1.0,0.01,0.06,0.0,255,14,0.05,0.07,0.0,1.0,1.0,0.0,1,102119.0
47,1,0,0,0,0,111,0.0,0.0,0.17,0.05,0.0,255,19,0.07,0.07,0.0,0.0,0.0,1.0,1,26128.0
19,5,0,0,0,0,137,1.0,1.0,0.15,0.04,0.0,255,6,0.02,0.05,0.0,1.0,1.0,0.0,1,51954.0
12,9,31,79,0,0,1,0.0,0.0,1.0,0.0,1.0,16,4,0.25,0.12,0.0,0.0,0.0,0.0,0,42588.0
15,9,1032,0,0,0,511,0.0,0.0,1.0,0.0,0.0,255,217,0.85,0.01,0.0,0.0,0.0,0.0,1,51520.0
12,9,111,38,0,0,1,0.0,0.0,1.0,0.0,0.0,20,19,0.95,0.1,0.0,0.0,0.0,0.0,0,91429.0
24,9,299,4210,0,1,10,0.0,0.0,1.0,0.0,0.0,116,255,1.0,0.0,0.05,0.0,0.0,0.0,0,100200.0
0,4,322,2794,0,1,8,0.0,0.0,0.12,0.25,0.0,143,21,0.15,0.02,0.0,0.0,0.0,0.71,0,7377.0
52,9,2511,332,0,1,1,0.0,0.0,1.0,0.0,1.0,51,96,0.51,0.08,0.02,0.0,0.0,0.0,0,19538.0
24,9,258,2329,0,1,4,0.0,0.0,1.0,0.0,0.0,6,255,1.0,0.0,0.01,0.0,0.0,0.0,0,106063.0
24,9,201,313,0,1,33,0.0,0.03,1.0,0.0,0.09,255,255,1.0,0.0,0.0,0.0,0.0,0.0,0,47246.0
24,1,0,0,0,0,1,0.0,0.0,1.0,0.0,1.0,1,255,1.0,0.0,0.18,0.0,0.01,0.99,0,37878.0
47,1,0,0,0,0,104,0.0,0.0,0.04,0.08,0.0,129,4,0.03,0.08,0.0,0.0,0.0,1.0,1,94616.0
12,9,45,151,0,0,26,0.0,0.0,1.0,0.0,0.03,255,255,1.0,0.0,0.0,0.0,0.0,0.0,0,10264.0
42,1,0,0,0,0,511,0.12,0.0,0.0,1.0,0.0,255,1,0.0,1.0,0.0,0.14,0.0,1.0,1,96336.0
52,9,1979,332,0,1,3,0.0,0.0,0.33,1.0,0.0,255,112,0.44,0.14,0.0,0.0,0.0,0.0,0,78531.0
12,9,46,46,0,0,168,0.0,0.0,1.0,0.0,0.0,255,255,1.0,0.0,0.0,0.0,0.0,0.0,0,52132.0
24,9,332,10907,0,1,1,0.0,0.0,1.0,0.0,0.0,2,255,1.0,0.0,0.07,0.0,0.0,0.0,0,74367.0
52,9,926,370,0,1,1,0.0,0.0,1.0,0.0,1.0,104,216,0.89,0.04,0.01,0.0,0.0,0.0,0,11029.0
47,5,0,0,0,0,218,1.0,1.0,0.06,0.06,0.0,255,10,0.04,0.07,0.0,1.0,1.0,0.0,1,6430.0
24,9,266,5854,0,1,10,0.0,0.0,1.0,0.0,0.0,41,255,1.0,0.0,0.02,0.0,0.0,0.0,0,91671.0
24,9,248,6038,0,1,7,0.0,0.0,1.0,0.0,0.0,19,255,1.0,0.0,0.05,0.0,0.0,0.0,0,60856.0
47,5,0,0,0,0,63,1.0,1.0,0.03,0.08,0.0,255,14,0.05,0.09,0.0,1.0,1.0,0.0,1,92515.0
60,5,0,0,0,0,244,1.0,1.0,0.08,0.06,0.0,255,1,0.0,0.08,0.0,1.0,1.0,0.0,1,62411.0
20,9,15377,0,0,1,4,0.0,0.0,1.0,0.0,0.2,126,44,0.23,0.03,0.05,0.0,0.0,0.0,0,1945.0
57,5,0,0,0,0,143,1.0,1.0,0.14,0.06,0.0,255,20,0.08,0.08,0.0,1.0,1.0,0.0,1,113345.0
24,9,353,779,0,1,3,0.0,0.0,1.0,0.0,0.11,255,255,1.0,0.0,0.0,0.0,0.0,0.0,0,124091.0
47,1,0,0,0,0,78,0.0,0.0,0.22,0.06,0.0,255,7,0.03,0.07,0.0,0.0,0.0,1.0,1,92711.0
24,9,287,8095,0,1,30,0.0,0.0,1.0,0.0,0.0,255,255,1.0,0.0,0.0,0.0,0.0,0.0,0,46120.0
20,9,16,0,0,0,1,0.0,0.0,1.0,0.0,0.0,255,19,0.07,0.01,0.0,0.78,0.0,0.0,0,36221.0
12,9,45,79,0,0,204,0.0,0.0,1.0,0.01,0.0,255,254,1.0,0.01,0.0,0.0,0.0,0.0,0,107260.0
47,1,0,0,0,0,142,0.0,0.0,0.1,0.06,0.0,217,14,0.06,0.06,0.0,0.0,0.0,1.0,1,64968.0
65,5,0,0,0,0,225,1.0,1.0,0.05,0.07,0.0,255,11,0.04,0.09,0.0,1.0,1.0,0.0,1,122829.0
20,9,491,0,0,0,1,0.0,0.0,1.0,0.0,0.0,30,66,0.07,0.07,0.03,0.0,0.0,0.0,0,115681.0
24,9,310,5082,0,1,1,0.0,0.0,1.0,0.0,0.0,9,255,1.0,0.0,0.04,0.0,0.0,0.0,0,54990.0
24,1,0,0,0,0,1,0.0,0.0,1.0,0.0,0.0,8,73,1.0,0.0,0.21,0.0,0.0,1.0,0,65858.0
15,9,1032,0,0,0,201,0.0,0.0,1.0,0.0,0.0,255,4,0.02,0.18,0.0,0.0,0.0,0.0,1,54754.0
24,9,360,189,0,1,12,0.0,0.0,1.0,0.0,0.0,66,66,1.0,0.0,0.0,0.0,0.0,0.0,0,93422.0
12,9,42,42,0,0,11,0.0,0.0,1.0,0.0,0.2,255,228,0.89,0.01,0.0,0.0,0.0,0.0,0,67094.0
47,5,0,0,0,0,300,1.0,1.0,0.02,0.06,0.0,255,2,0.01,0.07,0.0,1.0,1.0,0.0,1,15637.0
24,9,257,755,0,1,10,0.0,0.0,1.0,0.0,0.0,255,255,1.0,0.0,0.0,0.0,0.0,0.0,0,64702.0
20,9,2194619,0,0,1,1,0.0,0.0,1.0,0.0,0.0,183,79,0.37,0.04,0.03,0.0,0.0,0.0,0,55620.0
12,9,45,111,0,0,199,0.0,0.0,1.0,0.0,0.01,255,253,0.99,0.01,0.0,0.0,0.0,0.0,0,110816.0
47,9,105,146,0,0,2,0.0,0.0,1.0,0.0,0.0,255,231,0.91,0.01,0.0,0.0,0.0,0.0,0,37938.0
24,9,275,2139,0,1,18,0.0,0.0,1.0,0.0,0.0,18,255,1.0,0.0,0.04,0.0,0.0,0.0,0,77355.0
24,9,206,6678,0,1,4,0.0,0.0,1.0,0.0,0.22,4,255,1.0,0.0,0.02,0.0,0.0,0.0,0,107430.0
27,5,0,0,0,0,243,1.0,1.0,0.06,0.07,0.0,255,15,0.06,0.07,0.0,1.0,1.0,0.0,1,18659.0
24,9,197,1128,0,1,11,0.0,0.0,1.0,0.0,0.0,23,255,1.0,0.0,0.05,0.0,0.0,0.0,0,66214.0
47,5,0,0,0,0,188,1.0,1.0,0.05,0.06,0.0,255,18,0.07,0.06,0.0,1.0,1.0,0.0,1,85330.0
15,9,1032,0,0,0,510,0.0,0.0,1.0,0.0,0.0,255,72,0.28,0.15,0.0,0.0,0.0,0.0,1,99297.0
14,9,18,0,0,0,1,0.0,0.0,1.0,0.0,0.0,2,98,1.0,0.0,0.26,0.0,0.0,0.0,1,114589.0
24,9,317,370,0,1,9,0.0,0.0,1.0,0.0,0.0,69,255,1.0,0.0,0.04,0.0,0.0,0.0,0,19918.0
12,9,42,42,0,0,8,0.0,0.0,1.0,0.0,0.29,255,255,1.0,0.0,0.0,0.0,0.0,0.0,0,2999.0
32,5,0,0,0,0,133,1.0,1.0,0.11,0.06,0.0,255,4,0.02,0.07,0.0,1.0,1.0,0.0,1,11422.0
12,9,46,46,0,0,221,0.0,0.0,1.0,0.0,0.0,255,255,1.0,0.0,0.0,0.0,0.0,0.0,0,52804.0
18,5,0,0,0,0,195,1.0,1.0,0.06,0.07,0.0,255,12,0.05,0.08,0.0,1.0,1.0,0.0,1,110993.0
24,9,300,1380,0,1,19,0.0,0.0,0.05,0.11,0.0,255,228,0.89,0.01,0.0,0.0,0.0,0.0,0,29123.0
18,9,8,136,0,0,1,0.0,0.0,1.0,0.0,0.0,121,9,0.04,0.04,0.22,0.0,0.0,0.0,0,74776.0
24,9,371,1711,0,1,8,0.0,0.0,1.0,0.0,0.2,255,255,1.0,0.0,0.0,0.0,0.0,0.0,0,90572.0
47,5,0,0,0,0,223,1.0,1.0,0.04,0.07,0.0,255,9,0.04,0.05,0.0,1.0,1.0,0.0,1,192.0
42,9,516,4,0,0,236,0.0,0.0,1.0,0.0,0.0,236,236,1.0,0.0,0.0,0.0,0.0,0.0,0,23881.0
47,1,0,0,0,0,160,0.0,0.0,0.09,0.06,0.0,255,15,0.06,0.07,0.0,0.0,0.0,1.0,1,82628.0
54,1,0,0,0,0,266,0.0,0.0,0.08,0.06,0.0,255,20,0.08,0.07,0.0,0.0,0.0,1.0,1,114450.0
24,9,206,771,0,1,14,0.0,0.0,1.0,0.0,0.14,255,255,1.0,0.0,0.0,0.0,0.0,0.0,0,22870.0
58,5,0,0,0,0,35,1.0,1.0,0.31,0.09,0.0,255,71,0.28,0.02,0.0,1.0,1.0,0.0,1,104268.0
24,9,228,593,0,1,8,0.0,0.0,1.0,0.0,0.0,85,255,1.0,0.0,0.01,0.0,0.0,0.0,0,99124.0
24,9,54540,8314,0,1,3,0.0,0.0,1.0,0.0,0.0,102,102,1.0,0.0,0.0,0.0,0.0,0.01,1,29931.0
24,9,289,4452,0,1,3,0.0,0.0,1.0,0.0,0.0,249,255,1.0,0.0,0.01,0.0,0.0,0.0,0,105371.0
42,9,516,4,0,0,124,0.0,0.0,1.0,0.0,0.0,124,124,1.0,0.0,0.0,0.0,0.0,0.0,0,29980.0
15,9,1032,0,0,0,110,0.0,0.0,1.0,0.0,0.0,255,110,0.43,0.02,0.0,0.0,0.0,0.0,1,112835.0
13,2,0,0,0,0,125,0.0,0.0,0.14,0.06,0.0,255,18,0.07,0.07,0.0,0.0,0.0,1.0,1,73883.0
47,4,1,0,0,0,2,0.0,0.0,1.0,0.0,0.0,255,2,0.01,0.51,0.0,0.0,0.0,1.0,1,18128.0
20,9,1376,0,0,0,1,0.0,0.0,1.0,0.0,0.0,255,5,0.02,0.01,0.0,0.0,0.0,0.0,0,50112.0
24,9,310,654,0,1,29,0.0,0.0,1.0,0.0,0.0,29,255,1.0,0.0,0.02,0.0,0.0,0.0,0,71306.0
24,9,230,1273,0,1,22,0.0,0.0,1.0,0.0,0.0,22,255,1.0,0.0,0.05,0.0,0.0,0.0,0,85139.0
47,5,0,0,0,0,292,1.0,1.0,0.04,0.05,0.0,255,8,0.03,0.07,0.0,1.0,1.0,0.0,1,45199.0
4,5,0,0,0,0,135,1.0,1.0,0.15,0.06,0.0,255,19,0.07,0.07,0.0,1.0,1.0,0.0,1,113965.0
5,5,0,0,0,0,253,1.0,1.0,0.01,0.06,0.0,255,3,0.01,0.07,0.0,1.0,1.0,0.0,1,82459.0
47,5,0,0,0,0,146,1.0,1.0,0.14,0.05,0.0,255,11,0.04,0.08,0.0,1.0,1.0,0.0,1,118335.0
47,1,0,0,0,0,266,0.03,0.0,0.0,1.0,0.0,255,1,0.0,0.97,0.0,0.04,0.0,1.0,1,89939.0
24,9,296,1295,0,1,2,0.0,0.0,1.0,0.0,0.0,238,255,1.0,0.0,0.01,0.01,0.01,0.0,0,18215.0
66,5,0,0,0,0,277,1.0,1.0,0.02,0.06,0.0,255,7,0.03,0.06,0.0,1.0,1.0,0.0,1,26115.0
24,9,173,413,0,1,18,0.0,0.0,1.0,0.0,0.11,47,255,1.0,0.0,0.02,0.0,0.0,0.0,0,90069.0
34,5,0,0,0,0,127,1.0,1.0,0.06,0.06,0.0,255,14,0.05,0.07,0.0,1.0,1.0,0.0,1,17383.0
57,5,0,0,0,0,271,1.0,1.0,0.05,0.07,0.0,255,8,0.03,0.08,0.0,1.0,1.0,0.0,1,27548.0
45,9,52,1066,0,1,1,0.0,0.0,1.0,0.0,0.0,105,5,0.03,0.09,0.4,0.01,0.0,0.0,0,16218.0
47,5,0,0,0,0,260,1.0,1.0,0.05,0.06,0.0,255,13,0.05,0.06,0.0,1.0,1.0,0.0,1,60468.0
19,9,339,1072,0,1,1,0.0,0.0,1.0,0.0,0.0,255,61,0.24,0.02,0.0,0.0,0.0,0.1,0,7051.0
24,9,54540,8314,0,1,3,0.0,0.0,1.0,0.0,0.0,91,91,1.0,0.0,0.0,0.01,0.01,0.01,1,15048.0
24,9,337,1084,0,1,1,0.0,0.0,1.0,0.0,0.0,7,255,1.0,0.0,0.09,0.0,0.0,0.0,0,8668.0
24,9,206,471,0,1,11,0.0,0.0,1.0,0.0,0.0,38,255,1.0,0.0,0.02,0.0,0.0,0.0,0,79892.0
47,9,28,0,3,0,72,0.0,0.0,1.0,0.0,0.0,255,72,0.28,0.64,0.0,0.01,0.0,0.0,1,53375.0
24,9,228,2502,0,1,15,0.0,0.0,1.0,0.0,0.12,255,255,1.0,0.0,0.0,0.0,0.0,0.0,0,57123.0
24,9,185,947,0,1,1,0.0,0.0,1.0,0.0,1.0,1,255,1.0,0.0,0.04,0.0,0.0,0.0,0,78192.0
10,5,0,0,0,0,261,1.0,1.0,0.02,0.07,0.0,255,6,0.02,0.07,0.0,1.0,1.0,0.0,1,41869.0
14,9,8,0,0,0,1,0.0,0.0,1.0,0.0,1.0,1,45,1.0,0.0,0.51,0.0,0.0,0.0,1,5445.0
24,9,251,13335,0,1,15,0.0,0.0,1.0,0.0,0.22,255,255,1.0,0.0,0.0,0.0,0.0,0.0,0,92493.0
20,9,5135678,0,0,1,1,0.0,0.0,1.0,0.0,0.0,1,1,1.0,0.0,0.0,0.0,0.0,0.0,1,10569.0
47,1,0,0,0,0,100,0.0,0.0,0.07,0.07,0.0,255,7,0.03,0.06,0.0,0.0,0.0,1.0,1,17041.0
4,5,0,0,0,0,281,1.0,1.0,0.04,0.06,0.0,255,12,0.05,0.07,0.0,1.0,1.0,0.0,1,87870.0
45,9,38,130,0,1,1,0.0,0.0,1.0,0.0,0.0,88,5,0.02,0.1,0.4,0.01,0.0,0.0,0,10305.0
24,1,0,0,0,0,1,0.0,0.0,1.0,0.0,0.0,8,230,1.0,0.0,0.11,0.0,0.0,1.0,0,94512.0
47,9,28,0,3,0,97,0.0,0.0,1.0,0.0,0.0,255,97,0.38,0.61,0.0,0.0,0.0,0.0,1,17095.0
24,9,197,5790,0,1,23,0.0,0.0,1.0,0.0,0.0,255,255,1.0,0.0,0.0,0.0,0.0,0.0,0,32535.0
24,9,248,1819,0,1,20,0.0,0.0,1.0,0.0,0.1,255,255,1.0,0.0,0.0,0.0,0.0,0.0,0,103423.0
42,9,192,0,0,1,1,0.0,0.0,1.0,0.0,0.0,71,1,0.01,0.11,0.0,0.01,0.0,0.0,0,81690.0
47,5,0,0,0,0,127,1.0,1.0,0.13,0.06,0.0,129,17,0.13,0.07,0.0,1.0,1.0,0.0,1,33671.0
52,9,886,330,0,1,1,0.0,0.0,1.0,0.0,0.0,48,39,0.81,0.1,0.0,0.0,0.0,0.0,0,94498.0
12,9,45,85,0,0,4,0.0,0.0,1.0,0.0,0.0,255,253,0.99,0.01,0.0,0.0,0.0,0.0,0,113230.0
64,5,0,0,0,0,258,1.0,1.0,0.04,0.06,0.0,255,10,0.04,0.07,0.0,1.0,1.0,0.0,1,120973.0
24,9,330,2155,0,1,10,0.0,0.0,1.0,0.0,0.0,168,255,1.0,0.0,0.02,0.0,0.0,0.0,0,52972.0
14,9,8,0,0,0,1,0.0,0.0,1.0,0.0,1.0,1,53,1.0,0.0,0.51,0.0,0.0,0.0,1,118596.0
47,1,0,0,0,0,336,0.03,0.0,0.0,1.0,0.0,255,1,0.0,1.0,0.0,0.03,0.0,1.0,1,68040.0
24,9,335,285,0,1,1,0.0,0.0,1.0,0.0,0.0,255,252,0.99,0.01,0.0,0.0,0.0,0.0,0,41381.0
20,9,8173,0,0,1,15,0.0,0.0,1.0,0.0,0.0,255,97,0.38,0.03,0.0,0.0,0.0,0.0,0,83245.0
15,9,520,0,0,0,236,0.0,0.0,1.0,0.0,0.0,255,255,1.0,0.0,0.0,0.0,0.0,0.0,1,51555.0
2,5,0,0,0,0,299,1.0,1.0,0.08,0.05,0.0,255,24,0.09,0.05,0.0,1.0,1.0,0.0,1,118863.0
24,9,388,349,0,1,15,0.0,0.0,1.0,0.0,0.0,204,255,1.0,0.0,0.02,0.0,0.0,0.0,0,68308.0
4,5,0,0,0,0,291,1.0,1.0,0.05,0.05,0.0,255,10,0.04,0.07,0.0,1.0,1.0,0.0,1,72453.0
7,5,0,0,0,0,198,1.0,1.0,0.03,0.08,0.0,255,5,0.02,0.08,0.0,1.0,1.0,0.0,1,54917.0
12,9,46,132,0,0,23,0.0,0.0,1.0,0.0,0.02,255,181,0.71,0.01,0.0,0.0,0.0,0.0,0,4963.0
47,9,28,0,3,0,23,0.0,0.0,1.0,0.0,0.0,226,23,0.1,0.05,0.0,0.02,0.0,0.0,1,15572.0
12,9,43,43,0,0,127,0.0,0.0,1.0,0.0,0.0,255,255,1.0,0.0,0.0,0.0,0.0,0.0,0,80976.0
56,5,0,0,0,0,4,1.0,1.0,0.25,1.0,0.0,255,2,0.01,0.09,0.0,1.0,1.0,0.0,1,95286.0
24,9,242,5559,0,1,12,0.0,0.0,1.0,0.0,0.0,44,255,1.0,0.0,0.05,0.0,0.0,0.0,0,101301.0
47,5,0,0,0,0,223,1.0,1.0,0.05,0.07,0.0,255,7,0.03,0.06,0.0,1.0,1.0,0.0,1,12103.0
24,9,332,1196,0,1,21,0.0,0.0,1.0,0.0,0.0,255,255,1.0,0.0,0.0,0.01,0.01,0.0,0,53895.0
20,9,16787,0,0,1,11,0.0,0.0,1.0,0.0,0.0,162,101,0.62,0.03,0.0,0.0,0.0,0.0,0,19438.0
24,9,319,770,0,1,12,0.0,0.0,1.0,0.0,0.0,61,255,1.0,0.0,0.01,0.0,0.0,0.0,0,10567.0
24,1,0,0,0,0,1,0.0,0.0,1.0,0.0,0.0,15,223,1.0,0.0,0.15,0.0,0.0,0.95,0,69670.0
20,5,0,0,0,0,26,1.0,1.0,0.23,0.15,0.0,255,65,0.25,0.02,0.0,1.0,1.0,0.0,1,15088.0
24,9,316,2412,0,1,9,0.0,0.0,1.0,0.0,0.2,255,255,1.0,0.0,0.0,0.0,0.0,0.0,0,39526.0
18,9,8,0,0,0,1,0.0,0.0,1.0,0.0,0.0,39,5,0.03,0.1,0.4,0.0,0.0,0.0,0,15308.0
14,9,8,0,0,0,1,0.0,0.0,1.0,0.0,1.0,4,188,1.0,0.0,0.25,0.0,0.0,0.0,1,100327.0
37,1,0,0,0,0,253,0.0,0.0,0.01,0.07,0.0,255,2,0.01,0.08,0.0,0.0,0.0,1.0,1,97548.0
47,5,0,0,0,0,120,1.0,1.0,0.1,0.08,0.0,255,12,0.05,0.06,0.0,1.0,1.0,0.0,1,20045.0
20,9,88382,0,0,1,15,0.0,0.0,1.0,0.0,0.12,255,101,0.4,0.02,0.0,0.0,0.0,0.0,0,104401.0
24,9,307,334,0,1,10,0.0,0.0,1.0,0.0,0.26,255,255,1.0,0.0,0.0,0.0,0.0,0.0,0,111631.0
47,5,0,0,0,0,111,1.0,1.0,0.08,0.07,0.0,255,9,0.04,0.09,0.0,1.0,1.0,0.0,1,47767.0
15,9,1032,0,0,0,511,0.0,0.0,1.0,0.0,0.0,255,226,0.89,0.07,0.0,0.0,0.0,0.0,1,35675.0
24,9,325,1126,0,1,28,0.0,0.0,1.0,0.0,0.1,255,255,1.0,0.0,0.0,0.0,0.0,0.0,0,48252.0
24,9,315,313,0,1,8,0.0,0.0,1.0,0.0,0.22,255,255,1.0,0.0,0.0,0.0,0.0,0.02,0,89564.0
24,5,0,0,0,0,16,1.0,1.0,0.12,0.19,0.0,255,56,0.22,0.04,0.0,1.0,1.0,0.0,1,59988.0
47,1,0,0,0,0,201,0.0,0.0,0.03,0.06,0.0,255,7,0.03,0.07,0.0,0.0,0.0,1.0,1,45356.0
27,1,0,0,0,0,2,0.0,0.0,0.5,1.0,0.0,255,1,0.0,0.75,0.0,0.0,0.0,1.0,1,46747.0
12,9,43,70,0,0,202,0.0,0.0,1.0,0.01,0.0,255,254,1.0,0.01,0.0,0.0,0.0,0.0,0,121958.0
15,9,1032,0,0,0,511,0.0,0.0,1.0,0.0,0.0,255,59,0.23,0.2,0.0,0.0,0.0,0.0,1,58374.0
14,9,8,0,0,0,1,0.0,0.0,1.0,0.0,1.0,1,31,1.0,0.0,0.52,0.0,0.0,0.0,1,117945.0
47,1,0,0,0,0,127,0.0,0.0,0.02,0.07,0.0,255,2,0.01,0.07,0.0,0.0,0.0,1.0,1,55382.0
24,9,321,1268,0,1,4,0.0,0.0,1.0,0.0,0.0,4,255,1.0,0.0,0.04,0.0,0.0,0.0,0,15238.0
47,5,0,0,0,0,131,1.0,1.0,0.15,0.05,0.0,255,9,0.04,0.07,0.0,1.0,1.0,0.0,1,92786.0
52,9,2484,438,0,1,1,0.0,0.0,1.0,0.0,1.0,255,35,0.14,0.06,0.0,0.0,0.0,0.0,0,96112.0
47,1,0,0,0,0,36,0.17,0.0,0.03,1.0,0.0,255,1,0.0,0.47,0.0,0.02,0.0,1.0,1,317.0
19,9,268,903,0,1,1,0.0,0.0,1.0,0.0,0.0,237,62,0.26,0.3,0.0,0.0,0.0,0.02,0,117003.0
52,9,632,328,0,1,1,0.0,0.0,1.0,0.0,0.0,74,241,0.97,0.03,0.01,0.0,0.0,0.0,0,46997.0
21,5,0,0,0,0,269,1.0,1.0,0.09,0.05,0.0,255,23,0.09,0.05,0.0,1.0,1.0,0.0,1,90358.0
24,9,327,788,0,1,5,0.0,0.0,1.0,0.0,0.0,255,255,1.0,0.0,0.0,0.0,0.0,0.0,0,13699.0
24,1,0,0,0,0,1,0.0,0.0,1.0,0.0,0.0,16,239,1.0,0.0,0.12,0.0,0.0,1.0,0,44517.0
24,9,213,2089,0,1,8,0.0,0.0,1.0,0.0,0.15,8,255,1.0,0.0,0.03,0.0,0.0,0.0,0,50960.0
24,9,219,1875,0,1,2,0.0,0.0,1.0,0.0,0.67,255,255,1.0,0.0,0.0,0.0,0.0,0.0,0,32558.0
15,9,1032,0,0,0,511,0.0,0.0,1.0,0.0,0.0,255,190,0.75,0.02,0.0,0.0,0.0,0.0,1,88903.0
24,9,227,295,0,1,2,0.0,0.0,1.0,0.0,0.0,108,255,1.0,0.0,0.02,0.0,0.0,0.0,0,26587.0
47,9,215,0,0,0,1,0.0,0.0,1.0,0.0,0.0,89,73,0.82,0.02,0.0,0.0,0.0,0.0,1,120450.0
52,9,1127,326,0,1,1,0.0,0.0,1.0,0.0,1.0,234,174,0.71,0.03,0.01,0.0,0.0,0.0,0,72289.0
15,9,1032,0,0,0,82,0.0,0.0,1.0,0.0,0.0,255,255,1.0,0.0,0.0,0.0,0.0,0.0,1,105981.0
24,9,214,6513,0,1,5,0.0,0.0,1.0,0.0,0.0,33,255,1.0,0.0,0.03,0.0,0.0,0.0,0,110153.0
47,5,0,0,0,0,28,1.0,1.0,0.07,0.11,0.0,255,15,0.06,0.07,0.0,1.0,1.0,0.0,1,73424.0
24,9,210,3535,0,1,64,0.0,0.0,1.0,0.0,0.03,150,255,1.0,0.0,0.02,0.0,0.0,0.0,0,43357.0
13,5,0,0,0,0,137,1.0,1.0,0.14,0.05,0.0,255,19,0.07,0.07,0.0,1.0,1.0,0.0,1,26826.0
7,5,0,0,0,0,268,1.0,1.0,0.01,0.06,0.0,255,4,0.02,0.06,0.0,1.0,1.0,0.0,1,6240.0
2,5,0,0,0,0,182,1.0,1.0,0.04,0.08,0.0,255,4,0.02,0.07,0.0,1.0,1.0,0.0,1,22494.0
24,9,223,636,0,1,2,0.0,0.0,1.0,0.0,0.67,66,255,1.0,0.0,0.01,0.0,0.01,0.0,0,37936.0
24,9,205,882,0,1,19,0.0,0.0,1.0,0.0,0.0,221,255,1.0,0.0,0.01,0.0,0.0,0.0,0,48420.0
24,9,259,1453,0,1,3,0.33,0.33,1.0,0.0,0.0,255,255,1.0,0.0,0.0,0.0,0.0,0.0,0,55300.0
47,5,0,0,0,0,147,1.0,1.0,0.13,0.06,0.0,255,7,0.03,0.07,0.0,1.0,1.0,0.0,1,66225.0
47,1,0,0,0,0,2,0.0,0.0,0.5,1.0,0.0,255,1,0.0,0.15,0.0,0.46,0.0,1.0,1,4542.0
52,9,1712,406,0,1,1,0.0,0.0,1.0,0.0,1.0,78,135,0.36,0.04,0.01,0.0,0.0,0.0,0,69458.0
39,5,0,0,0,0,99,1.0,1.0,0.06,0.07,0.0,206,6,0.03,0.07,0.0,1.0,1.0,0.0,1,61778.0
47,5,0,0,0,0,117,1.0,1.0,0.05,0.06,0.0,255,14,0.05,0.06,0.0,1.0,1.0,0.0,1,17420.0
15,9,520,0,0,0,382,0.0,0.0,1.0,0.0,0.0,255,255,1.0,0.0,0.0,0.0,0.0,0.0,1,25818.0
12,9,45,72,0,0,186,0.0,0.0,1.0,0.0,0.0,255,255,1.0,0.0,0.0,0.0,0.0,0.0,0,37748.0
24,9,214,293,0,1,2,0.5,0.5,1.0,0.0,0.0,53,255,1.0,0.0,0.05,0.02,0.0,0.0,0,90997.0
24,9,205,5905,0,1,41,0.0,0.0,1.0,0.0,0.0,255,255,1.0,0.0,0.0,0.0,0.0,0.31,0,38125.0
19,9,1227,2451,0,1,1,0.0,0.0,1.0,0.0,0.0,255,113,0.44,0.02,0.0,0.0,0.0,0.0,1,114079.0
24,9,243,722,0,1,14,0.0,0.0,1.0,0.0,0.13,255,255,1.0,0.0,0.0,0.0,0.0,0.0,0,94125.0
24,9,226,2431,0,1,14,0.0,0.0,1.0,0.0,0.0,87,255,1.0,0.0,0.02,0.0,0.0,0.0,0,16523.0
47,1,0,0,0,0,94,0.0,0.0,0.02,0.07,0.0,255,2,0.01,0.08,0.0,0.0,0.0,1.0,1,116189.0
12,9,46,46,0,0,88,0.0,0.0,1.0,0.0,0.01,255,254,1.0,0.01,0.0,0.0,0.0,0.0,0,49568.0
24,9,192,315,0,1,2,0.0,0.0,1.0,0.0,0.67,255,255,1.0,0.0,0.0,0.0,0.0,0.0,0,68224.0
24,9,54540,8314,0,1,4,0.0,0.0,1.0,0.0,0.0,187,187,1.0,0.0,0.0,0.0,0.0,0.05,1,94629.0
52,9,885,331,0,1,1,0.0,0.0,1.0,0.0,1.0,99,162,0.4,0.05,0.02,0.0,0.0,0.0,0,41457.0
17,5,0,0,0,0,138,1.0,1.0,0.07,0.06,0.0,255,17,0.07,0.07,0.0,1.0,1.0,0.0,1,82683.0
24,9,224,3008,0,1,2,0.0,0.0,1.0,0.0,0.0,114,255,1.0,0.0,0.04,0.0,0.0,0.0,0,34035.0
47,9,105,145,0,0,1,0.0,0.0,1.0,0.0,0.0,32,24,0.75,0.09,0.0,0.0,0.0,0.0,0,114699.0
47,5,0,0,0,0,289,1.0,1.0,0.07,0.04,0.0,247,20,0.08,0.06,0.0,0.99,1.0,0.0,1,74905.0
19,9,1495,4152,0,1,1,0.0,0.0,1.0,0.0,0.0,47,17,0.36,0.09,0.0,0.0,0.0,0.0,0,92715.0
47,5,0,0,0,0,244,1.0,1.0,0.07,0.06,0.0,255,11,0.04,0.08,0.0,1.0,1.0,0.0,1,25318.0
20,9,10272,0,0,1,10,0.0,0.0,1.0,0.0,0.0,255,86,0.34,0.02,0.0,0.0,0.0,0.0,0,39484.0
58,5,0,0,0,0,28,1.0,1.0,0.29,0.07,0.0,50,12,0.2,0.06,0.17,0.96,0.67,0.0,1,63205.0
47,9,105,147,0,0,8,0.0,0.0,0.12,0.25,0.0,255,204,0.8,0.01,0.0,0.0,0.0,0.0,0,6867.0
24,9,228,274,0,1,7,0.0,0.0,1.0,0.0,0.15,255,255,1.0,0.0,0.0,0.01,0.01,0.02,0,83294.0
24,5,0,0,0,0,15,1.0,1.0,0.33,0.27,0.0,255,60,0.24,0.04,0.0,1.0,1.0,0.0,1,46861.0
19,9,1224,2451,0,1,1,0.0,0.0,1.0,0.0,0.0,255,90,0.35,0.02,0.0,0.0,0.0,0.0,1,37213.0
52,9,2374,406,0,1,1,0.0,0.0,1.0,0.0,1.0,80,151,0.57,0.04,0.01,0.0,0.0,0.0,0,74997.0
20,9,2194619,0,0,1,1,0.0,0.0,1.0,0.0,0.0,255,130,0.51,0.02,0.0,0.0,0.0,0.0,0,27288.0
42,5,0,0,0,0,160,1.0,1.0,0.12,0.06,0.0,255,19,0.07,0.06,0.0,1.0,1.0,0.0,1,39875.0
47,5,0,0,0,0,272,1.0,1.0,0.07,0.05,0.0,255,18,0.07,0.05,0.0,1.0,1.0,0.0,1,45064.0
52,9,1615,329,0,1,1,0.0,0.0,1.0,0.0,1.0,133,89,0.62,0.06,0.02,0.0,0.0,0.0,0,70252.0
11,5,0,0,0,0,243,1.0,1.0,0.02,0.06,0.0,255,4,0.02,0.08,0.0,1.0,1.0,0.0,1,47929.0
24,9,281,13149,0,1,13,0.0,0.0,1.0,0.0,0.0,147,255,1.0,0.0,0.03,0.0,0.0,0.0,0,122424.0
24,9,182,3071,0,1,1,0.0,0.0,1.0,0.0,0.0,3,255,1.0,0.0,0.07,0.0,0.0,0.0,0,39441.0
52,9,1485,385,0,1,1,0.0,0.0,1.0,0.0,0.0,255,21,0.08,0.09,0.0,0.81,0.0,0.0,0,109180.0
47,5,0,0,0,0,294,1.0,1.0,0.04,0.05,0.0,255,4,0.02,0.08,0.0,1.0,1.0,0.0,1,100234.0
65,5,0,0,0,0,133,1.0,1.0,0.17,0.05,0.0,255,22,0.09,0.05,0.0,1.0,1.0,0.0,1,52627.0
4,1,0,0,0,0,247,0.0,0.0,0.04,0.07,0.0,255,9,0.04,0.07,0.0,0.0,0.0,1.0,1,14413.0
24,9,259,32967,0,1,1,0.0,0.0,1.0,0.0,0.0,255,255,1.0,0.0,0.0,0.0,0.0,0.0,0,86563.0
24,9,255,1659,0,1,3,0.0,0.0,1.0,0.0,0.67,3,255,1.0,0.0,0.02,0.0,0.0,0.0,0,103848.0
0,4,858,5503,0,1,13,0.0,0.0,0.46,0.15,0.0,148,26,0.18,0.02,0.0,0.0,0.0,0.73,0,8804.0
47,5,0,0,0,0,229,1.0,1.0,0.0,0.06,0.0,255,1,0.0,0.05,0.0,1.0,1.0,0.0,1,28960.0
24,9,253,13838,0,1,1,0.0,0.0,1.0,0.0,0.0,8,255,1.0,0.0,0.04,0.0,0.0,0.0,0,56928.0
24,9,321,11892,0,1,30,0.0,0.0,1.0,0.0,0.06,255,255,1.0,0.0,0.0,0.0,0.0,0.0,0,50868.0
28,1,0,0,0,0,148,0.0,0.0,0.13,0.05,0.0,255,19,0.07,0.06,0.0,0.0,0.0,1.0,1,5223.0
52,9,726,339,0,1,2,0.0,0.0,1.0,0.0,0.0,167,155,0.84,0.03,0.01,0.0,0.0,0.0,0,23788.0
19,9,1194,2449,0,1,1,0.0,0.0,1.0,0.0,0.0,113,11,0.1,0.05,0.0,0.02,0.0,0.0,1,79035.0
20,9,209,0,0,1,2,0.0,0.0,1.0,0.0,0.0,5,106,0.8,0.4,0.02,0.0,0.0,0.0,0,41979.0
16,1,0,0,0,0,130,0.0,0.0,0.03,0.06,0.0,255,4,0.02,0.07,0.0,0.0,0.0,1.0,1,93585.0
24,9,202,14074,0,1,1,0.0,0.0,1.0,0.0,0.67,255,255,1.0,0.0,0.0,0.01,0.01,0.0,0,76622.0
24,9,220,912,0,1,21,0.0,0.0,1.0,0.0,0.06,21,255,1.0,0.0,0.02,0.0,0.0,0.01,0,116446.0
47,1,0,0,0,0,80,0.0,0.0,0.1,0.08,0.0,255,8,0.03,0.06,0.0,0.0,0.0,1.0,1,101847.0
24,9,318,495,0,1,4,0.0,0.0,1.0,0.0,0.0,255,255,1.0,0.0,0.0,0.0,0.0,0.0,0,1243.0
27,5,0,0,0,0,169,1.0,1.0,0.04,0.07,0.0,255,6,0.02,0.07,0.0,1.0,1.0,0.0,1,38697.0
12,9,46,72,0,0,213,0.0,0.0,1.0,0.01,0.0,255,239,0.94,0.02,0.0,0.0,0.0,0.0,0,97063.0
15,9,1032,0,0,0,509,0.0,0.0,1.0,0.0,0.0,255,203,0.8,0.13,0.0,0.0,0.0,0.0,1,25560.0
39,5,0,0,0,0,12,1.0,1.0,0.33,0.33,0.0,255,4,0.02,0.09,0.0,1.0,1.0,0.0,1,17683.0
24,5,0,0,0,0,20,0.95,1.0,0.95,0.1,0.0,255,57,0.22,0.04,0.0,1.0,1.0,0.0,1,22274.0
52,9,1391,431,0,1,1,0.0,0.0,1.0,0.0,0.0,18,153,0.94,0.11,0.02,0.06,0.0,0.0,0,95380.0
12,9,44,129,0,0,80,0.0,0.0,1.0,0.0,0.01,255,255,1.0,0.0,0.0,0.0,0.0,0.0,0,41410.0
24,1,0,0,0,0,1,0.0,0.0,1.0,0.0,1.0,16,253,1.0,0.0,0.15,0.0,0.0,1.0,0,64705.0
63,5,0,0,0,0,100,1.0,1.0,0.19,0.06,0.0,255,19,0.07,0.06,0.0,1.0,1.0,0.0,1,10631.0
20,5,0,0,0,0,50,1.0,1.0,0.22,0.08,0.0,255,43,0.17,0.04,0.0,1.0,1.0,0.0,1,95200.0
2,1,0,0,0,0,228,0.0,0.0,0.03,0.07,0.0,255,6,0.02,0.07,0.0,0.0,0.0,1.0,1,54410.0
24,9,199,1286,0,1,40,0.0,0.0,1.0,0.0,0.0,255,255,1.0,0.0,0.0,0.0,0.0,0.0,0,83208.0
14,9,8,0,0,0,1,0.0,0.0,1.0,0.0,1.0,2,94,1.0,0.0,0.5,0.0,0.0,0.0,1,80614.0
15,9,1032,0,0,0,511,0.0,0.0,1.0,0.0,0.0,255,139,0.55,0.02,0.0,0.01,0.0,0.0,1,104168.0
24,9,223,1527,0,1,2,0.0,0.0,1.0,0.0,0.5,185,255,1.0,0.0,0.01,0.0,0.0,0.0,0,72193.0
24,9,299,1856,0,1,32,0.0,0.0,1.0,0.0,0.06,255,255,1.0,0.0,0.0,0.0,0.0,0.0,0,125421.0
24,9,205,11277,0,1,15,0.0,0.0,1.0,0.0,0.12,255,255,1.0,0.0,0.0,0.0,0.0,0.0,0,110996.0
52,5,0,0,0,0,142,1.0,0.94,0.11,0.06,0.12,255,6,0.02,0.06,0.0,1.0,1.0,0.0,1,100968.0
47,5,0,0,0,0,142,1.0,1.0,0.02,0.06,0.0,92,3,0.03,0.08,0.0,1.0,1.0,0.0,1,34018.0
47,1,0,0,0,0,296,0.0,0.0,0.05,0.05,0.0,255,14,0.05,0.08,0.0,0.0,0.0,1.0,1,105701.0
24,9,311,1115,0,1,24,0.0,0.0,1.0,0.0,0.08,255,255,1.0,0.0,0.0,0.0,0.0,0.0,0,6916.0
24,9,299,291,0,1,2,0.0,0.0,1.0,0.0,0.0,38,255,1.0,0.0,0.02,0.0,0.02,0.0,0,782.0
24,9,216,469,0,1,6,0.0,0.0,1.0,0.0,0.0,18,255,1.0,0.0,0.02,0.0,0.0,0.0,0,81577.0
24,9,344,2839,0,1,11,0.0,0.0,1.0,0.0,0.0,208,255,1.0,0.0,0.02,0.01,0.01,0.0,0,28499.0
36,5,0,0,0,0,11,1.0,1.0,0.55,0.27,0.0,255,6,0.02,0.08,0.0,1.0,1.0,0.0,1,32930.0
26,1,0,0,0,0,247,0.0,0.0,0.08,0.06,0.0,255,20,0.08,0.07,0.0,0.0,0.0,1.0,1,30678.0
24,9,264,3364,0,1,1,0.0,0.0,1.0,0.0,1.0,158,255,1.0,0.0,0.02,0.0,0.0,0.0,0,53681.0
26,5,0,0,0,0,258,1.0,1.0,0.0,0.07,0.0,255,1,0.0,0.08,0.0,1.0,1.0,0.0,1,74213.0
24,9,217,10622,0,1,1,0.0,0.0,1.0,0.0,0.12,162,255,1.0,0.0,0.01,0.0,0.0,0.0,0,41339.0
6,1,0,0,0,0,113,0.0,0.0,0.12,0.06,0.0,255,13,0.05,0.05,0.0,0.0,0.0,1.0,1,29508.0
64,5,0,0,0,0,10,1.0,1.0,0.3,0.5,0.0,255,3,0.01,0.08,0.0,1.0,1.0,0.0,1,23316.0
20,9,960,0,0,1,2,0.0,0.0,1.0,0.0,0.0,176,72,0.27,0.05,0.03,0.0,0.0,0.0,0,83231.0
47,1,0,0,0,0,2,0.0,0.0,0.5,1.0,0.0,255,1,0.0,0.37,0.0,0.0,0.0,1.0,1,96289.0
24,9,230,345,0,1,11,0.0,0.0,1.0,0.0,0.0,255,255,1.0,0.0,0.0,0.0,0.0,0.0,0,54552.0
14,9,8,0,0,0,1,0.0,0.0,1.0,0.0,1.0,1,51,1.0,0.0,0.51,0.0,0.0,0.0,1,25230.0
24,9,303,674,0,1,32,0.0,0.0,1.0,0.0,0.0,92,255,1.0,0.0,0.04,0.0,0.0,0.0,0,91086.0
24,6,377,14319,0,1,1,1.0,0.09,1.0,0.0,0.18,178,255,1.0,0.0,0.02,0.01,0.0,0.0,0,23711.0
47,5,0,0,0,0,229,1.0,1.0,0.07,0.04,0.0,33,16,0.48,0.09,0.0,0.94,1.0,0.0,1,120862.0
24,9,236,331,0,1,23,0.0,0.0,1.0,0.0,0.08,255,255,1.0,0.0,0.0,0.0,0.0,0.0,0,119972.0
47,4,0,0,0,0,1,0.0,0.0,1.0,0.0,0.0,220,1,0.0,0.26,0.0,0.0,0.0,1.0,1,119614.0
20,9,1199,0,0,1,12,0.0,0.0,1.0,0.0,0.0,255,112,0.44,0.02,0.0,0.0,0.0,0.0,0,41659.0
24,9,329,337,0,1,11,0.0,0.0,1.0,0.0,0.0,255,255,1.0,0.0,0.0,0.0,0.0,0.0,0,14232.0
24,9,239,752,0,1,30,0.0,0.0,1.0,0.0,0.0,255,255,1.0,0.0,0.0,0.0,0.0,0.0,0,88180.0
37,5,0,0,0,0,99,1.0,1.0,0.14,0.06,0.0,255,3,0.01,0.07,0.0,1.0,1.0,0.0,1,25699.0
15,9,1032,0,0,0,511,0.0,0.0,1.0,0.0,0.0,255,119,0.47,0.02,0.0,0.01,0.0,0.0,1,58552.0
47,9,1,0,0,0,19,0.0,0.0,0.21,0.16,0.0,255,4,0.02,0.91,0.0,0.16,0.0,0.0,1,1718.0
52,9,909,332,0,1,1,0.0,0.0,1.0,0.0,1.0,189,163,0.69,0.03,0.01,0.0,0.0,0.07,0,107598.0
10,2,0,0,0,0,184,0.0,0.0,0.02,0.07,0.0,255,4,0.02,0.08,0.0,0.0,0.0,1.0,1,72330.0
24,9,217,19127,0,1,1,0.0,0.0,1.0,0.0,0.0,11,255,1.0,0.0,0.07,0.0,0.01,0.0,0,72873.0
20,9,1214,0,0,0,15,0.0,0.0,1.0,0.0,0.0,255,21,0.08,0.07,0.0,0.85,0.0,0.0,0,116140.0
24,1,0,0,0,0,1,0.0,0.0,1.0,0.0,0.0,37,250,1.0,0.0,0.01,0.0,0.0,0.15,0,26496.0
42,9,516,4,0,0,184,0.0,0.0,1.0,0.0,0.0,184,184,1.0,0.0,0.0,0.0,0.0,0.0,0,11307.0
40,5,0,0,0,0,128,1.0,1.0,0.02,0.07,0.0,255,2,0.01,0.08,0.0,1.0,1.0,0.0,1,106407.0
52,9,1015,327,0,1,1,0.0,0.0,1.0,0.0,1.0,10,9,0.9,0.2,0.0,0.0,0.0,0.0,0,56501.0
20,5,0,0,0,0,8,1.0,1.0,1.0,0.0,0.0,255,56,0.22,0.02,0.0,1.0,1.0,0.0,1,112732.0
24,9,233,25519,0,1,4,0.0,0.0,1.0,0.0,0.0,255,255,1.0,0.0,0.0,0.0,0.0,0.0,0,65502.0
24,1,0,0,0,0,2,0.0,0.0,1.0,0.0,0.0,5,255,1.0,0.0,0.13,0.0,0.0,0.89,0,13187.0
24,9,309,5122,0,1,31,0.0,0.0,1.0,0.0,0.05,31,255,1.0,0.0,0.02,0.0,0.0,0.0,0,66544.0
47,4,0,0,0,0,1,0.0,0.0,1.0,0.0,0.0,255,1,0.0,0.6,0.0,0.0,0.0,1.0,1,52810.0
18,9,8,147,0,0,1,0.0,0.0,1.0,0.0,0.0,255,49,0.19,0.02,0.0,0.84,0.96,0.0,0,116871.0
58,5,0,0,0,0,254,1.0,1.0,0.02,0.07,0.0,255,6,0.02,0.08,0.0,1.0,1.0,0.0,1,45657.0
12,9,92,39,0,0,1,0.0,0.0,1.0,0.0,0.0,29,29,1.0,0.0,0.0,0.0,0.0,0.0,0,121651.0
24,9,199,893,0,1,3,0.0,0.0,1.0,0.0,0.56,255,255,1.0,0.0,0.0,0.0,0.0,0.0,0,50984.0
47,9,105,146,0,0,7,0.0,0.0,0.14,0.29,0.0,255,240,0.94,0.01,0.0,0.0,0.0,0.0,0,62625.0
24,9,156,213,0,1,1,0.0,0.0,1.0,0.0,0.09,30,255,1.0,0.0,0.05,0.0,0.0,0.0,0,81140.0
24,9,209,2552,0,1,6,0.0,0.0,1.0,0.0,0.25,132,255,1.0,0.0,0.02,0.0,0.0,0.0,0,32642.0
9,5,0,0,0,0,150,1.0,1.0,0.11,0.05,0.0,255,4,0.02,0.06,0.0,1.0,1.0,0.0,1,102835.0
24,9,327,529,0,1,2,0.0,0.0,1.0,0.0,0.33,3,15,1.0,0.0,0.2,0.0,0.07,0.0,0,53574.0
47,4,1,0,0,0,2,0.0,0.0,1.0,0.0,0.0,255,2,0.01,0.73,0.0,0.0,0.0,1.0,1,45151.0
24,9,194,2761,0,1,9,0.0,0.0,1.0,0.0,0.0,25,255,1.0,0.0,0.04,0.0,0.0,0.0,0,34085.0
24,9,254,274,0,1,13,0.0,0.0,1.0,0.0,0.0,255,255,1.0,0.0,0.0,0.0,0.0,0.0,0,99594.0
12,9,46,46,0,0,10,0.0,0.0,1.0,0.0,0.11,255,255,1.0,0.0,0.0,0.0,0.0,0.0,0,7903.0
7,5,0,0,0,0,191,1.0,1.0,0.01,0.08,0.0,255,2,0.01,0.09,0.0,1.0,1.0,0.0,1,31730.0
24,9,286,2385,0,1,1,0.0,0.0,1.0,0.0,0.0,7,255,1.0,0.0,0.04,0.0,0.0,0.0,0,43371.0
42,9,147,105,0,0,2,0.0,0.0,1.0,0.0,0.0,255,2,0.01,0.55,0.0,0.0,0.0,0.0,0,29636.0
24,9,230,52248,0,1,3,0.0,0.0,1.0,0.0,0.0,88,255,1.0,0.0,0.03,0.0,0.0,0.0,0,111890.0
10,2,0,0,0,0,260,0.0,0.0,0.02,0.07,0.0,255,6,0.02,0.07,0.0,0.0,0.0,1.0,1,92094.0
24,9,200,16499,0,1,4,0.0,0.0,1.0,0.0,0.0,32,255,1.0,0.0,0.01,0.0,0.0,0.0,0,94528.0
14,9,8,0,0,0,1,0.0,0.0,1.0,0.0,1.0,1,101,1.0,0.0,0.5,0.0,0.0,0.0,1,17544.0
20,9,491,0,0,0,2,0.0,0.0,1.0,0.0,0.0,150,25,0.17,0.03,0.0,0.0,0.0,0.0,0,0.0
8,5,0,0,0,0,281,1.0,1.0,0.04,0.05,0.0,255,11,0.04,0.05,0.0,1.0,1.0,0.0,1,10914.0
24,9,193,455,0,1,11,0.0,0.0,1.0,0.0,0.0,11,150,1.0,0.0,0.05,0.0,0.0,0.0,0,91003.0
24,9,214,5289,0,1,6,0.0,0.41,1.0,0.0,0.09,6,255,1.0,0.0,0.03,0.0,0.0,0.0,0,86285.0
12,9,44,113,0,0,1,0.0,0.0,1.0,0.0,0.67,255,234,0.92,0.01,0.0,0.0,0.0,0.0,0,116722.0
20,9,26,0,0,0,1,0.0,0.0,1.0,0.0,0.17,255,29,0.11,0.07,0.0,0.82,0.0,0.0,0,88999.0
24,9,281,4768,0,1,15,0.0,0.0,1.0,0.0,0.0,255,255,1.0,0.0,0.0,0.0,0.0,0.0,0,26636.0
24,9,345,418,0,1,20,0.0,0.0,1.0,0.0,0.0,255,255,1.0,0.0,0.0,0.0,0.0,0.0,0,100168.0
20,9,194,0,0,0,2,0.0,0.0,1.0,0.0,0.0,255,102,0.4,0.02,0.0,0.0,0.0,0.0,0,11910.0
34,1,0,0,0,0,243,0.0,0.0,0.05,0.07,0.0,255,11,0.04,0.08,0.0,0.0,0.0,1.0,1,46485.0
24,9,285,12884,0,1,1,0.0,0.0,1.0,0.0,0.06,174,174,1.0,0.0,0.0,0.0,0.0,0.0,0,121074.0
39,1,0,0,0,0,120,0.0,0.0,0.12,0.07,0.0,255,14,0.05,0.07,0.0,0.0,0.0,1.0,1,65613.0
13,5,0,0,0,0,232,1.0,1.0,0.01,0.07,0.0,255,3,0.01,0.07,0.0,1.0,1.0,0.0,1,89402.0
47,9,28,0,3,0,5,0.0,0.0,1.0,0.0,0.0,208,5,0.02,0.05,0.0,0.02,0.0,0.0,1,15983.0
24,9,208,658,0,1,4,0.25,0.25,1.0,0.0,0.0,255,255,1.0,0.0,0.0,0.0,0.0,0.0,0,96171.0
42,9,147,105,0,0,1,0.0,0.0,1.0,0.0,0.0,255,1,0.0,0.56,0.0,0.0,0.0,0.0,0,7483.0
24,9,309,1150,0,1,14,0.0,0.0,1.0,0.0,0.0,75,134,1.0,0.0,0.03,0.0,0.01,0.0,0,50543.0
36,5,0,0,0,0,229,1.0,1.0,0.06,0.06,0.0,255,13,0.05,0.07,0.0,1.0,1.0,0.0,1,63838.0
33,5,0,0,0,0,252,1.0,1.0,0.04,0.06,0.0,255,21,0.08,0.07,0.0,1.0,1.0,0.0,1,19657.0
24,9,285,1994,0,1,7,0.0,0.0,1.0,0.0,0.25,40,255,1.0,0.0,0.03,0.0,0.0,0.0,0,110150.0
24,1,0,0,0,0,1,0.0,0.0,1.0,0.0,1.0,3,158,1.0,0.0,0.24,0.0,0.0,1.0,0,87397.0
12,9,46,129,0,0,105,0.0,0.0,1.0,0.0,0.0,255,200,0.78,0.01,0.0,0.0,0.0,0.0,0,25883.0
52,9,678,478,0,1,6,0.0,0.0,0.17,0.33,1.0,255,8,0.03,0.01,0.0,0.0,0.0,0.0,0,8099.0
37,5,0,0,0,0,251,1.0,1.0,0.01,0.06,0.0,255,18,0.07,0.07,0.0,1.0,1.0,0.0,1,125846.0
56,5,0,0,0,0,118,1.0,1.0,0.08,0.06,0.0,255,6,0.02,0.08,0.0,1.0,1.0,0.0,1,34497.0
24,9,216,4591,0,1,13,0.0,0.0,1.0,0.0,0.12,42,255,1.0,0.0,0.04,0.0,0.0,0.0,0,6255.0
12,9,43,126,0,0,273,0.0,0.0,1.0,0.0,0.0,255,251,0.98,0.01,0.0,0.0,0.0,0.0,0,81413.0
26,5,0,0,0,0,208,1.0,1.0,0.05,0.08,0.0,255,10,0.04,0.08,0.0,1.0,1.0,0.0,1,61299.0
47,9,105,146,0,0,2,0.0,0.0,1.0,0.0,0.0,255,224,0.88,0.01,0.0,0.0,0.0,0.0,0,91266.0
47,5,0,0,0,0,146,1.0,1.0,0.11,0.05,0.0,255,4,0.02,0.07,0.0,1.0,1.0,0.0,1,907.0
24,9,281,2170,0,1,12,0.0,0.0,1.0,0.0,0.0,40,255,1.0,0.0,0.07,0.0,0.0,0.0,0,64760.0
31,5,0,0,0,0,155,1.0,1.0,0.13,0.05,0.0,255,20,0.08,0.05,0.0,1.0,1.0,0.0,1,29892.0
20,9,12324,0,0,0,2,0.0,0.0,1.0,0.0,0.0,194,16,0.08,0.03,0.0,0.0,0.0,0.0,0,5812.0
12,9,43,43,0,0,147,0.0,0.0,1.0,0.0,0.0,255,254,1.0,0.01,0.0,0.0,0.0,0.0,0,84614.0
47,5,0,0,0,0,97,1.0,1.0,0.06,0.06,0.0,255,12,0.05,0.07,0.0,1.0,1.0,0.0,1,60351.0
2,5,0,0,0,0,163,1.0,1.0,0.11,0.07,0.0,255,18,0.07,0.07,0.0,1.0,1.0,0.0,1,125643.0
24,9,221,5790,0,1,13,0.0,0.0,1.0,0.0,0.14,255,255,1.0,0.0,0.0,0.0,0.0,0.0,0,35532.0
20,9,9,0,0,1,2,0.0,0.0,1.0,0.0,0.0,22,95,0.09,0.14,0.02,0.05,0.0,0.0,0,20526.0
24,9,312,3275,0,1,6,0.0,0.0,1.0,0.0,0.0,25,255,1.0,0.0,0.01,0.0,0.0,0.0,0,39867.0
24,9,307,14638,0,1,4,0.0,0.0,1.0,0.0,0.43,255,255,1.0,0.0,0.0,0.0,0.0,0.0,0,112864.0
24,6,336,0,0,1,5,0.4,0.4,1.0,0.0,0.0,137,255,1.0,0.0,0.04,0.01,0.01,0.08,0,15528.0
20,9,15876,0,0,0,16,0.0,0.0,1.0,0.0,0.0,193,70,0.36,0.03,0.0,0.0,0.0,0.0,0,85105.0
24,9,203,333,0,1,37,0.0,0.0,1.0,0.0,0.05,255,255,1.0,0.0,0.0,0.0,0.0,0.0,0,44009.0
15,9,520,0,0,0,167,0.0,0.0,1.0,0.0,0.0,255,255,1.0,0.0,0.0,0.0,0.0,0.0,1,5282.0
47,9,28,0,3,0,6,0.0,0.0,1.0,0.0,0.0,255,6,0.02,0.01,0.0,0.0,0.0,0.0,1,98968.0
66,5,0,0,0,0,124,1.0,1.0,0.19,0.06,0.0,255,3,0.01,0.06,0.0,1.0,1.0,0.0,1,42087.0
64,5,0,0,0,0,134,1.0,1.0,0.08,0.04,0.0,255,11,0.04,0.05,0.0,1.0,1.0,0.0,1,27612.0
47,5,0,0,0,0,298,1.0,1.0,0.07,0.06,0.0,255,3,0.01,0.07,0.0,1.0,1.0,0.0,1,113681.0
24,9,303,15511,0,1,9,0.0,0.0,1.0,0.0,0.0,255,255,1.0,0.0,0.0,0.0,0.0,0.0,0,11470.0
42,9,516,4,0,0,441,0.0,0.0,1.0,0.0,0.0,255,255,1.0,0.0,0.0,0.0,0.0,0.0,0,84651.0
24,9,187,3206,0,1,3,0.0,0.0,1.0,0.0,0.33,76,255,1.0,0.0,0.03,0.0,0.0,0.0,0,41081.0
52,9,1322,330,0,1,1,0.0,0.0,1.0,0.0,1.0,112,80,0.71,0.05,0.0,0.02,0.03,0.0,0,79893.0
6,5,0,0,0,0,110,1.0,1.0,0.13,0.05,0.0,255,14,0.05,0.06,0.0,1.0,1.0,0.0,1,19169.0
47,4,0,0,0,0,1,0.0,0.0,1.0,0.0,0.0,255,1,0.0,0.65,0.0,0.0,0.0,1.0,1,25823.0
47,5,0,0,0,0,165,1.0,1.0,0.06,0.05,0.0,255,10,0.04,0.06,0.0,1.0,1.0,0.0,1,58316.0
24,9,293,6758,0,1,1,0.0,0.0,1.0,0.0,1.0,1,255,1.0,0.0,0.04,0.0,0.01,0.0,0,49237.0
18,5,0,0,0,0,125,1.0,1.0,0.1,0.06,0.0,255,4,0.02,0.06,0.0,1.0,1.0,0.0,1,89832.0
24,9,291,1598,0,1,11,0.0,0.0,1.0,0.0,0.0,23,255,1.0,0.0,0.02,0.0,0.0,0.0,0,29507.0
47,5,0,0,0,0,228,1.0,1.0,0.01,0.07,0.0,255,2,0.01,0.05,0.0,1.0,1.0,0.0,1,40226.0
47,9,28,0,3,0,23,0.0,0.0,1.0,0.0,0.0,95,23,0.24,0.04,0.0,0.0,0.0,0.0,1,51672.0
66,1,0,0,0,0,1,0.0,0.0,1.0,0.0,0.0,24,1,0.04,1.0,0.0,0.0,0.0,1.0,1,62269.0
24,9,228,7337,0,1,9,0.0,0.0,1.0,0.0,0.29,226,255,1.0,0.0,0.02,0.0,0.0,0.0,0,72239.0
12,9,41,124,0,0,43,0.0,0.0,1.0,0.0,0.0,188,133,0.71,0.02,0.0,0.0,0.0,0.0,0,28422.0
24,9,197,380,0,1,21,0.0,0.0,1.0,0.0,0.12,201,255,1.0,0.0,0.02,0.0,0.0,0.0,0,1153.0
12,9,44,44,0,0,237,0.0,0.0,1.0,0.0,0.0,255,255,1.0,0.0,0.0,0.0,0.0,0.0,0,19218.0
9,5,0,0,0,0,193,1.0,1.0,0.01,0.06,0.0,255,1,0.0,0.07,0.0,1.0,1.0,0.0,1,43115.0
47,5,0,0,0,0,138,1.0,1.0,0.11,0.06,0.0,255,7,0.03,0.08,0.0,1.0,1.0,0.0,1,20914.0
12,9,46,134,0,0,141,0.0,0.0,1.0,0.0,0.01,255,255,1.0,0.0,0.0,0.0,0.0,0.0,0,51444.0
47,5,0,0,0,0,190,1.0,1.0,0.13,0.05,0.0,255,24,0.09,0.06,0.0,1.0,1.0,0.0,1,62736.0
20,9,175337,0,0,1,1,0.0,0.0,1.0,0.0,0.0,255,86,0.34,0.03,0.0,0.0,0.0,0.0,0,48104.0
47,5,0,0,0,0,274,1.0,1.0,0.05,0.06,0.0,255,8,0.03,0.07,0.0,1.0,1.0,0.0,1,74785.0
24,5,0,0,0,0,2,0.5,0.5,1.0,0.0,0.0,13,255,1.0,0.0,0.04,0.08,0.01,0.0,0,124398.0
47,5,0,0,0,0,120,1.0,1.0,0.09,0.06,0.0,255,13,0.05,0.07,0.0,1.0,1.0,0.0,1,111037.0
47,5,0,0,0,0,98,1.0,1.0,0.24,0.05,0.0,255,24,0.09,0.05,0.0,1.0,1.0,0.0,1,83173.0
64,1,0,0,0,0,206,0.0,0.0,0.02,0.07,0.0,255,4,0.02,0.07,0.0,0.0,0.0,1.0,1,115337.0
24,9,240,1313,0,1,1,0.0,0.0,1.0,0.0,1.0,141,255,1.0,0.0,0.02,0.0,0.0,0.0,0,115379.0
47,5,0,0,0,0,30,1.0,1.0,0.03,0.2,0.0,255,8,0.03,0.09,0.0,1.0,1.0,0.0,1,49603.0
24,9,227,579,0,1,16,0.0,0.0,1.0,0.0,0.0,110,255,1.0,0.0,0.03,0.0,0.0,0.0,0,73840.0
63,2,0,0,0,0,113,0.0,0.0,0.07,0.08,0.0,255,8,0.03,0.07,0.0,0.0,0.0,1.0,1,83504.0
24,9,219,1354,0,1,13,0.0,0.0,1.0,0.0,0.14,255,255,1.0,0.0,0.0,0.0,0.0,0.0,0,52939.0
24,1,0,0,0,0,1,0.0,0.0,1.0,0.0,0.0,9,47,1.0,0.0,0.26,0.0,0.0,1.0,0,80191.0
29,5,0,0,0,0,27,1.0,1.0,0.41,0.11,0.0,255,11,0.04,0.07,0.0,1.0,1.0,0.0,1,87249.0
42,1,0,0,0,0,444,0.08,0.0,0.0,1.0,0.0,255,1,0.0,1.0,0.0,0.06,0.0,1.0,1,41974.0
1,9,33996,20092,0,1,1,0.0,0.0,1.0,0.0,0.0,8,8,1.0,0.0,0.0,0.12,0.12,0.12,1,60461.0
58,9,555,17328,0,1,1,0.0,0.0,1.0,0.0,0.0,255,15,0.06,0.61,0.0,0.6,0.13,0.0,0,37774.0
18,9,7,140,0,0,1,0.0,0.0,1.0,0.0,0.0,255,10,0.04,0.02,0.0,0.0,0.0,0.0,0,98204.0
24,9,463,5931,0,1,11,0.0,0.0,1.0,0.0,0.0,255,255,1.0,0.0,0.0,0.0,0.0,0.0,0,89378.0
9,5,0,0,0,0,254,1.0,1.0,0.0,0.07,0.0,255,2,0.01,0.08,0.0,1.0,1.0,0.0,1,31048.0
24,9,239,2052,0,1,3,0.0,0.0,1.0,0.0,0.0,188,255,1.0,0.0,0.01,0.0,0.0,0.0,0,49924.0
28,5,0,0,0,0,120,1.0,1.0,0.12,0.06,0.0,255,9,0.04,0.07,0.0,1.0,1.0,0.0,1,77229.0
24,9,164,19983,0,1,1,0.0,0.0,1.0,0.0,0.0,255,255,1.0,0.0,0.0,0.0,0.0,0.0,0,94978.0
24,9,211,404,0,1,13,0.0,0.0,1.0,0.0,0.0,67,255,1.0,0.0,0.03,0.0,0.0,0.0,0,7202.0
47,1,0,0,0,0,19,0.0,0.0,0.05,1.0,0.0,255,1,0.0,0.41,0.0,0.0,0.0,1.0,1,6220.0
47,9,105,145,0,0,2,0.0,0.0,1.0,0.0,0.0,255,213,0.84,0.01,0.0,0.0,0.0,0.0,0,5094.0
24,9,204,1965,0,1,10,0.0,0.0,1.0,0.0,0.31,255,255,1.0,0.0,0.0,0.0,0.0,0.0,0,31126.0
47,5,0,0,0,0,269,1.0,1.0,0.07,0.06,0.0,255,4,0.02,0.07,0.0,1.0,1.0,0.0,1,73608.0
11,5,0,0,0,0,206,1.0,1.0,0.03,0.06,0.0,255,15,0.06,0.07,0.0,1.0,1.0,0.0,1,49307.0
24,9,309,1090,0,1,45,0.0,0.0,1.0,0.0,0.0,45,255,1.0,0.0,0.03,0.0,0.0,0.01,0,125246.0
9,5,0,0,0,0,244,1.0,1.0,0.02,0.07,0.0,255,4,0.02,0.06,0.0,1.0,1.0,0.0,1,61365.0
52,9,1443,338,0,1,1,0.0,0.0,1.0,0.0,0.0,104,133,0.45,0.05,0.02,0.0,0.0,0.0,0,122195.0
52,9,92988,323,0,1,1,0.0,0.0,1.0,0.0,0.0,98,246,0.97,0.02,0.01,0.0,0.0,0.0,0,89196.0
14,9,8,0,0,0,1,0.0,0.0,1.0,0.0,1.0,2,100,1.0,0.0,0.5,0.0,0.0,0.0,1,68987.0
24,1,0,0,0,0,1,0.0,0.0,1.0,0.0,0.0,46,41,0.89,0.07,0.0,0.0,0.0,1.0,0,110603.0
24,9,289,483,0,1,1,0.0,0.0,1.0,0.0,1.0,255,255,1.0,0.0,0.0,0.0,0.0,0.0,0,74397.0
18,5,0,0,0,0,46,1.0,1.0,0.33,0.09,0.0,255,38,0.15,0.05,0.0,1.0,1.0,0.0,1,52400.0
63,5,0,0,0,0,114,1.0,1.0,0.12,0.06,0.0,255,4,0.02,0.06,0.0,1.0,1.0,0.0,1,16677.0
24,9,197,1279,0,1,12,0.0,0.0,1.0,0.0,0.15,32,255,1.0,0.0,0.04,0.0,0.0,0.0,0,79153.0
49,5,0,0,0,0,130,1.0,1.0,0.04,0.08,0.0,255,5,0.02,0.06,0.0,1.0,1.0,0.0,1,124018.0
24,9,215,5472,0,1,6,0.0,0.0,1.0,0.0,0.0,108,255,1.0,0.0,0.04,0.0,0.0,0.0,0,69436.0
24,9,283,809,0,1,27,0.0,0.0,1.0,0.0,0.07,131,255,1.0,0.0,0.01,0.0,0.0,0.0,0,6650.0
24,9,198,1705,0,1,24,0.0,0.0,1.0,0.0,0.0,255,255,1.0,0.0,0.0,0.0,0.0,0.0,0,2120.0
47,1,0,0,0,0,219,0.0,0.0,0.07,0.07,0.0,255,16,0.06,0.09,0.0,0.0,0.0,1.0,1,17667.0
28,5,0,0,0,0,100,1.0,1.0,0.14,0.07,0.0,255,14,0.05,0.06,0.0,1.0,1.0,0.0,1,6378.0
24,9,291,320,0,1,3,0.0,0.0,1.0,0.0,0.0,55,255,1.0,0.0,0.05,0.02,0.0,0.0,0,485.0
14,9,8,0,0,0,1,0.0,0.0,1.0,0.0,1.0,1,12,1.0,0.0,0.58,0.0,0.0,0.0,1,28855.0
12,9,33,0,0,0,1,0.0,0.0,1.0,0.0,1.0,67,33,0.13,0.07,0.06,0.0,0.0,0.0,0,74931.0
42,9,146,105,0,0,2,0.0,0.0,1.0,0.0,0.0,255,2,0.01,0.54,0.0,0.0,0.0,0.0,0,105415.0
39,5,0,0,0,0,108,1.0,1.0,0.13,0.06,0.0,216,14,0.06,0.06,0.0,1.0,1.0,0.0,1,49596.0
52,9,1895,334,0,1,1,0.0,0.0,1.0,0.0,0.0,202,200,0.85,0.01,0.01,0.0,0.0,0.0,0,107453.0
52,9,1111,331,0,1,1,0.0,0.0,1.0,0.0,0.0,211,129,0.61,0.02,0.0,0.0,0.0,0.08,0,17108.0
52,9,1355,326,0,1,1,0.0,0.0,1.0,0.0,0.0,91,183,0.79,0.04,0.02,0.0,0.0,0.0,0,35523.0
47,5,0,0,0,0,135,1.0,1.0,0.12,0.05,0.0,255,16,0.06,0.05,0.0,1.0,1.0,0.0,1,99628.0
12,9,17,70,0,0,1,0.0,0.0,1.0,0.0,1.0,147,209,0.9,0.01,0.01,0.0,0.0,0.0,0,19554.0
63,5,0,0,0,0,144,1.0,1.0,0.08,0.06,0.0,255,6,0.02,0.07,0.0,1.0,1.0,0.0,1,89268.0
24,9,283,259,0,1,20,0.0,0.0,1.0,0.0,0.0,255,255,1.0,0.0,0.0,0.0,0.0,0.0,0,109621.0
20,9,641,0,0,1,2,0.0,0.0,1.0,0.0,0.0,6,47,0.83,0.33,0.04,0.0,0.0,0.0,0,100229.0
52,9,856,326,0,1,1,0.0,0.0,1.0,0.0,1.0,16,135,1.0,0.0,0.02,0.0,0.0,0.0,0,84797.0
24,9,276,6773,0,1,2,0.0,0.0,1.0,0.0,0.67,45,255,1.0,0.0,0.03,0.0,0.02,0.02,0,14012.0
16,5,0,0,0,0,97,1.0,1.0,0.05,0.07,0.0,255,5,0.02,0.06,0.0,1.0,1.0,0.0,1,99462.0
47,9,1,0,0,0,28,0.0,0.0,0.25,0.11,0.0,255,7,0.03,0.88,0.0,0.1,0.0,0.0,1,16014.0
12,9,44,131,0,0,201,0.0,0.0,1.0,0.01,0.01,203,164,0.81,0.01,0.0,0.0,0.0,0.0,0,121757.0
47,1,0,0,0,0,88,0.0,0.0,0.16,0.07,0.0,255,27,0.11,0.05,0.0,0.0,0.0,1.0,1,108633.0
24,1,0,0,0,0,1,0.0,0.0,1.0,0.0,0.0,1,152,1.0,0.0,0.14,0.0,0.0,0.97,0,77230.0
42,1,0,0,0,0,352,0.09,0.0,0.0,1.0,0.0,255,1,0.0,1.0,0.0,0.09,0.0,1.0,1,15282.0
39,5,0,0,0,0,103,1.0,1.0,0.03,0.07,0.0,255,3,0.01,0.06,0.0,1.0,1.0,0.0,1,45771.0
2,5,0,0,0,0,231,1.0,1.0,0.03,0.06,0.0,255,6,0.02,0.07,0.0,1.0,1.0,0.0,1,117418.0
24,9,281,1395,0,1,21,0.0,0.0,1.0,0.0,0.13,150,219,1.0,0.0,0.03,0.0,0.0,0.0,0,115805.0
42,9,147,0,0,0,1,0.0,0.0,1.0,0.0,0.0,255,4,0.02,0.48,0.0,0.0,0.0,0.0,0,60228.0
47,4,1,0,0,0,2,0.0,0.0,1.0,0.0,0.0,255,2,0.01,0.45,0.0,0.0,0.0,1.0,1,123571.0
60,4,0,0,0,0,1,0.0,0.0,1.0,0.0,0.0,255,1,0.0,0.16,0.0,0.0,0.0,1.0,1,308.0
14,9,18,0,0,0,1,0.0,0.0,1.0,0.0,0.0,1,149,1.0,0.0,0.26,0.0,0.0,0.0,1,93825.0
24,9,247,397,0,1,14,0.0,0.0,1.0,0.0,0.11,255,255,1.0,0.0,0.0,0.0,0.0,0.0,0,86303.0
24,9,341,1229,0,1,9,0.0,0.0,1.0,0.0,0.0,9,255,1.0,0.0,0.05,0.0,0.01,0.0,0,22588.0
42,9,145,0,0,0,1,0.0,0.0,1.0,0.0,0.0,255,3,0.01,0.68,0.0,0.0,0.0,0.0,0,102127.0
24,1,0,0,0,0,1,0.0,0.0,1.0,0.0,0.0,2,54,1.0,0.0,0.22,0.0,0.02,0.96,0,2659.0
12,9,42,42,0,0,15,0.0,0.0,1.0,0.0,0.23,255,255,1.0,0.0,0.0,0.0,0.0,0.0,0,35403.0
24,9,344,1234,0,1,1,0.0,0.0,1.0,0.0,0.0,1,255,1.0,0.0,0.04,0.0,0.0,0.0,0,89125.0
8,5,0,0,0,0,122,1.0,1.0,0.11,0.06,0.0,255,14,0.05,0.05,0.0,1.0,1.0,0.0,1,18765.0
52,9,696,333,0,1,1,0.0,0.0,1.0,0.0,0.0,109,133,0.39,0.04,0.02,0.0,0.0,0.0,0,65.0
56,5,0,0,0,0,111,1.0,1.0,0.02,0.06,0.0,255,10,0.04,0.08,0.0,1.0,1.0,0.0,1,33885.0
14,9,18,0,0,0,1,0.0,0.0,1.0,0.0,0.0,2,150,1.0,0.0,0.25,0.0,0.0,0.0,1,106525.0
24,9,211,422,0,1,2,0.0,0.0,1.0,0.0,0.0,20,255,1.0,0.0,0.01,0.0,0.0,0.0,0,27965.0
24,9,214,1111,0,1,3,0.0,0.0,1.0,0.0,0.0,101,255,1.0,0.0,0.01,0.0,0.0,0.0,0,121476.0
24,9,239,431,0,1,1,0.0,0.0,1.0,0.0,0.0,14,255,1.0,0.0,0.05,0.0,0.01,0.0,0,99362.0
24,9,325,3125,0,1,3,0.0,0.0,1.0,0.0,0.4,106,255,1.0,0.0,0.04,0.0,0.0,0.0,0,7896.0
24,9,308,3771,0,1,19,0.0,0.0,1.0,0.0,0.0,204,255,1.0,0.0,0.02,0.0,0.0,0.0,0,113892.0
47,1,0,0,0,0,182,0.0,0.0,0.04,0.07,0.0,255,8,0.03,0.06,0.0,0.0,0.0,1.0,1,116572.0
12,9,46,81,0,0,195,0.0,0.0,1.0,0.0,0.0,255,255,1.0,0.0,0.0,0.0,0.0,0.0,0,118144.0
24,9,54540,8314,0,1,2,0.5,0.5,1.0,0.0,0.0,255,255,1.0,0.0,0.0,0.01,0.01,0.05,1,31857.0
14,9,8,0,0,0,1,0.0,0.0,1.0,0.0,1.0,1,62,1.0,0.0,0.52,0.0,0.0,0.0,1,18732.0
24,9,209,1362,0,1,8,0.0,0.0,1.0,0.0,0.0,255,255,1.0,0.0,0.0,0.0,0.0,0.0,0,21926.0
24,4,37960,2920,0,1,4,0.0,0.0,1.0,0.0,0.0,255,255,1.0,0.0,0.0,0.0,0.0,0.04,1,57409.0
27,1,0,0,0,0,245,0.0,0.0,0.05,0.06,0.0,255,13,0.05,0.07,0.0,0.0,0.0,1.0,1,106829.0
19,9,235,767,0,1,1,0.0,0.0,1.0,0.0,0.0,234,54,0.23,0.02,0.0,0.0,0.0,0.0,0,27074.0
12,9,45,45,0,0,189,0.0,0.0,1.0,0.0,0.0,255,250,0.98,0.01,0.0,0.0,0.0,0.0,0,35412.0
47,5,0,0,0,0,169,1.0,1.0,0.1,0.06,0.0,255,4,0.02,0.07,0.0,1.0,1.0,0.0,1,7736.0
17,5,0,0,0,0,115,1.0,1.0,0.01,0.06,0.0,255,1,0.0,0.05,0.0,1.0,1.0,0.0,1,47381.0
24,9,221,420,0,1,3,0.0,0.0,1.0,0.0,0.08,3,255,1.0,0.0,0.02,0.0,0.0,0.0,0,57982.0
52,9,1404,328,0,1,1,0.0,0.0,1.0,0.0,1.0,178,131,0.74,0.03,0.0,0.0,0.0,0.0,0,31424.0
24,1,0,0,0,0,1,0.0,0.0,1.0,0.0,0.0,8,255,1.0,0.0,0.01,0.0,0.0,0.24,0,23593.0
24,9,207,2596,0,1,22,0.0,0.0,1.0,0.0,0.08,255,255,1.0,0.0,0.0,0.0,0.0,0.0,0,20923.0
19,9,1246,2449,0,1,1,0.0,0.0,1.0,0.0,0.0,255,136,0.53,0.02,0.0,0.0,0.0,0.0,1,14561.0
24,9,306,2507,0,1,6,0.17,0.17,1.0,0.0,0.0,255,236,0.93,0.02,0.0,0.01,0.01,0.0,0,4312.0
14,9,8,0,0,0,1,0.0,0.0,1.0,0.0,1.0,2,74,1.0,0.0,0.5,0.0,0.0,0.0,1,102129.0
47,5,0,0,0,0,150,1.0,1.0,0.09,0.05,0.0,255,33,0.13,0.05,0.0,1.0,1.0,0.0,1,73475.0
29,5,0,0,0,0,135,1.0,1.0,0.02,0.06,0.0,255,3,0.01,0.06,0.0,1.0,1.0,0.0,1,118672.0
52,2,0,0,0,0,253,0.0,0.0,0.01,0.06,0.0,255,2,0.01,0.08,0.0,0.0,0.0,1.0,1,10318.0
47,1,0,0,0,0,85,0.0,0.0,0.24,0.08,0.0,255,20,0.08,0.06,0.0,0.0,0.0,1.0,1,74129.0
24,9,245,2256,0,1,2,0.0,0.0,1.0,0.0,0.67,10,255,1.0,0.0,0.03,0.0,0.02,0.03,0,39362.0
12,9,45,128,0,0,71,0.0,0.0,1.0,0.0,0.01,255,255,1.0,0.0,0.0,0.0,0.0,0.0,0,92143.0
24,9,201,1701,0,1,7,0.0,0.0,1.0,0.0,0.0,32,255,1.0,0.0,0.04,0.0,0.0,0.0,0,296.0
47,10,0,0,0,0,1,1.0,1.0,1.0,0.0,0.0,46,1,0.02,0.78,0.0,0.83,1.0,0.0,1,66689.0
26,5,0,0,0,0,300,1.0,1.0,0.07,0.05,0.0,255,20,0.08,0.07,0.0,1.0,1.0,0.0,1,59203.0
12,9,45,74,0,0,181,0.0,0.0,1.0,0.0,0.0,255,254,1.0,0.01,0.0,0.0,0.0,0.0,0,70899.0
20,9,95,0,0,1,2,0.0,0.0,1.0,0.0,0.0,24,57,0.79,0.08,0.05,0.0,0.02,0.0,0,111446.0
47,9,28,0,3,0,69,0.0,0.0,1.0,0.0,0.0,255,69,0.27,0.04,0.0,0.02,0.0,0.0,1,16926.0
24,9,286,1410,0,1,17,0.0,0.0,1.0,0.0,0.0,87,255,1.0,0.0,0.01,0.0,0.0,0.0,0,70406.0
47,5,0,0,0,0,223,1.0,1.0,0.02,0.06,0.0,255,4,0.02,0.06,0.0,1.0,1.0,0.0,1,114097.0
4,9,10,35,0,0,14,0.0,0.0,0.07,0.14,0.0,255,1,0.0,0.01,0.0,0.0,0.0,0.0,0,75674.0
24,9,281,776,0,1,1,0.0,0.0,1.0,0.0,0.0,255,231,0.91,0.02,0.0,0.0,0.0,0.0,0,75525.0
12,9,43,131,0,0,75,0.0,0.0,1.0,0.0,0.01,255,254,1.0,0.01,0.0,0.0,0.0,0.0,0,117899.0
19,9,1190,3380,0,1,1,0.0,0.0,1.0,0.0,0.0,255,49,0.19,0.02,0.0,0.0,0.0,0.12,0,25477.0
23,5,0,0,0,0,142,1.0,1.0,0.15,0.04,0.0,255,22,0.09,0.04,0.0,1.0,1.0,0.0,1,48074.0
20,9,63,0,0,0,1,0.0,0.0,1.0,0.0,0.0,255,51,0.2,0.02,0.0,0.41,0.0,0.0,0,94592.0
11,5,0,0,0,0,107,1.0,1.0,0.16,0.06,0.0,255,4,0.02,0.07,0.0,1.0,1.0,0.0,1,12935.0
12,9,32,48,0,0,5,0.0,0.0,1.0,0.0,0.22,245,224,0.91,0.01,0.0,0.0,0.0,0.0,0,69749.0
25,5,0,0,0,0,142,1.0,1.0,0.06,0.06,0.0,255,9,0.04,0.06,0.0,1.0,1.0,0.0,1,117938.0
24,9,54540,8314,0,1,2,0.0,0.0,1.0,0.0,0.0,39,39,1.0,0.0,0.0,0.0,0.0,0.0,1,14248.0
47,5,0,0,0,0,167,1.0,1.0,0.06,0.06,0.0,255,19,0.07,0.06,0.0,1.0,1.0,0.0,1,30478.0
24,9,184,3758,0,1,1,0.0,0.0,1.0,0.0,0.0,17,255,1.0,0.0,0.04,0.0,0.0,0.0,0,30186.0
20,9,12324,0,0,0,2,0.0,0.0,1.0,0.0,0.0,40,6,0.15,0.1,0.0,0.0,0.0,0.0,0,12097.0
47,1,0,0,0,0,140,0.0,0.0,0.12,0.06,0.0,255,14,0.05,0.07,0.0,0.0,0.0,1.0,1,35203.0
52,9,1439,323,0,1,1,0.0,0.0,1.0,0.0,1.0,227,157,0.69,0.02,0.0,0.0,0.0,0.0,0,50693.0
35,5,0,0,0,0,277,1.0,1.0,0.05,0.05,0.0,255,7,0.03,0.07,0.0,1.0,1.0,0.0,1,29154.0
14,9,30,0,0,0,1,0.0,0.0,1.0,0.0,0.0,67,131,1.0,0.0,0.25,0.0,0.0,0.0,0,89623.0
47,5,0,0,0,0,89,1.0,1.0,0.2,0.06,0.0,255,2,0.01,0.07,0.0,1.0,1.0,0.0,1,3382.0
47,5,0,0,0,0,160,1.0,1.0,0.05,0.06,0.0,255,18,0.07,0.07,0.0,1.0,1.0,0.0,1,20002.0
15,9,1032,0,0,0,511,0.0,0.0,1.0,0.0,0.0,255,19,0.07,0.05,0.0,0.35,0.0,0.0,1,94447.0
24,1,0,0,0,0,1,0.0,0.0,1.0,0.0,0.0,9,24,1.0,0.0,0.25,0.0,0.0,0.58,0,121250.0
47,5,0,0,0,0,121,1.0,1.0,0.09,0.06,0.0,255,12,0.05,0.05,0.0,1.0,1.0,0.0,1,8792.0
47,5,0,0,0,0,218,1.0,1.0,0.06,0.07,0.0,255,9,0.04,0.09,0.0,1.0,1.0,0.0,1,74876.0
24,9,207,314,0,1,1,0.0,0.0,1.0,0.0,0.0,255,255,1.0,0.0,0.0,0.0,0.0,0.0,0,91808.0
47,1,0,0,0,0,272,0.0,0.0,0.07,0.06,0.0,255,29,0.11,0.07,0.0,0.0,0.0,1.0,1,64917.0
24,9,243,1229,0,1,1,0.0,0.0,1.0,0.0,0.0,247,255,1.0,0.0,0.02,0.0,0.0,0.0,0,68808.0
24,9,289,2377,0,1,6,0.0,0.0,1.0,0.0,0.33,24,255,1.0,0.0,0.06,0.0,0.0,0.0,0,68294.0
47,5,0,0,0,0,244,1.0,1.0,0.05,0.05,0.0,255,11,0.04,0.09,0.0,1.0,1.0,0.0,1,100919.0
52,9,1339,276,0,1,1,0.0,0.0,1.0,0.0,0.0,110,100,0.91,0.03,0.0,0.0,0.0,0.0,0,15930.0
24,9,227,2173,0,1,7,0.0,0.0,1.0,0.0,0.0,255,255,1.0,0.0,0.0,0.0,0.0,0.0,0,7871.0
24,9,250,6944,0,1,2,0.0,0.0,1.0,0.0,0.67,30,255,1.0,0.0,0.03,0.0,0.0,0.0,0,116739.0
24,9,352,2015,0,1,21,0.0,0.0,1.0,0.0,0.06,255,255,1.0,0.0,0.0,0.0,0.0,0.0,0,60232.0
14,9,8,0,0,0,1,0.0,0.0,1.0,0.0,1.0,1,85,1.0,0.0,0.26,0.0,0.0,0.0,1,79073.0
24,9,312,1529,0,1,11,0.0,0.0,1.0,0.0,0.0,255,255,1.0,0.0,0.0,0.0,0.0,0.01,0,123820.0
52,9,787,329,0,1,1,0.0,0.0,1.0,0.0,0.0,76,117,0.49,0.08,0.02,0.0,0.0,0.0,0,101875.0
12,9,42,72,0,0,229,0.0,0.0,1.0,0.0,0.0,255,254,1.0,0.01,0.0,0.0,0.0,0.0,0,73880.0
47,1,0,0,0,0,511,0.07,0.0,0.0,1.0,0.0,255,1,0.0,1.0,0.0,0.1,0.0,1.0,1,104316.0
12,9,44,113,0,0,30,0.0,0.0,1.0,0.0,0.06,255,254,1.0,0.01,0.0,0.0,0.0,0.0,0,36613.0
12,9,44,44,0,0,7,0.0,0.0,0.29,0.29,0.22,77,74,0.96,0.03,0.0,0.0,0.0,0.0,0,103801.0
24,9,318,1342,0,1,6,0.0,0.0,1.0,0.0,0.29,255,255,1.0,0.0,0.0,0.0,0.0,0.0,0,30596.0
24,5,0,0,0,0,3,0.33,0.17,1.0,0.0,0.67,255,255,1.0,0.0,0.0,0.0,0.0,0.0,0,123216.0
20,9,203,0,0,1,2,0.0,0.0,1.0,0.0,0.0,9,71,0.44,0.22,0.03,0.0,0.0,0.0,0,125352.0
24,9,256,2851,0,1,1,0.0,0.0,1.0,0.0,0.0,255,255,1.0,0.0,0.0,0.0,0.0,0.0,0,16115.0
12,9,102,0,0,0,1,0.0,0.0,1.0,0.0,1.0,255,243,0.95,0.01,0.0,0.0,0.0,0.0,0,18865.0
12,9,41,149,0,0,75,0.0,0.0,0.99,0.03,0.01,255,201,0.79,0.02,0.0,0.0,0.0,0.0,0,112512.0
58,9,297,4344,0,1,1,0.0,0.0,1.0,0.0,0.0,211,26,0.12,0.02,0.0,0.0,0.0,0.0,0,91495.0
58,9,95,2142,0,1,1,0.0,0.0,1.0,0.0,0.0,98,12,0.12,0.06,0.0,0.01,0.08,0.0,0,97441.0
24,9,351,490,0,1,18,0.0,0.0,1.0,0.0,0.1,18,255,1.0,0.0,0.02,0.0,0.0,0.0,0,90203.0
52,9,798,330,0,1,1,0.0,0.0,1.0,0.0,0.0,165,116,0.52,0.02,0.02,0.0,0.0,0.0,0,62721.0
54,5,0,0,0,0,282,1.0,1.0,0.0,0.06,0.0,255,5,0.02,0.09,0.0,1.0,1.0,0.0,1,7507.0
24,9,165,2085,0,1,1,0.0,0.0,1.0,0.0,0.0,13,255,1.0,0.0,0.04,0.0,0.0,0.0,0,84517.0
60,5,0,0,0,0,288,1.0,1.0,0.08,0.05,0.0,255,24,0.09,0.05,0.0,1.0,1.0,0.0,1,80051.0
24,9,54540,8314,0,1,5,0.0,0.0,1.0,0.0,0.0,250,250,1.0,0.0,0.0,0.0,0.0,0.05,1,87487.0
24,9,302,3233,0,1,17,0.0,0.0,1.0,0.0,0.0,255,255,1.0,0.0,0.0,0.0,0.0,0.0,0,8195.0
24,1,0,0,0,0,1,0.0,0.0,1.0,0.0,0.0,3,208,1.0,0.0,0.19,0.0,0.0,1.0,0,124663.0
14,9,64,0,0,0,1,0.0,0.0,1.0,0.0,0.0,54,1,0.02,0.11,0.0,0.02,0.0,0.0,0,104360.0
56,5,0,0,0,0,221,1.0,1.0,0.01,0.06,0.0,255,2,0.01,0.07,0.0,1.0,1.0,0.0,1,118068.0
18,5,0,0,0,0,227,1.0,1.0,0.05,0.06,0.0,255,1,0.0,0.07,0.0,1.0,1.0,0.0,1,89361.0
20,9,334,0,0,1,1,0.0,0.0,1.0,0.0,0.0,1,43,1.0,0.0,0.16,0.0,0.0,0.0,1,34980.0
42,9,146,105,0,0,1,0.0,0.0,1.0,0.0,0.0,255,2,0.01,0.52,0.0,0.0,0.0,0.0,0,70549.0
52,9,939,332,0,1,1,0.0,0.0,1.0,0.0,0.0,151,105,0.53,0.04,0.02,0.01,0.01,0.0,0,66623.0
24,9,239,2507,0,1,5,0.0,0.0,1.0,0.0,0.0,255,225,0.88,0.01,0.0,0.0,0.0,0.0,0,104392.0
24,5,0,0,0,0,256,1.0,1.0,0.02,0.07,0.0,255,6,0.02,0.07,0.0,1.0,1.0,0.0,1,52987.0
24,9,238,1109,0,1,4,0.0,0.0,1.0,0.0,0.29,255,255,1.0,0.0,0.0,0.0,0.0,0.0,0,90850.0
47,5,0,0,0,0,219,1.0,1.0,0.0,0.08,0.0,255,1,0.0,0.08,0.0,1.0,1.0,0.0,1,72202.0
24,9,291,2416,0,1,2,0.0,0.0,1.0,0.0,0.44,12,37,1.0,0.0,0.11,0.0,0.0,0.0,0,60210.0
24,9,236,9572,0,1,18,0.0,0.0,1.0,0.0,0.09,159,255,1.0,0.0,0.04,0.0,0.0,0.0,0,102501.0
24,9,210,1759,0,1,4,0.0,0.0,1.0,0.0,0.14,30,255,1.0,0.0,0.04,0.0,0.0,0.0,0,15633.0
57,5,0,0,0,0,218,1.0,1.0,0.01,0.07,0.0,255,3,0.01,0.09,0.0,1.0,1.0,0.0,1,123176.0
18,5,0,0,0,0,6,1.0,1.0,0.17,0.33,0.0,255,62,0.24,0.02,0.0,1.0,1.0,0.0,1,45233.0
30,1,0,0,0,0,149,0.0,0.0,0.13,0.05,0.0,255,15,0.06,0.07,0.0,0.0,0.0,1.0,1,82026.0
24,9,251,327,0,1,1,0.0,0.0,1.0,0.0,0.67,3,255,1.0,0.0,0.01,0.0,0.01,0.0,0,9151.0
42,9,146,0,0,0,3,0.0,0.0,0.33,0.67,0.0,255,1,0.0,0.86,0.0,0.0,0.0,0.0,0,114397.0
42,9,1,0,0,0,13,0.0,0.0,0.08,0.31,0.0,255,1,0.0,0.26,0.0,0.0,0.0,0.0,1,85044.0
24,9,347,49480,0,1,2,0.0,0.0,1.0,0.0,0.0,78,255,1.0,0.0,0.05,0.0,0.0,0.0,0,35941.0
38,5,0,0,0,0,190,1.0,1.0,0.06,0.08,0.0,255,11,0.04,0.08,0.0,1.0,1.0,0.0,1,86840.0
39,5,0,0,0,0,133,1.0,1.0,0.03,0.06,0.0,255,4,0.02,0.07,0.0,1.0,1.0,0.0,1,7278.0
24,9,302,1860,0,1,4,0.0,0.0,1.0,0.0,0.62,51,255,1.0,0.0,0.05,0.0,0.01,0.0,0,64430.0
47,5,0,0,0,0,260,1.0,1.0,0.03,0.06,0.0,255,8,0.03,0.08,0.0,1.0,1.0,0.0,1,1135.0
58,5,0,0,0,0,46,1.0,1.0,0.24,0.09,0.0,255,58,0.23,0.04,0.0,1.0,1.0,0.0,1,121413.0
12,9,42,86,0,0,1,0.0,0.0,1.0,0.0,0.17,90,89,0.99,0.02,0.0,0.0,0.0,0.0,0,118953.0
47,5,0,0,0,0,46,1.0,1.0,0.24,0.09,0.0,255,21,0.08,0.07,0.0,1.0,1.0,0.0,1,87695.0
35,5,0,0,0,0,194,1.0,1.0,0.08,0.06,0.0,255,16,0.06,0.07,0.0,1.0,1.0,0.0,1,55721.0
21,5,0,0,0,0,83,0.78,1.0,0.02,0.37,0.0,255,2,0.01,0.12,0.0,0.25,1.0,0.0,1,7287.0
20,9,5319,0,0,0,17,0.0,0.0,1.0,0.0,0.0,125,31,0.25,0.03,0.0,0.0,0.0,0.0,0,109726.0
47,5,0,0,0,0,113,1.0,1.0,0.01,0.07,0.0,255,8,0.03,0.07,0.0,1.0,1.0,0.0,1,42287.0
24,9,255,3952,0,1,12,0.0,0.0,1.0,0.0,0.15,255,255,1.0,0.0,0.0,0.0,0.0,0.0,0,86158.0
24,9,232,364,0,1,9,0.0,0.0,1.0,0.0,0.0,58,255,1.0,0.0,0.06,0.0,0.0,0.0,0,123818.0
19,9,1481,4152,0,1,2,0.0,0.0,0.5,1.0,0.0,255,50,0.2,0.03,0.0,0.0,0.0,0.0,0,27353.0
47,5,0,0,0,0,94,1.0,1.0,0.12,0.06,0.0,148,11,0.07,0.07,0.0,1.0,1.0,0.0,1,2836.0
12,9,43,43,0,0,225,0.0,0.0,1.0,0.0,0.0,255,255,1.0,0.0,0.0,0.0,0.0,0.0,0,87322.0
47,5,0,0,0,0,211,1.0,1.0,0.09,0.07,0.0,255,18,0.07,0.06,0.0,1.0,1.0,0.0,1,13964.0
14,9,8,0,0,0,1,0.0,0.0,1.0,0.0,1.0,2,28,1.0,0.0,0.5,0.0,0.0,0.0,1,50544.0
12,9,110,49,0,0,2,0.0,0.0,1.0,0.0,0.0,31,24,0.77,0.06,0.0,0.0,0.0,0.0,0,36930.0
24,9,214,7054,0,1,4,0.0,0.0,1.0,0.0,0.0,4,255,1.0,0.0,0.05,0.0,0.0,0.0,0,89177.0
14,9,18,0,0,0,1,0.0,0.0,1.0,0.0,0.0,1,200,1.0,0.0,1.0,0.0,0.0,0.0,1,96725.0
58,9,510,226840,0,1,1,0.0,0.0,1.0,0.0,0.0,255,17,0.07,0.02,0.0,0.0,0.06,0.12,0,45983.0
47,5,0,0,0,0,158,1.0,1.0,0.07,0.06,0.0,255,20,0.08,0.07,0.0,1.0,1.0,0.0,1,102671.0
24,9,327,18798,0,1,1,0.0,0.0,1.0,0.0,0.0,31,31,1.0,0.0,0.0,0.0,0.0,0.0,0,110059.0
24,9,301,4433,0,1,3,0.0,0.0,1.0,0.0,0.06,3,255,1.0,0.0,0.05,0.0,0.0,0.0,0,18844.0
30,5,0,0,0,0,119,1.0,1.0,0.01,0.06,0.0,255,19,0.07,0.07,0.0,1.0,1.0,0.0,1,40093.0
47,5,0,0,0,0,120,1.0,1.0,0.12,0.06,0.0,255,11,0.04,0.07,0.0,1.0,1.0,0.0,1,105874.0
24,9,306,1147,0,1,5,0.0,0.0,1.0,0.0,0.0,42,255,1.0,0.0,0.08,0.0,0.01,0.0,0,44326.0
24,9,293,1651,0,1,11,0.0,0.0,1.0,0.0,0.33,145,255,1.0,0.0,0.02,0.0,0.0,0.0,0,46272.0
24,9,295,1680,0,1,6,0.0,0.0,1.0,0.0,0.0,152,255,1.0,0.0,0.02,0.01,0.0,0.0,0,111819.0
24,9,300,17287,0,1,2,0.0,0.0,1.0,0.0,0.0,72,255,1.0,0.0,0.05,0.0,0.0,0.0,0,11538.0
62,9,181,0,0,0,2,0.0,0.0,0.5,1.0,0.0,255,26,0.1,0.01,0.0,0.0,0.0,0.0,0,48845.0
20,9,6601,0,0,1,13,0.0,0.0,1.0,0.0,0.0,75,123,0.47,0.05,0.02,0.0,0.01,0.0,0,74012.0
12,9,43,109,0,0,19,0.0,0.0,1.0,0.0,0.02,197,113,0.57,0.02,0.0,0.0,0.0,0.0,0,89244.0
24,9,359,471,0,1,15,0.0,0.0,1.0,0.0,0.09,192,255,1.0,0.0,0.03,0.0,0.0,0.0,0,90239.0
12,9,29,29,0,0,1,0.0,0.0,1.0,0.0,1.0,255,253,0.99,0.01,0.0,0.0,0.0,0.0,0,491.0
58,5,0,0,0,0,227,1.0,1.0,0.06,0.07,0.0,255,13,0.05,0.07,0.0,1.0,1.0,0.0,1,83435.0
24,9,329,806,0,1,14,0.0,0.0,1.0,0.0,0.18,189,201,1.0,0.0,0.02,0.01,0.01,0.0,0,52616.0
24,1,0,0,0,0,1,0.0,0.0,1.0,0.0,0.0,46,150,1.0,0.0,0.04,0.0,0.0,1.0,0,44235.0
52,9,1672,365,0,1,1,0.0,0.0,1.0,0.0,1.0,115,213,0.67,0.03,0.01,0.0,0.0,0.0,0,83690.0
58,5,0,0,0,0,15,1.0,1.0,0.6,0.13,0.0,215,50,0.23,0.02,0.04,1.0,0.98,0.0,1,91986.0
47,5,0,0,0,0,90,1.0,1.0,0.2,0.07,0.0,255,20,0.08,0.07,0.0,1.0,1.0,0.0,1,39277.0
12,9,42,127,0,0,221,0.0,0.0,1.0,0.0,0.01,146,107,0.73,0.02,0.0,0.0,0.0,0.0,0,114054.0
42,9,147,105,0,0,3,0.0,0.0,0.33,0.67,0.0,255,3,0.01,0.56,0.0,0.0,0.0,0.0,0,46213.0
24,9,352,1695,0,1,13,0.0,0.0,1.0,0.0,0.13,255,255,1.0,0.0,0.0,0.0,0.0,0.0,0,61974.0
24,9,229,9295,0,1,27,0.0,0.0,1.0,0.0,0.0,75,255,1.0,0.0,0.01,0.0,0.0,0.0,0,70411.0
24,9,243,3446,0,1,9,0.0,0.0,1.0,0.0,0.0,255,255,1.0,0.0,0.0,0.0,0.0,0.01,0,38171.0
25,5,0,0,0,0,131,1.0,1.0,0.15,0.05,0.0,255,19,0.07,0.05,0.0,1.0,1.0,0.0,1,64978.0
47,4,0,0,0,0,1,0.0,0.0,1.0,0.0,0.0,175,1,0.01,0.17,0.0,0.0,0.0,1.0,1,91209.0
24,5,0,0,0,0,2,0.5,0.33,1.0,0.0,0.67,14,245,1.0,0.0,0.03,0.07,0.01,0.0,0,99850.0
24,9,258,22368,0,1,10,0.0,0.0,1.0,0.0,0.0,36,255,1.0,0.0,0.05,0.0,0.0,0.0,0,98468.0
47,1,0,0,0,0,148,0.05,0.0,0.01,1.0,0.0,255,1,0.0,0.77,0.0,0.03,0.0,1.0,1,35239.0
29,5,0,0,0,0,30,1.0,1.0,0.1,0.1,0.0,255,3,0.01,0.07,0.0,1.0,1.0,0.0,1,73267.0
14,9,8,0,0,0,1,0.0,0.0,1.0,0.0,1.0,1,109,1.0,0.0,0.26,0.0,0.0,0.0,1,104801.0
42,9,147,0,0,0,4,0.0,0.0,0.25,0.75,0.0,255,1,0.0,0.7,0.0,0.0,0.0,0.0,0,50188.0
19,2,0,0,0,0,1,0.0,0.0,1.0,0.0,0.0,133,33,0.25,0.04,0.0,0.0,0.0,0.12,0,48514.0
19,9,1250,2451,0,1,1,0.0,0.0,1.0,0.0,0.0,255,135,0.53,0.02,0.0,0.0,0.0,0.0,1,22827.0
15,9,1032,0,0,0,510,0.0,0.0,1.0,0.0,0.0,255,80,0.31,0.13,0.0,0.0,0.0,0.0,1,1453.0
52,9,2045,326,0,1,1,0.0,0.0,1.0,0.0,1.0,211,136,0.55,0.03,0.01,0.01,0.01,0.0,0,57704.0
24,9,324,1718,0,1,11,0.0,0.0,1.0,0.0,0.08,255,255,1.0,0.0,0.0,0.0,0.0,0.0,0,78058.0
47,5,0,0,0,0,287,1.0,1.0,0.09,0.05,0.0,255,25,0.1,0.07,0.0,1.0,1.0,0.0,1,97649.0
14,9,8,0,0,0,1,0.0,0.0,1.0,0.0,1.0,1,61,1.0,0.0,0.51,0.0,0.0,0.0,1,68736.0
24,9,203,1415,0,1,4,0.0,0.0,1.0,0.0,0.27,4,255,1.0,0.0,0.05,0.0,0.0,0.01,0,94777.0
20,9,5336,0,0,1,8,0.0,0.0,1.0,0.0,0.2,114,101,0.16,0.03,0.02,0.0,0.0,0.0,0,24406.0
38,5,0,0,0,0,183,1.0,1.0,0.13,0.04,0.0,255,24,0.09,0.05,0.0,1.0,1.0,0.0,1,110081.0
47,9,105,147,0,0,1,0.0,0.0,1.0,0.0,0.0,102,101,0.99,0.02,0.0,0.0,0.0,0.0,0,51480.0
20,5,0,0,0,0,70,1.0,1.0,0.26,0.06,0.0,255,64,0.25,0.02,0.0,1.0,1.0,0.0,1,99296.0
52,9,759,329,0,1,1,0.0,0.0,1.0,0.0,1.0,197,135,0.64,0.03,0.01,0.0,0.0,0.0,0,101098.0
24,1,0,0,0,0,1,0.0,0.0,1.0,0.0,0.0,11,25,1.0,0.0,0.28,0.0,0.0,1.0,0,92648.0
52,9,753,331,0,1,1,0.0,0.0,1.0,0.0,1.0,255,158,0.62,0.02,0.0,0.0,0.0,0.0,0,26366.0
47,5,0,0,0,0,258,1.0,1.0,0.05,0.06,0.0,255,8,0.03,0.08,0.0,1.0,1.0,0.0,1,59213.0
6,1,0,0,0,0,111,0.0,0.0,0.1,0.06,0.0,255,11,0.04,0.05,0.0,0.0,0.0,1.0,1,99043.0
12,9,38,38,0,0,5,0.0,0.0,1.0,0.0,0.22,255,239,0.94,0.01,0.0,0.0,0.0,0.0,0,49993.0
47,9,1,0,0,0,147,0.0,0.0,0.86,0.03,0.0,255,166,0.65,0.04,0.0,0.0,0.0,0.0,1,60554.0
20,9,201,0,0,0,2,0.0,0.0,1.0,0.0,0.0,255,102,0.4,0.02,0.0,0.0,0.0,0.0,0,118123.0
24,9,205,286,0,1,3,0.33,0.33,1.0,0.0,0.5,3,255,1.0,0.0,0.05,0.33,0.01,0.0,0,28019.0
15,9,1032,0,0,0,511,0.0,0.0,1.0,0.0,0.0,255,57,0.22,0.02,0.0,0.02,0.0,0.0,1,9545.0
24,9,217,1745,0,1,18,0.0,0.0,1.0,0.0,0.0,255,255,1.0,0.0,0.0,0.0,0.0,0.0,0,105889.0
54,1,0,0,0,0,120,0.0,0.0,0.08,0.08,0.0,255,10,0.04,0.08,0.0,0.0,0.0,1.0,1,5738.0
42,9,146,105,0,0,1,0.0,0.0,1.0,0.0,0.0,255,1,0.0,0.54,0.0,0.0,0.0,0.0,0,107030.0
18,5,0,0,0,0,213,1.0,1.0,0.0,0.07,0.0,255,1,0.0,0.07,0.0,1.0,1.0,0.0,1,92360.0
4,1,0,0,0,0,205,0.0,0.0,0.01,0.07,0.0,255,3,0.01,0.08,0.0,0.0,0.0,1.0,1,79078.0
47,5,0,0,0,0,275,1.0,1.0,0.04,0.05,0.0,255,1,0.0,0.08,0.0,1.0,1.0,0.0,1,121674.0
57,5,0,0,0,0,234,1.0,1.0,0.05,0.07,0.0,255,11,0.04,0.08,0.0,1.0,1.0,0.0,1,21277.0
5,5,0,0,0,0,264,1.0,1.0,0.03,0.06,0.0,255,8,0.03,0.06,0.0,1.0,1.0,0.0,1,72170.0
24,9,224,16644,0,1,19,0.0,0.0,1.0,0.0,0.0,19,255,1.0,0.0,0.09,0.0,0.0,0.0,0,78124.0
20,9,748,0,0,1,1,0.0,0.0,1.0,0.0,0.0,9,57,0.78,0.22,0.04,0.0,0.0,0.0,0,10700.0
24,9,297,1768,0,1,12,0.0,0.0,1.0,0.0,0.2,255,255,1.0,0.0,0.0,0.0,0.0,0.0,0,3336.0
63,5,0,0,0,0,128,1.0,1.0,0.03,0.06,0.0,255,9,0.04,0.06,0.0,1.0,1.0,0.0,1,5377.0
19,2,0,0,0,0,257,0.0,0.0,0.08,0.06,0.0,255,20,0.08,0.08,0.0,0.0,0.0,1.0,1,34459.0
4,1,0,0,0,0,267,0.0,0.0,0.07,0.06,0.0,255,19,0.07,0.07,0.0,0.0,0.0,1.0,1,86149.0
17,5,0,0,0,0,123,1.0,1.0,0.14,0.06,0.0,255,17,0.07,0.05,0.0,1.0,1.0,0.0,1,96636.0
12,9,46,46,0,0,14,0.0,0.0,1.0,0.0,0.14,255,255,1.0,0.0,0.0,0.0,0.0,0.0,0,111926.0
24,1,0,0,0,0,278,0.0,0.0,0.06,0.06,0.0,255,16,0.06,0.07,0.0,0.0,0.0,1.0,1,104398.0
20,9,4753,0,0,1,17,0.0,0.0,0.94,0.12,0.0,115,47,0.19,0.06,0.04,0.0,0.0,0.0,0,98618.0
35,1,0,0,0,0,185,0.0,0.0,0.05,0.06,0.0,255,10,0.04,0.07,0.0,0.0,0.0,1.0,1,90964.0
24,9,170,12589,0,1,6,0.0,0.0,1.0,0.0,0.0,6,255,1.0,0.0,0.03,0.0,0.0,0.0,0,73368.0
47,1,0,0,0,0,46,0.0,0.0,0.35,0.07,0.0,255,7,0.03,0.06,0.0,0.0,0.0,1.0,1,35188.0
14,9,8,0,0,0,1,0.0,0.0,1.0,0.0,1.0,2,110,1.0,0.0,0.25,0.0,0.0,0.0,1,72728.0
30,5,0,0,0,0,263,1.0,1.0,0.08,0.05,0.0,255,21,0.08,0.06,0.0,1.0,1.0,0.0,1,77326.0
24,9,214,15121,0,1,8,0.0,0.0,1.0,0.0,0.22,28,255,1.0,0.0,0.06,0.0,0.0,0.0,0,34215.0
14,9,8,0,0,0,1,0.0,0.0,1.0,0.0,1.0,2,10,1.0,0.0,0.5,0.0,0.0,0.0,1,121361.0
54,5,0,0,0,0,134,1.0,1.0,0.14,0.06,0.0,255,21,0.08,0.07,0.0,1.0,1.0,0.0,1,17201.0
24,9,251,271,0,1,3,0.0,0.0,0.67,0.67,0.6,255,245,0.96,0.01,0.0,0.0,0.0,0.0,0,57233.0
47,5,0,0,0,0,105,0.99,1.0,0.04,0.08,0.0,255,4,0.02,0.06,0.0,1.0,1.0,0.0,1,38851.0
24,9,293,2530,0,1,18,0.0,0.0,1.0,0.0,0.0,255,255,1.0,0.0,0.0,0.0,0.0,0.0,0,41592.0
24,9,307,602,0,1,26,0.0,0.0,1.0,0.0,0.0,255,255,1.0,0.0,0.0,0.0,0.0,0.0,0,44105.0
60,5,0,0,0,0,181,1.0,1.0,0.06,0.06,0.0,255,10,0.04,0.07,0.0,1.0,1.0,0.0,1,74255.0
12,9,45,74,0,0,67,0.0,0.0,1.0,0.0,0.01,255,254,1.0,0.01,0.0,0.0,0.0,0.0,0,98786.0
24,9,198,2810,0,1,3,0.0,0.0,1.0,0.0,0.0,9,255,1.0,0.0,0.03,0.0,0.0,0.0,0,58538.0
47,5,0,0,0,0,258,1.0,1.0,0.01,0.06,0.0,255,17,0.07,0.07,0.0,1.0,1.0,0.0,1,16092.0
24,5,0,0,0,0,38,1.0,1.0,0.34,0.11,0.0,255,43,0.17,0.04,0.0,1.0,1.0,0.0,1,80706.0
26,1,0,0,0,0,281,0.0,0.0,0.06,0.06,0.0,255,17,0.07,0.07,0.0,0.0,0.0,1.0,1,24869.0
24,9,54540,8314,0,1,3,0.0,0.0,1.0,0.0,0.0,108,108,1.0,0.0,0.0,0.0,0.0,0.01,1,40210.0
24,9,315,283,0,1,18,0.0,0.0,1.0,0.0,0.0,227,255,1.0,0.0,0.01,0.0,0.0,0.0,0,82828.0
20,9,175337,0,0,0,1,0.0,0.0,1.0,0.0,0.0,255,90,0.35,0.02,0.0,0.0,0.0,0.0,0,14717.0
15,9,1032,0,0,0,55,0.0,0.0,1.0,0.0,0.0,255,55,0.22,0.02,0.0,0.0,0.0,0.0,1,121056.0
24,9,54540,8314,0,1,5,0.0,0.0,1.0,0.0,0.0,220,220,1.0,0.0,0.0,0.0,0.0,0.06,1,54734.0
20,5,0,0,0,0,35,1.0,1.0,0.2,0.11,0.0,255,67,0.26,0.02,0.0,1.0,1.0,0.0,1,101510.0
54,5,0,0,0,0,231,1.0,1.0,0.09,0.06,0.0,255,19,0.07,0.06,0.0,1.0,1.0,0.0,1,111445.0
12,9,45,129,0,0,83,0.0,0.0,1.0,0.0,0.01,255,254,1.0,0.01,0.0,0.0,0.0,0.0,0,94245.0
60,5,0,0,0,0,105,1.0,1.0,0.05,0.06,0.0,255,7,0.03,0.06,0.0,1.0,1.0,0.0,1,106938.0
20,9,245,0,0,1,1,0.0,0.0,1.0,0.0,0.0,255,2,0.01,0.53,0.0,0.0,0.0,0.0,0,39016.0
24,9,354,2771,0,1,1,0.0,0.0,1.0,0.0,0.17,83,255,1.0,0.0,0.01,0.0,0.0,0.0,0,4763.0
24,9,311,26340,0,1,2,0.0,0.0,1.0,0.0,0.0,80,255,1.0,0.0,0.01,0.01,0.0,0.01,0,15688.0
47,5,0,0,0,0,163,1.0,1.0,0.14,0.07,0.0,255,23,0.09,0.06,0.0,1.0,1.0,0.0,1,103329.0
47,1,0,0,0,0,233,0.0,0.0,0.03,0.06,0.0,255,7,0.03,0.08,0.0,0.0,0.0,1.0,1,93577.0
47,4,1,0,0,0,2,0.0,0.0,1.0,0.0,0.0,255,2,0.01,0.4,0.0,0.0,0.0,1.0,1,73104.0
14,9,8,0,0,0,1,0.0,0.0,1.0,0.0,1.0,2,63,1.0,0.0,0.51,0.0,0.0,0.0,1,69276.0
12,9,36,101,0,0,2,0.0,0.0,1.0,0.0,0.0,132,76,0.58,0.03,0.0,0.0,0.0,0.0,0,22020.0
47,5,0,0,0,0,106,1.0,1.0,0.08,0.06,0.0,255,6,0.02,0.07,0.0,1.0,1.0,0.0,1,13747.0
24,9,205,579,0,1,15,0.0,0.0,1.0,0.0,0.0,32,255,1.0,0.0,0.04,0.0,0.0,0.0,0,84299.0
24,9,339,14468,0,1,12,0.0,0.0,1.0,0.0,0.0,255,255,1.0,0.0,0.0,0.0,0.0,0.0,0,8729.0
12,9,45,45,0,0,207,0.0,0.0,1.0,0.01,0.0,255,254,1.0,0.01,0.0,0.0,0.0,0.0,0,35386.0
47,5,0,0,0,0,269,1.0,1.0,0.05,0.06,0.0,255,28,0.11,0.06,0.0,1.0,1.0,0.0,1,43237.0
24,9,244,564,0,1,16,0.0,0.0,1.0,0.0,0.0,255,255,1.0,0.0,0.0,0.0,0.0,0.0,0,30245.0
24,9,289,2952,0,1,9,0.0,0.0,1.0,0.0,0.0,35,255,1.0,0.0,0.03,0.0,0.0,0.0,0,85352.0
58,5,0,0,0,0,14,1.0,1.0,0.21,0.29,0.0,255,51,0.2,0.05,0.0,1.0,1.0,0.0,1,121444.0
47,1,0,0,0,0,282,0.07,0.0,0.0,1.0,0.0,255,1,0.0,1.0,0.0,0.08,0.0,1.0,1,25683.0
55,2,0,0,0,0,260,0.0,0.0,0.01,0.07,0.0,255,2,0.01,0.07,0.0,0.0,0.0,1.0,1,27822.0
8,5,0,0,0,0,101,1.0,1.0,0.12,0.06,0.0,255,7,0.03,0.07,0.0,1.0,1.0,0.0,1,17211.0
24,9,208,753,0,1,12,0.0,0.0,1.0,0.0,0.0,173,255,1.0,0.0,0.03,0.0,0.0,0.0,0,86379.0
20,9,567,0,0,0,1,0.0,0.0,1.0,0.0,0.0,110,105,0.34,0.05,0.02,0.0,0.0,0.0,0,22118.0
20,9,2056,0,0,1,7,0.0,0.0,1.0,0.0,0.0,255,117,0.46,0.02,0.0,0.0,0.0,0.0,0,43625.0
4,5,0,0,0,0,279,1.0,1.0,0.02,0.06,0.0,255,6,0.02,0.07,0.0,1.0,1.0,0.0,1,67230.0
12,9,45,42,0,0,2,0.0,0.0,1.0,0.0,0.67,255,209,0.82,0.01,0.0,0.0,0.0,0.0,0,69676.0
24,9,209,5260,0,1,16,0.0,0.0,1.0,0.0,0.0,255,255,1.0,0.0,0.0,0.0,0.0,0.0,0,14926.0
24,9,242,1579,0,1,29,0.0,0.0,1.0,0.0,0.07,255,255,1.0,0.0,0.0,0.0,0.0,0.0,0,79323.0
47,5,0,0,0,0,161,1.0,1.0,0.02,0.06,0.0,255,16,0.06,0.09,0.0,1.0,1.0,0.0,1,115623.0
24,9,277,629,0,1,1,0.0,0.0,1.0,0.0,1.0,13,255,1.0,0.0,0.01,0.0,0.0,0.0,0,105037.0
14,9,8,0,0,0,1,0.0,0.0,1.0,0.0,1.0,1,28,1.0,0.0,0.54,0.0,0.0,0.0,1,42955.0
24,9,297,2156,0,1,15,0.0,0.0,1.0,0.0,0.09,22,158,1.0,0.0,0.08,0.0,0.01,0.0,0,29785.0
39,5,0,0,0,0,136,1.0,1.0,0.05,0.06,0.0,255,3,0.01,0.07,0.0,1.0,1.0,0.0,1,98812.0
24,9,186,763,0,1,3,0.0,0.0,1.0,0.0,0.0,39,255,1.0,0.0,0.01,0.0,0.0,0.0,0,51515.0
4,5,0,0,0,0,290,1.0,1.0,0.01,0.06,0.0,255,8,0.03,0.07,0.0,1.0,1.0,0.0,1,4183.0
38,5,0,0,0,0,277,1.0,1.0,0.04,0.05,0.0,255,1,0.0,0.09,0.0,1.0,1.0,0.0,1,6805.0
58,5,0,0,0,0,273,1.0,1.0,0.08,0.04,0.0,255,22,0.09,0.05,0.0,1.0,1.0,0.0,1,77367.0
15,9,520,0,0,0,6,0.0,0.0,1.0,0.0,0.0,255,255,1.0,0.0,0.0,0.0,0.0,0.0,1,55051.0
47,9,28,0,3,0,20,0.0,0.0,1.0,0.0,0.0,255,20,0.08,0.02,0.0,0.0,0.0,0.0,1,88846.0
24,9,280,12913,0,1,2,0.0,0.0,1.0,0.0,0.67,35,255,1.0,0.0,0.07,0.0,0.0,0.0,0,3848.0
18,5,0,0,0,0,210,1.0,1.0,0.09,0.07,0.0,255,18,0.07,0.07,0.0,1.0,1.0,0.0,1,75360.0
15,9,30,0,0,0,2,0.0,0.0,1.0,0.0,0.0,228,228,1.0,0.0,0.0,0.0,0.0,0.0,0,23280.0
24,5,0,0,0,0,2,0.5,0.17,1.0,0.0,0.33,255,255,1.0,0.0,0.0,0.01,0.01,0.0,0,5726.0
65,5,0,0,0,0,260,1.0,1.0,0.0,0.06,0.0,255,18,0.07,0.07,0.0,1.0,1.0,0.0,1,28175.0
47,4,0,0,0,0,1,0.0,0.0,1.0,0.0,0.0,153,1,0.01,0.37,0.0,0.0,0.0,1.0,1,85484.0
24,9,305,2239,0,1,6,0.0,0.0,1.0,0.0,0.0,255,240,0.94,0.01,0.0,0.0,0.0,0.0,0,56848.0
66,5,0,0,0,0,227,1.0,1.0,0.03,0.07,0.0,255,7,0.03,0.07,0.0,1.0,1.0,0.0,1,14304.0
12,9,44,129,0,0,3,0.0,0.0,1.0,0.0,0.18,255,254,1.0,0.01,0.0,0.0,0.0,0.0,0,49816.0
24,9,314,6924,0,1,26,0.0,0.0,1.0,0.0,0.07,125,255,1.0,0.0,0.01,0.0,0.01,0.0,0,96922.0
15,9,1032,0,0,0,511,0.0,0.0,1.0,0.0,0.0,255,35,0.14,0.09,0.0,0.08,0.0,0.0,1,53869.0
24,9,280,2835,0,1,1,0.0,0.0,1.0,0.0,0.0,1,26,1.0,0.0,0.08,0.0,0.0,0.0,0,3296.0
12,9,46,72,0,0,56,0.0,0.0,1.0,0.0,0.0,255,255,1.0,0.0,0.0,0.0,0.0,0.0,0,68668.0
14,9,18,0,0,0,1,0.0,0.0,1.0,0.0,0.0,1,93,1.0,0.0,0.26,0.0,0.0,0.0,1,45386.0
58,9,371,11256,0,1,1,0.0,0.0,1.0,0.0,0.0,255,63,0.25,0.02,0.0,0.8,0.95,0.0,0,11613.0
24,5,0,0,0,0,14,1.0,1.0,0.43,0.29,0.0,94,26,0.28,0.04,0.0,1.0,1.0,0.0,1,281.0
24,9,163,18014,0,1,1,0.0,0.0,1.0,0.0,0.0,255,255,1.0,0.0,0.0,0.0,0.0,0.0,0,5206.0
19,9,1181,2447,0,1,1,0.0,0.0,1.0,0.0,0.0,255,27,0.11,0.02,0.0,0.11,0.0,0.0,1,40004.0
24,9,294,832,0,1,8,0.0,0.0,1.0,0.0,0.0,171,255,1.0,0.0,0.03,0.0,0.0,0.0,0,17675.0
15,9,520,0,0,0,2,0.0,0.0,1.0,0.0,0.0,255,255,1.0,0.0,0.0,0.0,0.0,0.0,1,87009.0
24,9,269,3372,0,1,4,0.0,0.0,1.0,0.0,0.0,34,71,1.0,0.0,0.03,0.0,0.0,0.0,0,108954.0
52,9,1268,405,0,1,1,0.0,0.0,1.0,0.0,1.0,63,168,0.83,0.05,0.01,0.0,0.0,0.0,0,119477.0
17,5,0,0,0,0,84,1.0,1.0,0.04,0.07,0.0,255,3,0.01,0.06,0.0,1.0,1.0,0.0,1,50356.0
42,9,146,105,0,0,1,0.0,0.0,1.0,0.0,0.0,255,2,0.01,0.65,0.0,0.0,0.0,0.0,0,118693.0
47,5,0,0,0,0,242,1.0,1.0,0.01,0.06,0.0,255,18,0.07,0.09,0.0,1.0,1.0,0.0,1,51197.0
17,2,0,0,0,0,117,0.0,0.0,0.03,0.07,0.0,255,4,0.02,0.07,0.0,0.0,0.0,1.0,1,80929.0
24,9,374,1520,0,1,1,0.0,0.0,1.0,0.0,0.07,48,255,1.0,0.0,0.03,0.0,0.0,0.0,0,83191.0
24,9,308,1159,0,1,16,0.0,0.0,1.0,0.0,0.0,255,255,1.0,0.0,0.0,0.0,0.0,0.0,0,1896.0
30,5,0,0,0,0,104,1.0,1.0,0.04,0.07,0.0,255,4,0.02,0.06,0.0,1.0,1.0,0.0,1,28199.0
24,1,0,0,0,0,1,0.0,0.0,1.0,0.0,0.0,78,245,1.0,0.0,0.16,0.0,0.0,0.95,0,106700.0
24,9,221,187,0,1,36,0.0,0.0,1.0,0.0,0.09,255,255,1.0,0.0,0.0,0.0,0.0,0.0,0,26911.0
20,9,15377,0,0,1,8,0.0,0.0,1.0,0.0,0.0,205,81,0.3,0.04,0.02,0.01,0.0,0.0,0,16700.0
47,1,0,0,0,0,150,0.0,0.0,0.13,0.06,0.0,75,20,0.27,0.08,0.0,0.0,0.0,1.0,1,59751.0
54,5,0,0,0,0,130,1.0,1.0,0.08,0.05,0.0,255,4,0.02,0.07,0.0,1.0,1.0,0.0,1,25968.0
47,5,0,0,0,0,112,1.0,1.0,0.11,0.06,0.0,255,19,0.07,0.07,0.0,1.0,1.0,0.0,1,69483.0
24,4,54540,8314,0,1,4,0.0,0.0,1.0,0.0,0.0,144,144,1.0,0.0,0.0,0.0,0.0,0.06,1,7653.0
24,9,363,8676,0,1,5,0.0,0.0,1.0,0.0,0.33,6,255,1.0,0.0,0.08,0.0,0.0,0.0,0,104763.0
27,5,0,0,0,0,287,1.0,1.0,0.01,0.06,0.0,255,4,0.02,0.07,0.0,1.0,1.0,0.0,1,107416.0
20,9,0,199,0,0,1,0.0,0.0,1.0,0.0,0.0,35,64,0.34,0.14,0.03,0.0,0.0,0.0,0,91784.0
8,5,0,0,0,0,172,1.0,1.0,0.03,0.06,0.0,255,5,0.02,0.05,0.0,1.0,1.0,0.0,1,67654.0
14,9,18,0,0,0,1,0.0,0.0,1.0,0.0,0.0,1,157,1.0,0.0,1.0,0.0,0.0,0.0,1,41666.0
52,9,1052,339,0,1,1,0.0,0.0,1.0,0.0,0.0,74,162,0.66,0.05,0.01,0.0,0.0,0.0,0,56986.0
47,5,0,0,0,0,26,1.0,1.0,0.12,0.12,0.0,255,3,0.01,0.07,0.0,1.0,1.0,0.0,1,109581.0
4,5,0,0,0,0,263,1.0,1.0,0.01,0.06,0.0,255,3,0.01,0.06,0.0,1.0,1.0,0.0,1,56009.0
24,9,360,3222,0,1,1,0.0,0.0,1.0,0.0,0.25,2,255,1.0,0.0,0.01,0.0,0.0,0.0,0,98459.0
24,9,320,18798,0,1,7,0.0,0.0,1.0,0.0,0.0,30,156,1.0,0.0,0.07,0.03,0.01,0.0,0,41672.0
24,6,322,11619,0,1,5,0.2,0.2,1.0,0.0,0.0,255,255,1.0,0.0,0.0,0.0,0.0,0.0,0,59196.0
24,9,0,1101,0,0,6,0.17,0.17,1.0,0.0,0.0,6,255,1.0,0.0,0.08,0.17,0.0,0.0,0,72880.0
52,9,0,90,0,1,1,0.0,0.0,1.0,0.0,0.0,6,115,0.17,1.0,0.03,0.0,0.0,0.0,1,52760.0
19,5,0,0,0,0,211,1.0,1.0,0.09,0.06,0.0,255,19,0.07,0.06,0.0,1.0,1.0,0.0,1,13609.0
42,9,516,4,0,0,444,0.0,0.0,1.0,0.0,0.0,255,255,1.0,0.0,0.0,0.0,0.0,0.0,0,93522.0
38,1,0,0,0,0,511,0.07,0.0,0.0,1.0,0.0,255,1,0.0,1.0,0.0,0.13,0.0,1.0,1,92490.0
24,9,311,442,0,1,11,0.09,0.14,1.0,0.0,0.14,177,255,1.0,0.0,0.02,0.01,0.01,0.01,0,73108.0
47,5,0,0,0,0,244,1.0,1.0,0.05,0.06,0.0,255,9,0.04,0.06,0.0,1.0,1.0,0.0,1,112816.0
20,9,748,0,0,1,1,0.0,0.0,1.0,0.0,0.0,25,7,0.28,0.08,0.0,0.0,0.0,0.0,0,24213.0
52,9,2592,335,0,1,1,0.0,0.0,1.0,0.0,0.0,255,119,0.47,0.03,0.0,0.0,0.0,0.0,0,111948.0
24,9,208,1314,0,1,2,0.0,0.0,1.0,0.0,0.0,165,255,1.0,0.0,0.02,0.0,0.0,0.0,0,112206.0
2,1,0,0,0,0,224,0.0,0.0,0.04,0.07,0.0,255,10,0.04,0.07,0.0,0.0,0.0,1.0,1,93806.0
12,9,44,131,0,0,125,0.0,0.0,1.0,0.0,0.01,255,255,1.0,0.0,0.0,0.0,0.0,0.0,0,45273.0
52,9,867,328,0,1,1,0.0,0.0,1.0,0.0,0.0,59,29,0.49,0.03,0.0,0.0,0.0,0.0,0,116076.0
12,9,44,135,0,0,64,0.0,0.0,0.98,0.03,0.01,255,235,0.92,0.01,0.0,0.0,0.0,0.0,0,46675.0
57,5,0,0,0,0,110,1.0,1.0,0.09,0.05,0.0,255,10,0.04,0.07,0.0,1.0,1.0,0.0,1,111678.0
24,9,331,4823,0,1,17,0.0,0.0,1.0,0.0,0.1,255,255,1.0,0.0,0.0,0.0,0.0,0.0,0,115565.0
47,5,0,0,0,0,255,1.0,1.0,0.05,0.06,0.0,255,12,0.05,0.06,0.0,1.0,1.0,0.0,1,98934.0
20,5,0,0,0,0,79,1.0,1.0,0.25,0.05,0.0,255,66,0.26,0.02,0.0,1.0,1.0,0.0,1,78327.0
24,9,54540,8314,0,1,3,0.0,0.0,1.0,0.0,0.0,51,51,1.0,0.0,0.0,0.02,0.02,0.02,1,35432.0
24,9,223,925,0,1,10,0.0,0.0,1.0,0.0,0.08,203,255,1.0,0.0,0.02,0.0,0.0,0.0,0,107768.0
24,9,244,3750,0,1,2,0.0,0.0,1.0,0.0,0.5,132,255,1.0,0.0,0.03,0.0,0.0,0.0,0,61807.0
17,5,0,0,0,0,94,1.0,1.0,0.02,0.07,0.0,255,15,0.06,0.07,0.0,1.0,1.0,0.0,1,58133.0
52,9,1901,333,0,1,1,0.0,0.0,1.0,0.0,1.0,46,127,0.41,0.09,0.02,0.0,0.0,0.0,0,39318.0
47,1,0,0,0,0,197,0.0,0.0,0.01,0.08,0.0,255,1,0.0,0.07,0.0,0.0,0.0,1.0,1,45291.0
47,9,28,0,3,0,195,0.51,0.0,0.49,0.04,0.0,255,95,0.37,0.63,0.0,0.09,0.0,0.0,1,94486.0
24,1,0,0,0,0,1,0.0,0.0,1.0,0.0,0.0,11,28,1.0,0.0,0.29,0.0,0.0,1.0,0,109296.0
25,5,0,0,0,0,112,0.99,1.0,0.16,0.07,0.0,255,18,0.07,0.06,0.0,1.0,1.0,0.0,1,123759.0
52,9,747,386,0,1,1,0.0,0.0,1.0,0.0,1.0,246,129,0.49,0.01,0.02,0.81,0.78,0.0,0,4392.0
47,1,0,0,0,0,261,0.0,0.0,0.01,0.07,0.0,255,3,0.01,0.09,0.0,0.0,0.0,1.0,1,51379.0
24,9,230,1203,0,1,4,0.0,0.0,1.0,0.0,0.0,4,255,1.0,0.0,0.05,0.0,0.0,0.0,0,108671.0
12,9,45,139,0,0,69,0.0,0.0,1.0,0.0,0.01,255,255,1.0,0.0,0.0,0.0,0.0,0.0,0,39338.0
52,9,770,335,0,1,1,0.0,0.0,1.0,0.0,0.0,121,97,0.36,0.05,0.02,0.0,0.0,0.0,0,34720.0
60,9,0,4,0,0,1,0.0,0.0,1.0,0.0,0.0,24,24,1.0,0.0,0.0,0.08,0.08,0.04,0,117688.0
24,9,271,11354,0,1,3,0.0,0.0,1.0,0.0,0.0,132,255,1.0,0.0,0.02,0.01,0.0,0.0,0,72703.0
47,5,0,0,0,0,253,1.0,1.0,0.06,0.06,0.0,255,1,0.0,0.09,0.0,1.0,1.0,0.0,1,88395.0
63,5,0,0,0,0,121,1.0,1.0,0.17,0.06,0.0,255,20,0.08,0.07,0.0,1.0,1.0,0.0,1,34036.0
58,9,141,2515,0,1,1,0.0,0.0,1.0,0.0,0.0,1,5,1.0,0.0,0.8,0.0,0.0,0.0,0,95266.0
20,9,16115,0,0,1,4,0.0,0.0,1.0,0.0,0.0,74,103,0.46,0.03,0.03,0.0,0.0,0.0,0,62437.0
24,9,293,1400,0,1,5,0.0,0.0,1.0,0.0,0.0,146,255,1.0,0.0,0.02,0.0,0.0,0.0,0,125556.0
20,9,7280,0,0,0,12,0.0,0.0,1.0,0.0,0.0,255,50,0.2,0.02,0.0,0.0,0.0,0.0,0,106952.0
24,5,0,0,0,0,273,1.0,0.45,0.05,0.06,0.1,255,14,0.05,0.08,0.0,1.0,1.0,0.0,1,36538.0
24,9,259,115374,0,1,1,0.0,0.0,1.0,0.0,0.0,39,255,1.0,0.0,0.07,0.0,0.0,0.0,0,16397.0
47,5,0,0,0,0,300,1.0,1.0,0.07,0.06,0.0,255,9,0.04,0.08,0.0,1.0,1.0,0.0,1,21585.0
52,9,811,332,0,1,1,0.0,0.0,1.0,0.0,0.0,163,120,0.47,0.04,0.02,0.0,0.0,0.0,0,75781.0
24,9,252,1809,0,1,10,0.0,0.0,1.0,0.0,0.23,255,255,1.0,0.0,0.0,0.0,0.0,0.0,0,34784.0
24,9,255,574784,0,1,1,0.0,0.0,1.0,0.0,0.0,66,255,1.0,0.0,0.03,0.0,0.0,0.0,0,51373.0
53,1,0,0,0,0,269,0.0,0.0,0.0,0.53,0.0,255,1,0.0,0.53,0.0,0.0,0.0,1.0,1,74963.0
12,9,46,46,0,0,8,0.0,0.0,1.0,0.0,0.29,255,255,1.0,0.0,0.0,0.0,0.0,0.0,0,50223.0
21,5,0,0,0,0,147,1.0,1.0,0.07,0.05,0.0,255,12,0.05,0.07,0.0,1.0,1.0,0.0,1,104675.0
24,9,205,1515,0,1,4,0.0,0.0,1.0,0.0,0.0,55,255,1.0,0.0,0.05,0.0,0.0,0.0,0,114406.0
34,5,0,0,0,0,76,1.0,1.0,0.16,0.08,0.0,255,12,0.05,0.05,0.0,1.0,1.0,0.0,1,57021.0
30,1,0,0,0,0,143,0.0,0.0,0.09,0.06,0.0,255,9,0.04,0.07,0.0,0.0,0.0,1.0,1,8042.0
42,9,516,4,0,0,347,0.0,0.0,1.0,0.0,0.0,255,255,1.0,0.0,0.0,0.0,0.0,0.0,0,91451.0
60,5,0,0,0,0,258,1.0,1.0,0.02,0.07,0.0,255,4,0.02,0.07,0.0,1.0,1.0,0.0,1,23273.0
47,4,0,0,0,0,343,0.0,0.0,0.01,0.52,0.0,255,2,0.01,0.52,0.0,0.0,0.0,1.0,1,106208.0
24,9,198,671,0,1,19,0.0,0.0,1.0,0.0,0.04,255,255,1.0,0.0,0.0,0.0,0.0,0.0,0,59148.0
53,1,0,0,0,0,269,0.0,0.0,0.02,0.06,0.0,255,6,0.02,0.06,0.0,0.0,0.0,1.0,1,53429.0
24,9,199,344,0,1,36,0.0,0.0,1.0,0.0,0.0,148,255,1.0,0.0,0.02,0.0,0.0,0.0,0,95999.0
47,9,28,0,3,0,43,0.0,0.0,1.0,0.0,0.0,255,43,0.17,0.02,0.0,0.0,0.0,0.0,1,7789.0
47,10,0,0,0,0,1,1.0,1.0,1.0,0.0,0.0,140,1,0.01,0.93,0.0,0.94,1.0,0.0,1,97628.0
47,5,0,0,0,0,289,1.0,1.0,0.07,0.06,0.0,255,36,0.14,0.06,0.0,1.0,1.0,0.0,1,98295.0
24,9,152,38544,0,1,1,0.0,0.0,1.0,0.0,0.0,255,255,1.0,0.0,0.0,0.0,0.0,0.02,0,79127.0
42,9,145,105,0,0,1,0.0,0.0,1.0,0.0,0.0,255,1,0.0,0.66,0.0,0.0,0.0,0.0,0,70784.0
47,1,0,0,0,0,1,0.0,0.0,1.0,0.0,0.0,46,2,0.02,1.0,1.0,0.0,0.0,1.0,1,80093.0
24,9,163,462,0,1,1,0.0,0.0,1.0,0.0,0.0,3,255,1.0,0.0,0.04,0.0,0.0,0.0,0,48873.0
52,9,1704,332,0,1,1,0.0,0.0,1.0,0.0,1.0,96,189,0.96,0.02,0.01,0.0,0.0,0.0,0,46440.0
24,9,304,1039,0,1,5,0.0,0.0,1.0,0.0,0.33,255,255,1.0,0.0,0.0,0.0,0.0,0.0,0,93051.0
35,5,0,0,0,0,252,1.0,1.0,0.1,0.05,0.0,255,24,0.09,0.05,0.0,1.0,1.0,0.0,1,4097.0
29,5,0,0,0,0,31,1.0,1.0,0.13,0.1,0.0,255,4,0.02,0.07,0.0,1.0,1.0,0.0,1,90132.0
52,9,658,331,0,1,1,0.0,0.0,1.0,0.0,1.0,34,29,0.85,0.09,0.0,0.0,0.0,0.03,0,112422.0
35,5,0,0,0,0,224,1.0,1.0,0.04,0.06,0.0,255,1,0.0,0.07,0.0,1.0,1.0,0.0,1,108263.0
12,9,44,44,0,0,113,0.0,0.0,1.0,0.0,0.0,255,254,1.0,0.01,0.0,0.0,0.0,0.0,0,11637.0
24,9,223,1471,0,1,1,0.0,0.0,1.0,0.0,0.0,255,255,1.0,0.0,0.0,0.0,0.0,0.0,0,88195.0
30,5,0,0,0,0,126,1.0,1.0,0.03,0.07,0.0,255,3,0.01,0.07,0.0,1.0,1.0,0.0,1,33358.0
56,1,0,0,0,0,299,0.0,0.0,0.07,0.06,0.0,255,20,0.08,0.07,0.0,0.0,0.0,1.0,1,40278.0
24,1,0,0,0,0,1,0.0,0.0,1.0,0.0,0.29,2,255,1.0,0.0,0.18,0.0,0.0,1.0,0,119656.0
5,5,0,0,0,0,274,1.0,1.0,0.05,0.06,0.0,255,13,0.05,0.06,0.0,1.0,1.0,0.0,1,124674.0
15,9,520,0,0,0,475,0.0,0.0,1.0,0.0,0.0,124,124,1.0,0.0,0.0,0.0,0.0,0.0,1,72269.0
58,5,0,0,0,0,3,1.0,1.0,0.33,0.67,0.0,255,61,0.24,0.02,0.0,1.0,1.0,0.0,1,116816.0
18,5,0,0,0,0,216,1.0,1.0,0.11,0.05,0.0,255,23,0.09,0.05,0.0,1.0,1.0,0.0,1,79287.0
24,1,0,0,0,0,1,0.0,0.0,1.0,0.0,1.0,9,255,1.0,0.0,0.2,0.0,0.0,0.94,0,119050.0
24,9,298,3587,0,1,3,0.0,0.0,1.0,0.0,0.0,12,255,1.0,0.0,0.03,0.0,0.0,0.0,0,83508.0
65,1,0,0,0,0,141,0.0,0.0,0.11,0.06,0.0,255,5,0.02,0.07,0.0,0.0,0.0,1.0,1,93031.0
19,9,1252,2451,0,1,1,0.0,0.0,1.0,0.0,0.0,193,21,0.11,0.03,0.0,0.01,0.0,0.0,1,69601.0
24,9,294,998,0,1,9,0.0,0.0,1.0,0.0,0.0,43,255,1.0,0.0,0.05,0.0,0.01,0.03,0,113547.0
47,5,0,0,0,0,58,1.0,1.0,0.07,0.1,0.0,255,4,0.02,0.08,0.0,1.0,1.0,0.0,1,34802.0
24,6,208,18980,0,1,3,0.33,0.33,1.0,0.0,0.0,3,255,1.0,0.0,0.03,0.33,0.0,0.0,0,114414.0
47,5,0,0,0,0,41,1.0,1.0,0.39,0.12,0.0,255,16,0.06,0.08,0.0,1.0,1.0,0.0,1,110053.0
66,5,0,0,0,0,128,1.0,1.0,0.06,0.05,0.0,255,8,0.03,0.05,0.0,1.0,1.0,0.0,1,105176.0
52,9,959,363,0,1,1,0.0,0.0,1.0,0.0,1.0,43,122,0.37,0.07,0.02,0.0,0.0,0.0,0,80390.0
24,5,0,0,0,0,163,1.0,1.0,0.01,0.06,0.0,255,2,0.01,0.05,0.0,1.0,1.0,0.0,1,80449.0
52,9,2143,328,0,1,2,0.0,0.0,1.0,0.0,0.67,197,95,0.48,0.03,0.0,0.01,0.01,0.0,0,15818.0
19,9,1502,4152,0,1,1,0.0,0.0,1.0,0.0,0.0,168,48,0.29,0.04,0.0,0.0,0.0,0.0,0,16590.0
24,9,211,305,0,1,15,0.0,0.0,1.0,0.0,0.0,255,255,1.0,0.0,0.0,0.0,0.0,0.0,0,7246.0
15,9,520,0,0,0,107,0.0,0.0,1.0,0.0,0.0,255,255,1.0,0.0,0.0,0.0,0.0,0.0,1,107968.0
58,9,104,2123,0,1,1,0.0,0.0,1.0,0.0,0.0,141,1,0.01,0.05,0.0,0.0,0.0,0.0,0,79204.0
24,9,159,9533,0,1,1,0.0,0.0,1.0,0.0,0.0,95,255,1.0,0.0,0.02,0.0,0.0,0.0,0,8739.0
24,9,341,535,0,1,21,0.0,0.0,1.0,0.0,0.19,255,255,1.0,0.0,0.0,0.0,0.0,0.0,0,96731.0
12,9,46,46,0,0,184,0.0,0.0,1.0,0.0,0.0,255,205,0.8,0.01,0.0,0.0,0.0,0.0,0,23561.0
12,9,45,45,0,0,147,0.0,0.0,1.0,0.0,0.01,255,229,0.9,0.01,0.0,0.0,0.0,0.0,0,22484.0
6,5,0,0,0,0,109,1.0,1.0,0.06,0.06,0.0,255,7,0.03,0.05,0.0,1.0,1.0,0.0,1,50425.0
47,1,0,0,0,0,78,0.0,0.0,0.15,0.06,0.0,255,12,0.05,0.06,0.0,0.0,0.0,1.0,1,79909.0
17,5,0,0,0,0,132,1.0,1.0,0.17,0.05,0.0,255,23,0.09,0.05,0.0,1.0,1.0,0.0,1,23503.0
47,5,0,0,0,0,248,1.0,1.0,0.06,0.06,0.0,255,8,0.03,0.06,0.0,1.0,1.0,0.0,1,23979.0
47,5,0,0,0,0,108,1.0,1.0,0.05,0.07,0.0,9,5,0.56,0.33,0.0,1.0,1.0,0.0,1,116088.0
47,5,0,0,0,0,106,1.0,1.0,0.05,0.06,0.0,255,5,0.02,0.04,0.0,1.0,1.0,0.0,1,56955.0
24,1,0,0,0,0,1,0.0,0.0,1.0,0.0,0.0,7,43,1.0,0.0,0.12,0.0,0.0,1.0,0,102488.0
47,5,0,0,0,0,128,1.0,1.0,0.06,0.05,0.0,255,8,0.03,0.07,0.0,1.0,1.0,0.0,1,16744.0
62,9,182,0,0,0,2,0.0,0.0,0.5,1.0,0.0,255,9,0.04,0.01,0.0,0.0,0.0,0.0,0,20189.0
19,9,931,2720,0,1,1,0.0,0.0,1.0,0.0,0.0,25,3,0.12,0.24,0.0,0.0,0.0,0.0,0,124287.0
24,9,236,13503,0,1,12,0.0,0.0,1.0,0.0,0.0,12,255,1.0,0.0,0.04,0.0,0.0,0.0,0,24477.0
47,5,0,0,0,0,206,1.0,1.0,0.01,0.05,0.0,164,3,0.02,0.07,0.0,0.99,1.0,0.0,1,42184.0
12,9,44,44,0,0,111,0.0,0.0,0.99,0.02,0.0,255,254,1.0,0.01,0.0,0.0,0.0,0.0,0,125882.0
24,9,214,1053,0,1,6,0.0,0.0,1.0,0.0,0.22,61,255,1.0,0.0,0.02,0.0,0.0,0.0,0,61890.0
47,4,0,0,0,0,1,0.0,0.0,1.0,0.0,0.0,255,1,0.0,0.87,0.0,0.0,0.0,1.0,1,60173.0
24,2,0,0,0,1,4,0.0,0.0,1.0,0.0,0.0,138,255,1.0,0.0,0.01,0.0,0.0,0.0,0,24673.0
29,1,0,0,0,0,91,0.0,0.0,0.01,0.09,0.0,255,1,0.0,0.06,0.0,0.0,0.0,1.0,1,105069.0
15,9,1032,0,0,0,493,0.0,0.0,1.0,0.0,0.0,255,255,1.0,0.0,0.0,0.0,0.0,0.0,1,106011.0
24,9,241,2222,0,1,16,0.0,0.0,1.0,0.0,0.09,171,255,1.0,0.0,0.01,0.0,0.0,0.0,0,111579.0
24,9,235,608,0,1,5,0.2,0.2,1.0,0.0,0.0,255,255,1.0,0.0,0.0,0.0,0.0,0.0,0,61955.0
47,5,0,0,0,0,20,1.0,1.0,1.0,0.0,0.0,255,12,0.05,0.07,0.0,1.0,1.0,0.0,1,37140.0
47,5,0,0,0,0,120,1.0,1.0,0.09,0.06,0.0,122,11,0.09,0.07,0.0,1.0,1.0,0.0,1,111827.0
12,9,35,91,0,0,1,0.0,0.0,1.0,0.0,0.57,255,249,0.98,0.01,0.0,0.0,0.0,0.0,0,54939.0
47,1,0,0,0,0,145,0.04,0.0,0.01,0.99,0.0,255,1,0.0,0.58,0.0,0.02,0.0,1.0,1,53604.0
24,6,203,10220,0,1,2,0.5,0.5,1.0,0.0,0.0,255,255,1.0,0.0,0.0,0.01,0.01,0.0,0,122848.0
47,1,0,0,0,0,131,0.0,0.0,0.13,0.07,0.0,156,17,0.11,0.07,0.0,0.0,0.0,1.0,1,77358.0
24,9,334,1578,0,1,6,0.0,0.0,1.0,0.0,0.38,130,255,1.0,0.0,0.04,0.0,0.0,0.0,0,60642.0
24,9,258,4403,0,1,1,0.0,0.0,1.0,0.0,0.0,41,255,1.0,0.0,0.05,0.0,0.0,0.0,0,36686.0
24,9,313,1803,0,1,4,0.0,0.0,1.0,0.0,0.12,255,255,1.0,0.0,0.0,0.0,0.0,0.0,0,50570.0
24,9,226,9284,0,1,1,0.0,0.0,1.0,0.0,0.08,255,255,1.0,0.0,0.0,0.0,0.0,0.0,0,52856.0
47,1,0,0,0,0,2,0.0,0.0,0.5,1.0,0.0,255,1,0.0,0.89,0.0,0.0,0.0,1.0,1,35672.0
47,1,0,0,0,0,281,0.03,0.0,0.0,1.0,0.0,255,1,0.0,0.97,0.0,0.04,0.0,1.0,1,80508.0
24,9,225,9548,0,1,47,0.0,0.0,1.0,0.0,0.09,255,255,1.0,0.0,0.0,0.0,0.0,0.01,0,102101.0
60,5,0,0,0,0,120,1.0,1.0,0.12,0.06,0.0,255,15,0.06,0.08,0.0,1.0,1.0,0.0,1,118247.0
20,9,4892,0,0,0,16,0.0,0.0,1.0,0.0,0.0,86,32,0.37,0.07,0.0,0.0,0.0,0.0,0,8085.0
50,5,0,0,0,0,210,1.0,1.0,0.02,0.07,0.0,255,5,0.02,0.08,0.0,1.0,1.0,0.0,1,22769.0
52,9,1061,326,0,1,1,0.0,0.0,1.0,0.0,0.0,77,241,0.97,0.03,0.01,0.0,0.0,0.0,0,119991.0
24,9,249,128,0,1,1,0.0,0.0,1.0,0.0,0.0,11,255,1.0,0.0,0.02,0.0,0.0,0.0,0,44811.0
20,5,0,0,0,0,200,1.0,1.0,0.06,0.06,0.0,255,12,0.05,0.07,0.0,1.0,1.0,0.0,1,40381.0
58,5,0,0,0,0,66,1.0,1.0,0.2,0.06,0.0,255,62,0.24,0.02,0.0,1.0,1.0,0.0,1,118242.0
24,9,244,11045,0,1,6,0.0,0.0,1.0,0.0,0.0,255,255,1.0,0.0,0.0,0.0,0.0,0.0,0,100792.0
19,9,1500,4152,0,1,1,0.0,0.0,1.0,0.0,0.0,184,45,0.24,0.03,0.0,0.0,0.0,0.0,0,106517.0
66,3,0,0,0,0,161,0.69,0.5,0.01,0.39,0.0,255,2,0.01,0.24,0.0,0.44,0.5,0.5,1,106083.0
24,9,285,2531,0,1,4,0.0,0.0,1.0,0.0,0.0,65,65,1.0,0.0,0.0,0.0,0.0,0.0,0,124905.0
24,9,247,308,0,1,20,0.0,0.0,1.0,0.0,0.0,255,255,1.0,0.0,0.0,0.0,0.0,0.0,0,84240.0
20,9,14052,0,0,0,3,0.0,0.0,1.0,0.0,0.0,234,91,0.39,0.02,0.0,0.0,0.0,0.0,0,52381.0
42,9,147,105,0,0,2,0.0,0.0,1.0,0.0,0.0,255,2,0.01,0.55,0.0,0.0,0.0,0.0,0,90660.0
24,9,284,581,0,1,3,0.33,0.33,1.0,0.0,0.0,3,255,1.0,0.0,0.04,0.33,0.01,0.0,0,64451.0
19,9,1481,4152,0,1,1,0.0,0.0,1.0,0.0,0.0,27,10,0.37,0.19,0.0,0.0,0.0,0.0,0,12041.0
24,9,311,1375,0,1,1,0.0,0.25,1.0,0.0,0.75,1,255,1.0,0.0,0.02,0.0,0.0,0.0,0,2897.0
20,9,884,0,0,0,2,0.0,0.0,1.0,0.0,0.0,183,27,0.1,0.02,0.07,0.01,0.0,0.0,0,55423.0
20,5,0,0,0,0,29,1.0,1.0,0.59,0.07,0.0,37,44,0.46,0.05,0.05,1.0,0.39,0.0,1,79949.0
24,9,199,2107,0,1,3,0.0,0.0,1.0,0.0,0.0,64,255,1.0,0.0,0.05,0.0,0.01,0.0,0,26416.0
12,9,45,45,0,0,104,0.0,0.0,1.0,0.0,0.0,255,255,1.0,0.0,0.0,0.0,0.0,0.0,0,78680.0
52,9,1357,331,0,1,1,0.0,0.0,1.0,0.0,0.0,144,94,0.31,0.49,0.02,0.0,0.0,0.0,0,118496.0
47,9,1,0,0,0,11,0.0,0.0,0.18,0.73,0.0,255,2,0.01,0.27,0.0,0.0,0.0,0.0,1,42165.0
12,9,45,70,0,0,131,0.0,0.0,1.0,0.0,0.0,255,254,1.0,0.01,0.0,0.0,0.0,0.0,0,94111.0
4,5,0,0,0,0,243,1.0,1.0,0.1,0.05,0.0,255,25,0.1,0.05,0.0,1.0,1.0,0.0,1,60014.0
47,5,0,0,0,0,125,1.0,1.0,0.02,0.09,0.0,255,2,0.01,0.08,0.0,1.0,1.0,0.0,1,52595.0
13,5,0,0,0,0,270,1.0,1.0,0.07,0.06,0.0,255,18,0.07,0.08,0.0,1.0,1.0,0.0,1,77431.0
42,1,0,0,0,0,511,0.08,0.0,0.0,1.0,0.0,255,1,0.0,1.0,0.0,0.09,0.0,1.0,1,34963.0
24,9,293,5790,0,1,4,0.0,0.0,1.0,0.0,0.16,78,255,1.0,0.0,0.06,0.0,0.0,0.0,0,41136.0
24,9,307,1112,0,1,8,0.0,0.0,1.0,0.0,0.0,255,255,1.0,0.0,0.0,0.0,0.0,0.0,0,53548.0
15,9,1032,0,0,0,511,0.0,0.0,1.0,0.0,0.0,151,6,0.04,0.02,0.0,0.0,0.0,0.0,1,37041.0
25,1,0,0,0,0,106,0.0,0.0,0.14,0.08,0.0,255,15,0.06,0.07,0.0,0.0,0.0,1.0,1,46905.0
24,9,298,1964,0,1,2,0.0,0.0,1.0,0.0,0.67,10,255,1.0,0.0,0.04,0.0,0.0,0.0,0,42363.0
24,6,209,26280,0,1,1,1.0,0.5,1.0,0.0,1.0,255,255,1.0,0.0,0.0,0.0,0.0,0.0,0,72782.0
14,9,8,0,0,0,1,0.0,0.0,1.0,0.0,1.0,3,135,1.0,0.0,0.25,0.0,0.0,0.0,1,65247.0
12,9,46,138,0,0,140,0.0,0.0,0.99,0.01,0.01,255,223,0.87,0.02,0.0,0.0,0.0,0.0,0,62448.0
24,9,286,1993,0,1,2,0.0,0.0,1.0,0.0,0.0,2,255,1.0,0.0,0.02,0.0,0.0,0.0,0,17225.0
20,9,832,0,0,1,1,0.0,0.0,1.0,0.0,0.0,255,69,0.27,0.08,0.0,0.01,0.01,0.0,1,52879.0
20,9,71,0,0,1,1,0.0,0.0,1.0,0.0,0.0,12,41,0.08,0.25,0.07,0.33,0.0,0.0,0,118617.0
47,5,0,0,0,0,140,1.0,1.0,0.14,0.06,0.0,255,2,0.01,0.08,0.0,1.0,1.0,0.0,1,80787.0
47,5,0,0,0,0,97,1.0,1.0,0.09,0.08,0.0,255,9,0.04,0.07,0.0,1.0,1.0,0.0,1,104673.0
2,5,0,0,0,0,106,1.0,1.0,0.01,0.08,0.0,255,1,0.0,0.09,0.0,1.0,1.0,0.0,1,81775.0
24,9,308,608,0,1,19,0.0,0.0,1.0,0.0,0.0,255,255,1.0,0.0,0.0,0.0,0.0,0.0,0,111269.0
10,5,0,0,0,0,214,1.0,1.0,0.07,0.06,0.0,255,16,0.06,0.07,0.0,1.0,1.0,0.0,1,62096.0
42,9,516,4,0,0,333,0.0,0.0,1.0,0.0,0.0,255,255,1.0,0.0,0.0,0.0,0.0,0.0,0,82975.0
47,9,1,0,0,0,130,0.0,0.0,0.72,0.05,0.0,255,146,0.57,0.05,0.0,0.0,0.0,0.0,1,105836.0
55,5,0,0,0,0,276,1.0,1.0,0.0,0.05,0.0,255,1,0.0,0.05,0.0,1.0,1.0,0.0,1,43053.0
47,5,0,0,0,0,220,1.0,1.0,0.1,0.05,0.0,255,21,0.08,0.06,0.0,1.0,1.0,0.0,1,97257.0
47,5,0,0,0,0,191,1.0,1.0,0.06,0.08,0.0,255,12,0.05,0.07,0.0,1.0,1.0,0.0,1,33723.0
20,9,43003,0,0,1,1,0.0,0.0,1.0,0.0,0.0,89,96,0.49,0.07,0.02,0.0,0.0,0.0,1,112828.0
24,9,262,1317,0,1,2,0.0,0.0,1.0,0.0,0.0,255,255,1.0,0.0,0.0,0.0,0.0,0.0,0,64683.0
24,9,250,5966,0,1,1,0.0,0.0,1.0,0.0,0.0,120,255,1.0,0.0,0.03,0.0,0.0,0.0,0,10048.0
20,1,0,0,0,0,224,0.0,0.0,0.05,0.06,0.0,255,12,0.05,0.07,0.0,0.0,0.0,1.0,1,109151.0
24,9,234,1065,0,1,10,0.0,0.0,1.0,0.0,0.07,255,255,1.0,0.0,0.0,0.0,0.0,0.0,0,122814.0
47,1,0,0,0,0,147,0.0,0.0,0.12,0.05,0.0,255,36,0.14,0.05,0.0,0.0,0.0,1.0,1,16630.0
47,5,0,0,0,0,11,1.0,1.0,0.27,0.45,0.0,255,11,0.04,0.08,0.0,1.0,1.0,0.0,1,63920.0
15,9,1032,0,0,0,350,0.0,0.0,1.0,0.0,0.0,255,255,1.0,0.0,0.0,0.0,0.0,0.0,1,29190.0
52,9,870,326,0,1,1,0.0,0.0,1.0,0.0,1.0,124,72,0.58,0.02,0.0,0.0,0.0,0.0,0,125314.0
47,1,0,0,0,0,111,0.0,0.0,0.01,0.07,0.0,255,1,0.0,0.06,0.0,0.0,0.0,1.0,1,37370.0
15,9,1032,0,0,0,247,0.0,0.0,1.0,0.0,0.0,255,255,1.0,0.0,0.0,0.0,0.0,0.0,1,79388.0
5,1,0,0,0,0,275,0.0,0.0,0.07,0.07,0.0,255,20,0.08,0.08,0.0,0.0,0.0,1.0,1,29161.0
11,9,48,496,0,1,74,0.0,0.0,0.01,0.03,0.0,208,1,0.0,0.02,0.0,0.0,0.0,0.0,0,102771.0
52,9,3572,329,0,1,1,0.0,0.0,1.0,0.0,1.0,238,170,0.71,0.02,0.0,0.0,0.0,0.0,0,12176.0
60,5,0,0,0,0,119,1.0,1.0,0.12,0.07,0.0,255,14,0.05,0.06,0.0,1.0,1.0,0.0,1,82567.0
8,1,0,0,0,0,206,0.0,0.0,0.01,0.07,0.0,255,3,0.01,0.08,0.0,0.0,0.0,1.0,1,69322.0
24,9,243,1541,0,1,1,0.0,0.0,1.0,0.0,0.21,228,255,1.0,0.0,0.02,0.0,0.0,0.0,0,40213.0
52,9,1978,328,0,1,1,0.0,0.0,1.0,0.0,1.0,221,182,0.7,0.01,0.01,0.0,0.0,0.0,0,58326.0
20,9,334,0,0,1,2,0.0,0.0,1.0,0.0,0.0,14,49,1.0,0.0,0.12,0.0,0.02,0.0,1,58412.0
20,9,641,0,0,1,2,0.0,0.0,1.0,0.0,0.6,57,128,0.61,0.04,0.02,0.0,0.0,0.0,0,48424.0
24,9,323,1029,0,1,5,0.0,0.0,1.0,0.0,0.08,5,255,1.0,0.0,0.02,0.0,0.0,0.0,0,61314.0
18,2,0,0,0,0,126,0.0,0.0,0.01,0.07,0.0,255,1,0.0,0.08,0.0,0.0,0.0,1.0,1,20238.0
14,9,30,0,0,0,2,0.0,0.0,1.0,0.0,0.0,218,218,1.0,0.0,0.0,0.0,0.0,0.0,0,121452.0
24,9,243,2026,0,1,1,0.0,0.0,1.0,0.0,0.33,255,255,1.0,0.0,0.0,0.0,0.0,0.0,0,33903.0
20,5,0,0,0,0,28,1.0,1.0,0.07,0.14,0.0,255,42,0.16,0.03,0.0,1.0,1.0,0.0,1,185.0
24,9,218,632,0,1,20,0.0,0.0,1.0,0.0,0.0,57,255,1.0,0.0,0.02,0.0,0.0,0.0,0,8582.0
12,9,44,136,0,0,73,0.0,0.0,0.99,0.03,0.01,255,241,0.95,0.01,0.0,0.0,0.0,0.0,0,22239.0
12,9,29,29,0,0,2,0.0,0.0,1.0,0.0,0.67,173,169,0.98,0.01,0.0,0.0,0.0,0.0,0,80268.0
2,5,0,0,0,0,209,1.0,1.0,0.04,0.06,0.0,255,9,0.04,0.07,0.0,1.0,1.0,0.0,1,26224.0
24,9,332,2873,0,1,5,0.0,0.0,1.0,0.0,0.0,255,255,1.0,0.0,0.0,0.0,0.0,0.0,0,49687.0
24,9,199,2568,0,1,15,0.0,0.0,1.0,0.0,0.15,255,255,1.0,0.0,0.0,0.0,0.0,0.0,0,111650.0
20,9,35,0,0,0,2,0.0,0.0,1.0,0.0,0.0,255,40,0.16,0.52,0.0,0.52,0.0,0.0,0,57451.0
24,9,158,607,0,1,1,0.0,0.0,1.0,0.0,0.67,1,255,1.0,0.0,0.02,0.0,0.0,0.0,0,104576.0
47,5,0,0,0,0,117,1.0,1.0,0.16,0.07,0.0,255,10,0.04,0.06,0.0,1.0,1.0,0.0,1,32503.0
63,5,0,0,0,0,117,1.0,1.0,0.14,0.06,0.0,255,16,0.06,0.07,0.0,1.0,1.0,0.0,1,36543.0
21,5,0,0,0,0,164,1.0,1.0,0.08,0.07,0.0,255,13,0.05,0.06,0.0,1.0,1.0,0.0,1,98269.0
15,9,1032,0,0,0,511,0.0,0.0,1.0,0.0,0.0,255,184,0.72,0.02,0.0,0.0,0.0,0.0,1,102043.0
24,9,257,274,0,1,1,0.0,0.0,1.0,0.0,0.0,255,248,0.97,0.01,0.0,0.0,0.0,0.0,0,33986.0
24,9,310,1481,0,1,1,0.0,0.0,1.0,0.0,0.0,255,255,1.0,0.0,0.0,0.0,0.0,0.0,0,89961.0
47,5,0,0,0,0,198,1.0,1.0,0.08,0.05,0.0,139,16,0.12,0.08,0.0,0.9,1.0,0.0,1,7892.0
24,1,0,0,0,0,5,0.0,0.0,1.0,0.0,0.0,40,245,1.0,0.0,0.19,0.0,0.0,1.0,0,72603.0
24,9,286,659,0,1,20,0.0,0.0,1.0,0.0,0.0,255,255,1.0,0.0,0.0,0.0,0.0,0.0,0,40225.0
20,9,1874,0,0,1,9,0.0,0.0,1.0,0.0,0.2,183,83,0.26,0.11,0.02,0.01,0.02,0.0,0,67655.0
47,5,0,0,0,0,99,1.0,1.0,0.07,0.06,0.0,255,7,0.03,0.06,0.0,1.0,1.0,0.0,1,90627.0
47,5,0,0,0,0,257,1.0,1.0,0.06,0.05,0.0,255,15,0.06,0.06,0.0,1.0,1.0,0.0,1,103847.0
24,9,281,337,0,1,17,0.0,0.0,1.0,0.0,0.11,137,255,1.0,0.0,0.02,0.0,0.0,0.0,0,57483.0
42,1,0,0,0,0,511,0.23,0.0,0.0,1.0,0.0,255,1,0.0,1.0,0.0,0.15,0.0,1.0,1,44498.0
24,9,0,354,0,0,32,0.03,0.03,1.0,0.0,0.0,255,255,1.0,0.0,0.0,0.0,0.0,0.0,0,100.0
14,9,8,0,0,0,1,0.0,0.0,1.0,0.0,1.0,1,125,1.0,0.0,0.5,0.0,0.0,0.0,1,39080.0
24,9,192,1630,0,1,2,0.0,0.0,1.0,0.0,0.06,14,11,0.79,0.14,0.0,0.0,0.0,0.0,0,67198.0
24,9,210,1242,0,1,2,0.0,0.09,1.0,0.0,0.27,24,255,1.0,0.0,0.04,0.0,0.02,0.0,0,57493.0
62,9,78,0,0,0,24,0.0,0.0,0.04,0.08,0.0,255,2,0.01,0.01,0.0,0.0,0.0,0.0,0,111311.0
24,9,263,17087,0,1,1,0.0,0.0,1.0,0.0,1.0,7,255,1.0,0.0,0.04,0.0,0.0,0.0,0,19509.0
11,1,0,0,0,0,231,0.0,0.0,0.01,0.06,0.0,255,3,0.01,0.07,0.0,0.0,0.0,1.0,1,50716.0
24,9,209,3410,0,1,40,0.0,0.0,1.0,0.0,0.0,255,255,1.0,0.0,0.0,0.0,0.0,0.31,0,22398.0
24,9,305,2439,0,1,23,0.0,0.0,1.0,0.0,0.07,255,255,1.0,0.0,0.0,0.0,0.0,0.0,0,35023.0
24,9,309,1528,0,1,4,0.0,0.0,1.0,0.0,0.0,104,255,1.0,0.0,0.03,0.0,0.0,0.0,0,113926.0
2,5,0,0,0,0,183,1.0,1.0,0.05,0.08,0.0,255,3,0.01,0.07,0.0,1.0,1.0,0.0,1,109182.0
52,9,794,337,0,1,1,0.0,0.0,1.0,0.0,0.0,69,182,0.67,0.04,0.01,0.0,0.0,0.0,0,85272.0
44,1,0,0,0,0,267,0.0,0.0,0.04,0.06,0.0,255,12,0.05,0.08,0.0,0.0,0.0,1.0,1,57006.0
24,9,203,12863,0,1,2,0.0,0.0,1.0,0.0,0.0,4,255,1.0,0.0,0.05,0.0,0.0,0.0,0,91164.0
12,9,42,42,0,0,14,0.0,0.0,1.0,0.0,0.1,255,236,0.93,0.01,0.0,0.0,0.0,0.0,0,77366.0
47,1,0,0,0,0,323,0.03,0.0,0.0,1.0,0.0,255,1,0.0,1.0,0.0,0.04,0.0,1.0,1,69261.0
52,9,1785,327,0,1,1,0.0,0.0,1.0,0.0,0.0,171,149,0.87,0.03,0.0,0.0,0.0,0.0,0,101327.0
27,1,0,0,0,0,243,0.0,0.0,0.04,0.07,0.0,255,10,0.04,0.07,0.0,0.0,0.0,1.0,1,3308.0
24,9,333,774,0,1,12,0.0,0.0,1.0,0.0,0.08,255,255,1.0,0.0,0.0,0.0,0.0,0.0,0,15483.0
47,5,0,0,0,0,282,1.0,1.0,0.04,0.06,0.0,255,13,0.05,0.06,0.0,1.0,1.0,0.0,1,98592.0
52,9,788,328,0,1,1,0.0,0.0,1.0,0.0,0.0,45,29,0.64,0.07,0.0,0.0,0.0,0.0,0,735.0
24,9,236,327,0,1,9,0.0,0.0,1.0,0.0,0.2,255,255,1.0,0.0,0.0,0.0,0.0,0.0,0,24650.0
47,5,0,0,0,0,105,1.0,1.0,0.14,0.07,0.0,255,15,0.06,0.08,0.0,1.0,1.0,0.0,1,46237.0
58,9,1544,32120,0,1,1,0.0,0.0,1.0,0.0,0.0,142,28,0.2,0.03,0.0,0.01,0.04,0.07,0,110985.0
24,9,290,1745,0,1,10,0.0,0.0,1.0,0.0,0.18,255,255,1.0,0.0,0.0,0.0,0.0,0.0,0,63034.0
24,9,232,671,0,1,11,0.0,0.0,1.0,0.0,0.15,25,255,1.0,0.0,0.01,0.04,0.0,0.0,0,83364.0
20,9,1556,0,0,1,4,0.0,0.0,1.0,0.0,0.0,11,84,0.91,0.18,0.04,0.0,0.0,0.0,0,71055.0
20,9,203,0,0,1,1,0.0,0.0,1.0,0.0,0.0,120,79,0.35,0.03,0.03,0.0,0.0,0.0,0,48454.0
47,9,1,0,0,0,133,0.0,0.0,0.72,0.05,0.0,255,146,0.57,0.05,0.0,0.0,0.0,0.0,1,53803.0
47,5,0,0,0,0,246,1.0,1.0,0.07,0.06,0.0,255,3,0.01,0.06,0.0,1.0,1.0,0.0,1,11816.0
12,9,45,78,0,0,259,0.0,0.0,1.0,0.0,0.0,255,254,1.0,0.01,0.0,0.0,0.0,0.0,0,30405.0
47,9,105,147,0,0,2,0.0,0.0,0.5,1.0,0.0,255,215,0.84,0.01,0.0,0.0,0.0,0.0,0,27404.0
24,9,215,2007,0,1,26,0.0,0.0,1.0,0.0,0.0,26,255,1.0,0.0,0.02,0.0,0.0,0.0,0,104480.0
24,9,192,910,0,1,10,0.1,0.05,1.0,0.0,0.14,23,216,1.0,0.0,0.02,0.04,0.01,0.27,0,44800.0
24,9,235,2727,0,1,6,0.0,0.0,1.0,0.0,0.0,37,255,1.0,0.0,0.04,0.0,0.0,0.0,0,37609.0
24,9,251,15206,0,1,1,0.0,0.0,1.0,0.0,0.17,59,255,1.0,0.0,0.04,0.0,0.01,0.0,0,48194.0
52,9,1118,398,0,1,1,0.0,0.0,1.0,0.0,0.0,28,221,0.46,0.07,0.01,0.54,0.0,0.0,0,86318.0
24,9,265,14515,0,1,4,0.0,0.0,1.0,0.0,0.33,200,255,1.0,0.0,0.02,0.0,0.0,0.01,0,77277.0
28,5,0,0,0,0,143,1.0,1.0,0.14,0.05,0.0,255,20,0.08,0.05,0.0,1.0,1.0,0.0,1,69849.0
41,9,48,48,0,0,1,0.0,0.0,1.0,0.0,0.0,135,4,0.03,0.02,0.0,0.0,0.0,0.0,0,79330.0
24,9,215,863,0,1,14,0.0,0.0,1.0,0.0,0.13,255,255,1.0,0.0,0.0,0.0,0.0,0.0,0,12886.0
14,9,8,0,0,0,1,0.0,0.0,1.0,0.0,1.0,2,52,1.0,0.0,0.5,0.0,0.0,0.0,1,125201.0
4,5,0,0,0,0,208,1.0,1.0,0.0,0.07,0.0,255,1,0.0,0.07,0.0,1.0,1.0,0.0,1,81313.0
24,9,320,296,0,1,6,0.0,0.0,1.0,0.0,0.38,187,255,1.0,0.0,0.02,0.01,0.0,0.0,0,42116.0
21,5,0,0,0,0,284,1.0,1.0,0.07,0.05,0.0,255,19,0.07,0.05,0.0,1.0,1.0,0.0,1,35415.0
20,9,8766,0,0,1,4,0.0,0.0,1.0,0.0,0.0,133,48,0.32,0.04,0.04,0.0,0.0,0.0,0,10197.0
24,9,217,2536,0,1,18,0.0,0.0,1.0,0.0,0.0,255,255,1.0,0.0,0.0,0.0,0.0,0.0,0,38601.0
14,9,18,0,0,0,1,0.0,0.0,1.0,0.0,0.0,2,198,1.0,0.0,0.25,0.0,0.0,0.0,1,21953.0
42,9,147,105,0,0,1,0.0,0.0,1.0,0.0,0.0,255,1,0.0,0.63,0.0,0.0,0.0,0.0,0,92792.0
24,9,54540,8314,0,1,3,0.0,0.0,1.0,0.0,0.0,47,47,1.0,0.0,0.0,0.02,0.02,0.02,1,84167.0
47,10,0,0,0,0,1,1.0,1.0,1.0,0.0,0.0,188,1,0.01,0.95,0.0,0.96,1.0,0.0,1,85854.0
24,9,309,314,0,1,4,0.0,0.0,1.0,0.0,0.33,15,255,1.0,0.0,0.03,0.0,0.0,0.0,0,74358.0
5,1,0,0,0,0,238,0.0,0.0,0.08,0.06,0.0,255,20,0.08,0.07,0.0,0.0,0.0,1.0,1,85582.0
24,9,235,2523,0,1,16,0.0,0.0,1.0,0.0,0.11,30,255,1.0,0.0,0.06,0.0,0.0,0.0,0,16793.0
24,9,174,56,0,1,2,0.0,0.0,1.0,0.0,0.5,21,255,1.0,0.0,0.06,0.0,0.0,0.0,0,53953.0
42,4,1,0,0,0,2,0.0,0.0,1.0,0.0,0.0,255,2,0.01,0.68,0.0,0.0,0.0,1.0,1,44900.0
6,5,0,0,0,0,125,1.0,1.0,0.05,0.06,0.0,255,6,0.02,0.07,0.0,1.0,1.0,0.0,1,110115.0
52,9,597,338,0,1,1,0.0,0.0,1.0,0.0,0.0,73,179,0.93,0.04,0.01,0.0,0.0,0.0,0,36450.0
47,5,0,0,0,0,74,1.0,1.0,0.26,0.05,0.0,255,9,0.04,0.06,0.0,1.0,1.0,0.0,1,108788.0
24,9,288,1865,0,1,3,0.0,0.0,1.0,0.0,0.0,255,255,1.0,0.0,0.0,0.0,0.0,0.0,0,65614.0
58,9,305,9178,0,1,1,0.0,0.0,1.0,0.0,0.0,145,21,0.14,0.03,0.0,0.01,0.05,0.1,0,98216.0
52,9,942,369,0,1,1,0.0,0.0,1.0,0.0,0.0,104,182,0.75,0.04,0.01,0.0,0.0,0.0,0,89814.0
24,9,220,648,0,1,8,0.0,0.0,1.0,0.0,0.22,70,217,1.0,0.0,0.13,0.0,0.0,0.79,0,109692.0
24,9,275,468,0,1,1,0.0,0.0,1.0,0.0,0.0,227,255,1.0,0.0,0.02,0.0,0.0,0.0,0,17132.0
5,5,0,0,0,0,116,1.0,1.0,0.01,0.08,0.0,255,1,0.0,0.08,0.0,1.0,1.0,0.0,1,34185.0
12,9,43,71,0,0,266,0.0,0.0,1.0,0.01,0.0,255,254,1.0,0.01,0.0,0.0,0.0,0.0,0,1346.0
24,9,237,1423,0,1,11,0.0,0.0,1.0,0.0,0.24,255,255,1.0,0.0,0.0,0.0,0.0,0.0,0,82578.0
19,2,0,0,0,0,278,0.0,0.0,0.03,0.06,0.0,255,9,0.04,0.07,0.0,0.0,0.0,1.0,1,23771.0
12,9,43,72,0,0,240,0.0,0.0,1.0,0.0,0.01,255,219,0.86,0.01,0.0,0.0,0.0,0.0,0,16450.0
24,9,265,1125,0,1,4,0.0,0.0,1.0,0.0,0.0,115,255,1.0,0.0,0.02,0.0,0.0,0.0,0,30480.0
47,5,0,0,0,0,238,1.0,1.0,0.02,0.07,0.0,255,5,0.02,0.07,0.0,1.0,1.0,0.0,1,44493.0
2,5,0,0,0,0,138,1.0,1.0,0.18,0.05,0.0,255,25,0.1,0.05,0.0,1.0,1.0,0.0,1,78723.0
24,9,224,546,0,1,21,0.0,0.0,1.0,0.0,0.0,21,255,1.0,0.0,0.06,0.0,0.01,0.0,0,486.0
31,5,0,0,0,0,220,1.0,1.0,0.0,0.05,0.0,255,1,0.0,0.06,0.0,1.0,1.0,0.0,1,12362.0
24,9,283,940,0,1,3,0.0,0.0,1.0,0.0,0.5,21,255,1.0,0.0,0.06,0.0,0.0,0.0,0,31209.0
24,9,238,2431,0,1,4,0.0,0.0,1.0,0.0,0.0,226,255,1.0,0.0,0.02,0.0,0.0,0.0,0,49961.0
42,1,0,0,0,0,511,0.16,0.0,0.0,1.0,0.0,255,1,0.0,1.0,0.0,0.25,0.0,1.0,1,61227.0
42,1,0,0,0,0,1,0.0,0.0,1.0,0.0,0.0,3,1,0.33,0.67,0.0,0.0,0.0,1.0,0,36303.0
47,5,0,0,0,0,257,1.0,1.0,0.02,0.05,0.0,215,4,0.02,0.07,0.0,0.99,1.0,0.0,1,1303.0
24,9,308,10706,0,1,9,0.0,0.0,1.0,0.0,0.0,42,255,1.0,0.0,0.05,0.0,0.0,0.0,0,17901.0
47,5,0,0,0,0,211,1.0,1.0,0.09,0.05,0.0,255,18,0.07,0.05,0.0,1.0,1.0,0.0,1,45747.0
56,5,0,0,0,0,12,0.75,1.0,0.17,0.5,0.0,255,2,0.01,0.03,0.0,0.04,1.0,0.0,1,24559.0
24,9,327,188,0,1,16,0.0,0.0,1.0,0.0,0.0,18,255,1.0,0.0,0.02,0.06,0.0,0.0,0,105239.0
24,9,232,350,0,1,27,0.0,0.0,1.0,0.0,0.07,109,255,1.0,0.0,0.02,0.01,0.0,0.01,0,30465.0
47,5,0,0,0,0,191,1.0,1.0,0.02,0.06,0.0,255,16,0.06,0.07,0.0,1.0,1.0,0.0,1,120192.0
24,9,304,1930,0,1,19,0.0,0.0,1.0,0.0,0.09,188,198,1.0,0.0,0.02,0.01,0.01,0.0,0,2815.0
6,5,0,0,0,0,125,1.0,1.0,0.01,0.06,0.0,255,1,0.0,0.07,0.0,1.0,1.0,0.0,1,7718.0
24,9,216,990,0,1,13,0.0,0.0,1.0,0.0,0.0,150,255,1.0,0.0,0.01,0.0,0.0,0.0,0,11025.0
12,9,44,133,0,0,69,0.0,0.0,1.0,0.0,0.01,255,205,0.8,0.02,0.0,0.0,0.0,0.0,0,55951.0
12,9,46,76,0,0,158,0.0,0.0,1.0,0.0,0.0,255,249,0.98,0.01,0.0,0.0,0.0,0.0,0,90767.0
42,9,146,105,0,0,3,0.0,0.0,0.33,0.67,0.0,255,1,0.0,0.87,0.0,0.0,0.0,0.0,0,39041.0
47,5,0,0,0,0,130,1.0,1.0,0.19,0.05,0.0,255,4,0.02,0.06,0.0,1.0,1.0,0.0,1,113082.0
12,9,43,123,0,0,44,0.0,0.0,1.0,0.0,0.02,255,254,1.0,0.01,0.0,0.0,0.0,0.0,0,3784.0
21,5,0,0,0,0,137,1.0,1.0,0.01,0.06,0.0,255,3,0.01,0.08,0.0,1.0,1.0,0.0,1,60052.0
45,9,35,130,0,1,1,0.0,0.0,1.0,0.0,0.0,255,5,0.02,0.03,0.0,0.0,0.0,0.0,0,6565.0
47,5,0,0,0,0,256,1.0,1.0,0.0,0.06,0.0,255,2,0.01,0.07,0.0,1.0,1.0,0.0,1,51384.0
12,9,43,129,0,0,67,0.0,0.0,1.0,0.0,0.01,255,254,1.0,0.01,0.0,0.0,0.0,0.0,0,25484.0
24,9,227,9905,0,1,3,0.0,0.0,1.0,0.0,0.0,91,255,1.0,0.0,0.04,0.0,0.0,0.0,0,92630.0
24,9,311,2271,0,1,15,0.0,0.0,1.0,0.0,0.0,15,255,1.0,0.0,0.04,0.0,0.0,0.0,0,8610.0
24,9,280,1329,0,1,24,0.0,0.0,1.0,0.0,0.0,255,255,1.0,0.0,0.0,0.0,0.0,0.0,0,12109.0
52,9,678,333,0,1,1,0.0,0.0,1.0,0.0,0.0,2,157,1.0,0.0,0.02,0.0,0.0,0.0,0,11036.0
47,4,0,0,0,0,1,0.0,0.0,1.0,0.0,0.0,183,1,0.01,0.11,0.0,0.0,0.0,1.0,1,75946.0
34,5,0,0,0,0,140,1.0,1.0,0.14,0.05,0.0,255,2,0.01,0.07,0.0,1.0,1.0,0.0,1,103987.0
24,9,216,289,0,1,2,0.0,0.0,1.0,0.0,0.62,255,255,1.0,0.0,0.0,0.0,0.0,0.0,0,33580.0
24,9,270,281,0,1,3,0.0,0.0,1.0,0.0,0.0,170,159,0.94,0.02,0.0,0.0,0.0,0.0,0,51189.0
24,9,232,1905,0,1,9,0.0,0.0,1.0,0.0,0.17,184,255,1.0,0.0,0.01,0.0,0.0,0.0,0,50768.0
24,9,336,2320,0,1,3,0.0,0.0,1.0,0.0,0.0,255,255,1.0,0.0,0.0,0.0,0.0,0.0,0,80312.0
24,9,323,1175,0,1,2,0.0,0.0,1.0,0.0,0.0,22,255,1.0,0.0,0.05,0.0,0.0,0.0,0,31113.0
25,5,0,0,0,0,142,1.0,1.0,0.01,0.06,0.0,255,6,0.02,0.07,0.0,1.0,1.0,0.0,1,72338.0
24,9,239,362,0,1,35,0.0,0.0,1.0,0.0,0.07,255,255,1.0,0.0,0.0,0.0,0.0,0.0,0,36814.0
24,1,0,0,0,0,1,0.0,0.0,1.0,0.0,0.0,13,227,1.0,0.0,0.12,0.0,0.0,0.72,0,66134.0
24,1,0,0,0,0,1,0.0,0.0,1.0,0.0,0.0,2,20,1.0,0.0,0.25,0.0,0.0,0.95,0,7639.0
47,5,0,0,0,0,27,1.0,1.0,0.11,0.11,0.0,255,17,0.07,0.07,0.0,1.0,1.0,0.0,1,20876.0
52,9,592,335,0,1,1,0.0,0.0,1.0,0.0,0.0,198,245,0.96,0.01,0.01,0.0,0.0,0.0,0,122097.0
47,5,0,0,0,0,248,1.0,1.0,0.02,0.05,0.0,189,4,0.02,0.07,0.0,0.93,1.0,0.0,1,38248.0
24,9,177,2175,0,1,1,0.0,0.0,1.0,0.0,0.0,255,254,1.0,0.01,0.0,0.0,0.0,0.0,0,74447.0
24,9,296,22934,0,1,28,0.0,0.0,1.0,0.0,0.0,255,255,1.0,0.0,0.0,0.0,0.0,0.0,0,21078.0
24,9,319,1528,0,1,12,0.0,0.0,1.0,0.0,0.0,13,231,1.0,0.0,0.02,0.0,0.0,0.0,0,107253.0
9,5,0,0,0,0,255,1.0,1.0,0.03,0.07,0.0,255,7,0.03,0.07,0.0,1.0,1.0,0.0,1,63579.0
18,5,0,0,0,0,300,1.0,1.0,0.08,0.05,0.0,255,25,0.1,0.05,0.0,1.0,1.0,0.0,1,120403.0
24,5,0,0,0,0,2,0.5,0.5,1.0,0.0,0.0,145,255,1.0,0.0,0.02,0.01,0.01,0.0,0,58233.0
9,5,0,0,0,0,255,1.0,1.0,0.05,0.06,0.0,255,3,0.01,0.07,0.0,1.0,1.0,0.0,1,70785.0
54,5,0,0,0,0,216,1.0,1.0,0.07,0.06,0.0,255,16,0.06,0.07,0.0,1.0,1.0,0.0,1,82746.0
24,9,318,3016,0,1,24,0.0,0.0,1.0,0.0,0.0,255,255,1.0,0.0,0.0,0.0,0.0,0.0,0,7438.0
24,9,253,386,0,1,15,0.0,0.0,1.0,0.0,0.0,255,255,1.0,0.0,0.0,0.0,0.0,0.0,0,111697.0
20,9,192,0,0,1,2,0.0,0.0,1.0,0.0,0.0,176,53,0.22,0.02,0.04,0.0,0.0,0.0,0,17912.0
47,1,0,0,0,0,325,0.06,0.0,0.0,1.0,0.0,255,1,0.0,1.0,0.0,0.08,0.0,1.0,1,71033.0
42,9,147,105,0,0,1,0.0,0.0,1.0,0.0,0.0,255,3,0.01,0.6,0.0,0.0,0.0,0.0,0,8969.0
24,9,301,1075,0,1,2,0.0,0.0,1.0,0.0,0.67,26,25,0.96,0.08,0.0,0.0,0.0,0.0,0,35740.0
24,9,307,1075,0,1,7,0.0,0.0,1.0,0.0,0.0,255,248,0.97,0.01,0.0,0.0,0.0,0.0,0,65295.0
20,9,95,0,0,1,2,0.0,0.0,1.0,0.0,0.0,6,93,1.0,0.0,0.02,0.0,0.0,0.0,0,30391.0
58,9,203,6200,0,1,1,0.0,0.0,1.0,0.0,0.0,41,4,0.07,0.07,0.5,0.0,0.25,0.0,0,52376.0
12,9,46,138,0,0,51,0.0,0.0,0.98,0.04,0.02,255,225,0.88,0.02,0.0,0.0,0.0,0.0,0,64724.0
64,5,0,0,0,0,124,1.0,1.0,0.01,0.05,0.0,255,1,0.0,0.05,0.0,1.0,1.0,0.0,1,68444.0
14,9,8,0,0,0,1,0.0,0.0,1.0,0.0,1.0,1,37,1.0,0.0,0.51,0.0,0.0,0.0,1,112302.0
15,9,520,0,0,0,341,0.0,0.0,1.0,0.0,0.0,255,255,1.0,0.0,0.0,0.0,0.0,0.0,1,82262.0
60,5,0,0,0,0,256,1.0,1.0,0.08,0.06,0.0,255,20,0.08,0.07,0.0,1.0,1.0,0.0,1,37909.0
2,5,0,0,0,0,280,1.0,1.0,0.07,0.06,0.0,255,20,0.08,0.06,0.0,1.0,1.0,0.0,1,81731.0
47,5,0,0,0,0,60,1.0,1.0,0.05,0.07,0.0,255,17,0.07,0.05,0.0,1.0,1.0,0.0,1,23425.0
12,9,44,79,0,0,110,0.0,0.0,1.0,0.0,0.0,255,254,1.0,0.01,0.0,0.0,0.0,0.0,0,38757.0
24,9,235,1718,0,1,4,0.0,0.0,1.0,0.0,0.0,90,255,1.0,0.0,0.02,0.0,0.0,0.0,0,100455.0
47,1,0,0,0,0,188,0.0,0.0,0.06,0.07,0.0,255,12,0.05,0.09,0.0,0.0,0.0,1.0,1,102630.0
15,9,1032,0,0,0,509,0.0,0.0,1.0,0.0,0.0,255,243,0.95,0.04,0.0,0.0,0.0,0.0,1,40321.0
24,9,246,1783,0,1,9,0.0,0.0,1.0,0.0,0.0,23,103,1.0,0.0,0.05,0.0,0.0,0.0,0,39352.0
24,9,268,4175,0,1,14,0.0,0.0,1.0,0.0,0.0,255,255,1.0,0.0,0.0,0.0,0.0,0.0,0,25064.0
26,1,0,0,0,0,286,0.0,0.0,0.05,0.06,0.0,255,15,0.06,0.07,0.0,0.0,0.0,1.0,1,108949.0
24,9,320,2076,0,1,6,0.0,0.0,1.0,0.0,0.0,115,115,1.0,0.0,0.0,0.01,0.01,0.0,0,100594.0
15,9,1032,0,0,0,124,0.0,0.0,1.0,0.0,0.0,255,124,0.49,0.01,0.0,0.0,0.0,0.0,1,81936.0
24,9,283,1045,0,1,5,0.0,0.0,1.0,0.0,0.0,59,255,1.0,0.0,0.05,0.0,0.01,0.0,0,11744.0
0,2,0,0,0,0,1,0.0,0.0,1.0,0.0,0.0,39,30,0.77,0.08,0.0,0.0,0.0,0.83,0,36374.0
42,1,0,0,0,0,470,0.07,0.0,0.0,1.0,0.0,255,1,0.0,1.0,0.0,0.06,0.0,1.0,1,59533.0
24,9,346,9808,0,1,6,0.0,0.0,1.0,0.0,0.29,255,255,1.0,0.0,0.0,0.0,0.0,0.0,0,74309.0
24,9,248,309,0,1,2,0.0,0.0,1.0,0.0,0.0,255,255,1.0,0.0,0.0,0.0,0.0,0.0,0,82183.0
24,9,334,617,0,1,15,0.0,0.0,1.0,0.0,0.08,255,255,1.0,0.0,0.0,0.0,0.0,0.0,0,19375.0
20,9,1376,0,0,0,1,0.0,0.0,1.0,0.0,0.0,255,121,0.47,0.01,0.0,0.0,0.01,0.0,0,122560.0
15,9,30,0,0,0,1,0.0,0.0,1.0,0.0,0.0,203,203,1.0,0.0,0.0,0.0,0.0,0.0,0,40763.0
20,5,0,0,0,0,26,1.0,1.0,0.12,0.15,0.0,255,60,0.24,0.02,0.0,1.0,1.0,0.0,1,37616.0
12,9,45,72,0,0,115,0.0,0.0,0.99,0.02,0.02,255,253,0.99,0.01,0.0,0.0,0.0,0.0,0,46967.0
47,5,0,0,0,0,267,1.0,1.0,0.05,0.06,0.0,255,12,0.05,0.05,0.0,1.0,1.0,0.0,1,93309.0
42,4,1,0,0,0,2,0.0,0.0,1.0,0.0,0.0,255,2,0.01,0.74,0.0,0.0,0.0,1.0,1,95722.0
42,1,0,0,0,0,423,0.06,0.0,0.0,1.0,0.0,255,1,0.0,1.0,0.0,0.08,0.0,1.0,1,85170.0
24,9,277,5721,0,1,3,0.0,0.0,1.0,0.0,0.45,34,255,1.0,0.0,0.06,0.0,0.0,0.0,0,18746.0
47,9,105,146,0,0,2,0.0,0.0,1.0,0.0,0.0,12,12,1.0,0.0,0.0,0.0,0.0,0.0,0,46835.0
47,1,0,0,0,0,141,0.0,0.0,0.11,0.06,0.0,255,15,0.06,0.07,0.0,0.0,0.0,1.0,1,88877.0
24,9,227,277,0,1,9,0.0,0.0,1.0,0.0,0.0,28,255,1.0,0.0,0.07,0.0,0.0,0.0,0,45524.0
47,1,0,0,0,0,137,0.0,0.0,0.12,0.06,0.0,255,3,0.01,0.07,0.0,0.0,0.0,1.0,1,66717.0
4,5,0,0,0,0,289,1.0,1.0,0.04,0.06,0.0,255,12,0.05,0.07,0.0,1.0,1.0,0.0,1,13934.0
42,9,145,0,0,0,4,0.0,0.0,0.25,0.75,0.0,255,1,0.0,0.43,0.0,0.0,0.0,0.0,0,25714.0
24,9,225,265,0,1,8,0.0,0.0,1.0,0.0,0.0,115,255,1.0,0.0,0.05,0.01,0.01,0.0,0,95503.0
12,9,45,45,0,0,132,0.0,0.0,1.0,0.0,0.01,255,206,0.81,0.01,0.0,0.0,0.0,0.0,0,24222.0
47,5,0,0,0,0,115,1.0,1.0,0.1,0.06,0.0,255,10,0.04,0.08,0.0,1.0,1.0,0.0,1,108403.0
24,9,253,1569,0,1,8,0.12,0.12,1.0,0.0,0.0,137,255,1.0,0.0,0.05,0.01,0.0,0.59,0,77318.0
24,9,243,6089,0,1,1,0.0,0.0,1.0,0.0,0.0,1,255,1.0,0.0,0.04,0.0,0.0,0.0,0,51947.0
14,9,8,0,0,0,1,0.0,0.0,1.0,0.0,1.0,2,92,1.0,0.0,0.5,0.0,0.0,0.0,1,123437.0
2,5,0,0,0,0,240,1.0,1.0,0.06,0.05,0.0,255,15,0.06,0.06,0.0,1.0,1.0,0.0,1,52809.0
47,5,0,0,0,0,238,1.0,1.0,0.08,0.06,0.0,255,18,0.07,0.06,0.0,1.0,1.0,0.0,1,104620.0
47,5,0,0,0,0,123,1.0,1.0,0.1,0.05,0.0,255,9,0.04,0.07,0.0,1.0,1.0,0.0,1,59221.0
14,9,18,0,0,0,1,0.0,0.0,1.0,0.0,0.0,2,234,1.0,0.0,0.25,0.0,0.0,0.0,1,107758.0
24,9,335,3248,0,1,12,0.0,0.0,1.0,0.0,0.13,84,255,1.0,0.0,0.01,0.0,0.01,0.0,0,84849.0
14,9,8,0,0,0,1,0.0,0.0,1.0,0.0,1.0,2,40,1.0,0.0,0.5,0.0,0.0,0.0,1,56902.0
47,5,0,0,0,0,299,1.0,1.0,0.04,0.06,0.0,255,13,0.05,0.06,0.0,1.0,1.0,0.0,1,3812.0
12,9,42,130,0,0,226,0.0,0.0,1.0,0.01,0.0,115,82,0.71,0.02,0.0,0.0,0.0,0.0,0,107560.0
47,1,0,0,0,0,511,0.07,0.0,0.0,1.0,0.0,255,1,0.0,1.0,0.0,0.13,0.0,1.0,1,102803.0
23,5,0,0,0,0,282,1.0,1.0,0.04,0.06,0.0,255,12,0.05,0.07,0.0,1.0,1.0,0.0,1,35358.0
65,5,0,0,0,0,258,1.0,1.0,0.04,0.05,0.0,255,11,0.04,0.05,0.0,1.0,1.0,0.0,1,114297.0
52,9,924,332,0,1,1,0.0,0.0,1.0,0.0,1.0,255,143,0.56,0.02,0.0,0.01,0.02,0.0,0,83144.0
52,9,822,335,0,1,1,0.0,0.0,1.0,0.0,0.0,189,187,0.82,0.02,0.01,0.0,0.0,0.07,0,94156.0
40,2,0,0,0,0,241,0.0,0.0,0.0,0.07,0.0,255,1,0.0,0.07,0.0,0.0,0.0,1.0,1,20221.0
24,9,220,868,0,1,8,0.0,0.0,1.0,0.0,0.0,255,255,1.0,0.0,0.0,0.0,0.0,0.0,0,90482.0
24,9,337,7189,0,1,6,0.0,0.0,1.0,0.0,0.2,10,255,1.0,0.0,0.02,0.0,0.0,0.0,0,1647.0
24,9,228,6834,0,1,2,0.0,0.0,1.0,0.0,0.57,18,19,1.0,0.0,0.11,0.0,0.0,0.0,0,171.0
24,9,321,13233,0,1,2,0.0,0.0,1.0,0.0,0.5,111,255,1.0,0.0,0.01,0.0,0.0,0.0,0,81960.0
23,1,0,0,0,0,146,0.0,0.0,0.14,0.05,0.0,255,19,0.07,0.06,0.0,0.0,0.0,1.0,1,42854.0
65,1,0,0,0,0,204,0.0,0.0,0.01,0.07,0.0,255,2,0.01,0.08,0.0,0.0,0.0,1.0,1,124684.0
47,5,0,0,0,0,222,1.0,1.0,0.0,0.07,0.0,255,5,0.02,0.06,0.0,1.0,1.0,0.0,1,4230.0
14,9,30,0,0,0,1,0.0,0.0,1.0,0.0,0.0,155,155,1.0,0.0,0.0,0.0,0.0,0.0,0,37247.0
25,5,0,0,0,0,98,1.0,1.0,0.2,0.05,0.0,255,20,0.08,0.05,0.0,1.0,1.0,0.0,1,24299.0
7,5,0,0,0,0,121,1.0,1.0,0.1,0.06,0.0,255,7,0.03,0.07,0.0,1.0,1.0,0.0,1,110791.0
12,9,88,0,0,0,1,0.0,0.0,1.0,0.0,1.0,5,3,0.6,0.6,0.0,0.0,0.0,0.0,0,67102.0
24,9,353,2064,0,1,12,0.0,0.0,1.0,0.0,0.14,255,255,1.0,0.0,0.0,0.0,0.0,0.0,0,114198.0
24,9,210,18864,0,1,9,0.0,0.0,1.0,0.0,0.0,9,255,1.0,0.0,0.01,0.0,0.0,0.0,0,58903.0
10,5,0,0,0,0,244,1.0,1.0,0.02,0.07,0.0,255,5,0.02,0.07,0.0,1.0,1.0,0.0,1,770.0
24,1,0,0,0,0,1,0.0,0.0,1.0,0.0,0.0,6,255,1.0,0.0,0.14,0.0,0.0,0.55,0,124712.0
47,5,0,0,0,0,132,1.0,1.0,0.05,0.06,0.0,255,6,0.02,0.08,0.0,1.0,1.0,0.0,1,80431.0
52,9,766,336,0,1,1,0.0,0.0,1.0,0.0,1.0,97,147,0.61,0.05,0.01,0.0,0.01,0.0,0,81038.0
24,9,253,7309,0,1,4,0.0,0.0,1.0,0.0,0.4,74,255,1.0,0.0,0.03,0.0,0.0,0.0,0,113569.0
47,5,0,0,0,0,209,1.0,1.0,0.03,0.06,0.0,255,14,0.05,0.09,0.0,1.0,1.0,0.0,1,79192.0
24,9,226,2402,0,1,8,0.0,0.0,1.0,0.0,0.18,100,255,1.0,0.0,0.01,0.0,0.0,0.0,0,76511.0
47,5,0,0,0,0,206,1.0,1.0,0.01,0.07,0.0,255,3,0.01,0.07,0.0,1.0,1.0,0.0,1,99107.0
8,5,0,0,0,0,228,1.0,1.0,0.09,0.05,0.0,255,20,0.08,0.06,0.0,1.0,1.0,0.0,1,64493.0
12,9,45,71,0,0,219,0.0,0.0,1.0,0.01,0.01,255,254,1.0,0.01,0.0,0.0,0.0,0.0,0,25867.0
12,9,42,132,0,0,76,0.0,0.0,1.0,0.0,0.01,255,210,0.82,0.01,0.0,0.0,0.0,0.0,0,93164.0
52,9,739,431,0,1,1,0.0,0.0,1.0,0.0,0.0,48,141,0.71,0.06,0.01,0.02,0.0,0.0,0,60080.0
24,9,221,5549,0,1,5,0.0,0.0,1.0,0.0,0.21,30,255,1.0,0.0,0.04,0.0,0.0,0.0,0,11085.0
58,5,0,0,0,0,4,1.0,1.0,0.75,0.5,0.0,204,44,0.21,0.02,0.05,1.0,0.98,0.0,1,30546.0
24,9,214,20664,0,1,4,0.0,0.0,1.0,0.0,0.13,4,255,1.0,0.0,0.05,0.0,0.0,0.0,0,116673.0
24,9,212,2158,0,1,6,0.0,0.0,1.0,0.0,0.0,6,255,1.0,0.0,0.07,0.0,0.0,0.0,0,28542.0
47,5,0,0,0,0,140,1.0,1.0,0.17,0.05,0.0,255,24,0.09,0.04,0.0,1.0,1.0,0.0,1,87155.0
24,9,281,1976,0,1,9,0.0,0.0,1.0,0.0,0.1,143,255,1.0,0.0,0.04,0.0,0.0,0.0,0,16277.0
24,9,220,7662,0,1,2,0.0,0.0,1.0,0.0,0.05,30,255,1.0,0.0,0.03,0.0,0.0,0.0,0,85200.0
47,1,0,0,0,0,112,0.0,0.0,0.06,0.08,0.0,255,7,0.03,0.09,0.0,0.0,0.0,1.0,1,4339.0
24,9,233,607,0,1,32,0.0,0.0,1.0,0.0,0.0,255,255,1.0,0.0,0.0,0.0,0.0,0.0,0,53111.0
30,5,0,0,0,0,148,1.0,1.0,0.14,0.06,0.0,255,20,0.08,0.05,0.0,1.0,1.0,0.0,1,47171.0
24,9,479,10073,0,1,10,0.0,0.0,1.0,0.0,0.0,255,255,1.0,0.0,0.0,0.0,0.0,0.0,0,55809.0
12,9,44,138,0,0,166,0.0,0.0,1.0,0.0,0.01,255,253,0.99,0.01,0.0,0.0,0.0,0.0,0,28334.0
24,9,208,25712,0,1,14,0.0,0.0,1.0,0.0,0.0,14,255,1.0,0.0,0.01,0.0,0.0,0.0,0,44926.0
14,9,18,0,0,0,1,0.0,0.0,1.0,0.0,1.0,1,71,1.0,0.0,1.0,0.0,0.0,0.0,1,40683.0
24,9,218,1100,0,1,2,0.0,0.0,1.0,0.0,0.27,41,255,1.0,0.0,0.05,0.0,0.0,0.0,0,79840.0
12,9,45,74,0,0,301,0.0,0.0,1.0,0.0,0.0,255,254,1.0,0.01,0.0,0.0,0.0,0.0,0,47718.0
47,9,28,0,3,0,29,0.0,0.0,1.0,0.0,0.0,232,29,0.12,0.05,0.0,0.02,0.0,0.0,1,48501.0
58,5,0,0,0,0,22,1.0,1.0,0.27,0.23,0.0,255,16,0.06,0.08,0.0,1.0,1.0,0.0,1,116838.0
15,9,1032,0,0,0,511,0.0,0.0,1.0,0.0,0.0,255,223,0.87,0.01,0.0,0.0,0.0,0.0,1,93117.0
52,9,1409,376,0,1,1,0.0,0.0,1.0,0.0,0.0,228,165,0.64,0.01,0.01,0.0,0.01,0.0,0,78611.0
58,5,0,0,0,0,262,1.0,1.0,0.01,0.06,0.0,255,3,0.01,0.07,0.0,1.0,1.0,0.0,1,107465.0
42,9,1,0,0,0,12,0.0,0.0,0.08,0.75,0.0,255,1,0.0,0.13,0.0,0.0,0.0,0.0,1,74500.0
47,9,1,0,0,0,105,0.0,0.0,0.65,0.06,0.0,255,128,0.5,0.06,0.0,0.0,0.0,0.0,1,100431.0
47,5,0,0,0,0,265,1.0,1.0,0.03,0.06,0.0,255,25,0.1,0.07,0.0,1.0,1.0,0.0,1,38649.0
8,1,0,0,0,0,282,0.0,0.0,0.05,0.06,0.0,255,14,0.05,0.07,0.0,0.0,0.0,1.0,1,124617.0
20,9,1010,0,0,1,2,0.0,0.0,1.0,0.0,0.0,60,15,0.15,0.1,0.13,0.02,0.0,0.0,0,95374.0
24,1,0,0,0,0,1,0.0,0.0,1.0,0.0,0.0,76,255,1.0,0.0,0.08,0.0,0.0,1.0,0,115779.0
24,9,224,336,0,1,12,0.0,0.0,1.0,0.0,0.1,255,255,1.0,0.0,0.0,0.0,0.0,0.0,0,57618.0
47,5,0,0,0,0,123,1.0,1.0,0.02,0.06,0.0,255,2,0.01,0.06,0.0,1.0,1.0,0.0,1,11596.0
47,5,0,0,0,0,252,1.0,1.0,0.04,0.06,0.0,255,10,0.04,0.05,0.0,1.0,1.0,0.0,1,109417.0
20,9,567,0,0,0,1,0.0,0.0,1.0,0.0,0.0,189,75,0.27,0.03,0.03,0.0,0.0,0.0,0,109449.0
42,4,1,0,0,0,1,0.0,0.0,1.0,0.0,0.0,255,1,0.0,0.72,0.0,0.0,0.0,1.0,1,117934.0
52,9,1202,373,0,1,1,0.0,0.0,1.0,0.0,1.0,71,97,0.62,0.04,0.02,0.0,0.0,0.0,0,38269.0
52,9,1442,375,0,1,1,0.0,0.0,1.0,0.0,1.0,144,162,0.68,0.03,0.01,0.0,0.0,0.0,0,113974.0
47,5,0,0,0,0,94,1.0,1.0,0.02,0.06,0.0,255,2,0.01,0.06,0.0,1.0,1.0,0.0,1,7080.0
24,5,0,0,0,0,279,1.0,1.0,0.08,0.05,0.0,255,21,0.08,0.05,0.0,1.0,1.0,0.0,1,61271.0
52,9,1075,341,0,1,1,0.0,0.0,1.0,0.0,1.0,23,135,0.52,0.13,0.01,0.0,0.0,0.0,0,83356.0
47,5,0,0,0,0,130,1.0,1.0,0.11,0.06,0.0,255,16,0.06,0.07,0.0,1.0,1.0,0.0,1,104958.0
56,5,0,0,0,0,256,1.0,1.0,0.02,0.06,0.0,255,18,0.07,0.07,0.0,1.0,1.0,0.0,1,106819.0
47,5,0,0,0,0,140,1.0,1.0,0.13,0.06,0.0,43,18,0.42,0.09,0.0,1.0,1.0,0.0,1,92993.0
14,9,8,0,0,0,1,0.0,0.0,1.0,0.0,1.0,3,151,1.0,0.0,0.25,0.0,0.0,0.0,1,34605.0
24,9,250,790,0,1,5,0.0,0.0,1.0,0.0,0.2,86,255,1.0,0.0,0.05,0.0,0.0,0.0,0,13440.0
18,9,6,147,0,0,1,0.0,0.0,1.0,0.0,0.0,255,3,0.01,0.05,0.0,0.56,0.0,0.0,0,21636.0
24,9,304,8497,0,1,4,0.0,0.0,1.0,0.0,0.22,255,255,1.0,0.0,0.0,0.0,0.0,0.0,0,110399.0
24,9,220,276,0,1,8,0.0,0.0,1.0,0.0,0.0,255,255,1.0,0.0,0.0,0.0,0.0,0.0,0,117415.0
20,9,5135678,0,0,1,1,0.0,0.0,1.0,0.0,0.0,9,20,1.0,0.0,0.1,0.0,0.0,0.0,1,104438.0
58,6,91,2830,0,1,1,1.0,1.0,1.0,0.0,0.0,124,20,0.16,0.57,0.0,0.03,0.2,0.05,0,86377.0
42,9,145,105,0,0,1,0.0,0.0,1.0,0.0,0.0,255,1,0.0,0.62,0.0,0.0,0.0,0.0,0,36136.0
24,9,245,253,0,1,10,0.0,0.0,1.0,0.0,0.18,255,255,1.0,0.0,0.0,0.0,0.0,0.0,0,119106.0
55,2,0,0,0,0,190,0.0,0.0,0.06,0.07,0.0,255,12,0.05,0.08,0.0,0.0,0.0,1.0,1,67057.0
24,9,253,9912,0,1,6,0.0,0.0,1.0,0.0,0.0,19,255,1.0,0.0,0.01,0.0,0.0,0.0,0,121577.0
47,5,0,0,0,0,254,1.0,1.0,0.02,0.06,0.0,255,4,0.02,0.07,0.0,1.0,1.0,0.0,1,106230.0
34,4,0,0,0,0,1,0.0,0.0,1.0,0.0,0.0,140,1,0.01,0.31,0.0,0.0,0.0,1.0,1,50750.0
12,9,46,46,0,0,105,0.0,0.0,1.0,0.0,0.0,255,255,1.0,0.0,0.0,0.0,0.0,0.0,0,79785.0
42,4,1,0,0,0,2,0.0,0.0,1.0,0.0,0.0,255,2,0.01,0.68,0.0,0.0,0.0,1.0,1,21740.0
47,5,0,0,0,0,203,1.0,1.0,0.1,0.06,0.0,255,10,0.04,0.07,0.0,1.0,1.0,0.0,1,38376.0
15,9,30,0,0,0,1,0.0,0.0,1.0,0.0,0.0,8,9,1.0,0.0,0.22,0.0,0.0,0.0,0,85923.0
24,9,314,4137,0,1,7,0.0,0.0,1.0,0.0,0.0,255,255,1.0,0.0,0.0,0.0,0.0,0.0,0,439.0
24,9,298,189,0,1,25,0.0,0.0,1.0,0.0,0.0,255,255,1.0,0.0,0.0,0.0,0.0,0.0,0,53940.0
24,9,280,1288,0,1,11,0.0,0.0,1.0,0.0,0.0,24,255,1.0,0.0,0.05,0.0,0.0,0.0,0,12634.0
15,9,1032,0,0,0,510,0.0,0.0,1.0,0.0,0.0,255,40,0.16,0.18,0.0,0.0,0.0,0.0,1,71921.0
20,9,71,0,0,0,1,0.0,0.0,1.0,0.0,0.0,49,39,0.02,0.1,0.05,0.0,0.0,0.0,0,115451.0
47,5,0,0,0,0,215,1.0,1.0,0.06,0.06,0.0,255,19,0.07,0.07,0.0,1.0,1.0,0.0,1,20458.0
47,5,0,0,0,0,212,1.0,1.0,0.03,0.06,0.0,255,14,0.05,0.08,0.0,1.0,1.0,0.0,1,121685.0
24,9,210,1163,0,1,21,0.0,0.0,1.0,0.0,0.08,29,41,1.0,0.0,0.07,0.0,0.0,0.0,0,45104.0
6,5,0,0,0,0,96,1.0,1.0,0.03,0.05,0.0,255,3,0.01,0.05,0.0,1.0,1.0,0.0,1,35208.0
47,5,0,0,0,0,127,1.0,1.0,0.1,0.06,0.0,255,4,0.02,0.07,0.0,1.0,1.0,0.0,1,100477.0
12,9,45,115,0,0,1,0.0,0.0,1.0,0.0,1.0,255,235,0.92,0.01,0.0,0.0,0.0,0.0,0,84111.0
24,9,231,16566,0,1,1,0.0,0.0,1.0,0.0,0.0,138,255,1.0,0.0,0.03,0.0,0.0,0.0,0,81916.0
52,9,1242,335,0,1,1,0.0,0.0,1.0,0.0,0.0,67,191,0.7,0.03,0.01,0.0,0.0,0.0,0,74086.0
20,5,0,0,0,0,24,1.0,1.0,0.12,0.17,0.0,255,57,0.22,0.03,0.0,1.0,1.0,0.0,1,14512.0
47,5,0,0,0,0,272,1.0,1.0,0.01,0.06,0.0,255,3,0.01,0.06,0.0,1.0,1.0,0.0,1,117344.0
26,1,0,0,0,0,264,0.0,0.0,0.07,0.06,0.0,255,19,0.07,0.07,0.0,0.0,0.0,1.0,1,17293.0
47,5,0,0,0,0,251,1.0,1.0,0.05,0.06,0.0,255,13,0.05,0.09,0.0,1.0,1.0,0.0,1,50685.0
9,5,0,0,0,0,233,1.0,1.0,0.02,0.07,0.0,255,1,0.0,0.08,0.0,1.0,1.0,0.0,1,82905.0
24,9,54540,8314,0,1,3,0.0,0.0,1.0,0.0,0.5,217,217,1.0,0.0,0.0,0.0,0.0,0.01,1,119273.0
42,1,0,0,0,0,510,0.11,0.0,0.0,1.0,0.0,255,1,0.0,1.0,0.0,0.18,0.0,1.0,1,57938.0
24,9,304,2507,0,1,5,0.0,0.0,1.0,0.0,0.25,150,143,0.95,0.01,0.0,0.0,0.0,0.0,0,16022.0
24,9,243,321,0,1,22,0.0,0.0,1.0,0.0,0.0,255,255,1.0,0.0,0.0,0.0,0.0,0.0,0,26142.0
5,5,0,0,0,0,94,1.0,1.0,0.15,0.06,0.0,255,14,0.05,0.06,0.0,1.0,1.0,0.0,1,91006.0
42,9,516,4,0,0,268,0.0,0.0,1.0,0.0,0.0,255,255,1.0,0.0,0.0,0.0,0.0,0.0,0,19474.0
15,9,1032,0,0,0,509,0.0,0.0,1.0,0.0,0.0,255,205,0.8,0.13,0.0,0.0,0.0,0.0,1,83735.0
52,9,692,326,0,1,1,0.0,0.0,1.0,0.0,0.0,255,141,0.55,0.02,0.0,0.0,0.0,0.0,0,27652.0
47,5,0,0,0,0,24,1.0,1.0,0.12,0.21,0.0,255,3,0.01,0.08,0.0,1.0,1.0,0.0,1,46908.0
65,1,0,0,0,0,208,0.0,0.0,0.06,0.07,0.0,255,13,0.05,0.08,0.0,0.0,0.0,1.0,1,90166.0
24,9,205,1193,0,1,8,0.0,0.0,1.0,0.0,0.17,255,255,1.0,0.0,0.0,0.0,0.0,0.0,0,106261.0
12,9,46,73,0,0,149,0.0,0.0,1.0,0.0,0.01,255,225,0.88,0.01,0.0,0.0,0.0,0.0,0,2074.0
47,9,28,0,3,0,94,0.01,0.0,0.99,0.02,0.0,255,93,0.36,0.01,0.0,0.0,0.0,0.0,1,46002.0
20,9,26408,0,0,1,8,0.0,0.0,1.0,0.0,0.0,25,14,0.56,0.16,0.0,0.0,0.0,0.0,0,36878.0
16,5,0,0,0,0,109,1.0,1.0,0.14,0.06,0.0,255,7,0.03,0.06,0.0,1.0,1.0,0.0,1,50758.0
24,9,202,985,0,1,13,0.0,0.0,1.0,0.0,0.2,24,255,1.0,0.0,0.02,0.0,0.0,0.0,0,119043.0
24,9,310,1408,0,1,1,0.0,0.0,1.0,0.0,0.0,1,255,1.0,0.0,0.02,0.0,0.0,0.0,0,107872.0
47,9,1,0,0,0,35,0.0,0.0,0.17,0.11,0.0,255,6,0.02,0.08,0.0,0.0,0.0,0.0,1,75729.0
47,5,0,0,0,0,185,1.0,1.0,0.06,0.08,0.0,255,11,0.04,0.07,0.0,1.0,1.0,0.0,1,119494.0
47,5,0,0,0,0,116,1.0,1.0,0.15,0.05,0.0,172,17,0.1,0.06,0.0,1.0,1.0,0.0,1,47005.0
57,5,0,0,0,0,296,1.0,1.0,0.06,0.05,0.0,255,13,0.05,0.07,0.0,1.0,1.0,0.0,1,72401.0
47,5,0,0,0,0,296,1.0,1.0,0.06,0.06,0.0,255,6,0.02,0.07,0.0,1.0,1.0,0.0,1,45857.0
2,5,0,0,0,0,202,1.0,1.0,0.09,0.06,0.0,255,18,0.07,0.06,0.0,1.0,1.0,0.0,1,58012.0
24,9,295,770,0,1,14,0.0,0.0,1.0,0.0,0.17,255,255,1.0,0.0,0.0,0.0,0.0,0.0,0,29144.0
47,9,105,146,0,0,5,0.0,0.0,0.2,0.6,0.0,255,230,0.9,0.01,0.0,0.0,0.0,0.0,0,49238.0
47,5,0,0,0,0,123,0.98,1.0,0.13,0.07,0.0,255,14,0.05,0.05,0.0,1.0,1.0,0.0,1,57270.0
42,1,0,0,0,0,511,0.04,0.0,0.0,1.0,0.0,255,1,0.0,1.0,0.0,0.07,0.0,1.0,1,96891.0
21,5,0,0,0,0,139,1.0,1.0,0.02,0.06,0.0,255,5,0.02,0.07,0.0,1.0,1.0,0.0,1,83931.0
24,9,296,2302,0,1,13,0.0,0.0,1.0,0.0,0.0,255,255,1.0,0.0,0.0,0.0,0.0,0.0,0,121578.0
24,9,299,2340,0,1,10,0.0,0.0,1.0,0.0,0.14,23,255,1.0,0.0,0.04,0.0,0.01,0.0,0,81736.0
47,5,0,0,0,0,149,1.0,1.0,0.11,0.05,0.0,255,30,0.12,0.05,0.0,1.0,1.0,0.0,1,59593.0
20,9,374,0,0,1,5,0.0,0.0,1.0,0.0,0.0,104,86,0.35,0.04,0.02,0.02,0.0,0.0,0,82854.0
24,9,262,2539,0,1,1,0.0,0.0,1.0,0.0,0.0,255,244,0.96,0.01,0.0,0.0,0.0,0.0,0,6525.0
47,5,0,0,0,0,8,1.0,1.0,0.62,0.25,0.0,255,10,0.04,0.08,0.0,1.0,1.0,0.0,1,111659.0
34,1,0,0,0,0,103,0.0,0.0,0.05,0.08,0.0,255,5,0.02,0.09,0.0,0.0,0.0,1.0,1,37382.0
24,9,294,260,0,1,5,0.0,0.0,1.0,0.0,0.0,149,255,1.0,0.0,0.03,0.0,0.0,0.0,0,26281.0
47,9,105,147,0,0,8,0.0,0.0,0.12,0.25,0.0,255,224,0.88,0.01,0.0,0.0,0.0,0.0,0,69704.0
52,9,924,330,0,1,1,0.0,0.0,1.0,0.0,1.0,162,145,0.64,0.04,0.01,0.0,0.0,0.0,0,46511.0
14,9,18,0,0,0,1,0.0,0.0,1.0,0.0,0.0,1,114,1.0,0.0,1.0,0.0,0.0,0.0,1,34374.0
24,9,190,2543,0,1,7,0.0,0.0,1.0,0.0,0.0,255,255,1.0,0.0,0.0,0.0,0.0,0.0,0,18491.0
47,5,0,0,0,0,125,1.0,1.0,0.03,0.06,0.0,255,15,0.06,0.07,0.0,1.0,1.0,0.0,1,32252.0
47,9,105,146,0,0,5,0.0,0.0,0.2,0.6,0.0,255,243,0.95,0.01,0.0,0.0,0.0,0.0,0,5436.0
12,9,31,0,0,0,1,0.0,0.0,1.0,0.0,0.36,255,37,0.15,0.08,0.0,0.01,0.0,0.0,0,4632.0
47,5,0,0,0,0,127,1.0,1.0,0.08,0.08,0.0,255,5,0.02,0.08,0.0,1.0,1.0,0.0,1,104428.0
24,5,0,0,0,0,251,1.0,1.0,0.08,0.06,0.0,255,19,0.07,0.06,0.0,1.0,1.0,0.0,1,82885.0
47,9,28,0,3,0,53,0.0,0.0,1.0,0.0,0.0,255,53,0.21,0.01,0.0,0.0,0.0,0.0,1,122767.0
20,9,1339,0,0,1,1,0.0,0.0,1.0,0.0,0.0,255,141,0.55,0.02,0.0,0.0,0.0,0.0,0,118049.0
20,9,832,0,0,1,1,0.0,0.0,1.0,0.0,0.0,7,37,1.0,0.0,0.14,0.0,0.0,0.0,1,34220.0
15,9,1032,0,0,0,429,0.0,0.0,1.0,0.0,0.0,255,255,1.0,0.0,0.0,0.0,0.0,0.0,1,28591.0
66,5,0,0,0,0,57,1.0,1.0,0.14,0.11,0.0,255,16,0.06,0.08,0.0,1.0,1.0,0.0,1,70565.0
24,9,227,516,0,1,11,0.0,0.0,1.0,0.0,0.23,193,255,1.0,0.0,0.01,0.0,0.0,0.0,0,94800.0
24,9,339,383,0,1,13,0.0,0.0,1.0,0.0,0.14,255,255,1.0,0.0,0.0,0.0,0.0,0.0,0,20809.0
66,5,0,0,0,0,233,1.0,1.0,0.02,0.06,0.0,255,5,0.02,0.07,0.0,1.0,1.0,0.0,1,18557.0
52,9,999,331,0,1,1,0.0,0.0,1.0,0.0,0.0,119,150,0.48,0.04,0.01,0.0,0.0,0.0,0,102371.0
15,9,1032,0,0,0,511,0.0,0.0,1.0,0.0,0.0,255,228,0.89,0.07,0.0,0.0,0.0,0.0,1,11450.0
45,9,35,130,0,1,1,0.0,0.0,1.0,0.0,0.0,255,5,0.02,0.02,0.0,0.0,0.0,0.0,0,50121.0
28,1,0,0,0,0,145,0.0,0.0,0.12,0.06,0.0,255,18,0.07,0.07,0.0,0.0,0.0,1.0,1,7545.0
9,5,0,0,0,0,272,1.0,1.0,0.04,0.06,0.0,255,12,0.05,0.05,0.0,1.0,1.0,0.0,1,65126.0
58,9,225,4891,0,1,1,0.0,0.0,1.0,0.0,0.0,255,33,0.13,0.04,0.0,0.15,0.0,0.12,0,75972.0
47,9,105,146,0,0,2,0.0,0.0,1.0,0.0,0.0,255,235,0.92,0.01,0.0,0.0,0.0,0.0,0,16094.0
12,9,29,0,0,0,4,0.0,0.0,0.75,0.5,0.09,109,32,0.1,0.06,0.06,0.0,0.0,0.0,0,40405.0
24,9,327,1565,0,1,3,0.0,0.0,1.0,0.0,0.06,255,255,1.0,0.0,0.0,0.0,0.0,0.01,0,107115.0
24,9,301,1349,0,1,33,0.03,0.03,1.0,0.0,0.06,33,255,1.0,0.0,0.04,0.03,0.0,0.0,0,121840.0
12,9,45,72,0,0,119,0.0,0.0,1.0,0.0,0.02,255,253,0.99,0.01,0.0,0.0,0.0,0.0,0,102931.0
47,5,0,0,0,0,108,1.0,1.0,0.22,0.06,0.0,255,6,0.02,0.06,0.0,1.0,1.0,0.0,1,24010.0
12,9,44,75,0,0,183,0.0,0.0,1.0,0.0,0.0,255,254,1.0,0.01,0.0,0.0,0.0,0.0,0,59459.0
24,9,278,9443,0,1,5,0.0,0.0,1.0,0.0,0.0,255,255,1.0,0.0,0.0,0.0,0.0,0.0,0,95781.0
20,9,1470,0,0,1,16,0.0,0.0,1.0,0.0,0.0,255,144,0.56,0.02,0.0,0.0,0.01,0.0,0,17626.0
4,9,9,38,0,1,1,0.0,0.0,1.0,0.0,0.0,1,7,1.0,0.0,0.29,0.0,0.0,0.0,0,97933.0
12,9,45,114,0,0,6,0.0,0.0,1.0,0.0,0.19,40,38,0.95,0.05,0.0,0.0,0.0,0.0,0,108459.0
18,5,0,0,0,0,3,1.0,1.0,0.33,1.0,0.0,255,61,0.24,0.04,0.0,1.0,1.0,0.0,1,17610.0
33,5,0,0,0,0,238,1.0,1.0,0.05,0.06,0.0,255,5,0.02,0.09,0.0,1.0,1.0,0.0,1,85362.0
6,1,0,0,0,0,141,0.0,0.0,0.13,0.06,0.0,255,18,0.07,0.07,0.0,0.0,0.0,1.0,1,51191.0
12,9,44,130,0,0,141,0.0,0.0,1.0,0.0,0.02,255,254,1.0,0.01,0.0,0.0,0.0,0.0,0,56262.0
19,9,1024,2201,0,1,1,0.0,0.0,1.0,0.0,0.0,255,13,0.05,0.02,0.0,0.17,0.0,0.0,1,99526.0
9,5,0,0,0,0,262,1.0,1.0,0.03,0.06,0.0,255,10,0.04,0.08,0.0,1.0,1.0,0.0,1,79426.0
20,5,0,0,0,0,233,1.0,1.0,0.03,0.06,0.0,255,7,0.03,0.07,0.0,1.0,1.0,0.0,1,6392.0
42,9,422,4,0,0,502,0.0,0.0,1.0,0.0,0.0,255,255,1.0,0.0,0.0,0.0,0.0,0.0,0,39852.0
24,9,205,283,0,1,4,0.0,0.0,1.0,0.0,0.4,44,255,1.0,0.0,0.04,0.0,0.0,0.0,0,44771.0
15,9,30,0,0,0,2,0.0,0.0,1.0,0.0,0.0,159,159,1.0,0.0,0.0,0.0,0.0,0.0,0,10449.0
24,9,201,10553,0,1,2,0.0,0.0,1.0,0.0,0.4,2,10,1.0,0.0,0.3,0.0,0.0,0.0,0,61018.0
12,9,44,69,0,0,150,0.0,0.0,1.0,0.0,0.0,255,254,1.0,0.01,0.0,0.0,0.0,0.0,0,44200.0
52,9,652,327,0,1,1,0.0,0.0,1.0,0.0,0.0,47,183,0.98,0.04,0.02,0.0,0.0,0.0,0,17110.0
24,9,206,885,0,1,3,0.0,0.0,1.0,0.0,0.15,249,255,1.0,0.0,0.01,0.0,0.0,0.0,0,108983.0
52,9,1163,388,0,1,1,0.0,0.0,1.0,0.0,0.0,255,7,0.03,0.09,0.0,0.88,0.0,0.0,0,67743.0
53,1,0,0,0,0,185,0.0,0.0,0.09,0.07,0.0,255,17,0.07,0.07,0.0,0.0,0.0,1.0,1,58397.0
20,9,1010,0,0,0,1,0.0,0.0,1.0,0.0,0.0,125,25,0.2,0.02,0.0,0.0,0.0,0.0,0,72056.0
12,9,40,106,0,0,1,0.0,0.0,1.0,0.0,0.0,255,222,0.87,0.01,0.0,0.0,0.0,0.0,0,108314.0
24,9,165,4475,0,1,1,0.0,0.0,1.0,0.0,0.0,1,255,1.0,0.0,0.02,0.0,0.0,0.0,0,13471.0
10,5,0,0,0,0,286,1.0,1.0,0.05,0.06,0.0,255,10,0.04,0.07,0.0,1.0,1.0,0.0,1,124664.0
5,1,0,0,0,0,235,0.0,0.0,0.08,0.06,0.0,255,19,0.07,0.07,0.0,0.0,0.0,1.0,1,38177.0
8,5,0,0,0,0,238,1.0,1.0,0.08,0.06,0.0,255,20,0.08,0.07,0.0,1.0,1.0,0.0,1,109604.0
47,9,1,0,0,0,1,0.0,0.0,1.0,0.0,0.0,255,8,0.03,0.89,0.0,0.03,0.0,0.0,1,46326.0
24,9,243,1865,0,1,19,0.0,0.0,1.0,0.0,0.0,108,255,1.0,0.0,0.02,0.0,0.0,0.0,0,73372.0
58,2,0,0,0,0,262,0.0,0.0,0.06,0.06,0.0,255,17,0.07,0.07,0.0,0.0,0.0,1.0,1,115307.0
24,9,197,5989,0,1,8,0.0,0.0,1.0,0.0,0.22,255,255,1.0,0.0,0.0,0.0,0.0,0.0,0,19257.0
24,9,197,15085,0,1,1,0.0,0.0,1.0,0.0,0.0,38,255,1.0,0.0,0.07,0.0,0.0,0.0,0,35057.0
30,1,0,0,0,0,126,0.0,0.0,0.01,0.07,0.0,255,1,0.0,0.07,0.0,0.0,0.0,1.0,1,33488.0
24,9,250,2891,0,1,1,0.0,0.0,1.0,0.0,0.0,203,255,1.0,0.0,0.01,0.0,0.0,0.0,0,21996.0
14,9,8,0,0,0,1,0.0,0.0,1.0,0.0,1.0,1,145,1.0,0.0,0.5,0.0,0.0,0.0,1,41767.0
24,9,304,168,0,1,7,0.0,0.0,1.0,0.0,0.0,45,255,1.0,0.0,0.04,0.0,0.0,0.0,0,104548.0
24,9,216,1262,0,1,2,0.0,0.0,1.0,0.0,0.67,60,255,1.0,0.0,0.01,0.0,0.0,0.0,0,80118.0
20,9,1470,0,0,1,22,0.05,0.05,1.0,0.0,0.0,255,108,0.42,0.02,0.0,0.0,0.01,0.0,0,87817.0
24,9,202,1923,0,1,16,0.0,0.0,1.0,0.0,0.12,21,255,1.0,0.0,0.02,0.0,0.0,0.0,0,633.0
47,5,0,0,0,0,242,1.0,1.0,0.02,0.06,0.0,255,8,0.03,0.09,0.0,1.0,1.0,0.0,1,36997.0
24,9,223,2302,0,1,15,0.0,0.0,1.0,0.0,0.0,255,255,1.0,0.0,0.0,0.0,0.0,0.0,0,60784.0
24,9,184,5515,0,1,6,0.0,0.0,1.0,0.0,0.0,6,255,1.0,0.0,0.05,0.0,0.0,0.0,0,13653.0
27,5,0,0,0,0,239,1.0,1.0,0.1,0.05,0.0,255,23,0.09,0.05,0.0,1.0,1.0,0.0,1,8347.0
12,9,44,75,0,0,305,0.0,0.0,1.0,0.0,0.0,255,254,1.0,0.01,0.0,0.0,0.0,0.0,0,13047.0
52,5,0,0,0,0,219,1.0,1.0,0.0,0.06,0.0,255,1,0.0,0.06,0.0,1.0,1.0,0.0,1,33451.0
24,1,0,0,0,0,16,0.0,0.0,1.0,0.0,0.0,16,255,1.0,0.0,0.01,0.0,0.0,0.06,0,13596.0
24,9,222,248,0,1,3,0.33,0.33,1.0,0.0,0.0,19,255,1.0,0.0,0.02,0.05,0.0,0.0,0,97469.0
24,9,204,898,0,1,10,0.0,0.0,1.0,0.0,0.0,10,255,1.0,0.0,0.06,0.0,0.0,0.0,0,98395.0
24,9,352,1564,0,1,12,0.0,0.0,1.0,0.0,0.0,255,255,1.0,0.0,0.0,0.0,0.0,0.0,0,13638.0
47,5,0,0,0,0,267,1.0,1.0,0.01,0.06,0.0,255,19,0.07,0.07,0.0,1.0,1.0,0.0,1,122002.0
47,5,0,0,0,0,211,1.0,1.0,0.07,0.06,0.0,255,12,0.05,0.07,0.0,1.0,1.0,0.0,1,89028.0
12,9,32,0,0,0,1,0.0,0.0,1.0,0.0,0.75,108,23,0.04,0.05,0.09,0.0,0.0,0.0,0,82178.0
47,9,28,0,3,0,43,0.0,0.0,1.0,0.0,0.0,255,43,0.17,0.64,0.0,0.02,0.0,0.0,1,53737.0
47,5,0,0,0,0,123,1.0,1.0,0.11,0.07,0.0,178,13,0.07,0.07,0.0,1.0,1.0,0.0,1,118879.0
55,5,0,0,0,0,133,1.0,1.0,0.07,0.05,0.0,255,9,0.04,0.05,0.0,1.0,1.0,0.0,1,15310.0
20,9,276,0,0,1,14,0.0,0.0,1.0,0.0,0.0,56,90,0.36,0.04,0.03,0.0,0.0,0.0,0,30998.0
47,9,1,0,0,0,8,0.0,0.0,1.0,0.0,0.0,255,8,0.03,0.4,0.0,0.0,0.0,0.0,1,108691.0
21,5,0,0,0,0,232,1.0,1.0,0.0,0.06,0.0,255,4,0.02,0.07,0.0,1.0,1.0,0.0,1,102995.0
14,9,30,0,0,0,1,0.0,0.0,1.0,0.0,0.0,30,30,1.0,0.0,0.0,0.0,0.0,0.0,0,112894.0
24,9,203,379,0,1,39,0.0,0.0,1.0,0.0,0.05,255,255,1.0,0.0,0.0,0.0,0.0,0.0,0,37768.0
14,9,8,0,0,0,1,0.0,0.0,1.0,0.0,1.0,2,32,1.0,0.0,0.5,0.0,0.0,0.0,1,1862.0
32,5,0,0,0,0,95,1.0,1.0,0.21,0.05,0.0,255,20,0.08,0.07,0.0,1.0,1.0,0.0,1,20842.0
20,9,259,0,0,1,2,0.0,0.0,1.0,0.0,0.0,88,8,0.09,0.05,0.0,0.0,0.0,0.0,0,124628.0
24,9,213,318,0,1,4,0.0,0.0,1.0,0.0,0.1,12,255,1.0,0.0,0.03,0.0,0.0,0.0,0,80408.0
20,9,7940,0,0,1,9,0.0,0.0,1.0,0.0,0.0,175,70,0.3,0.03,0.03,0.0,0.0,0.0,0,61692.0
24,9,215,301,0,1,3,0.0,0.0,1.0,0.0,0.0,69,255,1.0,0.0,0.03,0.0,0.0,0.0,0,110426.0
24,9,257,862,0,1,4,0.0,0.0,1.0,0.0,0.38,165,255,1.0,0.0,0.01,0.0,0.0,0.0,0,109029.0
47,1,0,0,0,0,211,0.0,0.0,0.03,0.06,0.0,255,7,0.03,0.06,0.0,0.0,0.0,1.0,1,95659.0
24,1,0,0,0,0,1,0.0,0.0,1.0,0.0,0.0,81,249,1.0,0.0,0.13,0.0,0.0,0.95,0,61529.0
24,9,283,1521,0,1,6,0.0,0.0,1.0,0.0,0.29,255,255,1.0,0.0,0.0,0.0,0.0,0.0,0,115008.0
24,9,232,20060,0,1,9,0.0,0.0,1.0,0.0,0.25,9,255,1.0,0.0,0.02,0.0,0.0,0.0,0,109298.0
12,9,45,110,0,0,1,0.0,0.0,1.0,0.0,1.0,255,235,0.92,0.01,0.0,0.0,0.0,0.0,0,90172.0
24,9,237,415,0,1,12,0.0,0.0,1.0,0.0,0.0,164,255,1.0,0.0,0.02,0.0,0.0,0.0,0,9870.0
52,9,675,330,0,1,1,0.0,0.0,1.0,0.0,1.0,97,152,0.67,0.18,0.01,0.03,0.01,0.0,0,22130.0
47,4,0,0,0,0,1,0.0,0.0,1.0,0.0,0.0,72,1,0.01,0.36,0.0,0.08,0.0,1.0,1,117647.0
24,9,245,8624,0,1,13,0.0,0.0,1.0,0.0,0.19,226,255,1.0,0.0,0.02,0.0,0.0,0.0,0,39909.0
24,9,243,1871,0,1,7,0.0,0.0,1.0,0.0,0.0,73,255,1.0,0.0,0.07,0.0,0.01,0.0,0,48136.0
42,9,147,105,0,0,4,0.0,0.0,0.5,0.5,0.0,255,2,0.01,0.64,0.0,0.0,0.0,0.0,0,26894.0
24,9,299,474,0,1,7,0.0,0.0,1.0,0.0,0.0,255,255,1.0,0.0,0.0,0.0,0.0,0.0,0,123515.0
58,9,458,14471,0,1,1,0.0,0.0,1.0,0.0,0.0,255,51,0.2,0.02,0.0,0.58,0.73,0.0,0,48825.0
35,5,0,0,0,0,245,1.0,1.0,0.08,0.05,0.0,255,7,0.03,0.07,0.0,1.0,1.0,0.0,1,73524.0
24,1,0,0,0,0,147,0.0,0.0,0.03,0.06,0.0,255,2,0.01,0.07,0.0,0.0,0.0,1.0,1,55435.0
24,9,301,375,0,1,23,0.0,0.0,1.0,0.0,0.1,152,255,1.0,0.0,0.02,0.0,0.0,0.0,0,86596.0
14,9,8,0,0,0,1,0.0,0.0,1.0,0.0,1.0,1,137,1.0,0.0,0.26,0.0,0.0,0.0,1,98081.0
47,1,0,0,0,0,115,0.0,0.0,0.03,0.09,0.0,255,4,0.02,0.09,0.0,0.0,0.0,1.0,1,76297.0
24,9,202,1296,0,1,1,0.0,0.0,1.0,0.0,0.0,1,255,1.0,0.0,0.04,0.0,0.0,0.0,0,24118.0
42,1,0,0,0,0,511,0.02,0.0,0.0,1.0,0.0,255,1,0.0,1.0,0.0,0.0,0.0,1.0,1,117289.0
63,5,0,0,0,0,102,1.0,1.0,0.01,0.08,0.0,255,1,0.0,0.08,0.0,1.0,1.0,0.0,1,17572.0
24,9,321,1010,0,1,15,0.0,0.0,1.0,0.0,0.0,193,255,1.0,0.0,0.02,0.01,0.0,0.0,0,77989.0
24,9,310,1423,0,1,8,0.0,0.0,1.0,0.0,0.0,255,255,1.0,0.0,0.0,0.0,0.0,0.0,0,84897.0
34,5,0,0,0,0,274,1.0,1.0,0.03,0.06,0.0,255,8,0.03,0.07,0.0,1.0,1.0,0.0,1,120571.0
24,9,54540,8314,0,1,3,0.0,0.0,1.0,0.0,0.0,34,34,1.0,0.0,0.0,0.0,0.0,0.06,1,11852.0
24,9,221,1565,0,1,13,0.0,0.0,1.0,0.0,0.0,255,255,1.0,0.0,0.0,0.0,0.0,0.0,0,59732.0
31,5,0,0,0,0,192,1.0,1.0,0.1,0.07,0.0,255,19,0.07,0.06,0.0,1.0,1.0,0.0,1,102987.0
2,5,0,0,0,0,274,1.0,1.0,0.07,0.07,0.0,255,19,0.07,0.08,0.0,1.0,1.0,0.0,1,91330.0
24,9,210,2454,0,1,1,0.0,0.0,1.0,0.0,0.25,7,255,1.0,0.0,0.02,0.0,0.0,0.0,0,48589.0
12,9,45,45,0,0,175,0.0,0.0,0.99,0.01,0.0,255,254,1.0,0.01,0.0,0.0,0.0,0.0,0,123197.0
24,9,214,1718,0,1,7,0.0,0.0,1.0,0.0,0.0,255,255,1.0,0.0,0.0,0.0,0.0,0.0,0,93353.0
24,1,0,0,0,0,1,0.0,0.0,1.0,0.0,0.0,157,253,1.0,0.0,0.06,0.0,0.0,0.54,0,93424.0
47,5,0,0,0,0,177,1.0,1.0,0.03,0.07,0.0,255,16,0.06,0.06,0.0,1.0,1.0,0.0,1,93077.0
42,4,1,0,0,0,2,0.0,0.0,1.0,0.0,0.0,255,2,0.01,0.63,0.0,0.0,0.0,1.0,1,98281.0
20,9,2194619,0,0,0,2,0.0,0.0,1.0,0.0,0.0,255,75,0.29,0.03,0.0,0.0,0.0,0.0,0,75932.0
14,9,8,0,0,0,1,0.0,0.0,1.0,0.0,1.0,2,255,1.0,0.0,0.5,0.0,0.0,0.0,1,43444.0
52,9,536,279,0,1,1,0.0,0.0,1.0,0.0,0.0,168,124,0.74,0.04,0.0,0.0,0.0,0.0,0,51975.0
11,5,0,0,0,0,17,1.0,1.0,0.41,0.18,0.0,255,13,0.05,0.07,0.0,1.0,1.0,0.0,1,89053.0
42,9,146,105,0,0,4,0.0,0.0,0.5,0.5,0.0,255,2,0.01,0.64,0.0,0.0,0.0,0.0,0,46096.0
24,9,323,7886,0,1,18,0.0,0.0,1.0,0.0,0.0,144,255,1.0,0.0,0.01,0.0,0.0,0.0,0,122601.0
27,5,0,0,0,0,212,1.0,1.0,0.06,0.05,0.0,255,12,0.05,0.06,0.0,1.0,1.0,0.0,1,33881.0
24,9,201,1148,0,1,15,0.0,0.0,1.0,0.0,0.0,15,69,1.0,0.0,0.06,0.0,0.0,0.0,0,1365.0
47,5,0,0,0,0,141,1.0,1.0,0.04,0.06,0.0,255,2,0.01,0.08,0.0,1.0,1.0,0.0,1,40291.0
58,5,0,0,0,0,20,1.0,1.0,0.2,0.2,0.0,255,64,0.25,0.02,0.0,1.0,1.0,0.0,1,110672.0
52,9,1028,327,0,1,1,0.0,0.0,1.0,0.0,1.0,140,166,0.52,0.03,0.01,0.0,0.0,0.0,0,120399.0
12,9,32,0,0,0,1,0.0,0.0,1.0,0.0,0.0,70,10,0.14,0.1,0.0,0.0,0.0,0.0,0,30960.0
47,5,0,0,0,0,191,1.0,1.0,0.13,0.05,0.0,255,24,0.09,0.05,0.0,1.0,1.0,0.0,1,30606.0
12,9,35,91,0,0,1,0.0,0.0,1.0,0.0,0.75,173,118,0.68,0.02,0.0,0.0,0.0,0.0,0,29626.0
18,5,0,0,0,0,20,1.0,1.0,0.25,0.2,0.0,255,64,0.25,0.02,0.0,1.0,1.0,0.0,1,93715.0
47,5,0,0,0,0,200,1.0,1.0,0.05,0.06,0.0,255,11,0.04,0.08,0.0,1.0,1.0,0.0,1,96113.0
24,9,214,1007,0,1,3,0.0,0.0,1.0,0.0,0.0,22,255,1.0,0.0,0.02,0.0,0.0,0.0,0,102993.0
24,5,0,0,0,0,18,0.94,0.88,0.39,0.28,0.25,255,27,0.11,0.05,0.0,1.0,1.0,0.0,1,117646.0
24,9,192,759,0,1,2,0.0,0.0,1.0,0.0,0.43,11,255,1.0,0.0,0.02,0.0,0.0,0.0,0,43032.0
24,9,160,9542,0,1,1,0.0,0.0,1.0,0.0,0.0,209,255,1.0,0.0,0.02,0.01,0.01,0.0,0,47185.0
52,9,2958,287,0,1,1,0.0,0.0,1.0,0.0,0.0,193,162,0.63,0.05,0.01,0.0,0.0,0.0,0,86955.0
14,9,8,0,0,0,1,0.0,0.0,1.0,0.0,1.0,1,129,1.0,0.0,0.26,0.0,0.0,0.0,1,8238.0
47,1,0,0,0,0,275,0.0,0.0,0.03,0.06,0.0,255,7,0.03,0.07,0.0,0.0,0.0,1.0,1,57195.0
24,9,349,263,0,1,17,0.0,0.0,1.0,0.0,0.2,49,250,1.0,0.0,0.11,0.0,0.0,0.42,0,27148.0
21,5,0,0,0,0,227,1.0,1.0,0.01,0.06,0.0,255,2,0.01,0.06,0.0,1.0,1.0,0.0,1,123646.0
24,9,281,9569,0,1,7,0.0,0.0,1.0,0.0,0.18,31,255,1.0,0.0,0.06,0.0,0.0,0.01,0,25853.0
24,9,302,688,0,1,3,0.0,0.0,1.0,0.0,0.28,64,255,1.0,0.0,0.02,0.0,0.0,0.0,0,100092.0
42,9,146,0,0,0,2,0.0,0.0,0.5,1.0,0.0,255,2,0.01,0.54,0.0,0.0,0.0,0.0,0,36710.0
24,9,276,2655,0,1,10,0.0,0.0,1.0,0.0,0.0,255,255,1.0,0.0,0.0,0.0,0.0,0.0,0,67273.0
12,9,44,115,0,0,1,0.0,0.0,1.0,0.0,0.75,110,102,0.93,0.02,0.0,0.0,0.0,0.0,0,13901.0
47,1,0,0,0,0,234,0.11,0.0,0.0,1.0,0.0,255,1,0.0,0.97,0.0,0.1,0.0,1.0,1,30627.0
14,9,8,0,0,0,1,0.0,0.0,1.0,0.0,1.0,2,41,1.0,0.0,0.27,0.0,0.0,0.0,1,9706.0
52,5,0,0,0,0,19,1.0,0.9,1.0,0.0,0.14,161,138,0.49,0.01,0.01,0.99,0.57,0.0,1,43414.0
19,9,1196,2449,0,1,1,0.0,0.0,1.0,0.0,0.0,255,121,0.47,0.02,0.0,0.0,0.0,0.0,1,37075.0
47,5,0,0,0,0,138,1.0,1.0,0.11,0.07,0.0,255,8,0.03,0.07,0.0,1.0,1.0,0.0,1,43719.0
47,5,0,0,0,0,229,1.0,1.0,0.07,0.06,0.0,255,17,0.07,0.07,0.0,1.0,1.0,0.0,1,18335.0
14,9,8,0,0,0,1,0.0,0.0,1.0,0.0,1.0,1,61,1.0,0.0,0.51,0.0,0.0,0.0,1,45080.0
24,9,319,501,0,1,21,0.0,0.0,1.0,0.0,0.0,21,255,1.0,0.0,0.01,0.0,0.0,0.0,0,86337.0
15,9,520,0,0,0,389,0.0,0.0,1.0,0.0,0.0,255,255,1.0,0.0,0.0,0.0,0.0,0.0,1,89657.0
24,9,249,1541,0,1,1,0.0,0.0,1.0,0.0,0.12,24,255,1.0,0.0,0.05,0.0,0.0,0.0,0,68186.0
12,9,34,0,0,0,1,0.0,0.0,1.0,0.0,1.0,21,29,0.24,0.19,0.07,0.0,0.0,0.0,0,83634.0
47,5,0,0,0,0,276,1.0,1.0,0.0,0.06,0.0,255,20,0.08,0.07,0.0,1.0,1.0,0.0,1,110689.0
24,7,200,12837,0,1,3,0.33,0.33,1.0,0.0,0.0,10,255,1.0,0.0,0.04,0.1,0.0,0.0,0,72307.0
24,1,0,0,0,0,237,0.0,0.0,0.01,0.07,0.0,255,2,0.01,0.08,0.0,0.0,0.0,1.0,1,81138.0
27,5,0,0,0,0,234,1.0,1.0,0.05,0.07,0.0,255,12,0.05,0.08,0.0,1.0,1.0,0.0,1,115686.0
24,9,54540,8314,0,1,6,0.0,0.0,1.0,0.0,0.0,255,255,1.0,0.0,0.0,0.01,0.01,0.02,1,6451.0
24,9,298,183,0,1,8,0.0,0.0,1.0,0.0,0.1,197,255,1.0,0.0,0.01,0.0,0.0,0.01,0,121950.0
58,9,294,3929,0,1,1,0.0,0.0,1.0,0.0,0.0,255,4,0.02,0.02,0.0,0.0,0.25,0.25,0,37270.0
24,9,210,2662,0,1,6,0.0,0.0,1.0,0.0,0.06,9,255,1.0,0.0,0.01,0.0,0.0,0.0,0,113031.0
24,9,336,1060,0,1,8,0.0,0.0,1.0,0.0,0.22,218,254,1.0,0.0,0.04,0.0,0.0,0.0,0,119353.0
47,5,0,0,0,0,97,1.0,1.0,0.11,0.08,0.0,255,7,0.03,0.09,0.0,1.0,1.0,0.0,1,91227.0
47,5,0,0,0,0,243,1.0,1.0,0.06,0.06,0.0,255,14,0.05,0.08,0.0,1.0,1.0,0.0,1,75582.0
47,5,0,0,0,0,236,1.0,1.0,0.08,0.05,0.0,255,19,0.07,0.05,0.0,1.0,1.0,0.0,1,68638.0
24,1,0,0,0,0,1,0.0,0.0,1.0,0.0,1.0,4,152,1.0,0.0,0.15,0.0,0.0,0.86,0,98476.0
47,9,1,0,0,0,1,0.0,0.0,1.0,0.0,0.0,255,1,0.0,0.23,0.0,0.0,0.0,0.0,1,13366.0
15,9,1032,0,0,0,430,0.0,0.0,1.0,0.0,0.0,255,255,1.0,0.0,0.0,0.0,0.0,0.0,1,119655.0
47,5,0,0,0,0,81,1.0,1.0,0.21,0.06,0.0,255,17,0.07,0.07,0.0,1.0,1.0,0.0,1,75229.0
24,9,318,1461,0,1,9,0.0,0.0,1.0,0.0,0.0,115,255,1.0,0.0,0.02,0.0,0.01,0.0,0,56971.0
47,4,1,0,0,0,2,0.0,0.0,1.0,0.0,0.0,255,2,0.01,0.74,0.0,0.0,0.0,1.0,1,107862.0
24,9,298,9303,0,1,6,0.0,0.0,1.0,0.0,0.0,6,255,1.0,0.0,0.04,0.0,0.0,0.0,0,43657.0
66,1,0,0,0,0,139,0.0,0.0,0.06,0.06,0.0,255,9,0.04,0.08,0.0,0.0,0.0,1.0,1,98074.0
12,9,43,81,0,0,138,0.0,0.0,1.0,0.0,0.01,255,254,1.0,0.01,0.0,0.0,0.0,0.0,0,30882.0
24,9,323,7355,0,1,7,0.0,0.0,1.0,0.0,0.14,232,255,1.0,0.0,0.01,0.0,0.0,0.0,0,11090.0
12,9,43,43,0,0,139,0.0,0.0,1.0,0.0,0.01,255,254,1.0,0.01,0.0,0.0,0.0,0.0,0,23872.0
60,5,0,0,0,0,194,1.0,1.0,0.05,0.07,0.0,255,9,0.04,0.07,0.0,1.0,1.0,0.0,1,125767.0
12,9,44,44,0,0,14,0.0,0.0,1.0,0.0,0.01,255,255,1.0,0.0,0.0,0.0,0.0,0.0,0,58413.0
20,9,276,0,0,1,5,0.0,0.0,1.0,0.0,0.0,255,141,0.55,0.02,0.0,0.0,0.0,0.0,0,90893.0
24,9,319,991,0,1,6,0.0,0.03,1.0,0.0,0.1,15,230,1.0,0.0,0.03,0.0,0.0,0.0,0,43805.0
20,9,8173,0,0,1,13,0.0,0.0,0.69,0.23,0.0,255,15,0.06,0.33,0.0,0.0,0.0,0.0,0,5836.0
21,5,0,0,0,0,233,1.0,1.0,0.11,0.05,0.0,255,25,0.1,0.05,0.0,1.0,1.0,0.0,1,70795.0
24,9,315,575,0,1,3,0.0,0.0,1.0,0.0,0.5,255,255,1.0,0.0,0.0,0.0,0.0,0.0,0,17716.0
12,9,42,42,0,0,2,0.0,0.0,1.0,0.0,0.67,255,255,1.0,0.0,0.0,0.0,0.0,0.0,0,118169.0
24,9,217,1092,0,1,27,0.0,0.0,1.0,0.0,0.0,43,255,1.0,0.0,0.04,0.0,0.0,0.0,0,77773.0
24,9,310,2458,0,1,10,0.0,0.0,1.0,0.0,0.0,10,255,1.0,0.0,0.02,0.0,0.0,0.0,0,111211.0
52,9,770,329,0,1,1,0.0,0.0,1.0,0.0,0.0,102,186,0.82,0.03,0.01,0.0,0.0,0.0,0,71282.0
20,9,12,0,0,1,2,0.0,0.0,1.0,0.0,0.0,222,70,0.32,0.03,0.0,0.0,0.0,0.0,0,76417.0
15,9,1032,0,0,0,511,0.0,0.0,1.0,0.0,0.0,255,246,0.96,0.01,0.0,0.0,0.0,0.0,1,44513.0
12,9,44,136,0,0,46,0.0,0.0,1.0,0.0,0.01,104,200,0.86,0.02,0.01,0.0,0.0,0.0,0,69612.0
42,9,147,105,0,0,1,0.0,0.0,1.0,0.0,0.0,255,3,0.01,0.82,0.0,0.0,0.0,0.0,0,58796.0
26,5,0,0,0,0,279,1.0,1.0,0.01,0.06,0.0,255,6,0.02,0.07,0.0,1.0,1.0,0.0,1,47554.0
24,9,369,238,0,1,1,0.0,0.0,1.0,0.0,1.0,7,253,1.0,0.0,0.21,0.0,0.0,0.91,0,97695.0
52,9,1820,395,0,1,1,0.0,0.0,1.0,0.0,1.0,255,31,0.12,0.06,0.0,0.0,0.0,0.0,0,75246.0
24,9,180,1977,0,1,4,0.0,0.0,1.0,0.0,0.0,255,243,0.95,0.01,0.0,0.03,0.03,0.0,0,51426.0
24,9,199,1905,0,1,4,0.0,0.0,1.0,0.0,0.0,32,255,1.0,0.0,0.01,0.0,0.0,0.0,0,5275.0
24,1,0,0,0,0,1,0.0,0.0,1.0,0.0,0.0,211,174,0.82,0.02,0.0,0.0,0.0,1.0,0,77855.0
14,9,8,0,0,0,1,0.0,0.0,1.0,0.0,1.0,1,185,1.0,0.0,0.25,0.0,0.0,0.0,1,34791.0
15,9,1032,0,0,0,511,0.0,0.0,1.0,0.0,0.0,255,103,0.4,0.02,0.0,0.02,0.0,0.0,1,64557.0
32,5,0,0,0,0,106,1.0,1.0,0.01,0.07,0.0,255,16,0.06,0.06,0.0,1.0,1.0,0.0,1,49313.0
24,9,338,1484,0,1,13,0.0,0.0,1.0,0.0,0.11,255,255,1.0,0.0,0.0,0.0,0.0,0.0,0,78369.0
7,5,0,0,0,0,224,1.0,1.0,0.01,0.07,0.0,255,2,0.01,0.09,0.0,1.0,1.0,0.0,1,11214.0
45,9,38,130,0,1,1,0.0,0.0,1.0,0.0,0.0,1,3,1.0,0.0,0.67,0.0,0.0,0.0,0,113622.0
24,9,312,1274,0,1,3,0.0,0.0,1.0,0.0,0.5,168,255,1.0,0.0,0.02,0.01,0.0,0.0,0,65988.0
58,5,0,0,0,0,20,1.0,1.0,0.35,0.1,0.0,47,8,0.15,0.06,0.25,1.0,0.88,0.0,1,43828.0
47,5,0,0,0,0,228,1.0,1.0,0.06,0.04,0.0,88,14,0.16,0.09,0.0,0.98,1.0,0.0,1,100362.0
25,5,0,0,0,0,233,1.0,1.0,0.06,0.05,0.0,255,14,0.05,0.06,0.0,1.0,1.0,0.0,1,12765.0
12,9,43,109,0,0,106,0.0,0.0,0.99,0.02,0.01,255,254,1.0,0.01,0.0,0.0,0.0,0.0,0,112153.0
35,1,0,0,0,0,166,0.0,0.0,0.01,0.07,0.0,255,1,0.0,0.08,0.0,0.0,0.0,1.0,1,77636.0
15,9,1032,0,0,0,511,0.0,0.0,1.0,0.0,0.0,255,3,0.01,0.21,0.0,0.21,0.0,0.0,1,24006.0
24,9,314,753,0,1,10,0.0,0.0,1.0,0.0,0.18,255,255,1.0,0.0,0.0,0.0,0.0,0.0,0,31063.0
47,9,1,0,0,0,23,0.0,0.0,0.39,0.22,0.0,255,47,0.18,0.45,0.0,0.0,0.0,0.0,1,104406.0
7,1,0,0,0,0,251,0.0,0.0,0.07,0.06,0.0,255,18,0.07,0.07,0.0,0.0,0.0,1.0,1,78560.0
47,5,0,0,0,0,118,1.0,1.0,0.06,0.07,0.0,255,8,0.03,0.07,0.0,1.0,1.0,0.0,1,60986.0
58,9,254,7402,0,1,1,0.0,0.0,1.0,0.0,0.0,255,36,0.14,0.06,0.0,0.62,0.33,0.11,0,118758.0
24,1,0,0,0,0,8,0.0,0.0,1.0,0.0,0.0,10,253,1.0,0.0,0.16,0.0,0.0,0.7,0,34196.0
24,9,211,3358,0,1,21,0.0,0.0,1.0,0.0,0.0,255,255,1.0,0.0,0.0,0.0,0.0,0.0,0,25298.0
47,5,0,0,0,0,206,1.0,1.0,0.07,0.06,0.0,255,14,0.05,0.05,0.0,1.0,1.0,0.0,1,2812.0
47,5,0,0,0,0,212,1.0,1.0,0.04,0.07,0.0,255,15,0.06,0.08,0.0,1.0,1.0,0.0,1,30434.0
66,5,0,0,0,0,271,1.0,1.0,0.08,0.05,0.0,255,21,0.08,0.05,0.0,1.0,1.0,0.0,1,122910.0
24,9,350,564,0,1,15,0.0,0.0,1.0,0.0,0.0,58,231,1.0,0.0,0.21,0.0,0.0,0.77,0,86225.0
24,9,211,622,0,1,3,0.0,0.0,1.0,0.0,0.12,255,255,1.0,0.0,0.0,0.0,0.0,0.0,0,38469.0
12,9,35,100,0,0,2,0.0,0.0,1.0,0.0,0.0,93,93,1.0,0.0,0.0,0.0,0.0,0.0,0,69637.0
20,9,276,0,0,1,3,0.0,0.0,1.0,0.0,0.0,9,9,1.0,0.0,0.0,0.0,0.0,0.0,0,82083.0
14,9,8,0,0,0,1,0.0,0.0,1.0,0.0,1.0,4,180,1.0,0.0,0.25,0.0,0.0,0.0,1,103062.0
47,10,0,0,0,0,3,1.0,1.0,0.33,1.0,0.0,11,1,0.09,0.64,0.0,0.36,1.0,0.0,1,38691.0
12,9,45,45,0,0,134,0.0,0.0,1.0,0.0,0.01,255,255,1.0,0.0,0.0,0.0,0.0,0.0,0,3372.0
47,5,0,0,0,0,211,1.0,1.0,0.08,0.06,0.0,255,11,0.04,0.06,0.0,1.0,1.0,0.0,1,118112.0
15,9,520,0,0,0,71,0.0,0.0,1.0,0.0,0.0,255,255,1.0,0.0,0.0,0.0,0.0,0.0,1,28727.0
39,1,0,0,0,0,122,0.0,0.0,0.1,0.07,0.0,255,12,0.05,0.07,0.0,0.0,0.0,1.0,1,116267.0
24,6,300,33580,0,1,2,0.5,0.5,1.0,0.0,0.0,107,255,1.0,0.0,0.01,0.01,0.0,0.0,0,42786.0
24,9,221,511,0,1,19,0.0,0.0,1.0,0.0,0.15,255,255,1.0,0.0,0.0,0.0,0.0,0.0,0,21451.0
47,5,0,0,0,0,130,1.0,1.0,0.15,0.05,0.0,255,1,0.0,0.07,0.0,1.0,1.0,0.0,1,124560.0
24,9,334,4546,0,1,2,0.0,0.0,1.0,0.0,0.0,220,255,1.0,0.0,0.02,0.0,0.0,0.0,0,96749.0
23,5,0,0,0,0,257,1.0,1.0,0.08,0.05,0.0,255,20,0.08,0.05,0.0,1.0,1.0,0.0,1,111436.0
24,9,349,2027,0,1,5,0.0,0.0,1.0,0.0,0.0,255,255,1.0,0.0,0.0,0.0,0.0,0.0,0,95649.0
52,9,656,331,0,1,1,0.0,0.0,1.0,0.0,1.0,157,79,0.5,0.04,0.0,0.0,0.0,0.0,0,68956.0
12,9,45,73,0,0,257,0.0,0.0,1.0,0.0,0.0,255,226,0.89,0.01,0.0,0.0,0.0,0.0,0,98815.0
24,9,251,7255,0,1,1,0.0,0.0,1.0,0.0,0.0,112,255,1.0,0.0,0.02,0.0,0.0,0.0,0,83369.0
47,5,0,0,0,0,135,1.0,1.0,0.09,0.07,0.0,255,12,0.05,0.06,0.0,1.0,1.0,0.0,1,8023.0
15,9,1032,0,0,0,360,0.0,0.0,1.0,0.0,0.0,255,255,1.0,0.0,0.0,0.0,0.0,0.0,1,58997.0
24,9,238,821,0,1,27,0.0,0.0,1.0,0.0,0.0,255,255,1.0,0.0,0.0,0.0,0.0,0.0,0,10227.0
66,1,0,0,0,0,231,0.0,0.0,0.06,0.06,0.0,255,14,0.05,0.07,0.0,0.0,0.0,1.0,1,106227.0
24,9,241,5608,0,1,14,0.0,0.0,1.0,0.0,0.17,253,255,1.0,0.0,0.01,0.0,0.0,0.0,0,111526.0
24,9,339,272,0,1,10,0.0,0.0,1.0,0.0,0.0,122,255,1.0,0.0,0.03,0.0,0.0,0.0,0,3778.0
47,5,0,0,0,0,11,1.0,1.0,0.45,0.18,0.0,255,8,0.03,0.08,0.0,1.0,1.0,0.0,1,114759.0
47,5,0,0,0,0,138,1.0,1.0,0.07,0.07,0.0,84,10,0.12,0.1,0.0,1.0,1.0,0.0,1,26660.0
24,9,302,1651,0,1,15,0.07,0.09,1.0,0.0,0.09,134,255,1.0,0.0,0.04,0.01,0.0,0.0,0,7082.0
12,9,46,74,0,0,147,0.0,0.0,1.0,0.0,0.0,255,255,1.0,0.0,0.0,0.0,0.0,0.0,0,87616.0
47,4,0,0,0,0,1,0.0,0.0,1.0,0.0,0.0,179,1,0.01,0.17,0.0,0.0,0.0,1.0,1,643.0
12,9,43,70,0,0,268,0.0,0.0,1.0,0.01,0.0,255,254,1.0,0.01,0.0,0.0,0.0,0.0,0,74483.0
26,5,0,0,0,0,211,1.0,1.0,0.09,0.06,0.0,255,11,0.04,0.06,0.0,1.0,1.0,0.0,1,94960.0
12,9,42,42,0,0,9,0.0,0.0,1.0,0.0,0.17,255,105,0.41,0.01,0.0,0.0,0.0,0.0,0,117633.0
24,9,291,25672,0,1,9,0.0,0.0,1.0,0.0,0.0,9,255,1.0,0.0,0.02,0.0,0.0,0.01,0,106396.0
47,4,0,0,0,0,415,0.0,0.0,0.0,0.52,0.0,255,2,0.01,0.51,0.0,0.0,0.0,1.0,1,62495.0
47,9,28,0,3,0,30,0.0,0.0,1.0,0.0,0.0,233,30,0.13,0.05,0.0,0.02,0.0,0.0,1,57990.0
24,9,211,2312,0,1,19,0.0,0.0,1.0,0.0,0.0,255,255,1.0,0.0,0.0,0.0,0.0,0.0,0,72200.0
24,9,263,980,0,1,8,0.0,0.0,1.0,0.0,0.0,32,255,1.0,0.0,0.03,0.0,0.0,0.0,0,52002.0
39,5,0,0,0,0,67,1.0,1.0,0.06,0.07,0.0,255,4,0.02,0.07,0.0,1.0,1.0,0.0,1,74121.0
8,5,0,0,0,0,270,1.0,1.0,0.09,0.05,0.0,255,25,0.1,0.05,0.0,1.0,1.0,0.0,1,11227.0
26,1,0,0,0,0,230,0.0,0.0,0.05,0.07,0.0,255,12,0.05,0.07,0.0,0.0,0.0,1.0,1,54497.0
20,5,0,0,0,0,221,1.0,1.0,0.06,0.07,0.0,255,17,0.07,0.08,0.0,1.0,1.0,0.0,1,11095.0
17,5,0,0,0,0,135,1.0,1.0,0.14,0.07,0.0,255,19,0.07,0.06,0.0,1.0,1.0,0.0,1,24181.0
9,5,0,0,0,0,112,1.0,1.0,0.11,0.06,0.0,255,12,0.05,0.07,0.0,1.0,1.0,0.0,1,75136.0
47,9,105,145,0,0,1,0.0,0.0,1.0,0.0,0.0,255,250,0.98,0.01,0.0,0.0,0.0,0.0,0,122741.0
24,9,221,915,0,1,1,0.0,0.0,1.0,0.0,1.0,2,255,1.0,0.0,0.05,0.0,0.0,0.0,0,121515.0
24,5,0,0,0,0,7,1.0,1.0,0.43,0.43,0.0,247,63,0.26,0.02,0.0,1.0,1.0,0.0,1,5471.0
47,9,28,0,3,0,24,0.0,0.0,1.0,0.0,0.0,255,124,0.49,0.52,0.0,0.09,0.0,0.0,1,75933.0
42,1,0,0,0,0,510,0.1,0.0,0.0,1.0,0.0,255,1,0.0,1.0,0.0,0.16,0.0,1.0,1,46234.0
47,9,1,0,0,0,15,0.0,0.0,0.13,0.13,0.0,255,5,0.02,0.94,0.0,0.13,0.0,0.0,1,29083.0
24,1,0,0,0,0,1,0.0,0.0,1.0,0.0,0.0,2,176,1.0,0.0,0.11,0.0,0.0,0.76,0,81632.0
10,5,0,0,0,0,225,0.64,1.0,0.0,0.42,0.0,255,1,0.0,0.37,0.0,0.56,1.0,0.0,1,77953.0
47,4,0,0,0,0,1,0.0,0.0,1.0,0.0,0.0,255,1,0.0,1.0,0.0,0.0,0.0,1.0,1,23027.0
34,5,0,0,0,0,144,1.0,1.0,0.13,0.05,0.0,255,3,0.01,0.05,0.0,1.0,1.0,0.0,1,39079.0
24,9,302,2507,0,1,3,0.0,0.0,1.0,0.0,0.0,255,252,0.99,0.01,0.0,0.0,0.0,0.0,0,82880.0
24,9,291,11358,0,1,28,0.0,0.0,1.0,0.0,0.0,28,255,1.0,0.0,0.01,0.0,0.0,0.0,0,117555.0
24,9,333,2408,0,1,6,0.0,0.0,1.0,0.0,0.14,255,255,1.0,0.0,0.0,0.0,0.0,0.0,0,99789.0
26,5,0,0,0,0,266,1.0,1.0,0.03,0.06,0.0,255,19,0.07,0.05,0.0,1.0,1.0,0.0,1,121658.0
54,2,0,15,0,1,1,0.0,0.0,1.0,0.0,0.0,3,1,0.33,1.0,0.0,0.0,0.0,1.0,1,87620.0
15,9,1032,0,0,0,71,0.0,0.0,1.0,0.0,0.0,255,255,1.0,0.0,0.0,0.0,0.0,0.0,1,22546.0
52,2,0,0,0,0,1,0.0,0.0,1.0,0.0,0.0,109,159,0.5,0.04,0.01,0.0,0.0,0.06,0,87061.0
20,9,501760,0,0,1,2,0.0,0.0,1.0,0.0,0.0,100,38,0.38,0.03,0.0,0.0,0.0,0.0,0,39107.0
47,1,0,0,0,0,276,0.03,0.0,0.0,1.0,0.0,255,1,0.0,0.97,0.0,0.04,0.0,1.0,1,77482.0
24,9,222,1187,0,1,12,0.0,0.0,1.0,0.0,0.0,29,255,1.0,0.0,0.02,0.0,0.0,0.0,0,107947.0
24,9,218,765,0,1,6,0.0,0.0,1.0,0.0,0.16,154,255,1.0,0.0,0.01,0.0,0.0,0.0,0,120441.0
24,9,214,6008,0,1,3,0.0,0.0,1.0,0.0,0.29,142,255,1.0,0.0,0.01,0.0,0.0,0.0,0,48851.0
58,5,0,0,0,0,15,1.0,1.0,0.13,0.27,0.0,255,62,0.24,0.02,0.0,1.0,1.0,0.0,1,84409.0
12,9,46,129,0,0,133,0.0,0.0,1.0,0.0,0.02,253,188,0.74,0.02,0.0,0.0,0.0,0.0,0,84286.0
24,9,281,16249,0,1,13,0.0,0.0,1.0,0.0,0.0,78,255,1.0,0.0,0.01,0.0,0.0,0.01,0,112925.0
47,1,0,0,0,0,456,0.05,0.0,0.0,1.0,0.0,255,1,0.0,1.0,0.0,0.08,0.0,1.0,1,26380.0
24,9,292,1651,0,1,11,0.0,0.0,1.0,0.0,0.0,66,255,1.0,0.0,0.03,0.0,0.0,0.0,0,88913.0
19,9,1464,4152,0,1,1,0.0,0.0,1.0,0.0,0.0,4,2,0.5,0.75,0.0,0.0,0.0,0.0,0,28636.0
20,9,8737,0,0,0,7,0.0,0.0,1.0,0.0,0.0,45,13,0.29,0.07,0.0,0.0,0.0,0.0,0,9217.0
24,1,0,0,0,0,1,0.0,0.0,1.0,0.0,0.0,106,253,1.0,0.0,0.09,0.0,0.0,0.55,0,90470.0
53,5,0,0,0,0,2,1.0,1.0,0.5,1.0,0.0,255,1,0.0,0.07,0.0,1.0,1.0,0.0,1,57523.0
66,5,0,0,0,0,230,1.0,1.0,0.07,0.07,0.0,255,16,0.06,0.07,0.0,1.0,1.0,0.0,1,47638.0
24,9,252,14445,0,1,1,0.0,0.0,1.0,0.0,0.5,255,255,1.0,0.0,0.0,0.0,0.0,0.0,0,95395.0
4,5,0,0,0,0,274,1.0,1.0,0.03,0.06,0.0,255,8,0.03,0.08,0.0,1.0,1.0,0.0,1,79711.0
24,9,348,579,0,1,17,0.0,0.0,1.0,0.0,0.0,255,255,1.0,0.0,0.0,0.0,0.0,0.0,0,70236.0
24,9,225,741,0,1,15,0.0,0.0,1.0,0.0,0.12,83,255,1.0,0.0,0.04,0.0,0.0,0.0,0,111344.0
24,9,312,313,0,1,2,0.0,0.0,1.0,0.0,0.36,255,255,1.0,0.0,0.0,0.0,0.0,0.0,0,38120.0
14,9,8,0,0,0,1,0.0,0.0,1.0,0.0,1.0,2,2,1.0,0.0,0.0,0.0,0.0,0.0,1,9733.0
5,5,0,0,0,0,264,1.0,1.0,0.08,0.06,0.0,255,15,0.06,0.07,0.0,1.0,1.0,0.0,1,114270.0
47,5,0,0,0,0,81,1.0,1.0,0.06,0.07,0.0,255,5,0.02,0.06,0.0,1.0,1.0,0.0,1,103305.0
24,9,217,13082,0,1,2,0.0,0.0,1.0,0.0,0.0,1,255,1.0,0.0,0.04,0.0,0.0,0.0,0,49125.0
24,9,234,3351,0,1,3,0.0,0.0,1.0,0.0,0.0,24,255,1.0,0.0,0.01,0.0,0.0,0.0,0,5710.0
14,9,8,0,0,0,1,0.0,0.0,1.0,0.0,1.0,1,31,1.0,0.0,0.52,0.0,0.0,0.0,1,104619.0
52,9,689,329,0,1,1,0.0,0.0,1.0,0.0,0.0,134,101,0.75,0.04,0.0,0.01,0.01,0.0,0,31606.0
42,9,146,105,0,0,4,0.0,0.0,0.5,0.5,0.0,255,2,0.01,0.53,0.0,0.0,0.0,0.0,0,53824.0
24,9,206,3571,0,1,10,0.0,0.0,1.0,0.0,0.0,22,255,1.0,0.0,0.04,0.0,0.0,0.0,0,53964.0
25,5,0,0,0,0,134,1.0,1.0,0.14,0.05,0.0,255,19,0.07,0.05,0.0,1.0,1.0,0.0,1,45360.0
25,1,0,0,0,0,147,0.0,0.0,0.12,0.05,0.0,255,18,0.07,0.06,0.0,0.0,0.0,1.0,1,96764.0
24,9,325,5072,0,1,2,0.0,0.0,1.0,0.0,0.0,46,255,1.0,0.0,0.07,0.0,0.0,0.0,0,33876.0
21,5,0,0,0,0,205,1.0,1.0,0.11,0.05,0.0,255,23,0.09,0.05,0.0,1.0,1.0,0.0,1,69726.0
52,9,920,324,0,1,1,0.0,0.0,1.0,0.0,0.0,7,6,0.86,0.29,0.0,0.0,0.0,0.0,0,95875.0
40,5,0,0,0,0,150,1.0,1.0,0.07,0.06,0.0,255,10,0.04,0.06,0.0,1.0,1.0,0.0,1,125039.0
24,1,0,0,0,0,212,0.0,0.0,0.02,0.07,0.0,255,5,0.02,0.08,0.0,0.0,0.0,1.0,1,29985.0
24,9,236,16725,0,1,14,0.0,0.0,1.0,0.0,0.12,255,255,1.0,0.0,0.0,0.0,0.0,0.0,0,106597.0
40,5,0,0,0,0,92,1.0,1.0,0.03,0.07,0.0,255,14,0.05,0.06,0.0,1.0,1.0,0.0,1,693.0
15,9,1032,0,0,0,511,0.0,0.0,1.0,0.0,0.0,222,77,0.35,0.01,0.0,0.0,0.0,0.0,1,74936.0
12,9,44,74,0,0,152,0.0,0.0,1.0,0.0,0.0,255,254,1.0,0.01,0.0,0.0,0.0,0.0,0,3416.0
47,5,0,0,0,0,103,1.0,1.0,0.1,0.06,0.0,255,11,0.04,0.06,0.0,1.0,1.0,0.0,1,17792.0
24,9,158,9231,0,1,3,0.0,0.0,1.0,0.0,0.0,18,255,1.0,0.0,0.03,0.0,0.0,0.0,0,40493.0
24,9,224,1556,0,1,13,0.0,0.0,1.0,0.0,0.17,89,249,1.0,0.0,0.04,0.0,0.0,0.0,0,111143.0
24,9,201,458,0,1,35,0.0,0.0,1.0,0.0,0.05,255,255,1.0,0.0,0.0,0.0,0.0,0.0,0,108714.0
24,9,222,944,0,1,3,0.0,0.0,1.0,0.0,0.0,255,255,1.0,0.0,0.0,0.0,0.0,0.0,0,40013.0
21,5,0,0,0,0,82,0.78,1.0,0.01,0.38,0.0,255,1,0.0,0.12,0.0,0.25,1.0,0.0,1,40502.0
24,9,277,1577,0,1,2,0.0,0.0,1.0,0.0,0.67,255,255,1.0,0.0,0.0,0.0,0.0,0.0,0,71504.0
27,5,0,0,0,0,294,1.0,1.0,0.08,0.05,0.0,255,23,0.09,0.05,0.0,1.0,1.0,0.0,1,36542.0
58,9,664,20377,0,1,1,0.0,0.0,1.0,0.0,0.0,255,23,0.09,0.07,0.0,0.82,0.7,0.09,0,18961.0
47,5,0,0,0,0,63,1.0,1.0,0.06,0.06,0.0,255,4,0.02,0.05,0.0,1.0,1.0,0.0,1,122223.0
24,9,298,1197,0,1,3,0.0,0.0,1.0,0.0,0.19,25,255,1.0,0.0,0.01,0.0,0.01,0.0,0,85948.0
24,9,223,2053,0,1,34,0.0,0.0,1.0,0.0,0.06,123,255,1.0,0.0,0.04,0.0,0.0,0.0,0,26678.0
47,5,0,0,0,0,94,1.0,1.0,0.03,0.06,0.0,255,19,0.07,0.05,0.0,1.0,1.0,0.0,1,18830.0
42,1,0,0,0,0,511,0.1,0.0,0.0,1.0,0.0,255,1,0.0,1.0,0.0,0.09,0.0,1.0,1,99936.0
12,9,44,113,0,0,2,0.0,0.0,1.0,0.0,0.5,6,5,0.83,0.33,0.0,0.0,0.0,0.0,0,54388.0
6,5,0,0,0,0,126,1.0,1.0,0.04,0.07,0.0,255,5,0.02,0.08,0.0,1.0,1.0,0.0,1,77783.0
47,1,0,0,0,0,386,0.0,0.0,0.0,0.52,0.0,255,1,0.0,0.52,0.0,0.0,0.0,1.0,1,98085.0
42,9,4539,0,0,1,21,0.14,0.0,0.05,0.67,0.0,130,1,0.01,0.23,0.0,0.05,0.0,0.0,0,17638.0
24,9,208,759,0,1,26,0.0,0.0,1.0,0.0,0.07,255,255,1.0,0.0,0.0,0.0,0.0,0.0,0,91245.0
52,9,1625,329,0,1,1,0.0,0.0,1.0,0.0,0.0,41,17,0.41,0.07,0.0,0.0,0.0,0.0,0,101434.0
47,5,0,0,0,0,73,1.0,1.0,0.04,0.08,0.0,180,3,0.02,0.07,0.0,1.0,1.0,0.0,1,102171.0
24,9,245,1194,0,1,27,0.0,0.0,1.0,0.0,0.1,27,255,1.0,0.0,0.05,0.0,0.0,0.0,0,45887.0
9,5,0,0,0,0,296,1.0,1.0,0.04,0.05,0.0,255,5,0.02,0.08,0.0,1.0,1.0,0.0,1,102990.0
24,9,320,1504,0,1,1,0.0,0.0,1.0,0.0,0.25,1,255,1.0,0.0,0.03,0.0,0.0,0.0,0,77826.0
24,9,219,12922,0,1,33,0.0,0.0,1.0,0.0,0.0,255,255,1.0,0.0,0.0,0.0,0.0,0.0,0,70563.0
12,9,44,135,0,0,77,0.0,0.0,1.0,0.0,0.01,255,254,1.0,0.01,0.0,0.0,0.0,0.0,0,86664.0
58,9,92,2720,0,1,1,0.0,0.0,1.0,0.0,0.0,255,21,0.08,0.53,0.0,0.53,0.14,0.05,0,39800.0
20,9,245,0,0,1,2,0.0,0.0,1.0,0.0,0.0,80,44,0.08,0.05,0.07,0.0,0.0,0.0,0,22613.0
42,9,147,105,0,0,1,0.0,0.0,1.0,0.0,0.0,255,1,0.0,0.88,0.0,0.0,0.0,0.0,0,109510.0
24,9,225,188,0,1,1,0.0,0.22,1.0,0.0,0.44,28,255,1.0,0.0,0.04,0.0,0.01,0.0,0,120433.0
12,9,44,97,0,0,121,0.0,0.0,1.0,0.0,0.02,255,230,0.9,0.01,0.0,0.0,0.0,0.0,0,53686.0
55,5,0,0,0,0,133,1.0,1.0,0.13,0.06,0.0,255,13,0.05,0.07,0.0,1.0,1.0,0.0,1,65688.0
16,5,0,0,0,0,131,1.0,1.0,0.12,0.05,0.0,255,16,0.06,0.05,0.0,1.0,1.0,0.0,1,119067.0
8,5,0,0,0,0,245,1.0,1.0,0.02,0.07,0.0,255,5,0.02,0.07,0.0,1.0,1.0,0.0,1,29267.0
8,5,0,0,0,0,199,1.0,1.0,0.03,0.05,0.0,255,6,0.02,0.05,0.0,1.0,1.0,0.0,1,99683.0
24,9,217,2221,0,1,10,0.0,0.0,1.0,0.0,0.0,10,255,1.0,0.0,0.04,0.0,0.0,0.0,0,82583.0
12,9,46,135,0,0,74,0.0,0.0,1.0,0.0,0.01,255,254,1.0,0.01,0.0,0.0,0.0,0.0,0,86964.0
24,9,230,2676,0,1,7,0.0,0.0,1.0,0.0,0.0,193,255,1.0,0.0,0.01,0.0,0.0,0.0,0,122109.0
47,5,0,0,0,0,108,1.0,1.0,0.1,0.06,0.0,255,12,0.05,0.07,0.0,1.0,1.0,0.0,1,58158.0
24,9,248,630,0,1,13,0.0,0.0,1.0,0.0,0.0,201,255,1.0,0.0,0.02,0.0,0.0,0.0,0,102279.0
37,5,0,0,0,0,220,1.0,1.0,0.08,0.06,0.0,255,20,0.08,0.07,0.0,1.0,1.0,0.0,1,100166.0
24,9,188,5556,0,1,2,0.0,0.0,1.0,0.0,0.0,228,255,1.0,0.0,0.01,0.0,0.0,0.0,0,15028.0
24,9,296,2178,0,1,1,0.0,0.0,1.0,0.0,1.0,47,255,1.0,0.0,0.04,0.02,0.0,0.04,0,96916.0
52,9,981,334,0,1,1,0.0,0.0,1.0,0.0,1.0,36,236,0.97,0.06,0.01,0.0,0.0,0.0,0,32306.0
15,9,1032,0,0,0,511,0.0,0.0,1.0,0.0,0.0,255,119,0.47,0.07,0.0,0.0,0.0,0.0,1,78486.0
52,5,0,0,0,0,251,1.0,1.0,0.06,0.06,0.0,255,1,0.0,0.07,0.0,1.0,1.0,0.0,1,103677.0
24,6,170,11680,0,1,1,1.0,1.0,1.0,0.0,0.0,32,255,1.0,0.0,0.01,0.06,0.01,0.0,0,32720.0
47,9,1,0,0,0,6,0.0,0.0,1.0,0.0,0.0,255,6,0.02,0.35,0.0,0.02,0.0,0.0,1,40331.0
42,9,1,0,0,0,157,0.0,0.0,0.04,0.04,0.0,255,7,0.03,0.05,0.0,0.0,0.0,0.0,1,26134.0
52,9,787,338,0,1,1,0.0,0.0,1.0,0.0,1.0,148,172,0.64,0.04,0.01,0.0,0.0,0.0,0,94136.0
12,9,44,110,0,0,66,0.0,0.0,1.0,0.0,0.01,255,254,1.0,0.01,0.0,0.0,0.0,0.0,0,110421.0
18,5,0,0,0,0,201,1.0,1.0,0.0,0.06,0.0,255,12,0.05,0.07,0.0,1.0,1.0,0.0,1,34314.0
37,5,0,0,0,0,284,1.0,1.0,0.05,0.06,0.0,255,5,0.02,0.07,0.0,1.0,1.0,0.0,1,45917.0
47,9,105,146,0,0,1,0.0,0.0,1.0,0.0,0.0,7,6,0.86,0.29,0.0,0.0,0.0,0.0,0,100102.0
42,9,147,105,0,0,1,0.0,0.0,1.0,0.0,0.0,255,2,0.01,0.55,0.0,0.0,0.0,0.0,0,67380.0
2,5,0,0,0,0,233,1.0,1.0,0.06,0.06,0.0,255,15,0.06,0.06,0.0,1.0,1.0,0.0,1,92195.0
24,9,192,5593,0,1,18,0.0,0.0,1.0,0.0,0.09,255,255,1.0,0.0,0.0,0.0,0.0,0.0,0,119422.0
57,5,0,0,0,0,204,1.0,1.0,0.1,0.07,0.0,255,20,0.08,0.07,0.0,1.0,1.0,0.0,1,106705.0
47,1,0,0,0,0,69,0.0,0.0,0.09,0.07,0.0,255,6,0.02,0.07,0.0,0.0,0.0,1.0,1,111932.0
7,1,0,0,0,0,254,0.0,0.0,0.07,0.06,0.0,255,19,0.07,0.07,0.0,0.0,0.0,1.0,1,118214.0
47,9,1,0,0,0,22,0.0,0.0,0.23,0.14,0.0,255,5,0.02,0.8,0.0,0.03,0.0,0.0,1,59991.0
24,9,237,3222,0,1,2,0.0,0.0,1.0,0.0,0.0,255,218,0.85,0.01,0.0,0.0,0.0,0.0,0,67953.0
12,9,46,143,0,0,74,0.0,0.0,1.0,0.0,0.01,255,255,1.0,0.0,0.0,0.0,0.0,0.0,0,79630.0
52,5,0,0,0,0,20,1.0,0.91,1.0,0.0,0.14,162,138,0.49,0.01,0.01,0.99,0.58,0.0,1,78712.0
24,9,213,1053,0,1,7,0.0,0.0,1.0,0.0,0.22,95,255,1.0,0.0,0.02,0.0,0.0,0.0,0,17292.0
47,5,0,0,0,0,222,1.0,1.0,0.03,0.08,0.0,255,7,0.03,0.09,0.0,1.0,1.0,0.0,1,104297.0
53,5,0,0,0,0,91,1.0,1.0,0.05,0.07,0.0,255,13,0.05,0.07,0.0,1.0,1.0,0.0,1,33058.0
24,9,210,495,0,1,3,0.0,0.0,1.0,0.0,0.0,255,255,1.0,0.0,0.0,0.0,0.0,0.0,0,75240.0
10,2,0,0,0,0,117,0.0,0.0,0.02,0.07,0.0,255,2,0.01,0.07,0.0,0.0,0.0,1.0,1,77388.0
24,9,219,370,0,1,10,0.0,0.0,1.0,0.0,0.0,255,255,1.0,0.0,0.0,0.0,0.0,0.0,0,125524.0
52,9,1347,336,0,1,1,0.0,0.0,1.0,0.0,1.0,145,131,0.51,0.03,0.02,0.0,0.0,0.0,0,36036.0
24,1,0,0,0,0,2,0.0,0.0,1.0,0.0,0.0,44,53,1.0,0.0,0.04,0.0,0.0,0.49,0,15051.0
47,5,0,0,0,0,140,1.0,1.0,0.05,0.06,0.0,255,7,0.03,0.08,0.0,1.0,1.0,0.0,1,17258.0
2,5,0,0,0,0,266,1.0,1.0,0.07,0.07,0.0,255,19,0.07,0.07,0.0,1.0,1.0,0.0,1,70033.0
20,9,383,0,0,0,2,0.0,0.0,1.0,0.0,0.0,194,39,0.2,0.02,0.0,0.0,0.0,0.0,0,89117.0
47,9,1,0,0,0,6,0.0,0.0,0.33,0.33,0.0,255,2,0.01,0.72,0.0,0.02,0.0,0.0,1,41795.0
24,9,345,2634,0,1,2,0.0,0.0,1.0,0.0,0.0,74,255,1.0,0.0,0.01,0.0,0.0,0.0,0,74458.0
62,9,65,0,0,0,9,0.0,0.0,0.22,0.22,0.0,255,16,0.06,0.01,0.0,0.0,0.0,0.0,0,232.0
47,5,0,0,0,0,137,1.0,1.0,0.08,0.06,0.0,255,6,0.02,0.08,0.0,1.0,1.0,0.0,1,93508.0
24,1,0,0,0,0,1,0.0,0.0,1.0,0.0,0.0,76,245,1.0,0.0,0.16,0.0,0.0,0.95,0,47917.0
12,9,42,42,0,0,3,0.0,0.0,1.0,0.0,0.0,255,247,0.97,0.01,0.0,0.0,0.0,0.0,0,114455.0
35,5,0,0,0,0,289,1.0,1.0,0.06,0.06,0.0,255,16,0.06,0.08,0.0,1.0,1.0,0.0,1,110587.0
52,9,665,344,0,1,1,0.0,0.0,1.0,0.0,0.0,7,168,1.0,0.0,0.01,0.0,0.0,0.0,0,10267.0
55,5,0,0,0,0,144,1.0,1.0,0.1,0.06,0.0,255,9,0.04,0.06,0.0,1.0,1.0,0.0,1,124868.0
47,5,0,0,0,0,291,1.0,1.0,0.04,0.05,0.0,255,6,0.02,0.07,0.0,1.0,1.0,0.0,1,72540.0
24,9,222,7054,0,1,22,0.0,0.0,1.0,0.0,0.0,22,255,1.0,0.0,0.04,0.0,0.0,0.0,0,55788.0
24,9,341,2916,0,1,5,0.0,0.0,1.0,0.0,0.21,72,255,1.0,0.0,0.05,0.0,0.01,0.0,0,53839.0
24,9,273,2119,0,1,5,0.0,0.0,1.0,0.0,0.0,13,255,1.0,0.0,0.03,0.0,0.0,0.0,0,35060.0
20,9,7077,0,0,1,5,0.0,0.0,1.0,0.0,0.0,255,100,0.39,0.02,0.0,0.0,0.0,0.0,0,70218.0
12,9,44,110,0,0,225,0.0,0.0,1.0,0.0,0.01,255,253,0.99,0.01,0.0,0.0,0.0,0.0,0,62459.0
40,2,0,0,0,0,296,0.0,0.0,0.06,0.06,0.0,255,19,0.07,0.06,0.0,0.0,0.0,1.0,1,113607.0
60,5,0,0,0,0,265,1.0,1.0,0.02,0.06,0.0,255,6,0.02,0.07,0.0,1.0,1.0,0.0,1,86859.0
24,9,2044,2234,0,1,5,0.0,0.0,1.0,0.0,0.0,28,255,1.0,0.0,0.07,0.0,0.01,0.0,0,38396.0
15,9,1032,0,0,0,209,0.0,0.0,1.0,0.0,0.0,255,255,1.0,0.0,0.0,0.0,0.0,0.0,1,16741.0
24,9,201,4324,0,1,8,0.0,0.0,1.0,0.0,0.2,124,255,1.0,0.0,0.02,0.0,0.0,0.0,0,10814.0
12,9,44,137,0,0,78,0.0,0.0,1.0,0.0,0.01,255,255,1.0,0.0,0.0,0.0,0.0,0.0,0,54582.0
47,5,0,0,0,0,247,1.0,1.0,0.07,0.06,0.0,255,8,0.03,0.06,0.0,1.0,1.0,0.0,1,44812.0
24,9,223,290,0,1,40,0.0,0.0,1.0,0.0,0.07,255,255,1.0,0.0,0.0,0.0,0.0,0.0,0,66451.0
24,9,324,25021,0,1,3,0.0,0.0,1.0,0.0,0.13,3,255,1.0,0.0,0.05,0.0,0.0,0.0,0,51858.0
47,5,0,0,0,0,204,1.0,1.0,0.05,0.06,0.0,255,10,0.04,0.05,0.0,1.0,1.0,0.0,1,71775.0
47,10,0,0,0,0,1,1.0,1.0,1.0,0.0,0.0,136,1,0.01,0.93,0.0,0.94,1.0,0.0,1,59805.0
19,9,333,1063,0,1,1,0.0,0.0,1.0,0.0,0.0,241,50,0.21,0.02,0.0,0.0,0.0,0.0,0,27262.0
47,5,0,0,0,0,179,0.59,1.0,0.03,0.04,0.0,255,16,0.06,0.06,0.0,1.0,1.0,0.0,1,37506.0
11,5,0,0,0,0,235,1.0,1.0,0.01,0.07,0.0,255,3,0.01,0.07,0.0,1.0,1.0,0.0,1,39779.0
58,2,0,0,0,0,263,0.0,0.0,0.07,0.06,0.0,255,18,0.07,0.07,0.0,0.0,0.0,1.0,1,94877.0
47,5,0,0,0,0,141,1.0,1.0,0.03,0.06,0.0,255,24,0.09,0.05,0.0,1.0,1.0,0.0,1,72679.0
10,5,0,0,0,0,270,1.0,1.0,0.08,0.05,0.0,255,21,0.08,0.05,0.0,1.0,1.0,0.0,1,67054.0
24,5,0,0,0,0,52,1.0,1.0,0.33,0.08,0.0,255,37,0.15,0.06,0.0,1.0,1.0,0.0,1,94846.0
47,5,0,0,0,0,157,1.0,1.0,0.13,0.06,0.0,255,20,0.08,0.07,0.0,1.0,1.0,0.0,1,2608.0
24,9,224,1918,0,1,4,0.0,0.0,1.0,0.0,0.0,255,255,1.0,0.0,0.0,0.0,0.0,0.0,0,4028.0
42,9,147,105,0,0,4,0.0,0.0,0.5,0.5,0.0,255,3,0.01,0.56,0.0,0.0,0.0,0.0,0,10946.0
16,1,0,0,0,0,144,0.0,0.0,0.12,0.06,0.0,255,17,0.07,0.06,0.0,0.0,0.0,1.0,1,55438.0
24,9,327,421,0,1,1,0.0,0.0,1.0,0.0,1.0,255,255,1.0,0.0,0.0,0.0,0.0,0.0,0,20244.0
53,1,0,0,0,0,66,0.0,0.0,0.2,0.08,0.0,255,12,0.05,0.08,0.0,0.0,0.0,1.0,1,9476.0
24,9,235,1202,0,1,5,0.0,0.0,1.0,0.0,0.0,8,255,1.0,0.0,0.01,0.0,0.0,0.01,0,3858.0
24,9,301,2013,0,1,2,0.0,0.0,1.0,0.0,0.0,176,168,0.95,0.02,0.0,0.0,0.0,0.0,0,20865.0
60,9,0,4,0,0,1,0.0,0.0,1.0,0.0,0.0,2,2,1.0,0.0,0.0,0.0,0.0,0.0,1,76053.0
20,9,192,0,0,0,2,0.0,0.0,1.0,0.0,0.0,187,68,0.21,0.02,0.03,0.0,0.0,0.0,0,13450.0
60,2,0,0,0,0,206,0.0,0.0,0.01,0.07,0.0,255,3,0.01,0.08,0.0,0.0,0.0,1.0,1,36482.0
24,9,233,6588,0,1,21,0.0,0.0,1.0,0.0,0.08,21,255,1.0,0.0,0.06,0.0,0.0,0.0,0,67948.0
20,5,0,0,0,0,198,1.0,1.0,0.05,0.06,0.0,255,10,0.04,0.07,0.0,1.0,1.0,0.0,1,81410.0
14,9,8,0,0,0,1,0.0,0.0,1.0,0.0,1.0,2,26,1.0,0.0,0.5,0.0,0.0,0.0,1,107088.0
14,9,8,0,0,0,1,0.0,0.0,1.0,0.0,1.0,2,47,1.0,0.0,0.51,0.0,0.0,0.0,1,51901.0
24,9,212,12553,0,1,6,0.0,0.0,1.0,0.0,0.0,6,6,1.0,0.0,0.0,0.0,0.0,0.0,0,60829.0
54,1,0,0,0,0,230,0.0,0.0,0.03,0.07,0.0,255,8,0.03,0.08,0.0,0.0,0.0,1.0,1,4670.0
24,9,441,15273,0,1,12,0.0,0.0,1.0,0.0,0.18,255,255,1.0,0.0,0.0,0.0,0.0,0.0,0,67657.0
47,5,0,0,0,0,248,1.0,1.0,0.05,0.05,0.0,255,13,0.05,0.09,0.0,1.0,1.0,0.0,1,23004.0
24,9,333,4296,0,1,3,0.0,0.0,1.0,0.0,0.25,10,203,1.0,0.0,0.2,0.0,0.0,0.87,0,64114.0
24,9,298,626,0,1,8,0.0,0.0,1.0,0.0,0.22,255,255,1.0,0.0,0.0,0.0,0.0,0.0,0,71725.0
42,9,147,0,0,0,7,0.14,0.0,0.14,0.57,0.0,255,1,0.0,0.62,0.0,0.0,0.0,0.0,0,15618.0
42,1,0,0,0,0,337,0.09,0.0,0.0,1.0,0.0,255,1,0.0,1.0,0.0,0.09,0.0,1.0,1,72351.0
24,9,205,1296,0,1,8,0.0,0.0,1.0,0.0,0.0,8,255,1.0,0.0,0.06,0.0,0.0,0.0,0,45272.0
24,9,194,307,0,1,5,0.0,0.0,1.0,0.0,0.0,255,255,1.0,0.0,0.0,0.0,0.0,0.0,0,69881.0
15,9,1032,0,0,0,147,0.0,0.0,1.0,0.0,0.0,255,162,0.64,0.03,0.0,0.0,0.0,0.0,1,71376.0
52,6,0,0,0,0,1,1.0,0.25,1.0,0.0,1.0,89,146,0.81,0.03,0.01,0.08,0.03,0.0,0,62830.0
26,5,0,0,0,0,177,1.0,1.0,0.04,0.07,0.0,255,7,0.03,0.06,0.0,1.0,1.0,0.0,1,81557.0
17,5,0,0,0,0,90,1.0,1.0,0.01,0.07,0.0,255,1,0.0,0.05,0.0,1.0,1.0,0.0,1,37826.0
28,5,0,0,0,0,135,1.0,1.0,0.01,0.06,0.0,255,16,0.06,0.06,0.0,1.0,1.0,0.0,1,84770.0
6,5,0,0,0,0,116,1.0,1.0,0.09,0.07,0.0,255,11,0.04,0.07,0.0,1.0,1.0,0.0,1,97621.0
39,5,0,0,0,0,294,1.0,1.0,0.09,0.04,0.0,255,25,0.1,0.05,0.0,1.0,1.0,0.0,1,27632.0
24,9,224,1030,0,1,15,0.0,0.0,1.0,0.0,0.12,57,255,1.0,0.0,0.01,0.0,0.0,0.0,0,54298.0
24,9,226,1047,0,1,9,0.0,0.0,1.0,0.0,0.2,156,255,1.0,0.0,0.01,0.0,0.0,0.0,0,106650.0
47,5,0,0,0,0,284,1.0,1.0,0.06,0.06,0.0,255,13,0.05,0.05,0.0,1.0,1.0,0.0,1,44728.0
42,9,146,105,0,0,4,0.0,0.0,0.25,0.75,0.0,255,3,0.01,0.61,0.0,0.0,0.0,0.0,0,43986.0
24,9,200,955,0,1,6,0.0,0.0,1.0,0.0,0.0,255,255,1.0,0.0,0.0,0.0,0.0,0.0,0,90718.0
24,9,54540,8314,0,1,5,0.0,0.0,1.0,0.0,0.43,255,255,1.0,0.0,0.0,0.0,0.0,0.04,1,73953.0
36,5,0,0,0,0,124,1.0,1.0,0.06,0.06,0.0,255,7,0.03,0.06,0.0,1.0,1.0,0.0,1,41914.0
20,9,8325,0,0,1,17,0.0,0.0,1.0,0.0,0.0,255,75,0.29,0.02,0.0,0.65,0.57,0.0,0,84067.0
28,5,0,0,0,0,144,1.0,1.0,0.08,0.06,0.0,255,7,0.03,0.06,0.0,1.0,1.0,0.0,1,109803.0
16,5,0,0,0,0,114,1.0,1.0,0.18,0.05,0.0,255,19,0.07,0.06,0.0,1.0,1.0,0.0,1,71893.0
24,9,290,2107,0,1,9,0.0,0.0,1.0,0.0,0.2,60,255,1.0,0.0,0.01,0.0,0.0,0.0,0,1130.0
15,9,520,0,0,0,446,0.0,0.0,1.0,0.0,0.0,179,179,1.0,0.0,0.0,0.0,0.0,0.0,1,105866.0
14,9,8,0,0,0,1,0.0,0.0,1.0,0.0,1.0,1,151,1.0,0.0,0.5,0.0,0.0,0.0,1,93202.0
24,9,332,275,0,1,24,0.0,0.0,1.0,0.0,0.0,255,245,0.96,0.01,0.0,0.0,0.0,0.02,0,62141.0
47,9,1,0,0,0,52,0.0,0.0,0.12,0.08,0.0,255,6,0.02,0.23,0.0,0.0,0.0,0.0,1,53378.0
24,9,146,424,0,1,8,0.0,0.0,1.0,0.0,0.0,128,255,1.0,0.0,0.03,0.0,0.0,0.0,0,30544.0
24,5,0,0,0,0,2,0.5,0.5,1.0,0.0,0.0,227,255,1.0,0.0,0.01,0.01,0.01,0.0,0,101707.0
17,5,0,0,0,0,115,1.0,1.0,0.13,0.06,0.0,255,15,0.06,0.06,0.0,1.0,1.0,0.0,1,48879.0
5,5,0,0,0,0,120,1.0,1.0,0.04,0.08,0.0,255,5,0.02,0.07,0.0,1.0,1.0,0.0,1,16781.0
42,9,145,0,0,0,1,0.0,0.0,1.0,0.0,0.0,1,1,1.0,0.0,0.0,0.0,0.0,0.0,0,34976.0
24,9,285,720,0,1,36,0.0,0.0,1.0,0.0,0.0,255,255,1.0,0.0,0.0,0.0,0.0,0.0,0,8084.0
0,4,2904,8282,0,0,1,0.0,0.0,1.0,0.0,0.0,91,24,0.26,0.02,0.0,0.0,0.0,0.58,0,54594.0
24,1,0,0,0,0,1,0.0,0.0,1.0,0.0,0.0,1,196,1.0,0.0,0.27,0.0,0.0,1.0,0,80353.0
24,9,312,301,0,1,27,0.0,0.0,1.0,0.0,0.0,255,255,1.0,0.0,0.0,0.0,0.0,0.0,0,35182.0
12,9,44,74,0,0,182,0.0,0.0,1.0,0.0,0.0,255,205,0.8,0.01,0.0,0.0,0.0,0.0,0,62850.0
41,9,48,48,0,0,1,0.0,0.0,1.0,0.0,0.0,21,11,0.52,0.1,0.0,0.0,0.0,0.0,0,40907.0
24,9,204,2289,0,1,9,0.0,0.0,1.0,0.0,0.2,58,255,1.0,0.0,0.04,0.0,0.0,0.0,0,75306.0
60,5,0,0,0,0,150,1.0,1.0,0.13,0.06,0.0,255,2,0.01,0.07,0.0,1.0,1.0,0.0,1,53198.0
55,5,0,0,0,0,252,1.0,1.0,0.1,0.06,0.0,255,24,0.09,0.06,0.0,1.0,1.0,0.0,1,3349.0
24,9,249,509,0,1,3,0.0,0.0,1.0,0.0,0.0,17,255,1.0,0.0,0.02,0.0,0.0,0.0,0,114583.0
24,9,315,35811,0,1,2,0.0,0.0,1.0,0.0,0.67,255,255,1.0,0.0,0.0,0.0,0.0,0.0,0,88581.0
47,1,0,0,0,0,292,0.0,0.0,0.05,0.05,0.0,255,14,0.05,0.07,0.0,0.0,0.0,1.0,1,104910.0
24,9,296,1509,0,1,23,0.0,0.0,1.0,0.0,0.08,255,255,1.0,0.0,0.0,0.0,0.0,0.0,0,2551.0
20,9,11,0,0,1,1,0.0,0.0,1.0,0.0,0.0,145,103,0.3,0.02,0.02,0.01,0.01,0.0,0,113692.0
24,9,368,2369,0,1,6,0.0,0.0,1.0,0.0,0.0,20,255,1.0,0.0,0.05,0.0,0.0,0.0,0,124068.0
52,9,923,327,0,1,1,0.0,0.0,1.0,0.0,1.0,68,148,0.5,0.04,0.01,0.0,0.0,0.0,0,82670.0
18,9,12,147,0,0,1,0.0,0.0,1.0,0.0,0.0,30,2,0.07,0.13,0.0,0.07,0.5,0.0,0,104128.0
58,2,0,15,0,0,1,0.0,0.0,1.0,0.0,0.0,113,2,0.02,0.05,0.0,0.01,0.0,0.5,0,45068.0
24,1,0,0,0,0,1,0.0,0.0,1.0,0.0,0.0,2,255,1.0,0.0,0.18,0.0,0.0,0.92,0,48226.0
24,9,218,307,0,1,21,0.0,0.0,1.0,0.0,0.0,255,255,1.0,0.0,0.0,0.01,0.01,0.0,0,90635.0
47,10,0,0,0,0,1,1.0,1.0,1.0,0.0,0.0,221,1,0.0,0.95,0.0,0.96,1.0,0.0,1,94363.0
24,9,284,17086,0,1,1,0.0,0.0,1.0,0.0,0.0,10,255,1.0,0.0,0.04,0.0,0.0,0.0,0,28149.0
60,5,0,0,0,0,121,1.0,1.0,0.02,0.06,0.0,255,3,0.01,0.05,0.0,1.0,1.0,0.0,1,101888.0
14,9,18,0,0,0,1,0.0,0.0,1.0,0.0,0.0,1,252,1.0,0.0,1.0,0.0,0.0,0.0,1,61068.0
12,9,112,45,0,0,1,0.0,0.0,1.0,0.0,0.0,36,24,0.67,0.06,0.0,0.0,0.0,0.0,0,74074.0
20,9,26408,0,0,1,9,0.0,0.0,1.0,0.0,0.0,23,109,0.65,0.13,0.03,0.0,0.01,0.0,0,24671.0
12,9,43,124,0,0,149,0.0,0.0,1.0,0.0,0.01,255,255,1.0,0.0,0.0,0.0,0.0,0.0,0,102448.0
41,9,48,48,0,0,3,0.0,0.0,0.33,0.67,0.0,184,64,0.35,0.02,0.0,0.0,0.0,0.0,0,99454.0
24,9,205,676,0,1,5,0.0,0.0,1.0,0.0,0.0,23,255,1.0,0.0,0.05,0.0,0.0,0.0,0,110734.0
24,9,292,937,0,1,5,0.0,0.0,1.0,0.0,0.0,5,255,1.0,0.0,0.03,0.0,0.0,0.0,0,49484.0
13,2,0,0,0,0,213,0.0,0.0,0.06,0.07,0.0,255,13,0.05,0.06,0.0,0.0,0.0,1.0,1,106166.0
47,5,0,0,0,0,142,1.0,1.0,0.18,0.05,0.0,255,10,0.04,0.05,0.0,1.0,1.0,0.0,1,107128.0
24,9,326,420,0,1,3,0.0,0.0,1.0,0.0,0.3,255,255,1.0,0.0,0.0,0.0,0.0,0.0,0,1017.0
52,9,926,331,0,1,1,0.0,0.0,1.0,0.0,1.0,21,20,0.95,0.1,0.0,0.0,0.0,0.0,0,51434.0
18,5,0,0,0,0,104,1.0,1.0,0.14,0.06,0.0,255,4,0.02,0.07,0.0,1.0,1.0,0.0,1,124239.0
47,1,0,0,0,0,190,0.1,0.0,0.01,1.0,0.0,255,1,0.0,0.88,0.0,0.07,0.0,1.0,1,24354.0
47,5,0,0,0,0,125,1.0,1.0,0.11,0.07,0.0,255,14,0.05,0.08,0.0,1.0,1.0,0.0,1,78065.0
47,5,0,0,0,0,41,1.0,1.0,0.02,0.15,0.0,255,13,0.05,0.07,0.0,1.0,1.0,0.0,1,37352.0
47,5,0,0,0,0,115,1.0,1.0,0.22,0.05,0.0,255,25,0.1,0.05,0.0,1.0,1.0,0.0,1,111239.0
12,9,44,125,0,0,200,0.0,0.0,1.0,0.01,0.0,255,254,1.0,0.01,0.0,0.0,0.0,0.0,0,73934.0
47,1,0,0,0,0,57,0.0,0.0,0.02,0.54,0.0,227,1,0.0,0.14,0.0,0.01,0.0,1.0,1,121690.0
24,9,216,2997,0,1,22,0.0,0.0,1.0,0.0,0.0,247,255,1.0,0.0,0.01,0.0,0.0,0.0,0,103759.0
47,5,0,0,0,0,133,1.0,1.0,0.02,0.06,0.0,255,14,0.05,0.07,0.0,1.0,1.0,0.0,1,76081.0
24,9,291,1124,0,1,20,0.0,0.0,1.0,0.0,0.0,255,255,1.0,0.0,0.0,0.0,0.0,0.0,0,57481.0
47,5,0,0,0,0,37,1.0,1.0,0.11,0.16,0.0,255,6,0.02,0.09,0.0,1.0,1.0,0.0,1,14532.0
24,9,222,660,0,1,3,0.0,0.0,1.0,0.0,0.0,150,255,1.0,0.0,0.02,0.0,0.0,0.0,0,13111.0
42,9,146,105,0,0,1,0.0,0.0,1.0,0.0,0.0,255,1,0.0,0.77,0.0,0.0,0.0,0.0,0,67254.0
47,5,0,0,0,0,225,1.0,1.0,0.07,0.06,0.0,255,17,0.07,0.07,0.0,1.0,1.0,0.0,1,23732.0
47,9,1,0,0,0,14,0.0,0.0,0.14,0.43,0.0,255,2,0.01,0.74,0.0,0.03,0.0,0.0,1,34110.0
52,9,909,386,0,1,1,0.0,0.0,1.0,0.0,0.0,255,122,0.48,0.02,0.0,0.35,0.41,0.0,0,90503.0
24,5,0,0,0,0,56,1.0,1.0,0.34,0.07,0.0,255,59,0.23,0.04,0.0,1.0,1.0,0.0,1,68508.0
12,9,45,141,0,0,117,0.0,0.0,1.0,0.0,0.01,255,255,1.0,0.0,0.0,0.0,0.0,0.0,0,40127.0
24,5,0,0,0,0,33,1.0,1.0,0.48,0.06,0.0,255,69,0.27,0.02,0.0,1.0,1.0,0.0,1,58327.0
60,5,0,0,0,0,294,1.0,1.0,0.02,0.06,0.0,255,7,0.03,0.06,0.0,1.0,1.0,0.0,1,75776.0
12,9,44,139,0,0,73,0.0,0.0,1.0,0.0,0.01,255,254,1.0,0.01,0.0,0.0,0.0,0.0,0,24452.0
24,9,264,28549,0,1,2,0.0,0.0,1.0,0.0,0.0,28,255,1.0,0.0,0.06,0.07,0.01,0.0,0,93357.0
47,1,0,0,0,0,244,0.0,0.0,0.06,0.06,0.0,255,14,0.05,0.08,0.0,0.0,0.0,1.0,1,49398.0
15,9,1032,0,0,0,511,0.0,0.0,1.0,0.0,0.0,255,95,0.37,0.02,0.0,0.02,0.0,0.0,1,81074.0
42,9,113,0,0,0,14,0.0,0.0,0.93,0.14,0.0,255,13,0.05,0.57,0.0,0.0,0.0,0.0,0,95833.0
47,1,0,0,0,0,204,0.01,0.0,0.0,1.0,0.0,255,1,0.0,0.82,0.0,0.01,0.0,1.0,1,111154.0
24,9,304,13380,0,1,4,0.0,0.0,1.0,0.0,0.25,63,255,1.0,0.0,0.01,0.0,0.0,0.0,0,85596.0
19,9,1511,4152,0,1,1,0.0,0.0,1.0,0.0,0.0,79,22,0.28,0.09,0.0,0.0,0.0,0.0,0,93743.0
15,9,1480,0,1,0,2,0.0,0.0,1.0,0.0,0.5,4,151,1.0,0.0,0.06,0.0,0.0,0.0,1,13687.0
47,1,0,0,0,0,86,0.08,0.0,0.01,1.0,0.0,255,1,0.0,0.61,0.0,0.03,0.0,1.0,1,16696.0
47,5,0,0,0,0,100,1.0,1.0,0.06,0.06,0.0,255,3,0.01,0.07,0.0,1.0,1.0,0.0,1,97298.0
17,5,0,0,0,0,132,1.0,1.0,0.15,0.05,0.0,255,1,0.0,0.06,0.0,1.0,1.0,0.0,1,8626.0
11,9,48,474,0,1,259,0.0,0.0,0.0,0.01,0.0,255,4,0.02,0.01,0.0,0.0,0.0,0.0,0,85723.0
52,9,738,325,0,1,2,0.0,0.0,1.0,0.0,0.67,140,102,0.73,0.03,0.0,0.0,0.0,0.0,0,28670.0
24,9,289,670,0,1,4,0.0,0.0,1.0,0.0,0.0,255,255,1.0,0.0,0.0,0.0,0.0,0.0,0,28784.0
24,9,195,273,0,1,3,0.0,0.0,1.0,0.0,0.0,16,255,1.0,0.0,0.05,0.0,0.0,0.0,0,98561.0
24,9,303,9236,0,1,8,0.0,0.0,1.0,0.0,0.3,179,255,1.0,0.0,0.01,0.0,0.0,0.0,0,122534.0
24,9,312,313,0,1,29,0.0,0.0,1.0,0.0,0.0,29,255,1.0,0.0,0.02,0.0,0.0,0.0,0,89960.0
47,5,0,0,0,0,123,1.0,1.0,0.05,0.07,0.0,51,15,0.29,0.14,0.0,1.0,1.0,0.0,1,118595.0
24,1,0,0,0,0,1,0.0,0.0,1.0,0.0,0.0,22,255,1.0,0.0,0.02,0.0,0.0,0.01,0,63555.0
20,9,567,0,0,1,4,0.0,0.0,0.5,0.5,0.67,255,51,0.2,0.03,0.0,0.0,0.0,0.0,0,79124.0
52,5,0,0,0,0,2,0.5,0.5,1.0,0.0,0.0,81,119,0.52,0.1,0.03,0.01,0.01,0.0,0,22513.0
24,9,232,5700,0,1,1,0.0,0.0,1.0,0.0,0.0,1,38,1.0,0.0,0.11,0.0,0.0,0.0,0,89463.0
42,5,0,0,0,0,107,1.0,1.0,0.05,0.06,0.0,255,5,0.02,0.06,0.0,1.0,1.0,0.0,1,62158.0
24,1,0,0,0,0,1,0.0,0.0,1.0,0.0,0.0,2,57,1.0,0.0,0.23,0.0,0.0,1.0,0,50063.0
38,5,0,0,0,0,220,1.0,1.0,0.04,0.06,0.0,255,9,0.04,0.07,0.0,1.0,1.0,0.0,1,5149.0
42,1,0,0,0,0,1,0.0,0.0,1.0,0.0,0.0,7,5,0.71,0.29,0.0,0.0,0.0,1.0,0,13342.0
24,9,148,13023,0,1,2,0.5,0.03,1.0,0.0,0.07,181,255,1.0,0.0,0.02,0.01,0.01,0.0,0,7913.0
52,9,1168,329,0,1,1,0.0,0.0,1.0,0.0,0.0,56,49,0.66,0.11,0.04,0.0,0.0,0.0,0,11889.0
18,2,0,0,0,0,238,0.0,0.0,0.02,0.07,0.0,255,5,0.02,0.07,0.0,0.0,0.0,1.0,1,104884.0
24,1,0,0,0,0,1,0.0,0.0,1.0,0.0,1.0,19,71,1.0,0.0,0.25,0.0,0.0,0.97,0,31690.0
31,5,0,0,0,0,127,1.0,1.0,0.02,0.06,0.0,255,2,0.01,0.07,0.0,1.0,1.0,0.0,1,103110.0
12,9,46,74,0,0,188,0.0,0.0,1.0,0.0,0.0,255,236,0.93,0.01,0.0,0.0,0.0,0.0,0,93328.0
47,9,207,0,0,0,2,0.0,0.0,1.0,0.0,0.0,236,196,0.83,0.01,0.0,0.0,0.0,0.0,1,104411.0
19,9,249,774,0,1,1,0.0,0.0,1.0,0.0,0.0,95,24,0.25,0.05,0.0,0.0,0.0,0.04,0,60700.0
24,9,308,777,0,1,8,0.0,0.0,1.0,0.0,0.1,8,255,1.0,0.0,0.05,0.0,0.0,0.0,0,40521.0
48,9,91,0,0,0,3,0.0,0.0,1.0,0.0,0.0,128,3,0.02,0.02,0.0,0.0,0.0,0.0,0,96776.0
15,9,1032,0,0,0,511,0.0,0.0,1.0,0.0,0.0,255,180,0.71,0.01,0.0,0.0,0.0,0.0,1,68232.0
12,9,44,69,0,0,180,0.0,0.0,1.0,0.0,0.0,255,255,1.0,0.0,0.0,0.0,0.0,0.0,0,97521.0
11,5,0,0,0,0,245,1.0,1.0,0.02,0.06,0.0,255,5,0.02,0.06,0.0,1.0,1.0,0.0,1,91811.0
35,5,0,0,0,0,237,1.0,1.0,0.08,0.07,0.0,255,20,0.08,0.07,0.0,1.0,1.0,0.0,1,11306.0
15,9,520,0,0,0,80,0.0,0.0,1.0,0.0,0.0,255,255,1.0,0.0,0.0,0.0,0.0,0.0,1,96002.0
24,9,310,1828,0,1,8,0.0,0.0,1.0,0.0,0.0,15,255,1.0,0.0,0.11,0.0,0.0,0.75,0,83024.0
63,5,0,0,0,0,133,1.0,1.0,0.06,0.07,0.0,255,8,0.03,0.06,0.0,1.0,1.0,0.0,1,38437.0
52,9,1414,335,0,1,1,0.0,0.0,1.0,0.0,0.0,110,140,0.55,0.02,0.01,0.0,0.0,0.0,0,62438.0
20,9,19,0,0,1,3,0.0,0.0,0.67,0.67,0.0,118,56,0.12,0.06,0.04,0.0,0.0,0.0,0,109065.0
52,9,876,332,0,1,1,0.0,0.0,1.0,0.0,1.0,138,186,0.62,0.03,0.01,0.0,0.0,0.0,0,11282.0
43,9,44,672,0,0,5,0.0,0.0,0.2,1.0,0.0,165,1,0.01,0.1,0.0,0.01,0.0,0.0,0,1352.0
20,9,334,0,0,1,1,0.0,0.0,1.0,0.0,0.0,8,63,0.88,0.25,0.11,0.25,0.02,0.0,1,122747.0
2,5,0,0,0,0,154,1.0,1.0,0.08,0.08,0.0,255,13,0.05,0.07,0.0,1.0,1.0,0.0,1,110903.0
47,5,0,0,0,0,224,1.0,1.0,0.04,0.07,0.0,255,9,0.04,0.09,0.0,1.0,1.0,0.0,1,54411.0
52,9,1453,330,0,1,1,0.0,0.0,1.0,0.0,0.0,72,68,0.81,0.07,0.03,0.0,0.0,0.0,0,50323.0
15,9,1032,0,0,0,511,0.0,0.0,1.0,0.0,0.0,255,249,0.98,0.02,0.0,0.0,0.0,0.0,1,125566.0
62,9,181,0,0,0,2,0.0,0.0,0.5,1.0,0.0,255,9,0.04,0.01,0.0,0.0,0.0,0.0,0,25613.0
15,9,520,0,0,0,232,0.0,0.0,1.0,0.0,0.0,255,255,1.0,0.0,0.0,0.0,0.0,0.0,1,9125.0
24,9,54540,8314,0,1,4,0.0,0.0,1.0,0.0,0.0,189,189,1.0,0.0,0.0,0.0,0.0,0.05,1,122628.0
52,9,1149,331,0,1,1,0.0,0.0,1.0,0.0,0.0,157,78,0.5,0.02,0.0,0.0,0.0,0.0,0,71807.0
20,9,10389,0,0,1,5,0.0,0.0,1.0,0.0,0.0,255,67,0.26,0.02,0.0,0.7,0.7,0.0,0,79924.0
24,9,286,788,0,1,12,0.0,0.0,1.0,0.0,0.11,216,255,1.0,0.0,0.01,0.0,0.0,0.0,0,28641.0
24,9,309,397,0,1,10,0.0,0.0,1.0,0.0,0.0,255,255,1.0,0.0,0.0,0.0,0.0,0.0,0,79620.0
12,9,46,115,0,0,112,0.0,0.0,1.0,0.0,0.02,255,253,0.99,0.01,0.0,0.0,0.0,0.0,0,69130.0
47,5,0,0,0,0,209,1.0,1.0,0.01,0.06,0.0,255,18,0.07,0.07,0.0,1.0,1.0,0.0,1,51835.0
24,9,246,5480,0,1,4,0.0,0.11,1.0,0.0,0.22,115,255,1.0,0.0,0.02,0.0,0.0,0.01,0,79895.0
4,5,0,0,0,0,223,1.0,1.0,0.01,0.06,0.0,255,3,0.01,0.08,0.0,1.0,1.0,0.0,1,41895.0
12,9,44,80,0,0,139,0.0,0.0,0.99,0.01,0.02,255,245,0.96,0.01,0.0,0.0,0.0,0.0,0,8210.0
52,9,11832,1552,0,1,1,0.0,0.0,1.0,0.0,1.0,255,72,0.28,0.06,0.0,0.47,0.0,0.03,0,50417.0
24,9,285,2213,0,1,14,0.0,0.0,1.0,0.0,0.0,125,255,1.0,0.0,0.02,0.0,0.01,0.0,0,78046.0
40,5,0,0,0,0,35,1.0,1.0,0.46,0.14,0.0,255,16,0.06,0.07,0.0,1.0,1.0,0.0,1,13758.0
52,9,750,324,0,1,1,0.0,0.0,1.0,0.0,0.0,65,246,0.97,0.03,0.01,0.0,0.0,0.0,0,73732.0
17,5,0,0,0,0,128,1.0,1.0,0.05,0.06,0.0,255,15,0.06,0.07,0.0,1.0,1.0,0.0,1,98490.0
24,9,308,1534,0,1,5,0.0,0.0,1.0,0.0,0.04,5,146,1.0,0.0,0.2,0.0,0.0,0.64,0,96951.0
12,9,44,138,0,0,64,0.0,0.0,1.0,0.0,0.01,255,244,0.96,0.01,0.0,0.0,0.0,0.0,0,103469.0
47,9,28,0,3,0,75,0.0,0.0,1.0,0.0,0.0,255,42,0.16,0.01,0.0,0.0,0.0,0.0,1,62059.0
24,9,236,2119,0,1,7,0.0,0.0,1.0,0.0,0.0,119,253,1.0,0.0,0.04,0.0,0.0,0.0,0,47847.0
24,9,200,301,0,1,32,0.03,0.04,1.0,0.0,0.04,255,255,1.0,0.0,0.0,0.0,0.0,0.0,0,109991.0
5,5,0,0,0,0,258,1.0,1.0,0.02,0.06,0.0,255,6,0.02,0.07,0.0,1.0,1.0,0.0,1,41293.0
24,9,300,2651,0,1,3,0.33,0.33,1.0,0.0,0.5,152,255,1.0,0.0,0.01,0.01,0.0,0.0,0,6847.0
24,9,268,285,0,1,3,0.0,0.0,1.0,0.0,0.0,255,255,1.0,0.0,0.0,0.0,0.0,0.0,0,37822.0
24,9,238,4062,0,1,14,0.0,0.0,1.0,0.0,0.0,255,255,1.0,0.0,0.0,0.0,0.0,0.0,0,103555.0
24,9,212,285,0,1,4,0.0,0.0,1.0,0.0,0.0,202,255,1.0,0.0,0.01,0.0,0.0,0.0,0,102532.0
24,9,297,7202,0,1,3,0.0,0.0,1.0,0.0,0.29,37,255,1.0,0.0,0.02,0.0,0.0,0.0,0,61809.0
20,9,12,0,0,1,1,0.0,0.0,1.0,0.0,0.0,155,67,0.26,0.46,0.03,0.0,0.0,0.01,0,85392.0
47,5,0,0,0,0,245,1.0,1.0,0.09,0.05,0.0,106,23,0.22,0.09,0.0,0.87,1.0,0.0,1,94336.0
15,9,1032,0,0,0,379,0.0,0.0,1.0,0.0,0.0,255,255,1.0,0.0,0.0,0.0,0.0,0.0,1,98273.0
47,4,0,0,0,0,1,0.0,0.0,1.0,0.0,0.0,255,1,0.0,0.85,0.0,0.0,0.0,1.0,1,32258.0
52,9,737,332,0,1,1,0.0,0.0,1.0,0.0,0.0,98,143,0.34,0.06,0.01,0.01,0.01,0.0,0,31339.0
15,9,1032,0,0,0,511,0.0,0.0,1.0,0.0,0.0,255,100,0.39,0.02,0.0,0.02,0.0,0.0,1,116810.0
47,5,0,0,0,0,232,1.0,1.0,0.05,0.06,0.0,255,20,0.08,0.06,0.0,1.0,1.0,0.0,1,33424.0
24,9,210,2922,0,1,24,0.0,0.0,1.0,0.0,0.0,27,255,1.0,0.0,0.02,0.0,0.0,0.0,0,55749.0
24,9,323,1488,0,1,12,0.0,0.0,1.0,0.0,0.0,255,255,1.0,0.0,0.0,0.0,0.0,0.0,0,41926.0
12,9,44,78,0,0,321,0.0,0.0,1.0,0.0,0.0,255,254,1.0,0.01,0.0,0.0,0.0,0.0,0,39620.0
26,5,0,0,0,0,144,1.0,1.0,0.06,0.08,0.0,255,9,0.04,0.07,0.0,1.0,1.0,0.0,1,74210.0
18,5,0,0,0,0,30,1.0,1.0,0.37,0.13,0.0,255,71,0.28,0.02,0.0,1.0,1.0,0.0,1,69683.0
24,9,293,12893,0,1,4,0.0,0.0,1.0,0.0,0.0,72,255,1.0,0.0,0.05,0.0,0.0,0.0,0,92419.0
14,9,8,0,0,0,1,0.0,0.0,1.0,0.0,1.0,2,160,1.0,0.0,0.5,0.0,0.0,0.0,1,68009.0
24,1,0,0,0,0,1,0.0,0.0,1.0,0.0,1.0,3,255,1.0,0.0,0.13,0.0,0.0,0.83,0,119516.0
24,9,225,498,0,1,10,0.0,0.0,1.0,0.0,0.0,255,255,1.0,0.0,0.0,0.0,0.0,0.0,0,63765.0
15,9,1032,0,0,0,338,0.0,0.0,1.0,0.0,0.0,255,255,1.0,0.0,0.0,0.0,0.0,0.0,1,60441.0
47,5,0,0,0,0,104,1.0,1.0,0.02,0.07,0.0,255,17,0.07,0.09,0.0,1.0,1.0,0.0,1,15692.0
24,9,209,1660,0,1,30,0.0,0.0,1.0,0.0,0.05,95,255,1.0,0.0,0.01,0.0,0.0,0.0,0,77251.0
12,9,32,92,0,0,8,0.0,0.0,1.0,0.0,0.08,70,54,0.77,0.06,0.0,0.0,0.0,0.0,0,29692.0
12,9,44,115,0,0,1,0.0,0.0,1.0,0.0,1.0,255,234,0.92,0.01,0.0,0.0,0.0,0.0,0,47957.0
29,5,0,0,0,0,111,1.0,1.0,0.08,0.06,0.0,255,18,0.07,0.05,0.0,1.0,1.0,0.0,1,80900.0
47,5,0,0,0,0,207,1.0,1.0,0.03,0.07,0.0,255,5,0.02,0.07,0.0,1.0,1.0,0.0,1,113699.0
66,5,0,0,0,0,235,1.0,1.0,0.09,0.07,0.0,255,20,0.08,0.07,0.0,1.0,1.0,0.0,1,57136.0
24,9,294,1043,0,1,30,0.0,0.0,1.0,0.0,0.09,104,255,1.0,0.0,0.06,0.0,0.0,0.0,0,66491.0
9,5,0,0,0,0,275,1.0,1.0,0.02,0.05,0.0,255,16,0.06,0.06,0.0,1.0,1.0,0.0,1,30495.0
64,5,0,0,0,0,134,1.0,1.0,0.13,0.06,0.0,255,18,0.07,0.06,0.0,1.0,1.0,0.0,1,95807.0
24,9,197,324,0,1,10,0.0,0.0,1.0,0.0,0.0,10,255,1.0,0.0,0.02,0.0,0.0,0.0,0,67098.0
12,9,36,101,0,0,2,0.0,0.0,1.0,0.0,0.0,2,2,1.0,0.0,0.0,0.0,0.0,0.0,0,12359.0
24,9,178,6462,0,1,1,0.0,0.0,1.0,0.0,0.5,66,102,1.0,0.0,0.04,0.0,0.01,0.0,0,2936.0
52,9,1788,337,0,1,1,0.0,0.0,1.0,0.0,1.0,114,139,0.62,0.04,0.01,0.0,0.0,0.0,0,96505.0
24,9,178,683,0,1,3,0.0,0.0,1.0,0.0,0.0,13,23,1.0,0.0,0.09,0.0,0.0,0.0,0,97102.0
66,5,0,0,0,0,282,1.0,1.0,0.06,0.05,0.0,255,18,0.07,0.05,0.0,1.0,1.0,0.0,1,31672.0
24,9,242,380,0,1,5,0.0,0.0,1.0,0.0,0.0,31,255,1.0,0.0,0.04,0.0,0.0,0.0,0,108800.0
47,5,0,0,0,0,160,1.0,1.0,0.1,0.06,0.0,255,16,0.06,0.06,0.0,1.0,1.0,0.0,1,75715.0
20,9,7012,0,0,1,6,0.0,0.0,1.0,0.0,0.0,179,95,0.35,0.03,0.02,0.0,0.0,0.0,0,71250.0
12,9,45,131,0,0,173,0.0,0.0,1.0,0.0,0.0,255,255,1.0,0.0,0.0,0.0,0.0,0.0,0,18736.0
20,9,29,0,0,0,1,0.0,0.0,1.0,0.0,0.0,86,45,0.47,0.07,0.04,0.0,0.0,0.0,0,32117.0
24,9,206,854,0,1,6,0.0,0.0,1.0,0.0,0.0,33,255,1.0,0.0,0.03,0.0,0.0,0.0,0,84175.0
24,9,205,313,0,1,40,0.0,0.0,1.0,0.0,0.0,255,255,1.0,0.0,0.0,0.0,0.0,0.05,0,79146.0
24,9,299,10300,0,1,14,0.0,0.0,1.0,0.0,0.0,255,255,1.0,0.0,0.0,0.0,0.0,0.0,0,52097.0
47,1,0,0,0,0,97,0.07,0.0,0.01,1.0,0.0,255,1,0.0,0.65,0.0,0.03,0.0,1.0,1,81376.0
20,9,12286,0,0,1,9,0.0,0.0,1.0,0.0,0.0,117,27,0.23,0.03,0.0,0.0,0.0,0.0,0,76685.0
24,9,195,7730,0,1,1,0.0,0.0,1.0,0.0,0.0,1,255,1.0,0.0,0.09,0.0,0.0,0.99,0,90459.0
2,5,0,0,0,0,101,1.0,1.0,0.01,0.07,0.0,255,1,0.0,0.07,0.0,1.0,1.0,0.0,1,50490.0
20,9,334,0,0,1,2,0.0,0.0,1.0,0.0,0.0,8,18,1.0,0.0,0.22,0.0,0.0,0.0,1,98346.0
24,9,236,632,0,1,6,0.0,0.51,1.0,0.0,0.08,59,255,1.0,0.0,0.02,0.0,0.0,0.0,0,116996.0
47,1,0,0,0,0,249,0.08,0.0,0.0,1.0,0.0,255,1,0.0,0.98,0.0,0.08,0.0,1.0,1,55735.0
20,9,15377,0,0,1,9,0.0,0.0,1.0,0.0,0.0,121,55,0.25,0.6,0.04,0.0,0.0,0.02,0,68690.0
12,9,46,139,0,0,2,0.0,0.0,1.0,0.0,0.05,255,247,0.97,0.01,0.0,0.0,0.0,0.0,0,73392.0
47,5,0,0,0,0,206,1.0,1.0,0.02,0.06,0.0,255,3,0.01,0.07,0.0,1.0,1.0,0.0,1,41071.0
47,5,0,0,0,0,226,1.0,1.0,0.04,0.07,0.0,255,13,0.05,0.07,0.0,1.0,1.0,0.0,1,9558.0
47,5,0,0,0,0,187,1.0,1.0,0.06,0.06,0.0,255,12,0.05,0.07,0.0,1.0,1.0,0.0,1,34277.0
11,5,0,0,0,0,242,1.0,1.0,0.02,0.06,0.0,255,4,0.02,0.06,0.0,1.0,1.0,0.0,1,94947.0
19,9,324,1054,0,1,1,0.0,0.0,1.0,0.0,0.0,255,61,0.24,0.02,0.0,0.0,0.0,0.1,0,105832.0
52,9,1053,401,0,1,1,0.0,0.0,1.0,0.0,1.0,126,46,0.37,0.04,0.0,0.0,0.0,0.0,0,67179.0
47,5,0,0,0,0,16,1.0,1.0,0.38,0.12,0.0,255,6,0.02,0.07,0.0,1.0,1.0,0.0,1,67109.0
24,9,199,354,0,1,29,0.0,0.0,1.0,0.0,0.0,251,255,1.0,0.0,0.01,0.0,0.0,0.0,0,94888.0
52,9,1869,390,0,1,1,0.0,0.0,1.0,0.0,1.0,117,80,0.61,0.06,0.03,0.0,0.0,0.0,0,48683.0
24,1,0,0,0,0,1,0.0,0.0,1.0,0.0,0.0,5,32,1.0,0.0,0.19,0.0,0.0,1.0,0,106762.0
42,9,146,105,0,0,1,0.0,0.0,1.0,0.0,0.0,255,1,0.0,0.65,0.0,0.0,0.0,0.0,0,44628.0
24,9,303,555,0,1,9,0.0,0.0,1.0,0.0,0.0,9,255,1.0,0.0,0.01,0.0,0.0,0.0,0,32.0
24,9,274,790,0,1,5,0.0,0.0,1.0,0.0,0.25,255,255,1.0,0.0,0.0,0.0,0.0,0.0,0,43458.0
52,9,109,409,0,1,1,0.0,0.0,1.0,0.0,1.0,85,17,0.2,0.05,0.0,0.0,0.0,0.0,0,3172.0
20,5,0,0,0,0,262,1.0,1.0,0.08,0.05,0.0,255,20,0.08,0.05,0.0,1.0,1.0,0.0,1,54351.0
15,9,1032,0,0,0,306,0.0,0.0,1.0,0.0,0.0,255,255,1.0,0.0,0.0,0.0,0.0,0.0,1,100530.0
19,2,0,0,0,0,300,0.0,0.0,0.05,0.06,0.0,255,16,0.06,0.07,0.0,0.0,0.0,1.0,1,78013.0
24,9,310,436,0,1,10,0.0,0.0,1.0,0.0,0.0,50,255,1.0,0.0,0.06,0.0,0.0,0.0,0,71221.0
47,5,0,0,0,0,123,1.0,1.0,0.02,0.07,0.0,255,20,0.08,0.06,0.0,1.0,1.0,0.0,1,26477.0
52,9,2632,336,0,1,2,0.0,0.0,0.5,1.0,1.0,123,134,0.59,0.03,0.01,0.0,0.0,0.07,0,103103.0
24,9,215,838,0,1,7,0.0,0.0,1.0,0.0,0.25,134,255,1.0,0.0,0.07,0.0,0.0,0.0,0,25775.0
24,9,252,1263,0,1,4,0.0,0.0,1.0,0.0,0.4,125,255,1.0,0.0,0.02,0.0,0.0,0.0,0,100798.0
47,5,0,0,0,0,131,1.0,1.0,0.07,0.06,0.0,255,16,0.06,0.06,0.0,1.0,1.0,0.0,1,58927.0
15,9,1032,0,0,0,511,0.0,0.0,1.0,0.0,0.0,177,32,0.18,0.02,0.0,0.0,0.0,0.0,1,6554.0
24,9,369,4917,0,1,25,0.0,0.0,1.0,0.0,0.06,255,255,1.0,0.0,0.0,0.0,0.0,0.0,0,75906.0
24,9,211,442,0,1,8,0.0,0.0,1.0,0.0,0.3,217,255,1.0,0.0,0.01,0.0,0.0,0.0,0,12289.0
24,1,0,0,0,0,1,0.0,0.0,1.0,0.0,1.0,27,11,0.41,0.19,0.0,0.04,0.0,1.0,0,102304.0
52,9,843,388,0,1,1,0.0,0.0,1.0,0.0,0.0,255,52,0.2,0.06,0.0,0.64,0.0,0.02,0,58877.0
12,9,45,134,0,0,40,0.0,0.0,1.0,0.0,0.02,61,208,1.0,0.0,0.01,0.0,0.0,0.0,0,97026.0
24,9,325,1227,0,1,13,0.0,0.0,1.0,0.0,0.0,13,13,1.0,0.0,0.0,0.0,0.0,0.0,0,40760.0
24,9,213,1719,0,1,10,0.0,0.0,1.0,0.0,0.0,70,255,1.0,0.0,0.04,0.0,0.0,0.0,0,33273.0
24,9,254,386,0,1,5,0.0,0.0,1.0,0.0,0.0,255,255,1.0,0.0,0.0,0.0,0.0,0.0,0,8550.0
12,9,44,125,0,0,236,0.0,0.0,1.0,0.0,0.01,255,253,0.99,0.01,0.0,0.0,0.0,0.0,0,23151.0
47,5,0,0,0,0,133,1.0,1.0,0.09,0.06,0.0,189,12,0.06,0.06,0.0,1.0,1.0,0.0,1,50939.0
15,9,520,0,0,0,265,0.0,0.0,1.0,0.0,0.0,255,255,1.0,0.0,0.0,0.0,0.0,0.0,1,78727.0
2,5,0,0,0,0,203,1.0,1.0,0.01,0.06,0.0,255,3,0.01,0.07,0.0,1.0,1.0,0.0,1,17859.0
47,10,0,0,0,0,1,1.0,1.0,1.0,0.0,0.0,249,1,0.0,0.96,0.0,0.97,1.0,0.0,1,45679.0
47,5,0,0,0,0,180,1.0,1.0,0.02,0.07,0.0,219,3,0.01,0.08,0.0,0.94,1.0,0.0,1,14705.0
24,9,245,10313,0,1,13,0.0,0.0,1.0,0.0,0.0,255,255,1.0,0.0,0.0,0.0,0.0,0.0,0,59483.0
47,5,0,0,0,0,105,1.0,1.0,0.16,0.06,0.0,255,17,0.07,0.08,0.0,1.0,1.0,0.0,1,121005.0
14,9,8,0,0,0,1,0.0,0.0,1.0,0.0,1.0,2,81,1.0,0.0,0.51,0.0,0.0,0.0,1,102934.0
20,9,334,0,0,1,1,0.0,0.0,1.0,0.0,0.0,6,43,1.0,0.0,0.12,0.0,0.0,0.0,1,121135.0
14,9,18,0,0,0,1,0.0,0.0,1.0,0.0,0.0,4,188,1.0,0.0,0.25,0.0,0.0,0.0,1,10015.0
24,1,0,0,0,0,1,0.0,0.0,1.0,0.0,1.0,25,255,1.0,0.0,0.11,0.0,0.0,1.0,0,22573.0
47,5,0,0,0,0,294,1.0,1.0,0.05,0.06,0.0,255,12,0.05,0.07,0.0,1.0,1.0,0.0,1,77814.0
25,5,0,0,0,0,103,1.0,1.0,0.17,0.06,0.0,255,17,0.07,0.05,0.0,1.0,1.0,0.0,1,43122.0
31,1,0,0,0,0,234,0.0,0.0,0.03,0.07,0.0,255,8,0.03,0.07,0.0,0.0,0.0,1.0,1,60875.0
47,1,0,0,0,0,248,0.0,0.0,0.07,0.07,0.0,255,18,0.07,0.07,0.0,0.0,0.0,1.0,1,2771.0
47,5,0,0,0,0,134,1.0,1.0,0.14,0.05,0.0,255,16,0.06,0.06,0.0,1.0,1.0,0.0,1,11856.0
15,9,1032,0,0,0,511,0.0,0.0,1.0,0.0,0.0,255,130,0.51,0.02,0.0,0.01,0.0,0.0,1,100394.0
20,9,383,0,0,1,2,0.0,0.0,1.0,0.0,0.0,255,115,0.45,0.03,0.0,0.0,0.0,0.0,0,96857.0
24,9,235,1261,0,1,7,0.0,0.0,1.0,0.0,0.3,27,112,1.0,0.0,0.04,0.0,0.0,0.0,0,33614.0
47,5,0,0,0,0,140,1.0,1.0,0.04,0.06,0.0,255,9,0.04,0.05,0.0,1.0,1.0,0.0,1,47106.0
42,9,147,105,0,0,1,0.0,0.0,1.0,0.0,0.0,255,3,0.01,0.41,0.0,0.0,0.0,0.0,0,77876.0
11,9,48,489,0,1,6,0.0,0.0,0.17,0.5,0.0,255,1,0.0,0.01,0.0,0.0,0.0,0.0,0,48993.0
24,9,274,3690,0,1,19,0.0,0.0,1.0,0.0,0.0,19,119,1.0,0.0,0.03,0.0,0.03,0.0,0,59002.0
24,9,229,482,0,1,8,0.0,0.0,1.0,0.0,0.2,255,255,1.0,0.0,0.0,0.0,0.0,0.0,0,63107.0
24,9,242,12777,0,1,3,0.0,0.0,1.0,0.0,0.0,13,170,1.0,0.0,0.05,0.0,0.0,0.0,0,48025.0
14,9,30,0,0,0,1,0.0,0.0,1.0,0.0,0.0,122,122,1.0,0.0,0.0,0.0,0.0,0.0,0,36910.0
47,4,1,0,0,0,2,0.0,0.0,1.0,0.0,0.0,255,2,0.01,0.7,0.0,0.0,0.0,1.0,1,83648.0
47,5,0,0,0,0,143,1.0,1.0,0.1,0.06,0.0,29,13,0.45,0.21,0.0,1.0,1.0,0.0,1,49766.0
63,5,0,0,0,0,131,1.0,1.0,0.05,0.06,0.0,255,12,0.05,0.06,0.0,1.0,1.0,0.0,1,11890.0
12,9,43,125,0,0,51,0.0,0.0,1.0,0.0,0.02,191,196,0.79,0.02,0.01,0.0,0.0,0.0,0,42395.0
12,9,46,76,0,0,300,0.0,0.0,1.0,0.0,0.0,255,216,0.85,0.01,0.0,0.0,0.0,0.0,0,47299.0
47,5,0,0,0,0,255,1.0,1.0,0.04,0.05,0.0,255,9,0.04,0.06,0.0,1.0,1.0,0.0,1,92321.0
47,5,0,0,0,0,112,1.0,1.0,0.08,0.06,0.0,255,1,0.0,0.07,0.0,1.0,1.0,0.0,1,111535.0
24,9,232,9567,0,1,1,0.0,0.0,1.0,0.0,1.0,21,255,1.0,0.0,0.02,0.0,0.0,0.0,0,7229.0
33,5,0,0,0,0,242,1.0,1.0,0.08,0.06,0.0,255,20,0.08,0.07,0.0,1.0,1.0,0.0,1,68761.0
24,9,315,318,0,1,12,0.0,0.0,1.0,0.0,0.15,177,255,1.0,0.0,0.02,0.01,0.0,0.0,0,41469.0
24,1,0,0,0,0,1,0.0,0.0,1.0,0.0,0.0,92,255,1.0,0.0,0.11,0.0,0.0,0.78,0,24316.0
24,5,0,0,0,0,19,1.0,1.0,1.0,0.0,0.0,21,19,0.9,0.1,0.0,0.9,1.0,0.0,1,26594.0
24,9,306,685,0,1,23,0.0,0.0,1.0,0.0,0.0,40,255,1.0,0.0,0.01,0.0,0.01,0.0,0,84074.0
20,5,0,0,0,0,282,1.0,1.0,0.01,0.05,0.0,255,2,0.01,0.05,0.0,1.0,1.0,0.0,1,7576.0
38,5,0,0,0,0,139,1.0,1.0,0.13,0.05,0.0,255,17,0.07,0.06,0.0,1.0,1.0,0.0,1,35154.0
5,5,0,0,0,0,290,1.0,1.0,0.07,0.06,0.0,255,20,0.08,0.07,0.0,1.0,1.0,0.0,1,12281.0
24,9,316,990,0,1,22,0.0,0.0,1.0,0.0,0.0,22,255,1.0,0.0,0.02,0.0,0.0,0.0,0,18108.0
24,9,223,1719,0,1,13,0.0,0.0,1.0,0.0,0.11,251,255,1.0,0.0,0.01,0.0,0.0,0.0,0,51180.0
47,1,0,0,0,0,1,0.0,0.0,1.0,0.0,0.0,71,2,0.01,1.0,1.0,0.0,0.0,1.0,1,123786.0
52,9,1384,324,0,1,1,0.0,0.0,1.0,0.0,1.0,5,242,1.0,0.0,0.02,0.0,0.0,0.0,0,124033.0
5,5,0,0,0,0,208,1.0,1.0,0.07,0.07,0.0,255,2,0.01,0.08,0.0,1.0,1.0,0.0,1,62853.0
47,1,0,0,0,0,68,0.0,0.0,0.16,0.07,0.0,255,11,0.04,0.06,0.0,0.0,0.0,1.0,1,94143.0
47,5,0,0,0,0,271,1.0,1.0,0.05,0.06,0.0,255,7,0.03,0.06,0.0,1.0,1.0,0.0,1,99299.0
24,9,308,1333,0,1,15,0.0,0.0,1.0,0.0,0.0,250,255,1.0,0.0,0.01,0.0,0.0,0.0,0,16768.0
47,5,0,0,0,0,272,1.0,1.0,0.0,0.06,0.0,255,3,0.01,0.06,0.0,1.0,1.0,0.0,1,59740.0
24,9,306,2880,0,1,14,0.0,0.0,1.0,0.0,0.1,255,255,1.0,0.0,0.0,0.0,0.0,0.0,0,103970.0
47,4,0,0,0,0,1,0.0,0.0,1.0,0.0,0.0,138,1,0.01,0.65,0.0,0.04,0.0,1.0,1,110553.0
20,1,0,0,0,0,116,0.0,0.0,0.02,0.07,0.0,255,2,0.01,0.07,0.0,0.0,0.0,1.0,1,836.0
27,5,0,0,0,0,253,1.0,1.0,0.06,0.07,0.0,255,15,0.06,0.07,0.0,1.0,1.0,0.0,1,81691.0
24,9,54540,8314,0,1,6,0.0,0.0,1.0,0.0,0.0,244,244,1.0,0.0,0.0,0.0,0.0,0.05,1,85506.0
11,1,0,0,0,0,243,0.0,0.0,0.05,0.06,0.0,255,11,0.04,0.06,0.0,0.0,0.0,1.0,1,104608.0
12,9,46,129,0,0,251,0.0,0.0,1.0,0.0,0.0,255,252,0.99,0.01,0.0,0.0,0.0,0.0,0,4826.0
42,1,0,0,0,0,508,0.06,0.0,0.0,1.0,0.0,255,1,0.0,1.0,0.0,0.12,0.0,1.0,1,116901.0
20,9,641,0,0,0,1,0.0,0.0,1.0,0.0,0.0,9,75,0.78,0.22,0.03,0.0,0.0,0.0,0,54555.0
47,9,105,147,0,0,2,0.0,0.0,1.0,0.0,0.0,58,20,0.34,0.05,0.0,0.0,0.0,0.0,0,18075.0
47,9,105,145,0,0,2,0.0,0.0,1.0,0.0,0.0,255,245,0.96,0.01,0.0,0.0,0.0,0.0,0,116670.0
20,9,5319,0,0,1,7,0.0,0.0,1.0,0.0,0.0,29,67,0.45,0.07,0.04,0.0,0.0,0.0,0,61873.0
22,1,0,0,0,0,511,0.11,0.0,0.0,1.0,0.0,255,1,0.0,1.0,0.0,0.1,0.0,1.0,1,123438.0
47,5,0,0,0,0,224,1.0,1.0,0.06,0.06,0.0,255,12,0.05,0.08,0.0,1.0,1.0,0.0,1,99798.0
54,4,0,0,0,0,1,0.0,0.0,1.0,0.0,0.0,70,1,0.01,0.34,0.0,0.09,0.0,1.0,1,10729.0
52,9,958,331,0,1,1,0.0,0.0,1.0,0.0,0.0,199,148,0.74,0.03,0.0,0.0,0.0,0.0,0,43054.0
24,9,201,712,0,1,2,0.0,0.0,1.0,0.0,0.1,255,255,1.0,0.0,0.0,0.0,0.0,0.0,0,85636.0
6,5,0,0,0,0,127,1.0,1.0,0.07,0.06,0.0,255,2,0.01,0.07,0.0,1.0,1.0,0.0,1,119527.0
47,5,0,0,0,0,217,1.0,1.0,0.05,0.05,0.0,77,10,0.13,0.1,0.0,0.97,1.0,0.0,1,116573.0
6,5,0,0,0,0,140,1.0,1.0,0.17,0.05,0.0,255,24,0.09,0.05,0.0,1.0,1.0,0.0,1,93251.0
6,5,0,0,0,0,19,1.0,1.0,0.21,0.16,0.0,255,4,0.02,0.07,0.0,1.0,1.0,0.0,1,41278.0
47,9,1,0,0,0,24,0.0,0.0,0.5,0.08,0.0,255,57,0.22,0.19,0.0,0.0,0.0,0.0,1,72127.0
52,9,837,336,0,1,1,0.0,0.0,1.0,0.0,1.0,86,176,0.85,0.03,0.01,0.0,0.0,0.04,0,85777.0
42,4,1,0,0,0,2,0.0,0.0,1.0,0.0,0.0,255,2,0.01,0.73,0.0,0.0,0.0,1.0,1,109943.0
12,9,43,109,0,0,60,0.0,0.0,1.0,0.0,0.01,255,232,0.91,0.01,0.0,0.0,0.0,0.0,0,90380.0
52,5,0,0,0,0,4,1.0,1.0,1.0,0.0,0.0,106,126,0.42,0.02,0.02,0.98,0.35,0.0,1,39304.0
65,5,0,0,0,0,283,1.0,1.0,0.01,0.06,0.0,255,5,0.02,0.07,0.0,1.0,1.0,0.0,1,18118.0
14,9,18,0,0,0,1,0.0,0.0,1.0,0.0,0.0,4,108,1.0,0.0,0.25,0.0,0.0,0.0,1,43536.0
20,9,641,0,0,0,2,0.0,0.0,1.0,0.0,0.0,144,123,0.31,0.03,0.02,0.0,0.0,0.0,0,110099.0
12,9,44,131,0,0,79,0.0,0.0,1.0,0.0,0.01,255,172,0.67,0.01,0.0,0.0,0.0,0.0,0,19937.0
21,5,0,0,0,0,268,1.0,1.0,0.09,0.05,0.0,255,25,0.1,0.05,0.0,1.0,1.0,0.0,1,13137.0
47,5,0,0,0,0,212,1.0,1.0,0.05,0.06,0.0,255,15,0.06,0.07,0.0,1.0,1.0,0.0,1,115427.0
24,9,207,3018,0,1,2,0.0,0.0,1.0,0.0,0.0,2,255,1.0,0.0,0.05,0.0,0.0,0.0,0,15052.0
15,9,1032,0,0,0,264,0.0,0.0,1.0,0.0,0.0,255,255,1.0,0.0,0.0,0.0,0.0,0.0,1,63573.0
47,5,0,0,0,0,82,1.0,1.0,0.11,0.06,0.0,255,14,0.05,0.06,0.0,1.0,1.0,0.0,1,55864.0
47,1,0,0,0,0,1,0.0,0.0,1.0,0.0,0.0,43,2,0.02,1.0,1.0,0.0,0.0,1.0,1,56516.0
42,9,147,105,0,0,1,0.0,0.0,1.0,0.0,0.0,255,1,0.0,0.85,0.0,0.0,0.0,0.0,0,86150.0
24,9,142,20473,0,1,1,0.0,0.0,1.0,0.0,0.0,1,255,1.0,0.0,0.03,0.0,0.0,0.0,0,53733.0
42,9,516,4,0,0,357,0.0,0.0,1.0,0.0,0.0,255,255,1.0,0.0,0.0,0.0,0.0,0.0,0,76779.0
24,9,210,6745,0,1,67,0.0,0.0,1.0,0.0,0.0,68,255,1.0,0.0,0.03,0.0,0.0,0.0,0,118120.0
24,9,230,1721,0,1,8,0.0,0.0,1.0,0.0,0.11,255,255,1.0,0.0,0.0,0.0,0.0,0.0,0,41232.0
19,9,1224,2449,0,1,1,0.0,0.0,1.0,0.0,0.0,255,62,0.24,0.02,0.0,0.0,0.0,0.0,1,63980.0
24,9,233,1114,0,1,3,0.0,0.0,1.0,0.0,0.0,7,255,1.0,0.0,0.03,0.0,0.0,0.0,0,70687.0
24,9,323,954,0,1,5,0.0,0.08,1.0,0.0,0.17,76,255,1.0,0.0,0.04,0.0,0.0,0.0,0,115373.0
12,9,44,80,0,0,313,0.0,0.0,1.0,0.0,0.0,255,254,1.0,0.01,0.0,0.0,0.0,0.0,0,59807.0
20,9,334,0,0,1,2,0.0,0.0,1.0,0.0,0.0,8,42,1.0,0.0,0.14,0.0,0.0,0.0,1,110089.0
24,9,359,1738,0,1,11,0.0,0.0,1.0,0.0,0.0,255,255,1.0,0.0,0.0,0.0,0.0,0.0,0,64278.0
47,1,0,0,0,0,159,0.05,0.0,0.01,1.0,0.0,255,1,0.0,0.8,0.0,0.03,0.0,1.0,1,26731.0
45,5,0,0,0,0,260,1.0,1.0,0.03,0.06,0.0,255,9,0.04,0.06,0.0,1.0,1.0,0.0,1,80169.0
24,9,285,4065,0,1,7,0.0,0.0,1.0,0.0,0.0,7,255,1.0,0.0,0.03,0.0,0.0,0.0,0,88790.0
24,9,156,6046,0,1,1,0.0,0.0,1.0,0.0,0.23,3,231,1.0,0.0,0.06,0.33,0.0,0.0,0,66211.0
27,5,0,0,0,0,244,1.0,1.0,0.04,0.06,0.0,255,9,0.04,0.06,0.0,1.0,1.0,0.0,1,51472.0
24,9,221,8440,0,1,16,0.0,0.0,1.0,0.0,0.19,16,255,1.0,0.0,0.06,0.0,0.0,0.0,0,4514.0
47,5,0,0,0,0,144,1.0,1.0,0.08,0.06,0.0,255,2,0.01,0.08,0.0,1.0,1.0,0.0,1,35578.0
24,9,317,1927,0,1,20,0.0,0.0,1.0,0.0,0.1,119,255,1.0,0.0,0.03,0.0,0.0,0.0,0,23730.0
12,9,136,43,0,0,284,0.0,0.0,1.0,0.01,0.0,173,140,0.81,0.01,0.0,0.0,0.0,0.0,0,34658.0
58,5,0,0,0,0,26,1.0,1.0,0.23,0.15,0.0,255,47,0.18,0.05,0.0,1.0,1.0,0.0,1,61435.0
23,5,0,0,0,0,197,1.0,1.0,0.01,0.07,0.0,255,2,0.01,0.08,0.0,1.0,1.0,0.0,1,120698.0
4,1,0,0,0,0,178,0.0,0.0,0.11,0.07,0.0,255,20,0.08,0.06,0.0,0.0,0.0,1.0,1,37037.0
2,5,0,0,0,0,233,1.0,1.0,0.07,0.05,0.0,255,16,0.06,0.05,0.0,1.0,1.0,0.0,1,123441.0
24,9,218,14638,0,1,4,0.0,0.0,1.0,0.0,0.0,255,255,1.0,0.0,0.0,0.0,0.0,0.0,0,41345.0
24,9,250,617,0,1,16,0.0,0.0,1.0,0.0,0.0,255,255,1.0,0.0,0.0,0.0,0.0,0.0,0,42036.0
47,4,0,0,0,0,1,0.0,0.0,1.0,0.0,0.0,255,1,0.0,0.69,0.0,0.0,0.0,1.0,1,107693.0
24,9,206,1694,0,1,7,0.0,0.0,1.0,0.0,0.11,41,255,1.0,0.0,0.02,0.0,0.0,0.0,0,32727.0
9,5,0,0,0,0,294,1.0,1.0,0.01,0.05,0.0,255,2,0.01,0.05,0.0,1.0,1.0,0.0,1,105558.0
14,9,8,0,0,0,1,0.0,0.0,1.0,0.0,1.0,4,144,1.0,0.0,0.25,0.0,0.0,0.0,1,27984.0
47,5,0,0,0,0,272,1.0,1.0,0.05,0.06,0.0,255,8,0.03,0.08,0.0,1.0,1.0,0.0,1,97019.0
34,5,0,0,0,0,116,1.0,1.0,0.01,0.07,0.0,255,1,0.0,0.08,0.0,1.0,1.0,0.0,1,33652.0
27,5,0,0,0,0,232,1.0,1.0,0.04,0.07,0.0,255,10,0.04,0.07,0.0,1.0,1.0,0.0,1,60190.0
12,9,45,139,0,0,283,0.0,0.0,1.0,0.0,0.0,255,251,0.98,0.01,0.0,0.0,0.0,0.0,0,37568.0
20,9,1030,0,0,1,4,0.0,0.0,1.0,0.0,0.0,116,85,0.25,0.03,0.02,0.0,0.0,0.0,0,41003.0
24,1,0,0,0,0,1,0.0,0.0,1.0,0.0,0.0,3,223,1.0,0.0,0.14,0.0,0.0,0.97,0,94628.0
58,5,0,0,0,0,23,1.0,1.0,0.22,0.17,0.0,255,59,0.23,0.04,0.0,1.0,1.0,0.0,1,124089.0
12,9,46,112,0,0,78,0.0,0.0,1.0,0.0,0.01,255,237,0.93,0.01,0.0,0.0,0.0,0.0,0,4520.0
20,9,59,0,0,0,12,0.0,0.0,1.0,0.0,0.0,96,105,0.48,0.04,0.02,0.0,0.0,0.0,0,76023.0
6,1,0,0,0,0,129,0.0,0.0,0.05,0.07,0.0,255,6,0.02,0.07,0.0,0.0,0.0,1.0,1,60083.0
47,4,1,0,0,0,2,0.0,0.0,1.0,0.0,0.0,255,2,0.01,0.51,0.0,0.0,0.0,1.0,1,98224.0
12,9,17,17,0,0,1,0.0,0.0,1.0,0.0,0.0,255,250,0.98,0.01,0.0,0.0,0.0,0.0,0,21606.0
47,9,1,0,0,0,122,0.0,0.0,0.92,0.02,0.0,255,180,0.71,0.04,0.0,0.0,0.0,0.0,1,54428.0
24,9,218,5280,0,1,8,0.0,0.0,1.0,0.0,0.0,255,255,1.0,0.0,0.0,0.0,0.0,0.0,0,125820.0
7,1,0,0,0,0,236,0.0,0.0,0.05,0.07,0.0,255,11,0.04,0.07,0.0,0.0,0.0,1.0,1,103846.0
64,5,0,0,0,0,279,1.0,1.0,0.06,0.06,0.0,255,17,0.07,0.06,0.0,1.0,1.0,0.0,1,95838.0
24,9,237,421,0,1,4,0.0,0.0,1.0,0.0,0.0,6,13,1.0,0.0,0.23,0.17,0.08,0.0,0,31155.0
26,1,0,0,0,0,284,0.0,0.0,0.05,0.06,0.0,255,15,0.06,0.08,0.0,0.0,0.0,1.0,1,125691.0
47,4,0,0,0,0,1,0.0,0.0,1.0,0.0,0.0,197,1,0.01,0.76,0.0,0.03,0.0,1.0,1,57130.0
24,9,266,438,0,1,23,0.0,0.0,1.0,0.0,0.0,255,255,1.0,0.0,0.0,0.0,0.0,0.0,0,101937.0
18,5,0,0,0,0,285,1.0,1.0,0.07,0.06,0.0,255,19,0.07,0.06,0.0,1.0,1.0,0.0,1,93284.0
12,9,44,127,0,0,89,0.0,0.0,1.0,0.0,0.01,255,253,0.99,0.01,0.0,0.0,0.0,0.0,0,12237.0
24,1,0,0,0,0,1,0.0,0.0,1.0,0.0,1.0,4,253,1.0,0.0,0.17,0.0,0.0,1.0,0,84678.0
24,9,230,241,0,1,3,0.0,0.0,1.0,0.0,0.12,29,255,1.0,0.0,0.05,0.0,0.0,0.01,0,105253.0
60,9,0,4,0,0,1,0.0,0.0,1.0,0.0,0.0,13,13,1.0,0.0,0.0,0.0,0.0,0.0,0,112873.0
36,5,0,0,0,0,228,1.0,1.0,0.09,0.06,0.0,255,20,0.08,0.07,0.0,1.0,1.0,0.0,1,98485.0
25,1,0,0,0,0,113,0.0,0.0,0.12,0.06,0.0,255,13,0.05,0.05,0.0,0.0,0.0,1.0,1,61829.0
20,5,0,0,0,0,34,1.0,1.0,0.24,0.12,0.0,116,60,0.24,0.03,0.03,0.98,0.47,0.0,1,116377.0
47,5,0,0,0,0,58,1.0,1.0,0.24,0.09,0.0,255,15,0.06,0.08,0.0,1.0,1.0,0.0,1,106082.0
12,9,46,80,0,0,107,0.0,0.0,1.0,0.0,0.0,255,254,1.0,0.01,0.0,0.0,0.0,0.0,0,58521.0
52,9,767,337,0,1,1,0.0,0.0,1.0,0.0,1.0,17,140,0.65,0.12,0.01,0.0,0.0,0.06,0,100713.0
42,1,0,0,0,0,508,0.07,0.0,0.0,1.0,0.0,255,1,0.0,1.0,0.0,0.04,0.0,1.0,1,60398.0
14,9,18,0,0,0,1,0.0,0.0,1.0,0.0,0.0,1,29,1.0,0.0,1.0,0.0,0.0,0.0,1,56634.0
42,1,0,0,0,0,509,0.16,0.0,0.0,1.0,0.0,255,1,0.0,1.0,0.0,0.16,0.0,1.0,1,9478.0
47,5,0,0,0,0,188,1.0,1.0,0.01,0.06,0.0,255,16,0.06,0.07,0.0,1.0,1.0,0.0,1,106668.0
13,5,0,0,0,0,175,1.0,1.0,0.02,0.06,0.0,255,4,0.02,0.07,0.0,1.0,1.0,0.0,1,91103.0
47,1,0,0,0,0,59,0.0,0.0,0.02,1.0,0.0,181,1,0.01,0.39,0.0,0.0,0.0,1.0,1,11579.0
24,9,232,2084,0,1,4,0.0,0.0,1.0,0.0,0.08,11,255,1.0,0.0,0.01,0.0,0.0,0.0,0,106504.0
15,9,1032,0,0,0,307,0.0,0.0,1.0,0.0,0.0,149,55,0.37,0.05,0.0,0.01,0.0,0.0,1,30986.0
24,9,200,1449,0,1,2,0.0,0.0,1.0,0.0,0.0,2,2,1.0,0.0,0.0,0.0,0.0,0.0,0,16737.0
12,9,43,109,0,0,286,0.0,0.0,1.0,0.0,0.0,255,251,0.98,0.01,0.0,0.0,0.0,0.0,0,74349.0
24,9,235,13668,0,1,29,0.0,0.0,1.0,0.0,0.0,255,255,1.0,0.0,0.0,0.0,0.0,0.0,0,119590.0
52,6,0,0,0,0,1,1.0,0.33,1.0,0.0,1.0,84,148,0.82,0.04,0.01,0.02,0.01,0.0,0,3983.0
42,1,0,0,0,0,510,0.06,0.0,0.0,0.96,0.0,255,1,0.0,1.0,0.0,0.04,0.0,1.0,1,59552.0
14,9,8,0,0,0,1,0.0,0.0,1.0,0.0,1.0,1,125,1.0,0.0,0.5,0.0,0.0,0.0,1,78454.0
24,9,317,564,0,1,1,0.0,0.0,1.0,0.0,0.0,44,255,1.0,0.0,0.12,0.0,0.0,0.74,0,33584.0
58,9,866,21892,0,1,1,0.0,0.0,1.0,0.0,0.0,255,1,0.0,0.02,0.0,0.0,0.0,0.0,0,41443.0
47,5,0,0,0,0,129,1.0,1.0,0.14,0.06,0.0,255,19,0.07,0.06,0.0,1.0,1.0,0.0,1,14414.0
8,5,0,0,0,0,252,1.0,1.0,0.03,0.06,0.0,255,20,0.08,0.07,0.0,1.0,1.0,0.0,1,42254.0
24,9,258,2230,0,1,16,0.0,0.0,1.0,0.0,0.0,255,255,1.0,0.0,0.0,0.0,0.0,0.0,0,56382.0
24,9,346,269,0,1,18,0.0,0.02,1.0,0.0,0.16,255,255,1.0,0.0,0.0,0.0,0.0,0.0,0,111140.0
18,5,0,0,0,0,42,1.0,1.0,0.38,0.1,0.0,255,76,0.3,0.02,0.0,1.0,1.0,0.0,1,25338.0
36,5,0,0,0,0,237,1.0,1.0,0.03,0.07,0.0,255,6,0.02,0.08,0.0,1.0,1.0,0.0,1,54152.0
47,5,0,0,0,0,206,1.0,1.0,0.06,0.07,0.0,255,27,0.11,0.07,0.0,1.0,1.0,0.0,1,60660.0
24,9,327,2465,0,1,26,0.0,0.0,1.0,0.0,0.07,255,255,1.0,0.0,0.0,0.0,0.0,0.0,0,61450.0
42,9,19,4,0,0,2,0.0,0.0,0.5,1.0,0.0,255,1,0.0,0.02,0.0,0.0,0.0,0.0,0,63380.0
24,9,240,257,0,1,1,0.0,0.0,1.0,0.0,0.0,4,255,1.0,0.0,0.04,0.25,0.01,0.0,0,43080.0
12,9,44,132,0,0,77,0.0,0.0,1.0,0.0,0.01,255,240,0.94,0.01,0.0,0.0,0.0,0.0,0,78110.0
24,9,353,269,0,1,11,0.0,0.0,1.0,0.0,0.14,12,247,1.0,0.0,0.11,0.0,0.0,0.7,0,114885.0
24,9,304,1718,0,1,10,0.0,0.0,1.0,0.0,0.0,187,255,1.0,0.0,0.01,0.0,0.0,0.0,0,62295.0
47,5,0,0,0,0,109,1.0,1.0,0.15,0.08,0.0,255,12,0.05,0.09,0.0,1.0,1.0,0.0,1,36944.0
14,9,8,0,0,0,1,0.0,0.0,1.0,0.0,1.0,2,70,1.0,0.0,0.5,0.0,0.0,0.0,1,103215.0
34,1,0,0,0,0,103,0.0,0.0,0.19,0.07,0.0,255,13,0.05,0.07,0.0,0.0,0.0,1.0,1,49260.0
24,9,226,2402,0,1,15,0.0,0.0,1.0,0.0,0.0,255,255,1.0,0.0,0.0,0.0,0.0,0.0,0,121453.0
6,5,0,0,0,0,112,1.0,1.0,0.1,0.06,0.0,255,11,0.04,0.06,0.0,1.0,1.0,0.0,1,107311.0
58,5,0,0,0,0,30,0.97,1.0,0.3,0.1,0.0,255,19,0.07,0.05,0.0,1.0,1.0,0.0,1,65977.0
24,9,329,27677,0,1,18,0.0,0.0,1.0,0.0,0.08,242,255,1.0,0.0,0.01,0.0,0.0,0.0,0,115547.0
24,9,306,3222,0,1,3,0.0,0.0,1.0,0.0,0.0,255,246,0.96,0.01,0.0,0.0,0.0,0.0,0,74671.0
24,9,262,4928,0,1,4,0.25,0.25,1.0,0.0,0.0,180,255,1.0,0.0,0.01,0.02,0.01,0.0,0,101614.0
12,9,44,132,0,0,66,0.0,0.0,1.0,0.0,0.01,255,255,1.0,0.0,0.0,0.0,0.0,0.0,0,15815.0
24,9,158,12234,0,1,7,0.0,0.0,1.0,0.0,0.0,33,33,1.0,0.0,0.0,0.0,0.0,0.0,0,19273.0
20,9,334,0,0,1,1,0.0,0.0,1.0,0.0,0.0,7,15,1.0,0.0,0.2,0.0,0.0,0.0,1,9129.0
65,5,0,0,0,0,201,1.0,1.0,0.0,0.06,0.0,255,1,0.0,0.07,0.0,1.0,1.0,0.0,1,60528.0
24,9,301,458,0,1,1,0.0,0.0,1.0,0.0,0.0,26,255,1.0,0.0,0.02,0.0,0.0,0.0,0,18597.0
12,9,44,127,0,0,113,0.0,0.0,1.0,0.0,0.01,255,255,1.0,0.0,0.0,0.0,0.0,0.0,0,54358.0
65,5,0,0,0,0,270,1.0,1.0,0.02,0.06,0.0,255,13,0.05,0.07,0.0,1.0,1.0,0.0,1,67731.0
20,9,2194619,0,0,1,2,0.0,0.0,1.0,0.0,0.0,40,62,0.57,0.08,0.03,0.0,0.0,0.0,0,29381.0
24,9,54540,8314,0,1,2,0.0,0.0,1.0,0.0,0.0,172,172,1.0,0.0,0.0,0.0,0.0,0.01,1,27194.0
47,5,0,0,0,0,264,1.0,1.0,0.06,0.06,0.0,255,14,0.05,0.08,0.0,1.0,1.0,0.0,1,50537.0
14,9,8,0,0,0,1,0.0,0.0,1.0,0.0,1.0,1,37,1.0,0.0,0.51,0.0,0.0,0.0,1,92584.0
24,9,318,492,0,1,27,0.0,0.0,1.0,0.0,0.12,255,255,1.0,0.0,0.0,0.0,0.0,0.0,0,88229.0
20,9,35195,0,0,1,4,0.0,0.0,1.0,0.0,0.0,42,87,0.45,0.07,0.02,0.0,0.0,0.0,0,114555.0
2,1,0,0,0,0,112,0.0,0.0,0.17,0.05,0.0,255,19,0.07,0.07,0.0,0.0,0.0,1.0,1,103428.0
24,9,296,188,0,1,1,0.0,0.0,1.0,0.0,0.2,52,255,1.0,0.0,0.03,0.0,0.02,0.02,0,85258.0
6,5,0,0,0,0,102,1.0,1.0,0.02,0.05,0.0,255,2,0.01,0.05,0.0,1.0,1.0,0.0,1,72456.0
15,9,520,0,0,0,220,0.0,0.0,1.0,0.0,0.0,255,255,1.0,0.0,0.0,0.0,0.0,0.0,1,119420.0
12,9,45,135,0,0,75,0.0,0.0,1.0,0.0,0.01,255,254,1.0,0.01,0.0,0.0,0.0,0.0,0,35291.0
42,9,146,105,0,0,1,0.0,0.0,1.0,0.0,0.0,255,1,0.0,0.77,0.0,0.0,0.0,0.0,0,94583.0
24,9,148,559,0,1,1,0.0,0.0,1.0,0.0,0.0,5,255,1.0,0.0,0.06,0.0,0.0,0.0,0,71834.0
9,5,0,0,0,0,299,1.0,1.0,0.06,0.06,0.0,255,7,0.03,0.08,0.0,1.0,1.0,0.0,1,108653.0
28,1,0,0,0,0,147,0.0,0.0,0.13,0.05,0.0,255,19,0.07,0.06,0.0,0.0,0.0,1.0,1,118652.0
5,5,0,0,0,0,193,1.0,1.0,0.02,0.06,0.0,255,17,0.07,0.09,0.0,1.0,1.0,0.0,1,55989.0
52,9,0,89,0,1,1,0.0,0.0,1.0,0.0,0.0,6,100,0.17,1.0,0.03,0.0,0.0,0.0,1,4547.0
12,9,45,118,0,0,245,0.0,0.0,1.0,0.0,0.01,255,202,0.79,0.01,0.0,0.0,0.0,0.0,0,19067.0
47,9,1,0,0,0,126,0.0,0.0,0.71,0.05,0.0,255,146,0.57,0.05,0.0,0.0,0.0,0.0,1,28598.0
24,9,310,314,0,1,8,0.0,0.0,1.0,0.0,0.0,255,255,1.0,0.0,0.0,0.0,0.0,0.0,0,94457.0
42,5,0,0,0,0,479,0.08,1.0,0.0,0.95,0.0,255,1,0.0,0.92,0.0,0.1,1.0,0.0,1,15295.0
47,1,0,0,0,0,398,0.0,0.0,0.0,0.52,0.0,255,1,0.0,0.52,0.0,0.0,0.0,1.0,1,14115.0
14,9,8,0,0,0,1,0.0,0.0,1.0,0.0,1.0,1,155,1.0,0.0,0.5,0.0,0.0,0.0,1,66311.0
64,1,0,0,0,0,213,0.0,0.0,0.03,0.07,0.0,255,7,0.03,0.07,0.0,0.0,0.0,1.0,1,42584.0
30,5,0,0,0,0,131,1.0,1.0,0.02,0.06,0.0,255,17,0.07,0.08,0.0,1.0,1.0,0.0,1,47288.0
47,1,0,0,0,0,102,0.0,0.0,0.02,0.07,0.0,255,22,0.09,0.07,0.0,0.0,0.0,1.0,1,12315.0
47,5,0,0,0,0,132,1.0,1.0,0.05,0.07,0.0,255,9,0.04,0.07,0.0,1.0,1.0,0.0,1,12770.0
24,9,296,8422,0,1,10,0.0,0.0,1.0,0.0,0.0,180,255,1.0,0.0,0.02,0.0,0.0,0.0,0,21137.0
24,9,327,1811,0,1,2,0.0,0.0,1.0,0.0,0.67,7,255,1.0,0.0,0.04,0.0,0.0,0.0,0,10459.0
54,5,0,0,0,0,278,1.0,1.0,0.01,0.05,0.0,255,2,0.01,0.05,0.0,1.0,1.0,0.0,1,107101.0
58,5,0,0,0,0,41,1.0,1.0,0.24,0.1,0.0,255,59,0.23,0.04,0.0,1.0,1.0,0.0,1,53776.0
52,9,2049,332,0,1,1,0.0,0.0,1.0,0.0,0.0,191,170,0.62,0.04,0.01,0.01,0.01,0.0,0,80591.0
