service,flag,src_bytes,dst_bytes,wrong_fragment,logged_in,count,serror_rate,srv_serror_rate,same_srv_rate,diff_srv_rate,srv_diff_host_rate,dst_host_count,dst_host_srv_count,dst_host_same_srv_rate,dst_host_diff_srv_rate,dst_host_srv_diff_host_rate,dst_host_serror_rate,dst_host_srv_serror_rate,dst_host_srv_rerror_rate,classe,posicaoOriginal
11.0,9.0,101.0,44.0,0.0,0.0,3.0,0.0,0.0,1.0,0.0,0.0,114.0,83.0,0.73,0.04,0.0,0.0,0.0,0.0,0.0,74802.0
19.0,9.0,175337.0,0.0,0.0,0.0,2.0,0.0,0.0,1.0,0.0,0.0,13.0,92.0,0.46,0.31,0.02,0.0,0.0,0.0,0.0,32131.0
22.0,9.0,283.0,1476.0,0.0,1.0,2.0,0.0,0.0,1.0,0.0,0.0,69.0,255.0,1.0,0.0,0.05,0.0,0.0,0.0,0.0,36969.0
40.0,9.0,146.0,105.0,0.0,0.0,4.0,0.0,0.0,0.5,0.5,0.0,255.0,2.0,0.01,0.68,0.0,0.0,0.0,0.0,0.0,113066.0
40.0,9.0,147.0,0.0,0.0,0.0,5.0,0.0,0.0,0.2,0.6,0.0,255.0,1.0,0.0,0.15,0.0,0.0,0.0,0.0,0.0,69842.0
11.0,9.0,46.0,46.0,0.0,0.0,106.0,0.0,0.0,1.0,0.0,0.01,255.0,255.0,1.0,0.0,0.0,0.0,0.0,0.0,0.0,88857.0
22.0,9.0,303.0,1783.0,0.0,1.0,10.0,0.0,0.0,1.0,0.0,0.0,10.0,83.0,1.0,0.0,0.1,0.0,0.0,0.02,0.0,20249.0
22.0,9.0,217.0,768.0,0.0,1.0,37.0,0.0,0.0,1.0,0.0,0.0,255.0,255.0,1.0,0.0,0.0,0.0,0.0,0.0,0.0,71598.0
22.0,9.0,269.0,9287.0,0.0,1.0,3.0,0.0,0.0,1.0,0.0,0.0,7.0,255.0,1.0,0.0,0.03,0.0,0.01,0.0,0.0,105345.0
22.0,9.0,214.0,3505.0,0.0,1.0,8.0,0.0,0.0,1.0,0.0,0.14,41.0,255.0,1.0,0.0,0.01,0.0,0.0,0.0,0.0,9584.0
22.0,9.0,208.0,3410.0,0.0,1.0,17.0,0.0,0.0,1.0,0.0,0.0,255.0,255.0,1.0,0.0,0.0,0.0,0.0,0.0,0.0,109201.0
22.0,1.0,0.0,0.0,0.0,0.0,1.0,0.0,0.0,1.0,0.0,0.0,12.0,51.0,1.0,0.0,0.24,0.0,0.0,0.98,0.0,19879.0
22.0,9.0,215.0,655.0,0.0,1.0,33.0,0.0,0.0,1.0,0.0,0.05,255.0,255.0,1.0,0.0,0.0,0.0,0.0,0.0,0.0,90064.0
55.0,9.0,931.0,12540.0,0.0,1.0,1.0,0.0,0.0,1.0,0.0,0.0,92.0,14.0,0.15,0.05,0.0,0.0,0.0,0.0,0.0,32944.0
49.0,9.0,1219.0,329.0,0.0,1.0,1.0,0.0,0.0,1.0,0.0,1.0,217.0,102.0,0.35,0.03,0.02,0.0,0.01,0.0,0.0,55924.0
11.0,9.0,45.0,132.0,0.0,0.0,306.0,0.0,0.0,1.0,0.0,0.0,255.0,251.0,0.98,0.01,0.0,0.0,0.0,0.0,0.0,82150.0
22.0,9.0,249.0,8825.0,0.0,1.0,1.0,0.0,0.0,1.0,0.0,0.36,157.0,255.0,1.0,0.0,0.01,0.0,0.0,0.0,0.0,29602.0
22.0,9.0,255.0,650.0,0.0,1.0,19.0,0.0,0.0,1.0,0.0,0.1,255.0,255.0,1.0,0.0,0.0,0.0,0.0,0.0,0.0,10639.0
42.0,9.0,35.0,130.0,0.0,1.0,2.0,0.0,0.0,0.5,1.0,0.0,125.0,2.0,0.02,0.04,0.0,0.0,0.0,0.0,0.0,18361.0
22.0,9.0,214.0,2028.0,0.0,1.0,7.0,0.0,0.0,1.0,0.0,0.0,255.0,255.0,1.0,0.0,0.0,0.0,0.0,0.0,0.0,85673.0
19.0,9.0,748.0,0.0,0.0,1.0,1.0,0.0,0.0,1.0,0.0,0.0,255.0,77.0,0.3,0.02,0.0,0.0,0.0,0.0,0.0,31079.0
22.0,9.0,252.0,3202.0,0.0,1.0,5.0,0.0,0.0,1.0,0.0,0.0,40.0,255.0,1.0,0.0,0.04,0.0,0.0,0.0,0.0,76434.0
22.0,9.0,310.0,1408.0,0.0,1.0,14.0,0.0,0.0,1.0,0.0,0.0,255.0,255.0,1.0,0.0,0.0,0.0,0.0,0.0,0.0,93431.0
11.0,9.0,46.0,131.0,0.0,0.0,79.0,0.0,0.0,1.0,0.0,0.01,255.0,254.0,1.0,0.01,0.0,0.0,0.0,0.0,0.0,54253.0
22.0,9.0,256.0,1585.0,0.0,1.0,11.0,0.0,0.0,1.0,0.0,0.0,39.0,255.0,1.0,0.0,0.06,0.0,0.0,0.0,0.0,112434.0
11.0,9.0,44.0,128.0,0.0,0.0,133.0,0.0,0.0,1.0,0.0,0.01,255.0,255.0,1.0,0.0,0.0,0.0,0.0,0.0,0.0,49578.0
22.0,9.0,236.0,310.0,0.0,1.0,3.0,0.0,0.0,1.0,0.0,0.0,255.0,255.0,1.0,0.0,0.0,0.0,0.0,0.0,0.0,115629.0
55.0,9.0,248.0,8775.0,0.0,1.0,1.0,0.0,0.0,1.0,0.0,0.0,153.0,13.0,0.08,0.03,0.0,0.0,0.0,0.08,0.0,78102.0
19.0,9.0,67816.0,0.0,0.0,1.0,1.0,0.0,0.0,1.0,0.0,0.0,255.0,10.0,0.04,0.47,0.0,0.0,0.0,0.0,0.0,85346.0
22.0,1.0,0.0,0.0,0.0,0.0,1.0,0.0,0.0,1.0,0.0,0.0,23.0,29.0,1.0,0.0,0.14,0.0,0.0,1.0,0.0,14223.0
11.0,9.0,44.0,44.0,0.0,0.0,199.0,0.0,0.0,0.99,0.01,0.0,255.0,254.0,1.0,0.01,0.0,0.0,0.0,0.0,0.0,123893.0
49.0,9.0,2220.0,396.0,0.0,1.0,1.0,0.0,0.0,1.0,0.0,1.0,99.0,179.0,0.84,0.06,0.01,0.02,0.01,0.0,0.0,108032.0
11.0,9.0,45.0,72.0,0.0,0.0,264.0,0.0,0.0,1.0,0.01,0.01,255.0,254.0,1.0,0.01,0.0,0.0,0.0,0.0,0.0,62032.0
40.0,9.0,146.0,105.0,0.0,0.0,4.0,0.0,0.0,0.5,0.5,0.0,255.0,2.0,0.01,0.82,0.0,0.0,0.0,0.0,0.0,51606.0
19.0,9.0,11.0,0.0,0.0,1.0,1.0,0.0,0.0,1.0,0.0,0.0,4.0,91.0,1.0,0.0,0.02,0.0,0.0,0.0,0.0,25892.0
40.0,9.0,516.0,4.0,0.0,0.0,192.0,0.0,0.0,1.0,0.0,0.0,192.0,192.0,1.0,0.0,0.0,0.0,0.0,0.0,0.0,65139.0
22.0,9.0,297.0,2794.0,0.0,1.0,17.0,0.0,0.0,1.0,0.0,0.0,255.0,255.0,1.0,0.0,0.0,0.0,0.0,0.0,0.0,11126.0
22.0,1.0,0.0,0.0,0.0,0.0,1.0,0.0,0.0,1.0,0.0,0.0,38.0,223.0,1.0,0.0,0.14,0.0,0.0,0.97,0.0,83594.0
11.0,9.0,44.0,74.0,0.0,0.0,190.0,0.0,0.0,1.0,0.0,0.0,255.0,206.0,0.81,0.01,0.0,0.0,0.0,0.0,0.0,74060.0
22.0,9.0,178.0,833.0,0.0,1.0,5.0,0.0,0.0,1.0,0.0,0.0,47.0,255.0,1.0,0.0,0.02,0.0,0.0,0.0,0.0,39489.0
22.0,9.0,205.0,528.0,0.0,1.0,2.0,0.0,0.0,1.0,0.0,0.67,37.0,255.0,1.0,0.0,0.03,0.0,0.0,0.01,0.0,72378.0
22.0,5.0,0.0,0.0,0.0,0.0,2.0,0.5,0.5,1.0,0.0,0.5,184.0,255.0,1.0,0.0,0.02,0.01,0.0,0.0,0.0,75298.0
22.0,9.0,211.0,527.0,0.0,1.0,17.0,0.0,0.0,1.0,0.0,0.11,255.0,255.0,1.0,0.0,0.0,0.0,0.0,0.0,0.0,94454.0
22.0,9.0,260.0,419.0,0.0,1.0,1.0,0.0,0.0,1.0,0.0,0.33,4.0,4.0,1.0,0.0,0.0,0.0,0.0,0.0,0.0,6792.0
22.0,9.0,260.0,50154.0,0.0,1.0,1.0,0.0,0.0,1.0,0.0,1.0,235.0,255.0,1.0,0.0,0.01,0.0,0.0,0.02,0.0,72266.0
19.0,1.0,0.0,0.0,0.0,0.0,1.0,0.0,0.0,1.0,0.0,0.0,1.0,40.0,1.0,0.0,0.08,0.0,0.0,0.05,1.0,16208.0
11.0,9.0,45.0,130.0,0.0,0.0,43.0,0.0,0.0,1.0,0.0,0.02,233.0,171.0,0.73,0.02,0.0,0.0,0.0,0.0,0.0,971.0
49.0,9.0,662.0,338.0,0.0,1.0,1.0,0.0,0.0,1.0,0.0,0.0,53.0,111.0,0.45,0.09,0.02,0.0,0.0,0.0,0.0,119938.0
19.0,9.0,74.0,0.0,0.0,1.0,1.0,0.0,0.0,1.0,0.0,0.0,39.0,63.0,0.77,0.05,0.05,0.0,0.02,0.0,0.0,61993.0
22.0,9.0,332.0,457.0,0.0,1.0,1.0,0.0,0.0,1.0,0.0,0.0,4.0,255.0,1.0,0.0,0.01,0.0,0.0,0.0,0.0,85562.0
22.0,9.0,205.0,27280.0,0.0,1.0,2.0,0.0,0.0,1.0,0.0,0.67,2.0,255.0,1.0,0.0,0.02,0.0,0.0,0.0,0.0,111317.0
11.0,9.0,45.0,45.0,0.0,0.0,16.0,0.0,0.0,1.0,0.0,0.0,255.0,253.0,0.99,0.01,0.0,0.0,0.0,0.0,0.0,19020.0
22.0,9.0,212.0,259.0,0.0,1.0,32.0,0.0,0.0,1.0,0.0,0.0,255.0,255.0,1.0,0.0,0.0,0.0,0.0,0.0,0.0,67578.0
22.0,9.0,289.0,406.0,0.0,1.0,8.0,0.0,0.0,1.0,0.0,0.25,255.0,255.0,1.0,0.0,0.0,0.0,0.0,0.0,0.0,111224.0
55.0,9.0,138.0,3029.0,0.0,1.0,1.0,0.0,0.0,1.0,0.0,0.0,1.0,2.0,1.0,0.0,1.0,0.0,0.0,0.0,0.0,97464.0
22.0,9.0,346.0,1062.0,0.0,1.0,2.0,0.0,0.0,1.0,0.0,0.67,11.0,255.0,1.0,0.0,0.06,0.0,0.0,0.0,0.0,34700.0
22.0,9.0,245.0,1713.0,0.0,1.0,9.0,0.0,0.0,1.0,0.0,0.0,235.0,255.0,1.0,0.0,0.01,0.0,0.0,0.0,0.0,47559.0
22.0,9.0,237.0,7125.0,0.0,1.0,1.0,0.0,0.0,1.0,0.0,1.0,255.0,255.0,1.0,0.0,0.0,0.0,0.0,0.0,0.0,102659.0
18.0,9.0,1174.0,2447.0,0.0,1.0,1.0,0.0,0.0,1.0,0.0,0.0,255.0,125.0,0.49,0.02,0.0,0.0,0.0,0.0,1.0,100456.0
22.0,9.0,226.0,851.0,0.0,1.0,4.0,0.0,0.0,1.0,0.0,0.0,146.0,255.0,1.0,0.0,0.04,0.01,0.01,0.0,0.0,69674.0
22.0,9.0,311.0,5973.0,0.0,1.0,5.0,0.0,0.0,1.0,0.0,0.0,5.0,255.0,1.0,0.0,0.08,0.0,0.01,0.0,0.0,40434.0
40.0,9.0,516.0,4.0,0.0,0.0,242.0,0.0,0.0,1.0,0.0,0.0,242.0,242.0,1.0,0.0,0.0,0.0,0.0,0.0,0.0,41855.0
22.0,9.0,301.0,33616.0,0.0,1.0,1.0,0.0,0.0,1.0,0.0,0.22,18.0,255.0,1.0,0.0,0.06,0.0,0.0,0.0,0.0,125241.0
44.0,9.0,105.0,105.0,0.0,0.0,10.0,0.0,0.0,0.1,0.2,0.0,255.0,239.0,0.94,0.01,0.0,0.0,0.0,0.0,0.0,21317.0
22.0,9.0,232.0,10104.0,0.0,1.0,7.0,0.0,0.0,1.0,0.0,0.0,250.0,255.0,1.0,0.0,0.02,0.0,0.0,0.0,0.0,35132.0
22.0,9.0,297.0,12884.0,0.0,1.0,10.0,0.0,0.0,1.0,0.0,0.0,71.0,71.0,1.0,0.0,0.0,0.0,0.0,0.0,0.0,96444.0
22.0,9.0,278.0,563.0,0.0,1.0,6.0,0.0,0.0,1.0,0.0,0.14,6.0,255.0,1.0,0.0,0.06,0.0,0.0,0.0,0.0,6423.0
49.0,9.0,2804.0,335.0,0.0,1.0,1.0,0.0,0.0,1.0,0.0,0.0,83.0,162.0,0.36,0.04,0.02,0.0,0.0,0.0,0.0,77567.0
19.0,9.0,12.0,0.0,0.0,0.0,1.0,0.0,0.0,1.0,0.0,0.0,255.0,60.0,0.24,0.39,0.0,0.39,0.0,0.0,0.0,83976.0
22.0,9.0,325.0,365.0,0.0,1.0,3.0,0.0,0.0,1.0,0.0,0.0,255.0,255.0,1.0,0.0,0.0,0.0,0.0,0.0,0.0,50679.0
11.0,9.0,35.0,0.0,0.0,0.0,1.0,0.0,0.0,1.0,0.0,1.0,1.0,2.0,1.0,0.0,1.0,0.0,0.0,0.0,0.0,110130.0
19.0,9.0,245.0,0.0,0.0,0.0,1.0,0.0,0.0,1.0,0.0,0.0,52.0,29.0,0.04,0.1,0.07,0.0,0.03,0.0,0.0,68749.0
22.0,9.0,326.0,4425.0,0.0,1.0,1.0,0.0,0.2,1.0,0.0,0.6,95.0,255.0,1.0,0.0,0.03,0.0,0.01,0.09,0.0,53954.0
11.0,9.0,37.0,97.0,0.0,0.0,1.0,0.0,0.0,1.0,0.0,0.11,239.0,226.0,0.95,0.01,0.0,0.0,0.0,0.0,0.0,51129.0
40.0,9.0,5.0,0.0,0.0,0.0,1.0,0.0,0.0,1.0,0.0,0.0,255.0,8.0,0.03,0.02,0.0,0.0,0.0,0.0,1.0,60408.0
49.0,9.0,823.0,326.0,0.0,1.0,1.0,0.0,0.0,1.0,0.0,0.0,41.0,39.0,0.95,0.07,0.0,0.0,0.0,0.0,0.0,124895.0
22.0,9.0,226.0,5381.0,0.0,1.0,5.0,0.0,0.0,1.0,0.0,0.25,73.0,255.0,1.0,0.0,0.01,0.0,0.0,0.0,0.0,112745.0
58.0,9.0,78.0,0.0,0.0,0.0,11.0,0.0,0.0,0.36,0.18,0.27,255.0,4.0,0.02,0.01,0.0,0.0,0.0,0.0,0.0,87896.0
22.0,9.0,295.0,8720.0,0.0,1.0,2.0,0.0,0.0,1.0,0.0,0.67,58.0,255.0,1.0,0.0,0.02,0.0,0.0,0.0,0.0,56343.0
56.0,9.0,0.0,4.0,0.0,0.0,1.0,0.0,0.0,1.0,0.0,0.0,13.0,13.0,1.0,0.0,0.0,0.0,0.0,0.0,0.0,37379.0
22.0,9.0,327.0,541.0,0.0,1.0,12.0,0.0,0.0,1.0,0.0,0.0,209.0,255.0,1.0,0.0,0.04,0.0,0.0,0.0,0.0,25498.0
49.0,9.0,1251.0,406.0,0.0,1.0,1.0,0.0,0.0,1.0,0.0,1.0,19.0,213.0,1.0,0.0,0.01,0.0,0.0,0.0,0.0,71039.0
40.0,9.0,147.0,105.0,0.0,0.0,1.0,0.0,0.0,1.0,0.0,0.0,255.0,2.0,0.01,0.87,0.0,0.0,0.0,0.0,0.0,69673.0
49.0,9.0,621.0,333.0,0.0,1.0,1.0,0.0,0.0,1.0,0.0,0.0,102.0,66.0,0.6,0.03,0.03,0.0,0.0,0.0,0.0,31268.0
22.0,9.0,238.0,369.0,0.0,1.0,1.0,0.0,0.0,1.0,0.0,0.75,5.0,255.0,1.0,0.0,0.04,0.0,0.0,0.0,0.0,108561.0
49.0,9.0,2944.0,332.0,0.0,1.0,1.0,0.0,0.0,1.0,0.0,0.0,255.0,142.0,0.56,0.03,0.0,0.0,0.0,0.0,0.0,34494.0
22.0,1.0,0.0,0.0,0.0,0.0,1.0,0.0,0.0,1.0,0.0,0.0,9.0,255.0,1.0,0.0,0.33,0.0,0.0,0.99,0.0,8487.0
11.0,9.0,43.0,69.0,0.0,0.0,146.0,0.0,0.0,1.0,0.0,0.0,255.0,224.0,0.88,0.01,0.0,0.0,0.0,0.0,0.0,55040.0
11.0,9.0,46.0,79.0,0.0,0.0,309.0,0.0,0.0,1.0,0.0,0.0,255.0,254.0,1.0,0.01,0.0,0.0,0.0,0.0,0.0,86387.0
19.0,9.0,383.0,0.0,0.0,1.0,2.0,0.0,0.0,1.0,0.0,0.0,63.0,57.0,0.17,0.1,0.05,0.0,0.0,0.0,0.0,71148.0
18.0,9.0,367.0,1202.0,0.0,1.0,1.0,0.0,0.0,1.0,0.0,0.0,255.0,4.0,0.02,0.02,0.0,0.2,0.0,0.0,1.0,92153.0
49.0,9.0,945.0,329.0,0.0,1.0,2.0,0.5,0.0,0.5,1.0,0.0,43.0,128.0,0.58,0.09,0.02,0.02,0.0,0.0,0.0,92424.0
22.0,9.0,335.0,25261.0,0.0,1.0,7.0,0.0,0.0,1.0,0.0,0.0,7.0,255.0,1.0,0.0,0.04,0.0,0.0,0.0,0.0,106510.0
40.0,9.0,147.0,105.0,0.0,0.0,1.0,0.0,0.0,1.0,0.0,0.0,255.0,1.0,0.0,0.8,0.0,0.0,0.0,0.0,0.0,106402.0
22.0,9.0,301.0,784.0,0.0,1.0,7.0,0.0,0.0,1.0,0.0,0.25,190.0,255.0,1.0,0.0,0.01,0.0,0.0,0.0,0.0,101121.0
11.0,9.0,44.0,127.0,0.0,0.0,308.0,0.0,0.0,1.0,0.01,0.0,255.0,225.0,0.88,0.01,0.0,0.0,0.0,0.0,0.0,35112.0
22.0,9.0,307.0,1668.0,0.0,1.0,3.0,0.0,0.0,1.0,0.0,0.27,3.0,6.0,1.0,0.0,0.33,0.0,0.33,0.17,0.0,3205.0
22.0,9.0,183.0,3376.0,0.0,1.0,6.0,0.0,0.0,1.0,0.0,0.12,27.0,255.0,1.0,0.0,0.03,0.0,0.0,0.0,0.0,32600.0
44.0,9.0,105.0,147.0,0.0,0.0,1.0,0.0,0.0,1.0,0.0,0.0,130.0,129.0,0.99,0.02,0.0,0.0,0.0,0.0,0.0,109573.0
19.0,9.0,383.0,0.0,0.0,1.0,1.0,0.0,0.0,1.0,0.0,0.0,47.0,26.0,0.06,0.13,0.08,0.0,0.0,0.0,0.0,99699.0
11.0,9.0,34.0,0.0,0.0,0.0,1.0,0.0,0.0,1.0,0.0,1.0,4.0,2.0,0.5,0.5,0.0,0.0,0.0,0.0,0.0,72582.0
22.0,9.0,341.0,699.0,0.0,1.0,20.0,0.0,0.0,1.0,0.0,0.15,218.0,230.0,1.0,0.0,0.02,0.0,0.01,0.0,0.0,80141.0
49.0,9.0,919.0,386.0,0.0,1.0,1.0,0.0,0.0,1.0,0.0,0.0,255.0,122.0,0.48,0.01,0.0,0.62,0.66,0.0,0.0,5344.0
22.0,9.0,282.0,3200.0,0.0,1.0,7.0,0.0,0.0,1.0,0.0,0.0,255.0,255.0,1.0,0.0,0.0,0.0,0.0,0.0,0.0,8308.0
22.0,9.0,184.0,34030.0,0.0,1.0,1.0,0.0,0.0,1.0,0.0,0.0,255.0,252.0,0.99,0.01,0.0,0.0,0.0,0.0,0.0,123363.0
22.0,9.0,292.0,2807.0,0.0,1.0,7.0,0.0,0.0,1.0,0.0,0.0,255.0,255.0,1.0,0.0,0.0,0.0,0.0,0.0,0.0,19952.0
22.0,9.0,220.0,846.0,0.0,1.0,2.0,0.0,0.0,1.0,0.0,0.24,2.0,255.0,1.0,0.0,0.04,0.0,0.01,0.0,0.0,54720.0
22.0,9.0,210.0,2833.0,0.0,1.0,3.0,0.0,0.0,1.0,0.0,0.0,255.0,255.0,1.0,0.0,0.0,0.0,0.0,0.0,0.0,37065.0
22.0,9.0,178.0,1916.0,0.0,1.0,1.0,0.0,0.0,1.0,0.0,0.0,10.0,255.0,1.0,0.0,0.02,0.0,0.0,0.0,0.0,36639.0
40.0,9.0,35195.0,0.0,0.0,1.0,20.0,0.05,0.0,0.05,0.3,0.0,67.0,1.0,0.01,0.12,0.0,0.01,0.0,0.0,0.0,35280.0
19.0,9.0,276.0,0.0,0.0,1.0,2.0,0.0,0.0,1.0,0.0,0.0,26.0,68.0,0.31,0.19,0.03,0.0,0.0,0.0,0.0,105205.0
22.0,9.0,322.0,14064.0,0.0,1.0,2.0,0.0,0.0,1.0,0.0,0.0,255.0,255.0,1.0,0.0,0.0,0.0,0.0,0.0,0.0,113224.0
22.0,9.0,213.0,1691.0,0.0,1.0,9.0,0.0,0.0,1.0,0.0,0.2,216.0,255.0,1.0,0.0,0.01,0.0,0.0,0.0,0.0,15379.0
11.0,9.0,46.0,46.0,0.0,0.0,164.0,0.0,0.0,1.0,0.0,0.0,255.0,255.0,1.0,0.0,0.0,0.0,0.0,0.0,0.0,22719.0
49.0,9.0,853.0,330.0,0.0,1.0,1.0,0.0,0.0,1.0,0.0,1.0,151.0,198.0,0.83,0.02,0.01,0.0,0.0,0.0,0.0,34469.0
49.0,9.0,547.0,276.0,0.0,1.0,1.0,0.0,0.0,1.0,0.0,0.0,255.0,194.0,0.76,0.02,0.0,0.0,0.0,0.0,0.0,94563.0
22.0,9.0,252.0,258.0,0.0,1.0,25.0,0.0,0.0,1.0,0.0,0.0,255.0,255.0,1.0,0.0,0.0,0.0,0.0,0.0,0.0,6652.0
11.0,9.0,46.0,137.0,0.0,0.0,79.0,0.0,0.0,1.0,0.0,0.01,255.0,206.0,0.81,0.01,0.0,0.0,0.0,0.0,0.0,74307.0
22.0,1.0,0.0,0.0,0.0,0.0,1.0,0.0,0.0,1.0,0.0,0.0,42.0,193.0,1.0,0.0,0.02,0.0,0.0,0.94,0.0,89624.0
22.0,9.0,323.0,2592.0,0.0,1.0,31.0,0.0,0.0,1.0,0.0,0.09,255.0,255.0,1.0,0.0,0.0,0.0,0.0,0.0,0.0,8625.0
22.0,9.0,186.0,2958.0,0.0,1.0,1.0,0.0,0.0,1.0,0.0,0.0,179.0,255.0,1.0,0.0,0.01,0.0,0.0,0.0,0.0,6202.0
11.0,9.0,45.0,74.0,0.0,0.0,255.0,0.0,0.0,1.0,0.0,0.0,255.0,235.0,0.92,0.01,0.0,0.0,0.0,0.0,0.0,10058.0
22.0,9.0,220.0,5839.0,0.0,1.0,11.0,0.0,0.0,1.0,0.0,0.0,255.0,255.0,1.0,0.0,0.0,0.0,0.0,0.0,0.0,33773.0
19.0,9.0,567.0,0.0,0.0,0.0,2.0,0.0,0.0,0.5,1.0,0.0,23.0,19.0,0.83,0.13,0.0,0.0,0.0,0.0,0.0,11372.0
11.0,9.0,44.0,71.0,0.0,0.0,181.0,0.0,0.0,1.0,0.0,0.0,255.0,255.0,1.0,0.0,0.0,0.0,0.0,0.0,0.0,116944.0
49.0,9.0,1343.0,331.0,0.0,1.0,1.0,0.0,0.0,1.0,0.0,1.0,123.0,167.0,0.59,0.04,0.01,0.0,0.0,0.0,0.0,19376.0
22.0,9.0,204.0,165.0,0.0,1.0,39.0,0.0,0.0,1.0,0.0,0.04,208.0,208.0,1.0,0.0,0.0,0.0,0.0,0.0,0.0,87006.0
22.0,9.0,299.0,2698.0,0.0,1.0,2.0,0.0,0.0,1.0,0.0,0.75,255.0,250.0,0.98,0.01,0.0,0.0,0.0,0.0,0.0,38146.0
58.0,9.0,183.0,0.0,0.0,0.0,2.0,0.0,0.0,0.5,1.0,0.0,255.0,46.0,0.18,0.01,0.0,0.0,0.0,0.0,0.0,86998.0
55.0,9.0,121.0,9245.0,0.0,1.0,1.0,0.0,0.0,1.0,0.0,0.0,55.0,1.0,0.02,0.07,0.0,0.0,0.0,0.0,0.0,72128.0
22.0,9.0,211.0,1195.0,0.0,1.0,9.0,0.0,0.0,1.0,0.0,0.0,172.0,255.0,1.0,0.0,0.01,0.0,0.0,0.0,0.0,66049.0
22.0,9.0,158.0,11415.0,0.0,1.0,2.0,0.0,0.0,1.0,0.0,0.0,255.0,255.0,1.0,0.0,0.0,0.0,0.0,0.0,0.0,78367.0
11.0,9.0,46.0,72.0,0.0,0.0,118.0,0.0,0.0,0.99,0.02,0.0,255.0,254.0,1.0,0.01,0.0,0.0,0.0,0.0,0.0,77174.0
22.0,9.0,309.0,12505.0,0.0,1.0,33.0,0.0,0.0,1.0,0.0,0.0,210.0,255.0,1.0,0.0,0.02,0.0,0.0,0.0,0.0,52721.0
55.0,9.0,123.0,10204.0,0.0,1.0,2.0,0.0,0.0,0.5,1.0,0.0,107.0,1.0,0.01,0.06,0.0,0.0,0.0,0.0,0.0,55133.0
22.0,9.0,361.0,865.0,0.0,1.0,11.0,0.0,0.0,1.0,0.0,0.0,40.0,255.0,1.0,0.0,0.06,0.0,0.0,0.0,0.0,110723.0
19.0,9.0,151.0,0.0,0.0,1.0,2.0,0.0,0.0,1.0,0.0,0.0,255.0,10.0,0.04,0.06,0.0,0.84,0.0,0.0,0.0,31164.0
22.0,9.0,312.0,3222.0,0.0,1.0,2.0,0.0,0.0,1.0,0.0,0.23,255.0,231.0,0.91,0.02,0.0,0.0,0.0,0.0,0.0,63024.0
22.0,9.0,313.0,2785.0,0.0,1.0,4.0,0.0,0.0,1.0,0.0,0.33,11.0,255.0,1.0,0.0,0.06,0.0,0.0,0.0,0.0,109682.0
11.0,9.0,42.0,42.0,0.0,0.0,2.0,0.0,0.0,1.0,0.0,0.17,255.0,248.0,0.97,0.01,0.0,0.0,0.0,0.0,0.0,82258.0
22.0,9.0,238.0,646.0,0.0,1.0,10.0,0.0,0.0,1.0,0.0,0.25,32.0,255.0,1.0,0.0,0.02,0.0,0.0,0.0,0.0,25135.0
49.0,9.0,1377.0,400.0,0.0,1.0,1.0,0.0,0.0,1.0,0.0,0.0,51.0,170.0,0.73,0.06,0.02,0.0,0.0,0.0,0.0,85304.0
22.0,1.0,0.0,0.0,0.0,0.0,1.0,0.0,0.0,1.0,0.0,0.0,9.0,18.0,1.0,0.0,0.28,0.0,0.0,1.0,0.0,120509.0
22.0,1.0,0.0,0.0,0.0,0.0,1.0,0.0,0.0,1.0,0.0,0.0,15.0,255.0,1.0,0.0,0.13,0.0,0.0,0.85,0.0,26377.0
14.0,9.0,30.0,0.0,0.0,0.0,2.0,0.0,0.0,1.0,0.0,0.0,192.0,192.0,1.0,0.0,0.0,0.0,0.0,0.0,0.0,108379.0
49.0,9.0,2118.0,281.0,0.0,1.0,1.0,0.0,0.0,1.0,0.0,1.0,175.0,154.0,0.71,0.03,0.01,0.0,0.0,0.0,0.0,37839.0
22.0,9.0,247.0,499.0,0.0,1.0,2.0,0.0,0.0,1.0,0.0,0.0,2.0,255.0,1.0,0.0,0.02,0.0,0.0,0.0,0.0,117813.0
49.0,9.0,1499.0,328.0,0.0,1.0,2.0,0.0,0.0,0.5,1.0,0.0,196.0,120.0,0.55,0.04,0.02,0.0,0.0,0.0,0.0,61587.0
22.0,9.0,175.0,497.0,0.0,1.0,2.0,0.0,0.0,1.0,0.0,0.75,18.0,255.0,1.0,0.0,0.01,0.06,0.0,0.0,0.0,23135.0
49.0,9.0,1193.0,372.0,0.0,1.0,1.0,0.0,0.0,1.0,0.0,1.0,136.0,244.0,0.96,0.01,0.01,0.0,0.0,0.0,0.0,48775.0
22.0,1.0,0.0,0.0,0.0,0.0,1.0,0.0,0.0,1.0,0.0,0.0,23.0,255.0,1.0,0.0,0.11,0.0,0.0,1.0,0.0,104598.0
11.0,9.0,45.0,155.0,0.0,0.0,72.0,0.0,0.0,0.99,0.03,0.01,255.0,234.0,0.92,0.01,0.0,0.0,0.0,0.0,0.0,120198.0
22.0,9.0,219.0,2732.0,0.0,1.0,21.0,0.0,0.0,1.0,0.0,0.0,255.0,255.0,1.0,0.0,0.0,0.0,0.0,0.0,0.0,37629.0
22.0,9.0,310.0,11593.0,0.0,1.0,5.0,0.0,0.0,1.0,0.0,0.0,5.0,255.0,1.0,0.0,0.04,0.0,0.01,0.0,0.0,83720.0
11.0,9.0,45.0,75.0,0.0,0.0,229.0,0.0,0.0,1.0,0.01,0.0,255.0,244.0,0.96,0.01,0.0,0.0,0.0,0.0,0.0,21757.0
22.0,7.0,212.0,25520.0,0.0,1.0,2.0,0.5,0.5,1.0,0.0,0.0,255.0,255.0,1.0,0.0,0.0,0.0,0.0,0.0,0.0,74456.0
49.0,5.0,0.0,0.0,0.0,0.0,2.0,0.5,0.5,1.0,0.0,0.0,77.0,105.0,0.45,0.18,0.02,0.04,0.02,0.0,0.0,58122.0
44.0,9.0,105.0,145.0,0.0,0.0,4.0,0.0,0.0,0.25,0.5,0.0,255.0,221.0,0.87,0.01,0.0,0.0,0.0,0.0,0.0,40570.0
19.0,9.0,748.0,0.0,0.0,0.0,1.0,0.0,0.0,1.0,0.0,0.0,46.0,31.0,0.15,0.09,0.06,0.0,0.0,0.0,0.0,44667.0
22.0,9.0,338.0,1408.0,0.0,1.0,16.0,0.0,0.0,1.0,0.0,0.0,255.0,255.0,1.0,0.0,0.0,0.0,0.0,0.0,0.0,91484.0
49.0,9.0,1528.0,334.0,0.0,1.0,1.0,0.0,0.0,1.0,0.0,1.0,255.0,142.0,0.56,0.02,0.0,0.0,0.0,0.0,0.0,116602.0
22.0,1.0,0.0,0.0,0.0,0.0,1.0,0.0,0.0,1.0,0.0,0.0,124.0,255.0,1.0,0.0,0.08,0.0,0.0,0.97,0.0,14341.0
18.0,9.0,1473.0,4152.0,0.0,1.0,1.0,0.0,0.0,1.0,0.0,0.0,52.0,16.0,0.31,0.06,0.0,0.0,0.0,0.0,0.0,50338.0
22.0,9.0,346.0,573.0,0.0,1.0,8.0,0.0,0.0,1.0,0.0,0.3,255.0,255.0,1.0,0.0,0.0,0.0,0.0,0.0,0.0,71821.0
11.0,9.0,46.0,82.0,0.0,0.0,120.0,0.0,0.0,1.0,0.0,0.0,255.0,253.0,0.99,0.01,0.0,0.0,0.0,0.0,0.0,109989.0
11.0,9.0,46.0,78.0,0.0,0.0,199.0,0.0,0.0,0.99,0.01,0.01,255.0,254.0,1.0,0.01,0.0,0.0,0.0,0.0,0.0,32891.0
22.0,9.0,340.0,4701.0,0.0,1.0,4.0,0.0,0.0,1.0,0.0,0.29,73.0,255.0,1.0,0.0,0.04,0.0,0.0,0.0,0.0,52509.0
22.0,9.0,324.0,1063.0,0.0,1.0,52.0,0.0,0.0,1.0,0.0,0.05,65.0,255.0,1.0,0.0,0.05,0.0,0.0,0.0,0.0,92511.0
19.0,9.0,0.0,544.0,0.0,0.0,1.0,0.0,0.0,1.0,0.0,0.0,21.0,59.0,0.33,0.19,0.03,0.0,0.0,0.0,0.0,16806.0
11.0,9.0,45.0,81.0,0.0,0.0,125.0,0.0,0.0,0.99,0.02,0.0,255.0,254.0,1.0,0.01,0.0,0.0,0.0,0.0,0.0,94966.0
11.0,9.0,33.0,88.0,0.0,0.0,1.0,0.0,0.0,1.0,0.0,0.0,58.0,50.0,0.53,0.03,0.04,0.0,0.0,0.0,0.0,80457.0
19.0,9.0,383.0,0.0,0.0,0.0,2.0,0.0,0.0,1.0,0.0,0.0,13.0,32.0,0.23,0.15,0.06,0.0,0.0,0.0,0.0,19467.0
22.0,9.0,249.0,5691.0,0.0,1.0,4.0,0.0,0.0,1.0,0.0,0.0,4.0,255.0,1.0,0.0,0.01,0.0,0.0,0.0,0.0,24999.0
22.0,9.0,282.0,1227.0,0.0,1.0,3.0,0.33,0.33,1.0,0.0,0.0,255.0,255.0,1.0,0.0,0.0,0.01,0.01,0.0,0.0,30669.0
22.0,9.0,311.0,304.0,0.0,1.0,15.0,0.0,0.0,1.0,0.0,0.0,21.0,255.0,1.0,0.0,0.09,0.0,0.0,0.0,0.0,35073.0
11.0,9.0,46.0,81.0,0.0,0.0,243.0,0.0,0.0,1.0,0.0,0.01,255.0,254.0,1.0,0.01,0.0,0.0,0.0,0.0,0.0,7613.0
22.0,9.0,249.0,290.0,0.0,1.0,16.0,0.0,0.0,1.0,0.0,0.17,255.0,255.0,1.0,0.0,0.0,0.0,0.0,0.0,0.0,92923.0
22.0,9.0,249.0,1092.0,0.0,1.0,11.0,0.0,0.0,1.0,0.0,0.0,255.0,255.0,1.0,0.0,0.0,0.0,0.0,0.0,0.0,22807.0
49.0,9.0,973.0,330.0,0.0,1.0,1.0,0.0,0.0,1.0,0.0,0.0,4.0,156.0,1.0,0.0,0.02,0.0,0.0,0.0,0.0,93744.0
22.0,9.0,307.0,1259.0,0.0,1.0,12.0,0.0,0.0,1.0,0.0,0.0,48.0,255.0,1.0,0.0,0.05,0.0,0.0,0.0,0.0,90983.0
11.0,9.0,45.0,71.0,0.0,0.0,154.0,0.0,0.0,1.0,0.0,0.0,255.0,190.0,0.75,0.01,0.0,0.0,0.0,0.0,0.0,44166.0
22.0,9.0,312.0,2251.0,0.0,1.0,33.0,0.0,0.03,1.0,0.0,0.08,255.0,255.0,1.0,0.0,0.0,0.0,0.0,0.0,0.0,48058.0
22.0,9.0,294.0,9042.0,0.0,1.0,12.0,0.0,0.0,1.0,0.0,0.17,255.0,255.0,1.0,0.0,0.0,0.0,0.0,0.0,0.0,30012.0
22.0,9.0,323.0,741.0,0.0,1.0,5.0,0.2,0.2,1.0,0.0,0.0,255.0,255.0,1.0,0.0,0.0,0.0,0.0,0.0,0.0,49165.0
19.0,9.0,12.0,0.0,0.0,1.0,1.0,0.0,0.0,1.0,0.0,0.0,146.0,39.0,0.27,0.04,0.0,0.0,0.0,0.0,0.0,19527.0
40.0,9.0,147.0,105.0,0.0,0.0,4.0,0.0,0.0,0.5,0.5,0.0,255.0,2.0,0.01,0.75,0.0,0.0,0.0,0.0,0.0,117814.0
22.0,9.0,309.0,757.0,0.0,1.0,2.0,0.0,0.0,1.0,0.0,0.33,100.0,255.0,1.0,0.0,0.04,0.0,0.0,0.0,0.0,59571.0
22.0,9.0,226.0,2630.0,0.0,1.0,9.0,0.0,0.0,1.0,0.0,0.0,24.0,255.0,1.0,0.0,0.07,0.0,0.0,0.0,0.0,25097.0
22.0,9.0,144.0,31220.0,0.0,1.0,1.0,0.0,0.0,1.0,0.0,0.0,255.0,255.0,1.0,0.0,0.0,0.0,0.0,0.01,0.0,54758.0
11.0,9.0,37.0,37.0,0.0,0.0,2.0,0.0,0.0,0.5,1.0,0.6,196.0,146.0,0.74,0.02,0.0,0.0,0.0,0.0,0.0,99706.0
22.0,9.0,324.0,2394.0,0.0,1.0,7.0,0.0,0.0,1.0,0.0,0.25,119.0,255.0,1.0,0.0,0.03,0.0,0.0,0.0,0.0,50886.0
22.0,9.0,285.0,3738.0,0.0,1.0,15.0,0.0,0.0,1.0,0.0,0.11,15.0,255.0,1.0,0.0,0.05,0.0,0.0,0.0,0.0,40285.0
22.0,9.0,219.0,11450.0,0.0,1.0,8.0,0.0,0.0,1.0,0.0,0.0,86.0,255.0,1.0,0.0,0.01,0.0,0.0,0.0,0.0,104177.0
22.0,9.0,252.0,6160.0,0.0,1.0,3.0,0.0,0.0,1.0,0.0,0.6,3.0,255.0,1.0,0.0,0.04,0.0,0.0,0.0,0.0,25168.0
11.0,9.0,137.0,44.0,0.0,0.0,303.0,0.0,0.0,1.0,0.01,0.0,192.0,159.0,0.83,0.01,0.0,0.0,0.0,0.0,0.0,70889.0
44.0,9.0,105.0,146.0,0.0,0.0,1.0,0.0,0.0,1.0,0.0,0.0,237.0,220.0,0.93,0.01,0.0,0.0,0.0,0.0,0.0,88097.0
40.0,9.0,59.0,0.0,0.0,1.0,7.0,0.0,0.0,0.14,0.29,0.0,55.0,1.0,0.02,0.11,0.0,0.0,0.0,0.0,0.0,109238.0
49.0,9.0,961.0,288.0,0.0,1.0,1.0,0.0,0.0,1.0,0.0,0.0,105.0,160.0,0.65,0.06,0.01,0.0,0.0,0.0,0.0,113085.0
18.0,9.0,294.0,903.0,0.0,1.0,1.0,0.0,0.0,1.0,0.0,0.0,35.0,6.0,0.17,0.06,0.0,0.0,0.0,0.0,0.0,102450.0
14.0,9.0,1480.0,0.0,1.0,0.0,6.0,0.0,0.0,1.0,0.0,0.0,255.0,8.0,0.03,0.02,0.0,0.0,0.0,0.0,1.0,99232.0
22.0,9.0,239.0,11592.0,0.0,1.0,6.0,0.0,0.0,1.0,0.0,0.0,69.0,255.0,1.0,0.0,0.04,0.0,0.0,0.0,0.0,90946.0
19.0,9.0,748.0,0.0,0.0,1.0,1.0,0.0,0.0,1.0,0.0,0.0,178.0,48.0,0.27,0.02,0.0,0.0,0.0,0.0,0.0,33923.0
22.0,9.0,208.0,1083.0,0.0,1.0,11.0,0.0,0.0,1.0,0.0,0.19,11.0,255.0,1.0,0.0,0.06,0.0,0.0,0.0,0.0,35371.0
22.0,9.0,233.0,1065.0,0.0,1.0,4.0,0.0,0.0,1.0,0.0,0.0,255.0,255.0,1.0,0.0,0.0,0.0,0.0,0.0,0.0,63932.0
22.0,9.0,214.0,1721.0,0.0,1.0,6.0,0.0,0.0,1.0,0.0,0.0,255.0,255.0,1.0,0.0,0.0,0.0,0.0,0.0,0.0,74930.0
22.0,9.0,355.0,204.0,0.0,1.0,18.0,0.0,0.0,1.0,0.0,0.0,25.0,225.0,1.0,0.0,0.03,0.0,0.0,0.0,0.0,117318.0
22.0,9.0,285.0,266.0,0.0,1.0,10.0,0.0,0.0,1.0,0.0,0.17,255.0,255.0,1.0,0.0,0.0,0.0,0.0,0.0,0.0,40249.0
22.0,9.0,218.0,302.0,0.0,1.0,11.0,0.0,0.0,1.0,0.0,0.0,42.0,255.0,1.0,0.0,0.06,0.0,0.0,0.81,0.0,91989.0
49.0,9.0,647.0,341.0,0.0,1.0,1.0,0.0,0.0,1.0,0.0,0.0,79.0,186.0,0.94,0.03,0.01,0.0,0.0,0.0,0.0,73222.0
22.0,9.0,277.0,14496.0,0.0,1.0,7.0,0.0,0.0,1.0,0.0,0.18,255.0,255.0,1.0,0.0,0.0,0.0,0.0,0.0,0.0,112924.0
22.0,9.0,286.0,421.0,0.0,1.0,2.0,0.0,0.0,1.0,0.0,0.14,255.0,255.0,1.0,0.0,0.0,0.0,0.0,0.0,0.0,10887.0
22.0,9.0,156.0,166.0,0.0,1.0,1.0,0.0,0.0,1.0,0.0,0.22,21.0,255.0,1.0,0.0,0.02,0.0,0.0,0.0,0.0,48296.0
22.0,9.0,291.0,1396.0,0.0,1.0,1.0,0.0,0.0,1.0,0.0,0.0,255.0,255.0,1.0,0.0,0.0,0.0,0.0,0.0,0.0,99158.0
22.0,9.0,303.0,1587.0,0.0,1.0,10.0,0.0,0.0,1.0,0.0,0.0,255.0,255.0,1.0,0.0,0.0,0.0,0.0,0.0,0.0,66529.0
19.0,9.0,192.0,0.0,0.0,1.0,2.0,0.0,0.0,1.0,0.0,0.0,106.0,34.0,0.32,0.06,0.0,0.0,0.0,0.0,0.0,90655.0
22.0,9.0,258.0,255.0,0.0,1.0,10.0,0.0,0.0,1.0,0.0,0.0,255.0,255.0,1.0,0.0,0.0,0.0,0.0,0.0,0.0,18949.0
11.0,9.0,45.0,128.0,0.0,0.0,135.0,0.0,0.0,1.0,0.0,0.01,255.0,255.0,1.0,0.0,0.0,0.0,0.0,0.0,0.0,110987.0
19.0,9.0,567.0,0.0,0.0,1.0,1.0,0.0,0.0,1.0,0.0,0.0,128.0,19.0,0.15,0.05,0.0,0.0,0.0,0.0,0.0,90429.0
40.0,9.0,145.0,0.0,0.0,0.0,1.0,0.0,0.0,1.0,0.0,0.0,255.0,1.0,0.0,0.49,0.0,0.0,0.0,0.0,0.0,28424.0
44.0,9.0,105.0,146.0,0.0,0.0,1.0,0.0,0.0,1.0,0.0,0.0,234.0,224.0,0.96,0.01,0.0,0.0,0.0,0.0,0.0,1809.0
13.0,9.0,30.0,0.0,0.0,0.0,2.0,0.0,0.0,1.0,0.0,0.0,230.0,230.0,1.0,0.0,0.0,0.0,0.0,0.0,0.0,117612.0
22.0,9.0,919.0,14772.0,0.0,1.0,1.0,0.0,0.0,1.0,0.0,0.2,1.0,255.0,1.0,0.0,0.01,0.0,0.0,0.0,0.0,83234.0
22.0,9.0,216.0,272.0,0.0,1.0,1.0,0.0,0.0,1.0,0.0,0.33,82.0,255.0,1.0,0.0,0.05,0.0,0.0,0.0,0.0,69272.0
49.0,9.0,2019.0,513.0,0.0,1.0,1.0,0.0,0.0,1.0,0.0,1.0,195.0,130.0,0.52,0.02,0.02,0.0,0.0,0.0,0.0,43158.0
22.0,1.0,0.0,0.0,0.0,0.0,25.0,0.0,0.0,1.0,0.0,0.0,178.0,189.0,1.0,0.0,0.03,0.01,0.01,0.37,0.0,9094.0
19.0,9.0,1363.0,0.0,0.0,0.0,17.0,0.0,0.0,1.0,0.0,0.0,246.0,69.0,0.28,0.02,0.0,0.0,0.0,0.0,0.0,18249.0
22.0,9.0,231.0,1462.0,0.0,1.0,27.0,0.0,0.0,1.0,0.0,0.0,255.0,255.0,1.0,0.0,0.0,0.0,0.0,0.01,0.0,95446.0
22.0,9.0,235.0,2249.0,0.0,1.0,2.0,0.0,0.0,1.0,0.0,0.0,14.0,255.0,1.0,0.0,0.08,0.0,0.0,0.0,0.0,75857.0
22.0,9.0,297.0,675.0,0.0,1.0,3.0,0.0,0.0,1.0,0.0,0.0,255.0,255.0,1.0,0.0,0.0,0.0,0.0,0.0,0.0,83255.0
22.0,9.0,240.0,372.0,0.0,1.0,10.0,0.0,0.0,1.0,0.0,0.0,42.0,255.0,1.0,0.0,0.06,0.0,0.0,0.0,0.0,57580.0
22.0,9.0,224.0,1227.0,0.0,1.0,2.0,0.0,0.0,1.0,0.0,0.0,2.0,2.0,1.0,0.0,0.0,0.0,0.0,0.0,0.0,115536.0
19.0,9.0,12.0,0.0,0.0,1.0,1.0,0.0,0.0,1.0,0.0,0.0,180.0,48.0,0.21,0.07,0.04,0.01,0.02,0.0,0.0,77266.0
44.0,9.0,105.0,147.0,0.0,0.0,1.0,0.0,0.0,1.0,0.0,0.0,142.0,140.0,0.99,0.01,0.0,0.0,0.0,0.0,0.0,19374.0
22.0,9.0,283.0,500.0,0.0,1.0,10.0,0.0,0.0,1.0,0.0,0.17,91.0,255.0,1.0,0.0,0.02,0.0,0.0,0.0,0.0,35294.0
11.0,9.0,46.0,117.0,0.0,0.0,5.0,0.0,0.0,1.0,0.0,0.23,255.0,236.0,0.93,0.01,0.0,0.0,0.0,0.0,0.0,81133.0
19.0,9.0,212.0,0.0,0.0,1.0,2.0,0.0,0.0,1.0,0.0,0.0,166.0,73.0,0.44,0.04,0.0,0.0,0.0,0.0,0.0,49298.0
22.0,9.0,217.0,1035.0,0.0,1.0,34.0,0.0,0.0,1.0,0.0,0.0,255.0,255.0,1.0,0.0,0.0,0.0,0.0,0.32,0.0,918.0
22.0,9.0,294.0,495.0,0.0,1.0,35.0,0.03,0.03,1.0,0.0,0.0,95.0,255.0,1.0,0.0,0.02,0.0,0.0,0.0,0.0,73849.0
49.0,9.0,1374.0,391.0,0.0,1.0,1.0,0.0,0.0,1.0,0.0,0.0,110.0,161.0,0.31,0.03,0.01,0.0,0.0,0.0,0.0,92146.0
11.0,9.0,45.0,133.0,0.0,0.0,317.0,0.0,0.0,1.0,0.01,0.0,255.0,229.0,0.9,0.01,0.0,0.0,0.0,0.0,0.0,70197.0
40.0,9.0,516.0,4.0,0.0,0.0,374.0,0.0,0.0,1.0,0.0,0.0,255.0,255.0,1.0,0.0,0.0,0.0,0.0,0.0,0.0,37233.0
40.0,9.0,516.0,4.0,0.0,0.0,475.0,0.0,0.0,1.0,0.0,0.0,255.0,255.0,1.0,0.0,0.0,0.0,0.0,0.0,0.0,79376.0
11.0,9.0,44.0,44.0,0.0,0.0,4.0,0.0,0.0,0.25,0.5,0.4,17.0,16.0,0.94,0.12,0.0,0.0,0.0,0.0,0.0,117235.0
49.0,9.0,1294.0,385.0,0.0,1.0,1.0,0.0,0.0,1.0,0.0,0.0,255.0,122.0,0.48,0.02,0.0,0.51,0.58,0.0,0.0,70796.0
22.0,1.0,0.0,0.0,0.0,0.0,1.0,0.0,0.0,1.0,0.0,0.0,1.0,113.0,1.0,0.0,0.29,0.0,0.0,0.99,0.0,62614.0
19.0,9.0,9.0,0.0,0.0,1.0,1.0,0.0,0.0,1.0,0.0,0.0,255.0,61.0,0.24,0.05,0.0,0.27,0.0,0.0,0.0,53814.0
11.0,9.0,45.0,126.0,0.0,0.0,77.0,0.0,0.0,1.0,0.0,0.01,255.0,255.0,1.0,0.0,0.0,0.0,0.0,0.0,0.0,18414.0
22.0,9.0,251.0,2015.0,0.0,1.0,16.0,0.0,0.0,1.0,0.0,0.0,137.0,255.0,1.0,0.0,0.05,0.0,0.0,0.0,0.0,72879.0
49.0,9.0,2311.0,327.0,0.0,1.0,2.0,0.0,0.0,0.5,1.0,0.0,101.0,146.0,0.63,0.03,0.02,0.0,0.0,0.0,0.0,124137.0
11.0,9.0,44.0,69.0,0.0,0.0,138.0,0.0,0.0,1.0,0.0,0.01,255.0,223.0,0.87,0.01,0.0,0.0,0.0,0.0,0.0,83471.0
22.0,9.0,331.0,6827.0,0.0,1.0,18.0,0.0,0.0,1.0,0.0,0.15,255.0,255.0,1.0,0.0,0.0,0.0,0.0,0.0,0.0,4432.0
11.0,9.0,45.0,131.0,0.0,0.0,69.0,0.0,0.0,1.0,0.0,0.01,247.0,163.0,0.66,0.01,0.0,0.0,0.0,0.0,0.0,41272.0
22.0,9.0,319.0,1836.0,0.0,1.0,14.0,0.0,0.0,1.0,0.0,0.0,27.0,255.0,1.0,0.0,0.03,0.0,0.0,0.0,0.0,39824.0
22.0,9.0,301.0,3660.0,0.0,1.0,22.0,0.0,0.0,1.0,0.0,0.09,255.0,255.0,1.0,0.0,0.0,0.0,0.0,0.0,0.0,5778.0
22.0,9.0,324.0,9572.0,0.0,1.0,2.0,0.0,0.0,1.0,0.0,0.0,255.0,255.0,1.0,0.0,0.0,0.0,0.0,0.0,0.0,15758.0
49.0,9.0,1562.0,399.0,0.0,1.0,1.0,0.0,0.0,1.0,0.0,0.67,255.0,185.0,0.73,0.01,0.0,0.0,0.0,0.0,0.0,13703.0
22.0,9.0,218.0,12640.0,0.0,1.0,3.0,0.33,0.05,1.0,0.0,0.14,64.0,255.0,1.0,0.0,0.02,0.02,0.0,0.0,0.0,19848.0
18.0,9.0,226.0,698.0,0.0,1.0,1.0,0.0,0.0,1.0,0.0,0.0,1.0,1.0,1.0,0.0,0.0,0.0,0.0,0.0,1.0,82252.0
22.0,9.0,224.0,19950.0,0.0,1.0,6.0,0.0,0.0,1.0,0.0,0.0,116.0,255.0,1.0,0.0,0.01,0.0,0.0,0.0,0.0,36629.0
49.0,5.0,0.0,0.0,0.0,0.0,2.0,0.5,0.5,1.0,0.0,0.0,255.0,132.0,0.52,0.03,0.0,0.01,0.02,0.0,0.0,48742.0
44.0,9.0,105.0,0.0,0.0,0.0,2.0,0.0,0.0,1.0,0.0,0.0,255.0,242.0,0.95,0.01,0.0,0.0,0.0,0.0,0.0,125244.0
22.0,9.0,224.0,2051.0,0.0,1.0,19.0,0.0,0.0,1.0,0.0,0.0,235.0,255.0,1.0,0.0,0.01,0.0,0.0,0.0,0.0,109685.0
22.0,9.0,205.0,4729.0,0.0,1.0,8.0,0.0,0.0,1.0,0.0,0.27,16.0,255.0,1.0,0.0,0.04,0.0,0.0,0.0,0.0,71869.0
11.0,9.0,42.0,42.0,0.0,0.0,13.0,0.0,0.0,1.0,0.0,0.15,255.0,255.0,1.0,0.0,0.0,0.0,0.0,0.0,0.0,4711.0
22.0,9.0,222.0,1427.0,0.0,1.0,3.0,0.0,0.0,1.0,0.0,0.0,3.0,4.0,1.0,0.0,0.5,0.0,0.0,0.0,0.0,36671.0
22.0,9.0,288.0,1426.0,0.0,1.0,6.0,0.0,0.0,1.0,0.0,0.38,6.0,255.0,1.0,0.0,0.06,0.0,0.0,0.0,0.0,20084.0
22.0,9.0,214.0,283.0,0.0,1.0,17.0,0.0,0.0,1.0,0.0,0.0,187.0,255.0,1.0,0.0,0.02,0.0,0.0,0.0,0.0,124762.0
22.0,9.0,333.0,492.0,0.0,1.0,34.0,0.0,0.0,1.0,0.0,0.12,255.0,255.0,1.0,0.0,0.0,0.0,0.0,0.0,0.0,12168.0
19.0,9.0,59.0,0.0,0.0,1.0,12.0,0.0,0.0,1.0,0.0,0.0,155.0,103.0,0.58,0.02,0.02,0.0,0.01,0.0,0.0,5746.0
22.0,9.0,286.0,22841.0,0.0,1.0,37.0,0.0,0.0,1.0,0.0,0.05,255.0,255.0,1.0,0.0,0.0,0.0,0.0,0.0,0.0,25963.0
22.0,9.0,347.0,440.0,0.0,1.0,12.0,0.0,0.0,1.0,0.0,0.0,29.0,255.0,1.0,0.0,0.08,0.0,0.0,0.0,0.0,47221.0
22.0,9.0,316.0,10538.0,0.0,1.0,9.0,0.0,0.0,1.0,0.0,0.15,9.0,255.0,1.0,0.0,0.05,0.0,0.02,0.0,0.0,106701.0
22.0,9.0,249.0,637.0,0.0,1.0,6.0,0.0,0.0,1.0,0.0,0.0,232.0,255.0,1.0,0.0,0.01,0.0,0.0,0.0,0.0,101697.0
44.0,9.0,105.0,147.0,0.0,0.0,2.0,0.0,0.0,1.0,0.0,0.0,255.0,252.0,0.99,0.01,0.0,0.0,0.0,0.0,0.0,101489.0
18.0,9.0,949.0,2720.0,0.0,1.0,1.0,0.0,0.0,1.0,0.0,0.0,56.0,6.0,0.11,0.11,0.0,0.0,0.0,0.0,0.0,64886.0
49.0,9.0,618.0,492.0,0.0,1.0,1.0,0.0,0.0,1.0,0.0,0.0,255.0,3.0,0.01,0.01,0.0,0.0,0.0,0.0,0.0,18078.0
22.0,9.0,326.0,276.0,0.0,1.0,5.0,0.0,0.0,1.0,0.0,0.0,255.0,247.0,0.97,0.01,0.0,0.0,0.0,0.01,0.0,4825.0
19.0,9.0,175337.0,0.0,0.0,1.0,2.0,0.0,0.0,1.0,0.0,0.0,142.0,82.0,0.58,0.03,0.0,0.01,0.0,0.0,0.0,68408.0
22.0,1.0,0.0,0.0,0.0,0.0,1.0,0.0,0.0,1.0,0.0,1.0,46.0,255.0,1.0,0.0,0.2,0.0,0.0,0.93,0.0,1407.0
22.0,9.0,312.0,313.0,0.0,1.0,21.0,0.0,0.0,1.0,0.0,0.0,255.0,255.0,1.0,0.0,0.0,0.0,0.0,0.0,0.0,65239.0
18.0,9.0,1206.0,2449.0,0.0,1.0,1.0,0.0,0.0,1.0,0.0,0.0,180.0,8.0,0.04,0.03,0.0,0.01,0.0,0.0,1.0,99193.0
55.0,9.0,116.0,15814.0,0.0,1.0,1.0,0.0,0.0,1.0,0.0,0.0,7.0,1.0,0.14,0.29,0.0,0.0,0.0,0.0,0.0,78865.0
22.0,9.0,272.0,1005.0,0.0,1.0,14.0,0.0,0.0,1.0,0.0,0.0,255.0,255.0,1.0,0.0,0.0,0.0,0.0,0.0,0.0,77874.0
22.0,1.0,0.0,0.0,0.0,0.0,1.0,0.0,0.0,1.0,0.0,1.0,4.0,255.0,1.0,0.0,0.14,0.0,0.0,0.61,0.0,56910.0
49.0,9.0,1314.0,328.0,0.0,1.0,1.0,0.0,0.0,1.0,0.0,0.0,115.0,110.0,0.81,0.03,0.02,0.0,0.0,0.0,0.0,62426.0
22.0,9.0,242.0,5280.0,0.0,1.0,4.0,0.0,0.0,1.0,0.0,0.0,88.0,255.0,1.0,0.0,0.02,0.0,0.0,0.0,0.0,83673.0
19.0,9.0,2194619.0,0.0,0.0,1.0,2.0,0.0,0.0,1.0,0.0,0.0,228.0,56.0,0.21,0.04,0.04,0.0,0.0,0.0,0.0,57106.0
19.0,9.0,641.0,0.0,0.0,0.0,1.0,0.0,0.0,1.0,0.0,0.0,64.0,75.0,0.3,0.08,0.03,0.0,0.0,0.0,0.0,35106.0
19.0,9.0,2191.0,0.0,0.0,1.0,2.0,0.0,0.0,1.0,0.0,0.0,255.0,108.0,0.42,0.03,0.0,0.01,0.01,0.0,0.0,26798.0
19.0,9.0,6853.0,0.0,0.0,1.0,1.0,0.0,0.0,1.0,0.0,0.0,120.0,19.0,0.16,0.06,0.0,0.0,0.0,0.0,0.0,29918.0
39.0,9.0,48.0,48.0,0.0,0.0,1.0,0.0,0.0,1.0,0.0,0.0,74.0,28.0,0.38,0.03,0.0,0.0,0.0,0.0,0.0,43248.0
49.0,9.0,838.0,330.0,0.0,1.0,1.0,0.0,0.0,1.0,0.0,0.0,102.0,178.0,0.69,0.11,0.01,0.02,0.0,0.0,0.0,78901.0
22.0,9.0,322.0,236.0,0.0,1.0,2.0,0.0,0.0,1.0,0.0,0.0,255.0,255.0,1.0,0.0,0.0,0.0,0.0,0.0,0.0,29595.0
11.0,9.0,128.0,44.0,0.0,0.0,244.0,0.0,0.0,1.0,0.01,0.0,133.0,100.0,0.75,0.02,0.0,0.0,0.0,0.0,0.0,122150.0
49.0,9.0,11470.0,926.0,0.0,1.0,1.0,0.0,0.0,1.0,0.0,1.0,6.0,143.0,0.83,0.33,0.01,0.17,0.0,0.0,0.0,75953.0
22.0,9.0,210.0,3548.0,0.0,1.0,9.0,0.0,0.0,1.0,0.0,0.1,9.0,255.0,1.0,0.0,0.02,0.0,0.0,0.0,0.0,68498.0
19.0,9.0,35195.0,0.0,0.0,1.0,21.0,0.0,0.0,1.0,0.0,0.0,255.0,77.0,0.3,0.02,0.0,0.64,0.53,0.0,0.0,75319.0
49.0,9.0,2305.0,328.0,0.0,1.0,1.0,0.0,0.0,1.0,0.0,1.0,49.0,240.0,0.98,0.04,0.02,0.0,0.0,0.0,0.0,61897.0
22.0,9.0,293.0,597.0,0.0,1.0,9.0,0.0,0.0,1.0,0.0,0.2,30.0,255.0,1.0,0.0,0.05,0.0,0.0,0.0,0.0,13897.0
22.0,9.0,304.0,2698.0,0.0,1.0,4.0,0.0,0.0,1.0,0.0,0.0,218.0,208.0,0.95,0.01,0.0,0.0,0.0,0.0,0.0,110268.0
22.0,9.0,205.0,1494.0,0.0,1.0,10.0,0.0,0.0,1.0,0.0,0.0,255.0,255.0,1.0,0.0,0.0,0.0,0.0,0.0,0.0,4303.0
19.0,9.0,35.0,0.0,0.0,1.0,1.0,0.0,0.0,1.0,0.0,0.0,29.0,103.0,0.55,0.07,0.02,0.0,0.0,0.0,0.0,113588.0
49.0,9.0,10714.0,880.0,0.0,1.0,241.0,0.0,0.0,0.0,0.07,0.0,255.0,1.0,0.0,0.07,0.0,0.0,0.0,0.0,1.0,81558.0
40.0,9.0,147.0,105.0,0.0,0.0,1.0,0.0,0.0,1.0,0.0,0.0,255.0,1.0,0.0,0.65,0.0,0.0,0.0,0.0,0.0,114729.0
11.0,9.0,44.0,75.0,0.0,0.0,69.0,0.0,0.0,1.0,0.0,0.01,255.0,254.0,1.0,0.01,0.0,0.0,0.0,0.0,0.0,49570.0
44.0,9.0,207.0,0.0,0.0,0.0,2.0,0.0,0.0,1.0,0.0,0.0,40.0,32.0,0.8,0.05,0.0,0.0,0.0,0.0,1.0,118307.0
22.0,9.0,321.0,11850.0,0.0,1.0,3.0,0.0,0.0,1.0,0.0,0.0,21.0,255.0,1.0,0.0,0.03,0.0,0.0,0.0,0.0,121971.0
11.0,9.0,44.0,74.0,0.0,0.0,200.0,0.0,0.0,1.0,0.01,0.0,255.0,254.0,1.0,0.01,0.0,0.0,0.0,0.0,0.0,50104.0
49.0,9.0,985.0,334.0,0.0,1.0,1.0,0.0,0.0,1.0,0.0,0.0,159.0,152.0,0.64,0.03,0.01,0.0,0.0,0.0,0.0,16007.0
22.0,9.0,328.0,1231.0,0.0,1.0,3.0,0.0,0.0,1.0,0.0,0.4,56.0,255.0,1.0,0.0,0.02,0.0,0.0,0.0,0.0,11167.0
22.0,9.0,280.0,885.0,0.0,1.0,10.0,0.0,0.0,1.0,0.0,0.18,255.0,255.0,1.0,0.0,0.0,0.0,0.0,0.0,0.0,53326.0
13.0,9.0,30.0,0.0,0.0,0.0,1.0,0.0,0.0,1.0,0.0,0.0,30.0,131.0,1.0,0.0,0.4,0.0,0.0,0.0,0.0,81816.0
49.0,9.0,6800.0,398.0,0.0,1.0,1.0,0.0,0.0,1.0,0.0,0.0,255.0,43.0,0.17,0.69,0.0,0.68,0.0,0.0,0.0,32275.0
22.0,9.0,309.0,2507.0,0.0,1.0,1.0,0.0,0.0,1.0,0.0,0.0,255.0,255.0,1.0,0.0,0.0,0.0,0.0,0.0,0.0,119919.0
19.0,9.0,167.0,0.0,0.0,0.0,2.0,0.0,0.0,1.0,0.0,0.0,255.0,33.0,0.13,0.07,0.0,0.79,0.0,0.0,0.0,94416.0
22.0,9.0,240.0,280.0,0.0,1.0,10.0,0.0,0.0,1.0,0.0,0.0,10.0,255.0,1.0,0.0,0.02,0.0,0.0,0.0,0.0,33250.0
11.0,9.0,134.0,44.0,0.0,0.0,304.0,0.0,0.0,1.0,0.01,0.0,193.0,160.0,0.83,0.01,0.0,0.0,0.0,0.0,0.0,107887.0
22.0,9.0,256.0,788.0,0.0,1.0,3.0,0.0,0.0,1.0,0.0,0.0,175.0,255.0,1.0,0.0,0.01,0.0,0.0,0.0,0.0,117916.0
22.0,9.0,54540.0,8314.0,0.0,1.0,3.0,0.0,0.0,1.0,0.0,0.0,46.0,46.0,1.0,0.0,0.0,0.0,0.0,0.26,1.0,6216.0
49.0,9.0,1186.0,370.0,0.0,1.0,1.0,0.0,0.0,1.0,0.0,1.0,2.0,158.0,1.0,0.0,0.02,0.0,0.0,0.04,0.0,2000.0
11.0,9.0,46.0,46.0,0.0,0.0,218.0,0.0,0.0,1.0,0.0,0.0,255.0,255.0,1.0,0.0,0.0,0.0,0.0,0.0,0.0,42745.0
22.0,9.0,296.0,2861.0,0.0,1.0,2.0,0.0,0.0,1.0,0.0,0.67,12.0,255.0,1.0,0.0,0.04,0.0,0.0,0.0,0.0,36105.0
22.0,9.0,303.0,3222.0,0.0,1.0,2.0,0.0,0.0,1.0,0.0,0.0,255.0,245.0,0.96,0.01,0.0,0.0,0.0,0.0,0.0,66034.0
22.0,9.0,264.0,19983.0,0.0,1.0,1.0,0.0,0.0,1.0,0.0,0.0,163.0,255.0,1.0,0.0,0.04,0.0,0.0,0.0,0.0,28501.0
22.0,9.0,218.0,1833.0,0.0,1.0,3.0,0.0,0.0,1.0,0.0,0.5,51.0,255.0,1.0,0.0,0.02,0.0,0.0,0.0,0.0,101138.0
49.0,9.0,845.0,328.0,0.0,1.0,1.0,0.0,0.0,1.0,0.0,0.0,201.0,128.0,0.53,0.03,0.02,0.02,0.02,0.0,0.0,10298.0
22.0,9.0,292.0,1024.0,0.0,1.0,22.0,0.0,0.0,1.0,0.0,0.0,22.0,255.0,1.0,0.0,0.02,0.0,0.0,0.01,0.0,48988.0
22.0,9.0,199.0,597.0,0.0,1.0,10.0,0.0,0.0,1.0,0.0,0.0,255.0,255.0,1.0,0.0,0.0,0.0,0.0,0.0,0.0,94822.0
40.0,9.0,147.0,147.0,0.0,0.0,4.0,0.0,0.0,0.5,0.5,0.0,255.0,2.0,0.01,0.44,0.0,0.0,0.0,0.0,0.0,104767.0
22.0,9.0,215.0,1431.0,0.0,1.0,13.0,0.0,0.0,1.0,0.0,0.0,64.0,255.0,1.0,0.0,0.02,0.0,0.0,0.0,0.0,96218.0
49.0,7.0,728.0,331.0,0.0,1.0,1.0,1.0,1.0,1.0,0.0,0.0,83.0,144.0,0.58,0.05,0.01,0.01,0.01,0.0,0.0,75230.0
11.0,9.0,44.0,44.0,0.0,0.0,3.0,0.0,0.0,0.33,0.67,1.0,65.0,62.0,0.95,0.03,0.0,0.0,0.0,0.0,0.0,118943.0
19.0,9.0,10389.0,0.0,0.0,1.0,8.0,0.0,0.0,1.0,0.0,0.0,226.0,76.0,0.34,0.03,0.0,0.02,0.03,0.0,0.0,117825.0
22.0,1.0,0.0,0.0,0.0,0.0,1.0,0.0,0.0,1.0,0.0,0.0,7.0,212.0,1.0,0.0,0.11,0.0,0.0,0.99,0.0,87291.0
19.0,9.0,13239.0,0.0,0.0,1.0,4.0,0.0,0.0,1.0,0.0,0.0,100.0,63.0,0.33,0.04,0.03,0.0,0.0,0.0,0.0,594.0
49.0,9.0,1917.0,335.0,0.0,1.0,2.0,0.0,0.0,1.0,0.0,0.83,167.0,240.0,0.96,0.01,0.01,0.0,0.0,0.0,0.0,1847.0
22.0,9.0,308.0,3307.0,0.0,1.0,7.0,0.0,0.0,1.0,0.0,0.0,113.0,150.0,1.0,0.0,0.01,0.0,0.0,0.0,0.0,99544.0
22.0,9.0,222.0,2985.0,0.0,1.0,5.0,0.0,0.0,1.0,0.0,0.22,61.0,255.0,1.0,0.0,0.01,0.0,0.0,0.0,0.0,6665.0
22.0,9.0,216.0,566.0,0.0,1.0,9.0,0.0,0.0,1.0,0.0,0.0,9.0,255.0,1.0,0.0,0.05,0.0,0.0,0.0,0.0,86405.0
40.0,9.0,146.0,105.0,0.0,0.0,1.0,0.0,0.0,1.0,0.0,0.0,169.0,3.0,0.02,0.5,0.0,0.0,0.0,0.0,0.0,52022.0
49.0,9.0,1543.0,326.0,0.0,1.0,1.0,0.0,0.0,1.0,0.0,0.0,135.0,103.0,0.76,0.04,0.0,0.0,0.0,0.0,0.0,91772.0
22.0,9.0,309.0,6829.0,0.0,1.0,12.0,0.0,0.0,1.0,0.0,0.0,59.0,255.0,1.0,0.0,0.04,0.0,0.0,0.0,0.0,60645.0
22.0,9.0,247.0,15065.0,0.0,1.0,9.0,0.0,0.0,1.0,0.0,0.0,255.0,255.0,1.0,0.0,0.0,0.0,0.0,0.0,0.0,112851.0
14.0,9.0,1480.0,0.0,1.0,0.0,18.0,0.0,0.0,1.0,0.0,0.0,255.0,19.0,0.07,0.08,0.0,0.54,0.0,0.0,1.0,97101.0
19.0,9.0,9.0,0.0,0.0,1.0,1.0,0.0,0.0,1.0,0.0,0.0,128.0,60.0,0.47,0.04,0.0,0.0,0.0,0.0,0.0,96737.0
22.0,9.0,205.0,525.0,0.0,1.0,2.0,0.0,0.0,1.0,0.0,0.67,200.0,255.0,1.0,0.0,0.03,0.0,0.0,0.0,0.0,7144.0
45.0,9.0,91.0,0.0,0.0,0.0,1.0,0.0,0.0,1.0,0.0,0.0,126.0,1.0,0.01,0.02,0.0,0.0,0.0,0.0,0.0,13798.0
49.0,9.0,250777.0,379.0,0.0,1.0,1.0,0.0,0.0,1.0,0.0,0.0,201.0,135.0,0.67,0.02,0.0,0.0,0.0,0.0,0.0,53339.0
22.0,9.0,198.0,1456.0,0.0,1.0,5.0,0.0,0.0,1.0,0.0,0.0,255.0,255.0,1.0,0.0,0.0,0.0,0.0,0.0,0.0,2680.0
22.0,9.0,157.0,2735.0,0.0,1.0,2.0,0.0,0.0,1.0,0.0,0.0,90.0,104.0,1.0,0.0,0.02,0.0,0.0,0.01,0.0,32338.0
19.0,9.0,12.0,0.0,0.0,1.0,1.0,0.0,0.0,1.0,0.0,0.0,12.0,89.0,0.42,0.25,0.02,0.0,0.01,0.0,0.0,53640.0
11.0,9.0,46.0,141.0,0.0,0.0,23.0,0.0,0.0,1.0,0.0,0.01,81.0,200.0,0.81,0.02,0.01,0.0,0.0,0.0,0.0,29418.0
40.0,9.0,145.0,105.0,0.0,0.0,3.0,0.0,0.0,0.67,0.67,0.0,255.0,2.0,0.01,0.53,0.0,0.0,0.0,0.0,0.0,20381.0
22.0,5.0,0.0,0.0,0.0,0.0,1.0,1.0,1.0,1.0,0.0,0.0,10.0,103.0,1.0,0.0,0.02,0.1,0.01,0.88,0.0,19650.0
22.0,9.0,337.0,398.0,0.0,1.0,5.0,0.0,0.0,1.0,0.0,0.29,255.0,255.0,1.0,0.0,0.0,0.0,0.0,0.0,0.0,68280.0
22.0,9.0,220.0,1209.0,0.0,1.0,4.0,0.0,0.0,1.0,0.0,0.11,36.0,255.0,1.0,0.0,0.07,0.0,0.0,0.0,0.0,88184.0
1.0,6.0,529596.0,216664.0,0.0,1.0,1.0,1.0,1.0,1.0,0.0,0.0,3.0,3.0,1.0,0.0,0.0,0.33,0.33,0.0,0.0,44991.0
49.0,9.0,12840.0,1853.0,0.0,1.0,1.0,0.0,0.0,1.0,0.0,0.0,52.0,142.0,0.73,0.06,0.01,0.02,0.0,0.0,0.0,31637.0
22.0,9.0,231.0,2137.0,0.0,1.0,2.0,0.0,0.05,1.0,0.0,0.35,142.0,255.0,1.0,0.0,0.02,0.0,0.0,0.0,0.0,52176.0
22.0,9.0,283.0,1942.0,0.0,1.0,3.0,0.0,0.0,1.0,0.0,0.0,3.0,255.0,1.0,0.0,0.04,0.0,0.0,0.0,0.0,52915.0
11.0,9.0,45.0,45.0,0.0,0.0,200.0,0.0,0.0,1.0,0.0,0.0,255.0,255.0,1.0,0.0,0.0,0.0,0.0,0.0,0.0,74050.0
40.0,9.0,145.0,105.0,0.0,0.0,1.0,0.0,0.0,1.0,0.0,0.0,255.0,2.0,0.01,0.71,0.0,0.0,0.0,0.0,0.0,29423.0
22.0,9.0,317.0,2491.0,0.0,1.0,9.0,0.0,0.0,1.0,0.0,0.2,70.0,255.0,1.0,0.0,0.02,0.0,0.0,0.0,0.0,2933.0
22.0,9.0,299.0,304.0,0.0,1.0,16.0,0.06,0.06,1.0,0.0,0.0,255.0,255.0,1.0,0.0,0.0,0.0,0.0,0.0,0.0,59384.0
22.0,9.0,199.0,2596.0,0.0,1.0,21.0,0.0,0.0,1.0,0.0,0.0,255.0,255.0,1.0,0.0,0.0,0.0,0.0,0.0,0.0,66904.0
19.0,9.0,8766.0,0.0,0.0,1.0,8.0,0.0,0.0,1.0,0.0,0.0,125.0,135.0,0.53,0.03,0.01,0.0,0.0,0.0,0.0,111245.0
22.0,9.0,295.0,498.0,0.0,1.0,11.0,0.0,0.0,1.0,0.0,0.15,255.0,255.0,1.0,0.0,0.0,0.0,0.0,0.0,0.0,49035.0
22.0,1.0,0.0,0.0,0.0,0.0,1.0,0.0,0.0,1.0,0.0,0.0,39.0,255.0,1.0,0.0,0.16,0.0,0.0,0.98,0.0,105719.0
40.0,9.0,516.0,4.0,0.0,0.0,313.0,0.0,0.0,1.0,0.0,0.0,255.0,255.0,1.0,0.0,0.0,0.0,0.0,0.0,0.0,116688.0
22.0,9.0,196.0,11232.0,0.0,1.0,1.0,0.0,0.0,1.0,0.0,1.0,2.0,255.0,1.0,0.0,0.07,0.0,0.0,0.0,0.0,54491.0
11.0,9.0,46.0,132.0,0.0,0.0,76.0,0.0,0.0,0.99,0.03,0.01,255.0,238.0,0.93,0.01,0.0,0.0,0.0,0.0,0.0,61908.0
22.0,9.0,349.0,1719.0,0.0,1.0,13.0,0.0,0.0,1.0,0.0,0.0,187.0,255.0,1.0,0.0,0.02,0.0,0.0,0.0,0.0,22472.0
22.0,9.0,299.0,1348.0,0.0,1.0,21.0,0.0,0.0,1.0,0.0,0.17,255.0,255.0,1.0,0.0,0.0,0.0,0.0,0.0,0.0,123679.0
22.0,9.0,275.0,2996.0,0.0,1.0,8.0,0.0,0.0,1.0,0.0,0.16,8.0,255.0,1.0,0.0,0.05,0.0,0.0,0.0,0.0,52762.0
11.0,9.0,44.0,127.0,0.0,0.0,12.0,0.0,0.0,1.0,0.0,0.04,229.0,180.0,0.79,0.02,0.0,0.0,0.0,0.0,0.0,54418.0
22.0,9.0,212.0,5790.0,0.0,1.0,6.0,0.0,0.0,1.0,0.0,0.0,72.0,255.0,1.0,0.0,0.02,0.0,0.0,0.0,0.0,15876.0
22.0,9.0,247.0,274.0,0.0,1.0,10.0,0.0,0.0,1.0,0.0,0.31,255.0,255.0,1.0,0.0,0.0,0.0,0.0,0.0,0.0,30213.0
49.0,9.0,1782.0,330.0,0.0,1.0,1.0,0.0,0.0,1.0,0.0,1.0,92.0,55.0,0.6,0.08,0.0,0.0,0.0,0.0,0.0,28825.0
22.0,9.0,210.0,305.0,0.0,1.0,11.0,0.0,0.0,1.0,0.0,0.0,255.0,255.0,1.0,0.0,0.0,0.0,0.0,0.0,0.0,15595.0
22.0,9.0,223.0,10203.0,0.0,1.0,36.0,0.0,0.0,1.0,0.0,0.05,125.0,255.0,1.0,0.0,0.04,0.0,0.0,0.0,0.0,114909.0
22.0,9.0,206.0,1705.0,0.0,1.0,29.0,0.0,0.0,1.0,0.0,0.06,29.0,255.0,1.0,0.0,0.05,0.0,0.0,0.0,0.0,115813.0
49.0,9.0,1458.0,332.0,0.0,1.0,1.0,0.0,0.0,1.0,0.0,1.0,189.0,156.0,0.68,0.02,0.01,0.0,0.0,0.0,0.0,3873.0
22.0,9.0,302.0,2143.0,0.0,1.0,28.0,0.0,0.0,1.0,0.0,0.09,255.0,255.0,1.0,0.0,0.0,0.0,0.0,0.0,0.0,44997.0
22.0,9.0,222.0,415.0,0.0,1.0,10.0,0.0,0.0,1.0,0.0,0.0,255.0,255.0,1.0,0.0,0.0,0.0,0.0,0.0,0.0,106010.0
19.0,9.0,10073.0,0.0,0.0,0.0,16.0,0.0,0.0,1.0,0.0,0.0,255.0,112.0,0.44,0.03,0.0,0.0,0.0,0.0,0.0,94107.0
22.0,9.0,334.0,10383.0,0.0,1.0,1.0,0.0,0.0,1.0,0.0,0.0,1.0,255.0,1.0,0.0,0.02,0.0,0.0,0.0,0.0,10540.0
22.0,9.0,232.0,938.0,0.0,1.0,10.0,0.0,0.0,1.0,0.0,0.18,255.0,255.0,1.0,0.0,0.0,0.0,0.0,0.0,0.0,5662.0
40.0,9.0,145.0,105.0,0.0,0.0,2.0,0.0,0.0,1.0,0.0,0.0,255.0,2.0,0.01,0.32,0.0,0.0,0.0,0.0,0.0,67677.0
22.0,9.0,314.0,11972.0,0.0,1.0,3.0,0.0,0.0,1.0,0.0,0.0,31.0,89.0,1.0,0.0,0.04,0.0,0.0,0.0,0.0,119660.0
22.0,9.0,54540.0,8314.0,0.0,1.0,4.0,0.0,0.0,1.0,0.0,0.0,50.0,50.0,1.0,0.0,0.0,0.0,0.0,0.24,1.0,41897.0
3.0,9.0,10.0,39.0,0.0,1.0,2.0,0.0,0.0,0.5,1.0,0.0,73.0,7.0,0.05,0.05,0.29,0.0,0.0,0.0,0.0,75211.0
22.0,9.0,296.0,1926.0,0.0,1.0,2.0,0.0,0.0,1.0,0.0,0.0,2.0,255.0,1.0,0.0,0.02,0.0,0.01,0.0,0.0,29265.0
44.0,9.0,215.0,0.0,0.0,0.0,1.0,0.0,0.0,1.0,0.0,0.0,249.0,209.0,0.84,0.01,0.0,0.0,0.0,0.0,1.0,49516.0
44.0,9.0,105.0,146.0,0.0,0.0,4.0,0.0,0.0,1.0,0.0,0.0,255.0,241.0,0.95,0.01,0.0,0.0,0.0,0.0,0.0,125685.0
49.0,9.0,984.0,402.0,0.0,1.0,1.0,0.0,0.0,1.0,0.0,0.0,255.0,23.0,0.09,0.06,0.0,0.71,0.0,0.0,0.0,93835.0
18.0,9.0,239.0,769.0,0.0,1.0,1.0,0.0,0.0,1.0,0.0,0.0,255.0,71.0,0.28,0.03,0.0,0.0,0.0,0.0,0.0,19507.0
22.0,9.0,350.0,3098.0,0.0,1.0,28.0,0.0,0.0,1.0,0.0,0.09,108.0,255.0,1.0,0.0,0.01,0.01,0.0,0.01,0.0,17345.0
49.0,9.0,774.0,334.0,0.0,1.0,2.0,0.0,0.0,0.5,1.0,1.0,160.0,132.0,0.44,0.04,0.02,0.01,0.02,0.0,0.0,112232.0
49.0,9.0,1333.0,367.0,0.0,1.0,1.0,0.0,0.0,1.0,0.0,1.0,110.0,249.0,0.97,0.02,0.01,0.0,0.0,0.0,0.0,27742.0
22.0,9.0,200.0,301.0,0.0,1.0,29.0,0.0,0.0,1.0,0.0,0.0,255.0,255.0,1.0,0.0,0.0,0.0,0.0,0.0,0.0,94451.0
13.0,9.0,30.0,0.0,0.0,0.0,1.0,0.0,0.0,1.0,0.0,0.0,61.0,90.0,0.98,0.03,0.18,0.0,0.0,0.0,0.0,43582.0
18.0,9.0,1168.0,2447.0,0.0,1.0,1.0,0.0,0.0,1.0,0.0,0.0,255.0,110.0,0.43,0.02,0.0,0.0,0.0,0.0,1.0,124542.0
22.0,9.0,312.0,30739.0,0.0,1.0,2.0,0.0,0.25,1.0,0.0,0.5,155.0,255.0,1.0,0.0,0.03,0.0,0.0,0.01,0.0,13802.0
58.0,9.0,183.0,0.0,0.0,0.0,2.0,0.0,0.0,0.5,1.0,0.0,255.0,13.0,0.05,0.01,0.0,0.0,0.0,0.0,0.0,61165.0
11.0,9.0,44.0,135.0,0.0,0.0,256.0,0.0,0.0,1.0,0.0,0.0,255.0,252.0,0.99,0.01,0.0,0.0,0.0,0.0,0.0,86005.0
22.0,9.0,226.0,373.0,0.0,1.0,3.0,0.0,0.0,1.0,0.0,0.0,14.0,255.0,1.0,0.0,0.03,0.0,0.01,0.0,0.0,39411.0
18.0,9.0,341.0,1072.0,0.0,1.0,1.0,0.0,0.0,1.0,0.0,0.0,255.0,56.0,0.22,0.02,0.0,0.0,0.0,0.11,0.0,7976.0
22.0,9.0,214.0,1504.0,0.0,1.0,5.0,0.0,0.0,1.0,0.0,0.0,5.0,255.0,1.0,0.0,0.07,0.0,0.0,0.0,0.0,95922.0
22.0,9.0,223.0,3616.0,0.0,1.0,18.0,0.0,0.0,1.0,0.0,0.12,73.0,207.0,1.0,0.0,0.05,0.0,0.0,0.0,0.0,77354.0
22.0,9.0,54540.0,8314.0,0.0,1.0,3.0,0.0,0.0,1.0,0.0,0.0,90.0,90.0,1.0,0.0,0.0,0.01,0.01,0.01,1.0,21407.0
11.0,9.0,42.0,82.0,0.0,0.0,147.0,0.0,0.0,1.0,0.0,0.0,255.0,255.0,1.0,0.0,0.0,0.0,0.0,0.0,0.0,80186.0
22.0,9.0,266.0,667.0,0.0,1.0,8.0,0.0,0.0,1.0,0.0,0.0,255.0,255.0,1.0,0.0,0.0,0.0,0.0,0.0,0.0,61221.0
22.0,9.0,353.0,3941.0,0.0,1.0,11.0,0.18,0.18,1.0,0.0,0.0,255.0,255.0,1.0,0.0,0.0,0.01,0.01,0.0,0.0,32968.0
44.0,9.0,105.0,0.0,0.0,0.0,2.0,0.0,0.0,1.0,0.0,0.0,255.0,114.0,0.45,0.01,0.0,0.0,0.0,0.0,0.0,6281.0
11.0,9.0,36.0,0.0,0.0,0.0,4.0,0.0,0.0,1.0,0.0,0.0,82.0,255.0,1.0,0.0,0.01,0.0,0.0,0.0,0.0,66398.0
22.0,6.0,313.0,21900.0,0.0,1.0,1.0,1.0,1.0,1.0,0.0,0.0,177.0,255.0,1.0,0.0,0.01,0.02,0.01,0.0,0.0,9199.0
22.0,9.0,230.0,3404.0,0.0,1.0,12.0,0.0,0.0,1.0,0.0,0.04,70.0,255.0,1.0,0.0,0.05,0.0,0.0,0.0,0.0,83136.0
49.0,9.0,1419.0,329.0,0.0,1.0,1.0,0.0,0.0,1.0,0.0,1.0,59.0,45.0,0.76,0.1,0.0,0.0,0.0,0.0,0.0,13130.0
49.0,9.0,1395.0,335.0,0.0,1.0,1.0,0.0,0.0,1.0,0.0,1.0,50.0,129.0,0.46,0.06,0.02,0.0,0.0,0.0,0.0,118697.0
22.0,9.0,244.0,337.0,0.0,1.0,8.0,0.0,0.0,1.0,0.0,0.28,255.0,255.0,1.0,0.0,0.0,0.0,0.0,0.0,0.0,52943.0
49.0,9.0,1050.0,335.0,0.0,1.0,1.0,0.0,0.0,1.0,0.0,0.0,82.0,116.0,0.87,0.04,0.02,0.0,0.0,0.0,0.0,55358.0
22.0,9.0,231.0,294.0,0.0,1.0,27.0,0.0,0.0,1.0,0.0,0.0,18.0,255.0,1.0,0.0,0.01,0.0,0.0,0.0,0.0,106552.0
22.0,9.0,281.0,34293.0,0.0,1.0,11.0,0.0,0.0,1.0,0.0,0.0,11.0,255.0,1.0,0.0,0.03,0.0,0.0,0.0,0.0,104983.0
11.0,9.0,46.0,73.0,0.0,0.0,231.0,0.0,0.0,1.0,0.01,0.01,255.0,255.0,1.0,0.0,0.0,0.0,0.0,0.0,0.0,60630.0
13.0,9.0,64.0,0.0,0.0,0.0,2.0,0.0,0.0,1.0,0.0,0.0,255.0,2.0,0.01,0.52,0.0,0.0,0.0,0.0,0.0,37203.0
22.0,1.0,0.0,0.0,0.0,0.0,1.0,0.0,0.0,1.0,0.0,0.0,7.0,255.0,1.0,0.0,0.09,0.0,0.0,0.61,0.0,58161.0
40.0,9.0,145.0,105.0,0.0,0.0,2.0,0.0,0.0,1.0,0.0,0.0,255.0,2.0,0.01,0.84,0.0,0.0,0.0,0.0,0.0,18516.0
11.0,9.0,45.0,77.0,0.0,0.0,130.0,0.0,0.0,1.0,0.0,0.0,255.0,254.0,1.0,0.01,0.0,0.0,0.0,0.0,0.0,98702.0
11.0,9.0,45.0,82.0,0.0,0.0,229.0,0.0,0.0,1.0,0.01,0.01,255.0,255.0,1.0,0.0,0.0,0.0,0.0,0.0,0.0,5980.0
22.0,9.0,345.0,1210.0,0.0,1.0,13.0,0.0,0.0,1.0,0.0,0.14,86.0,255.0,1.0,0.0,0.01,0.0,0.0,0.0,0.0,50690.0
22.0,9.0,207.0,8867.0,0.0,1.0,1.0,0.0,0.0,1.0,0.0,0.19,1.0,255.0,1.0,0.0,0.03,0.0,0.0,0.0,0.0,108774.0
40.0,9.0,145.0,105.0,0.0,0.0,1.0,0.0,0.0,1.0,0.0,0.0,255.0,1.0,0.0,0.65,0.0,0.0,0.0,0.0,0.0,87569.0
22.0,9.0,273.0,6831.0,0.0,1.0,14.0,0.0,0.0,1.0,0.0,0.0,164.0,255.0,1.0,0.0,0.03,0.0,0.0,0.0,0.0,79070.0
22.0,9.0,191.0,118.0,0.0,1.0,2.0,0.0,0.0,1.0,0.0,0.0,119.0,255.0,1.0,0.0,0.01,0.0,0.0,0.0,0.0,104249.0
22.0,9.0,337.0,3626.0,0.0,1.0,8.0,0.0,0.0,1.0,0.0,0.0,41.0,255.0,1.0,0.0,0.05,0.0,0.0,0.0,0.0,121795.0
49.0,9.0,2710.0,366.0,0.0,1.0,1.0,0.0,0.0,1.0,0.0,0.0,232.0,126.0,0.54,0.02,0.0,0.0,0.0,0.0,0.0,18378.0
11.0,9.0,45.0,140.0,0.0,0.0,77.0,0.0,0.0,1.0,0.0,0.01,255.0,217.0,0.85,0.02,0.0,0.0,0.0,0.0,0.0,82211.0
22.0,9.0,286.0,1368.0,0.0,1.0,1.0,0.0,0.0,1.0,0.0,0.0,1.0,255.0,1.0,0.0,0.07,0.0,0.01,0.0,0.0,18401.0
14.0,9.0,1480.0,0.0,1.0,0.0,12.0,0.0,0.0,1.0,0.0,0.0,96.0,12.0,0.12,0.04,0.0,0.0,0.0,0.0,1.0,64846.0
22.0,9.0,257.0,289.0,0.0,1.0,20.0,0.0,0.0,1.0,0.0,0.0,60.0,255.0,1.0,0.0,0.03,0.0,0.0,0.0,0.0,4094.0
11.0,9.0,44.0,79.0,0.0,0.0,217.0,0.0,0.0,1.0,0.0,0.0,255.0,233.0,0.91,0.01,0.0,0.0,0.0,0.0,0.0,92527.0
19.0,9.0,1699.0,0.0,0.0,1.0,5.0,0.0,0.0,1.0,0.0,0.0,36.0,110.0,0.75,0.11,0.03,0.0,0.0,0.0,0.0,120317.0
22.0,9.0,252.0,919.0,0.0,1.0,6.0,0.0,0.0,1.0,0.0,0.0,115.0,255.0,1.0,0.0,0.02,0.0,0.0,0.0,0.0,111148.0
22.0,9.0,171.0,1074.0,0.0,1.0,2.0,0.0,0.0,1.0,0.0,0.0,2.0,2.0,1.0,0.0,0.0,0.0,0.0,0.0,0.0,65320.0
11.0,9.0,44.0,69.0,0.0,0.0,282.0,0.0,0.0,1.0,0.0,0.0,255.0,254.0,1.0,0.01,0.0,0.0,0.0,0.0,0.0,93341.0
11.0,9.0,43.0,113.0,0.0,0.0,258.0,0.0,0.0,1.0,0.0,0.01,255.0,215.0,0.84,0.01,0.0,0.0,0.0,0.0,0.0,93372.0
40.0,4.0,16980502.0,0.0,0.0,0.0,1.0,0.0,0.0,1.0,0.0,0.0,255.0,1.0,0.0,0.65,0.0,0.0,0.0,1.0,1.0,82355.0
11.0,9.0,45.0,138.0,0.0,0.0,326.0,0.0,0.0,1.0,0.01,0.0,255.0,251.0,0.98,0.01,0.0,0.0,0.0,0.0,0.0,18381.0
22.0,9.0,318.0,14462.0,0.0,1.0,22.0,0.0,0.0,1.0,0.0,0.0,255.0,255.0,1.0,0.0,0.0,0.0,0.0,0.0,0.0,70139.0
22.0,9.0,356.0,398.0,0.0,1.0,17.0,0.0,0.0,1.0,0.0,0.0,255.0,255.0,1.0,0.0,0.0,0.0,0.0,0.0,0.0,109336.0
22.0,9.0,235.0,10188.0,0.0,1.0,7.0,0.0,0.0,1.0,0.0,0.0,58.0,255.0,1.0,0.0,0.05,0.0,0.0,0.0,0.0,39361.0
22.0,1.0,0.0,0.0,0.0,0.0,1.0,0.0,0.0,1.0,0.0,1.0,49.0,255.0,1.0,0.0,0.18,0.0,0.01,0.99,0.0,31370.0
22.0,9.0,54540.0,8314.0,0.0,1.0,2.0,0.0,0.0,1.0,0.0,0.0,65.0,65.0,1.0,0.0,0.0,0.0,0.0,0.02,1.0,124535.0
11.0,9.0,44.0,44.0,0.0,0.0,114.0,0.0,0.0,1.0,0.0,0.01,255.0,254.0,1.0,0.01,0.0,0.0,0.0,0.0,0.0,74891.0
49.0,9.0,803.0,328.0,0.0,1.0,1.0,0.0,0.0,1.0,0.0,0.0,2.0,136.0,0.5,1.0,0.02,0.0,0.0,0.0,0.0,41412.0
58.0,9.0,182.0,0.0,0.0,0.0,9.0,0.0,0.0,0.67,0.33,0.0,255.0,33.0,0.13,0.01,0.0,0.0,0.0,0.0,0.0,122743.0
22.0,9.0,249.0,3098.0,0.0,1.0,3.0,0.0,0.0,1.0,0.0,0.2,47.0,255.0,1.0,0.0,0.03,0.0,0.0,0.0,0.0,31513.0
11.0,9.0,46.0,75.0,0.0,0.0,158.0,0.0,0.0,1.0,0.0,0.0,255.0,225.0,0.88,0.01,0.0,0.0,0.0,0.0,0.0,49245.0
22.0,9.0,182.0,25961.0,0.0,1.0,7.0,0.0,0.0,1.0,0.0,0.09,255.0,250.0,0.98,0.01,0.0,0.0,0.0,0.0,0.0,65481.0
22.0,9.0,336.0,16132.0,0.0,1.0,4.0,0.0,0.0,1.0,0.0,0.0,255.0,255.0,1.0,0.0,0.0,0.0,0.0,0.0,0.0,113494.0
11.0,9.0,44.0,119.0,0.0,0.0,65.0,0.0,0.0,1.0,0.0,0.0,255.0,254.0,1.0,0.01,0.0,0.0,0.0,0.0,0.0,58969.0
22.0,9.0,232.0,1472.0,0.0,1.0,4.0,0.0,0.0,1.0,0.0,0.0,44.0,218.0,1.0,0.0,0.02,0.02,0.01,0.27,0.0,56282.0
22.0,9.0,268.0,272.0,0.0,1.0,18.0,0.0,0.0,1.0,0.0,0.0,255.0,255.0,1.0,0.0,0.0,0.0,0.0,0.0,0.0,94046.0
11.0,9.0,44.0,128.0,0.0,0.0,107.0,0.0,0.0,1.0,0.0,0.01,255.0,255.0,1.0,0.0,0.0,0.0,0.0,0.0,0.0,96880.0
19.0,9.0,245.0,0.0,0.0,1.0,2.0,0.0,0.0,1.0,0.0,0.0,59.0,14.0,0.14,0.1,0.14,0.02,0.0,0.0,0.0,96421.0
22.0,9.0,328.0,294.0,0.0,1.0,9.0,0.0,0.0,1.0,0.0,0.0,255.0,255.0,1.0,0.0,0.0,0.0,0.0,0.0,0.0,24450.0
58.0,9.0,128.0,0.0,0.0,0.0,5.0,0.0,0.0,0.4,0.4,0.0,255.0,14.0,0.05,0.01,0.0,0.0,0.0,0.0,0.0,27903.0
55.0,9.0,107.0,3981.0,0.0,1.0,1.0,0.0,0.0,1.0,0.0,0.0,150.0,3.0,0.02,0.04,0.0,0.0,0.0,0.0,0.0,122569.0
11.0,9.0,46.0,119.0,0.0,0.0,196.0,0.0,0.0,0.99,0.01,0.0,255.0,254.0,1.0,0.01,0.0,0.0,0.0,0.0,0.0,82998.0
22.0,9.0,226.0,28076.0,0.0,1.0,14.0,0.0,0.0,1.0,0.0,0.0,14.0,255.0,1.0,0.0,0.04,0.0,0.0,0.0,0.0,68372.0
22.0,9.0,312.0,3967.0,0.0,1.0,6.0,0.0,0.0,1.0,0.0,0.3,255.0,255.0,1.0,0.0,0.0,0.0,0.0,0.0,0.0,118446.0
49.0,6.0,9541.0,1349.0,0.0,1.0,1.0,1.0,0.33,1.0,0.0,1.0,71.0,185.0,0.97,0.03,0.02,0.01,0.01,0.0,0.0,116338.0
22.0,9.0,363.0,1596.0,0.0,1.0,4.0,0.0,0.0,1.0,0.0,0.0,89.0,255.0,1.0,0.0,0.05,0.0,0.0,0.0,0.0,24905.0
11.0,9.0,45.0,128.0,0.0,0.0,71.0,0.0,0.0,1.0,0.0,0.01,255.0,255.0,1.0,0.0,0.0,0.0,0.0,0.0,0.0,97076.0
22.0,9.0,282.0,290.0,0.0,1.0,1.0,0.0,0.0,1.0,0.0,0.0,255.0,255.0,1.0,0.0,0.0,0.0,0.0,0.0,0.0,25872.0
22.0,9.0,213.0,1395.0,0.0,1.0,14.0,0.0,0.0,1.0,0.0,0.12,255.0,255.0,1.0,0.0,0.0,0.0,0.0,0.0,0.0,81629.0
49.0,9.0,1138.0,479.0,0.0,1.0,1.0,0.0,0.0,1.0,0.0,0.0,255.0,3.0,0.01,0.01,0.0,0.0,0.0,0.0,0.0,29159.0
49.0,9.0,1500.0,325.0,0.0,1.0,1.0,0.0,0.0,1.0,0.0,1.0,76.0,63.0,0.83,0.04,0.0,0.0,0.0,0.0,0.0,112733.0
49.0,9.0,1355.0,392.0,0.0,1.0,1.0,0.0,0.0,1.0,0.0,0.0,255.0,7.0,0.03,0.02,0.0,0.97,0.0,0.0,0.0,62255.0
49.0,9.0,1429.0,330.0,0.0,1.0,1.0,0.0,0.0,1.0,0.0,1.0,198.0,127.0,0.64,0.03,0.0,0.0,0.0,0.0,0.0,75739.0
49.0,9.0,3370.0,330.0,0.0,1.0,1.0,0.0,0.0,1.0,0.0,1.0,190.0,176.0,0.68,0.02,0.01,0.0,0.0,0.0,0.0,9766.0
22.0,9.0,366.0,4084.0,0.0,1.0,7.0,0.0,0.0,1.0,0.0,0.0,255.0,255.0,1.0,0.0,0.0,0.0,0.0,0.0,0.0,1043.0
22.0,9.0,333.0,308.0,0.0,1.0,5.0,0.0,0.0,1.0,0.0,0.2,20.0,255.0,1.0,0.0,0.02,0.0,0.0,0.0,0.0,31495.0
58.0,9.0,78.0,0.0,0.0,0.0,19.0,0.0,0.0,0.11,0.11,0.0,255.0,3.0,0.01,0.01,0.0,0.0,0.0,0.0,0.0,103168.0
11.0,9.0,42.0,123.0,0.0,0.0,73.0,0.0,0.0,0.99,0.03,0.01,255.0,235.0,0.92,0.01,0.0,0.0,0.0,0.0,0.0,57846.0
11.0,9.0,45.0,74.0,0.0,0.0,238.0,0.0,0.0,1.0,0.0,0.0,255.0,255.0,1.0,0.0,0.0,0.0,0.0,0.0,0.0,98765.0
44.0,9.0,105.0,147.0,0.0,0.0,2.0,0.0,0.0,1.0,0.0,0.0,255.0,239.0,0.94,0.01,0.0,0.0,0.0,0.0,0.0,18304.0
22.0,8.0,199.0,10449.0,0.0,1.0,5.0,0.2,0.2,1.0,0.0,0.0,13.0,255.0,1.0,0.0,0.05,0.08,0.0,0.0,0.0,18834.0
22.0,9.0,216.0,3396.0,0.0,1.0,5.0,0.0,0.0,1.0,0.0,0.0,7.0,255.0,1.0,0.0,0.02,0.0,0.0,0.0,0.0,19294.0
19.0,9.0,2056.0,0.0,0.0,1.0,9.0,0.0,0.0,1.0,0.0,0.0,255.0,110.0,0.43,0.02,0.0,0.0,0.01,0.0,0.0,97697.0
22.0,9.0,346.0,405.0,0.0,1.0,5.0,0.0,0.0,1.0,0.0,0.0,255.0,255.0,1.0,0.0,0.0,0.0,0.0,0.0,0.0,28289.0
22.0,9.0,223.0,553.0,0.0,1.0,8.0,0.0,0.0,1.0,0.0,0.0,34.0,255.0,1.0,0.0,0.01,0.0,0.0,0.0,0.0,97997.0
22.0,9.0,205.0,408.0,0.0,1.0,32.0,0.0,0.0,1.0,0.0,0.06,198.0,255.0,1.0,0.0,0.04,0.01,0.0,0.0,0.0,26644.0
22.0,9.0,292.0,3543.0,0.0,1.0,7.0,0.0,0.0,1.0,0.0,0.0,47.0,255.0,1.0,0.0,0.02,0.0,0.0,0.0,0.0,14800.0
22.0,1.0,0.0,0.0,0.0,0.0,1.0,0.0,0.0,1.0,0.0,1.0,5.0,130.0,1.0,0.0,0.22,0.0,0.0,1.0,0.0,93093.0
49.0,9.0,1408.0,332.0,0.0,1.0,1.0,0.0,0.0,1.0,0.0,0.0,25.0,114.0,0.2,0.12,0.02,0.0,0.0,0.0,0.0,28073.0
11.0,9.0,45.0,78.0,0.0,0.0,169.0,0.0,0.0,1.0,0.0,0.0,255.0,255.0,1.0,0.0,0.0,0.0,0.0,0.0,0.0,59319.0
49.0,9.0,16441.0,329.0,0.0,1.0,1.0,0.0,0.0,1.0,0.0,0.0,18.0,159.0,0.94,0.11,0.02,0.0,0.0,0.0,0.0,18724.0
22.0,9.0,223.0,2431.0,0.0,1.0,1.0,0.0,0.0,1.0,0.0,1.0,255.0,255.0,1.0,0.0,0.0,0.0,0.0,0.0,0.0,11026.0
22.0,9.0,296.0,2324.0,0.0,1.0,11.0,0.0,0.0,1.0,0.0,0.0,104.0,255.0,1.0,0.0,0.03,0.0,0.01,0.0,0.0,107980.0
17.0,9.0,5.0,135.0,0.0,0.0,1.0,0.0,0.0,1.0,0.0,0.0,23.0,2.0,0.09,0.17,0.0,0.0,0.0,0.0,0.0,58573.0
22.0,9.0,225.0,836.0,0.0,1.0,12.0,0.0,0.0,1.0,0.0,0.0,32.0,255.0,1.0,0.0,0.03,0.0,0.0,0.0,0.0,60959.0
49.0,9.0,4532.0,374.0,0.0,1.0,1.0,0.0,0.0,1.0,0.0,1.0,124.0,185.0,0.58,0.03,0.01,0.0,0.0,0.0,0.0,55189.0
22.0,9.0,307.0,612.0,0.0,1.0,5.0,0.0,0.0,1.0,0.0,0.0,174.0,184.0,1.0,0.0,0.02,0.01,0.01,0.0,0.0,29925.0
49.0,9.0,250593.0,332.0,0.0,1.0,1.0,0.0,0.0,1.0,0.0,0.0,112.0,72.0,0.62,0.03,0.03,0.0,0.0,0.0,0.0,119775.0
49.0,9.0,877.0,335.0,0.0,1.0,1.0,0.0,0.0,1.0,0.0,0.0,53.0,190.0,0.64,0.08,0.02,0.0,0.0,0.0,0.0,7848.0
22.0,9.0,238.0,1527.0,0.0,1.0,13.0,0.0,0.0,1.0,0.0,0.2,89.0,255.0,1.0,0.0,0.03,0.0,0.0,0.0,0.0,58550.0
22.0,9.0,316.0,1698.0,0.0,1.0,2.0,0.0,0.0,1.0,0.0,0.5,59.0,255.0,1.0,0.0,0.05,0.0,0.0,0.0,0.0,38556.0
22.0,9.0,54540.0,8314.0,0.0,1.0,5.0,0.0,0.0,0.8,0.4,0.0,75.0,75.0,1.0,0.0,0.0,0.0,0.0,0.04,1.0,82919.0
22.0,9.0,219.0,5381.0,0.0,1.0,6.0,0.0,0.0,1.0,0.0,0.0,212.0,255.0,1.0,0.0,0.02,0.0,0.0,0.0,0.0,38239.0
22.0,9.0,224.0,1493.0,0.0,1.0,12.0,0.0,0.0,1.0,0.0,0.12,27.0,255.0,1.0,0.0,0.01,0.0,0.0,0.0,0.0,4129.0
49.0,9.0,1433.0,327.0,0.0,1.0,1.0,0.0,0.0,1.0,0.0,1.0,180.0,138.0,0.68,0.02,0.01,0.0,0.0,0.0,0.0,94232.0
22.0,9.0,304.0,1522.0,0.0,1.0,21.0,0.0,0.0,1.0,0.0,0.23,255.0,255.0,1.0,0.0,0.0,0.0,0.0,0.0,0.0,58046.0
11.0,9.0,44.0,73.0,0.0,0.0,160.0,0.0,0.0,0.99,0.01,0.02,255.0,250.0,0.98,0.01,0.0,0.0,0.0,0.0,0.0,122808.0
11.0,9.0,44.0,125.0,0.0,0.0,208.0,0.0,0.0,1.0,0.0,0.0,133.0,94.0,0.71,0.02,0.0,0.0,0.0,0.0,0.0,85383.0
22.0,9.0,309.0,296.0,0.0,1.0,12.0,0.0,0.0,1.0,0.0,0.12,255.0,255.0,1.0,0.0,0.0,0.0,0.0,0.0,0.0,6560.0
49.0,9.0,1448.0,331.0,0.0,1.0,1.0,0.0,0.0,1.0,0.0,1.0,37.0,34.0,0.92,0.05,0.0,0.0,0.0,0.0,0.0,87262.0
22.0,9.0,157.0,30880.0,0.0,1.0,3.0,0.0,0.0,1.0,0.0,0.0,255.0,255.0,1.0,0.0,0.0,0.0,0.0,0.0,0.0,58738.0
22.0,1.0,0.0,0.0,0.0,0.0,1.0,0.0,0.0,1.0,0.0,0.0,4.0,46.0,1.0,0.0,0.28,0.0,0.0,1.0,0.0,9091.0
22.0,9.0,288.0,401.0,0.0,1.0,3.0,0.0,0.0,1.0,0.0,0.09,248.0,255.0,1.0,0.0,0.01,0.0,0.0,0.0,0.0,14041.0
11.0,9.0,43.0,43.0,0.0,0.0,115.0,0.0,0.0,0.99,0.02,0.01,255.0,254.0,1.0,0.01,0.0,0.0,0.0,0.0,0.0,45285.0
49.0,9.0,648.0,335.0,0.0,1.0,1.0,0.0,0.0,1.0,0.0,0.0,106.0,166.0,0.7,0.05,0.01,0.0,0.0,0.0,0.0,80282.0
40.0,9.0,516.0,4.0,0.0,0.0,359.0,0.0,0.0,1.0,0.0,0.0,255.0,255.0,1.0,0.0,0.0,0.0,0.0,0.0,0.0,38187.0
22.0,9.0,208.0,1415.0,0.0,1.0,11.0,0.0,0.0,1.0,0.0,0.0,234.0,234.0,1.0,0.0,0.0,0.0,0.0,0.0,0.0,35639.0
22.0,9.0,230.0,1075.0,0.0,1.0,1.0,0.0,0.0,1.0,0.0,0.0,255.0,241.0,0.95,0.01,0.0,0.0,0.0,0.0,0.0,120332.0
22.0,9.0,307.0,307.0,0.0,1.0,3.0,0.33,0.33,1.0,0.0,0.0,255.0,255.0,1.0,0.0,0.0,0.01,0.01,0.0,0.0,57215.0
49.0,9.0,2735.0,327.0,0.0,1.0,2.0,0.0,0.0,0.5,1.0,0.0,255.0,201.0,0.79,0.02,0.0,0.0,0.0,0.0,0.0,7825.0
19.0,9.0,10261.0,0.0,0.0,1.0,1.0,0.0,0.0,1.0,0.0,0.0,30.0,67.0,0.87,0.1,0.04,0.0,0.01,0.0,0.0,91534.0
22.0,9.0,174.0,4885.0,0.0,1.0,2.0,0.0,0.0,1.0,0.0,0.67,90.0,255.0,1.0,0.0,0.04,0.0,0.0,0.0,0.0,117956.0
22.0,9.0,196.0,1368.0,0.0,1.0,5.0,0.0,0.0,1.0,0.0,0.0,25.0,255.0,1.0,0.0,0.04,0.0,0.0,0.0,0.0,30572.0
49.0,9.0,698.0,327.0,0.0,1.0,1.0,0.0,0.0,1.0,0.0,0.0,197.0,144.0,0.57,0.03,0.01,0.0,0.0,0.0,0.0,71599.0
22.0,1.0,0.0,0.0,0.0,0.0,1.0,0.0,0.0,1.0,0.0,0.0,7.0,166.0,1.0,0.0,0.19,0.0,0.0,0.9,0.0,120922.0
40.0,9.0,146.0,105.0,0.0,0.0,1.0,0.0,0.0,1.0,0.0,0.0,74.0,1.0,0.01,0.49,0.0,0.0,0.0,0.0,0.0,82017.0
22.0,9.0,296.0,2325.0,0.0,1.0,4.0,0.0,0.0,1.0,0.0,0.4,255.0,255.0,1.0,0.0,0.0,0.0,0.0,0.0,0.0,107910.0
22.0,9.0,217.0,2073.0,0.0,1.0,39.0,0.0,0.0,1.0,0.0,0.0,255.0,255.0,1.0,0.0,0.0,0.0,0.0,0.31,0.0,86747.0
19.0,9.0,95.0,0.0,0.0,1.0,152.0,0.99,0.0,0.01,0.07,0.0,255.0,6.0,0.02,0.06,0.0,0.98,0.0,0.0,0.0,16280.0
49.0,9.0,1703.0,328.0,0.0,1.0,1.0,0.0,0.0,1.0,0.0,0.0,57.0,199.0,0.74,0.07,0.01,0.0,0.0,0.0,0.0,65211.0
22.0,9.0,288.0,3848.0,0.0,1.0,11.0,0.0,0.0,1.0,0.0,0.0,55.0,255.0,1.0,0.0,0.05,0.0,0.01,0.0,0.0,16175.0
22.0,9.0,242.0,5884.0,0.0,1.0,6.0,0.0,0.0,1.0,0.0,0.0,10.0,255.0,1.0,0.0,0.06,0.0,0.0,0.0,0.0,49205.0
22.0,9.0,343.0,5856.0,0.0,1.0,2.0,0.0,0.0,1.0,0.0,0.0,2.0,255.0,1.0,0.0,0.01,0.0,0.0,0.0,0.0,79004.0
22.0,9.0,208.0,892.0,0.0,1.0,1.0,0.0,0.0,1.0,0.0,0.0,255.0,255.0,1.0,0.0,0.0,0.0,0.0,0.0,0.0,84521.0
22.0,9.0,271.0,3200.0,0.0,1.0,6.0,0.0,0.0,1.0,0.0,0.29,225.0,255.0,1.0,0.0,0.01,0.0,0.0,0.0,0.0,6072.0
49.0,9.0,1235.0,335.0,0.0,1.0,1.0,0.0,0.0,1.0,0.0,1.0,120.0,90.0,0.19,0.03,0.02,0.01,0.01,0.0,0.0,77329.0
44.0,9.0,105.0,145.0,0.0,0.0,2.0,0.0,0.0,1.0,0.0,0.0,48.0,39.0,0.81,0.06,0.0,0.0,0.0,0.0,0.0,101843.0
22.0,9.0,212.0,334.0,0.0,1.0,3.0,0.0,0.0,1.0,0.0,0.0,255.0,255.0,1.0,0.0,0.0,0.0,0.0,0.0,0.0,81601.0
22.0,9.0,199.0,956.0,0.0,1.0,9.0,0.0,0.0,1.0,0.0,0.0,255.0,255.0,1.0,0.0,0.0,0.0,0.0,0.0,0.0,72168.0
22.0,9.0,316.0,274.0,0.0,1.0,11.0,0.0,0.0,1.0,0.0,0.28,255.0,255.0,1.0,0.0,0.0,0.0,0.0,0.0,0.0,72049.0
44.0,9.0,105.0,0.0,0.0,0.0,2.0,0.0,0.0,1.0,0.0,0.0,255.0,234.0,0.92,0.01,0.0,0.0,0.0,0.0,0.0,74913.0
11.0,9.0,111.0,45.0,0.0,0.0,2.0,0.0,0.0,1.0,0.0,0.0,75.0,51.0,0.68,0.04,0.0,0.0,0.0,0.0,0.0,121598.0
44.0,9.0,105.0,147.0,0.0,0.0,8.0,0.0,0.0,0.25,0.25,0.0,255.0,238.0,0.93,0.01,0.0,0.0,0.0,0.0,0.0,48300.0
22.0,9.0,342.0,1148.0,0.0,1.0,8.0,0.0,0.0,1.0,0.0,0.0,255.0,255.0,1.0,0.0,0.0,0.0,0.0,0.0,0.0,65413.0
44.0,9.0,105.0,146.0,0.0,0.0,2.0,0.0,0.0,1.0,0.0,0.0,29.0,25.0,0.86,0.07,0.0,0.0,0.0,0.0,0.0,43900.0
39.0,9.0,48.0,48.0,0.0,0.0,1.0,0.0,0.0,1.0,0.0,0.0,99.0,46.0,0.46,0.03,0.0,0.0,0.0,0.0,0.0,122450.0
22.0,9.0,238.0,930.0,0.0,1.0,19.0,0.0,0.0,1.0,0.0,0.0,255.0,255.0,1.0,0.0,0.0,0.0,0.0,0.0,0.0,62914.0
22.0,9.0,315.0,1428.0,0.0,1.0,1.0,0.0,0.0,1.0,0.0,0.0,190.0,255.0,1.0,0.0,0.02,0.01,0.0,0.0,0.0,16350.0
22.0,9.0,305.0,887.0,0.0,1.0,3.0,0.0,0.0,1.0,0.0,0.5,59.0,255.0,1.0,0.0,0.02,0.0,0.0,0.0,0.0,90764.0
22.0,9.0,221.0,640.0,0.0,1.0,17.0,0.0,0.0,1.0,0.0,0.0,17.0,255.0,1.0,0.0,0.03,0.0,0.0,0.0,0.0,119774.0
11.0,9.0,43.0,73.0,0.0,0.0,200.0,0.0,0.0,1.0,0.0,0.0,255.0,236.0,0.93,0.01,0.0,0.0,0.0,0.0,0.0,114443.0
11.0,9.0,45.0,89.0,0.0,0.0,113.0,0.0,0.0,1.0,0.0,0.0,255.0,255.0,1.0,0.0,0.0,0.0,0.0,0.0,0.0,4974.0
22.0,9.0,285.0,10053.0,0.0,1.0,4.0,0.0,0.0,1.0,0.0,0.0,20.0,255.0,1.0,0.0,0.04,0.0,0.0,0.0,0.0,16427.0
19.0,9.0,15377.0,0.0,0.0,1.0,3.0,0.0,0.0,1.0,0.0,0.0,118.0,85.0,0.5,0.04,0.02,0.0,0.0,0.0,0.0,20676.0
49.0,9.0,2660.0,336.0,0.0,1.0,1.0,0.0,0.0,1.0,0.0,1.0,189.0,178.0,0.76,0.02,0.01,0.0,0.0,0.0,0.0,70542.0
22.0,9.0,267.0,1165.0,0.0,1.0,13.0,0.0,0.0,1.0,0.0,0.0,255.0,255.0,1.0,0.0,0.0,0.0,0.0,0.0,0.0,66375.0
17.0,9.0,9.0,317.0,0.0,0.0,1.0,0.0,0.0,1.0,0.0,0.0,129.0,1.0,0.01,0.09,0.0,0.02,0.0,0.0,0.0,54437.0
22.0,9.0,215.0,2739.0,0.0,1.0,10.0,0.0,0.0,1.0,0.0,0.0,250.0,255.0,1.0,0.0,0.01,0.0,0.0,0.0,0.0,46172.0
22.0,9.0,261.0,6961.0,0.0,1.0,7.0,0.0,0.0,1.0,0.0,0.1,7.0,255.0,1.0,0.0,0.04,0.0,0.0,0.0,0.0,2939.0
40.0,9.0,145.0,0.0,0.0,0.0,2.0,0.0,0.0,0.5,1.0,0.0,255.0,1.0,0.0,0.58,0.0,0.0,0.0,0.0,0.0,57365.0
22.0,9.0,201.0,535.0,0.0,1.0,10.0,0.0,0.0,1.0,0.0,0.19,243.0,243.0,1.0,0.0,0.0,0.0,0.0,0.0,0.0,119170.0
22.0,9.0,201.0,2914.0,0.0,1.0,12.0,0.0,0.0,1.0,0.0,0.0,27.0,255.0,1.0,0.0,0.04,0.0,0.0,0.0,0.0,31327.0
22.0,9.0,236.0,1902.0,0.0,1.0,6.0,0.0,0.0,1.0,0.0,0.0,55.0,255.0,1.0,0.0,0.02,0.0,0.0,0.0,0.0,14937.0
22.0,9.0,335.0,605.0,0.0,1.0,1.0,0.0,0.0,1.0,0.0,0.0,93.0,255.0,1.0,0.0,0.01,0.0,0.0,0.0,0.0,33587.0
11.0,9.0,44.0,117.0,0.0,0.0,23.0,0.0,0.0,1.0,0.0,0.0,255.0,198.0,0.78,0.01,0.0,0.0,0.0,0.0,0.0,56998.0
22.0,9.0,175.0,287.0,0.0,1.0,1.0,0.0,0.0,1.0,0.0,0.0,195.0,255.0,1.0,0.0,0.02,0.0,0.0,0.0,0.0,104463.0
19.0,9.0,4539.0,0.0,0.0,1.0,20.0,0.0,0.0,1.0,0.0,0.0,32.0,97.0,0.81,0.09,0.02,0.0,0.0,0.0,0.0,72263.0
22.0,9.0,272.0,269.0,0.0,1.0,3.0,0.0,0.0,1.0,0.0,0.0,255.0,255.0,1.0,0.0,0.0,0.0,0.0,0.0,0.0,102888.0
22.0,9.0,175.0,13435.0,0.0,1.0,1.0,0.0,0.0,1.0,0.0,0.21,255.0,255.0,1.0,0.0,0.0,0.0,0.0,0.0,0.0,26954.0
19.0,9.0,16.0,0.0,0.0,1.0,2.0,0.0,0.0,1.0,0.0,0.67,255.0,62.0,0.24,0.05,0.0,0.27,0.0,0.0,0.0,38795.0
22.0,9.0,301.0,2239.0,0.0,1.0,6.0,0.0,0.0,1.0,0.0,0.0,147.0,143.0,0.97,0.01,0.0,0.0,0.0,0.0,0.0,112185.0
22.0,9.0,302.0,21281.0,0.0,1.0,8.0,0.0,0.0,1.0,0.0,0.0,8.0,253.0,1.0,0.0,0.19,0.0,0.0,0.96,0.0,122637.0
11.0,9.0,45.0,45.0,0.0,0.0,171.0,0.0,0.0,1.0,0.0,0.0,255.0,255.0,1.0,0.0,0.0,0.0,0.0,0.0,0.0,29721.0
22.0,9.0,248.0,237.0,0.0,1.0,1.0,0.0,0.0,1.0,0.0,0.2,8.0,255.0,1.0,0.0,0.03,0.0,0.0,0.0,0.0,41233.0
22.0,9.0,226.0,557.0,0.0,1.0,15.0,0.0,0.0,1.0,0.0,0.0,35.0,255.0,1.0,0.0,0.06,0.0,0.0,0.0,0.0,118199.0
22.0,9.0,310.0,1408.0,0.0,1.0,4.0,0.0,0.0,1.0,0.0,0.0,255.0,255.0,1.0,0.0,0.0,0.0,0.0,0.0,0.0,87369.0
22.0,9.0,217.0,309.0,0.0,1.0,6.0,0.0,0.0,1.0,0.0,0.0,255.0,255.0,1.0,0.0,0.0,0.0,0.0,0.0,0.0,91614.0
49.0,9.0,860.0,388.0,0.0,1.0,1.0,0.0,0.0,1.0,0.0,0.0,255.0,92.0,0.36,0.05,0.0,0.25,0.0,0.0,0.0,62382.0
19.0,9.0,2056.0,0.0,0.0,1.0,1.0,0.0,0.0,1.0,0.0,0.0,105.0,28.0,0.27,0.07,0.0,0.02,0.07,0.0,0.0,123243.0
49.0,9.0,1500.0,327.0,0.0,1.0,1.0,0.0,0.0,1.0,0.0,1.0,54.0,240.0,0.87,0.04,0.01,0.0,0.0,0.0,0.0,124406.0
19.0,9.0,4892.0,0.0,0.0,1.0,12.0,0.0,0.0,1.0,0.0,0.0,254.0,66.0,0.26,0.02,0.0,0.0,0.0,0.0,0.0,110414.0
22.0,9.0,342.0,4714.0,0.0,1.0,5.0,0.0,0.0,1.0,0.0,0.0,255.0,255.0,1.0,0.0,0.0,0.0,0.0,0.0,0.0,105868.0
22.0,9.0,319.0,547.0,0.0,1.0,12.0,0.0,0.0,1.0,0.0,0.24,12.0,255.0,1.0,0.0,0.03,0.0,0.0,0.0,0.0,64314.0
22.0,9.0,291.0,1229.0,0.0,1.0,16.0,0.0,0.0,1.0,0.0,0.0,46.0,255.0,1.0,0.0,0.07,0.0,0.0,0.0,0.0,50861.0
11.0,9.0,45.0,150.0,0.0,0.0,83.0,0.0,0.0,1.0,0.0,0.04,203.0,138.0,0.68,0.02,0.0,0.0,0.0,0.0,0.0,15686.0
18.0,9.0,6.0,109.0,0.0,0.0,3.0,0.0,0.0,0.33,1.0,0.0,255.0,1.0,0.0,0.03,0.0,0.0,0.0,0.0,1.0,6004.0
22.0,9.0,210.0,3200.0,0.0,1.0,10.0,0.0,0.0,1.0,0.0,0.21,255.0,255.0,1.0,0.0,0.0,0.0,0.0,0.0,0.0,58301.0
19.0,9.0,1556.0,0.0,0.0,1.0,18.0,0.06,0.06,1.0,0.0,0.0,255.0,104.0,0.41,0.02,0.0,0.0,0.01,0.0,0.0,92335.0
22.0,9.0,355.0,511.0,0.0,1.0,22.0,0.0,0.0,1.0,0.0,0.1,228.0,228.0,1.0,0.0,0.0,0.0,0.0,0.0,0.0,107440.0
22.0,1.0,0.0,0.0,0.0,0.0,1.0,0.0,0.0,1.0,0.0,0.0,1.0,237.0,1.0,0.0,0.19,0.0,0.0,1.0,0.0,16994.0
22.0,9.0,297.0,1828.0,0.0,1.0,17.0,0.0,0.0,1.0,0.0,0.0,255.0,255.0,1.0,0.0,0.0,0.0,0.0,0.0,0.0,73174.0
22.0,9.0,236.0,20810.0,0.0,1.0,23.0,0.0,0.0,1.0,0.0,0.14,255.0,255.0,1.0,0.0,0.0,0.0,0.0,0.0,0.0,40055.0
13.0,9.0,30.0,0.0,0.0,0.0,1.0,0.0,0.0,1.0,0.0,0.0,180.0,180.0,1.0,0.0,0.0,0.0,0.0,0.0,0.0,38576.0
22.0,9.0,298.0,760.0,0.0,1.0,4.0,0.0,0.0,1.0,0.0,0.0,38.0,255.0,1.0,0.0,0.04,0.0,0.0,0.0,0.0,24738.0
22.0,9.0,164.0,464.0,0.0,1.0,2.0,0.0,0.33,1.0,0.0,0.67,2.0,255.0,1.0,0.0,0.02,0.0,0.0,0.0,0.0,91393.0
49.0,9.0,1132.0,366.0,0.0,1.0,1.0,0.0,0.0,1.0,0.0,1.0,40.0,148.0,0.88,0.08,0.01,0.0,0.0,0.0,0.0,113376.0
22.0,9.0,207.0,3227.0,0.0,1.0,6.0,0.0,0.0,1.0,0.0,0.29,29.0,255.0,1.0,0.0,0.02,0.0,0.0,0.0,0.0,29536.0
11.0,9.0,45.0,76.0,0.0,0.0,316.0,0.0,0.0,1.0,0.01,0.0,255.0,254.0,1.0,0.01,0.0,0.0,0.0,0.0,0.0,75066.0
22.0,9.0,241.0,1603.0,0.0,1.0,24.0,0.0,0.0,1.0,0.0,0.0,255.0,255.0,1.0,0.0,0.0,0.0,0.0,0.0,0.0,123926.0
22.0,9.0,205.0,307.0,0.0,1.0,39.0,0.0,0.0,1.0,0.0,0.0,255.0,255.0,1.0,0.0,0.0,0.0,0.0,0.0,0.0,5965.0
11.0,9.0,44.0,79.0,0.0,0.0,255.0,0.0,0.0,1.0,0.01,0.01,255.0,255.0,1.0,0.0,0.0,0.0,0.0,0.0,0.0,598.0
22.0,9.0,298.0,8083.0,0.0,1.0,6.0,0.0,0.0,1.0,0.0,0.38,50.0,227.0,1.0,0.0,0.04,0.02,0.0,0.0,0.0,125247.0
11.0,9.0,46.0,147.0,0.0,0.0,223.0,0.0,0.0,1.0,0.01,0.0,112.0,79.0,0.71,0.02,0.0,0.0,0.0,0.0,0.0,103273.0
22.0,9.0,345.0,1935.0,0.0,1.0,3.0,0.0,0.0,1.0,0.0,0.5,175.0,255.0,1.0,0.0,0.05,0.0,0.0,0.0,0.0,72852.0
22.0,9.0,198.0,2168.0,0.0,1.0,12.0,0.0,0.0,1.0,0.0,0.15,255.0,255.0,1.0,0.0,0.0,0.0,0.0,0.0,0.0,47119.0
22.0,9.0,285.0,5632.0,0.0,1.0,6.0,0.0,0.0,1.0,0.0,0.2,165.0,255.0,1.0,0.0,0.02,0.0,0.0,0.0,0.0,105187.0
22.0,9.0,302.0,509.0,0.0,1.0,6.0,0.0,0.0,1.0,0.0,0.0,18.0,255.0,1.0,0.0,0.05,0.0,0.0,0.0,0.0,46018.0
22.0,9.0,223.0,408.0,0.0,1.0,42.0,0.0,0.0,1.0,0.0,0.07,251.0,255.0,1.0,0.0,0.01,0.0,0.0,0.0,0.0,111668.0
22.0,9.0,230.0,7333.0,0.0,1.0,25.0,0.0,0.0,1.0,0.0,0.06,255.0,255.0,1.0,0.0,0.0,0.01,0.01,0.0,0.0,78280.0
11.0,9.0,44.0,73.0,0.0,0.0,74.0,0.0,0.0,1.0,0.0,0.01,255.0,254.0,1.0,0.01,0.0,0.0,0.0,0.0,0.0,12046.0
49.0,2.0,0.0,0.0,0.0,0.0,1.0,0.0,0.0,1.0,0.0,0.0,86.0,175.0,0.64,0.15,0.01,0.01,0.0,0.05,0.0,55592.0
19.0,9.0,1470.0,0.0,0.0,1.0,3.0,0.0,0.0,1.0,0.0,0.0,200.0,81.0,0.28,0.04,0.02,0.01,0.0,0.0,0.0,90553.0
22.0,9.0,253.0,1217.0,0.0,1.0,5.0,0.0,0.0,1.0,0.0,0.0,5.0,255.0,1.0,0.0,0.06,0.0,0.0,0.01,0.0,11505.0
22.0,9.0,310.0,2521.0,0.0,1.0,5.0,0.0,0.0,1.0,0.0,0.0,46.0,255.0,1.0,0.0,0.03,0.0,0.01,0.0,0.0,116927.0
22.0,9.0,241.0,4794.0,0.0,1.0,8.0,0.0,0.0,1.0,0.0,0.24,132.0,255.0,1.0,0.0,0.02,0.0,0.0,0.0,0.0,71200.0
22.0,1.0,0.0,0.0,0.0,0.0,1.0,0.0,0.0,1.0,0.0,0.0,67.0,171.0,1.0,0.0,0.04,0.0,0.0,1.0,0.0,111400.0
22.0,9.0,192.0,1745.0,0.0,1.0,2.0,0.0,0.0,1.0,0.0,0.09,2.0,255.0,1.0,0.0,0.06,0.0,0.0,0.0,0.0,57838.0
22.0,9.0,238.0,397.0,0.0,1.0,3.0,0.0,0.0,1.0,0.0,0.5,255.0,255.0,1.0,0.0,0.0,0.0,0.0,0.0,0.0,76678.0
49.0,9.0,1218.0,432.0,0.0,1.0,1.0,0.0,0.0,1.0,0.0,1.0,89.0,173.0,0.71,0.06,0.01,0.0,0.0,0.0,0.0,62256.0
22.0,9.0,223.0,1295.0,0.0,1.0,1.0,0.0,0.0,1.0,0.0,0.05,54.0,54.0,1.0,0.0,0.0,0.0,0.0,0.0,0.0,111686.0
11.0,9.0,45.0,114.0,0.0,0.0,1.0,0.0,0.0,1.0,0.0,1.0,255.0,252.0,0.99,0.01,0.0,0.0,0.0,0.0,0.0,114916.0
22.0,9.0,239.0,4198.0,0.0,1.0,1.0,0.0,0.0,1.0,0.0,1.0,29.0,255.0,1.0,0.0,0.02,0.0,0.0,0.0,0.0,74130.0
56.0,9.0,0.0,4.0,0.0,0.0,1.0,0.0,0.0,1.0,0.0,0.0,11.0,11.0,1.0,0.0,0.0,0.0,0.0,0.0,0.0,33130.0
22.0,9.0,302.0,1054.0,0.0,1.0,3.0,0.0,0.0,1.0,0.0,0.0,136.0,255.0,1.0,0.0,0.02,0.01,0.0,0.0,0.0,37890.0
14.0,9.0,1032.0,0.0,0.0,0.0,2.0,0.0,0.0,1.0,0.0,0.0,255.0,255.0,1.0,0.0,0.0,0.0,0.0,0.0,1.0,88033.0
11.0,9.0,44.0,85.0,0.0,0.0,301.0,0.0,0.0,1.0,0.0,0.0,255.0,254.0,1.0,0.01,0.0,0.0,0.0,0.0,0.0,76370.0
11.0,9.0,43.0,74.0,0.0,0.0,128.0,0.0,0.0,1.0,0.0,0.0,255.0,245.0,0.96,0.01,0.0,0.0,0.0,0.0,0.0,97810.0
22.0,9.0,321.0,649.0,0.0,1.0,41.0,0.0,0.0,1.0,0.0,0.0,42.0,255.0,1.0,0.0,0.02,0.0,0.0,0.0,0.0,110494.0
22.0,9.0,203.0,1401.0,0.0,1.0,2.0,0.0,0.0,1.0,0.0,0.14,26.0,38.0,1.0,0.0,0.13,0.0,0.03,0.0,0.0,78414.0
22.0,9.0,172.0,6219.0,0.0,1.0,1.0,0.0,0.0,1.0,0.0,0.08,97.0,255.0,1.0,0.0,0.03,0.0,0.0,0.01,0.0,55491.0
22.0,9.0,272.0,624.0,0.0,1.0,24.0,0.0,0.0,1.0,0.0,0.0,69.0,255.0,1.0,0.0,0.02,0.0,0.0,0.0,0.0,69310.0
11.0,9.0,46.0,83.0,0.0,0.0,153.0,0.0,0.0,1.0,0.0,0.02,255.0,227.0,0.89,0.01,0.0,0.0,0.0,0.0,0.0,9195.0
14.0,9.0,1480.0,0.0,1.0,0.0,5.0,0.0,0.0,1.0,0.0,0.0,255.0,5.0,0.02,0.02,0.0,0.0,0.0,0.0,1.0,11673.0
22.0,9.0,238.0,2698.0,0.0,1.0,6.0,0.0,0.0,1.0,0.0,0.0,255.0,253.0,0.99,0.01,0.0,0.0,0.0,0.02,0.0,15683.0
22.0,9.0,247.0,293.0,0.0,1.0,22.0,0.0,0.0,1.0,0.0,0.0,22.0,236.0,1.0,0.0,0.02,0.0,0.0,0.0,0.0,40936.0
22.0,9.0,207.0,2302.0,0.0,1.0,5.0,0.0,0.0,1.0,0.0,0.0,255.0,255.0,1.0,0.0,0.0,0.0,0.0,0.0,0.0,35727.0
22.0,9.0,319.0,24048.0,0.0,1.0,5.0,0.0,0.0,1.0,0.0,0.0,9.0,255.0,1.0,0.0,0.06,0.0,0.0,0.0,0.0,58916.0
44.0,9.0,105.0,145.0,0.0,0.0,1.0,0.0,0.0,1.0,0.0,0.0,97.0,93.0,0.96,0.03,0.0,0.0,0.0,0.0,0.0,6533.0
49.0,9.0,1506.0,332.0,0.0,1.0,1.0,0.0,0.0,1.0,0.0,0.0,111.0,70.0,0.63,0.04,0.0,0.0,0.0,0.0,0.0,15571.0
22.0,9.0,205.0,25672.0,0.0,1.0,5.0,0.2,0.2,1.0,0.0,0.0,255.0,255.0,1.0,0.0,0.0,0.01,0.01,0.02,0.0,53699.0
22.0,9.0,217.0,13110.0,0.0,1.0,1.0,0.0,0.0,1.0,0.0,0.12,11.0,255.0,1.0,0.0,0.04,0.0,0.0,0.0,0.0,5225.0
49.0,9.0,1355.0,392.0,0.0,1.0,1.0,0.0,0.0,1.0,0.0,0.0,255.0,7.0,0.03,0.07,0.0,0.96,0.0,0.0,0.0,30558.0
22.0,1.0,0.0,0.0,0.0,0.0,1.0,0.0,0.0,1.0,0.0,0.0,8.0,255.0,1.0,0.0,0.1,0.0,0.0,0.56,0.0,60898.0
22.0,9.0,230.0,5283.0,0.0,1.0,12.0,0.0,0.0,1.0,0.0,0.0,12.0,255.0,1.0,0.0,0.04,0.0,0.0,0.0,0.0,80418.0
22.0,9.0,201.0,4841.0,0.0,1.0,1.0,0.0,0.0,1.0,0.0,0.67,255.0,255.0,1.0,0.0,0.0,0.0,0.0,0.0,0.0,118420.0
13.0,9.0,30.0,0.0,0.0,0.0,1.0,0.0,0.0,1.0,0.0,0.0,49.0,90.0,0.98,0.04,0.24,0.0,0.0,0.0,0.0,12754.0
18.0,9.0,1276.0,2451.0,0.0,1.0,1.0,0.0,0.0,1.0,0.0,0.0,255.0,132.0,0.52,0.02,0.0,0.0,0.0,0.0,1.0,4263.0
22.0,9.0,200.0,706.0,0.0,1.0,23.0,0.0,0.0,1.0,0.0,0.08,255.0,255.0,1.0,0.0,0.0,0.0,0.0,0.0,0.0,70067.0
22.0,9.0,202.0,4768.0,0.0,1.0,12.0,0.0,0.0,1.0,0.0,0.0,255.0,255.0,1.0,0.0,0.0,0.0,0.0,0.0,0.0,24373.0
11.0,9.0,43.0,75.0,0.0,0.0,162.0,0.0,0.0,1.0,0.0,0.0,255.0,255.0,1.0,0.0,0.0,0.0,0.0,0.0,0.0,35467.0
22.0,9.0,332.0,1265.0,0.0,1.0,21.0,0.0,0.0,1.0,0.0,0.0,58.0,255.0,1.0,0.0,0.04,0.0,0.0,0.0,0.0,65377.0
49.0,9.0,1795.0,451.0,0.0,1.0,1.0,0.0,0.0,1.0,0.0,0.75,72.0,58.0,0.81,0.04,0.0,0.0,0.0,0.0,0.0,78054.0
22.0,9.0,228.0,29868.0,0.0,1.0,3.0,0.0,0.0,1.0,0.0,0.0,255.0,255.0,1.0,0.0,0.0,0.0,0.0,0.0,0.0,102376.0
22.0,9.0,247.0,14799.0,0.0,1.0,4.0,0.0,0.0,1.0,0.0,0.25,255.0,255.0,1.0,0.0,0.0,0.0,0.0,0.0,0.0,65619.0
11.0,9.0,44.0,72.0,0.0,0.0,218.0,0.0,0.0,1.0,0.0,0.01,255.0,217.0,0.85,0.01,0.0,0.0,0.0,0.0,0.0,57619.0
22.0,9.0,0.0,1422.0,0.0,0.0,26.0,0.04,0.04,1.0,0.0,0.0,88.0,255.0,1.0,0.0,0.01,0.01,0.0,0.0,0.0,82881.0
22.0,9.0,352.0,261.0,0.0,1.0,1.0,0.0,0.0,1.0,0.0,0.0,29.0,255.0,1.0,0.0,0.02,0.0,0.0,0.0,0.0,66730.0
22.0,9.0,311.0,4161.0,0.0,1.0,16.0,0.0,0.0,1.0,0.0,0.0,255.0,255.0,1.0,0.0,0.0,0.0,0.0,0.0,0.0,85901.0
22.0,9.0,222.0,740.0,0.0,1.0,12.0,0.0,0.0,1.0,0.0,0.24,12.0,255.0,1.0,0.0,0.01,0.0,0.0,0.0,0.0,93427.0
22.0,9.0,317.0,4894.0,0.0,1.0,15.0,0.0,0.0,1.0,0.0,0.12,255.0,255.0,1.0,0.0,0.0,0.0,0.0,0.0,0.0,48567.0
22.0,9.0,336.0,2895.0,0.0,1.0,3.0,0.0,0.0,1.0,0.0,0.0,48.0,255.0,1.0,0.0,0.02,0.0,0.0,0.0,0.0,44242.0
22.0,9.0,327.0,1524.0,0.0,1.0,7.0,0.0,0.0,1.0,0.0,0.0,215.0,255.0,1.0,0.0,0.01,0.0,0.0,0.0,0.0,49385.0
49.0,9.0,769.0,330.0,0.0,1.0,1.0,0.0,0.0,1.0,0.0,1.0,90.0,190.0,0.83,0.06,0.01,0.0,0.01,0.0,0.0,74285.0
22.0,9.0,426.0,8354.0,0.0,1.0,8.0,0.0,0.0,1.0,0.0,0.0,255.0,255.0,1.0,0.0,0.0,0.0,0.0,0.0,0.0,40815.0
22.0,9.0,208.0,6801.0,0.0,1.0,6.0,0.0,0.0,1.0,0.0,0.0,6.0,255.0,1.0,0.0,0.02,0.0,0.0,0.0,0.0,103417.0
22.0,9.0,210.0,1295.0,0.0,1.0,3.0,0.0,0.0,1.0,0.0,0.0,8.0,255.0,1.0,0.0,0.01,0.0,0.0,0.0,0.0,57610.0
40.0,9.0,3888.0,0.0,0.0,1.0,3.0,0.0,0.0,0.33,1.0,0.0,221.0,1.0,0.0,0.09,0.0,0.0,0.0,0.0,0.0,107262.0
22.0,9.0,295.0,2649.0,0.0,1.0,3.0,0.33,0.33,1.0,0.0,0.0,255.0,255.0,1.0,0.0,0.0,0.0,0.0,0.0,0.0,124944.0
22.0,1.0,0.0,0.0,0.0,0.0,1.0,0.0,0.0,1.0,0.0,0.0,2.0,255.0,1.0,0.0,0.04,0.0,0.01,0.02,0.0,114781.0
22.0,9.0,227.0,392.0,0.0,1.0,6.0,0.0,0.0,1.0,0.0,0.11,99.0,255.0,1.0,0.0,0.03,0.0,0.0,0.0,0.0,109967.0
49.0,5.0,0.0,0.0,0.0,0.0,2.0,0.5,0.5,1.0,0.0,0.0,83.0,147.0,0.49,0.07,0.01,0.01,0.01,0.01,0.0,112840.0
22.0,9.0,310.0,1183.0,0.0,1.0,1.0,0.0,0.0,1.0,0.0,0.67,5.0,255.0,1.0,0.0,0.02,0.0,0.0,0.0,0.0,72335.0
22.0,1.0,0.0,0.0,0.0,0.0,1.0,0.0,0.0,1.0,0.0,0.67,1.0,250.0,1.0,0.0,0.03,0.0,0.0,0.25,0.0,63492.0
19.0,9.0,495.0,0.0,0.0,1.0,2.0,0.0,0.0,0.5,1.0,0.0,137.0,78.0,0.11,0.04,0.03,0.0,0.0,0.0,0.0,118285.0
19.0,9.0,1376.0,0.0,0.0,1.0,4.0,0.0,0.0,1.0,0.0,0.0,255.0,53.0,0.21,0.02,0.0,0.33,0.42,0.0,0.0,95482.0
44.0,9.0,105.0,147.0,0.0,0.0,2.0,0.0,0.0,1.0,0.0,0.0,255.0,245.0,0.96,0.01,0.0,0.0,0.0,0.0,0.0,36074.0
22.0,9.0,211.0,1733.0,0.0,1.0,9.0,0.0,0.0,1.0,0.0,0.0,129.0,255.0,1.0,0.0,0.03,0.0,0.0,0.0,0.0,31863.0
11.0,9.0,44.0,82.0,0.0,0.0,178.0,0.0,0.0,1.0,0.0,0.0,255.0,197.0,0.77,0.01,0.0,0.0,0.0,0.0,0.0,61209.0
19.0,9.0,7321.0,0.0,0.0,1.0,1.0,0.0,0.0,1.0,0.0,0.0,213.0,77.0,0.32,0.02,0.03,0.0,0.0,0.0,0.0,48829.0
22.0,9.0,347.0,314.0,0.0,1.0,6.0,0.0,0.0,1.0,0.0,0.29,171.0,255.0,1.0,0.0,0.02,0.0,0.0,0.0,0.0,30664.0
22.0,9.0,254.0,390.0,0.0,1.0,13.0,0.0,0.0,1.0,0.0,0.14,176.0,255.0,1.0,0.0,0.01,0.0,0.0,0.0,0.0,773.0
22.0,9.0,54540.0,8314.0,0.0,1.0,4.0,0.0,0.0,1.0,0.0,0.0,255.0,255.0,1.0,0.0,0.0,0.0,0.0,0.04,1.0,102081.0
22.0,9.0,300.0,2239.0,0.0,1.0,3.0,0.0,0.0,1.0,0.0,0.43,255.0,250.0,0.98,0.01,0.0,0.0,0.0,0.0,0.0,8196.0
22.0,9.0,229.0,273.0,0.0,1.0,2.0,0.0,0.0,1.0,0.0,0.0,102.0,255.0,1.0,0.0,0.07,0.0,0.0,0.0,0.0,110026.0
22.0,9.0,251.0,977.0,0.0,1.0,19.0,0.0,0.0,1.0,0.0,0.07,255.0,255.0,1.0,0.0,0.0,0.0,0.0,0.0,0.0,53077.0
40.0,9.0,147.0,105.0,0.0,0.0,1.0,0.0,0.0,1.0,0.0,0.0,255.0,2.0,0.01,0.75,0.0,0.0,0.0,0.0,0.0,46819.0
22.0,1.0,0.0,0.0,0.0,0.0,1.0,0.0,0.0,1.0,0.0,0.0,4.0,49.0,1.0,0.0,0.14,0.0,0.0,0.65,0.0,30226.0
55.0,9.0,2336.0,4201.0,0.0,1.0,2.0,0.0,0.0,0.5,1.0,0.0,7.0,7.0,1.0,0.0,0.0,0.0,0.0,0.14,1.0,69476.0
22.0,9.0,224.0,4352.0,0.0,1.0,2.0,0.0,0.0,1.0,0.0,0.0,164.0,255.0,1.0,0.0,0.02,0.0,0.0,0.0,0.0,91973.0
55.0,6.0,90.0,2832.0,0.0,1.0,1.0,1.0,1.0,1.0,0.0,0.0,140.0,26.0,0.19,0.51,0.0,0.07,0.38,0.04,0.0,119033.0
22.0,9.0,222.0,10993.0,0.0,1.0,21.0,0.0,0.0,1.0,0.0,0.0,45.0,255.0,1.0,0.0,0.03,0.0,0.0,0.0,0.0,89804.0
22.0,1.0,0.0,0.0,0.0,0.0,1.0,0.0,0.0,1.0,0.0,0.0,33.0,255.0,1.0,0.0,0.07,0.0,0.0,0.91,0.0,7997.0
22.0,9.0,284.0,4834.0,0.0,1.0,1.0,0.0,0.0,1.0,0.0,0.0,3.0,6.0,1.0,0.0,0.33,0.0,0.0,0.0,0.0,32479.0
11.0,9.0,43.0,134.0,0.0,0.0,157.0,0.0,0.0,1.0,0.0,0.01,255.0,255.0,1.0,0.0,0.0,0.0,0.0,0.0,0.0,89122.0
22.0,9.0,312.0,527.0,0.0,1.0,7.0,0.0,0.0,1.0,0.0,0.0,255.0,255.0,1.0,0.0,0.0,0.0,0.0,0.0,0.0,33022.0
44.0,9.0,28.0,0.0,1.0,0.0,1.0,0.0,0.0,1.0,0.0,0.0,255.0,1.0,0.0,0.02,0.0,0.0,0.0,0.0,1.0,103309.0
49.0,9.0,1822.0,375.0,0.0,1.0,1.0,0.0,0.0,1.0,0.0,1.0,193.0,122.0,0.63,0.02,0.0,0.0,0.0,0.0,0.0,68163.0
22.0,1.0,0.0,0.0,0.0,0.0,1.0,0.0,0.0,1.0,0.0,0.67,2.0,255.0,1.0,0.0,0.11,0.0,0.0,1.0,0.0,82937.0
22.0,9.0,303.0,2507.0,0.0,1.0,2.0,0.0,0.0,1.0,0.0,0.0,255.0,246.0,0.96,0.01,0.0,0.0,0.0,0.02,0.0,92805.0
22.0,9.0,311.0,24017.0,0.0,1.0,6.0,0.0,0.0,1.0,0.0,0.0,6.0,255.0,1.0,0.0,0.08,0.0,0.0,0.0,0.0,119333.0
44.0,9.0,105.0,145.0,0.0,0.0,4.0,0.0,0.0,0.25,0.5,0.0,255.0,246.0,0.96,0.01,0.0,0.0,0.0,0.0,0.0,43410.0
55.0,9.0,65.0,911.0,0.0,1.0,1.0,0.0,0.0,1.0,0.0,0.0,42.0,6.0,0.14,0.1,0.0,0.02,0.17,0.0,0.0,85317.0
22.0,9.0,158.0,8549.0,0.0,1.0,1.0,0.0,0.0,1.0,0.0,0.0,1.0,255.0,1.0,0.0,0.01,0.0,0.0,0.0,0.0,123394.0
22.0,9.0,201.0,2245.0,0.0,1.0,3.0,0.0,0.0,1.0,0.0,0.0,25.0,255.0,1.0,0.0,0.04,0.04,0.0,0.0,0.0,69189.0
3.0,9.0,14.0,39.0,0.0,1.0,1.0,0.0,0.95,1.0,0.0,0.1,2.0,3.0,0.5,1.0,0.67,0.0,0.0,0.0,0.0,112852.0
22.0,9.0,199.0,19271.0,0.0,1.0,19.0,0.0,0.0,1.0,0.0,0.0,47.0,255.0,1.0,0.0,0.07,0.0,0.0,0.0,0.0,2289.0
49.0,9.0,1851.0,331.0,0.0,1.0,1.0,0.0,0.0,1.0,0.0,1.0,255.0,155.0,0.61,0.01,0.0,0.0,0.0,0.0,0.0,74693.0
22.0,9.0,290.0,246.0,0.0,1.0,33.0,0.0,0.0,1.0,0.0,0.06,69.0,255.0,1.0,0.0,0.04,0.0,0.0,0.0,0.0,41548.0
22.0,9.0,160.0,2444.0,0.0,1.0,4.0,0.0,0.0,1.0,0.0,0.0,24.0,255.0,1.0,0.0,0.05,0.0,0.0,0.0,0.0,78380.0
22.0,9.0,201.0,1800.0,0.0,1.0,11.0,0.0,0.0,1.0,0.0,0.0,255.0,255.0,1.0,0.0,0.0,0.0,0.0,0.0,0.0,37529.0
11.0,9.0,44.0,126.0,0.0,0.0,56.0,0.0,0.0,1.0,0.0,0.01,255.0,254.0,1.0,0.01,0.0,0.0,0.0,0.0,0.0,42315.0
19.0,9.0,965.0,0.0,0.0,1.0,9.0,0.0,0.0,1.0,0.0,0.2,39.0,94.0,0.74,0.08,0.02,0.0,0.0,0.0,0.0,39700.0
22.0,1.0,0.0,0.0,0.0,0.0,1.0,0.0,0.0,1.0,0.0,0.0,6.0,109.0,1.0,0.0,0.24,0.0,0.0,1.0,0.0,90791.0
22.0,9.0,208.0,776.0,0.0,1.0,1.0,0.0,0.0,1.0,0.0,0.0,255.0,239.0,0.94,0.01,0.0,0.0,0.0,0.0,0.0,19090.0
22.0,9.0,201.0,353.0,0.0,1.0,9.0,0.0,0.0,1.0,0.0,0.08,105.0,255.0,1.0,0.0,0.02,0.0,0.0,0.0,0.0,121506.0
22.0,9.0,185.0,11293.0,0.0,1.0,20.0,0.0,0.0,1.0,0.0,0.09,20.0,255.0,1.0,0.0,0.05,0.0,0.0,0.0,0.0,100170.0
19.0,9.0,5891.0,0.0,0.0,1.0,17.0,0.0,0.0,1.0,0.0,0.06,216.0,106.0,0.39,0.04,0.02,0.0,0.0,0.0,0.0,15952.0
22.0,9.0,208.0,313.0,0.0,1.0,41.0,0.0,0.0,1.0,0.0,0.0,255.0,255.0,1.0,0.0,0.0,0.0,0.0,0.05,0.0,65064.0
22.0,9.0,190.0,8654.0,0.0,1.0,4.0,0.0,0.0,1.0,0.0,0.0,74.0,255.0,1.0,0.0,0.05,0.01,0.0,0.0,0.0,664.0
19.0,9.0,3690.0,0.0,0.0,1.0,3.0,0.0,0.0,1.0,0.0,0.0,67.0,95.0,0.55,0.04,0.02,0.0,0.0,0.0,0.0,75512.0
22.0,9.0,211.0,2625.0,0.0,1.0,4.0,0.0,0.0,1.0,0.0,0.0,50.0,255.0,1.0,0.0,0.07,0.0,0.0,0.0,0.0,79876.0
22.0,9.0,358.0,899.0,0.0,1.0,6.0,0.0,0.0,1.0,0.0,0.0,43.0,255.0,1.0,0.0,0.01,0.0,0.0,0.0,0.0,123593.0
22.0,9.0,317.0,2536.0,0.0,1.0,21.0,0.0,0.0,1.0,0.0,0.14,255.0,255.0,1.0,0.0,0.0,0.0,0.0,0.0,0.0,59328.0
11.0,9.0,43.0,76.0,0.0,0.0,156.0,0.0,0.0,1.0,0.0,0.0,255.0,249.0,0.98,0.01,0.0,0.0,0.0,0.0,0.0,5672.0
22.0,1.0,0.0,0.0,0.0,0.0,1.0,0.0,0.0,1.0,0.0,1.0,2.0,255.0,1.0,0.0,0.09,0.0,0.0,0.87,0.0,24640.0
49.0,9.0,12385.0,1393.0,0.0,1.0,1.0,0.0,0.0,1.0,0.0,0.0,228.0,111.0,0.49,0.01,0.0,0.0,0.0,0.0,0.0,75127.0
11.0,9.0,73.0,45.0,0.0,0.0,129.0,0.0,0.0,1.0,0.0,0.0,255.0,166.0,0.65,0.01,0.0,0.0,0.0,0.0,0.0,113299.0
22.0,9.0,251.0,1939.0,0.0,1.0,1.0,0.0,0.0,1.0,0.0,0.0,255.0,237.0,0.93,0.01,0.0,0.0,0.0,0.0,0.0,56683.0
22.0,9.0,285.0,18555.0,0.0,1.0,8.0,0.0,0.0,1.0,0.0,0.0,123.0,255.0,1.0,0.0,0.03,0.0,0.0,0.0,0.0,3451.0
11.0,9.0,43.0,43.0,0.0,0.0,106.0,0.0,0.0,1.0,0.0,0.03,226.0,161.0,0.71,0.02,0.0,0.0,0.0,0.0,0.0,67066.0
40.0,9.0,147.0,105.0,0.0,0.0,4.0,0.0,0.0,0.5,0.5,0.0,255.0,2.0,0.01,0.59,0.0,0.0,0.0,0.0,0.0,89767.0
22.0,9.0,222.0,1259.0,0.0,1.0,15.0,0.0,0.0,1.0,0.0,0.0,41.0,255.0,1.0,0.0,0.05,0.0,0.0,0.0,0.0,98672.0
49.0,9.0,1439.0,329.0,0.0,1.0,1.0,0.0,0.0,1.0,0.0,0.0,42.0,245.0,0.93,0.05,0.01,0.0,0.0,0.0,0.0,80767.0
22.0,9.0,209.0,2430.0,0.0,1.0,7.0,0.0,0.0,1.0,0.0,0.0,7.0,255.0,1.0,0.0,0.01,0.0,0.0,0.0,0.0,112429.0
11.0,9.0,46.0,100.0,0.0,0.0,164.0,0.0,0.0,1.0,0.0,0.01,255.0,228.0,0.89,0.01,0.0,0.0,0.0,0.0,0.0,68384.0
22.0,9.0,256.0,695.0,0.0,1.0,6.0,0.0,0.0,1.0,0.0,0.0,255.0,255.0,1.0,0.0,0.0,0.0,0.0,0.0,0.0,109392.0
3.0,9.0,9.0,36.0,0.0,1.0,1.0,0.0,0.0,1.0,0.0,0.0,235.0,7.0,0.03,0.03,0.0,0.0,0.0,0.0,0.0,46371.0
49.0,9.0,1000.0,333.0,0.0,1.0,1.0,0.0,0.0,1.0,0.0,1.0,215.0,162.0,0.69,0.02,0.01,0.0,0.0,0.0,0.0,9991.0
22.0,9.0,222.0,2195.0,0.0,1.0,10.0,0.0,0.0,1.0,0.0,0.15,255.0,255.0,1.0,0.0,0.0,0.0,0.0,0.0,0.0,47260.0
22.0,9.0,208.0,5604.0,0.0,1.0,2.0,0.0,0.0,1.0,0.0,0.0,67.0,255.0,1.0,0.0,0.05,0.0,0.0,0.0,0.0,1629.0
49.0,9.0,2029.0,336.0,0.0,1.0,1.0,0.0,0.0,1.0,0.0,1.0,170.0,139.0,0.63,0.02,0.01,0.01,0.01,0.0,0.0,41372.0
44.0,9.0,207.0,0.0,0.0,0.0,2.0,0.0,0.0,1.0,0.0,0.0,174.0,150.0,0.86,0.01,0.0,0.0,0.0,0.0,1.0,67307.0
22.0,9.0,232.0,1211.0,0.0,1.0,1.0,0.0,0.0,1.0,0.0,0.0,1.0,255.0,1.0,0.0,0.05,0.0,0.0,0.0,0.0,53050.0
22.0,9.0,233.0,33730.0,0.0,1.0,1.0,0.0,0.0,1.0,0.0,1.0,255.0,255.0,1.0,0.0,0.0,0.0,0.0,0.0,0.0,93196.0
22.0,9.0,309.0,3222.0,0.0,1.0,2.0,0.0,0.0,1.0,0.0,0.0,255.0,250.0,0.98,0.01,0.0,0.0,0.0,0.0,0.0,22141.0
22.0,9.0,242.0,575.0,0.0,1.0,3.0,0.0,0.0,1.0,0.0,0.36,255.0,255.0,1.0,0.0,0.0,0.0,0.0,0.0,0.0,104706.0
22.0,9.0,284.0,5048.0,0.0,1.0,1.0,0.0,0.0,1.0,0.0,0.0,1.0,255.0,1.0,0.0,0.05,0.0,0.0,0.0,0.0,90577.0
40.0,9.0,516.0,4.0,0.0,0.0,472.0,0.0,0.0,1.0,0.0,0.0,255.0,255.0,1.0,0.0,0.0,0.0,0.0,0.0,0.0,66807.0
22.0,9.0,281.0,764.0,0.0,1.0,1.0,0.0,0.0,1.0,0.0,0.25,108.0,255.0,1.0,0.0,0.02,0.0,0.0,0.0,0.0,102147.0
22.0,9.0,232.0,332.0,0.0,1.0,6.0,0.0,0.0,1.0,0.0,0.36,255.0,255.0,1.0,0.0,0.0,0.0,0.0,0.0,0.0,16919.0
40.0,9.0,147.0,0.0,0.0,0.0,1.0,0.0,0.0,1.0,0.0,0.0,255.0,1.0,0.0,0.67,0.0,0.0,0.0,0.0,0.0,37344.0
19.0,9.0,7045.0,0.0,0.0,1.0,2.0,0.0,0.0,1.0,0.0,0.0,2.0,14.0,1.0,0.0,0.29,0.0,0.0,0.0,1.0,43062.0
22.0,9.0,340.0,255.0,0.0,1.0,9.0,0.0,0.0,1.0,0.0,0.0,255.0,255.0,1.0,0.0,0.0,0.0,0.0,0.0,0.0,65346.0
22.0,9.0,213.0,281.0,0.0,1.0,3.0,0.33,0.17,1.0,0.0,0.5,3.0,255.0,1.0,0.0,0.01,0.33,0.01,0.0,0.0,49522.0
22.0,9.0,305.0,646.0,0.0,1.0,28.0,0.0,0.0,1.0,0.0,0.0,188.0,255.0,1.0,0.0,0.01,0.0,0.0,0.0,0.0,95768.0
22.0,9.0,173.0,8615.0,0.0,1.0,1.0,0.0,0.0,1.0,0.0,0.0,255.0,255.0,1.0,0.0,0.0,0.0,0.0,0.0,0.0,69451.0
19.0,9.0,748.0,0.0,0.0,1.0,1.0,0.0,0.0,1.0,0.0,0.0,255.0,12.0,0.05,0.02,0.0,0.0,0.0,0.0,0.0,57998.0
13.0,9.0,64.0,0.0,0.0,0.0,4.0,0.0,0.0,1.0,0.0,0.0,184.0,4.0,0.02,0.04,0.0,0.0,0.0,0.0,0.0,20640.0
22.0,5.0,0.0,0.0,0.0,0.0,2.0,0.5,0.05,1.0,0.0,0.14,2.0,255.0,1.0,0.0,0.05,0.5,0.01,0.0,0.0,36684.0
11.0,9.0,43.0,121.0,0.0,0.0,81.0,0.0,0.0,1.0,0.0,0.0,255.0,254.0,1.0,0.01,0.0,0.0,0.0,0.0,0.0,103676.0
49.0,9.0,979.0,340.0,0.0,1.0,1.0,0.0,0.0,1.0,0.0,1.0,202.0,140.0,0.54,0.02,0.01,0.0,0.0,0.0,0.0,12166.0
22.0,9.0,221.0,917.0,0.0,1.0,16.0,0.0,0.0,1.0,0.0,0.0,255.0,255.0,1.0,0.0,0.0,0.0,0.0,0.0,0.0,40404.0
11.0,9.0,44.0,127.0,0.0,0.0,77.0,0.0,0.0,1.0,0.0,0.01,255.0,254.0,1.0,0.01,0.0,0.0,0.0,0.0,0.0,85566.0
22.0,9.0,235.0,7522.0,0.0,1.0,3.0,0.0,0.0,1.0,0.0,0.33,3.0,255.0,1.0,0.0,0.05,0.0,0.0,0.0,0.0,4141.0
11.0,9.0,46.0,46.0,0.0,0.0,18.0,0.0,0.0,1.0,0.0,0.07,255.0,255.0,1.0,0.0,0.0,0.0,0.0,0.0,0.0,72651.0
49.0,9.0,1495.0,330.0,0.0,1.0,1.0,0.0,0.0,1.0,0.0,1.0,255.0,141.0,0.55,0.03,0.0,0.0,0.0,0.0,0.0,97463.0
11.0,9.0,45.0,70.0,0.0,0.0,312.0,0.0,0.0,1.0,0.0,0.0,255.0,254.0,1.0,0.01,0.0,0.0,0.0,0.0,0.0,121864.0
11.0,9.0,44.0,44.0,0.0,0.0,13.0,0.0,0.0,1.0,0.0,0.19,255.0,255.0,1.0,0.0,0.0,0.0,0.0,0.0,0.0,6057.0
49.0,9.0,1874.0,401.0,0.0,1.0,1.0,0.0,0.0,1.0,0.0,0.0,76.0,241.0,0.97,0.03,0.01,0.0,0.0,0.0,0.0,49184.0
44.0,9.0,105.0,145.0,0.0,0.0,7.0,0.0,0.0,0.14,0.29,0.0,255.0,222.0,0.87,0.01,0.0,0.0,0.0,0.0,0.0,107013.0
22.0,9.0,211.0,392.0,0.0,1.0,13.0,0.0,0.0,1.0,0.0,0.14,255.0,255.0,1.0,0.0,0.0,0.0,0.0,0.0,0.0,59829.0
17.0,9.0,6.0,273.0,0.0,0.0,1.0,0.0,0.0,1.0,0.0,0.0,112.0,9.0,0.04,0.04,0.22,0.0,0.0,0.0,0.0,84422.0
49.0,9.0,1116.0,331.0,0.0,1.0,1.0,0.0,0.0,1.0,0.0,0.0,99.0,61.0,0.62,0.03,0.0,0.0,0.0,0.0,0.0,93970.0
49.0,9.0,1098.0,411.0,0.0,1.0,1.0,0.0,0.0,1.0,0.0,1.0,157.0,135.0,0.41,0.03,0.01,0.0,0.0,0.0,0.0,56238.0
11.0,9.0,44.0,91.0,0.0,0.0,157.0,0.0,0.0,1.0,0.0,0.0,255.0,225.0,0.88,0.01,0.0,0.0,0.0,0.0,0.0,24918.0
19.0,9.0,1699.0,0.0,0.0,1.0,9.0,0.0,0.0,1.0,0.0,0.0,29.0,115.0,0.52,0.14,0.03,0.0,0.0,0.0,0.0,73774.0
39.0,9.0,48.0,48.0,0.0,0.0,1.0,0.0,0.0,1.0,0.0,0.0,35.0,10.0,0.29,0.06,0.0,0.0,0.0,0.0,0.0,69521.0
49.0,9.0,1033.0,334.0,0.0,1.0,1.0,0.0,0.0,1.0,0.0,1.0,198.0,116.0,0.59,0.03,0.0,0.0,0.0,0.0,0.0,116132.0
22.0,9.0,226.0,28076.0,0.0,1.0,10.0,0.0,0.0,1.0,0.0,0.17,109.0,255.0,1.0,0.0,0.02,0.01,0.0,0.0,0.0,49032.0
22.0,9.0,240.0,438.0,0.0,1.0,9.0,0.0,0.0,1.0,0.0,0.0,255.0,255.0,1.0,0.0,0.0,0.0,0.0,0.0,0.0,87867.0
13.0,9.0,30.0,0.0,0.0,0.0,2.0,0.0,0.0,0.5,1.0,0.0,255.0,31.0,0.12,0.01,0.0,0.0,0.0,0.0,0.0,38194.0
49.0,9.0,674.0,327.0,0.0,1.0,1.0,0.0,0.0,1.0,0.0,1.0,2.0,137.0,1.0,0.0,0.01,0.0,0.0,0.0,0.0,30777.0
22.0,9.0,278.0,365.0,0.0,1.0,3.0,0.0,0.0,1.0,0.0,0.0,255.0,255.0,1.0,0.0,0.0,0.0,0.0,0.0,0.0,64748.0
49.0,9.0,11425.0,1372.0,0.0,1.0,1.0,0.0,0.0,1.0,0.0,0.0,47.0,171.0,0.57,0.04,0.01,0.0,0.0,0.0,0.0,95000.0
19.0,9.0,9311.0,0.0,0.0,1.0,9.0,0.0,0.0,1.0,0.0,0.0,111.0,89.0,0.47,0.04,0.02,0.01,0.01,0.0,0.0,96987.0
18.0,9.0,323.0,1054.0,0.0,1.0,1.0,0.0,0.0,1.0,0.0,0.0,7.0,3.0,0.43,0.29,0.0,0.0,0.0,0.0,0.0,109450.0
11.0,9.0,45.0,45.0,0.0,0.0,155.0,0.0,0.0,1.0,0.0,0.01,255.0,229.0,0.9,0.01,0.0,0.0,0.0,0.0,0.0,113891.0
19.0,9.0,7422.0,0.0,0.0,1.0,11.0,0.0,0.0,1.0,0.0,0.0,201.0,62.0,0.2,0.03,0.03,0.0,0.0,0.0,0.0,54938.0
11.0,9.0,46.0,74.0,0.0,0.0,193.0,0.0,0.0,1.0,0.0,0.0,255.0,206.0,0.81,0.01,0.0,0.0,0.0,0.0,0.0,88092.0
40.0,9.0,516.0,4.0,0.0,0.0,281.0,0.0,0.0,1.0,0.0,0.0,255.0,255.0,1.0,0.0,0.0,0.0,0.0,0.0,0.0,46176.0
11.0,9.0,30.0,0.0,0.0,0.0,1.0,0.0,0.0,1.0,0.0,1.0,25.0,28.0,0.2,0.12,0.07,0.0,0.0,0.0,0.0,74139.0
49.0,9.0,895.0,328.0,0.0,1.0,1.0,0.0,0.0,1.0,0.0,0.0,171.0,119.0,0.7,0.02,0.0,0.0,0.0,0.0,0.0,17080.0
22.0,9.0,332.0,1394.0,0.0,1.0,23.0,0.0,0.0,1.0,0.0,0.0,141.0,255.0,1.0,0.0,0.02,0.01,0.0,0.0,0.0,1463.0
22.0,1.0,0.0,0.0,0.0,0.0,1.0,0.0,0.0,1.0,0.0,0.0,78.0,78.0,1.0,0.0,0.0,0.0,0.0,1.0,0.0,60114.0
22.0,1.0,0.0,0.0,0.0,0.0,1.0,0.0,0.0,1.0,0.0,0.0,26.0,255.0,1.0,0.0,0.1,0.0,0.0,1.0,0.0,36609.0
39.0,9.0,48.0,48.0,0.0,0.0,1.0,0.0,0.0,1.0,0.0,0.0,115.0,58.0,0.5,0.03,0.0,0.0,0.0,0.0,0.0,58473.0
49.0,9.0,1616.0,501.0,0.0,1.0,1.0,0.0,0.0,1.0,0.0,0.0,255.0,32.0,0.13,0.06,0.0,0.65,0.0,0.0,0.0,8363.0
22.0,9.0,321.0,1554.0,0.0,1.0,9.0,0.0,0.0,1.0,0.0,0.2,196.0,255.0,1.0,0.0,0.02,0.0,0.0,0.0,0.0,75980.0
22.0,9.0,278.0,345.0,0.0,1.0,1.0,0.0,0.0,1.0,0.0,0.0,74.0,255.0,1.0,0.0,0.01,0.0,0.0,0.0,0.0,33448.0
22.0,9.0,171.0,2469.0,0.0,1.0,3.0,0.0,0.0,1.0,0.0,0.0,3.0,255.0,1.0,0.0,0.11,0.0,0.0,0.0,0.0,63710.0
18.0,9.0,1264.0,2451.0,0.0,1.0,1.0,0.0,0.0,1.0,0.0,0.0,255.0,97.0,0.38,0.02,0.0,0.0,0.0,0.0,1.0,70023.0
55.0,9.0,127.0,2113.0,0.0,1.0,1.0,0.0,0.0,1.0,0.0,0.0,109.0,53.0,0.49,0.04,0.0,0.02,0.04,0.92,0.0,80241.0
49.0,9.0,1763.0,370.0,0.0,1.0,1.0,0.0,0.0,1.0,0.0,0.0,209.0,177.0,0.71,0.02,0.01,0.0,0.0,0.06,0.0,42256.0
22.0,9.0,233.0,7571.0,0.0,1.0,16.0,0.0,0.0,1.0,0.0,0.11,17.0,255.0,1.0,0.0,0.06,0.0,0.0,0.01,0.0,100886.0
19.0,9.0,246.0,0.0,0.0,1.0,1.0,0.0,0.0,1.0,0.0,0.0,1.0,26.0,1.0,0.0,0.19,0.0,0.0,0.0,1.0,73899.0
44.0,9.0,100.0,0.0,0.0,0.0,2.0,0.0,0.0,1.0,0.0,0.0,228.0,38.0,0.17,0.01,0.0,0.0,0.0,0.0,1.0,54415.0
22.0,9.0,300.0,1217.0,0.0,1.0,22.0,0.0,0.0,1.0,0.0,0.12,255.0,255.0,1.0,0.0,0.0,0.0,0.0,0.0,0.0,26869.0
49.0,9.0,988.0,326.0,0.0,1.0,1.0,0.0,0.0,1.0,0.0,1.0,255.0,143.0,0.56,0.06,0.0,0.02,0.02,0.0,0.0,103980.0
48.0,2.0,358678.0,252.0,0.0,1.0,2.0,0.0,0.0,0.5,1.0,1.0,3.0,1.0,0.33,1.0,0.0,0.0,0.0,1.0,0.0,53128.0
22.0,1.0,0.0,0.0,0.0,0.0,1.0,0.0,0.0,1.0,0.0,0.0,10.0,250.0,1.0,0.0,0.29,0.0,0.0,1.0,0.0,18875.0
49.0,9.0,992.0,279.0,0.0,1.0,1.0,0.0,0.0,1.0,0.0,1.0,22.0,25.0,0.82,0.14,0.08,0.0,0.0,0.0,0.0,2231.0
22.0,9.0,229.0,639.0,0.0,1.0,32.0,0.0,0.0,1.0,0.0,0.03,32.0,255.0,1.0,0.0,0.05,0.0,0.0,0.0,0.0,45390.0
22.0,9.0,322.0,4083.0,0.0,1.0,23.0,0.0,0.0,1.0,0.0,0.0,255.0,255.0,1.0,0.0,0.0,0.0,0.0,0.0,0.0,18747.0
22.0,9.0,194.0,15965.0,0.0,1.0,22.0,0.0,0.0,1.0,0.0,0.0,96.0,255.0,1.0,0.0,0.02,0.0,0.0,0.0,0.0,18870.0
13.0,9.0,30.0,0.0,0.0,0.0,2.0,0.0,0.0,1.0,0.0,0.0,238.0,238.0,1.0,0.0,0.0,0.0,0.0,0.0,0.0,70315.0
22.0,9.0,310.0,756.0,0.0,1.0,31.0,0.0,0.0,1.0,0.0,0.06,255.0,255.0,1.0,0.0,0.0,0.0,0.0,0.0,0.0,51775.0
17.0,9.0,9.0,221.0,0.0,0.0,1.0,0.0,0.0,1.0,0.0,0.0,152.0,4.0,0.03,0.09,0.0,0.01,0.0,0.0,0.0,101995.0
22.0,9.0,227.0,1197.0,0.0,1.0,1.0,0.0,0.0,1.0,0.0,0.67,108.0,255.0,1.0,0.0,0.01,0.0,0.0,0.0,0.0,83253.0
49.0,9.0,765.0,331.0,0.0,1.0,1.0,0.0,0.0,1.0,0.0,0.0,158.0,144.0,0.91,0.02,0.0,0.0,0.0,0.0,0.0,120298.0
22.0,9.0,221.0,2174.0,0.0,1.0,10.0,0.0,0.0,1.0,0.0,0.0,61.0,255.0,1.0,0.0,0.03,0.0,0.0,0.0,0.0,1952.0
22.0,9.0,226.0,2977.0,0.0,1.0,6.0,0.0,0.0,1.0,0.0,0.38,6.0,255.0,1.0,0.0,0.05,0.0,0.0,0.0,0.0,76930.0
49.0,9.0,2522.0,324.0,0.0,1.0,1.0,0.0,0.0,1.0,0.0,0.0,255.0,151.0,0.59,0.02,0.0,0.0,0.0,0.0,0.0,113141.0
49.0,9.0,736.0,330.0,0.0,1.0,1.0,0.0,0.0,1.0,0.0,0.0,255.0,172.0,0.67,0.02,0.0,0.0,0.0,0.0,0.0,30199.0
49.0,9.0,888.0,334.0,0.0,1.0,1.0,0.0,0.0,1.0,0.0,1.0,99.0,168.0,0.82,0.04,0.01,0.03,0.02,0.0,0.0,91477.0
22.0,9.0,325.0,7426.0,0.0,1.0,1.0,0.0,0.0,1.0,0.0,0.11,44.0,255.0,1.0,0.0,0.07,0.0,0.0,0.0,0.0,78950.0
22.0,9.0,171.0,6171.0,0.0,1.0,21.0,0.0,0.0,1.0,0.0,0.0,60.0,255.0,1.0,0.0,0.01,0.0,0.0,0.0,0.0,40977.0
22.0,9.0,291.0,868.0,0.0,1.0,23.0,0.0,0.0,1.0,0.0,0.0,255.0,255.0,1.0,0.0,0.0,0.0,0.0,0.0,0.0,848.0
22.0,9.0,284.0,810.0,0.0,1.0,23.0,0.0,0.0,1.0,0.0,0.0,255.0,255.0,1.0,0.0,0.0,0.0,0.0,0.0,0.0,123550.0
11.0,9.0,43.0,75.0,0.0,0.0,279.0,0.0,0.0,1.0,0.0,0.0,255.0,254.0,1.0,0.01,0.0,0.0,0.0,0.0,0.0,48280.0
11.0,9.0,46.0,134.0,0.0,0.0,73.0,0.0,0.0,1.0,0.0,0.01,255.0,255.0,1.0,0.0,0.0,0.0,0.0,0.0,0.0,116899.0
22.0,9.0,260.0,270.0,0.0,1.0,2.0,0.0,0.0,1.0,0.0,0.67,255.0,246.0,0.96,0.01,0.0,0.0,0.0,0.0,0.0,103427.0
49.0,9.0,3331.0,392.0,0.0,1.0,1.0,0.0,0.0,1.0,0.0,0.0,255.0,42.0,0.16,0.69,0.0,0.69,0.0,0.0,0.0,74601.0
49.0,9.0,1393.0,282.0,0.0,1.0,1.0,0.0,0.0,1.0,0.0,0.0,220.0,155.0,0.57,0.07,0.01,0.0,0.0,0.0,0.0,54222.0
19.0,9.0,12.0,0.0,0.0,1.0,1.0,0.0,0.0,1.0,0.0,0.0,9.0,82.0,0.56,0.22,0.02,0.0,0.0,0.0,0.0,106047.0
22.0,9.0,303.0,8611.0,0.0,1.0,2.0,0.0,0.0,1.0,0.0,0.07,137.0,255.0,1.0,0.0,0.03,0.0,0.0,0.0,0.0,7092.0
13.0,9.0,64.0,0.0,0.0,0.0,6.0,0.0,0.0,1.0,0.0,0.0,186.0,6.0,0.03,0.04,0.0,0.0,0.0,0.0,0.0,86704.0
22.0,9.0,217.0,1607.0,0.0,1.0,10.0,0.0,0.0,1.0,0.0,0.0,255.0,255.0,1.0,0.0,0.0,0.0,0.0,0.0,0.0,25548.0
22.0,9.0,0.0,2755.0,0.0,0.0,7.0,0.14,0.14,1.0,0.0,0.0,29.0,255.0,1.0,0.0,0.03,0.03,0.0,0.0,0.0,101593.0
22.0,9.0,344.0,454.0,0.0,1.0,10.0,0.0,0.0,1.0,0.0,0.0,255.0,255.0,1.0,0.0,0.0,0.0,0.0,0.01,0.0,115932.0
22.0,9.0,286.0,171.0,0.0,1.0,1.0,0.0,0.0,1.0,0.0,0.0,4.0,255.0,1.0,0.0,0.03,0.0,0.0,0.0,0.0,19662.0
22.0,9.0,206.0,313.0,0.0,1.0,12.0,0.0,0.0,1.0,0.0,0.0,66.0,255.0,1.0,0.0,0.04,0.0,0.0,0.37,0.0,105308.0
22.0,9.0,221.0,3097.0,0.0,1.0,9.0,0.0,0.0,1.0,0.0,0.0,9.0,255.0,1.0,0.0,0.04,0.0,0.0,0.0,0.0,115381.0
22.0,9.0,252.0,1675.0,0.0,1.0,1.0,0.0,0.0,1.0,0.0,0.0,11.0,255.0,1.0,0.0,0.03,0.0,0.0,0.0,0.0,37545.0
58.0,9.0,181.0,0.0,0.0,0.0,6.0,0.0,0.0,1.0,0.0,0.0,103.0,12.0,0.12,0.03,0.0,0.0,0.0,0.0,0.0,120239.0
11.0,9.0,44.0,110.0,0.0,0.0,70.0,0.0,0.0,1.0,0.0,0.01,255.0,254.0,1.0,0.01,0.0,0.0,0.0,0.0,0.0,43585.0
49.0,9.0,902.0,333.0,0.0,1.0,2.0,0.0,0.0,1.0,0.0,0.67,76.0,62.0,0.82,0.04,0.0,0.0,0.0,0.0,0.0,101077.0
19.0,9.0,501760.0,0.0,0.0,1.0,1.0,0.0,0.0,1.0,0.0,0.14,113.0,99.0,0.54,0.04,0.02,0.03,0.0,0.0,0.0,120146.0
22.0,9.0,337.0,1493.0,0.0,1.0,11.0,0.0,0.0,1.0,0.0,0.0,56.0,255.0,1.0,0.0,0.06,0.0,0.0,0.0,0.0,19092.0
58.0,9.0,181.0,0.0,0.0,0.0,2.0,0.0,0.0,0.5,1.0,0.0,255.0,99.0,0.39,0.01,0.0,0.0,0.0,0.0,0.0,67514.0
22.0,9.0,314.0,365.0,0.0,1.0,28.0,0.0,0.0,1.0,0.0,0.0,60.0,255.0,1.0,0.0,0.01,0.0,0.0,0.0,0.0,86051.0
22.0,9.0,321.0,490.0,0.0,1.0,12.0,0.0,0.0,1.0,0.0,0.0,12.0,255.0,1.0,0.0,0.03,0.0,0.0,0.0,0.0,74852.0
13.0,9.0,30.0,0.0,0.0,0.0,7.0,0.0,0.0,0.14,0.29,0.0,255.0,3.0,0.01,0.01,0.0,0.0,0.0,0.0,0.0,116415.0
19.0,9.0,194.0,0.0,0.0,0.0,2.0,0.0,0.0,1.0,0.0,0.0,84.0,88.0,0.33,0.05,0.02,0.0,0.0,0.0,0.0,115557.0
11.0,9.0,44.0,125.0,0.0,0.0,73.0,0.0,0.0,1.0,0.0,0.01,255.0,216.0,0.85,0.02,0.0,0.0,0.0,0.0,0.0,54192.0
49.0,9.0,1814.0,328.0,0.0,1.0,1.0,0.0,0.0,1.0,0.0,0.0,161.0,186.0,0.68,0.04,0.01,0.01,0.0,0.0,0.0,58593.0
58.0,9.0,182.0,0.0,0.0,0.0,2.0,0.0,0.0,0.5,1.0,0.0,255.0,12.0,0.05,0.01,0.0,0.0,0.0,0.0,0.0,16220.0
22.0,9.0,348.0,2280.0,0.0,1.0,1.0,0.0,0.0,1.0,0.0,0.0,255.0,255.0,1.0,0.0,0.0,0.0,0.0,0.0,0.0,72075.0
22.0,9.0,216.0,8421.0,0.0,1.0,35.0,0.0,0.0,1.0,0.0,0.0,255.0,255.0,1.0,0.0,0.0,0.0,0.0,0.0,0.0,76013.0
22.0,9.0,235.0,1341.0,0.0,1.0,2.0,0.0,0.0,1.0,0.0,0.4,255.0,255.0,1.0,0.0,0.0,0.0,0.0,0.0,0.0,82403.0
17.0,9.0,8.0,221.0,0.0,0.0,1.0,0.0,0.0,1.0,0.0,0.0,186.0,5.0,0.01,0.02,0.4,0.0,0.0,0.0,0.0,44579.0
44.0,9.0,105.0,147.0,0.0,0.0,1.0,0.0,0.0,1.0,0.0,0.0,58.0,53.0,0.91,0.03,0.0,0.0,0.0,0.0,0.0,54162.0
22.0,9.0,197.0,204.0,0.0,1.0,7.0,0.0,0.05,1.0,0.0,0.14,65.0,255.0,1.0,0.0,0.04,0.0,0.0,0.0,0.0,13363.0
22.0,9.0,237.0,5048.0,0.0,1.0,1.0,0.0,0.0,1.0,0.0,0.0,5.0,203.0,1.0,0.0,0.06,0.0,0.0,0.0,0.0,75160.0
22.0,9.0,338.0,2896.0,0.0,1.0,5.0,0.0,0.0,1.0,0.0,0.29,36.0,255.0,1.0,0.0,0.01,0.0,0.0,0.0,0.0,87579.0
11.0,9.0,45.0,134.0,0.0,0.0,147.0,0.0,0.0,1.0,0.0,0.01,255.0,255.0,1.0,0.0,0.0,0.0,0.0,0.0,0.0,112448.0
22.0,9.0,290.0,269.0,0.0,1.0,11.0,0.0,0.0,1.0,0.0,0.17,255.0,255.0,1.0,0.0,0.0,0.0,0.0,0.0,0.0,96944.0
22.0,7.0,401.0,0.0,0.0,1.0,1.0,1.0,0.33,1.0,0.0,1.0,35.0,255.0,1.0,0.0,0.14,0.03,0.0,0.54,0.0,54790.0
11.0,9.0,44.0,76.0,0.0,0.0,216.0,0.0,0.0,1.0,0.0,0.01,255.0,254.0,1.0,0.01,0.0,0.0,0.0,0.0,0.0,22927.0
11.0,9.0,46.0,132.0,0.0,0.0,77.0,0.0,0.0,1.0,0.0,0.01,255.0,239.0,0.94,0.01,0.0,0.0,0.0,0.0,0.0,7450.0
22.0,9.0,224.0,1783.0,0.0,1.0,12.0,0.0,0.0,1.0,0.0,0.21,15.0,255.0,1.0,0.0,0.04,0.0,0.0,0.0,0.0,14796.0
14.0,9.0,1480.0,0.0,1.0,0.0,1.0,0.0,0.0,1.0,0.0,0.67,1.0,35.0,1.0,0.0,0.51,0.0,0.0,0.0,1.0,58889.0
49.0,9.0,2157.0,387.0,0.0,1.0,1.0,0.0,0.0,1.0,0.0,0.0,255.0,132.0,0.52,0.01,0.0,0.74,0.76,0.0,0.0,7908.0
22.0,9.0,275.0,337.0,0.0,1.0,1.0,0.0,0.0,1.0,0.0,0.0,65.0,255.0,1.0,0.0,0.05,0.0,0.01,0.0,0.0,118969.0
22.0,1.0,0.0,0.0,0.0,0.0,1.0,0.0,0.0,1.0,0.0,0.0,19.0,102.0,1.0,0.0,0.25,0.0,0.0,1.0,0.0,82326.0
22.0,9.0,236.0,1694.0,0.0,1.0,7.0,0.0,0.0,1.0,0.0,0.0,255.0,255.0,1.0,0.0,0.0,0.0,0.0,0.0,0.0,42921.0
11.0,9.0,43.0,69.0,0.0,0.0,254.0,0.0,0.0,1.0,0.01,0.0,255.0,254.0,1.0,0.01,0.0,0.0,0.0,0.0,0.0,19721.0
11.0,9.0,44.0,126.0,0.0,0.0,186.0,0.0,0.0,1.0,0.0,0.01,255.0,253.0,0.99,0.01,0.0,0.0,0.0,0.0,0.0,96484.0
22.0,9.0,368.0,453.0,0.0,1.0,18.0,0.0,0.0,1.0,0.0,0.08,255.0,255.0,1.0,0.0,0.0,0.0,0.0,0.0,0.0,33655.0
22.0,9.0,0.0,6378.0,0.0,0.0,3.0,0.33,0.33,1.0,0.0,0.0,38.0,255.0,1.0,0.0,0.05,0.0,0.0,0.0,0.0,100529.0
22.0,9.0,145.0,8017.0,0.0,1.0,1.0,0.0,0.0,1.0,0.0,0.0,9.0,39.0,1.0,0.0,0.15,0.0,0.0,0.0,0.0,76008.0
11.0,9.0,42.0,42.0,0.0,0.0,8.0,0.0,0.0,1.0,0.0,0.17,255.0,250.0,0.98,0.01,0.0,0.0,0.0,0.0,0.0,53073.0
22.0,9.0,346.0,1247.0,0.0,1.0,11.0,0.0,0.0,1.0,0.0,0.0,255.0,255.0,1.0,0.0,0.0,0.0,0.0,0.0,0.0,88867.0
22.0,9.0,314.0,694.0,0.0,1.0,8.0,0.0,0.0,1.0,0.0,0.2,8.0,255.0,1.0,0.0,0.01,0.0,0.0,0.0,0.0,47395.0
22.0,9.0,300.0,189.0,0.0,1.0,27.0,0.0,0.0,1.0,0.0,0.0,255.0,255.0,1.0,0.0,0.0,0.0,0.0,0.0,0.0,110642.0
22.0,9.0,239.0,806.0,0.0,1.0,11.0,0.0,0.0,1.0,0.0,0.0,11.0,255.0,1.0,0.0,0.02,0.0,0.0,0.0,0.0,38273.0
22.0,1.0,0.0,0.0,0.0,0.0,1.0,0.0,0.0,1.0,0.0,0.0,1.0,248.0,1.0,0.0,0.21,0.0,0.0,1.0,0.0,29108.0
42.0,9.0,66.0,2840.0,0.0,1.0,1.0,0.0,0.0,1.0,0.0,0.0,42.0,4.0,0.02,0.1,0.5,0.0,0.25,0.0,0.0,118163.0
22.0,9.0,207.0,935.0,0.0,1.0,12.0,0.0,0.0,1.0,0.0,0.0,255.0,255.0,1.0,0.0,0.0,0.0,0.0,0.0,0.0,80702.0
22.0,9.0,238.0,2052.0,0.0,1.0,5.0,0.2,0.2,1.0,0.0,0.0,208.0,255.0,1.0,0.0,0.01,0.0,0.0,0.0,0.0,100641.0
22.0,9.0,343.0,18000.0,0.0,1.0,3.0,0.0,0.0,1.0,0.0,0.0,17.0,255.0,1.0,0.0,0.04,0.0,0.0,0.0,0.0,119487.0
22.0,1.0,0.0,0.0,0.0,0.0,12.0,0.0,0.0,1.0,0.0,0.0,165.0,176.0,1.0,0.0,0.03,0.01,0.01,0.32,0.0,92299.0
22.0,9.0,224.0,1040.0,0.0,1.0,13.0,0.0,0.0,1.0,0.0,0.14,232.0,255.0,1.0,0.0,0.02,0.0,0.0,0.0,0.0,65392.0
22.0,9.0,209.0,4411.0,0.0,1.0,12.0,0.0,0.0,1.0,0.0,0.08,46.0,255.0,1.0,0.0,0.03,0.0,0.0,0.0,0.0,28781.0
11.0,9.0,44.0,129.0,0.0,0.0,72.0,0.0,0.0,1.0,0.0,0.01,248.0,128.0,0.52,0.02,0.0,0.0,0.0,0.0,0.0,76047.0
40.0,9.0,147.0,105.0,0.0,0.0,1.0,0.0,0.0,1.0,0.0,0.0,255.0,1.0,0.0,0.84,0.0,0.0,0.0,0.0,0.0,14452.0
22.0,9.0,224.0,313.0,0.0,1.0,23.0,0.0,0.0,1.0,0.0,0.0,255.0,255.0,1.0,0.0,0.0,0.0,0.0,0.0,0.0,121342.0
22.0,9.0,232.0,1617.0,0.0,1.0,12.0,0.0,0.0,1.0,0.0,0.09,55.0,255.0,1.0,0.0,0.04,0.0,0.0,0.0,0.0,101693.0
11.0,9.0,41.0,124.0,0.0,0.0,315.0,0.0,0.0,1.0,0.01,0.0,255.0,227.0,0.89,0.01,0.0,0.0,0.0,0.0,0.0,27424.0
11.0,9.0,46.0,46.0,0.0,0.0,2.0,0.0,0.0,0.5,1.0,0.4,125.0,120.0,0.96,0.02,0.0,0.0,0.0,0.0,0.0,2610.0
49.0,9.0,3389.0,494.0,0.0,1.0,1.0,0.0,0.0,1.0,0.0,0.0,255.0,7.0,0.03,0.01,0.0,0.0,0.0,0.0,0.0,10954.0
22.0,9.0,296.0,1100.0,0.0,1.0,6.0,0.0,0.0,1.0,0.0,0.0,52.0,255.0,1.0,0.0,0.01,0.0,0.0,0.0,0.0,88576.0
22.0,9.0,324.0,456.0,0.0,1.0,4.0,0.0,0.0,1.0,0.0,0.0,224.0,255.0,1.0,0.0,0.02,0.0,0.0,0.0,0.0,23858.0
49.0,9.0,1128.0,328.0,0.0,1.0,1.0,0.0,0.0,1.0,0.0,1.0,141.0,188.0,0.72,0.08,0.01,0.01,0.01,0.0,0.0,98753.0
11.0,9.0,45.0,74.0,0.0,0.0,145.0,0.0,0.0,1.0,0.0,0.0,255.0,254.0,1.0,0.01,0.0,0.0,0.0,0.0,0.0,62080.0
22.0,9.0,167.0,10912.0,0.0,1.0,1.0,0.0,0.0,1.0,0.0,1.0,5.0,255.0,1.0,0.0,0.04,0.0,0.0,0.01,0.0,42282.0
22.0,9.0,342.0,382.0,0.0,1.0,24.0,0.0,0.0,1.0,0.0,0.0,255.0,255.0,1.0,0.0,0.0,0.0,0.0,0.0,0.0,84929.0
19.0,9.0,10073.0,0.0,0.0,1.0,15.0,0.0,0.0,1.0,0.0,0.0,23.0,88.0,0.91,0.13,0.02,0.0,0.0,0.0,0.0,117174.0
22.0,9.0,241.0,397.0,0.0,1.0,14.0,0.0,0.0,1.0,0.0,0.0,129.0,255.0,1.0,0.0,0.02,0.01,0.0,0.0,0.0,79842.0
22.0,9.0,227.0,281.0,0.0,1.0,2.0,0.0,0.0,1.0,0.0,0.33,255.0,255.0,1.0,0.0,0.0,0.0,0.0,0.0,0.0,11964.0
22.0,9.0,267.0,1029.0,0.0,1.0,11.0,0.0,0.0,1.0,0.0,0.22,210.0,255.0,1.0,0.0,0.03,0.0,0.0,0.0,0.0,113369.0
22.0,9.0,270.0,7033.0,0.0,1.0,2.0,0.0,0.0,1.0,0.0,0.0,39.0,255.0,1.0,0.0,0.05,0.0,0.0,0.0,0.0,122823.0
22.0,9.0,263.0,3625.0,0.0,1.0,1.0,0.0,0.0,1.0,0.0,0.0,255.0,234.0,0.92,0.02,0.0,0.0,0.0,0.0,0.0,12891.0
44.0,9.0,105.0,147.0,0.0,0.0,10.0,0.0,0.0,0.1,0.2,0.0,255.0,242.0,0.95,0.01,0.0,0.0,0.0,0.0,0.0,84664.0
11.0,9.0,46.0,135.0,0.0,0.0,75.0,0.0,0.0,1.0,0.0,0.01,255.0,255.0,1.0,0.0,0.0,0.0,0.0,0.0,0.0,120750.0
22.0,9.0,229.0,3222.0,0.0,1.0,3.0,0.0,0.0,1.0,0.0,0.0,3.0,255.0,1.0,0.0,0.03,0.0,0.0,0.0,0.0,107517.0
22.0,9.0,195.0,1521.0,0.0,1.0,6.0,0.0,0.0,1.0,0.0,0.0,36.0,255.0,1.0,0.0,0.02,0.0,0.0,0.0,0.0,68057.0
11.0,9.0,46.0,46.0,0.0,0.0,242.0,0.0,0.0,1.0,0.01,0.01,255.0,255.0,1.0,0.0,0.0,0.0,0.0,0.0,0.0,13123.0
11.0,9.0,45.0,78.0,0.0,0.0,238.0,0.0,0.0,1.0,0.01,0.0,255.0,247.0,0.97,0.01,0.0,0.0,0.0,0.0,0.0,47328.0
22.0,9.0,221.0,8364.0,0.0,1.0,7.0,0.0,0.0,1.0,0.0,0.0,217.0,255.0,1.0,0.0,0.01,0.0,0.0,0.0,0.0,78842.0
11.0,9.0,45.0,79.0,0.0,0.0,285.0,0.0,0.0,1.0,0.01,0.0,255.0,254.0,1.0,0.01,0.0,0.0,0.0,0.0,0.0,32663.0
22.0,9.0,326.0,26918.0,0.0,1.0,3.0,0.0,0.0,1.0,0.0,0.0,176.0,255.0,1.0,0.0,0.01,0.0,0.0,0.0,0.0,58990.0
11.0,9.0,44.0,99.0,0.0,0.0,170.0,0.0,0.0,1.0,0.0,0.0,255.0,255.0,1.0,0.0,0.0,0.0,0.0,0.0,0.0,114403.0
22.0,9.0,272.0,352.0,0.0,1.0,8.0,0.0,0.0,1.0,0.0,0.0,161.0,255.0,1.0,0.0,0.02,0.0,0.0,0.0,0.0,118992.0
11.0,9.0,46.0,133.0,0.0,0.0,213.0,0.0,0.0,1.0,0.0,0.01,255.0,253.0,0.99,0.01,0.0,0.0,0.0,0.0,0.0,119346.0
22.0,9.0,217.0,1285.0,0.0,1.0,7.0,0.0,0.0,1.0,0.0,0.0,7.0,255.0,1.0,0.0,0.02,0.0,0.0,0.0,0.0,87238.0
22.0,9.0,234.0,355.0,0.0,1.0,13.0,0.0,0.0,1.0,0.0,0.25,255.0,255.0,1.0,0.0,0.0,0.0,0.0,0.0,0.0,98002.0
22.0,9.0,331.0,2514.0,0.0,1.0,17.0,0.0,0.0,1.0,0.0,0.0,255.0,255.0,1.0,0.0,0.0,0.0,0.0,0.0,0.0,78409.0
22.0,9.0,229.0,646195.0,0.0,1.0,8.0,0.0,0.0,1.0,0.0,0.0,140.0,255.0,1.0,0.0,0.01,0.0,0.0,0.02,0.0,64397.0
22.0,9.0,224.0,8230.0,0.0,1.0,16.0,0.0,0.0,1.0,0.0,0.0,255.0,255.0,1.0,0.0,0.0,0.0,0.0,0.0,0.0,41292.0
22.0,9.0,294.0,15864.0,0.0,1.0,4.0,0.0,0.0,1.0,0.0,0.0,4.0,255.0,1.0,0.0,0.03,0.0,0.0,0.0,0.0,106343.0
19.0,9.0,7940.0,0.0,0.0,1.0,9.0,0.0,0.0,1.0,0.0,0.0,255.0,15.0,0.06,0.5,0.0,0.0,0.0,0.0,0.0,117223.0
22.0,9.0,331.0,1012.0,0.0,1.0,22.0,0.0,0.0,1.0,0.0,0.09,255.0,255.0,1.0,0.0,0.0,0.0,0.0,0.0,0.0,73292.0
11.0,9.0,45.0,132.0,0.0,0.0,50.0,0.0,0.0,1.0,0.0,0.02,255.0,208.0,0.82,0.02,0.0,0.0,0.0,0.0,0.0,46947.0
22.0,9.0,252.0,1426.0,0.0,1.0,4.0,0.0,0.0,1.0,0.0,0.0,26.0,255.0,1.0,0.0,0.02,0.0,0.0,0.0,0.0,37861.0
22.0,9.0,260.0,19560.0,0.0,1.0,1.0,0.0,0.0,1.0,0.0,1.0,51.0,255.0,1.0,0.0,0.02,0.0,0.02,0.03,0.0,42298.0
19.0,9.0,1699.0,0.0,0.0,1.0,4.0,0.0,0.0,1.0,0.0,0.0,120.0,32.0,0.27,0.08,0.0,0.02,0.03,0.0,0.0,113541.0
49.0,9.0,1184.0,326.0,0.0,1.0,1.0,0.0,0.0,1.0,0.0,1.0,121.0,85.0,0.7,0.02,0.0,0.0,0.0,0.0,0.0,41182.0
11.0,9.0,45.0,77.0,0.0,0.0,144.0,0.0,0.0,1.0,0.0,0.02,255.0,226.0,0.89,0.01,0.0,0.0,0.0,0.0,0.0,91606.0
40.0,9.0,516.0,4.0,0.0,0.0,361.0,0.0,0.0,1.0,0.0,0.0,255.0,255.0,1.0,0.0,0.0,0.0,0.0,0.0,0.0,61889.0
11.0,9.0,44.0,132.0,0.0,0.0,68.0,0.0,0.0,1.0,0.0,0.01,255.0,205.0,0.8,0.01,0.0,0.0,0.0,0.0,0.0,75476.0
11.0,9.0,45.0,129.0,0.0,0.0,75.0,0.0,0.0,0.99,0.03,0.01,255.0,215.0,0.84,0.02,0.0,0.0,0.0,0.0,0.0,107097.0
22.0,9.0,305.0,2698.0,0.0,1.0,3.0,0.0,0.0,1.0,0.0,0.0,204.0,190.0,0.93,0.01,0.0,0.0,0.0,0.0,0.0,50791.0
22.0,9.0,306.0,2239.0,0.0,1.0,7.0,0.0,0.0,1.0,0.0,0.0,255.0,245.0,0.96,0.01,0.0,0.02,0.02,0.0,0.0,10268.0
22.0,9.0,201.0,1617.0,0.0,1.0,18.0,0.0,0.0,1.0,0.0,0.0,255.0,255.0,1.0,0.0,0.0,0.0,0.0,0.0,0.0,10395.0
0.0,9.0,86.0,128.0,0.0,1.0,1.0,0.0,0.0,1.0,0.0,0.0,3.0,2.0,0.67,0.67,0.0,0.33,0.5,0.0,0.0,17779.0
18.0,9.0,1048.0,3074.0,0.0,1.0,1.0,0.0,0.0,1.0,0.0,0.0,220.0,40.0,0.18,0.04,0.0,0.0,0.0,0.05,0.0,86647.0
18.0,9.0,1484.0,4152.0,0.0,1.0,1.0,0.0,0.0,1.0,0.0,0.0,162.0,37.0,0.23,0.02,0.0,0.0,0.0,0.0,0.0,95550.0
11.0,9.0,44.0,135.0,0.0,0.0,75.0,0.0,0.0,1.0,0.0,0.01,255.0,240.0,0.94,0.01,0.0,0.0,0.0,0.0,0.0,54189.0
22.0,9.0,335.0,573.0,0.0,1.0,11.0,0.0,0.0,1.0,0.0,0.0,255.0,255.0,1.0,0.0,0.0,0.0,0.0,0.0,0.0,70026.0
22.0,9.0,200.0,17733.0,0.0,1.0,32.0,0.0,0.0,1.0,0.0,0.05,116.0,255.0,1.0,0.0,0.03,0.0,0.0,0.0,0.0,4098.0
19.0,9.0,1339.0,0.0,0.0,1.0,1.0,0.0,0.0,1.0,0.0,0.0,105.0,42.0,0.4,0.04,0.0,0.0,0.0,0.0,0.0,92854.0
22.0,9.0,229.0,4039.0,0.0,1.0,4.0,0.0,0.0,1.0,0.0,0.18,255.0,255.0,1.0,0.0,0.0,0.0,0.0,0.0,0.0,13667.0
22.0,9.0,184.0,4611.0,0.0,1.0,1.0,0.0,0.0,1.0,0.0,0.0,255.0,225.0,0.88,0.01,0.0,0.0,0.0,0.0,0.0,102128.0
11.0,9.0,46.0,139.0,0.0,0.0,72.0,0.0,0.0,1.0,0.0,0.01,255.0,201.0,0.79,0.01,0.0,0.0,0.0,0.0,0.0,119992.0
11.0,9.0,44.0,136.0,0.0,0.0,69.0,0.0,0.0,1.0,0.0,0.01,255.0,190.0,0.75,0.02,0.0,0.0,0.0,0.0,0.0,22124.0
22.0,9.0,217.0,2861.0,0.0,1.0,11.0,0.0,0.0,1.0,0.0,0.07,77.0,255.0,1.0,0.0,0.03,0.0,0.0,0.0,0.0,45629.0
40.0,9.0,146.0,105.0,0.0,0.0,2.0,0.0,0.0,1.0,0.0,0.0,255.0,2.0,0.01,0.86,0.0,0.0,0.0,0.0,0.0,110023.0
11.0,9.0,30.0,30.0,0.0,0.0,5.0,0.0,0.0,1.0,0.0,0.13,255.0,237.0,0.93,0.01,0.0,0.0,0.0,0.0,0.0,71947.0
22.0,9.0,335.0,353.0,0.0,1.0,19.0,0.0,0.0,1.0,0.0,0.06,255.0,255.0,1.0,0.0,0.0,0.0,0.0,0.0,0.0,54743.0
22.0,9.0,225.0,3867.0,0.0,1.0,8.0,0.0,0.0,1.0,0.0,0.0,194.0,255.0,1.0,0.0,0.01,0.0,0.0,0.0,0.0,111951.0
22.0,9.0,238.0,1223.0,0.0,1.0,25.0,0.0,0.0,1.0,0.0,0.0,255.0,255.0,1.0,0.0,0.0,0.0,0.0,0.0,0.0,74644.0
19.0,9.0,7940.0,0.0,0.0,1.0,10.0,0.0,0.0,1.0,0.0,0.0,130.0,56.0,0.19,0.04,0.04,0.0,0.0,0.0,0.0,95424.0
22.0,9.0,221.0,276.0,0.0,1.0,23.0,0.0,0.0,1.0,0.0,0.0,87.0,255.0,1.0,0.0,0.02,0.0,0.0,0.0,0.0,13081.0
22.0,9.0,322.0,93111.0,0.0,1.0,12.0,0.0,0.0,1.0,0.0,0.0,38.0,255.0,1.0,0.0,0.03,0.03,0.01,0.0,0.0,2035.0
22.0,9.0,201.0,637.0,0.0,1.0,6.0,0.0,0.0,1.0,0.0,0.0,6.0,255.0,1.0,0.0,0.05,0.0,0.0,0.0,0.0,28238.0
22.0,9.0,179.0,15384.0,0.0,1.0,1.0,0.0,0.0,1.0,0.0,0.0,3.0,255.0,1.0,0.0,0.04,0.0,0.0,0.0,0.0,116654.0
40.0,9.0,145.0,105.0,0.0,0.0,1.0,0.0,0.0,1.0,0.0,0.0,255.0,1.0,0.0,0.54,0.0,0.0,0.0,0.0,0.0,17490.0
22.0,9.0,274.0,18930.0,0.0,1.0,1.0,0.0,0.0,1.0,0.0,0.0,19.0,255.0,1.0,0.0,0.08,0.0,0.0,0.0,0.0,18011.0
49.0,9.0,1133.0,328.0,0.0,1.0,1.0,0.0,0.0,1.0,0.0,0.0,29.0,120.0,0.59,0.14,0.03,0.0,0.0,0.0,0.0,11028.0
22.0,9.0,316.0,261.0,0.0,1.0,2.0,0.0,0.0,1.0,0.0,0.0,34.0,255.0,1.0,0.0,0.02,0.0,0.0,0.0,0.0,114801.0
22.0,9.0,227.0,2698.0,0.0,1.0,1.0,0.0,0.0,1.0,0.0,0.0,255.0,241.0,0.95,0.01,0.0,0.0,0.0,0.0,0.0,75165.0
22.0,9.0,228.0,461.0,0.0,1.0,1.0,0.0,0.0,1.0,0.0,0.3,255.0,255.0,1.0,0.0,0.0,0.0,0.0,0.0,0.0,49017.0
49.0,9.0,11324.0,1551.0,0.0,1.0,1.0,0.0,0.0,1.0,0.0,1.0,255.0,50.0,0.2,0.06,0.0,0.65,0.0,0.02,0.0,17816.0
58.0,9.0,78.0,0.0,0.0,0.0,41.0,0.0,0.0,0.24,0.05,0.18,255.0,34.0,0.13,0.01,0.0,0.0,0.0,0.0,0.0,117696.0
55.0,9.0,265.0,1913.0,0.0,1.0,1.0,0.0,0.0,1.0,0.0,0.0,68.0,15.0,0.22,0.07,0.0,0.01,0.07,0.0,0.0,32075.0
22.0,9.0,343.0,6839.0,0.0,1.0,8.0,0.0,0.0,1.0,0.0,0.11,34.0,255.0,1.0,0.0,0.01,0.0,0.0,0.0,0.0,13806.0
22.0,4.0,33580.0,7300.0,0.0,1.0,4.0,0.0,0.0,1.0,0.0,0.0,4.0,4.0,1.0,0.0,0.0,0.0,0.0,1.0,1.0,115018.0
14.0,9.0,30.0,0.0,0.0,0.0,1.0,0.0,0.0,1.0,0.0,0.0,2.0,3.0,1.0,0.0,0.67,0.0,0.0,0.0,0.0,111314.0
22.0,1.0,0.0,0.0,0.0,0.0,1.0,0.0,0.0,1.0,0.0,1.0,5.0,255.0,1.0,0.0,0.16,0.0,0.0,0.99,0.0,49219.0
22.0,1.0,0.0,0.0,0.0,0.0,1.0,0.0,0.0,1.0,0.0,0.0,85.0,255.0,1.0,0.0,0.14,0.0,0.0,0.93,0.0,53809.0
22.0,9.0,262.0,13096.0,0.0,1.0,1.0,0.0,0.0,1.0,0.0,0.0,255.0,244.0,0.96,0.01,0.0,0.0,0.0,0.0,0.0,29368.0
22.0,9.0,219.0,2747.0,0.0,1.0,1.0,0.0,0.0,1.0,0.0,0.19,127.0,255.0,1.0,0.0,0.05,0.0,0.0,0.0,0.0,3239.0
22.0,9.0,368.0,771.0,0.0,1.0,17.0,0.0,0.0,1.0,0.0,0.11,80.0,231.0,1.0,0.0,0.19,0.0,0.0,0.68,0.0,120859.0
11.0,9.0,46.0,141.0,0.0,0.0,175.0,0.0,0.0,0.99,0.01,0.0,64.0,31.0,0.48,0.03,0.0,0.0,0.0,0.0,0.0,34079.0
40.0,9.0,147.0,105.0,0.0,0.0,1.0,0.0,0.0,1.0,0.0,0.0,255.0,2.0,0.01,0.76,0.0,0.0,0.0,0.0,0.0,120552.0
22.0,9.0,289.0,1787.0,0.0,1.0,28.0,0.04,0.05,1.0,0.0,0.05,255.0,255.0,1.0,0.0,0.0,0.0,0.0,0.0,0.0,46049.0
22.0,1.0,0.0,0.0,0.0,0.0,1.0,0.0,0.0,1.0,0.0,0.0,134.0,202.0,1.0,0.0,0.09,0.0,0.0,1.0,0.0,113992.0
22.0,9.0,340.0,283.0,0.0,1.0,5.0,0.0,0.0,1.0,0.0,0.0,255.0,253.0,0.99,0.01,0.0,0.0,0.0,0.0,0.0,24662.0
11.0,9.0,44.0,44.0,0.0,0.0,148.0,0.0,0.0,1.0,0.0,0.01,255.0,255.0,1.0,0.0,0.0,0.0,0.0,0.0,0.0,23523.0
22.0,9.0,194.0,1288.0,0.0,1.0,13.0,0.0,0.0,1.0,0.0,0.0,68.0,255.0,1.0,0.0,0.04,0.0,0.0,0.0,0.0,53424.0
22.0,9.0,235.0,22150.0,0.0,1.0,2.0,0.0,0.0,1.0,0.0,0.0,245.0,255.0,1.0,0.0,0.01,0.0,0.0,0.0,0.0,4104.0
19.0,9.0,491.0,0.0,0.0,0.0,2.0,0.0,0.0,1.0,0.0,0.0,84.0,26.0,0.31,0.07,0.0,0.0,0.0,0.0,0.0,124813.0
11.0,9.0,44.0,44.0,0.0,0.0,291.0,0.0,0.0,1.0,0.0,0.0,255.0,254.0,1.0,0.01,0.0,0.0,0.0,0.0,0.0,119538.0
11.0,9.0,44.0,69.0,0.0,0.0,104.0,0.0,0.0,1.0,0.0,0.0,255.0,254.0,1.0,0.01,0.0,0.0,0.0,0.0,0.0,43877.0
19.0,9.0,1199.0,0.0,0.0,0.0,9.0,0.0,0.0,1.0,0.0,0.2,84.0,107.0,0.35,0.06,0.02,0.0,0.0,0.0,0.0,29530.0
22.0,9.0,261.0,4916.0,0.0,1.0,1.0,0.0,0.0,1.0,0.0,0.0,1.0,86.0,1.0,0.0,0.07,0.0,0.0,0.0,0.0,36110.0
22.0,9.0,324.0,1409.0,0.0,1.0,8.0,0.0,0.0,1.0,0.0,0.0,58.0,255.0,1.0,0.0,0.04,0.0,0.0,0.0,0.0,27216.0
22.0,9.0,306.0,2996.0,0.0,1.0,2.0,0.0,0.0,1.0,0.0,0.0,116.0,255.0,1.0,0.0,0.01,0.0,0.0,0.0,0.0,107194.0
49.0,9.0,1865.0,333.0,0.0,1.0,1.0,0.0,0.0,1.0,0.0,1.0,72.0,111.0,0.5,0.07,0.02,0.0,0.0,0.0,0.0,108040.0
22.0,9.0,173.0,11264.0,0.0,1.0,7.0,0.0,0.0,1.0,0.0,0.0,49.0,255.0,1.0,0.0,0.02,0.0,0.0,0.0,0.0,110248.0
40.0,9.0,146.0,105.0,0.0,0.0,1.0,0.0,0.0,1.0,0.0,0.0,255.0,1.0,0.0,0.88,0.0,0.0,0.0,0.0,0.0,98889.0
40.0,9.0,147.0,0.0,0.0,0.0,2.0,0.0,0.0,0.5,1.0,0.0,255.0,2.0,0.01,0.49,0.0,0.0,0.0,0.0,0.0,49600.0
19.0,9.0,6932.0,0.0,0.0,0.0,2.0,0.0,0.0,1.0,0.0,0.0,87.0,4.0,0.05,0.06,0.0,0.0,0.0,0.0,0.0,34143.0
22.0,9.0,301.0,1671.0,0.0,1.0,8.0,0.0,0.0,1.0,0.0,0.22,248.0,255.0,1.0,0.0,0.02,0.0,0.0,0.0,0.0,16467.0
1.0,9.0,200068.0,12976.0,0.0,1.0,1.0,0.0,0.0,1.0,0.0,0.0,20.0,17.0,0.85,0.1,0.0,0.05,0.06,0.06,0.0,43976.0
11.0,9.0,44.0,135.0,0.0,0.0,81.0,0.0,0.0,0.99,0.02,0.01,255.0,245.0,0.96,0.01,0.0,0.0,0.0,0.0,0.0,119396.0
44.0,9.0,105.0,146.0,0.0,0.0,1.0,0.0,0.0,1.0,0.0,0.0,17.0,13.0,0.76,0.12,0.0,0.0,0.0,0.0,0.0,58408.0
22.0,9.0,217.0,2431.0,0.0,1.0,3.0,0.0,0.0,1.0,0.0,0.5,52.0,255.0,1.0,0.0,0.02,0.0,0.0,0.04,0.0,51423.0
19.0,9.0,852.0,0.0,0.0,1.0,8.0,0.0,0.0,1.0,0.0,0.0,255.0,141.0,0.55,0.02,0.0,0.0,0.0,0.0,0.0,118449.0
22.0,9.0,300.0,1226.0,0.0,1.0,7.0,0.0,0.0,1.0,0.0,0.27,138.0,255.0,1.0,0.0,0.01,0.0,0.0,0.0,0.0,29320.0
11.0,9.0,44.0,85.0,0.0,0.0,13.0,0.0,0.0,1.0,0.0,0.0,255.0,251.0,0.98,0.01,0.0,0.0,0.0,0.0,0.0,72364.0
49.0,9.0,862.0,332.0,0.0,1.0,1.0,0.0,0.0,1.0,0.0,1.0,25.0,20.0,0.8,0.2,0.0,0.0,0.0,0.0,0.0,76288.0
22.0,9.0,54540.0,8314.0,0.0,1.0,3.0,0.0,0.0,1.0,0.0,0.0,59.0,59.0,1.0,0.0,0.0,0.0,0.0,0.02,1.0,82372.0
22.0,9.0,248.0,766.0,0.0,1.0,3.0,0.0,0.0,1.0,0.0,0.0,255.0,255.0,1.0,0.0,0.0,0.0,0.0,0.0,0.0,111527.0
49.0,9.0,878.0,327.0,0.0,1.0,1.0,0.0,0.0,1.0,0.0,0.0,255.0,124.0,0.49,0.03,0.0,0.0,0.0,0.0,0.0,83919.0
22.0,9.0,271.0,1910.0,0.0,1.0,1.0,0.0,0.0,1.0,0.0,1.0,7.0,255.0,1.0,0.0,0.02,0.0,0.0,0.0,0.0,73613.0
22.0,9.0,232.0,259.0,0.0,1.0,3.0,0.0,0.0,1.0,0.0,0.12,255.0,249.0,0.98,0.01,0.0,0.0,0.0,0.0,0.0,37199.0
22.0,9.0,222.0,575.0,0.0,1.0,8.0,0.0,0.0,1.0,0.0,0.19,8.0,255.0,1.0,0.0,0.01,0.0,0.0,0.0,0.0,83843.0
19.0,9.0,501760.0,0.0,0.0,1.0,2.0,0.0,0.0,1.0,0.0,0.0,141.0,76.0,0.29,0.03,0.03,0.01,0.0,0.0,0.0,120227.0
22.0,9.0,235.0,17377.0,0.0,1.0,1.0,0.0,0.0,1.0,0.0,0.0,26.0,255.0,1.0,0.0,0.05,0.0,0.0,0.0,0.0,88684.0
40.0,9.0,147.0,105.0,0.0,0.0,1.0,0.0,0.0,1.0,0.0,0.0,255.0,3.0,0.01,0.59,0.0,0.0,0.0,0.0,0.0,79210.0
22.0,9.0,190.0,1242.0,0.0,1.0,7.0,0.0,0.0,1.0,0.0,0.0,7.0,255.0,1.0,0.0,0.04,0.0,0.0,0.0,0.0,43069.0
22.0,9.0,193.0,1414.0,0.0,1.0,1.0,0.0,0.0,1.0,0.0,0.0,129.0,255.0,1.0,0.0,0.01,0.0,0.0,0.0,0.0,103505.0
49.0,9.0,1112.0,325.0,0.0,1.0,1.0,0.0,0.0,1.0,0.0,0.0,255.0,5.0,0.02,0.73,0.0,0.0,0.0,0.0,0.0,72203.0
22.0,9.0,288.0,2446.0,0.0,1.0,15.0,0.0,0.0,1.0,0.0,0.18,255.0,255.0,1.0,0.0,0.0,0.0,0.0,0.0,0.0,37116.0
22.0,1.0,0.0,0.0,0.0,0.0,1.0,0.0,0.0,1.0,0.0,0.0,159.0,138.0,0.87,0.03,0.0,0.0,0.0,1.0,0.0,12855.0
22.0,9.0,274.0,396.0,0.0,1.0,8.0,0.0,0.0,1.0,0.0,0.22,30.0,255.0,1.0,0.0,0.01,0.0,0.0,0.0,0.0,43134.0
22.0,9.0,54540.0,8314.0,0.0,1.0,3.0,0.0,0.0,1.0,0.0,0.0,255.0,255.0,1.0,0.0,0.0,0.0,0.0,0.04,1.0,125288.0
11.0,9.0,46.0,46.0,0.0,0.0,258.0,0.0,0.0,1.0,0.01,0.01,255.0,254.0,1.0,0.01,0.0,0.0,0.0,0.0,0.0,8097.0
22.0,9.0,263.0,961.0,0.0,1.0,9.0,0.0,0.0,1.0,0.0,0.2,49.0,255.0,1.0,0.0,0.02,0.0,0.0,0.0,0.0,74205.0
22.0,9.0,268.0,8719.0,0.0,1.0,1.0,0.0,0.0,1.0,0.0,0.0,85.0,255.0,1.0,0.0,0.01,0.0,0.0,0.0,0.0,90195.0
22.0,9.0,203.0,784.0,0.0,1.0,4.0,0.0,0.0,1.0,0.0,0.29,255.0,255.0,1.0,0.0,0.0,0.0,0.0,0.0,0.0,110371.0
22.0,9.0,248.0,2919.0,0.0,1.0,1.0,0.0,0.0,1.0,0.0,0.45,47.0,255.0,1.0,0.0,0.04,0.0,0.01,0.0,0.0,49520.0
22.0,9.0,288.0,11846.0,0.0,1.0,9.0,0.0,0.0,1.0,0.0,0.0,39.0,255.0,1.0,0.0,0.03,0.0,0.0,0.0,0.0,44192.0
22.0,9.0,343.0,1189.0,0.0,1.0,8.0,0.0,0.0,1.0,0.0,0.0,255.0,255.0,1.0,0.0,0.0,0.0,0.0,0.0,0.0,46208.0
19.0,9.0,19.0,0.0,0.0,1.0,3.0,0.0,0.0,1.0,0.0,0.0,255.0,115.0,0.45,0.02,0.0,0.0,0.0,0.0,0.0,35940.0
22.0,9.0,209.0,2408.0,0.0,1.0,2.0,0.0,0.0,1.0,0.0,0.5,243.0,255.0,1.0,0.0,0.01,0.0,0.0,0.0,0.0,86348.0
22.0,9.0,319.0,983.0,0.0,1.0,4.0,0.0,0.0,1.0,0.0,0.0,144.0,255.0,1.0,0.0,0.01,0.0,0.0,0.05,0.0,62159.0
22.0,9.0,194.0,1761.0,0.0,1.0,31.0,0.0,0.0,1.0,0.0,0.0,255.0,255.0,1.0,0.0,0.0,0.0,0.0,0.0,0.0,107310.0
40.0,9.0,516.0,4.0,0.0,0.0,265.0,0.0,0.0,1.0,0.0,0.0,255.0,255.0,1.0,0.0,0.0,0.0,0.0,0.0,0.0,75941.0
11.0,9.0,46.0,46.0,0.0,0.0,130.0,0.0,0.0,0.99,0.02,0.0,255.0,254.0,1.0,0.01,0.0,0.0,0.0,0.0,0.0,67935.0
22.0,9.0,224.0,1074.0,0.0,1.0,8.0,0.0,0.0,1.0,0.0,0.0,35.0,255.0,1.0,0.0,0.05,0.0,0.0,0.0,0.0,29926.0
49.0,9.0,645.0,336.0,0.0,1.0,1.0,0.0,0.0,1.0,0.0,1.0,99.0,126.0,0.36,0.06,0.02,0.0,0.0,0.0,0.0,58870.0
11.0,9.0,44.0,70.0,0.0,0.0,234.0,0.0,0.0,1.0,0.0,0.0,255.0,227.0,0.89,0.01,0.0,0.0,0.0,0.0,0.0,15539.0
22.0,9.0,314.0,16139.0,0.0,1.0,1.0,0.0,0.0,1.0,0.0,0.0,1.0,255.0,1.0,0.0,0.02,0.0,0.0,0.0,0.0,57608.0
11.0,9.0,46.0,75.0,0.0,0.0,260.0,0.0,0.0,1.0,0.0,0.0,255.0,254.0,1.0,0.01,0.0,0.0,0.0,0.0,0.0,8999.0
22.0,9.0,292.0,1718.0,0.0,1.0,11.0,0.0,0.0,1.0,0.0,0.0,255.0,255.0,1.0,0.0,0.0,0.0,0.0,0.0,0.0,44374.0
22.0,9.0,271.0,8654.0,0.0,1.0,5.0,0.0,0.0,1.0,0.0,0.0,114.0,255.0,1.0,0.0,0.04,0.0,0.0,0.0,0.0,22171.0
18.0,9.0,227.0,768.0,0.0,1.0,1.0,0.0,0.0,1.0,0.0,0.0,11.0,2.0,0.18,0.27,0.0,0.0,0.0,0.0,0.0,77292.0
11.0,9.0,42.0,73.0,0.0,0.0,143.0,0.0,0.0,1.0,0.0,0.02,255.0,226.0,0.89,0.01,0.0,0.0,0.0,0.0,0.0,19537.0
22.0,9.0,315.0,3636.0,0.0,1.0,8.0,0.0,0.0,1.0,0.0,0.22,8.0,255.0,1.0,0.0,0.04,0.0,0.0,0.0,0.0,121405.0
49.0,9.0,1038.0,327.0,0.0,1.0,1.0,0.0,0.0,1.0,0.0,1.0,87.0,75.0,0.86,0.05,0.0,0.0,0.0,0.0,0.0,30183.0
18.0,9.0,239.0,769.0,0.0,1.0,1.0,0.0,0.0,1.0,0.0,0.0,154.0,42.0,0.27,0.04,0.0,0.01,0.0,0.0,0.0,14315.0
40.0,9.0,147.0,105.0,0.0,0.0,1.0,0.0,0.0,1.0,0.0,0.0,255.0,1.0,0.0,0.66,0.0,0.0,0.0,0.0,0.0,44894.0
22.0,9.0,315.0,420.0,0.0,1.0,12.0,0.0,0.0,1.0,0.0,0.15,211.0,255.0,1.0,0.0,0.01,0.0,0.0,0.0,0.0,5196.0
19.0,9.0,4316.0,0.0,0.0,1.0,11.0,0.0,0.0,1.0,0.0,0.0,111.0,97.0,0.21,0.05,0.02,0.0,0.0,0.0,0.0,104451.0
22.0,9.0,372.0,5309.0,0.0,1.0,25.0,0.0,0.0,1.0,0.0,0.0,255.0,255.0,1.0,0.0,0.0,0.0,0.0,0.0,0.0,123181.0
22.0,9.0,230.0,2265.0,0.0,1.0,12.0,0.0,0.0,1.0,0.0,0.15,82.0,255.0,1.0,0.0,0.03,0.0,0.0,0.0,0.0,78173.0
22.0,9.0,229.0,3624.0,0.0,1.0,36.0,0.0,0.0,1.0,0.0,0.08,255.0,255.0,1.0,0.0,0.0,0.0,0.0,0.0,0.0,58213.0
22.0,9.0,306.0,1719.0,0.0,1.0,11.0,0.0,0.0,1.0,0.0,0.0,117.0,255.0,1.0,0.0,0.04,0.0,0.0,0.0,0.0,45703.0
58.0,9.0,182.0,0.0,0.0,0.0,2.0,0.0,0.0,0.5,1.0,0.0,255.0,21.0,0.08,0.01,0.0,0.0,0.0,0.0,0.0,9867.0
49.0,9.0,768.0,384.0,0.0,1.0,1.0,0.0,0.0,1.0,0.0,1.0,145.0,117.0,0.59,0.03,0.02,0.01,0.0,0.0,0.0,82759.0
19.0,9.0,12.0,0.0,0.0,1.0,1.0,0.0,0.0,1.0,0.0,0.0,44.0,21.0,0.48,0.07,0.0,0.0,0.0,0.0,0.0,803.0
22.0,1.0,0.0,0.0,0.0,0.0,1.0,0.0,0.0,1.0,0.0,0.0,6.0,255.0,1.0,0.0,0.13,0.0,0.0,0.91,0.0,53701.0
22.0,9.0,157.0,2893.0,0.0,1.0,2.0,0.0,0.0,1.0,0.0,0.0,2.0,255.0,1.0,0.0,0.06,0.0,0.0,0.0,0.0,87212.0
49.0,9.0,1292.0,361.0,0.0,1.0,1.0,0.0,0.0,1.0,0.0,1.0,147.0,202.0,0.66,0.02,0.01,0.0,0.0,0.0,0.0,53257.0
22.0,9.0,232.0,6703.0,0.0,1.0,8.0,0.0,0.0,1.0,0.0,0.0,255.0,255.0,1.0,0.0,0.0,0.0,0.0,0.0,0.0,98238.0
22.0,9.0,300.0,1841.0,0.0,1.0,43.0,0.0,0.0,1.0,0.0,0.0,43.0,255.0,1.0,0.0,0.02,0.0,0.0,0.0,0.0,519.0
22.0,9.0,292.0,2750.0,0.0,1.0,3.0,0.0,0.2,1.0,0.0,0.4,140.0,255.0,1.0,0.0,0.04,0.01,0.01,0.02,0.0,5157.0
22.0,9.0,327.0,369.0,0.0,1.0,3.0,0.0,0.0,1.0,0.0,0.0,16.0,255.0,1.0,0.0,0.01,0.0,0.0,0.0,0.0,105195.0
19.0,9.0,26.0,0.0,0.0,1.0,2.0,0.0,0.0,1.0,0.0,0.0,43.0,55.0,0.77,0.05,0.04,0.0,0.0,0.0,0.0,4112.0
22.0,9.0,292.0,45784.0,0.0,1.0,1.0,0.0,0.0,1.0,0.0,0.33,47.0,255.0,1.0,0.0,0.03,0.0,0.0,0.0,0.0,77218.0
22.0,2.0,0.0,0.0,0.0,1.0,3.0,0.0,0.0,1.0,0.0,0.0,3.0,255.0,1.0,0.0,0.03,0.0,0.0,0.01,0.0,21666.0
22.0,9.0,321.0,1750.0,0.0,1.0,33.0,0.0,0.0,1.0,0.0,0.0,203.0,255.0,1.0,0.0,0.03,0.0,0.0,0.0,0.0,9097.0
17.0,9.0,9.0,0.0,0.0,0.0,1.0,0.0,0.0,1.0,0.0,0.0,105.0,4.0,0.03,0.04,0.5,0.01,0.0,0.0,0.0,80682.0
22.0,9.0,338.0,283.0,0.0,1.0,2.0,0.0,0.0,1.0,0.0,0.0,255.0,240.0,0.94,0.01,0.0,0.0,0.0,0.0,0.0,45883.0
22.0,9.0,198.0,313.0,0.0,1.0,3.0,0.0,0.0,1.0,0.0,0.5,255.0,255.0,1.0,0.0,0.0,0.0,0.0,0.0,0.0,81464.0
49.0,9.0,3174.0,365.0,0.0,1.0,1.0,0.0,0.0,1.0,0.0,0.0,37.0,170.0,0.97,0.05,0.01,0.0,0.0,0.0,0.0,52717.0
22.0,9.0,295.0,551.0,0.0,1.0,10.0,0.0,0.0,1.0,0.0,0.0,152.0,255.0,1.0,0.0,0.02,0.01,0.0,0.0,0.0,92875.0
22.0,9.0,208.0,835.0,0.0,1.0,7.0,0.0,0.0,1.0,0.0,0.0,96.0,255.0,1.0,0.0,0.01,0.0,0.0,0.0,0.0,36998.0
22.0,9.0,219.0,1896.0,0.0,1.0,7.0,0.0,0.0,1.0,0.0,0.0,73.0,255.0,1.0,0.0,0.02,0.0,0.0,0.0,0.0,53154.0
0.0,9.0,86.0,128.0,0.0,1.0,2.0,0.0,0.0,1.0,0.0,0.0,12.0,6.0,0.5,0.17,0.0,0.17,0.33,0.5,0.0,98885.0
11.0,9.0,44.0,77.0,0.0,0.0,138.0,0.0,0.0,1.0,0.0,0.0,255.0,166.0,0.65,0.01,0.0,0.0,0.0,0.0,0.0,11680.0
22.0,9.0,227.0,2510.0,0.0,1.0,6.0,0.0,0.0,1.0,0.0,0.25,14.0,255.0,1.0,0.0,0.04,0.0,0.0,0.0,0.0,14714.0
22.0,9.0,308.0,2698.0,0.0,1.0,4.0,0.0,0.0,1.0,0.0,0.0,255.0,244.0,0.96,0.01,0.0,0.0,0.0,0.0,0.0,104305.0
11.0,9.0,97.0,37.0,0.0,0.0,1.0,0.0,0.0,1.0,0.0,0.0,37.0,14.0,0.38,0.05,0.0,0.0,0.0,0.0,0.0,73107.0
22.0,9.0,216.0,12975.0,0.0,1.0,1.0,0.0,0.0,1.0,0.0,0.5,133.0,255.0,1.0,0.0,0.03,0.0,0.0,0.0,0.0,114835.0
49.0,9.0,829.0,331.0,0.0,1.0,1.0,0.0,0.0,1.0,0.0,1.0,109.0,141.0,0.28,0.05,0.01,0.0,0.0,0.0,0.0,112664.0
22.0,9.0,222.0,882.0,0.0,1.0,1.0,0.0,0.0,1.0,0.0,0.12,255.0,255.0,1.0,0.0,0.0,0.0,0.0,0.0,0.0,68519.0
22.0,9.0,54540.0,8314.0,0.0,1.0,5.0,0.0,0.0,1.0,0.0,0.0,145.0,145.0,1.0,0.0,0.0,0.0,0.0,0.06,1.0,67766.0
22.0,9.0,206.0,997.0,0.0,1.0,14.0,0.0,0.0,1.0,0.0,0.05,82.0,255.0,1.0,0.0,0.05,0.0,0.0,0.0,0.0,94378.0
22.0,9.0,230.0,851.0,0.0,1.0,20.0,0.0,0.0,1.0,0.0,0.0,157.0,255.0,1.0,0.0,0.01,0.0,0.0,0.0,0.0,64501.0
49.0,9.0,616.0,362.0,0.0,1.0,1.0,0.0,0.0,1.0,0.0,0.0,255.0,141.0,0.55,0.03,0.0,0.0,0.0,0.0,0.0,6770.0
22.0,9.0,159.0,48478.0,0.0,1.0,1.0,0.0,0.0,1.0,0.0,0.0,31.0,255.0,1.0,0.0,0.15,0.0,0.0,0.96,0.0,31978.0
22.0,5.0,0.0,0.0,0.0,0.0,2.0,0.5,0.33,1.0,0.0,0.67,50.0,255.0,1.0,0.0,0.06,0.04,0.01,0.01,0.0,29357.0
22.0,9.0,331.0,7714.0,0.0,1.0,14.0,0.0,0.0,1.0,0.0,0.0,14.0,255.0,1.0,0.0,0.04,0.0,0.0,0.0,0.0,115651.0
11.0,9.0,44.0,138.0,0.0,0.0,51.0,0.0,0.0,1.0,0.0,0.02,255.0,254.0,1.0,0.01,0.0,0.0,0.0,0.0,0.0,63241.0
22.0,9.0,343.0,2431.0,0.0,1.0,6.0,0.0,0.0,1.0,0.0,0.29,78.0,255.0,1.0,0.0,0.01,0.0,0.0,0.0,0.0,74038.0
22.0,9.0,347.0,2562.0,0.0,1.0,10.0,0.0,0.0,1.0,0.0,0.09,10.0,255.0,1.0,0.0,0.03,0.0,0.0,0.0,0.0,38168.0
22.0,9.0,315.0,1330.0,0.0,1.0,32.0,0.0,0.0,1.0,0.0,0.0,255.0,255.0,1.0,0.0,0.0,0.0,0.0,0.0,0.0,97655.0
22.0,9.0,226.0,329.0,0.0,1.0,2.0,0.0,0.0,1.0,0.0,0.09,56.0,255.0,1.0,0.0,0.14,0.0,0.0,0.57,0.0,107366.0
11.0,9.0,44.0,44.0,0.0,0.0,106.0,0.0,0.0,1.0,0.0,0.0,255.0,252.0,0.99,0.01,0.0,0.0,0.0,0.0,0.0,102311.0
11.0,9.0,44.0,71.0,0.0,0.0,266.0,0.0,0.0,1.0,0.0,0.0,255.0,239.0,0.94,0.01,0.0,0.0,0.0,0.0,0.0,105153.0
22.0,9.0,204.0,604.0,0.0,1.0,4.0,0.0,0.0,1.0,0.0,0.29,116.0,196.0,1.0,0.0,0.02,0.0,0.0,0.0,0.0,109648.0
22.0,9.0,280.0,2474.0,0.0,1.0,4.0,0.0,0.0,1.0,0.0,0.33,255.0,255.0,1.0,0.0,0.0,0.0,0.0,0.0,0.0,34294.0
22.0,9.0,261.0,326.0,0.0,1.0,14.0,0.0,0.0,1.0,0.0,0.13,255.0,255.0,1.0,0.0,0.0,0.0,0.0,0.0,0.0,122068.0
11.0,9.0,45.0,109.0,0.0,0.0,248.0,0.0,0.0,1.0,0.0,0.01,255.0,220.0,0.86,0.01,0.0,0.0,0.0,0.0,0.0,73242.0
22.0,9.0,350.0,3413.0,0.0,1.0,3.0,0.0,0.0,1.0,0.0,0.43,39.0,255.0,1.0,0.0,0.02,0.0,0.0,0.0,0.0,124998.0
18.0,9.0,1232.0,2451.0,0.0,1.0,1.0,0.0,0.0,1.0,0.0,0.0,118.0,16.0,0.14,0.05,0.0,0.02,0.0,0.0,1.0,99963.0
44.0,9.0,105.0,0.0,0.0,0.0,1.0,0.0,0.0,1.0,0.0,0.0,35.0,29.0,0.83,0.06,0.0,0.0,0.0,0.0,0.0,112908.0
19.0,9.0,567.0,0.0,0.0,1.0,1.0,0.0,0.0,1.0,0.0,0.0,104.0,53.0,0.07,0.16,0.04,0.03,0.02,0.0,0.0,11252.0
40.0,9.0,147.0,105.0,0.0,0.0,5.0,0.0,0.0,0.2,0.6,0.0,255.0,1.0,0.0,0.82,0.0,0.0,0.0,0.0,0.0,17605.0
22.0,9.0,317.0,18330.0,0.0,1.0,9.0,0.0,0.0,1.0,0.0,0.0,56.0,255.0,1.0,0.0,0.02,0.0,0.0,0.0,0.0,40632.0
19.0,9.0,1010.0,0.0,0.0,1.0,2.0,0.0,0.0,1.0,0.0,0.0,35.0,43.0,0.09,0.06,0.05,0.0,0.0,0.0,0.0,6426.0
55.0,9.0,126.0,16038.0,0.0,1.0,1.0,0.0,0.0,1.0,0.0,0.0,180.0,4.0,0.02,0.04,0.0,0.01,0.0,0.0,0.0,109261.0
19.0,9.0,59.0,0.0,0.0,0.0,10.0,0.0,0.0,1.0,0.0,0.0,31.0,44.0,0.52,0.06,0.07,0.0,0.0,0.0,0.0,22412.0
49.0,9.0,1478.0,324.0,0.0,1.0,1.0,0.0,0.0,1.0,0.0,1.0,223.0,157.0,0.63,0.02,0.01,0.0,0.0,0.0,0.0,111759.0
19.0,9.0,3909.0,0.0,0.0,0.0,11.0,0.0,0.0,1.0,0.0,0.0,193.0,68.0,0.35,0.03,0.0,0.0,0.0,0.0,0.0,11590.0
17.0,9.0,8.0,140.0,0.0,0.0,1.0,0.0,0.0,1.0,0.0,0.0,9.0,11.0,0.11,0.33,0.18,0.0,0.0,0.0,0.0,123607.0
49.0,9.0,658.0,324.0,0.0,1.0,1.0,0.0,0.0,1.0,0.0,0.0,102.0,169.0,0.65,0.06,0.01,0.0,0.0,0.0,0.0,59618.0
22.0,9.0,198.0,12112.0,0.0,1.0,1.0,0.0,0.0,1.0,0.0,1.0,29.0,255.0,1.0,0.0,0.05,0.0,0.0,0.0,0.0,48720.0
19.0,9.0,7012.0,0.0,0.0,1.0,16.0,0.0,0.0,1.0,0.0,0.0,252.0,102.0,0.4,0.02,0.0,0.0,0.0,0.0,0.0,58017.0
22.0,9.0,323.0,2592.0,0.0,1.0,31.0,0.03,0.03,1.0,0.0,0.09,255.0,255.0,1.0,0.0,0.0,0.0,0.0,0.0,0.0,87412.0
49.0,9.0,828.0,388.0,0.0,1.0,1.0,0.0,0.0,1.0,0.0,0.0,255.0,39.0,0.15,0.71,0.0,0.7,0.0,0.0,0.0,58115.0
22.0,9.0,224.0,1155.0,0.0,1.0,26.0,0.0,0.0,1.0,0.0,0.07,255.0,255.0,1.0,0.0,0.0,0.0,0.0,0.0,0.0,7777.0
22.0,9.0,339.0,339.0,0.0,1.0,2.0,0.0,0.0,1.0,0.0,0.0,255.0,255.0,1.0,0.0,0.0,0.01,0.01,0.0,0.0,117752.0
22.0,1.0,0.0,0.0,0.0,0.0,1.0,0.0,0.0,1.0,0.0,0.0,8.0,255.0,1.0,0.0,0.08,0.0,0.0,0.99,0.0,14298.0
22.0,9.0,228.0,1621.0,0.0,1.0,9.0,0.0,0.0,1.0,0.0,0.14,34.0,37.0,1.0,0.0,0.05,0.03,0.03,0.0,0.0,40062.0
22.0,9.0,248.0,2750.0,0.0,1.0,2.0,0.5,0.5,1.0,0.0,0.0,104.0,255.0,1.0,0.0,0.02,0.01,0.0,0.0,0.0,37723.0
19.0,9.0,192.0,0.0,0.0,1.0,1.0,0.0,0.0,1.0,0.0,0.0,4.0,54.0,1.0,0.0,0.04,0.0,0.0,0.0,0.0,78146.0
44.0,1.0,0.0,0.0,0.0,0.0,1.0,0.0,0.0,1.0,0.0,0.0,119.0,1.0,0.01,0.13,0.0,0.0,0.0,1.0,1.0,884.0
19.0,9.0,495.0,0.0,0.0,1.0,1.0,0.0,0.0,1.0,0.0,0.0,86.0,65.0,0.27,0.03,0.03,0.0,0.02,0.0,0.0,54236.0
49.0,9.0,944.0,326.0,0.0,1.0,1.0,0.0,0.0,1.0,0.0,0.0,184.0,114.0,0.62,0.02,0.0,0.0,0.0,0.0,0.0,111813.0
40.0,9.0,147.0,105.0,0.0,0.0,1.0,0.0,0.0,1.0,0.0,0.0,127.0,1.0,0.01,0.71,0.0,0.0,0.0,0.0,0.0,41669.0
19.0,9.0,501760.0,0.0,0.0,1.0,1.0,0.0,0.0,1.0,0.0,0.0,85.0,129.0,0.51,0.04,0.02,0.0,0.0,0.0,0.0,84591.0
22.0,9.0,209.0,3692.0,0.0,1.0,21.0,0.0,0.0,1.0,0.0,0.0,186.0,255.0,1.0,0.0,0.03,0.0,0.0,0.0,0.0,117404.0
49.0,9.0,2421.0,332.0,0.0,1.0,1.0,0.0,0.0,1.0,0.0,1.0,107.0,31.0,0.29,0.66,0.0,0.0,0.0,0.0,0.0,110235.0
22.0,9.0,232.0,1380.0,0.0,1.0,3.0,0.0,0.0,1.0,0.0,0.0,255.0,248.0,0.97,0.01,0.0,0.0,0.0,0.0,0.0,106008.0
49.0,9.0,954.0,326.0,0.0,1.0,2.0,0.0,0.0,0.5,1.0,0.0,28.0,104.0,0.71,0.11,0.02,0.0,0.0,0.0,0.0,205.0
22.0,9.0,323.0,2462.0,0.0,1.0,9.0,0.0,0.0,1.0,0.0,0.0,9.0,255.0,1.0,0.0,0.05,0.0,0.0,0.0,0.0,42218.0
11.0,9.0,43.0,131.0,0.0,0.0,1.0,0.0,0.0,1.0,0.0,1.0,61.0,40.0,0.66,0.05,0.0,0.0,0.0,0.0,0.0,110391.0
22.0,9.0,290.0,762.0,0.0,1.0,21.0,0.0,0.0,1.0,0.0,0.0,255.0,255.0,1.0,0.0,0.0,0.0,0.0,0.0,0.0,94756.0
22.0,9.0,217.0,33640.0,0.0,1.0,5.0,0.0,0.0,1.0,0.0,0.0,5.0,255.0,1.0,0.0,0.01,0.0,0.0,0.0,0.0,42370.0
22.0,9.0,197.0,1637.0,0.0,1.0,3.0,0.0,0.0,1.0,0.0,0.0,3.0,255.0,1.0,0.0,0.02,0.0,0.0,0.0,0.0,81981.0
22.0,9.0,54540.0,8314.0,0.0,1.0,5.0,0.0,0.0,1.0,0.0,0.33,116.0,116.0,1.0,0.0,0.0,0.0,0.0,0.04,1.0,19867.0
40.0,9.0,146.0,105.0,0.0,0.0,1.0,0.0,0.0,1.0,0.0,0.0,255.0,3.0,0.01,0.64,0.0,0.0,0.0,0.0,0.0,121865.0
11.0,9.0,33.0,0.0,0.0,0.0,1.0,0.0,0.0,1.0,0.0,1.0,217.0,24.0,0.07,0.15,0.08,0.03,0.0,0.0,0.0,72254.0
14.0,9.0,30.0,0.0,0.0,0.0,1.0,0.0,0.0,1.0,0.0,0.0,255.0,255.0,1.0,0.0,0.0,0.0,0.0,0.0,0.0,55400.0
22.0,9.0,278.0,28772.0,0.0,1.0,9.0,0.0,0.0,1.0,0.0,0.0,50.0,255.0,1.0,0.0,0.06,0.0,0.0,0.0,0.0,112767.0
49.0,9.0,1169.0,388.0,0.0,1.0,1.0,0.0,0.0,1.0,0.0,0.0,255.0,72.0,0.28,0.02,0.0,0.55,0.0,0.0,0.0,116069.0
44.0,9.0,105.0,146.0,0.0,0.0,3.0,0.0,0.0,0.67,0.67,0.0,255.0,248.0,0.97,0.01,0.0,0.0,0.0,0.0,0.0,50115.0
11.0,9.0,45.0,111.0,0.0,0.0,75.0,0.0,0.0,1.0,0.0,0.01,255.0,254.0,1.0,0.01,0.0,0.0,0.0,0.0,0.0,76400.0
22.0,9.0,191.0,1894.0,0.0,1.0,4.0,0.0,0.0,1.0,0.0,0.0,50.0,255.0,1.0,0.0,0.01,0.0,0.0,0.0,0.0,46126.0
22.0,9.0,280.0,2137.0,0.0,1.0,14.0,0.0,0.0,1.0,0.0,0.13,14.0,255.0,1.0,0.0,0.05,0.0,0.0,0.0,0.0,67394.0
11.0,9.0,44.0,127.0,0.0,0.0,290.0,0.0,0.0,1.0,0.01,0.0,255.0,220.0,0.86,0.01,0.0,0.0,0.0,0.0,0.0,118338.0
22.0,9.0,273.0,1587.0,0.0,1.0,2.0,0.0,0.0,1.0,0.0,0.0,255.0,255.0,1.0,0.0,0.0,0.0,0.0,0.0,0.0,120355.0
18.0,9.0,324.0,1069.0,0.0,1.0,1.0,0.0,0.0,1.0,0.0,0.0,58.0,5.0,0.09,0.07,0.0,0.0,0.0,0.0,0.0,82656.0
42.0,9.0,35.0,130.0,0.0,1.0,1.0,0.0,0.0,1.0,0.0,0.0,229.0,3.0,0.01,0.03,0.0,0.0,0.0,0.0,0.0,72057.0
49.0,9.0,1908.0,335.0,0.0,1.0,1.0,0.0,0.0,1.0,0.0,0.0,57.0,134.0,0.81,0.09,0.01,0.0,0.0,0.0,0.0,21140.0
49.0,9.0,714.0,328.0,0.0,1.0,1.0,0.0,0.0,1.0,0.0,0.0,128.0,58.0,0.45,0.05,0.0,0.0,0.0,0.0,0.0,41241.0
22.0,9.0,216.0,5234.0,0.0,1.0,4.0,0.0,0.0,1.0,0.0,0.0,4.0,255.0,1.0,0.0,0.04,0.0,0.0,0.0,0.0,62896.0
22.0,9.0,348.0,353.0,0.0,1.0,5.0,0.0,0.0,1.0,0.0,0.0,37.0,255.0,1.0,0.0,0.04,0.0,0.0,0.0,0.0,26313.0
22.0,9.0,196.0,1821.0,0.0,1.0,7.0,0.0,0.0,1.0,0.0,0.0,7.0,255.0,1.0,0.0,0.04,0.0,0.0,0.0,0.0,93103.0
18.0,9.0,1472.0,4152.0,0.0,1.0,1.0,0.0,0.0,1.0,0.0,0.0,137.0,31.0,0.23,0.03,0.0,0.0,0.0,0.0,0.0,101976.0
44.0,9.0,105.0,145.0,0.0,0.0,1.0,0.0,0.0,1.0,0.0,0.0,2.0,2.0,1.0,0.0,0.0,0.0,0.0,0.0,0.0,117323.0
3.0,9.0,10.0,39.0,0.0,1.0,2.0,0.0,0.0,0.5,1.0,0.0,33.0,15.0,0.06,0.12,0.13,0.0,0.0,0.0,0.0,33536.0
22.0,9.0,284.0,170.0,0.0,1.0,1.0,0.0,0.0,1.0,0.0,0.0,13.0,255.0,1.0,0.0,0.06,0.0,0.0,0.0,0.0,21426.0
22.0,9.0,324.0,6409.0,0.0,1.0,6.0,0.0,0.0,1.0,0.0,0.14,6.0,255.0,1.0,0.0,0.06,0.0,0.01,0.0,0.0,62971.0
22.0,9.0,276.0,622.0,0.0,1.0,3.0,0.0,0.0,1.0,0.0,0.0,227.0,255.0,1.0,0.0,0.01,0.0,0.0,0.0,0.0,25164.0
49.0,9.0,2489.0,329.0,0.0,1.0,1.0,0.0,0.0,1.0,0.0,0.0,255.0,31.0,0.12,0.47,0.0,0.0,0.0,0.0,0.0,40326.0
49.0,9.0,1019.0,360.0,0.0,1.0,1.0,0.0,0.0,1.0,0.0,0.0,98.0,152.0,0.48,0.04,0.01,0.0,0.0,0.0,0.0,13327.0
22.0,9.0,146.0,19994.0,0.0,1.0,1.0,0.0,0.0,1.0,0.0,1.0,10.0,255.0,1.0,0.0,0.02,0.0,0.0,0.0,0.0,8198.0
19.0,9.0,12.0,0.0,0.0,1.0,1.0,0.0,0.0,1.0,0.0,1.0,143.0,82.0,0.28,0.05,0.02,0.01,0.0,0.0,0.0,115546.0
19.0,9.0,10073.0,0.0,0.0,1.0,16.0,0.0,0.0,1.0,0.0,0.0,96.0,65.0,0.23,0.03,0.05,0.0,0.0,0.0,0.0,102060.0
22.0,9.0,260.0,4702.0,0.0,1.0,3.0,0.0,0.0,1.0,0.0,0.5,3.0,255.0,1.0,0.0,0.03,0.0,0.01,0.0,0.0,116485.0
18.0,9.0,233.0,770.0,0.0,1.0,1.0,0.0,0.0,1.0,0.0,0.0,238.0,52.0,0.22,0.03,0.0,0.0,0.0,0.0,0.0,6997.0
11.0,9.0,45.0,131.0,0.0,0.0,46.0,0.0,0.0,1.0,0.0,0.02,186.0,196.0,0.78,0.02,0.01,0.0,0.0,0.0,0.0,122315.0
22.0,9.0,325.0,674.0,0.0,1.0,2.0,0.0,0.0,1.0,0.0,0.0,255.0,255.0,1.0,0.0,0.0,0.0,0.0,0.0,0.0,89104.0
18.0,9.0,1519.0,4152.0,0.0,1.0,1.0,0.0,0.0,1.0,0.0,0.0,84.0,26.0,0.31,0.06,0.0,0.0,0.0,0.0,0.0,50856.0
49.0,9.0,814.0,333.0,0.0,1.0,1.0,0.0,0.0,1.0,0.0,1.0,154.0,184.0,0.79,0.03,0.02,0.0,0.0,0.0,0.0,19485.0
19.0,9.0,1363.0,0.0,0.0,1.0,17.0,0.0,0.0,1.0,0.0,0.0,177.0,86.0,0.35,0.03,0.02,0.0,0.0,0.0,0.0,65890.0
49.0,9.0,848.0,332.0,0.0,1.0,1.0,0.0,0.0,1.0,0.0,1.0,113.0,171.0,0.62,0.05,0.01,0.0,0.0,0.0,0.0,10620.0
11.0,9.0,44.0,44.0,0.0,0.0,4.0,0.0,0.0,0.25,0.5,0.29,104.0,101.0,0.97,0.02,0.0,0.0,0.0,0.0,0.0,119939.0
22.0,9.0,232.0,12605.0,0.0,1.0,12.0,0.0,0.0,1.0,0.0,0.0,255.0,255.0,1.0,0.0,0.0,0.0,0.0,0.0,0.0,30580.0
19.0,9.0,175337.0,0.0,0.0,0.0,1.0,0.0,0.0,1.0,0.0,0.0,230.0,74.0,0.32,0.02,0.0,0.0,0.0,0.0,0.0,69617.0
22.0,9.0,314.0,1410.0,0.0,1.0,15.0,0.0,0.0,1.0,0.0,0.0,255.0,255.0,1.0,0.0,0.0,0.0,0.0,0.0,0.0,123390.0
22.0,9.0,234.0,2698.0,0.0,1.0,3.0,0.0,0.0,1.0,0.0,0.5,255.0,249.0,0.98,0.01,0.0,0.0,0.0,0.0,0.0,54620.0
22.0,9.0,229.0,1483.0,0.0,1.0,4.0,0.0,0.0,1.0,0.0,0.0,255.0,255.0,1.0,0.0,0.0,0.0,0.0,0.0,0.0,123073.0
19.0,9.0,383.0,0.0,0.0,1.0,2.0,0.0,0.0,1.0,0.0,0.5,119.0,41.0,0.18,0.03,0.05,0.0,0.0,0.0,0.0,124566.0
19.0,9.0,10389.0,0.0,0.0,1.0,6.0,0.0,0.0,1.0,0.0,0.0,164.0,116.0,0.38,0.02,0.02,0.0,0.0,0.0,0.0,23975.0
19.0,9.0,151.0,0.0,0.0,1.0,3.0,0.0,0.0,1.0,0.0,0.0,10.0,9.0,0.9,0.2,0.0,0.0,0.0,0.0,0.0,26837.0
22.0,1.0,0.0,0.0,0.0,0.0,1.0,0.0,0.0,1.0,0.0,0.0,3.0,144.0,1.0,0.0,0.22,0.0,0.0,1.0,0.0,22691.0
13.0,9.0,30.0,0.0,0.0,0.0,1.0,0.0,0.0,1.0,0.0,0.0,4.0,110.0,1.0,0.0,0.49,0.0,0.0,0.0,0.0,20478.0
11.0,9.0,33.0,0.0,0.0,0.0,8.0,0.0,0.0,1.0,0.0,0.0,255.0,36.0,0.14,0.03,0.0,0.0,0.0,0.0,0.0,329.0
19.0,9.0,495.0,0.0,0.0,1.0,1.0,0.0,0.0,1.0,0.0,0.67,67.0,61.0,0.34,0.07,0.03,0.0,0.02,0.0,0.0,87148.0
22.0,9.0,187.0,7770.0,0.0,1.0,2.0,0.0,0.0,0.5,1.0,0.0,255.0,246.0,0.96,0.01,0.0,0.0,0.0,0.0,0.0,116426.0
19.0,9.0,5558.0,0.0,0.0,0.0,2.0,0.0,0.0,1.0,0.0,0.11,71.0,40.0,0.2,0.04,0.05,0.0,0.0,0.0,0.0,62595.0
22.0,9.0,240.0,8156.0,0.0,1.0,2.0,0.0,0.0,1.0,0.0,0.0,255.0,255.0,1.0,0.0,0.0,0.0,0.0,0.0,0.0,56083.0
22.0,9.0,210.0,26992.0,0.0,1.0,1.0,0.0,0.0,1.0,0.0,0.22,1.0,255.0,1.0,0.0,0.05,0.0,0.0,0.0,0.0,78357.0
22.0,9.0,229.0,815.0,0.0,1.0,1.0,0.0,0.0,1.0,0.0,0.5,4.0,255.0,1.0,0.0,0.01,0.0,0.0,0.0,0.0,114511.0
22.0,1.0,0.0,0.0,0.0,0.0,1.0,0.0,0.0,1.0,0.0,0.0,21.0,152.0,1.0,0.0,0.05,0.0,0.0,0.97,0.0,125544.0
40.0,9.0,147.0,105.0,0.0,0.0,2.0,0.0,0.0,1.0,0.0,0.0,255.0,2.0,0.01,0.62,0.0,0.0,0.0,0.0,0.0,95604.0
40.0,9.0,146.0,105.0,0.0,0.0,1.0,0.0,0.0,1.0,0.0,0.0,255.0,2.0,0.01,0.84,0.0,0.0,0.0,0.0,0.0,68469.0
49.0,9.0,3614.0,477.0,0.0,1.0,1.0,0.0,0.0,1.0,0.0,0.0,76.0,88.0,0.07,0.95,0.02,0.0,0.0,0.07,0.0,41306.0
49.0,9.0,976.0,393.0,0.0,1.0,1.0,0.0,0.0,1.0,0.0,0.0,116.0,185.0,0.83,0.03,0.01,0.01,0.0,0.0,0.0,59105.0
49.0,9.0,637.0,329.0,0.0,1.0,1.0,0.0,0.0,1.0,0.0,0.0,160.0,247.0,0.97,0.01,0.01,0.0,0.0,0.0,0.0,3476.0
42.0,9.0,35.0,130.0,0.0,1.0,1.0,0.0,0.0,1.0,0.0,0.0,255.0,5.0,0.02,0.06,0.0,0.01,0.0,0.0,0.0,20726.0
40.0,9.0,516.0,4.0,0.0,0.0,217.0,0.0,0.0,1.0,0.0,0.0,217.0,217.0,1.0,0.0,0.0,0.0,0.0,0.0,0.0,65463.0
49.0,9.0,1229.0,329.0,0.0,1.0,1.0,0.0,0.0,1.0,0.0,0.0,136.0,181.0,0.73,0.03,0.01,0.0,0.0,0.0,0.0,86156.0
49.0,9.0,1907.0,366.0,0.0,1.0,1.0,0.0,0.0,1.0,0.0,1.0,50.0,247.0,0.98,0.04,0.02,0.0,0.0,0.0,0.0,15730.0
58.0,9.0,70.0,0.0,0.0,0.0,18.0,0.0,0.0,0.11,0.17,0.0,255.0,21.0,0.08,0.01,0.0,0.0,0.0,0.0,0.0,12029.0
11.0,9.0,46.0,46.0,0.0,0.0,16.0,0.0,0.0,1.0,0.0,0.1,255.0,255.0,1.0,0.0,0.0,0.0,0.0,0.0,0.0,124119.0
22.0,9.0,304.0,1722.0,0.0,1.0,31.0,0.0,0.0,1.0,0.0,0.06,255.0,255.0,1.0,0.0,0.0,0.0,0.0,0.0,0.0,115915.0
49.0,9.0,848.0,330.0,0.0,1.0,1.0,0.0,0.0,1.0,0.0,0.0,79.0,54.0,0.68,0.05,0.0,0.0,0.0,0.02,0.0,32315.0
22.0,9.0,159.0,217.0,0.0,1.0,1.0,0.0,0.0,1.0,0.0,0.0,8.0,255.0,1.0,0.0,0.04,0.0,0.0,0.01,0.0,78606.0
22.0,9.0,337.0,3220.0,0.0,1.0,8.0,0.0,0.0,1.0,0.0,0.21,8.0,255.0,1.0,0.0,0.04,0.0,0.0,0.0,0.0,123767.0
22.0,9.0,329.0,4556.0,0.0,1.0,3.0,0.33,0.2,1.0,0.0,0.4,51.0,255.0,1.0,0.0,0.07,0.02,0.02,0.01,0.0,28348.0
22.0,1.0,0.0,0.0,0.0,0.0,9.0,0.0,0.0,1.0,0.0,0.0,25.0,172.0,1.0,0.0,0.19,0.0,0.0,0.98,0.0,98288.0
22.0,9.0,237.0,37746.0,0.0,1.0,2.0,0.0,0.0,1.0,0.0,0.0,28.0,255.0,1.0,0.0,0.01,0.0,0.0,0.0,0.0,38275.0
22.0,5.0,0.0,0.0,0.0,0.0,2.0,0.5,0.25,1.0,0.0,0.5,102.0,255.0,1.0,0.0,0.02,0.01,0.0,0.0,0.0,34305.0
22.0,9.0,213.0,8657.0,0.0,1.0,5.0,0.0,0.0,1.0,0.0,0.0,23.0,255.0,1.0,0.0,0.04,0.0,0.01,0.0,0.0,107760.0
11.0,9.0,44.0,70.0,0.0,0.0,95.0,0.0,0.0,1.0,0.0,0.0,255.0,255.0,1.0,0.0,0.0,0.0,0.0,0.0,0.0,119993.0
40.0,9.0,147.0,105.0,0.0,0.0,4.0,0.0,0.0,0.5,0.5,0.0,255.0,2.0,0.01,0.86,0.0,0.0,0.0,0.0,0.0,35574.0
44.0,9.0,105.0,146.0,0.0,0.0,1.0,0.0,0.0,1.0,0.0,0.0,2.0,2.0,1.0,0.0,0.0,0.0,0.0,0.0,0.0,76305.0
13.0,9.0,30.0,0.0,0.0,0.0,1.0,0.0,0.0,1.0,0.0,0.0,255.0,3.0,0.01,0.01,0.0,0.0,0.0,0.0,0.0,89035.0
22.0,9.0,233.0,458.0,0.0,1.0,30.0,0.0,0.0,1.0,0.0,0.11,255.0,255.0,1.0,0.0,0.0,0.0,0.0,0.0,0.0,86703.0
22.0,9.0,263.0,1078.0,0.0,1.0,4.0,0.0,0.0,1.0,0.0,0.0,4.0,253.0,1.0,0.0,0.17,0.0,0.0,0.71,0.0,86104.0
11.0,9.0,45.0,45.0,0.0,0.0,126.0,0.0,0.0,1.0,0.0,0.01,255.0,255.0,1.0,0.0,0.0,0.0,0.0,0.0,0.0,4612.0
22.0,9.0,307.0,782.0,0.0,1.0,11.0,0.0,0.0,1.0,0.0,0.0,53.0,255.0,1.0,0.0,0.02,0.0,0.0,0.0,0.0,59308.0
22.0,9.0,346.0,2445.0,0.0,1.0,3.0,0.0,0.0,1.0,0.0,0.0,255.0,255.0,1.0,0.0,0.0,0.0,0.0,0.0,0.0,12207.0
11.0,9.0,45.0,45.0,0.0,0.0,214.0,0.0,0.0,1.0,0.01,0.01,255.0,254.0,1.0,0.01,0.0,0.0,0.0,0.0,0.0,58163.0
19.0,9.0,259.0,0.0,0.0,1.0,1.0,0.0,0.0,1.0,0.0,0.0,48.0,71.0,0.04,0.08,0.03,0.0,0.0,0.0,0.0,74386.0
22.0,9.0,242.0,691.0,0.0,1.0,14.0,0.0,0.0,1.0,0.0,0.08,29.0,255.0,1.0,0.0,0.06,0.0,0.0,0.0,0.0,62454.0
22.0,9.0,206.0,5739.0,0.0,1.0,13.0,0.0,0.0,1.0,0.0,0.14,222.0,255.0,1.0,0.0,0.01,0.0,0.0,0.0,0.0,2522.0
22.0,1.0,0.0,0.0,0.0,0.0,1.0,0.0,0.0,1.0,0.0,1.0,14.0,239.0,1.0,0.0,0.12,0.0,0.0,1.0,0.0,122245.0
22.0,9.0,208.0,1295.0,0.0,1.0,2.0,0.0,0.0,1.0,0.0,0.0,96.0,96.0,1.0,0.0,0.0,0.0,0.0,0.0,0.0,78753.0
49.0,9.0,2900.0,333.0,0.0,1.0,1.0,0.0,0.0,1.0,0.0,0.0,172.0,103.0,0.6,0.02,0.0,0.0,0.0,0.0,0.0,35660.0
22.0,1.0,0.0,0.0,0.0,0.0,1.0,0.0,0.0,1.0,0.0,0.0,3.0,255.0,1.0,0.0,0.09,0.0,0.0,0.62,0.0,33204.0
22.0,9.0,235.0,632.0,0.0,1.0,4.0,0.25,0.05,1.0,0.0,0.11,255.0,255.0,1.0,0.0,0.0,0.01,0.01,0.0,0.0,32357.0
22.0,1.0,0.0,0.0,0.0,0.0,1.0,0.0,0.0,1.0,0.0,1.0,5.0,255.0,1.0,0.0,0.16,0.0,0.0,1.0,0.0,59267.0
22.0,9.0,215.0,382.0,0.0,1.0,4.0,0.0,0.0,1.0,0.0,0.0,175.0,255.0,1.0,0.0,0.01,0.0,0.0,0.0,0.0,43081.0
19.0,9.0,1339.0,0.0,0.0,1.0,2.0,0.0,0.0,1.0,0.0,0.0,255.0,36.0,0.14,0.02,0.0,0.0,0.0,0.0,0.0,37578.0
22.0,9.0,328.0,71032.0,0.0,1.0,11.0,0.0,0.0,1.0,0.0,0.1,30.0,255.0,1.0,0.0,0.09,0.0,0.0,0.0,0.0,66944.0
22.0,9.0,219.0,3692.0,0.0,1.0,49.0,0.0,0.0,1.0,0.0,0.0,186.0,255.0,1.0,0.0,0.01,0.0,0.0,0.0,0.0,56802.0
22.0,1.0,0.0,0.0,0.0,0.0,1.0,0.0,0.0,1.0,0.0,1.0,9.0,19.0,1.0,0.0,0.26,0.0,0.0,1.0,0.0,8910.0
22.0,9.0,0.0,859.0,0.0,0.0,8.0,0.12,0.12,1.0,0.0,0.0,43.0,255.0,1.0,0.0,0.02,0.02,0.0,0.0,0.0,27079.0
22.0,9.0,209.0,5949.0,0.0,1.0,5.0,0.0,0.0,1.0,0.0,0.0,5.0,255.0,1.0,0.0,0.04,0.0,0.0,0.0,0.0,77587.0
22.0,1.0,0.0,0.0,0.0,0.0,1.0,0.0,0.0,1.0,0.0,0.0,1.0,250.0,1.0,0.0,0.26,0.0,0.0,0.9,0.0,42246.0
40.0,9.0,146.0,105.0,0.0,0.0,1.0,0.0,0.0,1.0,0.0,0.0,255.0,2.0,0.01,0.85,0.0,0.0,0.0,0.0,0.0,91630.0
22.0,9.0,226.0,5087.0,0.0,1.0,17.0,0.0,0.0,1.0,0.0,0.0,42.0,255.0,1.0,0.0,0.07,0.0,0.0,0.0,0.0,124272.0
11.0,9.0,45.0,45.0,0.0,0.0,103.0,0.0,0.0,1.0,0.0,0.02,255.0,227.0,0.89,0.01,0.0,0.0,0.0,0.0,0.0,87679.0
19.0,9.0,11.0,0.0,0.0,1.0,1.0,0.0,0.0,1.0,0.0,0.0,255.0,4.0,0.02,0.07,0.0,0.92,0.0,0.0,0.0,39135.0
49.0,9.0,1328.0,438.0,0.0,1.0,205.0,1.0,0.0,0.0,0.05,0.0,255.0,15.0,0.06,0.06,0.0,0.89,0.0,0.0,0.0,35100.0
49.0,9.0,1191.0,392.0,0.0,1.0,1.0,0.0,0.0,1.0,0.0,0.0,16.0,177.0,0.38,0.19,0.02,0.0,0.01,0.03,0.0,52690.0
22.0,9.0,215.0,288.0,0.0,1.0,11.0,0.09,0.09,1.0,0.0,0.0,62.0,255.0,1.0,0.0,0.05,0.02,0.0,0.0,0.0,66721.0
14.0,9.0,30.0,0.0,0.0,0.0,2.0,0.0,0.0,1.0,0.0,0.0,219.0,219.0,1.0,0.0,0.0,0.0,0.0,0.0,0.0,74750.0
22.0,9.0,204.0,406.0,0.0,1.0,24.0,0.0,0.0,1.0,0.0,0.08,24.0,255.0,1.0,0.0,0.03,0.0,0.0,0.0,0.0,68807.0
19.0,9.0,383.0,0.0,0.0,1.0,1.0,0.0,0.0,1.0,0.0,0.0,70.0,99.0,0.27,0.06,0.02,0.0,0.0,0.0,0.0,100146.0
49.0,9.0,1308.0,334.0,0.0,1.0,1.0,0.0,0.0,1.0,0.0,0.0,127.0,155.0,0.56,0.02,0.02,0.0,0.0,0.0,0.0,45899.0
22.0,9.0,321.0,1484.0,0.0,1.0,34.0,0.0,0.0,1.0,0.0,0.0,146.0,255.0,1.0,0.0,0.04,0.0,0.0,0.0,0.0,88449.0
49.0,9.0,126.0,238.0,0.0,1.0,1.0,0.0,0.0,1.0,0.0,0.0,101.0,73.0,0.19,0.7,0.03,0.0,0.0,0.0,0.0,60462.0
22.0,9.0,300.0,9986.0,0.0,1.0,14.0,0.0,0.0,1.0,0.0,0.0,255.0,255.0,1.0,0.0,0.0,0.0,0.0,0.0,0.0,74200.0
11.0,9.0,44.0,73.0,0.0,0.0,110.0,0.0,0.0,0.99,0.02,0.02,255.0,254.0,1.0,0.01,0.0,0.0,0.0,0.0,0.0,13122.0
22.0,1.0,0.0,0.0,0.0,0.0,15.0,0.0,0.0,1.0,0.0,0.0,37.0,184.0,1.0,0.0,0.18,0.0,0.0,0.97,0.0,91842.0
19.0,9.0,12.0,0.0,0.0,1.0,1.0,0.0,0.0,1.0,0.0,0.0,255.0,93.0,0.36,0.03,0.0,0.0,0.0,0.0,0.0,118529.0
11.0,9.0,45.0,88.0,0.0,0.0,275.0,0.0,0.0,1.0,0.0,0.0,255.0,206.0,0.81,0.01,0.0,0.0,0.0,0.0,0.0,109498.0
11.0,9.0,45.0,79.0,0.0,0.0,119.0,0.0,0.0,1.0,0.0,0.02,255.0,227.0,0.89,0.01,0.0,0.0,0.0,0.0,0.0,33030.0
22.0,9.0,163.0,35147.0,0.0,1.0,1.0,0.0,0.0,1.0,0.0,0.0,202.0,255.0,1.0,0.0,0.01,0.0,0.0,0.0,0.0,9861.0
22.0,9.0,241.0,835.0,0.0,1.0,2.0,0.0,0.0,1.0,0.0,0.0,20.0,255.0,1.0,0.0,0.03,0.0,0.0,0.0,0.0,125137.0
11.0,9.0,44.0,70.0,0.0,0.0,66.0,0.0,0.0,1.0,0.0,0.01,255.0,211.0,0.83,0.01,0.0,0.0,0.0,0.0,0.0,2866.0
22.0,9.0,259.0,848.0,0.0,1.0,12.0,0.0,0.0,1.0,0.0,0.0,255.0,255.0,1.0,0.0,0.0,0.0,0.0,0.0,0.0,53489.0
22.0,9.0,209.0,566.0,0.0,1.0,2.0,0.0,0.0,1.0,0.0,0.0,20.0,255.0,1.0,0.0,0.02,0.0,0.0,0.0,0.0,63202.0
19.0,9.0,12983.0,0.0,0.0,1.0,2.0,0.0,0.0,1.0,0.0,0.0,14.0,90.0,0.21,0.14,0.03,0.0,0.0,0.0,0.0,89532.0
22.0,9.0,202.0,4774.0,0.0,1.0,4.0,0.0,0.0,1.0,0.0,0.12,5.0,255.0,1.0,0.0,0.01,0.0,0.0,0.01,0.0,41051.0
22.0,9.0,241.0,589.0,0.0,1.0,11.0,0.0,0.0,1.0,0.0,0.0,255.0,255.0,1.0,0.0,0.0,0.0,0.0,0.0,0.0,88907.0
22.0,9.0,250.0,499.0,0.0,1.0,61.0,0.0,0.0,1.0,0.0,0.0,193.0,255.0,1.0,0.0,0.02,0.0,0.0,0.0,0.0,104288.0
11.0,9.0,44.0,129.0,0.0,0.0,68.0,0.0,0.0,1.0,0.0,0.01,255.0,231.0,0.91,0.01,0.0,0.0,0.0,0.0,0.0,42068.0
11.0,9.0,24.0,42.0,0.0,0.0,1.0,0.0,0.0,1.0,0.0,0.6,255.0,242.0,0.95,0.02,0.0,0.0,0.0,0.0,0.0,39418.0
58.0,9.0,181.0,0.0,0.0,0.0,2.0,0.0,0.0,0.5,1.0,0.0,255.0,110.0,0.43,0.01,0.0,0.0,0.0,0.0,0.0,111014.0
22.0,9.0,214.0,660.0,0.0,1.0,7.0,0.0,0.0,1.0,0.0,0.2,255.0,255.0,1.0,0.0,0.0,0.0,0.0,0.0,0.0,44228.0
22.0,9.0,327.0,5650.0,0.0,1.0,41.0,0.0,0.0,1.0,0.0,0.0,255.0,255.0,1.0,0.0,0.0,0.0,0.0,0.0,0.0,63665.0
49.0,9.0,861.0,328.0,0.0,1.0,1.0,0.0,0.0,1.0,0.0,1.0,170.0,137.0,0.67,0.02,0.01,0.0,0.0,0.0,0.0,47911.0
0.0,4.0,1271.0,9698.0,0.0,1.0,1.0,0.0,0.0,1.0,0.0,0.0,213.0,24.0,0.11,0.01,0.0,0.0,0.0,0.62,0.0,35446.0
55.0,6.0,0.0,0.0,0.0,0.0,1.0,1.0,1.0,1.0,0.0,0.0,77.0,1.0,0.01,0.06,0.0,0.01,1.0,0.0,0.0,88873.0
22.0,9.0,290.0,3376.0,0.0,1.0,5.0,0.0,0.0,1.0,0.0,0.0,51.0,255.0,1.0,0.0,0.07,0.0,0.0,0.0,0.0,42334.0
11.0,9.0,36.0,36.0,0.0,0.0,3.0,0.0,0.0,1.0,0.0,0.5,255.0,250.0,0.98,0.01,0.0,0.0,0.0,0.0,0.0,99075.0
22.0,9.0,313.0,2043.0,0.0,1.0,17.0,0.0,0.0,1.0,0.0,0.0,255.0,255.0,1.0,0.0,0.0,0.0,0.0,0.0,0.0,58119.0
22.0,9.0,315.0,1054.0,0.0,1.0,4.0,0.0,0.0,1.0,0.0,0.5,255.0,255.0,1.0,0.0,0.0,0.0,0.0,0.0,0.0,119901.0
22.0,9.0,319.0,1718.0,0.0,1.0,4.0,0.0,0.0,1.0,0.0,0.0,255.0,255.0,1.0,0.0,0.0,0.0,0.0,0.0,0.0,75387.0
22.0,9.0,237.0,18604.0,0.0,1.0,8.0,0.0,0.0,1.0,0.0,0.22,255.0,255.0,1.0,0.0,0.0,0.0,0.0,0.0,0.0,8229.0
22.0,9.0,217.0,2887.0,0.0,1.0,10.0,0.0,0.0,1.0,0.0,0.0,255.0,255.0,1.0,0.0,0.0,0.0,0.0,0.0,0.0,1102.0
11.0,9.0,33.0,93.0,0.0,0.0,7.0,0.0,0.0,1.0,0.0,0.4,149.0,209.0,0.9,0.01,0.01,0.0,0.0,0.0,0.0,92995.0
22.0,1.0,0.0,0.0,0.0,0.0,1.0,0.0,0.0,1.0,0.0,0.0,24.0,216.0,1.0,0.0,0.01,0.04,0.0,0.09,0.0,81112.0
22.0,9.0,396.0,4037.0,0.0,1.0,25.0,0.0,0.0,1.0,0.0,0.07,255.0,255.0,1.0,0.0,0.0,0.0,0.0,0.0,0.0,22618.0
22.0,9.0,220.0,2111.0,0.0,1.0,3.0,0.0,0.0,1.0,0.0,0.0,255.0,255.0,1.0,0.0,0.0,0.0,0.0,0.0,0.0,76199.0
22.0,9.0,322.0,4902.0,0.0,1.0,1.0,0.0,0.0,1.0,0.0,0.3,11.0,255.0,1.0,0.0,0.03,0.0,0.0,0.0,0.0,30334.0
18.0,9.0,1216.0,3380.0,0.0,1.0,1.0,0.0,0.0,1.0,0.0,0.0,255.0,70.0,0.27,0.03,0.0,0.0,0.0,0.0,0.0,3026.0
49.0,9.0,2307.0,387.0,0.0,1.0,1.0,0.0,0.0,1.0,0.0,0.0,255.0,83.0,0.33,0.31,0.0,0.31,0.0,0.0,0.0,49626.0
22.0,9.0,163.0,3253.0,0.0,1.0,1.0,0.0,0.0,1.0,0.0,0.0,151.0,255.0,1.0,0.0,0.03,0.0,0.0,0.0,0.0,45697.0
22.0,9.0,297.0,2994.0,0.0,1.0,2.0,0.0,0.0,1.0,0.0,0.0,132.0,255.0,1.0,0.0,0.02,0.0,0.0,0.0,0.0,55443.0
22.0,1.0,0.0,0.0,0.0,0.0,1.0,0.0,0.0,1.0,0.0,0.0,17.0,219.0,1.0,0.0,0.16,0.0,0.0,1.0,0.0,7282.0
22.0,9.0,320.0,269.0,0.0,1.0,5.0,0.0,0.0,1.0,0.0,0.0,50.0,44.0,0.88,0.04,0.0,0.0,0.0,0.0,0.0,25643.0
22.0,9.0,297.0,10862.0,0.0,1.0,12.0,0.0,0.0,1.0,0.0,0.0,92.0,255.0,1.0,0.0,0.02,0.0,0.0,0.0,0.0,97816.0
22.0,9.0,211.0,304.0,0.0,1.0,5.0,0.0,0.0,1.0,0.0,0.0,109.0,255.0,1.0,0.0,0.03,0.0,0.0,0.0,0.0,106707.0
55.0,9.0,825.0,100118.0,0.0,1.0,1.0,0.0,0.0,1.0,0.0,0.0,31.0,8.0,0.26,0.13,0.0,0.0,0.0,0.0,0.0,120618.0
49.0,9.0,1138.0,329.0,0.0,1.0,1.0,0.0,0.0,1.0,0.0,0.0,206.0,178.0,0.7,0.08,0.01,0.0,0.0,0.0,0.0,122842.0
11.0,9.0,42.0,162.0,0.0,0.0,79.0,0.0,0.0,1.0,0.0,0.01,255.0,255.0,1.0,0.0,0.0,0.0,0.0,0.0,0.0,114207.0
22.0,9.0,216.0,420.0,0.0,1.0,23.0,0.0,0.0,1.0,0.0,0.08,255.0,255.0,1.0,0.0,0.0,0.0,0.0,0.0,0.0,75581.0
11.0,9.0,30.0,0.0,0.0,0.0,1.0,0.0,0.0,1.0,0.0,1.0,255.0,22.0,0.09,0.02,0.0,0.0,0.0,0.0,0.0,45363.0
22.0,9.0,354.0,3588.0,0.0,1.0,2.0,0.0,0.0,1.0,0.0,0.0,255.0,255.0,1.0,0.0,0.0,0.0,0.0,0.0,0.0,31597.0
22.0,7.0,197.0,0.0,0.0,0.0,5.0,0.2,0.2,1.0,0.0,0.0,40.0,255.0,1.0,0.0,0.05,0.03,0.01,0.53,0.0,69297.0
22.0,9.0,188.0,1364.0,0.0,1.0,4.0,0.0,0.0,1.0,0.0,0.4,255.0,255.0,1.0,0.0,0.0,0.0,0.0,0.0,0.0,25101.0
49.0,9.0,955.0,337.0,0.0,1.0,1.0,0.0,0.0,1.0,0.0,1.0,7.0,199.0,1.0,0.0,0.01,0.0,0.0,0.0,0.0,69564.0
22.0,9.0,217.0,3084.0,0.0,1.0,2.0,0.0,0.0,1.0,0.0,0.0,182.0,255.0,1.0,0.0,0.02,0.0,0.0,0.0,0.0,47946.0
22.0,9.0,261.0,5848.0,0.0,1.0,1.0,0.0,0.0,1.0,0.0,0.15,69.0,255.0,1.0,0.0,0.04,0.0,0.0,0.0,0.0,107405.0
49.0,9.0,1664.0,365.0,0.0,1.0,1.0,0.0,0.0,1.0,0.0,0.0,21.0,165.0,0.95,0.1,0.01,0.0,0.0,0.0,0.0,99052.0
11.0,9.0,42.0,71.0,0.0,0.0,203.0,0.0,0.0,1.0,0.01,0.01,255.0,254.0,1.0,0.01,0.0,0.0,0.0,0.0,0.0,74101.0
11.0,9.0,42.0,42.0,0.0,0.0,1.0,0.0,0.0,1.0,0.0,0.0,255.0,210.0,0.82,0.01,0.0,0.0,0.0,0.0,0.0,15510.0
49.0,9.0,774.0,325.0,0.0,1.0,1.0,0.0,0.0,1.0,0.0,0.0,139.0,83.0,0.6,0.04,0.0,0.0,0.0,0.0,0.0,108563.0
22.0,9.0,215.0,1295.0,0.0,1.0,2.0,0.0,0.0,1.0,0.0,0.67,255.0,255.0,1.0,0.0,0.0,0.0,0.0,0.0,0.0,78235.0
22.0,9.0,207.0,2708.0,0.0,1.0,6.0,0.0,0.0,1.0,0.0,0.1,88.0,255.0,1.0,0.0,0.03,0.0,0.0,0.0,0.0,111105.0
22.0,9.0,211.0,6779.0,0.0,1.0,20.0,0.0,0.0,1.0,0.0,0.0,20.0,255.0,1.0,0.0,0.02,0.0,0.0,0.0,0.0,92246.0
11.0,9.0,37.0,90.0,0.0,0.0,1.0,0.0,0.0,1.0,0.0,0.67,105.0,44.0,0.42,0.04,0.0,0.0,0.0,0.0,0.0,65802.0
19.0,9.0,35195.0,0.0,0.0,0.0,22.0,0.0,0.0,1.0,0.0,0.0,219.0,64.0,0.29,0.02,0.0,0.0,0.0,0.0,0.0,84290.0
19.0,9.0,192.0,0.0,0.0,1.0,1.0,0.0,0.0,1.0,0.0,0.0,136.0,86.0,0.34,0.11,0.02,0.01,0.01,0.0,0.0,32707.0
49.0,9.0,1784.0,334.0,0.0,1.0,1.0,0.0,0.0,1.0,0.0,1.0,4.0,179.0,1.0,0.0,0.02,0.0,0.0,0.0,0.0,31320.0
22.0,9.0,215.0,755.0,0.0,1.0,9.0,0.0,0.0,1.0,0.0,0.27,103.0,156.0,1.0,0.0,0.06,0.0,0.0,0.0,0.0,22426.0
22.0,9.0,248.0,1849.0,0.0,1.0,11.0,0.0,0.0,1.0,0.0,0.0,47.0,255.0,1.0,0.0,0.03,0.0,0.0,0.0,0.0,34936.0
22.0,9.0,214.0,9673.0,0.0,1.0,18.0,0.0,0.0,1.0,0.0,0.1,255.0,255.0,1.0,0.0,0.0,0.0,0.0,0.0,0.0,97038.0
22.0,9.0,249.0,1976.0,0.0,1.0,2.0,0.0,0.0,1.0,0.0,0.0,255.0,255.0,1.0,0.0,0.0,0.0,0.0,0.0,0.0,100869.0
22.0,9.0,288.0,1784.0,0.0,1.0,10.0,0.0,0.0,1.0,0.0,0.07,255.0,255.0,1.0,0.0,0.0,0.0,0.0,0.0,0.0,120203.0
49.0,9.0,1185.0,328.0,0.0,1.0,1.0,0.0,0.0,1.0,0.0,0.0,34.0,36.0,0.74,0.12,0.06,0.0,0.0,0.0,0.0,89828.0
22.0,9.0,375.0,346.0,0.0,1.0,2.0,0.0,0.0,1.0,0.0,0.18,8.0,255.0,1.0,0.0,0.02,0.0,0.0,0.0,0.0,79854.0
49.0,9.0,966.0,336.0,0.0,1.0,1.0,0.0,0.0,1.0,0.0,1.0,114.0,140.0,0.61,0.04,0.01,0.0,0.0,0.0,0.0,70567.0
19.0,9.0,501760.0,0.0,0.0,0.0,2.0,0.0,0.0,1.0,0.0,0.0,7.0,55.0,0.86,0.29,0.05,0.0,0.0,0.0,0.0,31390.0
58.0,9.0,78.0,0.0,0.0,0.0,10.0,0.0,0.0,0.4,0.2,0.0,255.0,21.0,0.08,0.01,0.0,0.0,0.0,0.0,0.0,92905.0
11.0,9.0,43.0,131.0,0.0,0.0,141.0,0.0,0.0,1.0,0.0,0.01,255.0,255.0,1.0,0.0,0.0,0.0,0.0,0.0,0.0,102719.0
11.0,9.0,44.0,136.0,0.0,0.0,191.0,0.0,0.0,0.99,0.01,0.01,193.0,154.0,0.8,0.02,0.0,0.0,0.0,0.0,0.0,81190.0
40.0,9.0,7077.0,0.0,0.0,1.0,4.0,0.25,0.0,0.25,0.5,0.0,98.0,1.0,0.01,0.05,0.0,0.01,0.0,0.0,0.0,22166.0
22.0,9.0,201.0,458.0,0.0,1.0,35.0,0.0,0.0,1.0,0.0,0.11,255.0,255.0,1.0,0.0,0.0,0.0,0.0,0.0,0.0,16113.0
19.0,9.0,95.0,0.0,0.0,1.0,1.0,0.0,0.0,1.0,0.0,0.0,255.0,101.0,0.4,0.08,0.0,0.01,0.02,0.0,0.0,86735.0
22.0,9.0,199.0,663.0,0.0,1.0,15.0,0.0,0.0,1.0,0.0,0.0,62.0,255.0,1.0,0.0,0.03,0.0,0.0,0.0,0.0,89350.0
22.0,9.0,236.0,2866.0,0.0,1.0,7.0,0.0,0.0,1.0,0.0,0.0,49.0,70.0,1.0,0.0,0.03,0.0,0.0,0.0,0.0,84771.0
49.0,9.0,1076.0,400.0,0.0,1.0,1.0,0.0,0.0,1.0,0.0,0.0,255.0,4.0,0.02,0.06,0.0,0.97,0.0,0.0,0.0,73698.0
22.0,9.0,209.0,1296.0,0.0,1.0,4.0,0.25,0.33,1.0,0.0,0.33,4.0,255.0,1.0,0.0,0.03,0.25,0.01,0.0,0.0,14848.0
22.0,9.0,247.0,190971.0,0.0,1.0,5.0,0.0,0.0,1.0,0.0,0.33,255.0,255.0,1.0,0.0,0.0,0.0,0.0,0.0,0.0,85361.0
44.0,9.0,105.0,146.0,0.0,0.0,1.0,0.0,0.0,1.0,0.0,0.0,4.0,3.0,0.75,0.5,0.0,0.0,0.0,0.0,0.0,51164.0
22.0,9.0,213.0,3276.0,0.0,1.0,14.0,0.0,0.0,1.0,0.0,0.0,255.0,255.0,1.0,0.0,0.0,0.0,0.0,0.0,0.0,4536.0
22.0,9.0,208.0,757.0,0.0,1.0,3.0,0.0,0.0,1.0,0.0,0.2,50.0,255.0,1.0,0.0,0.05,0.0,0.0,0.0,0.0,11995.0
11.0,9.0,43.0,130.0,0.0,0.0,65.0,0.0,0.0,1.0,0.0,0.01,255.0,255.0,1.0,0.0,0.0,0.0,0.0,0.0,0.0,38714.0
22.0,9.0,235.0,1721.0,0.0,1.0,13.0,0.0,0.0,1.0,0.0,0.0,255.0,255.0,1.0,0.0,0.0,0.0,0.0,0.0,0.0,72969.0
22.0,9.0,211.0,765.0,0.0,1.0,3.0,0.0,0.0,1.0,0.0,0.0,100.0,255.0,1.0,0.0,0.04,0.0,0.0,0.0,0.0,106373.0
22.0,9.0,283.0,4768.0,0.0,1.0,26.0,0.0,0.0,1.0,0.0,0.0,255.0,255.0,1.0,0.0,0.0,0.0,0.0,0.0,0.0,119856.0
11.0,9.0,46.0,46.0,0.0,0.0,3.0,0.0,0.0,1.0,0.0,0.27,255.0,249.0,0.98,0.01,0.0,0.0,0.0,0.0,0.0,111049.0
11.0,9.0,44.0,134.0,0.0,0.0,79.0,0.0,0.0,1.0,0.0,0.01,255.0,254.0,1.0,0.01,0.0,0.0,0.0,0.0,0.0,11484.0
11.0,9.0,44.0,69.0,0.0,0.0,156.0,0.0,0.0,1.0,0.0,0.0,255.0,191.0,0.75,0.01,0.0,0.0,0.0,0.0,0.0,66911.0
22.0,9.0,412.0,921.0,0.0,1.0,13.0,0.0,0.0,1.0,0.0,0.0,255.0,255.0,1.0,0.0,0.0,0.0,0.0,0.0,0.0,41834.0
22.0,9.0,216.0,530.0,0.0,1.0,9.0,0.0,0.0,1.0,0.0,0.07,9.0,255.0,1.0,0.0,0.02,0.0,0.0,0.0,0.0,101343.0
49.0,9.0,1083.0,332.0,0.0,1.0,2.0,0.0,0.0,0.5,1.0,1.0,201.0,131.0,0.52,0.03,0.02,0.0,0.0,0.0,0.0,79722.0
22.0,9.0,219.0,1024.0,0.0,1.0,22.0,0.0,0.0,1.0,0.0,0.0,22.0,255.0,1.0,0.0,0.03,0.0,0.0,0.0,0.0,59584.0
22.0,9.0,227.0,2139.0,0.0,1.0,11.0,0.0,0.0,1.0,0.0,0.17,75.0,255.0,1.0,0.0,0.04,0.0,0.0,0.0,0.0,8147.0
22.0,9.0,158.0,2645.0,0.0,1.0,2.0,0.0,0.0,1.0,0.0,0.0,245.0,255.0,1.0,0.0,0.01,0.0,0.0,0.0,0.0,82918.0
22.0,9.0,217.0,1030.0,0.0,1.0,2.0,0.0,0.0,1.0,0.0,0.0,2.0,255.0,1.0,0.0,0.06,0.0,0.0,0.0,0.0,41628.0
22.0,9.0,284.0,614.0,0.0,1.0,7.0,0.0,0.0,1.0,0.0,0.0,10.0,255.0,1.0,0.0,0.07,0.0,0.0,0.0,0.0,62125.0
40.0,9.0,147.0,105.0,0.0,0.0,1.0,0.0,0.0,1.0,0.0,0.0,255.0,1.0,0.0,0.82,0.0,0.0,0.0,0.0,0.0,5220.0
22.0,9.0,227.0,456.0,0.0,1.0,3.0,0.0,0.0,1.0,0.0,0.29,153.0,255.0,1.0,0.0,0.05,0.0,0.0,0.01,0.0,8799.0
3.0,9.0,10.0,39.0,0.0,0.0,1.0,0.0,0.0,1.0,0.0,0.0,112.0,5.0,0.01,0.06,0.4,0.0,0.0,0.0,0.0,37422.0
49.0,9.0,1035.0,362.0,0.0,1.0,1.0,0.0,0.0,1.0,0.0,0.0,85.0,54.0,0.64,0.06,0.0,0.0,0.0,0.0,0.0,92706.0
18.0,9.0,237.0,769.0,0.0,1.0,1.0,0.0,0.0,1.0,0.0,0.0,241.0,65.0,0.27,0.02,0.0,0.0,0.0,0.0,0.0,98146.0
22.0,9.0,336.0,2103.0,0.0,1.0,6.0,0.17,0.29,1.0,0.0,0.29,172.0,255.0,1.0,0.0,0.02,0.01,0.01,0.0,0.0,115786.0
11.0,9.0,44.0,44.0,0.0,0.0,108.0,0.0,0.0,1.0,0.0,0.01,255.0,255.0,1.0,0.0,0.0,0.0,0.0,0.0,0.0,123695.0
11.0,9.0,43.0,43.0,0.0,0.0,195.0,0.0,0.0,1.0,0.0,0.0,255.0,255.0,1.0,0.0,0.0,0.0,0.0,0.0,0.0,123536.0
22.0,9.0,358.0,409.0,0.0,1.0,12.0,0.0,0.0,1.0,0.0,0.0,255.0,255.0,1.0,0.0,0.0,0.0,0.0,0.0,0.0,21152.0
11.0,9.0,34.0,88.0,0.0,0.0,1.0,0.0,0.0,1.0,0.0,0.8,255.0,218.0,0.85,0.01,0.0,0.0,0.0,0.0,0.0,11767.0
49.0,9.0,2353.0,328.0,0.0,1.0,2.0,0.0,0.0,0.5,1.0,1.0,255.0,150.0,0.59,0.03,0.0,0.0,0.0,0.0,0.0,12350.0
22.0,9.0,340.0,762.0,0.0,1.0,7.0,0.0,0.0,1.0,0.0,0.0,111.0,255.0,1.0,0.0,0.01,0.0,0.0,0.01,0.0,102932.0
18.0,9.0,309.0,1054.0,0.0,1.0,1.0,0.0,0.0,1.0,0.0,0.0,124.0,14.0,0.11,0.06,0.0,0.02,0.0,0.0,0.0,83587.0
11.0,9.0,45.0,111.0,0.0,0.0,47.0,0.0,0.0,1.0,0.0,0.02,255.0,226.0,0.89,0.01,0.0,0.0,0.0,0.0,0.0,99986.0
22.0,9.0,225.0,839.0,0.0,1.0,37.0,0.0,0.0,1.0,0.0,0.0,37.0,255.0,1.0,0.0,0.05,0.0,0.0,0.0,0.0,106450.0
22.0,9.0,185.0,4154.0,0.0,1.0,1.0,0.0,0.0,1.0,0.0,1.0,255.0,255.0,1.0,0.0,0.0,0.0,0.0,0.0,0.0,78855.0
22.0,9.0,335.0,3221.0,0.0,1.0,16.0,0.0,0.0,1.0,0.0,0.0,106.0,255.0,1.0,0.0,0.03,0.0,0.01,0.0,0.0,125667.0
22.0,9.0,244.0,921.0,0.0,1.0,8.0,0.0,0.0,1.0,0.0,0.22,255.0,255.0,1.0,0.0,0.0,0.0,0.0,0.0,0.0,19682.0
49.0,9.0,710.0,328.0,0.0,1.0,1.0,0.0,0.0,1.0,0.0,0.0,255.0,125.0,0.49,0.03,0.0,0.0,0.0,0.0,0.0,5595.0
40.0,9.0,147.0,105.0,0.0,0.0,4.0,0.0,0.0,0.5,0.5,0.0,255.0,2.0,0.01,0.57,0.0,0.0,0.0,0.0,0.0,88716.0
11.0,9.0,45.0,45.0,0.0,0.0,91.0,0.0,0.0,0.99,0.02,0.01,255.0,254.0,1.0,0.01,0.0,0.0,0.0,0.0,0.0,107753.0
17.0,9.0,8.0,220.0,0.0,0.0,1.0,0.0,0.0,1.0,0.0,0.0,132.0,4.0,0.02,0.05,0.5,0.0,0.0,0.0,0.0,28235.0
22.0,9.0,304.0,753.0,0.0,1.0,3.0,0.0,0.29,1.0,0.0,0.43,255.0,255.0,1.0,0.0,0.0,0.0,0.0,0.0,0.0,19069.0
22.0,9.0,237.0,336.0,0.0,1.0,2.0,0.0,0.0,1.0,0.0,0.0,255.0,255.0,1.0,0.0,0.0,0.0,0.0,0.0,0.0,124503.0
22.0,9.0,339.0,286.0,0.0,1.0,2.0,0.0,0.0,1.0,0.0,0.0,255.0,216.0,0.85,0.02,0.0,0.0,0.0,0.0,0.0,112147.0
19.0,9.0,2194619.0,0.0,0.0,1.0,2.0,0.0,0.0,1.0,0.0,0.0,57.0,34.0,0.18,0.11,0.06,0.0,0.0,0.0,0.0,99153.0
22.0,9.0,236.0,937.0,0.0,1.0,3.0,0.0,0.0,1.0,0.0,0.0,255.0,255.0,1.0,0.0,0.0,0.0,0.0,0.0,0.0,61972.0
22.0,9.0,219.0,952.0,0.0,1.0,2.0,0.0,0.0,1.0,0.0,0.0,31.0,255.0,1.0,0.0,0.04,0.0,0.0,0.0,0.0,16600.0
22.0,9.0,54540.0,8314.0,0.0,1.0,3.0,0.0,0.0,1.0,0.0,0.0,95.0,95.0,1.0,0.0,0.0,0.0,0.0,0.16,1.0,39222.0
22.0,9.0,294.0,4201.0,0.0,1.0,15.0,0.07,0.1,1.0,0.0,0.24,47.0,255.0,1.0,0.0,0.01,0.02,0.0,0.0,0.0,47453.0
55.0,9.0,720.0,24758.0,0.0,1.0,1.0,0.0,0.0,1.0,0.0,0.0,255.0,52.0,0.2,0.02,0.0,0.43,0.56,0.0,0.0,7836.0
22.0,9.0,314.0,282.0,0.0,1.0,22.0,0.0,0.0,1.0,0.0,0.0,106.0,255.0,1.0,0.0,0.06,0.0,0.01,0.0,0.0,74657.0
40.0,9.0,516.0,4.0,0.0,0.0,408.0,0.0,0.0,1.0,0.0,0.0,255.0,255.0,1.0,0.0,0.0,0.0,0.0,0.0,0.0,24629.0
3.0,9.0,10.0,38.0,0.0,1.0,1.0,0.0,0.0,1.0,0.0,0.0,115.0,8.0,0.04,0.03,0.25,0.0,0.0,0.0,0.0,37276.0
22.0,9.0,222.0,882.0,0.0,1.0,11.0,0.0,0.0,1.0,0.0,0.0,255.0,255.0,1.0,0.0,0.0,0.0,0.0,0.0,0.0,81034.0
49.0,9.0,992.0,358.0,0.0,1.0,1.0,0.0,0.0,1.0,0.0,0.0,43.0,157.0,0.53,0.07,0.01,0.0,0.0,0.0,0.0,19575.0
22.0,9.0,217.0,10317.0,0.0,1.0,5.0,0.0,0.0,1.0,0.0,0.0,98.0,255.0,1.0,0.0,0.07,0.0,0.0,0.0,0.0,26333.0
22.0,9.0,291.0,3682.0,0.0,1.0,12.0,0.0,0.0,1.0,0.0,0.0,28.0,255.0,1.0,0.0,0.03,0.0,0.0,0.0,0.0,93792.0
22.0,9.0,307.0,871.0,0.0,1.0,7.0,0.0,0.0,1.0,0.0,0.0,7.0,255.0,1.0,0.0,0.02,0.0,0.0,0.0,0.0,57909.0
22.0,9.0,211.0,43129.0,0.0,1.0,2.0,0.0,0.0,1.0,0.0,0.09,19.0,255.0,1.0,0.0,0.05,0.0,0.0,0.0,0.0,99708.0
22.0,9.0,249.0,338.0,0.0,1.0,7.0,0.0,0.0,1.0,0.0,0.0,255.0,255.0,1.0,0.0,0.0,0.0,0.0,0.0,0.0,64262.0
49.0,9.0,1372.0,331.0,0.0,1.0,1.0,0.0,0.0,1.0,0.0,0.0,6.0,118.0,0.5,0.33,0.03,0.0,0.0,0.0,0.0,54909.0
22.0,9.0,281.0,756.0,0.0,1.0,4.0,0.0,0.0,1.0,0.0,0.25,76.0,255.0,1.0,0.0,0.02,0.0,0.0,0.0,0.0,111384.0
22.0,9.0,262.0,4817.0,0.0,1.0,6.0,0.0,0.0,1.0,0.0,0.25,255.0,255.0,1.0,0.0,0.0,0.0,0.0,0.0,0.0,96468.0
19.0,9.0,192.0,0.0,0.0,1.0,2.0,0.0,0.0,1.0,0.0,0.0,255.0,126.0,0.49,0.02,0.0,0.0,0.01,0.0,0.0,92135.0
22.0,9.0,347.0,872.0,0.0,1.0,25.0,0.0,0.0,1.0,0.0,0.07,255.0,255.0,1.0,0.0,0.0,0.0,0.0,0.0,0.0,47672.0
22.0,1.0,0.0,0.0,0.0,0.0,1.0,0.0,0.0,1.0,0.0,0.0,7.0,255.0,1.0,0.0,0.24,0.0,0.0,0.91,0.0,272.0
22.0,9.0,236.0,19010.0,0.0,1.0,3.0,0.0,0.0,1.0,0.0,0.0,255.0,255.0,1.0,0.0,0.0,0.0,0.0,0.0,0.0,27362.0
22.0,6.0,246.0,21006.0,0.0,1.0,1.0,1.0,1.0,1.0,0.0,0.0,164.0,255.0,1.0,0.0,0.02,0.01,0.0,0.0,0.0,25466.0
22.0,9.0,326.0,468.0,0.0,1.0,7.0,0.0,0.0,1.0,0.0,0.0,37.0,255.0,1.0,0.0,0.07,0.0,0.0,0.0,0.0,91591.0
19.0,9.0,59.0,0.0,0.0,1.0,158.0,0.95,0.0,0.05,0.06,0.0,255.0,14.0,0.05,0.06,0.0,0.95,0.0,0.0,0.0,123483.0
55.0,9.0,4143.0,31782.0,0.0,1.0,1.0,0.0,0.0,1.0,0.0,0.0,1.0,1.0,1.0,0.0,0.0,0.0,0.0,0.0,0.0,81910.0
22.0,9.0,380.0,346.0,0.0,1.0,4.0,0.0,0.0,1.0,0.0,0.14,22.0,255.0,1.0,0.0,0.02,0.0,0.0,0.0,0.0,25037.0
22.0,9.0,54540.0,8314.0,0.0,1.0,2.0,0.0,0.0,1.0,0.0,0.0,191.0,191.0,1.0,0.0,0.0,0.0,0.0,0.01,1.0,55434.0
55.0,9.0,172.0,3842.0,0.0,1.0,1.0,0.0,0.0,1.0,0.0,0.0,253.0,29.0,0.11,0.02,0.0,0.0,0.0,0.0,0.0,28627.0
22.0,9.0,308.0,405.0,0.0,1.0,13.0,0.0,0.0,1.0,0.0,0.0,255.0,255.0,1.0,0.0,0.0,0.0,0.0,0.0,0.0,92609.0
22.0,9.0,315.0,535.0,0.0,1.0,12.0,0.0,0.0,1.0,0.0,0.19,255.0,255.0,1.0,0.0,0.0,0.0,0.0,0.0,0.0,29964.0
22.0,9.0,220.0,385.0,0.0,1.0,2.0,0.0,0.0,1.0,0.0,0.6,139.0,255.0,1.0,0.0,0.01,0.0,0.0,0.0,0.0,111100.0
19.0,9.0,95.0,0.0,0.0,1.0,5.0,0.0,0.0,1.0,0.0,0.0,63.0,91.0,0.24,0.11,0.02,0.0,0.0,0.0,0.0,100369.0
49.0,9.0,945.0,334.0,0.0,1.0,1.0,0.0,0.0,1.0,0.0,0.0,130.0,146.0,0.51,0.03,0.01,0.01,0.01,0.0,0.0,105792.0
11.0,9.0,45.0,45.0,0.0,0.0,124.0,0.0,0.0,1.0,0.0,0.02,255.0,230.0,0.9,0.01,0.0,0.0,0.0,0.0,0.0,24885.0
22.0,9.0,325.0,2616.0,0.0,1.0,85.0,0.0,0.0,1.0,0.0,0.06,255.0,255.0,1.0,0.0,0.0,0.0,0.0,0.0,0.0,31960.0
22.0,9.0,208.0,1773.0,0.0,1.0,9.0,0.0,0.0,1.0,0.0,0.0,26.0,255.0,1.0,0.0,0.02,0.0,0.0,0.0,0.0,81760.0
11.0,9.0,45.0,70.0,0.0,0.0,105.0,0.0,0.0,1.0,0.0,0.0,255.0,223.0,0.87,0.01,0.0,0.0,0.0,0.0,0.0,92696.0
22.0,9.0,220.0,385.0,0.0,1.0,3.0,0.0,0.0,1.0,0.0,0.0,31.0,255.0,1.0,0.0,0.06,0.0,0.0,0.0,0.0,37532.0
22.0,9.0,201.0,7384.0,0.0,1.0,23.0,0.0,0.0,1.0,0.0,0.0,255.0,255.0,1.0,0.0,0.0,0.0,0.0,0.0,0.0,87263.0
22.0,9.0,290.0,657.0,0.0,1.0,6.0,0.0,0.0,1.0,0.0,0.19,255.0,255.0,1.0,0.0,0.0,0.01,0.01,0.0,0.0,96758.0
49.0,9.0,2071.0,332.0,0.0,1.0,1.0,0.0,0.0,1.0,0.0,0.0,49.0,185.0,0.88,0.08,0.01,0.0,0.0,0.0,0.0,98396.0
49.0,9.0,638.0,337.0,0.0,1.0,1.0,0.0,0.0,1.0,0.0,1.0,188.0,193.0,0.83,0.06,0.01,0.02,0.02,0.0,0.0,13305.0
22.0,9.0,232.0,960.0,0.0,1.0,12.0,0.0,0.0,1.0,0.0,0.24,255.0,255.0,1.0,0.0,0.0,0.0,0.0,0.0,0.0,6832.0
11.0,9.0,46.0,143.0,0.0,0.0,47.0,0.0,0.0,1.0,0.0,0.02,255.0,254.0,1.0,0.01,0.0,0.0,0.0,0.0,0.0,58672.0
22.0,9.0,302.0,307.0,0.0,1.0,2.0,0.0,0.0,1.0,0.0,0.67,255.0,255.0,1.0,0.0,0.0,0.0,0.0,0.0,0.0,12143.0
22.0,9.0,292.0,13209.0,0.0,1.0,19.0,0.0,0.0,1.0,0.0,0.1,255.0,255.0,1.0,0.0,0.0,0.0,0.0,0.0,0.0,82767.0
22.0,1.0,0.0,0.0,0.0,0.0,1.0,0.0,0.0,1.0,0.0,0.0,36.0,211.0,1.0,0.0,0.19,0.0,0.0,0.94,0.0,32977.0
11.0,9.0,46.0,135.0,0.0,0.0,89.0,0.0,0.0,1.0,0.0,0.01,255.0,255.0,1.0,0.0,0.0,0.0,0.0,0.0,0.0,37164.0
22.0,9.0,282.0,124.0,0.0,1.0,1.0,0.0,0.0,1.0,0.0,1.0,54.0,255.0,1.0,0.0,0.02,0.0,0.0,0.01,0.0,28623.0
22.0,9.0,325.0,1747.0,0.0,1.0,9.0,0.0,0.0,1.0,0.0,0.2,26.0,255.0,1.0,0.0,0.03,0.0,0.0,0.0,0.0,44209.0
11.0,9.0,45.0,124.0,0.0,0.0,110.0,0.0,0.0,1.0,0.0,0.0,255.0,255.0,1.0,0.0,0.0,0.0,0.0,0.0,0.0,114494.0
55.0,9.0,93.0,3042.0,0.0,1.0,1.0,0.0,0.0,1.0,0.0,0.0,104.0,22.0,0.21,0.05,0.0,0.0,0.0,0.09,0.0,47536.0
22.0,9.0,216.0,5864.0,0.0,1.0,1.0,0.0,0.0,1.0,0.0,0.0,14.0,210.0,1.0,0.0,0.09,0.0,0.0,0.0,0.0,3355.0
49.0,9.0,594.0,330.0,0.0,1.0,1.0,0.0,0.0,1.0,0.0,0.0,75.0,44.0,0.59,0.07,0.0,0.01,0.02,0.0,0.0,70319.0
0.0,9.0,77.0,17.0,0.0,1.0,1.0,0.0,0.0,1.0,0.0,0.0,51.0,15.0,0.29,0.04,0.0,0.02,0.07,0.73,0.0,96735.0
17.0,9.0,10.0,0.0,0.0,0.0,4.0,0.0,0.0,0.75,0.5,0.0,107.0,10.0,0.06,0.06,0.2,0.0,0.0,0.0,1.0,35651.0
22.0,9.0,236.0,660.0,0.0,1.0,11.0,0.0,0.0,1.0,0.0,0.14,32.0,255.0,1.0,0.0,0.03,0.0,0.0,0.0,0.0,110329.0
22.0,9.0,318.0,2242.0,0.0,1.0,10.0,0.0,0.0,1.0,0.0,0.0,255.0,255.0,1.0,0.0,0.0,0.0,0.0,0.0,0.0,118728.0
22.0,9.0,289.0,330.0,0.0,1.0,32.0,0.03,0.03,1.0,0.0,0.0,255.0,255.0,1.0,0.0,0.0,0.0,0.0,0.0,0.0,51908.0
22.0,9.0,266.0,2210.0,0.0,1.0,19.0,0.0,0.0,1.0,0.0,0.0,38.0,255.0,1.0,0.0,0.03,0.0,0.0,0.0,0.0,89833.0
18.0,9.0,1241.0,2451.0,0.0,1.0,1.0,0.0,0.0,1.0,0.0,0.0,255.0,53.0,0.21,0.02,0.0,0.01,0.0,0.0,1.0,25910.0
22.0,9.0,223.0,321.0,0.0,1.0,3.0,0.0,0.0,1.0,0.0,0.12,3.0,255.0,1.0,0.0,0.07,0.0,0.0,0.0,0.0,80657.0
22.0,9.0,291.0,454.0,0.0,1.0,18.0,0.0,0.0,1.0,0.0,0.12,255.0,255.0,1.0,0.0,0.0,0.0,0.0,0.0,0.0,95096.0
22.0,9.0,227.0,449.0,0.0,1.0,26.0,0.0,0.0,1.0,0.0,0.07,255.0,255.0,1.0,0.0,0.0,0.0,0.0,0.0,0.0,119536.0
55.0,9.0,104.0,2689.0,0.0,1.0,1.0,0.0,0.0,1.0,0.0,0.0,124.0,4.0,0.03,0.04,0.0,0.0,0.0,0.0,0.0,54164.0
11.0,9.0,46.0,136.0,0.0,0.0,91.0,0.0,0.0,1.0,0.0,0.03,255.0,255.0,1.0,0.0,0.0,0.0,0.0,0.0,0.0,4715.0
22.0,9.0,193.0,765.0,0.0,1.0,1.0,0.0,0.0,1.0,0.0,0.22,81.0,255.0,1.0,0.0,0.02,0.0,0.0,0.0,0.0,104846.0
22.0,9.0,215.0,499.0,0.0,1.0,15.0,0.0,0.0,1.0,0.0,0.0,32.0,255.0,1.0,0.0,0.02,0.0,0.0,0.01,0.0,59766.0
22.0,9.0,193.0,10799.0,0.0,1.0,4.0,0.25,0.25,1.0,0.0,0.0,4.0,255.0,1.0,0.0,0.05,0.25,0.0,0.0,0.0,72189.0
22.0,9.0,242.0,5658.0,0.0,1.0,1.0,0.0,0.0,1.0,0.0,0.0,152.0,255.0,1.0,0.0,0.05,0.0,0.0,0.0,0.0,23694.0
49.0,9.0,1234.0,284.0,0.0,1.0,1.0,0.0,0.0,1.0,0.0,0.0,26.0,109.0,0.27,0.15,0.02,0.0,0.0,0.0,0.0,40508.0
22.0,9.0,229.0,1133.0,0.0,1.0,11.0,0.0,0.0,1.0,0.0,0.0,112.0,255.0,1.0,0.0,0.03,0.0,0.0,0.0,0.0,60890.0
19.0,9.0,26.0,0.0,0.0,0.0,1.0,0.0,0.0,1.0,0.0,0.0,255.0,73.0,0.29,0.02,0.0,0.0,0.0,0.0,0.0,117087.0
40.0,9.0,145.0,0.0,0.0,0.0,4.0,0.0,0.0,0.25,0.75,0.0,255.0,2.0,0.01,0.82,0.0,0.0,0.0,0.0,0.0,56515.0
11.0,9.0,45.0,81.0,0.0,0.0,162.0,0.0,0.0,1.0,0.0,0.0,255.0,254.0,1.0,0.01,0.0,0.0,0.0,0.0,0.0,14316.0
22.0,9.0,312.0,200.0,0.0,1.0,17.0,0.0,0.0,1.0,0.0,0.0,63.0,255.0,1.0,0.0,0.01,0.0,0.0,0.0,0.0,7898.0
19.0,9.0,37.0,0.0,0.0,0.0,1.0,0.0,0.0,1.0,0.0,0.0,232.0,11.0,0.03,0.01,0.18,0.86,0.0,0.0,0.0,2300.0
22.0,9.0,322.0,1246.0,0.0,1.0,6.0,0.0,0.0,1.0,0.0,0.0,195.0,255.0,1.0,0.0,0.01,0.0,0.0,0.0,0.0,4019.0
22.0,1.0,0.0,0.0,0.0,0.0,1.0,0.0,0.0,1.0,0.0,1.0,11.0,51.0,1.0,0.0,0.24,0.0,0.0,1.0,0.0,58893.0
22.0,9.0,324.0,718.0,0.0,1.0,10.0,0.0,0.0,1.0,0.0,0.18,31.0,255.0,1.0,0.0,0.06,0.0,0.0,0.29,0.0,120352.0
11.0,9.0,17.0,42.0,0.0,0.0,1.0,0.0,0.0,1.0,0.0,0.0,255.0,224.0,0.88,0.01,0.0,0.0,0.0,0.0,0.0,489.0
19.0,9.0,1030.0,0.0,0.0,1.0,3.0,0.0,0.0,1.0,0.0,0.5,255.0,118.0,0.46,0.01,0.0,0.0,0.0,0.0,0.0,15794.0
11.0,9.0,44.0,76.0,0.0,0.0,189.0,0.0,0.0,1.0,0.0,0.0,255.0,254.0,1.0,0.01,0.0,0.0,0.0,0.0,0.0,26580.0
22.0,9.0,303.0,297.0,0.0,1.0,6.0,0.0,0.0,1.0,0.0,0.08,6.0,255.0,1.0,0.0,0.03,0.0,0.0,0.0,0.0,54299.0
14.0,9.0,30.0,0.0,0.0,0.0,2.0,0.0,0.0,1.0,0.0,0.0,230.0,230.0,1.0,0.0,0.0,0.0,0.0,0.0,0.0,66952.0
40.0,9.0,145.0,105.0,0.0,0.0,1.0,0.0,0.0,1.0,0.0,0.0,255.0,2.0,0.01,0.6,0.0,0.0,0.0,0.0,0.0,82953.0
3.0,9.0,14.0,41.0,0.0,1.0,1.0,0.0,0.0,1.0,0.0,0.0,13.0,5.0,0.15,0.15,0.4,0.0,0.0,0.0,0.0,113921.0
22.0,9.0,279.0,961.0,0.0,1.0,4.0,0.0,0.0,1.0,0.0,0.0,5.0,255.0,1.0,0.0,0.01,0.0,0.0,0.0,0.0,33947.0
22.0,9.0,302.0,8766.0,0.0,1.0,2.0,0.0,0.0,1.0,0.0,0.0,245.0,255.0,1.0,0.0,0.02,0.0,0.0,0.0,0.0,61588.0
22.0,9.0,314.0,398.0,0.0,1.0,16.0,0.0,0.0,1.0,0.0,0.0,255.0,255.0,1.0,0.0,0.0,0.0,0.0,0.0,0.0,86599.0
49.0,9.0,3298.0,322.0,0.0,1.0,1.0,0.0,0.0,1.0,0.0,0.0,255.0,116.0,0.45,0.01,0.0,0.0,0.0,0.0,0.0,102029.0
40.0,9.0,147.0,105.0,0.0,0.0,1.0,0.0,0.0,1.0,0.0,0.0,255.0,1.0,0.0,0.82,0.0,0.0,0.0,0.0,0.0,116535.0
22.0,9.0,231.0,479.0,0.0,1.0,4.0,0.0,0.0,1.0,0.0,0.0,38.0,133.0,1.0,0.0,0.05,0.0,0.0,0.0,0.0,118089.0
22.0,9.0,217.0,901.0,0.0,1.0,16.0,0.0,0.0,1.0,0.0,0.0,255.0,255.0,1.0,0.0,0.0,0.0,0.0,0.0,0.0,85696.0
22.0,9.0,230.0,1400.0,0.0,1.0,40.0,0.0,0.0,1.0,0.0,0.0,255.0,255.0,1.0,0.0,0.0,0.0,0.0,0.01,0.0,33960.0
19.0,9.0,11.0,0.0,0.0,1.0,2.0,0.0,0.0,1.0,0.0,0.0,28.0,68.0,0.5,0.11,0.03,0.0,0.0,0.0,0.0,110444.0
22.0,9.0,307.0,997.0,0.0,1.0,5.0,0.0,0.0,1.0,0.0,0.25,255.0,255.0,1.0,0.0,0.0,0.0,0.0,0.0,0.0,59263.0
22.0,9.0,207.0,765.0,0.0,1.0,34.0,0.0,0.0,1.0,0.0,0.0,157.0,255.0,1.0,0.0,0.01,0.0,0.0,0.0,0.0,12606.0
22.0,9.0,185.0,19242.0,0.0,1.0,2.0,0.0,0.0,1.0,0.0,0.14,255.0,255.0,1.0,0.0,0.0,0.0,0.0,0.0,0.0,101453.0
13.0,9.0,30.0,0.0,0.0,0.0,2.0,0.0,0.0,0.5,1.0,0.0,255.0,2.0,0.01,0.01,0.0,0.0,0.0,0.0,0.0,105245.0
22.0,9.0,250.0,1471.0,0.0,1.0,7.0,0.0,0.0,1.0,0.0,0.0,255.0,255.0,1.0,0.0,0.0,0.0,0.0,0.0,0.0,73787.0
19.0,9.0,5891.0,0.0,0.0,0.0,17.0,0.0,0.0,1.0,0.0,0.0,255.0,23.0,0.09,0.58,0.0,0.0,0.0,0.0,0.0,57985.0
22.0,1.0,0.0,0.0,0.0,0.0,1.0,0.0,0.0,1.0,0.0,0.0,83.0,255.0,1.0,0.0,0.05,0.0,0.0,1.0,0.0,10796.0
22.0,9.0,315.0,5323.0,0.0,1.0,1.0,0.0,0.0,1.0,0.0,0.0,47.0,255.0,1.0,0.0,0.04,0.02,0.0,0.0,0.0,24545.0
49.0,9.0,1790.0,334.0,0.0,1.0,1.0,0.0,0.0,1.0,0.0,0.0,124.0,150.0,0.52,0.04,0.01,0.0,0.0,0.0,0.0,68674.0
22.0,1.0,0.0,0.0,0.0,0.0,1.0,0.0,0.0,1.0,0.0,0.0,20.0,250.0,1.0,0.0,0.17,0.0,0.0,1.0,0.0,30113.0
22.0,9.0,237.0,2698.0,0.0,1.0,4.0,0.0,0.0,1.0,0.0,0.0,255.0,248.0,0.97,0.01,0.0,0.0,0.0,0.0,0.0,123999.0
49.0,9.0,762.0,365.0,0.0,1.0,1.0,0.0,0.0,1.0,0.0,1.0,183.0,160.0,0.8,0.03,0.01,0.01,0.01,0.0,0.0,74150.0
22.0,9.0,346.0,835.0,0.0,1.0,5.0,0.0,0.0,1.0,0.0,0.23,5.0,128.0,1.0,0.0,0.02,0.0,0.0,0.0,0.0,56891.0
40.0,9.0,147.0,105.0,0.0,0.0,1.0,0.0,0.0,1.0,0.0,0.0,111.0,1.0,0.01,0.71,0.0,0.0,0.0,0.0,0.0,108473.0
22.0,9.0,240.0,2698.0,0.0,1.0,9.0,0.0,0.05,1.0,0.0,0.37,253.0,239.0,0.94,0.02,0.0,0.0,0.0,0.0,0.0,21154.0
22.0,9.0,238.0,453.0,0.0,1.0,9.0,0.0,0.0,1.0,0.0,0.0,255.0,255.0,1.0,0.0,0.0,0.0,0.0,0.0,0.0,32138.0
22.0,9.0,307.0,1849.0,0.0,1.0,9.0,0.0,0.0,1.0,0.0,0.2,255.0,255.0,1.0,0.0,0.0,0.0,0.0,0.0,0.0,84154.0
11.0,9.0,44.0,130.0,0.0,0.0,234.0,0.0,0.0,1.0,0.01,0.01,255.0,243.0,0.95,0.01,0.0,0.0,0.0,0.0,0.0,106772.0
19.0,9.0,71.0,0.0,0.0,1.0,1.0,0.0,0.0,1.0,0.0,0.0,60.0,82.0,0.02,0.07,0.02,0.0,0.0,0.0,0.0,11804.0
22.0,9.0,328.0,271.0,0.0,1.0,3.0,0.0,0.0,1.0,0.0,0.0,255.0,245.0,0.96,0.01,0.0,0.0,0.0,0.02,0.0,92326.0
22.0,9.0,54540.0,8314.0,0.0,1.0,4.0,0.0,0.0,1.0,0.0,0.0,237.0,237.0,1.0,0.0,0.0,0.0,0.0,0.05,1.0,16498.0
22.0,9.0,288.0,6877.0,0.0,1.0,21.0,0.0,0.0,1.0,0.0,0.13,42.0,255.0,1.0,0.0,0.04,0.0,0.0,0.0,0.0,89630.0
22.0,9.0,209.0,320.0,0.0,1.0,4.0,0.0,0.0,1.0,0.0,0.0,75.0,255.0,1.0,0.0,0.04,0.0,0.0,0.0,0.0,55498.0
22.0,9.0,358.0,269.0,0.0,1.0,10.0,0.0,0.0,1.0,0.0,0.0,203.0,255.0,1.0,0.0,0.06,0.0,0.0,0.54,0.0,53861.0
22.0,9.0,237.0,1091.0,0.0,1.0,15.0,0.0,0.0,1.0,0.0,0.17,255.0,255.0,1.0,0.0,0.0,0.0,0.0,0.0,0.0,12268.0
49.0,9.0,990.0,278.0,0.0,1.0,1.0,0.0,0.0,1.0,0.0,1.0,113.0,198.0,0.72,0.04,0.01,0.0,0.0,0.0,0.0,35271.0
22.0,9.0,313.0,12557.0,0.0,1.0,11.0,0.0,0.0,1.0,0.0,0.0,38.0,255.0,1.0,0.0,0.03,0.0,0.0,0.0,0.0,82070.0
18.0,9.0,1261.0,2451.0,0.0,1.0,1.0,0.0,0.0,1.0,0.0,0.0,250.0,78.0,0.31,0.02,0.0,0.0,0.0,0.0,1.0,77399.0
11.0,9.0,45.0,130.0,0.0,0.0,135.0,0.0,0.0,1.0,0.0,0.02,255.0,190.0,0.75,0.02,0.0,0.0,0.0,0.0,0.0,13639.0
49.0,9.0,1187.0,361.0,0.0,1.0,2.0,0.0,0.0,0.5,1.0,1.0,250.0,147.0,0.59,0.03,0.0,0.0,0.01,0.0,0.0,77838.0
49.0,9.0,1433.0,337.0,0.0,1.0,1.0,0.0,0.0,1.0,0.0,1.0,117.0,138.0,0.56,0.04,0.01,0.0,0.0,0.04,0.0,11986.0
49.0,9.0,1035.0,330.0,0.0,1.0,1.0,0.0,0.0,1.0,0.0,0.0,228.0,99.0,0.43,0.03,0.0,0.0,0.0,0.0,0.0,110644.0
22.0,9.0,234.0,1741.0,0.0,1.0,6.0,0.0,0.0,1.0,0.0,0.0,6.0,255.0,1.0,0.0,0.04,0.0,0.0,0.0,0.0,42639.0
22.0,9.0,240.0,1469.0,0.0,1.0,6.0,0.0,0.0,1.0,0.0,0.29,153.0,255.0,1.0,0.0,0.02,0.01,0.01,0.0,0.0,59161.0
18.0,9.0,326.0,1054.0,0.0,1.0,1.0,0.0,0.0,1.0,0.0,0.0,73.0,3.0,0.03,0.97,0.67,0.0,0.0,0.67,0.0,22219.0
22.0,9.0,238.0,1665.0,0.0,1.0,6.0,0.0,0.0,1.0,0.0,0.0,31.0,67.0,1.0,0.0,0.09,0.0,0.01,0.0,0.0,119923.0
40.0,9.0,145.0,105.0,0.0,0.0,1.0,0.0,0.0,1.0,0.0,0.0,255.0,2.0,0.01,0.53,0.0,0.0,0.0,0.0,0.0,24049.0
22.0,9.0,204.0,882.0,0.0,1.0,13.0,0.0,0.0,1.0,0.0,0.12,255.0,255.0,1.0,0.0,0.0,0.0,0.0,0.0,0.0,67165.0
22.0,9.0,246.0,602.0,0.0,1.0,1.0,0.0,0.0,1.0,0.0,0.0,255.0,255.0,1.0,0.0,0.0,0.0,0.0,0.0,0.0,120102.0
22.0,9.0,334.0,1394.0,0.0,1.0,10.0,0.0,0.0,1.0,0.0,0.0,244.0,255.0,1.0,0.0,0.01,0.0,0.0,0.0,0.0,24691.0
22.0,9.0,253.0,2997.0,0.0,1.0,2.0,0.0,0.0,1.0,0.0,0.1,68.0,255.0,1.0,0.0,0.05,0.0,0.0,0.0,0.0,59493.0
22.0,9.0,245.0,846.0,0.0,1.0,31.0,0.0,0.0,1.0,0.0,0.0,255.0,255.0,1.0,0.0,0.0,0.0,0.0,0.0,0.0,123258.0
22.0,9.0,309.0,2507.0,0.0,1.0,13.0,0.0,0.0,1.0,0.0,0.0,255.0,234.0,0.92,0.02,0.0,0.0,0.0,0.0,0.0,79616.0
22.0,1.0,0.0,0.0,0.0,0.0,1.0,0.0,0.0,1.0,0.0,0.0,151.0,255.0,1.0,0.0,0.02,0.0,0.0,0.89,0.0,55742.0
11.0,9.0,45.0,73.0,0.0,0.0,116.0,0.0,0.0,1.0,0.0,0.0,255.0,255.0,1.0,0.0,0.0,0.0,0.0,0.0,0.0,93290.0
22.0,9.0,323.0,601.0,0.0,1.0,29.0,0.0,0.0,1.0,0.0,0.09,61.0,255.0,1.0,0.0,0.04,0.0,0.0,0.0,0.0,22547.0
11.0,9.0,43.0,172.0,0.0,0.0,72.0,0.0,0.0,1.0,0.0,0.01,255.0,254.0,1.0,0.01,0.0,0.0,0.0,0.0,0.0,53532.0
11.0,9.0,46.0,75.0,0.0,0.0,130.0,0.0,0.0,1.0,0.0,0.0,255.0,245.0,0.96,0.01,0.0,0.0,0.0,0.0,0.0,44094.0
22.0,9.0,197.0,365.0,0.0,1.0,17.0,0.0,0.0,1.0,0.0,0.0,255.0,255.0,1.0,0.0,0.0,0.0,0.0,0.0,0.0,60539.0
22.0,9.0,220.0,8422.0,0.0,1.0,25.0,0.0,0.0,1.0,0.0,0.08,255.0,255.0,1.0,0.0,0.0,0.0,0.0,0.0,0.0,50412.0
49.0,9.0,685.0,335.0,0.0,1.0,1.0,0.0,0.0,1.0,0.0,0.0,168.0,162.0,0.68,0.04,0.01,0.01,0.01,0.0,0.0,49179.0
22.0,9.0,197.0,345.0,0.0,1.0,1.0,0.0,0.0,1.0,0.0,1.0,30.0,255.0,1.0,0.0,0.01,0.0,0.0,0.0,0.0,58202.0
22.0,9.0,232.0,3120.0,0.0,1.0,15.0,0.0,0.0,1.0,0.0,0.0,41.0,255.0,1.0,0.0,0.03,0.0,0.0,0.0,0.0,11775.0
22.0,9.0,297.0,363.0,0.0,1.0,7.0,0.0,0.0,1.0,0.0,0.0,16.0,255.0,1.0,0.0,0.02,0.0,0.0,0.0,0.0,39869.0
22.0,9.0,352.0,1498.0,0.0,1.0,9.0,0.0,0.0,1.0,0.0,0.0,20.0,255.0,1.0,0.0,0.03,0.0,0.0,0.0,0.0,122355.0
22.0,9.0,301.0,354.0,0.0,1.0,21.0,0.0,0.0,1.0,0.0,0.0,187.0,255.0,1.0,0.0,0.01,0.0,0.01,0.0,0.0,18174.0
22.0,9.0,242.0,9284.0,0.0,1.0,16.0,0.0,0.0,1.0,0.0,0.0,255.0,255.0,1.0,0.0,0.0,0.0,0.0,0.0,0.0,113824.0
22.0,9.0,301.0,7184.0,0.0,1.0,2.0,0.0,0.0,1.0,0.0,0.0,255.0,255.0,1.0,0.0,0.0,0.0,0.0,0.0,0.0,35708.0
22.0,9.0,196.0,803.0,0.0,1.0,1.0,0.0,0.0,1.0,0.0,0.13,1.0,255.0,1.0,0.0,0.04,0.0,0.04,0.0,0.0,65493.0
22.0,9.0,352.0,2251.0,0.0,1.0,10.0,0.0,0.0,1.0,0.0,0.24,147.0,219.0,1.0,0.0,0.03,0.0,0.0,0.0,0.0,93253.0
22.0,9.0,295.0,770.0,0.0,1.0,15.0,0.07,0.07,1.0,0.0,0.0,255.0,255.0,1.0,0.0,0.0,0.0,0.0,0.0,0.0,86858.0
22.0,9.0,240.0,422.0,0.0,1.0,8.0,0.0,0.0,1.0,0.0,0.0,255.0,255.0,1.0,0.0,0.0,0.0,0.0,0.0,0.0,14244.0
22.0,9.0,147.0,4665.0,0.0,1.0,1.0,0.0,0.0,1.0,0.0,0.21,1.0,255.0,1.0,0.0,0.06,0.0,0.0,0.0,0.0,26615.0
22.0,9.0,189.0,2080.0,0.0,1.0,1.0,0.0,0.0,1.0,0.0,0.0,255.0,248.0,0.97,0.01,0.0,0.0,0.0,0.0,0.0,67800.0
22.0,9.0,311.0,670.0,0.0,1.0,7.0,0.0,0.0,1.0,0.0,0.0,255.0,255.0,1.0,0.0,0.0,0.0,0.0,0.0,0.0,69406.0
11.0,9.0,43.0,107.0,0.0,0.0,3.0,0.0,0.0,1.0,0.0,0.43,255.0,248.0,0.97,0.01,0.0,0.0,0.0,0.0,0.0,86578.0
22.0,9.0,225.0,2038.0,0.0,1.0,1.0,0.0,0.0,1.0,0.0,1.0,246.0,255.0,1.0,0.0,0.02,0.01,0.01,0.0,0.0,108985.0
19.0,9.0,7940.0,0.0,0.0,1.0,2.0,0.0,0.0,1.0,0.0,0.0,255.0,12.0,0.05,0.06,0.0,0.83,0.0,0.0,0.0,100722.0
49.0,9.0,1253.0,327.0,0.0,1.0,1.0,0.0,0.0,1.0,0.0,0.0,112.0,82.0,0.73,0.03,0.0,0.0,0.0,0.0,0.0,89499.0
22.0,9.0,234.0,1064.0,0.0,1.0,10.0,0.0,0.0,1.0,0.0,0.0,255.0,255.0,1.0,0.0,0.0,0.0,0.0,0.0,0.0,29860.0
19.0,9.0,95.0,0.0,0.0,1.0,2.0,0.0,0.0,1.0,0.0,0.0,40.0,96.0,0.77,0.05,0.02,0.03,0.01,0.0,0.0,30795.0
22.0,9.0,247.0,3876.0,0.0,1.0,38.0,0.0,0.0,1.0,0.0,0.0,255.0,255.0,1.0,0.0,0.0,0.0,0.0,0.0,0.0,43011.0
22.0,9.0,318.0,1790.0,0.0,1.0,3.0,0.0,0.0,1.0,0.0,0.0,10.0,227.0,1.0,0.0,0.11,0.0,0.0,0.67,0.0,26428.0
22.0,9.0,248.0,1470.0,0.0,1.0,7.0,0.0,0.0,1.0,0.0,0.0,108.0,255.0,1.0,0.0,0.03,0.0,0.0,0.0,0.0,91522.0
49.0,9.0,2121.0,337.0,0.0,1.0,1.0,0.0,0.0,1.0,0.0,1.0,236.0,143.0,0.53,0.02,0.01,0.0,0.0,0.0,0.0,43700.0
22.0,9.0,224.0,311.0,0.0,1.0,11.0,0.0,0.0,1.0,0.0,0.0,58.0,255.0,1.0,0.0,0.03,0.0,0.0,0.0,0.0,40054.0
44.0,9.0,105.0,146.0,0.0,0.0,2.0,0.0,0.0,1.0,0.0,0.0,255.0,236.0,0.93,0.01,0.0,0.0,0.0,0.0,0.0,20579.0
13.0,9.0,30.0,0.0,0.0,0.0,2.0,0.0,0.0,1.0,0.0,0.0,196.0,196.0,1.0,0.0,0.0,0.0,0.0,0.0,0.0,75150.0
22.0,9.0,228.0,2090.0,0.0,1.0,5.0,0.0,0.0,1.0,0.0,0.0,112.0,255.0,1.0,0.0,0.02,0.0,0.0,0.0,0.0,92647.0
44.0,9.0,207.0,0.0,0.0,0.0,2.0,0.0,0.0,1.0,0.0,0.0,110.0,94.0,0.85,0.02,0.0,0.0,0.0,0.0,1.0,70797.0
49.0,9.0,950.0,334.0,0.0,1.0,1.0,0.0,0.0,1.0,0.0,0.0,219.0,202.0,0.76,0.02,0.01,0.01,0.01,0.0,0.0,100000.0
22.0,9.0,329.0,3432.0,0.0,1.0,13.0,0.0,0.0,1.0,0.0,0.12,255.0,255.0,1.0,0.0,0.0,0.0,0.0,0.0,0.0,24331.0
22.0,9.0,292.0,16203.0,0.0,1.0,13.0,0.0,0.0,1.0,0.0,0.13,13.0,224.0,1.0,0.0,0.08,0.0,0.0,0.0,0.0,59322.0
58.0,9.0,182.0,0.0,0.0,0.0,3.0,0.0,0.0,0.33,1.0,0.0,255.0,7.0,0.03,0.01,0.0,0.0,0.0,0.0,0.0,97932.0
22.0,9.0,198.0,289.0,0.0,1.0,6.0,0.0,0.0,1.0,0.0,0.19,255.0,255.0,1.0,0.0,0.0,0.0,0.0,0.0,0.0,11260.0
11.0,9.0,44.0,113.0,0.0,0.0,1.0,0.0,0.0,1.0,0.0,0.67,255.0,236.0,0.93,0.01,0.0,0.0,0.0,0.0,0.0,101320.0
18.0,9.0,227.0,765.0,0.0,1.0,1.0,0.0,0.0,1.0,0.0,0.0,255.0,40.0,0.16,0.02,0.0,0.0,0.0,0.0,0.0,95295.0
19.0,9.0,1690.0,0.0,0.0,0.0,4.0,0.0,0.0,1.0,0.0,0.0,44.0,10.0,0.23,0.07,0.0,0.0,0.0,0.0,0.0,97982.0
22.0,9.0,246.0,1240.0,0.0,1.0,14.0,0.0,0.0,1.0,0.0,0.13,26.0,255.0,1.0,0.0,0.02,0.0,0.0,0.02,0.0,56114.0
22.0,9.0,158.0,169.0,0.0,1.0,2.0,0.0,0.0,1.0,0.0,0.0,14.0,255.0,1.0,0.0,0.03,0.0,0.0,0.0,0.0,64826.0
22.0,1.0,0.0,0.0,0.0,0.0,1.0,0.0,0.0,1.0,0.0,0.0,25.0,255.0,1.0,0.0,0.07,0.0,0.0,0.4,0.0,17209.0
19.0,9.0,567.0,0.0,0.0,1.0,1.0,0.0,0.0,1.0,0.0,0.0,113.0,39.0,0.35,0.04,0.0,0.02,0.0,0.0,0.0,92209.0
22.0,9.0,201.0,468.0,0.0,1.0,1.0,0.0,0.0,1.0,0.0,0.0,2.0,255.0,1.0,0.0,0.09,0.0,0.0,0.98,0.0,15877.0
44.0,9.0,105.0,147.0,0.0,0.0,1.0,0.0,0.0,1.0,0.0,0.0,114.0,113.0,0.99,0.02,0.0,0.0,0.0,0.0,0.0,74572.0
22.0,9.0,306.0,3222.0,0.0,1.0,2.0,0.0,0.0,1.0,0.0,0.0,255.0,251.0,0.98,0.01,0.0,0.0,0.0,0.0,0.0,1133.0
49.0,9.0,1895.0,331.0,0.0,1.0,1.0,0.0,0.0,1.0,0.0,1.0,255.0,94.0,0.37,0.02,0.0,0.0,0.0,0.0,0.0,40981.0
22.0,9.0,327.0,7757.0,0.0,1.0,1.0,0.0,0.0,1.0,0.0,1.0,1.0,255.0,1.0,0.0,0.05,0.0,0.0,0.0,0.0,45792.0
11.0,9.0,46.0,136.0,0.0,0.0,78.0,0.0,0.0,0.99,0.03,0.01,255.0,254.0,1.0,0.01,0.0,0.0,0.0,0.0,0.0,26929.0
22.0,9.0,330.0,292.0,0.0,1.0,10.0,0.0,0.0,1.0,0.0,0.0,54.0,255.0,1.0,0.0,0.03,0.0,0.0,0.0,0.0,44932.0
22.0,9.0,247.0,1680.0,0.0,1.0,3.0,0.0,0.0,1.0,0.0,0.5,227.0,255.0,1.0,0.0,0.02,0.0,0.0,0.0,0.0,15915.0
22.0,9.0,288.0,1056.0,0.0,1.0,22.0,0.0,0.0,1.0,0.0,0.08,50.0,104.0,1.0,0.0,0.04,0.0,0.0,0.0,0.0,46405.0
22.0,5.0,0.0,0.0,0.0,0.0,3.0,0.33,0.33,1.0,0.0,0.0,3.0,255.0,1.0,0.0,0.04,0.33,0.01,0.0,0.0,106422.0
40.0,9.0,146.0,0.0,0.0,0.0,3.0,0.0,0.0,0.33,0.67,0.0,255.0,2.0,0.01,0.68,0.0,0.0,0.0,0.0,0.0,87892.0
11.0,9.0,42.0,132.0,0.0,0.0,139.0,0.0,0.0,0.99,0.01,0.01,255.0,223.0,0.87,0.02,0.0,0.0,0.0,0.0,0.0,13932.0
22.0,9.0,219.0,1405.0,0.0,1.0,23.0,0.0,0.0,1.0,0.0,0.0,50.0,255.0,1.0,0.0,0.02,0.0,0.0,0.0,0.0,116097.0
22.0,9.0,235.0,3198.0,0.0,1.0,1.0,0.0,0.0,1.0,0.0,0.21,255.0,255.0,1.0,0.0,0.0,0.0,0.0,0.0,0.0,62578.0
22.0,9.0,297.0,2789.0,0.0,1.0,3.0,0.0,0.0,1.0,0.0,0.2,255.0,255.0,1.0,0.0,0.0,0.0,0.0,0.0,0.0,76410.0
19.0,9.0,192.0,0.0,0.0,1.0,2.0,0.0,0.0,1.0,0.0,0.0,175.0,68.0,0.33,0.03,0.03,0.0,0.0,0.0,0.0,28967.0
11.0,9.0,35.0,91.0,0.0,0.0,1.0,0.0,0.0,1.0,0.0,1.0,175.0,120.0,0.69,0.02,0.0,0.0,0.0,0.0,0.0,123044.0
19.0,9.0,61298.0,0.0,0.0,0.0,7.0,0.0,0.0,1.0,0.0,0.0,234.0,53.0,0.18,0.02,0.04,0.0,0.0,0.0,0.0,35775.0
49.0,9.0,672.0,331.0,0.0,1.0,1.0,0.0,0.0,1.0,0.0,1.0,1.0,1.0,1.0,0.0,0.0,0.0,0.0,0.0,0.0,120008.0
22.0,9.0,303.0,516.0,0.0,1.0,6.0,0.0,0.0,1.0,0.0,0.13,6.0,255.0,1.0,0.0,0.02,0.0,0.0,0.0,0.0,57600.0
11.0,9.0,42.0,42.0,0.0,0.0,1.0,0.0,0.0,1.0,0.0,1.0,3.0,3.0,1.0,0.0,0.0,0.0,0.0,0.0,0.0,7316.0
22.0,9.0,159.0,584.0,0.0,1.0,1.0,0.0,0.0,1.0,0.0,0.33,18.0,255.0,1.0,0.0,0.05,0.0,0.0,0.0,0.0,38195.0
18.0,9.0,1242.0,2451.0,0.0,1.0,1.0,0.0,0.0,1.0,0.0,0.0,255.0,89.0,0.35,0.02,0.0,0.0,0.0,0.0,1.0,68706.0
11.0,9.0,44.0,123.0,0.0,0.0,316.0,0.0,0.0,1.0,0.0,0.0,255.0,254.0,1.0,0.01,0.0,0.0,0.0,0.0,0.0,121687.0
22.0,9.0,221.0,12523.0,0.0,1.0,11.0,0.0,0.0,1.0,0.0,0.0,57.0,255.0,1.0,0.0,0.07,0.0,0.0,0.0,0.0,102626.0
49.0,9.0,3056.0,325.0,0.0,1.0,1.0,0.0,0.0,1.0,0.0,0.0,161.0,161.0,0.68,0.02,0.01,0.0,0.01,0.0,0.0,119585.0
19.0,9.0,641.0,0.0,0.0,1.0,2.0,0.0,0.0,1.0,0.0,0.0,255.0,112.0,0.44,0.04,0.0,0.0,0.0,0.0,0.0,88232.0
22.0,9.0,231.0,9668.0,0.0,1.0,8.0,0.0,0.0,1.0,0.0,0.0,16.0,255.0,1.0,0.0,0.03,0.06,0.0,0.0,0.0,86165.0
22.0,9.0,54540.0,8314.0,0.0,1.0,6.0,0.0,0.0,1.0,0.0,0.0,14.0,14.0,1.0,0.0,0.0,0.0,0.0,0.07,1.0,94594.0
11.0,9.0,44.0,44.0,0.0,0.0,117.0,0.0,0.0,0.99,0.02,0.01,255.0,254.0,1.0,0.01,0.0,0.0,0.0,0.0,0.0,36838.0
19.0,9.0,40494.0,0.0,0.0,0.0,11.0,0.0,0.0,1.0,0.0,0.12,109.0,21.0,0.19,0.03,0.0,0.0,0.0,0.0,0.0,112801.0
22.0,9.0,334.0,9986.0,0.0,1.0,11.0,0.0,0.0,1.0,0.0,0.0,11.0,255.0,1.0,0.0,0.02,0.0,0.0,0.0,0.0,122503.0
11.0,9.0,45.0,114.0,0.0,0.0,2.0,0.0,0.0,0.5,1.0,1.0,78.0,72.0,0.92,0.03,0.0,0.0,0.0,0.0,0.0,49449.0
22.0,9.0,165.0,9536.0,0.0,1.0,2.0,0.0,0.0,1.0,0.0,0.0,2.0,255.0,1.0,0.0,0.02,0.0,0.0,0.0,0.0,25742.0
22.0,9.0,309.0,731.0,0.0,1.0,5.0,0.0,0.0,1.0,0.0,0.0,5.0,255.0,1.0,0.0,0.02,0.0,0.0,0.0,0.0,117779.0
22.0,9.0,211.0,2557.0,0.0,1.0,9.0,0.0,0.0,1.0,0.0,0.0,9.0,9.0,1.0,0.0,0.0,0.0,0.0,0.0,0.0,72866.0
22.0,9.0,222.0,10378.0,0.0,1.0,16.0,0.0,0.0,1.0,0.0,0.12,255.0,255.0,1.0,0.0,0.0,0.0,0.0,0.0,0.0,115764.0
22.0,9.0,174.0,11889.0,0.0,1.0,6.0,0.0,0.0,1.0,0.0,0.29,84.0,84.0,1.0,0.0,0.0,0.0,0.0,0.0,0.0,83747.0
49.0,6.0,80.0,199.0,0.0,1.0,1.0,1.0,1.0,1.0,0.0,0.0,132.0,172.0,0.73,0.03,0.01,0.02,0.02,0.0,0.0,72312.0
22.0,9.0,227.0,3597.0,0.0,1.0,5.0,0.0,0.0,1.0,0.0,0.0,153.0,255.0,1.0,0.0,0.02,0.0,0.0,0.0,0.0,62166.0
11.0,9.0,43.0,77.0,0.0,0.0,149.0,0.0,0.0,1.0,0.0,0.0,255.0,188.0,0.74,0.01,0.0,0.0,0.0,0.0,0.0,56127.0
22.0,9.0,228.0,9030.0,0.0,1.0,2.0,0.0,0.0,1.0,0.0,0.0,40.0,255.0,1.0,0.0,0.05,0.0,0.0,0.0,0.0,42837.0
19.0,9.0,1010.0,0.0,0.0,0.0,2.0,0.0,0.0,1.0,0.0,0.0,26.0,3.0,0.12,0.15,0.0,0.0,0.0,0.0,0.0,14822.0
22.0,9.0,345.0,390.0,0.0,1.0,5.0,0.0,0.0,1.0,0.0,0.0,255.0,255.0,1.0,0.0,0.0,0.0,0.0,0.0,0.0,47983.0
11.0,9.0,43.0,129.0,0.0,0.0,184.0,0.0,0.0,0.99,0.01,0.0,73.0,40.0,0.55,0.03,0.0,0.0,0.0,0.0,0.0,124326.0
22.0,9.0,262.0,283.0,0.0,1.0,8.0,0.0,0.0,1.0,0.0,0.0,255.0,251.0,0.98,0.01,0.0,0.0,0.0,0.0,0.0,8514.0
22.0,9.0,54540.0,8314.0,0.0,1.0,2.0,0.0,0.0,1.0,0.0,0.0,143.0,143.0,1.0,0.0,0.0,0.0,0.0,0.01,1.0,116278.0
22.0,9.0,317.0,1285.0,0.0,1.0,2.0,0.0,0.0,1.0,0.0,0.0,42.0,255.0,1.0,0.0,0.04,0.0,0.0,0.0,0.0,65499.0
22.0,9.0,228.0,302.0,0.0,1.0,12.0,0.0,0.0,1.0,0.0,0.0,255.0,255.0,1.0,0.0,0.0,0.0,0.0,0.0,0.0,14447.0
22.0,1.0,0.0,0.0,0.0,0.0,1.0,0.0,0.0,1.0,0.0,1.0,1.0,37.0,1.0,0.0,0.43,0.0,0.0,1.0,0.0,124207.0
22.0,1.0,0.0,0.0,0.0,0.0,1.0,0.0,0.0,1.0,0.0,0.0,13.0,229.0,1.0,0.0,0.21,0.0,0.0,0.96,0.0,43560.0
49.0,9.0,250736.0,331.0,0.0,1.0,1.0,0.0,0.0,1.0,0.0,1.0,218.0,137.0,0.63,0.02,0.0,0.0,0.0,0.0,0.0,67314.0
22.0,9.0,164.0,6886.0,0.0,1.0,3.0,0.0,0.0,1.0,0.0,0.0,3.0,255.0,1.0,0.0,0.04,0.0,0.0,0.0,0.0,98570.0
22.0,9.0,190.0,491.0,0.0,1.0,2.0,0.0,0.0,1.0,0.0,0.0,10.0,255.0,1.0,0.0,0.03,0.0,0.0,0.01,0.0,87163.0
10.0,9.0,48.0,500.0,0.0,1.0,27.0,0.0,0.0,0.04,0.07,0.0,255.0,1.0,0.0,0.01,0.0,0.0,0.0,0.0,0.0,112859.0
49.0,9.0,798.0,330.0,0.0,1.0,1.0,0.0,0.0,1.0,0.0,0.0,7.0,156.0,0.71,0.29,0.02,0.0,0.01,0.0,0.0,24456.0
22.0,9.0,310.0,290.0,0.0,1.0,33.0,0.0,0.0,1.0,0.0,0.08,255.0,255.0,1.0,0.0,0.0,0.0,0.0,0.0,0.0,84262.0
22.0,9.0,282.0,10189.0,0.0,1.0,2.0,0.0,0.0,1.0,0.0,0.24,2.0,255.0,1.0,0.0,0.05,0.0,0.0,0.0,0.0,29096.0
22.0,9.0,215.0,29228.0,0.0,1.0,3.0,0.0,0.0,1.0,0.0,0.0,255.0,255.0,1.0,0.0,0.0,0.0,0.0,0.0,0.0,75052.0
3.0,9.0,10.0,39.0,0.0,1.0,1.0,0.0,0.0,1.0,0.0,0.0,16.0,3.0,0.12,0.25,0.67,0.0,0.0,0.0,0.0,82955.0
22.0,9.0,258.0,521.0,0.0,1.0,3.0,0.0,0.0,1.0,0.0,0.0,3.0,255.0,1.0,0.0,0.05,0.0,0.0,0.0,0.0,97004.0
22.0,9.0,241.0,35215.0,0.0,1.0,1.0,0.0,0.0,1.0,0.0,0.0,255.0,255.0,1.0,0.0,0.0,0.01,0.01,0.0,0.0,123858.0
49.0,9.0,570.0,327.0,0.0,1.0,1.0,0.0,0.0,1.0,0.0,0.0,78.0,59.0,0.76,0.08,0.0,0.0,0.0,0.0,0.0,76597.0
22.0,1.0,0.0,0.0,0.0,0.0,1.0,0.0,0.0,1.0,0.0,1.0,10.0,96.0,1.0,0.0,0.28,0.0,0.0,1.0,0.0,32892.0
22.0,9.0,344.0,284.0,0.0,1.0,14.0,0.0,0.0,1.0,0.0,0.13,255.0,255.0,1.0,0.0,0.0,0.0,0.0,0.0,0.0,88279.0
22.0,9.0,318.0,2127.0,0.0,1.0,16.0,0.0,0.0,1.0,0.0,0.1,20.0,255.0,1.0,0.0,0.03,0.0,0.0,0.0,0.0,31814.0
22.0,9.0,207.0,1215.0,0.0,1.0,8.0,0.0,0.0,1.0,0.0,0.0,23.0,255.0,1.0,0.0,0.04,0.0,0.0,0.0,0.0,61513.0
19.0,9.0,607.0,0.0,0.0,1.0,1.0,0.0,0.0,1.0,0.0,0.0,140.0,16.0,0.11,0.03,0.0,0.0,0.0,0.0,0.0,122656.0
22.0,9.0,295.0,301.0,0.0,1.0,9.0,0.0,0.0,1.0,0.0,0.13,255.0,255.0,1.0,0.0,0.0,0.0,0.0,0.0,0.0,78204.0
22.0,9.0,339.0,10318.0,0.0,1.0,5.0,0.0,0.0,1.0,0.0,0.29,162.0,255.0,1.0,0.0,0.02,0.0,0.0,0.0,0.0,32172.0
11.0,9.0,44.0,44.0,0.0,0.0,132.0,0.0,0.0,1.0,0.0,0.02,255.0,254.0,1.0,0.01,0.0,0.0,0.0,0.0,0.0,12150.0
22.0,9.0,299.0,305.0,0.0,1.0,17.0,0.0,0.0,1.0,0.0,0.0,255.0,255.0,1.0,0.0,0.0,0.0,0.0,0.0,0.0,102936.0
19.0,9.0,749.0,0.0,0.0,1.0,2.0,0.0,0.0,1.0,0.0,0.0,18.0,17.0,0.44,0.11,0.12,0.0,0.0,0.0,0.0,67253.0
22.0,9.0,244.0,6068.0,0.0,1.0,23.0,0.0,0.0,1.0,0.0,0.0,255.0,255.0,1.0,0.0,0.0,0.0,0.0,0.0,0.0,9408.0
55.0,9.0,75.0,919.0,0.0,1.0,1.0,0.0,0.0,1.0,0.0,0.0,65.0,19.0,0.28,0.05,0.11,0.25,0.84,0.0,0.0,8332.0
44.0,9.0,105.0,146.0,0.0,0.0,6.0,0.0,0.0,0.17,0.33,0.0,255.0,238.0,0.93,0.01,0.0,0.0,0.0,0.0,0.0,39292.0
22.0,9.0,237.0,17177.0,0.0,1.0,3.0,0.0,0.0,1.0,0.0,0.5,255.0,255.0,1.0,0.0,0.0,0.0,0.0,0.0,0.0,11658.0
22.0,9.0,241.0,336.0,0.0,1.0,5.0,0.0,0.0,1.0,0.0,0.0,197.0,255.0,1.0,0.0,0.01,0.0,0.0,0.0,0.0,67748.0
49.0,9.0,1341.0,369.0,0.0,1.0,1.0,0.0,0.0,1.0,0.0,0.0,130.0,138.0,0.55,0.02,0.01,0.0,0.0,0.0,0.0,110167.0
22.0,8.0,319.0,5280.0,0.0,1.0,4.0,0.25,0.25,1.0,0.0,0.0,255.0,255.0,1.0,0.0,0.0,0.0,0.0,0.0,0.0,38502.0
22.0,9.0,195.0,39751.0,0.0,1.0,2.0,0.0,0.0,1.0,0.0,0.0,45.0,255.0,1.0,0.0,0.05,0.0,0.0,0.0,0.0,2932.0
22.0,1.0,0.0,0.0,0.0,0.0,1.0,0.0,0.0,1.0,0.0,0.0,7.0,255.0,1.0,0.0,0.03,0.0,0.0,0.01,0.0,108127.0
19.0,9.0,12324.0,0.0,0.0,1.0,2.0,0.0,0.0,1.0,0.0,0.0,26.0,95.0,0.73,0.08,0.02,0.0,0.0,0.0,0.0,93038.0
49.0,9.0,1791.0,388.0,0.0,1.0,1.0,0.0,0.0,1.0,0.0,1.0,93.0,144.0,0.44,0.04,0.01,0.0,0.0,0.0,0.0,117883.0
22.0,9.0,219.0,788.0,0.0,1.0,6.0,0.0,0.0,1.0,0.0,0.06,255.0,255.0,1.0,0.0,0.0,0.0,0.0,0.0,0.0,16105.0
22.0,9.0,285.0,173.0,0.0,1.0,6.0,0.0,0.0,1.0,0.0,0.0,114.0,117.0,1.0,0.0,0.02,0.0,0.0,0.0,0.0,107426.0
11.0,9.0,45.0,71.0,0.0,0.0,243.0,0.0,0.0,1.0,0.0,0.0,255.0,254.0,1.0,0.01,0.0,0.0,0.0,0.0,0.0,16689.0
49.0,9.0,997.0,325.0,0.0,1.0,1.0,0.0,0.0,1.0,0.0,1.0,61.0,42.0,0.59,0.08,0.05,0.0,0.0,0.0,0.0,113777.0
22.0,9.0,232.0,555.0,0.0,1.0,1.0,0.0,0.0,1.0,0.0,0.0,16.0,255.0,1.0,0.0,0.03,0.0,0.0,0.0,0.0,117508.0
11.0,9.0,44.0,127.0,0.0,0.0,287.0,0.0,0.0,1.0,0.01,0.0,252.0,217.0,0.86,0.01,0.0,0.0,0.0,0.0,0.0,75320.0
11.0,9.0,44.0,110.0,0.0,0.0,1.0,0.0,0.0,1.0,0.0,0.0,38.0,213.0,0.71,0.05,0.01,0.0,0.0,0.0,0.0,106823.0
22.0,9.0,198.0,3534.0,0.0,1.0,14.0,0.0,0.0,1.0,0.0,0.08,14.0,255.0,1.0,0.0,0.01,0.0,0.0,0.0,0.0,12974.0
11.0,9.0,44.0,133.0,0.0,0.0,73.0,0.0,0.0,1.0,0.0,0.01,249.0,129.0,0.52,0.02,0.0,0.0,0.0,0.0,0.0,115552.0
22.0,9.0,231.0,794.0,0.0,1.0,27.0,0.0,0.0,1.0,0.0,0.0,99.0,255.0,1.0,0.0,0.02,0.0,0.0,0.0,0.0,90641.0
40.0,9.0,147.0,105.0,0.0,0.0,1.0,0.0,0.0,1.0,0.0,0.0,255.0,3.0,0.01,0.64,0.0,0.0,0.0,0.0,0.0,93265.0
22.0,9.0,221.0,1918.0,0.0,1.0,10.0,0.0,0.0,1.0,0.0,0.18,33.0,255.0,1.0,0.0,0.01,0.0,0.0,0.0,0.0,64413.0
22.0,9.0,198.0,289.0,0.0,1.0,10.0,0.0,0.02,1.0,0.0,0.15,255.0,255.0,1.0,0.0,0.0,0.0,0.0,0.0,0.0,82911.0
22.0,9.0,315.0,350.0,0.0,1.0,7.0,0.0,0.0,1.0,0.0,0.25,255.0,255.0,1.0,0.0,0.0,0.0,0.0,0.0,0.0,87321.0
22.0,9.0,294.0,616.0,0.0,1.0,3.0,0.0,0.0,1.0,0.0,0.4,255.0,255.0,1.0,0.0,0.0,0.01,0.01,0.0,0.0,11608.0
49.0,9.0,1458.0,367.0,0.0,1.0,1.0,0.0,0.0,1.0,0.0,1.0,247.0,175.0,0.68,0.02,0.01,0.0,0.0,0.0,0.0,77368.0
22.0,9.0,260.0,23731.0,0.0,1.0,1.0,0.0,0.0,1.0,0.0,0.0,1.0,255.0,1.0,0.0,0.01,0.0,0.0,0.0,0.0,50319.0
19.0,9.0,95.0,0.0,0.0,1.0,1.0,0.0,0.0,1.0,0.0,0.0,23.0,104.0,0.61,0.17,0.03,0.0,0.0,0.0,0.0,80602.0
22.0,9.0,237.0,2688.0,0.0,1.0,19.0,0.0,0.0,1.0,0.0,0.1,255.0,255.0,1.0,0.0,0.0,0.0,0.0,0.0,0.0,56107.0
22.0,9.0,255.0,285.0,0.0,1.0,6.0,0.0,0.0,1.0,0.0,0.29,255.0,255.0,1.0,0.0,0.0,0.0,0.0,0.0,0.0,100906.0
22.0,9.0,305.0,726.0,0.0,1.0,16.0,0.0,0.0,1.0,0.0,0.0,255.0,255.0,1.0,0.0,0.0,0.0,0.0,0.0,0.0,3810.0
49.0,9.0,4239.0,328.0,0.0,1.0,1.0,0.0,0.0,1.0,0.0,1.0,73.0,169.0,0.51,0.08,0.01,0.0,0.0,0.0,0.0,74933.0
19.0,9.0,748.0,0.0,0.0,1.0,1.0,0.0,0.0,1.0,0.0,0.0,107.0,108.0,0.78,0.03,0.02,0.0,0.0,0.0,0.0,2444.0
40.0,9.0,147.0,105.0,0.0,0.0,1.0,0.0,0.0,1.0,0.0,0.0,255.0,3.0,0.01,0.55,0.0,0.0,0.0,0.0,0.0,108457.0
19.0,9.0,373.0,0.0,0.0,0.0,7.0,0.0,0.0,1.0,0.0,0.0,27.0,19.0,0.7,0.07,0.0,0.0,0.0,0.0,0.0,106075.0
22.0,9.0,211.0,6385.0,0.0,1.0,3.0,0.0,0.0,1.0,0.0,0.5,88.0,255.0,1.0,0.0,0.06,0.01,0.0,0.0,0.0,80519.0
13.0,9.0,30.0,0.0,0.0,0.0,3.0,0.0,0.0,0.33,0.67,0.0,255.0,5.0,0.02,0.01,0.0,0.0,0.0,0.0,0.0,54900.0
22.0,9.0,200.0,912.0,0.0,1.0,5.0,0.0,0.0,1.0,0.0,0.0,255.0,255.0,1.0,0.0,0.0,0.0,0.0,0.0,0.0,116199.0
22.0,9.0,328.0,5087.0,0.0,1.0,2.0,0.0,0.0,1.0,0.0,0.18,2.0,255.0,1.0,0.0,0.06,0.0,0.0,0.0,0.0,105512.0
22.0,9.0,251.0,290.0,0.0,1.0,29.0,0.0,0.0,1.0,0.0,0.13,255.0,255.0,1.0,0.0,0.0,0.0,0.0,0.0,0.0,66295.0
22.0,9.0,208.0,1227.0,0.0,1.0,4.0,0.25,0.25,1.0,0.0,0.0,4.0,255.0,1.0,0.0,0.01,0.25,0.0,0.0,0.0,71792.0
11.0,9.0,42.0,42.0,0.0,0.0,5.0,0.0,0.0,1.0,0.0,0.27,255.0,255.0,1.0,0.0,0.0,0.0,0.0,0.0,0.0,13092.0
22.0,1.0,0.0,0.0,0.0,0.0,1.0,0.0,0.0,1.0,0.0,0.0,35.0,48.0,1.0,0.0,0.12,0.0,0.0,1.0,0.0,46982.0
22.0,9.0,327.0,788.0,0.0,1.0,10.0,0.0,0.0,1.0,0.0,0.18,255.0,255.0,1.0,0.0,0.0,0.0,0.0,0.0,0.0,68839.0
22.0,9.0,197.0,19113.0,0.0,1.0,1.0,0.0,0.0,1.0,0.0,0.13,4.0,255.0,1.0,0.0,0.02,0.25,0.0,0.0,0.0,92748.0
49.0,9.0,1140.0,330.0,0.0,1.0,1.0,0.0,0.0,1.0,0.0,0.0,64.0,186.0,0.56,0.09,0.01,0.0,0.0,0.0,0.0,90699.0
22.0,9.0,255.0,338.0,0.0,1.0,4.0,0.0,0.0,1.0,0.0,0.0,14.0,255.0,1.0,0.0,0.01,0.0,0.01,0.0,0.0,40060.0
22.0,9.0,376.0,1679.0,0.0,1.0,5.0,0.0,0.0,1.0,0.0,0.0,25.0,255.0,1.0,0.0,0.04,0.0,0.0,0.0,0.0,26802.0
13.0,9.0,30.0,0.0,0.0,0.0,7.0,0.0,0.0,0.14,0.29,0.0,255.0,5.0,0.02,0.01,0.0,0.0,0.0,0.0,0.0,68573.0
11.0,9.0,42.0,70.0,0.0,0.0,198.0,0.0,0.0,1.0,0.0,0.0,255.0,255.0,1.0,0.0,0.0,0.0,0.0,0.0,0.0,83408.0
22.0,9.0,222.0,660.0,0.0,1.0,14.0,0.0,0.0,1.0,0.0,0.0,255.0,255.0,1.0,0.0,0.0,0.0,0.0,0.0,0.0,73821.0
55.0,9.0,634.0,20143.0,0.0,1.0,1.0,0.0,0.0,1.0,0.0,0.0,223.0,109.0,0.49,0.01,0.0,0.9,0.92,0.0,0.0,13615.0
40.0,9.0,516.0,4.0,0.0,0.0,287.0,0.0,0.0,1.0,0.0,0.0,255.0,255.0,1.0,0.0,0.0,0.0,0.0,0.0,0.0,64369.0
22.0,9.0,260.0,245.0,0.0,1.0,9.0,0.0,0.0,1.0,0.0,0.14,193.0,255.0,1.0,0.0,0.02,0.0,0.0,0.0,0.0,26098.0
22.0,1.0,0.0,0.0,0.0,0.0,1.0,0.0,0.0,1.0,0.0,0.0,39.0,121.0,1.0,0.0,0.22,0.0,0.0,1.0,0.0,123314.0
22.0,9.0,360.0,3737.0,0.0,1.0,7.0,0.0,0.0,1.0,0.0,0.0,255.0,255.0,1.0,0.0,0.0,0.0,0.0,0.0,0.0,60556.0
13.0,9.0,30.0,0.0,0.0,0.0,1.0,0.0,0.0,1.0,0.0,0.0,8.0,114.0,1.0,0.0,0.47,0.0,0.0,0.0,0.0,29919.0
22.0,9.0,297.0,665.0,0.0,1.0,22.0,0.0,0.0,1.0,0.0,0.0,255.0,255.0,1.0,0.0,0.0,0.0,0.0,0.0,0.0,74253.0
22.0,9.0,274.0,2345.0,0.0,1.0,4.0,0.0,0.0,1.0,0.0,0.0,25.0,255.0,1.0,0.0,0.02,0.0,0.0,0.0,0.0,84885.0
19.0,9.0,1556.0,0.0,0.0,1.0,1.0,0.0,0.0,1.0,0.0,0.0,255.0,129.0,0.51,0.02,0.0,0.0,0.01,0.0,0.0,3209.0
22.0,9.0,54540.0,8314.0,0.0,1.0,2.0,0.0,0.0,1.0,0.0,0.0,8.0,8.0,1.0,0.0,0.0,0.0,0.0,0.0,1.0,93788.0
22.0,9.0,211.0,24786.0,0.0,1.0,20.0,0.0,0.0,1.0,0.0,0.0,255.0,255.0,1.0,0.0,0.0,0.0,0.0,0.0,0.0,71002.0
19.0,9.0,748.0,0.0,0.0,1.0,1.0,0.0,0.0,1.0,0.0,0.0,73.0,35.0,0.01,0.04,0.06,0.0,0.0,0.0,0.0,91076.0
22.0,9.0,164.0,1778.0,0.0,1.0,5.0,0.0,0.0,1.0,0.0,0.0,67.0,255.0,1.0,0.0,0.02,0.0,0.0,0.02,0.0,95054.0
17.0,9.0,10.0,365.0,0.0,0.0,1.0,0.0,0.0,1.0,0.0,0.0,81.0,11.0,0.02,0.05,0.27,0.0,0.0,0.0,0.0,114612.0
49.0,9.0,2381.0,326.0,0.0,1.0,1.0,0.0,0.0,1.0,0.0,0.0,254.0,167.0,0.65,0.03,0.01,0.0,0.01,0.0,0.0,18072.0
22.0,9.0,288.0,844.0,0.0,1.0,9.0,0.0,0.0,1.0,0.0,0.16,63.0,255.0,1.0,0.0,0.01,0.0,0.0,0.0,0.0,72060.0
11.0,9.0,44.0,78.0,0.0,0.0,200.0,0.0,0.0,1.0,0.0,0.0,255.0,255.0,1.0,0.0,0.0,0.0,0.0,0.0,0.0,31877.0
22.0,9.0,210.0,61957.0,0.0,1.0,6.0,0.0,0.0,1.0,0.0,0.0,219.0,255.0,1.0,0.0,0.01,0.0,0.0,0.0,0.0,86893.0
22.0,9.0,54540.0,8314.0,0.0,1.0,3.0,0.0,0.0,1.0,0.0,0.0,228.0,228.0,1.0,0.0,0.0,0.0,0.0,0.06,1.0,32889.0
11.0,9.0,43.0,140.0,0.0,0.0,84.0,0.0,0.0,1.0,0.0,0.02,255.0,253.0,0.99,0.01,0.0,0.0,0.0,0.0,0.0,44297.0
22.0,5.0,0.0,0.0,0.0,0.0,2.0,0.5,0.25,1.0,0.0,0.75,6.0,255.0,1.0,0.0,0.04,0.17,0.01,0.0,0.0,119882.0
22.0,1.0,0.0,0.0,0.0,0.0,1.0,0.0,0.0,1.0,0.0,0.0,57.0,161.0,1.0,0.0,0.02,0.0,0.0,1.0,0.0,73973.0
11.0,9.0,44.0,84.0,0.0,0.0,107.0,0.0,0.0,1.0,0.0,0.0,255.0,254.0,1.0,0.01,0.0,0.0,0.0,0.0,0.0,121557.0
18.0,3.0,1379963888.0,0.0,0.0,0.0,1.0,0.0,0.0,1.0,0.0,0.0,77.0,1.0,0.01,0.12,0.0,0.0,0.0,1.0,1.0,125429.0
11.0,9.0,44.0,74.0,0.0,0.0,113.0,0.0,0.0,1.0,0.0,0.02,255.0,227.0,0.89,0.01,0.0,0.0,0.0,0.0,0.0,75662.0
19.0,9.0,8325.0,0.0,0.0,0.0,20.0,0.0,0.0,1.0,0.0,0.0,160.0,70.0,0.44,0.03,0.0,0.0,0.0,0.0,0.0,124703.0
22.0,9.0,323.0,3627.0,0.0,1.0,1.0,0.0,0.0,1.0,0.0,0.31,68.0,225.0,1.0,0.0,0.04,0.01,0.0,0.0,0.0,78682.0
22.0,5.0,0.0,0.0,0.0,0.0,2.0,0.5,0.5,1.0,0.0,0.0,4.0,255.0,1.0,0.0,0.04,0.25,0.0,0.0,0.0,86969.0
22.0,9.0,219.0,281.0,0.0,1.0,13.0,0.0,0.0,1.0,0.0,0.0,255.0,255.0,1.0,0.0,0.0,0.0,0.0,0.0,0.0,50773.0
22.0,9.0,199.0,3413.0,0.0,1.0,20.0,0.0,0.0,1.0,0.0,0.12,142.0,255.0,1.0,0.0,0.02,0.0,0.0,0.33,0.0,58050.0
42.0,9.0,66.0,2117.0,0.0,1.0,1.0,0.0,0.0,1.0,0.0,0.0,219.0,3.0,0.01,0.09,0.0,0.01,0.0,0.0,0.0,73546.0
22.0,9.0,222.0,185.0,0.0,1.0,16.0,0.0,0.0,1.0,0.0,0.0,20.0,255.0,1.0,0.0,0.24,0.0,0.0,0.9,0.0,59489.0
22.0,9.0,198.0,450.0,0.0,1.0,4.0,0.25,0.25,1.0,0.0,0.0,198.0,201.0,1.0,0.0,0.01,0.01,0.0,0.0,0.0,21133.0
40.0,9.0,147.0,105.0,0.0,0.0,1.0,0.0,0.0,1.0,0.0,0.0,255.0,1.0,0.0,0.72,0.0,0.0,0.0,0.0,0.0,17628.0
22.0,9.0,270.0,783.0,0.0,1.0,8.0,0.0,0.0,1.0,0.0,0.0,8.0,255.0,1.0,0.0,0.02,0.0,0.0,0.0,0.0,73149.0
22.0,1.0,0.0,0.0,0.0,0.0,1.0,0.0,0.0,1.0,0.0,0.0,1.0,202.0,1.0,0.0,0.11,0.0,0.0,1.0,0.0,69551.0
49.0,9.0,1620.0,389.0,0.0,1.0,1.0,0.0,0.0,1.0,0.0,0.0,43.0,151.0,0.58,0.09,0.01,0.0,0.0,0.0,0.0,50473.0
22.0,9.0,219.0,181.0,0.0,1.0,12.0,0.0,0.0,1.0,0.0,0.0,255.0,255.0,1.0,0.0,0.0,0.0,0.0,0.0,0.0,39354.0
49.0,9.0,0.0,85.0,0.0,1.0,1.0,0.0,0.0,1.0,0.0,0.0,6.0,1.0,0.17,1.0,0.0,0.0,0.0,0.0,1.0,105088.0
22.0,9.0,232.0,585.0,0.0,1.0,1.0,0.0,0.0,1.0,0.0,0.0,20.0,255.0,1.0,0.0,0.02,0.0,0.0,0.0,0.0,54930.0
22.0,9.0,228.0,1530.0,0.0,1.0,3.0,0.0,0.0,1.0,0.0,0.5,18.0,255.0,1.0,0.0,0.04,0.0,0.0,0.0,0.0,21389.0
49.0,9.0,1508.0,359.0,0.0,1.0,1.0,0.0,0.0,1.0,0.0,0.0,184.0,245.0,0.96,0.01,0.01,0.0,0.0,0.0,0.0,87557.0
22.0,9.0,198.0,2110.0,0.0,1.0,22.0,0.0,0.0,1.0,0.0,0.12,71.0,255.0,1.0,0.0,0.01,0.0,0.0,0.0,0.0,81604.0
22.0,9.0,325.0,426.0,0.0,1.0,5.0,0.0,0.0,1.0,0.0,0.0,187.0,255.0,1.0,0.0,0.01,0.0,0.0,0.0,0.0,374.0
11.0,9.0,43.0,43.0,0.0,0.0,158.0,0.0,0.0,1.0,0.0,0.01,255.0,255.0,1.0,0.0,0.0,0.0,0.0,0.0,0.0,30313.0
49.0,9.0,944.0,330.0,0.0,1.0,1.0,0.0,0.0,1.0,0.0,0.0,214.0,166.0,0.63,0.02,0.01,0.0,0.0,0.0,0.0,204.0
22.0,9.0,139.0,32424.0,0.0,1.0,1.0,0.0,0.0,1.0,0.0,0.13,255.0,255.0,1.0,0.0,0.0,0.0,0.0,0.01,0.0,60732.0
22.0,9.0,297.0,580.0,0.0,1.0,21.0,0.0,0.0,1.0,0.0,0.0,96.0,255.0,1.0,0.0,0.03,0.0,0.0,0.0,0.0,52667.0
19.0,9.0,2194619.0,0.0,0.0,1.0,1.0,0.0,0.0,1.0,0.0,0.0,200.0,23.0,0.12,0.02,0.0,0.0,0.0,0.0,0.0,63347.0
22.0,9.0,230.0,361.0,0.0,1.0,1.0,0.0,0.0,1.0,0.0,0.67,139.0,255.0,1.0,0.0,0.02,0.0,0.0,0.0,0.0,74932.0
22.0,9.0,304.0,10569.0,0.0,1.0,4.0,0.0,0.0,1.0,0.0,0.0,82.0,255.0,1.0,0.0,0.04,0.0,0.0,0.0,0.0,58221.0
13.0,9.0,30.0,0.0,0.0,0.0,3.0,0.0,0.0,0.33,1.0,0.0,255.0,4.0,0.02,0.01,0.0,0.0,0.0,0.0,0.0,47844.0
22.0,9.0,208.0,2401.0,0.0,1.0,8.0,0.0,0.0,1.0,0.0,0.0,255.0,255.0,1.0,0.0,0.0,0.0,0.0,0.0,0.0,89356.0
49.0,9.0,565.0,386.0,0.0,1.0,1.0,0.0,0.0,1.0,0.0,0.0,255.0,80.0,0.31,0.02,0.0,0.49,0.0,0.0,0.0,64606.0
22.0,9.0,209.0,7423.0,0.0,1.0,2.0,0.0,0.0,1.0,0.0,0.0,2.0,255.0,1.0,0.0,0.04,0.0,0.0,0.0,0.0,86737.0
22.0,9.0,205.0,1900.0,0.0,1.0,9.0,0.0,0.0,1.0,0.0,0.11,27.0,255.0,1.0,0.0,0.05,0.0,0.0,0.0,0.0,8615.0
11.0,9.0,42.0,42.0,0.0,0.0,5.0,0.0,0.0,1.0,0.0,0.33,255.0,238.0,0.93,0.01,0.0,0.0,0.0,0.0,0.0,43467.0
22.0,9.0,0.0,763.0,0.0,0.0,7.0,0.14,0.14,1.0,0.0,0.0,7.0,250.0,1.0,0.0,0.01,0.14,0.0,0.0,0.0,76833.0
11.0,9.0,46.0,127.0,0.0,0.0,69.0,0.0,0.0,1.0,0.0,0.01,255.0,254.0,1.0,0.01,0.0,0.0,0.0,0.0,0.0,58656.0
22.0,9.0,239.0,2964.0,0.0,1.0,30.0,0.0,0.0,1.0,0.0,0.0,255.0,255.0,1.0,0.0,0.0,0.0,0.0,0.33,0.0,25722.0
22.0,9.0,302.0,1380.0,0.0,1.0,3.0,0.0,0.0,1.0,0.0,0.0,255.0,242.0,0.95,0.02,0.0,0.0,0.0,0.0,0.0,111164.0
22.0,9.0,288.0,2055.0,0.0,1.0,17.0,0.0,0.0,1.0,0.0,0.06,255.0,255.0,1.0,0.0,0.0,0.0,0.0,0.0,0.0,1913.0
22.0,9.0,261.0,3913.0,0.0,1.0,1.0,0.0,0.0,1.0,0.0,0.06,255.0,229.0,0.9,0.01,0.0,0.0,0.0,0.0,0.0,68773.0
22.0,9.0,313.0,3222.0,0.0,1.0,4.0,0.0,0.0,1.0,0.0,0.4,255.0,250.0,0.98,0.01,0.0,0.0,0.0,0.02,0.0,53366.0
18.0,9.0,710.0,2077.0,0.0,1.0,1.0,0.0,0.0,1.0,0.0,0.0,241.0,68.0,0.28,0.02,0.0,0.0,0.0,0.0,0.0,108579.0
40.0,9.0,15377.0,0.0,0.0,1.0,3.0,0.0,0.0,0.33,1.0,0.0,214.0,1.0,0.0,0.06,0.0,0.0,0.0,0.0,0.0,45380.0
22.0,9.0,309.0,2507.0,0.0,1.0,1.0,0.0,0.0,1.0,0.0,1.0,255.0,245.0,0.96,0.01,0.0,0.0,0.0,0.0,0.0,100962.0
22.0,1.0,0.0,0.0,0.0,0.0,1.0,0.0,0.0,1.0,0.0,1.0,46.0,255.0,1.0,0.0,0.13,0.0,0.0,1.0,0.0,63387.0
22.0,9.0,325.0,732.0,0.0,1.0,3.0,0.0,0.0,1.0,0.0,0.0,119.0,255.0,1.0,0.0,0.01,0.0,0.0,0.0,0.0,111418.0
49.0,9.0,1196.0,329.0,0.0,1.0,1.0,0.0,0.0,1.0,0.0,0.0,106.0,157.0,0.73,0.06,0.01,0.0,0.0,0.0,0.0,30776.0
49.0,9.0,2745.0,333.0,0.0,1.0,1.0,0.0,0.0,1.0,0.0,1.0,26.0,132.0,0.81,0.15,0.02,0.0,0.0,0.0,0.0,73361.0
22.0,9.0,193.0,10690.0,0.0,1.0,8.0,0.0,0.0,1.0,0.0,0.0,64.0,255.0,1.0,0.0,0.03,0.0,0.0,0.0,0.0,104240.0
22.0,9.0,244.0,1215.0,0.0,1.0,8.0,0.0,0.0,1.0,0.0,0.33,187.0,255.0,1.0,0.0,0.01,0.0,0.0,0.0,0.0,4136.0
19.0,9.0,641.0,0.0,0.0,1.0,2.0,0.0,0.0,1.0,0.0,0.0,74.0,65.0,0.14,0.05,0.03,0.0,0.0,0.0,0.0,123554.0
11.0,9.0,42.0,42.0,0.0,0.0,6.0,0.0,0.0,1.0,0.0,0.15,255.0,243.0,0.95,0.01,0.0,0.0,0.0,0.0,0.0,65703.0
44.0,9.0,105.0,145.0,0.0,0.0,1.0,0.0,0.0,1.0,0.0,0.0,255.0,177.0,0.69,0.01,0.0,0.0,0.0,0.0,0.0,63203.0
13.0,9.0,30.0,0.0,0.0,0.0,1.0,0.0,0.0,1.0,0.0,0.0,32.0,32.0,1.0,0.0,0.0,0.0,0.0,0.0,0.0,103039.0
11.0,9.0,45.0,111.0,0.0,0.0,73.0,0.0,0.0,1.0,0.0,0.01,255.0,255.0,1.0,0.0,0.0,0.0,0.0,0.0,0.0,41996.0
22.0,9.0,239.0,6224.0,0.0,1.0,10.0,0.0,0.0,1.0,0.0,0.08,29.0,255.0,1.0,0.0,0.01,0.0,0.0,0.0,0.0,18745.0
22.0,9.0,203.0,10716.0,0.0,1.0,1.0,0.0,0.0,1.0,0.0,0.0,55.0,255.0,1.0,0.0,0.04,0.0,0.0,0.0,0.0,28449.0
11.0,9.0,36.0,0.0,0.0,0.0,1.0,0.0,0.0,1.0,0.0,1.0,233.0,30.0,0.06,0.03,0.07,0.0,0.0,0.0,0.0,32124.0
13.0,9.0,30.0,0.0,0.0,0.0,2.0,0.0,0.0,1.0,0.0,0.0,202.0,202.0,1.0,0.0,0.0,0.0,0.0,0.0,0.0,61033.0
22.0,9.0,205.0,182.0,0.0,1.0,15.0,0.0,0.0,1.0,0.0,0.0,255.0,255.0,1.0,0.0,0.0,0.0,0.0,0.0,0.0,16981.0
22.0,9.0,222.0,2125.0,0.0,1.0,6.0,0.0,0.0,1.0,0.0,0.0,9.0,113.0,1.0,0.0,0.03,0.0,0.0,0.04,0.0,64336.0
49.0,9.0,1365.0,328.0,0.0,1.0,2.0,0.0,0.0,0.5,1.0,0.0,127.0,159.0,0.59,0.04,0.01,0.0,0.0,0.0,0.0,44256.0
22.0,9.0,234.0,1395.0,0.0,1.0,18.0,0.0,0.0,1.0,0.0,0.16,255.0,255.0,1.0,0.0,0.0,0.0,0.0,0.0,0.0,67844.0
22.0,9.0,288.0,1399.0,0.0,1.0,14.0,0.0,0.0,1.0,0.0,0.13,20.0,255.0,1.0,0.0,0.02,0.0,0.0,0.0,0.0,123172.0
22.0,9.0,314.0,1136.0,0.0,1.0,7.0,0.0,0.0,1.0,0.0,0.0,7.0,255.0,1.0,0.0,0.05,0.0,0.0,0.0,0.0,94071.0
40.0,9.0,147.0,105.0,0.0,0.0,4.0,0.0,0.0,0.5,0.5,0.0,255.0,2.0,0.01,0.77,0.0,0.0,0.0,0.0,0.0,93097.0
22.0,1.0,0.0,0.0,0.0,0.0,1.0,0.0,0.0,1.0,0.0,1.0,4.0,209.0,1.0,0.0,0.21,0.0,0.0,1.0,0.0,74607.0
22.0,9.0,300.0,6912.0,0.0,1.0,13.0,0.0,0.0,1.0,0.0,0.11,255.0,255.0,1.0,0.0,0.0,0.0,0.0,0.0,0.0,40313.0
40.0,9.0,145.0,0.0,0.0,0.0,4.0,0.0,0.0,0.25,0.75,0.0,255.0,1.0,0.0,0.67,0.0,0.0,0.0,0.0,0.0,64005.0
22.0,9.0,346.0,2370.0,0.0,1.0,18.0,0.0,0.0,1.0,0.0,0.0,143.0,255.0,1.0,0.0,0.01,0.0,0.0,0.0,0.0,8952.0
49.0,9.0,1461.0,365.0,0.0,1.0,1.0,0.0,0.0,1.0,0.0,1.0,245.0,168.0,0.65,0.03,0.01,0.0,0.01,0.0,0.0,109194.0
22.0,9.0,321.0,255.0,0.0,1.0,6.0,0.0,0.0,1.0,0.0,0.0,118.0,255.0,1.0,0.0,0.04,0.0,0.0,0.0,0.0,57703.0
22.0,9.0,239.0,1057.0,0.0,1.0,16.0,0.0,0.0,1.0,0.0,0.12,127.0,255.0,1.0,0.0,0.04,0.0,0.0,0.0,0.0,112518.0
22.0,9.0,314.0,905.0,0.0,1.0,8.0,0.0,0.0,1.0,0.0,0.18,20.0,230.0,1.0,0.0,0.01,0.0,0.0,0.0,0.0,37358.0
22.0,9.0,198.0,999.0,0.0,1.0,10.0,0.0,0.0,1.0,0.0,0.0,67.0,255.0,1.0,0.0,0.02,0.0,0.01,0.0,0.0,39126.0
22.0,9.0,218.0,2683.0,0.0,1.0,5.0,0.0,0.0,1.0,0.0,0.0,167.0,255.0,1.0,0.0,0.05,0.0,0.0,0.0,0.0,21645.0
19.0,9.0,1766.0,0.0,0.0,0.0,2.0,0.0,0.0,1.0,0.0,0.0,172.0,58.0,0.34,0.02,0.0,0.0,0.0,0.0,0.0,72436.0
11.0,9.0,42.0,42.0,0.0,0.0,7.0,0.0,0.0,1.0,0.0,0.25,255.0,69.0,0.27,0.01,0.0,0.0,0.0,0.0,0.0,53696.0
19.0,9.0,245.0,0.0,0.0,1.0,2.0,0.0,0.0,1.0,0.0,0.0,151.0,16.0,0.11,0.03,0.0,0.0,0.0,0.0,0.0,113942.0
22.0,9.0,197.0,315.0,0.0,1.0,7.0,0.0,0.0,1.0,0.0,0.15,255.0,255.0,1.0,0.0,0.0,0.0,0.0,0.0,0.0,62545.0
11.0,9.0,43.0,43.0,0.0,0.0,132.0,0.0,0.0,1.0,0.0,0.01,255.0,255.0,1.0,0.0,0.0,0.0,0.0,0.0,0.0,30785.0
11.0,9.0,43.0,137.0,0.0,0.0,66.0,0.0,0.0,1.0,0.0,0.01,255.0,172.0,0.67,0.02,0.0,0.0,0.0,0.0,0.0,58331.0
55.0,9.0,115.0,12486.0,0.0,1.0,1.0,0.0,0.0,1.0,0.0,0.0,63.0,3.0,0.02,0.11,0.67,0.0,0.0,0.0,0.0,18715.0
22.0,9.0,292.0,3740.0,0.0,1.0,3.0,0.0,0.0,1.0,0.0,0.0,6.0,255.0,1.0,0.0,0.06,0.0,0.0,0.0,0.0,22461.0
49.0,9.0,3001.0,640.0,0.0,1.0,1.0,0.0,0.0,1.0,0.0,1.0,255.0,133.0,0.52,0.01,0.0,0.73,0.75,0.0,0.0,4406.0
22.0,1.0,0.0,0.0,0.0,0.0,1.0,0.0,0.0,1.0,0.0,0.0,24.0,255.0,1.0,0.0,0.08,0.0,0.0,0.58,0.0,44699.0
11.0,9.0,42.0,42.0,0.0,0.0,11.0,0.0,0.0,1.0,0.0,0.15,255.0,231.0,0.91,0.01,0.0,0.0,0.0,0.0,0.0,8251.0
22.0,9.0,218.0,1856.0,0.0,1.0,26.0,0.0,0.0,1.0,0.0,0.0,255.0,255.0,1.0,0.0,0.0,0.0,0.0,0.0,0.0,7478.0
58.0,9.0,151.0,0.0,0.0,0.0,3.0,0.0,0.0,0.33,0.67,0.0,83.0,5.0,0.06,0.05,0.0,0.0,0.0,0.0,0.0,60383.0
0.0,6.0,37681.0,40396.0,0.0,1.0,1.0,1.0,1.0,1.0,0.0,0.0,88.0,16.0,0.18,0.02,0.0,0.16,0.88,0.0,0.0,22723.0
22.0,9.0,206.0,1030.0,0.0,1.0,20.0,0.0,0.0,1.0,0.0,0.0,20.0,255.0,1.0,0.0,0.05,0.0,0.0,0.0,0.0,27178.0
44.0,9.0,105.0,147.0,0.0,0.0,2.0,0.0,0.0,1.0,0.0,0.0,255.0,238.0,0.93,0.01,0.0,0.0,0.0,0.0,0.0,18775.0
49.0,9.0,681.0,391.0,0.0,1.0,1.0,0.0,0.0,1.0,0.0,1.0,32.0,181.0,0.28,0.09,0.01,0.03,0.0,0.0,0.0,13022.0
22.0,9.0,346.0,5635.0,0.0,1.0,11.0,0.0,0.0,1.0,0.0,0.0,149.0,255.0,1.0,0.0,0.05,0.0,0.0,0.0,0.0,106095.0
11.0,9.0,30.0,0.0,0.0,0.0,1.0,0.0,0.0,1.0,0.0,0.0,17.0,4.0,0.24,0.24,0.0,0.0,0.0,0.0,0.0,59818.0
22.0,9.0,316.0,661.0,0.0,1.0,12.0,0.0,0.0,1.0,0.0,0.14,12.0,255.0,1.0,0.0,0.03,0.0,0.0,0.0,0.0,99776.0
19.0,9.0,554.0,0.0,0.0,1.0,1.0,0.0,0.0,1.0,0.0,0.0,57.0,14.0,0.25,0.05,0.0,0.0,0.0,0.0,0.0,90913.0
49.0,9.0,1478.0,386.0,0.0,1.0,1.0,0.0,0.0,1.0,0.0,0.0,255.0,65.0,0.25,0.06,0.0,0.52,0.0,0.03,0.0,93421.0
55.0,9.0,727.0,2737.0,0.0,1.0,1.0,0.0,0.0,1.0,0.0,0.0,255.0,14.0,0.05,0.09,0.0,0.65,0.21,0.14,0.0,53083.0
11.0,9.0,45.0,131.0,0.0,0.0,302.0,0.0,0.0,1.0,0.0,0.0,255.0,254.0,1.0,0.01,0.0,0.0,0.0,0.0,0.0,42986.0
49.0,9.0,1110.0,369.0,0.0,1.0,1.0,0.0,0.0,1.0,0.0,0.0,32.0,72.0,0.56,0.06,0.03,0.0,0.0,0.0,0.0,10125.0
22.0,9.0,246.0,14206.0,0.0,1.0,2.0,0.0,0.0,1.0,0.0,0.5,4.0,255.0,1.0,0.0,0.05,0.0,0.0,0.0,0.0,64099.0
49.0,9.0,932.0,332.0,0.0,1.0,1.0,0.0,0.0,1.0,0.0,1.0,255.0,153.0,0.6,0.02,0.0,0.0,0.0,0.0,0.0,33450.0
11.0,9.0,45.0,137.0,0.0,0.0,134.0,0.0,0.0,0.99,0.01,0.01,255.0,221.0,0.87,0.02,0.0,0.0,0.0,0.0,0.0,69305.0
22.0,9.0,366.0,269.0,0.0,1.0,11.0,0.0,0.0,1.0,0.0,0.17,255.0,255.0,1.0,0.0,0.0,0.0,0.0,0.0,0.0,77880.0
22.0,1.0,0.0,0.0,0.0,0.0,1.0,0.0,0.0,1.0,0.0,0.0,7.0,243.0,1.0,0.0,0.21,0.0,0.0,0.96,0.0,9732.0
40.0,9.0,145.0,105.0,0.0,0.0,1.0,0.0,0.0,1.0,0.0,0.0,255.0,1.0,0.0,0.62,0.0,0.0,0.0,0.0,0.0,12715.0
11.0,9.0,46.0,46.0,0.0,0.0,112.0,0.0,0.0,1.0,0.0,0.01,255.0,255.0,1.0,0.0,0.0,0.0,0.0,0.0,0.0,59434.0
49.0,9.0,986.0,325.0,0.0,1.0,1.0,0.0,0.0,1.0,0.0,0.0,153.0,97.0,0.63,0.03,0.0,0.01,0.01,0.0,0.0,38946.0
22.0,9.0,260.0,892.0,0.0,1.0,13.0,0.0,0.0,1.0,0.0,0.0,255.0,255.0,1.0,0.0,0.0,0.0,0.0,0.0,0.0,121168.0
11.0,9.0,44.0,69.0,0.0,0.0,229.0,0.0,0.0,1.0,0.0,0.0,255.0,225.0,0.88,0.01,0.0,0.0,0.0,0.0,0.0,76496.0
49.0,9.0,2936.0,331.0,0.0,1.0,1.0,0.0,0.0,1.0,0.0,0.0,255.0,113.0,0.44,0.02,0.0,0.0,0.0,0.0,0.0,7464.0
11.0,9.0,44.0,70.0,0.0,0.0,171.0,0.0,0.0,1.0,0.0,0.0,255.0,194.0,0.76,0.01,0.0,0.0,0.0,0.0,0.0,29883.0
22.0,9.0,212.0,1762.0,0.0,1.0,1.0,0.0,0.5,1.0,0.0,1.0,1.0,9.0,1.0,0.0,0.33,0.0,0.11,0.0,0.0,103198.0
22.0,9.0,314.0,505.0,0.0,1.0,4.0,0.0,0.0,1.0,0.0,0.0,27.0,255.0,1.0,0.0,0.04,0.0,0.0,0.0,0.0,101168.0
22.0,9.0,328.0,312.0,0.0,1.0,3.0,0.33,0.33,1.0,0.0,0.0,255.0,255.0,1.0,0.0,0.0,0.0,0.0,0.0,0.0,114281.0
22.0,9.0,246.0,807.0,0.0,1.0,4.0,0.0,0.0,1.0,0.0,0.0,255.0,255.0,1.0,0.0,0.0,0.0,0.0,0.0,0.0,68893.0
22.0,9.0,216.0,24716.0,0.0,1.0,5.0,0.0,0.0,1.0,0.0,0.0,255.0,255.0,1.0,0.0,0.0,0.0,0.0,0.0,0.0,11935.0
22.0,9.0,229.0,1733.0,0.0,1.0,2.0,0.0,0.0,1.0,0.0,0.0,2.0,255.0,1.0,0.0,0.02,0.0,0.0,0.0,0.0,85191.0
22.0,9.0,315.0,392.0,0.0,1.0,3.0,0.0,0.0,1.0,0.0,0.6,255.0,255.0,1.0,0.0,0.0,0.0,0.0,0.0,0.0,43448.0
19.0,9.0,0.0,10947.0,0.0,0.0,1.0,0.0,0.0,1.0,0.0,0.29,255.0,87.0,0.34,0.08,0.0,0.02,0.05,0.0,0.0,105878.0
22.0,9.0,289.0,2459.0,0.0,1.0,4.0,0.25,0.25,1.0,0.0,0.0,255.0,255.0,1.0,0.0,0.0,0.0,0.0,0.0,0.0,45959.0
11.0,9.0,45.0,133.0,0.0,0.0,163.0,0.0,0.0,0.99,0.01,0.01,255.0,234.0,0.92,0.02,0.0,0.0,0.0,0.0,0.0,108677.0
58.0,9.0,181.0,0.0,0.0,0.0,6.0,0.0,0.0,0.83,0.33,0.0,255.0,29.0,0.11,0.01,0.0,0.0,0.0,0.0,0.0,3692.0
19.0,9.0,1153.0,0.0,0.0,1.0,2.0,0.0,0.0,1.0,0.0,0.0,65.0,69.0,0.43,0.06,0.03,0.0,0.0,0.0,0.0,120180.0
55.0,9.0,1205.0,15071.0,0.0,1.0,1.0,0.0,0.0,1.0,0.0,0.0,255.0,20.0,0.08,0.07,0.0,0.97,0.9,0.0,0.0,116666.0
22.0,9.0,290.0,6291.0,0.0,1.0,8.0,0.0,0.0,1.0,0.0,0.0,33.0,255.0,1.0,0.0,0.03,0.0,0.0,0.0,0.0,83185.0
49.0,9.0,2355.0,337.0,0.0,1.0,1.0,0.0,0.0,1.0,0.0,0.0,27.0,167.0,0.78,0.11,0.01,0.0,0.0,0.0,0.0,85616.0
40.0,9.0,145.0,105.0,0.0,0.0,4.0,0.0,0.0,0.5,0.5,0.0,255.0,2.0,0.01,0.47,0.0,0.0,0.0,0.0,0.0,107165.0
22.0,9.0,209.0,8793.0,0.0,1.0,5.0,0.0,0.0,1.0,0.0,0.0,18.0,255.0,1.0,0.0,0.06,0.0,0.0,0.0,0.0,26582.0
22.0,9.0,230.0,2239.0,0.0,1.0,6.0,0.0,0.0,1.0,0.0,0.0,255.0,251.0,0.98,0.01,0.0,0.0,0.0,0.0,0.0,81996.0
22.0,9.0,233.0,6924.0,0.0,1.0,18.0,0.0,0.0,1.0,0.0,0.0,255.0,255.0,1.0,0.0,0.0,0.0,0.0,0.0,0.0,55154.0
13.0,9.0,30.0,0.0,0.0,0.0,1.0,0.0,0.0,1.0,0.0,0.0,7.0,91.0,1.0,0.0,0.47,0.0,0.0,0.0,0.0,97596.0
22.0,9.0,54540.0,8314.0,0.0,1.0,1.0,0.0,0.0,1.0,0.0,1.0,255.0,255.0,1.0,0.0,0.0,0.01,0.01,0.03,1.0,11131.0
19.0,9.0,8989.0,0.0,0.0,1.0,1.0,0.0,0.0,1.0,0.0,0.0,37.0,67.0,0.11,0.11,0.04,0.03,0.0,0.0,0.0,96443.0
58.0,9.0,183.0,0.0,0.0,0.0,2.0,0.0,0.0,0.5,1.0,0.0,255.0,13.0,0.05,0.01,0.0,0.0,0.0,0.0,0.0,89027.0
22.0,9.0,54540.0,8314.0,0.0,1.0,6.0,0.0,0.0,1.0,0.0,0.0,41.0,41.0,1.0,0.0,0.0,0.0,0.0,0.05,1.0,67313.0
58.0,9.0,183.0,0.0,0.0,0.0,6.0,0.0,0.0,0.83,0.33,0.0,255.0,24.0,0.09,0.01,0.0,0.0,0.0,0.0,0.0,7955.0
22.0,9.0,309.0,6987.0,0.0,1.0,8.0,0.0,0.0,1.0,0.0,0.22,145.0,255.0,1.0,0.0,0.02,0.0,0.0,0.0,0.0,33920.0
19.0,9.0,567.0,0.0,0.0,1.0,2.0,0.0,0.0,0.5,1.0,0.0,208.0,106.0,0.42,0.03,0.02,0.0,0.0,0.0,0.0,16754.0
11.0,9.0,45.0,132.0,0.0,0.0,292.0,0.0,0.0,1.0,0.0,0.0,255.0,251.0,0.98,0.01,0.0,0.0,0.0,0.0,0.0,41612.0
22.0,9.0,202.0,9432.0,0.0,1.0,21.0,0.0,0.0,1.0,0.0,0.1,21.0,255.0,1.0,0.0,0.05,0.0,0.01,0.0,0.0,33020.0
49.0,9.0,835.0,336.0,0.0,1.0,1.0,0.0,0.0,1.0,0.0,0.0,115.0,188.0,0.61,0.05,0.01,0.0,0.01,0.0,0.0,122316.0
11.0,9.0,45.0,81.0,0.0,0.0,296.0,0.0,0.0,1.0,0.01,0.0,255.0,254.0,1.0,0.01,0.0,0.0,0.0,0.0,0.0,5716.0
22.0,1.0,0.0,0.0,0.0,0.0,1.0,0.0,0.0,1.0,0.0,0.0,6.0,205.0,1.0,0.0,0.19,0.0,0.0,1.0,0.0,7488.0
19.0,9.0,641.0,0.0,0.0,1.0,1.0,0.0,0.0,1.0,0.0,0.0,255.0,117.0,0.46,0.01,0.0,0.0,0.0,0.0,0.0,101065.0
19.0,9.0,768.0,0.0,0.0,1.0,8.0,0.0,0.0,1.0,0.0,0.0,16.0,14.0,0.88,0.12,0.0,0.0,0.0,0.0,0.0,103572.0
19.0,1.0,0.0,0.0,0.0,0.0,1.0,0.0,0.0,1.0,0.0,0.0,171.0,62.0,0.27,0.02,0.03,0.01,0.0,0.02,1.0,66013.0
19.0,9.0,1556.0,0.0,0.0,0.0,21.0,0.0,0.0,1.0,0.0,0.0,249.0,125.0,0.5,0.02,0.0,0.0,0.0,0.0,0.0,41902.0
40.0,9.0,113.0,0.0,0.0,0.0,23.0,0.0,0.0,0.96,0.09,0.0,255.0,22.0,0.09,0.55,0.0,0.0,0.0,0.0,0.0,125133.0
22.0,9.0,212.0,259.0,0.0,1.0,21.0,0.0,0.0,1.0,0.0,0.0,255.0,255.0,1.0,0.0,0.0,0.0,0.0,0.0,0.0,56209.0
22.0,1.0,0.0,0.0,0.0,0.0,1.0,0.0,0.0,1.0,0.0,1.0,1.0,255.0,1.0,0.0,0.09,0.0,0.0,0.85,0.0,25194.0
11.0,9.0,45.0,76.0,0.0,0.0,110.0,0.0,0.0,1.0,0.0,0.0,255.0,223.0,0.87,0.01,0.0,0.0,0.0,0.0,0.0,79864.0
49.0,9.0,851.0,478.0,0.0,1.0,1.0,0.0,0.0,1.0,0.0,1.0,255.0,29.0,0.11,0.02,0.0,0.0,0.0,0.0,0.0,46881.0
11.0,9.0,42.0,131.0,0.0,0.0,194.0,0.0,0.0,0.99,0.01,0.0,83.0,50.0,0.6,0.02,0.0,0.0,0.0,0.0,0.0,113775.0
22.0,5.0,0.0,0.0,0.0,0.0,2.0,0.5,0.5,1.0,0.0,0.0,50.0,255.0,1.0,0.0,0.01,0.02,0.0,0.0,0.0,125777.0
11.0,9.0,45.0,78.0,0.0,0.0,128.0,0.0,0.0,1.0,0.0,0.0,255.0,254.0,1.0,0.01,0.0,0.0,0.0,0.0,0.0,120879.0
22.0,9.0,298.0,8774.0,0.0,1.0,8.0,0.0,0.0,1.0,0.0,0.22,41.0,255.0,1.0,0.0,0.01,0.0,0.0,0.0,0.0,14222.0
11.0,9.0,44.0,42.0,0.0,0.0,7.0,0.0,0.0,1.0,0.0,0.17,255.0,255.0,1.0,0.0,0.0,0.0,0.0,0.0,0.0,13500.0
22.0,9.0,329.0,440.0,0.0,1.0,32.0,0.0,0.0,1.0,0.0,0.06,32.0,255.0,1.0,0.0,0.04,0.0,0.0,0.0,0.0,114485.0
22.0,9.0,220.0,18779.0,0.0,1.0,3.0,0.33,0.25,1.0,0.0,0.5,255.0,255.0,1.0,0.0,0.0,0.01,0.01,0.0,0.0,64652.0
22.0,9.0,210.0,1659.0,0.0,1.0,8.0,0.0,0.0,1.0,0.0,0.0,11.0,255.0,1.0,0.0,0.02,0.09,0.0,0.0,0.0,7513.0
22.0,9.0,257.0,4474.0,0.0,1.0,12.0,0.0,0.0,1.0,0.0,0.0,255.0,255.0,1.0,0.0,0.0,0.0,0.0,0.0,0.0,82836.0
22.0,9.0,215.0,1856.0,0.0,1.0,13.0,0.0,0.0,1.0,0.0,0.0,238.0,255.0,1.0,0.0,0.01,0.0,0.0,0.0,0.0,77908.0
55.0,2.0,126.0,179.0,0.0,0.0,2.0,0.0,0.0,1.0,0.0,0.0,19.0,19.0,1.0,0.0,0.0,0.05,0.05,0.95,1.0,18080.0
19.0,9.0,0.0,5150823.0,0.0,0.0,1.0,0.0,0.0,1.0,0.0,0.0,7.0,7.0,1.0,0.0,0.0,0.0,0.0,0.0,1.0,124045.0
22.0,9.0,322.0,1713.0,0.0,1.0,11.0,0.0,0.0,1.0,0.0,0.0,255.0,255.0,1.0,0.0,0.0,0.0,0.0,0.0,0.0,87769.0
22.0,9.0,231.0,988.0,0.0,1.0,17.0,0.0,0.0,1.0,0.0,0.11,255.0,255.0,1.0,0.0,0.0,0.0,0.0,0.0,0.0,14080.0
49.0,9.0,1256.0,329.0,0.0,1.0,1.0,0.0,0.0,1.0,0.0,0.0,255.0,173.0,0.68,0.02,0.0,0.0,0.0,0.0,0.0,1806.0
49.0,9.0,2171.0,361.0,0.0,1.0,1.0,0.0,0.0,1.0,0.0,1.0,231.0,158.0,0.59,0.02,0.01,0.0,0.01,0.0,0.0,59638.0
22.0,1.0,0.0,0.0,0.0,0.0,1.0,0.0,0.0,1.0,0.0,0.0,2.0,255.0,1.0,0.0,0.08,0.0,0.0,0.94,0.0,91011.0
19.0,9.0,212.0,0.0,0.0,0.0,2.0,0.0,0.0,1.0,0.0,0.0,11.0,92.0,0.36,0.36,0.02,0.0,0.0,0.0,0.0,92873.0
22.0,9.0,223.0,866.0,0.0,1.0,11.0,0.0,0.0,1.0,0.0,0.0,53.0,255.0,1.0,0.0,0.02,0.0,0.0,0.0,0.0,12550.0
49.0,9.0,3503.0,339.0,0.0,1.0,1.0,0.0,0.0,1.0,0.0,0.0,88.0,197.0,0.69,0.03,0.01,0.0,0.0,0.0,0.0,18959.0
22.0,1.0,0.0,0.0,0.0,0.0,1.0,0.0,0.0,1.0,0.0,0.0,1.0,93.0,1.0,0.0,0.28,0.0,0.0,1.0,0.0,107319.0
22.0,9.0,238.0,215.0,0.0,1.0,9.0,0.0,0.0,1.0,0.0,0.15,44.0,255.0,1.0,0.0,0.03,0.0,0.0,0.0,0.0,71242.0
22.0,9.0,229.0,900.0,0.0,1.0,27.0,0.0,0.0,1.0,0.0,0.14,97.0,255.0,1.0,0.0,0.02,0.0,0.0,0.0,0.0,7742.0
40.0,9.0,146.0,105.0,0.0,0.0,1.0,0.0,0.0,1.0,0.0,0.0,255.0,1.0,0.0,0.53,0.0,0.0,0.0,0.0,0.0,13406.0
22.0,9.0,236.0,307.0,0.0,1.0,25.0,0.0,0.0,1.0,0.0,0.0,255.0,255.0,1.0,0.0,0.0,0.0,0.0,0.0,0.0,99001.0
11.0,9.0,44.0,127.0,0.0,0.0,235.0,0.0,0.0,1.0,0.01,0.01,237.0,198.0,0.84,0.01,0.0,0.0,0.0,0.0,0.0,35907.0
22.0,9.0,230.0,882.0,0.0,1.0,20.0,0.0,0.0,1.0,0.0,0.0,205.0,255.0,1.0,0.0,0.02,0.0,0.0,0.0,0.0,88114.0
22.0,9.0,218.0,2402.0,0.0,1.0,9.0,0.0,0.0,1.0,0.0,0.0,254.0,255.0,1.0,0.0,0.01,0.0,0.0,0.0,0.0,2028.0
11.0,9.0,46.0,76.0,0.0,0.0,105.0,0.0,0.0,1.0,0.0,0.03,255.0,229.0,0.9,0.01,0.0,0.0,0.0,0.0,0.0,29493.0
49.0,9.0,1873.0,341.0,0.0,1.0,1.0,0.0,0.0,1.0,0.0,1.0,176.0,123.0,0.5,0.03,0.02,0.0,0.0,0.0,0.0,63290.0
11.0,9.0,44.0,110.0,0.0,0.0,313.0,0.0,0.0,1.0,0.0,0.0,255.0,254.0,1.0,0.01,0.0,0.0,0.0,0.0,0.0,92616.0
22.0,9.0,297.0,5940.0,0.0,1.0,18.0,0.0,0.0,1.0,0.0,0.0,255.0,255.0,1.0,0.0,0.0,0.0,0.0,0.0,0.0,89671.0
44.0,9.0,215.0,0.0,0.0,0.0,1.0,0.0,0.0,1.0,0.0,0.0,135.0,111.0,0.82,0.01,0.0,0.0,0.0,0.0,1.0,101979.0
49.0,9.0,1801.0,334.0,0.0,1.0,1.0,0.0,0.0,1.0,0.0,0.0,67.0,165.0,0.81,0.07,0.01,0.0,0.0,0.0,0.0,46529.0
22.0,9.0,54540.0,8314.0,0.0,1.0,4.0,0.0,0.0,1.0,0.0,0.0,110.0,110.0,1.0,0.0,0.0,0.0,0.0,0.05,1.0,8820.0
22.0,9.0,217.0,330.0,0.0,1.0,17.0,0.0,0.0,1.0,0.0,0.11,255.0,255.0,1.0,0.0,0.0,0.0,0.0,0.0,0.0,64676.0
40.0,9.0,516.0,4.0,0.0,0.0,384.0,0.0,0.0,1.0,0.0,0.0,255.0,255.0,1.0,0.0,0.0,0.0,0.0,0.0,0.0,25639.0
11.0,9.0,45.0,73.0,0.0,0.0,111.0,0.0,0.0,1.0,0.0,0.0,255.0,254.0,1.0,0.01,0.0,0.0,0.0,0.0,0.0,42939.0
22.0,9.0,246.0,353.0,0.0,1.0,5.0,0.0,0.0,1.0,0.0,0.0,255.0,255.0,1.0,0.0,0.0,0.0,0.0,0.0,0.0,37984.0
40.0,9.0,516.0,4.0,0.0,0.0,451.0,0.0,0.0,1.0,0.0,0.0,255.0,255.0,1.0,0.0,0.0,0.0,0.0,0.0,0.0,87217.0
22.0,9.0,210.0,63203.0,0.0,1.0,3.0,0.0,0.0,1.0,0.0,0.0,6.0,255.0,1.0,0.0,0.02,0.17,0.0,0.0,0.0,74949.0
22.0,9.0,144.0,27576.0,0.0,1.0,1.0,0.0,0.0,1.0,0.0,0.0,255.0,255.0,1.0,0.0,0.0,0.0,0.0,0.0,0.0,87886.0
22.0,9.0,160.0,421.0,0.0,1.0,1.0,0.0,0.0,1.0,0.0,0.0,1.0,98.0,1.0,0.0,0.07,0.0,0.0,0.0,0.0,18394.0
22.0,9.0,290.0,930.0,0.0,1.0,4.0,0.25,0.25,1.0,0.0,0.0,255.0,255.0,1.0,0.0,0.0,0.0,0.0,0.0,0.0,125738.0
0.0,4.0,1096.0,6317.0,0.0,0.0,1.0,0.0,0.0,1.0,0.0,0.0,60.0,20.0,0.33,0.03,0.0,0.02,0.05,0.8,0.0,26749.0
49.0,9.0,906.0,330.0,0.0,1.0,1.0,0.0,0.0,1.0,0.0,0.0,255.0,140.0,0.55,0.01,0.0,0.0,0.0,0.0,0.0,94199.0
22.0,9.0,252.0,4838.0,0.0,1.0,10.0,0.0,0.0,1.0,0.0,0.0,75.0,255.0,1.0,0.0,0.02,0.0,0.0,0.0,0.0,112212.0
22.0,9.0,331.0,2935.0,0.0,1.0,14.0,0.0,0.0,1.0,0.0,0.0,98.0,255.0,1.0,0.0,0.01,0.0,0.0,0.0,0.0,124740.0
58.0,9.0,37.0,0.0,0.0,0.0,1.0,0.0,0.0,1.0,0.0,0.0,4.0,1.0,0.25,0.75,0.0,0.0,0.0,0.0,1.0,79164.0
22.0,9.0,246.0,9055.0,0.0,1.0,1.0,0.0,0.0,1.0,0.0,0.0,19.0,255.0,1.0,0.0,0.2,0.0,0.0,0.93,0.0,36077.0
22.0,9.0,297.0,2507.0,0.0,1.0,3.0,0.0,0.0,1.0,0.0,0.5,255.0,255.0,1.0,0.0,0.0,0.0,0.0,0.0,0.0,73030.0
22.0,9.0,300.0,5494.0,0.0,1.0,4.0,0.0,0.0,1.0,0.0,0.0,151.0,255.0,1.0,0.0,0.03,0.0,0.0,0.0,0.0,56091.0
22.0,9.0,308.0,12542.0,0.0,1.0,10.0,0.0,0.0,1.0,0.0,0.0,255.0,255.0,1.0,0.0,0.0,0.0,0.0,0.0,0.0,18318.0
44.0,9.0,105.0,146.0,0.0,0.0,2.0,0.0,0.0,1.0,0.0,0.0,255.0,241.0,0.95,0.01,0.0,0.0,0.0,0.0,0.0,16843.0
11.0,9.0,45.0,131.0,0.0,0.0,70.0,0.0,0.0,1.0,0.0,0.01,255.0,254.0,1.0,0.01,0.0,0.0,0.0,0.0,0.0,34863.0
19.0,9.0,383.0,0.0,0.0,0.0,2.0,0.0,0.0,1.0,0.0,0.0,3.0,27.0,1.0,0.0,0.07,0.0,0.0,0.0,0.0,114324.0
22.0,9.0,237.0,5038.0,0.0,1.0,16.0,0.0,0.0,1.0,0.0,0.0,207.0,255.0,1.0,0.0,0.02,0.0,0.01,0.0,0.0,83961.0
18.0,9.0,241.0,760.0,0.0,1.0,1.0,0.0,0.0,1.0,0.0,0.0,1.0,1.0,1.0,0.0,0.0,0.0,0.0,0.0,0.0,105514.0
11.0,9.0,44.0,153.0,0.0,0.0,73.0,0.0,0.0,1.0,0.0,0.01,255.0,255.0,1.0,0.0,0.0,0.0,0.0,0.0,0.0,50187.0
19.0,9.0,63.0,0.0,0.0,0.0,2.0,0.0,0.0,1.0,0.0,0.0,255.0,37.0,0.15,0.02,0.0,0.56,0.0,0.0,0.0,71945.0
22.0,9.0,211.0,20190.0,0.0,1.0,5.0,0.0,0.0,1.0,0.0,0.0,19.0,255.0,1.0,0.0,0.03,0.0,0.0,0.0,0.0,106161.0
18.0,9.0,1154.0,3380.0,0.0,1.0,1.0,0.0,0.0,1.0,0.0,0.0,118.0,30.0,0.25,0.03,0.0,0.0,0.0,0.0,0.0,103951.0
22.0,9.0,235.0,3443.0,0.0,1.0,15.0,0.0,0.0,1.0,0.0,0.0,255.0,255.0,1.0,0.0,0.0,0.0,0.0,0.0,0.0,124186.0
19.0,9.0,16115.0,0.0,0.0,0.0,15.0,0.0,0.0,1.0,0.0,0.0,255.0,86.0,0.34,0.02,0.0,0.0,0.0,0.0,0.0,62389.0
22.0,1.0,0.0,0.0,0.0,0.0,1.0,0.0,0.0,1.0,0.0,0.0,9.0,251.0,1.0,0.0,0.17,0.0,0.0,1.0,0.0,11163.0
22.0,9.0,294.0,2199.0,0.0,1.0,1.0,0.0,0.0,1.0,0.0,1.0,1.0,255.0,1.0,0.0,0.07,0.0,0.01,0.0,0.0,88987.0
19.0,9.0,319.0,0.0,0.0,1.0,2.0,0.0,0.0,1.0,0.0,0.0,110.0,16.0,0.05,0.04,0.12,0.0,0.0,0.0,0.0,33721.0
19.0,9.0,960.0,0.0,0.0,1.0,2.0,0.0,0.0,1.0,0.0,0.0,12.0,33.0,0.5,0.17,0.09,0.0,0.0,0.0,0.0,11038.0
22.0,9.0,303.0,4937.0,0.0,1.0,7.0,0.0,0.0,1.0,0.0,0.0,7.0,116.0,1.0,0.0,0.05,0.0,0.0,0.0,0.0,62085.0
22.0,9.0,224.0,5831.0,0.0,1.0,4.0,0.0,0.0,1.0,0.0,0.08,244.0,255.0,1.0,0.0,0.01,0.0,0.0,0.0,0.0,121471.0
11.0,9.0,46.0,134.0,0.0,0.0,149.0,0.0,0.0,1.0,0.0,0.0,255.0,254.0,1.0,0.01,0.0,0.0,0.0,0.0,0.0,12165.0
11.0,9.0,91.0,0.0,0.0,0.0,1.0,0.0,0.0,1.0,0.0,1.0,60.0,42.0,0.7,0.05,0.0,0.0,0.0,0.0,0.0,62189.0
22.0,9.0,252.0,913.0,0.0,1.0,14.0,0.0,0.0,1.0,0.0,0.0,123.0,255.0,1.0,0.0,0.02,0.0,0.0,0.0,0.0,15132.0
22.0,9.0,270.0,5465.0,0.0,1.0,1.0,0.0,0.0,1.0,0.0,0.4,31.0,255.0,1.0,0.0,0.07,0.0,0.01,0.0,0.0,120598.0
22.0,9.0,267.0,1897.0,0.0,1.0,1.0,0.0,0.0,1.0,0.0,0.67,8.0,255.0,1.0,0.0,0.01,0.0,0.0,0.0,0.0,64666.0
19.0,9.0,3775.0,0.0,0.0,0.0,21.0,0.0,0.0,1.0,0.0,0.0,206.0,97.0,0.47,0.03,0.0,0.0,0.0,0.0,0.0,114865.0
40.0,9.0,145.0,105.0,0.0,0.0,1.0,0.0,0.0,1.0,0.0,0.0,255.0,1.0,0.0,0.64,0.0,0.0,0.0,0.0,0.0,6098.0
19.0,9.0,4316.0,0.0,0.0,1.0,3.0,0.0,0.0,1.0,0.0,0.0,255.0,81.0,0.32,0.02,0.0,0.0,0.0,0.0,0.0,16146.0
49.0,9.0,1435.0,337.0,0.0,1.0,1.0,0.0,0.0,1.0,0.0,1.0,87.0,142.0,0.38,0.02,0.01,0.0,0.0,0.0,0.0,117887.0
22.0,1.0,0.0,0.0,0.0,0.0,1.0,0.0,0.0,1.0,0.0,0.0,152.0,129.0,0.85,0.03,0.0,0.0,0.0,1.0,0.0,100148.0
22.0,9.0,190.0,3712.0,0.0,1.0,4.0,0.0,0.0,1.0,0.0,0.0,255.0,255.0,1.0,0.0,0.0,0.0,0.0,0.0,0.0,43873.0
44.0,9.0,105.0,145.0,0.0,0.0,1.0,0.0,0.0,1.0,0.0,0.0,85.0,84.0,0.99,0.02,0.0,0.0,0.0,0.0,0.0,74161.0
18.0,9.0,1197.0,2447.0,0.0,1.0,1.0,0.0,0.0,1.0,0.0,0.0,255.0,68.0,0.27,0.02,0.0,0.0,0.0,0.0,1.0,15141.0
22.0,9.0,247.0,1656.0,0.0,1.0,11.0,0.0,0.0,1.0,0.0,0.15,255.0,255.0,1.0,0.0,0.0,0.0,0.0,0.0,0.0,13734.0
22.0,1.0,0.0,0.0,0.0,0.0,1.0,0.0,0.0,1.0,0.0,0.0,17.0,255.0,1.0,0.0,0.14,0.0,0.0,0.8,0.0,26792.0
22.0,9.0,290.0,483.0,0.0,1.0,16.0,0.0,0.0,1.0,0.0,0.0,255.0,255.0,1.0,0.0,0.0,0.0,0.0,0.0,0.0,23213.0
18.0,9.0,341.0,1072.0,0.0,1.0,1.0,0.0,0.0,1.0,0.0,0.0,1.0,1.0,1.0,0.0,0.0,0.0,0.0,0.0,0.0,4599.0
14.0,9.0,1480.0,0.0,1.0,0.0,16.0,0.0,0.0,1.0,0.0,0.0,255.0,17.0,0.07,0.08,0.0,0.55,0.0,0.0,1.0,57854.0
22.0,9.0,293.0,296.0,0.0,1.0,3.0,0.0,0.0,1.0,0.0,0.5,216.0,255.0,1.0,0.0,0.02,0.0,0.0,0.02,0.0,1551.0
22.0,9.0,180.0,1487.0,0.0,1.0,2.0,0.0,0.0,1.0,0.0,0.0,255.0,241.0,0.95,0.01,0.0,0.0,0.0,0.0,0.0,83968.0
14.0,9.0,1480.0,0.0,1.0,0.0,2.0,0.0,0.0,1.0,0.0,0.5,2.0,151.0,1.0,0.0,0.11,0.0,0.0,0.0,1.0,31165.0
11.0,9.0,44.0,131.0,0.0,0.0,23.0,0.0,0.0,0.96,0.09,0.0,255.0,255.0,1.0,0.0,0.0,0.0,0.0,0.0,0.0,9823.0
22.0,9.0,216.0,16904.0,0.0,1.0,6.0,0.0,0.0,1.0,0.0,0.0,72.0,255.0,1.0,0.0,0.05,0.0,0.0,0.0,0.0,7989.0
11.0,9.0,127.0,44.0,0.0,0.0,283.0,0.0,0.0,1.0,0.01,0.0,172.0,139.0,0.81,0.01,0.0,0.0,0.0,0.0,0.0,109036.0
22.0,9.0,234.0,540.0,0.0,1.0,2.0,0.0,0.0,1.0,0.0,0.16,255.0,255.0,1.0,0.0,0.0,0.0,0.0,0.0,0.0,87830.0
22.0,5.0,0.0,0.0,0.0,0.0,4.0,0.5,0.5,1.0,0.0,0.33,13.0,255.0,1.0,0.0,0.04,0.15,0.01,0.0,0.0,75750.0
22.0,9.0,234.0,744.0,0.0,1.0,2.0,0.0,0.0,1.0,0.0,0.0,2.0,255.0,1.0,0.0,0.06,0.0,0.0,0.0,0.0,40530.0
11.0,9.0,44.0,128.0,0.0,0.0,65.0,0.0,0.0,1.0,0.0,0.01,255.0,228.0,0.89,0.01,0.0,0.0,0.0,0.0,0.0,59442.0
22.0,9.0,276.0,4465.0,0.0,1.0,1.0,0.0,0.0,1.0,0.0,0.3,255.0,255.0,1.0,0.0,0.0,0.01,0.01,0.0,0.0,8947.0
22.0,9.0,245.0,453.0,0.0,1.0,2.0,0.0,0.0,1.0,0.0,0.17,255.0,255.0,1.0,0.0,0.0,0.0,0.0,0.0,0.0,20113.0
22.0,9.0,54540.0,8314.0,0.0,1.0,3.0,0.0,0.0,1.0,0.0,0.0,64.0,64.0,1.0,0.0,0.0,0.0,0.0,0.02,1.0,107999.0
58.0,9.0,111.0,0.0,0.0,0.0,2.0,0.0,0.0,0.5,1.0,0.0,72.0,4.0,0.06,0.03,0.0,0.0,0.0,0.0,0.0,58024.0
22.0,9.0,288.0,1308.0,0.0,1.0,13.0,0.0,0.0,1.0,0.0,0.18,13.0,255.0,1.0,0.0,0.06,0.0,0.0,0.0,0.0,8114.0
22.0,9.0,201.0,3026.0,0.0,1.0,12.0,0.0,0.0,1.0,0.0,0.08,12.0,255.0,1.0,0.0,0.04,0.0,0.0,0.0,0.0,5962.0
11.0,9.0,43.0,128.0,0.0,0.0,263.0,0.0,0.0,1.0,0.0,0.0,255.0,251.0,0.98,0.01,0.0,0.0,0.0,0.0,0.0,91889.0
22.0,9.0,325.0,827.0,0.0,1.0,26.0,0.0,0.0,1.0,0.0,0.0,255.0,255.0,1.0,0.0,0.0,0.0,0.0,0.0,0.0,88538.0
14.0,9.0,1480.0,0.0,1.0,0.0,2.0,0.0,0.0,1.0,0.0,0.5,2.0,151.0,1.0,0.0,0.08,0.0,0.0,0.0,1.0,37893.0
22.0,9.0,304.0,2013.0,0.0,1.0,2.0,0.0,0.0,1.0,0.0,0.0,97.0,94.0,0.97,0.02,0.0,0.0,0.0,0.0,0.0,61688.0
11.0,9.0,42.0,126.0,0.0,0.0,306.0,0.0,0.0,1.0,0.01,0.0,195.0,162.0,0.83,0.01,0.0,0.0,0.0,0.0,0.0,77093.0
11.0,9.0,46.0,137.0,0.0,0.0,117.0,0.0,0.0,1.0,0.0,0.01,255.0,254.0,1.0,0.01,0.0,0.0,0.0,0.0,0.0,80116.0
22.0,9.0,331.0,6162.0,0.0,1.0,7.0,0.0,0.0,1.0,0.0,0.0,7.0,255.0,1.0,0.0,0.02,0.0,0.0,0.0,0.0,23728.0
22.0,9.0,288.0,844.0,0.0,1.0,10.0,0.0,0.0,1.0,0.0,0.11,130.0,255.0,1.0,0.0,0.01,0.0,0.0,0.0,0.0,74955.0
49.0,9.0,2085.0,325.0,0.0,1.0,1.0,0.0,0.0,1.0,0.0,1.0,151.0,71.0,0.47,0.02,0.0,0.0,0.0,0.0,0.0,74655.0
22.0,9.0,309.0,1284.0,0.0,1.0,4.0,0.0,0.0,1.0,0.0,0.28,4.0,255.0,1.0,0.0,0.03,0.0,0.0,0.0,0.0,30248.0
11.0,9.0,44.0,130.0,0.0,0.0,66.0,0.0,0.0,1.0,0.0,0.01,255.0,254.0,1.0,0.01,0.0,0.0,0.0,0.0,0.0,82514.0
19.0,9.0,1214.0,0.0,0.0,0.0,2.0,0.0,0.0,1.0,0.0,0.0,71.0,36.0,0.2,0.06,0.06,0.0,0.0,0.0,0.0,99839.0
11.0,9.0,46.0,46.0,0.0,0.0,183.0,0.0,0.0,1.0,0.0,0.0,255.0,255.0,1.0,0.0,0.0,0.0,0.0,0.0,0.0,61409.0
42.0,9.0,66.0,5036.0,0.0,1.0,1.0,0.0,0.0,1.0,0.0,0.0,255.0,4.0,0.02,0.1,0.0,0.02,0.0,0.0,0.0,27789.0
22.0,9.0,291.0,2333.0,0.0,1.0,7.0,0.0,0.0,1.0,0.0,0.0,7.0,255.0,1.0,0.0,0.04,0.0,0.0,0.0,0.0,104466.0
22.0,1.0,0.0,0.0,0.0,0.0,2.0,0.0,0.0,0.5,1.0,0.0,100.0,90.0,0.9,0.03,0.0,0.0,0.0,1.0,0.0,45417.0
22.0,9.0,308.0,2698.0,0.0,1.0,4.0,0.0,0.0,1.0,0.0,0.0,255.0,211.0,0.83,0.02,0.0,0.0,0.0,0.0,0.0,71809.0
22.0,9.0,164.0,3687.0,0.0,1.0,2.0,0.0,0.0,1.0,0.0,0.0,25.0,255.0,1.0,0.0,0.04,0.0,0.0,0.0,0.0,84460.0
49.0,9.0,1044.0,323.0,0.0,1.0,1.0,0.0,0.0,1.0,0.0,0.0,221.0,167.0,0.76,0.02,0.0,0.0,0.0,0.0,0.0,68910.0
22.0,9.0,312.0,1000.0,0.0,1.0,6.0,0.0,0.0,1.0,0.0,0.09,131.0,255.0,1.0,0.0,0.03,0.0,0.0,0.0,0.0,54838.0
40.0,9.0,516.0,4.0,0.0,0.0,256.0,0.0,0.0,1.0,0.0,0.0,255.0,255.0,1.0,0.0,0.0,0.0,0.0,0.0,0.0,118028.0
40.0,9.0,147.0,105.0,0.0,0.0,1.0,0.0,0.0,1.0,0.0,0.0,255.0,2.0,0.01,0.65,0.0,0.0,0.0,0.0,0.0,85669.0
22.0,9.0,323.0,598.0,0.0,1.0,9.0,0.0,0.0,1.0,0.0,0.09,143.0,255.0,1.0,0.0,0.02,0.0,0.0,0.0,0.0,4078.0
22.0,9.0,152.0,2570.0,0.0,1.0,1.0,0.0,0.0,1.0,0.0,0.0,62.0,255.0,1.0,0.0,0.03,0.0,0.0,0.0,0.0,57751.0
11.0,9.0,44.0,44.0,0.0,0.0,3.0,0.0,0.0,0.33,0.67,0.5,85.0,82.0,0.96,0.02,0.0,0.0,0.0,0.0,0.0,105427.0
22.0,9.0,188.0,4051.0,0.0,1.0,1.0,0.0,0.0,1.0,0.0,0.0,39.0,255.0,1.0,0.0,0.05,0.0,0.0,0.0,0.0,78001.0
22.0,9.0,340.0,880.0,0.0,1.0,5.0,0.0,0.0,1.0,0.0,0.0,35.0,255.0,1.0,0.0,0.05,0.0,0.0,0.0,0.0,34602.0
22.0,9.0,191.0,318.0,0.0,1.0,4.0,0.25,0.25,1.0,0.0,0.0,255.0,255.0,1.0,0.0,0.0,0.0,0.0,0.0,0.0,90151.0
22.0,9.0,206.0,5173.0,0.0,1.0,1.0,0.0,0.0,1.0,0.0,0.0,28.0,255.0,1.0,0.0,0.02,0.0,0.0,0.0,0.0,101291.0
22.0,9.0,267.0,1206.0,0.0,1.0,11.0,0.0,0.0,1.0,0.0,0.0,255.0,255.0,1.0,0.0,0.0,0.0,0.0,0.0,0.0,37681.0
49.0,9.0,13891.0,328.0,0.0,1.0,1.0,0.0,0.0,1.0,0.0,0.0,25.0,131.0,0.12,0.08,0.02,0.0,0.0,0.0,0.0,2466.0
11.0,9.0,46.0,92.0,0.0,0.0,110.0,0.0,0.0,1.0,0.0,0.03,255.0,255.0,1.0,0.0,0.0,0.0,0.0,0.0,0.0,105470.0
22.0,9.0,266.0,549.0,0.0,1.0,1.0,0.0,0.0,1.0,0.0,0.0,4.0,255.0,1.0,0.0,0.03,0.0,0.0,0.0,0.0,90338.0
22.0,9.0,299.0,2232.0,0.0,1.0,4.0,0.0,0.0,1.0,0.0,0.0,30.0,255.0,1.0,0.0,0.06,0.0,0.0,0.0,0.0,86769.0
22.0,9.0,219.0,1448.0,0.0,1.0,34.0,0.0,0.0,1.0,0.0,0.06,34.0,255.0,1.0,0.0,0.04,0.0,0.0,0.0,0.0,98823.0
22.0,9.0,325.0,1390.0,0.0,1.0,8.0,0.0,0.0,1.0,0.0,0.0,255.0,255.0,1.0,0.0,0.0,0.0,0.0,0.0,0.0,37309.0
22.0,9.0,289.0,486.0,0.0,1.0,35.0,0.0,0.0,1.0,0.0,0.11,255.0,255.0,1.0,0.0,0.0,0.0,0.0,0.0,0.0,42570.0
22.0,9.0,181.0,12835.0,0.0,1.0,1.0,0.0,0.0,1.0,0.0,0.0,58.0,255.0,1.0,0.0,0.02,0.0,0.0,0.0,0.0,17998.0
22.0,9.0,215.0,10360.0,0.0,1.0,7.0,0.0,0.0,1.0,0.0,0.0,163.0,255.0,1.0,0.0,0.02,0.0,0.0,0.0,0.0,70711.0
22.0,9.0,304.0,511.0,0.0,1.0,9.0,0.0,0.0,1.0,0.0,0.27,81.0,255.0,1.0,0.0,0.03,0.0,0.0,0.0,0.0,22057.0
49.0,9.0,49787.0,320.0,0.0,1.0,1.0,0.0,0.0,1.0,0.0,1.0,85.0,146.0,0.28,0.05,0.01,0.01,0.01,0.0,0.0,88872.0
49.0,9.0,2393.0,385.0,0.0,1.0,1.0,0.0,0.0,1.0,0.0,0.0,255.0,81.0,0.32,0.05,0.0,0.33,0.0,0.0,0.0,121642.0
22.0,9.0,204.0,3006.0,0.0,1.0,8.0,0.0,0.0,1.0,0.0,0.22,166.0,255.0,1.0,0.0,0.01,0.0,0.0,0.0,0.0,104519.0
19.0,9.0,19.0,0.0,0.0,1.0,1.0,0.0,0.0,1.0,0.0,0.0,255.0,60.0,0.24,0.02,0.0,0.61,0.65,0.0,0.0,110214.0
22.0,9.0,202.0,698.0,0.0,1.0,14.0,0.0,0.0,1.0,0.0,0.0,57.0,255.0,1.0,0.0,0.03,0.0,0.0,0.0,0.0,5952.0
22.0,9.0,285.0,17602.0,0.0,1.0,24.0,0.0,0.0,1.0,0.0,0.0,255.0,255.0,1.0,0.0,0.0,0.0,0.0,0.0,0.0,100510.0
22.0,9.0,194.0,26992.0,0.0,1.0,3.0,0.0,0.0,1.0,0.0,0.17,13.0,255.0,1.0,0.0,0.05,0.0,0.0,0.0,0.0,118205.0
22.0,9.0,229.0,660.0,0.0,1.0,2.0,0.0,0.0,1.0,0.0,0.0,73.0,255.0,1.0,0.0,0.02,0.0,0.0,0.0,0.0,119256.0
22.0,1.0,0.0,0.0,0.0,0.0,1.0,0.0,0.0,1.0,0.0,0.0,58.0,241.0,1.0,0.0,0.16,0.0,0.0,0.93,0.0,122870.0
49.0,9.0,2559.0,327.0,0.0,1.0,1.0,0.0,0.0,1.0,0.0,0.0,255.0,137.0,0.54,0.03,0.0,0.0,0.01,0.0,0.0,38111.0
19.0,9.0,11.0,0.0,0.0,1.0,2.0,0.0,0.0,1.0,0.0,0.0,12.0,107.0,0.33,0.25,0.03,0.0,0.01,0.0,0.0,121964.0
18.0,9.0,240.0,774.0,0.0,1.0,1.0,0.0,0.0,1.0,0.0,0.0,158.0,27.0,0.17,0.45,0.0,0.0,0.0,0.04,0.0,96715.0
11.0,9.0,46.0,83.0,0.0,0.0,214.0,0.0,0.0,1.0,0.0,0.0,255.0,250.0,0.98,0.01,0.0,0.0,0.0,0.0,0.0,55715.0
11.0,9.0,33.0,95.0,0.0,0.0,2.0,0.0,0.0,1.0,0.0,0.0,232.0,171.0,0.74,0.02,0.0,0.0,0.0,0.0,0.0,79292.0
49.0,9.0,1530.0,406.0,0.0,1.0,1.0,0.0,0.0,1.0,0.0,0.0,70.0,118.0,0.73,0.06,0.02,0.0,0.0,0.0,0.0,76438.0
11.0,9.0,44.0,151.0,0.0,0.0,67.0,0.0,0.0,1.0,0.0,0.01,255.0,255.0,1.0,0.0,0.0,0.0,0.0,0.0,0.0,63086.0
22.0,9.0,252.0,2783.0,0.0,1.0,10.0,0.0,0.0,1.0,0.0,0.0,255.0,255.0,1.0,0.0,0.0,0.0,0.0,0.0,0.0,115694.0
13.0,9.0,30.0,0.0,0.0,0.0,2.0,0.0,0.0,1.0,0.0,0.0,220.0,220.0,1.0,0.0,0.0,0.0,0.0,0.0,0.0,6313.0
22.0,9.0,332.0,11785.0,0.0,1.0,24.0,0.0,0.0,1.0,0.0,0.15,255.0,255.0,1.0,0.0,0.0,0.0,0.0,0.0,0.0,69021.0
22.0,9.0,309.0,412.0,0.0,1.0,5.0,0.0,0.1,1.0,0.0,0.4,255.0,255.0,1.0,0.0,0.0,0.0,0.0,0.0,0.0,71499.0
19.0,9.0,26.0,0.0,0.0,1.0,1.0,0.0,0.0,1.0,0.0,0.0,195.0,41.0,0.21,0.02,0.0,0.0,0.0,0.0,0.0,9779.0
22.0,9.0,246.0,18079.0,0.0,1.0,1.0,0.0,0.0,1.0,0.0,0.0,255.0,233.0,0.91,0.02,0.0,0.0,0.0,0.0,0.0,112213.0
22.0,9.0,294.0,2335.0,0.0,1.0,27.0,0.0,0.0,1.0,0.0,0.1,255.0,255.0,1.0,0.0,0.0,0.0,0.0,0.0,0.0,117038.0
22.0,9.0,221.0,6542.0,0.0,1.0,6.0,0.0,0.0,1.0,0.0,0.25,6.0,255.0,1.0,0.0,0.04,0.0,0.0,0.0,0.0,82569.0
19.0,9.0,1199.0,0.0,0.0,1.0,1.0,0.0,0.0,1.0,0.0,0.0,255.0,107.0,0.42,0.03,0.0,0.01,0.01,0.0,0.0,76928.0
22.0,9.0,200.0,253.0,0.0,1.0,7.0,0.0,0.0,1.0,0.0,0.0,7.0,255.0,1.0,0.0,0.01,0.0,0.0,0.0,0.0,14121.0
40.0,9.0,8173.0,0.0,0.0,1.0,2.0,0.0,0.0,0.5,1.0,0.0,43.0,1.0,0.02,0.42,0.0,0.02,0.0,0.0,0.0,30161.0
22.0,9.0,368.0,9864.0,0.0,1.0,8.0,0.0,0.0,1.0,0.0,0.2,191.0,255.0,1.0,0.0,0.02,0.01,0.0,0.0,0.0,114771.0
22.0,9.0,306.0,788.0,0.0,1.0,8.0,0.0,0.0,1.0,0.0,0.0,255.0,255.0,1.0,0.0,0.0,0.0,0.0,0.0,0.0,62657.0
40.0,9.0,516.0,4.0,0.0,0.0,400.0,0.0,0.0,1.0,0.0,0.0,255.0,255.0,1.0,0.0,0.0,0.0,0.0,0.0,0.0,100251.0
22.0,9.0,236.0,5549.0,0.0,1.0,5.0,0.0,0.0,1.0,0.0,0.33,71.0,255.0,1.0,0.0,0.04,0.0,0.0,0.0,0.0,29490.0
19.0,9.0,748.0,0.0,0.0,1.0,1.0,0.0,0.0,1.0,0.0,0.0,91.0,41.0,0.45,0.13,0.0,0.01,0.02,0.0,0.0,19555.0
49.0,9.0,661.0,329.0,0.0,1.0,1.0,0.0,0.0,1.0,0.0,0.0,163.0,69.0,0.36,0.02,0.03,0.0,0.0,0.0,0.0,183.0
22.0,9.0,310.0,3438.0,0.0,1.0,9.0,0.0,0.0,1.0,0.0,0.08,161.0,255.0,1.0,0.0,0.05,0.0,0.0,0.0,0.0,92652.0
11.0,9.0,43.0,135.0,0.0,0.0,95.0,0.0,0.0,1.0,0.0,0.01,255.0,255.0,1.0,0.0,0.0,0.0,0.0,0.0,0.0,18429.0
49.0,9.0,1564.0,364.0,0.0,1.0,1.0,0.0,0.0,1.0,0.0,1.0,22.0,172.0,0.73,0.18,0.02,0.0,0.0,0.0,0.0,7792.0
22.0,9.0,241.0,8823.0,0.0,1.0,33.0,0.0,0.0,1.0,0.0,0.0,147.0,255.0,1.0,0.0,0.02,0.0,0.0,0.0,0.0,39804.0
55.0,2.0,126.0,179.0,0.0,0.0,1.0,0.0,0.0,1.0,0.0,0.0,30.0,30.0,1.0,0.0,0.0,0.07,0.07,0.93,1.0,109501.0
19.0,9.0,383.0,0.0,0.0,1.0,2.0,0.0,0.0,1.0,0.0,0.0,255.0,103.0,0.4,0.02,0.0,0.0,0.0,0.0,0.0,51430.0
40.0,9.0,516.0,4.0,0.0,0.0,456.0,0.0,0.0,1.0,0.0,0.0,255.0,255.0,1.0,0.0,0.0,0.0,0.0,0.0,0.0,10490.0
22.0,9.0,143.0,9531.0,0.0,1.0,2.0,0.0,0.0,1.0,0.0,0.0,31.0,255.0,1.0,0.0,0.04,0.0,0.0,0.04,0.0,93737.0
19.0,9.0,8766.0,0.0,0.0,1.0,2.0,0.0,0.0,1.0,0.0,0.67,135.0,26.0,0.19,0.04,0.0,0.0,0.0,0.0,0.0,72278.0
40.0,9.0,113.0,0.0,0.0,0.0,15.0,0.0,0.0,0.93,0.13,0.0,255.0,14.0,0.05,0.57,0.0,0.0,0.0,0.0,0.0,17144.0
11.0,9.0,42.0,42.0,0.0,0.0,13.0,0.0,0.0,1.0,0.0,0.14,255.0,233.0,0.91,0.01,0.0,0.0,0.0,0.0,0.0,32826.0
22.0,4.0,36256.0,5840.0,0.0,1.0,2.0,0.0,0.0,1.0,0.0,0.0,255.0,255.0,1.0,0.0,0.0,0.0,0.0,0.04,1.0,24345.0
22.0,9.0,209.0,8843.0,0.0,1.0,1.0,0.0,0.0,1.0,0.0,0.75,2.0,255.0,1.0,0.0,0.03,0.0,0.0,0.0,0.0,8936.0
11.0,9.0,44.0,115.0,0.0,0.0,2.0,0.0,0.0,1.0,0.0,0.4,255.0,248.0,0.97,0.01,0.0,0.0,0.0,0.0,0.0,38166.0
22.0,9.0,350.0,719.0,0.0,1.0,41.0,0.0,0.0,1.0,0.0,0.0,255.0,255.0,1.0,0.0,0.0,0.0,0.0,0.0,0.0,4253.0
22.0,9.0,248.0,766.0,0.0,1.0,8.0,0.0,0.0,1.0,0.0,0.38,255.0,255.0,1.0,0.0,0.0,0.0,0.0,0.0,0.0,18106.0
55.0,9.0,84.0,153.0,0.0,0.0,1.0,0.0,0.0,1.0,0.0,0.0,255.0,1.0,0.0,0.02,0.0,0.0,0.0,0.0,0.0,34563.0
11.0,9.0,45.0,78.0,0.0,0.0,128.0,0.0,0.0,1.0,0.0,0.02,255.0,225.0,0.88,0.01,0.0,0.0,0.0,0.0,0.0,56445.0
22.0,9.0,258.0,471.0,0.0,1.0,17.0,0.0,0.0,1.0,0.0,0.0,78.0,255.0,1.0,0.0,0.03,0.0,0.0,0.0,0.0,18872.0
22.0,9.0,346.0,3317.0,0.0,1.0,27.0,0.0,0.0,1.0,0.0,0.0,152.0,255.0,1.0,0.0,0.01,0.0,0.0,0.0,0.0,34801.0
11.0,9.0,45.0,45.0,0.0,0.0,283.0,0.0,0.0,1.0,0.0,0.0,255.0,254.0,1.0,0.01,0.0,0.0,0.0,0.0,0.0,39857.0
55.0,2.0,126.0,179.0,0.0,0.0,2.0,0.0,0.0,1.0,0.0,0.0,18.0,18.0,1.0,0.0,0.0,0.06,0.06,0.94,1.0,124825.0
13.0,9.0,30.0,0.0,0.0,0.0,1.0,0.0,0.0,1.0,0.0,0.0,10.0,116.0,1.0,0.0,0.47,0.0,0.0,0.0,0.0,97977.0
11.0,9.0,45.0,131.0,0.0,0.0,70.0,0.0,0.0,1.0,0.0,0.01,255.0,239.0,0.94,0.01,0.0,0.0,0.0,0.0,0.0,14733.0
11.0,9.0,30.0,0.0,0.0,0.0,1.0,0.0,0.0,1.0,0.0,1.0,120.0,12.0,0.1,0.05,0.0,0.01,0.0,0.0,0.0,107859.0
11.0,9.0,44.0,44.0,0.0,0.0,125.0,0.0,0.0,0.99,0.02,0.02,255.0,254.0,1.0,0.01,0.0,0.0,0.0,0.0,0.0,115135.0
22.0,9.0,298.0,321.0,0.0,1.0,2.0,0.5,0.5,1.0,0.0,0.0,244.0,255.0,1.0,0.0,0.01,0.0,0.0,0.0,0.0,3068.0
22.0,9.0,330.0,16212.0,0.0,1.0,13.0,0.0,0.0,1.0,0.0,0.0,255.0,255.0,1.0,0.0,0.0,0.0,0.0,0.0,0.0,36762.0
49.0,9.0,1784.0,339.0,0.0,1.0,2.0,0.0,0.0,1.0,0.0,0.75,44.0,232.0,0.98,0.05,0.01,0.0,0.0,0.0,0.0,18744.0
58.0,9.0,182.0,0.0,0.0,0.0,2.0,0.0,0.0,0.5,1.0,0.0,255.0,6.0,0.02,0.01,0.0,0.0,0.0,0.0,0.0,4471.0
22.0,9.0,209.0,2401.0,0.0,1.0,16.0,0.0,0.0,1.0,0.0,0.1,65.0,255.0,1.0,0.0,0.13,0.0,0.0,0.76,0.0,74555.0
22.0,9.0,202.0,24322.0,0.0,1.0,6.0,0.0,0.0,1.0,0.0,0.29,28.0,255.0,1.0,0.0,0.02,0.0,0.0,0.0,0.0,70867.0
49.0,9.0,636.0,327.0,0.0,1.0,1.0,0.0,0.0,1.0,0.0,0.0,234.0,81.0,0.35,0.03,0.0,0.0,0.0,0.0,0.0,96120.0
40.0,9.0,145.0,0.0,0.0,0.0,9.0,0.0,0.0,0.11,0.22,0.0,255.0,1.0,0.0,0.62,0.0,0.0,0.0,0.0,0.0,44920.0
49.0,9.0,2753.0,333.0,0.0,1.0,1.0,0.0,0.0,1.0,0.0,1.0,160.0,87.0,0.54,0.03,0.0,0.0,0.0,0.0,0.0,83476.0
22.0,9.0,261.0,788.0,0.0,1.0,9.0,0.0,0.0,1.0,0.0,0.0,255.0,255.0,1.0,0.0,0.0,0.0,0.0,0.0,0.0,38513.0
22.0,9.0,313.0,890.0,0.0,1.0,5.0,0.0,0.0,1.0,0.0,0.36,255.0,255.0,1.0,0.0,0.0,0.0,0.0,0.0,0.0,29921.0
11.0,9.0,43.0,43.0,0.0,0.0,159.0,0.0,0.0,0.99,0.01,0.01,255.0,254.0,1.0,0.01,0.0,0.0,0.0,0.0,0.0,98303.0
22.0,9.0,54540.0,8314.0,0.0,1.0,4.0,0.0,0.0,1.0,0.0,0.0,23.0,23.0,1.0,0.0,0.0,0.0,0.0,0.35,1.0,81823.0
55.0,4.0,197.0,5339.0,0.0,1.0,1.0,0.0,0.0,1.0,0.0,0.0,80.0,4.0,0.05,0.08,0.0,0.03,0.25,0.25,0.0,73694.0
22.0,9.0,241.0,3776.0,0.0,1.0,8.0,0.0,0.0,1.0,0.0,0.0,37.0,255.0,1.0,0.0,0.03,0.0,0.0,0.0,0.0,105921.0
22.0,9.0,214.0,3337.0,0.0,1.0,1.0,0.0,0.0,1.0,0.0,1.0,1.0,204.0,1.0,0.0,0.06,0.0,0.0,0.0,0.0,116257.0
49.0,9.0,1740.0,335.0,0.0,1.0,2.0,0.0,0.0,1.0,0.0,0.0,60.0,131.0,0.27,0.07,0.02,0.0,0.0,0.0,0.0,48498.0
40.0,9.0,146.0,105.0,0.0,0.0,1.0,0.0,0.0,1.0,0.0,0.0,255.0,1.0,0.0,0.73,0.0,0.0,0.0,0.0,0.0,5486.0
22.0,9.0,218.0,310.0,0.0,1.0,15.0,0.0,0.0,1.0,0.0,0.09,15.0,255.0,1.0,0.0,0.06,0.0,0.0,0.0,0.0,35644.0
22.0,9.0,358.0,2321.0,0.0,1.0,3.0,0.0,0.0,1.0,0.0,0.25,21.0,255.0,1.0,0.0,0.04,0.0,0.0,0.0,0.0,103070.0
49.0,9.0,810.0,327.0,0.0,1.0,1.0,0.0,0.0,1.0,0.0,0.0,156.0,106.0,0.67,0.03,0.02,0.0,0.0,0.0,0.0,124019.0
11.0,9.0,42.0,42.0,0.0,0.0,15.0,0.0,0.0,1.0,0.0,0.12,255.0,255.0,1.0,0.0,0.0,0.0,0.0,0.0,0.0,79870.0
22.0,9.0,311.0,1572.0,0.0,1.0,10.0,0.0,0.0,1.0,0.0,0.0,99.0,255.0,1.0,0.0,0.04,0.0,0.0,0.0,0.0,21985.0
19.0,9.0,12286.0,0.0,0.0,1.0,3.0,0.0,0.0,1.0,0.0,0.0,255.0,113.0,0.44,0.05,0.0,0.01,0.02,0.0,0.0,84653.0
44.0,9.0,207.0,0.0,0.0,0.0,2.0,0.0,0.0,1.0,0.0,0.0,184.0,152.0,0.83,0.01,0.0,0.0,0.0,0.0,1.0,87639.0
22.0,9.0,210.0,1124.0,0.0,1.0,4.0,0.0,0.0,1.0,0.0,0.0,36.0,255.0,1.0,0.0,0.05,0.0,0.0,0.0,0.0,33539.0
22.0,9.0,54540.0,8314.0,0.0,1.0,4.0,0.0,0.0,1.0,0.0,0.0,149.0,149.0,1.0,0.0,0.0,0.0,0.0,0.06,1.0,102424.0
11.0,9.0,135.0,45.0,0.0,0.0,240.0,0.0,0.0,1.0,0.01,0.0,129.0,96.0,0.74,0.02,0.0,0.0,0.0,0.0,0.0,96248.0
22.0,9.0,237.0,138.0,0.0,1.0,2.0,0.0,0.0,1.0,0.0,0.0,2.0,2.0,1.0,0.0,0.0,0.0,0.0,0.0,0.0,132.0
49.0,9.0,1534.0,401.0,0.0,1.0,1.0,0.0,0.0,1.0,0.0,0.0,255.0,54.0,0.21,0.06,0.0,0.53,0.0,0.0,0.0,15775.0
22.0,9.0,328.0,294.0,0.0,1.0,2.0,0.0,0.0,1.0,0.0,0.0,255.0,255.0,1.0,0.0,0.0,0.0,0.0,0.0,0.0,55124.0
22.0,9.0,143.0,5691.0,0.0,1.0,1.0,0.0,0.0,1.0,0.0,0.0,1.0,255.0,1.0,0.0,0.02,0.0,0.01,0.0,0.0,38836.0
19.0,9.0,259.0,0.0,0.0,0.0,3.0,0.0,0.0,0.67,0.67,0.0,255.0,89.0,0.35,0.08,0.0,0.0,0.01,0.0,0.0,2384.0
40.0,9.0,147.0,105.0,0.0,0.0,1.0,0.0,0.0,1.0,0.0,0.0,255.0,1.0,0.0,0.63,0.0,0.0,0.0,0.0,0.0,50709.0
11.0,9.0,33.0,0.0,0.0,0.0,1.0,0.0,0.0,1.0,0.0,1.0,255.0,22.0,0.09,0.06,0.0,0.01,0.0,0.0,0.0,80078.0
40.0,9.0,147.0,105.0,0.0,0.0,1.0,0.0,0.0,1.0,0.0,0.0,255.0,1.0,0.0,0.56,0.0,0.0,0.0,0.0,0.0,59492.0
22.0,9.0,309.0,3928.0,0.0,1.0,9.0,0.0,0.0,1.0,0.0,0.0,109.0,145.0,1.0,0.0,0.01,0.0,0.0,0.0,0.0,15507.0
22.0,1.0,0.0,0.0,0.0,0.0,1.0,0.0,0.0,1.0,0.0,1.0,43.0,255.0,1.0,0.0,0.07,0.0,0.0,0.97,0.0,554.0
22.0,9.0,305.0,3222.0,0.0,1.0,3.0,0.0,0.0,1.0,0.0,0.5,255.0,247.0,0.97,0.01,0.0,0.0,0.0,0.02,0.0,74625.0
22.0,9.0,227.0,608.0,0.0,1.0,14.0,0.0,0.0,1.0,0.0,0.06,255.0,255.0,1.0,0.0,0.0,0.0,0.0,0.0,0.0,107708.0
22.0,9.0,342.0,285.0,0.0,1.0,4.0,0.0,0.0,1.0,0.0,0.0,137.0,124.0,0.91,0.02,0.0,0.0,0.0,0.0,0.0,105428.0
22.0,9.0,235.0,8760.0,0.0,1.0,4.0,0.0,0.0,1.0,0.0,0.4,189.0,255.0,1.0,0.0,0.03,0.0,0.0,0.0,0.0,55389.0
22.0,9.0,306.0,574.0,0.0,1.0,1.0,0.0,0.0,1.0,0.0,0.0,8.0,255.0,1.0,0.0,0.02,0.0,0.01,0.02,0.0,22600.0
22.0,9.0,261.0,7718.0,0.0,1.0,36.0,0.0,0.0,1.0,0.0,0.0,255.0,255.0,1.0,0.0,0.0,0.0,0.0,0.0,0.0,101435.0
22.0,1.0,0.0,0.0,0.0,0.0,1.0,0.0,0.0,1.0,0.0,0.0,5.0,85.0,1.0,0.0,0.14,0.0,0.0,1.0,0.0,105492.0
49.0,9.0,1475.0,387.0,0.0,1.0,2.0,0.0,0.0,0.5,1.0,0.0,255.0,19.0,0.07,0.06,0.0,0.85,0.0,0.0,0.0,51317.0
22.0,1.0,0.0,0.0,0.0,0.0,12.0,0.0,0.0,1.0,0.0,0.0,12.0,255.0,1.0,0.0,0.01,0.0,0.0,0.04,0.0,111532.0
11.0,9.0,44.0,44.0,0.0,0.0,84.0,0.0,0.0,1.0,0.0,0.01,255.0,250.0,0.98,0.01,0.0,0.0,0.0,0.0,0.0,83588.0
22.0,9.0,274.0,12679.0,0.0,1.0,4.0,0.0,0.0,1.0,0.0,0.4,110.0,255.0,1.0,0.0,0.03,0.0,0.0,0.0,0.0,34874.0
11.0,9.0,44.0,74.0,0.0,0.0,166.0,0.0,0.0,1.0,0.0,0.0,255.0,227.0,0.89,0.01,0.0,0.0,0.0,0.0,0.0,71271.0
11.0,9.0,46.0,129.0,0.0,0.0,77.0,0.0,0.0,1.0,0.0,0.02,217.0,196.0,0.82,0.01,0.01,0.0,0.0,0.0,0.0,46738.0
11.0,9.0,45.0,128.0,0.0,0.0,25.0,0.0,0.0,1.0,0.0,0.02,255.0,255.0,1.0,0.0,0.0,0.0,0.0,0.0,0.0,92996.0
22.0,9.0,373.0,418.0,0.0,1.0,19.0,0.0,0.0,1.0,0.0,0.0,255.0,255.0,1.0,0.0,0.0,0.0,0.0,0.0,0.0,51182.0
11.0,9.0,112.0,36.0,0.0,0.0,3.0,0.0,0.0,1.0,0.0,0.4,77.0,58.0,0.75,0.03,0.0,0.0,0.0,0.0,0.0,106152.0
22.0,9.0,353.0,2619.0,0.0,1.0,10.0,0.0,0.0,1.0,0.0,0.18,158.0,255.0,1.0,0.0,0.01,0.0,0.0,0.0,0.0,44096.0
22.0,9.0,205.0,663.0,0.0,1.0,5.0,0.0,0.0,1.0,0.0,0.22,148.0,255.0,1.0,0.0,0.03,0.0,0.0,0.0,0.0,103750.0
19.0,9.0,1874.0,0.0,0.0,0.0,6.0,0.0,0.0,1.0,0.0,0.0,108.0,68.0,0.23,0.05,0.03,0.0,0.0,0.0,0.0,93336.0
22.0,9.0,298.0,8673.0,0.0,1.0,5.0,0.0,0.0,1.0,0.0,0.0,255.0,255.0,1.0,0.0,0.0,0.0,0.0,0.0,0.0,33077.0
22.0,9.0,235.0,2698.0,0.0,1.0,2.0,0.5,0.5,1.0,0.0,0.0,255.0,241.0,0.95,0.01,0.0,0.0,0.0,0.0,0.0,108710.0
22.0,9.0,243.0,7333.0,0.0,1.0,29.0,0.0,0.0,1.0,0.0,0.07,255.0,255.0,1.0,0.0,0.0,0.0,0.0,0.0,0.0,100004.0
22.0,9.0,213.0,1750.0,0.0,1.0,33.0,0.0,0.0,1.0,0.0,0.05,98.0,255.0,1.0,0.0,0.01,0.0,0.0,0.0,0.0,124155.0
22.0,9.0,196.0,527.0,0.0,1.0,41.0,0.0,0.0,1.0,0.0,0.0,255.0,255.0,1.0,0.0,0.0,0.0,0.0,0.0,0.0,59786.0
22.0,9.0,188.0,313.0,0.0,1.0,10.0,0.0,0.0,1.0,0.0,0.15,255.0,255.0,1.0,0.0,0.0,0.0,0.0,0.0,0.0,93723.0
22.0,9.0,342.0,2153.0,0.0,1.0,9.0,0.0,0.0,1.0,0.0,0.1,255.0,255.0,1.0,0.0,0.0,0.0,0.0,0.0,0.0,103612.0
22.0,9.0,236.0,1425.0,0.0,1.0,1.0,0.0,0.0,1.0,0.0,0.0,43.0,255.0,1.0,0.0,0.02,0.0,0.0,0.0,0.0,56328.0
22.0,9.0,251.0,258.0,0.0,1.0,25.0,0.0,0.0,1.0,0.0,0.0,255.0,255.0,1.0,0.0,0.0,0.0,0.0,0.0,0.0,48174.0
22.0,9.0,291.0,16334.0,0.0,1.0,2.0,0.0,0.0,1.0,0.0,0.0,255.0,255.0,1.0,0.0,0.0,0.0,0.0,0.0,0.0,60403.0
22.0,9.0,225.0,2273.0,0.0,1.0,18.0,0.0,0.0,1.0,0.0,0.0,255.0,255.0,1.0,0.0,0.0,0.0,0.0,0.0,0.0,83963.0
22.0,9.0,212.0,808.0,0.0,1.0,9.0,0.0,0.0,1.0,0.0,0.2,36.0,255.0,1.0,0.0,0.04,0.0,0.0,0.0,0.0,87900.0
0.0,4.0,926.0,6499.0,0.0,0.0,1.0,0.0,0.0,1.0,0.0,0.0,55.0,17.0,0.31,0.04,0.0,0.02,0.06,0.76,0.0,11840.0
11.0,9.0,45.0,82.0,0.0,0.0,241.0,0.0,0.0,1.0,0.0,0.0,255.0,254.0,1.0,0.01,0.0,0.0,0.0,0.0,0.0,39372.0
19.0,9.0,35.0,0.0,0.0,0.0,2.0,0.0,0.0,1.0,0.0,0.0,129.0,30.0,0.23,0.05,0.0,0.02,0.0,0.0,0.0,114390.0
22.0,9.0,228.0,3200.0,0.0,1.0,2.0,0.0,0.0,1.0,0.0,0.67,63.0,255.0,1.0,0.0,0.01,0.0,0.0,0.0,0.0,89870.0
22.0,9.0,328.0,927.0,0.0,1.0,10.0,0.0,0.0,1.0,0.0,0.16,125.0,255.0,1.0,0.0,0.03,0.0,0.01,0.03,0.0,54221.0
22.0,9.0,305.0,298.0,0.0,1.0,9.0,0.0,0.0,1.0,0.0,0.19,22.0,255.0,1.0,0.0,0.01,0.0,0.0,0.0,0.0,78822.0
22.0,9.0,344.0,5277.0,0.0,1.0,1.0,0.0,0.0,1.0,0.0,0.5,9.0,255.0,1.0,0.0,0.05,0.0,0.0,0.0,0.0,118680.0
22.0,9.0,212.0,44486.0,0.0,1.0,3.0,0.0,0.0,1.0,0.0,0.0,87.0,255.0,1.0,0.0,0.04,0.0,0.0,0.0,0.0,46027.0
19.0,9.0,383.0,0.0,0.0,1.0,2.0,0.0,0.0,1.0,0.0,0.0,195.0,45.0,0.21,0.07,0.04,0.01,0.02,0.0,0.0,49539.0
40.0,9.0,145.0,105.0,0.0,0.0,1.0,0.0,0.0,1.0,0.0,0.0,255.0,1.0,0.0,0.86,0.0,0.0,0.0,0.0,0.0,51910.0
22.0,9.0,278.0,5593.0,0.0,1.0,6.0,0.0,0.0,1.0,0.0,0.27,25.0,255.0,1.0,0.0,0.04,0.0,0.0,0.0,0.0,107180.0
22.0,9.0,217.0,1891.0,0.0,1.0,5.0,0.0,0.0,1.0,0.0,0.0,5.0,255.0,1.0,0.0,0.04,0.0,0.0,0.0,0.0,98294.0
22.0,9.0,301.0,1085.0,0.0,1.0,6.0,0.0,0.0,1.0,0.0,0.21,75.0,255.0,1.0,0.0,0.02,0.0,0.0,0.0,0.0,113943.0
19.0,9.0,35195.0,0.0,0.0,1.0,22.0,0.0,0.0,1.0,0.0,0.09,116.0,77.0,0.47,0.05,0.03,0.0,0.0,0.0,0.0,99755.0
11.0,9.0,44.0,126.0,0.0,0.0,83.0,0.0,0.0,1.0,0.0,0.01,255.0,255.0,1.0,0.0,0.0,0.0,0.0,0.0,0.0,17492.0
18.0,9.0,1213.0,2449.0,0.0,1.0,1.0,0.0,0.0,1.0,0.0,0.0,255.0,132.0,0.52,0.02,0.0,0.0,0.0,0.0,1.0,4244.0
49.0,9.0,677.0,335.0,0.0,1.0,1.0,0.0,0.0,1.0,0.0,1.0,58.0,177.0,0.98,0.03,0.01,0.0,0.0,0.0,0.0,37108.0
22.0,9.0,223.0,3488.0,0.0,1.0,21.0,0.0,0.0,1.0,0.0,0.06,157.0,247.0,1.0,0.0,0.01,0.0,0.0,0.0,0.0,41494.0
22.0,9.0,54540.0,8314.0,0.0,1.0,1.0,0.0,0.0,1.0,0.0,1.0,255.0,255.0,1.0,0.0,0.0,0.01,0.01,0.04,1.0,98918.0
22.0,9.0,208.0,655.0,0.0,1.0,49.0,0.0,0.0,1.0,0.0,0.05,255.0,255.0,1.0,0.0,0.0,0.0,0.0,0.0,0.0,11717.0
49.0,9.0,1610.0,329.0,0.0,1.0,1.0,0.0,0.0,1.0,0.0,0.0,73.0,188.0,0.77,0.04,0.01,0.0,0.0,0.0,0.0,39129.0
17.0,9.0,6.0,140.0,0.0,0.0,1.0,0.0,0.0,1.0,0.0,0.0,85.0,6.0,0.07,0.07,0.0,0.0,0.0,0.0,0.0,31653.0
49.0,9.0,756.0,331.0,0.0,1.0,1.0,0.0,0.0,1.0,0.0,0.0,102.0,108.0,0.56,0.06,0.02,0.0,0.0,0.0,0.0,17231.0
49.0,9.0,9784.0,325.0,0.0,1.0,1.0,0.0,0.0,1.0,0.0,0.75,26.0,166.0,0.81,0.08,0.01,0.0,0.0,0.0,0.0,23921.0
49.0,9.0,927.0,332.0,0.0,1.0,1.0,0.0,0.0,1.0,0.0,0.0,99.0,110.0,0.72,0.03,0.02,0.0,0.0,0.0,0.0,122205.0
11.0,9.0,44.0,113.0,0.0,0.0,1.0,0.0,0.0,1.0,0.0,1.0,176.0,159.0,0.9,0.02,0.0,0.0,0.0,0.0,0.0,116982.0
22.0,9.0,214.0,8912.0,0.0,1.0,6.0,0.0,0.0,1.0,0.0,0.0,30.0,255.0,1.0,0.0,0.07,0.0,0.0,0.0,0.0,96226.0
22.0,9.0,316.0,2627.0,0.0,1.0,3.0,0.0,0.0,1.0,0.0,0.0,115.0,255.0,1.0,0.0,0.02,0.0,0.0,0.0,0.0,101313.0
55.0,9.0,119.0,8671.0,0.0,1.0,1.0,0.0,0.0,1.0,0.0,0.0,119.0,1.0,0.01,0.07,0.0,0.0,0.0,0.0,0.0,121255.0
22.0,9.0,228.0,1800.0,0.0,1.0,9.0,0.0,0.0,1.0,0.0,0.0,197.0,255.0,1.0,0.0,0.02,0.0,0.0,0.0,0.0,104882.0
3.0,9.0,14.0,37.0,0.0,0.0,1.0,0.0,0.0,1.0,0.0,0.0,253.0,15.0,0.06,0.06,0.0,0.0,0.0,0.0,0.0,57020.0
22.0,9.0,242.0,1870.0,0.0,1.0,8.0,0.12,0.22,1.0,0.0,0.22,20.0,255.0,1.0,0.0,0.02,0.05,0.0,0.0,0.0,55641.0
22.0,9.0,239.0,2125.0,0.0,1.0,14.0,0.0,0.0,1.0,0.0,0.13,77.0,255.0,1.0,0.0,0.02,0.0,0.0,0.0,0.0,19912.0
22.0,9.0,309.0,748.0,0.0,1.0,1.0,0.0,0.05,1.0,0.0,0.21,233.0,255.0,1.0,0.0,0.01,0.0,0.0,0.0,0.0,100409.0
11.0,9.0,45.0,133.0,0.0,0.0,228.0,0.0,0.0,1.0,0.0,0.01,255.0,253.0,0.99,0.01,0.0,0.0,0.0,0.0,0.0,1666.0
22.0,9.0,284.0,2039.0,0.0,1.0,10.0,0.0,0.0,1.0,0.0,0.14,36.0,255.0,1.0,0.0,0.02,0.0,0.0,0.0,0.0,93367.0
40.0,9.0,516.0,4.0,0.0,0.0,258.0,0.0,0.0,1.0,0.0,0.0,255.0,255.0,1.0,0.0,0.0,0.0,0.0,0.0,0.0,60610.0
49.0,9.0,2901.0,389.0,0.0,1.0,1.0,0.0,0.0,1.0,0.0,1.0,41.0,180.0,0.46,0.1,0.01,0.02,0.0,0.0,0.0,29746.0
41.0,9.0,6.0,147.0,0.0,1.0,1.0,0.0,0.0,1.0,0.0,0.0,255.0,1.0,0.0,0.04,0.0,0.0,0.0,0.0,1.0,124358.0
19.0,9.0,88382.0,0.0,0.0,1.0,23.0,0.0,0.0,1.0,0.0,0.0,213.0,84.0,0.39,0.02,0.0,0.0,0.0,0.0,0.0,79151.0
22.0,9.0,215.0,11161.0,0.0,1.0,3.0,0.0,0.0,1.0,0.0,0.25,255.0,255.0,1.0,0.0,0.0,0.0,0.0,0.0,0.0,45439.0
22.0,9.0,295.0,4021.0,0.0,1.0,7.0,0.0,0.0,1.0,0.0,0.36,56.0,133.0,1.0,0.0,0.05,0.0,0.0,0.01,0.0,71301.0
22.0,9.0,321.0,4676.0,0.0,1.0,1.0,0.0,0.0,1.0,0.0,0.17,32.0,255.0,1.0,0.0,0.06,0.0,0.0,0.0,0.0,93764.0
22.0,5.0,0.0,0.0,0.0,0.0,2.0,0.5,0.33,1.0,0.0,0.67,3.0,255.0,1.0,0.0,0.05,0.33,0.01,0.01,0.0,106546.0
22.0,9.0,333.0,6209.0,0.0,1.0,8.0,0.0,0.0,1.0,0.0,0.09,63.0,255.0,1.0,0.0,0.02,0.0,0.0,0.0,0.0,50530.0
11.0,9.0,44.0,135.0,0.0,0.0,67.0,0.0,0.0,1.0,0.0,0.01,255.0,255.0,1.0,0.0,0.0,0.0,0.0,0.0,0.0,8367.0
22.0,1.0,0.0,0.0,0.0,0.0,1.0,0.0,0.0,1.0,0.0,0.0,7.0,255.0,1.0,0.0,0.15,0.0,0.0,0.95,0.0,109566.0
22.0,9.0,265.0,39004.0,0.0,1.0,2.0,0.0,0.0,1.0,0.0,0.67,255.0,255.0,1.0,0.0,0.0,0.0,0.0,0.0,0.0,16819.0
42.0,9.0,38.0,130.0,0.0,1.0,1.0,0.0,0.0,1.0,0.0,0.0,90.0,4.0,0.03,0.07,0.5,0.01,0.0,0.0,0.0,93063.0
19.0,9.0,4763.0,0.0,0.0,1.0,6.0,0.0,0.0,1.0,0.0,0.29,140.0,86.0,0.26,0.04,0.02,0.0,0.0,0.0,0.0,34460.0
22.0,9.0,213.0,24572.0,0.0,1.0,2.0,0.0,0.0,1.0,0.0,0.5,255.0,255.0,1.0,0.0,0.0,0.0,0.0,0.0,0.0,76673.0
40.0,9.0,6601.0,0.0,0.0,0.0,18.0,0.06,0.0,0.06,0.72,0.0,255.0,1.0,0.0,0.06,0.0,0.0,0.0,0.0,0.0,88108.0
44.0,9.0,105.0,147.0,0.0,0.0,8.0,0.0,0.0,0.12,0.25,0.0,255.0,246.0,0.96,0.01,0.0,0.0,0.0,0.0,0.0,48416.0
19.0,9.0,0.0,2072.0,0.0,1.0,3.0,0.0,0.0,1.0,0.0,0.0,4.0,84.0,1.0,0.0,0.02,0.0,0.0,0.0,1.0,53301.0
22.0,9.0,221.0,285.0,0.0,1.0,6.0,0.0,0.0,1.0,0.0,0.44,255.0,255.0,1.0,0.0,0.0,0.0,0.0,0.0,0.0,93874.0
13.0,9.0,30.0,0.0,0.0,0.0,2.0,0.0,0.0,1.0,0.0,0.0,211.0,211.0,1.0,0.0,0.0,0.0,0.0,0.0,0.0,107545.0
22.0,9.0,180.0,20504.0,0.0,1.0,1.0,0.0,0.0,1.0,0.0,1.0,255.0,255.0,1.0,0.0,0.0,0.0,0.0,0.0,0.0,15236.0
17.0,9.0,9.0,223.0,0.0,0.0,2.0,0.0,0.0,0.5,1.0,0.0,184.0,11.0,0.04,0.03,0.18,0.0,0.0,0.0,0.0,23306.0
18.0,9.0,1532.0,4152.0,0.0,1.0,1.0,0.0,0.0,1.0,0.0,0.0,255.0,31.0,0.12,0.02,0.0,0.0,0.0,0.0,0.0,123374.0
22.0,9.0,206.0,1555.0,0.0,1.0,20.0,0.0,0.0,1.0,0.0,0.0,51.0,255.0,1.0,0.0,0.03,0.02,0.0,0.0,0.0,105188.0
22.0,9.0,215.0,626.0,0.0,1.0,14.0,0.0,0.0,1.0,0.0,0.0,255.0,255.0,1.0,0.0,0.0,0.0,0.0,0.0,0.0,21594.0
22.0,9.0,186.0,4841.0,0.0,1.0,3.0,0.0,0.0,1.0,0.0,0.5,155.0,255.0,1.0,0.0,0.05,0.0,0.0,0.0,0.0,33896.0
22.0,9.0,218.0,396.0,0.0,1.0,3.0,0.0,0.0,1.0,0.0,0.0,255.0,255.0,1.0,0.0,0.0,0.0,0.0,0.0,0.0,23909.0
22.0,9.0,297.0,11624.0,0.0,1.0,17.0,0.0,0.0,1.0,0.0,0.0,255.0,255.0,1.0,0.0,0.0,0.0,0.0,0.0,0.0,28341.0
49.0,9.0,3617.0,282.0,0.0,1.0,1.0,0.0,0.0,1.0,0.0,1.0,169.0,140.0,0.56,0.03,0.01,0.01,0.01,0.0,0.0,23970.0
22.0,9.0,320.0,3899.0,0.0,1.0,2.0,0.0,0.0,1.0,0.0,0.75,24.0,255.0,1.0,0.0,0.01,0.0,0.0,0.0,0.0,69296.0
22.0,9.0,233.0,5887.0,0.0,1.0,6.0,0.0,0.0,1.0,0.0,0.0,6.0,221.0,1.0,0.0,0.04,0.0,0.0,0.0,0.0,83586.0
22.0,9.0,243.0,7302.0,0.0,1.0,12.0,0.0,0.0,1.0,0.0,0.0,78.0,255.0,1.0,0.0,0.07,0.0,0.01,0.0,0.0,47044.0
22.0,9.0,222.0,660.0,0.0,1.0,9.0,0.0,0.0,1.0,0.0,0.27,216.0,255.0,1.0,0.0,0.02,0.0,0.0,0.0,0.0,40764.0
58.0,9.0,128.0,0.0,0.0,0.0,3.0,0.0,0.0,0.33,1.0,0.0,255.0,1.0,0.0,0.01,0.0,0.0,0.0,0.0,0.0,91518.0
19.0,9.0,59.0,0.0,0.0,1.0,13.0,0.0,0.0,1.0,0.0,0.0,19.0,19.0,1.0,0.0,0.0,0.0,0.0,0.0,0.0,106043.0
49.0,9.0,2715.0,373.0,0.0,1.0,1.0,0.0,0.0,1.0,0.0,1.0,25.0,231.0,0.88,0.12,0.02,0.0,0.0,0.0,0.0,97326.0
11.0,9.0,41.0,125.0,0.0,0.0,147.0,0.0,0.0,1.0,0.0,0.01,255.0,255.0,1.0,0.0,0.0,0.0,0.0,0.0,0.0,116984.0
22.0,9.0,199.0,1286.0,0.0,1.0,5.0,0.0,0.0,1.0,0.0,0.0,5.0,255.0,1.0,0.0,0.03,0.0,0.0,0.0,0.0,95083.0
22.0,9.0,313.0,313.0,0.0,1.0,19.0,0.0,0.0,1.0,0.0,0.0,255.0,255.0,1.0,0.0,0.0,0.0,0.0,0.0,0.0,101844.0
22.0,9.0,299.0,4605.0,0.0,1.0,4.0,0.0,0.0,1.0,0.0,0.36,4.0,255.0,1.0,0.0,0.03,0.0,0.0,0.0,0.0,87375.0
13.0,9.0,20.0,0.0,0.0,0.0,1.0,0.0,0.0,1.0,0.0,0.0,86.0,2.0,0.02,0.06,0.0,0.0,0.0,0.0,1.0,3592.0
22.0,1.0,0.0,0.0,0.0,0.0,1.0,0.0,0.0,1.0,0.0,0.0,45.0,122.0,1.0,0.0,0.03,0.0,0.0,0.95,0.0,79256.0
44.0,9.0,215.0,0.0,0.0,0.0,1.0,0.0,0.0,1.0,0.0,0.0,235.0,195.0,0.83,0.01,0.0,0.0,0.0,0.0,1.0,9319.0
49.0,9.0,1738.0,333.0,0.0,1.0,1.0,0.0,0.0,1.0,0.0,0.0,60.0,44.0,0.73,0.07,0.0,0.0,0.0,0.0,0.0,102618.0
19.0,9.0,15876.0,0.0,0.0,1.0,16.0,0.0,0.0,1.0,0.0,0.0,191.0,97.0,0.38,0.03,0.02,0.0,0.0,0.0,0.0,20501.0
22.0,9.0,306.0,2895.0,0.0,1.0,6.0,0.0,0.0,1.0,0.0,0.0,80.0,255.0,1.0,0.0,0.02,0.0,0.0,0.0,0.0,59572.0
22.0,9.0,309.0,2507.0,0.0,1.0,2.0,0.0,0.0,1.0,0.0,0.0,253.0,242.0,0.96,0.01,0.0,0.0,0.0,0.0,0.0,62937.0
22.0,9.0,243.0,1451.0,0.0,1.0,6.0,0.0,0.0,1.0,0.0,0.2,255.0,255.0,1.0,0.0,0.0,0.0,0.0,0.0,0.0,103349.0
22.0,9.0,243.0,389.0,0.0,1.0,12.0,0.0,0.0,1.0,0.0,0.15,87.0,135.0,1.0,0.0,0.03,0.0,0.0,0.0,0.0,115740.0
49.0,9.0,742.0,330.0,0.0,1.0,1.0,0.0,0.0,1.0,0.0,1.0,137.0,124.0,0.58,0.05,0.02,0.01,0.01,0.0,0.0,91581.0
22.0,9.0,305.0,872.0,0.0,1.0,7.0,0.0,0.0,1.0,0.0,0.19,7.0,255.0,1.0,0.0,0.07,0.0,0.0,0.0,0.0,90117.0
22.0,9.0,54540.0,8314.0,0.0,1.0,4.0,0.0,0.0,1.0,0.0,0.0,11.0,11.0,1.0,0.0,0.0,0.0,0.0,0.09,1.0,104890.0
22.0,9.0,326.0,10755.0,0.0,1.0,2.0,0.0,0.0,1.0,0.0,0.0,76.0,255.0,1.0,0.0,0.03,0.01,0.0,0.0,0.0,14665.0
22.0,9.0,200.0,1987.0,0.0,1.0,17.0,0.0,0.0,1.0,0.0,0.0,102.0,255.0,1.0,0.0,0.03,0.0,0.0,0.0,0.0,79863.0
22.0,9.0,213.0,1415.0,0.0,1.0,4.0,0.25,0.25,1.0,0.0,0.0,36.0,36.0,1.0,0.0,0.0,0.03,0.03,0.89,0.0,87088.0
22.0,9.0,215.0,1459.0,0.0,1.0,29.0,0.0,0.0,1.0,0.0,0.0,29.0,255.0,1.0,0.0,0.03,0.0,0.0,0.0,0.0,63651.0
22.0,9.0,224.0,280.0,0.0,1.0,11.0,0.0,0.0,1.0,0.0,0.0,158.0,255.0,1.0,0.0,0.01,0.0,0.0,0.0,0.0,119751.0
22.0,9.0,389.0,312.0,0.0,1.0,9.0,0.0,0.0,1.0,0.0,0.12,255.0,255.0,1.0,0.0,0.0,0.0,0.0,0.0,0.0,71543.0
11.0,9.0,45.0,135.0,0.0,0.0,176.0,0.0,0.0,0.99,0.01,0.01,255.0,241.0,0.95,0.02,0.0,0.0,0.0,0.0,0.0,49229.0
49.0,9.0,1133.0,331.0,0.0,1.0,6.0,0.0,0.0,0.17,0.67,1.0,255.0,15.0,0.06,0.66,0.0,0.0,0.0,0.0,0.0,111671.0
11.0,9.0,40.0,40.0,0.0,0.0,5.0,0.0,0.0,1.0,0.0,0.29,114.0,110.0,0.96,0.03,0.0,0.0,0.0,0.0,0.0,90792.0
19.0,9.0,748.0,0.0,0.0,1.0,1.0,0.0,0.0,1.0,0.0,0.0,10.0,147.0,0.1,0.3,0.01,0.0,0.0,0.0,0.0,104100.0
22.0,9.0,252.0,1564.0,0.0,1.0,10.0,0.0,0.0,1.0,0.0,0.0,255.0,255.0,1.0,0.0,0.0,0.0,0.0,0.0,0.0,62253.0
22.0,9.0,459.0,3395.0,0.0,1.0,1.0,0.0,0.0,1.0,0.0,0.75,6.0,255.0,1.0,0.0,0.07,0.0,0.0,0.04,0.0,95204.0
22.0,1.0,0.0,0.0,0.0,0.0,1.0,0.0,0.0,1.0,0.0,0.0,3.0,255.0,1.0,0.0,0.03,0.0,0.0,0.01,0.0,94218.0
22.0,1.0,0.0,0.0,0.0,0.0,1.0,0.0,0.0,1.0,0.0,1.0,3.0,249.0,1.0,0.0,0.21,0.0,0.0,1.0,0.0,111530.0
22.0,9.0,223.0,6344.0,0.0,1.0,2.0,0.0,0.0,1.0,0.0,0.67,45.0,255.0,1.0,0.0,0.04,0.0,0.02,0.0,0.0,79592.0
22.0,9.0,233.0,1075.0,0.0,1.0,4.0,0.25,0.25,1.0,0.0,0.0,255.0,241.0,0.95,0.01,0.0,0.0,0.0,0.0,0.0,125826.0
22.0,9.0,335.0,2648.0,0.0,1.0,6.0,0.0,0.0,1.0,0.0,0.0,20.0,255.0,1.0,0.0,0.06,0.0,0.0,0.0,0.0,75001.0
22.0,9.0,220.0,595.0,0.0,1.0,6.0,0.0,0.0,1.0,0.0,0.09,255.0,255.0,1.0,0.0,0.0,0.0,0.0,0.0,0.0,112372.0
44.0,9.0,100.0,0.0,0.0,0.0,2.0,0.0,0.0,1.0,0.0,0.0,176.0,26.0,0.15,0.01,0.0,0.0,0.0,0.0,1.0,89753.0
58.0,9.0,78.0,0.0,0.0,0.0,45.0,0.0,0.0,0.11,0.04,0.0,255.0,21.0,0.08,0.01,0.0,0.0,0.0,0.0,0.0,53549.0
22.0,9.0,338.0,367.0,0.0,1.0,5.0,0.0,0.0,1.0,0.0,0.43,12.0,255.0,1.0,0.0,0.08,0.0,0.01,0.0,0.0,92049.0
22.0,9.0,217.0,22769.0,0.0,1.0,7.0,0.0,0.0,1.0,0.0,0.0,33.0,255.0,1.0,0.0,0.08,0.0,0.0,0.0,0.0,88820.0
11.0,9.0,45.0,83.0,0.0,0.0,169.0,0.0,0.0,1.0,0.0,0.0,255.0,234.0,0.92,0.01,0.0,0.0,0.0,0.0,0.0,69132.0
18.0,9.0,536.0,1664.0,0.0,1.0,1.0,0.0,0.0,1.0,0.0,0.0,6.0,2.0,0.33,0.5,0.0,0.0,0.0,0.5,0.0,88365.0
22.0,9.0,216.0,421.0,0.0,1.0,4.0,0.0,0.0,1.0,0.0,0.0,255.0,255.0,1.0,0.0,0.0,0.0,0.0,0.0,0.0,72769.0
40.0,9.0,146.0,105.0,0.0,0.0,1.0,0.0,0.0,1.0,0.0,0.0,255.0,1.0,0.0,0.69,0.0,0.0,0.0,0.0,0.0,630.0
19.0,9.0,12165.0,0.0,0.0,1.0,153.0,0.98,0.0,0.02,0.06,0.0,255.0,8.0,0.03,0.06,0.0,0.97,0.0,0.0,0.0,117391.0
22.0,9.0,232.0,5745.0,0.0,1.0,8.0,0.0,0.0,1.0,0.0,0.0,71.0,255.0,1.0,0.0,0.02,0.0,0.0,0.0,0.0,938.0
22.0,9.0,322.0,3987.0,0.0,1.0,5.0,0.0,0.0,1.0,0.0,0.0,31.0,255.0,1.0,0.0,0.04,0.0,0.01,0.01,0.0,117798.0
19.0,9.0,276.0,0.0,0.0,1.0,1.0,0.0,0.0,1.0,0.0,1.0,25.0,77.0,0.28,0.16,0.03,0.0,0.0,0.0,0.0,45543.0
22.0,9.0,241.0,1556.0,0.0,1.0,4.0,0.0,0.0,1.0,0.0,0.0,34.0,255.0,1.0,0.0,0.04,0.0,0.0,0.0,0.0,1675.0
22.0,9.0,215.0,431.0,0.0,1.0,1.0,0.0,0.0,1.0,0.0,0.0,70.0,255.0,1.0,0.0,0.04,0.0,0.0,0.0,0.0,101670.0
22.0,1.0,0.0,0.0,0.0,0.0,1.0,0.0,0.0,1.0,0.0,0.0,3.0,241.0,1.0,0.0,0.32,0.0,0.0,1.0,0.0,47537.0
22.0,9.0,332.0,1505.0,0.0,1.0,5.0,0.0,0.0,1.0,0.0,0.0,255.0,255.0,1.0,0.0,0.0,0.0,0.0,0.0,0.0,2431.0
49.0,9.0,865.0,333.0,0.0,1.0,1.0,0.0,0.0,1.0,0.0,1.0,98.0,153.0,0.39,0.06,0.01,0.0,0.0,0.0,0.0,35909.0
22.0,9.0,307.0,2698.0,0.0,1.0,4.0,0.0,0.0,1.0,0.0,0.0,255.0,244.0,0.96,0.02,0.0,0.0,0.0,0.0,0.0,59079.0
22.0,9.0,252.0,273544.0,0.0,1.0,1.0,0.0,0.0,1.0,0.0,0.0,255.0,247.0,0.97,0.01,0.0,0.0,0.0,0.0,0.0,5708.0
22.0,9.0,157.0,1374.0,0.0,1.0,1.0,0.0,0.0,1.0,0.0,0.0,8.0,255.0,1.0,0.0,0.04,0.0,0.02,0.0,0.0,82623.0
22.0,9.0,54540.0,8314.0,0.0,1.0,4.0,0.0,0.0,1.0,0.0,0.0,150.0,150.0,1.0,0.0,0.0,0.0,0.0,0.06,1.0,55196.0
11.0,9.0,45.0,75.0,0.0,0.0,281.0,0.0,0.0,1.0,0.0,0.0,255.0,254.0,1.0,0.01,0.0,0.0,0.0,0.0,0.0,96222.0
22.0,9.0,367.0,619.0,0.0,1.0,9.0,0.0,0.0,1.0,0.0,0.2,255.0,255.0,1.0,0.0,0.0,0.0,0.0,0.0,0.0,36460.0
11.0,9.0,44.0,114.0,0.0,0.0,13.0,0.0,0.0,0.92,0.15,0.0,255.0,162.0,0.64,0.01,0.0,0.0,0.0,0.0,0.0,119905.0
49.0,9.0,1288.0,330.0,0.0,1.0,1.0,0.0,0.0,1.0,0.0,0.0,194.0,245.0,0.97,0.01,0.01,0.0,0.0,0.0,0.0,123644.0
22.0,9.0,317.0,1776.0,0.0,1.0,5.0,0.0,0.0,1.0,0.0,0.0,17.0,255.0,1.0,0.0,0.05,0.0,0.01,0.0,0.0,64133.0
40.0,9.0,147.0,0.0,0.0,0.0,2.0,0.0,0.0,0.5,1.0,0.0,255.0,1.0,0.0,0.59,0.0,0.0,0.0,0.0,0.0,87096.0
49.0,9.0,1361.0,482.0,0.0,1.0,1.0,0.0,0.0,1.0,0.0,1.0,255.0,9.0,0.04,0.01,0.0,0.0,0.0,0.0,0.0,62709.0
22.0,9.0,341.0,279.0,0.0,1.0,1.0,0.0,0.0,1.0,0.0,1.0,255.0,221.0,0.87,0.01,0.0,0.0,0.0,0.0,0.0,100347.0
22.0,9.0,325.0,2762.0,0.0,1.0,7.0,0.0,0.0,1.0,0.0,0.22,255.0,255.0,1.0,0.0,0.0,0.0,0.0,0.0,0.0,23234.0
17.0,9.0,8.0,362.0,0.0,0.0,1.0,0.0,0.0,1.0,0.0,0.0,1.0,8.0,1.0,0.0,0.38,0.0,0.0,0.0,0.0,36486.0
22.0,1.0,0.0,0.0,0.0,0.0,2.0,0.0,0.0,1.0,0.0,0.67,9.0,255.0,1.0,0.0,0.09,0.0,0.0,0.87,0.0,59986.0
58.0,9.0,183.0,0.0,0.0,0.0,7.0,0.0,0.0,0.86,0.29,0.0,255.0,46.0,0.18,0.01,0.0,0.0,0.0,0.0,0.0,72245.0
13.0,9.0,30.0,0.0,0.0,0.0,3.0,0.0,0.0,0.33,1.0,0.0,255.0,3.0,0.01,0.01,0.0,0.0,0.0,0.0,0.0,98279.0
22.0,9.0,339.0,3932.0,0.0,1.0,19.0,0.0,0.0,1.0,0.0,0.0,255.0,255.0,1.0,0.0,0.0,0.0,0.0,0.0,0.0,65652.0
22.0,1.0,0.0,0.0,0.0,0.0,1.0,0.0,0.0,1.0,0.0,0.67,101.0,255.0,1.0,0.0,0.03,0.0,0.01,0.11,0.0,29435.0
22.0,9.0,179.0,14789.0,0.0,1.0,1.0,0.0,0.0,1.0,0.0,0.0,3.0,255.0,1.0,0.0,0.06,0.0,0.0,0.0,0.0,54964.0
19.0,1.0,0.0,0.0,0.0,0.0,1.0,0.0,0.0,1.0,0.0,0.0,1.0,29.0,1.0,0.0,0.1,0.0,0.0,0.07,1.0,57963.0
11.0,9.0,43.0,131.0,0.0,0.0,40.0,0.0,0.0,1.0,0.0,0.02,255.0,232.0,0.91,0.02,0.0,0.0,0.0,0.0,0.0,124293.0
22.0,9.0,158.0,5903.0,0.0,1.0,4.0,0.0,0.0,1.0,0.0,0.0,36.0,255.0,1.0,0.0,0.05,0.0,0.0,0.0,0.0,89723.0
40.0,9.0,147.0,0.0,0.0,0.0,5.0,0.2,0.0,0.2,0.6,0.0,255.0,1.0,0.0,0.08,0.0,0.0,0.0,0.0,0.0,39860.0
49.0,9.0,2121.0,445.0,0.0,1.0,1.0,0.0,0.0,1.0,0.0,0.0,255.0,22.0,0.09,0.07,0.0,0.0,0.0,0.0,0.0,86372.0
40.0,9.0,147.0,0.0,0.0,0.0,5.0,0.0,0.0,0.2,0.6,0.0,255.0,1.0,0.0,0.1,0.0,0.0,0.0,0.0,0.0,92726.0
22.0,9.0,223.0,1214.0,0.0,1.0,8.0,0.0,0.0,1.0,0.0,0.08,255.0,255.0,1.0,0.0,0.0,0.0,0.0,0.0,0.0,73284.0
22.0,9.0,339.0,458.0,0.0,1.0,32.0,0.0,0.0,1.0,0.0,0.08,255.0,255.0,1.0,0.0,0.0,0.0,0.0,0.0,0.0,19708.0
22.0,1.0,0.0,0.0,0.0,0.0,1.0,0.0,0.0,1.0,0.0,0.0,217.0,182.0,0.84,0.02,0.0,0.0,0.0,1.0,0.0,47334.0
22.0,9.0,310.0,2288.0,0.0,1.0,14.0,0.0,0.0,1.0,0.0,0.08,170.0,255.0,1.0,0.0,0.05,0.0,0.0,0.0,0.0,70604.0
11.0,9.0,43.0,125.0,0.0,0.0,74.0,0.0,0.0,1.0,0.0,0.01,255.0,255.0,1.0,0.0,0.0,0.0,0.0,0.0,0.0,2182.0
22.0,9.0,252.0,14445.0,0.0,1.0,1.0,0.0,0.0,1.0,0.0,0.0,255.0,255.0,1.0,0.0,0.0,0.0,0.0,0.0,0.0,18939.0
22.0,9.0,288.0,788.0,0.0,1.0,7.0,0.0,0.0,1.0,0.0,0.14,13.0,255.0,1.0,0.0,0.01,0.0,0.0,0.0,0.0,124299.0
11.0,9.0,44.0,127.0,0.0,0.0,72.0,0.0,0.0,1.0,0.0,0.01,255.0,254.0,1.0,0.01,0.0,0.0,0.0,0.0,0.0,55457.0
11.0,9.0,46.0,84.0,0.0,0.0,299.0,0.0,0.0,1.0,0.0,0.0,255.0,215.0,0.84,0.01,0.0,0.0,0.0,0.0,0.0,8300.0
18.0,9.0,231.0,770.0,0.0,1.0,1.0,0.0,0.0,1.0,0.0,0.0,104.0,13.0,0.12,0.68,0.15,0.0,0.0,0.15,0.0,117063.0
39.0,9.0,48.0,48.0,0.0,0.0,1.0,0.0,0.0,1.0,0.0,0.0,54.0,30.0,0.56,0.04,0.0,0.0,0.0,0.0,0.0,6184.0
22.0,9.0,316.0,4704.0,0.0,1.0,1.0,0.0,0.0,1.0,0.0,1.0,7.0,255.0,1.0,0.0,0.07,0.0,0.0,0.0,0.0,9649.0
49.0,9.0,756.0,330.0,0.0,1.0,1.0,0.0,0.0,1.0,0.0,1.0,135.0,164.0,0.61,0.05,0.01,0.0,0.0,0.0,0.0,104042.0
22.0,9.0,252.0,9967.0,0.0,1.0,7.0,0.0,0.0,1.0,0.0,0.29,42.0,255.0,1.0,0.0,0.03,0.0,0.0,0.0,0.0,114112.0
22.0,9.0,290.0,4171.0,0.0,1.0,13.0,0.0,0.0,1.0,0.0,0.0,167.0,255.0,1.0,0.0,0.02,0.0,0.0,0.0,0.0,114012.0
11.0,9.0,45.0,80.0,0.0,0.0,261.0,0.0,0.0,1.0,0.0,0.0,255.0,254.0,1.0,0.01,0.0,0.0,0.0,0.0,0.0,123966.0
11.0,9.0,44.0,130.0,0.0,0.0,267.0,0.0,0.0,1.0,0.0,0.0,255.0,251.0,0.98,0.01,0.0,0.0,0.0,0.0,0.0,17582.0
22.0,9.0,262.0,128.0,0.0,1.0,1.0,0.0,0.0,1.0,0.0,0.0,2.0,255.0,1.0,0.0,0.04,0.0,0.0,0.0,0.0,95689.0
22.0,9.0,283.0,39296.0,0.0,1.0,4.0,0.0,0.0,1.0,0.0,0.0,4.0,255.0,1.0,0.0,0.05,0.0,0.0,0.0,0.0,88761.0
22.0,9.0,225.0,1364.0,0.0,1.0,22.0,0.0,0.0,1.0,0.0,0.0,23.0,255.0,1.0,0.0,0.01,0.0,0.0,0.01,0.0,23588.0
39.0,9.0,48.0,48.0,0.0,0.0,1.0,0.0,0.0,1.0,0.0,0.0,58.0,10.0,0.17,0.05,0.0,0.0,0.0,0.0,0.0,81124.0
22.0,9.0,281.0,10373.0,0.0,1.0,6.0,0.0,0.0,1.0,0.0,0.0,16.0,255.0,1.0,0.0,0.01,0.0,0.0,0.0,0.0,93653.0
22.0,9.0,240.0,406.0,0.0,1.0,39.0,0.0,0.0,1.0,0.0,0.0,107.0,255.0,1.0,0.0,0.01,0.0,0.0,0.0,0.0,110325.0
55.0,6.0,320.0,122055.0,0.0,1.0,1.0,1.0,1.0,1.0,0.0,0.0,220.0,35.0,0.16,0.02,0.0,0.0,0.03,0.0,0.0,118883.0
22.0,1.0,0.0,0.0,0.0,0.0,1.0,0.0,0.0,1.0,0.0,1.0,27.0,249.0,1.0,0.0,0.1,0.0,0.0,0.96,0.0,37742.0
22.0,9.0,200.0,2952.0,0.0,1.0,11.0,0.0,0.0,1.0,0.0,0.12,43.0,255.0,1.0,0.0,0.03,0.0,0.0,0.0,0.0,78506.0
18.0,9.0,332.0,1063.0,0.0,1.0,1.0,0.0,0.0,1.0,0.0,0.0,160.0,41.0,0.26,0.03,0.0,0.0,0.0,0.02,0.0,102846.0
22.0,9.0,313.0,369.0,0.0,1.0,20.0,0.0,0.0,1.0,0.0,0.1,255.0,255.0,1.0,0.0,0.0,0.0,0.0,0.0,0.0,93172.0
22.0,9.0,305.0,1509.0,0.0,1.0,5.0,0.0,0.0,1.0,0.0,0.0,90.0,255.0,1.0,0.0,0.01,0.0,0.0,0.0,0.0,35402.0
22.0,9.0,210.0,5756.0,0.0,1.0,5.0,0.0,0.0,1.0,0.0,0.38,55.0,255.0,1.0,0.0,0.02,0.02,0.01,0.0,0.0,22146.0
22.0,9.0,226.0,626.0,0.0,1.0,36.0,0.0,0.0,1.0,0.0,0.1,145.0,255.0,1.0,0.0,0.02,0.01,0.0,0.0,0.0,46308.0
11.0,9.0,43.0,109.0,0.0,0.0,66.0,0.0,0.0,1.0,0.0,0.01,124.0,223.0,0.89,0.02,0.01,0.0,0.0,0.0,0.0,93587.0
22.0,9.0,189.0,31876.0,0.0,1.0,1.0,0.0,0.0,1.0,0.0,0.0,25.0,255.0,1.0,0.0,0.03,0.0,0.0,0.0,0.0,2046.0
49.0,9.0,2101.0,331.0,0.0,1.0,1.0,0.0,0.0,1.0,0.0,0.0,158.0,125.0,0.79,0.03,0.0,0.0,0.0,0.0,0.0,84883.0
22.0,9.0,297.0,5260.0,0.0,1.0,12.0,0.0,0.0,1.0,0.0,0.0,13.0,255.0,1.0,0.0,0.01,0.0,0.0,0.0,0.0,56055.0
44.0,9.0,105.0,145.0,0.0,0.0,2.0,0.0,0.0,1.0,0.0,0.0,255.0,224.0,0.88,0.01,0.0,0.0,0.0,0.0,0.0,121373.0
44.0,9.0,105.0,145.0,0.0,0.0,4.0,0.0,0.0,0.25,0.5,0.0,255.0,228.0,0.89,0.01,0.0,0.0,0.0,0.0,0.0,111736.0
22.0,9.0,193.0,1643.0,0.0,1.0,1.0,0.0,0.0,1.0,0.0,0.17,39.0,255.0,1.0,0.0,0.02,0.0,0.0,0.0,0.0,34917.0
40.0,9.0,146.0,105.0,0.0,0.0,4.0,0.0,0.0,0.5,0.5,0.0,255.0,2.0,0.01,0.83,0.0,0.0,0.0,0.0,0.0,62118.0
11.0,9.0,43.0,43.0,0.0,0.0,155.0,0.0,0.0,1.0,0.0,0.0,255.0,249.0,0.98,0.01,0.0,0.0,0.0,0.0,0.0,62822.0
22.0,9.0,228.0,2006.0,0.0,1.0,20.0,0.0,0.0,1.0,0.0,0.06,255.0,255.0,1.0,0.0,0.0,0.0,0.0,0.0,0.0,81722.0
55.0,2.0,3370.0,216495.0,0.0,0.0,1.0,0.0,0.0,1.0,0.0,0.0,58.0,17.0,0.29,0.1,0.0,0.02,0.06,0.24,0.0,37931.0
11.0,9.0,45.0,150.0,0.0,0.0,31.0,0.0,0.0,1.0,0.0,0.02,255.0,255.0,1.0,0.0,0.0,0.0,0.0,0.0,0.0,78674.0
11.0,9.0,44.0,71.0,0.0,0.0,278.0,0.0,0.0,1.0,0.0,0.0,255.0,254.0,1.0,0.01,0.0,0.0,0.0,0.0,0.0,47075.0
40.0,9.0,147.0,105.0,0.0,0.0,6.0,0.0,0.0,0.33,0.5,0.0,255.0,2.0,0.01,0.48,0.0,0.0,0.0,0.0,0.0,86722.0
22.0,9.0,210.0,2606.0,0.0,1.0,15.0,0.0,0.0,1.0,0.0,0.12,255.0,255.0,1.0,0.0,0.0,0.0,0.0,0.0,0.0,76660.0
11.0,9.0,44.0,127.0,0.0,0.0,103.0,0.0,0.0,1.0,0.0,0.02,255.0,255.0,1.0,0.0,0.0,0.0,0.0,0.0,0.0,107394.0
55.0,9.0,237.0,1540.0,0.0,1.0,1.0,0.0,0.0,1.0,0.0,0.0,255.0,47.0,0.18,0.02,0.0,0.22,0.32,0.0,1.0,64331.0
22.0,9.0,303.0,310.0,0.0,1.0,4.0,0.0,0.0,1.0,0.0,0.0,176.0,255.0,1.0,0.0,0.02,0.0,0.0,0.0,0.0,39950.0
22.0,9.0,228.0,1697.0,0.0,1.0,15.0,0.0,0.0,1.0,0.0,0.14,22.0,255.0,1.0,0.0,0.04,0.0,0.0,0.0,0.0,34545.0
22.0,9.0,210.0,2445.0,0.0,1.0,20.0,0.0,0.0,1.0,0.0,0.0,255.0,255.0,1.0,0.0,0.0,0.0,0.0,0.0,0.0,85410.0
49.0,9.0,766.0,338.0,0.0,1.0,1.0,0.0,0.0,1.0,0.0,0.0,207.0,124.0,0.52,0.02,0.02,0.0,0.0,0.0,0.0,82629.0
56.0,9.0,0.0,4.0,0.0,0.0,1.0,0.0,0.0,1.0,0.0,0.0,18.0,18.0,1.0,0.0,0.0,0.0,0.0,0.0,0.0,34344.0
11.0,9.0,44.0,85.0,0.0,0.0,67.0,0.0,0.0,1.0,0.0,0.01,255.0,254.0,1.0,0.01,0.0,0.0,0.0,0.0,0.0,93027.0
22.0,9.0,222.0,2251.0,0.0,1.0,29.0,0.0,0.0,1.0,0.0,0.08,212.0,255.0,1.0,0.0,0.01,0.0,0.0,0.0,0.0,80427.0
22.0,9.0,225.0,294.0,0.0,1.0,7.0,0.0,0.0,1.0,0.0,0.0,255.0,255.0,1.0,0.0,0.0,0.0,0.0,0.0,0.0,108952.0
22.0,9.0,294.0,5875.0,0.0,1.0,2.0,0.0,0.0,1.0,0.0,0.2,2.0,242.0,1.0,0.0,0.04,0.0,0.0,0.0,0.0,65560.0
22.0,9.0,225.0,398.0,0.0,1.0,3.0,0.0,0.0,1.0,0.0,0.5,255.0,255.0,1.0,0.0,0.0,0.0,0.0,0.0,0.0,61716.0
22.0,9.0,218.0,301.0,0.0,1.0,9.0,0.0,0.0,1.0,0.0,0.0,33.0,255.0,1.0,0.0,0.02,0.03,0.0,0.0,0.0,58027.0
22.0,9.0,280.0,2446.0,0.0,1.0,10.0,0.0,0.0,1.0,0.0,0.18,255.0,255.0,1.0,0.0,0.0,0.0,0.0,0.0,0.0,111236.0
22.0,9.0,338.0,2815.0,0.0,1.0,8.0,0.0,0.0,1.0,0.0,0.27,255.0,255.0,1.0,0.0,0.0,0.0,0.0,0.0,0.0,54093.0
19.0,9.0,641.0,0.0,0.0,1.0,2.0,0.0,0.0,1.0,0.0,0.67,76.0,71.0,0.49,0.07,0.03,0.0,0.0,0.0,0.0,24140.0
22.0,9.0,202.0,274.0,0.0,1.0,24.0,0.0,0.0,1.0,0.0,0.0,209.0,255.0,1.0,0.0,0.02,0.0,0.0,0.0,0.0,100328.0
22.0,9.0,54540.0,8314.0,0.0,1.0,3.0,0.0,0.0,1.0,0.0,0.5,31.0,31.0,1.0,0.0,0.0,0.0,0.0,0.0,1.0,69226.0
40.0,9.0,147.0,105.0,0.0,0.0,2.0,0.0,0.0,1.0,0.0,0.0,255.0,2.0,0.01,0.56,0.0,0.0,0.0,0.0,0.0,46795.0
11.0,9.0,46.0,46.0,0.0,0.0,4.0,0.0,0.0,0.25,0.5,0.5,88.0,85.0,0.97,0.02,0.0,0.0,0.0,0.0,0.0,65182.0
55.0,6.0,199.0,1341.0,0.0,1.0,1.0,1.0,1.0,1.0,0.0,0.0,87.0,8.0,0.09,0.06,0.0,0.01,0.12,0.0,0.0,35063.0
22.0,9.0,274.0,535.0,0.0,1.0,1.0,0.0,0.0,1.0,0.0,0.14,12.0,255.0,1.0,0.0,0.06,0.0,0.0,0.0,0.0,88693.0
22.0,9.0,221.0,642.0,0.0,1.0,29.0,0.0,0.0,1.0,0.0,0.07,255.0,255.0,1.0,0.0,0.0,0.0,0.0,0.0,0.0,24942.0
22.0,9.0,251.0,1751.0,0.0,1.0,16.0,0.0,0.0,1.0,0.0,0.0,255.0,255.0,1.0,0.0,0.0,0.0,0.0,0.0,0.0,103055.0
22.0,9.0,148.0,8009.0,0.0,1.0,1.0,0.0,0.0,1.0,0.0,0.0,98.0,255.0,1.0,0.0,0.02,0.0,0.0,0.0,0.0,85359.0
22.0,9.0,265.0,695.0,0.0,1.0,23.0,0.0,0.0,1.0,0.0,0.0,255.0,255.0,1.0,0.0,0.0,0.0,0.0,0.0,0.0,60126.0
22.0,9.0,164.0,2299.0,0.0,1.0,1.0,0.0,0.0,1.0,0.0,0.0,4.0,255.0,1.0,0.0,0.05,0.0,0.0,0.0,0.0,54376.0
22.0,9.0,253.0,4425.0,0.0,1.0,7.0,0.0,0.0,1.0,0.0,0.25,255.0,255.0,1.0,0.0,0.0,0.0,0.0,0.0,0.0,120136.0
22.0,1.0,0.0,0.0,0.0,0.0,1.0,0.0,0.0,1.0,0.0,0.0,2.0,246.0,1.0,0.0,0.2,0.0,0.0,0.99,0.0,103470.0
22.0,9.0,171.0,409.0,0.0,1.0,3.0,0.0,0.0,1.0,0.0,0.0,85.0,255.0,1.0,0.0,0.01,0.0,0.0,0.0,0.0,16083.0
22.0,9.0,310.0,290.0,0.0,1.0,33.0,0.0,0.0,1.0,0.0,0.09,255.0,255.0,1.0,0.0,0.0,0.0,0.0,0.0,0.0,80910.0
11.0,9.0,46.0,112.0,0.0,0.0,170.0,0.0,0.0,1.0,0.0,0.0,95.0,56.0,0.59,0.03,0.0,0.0,0.0,0.0,0.0,66781.0
22.0,9.0,195.0,4648.0,0.0,1.0,19.0,0.0,0.0,1.0,0.0,0.1,21.0,255.0,1.0,0.0,0.02,0.0,0.0,0.0,0.0,60075.0
19.0,9.0,13239.0,0.0,0.0,0.0,7.0,0.0,0.0,1.0,0.0,0.0,7.0,93.0,1.0,0.0,0.02,0.0,0.0,0.0,0.0,125568.0
22.0,9.0,297.0,2184.0,0.0,1.0,45.0,0.0,0.0,1.0,0.0,0.0,45.0,255.0,1.0,0.0,0.02,0.0,0.0,0.0,0.0,96539.0
19.0,9.0,245.0,0.0,0.0,1.0,3.0,0.0,0.0,0.67,0.67,0.0,104.0,11.0,0.11,0.07,0.0,0.0,0.0,0.0,0.0,60482.0
22.0,9.0,287.0,3421.0,0.0,1.0,2.0,0.0,0.0,1.0,0.0,0.0,28.0,255.0,1.0,0.0,0.03,0.0,0.0,0.0,0.0,115729.0
22.0,9.0,451.0,4308.0,0.0,1.0,12.0,0.0,0.0,1.0,0.0,0.0,161.0,255.0,1.0,0.0,0.03,0.0,0.0,0.0,0.0,83849.0
11.0,9.0,46.0,130.0,0.0,0.0,80.0,0.0,0.0,1.0,0.0,0.01,255.0,255.0,1.0,0.0,0.0,0.0,0.0,0.0,0.0,91708.0
49.0,9.0,2839.0,333.0,0.0,1.0,1.0,0.0,0.0,1.0,0.0,0.0,101.0,176.0,0.77,0.03,0.01,0.0,0.0,0.0,0.0,113779.0
22.0,9.0,222.0,1165.0,0.0,1.0,5.0,0.0,0.0,1.0,0.0,0.0,255.0,255.0,1.0,0.0,0.0,0.0,0.0,0.0,0.0,40072.0
19.0,9.0,748.0,0.0,0.0,0.0,1.0,0.0,0.0,1.0,0.0,0.0,226.0,38.0,0.13,0.01,0.05,0.0,0.0,0.0,0.0,108883.0
22.0,9.0,281.0,1695.0,0.0,1.0,4.0,0.0,0.0,1.0,0.0,0.27,18.0,255.0,1.0,0.0,0.07,0.0,0.0,0.0,0.0,55380.0
19.0,9.0,641.0,0.0,0.0,0.0,2.0,0.0,0.0,1.0,0.0,0.0,255.0,108.0,0.42,0.03,0.0,0.0,0.0,0.0,0.0,12667.0
22.0,9.0,327.0,303.0,0.0,1.0,12.0,0.0,0.0,1.0,0.0,0.1,255.0,255.0,1.0,0.0,0.0,0.0,0.0,0.0,0.0,93674.0
49.0,9.0,3873.0,337.0,0.0,1.0,1.0,0.0,0.0,1.0,0.0,0.0,153.0,156.0,0.83,0.03,0.01,0.0,0.0,0.0,0.0,23120.0
22.0,9.0,260.0,7562.0,0.0,1.0,8.0,0.0,0.0,1.0,0.0,0.16,118.0,255.0,1.0,0.0,0.01,0.0,0.0,0.0,0.0,60734.0
22.0,9.0,224.0,2727.0,0.0,1.0,9.0,0.0,0.0,1.0,0.0,0.18,9.0,255.0,1.0,0.0,0.02,0.0,0.0,0.0,0.0,67849.0
22.0,9.0,299.0,377.0,0.0,1.0,9.0,0.0,0.0,1.0,0.0,0.0,36.0,255.0,1.0,0.0,0.04,0.0,0.0,0.0,0.0,84603.0
22.0,9.0,233.0,1918.0,0.0,1.0,11.0,0.0,0.0,1.0,0.0,0.1,220.0,255.0,1.0,0.0,0.01,0.0,0.0,0.0,0.0,115376.0
22.0,9.0,299.0,3200.0,0.0,1.0,14.0,0.0,0.0,1.0,0.0,0.0,255.0,255.0,1.0,0.0,0.0,0.0,0.0,0.0,0.0,37347.0
19.0,9.0,641.0,0.0,0.0,0.0,1.0,0.0,0.0,1.0,0.0,0.0,68.0,33.0,0.16,0.06,0.06,0.0,0.0,0.0,0.0,9397.0
22.0,9.0,238.0,2094.0,0.0,1.0,3.0,0.0,0.0,1.0,0.0,0.5,31.0,255.0,1.0,0.0,0.03,0.0,0.0,0.0,0.0,27402.0
14.0,9.0,1480.0,0.0,1.0,0.0,2.0,0.0,0.0,1.0,0.0,0.5,2.0,20.0,1.0,0.0,0.5,0.0,0.0,0.0,1.0,33638.0
22.0,9.0,266.0,1288.0,0.0,1.0,5.0,0.0,0.0,1.0,0.0,0.0,113.0,255.0,1.0,0.0,0.02,0.0,0.0,0.0,0.0,52318.0
22.0,9.0,217.0,933.0,0.0,1.0,9.0,0.0,0.0,1.0,0.0,0.2,255.0,255.0,1.0,0.0,0.0,0.0,0.0,0.0,0.0,44222.0
11.0,9.0,41.0,79.0,0.0,0.0,123.0,0.0,0.0,1.0,0.0,0.02,255.0,224.0,0.88,0.01,0.0,0.0,0.0,0.0,0.0,6049.0
22.0,9.0,352.0,1704.0,0.0,1.0,14.0,0.0,0.0,1.0,0.0,0.0,255.0,255.0,1.0,0.0,0.0,0.0,0.0,0.0,0.0,122928.0
22.0,9.0,221.0,1554.0,0.0,1.0,11.0,0.0,0.0,1.0,0.0,0.17,94.0,255.0,1.0,0.0,0.02,0.0,0.0,0.0,0.0,76499.0
22.0,9.0,306.0,5551.0,0.0,1.0,11.0,0.0,0.0,1.0,0.0,0.0,255.0,255.0,1.0,0.0,0.0,0.0,0.0,0.0,0.0,117870.0
22.0,9.0,236.0,1523.0,0.0,1.0,21.0,0.0,0.0,1.0,0.0,0.13,46.0,255.0,1.0,0.0,0.01,0.0,0.0,0.0,0.0,72751.0
40.0,9.0,516.0,4.0,0.0,0.0,477.0,0.0,0.0,1.0,0.0,0.0,255.0,255.0,1.0,0.0,0.0,0.0,0.0,0.0,0.0,54404.0
22.0,9.0,215.0,1769.0,0.0,1.0,32.0,0.0,0.0,1.0,0.0,0.0,255.0,255.0,1.0,0.0,0.0,0.0,0.0,0.0,0.0,91144.0
18.0,9.0,891.0,2586.0,0.0,1.0,1.0,0.0,0.0,1.0,0.0,0.0,189.0,75.0,0.4,0.03,0.0,0.0,0.0,0.0,0.0,88878.0
22.0,1.0,0.0,0.0,0.0,0.0,1.0,0.0,0.0,1.0,0.0,0.0,18.0,22.0,1.0,0.0,0.09,0.0,0.09,0.86,0.0,110238.0
49.0,9.0,13785.0,1361.0,0.0,1.0,1.0,0.0,0.0,1.0,0.0,0.0,128.0,209.0,0.66,0.02,0.01,0.0,0.0,0.0,0.0,96940.0
11.0,9.0,46.0,83.0,0.0,0.0,205.0,0.0,0.0,1.0,0.0,0.0,255.0,232.0,0.91,0.01,0.0,0.0,0.0,0.0,0.0,16748.0
22.0,9.0,334.0,3200.0,0.0,1.0,14.0,0.0,0.0,1.0,0.0,0.18,255.0,255.0,1.0,0.0,0.0,0.0,0.0,0.0,0.0,48881.0
22.0,9.0,54540.0,8314.0,0.0,1.0,2.0,0.0,0.0,1.0,0.0,0.75,255.0,255.0,1.0,0.0,0.0,0.0,0.0,0.05,1.0,2691.0
22.0,9.0,241.0,658.0,0.0,1.0,2.0,0.0,0.0,1.0,0.0,0.0,9.0,255.0,1.0,0.0,0.05,0.0,0.01,0.0,0.0,17270.0
22.0,9.0,314.0,3758.0,0.0,1.0,3.0,0.0,0.0,1.0,0.0,0.0,127.0,255.0,1.0,0.0,0.02,0.0,0.0,0.0,0.0,72187.0
11.0,9.0,44.0,75.0,0.0,0.0,144.0,0.0,0.0,1.0,0.0,0.0,255.0,255.0,1.0,0.0,0.0,0.0,0.0,0.0,0.0,96348.0
22.0,9.0,262.0,755.0,0.0,1.0,7.0,0.0,0.0,1.0,0.0,0.0,255.0,255.0,1.0,0.0,0.0,0.0,0.0,0.0,0.0,31383.0
49.0,9.0,1348.0,331.0,0.0,1.0,1.0,0.0,0.0,1.0,0.0,1.0,32.0,65.0,0.41,0.06,0.03,0.0,0.0,0.0,0.0,24310.0
22.0,1.0,0.0,0.0,0.0,0.0,1.0,0.0,0.0,1.0,0.0,1.0,8.0,255.0,1.0,0.0,0.13,0.0,0.0,0.99,0.0,22174.0
22.0,9.0,232.0,419.0,0.0,1.0,2.0,0.0,0.23,1.0,0.0,0.31,255.0,255.0,1.0,0.0,0.0,0.0,0.0,0.0,0.0,29618.0
22.0,1.0,0.0,0.0,0.0,0.0,1.0,0.0,0.0,1.0,0.0,0.0,16.0,75.0,1.0,0.0,0.08,0.0,0.0,1.0,0.0,111540.0
19.0,9.0,2194619.0,0.0,0.0,1.0,1.0,0.0,0.0,1.0,0.0,0.0,99.0,47.0,0.11,0.06,0.04,0.0,0.0,0.0,0.0,68871.0
11.0,9.0,43.0,79.0,0.0,0.0,154.0,0.0,0.0,1.0,0.0,0.0,255.0,255.0,1.0,0.0,0.0,0.0,0.0,0.0,0.0,124734.0
22.0,9.0,223.0,8618.0,0.0,1.0,12.0,0.0,0.0,1.0,0.0,0.15,42.0,255.0,1.0,0.0,0.03,0.0,0.0,0.0,0.0,92989.0
19.0,9.0,276.0,0.0,0.0,1.0,1.0,0.0,0.0,1.0,0.0,0.0,255.0,50.0,0.2,0.02,0.0,0.34,0.46,0.0,0.0,107124.0
22.0,9.0,325.0,5627.0,0.0,1.0,8.0,0.0,0.0,1.0,0.0,0.0,255.0,255.0,1.0,0.0,0.0,0.0,0.0,0.0,0.0,25253.0
22.0,9.0,260.0,784.0,0.0,1.0,3.0,0.0,0.0,1.0,0.0,0.0,182.0,255.0,1.0,0.0,0.01,0.01,0.0,0.03,0.0,96805.0
22.0,9.0,329.0,1468.0,0.0,1.0,6.0,0.0,0.0,1.0,0.0,0.33,35.0,255.0,1.0,0.0,0.14,0.0,0.0,0.58,0.0,125242.0
49.0,9.0,800.0,406.0,0.0,1.0,1.0,0.0,0.0,1.0,0.0,0.0,255.0,39.0,0.15,0.06,0.0,0.61,0.0,0.0,0.0,115310.0
11.0,9.0,45.0,103.0,0.0,0.0,164.0,0.0,0.0,1.0,0.0,0.01,255.0,229.0,0.9,0.01,0.0,0.0,0.0,0.0,0.0,71852.0
14.0,9.0,520.0,0.0,0.0,0.0,5.0,0.0,0.0,1.0,0.0,0.0,255.0,255.0,1.0,0.0,0.0,0.0,0.0,0.0,1.0,81934.0
22.0,9.0,315.0,255.0,0.0,1.0,26.0,0.0,0.0,1.0,0.0,0.0,28.0,255.0,1.0,0.0,0.14,0.0,0.0,0.88,0.0,54097.0
22.0,9.0,225.0,269.0,0.0,1.0,15.0,0.0,0.0,1.0,0.0,0.15,255.0,255.0,1.0,0.0,0.0,0.0,0.0,0.0,0.0,97358.0
22.0,9.0,340.0,620.0,0.0,1.0,23.0,0.0,0.0,1.0,0.0,0.0,255.0,255.0,1.0,0.0,0.0,0.0,0.0,0.0,0.0,43098.0
56.0,9.0,0.0,4.0,0.0,0.0,1.0,0.0,0.0,1.0,0.0,0.0,20.0,20.0,1.0,0.0,0.0,0.0,0.0,0.0,0.0,36748.0
22.0,9.0,216.0,2913.0,0.0,1.0,19.0,0.0,0.0,1.0,0.0,0.08,255.0,255.0,1.0,0.0,0.0,0.0,0.0,0.0,0.0,116902.0
18.0,9.0,332.0,1054.0,0.0,1.0,1.0,0.0,0.0,1.0,0.0,0.0,230.0,48.0,0.21,0.03,0.0,0.0,0.0,0.0,0.0,9382.0
49.0,9.0,1757.0,333.0,0.0,1.0,1.0,0.0,0.0,1.0,0.0,0.0,141.0,142.0,0.55,0.07,0.01,0.0,0.0,0.0,0.0,60806.0
49.0,9.0,2449.0,330.0,0.0,1.0,1.0,0.0,0.0,1.0,0.0,0.0,2.0,2.0,1.0,0.0,0.0,0.0,0.0,0.0,0.0,36964.0
22.0,9.0,209.0,1093.0,0.0,1.0,4.0,0.0,0.0,1.0,0.0,0.4,125.0,255.0,1.0,0.0,0.04,0.0,0.0,0.0,0.0,17173.0
22.0,9.0,302.0,1203.0,0.0,1.0,15.0,0.0,0.0,1.0,0.0,0.14,69.0,255.0,1.0,0.0,0.02,0.0,0.0,0.0,0.0,105357.0
22.0,9.0,213.0,2126.0,0.0,1.0,9.0,0.0,0.0,1.0,0.0,0.17,119.0,255.0,1.0,0.0,0.04,0.0,0.0,0.0,0.0,101594.0
22.0,9.0,306.0,1075.0,0.0,1.0,2.0,0.0,0.0,1.0,0.0,0.0,255.0,251.0,0.98,0.01,0.0,0.0,0.0,0.0,0.0,94753.0
22.0,9.0,241.0,3236.0,0.0,1.0,7.0,0.0,0.0,1.0,0.0,0.25,255.0,255.0,1.0,0.0,0.0,0.0,0.0,0.0,0.0,6398.0
49.0,9.0,1237.0,335.0,0.0,1.0,1.0,0.0,0.0,1.0,0.0,1.0,203.0,142.0,0.54,0.01,0.01,0.0,0.0,0.0,0.0,26260.0
22.0,1.0,0.0,0.0,0.0,0.0,1.0,0.0,0.0,1.0,0.0,0.0,46.0,197.0,1.0,0.0,0.02,0.0,0.0,0.94,0.0,114531.0
49.0,9.0,1800.0,334.0,0.0,1.0,1.0,0.0,0.0,1.0,0.0,0.0,128.0,115.0,0.68,0.03,0.02,0.0,0.0,0.0,0.0,14553.0
22.0,9.0,217.0,1885.0,0.0,1.0,2.0,0.0,0.0,1.0,0.0,0.0,255.0,255.0,1.0,0.0,0.0,0.0,0.0,0.0,0.0,105460.0
40.0,9.0,147.0,105.0,0.0,0.0,1.0,0.0,0.0,1.0,0.0,0.0,255.0,1.0,0.0,0.62,0.0,0.0,0.0,0.0,0.0,57583.0
22.0,9.0,327.0,650.0,0.0,1.0,19.0,0.0,0.0,1.0,0.0,0.1,248.0,255.0,1.0,0.0,0.01,0.0,0.0,0.0,0.0,11128.0
22.0,1.0,0.0,0.0,0.0,0.0,1.0,0.0,0.0,1.0,0.0,0.0,22.0,22.0,1.0,0.0,0.0,0.05,0.05,0.95,0.0,97252.0
22.0,9.0,281.0,1693.0,0.0,1.0,5.0,0.0,0.0,1.0,0.0,0.0,49.0,159.0,1.0,0.0,0.03,0.0,0.0,0.0,0.0,95677.0
22.0,9.0,305.0,448.0,0.0,1.0,23.0,0.0,0.0,1.0,0.0,0.08,206.0,255.0,1.0,0.0,0.02,0.0,0.0,0.0,0.0,72326.0
22.0,9.0,225.0,342.0,0.0,1.0,5.0,0.0,0.0,1.0,0.0,0.0,5.0,255.0,1.0,0.0,0.04,0.0,0.0,0.0,0.0,103712.0
22.0,9.0,339.0,260.0,0.0,1.0,17.0,0.0,0.0,1.0,0.0,0.14,110.0,255.0,1.0,0.0,0.04,0.0,0.0,0.0,0.0,5219.0
19.0,9.0,1342.0,0.0,0.0,1.0,4.0,0.0,0.0,1.0,0.0,0.0,65.0,69.0,0.31,0.08,0.03,0.0,0.0,0.0,0.0,94240.0
22.0,9.0,231.0,1056.0,0.0,1.0,7.0,0.0,0.0,1.0,0.0,0.0,14.0,255.0,1.0,0.0,0.02,0.0,0.0,0.0,0.0,65536.0
22.0,9.0,224.0,403.0,0.0,1.0,49.0,0.0,0.0,1.0,0.0,0.0,52.0,255.0,1.0,0.0,0.04,0.0,0.0,0.0,0.0,16142.0
22.0,1.0,0.0,0.0,0.0,0.0,1.0,0.0,0.0,1.0,0.0,0.0,43.0,247.0,1.0,0.0,0.06,0.0,0.0,0.59,0.0,8292.0
22.0,9.0,209.0,2914.0,0.0,1.0,20.0,0.0,0.0,1.0,0.0,0.0,255.0,255.0,1.0,0.0,0.0,0.0,0.0,0.0,0.0,39050.0
44.0,9.0,105.0,146.0,0.0,0.0,4.0,0.0,0.0,1.0,0.0,0.0,255.0,239.0,0.94,0.01,0.0,0.0,0.0,0.0,0.0,98147.0
40.0,9.0,146.0,105.0,0.0,0.0,1.0,0.0,0.0,1.0,0.0,0.0,255.0,1.0,0.0,0.85,0.0,0.0,0.0,0.0,0.0,95650.0
13.0,9.0,30.0,0.0,0.0,0.0,1.0,0.0,0.0,1.0,0.0,0.0,48.0,90.0,0.98,0.04,0.26,0.0,0.0,0.0,0.0,91805.0
22.0,9.0,213.0,6297.0,0.0,1.0,2.0,0.0,0.0,1.0,0.0,0.0,105.0,255.0,1.0,0.0,0.03,0.0,0.0,0.0,0.0,124583.0
13.0,9.0,30.0,0.0,0.0,0.0,2.0,0.0,0.0,0.5,1.0,0.0,255.0,4.0,0.02,0.01,0.0,0.0,0.0,0.0,0.0,49342.0
22.0,9.0,225.0,736.0,0.0,1.0,1.0,0.0,0.0,1.0,0.0,0.67,125.0,255.0,1.0,0.0,0.02,0.0,0.0,0.0,0.0,84133.0
22.0,9.0,301.0,6115.0,0.0,1.0,19.0,0.0,0.0,1.0,0.0,0.0,75.0,255.0,1.0,0.0,0.05,0.0,0.0,0.0,0.0,98011.0
22.0,9.0,240.0,1469.0,0.0,1.0,3.0,0.0,0.0,1.0,0.0,0.0,66.0,255.0,1.0,0.0,0.02,0.0,0.0,0.0,0.0,9318.0
22.0,9.0,302.0,2610.0,0.0,1.0,29.0,0.0,0.0,1.0,0.0,0.06,29.0,255.0,1.0,0.0,0.04,0.0,0.0,0.0,0.0,6077.0
22.0,9.0,268.0,8046.0,0.0,1.0,15.0,0.0,0.0,1.0,0.0,0.0,255.0,255.0,1.0,0.0,0.0,0.0,0.0,0.0,0.0,61331.0
22.0,9.0,171.0,631.0,0.0,1.0,2.0,0.0,0.0,1.0,0.0,0.67,28.0,255.0,1.0,0.0,0.01,0.0,0.0,0.0,0.0,117138.0
22.0,9.0,211.0,2431.0,0.0,1.0,3.0,0.0,0.0,1.0,0.0,0.0,24.0,255.0,1.0,0.0,0.03,0.0,0.0,0.0,0.0,91294.0
49.0,9.0,1911.0,325.0,0.0,1.0,1.0,0.0,0.0,1.0,0.0,0.0,255.0,193.0,0.76,0.02,0.0,0.0,0.0,0.0,0.0,39405.0
11.0,9.0,45.0,72.0,0.0,0.0,184.0,0.0,0.0,1.0,0.0,0.0,255.0,255.0,1.0,0.0,0.0,0.0,0.0,0.0,0.0,31889.0
49.0,9.0,2053.0,360.0,0.0,1.0,1.0,0.0,0.0,1.0,0.0,0.0,142.0,127.0,0.57,0.04,0.02,0.0,0.0,0.0,0.0,1695.0
11.0,9.0,44.0,110.0,0.0,0.0,4.0,0.0,0.0,1.0,0.0,0.0,255.0,252.0,0.99,0.01,0.0,0.0,0.0,0.0,0.0,58549.0
22.0,9.0,360.0,462.0,0.0,1.0,14.0,0.0,0.0,1.0,0.0,0.1,99.0,255.0,1.0,0.0,0.02,0.0,0.0,0.0,0.0,110814.0
22.0,9.0,282.0,11940.0,0.0,1.0,2.0,0.5,0.33,1.0,0.0,0.67,4.0,255.0,1.0,0.0,0.03,0.25,0.0,0.0,0.0,66405.0
19.0,9.0,6932.0,0.0,0.0,0.0,2.0,0.0,0.0,1.0,0.0,0.0,150.0,59.0,0.27,0.05,0.03,0.0,0.0,0.0,0.0,3335.0
22.0,9.0,211.0,365.0,0.0,1.0,10.0,0.0,0.0,1.0,0.0,0.0,255.0,255.0,1.0,0.0,0.0,0.0,0.0,0.0,0.0,5637.0
19.0,9.0,10389.0,0.0,0.0,1.0,6.0,0.0,0.0,1.0,0.0,0.0,93.0,51.0,0.23,0.03,0.04,0.0,0.0,0.0,0.0,78082.0
11.0,9.0,46.0,83.0,0.0,0.0,213.0,0.0,0.0,1.0,0.0,0.0,255.0,232.0,0.91,0.01,0.0,0.0,0.0,0.0,0.0,25676.0
22.0,9.0,343.0,3062.0,0.0,1.0,23.0,0.0,0.0,1.0,0.0,0.0,255.0,255.0,1.0,0.0,0.0,0.0,0.0,0.0,0.0,118004.0
22.0,9.0,298.0,1468.0,0.0,1.0,2.0,0.0,0.0,1.0,0.0,0.0,52.0,255.0,1.0,0.0,0.05,0.0,0.0,0.0,0.0,47510.0
22.0,9.0,317.0,999.0,0.0,1.0,38.0,0.0,0.0,1.0,0.0,0.0,160.0,255.0,1.0,0.0,0.01,0.0,0.0,0.0,0.0,87689.0
22.0,9.0,219.0,1407.0,0.0,1.0,22.0,0.0,0.0,1.0,0.0,0.0,22.0,255.0,1.0,0.0,0.02,0.0,0.0,0.0,0.0,11947.0
22.0,1.0,0.0,0.0,0.0,0.0,1.0,0.0,0.0,1.0,0.0,0.0,21.0,247.0,1.0,0.0,0.26,0.0,0.0,1.0,0.0,104110.0
22.0,1.0,0.0,0.0,0.0,0.0,1.0,0.0,0.0,1.0,0.0,0.0,17.0,255.0,1.0,0.0,0.06,0.0,0.0,0.49,0.0,35732.0
22.0,9.0,234.0,280.0,0.0,1.0,5.0,0.0,0.0,1.0,0.0,0.0,197.0,255.0,1.0,0.0,0.01,0.0,0.0,0.0,0.0,73804.0
49.0,9.0,926.0,328.0,0.0,1.0,1.0,0.0,0.0,1.0,0.0,0.0,8.0,137.0,0.75,0.38,0.01,0.0,0.0,0.0,0.0,53091.0
11.0,9.0,45.0,130.0,0.0,0.0,295.0,0.0,0.0,1.0,0.0,0.0,255.0,253.0,0.99,0.01,0.0,0.0,0.0,0.0,0.0,116474.0
19.0,9.0,965.0,0.0,0.0,1.0,21.0,0.0,0.0,1.0,0.0,0.0,255.0,105.0,0.41,0.04,0.0,0.0,0.01,0.0,0.0,82884.0
58.0,9.0,78.0,0.0,0.0,0.0,12.0,0.0,0.0,0.17,0.17,0.0,255.0,11.0,0.04,0.01,0.0,0.0,0.0,0.0,0.0,88507.0
14.0,9.0,1480.0,0.0,1.0,0.0,2.0,0.0,0.0,1.0,0.0,0.5,2.0,8.0,1.0,0.0,0.5,0.0,0.0,0.0,1.0,67870.0
3.0,9.0,13.0,40.0,0.0,0.0,1.0,0.0,0.0,1.0,0.0,0.0,1.0,3.0,1.0,0.0,0.67,0.0,0.0,0.0,0.0,57729.0
22.0,9.0,215.0,298.0,0.0,1.0,22.0,0.0,0.0,1.0,0.0,0.0,22.0,255.0,1.0,0.0,0.04,0.0,0.0,0.0,0.0,26771.0
22.0,9.0,243.0,775.0,0.0,1.0,10.0,0.0,0.0,1.0,0.0,0.31,255.0,255.0,1.0,0.0,0.0,0.0,0.0,0.0,0.0,125273.0
22.0,6.0,235.0,21900.0,0.0,1.0,1.0,1.0,0.5,1.0,0.0,1.0,255.0,255.0,1.0,0.0,0.0,0.0,0.0,0.0,0.0,5855.0
22.0,1.0,0.0,0.0,0.0,0.0,1.0,0.0,0.0,1.0,0.0,0.0,12.0,22.0,1.0,0.0,0.09,0.0,0.09,0.59,0.0,100221.0
22.0,9.0,194.0,365.0,0.0,1.0,7.0,0.0,0.0,1.0,0.0,0.17,225.0,255.0,1.0,0.0,0.02,0.0,0.0,0.0,0.0,36973.0
11.0,9.0,43.0,74.0,0.0,0.0,124.0,0.0,0.0,1.0,0.0,0.0,255.0,253.0,0.99,0.01,0.0,0.0,0.0,0.0,0.0,110783.0
22.0,9.0,297.0,18555.0,0.0,1.0,8.0,0.0,0.0,1.0,0.0,0.0,19.0,255.0,1.0,0.0,0.05,0.0,0.0,0.0,0.0,70670.0
22.0,9.0,248.0,10556.0,0.0,1.0,32.0,0.0,0.0,1.0,0.0,0.06,255.0,255.0,1.0,0.0,0.0,0.0,0.0,0.0,0.0,122849.0
49.0,9.0,1746.0,386.0,0.0,1.0,1.0,0.0,0.0,1.0,0.0,1.0,254.0,126.0,0.49,0.01,0.02,0.79,0.79,0.0,0.0,69512.0
22.0,9.0,222.0,7462.0,0.0,1.0,2.0,0.0,0.0,1.0,0.0,0.0,13.0,255.0,1.0,0.0,0.04,0.0,0.02,0.0,0.0,51206.0
40.0,9.0,146.0,0.0,0.0,0.0,1.0,0.0,0.0,1.0,0.0,0.0,255.0,1.0,0.0,0.75,0.0,0.0,0.0,0.0,0.0,9038.0
22.0,9.0,54540.0,8314.0,0.0,1.0,3.0,0.0,0.0,1.0,0.0,0.0,36.0,36.0,1.0,0.0,0.0,0.03,0.03,0.03,1.0,115161.0
49.0,9.0,2570.0,499.0,0.0,1.0,1.0,0.0,0.0,1.0,0.0,0.0,255.0,3.0,0.01,0.01,0.0,0.0,0.0,0.0,0.0,47630.0
22.0,9.0,179.0,14496.0,0.0,1.0,1.0,0.0,0.0,1.0,0.0,0.0,84.0,255.0,1.0,0.0,0.03,0.0,0.0,0.0,0.0,13865.0
19.0,9.0,1153.0,0.0,0.0,0.0,2.0,0.0,0.0,1.0,0.0,0.0,39.0,24.0,0.15,0.1,0.08,0.0,0.0,0.0,0.0,121348.0
11.0,9.0,43.0,109.0,0.0,0.0,70.0,0.0,0.0,1.0,0.0,0.01,255.0,254.0,1.0,0.01,0.0,0.0,0.0,0.0,0.0,66648.0
22.0,9.0,202.0,2488.0,0.0,1.0,16.0,0.0,0.0,1.0,0.0,0.16,255.0,255.0,1.0,0.0,0.0,0.0,0.0,0.0,0.0,59293.0
19.0,9.0,19.0,0.0,0.0,0.0,2.0,0.0,0.0,1.0,0.0,0.0,117.0,28.0,0.24,0.05,0.0,0.02,0.0,0.0,0.0,56443.0
49.0,9.0,661.0,397.0,0.0,1.0,1.0,0.0,0.0,1.0,0.0,0.0,5.0,129.0,0.8,0.4,0.02,0.0,0.0,0.0,0.0,3625.0
19.0,9.0,246.0,0.0,0.0,1.0,1.0,0.0,0.0,1.0,0.0,0.0,14.0,41.0,1.0,0.0,0.07,0.0,0.0,0.0,1.0,51841.0
22.0,1.0,0.0,0.0,0.0,0.0,1.0,0.0,0.0,1.0,0.0,1.0,1.0,255.0,1.0,0.0,0.09,0.0,0.0,0.99,0.0,86709.0
22.0,9.0,253.0,635.0,0.0,1.0,9.0,0.0,0.0,1.0,0.0,0.0,118.0,255.0,1.0,0.0,0.02,0.0,0.0,0.0,0.0,25450.0
22.0,9.0,197.0,2449.0,0.0,1.0,6.0,0.0,0.0,1.0,0.0,0.0,6.0,255.0,1.0,0.0,0.05,0.0,0.0,0.0,0.0,74866.0
10.0,9.0,48.0,488.0,0.0,1.0,49.0,0.0,0.0,0.02,0.04,0.0,255.0,1.0,0.0,0.02,0.0,0.0,0.0,0.0,0.0,42324.0
40.0,9.0,4316.0,0.0,0.0,1.0,12.0,0.0,0.0,0.08,0.92,0.0,121.0,1.0,0.01,0.11,0.0,0.0,0.0,0.0,0.0,43226.0
22.0,9.0,220.0,853.0,0.0,1.0,2.0,0.5,0.5,1.0,0.0,0.0,255.0,255.0,1.0,0.0,0.0,0.0,0.0,0.0,0.0,75241.0
22.0,9.0,302.0,258.0,0.0,1.0,2.0,0.0,0.0,1.0,0.0,0.0,255.0,240.0,0.94,0.01,0.0,0.0,0.0,0.02,0.0,79760.0
11.0,9.0,40.0,40.0,0.0,0.0,2.0,0.0,0.0,1.0,0.0,0.6,255.0,235.0,0.92,0.01,0.0,0.0,0.0,0.0,0.0,80362.0
19.0,9.0,637.0,0.0,0.0,0.0,8.0,0.0,0.0,0.88,0.25,0.0,45.0,98.0,0.64,0.16,0.02,0.0,0.0,0.0,0.0,18489.0
22.0,9.0,214.0,363.0,0.0,1.0,20.0,0.0,0.0,1.0,0.0,0.0,103.0,255.0,1.0,0.0,0.04,0.0,0.0,0.0,0.0,54031.0
11.0,9.0,82.0,42.0,0.0,0.0,102.0,0.0,0.0,1.0,0.0,0.0,255.0,166.0,0.65,0.01,0.0,0.0,0.0,0.0,0.0,107154.0
49.0,5.0,0.0,0.0,0.0,0.0,3.0,0.33,0.5,0.67,0.67,0.0,125.0,57.0,0.46,0.04,0.0,0.01,0.02,0.0,0.0,94291.0
22.0,9.0,286.0,267.0,0.0,1.0,4.0,0.0,0.0,1.0,0.0,0.0,200.0,255.0,1.0,0.0,0.02,0.0,0.0,0.0,0.0,28835.0
22.0,9.0,194.0,796.0,0.0,1.0,40.0,0.0,0.0,1.0,0.0,0.05,255.0,255.0,1.0,0.0,0.0,0.0,0.0,0.0,0.0,117296.0
49.0,9.0,687.0,339.0,0.0,1.0,1.0,0.0,0.0,1.0,0.0,0.0,21.0,137.0,0.57,0.14,0.01,0.0,0.0,0.0,0.0,23546.0
11.0,9.0,42.0,42.0,0.0,0.0,4.0,0.0,0.0,1.0,0.0,0.33,255.0,250.0,0.98,0.01,0.0,0.0,0.0,0.0,0.0,19332.0
49.0,9.0,1845.0,366.0,0.0,1.0,1.0,0.0,0.0,1.0,0.0,1.0,226.0,156.0,0.69,0.02,0.0,0.0,0.0,0.0,0.0,38981.0
11.0,9.0,44.0,130.0,0.0,0.0,159.0,0.0,0.0,1.0,0.0,0.0,255.0,255.0,1.0,0.0,0.0,0.0,0.0,0.0,0.0,2782.0
22.0,9.0,271.0,237.0,0.0,1.0,3.0,0.0,0.0,1.0,0.0,0.0,36.0,255.0,1.0,0.0,0.02,0.0,0.0,0.0,0.0,102236.0
11.0,9.0,46.0,133.0,0.0,0.0,77.0,0.0,0.0,1.0,0.0,0.01,255.0,208.0,0.82,0.02,0.0,0.0,0.0,0.0,0.0,120379.0
22.0,9.0,245.0,14884.0,0.0,1.0,1.0,0.0,0.0,1.0,0.0,0.0,1.0,255.0,1.0,0.0,0.03,0.0,0.0,0.0,0.0,12757.0
22.0,1.0,0.0,0.0,0.0,0.0,1.0,0.0,0.0,1.0,0.0,0.0,1.0,48.0,1.0,0.0,0.21,0.0,0.0,1.0,0.0,78981.0
22.0,9.0,226.0,5260.0,0.0,1.0,11.0,0.0,0.0,1.0,0.0,0.0,255.0,255.0,1.0,0.0,0.0,0.0,0.0,0.0,0.0,125139.0
22.0,9.0,316.0,292.0,0.0,1.0,11.0,0.0,0.0,1.0,0.0,0.0,110.0,255.0,1.0,0.0,0.04,0.0,0.0,0.0,0.0,44917.0
19.0,9.0,74.0,0.0,0.0,1.0,2.0,0.0,0.0,1.0,0.0,0.0,7.0,11.0,0.71,0.29,0.18,0.0,0.0,0.0,0.0,38786.0
18.0,9.0,196.0,644.0,0.0,1.0,1.0,0.0,0.0,1.0,0.0,0.0,127.0,39.0,0.31,0.02,0.0,0.0,0.0,0.0,0.0,54249.0
11.0,9.0,44.0,136.0,0.0,0.0,45.0,0.0,0.0,1.0,0.0,0.02,185.0,196.0,0.78,0.02,0.01,0.0,0.0,0.0,0.0,30961.0
22.0,1.0,0.0,0.0,0.0,0.0,1.0,0.0,0.0,1.0,0.0,0.0,18.0,129.0,1.0,0.0,0.07,0.0,0.0,1.0,0.0,123685.0
14.0,9.0,1480.0,0.0,1.0,0.0,3.0,0.0,0.0,1.0,0.0,0.0,255.0,4.0,0.02,0.08,0.0,0.6,0.0,0.0,1.0,31799.0
22.0,9.0,328.0,3411.0,0.0,1.0,4.0,0.0,0.0,1.0,0.0,0.15,4.0,255.0,1.0,0.0,0.05,0.0,0.0,0.0,0.0,123796.0
22.0,9.0,314.0,1961.0,0.0,1.0,6.0,0.0,0.0,1.0,0.0,0.17,16.0,255.0,1.0,0.0,0.04,0.0,0.0,0.0,0.0,85541.0
22.0,9.0,279.0,3869.0,0.0,1.0,17.0,0.0,0.0,1.0,0.0,0.0,59.0,255.0,1.0,0.0,0.06,0.0,0.0,0.0,0.0,57128.0
49.0,9.0,674.0,328.0,0.0,1.0,1.0,0.0,0.0,1.0,0.0,0.0,63.0,140.0,0.6,0.05,0.01,0.0,0.0,0.0,0.0,101782.0
22.0,9.0,225.0,833.0,0.0,1.0,3.0,0.0,0.0,1.0,0.0,0.5,33.0,255.0,1.0,0.0,0.05,0.0,0.0,0.0,0.0,77782.0
22.0,9.0,302.0,11161.0,0.0,1.0,6.0,0.0,0.0,1.0,0.0,0.25,255.0,255.0,1.0,0.0,0.0,0.0,0.0,0.0,0.0,27234.0
11.0,9.0,44.0,135.0,0.0,0.0,89.0,0.0,0.0,1.0,0.0,0.03,255.0,255.0,1.0,0.0,0.0,0.0,0.0,0.0,0.0,45283.0
22.0,9.0,164.0,2365.0,0.0,1.0,6.0,0.0,0.0,1.0,0.0,0.0,255.0,255.0,1.0,0.0,0.0,0.0,0.0,0.0,0.0,72472.0
22.0,9.0,54540.0,8314.0,0.0,1.0,4.0,0.0,0.0,1.0,0.0,0.0,32.0,32.0,1.0,0.0,0.0,0.0,0.0,0.34,1.0,14991.0
22.0,9.0,308.0,593.0,0.0,1.0,6.0,0.0,0.0,1.0,0.0,0.0,255.0,255.0,1.0,0.0,0.0,0.0,0.0,0.0,0.0,22504.0
11.0,9.0,44.0,76.0,0.0,0.0,126.0,0.0,0.0,1.0,0.0,0.0,255.0,224.0,0.88,0.01,0.0,0.0,0.0,0.0,0.0,114068.0
49.0,9.0,838.0,337.0,0.0,1.0,1.0,0.0,0.0,1.0,0.0,1.0,121.0,200.0,0.68,0.02,0.01,0.0,0.0,0.0,0.0,37603.0
19.0,9.0,9.0,0.0,0.0,1.0,2.0,0.0,0.0,1.0,0.0,0.0,112.0,70.0,0.36,0.03,0.04,0.0,0.0,0.0,0.0,22372.0
22.0,9.0,335.0,334.0,0.0,1.0,1.0,0.0,0.0,1.0,0.0,0.0,1.0,255.0,1.0,0.0,0.04,0.0,0.0,0.0,0.0,83027.0
49.0,9.0,949.0,337.0,0.0,1.0,1.0,0.0,0.0,1.0,0.0,0.0,3.0,157.0,1.0,0.0,0.02,0.0,0.0,0.0,0.0,47834.0
22.0,9.0,167.0,3370.0,0.0,1.0,1.0,0.0,0.0,1.0,0.0,0.0,35.0,255.0,1.0,0.0,0.05,0.0,0.0,0.0,0.0,10413.0
3.0,9.0,9.0,34.0,0.0,1.0,1.0,0.0,0.0,1.0,0.0,0.0,38.0,9.0,0.11,0.13,0.33,0.0,0.0,0.0,0.0,72585.0
22.0,9.0,327.0,1404.0,0.0,1.0,13.0,0.0,0.0,1.0,0.0,0.11,13.0,255.0,1.0,0.0,0.02,0.0,0.0,0.0,0.0,93487.0
19.0,9.0,12.0,0.0,0.0,1.0,1.0,0.0,0.0,1.0,0.0,0.0,115.0,122.0,0.57,0.02,0.02,0.0,0.0,0.0,0.0,68066.0
18.0,9.0,1495.0,4152.0,0.0,1.0,1.0,0.0,0.0,1.0,0.0,0.0,52.0,12.0,0.23,0.12,0.0,0.0,0.0,0.0,0.0,24395.0
22.0,9.0,294.0,5173.0,0.0,1.0,14.0,0.0,0.0,1.0,0.0,0.14,14.0,255.0,1.0,0.0,0.02,0.0,0.0,0.0,0.0,118715.0
22.0,9.0,144.0,5086.0,0.0,1.0,1.0,0.0,0.0,1.0,0.0,0.0,13.0,255.0,1.0,0.0,0.05,0.0,0.01,0.01,0.0,25492.0
22.0,9.0,308.0,1512.0,0.0,1.0,5.0,0.0,0.0,1.0,0.0,0.0,255.0,255.0,1.0,0.0,0.0,0.0,0.0,0.01,0.0,31934.0
22.0,9.0,205.0,709.0,0.0,1.0,15.0,0.0,0.0,1.0,0.0,0.12,106.0,255.0,1.0,0.0,0.02,0.0,0.0,0.0,0.0,57216.0
44.0,9.0,105.0,145.0,0.0,0.0,1.0,0.0,0.0,1.0,0.0,0.0,255.0,229.0,0.9,0.01,0.0,0.0,0.0,0.0,0.0,19469.0
22.0,9.0,332.0,1025.0,0.0,1.0,12.0,0.0,0.0,1.0,0.0,0.09,255.0,255.0,1.0,0.0,0.0,0.0,0.0,0.0,0.0,26386.0
49.0,9.0,0.0,91.0,0.0,1.0,1.0,0.0,0.0,1.0,0.0,0.0,6.0,51.0,0.17,1.0,0.04,0.0,0.0,0.0,1.0,96410.0
49.0,9.0,1531.0,329.0,0.0,1.0,1.0,0.0,0.0,1.0,0.0,1.0,79.0,50.0,0.63,0.08,0.0,0.0,0.0,0.0,0.0,66045.0
22.0,9.0,296.0,4416.0,0.0,1.0,9.0,0.0,0.0,1.0,0.0,0.0,66.0,255.0,1.0,0.0,0.05,0.0,0.01,0.0,0.0,62082.0
22.0,9.0,333.0,5241.0,0.0,1.0,14.0,0.0,0.0,1.0,0.0,0.08,14.0,255.0,1.0,0.0,0.02,0.0,0.0,0.0,0.0,31745.0
22.0,9.0,174.0,4460.0,0.0,1.0,5.0,0.0,0.0,1.0,0.0,0.18,182.0,255.0,1.0,0.0,0.02,0.0,0.0,0.0,0.0,77832.0
22.0,9.0,296.0,1227.0,0.0,1.0,1.0,0.0,0.0,1.0,0.0,0.0,18.0,18.0,1.0,0.0,0.0,0.0,0.0,0.0,0.0,71384.0
49.0,9.0,916.0,336.0,0.0,1.0,1.0,0.0,0.0,1.0,0.0,0.0,255.0,145.0,0.57,0.03,0.0,0.0,0.0,0.0,0.0,106371.0
22.0,9.0,312.0,2314.0,0.0,1.0,7.0,0.0,0.0,1.0,0.0,0.15,25.0,255.0,1.0,0.0,0.03,0.0,0.0,0.0,0.0,59143.0
22.0,9.0,300.0,370.0,0.0,1.0,7.0,0.0,0.0,1.0,0.0,0.0,7.0,255.0,1.0,0.0,0.01,0.0,0.0,0.0,0.0,93100.0
22.0,1.0,0.0,0.0,0.0,0.0,1.0,0.0,0.0,1.0,0.0,1.0,48.0,171.0,1.0,0.0,0.03,0.0,0.0,1.0,0.0,43484.0
22.0,9.0,339.0,334.0,0.0,1.0,25.0,0.0,0.0,1.0,0.0,0.12,255.0,255.0,1.0,0.0,0.0,0.0,0.0,0.0,0.0,124460.0
22.0,9.0,258.0,1772.0,0.0,1.0,1.0,0.0,0.0,1.0,0.0,0.75,38.0,255.0,1.0,0.0,0.07,0.0,0.0,0.0,0.0,81693.0
22.0,9.0,234.0,761.0,0.0,1.0,10.0,0.0,0.0,1.0,0.0,0.0,38.0,255.0,1.0,0.0,0.07,0.0,0.0,0.0,0.0,45965.0
19.0,9.0,5929.0,0.0,0.0,1.0,13.0,0.0,0.0,1.0,0.0,0.0,86.0,121.0,0.57,0.03,0.02,0.0,0.0,0.0,0.0,14551.0
11.0,9.0,44.0,77.0,0.0,0.0,120.0,0.0,0.0,1.0,0.0,0.0,255.0,176.0,0.69,0.01,0.0,0.0,0.0,0.0,0.0,54453.0
22.0,9.0,156.0,6139.0,0.0,1.0,17.0,0.0,0.0,1.0,0.0,0.15,17.0,255.0,1.0,0.0,0.04,0.0,0.0,0.0,0.0,13252.0
14.0,9.0,1480.0,0.0,1.0,0.0,1.0,0.0,0.0,1.0,0.0,0.67,1.0,7.0,1.0,0.0,0.57,0.0,0.0,0.0,1.0,45632.0
22.0,9.0,293.0,868.0,0.0,1.0,9.0,0.0,0.0,1.0,0.0,0.0,255.0,255.0,1.0,0.0,0.0,0.0,0.0,0.0,0.0,34695.0
49.0,9.0,1458.0,330.0,0.0,1.0,1.0,0.0,0.0,1.0,0.0,0.0,121.0,88.0,0.73,0.02,0.0,0.0,0.0,0.0,0.0,30219.0
22.0,9.0,331.0,278.0,0.0,1.0,12.0,0.0,0.0,1.0,0.0,0.0,255.0,237.0,0.93,0.02,0.0,0.0,0.0,0.0,0.0,18177.0
19.0,9.0,641.0,0.0,0.0,1.0,2.0,0.0,0.0,1.0,0.0,0.0,47.0,29.0,0.62,0.06,0.0,0.0,0.0,0.0,0.0,25435.0
22.0,9.0,207.0,5981.0,0.0,1.0,23.0,0.0,0.0,1.0,0.0,0.0,87.0,255.0,1.0,0.0,0.01,0.01,0.0,0.0,0.0,96972.0
22.0,1.0,0.0,0.0,0.0,0.0,1.0,0.0,0.0,1.0,0.0,0.0,29.0,202.0,1.0,0.0,0.19,0.0,0.0,1.0,0.0,77036.0
17.0,9.0,8.0,138.0,0.0,0.0,1.0,0.0,0.0,1.0,0.0,0.0,138.0,7.0,0.05,0.04,0.0,0.0,0.0,0.0,0.0,30663.0
49.0,9.0,867.0,330.0,0.0,1.0,1.0,0.0,0.0,1.0,0.0,1.0,151.0,183.0,0.7,0.03,0.01,0.01,0.01,0.0,0.0,38587.0
22.0,1.0,0.0,0.0,0.0,0.0,1.0,0.0,0.0,1.0,0.0,0.0,228.0,255.0,1.0,0.0,0.03,0.0,0.0,0.4,0.0,85080.0
22.0,9.0,224.0,3629.0,0.0,1.0,2.0,0.0,0.0,1.0,0.0,0.2,255.0,255.0,1.0,0.0,0.0,0.0,0.0,0.0,0.0,102745.0
58.0,9.0,183.0,0.0,0.0,0.0,2.0,0.0,0.0,0.5,1.0,0.0,255.0,14.0,0.05,0.01,0.0,0.0,0.0,0.0,0.0,95242.0
11.0,9.0,45.0,45.0,0.0,0.0,114.0,0.0,0.0,1.0,0.0,0.01,255.0,255.0,1.0,0.0,0.0,0.0,0.0,0.0,0.0,33429.0
22.0,9.0,372.0,345.0,0.0,1.0,15.0,0.0,0.0,1.0,0.0,0.0,255.0,255.0,1.0,0.0,0.0,0.0,0.0,0.0,0.0,38702.0
22.0,1.0,0.0,0.0,0.0,0.0,1.0,0.0,0.0,1.0,0.0,1.0,214.0,255.0,1.0,0.0,0.01,0.0,0.01,0.13,0.0,85841.0
19.0,9.0,5558.0,0.0,0.0,1.0,15.0,0.0,0.0,1.0,0.0,0.0,156.0,86.0,0.33,0.03,0.02,0.0,0.0,0.0,0.0,70718.0
55.0,9.0,168.0,3490.0,0.0,1.0,1.0,0.0,0.0,1.0,0.0,0.0,237.0,63.0,0.27,0.02,0.0,0.0,0.0,0.0,0.0,45407.0
22.0,9.0,297.0,1125.0,0.0,1.0,11.0,0.0,0.0,1.0,0.0,0.22,255.0,255.0,1.0,0.0,0.0,0.0,0.0,0.0,0.0,43847.0
11.0,9.0,44.0,72.0,0.0,0.0,83.0,0.0,0.0,1.0,0.0,0.0,255.0,227.0,0.89,0.01,0.0,0.0,0.0,0.0,0.0,8218.0
22.0,9.0,293.0,1214.0,0.0,1.0,5.0,0.0,0.0,1.0,0.0,0.25,255.0,255.0,1.0,0.0,0.0,0.0,0.0,0.0,0.0,91407.0
22.0,9.0,161.0,27576.0,0.0,1.0,1.0,0.0,0.0,1.0,0.0,0.33,255.0,255.0,1.0,0.0,0.0,0.0,0.0,0.0,0.0,92974.0
19.0,9.0,501760.0,0.0,0.0,0.0,2.0,0.0,0.0,1.0,0.0,0.0,148.0,62.0,0.42,0.03,0.0,0.0,0.0,0.0,0.0,48760.0
11.0,9.0,110.0,44.0,0.0,0.0,1.0,0.0,0.0,1.0,0.0,0.0,33.0,21.0,0.64,0.06,0.0,0.0,0.0,0.0,0.0,91924.0
22.0,9.0,152.0,8718.0,0.0,1.0,1.0,0.0,0.0,1.0,0.0,0.0,197.0,255.0,1.0,0.0,0.02,0.0,0.0,0.0,0.0,75524.0
22.0,9.0,288.0,879.0,0.0,1.0,21.0,0.0,0.0,1.0,0.0,0.09,21.0,255.0,1.0,0.0,0.01,0.0,0.0,0.0,0.0,118453.0
49.0,9.0,1163.0,326.0,0.0,1.0,1.0,0.0,0.0,1.0,0.0,0.0,90.0,167.0,0.73,0.04,0.02,0.01,0.01,0.0,0.0,101650.0
19.0,9.0,4539.0,0.0,0.0,0.0,21.0,0.0,0.0,1.0,0.0,0.0,255.0,112.0,0.44,0.03,0.0,0.0,0.0,0.0,0.0,33376.0
22.0,9.0,306.0,1041.0,0.0,1.0,18.0,0.0,0.0,1.0,0.0,0.0,78.0,255.0,1.0,0.0,0.04,0.0,0.0,0.0,0.0,7602.0
22.0,9.0,252.0,1564.0,0.0,1.0,7.0,0.0,0.0,1.0,0.0,0.0,255.0,255.0,1.0,0.0,0.0,0.0,0.0,0.0,0.0,56757.0
22.0,9.0,328.0,7568.0,0.0,1.0,5.0,0.0,0.0,1.0,0.0,0.0,27.0,255.0,1.0,0.0,0.02,0.0,0.0,0.0,0.0,43866.0
40.0,9.0,145.0,0.0,0.0,0.0,3.0,0.0,0.0,0.33,0.67,0.0,255.0,1.0,0.0,0.79,0.0,0.0,0.0,0.0,0.0,110061.0
22.0,9.0,195.0,317.0,0.0,1.0,1.0,0.0,0.0,1.0,0.0,0.0,104.0,255.0,1.0,0.0,0.01,0.0,0.0,0.0,0.0,85314.0
13.0,9.0,8.0,0.0,0.0,0.0,1.0,0.0,0.0,1.0,0.0,0.0,255.0,2.0,0.01,0.08,0.0,0.53,0.0,0.0,1.0,45419.0
11.0,9.0,45.0,76.0,0.0,0.0,169.0,0.0,0.0,1.0,0.0,0.01,255.0,229.0,0.9,0.01,0.0,0.0,0.0,0.0,0.0,53219.0
11.0,9.0,44.0,110.0,0.0,0.0,1.0,0.0,0.0,1.0,0.0,0.0,23.0,51.0,0.7,0.09,0.04,0.0,0.0,0.0,0.0,114027.0
22.0,9.0,325.0,1875.0,0.0,1.0,13.0,0.0,0.0,1.0,0.0,0.0,65.0,255.0,1.0,0.0,0.06,0.0,0.0,0.0,0.0,43592.0
22.0,9.0,54540.0,8314.0,0.0,1.0,2.0,0.0,0.0,1.0,0.0,0.0,255.0,255.0,1.0,0.0,0.0,0.0,0.0,0.03,1.0,39669.0
11.0,9.0,43.0,107.0,0.0,0.0,2.0,0.0,0.0,1.0,0.0,0.5,255.0,248.0,0.97,0.01,0.0,0.0,0.0,0.0,0.0,100238.0
17.0,9.0,8.0,0.0,0.0,0.0,2.0,0.0,0.0,0.5,1.0,0.0,60.0,12.0,0.08,0.03,0.17,0.0,0.0,0.0,0.0,81391.0
40.0,9.0,2890.0,0.0,0.0,1.0,9.0,0.11,0.0,0.11,0.33,0.0,255.0,1.0,0.0,0.06,0.0,0.02,0.0,0.0,0.0,96140.0
22.0,9.0,218.0,4682.0,0.0,1.0,1.0,0.0,0.0,1.0,0.0,0.0,3.0,255.0,1.0,0.0,0.06,0.0,0.0,0.0,0.0,46112.0
49.0,9.0,832.0,330.0,0.0,1.0,1.0,0.0,0.0,1.0,0.0,0.0,211.0,109.0,0.38,0.03,0.02,0.0,0.0,0.0,0.0,54589.0
22.0,9.0,260.0,9584.0,0.0,1.0,5.0,0.0,0.0,1.0,0.0,0.0,255.0,255.0,1.0,0.0,0.0,0.0,0.0,0.0,0.0,101074.0
22.0,9.0,314.0,279.0,0.0,1.0,3.0,0.0,0.0,1.0,0.0,0.5,170.0,255.0,1.0,0.0,0.03,0.0,0.0,0.0,0.0,34316.0
22.0,6.0,266.0,24527.0,0.0,1.0,1.0,1.0,1.0,1.0,0.0,0.0,42.0,255.0,1.0,0.0,0.05,0.02,0.0,0.0,0.0,88854.0
22.0,9.0,218.0,454.0,0.0,1.0,18.0,0.0,0.0,1.0,0.0,0.0,255.0,255.0,1.0,0.0,0.0,0.0,0.0,0.0,0.0,122909.0
49.0,9.0,1553.0,334.0,0.0,1.0,1.0,0.0,0.0,1.0,0.0,0.0,222.0,149.0,0.65,0.03,0.01,0.02,0.02,0.0,0.0,100011.0
11.0,9.0,44.0,72.0,0.0,0.0,300.0,0.0,0.0,1.0,0.0,0.0,255.0,254.0,1.0,0.01,0.0,0.0,0.0,0.0,0.0,101519.0
55.0,9.0,1832.0,37667.0,0.0,1.0,1.0,0.0,0.0,1.0,0.0,0.0,255.0,77.0,0.3,0.02,0.0,0.44,0.66,0.01,0.0,90926.0
58.0,9.0,182.0,0.0,0.0,0.0,2.0,0.0,0.0,0.5,1.0,0.0,255.0,18.0,0.07,0.01,0.0,0.0,0.0,0.0,0.0,11918.0
22.0,9.0,327.0,788.0,0.0,1.0,4.0,0.0,0.0,1.0,0.0,0.4,255.0,255.0,1.0,0.0,0.0,0.0,0.0,0.0,0.0,79175.0
22.0,9.0,281.0,307.0,0.0,1.0,9.0,0.0,0.0,1.0,0.0,0.18,255.0,255.0,1.0,0.0,0.0,0.0,0.0,0.0,0.0,17237.0
22.0,9.0,227.0,253.0,0.0,1.0,2.0,0.0,0.0,1.0,0.0,0.0,36.0,255.0,1.0,0.0,0.07,0.0,0.0,0.0,0.0,112602.0
3.0,9.0,10.0,35.0,0.0,0.0,2.0,0.0,0.0,0.5,1.0,0.0,61.0,11.0,0.03,0.11,0.18,0.0,0.0,0.0,0.0,108699.0
22.0,9.0,206.0,306.0,0.0,1.0,3.0,0.0,0.0,1.0,0.0,0.0,255.0,255.0,1.0,0.0,0.0,0.0,0.0,0.0,0.0,98699.0
11.0,9.0,42.0,42.0,0.0,0.0,6.0,0.0,0.0,1.0,0.0,0.25,255.0,247.0,0.97,0.01,0.0,0.0,0.0,0.0,0.0,43655.0
49.0,9.0,1031.0,335.0,0.0,1.0,1.0,0.0,0.0,1.0,0.0,0.0,41.0,92.0,0.71,0.05,0.02,0.0,0.0,0.0,0.0,65143.0
22.0,1.0,0.0,0.0,0.0,0.0,1.0,0.0,0.0,1.0,0.0,1.0,3.0,67.0,1.0,0.0,0.31,0.0,0.0,1.0,0.0,23599.0
22.0,9.0,321.0,2486.0,0.0,1.0,19.0,0.0,0.0,1.0,0.0,0.15,255.0,255.0,1.0,0.0,0.0,0.0,0.0,0.0,0.0,99893.0
18.0,9.0,1503.0,4152.0,0.0,1.0,1.0,0.0,0.0,1.0,0.0,1.0,113.0,23.0,0.2,0.04,0.0,0.0,0.0,0.0,0.0,12160.0
44.0,9.0,105.0,0.0,0.0,0.0,1.0,0.0,0.0,1.0,0.0,0.0,15.0,15.0,1.0,0.0,0.0,0.0,0.0,0.0,0.0,58134.0
22.0,9.0,222.0,1771.0,0.0,1.0,13.0,0.0,0.0,1.0,0.0,0.0,55.0,255.0,1.0,0.0,0.03,0.0,0.0,0.0,0.0,87037.0
22.0,1.0,0.0,0.0,0.0,0.0,1.0,0.0,0.0,1.0,0.0,1.0,2.0,255.0,1.0,0.0,0.09,0.0,0.0,0.74,0.0,59976.0
11.0,9.0,46.0,46.0,0.0,0.0,115.0,0.0,0.0,0.99,0.02,0.0,255.0,254.0,1.0,0.01,0.0,0.0,0.0,0.0,0.0,1927.0
22.0,9.0,321.0,1259.0,0.0,1.0,16.0,0.0,0.0,1.0,0.0,0.1,100.0,255.0,1.0,0.0,0.02,0.0,0.0,0.0,0.0,79904.0
17.0,9.0,7.0,137.0,0.0,0.0,1.0,0.0,0.0,1.0,0.0,0.0,120.0,11.0,0.04,0.02,0.18,0.0,0.0,0.0,0.0,85478.0
49.0,9.0,2063.0,334.0,0.0,1.0,3.0,0.0,0.0,0.33,0.67,0.0,126.0,130.0,0.44,0.06,0.02,0.0,0.0,0.0,0.0,10542.0
49.0,9.0,1150.0,334.0,0.0,1.0,1.0,0.0,0.0,1.0,0.0,0.0,198.0,147.0,0.74,0.03,0.0,0.0,0.0,0.0,0.0,28947.0
22.0,9.0,252.0,2018.0,0.0,1.0,1.0,0.0,0.0,1.0,0.0,0.0,255.0,250.0,0.98,0.01,0.0,0.0,0.0,0.0,0.0,35058.0
19.0,9.0,1199.0,0.0,0.0,1.0,2.0,0.0,0.0,1.0,0.0,0.0,8.0,8.0,1.0,0.0,0.0,0.0,0.0,0.0,0.0,30277.0
22.0,9.0,248.0,2313.0,0.0,1.0,23.0,0.0,0.0,1.0,0.0,0.08,23.0,255.0,1.0,0.0,0.01,0.0,0.0,0.0,0.0,580.0
22.0,9.0,422.0,5369.0,0.0,1.0,1.0,0.0,0.0,1.0,0.0,0.0,255.0,255.0,1.0,0.0,0.0,0.0,0.0,0.0,0.0,66006.0
22.0,9.0,236.0,540.0,0.0,1.0,11.0,0.0,0.0,1.0,0.0,0.0,31.0,255.0,1.0,0.0,0.01,0.0,0.0,0.0,0.0,4435.0
22.0,1.0,0.0,0.0,0.0,0.0,1.0,0.0,0.0,1.0,0.0,0.0,5.0,22.0,1.0,0.0,0.09,0.0,0.09,0.27,0.0,23687.0
22.0,9.0,327.0,622.0,0.0,1.0,11.0,0.0,0.0,1.0,0.0,0.0,255.0,255.0,1.0,0.0,0.0,0.0,0.0,0.0,0.0,112025.0
22.0,9.0,282.0,8544.0,0.0,1.0,1.0,0.0,0.0,1.0,0.0,0.25,4.0,78.0,1.0,0.0,0.1,0.25,0.01,0.0,0.0,22083.0
22.0,9.0,236.0,258.0,0.0,1.0,26.0,0.0,0.0,1.0,0.0,0.0,54.0,255.0,1.0,0.0,0.05,0.0,0.0,0.0,0.0,16440.0
22.0,9.0,347.0,1262.0,0.0,1.0,18.0,0.0,0.0,1.0,0.0,0.0,79.0,255.0,1.0,0.0,0.02,0.01,0.0,0.0,0.0,79833.0
11.0,9.0,44.0,135.0,0.0,0.0,69.0,0.0,0.0,1.0,0.0,0.01,255.0,255.0,1.0,0.0,0.0,0.0,0.0,0.0,0.0,6450.0
44.0,9.0,105.0,0.0,0.0,0.0,2.0,0.0,0.0,1.0,0.0,0.0,255.0,115.0,0.45,0.01,0.0,0.0,0.0,0.0,0.0,116655.0
22.0,9.0,322.0,998.0,0.0,1.0,8.0,0.0,0.0,1.0,0.0,0.0,255.0,255.0,1.0,0.0,0.0,0.0,0.0,0.0,0.0,45055.0
22.0,9.0,227.0,1920.0,0.0,1.0,8.0,0.0,0.0,1.0,0.0,0.1,137.0,255.0,1.0,0.0,0.02,0.0,0.0,0.0,0.0,66727.0
22.0,9.0,241.0,1481.0,0.0,1.0,12.0,0.0,0.0,1.0,0.0,0.12,220.0,255.0,1.0,0.0,0.03,0.0,0.0,0.0,0.0,36706.0
22.0,9.0,237.0,1249.0,0.0,1.0,4.0,0.0,0.0,1.0,0.0,0.2,255.0,255.0,1.0,0.0,0.0,0.0,0.0,0.0,0.0,58323.0
22.0,9.0,226.0,15050.0,0.0,1.0,1.0,0.0,0.0,1.0,0.0,0.75,50.0,255.0,1.0,0.0,0.02,0.02,0.0,0.09,0.0,45923.0
22.0,9.0,307.0,2625.0,0.0,1.0,11.0,0.0,0.0,1.0,0.0,0.0,148.0,255.0,1.0,0.0,0.02,0.0,0.0,0.0,0.0,122709.0
22.0,9.0,295.0,3091.0,0.0,1.0,8.0,0.0,0.0,1.0,0.0,0.0,8.0,255.0,1.0,0.0,0.05,0.0,0.0,0.0,0.0,107277.0
55.0,9.0,449.0,14588.0,0.0,1.0,1.0,0.0,0.0,1.0,0.0,0.0,255.0,6.0,0.02,0.06,0.0,0.93,0.0,0.33,0.0,53799.0
49.0,9.0,1894.0,386.0,0.0,1.0,1.0,0.0,0.0,1.0,0.0,0.0,255.0,50.0,0.2,0.02,0.0,0.6,0.0,0.0,0.0,58018.0
49.0,9.0,1440.0,335.0,0.0,1.0,1.0,0.0,0.0,1.0,0.0,0.0,162.0,78.0,0.17,0.44,0.03,0.0,0.0,0.0,0.0,104502.0
49.0,9.0,578.0,333.0,0.0,1.0,1.0,0.0,0.0,1.0,0.0,1.0,73.0,148.0,0.74,0.04,0.01,0.0,0.0,0.0,0.0,119599.0
19.0,9.0,4892.0,0.0,0.0,1.0,8.0,0.0,0.0,1.0,0.0,0.0,106.0,94.0,0.19,0.05,0.02,0.0,0.0,0.0,0.0,49737.0
49.0,9.0,1021.0,331.0,0.0,1.0,1.0,0.0,0.0,1.0,0.0,0.0,6.0,199.0,0.83,0.33,0.02,0.0,0.0,0.0,0.0,41295.0
49.0,9.0,1079.0,326.0,0.0,1.0,1.0,0.0,0.0,1.0,0.0,0.0,2.0,131.0,1.0,0.0,0.02,0.0,0.0,0.0,0.0,81980.0
22.0,9.0,215.0,466.0,0.0,1.0,1.0,0.0,0.0,1.0,0.0,0.4,1.0,255.0,1.0,0.0,0.02,0.0,0.0,0.0,0.0,101466.0
19.0,9.0,201.0,0.0,0.0,1.0,14.0,0.0,0.0,0.93,0.14,0.0,255.0,86.0,0.34,0.02,0.0,0.0,0.0,0.0,0.0,55132.0
11.0,9.0,45.0,45.0,0.0,0.0,161.0,0.0,0.0,0.99,0.01,0.01,255.0,254.0,1.0,0.01,0.0,0.0,0.0,0.0,0.0,46823.0
22.0,9.0,312.0,285.0,0.0,1.0,17.0,0.0,0.0,1.0,0.0,0.0,255.0,255.0,1.0,0.0,0.0,0.0,0.0,0.0,0.0,20612.0
22.0,9.0,226.0,3102.0,0.0,1.0,11.0,0.0,0.0,1.0,0.0,0.0,83.0,255.0,1.0,0.0,0.02,0.0,0.0,0.0,0.0,112205.0
22.0,9.0,276.0,5100.0,0.0,1.0,5.0,0.0,0.0,1.0,0.0,0.12,10.0,255.0,1.0,0.0,0.05,0.0,0.0,0.0,0.0,55245.0
58.0,9.0,78.0,0.0,0.0,0.0,43.0,0.0,0.0,0.14,0.05,0.0,255.0,11.0,0.04,0.01,0.0,0.0,0.0,0.0,0.0,99774.0
22.0,9.0,300.0,5133.0,0.0,1.0,15.0,0.0,0.0,1.0,0.0,0.2,255.0,255.0,1.0,0.0,0.0,0.0,0.0,0.0,0.0,105577.0
18.0,9.0,905.0,2586.0,0.0,1.0,1.0,0.0,0.0,1.0,0.0,0.0,80.0,27.0,0.34,0.04,0.0,0.0,0.0,0.0,0.0,121746.0
22.0,9.0,228.0,12471.0,0.0,1.0,18.0,0.0,0.0,1.0,0.0,0.0,39.0,255.0,1.0,0.0,0.02,0.0,0.0,0.0,0.0,38658.0
11.0,9.0,45.0,115.0,0.0,0.0,1.0,0.0,0.0,1.0,0.0,1.0,255.0,234.0,0.92,0.01,0.0,0.0,0.0,0.0,0.0,47088.0
22.0,9.0,208.0,894.0,0.0,1.0,21.0,0.0,0.0,1.0,0.0,0.09,255.0,255.0,1.0,0.0,0.0,0.0,0.0,0.0,0.0,90968.0
11.0,9.0,45.0,130.0,0.0,0.0,173.0,0.0,0.0,1.0,0.0,0.0,98.0,59.0,0.6,0.03,0.0,0.0,0.0,0.0,0.0,35067.0
22.0,9.0,225.0,1160.0,0.0,1.0,7.0,0.0,0.0,1.0,0.0,0.0,255.0,255.0,1.0,0.0,0.0,0.0,0.0,0.0,0.0,92483.0
22.0,1.0,0.0,0.0,0.0,0.0,1.0,0.0,0.0,1.0,0.0,0.0,24.0,255.0,1.0,0.0,0.09,0.0,0.0,0.98,0.0,30765.0
22.0,9.0,175.0,3108.0,0.0,1.0,1.0,0.0,0.0,1.0,0.0,0.0,40.0,255.0,1.0,0.0,0.02,0.0,0.0,0.0,0.0,107956.0
17.0,9.0,9.0,223.0,0.0,0.0,1.0,0.0,0.0,1.0,0.0,0.0,96.0,14.0,0.03,0.06,0.14,0.0,0.07,0.0,0.0,100828.0
19.0,6.0,10220.0,0.0,0.0,1.0,3.0,0.33,0.33,1.0,0.0,0.0,162.0,54.0,0.28,0.03,0.04,0.01,0.02,0.0,0.0,6369.0
22.0,9.0,242.0,15360.0,0.0,1.0,4.0,0.0,0.0,1.0,0.0,0.0,32.0,255.0,1.0,0.0,0.07,0.0,0.0,0.0,0.0,10057.0
19.0,9.0,15722.0,0.0,0.0,1.0,6.0,0.17,0.17,1.0,0.0,0.0,181.0,94.0,0.42,0.04,0.02,0.01,0.01,0.0,0.0,63836.0
22.0,9.0,201.0,5347.0,0.0,1.0,5.0,0.0,0.0,1.0,0.0,0.0,5.0,255.0,1.0,0.0,0.05,0.0,0.0,0.0,0.0,20683.0
17.0,9.0,6.0,139.0,0.0,0.0,1.0,0.0,0.0,1.0,0.0,0.0,255.0,6.0,0.02,0.28,0.0,0.0,0.0,0.0,0.0,59315.0
11.0,9.0,44.0,44.0,0.0,0.0,162.0,0.0,0.0,1.0,0.0,0.0,255.0,255.0,1.0,0.0,0.0,0.0,0.0,0.0,0.0,10440.0
22.0,9.0,215.0,469.0,0.0,1.0,3.0,0.0,0.0,1.0,0.0,0.0,3.0,255.0,1.0,0.0,0.02,0.0,0.01,0.0,0.0,26094.0
22.0,9.0,299.0,2434.0,0.0,1.0,39.0,0.0,0.0,1.0,0.0,0.0,39.0,255.0,1.0,0.0,0.07,0.0,0.0,0.0,0.0,96924.0
22.0,9.0,199.0,654.0,0.0,1.0,15.0,0.0,0.0,1.0,0.0,0.0,255.0,255.0,1.0,0.0,0.0,0.0,0.0,0.0,0.0,107566.0
49.0,9.0,2083.0,378.0,0.0,1.0,1.0,0.0,0.0,1.0,0.0,0.0,75.0,201.0,0.77,0.04,0.01,0.01,0.0,0.0,0.0,123299.0
44.0,9.0,105.0,146.0,0.0,0.0,1.0,0.0,0.0,1.0,0.0,0.0,128.0,111.0,0.87,0.02,0.0,0.0,0.0,0.0,0.0,4925.0
49.0,9.0,705.0,326.0,0.0,1.0,1.0,0.0,0.0,1.0,0.0,0.0,49.0,145.0,0.39,0.06,0.01,0.0,0.0,0.0,0.0,108626.0
22.0,9.0,361.0,6792.0,0.0,1.0,18.0,0.0,0.0,1.0,0.0,0.0,166.0,255.0,1.0,0.0,0.01,0.0,0.0,0.0,0.0,99875.0
22.0,9.0,213.0,3120.0,0.0,1.0,2.0,0.0,0.0,1.0,0.0,0.0,43.0,255.0,1.0,0.0,0.05,0.0,0.0,0.0,0.0,60860.0
11.0,9.0,44.0,136.0,0.0,0.0,68.0,0.0,0.0,1.0,0.0,0.01,255.0,255.0,1.0,0.0,0.0,0.0,0.0,0.0,0.0,105608.0
11.0,9.0,43.0,109.0,0.0,0.0,126.0,0.0,0.0,0.99,0.02,0.01,255.0,254.0,1.0,0.01,0.0,0.0,0.0,0.0,0.0,62516.0
22.0,9.0,211.0,923.0,0.0,1.0,2.0,0.0,0.0,1.0,0.0,0.43,2.0,255.0,1.0,0.0,0.02,0.0,0.0,0.0,0.0,72960.0
22.0,9.0,224.0,5260.0,0.0,1.0,16.0,0.0,0.0,1.0,0.0,0.12,255.0,255.0,1.0,0.0,0.0,0.0,0.0,0.0,0.0,68327.0
22.0,9.0,230.0,6085.0,0.0,1.0,7.0,0.14,0.08,1.0,0.0,0.17,55.0,255.0,1.0,0.0,0.01,0.02,0.0,0.0,0.0,67667.0
22.0,1.0,0.0,0.0,0.0,0.0,1.0,0.0,0.0,1.0,0.0,0.0,10.0,189.0,1.0,0.0,0.15,0.0,0.0,1.0,0.0,112020.0
44.0,9.0,105.0,147.0,0.0,0.0,9.0,0.0,0.0,0.22,0.22,0.0,255.0,236.0,0.93,0.01,0.0,0.0,0.0,0.0,0.0,54627.0
22.0,9.0,309.0,18823.0,0.0,1.0,2.0,0.0,0.0,1.0,0.0,0.0,49.0,255.0,1.0,0.0,0.03,0.0,0.0,0.0,0.0,105840.0
22.0,9.0,159.0,3991.0,0.0,1.0,1.0,0.0,0.0,1.0,0.0,0.0,15.0,255.0,1.0,0.0,0.04,0.0,0.0,0.0,0.0,44556.0
22.0,9.0,221.0,388.0,0.0,1.0,2.0,0.0,0.0,1.0,0.0,0.18,16.0,255.0,1.0,0.0,0.02,0.0,0.0,0.0,0.0,93168.0
22.0,9.0,237.0,24065.0,0.0,1.0,3.0,0.0,0.0,1.0,0.0,0.33,255.0,255.0,1.0,0.0,0.0,0.0,0.0,0.0,0.0,26451.0
22.0,9.0,222.0,480.0,0.0,1.0,9.0,0.11,0.11,1.0,0.0,0.0,108.0,255.0,1.0,0.0,0.01,0.01,0.0,0.0,0.0,33835.0
11.0,9.0,45.0,138.0,0.0,0.0,150.0,0.0,0.0,0.99,0.01,0.01,255.0,228.0,0.89,0.02,0.0,0.0,0.0,0.0,0.0,10044.0
22.0,9.0,288.0,267.0,0.0,1.0,3.0,0.0,0.0,1.0,0.0,0.0,175.0,255.0,1.0,0.0,0.02,0.01,0.0,0.0,0.0,119824.0
22.0,1.0,0.0,0.0,0.0,0.0,1.0,0.0,0.0,1.0,0.0,0.0,10.0,236.0,1.0,0.0,0.03,0.0,0.0,0.87,0.0,54842.0
22.0,9.0,54540.0,8314.0,0.0,1.0,4.0,0.0,0.0,1.0,0.0,0.0,234.0,234.0,1.0,0.0,0.0,0.0,0.0,0.06,1.0,65089.0
22.0,1.0,0.0,0.0,0.0,0.0,1.0,0.0,0.0,1.0,0.0,0.0,2.0,225.0,1.0,0.0,0.16,0.0,0.0,0.92,0.0,63012.0
3.0,9.0,9.0,37.0,0.0,0.0,2.0,0.0,0.0,0.5,1.0,0.0,255.0,6.0,0.02,0.03,0.0,0.0,0.0,0.0,0.0,122008.0
40.0,9.0,113.0,0.0,0.0,0.0,34.0,0.0,0.0,0.97,0.06,0.0,255.0,33.0,0.13,0.52,0.0,0.0,0.0,0.0,0.0,14941.0
22.0,9.0,354.0,198.0,0.0,1.0,1.0,0.0,0.0,1.0,0.0,1.0,2.0,247.0,1.0,0.0,0.13,0.0,0.0,0.74,0.0,100527.0
22.0,9.0,219.0,7221.0,0.0,1.0,12.0,0.0,0.0,1.0,0.0,0.21,110.0,255.0,1.0,0.0,0.03,0.0,0.0,0.0,0.0,78825.0
22.0,1.0,0.0,0.0,0.0,0.0,1.0,0.0,0.0,1.0,0.0,0.0,52.0,250.0,1.0,0.0,0.14,0.0,0.0,1.0,0.0,50795.0
22.0,9.0,199.0,940.0,0.0,1.0,5.0,0.0,0.0,1.0,0.0,0.0,6.0,255.0,1.0,0.0,0.03,0.0,0.0,0.0,0.0,107335.0
19.0,9.0,9178.0,0.0,0.0,1.0,8.0,0.0,0.0,1.0,0.0,0.0,102.0,40.0,0.39,0.05,0.0,0.0,0.0,0.0,0.0,74911.0
19.0,9.0,209.0,0.0,0.0,1.0,1.0,0.0,0.0,1.0,0.0,0.0,5.0,53.0,0.8,0.4,0.06,0.0,0.0,0.0,0.0,72524.0
22.0,9.0,168.0,499.0,0.0,1.0,1.0,0.0,0.0,1.0,0.0,0.0,3.0,255.0,1.0,0.0,0.04,0.0,0.0,0.0,0.0,80180.0
19.0,9.0,192.0,0.0,0.0,0.0,1.0,0.0,0.0,1.0,0.0,0.0,106.0,12.0,0.11,0.04,0.0,0.0,0.0,0.0,0.0,116727.0
22.0,9.0,212.0,267.0,0.0,1.0,17.0,0.0,0.0,1.0,0.0,0.11,46.0,255.0,1.0,0.0,0.02,0.0,0.0,0.0,0.0,108740.0
19.0,9.0,19.0,0.0,0.0,0.0,2.0,0.0,0.0,0.5,1.0,0.0,255.0,35.0,0.14,0.47,0.0,0.0,0.0,0.0,0.0,79721.0
49.0,9.0,951.0,330.0,0.0,1.0,1.0,0.0,0.0,1.0,0.0,1.0,72.0,48.0,0.67,0.04,0.0,0.0,0.0,0.0,0.0,22375.0
40.0,9.0,147.0,105.0,0.0,0.0,1.0,0.0,0.0,1.0,0.0,0.0,255.0,1.0,0.0,0.48,0.0,0.0,0.0,0.0,0.0,21589.0
22.0,9.0,202.0,6527.0,0.0,1.0,8.0,0.0,0.0,1.0,0.0,0.0,24.0,255.0,1.0,0.0,0.02,0.0,0.0,0.0,0.0,5845.0
22.0,9.0,197.0,560.0,0.0,1.0,3.0,0.0,0.0,1.0,0.0,0.0,3.0,255.0,1.0,0.0,0.03,0.0,0.0,0.0,0.0,46466.0
49.0,9.0,1084.0,321.0,0.0,1.0,1.0,0.0,0.0,1.0,0.0,0.0,129.0,142.0,0.3,0.05,0.01,0.02,0.0,0.0,0.0,36633.0
11.0,9.0,43.0,73.0,0.0,0.0,129.0,0.0,0.0,1.0,0.0,0.0,255.0,224.0,0.88,0.01,0.0,0.0,0.0,0.0,0.0,26337.0
22.0,9.0,345.0,294.0,0.0,1.0,8.0,0.0,0.0,1.0,0.0,0.07,255.0,255.0,1.0,0.0,0.0,0.0,0.0,0.0,0.0,2775.0
11.0,9.0,44.0,73.0,0.0,0.0,236.0,0.0,0.0,1.0,0.0,0.0,255.0,250.0,0.98,0.01,0.0,0.0,0.0,0.0,0.0,1709.0
11.0,9.0,29.0,0.0,0.0,0.0,1.0,0.0,0.0,1.0,0.0,1.0,153.0,15.0,0.1,0.05,0.0,0.02,0.0,0.0,0.0,113744.0
22.0,9.0,287.0,749.0,0.0,1.0,1.0,0.0,0.0,1.0,0.0,0.29,3.0,255.0,1.0,0.0,0.02,0.0,0.0,0.0,0.0,35776.0
22.0,9.0,214.0,12002.0,0.0,1.0,3.0,0.0,0.0,1.0,0.0,0.0,109.0,255.0,1.0,0.0,0.03,0.01,0.0,0.0,0.0,112683.0
22.0,9.0,221.0,4603.0,0.0,1.0,2.0,0.0,0.0,1.0,0.0,0.0,93.0,255.0,1.0,0.0,0.03,0.0,0.0,0.0,0.0,120741.0
22.0,1.0,0.0,0.0,0.0,0.0,1.0,0.0,0.0,1.0,0.0,1.0,22.0,255.0,1.0,0.0,0.1,0.0,0.0,0.8,0.0,20073.0
22.0,9.0,350.0,5280.0,0.0,1.0,7.0,0.0,0.0,1.0,0.0,0.0,141.0,255.0,1.0,0.0,0.02,0.0,0.0,0.0,0.0,49337.0
22.0,9.0,294.0,10347.0,0.0,1.0,1.0,0.0,0.0,1.0,0.0,0.0,1.0,255.0,1.0,0.0,0.06,0.0,0.0,0.0,0.0,51808.0
22.0,9.0,198.0,2656.0,0.0,1.0,8.0,0.0,0.0,1.0,0.0,0.22,117.0,255.0,1.0,0.0,0.01,0.0,0.0,0.0,0.0,2615.0
11.0,9.0,102.0,0.0,0.0,0.0,1.0,0.0,0.0,1.0,0.0,1.0,186.0,120.0,0.65,0.02,0.0,0.0,0.0,0.0,0.0,28964.0
22.0,9.0,280.0,1904.0,0.0,1.0,19.0,0.0,0.0,1.0,0.0,0.1,19.0,255.0,1.0,0.0,0.05,0.0,0.0,0.0,0.0,29256.0
49.0,9.0,1338.0,397.0,0.0,1.0,1.0,0.0,0.0,1.0,0.0,0.8,3.0,181.0,1.0,0.0,0.01,0.0,0.0,0.0,0.0,103974.0
11.0,9.0,44.0,126.0,0.0,0.0,78.0,0.0,0.0,1.0,0.0,0.01,255.0,210.0,0.82,0.01,0.0,0.0,0.0,0.0,0.0,66038.0
49.0,9.0,615.0,339.0,0.0,1.0,1.0,0.0,0.0,1.0,0.0,0.0,195.0,242.0,0.96,0.01,0.01,0.0,0.0,0.0,0.0,27957.0
22.0,9.0,227.0,484.0,0.0,1.0,6.0,0.0,0.0,1.0,0.0,0.0,79.0,255.0,1.0,0.0,0.02,0.01,0.0,0.0,0.0,22535.0
22.0,9.0,283.0,16588.0,0.0,1.0,7.0,0.0,0.0,1.0,0.0,0.0,66.0,255.0,1.0,0.0,0.04,0.0,0.0,0.0,0.0,18142.0
22.0,9.0,186.0,14515.0,0.0,1.0,7.0,0.0,0.0,1.0,0.0,0.27,32.0,255.0,1.0,0.0,0.03,0.0,0.0,0.0,0.0,1397.0
11.0,9.0,44.0,80.0,0.0,0.0,141.0,0.0,0.0,1.0,0.0,0.01,255.0,223.0,0.87,0.01,0.0,0.0,0.0,0.0,0.0,80234.0
22.0,9.0,217.0,124.0,0.0,1.0,3.0,0.0,0.0,1.0,0.0,0.3,21.0,255.0,1.0,0.0,0.07,0.0,0.0,0.0,0.0,73975.0
49.0,9.0,678.0,332.0,0.0,1.0,1.0,0.0,0.0,1.0,0.0,0.0,255.0,28.0,0.11,0.53,0.0,0.0,0.0,0.0,0.0,55911.0
22.0,9.0,144.0,584.0,0.0,1.0,1.0,0.0,0.0,1.0,0.0,0.0,39.0,255.0,1.0,0.0,0.02,0.05,0.01,0.0,0.0,32303.0
22.0,9.0,365.0,301.0,0.0,1.0,4.0,0.0,0.0,1.0,0.0,0.0,73.0,255.0,1.0,0.0,0.05,0.0,0.01,0.0,0.0,100978.0
22.0,9.0,214.0,15150.0,0.0,1.0,10.0,0.0,0.0,1.0,0.0,0.0,40.0,255.0,1.0,0.0,0.04,0.0,0.0,0.0,0.0,9707.0
19.0,9.0,491.0,0.0,0.0,0.0,2.0,0.0,0.0,1.0,0.0,0.0,101.0,7.0,0.07,0.05,0.0,0.0,0.0,0.0,0.0,85705.0
49.0,9.0,1027.0,334.0,0.0,1.0,1.0,0.0,0.0,1.0,0.0,0.75,79.0,243.0,0.96,0.03,0.01,0.0,0.0,0.0,0.0,98329.0
22.0,9.0,238.0,7914.0,0.0,1.0,7.0,0.0,0.0,1.0,0.0,0.0,255.0,255.0,1.0,0.0,0.0,0.0,0.0,0.0,0.0,29448.0
22.0,9.0,232.0,392.0,0.0,1.0,6.0,0.0,0.0,1.0,0.0,0.0,255.0,255.0,1.0,0.0,0.0,0.0,0.0,0.0,0.0,35924.0
22.0,9.0,240.0,311.0,0.0,1.0,4.0,0.0,0.0,1.0,0.0,0.3,4.0,255.0,1.0,0.0,0.03,0.0,0.0,0.0,0.0,95283.0
22.0,9.0,216.0,10041.0,0.0,1.0,14.0,0.0,0.0,1.0,0.0,0.21,14.0,255.0,1.0,0.0,0.06,0.0,0.0,0.0,0.0,55596.0
22.0,9.0,297.0,307.0,0.0,1.0,2.0,0.0,0.0,1.0,0.0,0.0,3.0,255.0,1.0,0.0,0.05,0.0,0.0,0.41,0.0,46256.0
19.0,9.0,7196.0,0.0,0.0,0.0,2.0,0.0,0.0,1.0,0.0,0.0,8.0,73.0,1.0,0.0,0.03,0.0,0.0,0.0,0.0,29515.0
19.0,9.0,7045.0,0.0,0.0,1.0,2.0,0.0,0.0,1.0,0.0,0.0,2.0,46.0,1.0,0.0,0.04,0.0,0.02,0.0,1.0,14202.0
18.0,9.0,1496.0,4152.0,0.0,1.0,1.0,0.0,0.0,1.0,0.0,0.0,255.0,44.0,0.17,0.03,0.0,0.01,0.0,0.0,0.0,109234.0
22.0,9.0,188.0,585.0,0.0,1.0,2.0,0.0,0.0,1.0,0.0,0.0,255.0,235.0,0.92,0.02,0.0,0.0,0.0,0.0,0.0,121095.0
22.0,9.0,266.0,10474.0,0.0,1.0,1.0,0.0,0.0,1.0,0.0,0.0,74.0,255.0,1.0,0.0,0.04,0.0,0.0,0.0,0.0,106616.0
55.0,9.0,39.0,131.0,0.0,0.0,86.0,0.01,0.0,0.01,1.0,0.0,255.0,3.0,0.01,0.36,0.0,0.0,0.0,0.0,1.0,96390.0
19.0,9.0,8325.0,0.0,0.0,1.0,19.0,0.0,0.0,1.0,0.0,0.0,114.0,111.0,0.58,0.04,0.02,0.0,0.0,0.0,0.0,56402.0
49.0,9.0,1662.0,328.0,0.0,1.0,1.0,0.0,0.0,1.0,0.0,0.0,142.0,134.0,0.55,0.03,0.01,0.0,0.0,0.04,0.0,29598.0
49.0,9.0,1340.0,364.0,0.0,1.0,1.0,0.0,0.0,1.0,0.0,1.0,136.0,105.0,0.65,0.02,0.02,0.0,0.0,0.0,0.0,16723.0
22.0,9.0,276.0,3371.0,0.0,1.0,6.0,0.17,0.17,1.0,0.0,0.0,255.0,255.0,1.0,0.0,0.0,0.0,0.0,0.0,0.0,103785.0
22.0,9.0,225.0,607.0,0.0,1.0,42.0,0.0,0.0,1.0,0.0,0.06,255.0,255.0,1.0,0.0,0.0,0.0,0.0,0.0,0.0,34415.0
19.0,9.0,245.0,0.0,0.0,1.0,2.0,0.0,0.0,1.0,0.0,0.0,53.0,2.0,0.04,0.11,0.0,0.0,0.0,0.0,0.0,114518.0
22.0,9.0,333.0,864.0,0.0,1.0,11.0,0.0,0.0,1.0,0.0,0.15,79.0,255.0,1.0,0.0,0.07,0.0,0.0,0.85,0.0,18596.0
22.0,9.0,281.0,13265.0,0.0,1.0,1.0,0.0,0.0,1.0,0.0,0.0,56.0,255.0,1.0,0.0,0.02,0.0,0.0,0.0,0.0,27170.0
49.0,9.0,1066.0,389.0,0.0,1.0,1.0,0.0,0.0,1.0,0.0,1.0,255.0,138.0,0.54,0.01,0.0,0.71,0.72,0.0,0.0,123212.0
22.0,9.0,201.0,4841.0,0.0,1.0,2.0,0.0,0.0,1.0,0.0,0.67,2.0,255.0,1.0,0.0,0.07,0.0,0.0,0.0,0.0,78059.0
22.0,9.0,250.0,3366.0,0.0,1.0,6.0,0.0,0.0,1.0,0.0,0.15,22.0,255.0,1.0,0.0,0.02,0.0,0.0,0.0,0.0,66461.0
22.0,9.0,306.0,2543.0,0.0,1.0,25.0,0.0,0.0,1.0,0.0,0.0,158.0,255.0,1.0,0.0,0.02,0.0,0.0,0.0,0.0,115726.0
19.0,9.0,190.0,0.0,0.0,1.0,2.0,0.0,0.0,1.0,0.0,0.0,21.0,16.0,0.76,0.1,0.0,0.0,0.0,0.0,0.0,68818.0
49.0,9.0,655.0,479.0,0.0,1.0,1.0,0.0,0.0,1.0,0.0,1.0,255.0,8.0,0.03,0.01,0.0,0.0,0.0,0.0,0.0,60115.0
49.0,9.0,11300.0,1566.0,0.0,1.0,1.0,0.0,0.0,1.0,0.0,0.0,255.0,25.0,0.1,0.06,0.0,0.7,0.0,0.0,0.0,37952.0
19.0,9.0,748.0,0.0,0.0,1.0,1.0,0.0,0.0,1.0,0.0,0.0,12.0,1.0,0.08,0.33,0.0,0.0,0.0,0.0,0.0,65862.0
19.0,9.0,5133876.0,0.0,0.0,1.0,1.0,0.0,0.0,1.0,0.0,0.0,4.0,38.0,1.0,0.0,0.16,0.0,0.03,0.0,1.0,105397.0
11.0,9.0,46.0,76.0,0.0,0.0,174.0,0.0,0.0,1.0,0.0,0.0,255.0,227.0,0.89,0.01,0.0,0.0,0.0,0.0,0.0,39979.0
22.0,9.0,227.0,438.0,0.0,1.0,17.0,0.0,0.0,1.0,0.0,0.0,255.0,255.0,1.0,0.0,0.0,0.0,0.0,0.0,0.0,64892.0
17.0,9.0,7.0,0.0,0.0,0.0,1.0,0.0,0.0,1.0,0.0,0.0,62.0,12.0,0.08,0.06,0.25,0.0,0.0,0.0,0.0,54570.0
49.0,9.0,12609.0,1397.0,0.0,1.0,1.0,0.0,0.0,1.0,0.0,0.0,61.0,170.0,0.85,0.05,0.01,0.0,0.0,0.0,0.0,70049.0
22.0,9.0,233.0,2678.0,0.0,1.0,2.0,0.0,0.0,1.0,0.0,0.6,255.0,255.0,1.0,0.0,0.0,0.0,0.0,0.0,0.0,32257.0
22.0,9.0,244.0,2014.0,0.0,1.0,4.0,0.0,0.0,1.0,0.0,0.0,128.0,255.0,1.0,0.0,0.03,0.0,0.0,0.0,0.0,66260.0
22.0,9.0,292.0,5336.0,0.0,1.0,5.0,0.0,0.0,1.0,0.0,0.0,255.0,255.0,1.0,0.0,0.0,0.0,0.0,0.0,0.0,38722.0
22.0,9.0,296.0,2325.0,0.0,1.0,5.0,0.0,0.0,1.0,0.0,0.0,255.0,255.0,1.0,0.0,0.0,0.0,0.0,0.0,0.0,48356.0
22.0,9.0,333.0,2630.0,0.0,1.0,3.0,0.0,0.0,1.0,0.0,0.0,31.0,255.0,1.0,0.0,0.04,0.0,0.0,0.0,0.0,119317.0
49.0,9.0,618.0,329.0,0.0,1.0,1.0,0.0,0.0,1.0,0.0,0.0,25.0,181.0,0.72,0.16,0.02,0.0,0.0,0.0,0.0,70650.0
39.0,9.0,48.0,48.0,0.0,0.0,1.0,0.0,0.0,1.0,0.0,0.0,109.0,51.0,0.47,0.04,0.0,0.0,0.0,0.0,0.0,118213.0
22.0,9.0,306.0,1502.0,0.0,1.0,18.0,0.0,0.0,1.0,0.0,0.06,123.0,255.0,1.0,0.0,0.04,0.0,0.0,0.0,0.0,124658.0
18.0,9.0,273.0,903.0,0.0,1.0,1.0,0.0,0.0,1.0,0.0,0.0,176.0,49.0,0.28,0.02,0.0,0.01,0.02,0.0,0.0,129.0
19.0,9.0,7045.0,0.0,0.0,1.0,2.0,0.0,0.0,1.0,0.0,0.0,9.0,41.0,0.89,0.22,0.12,0.0,0.0,0.0,1.0,43335.0
40.0,9.0,145.0,105.0,0.0,0.0,4.0,0.0,0.0,0.5,0.5,0.0,255.0,2.0,0.01,0.44,0.0,0.0,0.0,0.0,0.0,11568.0
22.0,9.0,310.0,573.0,0.0,1.0,5.0,0.0,0.0,1.0,0.0,0.0,36.0,255.0,1.0,0.0,0.03,0.0,0.0,0.0,0.0,111288.0
22.0,9.0,301.0,11689.0,0.0,1.0,7.0,0.0,0.0,1.0,0.0,0.18,20.0,255.0,1.0,0.0,0.04,0.0,0.01,0.0,0.0,19372.0
17.0,9.0,6.0,126.0,0.0,0.0,1.0,0.0,0.0,1.0,0.0,0.0,255.0,36.0,0.14,0.02,0.0,0.44,0.75,0.0,0.0,97086.0
49.0,9.0,1474.0,278.0,0.0,1.0,1.0,0.0,0.0,1.0,0.0,1.0,37.0,34.0,0.73,0.08,0.06,0.0,0.0,0.0,0.0,81683.0
22.0,9.0,299.0,21519.0,0.0,1.0,41.0,0.0,0.0,1.0,0.0,0.06,41.0,255.0,1.0,0.0,0.05,0.0,0.0,0.0,0.0,29995.0
22.0,9.0,316.0,405.0,0.0,1.0,12.0,0.0,0.0,1.0,0.0,0.15,90.0,255.0,1.0,0.0,0.02,0.0,0.0,0.0,0.0,30016.0
49.0,9.0,3144.0,407.0,0.0,1.0,1.0,0.0,0.0,1.0,0.0,0.0,60.0,232.0,0.73,0.05,0.01,0.25,0.0,0.0,0.0,109257.0
11.0,9.0,43.0,131.0,0.0,0.0,1.0,0.0,0.0,1.0,0.0,0.0,255.0,234.0,0.92,0.01,0.0,0.0,0.0,0.0,0.0,16621.0
40.0,9.0,147.0,105.0,0.0,0.0,1.0,0.0,0.0,1.0,0.0,0.0,255.0,1.0,0.0,0.49,0.0,0.0,0.0,0.0,0.0,122575.0
22.0,9.0,143.0,376.0,0.0,1.0,2.0,0.0,0.0,1.0,0.0,0.0,22.0,255.0,1.0,0.0,0.02,0.0,0.0,0.0,0.0,114013.0
19.0,9.0,2056.0,0.0,0.0,1.0,4.0,0.0,0.0,1.0,0.0,0.0,37.0,83.0,0.27,0.08,0.04,0.0,0.0,0.0,0.0,10838.0
22.0,9.0,223.0,289.0,0.0,1.0,19.0,0.0,0.0,1.0,0.0,0.1,213.0,255.0,1.0,0.0,0.02,0.0,0.0,0.0,0.0,117549.0
40.0,9.0,146.0,105.0,0.0,0.0,1.0,0.0,0.0,1.0,0.0,0.0,255.0,1.0,0.0,0.54,0.0,0.0,0.0,0.0,0.0,80669.0
22.0,9.0,363.0,1554.0,0.0,1.0,35.0,0.0,0.0,1.0,0.0,0.0,255.0,255.0,1.0,0.0,0.0,0.0,0.0,0.0,0.0,16314.0
11.0,9.0,45.0,134.0,0.0,0.0,192.0,0.0,0.0,0.99,0.01,0.01,194.0,155.0,0.8,0.02,0.0,0.0,0.0,0.0,0.0,115226.0
19.0,9.0,59.0,0.0,0.0,1.0,8.0,0.0,0.0,1.0,0.0,0.0,244.0,94.0,0.39,0.02,0.0,0.0,0.0,0.0,0.0,114791.0
11.0,9.0,45.0,72.0,0.0,0.0,160.0,0.0,0.0,1.0,0.0,0.0,255.0,254.0,1.0,0.01,0.0,0.0,0.0,0.0,0.0,1328.0
22.0,9.0,303.0,216.0,0.0,1.0,7.0,0.0,0.0,1.0,0.0,0.25,255.0,255.0,1.0,0.0,0.0,0.0,0.0,0.0,0.0,82671.0
11.0,9.0,45.0,139.0,0.0,0.0,7.0,0.0,0.0,1.0,0.0,0.05,255.0,254.0,1.0,0.01,0.0,0.0,0.0,0.0,0.0,56175.0
22.0,9.0,152.0,8764.0,0.0,1.0,1.0,0.0,0.0,1.0,0.0,0.0,1.0,4.0,1.0,0.0,0.5,0.0,0.0,0.0,0.0,93020.0
22.0,9.0,302.0,1015.0,0.0,1.0,4.0,0.0,0.0,1.0,0.0,0.0,4.0,255.0,1.0,0.0,0.02,0.0,0.0,0.0,0.0,61061.0
19.0,9.0,245.0,0.0,0.0,1.0,2.0,0.0,0.0,1.0,0.0,0.0,8.0,2.0,0.25,0.5,0.0,0.0,0.0,0.0,0.0,8020.0
22.0,9.0,289.0,327.0,0.0,1.0,2.0,0.0,0.0,1.0,0.0,0.17,157.0,255.0,1.0,0.0,0.04,0.0,0.0,0.0,0.0,23454.0
22.0,1.0,0.0,0.0,0.0,0.0,1.0,0.0,0.0,1.0,0.0,0.0,7.0,255.0,1.0,0.0,0.07,0.0,0.0,0.96,0.0,29411.0
22.0,9.0,54540.0,8314.0,0.0,1.0,11.0,0.0,0.0,1.0,0.0,0.17,121.0,121.0,1.0,0.0,0.0,0.0,0.0,0.05,1.0,53662.0
18.0,9.0,1142.0,2443.0,0.0,1.0,1.0,0.0,0.0,1.0,0.0,0.0,201.0,29.0,0.14,0.02,0.0,0.0,0.0,0.0,1.0,120693.0
13.0,9.0,30.0,0.0,0.0,0.0,2.0,0.0,0.0,0.5,1.0,0.0,255.0,3.0,0.01,0.01,0.0,0.0,0.0,0.0,0.0,50786.0
22.0,9.0,303.0,784.0,0.0,1.0,5.0,0.0,0.0,1.0,0.0,0.29,255.0,255.0,1.0,0.0,0.0,0.0,0.0,0.0,0.0,63156.0
22.0,1.0,0.0,0.0,0.0,0.0,1.0,0.0,0.0,1.0,0.0,0.0,2.0,160.0,1.0,0.0,0.14,0.0,0.0,1.0,0.0,70260.0
22.0,9.0,332.0,1541.0,0.0,1.0,2.0,0.0,0.0,1.0,0.0,0.23,162.0,255.0,1.0,0.0,0.02,0.0,0.0,0.0,0.0,115941.0
22.0,9.0,221.0,2001.0,0.0,1.0,17.0,0.0,0.0,1.0,0.0,0.0,35.0,255.0,1.0,0.0,0.04,0.0,0.0,0.0,0.0,105044.0
22.0,9.0,238.0,37082.0,0.0,1.0,3.0,0.0,0.0,1.0,0.0,0.5,13.0,255.0,1.0,0.0,0.04,0.0,0.0,0.0,0.0,120512.0
22.0,9.0,215.0,288.0,0.0,1.0,39.0,0.0,0.0,1.0,0.0,0.0,255.0,255.0,1.0,0.0,0.0,0.0,0.0,0.0,0.0,16287.0
22.0,9.0,309.0,2507.0,0.0,1.0,3.0,0.0,0.0,1.0,0.0,0.0,255.0,225.0,0.88,0.02,0.0,0.0,0.0,0.0,0.0,55344.0
13.0,9.0,30.0,0.0,0.0,0.0,2.0,0.0,0.0,0.5,1.0,0.0,255.0,5.0,0.02,0.01,0.0,0.0,0.0,0.0,0.0,98473.0
22.0,9.0,233.0,301.0,0.0,1.0,2.0,0.0,0.0,1.0,0.0,0.0,134.0,255.0,1.0,0.0,0.01,0.0,0.0,0.0,0.0,15645.0
22.0,9.0,347.0,23151.0,0.0,1.0,7.0,0.0,0.0,1.0,0.0,0.25,255.0,255.0,1.0,0.0,0.0,0.0,0.0,0.0,0.0,16962.0
22.0,9.0,318.0,357.0,0.0,1.0,18.0,0.0,0.0,1.0,0.0,0.15,255.0,255.0,1.0,0.0,0.0,0.0,0.0,0.0,0.0,4622.0
19.0,9.0,1363.0,0.0,0.0,1.0,14.0,0.0,0.0,1.0,0.0,0.0,255.0,142.0,0.56,0.02,0.0,0.0,0.01,0.0,0.0,39025.0
22.0,6.0,286.0,10584.0,0.0,1.0,1.0,1.0,1.0,1.0,0.0,0.0,1.0,255.0,1.0,0.0,0.04,1.0,0.01,0.0,0.0,57997.0
49.0,9.0,1674.0,326.0,0.0,1.0,1.0,0.0,0.0,1.0,0.0,1.0,131.0,108.0,0.82,0.02,0.0,0.0,0.0,0.0,0.0,78063.0
18.0,9.0,1255.0,2451.0,0.0,1.0,1.0,0.0,0.0,1.0,0.0,0.0,255.0,129.0,0.51,0.02,0.0,0.0,0.0,0.0,1.0,102843.0
22.0,9.0,325.0,3280.0,0.0,1.0,4.0,0.0,0.0,1.0,0.0,0.0,25.0,255.0,1.0,0.0,0.05,0.0,0.0,0.0,0.0,11291.0
49.0,9.0,740.0,337.0,0.0,1.0,1.0,0.0,0.0,1.0,0.0,0.0,150.0,170.0,0.55,0.03,0.01,0.0,0.0,0.0,0.0,31420.0
49.0,9.0,1381.0,328.0,0.0,1.0,1.0,0.0,0.0,1.0,0.0,0.0,146.0,135.0,0.56,0.03,0.01,0.0,0.0,0.04,0.0,33033.0
22.0,9.0,226.0,183.0,0.0,1.0,4.0,0.0,0.0,1.0,0.0,0.22,16.0,255.0,1.0,0.0,0.03,0.0,0.0,0.0,0.0,100426.0
44.0,9.0,105.0,145.0,0.0,0.0,1.0,0.0,0.0,1.0,0.0,0.0,255.0,160.0,0.63,0.01,0.0,0.0,0.0,0.0,0.0,43079.0
22.0,9.0,54540.0,8314.0,0.0,1.0,4.0,0.0,0.0,1.0,0.0,0.4,255.0,255.0,1.0,0.0,0.0,0.0,0.0,0.02,1.0,81699.0
19.0,9.0,12.0,0.0,0.0,1.0,2.0,0.0,0.0,1.0,0.0,0.0,12.0,62.0,0.5,0.25,0.03,0.0,0.0,0.0,0.0,90815.0
22.0,9.0,289.0,17733.0,0.0,1.0,27.0,0.0,0.0,1.0,0.0,0.0,255.0,255.0,1.0,0.0,0.0,0.0,0.0,0.0,0.0,14835.0
22.0,9.0,339.0,326.0,0.0,1.0,14.0,0.0,0.0,1.0,0.0,0.05,255.0,255.0,1.0,0.0,0.0,0.0,0.0,0.0,0.0,32329.0
22.0,9.0,234.0,2770.0,0.0,1.0,29.0,0.0,0.0,1.0,0.0,0.1,100.0,132.0,1.0,0.0,0.02,0.0,0.0,0.0,0.0,42295.0
22.0,9.0,319.0,807.0,0.0,1.0,9.0,0.0,0.0,1.0,0.0,0.16,255.0,255.0,1.0,0.0,0.0,0.0,0.0,0.0,0.0,91063.0
55.0,6.0,89.0,2832.0,0.0,1.0,1.0,1.0,1.0,1.0,0.0,0.0,135.0,23.0,0.17,0.53,0.0,0.05,0.3,0.04,0.0,9944.0
40.0,9.0,147.0,0.0,0.0,0.0,3.0,0.0,0.0,0.33,0.67,0.0,255.0,3.0,0.01,0.64,0.0,0.0,0.0,0.0,0.0,115195.0
22.0,9.0,324.0,3751.0,0.0,1.0,5.0,0.0,0.0,1.0,0.0,0.0,41.0,255.0,1.0,0.0,0.05,0.0,0.0,0.0,0.0,91875.0
22.0,9.0,54540.0,8314.0,0.0,1.0,1.0,0.0,0.0,1.0,0.0,0.0,24.0,24.0,1.0,0.0,0.0,0.0,0.0,0.0,1.0,61356.0
22.0,9.0,349.0,762.0,0.0,1.0,2.0,0.0,0.0,1.0,0.0,0.31,80.0,255.0,1.0,0.0,0.02,0.0,0.0,0.0,0.0,92015.0
40.0,9.0,516.0,4.0,0.0,0.0,410.0,0.0,0.0,1.0,0.0,0.0,255.0,255.0,1.0,0.0,0.0,0.0,0.0,0.0,0.0,120891.0
49.0,9.0,1808.0,366.0,0.0,1.0,1.0,0.0,0.0,1.0,0.0,0.0,158.0,107.0,0.39,0.03,0.02,0.0,0.0,0.0,0.0,91231.0
22.0,9.0,312.0,6533.0,0.0,1.0,6.0,0.0,0.0,1.0,0.0,0.14,82.0,255.0,1.0,0.0,0.05,0.0,0.0,0.0,0.0,13211.0
22.0,1.0,0.0,0.0,0.0,0.0,1.0,0.0,0.0,1.0,0.0,0.0,9.0,209.0,1.0,0.0,0.03,0.0,0.0,0.69,0.0,75881.0
55.0,9.0,538.0,2416.0,0.0,1.0,1.0,0.0,0.0,1.0,0.0,0.0,112.0,21.0,0.19,0.05,0.0,0.01,0.05,0.1,0.0,61576.0
22.0,9.0,335.0,327.0,0.0,1.0,6.0,0.0,0.0,1.0,0.0,0.11,144.0,255.0,1.0,0.0,0.02,0.0,0.0,0.0,0.0,63163.0
22.0,9.0,339.0,454.0,0.0,1.0,7.0,0.0,0.0,1.0,0.0,0.0,102.0,255.0,1.0,0.0,0.02,0.0,0.0,0.0,0.0,21176.0
58.0,9.0,183.0,0.0,0.0,0.0,3.0,0.0,0.0,0.67,0.67,0.0,255.0,9.0,0.04,0.01,0.0,0.0,0.0,0.0,0.0,31681.0
22.0,9.0,210.0,321.0,0.0,1.0,10.0,0.0,0.0,1.0,0.0,0.0,37.0,255.0,1.0,0.0,0.05,0.0,0.0,0.0,0.0,88533.0
22.0,9.0,244.0,944.0,0.0,1.0,1.0,0.0,0.0,1.0,0.0,1.0,255.0,255.0,1.0,0.0,0.0,0.0,0.0,0.0,0.0,104163.0
22.0,9.0,319.0,2332.0,0.0,1.0,2.0,0.0,0.0,1.0,0.0,0.15,2.0,255.0,1.0,0.0,0.04,0.0,0.0,0.0,0.0,70226.0
40.0,9.0,516.0,4.0,0.0,0.0,261.0,0.0,0.0,1.0,0.0,0.0,255.0,255.0,1.0,0.0,0.0,0.0,0.0,0.0,0.0,4657.0
49.0,9.0,11430.0,1383.0,0.0,1.0,1.0,0.0,0.0,1.0,0.0,1.0,6.0,125.0,0.83,0.33,0.02,0.0,0.0,0.0,0.0,15838.0
22.0,9.0,232.0,2280.0,0.0,1.0,29.0,0.0,0.0,1.0,0.0,0.0,255.0,255.0,1.0,0.0,0.0,0.0,0.0,0.0,0.0,106244.0
11.0,9.0,44.0,77.0,0.0,0.0,120.0,0.0,0.0,1.0,0.0,0.0,255.0,254.0,1.0,0.01,0.0,0.0,0.0,0.0,0.0,75683.0
11.0,9.0,43.0,43.0,0.0,0.0,182.0,0.0,0.0,1.0,0.0,0.0,255.0,255.0,1.0,0.0,0.0,0.0,0.0,0.0,0.0,116999.0
19.0,9.0,5131424.0,0.0,0.0,1.0,1.0,0.0,0.0,1.0,0.0,0.0,9.0,36.0,1.0,0.0,0.11,0.0,0.0,0.0,1.0,25248.0
22.0,9.0,236.0,817.0,0.0,1.0,36.0,0.0,0.0,1.0,0.0,0.0,255.0,255.0,1.0,0.0,0.0,0.0,0.0,0.0,0.0,79947.0
49.0,9.0,1048.0,339.0,0.0,1.0,1.0,0.0,0.0,1.0,0.0,1.0,32.0,167.0,0.84,0.09,0.02,0.0,0.0,0.0,0.0,34989.0
22.0,9.0,311.0,4768.0,0.0,1.0,15.0,0.0,0.0,1.0,0.0,0.12,114.0,255.0,1.0,0.0,0.01,0.0,0.01,0.0,0.0,29125.0
11.0,9.0,45.0,133.0,0.0,0.0,68.0,0.0,0.0,0.99,0.03,0.01,255.0,230.0,0.9,0.01,0.0,0.0,0.0,0.0,0.0,56294.0
22.0,9.0,202.0,384.0,0.0,1.0,42.0,0.0,0.0,1.0,0.0,0.04,42.0,255.0,1.0,0.0,0.01,0.0,0.0,0.0,0.0,63819.0
22.0,9.0,219.0,2917.0,0.0,1.0,5.0,0.2,0.29,1.0,0.0,0.29,17.0,136.0,1.0,0.0,0.06,0.06,0.01,0.01,0.0,43988.0
18.0,9.0,1493.0,4152.0,0.0,1.0,2.0,0.0,0.0,0.5,1.0,0.0,37.0,7.0,0.19,0.11,0.0,0.0,0.0,0.0,0.0,124800.0
44.0,9.0,105.0,147.0,0.0,0.0,2.0,0.0,0.0,0.5,1.0,0.0,255.0,250.0,0.98,0.01,0.0,0.0,0.0,0.0,0.0,79866.0
22.0,9.0,207.0,1524.0,0.0,1.0,12.0,0.0,0.0,1.0,0.0,0.0,13.0,255.0,1.0,0.0,0.04,0.0,0.0,0.0,0.0,14808.0
49.0,9.0,2805.0,335.0,0.0,1.0,1.0,0.0,0.0,1.0,0.0,0.0,255.0,31.0,0.12,0.42,0.0,0.0,0.0,0.0,0.0,79436.0
22.0,9.0,254.0,1650.0,0.0,1.0,4.0,0.0,0.0,1.0,0.0,0.13,51.0,255.0,1.0,0.0,0.01,0.02,0.0,0.0,0.0,27429.0
22.0,9.0,298.0,1511.0,0.0,1.0,2.0,0.0,0.0,1.0,0.0,0.0,41.0,255.0,1.0,0.0,0.02,0.0,0.01,0.06,0.0,122077.0
22.0,9.0,227.0,2047.0,0.0,1.0,4.0,0.0,0.0,1.0,0.0,0.0,255.0,255.0,1.0,0.0,0.0,0.01,0.01,0.0,0.0,1850.0
22.0,1.0,0.0,0.0,0.0,0.0,1.0,0.0,0.0,1.0,0.0,0.0,1.0,66.0,1.0,0.0,0.23,0.0,0.0,1.0,0.0,32674.0
22.0,9.0,259.0,2169.0,0.0,1.0,1.0,0.0,0.0,1.0,0.0,1.0,255.0,254.0,1.0,0.01,0.0,0.0,0.0,0.0,0.0,23410.0
49.0,9.0,1422.0,329.0,0.0,1.0,1.0,0.0,0.0,1.0,0.0,1.0,215.0,142.0,0.66,0.02,0.0,0.0,0.0,0.0,0.0,89252.0
40.0,9.0,516.0,4.0,0.0,0.0,133.0,0.0,0.0,1.0,0.0,0.0,133.0,133.0,1.0,0.0,0.0,0.0,0.0,0.0,0.0,34556.0
3.0,9.0,10.0,39.0,0.0,0.0,1.0,0.0,0.0,1.0,0.0,0.0,241.0,12.0,0.05,0.02,0.0,0.0,0.0,0.0,0.0,91704.0
22.0,9.0,328.0,434.0,0.0,1.0,26.0,0.0,0.0,1.0,0.0,0.09,255.0,255.0,1.0,0.0,0.0,0.0,0.0,0.0,0.0,70107.0
22.0,9.0,214.0,1367.0,0.0,1.0,4.0,0.0,0.0,1.0,0.0,0.0,106.0,255.0,1.0,0.0,0.02,0.0,0.0,0.0,0.0,1615.0
22.0,9.0,265.0,10485.0,0.0,1.0,1.0,0.0,0.0,1.0,0.0,0.0,73.0,255.0,1.0,0.0,0.03,0.0,0.0,0.0,0.0,58461.0
22.0,9.0,224.0,1529.0,0.0,1.0,10.0,0.0,0.0,1.0,0.0,0.0,255.0,255.0,1.0,0.0,0.0,0.0,0.0,0.0,0.0,80884.0
49.0,5.0,0.0,0.0,0.0,0.0,2.0,0.5,0.33,1.0,0.0,0.67,140.0,96.0,0.69,0.05,0.0,0.01,0.01,0.0,0.0,124631.0
40.0,9.0,146.0,105.0,0.0,0.0,1.0,0.0,0.0,1.0,0.0,0.0,255.0,1.0,0.0,0.64,0.0,0.0,0.0,0.0,0.0,116091.0
22.0,9.0,194.0,466.0,0.0,1.0,10.0,0.0,0.0,1.0,0.0,0.0,255.0,255.0,1.0,0.0,0.0,0.0,0.0,0.0,0.0,108527.0
18.0,9.0,1138.0,2443.0,0.0,1.0,1.0,0.0,0.0,1.0,0.0,0.0,255.0,70.0,0.27,0.02,0.0,0.0,0.0,0.0,1.0,20621.0
22.0,9.0,226.0,2507.0,0.0,1.0,6.0,0.0,0.0,1.0,0.0,0.0,255.0,238.0,0.93,0.01,0.0,0.0,0.0,0.0,0.0,37672.0
22.0,9.0,265.0,1701.0,0.0,1.0,1.0,0.0,0.0,1.0,0.0,0.0,1.0,255.0,1.0,0.0,0.02,0.0,0.0,0.0,0.0,102287.0
22.0,9.0,215.0,1534.0,0.0,1.0,22.0,0.0,0.0,1.0,0.0,0.0,121.0,255.0,1.0,0.0,0.04,0.0,0.0,0.0,0.0,33331.0
11.0,9.0,43.0,43.0,0.0,0.0,215.0,0.0,0.0,1.0,0.0,0.0,255.0,255.0,1.0,0.0,0.0,0.0,0.0,0.0,0.0,103154.0
22.0,9.0,210.0,1095.0,0.0,1.0,13.0,0.0,0.0,1.0,0.0,0.0,13.0,255.0,1.0,0.0,0.05,0.0,0.0,0.0,0.0,43521.0
11.0,9.0,46.0,145.0,0.0,0.0,43.0,0.0,0.0,1.0,0.0,0.02,255.0,232.0,0.91,0.01,0.0,0.0,0.0,0.0,0.0,64766.0
22.0,9.0,220.0,180.0,0.0,1.0,17.0,0.0,0.0,1.0,0.0,0.0,255.0,255.0,1.0,0.0,0.0,0.0,0.0,0.0,0.0,59181.0
22.0,9.0,319.0,1147.0,0.0,1.0,16.0,0.0,0.0,1.0,0.0,0.11,16.0,255.0,1.0,0.0,0.07,0.0,0.0,0.0,0.0,81648.0
49.0,9.0,1393.0,330.0,0.0,1.0,1.0,0.0,0.0,1.0,0.0,0.0,114.0,82.0,0.72,0.05,0.0,0.02,0.02,0.0,0.0,21090.0
11.0,9.0,46.0,137.0,0.0,0.0,76.0,0.0,0.0,1.0,0.0,0.01,255.0,255.0,1.0,0.0,0.0,0.0,0.0,0.0,0.0,69191.0
19.0,9.0,11.0,0.0,0.0,1.0,2.0,0.0,0.0,1.0,0.0,0.0,47.0,51.0,0.28,0.09,0.04,0.06,0.0,0.0,0.0,73061.0
11.0,9.0,45.0,45.0,0.0,0.0,237.0,0.0,0.0,1.0,0.0,0.0,255.0,255.0,1.0,0.0,0.0,0.0,0.0,0.0,0.0,13287.0
22.0,9.0,232.0,10041.0,0.0,1.0,1.0,0.0,0.0,1.0,0.0,1.0,32.0,255.0,1.0,0.0,0.02,0.0,0.0,0.0,0.0,79751.0
22.0,9.0,241.0,449.0,0.0,1.0,19.0,0.0,0.0,1.0,0.0,0.15,255.0,255.0,1.0,0.0,0.0,0.0,0.0,0.0,0.0,98208.0
11.0,9.0,42.0,127.0,0.0,0.0,36.0,0.0,0.0,1.0,0.0,0.02,176.0,196.0,0.77,0.02,0.01,0.0,0.0,0.0,0.0,111333.0
49.0,9.0,1054.0,327.0,0.0,1.0,1.0,0.0,0.0,1.0,0.0,0.0,156.0,150.0,0.66,0.04,0.01,0.0,0.0,0.0,0.0,64059.0
22.0,9.0,243.0,258.0,0.0,1.0,12.0,0.0,0.0,1.0,0.0,0.09,255.0,255.0,1.0,0.0,0.0,0.0,0.0,0.0,0.0,34356.0
22.0,9.0,286.0,9216.0,0.0,1.0,3.0,0.0,0.0,1.0,0.0,0.14,255.0,255.0,1.0,0.0,0.0,0.0,0.0,0.0,0.0,99212.0
40.0,9.0,146.0,105.0,0.0,0.0,2.0,0.0,0.0,1.0,0.0,0.0,255.0,2.0,0.01,0.66,0.0,0.0,0.0,0.0,0.0,107424.0
22.0,9.0,260.0,7334.0,0.0,1.0,7.0,0.0,0.0,1.0,0.0,0.0,96.0,255.0,1.0,0.0,0.02,0.0,0.0,0.0,0.0,22706.0
19.0,9.0,5891.0,0.0,0.0,0.0,16.0,0.0,0.0,1.0,0.0,0.0,255.0,22.0,0.09,0.01,0.0,0.0,0.0,0.0,0.0,56120.0
22.0,9.0,225.0,2043.0,0.0,1.0,13.0,0.0,0.0,1.0,0.0,0.07,255.0,255.0,1.0,0.0,0.0,0.0,0.0,0.0,0.0,40506.0
56.0,9.0,0.0,4.0,0.0,0.0,1.0,0.0,0.0,1.0,0.0,0.0,10.0,10.0,1.0,0.0,0.0,0.0,0.0,0.0,0.0,82907.0
11.0,9.0,43.0,74.0,0.0,0.0,310.0,0.0,0.0,1.0,0.0,0.0,255.0,254.0,1.0,0.01,0.0,0.0,0.0,0.0,0.0,10147.0
58.0,9.0,78.0,0.0,0.0,0.0,13.0,0.0,0.0,0.15,0.15,0.0,255.0,5.0,0.02,0.01,0.0,0.0,0.0,0.0,0.0,84346.0
22.0,9.0,232.0,9525.0,0.0,1.0,2.0,0.0,0.0,1.0,0.0,0.0,30.0,255.0,1.0,0.0,0.06,0.0,0.01,0.0,0.0,58660.0
22.0,9.0,258.0,7770.0,0.0,1.0,1.0,0.0,0.0,1.0,0.0,0.0,255.0,253.0,0.99,0.01,0.0,0.0,0.0,0.03,0.0,57391.0
22.0,9.0,171.0,409.0,0.0,1.0,4.0,0.25,0.25,1.0,0.0,0.0,35.0,255.0,1.0,0.0,0.01,0.06,0.01,0.0,0.0,14775.0
22.0,9.0,213.0,10233.0,0.0,1.0,13.0,0.0,0.0,1.0,0.0,0.15,255.0,255.0,1.0,0.0,0.0,0.0,0.0,0.0,0.0,64294.0
40.0,9.0,145.0,105.0,0.0,0.0,1.0,0.0,0.0,1.0,0.0,0.0,255.0,1.0,0.0,0.8,0.0,0.0,0.0,0.0,0.0,111169.0
22.0,9.0,294.0,458.0,0.0,1.0,30.0,0.0,0.0,1.0,0.0,0.09,255.0,255.0,1.0,0.0,0.0,0.0,0.0,0.0,0.0,62092.0
22.0,9.0,216.0,522.0,0.0,1.0,6.0,0.0,0.0,1.0,0.0,0.22,105.0,255.0,1.0,0.0,0.02,0.0,0.0,0.0,0.0,111006.0
49.0,9.0,891.0,327.0,0.0,1.0,2.0,0.0,0.0,0.5,1.0,1.0,90.0,193.0,0.61,0.08,0.01,0.0,0.0,0.0,0.0,87253.0
22.0,9.0,327.0,270.0,0.0,1.0,1.0,0.0,0.0,1.0,0.0,0.0,255.0,246.0,0.96,0.02,0.0,0.0,0.0,0.0,0.0,18821.0
22.0,9.0,235.0,1480.0,0.0,1.0,14.0,0.0,0.0,1.0,0.0,0.12,71.0,255.0,1.0,0.0,0.02,0.0,0.0,0.03,0.0,97658.0
19.0,9.0,0.0,640.0,0.0,0.0,1.0,0.0,0.0,1.0,0.0,0.29,48.0,6.0,0.02,0.1,0.33,0.0,0.0,0.0,0.0,4823.0
40.0,9.0,10272.0,0.0,0.0,1.0,10.0,0.1,0.0,0.1,0.3,0.0,255.0,1.0,0.0,0.07,0.0,0.02,0.0,0.0,0.0,119658.0
22.0,1.0,0.0,0.0,0.0,0.0,1.0,0.0,0.0,1.0,0.0,0.0,3.0,254.0,1.0,0.0,0.13,0.0,0.0,0.98,0.0,119659.0
22.0,1.0,0.0,0.0,0.0,0.0,1.0,0.0,0.0,1.0,0.0,0.0,2.0,142.0,1.0,0.0,0.22,0.0,0.0,1.0,0.0,57971.0
22.0,9.0,54540.0,8314.0,0.0,1.0,2.0,0.0,0.0,1.0,0.0,0.0,211.0,211.0,1.0,0.0,0.0,0.0,0.0,0.01,1.0,50427.0
22.0,9.0,341.0,1221.0,0.0,1.0,12.0,0.0,0.0,1.0,0.0,0.0,255.0,255.0,1.0,0.0,0.0,0.0,0.0,0.0,0.0,45545.0
58.0,9.0,135.0,0.0,0.0,0.0,8.0,0.0,0.0,0.25,0.25,0.0,255.0,21.0,0.08,0.01,0.0,0.0,0.0,0.0,0.0,69048.0
22.0,9.0,317.0,365.0,0.0,1.0,12.0,0.0,0.0,1.0,0.0,0.0,67.0,255.0,1.0,0.0,0.02,0.0,0.0,0.0,0.0,74333.0
22.0,9.0,250.0,1461.0,0.0,1.0,9.0,0.0,0.0,1.0,0.0,0.28,255.0,255.0,1.0,0.0,0.0,0.0,0.0,0.0,0.0,74550.0
22.0,9.0,318.0,762.0,0.0,1.0,17.0,0.0,0.0,1.0,0.0,0.0,253.0,255.0,1.0,0.0,0.01,0.0,0.0,0.0,0.0,46957.0
22.0,9.0,295.0,2649.0,0.0,1.0,2.0,0.0,0.0,1.0,0.0,0.07,255.0,255.0,1.0,0.0,0.0,0.0,0.0,0.0,0.0,21097.0
22.0,9.0,289.0,324.0,0.0,1.0,9.0,0.0,0.0,1.0,0.0,0.0,212.0,255.0,1.0,0.0,0.02,0.0,0.0,0.0,0.0,71461.0
22.0,9.0,293.0,313.0,0.0,1.0,10.0,0.0,0.0,1.0,0.0,0.1,255.0,255.0,1.0,0.0,0.0,0.0,0.0,0.0,0.0,62935.0
22.0,9.0,211.0,124.0,0.0,1.0,4.0,0.0,0.0,1.0,0.0,0.29,16.0,255.0,1.0,0.0,0.02,0.0,0.0,0.0,0.0,78960.0
22.0,9.0,268.0,450.0,0.0,1.0,1.0,0.0,0.0,1.0,0.0,1.0,255.0,255.0,1.0,0.0,0.0,0.0,0.0,0.0,0.0,67674.0
44.0,9.0,207.0,0.0,0.0,0.0,2.0,0.0,0.0,1.0,0.0,0.0,72.0,64.0,0.89,0.03,0.0,0.0,0.0,0.0,1.0,75698.0
22.0,9.0,265.0,506.0,0.0,1.0,8.0,0.0,0.0,1.0,0.0,0.0,10.0,10.0,1.0,0.0,0.0,0.0,0.0,0.0,0.0,34809.0
49.0,9.0,852.0,482.0,0.0,1.0,1.0,0.0,0.0,1.0,0.0,0.0,255.0,20.0,0.08,0.02,0.0,0.01,0.0,0.0,0.0,66035.0
19.0,9.0,641.0,0.0,0.0,1.0,2.0,0.0,0.0,1.0,0.0,0.0,44.0,53.0,0.8,0.05,0.04,0.0,0.0,0.0,0.0,85461.0
49.0,9.0,2089.0,335.0,0.0,1.0,2.0,0.0,0.0,0.5,1.0,1.0,255.0,152.0,0.6,0.03,0.0,0.01,0.02,0.01,0.0,111.0
22.0,9.0,200.0,455.0,0.0,1.0,8.0,0.0,0.0,1.0,0.0,0.18,255.0,255.0,1.0,0.0,0.0,0.0,0.0,0.0,0.0,75168.0
22.0,9.0,249.0,526.0,0.0,1.0,7.0,0.0,0.0,1.0,0.0,0.0,21.0,255.0,1.0,0.0,0.01,0.0,0.0,0.0,0.0,97097.0
22.0,1.0,0.0,0.0,0.0,0.0,1.0,0.0,0.0,1.0,0.0,0.0,2.0,203.0,1.0,0.0,0.18,0.0,0.0,0.97,0.0,108214.0
22.0,9.0,230.0,752.0,0.0,1.0,8.0,0.0,0.0,1.0,0.0,0.0,31.0,255.0,1.0,0.0,0.08,0.0,0.01,0.01,0.0,82510.0
22.0,1.0,0.0,0.0,0.0,0.0,1.0,0.0,0.0,1.0,0.0,1.0,11.0,50.0,1.0,0.0,0.16,0.0,0.0,1.0,0.0,91413.0
22.0,9.0,325.0,272.0,0.0,1.0,6.0,0.0,0.0,1.0,0.0,0.0,255.0,249.0,0.98,0.01,0.0,0.0,0.0,0.03,0.0,102505.0
22.0,9.0,248.0,10403.0,0.0,1.0,6.0,0.0,0.0,1.0,0.0,0.0,255.0,255.0,1.0,0.0,0.0,0.0,0.0,0.0,0.0,13948.0
22.0,9.0,205.0,406.0,0.0,1.0,24.0,0.0,0.0,1.0,0.0,0.0,24.0,255.0,1.0,0.0,0.05,0.0,0.0,0.0,0.0,66541.0
22.0,1.0,0.0,0.0,0.0,0.0,1.0,0.0,0.0,1.0,0.0,0.0,4.0,255.0,1.0,0.0,0.03,0.0,0.0,0.03,0.0,20320.0
22.0,9.0,331.0,480.0,0.0,1.0,22.0,0.0,0.0,1.0,0.0,0.08,142.0,255.0,1.0,0.0,0.01,0.0,0.0,0.01,0.0,70769.0
19.0,9.0,740.0,0.0,0.0,1.0,2.0,0.0,0.0,1.0,0.0,0.0,144.0,27.0,0.19,0.03,0.0,0.0,0.0,0.0,0.0,61723.0
22.0,9.0,241.0,640.0,0.0,1.0,2.0,0.0,0.0,1.0,0.0,0.0,4.0,255.0,1.0,0.0,0.08,0.0,0.0,0.0,0.0,73646.0
22.0,9.0,308.0,1461.0,0.0,1.0,4.0,0.0,0.0,1.0,0.0,0.14,74.0,255.0,1.0,0.0,0.02,0.0,0.0,0.0,0.0,92610.0
22.0,9.0,194.0,1654.0,0.0,1.0,1.0,0.0,0.0,1.0,0.0,0.0,255.0,250.0,0.98,0.01,0.0,0.0,0.0,0.0,0.0,18662.0
18.0,9.0,320.0,1054.0,0.0,1.0,1.0,0.0,0.0,1.0,0.0,0.0,228.0,47.0,0.21,0.02,0.0,0.0,0.0,0.0,0.0,13189.0
11.0,9.0,44.0,44.0,0.0,0.0,8.0,0.0,0.0,1.0,0.0,0.2,255.0,255.0,1.0,0.0,0.0,0.0,0.0,0.0,0.0,51496.0
22.0,9.0,242.0,486.0,0.0,1.0,31.0,0.0,0.0,1.0,0.0,0.08,255.0,255.0,1.0,0.0,0.0,0.0,0.0,0.0,0.0,77206.0
19.0,9.0,245.0,0.0,0.0,1.0,2.0,0.0,0.0,1.0,0.0,0.0,2.0,89.0,1.0,0.0,0.02,0.0,0.01,0.0,0.0,99336.0
49.0,9.0,1209.0,329.0,0.0,1.0,1.0,0.0,0.0,1.0,0.0,1.0,3.0,242.0,1.0,0.0,0.02,0.0,0.0,0.0,0.0,113341.0
22.0,9.0,241.0,1380.0,0.0,1.0,4.0,0.0,0.0,1.0,0.0,0.3,255.0,244.0,0.96,0.02,0.0,0.0,0.0,0.0,0.0,39094.0
22.0,9.0,54540.0,8314.0,0.0,1.0,3.0,0.0,0.0,1.0,0.0,0.5,68.0,68.0,1.0,0.0,0.0,0.0,0.0,0.01,1.0,112776.0
11.0,9.0,44.0,136.0,0.0,0.0,74.0,0.0,0.0,1.0,0.0,0.01,255.0,254.0,1.0,0.01,0.0,0.0,0.0,0.0,0.0,48666.0
10.0,9.0,48.0,500.0,0.0,1.0,104.0,0.0,0.0,0.01,0.02,0.0,255.0,1.0,0.0,0.01,0.0,0.0,0.0,0.0,0.0,5022.0
22.0,9.0,175.0,6093.0,0.0,1.0,1.0,0.0,0.0,1.0,0.0,0.21,10.0,255.0,1.0,0.0,0.01,0.0,0.0,0.0,0.0,60636.0
49.0,9.0,1478.0,324.0,0.0,1.0,1.0,0.0,0.0,1.0,0.0,0.0,222.0,153.0,0.62,0.02,0.01,0.0,0.01,0.0,0.0,93591.0
22.0,9.0,230.0,8487.0,0.0,1.0,8.0,0.0,0.0,1.0,0.0,0.0,255.0,255.0,1.0,0.0,0.0,0.0,0.0,0.0,0.0,102286.0
22.0,9.0,205.0,2750.0,0.0,1.0,1.0,0.0,0.0,1.0,0.0,1.0,109.0,255.0,1.0,0.0,0.03,0.0,0.0,0.0,0.0,110302.0
11.0,9.0,44.0,86.0,0.0,0.0,213.0,0.0,0.0,1.0,0.0,0.01,255.0,217.0,0.85,0.01,0.0,0.0,0.0,0.0,0.0,75118.0
22.0,9.0,257.0,11445.0,0.0,1.0,7.0,0.0,0.0,1.0,0.0,0.0,57.0,255.0,1.0,0.0,0.03,0.0,0.0,0.0,0.0,9470.0
49.0,9.0,9135.0,334.0,0.0,1.0,1.0,0.0,0.0,1.0,0.0,0.0,36.0,122.0,0.75,0.14,0.02,0.0,0.0,0.0,0.0,55403.0
49.0,9.0,1112.0,328.0,0.0,1.0,1.0,0.0,0.0,1.0,0.0,0.0,206.0,91.0,0.44,0.02,0.0,0.0,0.0,0.0,0.0,25935.0
11.0,9.0,42.0,42.0,0.0,0.0,3.0,0.0,0.0,1.0,0.0,0.6,255.0,247.0,0.97,0.01,0.0,0.0,0.0,0.0,0.0,91979.0
49.0,9.0,2315.0,329.0,0.0,1.0,1.0,0.0,0.0,1.0,0.0,0.0,69.0,166.0,0.54,0.09,0.01,0.0,0.0,0.0,0.0,66685.0
22.0,9.0,278.0,349.0,0.0,1.0,5.0,0.0,0.0,1.0,0.0,0.0,255.0,255.0,1.0,0.0,0.0,0.0,0.0,0.0,0.0,124103.0
55.0,9.0,122.0,14426.0,0.0,1.0,1.0,0.0,0.0,1.0,0.0,0.0,71.0,2.0,0.01,0.08,1.0,0.0,0.0,0.0,0.0,66459.0
22.0,9.0,345.0,3938.0,0.0,1.0,10.0,0.0,0.0,1.0,0.0,0.25,255.0,255.0,1.0,0.0,0.0,0.0,0.0,0.0,0.0,983.0
11.0,9.0,44.0,92.0,0.0,0.0,249.0,0.0,0.0,1.0,0.01,0.01,255.0,255.0,1.0,0.0,0.0,0.0,0.0,0.0,0.0,87950.0
22.0,9.0,285.0,23652.0,0.0,1.0,14.0,0.0,0.0,1.0,0.0,0.19,35.0,110.0,1.0,0.0,0.08,0.0,0.0,0.0,0.0,30197.0
11.0,9.0,46.0,77.0,0.0,0.0,264.0,0.0,0.0,1.0,0.0,0.0,255.0,254.0,1.0,0.01,0.0,0.0,0.0,0.0,0.0,96065.0
22.0,9.0,323.0,462.0,0.0,1.0,14.0,0.0,0.0,1.0,0.0,0.0,219.0,255.0,1.0,0.0,0.02,0.0,0.0,0.0,0.0,61699.0
44.0,9.0,215.0,0.0,0.0,0.0,1.0,0.0,0.0,1.0,0.0,0.0,201.0,169.0,0.84,0.01,0.0,0.0,0.0,0.0,1.0,88481.0
22.0,9.0,252.0,10064.0,0.0,1.0,6.0,0.0,0.0,1.0,0.0,0.0,103.0,255.0,1.0,0.0,0.02,0.0,0.0,0.0,0.0,35582.0
11.0,9.0,30.0,30.0,0.0,0.0,2.0,0.0,0.0,1.0,0.0,0.67,255.0,255.0,1.0,0.0,0.0,0.0,0.0,0.0,0.0,125938.0
22.0,9.0,427.0,546.0,0.0,1.0,1.0,0.0,0.0,1.0,0.0,1.0,43.0,255.0,1.0,0.0,0.06,0.0,0.0,0.0,0.0,113405.0
11.0,9.0,45.0,132.0,0.0,0.0,149.0,0.0,0.0,1.0,0.0,0.01,255.0,212.0,0.83,0.01,0.0,0.0,0.0,0.0,0.0,81479.0
22.0,1.0,0.0,0.0,0.0,0.0,1.0,0.0,0.0,1.0,0.0,0.0,3.0,253.0,1.0,0.0,0.19,0.0,0.0,0.75,0.0,36913.0
22.0,9.0,54540.0,8314.0,0.0,1.0,2.0,0.0,0.0,1.0,0.0,0.0,78.0,78.0,1.0,0.0,0.0,0.0,0.0,0.18,1.0,81898.0
40.0,9.0,147.0,105.0,0.0,0.0,5.0,0.0,0.0,0.2,0.6,0.0,95.0,1.0,0.01,0.51,0.0,0.0,0.0,0.0,0.0,5422.0
22.0,9.0,327.0,2662.0,0.0,1.0,12.0,0.0,0.0,1.0,0.0,0.11,255.0,255.0,1.0,0.0,0.0,0.0,0.0,0.0,0.0,23031.0
40.0,9.0,147.0,105.0,0.0,0.0,2.0,0.0,0.0,1.0,0.0,0.0,255.0,2.0,0.01,0.56,0.0,0.0,0.0,0.0,0.0,116801.0
40.0,9.0,145.0,105.0,0.0,0.0,2.0,0.0,0.0,1.0,0.0,0.0,255.0,4.0,0.02,0.46,0.0,0.0,0.0,0.0,0.0,4274.0
19.0,9.0,5135678.0,0.0,0.0,1.0,1.0,0.0,0.0,1.0,0.0,0.0,5.0,30.0,1.0,0.0,0.17,0.0,0.0,0.0,1.0,85482.0
11.0,9.0,32.0,102.0,0.0,0.0,6.0,0.0,0.0,1.0,0.0,0.0,159.0,150.0,0.94,0.02,0.0,0.0,0.0,0.0,0.0,4558.0
22.0,9.0,293.0,1997.0,0.0,1.0,3.0,0.0,0.0,1.0,0.0,0.0,27.0,255.0,1.0,0.0,0.03,0.0,0.0,0.0,0.0,67207.0
22.0,9.0,226.0,868.0,0.0,1.0,4.0,0.0,0.0,1.0,0.0,0.0,24.0,255.0,1.0,0.0,0.02,0.0,0.0,0.0,0.0,62227.0
22.0,1.0,0.0,0.0,0.0,0.0,1.0,0.0,0.0,1.0,0.0,0.0,5.0,87.0,1.0,0.0,0.03,0.0,0.0,1.0,0.0,104311.0
22.0,9.0,217.0,1291.0,0.0,1.0,7.0,0.0,0.0,1.0,0.0,0.0,7.0,255.0,1.0,0.0,0.03,0.0,0.0,0.0,0.0,52553.0
22.0,1.0,0.0,0.0,0.0,0.0,1.0,0.0,0.0,1.0,0.0,0.0,47.0,254.0,1.0,0.0,0.14,0.0,0.0,1.0,0.0,52408.0
22.0,9.0,489.0,5848.0,0.0,1.0,4.0,0.0,0.0,1.0,0.0,0.17,255.0,255.0,1.0,0.0,0.0,0.0,0.0,0.0,0.0,89045.0
22.0,9.0,206.0,1697.0,0.0,1.0,4.0,0.0,0.0,1.0,0.0,0.0,4.0,255.0,1.0,0.0,0.04,0.0,0.0,0.0,0.0,119633.0
11.0,9.0,44.0,44.0,0.0,0.0,102.0,0.0,0.0,1.0,0.0,0.01,255.0,255.0,1.0,0.0,0.0,0.0,0.0,0.0,0.0,108402.0
22.0,9.0,257.0,767.0,0.0,1.0,14.0,0.0,0.0,1.0,0.0,0.0,73.0,255.0,1.0,0.0,0.02,0.0,0.0,0.0,0.0,56756.0
11.0,9.0,42.0,42.0,0.0,0.0,11.0,0.0,0.0,1.0,0.0,0.12,199.0,193.0,0.97,0.02,0.0,0.0,0.0,0.0,0.0,120372.0
22.0,9.0,283.0,383.0,0.0,1.0,10.0,0.0,0.0,1.0,0.0,0.0,43.0,255.0,1.0,0.0,0.01,0.0,0.0,0.0,0.0,110337.0
19.0,9.0,854.0,0.0,0.0,1.0,12.0,0.0,0.0,1.0,0.0,0.0,120.0,30.0,0.25,0.03,0.0,0.0,0.0,0.0,0.0,99180.0
11.0,9.0,43.0,109.0,0.0,0.0,75.0,0.0,0.0,1.0,0.0,0.01,255.0,255.0,1.0,0.0,0.0,0.0,0.0,0.0,0.0,101943.0
22.0,9.0,301.0,12634.0,0.0,1.0,3.0,0.0,0.2,1.0,0.0,0.4,55.0,255.0,1.0,0.0,0.02,0.0,0.0,0.0,0.0,94000.0
11.0,9.0,44.0,135.0,0.0,0.0,10.0,0.0,0.0,1.0,0.0,0.01,68.0,200.0,0.78,0.03,0.01,0.0,0.0,0.0,0.0,38949.0
22.0,9.0,315.0,1531.0,0.0,1.0,3.0,0.0,0.0,1.0,0.0,0.08,76.0,255.0,1.0,0.0,0.02,0.0,0.0,0.0,0.0,31153.0
11.0,9.0,43.0,69.0,0.0,0.0,183.0,0.0,0.0,1.0,0.0,0.0,255.0,200.0,0.78,0.01,0.0,0.0,0.0,0.0,0.0,107318.0
39.0,9.0,48.0,48.0,0.0,0.0,3.0,0.0,0.0,0.33,0.67,0.0,255.0,4.0,0.02,0.01,0.0,0.0,0.0,0.0,0.0,123854.0
22.0,9.0,293.0,1193.0,0.0,1.0,10.0,0.0,0.0,1.0,0.0,0.18,255.0,255.0,1.0,0.0,0.0,0.0,0.0,0.0,0.0,54530.0
22.0,9.0,306.0,1075.0,0.0,1.0,4.0,0.0,0.0,1.0,0.0,0.12,255.0,253.0,0.99,0.01,0.0,0.0,0.0,0.0,0.0,64835.0
11.0,9.0,45.0,81.0,0.0,0.0,121.0,0.0,0.0,1.0,0.0,0.0,255.0,255.0,1.0,0.0,0.0,0.0,0.0,0.0,0.0,57384.0
22.0,9.0,197.0,978.0,0.0,1.0,28.0,0.0,0.0,1.0,0.0,0.06,90.0,255.0,1.0,0.0,0.02,0.0,0.0,0.0,0.0,81039.0
11.0,9.0,45.0,132.0,0.0,0.0,178.0,0.0,0.0,1.0,0.0,0.0,255.0,255.0,1.0,0.0,0.0,0.0,0.0,0.0,0.0,89886.0
22.0,9.0,225.0,3073.0,0.0,1.0,3.0,0.0,0.0,1.0,0.0,0.0,149.0,255.0,1.0,0.0,0.03,0.0,0.0,0.0,0.0,72008.0
22.0,1.0,0.0,0.0,0.0,0.0,1.0,0.0,0.0,1.0,0.0,0.0,157.0,109.0,0.69,0.02,0.0,0.0,0.0,1.0,0.0,15155.0
22.0,9.0,245.0,39242.0,0.0,1.0,1.0,0.0,0.0,1.0,0.0,0.0,255.0,255.0,1.0,0.0,0.0,0.0,0.0,0.0,0.0,32074.0
19.0,9.0,383.0,0.0,0.0,0.0,2.0,0.0,0.0,1.0,0.0,0.0,99.0,60.0,0.16,0.05,0.03,0.0,0.0,0.0,0.0,5470.0
17.0,9.0,8.0,170.0,0.0,0.0,1.0,0.0,0.0,1.0,0.0,0.0,108.0,1.0,0.01,0.03,0.0,0.0,0.0,0.0,0.0,54383.0
19.0,9.0,495.0,0.0,0.0,1.0,1.0,0.0,0.0,1.0,0.0,0.0,44.0,39.0,0.02,0.11,0.05,0.0,0.03,0.0,0.0,79748.0
11.0,9.0,44.0,132.0,0.0,0.0,1.0,0.0,0.0,1.0,0.0,0.0,250.0,101.0,0.4,0.01,0.0,0.0,0.0,0.0,0.0,98646.0
19.0,9.0,245.0,0.0,0.0,1.0,2.0,0.0,0.0,1.0,0.0,0.0,96.0,44.0,0.08,0.06,0.05,0.0,0.0,0.0,0.0,70187.0
22.0,9.0,299.0,1842.0,0.0,1.0,17.0,0.0,0.0,1.0,0.0,0.21,38.0,70.0,1.0,0.0,0.04,0.0,0.0,0.0,0.0,49070.0
22.0,9.0,316.0,293.0,0.0,1.0,14.0,0.0,0.0,1.0,0.0,0.0,222.0,255.0,1.0,0.0,0.01,0.0,0.0,0.0,0.0,92137.0
11.0,9.0,29.0,0.0,0.0,0.0,1.0,0.0,0.0,1.0,0.0,1.0,41.0,48.0,0.15,0.12,0.04,0.0,0.0,0.0,0.0,69104.0
22.0,9.0,328.0,1444.0,0.0,1.0,17.0,0.0,0.0,1.0,0.0,0.0,41.0,209.0,1.0,0.0,0.11,0.0,0.0,0.0,0.0,24881.0
22.0,9.0,246.0,1903.0,0.0,1.0,1.0,0.0,0.0,1.0,0.0,0.0,1.0,255.0,1.0,0.0,0.03,0.0,0.0,0.0,0.0,20978.0
22.0,9.0,284.0,26546.0,0.0,1.0,1.0,0.0,0.0,1.0,0.0,1.0,1.0,255.0,1.0,0.0,0.05,0.0,0.01,0.0,0.0,109649.0
19.0,9.0,554.0,0.0,0.0,1.0,1.0,0.0,0.0,1.0,0.0,0.0,3.0,118.0,0.67,0.67,0.03,0.0,0.01,0.0,0.0,4353.0
22.0,9.0,242.0,4859.0,0.0,1.0,35.0,0.0,0.0,1.0,0.0,0.0,35.0,255.0,1.0,0.0,0.03,0.0,0.0,0.0,0.0,85133.0
40.0,9.0,147.0,105.0,0.0,0.0,1.0,0.0,0.0,1.0,0.0,0.0,234.0,1.0,0.0,0.44,0.0,0.0,0.0,0.0,0.0,26403.0
49.0,9.0,853.0,327.0,0.0,1.0,1.0,0.0,0.0,1.0,0.0,0.0,255.0,26.0,0.1,0.62,0.0,0.0,0.0,0.0,0.0,31429.0
11.0,9.0,45.0,84.0,0.0,0.0,222.0,0.0,0.0,1.0,0.0,0.0,255.0,255.0,1.0,0.0,0.0,0.0,0.0,0.0,0.0,70303.0
11.0,9.0,45.0,111.0,0.0,0.0,233.0,0.0,0.0,1.0,0.0,0.01,255.0,253.0,0.99,0.01,0.0,0.0,0.0,0.0,0.0,57001.0
22.0,9.0,254.0,7262.0,0.0,1.0,1.0,0.0,0.0,1.0,0.0,0.12,48.0,255.0,1.0,0.0,0.02,0.0,0.0,0.0,0.0,34943.0
18.0,9.0,1234.0,2449.0,0.0,1.0,1.0,0.0,0.0,1.0,0.0,0.0,255.0,82.0,0.32,0.02,0.0,0.0,0.0,0.0,1.0,96942.0
22.0,9.0,280.0,912.0,0.0,1.0,24.0,0.0,0.0,1.0,0.0,0.0,156.0,255.0,1.0,0.0,0.02,0.0,0.0,0.0,0.0,11331.0
18.0,9.0,321.0,1054.0,0.0,1.0,1.0,0.0,0.0,1.0,0.0,0.0,233.0,43.0,0.18,0.02,0.0,0.0,0.0,0.0,0.0,25421.0
22.0,9.0,54540.0,8314.0,0.0,1.0,2.0,0.0,0.0,1.0,0.0,0.0,78.0,78.0,1.0,0.0,0.0,0.01,0.01,0.01,1.0,111498.0
19.0,9.0,12.0,0.0,0.0,1.0,1.0,0.0,0.0,1.0,0.0,0.0,120.0,105.0,0.52,0.03,0.02,0.0,0.0,0.0,0.0,83506.0
22.0,9.0,226.0,2251.0,0.0,1.0,30.0,0.0,0.0,1.0,0.0,0.09,255.0,255.0,1.0,0.0,0.0,0.0,0.0,0.0,0.0,98716.0
22.0,9.0,300.0,12548.0,0.0,1.0,4.0,0.0,0.0,1.0,0.0,0.5,195.0,255.0,1.0,0.0,0.02,0.01,0.0,0.0,0.0,123853.0
22.0,9.0,323.0,935.0,0.0,1.0,8.0,0.0,0.0,1.0,0.0,0.0,107.0,255.0,1.0,0.0,0.02,0.0,0.0,0.0,0.0,83550.0
22.0,9.0,219.0,2816.0,0.0,1.0,1.0,0.0,0.0,1.0,0.0,0.4,255.0,255.0,1.0,0.0,0.0,0.0,0.0,0.0,0.0,110558.0
22.0,9.0,154.0,13386.0,0.0,1.0,2.0,0.0,0.0,1.0,0.0,0.11,127.0,255.0,1.0,0.0,0.04,0.0,0.0,0.01,0.0,106926.0
40.0,9.0,146.0,105.0,0.0,0.0,1.0,0.0,0.0,1.0,0.0,0.0,254.0,2.0,0.01,0.59,0.0,0.0,0.0,0.0,0.0,90515.0
22.0,9.0,237.0,2535.0,0.0,1.0,2.0,0.0,0.0,1.0,0.0,0.06,4.0,255.0,1.0,0.0,0.04,0.0,0.0,0.0,0.0,124554.0
19.0,9.0,373.0,0.0,0.0,1.0,8.0,0.0,0.0,1.0,0.0,0.27,42.0,75.0,0.33,0.1,0.03,0.0,0.0,0.0,0.0,943.0
55.0,6.0,0.0,0.0,0.0,0.0,1.0,1.0,1.0,1.0,0.0,0.0,154.0,2.0,0.01,0.12,0.0,0.01,0.5,0.0,0.0,8826.0
40.0,9.0,146.0,105.0,0.0,0.0,5.0,0.0,0.0,0.4,0.6,0.0,255.0,2.0,0.01,0.85,0.0,0.0,0.0,0.0,0.0,533.0
22.0,9.0,214.0,4823.0,0.0,1.0,6.0,0.17,0.17,1.0,0.0,0.0,255.0,255.0,1.0,0.0,0.0,0.0,0.0,0.0,0.0,93832.0
22.0,9.0,54540.0,8314.0,0.0,1.0,5.0,0.0,0.0,1.0,0.0,0.0,37.0,37.0,1.0,0.0,0.0,0.0,0.0,0.05,1.0,95061.0
19.0,9.0,3690.0,0.0,0.0,1.0,9.0,0.0,0.0,1.0,0.0,0.0,9.0,74.0,1.0,0.0,0.03,0.0,0.01,0.0,0.0,101554.0
22.0,9.0,321.0,182.0,0.0,1.0,24.0,0.0,0.0,1.0,0.0,0.0,164.0,255.0,1.0,0.0,0.01,0.0,0.0,0.05,0.0,97904.0
40.0,9.0,19.0,0.0,0.0,1.0,1.0,0.0,0.0,1.0,0.0,0.0,255.0,1.0,0.0,0.08,0.0,0.91,0.0,0.0,0.0,65462.0
22.0,9.0,285.0,1868.0,0.0,1.0,33.0,0.0,0.0,1.0,0.0,0.08,255.0,255.0,1.0,0.0,0.0,0.0,0.0,0.0,0.0,101894.0
22.0,9.0,313.0,293.0,0.0,1.0,18.0,0.0,0.0,1.0,0.0,0.0,206.0,255.0,1.0,0.0,0.01,0.0,0.0,0.01,0.0,68091.0
22.0,9.0,206.0,1509.0,0.0,1.0,12.0,0.0,0.0,1.0,0.0,0.0,255.0,255.0,1.0,0.0,0.0,0.0,0.0,0.0,0.0,82586.0
22.0,9.0,267.0,9287.0,0.0,1.0,6.0,0.0,0.0,1.0,0.0,0.0,255.0,255.0,1.0,0.0,0.0,0.0,0.0,0.0,0.0,101736.0
22.0,9.0,307.0,888.0,0.0,1.0,40.0,0.0,0.0,1.0,0.0,0.0,40.0,255.0,1.0,0.0,0.02,0.0,0.0,0.0,0.0,84481.0
22.0,9.0,309.0,6718.0,0.0,1.0,4.0,0.0,0.0,1.0,0.0,0.0,87.0,255.0,1.0,0.0,0.01,0.0,0.01,0.0,0.0,37673.0
40.0,9.0,147.0,0.0,0.0,0.0,4.0,0.0,0.0,0.25,0.75,0.0,255.0,1.0,0.0,0.86,0.0,0.0,0.0,0.0,0.0,40874.0
11.0,9.0,45.0,45.0,0.0,0.0,157.0,0.0,0.0,1.0,0.0,0.0,255.0,255.0,1.0,0.0,0.0,0.0,0.0,0.0,0.0,125886.0
22.0,9.0,305.0,4073.0,0.0,1.0,3.0,0.0,0.0,1.0,0.0,0.5,255.0,255.0,1.0,0.0,0.0,0.0,0.0,0.0,0.0,72192.0
22.0,9.0,282.0,263.0,0.0,1.0,18.0,0.0,0.0,1.0,0.0,0.19,255.0,255.0,1.0,0.0,0.0,0.0,0.0,0.0,0.0,43090.0
22.0,9.0,455.0,296.0,0.0,1.0,4.0,0.0,0.0,1.0,0.0,0.0,255.0,255.0,1.0,0.0,0.0,0.0,0.0,0.0,0.0,116842.0
22.0,9.0,261.0,33318.0,0.0,1.0,1.0,0.0,0.0,1.0,0.0,0.0,52.0,255.0,1.0,0.0,0.04,0.0,0.0,0.0,0.0,95112.0
14.0,9.0,30.0,0.0,0.0,0.0,1.0,0.0,0.0,1.0,0.0,0.0,6.0,7.0,1.0,0.0,0.29,0.0,0.0,0.0,0.0,11418.0
11.0,9.0,43.0,137.0,0.0,0.0,70.0,0.0,0.0,1.0,0.0,0.01,255.0,191.0,0.75,0.02,0.0,0.0,0.0,0.0,0.0,12156.0
22.0,9.0,283.0,836.0,0.0,1.0,1.0,0.0,0.0,1.0,0.0,0.0,60.0,255.0,1.0,0.0,0.06,0.0,0.0,0.0,0.0,74964.0
22.0,9.0,193.0,2692.0,0.0,1.0,10.0,0.0,0.0,1.0,0.0,0.0,44.0,255.0,1.0,0.0,0.02,0.0,0.0,0.0,0.0,61756.0
22.0,9.0,259.0,1576.0,0.0,1.0,6.0,0.0,0.0,1.0,0.0,0.38,7.0,255.0,1.0,0.0,0.05,0.0,0.0,0.0,0.0,51298.0
19.0,9.0,4753.0,0.0,0.0,1.0,16.0,0.0,0.0,1.0,0.0,0.0,255.0,52.0,0.2,0.02,0.0,0.0,0.0,0.0,0.0,114239.0
18.0,9.0,247.0,773.0,0.0,1.0,1.0,0.0,0.0,1.0,0.0,0.0,230.0,46.0,0.2,0.02,0.0,0.0,0.0,0.0,0.0,103627.0
49.0,9.0,940.0,329.0,0.0,1.0,1.0,0.0,0.0,1.0,0.0,0.0,89.0,185.0,0.8,0.03,0.01,0.0,0.01,0.0,0.0,46123.0
22.0,9.0,234.0,2823.0,0.0,1.0,25.0,0.0,0.0,1.0,0.0,0.11,96.0,128.0,1.0,0.0,0.02,0.0,0.0,0.0,0.0,19861.0
18.0,9.0,235.0,768.0,0.0,1.0,1.0,0.0,0.0,1.0,0.0,0.0,165.0,11.0,0.07,0.03,0.0,0.0,0.0,0.0,0.0,6279.0
18.0,9.0,1224.0,2449.0,0.0,1.0,1.0,0.0,0.0,1.0,0.0,0.0,104.0,2.0,0.02,0.06,0.0,0.02,0.0,0.0,1.0,26757.0
49.0,9.0,1507.0,329.0,0.0,1.0,1.0,0.0,0.0,1.0,0.0,0.0,88.0,54.0,0.61,0.03,0.0,0.0,0.0,0.0,0.0,1930.0
22.0,9.0,268.0,279.0,0.0,1.0,1.0,0.0,0.0,1.0,0.0,0.4,255.0,251.0,0.98,0.01,0.0,0.0,0.0,0.0,0.0,6620.0
22.0,9.0,253.0,960.0,0.0,1.0,35.0,0.0,0.0,1.0,0.0,0.09,255.0,255.0,1.0,0.0,0.0,0.0,0.0,0.0,0.0,55646.0
22.0,9.0,229.0,8015.0,0.0,1.0,1.0,0.0,0.0,1.0,0.0,0.29,243.0,255.0,1.0,0.0,0.01,0.0,0.0,0.0,0.0,1210.0
22.0,9.0,358.0,258.0,0.0,1.0,1.0,0.0,0.0,1.0,0.0,1.0,38.0,254.0,1.0,0.0,0.02,0.0,0.0,0.0,0.0,48070.0
22.0,9.0,215.0,1416.0,0.0,1.0,18.0,0.0,0.0,1.0,0.0,0.11,19.0,255.0,1.0,0.0,0.04,0.0,0.0,0.04,0.0,78085.0
22.0,9.0,54540.0,8314.0,0.0,1.0,6.0,0.0,0.0,1.0,0.0,0.29,255.0,255.0,1.0,0.0,0.0,0.0,0.0,0.05,1.0,111278.0
22.0,9.0,355.0,657.0,0.0,1.0,16.0,0.0,0.0,1.0,0.0,0.0,255.0,255.0,1.0,0.0,0.0,0.0,0.0,0.0,0.0,604.0
22.0,9.0,295.0,10970.0,0.0,1.0,11.0,0.0,0.0,1.0,0.0,0.14,255.0,255.0,1.0,0.0,0.0,0.0,0.0,0.0,0.0,100573.0
44.0,9.0,215.0,0.0,0.0,0.0,1.0,0.0,0.0,1.0,0.0,0.0,149.0,125.0,0.84,0.01,0.0,0.0,0.0,0.0,1.0,112996.0
22.0,9.0,254.0,2042.0,0.0,1.0,4.0,0.0,0.0,1.0,0.0,0.33,130.0,255.0,1.0,0.0,0.03,0.0,0.0,0.0,0.0,90046.0
11.0,9.0,46.0,134.0,0.0,0.0,307.0,0.0,0.0,1.0,0.01,0.0,255.0,225.0,0.88,0.01,0.0,0.0,0.0,0.0,0.0,969.0
22.0,9.0,303.0,782.0,0.0,1.0,3.0,0.0,0.0,1.0,0.0,0.5,100.0,255.0,1.0,0.0,0.03,0.0,0.0,0.0,0.0,26433.0
22.0,9.0,54540.0,8314.0,0.0,1.0,7.0,0.14,0.14,1.0,0.0,0.0,30.0,30.0,1.0,0.0,0.0,0.03,0.03,0.03,1.0,30987.0
49.0,2.0,13794.0,2966.0,0.0,1.0,1.0,0.0,0.0,1.0,0.0,0.0,169.0,95.0,0.43,0.42,0.02,0.0,0.0,0.03,0.0,55499.0
49.0,9.0,1201.0,333.0,0.0,1.0,1.0,0.0,0.0,1.0,0.0,1.0,118.0,136.0,0.52,0.05,0.01,0.0,0.0,0.0,0.0,86560.0
22.0,9.0,293.0,3437.0,0.0,1.0,2.0,0.0,0.0,1.0,0.0,0.5,255.0,255.0,1.0,0.0,0.0,0.0,0.0,0.0,0.0,75928.0
22.0,9.0,234.0,4200.0,0.0,1.0,5.0,0.0,0.0,1.0,0.0,0.33,84.0,255.0,1.0,0.0,0.04,0.0,0.0,0.0,0.0,21068.0
22.0,9.0,229.0,774.0,0.0,1.0,21.0,0.0,0.0,1.0,0.0,0.0,255.0,255.0,1.0,0.0,0.0,0.0,0.0,0.0,0.0,70979.0
22.0,9.0,187.0,1330.0,0.0,1.0,7.0,0.0,0.0,1.0,0.0,0.25,76.0,255.0,1.0,0.0,0.07,0.0,0.01,0.01,0.0,22862.0
19.0,9.0,245.0,0.0,0.0,1.0,2.0,0.0,0.0,1.0,0.0,0.0,80.0,38.0,0.03,0.06,0.05,0.0,0.0,0.0,0.0,87618.0
11.0,9.0,44.0,129.0,0.0,0.0,38.0,0.0,0.0,1.0,0.0,0.01,96.0,200.0,0.84,0.02,0.01,0.0,0.0,0.0,0.0,26724.0
40.0,9.0,7196.0,0.0,0.0,0.0,8.0,0.12,0.0,0.12,0.38,0.0,247.0,1.0,0.0,0.02,0.0,0.0,0.0,0.0,0.0,47770.0
22.0,9.0,230.0,5308.0,0.0,1.0,28.0,0.0,0.0,1.0,0.0,0.0,161.0,255.0,1.0,0.0,0.01,0.0,0.0,0.0,0.0,81665.0
40.0,9.0,147.0,105.0,0.0,0.0,1.0,0.0,0.0,1.0,0.0,0.0,255.0,1.0,0.0,0.9,0.0,0.0,0.0,0.0,0.0,60899.0
22.0,9.0,278.0,6423.0,0.0,1.0,13.0,0.0,0.0,1.0,0.0,0.0,13.0,255.0,1.0,0.0,0.05,0.0,0.0,0.0,0.0,11445.0
11.0,9.0,46.0,46.0,0.0,0.0,10.0,0.0,0.0,1.0,0.0,0.18,152.0,148.0,0.97,0.01,0.0,0.0,0.0,0.0,0.0,95572.0
40.0,9.0,516.0,4.0,0.0,0.0,489.0,0.0,0.0,1.0,0.0,0.0,255.0,255.0,1.0,0.0,0.0,0.0,0.0,0.0,0.0,12975.0
11.0,9.0,43.0,135.0,0.0,0.0,71.0,0.0,0.0,1.0,0.0,0.01,255.0,255.0,1.0,0.0,0.0,0.0,0.0,0.0,0.0,123665.0
13.0,9.0,30.0,0.0,0.0,0.0,1.0,0.0,0.0,1.0,0.0,0.0,255.0,13.0,0.05,0.01,0.0,0.0,0.0,0.0,0.0,64478.0
49.0,9.0,1506.0,328.0,0.0,1.0,1.0,0.0,0.0,1.0,0.0,1.0,250.0,102.0,0.4,0.01,0.02,0.0,0.0,0.0,0.0,95886.0
22.0,1.0,0.0,0.0,0.0,0.0,1.0,0.0,0.0,1.0,0.0,0.0,27.0,255.0,1.0,0.0,0.05,0.0,0.0,0.33,0.0,108152.0
22.0,9.0,229.0,547.0,0.0,1.0,21.0,0.0,0.0,1.0,0.0,0.0,120.0,255.0,1.0,0.0,0.03,0.0,0.0,0.0,0.0,118793.0
22.0,9.0,332.0,546.0,0.0,1.0,18.0,0.0,0.0,1.0,0.0,0.0,255.0,255.0,1.0,0.0,0.0,0.0,0.0,0.0,0.0,61380.0
44.0,9.0,105.0,146.0,0.0,0.0,2.0,0.0,0.0,1.0,0.0,0.0,255.0,242.0,0.95,0.01,0.0,0.0,0.0,0.0,0.0,21439.0
22.0,9.0,293.0,819.0,0.0,1.0,2.0,0.0,0.0,1.0,0.0,0.0,16.0,255.0,1.0,0.0,0.09,0.0,0.0,0.0,0.0,3339.0
49.0,9.0,834.0,330.0,0.0,1.0,1.0,0.0,0.0,1.0,0.0,1.0,28.0,93.0,0.68,0.18,0.02,0.0,0.0,0.0,0.0,48571.0
22.0,9.0,214.0,14443.0,0.0,1.0,15.0,0.0,0.0,1.0,0.0,0.08,255.0,255.0,1.0,0.0,0.0,0.0,0.0,0.0,0.0,124194.0
19.0,9.0,1214.0,0.0,0.0,1.0,15.0,0.0,0.0,1.0,0.0,0.0,255.0,81.0,0.32,0.02,0.0,0.0,0.0,0.0,0.0,55545.0
19.0,9.0,501760.0,0.0,0.0,0.0,2.0,0.0,0.0,1.0,0.0,0.0,4.0,64.0,0.5,0.75,0.03,0.0,0.0,0.0,0.0,54853.0
22.0,9.0,326.0,1011.0,0.0,1.0,5.0,0.0,0.0,1.0,0.0,0.0,37.0,255.0,1.0,0.0,0.03,0.0,0.01,0.0,0.0,83844.0
19.0,9.0,16787.0,0.0,0.0,1.0,11.0,0.0,0.0,1.0,0.0,0.0,208.0,98.0,0.46,0.02,0.02,0.0,0.0,0.0,0.0,56360.0
49.0,9.0,2571.0,488.0,0.0,1.0,1.0,0.0,0.0,1.0,0.0,0.0,40.0,172.0,0.47,0.08,0.01,0.0,0.0,0.0,0.0,46682.0
22.0,9.0,241.0,419.0,0.0,1.0,1.0,0.0,0.0,1.0,0.0,0.0,121.0,255.0,1.0,0.0,0.01,0.0,0.0,0.0,0.0,92984.0
22.0,9.0,207.0,2446.0,0.0,1.0,5.0,0.0,0.0,1.0,0.0,0.25,255.0,255.0,1.0,0.0,0.0,0.0,0.0,0.0,0.0,96894.0
22.0,9.0,219.0,3216.0,0.0,1.0,3.0,0.33,0.08,1.0,0.0,0.33,74.0,255.0,1.0,0.0,0.02,0.01,0.0,0.0,0.0,42260.0
22.0,9.0,325.0,2662.0,0.0,1.0,8.0,0.0,0.0,1.0,0.0,0.0,20.0,255.0,1.0,0.0,0.07,0.0,0.0,0.0,0.0,116820.0
22.0,9.0,277.0,3171.0,0.0,1.0,3.0,0.0,0.0,1.0,0.0,0.23,24.0,255.0,1.0,0.0,0.02,0.0,0.0,0.0,0.0,106481.0
22.0,9.0,144.0,193.0,0.0,1.0,1.0,0.0,0.0,1.0,0.0,1.0,9.0,255.0,1.0,0.0,0.07,0.0,0.0,0.0,0.0,32176.0
49.0,9.0,3450.0,337.0,0.0,1.0,1.0,0.0,0.0,1.0,0.0,1.0,98.0,126.0,0.52,0.05,0.02,0.0,0.0,0.0,0.0,17077.0
22.0,9.0,302.0,1461.0,0.0,1.0,12.0,0.0,0.0,1.0,0.0,0.14,255.0,255.0,1.0,0.0,0.0,0.0,0.0,0.0,0.0,114650.0
19.0,9.0,59.0,0.0,0.0,1.0,9.0,0.0,0.0,1.0,0.0,0.2,17.0,15.0,0.88,0.12,0.0,0.0,0.0,0.0,0.0,108568.0
11.0,9.0,43.0,43.0,0.0,0.0,64.0,0.0,0.0,1.0,0.0,0.0,255.0,255.0,1.0,0.0,0.0,0.0,0.0,0.0,0.0,74994.0
22.0,9.0,210.0,417.0,0.0,1.0,15.0,0.0,0.0,1.0,0.0,0.2,255.0,255.0,1.0,0.0,0.0,0.0,0.0,0.0,0.0,104258.0
18.0,9.0,1019.0,2273.0,0.0,1.0,1.0,0.0,0.0,1.0,0.0,0.0,255.0,19.0,0.07,0.02,0.0,0.15,0.0,0.0,1.0,52547.0
40.0,9.0,147.0,0.0,0.0,0.0,7.0,0.14,0.0,0.14,0.57,0.0,255.0,3.0,0.01,0.53,0.0,0.0,0.0,0.0,0.0,47949.0
49.0,9.0,13814.0,1398.0,0.0,1.0,1.0,0.0,0.0,1.0,0.0,1.0,76.0,238.0,0.95,0.03,0.01,0.0,0.0,0.0,0.0,39290.0
22.0,9.0,235.0,3920.0,0.0,1.0,11.0,0.0,0.0,1.0,0.0,0.0,11.0,255.0,1.0,0.0,0.07,0.0,0.0,0.0,0.0,69005.0
22.0,9.0,197.0,7321.0,0.0,1.0,7.0,0.0,0.0,1.0,0.0,0.0,255.0,255.0,1.0,0.0,0.0,0.0,0.0,0.01,0.0,112398.0
22.0,9.0,315.0,788.0,0.0,1.0,11.0,0.0,0.0,1.0,0.0,0.0,12.0,255.0,1.0,0.0,0.05,0.0,0.01,0.0,0.0,18606.0
22.0,9.0,219.0,1899.0,0.0,1.0,10.0,0.0,0.0,1.0,0.0,0.0,10.0,255.0,1.0,0.0,0.05,0.0,0.0,0.0,0.0,15417.0
22.0,9.0,307.0,10647.0,0.0,1.0,4.0,0.0,0.0,1.0,0.0,0.25,4.0,7.0,1.0,0.0,0.29,0.0,0.29,0.14,0.0,24794.0
22.0,1.0,0.0,0.0,0.0,0.0,1.0,0.0,0.0,1.0,0.0,0.67,4.0,213.0,1.0,0.0,0.04,0.0,0.0,0.69,0.0,9746.0
22.0,9.0,234.0,1380.0,0.0,1.0,13.0,0.0,0.0,1.0,0.0,0.14,255.0,250.0,0.98,0.01,0.0,0.0,0.0,0.0,0.0,84000.0
40.0,9.0,146.0,0.0,0.0,0.0,1.0,0.0,0.0,1.0,0.0,0.0,255.0,1.0,0.0,0.53,0.0,0.0,0.0,0.0,0.0,109075.0
49.0,9.0,1302.0,328.0,0.0,1.0,1.0,0.0,0.0,1.0,0.0,1.0,24.0,93.0,0.88,0.17,0.03,0.0,0.0,0.0,0.0,48550.0
22.0,9.0,222.0,2826.0,0.0,1.0,19.0,0.0,0.0,1.0,0.0,0.0,19.0,255.0,1.0,0.0,0.02,0.0,0.0,0.0,0.0,47383.0
22.0,1.0,0.0,0.0,0.0,0.0,9.0,0.0,0.0,1.0,0.0,0.0,41.0,127.0,1.0,0.0,0.15,0.0,0.01,0.87,0.0,33194.0
19.0,9.0,12.0,0.0,0.0,1.0,1.0,0.0,0.0,1.0,0.0,0.0,175.0,63.0,0.36,0.02,0.0,0.0,0.0,0.0,0.0,94239.0
22.0,9.0,204.0,1514.0,0.0,1.0,7.0,0.0,0.0,1.0,0.0,0.0,255.0,255.0,1.0,0.0,0.0,0.0,0.0,0.0,0.0,67718.0
22.0,9.0,227.0,24924.0,0.0,1.0,2.0,0.0,0.0,1.0,0.0,0.5,255.0,255.0,1.0,0.0,0.0,0.0,0.0,0.0,0.0,93819.0
22.0,9.0,292.0,2282.0,0.0,1.0,13.0,0.0,0.0,1.0,0.0,0.0,32.0,255.0,1.0,0.0,0.02,0.0,0.0,0.0,0.0,120658.0
11.0,9.0,42.0,76.0,0.0,0.0,250.0,0.0,0.0,1.0,0.0,0.0,255.0,233.0,0.91,0.01,0.0,0.0,0.0,0.0,0.0,45073.0
49.0,9.0,1324.0,334.0,0.0,1.0,1.0,0.0,0.0,1.0,0.0,0.0,97.0,157.0,0.61,0.04,0.01,0.0,0.0,0.05,0.0,98211.0
22.0,9.0,227.0,1362.0,0.0,1.0,19.0,0.0,0.0,1.0,0.0,0.06,255.0,255.0,1.0,0.0,0.0,0.0,0.0,0.0,0.0,69089.0
22.0,9.0,208.0,751.0,0.0,1.0,4.0,0.0,0.0,1.0,0.0,0.18,25.0,255.0,1.0,0.0,0.04,0.0,0.0,0.0,0.0,117638.0
22.0,1.0,0.0,0.0,0.0,0.0,1.0,0.0,0.0,1.0,0.0,1.0,2.0,213.0,1.0,0.0,0.06,0.0,0.0,1.0,0.0,74974.0
22.0,9.0,207.0,1227.0,0.0,1.0,7.0,0.0,0.0,1.0,0.0,0.0,74.0,255.0,1.0,0.0,0.01,0.01,0.0,0.0,0.0,62379.0
22.0,9.0,324.0,1427.0,0.0,1.0,9.0,0.0,0.0,1.0,0.0,0.2,9.0,255.0,1.0,0.0,0.07,0.0,0.0,0.0,0.0,123583.0
49.0,9.0,851.0,329.0,0.0,1.0,1.0,0.0,0.0,1.0,0.0,1.0,253.0,185.0,0.73,0.02,0.0,0.0,0.0,0.0,0.0,106660.0
22.0,9.0,234.0,1410.0,0.0,1.0,3.0,0.0,0.0,1.0,0.0,0.0,255.0,255.0,1.0,0.0,0.0,0.0,0.0,0.0,0.0,48480.0
11.0,9.0,43.0,132.0,0.0,0.0,209.0,0.0,0.0,1.0,0.01,0.0,98.0,65.0,0.66,0.02,0.0,0.0,0.0,0.0,0.0,59862.0
22.0,9.0,327.0,304.0,0.0,1.0,15.0,0.0,0.0,1.0,0.0,0.07,255.0,255.0,1.0,0.0,0.0,0.0,0.0,0.0,0.0,100714.0
22.0,1.0,0.0,0.0,0.0,0.0,1.0,0.0,0.0,1.0,0.0,0.0,5.0,137.0,1.0,0.0,0.13,0.0,0.0,0.85,0.0,83213.0
22.0,9.0,205.0,622.0,0.0,1.0,7.0,0.0,0.0,1.0,0.0,0.0,255.0,255.0,1.0,0.0,0.0,0.0,0.0,0.0,0.0,115329.0
40.0,9.0,147.0,105.0,0.0,0.0,1.0,0.0,0.0,1.0,0.0,0.0,255.0,1.0,0.0,0.51,0.0,0.0,0.0,0.0,0.0,43807.0
18.0,9.0,898.0,2720.0,0.0,1.0,1.0,0.0,0.0,1.0,0.0,0.0,228.0,44.0,0.19,0.02,0.0,0.0,0.0,0.0,0.0,62228.0
22.0,9.0,242.0,256.0,0.0,1.0,7.0,0.0,0.0,1.0,0.0,0.0,18.0,255.0,1.0,0.0,0.03,0.0,0.0,0.0,0.0,65354.0
49.0,9.0,1463.0,334.0,0.0,1.0,1.0,0.0,0.0,1.0,0.0,1.0,81.0,112.0,0.9,0.04,0.02,0.0,0.0,0.0,0.0,30065.0
22.0,9.0,219.0,308.0,0.0,1.0,4.0,0.0,0.0,1.0,0.0,0.0,255.0,255.0,1.0,0.0,0.0,0.0,0.0,0.0,0.0,40863.0
49.0,9.0,821.0,333.0,0.0,1.0,1.0,0.0,0.0,1.0,0.0,0.0,34.0,127.0,0.65,0.15,0.02,0.0,0.02,0.0,0.0,27679.0
22.0,9.0,289.0,726.0,0.0,1.0,2.0,0.0,0.0,1.0,0.0,0.0,255.0,255.0,1.0,0.0,0.0,0.0,0.0,0.0,0.0,59580.0
22.0,9.0,320.0,12922.0,0.0,1.0,24.0,0.0,0.0,1.0,0.0,0.08,255.0,255.0,1.0,0.0,0.0,0.0,0.0,0.0,0.0,30799.0
11.0,9.0,43.0,134.0,0.0,0.0,171.0,0.0,0.0,1.0,0.0,0.0,96.0,57.0,0.59,0.03,0.0,0.0,0.0,0.0,0.0,57641.0
22.0,9.0,184.0,1650.0,0.0,1.0,5.0,0.0,0.0,1.0,0.0,0.33,255.0,248.0,0.97,0.01,0.0,0.0,0.0,0.0,0.0,8637.0
44.0,9.0,215.0,0.0,0.0,0.0,1.0,0.0,0.0,1.0,0.0,0.0,195.0,163.0,0.84,0.01,0.0,0.0,0.0,0.0,1.0,108955.0
22.0,9.0,272.0,543.0,0.0,1.0,12.0,0.0,0.0,1.0,0.0,0.0,12.0,255.0,1.0,0.0,0.06,0.0,0.0,0.0,0.0,119197.0
22.0,9.0,281.0,1266.0,0.0,1.0,4.0,0.0,0.0,1.0,0.0,0.4,4.0,255.0,1.0,0.0,0.04,0.0,0.0,0.0,0.0,84587.0
22.0,9.0,244.0,343.0,0.0,1.0,9.0,0.0,0.0,1.0,0.0,0.0,70.0,255.0,1.0,0.0,0.02,0.0,0.0,0.0,0.0,80815.0
22.0,9.0,210.0,28076.0,0.0,1.0,8.0,0.0,0.0,1.0,0.0,0.0,191.0,255.0,1.0,0.0,0.01,0.0,0.0,0.0,0.0,10232.0
22.0,9.0,233.0,11842.0,0.0,1.0,3.0,0.0,0.0,1.0,0.0,0.0,255.0,255.0,1.0,0.0,0.0,0.0,0.0,0.0,0.0,108792.0
22.0,9.0,325.0,15215.0,0.0,1.0,1.0,0.0,0.0,1.0,0.0,0.33,122.0,254.0,1.0,0.0,0.02,0.0,0.0,0.0,0.0,82406.0
22.0,9.0,316.0,334.0,0.0,1.0,11.0,0.0,0.0,1.0,0.0,0.23,255.0,255.0,1.0,0.0,0.0,0.0,0.0,0.0,0.0,12631.0
22.0,9.0,213.0,358.0,0.0,1.0,8.0,0.0,0.0,1.0,0.0,0.0,42.0,255.0,1.0,0.0,0.05,0.0,0.0,0.0,0.0,114419.0
49.0,9.0,1022.0,336.0,0.0,1.0,1.0,0.0,0.0,1.0,0.0,0.0,146.0,198.0,0.86,0.03,0.01,0.0,0.0,0.0,0.0,45488.0
22.0,9.0,167.0,8182.0,0.0,1.0,1.0,0.0,0.0,1.0,0.0,0.0,61.0,255.0,1.0,0.0,0.01,0.0,0.01,0.0,0.0,118069.0
22.0,9.0,187.0,4929.0,0.0,1.0,21.0,0.0,0.0,1.0,0.0,0.13,21.0,255.0,1.0,0.0,0.01,0.0,0.0,0.0,0.0,17762.0
22.0,9.0,172.0,15119.0,0.0,1.0,1.0,0.0,0.0,1.0,0.0,0.0,159.0,255.0,1.0,0.0,0.02,0.0,0.0,0.01,0.0,1335.0
22.0,1.0,0.0,0.0,0.0,0.0,1.0,0.0,0.0,1.0,0.0,1.0,1.0,12.0,1.0,0.0,0.17,0.0,0.0,1.0,0.0,65715.0
58.0,9.0,183.0,0.0,0.0,0.0,2.0,0.0,0.0,0.5,1.0,0.0,255.0,12.0,0.05,0.01,0.0,0.0,0.0,0.0,0.0,66490.0
22.0,9.0,208.0,2318.0,0.0,1.0,2.0,0.0,0.0,1.0,0.0,0.0,2.0,2.0,1.0,0.0,0.0,0.0,0.0,0.0,0.0,79599.0
19.0,9.0,607.0,0.0,0.0,1.0,3.0,0.0,0.0,0.67,0.67,0.0,42.0,61.0,0.14,0.1,0.05,0.0,0.0,0.0,0.0,76106.0
22.0,9.0,158.0,38643.0,0.0,1.0,1.0,0.0,0.0,1.0,0.0,0.23,255.0,255.0,1.0,0.0,0.0,0.0,0.0,0.0,0.0,1069.0
11.0,9.0,43.0,131.0,0.0,0.0,113.0,0.0,0.0,1.0,0.0,0.0,255.0,254.0,1.0,0.01,0.0,0.0,0.0,0.0,0.0,74699.0
49.0,9.0,977.0,326.0,0.0,1.0,1.0,0.0,0.0,1.0,0.0,0.0,147.0,177.0,0.69,0.03,0.01,0.0,0.0,0.0,0.0,17099.0
11.0,9.0,46.0,112.0,0.0,0.0,75.0,0.0,0.0,1.0,0.0,0.01,255.0,238.0,0.93,0.01,0.0,0.0,0.0,0.0,0.0,113983.0
49.0,9.0,1284.0,332.0,0.0,1.0,1.0,0.0,0.0,1.0,0.0,0.0,255.0,103.0,0.4,0.02,0.0,0.0,0.0,0.0,0.0,48772.0
22.0,9.0,254.0,10118.0,0.0,1.0,7.0,0.0,0.0,1.0,0.0,0.0,255.0,255.0,1.0,0.0,0.0,0.0,0.0,0.0,0.0,106522.0
19.0,9.0,5558.0,0.0,0.0,0.0,16.0,0.0,0.0,1.0,0.0,0.0,255.0,22.0,0.09,0.07,0.0,0.85,0.0,0.0,0.0,35989.0
22.0,9.0,240.0,858.0,0.0,1.0,7.0,0.0,0.0,1.0,0.0,0.2,27.0,255.0,1.0,0.0,0.06,0.0,0.0,0.0,0.0,32918.0
11.0,9.0,35.0,51.0,0.0,0.0,2.0,0.0,0.0,1.0,0.0,0.6,255.0,255.0,1.0,0.0,0.0,0.0,0.0,0.0,0.0,13224.0
22.0,9.0,217.0,308.0,0.0,1.0,1.0,0.0,0.0,1.0,0.0,0.0,255.0,255.0,1.0,0.0,0.0,0.0,0.0,0.0,0.0,46158.0
22.0,9.0,212.0,1912.0,0.0,1.0,16.0,0.0,0.0,1.0,0.0,0.0,175.0,255.0,1.0,0.0,0.02,0.0,0.0,0.0,0.0,93463.0
11.0,9.0,43.0,126.0,0.0,0.0,50.0,0.0,0.0,1.0,0.0,0.01,108.0,200.0,0.86,0.02,0.01,0.0,0.0,0.0,0.0,83009.0
22.0,1.0,0.0,0.0,0.0,0.0,1.0,0.0,0.0,1.0,0.0,0.0,37.0,255.0,1.0,0.0,0.06,0.0,0.0,0.67,0.0,28631.0
0.0,4.0,900.0,8925.0,0.0,0.0,1.0,0.0,0.0,1.0,0.0,0.0,21.0,5.0,0.24,0.1,0.0,0.0,0.0,0.6,0.0,105606.0
49.0,9.0,1382.0,334.0,0.0,1.0,1.0,0.0,0.0,1.0,0.0,0.0,54.0,17.0,0.31,0.06,0.0,0.0,0.0,0.0,0.0,25449.0
55.0,9.0,517.0,48341.0,0.0,1.0,2.0,0.0,0.0,1.0,0.0,0.0,54.0,12.0,0.22,0.07,0.0,0.02,0.0,0.17,0.0,120354.0
22.0,9.0,296.0,449.0,0.0,1.0,2.0,0.0,0.0,1.0,0.0,0.05,53.0,56.0,1.0,0.0,0.04,0.0,0.0,0.0,0.0,22540.0
22.0,9.0,295.0,12884.0,0.0,1.0,3.0,0.0,0.0,1.0,0.0,0.14,196.0,196.0,1.0,0.0,0.0,0.0,0.0,0.0,0.0,98728.0
49.0,9.0,2709.0,336.0,0.0,1.0,1.0,0.0,0.0,1.0,0.0,0.0,165.0,84.0,0.51,0.04,0.0,0.01,0.0,0.0,0.0,110624.0
22.0,9.0,253.0,2650.0,0.0,1.0,9.0,0.0,0.0,1.0,0.0,0.0,255.0,255.0,1.0,0.0,0.0,0.0,0.0,0.0,0.0,101410.0
22.0,9.0,226.0,1066.0,0.0,1.0,8.0,0.12,0.05,1.0,0.0,0.19,43.0,55.0,1.0,0.0,0.09,0.02,0.04,0.0,0.0,125531.0
22.0,9.0,181.0,1724.0,0.0,1.0,2.0,0.0,0.0,1.0,0.0,0.0,10.0,2.0,0.2,0.3,0.0,0.0,0.0,0.0,0.0,122167.0
19.0,9.0,15876.0,0.0,0.0,0.0,23.0,0.0,0.0,1.0,0.0,0.0,43.0,35.0,0.81,0.05,0.0,0.0,0.0,0.0,0.0,54506.0
56.0,9.0,0.0,4.0,0.0,0.0,1.0,0.0,0.0,1.0,0.0,0.0,3.0,3.0,1.0,0.0,0.0,0.0,0.0,0.0,0.0,105861.0
22.0,9.0,222.0,278.0,0.0,1.0,1.0,0.0,0.0,1.0,0.0,0.0,47.0,255.0,1.0,0.0,0.15,0.0,0.0,0.9,0.0,9681.0
22.0,9.0,152.0,7822.0,0.0,1.0,4.0,0.0,0.22,1.0,0.0,0.56,10.0,255.0,1.0,0.0,0.04,0.1,0.01,0.0,0.0,86212.0
22.0,9.0,220.0,391.0,0.0,1.0,2.0,0.0,0.0,1.0,0.0,0.0,33.0,255.0,1.0,0.0,0.03,0.0,0.0,0.0,0.0,8891.0
22.0,9.0,189.0,365.0,0.0,1.0,30.0,0.0,0.0,1.0,0.0,0.0,252.0,255.0,1.0,0.0,0.01,0.0,0.0,0.0,0.0,64550.0
11.0,9.0,46.0,46.0,0.0,0.0,117.0,0.0,0.0,0.99,0.02,0.0,255.0,254.0,1.0,0.01,0.0,0.0,0.0,0.0,0.0,43672.0
19.0,9.0,748.0,0.0,0.0,1.0,1.0,0.0,0.0,1.0,0.0,0.0,255.0,5.0,0.02,0.02,0.0,0.0,0.0,0.0,0.0,111993.0
19.0,9.0,501760.0,0.0,0.0,1.0,2.0,0.0,0.0,1.0,0.0,0.0,7.0,55.0,0.86,0.29,0.05,0.0,0.0,0.0,0.0,47700.0
42.0,9.0,38.0,130.0,0.0,1.0,1.0,0.0,0.0,1.0,0.0,0.0,2.0,3.0,0.5,1.0,0.67,0.0,0.0,0.0,0.0,118980.0
22.0,1.0,0.0,0.0,0.0,0.0,1.0,0.0,0.0,1.0,0.0,0.0,3.0,255.0,1.0,0.0,0.08,0.0,0.0,0.29,0.0,28385.0
22.0,1.0,0.0,0.0,0.0,0.0,1.0,0.0,0.0,1.0,0.0,0.0,4.0,162.0,1.0,0.0,0.04,0.0,0.0,1.0,0.0,76836.0
22.0,9.0,196.0,781.0,0.0,1.0,10.0,0.0,0.0,1.0,0.0,0.0,94.0,255.0,1.0,0.0,0.02,0.0,0.0,0.0,0.0,10896.0
19.0,9.0,259.0,0.0,0.0,0.0,1.0,0.0,0.0,1.0,0.0,1.0,53.0,47.0,0.04,0.06,0.06,0.0,0.0,0.0,0.0,29653.0
49.0,9.0,763.0,338.0,0.0,1.0,1.0,0.0,0.0,1.0,0.0,1.0,87.0,169.0,0.74,0.03,0.01,0.0,0.0,0.0,0.0,28843.0
11.0,9.0,43.0,82.0,0.0,0.0,290.0,0.0,0.0,1.0,0.0,0.0,255.0,212.0,0.83,0.01,0.0,0.0,0.0,0.0,0.0,96355.0
13.0,9.0,30.0,0.0,0.0,0.0,5.0,0.0,0.0,0.2,0.6,0.0,255.0,4.0,0.02,0.01,0.0,0.0,0.0,0.0,0.0,53044.0
22.0,9.0,288.0,8422.0,0.0,1.0,10.0,0.0,0.0,1.0,0.0,0.0,255.0,255.0,1.0,0.0,0.0,0.0,0.0,0.0,0.0,34440.0
49.0,9.0,796.0,331.0,0.0,1.0,1.0,0.0,0.0,1.0,0.0,1.0,182.0,147.0,0.64,0.09,0.01,0.01,0.0,0.0,0.0,38114.0
22.0,9.0,342.0,3870.0,0.0,1.0,18.0,0.0,0.0,1.0,0.0,0.0,39.0,255.0,1.0,0.0,0.04,0.0,0.0,0.0,0.0,78697.0
22.0,9.0,298.0,1292.0,0.0,1.0,51.0,0.0,0.0,1.0,0.0,0.0,55.0,255.0,1.0,0.0,0.03,0.0,0.0,0.0,0.0,102360.0
19.0,9.0,1874.0,0.0,0.0,0.0,9.0,0.0,0.0,1.0,0.0,0.0,255.0,129.0,0.51,0.01,0.0,0.0,0.01,0.0,0.0,39868.0
13.0,9.0,30.0,0.0,0.0,0.0,1.0,0.0,0.0,1.0,0.0,0.0,75.0,131.0,1.0,0.0,0.22,0.0,0.0,0.0,0.0,107379.0
22.0,9.0,171.0,971.0,0.0,1.0,2.0,0.0,0.0,1.0,0.0,0.0,255.0,243.0,0.95,0.02,0.0,0.0,0.0,0.0,0.0,52341.0
11.0,9.0,45.0,130.0,0.0,0.0,73.0,0.0,0.0,1.0,0.0,0.01,255.0,254.0,1.0,0.01,0.0,0.0,0.0,0.0,0.0,95091.0
22.0,9.0,244.0,976.0,0.0,1.0,7.0,0.0,0.0,1.0,0.0,0.0,255.0,255.0,1.0,0.0,0.0,0.0,0.0,0.0,0.0,12919.0
40.0,9.0,146.0,105.0,0.0,0.0,1.0,0.0,0.0,1.0,0.0,0.0,255.0,1.0,0.0,0.59,0.0,0.0,0.0,0.0,0.0,19165.0
22.0,9.0,223.0,554.0,0.0,1.0,9.0,0.0,0.0,1.0,0.0,0.0,39.0,75.0,1.0,0.0,0.05,0.0,0.01,0.0,0.0,3203.0
22.0,9.0,323.0,1071.0,0.0,1.0,8.0,0.0,0.0,1.0,0.0,0.0,76.0,255.0,1.0,0.0,0.03,0.0,0.0,0.0,0.0,90293.0
11.0,9.0,17.0,73.0,0.0,0.0,1.0,0.0,0.0,1.0,0.0,0.0,255.0,253.0,0.99,0.01,0.0,0.0,0.0,0.0,0.0,13820.0
22.0,9.0,319.0,6534.0,0.0,1.0,37.0,0.0,0.0,1.0,0.0,0.0,255.0,255.0,1.0,0.0,0.0,0.0,0.0,0.0,0.0,87799.0
22.0,9.0,284.0,11711.0,0.0,1.0,6.0,0.0,0.0,1.0,0.0,0.0,60.0,255.0,1.0,0.0,0.03,0.0,0.0,0.0,0.0,45118.0
22.0,9.0,239.0,4649.0,0.0,1.0,15.0,0.0,0.0,1.0,0.0,0.12,255.0,255.0,1.0,0.0,0.0,0.0,0.0,0.0,0.0,80908.0
22.0,9.0,195.0,2361.0,0.0,1.0,4.0,0.0,0.0,1.0,0.0,0.43,4.0,255.0,1.0,0.0,0.03,0.0,0.0,0.0,0.0,75966.0
22.0,9.0,299.0,447.0,0.0,1.0,26.0,0.0,0.0,1.0,0.0,0.07,255.0,255.0,1.0,0.0,0.0,0.0,0.0,0.0,0.0,280.0
22.0,9.0,200.0,3646.0,0.0,1.0,10.0,0.0,0.0,1.0,0.0,0.0,32.0,255.0,1.0,0.0,0.03,0.0,0.0,0.0,0.0,118865.0
22.0,9.0,258.0,908.0,0.0,1.0,1.0,0.0,0.0,1.0,0.0,1.0,255.0,255.0,1.0,0.0,0.0,0.0,0.0,0.0,0.0,105760.0
11.0,9.0,44.0,130.0,0.0,0.0,71.0,0.0,0.0,1.0,0.0,0.01,255.0,254.0,1.0,0.01,0.0,0.0,0.0,0.0,0.0,21981.0
49.0,9.0,1305.0,588.0,0.0,1.0,1.0,0.0,0.0,1.0,0.0,0.0,255.0,27.0,0.11,0.06,0.0,0.0,0.0,0.0,0.0,58025.0
22.0,9.0,305.0,1075.0,0.0,1.0,4.0,0.0,0.0,1.0,0.0,0.2,255.0,246.0,0.96,0.01,0.0,0.0,0.0,0.0,0.0,76022.0
22.0,9.0,243.0,397.0,0.0,1.0,35.0,0.0,0.0,1.0,0.0,0.0,255.0,255.0,1.0,0.0,0.0,0.0,0.0,0.0,0.0,21874.0
22.0,9.0,300.0,477.0,0.0,1.0,4.0,0.0,0.0,1.0,0.0,0.0,4.0,255.0,1.0,0.0,0.07,0.0,0.0,0.0,0.0,114348.0
22.0,1.0,0.0,0.0,0.0,0.0,1.0,0.0,0.0,1.0,0.0,1.0,52.0,171.0,1.0,0.0,0.25,0.0,0.01,0.99,0.0,120085.0
22.0,9.0,225.0,2239.0,0.0,1.0,6.0,0.0,0.0,1.0,0.0,0.29,255.0,241.0,0.95,0.01,0.0,0.0,0.0,0.0,0.0,1940.0
22.0,9.0,221.0,3634.0,0.0,1.0,1.0,0.0,0.0,1.0,0.0,0.0,255.0,255.0,1.0,0.0,0.0,0.0,0.0,0.0,0.0,32153.0
11.0,9.0,44.0,77.0,0.0,0.0,158.0,0.0,0.0,1.0,0.0,0.0,255.0,255.0,1.0,0.0,0.0,0.0,0.0,0.0,0.0,47931.0
22.0,9.0,229.0,830.0,0.0,1.0,3.0,0.0,0.0,1.0,0.0,0.0,255.0,255.0,1.0,0.0,0.0,0.0,0.0,0.0,0.0,12794.0
13.0,9.0,8.0,0.0,0.0,0.0,1.0,0.0,0.0,1.0,0.0,0.0,255.0,1.0,0.0,0.08,0.0,0.53,0.0,0.0,1.0,53672.0
19.0,9.0,0.0,1878.0,0.0,0.0,1.0,0.0,0.14,1.0,0.0,0.29,203.0,60.0,0.2,0.03,0.03,0.01,0.0,0.0,0.0,106300.0
22.0,9.0,208.0,9531.0,0.0,1.0,1.0,0.0,0.0,1.0,0.0,0.0,16.0,255.0,1.0,0.0,0.04,0.0,0.0,0.0,0.0,83606.0
22.0,9.0,315.0,398.0,0.0,1.0,2.0,0.0,0.0,1.0,0.0,0.06,255.0,255.0,1.0,0.0,0.0,0.0,0.0,0.0,0.0,97701.0
22.0,9.0,331.0,1719.0,0.0,1.0,1.0,0.0,0.0,1.0,0.0,0.0,255.0,255.0,1.0,0.0,0.0,0.0,0.0,0.0,0.0,98379.0
40.0,9.0,146.0,105.0,0.0,0.0,1.0,0.0,0.0,1.0,0.0,0.0,255.0,1.0,0.0,0.58,0.0,0.0,0.0,0.0,0.0,87073.0
49.0,9.0,1106.0,338.0,0.0,1.0,1.0,0.0,0.0,1.0,0.0,0.0,32.0,160.0,0.59,0.09,0.01,0.0,0.0,0.0,0.0,118790.0
55.0,9.0,324.0,10957.0,0.0,1.0,1.0,0.0,0.0,1.0,0.0,0.0,255.0,23.0,0.09,0.06,0.0,0.76,0.65,0.09,0.0,24180.0
22.0,9.0,400.0,4154.0,0.0,1.0,4.0,0.0,0.0,1.0,0.0,0.0,255.0,255.0,1.0,0.0,0.0,0.0,0.0,0.0,0.0,75963.0
22.0,9.0,319.0,2835.0,0.0,1.0,24.0,0.0,0.0,1.0,0.0,0.0,255.0,255.0,1.0,0.0,0.0,0.0,0.0,0.0,0.0,34227.0
49.0,9.0,1338.0,367.0,0.0,1.0,1.0,0.0,0.0,1.0,0.0,1.0,92.0,221.0,0.96,0.02,0.01,0.0,0.0,0.0,0.0,2084.0
22.0,9.0,358.0,11355.0,0.0,1.0,5.0,0.0,0.0,1.0,0.0,0.33,255.0,255.0,1.0,0.0,0.0,0.0,0.0,0.0,0.0,6895.0
11.0,9.0,45.0,111.0,0.0,0.0,71.0,0.0,0.0,0.99,0.03,0.01,255.0,241.0,0.95,0.01,0.0,0.0,0.0,0.0,0.0,16018.0
18.0,9.0,318.0,1054.0,0.0,1.0,1.0,0.0,0.0,1.0,0.0,0.0,137.0,32.0,0.23,0.05,0.0,0.0,0.0,0.0,0.0,51770.0
13.0,9.0,30.0,0.0,0.0,0.0,1.0,0.0,0.0,1.0,0.0,0.0,67.0,67.0,1.0,0.0,0.0,0.0,0.0,0.0,0.0,63536.0
22.0,9.0,298.0,1075.0,0.0,1.0,4.0,0.0,0.0,1.0,0.0,0.0,243.0,233.0,0.96,0.01,0.0,0.0,0.0,0.0,0.0,80547.0
22.0,9.0,216.0,301.0,0.0,1.0,26.0,0.0,0.0,1.0,0.0,0.09,255.0,255.0,1.0,0.0,0.0,0.0,0.0,0.0,0.0,38955.0
49.0,9.0,2111.0,332.0,0.0,1.0,1.0,0.0,0.0,1.0,0.0,0.0,26.0,178.0,0.96,0.08,0.02,0.0,0.0,0.0,0.0,125679.0
22.0,9.0,190.0,1954.0,0.0,1.0,8.0,0.0,0.0,1.0,0.0,0.0,255.0,255.0,1.0,0.0,0.0,0.0,0.0,0.0,0.0,16618.0
49.0,9.0,829.0,277.0,0.0,1.0,1.0,0.0,0.0,1.0,0.0,1.0,255.0,100.0,0.39,0.03,0.0,0.0,0.0,0.0,0.0,123517.0
22.0,9.0,290.0,751.0,0.0,1.0,5.0,0.0,0.0,1.0,0.0,0.33,255.0,255.0,1.0,0.0,0.0,0.0,0.0,0.0,0.0,60422.0
22.0,9.0,292.0,6396.0,0.0,1.0,8.0,0.0,0.0,1.0,0.0,0.0,74.0,255.0,1.0,0.0,0.04,0.0,0.0,0.0,0.0,31112.0
22.0,9.0,216.0,7384.0,0.0,1.0,30.0,0.0,0.0,1.0,0.0,0.0,255.0,255.0,1.0,0.0,0.0,0.0,0.0,0.0,0.0,14445.0
22.0,9.0,179.0,5592.0,0.0,1.0,2.0,0.0,0.0,1.0,0.0,0.0,12.0,255.0,1.0,0.0,0.02,0.0,0.0,0.0,0.0,9456.0
40.0,9.0,147.0,147.0,0.0,0.0,1.0,0.0,0.0,1.0,0.0,0.0,255.0,1.0,0.0,0.62,0.0,0.0,0.0,0.0,0.0,69632.0
49.0,9.0,641.0,335.0,0.0,1.0,2.0,0.0,0.0,0.5,1.0,0.0,131.0,173.0,0.66,0.04,0.01,0.0,0.0,0.0,0.0,106484.0
49.0,9.0,811.0,282.0,0.0,1.0,1.0,0.0,0.0,1.0,0.0,0.0,118.0,195.0,0.73,0.03,0.01,0.0,0.0,0.0,0.0,94584.0
40.0,9.0,146.0,105.0,0.0,0.0,4.0,0.0,0.0,0.5,0.5,0.0,255.0,2.0,0.01,0.87,0.0,0.0,0.0,0.0,0.0,92305.0
55.0,9.0,399.0,11167.0,0.0,1.0,1.0,0.0,0.0,1.0,0.0,0.0,255.0,53.0,0.21,0.02,0.0,0.56,0.7,0.0,0.0,102964.0
22.0,4.0,54540.0,7300.0,0.0,1.0,5.0,0.0,0.0,1.0,0.0,0.0,218.0,218.0,1.0,0.0,0.0,0.0,0.0,0.06,1.0,78049.0
11.0,9.0,46.0,133.0,0.0,0.0,13.0,0.0,0.0,1.0,0.0,0.04,255.0,254.0,1.0,0.01,0.0,0.0,0.0,0.0,0.0,67769.0
22.0,9.0,223.0,613.0,0.0,1.0,24.0,0.0,0.0,1.0,0.0,0.0,24.0,255.0,1.0,0.0,0.06,0.0,0.0,0.0,0.0,87421.0
22.0,1.0,0.0,0.0,0.0,0.0,1.0,0.0,0.0,1.0,0.0,0.0,5.0,235.0,1.0,0.0,0.18,0.0,0.0,0.59,0.0,19644.0
19.0,9.0,0.0,3303.0,0.0,0.0,1.0,0.0,0.09,1.0,0.0,0.18,178.0,58.0,0.24,0.4,0.03,0.0,0.0,0.02,0.0,112409.0
40.0,9.0,147.0,0.0,0.0,0.0,5.0,0.0,0.0,0.2,0.6,0.0,76.0,1.0,0.01,0.53,0.0,0.0,0.0,0.0,0.0,27682.0
19.0,9.0,641.0,0.0,0.0,1.0,4.0,0.0,0.0,0.5,0.75,0.0,6.0,4.0,0.67,0.5,0.0,0.0,0.0,0.0,0.0,24388.0
22.0,9.0,318.0,179.0,0.0,1.0,12.0,0.0,0.0,1.0,0.0,0.1,83.0,255.0,1.0,0.0,0.04,0.0,0.0,0.0,0.0,66410.0
22.0,9.0,200.0,8491.0,0.0,1.0,3.0,0.0,0.0,1.0,0.0,0.5,5.0,143.0,1.0,0.0,0.03,0.0,0.0,0.0,0.0,11704.0
17.0,9.0,10.0,186.0,0.0,0.0,3.0,0.0,0.0,1.0,0.0,0.0,255.0,6.0,0.02,0.02,0.0,0.0,0.0,0.0,1.0,80754.0
22.0,9.0,242.0,392.0,0.0,1.0,37.0,0.0,0.0,1.0,0.0,0.0,255.0,255.0,1.0,0.0,0.0,0.0,0.0,0.0,0.0,65317.0
22.0,9.0,276.0,365.0,0.0,1.0,19.0,0.0,0.0,1.0,0.0,0.05,255.0,255.0,1.0,0.0,0.0,0.0,0.0,0.0,0.0,86000.0
11.0,9.0,45.0,69.0,0.0,0.0,192.0,0.0,0.0,1.0,0.0,0.0,255.0,250.0,0.98,0.01,0.0,0.0,0.0,0.0,0.0,36610.0
22.0,9.0,250.0,600.0,0.0,1.0,28.0,0.0,0.0,1.0,0.0,0.0,235.0,255.0,1.0,0.0,0.02,0.0,0.0,0.0,0.0,13374.0
22.0,9.0,459.0,4557.0,0.0,1.0,36.0,0.0,0.0,1.0,0.0,0.0,255.0,255.0,1.0,0.0,0.0,0.0,0.0,0.0,0.0,16767.0
11.0,9.0,42.0,42.0,0.0,0.0,5.0,0.0,0.0,1.0,0.0,0.15,255.0,238.0,0.93,0.01,0.0,0.0,0.0,0.0,0.0,35210.0
11.0,9.0,45.0,135.0,0.0,0.0,9.0,0.0,0.0,1.0,0.0,0.07,255.0,254.0,1.0,0.01,0.0,0.0,0.0,0.0,0.0,97099.0
22.0,9.0,304.0,929.0,0.0,1.0,14.0,0.07,0.05,1.0,0.0,0.16,14.0,252.0,1.0,0.0,0.08,0.07,0.01,0.0,0.0,28352.0
19.0,9.0,12286.0,0.0,0.0,1.0,3.0,0.0,0.0,1.0,0.0,0.5,9.0,54.0,1.0,0.0,0.04,0.0,0.0,0.0,0.0,14874.0
42.0,9.0,35.0,130.0,0.0,1.0,2.0,0.0,0.0,0.5,1.0,0.0,136.0,8.0,0.03,0.05,0.25,0.0,0.0,0.0,0.0,88355.0
55.0,9.0,39.0,121.0,0.0,0.0,4.0,0.0,0.0,0.25,1.0,0.0,255.0,1.0,0.0,0.32,0.0,0.0,0.0,0.0,1.0,82446.0
49.0,9.0,2231.0,338.0,0.0,1.0,1.0,0.0,0.0,1.0,0.0,1.0,45.0,133.0,0.84,0.09,0.02,0.0,0.0,0.0,0.0,114259.0
19.0,9.0,5558.0,0.0,0.0,1.0,10.0,0.0,0.0,1.0,0.0,0.0,192.0,28.0,0.15,0.03,0.0,0.01,0.0,0.0,0.0,53710.0
44.0,9.0,105.0,0.0,0.0,0.0,1.0,0.0,0.0,1.0,0.0,0.0,255.0,233.0,0.91,0.01,0.0,0.0,0.0,0.0,0.0,40876.0
11.0,9.0,45.0,45.0,0.0,0.0,110.0,0.0,0.0,1.0,0.0,0.01,255.0,255.0,1.0,0.0,0.0,0.0,0.0,0.0,0.0,44889.0
11.0,9.0,44.0,74.0,0.0,0.0,206.0,0.0,0.0,1.0,0.0,0.0,255.0,255.0,1.0,0.0,0.0,0.0,0.0,0.0,0.0,104053.0
22.0,9.0,319.0,771.0,0.0,1.0,26.0,0.0,0.0,1.0,0.0,0.08,40.0,255.0,1.0,0.0,0.02,0.0,0.0,0.0,0.0,76415.0
22.0,9.0,235.0,547.0,0.0,1.0,1.0,0.0,0.0,1.0,0.0,0.22,14.0,255.0,1.0,0.0,0.01,0.07,0.01,0.0,0.0,30348.0
22.0,1.0,0.0,0.0,0.0,0.0,1.0,0.0,0.0,1.0,0.0,0.0,1.0,245.0,1.0,0.0,0.26,0.0,0.0,1.0,0.0,53635.0
22.0,1.0,0.0,0.0,0.0,0.0,1.0,0.0,0.0,1.0,0.0,1.0,25.0,159.0,1.0,0.0,0.03,0.0,0.0,1.0,0.0,78227.0
17.0,9.0,9.0,0.0,0.0,0.0,1.0,0.0,0.0,1.0,0.0,0.0,34.0,6.0,0.03,0.09,0.33,0.0,0.0,0.0,0.0,52985.0
49.0,9.0,901.0,279.0,0.0,1.0,1.0,0.0,0.0,1.0,0.0,0.0,101.0,80.0,0.79,0.06,0.0,0.0,0.0,0.0,0.0,53980.0
11.0,9.0,41.0,115.0,0.0,0.0,201.0,0.0,0.0,1.0,0.01,0.01,255.0,255.0,1.0,0.0,0.0,0.0,0.0,0.0,0.0,26251.0
22.0,9.0,249.0,609.0,0.0,1.0,39.0,0.0,0.0,1.0,0.0,0.05,255.0,255.0,1.0,0.0,0.0,0.0,0.0,0.0,0.0,48526.0
11.0,9.0,43.0,134.0,0.0,0.0,103.0,0.0,0.0,1.0,0.0,0.01,255.0,255.0,1.0,0.0,0.0,0.0,0.0,0.0,0.0,38860.0
22.0,9.0,198.0,739.0,0.0,1.0,15.0,0.0,0.0,1.0,0.0,0.0,15.0,255.0,1.0,0.0,0.01,0.0,0.0,0.0,0.0,55915.0
22.0,9.0,255.0,380.0,0.0,1.0,26.0,0.0,0.0,1.0,0.0,0.07,255.0,255.0,1.0,0.0,0.0,0.0,0.0,0.0,0.0,107035.0
22.0,9.0,318.0,3018.0,0.0,1.0,9.0,0.0,0.0,1.0,0.0,0.2,10.0,255.0,1.0,0.0,0.07,0.0,0.0,0.0,0.0,28749.0
22.0,9.0,272.0,13154.0,0.0,1.0,1.0,0.0,0.0,1.0,0.0,0.0,255.0,255.0,1.0,0.0,0.0,0.0,0.0,0.0,0.0,124950.0
44.0,9.0,105.0,0.0,0.0,0.0,2.0,0.0,0.0,1.0,0.0,0.0,150.0,130.0,0.87,0.01,0.0,0.0,0.0,0.0,0.0,111936.0
18.0,9.0,1248.0,2449.0,0.0,1.0,1.0,0.0,0.0,1.0,0.0,0.0,255.0,87.0,0.34,0.02,0.0,0.0,0.0,0.0,1.0,8924.0
22.0,9.0,175.0,4785.0,0.0,1.0,2.0,0.0,0.0,1.0,0.0,0.0,151.0,255.0,1.0,0.0,0.01,0.0,0.0,0.0,0.0,98768.0
22.0,9.0,352.0,2558.0,0.0,1.0,1.0,0.0,0.0,1.0,0.0,0.42,255.0,255.0,1.0,0.0,0.0,0.0,0.0,0.0,0.0,60961.0
22.0,9.0,291.0,2432.0,0.0,1.0,3.0,0.0,0.0,1.0,0.0,0.0,11.0,255.0,1.0,0.0,0.05,0.0,0.0,0.0,0.0,76398.0
40.0,9.0,146.0,105.0,0.0,0.0,1.0,0.0,0.0,1.0,0.0,0.0,255.0,3.0,0.01,0.51,0.0,0.0,0.0,0.0,0.0,71688.0
49.0,9.0,1568.0,331.0,0.0,1.0,1.0,0.0,0.0,1.0,0.0,1.0,152.0,134.0,0.51,0.05,0.01,0.02,0.02,0.0,0.0,88465.0
19.0,9.0,245.0,0.0,0.0,1.0,2.0,0.0,0.0,1.0,0.0,0.0,15.0,2.0,0.13,0.2,0.0,0.0,0.0,0.0,0.0,115979.0
22.0,9.0,347.0,575.0,0.0,1.0,9.0,0.0,0.0,1.0,0.0,0.1,21.0,255.0,1.0,0.0,0.06,0.0,0.0,0.0,0.0,50601.0
22.0,9.0,192.0,885.0,0.0,1.0,2.0,0.0,0.0,1.0,0.0,0.67,255.0,255.0,1.0,0.0,0.0,0.0,0.0,0.0,0.0,11870.0
22.0,9.0,324.0,3198.0,0.0,1.0,2.0,0.0,0.0,1.0,0.0,0.07,89.0,255.0,1.0,0.0,0.03,0.0,0.0,0.0,0.0,79324.0
22.0,9.0,267.0,1619.0,0.0,1.0,1.0,0.0,0.0,1.0,0.0,0.4,255.0,224.0,0.88,0.01,0.0,0.0,0.0,0.0,0.0,59539.0
49.0,9.0,1354.0,324.0,0.0,1.0,1.0,0.0,0.0,1.0,0.0,1.0,255.0,22.0,0.09,0.56,0.0,0.0,0.0,0.0,0.0,72296.0
49.0,9.0,1184.0,337.0,0.0,1.0,1.0,0.0,0.0,1.0,0.0,0.0,175.0,163.0,0.62,0.02,0.01,0.0,0.0,0.0,0.0,44479.0
49.0,9.0,1583.0,328.0,0.0,1.0,1.0,0.0,0.0,1.0,0.0,1.0,90.0,108.0,0.74,0.07,0.02,0.01,0.01,0.0,0.0,121189.0
22.0,9.0,253.0,346.0,0.0,1.0,7.0,0.0,0.0,1.0,0.0,0.25,51.0,255.0,1.0,0.0,0.01,0.0,0.0,0.0,0.0,51368.0
11.0,9.0,46.0,46.0,0.0,0.0,19.0,0.0,0.0,1.0,0.0,0.11,255.0,255.0,1.0,0.0,0.0,0.0,0.0,0.0,0.0,120208.0
22.0,9.0,249.0,241.0,0.0,1.0,48.0,0.0,0.0,1.0,0.0,0.02,48.0,255.0,1.0,0.0,0.02,0.0,0.0,0.0,0.0,52171.0
19.0,9.0,383.0,0.0,0.0,0.0,2.0,0.0,0.0,1.0,0.0,0.0,59.0,9.0,0.15,0.07,0.0,0.0,0.0,0.0,0.0,82823.0
19.0,9.0,567.0,0.0,0.0,1.0,1.0,0.0,0.0,1.0,0.0,0.0,242.0,69.0,0.29,0.03,0.0,0.0,0.0,0.0,0.0,98029.0
22.0,9.0,212.0,405.0,0.0,1.0,1.0,0.0,0.0,1.0,0.0,0.75,4.0,255.0,1.0,0.0,0.05,0.0,0.0,0.0,0.0,49990.0
19.0,9.0,965.0,0.0,0.0,1.0,9.0,0.0,0.0,1.0,0.0,0.0,134.0,65.0,0.49,0.02,0.0,0.0,0.0,0.0,0.0,72402.0
11.0,9.0,44.0,82.0,0.0,0.0,137.0,0.0,0.0,1.0,0.0,0.0,255.0,255.0,1.0,0.0,0.0,0.0,0.0,0.0,0.0,12525.0
22.0,9.0,307.0,12304.0,0.0,1.0,29.0,0.0,0.0,1.0,0.0,0.0,110.0,255.0,1.0,0.0,0.01,0.0,0.0,0.06,0.0,16359.0
22.0,9.0,240.0,453.0,0.0,1.0,14.0,0.0,0.0,1.0,0.0,0.0,255.0,255.0,1.0,0.0,0.0,0.01,0.01,0.0,0.0,107189.0
22.0,9.0,250.0,7189.0,0.0,1.0,8.0,0.0,0.0,1.0,0.0,0.09,40.0,255.0,1.0,0.0,0.04,0.0,0.0,0.0,0.0,60646.0
22.0,1.0,0.0,0.0,0.0,0.0,1.0,0.0,0.0,1.0,0.0,0.0,51.0,255.0,1.0,0.0,0.13,0.0,0.0,1.0,0.0,16086.0
22.0,9.0,236.0,256.0,0.0,1.0,1.0,0.0,0.0,1.0,0.0,0.0,1.0,255.0,1.0,0.0,0.02,0.0,0.0,0.0,0.0,21349.0
49.0,9.0,2529.0,329.0,0.0,1.0,1.0,0.0,0.0,1.0,0.0,0.0,255.0,152.0,0.6,0.03,0.0,0.0,0.01,0.0,0.0,91997.0
22.0,9.0,269.0,935.0,0.0,1.0,6.0,0.0,0.0,1.0,0.0,0.29,50.0,255.0,1.0,0.0,0.03,0.0,0.0,0.0,0.0,35640.0
22.0,9.0,299.0,338.0,0.0,1.0,25.0,0.0,0.0,1.0,0.0,0.0,255.0,255.0,1.0,0.0,0.0,0.0,0.0,0.01,0.0,95441.0
0.0,4.0,1828.0,9633.0,0.0,0.0,1.0,0.0,0.0,1.0,0.0,0.0,143.0,18.0,0.13,0.01,0.0,0.0,0.0,0.61,0.0,98354.0
22.0,9.0,238.0,2997.0,0.0,1.0,2.0,0.0,0.0,1.0,0.0,0.1,70.0,255.0,1.0,0.0,0.02,0.0,0.0,0.0,0.0,118181.0
22.0,9.0,206.0,3731.0,0.0,1.0,7.0,0.0,0.0,1.0,0.0,0.22,185.0,255.0,1.0,0.0,0.03,0.01,0.01,0.0,0.0,60838.0
40.0,9.0,147.0,105.0,0.0,0.0,1.0,0.0,0.0,1.0,0.0,0.0,255.0,3.0,0.01,0.53,0.0,0.0,0.0,0.0,0.0,113035.0
22.0,9.0,224.0,310.0,0.0,1.0,1.0,0.0,0.0,1.0,0.0,0.0,255.0,255.0,1.0,0.0,0.0,0.0,0.0,0.0,0.0,85814.0
22.0,9.0,248.0,1413.0,0.0,1.0,1.0,0.0,0.0,1.0,0.0,0.0,39.0,255.0,1.0,0.0,0.04,0.0,0.0,0.0,0.0,56373.0
22.0,9.0,165.0,14328.0,0.0,1.0,3.0,0.0,0.0,1.0,0.0,0.43,6.0,96.0,1.0,0.0,0.1,0.0,0.01,0.0,0.0,4149.0
22.0,9.0,321.0,956.0,0.0,1.0,6.0,0.0,0.0,1.0,0.0,0.0,58.0,255.0,1.0,0.0,0.06,0.0,0.0,0.0,0.0,84844.0
22.0,9.0,234.0,14602.0,0.0,1.0,9.0,0.0,0.0,1.0,0.0,0.0,255.0,255.0,1.0,0.0,0.0,0.0,0.0,0.0,0.0,38124.0
19.0,9.0,12.0,0.0,0.0,1.0,2.0,0.0,0.0,1.0,0.0,0.0,251.0,83.0,0.33,0.03,0.0,0.01,0.0,0.0,0.0,78171.0
22.0,1.0,0.0,0.0,0.0,0.0,1.0,0.0,0.0,1.0,0.0,0.33,6.0,255.0,1.0,0.0,0.15,0.0,0.0,0.79,0.0,60147.0
49.0,9.0,1195.0,365.0,0.0,1.0,1.0,0.0,0.0,1.0,0.0,0.0,232.0,119.0,0.49,0.02,0.02,0.0,0.0,0.0,0.0,60345.0
22.0,9.0,315.0,2168.0,0.0,1.0,13.0,0.0,0.0,1.0,0.0,0.14,170.0,255.0,1.0,0.0,0.01,0.0,0.0,0.0,0.0,35841.0
49.0,9.0,1106.0,336.0,0.0,1.0,1.0,0.0,0.0,1.0,0.0,1.0,131.0,71.0,0.17,0.54,0.03,0.05,0.0,0.0,0.0,60196.0
22.0,9.0,170.0,327.0,0.0,1.0,1.0,0.0,0.0,1.0,0.0,0.0,255.0,255.0,1.0,0.0,0.0,0.0,0.0,0.0,0.0,123838.0
22.0,9.0,235.0,1075.0,0.0,1.0,6.0,0.0,0.0,1.0,0.0,0.09,255.0,251.0,0.98,0.01,0.0,0.0,0.0,0.0,0.0,100080.0
11.0,9.0,44.0,71.0,0.0,0.0,274.0,0.0,0.0,1.0,0.01,0.01,255.0,254.0,1.0,0.01,0.0,0.0,0.0,0.0,0.0,82789.0
11.0,9.0,44.0,77.0,0.0,0.0,129.0,0.0,0.0,1.0,0.0,0.0,255.0,254.0,1.0,0.01,0.0,0.0,0.0,0.0,0.0,7560.0
22.0,9.0,325.0,3353.0,0.0,1.0,3.0,0.0,0.0,1.0,0.0,0.5,3.0,255.0,1.0,0.0,0.01,0.0,0.0,0.0,0.0,104895.0
49.0,9.0,737.0,334.0,0.0,1.0,1.0,0.0,0.95,1.0,0.0,0.1,163.0,86.0,0.53,0.04,0.0,0.01,0.01,0.0,0.0,3601.0
22.0,9.0,181.0,14424.0,0.0,1.0,1.0,0.0,0.0,1.0,0.0,1.0,168.0,255.0,1.0,0.0,0.02,0.0,0.0,0.0,0.0,58735.0
22.0,9.0,228.0,261.0,0.0,1.0,11.0,0.0,0.0,1.0,0.0,0.0,32.0,255.0,1.0,0.0,0.05,0.0,0.0,0.0,0.0,114707.0
22.0,9.0,229.0,301.0,0.0,1.0,4.0,0.25,0.25,1.0,0.0,0.0,255.0,255.0,1.0,0.0,0.0,0.0,0.0,0.0,0.0,1025.0
22.0,9.0,224.0,577.0,0.0,1.0,4.0,0.0,0.0,1.0,0.0,0.11,255.0,255.0,1.0,0.0,0.0,0.0,0.0,0.0,0.0,32256.0
22.0,9.0,331.0,2263.0,0.0,1.0,5.0,0.0,0.0,1.0,0.0,0.0,5.0,255.0,1.0,0.0,0.06,0.0,0.0,0.0,0.0,6503.0
17.0,9.0,7.0,425.0,0.0,0.0,1.0,0.0,0.0,1.0,0.0,0.0,212.0,11.0,0.04,0.03,0.18,0.0,0.09,0.0,0.0,72691.0
11.0,9.0,45.0,45.0,0.0,0.0,145.0,0.0,0.0,1.0,0.0,0.01,255.0,228.0,0.89,0.01,0.0,0.0,0.0,0.0,0.0,37053.0
55.0,9.0,104.0,1503.0,0.0,1.0,1.0,0.0,0.0,1.0,0.0,0.0,31.0,3.0,0.1,0.16,0.0,0.0,0.0,0.0,0.0,91093.0
49.0,9.0,1635.0,410.0,0.0,1.0,1.0,0.0,0.0,1.0,0.0,1.0,40.0,198.0,0.9,0.05,0.01,0.0,0.0,0.0,0.0,121115.0
0.0,6.0,43358.0,46417.0,0.0,1.0,4.0,0.25,1.0,0.25,0.5,0.0,82.0,14.0,0.17,0.02,0.0,0.15,0.86,0.0,0.0,62519.0
39.0,9.0,48.0,48.0,0.0,0.0,1.0,0.0,0.0,1.0,0.0,0.0,103.0,3.0,0.03,0.03,0.0,0.0,0.0,0.0,0.0,35054.0
11.0,9.0,45.0,45.0,0.0,0.0,241.0,0.0,0.0,1.0,0.01,0.0,255.0,254.0,1.0,0.01,0.0,0.0,0.0,0.0,0.0,11521.0
19.0,9.0,567.0,0.0,0.0,0.0,2.0,0.0,0.0,0.5,1.0,0.0,255.0,59.0,0.23,0.03,0.0,0.0,0.0,0.0,0.0,57668.0
18.0,9.0,1235.0,2451.0,0.0,1.0,1.0,0.0,0.0,1.0,0.0,0.0,255.0,115.0,0.45,0.02,0.0,0.0,0.0,0.0,1.0,79009.0
11.0,9.0,43.0,43.0,0.0,0.0,199.0,0.0,0.0,1.0,0.0,0.0,255.0,255.0,1.0,0.0,0.0,0.0,0.0,0.0,0.0,121740.0
11.0,9.0,44.0,74.0,0.0,0.0,109.0,0.0,0.0,1.0,0.0,0.02,255.0,254.0,1.0,0.01,0.0,0.0,0.0,0.0,0.0,29504.0
44.0,9.0,100.0,0.0,0.0,0.0,3.0,0.0,0.0,1.0,0.0,0.0,82.0,12.0,0.15,0.02,0.0,0.0,0.0,0.0,1.0,47294.0
11.0,9.0,42.0,42.0,0.0,0.0,6.0,0.0,0.0,1.0,0.0,0.11,255.0,242.0,0.95,0.01,0.0,0.0,0.0,0.0,0.0,108157.0
22.0,9.0,234.0,1200.0,0.0,1.0,5.0,0.0,0.0,1.0,0.0,0.0,18.0,66.0,1.0,0.0,0.06,0.0,0.0,0.0,0.0,100179.0
22.0,9.0,287.0,1509.0,0.0,1.0,21.0,0.0,0.0,1.0,0.0,0.0,255.0,255.0,1.0,0.0,0.0,0.0,0.0,0.0,0.0,16908.0
22.0,9.0,206.0,1037.0,0.0,1.0,8.0,0.0,0.0,1.0,0.0,0.0,8.0,255.0,1.0,0.0,0.02,0.0,0.01,0.0,0.0,14406.0
22.0,9.0,167.0,12937.0,0.0,1.0,9.0,0.0,0.0,1.0,0.0,0.18,9.0,255.0,1.0,0.0,0.04,0.0,0.0,0.01,0.0,1947.0
22.0,9.0,317.0,6590.0,0.0,1.0,5.0,0.0,0.0,1.0,0.0,0.33,54.0,255.0,1.0,0.0,0.01,0.0,0.0,0.01,0.0,86324.0
49.0,9.0,1042.0,400.0,0.0,1.0,1.0,0.0,0.0,1.0,0.0,0.0,255.0,26.0,0.1,0.06,0.0,0.74,0.0,0.0,0.0,70120.0
49.0,9.0,715.0,328.0,0.0,1.0,1.0,0.0,0.0,1.0,0.0,1.0,148.0,177.0,0.7,0.03,0.01,0.0,0.0,0.0,0.0,57790.0
22.0,9.0,219.0,1099.0,0.0,1.0,6.0,0.0,0.0,1.0,0.0,0.0,35.0,255.0,1.0,0.0,0.06,0.0,0.0,0.0,0.0,44270.0
11.0,9.0,43.0,43.0,0.0,0.0,244.0,0.0,0.0,1.0,0.0,0.0,255.0,230.0,0.9,0.01,0.0,0.0,0.0,0.0,0.0,30112.0
22.0,9.0,369.0,2116.0,0.0,1.0,1.0,0.0,0.0,1.0,0.0,0.22,11.0,255.0,1.0,0.0,0.03,0.0,0.0,0.0,0.0,80217.0
11.0,9.0,44.0,137.0,0.0,0.0,68.0,0.0,0.0,1.0,0.0,0.01,255.0,214.0,0.84,0.02,0.0,0.0,0.0,0.0,0.0,2112.0
11.0,9.0,46.0,128.0,0.0,0.0,71.0,0.0,0.0,1.0,0.0,0.01,255.0,254.0,1.0,0.01,0.0,0.0,0.0,0.0,0.0,1423.0
49.0,9.0,785.0,327.0,0.0,1.0,1.0,0.0,0.0,1.0,0.0,0.0,50.0,70.0,0.76,0.12,0.03,0.02,0.0,0.0,0.0,475.0
22.0,9.0,237.0,720.0,0.0,1.0,39.0,0.0,0.0,1.0,0.0,0.0,255.0,255.0,1.0,0.0,0.0,0.0,0.0,0.0,0.0,94377.0
17.0,9.0,6.0,0.0,0.0,0.0,1.0,0.0,0.0,1.0,0.0,0.0,44.0,10.0,0.07,0.05,0.2,0.0,0.0,0.0,0.0,96337.0
22.0,9.0,415.0,704.0,0.0,1.0,1.0,0.0,0.0,1.0,0.0,1.0,255.0,255.0,1.0,0.0,0.0,0.0,0.0,0.0,0.0,17096.0
49.0,9.0,1576.0,329.0,0.0,1.0,1.0,0.0,0.0,1.0,0.0,1.0,115.0,95.0,0.83,0.03,0.0,0.0,0.0,0.0,0.0,81660.0
22.0,9.0,289.0,174.0,0.0,1.0,13.0,0.0,0.0,1.0,0.0,0.0,18.0,255.0,1.0,0.0,0.05,0.0,0.0,0.01,0.0,22805.0
22.0,9.0,204.0,3433.0,0.0,1.0,13.0,0.0,0.0,1.0,0.0,0.0,255.0,255.0,1.0,0.0,0.0,0.0,0.0,0.0,0.0,45446.0
22.0,9.0,319.0,731.0,0.0,1.0,7.0,0.0,0.0,1.0,0.0,0.0,11.0,255.0,1.0,0.0,0.02,0.0,0.0,0.0,0.0,1449.0
22.0,9.0,298.0,2809.0,0.0,1.0,2.0,0.0,0.0,1.0,0.0,0.4,62.0,255.0,1.0,0.0,0.01,0.0,0.01,0.0,0.0,16130.0
49.0,5.0,0.0,0.0,0.0,0.0,2.0,0.5,0.5,1.0,0.0,0.0,255.0,29.0,0.11,0.55,0.0,0.0,0.03,0.0,0.0,67920.0
22.0,9.0,241.0,2698.0,0.0,1.0,1.0,0.0,0.0,1.0,0.0,0.0,255.0,255.0,1.0,0.0,0.0,0.0,0.0,0.0,0.0,17313.0
22.0,9.0,243.0,5971.0,0.0,1.0,9.0,0.0,0.0,1.0,0.0,0.0,17.0,255.0,1.0,0.0,0.02,0.0,0.0,0.0,0.0,34301.0
22.0,9.0,235.0,1600.0,0.0,1.0,10.0,0.0,0.0,1.0,0.0,0.0,255.0,255.0,1.0,0.0,0.0,0.0,0.0,0.0,0.0,104112.0
11.0,9.0,45.0,119.0,0.0,0.0,112.0,0.0,0.0,0.99,0.02,0.02,255.0,253.0,0.99,0.01,0.0,0.0,0.0,0.0,0.0,15366.0
22.0,9.0,321.0,382.0,0.0,1.0,7.0,0.0,0.0,1.0,0.0,0.0,227.0,255.0,1.0,0.0,0.02,0.0,0.0,0.0,0.0,27276.0
22.0,9.0,209.0,284.0,0.0,1.0,3.0,0.0,0.0,1.0,0.0,0.5,255.0,255.0,1.0,0.0,0.0,0.0,0.0,0.0,0.0,105157.0
49.0,9.0,1543.0,325.0,0.0,1.0,1.0,0.0,0.0,1.0,0.0,0.0,103.0,81.0,0.79,0.03,0.0,0.0,0.0,0.0,0.0,11091.0
22.0,1.0,0.0,0.0,0.0,0.0,1.0,0.0,0.0,1.0,0.0,0.0,9.0,237.0,1.0,0.0,0.19,0.0,0.0,1.0,0.0,107949.0
19.0,9.0,12286.0,0.0,0.0,1.0,5.0,0.0,0.0,1.0,0.0,0.0,12.0,11.0,0.92,0.17,0.0,0.0,0.0,0.0,0.0,33905.0
55.0,9.0,306.0,24556.0,0.0,1.0,1.0,0.0,0.0,1.0,0.0,0.0,255.0,61.0,0.24,0.02,0.0,0.0,0.0,0.0,0.0,30500.0
22.0,9.0,214.0,1281.0,0.0,1.0,19.0,0.0,0.0,1.0,0.0,0.0,255.0,255.0,1.0,0.0,0.0,0.0,0.0,0.0,0.0,82593.0
22.0,2.0,0.0,0.0,0.0,1.0,1.0,0.0,0.0,1.0,0.0,0.75,8.0,255.0,1.0,0.0,0.01,0.0,0.0,0.0,0.0,16746.0
22.0,9.0,339.0,1035.0,0.0,1.0,24.0,0.0,0.0,1.0,0.0,0.1,255.0,255.0,1.0,0.0,0.0,0.0,0.0,0.0,0.0,19773.0
22.0,9.0,208.0,1240.0,0.0,1.0,8.0,0.0,0.0,1.0,0.0,0.3,255.0,255.0,1.0,0.0,0.0,0.0,0.0,0.0,0.0,1729.0
22.0,9.0,292.0,12689.0,0.0,1.0,25.0,0.0,0.0,1.0,0.0,0.0,24.0,255.0,1.0,0.0,0.05,0.0,0.0,0.03,0.0,67522.0
22.0,9.0,270.0,2707.0,0.0,1.0,1.0,0.0,0.0,1.0,0.0,0.17,255.0,255.0,1.0,0.0,0.0,0.0,0.0,0.0,0.0,63021.0
22.0,1.0,0.0,0.0,0.0,0.0,19.0,0.0,0.0,1.0,0.0,0.0,29.0,204.0,1.0,0.0,0.2,0.0,0.0,0.94,0.0,43599.0
11.0,9.0,45.0,120.0,0.0,0.0,217.0,0.0,0.0,1.0,0.0,0.01,255.0,174.0,0.68,0.01,0.0,0.0,0.0,0.0,0.0,32347.0
19.0,9.0,2194619.0,0.0,0.0,1.0,1.0,0.0,0.0,1.0,0.0,0.0,21.0,45.0,0.43,0.19,0.04,0.0,0.0,0.0,0.0,110144.0
11.0,9.0,45.0,120.0,0.0,0.0,127.0,0.0,0.0,1.0,0.0,0.02,255.0,255.0,1.0,0.0,0.0,0.0,0.0,0.0,0.0,64236.0
22.0,9.0,308.0,311.0,0.0,1.0,7.0,0.0,0.0,1.0,0.0,0.0,141.0,245.0,1.0,0.0,0.01,0.0,0.0,0.02,0.0,125256.0
44.0,9.0,105.0,147.0,0.0,0.0,7.0,0.0,0.0,0.14,0.29,0.0,255.0,229.0,0.9,0.01,0.0,0.0,0.0,0.0,0.0,67732.0
11.0,9.0,44.0,140.0,0.0,0.0,70.0,0.0,0.0,1.0,0.0,0.01,255.0,255.0,1.0,0.0,0.0,0.0,0.0,0.0,0.0,107033.0
22.0,9.0,209.0,3273.0,0.0,1.0,12.0,0.0,0.0,1.0,0.0,0.0,12.0,219.0,1.0,0.0,0.03,0.0,0.0,0.0,0.0,48100.0
22.0,9.0,214.0,505.0,0.0,1.0,1.0,0.0,0.0,1.0,0.0,1.0,2.0,255.0,1.0,0.0,0.07,0.0,0.0,0.0,0.0,67000.0
14.0,9.0,1480.0,0.0,1.0,0.0,19.0,0.0,0.0,1.0,0.0,0.0,255.0,19.0,0.07,0.02,0.0,0.0,0.0,0.0,1.0,55699.0
11.0,9.0,33.0,33.0,0.0,0.0,133.0,0.0,0.0,1.0,0.0,0.01,255.0,206.0,0.81,0.01,0.0,0.0,0.0,0.0,0.0,27061.0
44.0,9.0,105.0,146.0,0.0,0.0,2.0,0.0,0.0,1.0,0.0,0.0,20.0,17.0,0.85,0.15,0.0,0.0,0.0,0.0,0.0,40883.0
22.0,9.0,326.0,2431.0,0.0,1.0,5.0,0.0,0.0,1.0,0.0,0.23,246.0,255.0,1.0,0.0,0.01,0.0,0.0,0.0,0.0,18832.0
22.0,9.0,313.0,2033.0,0.0,1.0,5.0,0.0,0.0,1.0,0.0,0.33,53.0,255.0,1.0,0.0,0.03,0.0,0.0,0.0,0.0,16205.0
22.0,9.0,206.0,891.0,0.0,1.0,9.0,0.0,0.0,1.0,0.0,0.17,255.0,255.0,1.0,0.0,0.0,0.0,0.0,0.0,0.0,97708.0
11.0,9.0,45.0,73.0,0.0,0.0,259.0,0.0,0.0,1.0,0.0,0.0,255.0,226.0,0.89,0.01,0.0,0.0,0.0,0.0,0.0,51067.0
22.0,9.0,336.0,279.0,0.0,1.0,4.0,0.0,0.0,1.0,0.0,0.4,99.0,90.0,0.91,0.02,0.0,0.01,0.01,0.0,0.0,65011.0
22.0,9.0,327.0,607.0,0.0,1.0,10.0,0.0,0.0,1.0,0.0,0.0,255.0,255.0,1.0,0.0,0.0,0.0,0.0,0.0,0.0,17202.0
40.0,9.0,9198.0,0.0,0.0,0.0,4.0,0.0,0.0,0.25,0.75,0.0,180.0,1.0,0.01,0.05,0.0,0.0,0.0,0.0,0.0,77135.0
22.0,9.0,298.0,348.0,0.0,1.0,31.0,0.0,0.0,1.0,0.0,0.0,255.0,255.0,1.0,0.0,0.0,0.0,0.0,0.0,0.0,44151.0
19.0,9.0,61298.0,0.0,0.0,1.0,6.0,0.0,0.0,1.0,0.0,0.0,246.0,59.0,0.24,0.02,0.0,0.0,0.0,0.0,0.0,86739.0
22.0,9.0,319.0,525.0,0.0,1.0,10.0,0.0,0.0,1.0,0.0,0.0,10.0,255.0,1.0,0.0,0.02,0.0,0.0,0.0,0.0,24054.0
22.0,9.0,54540.0,8314.0,0.0,1.0,4.0,0.0,0.0,1.0,0.0,0.0,22.0,22.0,1.0,0.0,0.0,0.0,0.0,0.05,1.0,33998.0
22.0,9.0,312.0,981.0,0.0,1.0,6.0,0.0,0.0,1.0,0.0,0.0,19.0,255.0,1.0,0.0,0.03,0.0,0.0,0.0,0.0,9679.0
11.0,9.0,45.0,76.0,0.0,0.0,110.0,0.0,0.0,1.0,0.0,0.03,255.0,229.0,0.9,0.01,0.0,0.0,0.0,0.0,0.0,19591.0
11.0,9.0,43.0,112.0,0.0,0.0,221.0,0.0,0.0,1.0,0.01,0.01,255.0,255.0,1.0,0.0,0.0,0.0,0.0,0.0,0.0,20386.0
22.0,9.0,214.0,308.0,0.0,1.0,2.0,0.5,0.17,1.0,0.0,0.33,255.0,255.0,1.0,0.0,0.0,0.0,0.0,0.0,0.0,39274.0
22.0,9.0,302.0,1046.0,0.0,1.0,6.0,0.0,0.0,1.0,0.0,0.29,189.0,255.0,1.0,0.0,0.01,0.0,0.0,0.0,0.0,37683.0
49.0,9.0,826.0,328.0,0.0,1.0,1.0,0.0,0.0,1.0,0.0,0.0,214.0,155.0,0.72,0.02,0.0,0.0,0.0,0.0,0.0,16883.0
11.0,9.0,42.0,108.0,0.0,0.0,1.0,0.0,0.0,1.0,0.0,0.0,255.0,251.0,0.98,0.01,0.0,0.0,0.0,0.0,0.0,39211.0
49.0,9.0,1187.0,377.0,0.0,1.0,1.0,0.0,0.0,1.0,0.0,0.0,108.0,232.0,0.98,0.02,0.01,0.0,0.0,0.0,0.0,25424.0
58.0,9.0,181.0,0.0,0.0,0.0,3.0,0.0,0.0,0.67,0.67,0.0,255.0,26.0,0.1,0.01,0.0,0.0,0.0,0.0,0.0,83797.0
22.0,9.0,54540.0,8314.0,0.0,1.0,4.0,0.0,0.0,1.0,0.0,0.0,174.0,174.0,1.0,0.0,0.0,0.0,0.0,0.06,1.0,123292.0
22.0,9.0,208.0,3379.0,0.0,1.0,4.0,0.0,0.0,1.0,0.0,0.25,255.0,255.0,1.0,0.0,0.0,0.0,0.0,0.0,0.0,89386.0
22.0,9.0,212.0,1160.0,0.0,1.0,11.0,0.0,0.0,1.0,0.0,0.08,11.0,255.0,1.0,0.0,0.04,0.0,0.0,0.0,0.0,100843.0
40.0,9.0,113.0,0.0,0.0,0.0,35.0,0.0,0.0,0.97,0.06,0.0,255.0,34.0,0.13,0.52,0.0,0.0,0.0,0.0,0.0,101011.0
49.0,9.0,797.0,336.0,0.0,1.0,1.0,0.0,0.0,1.0,0.0,0.0,83.0,202.0,0.71,0.05,0.01,0.0,0.0,0.0,0.0,16938.0
22.0,1.0,0.0,0.0,0.0,0.0,1.0,0.0,0.0,1.0,0.0,0.0,30.0,255.0,1.0,0.0,0.1,0.0,0.0,0.95,0.0,121853.0
22.0,9.0,274.0,393.0,0.0,1.0,2.0,0.0,0.0,1.0,0.0,0.0,4.0,220.0,1.0,0.0,0.05,0.0,0.0,0.0,0.0,108624.0
22.0,9.0,309.0,2239.0,0.0,1.0,7.0,0.0,0.0,1.0,0.0,0.0,255.0,249.0,0.98,0.01,0.0,0.0,0.0,0.0,0.0,124363.0
49.0,9.0,2507.0,335.0,0.0,1.0,1.0,0.0,0.0,1.0,0.0,0.0,255.0,144.0,0.56,0.02,0.0,0.0,0.0,0.0,0.0,94031.0
19.0,9.0,373.0,0.0,0.0,1.0,11.0,0.0,0.0,1.0,0.0,0.0,42.0,87.0,0.4,0.1,0.02,0.0,0.0,0.0,0.0,24682.0
22.0,9.0,325.0,1481.0,0.0,1.0,21.0,0.0,0.0,1.0,0.0,0.0,255.0,255.0,1.0,0.0,0.0,0.0,0.0,0.0,0.0,39981.0
1.0,9.0,312876.0,22784.0,0.0,1.0,1.0,0.0,0.0,1.0,0.0,0.0,54.0,32.0,0.59,0.07,0.0,0.02,0.03,0.03,0.0,8894.0
11.0,9.0,45.0,75.0,0.0,0.0,220.0,0.0,0.0,1.0,0.0,0.0,255.0,233.0,0.91,0.01,0.0,0.0,0.0,0.0,0.0,118000.0
11.0,9.0,46.0,69.0,0.0,0.0,190.0,0.0,0.0,1.0,0.0,0.0,255.0,255.0,1.0,0.0,0.0,0.0,0.0,0.0,0.0,81728.0
22.0,9.0,54540.0,8314.0,0.0,1.0,5.0,0.0,0.0,1.0,0.0,0.0,255.0,255.0,1.0,0.0,0.0,0.01,0.01,0.04,1.0,66994.0
58.0,9.0,78.0,0.0,0.0,0.0,52.0,0.0,0.0,0.23,0.04,0.0,255.0,28.0,0.11,0.01,0.0,0.0,0.0,0.0,0.0,7571.0
22.0,9.0,225.0,736.0,0.0,1.0,3.0,0.0,0.0,1.0,0.0,0.4,65.0,255.0,1.0,0.0,0.02,0.0,0.0,0.02,0.0,89287.0
22.0,9.0,340.0,586.0,0.0,1.0,4.0,0.0,0.0,1.0,0.0,0.4,97.0,255.0,1.0,0.0,0.04,0.0,0.0,0.0,0.0,46175.0
11.0,9.0,46.0,137.0,0.0,0.0,239.0,0.0,0.0,1.0,0.01,0.01,255.0,246.0,0.96,0.01,0.0,0.0,0.0,0.0,0.0,36831.0
22.0,9.0,250.0,8467.0,0.0,1.0,6.0,0.0,0.0,1.0,0.0,0.29,37.0,255.0,1.0,0.0,0.04,0.0,0.0,0.0,0.0,20659.0
18.0,9.0,1453.0,4152.0,0.0,1.0,1.0,0.0,0.0,1.0,0.0,0.0,43.0,10.0,0.23,0.14,0.0,0.0,0.0,0.0,0.0,5070.0
22.0,9.0,249.0,337.0,0.0,1.0,1.0,0.0,0.0,1.0,0.0,0.0,255.0,255.0,1.0,0.0,0.0,0.0,0.0,0.0,0.0,80558.0
22.0,1.0,0.0,0.0,0.0,0.0,1.0,0.0,0.0,1.0,0.0,0.0,255.0,255.0,1.0,0.0,0.0,0.0,0.0,0.19,0.0,26171.0
19.0,9.0,7196.0,0.0,0.0,1.0,8.0,0.0,0.0,1.0,0.0,0.0,15.0,56.0,0.93,0.13,0.04,0.0,0.0,0.0,0.0,49670.0
22.0,9.0,322.0,1364.0,0.0,1.0,6.0,0.0,0.0,1.0,0.0,0.11,54.0,255.0,1.0,0.0,0.02,0.0,0.0,0.0,0.0,63460.0
22.0,9.0,212.0,2251.0,0.0,1.0,21.0,0.0,0.0,1.0,0.0,0.13,255.0,255.0,1.0,0.0,0.0,0.0,0.0,0.0,0.0,41145.0
11.0,9.0,30.0,0.0,0.0,0.0,1.0,0.0,0.0,1.0,0.0,1.0,3.0,1.0,0.33,0.67,0.0,0.0,0.0,0.0,0.0,71015.0
13.0,9.0,30.0,0.0,0.0,0.0,3.0,0.0,0.0,0.33,0.67,0.0,255.0,3.0,0.01,0.01,0.0,0.0,0.0,0.0,0.0,72324.0
49.0,9.0,1264.0,333.0,0.0,1.0,1.0,0.0,0.0,1.0,0.0,0.0,154.0,153.0,0.56,0.03,0.01,0.0,0.0,0.0,0.0,97642.0
22.0,9.0,285.0,1281.0,0.0,1.0,32.0,0.0,0.0,1.0,0.0,0.0,255.0,255.0,1.0,0.0,0.0,0.0,0.0,0.0,0.0,33461.0
40.0,9.0,516.0,4.0,0.0,0.0,494.0,0.0,0.0,1.0,0.0,0.0,255.0,255.0,1.0,0.0,0.0,0.0,0.0,0.0,0.0,29891.0
22.0,1.0,0.0,0.0,0.0,0.0,1.0,0.0,0.0,1.0,0.0,0.0,5.0,249.0,1.0,0.0,0.09,0.0,0.0,0.95,0.0,90973.0
22.0,9.0,212.0,416.0,0.0,1.0,1.0,0.0,0.0,1.0,0.0,0.0,20.0,255.0,1.0,0.0,0.04,0.1,0.01,0.0,0.0,35877.0
18.0,9.0,232.0,768.0,0.0,1.0,1.0,0.0,0.0,1.0,0.0,0.0,189.0,31.0,0.16,0.04,0.0,0.0,0.0,0.06,0.0,90701.0
22.0,9.0,235.0,2251.0,0.0,1.0,13.0,0.0,0.0,1.0,0.0,0.0,37.0,255.0,1.0,0.0,0.02,0.0,0.0,0.09,0.0,22213.0
22.0,9.0,241.0,2565.0,0.0,1.0,10.0,0.0,0.0,1.0,0.0,0.0,255.0,255.0,1.0,0.0,0.0,0.0,0.0,0.0,0.0,65223.0
19.0,9.0,11376.0,0.0,0.0,1.0,9.0,0.0,0.0,1.0,0.0,0.0,238.0,68.0,0.29,0.03,0.0,0.01,0.03,0.0,0.0,11486.0
40.0,9.0,147.0,105.0,0.0,0.0,1.0,0.0,0.0,1.0,0.0,0.0,255.0,1.0,0.0,0.66,0.0,0.0,0.0,0.0,0.0,103892.0
3.0,9.0,10.0,35.0,0.0,1.0,1.0,0.0,0.0,1.0,0.0,0.0,5.0,1.0,0.2,0.6,0.0,0.0,0.0,0.0,1.0,116754.0
11.0,9.0,43.0,125.0,0.0,0.0,35.0,0.0,0.0,1.0,0.0,0.01,93.0,200.0,0.84,0.02,0.01,0.0,0.0,0.0,0.0,18270.0
22.0,9.0,158.0,707.0,0.0,1.0,1.0,0.0,0.0,1.0,0.0,0.0,1.0,255.0,1.0,0.0,0.04,0.0,0.0,0.0,0.0,85315.0
22.0,9.0,54540.0,8314.0,0.0,1.0,3.0,0.0,0.0,1.0,0.0,0.0,209.0,209.0,1.0,0.0,0.0,0.0,0.0,0.05,1.0,45121.0
11.0,9.0,45.0,111.0,0.0,0.0,80.0,0.0,0.0,1.0,0.0,0.01,255.0,255.0,1.0,0.0,0.0,0.0,0.0,0.0,0.0,100132.0
22.0,9.0,226.0,466.0,0.0,1.0,32.0,0.0,0.0,1.0,0.0,0.08,255.0,255.0,1.0,0.0,0.0,0.0,0.0,0.0,0.0,97234.0
22.0,9.0,333.0,2073.0,0.0,1.0,34.0,0.0,0.0,1.0,0.0,0.0,255.0,255.0,1.0,0.0,0.0,0.0,0.0,0.0,0.0,74902.0
22.0,9.0,241.0,346.0,0.0,1.0,2.0,0.0,0.0,1.0,0.0,0.22,21.0,255.0,1.0,0.0,0.03,0.0,0.0,0.0,0.0,18571.0
22.0,9.0,208.0,2181.0,0.0,1.0,5.0,0.0,0.0,1.0,0.0,0.3,5.0,255.0,1.0,0.0,0.02,0.0,0.0,0.0,0.0,4264.0
11.0,9.0,46.0,46.0,0.0,0.0,78.0,0.0,0.0,1.0,0.0,0.01,255.0,249.0,0.98,0.01,0.0,0.0,0.0,0.0,0.0,93550.0
40.0,9.0,145.0,105.0,0.0,0.0,1.0,0.0,0.0,1.0,0.0,0.0,255.0,1.0,0.0,0.62,0.0,0.0,0.0,0.0,0.0,66821.0
22.0,1.0,0.0,0.0,0.0,0.0,1.0,0.0,0.0,1.0,0.0,0.0,1.0,192.0,1.0,0.0,0.17,0.0,0.0,1.0,0.0,58879.0
44.0,9.0,105.0,147.0,0.0,0.0,7.0,0.0,0.0,0.14,0.29,0.0,255.0,230.0,0.9,0.01,0.0,0.0,0.0,0.0,0.0,74099.0
22.0,1.0,0.0,0.0,0.0,0.0,1.0,0.0,0.0,1.0,0.0,0.0,219.0,181.0,0.83,0.02,0.0,0.0,0.0,1.0,0.0,52072.0
22.0,9.0,219.0,1283.0,0.0,1.0,8.0,0.0,0.0,1.0,0.0,0.07,44.0,255.0,1.0,0.0,0.02,0.0,0.0,0.0,0.0,24805.0
19.0,9.0,2194619.0,0.0,0.0,1.0,2.0,0.0,0.0,1.0,0.0,0.0,200.0,78.0,0.39,0.05,0.0,0.0,0.01,0.0,0.0,32521.0
22.0,9.0,247.0,700.0,0.0,1.0,21.0,0.0,0.0,1.0,0.0,0.0,255.0,255.0,1.0,0.0,0.0,0.0,0.0,0.0,0.0,107334.0
19.0,9.0,12983.0,0.0,0.0,0.0,3.0,0.0,0.0,0.67,0.67,0.0,36.0,75.0,0.47,0.11,0.03,0.0,0.0,0.0,0.0,43025.0
22.0,9.0,283.0,9533.0,0.0,1.0,1.0,0.0,0.0,1.0,0.0,1.0,43.0,255.0,1.0,0.0,0.03,0.0,0.0,0.0,0.0,80903.0
22.0,9.0,141.0,9920.0,0.0,1.0,1.0,0.0,0.0,1.0,0.0,0.0,60.0,97.0,1.0,0.0,0.02,0.0,0.0,0.0,0.0,73884.0
22.0,9.0,215.0,597.0,0.0,1.0,29.0,0.0,0.0,1.0,0.0,0.04,29.0,255.0,1.0,0.0,0.02,0.0,0.0,0.0,0.0,2530.0
22.0,9.0,178.0,12521.0,0.0,1.0,3.0,0.0,0.0,1.0,0.0,0.0,3.0,255.0,1.0,0.0,0.07,0.0,0.0,0.0,0.0,81723.0
22.0,9.0,349.0,1437.0,0.0,1.0,12.0,0.0,0.0,1.0,0.0,0.0,29.0,255.0,1.0,0.0,0.04,0.0,0.0,0.0,0.0,121902.0
11.0,9.0,45.0,136.0,0.0,0.0,75.0,0.0,0.0,1.0,0.0,0.01,255.0,254.0,1.0,0.01,0.0,0.0,0.0,0.0,0.0,17271.0
22.0,9.0,206.0,8773.0,0.0,1.0,15.0,0.0,0.0,1.0,0.0,0.0,104.0,255.0,1.0,0.0,0.04,0.0,0.0,0.0,0.0,95343.0
49.0,9.0,3170.0,328.0,0.0,1.0,1.0,0.0,0.0,1.0,0.0,1.0,254.0,187.0,0.74,0.02,0.0,0.0,0.0,0.0,0.0,90984.0
22.0,9.0,304.0,1380.0,0.0,1.0,1.0,0.0,0.0,1.0,0.0,0.29,13.0,12.0,0.92,0.15,0.0,0.0,0.0,0.0,0.0,61111.0
22.0,9.0,361.0,1264.0,0.0,1.0,1.0,0.0,0.0,1.0,0.0,0.0,1.0,255.0,1.0,0.0,0.02,0.0,0.0,0.0,0.0,19433.0
40.0,9.0,146.0,105.0,0.0,0.0,1.0,0.0,0.0,1.0,0.0,0.0,255.0,1.0,0.0,0.86,0.0,0.0,0.0,0.0,0.0,26712.0
19.0,9.0,1363.0,0.0,0.0,1.0,11.0,0.0,0.0,1.0,0.0,0.17,31.0,56.0,0.55,0.1,0.05,0.0,0.0,0.0,0.0,19033.0
11.0,9.0,45.0,79.0,0.0,0.0,137.0,0.0,0.0,1.0,0.0,0.02,255.0,226.0,0.89,0.01,0.0,0.0,0.0,0.0,0.0,107562.0
11.0,9.0,29.0,89.0,0.0,0.0,1.0,0.0,0.0,1.0,0.0,1.0,255.0,249.0,0.98,0.01,0.0,0.0,0.0,0.0,0.0,34358.0
11.0,9.0,44.0,130.0,0.0,0.0,80.0,0.0,0.0,0.99,0.03,0.01,255.0,202.0,0.79,0.02,0.0,0.0,0.0,0.0,0.0,65391.0
22.0,9.0,284.0,1108.0,0.0,1.0,3.0,0.0,0.0,1.0,0.0,0.29,163.0,255.0,1.0,0.0,0.02,0.0,0.0,0.0,0.0,10266.0
22.0,9.0,285.0,671.0,0.0,1.0,9.0,0.0,0.0,1.0,0.0,0.0,113.0,255.0,1.0,0.0,0.02,0.0,0.0,0.0,0.0,41755.0
58.0,9.0,181.0,0.0,0.0,0.0,3.0,0.0,0.0,0.67,0.67,0.0,255.0,93.0,0.36,0.01,0.0,0.0,0.0,0.0,0.0,72.0
22.0,9.0,213.0,1598.0,0.0,1.0,14.0,0.07,0.07,1.0,0.0,0.0,122.0,255.0,1.0,0.0,0.02,0.01,0.01,0.0,0.0,93977.0
22.0,9.0,230.0,1385.0,0.0,1.0,5.0,0.2,0.2,1.0,0.0,0.0,255.0,255.0,1.0,0.0,0.0,0.0,0.0,0.0,0.0,99370.0
22.0,1.0,0.0,0.0,0.0,0.0,1.0,0.0,0.0,1.0,0.0,1.0,16.0,254.0,1.0,0.0,0.22,0.0,0.01,0.91,0.0,42994.0
40.0,9.0,35195.0,0.0,0.0,1.0,24.0,0.04,0.0,0.04,0.46,0.0,176.0,1.0,0.01,0.08,0.0,0.01,0.0,0.0,0.0,18163.0
22.0,9.0,288.0,1865.0,0.0,1.0,11.0,0.0,0.0,1.0,0.0,0.0,255.0,255.0,1.0,0.0,0.0,0.0,0.0,0.0,0.0,65903.0
11.0,9.0,42.0,92.0,0.0,0.0,1.0,0.0,0.0,1.0,0.0,0.0,19.0,194.0,1.0,0.0,0.01,0.0,0.0,0.0,0.0,22255.0
49.0,9.0,1337.0,490.0,0.0,1.0,1.0,0.0,0.0,1.0,0.0,1.0,78.0,185.0,0.71,0.05,0.01,0.0,0.01,0.0,0.0,50647.0
22.0,9.0,363.0,2690.0,0.0,1.0,1.0,0.0,0.0,1.0,0.0,0.0,12.0,255.0,1.0,0.0,0.1,0.0,0.0,0.0,0.0,20516.0
22.0,9.0,220.0,308.0,0.0,1.0,12.0,0.0,0.0,1.0,0.0,0.15,70.0,255.0,1.0,0.0,0.02,0.0,0.0,0.0,0.0,113435.0
49.0,9.0,920.0,334.0,0.0,1.0,1.0,0.0,0.0,1.0,0.0,0.0,95.0,191.0,0.66,0.05,0.01,0.0,0.0,0.0,0.0,33597.0
22.0,9.0,223.0,1227.0,0.0,1.0,5.0,0.2,0.2,1.0,0.0,0.0,226.0,226.0,1.0,0.0,0.0,0.01,0.01,0.0,0.0,91238.0
22.0,9.0,235.0,406.0,0.0,1.0,6.0,0.0,0.0,1.0,0.0,0.0,255.0,255.0,1.0,0.0,0.0,0.0,0.0,0.0,0.0,92367.0
22.0,9.0,268.0,282.0,0.0,1.0,11.0,0.0,0.0,1.0,0.0,0.0,255.0,233.0,0.91,0.02,0.0,0.01,0.01,0.0,0.0,124676.0
40.0,9.0,516.0,4.0,0.0,0.0,272.0,0.0,0.0,1.0,0.0,0.0,255.0,255.0,1.0,0.0,0.0,0.0,0.0,0.0,0.0,59643.0
22.0,1.0,0.0,0.0,0.0,0.0,15.0,0.0,0.0,1.0,0.0,0.0,15.0,255.0,1.0,0.0,0.01,0.0,0.0,0.05,0.0,56715.0
49.0,9.0,792.0,334.0,0.0,1.0,1.0,0.0,0.0,1.0,0.0,0.0,4.0,134.0,0.5,0.5,0.01,0.0,0.0,0.0,0.0,56713.0
22.0,9.0,216.0,426.0,0.0,1.0,19.0,0.0,0.0,1.0,0.0,0.0,255.0,255.0,1.0,0.0,0.0,0.0,0.0,0.0,0.0,106766.0
22.0,6.0,306.0,89060.0,0.0,1.0,1.0,1.0,1.0,1.0,0.0,0.0,81.0,255.0,1.0,0.0,0.03,0.01,0.01,0.0,0.0,112600.0
56.0,5.0,0.0,0.0,0.0,0.0,2.0,0.5,0.5,1.0,0.0,0.0,19.0,19.0,1.0,0.0,0.0,0.16,0.16,0.0,0.0,73958.0
22.0,9.0,197.0,27919.0,0.0,1.0,7.0,0.0,0.0,1.0,0.0,0.0,164.0,255.0,1.0,0.0,0.02,0.0,0.0,0.0,0.0,23929.0
22.0,9.0,225.0,1709.0,0.0,1.0,2.0,0.0,0.0,1.0,0.0,0.0,112.0,255.0,1.0,0.0,0.02,0.0,0.0,0.0,0.0,111740.0
49.0,9.0,944.0,329.0,0.0,1.0,1.0,0.0,0.0,1.0,0.0,0.0,235.0,95.0,0.35,0.03,0.02,0.01,0.02,0.0,0.0,69467.0
40.0,9.0,147.0,105.0,0.0,0.0,1.0,0.0,0.0,1.0,0.0,0.0,255.0,1.0,0.0,0.76,0.0,0.0,0.0,0.0,0.0,114136.0
19.0,9.0,7045.0,0.0,0.0,1.0,2.0,0.0,0.0,1.0,0.0,0.0,6.0,17.0,1.0,0.0,0.12,0.0,0.0,0.0,1.0,100421.0
22.0,9.0,281.0,1745.0,0.0,1.0,2.0,0.0,0.0,1.0,0.0,0.0,39.0,255.0,1.0,0.0,0.07,0.0,0.0,0.0,0.0,545.0
49.0,9.0,688.0,324.0,0.0,1.0,1.0,0.0,0.0,1.0,0.0,0.0,45.0,195.0,0.84,0.07,0.02,0.0,0.0,0.06,0.0,56831.0
22.0,9.0,328.0,868.0,0.0,1.0,7.0,0.0,0.0,1.0,0.0,0.33,255.0,255.0,1.0,0.0,0.0,0.0,0.0,0.0,0.0,98811.0
22.0,9.0,218.0,35811.0,0.0,1.0,5.0,0.0,0.0,1.0,0.0,0.0,255.0,255.0,1.0,0.0,0.0,0.0,0.0,0.0,0.0,29989.0
22.0,9.0,251.0,11485.0,0.0,1.0,25.0,0.0,0.0,1.0,0.0,0.0,255.0,255.0,1.0,0.0,0.0,0.0,0.0,0.0,0.0,37778.0
22.0,9.0,233.0,297.0,0.0,1.0,5.0,0.0,0.0,1.0,0.0,0.0,82.0,255.0,1.0,0.0,0.02,0.0,0.0,0.0,0.0,72136.0
22.0,9.0,261.0,5759.0,0.0,1.0,1.0,0.0,0.0,1.0,0.0,0.0,255.0,249.0,0.98,0.01,0.0,0.0,0.0,0.0,0.0,94294.0
22.0,9.0,324.0,1187.0,0.0,1.0,21.0,0.0,0.0,1.0,0.0,0.09,255.0,255.0,1.0,0.0,0.0,0.0,0.0,0.0,0.0,39402.0
22.0,9.0,311.0,1151.0,0.0,1.0,55.0,0.0,0.0,1.0,0.0,0.0,148.0,255.0,1.0,0.0,0.02,0.0,0.0,0.0,0.0,36229.0
22.0,9.0,243.0,12922.0,0.0,1.0,12.0,0.08,0.08,1.0,0.0,0.0,255.0,255.0,1.0,0.0,0.0,0.0,0.0,0.0,0.0,51754.0
22.0,9.0,221.0,311.0,0.0,1.0,8.0,0.0,0.0,1.0,0.0,0.21,98.0,255.0,1.0,0.0,0.04,0.0,0.0,0.0,0.0,74578.0
22.0,9.0,245.0,2096.0,0.0,1.0,7.0,0.0,0.0,1.0,0.0,0.29,255.0,255.0,1.0,0.0,0.0,0.0,0.0,0.0,0.0,110792.0
22.0,9.0,308.0,1412.0,0.0,1.0,4.0,0.0,0.0,1.0,0.0,0.0,191.0,255.0,1.0,0.0,0.03,0.0,0.0,0.0,0.0,14861.0
44.0,9.0,105.0,147.0,0.0,0.0,10.0,0.0,0.0,0.1,0.2,0.0,255.0,234.0,0.92,0.01,0.0,0.0,0.0,0.0,0.0,92196.0
22.0,9.0,204.0,56215.0,0.0,1.0,2.0,0.0,0.0,1.0,0.0,0.03,26.0,255.0,1.0,0.0,0.04,0.0,0.0,0.0,0.0,113761.0
22.0,9.0,259.0,414.0,0.0,1.0,1.0,0.0,0.0,1.0,0.0,0.0,7.0,255.0,1.0,0.0,0.06,0.0,0.0,0.0,0.0,114251.0
22.0,9.0,165.0,17500.0,0.0,1.0,1.0,0.0,0.0,1.0,0.0,0.0,255.0,255.0,1.0,0.0,0.0,0.0,0.0,0.0,0.0,99157.0
49.0,9.0,1049.0,325.0,0.0,1.0,1.0,0.0,0.0,1.0,0.0,0.0,108.0,73.0,0.68,0.03,0.0,0.0,0.0,0.0,0.0,54803.0
22.0,9.0,248.0,6356.0,0.0,1.0,7.0,0.0,0.0,1.0,0.0,0.0,255.0,255.0,1.0,0.0,0.0,0.0,0.0,0.0,0.0,15380.0
22.0,9.0,236.0,734.0,0.0,1.0,21.0,0.0,0.0,1.0,0.0,0.0,86.0,136.0,1.0,0.0,0.05,0.0,0.0,0.0,0.0,60355.0
11.0,9.0,42.0,42.0,0.0,0.0,2.0,0.0,0.0,1.0,0.0,0.67,41.0,38.0,0.93,0.07,0.0,0.0,0.0,0.0,0.0,13465.0
22.0,9.0,323.0,3411.0,0.0,1.0,13.0,0.0,0.0,1.0,0.0,0.18,70.0,255.0,1.0,0.0,0.05,0.0,0.0,0.0,0.0,49870.0
17.0,9.0,10.0,224.0,0.0,0.0,1.0,0.0,0.0,1.0,0.0,0.0,152.0,6.0,0.04,0.02,0.0,0.0,0.0,0.0,0.0,108095.0
22.0,9.0,233.0,1075.0,0.0,1.0,4.0,0.25,0.25,1.0,0.0,0.0,255.0,248.0,0.97,0.01,0.0,0.0,0.0,0.0,0.0,63737.0
49.0,9.0,1364.0,334.0,0.0,1.0,1.0,0.0,0.0,1.0,0.0,0.0,127.0,145.0,0.5,0.03,0.01,0.0,0.0,0.0,0.0,17697.0
40.0,9.0,35195.0,0.0,0.0,1.0,19.0,0.05,0.0,0.05,0.32,0.0,237.0,1.0,0.0,0.05,0.0,0.02,0.0,0.0,0.0,6131.0
22.0,9.0,221.0,863.0,0.0,1.0,5.0,0.0,0.0,1.0,0.0,0.18,5.0,255.0,1.0,0.0,0.01,0.0,0.0,0.0,0.0,58845.0
22.0,9.0,206.0,771.0,0.0,1.0,9.0,0.0,0.0,1.0,0.0,0.2,255.0,255.0,1.0,0.0,0.0,0.0,0.0,0.0,0.0,105759.0
22.0,9.0,201.0,1570.0,0.0,1.0,12.0,0.0,0.0,1.0,0.0,0.0,85.0,85.0,1.0,0.0,0.0,0.0,0.0,0.0,0.0,13695.0
22.0,9.0,224.0,279.0,0.0,1.0,2.0,0.0,0.0,1.0,0.0,0.44,150.0,255.0,1.0,0.0,0.04,0.0,0.0,0.0,0.0,19713.0
40.0,9.0,516.0,4.0,0.0,0.0,144.0,0.0,0.0,1.0,0.0,0.0,144.0,144.0,1.0,0.0,0.0,0.0,0.0,0.0,0.0,29011.0
40.0,9.0,6601.0,0.0,0.0,1.0,19.0,0.05,0.0,0.05,0.26,0.0,201.0,1.0,0.0,0.1,0.0,0.02,0.0,0.0,0.0,99815.0
22.0,9.0,202.0,693.0,0.0,1.0,7.0,0.0,0.0,1.0,0.0,0.0,7.0,255.0,1.0,0.0,0.05,0.0,0.0,0.0,0.0,35141.0
11.0,9.0,43.0,69.0,0.0,0.0,133.0,0.0,0.0,1.0,0.0,0.0,255.0,182.0,0.71,0.01,0.0,0.0,0.0,0.0,0.0,16396.0
22.0,9.0,306.0,1072.0,0.0,1.0,6.0,0.0,0.04,1.0,0.0,0.28,255.0,255.0,1.0,0.0,0.0,0.0,0.0,0.0,0.0,4411.0
22.0,9.0,288.0,352.0,0.0,1.0,14.0,0.0,0.0,1.0,0.0,0.0,14.0,255.0,1.0,0.0,0.03,0.0,0.0,0.0,0.0,89374.0
22.0,9.0,305.0,260.0,0.0,1.0,1.0,0.0,0.0,1.0,0.0,0.0,255.0,249.0,0.98,0.01,0.0,0.0,0.0,0.04,0.0,59851.0
11.0,9.0,46.0,46.0,0.0,0.0,239.0,0.0,0.0,1.0,0.0,0.0,255.0,255.0,1.0,0.0,0.0,0.0,0.0,0.0,0.0,86466.0
19.0,9.0,1690.0,0.0,0.0,1.0,6.0,0.0,0.0,1.0,0.0,0.0,63.0,12.0,0.19,0.1,0.0,0.0,0.0,0.0,0.0,121886.0
22.0,1.0,0.0,0.0,0.0,0.0,1.0,0.0,0.0,1.0,0.0,0.0,5.0,247.0,1.0,0.0,0.01,0.0,0.0,0.03,0.0,43051.0
22.0,9.0,236.0,2698.0,0.0,1.0,2.0,0.0,0.0,1.0,0.0,0.0,255.0,245.0,0.96,0.02,0.0,0.0,0.0,0.0,0.0,28828.0
11.0,9.0,35.0,100.0,0.0,0.0,2.0,0.0,0.0,1.0,0.0,0.67,83.0,62.0,0.75,0.05,0.0,0.0,0.0,0.0,0.0,122425.0
49.0,9.0,1192.0,328.0,0.0,1.0,5.0,0.0,0.0,0.2,0.6,0.67,255.0,36.0,0.14,0.48,0.0,0.0,0.0,0.0,0.0,102276.0
22.0,9.0,359.0,8046.0,0.0,1.0,10.0,0.0,0.0,1.0,0.0,0.0,199.0,255.0,1.0,0.0,0.01,0.0,0.0,0.0,0.0,70957.0
19.0,9.0,192.0,0.0,0.0,1.0,2.0,0.0,0.0,1.0,0.0,0.67,32.0,10.0,0.12,0.09,0.2,0.0,0.0,0.0,0.0,51653.0
22.0,9.0,181.0,470.0,0.0,1.0,3.0,0.0,0.0,1.0,0.0,0.5,36.0,255.0,1.0,0.0,0.03,0.0,0.0,0.0,0.0,64720.0
22.0,9.0,292.0,1060.0,0.0,1.0,23.0,0.0,0.0,1.0,0.0,0.0,54.0,255.0,1.0,0.0,0.01,0.0,0.0,0.0,0.0,57316.0
22.0,9.0,331.0,9207.0,0.0,1.0,1.0,0.0,0.0,1.0,0.0,0.0,25.0,85.0,1.0,0.0,0.05,0.0,0.0,0.0,0.0,3954.0
19.0,9.0,2194619.0,0.0,0.0,1.0,2.0,0.0,0.0,1.0,0.0,0.0,135.0,86.0,0.18,0.02,0.02,0.0,0.0,0.0,0.0,46522.0
40.0,9.0,146.0,105.0,0.0,0.0,1.0,0.0,0.0,1.0,0.0,0.0,255.0,1.0,0.0,0.79,0.0,0.0,0.0,0.0,0.0,116433.0
11.0,9.0,44.0,113.0,0.0,0.0,1.0,0.0,0.0,1.0,0.0,1.0,206.0,187.0,0.91,0.01,0.0,0.0,0.0,0.0,0.0,92884.0
3.0,9.0,14.0,41.0,0.0,1.0,1.0,0.0,0.0,1.0,0.0,0.0,82.0,2.0,0.01,0.06,1.0,0.0,0.0,0.0,0.0,80732.0
19.0,9.0,252.0,0.0,0.0,1.0,1.0,0.0,0.0,1.0,0.0,0.0,18.0,95.0,0.61,0.11,0.02,0.0,0.0,0.0,0.0,3006.0
22.0,1.0,0.0,0.0,0.0,0.0,1.0,0.0,0.0,1.0,0.0,1.0,29.0,255.0,1.0,0.0,0.13,0.0,0.0,0.99,0.0,23414.0
19.0,9.0,3775.0,0.0,0.0,1.0,24.0,0.0,0.0,1.0,0.0,0.0,255.0,69.0,0.27,0.03,0.0,0.0,0.0,0.0,0.0,124390.0
22.0,9.0,236.0,696.0,0.0,1.0,27.0,0.0,0.0,1.0,0.0,0.0,73.0,255.0,1.0,0.0,0.02,0.0,0.04,0.0,0.0,35608.0
22.0,9.0,351.0,2999.0,0.0,1.0,1.0,0.0,0.0,1.0,0.0,0.25,27.0,255.0,1.0,0.0,0.04,0.0,0.0,0.0,0.0,75471.0
22.0,9.0,226.0,150.0,0.0,1.0,1.0,0.0,0.0,1.0,0.0,0.0,255.0,255.0,1.0,0.0,0.0,0.0,0.0,0.0,0.0,55825.0
11.0,9.0,44.0,74.0,0.0,0.0,70.0,0.0,0.0,1.0,0.0,0.01,255.0,254.0,1.0,0.01,0.0,0.0,0.0,0.0,0.0,62068.0
11.0,9.0,44.0,80.0,0.0,0.0,184.0,0.0,0.0,1.0,0.0,0.0,255.0,254.0,1.0,0.01,0.0,0.0,0.0,0.0,0.0,26122.0
22.0,9.0,237.0,9308.0,0.0,1.0,1.0,0.0,0.0,1.0,0.0,0.4,1.0,255.0,1.0,0.0,0.04,0.0,0.0,0.0,0.0,57266.0
11.0,9.0,45.0,73.0,0.0,0.0,264.0,0.0,0.0,1.0,0.0,0.01,255.0,222.0,0.87,0.01,0.0,0.0,0.0,0.0,0.0,119929.0
22.0,1.0,0.0,0.0,0.0,0.0,1.0,0.0,0.0,1.0,0.0,0.0,2.0,255.0,1.0,0.0,0.05,0.0,0.0,0.02,0.0,53175.0
49.0,9.0,1305.0,326.0,0.0,1.0,1.0,0.0,0.0,1.0,0.0,0.0,255.0,138.0,0.54,0.06,0.0,0.02,0.02,0.0,0.0,74070.0
22.0,9.0,289.0,761.0,0.0,1.0,2.0,0.0,0.0,1.0,0.0,0.29,174.0,255.0,1.0,0.0,0.01,0.0,0.0,0.0,0.0,16794.0
22.0,9.0,204.0,682.0,0.0,1.0,38.0,0.0,0.0,1.0,0.0,0.08,255.0,255.0,1.0,0.0,0.0,0.0,0.0,0.0,0.0,37849.0
49.0,9.0,2091.0,330.0,0.0,1.0,1.0,0.0,0.0,1.0,0.0,0.0,85.0,148.0,0.58,0.05,0.01,0.0,0.0,0.0,0.0,57288.0
22.0,9.0,315.0,812.0,0.0,1.0,11.0,0.0,0.0,1.0,0.0,0.0,151.0,255.0,1.0,0.0,0.01,0.0,0.0,0.05,0.0,86715.0
49.0,6.0,0.0,0.0,0.0,0.0,1.0,1.0,1.0,1.0,0.0,0.0,90.0,146.0,0.81,0.03,0.01,0.09,0.03,0.0,0.0,8929.0
49.0,9.0,1225.0,339.0,0.0,1.0,1.0,0.0,0.0,1.0,0.0,0.0,162.0,149.0,0.65,0.03,0.01,0.0,0.0,0.07,0.0,83644.0
22.0,9.0,248.0,1680.0,0.0,1.0,3.0,0.0,0.0,1.0,0.0,0.0,119.0,255.0,1.0,0.0,0.02,0.0,0.0,0.0,0.0,80632.0
22.0,9.0,252.0,1597.0,0.0,1.0,5.0,0.0,0.0,1.0,0.0,0.0,255.0,239.0,0.94,0.02,0.0,0.0,0.0,0.0,0.0,38020.0
22.0,1.0,0.0,0.0,0.0,0.0,1.0,0.0,0.0,1.0,0.0,1.0,9.0,152.0,1.0,0.0,0.15,0.0,0.0,0.93,0.0,73723.0
22.0,9.0,230.0,10597.0,0.0,1.0,4.0,0.0,0.0,1.0,0.0,0.0,67.0,255.0,1.0,0.0,0.02,0.0,0.0,0.0,0.0,92054.0
22.0,9.0,233.0,560.0,0.0,1.0,4.0,0.25,0.25,1.0,0.0,0.0,4.0,14.0,1.0,0.0,0.21,0.25,0.07,0.0,0.0,90136.0
40.0,9.0,146.0,105.0,0.0,0.0,1.0,0.0,0.0,1.0,0.0,0.0,94.0,1.0,0.01,0.71,0.0,0.0,0.0,0.0,0.0,69951.0
22.0,1.0,0.0,0.0,0.0,0.0,1.0,0.0,0.0,1.0,0.0,0.0,92.0,255.0,1.0,0.0,0.15,0.0,0.0,1.0,0.0,76028.0
22.0,9.0,212.0,774.0,0.0,1.0,19.0,0.0,0.0,1.0,0.0,0.06,19.0,255.0,1.0,0.0,0.01,0.0,0.0,0.0,0.0,84616.0
22.0,9.0,347.0,623.0,0.0,1.0,9.0,0.0,0.0,1.0,0.0,0.0,43.0,255.0,1.0,0.0,0.05,0.0,0.0,0.0,0.0,55497.0
22.0,9.0,218.0,7956.0,0.0,1.0,2.0,0.0,0.0,1.0,0.0,0.67,22.0,255.0,1.0,0.0,0.06,0.0,0.0,0.0,0.0,108371.0
22.0,9.0,233.0,7501.0,0.0,1.0,14.0,0.0,0.0,1.0,0.0,0.0,27.0,255.0,1.0,0.0,0.03,0.0,0.0,0.0,0.0,45277.0
19.0,9.0,832.0,0.0,0.0,1.0,1.0,0.0,0.0,1.0,0.0,0.0,10.0,10.0,1.0,0.0,0.0,0.0,0.0,0.0,1.0,62395.0
40.0,9.0,146.0,0.0,0.0,0.0,3.0,0.0,0.0,0.33,0.67,0.0,255.0,1.0,0.0,0.56,0.0,0.0,0.0,0.0,0.0,111412.0
40.0,9.0,146.0,105.0,0.0,0.0,1.0,0.0,0.0,1.0,0.0,0.0,255.0,1.0,0.0,0.64,0.0,0.0,0.0,0.0,0.0,77075.0
18.0,9.0,1142.0,2445.0,0.0,1.0,1.0,0.0,0.0,1.0,0.0,0.0,255.0,84.0,0.33,0.02,0.0,0.0,0.0,0.0,1.0,51916.0
42.0,9.0,35.0,130.0,0.0,1.0,1.0,0.0,0.0,1.0,0.0,0.0,3.0,3.0,0.33,1.0,0.67,0.0,0.0,0.0,0.0,85096.0
22.0,9.0,309.0,7363.0,0.0,1.0,24.0,0.0,0.0,1.0,0.0,0.1,24.0,255.0,1.0,0.0,0.02,0.0,0.0,0.0,0.0,107942.0
18.0,9.0,1535.0,4152.0,0.0,1.0,1.0,0.0,0.0,1.0,0.0,0.0,128.0,28.0,0.22,0.05,0.0,0.0,0.0,0.0,0.0,55198.0
22.0,9.0,288.0,1310.0,0.0,1.0,2.0,0.0,0.0,1.0,0.0,0.0,5.0,255.0,1.0,0.0,0.02,0.0,0.0,0.0,0.0,71918.0
11.0,9.0,45.0,111.0,0.0,0.0,65.0,0.0,0.0,1.0,0.0,0.01,255.0,204.0,0.8,0.01,0.0,0.0,0.0,0.0,0.0,110842.0
22.0,9.0,330.0,849.0,0.0,1.0,6.0,0.0,0.0,1.0,0.0,0.29,255.0,255.0,1.0,0.0,0.0,0.0,0.0,0.0,0.0,39504.0
22.0,9.0,315.0,2603.0,0.0,1.0,17.0,0.0,0.0,1.0,0.0,0.09,255.0,255.0,1.0,0.0,0.0,0.0,0.0,0.0,0.0,89877.0
19.0,9.0,192.0,0.0,0.0,0.0,1.0,0.0,0.0,1.0,0.0,0.0,148.0,36.0,0.24,0.03,0.0,0.0,0.0,0.0,0.0,71245.0
22.0,6.0,209.0,21900.0,0.0,1.0,3.0,0.33,0.1,1.0,0.0,0.3,3.0,255.0,1.0,0.0,0.07,0.33,0.01,0.0,0.0,113191.0
22.0,9.0,302.0,18308.0,0.0,1.0,2.0,0.0,0.0,1.0,0.0,0.0,127.0,255.0,1.0,0.0,0.01,0.0,0.0,0.0,0.0,9570.0
19.0,9.0,10389.0,0.0,0.0,1.0,4.0,0.0,0.0,1.0,0.0,0.0,160.0,65.0,0.22,0.02,0.03,0.0,0.0,0.0,0.0,121653.0
18.0,9.0,1497.0,4152.0,0.0,1.0,2.0,0.0,0.0,0.5,1.0,0.0,40.0,9.0,0.22,0.15,0.0,0.0,0.0,0.0,0.0,86748.0
49.0,9.0,1325.0,335.0,0.0,1.0,1.0,0.0,0.0,1.0,0.0,1.0,95.0,241.0,0.96,0.02,0.01,0.0,0.0,0.0,0.0,84438.0
56.0,9.0,0.0,4.0,0.0,0.0,1.0,0.0,0.0,1.0,0.0,0.0,25.0,25.0,1.0,0.0,0.0,0.12,0.12,0.0,0.0,64464.0
18.0,9.0,334.0,1063.0,0.0,1.0,1.0,0.0,0.0,1.0,0.0,0.0,151.0,6.0,0.04,0.03,0.0,0.0,0.0,0.0,0.0,34100.0
11.0,9.0,43.0,69.0,0.0,0.0,153.0,0.0,0.0,1.0,0.0,0.0,255.0,254.0,1.0,0.01,0.0,0.0,0.0,0.0,0.0,22307.0
19.0,9.0,259.0,0.0,0.0,1.0,2.0,0.0,0.0,1.0,0.0,0.0,63.0,9.0,0.06,0.08,0.22,0.0,0.0,0.0,0.0,44342.0
22.0,9.0,269.0,1588.0,0.0,1.0,4.0,0.0,0.0,1.0,0.0,0.29,65.0,255.0,1.0,0.0,0.02,0.0,0.0,0.0,0.0,88922.0
58.0,9.0,78.0,0.0,0.0,0.0,8.0,0.0,0.0,0.38,0.25,0.0,255.0,24.0,0.09,0.01,0.0,0.0,0.0,0.0,0.0,89048.0
22.0,9.0,291.0,1753.0,0.0,1.0,25.0,0.0,0.0,1.0,0.0,0.08,255.0,255.0,1.0,0.0,0.0,0.0,0.0,0.0,0.0,81449.0
22.0,9.0,200.0,2622.0,0.0,1.0,36.0,0.0,0.0,1.0,0.0,0.05,116.0,255.0,1.0,0.0,0.02,0.0,0.0,0.0,0.0,11380.0
19.0,9.0,8766.0,0.0,0.0,1.0,4.0,0.0,0.0,1.0,0.0,0.33,205.0,10.0,0.05,0.02,0.0,0.0,0.0,0.0,0.0,18248.0
40.0,9.0,516.0,4.0,0.0,0.0,393.0,0.0,0.0,1.0,0.0,0.0,255.0,255.0,1.0,0.0,0.0,0.0,0.0,0.0,0.0,99954.0
40.0,9.0,145.0,105.0,0.0,0.0,4.0,0.0,0.0,0.5,0.5,0.0,255.0,2.0,0.01,0.47,0.0,0.0,0.0,0.0,0.0,117669.0
22.0,9.0,237.0,987.0,0.0,1.0,14.0,0.0,0.0,1.0,0.0,0.0,161.0,255.0,1.0,0.0,0.02,0.0,0.0,0.0,0.0,16786.0
22.0,9.0,219.0,3248.0,0.0,1.0,11.0,0.0,0.0,1.0,0.0,0.0,255.0,255.0,1.0,0.0,0.0,0.0,0.0,0.0,0.0,33405.0
22.0,9.0,219.0,7734.0,0.0,1.0,7.0,0.0,0.0,1.0,0.0,0.0,7.0,255.0,1.0,0.0,0.07,0.0,0.0,0.0,0.0,15977.0
11.0,9.0,41.0,128.0,0.0,0.0,70.0,0.0,0.0,1.0,0.0,0.01,255.0,236.0,0.93,0.01,0.0,0.0,0.0,0.0,0.0,28182.0
11.0,9.0,42.0,125.0,0.0,0.0,77.0,0.0,0.0,1.0,0.0,0.01,255.0,254.0,1.0,0.01,0.0,0.0,0.0,0.0,0.0,22748.0
11.0,9.0,33.0,87.0,0.0,0.0,1.0,0.0,0.0,1.0,0.0,1.0,255.0,251.0,0.98,0.01,0.0,0.0,0.0,0.0,0.0,42891.0
22.0,9.0,215.0,765.0,0.0,1.0,35.0,0.0,0.0,1.0,0.0,0.0,221.0,255.0,1.0,0.0,0.01,0.0,0.0,0.0,0.0,104973.0
22.0,9.0,289.0,18899.0,0.0,1.0,10.0,0.0,0.0,1.0,0.0,0.0,255.0,255.0,1.0,0.0,0.0,0.0,0.0,0.0,0.0,32267.0
22.0,9.0,248.0,12635.0,0.0,1.0,7.0,0.0,0.0,1.0,0.0,0.0,255.0,228.0,0.89,0.01,0.0,0.0,0.0,0.0,0.0,22737.0
22.0,9.0,167.0,3326.0,0.0,1.0,3.0,0.0,0.0,1.0,0.0,0.5,27.0,255.0,1.0,0.0,0.09,0.0,0.0,0.0,0.0,73204.0
22.0,9.0,345.0,1613.0,0.0,1.0,17.0,0.0,0.0,1.0,0.0,0.0,17.0,255.0,1.0,0.0,0.04,0.0,0.0,0.0,0.0,82711.0
22.0,9.0,285.0,10932.0,0.0,1.0,2.0,0.0,0.0,1.0,0.0,0.0,255.0,255.0,1.0,0.0,0.0,0.0,0.0,0.0,0.0,114465.0
22.0,9.0,309.0,1528.0,0.0,1.0,13.0,0.0,0.0,1.0,0.0,0.0,255.0,255.0,1.0,0.0,0.0,0.0,0.0,0.0,0.0,104416.0
49.0,9.0,655.0,326.0,0.0,1.0,1.0,0.0,0.0,1.0,0.0,0.0,165.0,91.0,0.55,0.04,0.0,0.0,0.0,0.0,0.0,100668.0
11.0,9.0,112.0,45.0,0.0,0.0,1.0,0.0,0.0,1.0,0.0,0.0,31.0,22.0,0.71,0.1,0.0,0.0,0.0,0.0,0.0,25475.0
22.0,9.0,333.0,280.0,0.0,1.0,6.0,0.0,0.0,1.0,0.0,0.0,255.0,255.0,1.0,0.0,0.0,0.0,0.0,0.0,0.0,104099.0
11.0,9.0,44.0,77.0,0.0,0.0,118.0,0.0,0.0,1.0,0.0,0.0,255.0,254.0,1.0,0.01,0.0,0.0,0.0,0.0,0.0,109794.0
22.0,9.0,226.0,1816.0,0.0,1.0,4.0,0.0,0.0,1.0,0.0,0.38,42.0,255.0,1.0,0.0,0.02,0.0,0.0,0.0,0.0,109205.0
49.0,9.0,1225.0,338.0,0.0,1.0,1.0,0.0,0.0,1.0,0.0,0.0,120.0,79.0,0.66,0.03,0.0,0.0,0.0,0.0,0.0,36200.0
22.0,9.0,258.0,263.0,0.0,1.0,7.0,0.0,0.0,1.0,0.0,0.0,244.0,255.0,1.0,0.0,0.01,0.01,0.01,0.0,0.0,60893.0
22.0,9.0,221.0,321.0,0.0,1.0,4.0,0.25,0.25,1.0,0.0,0.0,255.0,255.0,1.0,0.0,0.0,0.0,0.0,0.0,0.0,97268.0
22.0,9.0,303.0,2239.0,0.0,1.0,1.0,0.0,0.0,1.0,0.0,0.0,24.0,12.0,0.5,0.12,0.0,0.29,0.0,0.0,0.0,117596.0
22.0,9.0,308.0,935.0,0.0,1.0,18.0,0.0,0.0,1.0,0.0,0.0,255.0,255.0,1.0,0.0,0.0,0.0,0.0,0.01,0.0,27650.0
11.0,9.0,43.0,83.0,0.0,0.0,102.0,0.0,0.0,0.99,0.02,0.02,255.0,254.0,1.0,0.01,0.0,0.0,0.0,0.0,0.0,62939.0
22.0,9.0,219.0,296.0,0.0,1.0,9.0,0.0,0.0,1.0,0.0,0.17,255.0,255.0,1.0,0.0,0.0,0.0,0.0,0.0,0.0,11721.0
19.0,9.0,491.0,0.0,0.0,0.0,1.0,0.0,0.0,1.0,0.0,0.0,255.0,134.0,0.53,0.01,0.0,0.0,0.01,0.0,0.0,20467.0
22.0,9.0,166.0,20578.0,0.0,1.0,1.0,0.0,0.0,1.0,0.0,0.5,133.0,255.0,1.0,0.0,0.03,0.0,0.0,0.0,0.0,25415.0
11.0,9.0,43.0,43.0,0.0,0.0,267.0,0.0,0.0,1.0,0.01,0.01,255.0,246.0,0.96,0.01,0.0,0.0,0.0,0.0,0.0,91972.0
18.0,9.0,704.0,2070.0,0.0,1.0,1.0,0.0,0.0,1.0,0.0,0.0,100.0,31.0,0.31,0.07,0.0,0.0,0.0,0.0,0.0,1350.0
49.0,9.0,1132.0,331.0,0.0,1.0,1.0,0.0,0.0,1.0,0.0,0.0,64.0,206.0,0.86,0.06,0.01,0.0,0.0,0.05,0.0,6917.0
40.0,9.0,145.0,105.0,0.0,0.0,1.0,0.0,0.0,1.0,0.0,0.0,255.0,1.0,0.0,0.65,0.0,0.0,0.0,0.0,0.0,94340.0
22.0,1.0,0.0,0.0,0.0,0.0,1.0,0.0,0.0,1.0,0.0,0.0,14.0,255.0,1.0,0.0,0.04,0.0,0.0,0.54,0.0,40290.0
19.0,9.0,11.0,0.0,0.0,0.0,2.0,0.0,0.0,1.0,0.0,0.0,11.0,20.0,0.36,0.27,0.1,0.0,0.0,0.0,0.0,98099.0
19.0,9.0,383.0,0.0,0.0,1.0,2.0,0.0,0.0,1.0,0.0,0.0,139.0,79.0,0.57,0.03,0.0,0.01,0.0,0.0,0.0,120199.0
11.0,9.0,44.0,129.0,0.0,0.0,67.0,0.0,0.0,1.0,0.0,0.01,255.0,255.0,1.0,0.0,0.0,0.0,0.0,0.0,0.0,84727.0
11.0,9.0,33.0,95.0,0.0,0.0,90.0,0.0,0.0,1.0,0.0,0.0,255.0,168.0,0.66,0.01,0.0,0.0,0.0,0.0,0.0,38898.0
11.0,9.0,46.0,143.0,0.0,0.0,242.0,0.0,0.0,1.0,0.01,0.01,255.0,247.0,0.97,0.01,0.0,0.0,0.0,0.0,0.0,85917.0
22.0,9.0,238.0,8718.0,0.0,1.0,1.0,0.0,0.0,1.0,0.0,0.0,255.0,255.0,1.0,0.0,0.0,0.0,0.0,0.0,0.0,100280.0
49.0,9.0,123.0,234.0,0.0,1.0,1.0,0.0,0.0,1.0,0.0,0.0,100.0,88.0,0.29,0.71,0.02,0.0,0.0,0.0,0.0,46327.0
11.0,9.0,45.0,74.0,0.0,0.0,157.0,0.0,0.0,1.0,0.0,0.0,255.0,255.0,1.0,0.0,0.0,0.0,0.0,0.0,0.0,87400.0
22.0,9.0,324.0,4857.0,0.0,1.0,2.0,0.0,0.0,1.0,0.0,0.0,10.0,255.0,1.0,0.0,0.03,0.0,0.0,0.0,0.0,46242.0
11.0,9.0,45.0,111.0,0.0,0.0,38.0,0.0,0.0,1.0,0.0,0.02,255.0,202.0,0.79,0.02,0.0,0.0,0.0,0.0,0.0,9857.0
22.0,9.0,209.0,616.0,0.0,1.0,6.0,0.0,0.0,1.0,0.0,0.0,49.0,255.0,1.0,0.0,0.02,0.0,0.0,0.0,0.0,71218.0
49.0,9.0,1464.0,328.0,0.0,1.0,1.0,0.0,0.0,1.0,0.0,0.0,149.0,119.0,0.49,0.04,0.02,0.0,0.0,0.0,0.0,36241.0
11.0,9.0,91.0,0.0,0.0,0.0,1.0,0.0,0.0,1.0,0.0,0.0,17.0,13.0,0.76,0.12,0.0,0.0,0.0,0.0,0.0,12702.0
49.0,9.0,2546.0,388.0,0.0,1.0,1.0,0.0,0.0,1.0,0.0,0.0,255.0,3.0,0.01,0.02,0.0,0.98,0.0,0.0,0.0,4378.0
49.0,9.0,703.0,328.0,0.0,1.0,1.0,0.0,0.0,1.0,0.0,0.0,255.0,19.0,0.07,0.54,0.0,0.0,0.0,0.0,0.0,28742.0
22.0,9.0,203.0,6356.0,0.0,1.0,3.0,0.0,0.14,1.0,0.0,0.43,255.0,255.0,1.0,0.0,0.0,0.0,0.0,0.0,0.0,35080.0
22.0,9.0,239.0,3567.0,0.0,1.0,3.0,0.0,0.0,1.0,0.0,0.5,255.0,255.0,1.0,0.0,0.0,0.0,0.0,0.0,0.0,61467.0
22.0,9.0,206.0,334.0,0.0,1.0,55.0,0.0,0.0,1.0,0.0,0.0,56.0,255.0,1.0,0.0,0.03,0.0,0.0,0.0,0.0,11381.0
19.0,9.0,6601.0,0.0,0.0,0.0,19.0,0.0,0.0,1.0,0.0,0.0,31.0,107.0,0.81,0.13,0.02,0.0,0.0,0.0,0.0,47333.0
18.0,9.0,282.0,903.0,0.0,1.0,1.0,0.0,0.0,1.0,0.0,0.0,167.0,32.0,0.19,0.43,0.0,0.0,0.0,0.03,0.0,75154.0
44.0,9.0,105.0,147.0,0.0,0.0,7.0,0.0,0.0,0.14,0.29,0.0,255.0,232.0,0.91,0.01,0.0,0.0,0.0,0.0,0.0,109324.0
22.0,9.0,334.0,1738.0,0.0,1.0,1.0,0.0,0.0,1.0,0.0,0.0,198.0,255.0,1.0,0.0,0.01,0.0,0.0,0.0,0.0,48297.0
22.0,9.0,217.0,617.0,0.0,1.0,23.0,0.0,0.0,1.0,0.0,0.0,255.0,255.0,1.0,0.0,0.0,0.0,0.0,0.0,0.0,47748.0
22.0,9.0,292.0,1254.0,0.0,1.0,2.0,0.0,0.0,1.0,0.0,0.0,255.0,255.0,1.0,0.0,0.0,0.0,0.0,0.0,0.0,8447.0
11.0,9.0,45.0,137.0,0.0,0.0,72.0,0.0,0.0,1.0,0.0,0.01,255.0,255.0,1.0,0.0,0.0,0.0,0.0,0.0,0.0,90708.0
22.0,9.0,195.0,21839.0,0.0,1.0,1.0,0.0,0.0,1.0,0.0,0.0,127.0,247.0,1.0,0.0,0.14,0.0,0.0,0.53,0.0,88306.0
22.0,9.0,331.0,1694.0,0.0,1.0,8.0,0.0,0.0,1.0,0.0,0.0,113.0,255.0,1.0,0.0,0.03,0.0,0.0,0.0,0.0,87230.0
40.0,9.0,147.0,105.0,0.0,0.0,1.0,0.0,0.0,1.0,0.0,0.0,255.0,1.0,0.0,0.64,0.0,0.0,0.0,0.0,0.0,77589.0
22.0,9.0,54540.0,8314.0,0.0,1.0,4.0,0.0,0.0,1.0,0.0,0.4,239.0,239.0,1.0,0.0,0.0,0.0,0.0,0.05,1.0,73861.0
19.0,9.0,9.0,0.0,0.0,0.0,1.0,0.0,0.0,1.0,0.0,0.0,88.0,132.0,0.73,0.05,0.02,0.0,0.0,0.0,0.0,47244.0
11.0,9.0,43.0,43.0,0.0,0.0,169.0,0.0,0.0,1.0,0.0,0.0,255.0,254.0,1.0,0.01,0.0,0.0,0.0,0.0,0.0,103962.0
40.0,9.0,147.0,105.0,0.0,0.0,3.0,0.0,0.0,0.33,0.67,0.0,255.0,3.0,0.01,0.65,0.0,0.0,0.0,0.0,0.0,19193.0
11.0,9.0,45.0,134.0,0.0,0.0,215.0,0.0,0.0,1.0,0.01,0.0,104.0,71.0,0.68,0.02,0.0,0.0,0.0,0.0,0.0,69000.0
19.0,9.0,607.0,0.0,0.0,1.0,2.0,0.0,0.0,1.0,0.0,0.0,255.0,146.0,0.57,0.03,0.0,0.0,0.01,0.0,0.0,51261.0
49.0,9.0,1171.0,388.0,0.0,1.0,1.0,0.0,0.0,1.0,0.0,1.0,255.0,104.0,0.41,0.04,0.0,0.16,0.0,0.0,0.0,67647.0
22.0,9.0,299.0,2507.0,0.0,1.0,4.0,0.0,0.0,1.0,0.0,0.38,255.0,245.0,0.96,0.01,0.0,0.0,0.0,0.0,0.0,54001.0
22.0,9.0,222.0,5507.0,0.0,1.0,10.0,0.0,0.0,1.0,0.0,0.0,10.0,255.0,1.0,0.0,0.03,0.0,0.0,0.01,0.0,100694.0
22.0,6.0,184.0,21900.0,0.0,1.0,1.0,1.0,1.0,1.0,0.0,0.0,10.0,10.0,1.0,0.0,0.0,0.1,0.1,0.0,0.0,15975.0
22.0,9.0,308.0,11700.0,0.0,1.0,5.0,0.0,0.0,1.0,0.0,0.0,11.0,255.0,1.0,0.0,0.03,0.0,0.0,0.0,0.0,71299.0
11.0,9.0,46.0,46.0,0.0,0.0,15.0,0.0,0.0,1.0,0.0,0.0,255.0,226.0,0.89,0.01,0.0,0.0,0.0,0.0,0.0,54466.0
49.0,9.0,724.0,328.0,0.0,1.0,1.0,0.0,0.0,1.0,0.0,1.0,58.0,191.0,0.88,0.07,0.01,0.0,0.0,0.0,0.0,83846.0
19.0,9.0,8173.0,0.0,0.0,0.0,15.0,0.0,0.0,1.0,0.0,0.0,255.0,79.0,0.31,0.01,0.0,0.0,0.0,0.0,0.0,100685.0
22.0,9.0,232.0,1680.0,0.0,1.0,6.0,0.0,0.0,1.0,0.0,0.0,168.0,255.0,1.0,0.0,0.02,0.01,0.0,0.0,0.0,103320.0
18.0,9.0,1500.0,4152.0,0.0,1.0,1.0,0.0,0.0,1.0,0.0,0.0,95.0,17.0,0.18,0.06,0.0,0.0,0.0,0.0,0.0,27281.0
14.0,9.0,1480.0,0.0,1.0,0.0,1.0,0.0,0.0,1.0,0.0,0.0,1.0,17.0,1.0,0.0,0.53,0.0,0.0,0.0,1.0,28379.0
22.0,9.0,288.0,267.0,0.0,1.0,3.0,0.33,0.14,1.0,0.0,0.29,31.0,255.0,1.0,0.0,0.02,0.03,0.0,0.0,0.0,49051.0
22.0,9.0,322.0,392.0,0.0,1.0,21.0,0.0,0.0,1.0,0.0,0.12,255.0,255.0,1.0,0.0,0.0,0.0,0.0,0.0,0.0,96674.0
40.0,9.0,147.0,147.0,0.0,0.0,7.0,0.0,0.0,0.14,0.57,0.0,255.0,1.0,0.0,0.56,0.0,0.0,0.0,0.0,0.0,30721.0
22.0,9.0,353.0,1686.0,0.0,1.0,8.0,0.25,0.25,1.0,0.0,0.0,255.0,255.0,1.0,0.0,0.0,0.01,0.01,0.0,0.0,64353.0
22.0,9.0,222.0,6602.0,0.0,1.0,5.0,0.0,0.0,1.0,0.0,0.0,255.0,255.0,1.0,0.0,0.0,0.0,0.0,0.0,0.0,124066.0
22.0,1.0,0.0,0.0,0.0,0.0,1.0,0.0,0.0,1.0,0.0,1.0,22.0,255.0,1.0,0.0,0.11,0.0,0.0,0.97,0.0,37256.0
22.0,1.0,0.0,0.0,0.0,0.0,1.0,0.0,0.0,1.0,0.0,0.0,1.0,95.0,1.0,0.0,0.05,0.0,0.0,0.04,0.0,46755.0
40.0,9.0,147.0,105.0,0.0,0.0,2.0,0.0,0.0,1.0,0.0,0.0,255.0,2.0,0.01,0.85,0.0,0.0,0.0,0.0,0.0,1670.0
49.0,9.0,1203.0,333.0,0.0,1.0,1.0,0.0,0.0,1.0,0.0,0.0,137.0,167.0,0.56,0.03,0.01,0.0,0.0,0.0,0.0,4347.0
22.0,9.0,231.0,5712.0,0.0,1.0,15.0,0.0,0.0,1.0,0.0,0.12,15.0,43.0,1.0,0.0,0.07,0.0,0.0,0.0,0.0,51463.0
22.0,1.0,0.0,0.0,0.0,0.0,1.0,0.0,0.0,1.0,0.0,0.0,14.0,249.0,1.0,0.0,0.11,0.0,0.0,0.69,0.0,103269.0
40.0,9.0,147.0,105.0,0.0,0.0,3.0,0.0,0.0,0.67,0.67,0.0,255.0,2.0,0.01,0.86,0.0,0.0,0.0,0.0,0.0,71307.0
22.0,9.0,238.0,276.0,0.0,1.0,13.0,0.0,0.0,1.0,0.0,0.0,59.0,255.0,1.0,0.0,0.03,0.0,0.0,0.0,0.0,800.0
22.0,9.0,218.0,318.0,0.0,1.0,2.0,0.0,0.0,1.0,0.0,0.2,255.0,255.0,1.0,0.0,0.0,0.0,0.0,0.0,0.0,86885.0
22.0,1.0,0.0,0.0,0.0,0.0,1.0,0.0,0.0,1.0,0.0,0.0,43.0,255.0,1.0,0.0,0.07,0.0,0.0,0.94,0.0,23007.0
22.0,9.0,304.0,1172.0,0.0,1.0,5.0,0.0,0.0,1.0,0.0,0.33,43.0,255.0,1.0,0.0,0.05,0.0,0.0,0.0,0.0,4059.0
19.0,9.0,2194619.0,0.0,0.0,1.0,1.0,0.0,0.0,1.0,0.0,0.0,201.0,47.0,0.18,0.02,0.04,0.0,0.0,0.0,0.0,13200.0
22.0,9.0,203.0,385.0,0.0,1.0,8.0,0.0,0.0,1.0,0.0,0.0,174.0,255.0,1.0,0.0,0.02,0.0,0.0,0.0,0.0,56184.0
19.0,9.0,192.0,0.0,0.0,1.0,1.0,0.0,0.0,1.0,0.0,0.0,191.0,120.0,0.45,0.02,0.02,0.0,0.0,0.0,0.0,54715.0
22.0,9.0,229.0,253.0,0.0,1.0,13.0,0.0,0.0,1.0,0.0,0.11,52.0,255.0,1.0,0.0,0.01,0.0,0.0,0.0,0.0,72590.0
58.0,9.0,182.0,0.0,0.0,0.0,2.0,0.0,0.0,0.5,1.0,0.0,255.0,11.0,0.04,0.01,0.0,0.0,0.0,0.0,0.0,120564.0
22.0,9.0,214.0,1738.0,0.0,1.0,21.0,0.0,0.0,1.0,0.0,0.0,130.0,255.0,1.0,0.0,0.04,0.0,0.0,0.01,0.0,57240.0
22.0,1.0,0.0,0.0,0.0,0.0,1.0,0.0,0.0,1.0,0.0,0.0,82.0,255.0,1.0,0.0,0.15,0.0,0.0,1.0,0.0,12451.0
22.0,9.0,223.0,20531.0,0.0,1.0,4.0,0.0,0.0,1.0,0.0,0.14,65.0,255.0,1.0,0.0,0.04,0.0,0.0,0.0,0.0,116358.0
22.0,9.0,263.0,362.0,0.0,1.0,16.0,0.0,0.0,1.0,0.0,0.0,255.0,255.0,1.0,0.0,0.0,0.0,0.0,0.0,0.0,70557.0
22.0,1.0,0.0,0.0,0.0,0.0,2.0,0.0,0.0,1.0,0.0,0.0,6.0,253.0,1.0,0.0,0.17,0.0,0.0,1.0,0.0,37842.0
22.0,9.0,291.0,1193.0,0.0,1.0,7.0,0.0,0.0,1.0,0.0,0.25,255.0,255.0,1.0,0.0,0.0,0.0,0.0,0.0,0.0,75559.0
22.0,9.0,202.0,1449.0,0.0,1.0,11.0,0.0,0.0,1.0,0.0,0.0,75.0,255.0,1.0,0.0,0.01,0.0,0.0,0.0,0.0,106308.0
49.0,9.0,1590.0,321.0,0.0,1.0,1.0,0.0,0.0,1.0,0.0,0.0,36.0,78.0,0.11,0.08,0.03,0.0,0.01,0.0,0.0,36586.0
22.0,9.0,344.0,274.0,0.0,1.0,15.0,0.0,0.0,1.0,0.0,0.0,15.0,255.0,1.0,0.0,0.06,0.0,0.0,0.0,0.0,77274.0
22.0,9.0,207.0,2091.0,0.0,1.0,10.0,0.0,0.0,1.0,0.0,0.0,125.0,255.0,1.0,0.0,0.02,0.0,0.0,0.0,0.0,6548.0
22.0,9.0,210.0,765.0,0.0,1.0,1.0,0.0,0.0,1.0,0.0,1.0,33.0,255.0,1.0,0.0,0.01,0.0,0.0,0.01,0.0,58166.0
44.0,9.0,105.0,0.0,0.0,0.0,2.0,0.0,0.0,1.0,0.0,0.0,255.0,97.0,0.38,0.01,0.0,0.0,0.0,0.0,0.0,115780.0
18.0,9.0,1505.0,4152.0,0.0,1.0,1.0,0.0,0.0,1.0,0.0,0.0,151.0,28.0,0.19,0.05,0.0,0.01,0.0,0.0,0.0,72589.0
22.0,9.0,235.0,3253.0,0.0,1.0,2.0,0.0,0.0,1.0,0.0,0.0,255.0,255.0,1.0,0.0,0.0,0.0,0.0,0.0,0.0,87747.0
22.0,9.0,337.0,188.0,0.0,1.0,1.0,0.0,0.0,1.0,0.0,0.0,17.0,255.0,1.0,0.0,0.05,0.0,0.0,0.0,0.0,2155.0
22.0,1.0,0.0,0.0,0.0,0.0,1.0,0.0,0.0,1.0,0.0,0.0,125.0,109.0,0.87,0.02,0.0,0.0,0.0,1.0,0.0,44453.0
40.0,9.0,147.0,0.0,0.0,0.0,4.0,0.0,0.0,0.25,0.75,0.0,255.0,1.0,0.0,0.65,0.0,0.0,0.0,0.0,0.0,13754.0
22.0,9.0,304.0,297.0,0.0,1.0,13.0,0.08,0.12,1.0,0.0,0.18,195.0,255.0,1.0,0.0,0.02,0.01,0.0,0.0,0.0,102071.0
18.0,9.0,1067.0,3081.0,0.0,1.0,1.0,0.0,0.0,1.0,0.0,0.0,255.0,60.0,0.24,0.02,0.0,0.0,0.0,0.0,0.0,35552.0
22.0,9.0,235.0,917.0,0.0,1.0,11.0,0.0,0.0,1.0,0.0,0.0,11.0,255.0,1.0,0.0,0.02,0.0,0.0,0.0,0.0,23606.0
40.0,9.0,516.0,4.0,0.0,0.0,344.0,0.0,0.0,1.0,0.0,0.0,255.0,255.0,1.0,0.0,0.0,0.0,0.0,0.0,0.0,7017.0
22.0,9.0,208.0,885.0,0.0,1.0,12.0,0.0,0.0,1.0,0.0,0.19,253.0,255.0,1.0,0.0,0.01,0.0,0.0,0.0,0.0,86516.0
19.0,9.0,3909.0,0.0,0.0,1.0,7.0,0.0,0.0,1.0,0.0,0.0,106.0,47.0,0.18,0.03,0.04,0.0,0.0,0.0,0.0,39541.0
11.0,9.0,42.0,108.0,0.0,0.0,1.0,0.0,0.0,1.0,0.0,1.0,27.0,224.0,0.93,0.07,0.01,0.0,0.0,0.0,0.0,34238.0
19.0,9.0,4316.0,0.0,0.0,0.0,2.0,0.0,0.0,1.0,0.0,0.0,254.0,50.0,0.2,0.03,0.0,0.0,0.0,0.0,0.0,119285.0
11.0,9.0,44.0,70.0,0.0,0.0,222.0,0.0,0.0,1.0,0.01,0.01,255.0,254.0,1.0,0.01,0.0,0.0,0.0,0.0,0.0,54787.0
22.0,9.0,224.0,1261.0,0.0,1.0,7.0,0.0,0.0,1.0,0.0,0.0,14.0,14.0,1.0,0.0,0.0,0.0,0.0,0.0,0.0,125570.0
40.0,6.0,68620.0,0.0,0.0,1.0,15.0,0.2,1.0,0.07,0.53,0.0,124.0,1.0,0.01,0.19,0.0,0.05,1.0,0.0,0.0,101668.0
11.0,9.0,45.0,134.0,0.0,0.0,79.0,0.0,0.0,1.0,0.0,0.01,255.0,252.0,0.99,0.01,0.0,0.0,0.0,0.0,0.0,45310.0
22.0,9.0,314.0,266.0,0.0,1.0,11.0,0.0,0.0,1.0,0.0,0.0,255.0,245.0,0.96,0.01,0.0,0.0,0.0,0.02,0.0,69247.0
11.0,9.0,46.0,172.0,0.0,0.0,73.0,0.0,0.0,1.0,0.0,0.01,255.0,254.0,1.0,0.01,0.0,0.0,0.0,0.0,0.0,38497.0
19.0,9.0,641.0,0.0,0.0,0.0,1.0,0.0,0.0,1.0,0.0,0.75,237.0,38.0,0.16,0.03,0.0,0.0,0.0,0.0,0.0,70480.0
22.0,9.0,290.0,11829.0,0.0,1.0,1.0,0.0,0.0,1.0,0.0,0.0,19.0,255.0,1.0,0.0,0.06,0.0,0.0,0.0,0.0,5137.0
49.0,9.0,667.0,332.0,0.0,1.0,2.0,0.0,0.0,0.5,1.0,0.0,91.0,155.0,0.41,0.08,0.01,0.0,0.0,0.0,0.0,84400.0
22.0,9.0,363.0,768.0,0.0,1.0,17.0,0.0,0.0,1.0,0.0,0.11,255.0,255.0,1.0,0.0,0.0,0.0,0.0,0.0,0.0,25664.0
22.0,9.0,213.0,1116.0,0.0,1.0,54.0,0.0,0.0,1.0,0.0,0.07,255.0,255.0,1.0,0.0,0.0,0.0,0.0,0.0,0.0,20667.0
19.0,9.0,748.0,0.0,0.0,1.0,1.0,0.0,0.0,1.0,0.0,0.0,255.0,1.0,0.0,0.02,0.0,0.0,0.0,0.0,0.0,6569.0
22.0,9.0,305.0,2217.0,0.0,1.0,12.0,0.0,0.0,1.0,0.0,0.0,255.0,255.0,1.0,0.0,0.0,0.0,0.0,0.0,0.0,76201.0
11.0,9.0,46.0,79.0,0.0,0.0,108.0,0.0,0.0,0.99,0.02,0.0,255.0,254.0,1.0,0.01,0.0,0.0,0.0,0.0,0.0,39474.0
22.0,9.0,320.0,1408.0,0.0,1.0,3.0,0.0,0.0,1.0,0.0,0.0,255.0,255.0,1.0,0.0,0.0,0.0,0.0,0.0,0.0,68171.0
19.0,9.0,7012.0,0.0,0.0,0.0,13.0,0.0,0.0,1.0,0.0,0.0,170.0,76.0,0.31,0.02,0.03,0.0,0.0,0.0,0.0,85329.0
22.0,9.0,305.0,1035.0,0.0,1.0,33.0,0.0,0.0,1.0,0.0,0.0,255.0,255.0,1.0,0.0,0.0,0.0,0.0,0.0,0.0,57300.0
22.0,9.0,217.0,1389.0,0.0,1.0,3.0,0.0,0.0,1.0,0.0,0.5,26.0,255.0,1.0,0.0,0.02,0.0,0.0,0.01,0.0,87834.0
22.0,9.0,215.0,16372.0,0.0,1.0,2.0,0.0,0.0,1.0,0.0,0.0,58.0,255.0,1.0,0.0,0.04,0.0,0.0,0.0,0.0,11993.0
58.0,9.0,182.0,0.0,0.0,0.0,8.0,0.0,0.0,0.75,0.38,0.0,255.0,42.0,0.16,0.01,0.0,0.0,0.0,0.0,0.0,105883.0
11.0,9.0,29.0,0.0,0.0,0.0,1.0,0.0,0.0,1.0,0.0,1.0,126.0,29.0,0.23,0.04,0.0,0.01,0.0,0.0,0.0,41680.0
22.0,9.0,245.0,3098.0,0.0,1.0,4.0,0.0,0.0,1.0,0.0,0.1,255.0,255.0,1.0,0.0,0.0,0.0,0.0,0.0,0.0,62091.0
11.0,9.0,45.0,132.0,0.0,0.0,65.0,0.0,0.0,1.0,0.0,0.01,255.0,232.0,0.91,0.01,0.0,0.0,0.0,0.0,0.0,48578.0
22.0,9.0,213.0,365.0,0.0,1.0,32.0,0.0,0.0,1.0,0.0,0.0,32.0,255.0,1.0,0.0,0.05,0.0,0.0,0.0,0.0,43977.0
22.0,9.0,314.0,9284.0,0.0,1.0,13.0,0.0,0.0,1.0,0.0,0.11,223.0,255.0,1.0,0.0,0.01,0.0,0.0,0.0,0.0,43684.0
22.0,9.0,54540.0,8314.0,0.0,1.0,4.0,0.0,0.0,1.0,0.0,0.0,255.0,255.0,1.0,0.0,0.0,0.0,0.0,0.04,1.0,61360.0
22.0,9.0,301.0,3950.0,0.0,1.0,6.0,0.0,0.0,1.0,0.0,0.0,255.0,255.0,1.0,0.0,0.0,0.0,0.0,0.0,0.0,74219.0
11.0,9.0,43.0,71.0,0.0,0.0,194.0,0.0,0.0,1.0,0.0,0.0,255.0,230.0,0.9,0.01,0.0,0.0,0.0,0.0,0.0,125252.0
22.0,9.0,290.0,2367.0,0.0,1.0,2.0,0.0,0.0,1.0,0.0,0.0,75.0,255.0,1.0,0.0,0.02,0.01,0.0,0.0,0.0,67905.0
22.0,9.0,54540.0,8314.0,0.0,1.0,3.0,0.0,0.0,1.0,0.0,0.0,74.0,74.0,1.0,0.0,0.0,0.01,0.01,0.01,1.0,94782.0
40.0,9.0,26408.0,0.0,0.0,1.0,8.0,0.12,0.0,0.12,0.25,0.0,255.0,1.0,0.0,0.06,0.0,0.02,0.0,0.0,0.0,65491.0
22.0,9.0,314.0,1116.0,0.0,1.0,30.0,0.0,0.0,1.0,0.0,0.09,255.0,255.0,1.0,0.0,0.0,0.0,0.0,0.0,0.0,109115.0
22.0,9.0,202.0,13774.0,0.0,1.0,1.0,0.0,0.0,1.0,0.0,1.0,1.0,255.0,1.0,0.0,0.03,0.0,0.0,0.0,0.0,26047.0
22.0,9.0,196.0,765.0,0.0,1.0,4.0,0.0,0.0,1.0,0.0,0.0,255.0,255.0,1.0,0.0,0.0,0.0,0.0,0.0,0.0,21429.0
19.0,9.0,1766.0,0.0,0.0,1.0,2.0,0.0,0.0,1.0,0.0,0.0,255.0,6.0,0.02,0.02,0.0,0.0,0.0,0.0,0.0,163.0
22.0,9.0,248.0,6271.0,0.0,1.0,5.0,0.0,0.0,1.0,0.0,0.12,179.0,255.0,1.0,0.0,0.02,0.0,0.0,0.0,0.0,16674.0
22.0,9.0,276.0,602.0,0.0,1.0,1.0,0.0,0.0,1.0,0.0,0.23,20.0,255.0,1.0,0.0,0.01,0.0,0.0,0.0,0.0,65000.0
22.0,9.0,263.0,1053.0,0.0,1.0,1.0,0.0,0.0,1.0,0.0,0.0,127.0,123.0,0.97,0.02,0.0,0.0,0.0,0.0,0.0,24819.0
22.0,9.0,304.0,1311.0,0.0,1.0,3.0,0.0,0.0,1.0,0.0,0.0,38.0,208.0,1.0,0.0,0.01,0.0,0.0,0.0,0.0,58633.0
22.0,9.0,228.0,2839.0,0.0,1.0,5.0,0.0,0.0,1.0,0.0,0.0,255.0,255.0,1.0,0.0,0.0,0.0,0.0,0.0,0.0,6543.0
22.0,9.0,300.0,760.0,0.0,1.0,6.0,0.0,0.0,1.0,0.0,0.0,6.0,255.0,1.0,0.0,0.02,0.0,0.0,0.0,0.0,20951.0
19.0,9.0,3909.0,0.0,0.0,1.0,7.0,0.0,0.0,1.0,0.0,0.0,87.0,53.0,0.2,0.07,0.04,0.0,0.0,0.0,0.0,59875.0
22.0,9.0,261.0,15455.0,0.0,1.0,22.0,0.0,0.0,1.0,0.0,0.0,255.0,255.0,1.0,0.0,0.0,0.0,0.0,0.0,0.0,327.0
22.0,9.0,232.0,406.0,0.0,1.0,50.0,0.0,0.0,1.0,0.0,0.0,255.0,255.0,1.0,0.0,0.0,0.0,0.0,0.0,0.0,114177.0
11.0,9.0,45.0,75.0,0.0,0.0,318.0,0.0,0.0,1.0,0.01,0.0,255.0,254.0,1.0,0.01,0.0,0.0,0.0,0.0,0.0,77420.0
22.0,1.0,0.0,0.0,0.0,0.0,1.0,0.0,0.0,1.0,0.0,1.0,5.0,209.0,1.0,0.0,0.21,0.0,0.0,0.92,0.0,119932.0
22.0,9.0,237.0,10554.0,0.0,1.0,3.0,0.0,0.0,1.0,0.0,0.33,114.0,255.0,1.0,0.0,0.03,0.0,0.0,0.0,0.0,112075.0
22.0,9.0,315.0,252.0,0.0,1.0,17.0,0.0,0.0,1.0,0.0,0.19,158.0,255.0,1.0,0.0,0.01,0.0,0.0,0.0,0.0,118494.0
22.0,9.0,224.0,3339.0,0.0,1.0,3.0,0.0,0.0,1.0,0.0,0.6,105.0,255.0,1.0,0.0,0.06,0.0,0.0,0.0,0.0,92599.0
22.0,9.0,220.0,11892.0,0.0,1.0,12.0,0.0,0.0,1.0,0.0,0.0,255.0,255.0,1.0,0.0,0.0,0.0,0.0,0.0,0.0,9428.0
22.0,9.0,252.0,1970.0,0.0,1.0,4.0,0.0,0.0,1.0,0.0,0.0,27.0,15.0,0.56,0.11,0.0,0.26,0.0,0.0,0.0,85368.0
22.0,9.0,162.0,17.0,0.0,1.0,5.0,0.0,0.0,1.0,0.0,0.0,19.0,255.0,1.0,0.0,0.05,0.0,0.0,0.0,0.0,51176.0
22.0,9.0,307.0,1075.0,0.0,1.0,7.0,0.0,0.0,1.0,0.0,0.25,125.0,112.0,0.9,0.02,0.0,0.0,0.0,0.0,0.0,84086.0
49.0,9.0,2315.0,333.0,0.0,1.0,1.0,0.0,0.0,1.0,0.0,0.0,179.0,243.0,0.96,0.01,0.01,0.0,0.0,0.0,0.0,72117.0
22.0,9.0,207.0,15789.0,0.0,1.0,5.0,0.0,0.0,1.0,0.0,0.0,5.0,255.0,1.0,0.0,0.06,0.0,0.0,0.01,0.0,73655.0
22.0,9.0,275.0,9478.0,0.0,1.0,9.0,0.0,0.0,1.0,0.0,0.0,19.0,255.0,1.0,0.0,0.04,0.0,0.0,0.0,0.0,19158.0
49.0,9.0,1020.0,326.0,0.0,1.0,1.0,0.0,0.0,1.0,0.0,0.0,11.0,185.0,0.64,0.27,0.04,0.0,0.0,0.0,0.0,7077.0
49.0,9.0,848.0,325.0,0.0,1.0,1.0,0.0,0.0,1.0,0.0,1.0,108.0,89.0,0.82,0.05,0.0,0.0,0.0,0.0,0.0,54159.0
19.0,9.0,7077.0,0.0,0.0,1.0,8.0,0.0,0.0,1.0,0.0,0.0,255.0,92.0,0.36,0.02,0.0,0.0,0.0,0.0,0.0,10092.0
22.0,9.0,245.0,1194.0,0.0,1.0,16.0,0.0,0.0,1.0,0.0,0.0,16.0,255.0,1.0,0.0,0.01,0.0,0.0,0.0,0.0,68700.0
22.0,1.0,0.0,0.0,0.0,0.0,29.0,0.0,0.0,1.0,0.0,0.0,182.0,193.0,1.0,0.0,0.03,0.01,0.01,0.38,0.0,122010.0
11.0,9.0,42.0,42.0,0.0,0.0,13.0,0.0,0.0,1.0,0.0,0.17,255.0,245.0,0.96,0.01,0.0,0.0,0.0,0.0,0.0,115884.0
22.0,9.0,297.0,2286.0,0.0,1.0,9.0,0.0,0.0,1.0,0.0,0.17,255.0,255.0,1.0,0.0,0.0,0.0,0.0,0.0,0.0,71420.0
22.0,9.0,311.0,1370.0,0.0,1.0,2.0,0.0,0.0,1.0,0.0,0.0,84.0,255.0,1.0,0.0,0.05,0.0,0.0,0.0,0.0,38198.0
44.0,9.0,105.0,146.0,0.0,0.0,2.0,0.0,0.0,1.0,0.0,0.0,255.0,247.0,0.97,0.01,0.0,0.0,0.0,0.0,0.0,7162.0
19.0,9.0,19.0,0.0,0.0,1.0,2.0,0.0,0.0,1.0,0.0,0.0,255.0,131.0,0.51,0.02,0.0,0.0,0.0,0.0,0.0,93664.0
22.0,9.0,54540.0,8314.0,0.0,1.0,6.0,0.0,0.0,1.0,0.0,0.0,12.0,12.0,1.0,0.0,0.0,0.0,0.0,0.08,1.0,17295.0
22.0,9.0,321.0,581.0,0.0,1.0,10.0,0.0,0.05,1.0,0.0,0.1,255.0,255.0,1.0,0.0,0.0,0.0,0.0,0.0,0.0,72054.0
22.0,1.0,0.0,0.0,0.0,0.0,1.0,0.0,0.0,1.0,0.0,1.0,40.0,255.0,1.0,0.0,0.2,0.0,0.0,1.0,0.0,122443.0
19.0,9.0,1376.0,0.0,0.0,1.0,3.0,0.33,0.33,1.0,0.0,0.0,255.0,53.0,0.21,0.02,0.0,0.0,0.02,0.0,0.0,77390.0
40.0,9.0,147.0,105.0,0.0,0.0,1.0,0.0,0.0,1.0,0.0,0.0,255.0,2.0,0.01,0.57,0.0,0.0,0.0,0.0,0.0,684.0
22.0,9.0,209.0,324.0,0.0,1.0,13.0,0.0,0.0,1.0,0.0,0.0,177.0,255.0,1.0,0.0,0.01,0.0,0.0,0.0,0.0,40867.0
40.0,9.0,146.0,105.0,0.0,0.0,1.0,0.0,0.0,1.0,0.0,0.0,255.0,1.0,0.0,0.79,0.0,0.0,0.0,0.0,0.0,86021.0
22.0,9.0,248.0,2481.0,0.0,1.0,5.0,0.0,0.0,1.0,0.0,0.33,193.0,255.0,1.0,0.0,0.03,0.0,0.0,0.0,0.0,70135.0
19.0,9.0,1109.0,0.0,0.0,1.0,1.0,0.0,0.0,1.0,0.0,0.0,160.0,58.0,0.19,0.03,0.03,0.0,0.0,0.0,0.0,83300.0
22.0,9.0,204.0,182.0,0.0,1.0,21.0,0.0,0.0,1.0,0.0,0.0,255.0,255.0,1.0,0.0,0.0,0.0,0.0,0.0,0.0,79049.0
22.0,9.0,234.0,4658.0,0.0,1.0,2.0,0.0,0.0,1.0,0.0,0.0,240.0,255.0,1.0,0.0,0.01,0.0,0.0,0.0,0.0,112965.0
22.0,9.0,308.0,1380.0,0.0,1.0,4.0,0.0,0.0,1.0,0.0,0.0,255.0,254.0,1.0,0.01,0.0,0.0,0.0,0.0,0.0,4705.0
11.0,9.0,44.0,133.0,0.0,0.0,64.0,0.0,0.0,0.98,0.03,0.01,255.0,231.0,0.91,0.01,0.0,0.0,0.0,0.0,0.0,119574.0
49.0,9.0,700.0,328.0,0.0,1.0,1.0,0.0,0.0,1.0,0.0,0.0,204.0,133.0,0.65,0.05,0.0,0.01,0.01,0.0,0.0,115539.0
22.0,9.0,261.0,281.0,0.0,1.0,4.0,0.0,0.0,1.0,0.0,0.0,255.0,240.0,0.94,0.01,0.0,0.0,0.0,0.0,0.0,38997.0
11.0,9.0,45.0,125.0,0.0,0.0,78.0,0.0,0.0,1.0,0.0,0.01,131.0,83.0,0.63,0.02,0.0,0.0,0.0,0.0,0.0,75346.0
19.0,9.0,1830.0,0.0,0.0,1.0,5.0,0.0,0.0,1.0,0.0,0.0,141.0,55.0,0.25,0.04,0.04,0.0,0.0,0.0,0.0,59942.0
22.0,9.0,237.0,1732.0,0.0,1.0,16.0,0.0,0.0,1.0,0.0,0.0,16.0,255.0,1.0,0.0,0.05,0.0,0.0,0.0,0.0,68027.0
22.0,9.0,237.0,370.0,0.0,1.0,10.0,0.0,0.0,1.0,0.0,0.0,255.0,255.0,1.0,0.0,0.0,0.0,0.0,0.0,0.0,66300.0
22.0,9.0,224.0,3537.0,0.0,1.0,18.0,0.0,0.0,1.0,0.0,0.12,104.0,255.0,1.0,0.0,0.03,0.0,0.0,0.0,0.0,117231.0
22.0,9.0,340.0,5171.0,0.0,1.0,2.0,0.0,0.0,1.0,0.0,0.0,32.0,157.0,1.0,0.0,0.1,0.0,0.0,0.0,0.0,49843.0
22.0,9.0,249.0,2008.0,0.0,1.0,2.0,0.0,0.0,1.0,0.0,0.0,2.0,255.0,1.0,0.0,0.03,0.0,0.0,0.0,0.0,101839.0
22.0,9.0,246.0,261.0,0.0,1.0,1.0,0.0,0.0,1.0,0.0,0.0,255.0,255.0,1.0,0.0,0.0,0.0,0.0,0.0,0.0,80603.0
22.0,9.0,277.0,9849.0,0.0,1.0,1.0,0.0,0.0,1.0,0.0,0.17,12.0,255.0,1.0,0.0,0.02,0.0,0.0,0.0,0.0,61279.0
11.0,9.0,44.0,73.0,0.0,0.0,172.0,0.0,0.0,1.0,0.0,0.01,255.0,233.0,0.91,0.01,0.0,0.0,0.0,0.0,0.0,27508.0
22.0,9.0,54540.0,8314.0,0.0,1.0,2.0,0.0,0.0,1.0,0.0,0.0,58.0,58.0,1.0,0.0,0.0,0.0,0.0,0.02,1.0,102266.0
22.0,9.0,235.0,3222.0,0.0,1.0,7.0,0.0,0.0,1.0,0.0,0.11,255.0,248.0,0.97,0.01,0.0,0.0,0.0,0.0,0.0,100201.0
22.0,9.0,321.0,1116.0,0.0,1.0,19.0,0.0,0.0,1.0,0.0,0.0,61.0,255.0,1.0,0.0,0.03,0.0,0.0,0.0,0.0,2148.0
22.0,4.0,54540.0,8314.0,0.0,1.0,2.0,0.0,0.0,1.0,0.0,0.0,48.0,48.0,1.0,0.0,0.0,0.0,0.0,0.02,1.0,16611.0
19.0,9.0,245.0,0.0,0.0,1.0,2.0,0.0,0.0,1.0,0.0,0.0,255.0,2.0,0.01,0.82,0.0,0.0,0.0,0.0,0.0,71724.0
49.0,9.0,920.0,335.0,0.0,1.0,1.0,0.0,0.0,1.0,0.0,0.0,113.0,147.0,0.53,0.04,0.01,0.01,0.01,0.0,0.0,84011.0
22.0,9.0,198.0,521.0,0.0,1.0,4.0,0.0,0.0,1.0,0.0,0.0,4.0,255.0,1.0,0.0,0.05,0.0,0.0,0.0,0.0,59641.0
22.0,9.0,223.0,7339.0,0.0,1.0,7.0,0.0,0.0,1.0,0.0,0.0,31.0,255.0,1.0,0.0,0.03,0.0,0.0,0.0,0.0,72984.0
11.0,9.0,44.0,136.0,0.0,0.0,24.0,0.0,0.0,1.0,0.0,0.02,202.0,118.0,0.58,0.01,0.0,0.0,0.0,0.0,0.0,72163.0
11.0,9.0,45.0,135.0,0.0,0.0,66.0,0.0,0.0,1.0,0.0,0.01,255.0,234.0,0.92,0.01,0.0,0.0,0.0,0.0,0.0,73684.0
11.0,9.0,44.0,73.0,0.0,0.0,248.0,0.0,0.0,1.0,0.0,0.01,255.0,254.0,1.0,0.01,0.0,0.0,0.0,0.0,0.0,72389.0
11.0,9.0,95.0,44.0,0.0,0.0,11.0,0.0,0.0,1.0,0.0,0.15,255.0,245.0,0.96,0.01,0.0,0.0,0.0,0.0,0.0,85866.0
11.0,9.0,45.0,137.0,0.0,0.0,75.0,0.0,0.0,1.0,0.0,0.01,255.0,237.0,0.93,0.01,0.0,0.0,0.0,0.0,0.0,54364.0
22.0,9.0,222.0,10496.0,0.0,1.0,3.0,0.0,0.0,1.0,0.0,0.5,17.0,255.0,1.0,0.0,0.03,0.0,0.0,0.0,0.0,23883.0
22.0,9.0,224.0,2183.0,0.0,1.0,1.0,0.0,0.0,1.0,0.0,0.0,32.0,255.0,1.0,0.0,0.03,0.0,0.0,0.0,0.0,17147.0
19.0,9.0,7280.0,0.0,0.0,1.0,2.0,0.0,0.0,1.0,0.0,0.0,255.0,11.0,0.04,0.65,0.0,0.0,0.0,0.0,0.0,72891.0
22.0,9.0,214.0,3041.0,0.0,1.0,8.0,0.0,0.0,1.0,0.0,0.0,25.0,251.0,1.0,0.0,0.02,0.0,0.0,0.01,0.0,46279.0
58.0,9.0,129.0,0.0,0.0,0.0,7.0,0.0,0.0,0.29,0.29,0.0,188.0,25.0,0.13,0.02,0.08,0.0,0.0,0.0,0.0,32549.0
22.0,9.0,235.0,261.0,0.0,1.0,8.0,0.0,0.0,1.0,0.0,0.0,255.0,246.0,0.96,0.02,0.0,0.0,0.0,0.0,0.0,94861.0
22.0,9.0,222.0,370.0,0.0,1.0,12.0,0.0,0.0,1.0,0.0,0.0,255.0,255.0,1.0,0.0,0.0,0.0,0.0,0.0,0.0,42902.0
22.0,9.0,215.0,12008.0,0.0,1.0,1.0,0.0,0.0,1.0,0.0,0.0,66.0,255.0,1.0,0.0,0.06,0.0,0.0,0.0,0.0,3795.0
22.0,9.0,192.0,757.0,0.0,1.0,2.0,0.0,0.0,1.0,0.0,0.29,3.0,255.0,1.0,0.0,0.05,0.0,0.0,0.0,0.0,102046.0
40.0,9.0,7940.0,0.0,0.0,0.0,10.0,0.1,0.0,0.1,0.8,0.0,186.0,1.0,0.01,0.08,0.0,0.01,0.0,0.0,0.0,39699.0
22.0,9.0,216.0,1726.0,0.0,1.0,21.0,0.0,0.0,1.0,0.0,0.0,255.0,255.0,1.0,0.0,0.0,0.0,0.0,0.0,0.0,4426.0
19.0,9.0,374.0,0.0,0.0,1.0,5.0,0.0,0.0,1.0,0.0,0.0,255.0,11.0,0.04,0.07,0.0,0.89,0.0,0.0,0.0,4730.0
18.0,9.0,980.0,2191.0,0.0,1.0,1.0,0.0,0.0,1.0,0.0,0.0,255.0,16.0,0.06,0.02,0.0,0.16,0.0,0.0,1.0,57544.0
49.0,9.0,1676.0,366.0,0.0,1.0,1.0,0.0,0.0,1.0,0.0,0.0,179.0,110.0,0.61,0.02,0.0,0.0,0.0,0.0,0.0,6928.0
22.0,9.0,225.0,31124.0,0.0,1.0,11.0,0.0,0.0,1.0,0.0,0.0,66.0,255.0,1.0,0.0,0.01,0.0,0.0,0.0,0.0,36379.0
22.0,9.0,290.0,1722.0,0.0,1.0,1.0,0.0,0.0,1.0,0.0,0.33,12.0,255.0,1.0,0.0,0.05,0.0,0.0,0.0,0.0,101859.0
40.0,9.0,516.0,4.0,0.0,0.0,235.0,0.0,0.0,1.0,0.0,0.0,235.0,235.0,1.0,0.0,0.0,0.0,0.0,0.0,0.0,96714.0
13.0,9.0,30.0,0.0,0.0,0.0,2.0,0.0,0.0,0.5,1.0,0.0,255.0,35.0,0.14,0.01,0.0,0.0,0.0,0.0,0.0,68167.0
22.0,9.0,216.0,284.0,0.0,1.0,42.0,0.0,0.0,1.0,0.0,0.0,207.0,255.0,1.0,0.0,0.02,0.0,0.0,0.0,0.0,42265.0
22.0,9.0,215.0,296.0,0.0,1.0,9.0,0.0,0.0,1.0,0.0,0.27,255.0,255.0,1.0,0.0,0.0,0.0,0.0,0.0,0.0,111606.0
22.0,9.0,283.0,679.0,0.0,1.0,9.0,0.0,0.0,1.0,0.0,0.0,26.0,255.0,1.0,0.0,0.07,0.0,0.0,0.0,0.0,39417.0
49.0,9.0,977.0,331.0,0.0,1.0,1.0,0.0,0.0,1.0,0.0,1.0,255.0,146.0,0.57,0.01,0.0,0.0,0.0,0.0,0.0,86674.0
55.0,9.0,129.0,2040.0,0.0,1.0,5.0,0.0,0.0,0.2,0.4,0.0,255.0,1.0,0.0,0.02,0.0,0.0,0.0,0.0,0.0,32134.0
40.0,9.0,147.0,105.0,0.0,0.0,6.0,0.0,0.0,0.33,0.5,0.0,55.0,2.0,0.04,0.58,0.0,0.0,0.0,0.0,0.0,93955.0
22.0,9.0,222.0,1721.0,0.0,1.0,11.0,0.0,0.0,1.0,0.0,0.07,91.0,255.0,1.0,0.0,0.01,0.0,0.0,0.03,0.0,98066.0
11.0,9.0,46.0,132.0,0.0,0.0,189.0,0.0,0.0,1.0,0.0,0.01,255.0,253.0,0.99,0.01,0.0,0.0,0.0,0.0,0.0,9242.0
22.0,9.0,213.0,169.0,0.0,1.0,17.0,0.0,0.0,1.0,0.0,0.07,222.0,255.0,1.0,0.0,0.02,0.0,0.01,0.0,0.0,60575.0
22.0,9.0,336.0,7560.0,0.0,1.0,6.0,0.0,0.0,1.0,0.0,0.0,105.0,255.0,1.0,0.0,0.02,0.0,0.0,0.0,0.0,46020.0
22.0,9.0,179.0,2897.0,0.0,1.0,1.0,0.0,0.0,1.0,0.0,0.0,251.0,255.0,1.0,0.0,0.01,0.0,0.0,0.0,0.0,56137.0
22.0,9.0,325.0,3607.0,0.0,1.0,7.0,0.0,0.0,1.0,0.0,0.0,29.0,255.0,1.0,0.0,0.05,0.0,0.0,0.0,0.0,123799.0
22.0,9.0,171.0,1094.0,0.0,1.0,9.0,0.0,0.0,1.0,0.0,0.15,185.0,238.0,1.0,0.0,0.04,0.0,0.0,0.0,0.0,113328.0
22.0,9.0,234.0,1408.0,0.0,1.0,7.0,0.0,0.0,1.0,0.0,0.18,255.0,255.0,1.0,0.0,0.0,0.0,0.0,0.0,0.0,89658.0
22.0,9.0,283.0,2860.0,0.0,1.0,54.0,0.0,0.0,1.0,0.0,0.0,83.0,255.0,1.0,0.0,0.05,0.0,0.0,0.0,0.0,123028.0
22.0,1.0,0.0,0.0,0.0,0.0,1.0,0.0,0.0,1.0,0.0,0.0,1.0,255.0,1.0,0.0,0.09,0.0,0.0,0.5,0.0,77891.0
22.0,9.0,187.0,7129.0,0.0,1.0,1.0,0.0,0.0,1.0,0.0,0.0,204.0,192.0,0.94,0.01,0.0,0.0,0.0,0.0,0.0,65003.0
49.0,9.0,1761.0,331.0,0.0,1.0,1.0,0.0,0.0,1.0,0.0,0.0,9.0,135.0,0.33,0.22,0.03,0.0,0.0,0.0,0.0,106503.0
22.0,9.0,228.0,1247.0,0.0,1.0,13.0,0.0,0.0,1.0,0.0,0.0,255.0,255.0,1.0,0.0,0.0,0.0,0.0,0.0,0.0,78734.0
22.0,9.0,187.0,30606.0,0.0,1.0,1.0,0.0,0.0,1.0,0.0,1.0,255.0,255.0,1.0,0.0,0.0,0.0,0.0,0.0,0.0,14725.0
55.0,9.0,138.0,2073.0,0.0,1.0,1.0,0.0,0.0,1.0,0.0,0.0,1.0,5.0,1.0,0.0,1.0,0.0,0.0,0.0,0.0,18303.0
11.0,9.0,111.0,39.0,0.0,0.0,2.0,0.0,0.0,1.0,0.0,0.0,46.0,35.0,0.76,0.04,0.0,0.0,0.0,0.0,0.0,76185.0
49.0,9.0,1177.0,332.0,0.0,1.0,1.0,0.0,0.0,1.0,0.0,0.0,88.0,150.0,0.52,0.06,0.01,0.0,0.0,0.0,0.0,103591.0
22.0,9.0,236.0,10012.0,0.0,1.0,20.0,0.0,0.0,1.0,0.0,0.0,168.0,255.0,1.0,0.0,0.03,0.0,0.0,0.0,0.0,50654.0
13.0,9.0,30.0,0.0,0.0,0.0,2.0,0.0,0.0,0.5,1.0,0.0,255.0,3.0,0.01,0.01,0.0,0.0,0.0,0.0,0.0,87134.0
22.0,9.0,309.0,1215.0,0.0,1.0,9.0,0.0,0.0,1.0,0.0,0.18,243.0,255.0,1.0,0.0,0.01,0.0,0.0,0.0,0.0,50547.0
22.0,9.0,203.0,6669.0,0.0,1.0,5.0,0.0,0.0,1.0,0.0,0.0,98.0,255.0,1.0,0.0,0.01,0.0,0.0,0.02,0.0,39040.0
22.0,9.0,317.0,2332.0,0.0,1.0,14.0,0.0,0.0,1.0,0.0,0.12,14.0,255.0,1.0,0.0,0.05,0.0,0.01,0.0,0.0,117468.0
55.0,9.0,621.0,8356.0,0.0,1.0,1.0,0.0,0.0,1.0,0.0,0.0,255.0,4.0,0.02,0.02,0.0,0.0,0.0,0.0,1.0,3173.0
22.0,9.0,308.0,301.0,0.0,1.0,1.0,0.0,0.0,1.0,0.0,0.18,8.0,255.0,1.0,0.0,0.04,0.0,0.01,0.0,0.0,104402.0
22.0,9.0,262.0,529.0,0.0,1.0,6.0,0.0,0.0,1.0,0.0,0.29,82.0,255.0,1.0,0.0,0.03,0.0,0.0,0.0,0.0,8153.0
39.0,9.0,48.0,48.0,0.0,0.0,1.0,0.0,0.0,1.0,0.0,0.0,82.0,18.0,0.22,0.05,0.0,0.0,0.0,0.0,0.0,48530.0
11.0,9.0,45.0,77.0,0.0,0.0,182.0,0.0,0.0,1.0,0.0,0.0,255.0,250.0,0.98,0.01,0.0,0.0,0.0,0.0,0.0,57271.0
22.0,9.0,343.0,2445.0,0.0,1.0,6.0,0.0,0.0,1.0,0.0,0.0,32.0,255.0,1.0,0.0,0.02,0.0,0.0,0.0,0.0,14783.0
22.0,9.0,304.0,4896.0,0.0,1.0,10.0,0.0,0.0,1.0,0.0,0.0,255.0,255.0,1.0,0.0,0.0,0.0,0.0,0.0,0.0,85640.0
40.0,9.0,516.0,4.0,0.0,0.0,468.0,0.0,0.0,1.0,0.0,0.0,255.0,255.0,1.0,0.0,0.0,0.0,0.0,0.0,0.0,106111.0
11.0,9.0,43.0,84.0,0.0,0.0,156.0,0.0,0.0,1.0,0.0,0.0,255.0,203.0,0.8,0.01,0.0,0.0,0.0,0.0,0.0,82281.0
17.0,9.0,9.0,147.0,0.0,0.0,1.0,0.0,0.0,1.0,0.0,0.0,38.0,10.0,0.05,0.08,0.3,0.0,0.0,0.0,0.0,74570.0
40.0,9.0,147.0,105.0,0.0,0.0,4.0,0.0,0.0,0.5,0.5,0.0,255.0,2.0,0.01,0.57,0.0,0.0,0.0,0.0,0.0,78754.0
22.0,9.0,200.0,4320.0,0.0,1.0,2.0,0.0,0.0,1.0,0.0,0.0,2.0,255.0,1.0,0.0,0.04,0.0,0.0,0.0,0.0,31021.0
11.0,9.0,44.0,113.0,0.0,0.0,1.0,0.0,0.0,1.0,0.0,1.0,255.0,236.0,0.93,0.01,0.0,0.0,0.0,0.0,0.0,75382.0
11.0,9.0,94.0,53.0,0.0,0.0,4.0,0.0,0.0,1.0,0.0,0.0,36.0,24.0,0.67,0.08,0.0,0.0,0.0,0.0,0.0,14037.0
22.0,9.0,198.0,6867.0,0.0,1.0,4.0,0.0,0.0,1.0,0.0,0.0,35.0,255.0,1.0,0.0,0.01,0.0,0.0,0.0,0.0,81725.0
22.0,9.0,313.0,1481.0,0.0,1.0,4.0,0.0,0.0,1.0,0.0,0.0,255.0,255.0,1.0,0.0,0.0,0.0,0.0,0.0,0.0,89817.0
14.0,9.0,64.0,0.0,0.0,0.0,1.0,0.0,0.0,1.0,0.0,0.0,32.0,1.0,0.03,0.12,0.0,0.03,0.0,0.0,0.0,37377.0
22.0,1.0,0.0,0.0,0.0,0.0,2.0,0.0,0.0,1.0,0.0,0.8,71.0,71.0,1.0,0.0,0.0,0.0,0.0,1.0,0.0,108222.0
11.0,9.0,44.0,69.0,0.0,0.0,130.0,0.0,0.0,1.0,0.0,0.0,255.0,254.0,1.0,0.01,0.0,0.0,0.0,0.0,0.0,59091.0
40.0,9.0,23.0,0.0,0.0,0.0,1.0,0.0,0.0,1.0,0.0,0.0,255.0,1.0,0.0,0.02,0.0,0.0,0.0,0.0,0.0,62967.0
40.0,9.0,516.0,4.0,0.0,0.0,387.0,0.0,0.0,1.0,0.0,0.0,255.0,255.0,1.0,0.0,0.0,0.0,0.0,0.0,0.0,35334.0
22.0,9.0,219.0,765.0,0.0,1.0,1.0,0.0,0.0,1.0,0.0,0.0,255.0,255.0,1.0,0.0,0.0,0.0,0.0,0.0,0.0,36018.0
13.0,9.0,30.0,0.0,0.0,0.0,2.0,0.0,0.0,0.5,1.0,0.0,255.0,5.0,0.02,0.01,0.0,0.0,0.0,0.0,0.0,32162.0
22.0,9.0,175.0,1000.0,0.0,1.0,14.0,0.0,0.0,1.0,0.0,0.19,14.0,255.0,1.0,0.0,0.06,0.0,0.0,0.01,0.0,123458.0
19.0,9.0,192.0,0.0,0.0,0.0,2.0,0.0,0.0,1.0,0.0,0.0,63.0,119.0,0.84,0.05,0.02,0.0,0.0,0.0,0.0,19048.0
19.0,9.0,2881.0,0.0,0.0,0.0,5.0,0.0,0.0,1.0,0.0,0.0,255.0,60.0,0.24,0.02,0.0,0.38,0.0,0.0,0.0,90723.0
22.0,9.0,211.0,333.0,0.0,1.0,28.0,0.0,0.0,1.0,0.0,0.05,255.0,255.0,1.0,0.0,0.0,0.0,0.0,0.0,0.0,105758.0
22.0,9.0,214.0,2175.0,0.0,1.0,3.0,0.0,0.0,1.0,0.0,0.0,3.0,255.0,1.0,0.0,0.06,0.0,0.0,0.0,0.0,69084.0
22.0,9.0,204.0,1600.0,0.0,1.0,4.0,0.0,0.0,1.0,0.0,0.4,255.0,255.0,1.0,0.0,0.0,0.0,0.0,0.0,0.0,62406.0
55.0,9.0,191.0,7232.0,0.0,1.0,1.0,0.0,0.0,1.0,0.0,0.0,104.0,19.0,0.18,0.04,0.0,0.0,0.0,0.11,0.0,117437.0
22.0,9.0,297.0,1491.0,0.0,1.0,39.0,0.0,0.0,1.0,0.0,0.09,122.0,125.0,1.0,0.0,0.02,0.0,0.0,0.0,0.0,89169.0
49.0,9.0,2652.0,331.0,0.0,1.0,1.0,0.0,0.0,1.0,0.0,0.0,11.0,21.0,0.82,0.27,0.1,0.0,0.0,0.0,0.0,113762.0
19.0,9.0,1874.0,0.0,0.0,1.0,9.0,0.0,0.0,1.0,0.0,0.0,255.0,103.0,0.4,0.02,0.0,0.0,0.0,0.0,0.0,40058.0
22.0,9.0,242.0,3248.0,0.0,1.0,1.0,0.0,0.0,1.0,0.0,0.0,2.0,255.0,1.0,0.0,0.02,0.0,0.0,0.0,0.0,15302.0
22.0,9.0,317.0,1721.0,0.0,1.0,8.0,0.0,0.0,1.0,0.0,0.11,56.0,255.0,1.0,0.0,0.07,0.0,0.0,0.89,0.0,114823.0
40.0,9.0,167.0,0.0,0.0,1.0,1.0,0.0,0.0,1.0,0.0,0.0,157.0,1.0,0.01,0.05,0.0,0.03,0.0,0.0,0.0,4663.0
17.0,2.0,0.0,0.0,0.0,0.0,1.0,0.0,0.0,1.0,0.0,0.0,94.0,3.0,0.03,0.05,0.0,0.0,0.0,0.33,0.0,100436.0
40.0,9.0,147.0,105.0,0.0,0.0,5.0,0.0,0.0,0.2,0.6,0.0,21.0,1.0,0.05,0.76,0.0,0.0,0.0,0.0,0.0,21992.0
11.0,9.0,44.0,75.0,0.0,0.0,72.0,0.0,0.0,1.0,0.0,0.0,255.0,254.0,1.0,0.01,0.0,0.0,0.0,0.0,0.0,91162.0
11.0,9.0,38.0,38.0,0.0,0.0,2.0,0.0,0.0,1.0,0.0,0.67,255.0,237.0,0.93,0.01,0.0,0.0,0.0,0.0,0.0,45920.0
22.0,9.0,226.0,11036.0,0.0,1.0,3.0,0.0,0.0,1.0,0.0,0.14,3.0,255.0,1.0,0.0,0.01,0.0,0.0,0.0,0.0,35853.0
22.0,9.0,294.0,1214.0,0.0,1.0,9.0,0.0,0.0,1.0,0.0,0.0,255.0,255.0,1.0,0.0,0.0,0.0,0.0,0.0,0.0,11390.0
22.0,9.0,209.0,1645.0,0.0,1.0,1.0,0.0,0.0,1.0,0.0,0.0,91.0,255.0,1.0,0.0,0.04,0.0,0.0,0.0,0.0,98043.0
22.0,9.0,220.0,451.0,0.0,1.0,35.0,0.0,0.0,1.0,0.0,0.05,93.0,255.0,1.0,0.0,0.03,0.0,0.0,0.0,0.0,21935.0
22.0,9.0,295.0,685.0,0.0,1.0,27.0,0.0,0.0,1.0,0.0,0.0,27.0,221.0,1.0,0.0,0.03,0.0,0.0,0.0,0.0,42997.0
22.0,9.0,206.0,2184.0,0.0,1.0,12.0,0.0,0.0,1.0,0.0,0.0,255.0,255.0,1.0,0.0,0.0,0.0,0.0,0.0,0.0,65201.0
19.0,9.0,11842.0,0.0,0.0,1.0,1.0,0.0,0.0,1.0,0.0,1.0,4.0,80.0,1.0,0.0,0.04,0.0,0.0,0.0,0.0,92079.0
11.0,9.0,45.0,134.0,0.0,0.0,80.0,0.0,0.0,1.0,0.0,0.01,255.0,255.0,1.0,0.0,0.0,0.0,0.0,0.0,0.0,16769.0
22.0,9.0,289.0,767.0,0.0,1.0,21.0,0.0,0.0,1.0,0.0,0.0,239.0,255.0,1.0,0.0,0.01,0.0,0.0,0.0,0.0,113338.0
11.0,9.0,22.0,75.0,0.0,0.0,2.0,0.0,0.0,0.5,1.0,0.0,94.0,89.0,0.95,0.02,0.0,0.0,0.0,0.0,0.0,18919.0
22.0,9.0,303.0,261.0,0.0,1.0,16.0,0.0,0.0,1.0,0.0,0.17,255.0,255.0,1.0,0.0,0.0,0.0,0.0,0.0,0.0,56642.0
22.0,9.0,220.0,1608.0,0.0,1.0,20.0,0.0,0.0,1.0,0.0,0.1,71.0,255.0,1.0,0.0,0.02,0.0,0.0,0.0,0.0,25006.0
11.0,9.0,44.0,44.0,0.0,0.0,40.0,0.0,0.0,1.0,0.0,0.02,255.0,255.0,1.0,0.0,0.0,0.0,0.0,0.0,0.0,61705.0
51.0,9.0,651.0,9615.0,0.0,1.0,1.0,0.0,0.0,1.0,0.0,0.0,171.0,1.0,0.01,0.03,0.0,0.0,0.0,0.0,0.0,89578.0
0.0,9.0,73.0,17.0,0.0,1.0,1.0,0.0,0.0,1.0,0.0,0.0,37.0,11.0,0.3,0.05,0.0,0.0,0.0,0.73,0.0,95249.0
22.0,9.0,179.0,273525.0,0.0,1.0,1.0,0.0,0.0,1.0,0.0,0.14,255.0,253.0,0.99,0.01,0.0,0.0,0.0,0.0,0.0,33982.0
55.0,2.0,125.0,179.0,0.0,0.0,2.0,0.0,0.0,1.0,0.0,0.0,7.0,7.0,1.0,0.0,0.0,0.14,0.14,0.86,1.0,84693.0
22.0,9.0,357.0,412.0,0.0,1.0,19.0,0.0,0.0,1.0,0.0,0.1,255.0,255.0,1.0,0.0,0.0,0.0,0.0,0.0,0.0,42101.0
22.0,9.0,211.0,24786.0,0.0,1.0,19.0,0.0,0.0,1.0,0.0,0.0,255.0,255.0,1.0,0.0,0.0,0.0,0.0,0.0,0.0,14136.0
22.0,9.0,238.0,2002.0,0.0,1.0,12.0,0.0,0.0,1.0,0.0,0.06,98.0,255.0,1.0,0.0,0.02,0.0,0.01,0.0,0.0,112613.0
49.0,9.0,1476.0,364.0,0.0,1.0,1.0,0.0,0.0,1.0,0.0,1.0,58.0,54.0,0.93,0.03,0.0,0.0,0.0,0.0,0.0,36970.0
19.0,9.0,1692.0,0.0,0.0,0.0,2.0,0.0,0.0,1.0,0.0,0.0,255.0,31.0,0.12,0.63,0.0,0.63,0.0,0.0,0.0,12250.0
22.0,9.0,249.0,726.0,0.0,1.0,20.0,0.0,0.0,1.0,0.0,0.0,255.0,255.0,1.0,0.0,0.0,0.0,0.0,0.0,0.0,76505.0
22.0,9.0,306.0,1380.0,0.0,1.0,3.0,0.33,0.33,1.0,0.0,0.0,255.0,236.0,0.93,0.02,0.0,0.01,0.01,0.0,0.0,85935.0
22.0,9.0,293.0,362.0,0.0,1.0,8.0,0.0,0.0,1.0,0.0,0.2,255.0,255.0,1.0,0.0,0.0,0.0,0.0,0.0,0.0,91605.0
49.0,9.0,2704.0,400.0,0.0,1.0,1.0,0.0,0.0,1.0,0.0,0.0,255.0,138.0,0.54,0.02,0.0,0.0,0.0,0.0,0.0,98684.0
22.0,9.0,257.0,253.0,0.0,1.0,17.0,0.0,0.0,1.0,0.0,0.08,255.0,255.0,1.0,0.0,0.0,0.0,0.0,0.0,0.0,94205.0
19.0,9.0,1363.0,0.0,0.0,1.0,10.0,0.0,0.0,1.0,0.0,0.17,140.0,112.0,0.36,0.03,0.03,0.0,0.0,0.0,0.0,50564.0
22.0,1.0,0.0,0.0,0.0,0.0,1.0,0.0,0.0,1.0,0.0,0.0,2.0,255.0,1.0,0.0,0.15,0.0,0.0,0.79,0.0,20627.0
11.0,9.0,45.0,110.0,0.0,0.0,1.0,0.0,0.0,1.0,0.0,1.0,255.0,238.0,0.93,0.01,0.0,0.0,0.0,0.0,0.0,23529.0
22.0,9.0,270.0,2482.0,0.0,1.0,27.0,0.0,0.0,1.0,0.0,0.06,27.0,255.0,1.0,0.0,0.04,0.0,0.0,0.0,0.0,37228.0
44.0,9.0,0.0,0.0,0.0,0.0,1.0,0.0,0.0,1.0,0.0,0.0,1.0,1.0,1.0,0.0,0.0,0.0,0.0,0.0,0.0,91467.0
0.0,4.0,1010.0,6365.0,0.0,1.0,2.0,0.0,0.0,1.0,0.0,0.0,34.0,14.0,0.41,0.06,0.0,0.12,0.29,0.57,0.0,94727.0
19.0,9.0,884.0,0.0,0.0,1.0,2.0,0.0,0.0,1.0,0.0,0.0,255.0,36.0,0.14,0.02,0.0,0.0,0.0,0.0,0.0,55722.0
22.0,9.0,290.0,1693.0,0.0,1.0,9.0,0.0,0.0,1.0,0.0,0.0,156.0,255.0,1.0,0.0,0.05,0.0,0.0,0.0,0.0,43503.0
22.0,9.0,281.0,757.0,0.0,1.0,1.0,0.0,0.0,1.0,0.0,1.0,35.0,255.0,1.0,0.0,0.04,0.0,0.0,0.0,0.0,92936.0
49.0,9.0,1698.0,390.0,0.0,1.0,1.0,0.0,0.0,1.0,0.0,0.0,255.0,96.0,0.38,0.25,0.0,0.25,0.0,0.0,0.0,70232.0
22.0,9.0,283.0,3091.0,0.0,1.0,2.0,0.0,0.0,1.0,0.0,0.0,6.0,255.0,1.0,0.0,0.04,0.0,0.0,0.0,0.0,124375.0
22.0,9.0,194.0,263.0,0.0,1.0,15.0,0.0,0.0,1.0,0.0,0.17,255.0,255.0,1.0,0.0,0.0,0.0,0.0,0.0,0.0,84105.0
22.0,9.0,316.0,266.0,0.0,1.0,1.0,0.0,0.0,1.0,0.0,0.4,62.0,255.0,1.0,0.0,0.03,0.0,0.0,0.0,0.0,74247.0
22.0,9.0,231.0,258.0,0.0,1.0,4.0,0.0,0.0,1.0,0.0,0.0,255.0,252.0,0.99,0.01,0.0,0.0,0.0,0.0,0.0,25568.0
22.0,9.0,415.0,11202.0,0.0,1.0,5.0,0.2,0.2,1.0,0.0,0.0,255.0,255.0,1.0,0.0,0.0,0.01,0.01,0.0,0.0,74632.0
22.0,9.0,207.0,934.0,0.0,1.0,11.0,0.0,0.0,1.0,0.0,0.13,210.0,255.0,1.0,0.0,0.02,0.0,0.0,0.0,0.0,110700.0
17.0,9.0,7.0,0.0,0.0,0.0,1.0,0.0,0.0,1.0,0.0,0.0,46.0,11.0,0.09,0.04,0.18,0.0,0.0,0.0,0.0,2177.0
22.0,9.0,191.0,1938.0,0.0,1.0,2.0,0.0,0.0,1.0,0.0,0.0,17.0,255.0,1.0,0.0,0.08,0.0,0.0,0.0,0.0,74894.0
22.0,9.0,224.0,2043.0,0.0,1.0,14.0,0.0,0.0,1.0,0.0,0.0,255.0,255.0,1.0,0.0,0.0,0.0,0.0,0.0,0.0,78050.0
49.0,9.0,2092.0,363.0,0.0,1.0,1.0,0.0,0.0,1.0,0.0,1.0,34.0,175.0,0.74,0.15,0.02,0.0,0.0,0.0,0.0,13213.0
18.0,9.0,322.0,1054.0,0.0,1.0,1.0,0.0,0.0,1.0,0.0,0.0,237.0,58.0,0.24,0.02,0.0,0.0,0.0,0.0,0.0,120427.0
18.0,9.0,1223.0,2451.0,0.0,1.0,1.0,0.0,0.0,1.0,0.0,0.0,179.0,7.0,0.04,0.03,0.0,0.01,0.0,0.0,1.0,55937.0
55.0,9.0,650.0,19154.0,0.0,1.0,1.0,0.0,0.0,1.0,0.0,0.0,44.0,6.0,0.11,0.07,0.33,0.0,0.17,0.0,0.0,122442.0
22.0,1.0,0.0,0.0,0.0,0.0,1.0,0.0,0.0,1.0,0.0,0.0,2.0,41.0,1.0,0.0,0.24,0.0,0.0,1.0,0.0,89545.0
22.0,9.0,220.0,1111.0,0.0,1.0,11.0,0.0,0.0,1.0,0.0,0.0,11.0,255.0,1.0,0.0,0.02,0.0,0.0,0.0,0.0,117789.0
17.0,9.0,9.0,44.0,0.0,0.0,4.0,0.0,0.0,1.0,0.0,0.0,154.0,6.0,0.04,0.06,0.0,0.01,0.0,0.0,1.0,41573.0
11.0,9.0,43.0,131.0,0.0,0.0,80.0,0.0,0.0,0.99,0.03,0.01,255.0,216.0,0.85,0.02,0.0,0.0,0.0,0.0,0.0,60326.0
22.0,9.0,302.0,381.0,0.0,1.0,12.0,0.0,0.0,1.0,0.0,0.0,12.0,255.0,1.0,0.0,0.07,0.0,0.0,0.04,0.0,101268.0
22.0,9.0,255.0,2972.0,0.0,1.0,1.0,0.0,0.0,1.0,0.0,0.6,162.0,255.0,1.0,0.0,0.01,0.0,0.0,0.0,0.0,22340.0
22.0,9.0,244.0,2522.0,0.0,1.0,1.0,0.0,0.0,1.0,0.0,0.25,156.0,255.0,1.0,0.0,0.02,0.0,0.0,0.0,0.0,40423.0
49.0,9.0,1591.0,338.0,0.0,1.0,1.0,0.0,0.0,1.0,0.0,0.0,118.0,233.0,0.94,0.02,0.01,0.0,0.0,0.0,0.0,37973.0
22.0,9.0,311.0,3785.0,0.0,1.0,2.0,0.0,0.0,1.0,0.0,0.67,80.0,255.0,1.0,0.0,0.01,0.0,0.0,0.0,0.0,86180.0
22.0,9.0,342.0,511.0,0.0,1.0,20.0,0.0,0.0,1.0,0.0,0.1,255.0,255.0,1.0,0.0,0.0,0.0,0.0,0.0,0.0,72609.0
19.0,9.0,1342.0,0.0,0.0,1.0,8.0,0.0,0.11,1.0,0.0,0.22,134.0,32.0,0.24,0.04,0.0,0.0,0.0,0.0,0.0,56016.0
22.0,9.0,236.0,261.0,0.0,1.0,5.0,0.0,0.0,1.0,0.0,0.18,20.0,255.0,1.0,0.0,0.01,0.0,0.0,0.0,0.0,85660.0
22.0,9.0,300.0,2507.0,0.0,1.0,4.0,0.0,0.0,1.0,0.0,0.0,216.0,210.0,0.97,0.01,0.0,0.0,0.0,0.07,0.0,75714.0
22.0,9.0,245.0,250.0,0.0,1.0,2.0,0.0,0.0,1.0,0.0,0.15,89.0,255.0,1.0,0.0,0.02,0.0,0.0,0.0,0.0,83121.0
22.0,9.0,268.0,7938.0,0.0,1.0,4.0,0.0,0.0,1.0,0.0,0.0,25.0,43.0,1.0,0.0,0.05,0.0,0.0,0.0,0.0,113529.0
11.0,9.0,46.0,136.0,0.0,0.0,238.0,0.0,0.0,1.0,0.01,0.01,255.0,245.0,0.96,0.01,0.0,0.0,0.0,0.0,0.0,25614.0
22.0,9.0,329.0,614.0,0.0,1.0,12.0,0.0,0.0,1.0,0.0,0.0,12.0,255.0,1.0,0.0,0.03,0.0,0.0,0.0,0.0,67296.0
22.0,9.0,215.0,827.0,0.0,1.0,7.0,0.0,0.0,1.0,0.0,0.25,7.0,255.0,1.0,0.0,0.07,0.0,0.0,0.0,0.0,49616.0
22.0,9.0,332.0,4714.0,0.0,1.0,20.0,0.0,0.0,1.0,0.0,0.1,21.0,255.0,1.0,0.0,0.07,0.0,0.0,0.0,0.0,54566.0
49.0,9.0,840.0,332.0,0.0,1.0,1.0,0.0,0.0,1.0,0.0,0.0,121.0,181.0,0.98,0.02,0.01,0.0,0.0,0.0,0.0,54920.0
11.0,9.0,44.0,74.0,0.0,0.0,127.0,0.0,0.0,1.0,0.0,0.02,255.0,225.0,0.88,0.01,0.0,0.0,0.0,0.0,0.0,1799.0
22.0,9.0,54540.0,8314.0,0.0,1.0,4.0,0.0,0.0,1.0,0.0,0.0,124.0,124.0,1.0,0.0,0.0,0.0,0.0,0.05,1.0,85513.0
22.0,9.0,218.0,1719.0,0.0,1.0,12.0,0.0,0.0,1.0,0.0,0.0,255.0,255.0,1.0,0.0,0.0,0.0,0.0,0.0,0.0,72172.0
11.0,9.0,45.0,81.0,0.0,0.0,298.0,0.0,0.0,1.0,0.01,0.0,255.0,254.0,1.0,0.01,0.0,0.0,0.0,0.0,0.0,23527.0
19.0,9.0,491.0,0.0,0.0,0.0,1.0,0.0,0.0,1.0,0.0,0.0,58.0,8.0,0.14,0.07,0.0,0.0,0.0,0.0,0.0,23681.0
22.0,9.0,324.0,3660.0,0.0,1.0,4.0,0.0,0.0,1.0,0.0,0.0,237.0,255.0,1.0,0.0,0.01,0.01,0.01,0.0,0.0,48655.0
22.0,9.0,225.0,668.0,0.0,1.0,52.0,0.0,0.0,1.0,0.0,0.04,255.0,255.0,1.0,0.0,0.0,0.0,0.0,0.0,0.0,19140.0
49.0,9.0,1023.0,334.0,0.0,1.0,1.0,0.0,0.0,1.0,0.0,0.0,227.0,119.0,0.48,0.02,0.02,0.0,0.0,0.0,0.0,72697.0
22.0,9.0,213.0,2776.0,0.0,1.0,10.0,0.0,0.0,1.0,0.0,0.0,10.0,255.0,1.0,0.0,0.01,0.0,0.0,0.0,0.0,50938.0
22.0,9.0,244.0,1952.0,0.0,1.0,24.0,0.0,0.0,1.0,0.0,0.0,24.0,255.0,1.0,0.0,0.04,0.0,0.0,0.0,0.0,82568.0
22.0,9.0,241.0,389.0,0.0,1.0,4.0,0.0,0.0,1.0,0.0,0.0,46.0,255.0,1.0,0.0,0.01,0.0,0.0,0.0,0.0,80916.0
22.0,9.0,237.0,952.0,0.0,1.0,22.0,0.0,0.0,1.0,0.0,0.1,25.0,255.0,1.0,0.0,0.02,0.0,0.0,0.0,0.0,25057.0
22.0,9.0,350.0,1627.0,0.0,1.0,17.0,0.0,0.0,1.0,0.0,0.0,17.0,255.0,1.0,0.0,0.04,0.0,0.0,0.0,0.0,105510.0
22.0,9.0,226.0,650.0,0.0,1.0,10.0,0.0,0.0,1.0,0.0,0.0,89.0,255.0,1.0,0.0,0.04,0.0,0.01,0.01,0.0,2418.0
22.0,9.0,204.0,6356.0,0.0,1.0,32.0,0.0,0.0,1.0,0.0,0.06,207.0,255.0,1.0,0.0,0.01,0.0,0.0,0.0,0.0,94632.0
22.0,9.0,221.0,3905.0,0.0,1.0,22.0,0.0,0.0,1.0,0.0,0.06,255.0,255.0,1.0,0.0,0.0,0.0,0.0,0.0,0.0,108565.0
22.0,1.0,0.0,0.0,0.0,0.0,1.0,0.0,0.0,1.0,0.0,1.0,2.0,255.0,1.0,0.0,0.19,0.0,0.01,0.99,0.0,25587.0
22.0,9.0,342.0,2444.0,0.0,1.0,7.0,0.0,0.0,1.0,0.0,0.18,23.0,255.0,1.0,0.0,0.04,0.0,0.0,0.0,0.0,85579.0
49.0,9.0,795.0,335.0,0.0,1.0,1.0,0.0,0.0,1.0,0.0,0.0,4.0,130.0,1.0,0.0,0.02,0.0,0.0,0.0,0.0,107596.0
22.0,9.0,220.0,943.0,0.0,1.0,7.0,0.0,0.0,1.0,0.0,0.25,77.0,255.0,1.0,0.0,0.03,0.0,0.0,0.0,0.0,50877.0
11.0,9.0,45.0,45.0,0.0,0.0,185.0,0.0,0.0,1.0,0.0,0.0,255.0,229.0,0.9,0.01,0.0,0.0,0.0,0.0,0.0,8751.0
22.0,9.0,259.0,1001.0,0.0,1.0,6.0,0.0,0.0,1.0,0.0,0.0,255.0,255.0,1.0,0.0,0.0,0.0,0.0,0.0,0.0,23773.0
22.0,9.0,235.0,309.0,0.0,1.0,19.0,0.0,0.0,1.0,0.0,0.0,255.0,255.0,1.0,0.0,0.0,0.0,0.0,0.0,0.0,33871.0
22.0,9.0,209.0,267.0,0.0,1.0,3.0,0.0,0.0,1.0,0.0,0.08,150.0,255.0,1.0,0.0,0.01,0.0,0.0,0.0,0.0,34040.0
22.0,9.0,292.0,3529.0,0.0,1.0,1.0,0.0,0.0,1.0,0.0,0.0,1.0,233.0,1.0,0.0,0.05,0.0,0.0,0.0,0.0,39021.0
11.0,9.0,45.0,130.0,0.0,0.0,192.0,0.0,0.0,0.99,0.01,0.0,223.0,190.0,0.85,0.01,0.0,0.0,0.0,0.0,0.0,55966.0
39.0,9.0,48.0,48.0,0.0,0.0,1.0,0.0,0.0,1.0,0.0,0.0,45.0,45.0,1.0,0.0,0.0,0.0,0.0,0.0,0.0,82480.0
22.0,9.0,275.0,8042.0,0.0,1.0,20.0,0.0,0.0,1.0,0.0,0.12,20.0,255.0,1.0,0.0,0.04,0.0,0.0,0.0,0.0,41815.0
22.0,9.0,312.0,2993.0,0.0,1.0,7.0,0.0,0.0,1.0,0.0,0.0,206.0,255.0,1.0,0.0,0.02,0.0,0.0,0.01,0.0,77423.0
49.0,9.0,876.0,329.0,0.0,1.0,1.0,0.0,0.0,1.0,0.0,0.0,141.0,134.0,0.77,0.03,0.01,0.0,0.0,0.0,0.0,107615.0
22.0,9.0,257.0,490.0,0.0,1.0,1.0,0.0,0.0,1.0,0.0,0.0,21.0,255.0,1.0,0.0,0.04,0.0,0.0,0.0,0.0,92961.0
22.0,9.0,206.0,4057.0,0.0,1.0,2.0,0.0,0.0,1.0,0.0,0.33,33.0,255.0,1.0,0.0,0.02,0.0,0.0,0.0,0.0,20094.0
11.0,9.0,43.0,75.0,0.0,0.0,133.0,0.0,0.0,1.0,0.0,0.01,255.0,254.0,1.0,0.01,0.0,0.0,0.0,0.0,0.0,5632.0
22.0,9.0,159.0,27085.0,0.0,1.0,1.0,0.0,0.0,1.0,0.0,0.0,255.0,255.0,1.0,0.0,0.0,0.0,0.0,0.0,0.0,94767.0
49.0,9.0,1077.0,370.0,0.0,1.0,2.0,0.0,0.0,0.5,1.0,0.0,255.0,13.0,0.05,0.61,0.0,0.0,0.08,0.0,0.0,122021.0
11.0,9.0,45.0,133.0,0.0,0.0,237.0,0.0,0.0,1.0,0.0,0.01,255.0,253.0,0.99,0.01,0.0,0.0,0.0,0.0,0.0,13469.0
22.0,9.0,280.0,453.0,0.0,1.0,25.0,0.0,0.0,1.0,0.0,0.0,255.0,255.0,1.0,0.0,0.0,0.0,0.0,0.0,0.0,93116.0
22.0,9.0,333.0,420.0,0.0,1.0,1.0,0.0,0.0,1.0,0.0,1.0,255.0,255.0,1.0,0.0,0.0,0.0,0.0,0.0,0.0,43124.0
11.0,9.0,44.0,130.0,0.0,0.0,74.0,0.0,0.0,1.0,0.0,0.01,255.0,254.0,1.0,0.01,0.0,0.0,0.0,0.0,0.0,38799.0
22.0,9.0,191.0,383.0,0.0,1.0,44.0,0.0,0.0,1.0,0.0,0.07,45.0,255.0,1.0,0.0,0.02,0.0,0.0,0.0,0.0,86403.0
22.0,9.0,215.0,488.0,0.0,1.0,7.0,0.0,0.0,1.0,0.0,0.25,50.0,255.0,1.0,0.0,0.03,0.0,0.0,0.0,0.0,52851.0
22.0,9.0,245.0,307.0,0.0,1.0,9.0,0.0,0.0,1.0,0.0,0.18,255.0,255.0,1.0,0.0,0.0,0.0,0.0,0.0,0.0,81171.0
22.0,9.0,334.0,1600.0,0.0,1.0,9.0,0.0,0.0,1.0,0.0,0.0,255.0,255.0,1.0,0.0,0.0,0.0,0.0,0.0,0.0,118679.0
22.0,9.0,241.0,13224.0,0.0,1.0,7.0,0.0,0.0,1.0,0.0,0.0,42.0,255.0,1.0,0.0,0.03,0.0,0.0,0.0,0.0,14801.0
22.0,9.0,322.0,1108.0,0.0,1.0,40.0,0.0,0.0,1.0,0.0,0.0,40.0,255.0,1.0,0.0,0.04,0.0,0.0,0.0,0.0,23467.0
22.0,9.0,223.0,160.0,0.0,1.0,1.0,0.0,0.0,1.0,0.0,0.05,21.0,255.0,1.0,0.0,0.04,0.0,0.0,0.0,0.0,79655.0
22.0,9.0,328.0,3141.0,0.0,1.0,2.0,0.0,0.0,1.0,0.0,0.4,92.0,255.0,1.0,0.0,0.01,0.0,0.0,0.0,0.0,100933.0
49.0,9.0,977.0,368.0,0.0,1.0,1.0,0.0,0.0,1.0,0.0,1.0,22.0,121.0,0.55,0.18,0.02,0.0,0.0,0.0,0.0,106032.0
22.0,9.0,333.0,8019.0,0.0,1.0,3.0,0.33,0.12,1.0,0.0,0.25,3.0,255.0,1.0,0.0,0.03,0.33,0.01,0.0,0.0,88577.0
22.0,9.0,309.0,1528.0,0.0,1.0,7.0,0.0,0.0,1.0,0.0,0.0,255.0,255.0,1.0,0.0,0.0,0.01,0.01,0.0,0.0,16310.0
22.0,9.0,234.0,4178.0,0.0,1.0,9.0,0.0,0.0,1.0,0.0,0.0,81.0,255.0,1.0,0.0,0.04,0.0,0.0,0.0,0.0,28070.0
19.0,9.0,4539.0,0.0,0.0,1.0,20.0,0.0,0.0,1.0,0.0,0.0,27.0,68.0,0.96,0.07,0.03,0.0,0.0,0.0,0.0,34894.0
22.0,9.0,293.0,1651.0,0.0,1.0,10.0,0.0,0.0,1.0,0.0,0.0,97.0,255.0,1.0,0.0,0.01,0.0,0.0,0.0,0.0,43602.0
0.0,9.0,74.0,18.0,0.0,0.0,2.0,0.0,0.0,1.0,0.0,0.0,53.0,17.0,0.32,0.04,0.0,0.0,0.0,0.59,0.0,66612.0
22.0,9.0,305.0,847.0,0.0,1.0,5.0,0.0,0.0,1.0,0.0,0.0,30.0,255.0,1.0,0.0,0.01,0.0,0.0,0.0,0.0,84731.0
22.0,9.0,210.0,10609.0,0.0,1.0,13.0,0.0,0.0,1.0,0.0,0.12,13.0,255.0,1.0,0.0,0.04,0.0,0.0,0.0,0.0,114564.0
58.0,9.0,78.0,0.0,0.0,0.0,35.0,0.0,0.0,0.11,0.06,0.4,255.0,28.0,0.11,0.01,0.0,0.0,0.0,0.0,0.0,15778.0
40.0,9.0,147.0,105.0,0.0,0.0,4.0,0.0,0.0,0.5,0.5,0.0,255.0,2.0,0.01,0.44,0.0,0.0,0.0,0.0,0.0,119004.0
40.0,9.0,516.0,4.0,0.0,0.0,368.0,0.0,0.0,1.0,0.0,0.0,255.0,255.0,1.0,0.0,0.0,0.0,0.0,0.0,0.0,50003.0
11.0,9.0,36.0,96.0,0.0,0.0,1.0,0.0,0.0,1.0,0.0,0.6,7.0,193.0,1.0,0.0,0.01,0.0,0.0,0.0,0.0,13034.0
18.0,9.0,1513.0,4152.0,0.0,1.0,1.0,0.0,0.0,1.0,0.0,0.0,149.0,58.0,0.39,0.03,0.0,0.0,0.0,0.0,0.0,49537.0
22.0,9.0,215.0,8421.0,0.0,1.0,3.0,0.0,0.0,1.0,0.0,0.0,255.0,255.0,1.0,0.0,0.0,0.0,0.0,0.0,0.0,96553.0
22.0,9.0,209.0,685.0,0.0,1.0,6.0,0.0,0.0,1.0,0.0,0.12,8.0,255.0,1.0,0.0,0.11,0.0,0.0,0.62,0.0,35053.0
11.0,9.0,44.0,74.0,0.0,0.0,3.0,0.0,0.0,1.0,0.0,0.0,255.0,251.0,0.98,0.01,0.0,0.0,0.0,0.0,0.0,104715.0
22.0,9.0,227.0,9986.0,0.0,1.0,14.0,0.0,0.0,1.0,0.0,0.12,255.0,255.0,1.0,0.0,0.0,0.0,0.0,0.0,0.0,23065.0
22.0,9.0,335.0,289.0,0.0,1.0,1.0,0.0,0.0,1.0,0.0,0.0,12.0,255.0,1.0,0.0,0.01,0.0,0.0,0.0,0.0,10876.0
19.0,9.0,4539.0,0.0,0.0,1.0,20.0,0.0,0.0,1.0,0.0,0.0,141.0,49.0,0.28,0.03,0.04,0.0,0.0,0.0,0.0,978.0
22.0,9.0,243.0,7332.0,0.0,1.0,12.0,0.0,0.0,1.0,0.0,0.0,255.0,255.0,1.0,0.0,0.0,0.0,0.0,0.0,0.0,38908.0
22.0,9.0,305.0,3410.0,0.0,1.0,9.0,0.0,0.0,1.0,0.0,0.0,255.0,255.0,1.0,0.0,0.0,0.0,0.0,0.0,0.0,105419.0
22.0,9.0,308.0,553.0,0.0,1.0,2.0,0.0,0.0,1.0,0.0,0.3,2.0,5.0,1.0,0.0,0.4,0.0,0.4,0.2,0.0,8275.0
22.0,9.0,297.0,1779.0,0.0,1.0,23.0,0.0,0.0,1.0,0.0,0.0,35.0,255.0,1.0,0.0,0.05,0.0,0.0,0.0,0.0,114696.0
22.0,9.0,308.0,2239.0,0.0,1.0,6.0,0.0,0.0,1.0,0.0,0.0,116.0,103.0,0.89,0.03,0.0,0.0,0.0,0.0,0.0,100043.0
11.0,9.0,44.0,130.0,0.0,0.0,67.0,0.0,0.0,1.0,0.0,0.01,255.0,195.0,0.76,0.02,0.0,0.0,0.0,0.0,0.0,1959.0
49.0,9.0,1188.0,492.0,0.0,1.0,1.0,0.0,0.0,1.0,0.0,1.0,255.0,129.0,0.51,0.02,0.0,0.42,0.47,0.0,0.0,112899.0
22.0,9.0,239.0,2982.0,0.0,1.0,2.0,0.0,0.0,1.0,0.0,0.17,2.0,82.0,1.0,0.0,0.11,0.0,0.0,0.0,0.0,7413.0
11.0,9.0,45.0,120.0,0.0,0.0,261.0,0.0,0.0,1.0,0.0,0.01,255.0,218.0,0.85,0.01,0.0,0.0,0.0,0.0,0.0,5780.0
22.0,9.0,219.0,1211.0,0.0,1.0,2.0,0.0,0.0,1.0,0.0,0.25,255.0,255.0,1.0,0.0,0.0,0.0,0.0,0.0,0.0,36389.0
22.0,9.0,227.0,1797.0,0.0,1.0,16.0,0.0,0.0,1.0,0.0,0.1,41.0,44.0,1.0,0.0,0.05,0.02,0.02,0.0,0.0,108418.0
22.0,4.0,46720.0,8314.0,0.0,1.0,5.0,0.0,0.0,1.0,0.0,0.0,28.0,28.0,1.0,0.0,0.0,0.0,0.0,0.39,1.0,42687.0
22.0,6.0,139.0,21900.0,0.0,1.0,1.0,1.0,1.0,1.0,0.0,0.0,255.0,255.0,1.0,0.0,0.0,0.0,0.0,0.0,0.0,99433.0
40.0,9.0,5.0,0.0,0.0,0.0,1.0,0.0,0.0,1.0,0.0,0.0,255.0,2.0,0.01,0.02,0.0,0.0,0.0,0.0,1.0,94424.0
18.0,9.0,860.0,2586.0,0.0,1.0,1.0,0.0,0.0,1.0,0.0,0.0,92.0,31.0,0.34,0.04,0.0,0.0,0.0,0.0,0.0,100314.0
11.0,9.0,44.0,73.0,0.0,0.0,115.0,0.0,0.0,1.0,0.0,0.0,255.0,254.0,1.0,0.01,0.0,0.0,0.0,0.0,0.0,78975.0
14.0,9.0,64.0,0.0,0.0,0.0,1.0,0.0,0.0,1.0,0.0,0.0,255.0,1.0,0.0,0.06,0.0,0.71,0.0,0.0,0.0,26048.0
49.0,9.0,790.0,337.0,0.0,1.0,1.0,0.0,0.0,1.0,0.0,0.0,80.0,197.0,0.81,0.05,0.01,0.0,0.0,0.0,0.0,56543.0
55.0,9.0,124.0,9421.0,0.0,1.0,1.0,0.0,0.0,1.0,0.0,0.0,32.0,1.0,0.03,0.09,0.0,0.0,0.0,0.0,0.0,85107.0
22.0,1.0,0.0,0.0,0.0,0.0,1.0,0.0,0.0,1.0,0.0,0.0,39.0,255.0,1.0,0.0,0.1,0.0,0.0,0.98,0.0,45426.0
11.0,9.0,46.0,46.0,0.0,0.0,5.0,0.0,0.0,1.0,0.0,0.21,255.0,251.0,0.98,0.01,0.0,0.0,0.0,0.0,0.0,73363.0
22.0,9.0,198.0,10462.0,0.0,1.0,4.0,0.0,0.0,1.0,0.0,0.11,89.0,255.0,1.0,0.0,0.03,0.0,0.0,0.0,0.0,121621.0
19.0,9.0,2194619.0,0.0,0.0,1.0,2.0,0.0,0.0,1.0,0.0,0.0,164.0,28.0,0.17,0.03,0.0,0.0,0.0,0.0,0.0,805.0
22.0,9.0,316.0,2055.0,0.0,1.0,16.0,0.0,0.0,1.0,0.0,0.0,57.0,255.0,1.0,0.0,0.04,0.0,0.0,0.0,0.0,90990.0
19.0,9.0,567.0,0.0,0.0,1.0,2.0,0.0,0.0,0.5,1.0,0.0,1.0,1.0,1.0,0.0,0.0,0.0,0.0,0.0,0.0,58771.0
22.0,9.0,268.0,370.0,0.0,1.0,12.0,0.0,0.0,1.0,0.0,0.0,58.0,255.0,1.0,0.0,0.02,0.0,0.0,0.0,0.0,83598.0
22.0,9.0,223.0,25887.0,0.0,1.0,6.0,0.0,0.0,1.0,0.0,0.0,52.0,255.0,1.0,0.0,0.04,0.0,0.0,0.0,0.0,62894.0
49.0,9.0,1838.0,332.0,0.0,1.0,1.0,0.0,0.0,1.0,0.0,1.0,127.0,131.0,0.87,0.02,0.02,0.0,0.0,0.0,0.0,43808.0
39.0,9.0,48.0,48.0,0.0,0.0,1.0,0.0,0.0,1.0,0.0,0.0,255.0,129.0,0.51,0.01,0.0,0.0,0.0,0.0,0.0,33570.0
11.0,9.0,46.0,129.0,0.0,0.0,76.0,0.0,0.0,0.99,0.03,0.01,255.0,216.0,0.85,0.02,0.0,0.0,0.0,0.0,0.0,79691.0
11.0,9.0,44.0,44.0,0.0,0.0,1.0,0.0,0.0,1.0,0.0,1.0,255.0,241.0,0.95,0.01,0.0,0.0,0.0,0.0,0.0,64116.0
55.0,9.0,106.0,1468.0,0.0,0.0,1.0,0.0,0.0,1.0,0.0,0.0,117.0,1.0,0.01,0.04,0.0,0.0,0.0,0.0,0.0,251.0
22.0,6.0,253.0,73000.0,0.0,1.0,1.0,1.0,1.0,1.0,0.0,0.0,255.0,255.0,1.0,0.0,0.0,0.0,0.0,0.0,0.0,103905.0
22.0,9.0,205.0,728.0,0.0,1.0,23.0,0.0,0.0,1.0,0.0,0.0,255.0,255.0,1.0,0.0,0.0,0.0,0.0,0.0,0.0,106472.0
49.0,9.0,1437.0,336.0,0.0,1.0,1.0,0.0,0.0,1.0,0.0,0.0,111.0,92.0,0.28,0.06,0.02,0.0,0.0,0.0,0.0,27718.0
22.0,9.0,197.0,735.0,0.0,1.0,15.0,0.0,0.0,1.0,0.0,0.1,36.0,255.0,1.0,0.0,0.04,0.0,0.0,0.0,0.0,36512.0
11.0,9.0,45.0,114.0,0.0,0.0,1.0,0.0,0.0,1.0,0.0,1.0,255.0,235.0,0.92,0.01,0.0,0.0,0.0,0.0,0.0,60010.0
22.0,9.0,332.0,2785.0,0.0,1.0,3.0,0.0,0.0,1.0,0.0,0.0,3.0,255.0,1.0,0.0,0.06,0.0,0.0,0.0,0.0,113774.0
18.0,6.0,120.0,397.0,0.0,0.0,1.0,1.0,1.0,1.0,0.0,0.0,210.0,35.0,0.17,0.02,0.0,0.01,0.03,0.0,0.0,67305.0
22.0,9.0,208.0,4324.0,0.0,1.0,6.0,0.0,0.0,1.0,0.0,0.14,67.0,255.0,1.0,0.0,0.02,0.0,0.0,0.0,0.0,85380.0
11.0,9.0,42.0,73.0,0.0,0.0,127.0,0.0,0.0,0.99,0.02,0.0,255.0,254.0,1.0,0.01,0.0,0.0,0.0,0.0,0.0,73575.0
22.0,1.0,0.0,0.0,0.0,0.0,1.0,0.0,0.0,1.0,0.0,0.0,8.0,60.0,1.0,0.0,0.03,0.0,0.02,0.98,0.0,76049.0
13.0,9.0,30.0,0.0,0.0,0.0,1.0,0.0,0.0,1.0,0.0,0.0,37.0,131.0,1.0,0.0,0.37,0.0,0.0,0.0,0.0,17210.0
11.0,9.0,45.0,142.0,0.0,0.0,64.0,0.0,0.0,1.0,0.0,0.01,255.0,204.0,0.8,0.01,0.0,0.0,0.0,0.0,0.0,67863.0
22.0,1.0,0.0,0.0,0.0,0.0,1.0,0.0,0.0,1.0,0.0,0.0,29.0,255.0,1.0,0.0,0.09,0.0,0.0,0.67,0.0,42095.0
55.0,9.0,121.0,10269.0,0.0,1.0,1.0,0.0,0.0,1.0,0.0,0.0,136.0,2.0,0.01,0.04,1.0,0.01,0.0,0.0,0.0,4649.0
49.0,9.0,1369.0,326.0,0.0,1.0,1.0,0.0,0.0,1.0,0.0,0.0,128.0,90.0,0.7,0.03,0.0,0.0,0.0,0.0,0.0,57710.0
22.0,9.0,270.0,1419.0,0.0,1.0,1.0,0.0,0.0,1.0,0.0,1.0,98.0,255.0,1.0,0.0,0.03,0.0,0.0,0.0,0.0,108692.0
22.0,9.0,1952.0,2234.0,0.0,1.0,3.0,0.0,0.0,1.0,0.0,0.0,27.0,255.0,1.0,0.0,0.06,0.0,0.01,0.0,0.0,90159.0
22.0,9.0,215.0,4086.0,0.0,1.0,8.0,0.0,0.0,1.0,0.0,0.09,147.0,255.0,1.0,0.0,0.04,0.0,0.0,0.0,0.0,73259.0
22.0,9.0,238.0,697.0,0.0,1.0,4.0,0.0,0.0,1.0,0.0,0.0,43.0,255.0,1.0,0.0,0.02,0.0,0.0,0.0,0.0,68503.0
22.0,9.0,264.0,9794.0,0.0,1.0,12.0,0.0,0.0,1.0,0.0,0.0,86.0,255.0,1.0,0.0,0.01,0.0,0.0,0.0,0.0,93228.0
40.0,9.0,146.0,105.0,0.0,0.0,1.0,0.0,0.0,1.0,0.0,0.0,255.0,3.0,0.01,0.49,0.0,0.0,0.0,0.0,0.0,67322.0
22.0,9.0,294.0,478.0,0.0,1.0,23.0,0.0,0.0,1.0,0.0,0.0,255.0,255.0,1.0,0.0,0.0,0.0,0.0,0.0,0.0,41190.0
22.0,9.0,242.0,3178.0,0.0,1.0,24.0,0.0,0.0,1.0,0.0,0.09,255.0,255.0,1.0,0.0,0.0,0.0,0.0,0.0,0.0,73243.0
22.0,9.0,303.0,253.0,0.0,1.0,12.0,0.0,0.0,1.0,0.0,0.15,146.0,255.0,1.0,0.0,0.01,0.0,0.0,0.0,0.0,99246.0
19.0,9.0,245.0,0.0,0.0,1.0,2.0,0.0,0.0,1.0,0.0,0.0,26.0,2.0,0.08,0.15,0.0,0.0,0.0,0.0,0.0,13439.0
49.0,9.0,1073.0,364.0,0.0,1.0,1.0,0.0,0.0,1.0,0.0,0.0,87.0,169.0,0.48,0.08,0.01,0.0,0.0,0.0,0.0,67427.0
22.0,9.0,308.0,1248.0,0.0,1.0,3.0,0.33,0.33,1.0,0.0,0.0,255.0,255.0,1.0,0.0,0.0,0.0,0.0,0.0,0.0,116366.0
22.0,9.0,166.0,14553.0,0.0,1.0,1.0,0.0,0.0,1.0,0.0,0.0,1.0,255.0,1.0,0.0,0.05,0.0,0.0,0.0,0.0,33944.0
13.0,9.0,30.0,0.0,0.0,0.0,2.0,0.0,0.0,1.0,0.0,0.0,206.0,206.0,1.0,0.0,0.0,0.0,0.0,0.0,0.0,49188.0
49.0,9.0,1564.0,337.0,0.0,1.0,1.0,0.0,0.0,1.0,0.0,0.0,87.0,189.0,0.51,0.05,0.01,0.0,0.0,0.0,0.0,74952.0
22.0,9.0,308.0,1248.0,0.0,1.0,7.0,0.0,0.0,1.0,0.0,0.2,255.0,255.0,1.0,0.0,0.0,0.0,0.0,0.0,0.0,48898.0
22.0,9.0,218.0,327.0,0.0,1.0,7.0,0.0,0.0,1.0,0.0,0.18,254.0,255.0,1.0,0.0,0.01,0.0,0.0,0.0,0.0,94585.0
22.0,9.0,224.0,3970.0,0.0,1.0,30.0,0.0,0.0,1.0,0.0,0.0,130.0,255.0,1.0,0.0,0.03,0.0,0.0,0.0,0.0,15986.0
22.0,1.0,0.0,0.0,0.0,0.0,1.0,0.0,0.0,1.0,0.0,0.0,2.0,77.0,1.0,0.0,0.25,0.0,0.0,1.0,0.0,11494.0
22.0,1.0,0.0,0.0,0.0,0.0,1.0,0.0,0.0,1.0,0.0,1.0,20.0,255.0,1.0,0.0,0.17,0.0,0.0,1.0,0.0,8554.0
22.0,9.0,330.0,4793.0,0.0,1.0,3.0,0.0,0.0,1.0,0.0,0.6,36.0,255.0,1.0,0.0,0.07,0.0,0.01,0.0,0.0,10446.0
11.0,9.0,42.0,42.0,0.0,0.0,7.0,0.0,0.0,1.0,0.0,0.18,255.0,185.0,0.73,0.01,0.0,0.0,0.0,0.0,0.0,66319.0
22.0,9.0,224.0,1944.0,0.0,1.0,12.0,0.0,0.02,1.0,0.0,0.09,172.0,255.0,1.0,0.0,0.02,0.0,0.0,0.0,0.0,91622.0
11.0,9.0,44.0,46.0,0.0,0.0,9.0,0.0,0.0,1.0,0.0,0.12,58.0,54.0,0.93,0.03,0.0,0.0,0.0,0.0,0.0,75113.0
49.0,9.0,2943.0,328.0,0.0,1.0,1.0,0.0,0.0,1.0,0.0,0.0,94.0,183.0,0.66,0.03,0.01,0.0,0.0,0.0,0.0,108270.0
22.0,9.0,319.0,1606.0,0.0,1.0,50.0,0.0,0.0,1.0,0.0,0.0,255.0,255.0,1.0,0.0,0.0,0.0,0.0,0.0,0.0,36560.0
22.0,9.0,204.0,246.0,0.0,1.0,34.0,0.0,0.0,1.0,0.0,0.08,69.0,255.0,1.0,0.0,0.03,0.0,0.0,0.0,0.0,84511.0
44.0,9.0,207.0,0.0,0.0,0.0,2.0,0.0,0.0,1.0,0.0,0.0,218.0,186.0,0.85,0.01,0.0,0.0,0.0,0.0,1.0,121022.0
19.0,9.0,10272.0,0.0,0.0,1.0,2.0,0.0,0.0,1.0,0.0,0.0,255.0,8.0,0.03,0.51,0.0,0.0,0.0,0.0,0.0,11991.0
22.0,1.0,0.0,0.0,0.0,0.0,13.0,0.0,0.0,1.0,0.0,0.0,47.0,255.0,1.0,0.0,0.17,0.0,0.0,0.99,0.0,13117.0
22.0,9.0,183.0,791.0,0.0,1.0,1.0,0.0,0.0,1.0,0.0,0.0,255.0,232.0,0.91,0.01,0.0,0.0,0.0,0.0,0.0,37631.0
11.0,9.0,45.0,111.0,0.0,0.0,57.0,0.0,0.0,1.0,0.0,0.02,197.0,196.0,0.8,0.02,0.01,0.0,0.0,0.0,0.0,22947.0
19.0,9.0,71.0,0.0,0.0,0.0,1.0,0.0,0.0,1.0,0.0,0.0,26.0,119.0,0.88,0.15,0.02,0.0,0.0,0.0,0.0,111358.0
22.0,9.0,297.0,1964.0,0.0,1.0,33.0,0.0,0.0,1.0,0.0,0.0,82.0,255.0,1.0,0.0,0.1,0.0,0.0,0.87,0.0,103123.0
11.0,9.0,45.0,45.0,0.0,0.0,138.0,0.0,0.0,1.0,0.0,0.0,255.0,255.0,1.0,0.0,0.0,0.0,0.0,0.0,0.0,76177.0
22.0,9.0,280.0,18884.0,0.0,1.0,7.0,0.0,0.0,1.0,0.0,0.0,49.0,254.0,1.0,0.0,0.01,0.0,0.01,0.01,0.0,80007.0
55.0,9.0,116.0,6062.0,0.0,1.0,1.0,0.0,0.0,1.0,0.0,0.0,172.0,1.0,0.01,0.09,0.0,0.02,0.0,0.0,0.0,119503.0
22.0,9.0,289.0,658.0,0.0,1.0,12.0,0.0,0.0,1.0,0.0,0.0,255.0,255.0,1.0,0.0,0.0,0.0,0.0,0.0,0.0,89190.0
22.0,9.0,263.0,4815.0,0.0,1.0,1.0,0.0,0.0,1.0,0.0,1.0,62.0,255.0,1.0,0.0,0.02,0.0,0.0,0.0,0.0,112735.0
22.0,9.0,244.0,1240.0,0.0,1.0,9.0,0.0,0.0,1.0,0.0,0.0,26.0,255.0,1.0,0.0,0.03,0.0,0.0,0.0,0.0,57418.0
11.0,9.0,43.0,127.0,0.0,0.0,71.0,0.0,0.0,1.0,0.0,0.01,255.0,254.0,1.0,0.01,0.0,0.0,0.0,0.0,0.0,20476.0
11.0,9.0,44.0,44.0,0.0,0.0,198.0,0.0,0.0,1.0,0.0,0.0,255.0,255.0,1.0,0.0,0.0,0.0,0.0,0.0,0.0,59435.0
22.0,9.0,230.0,2288.0,0.0,1.0,3.0,0.0,0.0,1.0,0.0,0.5,22.0,255.0,1.0,0.0,0.06,0.0,0.01,0.0,0.0,90361.0
11.0,9.0,46.0,134.0,0.0,0.0,78.0,0.0,0.0,1.0,0.0,0.01,255.0,255.0,1.0,0.0,0.0,0.0,0.0,0.0,0.0,20901.0
22.0,9.0,187.0,2922.0,0.0,1.0,16.0,0.0,0.0,1.0,0.0,0.12,23.0,255.0,1.0,0.0,0.06,0.0,0.0,0.0,0.0,10183.0
17.0,9.0,7.0,138.0,0.0,0.0,1.0,0.0,0.0,1.0,0.0,0.0,65.0,7.0,0.06,0.06,0.29,0.0,0.0,0.0,0.0,35621.0
19.0,9.0,607.0,0.0,0.0,1.0,2.0,0.0,0.0,1.0,0.0,0.0,112.0,113.0,0.79,0.03,0.02,0.0,0.0,0.0,0.0,73645.0
22.0,9.0,302.0,2698.0,0.0,1.0,21.0,0.0,0.0,0.14,0.1,0.0,255.0,228.0,0.89,0.01,0.0,0.0,0.0,0.0,0.0,61427.0
49.0,9.0,779.0,334.0,0.0,1.0,1.0,0.0,0.0,1.0,0.0,1.0,217.0,170.0,0.64,0.03,0.01,0.0,0.0,0.0,0.0,14405.0
22.0,9.0,219.0,1248.0,0.0,1.0,4.0,0.0,0.0,1.0,0.0,0.18,255.0,255.0,1.0,0.0,0.0,0.0,0.0,0.0,0.0,89428.0
22.0,9.0,338.0,521.0,0.0,1.0,19.0,0.0,0.0,1.0,0.0,0.1,21.0,250.0,1.0,0.0,0.06,0.0,0.0,0.35,0.0,95056.0
49.0,9.0,1186.0,377.0,0.0,1.0,1.0,0.0,0.0,1.0,0.0,1.0,108.0,187.0,0.94,0.03,0.01,0.0,0.0,0.0,0.0,85483.0
11.0,9.0,46.0,135.0,0.0,0.0,68.0,0.0,0.0,1.0,0.0,0.01,255.0,255.0,1.0,0.0,0.0,0.0,0.0,0.0,0.0,7724.0
40.0,1.0,0.0,0.0,0.0,0.0,1.0,0.0,0.0,1.0,0.0,0.0,36.0,36.0,1.0,0.0,0.0,0.0,0.0,1.0,0.0,107882.0
22.0,9.0,291.0,421.0,0.0,1.0,7.0,0.0,0.0,1.0,0.0,0.22,128.0,255.0,1.0,0.0,0.03,0.0,0.0,0.0,0.0,24769.0
11.0,9.0,45.0,166.0,0.0,0.0,137.0,0.0,0.0,1.0,0.0,0.01,255.0,255.0,1.0,0.0,0.0,0.0,0.0,0.0,0.0,51927.0
22.0,9.0,222.0,771.0,0.0,1.0,12.0,0.0,0.0,1.0,0.0,0.0,255.0,255.0,1.0,0.0,0.0,0.0,0.0,0.0,0.0,11904.0
11.0,9.0,45.0,121.0,0.0,0.0,107.0,0.0,0.0,1.0,0.0,0.02,255.0,254.0,1.0,0.01,0.0,0.0,0.0,0.0,0.0,112453.0
22.0,1.0,0.0,0.0,0.0,0.0,1.0,0.0,0.0,1.0,0.0,0.0,12.0,253.0,1.0,0.0,0.15,0.0,0.0,1.0,0.0,117534.0
49.0,9.0,890.0,337.0,0.0,1.0,1.0,0.0,0.0,1.0,0.0,0.0,255.0,174.0,0.68,0.02,0.0,0.0,0.0,0.0,0.0,111888.0
49.0,9.0,4004.0,324.0,0.0,1.0,1.0,0.0,0.0,1.0,0.0,1.0,174.0,245.0,0.95,0.02,0.01,0.0,0.0,0.0,0.0,101037.0
22.0,9.0,276.0,608.0,0.0,1.0,27.0,0.0,0.0,1.0,0.0,0.0,255.0,255.0,1.0,0.0,0.0,0.01,0.01,0.0,0.0,93716.0
49.0,9.0,1253.0,373.0,0.0,1.0,1.0,0.0,0.0,1.0,0.0,0.0,32.0,131.0,0.38,0.09,0.02,0.0,0.0,0.0,0.0,119953.0
11.0,9.0,46.0,46.0,0.0,0.0,16.0,0.0,0.0,1.0,0.0,0.11,255.0,254.0,1.0,0.01,0.0,0.0,0.0,0.0,0.0,20039.0
49.0,9.0,3458.0,391.0,0.0,1.0,1.0,0.0,0.0,1.0,0.0,1.0,68.0,175.0,0.56,0.03,0.02,0.0,0.0,0.0,0.0,87332.0
55.0,9.0,103.0,2069.0,0.0,1.0,1.0,0.0,0.0,1.0,0.0,0.0,83.0,1.0,0.01,0.06,0.0,0.0,0.0,0.0,0.0,114458.0
19.0,9.0,7077.0,0.0,0.0,1.0,7.0,0.0,0.0,1.0,0.0,0.0,255.0,13.0,0.05,0.79,0.0,0.0,0.0,0.0,0.0,57351.0
22.0,1.0,0.0,0.0,0.0,0.0,1.0,0.0,0.0,1.0,0.0,0.0,2.0,213.0,1.0,0.0,0.16,0.0,0.0,0.97,0.0,91751.0
22.0,9.0,231.0,3357.0,0.0,1.0,2.0,0.0,0.0,1.0,0.0,0.0,203.0,255.0,1.0,0.0,0.02,0.0,0.0,0.0,0.0,31798.0
22.0,9.0,216.0,2317.0,0.0,1.0,3.0,0.0,0.0,1.0,0.0,0.33,4.0,255.0,1.0,0.0,0.02,0.0,0.0,0.0,0.0,3227.0
22.0,9.0,227.0,8521.0,0.0,1.0,5.0,0.0,0.0,1.0,0.0,0.33,5.0,171.0,1.0,0.0,0.05,0.0,0.0,0.0,0.0,107412.0
22.0,9.0,295.0,2483.0,0.0,1.0,21.0,0.0,0.0,1.0,0.0,0.09,182.0,255.0,1.0,0.0,0.01,0.0,0.0,0.0,0.0,92467.0
49.0,9.0,1226.0,330.0,0.0,1.0,1.0,0.0,0.0,1.0,0.0,0.0,255.0,78.0,0.31,0.27,0.0,0.0,0.0,0.0,0.0,81364.0
40.0,9.0,146.0,105.0,0.0,0.0,1.0,0.0,0.0,1.0,0.0,0.0,255.0,2.0,0.01,0.62,0.0,0.0,0.0,0.0,0.0,57387.0
22.0,9.0,181.0,5562.0,0.0,1.0,1.0,0.0,0.0,1.0,0.0,0.0,255.0,253.0,0.99,0.01,0.0,0.0,0.0,0.0,0.0,53684.0
11.0,9.0,44.0,117.0,0.0,0.0,104.0,0.0,0.0,1.0,0.0,0.0,255.0,255.0,1.0,0.0,0.0,0.0,0.0,0.0,0.0,65594.0
22.0,9.0,215.0,1014.0,0.0,1.0,7.0,0.0,0.0,1.0,0.0,0.0,7.0,237.0,1.0,0.0,0.07,0.0,0.0,0.0,0.0,108034.0
19.0,9.0,9.0,0.0,0.0,1.0,2.0,0.0,0.0,1.0,0.0,0.67,118.0,106.0,0.14,0.03,0.02,0.07,0.0,0.0,0.0,60721.0
11.0,9.0,43.0,76.0,0.0,0.0,188.0,0.0,0.0,0.99,0.01,0.0,255.0,254.0,1.0,0.01,0.0,0.0,0.0,0.0,0.0,5642.0
22.0,2.0,0.0,0.0,0.0,1.0,8.0,0.0,0.0,1.0,0.0,0.0,116.0,255.0,1.0,0.0,0.05,0.0,0.0,0.0,0.0,16164.0
22.0,9.0,288.0,45157.0,0.0,1.0,2.0,0.0,0.0,1.0,0.0,0.0,2.0,255.0,1.0,0.0,0.06,0.0,0.0,0.0,0.0,84101.0
22.0,9.0,214.0,5925.0,0.0,1.0,15.0,0.0,0.0,1.0,0.0,0.0,15.0,255.0,1.0,0.0,0.03,0.0,0.0,0.0,0.0,37912.0
22.0,9.0,368.0,771.0,0.0,1.0,7.0,0.0,0.0,1.0,0.0,0.29,27.0,231.0,1.0,0.0,0.21,0.0,0.0,0.79,0.0,16082.0
13.0,9.0,30.0,0.0,0.0,0.0,4.0,0.0,0.0,0.25,0.5,0.0,255.0,18.0,0.07,0.01,0.0,0.0,0.0,0.0,0.0,51780.0
22.0,9.0,54540.0,8314.0,0.0,1.0,4.0,0.0,0.0,1.0,0.0,0.0,67.0,67.0,1.0,0.0,0.0,0.0,0.0,0.18,1.0,15544.0
22.0,9.0,324.0,276.0,0.0,1.0,3.0,0.0,0.0,1.0,0.0,0.0,255.0,228.0,0.89,0.01,0.0,0.0,0.0,0.0,0.0,100250.0
22.0,9.0,241.0,7596.0,0.0,1.0,17.0,0.0,0.0,1.0,0.0,0.0,17.0,255.0,1.0,0.0,0.04,0.0,0.0,0.0,0.0,23541.0
22.0,9.0,227.0,868.0,0.0,1.0,6.0,0.0,0.0,1.0,0.0,0.0,255.0,255.0,1.0,0.0,0.0,0.0,0.0,0.0,0.0,96604.0
11.0,9.0,33.0,0.0,0.0,0.0,2.0,0.0,0.0,1.0,0.0,0.27,255.0,31.0,0.12,0.02,0.0,0.0,0.0,0.0,0.0,77422.0
17.0,9.0,8.0,138.0,0.0,0.0,1.0,0.0,0.0,1.0,0.0,0.0,255.0,13.0,0.05,0.02,0.0,0.0,0.08,0.0,0.0,21542.0
11.0,9.0,44.0,72.0,0.0,0.0,115.0,0.0,0.0,1.0,0.0,0.0,255.0,175.0,0.69,0.01,0.0,0.0,0.0,0.0,0.0,14242.0
22.0,9.0,296.0,1187.0,0.0,1.0,13.0,0.0,0.0,1.0,0.0,0.14,136.0,231.0,1.0,0.0,0.02,0.0,0.0,0.0,0.0,92523.0
22.0,9.0,215.0,778.0,0.0,1.0,7.0,0.0,0.0,1.0,0.0,0.22,7.0,255.0,1.0,0.0,0.05,0.0,0.0,0.0,0.0,59277.0
22.0,9.0,240.0,791.0,0.0,1.0,29.0,0.0,0.0,1.0,0.0,0.0,255.0,255.0,1.0,0.0,0.0,0.0,0.0,0.0,0.0,5065.0
11.0,9.0,45.0,72.0,0.0,0.0,306.0,0.0,0.0,1.0,0.0,0.0,255.0,254.0,1.0,0.01,0.0,0.0,0.0,0.0,0.0,40750.0
49.0,9.0,858.0,388.0,0.0,1.0,1.0,0.0,0.0,1.0,0.0,0.0,242.0,129.0,0.48,0.01,0.02,0.83,0.78,0.0,0.0,120436.0
11.0,9.0,33.0,87.0,0.0,0.0,1.0,0.0,0.0,1.0,0.0,1.0,255.0,250.0,0.98,0.01,0.0,0.0,0.0,0.0,0.0,49491.0
11.0,9.0,44.0,75.0,0.0,0.0,73.0,0.0,0.0,1.0,0.0,0.0,255.0,246.0,0.96,0.01,0.0,0.0,0.0,0.0,0.0,8828.0
22.0,9.0,295.0,1159.0,0.0,1.0,6.0,0.0,0.0,1.0,0.0,0.17,255.0,255.0,1.0,0.0,0.0,0.0,0.0,0.0,0.0,54735.0
22.0,9.0,262.0,13187.0,0.0,1.0,11.0,0.0,0.0,1.0,0.0,0.0,178.0,178.0,1.0,0.0,0.0,0.0,0.0,0.0,0.0,100270.0
11.0,9.0,44.0,135.0,0.0,0.0,317.0,0.0,0.0,1.0,0.0,0.0,255.0,251.0,0.98,0.01,0.0,0.0,0.0,0.0,0.0,115069.0
22.0,9.0,208.0,259.0,0.0,1.0,4.0,0.0,0.0,1.0,0.0,0.0,23.0,255.0,1.0,0.0,0.03,0.0,0.0,0.0,0.0,96503.0
40.0,9.0,146.0,0.0,0.0,0.0,1.0,0.0,0.0,1.0,0.0,0.0,255.0,1.0,0.0,0.61,0.0,0.0,0.0,0.0,0.0,31304.0
22.0,9.0,324.0,44211.0,0.0,1.0,7.0,0.0,0.0,1.0,0.0,0.0,7.0,255.0,1.0,0.0,0.04,0.0,0.0,0.0,0.0,41504.0
40.0,9.0,145.0,105.0,0.0,0.0,5.0,0.0,0.0,0.4,0.6,0.0,255.0,4.0,0.02,0.58,0.0,0.0,0.0,0.0,0.0,19604.0
44.0,9.0,105.0,145.0,0.0,0.0,1.0,0.0,0.0,1.0,0.0,0.0,87.0,86.0,0.99,0.02,0.0,0.0,0.0,0.0,0.0,14704.0
22.0,2.0,0.0,0.0,0.0,1.0,2.0,0.0,0.0,1.0,0.0,0.0,2.0,255.0,1.0,0.0,0.01,0.0,0.0,0.0,0.0,24845.0
22.0,9.0,300.0,279.0,0.0,1.0,3.0,0.0,0.0,1.0,0.0,0.5,198.0,255.0,1.0,0.0,0.03,0.0,0.0,0.0,0.0,42440.0
22.0,9.0,221.0,6692.0,0.0,1.0,11.0,0.0,0.0,1.0,0.0,0.0,255.0,255.0,1.0,0.0,0.0,0.0,0.0,0.0,0.0,110139.0
44.0,9.0,105.0,147.0,0.0,0.0,2.0,0.0,0.0,1.0,0.0,0.0,255.0,253.0,0.99,0.01,0.0,0.0,0.0,0.0,0.0,58634.0
22.0,9.0,210.0,1899.0,0.0,1.0,6.0,0.0,0.0,1.0,0.0,0.24,255.0,255.0,1.0,0.0,0.0,0.0,0.0,0.0,0.0,101531.0
22.0,9.0,215.0,301.0,0.0,1.0,2.0,0.0,0.0,1.0,0.0,0.0,32.0,255.0,1.0,0.0,0.04,0.0,0.0,0.0,0.0,27798.0
22.0,1.0,0.0,0.0,0.0,0.0,1.0,0.0,0.0,1.0,0.0,0.0,131.0,254.0,1.0,0.0,0.09,0.0,0.0,0.64,0.0,81698.0
11.0,9.0,46.0,46.0,0.0,0.0,160.0,0.0,0.0,1.0,0.0,0.0,255.0,255.0,1.0,0.0,0.0,0.0,0.0,0.0,0.0,111166.0
49.0,9.0,741.0,327.0,0.0,1.0,1.0,0.0,0.0,1.0,0.0,0.0,43.0,130.0,0.67,0.14,0.02,0.0,0.02,0.0,0.0,2379.0
49.0,9.0,2466.0,329.0,0.0,1.0,1.0,0.0,0.0,1.0,0.0,0.0,164.0,138.0,0.62,0.04,0.01,0.0,0.0,0.0,0.0,80080.0
49.0,9.0,2895.0,332.0,0.0,1.0,1.0,0.0,0.0,1.0,0.0,1.0,118.0,104.0,0.88,0.03,0.0,0.0,0.0,0.0,0.0,71848.0
22.0,1.0,0.0,0.0,0.0,0.0,1.0,0.0,0.0,1.0,0.0,0.0,4.0,247.0,1.0,0.0,0.17,0.0,0.0,0.68,0.0,82540.0
19.0,9.0,5135678.0,0.0,0.0,1.0,1.0,0.0,0.0,1.0,0.0,0.0,2.0,42.0,1.0,0.0,0.1,0.0,0.0,0.0,1.0,101283.0
11.0,9.0,46.0,78.0,0.0,0.0,239.0,0.0,0.0,1.0,0.0,0.01,255.0,254.0,1.0,0.01,0.0,0.0,0.0,0.0,0.0,3179.0
22.0,9.0,318.0,702.0,0.0,1.0,11.0,0.0,0.0,1.0,0.0,0.25,107.0,119.0,1.0,0.0,0.04,0.01,0.02,0.0,0.0,34608.0
11.0,9.0,45.0,130.0,0.0,0.0,68.0,0.0,0.0,1.0,0.0,0.01,255.0,254.0,1.0,0.01,0.0,0.0,0.0,0.0,0.0,30963.0
22.0,9.0,317.0,405.0,0.0,1.0,4.0,0.0,0.0,1.0,0.0,0.22,19.0,255.0,1.0,0.0,0.05,0.0,0.0,0.0,0.0,117465.0
22.0,9.0,352.0,6207.0,0.0,1.0,6.0,0.0,0.0,1.0,0.0,0.29,255.0,255.0,1.0,0.0,0.0,0.0,0.0,0.0,0.0,76830.0
11.0,9.0,45.0,134.0,0.0,0.0,309.0,0.0,0.0,1.0,0.01,0.0,255.0,251.0,0.98,0.01,0.0,0.0,0.0,0.0,0.0,73850.0
22.0,9.0,264.0,10242.0,0.0,1.0,3.0,0.0,0.0,1.0,0.0,0.0,1.0,255.0,1.0,0.0,0.18,0.0,0.0,0.79,0.0,104624.0
22.0,9.0,218.0,3097.0,0.0,1.0,20.0,0.0,0.0,1.0,0.0,0.0,20.0,20.0,1.0,0.0,0.0,0.0,0.0,0.0,0.0,73803.0
22.0,9.0,199.0,398456.0,0.0,1.0,9.0,0.0,0.0,1.0,0.0,0.18,54.0,255.0,1.0,0.0,0.01,0.0,0.01,0.0,0.0,125618.0
49.0,9.0,1638.0,330.0,0.0,1.0,1.0,0.0,0.0,1.0,0.0,0.0,97.0,57.0,0.59,0.05,0.0,0.0,0.0,0.0,0.0,95244.0
22.0,2.0,280.0,2920.0,0.0,1.0,3.0,0.0,0.0,1.0,0.0,0.0,124.0,255.0,1.0,0.0,0.02,0.0,0.0,0.01,0.0,67497.0
19.0,9.0,1690.0,0.0,0.0,1.0,3.0,0.0,0.0,1.0,0.0,0.0,255.0,48.0,0.19,0.05,0.0,0.39,0.0,0.0,0.0,33886.0
22.0,9.0,322.0,349.0,0.0,1.0,6.0,0.0,0.0,1.0,0.0,0.29,255.0,255.0,1.0,0.0,0.0,0.0,0.0,0.0,0.0,10909.0
22.0,9.0,54540.0,8314.0,0.0,1.0,5.0,0.0,0.0,1.0,0.0,0.0,252.0,252.0,1.0,0.0,0.0,0.0,0.0,0.05,1.0,10210.0
22.0,9.0,190.0,282.0,0.0,1.0,3.0,0.0,0.0,1.0,0.0,0.0,17.0,255.0,1.0,0.0,0.04,0.0,0.0,0.0,0.0,37180.0
11.0,9.0,44.0,67.0,0.0,0.0,253.0,0.0,0.0,1.0,0.0,0.0,255.0,254.0,1.0,0.01,0.0,0.0,0.0,0.0,0.0,70533.0
22.0,9.0,54540.0,8314.0,0.0,1.0,6.0,0.0,0.0,1.0,0.0,0.0,39.0,39.0,1.0,0.0,0.0,0.0,0.0,0.05,1.0,49029.0
22.0,9.0,219.0,1659.0,0.0,1.0,25.0,0.0,0.0,1.0,0.0,0.05,25.0,255.0,1.0,0.0,0.04,0.0,0.0,0.0,0.0,66942.0
22.0,9.0,199.0,12884.0,0.0,1.0,1.0,0.0,0.0,1.0,0.0,0.0,80.0,80.0,1.0,0.0,0.0,0.0,0.0,0.0,0.0,57586.0
19.0,9.0,2900.0,0.0,0.0,1.0,3.0,0.0,0.0,0.67,0.67,0.0,255.0,67.0,0.26,0.04,0.0,0.21,0.0,0.0,0.0,56229.0
22.0,9.0,345.0,515.0,0.0,1.0,7.0,0.0,0.0,1.0,0.0,0.25,255.0,255.0,1.0,0.0,0.0,0.0,0.0,0.0,0.0,32494.0
13.0,9.0,30.0,0.0,0.0,0.0,2.0,0.0,0.0,0.5,1.0,0.0,255.0,29.0,0.11,0.01,0.0,0.0,0.0,0.0,0.0,19265.0
11.0,9.0,44.0,69.0,0.0,0.0,170.0,0.0,0.0,1.0,0.0,0.0,255.0,254.0,1.0,0.01,0.0,0.0,0.0,0.0,0.0,81095.0
22.0,9.0,213.0,18282.0,0.0,1.0,1.0,0.0,0.0,1.0,0.0,1.0,1.0,1.0,1.0,0.0,0.0,0.0,0.0,0.0,0.0,52202.0
11.0,9.0,46.0,71.0,0.0,0.0,207.0,0.0,0.0,1.0,0.0,0.01,255.0,217.0,0.85,0.01,0.0,0.0,0.0,0.0,0.0,105100.0
11.0,9.0,32.0,0.0,0.0,0.0,1.0,0.0,0.0,1.0,0.0,1.0,198.0,39.0,0.16,0.04,0.05,0.0,0.0,0.0,0.0,61349.0
11.0,9.0,45.0,128.0,0.0,0.0,165.0,0.0,0.0,0.99,0.01,0.01,167.0,128.0,0.77,0.02,0.0,0.0,0.0,0.0,0.0,37029.0
19.0,9.0,30.0,0.0,0.0,1.0,1.0,0.0,0.0,1.0,0.0,0.0,10.0,65.0,0.9,0.2,0.11,0.2,0.02,0.0,1.0,28161.0
22.0,9.0,219.0,4767.0,0.0,1.0,2.0,0.5,0.5,1.0,0.0,0.0,27.0,255.0,1.0,0.0,0.04,0.04,0.01,0.01,0.0,24822.0
22.0,9.0,331.0,1047.0,0.0,1.0,2.0,0.0,0.0,1.0,0.0,0.0,254.0,255.0,1.0,0.0,0.01,0.0,0.0,0.0,0.0,94841.0
22.0,5.0,0.0,0.0,0.0,0.0,3.0,0.33,0.33,1.0,0.0,0.0,255.0,255.0,1.0,0.0,0.0,0.0,0.0,0.0,0.0,74634.0
49.0,9.0,984.0,309.0,0.0,1.0,1.0,0.0,0.0,1.0,0.0,0.0,79.0,9.0,0.11,0.9,0.0,0.0,0.0,0.0,0.0,52311.0
22.0,9.0,284.0,39474.0,0.0,1.0,3.0,0.0,0.0,1.0,0.0,0.0,92.0,255.0,1.0,0.0,0.04,0.0,0.0,0.0,0.0,88540.0
19.0,9.0,383.0,0.0,0.0,1.0,2.0,0.0,0.0,1.0,0.0,0.0,255.0,14.0,0.05,0.02,0.0,0.0,0.0,0.0,0.0,86301.0
22.0,9.0,222.0,488.0,0.0,1.0,14.0,0.0,0.0,1.0,0.0,0.0,255.0,255.0,1.0,0.0,0.0,0.0,0.0,0.02,0.0,17435.0
22.0,9.0,231.0,3180.0,0.0,1.0,8.0,0.0,0.0,1.0,0.0,0.0,114.0,255.0,1.0,0.0,0.03,0.0,0.0,0.0,0.0,33173.0
49.0,9.0,6469.0,491.0,0.0,1.0,1.0,0.0,0.0,1.0,0.0,0.0,133.0,244.0,0.95,0.02,0.01,0.0,0.0,0.0,0.0,36183.0
49.0,9.0,250691.0,323.0,0.0,1.0,1.0,0.0,0.0,1.0,0.0,0.0,86.0,246.0,0.97,0.02,0.01,0.0,0.0,0.0,0.0,78786.0
22.0,9.0,204.0,12446.0,0.0,1.0,2.0,0.0,0.0,1.0,0.0,0.0,2.0,255.0,1.0,0.0,0.02,0.0,0.0,0.0,0.0,122482.0
22.0,9.0,359.0,445.0,0.0,1.0,20.0,0.05,0.01,1.0,0.0,0.07,20.0,255.0,1.0,0.0,0.04,0.05,0.0,0.0,0.0,81964.0
11.0,9.0,44.0,133.0,0.0,0.0,320.0,0.0,0.0,1.0,0.01,0.0,255.0,251.0,0.98,0.01,0.0,0.0,0.0,0.0,0.0,54791.0
22.0,9.0,143.0,417.0,0.0,1.0,1.0,0.0,0.0,1.0,0.0,0.22,213.0,248.0,1.0,0.0,0.01,0.0,0.0,0.0,0.0,56432.0
22.0,9.0,232.0,791.0,0.0,1.0,4.0,0.0,0.0,1.0,0.0,0.25,16.0,255.0,1.0,0.0,0.04,0.0,0.0,0.0,0.0,30384.0
19.0,9.0,641.0,0.0,0.0,1.0,1.0,0.0,0.0,1.0,0.0,0.67,177.0,101.0,0.5,0.03,0.02,0.0,0.0,0.0,0.0,44787.0
11.0,9.0,95.0,44.0,0.0,0.0,1.0,0.0,0.0,1.0,0.0,0.0,36.0,13.0,0.36,0.06,0.0,0.0,0.0,0.0,0.0,16708.0
22.0,9.0,184.0,2653.0,0.0,1.0,2.0,0.0,0.0,1.0,0.0,0.0,17.0,255.0,1.0,0.0,0.02,0.0,0.0,0.0,0.0,99211.0
22.0,9.0,312.0,115.0,0.0,1.0,1.0,0.0,0.0,1.0,0.0,0.0,255.0,255.0,1.0,0.0,0.0,0.0,0.0,0.0,0.0,83574.0
22.0,9.0,354.0,1590.0,0.0,1.0,14.0,0.0,0.0,1.0,0.0,0.0,255.0,255.0,1.0,0.0,0.0,0.0,0.0,0.0,0.0,122634.0
22.0,1.0,0.0,0.0,0.0,0.0,35.0,0.0,0.0,1.0,0.0,0.0,188.0,199.0,1.0,0.0,0.03,0.01,0.01,0.4,0.0,96722.0
22.0,9.0,283.0,27544.0,0.0,1.0,43.0,0.0,0.0,1.0,0.0,0.04,164.0,255.0,1.0,0.0,0.01,0.0,0.0,0.0,0.0,98501.0
22.0,9.0,227.0,255.0,0.0,1.0,16.0,0.0,0.0,1.0,0.0,0.0,255.0,255.0,1.0,0.0,0.0,0.0,0.0,0.0,0.0,95059.0
11.0,9.0,44.0,135.0,0.0,0.0,278.0,0.0,0.0,1.0,0.0,0.0,255.0,251.0,0.98,0.01,0.0,0.0,0.0,0.0,0.0,123087.0
58.0,9.0,183.0,0.0,0.0,0.0,2.0,0.0,0.0,0.5,1.0,0.0,255.0,40.0,0.16,0.01,0.0,0.0,0.0,0.0,0.0,90000.0
19.0,9.0,1030.0,0.0,0.0,1.0,2.0,0.0,0.0,1.0,0.0,0.0,255.0,47.0,0.18,0.05,0.0,0.39,0.0,0.0,0.0,77023.0
49.0,9.0,2974.0,327.0,0.0,1.0,1.0,0.0,0.0,1.0,0.0,0.0,148.0,37.0,0.25,0.48,0.0,0.0,0.0,0.0,0.0,94838.0
22.0,9.0,216.0,654.0,0.0,1.0,19.0,0.0,0.0,1.0,0.0,0.0,255.0,255.0,1.0,0.0,0.0,0.0,0.0,0.0,0.0,1920.0
22.0,9.0,354.0,1215.0,0.0,1.0,4.0,0.0,0.0,1.0,0.0,0.0,125.0,255.0,1.0,0.0,0.02,0.0,0.0,0.0,0.0,41849.0
40.0,9.0,15876.0,0.0,0.0,1.0,12.0,0.08,0.0,0.08,0.17,0.0,171.0,1.0,0.01,0.03,0.0,0.01,0.0,0.0,0.0,124212.0
22.0,9.0,319.0,397.0,0.0,1.0,13.0,0.0,0.0,1.0,0.0,0.0,255.0,255.0,1.0,0.0,0.0,0.0,0.0,0.0,0.0,92101.0
18.0,6.0,1223.0,3371.0,0.0,1.0,1.0,1.0,1.0,1.0,0.0,0.0,166.0,45.0,0.27,0.04,0.0,0.01,0.02,0.0,0.0,59428.0
55.0,9.0,179.0,9682.0,0.0,1.0,1.0,0.0,0.0,1.0,0.0,0.0,255.0,54.0,0.21,0.02,0.0,0.55,0.67,0.0,0.0,94213.0
22.0,9.0,203.0,6178.0,0.0,1.0,7.0,0.0,0.0,1.0,0.0,0.0,164.0,255.0,1.0,0.0,0.02,0.0,0.0,0.0,0.0,19245.0
55.0,9.0,125.0,9979.0,0.0,1.0,1.0,0.0,0.0,1.0,0.0,0.0,255.0,2.0,0.01,0.03,0.0,0.0,0.0,0.0,0.0,82947.0
22.0,9.0,338.0,238.0,0.0,1.0,1.0,0.0,0.0,1.0,0.0,0.13,67.0,255.0,1.0,0.0,0.07,0.0,0.0,0.02,0.0,50020.0
22.0,9.0,228.0,6068.0,0.0,1.0,2.0,0.0,0.0,1.0,0.0,0.0,76.0,255.0,1.0,0.0,0.02,0.0,0.0,0.0,0.0,8604.0
19.0,9.0,6062.0,0.0,0.0,1.0,14.0,0.0,0.0,1.0,0.0,0.0,76.0,76.0,0.26,0.04,0.03,0.0,0.17,0.0,0.0,58193.0
49.0,9.0,627.0,333.0,0.0,1.0,1.0,0.0,0.0,1.0,0.0,0.0,169.0,110.0,0.65,0.08,0.0,0.01,0.0,0.0,0.0,42899.0
55.0,9.0,590.0,19589.0,0.0,1.0,1.0,0.0,0.0,1.0,0.0,0.0,166.0,17.0,0.1,0.04,0.0,0.01,0.06,0.0,0.0,86235.0
22.0,9.0,213.0,315.0,0.0,1.0,40.0,0.0,0.0,1.0,0.0,0.05,250.0,255.0,1.0,0.0,0.01,0.0,0.0,0.0,0.0,35829.0
22.0,9.0,232.0,6850.0,0.0,1.0,2.0,0.0,0.0,1.0,0.0,0.0,20.0,255.0,1.0,0.0,0.04,0.0,0.0,0.0,0.0,98796.0
19.0,9.0,7321.0,0.0,0.0,1.0,1.0,0.0,0.0,1.0,0.0,0.0,146.0,55.0,0.38,0.03,0.0,0.0,0.0,0.0,0.0,6095.0
22.0,9.0,269.0,2232.0,0.0,1.0,15.0,0.0,0.0,1.0,0.0,0.16,255.0,255.0,1.0,0.0,0.0,0.0,0.0,0.0,0.0,12328.0
22.0,9.0,294.0,256.0,0.0,1.0,2.0,0.0,0.0,1.0,0.0,0.0,255.0,246.0,0.96,0.01,0.0,0.0,0.0,0.0,0.0,66098.0
22.0,9.0,221.0,398.0,0.0,1.0,12.0,0.0,0.0,1.0,0.0,0.0,216.0,255.0,1.0,0.0,0.01,0.0,0.0,0.0,0.0,78760.0
40.0,9.0,147.0,105.0,0.0,0.0,1.0,0.0,0.0,1.0,0.0,0.0,255.0,3.0,0.01,0.53,0.0,0.0,0.0,0.0,0.0,460.0
22.0,9.0,142.0,38299.0,0.0,1.0,1.0,0.0,0.0,1.0,0.0,1.0,82.0,255.0,1.0,0.0,0.02,0.0,0.0,0.0,0.0,85237.0
22.0,9.0,258.0,1010.0,0.0,1.0,29.0,0.0,0.0,1.0,0.0,0.05,255.0,255.0,1.0,0.0,0.0,0.0,0.0,0.0,0.0,70357.0
22.0,9.0,233.0,1645.0,0.0,1.0,7.0,0.0,0.0,1.0,0.0,0.12,255.0,255.0,1.0,0.0,0.0,0.0,0.0,0.0,0.0,28329.0
22.0,9.0,282.0,13664.0,0.0,1.0,9.0,0.0,0.0,1.0,0.0,0.0,93.0,255.0,1.0,0.0,0.03,0.0,0.0,0.0,0.0,51591.0
22.0,1.0,0.0,0.0,0.0,0.0,1.0,0.0,0.0,1.0,0.0,0.0,4.0,247.0,1.0,0.0,0.13,0.0,0.0,0.67,0.0,37882.0
22.0,9.0,207.0,3114.0,0.0,1.0,44.0,0.0,0.0,1.0,0.0,0.0,136.0,255.0,1.0,0.0,0.03,0.0,0.0,0.0,0.0,124223.0
22.0,9.0,305.0,327.0,0.0,1.0,7.0,0.0,0.0,1.0,0.0,0.11,37.0,255.0,1.0,0.0,0.03,0.0,0.0,0.0,0.0,68418.0
22.0,9.0,289.0,15252.0,0.0,1.0,7.0,0.0,0.0,1.0,0.0,0.0,255.0,255.0,1.0,0.0,0.0,0.0,0.0,0.0,0.0,12517.0
22.0,9.0,54540.0,8314.0,0.0,1.0,6.0,0.0,0.0,1.0,0.0,0.0,255.0,255.0,1.0,0.0,0.0,0.0,0.0,0.02,1.0,110264.0
49.0,9.0,1488.0,334.0,0.0,1.0,1.0,0.0,0.0,1.0,0.0,0.0,72.0,148.0,0.64,0.07,0.01,0.0,0.0,0.0,0.0,100029.0
22.0,9.0,349.0,16411.0,0.0,1.0,1.0,0.0,0.0,1.0,0.0,0.0,45.0,255.0,1.0,0.0,0.02,0.0,0.0,0.0,0.0,81513.0
22.0,9.0,254.0,1019.0,0.0,1.0,2.0,0.0,0.0,1.0,0.0,0.2,37.0,255.0,1.0,0.0,0.03,0.0,0.01,0.01,0.0,72919.0
22.0,9.0,248.0,1856.0,0.0,1.0,2.0,0.0,0.0,0.5,1.0,0.0,255.0,250.0,0.98,0.01,0.0,0.0,0.0,0.0,0.0,30840.0
22.0,9.0,264.0,7883.0,0.0,1.0,1.0,0.0,0.0,1.0,0.0,0.0,255.0,255.0,1.0,0.0,0.0,0.0,0.0,0.0,0.0,43376.0
49.0,9.0,1029.0,374.0,0.0,1.0,1.0,0.0,0.0,1.0,0.0,1.0,121.0,92.0,0.76,0.04,0.0,0.0,0.0,0.04,0.0,116496.0
11.0,9.0,42.0,74.0,0.0,0.0,243.0,0.0,0.0,1.0,0.0,0.01,255.0,200.0,0.78,0.01,0.0,0.0,0.0,0.0,0.0,23968.0
49.0,9.0,1244.0,326.0,0.0,1.0,1.0,0.0,0.0,1.0,0.0,0.0,21.0,8.0,0.38,0.14,0.0,0.05,0.0,0.0,0.0,71237.0
49.0,9.0,1262.0,334.0,0.0,1.0,2.0,0.0,0.0,1.0,0.0,0.75,187.0,141.0,0.51,0.02,0.01,0.0,0.0,0.0,0.0,97002.0
22.0,9.0,282.0,633.0,0.0,1.0,3.0,0.0,0.0,1.0,0.0,0.38,116.0,255.0,1.0,0.0,0.06,0.0,0.0,0.0,0.0,59517.0
22.0,9.0,209.0,864.0,0.0,1.0,10.0,0.0,0.0,1.0,0.0,0.0,255.0,255.0,1.0,0.0,0.0,0.0,0.0,0.0,0.0,27127.0
22.0,9.0,219.0,1123.0,0.0,1.0,4.0,0.0,0.0,1.0,0.0,0.0,255.0,255.0,1.0,0.0,0.0,0.0,0.0,0.0,0.0,108238.0
22.0,9.0,205.0,1600.0,0.0,1.0,4.0,0.0,0.0,1.0,0.0,0.0,19.0,255.0,1.0,0.0,0.05,0.0,0.0,0.0,0.0,57794.0
11.0,9.0,88.0,0.0,0.0,0.0,1.0,0.0,0.0,1.0,0.0,0.0,28.0,15.0,0.54,0.11,0.0,0.0,0.0,0.0,0.0,99487.0
49.0,9.0,988.0,331.0,0.0,1.0,1.0,0.0,0.0,1.0,0.0,0.0,52.0,143.0,0.37,0.04,0.01,0.0,0.0,0.0,0.0,49848.0
40.0,9.0,146.0,105.0,0.0,0.0,1.0,0.0,0.0,1.0,0.0,0.0,255.0,1.0,0.0,0.87,0.0,0.0,0.0,0.0,0.0,60995.0
22.0,9.0,225.0,1645.0,0.0,1.0,1.0,0.0,0.0,1.0,0.0,0.0,255.0,255.0,1.0,0.0,0.0,0.0,0.0,0.0,0.0,123677.0
22.0,9.0,222.0,1236.0,0.0,1.0,22.0,0.0,0.0,1.0,0.0,0.09,94.0,255.0,1.0,0.0,0.03,0.0,0.0,0.0,0.0,5740.0
22.0,9.0,176.0,14113.0,0.0,1.0,3.0,0.0,0.0,1.0,0.0,0.0,13.0,255.0,1.0,0.0,0.06,0.0,0.0,0.0,0.0,120866.0
22.0,9.0,204.0,406.0,0.0,1.0,9.0,0.0,0.0,1.0,0.0,0.23,255.0,255.0,1.0,0.0,0.0,0.0,0.0,0.0,0.0,115558.0
22.0,9.0,307.0,3712.0,0.0,1.0,7.0,0.0,0.0,1.0,0.0,0.0,215.0,255.0,1.0,0.0,0.02,0.0,0.0,0.0,0.0,6286.0
22.0,9.0,248.0,13770.0,0.0,1.0,8.0,0.0,0.0,1.0,0.0,0.0,255.0,255.0,1.0,0.0,0.0,0.0,0.0,0.0,0.0,73495.0
22.0,9.0,338.0,238.0,0.0,1.0,1.0,0.0,0.0,1.0,0.0,0.3,97.0,255.0,1.0,0.0,0.07,0.0,0.0,0.02,0.0,117428.0
19.0,9.0,192.0,0.0,0.0,1.0,2.0,0.0,0.0,1.0,0.0,0.0,168.0,57.0,0.27,0.04,0.04,0.0,0.0,0.0,0.0,35990.0
22.0,1.0,0.0,0.0,0.0,0.0,1.0,0.0,0.0,1.0,0.0,0.0,44.0,255.0,1.0,0.0,0.06,0.0,0.0,0.49,0.0,32625.0
49.0,9.0,1443.0,333.0,0.0,1.0,1.0,0.0,0.0,1.0,0.0,1.0,137.0,152.0,0.61,0.03,0.01,0.0,0.0,0.0,0.0,24967.0
49.0,9.0,1525.0,328.0,0.0,1.0,2.0,0.0,0.0,0.5,1.0,1.0,143.0,101.0,0.66,0.05,0.02,0.0,0.0,0.0,0.0,117135.0
22.0,9.0,224.0,1885.0,0.0,1.0,1.0,0.0,0.0,1.0,0.0,0.0,40.0,255.0,1.0,0.0,0.04,0.0,0.0,0.0,0.0,75002.0
22.0,9.0,300.0,1041.0,0.0,1.0,7.0,0.0,0.0,1.0,0.0,0.0,185.0,255.0,1.0,0.0,0.01,0.0,0.0,0.0,0.0,81907.0
18.0,9.0,1226.0,3380.0,0.0,1.0,1.0,0.0,0.0,1.0,0.0,0.0,255.0,62.0,0.24,0.03,0.0,0.0,0.0,0.0,0.0,100808.0
22.0,9.0,266.0,825.0,0.0,1.0,18.0,0.0,0.0,1.0,0.0,0.11,36.0,255.0,1.0,0.0,0.04,0.0,0.0,0.0,0.0,110226.0
22.0,9.0,347.0,255.0,0.0,1.0,21.0,0.0,0.0,1.0,0.0,0.0,255.0,255.0,1.0,0.0,0.0,0.0,0.0,0.0,0.0,14729.0
40.0,9.0,147.0,105.0,0.0,0.0,1.0,0.0,0.0,1.0,0.0,0.0,255.0,1.0,0.0,0.89,0.0,0.0,0.0,0.0,0.0,55192.0
39.0,9.0,48.0,48.0,0.0,0.0,1.0,0.0,0.0,1.0,0.0,0.0,17.0,42.0,1.0,0.0,0.05,0.0,0.0,0.0,0.0,19935.0
22.0,9.0,210.0,2649.0,0.0,1.0,18.0,0.0,0.0,1.0,0.0,0.0,19.0,255.0,1.0,0.0,0.06,0.0,0.0,0.01,0.0,31245.0
11.0,9.0,43.0,129.0,0.0,0.0,10.0,0.0,0.0,1.0,0.0,0.03,255.0,254.0,1.0,0.01,0.0,0.0,0.0,0.0,0.0,47994.0
19.0,9.0,63.0,0.0,0.0,0.0,2.0,0.0,0.0,1.0,0.0,0.0,231.0,11.0,0.03,0.01,0.18,0.87,0.0,0.0,0.0,121860.0
22.0,9.0,312.0,1592.0,0.0,1.0,4.0,0.0,0.0,1.0,0.0,0.4,21.0,255.0,1.0,0.0,0.08,0.0,0.0,0.0,0.0,7262.0
22.0,9.0,329.0,2500.0,0.0,1.0,8.0,0.0,0.0,1.0,0.0,0.3,60.0,255.0,1.0,0.0,0.02,0.0,0.0,0.0,0.0,31212.0
11.0,9.0,42.0,108.0,0.0,0.0,1.0,0.0,0.0,1.0,0.0,0.0,29.0,219.0,0.83,0.07,0.01,0.0,0.0,0.0,0.0,89998.0
22.0,1.0,0.0,0.0,0.0,0.0,1.0,0.0,0.0,1.0,0.0,0.0,31.0,255.0,1.0,0.0,0.12,0.0,0.0,1.0,0.0,43466.0
22.0,9.0,230.0,6195.0,0.0,1.0,3.0,0.0,0.0,1.0,0.0,0.0,255.0,255.0,1.0,0.0,0.0,0.0,0.0,0.0,0.0,34045.0
22.0,9.0,186.0,2117.0,0.0,1.0,5.0,0.0,0.0,1.0,0.0,0.33,14.0,255.0,1.0,0.0,0.03,0.0,0.0,0.0,0.0,111738.0
22.0,9.0,219.0,2367.0,0.0,1.0,2.0,0.0,0.0,1.0,0.0,0.0,255.0,255.0,1.0,0.0,0.0,0.0,0.0,0.0,0.0,96279.0
22.0,9.0,418.0,9927.0,0.0,1.0,12.0,0.0,0.0,1.0,0.0,0.0,36.0,245.0,1.0,0.0,0.27,0.0,0.0,0.89,0.0,28484.0
22.0,9.0,214.0,3386.0,0.0,1.0,3.0,0.0,0.0,1.0,0.0,0.0,6.0,255.0,1.0,0.0,0.09,0.0,0.0,0.0,0.0,75328.0
22.0,9.0,167.0,9518.0,0.0,1.0,3.0,0.0,0.0,1.0,0.0,0.29,110.0,255.0,1.0,0.0,0.01,0.0,0.0,0.0,0.0,32308.0
22.0,9.0,54540.0,8314.0,0.0,1.0,4.0,0.0,0.0,1.0,0.0,0.0,104.0,104.0,1.0,0.0,0.0,0.0,0.0,0.05,1.0,2582.0
22.0,9.0,204.0,605.0,0.0,1.0,14.0,0.07,0.07,1.0,0.0,0.0,43.0,255.0,1.0,0.0,0.04,0.02,0.0,0.0,0.0,58243.0
22.0,9.0,240.0,2431.0,0.0,1.0,5.0,0.0,0.0,1.0,0.0,0.14,92.0,255.0,1.0,0.0,0.02,0.0,0.0,0.0,0.0,104756.0
11.0,9.0,44.0,128.0,0.0,0.0,186.0,0.0,0.0,0.99,0.01,0.0,217.0,184.0,0.85,0.01,0.0,0.0,0.0,0.0,0.0,47242.0
11.0,9.0,44.0,72.0,0.0,0.0,107.0,0.0,0.0,1.0,0.0,0.0,255.0,254.0,1.0,0.01,0.0,0.0,0.0,0.0,0.0,79563.0
22.0,9.0,264.0,2194.0,0.0,1.0,15.0,0.0,0.0,1.0,0.0,0.12,71.0,255.0,1.0,0.0,0.02,0.0,0.0,0.0,0.0,49782.0
11.0,9.0,44.0,74.0,0.0,0.0,206.0,0.0,0.0,1.0,0.0,0.0,255.0,237.0,0.93,0.01,0.0,0.0,0.0,0.0,0.0,35583.0
22.0,9.0,230.0,26866.0,0.0,1.0,1.0,0.0,0.0,1.0,0.0,0.0,255.0,255.0,1.0,0.0,0.0,0.0,0.0,0.0,0.0,108912.0
19.0,9.0,334.0,0.0,0.0,1.0,1.0,0.0,0.0,1.0,0.0,0.0,225.0,86.0,0.36,0.02,0.02,0.0,0.0,0.0,1.0,42512.0
22.0,9.0,304.0,263.0,0.0,1.0,2.0,0.0,0.0,1.0,0.0,0.0,109.0,255.0,1.0,0.0,0.05,0.0,0.0,0.0,0.0,115365.0
11.0,9.0,43.0,137.0,0.0,0.0,74.0,0.0,0.0,1.0,0.0,0.01,255.0,254.0,1.0,0.01,0.0,0.0,0.0,0.0,0.0,90746.0
11.0,9.0,45.0,126.0,0.0,0.0,71.0,0.0,0.0,1.0,0.0,0.01,255.0,235.0,0.92,0.01,0.0,0.0,0.0,0.0,0.0,5035.0
22.0,9.0,308.0,1298.0,0.0,1.0,17.0,0.0,0.0,1.0,0.0,0.13,255.0,255.0,1.0,0.0,0.0,0.0,0.0,0.0,0.0,25065.0
9.0,3.0,621568663.0,0.0,0.0,0.0,1.0,0.0,0.0,1.0,0.0,0.0,74.0,1.0,0.01,0.08,0.0,0.0,0.0,1.0,1.0,43486.0
19.0,9.0,607.0,0.0,0.0,1.0,2.0,0.0,0.0,1.0,0.0,0.0,10.0,6.0,0.6,0.2,0.0,0.0,0.0,0.0,0.0,44825.0
22.0,9.0,208.0,1778.0,0.0,1.0,3.0,0.0,0.0,1.0,0.0,0.0,3.0,255.0,1.0,0.0,0.03,0.0,0.01,0.0,0.0,6562.0
11.0,9.0,44.0,123.0,0.0,0.0,182.0,0.0,0.0,1.0,0.0,0.0,255.0,255.0,1.0,0.0,0.0,0.0,0.0,0.0,0.0,102983.0
22.0,9.0,309.0,9991.0,0.0,1.0,6.0,0.0,0.0,1.0,0.0,0.29,6.0,255.0,1.0,0.0,0.05,0.0,0.0,0.0,0.0,34506.0
22.0,9.0,205.0,1767.0,0.0,1.0,2.0,0.0,0.0,1.0,0.0,0.0,14.0,255.0,1.0,0.0,0.01,0.0,0.0,0.0,0.0,31360.0
22.0,9.0,54540.0,8314.0,0.0,1.0,3.0,0.0,0.0,1.0,0.0,0.0,71.0,71.0,1.0,0.0,0.0,0.0,0.0,0.2,1.0,103306.0
22.0,1.0,0.0,0.0,0.0,0.0,1.0,0.0,0.0,1.0,0.0,0.0,104.0,255.0,1.0,0.0,0.11,0.0,0.0,1.0,0.0,20976.0
22.0,9.0,317.0,6907.0,0.0,1.0,4.0,0.0,0.0,1.0,0.0,0.4,7.0,255.0,1.0,0.0,0.05,0.0,0.0,0.0,0.0,101883.0
11.0,9.0,43.0,127.0,0.0,0.0,72.0,0.0,0.0,1.0,0.0,0.01,255.0,255.0,1.0,0.0,0.0,0.0,0.0,0.0,0.0,50677.0
55.0,9.0,182.0,8092.0,0.0,1.0,1.0,0.0,0.0,1.0,0.0,0.0,255.0,1.0,0.0,0.01,0.0,0.0,0.0,0.0,0.0,66558.0
11.0,9.0,42.0,42.0,0.0,0.0,3.0,0.0,0.0,1.0,0.0,0.33,255.0,243.0,0.95,0.01,0.0,0.0,0.0,0.0,0.0,93521.0
22.0,9.0,250.0,3360.0,0.0,1.0,9.0,0.0,0.0,1.0,0.0,0.16,255.0,255.0,1.0,0.0,0.0,0.0,0.0,0.0,0.0,39143.0
22.0,9.0,153.0,1572.0,0.0,1.0,8.0,0.0,0.0,1.0,0.0,0.0,8.0,255.0,1.0,0.0,0.05,0.0,0.02,0.0,0.0,15396.0
49.0,9.0,1218.0,333.0,0.0,1.0,1.0,0.0,0.0,1.0,0.0,0.0,38.0,88.0,0.82,0.08,0.02,0.0,0.0,0.0,0.0,66105.0
22.0,9.0,197.0,1037.0,0.0,1.0,5.0,0.0,0.0,1.0,0.0,0.0,19.0,23.0,1.0,0.0,0.09,0.0,0.0,0.0,0.0,18947.0
22.0,9.0,333.0,16904.0,0.0,1.0,30.0,0.0,0.0,1.0,0.0,0.0,255.0,255.0,1.0,0.0,0.0,0.0,0.0,0.0,0.0,98098.0
22.0,9.0,341.0,1164.0,0.0,1.0,7.0,0.0,0.0,1.0,0.0,0.0,84.0,255.0,1.0,0.0,0.07,0.0,0.0,0.0,0.0,14376.0
22.0,9.0,173.0,7697.0,0.0,1.0,23.0,0.0,0.0,1.0,0.0,0.08,44.0,255.0,1.0,0.0,0.04,0.0,0.0,0.0,0.0,39733.0
55.0,9.0,466.0,334069.0,0.0,1.0,1.0,0.0,0.0,1.0,0.0,0.0,116.0,19.0,0.16,0.04,0.0,0.0,0.0,0.0,0.0,59633.0
11.0,9.0,44.0,44.0,0.0,0.0,156.0,0.0,0.0,1.0,0.0,0.02,255.0,254.0,1.0,0.01,0.0,0.0,0.0,0.0,0.0,63059.0
22.0,9.0,147.0,6195.0,0.0,1.0,2.0,0.0,0.0,1.0,0.0,0.0,165.0,255.0,1.0,0.0,0.02,0.01,0.0,0.0,0.0,56798.0
22.0,9.0,270.0,1375.0,0.0,1.0,29.0,0.0,0.0,1.0,0.0,0.07,58.0,255.0,1.0,0.0,0.02,0.0,0.0,0.0,0.0,98028.0
49.0,9.0,1985.0,333.0,0.0,1.0,1.0,0.0,0.0,1.0,0.0,1.0,2.0,2.0,1.0,0.0,0.0,0.0,0.0,0.0,0.0,37047.0
49.0,9.0,1147.0,366.0,0.0,1.0,1.0,0.0,0.0,1.0,0.0,0.0,94.0,229.0,0.95,0.02,0.01,0.0,0.0,0.0,0.0,48987.0
49.0,9.0,1236.0,335.0,0.0,1.0,1.0,0.0,0.0,1.0,0.0,0.0,131.0,53.0,0.4,0.04,0.0,0.0,0.0,0.0,0.0,84304.0
22.0,9.0,268.0,994.0,0.0,1.0,1.0,0.0,0.0,1.0,0.0,0.19,44.0,255.0,1.0,0.0,0.06,0.0,0.0,0.0,0.0,55675.0
22.0,9.0,243.0,725.0,0.0,1.0,11.0,0.0,0.0,1.0,0.0,0.17,75.0,255.0,1.0,0.0,0.02,0.0,0.0,0.02,0.0,110380.0
49.0,9.0,1294.0,282.0,0.0,1.0,1.0,0.0,0.0,1.0,0.0,1.0,167.0,131.0,0.69,0.03,0.02,0.0,0.0,0.01,0.0,92529.0
11.0,9.0,46.0,46.0,0.0,0.0,3.0,0.0,0.0,0.33,0.67,0.5,47.0,45.0,0.96,0.04,0.0,0.0,0.0,0.0,0.0,57199.0
11.0,9.0,42.0,42.0,0.0,0.0,14.0,0.0,0.0,1.0,0.0,0.13,255.0,250.0,0.98,0.01,0.0,0.0,0.0,0.0,0.0,29842.0
19.0,9.0,5558.0,0.0,0.0,0.0,18.0,0.0,0.0,1.0,0.0,0.0,255.0,118.0,0.46,0.02,0.0,0.0,0.0,0.0,0.0,94453.0
22.0,9.0,209.0,367.0,0.0,1.0,1.0,0.0,0.0,1.0,0.0,0.5,255.0,255.0,1.0,0.0,0.0,0.0,0.0,0.0,0.0,102496.0
11.0,9.0,44.0,110.0,0.0,0.0,78.0,0.0,0.0,1.0,0.0,0.01,255.0,255.0,1.0,0.0,0.0,0.0,0.0,0.0,0.0,74057.0
22.0,9.0,261.0,354.0,0.0,1.0,16.0,0.0,0.0,1.0,0.0,0.12,255.0,255.0,1.0,0.0,0.0,0.0,0.0,0.0,0.0,81680.0
22.0,9.0,262.0,872.0,0.0,1.0,9.0,0.0,0.0,1.0,0.0,0.0,139.0,255.0,1.0,0.0,0.04,0.0,0.0,0.01,0.0,65302.0
13.0,9.0,30.0,0.0,0.0,0.0,8.0,0.0,0.0,0.12,0.38,0.0,255.0,4.0,0.02,0.01,0.0,0.0,0.0,0.0,0.0,92224.0
22.0,9.0,306.0,3267.0,0.0,1.0,2.0,0.0,0.0,1.0,0.0,0.25,255.0,255.0,1.0,0.0,0.0,0.0,0.0,0.0,0.0,56644.0
22.0,9.0,331.0,362.0,0.0,1.0,4.0,0.0,0.0,1.0,0.0,0.5,255.0,255.0,1.0,0.0,0.0,0.0,0.0,0.0,0.0,34673.0
22.0,9.0,326.0,942.0,0.0,1.0,4.0,0.0,0.0,1.0,0.0,0.18,219.0,255.0,1.0,0.0,0.01,0.0,0.0,0.0,0.0,2666.0
22.0,9.0,213.0,567.0,0.0,1.0,17.0,0.0,0.0,1.0,0.0,0.0,106.0,255.0,1.0,0.0,0.03,0.0,0.0,0.0,0.0,10453.0
11.0,9.0,36.0,101.0,0.0,0.0,2.0,0.0,0.0,0.5,1.0,0.0,255.0,234.0,0.92,0.01,0.0,0.0,0.0,0.0,0.0,108602.0
22.0,9.0,254.0,269.0,0.0,1.0,35.0,0.0,0.0,1.0,0.0,0.0,255.0,255.0,1.0,0.0,0.0,0.0,0.0,0.0,0.0,53936.0
22.0,7.0,6.0,144.0,0.0,1.0,29.0,0.03,1.0,0.03,1.0,0.0,255.0,206.0,0.81,0.15,0.0,0.0,0.0,0.0,1.0,79104.0
11.0,9.0,45.0,134.0,0.0,0.0,73.0,0.0,0.0,1.0,0.0,0.01,255.0,239.0,0.94,0.01,0.0,0.0,0.0,0.0,0.0,41034.0
22.0,9.0,340.0,22965.0,0.0,1.0,1.0,0.0,0.0,1.0,0.0,0.0,12.0,183.0,1.0,0.0,0.09,0.0,0.0,0.0,0.0,12040.0
55.0,6.0,93.0,2832.0,0.0,1.0,1.0,1.0,1.0,1.0,0.0,0.0,139.0,25.0,0.18,0.51,0.0,0.06,0.36,0.04,0.0,38475.0
22.0,9.0,312.0,1423.0,0.0,1.0,13.0,0.0,0.0,1.0,0.0,0.0,255.0,255.0,1.0,0.0,0.0,0.0,0.0,0.0,0.0,91197.0
19.0,9.0,2194619.0,0.0,0.0,1.0,2.0,0.0,0.0,1.0,0.0,0.0,138.0,82.0,0.25,0.02,0.02,0.0,0.0,0.0,0.0,9435.0
11.0,9.0,43.0,76.0,0.0,0.0,130.0,0.0,0.0,1.0,0.0,0.0,255.0,201.0,0.79,0.01,0.0,0.0,0.0,0.0,0.0,23765.0
22.0,9.0,54540.0,8314.0,0.0,1.0,2.0,0.0,0.0,1.0,0.0,0.0,158.0,158.0,1.0,0.0,0.0,0.0,0.0,0.01,1.0,17654.0
22.0,9.0,210.0,756.0,0.0,1.0,1.0,0.0,0.0,1.0,0.0,0.33,43.0,255.0,1.0,0.0,0.02,0.0,0.0,0.0,0.0,96273.0
22.0,9.0,341.0,4291.0,0.0,1.0,17.0,0.0,0.0,1.0,0.0,0.0,56.0,255.0,1.0,0.0,0.01,0.0,0.0,0.0,0.0,1908.0
22.0,9.0,329.0,6345.0,0.0,1.0,9.0,0.0,0.0,1.0,0.0,0.27,255.0,255.0,1.0,0.0,0.0,0.0,0.0,0.0,0.0,25837.0
22.0,9.0,208.0,885.0,0.0,1.0,13.0,0.0,0.0,1.0,0.0,0.11,255.0,255.0,1.0,0.0,0.0,0.0,0.0,0.0,0.0,85515.0
11.0,9.0,43.0,120.0,0.0,0.0,21.0,0.0,0.0,1.0,0.0,0.09,255.0,255.0,1.0,0.0,0.0,0.0,0.0,0.0,0.0,60493.0
22.0,9.0,54540.0,8314.0,0.0,1.0,2.0,0.0,0.0,1.0,0.0,0.67,138.0,138.0,1.0,0.0,0.0,0.0,0.0,0.01,1.0,19617.0
22.0,9.0,231.0,3466.0,0.0,1.0,3.0,0.0,0.0,1.0,0.0,0.3,28.0,255.0,1.0,0.0,0.03,0.0,0.0,0.0,0.0,67308.0
22.0,9.0,167.0,4528.0,0.0,1.0,1.0,0.0,0.0,1.0,0.0,1.0,125.0,255.0,1.0,0.0,0.01,0.0,0.0,0.0,0.0,45507.0
22.0,9.0,201.0,12052.0,0.0,1.0,1.0,0.0,0.0,1.0,0.0,0.0,18.0,255.0,1.0,0.0,0.02,0.0,0.0,0.0,0.0,95511.0
40.0,9.0,147.0,0.0,0.0,0.0,5.0,0.0,0.0,0.2,0.6,0.0,255.0,3.0,0.01,0.42,0.0,0.0,0.0,0.0,0.0,30649.0
19.0,9.0,59.0,0.0,0.0,1.0,16.0,0.0,0.0,1.0,0.0,0.0,169.0,52.0,0.31,0.04,0.0,0.01,0.0,0.0,0.0,100040.0
49.0,9.0,1452.0,322.0,0.0,1.0,1.0,0.0,0.0,1.0,0.0,0.0,142.0,246.0,0.97,0.01,0.01,0.0,0.0,0.0,0.0,1617.0
19.0,9.0,9178.0,0.0,0.0,1.0,17.0,0.0,0.0,1.0,0.0,0.0,248.0,111.0,0.45,0.04,0.0,0.0,0.0,0.0,0.0,97938.0
55.0,9.0,104.0,997.0,0.0,1.0,1.0,0.0,0.0,1.0,0.0,0.0,162.0,2.0,0.01,0.04,0.0,0.01,0.5,0.0,0.0,91607.0
39.0,9.0,48.0,48.0,0.0,0.0,1.0,0.0,0.0,1.0,0.0,0.0,102.0,43.0,0.42,0.02,0.0,0.0,0.0,0.0,0.0,43029.0
19.0,9.0,4763.0,0.0,0.0,1.0,1.0,0.0,0.0,1.0,0.0,0.0,231.0,61.0,0.26,0.01,0.0,0.0,0.0,0.0,0.0,80941.0
22.0,9.0,287.0,20502.0,0.0,1.0,1.0,0.0,0.0,1.0,0.0,0.0,39.0,255.0,1.0,0.0,0.02,0.0,0.01,0.0,0.0,23516.0
19.0,9.0,884.0,0.0,0.0,1.0,2.0,0.0,0.0,1.0,0.0,0.0,255.0,119.0,0.47,0.04,0.0,0.0,0.0,0.0,0.0,106332.0
22.0,9.0,209.0,1080.0,0.0,1.0,16.0,0.0,0.0,1.0,0.0,0.0,255.0,255.0,1.0,0.0,0.0,0.0,0.0,0.0,0.0,5539.0
19.0,9.0,1214.0,0.0,0.0,1.0,10.0,0.0,0.0,1.0,0.0,0.0,93.0,43.0,0.46,0.05,0.0,0.0,0.0,0.0,0.0,57897.0
44.0,9.0,105.0,0.0,0.0,0.0,3.0,0.0,0.0,1.0,0.0,0.0,255.0,240.0,0.94,0.01,0.0,0.0,0.0,0.0,0.0,111173.0
22.0,9.0,240.0,3214.0,0.0,1.0,14.0,0.0,0.0,1.0,0.0,0.21,255.0,255.0,1.0,0.0,0.0,0.0,0.0,0.0,0.0,118309.0
40.0,9.0,147.0,105.0,0.0,0.0,1.0,0.0,0.0,1.0,0.0,0.0,255.0,1.0,0.0,0.86,0.0,0.0,0.0,0.0,0.0,124148.0
22.0,9.0,216.0,4435.0,0.0,1.0,4.0,0.0,0.0,1.0,0.0,0.18,77.0,255.0,1.0,0.0,0.01,0.0,0.0,0.0,0.0,12846.0
49.0,9.0,1281.0,361.0,0.0,1.0,1.0,0.0,0.0,1.0,0.0,1.0,76.0,123.0,0.38,0.05,0.02,0.0,0.0,0.0,0.0,85403.0
22.0,9.0,295.0,180.0,0.0,1.0,1.0,0.0,0.0,1.0,0.0,0.0,1.0,255.0,1.0,0.0,0.05,0.0,0.0,0.0,0.0,42244.0
22.0,9.0,209.0,59540.0,0.0,1.0,6.0,0.17,0.27,1.0,0.0,0.45,12.0,255.0,1.0,0.0,0.04,0.17,0.01,0.0,0.0,106282.0
22.0,9.0,265.0,1858.0,0.0,1.0,2.0,0.0,0.0,1.0,0.0,0.75,32.0,255.0,1.0,0.0,0.05,0.0,0.0,0.0,0.0,37045.0
22.0,9.0,232.0,4705.0,0.0,1.0,18.0,0.0,0.0,1.0,0.0,0.1,120.0,255.0,1.0,0.0,0.03,0.0,0.0,0.0,0.0,42313.0
22.0,9.0,311.0,8711.0,0.0,1.0,2.0,0.0,0.0,1.0,0.0,0.0,141.0,255.0,1.0,0.0,0.02,0.0,0.0,0.0,0.0,58280.0
22.0,9.0,251.0,3198.0,0.0,1.0,1.0,0.0,0.0,1.0,0.0,0.2,196.0,255.0,1.0,0.0,0.02,0.0,0.0,0.0,0.0,110326.0
58.0,9.0,182.0,0.0,0.0,0.0,5.0,0.0,0.0,0.8,0.4,0.0,255.0,14.0,0.05,0.01,0.0,0.0,0.0,0.0,0.0,74403.0
22.0,9.0,235.0,5280.0,0.0,1.0,7.0,0.0,0.0,1.0,0.0,0.0,255.0,255.0,1.0,0.0,0.0,0.0,0.0,0.0,0.0,112342.0
11.0,9.0,46.0,46.0,0.0,0.0,17.0,0.0,0.0,1.0,0.0,0.1,255.0,254.0,1.0,0.01,0.0,0.0,0.0,0.0,0.0,78108.0
22.0,9.0,233.0,2376.0,0.0,1.0,26.0,0.0,0.0,1.0,0.0,0.07,255.0,255.0,1.0,0.0,0.0,0.0,0.0,0.0,0.0,103211.0
22.0,9.0,287.0,511.0,0.0,1.0,27.0,0.0,0.0,1.0,0.0,0.14,255.0,255.0,1.0,0.0,0.0,0.0,0.0,0.0,0.0,23505.0
22.0,9.0,293.0,4321.0,0.0,1.0,18.0,0.0,0.0,1.0,0.0,0.0,72.0,255.0,1.0,0.0,0.01,0.0,0.0,0.0,0.0,95381.0
22.0,9.0,209.0,1861.0,0.0,1.0,10.0,0.0,0.07,1.0,0.0,0.14,108.0,255.0,1.0,0.0,0.01,0.0,0.0,0.0,0.0,13020.0
22.0,9.0,199.0,6979.0,0.0,1.0,13.0,0.0,0.0,1.0,0.0,0.0,106.0,255.0,1.0,0.0,0.01,0.0,0.0,0.01,0.0,61979.0
22.0,9.0,279.0,804.0,0.0,1.0,1.0,0.0,0.0,1.0,0.0,0.67,27.0,255.0,1.0,0.0,0.05,0.0,0.0,0.05,0.0,49909.0
40.0,9.0,516.0,4.0,0.0,0.0,182.0,0.0,0.0,1.0,0.0,0.0,182.0,182.0,1.0,0.0,0.0,0.0,0.0,0.0,0.0,91179.0
22.0,9.0,281.0,1000.0,0.0,1.0,4.0,0.0,0.0,1.0,0.0,0.0,22.0,255.0,1.0,0.0,0.05,0.0,0.0,0.0,0.0,119327.0
22.0,9.0,224.0,1270.0,0.0,1.0,6.0,0.0,0.0,1.0,0.0,0.17,255.0,255.0,1.0,0.0,0.0,0.0,0.0,0.0,0.0,682.0
19.0,9.0,12324.0,0.0,0.0,0.0,2.0,0.0,0.0,1.0,0.0,0.0,7.0,6.0,0.86,0.29,0.0,0.0,0.0,0.0,0.0,98966.0
22.0,9.0,358.0,1183.0,0.0,1.0,2.0,0.0,0.0,1.0,0.0,0.0,150.0,255.0,1.0,0.0,0.01,0.0,0.0,0.0,0.0,58102.0
22.0,9.0,281.0,744.0,0.0,1.0,4.0,0.0,0.0,1.0,0.0,0.09,34.0,255.0,1.0,0.0,0.02,0.0,0.0,0.0,0.0,5651.0
22.0,9.0,294.0,790.0,0.0,1.0,2.0,0.0,0.0,1.0,0.0,0.0,2.0,255.0,1.0,0.0,0.04,0.0,0.0,0.0,0.0,27089.0
22.0,9.0,326.0,2697.0,0.0,1.0,4.0,0.25,0.25,1.0,0.0,0.0,255.0,255.0,1.0,0.0,0.0,0.01,0.01,0.0,0.0,78033.0
49.0,9.0,1196.0,493.0,0.0,1.0,1.0,0.0,0.0,1.0,0.0,1.0,10.0,182.0,1.0,0.0,0.01,0.0,0.0,0.0,0.0,33174.0
19.0,9.0,383.0,0.0,0.0,1.0,2.0,0.0,0.0,1.0,0.0,0.0,91.0,52.0,0.33,0.07,0.04,0.0,0.0,0.0,0.0,55766.0
40.0,9.0,147.0,105.0,0.0,0.0,5.0,0.0,0.0,0.4,0.6,0.0,255.0,2.0,0.01,0.85,0.0,0.0,0.0,0.0,0.0,122966.0
18.0,9.0,1200.0,2447.0,0.0,1.0,1.0,0.0,0.0,1.0,0.0,0.0,202.0,30.0,0.15,0.02,0.0,0.0,0.0,0.0,1.0,44846.0
22.0,9.0,312.0,3058.0,0.0,1.0,3.0,0.0,0.0,1.0,0.0,0.0,60.0,255.0,1.0,0.0,0.04,0.0,0.0,0.0,0.0,12729.0
22.0,9.0,220.0,3390.0,0.0,1.0,22.0,0.0,0.0,1.0,0.0,0.0,40.0,255.0,1.0,0.0,0.01,0.0,0.0,0.0,0.0,78301.0
22.0,9.0,223.0,2480.0,0.0,1.0,8.0,0.0,0.0,1.0,0.0,0.0,61.0,255.0,1.0,0.0,0.02,0.0,0.0,0.0,0.0,56611.0
22.0,9.0,325.0,3941.0,0.0,1.0,4.0,0.25,0.25,1.0,0.0,0.0,255.0,255.0,1.0,0.0,0.0,0.0,0.0,0.0,0.0,1006.0
22.0,9.0,235.0,3714.0,0.0,1.0,13.0,0.0,0.0,1.0,0.0,0.11,34.0,255.0,1.0,0.0,0.02,0.0,0.0,0.0,0.0,20036.0
55.0,9.0,104.0,2075.0,0.0,1.0,1.0,0.0,0.0,1.0,0.0,0.0,192.0,3.0,0.02,0.03,0.0,0.0,0.0,0.0,0.0,50374.0
13.0,9.0,30.0,0.0,0.0,0.0,1.0,0.0,0.0,1.0,0.0,0.0,198.0,198.0,1.0,0.0,0.0,0.0,0.0,0.0,0.0,48504.0
22.0,9.0,319.0,6902.0,0.0,1.0,19.0,0.0,0.0,1.0,0.0,0.0,19.0,255.0,1.0,0.0,0.04,0.0,0.0,0.0,0.0,101713.0
19.0,9.0,854.0,0.0,0.0,1.0,18.0,0.0,0.0,1.0,0.0,0.0,7.0,74.0,1.0,0.0,0.04,0.0,0.0,0.0,0.0,49655.0
22.0,9.0,277.0,482.0,0.0,1.0,4.0,0.0,0.0,1.0,0.0,0.4,255.0,255.0,1.0,0.0,0.0,0.0,0.0,0.0,0.0,78658.0
49.0,9.0,2039.0,325.0,0.0,1.0,1.0,0.0,0.0,1.0,0.0,0.0,82.0,34.0,0.41,0.04,0.0,0.0,0.0,0.0,0.0,44745.0
22.0,9.0,227.0,1451.0,0.0,1.0,7.0,0.0,0.0,1.0,0.0,0.18,21.0,255.0,1.0,0.0,0.05,0.0,0.0,0.0,0.0,124967.0
22.0,9.0,246.0,3200.0,0.0,1.0,14.0,0.0,0.0,1.0,0.0,0.0,255.0,255.0,1.0,0.0,0.0,0.0,0.0,0.0,0.0,26382.0
11.0,9.0,45.0,134.0,0.0,0.0,76.0,0.0,0.0,1.0,0.0,0.01,255.0,254.0,1.0,0.01,0.0,0.0,0.0,0.0,0.0,87688.0
40.0,9.0,516.0,4.0,0.0,0.0,429.0,0.0,0.0,1.0,0.0,0.0,255.0,255.0,1.0,0.0,0.0,0.0,0.0,0.0,0.0,118048.0
22.0,4.0,54540.0,7300.0,0.0,1.0,2.0,0.0,0.0,1.0,0.0,0.67,255.0,255.0,1.0,0.0,0.0,0.0,0.0,0.04,1.0,39629.0
22.0,9.0,263.0,1053.0,0.0,1.0,2.0,0.0,0.0,1.0,0.0,0.0,255.0,253.0,0.99,0.01,0.0,0.0,0.0,0.0,0.0,96232.0
22.0,1.0,0.0,0.0,0.0,0.0,1.0,0.0,0.0,1.0,0.0,0.0,4.0,255.0,1.0,0.0,0.21,0.0,0.0,0.95,0.0,68315.0
18.0,9.0,230.0,768.0,0.0,1.0,1.0,0.0,0.0,1.0,0.0,0.0,41.0,13.0,0.32,0.1,0.0,0.0,0.0,0.0,0.0,61484.0
19.0,9.0,12983.0,0.0,0.0,0.0,2.0,0.0,0.0,1.0,0.0,0.0,255.0,111.0,0.44,0.02,0.0,0.0,0.0,0.0,0.0,79319.0
22.0,9.0,326.0,733.0,0.0,1.0,20.0,0.0,0.0,1.0,0.0,0.0,204.0,255.0,1.0,0.0,0.02,0.0,0.01,0.02,0.0,124523.0
22.0,1.0,0.0,0.0,0.0,0.0,1.0,0.0,0.0,1.0,0.0,0.0,1.0,120.0,1.0,0.0,0.22,0.0,0.0,1.0,0.0,15290.0
19.0,9.0,740.0,0.0,0.0,1.0,2.0,0.0,0.0,1.0,0.0,0.0,118.0,20.0,0.17,0.03,0.0,0.0,0.0,0.0,0.0,38490.0
22.0,9.0,211.0,3369.0,0.0,1.0,17.0,0.0,0.0,1.0,0.0,0.0,17.0,255.0,1.0,0.0,0.02,0.0,0.0,0.0,0.0,14617.0
18.0,9.0,1250.0,2451.0,0.0,1.0,1.0,0.0,0.0,1.0,0.0,0.0,247.0,75.0,0.3,0.02,0.0,0.0,0.0,0.0,1.0,16790.0
22.0,9.0,237.0,556.0,0.0,1.0,1.0,0.0,0.0,1.0,0.0,1.0,8.0,255.0,1.0,0.0,0.01,0.0,0.0,0.0,0.0,29086.0
11.0,9.0,44.0,73.0,0.0,0.0,69.0,0.0,0.0,1.0,0.0,0.01,255.0,254.0,1.0,0.01,0.0,0.0,0.0,0.0,0.0,49644.0
44.0,9.0,105.0,0.0,0.0,0.0,2.0,0.0,0.0,1.0,0.0,0.0,255.0,158.0,0.62,0.01,0.0,0.0,0.0,0.0,0.0,42917.0
11.0,9.0,42.0,71.0,0.0,0.0,248.0,0.0,0.0,1.0,0.0,0.0,255.0,254.0,1.0,0.01,0.0,0.0,0.0,0.0,0.0,98062.0
18.0,9.0,1237.0,2451.0,0.0,1.0,1.0,0.0,0.0,1.0,0.0,0.0,255.0,34.0,0.13,0.02,0.0,0.09,0.0,0.0,1.0,27160.0
22.0,9.0,307.0,667.0,0.0,1.0,4.0,0.0,0.0,1.0,0.0,0.0,255.0,255.0,1.0,0.0,0.0,0.0,0.0,0.0,0.0,51761.0
49.0,9.0,946.0,333.0,0.0,1.0,1.0,0.0,0.0,1.0,0.0,0.0,163.0,242.0,0.98,0.02,0.01,0.0,0.0,0.0,0.0,52634.0
40.0,9.0,147.0,105.0,0.0,0.0,1.0,0.0,0.0,1.0,0.0,0.0,255.0,1.0,0.0,0.64,0.0,0.0,0.0,0.0,0.0,110077.0
22.0,9.0,206.0,1286.0,0.0,1.0,4.0,0.0,0.0,1.0,0.0,0.09,255.0,255.0,1.0,0.0,0.0,0.0,0.0,0.0,0.0,14821.0
22.0,1.0,0.0,0.0,0.0,0.0,1.0,0.0,0.0,1.0,0.0,0.0,21.0,24.0,1.0,0.0,0.08,0.0,0.08,0.92,0.0,104758.0
22.0,9.0,250.0,683.0,0.0,1.0,9.0,0.0,0.0,1.0,0.0,0.2,255.0,255.0,1.0,0.0,0.0,0.0,0.0,0.0,0.0,24298.0
22.0,9.0,209.0,1630.0,0.0,1.0,19.0,0.05,0.05,1.0,0.0,0.0,255.0,255.0,1.0,0.0,0.0,0.0,0.0,0.0,0.0,100526.0
11.0,9.0,46.0,116.0,0.0,0.0,97.0,0.0,0.0,1.0,0.0,0.03,255.0,255.0,1.0,0.0,0.0,0.0,0.0,0.0,0.0,64603.0
19.0,6.0,4380.0,0.0,0.0,1.0,9.0,0.11,0.14,0.78,0.33,0.0,105.0,59.0,0.18,0.05,0.03,0.01,0.02,0.0,0.0,116540.0
22.0,9.0,185.0,4841.0,0.0,1.0,3.0,0.0,0.0,1.0,0.0,0.17,9.0,255.0,1.0,0.0,0.05,0.0,0.0,0.0,0.0,1575.0
22.0,9.0,302.0,258.0,0.0,1.0,1.0,0.0,0.0,1.0,0.0,0.0,255.0,254.0,1.0,0.01,0.0,0.0,0.0,0.0,0.0,64919.0
22.0,9.0,319.0,544.0,0.0,1.0,19.0,0.0,0.0,1.0,0.0,0.14,57.0,255.0,1.0,0.0,0.03,0.0,0.0,0.0,0.0,58174.0
44.0,9.0,105.0,0.0,0.0,0.0,2.0,0.0,0.0,1.0,0.0,0.0,46.0,37.0,0.8,0.07,0.0,0.0,0.0,0.0,0.0,92636.0
22.0,1.0,0.0,0.0,0.0,0.0,1.0,0.0,0.0,1.0,0.0,0.0,3.0,250.0,1.0,0.0,0.08,0.0,0.0,0.38,0.0,98505.0
49.0,9.0,918.0,387.0,0.0,1.0,1.0,0.0,0.0,1.0,0.0,0.0,255.0,99.0,0.39,0.02,0.0,0.4,0.0,0.0,0.0,109367.0
22.0,9.0,232.0,2138.0,0.0,1.0,14.0,0.0,0.0,1.0,0.0,0.0,63.0,255.0,1.0,0.0,0.05,0.0,0.0,0.0,0.0,115242.0
11.0,9.0,46.0,112.0,0.0,0.0,1.0,0.0,0.0,1.0,0.0,0.0,143.0,133.0,0.93,0.01,0.0,0.0,0.0,0.0,0.0,95460.0
22.0,9.0,308.0,7889.0,0.0,1.0,1.0,0.0,0.0,1.0,0.0,0.0,1.0,255.0,1.0,0.0,0.02,0.0,0.0,0.0,0.0,93781.0
18.0,9.0,60.0,189.0,0.0,0.0,1.0,0.0,0.0,1.0,0.0,0.0,151.0,47.0,0.31,0.03,0.0,0.0,0.0,0.0,0.0,110975.0
11.0,9.0,42.0,108.0,0.0,0.0,1.0,0.0,0.0,1.0,0.0,0.0,67.0,212.0,0.64,0.04,0.01,0.0,0.0,0.0,0.0,33290.0
22.0,9.0,292.0,1323.0,0.0,1.0,1.0,0.0,0.0,1.0,0.0,0.0,52.0,255.0,1.0,0.0,0.04,0.0,0.0,0.0,0.0,125776.0
22.0,9.0,309.0,759.0,0.0,1.0,2.0,0.0,0.0,1.0,0.0,0.3,255.0,255.0,1.0,0.0,0.0,0.0,0.0,0.0,0.0,83084.0
11.0,9.0,46.0,78.0,0.0,0.0,259.0,0.0,0.0,1.0,0.01,0.01,255.0,255.0,1.0,0.0,0.0,0.0,0.0,0.0,0.0,20000.0
22.0,9.0,184.0,327.0,0.0,1.0,2.0,0.0,0.0,1.0,0.0,0.0,255.0,255.0,1.0,0.0,0.0,0.0,0.0,0.06,0.0,74725.0
22.0,9.0,260.0,6700.0,0.0,1.0,1.0,0.0,0.0,1.0,0.0,0.15,93.0,255.0,1.0,0.0,0.01,0.0,0.0,0.0,0.0,48274.0
22.0,9.0,295.0,799.0,0.0,1.0,13.0,0.0,0.0,1.0,0.0,0.14,255.0,255.0,1.0,0.0,0.0,0.0,0.0,0.0,0.0,18574.0
22.0,9.0,327.0,822.0,0.0,1.0,21.0,0.0,0.0,1.0,0.0,0.12,42.0,255.0,1.0,0.0,0.06,0.0,0.0,0.29,0.0,106657.0
58.0,9.0,183.0,0.0,0.0,0.0,2.0,0.0,0.0,0.5,1.0,0.0,255.0,18.0,0.07,0.01,0.0,0.0,0.0,0.0,0.0,31651.0
22.0,9.0,217.0,1511.0,0.0,1.0,3.0,0.33,0.33,1.0,0.0,0.0,102.0,255.0,1.0,0.0,0.01,0.01,0.0,0.0,0.0,59650.0
18.0,9.0,287.0,903.0,0.0,1.0,1.0,0.0,0.0,1.0,0.0,0.0,120.0,36.0,0.3,0.03,0.0,0.0,0.0,0.0,0.0,33119.0
58.0,9.0,182.0,0.0,0.0,0.0,2.0,0.0,0.0,0.5,1.0,0.0,255.0,1.0,0.0,0.01,0.0,0.0,0.0,0.0,0.0,101042.0
22.0,9.0,240.0,285.0,0.0,1.0,18.0,0.0,0.0,1.0,0.0,0.09,255.0,255.0,1.0,0.0,0.0,0.0,0.0,0.0,0.0,82132.0
11.0,9.0,46.0,132.0,0.0,0.0,20.0,0.0,0.0,1.0,0.0,0.02,196.0,76.0,0.39,0.02,0.0,0.0,0.0,0.0,0.0,112661.0
49.0,9.0,1414.0,377.0,0.0,1.0,1.0,0.0,0.0,1.0,0.0,0.0,139.0,181.0,0.64,0.04,0.01,0.0,0.0,0.0,0.0,57935.0
22.0,9.0,238.0,11316.0,0.0,1.0,4.0,0.0,0.0,1.0,0.0,0.25,122.0,255.0,1.0,0.0,0.01,0.01,0.0,0.0,0.0,74141.0
22.0,9.0,285.0,25519.0,0.0,1.0,4.0,0.0,0.0,1.0,0.0,0.0,49.0,255.0,1.0,0.0,0.02,0.02,0.02,0.0,0.0,109848.0
22.0,9.0,164.0,5700.0,0.0,1.0,1.0,0.0,0.0,1.0,0.0,0.0,29.0,255.0,1.0,0.0,0.02,0.0,0.0,0.0,0.0,73016.0
49.0,9.0,2512.0,329.0,0.0,1.0,1.0,0.0,0.0,1.0,0.0,0.0,255.0,132.0,0.52,0.01,0.0,0.0,0.0,0.0,0.0,29177.0
22.0,9.0,255.0,1249.0,0.0,1.0,3.0,0.0,0.0,1.0,0.0,0.33,42.0,255.0,1.0,0.0,0.02,0.0,0.0,0.0,0.0,11746.0
49.0,9.0,1930.0,279.0,0.0,1.0,2.0,0.0,0.0,0.5,1.0,0.0,25.0,18.0,0.72,0.16,0.0,0.0,0.0,0.0,0.0,18226.0
22.0,9.0,360.0,15286.0,0.0,1.0,2.0,0.0,0.0,1.0,0.0,0.0,8.0,255.0,1.0,0.0,0.03,0.0,0.0,0.0,0.0,108132.0
11.0,9.0,44.0,44.0,0.0,0.0,110.0,0.0,0.0,1.0,0.0,0.0,255.0,254.0,1.0,0.01,0.0,0.0,0.0,0.0,0.0,24244.0
22.0,9.0,333.0,720.0,0.0,1.0,2.0,0.0,0.0,1.0,0.0,0.0,118.0,255.0,1.0,0.0,0.03,0.0,0.0,0.0,0.0,90112.0
22.0,9.0,209.0,933.0,0.0,1.0,11.0,0.0,0.0,1.0,0.0,0.19,255.0,255.0,1.0,0.0,0.0,0.0,0.0,0.0,0.0,15473.0
22.0,9.0,260.0,9534.0,0.0,1.0,1.0,0.0,0.0,1.0,0.0,1.0,160.0,255.0,1.0,0.0,0.01,0.0,0.0,0.0,0.0,35198.0
40.0,9.0,145.0,105.0,0.0,0.0,1.0,0.0,0.0,1.0,0.0,0.0,255.0,1.0,0.0,0.46,0.0,0.0,0.0,0.0,0.0,95644.0
40.0,9.0,146.0,105.0,0.0,0.0,1.0,0.0,0.0,1.0,0.0,0.0,255.0,2.0,0.01,0.62,0.0,0.0,0.0,0.0,0.0,108796.0
22.0,5.0,0.0,0.0,0.0,0.0,2.0,0.5,0.33,1.0,0.0,0.5,255.0,255.0,1.0,0.0,0.0,0.0,0.0,0.0,0.0,83393.0
22.0,9.0,354.0,398.0,0.0,1.0,2.0,0.0,0.0,1.0,0.0,0.67,255.0,255.0,1.0,0.0,0.0,0.0,0.0,0.0,0.0,4247.0
22.0,9.0,237.0,11499.0,0.0,1.0,19.0,0.0,0.0,1.0,0.0,0.06,255.0,255.0,1.0,0.0,0.0,0.0,0.0,0.0,0.0,76001.0
22.0,9.0,257.0,2341.0,0.0,1.0,11.0,0.0,0.01,1.0,0.0,0.11,71.0,255.0,1.0,0.0,0.02,0.01,0.0,0.0,0.0,11255.0
11.0,9.0,44.0,44.0,0.0,0.0,159.0,0.0,0.0,1.0,0.0,0.0,255.0,255.0,1.0,0.0,0.0,0.0,0.0,0.0,0.0,55006.0
22.0,9.0,197.0,9442.0,0.0,1.0,2.0,0.0,0.0,1.0,0.0,0.0,2.0,255.0,1.0,0.0,0.05,0.0,0.0,0.0,0.0,95080.0
22.0,9.0,228.0,596.0,0.0,1.0,3.0,0.0,0.0,1.0,0.0,0.0,255.0,255.0,1.0,0.0,0.0,0.0,0.0,0.0,0.0,20523.0
22.0,9.0,234.0,886.0,0.0,1.0,5.0,0.0,0.0,1.0,0.0,0.0,5.0,255.0,1.0,0.0,0.04,0.0,0.0,0.0,0.0,36887.0
40.0,9.0,145.0,105.0,0.0,0.0,1.0,0.0,0.0,1.0,0.0,0.0,255.0,1.0,0.0,0.6,0.0,0.0,0.0,0.0,0.0,109881.0
49.0,9.0,740.0,338.0,0.0,1.0,1.0,0.0,0.0,1.0,0.0,0.0,106.0,181.0,0.69,0.04,0.01,0.0,0.0,0.0,0.0,78857.0
22.0,9.0,312.0,6764.0,0.0,1.0,1.0,0.0,0.0,1.0,0.0,0.0,1.0,255.0,1.0,0.0,0.05,0.0,0.0,0.0,0.0,86058.0
11.0,9.0,43.0,71.0,0.0,0.0,154.0,0.0,0.0,1.0,0.0,0.01,255.0,225.0,0.88,0.01,0.0,0.0,0.0,0.0,0.0,84751.0
11.0,9.0,43.0,133.0,0.0,0.0,280.0,0.0,0.0,1.0,0.01,0.0,245.0,210.0,0.86,0.01,0.0,0.0,0.0,0.0,0.0,32220.0
49.0,9.0,1875.0,402.0,0.0,1.0,1.0,0.0,0.0,1.0,0.0,1.0,159.0,166.0,0.64,0.1,0.01,0.01,0.0,0.0,0.0,80031.0
22.0,9.0,54540.0,8314.0,0.0,1.0,2.0,0.0,0.0,1.0,0.0,0.67,197.0,197.0,1.0,0.0,0.0,0.0,0.0,0.02,1.0,58382.0
11.0,9.0,43.0,75.0,0.0,0.0,68.0,0.0,0.0,1.0,0.0,0.01,255.0,217.0,0.85,0.01,0.0,0.0,0.0,0.0,0.0,59124.0
17.0,9.0,8.0,0.0,0.0,0.0,1.0,0.0,0.0,1.0,0.0,0.0,8.0,5.0,0.12,0.38,0.4,0.0,0.0,0.0,0.0,55363.0
22.0,4.0,50004.0,8314.0,0.0,1.0,4.0,0.0,0.0,1.0,0.0,0.0,255.0,255.0,1.0,0.0,0.0,0.0,0.0,0.05,1.0,40267.0
49.0,9.0,1053.0,394.0,0.0,1.0,1.0,0.0,0.0,1.0,0.0,0.0,255.0,73.0,0.29,0.06,0.0,0.47,0.0,0.03,0.0,25273.0
11.0,9.0,46.0,73.0,0.0,0.0,78.0,0.0,0.0,1.0,0.0,0.01,255.0,254.0,1.0,0.01,0.0,0.0,0.0,0.0,0.0,79726.0
49.0,9.0,1371.0,331.0,0.0,1.0,1.0,0.0,0.0,1.0,0.0,1.0,76.0,152.0,0.99,0.03,0.01,0.0,0.0,0.0,0.0,27913.0
22.0,9.0,296.0,1600.0,0.0,1.0,9.0,0.0,0.0,1.0,0.0,0.0,85.0,255.0,1.0,0.0,0.04,0.0,0.0,0.0,0.0,55908.0
49.0,9.0,957.0,330.0,0.0,1.0,1.0,0.0,0.0,1.0,0.0,1.0,77.0,195.0,0.87,0.05,0.01,0.0,0.0,0.0,0.0,26424.0
44.0,9.0,215.0,0.0,0.0,0.0,1.0,0.0,0.0,1.0,0.0,0.0,43.0,35.0,0.81,0.05,0.0,0.0,0.0,0.0,1.0,44287.0
11.0,9.0,44.0,44.0,0.0,0.0,184.0,0.0,0.0,1.0,0.0,0.0,255.0,254.0,1.0,0.01,0.0,0.0,0.0,0.0,0.0,96235.0
22.0,9.0,218.0,761.0,0.0,1.0,3.0,0.33,0.33,1.0,0.0,0.0,40.0,255.0,1.0,0.0,0.02,0.03,0.0,0.0,0.0,117050.0
22.0,9.0,327.0,1165.0,0.0,1.0,2.0,0.0,0.0,1.0,0.0,0.0,50.0,255.0,1.0,0.0,0.04,0.0,0.0,0.0,0.0,9837.0
49.0,9.0,729.0,333.0,0.0,1.0,1.0,0.0,0.0,1.0,0.0,1.0,22.0,130.0,0.68,0.18,0.02,0.0,0.0,0.0,0.0,15400.0
22.0,9.0,147.0,4097.0,0.0,1.0,1.0,0.0,0.0,1.0,0.0,0.0,42.0,255.0,1.0,0.0,0.02,0.02,0.02,0.0,0.0,64564.0
22.0,9.0,316.0,327.0,0.0,1.0,3.0,0.0,0.0,1.0,0.0,0.09,169.0,255.0,1.0,0.0,0.03,0.0,0.0,0.0,0.0,45429.0
22.0,9.0,169.0,1589.0,0.0,1.0,4.0,0.0,0.0,1.0,0.0,0.0,103.0,123.0,1.0,0.0,0.03,0.02,0.02,0.0,0.0,123057.0
22.0,9.0,215.0,10499.0,0.0,1.0,14.0,0.0,0.0,1.0,0.0,0.0,255.0,255.0,1.0,0.0,0.0,0.0,0.0,0.0,0.0,28.0
22.0,9.0,255.0,3605.0,0.0,1.0,1.0,0.0,0.0,1.0,0.0,0.0,118.0,255.0,1.0,0.0,0.02,0.0,0.0,0.0,0.0,116216.0
49.0,9.0,1117.0,481.0,0.0,1.0,1.0,0.0,0.0,1.0,0.0,0.0,255.0,4.0,0.02,0.01,0.0,0.0,0.0,0.0,0.0,51972.0
49.0,9.0,1752.0,438.0,0.0,1.0,1.0,0.0,0.0,1.0,0.0,1.0,255.0,113.0,0.44,0.04,0.0,0.12,0.0,0.0,0.0,27337.0
19.0,9.0,194.0,0.0,0.0,1.0,2.0,0.0,0.0,1.0,0.0,0.0,69.0,16.0,0.06,0.07,0.12,0.01,0.0,0.0,0.0,21181.0
22.0,9.0,314.0,2382.0,0.0,1.0,9.0,0.0,0.0,1.0,0.0,0.0,9.0,255.0,1.0,0.0,0.05,0.0,0.0,0.0,0.0,66421.0
22.0,9.0,300.0,3850.0,0.0,1.0,15.0,0.0,0.0,1.0,0.0,0.11,70.0,255.0,1.0,0.0,0.04,0.0,0.0,0.0,0.0,77750.0
22.0,9.0,305.0,674.0,0.0,1.0,17.0,0.0,0.0,1.0,0.0,0.0,17.0,255.0,1.0,0.0,0.02,0.0,0.0,0.0,0.0,98350.0
11.0,9.0,46.0,132.0,0.0,0.0,243.0,0.0,0.0,1.0,0.01,0.01,255.0,248.0,0.97,0.01,0.0,0.0,0.0,0.0,0.0,87797.0
13.0,9.0,30.0,0.0,0.0,0.0,1.0,0.0,0.0,1.0,0.0,0.0,66.0,131.0,1.0,0.0,0.26,0.0,0.0,0.0,0.0,12589.0
44.0,9.0,105.0,146.0,0.0,0.0,2.0,0.0,0.0,1.0,0.0,0.0,255.0,242.0,0.95,0.01,0.0,0.0,0.0,0.0,0.0,97654.0
22.0,9.0,297.0,14648.0,0.0,1.0,15.0,0.0,0.0,1.0,0.0,0.0,15.0,255.0,1.0,0.0,0.05,0.0,0.0,0.0,0.0,59073.0
22.0,9.0,225.0,3876.0,0.0,1.0,4.0,0.0,0.0,1.0,0.0,0.14,180.0,255.0,1.0,0.0,0.02,0.01,0.01,0.0,0.0,11814.0
22.0,9.0,301.0,1362.0,0.0,1.0,6.0,0.0,0.0,1.0,0.0,0.33,11.0,255.0,1.0,0.0,0.02,0.0,0.0,0.0,0.0,48238.0
19.0,9.0,607.0,0.0,0.0,1.0,2.0,0.0,0.0,1.0,0.0,0.0,7.0,83.0,0.86,0.29,0.02,0.0,0.0,0.0,0.0,20086.0
49.0,9.0,1179.0,328.0,0.0,1.0,1.0,0.0,0.0,1.0,0.0,0.0,136.0,71.0,0.52,0.02,0.0,0.0,0.0,0.0,0.0,2984.0
22.0,1.0,0.0,0.0,0.0,0.0,1.0,0.0,0.0,1.0,0.0,1.0,68.0,255.0,1.0,0.0,0.06,0.0,0.0,0.98,0.0,39845.0
22.0,9.0,213.0,383.0,0.0,1.0,3.0,0.0,0.0,1.0,0.0,0.0,166.0,255.0,1.0,0.0,0.01,0.0,0.0,0.0,0.0,115668.0
22.0,9.0,225.0,527.0,0.0,1.0,7.0,0.0,0.0,1.0,0.0,0.14,255.0,255.0,1.0,0.0,0.0,0.0,0.0,0.0,0.0,115443.0
22.0,9.0,334.0,1488.0,0.0,1.0,16.0,0.0,0.0,1.0,0.0,0.0,255.0,255.0,1.0,0.0,0.0,0.0,0.0,0.0,0.0,82434.0
40.0,9.0,516.0,4.0,0.0,0.0,404.0,0.0,0.0,1.0,0.0,0.0,255.0,255.0,1.0,0.0,0.0,0.0,0.0,0.0,0.0,54014.0
11.0,9.0,44.0,70.0,0.0,0.0,207.0,0.0,0.0,1.0,0.0,0.0,255.0,255.0,1.0,0.0,0.0,0.0,0.0,0.0,0.0,8326.0
11.0,9.0,46.0,46.0,0.0,0.0,10.0,0.0,0.0,1.0,0.0,0.17,191.0,187.0,0.98,0.01,0.0,0.0,0.0,0.0,0.0,90925.0
11.0,9.0,44.0,129.0,0.0,0.0,3.0,0.0,0.0,1.0,0.0,0.33,163.0,124.0,0.76,0.02,0.0,0.0,0.0,0.0,0.0,57538.0
11.0,9.0,45.0,77.0,0.0,0.0,294.0,0.0,0.0,1.0,0.0,0.0,255.0,254.0,1.0,0.01,0.0,0.0,0.0,0.0,0.0,92390.0
22.0,9.0,312.0,3058.0,0.0,1.0,4.0,0.0,0.0,1.0,0.0,0.0,103.0,255.0,1.0,0.0,0.04,0.0,0.0,0.0,0.0,53827.0
42.0,9.0,38.0,130.0,0.0,1.0,1.0,0.0,0.0,1.0,0.0,0.0,121.0,8.0,0.05,0.06,0.25,0.0,0.0,0.0,0.0,4018.0
49.0,9.0,751.0,332.0,0.0,1.0,1.0,0.0,0.0,1.0,0.0,0.0,215.0,107.0,0.5,0.03,0.0,0.0,0.0,0.0,0.0,14122.0
40.0,9.0,145.0,105.0,0.0,0.0,4.0,0.0,0.0,0.5,0.5,0.0,171.0,3.0,0.02,0.62,0.0,0.0,0.0,0.0,0.0,3626.0
11.0,9.0,103.0,0.0,0.0,0.0,1.0,0.0,0.0,1.0,0.0,1.0,40.0,40.0,1.0,0.0,0.0,0.0,0.0,0.0,0.0,90377.0
40.0,9.0,147.0,105.0,0.0,0.0,1.0,0.0,0.0,1.0,0.0,0.0,255.0,1.0,0.0,0.85,0.0,0.0,0.0,0.0,0.0,23057.0
19.0,9.0,5133876.0,0.0,0.0,1.0,1.0,0.0,0.0,1.0,0.0,0.0,4.0,16.0,1.0,0.0,0.25,0.0,0.0,0.0,1.0,23037.0
11.0,9.0,43.0,43.0,0.0,0.0,131.0,0.0,0.0,1.0,0.0,0.02,255.0,228.0,0.89,0.01,0.0,0.0,0.0,0.0,0.0,11166.0
13.0,9.0,30.0,0.0,0.0,0.0,2.0,0.0,0.0,0.5,1.0,0.0,255.0,8.0,0.03,0.01,0.0,0.0,0.0,0.0,0.0,125259.0
22.0,9.0,142.0,16627.0,0.0,1.0,1.0,0.0,0.0,1.0,0.0,0.0,108.0,255.0,1.0,0.0,0.02,0.0,0.0,0.0,0.0,17265.0
22.0,9.0,232.0,615.0,0.0,1.0,7.0,0.0,0.0,1.0,0.0,0.27,255.0,255.0,1.0,0.0,0.0,0.0,0.0,0.0,0.0,94193.0
22.0,9.0,186.0,784.0,0.0,1.0,11.0,0.0,0.0,1.0,0.0,0.13,255.0,255.0,1.0,0.0,0.0,0.0,0.0,0.0,0.0,9614.0
11.0,9.0,44.0,44.0,0.0,0.0,140.0,0.0,0.0,1.0,0.0,0.01,255.0,255.0,1.0,0.0,0.0,0.0,0.0,0.0,0.0,107064.0
22.0,9.0,302.0,773.0,0.0,1.0,11.0,0.0,0.0,1.0,0.0,0.0,13.0,255.0,1.0,0.0,0.02,0.0,0.0,0.0,0.0,11203.0
22.0,9.0,300.0,321.0,0.0,1.0,3.0,0.0,0.0,1.0,0.0,0.33,255.0,255.0,1.0,0.0,0.0,0.0,0.0,0.0,0.0,65532.0
22.0,9.0,364.0,758.0,0.0,1.0,4.0,0.0,0.0,1.0,0.0,0.11,15.0,255.0,1.0,0.0,0.03,0.0,0.0,0.0,0.0,97798.0
19.0,9.0,95.0,0.0,0.0,0.0,1.0,0.0,0.0,1.0,0.0,0.0,53.0,7.0,0.13,0.08,0.0,0.0,0.0,0.0,0.0,48385.0
22.0,9.0,312.0,383.0,0.0,1.0,2.0,0.0,0.0,1.0,0.0,0.67,67.0,255.0,1.0,0.0,0.08,0.0,0.0,0.0,0.0,40037.0
22.0,9.0,234.0,261.0,0.0,1.0,9.0,0.0,0.0,1.0,0.0,0.0,255.0,255.0,1.0,0.0,0.0,0.0,0.0,0.0,0.0,84978.0
22.0,9.0,290.0,60131.0,0.0,1.0,6.0,0.0,0.0,1.0,0.0,0.0,6.0,255.0,1.0,0.0,0.03,0.0,0.0,0.0,0.0,102362.0
18.0,9.0,1505.0,4152.0,0.0,1.0,1.0,0.0,0.0,1.0,0.0,0.0,57.0,17.0,0.3,0.07,0.0,0.0,0.0,0.0,0.0,95207.0
22.0,9.0,247.0,392.0,0.0,1.0,7.0,0.0,0.0,1.0,0.0,0.0,255.0,255.0,1.0,0.0,0.0,0.0,0.0,0.0,0.0,30216.0
22.0,9.0,234.0,5381.0,0.0,1.0,9.0,0.0,0.0,1.0,0.0,0.0,173.0,255.0,1.0,0.0,0.02,0.0,0.0,0.0,0.0,61207.0
22.0,9.0,264.0,3011.0,0.0,1.0,1.0,0.0,0.0,1.0,0.0,0.0,255.0,241.0,0.95,0.02,0.0,0.0,0.0,0.0,0.0,10079.0
22.0,9.0,203.0,10662.0,0.0,1.0,1.0,0.0,0.0,1.0,0.0,0.12,38.0,255.0,1.0,0.0,0.04,0.0,0.0,0.0,0.0,90498.0
19.0,9.0,2194619.0,0.0,0.0,1.0,2.0,0.0,0.0,1.0,0.0,0.0,228.0,64.0,0.28,0.01,0.0,0.01,0.03,0.0,0.0,32927.0
22.0,9.0,349.0,4726.0,0.0,1.0,5.0,0.0,0.0,1.0,0.0,0.0,33.0,255.0,1.0,0.0,0.04,0.0,0.0,0.0,0.0,109019.0
49.0,9.0,11747.0,880.0,0.0,1.0,1.0,0.0,0.0,1.0,0.0,0.0,35.0,180.0,0.31,0.09,0.01,0.03,0.0,0.0,0.0,50804.0
22.0,9.0,188.0,525.0,0.0,1.0,3.0,0.0,0.0,1.0,0.0,0.5,200.0,255.0,1.0,0.0,0.04,0.0,0.0,0.0,0.0,101988.0
40.0,9.0,516.0,4.0,0.0,0.0,385.0,0.0,0.0,1.0,0.0,0.0,255.0,255.0,1.0,0.0,0.0,0.0,0.0,0.0,0.0,102561.0
22.0,9.0,261.0,333.0,0.0,1.0,9.0,0.0,0.0,1.0,0.0,0.12,255.0,255.0,1.0,0.0,0.0,0.0,0.0,0.0,0.0,85208.0
22.0,9.0,244.0,307.0,0.0,1.0,1.0,0.0,0.0,1.0,0.0,0.0,239.0,250.0,1.0,0.0,0.01,0.0,0.0,0.0,0.0,46866.0
22.0,1.0,0.0,0.0,0.0,0.0,1.0,0.0,0.0,1.0,0.0,0.0,4.0,157.0,1.0,0.0,0.14,0.0,0.0,1.0,0.0,85459.0
11.0,9.0,71.0,46.0,0.0,0.0,127.0,0.0,0.0,1.0,0.0,0.0,255.0,166.0,0.65,0.01,0.0,0.0,0.0,0.0,0.0,124619.0
11.0,9.0,45.0,45.0,0.0,0.0,139.0,0.0,0.0,1.0,0.0,0.0,255.0,254.0,1.0,0.01,0.0,0.0,0.0,0.0,0.0,30573.0
22.0,1.0,0.0,0.0,0.0,0.0,1.0,0.0,0.0,1.0,0.0,0.25,64.0,187.0,1.0,0.0,0.03,0.0,0.0,0.93,0.0,56912.0
22.0,9.0,230.0,382.0,0.0,1.0,1.0,0.0,0.0,1.0,0.0,1.0,72.0,255.0,1.0,0.0,0.01,0.01,0.0,0.0,0.0,120094.0
55.0,9.0,182.0,55408.0,0.0,1.0,1.0,0.0,0.0,1.0,0.0,0.0,1.0,7.0,1.0,0.0,0.57,0.0,0.14,0.14,0.0,46062.0
40.0,9.0,146.0,105.0,0.0,0.0,1.0,0.0,0.0,1.0,0.0,0.0,255.0,1.0,0.0,0.66,0.0,0.0,0.0,0.0,0.0,105748.0
11.0,9.0,45.0,79.0,0.0,0.0,232.0,0.0,0.0,1.0,0.01,0.01,255.0,254.0,1.0,0.01,0.0,0.0,0.0,0.0,0.0,110812.0
22.0,9.0,231.0,323.0,0.0,1.0,1.0,0.0,0.0,1.0,0.0,0.0,52.0,255.0,1.0,0.0,0.03,0.0,0.0,0.0,0.0,67290.0
22.0,9.0,214.0,834.0,0.0,1.0,7.0,0.0,0.0,1.0,0.0,0.21,131.0,255.0,1.0,0.0,0.02,0.0,0.0,0.0,0.0,64915.0
11.0,9.0,44.0,134.0,0.0,0.0,6.0,0.0,0.0,1.0,0.0,0.03,255.0,175.0,0.69,0.01,0.0,0.0,0.0,0.0,0.0,45294.0
22.0,9.0,206.0,1718.0,0.0,1.0,9.0,0.0,0.0,1.0,0.0,0.2,255.0,255.0,1.0,0.0,0.0,0.0,0.0,0.0,0.0,124354.0
22.0,9.0,218.0,4128.0,0.0,1.0,8.0,0.0,0.0,1.0,0.0,0.0,82.0,255.0,1.0,0.0,0.04,0.0,0.0,0.0,0.0,122778.0
22.0,9.0,332.0,1451.0,0.0,1.0,2.0,0.0,0.0,1.0,0.0,0.0,22.0,255.0,1.0,0.0,0.02,0.0,0.0,0.0,0.0,76754.0
22.0,9.0,194.0,7042.0,0.0,1.0,4.0,0.0,0.0,1.0,0.0,0.0,73.0,255.0,1.0,0.0,0.03,0.0,0.0,0.0,0.0,71035.0
22.0,1.0,0.0,0.0,0.0,0.0,1.0,0.0,0.0,1.0,0.0,0.0,31.0,242.0,1.0,0.0,0.16,0.0,0.0,1.0,0.0,28373.0
22.0,9.0,257.0,267.0,0.0,1.0,7.0,0.0,0.0,1.0,0.0,0.0,255.0,255.0,1.0,0.0,0.0,0.0,0.0,0.0,0.0,59490.0
22.0,9.0,221.0,9534.0,0.0,1.0,1.0,0.0,0.0,1.0,0.0,1.0,47.0,255.0,1.0,0.0,0.02,0.0,0.0,0.0,0.0,109309.0
22.0,9.0,234.0,1842.0,0.0,1.0,11.0,0.0,0.0,1.0,0.0,0.23,39.0,200.0,1.0,0.0,0.08,0.0,0.0,0.0,0.0,106966.0
49.0,9.0,1611.0,331.0,0.0,1.0,1.0,0.0,0.0,1.0,0.0,1.0,85.0,170.0,0.72,0.05,0.01,0.0,0.0,0.0,0.0,21498.0
49.0,9.0,1179.0,334.0,0.0,1.0,1.0,0.0,0.0,1.0,0.0,1.0,115.0,190.0,0.7,0.04,0.01,0.0,0.0,0.0,0.0,66480.0
40.0,9.0,9178.0,0.0,0.0,1.0,3.0,0.0,0.0,0.33,1.0,0.0,217.0,1.0,0.0,0.07,0.0,0.0,0.0,0.0,0.0,40529.0
19.0,6.0,13140.0,0.0,0.0,1.0,14.0,0.07,0.33,0.21,0.86,0.0,123.0,19.0,0.12,0.11,0.11,0.01,0.05,0.0,0.0,71520.0
19.0,9.0,5891.0,0.0,0.0,0.0,17.0,0.0,0.0,1.0,0.0,0.0,48.0,27.0,0.56,0.08,0.0,0.0,0.0,0.0,0.0,91443.0
49.0,9.0,48.0,284.0,0.0,1.0,1.0,0.0,0.0,1.0,0.0,0.0,84.0,16.0,0.19,0.05,0.0,0.0,0.0,0.0,0.0,45943.0
22.0,9.0,327.0,392.0,0.0,1.0,14.0,0.0,0.0,1.0,0.0,0.0,40.0,255.0,1.0,0.0,0.04,0.0,0.01,0.0,0.0,103452.0
11.0,9.0,46.0,135.0,0.0,0.0,61.0,0.0,0.0,1.0,0.0,0.01,253.0,169.0,0.67,0.02,0.0,0.0,0.0,0.0,0.0,108679.0
18.0,9.0,343.0,1063.0,0.0,1.0,1.0,0.0,0.0,1.0,0.0,0.0,97.0,25.0,0.26,0.05,0.0,0.0,0.0,0.04,0.0,1580.0
49.0,9.0,1488.0,364.0,0.0,1.0,1.0,0.0,0.0,1.0,0.0,0.0,141.0,178.0,0.64,0.04,0.01,0.0,0.0,0.0,0.0,79914.0
11.0,9.0,88.0,34.0,0.0,0.0,5.0,0.0,0.0,1.0,0.0,0.0,89.0,65.0,0.73,0.03,0.0,0.0,0.0,0.0,0.0,120724.0
19.0,9.0,9198.0,0.0,0.0,1.0,3.0,0.0,0.0,1.0,0.0,0.0,255.0,13.0,0.05,0.06,0.0,0.83,0.0,0.0,0.0,57379.0
44.0,9.0,105.0,0.0,0.0,0.0,2.0,0.0,0.0,1.0,0.0,0.0,240.0,195.0,0.81,0.01,0.0,0.0,0.0,0.0,0.0,96741.0
11.0,9.0,45.0,134.0,0.0,0.0,67.0,0.0,0.0,1.0,0.0,0.01,255.0,214.0,0.84,0.02,0.0,0.0,0.0,0.0,0.0,118491.0
19.0,9.0,7045.0,0.0,0.0,1.0,1.0,0.0,0.0,1.0,0.0,0.0,255.0,62.0,0.24,0.13,0.0,0.02,0.02,0.0,1.0,15232.0
49.0,9.0,1186.0,437.0,0.0,1.0,1.0,0.0,0.0,1.0,0.0,0.0,255.0,52.0,0.2,0.07,0.0,0.62,0.0,0.0,0.0,18193.0
49.0,9.0,928.0,366.0,0.0,1.0,1.0,0.0,0.0,1.0,0.0,0.0,2.0,2.0,1.0,0.0,0.0,0.0,0.0,0.0,0.0,38712.0
22.0,9.0,361.0,18822.0,0.0,1.0,7.0,0.0,0.0,1.0,0.0,0.0,255.0,255.0,1.0,0.0,0.0,0.0,0.0,0.0,0.0,84414.0
22.0,6.0,259.0,13140.0,0.0,1.0,1.0,1.0,0.5,1.0,0.0,1.0,3.0,255.0,1.0,0.0,0.02,0.33,0.0,0.0,0.0,73760.0
19.0,9.0,2194619.0,0.0,0.0,1.0,2.0,0.0,0.0,1.0,0.0,0.67,120.0,32.0,0.27,0.04,0.0,0.0,0.0,0.0,0.0,9033.0
0.0,4.0,3135.0,7806.0,0.0,1.0,1.0,0.0,0.0,1.0,0.0,0.0,7.0,2.0,0.29,0.29,0.0,0.0,0.0,1.0,0.0,10657.0
44.0,9.0,1.0,26.0,0.0,0.0,26.0,0.0,0.0,0.5,0.12,0.0,255.0,13.0,0.05,0.82,0.0,0.16,0.0,0.0,1.0,114431.0
49.0,9.0,1165.0,331.0,0.0,1.0,1.0,0.0,0.0,1.0,0.0,1.0,58.0,34.0,0.59,0.05,0.0,0.0,0.0,0.0,0.0,108711.0
13.0,9.0,30.0,0.0,0.0,0.0,2.0,0.0,0.0,0.5,1.0,0.0,255.0,2.0,0.01,0.01,0.0,0.0,0.0,0.0,0.0,82106.0
22.0,9.0,188.0,525.0,0.0,1.0,3.0,0.0,0.0,1.0,0.0,0.0,102.0,255.0,1.0,0.0,0.04,0.0,0.0,0.0,0.0,45676.0
19.0,9.0,59.0,0.0,0.0,0.0,12.0,0.0,0.0,1.0,0.0,0.0,48.0,58.0,0.5,0.08,0.03,0.0,0.0,0.0,0.0,72476.0
11.0,9.0,45.0,130.0,0.0,0.0,169.0,0.0,0.0,1.0,0.0,0.0,255.0,255.0,1.0,0.0,0.0,0.0,0.0,0.0,0.0,1300.0
22.0,5.0,0.0,0.0,0.0,0.0,2.0,0.5,0.5,1.0,0.0,0.0,3.0,255.0,1.0,0.0,0.04,0.33,0.0,0.0,0.0,18912.0
55.0,4.0,492.0,14334.0,0.0,1.0,2.0,0.0,0.0,1.0,0.0,0.0,38.0,13.0,0.34,0.11,0.0,0.0,0.0,0.15,0.0,20098.0
19.0,9.0,5891.0,0.0,0.0,1.0,11.0,0.0,0.0,1.0,0.0,0.0,175.0,94.0,0.49,0.03,0.02,0.0,0.0,0.0,0.0,16832.0
49.0,9.0,2553.0,397.0,0.0,1.0,1.0,0.0,0.0,1.0,0.0,0.0,255.0,168.0,0.66,0.06,0.0,0.0,0.0,0.0,0.0,86062.0
11.0,9.0,33.0,0.0,0.0,0.0,1.0,0.0,0.0,1.0,0.0,0.15,255.0,45.0,0.18,0.03,0.0,0.0,0.0,0.0,0.0,97202.0
22.0,9.0,263.0,3112.0,0.0,1.0,17.0,0.0,0.0,1.0,0.0,0.0,255.0,255.0,1.0,0.0,0.0,0.0,0.0,0.0,0.0,35854.0
22.0,9.0,369.0,294.0,0.0,1.0,13.0,0.0,0.0,1.0,0.0,0.16,33.0,231.0,1.0,0.0,0.21,0.0,0.0,0.77,0.0,90314.0
11.0,9.0,46.0,128.0,0.0,0.0,68.0,0.0,0.0,0.99,0.03,0.01,255.0,236.0,0.93,0.01,0.0,0.0,0.0,0.0,0.0,110095.0
44.0,9.0,207.0,0.0,0.0,0.0,2.0,0.0,0.0,1.0,0.0,0.0,154.0,130.0,0.84,0.01,0.0,0.0,0.0,0.0,1.0,49773.0
11.0,9.0,45.0,134.0,0.0,0.0,81.0,0.0,0.0,0.99,0.02,0.01,255.0,243.0,0.95,0.01,0.0,0.0,0.0,0.0,0.0,83814.0
19.0,9.0,641.0,0.0,0.0,0.0,2.0,0.0,0.0,1.0,0.0,0.0,127.0,25.0,0.2,0.04,0.0,0.0,0.0,0.0,0.0,124874.0
22.0,9.0,325.0,270.0,0.0,1.0,3.0,0.0,0.0,1.0,0.0,0.0,255.0,240.0,0.94,0.02,0.0,0.0,0.0,0.0,0.0,74183.0
22.0,9.0,224.0,976.0,0.0,1.0,2.0,0.0,0.0,1.0,0.0,0.0,255.0,255.0,1.0,0.0,0.0,0.0,0.0,0.0,0.0,62466.0
49.0,9.0,1745.0,444.0,0.0,1.0,1.0,0.0,0.0,1.0,0.0,1.0,197.0,72.0,0.24,0.02,0.03,0.0,0.0,0.03,0.0,14755.0
22.0,9.0,350.0,370.0,0.0,1.0,29.0,0.0,0.0,1.0,0.0,0.0,255.0,255.0,1.0,0.0,0.0,0.0,0.0,0.0,0.0,114754.0
22.0,9.0,54540.0,8314.0,0.0,1.0,5.0,0.0,0.0,1.0,0.0,0.33,169.0,169.0,1.0,0.0,0.0,0.0,0.0,0.05,1.0,59506.0
55.0,9.0,122.0,1348.0,0.0,1.0,1.0,0.0,0.0,1.0,0.0,0.0,255.0,63.0,0.25,0.02,0.0,0.96,0.97,0.0,0.0,5194.0
22.0,9.0,218.0,6329.0,0.0,1.0,8.0,0.0,0.0,1.0,0.0,0.0,255.0,255.0,1.0,0.0,0.0,0.0,0.0,0.0,0.0,13101.0
22.0,9.0,213.0,33514.0,0.0,1.0,1.0,0.0,0.0,1.0,0.0,0.5,3.0,251.0,1.0,0.0,0.04,0.0,0.0,0.01,0.0,4904.0
22.0,9.0,202.0,5200.0,0.0,1.0,6.0,0.0,0.0,1.0,0.0,0.18,206.0,255.0,1.0,0.0,0.02,0.0,0.0,0.0,0.0,13535.0
22.0,9.0,302.0,1728.0,0.0,1.0,4.0,0.0,0.0,1.0,0.0,0.0,169.0,255.0,1.0,0.0,0.02,0.0,0.0,0.0,0.0,20181.0
22.0,9.0,242.0,569.0,0.0,1.0,1.0,0.0,0.0,1.0,0.0,0.38,1.0,255.0,1.0,0.0,0.02,0.0,0.0,0.0,0.0,38392.0
22.0,9.0,334.0,15650.0,0.0,1.0,1.0,0.0,0.0,1.0,0.0,0.0,68.0,255.0,1.0,0.0,0.02,0.0,0.0,0.0,0.0,15409.0
22.0,9.0,295.0,753.0,0.0,1.0,19.0,0.0,0.0,1.0,0.0,0.0,255.0,255.0,1.0,0.0,0.0,0.0,0.0,0.0,0.0,107196.0
22.0,9.0,178.0,7427.0,0.0,1.0,11.0,0.0,0.0,1.0,0.0,0.07,32.0,255.0,1.0,0.0,0.01,0.0,0.0,0.0,0.0,52239.0
22.0,9.0,318.0,268.0,0.0,1.0,1.0,0.0,0.0,1.0,0.0,0.0,51.0,255.0,1.0,0.0,0.01,0.0,0.0,0.0,0.0,63595.0
22.0,9.0,341.0,1100.0,0.0,1.0,2.0,0.0,0.0,1.0,0.0,0.0,255.0,255.0,1.0,0.0,0.0,0.0,0.0,0.0,0.0,125784.0
49.0,9.0,1322.0,334.0,0.0,1.0,1.0,0.0,0.0,1.0,0.0,0.0,71.0,54.0,0.76,0.04,0.0,0.0,0.0,0.0,0.0,13533.0
49.0,9.0,2850.0,368.0,0.0,1.0,1.0,0.0,0.0,1.0,0.0,0.0,255.0,143.0,0.56,0.02,0.0,0.0,0.0,0.0,0.0,26217.0
19.0,9.0,201.0,0.0,0.0,1.0,1.0,0.0,0.0,1.0,0.0,0.0,23.0,71.0,0.91,0.09,0.03,0.0,0.0,0.0,0.0,125319.0
18.0,9.0,241.0,774.0,0.0,1.0,1.0,0.0,0.0,1.0,0.0,0.0,255.0,57.0,0.22,0.02,0.0,0.0,0.0,0.0,0.0,24334.0
22.0,9.0,332.0,3071.0,0.0,1.0,65.0,0.0,0.0,1.0,0.0,0.06,241.0,255.0,1.0,0.0,0.01,0.0,0.0,0.0,0.0,65889.0
22.0,9.0,174.0,185.0,0.0,1.0,1.0,0.0,0.0,1.0,0.0,0.0,2.0,255.0,1.0,0.0,0.07,0.0,0.0,0.0,0.0,84020.0
49.0,9.0,1858.0,449.0,0.0,1.0,1.0,0.0,0.0,1.0,0.0,1.0,255.0,106.0,0.42,0.04,0.0,0.15,0.0,0.0,0.0,5051.0
22.0,1.0,0.0,0.0,0.0,0.0,1.0,0.0,0.0,1.0,0.0,0.0,2.0,242.0,1.0,0.0,0.12,0.0,0.0,0.79,0.0,87859.0
19.0,9.0,641.0,0.0,0.0,0.0,2.0,0.0,0.0,1.0,0.0,0.0,69.0,24.0,0.07,0.07,0.08,0.0,0.0,0.0,0.0,103360.0
22.0,9.0,159.0,9490.0,0.0,1.0,1.0,0.0,0.0,1.0,0.0,0.17,166.0,255.0,1.0,0.0,0.02,0.0,0.0,0.0,0.0,69168.0
11.0,9.0,46.0,130.0,0.0,0.0,79.0,0.0,0.0,1.0,0.0,0.01,255.0,255.0,1.0,0.0,0.0,0.0,0.0,0.0,0.0,95927.0
19.0,9.0,26408.0,0.0,0.0,0.0,2.0,0.0,0.0,1.0,0.0,0.0,159.0,74.0,0.43,0.04,0.03,0.01,0.0,0.0,0.0,32697.0
22.0,9.0,226.0,1429.0,0.0,1.0,3.0,0.0,0.0,1.0,0.0,0.0,115.0,255.0,1.0,0.0,0.01,0.0,0.0,0.0,0.0,16283.0
22.0,9.0,173.0,707.0,0.0,1.0,11.0,0.0,0.0,1.0,0.0,0.0,131.0,255.0,1.0,0.0,0.02,0.0,0.0,0.0,0.0,123663.0
22.0,4.0,0.0,0.0,0.0,0.0,1.0,0.0,0.0,1.0,0.0,0.33,255.0,148.0,0.58,0.32,0.0,0.0,0.0,0.01,1.0,105033.0
22.0,9.0,209.0,1897.0,0.0,1.0,2.0,0.0,0.0,1.0,0.0,0.0,2.0,255.0,1.0,0.0,0.07,0.0,0.01,0.0,0.0,46383.0
18.0,9.0,1451.0,4152.0,0.0,1.0,1.0,0.0,0.0,1.0,0.0,0.0,161.0,46.0,0.29,0.02,0.0,0.01,0.02,0.0,0.0,64843.0
11.0,9.0,129.0,45.0,0.0,0.0,287.0,0.0,0.0,1.0,0.01,0.0,176.0,143.0,0.81,0.01,0.0,0.0,0.0,0.0,0.0,10238.0
22.0,9.0,281.0,1639.0,0.0,1.0,17.0,0.0,0.0,1.0,0.0,0.0,255.0,255.0,1.0,0.0,0.0,0.0,0.0,0.0,0.0,32654.0
22.0,9.0,274.0,3315.0,0.0,1.0,4.0,0.0,0.0,1.0,0.0,0.25,255.0,255.0,1.0,0.0,0.0,0.0,0.0,0.0,0.0,100459.0
22.0,9.0,265.0,344.0,0.0,1.0,1.0,0.0,0.0,1.0,0.0,0.5,26.0,255.0,1.0,0.0,0.04,0.0,0.0,0.0,0.0,76823.0
22.0,9.0,305.0,432.0,0.0,1.0,12.0,0.0,0.0,1.0,0.0,0.22,41.0,255.0,1.0,0.0,0.1,0.0,0.0,0.0,0.0,67776.0
11.0,9.0,45.0,135.0,0.0,0.0,198.0,0.0,0.0,1.0,0.0,0.0,255.0,255.0,1.0,0.0,0.0,0.0,0.0,0.0,0.0,81848.0
22.0,9.0,0.0,3091.0,0.0,0.0,10.0,0.1,0.1,1.0,0.0,0.0,59.0,255.0,1.0,0.0,0.02,0.02,0.0,0.0,0.0,30915.0
22.0,9.0,147.0,38988.0,0.0,1.0,1.0,0.0,0.0,1.0,0.0,1.0,47.0,255.0,1.0,0.0,0.02,0.0,0.0,0.0,0.0,7188.0
22.0,9.0,364.0,2403.0,0.0,1.0,19.0,0.0,0.0,1.0,0.0,0.0,255.0,255.0,1.0,0.0,0.0,0.0,0.0,0.0,0.0,26711.0
22.0,9.0,213.0,253.0,0.0,1.0,6.0,0.0,0.0,1.0,0.0,0.29,16.0,255.0,1.0,0.0,0.05,0.0,0.0,0.0,0.0,13893.0
22.0,9.0,325.0,412.0,0.0,1.0,2.0,0.0,0.0,1.0,0.0,0.0,255.0,255.0,1.0,0.0,0.0,0.0,0.0,0.0,0.0,104070.0
49.0,9.0,1241.0,400.0,0.0,1.0,1.0,0.0,0.0,1.0,0.0,0.0,255.0,72.0,0.28,0.05,0.0,0.44,0.0,0.0,0.0,38024.0
49.0,9.0,797.0,283.0,0.0,1.0,1.0,0.0,0.0,1.0,0.0,0.0,191.0,191.0,0.69,0.03,0.01,0.0,0.0,0.0,0.0,124770.0
11.0,9.0,43.0,118.0,0.0,0.0,202.0,0.0,0.0,1.0,0.0,0.0,255.0,255.0,1.0,0.0,0.0,0.0,0.0,0.0,0.0,49612.0
22.0,9.0,296.0,14299.0,0.0,1.0,2.0,0.0,0.0,1.0,0.0,0.0,23.0,255.0,1.0,0.0,0.04,0.0,0.0,0.0,0.0,17261.0
22.0,9.0,337.0,1158.0,0.0,1.0,17.0,0.0,0.0,1.0,0.0,0.11,242.0,255.0,1.0,0.0,0.01,0.0,0.0,0.0,0.0,79364.0
22.0,9.0,316.0,2472.0,0.0,1.0,6.0,0.0,0.0,1.0,0.0,0.0,47.0,255.0,1.0,0.0,0.03,0.0,0.01,0.0,0.0,54861.0
22.0,9.0,204.0,4624.0,0.0,1.0,36.0,0.0,0.0,1.0,0.0,0.0,255.0,255.0,1.0,0.0,0.0,0.0,0.0,0.0,0.0,59904.0
19.0,9.0,26408.0,0.0,0.0,1.0,8.0,0.0,0.0,1.0,0.0,0.0,255.0,53.0,0.21,0.05,0.0,0.37,0.0,0.0,0.0,115997.0
22.0,9.0,321.0,2400.0,0.0,1.0,5.0,0.0,0.0,1.0,0.0,0.0,153.0,255.0,1.0,0.0,0.02,0.0,0.0,0.0,0.0,125906.0
22.0,9.0,207.0,321.0,0.0,1.0,41.0,0.0,0.0,1.0,0.0,0.04,255.0,255.0,1.0,0.0,0.0,0.0,0.0,0.05,0.0,104134.0
22.0,9.0,210.0,263.0,0.0,1.0,13.0,0.0,0.0,1.0,0.0,0.21,255.0,255.0,1.0,0.0,0.0,0.0,0.0,0.0,0.0,41759.0
22.0,9.0,237.0,401.0,0.0,1.0,2.0,0.0,0.0,1.0,0.0,0.0,2.0,255.0,1.0,0.0,0.04,0.0,0.0,0.0,0.0,85172.0
11.0,9.0,45.0,45.0,0.0,0.0,204.0,0.0,0.0,1.0,0.0,0.0,255.0,255.0,1.0,0.0,0.0,0.0,0.0,0.0,0.0,95665.0
22.0,9.0,209.0,9829.0,0.0,1.0,9.0,0.0,0.0,1.0,0.0,0.0,27.0,255.0,1.0,0.0,0.04,0.0,0.0,0.0,0.0,86904.0
49.0,9.0,1812.0,334.0,0.0,1.0,1.0,0.0,0.0,1.0,0.0,0.0,135.0,173.0,0.66,0.02,0.01,0.0,0.0,0.0,0.0,68513.0
49.0,9.0,10928.0,924.0,0.0,1.0,4.0,0.0,0.0,0.25,0.5,0.0,197.0,61.0,0.03,0.01,0.03,0.0,0.0,0.0,0.0,122025.0
22.0,9.0,307.0,7462.0,0.0,1.0,6.0,0.0,0.0,1.0,0.0,0.25,6.0,255.0,1.0,0.0,0.04,0.0,0.0,0.0,0.0,91633.0
11.0,9.0,45.0,78.0,0.0,0.0,207.0,0.0,0.0,1.0,0.01,0.01,255.0,254.0,1.0,0.01,0.0,0.0,0.0,0.0,0.0,122395.0
40.0,9.0,147.0,0.0,0.0,0.0,5.0,0.0,0.0,0.2,0.6,0.0,255.0,1.0,0.0,0.38,0.0,0.0,0.0,0.0,0.0,72552.0
3.0,9.0,10.0,39.0,0.0,0.0,1.0,0.0,0.0,1.0,0.0,0.0,221.0,8.0,0.04,0.03,0.0,0.0,0.0,0.0,0.0,32588.0
22.0,9.0,280.0,2021.0,0.0,1.0,2.0,0.0,0.0,1.0,0.0,0.4,255.0,255.0,1.0,0.0,0.0,0.01,0.01,0.0,0.0,112159.0
22.0,9.0,261.0,805.0,0.0,1.0,8.0,0.0,0.0,1.0,0.0,0.0,33.0,255.0,1.0,0.0,0.06,0.0,0.0,0.0,0.0,38433.0
19.0,9.0,567.0,0.0,0.0,1.0,1.0,0.0,0.0,1.0,0.0,0.08,94.0,1.0,0.01,0.05,0.0,0.0,0.0,0.0,0.0,62388.0
22.0,9.0,229.0,4553.0,0.0,1.0,4.0,0.0,0.0,1.0,0.0,0.0,4.0,255.0,1.0,0.0,0.06,0.0,0.0,0.0,0.0,61367.0
40.0,9.0,147.0,105.0,0.0,0.0,1.0,0.0,0.0,1.0,0.0,0.0,238.0,1.0,0.0,0.45,0.0,0.0,0.0,0.0,0.0,91155.0
22.0,9.0,241.0,2224.0,0.0,1.0,10.0,0.0,0.0,1.0,0.0,0.0,200.0,255.0,1.0,0.0,0.03,0.0,0.0,0.0,0.0,66734.0
18.0,9.0,681.0,2077.0,0.0,1.0,1.0,0.0,0.0,1.0,0.0,0.0,104.0,9.0,0.09,0.04,0.0,0.0,0.0,0.0,0.0,51822.0
19.0,9.0,4316.0,0.0,0.0,0.0,5.0,0.0,0.0,1.0,0.0,0.0,255.0,11.0,0.04,0.07,0.0,0.89,0.0,0.0,0.0,95220.0
19.0,9.0,0.0,848.0,0.0,0.0,2.0,0.0,0.0,1.0,0.0,0.0,2.0,2.0,1.0,0.0,0.0,0.0,0.0,0.0,1.0,104915.0
22.0,9.0,215.0,22675.0,0.0,1.0,5.0,0.0,0.0,1.0,0.0,0.07,5.0,255.0,1.0,0.0,0.04,0.0,0.0,0.0,0.0,121925.0
22.0,9.0,250.0,270.0,0.0,1.0,2.0,0.0,0.0,1.0,0.0,0.0,255.0,237.0,0.93,0.02,0.0,0.01,0.01,0.0,0.0,21828.0
19.0,9.0,26.0,0.0,0.0,1.0,1.0,0.0,0.0,1.0,0.0,0.0,255.0,5.0,0.02,0.02,0.0,0.0,0.0,0.0,0.0,38617.0
22.0,9.0,330.0,4509.0,0.0,1.0,4.0,0.0,0.0,1.0,0.0,0.29,4.0,255.0,1.0,0.0,0.03,0.0,0.0,0.0,0.0,14307.0
22.0,9.0,312.0,31067.0,0.0,1.0,6.0,0.0,0.0,1.0,0.0,0.0,58.0,255.0,1.0,0.0,0.07,0.0,0.0,0.0,0.0,26982.0
22.0,9.0,233.0,636.0,0.0,1.0,1.0,0.0,0.0,1.0,0.0,1.0,104.0,255.0,1.0,0.0,0.01,0.0,0.01,0.0,0.0,68152.0
22.0,9.0,234.0,260.0,0.0,1.0,7.0,0.0,0.0,1.0,0.0,0.33,255.0,255.0,1.0,0.0,0.0,0.0,0.0,0.0,0.0,52988.0
49.0,6.0,1153.0,285.0,0.0,1.0,1.0,1.0,0.5,1.0,0.0,1.0,53.0,175.0,0.75,0.08,0.02,0.02,0.01,0.0,0.0,47077.0
22.0,9.0,195.0,4768.0,0.0,1.0,2.0,0.5,0.5,1.0,0.0,0.0,168.0,255.0,1.0,0.0,0.01,0.01,0.01,0.0,0.0,816.0
22.0,9.0,212.0,5534.0,0.0,1.0,3.0,0.0,0.0,1.0,0.0,0.0,70.0,255.0,1.0,0.0,0.05,0.0,0.0,0.0,0.0,114803.0
11.0,9.0,35.0,91.0,0.0,0.0,1.0,0.0,0.0,1.0,0.0,0.75,255.0,249.0,0.98,0.01,0.0,0.0,0.0,0.0,0.0,24064.0
11.0,9.0,44.0,44.0,0.0,0.0,151.0,0.0,0.0,0.99,0.01,0.01,255.0,254.0,1.0,0.01,0.0,0.0,0.0,0.0,0.0,10056.0
11.0,9.0,44.0,113.0,0.0,0.0,9.0,0.0,0.0,1.0,0.0,0.11,255.0,251.0,0.98,0.01,0.0,0.0,0.0,0.0,0.0,72739.0
58.0,9.0,181.0,0.0,0.0,0.0,2.0,0.0,0.0,0.5,1.0,0.0,255.0,22.0,0.09,0.01,0.0,0.0,0.0,0.0,0.0,34905.0
19.0,9.0,852.0,0.0,0.0,0.0,4.0,0.0,0.0,1.0,0.0,0.0,255.0,10.0,0.04,0.07,0.0,0.9,0.0,0.0,0.0,104930.0
22.0,9.0,293.0,4603.0,0.0,1.0,19.0,0.0,0.0,1.0,0.0,0.0,56.0,255.0,1.0,0.0,0.03,0.0,0.0,0.0,0.0,43286.0
22.0,9.0,238.0,1378.0,0.0,1.0,8.0,0.0,0.0,1.0,0.0,0.19,71.0,255.0,1.0,0.0,0.03,0.0,0.0,0.0,0.0,95435.0
22.0,1.0,0.0,0.0,0.0,0.0,1.0,0.0,0.0,1.0,0.0,0.0,17.0,255.0,1.0,0.0,0.07,0.0,0.0,1.0,0.0,110807.0
44.0,9.0,105.0,146.0,0.0,0.0,3.0,0.0,0.0,0.33,1.0,0.0,255.0,238.0,0.93,0.01,0.0,0.0,0.0,0.0,0.0,55092.0
22.0,9.0,190.0,622.0,0.0,1.0,1.0,0.0,0.0,1.0,0.0,1.0,3.0,255.0,1.0,0.0,0.04,0.0,0.0,0.0,0.0,97043.0
10.0,9.0,48.0,483.0,0.0,1.0,11.0,0.0,0.0,0.09,0.18,0.0,207.0,1.0,0.0,0.01,0.0,0.0,0.0,0.0,0.0,37250.0
19.0,9.0,13239.0,0.0,0.0,1.0,4.0,0.0,0.0,1.0,0.0,0.0,255.0,49.0,0.19,0.05,0.0,0.38,0.0,0.0,0.0,44887.0
22.0,9.0,287.0,2251.0,0.0,1.0,3.0,0.0,0.0,1.0,0.0,0.43,8.0,219.0,1.0,0.0,0.03,0.0,0.0,0.0,0.0,12.0
22.0,9.0,309.0,7353.0,0.0,1.0,5.0,0.0,0.0,1.0,0.0,0.29,255.0,255.0,1.0,0.0,0.0,0.0,0.0,0.0,0.0,93433.0
22.0,9.0,208.0,260.0,0.0,1.0,9.0,0.0,0.0,1.0,0.0,0.0,50.0,216.0,1.0,0.0,0.06,0.0,0.0,0.0,0.0,44445.0
22.0,9.0,54540.0,8314.0,0.0,1.0,1.0,0.0,0.0,1.0,0.0,0.0,91.0,91.0,1.0,0.0,0.0,0.0,0.0,0.01,1.0,42575.0
11.0,9.0,46.0,139.0,0.0,0.0,70.0,0.0,0.0,0.99,0.03,0.01,255.0,241.0,0.95,0.01,0.0,0.0,0.0,0.0,0.0,123178.0
22.0,1.0,0.0,0.0,0.0,0.0,1.0,0.0,0.0,1.0,0.0,1.0,75.0,255.0,1.0,0.0,0.15,0.0,0.01,0.99,0.0,90310.0
22.0,9.0,230.0,304.0,0.0,1.0,5.0,0.0,0.0,1.0,0.0,0.0,255.0,255.0,1.0,0.0,0.0,0.0,0.0,0.0,0.0,96006.0
11.0,9.0,34.0,34.0,0.0,0.0,6.0,0.0,0.0,0.67,0.5,0.14,120.0,101.0,0.84,0.03,0.0,0.0,0.0,0.0,0.0,32881.0
22.0,9.0,270.0,57.0,0.0,1.0,1.0,0.0,0.0,1.0,0.0,0.0,22.0,255.0,1.0,0.0,0.07,0.0,0.0,0.0,0.0,17368.0
22.0,9.0,191.0,491.0,0.0,1.0,2.0,0.0,0.0,1.0,0.0,0.0,4.0,255.0,1.0,0.0,0.03,0.0,0.0,0.0,0.0,21633.0
55.0,9.0,301.0,1293386.0,0.0,1.0,1.0,0.0,0.0,1.0,0.0,0.0,162.0,16.0,0.1,0.02,0.0,0.0,0.0,0.0,0.0,94312.0
14.0,9.0,1032.0,0.0,0.0,0.0,1.0,0.0,0.0,1.0,0.0,0.0,146.0,1.0,0.01,0.02,0.0,0.0,0.0,0.0,1.0,30693.0
22.0,1.0,0.0,0.0,0.0,0.0,1.0,0.0,0.0,1.0,0.0,0.0,5.0,239.0,1.0,0.0,0.11,0.0,0.0,1.0,0.0,116571.0
22.0,9.0,316.0,406.0,0.0,1.0,16.0,0.0,0.0,1.0,0.0,0.14,255.0,255.0,1.0,0.0,0.0,0.0,0.0,0.0,0.0,88408.0
22.0,1.0,0.0,0.0,0.0,0.0,18.0,0.0,0.0,1.0,0.0,0.0,36.0,122.0,1.0,0.0,0.16,0.0,0.01,0.86,0.0,5849.0
49.0,9.0,1276.0,329.0,0.0,1.0,1.0,0.0,0.0,1.0,0.0,1.0,195.0,125.0,0.45,0.04,0.02,0.01,0.0,0.0,0.0,48645.0
22.0,9.0,235.0,1380.0,0.0,1.0,5.0,0.2,0.2,1.0,0.0,0.0,255.0,253.0,0.99,0.01,0.0,0.0,0.0,0.0,0.0,32458.0
22.0,9.0,209.0,2113.0,0.0,1.0,2.0,0.0,0.0,1.0,0.0,0.0,255.0,255.0,1.0,0.0,0.0,0.0,0.0,0.01,0.0,121913.0
22.0,9.0,172.0,3935.0,0.0,1.0,1.0,0.0,0.0,1.0,0.0,0.0,10.0,255.0,1.0,0.0,0.05,0.1,0.0,0.0,0.0,66753.0
49.0,9.0,1158.0,330.0,0.0,1.0,1.0,0.0,0.0,1.0,0.0,0.0,90.0,114.0,0.88,0.03,0.02,0.01,0.01,0.0,0.0,25486.0
11.0,9.0,45.0,83.0,0.0,0.0,154.0,0.0,0.0,1.0,0.0,0.0,255.0,249.0,0.98,0.01,0.0,0.0,0.0,0.0,0.0,961.0
22.0,9.0,162.0,3656.0,0.0,1.0,1.0,0.0,0.0,1.0,0.0,0.0,1.0,255.0,1.0,0.0,0.07,0.0,0.0,0.0,0.0,14850.0
22.0,9.0,295.0,2996.0,0.0,1.0,12.0,0.0,0.0,1.0,0.0,0.0,255.0,255.0,1.0,0.0,0.0,0.0,0.0,0.0,0.0,17673.0
22.0,9.0,257.0,1942.0,0.0,1.0,11.0,0.0,0.0,1.0,0.0,0.0,48.0,255.0,1.0,0.0,0.03,0.0,0.0,0.0,0.0,18074.0
22.0,9.0,198.0,10328.0,0.0,1.0,19.0,0.0,0.0,1.0,0.0,0.0,19.0,255.0,1.0,0.0,0.03,0.0,0.0,0.0,0.0,121397.0
22.0,9.0,211.0,1684.0,0.0,1.0,10.0,0.0,0.0,1.0,0.0,0.16,255.0,255.0,1.0,0.0,0.0,0.0,0.0,0.0,0.0,80831.0
55.0,9.0,108.0,5783.0,0.0,1.0,1.0,0.0,0.0,1.0,0.0,0.0,64.0,2.0,0.03,0.08,0.0,0.0,0.0,0.0,0.0,74506.0
22.0,9.0,221.0,7483.0,0.0,1.0,21.0,0.0,0.0,1.0,0.0,0.07,255.0,255.0,1.0,0.0,0.0,0.0,0.0,0.0,0.0,105361.0
22.0,9.0,310.0,2875.0,0.0,1.0,8.0,0.0,0.0,1.0,0.0,0.0,52.0,255.0,1.0,0.0,0.02,0.02,0.0,0.0,0.0,45919.0
22.0,9.0,223.0,279.0,0.0,1.0,2.0,0.0,0.0,1.0,0.0,0.5,123.0,255.0,1.0,0.0,0.05,0.0,0.0,0.0,0.0,78404.0
11.0,9.0,45.0,135.0,0.0,0.0,187.0,0.0,0.0,1.0,0.0,0.0,255.0,251.0,0.98,0.01,0.0,0.0,0.0,0.0,0.0,48134.0
11.0,9.0,44.0,70.0,0.0,0.0,167.0,0.0,0.0,1.0,0.0,0.0,255.0,255.0,1.0,0.0,0.0,0.0,0.0,0.0,0.0,9366.0
22.0,9.0,209.0,1093.0,0.0,1.0,15.0,0.0,0.0,1.0,0.0,0.0,161.0,255.0,1.0,0.0,0.01,0.0,0.0,0.0,0.0,40793.0
19.0,9.0,12.0,0.0,0.0,1.0,1.0,0.0,0.0,1.0,0.0,0.0,135.0,81.0,0.27,0.02,0.02,0.0,0.01,0.0,0.0,108674.0
49.0,9.0,1325.0,369.0,0.0,1.0,1.0,0.0,0.0,1.0,0.0,0.0,56.0,123.0,0.48,0.05,0.02,0.0,0.16,0.0,0.0,97586.0
19.0,9.0,11376.0,0.0,0.0,1.0,3.0,0.0,0.0,1.0,0.0,0.0,63.0,70.0,0.21,0.06,0.03,0.0,0.0,0.0,0.0,119306.0
22.0,1.0,0.0,0.0,0.0,0.0,1.0,0.0,0.0,1.0,0.0,0.0,15.0,253.0,1.0,0.0,0.16,0.0,0.0,0.98,0.0,117550.0
22.0,9.0,225.0,2239.0,0.0,1.0,6.0,0.0,0.0,1.0,0.0,0.0,255.0,246.0,0.96,0.01,0.0,0.0,0.0,0.0,0.0,96693.0
22.0,9.0,213.0,1211.0,0.0,1.0,7.0,0.0,0.0,1.0,0.0,0.0,31.0,229.0,1.0,0.0,0.06,0.0,0.0,0.54,0.0,7549.0
11.0,9.0,43.0,109.0,0.0,0.0,311.0,0.0,0.0,1.0,0.01,0.0,255.0,251.0,0.98,0.01,0.0,0.0,0.0,0.0,0.0,94370.0
22.0,9.0,297.0,2507.0,0.0,1.0,4.0,0.0,0.0,1.0,0.0,0.0,255.0,254.0,1.0,0.01,0.0,0.0,0.0,0.0,0.0,52691.0
22.0,9.0,213.0,747.0,0.0,1.0,24.0,0.0,0.0,1.0,0.0,0.12,54.0,255.0,1.0,0.0,0.04,0.0,0.0,0.0,0.0,79594.0
22.0,9.0,336.0,279.0,0.0,1.0,1.0,0.0,0.0,1.0,0.0,1.0,15.0,255.0,1.0,0.0,0.04,0.0,0.0,0.0,0.0,56491.0
58.0,9.0,78.0,0.0,0.0,0.0,9.0,0.0,0.0,0.22,0.22,0.0,255.0,28.0,0.11,0.01,0.0,0.0,0.0,0.0,0.0,47302.0
22.0,9.0,216.0,1519.0,0.0,1.0,9.0,0.0,0.0,1.0,0.0,0.0,255.0,255.0,1.0,0.0,0.0,0.0,0.0,0.0,0.0,113257.0
22.0,9.0,277.0,1274.0,0.0,1.0,7.0,0.0,0.0,1.0,0.0,0.2,255.0,255.0,1.0,0.0,0.0,0.0,0.0,0.0,0.0,96727.0
22.0,9.0,447.0,4058.0,0.0,1.0,20.0,0.0,0.0,1.0,0.0,0.1,255.0,255.0,1.0,0.0,0.0,0.0,0.0,0.0,0.0,17750.0
39.0,9.0,48.0,48.0,0.0,0.0,1.0,0.0,0.0,1.0,0.0,0.0,1.0,3.0,1.0,0.0,0.67,0.0,0.0,0.0,0.0,89878.0
22.0,9.0,295.0,1292.0,0.0,1.0,67.0,0.0,0.0,1.0,0.0,0.03,134.0,255.0,1.0,0.0,0.03,0.0,0.0,0.0,0.0,41833.0
22.0,9.0,237.0,275.0,0.0,1.0,4.0,0.0,0.0,1.0,0.0,0.0,141.0,255.0,1.0,0.0,0.02,0.0,0.0,0.0,0.0,123354.0
19.0,9.0,567.0,0.0,0.0,0.0,2.0,0.0,0.0,0.5,1.0,0.0,255.0,93.0,0.36,0.04,0.0,0.0,0.01,0.0,0.0,30964.0
22.0,9.0,309.0,4777.0,0.0,1.0,11.0,0.0,0.0,1.0,0.0,0.0,255.0,255.0,1.0,0.0,0.0,0.0,0.0,0.0,0.0,38609.0
22.0,9.0,318.0,19444.0,0.0,1.0,7.0,0.0,0.0,1.0,0.0,0.25,133.0,255.0,1.0,0.0,0.02,0.0,0.0,0.0,0.0,102346.0
22.0,9.0,221.0,2444.0,0.0,1.0,3.0,0.0,0.0,1.0,0.0,0.0,3.0,255.0,1.0,0.0,0.04,0.0,0.0,0.0,0.0,35884.0
22.0,9.0,345.0,1069.0,0.0,1.0,15.0,0.0,0.0,1.0,0.0,0.0,255.0,255.0,1.0,0.0,0.0,0.0,0.0,0.0,0.0,15364.0
14.0,9.0,520.0,0.0,0.0,0.0,1.0,0.0,0.0,1.0,0.0,0.0,1.0,1.0,1.0,0.0,0.0,0.0,0.0,0.0,1.0,26109.0
49.0,9.0,547.0,283.0,0.0,1.0,1.0,0.0,0.0,1.0,0.0,1.0,197.0,168.0,0.72,0.05,0.01,0.01,0.01,0.0,0.0,46321.0
22.0,9.0,204.0,1106.0,0.0,1.0,10.0,0.0,0.0,1.0,0.0,0.0,10.0,255.0,1.0,0.0,0.02,0.0,0.0,0.0,0.0,106368.0
22.0,9.0,165.0,657.0,0.0,1.0,1.0,0.0,0.0,1.0,0.0,0.0,11.0,255.0,1.0,0.0,0.07,0.0,0.0,0.0,0.0,30253.0
22.0,9.0,232.0,774.0,0.0,1.0,15.0,0.0,0.0,1.0,0.0,0.09,255.0,255.0,1.0,0.0,0.0,0.0,0.0,0.0,0.0,67890.0
22.0,1.0,0.0,0.0,0.0,0.0,2.0,0.0,0.0,1.0,0.0,0.0,217.0,255.0,1.0,0.0,0.02,0.0,0.0,0.36,0.0,16000.0
22.0,9.0,315.0,392.0,0.0,1.0,7.0,0.0,0.0,1.0,0.0,0.0,255.0,255.0,1.0,0.0,0.0,0.0,0.0,0.0,0.0,51443.0
22.0,9.0,330.0,7333.0,0.0,1.0,18.0,0.0,0.0,1.0,0.0,0.0,255.0,255.0,1.0,0.0,0.0,0.0,0.0,0.0,0.0,55764.0
49.0,9.0,901.0,329.0,0.0,1.0,1.0,0.0,0.0,1.0,0.0,0.0,243.0,119.0,0.49,0.03,0.0,0.0,0.0,0.0,0.0,40020.0
22.0,9.0,243.0,261.0,0.0,1.0,2.0,0.5,0.33,1.0,0.0,0.67,255.0,255.0,1.0,0.0,0.0,0.0,0.0,0.0,0.0,2458.0
11.0,9.0,43.0,72.0,0.0,0.0,95.0,0.0,0.0,1.0,0.0,0.02,255.0,253.0,0.99,0.01,0.0,0.0,0.0,0.0,0.0,44310.0
22.0,9.0,247.0,10366.0,0.0,1.0,2.0,0.0,0.0,1.0,0.0,0.0,125.0,255.0,1.0,0.0,0.05,0.0,0.0,0.0,0.0,12762.0
49.0,9.0,976.0,334.0,0.0,1.0,1.0,0.0,0.0,1.0,0.0,0.0,83.0,147.0,0.45,0.07,0.01,0.0,0.01,0.0,0.0,15448.0
22.0,1.0,0.0,0.0,0.0,0.0,1.0,0.0,0.0,1.0,0.0,0.0,55.0,255.0,1.0,0.0,0.11,0.0,0.0,0.91,0.0,80730.0
22.0,9.0,280.0,2446.0,0.0,1.0,22.0,0.0,0.0,1.0,0.0,0.11,255.0,255.0,1.0,0.0,0.0,0.0,0.0,0.0,0.0,56002.0
22.0,9.0,237.0,2229.0,0.0,1.0,8.0,0.12,0.12,1.0,0.0,0.0,8.0,255.0,1.0,0.0,0.04,0.12,0.01,0.0,0.0,37033.0
22.0,9.0,218.0,7956.0,0.0,1.0,1.0,0.0,0.0,1.0,0.0,1.0,18.0,255.0,1.0,0.0,0.06,0.0,0.0,0.0,0.0,83954.0
22.0,1.0,0.0,0.0,0.0,0.0,1.0,0.0,0.0,1.0,0.0,0.0,9.0,255.0,1.0,0.0,0.04,0.11,0.02,0.03,0.0,16489.0
22.0,9.0,226.0,190.0,0.0,1.0,1.0,0.0,0.0,1.0,0.0,0.0,1.0,41.0,1.0,0.0,0.12,0.0,0.0,0.0,0.0,36942.0
22.0,9.0,255.0,7782.0,0.0,1.0,8.0,0.0,0.0,1.0,0.0,0.0,213.0,255.0,1.0,0.0,0.01,0.0,0.0,0.0,0.0,83675.0
11.0,9.0,46.0,136.0,0.0,0.0,114.0,0.0,0.0,1.0,0.0,0.0,255.0,254.0,1.0,0.01,0.0,0.0,0.0,0.0,0.0,65962.0
22.0,9.0,339.0,577.0,0.0,1.0,6.0,0.0,0.0,1.0,0.0,0.29,246.0,255.0,1.0,0.0,0.01,0.0,0.0,0.0,0.0,28229.0
22.0,9.0,311.0,14952.0,0.0,1.0,12.0,0.0,0.0,1.0,0.0,0.0,118.0,254.0,1.0,0.0,0.02,0.0,0.0,0.0,0.0,51921.0
22.0,9.0,323.0,2592.0,0.0,1.0,31.0,0.0,0.0,1.0,0.0,0.12,255.0,255.0,1.0,0.0,0.0,0.0,0.0,0.0,0.0,112373.0
22.0,9.0,224.0,1645.0,0.0,1.0,3.0,0.0,0.0,1.0,0.0,0.0,230.0,255.0,1.0,0.0,0.01,0.0,0.0,0.03,0.0,58275.0
19.0,9.0,383.0,0.0,0.0,1.0,2.0,0.0,0.0,1.0,0.0,0.0,255.0,103.0,0.4,0.03,0.0,0.01,0.01,0.0,0.0,57820.0
11.0,9.0,44.0,44.0,0.0,0.0,201.0,0.0,0.0,1.0,0.0,0.0,255.0,250.0,0.98,0.01,0.0,0.0,0.0,0.0,0.0,31987.0
22.0,9.0,392.0,3759.0,0.0,1.0,8.0,0.0,0.0,1.0,0.0,0.31,48.0,255.0,1.0,0.0,0.06,0.0,0.0,0.0,0.0,67688.0
19.0,9.0,2881.0,0.0,0.0,1.0,2.0,0.0,0.0,1.0,0.0,0.0,139.0,23.0,0.09,0.03,0.09,0.0,0.0,0.0,0.0,32210.0
22.0,9.0,279.0,1928.0,0.0,1.0,18.0,0.0,0.0,1.0,0.0,0.09,255.0,255.0,1.0,0.0,0.0,0.01,0.01,0.0,0.0,13566.0
22.0,9.0,143.0,12691.0,0.0,1.0,2.0,0.0,0.0,1.0,0.0,0.0,2.0,2.0,1.0,0.0,0.0,0.0,0.0,0.0,0.0,37415.0
22.0,9.0,296.0,1913.0,0.0,1.0,3.0,0.0,0.0,1.0,0.0,0.09,23.0,30.0,1.0,0.0,0.07,0.0,0.0,0.0,0.0,91884.0
22.0,9.0,305.0,1496.0,0.0,1.0,3.0,0.0,0.0,1.0,0.0,0.0,3.0,255.0,1.0,0.0,0.05,0.0,0.0,0.0,0.0,8423.0
58.0,9.0,182.0,0.0,0.0,0.0,2.0,0.0,0.0,0.5,1.0,0.0,255.0,15.0,0.06,0.01,0.0,0.0,0.0,0.0,0.0,17956.0
49.0,9.0,1163.0,329.0,0.0,1.0,1.0,0.0,0.0,1.0,0.0,0.0,94.0,19.0,0.2,0.76,0.0,0.0,0.0,0.0,0.0,98602.0
49.0,9.0,1066.0,286.0,0.0,1.0,2.0,0.0,0.0,0.5,1.0,0.0,160.0,144.0,0.55,0.04,0.01,0.0,0.0,0.0,0.0,39959.0
22.0,9.0,199.0,181.0,0.0,1.0,7.0,0.0,0.0,1.0,0.0,0.18,255.0,255.0,1.0,0.0,0.0,0.0,0.0,0.0,0.0,34127.0
22.0,9.0,54540.0,8314.0,0.0,1.0,7.0,0.0,0.0,1.0,0.0,0.0,11.0,11.0,1.0,0.0,0.0,0.0,0.0,0.09,1.0,62735.0
22.0,9.0,295.0,1688.0,0.0,1.0,2.0,0.0,0.0,1.0,0.0,0.0,255.0,255.0,1.0,0.0,0.0,0.0,0.0,0.0,0.0,109228.0
49.0,9.0,766.0,329.0,0.0,1.0,1.0,0.0,0.0,1.0,0.0,1.0,240.0,154.0,0.59,0.06,0.01,0.0,0.0,0.0,0.0,70694.0
22.0,9.0,213.0,3276.0,0.0,1.0,8.0,0.0,0.0,1.0,0.0,0.0,28.0,255.0,1.0,0.0,0.06,0.0,0.0,0.0,0.0,27660.0
40.0,9.0,516.0,4.0,0.0,0.0,372.0,0.0,0.0,1.0,0.0,0.0,255.0,255.0,1.0,0.0,0.0,0.0,0.0,0.0,0.0,42332.0
22.0,9.0,159.0,9569.0,0.0,1.0,1.0,0.0,0.0,1.0,0.0,0.0,21.0,255.0,1.0,0.0,0.01,0.0,0.0,0.0,0.0,119371.0
22.0,9.0,278.0,2774.0,0.0,1.0,15.0,0.0,0.0,1.0,0.0,0.12,15.0,255.0,1.0,0.0,0.05,0.0,0.0,0.0,0.0,103252.0
22.0,1.0,0.0,0.0,0.0,0.0,1.0,0.0,0.0,1.0,0.0,0.0,5.0,255.0,1.0,0.0,0.24,0.0,0.0,0.94,0.0,78465.0
11.0,9.0,33.0,33.0,0.0,0.0,2.0,0.0,0.0,1.0,0.0,0.67,255.0,255.0,1.0,0.0,0.0,0.0,0.0,0.0,0.0,61120.0
22.0,9.0,308.0,1591.0,0.0,1.0,19.0,0.0,0.0,1.0,0.0,0.1,58.0,255.0,1.0,0.0,0.03,0.0,0.0,0.0,0.0,78544.0
58.0,9.0,182.0,0.0,0.0,0.0,1.0,0.0,0.0,1.0,0.0,0.0,255.0,17.0,0.07,0.01,0.0,0.0,0.0,0.0,0.0,27890.0
22.0,9.0,195.0,605.0,0.0,1.0,3.0,0.0,0.0,1.0,0.0,0.5,3.0,255.0,1.0,0.0,0.07,0.0,0.0,0.0,0.0,24779.0
55.0,9.0,616.0,17855.0,0.0,1.0,1.0,0.0,0.0,1.0,0.0,0.0,255.0,30.0,0.12,0.06,0.0,0.72,0.47,0.1,0.0,60019.0
49.0,9.0,865.0,339.0,0.0,1.0,1.0,0.0,0.0,1.0,0.0,1.0,205.0,103.0,0.37,0.02,0.02,0.0,0.01,0.0,0.0,31891.0
22.0,9.0,201.0,369.0,0.0,1.0,54.0,0.0,0.0,1.0,0.0,0.04,255.0,255.0,1.0,0.0,0.0,0.0,0.0,0.0,0.0,120605.0
22.0,9.0,311.0,1164.0,0.0,1.0,2.0,0.0,0.0,1.0,0.0,0.0,2.0,255.0,1.0,0.0,0.04,0.0,0.0,0.0,0.0,45180.0
22.0,9.0,220.0,4123.0,0.0,1.0,6.0,0.0,0.0,1.0,0.0,0.29,58.0,255.0,1.0,0.0,0.03,0.0,0.0,0.0,0.0,32645.0
22.0,9.0,292.0,12482.0,0.0,1.0,6.0,0.0,0.0,1.0,0.0,0.0,124.0,255.0,1.0,0.0,0.03,0.02,0.01,0.0,0.0,80167.0
55.0,9.0,192.0,1462.0,0.0,1.0,1.0,0.0,0.0,1.0,0.0,0.0,187.0,26.0,0.14,0.08,0.0,0.01,0.04,0.0,0.0,100198.0
22.0,9.0,149.0,13023.0,0.0,1.0,5.0,0.0,0.0,1.0,0.0,0.0,5.0,255.0,1.0,0.0,0.01,0.0,0.0,0.0,0.0,81507.0
22.0,6.0,235.0,28746.0,0.0,1.0,1.0,1.0,1.0,1.0,0.0,0.0,67.0,251.0,1.0,0.0,0.09,0.01,0.0,0.99,0.0,90127.0
49.0,9.0,958.0,327.0,0.0,1.0,1.0,0.0,0.0,1.0,0.0,1.0,84.0,172.0,0.9,0.04,0.01,0.0,0.0,0.0,0.0,86503.0
22.0,9.0,350.0,870.0,0.0,1.0,12.0,0.0,0.0,1.0,0.0,0.12,255.0,255.0,1.0,0.0,0.0,0.0,0.0,0.0,0.0,67797.0
40.0,9.0,145.0,0.0,0.0,0.0,3.0,0.0,0.0,0.33,0.67,0.0,255.0,1.0,0.0,0.51,0.0,0.0,0.0,0.0,0.0,1788.0
49.0,9.0,3665.0,372.0,0.0,1.0,2.0,0.0,0.0,1.0,0.0,0.67,31.0,235.0,0.97,0.06,0.01,0.0,0.0,0.0,0.0,93847.0
22.0,9.0,199.0,174.0,0.0,1.0,7.0,0.0,0.0,1.0,0.0,0.0,71.0,255.0,1.0,0.0,0.03,0.0,0.0,0.0,0.0,36441.0
49.0,9.0,2807.0,339.0,0.0,1.0,1.0,0.0,0.0,1.0,0.0,1.0,163.0,156.0,0.65,0.03,0.01,0.0,0.0,0.0,0.0,39413.0
22.0,9.0,287.0,5200.0,0.0,1.0,18.0,0.0,0.0,1.0,0.0,0.0,68.0,255.0,1.0,0.0,0.02,0.0,0.0,0.0,0.0,84640.0
22.0,9.0,226.0,28076.0,0.0,1.0,4.0,0.0,0.0,1.0,0.0,0.0,103.0,255.0,1.0,0.0,0.03,0.0,0.0,0.0,0.0,26353.0
19.0,9.0,12324.0,0.0,0.0,1.0,2.0,0.0,0.0,1.0,0.0,0.0,112.0,101.0,0.48,0.04,0.02,0.0,0.0,0.0,0.0,124251.0
22.0,9.0,265.0,309.0,0.0,1.0,29.0,0.0,0.0,1.0,0.0,0.09,255.0,255.0,1.0,0.0,0.0,0.0,0.0,0.0,0.0,9773.0
40.0,9.0,147.0,105.0,0.0,0.0,2.0,0.0,0.0,1.0,0.0,0.0,255.0,2.0,0.01,0.56,0.0,0.0,0.0,0.0,0.0,108897.0
11.0,9.0,45.0,75.0,0.0,0.0,73.0,0.0,0.0,1.0,0.0,0.01,255.0,218.0,0.85,0.01,0.0,0.0,0.0,0.0,0.0,89661.0
22.0,9.0,197.0,2909.0,0.0,1.0,2.0,0.0,0.0,1.0,0.0,0.16,229.0,255.0,1.0,0.0,0.02,0.0,0.0,0.0,0.0,48652.0
22.0,9.0,281.0,272.0,0.0,1.0,13.0,0.0,0.0,1.0,0.0,0.0,28.0,255.0,1.0,0.0,0.04,0.0,0.0,0.0,0.0,20860.0
11.0,9.0,44.0,110.0,0.0,0.0,43.0,0.0,0.0,1.0,0.0,0.02,245.0,191.0,0.78,0.01,0.0,0.0,0.0,0.0,0.0,102639.0
22.0,9.0,219.0,1844.0,0.0,1.0,3.0,0.0,0.0,1.0,0.0,0.2,255.0,255.0,1.0,0.0,0.0,0.0,0.0,0.0,0.0,54291.0
49.0,9.0,2042.0,382.0,0.0,1.0,1.0,0.0,0.0,1.0,0.0,0.0,255.0,88.0,0.35,0.28,0.0,0.28,0.0,0.0,0.0,68181.0
19.0,9.0,95.0,0.0,0.0,1.0,4.0,0.0,0.0,1.0,0.0,0.0,255.0,10.0,0.04,0.07,0.0,0.9,0.0,0.0,0.0,78157.0
22.0,9.0,324.0,394.0,0.0,1.0,2.0,0.0,0.0,1.0,0.0,0.67,255.0,255.0,1.0,0.0,0.0,0.0,0.0,0.0,0.0,93144.0
14.0,9.0,1480.0,0.0,1.0,0.0,7.0,0.0,0.0,1.0,0.0,0.0,255.0,7.0,0.03,0.02,0.0,0.0,0.0,0.0,1.0,121193.0
22.0,1.0,0.0,0.0,0.0,0.0,1.0,0.0,0.0,1.0,0.0,0.0,5.0,255.0,1.0,0.0,0.19,0.0,0.0,0.95,0.0,27562.0
22.0,9.0,220.0,5167.0,0.0,1.0,8.0,0.0,0.0,1.0,0.0,0.22,25.0,255.0,1.0,0.0,0.02,0.0,0.0,0.0,0.0,43024.0
11.0,9.0,46.0,157.0,0.0,0.0,23.0,0.0,0.0,1.0,0.0,0.03,255.0,189.0,0.74,0.02,0.0,0.0,0.0,0.0,0.0,116963.0
22.0,6.0,270.0,23360.0,0.0,1.0,5.0,0.2,0.2,1.0,0.0,0.0,255.0,255.0,1.0,0.0,0.0,0.0,0.0,0.0,0.0,92272.0
49.0,5.0,0.0,0.0,0.0,0.0,2.0,0.5,0.5,1.0,0.0,0.0,255.0,109.0,0.43,0.07,0.0,0.0,0.01,0.0,0.0,5634.0
3.0,9.0,14.0,39.0,0.0,1.0,1.0,0.0,0.0,1.0,0.0,0.0,35.0,2.0,0.03,0.11,1.0,0.0,0.0,0.0,0.0,47009.0
22.0,9.0,326.0,398.0,0.0,1.0,20.0,0.0,0.0,1.0,0.0,0.0,255.0,255.0,1.0,0.0,0.0,0.0,0.0,0.0,0.0,49874.0
49.0,9.0,2223.0,365.0,0.0,1.0,1.0,0.0,0.0,1.0,0.0,1.0,98.0,188.0,0.95,0.03,0.01,0.0,0.0,0.0,0.0,54867.0
22.0,9.0,254.0,732.0,0.0,1.0,4.0,0.0,0.0,1.0,0.0,0.0,53.0,255.0,1.0,0.0,0.01,0.0,0.0,0.0,0.0,31820.0
11.0,9.0,44.0,138.0,0.0,0.0,1.0,0.0,0.0,1.0,0.0,0.67,255.0,245.0,0.96,0.01,0.0,0.0,0.0,0.0,0.0,47003.0
22.0,9.0,234.0,3248.0,0.0,1.0,40.0,0.0,0.0,1.0,0.0,0.1,255.0,255.0,1.0,0.0,0.0,0.0,0.0,0.01,0.0,116390.0
22.0,9.0,220.0,2486.0,0.0,1.0,15.0,0.0,0.0,1.0,0.0,0.0,255.0,255.0,1.0,0.0,0.0,0.0,0.0,0.0,0.0,114026.0
11.0,9.0,45.0,127.0,0.0,0.0,79.0,0.0,0.0,1.0,0.0,0.01,255.0,254.0,1.0,0.01,0.0,0.0,0.0,0.0,0.0,9772.0
11.0,9.0,91.0,0.0,0.0,0.0,2.0,0.0,0.0,1.0,0.0,0.0,178.0,121.0,0.68,0.01,0.0,0.0,0.0,0.0,0.0,18787.0
22.0,1.0,0.0,0.0,0.0,0.0,1.0,0.0,0.0,1.0,0.0,0.0,11.0,255.0,1.0,0.0,0.25,0.0,0.0,1.0,0.0,121323.0
13.0,9.0,30.0,0.0,0.0,0.0,1.0,0.0,0.0,1.0,0.0,0.0,85.0,131.0,1.0,0.0,0.18,0.0,0.0,0.0,0.0,116656.0
11.0,9.0,46.0,133.0,0.0,0.0,74.0,0.0,0.0,0.99,0.03,0.01,255.0,254.0,1.0,0.01,0.0,0.0,0.0,0.0,0.0,57024.0
19.0,9.0,383.0,0.0,0.0,1.0,2.0,0.0,0.0,1.0,0.0,0.0,93.0,50.0,0.1,0.03,0.06,0.0,0.0,0.0,0.0,99131.0
22.0,9.0,417.0,3294.0,0.0,1.0,17.0,0.0,0.0,1.0,0.0,0.0,143.0,247.0,1.0,0.0,0.11,0.0,0.0,0.47,0.0,19767.0
49.0,9.0,1102.0,335.0,0.0,1.0,25.0,0.0,0.0,0.04,0.08,0.0,150.0,125.0,0.46,0.04,0.02,0.0,0.0,0.0,0.0,20411.0
22.0,9.0,223.0,1538.0,0.0,1.0,21.0,0.0,0.0,1.0,0.0,0.09,255.0,255.0,1.0,0.0,0.0,0.0,0.0,0.0,0.0,113837.0
22.0,9.0,280.0,430.0,0.0,1.0,2.0,0.0,0.0,1.0,0.0,0.27,2.0,255.0,1.0,0.0,0.01,0.0,0.0,0.0,0.0,71505.0
18.0,2.0,0.0,0.0,0.0,0.0,1.0,0.0,0.0,1.0,0.0,0.0,199.0,39.0,0.2,0.03,0.0,0.0,0.0,0.1,0.0,109455.0
49.0,9.0,131.0,247.0,0.0,1.0,1.0,0.0,0.0,1.0,0.0,0.0,118.0,64.0,0.13,0.6,0.03,0.01,0.0,0.0,0.0,118485.0
22.0,9.0,309.0,2698.0,0.0,1.0,1.0,0.0,0.0,1.0,0.0,0.0,255.0,239.0,0.94,0.02,0.0,0.0,0.0,0.0,0.0,65332.0
11.0,9.0,43.0,126.0,0.0,0.0,119.0,0.0,0.0,1.0,0.0,0.02,255.0,254.0,1.0,0.01,0.0,0.0,0.0,0.0,0.0,63198.0
49.0,9.0,1350.0,328.0,0.0,1.0,2.0,0.0,0.0,0.5,1.0,0.0,116.0,66.0,0.57,0.04,0.0,0.02,0.02,0.0,0.0,38788.0
22.0,9.0,232.0,2431.0,0.0,1.0,3.0,0.0,0.0,1.0,0.0,0.0,18.0,255.0,1.0,0.0,0.06,0.0,0.0,0.0,0.0,74314.0
22.0,9.0,213.0,620.0,0.0,1.0,16.0,0.0,0.0,1.0,0.0,0.0,50.0,255.0,1.0,0.0,0.07,0.0,0.0,0.0,0.0,5287.0
11.0,9.0,41.0,71.0,0.0,0.0,153.0,0.0,0.0,1.0,0.0,0.0,255.0,166.0,0.65,0.01,0.0,0.0,0.0,0.0,0.0,65598.0
40.0,9.0,516.0,4.0,0.0,0.0,167.0,0.0,0.0,1.0,0.0,0.0,167.0,167.0,1.0,0.0,0.0,0.0,0.0,0.0,0.0,99249.0
49.0,9.0,852.0,393.0,0.0,1.0,1.0,0.0,0.0,1.0,0.0,0.0,255.0,19.0,0.07,0.07,0.0,0.0,0.0,0.0,0.0,107983.0
11.0,9.0,46.0,75.0,0.0,0.0,220.0,0.0,0.0,1.0,0.01,0.0,255.0,241.0,0.95,0.02,0.0,0.0,0.0,0.0,0.0,88681.0
22.0,9.0,335.0,353.0,0.0,1.0,33.0,0.0,0.0,1.0,0.0,0.05,255.0,255.0,1.0,0.0,0.0,0.0,0.0,0.0,0.0,66407.0
49.0,9.0,1363.0,330.0,0.0,1.0,1.0,0.0,0.0,1.0,0.0,0.0,117.0,192.0,0.77,0.03,0.01,0.0,0.0,0.0,0.0,32582.0
22.0,9.0,332.0,837.0,0.0,1.0,12.0,0.0,0.0,1.0,0.0,0.0,255.0,255.0,1.0,0.0,0.0,0.0,0.0,0.0,0.0,46249.0
11.0,9.0,44.0,127.0,0.0,0.0,272.0,0.0,0.0,1.0,0.0,0.0,255.0,251.0,0.98,0.01,0.0,0.0,0.0,0.0,0.0,29573.0
22.0,9.0,315.0,263.0,0.0,1.0,21.0,0.0,0.0,1.0,0.0,0.09,255.0,255.0,1.0,0.0,0.0,0.0,0.0,0.0,0.0,46032.0
44.0,9.0,207.0,0.0,0.0,0.0,2.0,0.0,0.0,1.0,0.0,0.0,102.0,86.0,0.84,0.02,0.0,0.0,0.0,0.0,1.0,8722.0
19.0,9.0,1363.0,0.0,0.0,0.0,17.0,0.0,0.0,1.0,0.0,0.0,202.0,93.0,0.46,0.03,0.0,0.0,0.0,0.0,0.0,113537.0
22.0,9.0,233.0,1690.0,0.0,1.0,1.0,0.0,0.0,1.0,0.0,0.43,1.0,255.0,1.0,0.0,0.05,0.0,0.0,0.0,0.0,11893.0
40.0,9.0,146.0,105.0,0.0,0.0,2.0,0.0,0.0,1.0,0.0,0.0,255.0,2.0,0.01,0.83,0.0,0.0,0.0,0.0,0.0,57004.0
22.0,9.0,322.0,271.0,0.0,1.0,9.0,0.0,0.0,1.0,0.0,0.0,14.0,14.0,1.0,0.0,0.0,0.0,0.0,0.0,0.0,50556.0
22.0,9.0,304.0,2264.0,0.0,1.0,3.0,0.33,0.25,1.0,0.0,0.5,3.0,252.0,1.0,0.0,0.08,0.33,0.01,0.0,0.0,47286.0
19.0,9.0,884.0,0.0,0.0,1.0,1.0,0.0,0.0,1.0,0.0,0.0,255.0,57.0,0.22,0.02,0.0,0.0,0.0,0.0,0.0,64869.0
22.0,9.0,204.0,6669.0,0.0,1.0,4.0,0.0,0.0,1.0,0.0,0.0,26.0,255.0,1.0,0.0,0.01,0.0,0.01,0.0,0.0,113969.0
22.0,9.0,237.0,1408.0,0.0,1.0,6.0,0.0,0.0,1.0,0.0,0.18,140.0,255.0,1.0,0.0,0.02,0.0,0.0,0.0,0.0,36514.0
22.0,9.0,267.0,1423.0,0.0,1.0,1.0,0.0,0.0,1.0,0.0,0.11,255.0,227.0,0.89,0.01,0.0,0.0,0.0,0.0,0.0,32027.0
18.0,9.0,1494.0,4152.0,0.0,1.0,1.0,0.0,0.0,1.0,0.0,0.0,106.0,24.0,0.23,0.05,0.0,0.0,0.0,0.04,0.0,113264.0
55.0,9.0,174.0,3333.0,0.0,1.0,1.0,0.0,0.0,1.0,0.0,0.0,215.0,19.0,0.09,0.02,0.0,0.0,0.0,0.11,0.0,11208.0
19.0,9.0,3775.0,0.0,0.0,0.0,22.0,0.0,0.0,1.0,0.0,0.0,133.0,104.0,0.62,0.02,0.02,0.0,0.0,0.0,0.0,117783.0
22.0,9.0,241.0,1071.0,0.0,1.0,7.0,0.0,0.0,1.0,0.0,0.0,32.0,255.0,1.0,0.0,0.05,0.0,0.0,0.0,0.0,7632.0
13.0,9.0,30.0,0.0,0.0,0.0,1.0,0.0,0.0,1.0,0.0,0.0,44.0,90.0,0.98,0.05,0.28,0.0,0.0,0.0,0.0,2151.0
22.0,9.0,306.0,2063.0,0.0,1.0,2.0,0.0,0.0,1.0,0.0,0.29,255.0,255.0,1.0,0.0,0.0,0.0,0.0,0.0,0.0,45775.0
22.0,9.0,54540.0,8314.0,0.0,1.0,4.0,0.0,0.0,1.0,0.0,0.4,255.0,255.0,1.0,0.0,0.0,0.0,0.0,0.04,1.0,53114.0
22.0,9.0,244.0,390.0,0.0,1.0,25.0,0.0,0.0,1.0,0.0,0.0,255.0,255.0,1.0,0.0,0.0,0.0,0.0,0.0,0.0,85290.0
22.0,9.0,187.0,2025.0,0.0,1.0,14.0,0.0,0.0,1.0,0.0,0.14,68.0,255.0,1.0,0.0,0.02,0.0,0.0,0.0,0.0,73275.0
49.0,9.0,2266.0,326.0,0.0,1.0,1.0,0.0,0.0,1.0,0.0,0.0,203.0,111.0,0.55,0.01,0.0,0.0,0.0,0.0,0.0,50638.0
22.0,9.0,340.0,310.0,0.0,1.0,5.0,0.0,0.0,1.0,0.0,0.0,174.0,255.0,1.0,0.0,0.01,0.0,0.0,0.0,0.0,37244.0
22.0,9.0,307.0,863.0,0.0,1.0,11.0,0.0,0.0,1.0,0.0,0.0,236.0,255.0,1.0,0.0,0.01,0.0,0.0,0.0,0.0,18791.0
18.0,2.0,0.0,61.0,0.0,0.0,1.0,0.0,0.0,1.0,0.0,0.0,2.0,2.0,0.5,1.0,1.0,0.0,0.0,1.0,1.0,12649.0
22.0,9.0,214.0,1842.0,0.0,1.0,6.0,0.0,0.0,1.0,0.0,0.0,42.0,255.0,1.0,0.0,0.05,0.0,0.0,0.0,0.0,104780.0
11.0,9.0,46.0,131.0,0.0,0.0,307.0,0.0,0.0,1.0,0.01,0.0,255.0,251.0,0.98,0.01,0.0,0.0,0.0,0.0,0.0,74667.0
11.0,9.0,44.0,135.0,0.0,0.0,67.0,0.0,0.0,1.0,0.0,0.01,255.0,254.0,1.0,0.01,0.0,0.0,0.0,0.0,0.0,11351.0
19.0,9.0,2194619.0,0.0,0.0,0.0,2.0,0.0,0.0,1.0,0.0,0.0,218.0,45.0,0.13,0.01,0.04,0.0,0.0,0.0,0.0,118831.0
22.0,9.0,339.0,5530.0,0.0,1.0,1.0,0.0,0.0,1.0,0.0,1.0,1.0,255.0,1.0,0.0,0.02,0.0,0.0,0.0,0.0,61949.0
44.0,9.0,215.0,0.0,0.0,0.0,1.0,0.0,0.0,1.0,0.0,0.0,105.0,89.0,0.85,0.02,0.0,0.0,0.0,0.0,1.0,104513.0
22.0,9.0,240.0,7169.0,0.0,1.0,11.0,0.0,0.0,1.0,0.0,0.0,111.0,255.0,1.0,0.0,0.03,0.0,0.0,0.0,0.0,33050.0
11.0,9.0,45.0,69.0,0.0,0.0,142.0,0.0,0.0,1.0,0.0,0.02,255.0,226.0,0.89,0.01,0.0,0.0,0.0,0.0,0.0,73576.0
55.0,9.0,654.0,21094.0,0.0,1.0,1.0,0.0,0.0,1.0,0.0,0.0,255.0,3.0,0.01,0.06,0.0,0.95,0.0,0.0,0.0,47806.0
22.0,9.0,244.0,1601.0,0.0,1.0,5.0,0.0,0.0,1.0,0.0,0.0,255.0,255.0,1.0,0.0,0.0,0.0,0.0,0.0,0.0,27476.0
22.0,9.0,216.0,2411.0,0.0,1.0,1.0,0.0,0.0,1.0,0.0,0.0,187.0,255.0,1.0,0.0,0.03,0.0,0.0,0.0,0.0,11016.0
11.0,9.0,44.0,113.0,0.0,0.0,1.0,0.0,0.0,1.0,0.0,0.75,31.0,28.0,0.9,0.06,0.0,0.0,0.0,0.0,0.0,50358.0
22.0,9.0,273.0,10405.0,0.0,1.0,12.0,0.0,0.0,1.0,0.0,0.0,12.0,255.0,1.0,0.0,0.03,0.0,0.0,0.0,0.0,114829.0
57.0,9.0,36.0,0.0,0.0,0.0,1.0,0.0,0.0,1.0,0.0,0.0,73.0,10.0,0.14,0.07,0.0,0.0,0.0,0.0,0.0,14140.0
22.0,9.0,204.0,15189.0,0.0,1.0,3.0,0.0,0.0,1.0,0.0,0.25,3.0,255.0,1.0,0.0,0.07,0.0,0.0,0.0,0.0,67110.0
44.0,9.0,105.0,146.0,0.0,0.0,8.0,0.0,0.0,0.12,0.38,0.0,255.0,230.0,0.9,0.01,0.0,0.0,0.0,0.0,0.0,36034.0
11.0,9.0,34.0,0.0,0.0,0.0,1.0,0.0,0.0,1.0,0.0,0.75,57.0,30.0,0.16,0.07,0.07,0.0,0.0,0.0,0.0,29400.0
13.0,9.0,30.0,0.0,0.0,0.0,1.0,0.0,0.0,1.0,0.0,0.0,76.0,131.0,1.0,0.0,0.22,0.0,0.0,0.0,0.0,68090.0
11.0,9.0,46.0,72.0,0.0,0.0,107.0,0.0,0.0,1.0,0.0,0.03,255.0,229.0,0.9,0.01,0.0,0.0,0.0,0.0,0.0,2225.0
22.0,9.0,354.0,421.0,0.0,1.0,11.0,0.0,0.0,1.0,0.0,0.29,138.0,255.0,1.0,0.0,0.02,0.0,0.0,0.03,0.0,86064.0
22.0,9.0,279.0,15203.0,0.0,1.0,1.0,0.0,0.0,1.0,0.0,0.5,44.0,255.0,1.0,0.0,0.02,0.0,0.0,0.0,0.0,119042.0
22.0,9.0,351.0,442.0,0.0,1.0,30.0,0.0,0.0,1.0,0.0,0.0,255.0,255.0,1.0,0.0,0.0,0.0,0.0,0.0,0.0,58450.0
19.0,9.0,12.0,0.0,0.0,1.0,1.0,0.0,0.0,1.0,0.0,0.0,149.0,74.0,0.23,0.02,0.03,0.0,0.0,0.0,0.0,13285.0
55.0,9.0,634.0,21494.0,0.0,1.0,1.0,0.0,0.0,1.0,0.0,0.0,48.0,8.0,0.17,0.1,0.0,0.04,0.12,0.0,0.0,54965.0
49.0,9.0,1305.0,331.0,0.0,1.0,1.0,0.0,0.0,1.0,0.0,1.0,122.0,134.0,0.56,0.03,0.01,0.0,0.0,0.0,0.0,25920.0
19.0,9.0,501760.0,0.0,0.0,1.0,1.0,0.0,0.0,1.0,0.0,0.0,42.0,55.0,0.76,0.05,0.04,0.0,0.0,0.0,0.0,74645.0
22.0,9.0,291.0,1096.0,0.0,1.0,6.0,0.0,0.0,1.0,0.0,0.29,6.0,255.0,1.0,0.0,0.04,0.0,0.0,0.0,0.0,63541.0
22.0,9.0,156.0,876.0,0.0,1.0,1.0,0.0,0.0,1.0,0.0,0.0,36.0,241.0,1.0,0.0,0.05,0.0,0.0,0.0,0.0,12710.0
22.0,9.0,54540.0,8314.0,0.0,1.0,4.0,0.0,0.0,0.75,0.5,0.0,65.0,65.0,1.0,0.0,0.0,0.0,0.0,0.03,1.0,32744.0
18.0,9.0,1064.0,2284.0,0.0,1.0,1.0,0.0,0.0,1.0,0.0,0.0,255.0,25.0,0.1,0.02,0.0,0.12,0.0,0.0,1.0,78139.0
49.0,9.0,1562.0,331.0,0.0,1.0,2.0,0.0,0.0,1.0,0.0,0.67,244.0,171.0,0.67,0.03,0.01,0.0,0.0,0.0,0.0,44430.0
22.0,9.0,321.0,6310.0,0.0,1.0,5.0,0.0,0.0,1.0,0.0,0.27,5.0,230.0,1.0,0.0,0.03,0.0,0.0,0.0,0.0,76909.0
19.0,9.0,246.0,0.0,0.0,1.0,2.0,0.0,0.0,0.5,1.0,0.0,255.0,83.0,0.33,0.07,0.0,0.02,0.05,0.0,1.0,6477.0
22.0,9.0,329.0,1179.0,0.0,1.0,8.0,0.0,0.0,1.0,0.0,0.0,24.0,24.0,1.0,0.0,0.0,0.0,0.0,0.0,0.0,10329.0
22.0,9.0,320.0,6032.0,0.0,1.0,12.0,0.0,0.0,1.0,0.0,0.19,255.0,255.0,1.0,0.0,0.0,0.0,0.0,0.0,0.0,42205.0
22.0,9.0,277.0,1533.0,0.0,1.0,4.0,0.0,0.0,1.0,0.0,0.0,11.0,255.0,1.0,0.0,0.01,0.0,0.0,0.0,0.0,83549.0
22.0,9.0,155.0,623.0,0.0,1.0,7.0,0.0,0.0,1.0,0.0,0.0,7.0,236.0,1.0,0.0,0.05,0.0,0.0,0.76,0.0,83579.0
22.0,9.0,202.0,1042.0,0.0,1.0,1.0,0.0,0.0,1.0,0.0,0.0,69.0,255.0,1.0,0.0,0.02,0.0,0.0,0.0,0.0,112584.0
22.0,9.0,54540.0,8314.0,0.0,1.0,3.0,0.0,0.0,1.0,0.0,0.0,194.0,194.0,1.0,0.0,0.0,0.0,0.0,0.01,1.0,94005.0
11.0,9.0,43.0,122.0,0.0,0.0,277.0,0.0,0.0,1.0,0.01,0.0,242.0,207.0,0.86,0.01,0.0,0.0,0.0,0.0,0.0,76732.0
22.0,9.0,331.0,8541.0,0.0,1.0,1.0,0.0,0.0,1.0,0.0,0.1,14.0,255.0,1.0,0.0,0.03,0.0,0.0,0.0,0.0,54439.0
44.0,9.0,207.0,0.0,0.0,0.0,2.0,0.0,0.0,1.0,0.0,0.0,118.0,102.0,0.86,0.02,0.0,0.0,0.0,0.0,1.0,116920.0
49.0,9.0,1946.0,406.0,0.0,1.0,1.0,0.0,0.0,1.0,0.0,1.0,83.0,144.0,0.42,0.04,0.02,0.0,0.0,0.0,0.0,93791.0
49.0,9.0,1825.0,325.0,0.0,1.0,1.0,0.0,0.0,1.0,0.0,1.0,140.0,99.0,0.71,0.04,0.0,0.0,0.0,0.0,0.0,84694.0
55.0,9.0,384.0,269225.0,0.0,1.0,1.0,0.0,0.0,1.0,0.0,0.0,96.0,10.0,0.1,0.04,0.0,0.0,0.0,0.0,0.0,28077.0
22.0,9.0,311.0,6086.0,0.0,1.0,9.0,0.0,0.0,1.0,0.0,0.0,255.0,255.0,1.0,0.0,0.0,0.0,0.0,0.0,0.0,85680.0
49.0,2.0,6234.0,1628.0,0.0,1.0,1.0,0.0,0.0,1.0,0.0,0.0,91.0,75.0,0.15,0.78,0.03,0.0,0.0,0.01,0.0,15358.0
22.0,1.0,0.0,0.0,0.0,0.0,1.0,0.0,0.0,1.0,0.0,0.0,2.0,243.0,1.0,0.0,0.02,0.0,0.0,0.19,0.0,107789.0
22.0,9.0,196.0,2380.0,0.0,1.0,5.0,0.0,0.0,1.0,0.0,0.33,18.0,255.0,1.0,0.0,0.04,0.0,0.0,0.0,0.0,119085.0
19.0,9.0,14189.0,0.0,0.0,1.0,4.0,0.0,0.0,1.0,0.0,0.0,223.0,43.0,0.19,0.03,0.0,0.0,0.0,0.0,0.0,88169.0
22.0,9.0,278.0,382.0,0.0,1.0,4.0,0.0,0.0,1.0,0.0,0.18,4.0,249.0,1.0,0.0,0.04,0.0,0.0,0.0,0.0,114130.0
11.0,9.0,44.0,44.0,0.0,0.0,217.0,0.0,0.0,1.0,0.0,0.0,255.0,255.0,1.0,0.0,0.0,0.0,0.0,0.0,0.0,111419.0
22.0,9.0,214.0,310.0,0.0,1.0,9.0,0.0,0.0,1.0,0.0,0.2,255.0,255.0,1.0,0.0,0.0,0.0,0.0,0.0,0.0,60941.0
19.0,9.0,4753.0,0.0,0.0,0.0,16.0,0.0,0.0,1.0,0.0,0.0,255.0,91.0,0.36,0.03,0.0,0.0,0.0,0.0,0.0,57198.0
22.0,9.0,212.0,8126.0,0.0,1.0,1.0,0.0,0.0,1.0,0.0,0.5,2.0,255.0,1.0,0.0,0.05,0.0,0.0,0.0,0.0,40920.0
19.0,9.0,59.0,0.0,0.0,1.0,3.0,0.0,0.0,1.0,0.0,0.0,75.0,97.0,0.17,0.04,0.02,0.0,0.0,0.0,0.0,54399.0
44.0,9.0,105.0,0.0,0.0,0.0,2.0,0.0,0.0,1.0,0.0,0.0,13.0,11.0,0.85,0.23,0.0,0.0,0.0,0.0,0.0,37317.0
11.0,9.0,45.0,127.0,0.0,0.0,65.0,0.0,0.0,1.0,0.0,0.01,255.0,254.0,1.0,0.01,0.0,0.0,0.0,0.0,0.0,77391.0
22.0,9.0,295.0,321.0,0.0,1.0,45.0,0.0,0.0,1.0,0.0,0.0,255.0,255.0,1.0,0.0,0.0,0.0,0.0,0.0,0.0,88503.0
1.0,9.0,248.0,376.0,0.0,0.0,2.0,0.0,0.0,1.0,0.0,0.0,4.0,2.0,0.5,0.5,0.0,0.0,0.0,0.0,0.0,26041.0
22.0,9.0,240.0,2547.0,0.0,1.0,5.0,0.0,0.0,1.0,0.0,0.33,255.0,255.0,1.0,0.0,0.0,0.0,0.0,0.0,0.0,40019.0
22.0,9.0,380.0,1010.0,0.0,1.0,24.0,0.0,0.0,1.0,0.0,0.0,255.0,255.0,1.0,0.0,0.0,0.0,0.0,0.0,0.0,119518.0
22.0,9.0,500.0,8257.0,0.0,1.0,6.0,0.0,0.0,1.0,0.0,0.16,255.0,255.0,1.0,0.0,0.0,0.0,0.0,0.0,0.0,22208.0
22.0,9.0,321.0,581.0,0.0,1.0,9.0,0.0,0.0,1.0,0.0,0.17,255.0,255.0,1.0,0.0,0.0,0.0,0.0,0.0,0.0,83109.0
22.0,9.0,139.0,29859.0,0.0,1.0,1.0,0.0,0.0,1.0,0.0,0.33,255.0,255.0,1.0,0.0,0.0,0.0,0.0,0.0,0.0,92705.0
22.0,9.0,223.0,1875.0,0.0,1.0,13.0,0.0,0.0,1.0,0.0,0.0,43.0,255.0,1.0,0.0,0.04,0.0,0.0,0.0,0.0,96091.0
19.0,9.0,373.0,0.0,0.0,1.0,2.0,0.0,0.0,1.0,0.0,0.25,124.0,43.0,0.22,0.03,0.05,0.0,0.0,0.0,0.0,64689.0
49.0,9.0,1257.0,336.0,0.0,1.0,1.0,0.0,0.0,1.0,0.0,0.0,106.0,240.0,0.97,0.02,0.01,0.0,0.0,0.0,0.0,113121.0
22.0,9.0,290.0,1268.0,0.0,1.0,18.0,0.0,0.0,1.0,0.0,0.14,58.0,255.0,1.0,0.0,0.02,0.0,0.0,0.0,0.0,64512.0
11.0,9.0,31.0,91.0,0.0,0.0,1.0,0.0,0.0,1.0,0.0,0.0,255.0,214.0,0.84,0.01,0.0,0.0,0.0,0.0,0.0,9616.0
22.0,9.0,307.0,2698.0,0.0,1.0,2.0,0.0,0.0,1.0,0.0,0.0,2.0,2.0,1.0,0.0,0.0,0.0,0.0,0.0,0.0,103445.0
49.0,9.0,1805.0,332.0,0.0,1.0,1.0,0.0,0.0,1.0,0.0,1.0,179.0,183.0,0.74,0.02,0.01,0.0,0.0,0.0,0.0,60413.0
11.0,9.0,42.0,42.0,0.0,0.0,8.0,0.0,0.0,1.0,0.0,0.21,255.0,233.0,0.91,0.01,0.0,0.0,0.0,0.0,0.0,123923.0
22.0,9.0,347.0,20811.0,0.0,1.0,4.0,0.0,0.0,1.0,0.0,0.0,255.0,255.0,1.0,0.0,0.0,0.0,0.0,0.0,0.0,36551.0
19.0,9.0,383.0,0.0,0.0,0.0,2.0,0.0,0.0,1.0,0.0,0.0,190.0,13.0,0.07,0.03,0.0,0.0,0.0,0.0,0.0,43005.0
22.0,9.0,227.0,9165.0,0.0,1.0,2.0,0.0,0.0,1.0,0.0,0.67,20.0,255.0,1.0,0.0,0.06,0.0,0.0,0.0,0.0,39344.0
44.0,9.0,100.0,0.0,0.0,0.0,2.0,0.0,0.0,1.0,0.0,0.0,133.0,23.0,0.17,0.02,0.0,0.0,0.0,0.0,1.0,75348.0
22.0,9.0,292.0,1226.0,0.0,1.0,3.0,0.33,0.33,1.0,0.0,0.0,69.0,251.0,1.0,0.0,0.09,0.01,0.0,0.98,0.0,95124.0
22.0,9.0,303.0,15574.0,0.0,1.0,11.0,0.0,0.0,1.0,0.0,0.17,55.0,255.0,1.0,0.0,0.03,0.0,0.0,0.0,0.0,32248.0
22.0,9.0,333.0,188.0,0.0,1.0,1.0,0.0,0.0,1.0,0.0,0.16,91.0,255.0,1.0,0.0,0.03,0.0,0.0,0.01,0.0,121797.0
11.0,9.0,46.0,76.0,0.0,0.0,8.0,0.0,0.0,1.0,0.0,0.0,255.0,253.0,0.99,0.01,0.0,0.0,0.0,0.0,0.0,7002.0
11.0,9.0,45.0,136.0,0.0,0.0,66.0,0.0,0.0,1.0,0.0,0.01,255.0,254.0,1.0,0.01,0.0,0.0,0.0,0.0,0.0,22828.0
22.0,9.0,213.0,1966.0,0.0,1.0,8.0,0.0,0.0,1.0,0.0,0.0,34.0,255.0,1.0,0.0,0.03,0.03,0.01,0.0,0.0,5806.0
49.0,9.0,921.0,327.0,0.0,1.0,1.0,0.0,0.0,1.0,0.0,0.0,7.0,6.0,0.86,0.29,0.0,0.0,0.0,0.0,0.0,114746.0
49.0,9.0,1112.0,278.0,0.0,1.0,1.0,0.0,0.0,1.0,0.0,0.0,111.0,64.0,0.58,0.05,0.0,0.02,0.02,0.0,0.0,95705.0
22.0,9.0,274.0,666.0,0.0,1.0,3.0,0.0,0.0,1.0,0.0,0.0,252.0,255.0,1.0,0.0,0.01,0.0,0.0,0.0,0.0,96398.0
11.0,9.0,44.0,77.0,0.0,0.0,165.0,0.0,0.0,1.0,0.0,0.0,255.0,255.0,1.0,0.0,0.0,0.0,0.0,0.0,0.0,53221.0
22.0,9.0,297.0,1334.0,0.0,1.0,7.0,0.0,0.0,1.0,0.0,0.25,20.0,255.0,1.0,0.0,0.02,0.0,0.0,0.0,0.0,61470.0
11.0,9.0,42.0,42.0,0.0,0.0,5.0,0.0,0.0,1.0,0.0,0.25,255.0,238.0,0.93,0.01,0.0,0.0,0.0,0.0,0.0,90609.0
22.0,9.0,207.0,60990.0,0.0,1.0,1.0,0.0,0.0,1.0,0.0,0.0,255.0,255.0,1.0,0.0,0.0,0.01,0.01,0.0,0.0,105990.0
22.0,9.0,337.0,289.0,0.0,1.0,13.0,0.0,0.0,1.0,0.0,0.14,39.0,255.0,1.0,0.0,0.03,0.0,0.0,0.0,0.0,43416.0
40.0,9.0,147.0,105.0,0.0,0.0,1.0,0.0,0.0,1.0,0.0,0.0,255.0,2.0,0.01,0.59,0.0,0.0,0.0,0.0,0.0,8674.0
22.0,9.0,333.0,1300.0,0.0,1.0,13.0,0.0,0.0,1.0,0.0,0.18,16.0,255.0,1.0,0.0,0.05,0.0,0.0,0.0,0.0,5039.0
22.0,2.0,0.0,0.0,0.0,1.0,1.0,0.0,0.0,1.0,0.0,0.2,6.0,255.0,1.0,0.0,0.07,0.0,0.0,0.01,0.0,11857.0
22.0,1.0,0.0,0.0,0.0,0.0,33.0,0.0,0.0,1.0,0.0,0.0,68.0,253.0,1.0,0.0,0.15,0.0,0.0,0.98,0.0,104878.0
19.0,9.0,852.0,0.0,0.0,1.0,2.0,0.0,0.0,1.0,0.0,0.0,171.0,58.0,0.34,0.02,0.0,0.0,0.0,0.0,0.0,109438.0
22.0,9.0,190.0,170.0,0.0,1.0,2.0,0.0,0.0,1.0,0.0,0.4,32.0,47.0,1.0,0.0,0.04,0.0,0.0,0.0,0.0,21304.0
22.0,9.0,382.0,526.0,0.0,1.0,1.0,0.0,0.0,1.0,0.0,0.29,56.0,255.0,1.0,0.0,0.06,0.0,0.0,0.0,0.0,81517.0
22.0,9.0,218.0,1078.0,0.0,1.0,9.0,0.0,0.0,1.0,0.0,0.2,10.0,255.0,1.0,0.0,0.05,0.0,0.0,0.0,0.0,15004.0
58.0,9.0,132.0,0.0,0.0,0.0,4.0,0.0,0.0,0.5,0.5,0.0,14.0,3.0,0.21,0.21,0.0,0.0,0.0,0.0,0.0,69269.0
22.0,9.0,323.0,4841.0,0.0,1.0,1.0,0.0,0.0,1.0,0.0,1.0,17.0,255.0,1.0,0.0,0.03,0.0,0.0,0.0,0.0,51152.0
49.0,9.0,1021.0,329.0,0.0,1.0,1.0,0.0,0.0,1.0,0.0,0.0,154.0,88.0,0.4,0.46,0.02,0.0,0.0,0.01,0.0,123683.0
22.0,1.0,0.0,0.0,0.0,0.0,1.0,0.0,0.0,1.0,0.0,0.0,13.0,213.0,1.0,0.0,0.19,0.0,0.0,1.0,0.0,12047.0
49.0,9.0,571.0,330.0,0.0,1.0,1.0,0.0,0.0,1.0,0.0,1.0,209.0,118.0,0.55,0.03,0.02,0.0,0.0,0.0,0.0,87324.0
22.0,9.0,231.0,95.0,0.0,1.0,1.0,0.0,0.25,1.0,0.0,0.75,17.0,255.0,1.0,0.0,0.05,0.0,0.01,0.0,0.0,52500.0
22.0,1.0,0.0,0.0,0.0,0.0,1.0,0.0,0.0,1.0,0.0,0.0,10.0,255.0,1.0,0.0,0.1,0.0,0.0,0.98,0.0,23684.0
22.0,9.0,242.0,8723.0,0.0,1.0,1.0,0.0,0.0,1.0,0.0,0.0,99.0,255.0,1.0,0.0,0.03,0.0,0.0,0.0,0.0,15021.0
11.0,9.0,33.0,88.0,0.0,0.0,1.0,0.0,0.0,1.0,0.0,1.0,255.0,250.0,0.98,0.01,0.0,0.0,0.0,0.0,0.0,111407.0
19.0,9.0,965.0,0.0,0.0,1.0,10.0,0.0,0.0,1.0,0.0,0.0,247.0,79.0,0.32,0.02,0.0,0.0,0.0,0.0,0.0,41747.0
22.0,9.0,314.0,1010.0,0.0,1.0,8.0,0.0,0.0,1.0,0.0,0.22,82.0,255.0,1.0,0.0,0.02,0.0,0.0,0.0,0.0,97627.0
18.0,9.0,231.0,768.0,0.0,1.0,1.0,0.0,0.0,1.0,0.0,0.0,213.0,49.0,0.23,0.03,0.0,0.0,0.0,0.02,0.0,124112.0
22.0,9.0,287.0,39431.0,0.0,1.0,4.0,0.0,0.0,1.0,0.0,0.0,9.0,255.0,1.0,0.0,0.01,0.0,0.0,0.0,0.0,13579.0
44.0,9.0,105.0,146.0,0.0,0.0,7.0,0.0,0.0,0.14,0.29,0.0,255.0,242.0,0.95,0.01,0.0,0.0,0.0,0.0,0.0,99309.0
22.0,9.0,0.0,3679.0,0.0,0.0,4.0,0.0,0.0,1.0,0.0,0.0,255.0,255.0,1.0,0.0,0.0,0.0,0.0,0.0,0.0,35140.0
19.0,9.0,192.0,0.0,0.0,1.0,2.0,0.0,0.0,1.0,0.0,0.0,14.0,8.0,0.29,0.14,0.25,0.0,0.0,0.0,0.0,81397.0
22.0,9.0,200.0,4016.0,0.0,1.0,1.0,0.0,0.0,1.0,0.0,0.0,244.0,244.0,1.0,0.0,0.0,0.0,0.0,0.0,0.0,89634.0
22.0,9.0,196.0,2168.0,0.0,1.0,6.0,0.0,0.0,1.0,0.0,0.0,12.0,255.0,1.0,0.0,0.04,0.0,0.0,0.0,0.0,36141.0
22.0,9.0,223.0,3090.0,0.0,1.0,2.0,0.0,0.0,1.0,0.0,0.0,52.0,255.0,1.0,0.0,0.02,0.0,0.0,0.0,0.0,5399.0
22.0,9.0,315.0,2698.0,0.0,1.0,2.0,0.0,0.0,1.0,0.0,0.0,120.0,118.0,0.98,0.02,0.0,0.0,0.0,0.0,0.0,90695.0
22.0,9.0,306.0,2378.0,0.0,1.0,3.0,0.33,0.33,1.0,0.0,0.0,14.0,255.0,1.0,0.0,0.05,0.07,0.01,0.0,0.0,98873.0
22.0,9.0,288.0,499.0,0.0,1.0,23.0,0.0,0.0,1.0,0.0,0.0,84.0,255.0,1.0,0.0,0.02,0.0,0.0,0.0,0.0,21033.0
22.0,9.0,232.0,3550.0,0.0,1.0,25.0,0.04,0.04,1.0,0.0,0.0,255.0,255.0,1.0,0.0,0.0,0.0,0.0,0.0,0.0,67329.0
11.0,9.0,43.0,72.0,0.0,0.0,15.0,0.0,0.0,1.0,0.0,0.02,255.0,254.0,1.0,0.01,0.0,0.0,0.0,0.0,0.0,63306.0
40.0,9.0,146.0,0.0,0.0,0.0,1.0,0.0,0.0,1.0,0.0,0.0,255.0,1.0,0.0,0.83,0.0,0.0,0.0,0.0,0.0,66361.0
18.0,9.0,287.0,892.0,0.0,1.0,3.0,0.0,0.0,0.33,0.67,0.0,138.0,26.0,0.19,0.09,0.0,0.02,0.0,0.0,0.0,24471.0
44.0,9.0,215.0,0.0,0.0,0.0,1.0,0.0,0.0,1.0,0.0,0.0,125.0,109.0,0.87,0.02,0.0,0.0,0.0,0.0,1.0,6168.0
22.0,9.0,286.0,307.0,0.0,1.0,8.0,0.0,0.0,1.0,0.0,0.0,148.0,255.0,1.0,0.0,0.01,0.0,0.0,0.0,0.0,80221.0
22.0,9.0,225.0,406.0,0.0,1.0,2.0,0.0,0.0,1.0,0.0,0.19,255.0,255.0,1.0,0.0,0.0,0.0,0.0,0.0,0.0,88106.0
22.0,9.0,249.0,690.0,0.0,1.0,7.0,0.0,0.0,1.0,0.0,0.12,139.0,255.0,1.0,0.0,0.03,0.0,0.0,0.0,0.0,89851.0
22.0,9.0,274.0,13804.0,0.0,1.0,3.0,0.0,0.0,1.0,0.0,0.0,255.0,255.0,1.0,0.0,0.0,0.0,0.0,0.0,0.0,98681.0
22.0,9.0,186.0,409.0,0.0,1.0,3.0,0.0,0.0,1.0,0.0,0.6,19.0,255.0,1.0,0.0,0.01,0.05,0.0,0.0,0.0,19112.0
11.0,9.0,42.0,42.0,0.0,0.0,8.0,0.0,0.0,1.0,0.0,0.31,5.0,4.0,0.8,0.4,0.0,0.0,0.0,0.0,0.0,100709.0
22.0,9.0,145.0,11974.0,0.0,1.0,1.0,0.0,0.0,1.0,0.0,0.0,237.0,255.0,1.0,0.0,0.01,0.0,0.0,0.0,0.0,97174.0
22.0,9.0,231.0,5541.0,0.0,1.0,2.0,0.0,0.0,1.0,0.0,0.67,32.0,255.0,1.0,0.0,0.04,0.0,0.0,0.0,0.0,78042.0
22.0,9.0,227.0,4393.0,0.0,1.0,1.0,0.0,0.0,1.0,0.0,0.0,71.0,255.0,1.0,0.0,0.02,0.01,0.0,0.0,0.0,77178.0
22.0,9.0,309.0,1958.0,0.0,1.0,6.0,0.0,0.0,1.0,0.0,0.0,6.0,255.0,1.0,0.0,0.04,0.0,0.0,0.0,0.0,11888.0
22.0,2.0,0.0,0.0,0.0,1.0,3.0,0.0,0.0,1.0,0.0,0.0,145.0,255.0,1.0,0.0,0.01,0.0,0.0,0.0,0.0,78446.0
11.0,9.0,43.0,133.0,0.0,0.0,72.0,0.0,0.0,1.0,0.0,0.02,212.0,196.0,0.81,0.01,0.01,0.0,0.0,0.0,0.0,107741.0
11.0,9.0,43.0,134.0,0.0,0.0,53.0,0.0,0.0,1.0,0.0,0.01,111.0,200.0,0.86,0.02,0.01,0.0,0.0,0.0,0.0,71546.0
19.0,9.0,14052.0,0.0,0.0,0.0,18.0,0.0,0.0,1.0,0.0,0.0,151.0,65.0,0.2,0.03,0.03,0.0,0.0,0.0,0.0,93604.0
22.0,9.0,223.0,976.0,0.0,1.0,18.0,0.0,0.0,1.0,0.0,0.0,255.0,255.0,1.0,0.0,0.0,0.0,0.0,0.0,0.0,17183.0
22.0,9.0,261.0,3892.0,0.0,1.0,4.0,0.0,0.0,1.0,0.0,0.0,70.0,255.0,1.0,0.0,0.01,0.0,0.0,0.0,0.0,104567.0
22.0,9.0,360.0,1541.0,0.0,1.0,1.0,0.0,0.0,1.0,0.0,0.33,135.0,255.0,1.0,0.0,0.02,0.0,0.0,0.0,0.0,113847.0
49.0,9.0,1054.0,332.0,0.0,1.0,1.0,0.0,0.0,1.0,0.0,0.0,112.0,203.0,0.82,0.04,0.01,0.0,0.0,0.0,0.0,22096.0
22.0,9.0,368.0,5241.0,0.0,1.0,4.0,0.0,0.0,1.0,0.0,0.0,255.0,255.0,1.0,0.0,0.0,0.0,0.0,0.0,0.0,122426.0
22.0,9.0,54540.0,8314.0,0.0,1.0,2.0,0.0,0.0,1.0,0.0,0.0,111.0,111.0,1.0,0.0,0.0,0.0,0.0,0.01,1.0,84269.0
22.0,9.0,305.0,1075.0,0.0,1.0,5.0,0.0,0.14,1.0,0.0,0.29,255.0,235.0,0.92,0.01,0.0,0.0,0.0,0.0,0.0,61891.0
22.0,9.0,266.0,2424.0,0.0,1.0,1.0,0.0,0.0,1.0,0.0,0.0,255.0,234.0,0.92,0.02,0.0,0.0,0.0,0.0,0.0,108196.0
22.0,9.0,222.0,193.0,0.0,1.0,32.0,0.0,0.0,1.0,0.0,0.0,255.0,255.0,1.0,0.0,0.0,0.0,0.0,0.0,0.0,28378.0
11.0,9.0,46.0,46.0,0.0,0.0,10.0,0.0,0.0,1.0,0.0,0.19,86.0,82.0,0.95,0.02,0.0,0.0,0.0,0.0,0.0,42180.0
22.0,9.0,210.0,484.0,0.0,1.0,1.0,0.0,0.0,1.0,0.0,0.31,59.0,255.0,1.0,0.0,0.01,0.0,0.0,0.0,0.0,86110.0
22.0,9.0,297.0,534.0,0.0,1.0,12.0,0.0,0.0,1.0,0.0,0.0,93.0,255.0,1.0,0.0,0.03,0.0,0.0,0.0,0.0,12477.0
22.0,9.0,298.0,698.0,0.0,1.0,2.0,0.0,0.0,1.0,0.0,0.0,2.0,196.0,1.0,0.0,0.03,0.0,0.01,0.0,0.0,50648.0
22.0,9.0,298.0,2239.0,0.0,1.0,3.0,0.0,0.0,1.0,0.0,0.5,255.0,237.0,0.93,0.02,0.0,0.0,0.0,0.0,0.0,47740.0
22.0,9.0,228.0,10713.0,0.0,1.0,1.0,0.0,0.0,1.0,0.0,0.0,21.0,255.0,1.0,0.0,0.02,0.0,0.0,0.0,0.0,106139.0
44.0,9.0,105.0,146.0,0.0,0.0,2.0,0.0,0.0,1.0,0.0,0.0,255.0,247.0,0.97,0.01,0.0,0.0,0.0,0.0,0.0,26332.0
22.0,9.0,209.0,1965.0,0.0,1.0,30.0,0.0,0.0,1.0,0.0,0.0,255.0,255.0,1.0,0.0,0.0,0.0,0.0,0.32,0.0,5901.0
49.0,9.0,1028.0,326.0,0.0,1.0,1.0,0.0,0.0,1.0,0.0,1.0,184.0,75.0,0.41,0.03,0.0,0.01,0.01,0.0,0.0,46264.0
22.0,9.0,264.0,2055.0,0.0,1.0,35.0,0.0,0.0,1.0,0.0,0.0,255.0,255.0,1.0,0.0,0.0,0.0,0.0,0.0,0.0,24175.0
22.0,9.0,355.0,1421.0,0.0,1.0,3.0,0.0,0.0,1.0,0.0,0.0,3.0,255.0,1.0,0.0,0.04,0.0,0.0,0.0,0.0,71116.0
22.0,9.0,225.0,2193.0,0.0,1.0,3.0,0.0,0.0,1.0,0.0,0.0,108.0,255.0,1.0,0.0,0.05,0.01,0.01,0.01,0.0,78164.0
11.0,9.0,45.0,75.0,0.0,0.0,208.0,0.0,0.0,1.0,0.0,0.01,255.0,217.0,0.85,0.01,0.0,0.0,0.0,0.0,0.0,91734.0
22.0,9.0,293.0,1875.0,0.0,1.0,11.0,0.0,0.0,1.0,0.0,0.0,255.0,255.0,1.0,0.0,0.0,0.0,0.0,0.0,0.0,14112.0
11.0,9.0,44.0,125.0,0.0,0.0,79.0,0.0,0.0,1.0,0.0,0.01,255.0,254.0,1.0,0.01,0.0,0.0,0.0,0.0,0.0,83878.0
22.0,9.0,288.0,833.0,0.0,1.0,9.0,0.0,0.0,1.0,0.0,0.0,9.0,255.0,1.0,0.0,0.05,0.0,0.0,0.0,0.0,80552.0
22.0,9.0,331.0,2526.0,0.0,1.0,11.0,0.0,0.0,1.0,0.0,0.17,255.0,255.0,1.0,0.0,0.0,0.0,0.0,0.0,0.0,54922.0
22.0,9.0,207.0,708.0,0.0,1.0,4.0,0.0,0.0,1.0,0.0,0.0,63.0,255.0,1.0,0.0,0.04,0.0,0.0,0.0,0.0,6558.0
22.0,9.0,222.0,4940.0,0.0,1.0,11.0,0.0,0.0,1.0,0.0,0.0,11.0,255.0,1.0,0.0,0.03,0.0,0.0,0.0,0.0,101682.0
22.0,1.0,0.0,0.0,0.0,0.0,1.0,0.0,0.0,1.0,0.0,0.0,1.0,105.0,1.0,0.0,0.03,0.0,0.0,1.0,0.0,81706.0
40.0,9.0,147.0,105.0,0.0,0.0,5.0,0.0,0.0,0.2,0.6,0.0,68.0,1.0,0.01,0.53,0.0,0.0,0.0,0.0,0.0,84484.0
22.0,9.0,320.0,238.0,0.0,1.0,6.0,0.0,0.0,1.0,0.0,0.29,6.0,255.0,1.0,0.0,0.04,0.0,0.0,0.0,0.0,14817.0
22.0,9.0,247.0,7546.0,0.0,1.0,14.0,0.0,0.0,1.0,0.0,0.0,143.0,255.0,1.0,0.0,0.01,0.0,0.0,0.0,0.0,518.0
22.0,9.0,208.0,2810.0,0.0,1.0,4.0,0.0,0.0,1.0,0.0,0.0,64.0,255.0,1.0,0.0,0.04,0.0,0.0,0.0,0.0,8720.0
17.0,9.0,10.0,272.0,0.0,0.0,1.0,0.0,0.0,1.0,0.0,0.0,64.0,8.0,0.02,0.06,0.25,0.0,0.0,0.0,0.0,101486.0
22.0,1.0,0.0,0.0,0.0,0.0,1.0,0.0,0.0,1.0,0.0,0.0,20.0,254.0,1.0,0.0,0.22,0.0,0.01,0.9,0.0,109626.0
22.0,9.0,214.0,768.0,0.0,1.0,8.0,0.12,0.12,1.0,0.0,0.0,126.0,255.0,1.0,0.0,0.01,0.01,0.0,0.0,0.0,20681.0
13.0,9.0,30.0,0.0,0.0,0.0,2.0,0.0,0.0,0.5,1.0,0.0,255.0,2.0,0.01,0.01,0.0,0.0,0.0,0.0,0.0,72526.0
19.0,9.0,491.0,0.0,0.0,0.0,2.0,0.0,0.0,1.0,0.0,0.0,190.0,68.0,0.26,0.02,0.03,0.0,0.0,0.0,0.0,64086.0
11.0,9.0,45.0,130.0,0.0,0.0,314.0,0.0,0.0,1.0,0.01,0.0,255.0,251.0,0.98,0.01,0.0,0.0,0.0,0.0,0.0,67440.0
19.0,9.0,4753.0,0.0,0.0,0.0,16.0,0.0,0.0,1.0,0.0,0.0,59.0,22.0,0.37,0.08,0.0,0.0,0.0,0.0,0.0,110001.0
49.0,9.0,1546.0,336.0,0.0,1.0,1.0,0.0,0.0,1.0,0.0,1.0,193.0,168.0,0.58,0.02,0.01,0.0,0.0,0.0,0.0,38810.0
49.0,9.0,11836.0,1407.0,0.0,1.0,1.0,0.0,0.0,1.0,0.0,1.0,191.0,99.0,0.52,0.02,0.0,0.0,0.0,0.0,0.0,40761.0
22.0,9.0,329.0,2838.0,0.0,1.0,7.0,0.0,0.0,1.0,0.0,0.0,56.0,255.0,1.0,0.0,0.02,0.0,0.0,0.0,0.0,66190.0
22.0,9.0,220.0,667.0,0.0,1.0,13.0,0.0,0.0,1.0,0.0,0.0,255.0,255.0,1.0,0.0,0.0,0.0,0.0,0.0,0.0,72303.0
22.0,9.0,240.0,2052.0,0.0,1.0,9.0,0.0,0.0,1.0,0.0,0.0,33.0,255.0,1.0,0.0,0.02,0.0,0.0,0.0,0.0,85842.0
22.0,9.0,299.0,13887.0,0.0,1.0,14.0,0.0,0.0,1.0,0.0,0.07,14.0,255.0,1.0,0.0,0.03,0.0,0.0,0.0,0.0,19153.0
22.0,9.0,312.0,2251.0,0.0,1.0,31.0,0.0,0.0,1.0,0.0,0.09,255.0,255.0,1.0,0.0,0.0,0.0,0.0,0.0,0.0,114891.0
40.0,9.0,147.0,105.0,0.0,0.0,2.0,0.0,0.0,1.0,0.0,0.0,255.0,2.0,0.01,0.65,0.0,0.0,0.0,0.0,0.0,81854.0
58.0,9.0,181.0,0.0,0.0,0.0,2.0,0.0,0.0,0.5,1.0,0.0,255.0,29.0,0.11,0.01,0.0,0.0,0.0,0.0,0.0,117071.0
22.0,9.0,287.0,5200.0,0.0,1.0,20.0,0.0,0.0,1.0,0.0,0.0,20.0,255.0,1.0,0.0,0.02,0.0,0.0,0.0,0.0,65359.0
11.0,9.0,45.0,45.0,0.0,0.0,106.0,0.0,0.0,1.0,0.0,0.01,255.0,254.0,1.0,0.01,0.0,0.0,0.0,0.0,0.0,124151.0
40.0,9.0,147.0,105.0,0.0,0.0,1.0,0.0,0.0,1.0,0.0,0.0,255.0,5.0,0.02,0.48,0.0,0.0,0.0,0.0,0.0,40947.0
22.0,9.0,193.0,334.0,0.0,1.0,15.0,0.0,0.0,1.0,0.0,0.22,255.0,255.0,1.0,0.0,0.0,0.0,0.0,0.0,0.0,66666.0
11.0,9.0,44.0,44.0,0.0,0.0,203.0,0.0,0.0,1.0,0.0,0.0,255.0,255.0,1.0,0.0,0.0,0.0,0.0,0.0,0.0,102726.0
11.0,9.0,45.0,81.0,0.0,0.0,222.0,0.0,0.0,1.0,0.0,0.0,255.0,255.0,1.0,0.0,0.0,0.0,0.0,0.0,0.0,119390.0
11.0,9.0,43.0,69.0,0.0,0.0,129.0,0.0,0.0,1.0,0.0,0.0,255.0,180.0,0.71,0.01,0.0,0.0,0.0,0.0,0.0,62054.0
22.0,9.0,210.0,7590.0,0.0,1.0,19.0,0.0,0.0,1.0,0.0,0.0,43.0,255.0,1.0,0.0,0.02,0.0,0.0,0.0,0.0,64762.0
22.0,1.0,0.0,0.0,0.0,0.0,1.0,0.0,0.0,1.0,0.0,0.0,44.0,255.0,1.0,0.0,0.09,0.0,0.0,0.99,0.0,8368.0
11.0,9.0,45.0,45.0,0.0,0.0,113.0,0.0,0.0,0.99,0.02,0.02,255.0,253.0,0.99,0.01,0.0,0.0,0.0,0.0,0.0,12605.0
22.0,9.0,220.0,2853.0,0.0,1.0,7.0,0.0,0.0,1.0,0.0,0.0,7.0,255.0,1.0,0.0,0.03,0.0,0.0,0.0,0.0,67077.0
22.0,9.0,205.0,27264.0,0.0,1.0,2.0,0.0,0.0,1.0,0.0,0.67,15.0,255.0,1.0,0.0,0.02,0.0,0.01,0.0,0.0,11830.0
22.0,9.0,203.0,1792.0,0.0,1.0,32.0,0.0,0.0,1.0,0.0,0.0,32.0,255.0,1.0,0.0,0.02,0.0,0.0,0.0,0.0,9261.0
11.0,9.0,30.0,90.0,0.0,0.0,1.0,0.0,0.0,1.0,0.0,0.0,45.0,197.0,1.0,0.0,0.01,0.0,0.0,0.0,0.0,76709.0
22.0,9.0,273.0,1955.0,0.0,1.0,2.0,0.0,0.0,1.0,0.0,0.67,255.0,255.0,1.0,0.0,0.0,0.0,0.0,0.0,0.0,56997.0
22.0,9.0,225.0,1972.0,0.0,1.0,5.0,0.0,0.0,1.0,0.0,0.21,33.0,255.0,1.0,0.0,0.04,0.0,0.0,0.0,0.0,3619.0
40.0,9.0,147.0,105.0,0.0,0.0,4.0,0.0,0.0,0.5,0.5,0.0,255.0,2.0,0.01,0.13,0.0,0.0,0.0,0.0,0.0,37205.0
22.0,9.0,336.0,5140.0,0.0,1.0,14.0,0.0,0.0,1.0,0.0,0.0,255.0,255.0,1.0,0.0,0.0,0.0,0.0,0.0,0.0,50967.0
22.0,1.0,0.0,0.0,0.0,0.0,1.0,0.0,0.0,1.0,0.0,0.0,255.0,221.0,0.87,0.02,0.0,0.0,0.0,1.0,0.0,74512.0
22.0,9.0,245.0,1571.0,0.0,1.0,16.0,0.0,0.0,1.0,0.0,0.08,16.0,255.0,1.0,0.0,0.02,0.0,0.0,0.0,0.0,73893.0
49.0,9.0,2559.0,336.0,0.0,1.0,1.0,0.0,0.0,1.0,0.0,0.0,209.0,198.0,0.73,0.02,0.01,0.0,0.0,0.0,0.0,100199.0
11.0,9.0,44.0,127.0,0.0,0.0,16.0,0.0,0.0,1.0,0.0,0.0,154.0,91.0,0.59,0.03,0.0,0.0,0.0,0.0,0.0,56649.0
22.0,9.0,291.0,255.0,0.0,1.0,2.0,0.0,0.0,1.0,0.0,0.0,255.0,254.0,1.0,0.01,0.0,0.0,0.0,0.0,0.0,61132.0
11.0,9.0,34.0,50.0,0.0,0.0,3.0,0.0,0.0,1.0,0.0,0.5,255.0,242.0,0.95,0.01,0.0,0.0,0.0,0.0,0.0,26641.0
11.0,9.0,46.0,46.0,0.0,0.0,106.0,0.0,0.0,1.0,0.0,0.0,255.0,200.0,0.78,0.01,0.0,0.0,0.0,0.0,0.0,81564.0
49.0,9.0,2177.0,332.0,0.0,1.0,1.0,0.0,0.0,1.0,0.0,1.0,120.0,102.0,0.3,0.03,0.02,0.0,0.0,0.0,0.0,53605.0
13.0,9.0,30.0,0.0,0.0,0.0,2.0,0.0,0.0,0.5,1.0,0.0,255.0,48.0,0.19,0.01,0.0,0.0,0.0,0.0,0.0,91241.0
22.0,9.0,154.0,3181.0,0.0,1.0,1.0,0.0,0.0,1.0,0.0,0.0,234.0,255.0,1.0,0.0,0.01,0.0,0.0,0.0,0.0,68014.0
22.0,9.0,203.0,475.0,0.0,1.0,1.0,0.0,0.0,1.0,0.0,0.29,132.0,255.0,1.0,0.0,0.08,0.01,0.0,0.51,0.0,86022.0
11.0,9.0,44.0,44.0,0.0,0.0,199.0,0.0,0.0,1.0,0.0,0.0,255.0,255.0,1.0,0.0,0.0,0.0,0.0,0.0,0.0,49140.0
22.0,9.0,230.0,1957.0,0.0,1.0,25.0,0.0,0.0,1.0,0.0,0.0,255.0,255.0,1.0,0.0,0.0,0.0,0.0,0.0,0.0,79568.0
22.0,9.0,331.0,946.0,0.0,1.0,12.0,0.0,0.0,1.0,0.0,0.0,132.0,255.0,1.0,0.0,0.04,0.0,0.0,0.0,0.0,20946.0
22.0,9.0,237.0,3211.0,0.0,1.0,7.0,0.0,0.0,1.0,0.0,0.0,255.0,255.0,1.0,0.0,0.0,0.0,0.0,0.0,0.0,52335.0
22.0,9.0,305.0,45284.0,0.0,1.0,2.0,0.0,0.0,1.0,0.0,0.67,58.0,255.0,1.0,0.0,0.02,0.0,0.0,0.0,0.0,78539.0
55.0,9.0,139.0,2456.0,0.0,1.0,1.0,0.0,0.0,1.0,0.0,0.0,3.0,6.0,0.33,1.0,0.67,0.0,0.0,0.0,0.0,57395.0
19.0,9.0,383.0,0.0,0.0,1.0,2.0,0.0,0.0,1.0,0.0,0.0,73.0,84.0,0.75,0.04,0.02,0.0,0.0,0.0,0.0,53149.0
17.0,9.0,10.0,147.0,0.0,0.0,1.0,0.0,0.0,1.0,0.0,0.0,255.0,63.0,0.25,0.02,0.0,0.99,0.98,0.0,0.0,70516.0
22.0,9.0,203.0,4833.0,0.0,1.0,19.0,0.0,0.0,1.0,0.0,0.0,19.0,255.0,1.0,0.0,0.06,0.0,0.02,0.0,0.0,43646.0
22.0,9.0,195.0,605.0,0.0,1.0,5.0,0.0,0.0,1.0,0.0,0.12,22.0,255.0,1.0,0.0,0.04,0.0,0.0,0.01,0.0,16757.0
22.0,9.0,389.0,824.0,0.0,1.0,6.0,0.0,0.0,1.0,0.0,0.15,46.0,255.0,1.0,0.0,0.01,0.0,0.0,0.0,0.0,21110.0
49.0,9.0,746.0,331.0,0.0,1.0,1.0,0.0,0.0,1.0,0.0,0.0,128.0,181.0,0.8,0.04,0.01,0.0,0.0,0.0,0.0,46342.0
22.0,9.0,213.0,895.0,0.0,1.0,7.0,0.0,0.0,1.0,0.0,0.0,7.0,255.0,1.0,0.0,0.03,0.0,0.0,0.0,0.0,88235.0
22.0,1.0,0.0,0.0,0.0,0.0,1.0,0.0,0.0,1.0,0.0,1.0,27.0,73.0,1.0,0.0,0.1,0.0,0.0,1.0,0.0,59779.0
22.0,9.0,296.0,296.0,0.0,1.0,8.0,0.0,0.0,1.0,0.0,0.0,35.0,145.0,1.0,0.0,0.03,0.0,0.0,0.0,0.0,91213.0
22.0,9.0,263.0,2618.0,0.0,1.0,10.0,0.0,0.0,1.0,0.0,0.12,43.0,255.0,1.0,0.0,0.04,0.0,0.0,0.0,0.0,37235.0
22.0,9.0,335.0,6956.0,0.0,1.0,3.0,0.0,0.0,1.0,0.0,0.12,255.0,255.0,1.0,0.0,0.0,0.0,0.0,0.0,0.0,8040.0
19.0,9.0,5891.0,0.0,0.0,1.0,15.0,0.07,0.07,1.0,0.0,0.0,244.0,74.0,0.3,0.03,0.0,0.02,0.04,0.0,0.0,3706.0
11.0,9.0,44.0,78.0,0.0,0.0,157.0,0.0,0.0,1.0,0.0,0.0,255.0,255.0,1.0,0.0,0.0,0.0,0.0,0.0,0.0,37030.0
22.0,9.0,329.0,19561.0,0.0,1.0,15.0,0.0,0.0,1.0,0.0,0.0,255.0,255.0,1.0,0.0,0.0,0.0,0.0,0.0,0.0,97434.0
19.0,9.0,637.0,0.0,0.0,1.0,5.0,0.0,0.0,1.0,0.0,0.0,217.0,55.0,0.22,0.02,0.04,0.0,0.0,0.0,0.0,38728.0
22.0,9.0,214.0,7483.0,0.0,1.0,10.0,0.0,0.0,1.0,0.0,0.17,28.0,255.0,1.0,0.0,0.02,0.0,0.0,0.0,0.0,27116.0
22.0,1.0,0.0,0.0,0.0,0.0,1.0,0.0,0.0,1.0,0.0,0.0,6.0,255.0,1.0,0.0,0.13,0.0,0.0,0.89,0.0,41970.0
19.0,9.0,14189.0,0.0,0.0,1.0,3.0,0.0,0.0,1.0,0.0,0.0,45.0,41.0,0.2,0.07,0.05,0.0,0.0,0.0,0.0,46769.0
22.0,9.0,194.0,1336.0,0.0,1.0,10.0,0.0,0.0,1.0,0.0,0.0,176.0,255.0,1.0,0.0,0.02,0.0,0.0,0.0,0.0,68132.0
19.0,9.0,7045.0,0.0,0.0,1.0,2.0,0.0,0.0,1.0,0.0,0.0,3.0,36.0,1.0,0.0,0.14,0.0,0.0,0.0,1.0,99378.0
22.0,9.0,191.0,934.0,0.0,1.0,1.0,0.0,0.0,1.0,0.0,0.0,255.0,255.0,1.0,0.0,0.0,0.0,0.0,0.0,0.0,3318.0
22.0,9.0,213.0,659.0,0.0,1.0,18.0,0.0,0.0,1.0,0.0,0.0,255.0,255.0,1.0,0.0,0.0,0.0,0.0,0.0,0.0,28659.0
49.0,9.0,1799.0,409.0,0.0,1.0,1.0,0.0,0.0,1.0,0.0,1.0,149.0,135.0,0.54,0.05,0.01,0.01,0.0,0.0,0.0,106498.0
22.0,9.0,363.0,8677.0,0.0,1.0,2.0,0.0,0.0,1.0,0.0,0.16,3.0,255.0,1.0,0.0,0.06,0.0,0.01,0.0,0.0,36877.0
40.0,9.0,146.0,105.0,0.0,0.0,1.0,0.0,0.0,1.0,0.0,0.0,255.0,1.0,0.0,0.81,0.0,0.0,0.0,0.0,0.0,93921.0
0.0,4.0,1669.0,7532.0,0.0,1.0,2.0,0.0,0.0,0.5,1.0,0.0,169.0,19.0,0.11,0.01,0.0,0.0,0.0,0.79,0.0,98209.0
11.0,9.0,45.0,134.0,0.0,0.0,269.0,0.0,0.0,1.0,0.0,0.0,255.0,251.0,0.98,0.01,0.0,0.0,0.0,0.0,0.0,93571.0
22.0,9.0,241.0,1270.0,0.0,1.0,1.0,0.0,0.0,1.0,0.0,0.4,255.0,255.0,1.0,0.0,0.0,0.01,0.01,0.0,0.0,58226.0
22.0,9.0,317.0,1448.0,0.0,1.0,5.0,0.0,0.0,1.0,0.0,0.0,52.0,255.0,1.0,0.0,0.02,0.0,0.0,0.0,0.0,15570.0
22.0,9.0,237.0,1409.0,0.0,1.0,10.0,0.0,0.0,1.0,0.0,0.25,255.0,255.0,1.0,0.0,0.0,0.0,0.0,0.0,0.0,69397.0
22.0,9.0,317.0,923.0,0.0,1.0,2.0,0.0,0.0,1.0,0.0,0.67,29.0,255.0,1.0,0.0,0.05,0.0,0.0,0.0,0.0,56494.0
19.0,9.0,7196.0,0.0,0.0,1.0,8.0,0.0,0.0,1.0,0.0,0.0,255.0,14.0,0.05,0.8,0.0,0.0,0.0,0.0,0.0,106323.0
49.0,9.0,1496.0,391.0,0.0,1.0,1.0,0.0,0.0,1.0,0.0,0.0,255.0,50.0,0.2,0.07,0.0,0.63,0.0,0.0,0.0,79821.0
11.0,9.0,46.0,137.0,0.0,0.0,67.0,0.0,0.0,0.99,0.03,0.01,255.0,237.0,0.93,0.01,0.0,0.0,0.0,0.0,0.0,120176.0
49.0,9.0,6327.0,331.0,0.0,1.0,1.0,0.0,0.0,1.0,0.0,1.0,78.0,153.0,0.55,0.19,0.01,0.01,0.0,0.0,0.0,70274.0
22.0,9.0,206.0,14017.0,0.0,1.0,14.0,0.0,0.0,1.0,0.0,0.0,255.0,255.0,1.0,0.0,0.0,0.0,0.0,0.0,0.0,118219.0
40.0,9.0,147.0,105.0,0.0,0.0,1.0,0.0,0.0,1.0,0.0,0.0,255.0,1.0,0.0,0.55,0.0,0.0,0.0,0.0,0.0,86065.0
49.0,9.0,802.0,341.0,0.0,1.0,1.0,0.0,0.0,1.0,0.0,0.0,118.0,177.0,0.81,0.03,0.01,0.0,0.0,0.0,0.0,73177.0
40.0,9.0,1766.0,0.0,0.0,1.0,1.0,0.0,0.0,1.0,0.0,0.0,211.0,1.0,0.0,0.04,0.0,0.0,0.0,0.0,0.0,2072.0
22.0,1.0,0.0,0.0,0.0,0.0,1.0,0.0,0.0,1.0,0.0,0.0,65.0,169.0,1.0,0.0,0.04,0.0,0.0,1.0,0.0,23258.0
11.0,9.0,44.0,82.0,0.0,0.0,208.0,0.0,0.0,1.0,0.01,0.01,255.0,254.0,1.0,0.01,0.0,0.0,0.0,0.0,0.0,68075.0
22.0,9.0,314.0,4929.0,0.0,1.0,17.0,0.0,0.0,1.0,0.0,0.11,255.0,255.0,1.0,0.0,0.0,0.0,0.0,0.01,0.0,123760.0
22.0,9.0,194.0,9234.0,0.0,1.0,2.0,0.0,0.0,1.0,0.0,0.0,27.0,255.0,1.0,0.0,0.05,0.0,0.0,0.0,0.0,113680.0
49.0,9.0,1385.0,327.0,0.0,1.0,1.0,0.0,0.0,1.0,0.0,1.0,55.0,147.0,0.75,0.07,0.02,0.02,0.01,0.0,0.0,58547.0
22.0,9.0,256.0,2148.0,0.0,1.0,3.0,0.0,0.0,1.0,0.0,0.0,255.0,251.0,0.98,0.01,0.0,0.0,0.0,0.0,0.0,86266.0
22.0,9.0,157.0,3435.0,0.0,1.0,2.0,0.0,0.0,1.0,0.0,0.0,2.0,2.0,1.0,0.0,0.0,0.0,0.0,0.0,0.0,71265.0
22.0,9.0,313.0,29165.0,0.0,1.0,1.0,0.0,0.0,1.0,0.0,1.0,1.0,255.0,1.0,0.0,0.04,0.0,0.0,0.0,0.0,84205.0
22.0,9.0,317.0,1484.0,0.0,1.0,10.0,0.0,0.0,1.0,0.0,0.0,84.0,255.0,1.0,0.0,0.02,0.01,0.02,0.0,0.0,115914.0
22.0,9.0,220.0,295.0,0.0,1.0,3.0,0.0,0.0,1.0,0.0,0.0,3.0,255.0,1.0,0.0,0.04,0.0,0.0,0.0,0.0,57514.0
58.0,9.0,128.0,0.0,0.0,0.0,6.0,0.0,0.0,0.17,0.33,0.0,157.0,19.0,0.11,0.03,0.11,0.0,0.0,0.0,0.0,75027.0
22.0,9.0,243.0,1226.0,0.0,1.0,12.0,0.0,0.0,1.0,0.0,0.0,144.0,255.0,1.0,0.0,0.02,0.0,0.0,0.0,0.0,24110.0
19.0,9.0,884.0,0.0,0.0,0.0,2.0,0.0,0.0,1.0,0.0,0.0,46.0,76.0,0.13,0.09,0.03,0.0,0.0,0.0,0.0,9093.0
22.0,9.0,208.0,3285.0,0.0,1.0,20.0,0.0,0.0,1.0,0.0,0.1,20.0,255.0,1.0,0.0,0.07,0.0,0.0,0.0,0.0,120037.0
22.0,9.0,159.0,15808.0,0.0,1.0,1.0,0.0,0.0,1.0,0.0,0.17,1.0,255.0,1.0,0.0,0.05,0.0,0.01,0.0,0.0,67038.0
18.0,9.0,338.0,1072.0,0.0,1.0,1.0,0.0,0.0,1.0,0.0,0.0,32.0,5.0,0.16,0.06,0.0,0.0,0.0,0.0,0.0,63581.0
40.0,9.0,146.0,105.0,0.0,0.0,2.0,0.0,0.0,0.5,1.0,0.0,255.0,2.0,0.01,0.42,0.0,0.0,0.0,0.0,0.0,76251.0
49.0,9.0,1629.0,331.0,0.0,1.0,1.0,0.0,0.0,1.0,0.0,1.0,103.0,195.0,0.69,0.04,0.01,0.0,0.0,0.0,0.0,13774.0
11.0,9.0,46.0,77.0,0.0,0.0,160.0,0.0,0.0,1.0,0.0,0.0,255.0,249.0,0.98,0.01,0.0,0.0,0.0,0.0,0.0,22039.0
18.0,9.0,248.0,781.0,0.0,1.0,1.0,0.0,0.0,1.0,0.0,0.0,233.0,26.0,0.11,0.03,0.0,0.0,0.0,0.0,0.0,72098.0
22.0,9.0,213.0,24436.0,0.0,1.0,2.0,0.0,0.0,1.0,0.0,0.0,40.0,255.0,1.0,0.0,0.02,0.0,0.0,0.0,0.0,124130.0
22.0,9.0,316.0,3451.0,0.0,1.0,5.0,0.0,0.0,1.0,0.0,0.0,232.0,255.0,1.0,0.0,0.02,0.0,0.0,0.0,0.0,81776.0
22.0,9.0,210.0,181.0,0.0,1.0,7.0,0.0,0.0,1.0,0.0,0.15,255.0,255.0,1.0,0.0,0.0,0.0,0.0,0.0,0.0,83204.0
11.0,9.0,44.0,82.0,0.0,0.0,214.0,0.0,0.0,1.0,0.0,0.01,255.0,254.0,1.0,0.01,0.0,0.0,0.0,0.0,0.0,58372.0
22.0,9.0,299.0,3260.0,0.0,1.0,1.0,0.0,0.0,1.0,0.0,0.0,13.0,255.0,1.0,0.0,0.04,0.0,0.01,0.0,0.0,105287.0
22.0,9.0,202.0,6546.0,0.0,1.0,7.0,0.0,0.0,1.0,0.0,0.0,40.0,255.0,1.0,0.0,0.03,0.0,0.0,0.0,0.0,19927.0
22.0,1.0,0.0,0.0,0.0,0.0,1.0,0.0,0.0,1.0,0.0,0.0,23.0,121.0,1.0,0.0,0.02,0.0,0.0,0.19,0.0,13388.0
22.0,9.0,206.0,12642.0,0.0,1.0,4.0,0.0,0.0,1.0,0.0,0.0,10.0,255.0,1.0,0.0,0.09,0.0,0.0,0.0,0.0,974.0
49.0,9.0,696.0,330.0,0.0,1.0,1.0,0.0,0.0,1.0,0.0,1.0,255.0,126.0,0.49,0.02,0.0,0.0,0.0,0.0,0.0,104432.0
11.0,9.0,34.0,0.0,0.0,0.0,1.0,0.0,0.0,1.0,0.0,1.0,223.0,17.0,0.08,0.09,0.0,0.01,0.0,0.0,0.0,79289.0
22.0,9.0,334.0,1721.0,0.0,1.0,8.0,0.0,0.0,1.0,0.0,0.3,255.0,255.0,1.0,0.0,0.0,0.0,0.0,0.0,0.0,40105.0
22.0,9.0,294.0,1536.0,0.0,1.0,11.0,0.0,0.0,1.0,0.0,0.0,144.0,255.0,1.0,0.0,0.03,0.0,0.0,0.0,0.0,16309.0
11.0,9.0,44.0,125.0,0.0,0.0,65.0,0.0,0.0,1.0,0.0,0.01,241.0,121.0,0.5,0.02,0.0,0.0,0.0,0.0,0.0,101801.0
22.0,9.0,319.0,1528.0,0.0,1.0,2.0,0.0,0.0,1.0,0.0,0.0,16.0,234.0,1.0,0.0,0.02,0.0,0.0,0.0,0.0,113050.0
22.0,9.0,477.0,6614.0,0.0,1.0,13.0,0.0,0.0,1.0,0.0,0.0,189.0,255.0,1.0,0.0,0.03,0.0,0.0,0.0,0.0,55236.0
18.0,9.0,1018.0,2197.0,0.0,1.0,1.0,0.0,0.0,1.0,0.0,0.0,255.0,9.0,0.04,0.02,0.0,0.18,0.0,0.0,1.0,50571.0
40.0,9.0,146.0,105.0,0.0,0.0,1.0,0.0,0.0,1.0,0.0,0.0,255.0,1.0,0.0,0.71,0.0,0.0,0.0,0.0,0.0,94840.0
22.0,9.0,299.0,12615.0,0.0,1.0,45.0,0.0,0.0,1.0,0.0,0.04,255.0,255.0,1.0,0.0,0.0,0.0,0.0,0.0,0.0,82105.0
49.0,9.0,1255.0,332.0,0.0,1.0,1.0,0.0,0.0,1.0,0.0,0.0,159.0,190.0,0.7,0.06,0.01,0.01,0.0,0.0,0.0,107029.0
22.0,9.0,369.0,2120.0,0.0,1.0,10.0,0.0,0.0,1.0,0.0,0.2,100.0,255.0,1.0,0.0,0.03,0.0,0.0,0.0,0.0,26145.0
22.0,9.0,355.0,768.0,0.0,1.0,43.0,0.0,0.0,1.0,0.0,0.0,163.0,255.0,1.0,0.0,0.01,0.0,0.0,0.05,0.0,40509.0
22.0,9.0,304.0,310.0,0.0,1.0,1.0,0.0,0.0,1.0,0.0,1.0,1.0,2.0,1.0,0.0,1.0,0.0,0.0,0.0,0.0,87150.0
14.0,9.0,30.0,0.0,0.0,0.0,1.0,0.0,0.0,1.0,0.0,0.0,166.0,166.0,1.0,0.0,0.0,0.0,0.0,0.0,0.0,93851.0
22.0,9.0,234.0,8139.0,0.0,1.0,5.0,0.0,0.0,1.0,0.0,0.0,255.0,255.0,1.0,0.0,0.0,0.0,0.0,0.01,0.0,11761.0
22.0,9.0,289.0,810.0,0.0,1.0,8.0,0.0,0.0,1.0,0.0,0.0,255.0,255.0,1.0,0.0,0.0,0.0,0.0,0.0,0.0,111460.0
19.0,9.0,1699.0,0.0,0.0,1.0,3.0,0.0,0.0,1.0,0.0,0.0,133.0,84.0,0.49,0.04,0.02,0.0,0.0,0.0,0.0,51311.0
49.0,9.0,1303.0,330.0,0.0,1.0,1.0,0.0,0.0,1.0,0.0,0.0,182.0,87.0,0.48,0.03,0.0,0.01,0.0,0.0,0.0,34567.0
11.0,9.0,46.0,129.0,0.0,0.0,87.0,0.0,0.0,1.0,0.0,0.01,255.0,254.0,1.0,0.01,0.0,0.0,0.0,0.0,0.0,73463.0
22.0,1.0,0.0,0.0,0.0,0.0,1.0,0.0,0.0,1.0,0.0,0.0,113.0,249.0,1.0,0.0,0.1,0.0,0.0,0.7,0.0,5509.0
22.0,9.0,293.0,5093.0,0.0,1.0,24.0,0.04,0.04,1.0,0.0,0.12,156.0,255.0,1.0,0.0,0.02,0.01,0.01,0.0,0.0,18566.0
22.0,1.0,0.0,0.0,0.0,0.0,16.0,0.0,0.0,1.0,0.0,0.0,34.0,114.0,1.0,0.0,0.18,0.0,0.0,0.96,0.0,71176.0
1.0,9.0,80.0,240.0,0.0,0.0,2.0,0.0,0.0,1.0,0.0,0.0,47.0,6.0,0.13,0.13,0.0,0.0,0.0,0.0,0.0,50361.0
22.0,9.0,369.0,294.0,0.0,1.0,8.0,0.0,0.0,1.0,0.0,0.0,71.0,231.0,1.0,0.0,0.19,0.0,0.0,0.72,0.0,43812.0
17.0,5.0,0.0,0.0,0.0,0.0,1.0,1.0,1.0,1.0,0.0,0.0,1.0,8.0,1.0,0.0,0.25,1.0,0.12,0.0,1.0,89411.0
19.0,9.0,3468.0,0.0,0.0,0.0,23.0,0.0,0.0,1.0,0.0,0.0,163.0,73.0,0.45,0.02,0.0,0.0,0.0,0.0,0.0,115072.0
11.0,9.0,35.0,91.0,0.0,0.0,1.0,0.0,0.0,1.0,0.0,1.0,255.0,245.0,0.96,0.01,0.0,0.0,0.0,0.0,0.0,17068.0
49.0,9.0,1523.0,328.0,0.0,1.0,2.0,0.0,0.0,0.5,1.0,1.0,14.0,152.0,0.71,0.21,0.01,0.0,0.0,0.0,0.0,109778.0
22.0,7.0,305.0,2240.0,0.0,0.0,2.0,0.5,0.5,1.0,0.0,0.0,255.0,248.0,0.97,0.01,0.0,0.01,0.01,0.0,0.0,32334.0
22.0,9.0,232.0,1075.0,0.0,1.0,7.0,0.0,0.0,1.0,0.0,0.0,255.0,254.0,1.0,0.01,0.0,0.0,0.0,0.0,0.0,43139.0
44.0,9.0,105.0,146.0,0.0,0.0,4.0,0.0,0.0,0.25,0.5,0.0,255.0,229.0,0.9,0.01,0.0,0.0,0.0,0.0,0.0,25471.0
22.0,9.0,180.0,36668.0,0.0,1.0,1.0,0.0,0.0,1.0,0.0,0.0,141.0,255.0,1.0,0.0,0.01,0.0,0.0,0.0,0.0,19463.0
19.0,9.0,12.0,0.0,0.0,1.0,1.0,0.0,0.0,1.0,0.0,0.0,79.0,24.0,0.3,0.05,0.0,0.0,0.0,0.0,0.0,970.0
55.0,9.0,4086.0,26845.0,0.0,1.0,1.0,0.0,0.0,1.0,0.0,0.0,255.0,11.0,0.04,0.07,0.0,0.77,0.09,0.0,0.0,111900.0
49.0,9.0,1727.0,333.0,0.0,1.0,1.0,0.0,0.0,1.0,0.0,1.0,152.0,110.0,0.72,0.03,0.0,0.0,0.0,0.0,0.0,85552.0
40.0,9.0,147.0,105.0,0.0,0.0,1.0,0.0,0.0,1.0,0.0,0.0,42.0,1.0,0.02,0.67,0.0,0.0,0.0,0.0,0.0,67835.0
49.0,9.0,1557.0,335.0,0.0,1.0,2.0,0.0,0.0,1.0,0.0,0.67,231.0,143.0,0.52,0.02,0.01,0.0,0.0,0.0,0.0,122464.0
11.0,9.0,45.0,125.0,0.0,0.0,142.0,0.0,0.0,0.99,0.01,0.0,255.0,254.0,1.0,0.01,0.0,0.0,0.0,0.0,0.0,125749.0
22.0,9.0,305.0,633.0,0.0,1.0,1.0,0.0,0.0,1.0,0.0,1.0,184.0,255.0,1.0,0.0,0.04,0.0,0.0,0.0,0.0,84801.0
49.0,9.0,1995.0,383.0,0.0,1.0,1.0,0.0,0.0,1.0,0.0,0.0,255.0,30.0,0.12,0.02,0.0,0.8,0.0,0.0,0.0,31331.0
22.0,7.0,291.0,30696.0,0.0,1.0,3.0,0.33,0.33,1.0,0.0,0.0,3.0,255.0,1.0,0.0,0.05,0.33,0.0,0.0,0.0,56694.0
19.0,9.0,10261.0,0.0,0.0,0.0,1.0,0.0,0.0,1.0,0.0,0.0,1.0,88.0,1.0,0.0,0.02,0.0,0.0,0.0,0.0,90079.0
22.0,9.0,241.0,2017.0,0.0,1.0,7.0,0.0,0.0,1.0,0.0,0.0,255.0,255.0,1.0,0.0,0.0,0.0,0.0,0.0,0.0,115321.0
22.0,9.0,300.0,1451.0,0.0,1.0,6.0,0.0,0.0,1.0,0.0,0.29,30.0,255.0,1.0,0.0,0.03,0.03,0.0,0.0,0.0,118136.0
22.0,9.0,206.0,1214.0,0.0,1.0,16.0,0.0,0.0,1.0,0.0,0.07,255.0,255.0,1.0,0.0,0.0,0.0,0.0,0.0,0.0,17494.0
40.0,9.0,147.0,105.0,0.0,0.0,1.0,0.0,0.0,1.0,0.0,0.0,255.0,3.0,0.01,0.63,0.0,0.0,0.0,0.0,0.0,112528.0
22.0,9.0,210.0,1425.0,0.0,1.0,10.0,0.0,0.0,1.0,0.0,0.0,65.0,255.0,1.0,0.0,0.04,0.0,0.0,0.0,0.0,869.0
22.0,9.0,224.0,347.0,0.0,1.0,1.0,0.0,0.0,1.0,0.0,0.0,8.0,255.0,1.0,0.0,0.03,0.0,0.0,0.0,0.0,74494.0
49.0,9.0,1187.0,363.0,0.0,1.0,1.0,0.0,0.0,1.0,0.0,0.0,19.0,191.0,0.68,0.11,0.02,0.0,0.0,0.0,0.0,63583.0
11.0,9.0,45.0,131.0,0.0,0.0,131.0,0.0,0.0,1.0,0.0,0.01,255.0,206.0,0.81,0.01,0.0,0.0,0.0,0.0,0.0,48450.0
22.0,9.0,267.0,6191.0,0.0,1.0,2.0,0.0,0.0,1.0,0.0,0.0,49.0,255.0,1.0,0.0,0.01,0.0,0.0,0.0,0.0,65172.0
22.0,9.0,206.0,313.0,0.0,1.0,27.0,0.0,0.0,1.0,0.0,0.08,255.0,255.0,1.0,0.0,0.0,0.0,0.0,0.0,0.0,82785.0
19.0,9.0,567.0,0.0,0.0,1.0,1.0,0.0,0.0,1.0,0.0,0.0,205.0,53.0,0.26,0.03,0.0,0.0,0.0,0.0,0.0,102929.0
22.0,9.0,274.0,6874.0,0.0,1.0,1.0,0.0,0.0,1.0,0.0,0.17,31.0,255.0,1.0,0.0,0.02,0.0,0.0,0.0,0.0,119458.0
40.0,9.0,8325.0,0.0,0.0,1.0,23.0,0.04,0.0,0.04,0.39,0.0,70.0,1.0,0.01,0.16,0.0,0.01,0.0,0.0,0.0,100616.0
19.0,9.0,10272.0,0.0,0.0,1.0,11.0,0.0,0.0,1.0,0.0,0.0,255.0,78.0,0.31,0.04,0.0,0.0,0.01,0.0,0.0,41987.0
22.0,9.0,259.0,14271.0,0.0,1.0,1.0,0.0,0.0,1.0,0.0,0.18,1.0,255.0,1.0,0.0,0.01,0.0,0.0,0.0,0.0,34668.0
40.0,9.0,146.0,105.0,0.0,0.0,1.0,0.0,0.0,1.0,0.0,0.0,138.0,1.0,0.01,0.65,0.0,0.0,0.0,0.0,0.0,15679.0
11.0,9.0,44.0,44.0,0.0,0.0,8.0,0.0,0.0,0.12,0.25,0.25,55.0,53.0,0.96,0.04,0.0,0.0,0.0,0.0,0.0,33462.0
11.0,9.0,45.0,77.0,0.0,0.0,189.0,0.0,0.0,0.99,0.01,0.01,255.0,254.0,1.0,0.01,0.0,0.0,0.0,0.0,0.0,77909.0
19.0,9.0,383.0,0.0,0.0,1.0,2.0,0.0,0.0,1.0,0.0,0.0,255.0,102.0,0.4,0.03,0.0,0.01,0.01,0.0,0.0,8391.0
22.0,9.0,218.0,480.0,0.0,1.0,2.0,0.0,0.0,1.0,0.0,0.0,5.0,255.0,1.0,0.0,0.04,0.0,0.0,0.0,0.0,9361.0
22.0,1.0,0.0,0.0,0.0,0.0,1.0,0.0,0.0,1.0,0.0,0.0,14.0,205.0,1.0,0.0,0.16,0.0,0.0,0.98,0.0,80339.0
49.0,9.0,1538.0,332.0,0.0,1.0,1.0,0.0,0.0,1.0,0.0,0.0,15.0,230.0,0.93,0.13,0.01,0.0,0.0,0.0,0.0,72544.0
22.0,9.0,209.0,5875.0,0.0,1.0,1.0,0.0,0.0,1.0,0.0,0.0,1.0,255.0,1.0,0.0,0.03,0.0,0.0,0.0,0.0,7828.0
22.0,9.0,295.0,2888.0,0.0,1.0,32.0,0.0,0.0,1.0,0.0,0.0,73.0,255.0,1.0,0.0,0.04,0.0,0.01,0.0,0.0,39288.0
22.0,9.0,338.0,256.0,0.0,1.0,5.0,0.0,0.0,1.0,0.0,0.17,150.0,255.0,1.0,0.0,0.02,0.0,0.0,0.0,0.0,15678.0
49.0,9.0,1193.0,370.0,0.0,1.0,1.0,0.0,0.0,1.0,0.0,0.0,179.0,167.0,0.61,0.03,0.01,0.01,0.01,0.0,0.0,29816.0
11.0,9.0,43.0,130.0,0.0,0.0,70.0,0.0,0.0,1.0,0.0,0.01,255.0,255.0,1.0,0.0,0.0,0.0,0.0,0.0,0.0,32969.0
22.0,5.0,0.0,0.0,0.0,0.0,1.0,1.0,1.0,1.0,0.0,0.0,134.0,255.0,1.0,0.0,0.05,0.01,0.01,0.99,0.0,48838.0
11.0,9.0,45.0,133.0,0.0,0.0,191.0,0.0,0.0,0.99,0.01,0.0,80.0,47.0,0.59,0.03,0.0,0.0,0.0,0.0,0.0,112698.0
14.0,9.0,30.0,0.0,0.0,0.0,2.0,0.0,0.0,1.0,0.0,0.0,161.0,161.0,1.0,0.0,0.0,0.0,0.0,0.0,0.0,48329.0
22.0,9.0,345.0,5645.0,0.0,1.0,16.0,0.0,0.0,1.0,0.0,0.0,255.0,255.0,1.0,0.0,0.0,0.0,0.0,0.0,0.0,54798.0
22.0,9.0,233.0,2571.0,0.0,1.0,6.0,0.0,0.0,1.0,0.0,0.0,125.0,255.0,1.0,0.0,0.03,0.0,0.0,0.0,0.0,95397.0
22.0,9.0,295.0,6892.0,0.0,1.0,1.0,0.0,0.0,1.0,0.0,0.0,5.0,255.0,1.0,0.0,0.04,0.0,0.01,0.0,0.0,20768.0
55.0,2.0,0.0,15.0,0.0,0.0,1.0,0.0,0.0,1.0,0.0,0.0,255.0,2.0,0.01,0.04,0.0,0.0,0.0,1.0,0.0,90331.0
11.0,9.0,46.0,135.0,0.0,0.0,67.0,0.0,0.0,1.0,0.0,0.01,255.0,254.0,1.0,0.01,0.0,0.0,0.0,0.0,0.0,105289.0
22.0,9.0,281.0,2973.0,0.0,1.0,7.0,0.0,0.0,1.0,0.0,0.0,29.0,255.0,1.0,0.0,0.05,0.0,0.0,0.0,0.0,85874.0
49.0,9.0,3128.0,371.0,0.0,1.0,1.0,0.0,0.0,1.0,0.0,0.0,29.0,118.0,0.79,0.1,0.02,0.0,0.0,0.0,0.0,38424.0
22.0,9.0,311.0,932.0,0.0,1.0,15.0,0.0,0.0,1.0,0.0,0.08,15.0,255.0,1.0,0.0,0.02,0.0,0.0,0.0,0.0,91625.0
22.0,9.0,231.0,2239.0,0.0,1.0,5.0,0.0,0.0,1.0,0.0,0.0,255.0,255.0,1.0,0.0,0.0,0.0,0.0,0.0,0.0,92011.0
11.0,9.0,44.0,44.0,0.0,0.0,83.0,0.0,0.0,0.99,0.02,0.01,255.0,254.0,1.0,0.01,0.0,0.0,0.0,0.0,0.0,78008.0
22.0,9.0,299.0,4046.0,0.0,1.0,1.0,0.0,0.0,1.0,0.0,0.0,74.0,255.0,1.0,0.0,0.02,0.05,0.02,0.0,0.0,18282.0
44.0,9.0,100.0,0.0,0.0,0.0,1.0,0.0,0.0,1.0,0.0,0.0,227.0,37.0,0.16,0.01,0.0,0.0,0.0,0.0,1.0,11541.0
22.0,1.0,0.0,0.0,0.0,0.0,1.0,0.0,0.0,1.0,0.0,1.0,192.0,255.0,1.0,0.0,0.06,0.0,0.0,0.53,0.0,24980.0
22.0,9.0,239.0,771.0,0.0,1.0,16.0,0.0,0.0,1.0,0.0,0.0,255.0,255.0,1.0,0.0,0.0,0.0,0.0,0.0,0.0,40526.0
22.0,9.0,323.0,4374.0,0.0,1.0,4.0,0.0,0.0,1.0,0.0,0.25,5.0,255.0,1.0,0.0,0.03,0.0,0.0,0.0,0.0,14395.0
22.0,1.0,0.0,0.0,0.0,0.0,1.0,0.0,0.0,1.0,0.0,0.67,19.0,255.0,1.0,0.0,0.03,0.0,0.02,0.04,0.0,56653.0
22.0,9.0,211.0,24572.0,0.0,1.0,4.0,0.25,0.25,1.0,0.0,0.0,255.0,255.0,1.0,0.0,0.0,0.0,0.0,0.0,0.0,117602.0
22.0,9.0,337.0,557.0,0.0,1.0,10.0,0.0,0.0,1.0,0.0,0.0,10.0,255.0,1.0,0.0,0.04,0.0,0.0,0.0,0.0,61205.0
22.0,9.0,294.0,560.0,0.0,1.0,1.0,0.0,0.0,1.0,0.0,0.0,3.0,255.0,1.0,0.0,0.04,0.33,0.0,0.0,0.0,55342.0
22.0,9.0,308.0,11283.0,0.0,1.0,26.0,0.0,0.0,1.0,0.0,0.0,152.0,255.0,1.0,0.0,0.03,0.0,0.0,0.0,0.0,72647.0
19.0,9.0,607.0,0.0,0.0,1.0,2.0,0.0,0.0,1.0,0.0,0.0,38.0,94.0,0.76,0.05,0.02,0.03,0.01,0.0,0.0,25680.0
11.0,9.0,43.0,76.0,0.0,0.0,4.0,0.0,0.0,1.0,0.0,0.0,255.0,251.0,0.98,0.01,0.0,0.0,0.0,0.0,0.0,4069.0
22.0,9.0,323.0,280.0,0.0,1.0,8.0,0.0,0.0,1.0,0.0,0.0,8.0,255.0,1.0,0.0,0.02,0.0,0.0,0.0,0.0,72534.0
14.0,9.0,520.0,0.0,0.0,0.0,4.0,0.0,0.0,1.0,0.0,0.0,255.0,255.0,1.0,0.0,0.0,0.0,0.0,0.0,1.0,62668.0
22.0,9.0,298.0,5336.0,0.0,1.0,16.0,0.0,0.0,1.0,0.0,0.0,110.0,255.0,1.0,0.0,0.01,0.0,0.0,0.0,0.0,74368.0
22.0,9.0,333.0,1819.0,0.0,1.0,39.0,0.0,0.0,1.0,0.0,0.0,255.0,255.0,1.0,0.0,0.0,0.0,0.0,0.0,0.0,30850.0
18.0,9.0,60.0,189.0,0.0,0.0,1.0,0.0,0.0,1.0,0.0,0.0,28.0,9.0,0.32,0.14,0.0,0.0,0.0,0.0,0.0,84831.0
19.0,9.0,960.0,0.0,0.0,1.0,2.0,0.0,0.0,1.0,0.0,0.0,100.0,25.0,0.21,0.28,0.08,0.0,0.0,0.0,0.0,15353.0
22.0,9.0,295.0,39195.0,0.0,1.0,2.0,0.0,0.0,1.0,0.0,0.2,2.0,255.0,1.0,0.0,0.04,0.0,0.0,0.0,0.0,71952.0
22.0,9.0,229.0,2239.0,0.0,1.0,1.0,0.0,0.0,1.0,0.0,0.0,255.0,246.0,0.96,0.01,0.0,0.0,0.0,0.0,0.0,102864.0
22.0,9.0,247.0,765.0,0.0,1.0,9.0,0.0,0.0,1.0,0.0,0.13,173.0,255.0,1.0,0.0,0.02,0.0,0.0,0.0,0.0,79126.0
22.0,9.0,231.0,2698.0,0.0,1.0,3.0,0.0,0.0,1.0,0.0,0.5,255.0,253.0,0.99,0.01,0.0,0.0,0.0,0.04,0.0,70307.0
22.0,6.0,196.0,29200.0,0.0,1.0,3.0,0.33,0.33,1.0,0.0,0.0,127.0,255.0,1.0,0.0,0.03,0.02,0.01,0.0,0.0,88989.0
11.0,9.0,44.0,75.0,0.0,0.0,201.0,0.0,0.0,1.0,0.0,0.0,255.0,254.0,1.0,0.01,0.0,0.0,0.0,0.0,0.0,48721.0
40.0,9.0,146.0,105.0,0.0,0.0,4.0,0.0,0.0,0.25,0.75,0.0,64.0,1.0,0.02,0.52,0.0,0.0,0.0,0.0,0.0,122913.0
22.0,9.0,222.0,998.0,0.0,1.0,6.0,0.0,0.0,1.0,0.0,0.22,255.0,255.0,1.0,0.0,0.0,0.0,0.0,0.0,0.0,84218.0
22.0,9.0,195.0,24572.0,0.0,1.0,1.0,0.0,0.0,1.0,0.0,0.0,255.0,255.0,1.0,0.0,0.0,0.0,0.0,0.0,0.0,43332.0
22.0,9.0,230.0,299.0,0.0,1.0,10.0,0.0,0.0,1.0,0.0,0.0,255.0,255.0,1.0,0.0,0.0,0.0,0.0,0.0,0.0,34706.0
18.0,9.0,1468.0,4152.0,0.0,1.0,1.0,0.0,0.0,1.0,0.0,0.0,9.0,5.0,0.56,0.33,0.0,0.0,0.0,0.0,0.0,117078.0
55.0,9.0,3131.0,45415.0,0.0,1.0,1.0,0.0,0.0,1.0,0.0,0.0,100.0,10.0,0.09,0.72,0.2,0.01,0.1,0.2,0.0,46981.0
22.0,9.0,229.0,18529.0,0.0,1.0,17.0,0.0,0.0,1.0,0.0,0.12,59.0,87.0,1.0,0.0,0.03,0.0,0.0,0.0,0.0,42549.0
22.0,9.0,247.0,3040.0,0.0,1.0,2.0,0.0,0.0,1.0,0.0,0.21,50.0,255.0,1.0,0.0,0.02,0.0,0.0,0.0,0.0,80562.0
19.0,9.0,10389.0,0.0,0.0,1.0,3.0,0.0,0.0,1.0,0.0,0.0,168.0,30.0,0.18,0.04,0.0,0.0,0.0,0.0,0.0,19120.0
22.0,9.0,322.0,1215.0,0.0,1.0,10.0,0.0,0.0,1.0,0.0,0.25,27.0,255.0,1.0,0.0,0.05,0.0,0.0,0.0,0.0,94804.0
11.0,9.0,45.0,71.0,0.0,0.0,142.0,0.0,0.0,0.99,0.01,0.01,255.0,255.0,1.0,0.0,0.0,0.0,0.0,0.0,0.0,53811.0
19.0,9.0,567.0,0.0,0.0,1.0,1.0,0.0,0.0,1.0,0.0,0.0,44.0,102.0,0.16,0.14,0.03,0.0,0.0,0.0,0.0,20323.0
11.0,9.0,45.0,75.0,0.0,0.0,138.0,0.0,0.0,1.0,0.0,0.02,255.0,230.0,0.9,0.01,0.0,0.0,0.0,0.0,0.0,94094.0
22.0,9.0,319.0,498.0,0.0,1.0,3.0,0.0,0.0,1.0,0.0,0.0,255.0,255.0,1.0,0.0,0.0,0.0,0.0,0.0,0.0,12829.0
49.0,9.0,3081.0,334.0,0.0,1.0,1.0,0.0,0.0,1.0,0.0,0.0,4.0,174.0,0.75,0.5,0.01,0.0,0.0,0.0,0.0,19828.0
22.0,9.0,200.0,626.0,0.0,1.0,18.0,0.0,0.0,1.0,0.0,0.0,33.0,255.0,1.0,0.0,0.03,0.0,0.0,0.0,0.0,15613.0
11.0,9.0,45.0,81.0,0.0,0.0,125.0,0.0,0.0,1.0,0.0,0.0,255.0,254.0,1.0,0.01,0.0,0.0,0.0,0.0,0.0,14640.0
49.0,5.0,0.0,0.0,0.0,0.0,2.0,0.5,0.5,1.0,0.0,0.0,128.0,118.0,0.39,0.05,0.02,0.02,0.02,0.01,0.0,114678.0
18.0,9.0,1211.0,2449.0,0.0,1.0,1.0,0.0,0.0,1.0,0.0,0.0,232.0,60.0,0.26,0.02,0.0,0.0,0.0,0.0,1.0,18585.0
22.0,9.0,234.0,756.0,0.0,1.0,2.0,0.0,0.0,1.0,0.0,0.0,170.0,255.0,1.0,0.0,0.01,0.0,0.0,0.06,0.0,51358.0
49.0,9.0,952.0,325.0,0.0,1.0,1.0,0.0,0.0,1.0,0.0,1.0,187.0,158.0,0.63,0.02,0.01,0.0,0.0,0.0,0.0,1700.0
18.0,9.0,1041.0,3081.0,0.0,1.0,1.0,0.0,0.0,1.0,0.0,0.0,255.0,60.0,0.24,0.03,0.0,0.0,0.0,0.0,0.0,50694.0
11.0,9.0,45.0,76.0,0.0,0.0,130.0,0.0,0.0,1.0,0.0,0.0,255.0,181.0,0.71,0.01,0.0,0.0,0.0,0.0,0.0,28057.0
11.0,9.0,46.0,46.0,0.0,0.0,143.0,0.0,0.0,1.0,0.0,0.0,255.0,202.0,0.79,0.01,0.0,0.0,0.0,0.0,0.0,48023.0
49.0,9.0,1406.0,412.0,0.0,1.0,1.0,0.0,0.0,1.0,0.0,1.0,255.0,169.0,0.66,0.02,0.0,0.0,0.0,0.04,0.0,25956.0
22.0,9.0,288.0,337.0,0.0,1.0,21.0,0.0,0.0,1.0,0.0,0.0,255.0,255.0,1.0,0.0,0.0,0.0,0.0,0.0,0.0,14646.0
40.0,9.0,147.0,0.0,0.0,0.0,3.0,0.33,0.0,0.33,0.67,0.0,255.0,1.0,0.0,0.07,0.0,0.0,0.0,0.0,0.0,107924.0
56.0,9.0,0.0,4.0,0.0,0.0,1.0,0.0,0.0,1.0,0.0,0.0,27.0,27.0,1.0,0.0,0.0,0.11,0.11,0.0,0.0,47832.0
11.0,9.0,46.0,72.0,0.0,0.0,68.0,0.0,0.0,1.0,0.0,0.01,255.0,211.0,0.83,0.01,0.0,0.0,0.0,0.0,0.0,35787.0
22.0,9.0,212.0,2531.0,0.0,1.0,4.0,0.0,0.0,1.0,0.0,0.0,58.0,62.0,1.0,0.0,0.03,0.0,0.0,0.0,0.0,125404.0
22.0,9.0,308.0,3222.0,0.0,1.0,3.0,0.0,0.0,1.0,0.0,0.0,255.0,237.0,0.93,0.01,0.0,0.0,0.0,0.0,0.0,20609.0
22.0,9.0,300.0,1511.0,0.0,1.0,19.0,0.0,0.0,1.0,0.0,0.08,19.0,255.0,1.0,0.0,0.01,0.0,0.0,0.0,0.0,13848.0
22.0,9.0,352.0,2761.0,0.0,1.0,5.0,0.0,0.0,1.0,0.0,0.0,19.0,255.0,1.0,0.0,0.04,0.0,0.01,0.0,0.0,40178.0
22.0,1.0,0.0,0.0,0.0,0.0,1.0,0.0,0.0,1.0,0.0,1.0,21.0,255.0,1.0,0.0,0.15,0.0,0.0,1.0,0.0,27588.0
19.0,9.0,567.0,0.0,0.0,1.0,1.0,0.0,0.0,1.0,0.0,0.0,21.0,85.0,0.86,0.1,0.04,0.0,0.0,0.0,0.0,25950.0
14.0,9.0,64.0,0.0,0.0,0.0,2.0,0.0,0.0,1.0,0.0,0.0,255.0,2.0,0.01,0.01,0.0,0.0,0.0,0.0,0.0,35168.0
19.0,9.0,16.0,0.0,0.0,0.0,1.0,0.0,0.0,1.0,0.0,0.0,97.0,49.0,0.34,0.03,0.04,0.0,0.0,0.0,0.0,44092.0
40.0,9.0,15876.0,0.0,0.0,1.0,17.0,0.18,0.0,0.06,0.59,0.0,126.0,1.0,0.01,0.21,0.0,0.05,0.0,0.0,0.0,79341.0
55.0,4.0,39.0,51.0,0.0,0.0,2.0,0.0,0.0,1.0,0.0,0.0,255.0,71.0,0.28,0.02,0.0,0.33,0.56,0.04,0.0,67887.0
22.0,9.0,364.0,3798.0,0.0,1.0,10.0,0.0,0.0,1.0,0.0,0.0,254.0,255.0,1.0,0.0,0.01,0.0,0.0,0.0,0.0,22944.0
22.0,9.0,368.0,1113.0,0.0,1.0,17.0,0.0,0.0,1.0,0.0,0.0,255.0,255.0,1.0,0.0,0.0,0.0,0.0,0.0,0.0,117115.0
22.0,9.0,240.0,483.0,0.0,1.0,6.0,0.0,0.0,1.0,0.0,0.44,255.0,255.0,1.0,0.0,0.0,0.0,0.0,0.0,0.0,60826.0
22.0,9.0,225.0,324.0,0.0,1.0,8.0,0.0,0.0,1.0,0.0,0.0,255.0,255.0,1.0,0.0,0.0,0.0,0.0,0.0,0.0,70875.0
49.0,9.0,699.0,331.0,0.0,1.0,1.0,0.0,0.0,1.0,0.0,1.0,52.0,22.0,0.42,0.06,0.0,0.0,0.0,0.0,0.0,56722.0
22.0,9.0,223.0,1769.0,0.0,1.0,8.0,0.0,0.0,1.0,0.0,0.0,47.0,255.0,1.0,0.0,0.04,0.0,0.0,0.0,0.0,80631.0
11.0,9.0,45.0,109.0,0.0,0.0,232.0,0.0,0.0,1.0,0.0,0.01,255.0,189.0,0.74,0.01,0.0,0.0,0.0,0.0,0.0,17223.0
22.0,9.0,294.0,5919.0,0.0,1.0,1.0,0.0,0.0,1.0,0.0,0.0,1.0,255.0,1.0,0.0,0.04,0.0,0.0,0.0,0.0,70469.0
11.0,9.0,45.0,86.0,0.0,0.0,214.0,0.0,0.0,1.0,0.01,0.01,255.0,254.0,1.0,0.01,0.0,0.0,0.0,0.0,0.0,29082.0
11.0,9.0,43.0,128.0,0.0,0.0,60.0,0.0,0.0,1.0,0.0,0.01,118.0,200.0,0.87,0.02,0.01,0.0,0.0,0.0,0.0,102343.0
11.0,9.0,86.0,0.0,0.0,0.0,1.0,0.0,0.0,1.0,0.0,1.0,103.0,103.0,1.0,0.0,0.0,0.0,0.0,0.0,0.0,98586.0
22.0,9.0,225.0,6332.0,0.0,1.0,2.0,0.0,0.0,1.0,0.0,0.0,5.0,255.0,1.0,0.0,0.05,0.0,0.0,0.0,0.0,47313.0
22.0,9.0,206.0,285.0,0.0,1.0,18.0,0.0,0.0,1.0,0.0,0.15,255.0,255.0,1.0,0.0,0.0,0.0,0.0,0.0,0.0,6869.0
14.0,9.0,30.0,0.0,0.0,0.0,1.0,0.0,0.0,1.0,0.0,0.0,52.0,53.0,1.0,0.0,0.04,0.0,0.0,0.0,0.0,37057.0
19.0,9.0,0.0,10261.0,0.0,0.0,2.0,0.0,0.2,1.0,0.0,0.4,43.0,75.0,0.19,0.12,0.03,0.0,0.01,0.0,0.0,51633.0
22.0,9.0,265.0,432.0,0.0,1.0,1.0,0.0,0.0,1.0,0.0,0.0,1.0,255.0,1.0,0.0,0.06,0.0,0.0,0.0,0.0,76361.0
22.0,9.0,286.0,267.0,0.0,1.0,4.0,0.0,0.0,1.0,0.0,0.0,255.0,255.0,1.0,0.0,0.0,0.0,0.0,0.0,0.0,63564.0
22.0,9.0,285.0,2126.0,0.0,1.0,6.0,0.0,0.0,1.0,0.0,0.2,255.0,255.0,1.0,0.0,0.0,0.0,0.0,0.0,0.0,94948.0
11.0,9.0,43.0,134.0,0.0,0.0,77.0,0.0,0.0,1.0,0.0,0.01,255.0,255.0,1.0,0.0,0.0,0.0,0.0,0.0,0.0,64421.0
22.0,9.0,312.0,285.0,0.0,1.0,18.0,0.0,0.0,1.0,0.0,0.0,255.0,255.0,1.0,0.0,0.0,0.0,0.0,0.0,0.0,123442.0
17.0,9.0,8.0,141.0,0.0,0.0,1.0,0.0,0.0,1.0,0.0,0.0,18.0,2.0,0.11,0.11,0.0,0.0,0.0,0.0,0.0,66859.0
22.0,9.0,234.0,1230.0,0.0,1.0,2.0,0.0,0.0,1.0,0.0,0.0,52.0,255.0,1.0,0.0,0.04,0.0,0.0,0.0,0.0,40167.0
49.0,9.0,1809.0,331.0,0.0,1.0,1.0,0.0,0.0,1.0,0.0,1.0,211.0,135.0,0.59,0.04,0.01,0.0,0.0,0.0,0.0,64707.0
22.0,9.0,331.0,2015.0,0.0,1.0,12.0,0.0,0.0,1.0,0.0,0.21,126.0,255.0,1.0,0.0,0.03,0.0,0.0,0.0,0.0,39349.0
22.0,9.0,286.0,332.0,0.0,1.0,12.0,0.0,0.0,1.0,0.0,0.15,255.0,255.0,1.0,0.0,0.0,0.0,0.0,0.0,0.0,61413.0
22.0,9.0,312.0,3749.0,0.0,1.0,8.0,0.0,0.0,1.0,0.0,0.0,255.0,255.0,1.0,0.0,0.0,0.0,0.0,0.0,0.0,19743.0
22.0,9.0,366.0,2862.0,0.0,1.0,16.0,0.0,0.0,1.0,0.0,0.0,197.0,255.0,1.0,0.0,0.02,0.0,0.0,0.0,0.0,1473.0
49.0,9.0,9597.0,331.0,0.0,1.0,1.0,0.0,0.0,1.0,0.0,0.0,54.0,88.0,0.65,0.06,0.02,0.0,0.0,0.0,0.0,60251.0
22.0,9.0,227.0,9703.0,0.0,1.0,17.0,0.0,0.0,1.0,0.0,0.0,255.0,255.0,1.0,0.0,0.0,0.0,0.0,0.0,0.0,5478.0
11.0,9.0,45.0,87.0,0.0,0.0,200.0,0.0,0.0,1.0,0.01,0.01,255.0,255.0,1.0,0.0,0.0,0.0,0.0,0.0,0.0,63238.0
19.0,9.0,245.0,0.0,0.0,1.0,2.0,0.0,0.0,1.0,0.0,0.0,120.0,20.0,0.08,0.04,0.1,0.0,0.0,0.0,0.0,124530.0
42.0,9.0,35.0,130.0,0.0,1.0,2.0,0.0,0.0,0.5,1.0,0.0,29.0,5.0,0.07,0.17,0.4,0.0,0.0,0.0,0.0,15879.0
49.0,9.0,1137.0,405.0,0.0,1.0,2.0,0.0,0.0,1.0,0.0,0.67,107.0,122.0,0.73,0.06,0.02,0.01,0.0,0.0,0.0,29249.0
22.0,9.0,408.0,13360.0,0.0,1.0,4.0,0.0,0.0,1.0,0.0,0.0,255.0,255.0,1.0,0.0,0.0,0.0,0.0,0.0,0.0,102724.0
40.0,9.0,147.0,0.0,0.0,0.0,5.0,0.0,0.0,0.2,0.6,0.0,21.0,1.0,0.05,0.76,0.0,0.0,0.0,0.0,0.0,50904.0
22.0,9.0,199.0,2462.0,0.0,1.0,4.0,0.0,0.0,1.0,0.0,0.0,74.0,255.0,1.0,0.0,0.04,0.01,0.0,0.0,0.0,38560.0
11.0,9.0,45.0,131.0,0.0,0.0,223.0,0.0,0.0,1.0,0.0,0.01,255.0,180.0,0.71,0.01,0.0,0.0,0.0,0.0,0.0,82283.0
22.0,9.0,219.0,2122.0,0.0,1.0,6.0,0.0,0.0,1.0,0.0,0.38,16.0,16.0,1.0,0.0,0.0,0.0,0.0,0.0,0.0,105173.0
22.0,9.0,142.0,26866.0,0.0,1.0,2.0,0.0,0.0,1.0,0.0,0.5,111.0,255.0,1.0,0.0,0.02,0.01,0.01,0.0,0.0,24375.0
40.0,9.0,145.0,0.0,0.0,0.0,1.0,0.0,0.0,1.0,0.0,0.0,255.0,1.0,0.0,0.54,0.0,0.0,0.0,0.0,0.0,32096.0
22.0,9.0,254.0,2277.0,0.0,1.0,2.0,0.0,0.0,1.0,0.0,0.0,27.0,255.0,1.0,0.0,0.04,0.0,0.0,0.0,0.0,81867.0
22.0,9.0,245.0,447.0,0.0,1.0,8.0,0.0,0.0,1.0,0.0,0.0,8.0,255.0,1.0,0.0,0.05,0.0,0.0,0.0,0.0,88517.0
22.0,9.0,170.0,11394.0,0.0,1.0,4.0,0.0,0.0,1.0,0.0,0.0,30.0,255.0,1.0,0.0,0.05,0.0,0.0,0.0,0.0,117796.0
22.0,9.0,369.0,5849.0,0.0,1.0,4.0,0.0,0.0,1.0,0.0,0.0,124.0,255.0,1.0,0.0,0.02,0.0,0.0,0.0,0.0,69279.0
19.0,9.0,19.0,0.0,0.0,0.0,2.0,0.0,0.0,1.0,0.0,0.0,9.0,6.0,0.67,0.22,0.0,0.0,0.0,0.0,0.0,117149.0
17.0,9.0,8.0,136.0,0.0,0.0,1.0,0.0,0.0,1.0,0.0,0.0,40.0,12.0,0.05,0.1,0.25,0.0,0.0,0.0,0.0,20654.0
22.0,6.0,163.0,28382.0,0.0,1.0,1.0,1.0,0.03,1.0,0.0,0.08,41.0,255.0,1.0,0.0,0.03,0.07,0.01,0.0,0.0,40295.0
22.0,9.0,208.0,284.0,0.0,1.0,8.0,0.0,0.0,1.0,0.0,0.0,255.0,255.0,1.0,0.0,0.0,0.0,0.0,0.0,0.0,53752.0
22.0,9.0,244.0,1041.0,0.0,1.0,2.0,0.0,0.0,1.0,0.0,0.4,210.0,255.0,1.0,0.0,0.03,0.0,0.01,0.0,0.0,21219.0
49.0,9.0,951.0,329.0,0.0,1.0,1.0,0.0,0.0,1.0,0.0,1.0,11.0,169.0,0.82,0.18,0.02,0.0,0.0,0.0,0.0,52812.0
11.0,9.0,43.0,129.0,0.0,0.0,21.0,0.0,0.0,1.0,0.0,0.02,135.0,104.0,0.77,0.01,0.0,0.0,0.0,0.0,0.0,117964.0
49.0,9.0,906.0,335.0,0.0,1.0,1.0,0.0,0.0,1.0,0.0,0.0,19.0,57.0,0.95,0.11,0.04,0.0,0.0,0.0,0.0,48780.0
22.0,9.0,311.0,3222.0,0.0,1.0,11.0,0.0,0.0,1.0,0.0,0.05,255.0,231.0,0.91,0.02,0.0,0.0,0.0,0.0,0.0,49443.0
22.0,9.0,321.0,361.0,0.0,1.0,1.0,0.0,0.0,1.0,0.0,0.33,2.0,255.0,1.0,0.0,0.02,0.0,0.0,0.0,0.0,42863.0
22.0,9.0,204.0,3002.0,0.0,1.0,3.0,0.33,0.33,1.0,0.0,0.0,3.0,89.0,1.0,0.0,0.12,0.33,0.01,0.0,0.0,92068.0
11.0,9.0,41.0,70.0,0.0,0.0,267.0,0.0,0.0,1.0,0.0,0.0,255.0,203.0,0.8,0.01,0.0,0.0,0.0,0.0,0.0,8515.0
17.0,9.0,8.0,139.0,0.0,0.0,1.0,0.0,0.0,1.0,0.0,0.0,45.0,13.0,0.04,0.13,0.15,0.0,0.0,0.0,0.0,110529.0
40.0,9.0,113.0,0.0,0.0,0.0,33.0,0.0,0.0,0.97,0.06,0.0,255.0,32.0,0.13,0.53,0.0,0.0,0.0,0.0,0.0,84440.0
22.0,9.0,315.0,1413.0,0.0,1.0,39.0,0.0,0.0,1.0,0.0,0.0,255.0,255.0,1.0,0.0,0.0,0.0,0.0,0.0,0.0,72842.0
49.0,9.0,11433.0,1548.0,0.0,1.0,1.0,0.0,0.0,1.0,0.0,1.0,255.0,72.0,0.28,0.05,0.0,0.48,0.0,0.0,0.0,9876.0
1.0,1.0,0.0,0.0,0.0,0.0,4.0,0.0,0.0,0.75,0.5,0.0,119.0,5.0,0.04,0.03,0.0,0.0,0.0,1.0,0.0,76861.0
11.0,9.0,44.0,44.0,0.0,0.0,6.0,0.0,0.0,0.17,0.33,0.29,106.0,103.0,0.97,0.02,0.0,0.0,0.0,0.0,0.0,22867.0
11.0,9.0,44.0,131.0,0.0,0.0,235.0,0.0,0.0,1.0,0.0,0.01,255.0,253.0,0.99,0.01,0.0,0.0,0.0,0.0,0.0,121461.0
22.0,9.0,336.0,1024.0,0.0,1.0,25.0,0.0,0.0,1.0,0.0,0.0,255.0,255.0,1.0,0.0,0.0,0.0,0.0,0.0,0.0,45894.0
22.0,9.0,266.0,261.0,0.0,1.0,11.0,0.0,0.0,1.0,0.0,0.0,255.0,255.0,1.0,0.0,0.0,0.0,0.0,0.0,0.0,101999.0
22.0,1.0,0.0,0.0,0.0,0.0,1.0,0.0,0.0,1.0,0.0,0.0,2.0,214.0,1.0,0.0,0.19,0.0,0.0,0.78,0.0,84185.0
49.0,9.0,854.0,366.0,0.0,1.0,1.0,0.0,0.0,1.0,0.0,0.0,33.0,49.0,0.73,0.09,0.04,0.0,0.0,0.0,0.0,8408.0
11.0,9.0,43.0,69.0,0.0,0.0,120.0,0.0,0.0,1.0,0.0,0.0,255.0,245.0,0.96,0.01,0.0,0.0,0.0,0.0,0.0,54.0
22.0,1.0,0.0,0.0,0.0,0.0,1.0,0.0,0.0,1.0,0.0,0.0,44.0,166.0,1.0,0.0,0.03,0.0,0.01,0.7,0.0,63517.0
22.0,9.0,274.0,10251.0,0.0,1.0,3.0,0.33,0.33,1.0,0.0,0.0,255.0,255.0,1.0,0.0,0.0,0.0,0.0,0.0,0.0,110157.0
49.0,9.0,884.0,334.0,0.0,1.0,1.0,0.0,0.0,1.0,0.0,1.0,128.0,119.0,0.42,0.02,0.02,0.0,0.0,0.0,0.0,72485.0
19.0,9.0,2194619.0,0.0,0.0,1.0,2.0,0.0,0.0,1.0,0.0,0.0,110.0,102.0,0.69,0.03,0.02,0.0,0.0,0.0,0.0,90957.0
55.0,9.0,122.0,7475.0,0.0,1.0,1.0,0.0,0.0,1.0,0.0,0.0,255.0,2.0,0.01,0.02,0.0,0.0,0.0,0.0,0.0,19475.0
0.0,6.0,38874.0,41699.0,0.0,1.0,1.0,1.0,1.0,1.0,0.0,0.0,64.0,10.0,0.16,0.03,0.0,0.12,0.8,0.0,0.0,27498.0
22.0,9.0,190.0,622.0,0.0,1.0,21.0,0.05,0.05,1.0,0.0,0.08,43.0,54.0,1.0,0.0,0.11,0.02,0.02,0.59,0.0,75795.0
22.0,9.0,153.0,41971.0,0.0,1.0,1.0,0.0,0.0,1.0,0.0,0.0,37.0,255.0,1.0,0.0,0.01,0.0,0.0,0.0,0.0,123778.0
49.0,9.0,3953.0,329.0,0.0,1.0,2.0,0.0,0.0,1.0,0.0,0.67,30.0,24.0,0.8,0.13,0.0,0.0,0.0,0.0,0.0,29158.0
49.0,9.0,1256.0,331.0,0.0,1.0,1.0,0.0,0.0,1.0,0.0,1.0,45.0,36.0,0.8,0.11,0.0,0.0,0.0,0.0,0.0,119675.0
11.0,9.0,46.0,83.0,0.0,0.0,250.0,0.0,0.0,1.0,0.01,0.01,255.0,242.0,0.95,0.01,0.0,0.0,0.0,0.0,0.0,87678.0
49.0,0.0,44.0,156.0,0.0,0.0,1.0,0.0,0.0,1.0,0.0,0.0,133.0,173.0,0.73,0.03,0.01,0.02,0.02,0.0,0.0,95263.0
40.0,9.0,35195.0,0.0,0.0,0.0,21.0,0.05,0.0,0.05,0.76,0.0,193.0,1.0,0.01,0.1,0.0,0.01,0.0,0.0,0.0,125373.0
22.0,9.0,337.0,255.0,0.0,1.0,29.0,0.0,0.0,1.0,0.0,0.0,141.0,255.0,1.0,0.0,0.03,0.0,0.0,0.0,0.0,11567.0
19.0,9.0,501760.0,0.0,0.0,0.0,2.0,0.0,0.0,1.0,0.0,0.0,192.0,89.0,0.46,0.03,0.0,0.01,0.01,0.0,0.0,123460.0
11.0,9.0,44.0,132.0,0.0,0.0,55.0,0.0,0.0,1.0,0.0,0.01,255.0,254.0,1.0,0.01,0.0,0.0,0.0,0.0,0.0,68865.0
22.0,9.0,240.0,869.0,0.0,1.0,23.0,0.0,0.0,1.0,0.0,0.06,255.0,255.0,1.0,0.0,0.0,0.0,0.0,0.0,0.0,36519.0
22.0,9.0,220.0,13011.0,0.0,1.0,1.0,0.0,0.0,1.0,0.0,0.0,1.0,255.0,1.0,0.0,0.06,0.0,0.0,0.0,0.0,72624.0
11.0,9.0,43.0,126.0,0.0,0.0,43.0,0.0,0.0,1.0,0.0,0.01,101.0,200.0,0.85,0.02,0.01,0.0,0.0,0.0,0.0,96185.0
22.0,9.0,209.0,616.0,0.0,1.0,18.0,0.0,0.0,1.0,0.0,0.07,171.0,255.0,1.0,0.0,0.03,0.0,0.0,0.0,0.0,59245.0
11.0,9.0,43.0,71.0,0.0,0.0,202.0,0.0,0.0,1.0,0.0,0.0,255.0,255.0,1.0,0.0,0.0,0.0,0.0,0.0,0.0,972.0
22.0,9.0,282.0,526.0,0.0,1.0,10.0,0.0,0.0,1.0,0.0,0.15,10.0,255.0,1.0,0.0,0.04,0.0,0.0,0.01,0.0,77706.0
22.0,9.0,218.0,20076.0,0.0,1.0,4.0,0.0,0.0,1.0,0.0,0.4,4.0,255.0,1.0,0.0,0.04,0.0,0.0,0.0,0.0,86732.0
22.0,9.0,198.0,33509.0,0.0,1.0,4.0,0.0,0.0,1.0,0.0,0.0,17.0,255.0,1.0,0.0,0.05,0.0,0.0,0.0,0.0,68592.0
19.0,9.0,5558.0,0.0,0.0,1.0,16.0,0.0,0.0,1.0,0.0,0.0,174.0,106.0,0.32,0.02,0.02,0.0,0.0,0.0,0.0,50394.0
11.0,9.0,45.0,45.0,0.0,0.0,128.0,0.0,0.0,0.99,0.02,0.0,255.0,254.0,1.0,0.01,0.0,0.0,0.0,0.0,0.0,47960.0
22.0,9.0,177.0,16748.0,0.0,1.0,2.0,0.0,0.0,1.0,0.0,0.0,34.0,255.0,1.0,0.0,0.07,0.0,0.0,0.0,0.0,123010.0
11.0,9.0,44.0,73.0,0.0,0.0,238.0,0.0,0.0,1.0,0.01,0.0,255.0,254.0,1.0,0.01,0.0,0.0,0.0,0.0,0.0,125044.0
22.0,9.0,337.0,222.0,0.0,1.0,5.0,0.0,0.0,1.0,0.0,0.33,35.0,255.0,1.0,0.0,0.02,0.0,0.0,0.0,0.0,10684.0
19.0,9.0,748.0,0.0,0.0,0.0,1.0,0.0,0.0,1.0,0.0,0.0,143.0,33.0,0.2,0.03,0.06,0.0,0.0,0.0,0.0,1068.0
22.0,9.0,297.0,2119.0,0.0,1.0,18.0,0.0,0.0,1.0,0.0,0.0,155.0,255.0,1.0,0.0,0.05,0.0,0.0,0.0,0.0,74971.0
22.0,9.0,216.0,1354.0,0.0,1.0,3.0,0.0,0.0,1.0,0.0,0.0,3.0,255.0,1.0,0.0,0.05,0.0,0.0,0.0,0.0,106884.0
44.0,9.0,105.0,147.0,0.0,0.0,1.0,0.0,0.0,1.0,0.0,0.0,165.0,163.0,0.99,0.01,0.0,0.0,0.0,0.0,0.0,87656.0
19.0,9.0,854.0,0.0,0.0,1.0,3.0,0.0,0.0,1.0,0.0,0.0,157.0,111.0,0.34,0.04,0.02,0.0,0.0,0.0,0.0,119294.0
22.0,9.0,298.0,2239.0,0.0,1.0,6.0,0.0,0.0,1.0,0.0,0.0,255.0,248.0,0.97,0.01,0.0,0.0,0.0,0.0,0.0,5953.0
19.0,9.0,383.0,0.0,0.0,1.0,2.0,0.0,0.0,1.0,0.0,0.0,3.0,122.0,1.0,0.0,0.02,0.0,0.0,0.0,0.0,116762.0
22.0,9.0,212.0,447.0,0.0,1.0,32.0,0.0,0.0,1.0,0.0,0.09,169.0,215.0,1.0,0.0,0.02,0.0,0.0,0.0,0.0,121023.0
22.0,9.0,322.0,3811.0,0.0,1.0,3.0,0.0,0.0,1.0,0.0,0.33,28.0,255.0,1.0,0.0,0.02,0.0,0.0,0.0,0.0,16990.0
51.0,9.0,651.0,9615.0,0.0,1.0,1.0,0.0,0.0,1.0,0.0,0.0,61.0,1.0,0.02,0.05,0.0,0.0,0.0,0.0,0.0,39376.0
22.0,1.0,0.0,0.0,0.0,0.0,1.0,0.0,0.0,1.0,0.0,0.0,29.0,255.0,1.0,0.0,0.2,0.0,0.0,0.99,0.0,38277.0
49.0,9.0,889.0,363.0,0.0,1.0,1.0,0.0,0.0,1.0,0.0,0.0,255.0,114.0,0.45,0.03,0.0,0.0,0.0,0.0,0.0,5425.0
22.0,9.0,192.0,6196.0,0.0,1.0,8.0,0.0,0.0,1.0,0.0,0.0,30.0,255.0,1.0,0.0,0.02,0.0,0.0,0.0,0.0,97491.0
22.0,9.0,316.0,1445.0,0.0,1.0,4.0,0.0,0.0,1.0,0.0,0.25,12.0,255.0,1.0,0.0,0.05,0.0,0.01,0.0,0.0,112346.0
22.0,9.0,231.0,30262.0,0.0,1.0,1.0,0.0,0.0,1.0,0.0,0.0,105.0,255.0,1.0,0.0,0.02,0.0,0.0,0.0,0.0,24687.0
22.0,9.0,372.0,468.0,0.0,1.0,9.0,0.0,0.0,1.0,0.0,0.18,111.0,255.0,1.0,0.0,0.02,0.01,0.0,0.0,0.0,50050.0
22.0,9.0,208.0,947.0,0.0,1.0,1.0,0.0,0.0,1.0,0.0,0.0,1.0,255.0,1.0,0.0,0.03,0.0,0.0,0.0,0.0,29941.0
22.0,9.0,203.0,766.0,0.0,1.0,2.0,0.0,0.0,1.0,0.0,0.29,14.0,255.0,1.0,0.0,0.03,0.0,0.0,0.0,0.0,30813.0
22.0,9.0,240.0,492.0,0.0,1.0,29.0,0.0,0.0,1.0,0.0,0.09,255.0,255.0,1.0,0.0,0.0,0.0,0.0,0.0,0.0,88066.0
22.0,9.0,301.0,195.0,0.0,1.0,1.0,0.0,0.0,1.0,0.0,0.17,8.0,255.0,1.0,0.0,0.06,0.0,0.01,0.01,0.0,68174.0
11.0,9.0,45.0,132.0,0.0,0.0,167.0,0.0,0.0,1.0,0.0,0.01,255.0,253.0,0.99,0.01,0.0,0.0,0.0,0.0,0.0,64453.0
18.0,2.0,0.0,0.0,0.0,0.0,1.0,0.0,0.0,1.0,0.0,0.0,255.0,48.0,0.19,0.02,0.0,0.0,0.0,0.12,0.0,51028.0
22.0,9.0,221.0,1645.0,0.0,1.0,8.0,0.0,0.0,1.0,0.0,0.0,255.0,255.0,1.0,0.0,0.0,0.0,0.0,0.0,0.0,32195.0
22.0,1.0,0.0,0.0,0.0,0.0,1.0,0.0,0.0,1.0,0.0,0.0,166.0,255.0,1.0,0.0,0.06,0.0,0.0,1.0,0.0,115825.0
13.0,9.0,30.0,0.0,0.0,0.0,1.0,0.0,0.0,1.0,0.0,0.0,41.0,90.0,0.98,0.05,0.29,0.0,0.0,0.0,0.0,59548.0
49.0,9.0,2420.0,328.0,0.0,1.0,1.0,0.0,0.0,1.0,0.0,0.0,56.0,193.0,0.55,0.07,0.02,0.0,0.0,0.03,0.0,72506.0
11.0,9.0,41.0,67.0,0.0,0.0,233.0,0.0,0.0,1.0,0.01,0.01,255.0,255.0,1.0,0.0,0.0,0.0,0.0,0.0,0.0,45661.0
22.0,9.0,352.0,5551.0,0.0,1.0,7.0,0.0,0.0,1.0,0.0,0.0,255.0,255.0,1.0,0.0,0.0,0.0,0.0,0.0,0.0,113593.0
11.0,9.0,43.0,68.0,0.0,0.0,311.0,0.0,0.0,1.0,0.0,0.0,255.0,220.0,0.86,0.01,0.0,0.0,0.0,0.0,0.0,79749.0
22.0,9.0,325.0,1155.0,0.0,1.0,22.0,0.0,0.0,1.0,0.0,0.12,255.0,255.0,1.0,0.0,0.0,0.0,0.0,0.0,0.0,97331.0
11.0,9.0,44.0,129.0,0.0,0.0,220.0,0.0,0.0,1.0,0.0,0.01,145.0,106.0,0.73,0.02,0.0,0.0,0.0,0.0,0.0,54795.0
49.0,9.0,2615.0,368.0,0.0,1.0,1.0,0.0,0.0,1.0,0.0,1.0,1.0,124.0,1.0,0.0,0.02,0.0,0.0,0.0,0.0,27453.0
22.0,9.0,304.0,3222.0,0.0,1.0,5.0,0.0,0.0,1.0,0.0,0.0,255.0,249.0,0.98,0.01,0.0,0.0,0.0,0.0,0.0,63614.0
22.0,9.0,257.0,2129.0,0.0,1.0,9.0,0.0,0.0,1.0,0.0,0.2,178.0,255.0,1.0,0.0,0.02,0.01,0.01,0.0,0.0,104340.0
22.0,9.0,241.0,382.0,0.0,1.0,17.0,0.0,0.0,1.0,0.0,0.0,255.0,255.0,1.0,0.0,0.0,0.0,0.0,0.0,0.0,20841.0
22.0,9.0,54540.0,8314.0,0.0,1.0,2.0,0.5,0.5,1.0,0.0,0.0,255.0,255.0,1.0,0.0,0.0,0.0,0.0,0.04,1.0,34038.0
19.0,9.0,501760.0,0.0,0.0,1.0,1.0,0.0,0.0,1.0,0.0,0.0,182.0,47.0,0.26,0.02,0.0,0.0,0.0,0.0,0.0,83871.0
22.0,9.0,232.0,4249.0,0.0,1.0,3.0,0.0,0.0,1.0,0.0,0.33,56.0,255.0,1.0,0.0,0.02,0.0,0.0,0.0,0.0,121518.0
22.0,9.0,247.0,457.0,0.0,1.0,1.0,0.0,0.0,1.0,0.0,0.0,46.0,255.0,1.0,0.0,0.02,0.0,0.0,0.02,0.0,71352.0
22.0,9.0,204.0,1046.0,0.0,1.0,4.0,0.0,0.0,1.0,0.0,0.33,255.0,255.0,1.0,0.0,0.0,0.0,0.0,0.0,0.0,52395.0
22.0,1.0,0.0,0.0,0.0,0.0,1.0,0.0,0.0,1.0,0.0,0.0,1.0,253.0,1.0,0.0,0.14,0.0,0.0,0.88,0.0,59485.0
22.0,9.0,239.0,2431.0,0.0,1.0,4.0,0.0,0.0,1.0,0.0,0.45,177.0,255.0,1.0,0.0,0.01,0.0,0.0,0.0,0.0,116687.0
22.0,9.0,199.0,280.0,0.0,1.0,3.0,0.33,0.03,1.0,0.0,0.06,182.0,255.0,1.0,0.0,0.02,0.01,0.01,0.0,0.0,41832.0
22.0,9.0,331.0,6137.0,0.0,1.0,19.0,0.0,0.0,1.0,0.0,0.0,255.0,255.0,1.0,0.0,0.0,0.0,0.0,0.0,0.0,78967.0
22.0,9.0,212.0,321.0,0.0,1.0,13.0,0.0,0.0,1.0,0.0,0.0,244.0,255.0,1.0,0.0,0.01,0.0,0.0,0.0,0.0,115950.0
49.0,9.0,1232.0,407.0,0.0,1.0,1.0,0.0,0.0,1.0,0.0,0.0,30.0,223.0,0.5,0.07,0.01,0.5,0.0,0.0,0.0,111601.0
22.0,9.0,281.0,8818.0,0.0,1.0,5.0,0.0,0.0,1.0,0.0,0.16,5.0,255.0,1.0,0.0,0.02,0.0,0.0,0.0,0.0,54284.0
22.0,9.0,200.0,13202.0,0.0,1.0,3.0,0.33,0.33,1.0,0.0,0.0,255.0,255.0,1.0,0.0,0.0,0.0,0.0,0.0,0.0,47511.0
19.0,9.0,14416.0,0.0,0.0,1.0,1.0,0.0,0.0,1.0,0.0,0.0,205.0,50.0,0.19,0.02,0.04,0.0,0.0,0.0,0.0,196.0
22.0,9.0,208.0,2568.0,0.0,1.0,5.0,0.0,0.0,1.0,0.0,0.25,255.0,255.0,1.0,0.0,0.0,0.0,0.0,0.0,0.0,109497.0
22.0,9.0,330.0,1119.0,0.0,1.0,11.0,0.0,0.0,1.0,0.0,0.0,255.0,255.0,1.0,0.0,0.0,0.0,0.0,0.0,0.0,73996.0
13.0,9.0,30.0,0.0,0.0,0.0,3.0,0.0,0.0,0.33,1.0,0.0,255.0,9.0,0.04,0.01,0.0,0.0,0.0,0.0,0.0,44665.0
22.0,9.0,237.0,987.0,0.0,1.0,15.0,0.0,0.0,1.0,0.0,0.0,121.0,255.0,1.0,0.0,0.02,0.0,0.0,0.0,0.0,21870.0
19.0,9.0,0.0,2072.0,0.0,1.0,3.0,0.0,0.0,1.0,0.0,0.0,4.0,4.0,1.0,0.0,0.0,0.0,0.0,0.0,1.0,27430.0
40.0,9.0,147.0,105.0,0.0,0.0,6.0,0.0,0.0,0.33,0.5,0.0,255.0,2.0,0.01,0.38,0.0,0.0,0.0,0.0,0.0,45757.0
49.0,9.0,886.0,337.0,0.0,1.0,1.0,0.0,0.0,1.0,0.0,0.0,143.0,186.0,0.73,0.03,0.01,0.0,0.0,0.05,0.0,68716.0
11.0,9.0,46.0,46.0,0.0,0.0,4.0,0.0,0.0,0.25,0.5,0.67,91.0,88.0,0.97,0.02,0.0,0.0,0.0,0.0,0.0,86887.0
11.0,9.0,45.0,72.0,0.0,0.0,220.0,0.0,0.0,1.0,0.0,0.0,255.0,255.0,1.0,0.0,0.0,0.0,0.0,0.0,0.0,13989.0
11.0,9.0,44.0,128.0,0.0,0.0,2.0,0.0,0.0,1.0,0.0,0.02,255.0,254.0,1.0,0.01,0.0,0.0,0.0,0.0,0.0,3522.0
22.0,9.0,181.0,9287.0,0.0,1.0,1.0,0.0,0.0,1.0,0.0,0.0,80.0,255.0,1.0,0.0,0.02,0.0,0.0,0.07,0.0,35260.0
11.0,9.0,43.0,73.0,0.0,0.0,71.0,0.0,0.0,0.99,0.03,0.0,255.0,254.0,1.0,0.01,0.0,0.0,0.0,0.0,0.0,11776.0
22.0,9.0,303.0,1307.0,0.0,1.0,3.0,0.33,0.33,1.0,0.0,0.0,35.0,212.0,1.0,0.0,0.05,0.03,0.0,0.0,0.0,122875.0
22.0,9.0,200.0,4244.0,0.0,1.0,10.0,0.0,0.0,1.0,0.0,0.18,10.0,255.0,1.0,0.0,0.02,0.0,0.0,0.0,0.0,26972.0
11.0,9.0,45.0,134.0,0.0,0.0,91.0,0.0,0.0,1.0,0.0,0.01,255.0,253.0,0.99,0.01,0.0,0.0,0.0,0.0,0.0,68605.0
22.0,9.0,200.0,2170.0,0.0,1.0,3.0,0.0,0.0,1.0,0.0,0.5,100.0,255.0,1.0,0.0,0.04,0.01,0.01,0.0,0.0,122834.0
22.0,9.0,307.0,484.0,0.0,1.0,2.0,0.5,0.5,1.0,0.0,0.0,178.0,255.0,1.0,0.0,0.01,0.02,0.01,0.0,0.0,91529.0
22.0,9.0,293.0,38125.0,0.0,1.0,10.0,0.0,0.0,1.0,0.0,0.11,10.0,255.0,1.0,0.0,0.01,0.0,0.0,0.0,0.0,20870.0
22.0,1.0,0.0,0.0,0.0,0.0,1.0,0.0,0.0,1.0,0.0,0.0,6.0,216.0,1.0,0.0,0.02,0.0,0.0,0.24,0.0,55586.0
22.0,9.0,233.0,3253.0,0.0,1.0,1.0,0.0,0.0,1.0,0.0,1.0,168.0,255.0,1.0,0.0,0.02,0.0,0.0,0.0,0.0,121816.0
22.0,9.0,325.0,16692.0,0.0,1.0,10.0,0.0,0.0,1.0,0.0,0.06,10.0,10.0,1.0,0.0,0.0,0.0,0.0,0.0,0.0,16777.0
22.0,5.0,0.0,0.0,0.0,0.0,2.0,0.5,0.5,1.0,0.0,0.5,8.0,255.0,1.0,0.0,0.02,0.12,0.0,0.0,0.0,58354.0
22.0,9.0,319.0,983.0,0.0,1.0,15.0,0.0,0.0,1.0,0.0,0.0,255.0,255.0,1.0,0.0,0.0,0.0,0.0,0.0,0.0,32422.0
40.0,9.0,146.0,105.0,0.0,0.0,2.0,0.0,0.0,1.0,0.0,0.0,255.0,2.0,0.01,0.6,0.0,0.0,0.0,0.0,0.0,18008.0
19.0,9.0,7045.0,0.0,0.0,1.0,2.0,0.0,0.0,1.0,0.0,0.0,9.0,44.0,1.0,0.0,0.14,0.0,0.02,0.0,1.0,111055.0
49.0,9.0,911.0,329.0,0.0,1.0,1.0,0.0,0.0,1.0,0.0,0.0,171.0,120.0,0.47,0.04,0.02,0.0,0.0,0.0,0.0,119451.0
22.0,9.0,202.0,725.0,0.0,1.0,4.0,0.0,0.0,1.0,0.0,0.0,4.0,255.0,1.0,0.0,0.05,0.0,0.01,0.0,0.0,56044.0
22.0,9.0,219.0,788.0,0.0,1.0,4.0,0.0,0.0,1.0,0.0,0.0,46.0,255.0,1.0,0.0,0.05,0.0,0.0,0.0,0.0,25336.0
22.0,9.0,211.0,1227.0,0.0,1.0,2.0,0.0,0.0,1.0,0.0,0.0,2.0,2.0,1.0,0.0,0.0,0.0,0.0,0.0,0.0,116501.0
22.0,9.0,315.0,9998.0,0.0,1.0,2.0,0.0,0.0,1.0,0.0,0.0,6.0,255.0,1.0,0.0,0.02,0.0,0.0,0.0,0.0,5871.0
11.0,9.0,45.0,133.0,0.0,0.0,64.0,0.0,0.0,1.0,0.0,0.01,255.0,255.0,1.0,0.0,0.0,0.0,0.0,0.0,0.0,57811.0
44.0,9.0,105.0,147.0,0.0,0.0,4.0,0.0,0.0,0.25,0.5,0.0,255.0,250.0,0.98,0.01,0.0,0.0,0.0,0.0,0.0,30514.0
49.0,9.0,1140.0,340.0,0.0,1.0,1.0,0.0,0.0,1.0,0.0,1.0,65.0,164.0,0.8,0.08,0.01,0.0,0.0,0.0,0.0,82212.0
22.0,9.0,54540.0,8314.0,0.0,1.0,5.0,0.0,0.0,1.0,0.0,0.43,255.0,255.0,1.0,0.0,0.0,0.0,0.0,0.05,1.0,83570.0
22.0,9.0,223.0,445.0,0.0,1.0,11.0,0.0,0.05,1.0,0.0,0.13,42.0,255.0,1.0,0.0,0.01,0.0,0.01,0.0,0.0,44842.0
17.0,9.0,10.0,139.0,0.0,0.0,1.0,0.0,0.0,1.0,0.0,0.0,171.0,13.0,0.05,0.01,0.15,0.0,0.0,0.0,0.0,55615.0
22.0,9.0,231.0,36322.0,0.0,1.0,1.0,0.0,0.0,1.0,0.0,0.0,1.0,255.0,1.0,0.0,0.05,0.0,0.0,0.0,0.0,20687.0
22.0,9.0,205.0,8773.0,0.0,1.0,13.0,0.0,0.0,1.0,0.0,0.1,215.0,255.0,1.0,0.0,0.02,0.0,0.0,0.0,0.0,47600.0
22.0,9.0,275.0,1418.0,0.0,1.0,10.0,0.0,0.0,1.0,0.0,0.29,18.0,255.0,1.0,0.0,0.04,0.0,0.01,0.0,0.0,88622.0
22.0,9.0,279.0,2708.0,0.0,1.0,5.0,0.0,0.0,1.0,0.0,0.0,24.0,255.0,1.0,0.0,0.02,0.0,0.0,0.0,0.0,32108.0
22.0,9.0,286.0,13246.0,0.0,1.0,1.0,0.0,0.0,1.0,0.0,0.4,14.0,255.0,1.0,0.0,0.03,0.14,0.01,0.0,0.0,102883.0
22.0,9.0,207.0,680.0,0.0,1.0,15.0,0.0,0.0,1.0,0.0,0.0,102.0,102.0,1.0,0.0,0.0,0.01,0.01,0.0,0.0,51958.0
22.0,9.0,261.0,856.0,0.0,1.0,12.0,0.0,0.0,1.0,0.0,0.0,194.0,255.0,1.0,0.0,0.01,0.0,0.0,0.0,0.0,56888.0
11.0,9.0,42.0,42.0,0.0,0.0,154.0,0.0,0.0,1.0,0.0,0.02,255.0,198.0,0.78,0.01,0.0,0.0,0.0,0.0,0.0,119133.0
22.0,9.0,214.0,1314.0,0.0,1.0,6.0,0.0,0.0,1.0,0.0,0.17,62.0,255.0,1.0,0.0,0.03,0.0,0.0,0.0,0.0,118562.0
49.0,9.0,1395.0,366.0,0.0,1.0,1.0,0.0,0.0,1.0,0.0,1.0,40.0,91.0,0.7,0.05,0.02,0.0,0.0,0.0,0.0,69887.0
49.0,9.0,2524.0,389.0,0.0,1.0,1.0,0.0,0.0,1.0,0.0,0.0,255.0,81.0,0.32,0.02,0.0,0.49,0.0,0.0,0.0,89372.0
49.0,9.0,4211.0,334.0,0.0,1.0,1.0,0.0,0.0,1.0,0.0,0.0,255.0,117.0,0.46,0.02,0.0,0.0,0.0,0.0,0.0,95547.0
11.0,9.0,44.0,126.0,0.0,0.0,69.0,0.0,0.0,0.99,0.03,0.01,255.0,241.0,0.95,0.01,0.0,0.0,0.0,0.0,0.0,10248.0
22.0,9.0,233.0,4097.0,0.0,1.0,2.0,0.0,0.0,1.0,0.0,0.4,255.0,255.0,1.0,0.0,0.0,0.0,0.0,0.0,0.0,34225.0
43.0,6.0,6.0,40.0,0.0,1.0,107.0,0.07,1.0,0.01,1.0,0.0,255.0,1.0,0.0,0.68,0.0,0.03,1.0,0.0,1.0,49960.0
44.0,9.0,105.0,147.0,0.0,0.0,3.0,0.0,0.0,0.67,0.67,0.0,255.0,245.0,0.96,0.01,0.0,0.0,0.0,0.0,0.0,124496.0
17.0,9.0,8.0,174.0,0.0,0.0,1.0,0.0,0.0,1.0,0.0,0.0,116.0,6.0,0.05,0.03,0.0,0.0,0.0,0.0,0.0,78551.0
22.0,5.0,0.0,0.0,0.0,0.0,2.0,0.5,0.2,1.0,0.0,0.4,11.0,255.0,1.0,0.0,0.03,0.09,0.01,0.0,0.0,18166.0
22.0,9.0,239.0,1897.0,0.0,1.0,1.0,0.0,0.0,1.0,0.0,0.0,2.0,255.0,1.0,0.0,0.07,0.0,0.0,0.0,0.0,45235.0
22.0,9.0,234.0,1212.0,0.0,1.0,4.0,0.0,0.0,1.0,0.0,0.0,203.0,255.0,1.0,0.0,0.02,0.0,0.0,0.0,0.0,13482.0
19.0,9.0,37.0,0.0,0.0,1.0,2.0,0.5,0.5,1.0,0.0,0.0,25.0,78.0,0.32,0.08,0.04,0.04,0.01,0.0,0.0,58832.0
22.0,9.0,54540.0,8314.0,0.0,1.0,1.0,0.0,0.0,1.0,0.0,1.0,255.0,255.0,1.0,0.0,0.0,0.0,0.0,0.03,1.0,56153.0
22.0,9.0,298.0,432.0,0.0,1.0,1.0,0.0,0.0,1.0,0.0,0.5,3.0,255.0,1.0,0.0,0.02,0.0,0.0,0.0,0.0,32482.0
22.0,9.0,252.0,798.0,0.0,1.0,34.0,0.0,0.0,1.0,0.0,0.0,255.0,255.0,1.0,0.0,0.0,0.0,0.0,0.0,0.0,109545.0
49.0,9.0,1245.0,477.0,0.0,1.0,7.0,0.0,0.0,0.14,0.29,1.0,255.0,14.0,0.05,0.02,0.0,0.0,0.0,0.07,0.0,62644.0
49.0,9.0,1481.0,330.0,0.0,1.0,1.0,0.0,0.0,1.0,0.0,1.0,223.0,166.0,0.65,0.02,0.01,0.0,0.0,0.0,0.0,48820.0
11.0,9.0,45.0,139.0,0.0,0.0,245.0,0.0,0.0,1.0,0.0,0.0,255.0,251.0,0.98,0.01,0.0,0.0,0.0,0.0,0.0,22872.0
22.0,9.0,231.0,3396.0,0.0,1.0,5.0,0.0,0.0,1.0,0.0,0.0,15.0,255.0,1.0,0.0,0.02,0.0,0.0,0.0,0.0,71585.0
11.0,9.0,42.0,42.0,0.0,0.0,5.0,0.0,0.0,1.0,0.0,0.22,255.0,235.0,0.92,0.01,0.0,0.0,0.0,0.0,0.0,116980.0
40.0,9.0,147.0,105.0,0.0,0.0,2.0,0.0,0.0,1.0,0.0,0.0,255.0,2.0,0.01,0.85,0.0,0.0,0.0,0.0,0.0,21301.0
22.0,9.0,235.0,258.0,0.0,1.0,8.0,0.0,0.0,1.0,0.0,0.12,247.0,255.0,1.0,0.0,0.01,0.0,0.0,0.0,0.0,5972.0
44.0,9.0,28.0,0.0,1.0,0.0,1.0,0.0,0.0,1.0,0.0,0.0,255.0,68.0,0.27,0.01,0.0,0.0,0.0,0.0,1.0,51650.0
19.0,9.0,3676.0,0.0,0.0,0.0,16.0,0.0,0.0,1.0,0.0,0.0,208.0,76.0,0.37,0.03,0.0,0.0,0.0,0.0,0.0,101294.0
22.0,9.0,317.0,558.0,0.0,1.0,6.0,0.0,0.0,1.0,0.0,0.0,6.0,255.0,1.0,0.0,0.06,0.0,0.0,0.0,0.0,34712.0
22.0,9.0,305.0,3222.0,0.0,1.0,6.0,0.0,0.0,1.0,0.0,0.0,255.0,251.0,0.98,0.01,0.0,0.0,0.0,0.0,0.0,84130.0
22.0,9.0,311.0,1473.0,0.0,1.0,3.0,0.0,0.0,1.0,0.0,0.33,24.0,255.0,1.0,0.0,0.02,0.0,0.0,0.0,0.0,10341.0
22.0,9.0,320.0,12155.0,0.0,1.0,1.0,0.0,0.0,1.0,0.0,0.1,4.0,255.0,1.0,0.0,0.04,0.0,0.01,0.0,0.0,78903.0
22.0,9.0,240.0,6356.0,0.0,1.0,8.0,0.0,0.0,1.0,0.0,0.0,255.0,255.0,1.0,0.0,0.0,0.0,0.0,0.0,0.0,89648.0
40.0,9.0,147.0,105.0,0.0,0.0,1.0,0.0,0.0,1.0,0.0,0.0,255.0,1.0,0.0,0.78,0.0,0.0,0.0,0.0,0.0,89581.0
22.0,9.0,242.0,337.0,0.0,1.0,7.0,0.0,0.0,1.0,0.0,0.25,255.0,255.0,1.0,0.0,0.0,0.0,0.0,0.0,0.0,100734.0
22.0,1.0,0.0,0.0,0.0,0.0,1.0,0.0,0.0,1.0,0.0,0.0,255.0,255.0,1.0,0.0,0.0,0.0,0.0,0.06,0.0,26301.0
49.0,9.0,672.0,326.0,0.0,1.0,1.0,0.0,0.0,1.0,0.0,1.0,191.0,138.0,0.39,0.02,0.01,0.0,0.0,0.0,0.0,71164.0
49.0,9.0,1375.0,336.0,0.0,1.0,1.0,0.0,0.0,1.0,0.0,0.0,177.0,171.0,0.67,0.02,0.01,0.0,0.0,0.0,0.0,82916.0
22.0,1.0,0.0,0.0,0.0,0.0,1.0,0.0,0.0,1.0,0.0,1.0,22.0,253.0,1.0,0.0,0.2,0.0,0.0,0.99,0.0,91186.0
22.0,9.0,293.0,398.0,0.0,1.0,6.0,0.17,0.17,1.0,0.0,0.0,255.0,255.0,1.0,0.0,0.0,0.01,0.01,0.0,0.0,46901.0
22.0,9.0,226.0,449.0,0.0,1.0,23.0,0.0,0.0,1.0,0.0,0.11,205.0,255.0,1.0,0.0,0.01,0.0,0.0,0.0,0.0,67919.0
11.0,9.0,110.0,30.0,0.0,0.0,1.0,0.0,0.0,1.0,0.0,0.0,37.0,20.0,0.54,0.05,0.0,0.0,0.0,0.0,0.0,77795.0
19.0,9.0,192.0,0.0,0.0,1.0,2.0,0.0,0.0,1.0,0.0,0.0,31.0,104.0,0.84,0.06,0.03,0.0,0.0,0.0,0.0,68636.0
11.0,9.0,46.0,92.0,0.0,0.0,103.0,0.0,0.0,1.0,0.0,0.03,255.0,229.0,0.9,0.01,0.0,0.0,0.0,0.0,0.0,26266.0
22.0,9.0,199.0,764.0,0.0,1.0,5.0,0.0,0.0,1.0,0.0,0.43,12.0,255.0,1.0,0.0,0.07,0.0,0.0,0.0,0.0,56672.0
22.0,9.0,54540.0,8314.0,0.0,1.0,2.0,0.0,0.0,1.0,0.0,0.0,159.0,159.0,1.0,0.0,0.0,0.0,0.0,0.01,1.0,6473.0
11.0,9.0,46.0,112.0,0.0,0.0,107.0,0.0,0.0,1.0,0.0,0.01,255.0,255.0,1.0,0.0,0.0,0.0,0.0,0.0,0.0,58051.0
22.0,9.0,237.0,294.0,0.0,1.0,8.0,0.0,0.0,1.0,0.0,0.22,255.0,255.0,1.0,0.0,0.0,0.0,0.0,0.0,0.0,45838.0
11.0,9.0,41.0,57.0,0.0,0.0,3.0,0.0,0.0,1.0,0.0,0.4,255.0,255.0,1.0,0.0,0.0,0.0,0.0,0.0,0.0,107737.0
22.0,9.0,287.0,27627.0,0.0,1.0,1.0,0.0,0.0,1.0,0.0,0.0,1.0,255.0,1.0,0.0,0.03,0.0,0.0,0.0,0.0,103934.0
42.0,9.0,66.0,3455.0,0.0,1.0,2.0,0.0,0.0,0.5,1.0,0.0,159.0,3.0,0.01,0.04,0.67,0.0,0.0,0.0,0.0,121981.0
11.0,9.0,42.0,42.0,0.0,0.0,1.0,0.0,0.0,1.0,0.0,0.0,255.0,233.0,0.91,0.01,0.0,0.0,0.0,0.0,0.0,96811.0
22.0,9.0,324.0,15105.0,0.0,1.0,1.0,0.0,0.0,1.0,0.0,0.0,53.0,255.0,1.0,0.0,0.03,0.0,0.0,0.0,0.0,96265.0
11.0,9.0,46.0,46.0,0.0,0.0,113.0,0.0,0.0,1.0,0.0,0.0,255.0,245.0,0.96,0.01,0.0,0.0,0.0,0.0,0.0,23193.0
22.0,9.0,226.0,498.0,0.0,1.0,21.0,0.0,0.0,1.0,0.0,0.12,255.0,255.0,1.0,0.0,0.0,0.0,0.0,0.0,0.0,99831.0
22.0,9.0,203.0,25948.0,0.0,1.0,12.0,0.0,0.0,1.0,0.0,0.0,72.0,255.0,1.0,0.0,0.01,0.0,0.0,0.0,0.0,77091.0
11.0,9.0,44.0,100.0,0.0,0.0,123.0,0.0,0.0,1.0,0.0,0.0,255.0,254.0,1.0,0.01,0.0,0.0,0.0,0.0,0.0,74337.0
49.0,9.0,1418.0,330.0,0.0,1.0,1.0,0.0,0.0,1.0,0.0,0.0,76.0,132.0,0.8,0.05,0.02,0.0,0.0,0.0,0.0,66650.0
22.0,9.0,238.0,1528.0,0.0,1.0,3.0,0.0,0.0,1.0,0.0,0.0,27.0,245.0,1.0,0.0,0.02,0.0,0.0,0.0,0.0,119723.0
40.0,9.0,516.0,4.0,0.0,0.0,409.0,0.0,0.0,1.0,0.0,0.0,255.0,255.0,1.0,0.0,0.0,0.0,0.0,0.0,0.0,81204.0
11.0,9.0,44.0,132.0,0.0,0.0,12.0,0.0,0.0,1.0,0.0,0.01,70.0,200.0,0.79,0.03,0.01,0.0,0.0,0.0,0.0,97803.0
49.0,9.0,2004.0,403.0,0.0,1.0,1.0,0.0,0.0,1.0,0.0,0.0,137.0,95.0,0.69,0.03,0.0,0.0,0.0,0.0,0.0,11573.0
22.0,9.0,336.0,920.0,0.0,1.0,9.0,0.11,0.08,1.0,0.0,0.17,255.0,255.0,1.0,0.0,0.0,0.01,0.01,0.0,0.0,48577.0
22.0,1.0,0.0,0.0,0.0,0.0,1.0,0.0,0.0,1.0,0.0,0.0,2.0,41.0,1.0,0.0,0.17,0.0,0.0,1.0,0.0,104176.0
22.0,9.0,270.0,2743.0,0.0,1.0,26.0,0.0,0.0,1.0,0.0,0.07,47.0,255.0,1.0,0.0,0.02,0.0,0.0,0.0,0.0,62525.0
22.0,9.0,322.0,42648.0,0.0,1.0,2.0,0.0,0.0,1.0,0.0,0.0,85.0,255.0,1.0,0.0,0.04,0.0,0.0,0.0,0.0,101629.0
22.0,9.0,290.0,2210.0,0.0,1.0,1.0,0.0,0.0,1.0,0.0,0.0,11.0,255.0,1.0,0.0,0.02,0.0,0.0,0.0,0.0,39891.0
22.0,9.0,225.0,4204.0,0.0,1.0,28.0,0.0,0.0,1.0,0.0,0.0,147.0,255.0,1.0,0.0,0.04,0.0,0.0,0.0,0.0,102255.0
11.0,9.0,42.0,125.0,0.0,0.0,135.0,0.0,0.0,1.0,0.0,0.01,255.0,254.0,1.0,0.01,0.0,0.0,0.0,0.0,0.0,87920.0
22.0,9.0,266.0,2424.0,0.0,1.0,1.0,0.0,0.0,1.0,0.0,1.0,255.0,248.0,0.97,0.01,0.0,0.0,0.0,0.0,0.0,35353.0
19.0,9.0,5558.0,0.0,0.0,0.0,11.0,0.0,0.0,1.0,0.0,0.17,61.0,78.0,0.49,0.08,0.03,0.0,0.0,0.0,0.0,104552.0
22.0,9.0,293.0,259.0,0.0,1.0,3.0,0.0,0.0,0.67,0.67,0.0,255.0,250.0,0.98,0.01,0.0,0.0,0.0,0.0,0.0,36801.0
49.0,9.0,661.0,338.0,0.0,1.0,1.0,0.0,0.0,1.0,0.0,1.0,136.0,90.0,0.24,0.04,0.02,0.01,0.01,0.0,0.0,85250.0
22.0,9.0,342.0,9395.0,0.0,1.0,5.0,0.0,0.0,1.0,0.0,0.33,147.0,255.0,1.0,0.0,0.01,0.0,0.0,0.0,0.0,62341.0
18.0,9.0,347.0,1063.0,0.0,1.0,1.0,0.0,0.0,1.0,0.0,0.0,239.0,40.0,0.17,0.03,0.0,0.0,0.0,0.0,0.0,60455.0
22.0,9.0,310.0,1548.0,0.0,1.0,8.0,0.0,0.0,1.0,0.0,0.22,255.0,255.0,1.0,0.0,0.0,0.0,0.0,0.0,0.0,122578.0
22.0,9.0,294.0,7303.0,0.0,1.0,17.0,0.0,0.0,1.0,0.0,0.11,17.0,255.0,1.0,0.0,0.07,0.0,0.0,0.0,0.0,94145.0
11.0,9.0,32.0,94.0,0.0,0.0,4.0,0.0,0.0,1.0,0.0,0.0,255.0,253.0,0.99,0.01,0.0,0.0,0.0,0.0,0.0,85118.0
22.0,9.0,296.0,1630.0,0.0,1.0,8.0,0.0,0.0,1.0,0.0,0.25,206.0,255.0,1.0,0.0,0.01,0.0,0.0,0.0,0.0,43137.0
22.0,9.0,221.0,1600.0,0.0,1.0,9.0,0.0,0.0,1.0,0.0,0.2,255.0,255.0,1.0,0.0,0.0,0.0,0.0,0.0,0.0,69535.0
22.0,9.0,179.0,1597.0,0.0,1.0,1.0,0.0,0.0,1.0,0.0,0.04,255.0,251.0,0.98,0.01,0.0,0.0,0.0,0.0,0.0,124635.0
19.0,9.0,748.0,0.0,0.0,0.0,1.0,0.0,0.0,1.0,0.0,0.0,59.0,10.0,0.17,0.05,0.0,0.0,0.0,0.0,0.0,35162.0
22.0,9.0,250.0,3589.0,0.0,1.0,13.0,0.0,0.0,1.0,0.0,0.0,255.0,255.0,1.0,0.0,0.0,0.0,0.0,0.0,0.0,2885.0
19.0,9.0,10044.0,0.0,0.0,1.0,13.0,0.0,0.0,1.0,0.0,0.0,217.0,87.0,0.35,0.02,0.02,0.0,0.0,0.0,0.0,17975.0
22.0,9.0,260.0,853.0,0.0,1.0,3.0,0.0,0.0,1.0,0.0,0.11,12.0,255.0,1.0,0.0,0.06,0.0,0.0,0.0,0.0,45001.0
40.0,1.0,0.0,0.0,0.0,0.0,1.0,0.0,0.0,1.0,0.0,0.0,9.0,9.0,1.0,0.0,0.0,0.0,0.0,1.0,0.0,58662.0
22.0,9.0,299.0,308.0,0.0,1.0,3.0,0.0,0.0,1.0,0.0,0.5,255.0,255.0,1.0,0.0,0.0,0.0,0.0,0.0,0.0,117618.0
22.0,9.0,223.0,672.0,0.0,1.0,31.0,0.0,0.0,1.0,0.0,0.0,62.0,255.0,1.0,0.0,0.02,0.0,0.0,0.0,0.0,28662.0
17.0,9.0,8.0,141.0,0.0,0.0,1.0,0.0,0.0,1.0,0.0,0.0,208.0,13.0,0.06,0.03,0.0,0.0,0.0,0.0,0.0,8270.0
22.0,9.0,357.0,1529.0,0.0,1.0,9.0,0.0,0.0,1.0,0.0,0.0,255.0,255.0,1.0,0.0,0.0,0.0,0.0,0.0,0.0,16713.0
22.0,9.0,214.0,181.0,0.0,1.0,7.0,0.14,0.14,1.0,0.0,0.0,6.0,255.0,1.0,0.0,0.03,0.0,0.0,0.0,0.0,95287.0
49.0,9.0,36040.0,340.0,0.0,1.0,1.0,0.0,0.0,1.0,0.0,1.0,227.0,182.0,0.71,0.02,0.01,0.0,0.0,0.0,0.0,105612.0
22.0,9.0,345.0,895.0,0.0,1.0,15.0,0.0,0.03,1.0,0.0,0.09,255.0,255.0,1.0,0.0,0.0,0.0,0.0,0.0,0.0,66864.0
22.0,9.0,149.0,35701.0,0.0,1.0,1.0,0.0,0.0,1.0,0.0,0.75,14.0,255.0,1.0,0.0,0.04,0.0,0.0,0.0,0.0,108760.0
40.0,9.0,146.0,105.0,0.0,0.0,4.0,0.0,0.0,0.5,0.5,0.0,255.0,2.0,0.01,0.76,0.0,0.0,0.0,0.0,0.0,77123.0
22.0,9.0,205.0,1046.0,0.0,1.0,8.0,0.0,0.0,1.0,0.0,0.22,37.0,255.0,1.0,0.0,0.04,0.0,0.01,0.0,0.0,85287.0
49.0,9.0,1663.0,371.0,0.0,1.0,1.0,0.0,0.0,1.0,0.0,0.0,24.0,168.0,0.75,0.12,0.01,0.0,0.01,0.0,0.0,76233.0
22.0,9.0,169.0,13635.0,0.0,1.0,4.0,0.0,0.0,1.0,0.0,0.25,143.0,255.0,1.0,0.0,0.02,0.01,0.0,0.0,0.0,104888.0
22.0,9.0,220.0,398.0,0.0,1.0,4.0,0.0,0.0,1.0,0.0,0.4,255.0,255.0,1.0,0.0,0.0,0.0,0.0,0.0,0.0,50446.0
22.0,9.0,311.0,2936.0,0.0,1.0,4.0,0.0,0.0,1.0,0.0,0.0,255.0,255.0,1.0,0.0,0.0,0.0,0.0,0.0,0.0,12643.0
22.0,9.0,264.0,6257.0,0.0,1.0,6.0,0.0,0.0,1.0,0.0,0.25,71.0,255.0,1.0,0.0,0.02,0.0,0.0,0.0,0.0,31715.0
44.0,9.0,105.0,0.0,0.0,0.0,1.0,0.0,0.0,1.0,0.0,0.0,37.0,1.0,0.03,0.05,0.0,0.0,0.0,0.0,0.0,106192.0
22.0,9.0,229.0,11400.0,0.0,1.0,9.0,0.0,0.0,1.0,0.0,0.0,60.0,255.0,1.0,0.0,0.05,0.02,0.01,0.0,0.0,76131.0
19.0,9.0,2194619.0,0.0,0.0,1.0,2.0,0.0,0.0,1.0,0.0,0.0,37.0,84.0,0.32,0.16,0.04,0.0,0.0,0.0,0.0,80942.0
11.0,9.0,44.0,44.0,0.0,0.0,80.0,0.0,0.0,1.0,0.0,0.01,255.0,254.0,1.0,0.01,0.0,0.0,0.0,0.0,0.0,50453.0
22.0,9.0,277.0,2253.0,0.0,1.0,17.0,0.0,0.0,1.0,0.0,0.0,17.0,255.0,1.0,0.0,0.04,0.0,0.01,0.0,0.0,641.0
22.0,9.0,232.0,467.0,0.0,1.0,1.0,0.0,0.0,1.0,0.0,0.0,3.0,255.0,1.0,0.0,0.04,0.0,0.0,0.0,0.0,66326.0
22.0,9.0,252.0,24356.0,0.0,1.0,1.0,0.0,0.0,1.0,0.0,0.0,255.0,255.0,1.0,0.0,0.0,0.0,0.0,0.0,0.0,97859.0
11.0,9.0,45.0,71.0,0.0,0.0,182.0,0.0,0.0,1.0,0.0,0.0,255.0,255.0,1.0,0.0,0.0,0.0,0.0,0.0,0.0,37453.0
22.0,9.0,210.0,2446.0,0.0,1.0,7.0,0.0,0.0,1.0,0.0,0.25,116.0,255.0,1.0,0.0,0.02,0.01,0.0,0.0,0.0,5748.0
22.0,9.0,226.0,2119.0,0.0,1.0,18.0,0.0,0.0,1.0,0.0,0.11,51.0,255.0,1.0,0.0,0.09,0.0,0.0,0.0,0.0,103775.0
22.0,9.0,236.0,2507.0,0.0,1.0,7.0,0.0,0.0,1.0,0.0,0.15,255.0,253.0,0.99,0.01,0.0,0.0,0.0,0.0,0.0,88011.0
49.0,9.0,2838.0,325.0,0.0,1.0,1.0,0.0,0.0,1.0,0.0,0.0,255.0,130.0,0.51,0.05,0.0,0.01,0.0,0.0,0.0,1086.0
22.0,9.0,247.0,997.0,0.0,1.0,4.0,0.0,0.0,1.0,0.0,0.0,255.0,255.0,1.0,0.0,0.0,0.0,0.0,0.0,0.0,105182.0
49.0,9.0,1389.0,368.0,0.0,1.0,1.0,0.0,0.0,1.0,0.0,1.0,207.0,104.0,0.5,0.03,0.0,0.0,0.01,0.0,0.0,77577.0
19.0,9.0,5135678.0,0.0,0.0,1.0,1.0,0.0,0.0,1.0,0.0,0.0,5.0,32.0,1.0,0.0,0.12,0.0,0.0,0.0,1.0,23211.0
58.0,9.0,78.0,0.0,0.0,0.0,11.0,0.0,0.0,0.18,0.18,0.0,255.0,10.0,0.04,0.01,0.0,0.0,0.0,0.0,0.0,26999.0
19.0,8.0,40495.0,0.0,0.0,1.0,10.0,0.1,0.1,1.0,0.0,0.0,112.0,97.0,0.58,0.04,0.02,0.02,0.02,0.0,0.0,34479.0
22.0,7.0,266.0,70559.0,0.0,1.0,1.0,1.0,1.0,1.0,0.0,0.0,1.0,255.0,1.0,0.0,0.02,1.0,0.0,0.0,0.0,43489.0
22.0,9.0,311.0,11336.0,0.0,1.0,17.0,0.0,0.0,1.0,0.0,0.15,200.0,255.0,1.0,0.0,0.02,0.0,0.0,0.0,0.0,41198.0
22.0,9.0,307.0,4544.0,0.0,1.0,6.0,0.0,0.0,1.0,0.0,0.44,85.0,255.0,1.0,0.0,0.02,0.0,0.0,0.0,0.0,26981.0
49.0,9.0,1109.0,329.0,0.0,1.0,1.0,0.0,0.0,1.0,0.0,0.0,63.0,137.0,0.68,0.1,0.02,0.0,0.01,0.0,0.0,96648.0
22.0,9.0,335.0,14237.0,0.0,1.0,1.0,0.0,0.0,1.0,0.0,0.0,3.0,255.0,1.0,0.0,0.04,0.33,0.0,0.0,0.0,117801.0
19.0,9.0,259.0,0.0,0.0,1.0,2.0,0.0,0.0,1.0,0.0,0.0,193.0,72.0,0.26,0.37,0.03,0.0,0.0,0.01,0.0,125804.0
22.0,9.0,190.0,6315.0,0.0,1.0,1.0,0.0,0.0,1.0,0.0,0.0,57.0,255.0,1.0,0.0,0.05,0.0,0.0,0.0,0.0,51032.0
22.0,9.0,297.0,17035.0,0.0,1.0,3.0,0.0,0.0,1.0,0.0,0.0,236.0,255.0,1.0,0.0,0.01,0.01,0.01,0.0,0.0,33253.0
11.0,9.0,82.0,38.0,0.0,0.0,2.0,0.0,0.0,1.0,0.0,0.33,255.0,236.0,0.93,0.01,0.0,0.0,0.0,0.0,0.0,28973.0
44.0,9.0,105.0,147.0,0.0,0.0,1.0,0.0,0.0,1.0,0.0,0.0,21.0,21.0,1.0,0.0,0.0,0.0,0.0,0.0,0.0,22247.0
49.0,9.0,1862.0,331.0,0.0,1.0,1.0,0.0,0.0,1.0,0.0,0.0,104.0,164.0,0.63,0.04,0.01,0.0,0.0,0.05,0.0,25110.0
22.0,9.0,263.0,1630.0,0.0,1.0,2.0,0.0,0.0,1.0,0.0,0.0,14.0,2.0,0.14,0.21,0.0,0.5,0.0,0.0,0.0,2509.0
22.0,9.0,315.0,536.0,0.0,1.0,15.0,0.0,0.0,1.0,0.0,0.0,225.0,255.0,1.0,0.0,0.01,0.0,0.0,0.0,0.0,111349.0
22.0,9.0,297.0,27928.0,0.0,1.0,16.0,0.0,0.0,1.0,0.0,0.0,84.0,255.0,1.0,0.0,0.03,0.0,0.0,0.0,0.0,74789.0
22.0,9.0,332.0,1372.0,0.0,1.0,7.0,0.0,0.0,1.0,0.0,0.18,7.0,255.0,1.0,0.0,0.05,0.0,0.0,0.0,0.0,101270.0
49.0,9.0,3149.0,332.0,0.0,1.0,1.0,0.0,0.0,1.0,0.0,0.0,87.0,55.0,0.63,0.06,0.0,0.0,0.0,0.0,0.0,69384.0
40.0,9.0,145.0,0.0,0.0,0.0,3.0,0.0,0.0,0.33,0.67,0.0,255.0,1.0,0.0,0.2,0.0,0.0,0.0,0.0,0.0,29541.0
11.0,9.0,44.0,44.0,0.0,0.0,115.0,0.0,0.0,1.0,0.0,0.0,255.0,252.0,0.99,0.01,0.0,0.0,0.0,0.0,0.0,45332.0
22.0,9.0,318.0,3989.0,0.0,1.0,12.0,0.0,0.0,1.0,0.0,0.0,79.0,255.0,1.0,0.0,0.01,0.0,0.0,0.0,0.0,36665.0
1.0,9.0,754060.0,39648.0,0.0,1.0,1.0,0.0,0.0,1.0,0.0,0.0,22.0,18.0,0.82,0.14,0.0,0.05,0.06,0.06,0.0,75223.0
44.0,9.0,105.0,0.0,0.0,0.0,1.0,0.0,0.0,1.0,0.0,0.0,2.0,2.0,1.0,0.0,0.0,0.0,0.0,0.0,0.0,82809.0
22.0,9.0,328.0,1032.0,0.0,1.0,2.0,0.0,0.0,1.0,0.0,0.0,78.0,255.0,1.0,0.0,0.02,0.0,0.0,0.0,0.0,101305.0
22.0,9.0,320.0,266.0,0.0,1.0,1.0,0.0,0.0,1.0,0.0,0.0,255.0,254.0,1.0,0.01,0.0,0.0,0.0,0.0,0.0,119068.0
49.0,9.0,685.0,330.0,0.0,1.0,1.0,0.0,0.0,1.0,0.0,1.0,169.0,158.0,0.67,0.03,0.01,0.0,0.0,0.0,0.0,79488.0
22.0,9.0,320.0,289.0,0.0,1.0,8.0,0.0,0.0,1.0,0.0,0.14,255.0,255.0,1.0,0.0,0.0,0.0,0.0,0.0,0.0,2564.0
22.0,9.0,290.0,4213.0,0.0,1.0,2.0,0.0,0.0,1.0,0.0,0.0,2.0,255.0,1.0,0.0,0.04,0.0,0.0,0.0,0.0,98736.0
22.0,1.0,0.0,0.0,0.0,0.0,1.0,0.0,0.0,1.0,0.0,0.0,2.0,90.0,1.0,0.0,0.32,0.0,0.01,0.99,0.0,56207.0
22.0,9.0,232.0,1721.0,0.0,1.0,13.0,0.0,0.0,1.0,0.0,0.04,255.0,255.0,1.0,0.0,0.0,0.01,0.01,0.0,0.0,120268.0
49.0,9.0,1089.0,326.0,0.0,1.0,1.0,0.0,0.0,1.0,0.0,1.0,242.0,118.0,0.48,0.02,0.02,0.01,0.02,0.0,0.0,26786.0
19.0,9.0,192.0,0.0,0.0,0.0,2.0,0.0,0.0,1.0,0.0,0.0,77.0,85.0,0.23,0.04,0.02,0.0,0.0,0.0,0.0,93173.0
19.0,9.0,12241.0,0.0,0.0,1.0,8.0,0.0,0.0,1.0,0.0,0.0,88.0,54.0,0.2,0.07,0.04,0.0,0.0,0.0,0.0,79300.0
22.0,9.0,54540.0,8314.0,0.0,1.0,4.0,0.0,0.0,1.0,0.0,0.0,200.0,200.0,1.0,0.0,0.0,0.0,0.0,0.05,1.0,92734.0
11.0,9.0,44.0,70.0,0.0,0.0,140.0,0.0,0.0,1.0,0.0,0.0,255.0,202.0,0.79,0.01,0.0,0.0,0.0,0.0,0.0,56085.0
22.0,9.0,249.0,2093.0,0.0,1.0,1.0,0.0,0.0,1.0,0.0,0.11,14.0,255.0,1.0,0.0,0.04,0.0,0.0,0.0,0.0,4517.0
19.0,9.0,12.0,0.0,0.0,1.0,1.0,0.0,0.0,1.0,0.0,0.0,255.0,35.0,0.14,0.02,0.0,0.0,0.0,0.0,0.0,91409.0
19.0,9.0,1109.0,0.0,0.0,0.0,1.0,0.0,0.0,1.0,0.0,0.0,146.0,52.0,0.16,0.04,0.04,0.0,0.0,0.0,0.0,95979.0
18.0,9.0,365.0,1181.0,0.0,1.0,1.0,0.0,0.0,1.0,0.0,0.0,39.0,18.0,0.46,0.13,0.0,0.0,0.0,0.0,0.0,104266.0
22.0,9.0,210.0,424.0,0.0,1.0,37.0,0.0,0.0,1.0,0.0,0.09,255.0,255.0,1.0,0.0,0.0,0.0,0.0,0.0,0.0,115549.0
22.0,9.0,288.0,32099.0,0.0,1.0,3.0,0.0,0.0,1.0,0.0,0.25,35.0,255.0,1.0,0.0,0.02,0.0,0.0,0.0,0.0,81911.0
22.0,9.0,247.0,227.0,0.0,1.0,11.0,0.0,0.0,1.0,0.0,0.0,11.0,255.0,1.0,0.0,0.04,0.0,0.0,0.0,0.0,68346.0
19.0,9.0,4753.0,0.0,0.0,0.0,16.0,0.0,0.0,1.0,0.0,0.0,47.0,26.0,0.55,0.09,0.0,0.0,0.0,0.0,0.0,93662.0
22.0,9.0,224.0,1529.0,0.0,1.0,22.0,0.0,0.0,1.0,0.0,0.0,255.0,255.0,1.0,0.0,0.0,0.0,0.0,0.0,0.0,59326.0
22.0,9.0,368.0,2065.0,0.0,1.0,10.0,0.0,0.0,1.0,0.0,0.0,255.0,255.0,1.0,0.0,0.0,0.0,0.0,0.0,0.0,107365.0
19.0,9.0,59.0,0.0,0.0,1.0,1.0,0.0,0.0,1.0,0.0,0.0,255.0,21.0,0.08,0.5,0.0,0.0,0.0,0.0,0.0,48348.0
55.0,9.0,105.0,2259.0,0.0,1.0,1.0,0.0,0.0,1.0,0.0,0.0,111.0,3.0,0.02,0.05,0.67,0.0,0.0,0.0,0.0,73848.0
11.0,9.0,43.0,126.0,0.0,0.0,191.0,0.0,0.0,0.99,0.01,0.0,222.0,189.0,0.85,0.01,0.0,0.0,0.0,0.0,0.0,32820.0
40.0,9.0,147.0,105.0,0.0,0.0,1.0,0.0,0.0,1.0,0.0,0.0,255.0,2.0,0.01,0.53,0.0,0.0,0.0,0.0,0.0,93676.0
22.0,9.0,207.0,10399.0,0.0,1.0,4.0,0.0,0.0,1.0,0.0,0.4,10.0,255.0,1.0,0.0,0.07,0.0,0.0,0.0,0.0,14535.0
22.0,9.0,312.0,2756.0,0.0,1.0,6.0,0.0,0.0,1.0,0.0,0.0,6.0,216.0,1.0,0.0,0.01,0.0,0.0,0.0,0.0,35014.0
22.0,9.0,182.0,33119.0,0.0,1.0,1.0,0.0,0.0,1.0,0.0,0.0,255.0,252.0,0.99,0.01,0.0,0.0,0.0,0.0,0.0,78148.0
22.0,9.0,339.0,1619.0,0.0,1.0,2.0,0.0,0.0,1.0,0.0,0.0,18.0,255.0,1.0,0.0,0.01,0.0,0.0,0.0,0.0,16380.0
22.0,9.0,319.0,1719.0,0.0,1.0,9.0,0.0,0.0,1.0,0.0,0.0,255.0,255.0,1.0,0.0,0.0,0.01,0.01,0.0,0.0,64329.0
22.0,9.0,319.0,3588.0,0.0,1.0,8.0,0.0,0.0,1.0,0.0,0.2,18.0,255.0,1.0,0.0,0.05,0.0,0.0,0.0,0.0,28014.0
22.0,9.0,310.0,294.0,0.0,1.0,11.0,0.0,0.0,1.0,0.0,0.0,255.0,255.0,1.0,0.0,0.0,0.0,0.0,0.0,0.0,111557.0
22.0,9.0,231.0,417.0,0.0,1.0,1.0,0.0,0.0,1.0,0.0,0.0,17.0,17.0,1.0,0.0,0.0,0.0,0.0,0.0,0.0,22817.0
22.0,9.0,214.0,7096.0,0.0,1.0,14.0,0.0,0.0,1.0,0.0,0.0,208.0,255.0,1.0,0.0,0.02,0.0,0.0,0.0,0.0,29669.0
19.0,9.0,252.0,0.0,0.0,1.0,2.0,0.0,0.0,1.0,0.0,0.0,4.0,56.0,0.75,0.5,0.04,0.0,0.0,0.0,0.0,3609.0
11.0,9.0,32.0,0.0,0.0,0.0,1.0,0.0,0.0,1.0,0.0,1.0,242.0,49.0,0.19,0.02,0.04,0.0,0.0,0.0,0.0,38098.0
49.0,9.0,1336.0,339.0,0.0,1.0,1.0,0.0,0.0,1.0,0.0,1.0,153.0,176.0,0.61,0.03,0.01,0.0,0.0,0.0,0.0,54523.0
49.0,9.0,1538.0,369.0,0.0,1.0,1.0,0.0,0.0,1.0,0.0,0.0,235.0,104.0,0.42,0.03,0.02,0.0,0.0,0.0,0.0,96448.0
22.0,5.0,0.0,0.0,0.0,0.0,2.0,0.5,0.5,1.0,0.0,0.0,2.0,255.0,1.0,0.0,0.01,0.5,0.0,0.0,0.0,17133.0
22.0,9.0,216.0,7956.0,0.0,1.0,1.0,0.0,0.0,1.0,0.0,0.0,5.0,255.0,1.0,0.0,0.05,0.0,0.0,0.0,0.0,48878.0
49.0,9.0,2797.0,363.0,0.0,1.0,1.0,0.0,0.0,1.0,0.0,1.0,158.0,201.0,0.87,0.03,0.01,0.0,0.0,0.0,0.0,97928.0
22.0,9.0,257.0,8930.0,0.0,1.0,1.0,0.0,0.0,1.0,0.0,0.0,211.0,255.0,1.0,0.0,0.02,0.0,0.0,0.0,0.0,66086.0
22.0,9.0,306.0,507.0,0.0,1.0,3.0,0.0,0.0,1.0,0.0,0.0,30.0,230.0,1.0,0.0,0.04,0.0,0.0,0.0,0.0,111930.0
22.0,9.0,213.0,8774.0,0.0,1.0,4.0,0.0,0.0,1.0,0.0,0.0,7.0,63.0,1.0,0.0,0.1,0.0,0.02,0.0,0.0,113922.0
22.0,9.0,295.0,2713.0,0.0,1.0,1.0,0.0,0.0,1.0,0.0,0.0,31.0,255.0,1.0,0.0,0.05,0.0,0.0,0.0,0.0,117186.0
18.0,9.0,1000.0,3074.0,0.0,1.0,1.0,0.0,0.0,1.0,0.0,0.0,192.0,42.0,0.22,0.04,0.0,0.0,0.0,0.02,0.0,3273.0
22.0,9.0,333.0,6551.0,0.0,1.0,3.0,0.0,0.0,1.0,0.0,0.0,27.0,255.0,1.0,0.0,0.03,0.0,0.0,0.0,0.0,57037.0
22.0,9.0,313.0,25519.0,0.0,1.0,2.0,0.0,0.0,1.0,0.0,0.0,255.0,255.0,1.0,0.0,0.0,0.0,0.0,0.01,0.0,4956.0
22.0,1.0,0.0,0.0,0.0,0.0,1.0,0.0,0.0,1.0,0.0,0.0,8.0,251.0,1.0,0.0,0.17,0.0,0.0,1.0,0.0,91132.0
49.0,9.0,775.0,336.0,0.0,1.0,2.0,0.0,0.0,0.5,1.0,0.0,255.0,133.0,0.52,0.03,0.0,0.0,0.0,0.0,0.0,102890.0
22.0,9.0,320.0,269.0,0.0,1.0,15.0,0.0,0.0,1.0,0.0,0.14,113.0,255.0,1.0,0.0,0.03,0.0,0.0,0.0,0.0,2357.0
22.0,9.0,223.0,2136.0,0.0,1.0,27.0,0.0,0.0,1.0,0.0,0.06,60.0,255.0,1.0,0.0,0.01,0.0,0.0,0.0,0.0,40084.0
55.0,9.0,122.0,6076.0,0.0,1.0,1.0,0.0,0.0,1.0,0.0,0.0,181.0,2.0,0.01,0.03,0.0,0.0,0.0,0.0,0.0,120857.0
22.0,9.0,304.0,336.0,0.0,1.0,9.0,0.0,0.0,1.0,0.0,0.0,255.0,255.0,1.0,0.0,0.0,0.0,0.0,0.0,0.0,82539.0
22.0,9.0,236.0,821.0,0.0,1.0,3.0,0.0,0.0,1.0,0.0,0.6,3.0,255.0,1.0,0.0,0.02,0.0,0.0,0.0,0.0,117967.0
11.0,9.0,45.0,79.0,0.0,0.0,249.0,0.0,0.0,1.0,0.0,0.01,255.0,254.0,1.0,0.01,0.0,0.0,0.0,0.0,0.0,108973.0
22.0,9.0,200.0,2637.0,0.0,1.0,19.0,0.0,0.0,1.0,0.0,0.1,19.0,255.0,1.0,0.0,0.03,0.0,0.0,0.0,0.0,56685.0
19.0,9.0,854.0,0.0,0.0,0.0,2.0,0.0,0.0,1.0,0.0,0.0,255.0,46.0,0.18,0.49,0.0,0.49,0.0,0.0,0.0,41106.0
11.0,9.0,17.0,17.0,0.0,0.0,1.0,0.0,0.0,1.0,0.0,1.0,255.0,242.0,0.95,0.01,0.0,0.0,0.0,0.0,0.0,87157.0
22.0,9.0,260.0,8162.0,0.0,1.0,16.0,0.0,0.0,1.0,0.0,0.12,255.0,255.0,1.0,0.0,0.0,0.0,0.0,0.0,0.0,77050.0
22.0,9.0,278.0,7561.0,0.0,1.0,4.0,0.0,0.0,1.0,0.0,0.0,19.0,255.0,1.0,0.0,0.03,0.0,0.0,0.0,0.0,28016.0
22.0,9.0,231.0,1253.0,0.0,1.0,10.0,0.0,0.0,1.0,0.0,0.0,10.0,255.0,1.0,0.0,0.07,0.0,0.0,0.0,0.0,13583.0
22.0,9.0,320.0,911.0,0.0,1.0,30.0,0.0,0.0,1.0,0.0,0.08,159.0,255.0,1.0,0.0,0.02,0.0,0.0,0.0,0.0,2392.0
22.0,9.0,274.0,17066.0,0.0,1.0,1.0,0.0,0.0,1.0,0.0,1.0,33.0,255.0,1.0,0.0,0.03,0.0,0.0,0.0,0.0,110886.0
22.0,9.0,288.0,1627.0,0.0,1.0,19.0,0.0,0.0,1.0,0.0,0.12,19.0,255.0,1.0,0.0,0.02,0.0,0.0,0.0,0.0,69770.0
22.0,9.0,329.0,1201.0,0.0,1.0,7.0,0.0,0.0,1.0,0.0,0.0,17.0,255.0,1.0,0.0,0.05,0.0,0.0,0.0,0.0,49458.0
22.0,1.0,0.0,0.0,0.0,0.0,1.0,0.0,0.0,1.0,0.0,1.0,17.0,84.0,1.0,0.0,0.18,0.0,0.0,1.0,0.0,71491.0
22.0,9.0,236.0,3222.0,0.0,1.0,1.0,0.0,0.0,1.0,0.0,0.0,255.0,248.0,0.97,0.01,0.0,0.03,0.03,0.0,0.0,74017.0
22.0,9.0,206.0,11974.0,0.0,1.0,9.0,0.0,0.0,1.0,0.0,0.0,42.0,255.0,1.0,0.0,0.02,0.0,0.0,0.0,0.0,112621.0
11.0,9.0,45.0,130.0,0.0,0.0,71.0,0.0,0.0,1.0,0.0,0.02,211.0,196.0,0.81,0.01,0.01,0.0,0.0,0.0,0.0,101140.0
22.0,9.0,313.0,248.0,0.0,1.0,6.0,0.0,0.0,1.0,0.0,0.29,149.0,185.0,1.0,0.0,0.02,0.0,0.01,0.0,0.0,5916.0
11.0,9.0,44.0,44.0,0.0,0.0,78.0,0.0,0.0,1.0,0.0,0.01,255.0,255.0,1.0,0.0,0.0,0.0,0.0,0.0,0.0,118366.0
22.0,9.0,276.0,25868.0,0.0,1.0,1.0,0.0,0.33,1.0,0.0,0.67,255.0,255.0,1.0,0.0,0.0,0.0,0.0,0.0,0.0,20610.0
22.0,9.0,232.0,2698.0,0.0,1.0,4.0,0.0,0.0,1.0,0.0,0.0,255.0,230.0,0.9,0.02,0.0,0.0,0.0,0.0,0.0,3811.0
22.0,9.0,290.0,2056.0,0.0,1.0,20.0,0.0,0.0,1.0,0.0,0.0,168.0,255.0,1.0,0.0,0.01,0.0,0.0,0.01,0.0,38385.0
22.0,9.0,195.0,6214.0,0.0,1.0,7.0,0.0,0.0,1.0,0.0,0.0,46.0,255.0,1.0,0.0,0.05,0.0,0.0,0.0,0.0,96748.0
11.0,9.0,46.0,122.0,0.0,0.0,150.0,0.0,0.0,1.0,0.0,0.01,255.0,229.0,0.9,0.01,0.0,0.0,0.0,0.0,0.0,30798.0
49.0,9.0,800.0,335.0,0.0,1.0,1.0,0.0,0.0,1.0,0.0,0.0,171.0,189.0,0.75,0.02,0.01,0.0,0.0,0.0,0.0,103862.0
22.0,9.0,145.0,25213.0,0.0,1.0,1.0,0.0,0.0,1.0,0.0,0.0,22.0,255.0,1.0,0.0,0.04,0.0,0.0,0.0,0.0,58016.0
56.0,9.0,0.0,4.0,0.0,0.0,1.0,0.0,0.0,1.0,0.0,0.0,7.0,7.0,1.0,0.0,0.0,0.0,0.0,0.0,0.0,11492.0
22.0,9.0,181.0,9317.0,0.0,1.0,5.0,0.0,0.0,1.0,0.0,0.0,144.0,255.0,1.0,0.0,0.03,0.01,0.0,0.0,0.0,86353.0
22.0,9.0,310.0,1484.0,0.0,1.0,14.0,0.0,0.0,1.0,0.0,0.13,255.0,255.0,1.0,0.0,0.0,0.0,0.0,0.0,0.0,10524.0
22.0,9.0,304.0,4835.0,0.0,1.0,1.0,0.0,0.0,1.0,0.0,0.0,1.0,255.0,1.0,0.0,0.04,0.0,0.0,0.0,0.0,81083.0
22.0,9.0,282.0,2618.0,0.0,1.0,17.0,0.0,0.0,1.0,0.0,0.0,17.0,255.0,1.0,0.0,0.05,0.0,0.0,0.0,0.0,46218.0
19.0,9.0,15377.0,0.0,0.0,1.0,23.0,0.0,0.0,1.0,0.0,0.0,37.0,47.0,0.78,0.05,0.04,0.0,0.0,0.0,0.0,19524.0
55.0,9.0,11487.0,20777.0,0.0,1.0,1.0,0.0,0.0,1.0,0.0,0.0,99.0,9.0,0.08,0.73,0.22,0.01,0.11,0.22,0.0,75079.0
22.0,9.0,286.0,296.0,0.0,1.0,1.0,0.0,0.0,1.0,0.0,0.0,255.0,255.0,1.0,0.0,0.0,0.0,0.0,0.0,0.0,3117.0
18.0,9.0,1074.0,3081.0,0.0,1.0,1.0,0.0,0.0,1.0,0.0,0.0,192.0,15.0,0.08,0.03,0.0,0.0,0.0,0.0,0.0,65792.0
22.0,9.0,268.0,5671.0,0.0,1.0,4.0,0.0,0.0,1.0,0.0,0.4,4.0,255.0,1.0,0.0,0.04,0.0,0.01,0.0,0.0,105720.0
19.0,9.0,8325.0,0.0,0.0,1.0,17.0,0.0,0.0,1.0,0.0,0.0,79.0,78.0,0.29,0.04,0.03,0.0,0.15,0.0,0.0,79774.0
22.0,9.0,181.0,5830.0,0.0,1.0,1.0,0.0,0.0,1.0,0.0,0.0,255.0,255.0,1.0,0.0,0.0,0.01,0.01,0.0,0.0,8346.0
22.0,1.0,0.0,0.0,0.0,0.0,511.0,0.0,0.0,0.0,0.0,0.0,233.0,195.0,0.84,0.01,0.0,0.0,0.0,1.0,0.0,6338.0
22.0,9.0,288.0,2001.0,0.0,1.0,38.0,0.0,0.0,1.0,0.0,0.0,44.0,255.0,1.0,0.0,0.02,0.0,0.0,0.0,0.0,18179.0
19.0,9.0,201.0,0.0,0.0,1.0,1.0,0.0,0.0,1.0,0.0,0.0,94.0,70.0,0.19,0.76,0.03,0.0,0.0,0.01,0.0,7933.0
40.0,9.0,35195.0,0.0,0.0,1.0,22.0,0.05,0.0,0.05,0.36,0.0,204.0,1.0,0.0,0.11,0.0,0.02,0.0,0.0,0.0,81888.0
49.0,9.0,1037.0,328.0,0.0,1.0,1.0,0.0,0.0,1.0,0.0,1.0,255.0,30.0,0.12,0.54,0.0,0.0,0.0,0.0,0.0,116156.0
22.0,9.0,287.0,20502.0,0.0,1.0,5.0,0.0,0.0,1.0,0.0,0.18,60.0,255.0,1.0,0.0,0.02,0.0,0.0,0.0,0.0,79302.0
22.0,9.0,223.0,488.0,0.0,1.0,3.0,0.0,0.0,1.0,0.0,0.07,255.0,255.0,1.0,0.0,0.0,0.0,0.0,0.0,0.0,71476.0
22.0,9.0,341.0,939.0,0.0,1.0,28.0,0.0,0.0,1.0,0.0,0.0,255.0,255.0,1.0,0.0,0.0,0.0,0.0,0.0,0.0,67717.0
22.0,9.0,213.0,2861.0,0.0,1.0,17.0,0.0,0.0,1.0,0.0,0.0,242.0,255.0,1.0,0.0,0.01,0.0,0.0,0.0,0.0,90799.0
22.0,9.0,281.0,7205.0,0.0,1.0,7.0,0.0,0.0,1.0,0.0,0.0,160.0,255.0,1.0,0.0,0.02,0.0,0.0,0.0,0.0,109824.0
22.0,9.0,312.0,2305.0,0.0,1.0,4.0,0.0,0.0,1.0,0.0,0.0,51.0,255.0,1.0,0.0,0.01,0.0,0.0,0.0,0.0,66129.0
22.0,9.0,203.0,3950.0,0.0,1.0,1.0,0.0,0.0,1.0,0.0,0.0,255.0,255.0,1.0,0.0,0.0,0.0,0.0,0.0,0.0,34929.0
22.0,9.0,292.0,13202.0,0.0,1.0,1.0,0.0,0.0,1.0,0.0,0.0,16.0,255.0,1.0,0.0,0.07,0.0,0.0,0.0,0.0,110463.0
11.0,9.0,45.0,116.0,0.0,0.0,106.0,0.0,0.0,1.0,0.0,0.0,255.0,255.0,1.0,0.0,0.0,0.0,0.0,0.0,0.0,103279.0
22.0,9.0,238.0,26416.0,0.0,1.0,28.0,0.0,0.0,1.0,0.0,0.0,255.0,255.0,1.0,0.0,0.0,0.0,0.0,0.0,0.0,102664.0
22.0,9.0,307.0,1203.0,0.0,1.0,17.0,0.0,0.0,1.0,0.0,0.19,255.0,255.0,1.0,0.0,0.0,0.0,0.0,0.0,0.0,14084.0
22.0,9.0,293.0,25090.0,0.0,1.0,1.0,0.0,0.0,1.0,0.0,0.0,3.0,255.0,1.0,0.0,0.04,0.0,0.0,0.0,0.0,109757.0
19.0,9.0,209.0,0.0,0.0,1.0,2.0,0.0,0.0,1.0,0.0,0.0,33.0,85.0,0.45,0.09,0.02,0.0,0.0,0.0,0.0,16171.0
11.0,9.0,44.0,130.0,0.0,0.0,128.0,0.0,0.0,0.99,0.02,0.01,255.0,254.0,1.0,0.01,0.0,0.0,0.0,0.0,0.0,39643.0
49.0,9.0,726.0,334.0,0.0,1.0,2.0,0.0,0.0,1.0,0.0,0.0,200.0,178.0,0.69,0.08,0.01,0.0,0.0,0.0,0.0,13587.0
22.0,9.0,340.0,2219.0,0.0,1.0,5.0,0.0,0.0,1.0,0.0,0.0,27.0,255.0,1.0,0.0,0.01,0.0,0.0,0.0,0.0,50205.0
11.0,9.0,44.0,132.0,0.0,0.0,1.0,0.0,0.0,1.0,0.0,0.0,255.0,41.0,0.16,0.01,0.0,0.0,0.0,0.0,0.0,124796.0
22.0,9.0,226.0,396.0,0.0,1.0,5.0,0.0,0.0,1.0,0.0,0.43,255.0,255.0,1.0,0.0,0.0,0.0,0.0,0.01,0.0,97339.0
22.0,9.0,209.0,526.0,0.0,1.0,7.0,0.0,0.0,1.0,0.0,0.0,255.0,255.0,1.0,0.0,0.0,0.0,0.0,0.0,0.0,40538.0
44.0,9.0,105.0,145.0,0.0,0.0,4.0,0.0,0.0,0.25,0.5,0.0,255.0,86.0,0.34,0.01,0.0,0.0,0.0,0.0,0.0,23433.0
22.0,9.0,244.0,688.0,0.0,1.0,5.0,0.0,0.0,1.0,0.0,0.12,20.0,255.0,1.0,0.0,0.06,0.0,0.0,0.0,0.0,30315.0
19.0,9.0,607.0,0.0,0.0,1.0,2.0,0.0,0.0,1.0,0.0,0.0,7.0,6.0,0.86,0.29,0.0,0.0,0.0,0.0,0.0,94339.0
22.0,9.0,196.0,1337.0,0.0,1.0,35.0,0.0,0.0,1.0,0.0,0.0,255.0,255.0,1.0,0.0,0.0,0.0,0.0,0.0,0.0,821.0
22.0,9.0,244.0,7453.0,0.0,1.0,6.0,0.0,0.0,1.0,0.0,0.29,9.0,125.0,1.0,0.0,0.06,0.0,0.0,0.03,0.0,94906.0
22.0,9.0,239.0,8134.0,0.0,1.0,3.0,0.0,0.0,1.0,0.0,0.0,22.0,255.0,1.0,0.0,0.06,0.0,0.0,0.0,0.0,21351.0
22.0,1.0,0.0,0.0,0.0,0.0,1.0,0.0,0.0,1.0,0.0,0.0,85.0,255.0,1.0,0.0,0.07,0.0,0.0,0.83,0.0,104357.0
22.0,9.0,217.0,2126.0,0.0,1.0,7.0,0.0,0.0,1.0,0.0,0.0,55.0,255.0,1.0,0.0,0.05,0.02,0.01,0.0,0.0,31805.0
22.0,9.0,377.0,394.0,0.0,1.0,1.0,0.0,0.0,1.0,0.0,0.0,62.0,231.0,1.0,0.0,0.2,0.0,0.0,0.76,0.0,40517.0
11.0,9.0,33.0,88.0,0.0,0.0,1.0,0.0,0.0,1.0,0.0,0.75,30.0,22.0,0.73,0.07,0.0,0.0,0.0,0.0,0.0,4379.0
22.0,9.0,231.0,844.0,0.0,1.0,39.0,0.05,0.05,1.0,0.0,0.0,255.0,255.0,1.0,0.0,0.0,0.0,0.0,0.0,0.0,24243.0
22.0,9.0,305.0,313.0,0.0,1.0,13.0,0.0,0.0,1.0,0.0,0.12,179.0,255.0,1.0,0.0,0.02,0.0,0.0,0.0,0.0,79046.0
58.0,9.0,183.0,0.0,0.0,0.0,2.0,0.0,0.0,0.5,1.0,0.0,199.0,8.0,0.04,0.02,0.0,0.0,0.0,0.0,0.0,91136.0
22.0,9.0,234.0,1049.0,0.0,1.0,2.0,0.0,0.0,1.0,0.0,0.0,9.0,244.0,1.0,0.0,0.07,0.0,0.01,0.0,0.0,27723.0
22.0,9.0,262.0,1794.0,0.0,1.0,1.0,0.0,0.0,1.0,0.0,0.19,8.0,255.0,1.0,0.0,0.04,0.0,0.0,0.0,0.0,77737.0
19.0,9.0,4435.0,0.0,0.0,0.0,1.0,0.0,0.0,1.0,0.0,0.0,174.0,39.0,0.11,0.02,0.05,0.0,0.0,0.0,0.0,116318.0
39.0,9.0,48.0,48.0,0.0,0.0,4.0,0.0,0.0,0.25,0.5,0.0,255.0,21.0,0.08,0.01,0.0,0.0,0.0,0.0,0.0,8062.0
49.0,5.0,0.0,0.0,0.0,0.0,2.0,0.5,0.5,1.0,0.0,0.0,81.0,58.0,0.72,0.06,0.0,0.01,0.02,0.0,0.0,25801.0
22.0,9.0,54540.0,8314.0,0.0,1.0,4.0,0.0,0.0,1.0,0.0,0.0,45.0,45.0,1.0,0.0,0.0,0.0,0.0,0.27,1.0,55940.0
22.0,9.0,287.0,1582.0,0.0,1.0,32.0,0.0,0.0,1.0,0.0,0.08,255.0,255.0,1.0,0.0,0.0,0.0,0.0,0.0,0.0,28566.0
22.0,9.0,203.0,1233.0,0.0,1.0,16.0,0.0,0.05,1.0,0.0,0.14,255.0,255.0,1.0,0.0,0.0,0.0,0.0,0.0,0.0,111655.0
11.0,9.0,46.0,129.0,0.0,0.0,325.0,0.0,0.0,1.0,0.01,0.0,255.0,236.0,0.93,0.01,0.0,0.0,0.0,0.0,0.0,116676.0
22.0,9.0,270.0,312.0,0.0,1.0,22.0,0.0,0.0,1.0,0.0,0.0,255.0,255.0,1.0,0.0,0.0,0.0,0.0,0.0,0.0,84962.0
22.0,9.0,321.0,3833.0,0.0,1.0,3.0,0.0,0.0,1.0,0.0,0.4,16.0,255.0,1.0,0.0,0.05,0.0,0.0,0.0,0.0,96952.0
11.0,9.0,46.0,72.0,0.0,0.0,106.0,0.0,0.0,1.0,0.0,0.0,255.0,223.0,0.87,0.01,0.0,0.0,0.0,0.0,0.0,125874.0
11.0,9.0,46.0,157.0,0.0,0.0,65.0,0.0,0.0,1.0,0.0,0.01,255.0,254.0,1.0,0.01,0.0,0.0,0.0,0.0,0.0,15148.0
22.0,9.0,317.0,767.0,0.0,1.0,3.0,0.0,0.0,1.0,0.0,0.4,130.0,255.0,1.0,0.0,0.02,0.0,0.0,0.0,0.0,120218.0
49.0,9.0,1688.0,335.0,0.0,1.0,1.0,0.0,0.0,1.0,0.0,1.0,255.0,153.0,0.6,0.03,0.0,0.0,0.0,0.01,0.0,48336.0
22.0,9.0,236.0,1212.0,0.0,1.0,14.0,0.0,0.0,1.0,0.0,0.0,195.0,255.0,1.0,0.0,0.02,0.0,0.0,0.0,0.0,48030.0
14.0,9.0,30.0,0.0,0.0,0.0,1.0,0.0,0.0,1.0,0.0,0.0,10.0,11.0,1.0,0.0,0.18,0.0,0.0,0.0,0.0,89484.0
22.0,9.0,257.0,259.0,0.0,1.0,8.0,0.25,0.25,1.0,0.0,0.0,255.0,255.0,1.0,0.0,0.0,0.0,0.0,0.0,0.0,28672.0
49.0,9.0,1282.0,334.0,0.0,1.0,1.0,0.0,0.0,1.0,0.0,0.0,223.0,150.0,0.58,0.01,0.01,0.0,0.0,0.0,0.0,116209.0
11.0,9.0,46.0,136.0,0.0,0.0,70.0,0.0,0.0,1.0,0.0,0.01,255.0,254.0,1.0,0.01,0.0,0.0,0.0,0.0,0.0,98744.0
49.0,9.0,2656.0,330.0,0.0,1.0,1.0,0.0,0.0,1.0,0.0,0.0,255.0,141.0,0.55,0.02,0.0,0.01,0.02,0.0,0.0,56147.0
49.0,9.0,10864.0,398.0,0.0,1.0,1.0,0.0,0.0,1.0,0.0,0.0,255.0,18.0,0.07,0.07,0.0,0.85,0.0,0.0,0.0,121100.0
49.0,9.0,1402.0,327.0,0.0,1.0,1.0,0.0,0.0,1.0,0.0,0.0,20.0,173.0,0.75,0.1,0.02,0.0,0.0,0.0,0.0,101200.0
49.0,9.0,2035.0,330.0,0.0,1.0,1.0,0.0,0.0,1.0,0.0,1.0,33.0,30.0,0.91,0.09,0.0,0.0,0.0,0.0,0.0,50895.0
49.0,9.0,2215.0,333.0,0.0,1.0,1.0,0.0,0.0,1.0,0.0,1.0,255.0,99.0,0.39,0.08,0.0,0.02,0.0,0.0,0.0,113378.0
40.0,9.0,3690.0,0.0,0.0,1.0,1.0,0.0,0.0,1.0,0.0,0.0,56.0,1.0,0.02,0.21,0.0,0.0,0.0,0.0,0.0,42987.0
22.0,1.0,0.0,0.0,0.0,0.0,1.0,0.0,0.0,1.0,0.0,0.0,207.0,255.0,1.0,0.0,0.02,0.0,0.0,0.36,0.0,92549.0
19.0,9.0,567.0,0.0,0.0,1.0,1.0,0.0,0.0,1.0,0.0,0.0,233.0,47.0,0.2,0.02,0.0,0.0,0.0,0.0,0.0,98227.0
11.0,9.0,17.0,73.0,0.0,0.0,1.0,0.0,0.0,1.0,0.0,0.6,255.0,226.0,0.89,0.01,0.0,0.0,0.0,0.0,0.0,97092.0
22.0,9.0,199.0,671.0,0.0,1.0,7.0,0.0,0.0,1.0,0.0,0.0,255.0,255.0,1.0,0.0,0.0,0.0,0.0,0.0,0.0,33844.0
22.0,9.0,201.0,4596.0,0.0,1.0,17.0,0.0,0.0,1.0,0.0,0.0,72.0,255.0,1.0,0.0,0.01,0.0,0.0,0.0,0.0,36040.0
22.0,9.0,333.0,5778.0,0.0,1.0,29.0,0.0,0.0,1.0,0.0,0.06,58.0,255.0,1.0,0.0,0.04,0.0,0.0,0.0,0.0,102780.0
22.0,9.0,276.0,10075.0,0.0,1.0,1.0,0.0,0.0,1.0,0.0,0.18,255.0,255.0,1.0,0.0,0.0,0.01,0.01,0.07,0.0,104285.0
19.0,6.0,0.0,0.0,0.0,0.0,17.0,0.06,0.07,0.88,0.18,0.0,64.0,40.0,0.62,0.08,0.0,0.02,0.03,0.0,0.0,53613.0
11.0,9.0,43.0,75.0,0.0,0.0,183.0,0.0,0.0,1.0,0.0,0.0,255.0,235.0,0.92,0.01,0.0,0.0,0.0,0.0,0.0,87092.0
22.0,9.0,232.0,5652.0,0.0,1.0,1.0,0.0,0.0,1.0,0.0,0.0,1.0,255.0,1.0,0.0,0.01,0.0,0.0,0.0,0.0,85931.0
22.0,9.0,231.0,7208.0,0.0,1.0,19.0,0.0,0.0,1.0,0.0,0.0,255.0,255.0,1.0,0.0,0.0,0.01,0.01,0.0,0.0,92340.0
22.0,9.0,237.0,474.0,0.0,1.0,3.0,0.0,0.0,1.0,0.0,0.11,4.0,255.0,1.0,0.0,0.05,0.0,0.0,0.0,0.0,87938.0
22.0,9.0,224.0,835.0,0.0,1.0,21.0,0.0,0.0,1.0,0.0,0.09,255.0,255.0,1.0,0.0,0.0,0.0,0.0,0.0,0.0,25781.0
22.0,9.0,181.0,626.0,0.0,1.0,39.0,0.0,0.0,1.0,0.0,0.0,166.0,255.0,1.0,0.0,0.01,0.0,0.0,0.0,0.0,49322.0
22.0,9.0,245.0,622.0,0.0,1.0,7.0,0.0,0.0,1.0,0.0,0.0,217.0,255.0,1.0,0.0,0.01,0.0,0.0,0.0,0.0,91810.0
22.0,9.0,398.0,6126.0,0.0,1.0,3.0,0.0,0.0,1.0,0.0,0.0,255.0,255.0,1.0,0.0,0.0,0.0,0.0,0.0,0.0,26687.0
22.0,1.0,0.0,0.0,0.0,0.0,1.0,0.0,0.0,1.0,0.0,0.0,9.0,119.0,1.0,0.0,0.2,0.0,0.0,1.0,0.0,39284.0
22.0,9.0,355.0,5030.0,0.0,1.0,2.0,0.0,0.0,1.0,0.0,0.0,255.0,255.0,1.0,0.0,0.0,0.0,0.0,0.0,0.0,68936.0
19.0,4.0,0.0,0.0,0.0,0.0,1.0,0.0,0.0,1.0,0.0,0.0,247.0,59.0,0.24,0.34,0.0,0.0,0.0,0.02,1.0,22187.0
22.0,9.0,221.0,1212.0,0.0,1.0,6.0,0.0,0.0,1.0,0.0,0.29,23.0,255.0,1.0,0.0,0.02,0.0,0.0,0.0,0.0,52944.0
22.0,9.0,214.0,5220.0,0.0,1.0,4.0,0.0,0.0,1.0,0.0,0.0,244.0,255.0,1.0,0.0,0.01,0.0,0.0,0.0,0.0,30225.0
11.0,9.0,42.0,42.0,0.0,0.0,2.0,0.0,0.0,1.0,0.0,0.0,255.0,252.0,0.99,0.01,0.0,0.0,0.0,0.0,0.0,76592.0
22.0,5.0,0.0,0.0,0.0,0.0,2.0,0.5,0.5,1.0,0.0,0.0,2.0,255.0,1.0,0.0,0.06,0.5,0.0,0.0,0.0,108248.0
19.0,9.0,10389.0,0.0,0.0,1.0,17.0,0.0,0.0,1.0,0.0,0.0,161.0,80.0,0.35,0.02,0.03,0.0,0.0,0.0,0.0,56973.0
22.0,9.0,352.0,1973.0,0.0,1.0,19.0,0.0,0.0,1.0,0.0,0.0,77.0,255.0,1.0,0.0,0.04,0.0,0.0,0.0,0.0,54666.0
22.0,9.0,219.0,309.0,0.0,1.0,14.0,0.0,0.0,1.0,0.0,0.08,255.0,255.0,1.0,0.0,0.0,0.0,0.0,0.0,0.0,88322.0
11.0,9.0,56.0,122.0,0.0,0.0,1.0,0.0,0.0,1.0,0.0,1.0,255.0,251.0,0.98,0.01,0.0,0.0,0.0,0.0,0.0,56540.0
22.0,9.0,148.0,18275.0,0.0,1.0,4.0,0.0,0.0,1.0,0.0,0.0,255.0,255.0,1.0,0.0,0.0,0.0,0.0,0.0,0.0,37183.0
22.0,9.0,214.0,16564.0,0.0,1.0,8.0,0.0,0.0,1.0,0.0,0.0,255.0,255.0,1.0,0.0,0.0,0.0,0.0,0.0,0.0,24494.0
49.0,9.0,1424.0,334.0,0.0,1.0,1.0,0.0,0.0,1.0,0.0,0.0,194.0,124.0,0.4,0.04,0.02,0.0,0.0,0.0,0.0,20300.0
22.0,9.0,326.0,318.0,0.0,1.0,8.0,0.0,0.0,1.0,0.0,0.13,111.0,255.0,1.0,0.0,0.02,0.0,0.0,0.0,0.0,81325.0
11.0,9.0,45.0,71.0,0.0,0.0,178.0,0.0,0.0,1.0,0.0,0.0,255.0,254.0,1.0,0.01,0.0,0.0,0.0,0.0,0.0,38364.0
22.0,9.0,192.0,755.0,0.0,1.0,3.0,0.0,0.0,1.0,0.0,0.2,58.0,255.0,1.0,0.0,0.03,0.0,0.0,0.0,0.0,122957.0
22.0,5.0,0.0,0.0,0.0,0.0,4.0,1.0,1.0,1.0,0.0,0.0,4.0,4.0,1.0,0.0,0.0,1.0,1.0,0.0,1.0,119072.0
11.0,9.0,44.0,44.0,0.0,0.0,129.0,0.0,0.0,0.99,0.02,0.01,255.0,254.0,1.0,0.01,0.0,0.0,0.0,0.0,0.0,3961.0
22.0,9.0,386.0,1344.0,0.0,1.0,16.0,0.0,0.0,1.0,0.0,0.12,255.0,255.0,1.0,0.0,0.0,0.0,0.0,0.0,0.0,60796.0
49.0,9.0,1326.0,331.0,0.0,1.0,1.0,0.0,0.0,1.0,0.0,1.0,26.0,178.0,0.31,0.08,0.02,0.0,0.0,0.0,0.0,95229.0
19.0,9.0,2194619.0,0.0,0.0,1.0,2.0,0.0,0.0,1.0,0.0,0.67,224.0,109.0,0.47,0.03,0.02,0.0,0.0,0.0,0.0,50140.0
22.0,9.0,287.0,11974.0,0.0,1.0,9.0,0.0,0.0,1.0,0.0,0.0,57.0,255.0,1.0,0.0,0.03,0.0,0.0,0.0,0.0,46173.0
19.0,9.0,607.0,0.0,0.0,0.0,2.0,0.0,0.0,1.0,0.0,0.0,52.0,6.0,0.12,0.08,0.0,0.0,0.0,0.0,0.0,72811.0
22.0,9.0,197.0,1415.0,0.0,1.0,8.0,0.0,0.0,1.0,0.0,0.0,83.0,83.0,1.0,0.0,0.0,0.0,0.0,0.0,0.0,84938.0
22.0,9.0,210.0,532.0,0.0,1.0,12.0,0.0,0.0,1.0,0.0,0.0,37.0,255.0,1.0,0.0,0.04,0.0,0.0,0.0,0.0,63431.0
11.0,9.0,44.0,110.0,0.0,0.0,97.0,0.0,0.0,1.0,0.0,0.01,255.0,255.0,1.0,0.0,0.0,0.0,0.0,0.0,0.0,120256.0
18.0,9.0,1020.0,2201.0,0.0,1.0,1.0,0.0,0.0,1.0,0.0,0.0,255.0,11.0,0.04,0.02,0.0,0.18,0.0,0.0,1.0,125332.0
11.0,9.0,43.0,43.0,0.0,0.0,150.0,0.0,0.0,1.0,0.0,0.0,255.0,255.0,1.0,0.0,0.0,0.0,0.0,0.0,0.0,78510.0
22.0,9.0,165.0,2681.0,0.0,1.0,1.0,0.0,0.0,1.0,0.0,0.0,1.0,255.0,1.0,0.0,0.03,0.0,0.0,0.0,0.0,87912.0
22.0,9.0,54540.0,8314.0,0.0,1.0,5.0,0.0,0.0,1.0,0.0,0.0,255.0,255.0,1.0,0.0,0.0,0.01,0.01,0.04,1.0,97294.0
49.0,9.0,1222.0,330.0,0.0,1.0,1.0,0.0,0.0,1.0,0.0,1.0,214.0,156.0,0.56,0.07,0.01,0.0,0.0,0.0,0.0,85037.0
22.0,9.0,188.0,17140.0,0.0,1.0,15.0,0.0,0.0,1.0,0.0,0.1,40.0,255.0,1.0,0.0,0.02,0.0,0.0,0.0,0.0,42498.0
22.0,9.0,299.0,392.0,0.0,1.0,9.0,0.0,0.0,1.0,0.0,0.11,255.0,255.0,1.0,0.0,0.0,0.0,0.0,0.0,0.0,25159.0
22.0,9.0,251.0,884.0,0.0,1.0,11.0,0.0,0.0,1.0,0.0,0.0,255.0,255.0,1.0,0.0,0.0,0.0,0.0,0.0,0.0,92461.0
22.0,9.0,212.0,984.0,0.0,1.0,36.0,0.0,0.0,1.0,0.0,0.0,255.0,255.0,1.0,0.0,0.0,0.0,0.0,0.0,0.0,4153.0
11.0,9.0,45.0,45.0,0.0,0.0,262.0,0.0,0.0,1.0,0.0,0.01,255.0,222.0,0.87,0.01,0.0,0.0,0.0,0.0,0.0,57268.0
22.0,9.0,409.0,4167.0,0.0,1.0,13.0,0.0,0.0,1.0,0.0,0.0,57.0,245.0,1.0,0.0,0.23,0.0,0.0,0.82,0.0,86412.0
22.0,9.0,255.0,333.0,0.0,1.0,17.0,0.0,0.0,1.0,0.0,0.0,255.0,255.0,1.0,0.0,0.0,0.0,0.0,0.0,0.0,89607.0
22.0,9.0,338.0,4058.0,0.0,1.0,25.0,0.0,0.0,1.0,0.0,0.08,123.0,255.0,1.0,0.0,0.01,0.0,0.0,0.0,0.0,117450.0
22.0,9.0,262.0,983.0,0.0,1.0,3.0,0.0,0.0,1.0,0.0,0.0,255.0,255.0,1.0,0.0,0.0,0.0,0.0,0.0,0.0,125913.0
49.0,9.0,1573.0,404.0,0.0,1.0,1.0,0.0,0.0,1.0,0.0,1.0,6.0,4.0,0.67,0.5,0.0,0.0,0.0,0.0,0.0,8567.0
11.0,9.0,45.0,45.0,0.0,0.0,180.0,0.0,0.0,0.99,0.01,0.0,255.0,254.0,1.0,0.01,0.0,0.0,0.0,0.0,0.0,3386.0
22.0,9.0,331.0,2662.0,0.0,1.0,1.0,0.0,0.0,1.0,0.0,0.67,55.0,255.0,1.0,0.0,0.01,0.0,0.01,0.0,0.0,45644.0
22.0,9.0,252.0,712.0,0.0,1.0,34.0,0.09,0.09,1.0,0.0,0.0,139.0,237.0,1.0,0.0,0.05,0.01,0.0,0.0,0.0,4761.0
17.0,9.0,8.0,147.0,0.0,0.0,1.0,0.0,0.0,1.0,0.0,0.0,255.0,40.0,0.16,0.02,0.0,0.53,0.85,0.0,0.0,3596.0
22.0,1.0,0.0,0.0,0.0,0.0,1.0,0.0,0.0,1.0,0.0,0.0,143.0,255.0,1.0,0.0,0.09,0.0,0.0,0.62,0.0,111994.0
55.0,2.0,126.0,179.0,0.0,0.0,2.0,0.0,0.0,1.0,0.0,0.0,13.0,13.0,1.0,0.0,0.0,0.08,0.08,0.92,1.0,2798.0
11.0,9.0,43.0,75.0,0.0,0.0,297.0,0.0,0.0,1.0,0.0,0.0,255.0,254.0,1.0,0.01,0.0,0.0,0.0,0.0,0.0,25329.0
22.0,2.0,0.0,0.0,0.0,1.0,2.0,0.0,0.0,1.0,0.0,0.0,2.0,255.0,1.0,0.0,0.06,0.0,0.0,0.0,0.0,60647.0
22.0,9.0,210.0,274.0,0.0,1.0,42.0,0.0,0.0,1.0,0.0,0.0,255.0,255.0,1.0,0.0,0.0,0.0,0.0,0.0,0.0,1830.0
22.0,9.0,300.0,2170.0,0.0,1.0,1.0,0.0,0.0,1.0,0.0,0.0,41.0,41.0,1.0,0.0,0.0,0.0,0.0,0.0,0.0,72349.0
22.0,9.0,141.0,4049.0,0.0,1.0,2.0,0.5,0.14,1.0,0.0,0.29,162.0,255.0,1.0,0.0,0.02,0.01,0.0,0.0,0.0,96639.0
22.0,9.0,264.0,17.0,0.0,1.0,2.0,0.0,0.0,1.0,0.0,0.0,63.0,255.0,1.0,0.0,0.05,0.0,0.0,0.0,0.0,100679.0
22.0,1.0,0.0,0.0,0.0,0.0,19.0,0.0,0.0,1.0,0.0,0.0,172.0,183.0,1.0,0.0,0.03,0.01,0.01,0.34,0.0,4760.0
22.0,1.0,0.0,0.0,0.0,0.0,1.0,0.0,0.0,1.0,0.0,0.0,39.0,119.0,1.0,0.0,0.04,0.0,0.0,1.0,0.0,25711.0
22.0,9.0,235.0,19714.0,0.0,1.0,1.0,0.0,0.0,1.0,0.0,0.0,31.0,255.0,1.0,0.0,0.04,0.0,0.0,0.0,0.0,2121.0
22.0,9.0,151.0,9578.0,0.0,1.0,1.0,0.0,0.0,1.0,0.0,0.0,1.0,255.0,1.0,0.0,0.07,0.0,0.01,0.0,0.0,2493.0
22.0,9.0,212.0,1628.0,0.0,1.0,9.0,0.0,0.0,1.0,0.0,0.0,35.0,255.0,1.0,0.0,0.02,0.0,0.01,0.0,0.0,100050.0
49.0,9.0,1125.0,386.0,0.0,1.0,2.0,0.0,0.0,1.0,0.0,0.67,255.0,102.0,0.4,0.04,0.0,0.18,0.0,0.0,0.0,8849.0
49.0,9.0,1334.0,339.0,0.0,1.0,1.0,0.0,0.0,1.0,0.0,1.0,184.0,243.0,0.96,0.01,0.01,0.0,0.0,0.0,0.0,18227.0
22.0,9.0,316.0,940.0,0.0,1.0,13.0,0.0,0.0,1.0,0.0,0.0,109.0,255.0,1.0,0.0,0.04,0.0,0.0,0.0,0.0,40458.0
49.0,5.0,0.0,0.0,0.0,0.0,2.0,0.5,0.5,1.0,0.0,0.0,67.0,99.0,0.4,0.21,0.02,0.03,0.01,0.0,0.0,69540.0
22.0,9.0,351.0,759161.0,0.0,1.0,1.0,0.0,0.0,1.0,0.0,0.0,255.0,255.0,1.0,0.0,0.0,0.0,0.0,0.0,0.0,71309.0
22.0,9.0,304.0,1854.0,0.0,1.0,10.0,0.0,0.0,1.0,0.0,0.18,48.0,255.0,1.0,0.0,0.04,0.0,0.0,0.0,0.0,25811.0
22.0,9.0,310.0,9515.0,0.0,1.0,5.0,0.0,0.0,1.0,0.0,0.27,23.0,255.0,1.0,0.0,0.02,0.04,0.0,0.0,0.0,21811.0
55.0,9.0,70.0,663.0,0.0,0.0,1.0,0.0,0.0,1.0,0.0,0.0,12.0,1.0,0.08,0.25,0.0,0.0,0.0,0.0,0.0,46990.0
49.0,9.0,21518.0,368.0,0.0,1.0,1.0,0.0,0.0,1.0,0.0,0.0,31.0,155.0,0.94,0.06,0.02,0.0,0.0,0.0,0.0,84956.0
11.0,9.0,43.0,43.0,0.0,0.0,198.0,0.0,0.0,0.99,0.01,0.0,255.0,254.0,1.0,0.01,0.0,0.0,0.0,0.0,0.0,123614.0
11.0,9.0,93.0,38.0,0.0,0.0,1.0,0.0,0.0,1.0,0.0,0.0,35.0,12.0,0.34,0.06,0.0,0.0,0.0,0.0,0.0,61875.0
49.0,9.0,1790.0,363.0,0.0,1.0,1.0,0.0,0.0,1.0,0.0,0.0,141.0,137.0,0.55,0.04,0.01,0.0,0.0,0.0,0.0,16447.0
49.0,9.0,1009.0,327.0,0.0,1.0,1.0,0.0,0.0,1.0,0.0,1.0,192.0,166.0,0.67,0.03,0.01,0.0,0.0,0.0,0.0,23783.0
22.0,9.0,224.0,834.0,0.0,1.0,11.0,0.0,0.0,1.0,0.0,0.0,24.0,255.0,1.0,0.0,0.07,0.0,0.0,0.0,0.0,32289.0
22.0,9.0,54540.0,8314.0,0.0,1.0,3.0,0.0,0.0,1.0,0.0,0.0,80.0,80.0,1.0,0.0,0.0,0.01,0.01,0.01,1.0,2209.0
19.0,9.0,383.0,0.0,0.0,1.0,1.0,0.0,0.0,1.0,0.0,0.0,29.0,9.0,0.31,0.1,0.0,0.0,0.0,0.0,0.0,23643.0
58.0,9.0,78.0,0.0,0.0,0.0,11.0,0.0,0.0,0.18,0.18,0.0,140.0,2.0,0.01,0.01,0.0,0.0,0.0,0.0,0.0,16718.0
19.0,9.0,14189.0,0.0,0.0,1.0,13.0,0.0,0.0,1.0,0.0,0.0,127.0,94.0,0.34,0.04,0.02,0.0,0.0,0.0,0.0,5504.0
11.0,9.0,45.0,131.0,0.0,0.0,87.0,0.0,0.0,1.0,0.0,0.01,255.0,255.0,1.0,0.0,0.0,0.0,0.0,0.0,0.0,5467.0
58.0,9.0,78.0,0.0,0.0,0.0,13.0,0.0,0.0,0.38,0.15,0.0,255.0,20.0,0.08,0.01,0.0,0.0,0.0,0.0,0.0,81237.0
22.0,9.0,332.0,1025.0,0.0,1.0,13.0,0.0,0.0,1.0,0.0,0.0,255.0,255.0,1.0,0.0,0.0,0.0,0.0,0.0,0.0,99364.0
22.0,9.0,324.0,1528.0,0.0,1.0,10.0,0.0,0.0,1.0,0.0,0.0,255.0,255.0,1.0,0.0,0.0,0.0,0.0,0.0,0.0,61208.0
22.0,9.0,217.0,1903.0,0.0,1.0,5.0,0.0,0.0,1.0,0.0,0.33,10.0,10.0,1.0,0.0,0.0,0.0,0.0,0.0,0.0,13568.0
40.0,9.0,147.0,0.0,0.0,0.0,5.0,0.0,0.0,0.2,0.6,0.0,255.0,2.0,0.01,0.68,0.0,0.0,0.0,0.0,0.0,76420.0
22.0,9.0,205.0,1330.0,0.0,1.0,3.0,0.0,0.0,1.0,0.0,0.5,65.0,255.0,1.0,0.0,0.01,0.0,0.0,0.0,0.0,51687.0
22.0,9.0,244.0,968.0,0.0,1.0,5.0,0.0,0.0,1.0,0.0,0.0,16.0,255.0,1.0,0.0,0.05,0.0,0.0,0.0,0.0,50134.0
19.0,9.0,854.0,0.0,0.0,1.0,1.0,0.0,0.0,1.0,0.0,0.0,221.0,88.0,0.38,0.03,0.02,0.01,0.01,0.0,0.0,19308.0
49.0,9.0,724.0,335.0,0.0,1.0,1.0,0.0,0.0,1.0,0.0,0.0,167.0,115.0,0.4,0.04,0.02,0.0,0.0,0.0,0.0,122825.0
18.0,9.0,1239.0,2451.0,0.0,1.0,1.0,0.0,0.0,1.0,0.0,0.0,187.0,15.0,0.08,0.03,0.0,0.01,0.0,0.0,1.0,99532.0
11.0,9.0,45.0,67.0,0.0,0.0,236.0,0.0,0.0,1.0,0.01,0.0,255.0,247.0,0.97,0.01,0.0,0.0,0.0,0.0,0.0,3495.0
49.0,9.0,1322.0,335.0,0.0,1.0,1.0,0.0,0.0,1.0,0.0,1.0,188.0,203.0,0.79,0.02,0.01,0.0,0.0,0.0,0.0,51783.0
11.0,9.0,45.0,87.0,0.0,0.0,76.0,0.0,0.0,1.0,0.0,0.01,255.0,218.0,0.85,0.01,0.0,0.0,0.0,0.0,0.0,29528.0
22.0,9.0,326.0,3467.0,0.0,1.0,4.0,0.0,0.0,1.0,0.0,0.15,130.0,255.0,1.0,0.0,0.04,0.0,0.0,0.0,0.0,25462.0
18.0,9.0,1467.0,4152.0,0.0,1.0,1.0,0.0,0.0,1.0,0.0,0.0,144.0,37.0,0.26,0.04,0.0,0.0,0.0,0.0,0.0,66673.0
22.0,9.0,258.0,16617.0,0.0,1.0,1.0,0.0,0.0,1.0,0.0,0.33,207.0,255.0,1.0,0.0,0.01,0.0,0.0,0.0,0.0,45374.0
11.0,9.0,45.0,81.0,0.0,0.0,109.0,0.0,0.0,1.0,0.0,0.02,255.0,253.0,0.99,0.01,0.0,0.0,0.0,0.0,0.0,107049.0
19.0,9.0,246.0,0.0,0.0,1.0,2.0,0.0,0.0,1.0,0.0,0.0,255.0,69.0,0.27,0.08,0.0,0.01,0.01,0.0,1.0,28689.0
22.0,9.0,206.0,1074.0,0.0,1.0,12.0,0.0,0.0,1.0,0.0,0.11,87.0,255.0,1.0,0.0,0.03,0.0,0.0,0.0,0.0,102938.0
40.0,9.0,516.0,4.0,0.0,0.0,458.0,0.0,0.0,1.0,0.0,0.0,255.0,255.0,1.0,0.0,0.0,0.0,0.0,0.0,0.0,113653.0
22.0,9.0,348.0,9727.0,0.0,1.0,19.0,0.0,0.0,1.0,0.0,0.08,255.0,255.0,1.0,0.0,0.0,0.0,0.0,0.0,0.0,72359.0
11.0,9.0,45.0,121.0,0.0,0.0,115.0,0.0,0.0,1.0,0.0,0.02,255.0,254.0,1.0,0.01,0.0,0.0,0.0,0.0,0.0,88726.0
22.0,9.0,207.0,4203.0,0.0,1.0,4.0,0.0,0.0,1.0,0.0,0.4,8.0,255.0,1.0,0.0,0.02,0.0,0.0,0.0,0.0,101124.0
42.0,9.0,35.0,130.0,0.0,1.0,2.0,0.0,0.0,0.5,1.0,0.0,199.0,8.0,0.04,0.04,0.25,0.01,0.0,0.0,0.0,90597.0
11.0,9.0,45.0,73.0,0.0,0.0,19.0,0.0,0.0,1.0,0.0,0.0,255.0,242.0,0.95,0.01,0.0,0.0,0.0,0.0,0.0,82850.0
19.0,9.0,10044.0,0.0,0.0,1.0,12.0,0.0,0.0,1.0,0.0,0.0,25.0,60.0,0.68,0.16,0.03,0.0,0.0,0.0,0.0,76672.0
19.0,9.0,748.0,0.0,0.0,1.0,1.0,0.0,0.0,1.0,0.0,0.0,207.0,61.0,0.15,0.02,0.03,0.0,0.0,0.0,0.0,103296.0
11.0,9.0,46.0,77.0,0.0,0.0,137.0,0.0,0.0,1.0,0.0,0.0,255.0,254.0,1.0,0.01,0.0,0.0,0.0,0.0,0.0,18857.0
22.0,9.0,328.0,1782.0,0.0,1.0,4.0,0.0,0.0,1.0,0.0,0.33,6.0,255.0,1.0,0.0,0.05,0.0,0.01,0.0,0.0,100760.0
22.0,9.0,0.0,7461.0,0.0,0.0,27.0,0.04,0.04,1.0,0.0,0.0,27.0,255.0,1.0,0.0,0.05,0.04,0.01,0.0,0.0,122256.0
22.0,9.0,307.0,3743.0,0.0,1.0,6.0,0.0,0.0,1.0,0.0,0.0,13.0,255.0,1.0,0.0,0.09,0.0,0.0,0.0,0.0,43817.0
11.0,9.0,45.0,77.0,0.0,0.0,265.0,0.0,0.0,1.0,0.0,0.0,255.0,254.0,1.0,0.01,0.0,0.0,0.0,0.0,0.0,122330.0
22.0,9.0,308.0,425.0,0.0,1.0,9.0,0.0,0.0,1.0,0.0,0.0,87.0,255.0,1.0,0.0,0.02,0.0,0.0,0.0,0.0,87686.0
22.0,9.0,241.0,3057.0,0.0,1.0,3.0,0.0,0.0,1.0,0.0,0.0,24.0,255.0,1.0,0.0,0.04,0.0,0.0,0.0,0.0,19661.0
22.0,9.0,205.0,13602.0,0.0,1.0,2.0,0.0,0.0,1.0,0.0,0.05,8.0,254.0,1.0,0.0,0.07,0.0,0.0,0.0,0.0,84079.0
22.0,9.0,259.0,1317.0,0.0,1.0,11.0,0.0,0.0,1.0,0.0,0.0,183.0,255.0,1.0,0.0,0.01,0.0,0.0,0.0,0.0,76869.0
49.0,9.0,1133.0,332.0,0.0,1.0,1.0,0.0,0.0,1.0,0.0,1.0,67.0,130.0,0.75,0.07,0.02,0.0,0.0,0.0,0.0,118689.0
22.0,9.0,54540.0,8314.0,0.0,1.0,6.0,0.0,0.0,1.0,0.0,0.0,255.0,255.0,1.0,0.0,0.0,0.0,0.0,0.05,1.0,111242.0
22.0,9.0,450.0,5369.0,0.0,1.0,24.0,0.0,0.0,1.0,0.0,0.0,255.0,255.0,1.0,0.0,0.0,0.0,0.0,0.0,0.0,65451.0
22.0,5.0,0.0,0.0,0.0,0.0,2.0,0.5,0.5,1.0,0.0,0.0,115.0,255.0,1.0,0.0,0.03,0.01,0.0,0.0,0.0,24276.0
22.0,9.0,237.0,275.0,0.0,1.0,16.0,0.0,0.0,1.0,0.0,0.1,255.0,255.0,1.0,0.0,0.0,0.0,0.0,0.0,0.0,124118.0
11.0,9.0,43.0,43.0,0.0,0.0,156.0,0.0,0.0,1.0,0.0,0.01,255.0,255.0,1.0,0.0,0.0,0.0,0.0,0.0,0.0,94942.0
22.0,9.0,228.0,900.0,0.0,1.0,7.0,0.0,0.0,1.0,0.0,0.0,255.0,255.0,1.0,0.0,0.0,0.0,0.0,0.0,0.0,85563.0
22.0,9.0,276.0,4721.0,0.0,1.0,10.0,0.0,0.0,1.0,0.0,0.0,34.0,255.0,1.0,0.0,0.03,0.0,0.0,0.0,0.0,48743.0
22.0,9.0,204.0,1295.0,0.0,1.0,2.0,0.0,0.0,1.0,0.0,0.0,2.0,255.0,1.0,0.0,0.01,0.0,0.0,0.0,0.0,75152.0
22.0,9.0,327.0,194.0,0.0,1.0,13.0,0.0,0.0,1.0,0.0,0.14,147.0,255.0,1.0,0.0,0.01,0.01,0.01,0.0,0.0,43085.0
22.0,9.0,238.0,477.0,0.0,1.0,17.0,0.0,0.0,1.0,0.0,0.11,43.0,255.0,1.0,0.0,0.02,0.0,0.0,0.0,0.0,70153.0
22.0,1.0,0.0,0.0,0.0,0.0,1.0,0.0,0.0,1.0,0.0,1.0,19.0,249.0,1.0,0.0,0.1,0.0,0.0,0.96,0.0,69229.0
22.0,9.0,241.0,19194.0,0.0,1.0,2.0,0.0,0.0,1.0,0.0,0.0,2.0,255.0,1.0,0.0,0.01,0.0,0.0,0.0,0.0,103628.0
22.0,1.0,0.0,0.0,0.0,0.0,1.0,0.0,0.0,1.0,0.0,1.0,46.0,249.0,1.0,0.0,0.12,0.0,0.0,0.8,0.0,30044.0
22.0,9.0,247.0,5280.0,0.0,1.0,12.0,0.0,0.0,1.0,0.0,0.0,92.0,255.0,1.0,0.0,0.02,0.0,0.01,0.0,0.0,89731.0
22.0,9.0,248.0,188.0,0.0,1.0,1.0,0.0,0.0,1.0,0.0,0.33,85.0,255.0,1.0,0.0,0.01,0.0,0.0,0.0,0.0,57917.0
22.0,9.0,54540.0,8314.0,0.0,1.0,4.0,0.0,0.0,1.0,0.0,0.0,53.0,53.0,1.0,0.0,0.0,0.02,0.02,0.02,1.0,42422.0
49.0,9.0,947.0,330.0,0.0,1.0,1.0,0.0,0.0,1.0,0.0,0.0,53.0,179.0,0.87,0.06,0.01,0.0,0.0,0.0,0.0,23910.0
22.0,9.0,232.0,255.0,0.0,1.0,16.0,0.0,0.0,1.0,0.0,0.0,109.0,255.0,1.0,0.0,0.04,0.0,0.0,0.0,0.0,27575.0
22.0,9.0,319.0,15251.0,0.0,1.0,3.0,0.0,0.0,1.0,0.0,0.0,81.0,255.0,1.0,0.0,0.07,0.0,0.01,0.0,0.0,123332.0
19.0,9.0,172.0,0.0,0.0,1.0,2.0,0.0,0.0,1.0,0.0,0.0,26.0,8.0,0.31,0.15,0.0,0.0,0.0,0.0,0.0,87690.0
22.0,9.0,201.0,3882.0,0.0,1.0,1.0,0.0,0.0,1.0,0.0,0.0,9.0,255.0,1.0,0.0,0.05,0.0,0.01,0.0,0.0,48095.0
22.0,9.0,209.0,2005.0,0.0,1.0,8.0,0.0,0.0,1.0,0.0,0.0,255.0,255.0,1.0,0.0,0.0,0.0,0.0,0.0,0.0,84601.0
44.0,9.0,207.0,0.0,0.0,0.0,2.0,0.0,0.0,1.0,0.0,0.0,58.0,50.0,0.86,0.03,0.0,0.0,0.0,0.0,1.0,10445.0
22.0,1.0,0.0,0.0,0.0,0.0,1.0,0.0,0.0,1.0,0.0,0.0,56.0,255.0,1.0,0.0,0.1,0.0,0.0,0.78,0.0,102606.0
22.0,9.0,236.0,5195.0,0.0,1.0,4.0,0.0,0.0,1.0,0.0,0.0,111.0,255.0,1.0,0.0,0.03,0.0,0.0,0.0,0.0,124845.0
22.0,9.0,247.0,1104.0,0.0,1.0,17.0,0.0,0.0,1.0,0.0,0.11,62.0,255.0,1.0,0.0,0.02,0.0,0.0,0.0,0.0,65162.0
22.0,9.0,354.0,736.0,0.0,1.0,4.0,0.0,0.0,1.0,0.0,0.4,209.0,255.0,1.0,0.0,0.02,0.0,0.0,0.0,0.0,117158.0
22.0,9.0,208.0,3002.0,0.0,1.0,5.0,0.0,0.0,1.0,0.0,0.25,44.0,255.0,1.0,0.0,0.03,0.02,0.0,0.0,0.0,72958.0
49.0,9.0,1013.0,328.0,0.0,1.0,1.0,0.0,0.0,1.0,0.0,1.0,203.0,146.0,0.52,0.03,0.01,0.0,0.0,0.0,0.0,1636.0
22.0,9.0,231.0,307.0,0.0,1.0,14.0,0.0,0.0,1.0,0.0,0.22,255.0,255.0,1.0,0.0,0.0,0.0,0.0,0.0,0.0,41258.0
22.0,9.0,204.0,882.0,0.0,1.0,21.0,0.0,0.0,1.0,0.0,0.06,62.0,255.0,1.0,0.0,0.02,0.0,0.0,0.0,0.0,46517.0
22.0,9.0,220.0,255.0,0.0,1.0,15.0,0.0,0.0,1.0,0.0,0.12,238.0,255.0,1.0,0.0,0.01,0.0,0.0,0.0,0.0,13911.0
22.0,9.0,324.0,258.0,0.0,1.0,26.0,0.0,0.0,1.0,0.0,0.1,255.0,255.0,1.0,0.0,0.0,0.0,0.0,0.0,0.0,15987.0
44.0,9.0,105.0,147.0,0.0,0.0,2.0,0.0,0.0,1.0,0.0,0.0,255.0,250.0,0.98,0.01,0.0,0.0,0.0,0.0,0.0,21182.0
22.0,9.0,320.0,787.0,0.0,1.0,7.0,0.0,0.0,1.0,0.0,0.2,161.0,255.0,1.0,0.0,0.02,0.0,0.0,0.0,0.0,60744.0
49.0,9.0,1503.0,372.0,0.0,1.0,1.0,0.0,0.0,1.0,0.0,1.0,101.0,84.0,0.83,0.04,0.0,0.0,0.0,0.0,0.0,125619.0
11.0,9.0,46.0,117.0,0.0,0.0,1.0,0.0,0.0,1.0,0.0,1.0,255.0,235.0,0.92,0.01,0.0,0.0,0.0,0.0,0.0,10442.0
11.0,9.0,46.0,75.0,0.0,0.0,143.0,0.0,0.0,0.99,0.01,0.02,255.0,246.0,0.96,0.01,0.0,0.0,0.0,0.0,0.0,45617.0
55.0,2.0,0.0,0.0,0.0,0.0,1.0,0.0,0.0,1.0,0.0,0.0,255.0,2.0,0.01,0.02,0.0,0.0,0.0,0.5,0.0,89853.0
22.0,9.0,219.0,458.0,0.0,1.0,21.0,0.0,0.0,1.0,0.0,0.13,255.0,255.0,1.0,0.0,0.0,0.0,0.0,0.0,0.0,72046.0
55.0,9.0,142.0,324.0,0.0,0.0,2.0,0.5,0.0,0.5,1.0,0.0,255.0,30.0,0.12,0.38,0.0,0.38,0.1,0.03,0.0,43426.0
22.0,9.0,248.0,321.0,0.0,1.0,4.0,0.0,0.0,1.0,0.0,0.0,255.0,255.0,1.0,0.0,0.0,0.0,0.0,0.0,0.0,116827.0
3.0,9.0,10.0,39.0,0.0,1.0,1.0,0.0,0.0,1.0,0.0,0.0,14.0,7.0,0.07,0.21,0.29,0.0,0.0,0.0,0.0,82522.0
22.0,9.0,164.0,5450.0,0.0,1.0,7.0,0.0,0.0,1.0,0.0,0.0,8.0,8.0,1.0,0.0,0.0,0.0,0.0,0.0,0.0,42609.0
22.0,9.0,236.0,12852.0,0.0,1.0,1.0,0.0,0.0,1.0,0.0,0.0,56.0,255.0,1.0,0.0,0.04,0.0,0.0,0.0,0.0,89879.0
40.0,9.0,516.0,4.0,0.0,0.0,471.0,0.0,0.0,1.0,0.0,0.0,255.0,255.0,1.0,0.0,0.0,0.0,0.0,0.0,0.0,111835.0
22.0,9.0,317.0,2090.0,0.0,1.0,5.0,0.0,0.0,1.0,0.0,0.0,255.0,255.0,1.0,0.0,0.0,0.0,0.0,0.0,0.0,35565.0
17.0,9.0,6.0,358.0,0.0,0.0,1.0,0.0,0.0,1.0,0.0,0.0,123.0,10.0,0.02,0.02,0.2,0.0,0.2,0.0,0.0,14936.0
22.0,9.0,193.0,757.0,0.0,1.0,2.0,0.0,0.0,1.0,0.0,0.67,25.0,255.0,1.0,0.0,0.05,0.0,0.0,0.0,0.0,20145.0
22.0,9.0,222.0,563.0,0.0,1.0,7.0,0.0,0.0,1.0,0.0,0.09,255.0,255.0,1.0,0.0,0.0,0.0,0.0,0.0,0.0,122343.0
22.0,9.0,159.0,497.0,0.0,1.0,3.0,0.0,0.0,1.0,0.0,0.0,105.0,255.0,1.0,0.0,0.02,0.01,0.0,0.0,0.0,29398.0
11.0,9.0,44.0,129.0,0.0,0.0,142.0,0.0,0.0,1.0,0.0,0.0,255.0,254.0,1.0,0.01,0.0,0.0,0.0,0.0,0.0,118568.0
19.0,9.0,11376.0,0.0,0.0,1.0,4.0,0.0,0.0,1.0,0.0,0.0,156.0,82.0,0.38,0.03,0.02,0.0,0.0,0.0,0.0,36360.0
1.0,9.0,238508.0,24420.0,0.0,1.0,1.0,0.0,0.0,1.0,0.0,0.0,255.0,26.0,0.1,0.03,0.0,0.0,0.0,0.0,0.0,124536.0
22.0,9.0,160.0,8390.0,0.0,1.0,1.0,0.0,0.0,1.0,0.0,0.67,13.0,252.0,1.0,0.0,0.05,0.08,0.0,0.0,0.0,79229.0
22.0,9.0,196.0,3317.0,0.0,1.0,15.0,0.0,0.0,1.0,0.0,0.12,85.0,255.0,1.0,0.0,0.03,0.01,0.0,0.0,0.0,101539.0
11.0,9.0,43.0,78.0,0.0,0.0,216.0,0.0,0.0,1.0,0.01,0.0,255.0,254.0,1.0,0.01,0.0,0.0,0.0,0.0,0.0,39760.0
22.0,9.0,254.0,732.0,0.0,1.0,14.0,0.0,0.0,1.0,0.0,0.0,255.0,255.0,1.0,0.0,0.0,0.0,0.0,0.0,0.0,19444.0
22.0,9.0,296.0,188.0,0.0,1.0,1.0,0.0,0.0,1.0,0.0,0.22,56.0,255.0,1.0,0.0,0.04,0.02,0.01,0.01,0.0,123284.0
49.0,9.0,1425.0,370.0,0.0,1.0,1.0,0.0,0.0,1.0,0.0,1.0,32.0,185.0,0.94,0.06,0.02,0.0,0.01,0.0,0.0,55410.0
49.0,9.0,1926.0,394.0,0.0,1.0,1.0,0.0,0.0,1.0,0.0,0.0,255.0,13.0,0.05,0.02,0.0,0.95,0.0,0.0,0.0,43600.0
3.0,2.0,0.0,0.0,0.0,0.0,1.0,0.0,0.0,1.0,0.0,0.0,241.0,4.0,0.02,0.05,0.0,0.01,0.0,0.25,0.0,115094.0
22.0,1.0,0.0,0.0,0.0,0.0,1.0,0.0,0.0,1.0,0.0,0.0,7.0,55.0,1.0,0.0,0.29,0.0,0.0,1.0,0.0,58006.0
22.0,9.0,206.0,471.0,0.0,1.0,3.0,0.0,0.0,1.0,0.0,0.0,84.0,255.0,1.0,0.0,0.01,0.0,0.0,0.0,0.0,83065.0
22.0,9.0,232.0,1075.0,0.0,1.0,2.0,0.0,0.0,1.0,0.0,0.06,255.0,243.0,0.95,0.01,0.0,0.0,0.0,0.0,0.0,90379.0
22.0,6.0,325.0,14600.0,0.0,1.0,1.0,1.0,1.0,1.0,0.0,0.0,1.0,255.0,1.0,0.0,0.07,1.0,0.0,0.0,0.0,50746.0
22.0,9.0,308.0,5442.0,0.0,1.0,6.0,0.0,0.0,1.0,0.0,0.29,7.0,255.0,1.0,0.0,0.05,0.0,0.0,0.0,0.0,40769.0
19.0,9.0,884.0,0.0,0.0,0.0,2.0,0.0,0.0,1.0,0.0,0.0,106.0,11.0,0.1,0.05,0.0,0.0,0.0,0.0,0.0,104009.0
49.0,9.0,780.0,332.0,0.0,1.0,1.0,0.0,0.0,1.0,0.0,0.0,108.0,231.0,0.94,0.02,0.01,0.0,0.0,0.0,0.0,89888.0
40.0,9.0,516.0,4.0,0.0,0.0,476.0,0.0,0.0,1.0,0.0,0.0,255.0,255.0,1.0,0.0,0.0,0.0,0.0,0.0,0.0,46508.0
11.0,9.0,43.0,107.0,0.0,0.0,3.0,0.0,0.0,1.0,0.0,0.4,255.0,249.0,0.98,0.01,0.0,0.0,0.0,0.0,0.0,113101.0
22.0,1.0,0.0,0.0,0.0,0.0,1.0,0.0,0.0,1.0,0.0,0.0,2.0,253.0,1.0,0.0,0.04,0.0,0.0,0.84,0.0,15475.0
22.0,9.0,223.0,1187.0,0.0,1.0,16.0,0.0,0.0,1.0,0.0,0.12,255.0,255.0,1.0,0.0,0.0,0.0,0.0,0.0,0.0,99830.0
22.0,9.0,297.0,526.0,0.0,1.0,14.0,0.0,0.0,1.0,0.0,0.17,255.0,255.0,1.0,0.0,0.0,0.0,0.0,0.0,0.0,6657.0
11.0,9.0,45.0,144.0,0.0,0.0,71.0,0.0,0.0,1.0,0.0,0.01,255.0,239.0,0.94,0.01,0.0,0.0,0.0,0.0,0.0,37291.0
22.0,9.0,306.0,298.0,0.0,1.0,12.0,0.0,0.0,1.0,0.0,0.15,255.0,255.0,1.0,0.0,0.0,0.0,0.0,0.0,0.0,35037.0
49.0,9.0,843.0,328.0,0.0,1.0,1.0,0.0,0.0,1.0,0.0,0.0,169.0,75.0,0.44,0.04,0.0,0.01,0.0,0.0,0.0,68272.0
22.0,1.0,0.0,0.0,0.0,0.0,1.0,0.0,0.0,1.0,0.0,1.0,2.0,48.0,1.0,0.0,0.21,0.0,0.0,1.0,0.0,63348.0
49.0,9.0,1025.0,367.0,0.0,1.0,1.0,0.0,0.0,1.0,0.0,1.0,178.0,87.0,0.49,0.02,0.0,0.0,0.0,0.0,0.0,62646.0
19.0,9.0,252.0,0.0,0.0,1.0,2.0,0.0,0.0,1.0,0.0,0.0,117.0,64.0,0.55,0.03,0.0,0.0,0.0,0.0,0.0,80478.0
49.0,9.0,2602.0,330.0,0.0,1.0,1.0,0.0,0.0,1.0,0.0,1.0,39.0,149.0,0.69,0.08,0.02,0.03,0.01,0.0,0.0,4498.0
22.0,9.0,230.0,3662.0,0.0,1.0,1.0,0.0,0.0,1.0,0.0,0.0,118.0,255.0,1.0,0.0,0.04,0.0,0.0,0.0,0.0,3518.0
19.0,9.0,12.0,0.0,0.0,0.0,2.0,0.0,0.0,1.0,0.0,0.0,73.0,58.0,0.41,0.05,0.03,0.0,0.0,0.0,0.0,115939.0
44.0,9.0,207.0,0.0,0.0,0.0,2.0,0.0,0.0,1.0,0.0,0.0,170.0,146.0,0.86,0.01,0.0,0.0,0.0,0.0,1.0,26662.0
22.0,9.0,54540.0,8314.0,0.0,1.0,7.0,0.0,0.0,1.0,0.0,0.25,255.0,255.0,1.0,0.0,0.0,0.0,0.0,0.05,1.0,63350.0
22.0,9.0,221.0,272.0,0.0,1.0,7.0,0.0,0.0,1.0,0.0,0.0,7.0,152.0,1.0,0.0,0.06,0.0,0.0,0.0,0.0,25327.0
49.0,9.0,671.0,329.0,0.0,1.0,1.0,0.0,0.0,1.0,0.0,0.0,52.0,42.0,0.81,0.06,0.0,0.0,0.0,0.0,0.0,89141.0
22.0,1.0,0.0,0.0,0.0,0.0,1.0,0.0,0.0,1.0,0.0,1.0,62.0,255.0,1.0,0.0,0.11,0.0,0.0,0.71,0.0,99971.0
22.0,4.0,54540.0,8315.0,0.0,1.0,4.0,0.0,0.0,1.0,0.0,0.0,255.0,255.0,1.0,0.0,0.0,0.0,0.0,0.05,1.0,77262.0
22.0,9.0,246.0,10597.0,0.0,1.0,6.0,0.0,0.0,1.0,0.0,0.0,11.0,11.0,1.0,0.0,0.0,0.0,0.0,0.0,0.0,38414.0
11.0,9.0,43.0,43.0,0.0,0.0,120.0,0.0,0.0,1.0,0.0,0.01,255.0,255.0,1.0,0.0,0.0,0.0,0.0,0.0,0.0,62584.0
18.0,9.0,1151.0,2445.0,0.0,1.0,1.0,0.0,0.0,1.0,0.0,0.0,112.0,10.0,0.09,0.05,0.0,0.02,0.0,0.0,1.0,90130.0
22.0,9.0,336.0,276.0,0.0,1.0,3.0,0.0,0.0,1.0,0.0,0.0,255.0,247.0,0.97,0.01,0.0,0.0,0.0,0.0,0.0,44965.0
40.0,9.0,147.0,105.0,0.0,0.0,2.0,0.0,0.0,1.0,0.0,0.0,255.0,2.0,0.01,0.72,0.0,0.0,0.0,0.0,0.0,41459.0
22.0,9.0,211.0,392.0,0.0,1.0,1.0,0.0,0.0,1.0,0.0,0.29,255.0,255.0,1.0,0.0,0.0,0.0,0.0,0.0,0.0,22067.0
22.0,9.0,273.0,1493.0,0.0,1.0,2.0,0.0,0.0,1.0,0.0,0.0,21.0,30.0,1.0,0.0,0.07,0.0,0.0,0.57,0.0,113661.0
0.0,4.0,2011.0,9582.0,0.0,1.0,4.0,0.0,0.0,0.25,0.75,0.0,155.0,29.0,0.19,0.03,0.0,0.0,0.0,0.76,0.0,117079.0
22.0,9.0,204.0,122.0,0.0,1.0,3.0,0.0,0.0,1.0,0.0,0.29,3.0,255.0,1.0,0.0,0.04,0.0,0.0,0.0,0.0,5718.0
11.0,9.0,44.0,133.0,0.0,0.0,310.0,0.0,0.0,1.0,0.01,0.0,199.0,166.0,0.83,0.01,0.0,0.0,0.0,0.0,0.0,89040.0
49.0,9.0,1468.0,328.0,0.0,1.0,1.0,0.0,0.0,1.0,0.0,1.0,248.0,133.0,0.52,0.03,0.02,0.01,0.02,0.0,0.0,113084.0
14.0,9.0,64.0,0.0,0.0,0.0,1.0,0.0,0.0,1.0,0.0,0.0,41.0,1.0,0.02,0.07,0.0,0.0,0.0,0.0,0.0,15780.0
22.0,9.0,277.0,9463.0,0.0,1.0,5.0,0.0,0.0,1.0,0.0,0.0,5.0,255.0,1.0,0.0,0.05,0.0,0.0,0.0,0.0,10546.0
19.0,9.0,374.0,0.0,0.0,1.0,1.0,0.0,0.0,1.0,0.0,0.0,78.0,71.0,0.14,0.05,0.03,0.0,0.0,0.0,0.0,44650.0
22.0,6.0,148.0,14600.0,0.0,1.0,1.0,1.0,1.0,1.0,0.0,0.0,36.0,255.0,1.0,0.0,0.07,0.03,0.01,0.0,0.0,94464.0
22.0,1.0,0.0,0.0,0.0,0.0,1.0,0.0,0.0,1.0,0.0,0.0,96.0,255.0,1.0,0.0,0.1,0.0,0.0,0.71,0.0,8322.0
22.0,9.0,228.0,6371.0,0.0,1.0,6.0,0.0,0.0,1.0,0.0,0.0,20.0,255.0,1.0,0.0,0.03,0.0,0.0,0.0,0.0,97800.0
22.0,9.0,318.0,1068.0,0.0,1.0,14.0,0.0,0.0,1.0,0.0,0.12,243.0,255.0,1.0,0.0,0.01,0.0,0.0,0.0,0.0,69321.0
22.0,9.0,208.0,2879.0,0.0,1.0,3.0,0.0,0.0,1.0,0.0,0.0,6.0,255.0,1.0,0.0,0.02,0.0,0.0,0.0,0.0,124572.0
11.0,9.0,46.0,136.0,0.0,0.0,75.0,0.0,0.0,1.0,0.0,0.01,255.0,252.0,0.99,0.01,0.0,0.0,0.0,0.0,0.0,45307.0
22.0,9.0,249.0,1453.0,0.0,1.0,16.0,0.0,0.0,1.0,0.0,0.0,35.0,255.0,1.0,0.0,0.02,0.0,0.0,0.0,0.0,76169.0
22.0,9.0,197.0,1108.0,0.0,1.0,4.0,0.0,0.0,1.0,0.0,0.0,207.0,255.0,1.0,0.0,0.01,0.0,0.0,0.0,0.0,107441.0
22.0,9.0,143.0,9578.0,0.0,1.0,1.0,0.0,0.0,1.0,0.0,1.0,14.0,255.0,1.0,0.0,0.06,0.0,0.0,0.0,0.0,44400.0
49.0,9.0,682.0,334.0,0.0,1.0,1.0,0.0,0.0,1.0,0.0,0.0,47.0,114.0,0.38,0.06,0.02,0.0,0.18,0.0,0.0,103560.0
22.0,9.0,246.0,5776.0,0.0,1.0,13.0,0.0,0.0,1.0,0.0,0.0,255.0,255.0,1.0,0.0,0.0,0.0,0.0,0.0,0.0,12186.0
19.0,9.0,4539.0,0.0,0.0,0.0,24.0,0.0,0.0,1.0,0.0,0.0,85.0,66.0,0.61,0.05,0.03,0.0,0.0,0.0,0.0,80172.0
49.0,9.0,1091.0,332.0,0.0,1.0,1.0,0.0,0.0,1.0,0.0,0.0,97.0,127.0,0.6,0.06,0.02,0.0,0.0,0.0,0.0,26471.0
22.0,9.0,236.0,1425.0,0.0,1.0,4.0,0.0,0.0,1.0,0.0,0.0,255.0,255.0,1.0,0.0,0.0,0.0,0.0,0.0,0.0,61784.0
22.0,9.0,179.0,17784.0,0.0,1.0,2.0,0.0,0.0,1.0,0.0,0.0,255.0,255.0,1.0,0.0,0.0,0.0,0.0,0.0,0.0,104518.0
22.0,9.0,294.0,1761.0,0.0,1.0,21.0,0.0,0.0,1.0,0.0,0.09,255.0,255.0,1.0,0.0,0.0,0.0,0.0,0.0,0.0,107555.0
22.0,9.0,222.0,397.0,0.0,1.0,12.0,0.0,0.0,1.0,0.0,0.0,255.0,255.0,1.0,0.0,0.0,0.0,0.0,0.0,0.0,108647.0
22.0,9.0,208.0,770.0,0.0,1.0,11.0,0.0,0.0,1.0,0.0,0.2,255.0,255.0,1.0,0.0,0.0,0.0,0.0,0.0,0.0,124959.0
22.0,9.0,150.0,11802.0,0.0,1.0,1.0,0.0,0.0,1.0,0.0,0.0,31.0,255.0,1.0,0.0,0.04,0.0,0.0,0.0,0.0,12561.0
11.0,9.0,44.0,44.0,0.0,0.0,150.0,0.0,0.0,1.0,0.0,0.01,255.0,255.0,1.0,0.0,0.0,0.0,0.0,0.0,0.0,96442.0
22.0,9.0,350.0,834.0,0.0,1.0,35.0,0.0,0.0,1.0,0.0,0.06,82.0,255.0,1.0,0.0,0.02,0.0,0.0,0.0,0.0,44542.0
22.0,9.0,304.0,9585.0,0.0,1.0,4.0,0.0,0.0,1.0,0.0,0.0,255.0,255.0,1.0,0.0,0.0,0.0,0.0,0.0,0.0,16493.0
49.0,9.0,1529.0,372.0,0.0,1.0,2.0,0.0,0.0,1.0,0.0,0.0,140.0,167.0,0.74,0.02,0.01,0.0,0.0,0.0,0.0,50635.0
11.0,9.0,45.0,130.0,0.0,0.0,137.0,0.0,0.0,1.0,0.0,0.01,255.0,255.0,1.0,0.0,0.0,0.0,0.0,0.0,0.0,81958.0
22.0,9.0,214.0,1600.0,0.0,1.0,5.0,0.0,0.0,1.0,0.0,0.25,255.0,255.0,1.0,0.0,0.0,0.0,0.0,0.0,0.0,12371.0
22.0,9.0,221.0,1183.0,0.0,1.0,30.0,0.0,0.0,1.0,0.0,0.06,89.0,252.0,1.0,0.0,0.06,0.01,0.01,0.0,0.0,110056.0
11.0,9.0,44.0,44.0,0.0,0.0,4.0,0.0,0.0,0.25,0.5,0.38,36.0,35.0,0.97,0.06,0.0,0.0,0.0,0.0,0.0,63370.0
22.0,9.0,211.0,5415.0,0.0,1.0,11.0,0.0,0.0,1.0,0.0,0.0,11.0,255.0,1.0,0.0,0.04,0.0,0.0,0.0,0.0,77984.0
19.0,9.0,879.0,0.0,0.0,0.0,10.0,0.0,0.0,1.0,0.0,0.0,255.0,112.0,0.44,0.03,0.0,0.0,0.0,0.0,0.0,5073.0
44.0,9.0,105.0,146.0,0.0,0.0,1.0,0.0,0.0,1.0,0.0,0.0,10.0,6.0,0.6,0.2,0.0,0.0,0.0,0.0,0.0,99294.0
11.0,9.0,111.0,44.0,0.0,0.0,1.0,0.0,0.0,1.0,0.0,0.0,27.0,21.0,0.78,0.07,0.0,0.0,0.0,0.0,0.0,58472.0
49.0,9.0,1429.0,364.0,0.0,1.0,1.0,0.0,0.0,1.0,0.0,0.0,111.0,89.0,0.8,0.03,0.0,0.0,0.0,0.0,0.0,8458.0
11.0,9.0,46.0,46.0,0.0,0.0,2.0,0.0,0.0,1.0,0.0,0.27,255.0,248.0,0.97,0.01,0.0,0.0,0.0,0.0,0.0,79624.0
22.0,9.0,248.0,1105.0,0.0,1.0,13.0,0.0,0.0,1.0,0.0,0.25,255.0,255.0,1.0,0.0,0.0,0.0,0.0,0.0,0.0,116830.0
22.0,9.0,316.0,1373.0,0.0,1.0,16.0,0.0,0.0,1.0,0.0,0.12,31.0,255.0,1.0,0.0,0.03,0.0,0.0,0.0,0.0,19248.0
11.0,9.0,22.0,75.0,0.0,0.0,2.0,0.0,0.0,0.5,1.0,0.0,44.0,42.0,0.95,0.05,0.0,0.0,0.0,0.0,0.0,94799.0
22.0,9.0,190.0,1185.0,0.0,1.0,7.0,0.0,0.0,1.0,0.0,0.22,66.0,103.0,1.0,0.0,0.02,0.0,0.0,0.0,0.0,37243.0
22.0,1.0,0.0,0.0,0.0,0.0,1.0,0.0,0.0,1.0,0.0,1.0,6.0,255.0,1.0,0.0,0.12,0.0,0.0,0.78,0.0,7391.0
22.0,9.0,341.0,279.0,0.0,1.0,3.0,0.0,0.0,1.0,0.0,0.0,255.0,240.0,0.94,0.01,0.0,0.0,0.0,0.0,0.0,58144.0
22.0,9.0,212.0,4132.0,0.0,1.0,15.0,0.0,0.0,1.0,0.0,0.0,15.0,255.0,1.0,0.0,0.06,0.0,0.0,0.0,0.0,75163.0
49.0,9.0,1882.0,333.0,0.0,1.0,1.0,0.0,0.0,1.0,0.0,1.0,255.0,152.0,0.6,0.02,0.0,0.01,0.01,0.0,0.0,38509.0
22.0,9.0,232.0,1353.0,0.0,1.0,5.0,0.0,0.0,1.0,0.0,0.13,164.0,255.0,1.0,0.0,0.01,0.0,0.0,0.0,0.0,88068.0
49.0,9.0,1010.0,387.0,0.0,1.0,1.0,0.0,0.0,1.0,0.0,0.0,255.0,39.0,0.15,0.02,0.0,0.77,0.0,0.0,0.0,46386.0
14.0,9.0,1480.0,0.0,1.0,0.0,2.0,0.0,0.0,1.0,0.0,0.5,2.0,151.0,1.0,0.0,0.1,0.0,0.0,0.0,1.0,88574.0
49.0,9.0,1285.0,328.0,0.0,1.0,1.0,0.0,0.0,1.0,0.0,0.0,233.0,180.0,0.7,0.02,0.01,0.0,0.01,0.0,0.0,25197.0
22.0,9.0,271.0,2841.0,0.0,1.0,10.0,0.0,0.0,1.0,0.0,0.0,21.0,80.0,1.0,0.0,0.08,0.0,0.0,0.0,0.0,103889.0
40.0,9.0,8325.0,0.0,0.0,1.0,15.0,0.07,0.0,0.07,0.13,0.0,140.0,1.0,0.01,0.05,0.0,0.02,0.0,0.0,0.0,111770.0
22.0,9.0,219.0,2063.0,0.0,1.0,9.0,0.0,0.0,1.0,0.0,0.2,94.0,255.0,1.0,0.0,0.03,0.0,0.0,0.0,0.0,65174.0
22.0,9.0,313.0,550.0,0.0,1.0,1.0,0.0,0.0,1.0,0.0,0.33,1.0,255.0,1.0,0.0,0.02,0.0,0.01,0.01,0.0,109243.0
22.0,9.0,209.0,767.0,0.0,1.0,5.0,0.0,0.0,1.0,0.0,0.27,10.0,29.0,1.0,0.0,0.1,0.0,0.0,0.0,0.0,118962.0
22.0,9.0,303.0,8670.0,0.0,1.0,3.0,0.0,0.0,1.0,0.0,0.29,238.0,255.0,1.0,0.0,0.01,0.0,0.0,0.0,0.0,32729.0
22.0,9.0,216.0,1798.0,0.0,1.0,3.0,0.0,0.0,1.0,0.0,0.0,3.0,255.0,1.0,0.0,0.04,0.0,0.0,0.0,0.0,21590.0
22.0,4.0,18980.0,4380.0,0.0,1.0,4.0,0.0,0.0,1.0,0.0,0.0,14.0,14.0,1.0,0.0,0.0,0.0,0.0,0.43,1.0,28510.0
49.0,9.0,967.0,331.0,0.0,1.0,1.0,0.0,0.0,1.0,0.0,0.0,18.0,208.0,0.94,0.11,0.01,0.0,0.0,0.0,0.0,12353.0
22.0,9.0,336.0,685.0,0.0,1.0,16.0,0.0,0.0,1.0,0.0,0.12,255.0,255.0,1.0,0.0,0.0,0.0,0.0,0.0,0.0,4594.0
22.0,9.0,378.0,1413.0,0.0,1.0,21.0,0.0,0.0,1.0,0.0,0.09,255.0,255.0,1.0,0.0,0.0,0.0,0.0,0.0,0.0,110090.0
58.0,9.0,84.0,0.0,0.0,0.0,4.0,0.0,0.0,0.25,0.5,0.0,255.0,13.0,0.05,0.01,0.0,0.0,0.0,0.0,0.0,31467.0
49.0,9.0,1230.0,337.0,0.0,1.0,1.0,0.0,0.0,1.0,0.0,1.0,255.0,147.0,0.58,0.02,0.0,0.0,0.01,0.0,0.0,80523.0
11.0,9.0,45.0,73.0,0.0,0.0,283.0,0.0,0.0,1.0,0.0,0.0,255.0,209.0,0.82,0.01,0.0,0.0,0.0,0.0,0.0,78795.0
58.0,9.0,87.0,0.0,0.0,0.0,20.0,0.0,0.0,0.05,0.1,0.11,255.0,1.0,0.0,0.01,0.0,0.0,0.0,0.0,0.0,15063.0
22.0,9.0,245.0,7409.0,0.0,1.0,2.0,0.0,0.0,1.0,0.0,0.0,255.0,255.0,1.0,0.0,0.0,0.0,0.0,0.0,0.0,40809.0
22.0,9.0,333.0,406.0,0.0,1.0,32.0,0.0,0.0,1.0,0.0,0.07,255.0,255.0,1.0,0.0,0.0,0.0,0.0,0.0,0.0,24594.0
49.0,9.0,3940.0,323.0,0.0,1.0,1.0,0.0,0.0,1.0,0.0,0.0,159.0,56.0,0.35,0.04,0.0,0.01,0.0,0.0,0.0,34213.0
40.0,9.0,146.0,105.0,0.0,0.0,1.0,0.0,0.0,1.0,0.0,0.0,255.0,1.0,0.0,0.64,0.0,0.0,0.0,0.0,0.0,121641.0
22.0,9.0,229.0,1901.0,0.0,1.0,8.0,0.0,0.0,1.0,0.0,0.0,8.0,255.0,1.0,0.0,0.04,0.0,0.0,0.0,0.0,1746.0
49.0,9.0,592.0,404.0,0.0,1.0,1.0,0.0,0.0,1.0,0.0,0.0,5.0,148.0,0.6,0.4,0.01,0.0,0.0,0.0,0.0,59588.0
19.0,9.0,192.0,0.0,0.0,1.0,2.0,0.0,0.0,1.0,0.0,0.0,12.0,20.0,0.33,0.25,0.15,0.0,0.0,0.0,0.0,87432.0
22.0,9.0,232.0,308.0,0.0,1.0,11.0,0.0,0.0,1.0,0.0,0.0,255.0,255.0,1.0,0.0,0.0,0.0,0.0,0.0,0.0,99273.0
22.0,9.0,295.0,14496.0,0.0,1.0,1.0,0.0,0.0,1.0,0.0,0.0,73.0,255.0,1.0,0.0,0.03,0.0,0.0,0.0,0.0,117880.0
11.0,9.0,36.0,0.0,0.0,0.0,10.0,0.0,0.0,1.0,0.0,0.0,49.0,113.0,1.0,0.0,0.02,0.0,0.0,0.0,0.0,59178.0
19.0,6.0,10220.0,0.0,0.0,1.0,6.0,0.17,0.5,0.5,0.67,0.5,78.0,59.0,0.19,0.08,0.03,0.03,0.07,0.0,0.0,69105.0
19.0,9.0,245.0,0.0,0.0,1.0,2.0,0.0,0.0,1.0,0.0,0.0,67.0,6.0,0.03,0.07,0.33,0.0,0.0,0.0,0.0,97917.0
49.0,9.0,647.0,278.0,0.0,1.0,1.0,0.0,0.0,1.0,0.0,0.0,255.0,32.0,0.13,0.49,0.0,0.0,0.0,0.0,0.0,99371.0
22.0,9.0,217.0,350.0,0.0,1.0,13.0,0.0,0.0,1.0,0.0,0.0,255.0,255.0,1.0,0.0,0.0,0.0,0.0,0.0,0.0,93259.0
22.0,1.0,0.0,0.0,0.0,0.0,1.0,0.0,0.0,1.0,0.0,0.0,4.0,255.0,1.0,0.0,0.09,0.0,0.0,0.74,0.0,60249.0
19.0,9.0,4753.0,0.0,0.0,0.0,18.0,0.0,0.0,1.0,0.0,0.0,255.0,24.0,0.09,0.07,0.0,0.84,0.0,0.0,0.0,109430.0
49.0,9.0,1327.0,328.0,0.0,1.0,1.0,0.0,0.0,1.0,0.0,1.0,167.0,133.0,0.51,0.02,0.02,0.0,0.02,0.0,0.0,80103.0
22.0,9.0,368.0,11342.0,0.0,1.0,1.0,0.0,0.0,1.0,0.0,0.0,2.0,255.0,1.0,0.0,0.05,0.0,0.0,0.0,0.0,116890.0
22.0,9.0,350.0,6959.0,0.0,1.0,26.0,0.0,0.0,1.0,0.0,0.0,255.0,255.0,1.0,0.0,0.0,0.0,0.0,0.0,0.0,119389.0
22.0,1.0,0.0,0.0,0.0,0.0,1.0,0.0,0.0,1.0,0.0,0.0,5.0,163.0,1.0,0.0,0.04,0.0,0.0,1.0,0.0,23843.0
19.0,9.0,2194619.0,0.0,0.0,1.0,3.0,0.0,0.0,0.67,0.67,0.0,241.0,102.0,0.41,0.02,0.02,0.0,0.0,0.0,0.0,23924.0
19.0,9.0,383.0,0.0,0.0,0.0,2.0,0.0,0.0,1.0,0.0,0.0,255.0,117.0,0.46,0.01,0.0,0.0,0.01,0.0,0.0,19977.0
40.0,9.0,516.0,4.0,0.0,0.0,221.0,0.0,0.0,1.0,0.0,0.0,221.0,221.0,1.0,0.0,0.0,0.0,0.0,0.0,0.0,112975.0
22.0,9.0,181.0,10333.0,0.0,1.0,5.0,0.0,0.0,1.0,0.0,0.0,153.0,255.0,1.0,0.0,0.03,0.01,0.01,0.0,0.0,86926.0
22.0,9.0,344.0,1451.0,0.0,1.0,10.0,0.0,0.0,1.0,0.0,0.0,255.0,255.0,1.0,0.0,0.0,0.0,0.0,0.02,0.0,3325.0
18.0,9.0,289.0,903.0,0.0,1.0,1.0,0.0,0.0,1.0,0.0,0.0,255.0,51.0,0.2,0.02,0.0,0.0,0.0,0.12,0.0,107703.0
40.0,9.0,147.0,105.0,0.0,0.0,1.0,0.0,0.0,1.0,0.0,0.0,255.0,1.0,0.0,0.88,0.0,0.0,0.0,0.0,0.0,87786.0
22.0,9.0,319.0,879.0,0.0,1.0,13.0,0.0,0.0,1.0,0.0,0.0,35.0,255.0,1.0,0.0,0.04,0.0,0.0,0.0,0.0,12852.0
19.0,9.0,12.0,0.0,0.0,1.0,1.0,0.0,0.0,1.0,0.0,0.0,111.0,79.0,0.24,0.03,0.03,0.0,0.0,0.0,0.0,101860.0
22.0,9.0,248.0,1667.0,0.0,1.0,3.0,0.0,0.0,1.0,0.0,0.17,255.0,255.0,1.0,0.0,0.0,0.0,0.0,0.0,0.0,91664.0
40.0,9.0,40.0,28.0,0.0,0.0,2.0,0.0,0.0,0.5,1.0,0.0,118.0,1.0,0.01,0.12,0.0,0.0,0.0,0.0,1.0,99630.0
22.0,9.0,211.0,472.0,0.0,1.0,9.0,0.0,0.0,1.0,0.0,0.2,24.0,255.0,1.0,0.0,0.06,0.0,0.0,0.01,0.0,113659.0
40.0,9.0,145.0,105.0,0.0,0.0,1.0,0.0,0.0,1.0,0.0,0.0,255.0,3.0,0.01,0.76,0.0,0.0,0.0,0.0,0.0,72831.0
22.0,9.0,295.0,2649.0,0.0,1.0,17.0,0.0,0.0,1.0,0.0,0.0,255.0,255.0,1.0,0.0,0.0,0.0,0.0,0.0,0.0,16578.0
40.0,9.0,6062.0,0.0,0.0,1.0,3.0,0.0,0.0,0.33,1.0,0.0,63.0,1.0,0.02,0.3,0.0,0.0,0.0,0.0,0.0,61573.0
22.0,9.0,251.0,333.0,0.0,1.0,6.0,0.0,0.0,1.0,0.0,0.0,73.0,255.0,1.0,0.0,0.05,0.0,0.0,0.02,0.0,15312.0
22.0,9.0,234.0,9598.0,0.0,1.0,11.0,0.0,0.0,1.0,0.0,0.0,68.0,255.0,1.0,0.0,0.01,0.0,0.0,0.0,0.0,102688.0
49.0,9.0,775.0,338.0,0.0,1.0,1.0,0.0,0.0,1.0,0.0,1.0,168.0,175.0,0.62,0.03,0.01,0.0,0.0,0.0,0.0,14311.0
11.0,9.0,44.0,44.0,0.0,0.0,102.0,0.0,0.0,1.0,0.0,0.02,255.0,255.0,1.0,0.0,0.0,0.0,0.0,0.0,0.0,112887.0
22.0,9.0,219.0,442.0,0.0,1.0,7.0,0.0,0.0,1.0,0.0,0.0,11.0,255.0,1.0,0.0,0.04,0.0,0.0,0.0,0.0,25125.0
22.0,9.0,222.0,6843.0,0.0,1.0,1.0,0.0,0.0,1.0,0.0,0.0,12.0,255.0,1.0,0.0,0.02,0.0,0.0,0.0,0.0,33522.0
22.0,6.0,322.0,10220.0,0.0,1.0,5.0,0.2,0.2,1.0,0.0,0.0,255.0,255.0,1.0,0.0,0.0,0.0,0.0,0.0,0.0,22665.0
11.0,9.0,45.0,45.0,0.0,0.0,176.0,0.0,0.0,0.99,0.01,0.0,255.0,254.0,1.0,0.01,0.0,0.0,0.0,0.0,0.0,112832.0
22.0,9.0,293.0,5657.0,0.0,1.0,7.0,0.0,0.0,1.0,0.0,0.0,9.0,255.0,1.0,0.0,0.02,0.0,0.0,0.0,0.0,62484.0
18.0,9.0,885.0,2586.0,0.0,1.0,1.0,0.0,0.0,1.0,0.0,0.0,255.0,49.0,0.19,0.02,0.0,0.0,0.0,0.0,0.0,19993.0
22.0,1.0,0.0,0.0,0.0,0.0,1.0,0.0,0.0,1.0,0.0,0.0,21.0,177.0,1.0,0.0,0.16,0.0,0.0,1.0,0.0,99014.0
11.0,9.0,45.0,71.0,0.0,0.0,214.0,0.0,0.0,1.0,0.0,0.0,255.0,255.0,1.0,0.0,0.0,0.0,0.0,0.0,0.0,81756.0
22.0,9.0,267.0,5722.0,0.0,1.0,1.0,0.0,0.0,1.0,0.0,0.0,26.0,255.0,1.0,0.0,0.01,0.0,0.0,0.0,0.0,64130.0
22.0,9.0,344.0,421.0,0.0,1.0,21.0,0.0,0.0,1.0,0.0,0.19,255.0,255.0,1.0,0.0,0.0,0.0,0.0,0.0,0.0,36574.0
22.0,9.0,285.0,5200.0,0.0,1.0,9.0,0.0,0.0,1.0,0.0,0.0,157.0,255.0,1.0,0.0,0.01,0.0,0.0,0.01,0.0,68743.0
22.0,9.0,233.0,2538.0,0.0,1.0,14.0,0.0,0.0,1.0,0.0,0.0,49.0,255.0,1.0,0.0,0.03,0.0,0.0,0.0,0.0,89227.0
44.0,9.0,105.0,147.0,0.0,0.0,3.0,0.0,0.0,0.33,1.0,0.0,255.0,245.0,0.96,0.01,0.0,0.0,0.0,0.0,0.0,13757.0
22.0,9.0,216.0,253.0,0.0,1.0,9.0,0.0,0.0,1.0,0.0,0.0,75.0,255.0,1.0,0.0,0.05,0.0,0.0,0.0,0.0,106741.0
19.0,9.0,2194619.0,0.0,0.0,1.0,3.0,0.0,0.0,0.67,0.67,0.0,64.0,48.0,0.75,0.06,0.0,0.0,0.0,0.0,0.0,88379.0
22.0,9.0,232.0,20626.0,0.0,1.0,8.0,0.0,0.0,1.0,0.0,0.0,17.0,255.0,1.0,0.0,0.01,0.0,0.0,0.0,0.0,27140.0
11.0,9.0,112.0,45.0,0.0,0.0,4.0,0.0,0.0,1.0,0.0,0.0,108.0,83.0,0.77,0.02,0.0,0.0,0.0,0.0,0.0,5447.0
22.0,9.0,196.0,288.0,0.0,1.0,3.0,0.0,0.0,1.0,0.0,0.0,27.0,255.0,1.0,0.0,0.04,0.0,0.0,0.0,0.0,63390.0
22.0,9.0,238.0,1587.0,0.0,1.0,5.0,0.0,0.0,1.0,0.0,0.0,196.0,255.0,1.0,0.0,0.01,0.0,0.0,0.01,0.0,49080.0
22.0,9.0,192.0,2065.0,0.0,1.0,8.0,0.0,0.0,1.0,0.0,0.18,202.0,255.0,1.0,0.0,0.02,0.0,0.0,0.0,0.0,122116.0
18.0,9.0,1287.0,2453.0,0.0,1.0,1.0,0.0,0.0,1.0,0.0,0.0,255.0,65.0,0.25,0.02,0.0,0.0,0.0,0.0,1.0,105358.0
22.0,9.0,221.0,1380.0,0.0,1.0,24.0,0.0,0.0,1.0,0.0,0.08,255.0,255.0,1.0,0.0,0.0,0.0,0.0,0.0,0.0,59334.0
22.0,9.0,197.0,14102.0,0.0,1.0,6.0,0.0,0.0,1.0,0.0,0.2,16.0,255.0,1.0,0.0,0.04,0.0,0.0,0.0,0.0,27121.0
22.0,9.0,190.0,3018.0,0.0,1.0,9.0,0.0,0.0,1.0,0.0,0.0,42.0,255.0,1.0,0.0,0.05,0.0,0.0,0.0,0.0,50741.0
13.0,9.0,30.0,0.0,0.0,0.0,4.0,0.0,0.0,0.25,0.5,0.0,255.0,28.0,0.11,0.01,0.0,0.0,0.0,0.0,0.0,86561.0
49.0,9.0,60814.0,387.0,0.0,1.0,1.0,0.0,0.0,1.0,0.0,1.0,255.0,36.0,0.14,0.75,0.0,0.74,0.0,0.0,0.0,22873.0
40.0,9.0,146.0,105.0,0.0,0.0,2.0,0.0,0.0,0.5,1.0,0.0,255.0,3.0,0.01,0.52,0.0,0.0,0.0,0.0,0.0,16465.0
11.0,9.0,45.0,135.0,0.0,0.0,65.0,0.0,0.0,1.0,0.0,0.01,255.0,254.0,1.0,0.01,0.0,0.0,0.0,0.0,0.0,3242.0
22.0,9.0,217.0,11403.0,0.0,1.0,1.0,0.0,0.0,1.0,0.0,0.0,103.0,255.0,1.0,0.0,0.02,0.0,0.0,0.0,0.0,76128.0
22.0,9.0,344.0,294.0,0.0,1.0,5.0,0.0,0.0,1.0,0.0,0.0,255.0,255.0,1.0,0.0,0.0,0.0,0.0,0.0,0.0,111569.0
22.0,9.0,262.0,19886.0,0.0,1.0,1.0,0.0,0.0,1.0,0.0,0.0,46.0,255.0,1.0,0.0,0.04,0.0,0.0,0.0,0.0,95470.0
19.0,9.0,54689.0,0.0,0.0,1.0,1.0,0.0,0.0,1.0,0.0,0.0,182.0,52.0,0.29,0.03,0.0,0.0,0.0,0.0,0.0,57569.0
22.0,9.0,318.0,2698.0,0.0,1.0,24.0,0.0,0.0,1.0,0.0,0.0,255.0,253.0,0.99,0.01,0.0,0.0,0.0,0.0,0.0,107762.0
11.0,9.0,46.0,75.0,0.0,0.0,135.0,0.0,0.0,1.0,0.0,0.0,255.0,224.0,0.88,0.01,0.0,0.0,0.0,0.0,0.0,74379.0
22.0,9.0,239.0,620.0,0.0,1.0,26.0,0.0,0.0,1.0,0.0,0.06,93.0,255.0,1.0,0.0,0.05,0.0,0.0,0.0,0.0,52849.0
19.0,9.0,4892.0,0.0,0.0,1.0,1.0,0.0,0.0,1.0,0.0,0.0,26.0,92.0,0.42,0.08,0.03,0.0,0.0,0.0,0.0,28359.0
22.0,9.0,289.0,1001.0,0.0,1.0,4.0,0.0,0.0,1.0,0.0,0.0,255.0,255.0,1.0,0.0,0.0,0.0,0.0,0.0,0.0,65031.0
22.0,9.0,251.0,13356.0,0.0,1.0,12.0,0.0,0.0,1.0,0.0,0.2,255.0,255.0,1.0,0.0,0.0,0.0,0.0,0.0,0.0,66233.0
11.0,9.0,46.0,129.0,0.0,0.0,73.0,0.0,0.0,1.0,0.0,0.01,255.0,254.0,1.0,0.01,0.0,0.0,0.0,0.0,0.0,21964.0
17.0,9.0,7.0,175.0,0.0,0.0,1.0,0.0,0.0,1.0,0.0,0.0,255.0,6.0,0.02,0.02,0.0,0.0,0.0,0.0,0.0,70955.0
19.0,9.0,245.0,0.0,0.0,0.0,2.0,0.0,0.0,1.0,0.0,0.0,2.0,67.0,1.0,0.0,0.03,0.0,0.0,0.0,0.0,37168.0
11.0,9.0,29.0,82.0,0.0,0.0,1.0,0.0,0.0,1.0,0.0,0.0,21.0,224.0,0.86,0.1,0.01,0.0,0.0,0.0,0.0,29088.0
22.0,9.0,225.0,495.0,0.0,1.0,34.0,0.0,0.0,1.0,0.0,0.06,255.0,255.0,1.0,0.0,0.0,0.0,0.0,0.0,0.0,121234.0
19.0,9.0,10073.0,0.0,0.0,1.0,4.0,0.0,0.0,1.0,0.0,0.0,78.0,112.0,0.76,0.03,0.03,0.0,0.0,0.0,0.0,75579.0
22.0,9.0,336.0,668.0,0.0,1.0,18.0,0.0,0.0,1.0,0.0,0.0,255.0,255.0,1.0,0.0,0.0,0.0,0.0,0.0,0.0,44093.0
22.0,9.0,306.0,560.0,0.0,1.0,19.0,0.0,0.0,1.0,0.0,0.0,38.0,255.0,1.0,0.0,0.04,0.0,0.0,0.0,0.0,32996.0
22.0,9.0,196.0,22792.0,0.0,1.0,4.0,0.0,0.0,1.0,0.0,0.0,239.0,255.0,1.0,0.0,0.02,0.01,0.01,0.0,0.0,5392.0
22.0,9.0,4666.0,4926.0,0.0,1.0,15.0,0.0,0.0,1.0,0.0,0.0,17.0,255.0,1.0,0.0,0.06,0.0,0.0,0.0,0.0,98040.0
22.0,9.0,235.0,774.0,0.0,1.0,2.0,0.0,0.0,1.0,0.0,0.0,255.0,255.0,1.0,0.0,0.0,0.0,0.0,0.0,0.0,117125.0
22.0,9.0,272.0,822.0,0.0,1.0,2.0,0.0,0.0,1.0,0.0,0.0,6.0,255.0,1.0,0.0,0.06,0.0,0.0,0.0,0.0,22677.0
22.0,9.0,285.0,412.0,0.0,1.0,5.0,0.0,0.0,1.0,0.0,0.0,165.0,255.0,1.0,0.0,0.02,0.0,0.0,0.0,0.0,100089.0
49.0,9.0,1245.0,327.0,0.0,1.0,1.0,0.0,0.0,1.0,0.0,1.0,27.0,134.0,0.56,0.15,0.01,0.0,0.01,0.0,0.0,121714.0
11.0,9.0,45.0,75.0,0.0,0.0,310.0,0.0,0.0,1.0,0.0,0.0,255.0,219.0,0.86,0.01,0.0,0.0,0.0,0.0,0.0,12105.0
22.0,9.0,246.0,285.0,0.0,1.0,10.0,0.0,0.0,1.0,0.0,0.0,255.0,255.0,1.0,0.0,0.0,0.0,0.0,0.0,0.0,116887.0
40.0,9.0,146.0,105.0,0.0,0.0,5.0,0.0,0.0,0.2,0.6,0.0,255.0,1.0,0.0,0.68,0.0,0.0,0.0,0.0,0.0,82387.0
22.0,9.0,297.0,16319.0,0.0,1.0,12.0,0.0,0.0,1.0,0.0,0.0,232.0,255.0,1.0,0.0,0.01,0.0,0.0,0.0,0.0,67604.0
22.0,9.0,187.0,1364.0,0.0,1.0,8.0,0.0,0.0,1.0,0.0,0.18,46.0,255.0,1.0,0.0,0.04,0.0,0.0,0.0,0.0,7809.0
22.0,9.0,296.0,3616.0,0.0,1.0,6.0,0.0,0.12,1.0,0.0,0.25,58.0,255.0,1.0,0.0,0.04,0.0,0.0,0.0,0.0,113095.0
22.0,9.0,235.0,1850.0,0.0,1.0,13.0,0.0,0.0,1.0,0.0,0.0,71.0,255.0,1.0,0.0,0.04,0.0,0.0,0.0,0.0,27094.0
19.0,9.0,245.0,0.0,0.0,1.0,1.0,0.0,0.0,1.0,0.0,1.0,206.0,2.0,0.01,0.53,0.0,0.0,0.0,0.0,0.0,74002.0
22.0,9.0,306.0,1337.0,0.0,1.0,2.0,0.0,0.0,1.0,0.0,0.0,171.0,255.0,1.0,0.0,0.01,0.0,0.0,0.0,0.0,62987.0
22.0,9.0,287.0,5480.0,0.0,1.0,9.0,0.0,0.0,1.0,0.0,0.0,163.0,255.0,1.0,0.0,0.02,0.0,0.0,0.0,0.0,74158.0
22.0,9.0,196.0,285.0,0.0,1.0,12.0,0.0,0.0,1.0,0.0,0.0,255.0,255.0,1.0,0.0,0.0,0.0,0.0,0.0,0.0,55916.0
19.0,9.0,2056.0,0.0,0.0,1.0,8.0,0.0,0.0,0.88,0.25,0.0,232.0,98.0,0.42,0.01,0.0,0.0,0.0,0.0,0.0,107151.0
22.0,9.0,217.0,712.0,0.0,1.0,9.0,0.0,0.0,1.0,0.0,0.0,255.0,255.0,1.0,0.0,0.0,0.0,0.0,0.0,0.0,67341.0
22.0,9.0,237.0,4580.0,0.0,1.0,13.0,0.0,0.0,1.0,0.0,0.1,189.0,255.0,1.0,0.0,0.02,0.0,0.0,0.0,0.0,41571.0
22.0,9.0,175.0,1000.0,0.0,1.0,13.0,0.0,0.0,1.0,0.0,0.2,28.0,255.0,1.0,0.0,0.04,0.0,0.0,0.01,0.0,103620.0
44.0,9.0,105.0,145.0,0.0,0.0,1.0,0.0,0.0,1.0,0.0,0.0,21.0,13.0,0.62,0.14,0.0,0.0,0.0,0.0,0.0,5212.0
22.0,9.0,289.0,16978.0,0.0,1.0,7.0,0.0,0.0,1.0,0.0,0.0,57.0,255.0,1.0,0.0,0.02,0.0,0.0,0.0,0.0,21369.0
40.0,9.0,147.0,105.0,0.0,0.0,1.0,0.0,0.0,1.0,0.0,0.0,255.0,2.0,0.01,0.6,0.0,0.0,0.0,0.0,0.0,122484.0
22.0,9.0,295.0,1158.0,0.0,1.0,9.0,0.0,0.0,1.0,0.0,0.18,97.0,255.0,1.0,0.0,0.05,0.0,0.0,0.0,0.0,91871.0
58.0,9.0,63.0,0.0,0.0,0.0,6.0,0.0,0.0,0.33,0.33,0.0,255.0,24.0,0.09,0.01,0.0,0.0,0.0,0.0,0.0,10660.0
49.0,9.0,1360.0,283.0,0.0,1.0,1.0,0.0,0.0,1.0,0.0,0.0,14.0,35.0,0.14,0.14,0.06,0.07,0.0,0.0,0.0,56274.0
49.0,9.0,1189.0,331.0,0.0,1.0,1.0,0.0,0.0,1.0,0.0,0.0,255.0,2.0,0.01,0.91,0.0,0.0,0.0,0.0,0.0,43112.0
22.0,9.0,257.0,5998.0,0.0,1.0,9.0,0.0,0.0,1.0,0.0,0.0,255.0,255.0,1.0,0.0,0.0,0.0,0.0,0.0,0.0,80902.0
22.0,9.0,321.0,182.0,0.0,1.0,21.0,0.0,0.0,1.0,0.0,0.0,255.0,255.0,1.0,0.0,0.0,0.0,0.0,0.0,0.0,103139.0
22.0,9.0,340.0,1240.0,0.0,1.0,9.0,0.0,0.0,1.0,0.0,0.0,157.0,255.0,1.0,0.0,0.02,0.0,0.0,0.0,0.0,50023.0
22.0,9.0,242.0,7892.0,0.0,1.0,14.0,0.0,0.0,1.0,0.0,0.13,134.0,255.0,1.0,0.0,0.02,0.0,0.0,0.0,0.0,49169.0
22.0,1.0,0.0,0.0,0.0,0.0,1.0,0.0,0.0,1.0,0.0,0.0,71.0,255.0,1.0,0.0,0.1,0.0,0.0,0.91,0.0,52871.0
49.0,9.0,1555.0,338.0,0.0,1.0,1.0,0.0,0.0,1.0,0.0,1.0,91.0,112.0,0.34,0.03,0.02,0.0,0.0,0.03,0.0,110231.0
22.0,9.0,247.0,1535.0,0.0,1.0,19.0,0.0,0.0,1.0,0.0,0.0,255.0,255.0,1.0,0.0,0.0,0.0,0.0,0.0,0.0,17403.0
22.0,9.0,221.0,511.0,0.0,1.0,21.0,0.0,0.0,1.0,0.0,0.14,255.0,255.0,1.0,0.0,0.0,0.0,0.0,0.0,0.0,81896.0
22.0,9.0,187.0,5467.0,0.0,1.0,2.0,0.0,0.0,1.0,0.0,0.21,25.0,255.0,1.0,0.0,0.02,0.0,0.0,0.0,0.0,96842.0
22.0,9.0,213.0,17086.0,0.0,1.0,1.0,0.0,0.0,1.0,0.0,1.0,7.0,255.0,1.0,0.0,0.04,0.0,0.0,0.0,0.0,78972.0
3.0,9.0,9.0,38.0,0.0,1.0,1.0,0.0,0.0,1.0,0.0,0.0,255.0,4.0,0.02,0.03,0.0,0.0,0.0,0.0,0.0,67003.0
17.0,9.0,6.0,221.0,0.0,0.0,2.0,0.0,0.0,0.5,1.0,0.0,183.0,8.0,0.03,0.03,0.25,0.0,0.0,0.0,0.0,79847.0
22.0,9.0,189.0,3529.0,0.0,1.0,3.0,0.0,0.0,1.0,0.0,0.12,81.0,231.0,1.0,0.0,0.05,0.0,0.0,0.0,0.0,96904.0
49.0,9.0,1154.0,370.0,0.0,1.0,1.0,0.0,0.0,1.0,0.0,1.0,172.0,160.0,0.63,0.02,0.01,0.0,0.0,0.0,0.0,25069.0
22.0,9.0,294.0,8007.0,0.0,1.0,16.0,0.0,0.0,1.0,0.0,0.0,16.0,16.0,1.0,0.0,0.0,0.0,0.0,0.0,0.0,123939.0
58.0,9.0,125.0,0.0,0.0,0.0,6.0,0.0,0.0,0.33,0.33,0.0,55.0,6.0,0.07,0.07,0.33,0.0,0.0,0.0,0.0,74366.0
49.0,9.0,629.0,329.0,0.0,1.0,1.0,0.0,0.0,1.0,0.0,0.0,255.0,167.0,0.65,0.06,0.0,0.0,0.0,0.0,0.0,124780.0
22.0,9.0,249.0,1283.0,0.0,1.0,3.0,0.0,0.0,1.0,0.0,0.0,3.0,255.0,1.0,0.0,0.01,0.0,0.0,0.0,0.0,79200.0
11.0,9.0,46.0,137.0,0.0,0.0,91.0,0.0,0.0,1.0,0.0,0.01,255.0,253.0,0.99,0.01,0.0,0.0,0.0,0.0,0.0,52491.0
11.0,9.0,33.0,0.0,0.0,0.0,1.0,0.0,0.0,1.0,0.0,1.0,255.0,19.0,0.07,0.03,0.0,0.01,0.0,0.0,0.0,18103.0
22.0,9.0,320.0,1931.0,0.0,1.0,5.0,0.0,0.0,1.0,0.0,0.29,255.0,255.0,1.0,0.0,0.0,0.0,0.0,0.0,0.0,68977.0
11.0,9.0,43.0,68.0,0.0,0.0,115.0,0.0,0.0,1.0,0.0,0.03,255.0,229.0,0.9,0.01,0.0,0.0,0.0,0.0,0.0,89955.0
22.0,9.0,312.0,24572.0,0.0,1.0,2.0,0.0,0.0,1.0,0.0,0.38,131.0,255.0,1.0,0.0,0.02,0.01,0.0,0.0,0.0,103940.0
22.0,9.0,342.0,255.0,0.0,1.0,15.0,0.0,0.0,1.0,0.0,0.0,255.0,255.0,1.0,0.0,0.0,0.0,0.0,0.0,0.0,44286.0
22.0,9.0,335.0,11887.0,0.0,1.0,6.0,0.0,0.0,1.0,0.0,0.29,25.0,255.0,1.0,0.0,0.03,0.0,0.0,0.44,0.0,55011.0
49.0,9.0,2994.0,334.0,0.0,1.0,1.0,0.0,0.0,1.0,0.0,0.0,128.0,122.0,0.43,0.05,0.02,0.0,0.0,0.0,0.0,64022.0
55.0,9.0,127.0,9175.0,0.0,1.0,1.0,0.0,0.0,1.0,0.0,0.0,146.0,2.0,0.01,0.05,0.0,0.0,0.0,0.5,0.0,87422.0
19.0,9.0,16115.0,0.0,0.0,0.0,10.0,0.0,0.0,1.0,0.0,0.0,2.0,70.0,1.0,0.0,0.03,0.0,0.0,0.0,0.0,47359.0
22.0,9.0,168.0,1615.0,0.0,1.0,1.0,0.0,0.0,1.0,0.0,1.0,5.0,255.0,1.0,0.0,0.03,0.0,0.0,0.0,0.0,113309.0
11.0,9.0,43.0,43.0,0.0,0.0,149.0,0.0,0.0,0.99,0.01,0.0,255.0,254.0,1.0,0.01,0.0,0.0,0.0,0.0,0.0,29814.0
19.0,9.0,192.0,0.0,0.0,0.0,2.0,0.0,0.0,1.0,0.0,0.0,31.0,46.0,0.9,0.06,0.04,0.0,0.0,0.0,0.0,66715.0
18.0,0.0,135.0,503.0,0.0,1.0,1.0,0.0,0.0,1.0,0.0,0.0,213.0,37.0,0.17,0.02,0.0,0.01,0.05,0.0,0.0,109006.0
3.0,9.0,10.0,38.0,0.0,1.0,1.0,0.0,0.0,1.0,0.0,0.0,255.0,1.0,0.0,0.41,0.0,0.0,0.0,0.0,0.0,88916.0
11.0,9.0,36.0,0.0,0.0,0.0,11.0,0.0,0.0,1.0,0.0,0.0,50.0,154.0,1.0,0.0,0.01,0.0,0.0,0.0,0.0,50120.0
19.0,9.0,2194619.0,0.0,0.0,1.0,2.0,0.0,0.0,1.0,0.0,0.0,189.0,119.0,0.51,0.38,0.02,0.0,0.0,0.01,0.0,80731.0
22.0,9.0,331.0,924.0,0.0,1.0,6.0,0.0,0.0,1.0,0.0,0.25,94.0,255.0,1.0,0.0,0.05,0.0,0.0,0.0,0.0,5552.0
22.0,9.0,237.0,270.0,0.0,1.0,4.0,0.0,0.0,1.0,0.0,0.0,6.0,255.0,1.0,0.0,0.02,0.0,0.0,0.0,0.0,71337.0
22.0,9.0,217.0,2111.0,0.0,1.0,2.0,0.0,0.0,1.0,0.0,0.0,65.0,255.0,1.0,0.0,0.05,0.0,0.0,0.0,0.0,49060.0
22.0,9.0,191.0,3882.0,0.0,1.0,19.0,0.0,0.0,1.0,0.0,0.0,19.0,231.0,1.0,0.0,0.03,0.0,0.0,0.0,0.0,97725.0
22.0,1.0,0.0,0.0,0.0,0.0,7.0,0.0,0.0,1.0,0.0,0.0,58.0,255.0,1.0,0.0,0.02,0.0,0.0,0.04,0.0,44971.0
22.0,9.0,209.0,2402.0,0.0,1.0,3.0,0.0,0.0,1.0,0.0,0.0,3.0,255.0,1.0,0.0,0.04,0.0,0.0,0.0,0.0,69224.0
22.0,9.0,213.0,4395.0,0.0,1.0,19.0,0.0,0.0,1.0,0.0,0.0,255.0,255.0,1.0,0.0,0.0,0.0,0.0,0.0,0.0,80092.0
11.0,9.0,44.0,85.0,0.0,0.0,217.0,0.0,0.0,1.0,0.0,0.01,255.0,217.0,0.85,0.01,0.0,0.0,0.0,0.0,0.0,38019.0
40.0,9.0,147.0,0.0,0.0,0.0,1.0,0.0,0.0,1.0,0.0,0.0,255.0,2.0,0.01,0.73,0.0,0.0,0.0,0.0,0.0,90821.0
18.0,9.0,1202.0,2447.0,0.0,1.0,1.0,0.0,0.0,1.0,0.0,0.0,178.0,6.0,0.03,0.03,0.0,0.01,0.0,0.0,1.0,45323.0
49.0,9.0,1187.0,411.0,0.0,1.0,1.0,0.0,0.0,1.0,0.0,0.0,94.0,124.0,0.71,0.06,0.02,0.01,0.0,0.0,0.0,24415.0
22.0,9.0,277.0,11447.0,0.0,1.0,10.0,0.0,0.0,1.0,0.0,0.0,21.0,255.0,1.0,0.0,0.05,0.0,0.0,0.0,0.0,34483.0
22.0,9.0,187.0,764.0,0.0,1.0,4.0,0.0,0.0,1.0,0.0,0.0,4.0,255.0,1.0,0.0,0.09,0.0,0.0,0.0,0.0,30921.0
22.0,9.0,350.0,1857.0,0.0,1.0,17.0,0.0,0.0,1.0,0.0,0.14,255.0,255.0,1.0,0.0,0.0,0.0,0.0,0.0,0.0,97104.0
22.0,9.0,213.0,1108.0,0.0,1.0,3.0,0.33,0.33,1.0,0.0,0.0,125.0,255.0,1.0,0.0,0.01,0.01,0.0,0.03,0.0,87356.0
22.0,9.0,281.0,406.0,0.0,1.0,1.0,0.0,0.0,1.0,0.0,0.12,1.0,255.0,1.0,0.0,0.06,0.0,0.0,0.0,0.0,4399.0
22.0,9.0,190.0,332.0,0.0,1.0,7.0,0.0,0.0,1.0,0.0,0.1,36.0,255.0,1.0,0.0,0.02,0.0,0.0,0.04,0.0,25861.0
49.0,9.0,1349.0,326.0,0.0,1.0,1.0,0.0,0.0,1.0,0.0,0.0,255.0,12.0,0.05,0.64,0.0,0.0,0.0,0.0,0.0,80379.0
22.0,9.0,226.0,1058.0,0.0,1.0,10.0,0.0,0.0,1.0,0.0,0.12,37.0,255.0,1.0,0.0,0.05,0.0,0.0,0.0,0.0,53395.0
0.0,4.0,1318.0,9761.0,0.0,0.0,3.0,0.0,0.0,0.33,0.67,0.0,27.0,6.0,0.22,0.07,0.0,0.0,0.0,0.67,0.0,17698.0
49.0,9.0,5688.0,331.0,0.0,1.0,1.0,0.0,0.0,1.0,0.0,0.0,208.0,122.0,0.45,0.01,0.02,0.0,0.0,0.0,0.0,68499.0
22.0,9.0,196.0,6194.0,0.0,1.0,2.0,0.0,0.0,1.0,0.0,0.67,24.0,255.0,1.0,0.0,0.05,0.0,0.0,0.0,0.0,12641.0
22.0,9.0,292.0,1896.0,0.0,1.0,15.0,0.0,0.0,1.0,0.0,0.0,255.0,255.0,1.0,0.0,0.0,0.0,0.0,0.0,0.0,113815.0
13.0,9.0,30.0,0.0,0.0,0.0,7.0,0.0,0.0,0.14,0.29,0.0,255.0,4.0,0.02,0.01,0.0,0.0,0.0,0.0,0.0,59719.0
11.0,9.0,45.0,142.0,0.0,0.0,39.0,0.0,0.0,0.97,0.05,0.02,255.0,214.0,0.84,0.01,0.0,0.0,0.0,0.0,0.0,106023.0
22.0,9.0,220.0,1772.0,0.0,1.0,2.0,0.0,0.0,1.0,0.0,0.0,16.0,255.0,1.0,0.0,0.01,0.0,0.0,0.0,0.0,28083.0
22.0,9.0,192.0,2067.0,0.0,1.0,8.0,0.0,0.0,1.0,0.0,0.1,255.0,255.0,1.0,0.0,0.0,0.0,0.0,0.0,0.0,47079.0
22.0,9.0,319.0,2572.0,0.0,1.0,7.0,0.0,0.0,1.0,0.0,0.0,21.0,255.0,1.0,0.0,0.07,0.0,0.0,0.0,0.0,51608.0
22.0,9.0,229.0,1660.0,0.0,1.0,8.0,0.0,0.0,1.0,0.0,0.3,57.0,255.0,1.0,0.0,0.01,0.0,0.0,0.0,0.0,99133.0
11.0,9.0,44.0,44.0,0.0,0.0,136.0,0.0,0.0,1.0,0.0,0.01,255.0,255.0,1.0,0.0,0.0,0.0,0.0,0.0,0.0,116327.0
22.0,1.0,0.0,0.0,0.0,0.0,1.0,0.0,0.0,1.0,0.0,0.0,2.0,248.0,1.0,0.0,0.11,0.0,0.0,1.0,0.0,32925.0
22.0,9.0,314.0,2996.0,0.0,1.0,21.0,0.0,0.0,1.0,0.0,0.0,21.0,255.0,1.0,0.0,0.04,0.0,0.0,0.0,0.0,34755.0
11.0,9.0,44.0,44.0,0.0,0.0,104.0,0.0,0.0,1.0,0.0,0.0,255.0,255.0,1.0,0.0,0.0,0.0,0.0,0.0,0.0,84534.0
22.0,3.0,0.0,0.0,0.0,0.0,54.0,0.8,0.67,0.06,0.39,0.0,255.0,204.0,0.8,0.08,0.0,0.17,0.01,0.0,1.0,49185.0
22.0,9.0,198.0,1108.0,0.0,1.0,4.0,0.0,0.0,1.0,0.0,0.07,122.0,255.0,1.0,0.0,0.03,0.0,0.0,0.0,0.0,122738.0
11.0,9.0,44.0,42.0,0.0,0.0,6.0,0.0,0.0,1.0,0.0,0.12,255.0,251.0,0.98,0.01,0.0,0.0,0.0,0.0,0.0,52714.0
22.0,9.0,290.0,1896.0,0.0,1.0,21.0,0.0,0.0,1.0,0.0,0.0,255.0,255.0,1.0,0.0,0.0,0.0,0.0,0.0,0.0,105537.0
22.0,9.0,263.0,272.0,0.0,1.0,13.0,0.0,0.0,1.0,0.0,0.14,13.0,255.0,1.0,0.0,0.05,0.0,0.0,0.0,0.0,100756.0
22.0,9.0,309.0,757.0,0.0,1.0,2.0,0.0,0.0,1.0,0.0,0.1,166.0,255.0,1.0,0.0,0.01,0.0,0.0,0.0,0.0,16119.0
49.0,9.0,1007.0,333.0,0.0,1.0,1.0,0.0,0.0,1.0,0.0,1.0,84.0,103.0,0.74,0.07,0.02,0.0,0.0,0.0,0.0,104761.0
49.0,2.0,0.0,79.0,0.0,1.0,1.0,0.0,0.0,1.0,0.0,0.0,6.0,45.0,0.17,1.0,0.04,0.0,0.0,0.04,1.0,49829.0
22.0,9.0,161.0,51836.0,0.0,1.0,1.0,0.0,0.0,1.0,0.0,0.0,208.0,255.0,1.0,0.0,0.02,0.0,0.0,0.0,0.0,54094.0
49.0,9.0,975.0,325.0,0.0,1.0,1.0,0.0,0.0,1.0,0.0,1.0,34.0,167.0,0.94,0.09,0.02,0.0,0.0,0.01,0.0,106022.0
11.0,9.0,46.0,132.0,0.0,0.0,78.0,0.0,0.0,0.99,0.03,0.01,255.0,240.0,0.94,0.01,0.0,0.0,0.0,0.0,0.0,36679.0
22.0,9.0,214.0,2194.0,0.0,1.0,3.0,0.0,0.0,1.0,0.0,0.0,6.0,255.0,1.0,0.0,0.03,0.0,0.0,0.0,0.0,71424.0
11.0,9.0,44.0,44.0,0.0,0.0,5.0,0.0,0.0,0.2,0.4,0.4,66.0,63.0,0.95,0.03,0.0,0.0,0.0,0.0,0.0,72232.0
22.0,9.0,366.0,272.0,0.0,1.0,19.0,0.0,0.0,1.0,0.0,0.0,255.0,255.0,1.0,0.0,0.0,0.0,0.0,0.0,0.0,91785.0
22.0,9.0,347.0,1713.0,0.0,1.0,1.0,0.0,0.0,1.0,0.0,0.0,255.0,255.0,1.0,0.0,0.0,0.0,0.0,0.0,0.0,68305.0
22.0,9.0,220.0,27411.0,0.0,1.0,7.0,0.0,0.0,1.0,0.0,0.0,7.0,255.0,1.0,0.0,0.05,0.0,0.0,0.0,0.0,69194.0
22.0,9.0,265.0,14515.0,0.0,1.0,7.0,0.0,0.0,1.0,0.0,0.0,240.0,255.0,1.0,0.0,0.01,0.01,0.01,0.0,0.0,114340.0
11.0,9.0,42.0,42.0,0.0,0.0,1.0,0.0,0.0,1.0,0.0,0.0,255.0,223.0,0.87,0.01,0.0,0.0,0.0,0.0,0.0,120707.0
49.0,9.0,2615.0,326.0,0.0,1.0,2.0,0.0,0.0,0.5,1.0,1.0,255.0,14.0,0.05,0.68,0.0,0.0,0.0,0.0,0.0,6944.0
22.0,1.0,0.0,0.0,0.0,0.0,1.0,0.0,0.0,1.0,0.0,1.0,11.0,255.0,1.0,0.0,0.07,0.0,0.0,0.91,0.0,32325.0
13.0,9.0,30.0,0.0,0.0,0.0,5.0,0.0,0.0,0.2,0.6,0.0,255.0,27.0,0.11,0.01,0.0,0.0,0.0,0.0,0.0,20432.0
22.0,9.0,278.0,1402.0,0.0,1.0,4.0,0.0,0.0,1.0,0.0,0.0,255.0,255.0,1.0,0.0,0.0,0.0,0.0,0.0,0.0,117207.0
22.0,9.0,394.0,7896.0,0.0,1.0,12.0,0.0,0.0,1.0,0.0,0.0,255.0,255.0,1.0,0.0,0.0,0.0,0.0,0.0,0.0,57131.0
22.0,9.0,298.0,801.0,0.0,1.0,26.0,0.0,0.0,1.0,0.0,0.07,255.0,255.0,1.0,0.0,0.0,0.0,0.0,0.0,0.0,70471.0
22.0,9.0,283.0,6560.0,0.0,1.0,3.0,0.33,0.33,1.0,0.0,0.0,3.0,255.0,1.0,0.0,0.05,0.33,0.0,0.01,0.0,19619.0
22.0,9.0,200.0,4324.0,0.0,1.0,6.0,0.0,0.0,1.0,0.0,0.15,181.0,255.0,1.0,0.0,0.01,0.0,0.0,0.0,0.0,72933.0
19.0,9.0,637.0,0.0,0.0,1.0,11.0,0.0,0.0,1.0,0.0,0.0,182.0,47.0,0.26,0.02,0.0,0.0,0.0,0.0,0.0,10635.0
22.0,9.0,269.0,35215.0,0.0,1.0,18.0,0.0,0.0,1.0,0.0,0.0,255.0,255.0,1.0,0.0,0.0,0.0,0.0,0.0,0.0,80122.0
22.0,9.0,420.0,5369.0,0.0,1.0,20.0,0.0,0.0,1.0,0.0,0.0,255.0,255.0,1.0,0.0,0.0,0.0,0.0,0.0,0.0,49453.0
22.0,2.0,0.0,0.0,0.0,1.0,1.0,0.0,0.0,1.0,0.0,1.0,255.0,248.0,0.97,0.01,0.0,0.0,0.0,0.01,0.0,26237.0
22.0,9.0,235.0,1695.0,0.0,1.0,10.0,0.0,0.0,1.0,0.0,0.07,255.0,255.0,1.0,0.0,0.0,0.0,0.0,0.0,0.0,6228.0
22.0,9.0,54540.0,8314.0,0.0,1.0,4.0,0.0,0.0,1.0,0.0,0.0,6.0,6.0,1.0,0.0,0.0,0.0,0.0,0.83,1.0,120817.0
22.0,9.0,248.0,3040.0,0.0,1.0,2.0,0.0,0.0,1.0,0.0,0.0,90.0,255.0,1.0,0.0,0.03,0.0,0.0,0.0,0.0,17051.0
22.0,9.0,234.0,19665.0,0.0,1.0,1.0,0.0,0.0,1.0,0.0,0.29,1.0,255.0,1.0,0.0,0.05,0.0,0.0,0.0,0.0,57344.0
18.0,9.0,246.0,773.0,0.0,1.0,1.0,0.0,0.0,1.0,0.0,0.0,48.0,21.0,0.44,0.1,0.0,0.0,0.0,0.0,0.0,92022.0
11.0,9.0,45.0,45.0,0.0,0.0,129.0,0.0,0.0,0.99,0.02,0.0,255.0,254.0,1.0,0.01,0.0,0.0,0.0,0.0,0.0,46384.0
22.0,9.0,326.0,3508.0,0.0,1.0,7.0,0.0,0.0,1.0,0.0,0.13,131.0,255.0,1.0,0.0,0.02,0.0,0.0,0.0,0.0,41485.0
13.0,9.0,30.0,0.0,0.0,0.0,2.0,0.0,0.0,1.0,0.0,0.0,236.0,236.0,1.0,0.0,0.0,0.0,0.0,0.0,0.0,82714.0
22.0,9.0,316.0,2278.0,0.0,1.0,6.0,0.0,0.0,1.0,0.0,0.0,255.0,255.0,1.0,0.0,0.0,0.0,0.0,0.0,0.0,12010.0
22.0,9.0,328.0,2433.0,0.0,1.0,6.0,0.0,0.0,1.0,0.0,0.3,255.0,255.0,1.0,0.0,0.0,0.01,0.01,0.0,0.0,81922.0
22.0,9.0,207.0,960.0,0.0,1.0,9.0,0.0,0.0,1.0,0.0,0.2,125.0,255.0,1.0,0.0,0.05,0.0,0.0,0.0,0.0,58630.0
11.0,9.0,45.0,140.0,0.0,0.0,69.0,0.0,0.0,1.0,0.0,0.02,209.0,196.0,0.81,0.01,0.01,0.0,0.0,0.0,0.0,1265.0
49.0,9.0,828.0,329.0,0.0,1.0,1.0,0.0,0.0,1.0,0.0,0.0,144.0,148.0,0.58,0.05,0.01,0.0,0.0,0.0,0.0,123272.0
22.0,9.0,218.0,7670.0,0.0,1.0,8.0,0.0,0.0,1.0,0.0,0.0,49.0,255.0,1.0,0.0,0.03,0.0,0.0,0.0,0.0,88676.0
22.0,9.0,328.0,2565.0,0.0,1.0,32.0,0.0,0.0,1.0,0.0,0.0,216.0,255.0,1.0,0.0,0.02,0.0,0.01,0.02,0.0,59576.0
19.0,9.0,192.0,0.0,0.0,1.0,1.0,0.0,0.0,1.0,0.0,0.0,43.0,52.0,0.79,0.05,0.04,0.0,0.0,0.0,0.0,22125.0
22.0,9.0,198.0,365.0,0.0,1.0,30.0,0.0,0.0,1.0,0.0,0.0,96.0,255.0,1.0,0.0,0.04,0.0,0.0,0.0,0.0,118388.0
22.0,9.0,204.0,405.0,0.0,1.0,1.0,0.0,0.0,1.0,0.0,1.0,4.0,255.0,1.0,0.0,0.06,0.0,0.0,0.0,0.0,117429.0
22.0,9.0,197.0,365.0,0.0,1.0,19.0,0.0,0.0,1.0,0.0,0.11,255.0,255.0,1.0,0.0,0.0,0.0,0.0,0.0,0.0,10744.0
49.0,9.0,1797.0,391.0,0.0,1.0,2.0,0.5,0.0,0.5,1.0,0.0,255.0,3.0,0.01,0.95,0.0,0.94,0.0,0.0,0.0,66770.0
22.0,9.0,240.0,2288.0,0.0,1.0,6.0,0.0,0.0,1.0,0.0,0.12,35.0,255.0,1.0,0.0,0.06,0.0,0.0,0.0,0.0,73620.0
22.0,9.0,324.0,11972.0,0.0,1.0,2.0,0.0,0.0,1.0,0.0,0.0,51.0,255.0,1.0,0.0,0.06,0.0,0.0,0.0,0.0,84856.0
22.0,9.0,269.0,18051.0,0.0,1.0,2.0,0.0,0.0,1.0,0.0,0.17,255.0,255.0,1.0,0.0,0.0,0.0,0.0,0.0,0.0,43532.0
22.0,9.0,285.0,12884.0,0.0,1.0,2.0,0.5,0.5,1.0,0.0,0.0,255.0,255.0,1.0,0.0,0.0,0.01,0.01,0.0,0.0,63844.0
22.0,9.0,157.0,11889.0,0.0,1.0,3.0,0.0,0.0,1.0,0.0,0.0,255.0,255.0,1.0,0.0,0.0,0.0,0.0,0.0,0.0,65585.0
22.0,6.0,286.0,21900.0,0.0,1.0,2.0,0.5,0.02,1.0,0.0,0.07,255.0,255.0,1.0,0.0,0.0,0.0,0.0,0.0,0.0,8090.0
22.0,9.0,318.0,2965.0,0.0,1.0,1.0,0.0,0.0,1.0,0.0,0.0,2.0,255.0,1.0,0.0,0.01,0.0,0.0,0.0,0.0,24266.0
40.0,9.0,147.0,105.0,0.0,0.0,6.0,0.0,0.0,0.33,0.5,0.0,255.0,2.0,0.01,0.43,0.0,0.0,0.0,0.0,0.0,123356.0
11.0,9.0,46.0,46.0,0.0,0.0,132.0,0.0,0.0,1.0,0.0,0.01,255.0,255.0,1.0,0.0,0.0,0.0,0.0,0.0,0.0,123457.0
22.0,9.0,272.0,236.0,0.0,1.0,1.0,0.0,0.0,1.0,0.0,0.0,2.0,255.0,1.0,0.0,0.01,0.0,0.0,0.0,0.0,41397.0
22.0,9.0,209.0,3388.0,0.0,1.0,1.0,0.0,0.0,1.0,0.0,0.09,2.0,5.0,1.0,0.0,0.6,0.0,0.0,0.0,0.0,110742.0
49.0,9.0,1873.0,330.0,0.0,1.0,1.0,0.0,0.0,1.0,0.0,1.0,52.0,126.0,0.98,0.04,0.02,0.0,0.0,0.0,0.0,41151.0
22.0,9.0,230.0,4608.0,0.0,1.0,26.0,0.0,0.0,1.0,0.0,0.08,53.0,255.0,1.0,0.0,0.02,0.0,0.0,0.0,0.0,56567.0
22.0,9.0,194.0,2148.0,0.0,1.0,1.0,0.0,0.0,1.0,0.0,0.0,252.0,255.0,1.0,0.0,0.01,0.0,0.0,0.0,0.0,52640.0
22.0,1.0,0.0,0.0,0.0,0.0,1.0,0.0,0.0,1.0,0.0,0.0,7.0,255.0,1.0,0.0,0.12,0.0,0.0,0.98,0.0,71999.0
22.0,9.0,222.0,1840.0,0.0,1.0,3.0,0.0,0.0,1.0,0.0,0.43,255.0,255.0,1.0,0.0,0.0,0.0,0.0,0.0,0.0,82764.0
42.0,9.0,52.0,1554.0,0.0,1.0,1.0,0.0,0.0,1.0,0.0,0.0,146.0,6.0,0.03,0.05,0.33,0.0,0.0,0.0,0.0,12079.0
22.0,9.0,331.0,1397.0,0.0,1.0,2.0,0.0,0.0,1.0,0.0,0.0,168.0,255.0,1.0,0.0,0.02,0.0,0.0,0.0,0.0,118305.0
22.0,9.0,240.0,17662.0,0.0,1.0,35.0,0.0,0.0,1.0,0.0,0.0,255.0,255.0,1.0,0.0,0.0,0.0,0.0,0.0,0.0,79405.0
11.0,9.0,33.0,0.0,0.0,0.0,1.0,0.0,0.0,1.0,0.0,1.0,189.0,27.0,0.14,0.02,0.0,0.0,0.0,0.0,0.0,102727.0
22.0,9.0,303.0,480.0,0.0,1.0,9.0,0.0,0.0,1.0,0.0,0.18,255.0,255.0,1.0,0.0,0.0,0.0,0.0,0.01,0.0,105051.0
22.0,9.0,256.0,1333.0,0.0,1.0,17.0,0.0,0.0,1.0,0.0,0.0,43.0,255.0,1.0,0.0,0.02,0.0,0.0,0.0,0.0,9277.0
22.0,9.0,225.0,409.0,0.0,1.0,1.0,0.0,0.0,1.0,0.0,0.23,200.0,241.0,1.0,0.0,0.01,0.0,0.0,0.0,0.0,44494.0
22.0,9.0,315.0,261.0,0.0,1.0,13.0,0.0,0.0,1.0,0.0,0.11,187.0,255.0,1.0,0.0,0.01,0.0,0.0,0.0,0.0,14017.0
22.0,9.0,267.0,1857.0,0.0,1.0,2.0,0.0,0.0,1.0,0.0,0.0,255.0,255.0,1.0,0.0,0.0,0.0,0.0,0.0,0.0,98244.0
22.0,9.0,370.0,705.0,0.0,1.0,10.0,0.0,0.0,1.0,0.0,0.12,255.0,255.0,1.0,0.0,0.0,0.0,0.0,0.0,0.0,113750.0
49.0,9.0,700.0,327.0,0.0,1.0,2.0,0.0,0.0,0.5,1.0,1.0,110.0,151.0,0.56,0.05,0.01,0.0,0.0,0.0,0.0,34734.0
49.0,9.0,1566.0,385.0,0.0,1.0,1.0,0.0,0.0,1.0,0.0,0.0,255.0,55.0,0.22,0.02,0.0,0.58,0.0,0.0,0.0,4941.0
49.0,9.0,906.0,408.0,0.0,1.0,1.0,0.0,0.0,1.0,0.0,0.0,22.0,215.0,0.32,0.09,0.01,0.68,0.0,0.0,0.0,11084.0
56.0,9.0,0.0,4.0,0.0,0.0,1.0,0.0,0.0,1.0,0.0,0.0,1.0,1.0,1.0,0.0,0.0,0.0,0.0,0.0,0.0,27572.0
22.0,9.0,324.0,392.0,0.0,1.0,36.0,0.0,0.0,1.0,0.0,0.07,255.0,255.0,1.0,0.0,0.0,0.0,0.0,0.0,0.0,105734.0
22.0,9.0,302.0,5293.0,0.0,1.0,17.0,0.0,0.0,1.0,0.0,0.0,37.0,255.0,1.0,0.0,0.02,0.0,0.0,0.0,0.0,82311.0
22.0,9.0,275.0,833.0,0.0,1.0,4.0,0.0,0.0,1.0,0.0,0.0,175.0,255.0,1.0,0.0,0.02,0.0,0.0,0.0,0.0,19271.0
22.0,9.0,211.0,3552.0,0.0,1.0,8.0,0.0,0.0,1.0,0.0,0.0,255.0,255.0,1.0,0.0,0.0,0.0,0.0,0.0,0.0,44024.0
22.0,9.0,277.0,45760.0,0.0,1.0,1.0,0.0,0.0,1.0,0.0,0.0,28.0,255.0,1.0,0.0,0.04,0.0,0.0,0.0,0.0,72709.0
14.0,9.0,1032.0,0.0,0.0,0.0,15.0,0.0,0.0,1.0,0.0,0.0,255.0,15.0,0.06,0.02,0.0,0.0,0.0,0.0,1.0,66316.0
11.0,9.0,35.0,91.0,0.0,0.0,2.0,0.0,0.0,1.0,0.0,0.67,255.0,246.0,0.96,0.01,0.0,0.0,0.0,0.0,0.0,76380.0
22.0,9.0,269.0,9317.0,0.0,1.0,6.0,0.0,0.0,1.0,0.0,0.07,255.0,255.0,1.0,0.0,0.0,0.0,0.0,0.0,0.0,49617.0
22.0,9.0,315.0,300.0,0.0,1.0,28.0,0.0,0.0,1.0,0.0,0.04,255.0,255.0,1.0,0.0,0.0,0.0,0.0,0.0,0.0,53394.0
22.0,9.0,213.0,3224.0,0.0,1.0,15.0,0.0,0.0,1.0,0.0,0.0,15.0,255.0,1.0,0.0,0.03,0.0,0.0,0.0,0.0,115374.0
22.0,9.0,142.0,27062.0,0.0,1.0,3.0,0.0,0.0,1.0,0.0,0.31,255.0,255.0,1.0,0.0,0.0,0.0,0.0,0.0,0.0,1871.0
22.0,9.0,223.0,410.0,0.0,1.0,4.0,0.0,0.0,1.0,0.0,0.0,255.0,255.0,1.0,0.0,0.0,0.0,0.0,0.0,0.0,40817.0
22.0,9.0,228.0,415.0,0.0,1.0,29.0,0.03,0.03,1.0,0.0,0.07,84.0,255.0,1.0,0.0,0.05,0.01,0.0,0.0,0.0,50487.0
22.0,9.0,215.0,5786.0,0.0,1.0,8.0,0.0,0.0,1.0,0.0,0.0,8.0,255.0,1.0,0.0,0.03,0.0,0.01,0.0,0.0,119325.0
14.0,9.0,30.0,0.0,0.0,0.0,2.0,0.0,0.0,1.0,0.0,0.0,198.0,198.0,1.0,0.0,0.0,0.0,0.0,0.0,0.0,14630.0
22.0,1.0,0.0,0.0,0.0,0.0,1.0,0.0,0.0,1.0,0.0,0.0,5.0,238.0,1.0,0.0,0.21,0.0,0.0,1.0,0.0,79401.0
49.0,9.0,2780.0,438.0,0.0,1.0,1.0,0.0,0.0,1.0,0.0,1.0,207.0,143.0,0.5,0.01,0.01,0.97,0.7,0.0,0.0,61880.0
22.0,9.0,211.0,3175.0,0.0,1.0,7.0,0.0,0.0,1.0,0.0,0.0,233.0,255.0,1.0,0.0,0.01,0.0,0.0,0.0,0.0,34446.0
18.0,9.0,57.0,189.0,0.0,0.0,2.0,0.0,0.0,0.5,1.0,0.0,162.0,28.0,0.17,0.02,0.0,0.0,0.0,0.0,0.0,99906.0
18.0,9.0,1225.0,2451.0,0.0,1.0,1.0,0.0,0.0,1.0,0.0,0.0,255.0,109.0,0.43,0.02,0.0,0.0,0.0,0.0,1.0,42147.0
40.0,9.0,516.0,4.0,0.0,0.0,470.0,0.0,0.0,1.0,0.0,0.0,255.0,255.0,1.0,0.0,0.0,0.0,0.0,0.0,0.0,31911.0
22.0,9.0,326.0,271.0,0.0,1.0,10.0,0.0,0.0,1.0,0.0,0.0,255.0,222.0,0.87,0.02,0.0,0.0,0.0,0.0,0.0,45173.0
11.0,9.0,46.0,119.0,0.0,0.0,116.0,0.0,0.0,0.99,0.02,0.02,255.0,253.0,0.99,0.01,0.0,0.0,0.0,0.0,0.0,112753.0
22.0,9.0,382.0,1268.0,0.0,1.0,7.0,0.0,0.0,1.0,0.0,0.0,255.0,255.0,1.0,0.0,0.0,0.0,0.0,0.0,0.0,69026.0
22.0,9.0,348.0,1114.0,0.0,1.0,4.0,0.0,0.0,1.0,0.0,0.0,83.0,255.0,1.0,0.0,0.04,0.0,0.01,0.0,0.0,74056.0
22.0,9.0,54540.0,8314.0,0.0,1.0,2.0,0.0,0.0,1.0,0.0,0.75,255.0,255.0,1.0,0.0,0.0,0.01,0.01,0.05,1.0,77652.0
22.0,9.0,268.0,124.0,0.0,1.0,4.0,0.0,0.0,1.0,0.0,0.25,17.0,255.0,1.0,0.0,0.04,0.0,0.0,0.03,0.0,60168.0
17.0,9.0,9.0,141.0,0.0,0.0,1.0,0.0,0.0,1.0,0.0,0.0,99.0,7.0,0.07,0.03,0.0,0.0,0.0,0.0,0.0,63977.0
22.0,1.0,0.0,0.0,0.0,0.0,1.0,0.0,0.0,1.0,0.0,0.0,4.0,78.0,1.0,0.0,0.19,0.0,0.0,1.0,0.0,46043.0
22.0,9.0,217.0,945.0,0.0,1.0,19.0,0.0,0.0,1.0,0.0,0.0,18.0,255.0,1.0,0.0,0.03,0.0,0.0,0.0,0.0,57890.0
49.0,9.0,1358.0,329.0,0.0,1.0,1.0,0.0,0.0,1.0,0.0,1.0,41.0,179.0,0.95,0.05,0.02,0.0,0.0,0.0,0.0,11661.0
11.0,9.0,33.0,0.0,0.0,0.0,1.0,0.0,0.0,1.0,0.0,1.0,189.0,14.0,0.07,0.04,0.0,0.0,0.0,0.0,0.0,90521.0
22.0,9.0,238.0,392.0,0.0,1.0,10.0,0.0,0.0,1.0,0.0,0.0,255.0,255.0,1.0,0.0,0.0,0.0,0.0,0.0,0.0,49119.0
49.0,9.0,1713.0,328.0,0.0,1.0,1.0,0.0,0.0,1.0,0.0,1.0,255.0,190.0,0.75,0.03,0.0,0.0,0.0,0.0,0.0,21269.0
22.0,9.0,354.0,1425.0,0.0,1.0,2.0,0.0,0.0,1.0,0.0,0.33,3.0,135.0,1.0,0.0,0.02,0.0,0.0,0.0,0.0,118334.0
11.0,9.0,45.0,128.0,0.0,0.0,77.0,0.0,0.0,1.0,0.0,0.01,255.0,254.0,1.0,0.01,0.0,0.0,0.0,0.0,0.0,60466.0
49.0,9.0,1036.0,328.0,0.0,1.0,1.0,0.0,0.0,1.0,0.0,1.0,58.0,78.0,0.5,0.07,0.03,0.0,0.0,0.0,0.0,9983.0
22.0,9.0,247.0,9195.0,0.0,1.0,17.0,0.0,0.0,1.0,0.0,0.0,255.0,255.0,1.0,0.0,0.0,0.0,0.0,0.0,0.0,76032.0
49.0,9.0,11966.0,1430.0,0.0,1.0,1.0,0.0,0.0,1.0,0.0,0.0,177.0,172.0,0.7,0.02,0.01,0.0,0.0,0.0,0.0,97956.0
22.0,9.0,335.0,829.0,0.0,1.0,3.0,0.0,0.0,1.0,0.0,0.5,255.0,255.0,1.0,0.0,0.0,0.0,0.0,0.0,0.0,59206.0
22.0,1.0,0.0,0.0,0.0,0.0,1.0,0.0,0.0,1.0,0.0,1.0,2.0,255.0,1.0,0.0,0.15,0.0,0.0,0.8,0.0,55680.0
22.0,9.0,216.0,426.0,0.0,1.0,4.0,0.0,0.0,1.0,0.0,0.0,4.0,255.0,1.0,0.0,0.04,0.0,0.0,0.0,0.0,101920.0
11.0,9.0,30.0,0.0,0.0,0.0,1.0,0.0,0.0,1.0,0.0,0.75,146.0,13.0,0.09,0.05,0.0,0.0,0.0,0.0,0.0,71091.0
44.0,9.0,105.0,146.0,0.0,0.0,7.0,0.0,0.0,0.14,0.29,0.0,255.0,235.0,0.92,0.01,0.0,0.0,0.0,0.0,0.0,101916.0
22.0,9.0,54540.0,8314.0,0.0,1.0,3.0,0.0,0.0,1.0,0.0,0.0,125.0,125.0,1.0,0.0,0.0,0.0,0.0,0.02,1.0,53968.0
49.0,9.0,1836.0,331.0,0.0,1.0,1.0,0.0,0.0,1.0,0.0,1.0,92.0,36.0,0.39,0.11,0.0,0.0,0.0,0.0,0.0,6264.0
22.0,9.0,219.0,1212.0,0.0,1.0,7.0,0.0,0.0,1.0,0.0,0.0,145.0,255.0,1.0,0.0,0.04,0.01,0.01,0.0,0.0,107473.0
22.0,9.0,207.0,1628.0,0.0,1.0,16.0,0.0,0.0,1.0,0.0,0.0,16.0,255.0,1.0,0.0,0.01,0.0,0.0,0.0,0.0,67975.0
22.0,9.0,229.0,2090.0,0.0,1.0,11.0,0.0,0.0,1.0,0.0,0.07,255.0,255.0,1.0,0.0,0.0,0.0,0.0,0.0,0.0,2415.0
55.0,9.0,101.0,4427.0,0.0,0.0,1.0,0.0,0.0,1.0,0.0,0.0,32.0,1.0,0.03,0.06,0.0,0.0,0.0,0.0,0.0,22781.0
44.0,9.0,105.0,0.0,0.0,0.0,2.0,0.0,0.0,1.0,0.0,0.0,32.0,32.0,1.0,0.0,0.0,0.0,0.0,0.0,0.0,119158.0
22.0,9.0,211.0,1565.0,0.0,1.0,6.0,0.0,0.0,1.0,0.0,0.0,44.0,255.0,1.0,0.0,0.02,0.0,0.0,0.0,0.0,12175.0
22.0,9.0,314.0,453.0,0.0,1.0,22.0,0.0,0.0,1.0,0.0,0.04,255.0,255.0,1.0,0.0,0.0,0.0,0.0,0.0,0.0,42456.0
22.0,9.0,282.0,4537.0,0.0,1.0,5.0,0.0,0.0,1.0,0.0,0.0,116.0,255.0,1.0,0.0,0.02,0.01,0.0,0.0,0.0,29252.0
19.0,9.0,0.0,5149533.0,0.0,0.0,1.0,0.0,0.0,1.0,0.0,0.0,14.0,14.0,1.0,0.0,0.0,0.0,0.0,0.0,1.0,7307.0
49.0,9.0,861.0,404.0,0.0,1.0,1.0,0.0,0.0,1.0,0.0,0.0,255.0,38.0,0.15,0.06,0.0,0.62,0.0,0.0,0.0,108816.0
22.0,9.0,231.0,5283.0,0.0,1.0,13.0,0.0,0.0,1.0,0.0,0.0,13.0,174.0,1.0,0.0,0.09,0.0,0.0,0.0,0.0,80082.0
22.0,9.0,307.0,3731.0,0.0,1.0,7.0,0.0,0.0,1.0,0.0,0.0,53.0,255.0,1.0,0.0,0.03,0.0,0.0,0.0,0.0,55070.0
11.0,9.0,46.0,132.0,0.0,0.0,270.0,0.0,0.0,1.0,0.0,0.0,255.0,251.0,0.98,0.01,0.0,0.0,0.0,0.0,0.0,41375.0
11.0,9.0,45.0,71.0,0.0,0.0,65.0,0.0,0.0,1.0,0.0,0.01,255.0,244.0,0.96,0.01,0.0,0.0,0.0,0.0,0.0,118424.0
11.0,9.0,44.0,72.0,0.0,0.0,200.0,0.0,0.0,1.0,0.0,0.0,255.0,250.0,0.98,0.01,0.0,0.0,0.0,0.0,0.0,55469.0
11.0,9.0,36.0,0.0,0.0,0.0,10.0,0.0,0.0,1.0,0.0,0.25,75.0,179.0,1.0,0.0,0.01,0.0,0.0,0.0,0.0,106182.0
22.0,9.0,286.0,7833.0,0.0,1.0,2.0,0.0,0.0,1.0,0.0,0.0,2.0,255.0,1.0,0.0,0.07,0.0,0.0,0.0,0.0,1409.0
11.0,9.0,43.0,43.0,0.0,0.0,96.0,0.0,0.0,1.0,0.0,0.01,255.0,255.0,1.0,0.0,0.0,0.0,0.0,0.0,0.0,91974.0
49.0,9.0,1372.0,401.0,0.0,1.0,1.0,0.0,0.0,1.0,0.0,0.0,255.0,59.0,0.23,0.05,0.0,0.5,0.0,0.0,0.0,23901.0
22.0,1.0,0.0,0.0,0.0,0.0,11.0,0.0,0.0,1.0,0.0,0.0,46.0,250.0,1.0,0.0,0.18,0.0,0.0,0.98,0.0,86741.0
22.0,9.0,212.0,2431.0,0.0,1.0,5.0,0.0,0.0,1.0,0.0,0.0,166.0,255.0,1.0,0.0,0.01,0.0,0.0,0.0,0.0,114748.0
49.0,9.0,1766.0,335.0,0.0,1.0,1.0,0.0,0.0,1.0,0.0,1.0,114.0,239.0,0.95,0.02,0.01,0.0,0.0,0.0,0.0,33392.0
11.0,9.0,91.0,0.0,0.0,0.0,1.0,0.0,0.0,1.0,0.0,0.0,47.0,36.0,0.77,0.04,0.0,0.0,0.0,0.0,0.0,71003.0
22.0,9.0,248.0,6582.0,0.0,1.0,1.0,0.0,0.0,1.0,0.0,0.0,3.0,255.0,1.0,0.0,0.04,0.0,0.0,0.0,0.0,102125.0
22.0,5.0,0.0,0.0,0.0,0.0,2.0,0.5,0.5,1.0,0.0,0.0,2.0,255.0,1.0,0.0,0.06,0.5,0.0,0.01,0.0,69781.0
22.0,9.0,239.0,1380.0,0.0,1.0,4.0,0.0,0.0,1.0,0.0,0.0,255.0,225.0,0.88,0.02,0.0,0.0,0.0,0.0,0.0,112167.0
11.0,9.0,45.0,45.0,0.0,0.0,114.0,0.0,0.0,1.0,0.0,0.01,255.0,255.0,1.0,0.0,0.0,0.0,0.0,0.0,0.0,13762.0
58.0,9.0,181.0,0.0,0.0,0.0,5.0,0.0,0.0,0.6,0.4,0.0,255.0,89.0,0.35,0.01,0.0,0.0,0.0,0.0,0.0,90919.0
22.0,9.0,255.0,11696.0,0.0,1.0,16.0,0.0,0.0,1.0,0.0,0.15,111.0,255.0,1.0,0.0,0.04,0.0,0.0,0.0,0.0,51561.0
11.0,9.0,44.0,127.0,0.0,0.0,161.0,0.0,0.0,1.0,0.0,0.01,255.0,250.0,0.98,0.01,0.0,0.0,0.0,0.0,0.0,37447.0
49.0,9.0,1075.0,359.0,0.0,1.0,1.0,0.0,0.0,1.0,0.0,1.0,253.0,124.0,0.49,0.01,0.0,0.0,0.0,0.0,0.0,33327.0
22.0,9.0,207.0,2561.0,0.0,1.0,21.0,0.0,0.0,1.0,0.0,0.0,85.0,255.0,1.0,0.0,0.01,0.01,0.0,0.0,0.0,99627.0
22.0,9.0,290.0,2828.0,0.0,1.0,4.0,0.25,0.25,1.0,0.0,0.0,255.0,255.0,1.0,0.0,0.0,0.0,0.0,0.0,0.0,74026.0
22.0,9.0,278.0,2241.0,0.0,1.0,7.0,0.0,0.0,1.0,0.0,0.24,255.0,255.0,1.0,0.0,0.0,0.0,0.0,0.0,0.0,70340.0
17.0,5.0,0.0,0.0,0.0,0.0,1.0,1.0,1.0,1.0,0.0,1.0,1.0,6.0,1.0,0.0,0.33,1.0,0.17,0.0,1.0,38774.0
49.0,9.0,12648.0,1392.0,0.0,0.0,1.0,0.0,0.0,1.0,0.0,0.0,40.0,104.0,0.9,0.05,0.02,0.0,0.0,0.0,0.0,70182.0
19.0,9.0,567.0,0.0,0.0,0.0,2.0,0.0,0.0,0.5,1.0,0.0,80.0,44.0,0.17,0.06,0.05,0.0,0.0,0.0,0.0,18424.0
22.0,9.0,202.0,434.0,0.0,1.0,18.0,0.0,0.0,1.0,0.0,0.11,251.0,251.0,1.0,0.0,0.0,0.0,0.0,0.0,0.0,82265.0
11.0,9.0,46.0,134.0,0.0,0.0,38.0,0.0,0.0,1.0,0.0,0.0,71.0,40.0,0.56,0.03,0.0,0.0,0.0,0.0,0.0,13455.0
19.0,6.0,169360.0,0.0,0.0,1.0,2.0,0.5,0.5,1.0,0.0,0.0,133.0,37.0,0.19,0.04,0.05,0.03,0.03,0.0,0.0,19101.0
22.0,9.0,310.0,1237.0,0.0,1.0,9.0,0.0,0.0,1.0,0.0,0.08,39.0,255.0,1.0,0.0,0.03,0.0,0.0,0.0,0.0,62352.0
22.0,9.0,248.0,3637.0,0.0,1.0,2.0,0.0,0.0,1.0,0.0,0.0,246.0,255.0,1.0,0.0,0.02,0.0,0.0,0.0,0.0,67528.0
44.0,9.0,105.0,146.0,0.0,0.0,4.0,0.0,0.0,0.25,0.5,0.0,118.0,114.0,0.97,0.03,0.0,0.0,0.0,0.0,0.0,33335.0
22.0,9.0,329.0,4511.0,0.0,1.0,6.0,0.0,0.0,1.0,0.0,0.0,100.0,255.0,1.0,0.0,0.01,0.0,0.0,0.0,0.0,15114.0
22.0,9.0,232.0,9534.0,0.0,1.0,1.0,0.0,0.0,1.0,0.0,1.0,196.0,255.0,1.0,0.0,0.01,0.0,0.0,0.0,0.0,94895.0
22.0,1.0,0.0,0.0,0.0,0.0,1.0,0.0,0.0,1.0,0.0,1.0,17.0,255.0,1.0,0.0,0.13,0.0,0.0,0.86,0.0,39430.0
22.0,9.0,321.0,1378.0,0.0,1.0,12.0,0.0,0.0,1.0,0.0,0.15,246.0,255.0,1.0,0.0,0.01,0.0,0.0,0.0,0.0,120679.0
22.0,9.0,348.0,4296.0,0.0,1.0,2.0,0.0,0.0,1.0,0.0,0.67,255.0,255.0,1.0,0.0,0.0,0.0,0.0,0.0,0.0,91771.0
22.0,1.0,0.0,0.0,0.0,0.0,1.0,0.0,0.0,1.0,0.0,0.0,28.0,29.0,1.0,0.0,0.07,0.0,0.0,1.0,0.0,55627.0
22.0,9.0,222.0,1357.0,0.0,1.0,5.0,0.0,0.0,1.0,0.0,0.0,77.0,255.0,1.0,0.0,0.02,0.0,0.0,0.0,0.0,35393.0
19.0,9.0,192.0,0.0,0.0,1.0,3.0,0.0,0.0,1.0,0.0,0.0,176.0,68.0,0.24,0.04,0.03,0.0,0.0,0.0,0.0,11396.0
19.0,9.0,245.0,0.0,0.0,0.0,2.0,0.0,0.0,1.0,0.0,0.0,246.0,44.0,0.18,0.03,0.0,0.0,0.0,0.0,0.0,61488.0
22.0,9.0,54540.0,8314.0,0.0,1.0,2.0,0.0,0.0,1.0,0.0,0.0,126.0,126.0,1.0,0.0,0.0,0.0,0.0,0.02,1.0,58384.0
44.0,9.0,105.0,146.0,0.0,0.0,1.0,0.0,0.0,1.0,0.0,0.0,16.0,12.0,0.75,0.12,0.0,0.0,0.0,0.0,0.0,84492.0
19.0,9.0,2194619.0,0.0,0.0,1.0,2.0,0.0,0.0,0.5,1.0,0.0,117.0,55.0,0.11,0.06,0.04,0.0,0.0,0.0,0.0,96105.0
22.0,9.0,285.0,6163.0,0.0,1.0,13.0,0.0,0.0,1.0,0.0,0.0,217.0,255.0,1.0,0.0,0.01,0.0,0.0,0.0,0.0,116729.0
11.0,9.0,44.0,130.0,0.0,0.0,76.0,0.0,0.0,1.0,0.0,0.01,255.0,217.0,0.85,0.01,0.0,0.0,0.0,0.0,0.0,102082.0
49.0,9.0,2609.0,410.0,0.0,1.0,1.0,0.0,0.0,1.0,0.0,1.0,47.0,232.0,0.66,0.06,0.01,0.32,0.0,0.0,0.0,36403.0
22.0,9.0,204.0,6632.0,0.0,1.0,7.0,0.0,0.0,1.0,0.0,0.12,7.0,57.0,1.0,0.0,0.07,0.0,0.04,0.02,0.0,37122.0
22.0,9.0,265.0,407.0,0.0,1.0,18.0,0.0,0.0,1.0,0.0,0.0,66.0,255.0,1.0,0.0,0.02,0.0,0.0,0.0,0.0,108030.0
22.0,9.0,196.0,8921.0,0.0,1.0,1.0,0.0,0.0,1.0,0.0,0.06,29.0,255.0,1.0,0.0,0.03,0.0,0.02,0.02,0.0,35861.0
11.0,9.0,44.0,119.0,0.0,0.0,194.0,0.0,0.0,1.0,0.0,0.0,255.0,255.0,1.0,0.0,0.0,0.0,0.0,0.0,0.0,80446.0
22.0,9.0,199.0,14934.0,0.0,1.0,2.0,0.0,0.0,1.0,0.0,0.0,10.0,255.0,1.0,0.0,0.02,0.0,0.01,0.0,0.0,71689.0
22.0,9.0,323.0,771.0,0.0,1.0,18.0,0.0,0.0,1.0,0.0,0.0,255.0,255.0,1.0,0.0,0.0,0.0,0.0,0.0,0.0,109244.0
22.0,9.0,161.0,433.0,0.0,1.0,1.0,0.0,0.0,1.0,0.0,0.0,5.0,255.0,1.0,0.0,0.06,0.0,0.0,0.0,0.0,65555.0
22.0,9.0,339.0,16091.0,0.0,1.0,14.0,0.0,0.0,1.0,0.0,0.0,89.0,255.0,1.0,0.0,0.01,0.0,0.0,0.0,0.0,43368.0
22.0,9.0,327.0,304.0,0.0,1.0,15.0,0.0,0.0,1.0,0.0,0.0,117.0,255.0,1.0,0.0,0.02,0.0,0.0,0.0,0.0,37022.0
22.0,9.0,213.0,1239.0,0.0,1.0,18.0,0.0,0.0,1.0,0.0,0.0,38.0,255.0,1.0,0.0,0.07,0.0,0.0,0.0,0.0,88163.0
49.0,9.0,1547.0,331.0,0.0,1.0,2.0,0.0,0.0,0.5,1.0,1.0,220.0,121.0,0.55,0.03,0.0,0.0,0.0,0.0,0.0,77981.0
22.0,9.0,232.0,2251.0,0.0,1.0,13.0,0.0,0.0,1.0,0.0,0.0,138.0,255.0,1.0,0.0,0.02,0.01,0.01,0.0,0.0,104405.0
22.0,9.0,306.0,6924.0,0.0,1.0,28.0,0.04,0.04,1.0,0.0,0.0,253.0,255.0,1.0,0.0,0.01,0.01,0.01,0.0,0.0,76651.0
22.0,9.0,218.0,2739.0,0.0,1.0,2.0,0.0,0.0,1.0,0.0,0.67,33.0,255.0,1.0,0.0,0.04,0.0,0.0,0.0,0.0,58704.0
22.0,9.0,228.0,1305.0,0.0,1.0,8.0,0.0,0.0,1.0,0.0,0.0,8.0,255.0,1.0,0.0,0.05,0.0,0.0,0.0,0.0,2382.0
22.0,9.0,298.0,6515.0,0.0,1.0,2.0,0.0,0.0,1.0,0.0,0.67,255.0,255.0,1.0,0.0,0.0,0.0,0.0,0.01,0.0,24263.0
49.0,9.0,567.0,328.0,0.0,1.0,1.0,0.0,0.0,1.0,0.0,0.0,152.0,180.0,0.65,0.02,0.01,0.0,0.0,0.0,0.0,40825.0
51.0,2.0,6.0,34.0,0.0,1.0,87.0,0.01,0.0,0.01,1.0,0.0,255.0,1.0,0.0,0.36,0.0,0.0,0.0,1.0,1.0,123450.0
22.0,9.0,215.0,2445.0,0.0,1.0,2.0,0.0,0.0,1.0,0.0,0.67,2.0,255.0,1.0,0.0,0.02,0.0,0.0,0.0,0.0,103579.0
22.0,9.0,230.0,4823.0,0.0,1.0,17.0,0.0,0.0,1.0,0.0,0.0,255.0,255.0,1.0,0.0,0.0,0.0,0.0,0.0,0.0,116230.0
11.0,9.0,28.0,88.0,0.0,0.0,1.0,0.0,0.0,1.0,0.0,0.0,255.0,251.0,0.98,0.01,0.0,0.0,0.0,0.0,0.0,56012.0
11.0,9.0,82.0,42.0,0.0,0.0,1.0,0.0,0.0,1.0,0.0,0.0,172.0,129.0,0.75,0.02,0.0,0.0,0.0,0.0,0.0,119026.0
11.0,9.0,46.0,132.0,0.0,0.0,87.0,0.0,0.0,1.0,0.0,0.02,255.0,254.0,1.0,0.01,0.0,0.0,0.0,0.0,0.0,56063.0
22.0,9.0,286.0,267.0,0.0,1.0,6.0,0.0,0.0,1.0,0.0,0.0,189.0,255.0,1.0,0.0,0.01,0.0,0.0,0.0,0.0,96872.0
22.0,9.0,297.0,2635.0,0.0,1.0,3.0,0.0,0.0,1.0,0.0,0.0,255.0,255.0,1.0,0.0,0.0,0.0,0.0,0.0,0.0,21466.0
22.0,9.0,317.0,195.0,0.0,1.0,2.0,0.0,0.0,1.0,0.0,0.0,255.0,255.0,1.0,0.0,0.0,0.0,0.0,0.0,0.0,48748.0
22.0,9.0,353.0,270.0,0.0,1.0,1.0,0.0,0.0,1.0,0.0,0.25,42.0,255.0,1.0,0.0,0.01,0.0,0.0,0.0,0.0,5414.0
22.0,9.0,187.0,15181.0,0.0,1.0,1.0,0.0,0.0,1.0,0.0,1.0,105.0,255.0,1.0,0.0,0.03,0.0,0.0,0.0,0.0,99260.0
22.0,9.0,312.0,1984.0,0.0,1.0,2.0,0.0,0.0,1.0,0.0,0.0,55.0,255.0,1.0,0.0,0.02,0.0,0.0,0.0,0.0,97389.0
19.0,9.0,2194619.0,0.0,0.0,0.0,2.0,0.0,0.0,1.0,0.0,0.67,93.0,14.0,0.15,0.04,0.0,0.0,0.0,0.0,0.0,15723.0
22.0,9.0,264.0,18275.0,0.0,1.0,1.0,0.0,0.0,1.0,0.0,0.0,255.0,255.0,1.0,0.0,0.0,0.0,0.0,0.0,0.0,10789.0
11.0,9.0,42.0,46.0,0.0,0.0,1.0,0.0,0.0,1.0,0.0,0.25,255.0,251.0,0.98,0.01,0.0,0.0,0.0,0.0,0.0,117321.0
22.0,9.0,147.0,8678.0,0.0,1.0,1.0,0.0,0.0,1.0,0.0,0.0,5.0,255.0,1.0,0.0,0.02,0.0,0.0,0.0,0.0,63410.0
3.0,9.0,10.0,39.0,0.0,1.0,7.0,0.0,0.0,0.14,0.29,0.0,92.0,2.0,0.01,0.11,1.0,0.01,0.0,0.0,0.0,69931.0
22.0,9.0,222.0,1179.0,0.0,1.0,6.0,0.0,0.0,1.0,0.0,0.0,10.0,255.0,1.0,0.0,0.05,0.0,0.0,0.03,0.0,65720.0
22.0,1.0,0.0,0.0,0.0,0.0,1.0,0.0,0.0,1.0,0.0,0.0,39.0,238.0,1.0,0.0,0.24,0.0,0.0,1.0,0.0,22379.0
19.0,9.0,0.0,4076.0,0.0,0.0,1.0,0.0,0.0,1.0,0.0,0.33,45.0,66.0,0.69,0.07,0.05,0.0,0.0,0.0,0.0,5135.0
17.0,9.0,7.0,137.0,0.0,0.0,1.0,0.0,0.0,1.0,0.0,0.0,173.0,2.0,0.01,0.08,0.0,0.02,0.0,0.0,0.0,37832.0
22.0,9.0,239.0,7333.0,0.0,1.0,42.0,0.0,0.0,1.0,0.0,0.0,255.0,255.0,1.0,0.0,0.0,0.0,0.0,0.02,0.0,67603.0
22.0,9.0,294.0,1367.0,0.0,1.0,7.0,0.0,0.0,1.0,0.0,0.0,25.0,255.0,1.0,0.0,0.03,0.0,0.0,0.0,0.0,46393.0
22.0,9.0,222.0,2342.0,0.0,1.0,2.0,0.0,0.0,1.0,0.0,0.67,255.0,255.0,1.0,0.0,0.0,0.0,0.0,0.0,0.0,37896.0
11.0,9.0,42.0,42.0,0.0,0.0,3.0,0.0,0.0,1.0,0.0,0.6,6.0,5.0,0.83,0.33,0.0,0.0,0.0,0.0,0.0,73148.0
11.0,9.0,32.0,0.0,0.0,0.0,1.0,0.0,0.0,1.0,0.0,0.75,19.0,28.0,0.16,0.26,0.07,0.0,0.0,0.0,0.0,106326.0
22.0,9.0,187.0,13920.0,0.0,1.0,3.0,0.0,0.0,1.0,0.0,0.0,6.0,255.0,1.0,0.0,0.05,0.0,0.0,0.01,0.0,52453.0
22.0,9.0,207.0,2529.0,0.0,1.0,9.0,0.0,0.0,1.0,0.0,0.0,101.0,255.0,1.0,0.0,0.03,0.0,0.0,0.0,0.0,49161.0
40.0,9.0,59.0,0.0,0.0,1.0,12.0,0.08,0.0,0.08,0.17,0.0,192.0,1.0,0.01,0.04,0.0,0.01,0.0,0.0,0.0,98088.0
22.0,9.0,263.0,6318.0,0.0,1.0,3.0,0.0,0.0,1.0,0.0,0.43,76.0,255.0,1.0,0.0,0.03,0.01,0.01,0.01,0.0,51887.0
49.0,9.0,1075.0,372.0,0.0,1.0,1.0,0.0,0.0,1.0,0.0,0.0,31.0,164.0,0.84,0.13,0.01,0.03,0.01,0.0,0.0,42071.0
22.0,9.0,291.0,910.0,0.0,1.0,13.0,0.0,0.0,1.0,0.0,0.0,26.0,255.0,1.0,0.0,0.05,0.0,0.0,0.0,0.0,36858.0
19.0,9.0,641.0,0.0,0.0,1.0,2.0,0.0,0.0,1.0,0.0,0.0,255.0,103.0,0.4,0.02,0.0,0.0,0.0,0.0,0.0,31790.0
40.0,9.0,145.0,105.0,0.0,0.0,1.0,0.0,0.0,1.0,0.0,0.0,255.0,3.0,0.01,0.62,0.0,0.0,0.0,0.0,0.0,114500.0
22.0,9.0,216.0,5095.0,0.0,1.0,28.0,0.0,0.0,1.0,0.0,0.08,104.0,255.0,1.0,0.0,0.03,0.0,0.0,0.0,0.0,4936.0
22.0,9.0,223.0,343.0,0.0,1.0,2.0,0.0,0.0,1.0,0.0,0.1,19.0,255.0,1.0,0.0,0.01,0.0,0.0,0.0,0.0,117885.0
11.0,9.0,43.0,133.0,0.0,0.0,155.0,0.0,0.0,1.0,0.0,0.01,255.0,214.0,0.84,0.01,0.0,0.0,0.0,0.0,0.0,58531.0
49.0,9.0,3338.0,340.0,0.0,1.0,1.0,0.0,0.0,1.0,0.0,1.0,163.0,133.0,0.57,0.06,0.02,0.01,0.0,0.0,0.0,45334.0
22.0,1.0,0.0,0.0,0.0,0.0,1.0,0.0,0.0,1.0,0.0,1.0,7.0,255.0,1.0,0.0,0.17,0.0,0.0,0.67,0.0,9836.0
22.0,9.0,54540.0,8314.0,0.0,1.0,4.0,0.0,0.0,1.0,0.0,0.0,48.0,48.0,1.0,0.0,0.0,0.02,0.02,0.02,1.0,70432.0
22.0,9.0,214.0,3011.0,0.0,1.0,7.0,0.0,0.0,1.0,0.0,0.0,46.0,255.0,1.0,0.0,0.05,0.0,0.0,0.0,0.0,3055.0
55.0,9.0,105.0,2370.0,0.0,1.0,1.0,0.0,0.0,1.0,0.0,0.0,4.0,4.0,0.25,0.5,0.75,0.0,0.0,0.0,0.0,45981.0
22.0,9.0,171.0,2515.0,0.0,1.0,1.0,0.0,0.0,1.0,0.0,0.0,12.0,255.0,1.0,0.0,0.02,0.0,0.01,0.0,0.0,35646.0
19.0,9.0,7280.0,0.0,0.0,0.0,10.0,0.0,0.0,1.0,0.0,0.0,255.0,26.0,0.1,0.03,0.0,0.0,0.0,0.0,0.0,58369.0
40.0,9.0,147.0,105.0,0.0,0.0,1.0,0.0,0.0,1.0,0.0,0.0,255.0,1.0,0.0,0.52,0.0,0.0,0.0,0.0,0.0,33455.0
22.0,9.0,317.0,458.0,0.0,1.0,10.0,0.0,0.0,1.0,0.0,0.25,255.0,255.0,1.0,0.0,0.0,0.0,0.0,0.0,0.0,16259.0
22.0,9.0,54540.0,8314.0,0.0,1.0,1.0,0.0,0.0,1.0,0.0,1.0,196.0,196.0,1.0,0.0,0.0,0.0,0.0,0.02,1.0,82364.0
40.0,9.0,3468.0,0.0,0.0,1.0,19.0,0.0,0.0,0.05,0.16,0.0,97.0,1.0,0.01,0.05,0.0,0.0,0.0,0.0,0.0,71129.0
11.0,9.0,43.0,76.0,0.0,0.0,217.0,0.0,0.0,1.0,0.01,0.01,255.0,254.0,1.0,0.01,0.0,0.0,0.0,0.0,0.0,12296.0
49.0,9.0,750.0,338.0,0.0,1.0,1.0,0.0,0.0,1.0,0.0,0.0,182.0,198.0,0.84,0.03,0.01,0.0,0.0,0.0,0.0,19593.0
49.0,9.0,29920.0,329.0,0.0,1.0,1.0,0.0,0.0,1.0,0.0,1.0,57.0,54.0,0.95,0.05,0.0,0.0,0.0,0.0,0.0,80368.0
22.0,9.0,205.0,425.0,0.0,1.0,2.0,0.0,0.0,1.0,0.0,0.0,2.0,255.0,1.0,0.0,0.1,0.0,0.0,0.49,0.0,96011.0
17.0,9.0,7.0,325.0,0.0,0.0,1.0,0.0,0.0,1.0,0.0,0.0,151.0,11.0,0.07,0.04,0.0,0.0,0.0,0.0,0.0,107434.0
22.0,9.0,234.0,1680.0,0.0,1.0,6.0,0.0,0.0,1.0,0.0,0.0,255.0,255.0,1.0,0.0,0.0,0.0,0.0,0.0,0.0,27175.0
22.0,9.0,228.0,2654.0,0.0,1.0,2.0,0.0,0.0,1.0,0.0,0.0,33.0,255.0,1.0,0.0,0.01,0.0,0.0,0.0,0.0,39032.0
19.0,9.0,2194619.0,0.0,0.0,0.0,2.0,0.0,0.0,1.0,0.0,0.0,134.0,64.0,0.48,0.05,0.0,0.0,0.0,0.0,0.0,111499.0
22.0,9.0,326.0,440.0,0.0,1.0,12.0,0.0,0.0,1.0,0.0,0.21,255.0,255.0,1.0,0.0,0.0,0.0,0.0,0.0,0.0,28467.0
49.0,9.0,10815.0,881.0,0.0,1.0,1.0,0.0,0.0,1.0,0.0,0.0,4.0,201.0,0.75,0.5,0.01,0.25,0.0,0.0,0.0,34937.0
22.0,9.0,216.0,879.0,0.0,1.0,11.0,0.0,0.0,1.0,0.0,0.12,216.0,255.0,1.0,0.0,0.02,0.0,0.01,0.0,0.0,119592.0
22.0,9.0,308.0,566.0,0.0,1.0,8.0,0.0,0.0,1.0,0.0,0.07,187.0,255.0,1.0,0.0,0.01,0.0,0.0,0.0,0.0,15039.0
22.0,9.0,214.0,10597.0,0.0,1.0,4.0,0.0,0.0,1.0,0.0,0.0,4.0,255.0,1.0,0.0,0.03,0.0,0.0,0.0,0.0,102544.0
22.0,9.0,281.0,1967.0,0.0,1.0,1.0,0.0,0.0,1.0,0.0,0.0,23.0,255.0,1.0,0.0,0.03,0.0,0.0,0.0,0.0,78405.0
22.0,9.0,356.0,558.0,0.0,1.0,3.0,0.0,0.0,1.0,0.0,0.5,23.0,255.0,1.0,0.0,0.07,0.0,0.0,0.0,0.0,19380.0
39.0,9.0,48.0,48.0,0.0,0.0,1.0,0.0,0.0,1.0,0.0,0.0,42.0,17.0,0.4,0.07,0.0,0.0,0.0,0.0,0.0,99795.0
22.0,9.0,54540.0,8314.0,0.0,1.0,3.0,0.0,0.0,1.0,0.0,0.0,10.0,10.0,1.0,0.0,0.0,0.0,0.0,0.5,1.0,42380.0
49.0,9.0,2373.0,375.0,0.0,1.0,1.0,0.0,0.0,1.0,0.0,1.0,17.0,128.0,0.65,0.18,0.02,0.0,0.0,0.0,0.0,83567.0
11.0,9.0,73.0,45.0,0.0,0.0,2.0,0.0,0.0,1.0,0.0,0.5,94.0,70.0,0.74,0.03,0.0,0.0,0.0,0.0,0.0,840.0
22.0,1.0,0.0,0.0,0.0,0.0,1.0,0.0,0.0,1.0,0.0,1.0,6.0,255.0,1.0,0.0,0.18,0.0,0.0,1.0,0.0,17850.0
22.0,9.0,217.0,1472.0,0.0,1.0,4.0,0.0,0.0,1.0,0.0,0.0,31.0,154.0,1.0,0.0,0.03,0.0,0.0,0.0,0.0,121488.0
22.0,9.0,239.0,8784.0,0.0,1.0,6.0,0.0,0.0,1.0,0.0,0.0,6.0,255.0,1.0,0.0,0.01,0.0,0.0,0.0,0.0,1654.0
22.0,9.0,190.0,1624.0,0.0,1.0,11.0,0.0,0.0,1.0,0.0,0.0,11.0,255.0,1.0,0.0,0.03,0.0,0.0,0.0,0.0,85261.0
22.0,9.0,54540.0,8314.0,0.0,1.0,2.0,0.0,0.0,1.0,0.0,0.67,255.0,255.0,1.0,0.0,0.0,0.01,0.01,0.03,1.0,53972.0
22.0,9.0,208.0,3731.0,0.0,1.0,5.0,0.0,0.0,1.0,0.0,0.0,215.0,255.0,1.0,0.0,0.02,0.0,0.0,0.0,0.0,112171.0
22.0,9.0,311.0,7128.0,0.0,1.0,19.0,0.0,0.0,1.0,0.0,0.0,115.0,255.0,1.0,0.0,0.04,0.0,0.0,0.0,0.0,22252.0
49.0,9.0,1066.0,481.0,0.0,1.0,1.0,0.0,0.0,1.0,0.0,1.0,255.0,30.0,0.12,0.02,0.0,0.0,0.0,0.0,0.0,8199.0
22.0,9.0,144.0,2700.0,0.0,1.0,12.0,0.0,0.0,1.0,0.0,0.09,24.0,255.0,1.0,0.0,0.03,0.0,0.0,0.0,0.0,75339.0
49.0,9.0,1159.0,333.0,0.0,1.0,1.0,0.0,0.0,1.0,0.0,0.0,176.0,139.0,0.52,0.02,0.01,0.0,0.0,0.04,0.0,124686.0
49.0,9.0,719.0,333.0,0.0,1.0,1.0,0.0,0.0,1.0,0.0,1.0,174.0,127.0,0.73,0.04,0.0,0.0,0.0,0.0,0.0,60879.0
22.0,9.0,305.0,782.0,0.0,1.0,5.0,0.0,0.0,1.0,0.0,0.43,255.0,255.0,1.0,0.0,0.0,0.0,0.0,0.0,0.0,93215.0
49.0,9.0,645.0,329.0,0.0,1.0,1.0,0.0,0.0,1.0,0.0,0.0,255.0,7.0,0.03,0.5,0.0,0.0,0.0,0.0,0.0,73745.0
22.0,9.0,54540.0,8314.0,0.0,1.0,4.0,0.0,0.0,1.0,0.0,0.0,44.0,44.0,1.0,0.0,0.0,0.0,0.0,0.05,1.0,88396.0
22.0,9.0,296.0,655.0,0.0,1.0,52.0,0.0,0.0,1.0,0.0,0.0,255.0,255.0,1.0,0.0,0.0,0.0,0.0,0.0,0.0,25136.0
49.0,9.0,92988.0,328.0,0.0,1.0,1.0,0.0,0.0,1.0,0.0,1.0,109.0,238.0,0.94,0.02,0.01,0.0,0.0,0.0,0.0,9685.0
22.0,9.0,188.0,4868.0,0.0,1.0,2.0,0.0,0.0,1.0,0.0,0.0,255.0,255.0,1.0,0.0,0.0,0.0,0.0,0.0,0.0,83876.0
22.0,9.0,202.0,5496.0,0.0,1.0,10.0,0.0,0.0,1.0,0.0,0.0,10.0,255.0,1.0,0.0,0.04,0.0,0.0,0.0,0.0,125578.0
40.0,9.0,1363.0,0.0,0.0,1.0,22.0,0.05,0.0,0.05,0.36,0.0,69.0,1.0,0.01,0.14,0.0,0.01,0.0,0.0,0.0,76847.0
11.0,9.0,45.0,88.0,0.0,0.0,202.0,0.0,0.0,1.0,0.0,0.0,255.0,232.0,0.91,0.01,0.0,0.0,0.0,0.0,0.0,21416.0
22.0,9.0,304.0,3222.0,0.0,1.0,25.0,0.0,0.0,0.28,0.08,0.0,255.0,229.0,0.9,0.01,0.0,0.0,0.0,0.0,0.0,65549.0
40.0,9.0,147.0,0.0,0.0,0.0,5.0,0.0,0.0,0.2,0.6,0.0,255.0,1.0,0.0,0.62,0.0,0.0,0.0,0.0,0.0,57217.0
22.0,9.0,216.0,912.0,0.0,1.0,7.0,0.0,0.0,1.0,0.0,0.33,255.0,255.0,1.0,0.0,0.0,0.0,0.0,0.0,0.0,23453.0
44.0,9.0,105.0,147.0,0.0,0.0,8.0,0.0,0.0,0.12,0.25,0.0,255.0,237.0,0.93,0.01,0.0,0.0,0.0,0.0,0.0,34560.0
22.0,9.0,299.0,25796.0,0.0,1.0,1.0,0.0,0.0,1.0,0.0,0.4,255.0,255.0,1.0,0.0,0.0,0.0,0.0,0.0,0.0,22928.0
22.0,9.0,210.0,3047.0,0.0,1.0,4.0,0.0,0.0,1.0,0.0,0.0,10.0,255.0,1.0,0.0,0.02,0.0,0.0,0.0,0.0,122492.0
22.0,1.0,0.0,0.0,0.0,0.0,1.0,0.0,0.0,1.0,0.0,0.0,3.0,135.0,1.0,0.0,0.19,0.0,0.0,0.65,0.0,7265.0
11.0,9.0,31.0,0.0,0.0,0.0,2.0,0.0,0.0,0.5,1.0,1.0,236.0,30.0,0.11,0.03,0.07,0.0,0.0,0.0,0.0,26346.0
3.0,9.0,9.0,36.0,0.0,0.0,2.0,0.0,0.0,0.5,1.0,0.0,255.0,6.0,0.02,0.03,0.0,0.01,0.0,0.0,0.0,102892.0
22.0,9.0,216.0,9146.0,0.0,1.0,23.0,0.0,0.0,1.0,0.0,0.0,65.0,255.0,1.0,0.0,0.02,0.0,0.0,0.01,0.0,32523.0
49.0,9.0,1577.0,330.0,0.0,1.0,1.0,0.0,0.0,1.0,0.0,1.0,103.0,214.0,0.64,0.03,0.01,0.0,0.0,0.0,0.0,20183.0
22.0,9.0,162.0,2778.0,0.0,1.0,3.0,0.0,0.0,1.0,0.0,0.0,255.0,255.0,1.0,0.0,0.0,0.0,0.0,0.0,0.0,6563.0
22.0,9.0,221.0,4509.0,0.0,1.0,28.0,0.0,0.0,1.0,0.0,0.07,255.0,255.0,1.0,0.0,0.0,0.0,0.0,0.0,0.0,65021.0
49.0,9.0,731.0,329.0,0.0,1.0,1.0,0.0,0.0,1.0,0.0,0.0,95.0,123.0,0.91,0.04,0.02,0.0,0.0,0.0,0.0,117836.0
11.0,9.0,46.0,134.0,0.0,0.0,70.0,0.0,0.0,0.99,0.03,0.01,255.0,254.0,1.0,0.01,0.0,0.0,0.0,0.0,0.0,9250.0
22.0,9.0,291.0,882.0,0.0,1.0,9.0,0.0,0.0,1.0,0.0,0.0,255.0,255.0,1.0,0.0,0.0,0.0,0.0,0.0,0.0,34308.0
22.0,9.0,351.0,1461.0,0.0,1.0,3.0,0.0,0.0,1.0,0.0,0.0,255.0,255.0,1.0,0.0,0.0,0.0,0.0,0.0,0.0,52489.0
22.0,9.0,210.0,762.0,0.0,1.0,1.0,0.0,0.33,1.0,0.0,1.0,231.0,255.0,1.0,0.0,0.01,0.0,0.0,0.0,0.0,18470.0
11.0,9.0,45.0,131.0,0.0,0.0,73.0,0.0,0.0,1.0,0.0,0.01,255.0,254.0,1.0,0.01,0.0,0.0,0.0,0.0,0.0,70897.0
44.0,9.0,105.0,147.0,0.0,0.0,2.0,0.0,0.0,1.0,0.0,0.0,255.0,204.0,0.8,0.01,0.0,0.0,0.0,0.0,0.0,28740.0
19.0,9.0,12.0,0.0,0.0,1.0,2.0,0.0,0.0,0.5,1.0,0.0,174.0,45.0,0.2,0.04,0.04,0.0,0.0,0.0,0.0,25027.0
40.0,9.0,146.0,105.0,0.0,0.0,4.0,0.0,0.0,0.5,0.5,0.0,255.0,2.0,0.01,0.56,0.0,0.0,0.0,0.0,0.0,94113.0
22.0,6.0,162.0,29200.0,0.0,1.0,1.0,1.0,1.0,1.0,0.0,0.0,1.0,255.0,1.0,0.0,0.01,1.0,0.01,0.0,0.0,113849.0
22.0,9.0,302.0,1288.0,0.0,1.0,2.0,0.0,0.0,1.0,0.0,0.0,100.0,255.0,1.0,0.0,0.02,0.0,0.0,0.0,0.0,36325.0
58.0,9.0,128.0,0.0,0.0,0.0,6.0,0.0,0.0,0.17,0.33,0.0,177.0,22.0,0.12,0.02,0.09,0.0,0.0,0.0,0.0,46352.0
49.0,9.0,1115.0,387.0,0.0,1.0,1.0,0.0,0.0,1.0,0.0,0.0,56.0,173.0,0.61,0.05,0.01,0.0,0.0,0.0,0.0,87793.0
22.0,9.0,218.0,276.0,0.0,1.0,18.0,0.0,0.0,1.0,0.0,0.0,255.0,255.0,1.0,0.0,0.0,0.0,0.0,0.0,0.0,58574.0
22.0,9.0,261.0,3913.0,0.0,1.0,1.0,0.0,0.0,1.0,0.0,1.0,255.0,231.0,0.91,0.01,0.0,0.0,0.0,0.0,0.0,104377.0
22.0,9.0,303.0,2507.0,0.0,1.0,3.0,0.0,0.0,1.0,0.0,0.0,255.0,248.0,0.97,0.01,0.0,0.0,0.0,0.0,0.0,85712.0
22.0,9.0,246.0,866032.0,0.0,1.0,1.0,0.0,0.0,1.0,0.0,0.15,16.0,255.0,1.0,0.0,0.05,0.0,0.0,0.0,0.0,72510.0
22.0,9.0,214.0,21815.0,0.0,1.0,3.0,0.0,0.0,1.0,0.0,0.0,31.0,255.0,1.0,0.0,0.07,0.0,0.0,0.0,0.0,24560.0
22.0,9.0,339.0,8292.0,0.0,1.0,14.0,0.0,0.0,1.0,0.0,0.11,80.0,255.0,1.0,0.0,0.01,0.0,0.0,0.0,0.0,47970.0
11.0,9.0,44.0,80.0,0.0,0.0,236.0,0.0,0.0,1.0,0.0,0.0,255.0,227.0,0.89,0.01,0.0,0.0,0.0,0.0,0.0,16478.0
49.0,9.0,949.0,335.0,0.0,1.0,1.0,0.0,0.0,1.0,0.0,0.0,147.0,133.0,0.5,0.05,0.02,0.0,0.0,0.0,0.0,100078.0
11.0,9.0,42.0,42.0,0.0,0.0,2.0,0.0,0.0,1.0,0.0,0.67,255.0,226.0,0.89,0.01,0.0,0.0,0.0,0.0,0.0,101803.0
39.0,9.0,48.0,48.0,0.0,0.0,14.0,0.0,0.0,0.07,0.21,0.0,255.0,76.0,0.3,0.01,0.0,0.0,0.0,0.0,0.0,29193.0
19.0,9.0,19.0,0.0,0.0,0.0,2.0,0.0,0.0,0.5,1.0,0.0,255.0,97.0,0.38,0.04,0.0,0.0,0.01,0.0,0.0,70879.0
58.0,9.0,78.0,0.0,0.0,0.0,13.0,0.0,0.0,0.38,0.15,0.0,255.0,15.0,0.06,0.01,0.0,0.0,0.0,0.0,0.0,27279.0
22.0,9.0,251.0,5063.0,0.0,1.0,23.0,0.0,0.0,1.0,0.0,0.06,187.0,255.0,1.0,0.0,0.02,0.0,0.0,0.0,0.0,106385.0
22.0,9.0,207.0,1215.0,0.0,1.0,13.0,0.0,0.0,1.0,0.0,0.0,255.0,255.0,1.0,0.0,0.0,0.0,0.0,0.0,0.0,47300.0
49.0,9.0,895.0,314.0,0.0,1.0,1.0,0.0,0.0,1.0,0.0,0.0,29.0,159.0,0.9,0.14,0.01,0.0,0.0,0.0,0.0,59361.0
22.0,9.0,225.0,1675.0,0.0,1.0,1.0,0.0,0.0,1.0,0.0,1.0,9.0,255.0,1.0,0.0,0.04,0.0,0.0,0.0,0.0,1805.0
19.0,9.0,29.0,0.0,0.0,1.0,2.0,0.0,0.0,0.5,1.0,0.0,62.0,94.0,0.15,0.1,0.02,0.0,0.0,0.0,0.0,81358.0
49.0,9.0,13209.0,1398.0,0.0,1.0,1.0,0.0,0.0,1.0,0.0,1.0,103.0,242.0,0.95,0.02,0.01,0.0,0.0,0.0,0.0,48871.0
22.0,9.0,190.0,622.0,0.0,1.0,58.0,0.0,0.0,1.0,0.0,0.03,255.0,255.0,1.0,0.0,0.0,0.0,0.0,0.0,0.0,109526.0
22.0,9.0,300.0,1569.0,0.0,1.0,32.0,0.0,0.0,1.0,0.0,0.05,32.0,255.0,1.0,0.0,0.04,0.0,0.0,0.0,0.0,94079.0
22.0,9.0,200.0,421.0,0.0,1.0,28.0,0.0,0.0,1.0,0.0,0.07,255.0,255.0,1.0,0.0,0.0,0.0,0.0,0.0,0.0,82051.0
49.0,9.0,1327.0,337.0,0.0,1.0,1.0,0.0,0.0,1.0,0.0,1.0,11.0,100.0,0.55,0.27,0.03,0.0,0.0,0.0,0.0,81685.0
22.0,9.0,215.0,2211.0,0.0,1.0,6.0,0.0,0.0,1.0,0.0,0.05,72.0,255.0,1.0,0.0,0.03,0.0,0.0,0.0,0.0,49151.0
19.0,9.0,15876.0,0.0,0.0,0.0,16.0,0.0,0.0,1.0,0.0,0.0,166.0,54.0,0.33,0.02,0.0,0.0,0.0,0.0,0.0,46223.0
22.0,9.0,211.0,703.0,0.0,1.0,12.0,0.0,0.0,1.0,0.0,0.0,12.0,255.0,1.0,0.0,0.03,0.0,0.0,0.0,0.0,59060.0
22.0,9.0,312.0,739.0,0.0,1.0,1.0,0.0,0.0,1.0,0.0,0.0,9.0,17.0,1.0,0.0,0.12,0.0,0.0,0.0,0.0,117822.0
49.0,9.0,981.0,330.0,0.0,1.0,1.0,0.0,0.0,1.0,0.0,1.0,147.0,172.0,0.73,0.03,0.01,0.0,0.0,0.0,0.0,84706.0
22.0,9.0,228.0,4073.0,0.0,1.0,4.0,0.0,0.0,1.0,0.0,0.5,255.0,255.0,1.0,0.0,0.0,0.0,0.0,0.0,0.0,106943.0
22.0,9.0,164.0,19950.0,0.0,1.0,1.0,0.0,0.0,1.0,0.0,0.0,187.0,255.0,1.0,0.0,0.01,0.0,0.0,0.0,0.0,22896.0
22.0,9.0,196.0,10111.0,0.0,1.0,3.0,0.0,0.0,1.0,0.0,0.25,12.0,255.0,1.0,0.0,0.03,0.0,0.0,0.0,0.0,21039.0
19.0,9.0,567.0,0.0,0.0,0.0,1.0,0.0,0.0,1.0,0.0,0.0,19.0,118.0,0.79,0.16,0.02,0.0,0.0,0.0,0.0,62842.0
49.0,9.0,2493.0,328.0,0.0,1.0,1.0,0.0,0.0,1.0,0.0,0.0,255.0,147.0,0.58,0.02,0.0,0.0,0.0,0.0,0.0,12181.0
44.0,9.0,105.0,0.0,0.0,0.0,2.0,0.0,0.0,1.0,0.0,0.0,255.0,178.0,0.7,0.01,0.0,0.0,0.0,0.0,0.0,35424.0
22.0,9.0,249.0,142716.0,0.0,1.0,1.0,0.0,0.0,1.0,0.0,0.0,39.0,255.0,1.0,0.0,0.02,0.0,0.0,0.0,0.0,83774.0
49.0,9.0,1244.0,331.0,0.0,1.0,1.0,0.0,0.0,1.0,0.0,0.0,81.0,168.0,0.46,0.04,0.02,0.0,0.02,0.01,0.0,43691.0
22.0,9.0,247.0,756.0,0.0,1.0,37.0,0.0,0.0,1.0,0.0,0.0,75.0,255.0,1.0,0.0,0.01,0.0,0.0,0.07,0.0,6899.0
22.0,9.0,274.0,1264.0,0.0,1.0,25.0,0.0,0.0,1.0,0.0,0.0,25.0,255.0,1.0,0.0,0.06,0.0,0.0,0.0,0.0,48704.0
11.0,9.0,34.0,34.0,0.0,0.0,5.0,0.0,0.0,1.0,0.0,0.31,255.0,236.0,0.93,0.01,0.0,0.0,0.0,0.0,0.0,113459.0
22.0,9.0,190.0,6924.0,0.0,1.0,23.0,0.0,0.0,1.0,0.0,0.05,255.0,255.0,1.0,0.0,0.0,0.0,0.0,0.0,0.0,93657.0
18.0,9.0,1195.0,2447.0,0.0,1.0,1.0,0.0,0.0,1.0,0.0,0.0,255.0,74.0,0.29,0.02,0.0,0.0,0.0,0.0,1.0,107324.0
22.0,9.0,207.0,622.0,0.0,1.0,16.0,0.06,0.05,1.0,0.0,0.09,255.0,255.0,1.0,0.0,0.0,0.01,0.01,0.0,0.0,20115.0
22.0,9.0,326.0,1380.0,0.0,1.0,2.0,0.0,0.0,1.0,0.0,0.0,10.0,255.0,1.0,0.0,0.04,0.0,0.0,0.0,0.0,24547.0
22.0,9.0,223.0,10907.0,0.0,1.0,9.0,0.0,0.0,1.0,0.0,0.11,72.0,255.0,1.0,0.0,0.06,0.0,0.0,0.0,0.0,31735.0
11.0,9.0,46.0,78.0,0.0,0.0,264.0,0.0,0.0,1.0,0.0,0.0,255.0,254.0,1.0,0.01,0.0,0.0,0.0,0.0,0.0,118122.0
19.0,9.0,71.0,0.0,0.0,1.0,2.0,0.0,0.0,0.5,1.0,0.0,255.0,65.0,0.25,0.05,0.0,0.22,0.0,0.0,0.0,111465.0
22.0,9.0,213.0,1415.0,0.0,1.0,3.0,0.0,0.0,1.0,0.0,0.27,255.0,255.0,1.0,0.0,0.0,0.0,0.0,0.0,0.0,72787.0
49.0,9.0,863.0,337.0,0.0,1.0,1.0,0.0,0.0,1.0,0.0,0.0,144.0,186.0,0.63,0.03,0.01,0.0,0.0,0.0,0.0,32702.0
22.0,9.0,357.0,4084.0,0.0,1.0,10.0,0.0,0.0,1.0,0.0,0.0,255.0,255.0,1.0,0.0,0.0,0.0,0.0,0.0,0.0,32794.0
22.0,9.0,205.0,2530.0,0.0,1.0,29.0,0.0,0.0,1.0,0.0,0.0,255.0,255.0,1.0,0.0,0.0,0.0,0.0,0.0,0.0,80055.0
22.0,9.0,246.0,2538.0,0.0,1.0,1.0,0.0,0.0,1.0,0.0,0.18,3.0,255.0,1.0,0.0,0.02,0.0,0.0,0.0,0.0,88512.0
22.0,9.0,210.0,3754.0,0.0,1.0,18.0,0.0,0.0,1.0,0.0,0.0,62.0,255.0,1.0,0.0,0.02,0.0,0.01,0.0,0.0,361.0
22.0,9.0,324.0,44823.0,0.0,1.0,1.0,0.0,0.0,1.0,0.0,0.0,27.0,255.0,1.0,0.0,0.03,0.04,0.01,0.0,0.0,110859.0
22.0,9.0,382.0,400.0,0.0,1.0,22.0,0.0,0.0,1.0,0.0,0.0,255.0,255.0,1.0,0.0,0.0,0.0,0.0,0.01,0.0,77746.0
11.0,9.0,42.0,42.0,0.0,0.0,2.0,0.0,0.0,1.0,0.0,0.0,255.0,245.0,0.96,0.01,0.0,0.0,0.0,0.0,0.0,67940.0
11.0,9.0,45.0,73.0,0.0,0.0,140.0,0.0,0.0,1.0,0.0,0.0,255.0,254.0,1.0,0.01,0.0,0.0,0.0,0.0,0.0,69794.0
49.0,9.0,1693.0,329.0,0.0,1.0,1.0,0.0,0.0,1.0,0.0,1.0,53.0,131.0,0.15,0.08,0.02,0.0,0.01,0.0,0.0,50362.0
55.0,9.0,140.0,2095.0,0.0,1.0,1.0,0.0,0.0,1.0,0.0,0.0,1.0,4.0,1.0,0.0,1.0,0.0,0.0,0.0,0.0,90026.0
22.0,9.0,169.0,5908.0,0.0,1.0,2.0,0.0,0.0,1.0,0.0,0.0,99.0,255.0,1.0,0.0,0.05,0.0,0.0,0.0,0.0,102738.0
49.0,9.0,984.0,339.0,0.0,1.0,1.0,0.0,0.0,1.0,0.0,0.0,162.0,91.0,0.56,0.04,0.0,0.0,0.0,0.0,0.0,50204.0
11.0,9.0,46.0,112.0,0.0,0.0,69.0,0.0,0.0,1.0,0.0,0.01,255.0,254.0,1.0,0.01,0.0,0.0,0.0,0.0,0.0,75071.0
22.0,9.0,224.0,260.0,0.0,1.0,6.0,0.0,0.0,1.0,0.0,0.2,109.0,129.0,1.0,0.0,0.03,0.02,0.02,0.0,0.0,123183.0
49.0,9.0,11406.0,1358.0,0.0,1.0,1.0,0.0,0.0,1.0,0.0,1.0,3.0,42.0,1.0,0.0,0.05,0.0,0.0,0.0,0.0,105014.0
22.0,9.0,320.0,1606.0,0.0,1.0,11.0,0.0,0.0,1.0,0.0,0.15,32.0,255.0,1.0,0.0,0.07,0.0,0.01,0.0,0.0,111335.0
49.0,9.0,1086.0,327.0,0.0,1.0,1.0,0.0,0.0,1.0,0.0,0.0,255.0,121.0,0.47,0.02,0.0,0.0,0.0,0.02,0.0,57716.0
55.0,9.0,204.0,35661.0,0.0,1.0,1.0,0.0,0.0,1.0,0.0,0.0,1.0,6.0,1.0,0.0,0.83,0.0,0.0,0.0,0.0,111637.0
22.0,9.0,222.0,289.0,0.0,1.0,3.0,0.0,0.18,1.0,0.0,0.36,7.0,255.0,1.0,0.0,0.03,0.0,0.0,0.0,0.0,62985.0
11.0,9.0,45.0,132.0,0.0,0.0,80.0,0.0,0.0,0.99,0.03,0.02,255.0,200.0,0.78,0.02,0.0,0.0,0.0,0.0,0.0,45651.0
22.0,6.0,306.0,36315.0,0.0,1.0,1.0,1.0,1.0,1.0,0.0,0.0,255.0,255.0,1.0,0.0,0.0,0.0,0.0,0.0,0.0,34911.0
22.0,9.0,216.0,1353.0,0.0,1.0,3.0,0.0,0.0,1.0,0.0,0.0,76.0,255.0,1.0,0.0,0.03,0.0,0.0,0.0,0.0,4753.0
11.0,9.0,43.0,75.0,0.0,0.0,173.0,0.0,0.0,1.0,0.0,0.0,255.0,254.0,1.0,0.01,0.0,0.0,0.0,0.0,0.0,4375.0
49.0,9.0,583.0,323.0,0.0,1.0,1.0,0.0,0.0,1.0,0.0,1.0,255.0,9.0,0.04,0.71,0.0,0.0,0.0,0.0,0.0,9140.0
11.0,9.0,33.0,93.0,0.0,0.0,2.0,0.0,0.0,0.5,1.0,0.0,255.0,252.0,0.99,0.01,0.0,0.0,0.0,0.0,0.0,90965.0
22.0,9.0,285.0,705.0,0.0,1.0,2.0,0.0,0.0,1.0,0.0,0.4,4.0,255.0,1.0,0.0,0.05,0.0,0.01,0.01,0.0,124499.0
19.0,9.0,4539.0,0.0,0.0,1.0,21.0,0.0,0.0,1.0,0.0,0.0,42.0,77.0,0.64,0.1,0.04,0.0,0.0,0.0,0.0,106815.0
22.0,9.0,349.0,1411.0,0.0,1.0,7.0,0.0,0.0,1.0,0.0,0.33,171.0,255.0,1.0,0.0,0.01,0.0,0.0,0.0,0.0,113690.0
11.0,9.0,43.0,126.0,0.0,0.0,89.0,0.0,0.0,1.0,0.0,0.01,255.0,255.0,1.0,0.0,0.0,0.0,0.0,0.0,0.0,32907.0
49.0,9.0,795.0,330.0,0.0,1.0,1.0,0.0,0.0,1.0,0.0,1.0,161.0,186.0,0.71,0.04,0.01,0.0,0.0,0.0,0.0,76141.0
19.0,9.0,7045.0,0.0,0.0,1.0,2.0,0.0,0.0,1.0,0.0,0.0,7.0,34.0,1.0,0.0,0.12,0.0,0.0,0.0,1.0,57359.0
39.0,9.0,48.0,48.0,0.0,0.0,1.0,0.0,0.0,1.0,0.0,0.0,49.0,49.0,1.0,0.0,0.0,0.0,0.0,0.0,0.0,113423.0
14.0,9.0,1480.0,0.0,1.0,0.0,1.0,0.0,0.0,1.0,0.0,0.67,2.0,33.0,0.5,1.0,0.52,0.0,0.0,0.0,1.0,45914.0
22.0,9.0,191.0,522.0,0.0,1.0,7.0,0.0,0.0,1.0,0.0,0.0,31.0,255.0,1.0,0.0,0.01,0.0,0.0,0.0,0.0,74153.0
22.0,9.0,317.0,594.0,0.0,1.0,1.0,0.0,0.0,1.0,0.0,1.0,5.0,255.0,1.0,0.0,0.07,0.0,0.0,0.0,0.0,59477.0
19.0,9.0,29.0,0.0,0.0,0.0,1.0,0.0,0.0,1.0,0.0,0.0,6.0,5.0,0.83,0.33,0.0,0.0,0.0,0.0,0.0,101750.0
49.0,9.0,2241.0,329.0,0.0,1.0,1.0,0.0,0.0,1.0,0.0,1.0,81.0,108.0,0.4,0.06,0.02,0.0,0.0,0.0,0.0,123360.0
22.0,0.0,0.0,0.0,0.0,0.0,6.0,0.17,0.17,1.0,0.0,0.0,83.0,255.0,1.0,0.0,0.06,0.01,0.0,0.0,0.0,63931.0
22.0,9.0,237.0,4627.0,0.0,1.0,19.0,0.0,0.0,1.0,0.0,0.0,255.0,255.0,1.0,0.0,0.0,0.0,0.0,0.0,0.0,68025.0
19.0,9.0,172.0,0.0,0.0,1.0,1.0,0.0,0.0,1.0,0.0,0.0,47.0,55.0,0.79,0.04,0.04,0.0,0.0,0.0,0.0,69118.0
22.0,9.0,218.0,180.0,0.0,1.0,29.0,0.0,0.0,1.0,0.0,0.0,37.0,255.0,1.0,0.0,0.04,0.0,0.0,0.0,0.0,123978.0
22.0,9.0,289.0,2191.0,0.0,1.0,5.0,0.0,0.17,1.0,0.0,0.33,35.0,255.0,1.0,0.0,0.04,0.0,0.0,0.0,0.0,31527.0
22.0,9.0,235.0,2698.0,0.0,1.0,4.0,0.0,0.0,1.0,0.0,0.0,255.0,251.0,0.98,0.01,0.0,0.0,0.0,0.0,0.0,113213.0
17.0,9.0,10.0,147.0,0.0,0.0,1.0,0.0,0.0,1.0,0.0,0.0,255.0,3.0,0.01,0.07,0.0,0.78,0.0,0.0,0.0,15784.0
22.0,9.0,211.0,480.0,0.0,1.0,30.0,0.0,0.0,1.0,0.0,0.0,30.0,255.0,1.0,0.0,0.03,0.0,0.01,0.0,0.0,5547.0
22.0,9.0,209.0,3127.0,0.0,1.0,19.0,0.0,0.0,1.0,0.0,0.08,117.0,255.0,1.0,0.0,0.02,0.0,0.0,0.0,0.0,99030.0
22.0,9.0,186.0,6267.0,0.0,1.0,15.0,0.0,0.0,1.0,0.0,0.15,109.0,255.0,1.0,0.0,0.03,0.01,0.01,0.0,0.0,102904.0
22.0,9.0,213.0,2610.0,0.0,1.0,20.0,0.0,0.0,1.0,0.0,0.1,181.0,255.0,1.0,0.0,0.03,0.0,0.0,0.0,0.0,25864.0
19.0,9.0,194.0,0.0,0.0,1.0,1.0,0.0,0.0,1.0,0.0,0.0,5.0,102.0,0.8,0.4,0.03,0.0,0.01,0.0,0.0,84898.0
18.0,9.0,1204.0,3380.0,0.0,1.0,1.0,0.0,0.0,1.0,0.0,0.0,255.0,50.0,0.2,0.03,0.0,0.01,0.0,0.0,0.0,108076.0
22.0,9.0,224.0,6509.0,0.0,1.0,7.0,0.0,0.0,1.0,0.0,0.0,7.0,255.0,1.0,0.0,0.04,0.0,0.01,0.0,0.0,120692.0
40.0,9.0,145.0,105.0,0.0,0.0,1.0,0.0,0.0,1.0,0.0,0.0,255.0,1.0,0.0,0.66,0.0,0.0,0.0,0.0,0.0,10465.0
40.0,9.0,146.0,105.0,0.0,0.0,3.0,0.0,0.0,0.33,0.67,0.0,255.0,1.0,0.0,0.58,0.0,0.0,0.0,0.0,0.0,34172.0
49.0,9.0,1948.0,359.0,0.0,1.0,1.0,0.0,0.0,1.0,0.0,0.0,255.0,18.0,0.07,0.46,0.0,0.0,0.0,0.0,0.0,123000.0
22.0,7.0,197.0,19238.0,0.0,1.0,1.0,1.0,0.5,1.0,0.0,1.0,255.0,255.0,1.0,0.0,0.0,0.0,0.0,0.0,0.0,95849.0
19.0,9.0,71.0,0.0,0.0,1.0,1.0,0.0,0.0,1.0,0.0,0.0,255.0,15.0,0.06,0.06,0.0,0.62,0.0,0.0,0.0,108026.0
22.0,9.0,243.0,399.0,0.0,1.0,27.0,0.0,0.0,1.0,0.0,0.0,255.0,255.0,1.0,0.0,0.0,0.0,0.0,0.0,0.0,49922.0
22.0,9.0,170.0,37014.0,0.0,1.0,1.0,0.0,0.0,1.0,0.0,0.0,255.0,255.0,1.0,0.0,0.0,0.0,0.0,0.0,0.0,2096.0
11.0,9.0,33.0,88.0,0.0,0.0,1.0,0.0,0.0,1.0,0.0,1.0,255.0,232.0,0.91,0.01,0.0,0.0,0.0,0.0,0.0,86462.0
56.0,9.0,0.0,4.0,0.0,0.0,1.0,0.0,0.0,1.0,0.0,0.0,17.0,17.0,1.0,0.0,0.0,0.12,0.12,0.0,0.0,28109.0
11.0,9.0,44.0,131.0,0.0,0.0,71.0,0.0,0.0,0.99,0.03,0.01,255.0,199.0,0.78,0.02,0.0,0.0,0.0,0.0,0.0,112623.0
22.0,9.0,279.0,16571.0,0.0,1.0,4.0,0.0,0.0,1.0,0.0,0.0,4.0,255.0,1.0,0.0,0.04,0.0,0.0,0.0,0.0,79276.0
11.0,9.0,43.0,131.0,0.0,0.0,230.0,0.0,0.0,1.0,0.01,0.01,232.0,193.0,0.83,0.01,0.0,0.0,0.0,0.0,0.0,62174.0
22.0,9.0,222.0,3198.0,0.0,1.0,4.0,0.0,0.0,1.0,0.0,0.5,136.0,255.0,1.0,0.0,0.02,0.01,0.0,0.0,0.0,50867.0
22.0,9.0,320.0,15080.0,0.0,1.0,12.0,0.0,0.0,1.0,0.0,0.2,231.0,255.0,1.0,0.0,0.02,0.0,0.0,0.0,0.0,124314.0
22.0,9.0,292.0,1569.0,0.0,1.0,4.0,0.0,0.0,1.0,0.0,0.31,70.0,255.0,1.0,0.0,0.01,0.01,0.0,0.0,0.0,19609.0
11.0,9.0,42.0,42.0,0.0,0.0,4.0,0.0,0.0,1.0,0.0,0.33,255.0,255.0,1.0,0.0,0.0,0.0,0.0,0.0,0.0,93631.0
19.0,9.0,37.0,0.0,0.0,1.0,2.0,0.0,0.0,1.0,0.0,0.5,119.0,107.0,0.15,0.03,0.02,0.07,0.0,0.0,0.0,99816.0
49.0,9.0,12150.0,1390.0,0.0,1.0,1.0,0.0,0.0,1.0,0.0,0.0,162.0,122.0,0.75,0.02,0.0,0.0,0.0,0.0,0.0,115417.0
22.0,9.0,316.0,751.0,0.0,1.0,15.0,0.0,0.0,1.0,0.0,0.09,189.0,255.0,1.0,0.0,0.01,0.0,0.0,0.0,0.0,90524.0
58.0,9.0,182.0,0.0,0.0,0.0,2.0,0.0,0.0,0.5,1.0,0.0,255.0,17.0,0.07,0.01,0.0,0.0,0.0,0.0,0.0,84021.0
22.0,9.0,293.0,2325.0,0.0,1.0,10.0,0.0,0.0,1.0,0.0,0.18,239.0,255.0,1.0,0.0,0.01,0.0,0.0,0.0,0.0,2128.0
40.0,9.0,146.0,105.0,0.0,0.0,4.0,0.0,0.0,0.5,0.5,0.0,255.0,2.0,0.01,0.7,0.0,0.0,0.0,0.0,0.0,83898.0
22.0,9.0,301.0,3986.0,0.0,1.0,7.0,0.0,0.0,1.0,0.0,0.0,49.0,255.0,1.0,0.0,0.05,0.0,0.0,0.0,0.0,77779.0
22.0,9.0,253.0,674.0,0.0,1.0,13.0,0.0,0.0,1.0,0.0,0.0,86.0,255.0,1.0,0.0,0.02,0.0,0.0,0.0,0.0,108846.0
22.0,9.0,221.0,2855.0,0.0,1.0,13.0,0.0,0.0,1.0,0.0,0.14,27.0,255.0,1.0,0.0,0.01,0.0,0.0,0.0,0.0,92040.0
14.0,9.0,1480.0,0.0,1.0,0.0,12.0,0.0,0.0,1.0,0.0,0.0,255.0,14.0,0.05,0.02,0.0,0.0,0.0,0.0,1.0,49314.0
11.0,9.0,45.0,127.0,0.0,0.0,44.0,0.0,0.0,1.0,0.0,0.02,184.0,196.0,0.78,0.02,0.01,0.0,0.0,0.0,0.0,39980.0
22.0,9.0,255.0,1738.0,0.0,1.0,3.0,0.0,0.0,1.0,0.0,0.0,255.0,255.0,1.0,0.0,0.0,0.0,0.0,0.0,0.0,105549.0
11.0,9.0,45.0,73.0,0.0,0.0,309.0,0.0,0.0,1.0,0.0,0.0,255.0,219.0,0.86,0.01,0.0,0.0,0.0,0.0,0.0,89003.0
11.0,9.0,44.0,133.0,0.0,0.0,189.0,0.0,0.0,1.0,0.0,0.0,255.0,251.0,0.98,0.01,0.0,0.0,0.0,0.0,0.0,57492.0
22.0,9.0,202.0,302.0,0.0,1.0,5.0,0.0,0.0,1.0,0.0,0.0,73.0,255.0,1.0,0.0,0.05,0.01,0.0,0.0,0.0,83787.0
11.0,9.0,46.0,78.0,0.0,0.0,108.0,0.0,0.0,0.99,0.02,0.02,255.0,253.0,0.99,0.01,0.0,0.0,0.0,0.0,0.0,95809.0
18.0,9.0,1201.0,2447.0,0.0,1.0,1.0,0.0,0.0,1.0,0.0,0.0,255.0,108.0,0.42,0.02,0.0,0.0,0.0,0.0,1.0,83087.0
22.0,9.0,306.0,1898.0,0.0,1.0,16.0,0.0,0.0,1.0,0.0,0.0,66.0,255.0,1.0,0.0,0.04,0.0,0.0,0.0,0.0,111605.0
11.0,9.0,44.0,110.0,0.0,0.0,3.0,0.0,0.0,1.0,0.0,0.0,255.0,254.0,1.0,0.01,0.0,0.0,0.0,0.0,0.0,28230.0
22.0,9.0,237.0,1565.0,0.0,1.0,3.0,0.0,0.0,1.0,0.0,0.5,168.0,255.0,1.0,0.0,0.01,0.0,0.0,0.0,0.0,84823.0
40.0,9.0,8325.0,0.0,0.0,1.0,20.0,0.05,0.0,0.05,0.35,0.0,172.0,1.0,0.01,0.06,0.0,0.01,0.0,0.0,0.0,24985.0
11.0,9.0,44.0,134.0,0.0,0.0,77.0,0.0,0.0,1.0,0.0,0.01,255.0,210.0,0.82,0.01,0.0,0.0,0.0,0.0,0.0,119486.0
22.0,9.0,321.0,4783.0,0.0,1.0,2.0,0.0,0.0,1.0,0.0,0.0,2.0,255.0,1.0,0.0,0.05,0.0,0.0,0.0,0.0,93783.0
22.0,9.0,274.0,10027.0,0.0,1.0,5.0,0.0,0.0,1.0,0.0,0.0,7.0,255.0,1.0,0.0,0.08,0.0,0.0,0.0,0.0,85092.0
22.0,9.0,231.0,9950.0,0.0,1.0,1.0,0.0,0.0,1.0,0.0,0.15,7.0,254.0,1.0,0.0,0.03,0.0,0.0,0.01,0.0,15443.0
22.0,9.0,285.0,2297.0,0.0,1.0,16.0,0.0,0.0,1.0,0.0,0.0,44.0,255.0,1.0,0.0,0.04,0.0,0.0,0.0,0.0,76271.0
22.0,9.0,343.0,3296.0,0.0,1.0,4.0,0.0,0.0,1.0,0.0,0.0,154.0,255.0,1.0,0.0,0.02,0.01,0.0,0.0,0.0,28239.0
22.0,9.0,288.0,9025.0,0.0,1.0,5.0,0.0,0.0,1.0,0.0,0.0,13.0,255.0,1.0,0.0,0.02,0.0,0.0,0.0,0.0,74110.0
22.0,9.0,318.0,858.0,0.0,1.0,15.0,0.0,0.0,1.0,0.0,0.21,174.0,255.0,1.0,0.0,0.02,0.0,0.0,0.0,0.0,5204.0
22.0,9.0,316.0,6534.0,0.0,1.0,7.0,0.0,0.0,1.0,0.0,0.0,255.0,255.0,1.0,0.0,0.0,0.0,0.0,0.0,0.0,99205.0
11.0,9.0,45.0,139.0,0.0,0.0,101.0,0.0,0.0,1.0,0.0,0.02,255.0,254.0,1.0,0.01,0.0,0.0,0.0,0.0,0.0,102608.0
11.0,9.0,29.0,0.0,0.0,0.0,1.0,0.0,0.0,1.0,0.0,1.0,54.0,37.0,0.13,0.07,0.08,0.0,0.0,0.0,0.0,16361.0
22.0,9.0,163.0,17087.0,0.0,1.0,5.0,0.0,0.0,1.0,0.0,0.33,31.0,255.0,1.0,0.0,0.04,0.0,0.0,0.0,0.0,123043.0
22.0,9.0,289.0,706.0,0.0,1.0,6.0,0.0,0.0,1.0,0.0,0.0,224.0,255.0,1.0,0.0,0.02,0.0,0.0,0.0,0.0,66816.0
18.0,9.0,342.0,1069.0,0.0,1.0,1.0,0.0,0.0,1.0,0.0,0.0,21.0,2.0,0.1,0.19,0.0,0.0,0.0,0.0,0.0,35258.0
49.0,9.0,1076.0,365.0,0.0,1.0,1.0,0.0,0.0,1.0,0.0,0.0,10.0,175.0,0.9,0.2,0.02,0.0,0.0,0.05,0.0,110285.0
22.0,9.0,211.0,766.0,0.0,1.0,2.0,0.0,0.0,1.0,0.0,0.0,2.0,255.0,1.0,0.0,0.06,0.0,0.0,0.0,0.0,118167.0
49.0,9.0,1654.0,337.0,0.0,1.0,2.0,0.0,0.0,0.5,1.0,1.0,73.0,121.0,0.58,0.07,0.02,0.0,0.0,0.0,0.0,65371.0
49.0,9.0,886.0,330.0,0.0,1.0,2.0,0.0,0.0,0.5,1.0,1.0,157.0,96.0,0.61,0.04,0.0,0.0,0.0,0.0,0.0,77594.0
49.0,9.0,2297.0,336.0,0.0,1.0,1.0,0.0,0.0,1.0,0.0,1.0,255.0,26.0,0.1,0.5,0.0,0.0,0.0,0.0,0.0,6139.0
11.0,9.0,44.0,78.0,0.0,0.0,180.0,0.0,0.0,1.0,0.0,0.0,255.0,254.0,1.0,0.01,0.0,0.0,0.0,0.0,0.0,21197.0
22.0,9.0,216.0,827.0,0.0,1.0,15.0,0.0,0.0,1.0,0.0,0.12,15.0,255.0,1.0,0.0,0.05,0.0,0.0,0.0,0.0,42336.0
22.0,9.0,305.0,2777.0,0.0,1.0,32.0,0.0,0.0,1.0,0.0,0.0,32.0,255.0,1.0,0.0,0.03,0.0,0.0,0.0,0.0,115784.0
11.0,9.0,45.0,124.0,0.0,0.0,68.0,0.0,0.0,1.0,0.0,0.01,255.0,254.0,1.0,0.01,0.0,0.0,0.0,0.0,0.0,3676.0
22.0,9.0,237.0,11221.0,0.0,1.0,4.0,0.0,0.0,1.0,0.0,0.0,188.0,255.0,1.0,0.0,0.03,0.0,0.0,0.0,0.0,32920.0
22.0,9.0,292.0,2808.0,0.0,1.0,15.0,0.0,0.0,1.0,0.0,0.0,255.0,255.0,1.0,0.0,0.0,0.0,0.0,0.0,0.0,116122.0
22.0,1.0,0.0,0.0,0.0,0.0,1.0,0.0,0.0,1.0,0.0,0.0,55.0,255.0,1.0,0.0,0.09,0.0,0.0,0.91,0.0,94707.0
11.0,9.0,31.0,0.0,0.0,0.0,1.0,0.0,0.0,1.0,0.0,1.0,26.0,41.0,0.12,0.15,0.05,0.0,0.0,0.0,0.0,116957.0
22.0,9.0,243.0,10155.0,0.0,1.0,4.0,0.0,0.0,1.0,0.0,0.33,22.0,255.0,1.0,0.0,0.01,0.0,0.0,0.0,0.0,45799.0
49.0,9.0,1216.0,393.0,0.0,1.0,1.0,0.0,0.0,1.0,0.0,0.0,255.0,29.0,0.11,0.06,0.0,0.0,0.0,0.0,0.0,25840.0
22.0,9.0,334.0,334.0,0.0,1.0,21.0,0.0,0.0,1.0,0.0,0.09,255.0,255.0,1.0,0.0,0.0,0.0,0.0,0.0,0.0,54367.0
22.0,9.0,224.0,1415.0,0.0,1.0,1.0,0.0,0.0,1.0,0.0,0.0,48.0,48.0,1.0,0.0,0.0,0.0,0.0,0.0,0.0,16992.0
22.0,9.0,212.0,930.0,0.0,1.0,2.0,0.0,0.0,1.0,0.0,0.67,99.0,255.0,1.0,0.0,0.02,0.0,0.0,0.0,0.0,42726.0
22.0,9.0,225.0,4359.0,0.0,1.0,13.0,0.0,0.0,1.0,0.0,0.0,255.0,255.0,1.0,0.0,0.0,0.0,0.0,0.0,0.0,11033.0
13.0,9.0,30.0,0.0,0.0,0.0,1.0,0.0,0.0,1.0,0.0,0.0,8.0,91.0,1.0,0.0,0.47,0.0,0.0,0.0,0.0,56136.0
22.0,9.0,254.0,1149.0,0.0,1.0,1.0,0.0,0.0,1.0,0.0,0.0,168.0,255.0,1.0,0.0,0.01,0.0,0.0,0.0,0.0,33616.0
22.0,9.0,228.0,1789.0,0.0,1.0,4.0,0.25,0.12,1.0,0.0,0.38,4.0,255.0,1.0,0.0,0.04,0.25,0.01,0.0,0.0,42763.0
40.0,9.0,145.0,0.0,0.0,0.0,8.0,0.0,0.0,0.12,0.38,0.0,255.0,1.0,0.0,0.55,0.0,0.0,0.0,0.0,0.0,93511.0
49.0,9.0,754.0,328.0,0.0,1.0,1.0,0.0,0.0,1.0,0.0,1.0,255.0,132.0,0.52,0.03,0.0,0.0,0.0,0.0,0.0,32463.0
22.0,9.0,248.0,3441.0,0.0,1.0,2.0,0.0,0.0,1.0,0.0,0.29,15.0,241.0,1.0,0.0,0.02,0.0,0.0,0.0,0.0,28308.0
49.0,9.0,704.0,332.0,0.0,1.0,1.0,0.0,0.0,1.0,0.0,0.0,164.0,143.0,0.87,0.03,0.0,0.0,0.0,0.0,0.0,43064.0
22.0,9.0,286.0,5989.0,0.0,1.0,30.0,0.0,0.0,1.0,0.0,0.0,255.0,255.0,1.0,0.0,0.0,0.0,0.0,0.0,0.0,63057.0
22.0,9.0,249.0,1112.0,0.0,1.0,10.0,0.0,0.0,1.0,0.0,0.11,255.0,255.0,1.0,0.0,0.0,0.0,0.0,0.0,0.0,57999.0
44.0,9.0,105.0,146.0,0.0,0.0,1.0,0.0,0.0,1.0,0.0,0.0,255.0,179.0,0.7,0.01,0.0,0.0,0.0,0.0,0.0,42740.0
49.0,9.0,897.0,331.0,0.0,1.0,1.0,0.0,0.0,1.0,0.0,0.0,229.0,212.0,0.82,0.01,0.01,0.0,0.0,0.0,0.0,57592.0
22.0,9.0,336.0,817.0,0.0,1.0,35.0,0.0,0.0,1.0,0.0,0.05,255.0,255.0,1.0,0.0,0.0,0.0,0.0,0.0,0.0,122514.0
22.0,9.0,235.0,825.0,0.0,1.0,28.0,0.0,0.0,1.0,0.0,0.04,66.0,255.0,1.0,0.0,0.02,0.0,0.0,0.0,0.0,81156.0
19.0,9.0,373.0,0.0,0.0,1.0,5.0,0.0,0.0,1.0,0.0,0.0,130.0,41.0,0.28,0.05,0.05,0.02,0.0,0.0,0.0,79082.0
22.0,9.0,299.0,3200.0,0.0,1.0,21.0,0.05,0.05,1.0,0.0,0.0,255.0,255.0,1.0,0.0,0.0,0.01,0.01,0.0,0.0,89213.0
22.0,9.0,238.0,6722.0,0.0,1.0,2.0,0.0,0.0,1.0,0.0,0.0,255.0,255.0,1.0,0.0,0.0,0.0,0.0,0.0,0.0,15543.0
49.0,9.0,2245.0,327.0,0.0,1.0,1.0,0.0,0.0,1.0,0.0,0.0,210.0,245.0,0.96,0.01,0.01,0.0,0.0,0.0,0.0,65108.0
49.0,9.0,1374.0,329.0,0.0,1.0,1.0,0.0,0.0,1.0,0.0,0.0,71.0,175.0,0.65,0.04,0.01,0.0,0.0,0.0,0.0,52247.0
22.0,9.0,230.0,1075.0,0.0,1.0,7.0,0.0,0.0,1.0,0.0,0.0,197.0,197.0,1.0,0.0,0.0,0.0,0.0,0.0,0.0,110154.0
