duration,protocol_type,service,flag,src_bytes,dst_bytes,wrong_fragment,hot,logged_in,num_compromised,su_attempted,num_root,num_access_files,count,serror_rate,srv_serror_rate,rerror_rate,srv_rerror_rate,same_srv_rate,diff_srv_rate,srv_diff_host_rate,dst_host_count,dst_host_srv_count,dst_host_same_srv_rate,dst_host_diff_srv_rate,dst_host_same_src_port_rate,dst_host_srv_diff_host_rate,dst_host_serror_rate,dst_host_srv_serror_rate,dst_host_srv_rerror_rate,classe,posicaoOriginal
0,tcp,http,SF,197,2664,0,0,1,0,0,0,0,2,0.0,0.0,0.0,0.0,1.0,0.0,0.67,13,255,1.0,0.0,0.08,0.02,0.0,0.0,0.0,0,125219.0
0,tcp,ftp_data,SF,7321,0,0,0,0,0,0,0,0,2,0.0,0.0,0.0,0.0,1.0,0.0,0.0,57,77,0.51,0.05,0.51,0.03,0.0,0.0,0.0,0,7254.0
0,tcp,http,REJ,0,0,0,0,0,0,0,0,0,1,0.0,0.0,1.0,1.0,1.0,0.0,1.0,41,255,1.0,0.0,0.02,0.13,0.0,0.0,0.99,0,51787.0
0,icmp,eco_i,SF,8,0,0,0,0,0,0,0,0,1,0.0,0.0,0.0,0.0,1.0,0.0,1.0,2,74,1.0,0.0,1.0,0.5,0.0,0.0,0.0,1,6696.0
0,tcp,http,SF,213,1211,0,0,1,0,0,0,0,7,0.0,0.0,0.0,0.0,1.0,0.0,0.0,31,229,1.0,0.0,0.03,0.06,0.0,0.0,0.54,0,7549.0
0,tcp,http,SF,372,238,0,0,1,0,0,0,0,1,0.0,0.0,0.0,0.0,1.0,0.0,0.25,5,253,1.0,0.0,0.2,0.22,0.0,0.0,0.91,0,50368.0
0,tcp,http,SF,314,810,0,0,1,0,0,0,0,18,0.0,0.0,0.0,0.0,1.0,0.0,0.0,255,255,1.0,0.0,0.0,0.0,0.0,0.0,0.0,0,101109.0
0,tcp,daytime,S0,0,0,0,0,0,0,0,0,0,21,1.0,1.0,0.0,0.0,0.38,0.29,0.0,255,12,0.05,0.1,0.0,0.0,1.0,1.0,0.0,1,111718.0
0,tcp,finger,SF,8,138,0,0,0,0,0,0,0,1,0.0,0.0,0.0,0.0,1.0,0.0,0.0,174,13,0.06,0.02,0.01,0.15,0.0,0.0,0.0,0,124543.0
0,tcp,finger,SF,0,0,0,0,0,0,0,0,0,1,0.0,0.0,0.0,0.0,1.0,0.0,0.0,60,9,0.02,1.0,0.02,0.22,0.0,0.0,0.0,1,1801.0
0,tcp,http,SF,252,350,0,0,1,0,0,0,0,10,0.0,0.0,0.0,0.0,1.0,0.0,0.18,255,255,1.0,0.0,0.0,0.0,0.0,0.0,0.0,0,35674.0
0,tcp,http,SF,240,6941,0,0,1,0,0,0,0,5,0.0,0.0,0.0,0.0,1.0,0.0,0.24,49,255,1.0,0.0,0.02,0.05,0.0,0.01,0.0,0,63007.0
0,tcp,vmnet,S0,0,0,0,0,0,0,0,0,0,77,1.0,1.0,0.0,0.0,0.12,0.08,0.0,255,2,0.01,0.06,0.0,0.0,1.0,1.0,0.0,1,46121.0
0,udp,private,SF,105,146,0,0,0,0,0,0,0,6,0.0,0.0,0.0,0.0,0.33,0.33,0.0,255,235,0.92,0.01,0.01,0.0,0.0,0.0,0.0,0,48397.0
57,tcp,telnet,SF,136,16044,0,0,1,4,0,0,0,1,0.0,0.0,0.0,0.0,1.0,0.0,0.0,192,1,0.01,0.04,0.01,0.0,0.0,0.0,0.0,0,13593.0
0,tcp,telnet,S0,0,0,0,0,0,0,0,0,0,67,1.0,1.0,0.0,0.0,0.24,0.06,0.0,255,56,0.22,0.04,0.02,0.0,1.0,1.0,0.0,1,49266.0
0,udp,private,SF,207,0,0,0,0,0,0,0,0,2,0.0,0.0,0.0,0.0,1.0,0.0,0.0,162,138,0.85,0.01,0.85,0.0,0.0,0.0,0.0,1,106808.0
0,tcp,http,SF,222,1511,0,0,1,0,0,0,0,1,0.0,0.0,0.0,0.0,1.0,0.0,0.0,13,255,1.0,0.0,0.08,0.04,0.0,0.0,0.0,0,37884.0
0,udp,private,SF,28,0,3,0,0,0,0,0,0,90,0.0,0.0,0.0,0.0,1.0,0.0,0.0,255,57,0.22,0.01,0.22,0.0,0.0,0.0,0.0,1,108744.0
0,tcp,private,S0,0,0,0,0,0,0,0,0,0,107,1.0,1.0,0.0,0.0,0.13,0.07,0.0,255,14,0.05,0.08,0.0,0.0,1.0,1.0,0.0,1,57966.0
0,tcp,http,SF,222,10707,0,0,1,0,0,0,0,3,0.0,0.0,0.0,0.0,1.0,0.0,0.0,255,255,1.0,0.0,0.0,0.0,0.0,0.0,0.0,0,4219.0
0,tcp,ctf,S0,0,0,0,0,0,0,0,0,0,195,1.0,1.0,0.0,0.0,0.02,0.07,0.0,255,3,0.01,0.06,0.0,0.0,1.0,1.0,0.0,1,80494.0
0,udp,domain_u,SF,44,131,0,0,0,0,0,0,0,98,0.0,0.0,0.0,0.0,1.0,0.0,0.01,255,255,1.0,0.0,0.0,0.0,0.0,0.0,0.0,0,96969.0
0,tcp,http,SF,340,3627,0,0,1,0,0,0,0,3,0.0,0.0,0.0,0.0,1.0,0.0,0.07,3,229,1.0,0.0,0.33,0.05,0.0,0.0,0.0,0,114557.0
0,tcp,http,SF,297,2531,0,0,1,0,0,0,0,6,0.0,0.0,0.0,0.0,1.0,0.0,0.0,255,255,1.0,0.0,0.0,0.0,0.0,0.0,0.0,0,38309.0
0,tcp,private,S0,0,0,0,0,0,0,0,0,0,221,1.0,1.0,0.0,0.0,0.04,0.07,0.0,255,12,0.05,0.06,0.0,0.0,1.0,1.0,0.0,1,84935.0
0,tcp,mtp,S0,0,0,0,0,0,0,0,0,0,202,1.0,1.0,0.0,0.0,0.03,0.06,0.0,255,7,0.03,0.07,0.0,0.0,1.0,1.0,0.0,1,115791.0
0,udp,private,SF,105,146,0,0,0,0,0,0,0,5,0.0,0.0,0.0,0.0,0.2,0.4,0.0,255,230,0.9,0.01,0.0,0.0,0.0,0.0,0.0,0,57976.0
0,tcp,http,SF,195,43148,0,0,1,0,0,0,0,2,0.0,0.0,0.0,0.0,1.0,0.0,0.25,51,213,1.0,0.0,0.02,0.15,0.0,0.0,0.59,0,69573.0
0,tcp,ftp_data,SF,334,0,0,0,1,0,0,0,0,2,0.0,0.0,0.0,0.0,1.0,0.0,0.0,4,38,0.5,0.5,0.5,0.16,0.0,0.0,0.0,1,50266.0
0,udp,private,SF,1,0,0,0,0,0,0,0,0,7,0.0,0.0,0.0,0.0,1.0,0.0,0.0,255,7,0.03,0.41,0.63,0.0,0.16,0.0,0.0,1,59804.0
1,tcp,smtp,SF,1119,327,0,0,1,0,0,0,0,1,0.0,0.0,0.0,0.0,1.0,0.0,1.0,169,147,0.87,0.02,0.01,0.0,0.0,0.0,0.0,0,79853.0
39062,tcp,private,RSTR,1,0,0,0,0,0,0,0,0,2,0.0,0.0,1.0,1.0,1.0,0.0,0.0,255,2,0.01,0.51,1.0,0.0,0.0,0.0,1.0,1,78203.0
0,tcp,http,SF,214,283,0,0,1,0,0,0,0,17,0.0,0.0,0.0,0.0,1.0,0.0,0.0,187,255,1.0,0.0,0.01,0.02,0.0,0.0,0.0,0,124762.0
0,tcp,private,S0,0,0,0,0,0,0,0,0,0,116,0.99,1.0,0.0,0.0,0.03,0.07,0.0,255,19,0.07,0.06,0.0,0.0,1.0,1.0,0.0,1,67444.0
0,tcp,http,SF,307,2625,0,0,1,0,0,0,0,11,0.0,0.0,0.0,0.0,1.0,0.0,0.0,148,255,1.0,0.0,0.01,0.02,0.0,0.0,0.0,0,122709.0
0,tcp,gopher,REJ,0,0,0,0,0,0,0,0,0,254,0.0,0.0,1.0,1.0,0.05,0.06,0.0,255,13,0.05,0.06,0.0,0.0,0.0,0.0,1.0,1,117154.0
22,tcp,ftp,SF,284,903,0,5,1,0,0,0,0,1,0.0,0.0,0.0,0.0,1.0,0.0,0.0,114,22,0.19,0.04,0.01,0.0,0.0,0.0,0.0,0,124216.0
0,tcp,imap4,S0,0,0,0,0,0,0,0,0,0,225,1.0,1.0,0.0,0.0,0.02,0.06,0.0,255,5,0.02,0.05,0.0,0.0,1.0,1.0,0.0,1,105104.0
0,tcp,uucp,S0,0,0,0,0,0,0,0,0,0,147,1.0,1.0,0.0,0.0,0.1,0.05,0.0,255,3,0.01,0.07,0.0,0.0,1.0,1.0,0.0,1,103381.0
5063,tcp,ftp_data,SF,5133876,0,0,1,1,0,0,0,0,1,0.0,0.0,0.0,0.0,1.0,0.0,0.0,4,36,1.0,0.0,1.0,0.14,0.0,0.0,0.0,1,51819.0
0,tcp,other,REJ,0,0,0,0,0,0,0,0,0,511,0.05,0.0,0.95,1.0,0.0,1.0,0.0,255,1,0.0,1.0,0.0,0.0,0.03,0.0,1.0,1,68735.0
0,tcp,name,S0,0,0,0,0,0,0,0,0,0,274,1.0,1.0,0.0,0.0,0.03,0.06,0.0,255,7,0.03,0.07,0.0,0.0,1.0,1.0,0.0,1,77777.0
0,tcp,sql_net,S0,0,0,0,0,0,0,0,0,0,116,1.0,1.0,0.0,0.0,0.14,0.05,0.0,255,16,0.06,0.05,0.0,0.0,1.0,1.0,0.0,1,54016.0
0,udp,domain_u,SF,45,75,0,0,0,0,0,0,0,73,0.0,0.0,0.0,0.0,1.0,0.0,0.01,255,218,0.85,0.01,0.0,0.0,0.0,0.0,0.0,0,89661.0
0,tcp,http,REJ,0,0,0,0,0,0,0,0,0,1,0.0,0.0,1.0,1.0,1.0,0.0,0.0,12,25,1.0,0.0,0.08,0.24,0.0,0.0,1.0,0,109641.0
0,tcp,smtp,SF,1924,331,0,0,1,0,0,0,0,1,0.0,0.0,0.0,0.0,1.0,0.0,0.0,11,11,1.0,0.0,0.09,0.0,0.0,0.0,0.0,0,105496.0
27,tcp,ftp,SF,897,2720,0,19,1,0,0,0,0,1,0.0,0.0,0.0,0.0,1.0,0.0,0.0,61,2,0.03,0.07,0.02,0.0,0.0,0.0,0.0,0,62633.0
0,tcp,private,S0,0,0,0,0,0,0,0,0,0,238,1.0,1.0,0.0,0.0,0.03,0.06,0.0,255,20,0.08,0.07,0.0,0.0,1.0,1.0,0.0,1,36809.0
0,tcp,http,SF,286,622,0,0,1,0,0,0,0,26,0.0,0.0,0.0,0.0,1.0,0.0,0.07,179,255,1.0,0.0,0.01,0.01,0.0,0.0,0.0,0,11622.0
0,tcp,other,REJ,0,0,0,0,0,0,0,0,0,510,0.11,0.0,0.89,1.0,0.0,1.0,0.0,255,1,0.0,1.0,0.0,0.0,0.18,0.0,1.0,1,57938.0
0,tcp,private,S0,0,0,0,0,0,0,0,0,0,183,1.0,1.0,0.0,0.0,0.04,0.07,0.0,255,19,0.07,0.08,0.0,0.0,1.0,1.0,0.0,1,9565.0
0,tcp,http,SF,224,2320,0,0,1,0,0,0,0,12,0.0,0.0,0.0,0.0,1.0,0.0,0.15,255,255,1.0,0.0,0.0,0.0,0.0,0.0,0.0,0,23461.0
0,tcp,http,SF,307,1203,0,0,1,0,0,0,0,12,0.0,0.0,0.0,0.0,1.0,0.0,0.15,255,255,1.0,0.0,0.0,0.0,0.0,0.0,0.0,0,11471.0
0,tcp,auth,SF,13,38,0,0,1,0,0,0,0,1,0.0,0.0,0.0,0.0,1.0,0.0,0.0,120,2,0.01,0.03,0.01,1.0,0.0,0.0,0.0,0,45861.0
0,udp,domain_u,SF,46,46,0,0,0,0,0,0,0,159,0.0,0.0,0.0,0.0,1.0,0.0,0.0,255,249,0.98,0.01,0.0,0.0,0.0,0.0,0.0,0,11175.0
0,udp,private,SF,1,0,0,0,0,0,0,0,0,27,0.0,0.0,0.0,0.0,0.07,0.26,0.0,255,2,0.01,0.65,0.45,0.0,0.0,0.0,0.0,1,47031.0
0,icmp,ecr_i,SF,1032,0,0,0,0,0,0,0,0,511,0.0,0.0,0.0,0.0,1.0,0.0,0.0,255,170,0.67,0.02,0.67,0.0,0.0,0.0,0.0,1,15407.0
10,tcp,smtp,SF,800,331,0,0,1,0,0,0,0,1,0.0,0.0,0.0,0.0,1.0,0.0,1.0,255,155,0.61,0.02,0.0,0.0,0.0,0.0,0.0,0,49560.0
0,tcp,http,SF,229,3222,0,0,1,0,0,0,0,3,0.0,0.0,0.0,0.0,1.0,0.0,0.0,3,255,1.0,0.0,0.33,0.03,0.0,0.0,0.0,0,107517.0
0,tcp,mtp,S0,0,0,0,0,0,0,0,0,0,299,1.0,1.0,0.0,0.0,0.06,0.05,0.0,255,16,0.06,0.06,0.0,0.0,1.0,1.0,0.0,1,109797.0
0,icmp,eco_i,SF,8,0,0,0,0,0,0,0,0,1,0.0,0.0,0.0,0.0,1.0,0.0,1.0,2,14,1.0,0.0,1.0,0.5,0.0,0.0,0.0,1,2153.0
0,tcp,ftp_data,SF,1766,0,0,0,0,0,0,0,0,2,0.0,0.0,0.0,0.0,1.0,0.0,0.0,79,87,0.25,0.04,0.25,0.02,0.0,0.0,0.0,0,40560.0
0,tcp,iso_tsap,S0,0,0,0,0,0,0,0,0,0,234,1.0,1.0,0.0,0.0,0.07,0.06,0.0,255,16,0.06,0.06,0.0,0.0,1.0,1.0,0.0,1,1355.0
0,tcp,http,SF,231,8119,0,0,1,0,0,0,0,12,0.0,0.0,0.0,0.0,1.0,0.0,0.0,255,255,1.0,0.0,0.0,0.0,0.0,0.0,0.0,0,115097.0
0,tcp,courier,S0,0,0,0,0,0,0,0,0,0,127,1.0,1.0,0.0,0.0,0.04,0.07,0.0,255,5,0.02,0.06,0.0,0.0,1.0,1.0,0.0,1,93331.0
0,tcp,ftp,RSTO,0,0,0,0,0,0,0,0,0,232,0.0,0.0,1.0,1.0,0.03,0.07,0.0,255,8,0.03,0.08,0.0,0.0,0.0,0.0,1.0,1,47184.0
0,udp,domain_u,SF,43,43,0,0,0,0,0,0,0,215,0.0,0.0,0.0,0.0,1.0,0.0,0.0,255,255,1.0,0.0,0.0,0.0,0.0,0.0,0.0,0,103154.0
0,tcp,http,SF,269,2232,0,0,1,0,0,0,0,16,0.0,0.0,0.0,0.0,1.0,0.0,0.18,255,255,1.0,0.0,0.0,0.0,0.0,0.0,0.0,0,36511.0
0,tcp,http,SF,209,1068,0,0,1,0,0,0,0,2,0.0,0.0,0.0,0.0,1.0,0.0,0.0,2,255,1.0,0.0,0.5,0.03,0.0,0.0,0.0,0,36312.0
0,udp,domain_u,SF,45,73,0,0,0,0,0,0,0,142,0.0,0.0,0.0,0.0,1.0,0.0,0.01,255,254,1.0,0.01,0.0,0.0,0.0,0.0,0.0,0,68795.0
0,tcp,other,REJ,0,0,0,0,0,0,0,0,0,509,0.1,0.0,0.9,1.0,0.0,1.0,0.0,255,1,0.0,1.0,0.0,0.0,0.11,0.0,1.0,1,26209.0
0,tcp,csnet_ns,S0,0,0,0,0,0,0,0,0,0,211,1.0,1.0,0.0,0.0,0.09,0.06,0.0,255,20,0.08,0.08,0.0,0.0,1.0,1.0,0.0,1,26452.0
0,tcp,telnet,S0,0,0,0,0,0,0,0,0,0,1,1.0,1.0,0.0,0.0,1.0,0.0,0.0,22,4,0.18,0.18,0.05,0.0,0.14,0.75,0.0,0,115212.0
0,tcp,mtp,S0,0,0,0,0,0,0,0,0,0,246,1.0,1.0,0.0,0.0,0.01,0.06,0.0,255,19,0.07,0.07,0.0,0.0,1.0,1.0,0.0,1,96834.0
0,tcp,private,RSTR,0,0,0,0,0,0,0,0,0,1,0.0,0.0,1.0,1.0,1.0,0.0,0.0,180,1,0.01,0.46,0.46,0.0,0.0,0.0,1.0,1,110005.0
0,tcp,domain,REJ,0,0,0,0,0,0,0,0,0,279,0.0,0.0,1.0,1.0,0.04,0.06,0.0,255,11,0.04,0.07,0.0,0.0,0.0,0.0,1.0,1,30758.0
0,tcp,http,SF,249,911,0,0,1,0,0,0,0,35,0.0,0.0,0.0,0.0,1.0,0.0,0.0,35,255,1.0,0.0,0.03,0.03,0.0,0.0,0.0,0,54753.0
0,tcp,ftp_data,S0,0,0,0,0,0,0,0,0,0,193,1.0,1.0,0.0,0.0,0.1,0.06,0.0,255,20,0.08,0.06,0.0,0.0,1.0,1.0,0.0,1,75389.0
0,tcp,whois,S0,0,0,0,0,0,0,0,0,0,222,1.0,1.0,0.0,0.0,0.05,0.07,0.0,255,12,0.05,0.08,0.0,0.0,1.0,1.0,0.0,1,75195.0
0,tcp,http,S0,0,0,0,0,0,0,0,0,0,6,1.0,1.0,0.0,0.0,1.0,0.0,0.0,255,6,0.02,0.07,0.0,0.0,1.0,1.0,0.0,1,81543.0
0,icmp,urp_i,SF,135,0,0,0,0,0,0,0,0,8,0.0,0.0,0.0,0.0,0.25,0.25,0.0,255,21,0.08,0.01,0.08,0.0,0.0,0.0,0.0,0,69048.0
0,udp,domain_u,SF,44,82,0,0,0,0,0,0,0,236,0.0,0.0,0.0,0.0,1.0,0.0,0.01,255,254,1.0,0.01,0.0,0.0,0.0,0.0,0.0,0,81757.0
0,tcp,http,SF,293,12325,0,0,1,0,0,0,0,8,0.0,0.0,0.0,0.0,1.0,0.0,0.0,255,255,1.0,0.0,0.0,0.0,0.0,0.0,0.0,0,39895.0
0,tcp,uucp_path,S0,0,0,0,0,0,0,0,0,0,249,1.0,1.0,0.0,0.0,0.04,0.06,0.0,255,20,0.08,0.06,0.0,0.0,1.0,1.0,0.0,1,74821.0
0,tcp,private,S0,0,0,0,0,0,0,0,0,0,232,1.0,1.0,0.0,0.0,0.06,0.06,0.0,255,1,0.0,0.06,0.0,0.0,1.0,1.0,0.0,1,25527.0
0,tcp,private,RSTR,0,0,0,0,0,0,0,0,0,1,0.0,0.0,1.0,1.0,1.0,0.0,0.0,255,1,0.0,0.12,0.11,0.0,0.0,0.0,1.0,1,72642.0
0,tcp,http,SF,228,22021,0,0,1,0,0,0,0,13,0.08,0.08,0.0,0.0,1.0,0.0,0.0,169,255,1.0,0.0,0.01,0.03,0.01,0.0,0.0,0,67811.0
0,udp,domain_u,SF,45,77,0,0,0,0,0,0,0,215,0.0,0.0,0.0,0.0,1.0,0.01,0.01,255,254,1.0,0.01,0.0,0.0,0.0,0.0,0.0,0,102409.0
0,tcp,http,SF,54540,8314,0,2,1,1,0,0,0,5,0.0,0.0,0.0,0.17,1.0,0.0,0.33,169,169,1.0,0.0,0.01,0.0,0.0,0.0,0.05,1,59506.0
0,tcp,http,SF,298,356,0,0,1,0,0,0,0,19,0.0,0.0,0.0,0.0,1.0,0.0,0.0,41,255,1.0,0.0,0.02,0.02,0.0,0.0,0.0,0,68879.0
1,tcp,smtp,SF,701,330,0,0,1,0,0,0,0,1,0.0,0.0,0.0,0.0,1.0,0.0,1.0,66,132,0.47,0.09,0.02,0.02,0.0,0.0,0.0,0,30740.0
0,icmp,eco_i,SF,8,0,0,0,0,0,0,0,0,1,0.0,0.0,0.0,0.0,1.0,0.0,1.0,4,160,1.0,0.0,1.0,0.25,0.0,0.0,0.0,1,85243.0
9162,tcp,IRC,RSTO,1308,5642,0,0,1,0,0,0,0,1,0.0,0.0,1.0,1.0,1.0,0.0,0.0,92,3,0.03,0.02,0.01,0.0,0.0,0.0,1.0,0,37481.0
0,tcp,http,SF,148,2233,0,0,1,0,0,0,0,2,0.0,0.0,0.0,0.0,1.0,0.0,0.17,25,251,1.0,0.0,0.04,0.05,0.0,0.0,0.0,0,94062.0
0,tcp,private,S0,0,0,0,0,0,0,0,0,0,91,1.0,1.0,0.0,0.0,0.03,0.08,0.0,142,3,0.02,0.08,0.01,0.0,1.0,1.0,0.0,1,57725.0
0,icmp,ecr_i,SF,1032,0,0,0,0,0,0,0,0,178,0.0,0.0,0.0,0.0,1.0,0.0,0.0,255,255,1.0,0.0,1.0,0.0,0.0,0.0,0.0,1,118855.0
0,tcp,private,S0,0,0,0,0,0,0,0,0,0,69,1.0,1.0,0.0,0.0,0.03,0.07,0.0,255,14,0.05,0.06,0.0,0.0,1.0,1.0,0.0,1,51270.0
0,tcp,http,SF,286,1308,0,0,1,0,0,0,0,17,0.0,0.0,0.0,0.0,1.0,0.0,0.0,86,255,1.0,0.0,0.01,0.02,0.0,0.0,0.0,0,122587.0
0,tcp,http,SF,193,3036,0,0,1,0,0,0,0,17,0.0,0.0,0.0,0.0,1.0,0.0,0.0,39,255,1.0,0.0,0.03,0.02,0.0,0.0,0.0,0,28994.0
0,tcp,private,S0,0,0,0,0,0,0,0,0,0,251,1.0,1.0,0.0,0.0,0.02,0.06,0.0,255,6,0.02,0.06,0.0,0.0,1.0,1.0,0.0,1,96583.0
0,icmp,eco_i,SF,18,0,0,0,0,0,0,0,0,1,0.0,0.0,0.0,0.0,1.0,0.0,1.0,1,71,1.0,0.0,1.0,1.0,0.0,0.0,0.0,1,40683.0
0,icmp,ecr_i,SF,1032,0,0,0,0,0,0,0,0,511,0.0,0.0,0.0,0.0,1.0,0.0,0.0,255,112,0.44,0.09,0.44,0.0,0.0,0.0,0.0,1,107428.0
0,tcp,http,REJ,0,0,0,0,0,0,0,0,0,1,0.0,0.0,1.0,1.0,1.0,0.0,0.0,72,195,1.0,0.0,0.01,0.03,0.0,0.0,0.93,0,79512.0
0,tcp,private,S0,0,0,0,0,0,0,0,0,0,254,1.0,1.0,0.0,0.0,0.02,0.07,0.0,255,6,0.02,0.08,0.0,0.0,1.0,1.0,0.0,1,104304.0
0,tcp,http,SF,54540,8314,0,2,1,1,0,0,0,3,0.0,0.0,0.0,0.0,1.0,0.0,0.0,186,186,1.0,0.0,0.01,0.0,0.0,0.0,0.05,1,95268.0
0,tcp,other,REJ,0,0,0,0,0,0,0,0,0,316,0.1,0.0,0.9,1.0,0.0,1.0,0.0,255,1,0.0,1.0,0.0,0.0,0.09,0.0,1.0,1,71743.0
0,udp,domain_u,SF,45,78,0,0,0,0,0,0,0,128,0.0,0.0,0.0,0.0,1.0,0.0,0.02,255,225,0.88,0.01,0.0,0.0,0.0,0.0,0.0,0,56445.0
0,tcp,private,S0,0,0,0,0,0,0,0,0,0,125,1.0,1.0,0.0,0.0,0.02,0.07,0.0,255,4,0.02,0.06,0.0,0.0,1.0,1.0,0.0,1,102294.0
0,tcp,ftp_data,S0,0,0,0,0,0,0,0,0,0,73,1.0,1.0,0.0,0.0,0.25,0.05,0.0,255,49,0.19,0.05,0.0,0.0,1.0,1.0,0.0,1,120475.0
5,udp,private,SF,105,147,0,0,0,0,0,0,0,2,0.0,0.0,0.0,0.0,1.0,0.0,0.0,255,242,0.95,0.01,0.02,0.0,0.0,0.0,0.0,0,28086.0
0,tcp,smtp,SF,1177,329,0,0,1,0,0,0,0,1,0.0,0.0,0.0,0.0,1.0,0.0,0.0,154,191,0.77,0.03,0.01,0.01,0.0,0.0,0.0,0,113300.0
0,tcp,http,SF,339,1471,0,0,1,0,0,0,0,8,0.0,0.0,0.0,0.0,1.0,0.0,0.0,247,255,1.0,0.0,0.0,0.01,0.0,0.0,0.0,0,120459.0
0,tcp,http,SF,219,6721,0,0,1,0,0,0,0,4,0.0,0.0,0.0,0.0,1.0,0.0,0.0,45,255,1.0,0.0,0.02,0.07,0.0,0.0,0.0,0,1323.0
0,udp,domain_u,SF,45,78,0,0,0,0,0,0,0,150,0.0,0.0,0.0,0.0,1.0,0.0,0.02,255,227,0.89,0.01,0.0,0.0,0.0,0.0,0.0,0,98239.0
0,tcp,link,REJ,0,0,0,0,0,0,0,0,0,289,0.0,0.0,1.0,1.0,0.06,0.06,0.0,255,17,0.07,0.07,0.0,0.0,0.0,0.0,1.0,1,83149.0
0,icmp,eco_i,SF,8,0,0,0,0,0,0,0,0,1,0.0,0.0,0.0,0.0,1.0,0.0,1.0,1,53,1.0,0.0,1.0,0.26,0.0,0.0,0.0,1,77780.0
0,tcp,http,SF,215,1415,0,0,1,0,0,0,0,10,0.0,0.0,0.0,0.0,1.0,0.0,0.0,255,255,1.0,0.0,0.0,0.0,0.0,0.0,0.0,0,60858.0
0,tcp,private,S0,0,0,0,0,0,0,0,0,0,212,1.0,1.0,0.0,0.0,0.05,0.07,0.0,255,18,0.07,0.07,0.0,0.0,1.0,1.0,0.0,1,77021.0
0,tcp,smtp,SF,761,330,0,0,1,0,0,0,0,1,0.0,0.0,0.0,0.0,1.0,0.0,0.0,66,120,0.32,0.05,0.02,0.02,0.0,0.0,0.0,0,23310.0
0,tcp,private,REJ,0,0,0,0,0,0,0,0,0,220,0.0,0.0,1.0,1.0,0.05,0.06,0.0,255,10,0.04,0.09,0.0,0.0,0.0,0.0,1.0,1,52282.0
0,tcp,private,REJ,0,0,0,0,0,0,0,0,0,80,0.0,0.0,1.0,1.0,0.09,0.08,0.0,255,21,0.08,0.06,0.0,0.0,0.0,0.0,1.0,1,56825.0
3,tcp,smtp,SF,1362,328,0,0,1,0,0,0,0,1,0.0,0.0,0.0,0.0,1.0,0.0,0.0,132,88,0.67,0.05,0.01,0.0,0.0,0.0,0.0,0,21113.0
0,tcp,private,S0,0,0,0,0,0,0,0,0,0,47,1.0,1.0,0.0,0.0,0.23,0.09,0.0,255,11,0.04,0.06,0.0,0.0,1.0,1.0,0.0,1,56329.0
0,tcp,telnet,S0,0,0,0,0,0,0,0,0,0,34,1.0,1.0,0.0,0.0,0.24,0.12,0.0,255,50,0.2,0.05,0.01,0.0,1.0,1.0,0.0,1,84179.0
0,tcp,finger,S0,0,0,0,0,0,0,0,0,0,40,1.0,1.0,0.0,0.0,0.5,0.05,0.0,82,23,0.24,0.05,0.01,0.09,0.98,0.87,0.0,1,101083.0
0,tcp,private,REJ,0,0,0,0,0,0,0,0,0,217,0.06,0.0,0.88,1.0,0.0,1.0,0.0,255,1,0.0,0.86,0.0,0.0,0.05,0.0,1.0,1,22821.0
0,tcp,private,REJ,0,0,0,0,0,0,0,0,0,509,0.02,0.0,0.98,1.0,0.0,1.0,0.0,255,1,0.0,1.0,0.0,0.0,0.03,0.0,1.0,1,9564.0
0,tcp,http,REJ,0,0,0,0,0,0,0,0,0,1,0.0,0.0,1.0,1.0,1.0,0.0,0.0,7,255,1.0,0.0,0.14,0.09,0.0,0.0,0.61,0,58161.0
0,tcp,other,REJ,0,0,0,0,0,0,0,0,0,511,0.03,0.0,0.97,1.0,0.0,1.0,0.0,255,1,0.0,1.0,0.01,0.0,0.0,0.0,1.0,1,108329.0
0,tcp,private,S0,0,0,0,0,0,0,0,0,0,108,1.0,1.0,0.0,0.0,0.07,0.06,0.0,255,4,0.02,0.07,0.0,0.0,1.0,1.0,0.0,1,84984.0
0,tcp,uucp_path,S0,0,0,0,0,0,0,0,0,0,207,1.0,1.0,0.0,0.0,0.08,0.07,0.0,255,16,0.06,0.08,0.0,0.0,1.0,1.0,0.0,1,72336.0
0,tcp,private,REJ,0,0,0,0,0,0,0,0,0,240,0.0,0.0,1.0,1.0,0.08,0.06,0.0,255,19,0.07,0.06,0.0,0.0,0.0,0.0,1.0,1,19388.0
0,tcp,http,SF,314,828,0,0,1,0,0,0,0,2,0.0,0.0,0.0,0.0,1.0,0.0,0.27,52,249,1.0,0.0,0.02,0.03,0.0,0.01,0.0,0,67333.0
0,icmp,urp_i,SF,135,0,0,0,0,0,0,0,0,7,0.0,0.0,0.0,0.0,0.29,0.29,0.33,255,14,0.05,0.01,0.05,0.0,0.0,0.0,0.0,0,35730.0
0,icmp,ecr_i,SF,520,0,0,0,0,0,0,0,0,484,0.0,0.0,0.0,0.0,1.0,0.0,0.0,87,87,1.0,0.0,1.0,0.0,0.0,0.0,0.0,1,115561.0
0,udp,private,SF,28,0,3,0,0,0,0,0,0,83,0.0,0.0,0.0,0.0,1.0,0.0,0.0,255,83,0.33,0.04,0.33,0.0,0.02,0.0,0.0,1,109985.0
38657,tcp,private,RSTR,1,0,0,0,0,0,0,0,0,2,0.0,0.0,1.0,1.0,1.0,0.0,0.0,255,2,0.01,0.51,1.0,0.0,0.0,0.0,1.0,1,10970.0
0,tcp,smtp,SF,1234,331,0,0,1,0,0,0,0,1,0.0,0.0,0.0,0.0,1.0,0.0,0.0,188,183,0.67,0.07,0.01,0.01,0.01,0.0,0.04,0,91969.0
0,tcp,ftp_data,SF,276,0,0,0,1,0,0,0,0,3,0.0,0.0,0.0,0.0,1.0,0.0,0.0,245,63,0.23,0.02,0.23,0.03,0.0,0.0,0.0,0,40677.0
0,tcp,iso_tsap,S0,0,0,0,0,0,0,0,0,0,218,1.0,1.0,0.0,0.0,0.02,0.06,0.0,255,19,0.07,0.07,0.0,0.0,1.0,1.0,0.0,1,97960.0
9414,udp,other,SF,147,105,0,0,0,0,0,0,0,4,0.0,0.0,0.0,0.0,0.5,0.5,0.0,255,2,0.01,0.83,0.99,0.0,0.0,0.0,0.0,0,64621.0
0,icmp,eco_i,SF,8,0,0,0,0,0,0,0,0,1,0.0,0.0,0.0,0.0,1.0,0.0,1.0,3,75,1.0,0.0,1.0,0.25,0.0,0.0,0.0,1,7302.0
0,tcp,smtp,SF,1262,336,0,0,1,0,0,0,0,1,0.0,0.0,0.0,0.0,1.0,0.0,0.0,33,185,0.97,0.06,0.03,0.02,0.0,0.0,0.0,0,21118.0
0,tcp,http,SF,316,434,0,0,1,0,0,0,0,6,0.0,0.0,0.0,0.0,1.0,0.0,0.38,255,255,1.0,0.0,0.0,0.0,0.0,0.0,0.0,0,62104.0
0,tcp,smtp,SF,2405,290,0,0,1,0,0,0,0,2,0.0,0.0,0.0,0.0,0.5,1.0,1.0,54,179,0.87,0.07,0.02,0.01,0.0,0.0,0.0,0,123933.0
0,tcp,ftp_data,SF,7321,0,0,0,0,0,0,0,0,2,0.0,0.0,0.0,0.0,1.0,0.0,0.0,127,117,0.31,0.04,0.31,0.02,0.0,0.0,0.0,0,47063.0
0,tcp,http,SF,327,1165,0,0,1,0,0,0,0,4,0.0,0.0,0.0,0.0,1.0,0.0,0.0,46,255,1.0,0.0,0.02,0.04,0.0,0.0,0.0,0,122853.0
0,udp,domain_u,SF,44,44,0,0,0,0,0,0,0,50,0.0,0.0,0.0,0.0,1.0,0.0,0.0,255,244,0.96,0.01,0.0,0.0,0.0,0.0,0.0,0,102805.0
0,tcp,http,SF,229,855,0,0,1,0,0,0,0,9,0.0,0.0,0.0,0.0,1.0,0.0,0.0,255,255,1.0,0.0,0.0,0.0,0.0,0.0,0.0,0,91993.0
0,tcp,other,REJ,0,0,0,0,0,0,0,0,0,498,0.08,0.0,0.89,1.0,0.0,0.95,0.0,255,1,0.0,0.91,0.0,0.0,0.08,0.0,1.0,1,87027.0
0,udp,domain_u,SF,45,45,0,0,0,0,0,0,0,80,0.0,0.0,0.0,0.0,0.99,0.03,0.01,255,249,0.98,0.01,0.0,0.0,0.0,0.0,0.0,0,1050.0
0,icmp,eco_i,SF,18,0,0,0,0,0,0,0,0,1,0.0,0.0,0.0,0.0,1.0,0.0,1.0,1,254,1.0,0.0,1.0,1.0,0.0,0.0,0.0,1,54601.0
0,tcp,http,S0,0,0,0,0,0,0,0,0,0,52,1.0,1.0,0.0,0.0,0.33,0.06,0.0,255,64,0.25,0.02,0.0,0.0,1.0,1.0,0.0,1,97683.0
0,icmp,eco_i,SF,18,0,0,0,0,0,0,0,0,1,0.0,0.0,0.0,0.0,1.0,0.0,0.0,1,177,1.0,0.0,1.0,1.0,0.0,0.0,0.0,1,41631.0
0,udp,domain_u,SF,43,43,0,0,0,0,0,0,0,155,0.0,0.0,0.0,0.0,0.99,0.01,0.0,255,254,1.0,0.01,0.01,0.0,0.0,0.0,0.0,0,10283.0
0,tcp,http,SF,340,2118,0,0,1,0,0,0,0,7,0.0,0.0,0.0,0.0,1.0,0.0,0.0,40,255,1.0,0.0,0.03,0.03,0.0,0.0,0.0,0,110469.0
56,tcp,telnet,SF,708,1905934,0,0,1,0,0,0,0,1,0.0,0.0,0.0,0.0,1.0,0.0,0.0,167,34,0.2,0.43,0.01,0.0,0.1,0.5,0.03,0,104664.0
0,tcp,imap4,S0,0,0,0,0,0,0,0,0,0,270,1.0,1.0,0.0,0.0,0.05,0.06,0.0,255,15,0.06,0.06,0.0,0.0,1.0,1.0,0.0,1,45026.0
0,tcp,http,SF,339,1444,0,0,1,0,0,0,0,13,0.0,0.0,0.0,0.0,1.0,0.0,0.0,213,255,1.0,0.0,0.0,0.01,0.0,0.0,0.0,0,9586.0
0,tcp,private,REJ,0,0,0,0,0,0,0,0,0,1,0.0,0.0,1.0,1.0,1.0,0.0,0.0,10,2,0.1,1.0,0.1,1.0,0.0,0.0,1.0,1,24830.0
0,tcp,nnsp,S0,0,0,0,0,0,0,0,0,0,106,1.0,1.0,0.0,0.0,0.12,0.06,0.0,255,19,0.07,0.05,0.0,0.0,1.0,1.0,0.0,1,47527.0
0,udp,private,SF,1,0,0,0,0,0,0,0,0,54,0.0,0.0,0.0,0.0,0.04,0.13,0.0,255,2,0.01,0.02,0.04,0.0,0.0,0.0,0.0,1,104479.0
2923,udp,other,SF,147,105,0,0,0,0,0,0,0,4,0.0,0.0,0.0,0.0,0.5,0.5,0.0,255,2,0.01,0.72,0.97,0.0,0.0,0.0,0.0,0,44147.0
0,tcp,http,SF,491,9127,0,0,1,0,0,0,0,17,0.0,0.0,0.0,0.0,1.0,0.0,0.0,255,255,1.0,0.0,0.0,0.0,0.0,0.0,0.0,0,99242.0
0,tcp,smtp,SF,650,329,0,0,1,0,0,0,0,1,0.0,0.0,0.0,0.0,1.0,0.0,1.0,179,167,0.79,0.03,0.01,0.01,0.01,0.01,0.0,0,51935.0
0,tcp,http,SF,246,2229,0,0,1,0,0,0,0,2,0.0,0.0,0.0,0.0,1.0,0.0,0.0,74,255,1.0,0.0,0.03,0.04,0.01,0.01,0.0,0,80319.0
0,tcp,http,SF,317,789,0,0,1,0,0,0,0,1,0.0,0.0,0.0,0.0,1.0,0.0,0.0,1,255,1.0,0.0,1.0,0.04,0.0,0.0,0.0,0,1462.0
0,tcp,http,SF,337,636,0,0,1,0,0,0,0,4,0.0,0.0,0.0,0.0,1.0,0.0,0.0,117,255,1.0,0.0,0.01,0.02,0.0,0.0,0.0,0,80638.0
0,tcp,ldap,REJ,0,0,0,0,0,0,0,0,0,111,0.0,0.0,1.0,1.0,0.03,0.08,0.0,235,3,0.01,0.07,0.0,0.0,0.0,0.0,1.0,1,25121.0
0,tcp,private,REJ,0,0,0,0,0,0,0,0,0,110,0.0,0.0,1.0,1.0,0.03,0.08,0.0,135,3,0.02,0.08,0.01,0.0,0.0,0.0,1.0,1,109307.0
0,icmp,ecr_i,SF,1032,0,0,0,0,0,0,0,0,511,0.0,0.0,0.0,0.0,1.0,0.0,0.0,255,29,0.11,0.24,0.11,0.0,0.0,0.0,0.0,1,67062.0
0,tcp,klogin,S0,0,0,0,0,0,0,0,0,0,111,1.0,1.0,0.0,0.0,0.13,0.07,0.0,255,3,0.01,0.08,0.0,0.0,1.0,1.0,0.0,1,27597.0
0,tcp,http,SF,300,321,0,0,1,0,0,0,0,8,0.0,0.0,0.0,0.0,1.0,0.0,0.16,255,255,1.0,0.0,0.0,0.0,0.0,0.0,0.0,0,103287.0
0,tcp,http,SF,303,4998,0,0,1,0,0,0,0,1,0.0,0.0,0.0,0.0,1.0,0.0,0.0,4,255,1.0,0.0,0.25,0.03,0.0,0.0,0.0,0,45870.0
0,tcp,http,SF,329,261,0,0,1,0,0,0,0,19,0.0,0.0,0.0,0.0,1.0,0.0,0.1,255,255,1.0,0.0,0.0,0.0,0.0,0.0,0.0,0,73710.0
0,tcp,ftp,S0,0,0,0,0,0,0,0,0,0,277,1.0,1.0,0.0,0.0,0.03,0.06,0.0,255,9,0.04,0.07,0.0,0.0,1.0,1.0,0.0,1,37018.0
0,tcp,http,SF,229,2507,0,0,1,0,0,0,0,5,0.0,0.0,0.0,0.0,1.0,0.0,0.0,255,243,0.95,0.01,0.0,0.0,0.0,0.0,0.0,0,84165.0
0,tcp,discard,RSTO,0,0,0,0,0,0,0,0,0,125,0.0,0.0,1.0,1.0,0.08,0.06,0.0,255,10,0.04,0.07,0.0,0.0,0.0,0.0,1.0,1,58249.0
0,tcp,daytime,S0,0,0,0,0,0,0,0,0,0,248,1.0,1.0,0.0,0.0,0.02,0.06,0.0,255,16,0.06,0.06,0.0,0.0,1.0,1.0,0.0,1,53764.0
0,tcp,http,SF,283,482,0,0,1,0,0,0,0,1,0.0,0.0,0.0,0.0,1.0,0.0,0.0,195,255,1.0,0.0,0.01,0.01,0.0,0.0,0.0,0,115298.0
0,tcp,http,S0,0,0,0,0,0,0,0,0,0,69,1.0,1.0,0.0,0.0,0.25,0.06,0.0,255,57,0.22,0.02,0.02,0.0,1.0,1.0,0.0,1,14485.0
20,udp,domain_u,SF,111,44,0,0,0,0,0,0,0,1,0.0,0.0,0.0,0.0,1.0,0.0,0.0,255,237,0.93,0.01,0.21,0.0,0.0,0.0,0.0,0,22789.0
0,tcp,private,RSTR,0,0,0,0,0,0,0,0,0,1,0.0,0.0,1.0,1.0,1.0,0.0,0.0,255,1,0.0,0.48,0.47,0.0,0.0,0.0,1.0,1,18778.0
28,tcp,ftp,SF,663,2077,0,14,1,0,0,0,0,1,0.0,0.0,0.0,0.0,1.0,0.0,1.0,90,1,0.01,0.03,0.01,0.0,0.0,0.0,0.0,0,90797.0
0,tcp,domain,S0,0,0,0,0,0,0,0,0,0,244,1.0,1.0,0.0,0.0,0.06,0.07,0.0,255,15,0.06,0.07,0.0,0.0,1.0,1.0,0.0,1,37712.0
0,tcp,http,SF,200,458,0,0,1,0,0,0,0,4,0.0,0.0,0.0,0.0,1.0,0.0,0.5,255,255,1.0,0.0,0.0,0.0,0.0,0.0,0.0,0,80391.0
0,udp,domain_u,SF,46,129,0,0,0,0,0,0,0,119,0.0,0.0,0.0,0.0,1.0,0.0,0.01,255,255,1.0,0.0,0.0,0.0,0.0,0.0,0.0,0,39460.0
0,tcp,ftp_data,SF,2056,0,0,0,1,0,0,0,0,1,0.0,0.0,0.0,0.0,1.0,0.0,0.0,74,31,0.09,0.07,0.09,0.06,0.0,0.0,0.0,0,81136.0
0,tcp,http,SF,258,521,0,0,1,0,0,0,0,3,0.0,0.0,0.0,0.0,1.0,0.0,0.0,3,255,1.0,0.0,0.33,0.05,0.0,0.0,0.0,0,97004.0
0,udp,domain_u,SF,45,45,0,0,0,0,0,0,0,140,0.0,0.0,0.0,0.0,1.0,0.0,0.01,255,255,1.0,0.0,0.01,0.0,0.0,0.0,0.0,0,81523.0
0,udp,domain_u,SF,45,133,0,0,0,0,0,0,0,66,0.0,0.0,0.0,0.0,1.0,0.0,0.01,255,254,1.0,0.01,0.0,0.0,0.0,0.0,0.0,0,55918.0
0,tcp,http,S0,0,0,0,0,0,0,0,0,0,16,1.0,1.0,0.0,0.0,0.25,0.25,0.0,255,49,0.19,0.05,0.02,0.0,1.0,1.0,0.0,1,101396.0
0,tcp,http,SF,205,247,0,0,1,0,0,0,0,1,0.0,0.0,0.0,0.0,1.0,0.0,0.5,158,255,1.0,0.0,0.01,0.02,0.0,0.0,0.0,0,26180.0
0,tcp,http,SF,236,12852,0,0,1,0,0,0,0,1,0.0,0.0,0.0,0.0,1.0,0.0,0.0,56,255,1.0,0.0,0.02,0.04,0.0,0.0,0.0,0,89879.0
1,tcp,smtp,SF,863,366,0,0,1,0,0,0,0,1,0.0,0.0,0.0,0.0,1.0,0.0,1.0,16,225,0.94,0.12,0.06,0.01,0.0,0.0,0.0,0,90585.0
0,tcp,http,SF,219,11487,0,0,1,0,0,0,0,15,0.0,0.0,0.0,0.0,1.0,0.0,0.17,15,255,1.0,0.0,0.07,0.08,0.0,0.0,0.0,0,94305.0
85,tcp,telnet,SF,142,21454,0,0,1,0,0,0,0,1,0.0,0.0,0.0,0.0,1.0,0.0,0.0,77,3,0.03,0.09,0.01,0.67,0.01,0.0,0.0,0,62179.0
0,tcp,domain,SF,48,474,0,0,1,0,0,0,0,180,0.0,0.0,0.0,0.0,0.01,0.01,0.0,241,2,0.01,0.01,0.0,0.0,0.0,0.0,0.0,0,63088.0
0,tcp,http,SF,198,29308,0,0,1,0,0,0,0,1,0.0,0.0,0.0,0.0,1.0,0.0,0.0,7,255,1.0,0.0,0.14,0.05,0.0,0.01,0.0,0,38145.0
0,tcp,supdup,S0,0,0,0,0,0,0,0,0,0,236,1.0,1.0,0.0,0.0,0.08,0.05,0.0,255,19,0.07,0.05,0.0,0.0,1.0,1.0,0.0,1,94801.0
0,tcp,http,SF,234,4178,0,0,1,0,0,0,0,9,0.0,0.0,0.0,0.0,1.0,0.0,0.0,81,255,1.0,0.0,0.01,0.04,0.0,0.0,0.0,0,28070.0
0,tcp,private,S0,0,0,0,0,0,0,0,0,0,103,0.99,1.0,0.0,0.0,0.04,0.07,0.0,255,5,0.02,0.06,0.0,0.0,1.0,1.0,0.0,1,123367.0
0,tcp,http,SF,224,313,0,0,1,0,0,0,0,23,0.0,0.0,0.0,0.0,1.0,0.0,0.0,255,255,1.0,0.0,0.0,0.0,0.0,0.0,0.0,0,121342.0
0,tcp,http,SF,253,674,0,0,1,0,0,0,0,13,0.0,0.0,0.0,0.0,1.0,0.0,0.0,86,255,1.0,0.0,0.01,0.02,0.0,0.0,0.0,0,108846.0
0,tcp,private,REJ,0,0,0,0,0,0,0,0,0,285,0.0,0.0,1.0,1.0,0.05,0.06,0.0,255,15,0.06,0.08,0.0,0.0,0.0,0.0,1.0,1,23200.0
0,tcp,auth,S0,0,0,0,0,0,0,0,0,0,237,1.0,1.0,0.0,0.0,0.04,0.06,0.0,255,10,0.04,0.07,0.0,0.0,1.0,1.0,0.0,1,120105.0
0,tcp,http,SF,336,1454,0,0,1,0,0,0,0,8,0.0,0.0,0.0,0.0,1.0,0.0,0.07,18,255,1.0,0.0,0.06,0.07,0.0,0.01,0.0,0,23721.0
0,tcp,http,SF,235,1157,0,0,1,0,0,0,0,20,0.0,0.0,0.0,0.0,1.0,0.0,0.11,27,255,1.0,0.0,0.04,0.04,0.0,0.0,0.0,0,33641.0
0,tcp,private,RSTR,0,0,0,0,0,0,0,0,0,1,0.0,0.0,1.0,1.0,1.0,0.0,0.0,66,1,0.02,0.32,0.27,0.0,0.09,0.0,1.0,1,756.0
0,udp,private,SF,28,0,3,0,0,0,0,0,0,145,0.69,0.0,0.0,0.0,0.31,0.05,0.0,255,45,0.18,0.83,0.18,0.0,0.09,0.0,0.0,1,59973.0
0,tcp,discard,RSTO,0,0,0,0,0,0,0,0,0,275,0.0,0.0,1.0,1.0,0.07,0.06,0.0,255,19,0.07,0.07,0.0,0.0,0.0,0.0,1.0,1,43417.0
0,tcp,klogin,REJ,0,0,0,0,0,0,0,0,0,145,0.0,0.0,1.0,1.0,0.05,0.06,0.0,255,7,0.03,0.06,0.0,0.0,0.0,0.0,1.0,1,114164.0
0,tcp,http,SF,301,3792,0,0,1,0,0,0,0,6,0.0,0.0,0.0,0.0,1.0,0.0,0.0,38,255,1.0,0.0,0.03,0.03,0.0,0.0,0.0,0,73471.0
0,tcp,smtp,SF,813,327,0,0,1,0,0,0,0,2,0.0,0.0,0.0,0.0,0.5,1.0,0.0,126,92,0.73,0.03,0.01,0.0,0.0,0.0,0.0,0,7923.0
0,tcp,http,S0,0,0,0,0,0,0,0,0,0,65,1.0,1.0,0.0,0.0,0.29,0.06,0.0,255,61,0.24,0.02,0.01,0.0,1.0,1.0,0.0,1,83776.0
0,tcp,private,S0,0,0,0,0,0,0,0,0,0,244,1.0,1.0,0.0,0.0,0.07,0.06,0.0,255,19,0.07,0.07,0.0,0.0,1.0,1.0,0.0,1,23486.0
0,tcp,http,SF,54540,8314,0,2,1,1,0,0,0,4,0.0,0.0,0.0,0.0,1.0,0.0,0.0,131,131,1.0,0.0,0.01,0.0,0.0,0.0,0.05,1,67710.0
0,tcp,nntp,S0,0,0,0,0,0,0,0,0,0,194,1.0,1.0,0.0,0.0,0.01,0.06,0.0,255,1,0.0,0.06,0.0,0.0,1.0,1.0,0.0,1,86345.0
0,tcp,private,S0,0,0,0,0,0,0,0,0,0,132,1.0,1.0,0.0,0.0,0.11,0.06,0.0,41,6,0.15,0.17,0.02,0.0,1.0,1.0,0.0,1,50195.0
0,tcp,http,SF,186,841,0,0,1,0,0,0,0,1,0.0,0.0,0.0,0.0,1.0,0.0,0.12,1,255,1.0,0.0,1.0,0.02,0.0,0.0,0.0,0,95658.0
0,tcp,link,S0,0,0,0,0,0,0,0,0,0,300,1.0,1.0,0.0,0.0,0.03,0.06,0.0,255,4,0.02,0.08,0.0,0.0,1.0,1.0,0.0,1,2441.0
0,tcp,systat,S0,0,0,0,0,0,0,0,0,0,221,1.0,1.0,0.0,0.0,0.09,0.06,0.0,255,19,0.07,0.06,0.0,0.0,1.0,1.0,0.0,1,33092.0
0,tcp,ftp_data,SF,748,0,0,0,1,0,0,9,0,1,0.0,0.0,0.0,0.0,1.0,0.0,0.0,178,48,0.27,0.02,0.27,0.0,0.0,0.0,0.0,0,33923.0
0,tcp,private,S0,0,0,0,0,0,0,0,0,0,131,1.0,1.0,0.0,0.0,0.11,0.06,0.0,255,17,0.07,0.08,0.0,0.0,1.0,1.0,0.0,1,125864.0
0,tcp,smtp,SF,672,331,0,0,1,0,0,0,0,1,0.0,0.0,0.0,0.0,1.0,0.0,1.0,1,1,1.0,0.0,1.0,0.0,0.0,0.0,0.0,0,120008.0
0,tcp,private,S0,0,0,0,0,0,0,0,0,0,292,1.0,1.0,0.0,0.0,0.05,0.06,0.0,255,3,0.01,0.09,0.0,0.0,1.0,1.0,0.0,1,61519.0
2,tcp,smtp,SF,1168,333,0,0,1,0,0,0,0,1,0.0,0.0,0.0,0.0,1.0,0.0,0.0,5,184,0.8,0.4,0.2,0.01,0.0,0.0,0.0,0,47019.0
0,tcp,http,SF,233,4323,0,0,1,0,0,0,0,13,0.0,0.0,0.0,0.0,1.0,0.0,0.05,198,255,1.0,0.0,0.01,0.03,0.0,0.0,0.0,0,108616.0
0,tcp,http,SF,229,1046,0,0,1,0,0,0,0,8,0.0,0.0,0.0,0.0,1.0,0.0,0.0,88,255,1.0,0.0,0.01,0.02,0.0,0.0,0.0,0,13878.0
0,tcp,http,S0,0,0,0,0,0,0,0,0,0,22,1.0,1.0,0.0,0.0,0.45,0.14,0.0,255,66,0.26,0.02,0.01,0.0,1.0,1.0,0.0,1,52741.0
0,tcp,http,SF,244,1382,0,0,1,0,0,0,0,5,0.0,0.0,0.0,0.0,1.0,0.0,0.0,255,255,1.0,0.0,0.0,0.0,0.0,0.0,0.0,0,95275.0
0,tcp,telnet,S0,0,0,0,0,0,0,0,0,0,63,1.0,1.0,0.0,0.0,0.19,0.06,0.0,255,64,0.25,0.02,0.02,0.0,1.0,1.0,0.0,1,92659.0
0,icmp,ecr_i,SF,1032,0,0,0,0,0,0,0,0,511,0.0,0.0,0.0,0.0,1.0,0.0,0.0,255,155,0.61,0.17,0.61,0.0,0.0,0.0,0.0,1,53857.0
0,tcp,uucp,S0,0,0,0,0,0,0,0,0,0,124,1.0,1.0,0.0,0.0,0.03,0.06,0.0,255,4,0.02,0.05,0.0,0.0,1.0,1.0,0.0,1,79681.0
0,tcp,http_443,REJ,0,0,0,0,0,0,0,0,0,122,0.0,0.0,1.0,1.0,0.13,0.07,0.0,255,16,0.06,0.07,0.0,0.0,0.0,0.0,1.0,1,52573.0
0,tcp,http,SF,207,2592,0,0,1,0,0,0,0,35,0.0,0.0,0.0,0.0,1.0,0.0,0.08,255,255,1.0,0.0,0.0,0.0,0.0,0.0,0.0,0,47083.0
0,udp,domain_u,SF,46,481,0,0,0,0,0,0,0,293,0.0,0.0,0.0,0.0,1.0,0.0,0.0,255,249,0.98,0.01,0.0,0.0,0.0,0.0,0.0,0,116524.0
0,tcp,http,SF,340,310,0,0,1,0,0,0,0,5,0.0,0.0,0.0,0.0,1.0,0.0,0.0,174,255,1.0,0.0,0.01,0.01,0.0,0.0,0.0,0,37244.0
0,tcp,private,S0,0,0,0,0,0,0,0,0,0,119,1.0,1.0,0.0,0.0,0.1,0.06,0.0,255,12,0.05,0.05,0.0,0.0,1.0,1.0,0.0,1,81272.0
0,tcp,ldap,S0,0,0,0,0,0,0,0,0,0,147,1.0,1.0,0.0,0.0,0.13,0.05,0.0,255,19,0.07,0.06,0.0,0.0,1.0,1.0,0.0,1,21107.0
0,tcp,smtp,SF,1284,322,0,0,1,0,0,0,0,1,0.0,0.0,0.0,0.0,1.0,0.0,0.0,255,153,0.6,0.02,0.0,0.0,0.0,0.0,0.0,0,54748.0
0,icmp,ecr_i,SF,1032,0,0,0,0,0,0,0,0,409,0.0,0.0,0.0,0.0,1.0,0.0,0.0,255,255,1.0,0.0,1.0,0.0,0.0,0.0,0.0,1,91673.0
27,tcp,ftp,SF,1070,3081,0,22,1,0,0,0,0,1,0.0,0.0,0.0,0.0,1.0,0.0,0.0,255,43,0.17,0.02,0.0,0.0,0.0,0.0,0.0,0,80578.0
0,tcp,iso_tsap,S0,0,0,0,0,0,0,0,0,0,226,1.0,1.0,0.0,0.0,0.02,0.07,0.0,255,5,0.02,0.08,0.0,0.0,1.0,1.0,0.0,1,38250.0
0,tcp,auth,S0,0,0,0,0,0,0,0,0,0,283,1.0,1.0,0.0,0.0,0.05,0.06,0.0,255,13,0.05,0.08,0.0,0.0,1.0,1.0,0.0,1,125889.0
605,tcp,telnet,SF,440,13135,0,0,1,3,0,0,0,1,0.0,0.0,0.0,0.0,1.0,0.0,0.0,255,53,0.21,0.02,0.0,0.0,0.53,0.66,0.0,0,63723.0
0,icmp,ecr_i,SF,1032,0,0,0,0,0,0,0,0,511,0.0,0.0,0.0,0.0,1.0,0.0,0.0,255,141,0.55,0.01,0.55,0.0,0.0,0.0,0.0,1,64717.0
0,udp,other,SF,516,4,0,0,0,0,0,0,0,326,0.0,0.0,0.0,0.0,1.0,0.0,0.0,255,255,1.0,0.0,1.0,0.0,0.0,0.0,0.0,0,81440.0
0,icmp,eco_i,SF,8,0,0,0,0,0,0,0,0,1,0.0,0.0,0.0,0.0,1.0,0.0,1.0,1,101,1.0,0.0,1.0,0.5,0.0,0.0,0.0,1,4884.0
0,tcp,http,SF,214,875,0,0,1,0,0,0,0,75,0.0,0.0,0.0,0.0,1.0,0.0,0.0,92,255,1.0,0.0,0.01,0.03,0.0,0.0,0.0,0,51917.0
0,tcp,bgp,S0,0,0,0,0,0,0,0,0,0,289,1.0,1.0,0.0,0.0,0.06,0.06,0.0,255,18,0.07,0.06,0.0,0.0,1.0,1.0,0.0,1,4125.0
0,tcp,ldap,REJ,0,0,0,0,0,0,0,0,0,281,0.0,0.0,1.0,1.0,0.04,0.06,0.0,255,12,0.05,0.07,0.0,0.0,0.0,0.0,1.0,1,79377.0
0,udp,private,SF,1,0,0,0,0,0,0,0,0,112,0.0,0.0,0.0,0.0,0.91,0.02,0.0,255,180,0.71,0.04,1.0,0.0,0.0,0.0,0.0,1,95779.0
0,udp,domain_u,SF,46,71,0,0,0,0,0,0,0,152,0.0,0.0,0.0,0.0,0.99,0.01,0.0,255,254,1.0,0.01,0.01,0.0,0.0,0.0,0.0,0,85020.0
0,tcp,http,SF,308,1027,0,0,1,0,0,0,0,6,0.0,0.0,0.0,0.0,1.0,0.0,0.29,28,255,1.0,0.0,0.04,0.03,0.0,0.0,0.0,0,50912.0
0,tcp,http,SF,198,663,0,0,1,0,0,0,0,17,0.0,0.0,0.0,0.0,1.0,0.0,0.0,255,255,1.0,0.0,0.0,0.0,0.0,0.0,0.0,0,64352.0
0,udp,domain_u,SF,44,135,0,0,0,0,0,0,0,99,0.0,0.0,0.0,0.0,1.0,0.0,0.01,255,254,1.0,0.01,0.0,0.0,0.0,0.0,0.0,0,39235.0
0,tcp,private,S0,0,0,0,0,0,0,0,0,0,191,1.0,1.0,0.0,0.0,0.02,0.06,0.0,255,13,0.05,0.07,0.0,0.0,1.0,1.0,0.0,1,96967.0
0,tcp,private,S0,0,0,0,0,0,0,0,0,0,161,1.0,1.0,0.0,0.0,0.04,0.06,0.0,255,7,0.03,0.06,0.0,0.0,1.0,1.0,0.0,1,78316.0
0,tcp,private,S0,0,0,0,0,0,0,0,0,0,105,1.0,1.0,0.0,0.0,0.04,0.07,0.0,255,11,0.04,0.07,0.0,0.0,1.0,1.0,0.0,1,13735.0
0,tcp,http,SF,54540,8314,0,2,1,1,0,0,0,3,0.0,0.0,0.0,0.0,1.0,0.0,0.0,128,128,1.0,0.0,0.01,0.0,0.0,0.0,0.02,1,69472.0
0,udp,other,SF,1,0,0,0,0,0,0,0,0,159,0.0,0.0,0.0,0.0,0.06,0.04,0.0,255,9,0.04,0.05,1.0,0.0,0.0,0.0,0.0,1,14188.0
0,udp,private,SF,1,0,0,0,0,0,0,0,0,12,0.0,0.0,0.0,0.0,0.08,0.17,0.0,255,46,0.18,0.39,0.65,0.0,0.16,0.0,0.0,1,3898.0
0,tcp,ftp_data,SF,37,0,0,0,1,0,0,0,0,2,0.5,0.5,0.0,0.0,1.0,0.0,0.0,25,78,0.32,0.08,0.32,0.04,0.04,0.01,0.0,0,58832.0
0,tcp,kshell,REJ,0,0,0,0,0,0,0,0,0,123,0.0,0.0,1.0,1.0,0.02,0.07,0.0,255,2,0.01,0.07,0.0,0.0,0.0,0.0,1.0,1,54275.0
0,tcp,courier,S0,0,0,0,0,0,0,0,0,0,149,1.0,1.0,0.0,0.0,0.13,0.06,0.0,255,19,0.07,0.07,0.0,0.0,1.0,1.0,0.0,1,56591.0
0,tcp,private,S0,0,0,0,0,0,0,0,0,0,146,1.0,1.0,0.0,0.0,0.12,0.05,0.0,255,13,0.05,0.08,0.0,0.0,1.0,1.0,0.0,1,96260.0
0,tcp,private,S0,0,0,0,0,0,0,0,0,0,210,1.0,1.0,0.0,0.0,0.02,0.06,0.0,255,4,0.02,0.07,0.0,0.0,1.0,1.0,0.0,1,25445.0
15,tcp,smtp,SF,1695,337,0,0,1,0,0,0,0,1,0.0,0.0,0.0,0.0,1.0,0.0,0.0,135,129,0.53,0.04,0.01,0.02,0.0,0.0,0.0,0,82165.0
1,tcp,smtp,SF,1185,324,0,0,1,0,0,0,0,1,0.0,0.0,0.0,0.0,1.0,0.0,0.0,91,181,0.8,0.04,0.01,0.01,0.0,0.0,0.05,0,61950.0
0,tcp,http,RSTO,0,0,0,0,1,0,0,0,0,8,0.0,0.0,0.12,0.12,1.0,0.0,0.0,116,255,1.0,0.0,0.02,0.05,0.0,0.0,0.0,0,16164.0
0,tcp,time,SF,0,4,0,0,0,0,0,0,0,1,0.0,0.0,0.0,0.0,1.0,0.0,0.0,22,22,1.0,0.0,0.05,0.0,0.09,0.09,0.0,0,48438.0
29,udp,domain_u,SF,46,46,0,0,0,0,0,0,0,2,0.0,0.0,0.0,0.0,0.5,1.0,0.4,125,120,0.96,0.02,0.01,0.0,0.0,0.0,0.0,0,2610.0
0,tcp,link,REJ,0,0,0,0,0,0,0,0,0,243,0.0,0.0,1.0,1.0,0.03,0.07,0.0,255,8,0.03,0.07,0.0,0.0,0.0,0.0,1.0,1,97706.0
0,tcp,private,S0,0,0,0,0,0,0,0,0,0,104,1.0,1.0,0.0,0.0,0.04,0.06,0.0,255,19,0.07,0.06,0.0,0.0,1.0,1.0,0.0,1,52156.0
0,tcp,http,SF,239,2125,0,0,1,0,0,0,0,14,0.0,0.0,0.0,0.0,1.0,0.0,0.13,77,255,1.0,0.0,0.01,0.02,0.0,0.0,0.0,0,19912.0
0,icmp,eco_i,SF,8,0,0,0,0,0,0,0,0,1,0.0,0.0,0.0,0.0,1.0,0.0,1.0,2,162,1.0,0.0,1.0,0.5,0.0,0.0,0.0,1,27243.0
0,tcp,http,S0,0,0,0,0,0,0,0,0,0,64,1.0,1.0,0.0,0.0,0.31,0.06,0.0,255,62,0.24,0.02,0.0,0.0,1.0,1.0,0.0,1,105185.0
0,tcp,private,REJ,0,0,0,0,0,0,0,0,0,10,0.0,0.0,1.0,1.0,0.1,0.2,0.0,255,13,0.05,0.06,0.0,0.0,0.0,0.0,1.0,1,30218.0
0,icmp,eco_i,SF,8,0,0,0,0,0,0,0,0,1,0.0,0.0,0.0,0.0,1.0,0.0,1.0,2,140,1.0,0.0,1.0,0.5,0.0,0.0,0.0,1,97419.0
4,tcp,smtp,SF,1849,329,0,0,1,0,0,0,0,1,0.0,0.0,0.0,0.0,1.0,0.0,1.0,24,24,1.0,0.0,0.04,0.0,0.0,0.0,0.0,0,85102.0
0,tcp,Z39_50,S0,0,0,0,0,0,0,0,0,0,126,1.0,1.0,0.0,0.0,0.12,0.06,0.0,255,15,0.06,0.05,0.0,0.0,1.0,1.0,0.0,1,71941.0
0,tcp,http,SF,149,3177,0,0,1,0,0,0,0,2,0.0,0.0,0.0,0.0,1.0,0.0,0.0,121,255,1.0,0.0,0.01,0.01,0.0,0.0,0.0,0,6550.0
0,tcp,http,S0,0,0,0,0,0,0,0,0,0,7,1.0,1.0,0.0,0.0,1.0,0.0,0.0,255,7,0.03,0.07,0.0,0.0,1.0,1.0,0.0,1,3643.0
0,tcp,private,SH,0,0,0,0,0,0,0,0,0,1,1.0,1.0,0.0,0.0,1.0,0.0,0.0,139,1,0.01,0.93,0.94,0.0,0.94,1.0,0.0,1,3013.0
0,tcp,private,RSTR,0,0,0,0,0,0,0,0,0,1,0.0,0.0,1.0,1.0,1.0,0.0,0.0,205,1,0.0,0.52,0.52,0.0,0.0,0.0,1.0,1,116364.0
0,tcp,nnsp,S0,0,0,0,0,0,0,0,0,0,248,1.0,1.0,0.0,0.0,0.08,0.05,0.0,255,21,0.08,0.05,0.0,0.0,1.0,1.0,0.0,1,117542.0
0,tcp,http,SF,217,492,0,0,1,0,0,0,0,27,0.0,0.0,0.0,0.0,1.0,0.0,0.12,255,255,1.0,0.0,0.0,0.0,0.0,0.0,0.0,0,82806.0
0,tcp,http,SF,210,1124,0,0,1,0,0,0,0,4,0.0,0.0,0.0,0.0,1.0,0.0,0.0,36,255,1.0,0.0,0.03,0.05,0.0,0.0,0.0,0,33539.0
0,udp,private,SF,1,0,0,0,0,0,0,0,0,32,0.0,0.0,0.0,0.0,0.62,0.09,0.0,255,20,0.08,0.18,1.0,0.0,0.0,0.0,0.0,1,79796.0
0,tcp,ftp,SF,1268,2453,0,28,1,0,0,0,0,1,0.0,0.0,0.0,0.0,1.0,0.0,0.0,255,51,0.2,0.02,0.0,0.0,0.02,0.0,0.0,1,68455.0
0,tcp,http,REJ,0,0,0,0,0,0,0,0,0,1,0.0,0.0,1.0,1.0,1.0,0.0,1.0,3,254,1.0,0.0,0.33,0.2,0.0,0.01,0.91,0,46390.0
0,tcp,http,SF,306,2239,0,0,1,0,0,0,0,6,0.0,0.0,0.0,0.0,1.0,0.0,0.0,255,240,0.94,0.02,0.0,0.0,0.0,0.0,0.03,0,80892.0
0,tcp,http,SF,275,1204,0,0,1,0,0,0,0,22,0.0,0.0,0.0,0.0,1.0,0.0,0.0,145,255,1.0,0.0,0.01,0.02,0.0,0.0,0.0,0,39796.0
0,icmp,ecr_i,SF,1032,0,0,0,0,0,0,0,0,262,0.0,0.0,0.0,0.0,1.0,0.0,0.0,104,10,0.1,0.07,0.1,0.0,0.02,0.0,0.0,1,119443.0
0,tcp,http,REJ,0,0,0,0,0,0,0,0,0,1,0.0,0.0,1.0,1.0,1.0,0.0,0.0,6,255,1.0,0.0,0.17,0.04,0.0,0.0,0.02,0,100995.0
0,tcp,kshell,S0,0,0,0,0,0,0,0,0,0,120,1.0,1.0,0.0,0.0,0.14,0.06,0.0,255,7,0.03,0.06,0.0,0.0,1.0,1.0,0.0,1,120975.0
0,tcp,imap4,S0,0,0,0,0,0,0,0,0,0,218,1.0,1.0,0.0,0.0,0.07,0.06,0.0,255,14,0.05,0.06,0.0,0.0,1.0,1.0,0.0,1,121217.0
0,tcp,http,SF,246,9002,0,0,1,0,0,0,0,2,0.0,0.0,0.0,0.0,1.0,0.0,0.0,146,255,1.0,0.0,0.01,0.02,0.0,0.0,0.0,0,8868.0
0,udp,domain_u,SF,43,129,0,0,0,0,0,0,0,147,0.0,0.0,0.0,0.0,1.0,0.0,0.01,255,255,1.0,0.0,0.0,0.0,0.0,0.0,0.0,0,73214.0
0,tcp,private,REJ,0,0,0,0,0,0,0,0,0,242,0.0,0.0,1.0,1.0,0.0,0.07,0.0,255,1,0.0,0.08,0.0,0.0,0.0,0.0,1.0,1,94018.0
0,icmp,ecr_i,SF,1032,0,0,0,0,0,0,0,0,308,0.0,0.0,0.0,0.0,1.0,0.0,0.0,255,255,1.0,0.0,1.0,0.0,0.0,0.0,0.0,1,78287.0
0,tcp,private,S0,0,0,0,0,0,0,0,0,0,199,1.0,1.0,0.0,0.0,0.09,0.06,0.0,255,2,0.01,0.08,0.0,0.0,1.0,1.0,0.0,1,10792.0
1,tcp,smtp,SF,838,337,0,0,1,0,0,0,0,1,0.0,0.0,0.0,0.0,1.0,0.0,1.0,121,200,0.68,0.02,0.01,0.01,0.0,0.0,0.0,0,37603.0
0,tcp,http,SF,286,34169,0,0,1,0,0,0,0,1,0.0,0.0,0.0,0.0,1.0,0.0,0.0,33,255,1.0,0.0,0.03,0.01,0.0,0.0,0.0,0,74837.0
0,tcp,http,SF,215,29228,0,0,1,0,0,0,0,3,0.0,0.0,0.0,0.0,1.0,0.0,0.0,255,255,1.0,0.0,0.0,0.0,0.0,0.0,0.0,0,75052.0
0,tcp,http,SF,325,2006,0,0,1,0,0,0,0,10,0.0,0.0,0.0,0.0,1.0,0.0,0.17,10,255,1.0,0.0,0.1,0.07,0.0,0.01,0.01,0,2954.0
0,tcp,supdup,S0,0,0,0,0,0,0,0,0,0,269,1.0,1.0,0.0,0.0,0.06,0.06,0.0,255,5,0.02,0.08,0.0,0.0,1.0,1.0,0.0,1,8044.0
0,tcp,http,SF,213,1400,0,0,1,0,0,0,0,22,0.0,0.0,0.0,0.0,1.0,0.0,0.0,255,255,1.0,0.0,0.0,0.0,0.0,0.0,0.0,0,6502.0
0,tcp,http,SF,217,1472,0,0,1,0,0,0,0,4,0.0,0.0,0.0,0.0,1.0,0.0,0.0,31,154,1.0,0.0,0.03,0.03,0.0,0.0,0.0,0,121488.0
0,tcp,http,SF,289,10658,0,0,1,0,0,0,0,6,0.0,0.0,0.0,0.0,1.0,0.0,0.0,6,255,1.0,0.0,0.17,0.02,0.0,0.0,0.0,0,103893.0
0,tcp,hostnames,S0,0,0,0,0,0,0,0,0,0,23,1.0,1.0,0.0,0.0,0.3,0.22,0.0,255,8,0.03,0.08,0.0,0.0,1.0,1.0,0.0,1,122088.0
0,tcp,private,S0,0,0,0,0,0,0,0,0,0,122,1.0,1.0,0.0,0.0,0.1,0.07,0.0,255,18,0.07,0.06,0.0,0.0,1.0,1.0,0.0,1,42759.0
5,tcp,finger,SF,8,139,0,0,0,0,0,0,0,1,0.0,0.0,0.0,0.0,1.0,0.0,0.0,45,13,0.04,0.13,0.02,0.15,0.0,0.0,0.0,0,110529.0
0,icmp,eco_i,SF,18,0,0,0,0,0,0,0,0,1,0.0,0.0,0.0,0.0,1.0,0.0,0.0,3,107,1.0,0.0,1.0,0.25,0.0,0.0,0.0,1,22349.0
12913,tcp,other,RSTR,1,0,0,0,0,0,0,0,0,2,0.0,0.0,1.0,1.0,1.0,0.0,0.0,255,2,0.01,0.67,1.0,0.0,0.0,0.0,1.0,1,27130.0
0,tcp,http,SF,208,3285,0,0,1,0,0,0,0,20,0.0,0.0,0.0,0.0,1.0,0.0,0.1,20,255,1.0,0.0,0.05,0.07,0.0,0.0,0.0,0,120037.0
0,tcp,http,SF,255,6824,0,0,1,0,0,0,0,1,0.0,0.0,0.0,0.0,1.0,0.0,0.0,8,255,1.0,0.0,0.12,0.03,0.0,0.0,0.0,0,96966.0
0,tcp,http,REJ,0,0,0,0,0,0,0,0,0,1,0.0,0.0,1.0,1.0,1.0,0.0,0.0,1,71,1.0,0.0,1.0,0.24,0.0,0.0,1.0,0,107230.0
0,tcp,http,REJ,0,0,0,0,0,0,0,0,0,1,0.0,0.0,1.0,1.0,1.0,0.0,0.0,11,227,1.0,0.0,0.09,0.12,0.0,0.0,0.72,0,47396.0
0,tcp,other,REJ,0,0,0,0,0,0,0,0,0,511,0.19,0.0,0.81,1.0,0.0,1.0,0.0,255,1,0.0,1.0,0.0,0.0,0.26,0.0,1.0,1,107822.0
0,tcp,ftp_data,S0,0,0,0,0,0,0,0,0,0,5,1.0,1.0,0.0,0.0,0.4,0.6,0.0,255,43,0.17,0.05,0.01,0.0,1.0,1.0,0.0,1,31544.0
0,tcp,courier,S0,0,0,0,0,0,0,0,0,0,6,1.0,1.0,0.0,0.0,0.17,0.33,0.0,255,1,0.0,0.07,0.0,0.0,1.0,1.0,0.0,1,61001.0
0,tcp,daytime,REJ,0,0,0,0,0,0,0,0,0,511,0.07,0.0,0.92,1.0,0.0,1.0,0.0,255,1,0.0,1.0,0.0,0.0,0.13,0.0,1.0,1,114663.0
0,tcp,smtp,SF,832,332,0,0,1,0,0,0,0,1,0.0,0.0,0.0,0.0,1.0,0.0,0.0,45,166,0.27,0.07,0.02,0.02,0.0,0.0,0.0,0,63477.0
0,tcp,time,S0,0,0,0,0,0,0,0,0,0,149,1.0,1.0,0.0,0.0,0.17,0.05,0.0,255,1,0.0,0.06,0.0,0.0,1.0,1.0,0.0,1,40118.0
0,tcp,http,SF,347,483,0,0,1,0,0,0,0,27,0.0,0.0,0.0,0.0,1.0,0.0,0.0,147,255,1.0,0.0,0.01,0.02,0.0,0.0,0.0,0,18246.0
0,tcp,echo,S0,0,0,0,0,0,0,0,0,0,199,1.0,1.0,0.0,0.0,0.01,0.06,0.0,255,3,0.01,0.07,0.0,0.0,1.0,1.0,0.0,1,30609.0
0,tcp,http,SF,218,342,0,0,1,0,0,0,0,3,0.0,0.0,0.0,0.0,1.0,0.0,0.0,255,255,1.0,0.0,0.0,0.0,0.0,0.0,0.0,0,120519.0
0,tcp,domain,S0,0,0,0,0,0,0,0,0,0,148,1.0,1.0,0.0,0.0,0.13,0.06,0.0,255,3,0.01,0.08,0.0,0.0,1.0,1.0,0.0,1,108438.0
30,tcp,ftp,SF,935,2720,0,19,1,0,0,0,0,1,0.0,0.0,0.0,0.0,1.0,0.0,0.0,255,50,0.2,0.02,0.0,0.0,0.0,0.0,0.0,0,107578.0
0,tcp,whois,S0,0,0,0,0,0,0,0,0,0,300,1.0,1.0,0.0,0.0,0.07,0.05,0.0,255,20,0.08,0.07,0.0,0.0,1.0,1.0,0.0,1,125686.0
0,udp,domain_u,SF,42,42,0,0,0,0,0,0,0,126,0.0,0.0,0.0,0.0,0.99,0.02,0.0,255,254,1.0,0.01,0.0,0.0,0.0,0.0,0.0,0,78735.0
0,tcp,ssh,REJ,0,0,0,0,0,0,0,0,0,234,0.0,0.0,1.0,1.0,0.03,0.06,0.0,255,8,0.03,0.07,0.0,0.0,0.0,0.0,1.0,1,123720.0
0,tcp,smtp,SF,783,333,0,0,1,0,0,0,0,1,0.0,0.0,0.0,0.0,1.0,0.0,0.0,109,179,0.69,0.04,0.01,0.01,0.0,0.0,0.0,0,104299.0
0,tcp,netbios_dgm,S0,0,0,0,0,0,0,0,0,0,252,1.0,1.0,0.0,0.0,0.1,0.05,0.0,255,24,0.09,0.05,0.0,0.0,1.0,1.0,0.0,1,4097.0
0,tcp,private,S0,0,0,0,0,0,0,0,0,0,215,1.0,1.0,0.0,0.0,0.08,0.07,0.0,255,17,0.07,0.08,0.0,0.0,1.0,1.0,0.0,1,25470.0
0,tcp,private,S0,0,0,0,0,0,0,0,0,0,226,1.0,1.0,0.0,0.0,0.04,0.06,0.0,255,9,0.04,0.07,0.0,0.0,1.0,1.0,0.0,1,118483.0
0,tcp,private,REJ,0,0,0,0,0,0,0,0,0,23,0.0,0.0,1.0,1.0,0.74,0.13,0.0,255,17,0.07,0.07,0.0,0.0,0.0,0.0,1.0,1,98489.0
0,tcp,ftp_data,SF,334,0,0,0,1,0,0,0,0,1,0.0,0.0,0.0,0.0,1.0,0.0,0.0,5,47,1.0,0.0,1.0,0.13,0.0,0.0,0.0,1,54326.0
1,tcp,smtp,SF,647,331,0,0,1,0,0,0,0,1,0.0,0.0,0.0,0.0,1.0,0.0,1.0,13,11,0.85,0.15,0.08,0.0,0.0,0.0,0.0,0,6115.0
0,tcp,smtp,SF,867,330,0,0,1,0,0,0,0,1,0.0,0.0,0.0,0.0,1.0,0.0,1.0,151,183,0.7,0.03,0.01,0.01,0.01,0.01,0.0,0,38587.0
0,tcp,http,SF,338,8354,0,0,1,0,0,0,0,6,0.0,0.0,0.0,0.0,1.0,0.0,0.06,255,255,1.0,0.0,0.0,0.0,0.0,0.0,0.0,0,105274.0
0,tcp,ftp_data,S0,0,0,0,0,0,0,0,0,0,50,1.0,1.0,0.0,0.0,0.22,0.08,0.0,255,63,0.25,0.02,0.01,0.0,1.0,1.0,0.0,1,40.0
0,udp,domain_u,SF,44,115,0,0,0,0,0,0,0,1,0.0,0.0,0.0,0.0,1.0,0.0,0.75,255,236,0.93,0.01,0.0,0.0,0.0,0.0,0.0,0,92778.0
0,tcp,private,S0,0,0,0,0,0,0,0,0,0,92,1.0,1.0,0.0,0.0,0.13,0.05,0.0,255,20,0.08,0.07,0.0,0.0,1.0,1.0,0.0,1,122244.0
0,tcp,http,SF,213,259,0,0,1,0,0,0,0,21,0.0,0.0,0.0,0.0,1.0,0.0,0.0,255,255,1.0,0.0,0.0,0.0,0.0,0.0,0.0,0,19387.0
0,udp,domain_u,SF,45,70,0,0,0,0,0,0,0,117,0.0,0.0,0.0,0.0,1.0,0.0,0.02,255,254,1.0,0.01,0.0,0.0,0.0,0.0,0.0,0,76459.0
0,tcp,http,SF,215,12138,0,0,1,0,0,0,0,1,0.0,0.0,0.0,0.0,1.0,0.0,0.0,25,255,1.0,0.0,0.04,0.01,0.0,0.0,0.0,0,52140.0
0,tcp,private,S0,0,0,0,0,0,0,0,0,0,43,1.0,1.0,0.0,0.0,0.19,0.14,0.0,255,8,0.03,0.07,0.0,0.0,1.0,1.0,0.0,1,10025.0
0,tcp,http,SF,254,1974,0,0,1,0,0,0,0,1,0.0,0.0,0.0,0.0,1.0,0.0,0.15,74,255,1.0,0.0,0.01,0.05,0.0,0.0,0.01,0,78844.0
0,udp,private,SF,28,0,3,0,0,0,0,0,0,64,0.02,0.0,0.0,0.0,0.98,0.03,0.0,255,63,0.25,0.01,0.25,0.0,0.0,0.0,0.0,1,65262.0
0,tcp,private,S0,0,0,0,0,0,0,0,0,0,19,1.0,1.0,0.0,0.0,0.32,0.26,0.0,255,6,0.02,0.08,0.0,0.0,1.0,1.0,0.0,1,124238.0
0,tcp,uucp_path,RSTR,0,0,0,0,0,0,0,0,0,1,0.0,0.0,1.0,1.0,1.0,0.0,0.0,215,1,0.0,0.54,0.54,0.0,0.0,0.0,1.0,1,23581.0
0,tcp,http,SF,232,885,0,0,1,0,0,0,0,22,0.0,0.0,0.0,0.0,1.0,0.0,0.0,117,255,1.0,0.0,0.01,0.05,0.0,0.0,0.0,0,37103.0
0,udp,domain_u,SF,45,72,0,0,0,0,0,0,0,115,0.0,0.0,0.0,0.0,0.99,0.02,0.02,255,253,0.99,0.01,0.0,0.0,0.0,0.0,0.0,0,46967.0
0,tcp,private,S0,0,0,0,0,0,0,0,0,0,38,1.0,1.0,0.0,0.0,0.37,0.08,0.0,255,12,0.05,0.06,0.0,0.0,1.0,1.0,0.0,1,32330.0
0,udp,other,SF,147,0,0,0,0,0,0,0,0,5,0.0,0.0,0.0,0.0,0.2,0.6,0.0,255,1,0.0,0.35,0.75,0.0,0.0,0.0,0.0,0,92775.0
0,tcp,http,SF,287,2536,0,0,1,0,0,0,0,21,0.0,0.0,0.0,0.0,1.0,0.0,0.05,255,255,1.0,0.0,0.0,0.0,0.0,0.0,0.0,0,80495.0
0,tcp,private,S0,0,0,0,0,0,0,0,0,0,266,1.0,1.0,0.0,0.0,0.05,0.06,0.0,255,5,0.02,0.09,0.0,0.0,1.0,1.0,0.0,1,125101.0
0,tcp,http,SF,233,396,0,0,1,0,0,0,0,17,0.0,0.0,0.0,0.0,1.0,0.0,0.0,255,255,1.0,0.0,0.0,0.0,0.0,0.0,0.0,0,28250.0
0,tcp,ftp_data,SF,740,0,0,0,1,0,0,9,0,2,0.0,0.0,0.0,0.0,1.0,0.0,0.0,117,26,0.22,0.03,0.22,0.0,0.0,0.0,0.0,0,45041.0
0,tcp,http,SF,293,1680,0,0,1,0,0,0,0,3,0.0,0.0,0.0,0.0,1.0,0.0,0.0,255,255,1.0,0.0,0.01,0.0,0.0,0.0,0.0,0,95154.0
0,tcp,login,S0,0,0,0,0,0,0,0,0,0,142,1.0,1.0,0.0,0.0,0.17,0.05,0.0,255,24,0.09,0.05,0.0,0.0,1.0,1.0,0.0,1,91075.0
0,icmp,ecr_i,SF,1032,0,0,0,0,0,0,0,0,511,0.0,0.0,0.0,0.0,1.0,0.0,0.0,255,58,0.23,0.2,0.23,0.0,0.0,0.0,0.0,1,108875.0
0,tcp,ftp_data,SF,1030,0,0,0,0,0,0,0,0,11,0.0,0.0,0.0,0.0,1.0,0.0,0.0,255,109,0.43,0.03,0.43,0.0,0.0,0.0,0.0,0,117348.0
0,tcp,http,SF,199,2107,0,0,1,0,0,0,0,3,0.0,0.0,0.0,0.0,1.0,0.0,0.0,64,255,1.0,0.0,0.02,0.05,0.0,0.01,0.0,0,26416.0
0,tcp,uucp,S0,0,0,0,0,0,0,0,0,0,132,1.0,1.0,0.0,0.0,0.17,0.05,0.0,255,23,0.09,0.05,0.0,0.0,1.0,1.0,0.0,1,95712.0
0,tcp,http,REJ,0,0,0,0,0,0,0,0,0,270,0.0,0.0,1.0,1.0,0.07,0.06,0.0,255,19,0.07,0.09,0.0,0.0,0.0,0.0,1.0,1,108268.0
0,tcp,http,SF,358,362,0,0,1,0,0,0,0,7,0.0,0.0,0.0,0.0,1.0,0.0,0.0,255,255,1.0,0.0,0.0,0.0,0.0,0.0,0.0,0,62302.0
0,tcp,http,SF,282,1342,0,0,1,0,0,0,0,34,0.0,0.0,0.0,0.0,1.0,0.0,0.08,179,237,1.0,0.0,0.01,0.04,0.01,0.0,0.0,0,34180.0
0,tcp,http,SF,205,1408,0,0,1,0,0,0,0,9,0.0,0.0,0.0,0.0,1.0,0.0,0.0,69,255,1.0,0.0,0.01,0.01,0.0,0.0,0.0,0,102850.0
0,udp,domain_u,SF,33,88,0,0,0,0,0,0,0,1,0.0,0.0,0.0,0.0,1.0,0.0,0.6,255,223,0.87,0.01,0.0,0.0,0.0,0.0,0.0,0,70720.0
0,udp,domain_u,SF,43,71,0,0,0,0,0,0,0,220,0.0,0.0,0.0,0.0,1.0,0.0,0.0,255,255,1.0,0.0,0.01,0.0,0.0,0.0,0.0,0,63295.0
0,tcp,whois,S0,0,0,0,0,0,0,0,0,0,214,1.0,1.0,0.0,0.0,0.06,0.07,0.0,255,13,0.05,0.07,0.0,0.0,1.0,1.0,0.0,1,87125.0
0,tcp,vmnet,S0,0,0,0,0,0,0,0,0,0,240,1.0,1.0,0.0,0.0,0.03,0.07,0.0,255,15,0.06,0.09,0.0,0.0,1.0,1.0,0.0,1,95359.0
0,tcp,echo,S0,0,0,0,0,0,0,0,0,0,270,1.0,1.0,0.0,0.0,0.07,0.06,0.0,255,20,0.08,0.06,0.0,0.0,1.0,1.0,0.0,1,109488.0
0,tcp,ftp_data,SF,740,0,0,0,1,0,0,9,0,2,0.0,0.0,0.0,0.0,1.0,0.0,0.0,20,75,0.4,0.1,0.4,0.03,0.0,0.0,0.0,0,27786.0
0,tcp,http,SF,312,25608,0,0,1,0,0,0,0,2,0.0,0.0,0.0,0.0,1.0,0.0,0.67,9,255,1.0,0.0,0.11,0.05,0.0,0.0,0.0,0,26139.0
0,tcp,netbios_ns,REJ,0,0,0,0,0,0,0,0,0,230,0.0,0.0,1.0,1.0,0.03,0.07,0.0,255,7,0.03,0.07,0.0,0.0,0.0,0.0,1.0,1,105569.0
0,tcp,http,SF,322,2025,0,0,1,0,0,0,0,1,0.0,0.0,0.0,0.0,1.0,0.0,0.0,1,238,1.0,0.0,1.0,0.04,0.0,0.0,0.0,0,67785.0
0,tcp,private,S0,0,0,0,0,0,0,0,0,0,269,1.0,1.0,0.0,0.0,0.05,0.06,0.0,255,11,0.04,0.07,0.0,0.0,1.0,1.0,0.0,1,4738.0
583,udp,other,SF,147,105,0,0,0,0,0,0,0,1,0.0,0.0,0.0,0.0,1.0,0.0,0.0,176,1,0.01,0.57,0.88,0.0,0.0,0.0,0.0,0,87612.0
0,tcp,private,S0,0,0,0,0,0,0,0,0,0,289,1.0,1.0,0.0,0.0,0.01,0.06,0.0,255,5,0.02,0.07,0.0,0.0,1.0,1.0,0.0,1,105795.0
0,tcp,private,S0,0,0,0,0,0,0,0,0,0,134,1.0,1.0,0.0,0.0,0.05,0.06,0.0,255,17,0.07,0.08,0.0,0.0,1.0,1.0,0.0,1,9304.0
0,tcp,http,SF,339,2037,0,0,1,0,0,0,0,3,0.0,0.0,0.0,0.0,1.0,0.0,0.0,56,255,1.0,0.0,0.02,0.04,0.0,0.0,0.0,0,103542.0
0,tcp,finger,S0,0,0,0,0,0,0,0,0,0,43,1.0,1.0,0.0,0.0,0.23,0.09,0.0,255,62,0.24,0.02,0.0,0.0,1.0,1.0,0.0,1,121678.0
0,udp,domain_u,SF,45,81,0,0,0,0,0,0,0,182,0.0,0.0,0.0,0.0,0.99,0.01,0.0,255,254,1.0,0.01,0.01,0.0,0.0,0.0,0.0,0,37580.0
0,tcp,smtp,SF,1030,375,0,0,1,0,0,0,0,1,0.0,0.0,0.0,0.0,1.0,0.0,0.0,85,201,0.81,0.05,0.01,0.01,0.0,0.0,0.0,0,100832.0
0,tcp,http,SF,211,5901,0,0,1,0,0,0,0,9,0.0,0.0,0.0,0.0,1.0,0.0,0.0,45,255,1.0,0.0,0.02,0.04,0.0,0.0,0.0,0,89605.0
0,udp,domain_u,SF,43,72,0,0,0,0,0,0,0,114,0.0,0.0,0.0,0.0,1.0,0.0,0.0,255,175,0.69,0.01,0.0,0.0,0.0,0.0,0.0,0,36262.0
4296,udp,other,SF,147,105,0,0,0,0,0,0,0,1,0.0,0.0,0.0,0.0,1.0,0.0,0.0,255,1,0.0,0.6,0.86,0.0,0.0,0.0,0.0,0,99519.0
0,tcp,private,REJ,0,0,0,0,0,0,0,0,0,113,0.0,0.0,1.0,1.0,0.03,0.07,0.0,255,23,0.09,0.07,0.0,0.0,0.0,0.0,1.0,1,67551.0
0,tcp,http,SF,202,9432,0,0,1,0,0,0,0,21,0.0,0.0,0.0,0.0,1.0,0.0,0.1,21,255,1.0,0.0,0.05,0.05,0.0,0.01,0.0,0,33020.0
0,tcp,http,SF,206,1462,0,0,1,0,0,0,0,6,0.0,0.0,0.0,0.0,1.0,0.0,0.0,255,255,1.0,0.0,0.0,0.0,0.0,0.0,0.0,0,123859.0
0,tcp,http,SF,284,4205,0,0,1,0,0,0,0,9,0.0,0.0,0.0,0.0,1.0,0.0,0.18,13,255,1.0,0.0,0.08,0.02,0.0,0.0,0.0,0,19321.0
0,udp,domain_u,SF,43,43,0,0,0,0,0,0,0,100,0.0,0.0,0.0,0.0,1.0,0.0,0.01,255,255,1.0,0.0,0.01,0.0,0.0,0.0,0.0,0,26005.0
0,udp,domain_u,SF,31,91,0,0,0,0,0,0,0,3,0.0,0.0,0.0,0.0,1.0,0.0,0.0,8,20,1.0,0.0,1.0,0.1,0.0,0.0,0.0,0,1098.0
0,tcp,http,SF,327,4482,0,0,1,0,0,0,0,4,0.0,0.0,0.0,0.0,1.0,0.0,0.25,58,255,1.0,0.0,0.02,0.02,0.0,0.0,0.0,0,357.0
0,tcp,private,REJ,0,0,0,0,0,0,0,0,0,2,0.0,0.0,1.0,1.0,0.5,1.0,0.0,232,1,0.0,0.05,0.02,0.0,0.0,0.0,1.0,1,82897.0
0,udp,other,SF,147,0,0,0,0,0,0,0,0,3,0.0,0.0,0.0,0.0,0.33,0.67,0.0,255,1,0.0,0.61,0.91,0.0,0.0,0.0,0.0,0,11339.0
0,tcp,http,REJ,0,0,0,0,0,0,0,0,0,1,0.0,0.0,1.0,1.0,1.0,0.0,0.0,3,14,1.0,0.0,0.33,0.14,0.0,0.0,1.0,0,34836.0
0,tcp,http,SF,193,2141,0,0,1,0,0,0,0,4,0.0,0.0,0.0,0.0,1.0,0.0,0.4,50,255,1.0,0.0,0.02,0.04,0.0,0.0,0.0,0,68985.0
0,udp,domain_u,SF,46,46,0,0,0,0,0,0,0,19,0.0,0.0,0.0,0.0,1.0,0.0,0.1,255,254,1.0,0.01,0.0,0.0,0.0,0.0,0.0,0,98876.0
0,tcp,private,S0,0,0,0,0,0,0,0,0,0,109,1.0,1.0,0.0,0.0,0.07,0.06,0.0,255,8,0.03,0.06,0.0,0.0,1.0,1.0,0.0,1,78153.0
0,tcp,http,SF,297,324,0,0,1,0,0,0,0,10,0.0,0.0,0.0,0.0,1.0,0.0,0.09,49,255,1.0,0.0,0.02,0.02,0.0,0.0,0.0,0,21063.0
0,udp,domain_u,SF,44,78,0,0,0,0,0,0,0,290,0.0,0.0,0.0,0.0,1.0,0.0,0.0,255,254,1.0,0.01,0.0,0.0,0.0,0.0,0.0,0,84248.0
0,tcp,http,SF,155,389,0,0,1,0,0,0,0,4,0.0,0.0,0.0,0.0,1.0,0.0,0.0,132,255,1.0,0.0,0.01,0.02,0.01,0.0,0.0,0,125710.0
0,tcp,time,S0,0,0,0,0,0,0,0,0,0,294,1.0,1.0,0.0,0.0,0.04,0.05,0.0,255,5,0.02,0.09,0.0,0.0,1.0,1.0,0.0,1,27452.0
0,tcp,http,SF,307,5280,0,0,1,0,0,0,0,7,0.0,0.0,0.0,0.0,1.0,0.0,0.21,255,255,1.0,0.0,0.0,0.0,0.0,0.0,0.0,0,44664.0
0,tcp,http,SF,346,1978,0,0,1,0,0,0,0,8,0.0,0.0,0.0,0.0,1.0,0.0,0.18,8,255,1.0,0.0,0.12,0.04,0.0,0.0,0.0,0,51713.0
0,udp,private,SF,215,0,0,0,0,0,0,0,0,1,0.0,0.0,0.0,0.0,1.0,0.0,0.0,241,201,0.83,0.01,0.83,0.0,0.0,0.0,0.0,1,91370.0
0,tcp,csnet_ns,S0,0,0,0,0,0,0,0,0,0,146,0.99,1.0,0.0,0.0,0.12,0.08,0.0,255,18,0.07,0.07,0.0,0.0,1.0,1.0,0.0,1,118744.0
0,icmp,eco_i,SF,8,0,0,0,0,0,0,0,0,1,0.0,0.0,0.0,0.0,1.0,0.0,1.0,2,122,1.0,0.0,1.0,0.5,0.0,0.0,0.0,1,41305.0
0,tcp,http,SF,296,2564,0,0,1,0,0,0,0,10,0.0,0.0,0.0,0.0,1.0,0.0,0.18,10,255,1.0,0.0,0.1,0.03,0.0,0.0,0.0,0,124244.0
30,tcp,ftp,SF,1036,3081,0,22,1,0,0,0,0,1,0.0,0.0,0.0,0.0,1.0,0.0,0.0,126,29,0.23,0.05,0.01,0.0,0.0,0.0,0.0,0,49851.0
0,tcp,private,S0,0,0,0,0,0,0,0,0,0,238,1.0,1.0,0.0,0.0,0.0,0.06,0.0,255,2,0.01,0.07,0.0,0.0,1.0,1.0,0.0,1,9005.0
0,tcp,http,SF,235,1380,0,0,1,0,0,0,0,6,0.0,0.0,0.0,0.0,1.0,0.0,0.0,233,219,0.94,0.02,0.0,0.0,0.0,0.0,0.0,0,31995.0
0,tcp,http,SF,306,308,0,0,1,0,0,0,0,8,0.0,0.0,0.0,0.0,1.0,0.0,0.22,228,255,1.0,0.0,0.0,0.02,0.0,0.0,0.0,0,64794.0
0,tcp,http,SF,305,3222,0,0,1,0,0,0,0,6,0.0,0.0,0.0,0.0,1.0,0.0,0.0,255,251,0.98,0.01,0.0,0.0,0.0,0.0,0.0,0,84130.0
0,tcp,http,SF,304,1463,0,0,1,0,0,0,0,14,0.0,0.0,0.0,0.0,1.0,0.0,0.0,75,255,1.0,0.0,0.01,0.01,0.0,0.0,0.0,0,54548.0
0,udp,domain_u,SF,45,45,0,0,0,0,0,0,0,153,0.0,0.0,0.0,0.0,1.0,0.0,0.0,255,203,0.8,0.01,0.0,0.0,0.0,0.0,0.0,0,25812.0
0,tcp,echo,S0,0,0,0,0,0,0,0,0,0,195,1.0,1.0,0.0,0.0,0.03,0.07,0.0,255,7,0.03,0.08,0.0,0.0,1.0,1.0,0.0,1,106053.0
0,tcp,IRC,S1,37257,39982,0,0,1,0,0,0,0,1,1.0,1.0,0.0,0.0,1.0,0.0,0.0,87,15,0.17,0.02,0.01,0.0,0.15,0.87,0.0,0,39967.0
0,tcp,http,SF,356,289,0,0,1,0,0,0,0,17,0.06,0.02,0.0,0.0,1.0,0.0,0.08,17,255,1.0,0.0,0.06,0.04,0.06,0.0,0.0,0,88730.0
0,tcp,http,SF,222,12656,0,0,1,0,0,0,0,3,0.0,0.0,0.0,0.0,1.0,0.0,0.21,43,255,1.0,0.0,0.02,0.03,0.0,0.01,0.0,0,32704.0
0,tcp,private,S0,0,0,0,0,0,0,0,0,0,117,1.0,1.0,0.0,0.0,0.13,0.07,0.0,255,7,0.03,0.07,0.0,0.0,1.0,1.0,0.0,1,75631.0
0,tcp,auth,REJ,0,0,0,0,0,0,0,0,0,223,0.0,0.0,1.0,1.0,0.05,0.07,0.0,255,12,0.05,0.08,0.0,0.0,0.0,0.0,1.0,1,69390.0
510,udp,other,SF,145,105,0,0,0,0,0,0,0,1,0.0,0.0,0.0,0.0,1.0,0.0,0.0,255,1,0.0,0.54,0.91,0.0,0.0,0.0,0.0,0,42119.0
0,udp,private,SF,105,146,0,0,0,0,0,0,0,1,0.0,0.0,0.0,0.0,1.0,0.0,0.0,168,144,0.86,0.01,0.01,0.0,0.0,0.0,0.0,0,105631.0
0,tcp,ftp_data,SF,491,0,0,0,1,0,0,5,0,1,0.0,0.0,0.0,0.0,1.0,0.0,0.0,255,76,0.3,0.02,0.3,0.0,0.0,0.0,0.0,0,119859.0
0,tcp,nntp,S0,0,0,0,0,0,0,0,0,0,242,1.0,1.0,0.0,0.0,0.02,0.07,0.0,255,5,0.02,0.08,0.0,0.0,1.0,1.0,0.0,1,75233.0
0,tcp,private,REJ,0,0,0,0,0,0,0,0,0,297,0.07,0.0,0.89,1.0,0.0,1.0,0.0,255,1,0.0,1.0,0.0,0.0,0.08,0.0,1.0,1,44364.0
0,tcp,auth,S0,0,0,0,0,0,0,0,0,0,191,1.0,1.0,0.0,0.0,0.02,0.07,0.0,255,4,0.02,0.07,0.0,0.0,1.0,1.0,0.0,1,94033.0
14420,tcp,other,RSTR,1,0,0,0,0,0,0,0,0,2,0.0,0.0,1.0,1.0,1.0,0.0,0.0,255,2,0.01,0.68,1.0,0.0,0.0,0.0,1.0,1,102491.0
0,tcp,private,S0,0,0,0,0,0,0,0,0,0,240,1.0,1.0,0.0,0.0,0.02,0.06,0.0,255,9,0.04,0.09,0.0,0.0,1.0,1.0,0.0,1,76801.0
0,tcp,smtp,S1,25,115,0,0,1,0,0,0,0,1,1.0,1.0,0.0,0.0,1.0,0.0,0.0,85,167,0.47,0.04,0.01,0.02,0.01,0.02,0.01,0,93490.0
0,tcp,efs,S0,0,0,0,0,0,0,0,0,0,144,1.0,1.0,0.0,0.0,0.17,0.04,0.0,255,24,0.09,0.05,0.0,0.0,1.0,1.0,0.0,1,18385.0
0,tcp,imap4,REJ,0,0,0,0,0,0,0,0,0,285,0.0,0.0,1.0,1.0,0.07,0.06,0.0,255,19,0.07,0.07,0.0,0.0,0.0,0.0,1.0,1,41909.0
0,icmp,eco_i,SF,8,0,0,0,0,0,0,0,0,1,0.0,0.0,0.0,0.0,1.0,0.0,1.0,1,125,1.0,0.0,1.0,0.26,0.0,0.0,0.0,1,49069.0
232,tcp,http,SF,326,188,0,0,1,0,0,0,0,1,0.0,0.0,0.0,0.0,1.0,0.0,0.18,22,255,1.0,0.0,0.05,0.04,0.05,0.01,0.01,0,96784.0
0,tcp,hostnames,S0,0,0,0,0,0,0,0,0,0,293,1.0,1.0,0.0,0.0,0.06,0.06,0.0,255,7,0.03,0.08,0.0,0.0,1.0,1.0,0.0,1,13784.0
1,tcp,smtp,SF,922,333,0,0,1,0,0,0,0,1,0.0,0.0,0.0,0.0,1.0,0.0,1.0,162,155,0.73,0.03,0.01,0.01,0.0,0.0,0.0,0,13923.0
0,udp,domain_u,SF,46,145,0,0,0,0,0,0,0,72,0.0,0.0,0.0,0.0,1.0,0.0,0.01,255,254,1.0,0.01,0.0,0.0,0.0,0.0,0.0,0,124925.0
0,tcp,http,S0,0,0,0,0,0,0,0,0,0,14,0.93,0.86,0.07,0.14,0.43,0.36,0.29,255,26,0.1,0.06,0.02,0.0,1.0,1.0,0.0,1,119664.0
0,tcp,http,SF,200,755,0,0,1,0,0,0,0,1,0.0,0.0,0.0,0.0,1.0,0.0,0.75,91,255,1.0,0.0,0.01,0.02,0.0,0.0,0.0,0,3621.0
0,tcp,private,S0,0,0,0,0,0,0,0,0,0,106,1.0,1.0,0.0,0.0,0.16,0.06,0.0,255,39,0.15,0.07,0.0,0.0,1.0,1.0,0.0,1,64300.0
0,tcp,http,REJ,0,0,0,0,0,0,0,0,0,1,0.0,0.0,1.0,1.0,1.0,0.0,1.0,1,231,1.0,0.0,1.0,0.15,0.0,0.0,0.98,0,45046.0
0,tcp,http,SF,309,9991,0,0,1,0,0,0,0,6,0.0,0.0,0.0,0.0,1.0,0.0,0.29,6,255,1.0,0.0,0.17,0.05,0.0,0.0,0.0,0,34506.0
0,udp,private,SF,28,0,1,0,0,0,0,0,0,1,0.0,0.0,0.0,0.0,1.0,0.0,0.0,255,68,0.27,0.01,0.27,0.0,0.0,0.0,0.0,1,51650.0
0,tcp,ftp_data,SF,884,0,0,0,1,0,0,0,0,1,0.0,0.0,0.0,0.0,1.0,0.0,0.0,189,106,0.34,0.05,0.37,0.02,0.01,0.01,0.0,0,104151.0
0,tcp,smtp,SF,642,327,0,0,1,0,0,0,0,1,0.0,0.0,0.0,0.0,1.0,0.0,0.0,30,185,0.8,0.1,0.03,0.03,0.0,0.0,0.0,0,17506.0
0,tcp,private,S0,0,0,0,0,0,0,0,0,0,199,1.0,1.0,0.0,0.0,0.06,0.06,0.0,60,9,0.15,0.15,0.02,0.0,0.77,1.0,0.0,1,64390.0
0,udp,domain_u,SF,45,75,0,0,0,0,0,0,0,65,0.0,0.0,0.0,0.0,1.0,0.0,0.01,255,254,1.0,0.01,0.0,0.0,0.0,0.0,0.0,0,84561.0
0,tcp,ftp_data,SF,245,0,0,0,1,0,0,1,0,2,0.0,0.0,0.0,0.0,1.0,0.0,0.0,255,2,0.01,0.84,0.01,0.0,0.0,0.0,0.0,0,68024.0
0,tcp,private,S0,0,0,0,0,0,0,0,0,0,293,1.0,1.0,0.0,0.0,0.02,0.06,0.0,255,8,0.03,0.09,0.0,0.0,1.0,1.0,0.0,1,87860.0
0,tcp,http,SF,376,453,0,0,1,0,0,0,0,13,0.0,0.0,0.0,0.0,1.0,0.0,0.0,255,255,1.0,0.0,0.0,0.0,0.0,0.0,0.0,0,119646.0
0,tcp,private,S0,0,0,0,0,0,0,0,0,0,90,1.0,1.0,0.0,0.0,0.09,0.07,0.0,255,20,0.08,0.06,0.0,0.0,1.0,1.0,0.0,1,47856.0
0,tcp,uucp,S0,0,0,0,0,0,0,0,0,0,139,1.0,1.0,0.0,0.0,0.13,0.06,0.0,255,18,0.07,0.06,0.0,0.0,1.0,1.0,0.0,1,66624.0
0,tcp,http,SF,246,2370,0,0,1,0,0,0,0,4,0.0,0.0,0.0,0.0,1.0,0.0,0.4,5,255,1.0,0.0,0.2,0.03,0.0,0.0,0.0,0,96587.0
0,udp,private,SF,28,0,3,0,0,0,0,0,0,13,0.0,0.0,0.0,0.0,1.0,0.0,0.0,255,13,0.05,0.02,0.05,0.0,0.0,0.0,0.0,1,56957.0
0,udp,private,SF,105,0,0,0,0,0,0,0,0,2,0.0,0.0,0.0,0.0,1.0,0.0,0.0,61,51,0.84,0.03,0.03,0.0,0.0,0.0,0.0,0,48769.0
0,tcp,http,SF,290,4782,0,0,1,0,0,0,0,13,0.0,0.0,0.0,0.0,1.0,0.0,0.0,13,255,1.0,0.0,0.08,0.05,0.0,0.0,0.0,0,107533.0
0,tcp,ftp_data,SF,88382,0,0,0,1,0,0,1,0,23,0.0,0.0,0.0,0.0,1.0,0.0,0.0,255,151,0.59,0.02,0.59,0.0,0.0,0.01,0.0,0,41707.0
0,tcp,http,SF,202,1253,0,0,1,0,0,0,0,14,0.0,0.0,0.0,0.0,1.0,0.0,0.0,169,255,1.0,0.0,0.01,0.03,0.0,0.0,0.0,0,69426.0
0,tcp,http,SF,224,852,0,0,1,0,0,0,0,7,0.0,0.0,0.0,0.0,1.0,0.0,0.12,255,255,1.0,0.0,0.0,0.0,0.01,0.01,0.0,0,41667.0
0,tcp,auth,SF,10,39,0,0,1,0,0,0,0,3,0.0,0.0,0.0,0.0,0.33,0.67,0.0,104,13,0.06,0.05,0.01,0.15,0.0,0.0,0.0,0,95188.0
0,tcp,private,REJ,0,0,0,0,0,0,0,0,0,140,0.0,0.0,1.0,1.0,0.01,0.06,0.0,255,19,0.07,0.06,0.0,0.0,0.0,0.0,1.0,1,48302.0
0,tcp,http,SF,214,1097,0,0,1,0,0,0,0,14,0.0,0.0,0.0,0.0,1.0,0.0,0.19,15,255,1.0,0.0,0.07,0.02,0.0,0.0,0.0,0,52357.0
0,tcp,private,S0,0,0,0,0,0,0,0,0,0,259,1.0,1.0,0.0,0.0,0.03,0.07,0.0,255,8,0.03,0.07,0.0,0.0,1.0,1.0,0.0,1,77481.0
0,tcp,telnet,S0,0,0,0,0,0,0,0,0,0,58,1.0,1.0,0.0,0.0,0.21,0.07,0.0,255,58,0.23,0.02,0.02,0.0,1.0,1.0,0.0,1,118683.0
0,tcp,http,SF,326,1319,0,0,1,0,0,0,0,16,0.0,0.0,0.0,0.0,1.0,0.0,0.05,16,255,1.0,0.0,0.06,0.01,0.0,0.0,0.0,0,7476.0
0,tcp,http,SF,276,365,0,0,1,0,0,0,0,30,0.0,0.0,0.0,0.0,1.0,0.0,0.0,255,255,1.0,0.0,0.0,0.0,0.0,0.0,0.0,0,1417.0
0,tcp,http,SF,337,888,0,0,1,0,0,0,0,47,0.0,0.0,0.0,0.0,1.0,0.0,0.0,255,255,1.0,0.0,0.0,0.0,0.0,0.0,0.0,0,96754.0
0,tcp,link,S0,0,0,0,0,0,0,0,0,0,268,1.0,1.0,0.0,0.0,0.07,0.06,0.0,255,19,0.07,0.07,0.0,0.0,1.0,1.0,0.0,1,76280.0
0,tcp,http,SF,325,337,0,0,1,0,0,0,0,8,0.12,0.12,0.0,0.0,1.0,0.0,0.0,255,255,1.0,0.0,0.0,0.0,0.0,0.0,0.0,0,80009.0
0,icmp,ecr_i,SF,1032,0,0,0,0,0,0,0,0,511,0.0,0.0,0.0,0.0,1.0,0.0,0.0,255,221,0.87,0.01,0.87,0.0,0.0,0.0,0.0,1,121236.0
0,tcp,private,RSTR,0,0,0,0,0,0,0,0,0,1,0.0,0.0,1.0,1.0,1.0,0.0,0.0,169,1,0.01,0.72,0.72,0.0,0.04,0.0,1.0,1,96818.0
1,tcp,smtp,SF,881,330,0,0,1,0,0,0,0,1,0.0,0.0,0.0,0.0,1.0,0.0,0.0,228,131,0.55,0.02,0.0,0.02,0.0,0.0,0.0,0,103034.0
0,icmp,eco_i,SF,8,0,0,0,0,0,0,0,0,1,0.0,0.0,0.0,0.0,1.0,0.0,1.0,1,59,1.0,0.0,1.0,0.51,0.0,0.0,0.0,1,14863.0
0,udp,ntp_u,SF,48,48,0,0,0,0,0,0,0,1,0.0,0.0,0.0,0.0,1.0,0.0,0.0,20,6,0.3,0.1,0.3,0.0,0.0,0.0,0.0,0,39042.0
0,tcp,ftp_data,S0,0,0,0,0,0,0,0,0,0,80,1.0,1.0,0.0,0.0,0.25,0.05,0.0,255,60,0.24,0.02,0.0,0.0,1.0,1.0,0.0,1,35425.0
0,tcp,http,SF,189,525,0,0,1,0,0,0,0,1,0.0,0.0,0.0,0.0,1.0,0.0,0.0,54,255,1.0,0.0,0.02,0.09,0.0,0.0,0.0,0,117453.0
0,udp,domain_u,SF,44,44,0,0,0,0,0,0,0,154,0.0,0.0,0.0,0.0,1.0,0.0,0.01,255,214,0.84,0.01,0.01,0.0,0.0,0.0,0.0,0,124298.0
0,tcp,http,SF,307,3222,0,0,1,0,0,0,0,5,0.0,0.0,0.0,0.0,1.0,0.0,0.0,255,255,1.0,0.0,0.0,0.0,0.0,0.0,0.0,0,27668.0
0,tcp,smtp,SF,844,336,0,0,1,0,0,0,0,1,0.0,0.0,0.0,0.0,1.0,0.0,1.0,31,167,0.87,0.06,0.03,0.01,0.0,0.0,0.0,0,100815.0
0,tcp,ftp_data,SF,4539,0,0,0,0,0,0,0,0,20,0.0,0.0,0.0,0.0,1.0,0.0,0.0,212,74,0.35,0.03,0.35,0.0,0.0,0.0,0.0,0,44638.0
0,tcp,smtp,SF,883,327,0,0,1,0,0,0,0,1,0.0,0.0,0.0,0.0,1.0,0.0,0.0,177,74,0.42,0.03,0.01,0.0,0.0,0.0,0.0,0,49945.0
0,tcp,http,SF,205,3506,0,0,1,0,0,0,0,7,0.0,0.0,0.0,0.0,1.0,0.0,0.0,255,255,1.0,0.0,0.0,0.0,0.0,0.0,0.0,0,34183.0
0,tcp,http,SF,234,875,0,0,1,0,0,0,0,25,0.0,0.0,0.0,0.0,1.0,0.0,0.0,255,255,1.0,0.0,0.0,0.0,0.0,0.0,0.0,0,92842.0
2650,udp,other,SF,146,105,0,0,0,0,0,0,0,1,0.0,0.0,0.0,0.0,1.0,0.0,0.0,255,1,0.0,0.83,1.0,0.0,0.0,0.0,0.0,0,5763.0
0,udp,domain_u,SF,44,126,0,0,0,0,0,0,0,224,0.0,0.0,0.0,0.0,1.0,0.0,0.01,149,110,0.74,0.02,0.01,0.0,0.0,0.0,0.0,0,3310.0
0,tcp,netbios_dgm,REJ,0,0,0,0,0,0,0,0,0,203,0.0,0.0,1.0,1.0,0.02,0.08,0.0,255,5,0.02,0.09,0.0,0.0,0.0,0.0,1.0,1,51551.0
0,icmp,eco_i,SF,8,0,0,0,0,0,0,0,0,1,0.0,0.0,0.0,0.0,1.0,0.0,1.0,2,64,1.0,0.0,1.0,0.5,0.0,0.0,0.0,1,119580.0
0,tcp,imap4,REJ,0,0,0,0,0,0,0,0,0,232,0.0,0.0,1.0,1.0,0.05,0.06,0.0,255,12,0.05,0.08,0.0,0.0,0.0,0.0,1.0,1,56716.0
17539,tcp,other,RSTR,1,0,0,0,0,0,0,0,0,2,0.0,0.0,1.0,1.0,1.0,0.0,0.0,255,2,0.01,0.73,1.0,0.0,0.0,0.0,1.0,1,57078.0
0,tcp,http,SF,334,570,0,0,1,0,0,0,0,12,0.0,0.0,0.0,0.03,1.0,0.0,0.09,92,255,1.0,0.0,0.01,0.02,0.0,0.0,0.01,0,84829.0
0,tcp,telnet,S0,0,0,0,0,0,0,0,0,0,300,1.0,1.0,0.0,0.0,0.06,0.05,0.0,255,19,0.07,0.05,0.0,0.0,1.0,1.0,0.0,1,112477.0
0,tcp,ftp_data,SF,172,0,0,0,1,0,0,0,0,5,0.0,0.0,0.0,0.0,1.0,0.0,0.33,181,43,0.24,0.06,0.28,0.0,0.01,0.02,0.0,0,71111.0
0,tcp,domain,S0,0,0,0,0,0,0,0,0,0,218,1.0,1.0,0.0,0.0,0.09,0.07,0.0,255,19,0.07,0.07,0.0,0.0,1.0,1.0,0.0,1,41030.0
0,tcp,http,SF,201,3295,0,0,1,0,0,0,0,9,0.0,0.0,0.0,0.0,1.0,0.0,0.0,55,255,1.0,0.0,0.02,0.05,0.0,0.0,0.0,0,74091.0
0,icmp,eco_i,SF,18,0,0,0,0,0,0,0,0,1,0.0,0.0,0.0,0.0,1.0,0.0,0.0,2,222,1.0,0.0,1.0,0.25,0.0,0.0,0.0,1,79248.0
0,tcp,http,SF,233,2010,0,0,1,0,0,0,0,6,0.0,0.0,0.0,0.0,1.0,0.0,0.0,255,255,1.0,0.0,0.0,0.0,0.0,0.0,0.0,0,69103.0
0,tcp,http,SF,371,336,0,0,1,0,0,0,0,18,0.0,0.0,0.0,0.0,1.0,0.0,0.11,81,231,1.0,0.0,0.01,0.18,0.0,0.0,0.68,0,54811.0
0,tcp,http,SF,330,1537,0,0,1,0,0,0,0,2,0.0,0.0,0.0,0.0,1.0,0.0,0.12,6,255,1.0,0.0,0.17,0.02,0.0,0.0,0.0,0,12009.0
0,tcp,vmnet,S0,0,0,0,0,0,0,0,0,0,104,1.0,1.0,0.0,0.0,0.12,0.06,0.0,255,12,0.05,0.07,0.0,0.0,1.0,1.0,0.0,1,54260.0
0,tcp,http,SF,201,633,0,0,1,0,0,0,0,1,0.0,0.0,0.0,0.0,1.0,0.0,0.0,79,255,1.0,0.0,0.01,0.04,0.0,0.01,0.02,0,83580.0
0,tcp,finger,S0,0,0,0,0,0,0,0,0,0,13,1.0,1.0,0.0,0.0,0.54,0.15,0.0,255,67,0.26,0.02,0.01,0.0,1.0,1.0,0.0,1,51085.0
0,tcp,http,SF,220,1046,0,0,1,0,0,0,0,5,0.2,0.25,0.0,0.0,1.0,0.0,0.33,15,255,1.0,0.0,0.07,0.08,0.07,0.01,0.01,0,41820.0
0,tcp,mtp,S0,0,0,0,0,0,0,0,0,0,135,1.0,1.0,0.0,0.0,0.15,0.06,0.0,255,20,0.08,0.07,0.0,0.0,1.0,1.0,0.0,1,78115.0
0,tcp,private,REJ,0,0,0,0,0,0,0,0,0,139,0.0,0.0,1.0,1.0,0.08,0.06,0.0,214,11,0.05,0.06,0.0,0.0,0.0,0.0,1.0,1,44783.0
0,tcp,private,REJ,0,0,0,0,0,0,0,0,0,344,0.03,0.0,0.96,1.0,0.0,1.0,0.0,255,1,0.0,1.0,0.0,0.0,0.03,0.0,1.0,1,117950.0
0,tcp,smtp,SF,1451,358,0,0,1,0,0,0,0,1,0.0,0.0,0.0,0.0,1.0,0.0,1.0,255,20,0.08,0.56,0.0,0.0,0.0,0.0,0.0,0,87237.0
0,tcp,http,SF,312,1423,0,0,1,0,0,0,0,13,0.0,0.0,0.0,0.0,1.0,0.0,0.0,255,255,1.0,0.0,0.0,0.0,0.0,0.0,0.0,0,91197.0
0,udp,domain_u,SF,102,0,0,0,0,0,0,0,0,1,0.0,0.0,0.0,0.0,1.0,0.0,1.0,255,243,0.95,0.01,0.04,0.0,0.0,0.0,0.0,0,18865.0
6,tcp,other,SF,1199,0,0,0,1,0,0,0,0,1,0.0,0.0,0.0,0.0,1.0,0.0,0.0,175,1,0.01,0.07,0.07,0.0,0.02,0.0,0.0,0,110914.0
0,tcp,http,SF,282,1227,0,0,1,0,0,0,0,3,0.33,0.33,0.0,0.0,1.0,0.0,0.0,255,255,1.0,0.0,0.0,0.0,0.01,0.01,0.0,0,30669.0
171,tcp,http,SF,330,538,0,0,1,0,0,0,1,2,0.0,0.0,0.0,0.0,1.0,0.0,0.67,7,255,1.0,0.0,0.14,0.05,0.0,0.0,0.0,0,2131.0
0,tcp,other,REJ,0,0,0,0,0,0,0,0,0,511,0.09,0.0,0.89,1.0,0.0,1.0,0.0,255,1,0.0,1.0,0.0,0.0,0.09,0.0,1.0,1,21208.0
0,tcp,private,REJ,0,0,0,0,0,0,0,0,0,237,0.0,0.0,1.0,1.0,0.06,0.07,0.0,255,14,0.05,0.08,0.0,0.0,0.0,0.0,1.0,1,106889.0
0,tcp,private,S0,0,0,0,0,0,0,0,0,0,228,1.0,1.0,0.0,0.0,0.08,0.06,0.0,255,5,0.02,0.08,0.0,0.0,1.0,1.0,0.0,1,10912.0
0,udp,domain_u,SF,43,72,0,0,0,0,0,0,0,142,0.0,0.0,0.0,0.0,0.99,0.01,0.02,255,246,0.96,0.01,0.0,0.0,0.0,0.0,0.0,0,66925.0
0,tcp,smtp,SF,3245,399,0,0,1,0,0,0,0,1,0.0,0.0,0.0,0.0,1.0,0.0,0.0,255,73,0.29,0.05,0.0,0.0,0.47,0.0,0.0,0,13304.0
0,icmp,eco_i,SF,8,0,0,0,0,0,0,0,0,1,0.0,0.0,0.0,0.0,1.0,0.0,1.0,2,218,1.0,0.0,1.0,0.5,0.0,0.0,0.0,1,9866.0
0,icmp,eco_i,SF,8,0,0,0,0,0,0,0,0,1,0.0,0.0,0.0,0.0,1.0,0.0,1.0,1,10,1.0,0.0,1.0,0.6,0.0,0.0,0.0,1,86943.0
0,tcp,http,SF,306,622,0,0,1,0,0,0,0,7,0.0,0.0,0.0,0.0,1.0,0.0,0.3,255,255,1.0,0.0,0.0,0.0,0.0,0.0,0.0,0,89478.0
0,udp,domain_u,SF,46,153,0,0,0,0,0,0,0,79,0.0,0.0,0.0,0.0,0.99,0.03,0.01,255,243,0.95,0.01,0.0,0.0,0.0,0.0,0.0,0,76729.0
0,icmp,eco_i,SF,8,0,0,0,0,0,0,0,0,1,0.0,0.0,0.0,0.0,1.0,0.0,1.0,1,49,1.0,0.0,1.0,0.51,0.0,0.0,0.0,1,15275.0
0,tcp,http,SF,205,622,0,0,1,0,0,0,0,26,0.0,0.0,0.0,0.0,1.0,0.0,0.14,255,255,1.0,0.0,0.0,0.0,0.0,0.0,0.0,0,111796.0
0,tcp,private,S0,0,0,0,0,0,0,0,0,0,171,1.0,1.0,0.0,0.0,0.03,0.06,0.0,255,6,0.02,0.08,0.0,0.0,1.0,1.0,0.0,1,14500.0
0,tcp,http,SF,164,9785,0,0,1,0,0,0,0,1,0.0,0.0,0.0,0.0,1.0,0.0,0.0,83,255,1.0,0.0,0.01,0.05,0.0,0.0,0.0,0,5355.0
0,tcp,private,REJ,0,0,0,0,0,0,0,0,0,82,0.0,0.0,1.0,1.0,0.1,0.07,0.0,255,21,0.08,0.06,0.0,0.0,0.0,0.0,1.0,1,106951.0
0,udp,private,SF,105,145,0,0,0,0,0,0,0,1,0.0,0.0,0.0,0.0,1.0,0.0,0.0,72,72,1.0,0.0,0.01,0.0,0.0,0.0,0.0,0,53371.0
0,tcp,other,S1,8760,0,0,0,1,0,0,0,0,7,0.43,1.0,0.0,0.0,0.14,0.71,0.0,179,1,0.01,0.04,0.07,0.0,0.02,1.0,0.0,0,54826.0
0,tcp,http,SF,316,171,0,0,1,0,0,0,0,3,0.0,0.0,0.0,0.0,1.0,0.0,0.0,3,255,1.0,0.0,0.33,0.13,0.0,0.0,0.36,0,99723.0
0,tcp,http,SF,285,1178,0,0,1,0,0,0,0,2,0.0,0.0,0.0,0.0,1.0,0.0,0.0,11,14,1.0,0.0,0.09,0.14,0.09,0.07,0.0,0,67190.0
0,tcp,http,SF,221,4070,0,0,1,0,0,0,0,13,0.0,0.0,0.0,0.0,1.0,0.0,0.0,73,255,1.0,0.0,0.01,0.05,0.0,0.0,0.0,0,56129.0
28,tcp,ftp,SF,1077,3081,0,22,1,0,0,0,0,1,0.0,0.0,0.0,0.0,1.0,0.0,0.0,25,4,0.16,0.12,0.04,0.0,0.0,0.0,0.0,0,69360.0
0,tcp,http,SF,214,16883,0,0,1,0,0,0,0,3,0.0,0.0,0.0,0.0,1.0,0.0,0.0,38,255,1.0,0.0,0.03,0.07,0.0,0.01,0.0,0,86687.0
0,udp,domain_u,SF,45,76,0,0,0,0,0,0,0,118,0.0,0.0,0.0,0.0,1.0,0.0,0.0,255,254,1.0,0.01,0.0,0.0,0.0,0.0,0.0,0,49550.0
0,tcp,netbios_ns,REJ,0,0,0,0,0,0,0,0,0,241,0.0,0.0,1.0,1.0,0.07,0.07,0.0,255,17,0.07,0.07,0.0,0.0,0.0,0.0,1.0,1,27788.0
0,tcp,exec,S0,0,0,0,0,0,0,0,0,0,88,1.0,1.0,0.0,0.0,0.06,0.08,0.0,255,5,0.02,0.06,0.0,0.0,1.0,1.0,0.0,1,45337.0
0,tcp,http,SF,257,767,0,0,1,0,0,0,0,14,0.0,0.0,0.0,0.0,1.0,0.0,0.0,73,255,1.0,0.0,0.01,0.02,0.0,0.0,0.0,0,56756.0
0,udp,private,SF,215,0,0,0,0,0,0,0,0,1,0.0,0.0,0.0,0.0,1.0,0.0,0.0,161,137,0.85,0.01,0.85,0.0,0.0,0.0,0.0,1,33720.0
0,tcp,daytime,S0,0,0,0,0,0,0,0,0,0,298,1.0,1.0,0.0,0.0,0.06,0.06,0.0,255,6,0.02,0.08,0.0,0.0,1.0,1.0,0.0,1,73227.0
0,tcp,http,SF,375,1003,0,0,1,0,0,0,0,19,0.0,0.0,0.0,0.0,1.0,0.0,0.0,255,255,1.0,0.0,0.0,0.0,0.0,0.0,0.0,0,5723.0
0,udp,domain_u,SF,44,127,0,0,0,0,0,0,0,64,0.0,0.0,0.0,0.0,1.0,0.0,0.01,255,254,1.0,0.01,0.0,0.0,0.0,0.0,0.0,0,47824.0
0,udp,domain_u,SF,44,75,0,0,0,0,0,0,0,309,0.0,0.0,0.0,0.0,1.0,0.01,0.0,255,254,1.0,0.01,0.0,0.0,0.0,0.0,0.0,0,80536.0
0,tcp,private,S0,0,0,0,0,0,0,0,0,0,208,1.0,1.0,0.0,0.0,0.02,0.05,0.0,68,5,0.07,0.12,0.01,0.0,0.97,1.0,0.0,1,92458.0
0,tcp,private,S0,0,0,0,0,0,0,0,0,0,133,1.0,1.0,0.0,0.0,0.13,0.05,0.0,255,5,0.02,0.08,0.0,0.0,1.0,1.0,0.0,1,86878.0
1,tcp,smtp,SF,1418,372,0,0,1,0,0,0,0,1,0.0,0.0,0.0,0.0,1.0,0.0,1.0,80,143,0.4,0.04,0.01,0.02,0.0,0.0,0.0,0,30965.0
1,tcp,smtp,SF,724,331,0,0,1,0,0,0,0,1,0.0,0.0,0.0,0.0,1.0,0.0,1.0,242,95,0.35,0.03,0.0,0.02,0.01,0.02,0.0,0,97704.0
0,tcp,smtp,SF,1067,395,0,0,1,0,0,0,0,1,0.0,0.0,0.0,0.0,1.0,0.0,0.0,68,241,0.97,0.03,0.01,0.01,0.0,0.0,0.0,0,99216.0
12792,udp,other,SF,146,105,0,0,0,0,0,0,0,2,0.0,0.0,0.0,0.0,1.0,0.0,0.0,255,2,0.01,0.73,0.96,0.0,0.0,0.0,0.0,0,33958.0
0,udp,domain_u,SF,45,135,0,0,0,0,0,0,0,226,0.0,0.0,0.0,0.0,1.0,0.0,0.0,255,245,0.96,0.01,0.0,0.0,0.0,0.0,0.0,0,103671.0
0,tcp,http,REJ,0,0,0,0,0,0,0,0,0,280,0.0,0.0,1.0,1.0,0.04,0.06,0.0,255,11,0.04,0.06,0.0,0.0,0.0,0.0,1.0,1,46851.0
0,tcp,http,SF,346,492,0,0,1,0,0,0,0,1,0.0,0.0,0.0,0.0,1.0,0.0,0.67,5,255,1.0,0.0,0.2,0.04,0.0,0.0,0.0,0,91557.0
0,tcp,http,SF,161,68935,0,0,1,0,0,0,0,1,0.0,0.0,0.0,0.0,1.0,0.0,0.6,53,255,1.0,0.0,0.02,0.02,0.0,0.0,0.0,0,108950.0
0,tcp,pop_2,REJ,0,0,0,0,0,0,0,0,0,268,0.0,0.0,1.0,1.0,0.03,0.07,0.0,255,7,0.03,0.08,0.0,0.0,0.0,0.0,1.0,1,61389.0
0,tcp,http,SF,320,544,0,0,1,0,0,0,0,35,0.0,0.0,0.0,0.0,1.0,0.0,0.12,255,255,1.0,0.0,0.0,0.0,0.0,0.0,0.0,0,38327.0
0,tcp,http,SF,276,2924,0,0,1,0,0,0,0,4,0.0,0.0,0.0,0.0,1.0,0.0,0.0,88,255,1.0,0.0,0.01,0.02,0.0,0.0,0.0,0,1189.0
0,tcp,private,REJ,0,0,0,0,0,0,0,0,0,238,0.0,0.0,1.0,1.0,0.01,0.05,0.0,255,3,0.01,0.06,0.0,0.0,0.0,0.0,1.0,1,72365.0
0,tcp,shell,S0,0,0,0,0,0,0,0,0,0,106,1.0,1.0,0.0,0.0,0.02,0.07,0.0,255,1,0.0,0.07,0.0,0.0,1.0,1.0,0.0,1,87060.0
0,tcp,private,S0,0,0,0,0,0,0,0,0,0,242,1.0,1.0,0.0,0.0,0.02,0.06,0.0,255,8,0.03,0.09,0.0,0.0,1.0,1.0,0.0,1,36997.0
0,tcp,http,RSTR,53776,7300,0,1,1,0,0,0,0,3,0.0,0.0,0.67,0.67,1.0,0.0,0.0,70,70,1.0,0.0,0.01,0.0,0.0,0.0,0.2,1,21531.0
0,tcp,courier,S0,0,0,0,0,0,0,0,0,0,122,1.0,1.0,0.0,0.0,0.06,0.07,0.0,255,10,0.04,0.08,0.0,0.0,1.0,1.0,0.0,1,96591.0
0,tcp,http,SF,164,4559,0,0,1,0,0,0,0,6,0.0,0.0,0.0,0.0,1.0,0.0,0.27,10,255,1.0,0.0,0.1,0.07,0.0,0.01,0.0,0,13556.0
0,tcp,ldap,S0,0,0,0,0,0,0,0,0,0,35,1.0,1.0,0.0,0.0,0.23,0.14,0.0,255,8,0.03,0.08,0.0,0.0,1.0,1.0,0.0,1,40437.0
0,tcp,http,SF,54540,8314,0,2,1,1,0,0,0,3,0.0,0.0,0.0,0.0,1.0,0.0,0.0,138,138,1.0,0.0,0.01,0.0,0.0,0.0,0.05,1,106314.0
0,tcp,http,SF,229,5105,0,0,1,0,0,0,0,3,0.0,0.0,0.0,0.0,1.0,0.0,0.0,18,255,1.0,0.0,0.06,0.02,0.0,0.0,0.0,0,11665.0
0,tcp,smtp,SF,6,125,0,0,1,0,0,0,0,1,0.0,0.0,0.0,0.0,1.0,0.0,0.0,255,5,0.02,0.03,0.0,0.0,0.0,0.0,0.0,1,40299.0
0,tcp,http,SF,283,1942,0,0,1,0,0,0,0,3,0.0,0.0,0.0,0.0,1.0,0.0,0.0,3,255,1.0,0.0,0.33,0.04,0.0,0.0,0.0,0,52915.0
0,tcp,http,REJ,0,0,0,0,0,0,0,0,0,1,0.0,0.0,1.0,1.0,1.0,0.0,0.0,26,78,1.0,0.0,0.04,0.08,0.0,0.0,1.0,0,14491.0
0,tcp,csnet_ns,S0,0,0,0,0,0,0,0,0,0,273,1.0,1.0,0.0,0.0,0.05,0.06,0.0,255,7,0.03,0.08,0.0,0.0,1.0,1.0,0.0,1,43142.0
0,udp,domain_u,SF,45,75,0,0,0,0,0,0,0,225,0.0,0.0,0.0,0.0,1.0,0.0,0.01,255,254,1.0,0.01,0.0,0.0,0.0,0.0,0.0,0,100874.0
0,tcp,http,SF,347,3200,0,0,1,0,0,0,0,10,0.0,0.0,0.0,0.0,1.0,0.0,0.09,255,255,1.0,0.0,0.0,0.0,0.0,0.0,0.0,0,41421.0
0,tcp,http,SF,314,4085,0,0,1,0,0,0,0,21,0.0,0.0,0.0,0.0,1.0,0.0,0.0,96,255,1.0,0.0,0.01,0.02,0.0,0.0,0.0,0,98543.0
0,tcp,http,SF,202,1233,0,0,1,0,0,0,0,15,0.0,0.0,0.0,0.0,1.0,0.0,0.11,255,255,1.0,0.0,0.0,0.0,0.0,0.0,0.0,0,100974.0
0,tcp,nntp,S0,0,0,0,0,0,0,0,0,0,170,1.0,1.0,0.0,0.0,0.12,0.05,0.0,255,20,0.08,0.05,0.0,0.0,1.0,1.0,0.0,1,79207.0
0,tcp,private,S0,0,0,0,0,0,0,0,0,0,112,1.0,1.0,0.0,0.0,0.12,0.05,0.0,255,20,0.08,0.06,0.0,0.0,1.0,1.0,0.0,1,64776.0
0,icmp,eco_i,SF,8,0,0,0,0,0,0,0,0,1,0.0,0.0,0.0,0.0,1.0,0.0,1.0,1,205,1.0,0.0,1.0,0.5,0.0,0.0,0.0,1,104544.0
0,tcp,http,SF,291,593,0,0,1,0,0,0,0,6,0.0,0.0,0.0,0.0,1.0,0.0,0.0,255,255,1.0,0.0,0.0,0.0,0.0,0.0,0.0,0,4843.0
0,tcp,smtp,SF,3425,334,0,0,1,0,0,0,0,1,0.0,0.0,0.0,0.0,1.0,0.0,0.0,74,53,0.72,0.07,0.01,0.0,0.0,0.0,0.0,0,18700.0
11,tcp,http,SF,261,7695,0,0,1,0,0,0,0,1,0.0,0.0,0.0,0.0,1.0,0.0,1.0,255,232,0.91,0.02,0.0,0.0,0.0,0.0,0.0,0,116028.0
0,icmp,ecr_i,SF,1032,0,0,0,0,0,0,0,0,190,0.0,0.0,0.0,0.0,1.0,0.0,0.0,225,131,0.58,0.03,0.58,0.0,0.01,0.0,0.0,1,104084.0
0,tcp,finger,S0,0,0,0,0,0,0,0,0,0,257,1.0,1.0,0.0,0.0,0.07,0.05,0.0,255,19,0.07,0.07,0.0,0.0,1.0,1.0,0.0,1,401.0
0,icmp,eco_i,SF,8,0,0,0,0,0,0,0,0,1,0.0,0.0,0.0,0.0,1.0,0.0,1.0,2,76,1.0,0.0,1.0,0.5,0.0,0.0,0.0,1,53256.0
0,tcp,http,SF,208,2918,0,0,1,0,0,0,0,11,0.0,0.0,0.0,0.0,1.0,0.0,0.0,34,255,1.0,0.0,0.03,0.03,0.0,0.0,0.0,0,80816.0
0,tcp,smtp,SF,3304,333,0,0,1,0,0,0,0,2,0.0,0.0,0.0,0.0,0.5,1.0,0.0,136,141,0.49,0.04,0.01,0.01,0.0,0.0,0.0,0,94581.0
0,udp,domain_u,SF,32,48,0,0,0,0,0,0,0,5,0.0,0.0,0.0,0.0,1.0,0.0,0.27,32,234,1.0,0.0,1.0,0.01,0.0,0.0,0.0,0,4962.0
0,tcp,http,SF,260,2234,0,0,1,0,0,0,0,18,0.0,0.0,0.0,0.03,1.0,0.0,0.13,255,255,1.0,0.0,0.0,0.0,0.0,0.0,0.02,0,105372.0
7,tcp,smtp,SF,1125,366,0,0,1,0,0,0,0,1,0.0,0.0,0.0,0.0,1.0,0.0,0.0,135,76,0.56,0.02,0.01,0.0,0.0,0.0,0.0,0,66387.0
0,tcp,finger,S0,0,0,0,0,0,0,0,0,0,29,1.0,1.0,0.0,0.0,0.28,0.14,0.0,255,41,0.16,0.04,0.0,0.0,1.0,1.0,0.0,1,43596.0
0,tcp,ftp_data,SF,1010,0,0,0,1,0,0,0,0,1,0.0,0.0,0.0,0.0,1.0,0.0,0.0,10,93,0.3,0.4,0.3,0.02,0.0,0.0,0.0,0,70768.0
4,tcp,smtp,SF,918,371,0,0,1,0,0,0,0,1,0.0,0.0,0.0,0.0,1.0,0.0,0.0,92,203,0.96,0.02,0.01,0.01,0.0,0.0,0.0,0,35170.0
0,tcp,http,SF,209,175,0,0,1,0,0,0,0,11,0.0,0.0,0.0,0.0,1.0,0.0,0.19,11,255,1.0,0.0,0.09,0.03,0.0,0.0,0.0,0,107780.0
0,tcp,klogin,REJ,0,0,0,0,0,0,0,0,0,130,0.0,0.0,1.0,1.0,0.04,0.07,0.0,255,5,0.02,0.06,0.0,0.0,0.0,0.0,1.0,1,25488.0
0,tcp,supdup,S0,0,0,0,0,0,0,0,0,0,226,1.0,1.0,0.0,0.0,0.1,0.04,0.0,255,22,0.09,0.05,0.0,0.0,1.0,1.0,0.0,1,119844.0
0,tcp,ftp_data,S0,0,0,0,0,0,0,0,0,0,226,1.0,1.0,0.0,0.0,0.08,0.05,0.0,255,17,0.07,0.08,0.0,0.0,1.0,1.0,0.0,1,44852.0
0,udp,private,SF,100,0,0,0,0,0,0,0,0,2,0.0,0.0,0.0,0.0,1.0,0.0,0.0,225,35,0.16,0.01,0.16,0.0,0.0,0.0,0.0,1,114672.0
1,tcp,ftp,SF,1241,2449,0,28,1,0,0,0,0,1,0.0,0.0,0.0,0.0,1.0,0.0,0.0,200,28,0.14,0.03,0.0,0.0,0.0,0.0,0.0,1,89976.0
0,tcp,http,SF,340,422,0,0,1,0,0,0,0,4,0.0,0.0,0.0,0.0,1.0,0.0,0.0,255,255,1.0,0.0,0.0,0.0,0.0,0.0,0.0,0,118416.0
0,tcp,private,REJ,0,0,0,0,0,0,0,0,0,196,0.0,0.0,1.0,1.0,0.01,0.06,0.0,255,2,0.01,0.06,0.0,0.0,0.0,0.0,1.0,1,68387.0
0,tcp,private,REJ,0,0,0,0,0,0,0,0,0,315,0.0,0.0,1.0,1.0,0.0,0.52,0.0,255,1,0.0,0.52,1.0,0.0,0.0,0.0,1.0,1,98520.0
0,udp,domain_u,SF,43,136,0,0,0,0,0,0,0,198,0.0,0.0,0.0,0.0,1.0,0.0,0.01,255,253,0.99,0.01,0.0,0.0,0.0,0.0,0.0,0,59500.0
0,tcp,other,S0,0,0,0,0,0,0,0,0,0,508,0.07,1.0,0.93,0.0,0.0,1.0,0.0,255,1,0.0,1.0,0.0,0.0,0.11,1.0,0.0,1,25328.0
0,tcp,http,SF,263,1296,0,0,1,0,0,0,0,8,0.0,0.0,0.0,0.0,1.0,0.0,0.0,255,255,1.0,0.0,0.0,0.0,0.0,0.0,0.0,0,92041.0
0,tcp,private,S0,0,0,0,0,0,0,0,0,0,90,1.0,1.0,0.0,0.0,0.02,0.08,0.0,255,2,0.01,0.08,0.0,0.0,1.0,1.0,0.0,1,72754.0
0,tcp,telnet,S0,0,0,0,0,0,0,0,0,0,60,1.0,1.0,0.0,0.0,0.33,0.05,0.0,255,71,0.28,0.02,0.0,0.0,1.0,1.0,0.0,1,57207.0
0,tcp,netbios_ns,S0,0,0,0,0,0,0,0,0,0,269,1.0,1.0,0.0,0.0,0.03,0.06,0.0,255,9,0.04,0.07,0.0,0.0,1.0,1.0,0.0,1,49506.0
0,tcp,nnsp,S0,0,0,0,0,0,0,0,0,0,129,1.0,1.0,0.0,0.0,0.11,0.07,0.0,255,14,0.05,0.06,0.0,0.0,1.0,1.0,0.0,1,47327.0
0,tcp,uucp,S0,0,0,0,0,0,0,0,0,0,141,1.0,1.0,0.0,0.0,0.09,0.06,0.0,255,12,0.05,0.06,0.0,0.0,1.0,1.0,0.0,1,81245.0
0,udp,other,SF,147,0,0,0,0,0,0,0,0,3,0.33,0.0,0.0,0.0,0.33,0.67,0.0,199,1,0.01,0.58,0.88,0.0,0.01,0.0,0.0,0,92810.0
1,tcp,finger,SF,9,44,0,0,0,0,0,0,0,4,0.0,0.0,0.0,0.0,1.0,0.0,0.0,154,6,0.04,0.06,0.01,0.0,0.01,0.0,0.0,1,41573.0
0,tcp,login,S0,0,0,0,0,0,0,0,0,0,147,1.0,1.0,0.0,0.0,0.16,0.05,0.0,255,23,0.09,0.05,0.0,0.0,1.0,1.0,0.0,1,38182.0
0,tcp,ftp_data,SF,11,0,0,0,0,0,0,0,0,1,0.0,0.0,0.0,0.0,1.0,0.0,0.0,255,42,0.16,0.51,0.16,0.0,0.51,0.0,0.0,0,48920.0
0,tcp,http,SF,280,16609,0,0,1,0,0,0,0,8,0.0,0.0,0.0,0.0,1.0,0.0,0.18,255,255,1.0,0.0,0.0,0.0,0.0,0.0,0.0,0,26027.0
0,tcp,http,SF,279,757,0,0,1,0,0,0,0,2,0.0,0.0,0.0,0.0,1.0,0.0,0.2,58,255,1.0,0.0,0.02,0.04,0.0,0.0,0.0,0,86832.0
0,udp,domain_u,SF,44,128,0,0,0,0,0,0,0,94,0.0,0.0,0.0,0.0,1.0,0.0,0.01,255,253,0.99,0.01,0.0,0.0,0.0,0.0,0.0,0,4700.0
0,icmp,eco_i,SF,8,0,0,0,0,0,0,0,0,1,0.0,0.0,0.0,0.0,1.0,0.0,1.0,1,19,1.0,0.0,1.0,0.53,0.0,0.0,0.0,1,85471.0
0,tcp,http_443,S0,0,0,0,0,0,0,0,0,0,222,1.0,1.0,0.0,0.0,0.01,0.05,0.0,255,3,0.01,0.06,0.0,0.0,1.0,1.0,0.0,1,63196.0
0,tcp,private,REJ,0,0,0,0,0,0,0,0,0,133,0.0,0.0,1.0,1.0,0.13,0.08,0.0,255,17,0.07,0.08,0.0,0.0,0.0,0.0,1.0,1,72062.0
0,tcp,http,SF,284,32229,0,0,1,0,0,0,0,1,0.0,0.0,0.0,0.0,1.0,0.0,1.0,255,255,1.0,0.0,0.01,0.0,0.0,0.0,0.0,0,118827.0
0,tcp,smtp,SF,2780,438,0,0,1,0,0,0,0,1,0.0,0.0,0.0,0.0,1.0,0.0,1.0,207,143,0.5,0.01,0.0,0.01,0.97,0.7,0.0,0,61880.0
0,tcp,ftp_data,SF,212,0,0,0,1,0,0,1,0,2,0.0,0.0,0.0,0.0,1.0,0.0,0.0,24,8,0.17,0.21,0.17,0.25,0.0,0.0,0.0,0,97320.0
0,tcp,http,SF,216,8970,0,0,1,0,0,0,0,14,0.0,0.0,0.0,0.0,1.0,0.0,0.13,90,255,1.0,0.0,0.01,0.04,0.0,0.0,0.0,0,7243.0
0,tcp,ctf,S0,0,0,0,0,0,0,0,0,0,266,1.0,1.0,0.0,0.0,0.03,0.07,0.0,255,9,0.04,0.09,0.0,0.0,1.0,1.0,0.0,1,95606.0
0,tcp,systat,REJ,0,0,0,0,0,0,0,0,0,231,0.0,0.0,1.0,1.0,0.02,0.07,0.0,255,4,0.02,0.07,0.0,0.0,0.0,0.0,1.0,1,28076.0
0,tcp,http,SF,315,21778,0,0,1,0,0,0,0,3,0.0,0.0,0.0,0.0,1.0,0.0,0.0,24,255,1.0,0.0,0.04,0.02,0.0,0.01,0.0,0,96466.0
0,tcp,ftp_data,SF,276,0,0,0,1,0,0,0,0,1,0.0,0.0,0.0,0.0,1.0,0.0,0.0,41,64,0.78,0.05,0.78,0.05,0.0,0.02,0.0,0,30747.0
0,tcp,domain,SF,48,244,0,0,1,0,0,0,0,5,0.0,0.0,0.0,0.0,0.2,0.4,0.0,255,1,0.0,0.01,0.0,0.0,0.0,0.0,0.0,0,21454.0
0,tcp,private,RSTR,0,0,0,0,0,0,0,0,0,1,0.0,0.0,1.0,1.0,1.0,0.0,0.0,243,1,0.0,0.33,0.31,0.0,0.0,0.0,1.0,1,114356.0
0,tcp,http_443,S0,0,0,0,0,0,0,0,0,0,104,1.0,1.0,0.0,0.0,0.1,0.06,0.0,255,16,0.06,0.07,0.0,0.0,1.0,1.0,0.0,1,16937.0
0,tcp,http,SF,284,905,0,0,1,0,0,0,0,6,0.0,0.0,0.0,0.0,1.0,0.0,0.0,34,255,1.0,0.0,0.03,0.02,0.0,0.0,0.0,0,41208.0
0,tcp,private,S0,0,0,0,0,0,0,0,0,0,202,1.0,1.0,0.0,0.0,0.12,0.05,0.0,255,24,0.09,0.06,0.0,0.0,1.0,1.0,0.0,1,9079.0
0,udp,domain_u,SF,34,0,0,0,0,0,0,0,0,1,0.0,0.0,0.0,0.0,1.0,0.0,1.0,21,29,0.24,0.19,0.24,0.07,0.0,0.0,0.0,0,83634.0
310,tcp,telnet,SF,595,121612,0,1,1,187,2,187,0,1,0.0,0.0,0.0,0.0,1.0,0.0,0.0,255,1,0.0,0.01,0.0,0.0,0.0,0.0,0.0,0,115868.0
0,tcp,vmnet,S0,0,0,0,0,0,0,0,0,0,123,1.0,1.0,0.0,0.0,0.14,0.07,0.0,255,17,0.07,0.07,0.0,0.0,1.0,1.0,0.0,1,120919.0
0,tcp,private,S0,0,0,0,0,0,0,0,0,0,257,1.0,1.0,0.0,0.0,0.07,0.06,0.0,255,3,0.01,0.09,0.0,0.0,1.0,1.0,0.0,1,44873.0
0,tcp,finger,S0,0,0,0,0,0,0,0,0,0,67,1.0,1.0,0.0,0.0,0.25,0.06,0.0,255,64,0.25,0.02,0.02,0.0,1.0,1.0,0.0,1,15055.0
1,tcp,smtp,SF,1517,332,0,0,1,0,0,0,0,1,0.0,0.0,0.0,0.0,1.0,0.0,1.0,32,186,0.62,0.12,0.03,0.02,0.0,0.01,0.0,0,15378.0
0,tcp,http,SF,298,439,0,0,1,0,0,0,0,1,0.0,0.0,0.0,0.0,1.0,0.0,0.0,63,255,1.0,0.0,0.02,0.06,0.0,0.0,0.01,0,123110.0
0,tcp,http,SF,278,8596,0,0,1,0,0,0,0,15,0.0,0.0,0.0,0.0,1.0,0.0,0.0,22,255,1.0,0.0,0.05,0.02,0.0,0.0,0.0,0,4174.0
0,tcp,time,S0,0,0,0,0,0,0,0,0,0,282,1.0,1.0,0.0,0.0,0.06,0.06,0.0,255,17,0.07,0.06,0.0,0.0,1.0,1.0,0.0,1,76850.0
0,tcp,ftp_data,S0,0,0,0,0,0,0,0,0,0,36,1.0,1.0,0.0,0.0,0.44,0.06,0.0,38,62,0.42,0.08,0.05,0.03,0.95,0.26,0.0,1,92671.0
0,tcp,finger,S0,0,0,0,0,0,0,0,0,0,183,1.0,1.0,0.0,0.0,0.03,0.08,0.0,255,5,0.02,0.08,0.0,0.0,1.0,1.0,0.0,1,53931.0
0,tcp,http,SF,190,1490,0,0,1,0,0,0,0,3,0.0,0.0,0.0,0.0,1.0,0.0,0.0,3,255,1.0,0.0,0.33,0.06,0.0,0.0,0.0,0,21487.0
0,tcp,smtp,SF,950,330,0,0,1,0,0,0,0,1,0.0,0.0,0.0,0.0,1.0,0.0,0.0,36,27,0.75,0.08,0.03,0.0,0.0,0.0,0.0,0,46257.0
0,tcp,hostnames,REJ,0,0,0,0,0,0,0,0,0,282,0.0,0.0,1.0,1.0,0.04,0.06,0.0,255,12,0.05,0.07,0.0,0.0,0.0,0.0,1.0,1,52013.0
0,tcp,smtp,SF,1178,478,0,0,1,0,0,0,0,1,0.0,0.0,0.0,0.0,1.0,0.0,0.0,255,27,0.11,0.02,0.0,0.0,0.0,0.0,0.0,0,59205.0
27,tcp,ftp,SF,953,2720,0,15,1,0,0,0,0,1,0.0,0.0,0.0,0.0,1.0,0.0,0.0,233,48,0.21,0.02,0.0,0.0,0.0,0.0,0.0,0,41739.0
0,tcp,other,REJ,0,0,0,0,0,0,0,0,0,509,0.07,0.0,0.93,1.0,0.0,1.0,0.0,255,1,0.0,1.0,0.0,0.0,0.04,0.0,1.0,1,115271.0
0,tcp,smtp,SF,1318,328,0,0,1,0,0,0,0,1,0.0,0.0,0.0,0.0,1.0,0.0,1.0,75,148,0.44,0.04,0.01,0.01,0.0,0.0,0.0,0,117984.0
0,icmp,eco_i,SF,18,0,0,0,0,0,0,0,0,1,0.0,0.0,0.0,0.0,1.0,0.0,0.0,1,61,1.0,0.0,1.0,0.26,0.0,0.0,0.0,1,30048.0
0,tcp,private,REJ,0,0,0,0,0,0,0,0,0,133,0.0,0.0,1.0,1.0,0.14,0.07,0.0,158,19,0.12,0.07,0.01,0.0,0.0,0.0,1.0,1,125014.0
0,tcp,http_443,S0,0,0,0,0,0,0,0,0,0,104,1.0,1.0,0.0,0.0,0.02,0.07,0.0,255,13,0.05,0.06,0.0,0.0,1.0,1.0,0.0,1,36006.0
1,tcp,smtp,SF,1701,328,0,0,1,0,0,0,0,1,0.0,0.0,0.0,0.0,1.0,0.0,1.0,255,122,0.48,0.02,0.0,0.0,0.0,0.01,0.0,0,22865.0
0,tcp,ftp_data,SF,245,0,0,0,0,0,0,0,0,2,0.0,0.0,0.0,0.0,0.5,1.0,0.0,3,2,0.67,0.67,0.67,0.0,0.0,0.0,0.0,0,110312.0
0,tcp,http,SF,289,10862,0,0,1,0,0,0,0,7,0.0,0.0,0.0,0.0,1.0,0.0,0.33,255,255,1.0,0.0,0.0,0.0,0.0,0.0,0.0,0,86414.0
0,tcp,http,SF,261,935,0,0,1,0,0,0,0,6,0.0,0.0,0.0,0.0,1.0,0.0,0.18,255,255,1.0,0.0,0.0,0.0,0.0,0.0,0.0,0,89773.0
0,tcp,smtp,SF,1362,334,0,0,1,0,0,0,0,1,0.0,0.0,0.0,0.0,1.0,0.0,0.0,86,54,0.63,0.06,0.01,0.0,0.0,0.0,0.0,0,99108.0
0,tcp,private,REJ,0,0,0,0,0,0,0,0,0,65,0.0,0.0,1.0,1.0,0.09,0.06,0.0,255,6,0.02,0.06,0.0,0.0,0.0,0.0,1.0,1,111525.0
0,tcp,http,SF,222,623,0,0,1,0,0,0,0,5,0.0,0.0,0.0,0.0,1.0,0.0,0.33,5,255,1.0,0.0,0.2,0.04,0.0,0.0,0.0,0,125793.0
0,udp,domain_u,SF,46,134,0,0,0,0,0,0,0,67,0.0,0.0,0.0,0.0,0.99,0.03,0.01,255,241,0.95,0.01,0.0,0.0,0.0,0.0,0.0,0,63889.0
0,tcp,http,REJ,0,0,0,0,0,0,0,0,0,224,0.0,0.0,1.0,1.0,0.05,0.07,0.0,255,12,0.05,0.07,0.0,0.0,0.0,0.0,1.0,1,15694.0
1,tcp,smtp,SF,1008,330,0,0,1,0,0,0,0,1,0.0,0.0,0.0,0.0,1.0,0.0,1.0,157,125,0.4,0.03,0.01,0.02,0.0,0.0,0.0,0,53068.0
0,icmp,ecr_i,SF,1032,0,0,0,0,0,0,0,0,511,0.0,0.0,0.0,0.0,1.0,0.0,0.0,255,33,0.13,0.09,0.13,0.0,0.09,0.0,0.0,1,43982.0
0,udp,domain_u,SF,35,0,0,0,0,0,0,0,0,2,0.0,0.0,0.0,0.0,1.0,0.0,0.29,126,14,0.11,0.05,0.11,0.0,0.0,0.0,0.0,0,57940.0
0,tcp,private,S0,0,0,0,0,0,0,0,0,0,145,1.0,1.0,0.0,0.0,0.08,0.06,0.0,255,3,0.01,0.06,0.0,0.0,1.0,1.0,0.0,1,21939.0
0,tcp,ftp_data,SF,607,0,0,0,0,0,0,0,0,2,0.0,0.0,0.0,0.0,1.0,0.0,0.0,52,6,0.12,0.08,0.12,0.0,0.0,0.0,0.0,0,72811.0
0,tcp,http,REJ,0,0,0,0,0,0,0,0,0,1,0.0,0.0,1.0,1.0,1.0,0.0,0.0,73,150,1.0,0.0,0.01,0.03,0.0,0.0,0.79,0,61786.0
0,udp,ntp_u,SF,48,48,0,0,0,0,0,0,0,1,0.0,0.0,0.0,0.0,1.0,0.0,0.0,255,15,0.06,0.01,0.06,0.0,0.0,0.0,0.0,0,70786.0
0,tcp,private,S0,0,0,0,0,0,0,0,0,0,84,1.0,1.0,0.0,0.0,0.11,0.07,0.0,255,4,0.02,0.07,0.0,0.0,1.0,1.0,0.0,1,16963.0
0,udp,domain_u,SF,42,42,0,0,0,0,0,0,0,209,0.0,0.0,0.0,0.0,1.0,0.0,0.0,255,255,1.0,0.0,0.01,0.0,0.0,0.0,0.0,0,31779.0
2,tcp,ftp_data,SF,2280318,0,0,0,1,0,0,0,0,2,0.0,0.0,0.0,0.0,1.0,0.0,0.67,67,89,0.18,0.06,0.18,0.02,0.0,0.0,0.0,0,3337.0
0,tcp,http,SF,256,2255,0,0,1,0,0,0,0,15,0.0,0.0,0.0,0.0,1.0,0.0,0.0,255,255,1.0,0.0,0.0,0.0,0.0,0.0,0.02,0,45702.0
0,tcp,discard,S0,0,0,0,0,0,0,0,0,0,8,1.0,1.0,0.0,0.0,0.38,0.25,0.0,255,3,0.01,0.08,0.0,0.0,1.0,1.0,0.0,1,82413.0
0,udp,domain_u,SF,42,42,0,0,0,0,0,0,0,3,0.0,0.0,0.0,0.0,1.0,0.0,0.5,255,243,0.95,0.01,0.01,0.0,0.0,0.0,0.0,0,113260.0
0,tcp,ftp_data,SF,334,0,0,0,1,0,0,0,0,1,0.0,0.0,0.0,0.0,1.0,0.0,0.0,1,44,1.0,0.0,1.0,0.11,0.0,0.0,0.0,1,121305.0
0,udp,domain_u,SF,44,70,0,0,0,0,0,0,0,230,0.0,0.0,0.0,0.0,1.0,0.0,0.0,255,255,1.0,0.0,0.01,0.0,0.0,0.0,0.0,0,79789.0
0,tcp,private,S0,0,0,0,0,0,0,0,0,0,288,1.0,1.0,0.0,0.0,0.06,0.06,0.0,255,1,0.0,0.07,0.0,0.0,1.0,1.0,0.0,1,17169.0
0,tcp,http,REJ,0,0,0,0,0,0,0,0,0,1,0.0,0.0,1.0,1.0,1.0,0.0,0.0,33,250,1.0,0.0,0.03,0.01,0.0,0.0,0.14,0,6402.0
0,tcp,private,REJ,0,0,0,0,0,0,0,0,0,126,0.01,0.0,0.92,1.0,0.01,1.0,0.0,255,1,0.0,0.51,0.01,0.0,0.0,0.0,1.0,1,7372.0
0,tcp,http,SF,326,4405,0,0,1,0,0,0,0,11,0.0,0.0,0.0,0.0,1.0,0.0,0.0,38,255,1.0,0.0,0.03,0.01,0.0,0.0,0.0,0,76863.0
16,tcp,ftp_data,S3,568,0,0,0,1,0,0,6,0,1,1.0,1.0,0.0,0.0,1.0,0.0,0.0,167,19,0.03,0.04,0.03,0.11,0.01,0.05,0.0,0,120788.0
0,tcp,private,S0,0,0,0,0,0,0,0,0,0,119,1.0,1.0,0.0,0.0,0.15,0.06,0.0,147,3,0.02,0.11,0.01,0.0,1.0,1.0,0.0,1,93532.0
0,tcp,telnet,S0,0,0,0,0,0,0,0,0,0,70,1.0,1.0,0.0,0.0,0.14,0.06,0.0,255,10,0.04,0.06,0.0,0.0,1.0,1.0,0.0,1,25945.0
0,tcp,domain,S0,0,0,0,0,0,0,0,0,0,294,1.0,1.0,0.0,0.0,0.05,0.06,0.0,255,13,0.05,0.06,0.0,0.0,1.0,1.0,0.0,1,24112.0
0,tcp,http,SF,217,6297,0,0,1,0,0,0,0,7,0.0,0.0,0.0,0.0,1.0,0.0,0.0,113,255,1.0,0.0,0.01,0.02,0.0,0.0,0.06,0,39527.0
0,tcp,http,SF,302,572,0,0,1,0,0,0,0,3,0.0,0.0,0.0,0.0,1.0,0.0,0.0,3,255,1.0,0.0,0.33,0.03,0.0,0.0,0.0,0,8489.0
0,tcp,supdup,S0,0,0,0,0,0,0,0,0,0,227,1.0,1.0,0.0,0.0,0.05,0.07,0.0,255,11,0.04,0.08,0.0,0.0,1.0,1.0,0.0,1,52519.0
41606,tcp,mtp,RSTR,1,0,0,0,0,0,0,0,0,2,0.0,0.0,1.0,1.0,1.0,0.0,0.0,234,2,0.01,0.25,0.49,0.0,0.0,0.0,1.0,1,71750.0
0,tcp,http,SF,259,1288,0,0,1,0,0,0,0,43,0.02,0.02,0.0,0.0,1.0,0.0,0.0,255,255,1.0,0.0,0.0,0.0,0.0,0.0,0.0,0,108275.0
0,tcp,vmnet,S0,0,0,0,0,0,0,0,0,0,288,1.0,1.0,0.0,0.0,0.08,0.05,0.0,255,22,0.09,0.05,0.0,0.0,1.0,1.0,0.0,1,91485.0
0,tcp,http,SF,204,1337,0,0,1,0,0,0,0,30,0.0,0.0,0.0,0.0,1.0,0.0,0.06,255,255,1.0,0.0,0.0,0.0,0.0,0.0,0.0,0,68555.0
0,icmp,eco_i,SF,30,0,0,0,0,0,0,0,0,1,0.0,0.0,0.0,0.0,1.0,0.0,0.0,76,131,1.0,0.0,1.0,0.22,0.0,0.0,0.0,0,68090.0
0,tcp,http,SF,224,4073,0,0,1,0,0,0,0,3,0.0,0.0,0.0,0.0,1.0,0.0,0.14,255,255,1.0,0.0,0.0,0.0,0.0,0.0,0.0,0,106328.0
0,tcp,ftp_data,SF,10073,0,0,0,0,0,0,0,0,15,0.0,0.0,0.0,0.0,1.0,0.0,0.0,255,100,0.39,0.02,0.39,0.0,0.0,0.0,0.0,0,93660.0
0,icmp,urp_i,SF,182,0,0,0,0,0,0,0,0,2,0.0,0.0,0.0,0.0,0.5,1.0,0.0,255,20,0.08,0.01,0.1,0.0,0.0,0.0,0.0,0,105706.0
0,tcp,private,S0,0,0,0,0,0,0,0,0,0,145,1.0,1.0,0.0,0.0,0.05,0.06,0.0,255,4,0.02,0.08,0.0,0.0,1.0,1.0,0.0,1,25553.0
0,tcp,exec,S0,0,0,0,0,0,0,0,0,0,132,1.0,1.0,0.0,0.0,0.08,0.06,0.0,255,3,0.01,0.07,0.0,0.0,1.0,1.0,0.0,1,21778.0
0,tcp,http,SF,219,4823,0,0,1,0,0,0,0,3,0.0,0.0,0.0,0.0,1.0,0.0,0.0,3,255,1.0,0.0,0.33,0.02,0.0,0.01,0.0,0,30025.0
0,tcp,http,SF,240,492,0,0,1,0,0,0,0,2,0.0,0.0,0.0,0.0,1.0,0.0,0.67,12,255,1.0,0.0,0.08,0.04,0.0,0.0,0.0,0,64572.0
0,udp,domain_u,SF,43,77,0,0,0,0,0,0,0,255,0.0,0.0,0.0,0.0,1.0,0.0,0.0,255,225,0.88,0.01,0.0,0.0,0.0,0.0,0.0,0,112726.0
0,tcp,ftp_data,SF,245,0,0,0,0,0,0,0,0,2,0.0,0.0,0.0,0.0,1.0,0.0,0.0,255,105,0.41,0.03,0.41,0.0,0.0,0.0,0.0,0,86010.0
0,tcp,http,SF,313,2083,0,0,1,0,0,0,0,2,0.0,0.0,0.0,0.0,1.0,0.0,0.0,82,255,1.0,0.0,0.01,0.02,0.0,0.0,0.0,0,92975.0
0,tcp,http,SF,377,9976,0,0,1,0,0,0,0,4,0.0,0.0,0.0,0.0,1.0,0.0,0.0,103,255,1.0,0.0,0.01,0.04,0.0,0.0,0.0,0,77588.0
0,udp,domain_u,SF,36,0,0,0,0,0,0,0,0,6,0.0,0.0,0.0,0.0,1.0,0.0,0.0,32,32,1.0,0.0,1.0,0.0,0.0,0.0,0.0,0,94137.0
0,tcp,private,REJ,0,0,0,0,0,0,0,0,0,62,0.11,0.0,0.89,1.0,0.02,1.0,0.0,255,1,0.0,0.52,0.0,0.0,0.03,0.0,1.0,1,104791.0
0,tcp,private,S0,0,0,0,0,0,0,0,0,0,71,1.0,1.0,0.0,0.0,0.1,0.1,0.0,255,7,0.03,0.07,0.0,0.0,1.0,1.0,0.0,1,18774.0
1,tcp,smtp,SF,2014,332,0,0,1,0,0,0,0,1,0.0,0.0,0.0,0.0,1.0,0.0,1.0,221,143,0.51,0.03,0.0,0.01,0.0,0.0,0.0,0,108580.0
6,tcp,smtp,SF,1311,329,0,0,1,0,0,0,0,1,0.0,0.0,0.0,0.0,1.0,0.0,1.0,112,177,0.74,0.03,0.01,0.01,0.0,0.0,0.0,0,120934.0
1,tcp,smtp,SF,1161,329,0,0,1,0,0,0,0,1,0.0,0.0,0.0,0.0,1.0,0.0,1.0,83,181,0.41,0.04,0.01,0.02,0.01,0.0,0.0,0,11043.0
0,tcp,private,REJ,0,0,0,0,0,0,0,0,0,161,0.0,0.0,1.0,1.0,0.07,0.07,0.0,255,12,0.05,0.08,0.0,0.0,0.0,0.0,1.0,1,36122.0
0,tcp,sunrpc,S0,0,0,0,0,0,0,0,0,0,248,1.0,1.0,0.0,0.0,0.05,0.06,0.0,255,13,0.05,0.07,0.0,0.0,1.0,1.0,0.0,1,12845.0
0,tcp,http,SF,314,1415,0,0,1,0,0,0,0,6,0.0,0.0,0.0,0.0,1.0,0.0,0.25,114,114,1.0,0.0,0.01,0.0,0.0,0.0,0.0,0,109930.0
0,tcp,http,REJ,0,0,0,0,0,0,0,0,0,1,0.0,0.0,1.0,1.0,1.0,0.0,0.0,1,255,1.0,0.0,1.0,0.22,0.0,0.0,0.97,0,77859.0
0,udp,domain_u,SF,44,44,0,0,0,0,0,0,0,123,0.0,0.0,0.0,0.0,1.0,0.0,0.02,255,227,0.89,0.01,0.01,0.0,0.0,0.0,0.0,0,6083.0
5253,udp,other,SF,147,105,0,0,0,0,0,0,0,1,0.0,0.0,0.0,0.0,1.0,0.0,0.0,255,2,0.01,0.49,0.89,0.0,0.0,0.0,0.0,0,39767.0
0,icmp,eco_i,SF,30,0,0,0,0,0,0,0,0,2,0.0,0.0,0.0,0.0,1.0,0.0,0.0,237,237,1.0,0.0,1.0,0.0,0.0,0.0,0.0,0,125847.0
0,tcp,private,S0,0,0,0,0,0,0,0,0,0,132,1.0,1.0,0.0,0.0,0.12,0.05,0.0,255,26,0.1,0.06,0.0,0.0,1.0,1.0,0.0,1,97158.0
0,tcp,telnet,S0,0,0,0,0,0,0,0,0,0,234,1.0,1.0,0.0,0.0,0.04,0.07,0.0,255,1,0.0,0.07,0.0,0.0,1.0,1.0,0.0,1,16699.0
0,tcp,auth,REJ,0,0,0,0,0,0,0,0,0,269,0.0,0.0,1.0,1.0,0.04,0.06,0.0,255,11,0.04,0.07,0.0,0.0,0.0,0.0,1.0,1,121544.0
0,tcp,ftp_data,SF,607,0,0,0,0,0,0,0,0,1,0.0,0.0,0.0,0.0,1.0,0.0,0.0,255,104,0.41,0.02,0.41,0.0,0.0,0.0,0.0,0,121347.0
0,tcp,smtp,S0,0,0,0,0,0,0,0,0,0,2,0.5,0.33,0.0,0.0,1.0,0.0,0.67,32,117,0.62,0.16,0.06,0.02,0.03,0.01,0.0,0,21088.0
0,udp,domain_u,SF,44,132,0,0,0,0,0,0,0,47,0.0,0.0,0.0,0.0,1.0,0.0,0.02,255,255,1.0,0.0,0.0,0.0,0.0,0.0,0.0,0,46491.0
1,tcp,http,SF,152,8718,0,0,1,0,0,0,0,1,0.0,0.0,0.0,0.0,1.0,0.0,0.0,197,255,1.0,0.0,0.01,0.02,0.0,0.0,0.0,0,75524.0
0,tcp,smtp,SF,834,334,0,0,1,0,0,0,0,1,0.0,0.0,0.0,0.0,1.0,0.0,0.0,95,188,0.76,0.04,0.01,0.01,0.0,0.0,0.0,0,59735.0
0,tcp,http,SF,212,1357,0,0,1,0,0,0,0,16,0.0,0.0,0.0,0.0,1.0,0.0,0.0,44,255,1.0,0.0,0.02,0.05,0.0,0.0,0.0,0,27410.0
0,tcp,http,SF,336,668,0,0,1,0,0,0,0,18,0.0,0.0,0.0,0.0,1.0,0.0,0.0,255,255,1.0,0.0,0.0,0.0,0.0,0.0,0.0,0,44093.0
0,tcp,printer,S0,0,0,0,0,0,0,0,0,0,146,1.0,1.0,0.0,0.0,0.17,0.05,0.0,255,25,0.1,0.05,0.0,0.0,1.0,1.0,0.0,1,23933.0
0,tcp,private,S0,0,0,0,0,0,0,0,0,0,228,1.0,1.0,0.0,0.0,0.03,0.06,0.0,255,20,0.08,0.07,0.0,0.0,1.0,1.0,0.0,1,109789.0
0,icmp,eco_i,SF,8,0,0,0,0,0,0,0,0,1,0.0,0.0,0.0,0.0,1.0,0.0,1.0,2,62,1.0,0.0,1.0,0.5,0.0,0.0,0.0,1,90055.0
0,tcp,ftp_data,REJ,0,0,0,0,0,0,0,0,0,469,0.07,0.0,0.9,1.0,0.03,0.97,0.0,255,14,0.05,0.95,0.0,0.0,0.08,0.0,1.0,1,110216.0
0,tcp,http,SF,215,288,0,0,1,0,0,0,0,11,0.09,0.09,0.0,0.0,1.0,0.0,0.0,62,255,1.0,0.0,0.02,0.05,0.02,0.0,0.0,0,66721.0
0,tcp,http,SF,220,10986,0,0,1,0,0,0,0,21,0.0,0.0,0.0,0.0,1.0,0.0,0.11,239,255,1.0,0.0,0.0,0.01,0.0,0.0,0.0,0,85771.0
0,tcp,http,SF,320,255,0,0,1,0,0,0,0,10,0.0,0.0,0.0,0.0,1.0,0.0,0.24,255,255,1.0,0.0,0.0,0.0,0.0,0.0,0.0,0,117709.0
0,tcp,efs,S0,0,0,0,0,0,0,0,0,0,146,1.0,1.0,0.0,0.0,0.16,0.05,0.0,255,24,0.09,0.05,0.0,0.0,1.0,1.0,0.0,1,123970.0
0,tcp,bgp,S0,0,0,0,0,0,0,0,0,0,201,1.0,1.0,0.0,0.0,0.09,0.05,0.0,255,18,0.07,0.05,0.0,0.0,1.0,1.0,0.0,1,97008.0
0,tcp,http,SF,329,6153,0,0,1,0,0,0,0,7,0.0,0.0,0.0,0.0,1.0,0.0,0.0,7,105,1.0,0.0,0.14,0.02,0.0,0.0,0.0,0,58241.0
0,tcp,http,REJ,0,0,0,0,0,0,0,0,0,1,0.0,0.0,1.0,1.0,1.0,0.0,1.0,50,251,1.0,0.0,0.02,0.04,0.0,0.0,0.98,0,119144.0
0,tcp,auth,S0,0,0,0,0,0,0,0,0,0,239,1.0,1.0,0.0,0.0,0.1,0.05,0.0,255,23,0.09,0.05,0.0,0.0,1.0,1.0,0.0,1,17969.0
0,tcp,http,SF,284,716,0,0,1,0,0,0,0,4,0.0,0.0,0.0,0.0,1.0,0.0,0.0,72,245,1.0,0.0,0.01,0.19,0.0,0.0,0.76,0,113621.0
0,tcp,http,REJ,0,0,0,0,0,0,0,0,0,1,0.0,0.95,1.0,0.05,1.0,0.0,0.1,68,50,0.74,0.07,0.01,0.0,0.03,0.0,1.0,0,120923.0
0,tcp,smtp,S0,0,0,0,0,0,0,0,0,0,272,1.0,1.0,0.0,0.0,0.0,0.06,0.0,255,3,0.01,0.07,0.0,0.0,1.0,1.0,0.0,1,10709.0
0,tcp,private,S0,0,0,0,0,0,0,0,0,0,62,1.0,1.0,0.0,0.0,0.24,0.1,0.0,255,15,0.06,0.08,0.0,0.0,1.0,1.0,0.0,1,38647.0
0,tcp,gopher,S0,0,0,0,0,0,0,0,0,0,227,1.0,1.0,0.0,0.0,0.02,0.06,0.0,255,4,0.02,0.06,0.0,0.0,1.0,1.0,0.0,1,109300.0
0,tcp,smtp,SF,675,366,0,0,1,0,0,0,0,1,0.0,0.0,0.0,0.0,1.0,0.0,0.0,153,118,0.77,0.03,0.01,0.0,0.0,0.0,0.0,0,93274.0
0,tcp,http,SF,219,12922,0,0,1,0,0,0,0,33,0.0,0.0,0.0,0.0,1.0,0.0,0.0,255,255,1.0,0.0,0.0,0.0,0.0,0.0,0.0,0,70563.0
0,tcp,http,SF,370,415,0,0,1,0,0,0,0,1,0.0,0.0,0.0,0.0,1.0,0.0,0.0,2,255,1.0,0.0,0.5,0.05,0.0,0.0,0.0,0,43676.0
0,tcp,http,SF,246,1240,0,0,1,0,0,0,0,14,0.0,0.0,0.0,0.0,1.0,0.0,0.13,26,255,1.0,0.0,0.04,0.02,0.0,0.0,0.02,0,56114.0
1,tcp,smtp,SF,1295,375,0,0,1,0,0,0,0,1,0.0,0.0,0.0,0.0,1.0,0.0,1.0,255,116,0.45,0.11,0.0,0.0,0.01,0.0,0.0,0,13300.0
0,tcp,http,SF,158,10144,0,0,1,0,0,0,0,3,0.0,0.0,0.0,0.0,1.0,0.0,0.0,75,255,1.0,0.0,0.01,0.04,0.0,0.0,0.0,0,18841.0
0,icmp,eco_i,SF,8,0,0,0,0,0,0,0,0,1,0.0,0.0,0.0,0.0,1.0,0.0,1.0,1,171,1.0,0.0,1.0,0.5,0.0,0.0,0.0,1,79419.0
0,tcp,http,SF,209,401,0,0,1,0,0,0,0,8,0.0,0.0,0.0,0.0,1.0,0.0,0.0,62,255,1.0,0.0,0.02,0.03,0.0,0.0,0.0,0,39771.0
0,tcp,supdup,S0,0,0,0,0,0,0,0,0,0,118,1.0,1.0,0.0,0.0,0.08,0.08,0.0,255,10,0.04,0.07,0.0,0.0,1.0,1.0,0.0,1,48997.0
33,tcp,smtp,SF,1613,331,0,0,1,0,0,0,0,2,0.0,0.0,0.0,0.0,1.0,0.0,0.75,169,192,0.76,0.02,0.01,0.01,0.0,0.0,0.0,0,102307.0
0,tcp,private,S0,0,0,0,0,0,0,0,0,0,126,1.0,1.0,0.0,0.0,0.1,0.06,0.0,255,4,0.02,0.09,0.0,0.0,1.0,1.0,0.0,1,103278.0
3,tcp,ftp_data,SF,2194619,0,0,0,1,0,0,0,0,2,0.0,0.0,0.0,0.0,1.0,0.0,0.0,19,46,0.32,0.16,0.32,0.04,0.0,0.0,0.0,0,119440.0
0,tcp,private,S0,0,0,0,0,0,0,0,0,0,133,1.0,1.0,0.0,0.0,0.15,0.05,0.0,255,19,0.07,0.07,0.0,0.0,1.0,1.0,0.0,1,62099.0
0,tcp,http,SF,289,280,0,0,1,0,0,0,0,23,0.0,0.0,0.0,0.0,1.0,0.0,0.0,255,255,1.0,0.0,0.0,0.0,0.0,0.0,0.0,0,9334.0
0,tcp,http,SF,262,2539,0,0,1,0,0,0,0,1,0.0,0.0,0.0,0.0,1.0,0.0,0.0,255,244,0.96,0.01,0.0,0.0,0.0,0.0,0.0,0,6525.0
0,tcp,private,S0,0,0,0,0,0,0,0,0,0,107,1.0,1.0,0.0,0.0,0.07,0.06,0.0,210,14,0.07,0.09,0.0,0.0,1.0,1.0,0.0,1,68680.0
0,tcp,telnet,S0,0,0,0,0,0,0,0,0,0,49,1.0,1.0,0.0,0.0,0.22,0.08,0.0,255,58,0.23,0.04,0.01,0.0,1.0,1.0,0.0,1,27595.0
0,udp,domain_u,SF,33,0,0,0,0,0,0,0,0,1,0.0,0.0,0.0,0.0,1.0,0.0,0.0,187,16,0.08,0.03,0.08,0.12,0.0,0.0,0.0,0,7647.0
0,tcp,telnet,S0,0,0,0,0,0,0,0,0,0,269,1.0,1.0,0.0,0.0,0.07,0.06,0.0,255,2,0.01,0.07,0.0,0.0,1.0,1.0,0.0,1,116074.0
0,tcp,http,SF,340,7937,0,0,1,0,0,0,0,8,0.0,0.0,0.0,0.0,1.0,0.0,0.0,255,255,1.0,0.0,0.0,0.0,0.0,0.0,0.0,0,97319.0
0,tcp,bgp,S0,0,0,0,0,0,0,0,0,0,281,1.0,1.0,0.0,0.0,0.01,0.06,0.0,255,17,0.07,0.07,0.0,0.0,1.0,1.0,0.0,1,51553.0
0,tcp,uucp,S0,0,0,0,0,0,0,0,0,0,103,1.0,1.0,0.0,0.0,0.03,0.07,0.0,255,12,0.05,0.07,0.0,0.0,1.0,1.0,0.0,1,83619.0
0,tcp,http,SF,308,1565,0,0,1,0,0,0,0,3,0.0,0.0,0.0,0.0,1.0,0.0,0.0,113,142,1.0,0.0,0.01,0.02,0.0,0.01,0.06,0,40099.0
0,tcp,other,REJ,0,0,0,0,0,0,0,0,0,511,0.25,0.0,0.75,1.0,0.0,1.0,0.0,255,1,0.0,1.0,0.0,0.0,0.26,0.0,1.0,1,67678.0
0,tcp,supdup,S0,0,0,0,0,0,0,0,0,0,217,1.0,1.0,0.0,0.0,0.09,0.06,0.0,255,18,0.07,0.08,0.0,0.0,1.0,1.0,0.0,1,33180.0
0,tcp,http,SF,232,2180,0,0,1,0,0,0,0,22,0.0,0.0,0.0,0.0,1.0,0.0,0.0,22,255,1.0,0.0,0.05,0.04,0.0,0.0,0.0,0,122383.0
0,tcp,http,SF,318,2462,0,0,1,0,0,0,0,4,0.0,0.0,0.0,0.0,1.0,0.0,0.43,90,255,1.0,0.0,0.01,0.05,0.0,0.0,0.0,0,102134.0
0,tcp,smtp,SF,958,335,0,0,1,0,0,0,0,1,0.0,0.0,0.0,0.0,1.0,0.0,0.0,114,203,0.82,0.04,0.01,0.01,0.0,0.0,0.0,0,45012.0
0,tcp,http,SF,305,3797,0,0,1,0,0,0,0,19,0.0,0.0,0.0,0.0,1.0,0.0,0.0,35,255,1.0,0.0,0.03,0.01,0.0,0.01,0.0,0,29284.0
0,tcp,http,SF,322,1215,0,0,1,0,0,0,0,10,0.0,0.0,0.0,0.0,1.0,0.0,0.25,27,255,1.0,0.0,0.04,0.05,0.0,0.0,0.0,0,94804.0
0,tcp,http,SF,266,2066,0,0,1,0,0,0,0,1,0.0,0.0,0.0,0.0,1.0,0.0,0.29,255,255,1.0,0.0,0.0,0.0,0.0,0.0,0.0,0,91758.0
0,tcp,finger,S0,0,0,0,0,0,0,0,0,0,8,1.0,1.0,0.0,0.0,0.25,0.25,0.0,255,62,0.24,0.02,0.01,0.0,1.0,1.0,0.0,1,83186.0
0,tcp,private,S0,0,0,0,0,0,0,0,0,0,295,1.0,1.0,0.0,0.0,0.07,0.05,0.0,255,13,0.05,0.06,0.0,0.0,1.0,1.0,0.0,1,68250.0
0,udp,other,SF,5,0,0,0,0,0,0,0,0,3,0.0,0.0,0.0,0.0,0.33,1.0,0.0,255,4,0.02,0.02,0.02,0.0,0.0,0.0,0.0,1,49065.0
0,tcp,http,SF,329,4722,0,0,1,0,0,0,0,9,0.0,0.0,0.0,0.0,1.0,0.0,0.0,52,255,1.0,0.0,0.02,0.02,0.0,0.0,0.0,0,104753.0
0,udp,domain_u,SF,44,132,0,0,0,0,0,0,0,72,0.0,0.0,0.0,0.0,1.0,0.0,0.01,255,254,1.0,0.01,0.0,0.0,0.0,0.0,0.0,0,22572.0
0,tcp,http,REJ,0,0,0,0,0,0,0,0,0,1,0.0,0.0,1.0,1.0,1.0,0.0,0.0,1,196,1.0,0.0,1.0,0.27,0.0,0.0,1.0,0,80353.0
0,tcp,smtp,S0,0,0,0,0,0,0,0,0,0,2,0.5,0.5,0.0,0.0,1.0,0.0,0.0,226,115,0.46,0.03,0.01,0.02,0.01,0.01,0.0,0,32183.0
0,tcp,name,REJ,0,0,0,0,0,0,0,0,0,246,0.0,0.0,1.0,1.0,0.07,0.07,0.0,255,16,0.06,0.08,0.0,0.0,0.0,0.0,1.0,1,19589.0
0,icmp,ecr_i,SF,520,0,0,0,0,0,0,0,0,482,0.0,0.0,0.0,0.0,1.0,0.0,0.0,139,139,1.0,0.0,1.0,0.0,0.0,0.0,0.0,1,54318.0
0,icmp,ecr_i,SF,520,0,0,0,0,0,0,0,0,22,0.0,0.0,0.0,0.0,1.0,0.0,0.0,255,255,1.0,0.0,1.0,0.0,0.0,0.0,0.0,1,93903.0
0,tcp,http,SF,207,288,0,0,1,0,0,0,0,16,0.0,0.0,0.0,0.0,1.0,0.0,0.0,140,255,1.0,0.0,0.01,0.03,0.0,0.0,0.0,0,96300.0
0,tcp,remote_job,S0,0,0,0,0,0,0,0,0,0,214,1.0,1.0,0.0,0.0,0.09,0.06,0.0,255,20,0.08,0.06,0.0,0.0,1.0,1.0,0.0,1,105462.0
0,tcp,http,SF,294,1701,0,0,1,0,0,0,0,9,0.0,0.0,0.0,0.0,1.0,0.0,0.0,255,255,1.0,0.0,0.0,0.0,0.01,0.01,0.0,0,65996.0
0,tcp,http,SF,305,458,0,0,1,0,0,0,0,2,0.0,0.0,0.0,0.0,1.0,0.0,0.0,8,255,1.0,0.0,0.12,0.06,0.0,0.0,0.0,0,24789.0
0,tcp,http,SF,219,169,0,0,1,0,0,0,0,5,0.0,0.0,0.0,0.0,1.0,0.0,0.0,97,255,1.0,0.0,0.01,0.02,0.0,0.0,0.0,0,108199.0
0,tcp,sunrpc,RSTO,0,0,0,0,0,0,0,0,0,167,0.0,0.0,1.0,1.0,0.01,0.08,0.0,255,1,0.0,0.08,0.0,0.0,0.0,0.0,1.0,1,108069.0
0,tcp,ftp_data,SF,748,0,0,0,1,0,0,9,0,1,0.0,0.0,0.0,0.0,1.0,0.0,0.0,25,7,0.28,0.08,0.28,0.0,0.0,0.0,0.0,0,24213.0
0,tcp,http,SF,239,613,0,0,1,0,0,0,0,21,0.0,0.0,0.0,0.0,1.0,0.0,0.0,255,255,1.0,0.0,0.0,0.0,0.0,0.0,0.0,0,81379.0
0,tcp,http,SF,337,474,0,0,1,0,0,0,0,1,0.0,0.0,0.0,0.0,1.0,0.0,1.0,16,255,1.0,0.0,0.06,0.03,0.0,0.0,0.0,0,15951.0
0,tcp,private,S0,0,0,0,0,0,0,0,0,0,215,1.0,1.0,0.0,0.0,0.07,0.07,0.0,255,15,0.06,0.06,0.0,0.0,1.0,1.0,0.0,1,48497.0
0,tcp,http,SF,217,784,0,0,1,0,0,0,0,14,0.0,0.0,0.0,0.0,1.0,0.0,0.13,255,255,1.0,0.0,0.0,0.0,0.0,0.0,0.0,0,63646.0
0,udp,private,SF,28,0,3,0,0,0,0,0,0,158,0.63,0.0,0.0,0.0,0.37,0.04,0.0,255,58,0.23,0.78,0.23,0.0,0.09,0.0,0.0,1,80828.0
0,tcp,smtp,SF,1307,327,0,0,1,0,0,0,0,1,0.0,0.0,0.0,0.0,1.0,0.0,0.0,110,124,0.4,0.03,0.01,0.02,0.0,0.0,0.0,0,73017.0
0,tcp,http,SF,225,370,0,0,1,0,0,0,0,21,0.0,0.0,0.0,0.0,1.0,0.0,0.0,132,255,1.0,0.0,0.01,0.05,0.0,0.0,0.0,0,8448.0
0,tcp,http,SF,225,1007,0,0,1,0,0,0,0,19,0.0,0.0,0.0,0.0,1.0,0.0,0.0,255,255,1.0,0.0,0.0,0.0,0.0,0.0,0.0,0,100770.0
0,icmp,ecr_i,SF,1032,0,0,0,0,0,0,0,0,509,0.0,0.0,0.0,0.0,1.0,0.0,0.0,255,230,0.9,0.01,0.9,0.0,0.0,0.0,0.0,1,69679.0
0,icmp,ecr_i,SF,520,0,0,0,0,0,0,0,0,438,0.0,0.0,0.0,0.0,1.0,0.0,0.0,4,4,1.0,0.0,1.0,0.0,0.0,0.0,0.0,1,36854.0
0,tcp,http,SF,290,37009,0,0,1,0,0,0,0,10,0.0,0.0,0.0,0.0,1.0,0.0,0.0,109,255,1.0,0.0,0.01,0.02,0.0,0.0,0.0,0,20705.0
0,udp,domain_u,SF,29,89,0,0,0,0,0,0,0,1,0.0,0.0,0.0,0.0,1.0,0.0,1.0,255,249,0.98,0.01,0.0,0.0,0.0,0.0,0.0,0,34358.0
0,tcp,private,REJ,0,0,0,0,0,0,0,0,0,241,0.0,0.0,1.0,1.0,0.07,0.07,0.0,255,17,0.07,0.08,0.0,0.0,0.0,0.0,1.0,1,68609.0
0,tcp,smtp,SF,2653,328,0,0,1,0,0,0,0,1,0.0,0.0,0.0,0.0,1.0,0.0,0.0,198,245,0.97,0.01,0.01,0.01,0.0,0.0,0.0,0,80410.0
0,tcp,private,REJ,0,0,0,0,0,0,0,0,0,204,0.09,0.0,0.9,1.0,0.0,1.0,0.0,255,1,0.0,0.9,0.0,0.0,0.07,0.0,1.0,1,123485.0
0,tcp,http,SF,288,788,0,0,1,0,0,0,0,7,0.0,0.0,0.0,0.0,1.0,0.0,0.14,13,255,1.0,0.0,0.08,0.01,0.0,0.0,0.0,0,124299.0
0,udp,domain_u,SF,43,75,0,0,0,0,0,0,0,134,0.0,0.0,0.0,0.0,1.0,0.0,0.0,255,254,1.0,0.01,0.01,0.0,0.0,0.0,0.0,0,6146.0
0,tcp,ctf,S0,0,0,0,0,0,0,0,0,0,293,1.0,1.0,0.0,0.0,0.04,0.05,0.0,255,12,0.05,0.08,0.0,0.0,1.0,1.0,0.0,1,38312.0
0,icmp,ecr_i,SF,1032,0,0,0,0,0,0,0,0,319,0.0,0.0,0.0,0.0,1.0,0.0,0.0,255,147,0.58,0.01,0.58,0.0,0.0,0.0,0.0,1,106091.0
0,tcp,http,SF,307,1158,0,0,1,0,0,0,0,9,0.0,0.0,0.0,0.0,1.0,0.0,0.0,183,255,1.0,0.0,0.01,0.03,0.0,0.0,0.0,0,62759.0
0,tcp,http,SF,334,4367,0,0,1,0,0,0,0,3,0.0,0.0,0.0,0.0,1.0,0.0,0.0,34,255,1.0,0.0,0.03,0.05,0.0,0.0,0.0,0,6566.0
0,tcp,http,SF,334,1498,0,0,1,0,0,0,0,33,0.03,0.03,0.0,0.0,1.0,0.0,0.0,33,250,1.0,0.0,0.03,0.01,0.03,0.0,0.0,0,63293.0
0,tcp,private,S0,0,0,0,0,0,0,0,0,0,128,1.0,1.0,0.0,0.0,0.1,0.05,0.0,255,13,0.05,0.05,0.0,0.0,1.0,1.0,0.0,1,60071.0
14479,tcp,telnet,SF,8412,12031,0,0,1,0,0,0,0,1,0.0,0.0,0.0,0.0,1.0,0.0,0.0,64,18,0.27,0.05,0.02,0.11,0.25,0.89,0.0,0,29253.0
0,tcp,private,REJ,0,0,0,0,0,0,0,0,0,201,0.0,0.0,1.0,1.0,0.03,0.06,0.0,255,7,0.03,0.07,0.0,0.0,0.0,0.0,1.0,1,45356.0
0,udp,private,SF,1,0,0,0,0,0,0,0,0,22,0.0,0.0,0.0,0.0,0.09,0.27,0.0,255,2,0.01,0.24,1.0,0.0,0.0,0.0,0.0,1,117906.0
0,tcp,http,SF,241,2631,0,0,1,0,0,0,0,12,0.0,0.0,0.0,0.0,1.0,0.0,0.0,255,255,1.0,0.0,0.01,0.0,0.0,0.0,0.0,0,24549.0
5051,tcp,ftp_data,SF,5135678,0,0,3,1,0,0,0,0,1,0.0,0.0,0.0,0.0,1.0,0.0,0.0,1,34,1.0,0.0,1.0,0.15,0.0,0.0,0.0,1,86287.0
0,tcp,http,SF,214,5790,0,0,1,0,0,0,0,5,0.0,0.0,0.0,0.0,1.0,0.0,0.0,255,255,1.0,0.0,0.0,0.0,0.0,0.0,0.0,0,115323.0
0,tcp,Z39_50,S0,0,0,0,0,0,0,0,0,0,113,1.0,1.0,0.0,0.0,0.09,0.06,0.0,255,13,0.05,0.07,0.0,0.0,1.0,1.0,0.0,1,69057.0
0,tcp,http,SF,297,798,0,0,1,0,0,0,0,4,0.0,0.0,0.0,0.0,1.0,0.0,0.06,22,254,1.0,0.0,0.05,0.05,0.0,0.0,0.0,0,21776.0
0,tcp,uucp_path,S0,0,0,0,0,0,0,0,0,0,113,1.0,1.0,0.0,0.0,0.12,0.05,0.0,255,5,0.02,0.07,0.0,0.0,1.0,1.0,0.0,1,45072.0
0,tcp,http,SF,201,1812,0,0,1,0,0,0,0,8,0.0,0.0,0.0,0.0,1.0,0.0,0.18,62,255,1.0,0.0,0.02,0.04,0.0,0.0,0.0,0,91273.0
7930,tcp,IRC,RSTR,718,8185,0,0,1,0,0,0,0,1,0.0,0.0,1.0,1.0,1.0,0.0,0.0,4,1,0.25,0.5,0.25,0.0,0.0,0.0,1.0,0,64399.0
29,tcp,ftp,SF,1182,3380,0,24,1,0,0,0,0,1,0.0,0.0,0.0,0.0,1.0,0.0,0.0,255,42,0.16,0.02,0.0,0.0,0.0,0.0,0.0,0,39576.0
0,tcp,http,SF,54540,8314,0,2,1,1,0,0,0,3,0.0,0.0,0.0,0.0,1.0,0.0,0.0,72,72,1.0,0.0,0.01,0.0,0.01,0.01,0.01,1,16629.0
0,icmp,ecr_i,SF,1032,0,0,0,0,0,0,0,0,511,0.0,0.0,0.0,0.0,1.0,0.0,0.0,255,119,0.47,0.18,0.47,0.0,0.0,0.0,0.0,1,15976.0
0,tcp,http,SF,167,4659,0,0,1,0,0,0,0,1,0.0,0.0,0.0,0.0,1.0,0.0,0.0,6,255,1.0,0.0,0.17,0.02,0.0,0.0,0.0,0,21914.0
0,tcp,private,S0,0,0,0,0,0,0,0,0,0,171,1.0,1.0,0.0,0.0,0.08,0.07,0.0,255,1,0.0,0.07,0.0,0.0,1.0,1.0,0.0,1,96540.0
0,tcp,link,S0,0,0,0,0,0,0,0,0,0,190,1.0,1.0,0.0,0.0,0.09,0.07,0.0,255,18,0.07,0.06,0.0,0.0,1.0,1.0,0.0,1,16602.0
0,udp,domain_u,SF,42,42,0,0,0,0,0,0,0,1,0.0,0.0,0.0,0.0,1.0,0.0,0.4,255,238,0.93,0.01,0.11,0.0,0.0,0.0,0.0,0,66532.0
0,tcp,private,S0,0,0,0,0,0,0,0,0,0,75,1.0,1.0,0.0,0.0,0.11,0.08,0.0,255,8,0.03,0.07,0.0,0.0,1.0,1.0,0.0,1,81840.0
0,icmp,eco_i,SF,8,0,0,0,0,0,0,0,0,1,0.0,0.0,0.0,0.0,1.0,0.0,1.0,1,93,1.0,0.0,1.0,0.26,0.0,0.0,0.0,1,64337.0
0,tcp,http,REJ,0,0,0,0,0,0,0,0,0,1,0.0,0.0,1.0,1.0,1.0,0.0,0.0,21,255,1.0,0.0,0.05,0.11,0.0,0.0,0.91,0,38458.0
0,tcp,http,SF,234,1931,0,0,1,0,0,0,0,8,0.0,0.0,0.0,0.0,1.0,0.0,0.0,255,255,1.0,0.0,0.0,0.0,0.0,0.0,0.0,0,27894.0
0,icmp,eco_i,SF,8,0,0,0,0,0,0,0,0,1,0.0,0.0,0.0,0.0,1.0,0.0,1.0,1,17,1.0,0.0,1.0,0.53,0.0,0.0,0.0,1,115746.0
0,tcp,smtp,SF,618,492,0,0,1,0,0,0,0,1,0.0,0.0,0.0,0.0,1.0,0.0,0.0,255,3,0.01,0.01,0.0,0.0,0.0,0.0,0.0,0,18078.0
0,udp,domain_u,SF,44,79,0,0,0,0,0,0,0,125,0.0,0.0,0.0,0.0,1.0,0.0,0.0,255,179,0.7,0.01,0.0,0.0,0.0,0.0,0.0,0,96499.0
0,tcp,kshell,S0,0,0,0,0,0,0,0,0,0,65,1.0,1.0,0.0,0.0,0.08,0.06,0.0,255,5,0.02,0.05,0.0,0.0,1.0,1.0,0.0,1,18624.0
3,tcp,telnet,SF,99,990,0,0,1,0,0,0,0,1,0.0,0.0,0.0,0.0,1.0,0.0,0.0,160,4,0.01,0.04,0.01,0.5,0.0,0.0,0.0,0,79437.0
0,tcp,http,SF,238,2202,0,0,1,0,0,0,0,6,0.0,0.0,0.0,0.0,1.0,0.0,0.3,79,255,1.0,0.0,0.01,0.03,0.0,0.01,0.01,0,125372.0
0,tcp,http,SF,54540,8314,0,2,1,1,0,0,0,4,0.0,0.0,0.0,0.0,1.0,0.0,0.0,51,51,1.0,0.0,0.02,0.0,0.0,0.0,0.04,1,33524.0
0,tcp,http,SF,223,1637,0,0,1,0,0,0,0,9,0.0,0.0,0.0,0.0,1.0,0.0,0.2,255,255,1.0,0.0,0.0,0.0,0.0,0.0,0.0,0,43497.0
0,tcp,telnet,S0,0,0,0,0,0,0,0,0,0,43,1.0,1.0,0.0,0.0,0.16,0.09,0.0,255,67,0.26,0.02,0.02,0.0,1.0,1.0,0.0,1,11024.0
0,tcp,http,SF,286,3451,0,0,1,0,0,0,0,4,0.0,0.0,0.0,0.0,1.0,0.0,0.08,118,255,1.0,0.0,0.01,0.04,0.0,0.0,0.0,0,75479.0
0,tcp,private,S0,0,0,0,0,0,0,0,0,0,165,1.0,1.0,0.0,0.0,0.08,0.07,0.0,255,4,0.02,0.08,0.0,0.0,1.0,1.0,0.0,1,38341.0
0,tcp,http,SF,470,7497,0,0,1,0,0,0,0,12,0.0,0.0,0.0,0.0,1.0,0.0,0.0,47,249,1.0,0.0,0.02,0.11,0.0,0.0,0.86,0,54875.0
0,udp,other,SF,147,0,0,0,0,0,0,0,0,5,0.0,0.0,0.0,0.0,0.2,0.6,0.0,255,2,0.01,0.68,0.98,0.0,0.0,0.0,0.0,0,76420.0
0,tcp,private,S0,0,0,0,0,0,0,0,0,0,260,1.0,1.0,0.0,0.0,0.09,0.05,0.0,201,23,0.11,0.06,0.0,0.0,0.93,1.0,0.0,1,99029.0
0,tcp,private,REJ,0,0,0,0,0,0,0,0,0,1,0.0,0.0,1.0,1.0,1.0,0.0,0.0,27,1,0.04,1.0,0.04,0.0,0.0,0.0,1.0,1,1649.0
0,tcp,http,SF,265,22926,0,2,1,0,0,0,0,4,0.0,0.0,0.0,0.0,1.0,0.0,0.25,132,254,1.0,0.0,0.01,0.02,0.0,0.0,0.0,0,95299.0
0,tcp,http,SF,207,727,0,0,1,0,0,0,0,9,0.0,0.0,0.0,0.0,1.0,0.0,0.0,9,255,1.0,0.0,0.11,0.04,0.0,0.0,0.0,0,21875.0
0,icmp,eco_i,SF,8,0,0,0,0,0,0,0,0,1,0.0,0.0,0.0,0.0,1.0,0.0,1.0,2,228,1.0,0.0,1.0,0.5,0.0,0.0,0.0,1,106151.0
0,tcp,whois,S0,0,0,0,0,0,0,0,0,0,125,1.0,1.0,0.0,0.0,0.13,0.06,0.0,255,15,0.06,0.07,0.0,0.0,1.0,1.0,0.0,1,96713.0
0,tcp,ftp_data,S0,0,0,0,0,0,0,0,0,0,226,1.0,1.0,0.0,0.0,0.02,0.06,0.0,255,5,0.02,0.06,0.0,0.0,1.0,1.0,0.0,1,108542.0
0,udp,private,SF,28,0,3,0,0,0,0,0,0,50,0.0,0.0,0.0,0.0,1.0,0.0,0.0,255,17,0.07,0.01,0.07,0.0,0.0,0.0,0.0,1,108991.0
2470,udp,other,SF,147,105,0,0,0,0,0,0,0,1,0.0,0.0,0.0,0.0,1.0,0.0,0.0,255,1,0.0,0.86,1.0,0.0,0.0,0.0,0.0,0,32431.0
0,tcp,http,SF,281,344,0,0,1,0,0,0,0,2,0.0,0.0,0.0,0.0,1.0,0.0,0.0,2,255,1.0,0.0,0.5,0.05,0.0,0.0,0.0,0,17644.0
0,icmp,eco_i,SF,8,0,0,0,0,0,0,0,0,1,0.0,0.0,0.0,0.0,1.0,0.0,1.0,3,127,1.0,0.0,1.0,0.25,0.0,0.0,0.0,1,107084.0
0,tcp,courier,S0,0,0,0,0,0,0,0,0,0,14,1.0,1.0,0.0,0.0,0.07,0.21,0.0,255,1,0.0,0.07,0.0,0.0,1.0,1.0,0.0,1,125454.0
0,tcp,http,SF,348,7703,0,0,1,0,0,0,0,39,0.0,0.0,0.0,0.0,1.0,0.0,0.0,170,255,1.0,0.0,0.01,0.01,0.0,0.0,0.0,0,53591.0
1,tcp,smtp,SF,2049,362,0,0,1,0,0,0,0,1,0.0,0.0,0.0,0.0,1.0,0.0,1.0,95,87,0.92,0.02,0.01,0.0,0.0,0.0,0.0,0,125944.0
0,tcp,finger,SF,8,427,0,0,0,0,0,0,0,4,0.0,0.0,0.0,0.0,0.25,0.5,0.0,255,5,0.02,0.03,0.0,0.0,0.0,0.0,0.0,0,93989.0
0,tcp,Z39_50,S0,0,0,0,0,0,0,0,0,0,261,1.0,1.0,0.0,0.0,0.04,0.06,0.0,255,11,0.04,0.07,0.0,0.0,1.0,1.0,0.0,1,7415.0
0,tcp,http,SF,399,9572,0,0,1,0,0,0,0,6,0.0,0.0,0.0,0.0,1.0,0.0,0.0,255,255,1.0,0.0,0.0,0.0,0.0,0.0,0.0,0,4407.0
0,tcp,daytime,S0,0,0,0,0,0,0,0,0,0,288,1.0,1.0,0.0,0.0,0.01,0.06,0.0,255,2,0.01,0.07,0.0,0.0,1.0,1.0,0.0,1,57088.0
0,tcp,http,SF,360,3063,0,0,1,0,0,0,0,3,0.0,0.0,0.0,0.0,1.0,0.0,0.0,14,255,1.0,0.0,0.07,0.02,0.0,0.0,0.0,0,7618.0
0,tcp,http,REJ,0,0,0,0,0,0,0,0,0,1,0.0,0.0,1.0,1.0,1.0,0.0,0.0,2,255,1.0,0.0,0.5,0.05,0.0,0.0,0.75,0,22949.0
0,icmp,urp_i,SF,78,0,0,0,0,0,0,0,0,23,0.0,0.0,0.0,0.0,0.17,0.09,0.0,255,11,0.04,0.01,0.04,0.0,0.0,0.0,0.0,0,40644.0
0,tcp,http,SF,154,30328,0,0,1,0,0,0,0,1,0.0,0.0,0.0,0.0,1.0,0.0,0.0,255,255,1.0,0.0,0.0,0.0,0.0,0.0,0.0,0,15832.0
0,tcp,ftp_data,SF,6601,0,0,0,0,0,0,0,0,23,0.0,0.0,0.0,0.0,1.0,0.0,0.0,125,69,0.35,0.04,0.35,0.03,0.0,0.0,0.0,0,78071.0
0,udp,private,SF,1,0,0,0,0,0,0,0,0,16,0.0,0.0,0.0,0.0,0.19,0.12,0.0,255,6,0.02,0.93,0.07,0.0,0.13,0.0,0.0,1,32285.0
0,tcp,courier,S0,0,0,0,0,0,0,0,0,0,118,1.0,1.0,0.0,0.0,0.08,0.07,0.0,255,10,0.04,0.07,0.0,0.0,1.0,1.0,0.0,1,46692.0
10110,tcp,telnet,SF,113,5203,0,0,1,0,0,0,0,1,0.0,0.0,0.0,0.0,1.0,0.0,0.0,255,25,0.1,0.06,0.0,0.0,0.76,0.6,0.08,0,87882.0
0,tcp,private,REJ,0,0,0,0,0,0,0,0,0,1,0.0,0.0,1.0,1.0,1.0,0.0,0.0,62,1,0.02,1.0,0.02,0.0,0.0,0.0,1.0,1,61604.0
96,tcp,http,SF,232,259,0,0,1,0,0,0,0,4,0.0,0.0,0.0,0.0,1.0,0.0,0.38,255,246,0.96,0.01,0.0,0.0,0.0,0.0,0.0,0,81712.0
0,icmp,eco_i,SF,8,0,0,0,0,0,0,0,0,1,0.0,0.0,0.0,0.0,1.0,0.0,1.0,2,28,1.0,0.0,1.0,0.5,0.0,0.0,0.0,1,73102.0
0,tcp,http,SF,239,2052,0,0,1,0,0,0,0,3,0.0,0.0,0.0,0.0,1.0,0.0,0.0,188,255,1.0,0.0,0.01,0.01,0.0,0.0,0.0,0,49924.0
0,tcp,http,REJ,0,0,0,0,0,0,0,0,0,1,0.0,0.0,1.0,1.0,1.0,0.0,0.0,29,247,1.0,0.0,0.03,0.06,0.0,0.0,0.53,0,19655.0
0,tcp,http,SF,209,15452,0,0,1,0,0,0,0,16,0.0,0.0,0.0,0.0,1.0,0.0,0.0,216,255,1.0,0.0,0.0,0.01,0.0,0.0,0.0,0,46787.0
0,tcp,http,SF,419,10209,0,0,1,0,0,0,0,24,0.0,0.0,0.0,0.0,1.0,0.0,0.0,68,245,1.0,0.0,0.01,0.2,0.0,0.0,0.77,0,56853.0
0,tcp,http,S0,0,0,0,0,0,0,0,0,0,4,1.0,1.0,0.0,0.0,0.25,0.75,0.0,255,61,0.24,0.02,0.0,0.0,1.0,1.0,0.0,1,107569.0
83,udp,domain_u,SF,112,45,0,0,0,0,0,0,0,1,0.0,0.0,0.0,0.0,1.0,0.0,0.0,31,22,0.71,0.1,0.71,0.0,0.0,0.0,0.0,0,25475.0
0,tcp,private,REJ,0,0,0,0,0,0,0,0,0,2,0.0,0.0,1.0,1.0,0.5,1.0,0.0,255,1,0.0,0.91,0.9,0.0,0.0,0.0,1.0,1,4550.0
0,tcp,http,REJ,0,0,0,0,0,0,0,0,0,1,0.0,0.0,1.0,1.0,1.0,0.0,0.0,3,254,1.0,0.0,0.33,0.13,0.0,0.0,0.98,0,119659.0
1,tcp,smtp,SF,1055,368,0,0,1,0,0,0,0,1,0.0,0.0,0.0,0.0,1.0,0.0,0.0,9,40,1.0,0.0,0.11,0.05,0.0,0.0,0.0,0,48736.0
0,tcp,http,SF,208,2658,0,0,1,0,0,0,0,37,0.0,0.0,0.0,0.0,1.0,0.0,0.0,255,255,1.0,0.0,0.0,0.0,0.0,0.0,0.0,0,92533.0
0,tcp,http,SF,205,296,0,0,1,0,0,0,0,11,0.0,0.0,0.0,0.0,1.0,0.0,0.2,255,255,1.0,0.0,0.0,0.0,0.0,0.0,0.0,0,90002.0
0,tcp,http,S0,0,0,0,0,0,0,0,0,0,102,1.0,1.0,0.0,0.0,0.02,0.07,0.0,255,2,0.01,0.07,0.0,0.0,1.0,1.0,0.0,1,85153.0
0,tcp,smtp,SF,1936,398,0,0,1,0,0,0,0,1,0.0,0.0,0.0,0.0,1.0,0.0,0.0,136,146,0.49,0.02,0.01,0.01,0.0,0.0,0.0,0,11988.0
0,udp,domain_u,SF,44,115,0,0,0,0,0,0,0,158,0.0,0.0,0.0,0.0,1.0,0.0,0.0,255,255,1.0,0.0,0.0,0.0,0.0,0.0,0.0,0,12489.0
0,tcp,private,REJ,0,0,0,0,0,0,0,0,0,123,0.0,0.0,1.0,1.0,0.07,0.07,0.0,198,9,0.05,0.07,0.01,0.0,0.0,0.0,1.0,1,113706.0
0,udp,domain_u,SF,43,132,0,0,0,0,0,0,0,75,0.0,0.0,0.0,0.0,0.99,0.03,0.01,255,237,0.93,0.01,0.0,0.0,0.0,0.0,0.0,0,94375.0
0,udp,domain_u,SF,45,138,0,0,0,0,0,0,0,71,0.0,0.0,0.0,0.0,1.0,0.0,0.01,255,255,1.0,0.0,0.0,0.0,0.0,0.0,0.0,0,62272.0
0,tcp,netstat,REJ,0,0,0,0,0,0,0,0,0,234,0.0,0.0,1.0,1.0,0.0,0.07,0.0,255,1,0.0,0.07,0.0,0.0,0.0,0.0,1.0,1,8572.0
0,tcp,http,SF,308,1375,0,0,1,0,0,0,0,21,0.0,0.0,0.0,0.0,1.0,0.0,0.04,255,255,1.0,0.0,0.0,0.0,0.0,0.0,0.0,0,55770.0
0,tcp,http,SF,293,4564,0,0,1,0,0,0,0,23,0.0,0.0,0.0,0.0,1.0,0.0,0.08,255,255,1.0,0.0,0.0,0.0,0.0,0.0,0.0,0,111079.0
0,tcp,http,SF,211,305,0,0,1,0,0,0,0,14,0.0,0.0,0.0,0.0,1.0,0.0,0.0,98,255,1.0,0.0,0.01,0.05,0.01,0.01,0.0,0,90341.0
28,tcp,finger,SF,8,442,0,0,0,0,0,0,0,1,0.0,0.0,0.0,0.0,1.0,0.0,0.0,221,7,0.03,0.01,0.0,0.29,0.0,0.0,0.0,0,42747.0
0,tcp,smtp,SF,810,333,0,0,1,0,0,0,0,2,0.0,0.0,0.0,0.0,0.5,1.0,0.0,52,47,0.67,0.12,0.02,0.04,0.0,0.0,0.0,0,4430.0
5,udp,private,SF,105,145,0,0,0,0,0,0,0,2,0.0,0.0,0.0,0.0,1.0,0.0,0.0,24,16,0.67,0.12,0.12,0.0,0.0,0.0,0.0,0,55015.0
9065,tcp,IRC,RSTR,1417,11176,0,0,1,0,0,0,0,1,0.0,0.0,1.0,1.0,1.0,0.0,0.0,6,2,0.33,0.33,0.17,0.0,0.0,0.0,1.0,0,123983.0
26050,tcp,private,RSTR,1,0,0,0,0,0,0,0,0,2,0.0,0.0,1.0,1.0,1.0,0.0,0.0,255,2,0.01,0.71,1.0,0.0,0.0,0.0,1.0,1,61428.0
0,tcp,telnet,S0,0,0,0,0,0,0,0,0,0,44,1.0,1.0,0.0,0.0,0.25,0.09,0.0,255,64,0.25,0.02,0.01,0.0,1.0,1.0,0.0,1,113829.0
0,tcp,http,SF,205,1344,0,0,1,0,0,0,0,5,0.0,0.0,0.0,0.0,1.0,0.0,0.12,23,255,1.0,0.0,0.04,0.05,0.0,0.0,0.0,0,56007.0
0,tcp,bgp,S0,0,0,0,0,0,0,0,0,0,294,1.0,1.0,0.0,0.0,0.02,0.05,0.0,255,8,0.03,0.07,0.0,0.0,1.0,1.0,0.0,1,124.0
0,tcp,http,SF,345,2254,0,0,1,0,0,0,0,5,0.0,0.0,0.0,0.0,1.0,0.0,0.11,27,255,1.0,0.0,0.04,0.04,0.0,0.0,0.0,0,118191.0
0,tcp,http,SF,228,293,0,0,1,0,0,0,0,2,0.0,0.0,0.0,0.0,1.0,0.0,0.5,255,255,1.0,0.0,0.0,0.0,0.0,0.0,0.01,0,102570.0
0,tcp,exec,S0,0,0,0,0,0,0,0,0,0,136,1.0,1.0,0.0,0.0,0.04,0.06,0.0,255,5,0.02,0.08,0.0,0.0,1.0,1.0,0.0,1,36570.0
0,tcp,sunrpc,RSTO,0,0,0,0,0,0,0,0,0,210,0.0,0.0,1.0,1.0,0.02,0.07,0.0,255,5,0.02,0.07,0.0,0.0,0.0,0.0,1.0,1,20557.0
0,udp,domain_u,SF,43,146,0,0,0,0,0,0,0,269,0.0,0.0,0.0,0.0,1.0,0.01,0.0,255,251,0.98,0.01,0.0,0.0,0.0,0.0,0.0,0,86967.0
0,tcp,ftp_data,SF,71,0,0,0,1,0,0,0,0,1,0.0,0.0,0.0,0.0,1.0,0.0,0.0,255,1,0.0,0.06,0.0,0.0,1.0,0.0,0.0,0,109064.0
0,tcp,uucp,RSTO,0,0,0,0,0,0,0,0,0,119,0.0,0.0,1.0,1.0,0.05,0.07,0.0,255,6,0.02,0.08,0.0,0.0,0.0,0.0,1.0,1,111580.0
0,tcp,daytime,S0,0,0,0,0,0,0,0,0,0,101,1.0,1.0,0.0,0.0,0.12,0.06,0.0,255,1,0.0,0.06,0.0,0.0,1.0,1.0,0.0,1,99356.0
0,tcp,private,S0,0,0,0,0,0,0,0,0,0,161,1.0,1.0,0.0,0.0,0.12,0.06,0.0,255,18,0.07,0.07,0.0,0.0,1.0,1.0,0.0,1,15281.0
0,tcp,auth,S0,0,0,0,0,0,0,0,0,0,271,1.0,1.0,0.0,0.0,0.03,0.06,0.0,255,7,0.03,0.08,0.0,0.0,1.0,1.0,0.0,1,41016.0
0,tcp,private,REJ,0,0,0,0,0,0,0,0,0,113,0.0,0.0,1.0,1.0,0.1,0.06,0.0,14,5,0.36,0.14,0.07,0.0,0.0,0.0,1.0,1,38995.0
0,tcp,private,S0,0,0,0,0,0,0,0,0,0,129,1.0,1.0,0.0,0.0,0.12,0.07,0.0,255,19,0.07,0.07,0.0,0.0,1.0,1.0,0.0,1,28463.0
0,icmp,eco_i,SF,8,0,0,0,0,0,0,0,0,1,0.0,0.0,0.0,0.0,1.0,0.0,1.0,2,188,1.0,0.0,1.0,0.5,0.0,0.0,0.0,1,83600.0
0,icmp,eco_i,SF,8,0,0,0,0,0,0,0,0,1,0.0,0.0,0.0,0.0,1.0,0.0,1.0,1,109,1.0,0.0,1.0,0.5,0.0,0.0,0.0,1,29179.0
0,tcp,private,S0,0,0,0,0,0,0,0,0,0,278,1.0,1.0,0.0,0.0,0.04,0.05,0.0,255,4,0.02,0.09,0.0,0.0,1.0,1.0,0.0,1,66761.0
0,tcp,http,SF,235,185,0,0,1,0,0,0,0,5,0.0,0.0,0.0,0.0,1.0,0.0,0.21,161,255,1.0,0.0,0.01,0.01,0.0,0.0,0.0,0,36106.0
0,tcp,http,SF,195,8484,0,0,1,0,0,0,0,2,0.0,0.0,0.0,0.0,1.0,0.0,0.67,12,255,1.0,0.0,0.08,0.02,0.0,0.0,0.0,0,21138.0
0,tcp,auth,S0,0,0,0,0,0,0,0,0,0,230,1.0,1.0,0.0,0.0,0.01,0.06,0.0,255,3,0.01,0.07,0.0,0.0,1.0,1.0,0.0,1,15450.0
0,tcp,http,SF,226,11333,0,0,1,0,0,0,0,4,0.0,0.0,0.0,0.0,1.0,0.0,0.0,10,255,1.0,0.0,0.1,0.04,0.0,0.0,0.0,0,44505.0
0,tcp,domain,S0,0,0,0,0,0,0,0,0,0,206,1.0,1.0,0.0,0.0,0.06,0.07,0.0,255,13,0.05,0.07,0.0,0.0,1.0,1.0,0.0,1,79989.0
0,tcp,http,SF,228,429,0,0,1,0,0,0,0,1,0.0,0.0,0.0,0.0,1.0,0.0,0.17,2,255,1.0,0.0,0.5,0.03,0.0,0.0,0.01,0,33615.0
0,udp,domain_u,SF,45,110,0,0,0,0,0,0,0,1,0.0,0.0,0.0,0.0,1.0,0.0,1.0,255,233,0.91,0.01,0.0,0.0,0.0,0.0,0.0,0,99747.0
0,tcp,other,REJ,0,0,0,0,0,0,0,0,0,400,0.07,0.0,0.9,1.0,0.0,1.0,0.0,255,1,0.0,1.0,0.0,0.0,0.08,0.0,1.0,1,117975.0
0,tcp,efs,S0,0,0,0,0,0,0,0,0,0,136,1.0,1.0,0.0,0.0,0.16,0.05,0.0,255,22,0.09,0.05,0.0,0.0,1.0,1.0,0.0,1,6190.0
0,tcp,name,REJ,0,0,0,0,0,0,0,0,0,264,0.0,0.0,1.0,1.0,0.08,0.06,0.0,255,20,0.08,0.07,0.0,0.0,0.0,0.0,1.0,1,65104.0
0,tcp,http,SF,335,1512,0,0,1,0,0,0,0,21,0.0,0.0,0.0,0.0,1.0,0.0,0.07,255,255,1.0,0.0,0.0,0.0,0.0,0.0,0.0,0,64820.0
0,tcp,http,SF,216,4591,0,0,1,0,0,0,0,12,0.0,0.0,0.0,0.0,1.0,0.0,0.2,41,255,1.0,0.0,0.02,0.04,0.0,0.0,0.0,0,99878.0
0,udp,domain_u,SF,45,114,0,0,0,0,0,0,0,1,0.0,0.0,0.0,0.0,1.0,0.0,0.4,255,235,0.92,0.01,0.01,0.0,0.0,0.0,0.0,0,22052.0
29,tcp,ftp,SF,1482,4152,0,30,1,0,0,0,0,2,0.0,0.0,0.0,0.0,0.5,1.0,0.0,142,59,0.42,0.04,0.01,0.0,0.01,0.0,0.0,0,86692.0
0,tcp,smtp,SF,1641,335,0,0,1,0,0,0,0,1,0.0,0.0,0.0,0.0,1.0,0.0,0.0,11,9,0.82,0.27,0.09,0.0,0.0,0.0,0.0,0,106278.0
0,tcp,ctf,S0,0,0,0,0,0,0,0,0,0,296,1.0,1.0,0.0,0.0,0.05,0.05,0.0,255,15,0.06,0.08,0.0,0.0,1.0,1.0,0.0,1,84081.0
0,tcp,http,S0,0,0,0,0,0,0,0,0,0,21,1.0,1.0,0.0,0.0,0.52,0.1,0.0,255,61,0.24,0.04,0.0,0.0,1.0,1.0,0.0,1,9231.0
0,tcp,http,SF,227,784,0,0,1,0,0,0,0,5,0.0,0.0,0.0,0.0,1.0,0.0,0.33,255,255,1.0,0.0,0.0,0.0,0.0,0.0,0.0,0,74041.0
0,tcp,http,SF,146,13248,0,0,1,0,0,0,0,3,0.0,0.0,0.0,0.0,1.0,0.0,0.0,82,82,1.0,0.0,0.01,0.0,0.0,0.0,0.0,0,120786.0
0,icmp,eco_i,SF,8,0,0,0,0,0,0,0,0,1,0.0,0.0,0.0,0.0,1.0,0.0,1.0,1,25,1.0,0.0,1.0,0.56,0.0,0.0,0.0,1,72332.0
0,icmp,eco_i,SF,8,0,0,0,0,0,0,0,0,1,0.0,0.0,0.0,0.0,1.0,0.0,1.0,2,255,1.0,0.0,1.0,0.25,0.0,0.0,0.0,1,914.0
0,tcp,netbios_ssn,REJ,0,0,0,0,0,0,0,0,0,295,0.0,0.0,1.0,1.0,0.06,0.06,0.0,255,18,0.07,0.07,0.0,0.0,0.0,0.0,1.0,1,76683.0
0,tcp,http,SF,225,590,0,0,1,0,0,0,0,2,0.0,0.0,0.0,0.0,1.0,0.0,0.0,14,255,1.0,0.0,0.07,0.05,0.0,0.0,0.0,0,34596.0
0,tcp,http,SF,54540,8314,0,2,1,1,0,0,0,1,0.0,0.0,0.0,0.5,1.0,0.0,1.0,181,181,1.0,0.0,0.01,0.0,0.0,0.0,0.01,1,7422.0
0,tcp,http,SF,209,577,0,0,1,0,0,0,0,10,0.0,0.0,0.0,0.0,1.0,0.0,0.0,10,255,1.0,0.0,0.1,0.03,0.0,0.0,0.0,0,13462.0
0,udp,domain_u,SF,44,86,0,0,0,0,0,0,0,146,0.0,0.0,0.0,0.0,1.0,0.0,0.0,255,255,1.0,0.0,0.01,0.0,0.0,0.0,0.0,0,106464.0
0,tcp,ftp_data,SF,59,0,0,0,1,0,0,0,0,23,0.0,0.0,0.0,0.0,1.0,0.0,0.0,202,56,0.25,0.02,0.25,0.04,0.0,0.0,0.0,0,36261.0
14058,tcp,other,RSTR,1,0,0,0,0,0,0,0,0,2,0.0,0.0,1.0,1.0,1.0,0.0,0.0,255,2,0.01,0.68,1.0,0.0,0.0,0.0,1.0,1,70300.0
0,tcp,http,SF,360,821,0,0,1,0,0,0,0,6,0.0,0.0,0.0,0.0,1.0,0.0,0.0,255,255,1.0,0.0,0.0,0.0,0.0,0.0,0.0,0,62862.0
9052,udp,other,SF,146,105,0,0,0,0,0,0,0,4,0.0,0.0,0.0,0.0,0.5,0.5,0.0,255,2,0.01,0.66,0.99,0.0,0.0,0.0,0.0,0,43.0
0,udp,domain_u,SF,42,42,0,0,0,0,0,0,0,9,0.0,0.0,0.0,0.0,1.0,0.0,0.13,255,254,1.0,0.01,0.0,0.0,0.0,0.0,0.0,0,96492.0
0,icmp,eco_i,SF,8,0,0,0,0,0,0,0,0,1,0.0,0.0,0.0,0.0,1.0,0.0,1.0,1,80,1.0,0.0,1.0,0.26,0.0,0.0,0.0,1,39704.0
0,tcp,http,REJ,0,0,0,0,0,0,0,0,0,1,0.0,0.0,1.0,1.0,1.0,0.0,0.0,3,252,1.0,0.0,0.33,0.25,0.0,0.0,0.87,0,22089.0
0,tcp,http,SF,265,279,0,0,1,0,0,0,0,21,0.0,0.0,0.0,0.05,1.0,0.0,0.09,255,235,0.92,0.02,0.0,0.0,0.01,0.01,0.0,0,110922.0
0,tcp,private,S0,0,0,0,0,0,0,0,0,0,222,1.0,1.0,0.0,0.0,0.0,0.07,0.0,255,1,0.0,0.1,0.0,0.0,1.0,1.0,0.0,1,51885.0
0,udp,domain_u,SF,46,46,0,0,0,0,0,0,0,98,0.0,0.0,0.0,0.0,1.0,0.0,0.01,255,254,1.0,0.01,0.01,0.0,0.0,0.0,0.0,0,114205.0
0,tcp,http,SF,296,1227,0,0,1,0,0,0,0,2,0.0,0.0,0.0,0.0,1.0,0.0,0.0,147,147,1.0,0.0,0.01,0.0,0.0,0.0,0.0,0,61148.0
1,tcp,uucp,SF,6,23,0,0,1,0,0,0,0,8,0.0,0.0,0.38,0.0,0.12,1.0,0.0,163,1,0.01,0.09,0.01,0.0,0.01,0.0,0.0,1,109188.0
11401,udp,other,SF,147,105,0,0,0,0,0,0,0,1,0.0,0.0,0.0,0.0,1.0,0.0,0.0,255,3,0.01,0.59,0.92,0.0,0.0,0.0,0.0,0,79210.0
0,tcp,http,SF,315,2698,0,0,1,0,0,0,1,2,0.0,0.0,0.0,0.0,1.0,0.0,0.0,120,118,0.98,0.02,0.01,0.0,0.0,0.0,0.0,0,90695.0
0,icmp,eco_i,SF,30,0,0,0,0,0,0,0,0,1,0.0,0.0,0.0,0.0,1.0,0.0,0.0,36,131,1.0,0.0,1.0,0.37,0.0,0.0,0.0,0,88446.0
0,tcp,http,SF,169,364,0,0,1,0,0,0,0,1,0.0,0.0,0.0,0.0,1.0,0.0,0.0,19,255,1.0,0.0,0.05,0.03,0.0,0.0,0.0,0,29358.0
0,tcp,http,SF,306,1272,0,0,1,0,0,0,0,12,0.0,0.0,0.0,0.0,1.0,0.0,0.0,69,255,1.0,0.0,0.01,0.04,0.0,0.0,0.0,0,75159.0
0,tcp,http,SF,310,5963,0,0,1,0,0,0,0,11,0.0,0.0,0.0,0.0,1.0,0.0,0.0,136,255,1.0,0.0,0.01,0.05,0.0,0.0,0.0,0,40088.0
0,tcp,http,SF,201,1801,0,0,1,0,0,0,0,11,0.0,0.0,0.0,0.0,1.0,0.0,0.0,11,255,1.0,0.0,0.09,0.03,0.0,0.0,0.0,0,98903.0
0,tcp,private,S0,0,0,0,0,0,0,0,0,0,263,1.0,1.0,0.0,0.0,0.02,0.06,0.0,255,7,0.03,0.06,0.0,0.0,1.0,1.0,0.0,1,15090.0
0,udp,domain_u,SF,44,44,0,0,0,0,0,0,0,8,0.0,0.0,0.0,0.0,1.0,0.0,0.2,255,255,1.0,0.0,0.0,0.0,0.0,0.0,0.0,0,51496.0
0,tcp,http,SF,250,7353,0,0,1,0,0,0,0,1,0.0,0.0,0.0,0.0,1.0,0.0,0.0,52,255,1.0,0.0,0.02,0.15,0.0,0.0,0.8,0,19103.0
0,tcp,http,SF,195,40975,0,0,1,0,0,0,0,6,0.0,0.0,0.0,0.0,1.0,0.0,0.0,40,255,1.0,0.0,0.03,0.05,0.0,0.0,0.0,0,24166.0
0,tcp,private,S0,0,0,0,0,0,0,0,0,0,143,1.0,1.0,0.0,0.0,0.04,0.06,0.0,255,13,0.05,0.06,0.0,0.0,1.0,1.0,0.0,1,90912.0
0,tcp,private,S0,0,0,0,0,0,0,0,0,0,116,1.0,1.0,0.0,0.0,0.09,0.07,0.0,18,11,0.61,0.17,0.06,0.0,1.0,1.0,0.0,1,69534.0
0,udp,domain_u,SF,45,70,0,0,0,0,0,0,0,242,0.0,0.0,0.0,0.0,1.0,0.01,0.0,255,250,0.98,0.01,0.0,0.0,0.0,0.0,0.0,0,107130.0
0,tcp,http,SF,277,4188,0,0,1,0,0,0,0,1,0.0,0.0,0.0,0.0,1.0,0.0,0.0,20,255,1.0,0.0,0.05,0.05,0.0,0.0,0.0,0,43606.0
27,tcp,ftp,SF,1059,3081,0,22,1,0,0,0,0,1,0.0,0.0,0.0,0.0,1.0,0.0,0.0,5,5,1.0,0.0,0.2,0.0,0.0,0.0,0.0,0,115416.0
0,tcp,http,SF,234,2275,0,0,1,0,0,0,0,9,0.0,0.0,0.0,0.0,1.0,0.0,0.0,9,255,1.0,0.0,0.11,0.01,0.0,0.0,0.0,0,20932.0
0,tcp,smtp,SF,1969,328,0,0,1,0,0,0,0,1,0.0,0.0,0.0,0.0,1.0,0.0,0.0,100,68,0.68,0.05,0.01,0.0,0.0,0.0,0.0,0,101483.0
0,tcp,http,SF,217,366,0,0,1,0,0,0,0,9,0.0,0.0,0.0,0.0,1.0,0.0,0.0,255,255,1.0,0.0,0.0,0.0,0.0,0.0,0.0,0,101805.0
0,tcp,http,SF,300,308,0,0,1,0,0,0,0,5,0.0,0.0,0.0,0.0,1.0,0.0,0.0,255,255,1.0,0.0,0.0,0.0,0.0,0.0,0.0,0,114981.0
0,tcp,http,SF,344,1451,0,0,1,0,0,0,0,10,0.0,0.0,0.0,0.0,1.0,0.0,0.0,255,255,1.0,0.0,0.0,0.0,0.0,0.0,0.02,0,3325.0
0,tcp,other,SF,59,0,0,0,1,0,0,0,0,17,0.06,0.0,0.0,0.0,0.06,0.41,0.0,176,1,0.01,0.06,0.21,0.0,0.01,0.0,0.0,0,3107.0
0,tcp,http,REJ,0,0,0,0,0,0,0,0,0,1,0.0,0.0,1.0,1.0,1.0,0.0,1.0,2,255,1.0,0.0,0.5,0.13,0.0,0.0,0.8,0,102718.0
0,tcp,telnet,S0,0,0,0,0,0,0,0,0,0,33,1.0,1.0,0.0,0.0,0.24,0.12,0.0,255,67,0.26,0.02,0.01,0.0,1.0,1.0,0.0,1,16729.0
0,tcp,http,SF,210,263,0,0,1,0,0,0,0,12,0.0,0.0,0.0,0.0,1.0,0.0,0.27,255,255,1.0,0.0,0.0,0.0,0.0,0.0,0.0,0,31006.0
0,tcp,http,SF,303,392,0,0,1,0,0,0,0,29,0.0,0.0,0.0,0.0,1.0,0.0,0.09,255,255,1.0,0.0,0.0,0.0,0.0,0.0,0.0,0,111981.0
0,tcp,http,SF,336,2431,0,0,1,0,0,0,0,1,0.0,0.0,0.0,0.0,1.0,0.0,0.0,113,255,1.0,0.0,0.01,0.01,0.0,0.0,0.0,0,85332.0
0,tcp,http,SF,343,3102,0,0,1,0,0,0,0,11,0.0,0.08,0.0,0.0,1.0,0.0,0.17,47,255,1.0,0.0,0.02,0.02,0.0,0.0,0.0,0,19794.0
0,tcp,http,SF,291,8076,0,0,1,0,0,0,0,30,0.03,0.03,0.0,0.0,1.0,0.0,0.0,90,255,1.0,0.0,0.01,0.02,0.0,0.0,0.0,0,70758.0
0,tcp,http,SF,307,4544,0,0,1,0,0,0,0,6,0.0,0.0,0.0,0.0,1.0,0.0,0.44,85,255,1.0,0.0,0.01,0.02,0.0,0.0,0.0,0,26981.0
0,tcp,hostnames,S0,0,0,0,0,0,0,0,0,0,262,1.0,1.0,0.0,0.0,0.07,0.05,0.0,255,18,0.07,0.05,0.0,0.0,1.0,1.0,0.0,1,33803.0
0,tcp,private,S0,0,0,0,0,0,0,0,0,0,120,1.0,1.0,0.0,0.0,0.07,0.08,0.0,255,8,0.03,0.08,0.0,0.0,1.0,1.0,0.0,1,96406.0
0,tcp,http,SF,231,9356,0,0,1,0,0,0,0,1,0.0,0.0,0.0,0.0,1.0,0.0,0.0,1,255,1.0,0.0,1.0,0.01,0.0,0.0,0.0,0,124178.0
0,icmp,eco_i,SF,8,0,0,0,0,0,0,0,0,1,0.0,0.0,0.0,0.0,1.0,0.0,1.0,2,226,1.0,0.0,1.0,0.25,0.0,0.0,0.0,1,120237.0
0,tcp,ftp_data,SF,10272,0,0,0,1,0,0,0,0,8,0.0,0.0,0.0,0.0,1.0,0.0,0.22,50,22,0.44,0.08,0.44,0.0,0.0,0.0,0.0,0,125369.0
0,tcp,ftp_data,SF,334,0,0,0,1,0,0,0,0,2,0.0,0.0,0.0,0.0,1.0,0.0,0.0,2,4,1.0,0.0,1.0,0.5,0.0,0.0,0.0,1,122286.0
0,tcp,http,SF,279,1761,0,0,1,0,0,0,0,13,0.0,0.0,0.0,0.0,1.0,0.0,0.13,255,255,1.0,0.0,0.0,0.0,0.0,0.0,0.0,0,37143.0
0,icmp,ecr_i,SF,1032,0,0,0,0,0,0,0,0,511,0.0,0.0,0.0,0.0,1.0,0.0,0.0,95,1,0.01,0.07,0.01,0.0,0.02,0.0,0.0,1,39404.0
0,tcp,http,SF,284,39474,0,0,1,0,0,0,0,3,0.0,0.0,0.0,0.0,1.0,0.0,0.0,92,255,1.0,0.0,0.01,0.04,0.0,0.0,0.0,0,88540.0
0,tcp,http,SF,311,932,0,0,1,0,0,0,0,15,0.0,0.0,0.0,0.0,1.0,0.0,0.08,15,255,1.0,0.0,0.07,0.02,0.0,0.0,0.0,0,91625.0
0,tcp,http,SF,204,1364,0,0,1,0,0,0,0,12,0.0,0.0,0.0,0.0,1.0,0.0,0.14,255,255,1.0,0.0,0.0,0.0,0.0,0.0,0.0,0,76327.0
0,tcp,http,SF,349,1881,0,0,1,0,0,0,0,17,0.0,0.0,0.0,0.0,1.0,0.0,0.11,133,255,1.0,0.0,0.01,0.03,0.0,0.0,0.0,0,114956.0
0,tcp,hostnames,S0,0,0,0,0,0,0,0,0,0,280,1.0,1.0,0.0,0.0,0.06,0.06,0.0,255,17,0.07,0.09,0.0,0.0,1.0,1.0,0.0,1,34163.0
0,tcp,http,SF,249,1029,0,0,1,0,0,0,0,13,0.0,0.0,0.0,0.0,1.0,0.0,0.14,255,255,1.0,0.0,0.0,0.0,0.0,0.0,0.0,0,88079.0
0,tcp,domain,REJ,0,0,0,0,0,0,0,0,0,281,0.0,0.0,1.0,1.0,0.04,0.06,0.0,255,12,0.05,0.07,0.0,0.0,0.0,0.0,1.0,1,79434.0
0,tcp,kshell,S0,0,0,0,0,0,0,0,0,0,142,1.0,1.0,0.0,0.0,0.08,0.06,0.0,255,12,0.05,0.06,0.0,0.0,1.0,1.0,0.0,1,72856.0
0,tcp,http,SF,54540,8314,0,2,1,1,0,0,0,7,0.0,0.0,0.14,0.14,1.0,0.0,0.0,11,11,1.0,0.0,0.09,0.0,0.0,0.0,0.09,1,62735.0
0,tcp,http,SF,350,284,0,0,1,0,0,0,0,12,0.0,0.0,0.0,0.0,1.0,0.0,0.0,255,255,1.0,0.0,0.0,0.0,0.0,0.0,0.0,0,22036.0
0,udp,domain_u,SF,33,0,0,0,0,0,0,0,0,8,0.0,0.0,0.0,0.0,1.0,0.0,0.0,255,36,0.14,0.03,0.14,0.0,0.0,0.0,0.0,0,329.0
0,tcp,ftp_data,SF,1339,0,0,0,1,0,0,0,0,2,0.0,0.0,0.0,0.0,1.0,0.0,0.0,255,80,0.31,0.02,0.31,0.0,0.0,0.0,0.0,0,73455.0
0,tcp,uucp,S0,0,0,0,0,0,0,0,0,0,137,1.0,1.0,0.0,0.0,0.05,0.07,0.0,255,2,0.01,0.06,0.0,0.0,1.0,1.0,0.0,1,66605.0
0,tcp,http,SF,236,9572,0,0,1,0,0,0,0,18,0.0,0.0,0.0,0.0,1.0,0.0,0.09,159,255,1.0,0.0,0.01,0.04,0.0,0.0,0.0,0,102501.0
0,tcp,http,SF,373,870,0,0,1,0,0,0,0,1,0.0,0.0,0.0,0.0,1.0,0.0,0.5,21,231,1.0,0.0,0.05,0.22,0.0,0.0,0.82,0,118653.0
0,tcp,private,S0,0,0,0,0,0,0,0,0,0,123,1.0,1.0,0.0,0.0,0.15,0.06,0.0,255,13,0.05,0.07,0.0,0.0,1.0,1.0,0.0,1,116906.0
27850,udp,other,SF,147,105,0,0,0,0,0,0,0,2,0.0,0.0,0.0,0.0,1.0,0.0,0.0,255,2,0.01,0.64,0.94,0.0,0.0,0.0,0.0,0,108607.0
0,tcp,private,S0,0,0,0,0,0,0,0,0,0,120,1.0,1.0,0.0,0.0,0.18,0.06,0.0,255,7,0.03,0.06,0.0,0.0,1.0,1.0,0.0,1,113809.0
0,tcp,http,SF,288,956,0,0,1,0,0,0,0,8,0.0,0.0,0.0,0.0,1.0,0.0,0.0,138,255,1.0,0.0,0.01,0.02,0.0,0.0,0.0,0,15066.0
0,udp,domain_u,SF,45,73,0,0,0,0,0,0,0,188,0.0,0.0,0.0,0.0,1.0,0.0,0.0,255,229,0.9,0.01,0.0,0.0,0.0,0.0,0.0,0,76004.0
0,tcp,smtp,SF,1169,388,0,0,1,0,0,0,0,1,0.0,0.0,0.0,0.0,1.0,0.0,0.0,255,72,0.28,0.02,0.0,0.0,0.55,0.0,0.0,0,116069.0
0,tcp,http,SF,210,574,0,0,1,0,0,0,0,14,0.0,0.0,0.0,0.0,1.0,0.0,0.0,255,255,1.0,0.0,0.0,0.0,0.0,0.0,0.0,0,95068.0
0,tcp,http,SF,300,10870,0,0,1,0,0,0,0,17,0.0,0.0,0.0,0.0,1.0,0.0,0.0,116,255,1.0,0.0,0.01,0.01,0.0,0.0,0.0,0,90075.0
0,tcp,http,SF,233,1931,0,0,1,0,0,0,0,7,0.0,0.0,0.0,0.0,1.0,0.0,0.0,255,255,1.0,0.0,0.0,0.0,0.0,0.0,0.0,0,92005.0
0,tcp,private,S0,0,0,0,0,0,0,0,0,0,135,1.0,1.0,0.0,0.0,0.1,0.06,0.0,255,9,0.04,0.07,0.0,0.0,1.0,1.0,0.0,1,121472.0
0,tcp,ftp_data,SF,567,0,0,0,1,0,0,6,0,1,0.0,0.0,0.0,0.0,1.0,0.0,0.0,127,74,0.31,0.05,0.31,0.03,0.0,0.0,0.0,0,63398.0
0,tcp,private,S0,0,0,0,0,0,0,0,0,0,266,1.0,1.0,0.0,0.0,0.05,0.06,0.0,255,12,0.05,0.06,0.0,0.0,1.0,1.0,0.0,1,108299.0
0,tcp,auth,S0,0,0,0,0,0,0,0,0,0,237,1.0,1.0,0.0,0.0,0.09,0.05,0.0,255,22,0.09,0.05,0.0,0.0,1.0,1.0,0.0,1,19195.0
0,tcp,http,SF,340,2009,0,0,1,0,0,0,0,5,0.0,0.0,0.0,0.0,1.0,0.0,0.0,47,255,1.0,0.0,0.02,0.02,0.0,0.0,0.0,0,114741.0
5058,tcp,ftp_data,SF,5133876,0,0,0,1,0,0,0,0,1,0.0,0.0,0.0,0.0,1.0,0.0,0.0,4,31,1.0,0.0,1.0,0.13,0.0,0.0,0.0,1,88124.0
0,udp,domain_u,SF,36,0,0,0,0,0,0,0,0,13,0.0,0.0,0.0,0.0,1.0,0.0,0.13,101,101,1.0,0.0,1.0,0.0,0.0,0.0,0.0,0,115603.0
0,tcp,http,SF,207,771,0,0,1,0,0,0,0,13,0.0,0.0,0.0,0.0,1.0,0.0,0.0,255,255,1.0,0.0,0.01,0.0,0.0,0.0,0.0,0,66607.0
0,udp,other,SF,516,4,0,0,0,0,0,0,0,435,0.0,0.0,0.0,0.0,1.0,0.0,0.0,255,255,1.0,0.0,1.0,0.0,0.0,0.0,0.0,0,93153.0
0,tcp,http,SF,253,2365,0,0,1,0,0,0,0,8,0.0,0.0,0.0,0.0,1.0,0.0,0.0,255,255,1.0,0.0,0.0,0.0,0.0,0.0,0.0,0,25153.0
0,tcp,http,SF,315,8268,0,0,1,0,0,0,0,37,0.0,0.0,0.0,0.0,1.0,0.0,0.0,37,255,1.0,0.0,0.03,0.03,0.0,0.0,0.01,0,124586.0
0,tcp,http,REJ,0,0,0,0,0,0,0,0,0,1,0.0,0.0,1.0,1.0,1.0,0.0,1.0,7,249,1.0,0.0,0.14,0.16,0.0,0.0,1.0,0,57226.0
30217,tcp,private,RSTR,1,0,0,0,0,0,0,0,0,2,0.0,0.0,1.0,1.0,1.0,0.0,0.0,255,2,0.01,0.64,1.0,0.0,0.0,0.0,1.0,1,13927.0
0,tcp,http,SF,224,3550,0,0,1,0,0,0,0,23,0.0,0.0,0.0,0.0,1.0,0.0,0.0,39,255,1.0,0.0,0.03,0.01,0.0,0.0,0.0,0,86946.0
0,tcp,private,S0,0,0,0,0,0,0,0,0,0,40,1.0,1.0,0.0,0.0,0.1,0.12,0.0,255,4,0.02,0.07,0.0,0.0,1.0,1.0,0.0,1,125720.0
0,tcp,private,RSTR,0,0,0,0,0,0,0,0,0,1,0.0,0.0,1.0,1.0,1.0,0.0,0.0,170,1,0.01,0.04,0.01,0.0,0.0,0.0,1.0,1,87403.0
0,tcp,http,SF,216,421,0,0,1,0,0,0,0,11,0.0,0.0,0.0,0.0,1.0,0.0,0.0,192,255,1.0,0.0,0.01,0.02,0.0,0.0,0.0,0,59705.0
4,tcp,ftp_data,SF,832,0,0,0,1,0,0,0,0,1,0.0,0.0,0.0,0.0,1.0,0.0,0.0,3,30,1.0,0.0,1.0,0.13,0.0,0.0,0.0,1,124531.0
29,tcp,ftp,SF,311,1052,0,6,1,0,0,0,0,1,0.0,0.0,0.0,0.0,1.0,0.0,0.0,255,53,0.21,0.03,0.0,0.0,0.0,0.0,0.0,0,85248.0
0,tcp,http,SF,215,1469,0,0,1,0,0,0,0,3,0.0,0.0,0.0,0.0,1.0,0.0,0.0,35,255,1.0,0.0,0.03,0.05,0.0,0.0,0.0,0,23826.0
0,tcp,ftp_data,S0,0,0,0,0,0,0,0,0,0,63,1.0,1.0,0.0,0.0,0.24,0.06,0.0,255,43,0.17,0.05,0.0,0.0,1.0,1.0,0.0,1,17936.0
0,tcp,private,RSTR,0,0,0,0,0,0,0,0,0,1,0.0,0.0,1.0,1.0,1.0,0.0,0.0,255,1,0.0,0.17,0.16,0.0,0.0,0.0,1.0,1,65316.0
0,tcp,auth,SF,9,35,0,0,1,0,0,0,0,1,0.0,0.0,0.0,0.0,1.0,0.0,0.0,35,2,0.03,0.17,0.03,1.0,0.0,0.0,0.0,0,52699.0
0,udp,domain_u,SF,42,125,0,0,0,0,0,0,0,69,0.0,0.0,0.0,0.0,1.0,0.0,0.01,255,255,1.0,0.0,0.0,0.0,0.0,0.0,0.0,0,94228.0
0,tcp,http,SF,321,1016,0,0,1,0,0,0,0,3,0.0,0.0,0.0,0.0,1.0,0.0,0.33,50,255,1.0,0.0,0.02,0.03,0.0,0.0,0.0,0,43014.0
15157,tcp,ftp,SF,355,1191,0,5,1,0,0,0,0,1,0.0,0.0,0.0,0.0,1.0,0.0,0.0,255,141,0.55,0.02,0.0,0.0,0.0,0.0,0.0,1,56250.0
0,tcp,private,REJ,0,0,0,0,0,0,0,0,0,181,0.0,0.0,1.0,1.0,0.03,0.06,0.0,255,5,0.02,0.07,0.0,0.0,0.0,0.0,1.0,1,65498.0
0,tcp,nnsp,REJ,0,0,0,0,0,0,0,0,0,117,0.0,0.0,1.0,1.0,0.09,0.07,0.0,255,11,0.04,0.07,0.0,0.0,0.0,0.0,1.0,1,68202.0
1,tcp,private,RSTOS0,0,0,0,0,0,0,0,0,0,143,0.71,0.5,0.29,0.5,0.01,0.37,0.0,255,2,0.01,0.21,0.56,0.0,0.4,0.5,0.5,1,20916.0
0,tcp,http,SF,293,12334,0,0,1,0,0,0,0,3,0.0,0.0,0.0,0.0,1.0,0.0,0.27,105,255,1.0,0.0,0.01,0.01,0.0,0.0,0.0,0,92668.0
0,udp,domain_u,SF,43,75,0,0,0,0,0,0,0,70,0.0,0.0,0.0,0.0,1.0,0.0,0.01,255,211,0.83,0.01,0.0,0.0,0.0,0.0,0.0,0,54539.0
0,udp,domain_u,SF,42,72,0,0,0,0,0,0,0,189,0.0,0.0,0.0,0.0,1.0,0.0,0.0,255,236,0.93,0.01,0.0,0.0,0.0,0.0,0.0,0,114235.0
20,tcp,ftp,SF,232,769,0,4,1,0,0,0,0,1,0.0,0.0,0.0,0.0,1.0,0.0,0.0,138,20,0.14,0.51,0.01,0.0,0.0,0.0,0.05,0,107871.0
0,tcp,private,REJ,0,0,0,0,0,0,0,0,0,275,0.0,0.0,1.0,1.0,0.06,0.06,0.0,255,16,0.06,0.08,0.0,0.0,0.0,0.0,1.0,1,81939.0
0,tcp,http,S0,0,0,0,0,0,0,0,0,0,16,1.0,1.0,0.0,0.0,0.38,0.25,0.0,255,65,0.25,0.02,0.01,0.0,1.0,1.0,0.0,1,77729.0
0,tcp,sunrpc,S0,0,0,0,0,0,0,0,0,0,65,1.0,1.0,0.0,0.0,0.28,0.09,0.0,255,18,0.07,0.08,0.0,0.0,1.0,1.0,0.0,1,114028.0
0,tcp,http,SF,346,6529,0,0,1,0,0,0,0,1,0.0,0.0,0.0,0.0,1.0,0.0,0.28,6,255,1.0,0.0,0.17,0.04,0.0,0.0,0.0,0,98478.0
0,udp,domain_u,SF,45,136,0,0,0,0,0,0,0,54,0.0,0.0,0.0,0.0,1.0,0.0,0.01,255,201,0.79,0.01,0.0,0.0,0.0,0.0,0.0,0,59287.0
0,icmp,ecr_i,SF,1032,0,0,0,0,0,0,0,0,510,0.0,0.0,0.0,0.0,1.0,0.0,0.0,255,44,0.17,0.18,0.17,0.0,0.0,0.0,0.0,1,97259.0
0,tcp,private,REJ,0,0,0,0,0,0,0,0,0,35,0.94,0.0,0.06,1.0,0.03,0.17,0.0,255,1,0.0,1.0,1.0,0.0,0.0,0.0,1.0,1,52845.0
0,tcp,http,SF,244,990,0,0,1,0,0,0,0,33,0.0,0.0,0.0,0.0,1.0,0.0,0.0,71,255,1.0,0.0,0.01,0.01,0.0,0.0,0.07,0,73423.0
0,tcp,vmnet,REJ,0,0,0,0,0,0,0,0,0,213,0.0,0.0,1.0,1.0,0.08,0.07,0.0,255,16,0.06,0.08,0.0,0.0,0.0,0.0,1.0,1,38441.0
0,tcp,smtp,SF,1195,365,0,0,1,0,0,0,0,1,0.0,0.0,0.0,0.0,1.0,0.0,0.0,232,119,0.49,0.02,0.0,0.02,0.0,0.0,0.0,0,60345.0
0,tcp,ctf,REJ,0,0,0,0,0,0,0,0,0,262,0.0,0.0,1.0,1.0,0.07,0.06,0.0,255,18,0.07,0.07,0.0,0.0,0.0,0.0,1.0,1,119300.0
0,tcp,http,SF,214,9673,0,0,1,0,0,0,0,18,0.0,0.0,0.0,0.0,1.0,0.0,0.1,255,255,1.0,0.0,0.01,0.0,0.0,0.0,0.0,0,97038.0
0,tcp,http,SF,327,54490,0,0,1,0,0,0,0,1,0.0,0.0,0.0,0.0,1.0,0.0,0.33,2,255,1.0,0.0,0.5,0.02,0.0,0.01,0.0,0,58491.0
0,tcp,http,SF,253,7309,0,0,1,0,0,0,0,4,0.0,0.0,0.0,0.0,1.0,0.0,0.4,74,255,1.0,0.0,0.01,0.03,0.0,0.0,0.0,0,113569.0
0,tcp,private,REJ,0,0,0,0,0,0,0,0,0,111,0.0,0.0,1.0,1.0,0.04,0.07,0.0,255,4,0.02,0.06,0.0,0.0,0.0,0.0,1.0,1,21420.0
0,tcp,ctf,S0,0,0,0,0,0,0,0,0,0,224,1.0,1.0,0.0,0.0,0.08,0.05,0.0,255,18,0.07,0.06,0.0,0.0,1.0,1.0,0.0,1,66697.0
0,tcp,efs,S0,0,0,0,0,0,0,0,0,0,139,1.0,1.0,0.0,0.0,0.04,0.06,0.0,255,6,0.02,0.06,0.0,0.0,1.0,1.0,0.0,1,53541.0
0,tcp,sql_net,S0,0,0,0,0,0,0,0,0,0,219,1.0,1.0,0.0,0.0,0.11,0.05,0.0,255,24,0.09,0.06,0.0,0.0,1.0,1.0,0.0,1,86026.0
8,tcp,smtp,SF,1679,330,0,0,1,0,0,0,0,1,0.0,0.0,0.0,0.0,1.0,0.0,0.0,45,56,0.8,0.07,0.02,0.04,0.0,0.0,0.0,0,71616.0
0,tcp,http,SF,215,3792,0,0,1,0,0,0,0,5,0.0,0.0,0.0,0.0,1.0,0.0,0.0,166,255,1.0,0.0,0.01,0.01,0.0,0.0,0.0,0,51888.0
0,udp,private,SF,1,0,0,0,0,0,0,0,0,28,0.0,0.0,0.0,0.0,0.04,0.14,0.0,255,1,0.0,0.5,0.54,0.0,0.16,0.0,0.0,1,51767.0
0,tcp,http,SF,305,660,0,0,1,0,0,0,0,13,0.0,0.0,0.0,0.0,1.0,0.0,0.0,13,255,1.0,0.0,0.08,0.09,0.0,0.0,0.0,0,2083.0
0,tcp,http_443,REJ,0,0,0,0,0,0,0,0,0,143,0.0,0.0,1.0,1.0,0.1,0.06,0.0,255,14,0.05,0.06,0.0,0.0,0.0,0.0,1.0,1,52361.0
0,tcp,http,SF,271,668,0,0,1,0,0,0,0,37,0.0,0.0,0.0,0.0,1.0,0.0,0.0,255,255,1.0,0.0,0.0,0.0,0.0,0.0,0.0,0,59856.0
0,tcp,telnet,RSTO,0,0,0,0,0,0,0,0,0,104,0.0,0.0,1.0,1.0,0.01,0.08,0.0,255,1,0.0,0.07,0.0,0.0,0.0,0.0,1.0,1,111340.0
0,tcp,ftp_data,SF,383,0,0,0,1,0,0,0,0,2,0.0,0.0,0.0,0.0,1.0,0.0,0.0,237,57,0.21,0.02,0.21,0.04,0.0,0.0,0.0,0,100629.0
0,tcp,http,SF,351,7886,0,0,1,0,0,0,0,1,0.0,0.0,0.0,0.0,1.0,0.0,0.0,59,255,1.0,0.0,0.02,0.04,0.0,0.0,0.0,0,95146.0
0,tcp,http,SF,251,3846,0,0,1,0,0,0,0,13,0.0,0.0,0.0,0.0,1.0,0.0,0.0,175,255,1.0,0.0,0.01,0.03,0.0,0.0,0.0,0,53374.0
0,udp,other,SF,516,4,0,0,0,0,0,0,0,218,0.0,0.0,0.0,0.0,1.0,0.0,0.0,218,218,1.0,0.0,1.0,0.0,0.0,0.0,0.0,0,16722.0
0,tcp,daytime,S0,0,0,0,0,0,0,0,0,0,121,1.0,1.0,0.0,0.0,0.07,0.07,0.0,255,6,0.02,0.07,0.0,0.0,1.0,1.0,0.0,1,36803.0
0,tcp,iso_tsap,S0,0,0,0,0,0,0,0,0,0,246,1.0,1.0,0.0,0.0,0.04,0.06,0.0,255,9,0.04,0.06,0.0,0.0,1.0,1.0,0.0,1,71721.0
0,tcp,http,SF,281,794,0,0,1,0,0,0,0,4,0.0,0.0,0.0,0.0,1.0,0.0,0.0,4,255,1.0,0.0,0.25,0.03,0.0,0.0,0.0,0,85349.0
5,udp,private,SF,105,146,0,0,0,0,0,0,0,4,0.0,0.0,0.0,0.0,1.0,0.0,0.0,255,239,0.94,0.01,0.01,0.0,0.0,0.0,0.0,0,98147.0
0,icmp,urp_i,SF,181,0,0,0,0,0,0,0,0,2,0.0,0.0,0.0,0.0,0.5,1.0,0.0,255,57,0.22,0.01,0.28,0.0,0.0,0.0,0.0,0,34716.0
0,tcp,private,S0,0,0,0,0,0,0,0,0,0,179,1.0,1.0,0.0,0.0,0.05,0.06,0.0,255,19,0.07,0.06,0.0,0.0,1.0,1.0,0.0,1,9056.0
0,tcp,http,SF,201,926,0,0,1,0,0,0,0,13,0.0,0.0,0.0,0.0,1.0,0.0,0.14,26,255,1.0,0.0,0.04,0.09,0.0,0.0,0.0,0,12946.0
0,tcp,smtp,SF,673,335,0,0,1,0,0,0,0,1,0.0,0.0,0.0,0.0,1.0,0.0,0.0,121,87,0.72,0.04,0.01,0.0,0.0,0.0,0.0,0,76623.0
0,tcp,netbios_dgm,S0,0,0,0,0,0,0,0,0,0,90,1.0,1.0,0.0,0.0,0.16,0.07,0.0,255,9,0.04,0.07,0.0,0.0,1.0,1.0,0.0,1,52058.0
0,tcp,bgp,S0,0,0,0,0,0,0,0,0,0,250,1.0,1.0,0.0,0.0,0.01,0.06,0.0,255,2,0.01,0.07,0.0,0.0,1.0,1.0,0.0,1,108308.0
0,tcp,http,SF,221,3430,0,0,1,0,0,0,0,14,0.0,0.0,0.0,0.0,1.0,0.0,0.0,38,255,1.0,0.0,0.03,0.03,0.0,0.0,0.0,0,108448.0
0,icmp,eco_i,SF,30,0,0,0,0,0,0,0,0,1,0.0,0.0,0.0,0.0,1.0,0.0,0.0,57,90,0.98,0.04,0.98,0.2,0.0,0.0,0.0,0,60730.0
0,tcp,finger,S0,0,0,0,0,0,0,0,0,0,20,1.0,1.0,0.0,0.0,0.5,0.1,0.0,180,53,0.28,0.02,0.01,0.04,1.0,0.94,0.0,1,112437.0
0,tcp,http,SF,280,1117,0,0,1,0,0,0,0,3,0.0,0.0,0.0,0.0,1.0,0.0,0.5,87,228,1.0,0.0,0.01,0.03,0.0,0.0,0.0,0,121615.0
16941,udp,other,SF,146,105,0,0,0,0,0,0,0,4,0.0,0.0,0.0,0.0,0.5,0.5,0.0,255,2,0.01,0.54,0.74,0.0,0.0,0.0,0.0,0,9954.0
0,tcp,private,S0,0,0,0,0,0,0,0,0,0,278,1.0,1.0,0.0,0.0,0.07,0.06,0.0,255,20,0.08,0.08,0.0,0.0,1.0,1.0,0.0,1,37405.0
0,tcp,http,SF,325,1252,0,0,1,0,0,0,0,24,0.0,0.0,0.0,0.0,1.0,0.0,0.0,50,255,1.0,0.0,0.02,0.01,0.0,0.0,0.0,0,66881.0
0,udp,private,SF,1,0,0,0,0,0,0,0,0,16,0.0,0.0,0.0,0.0,0.19,0.12,0.0,255,50,0.2,0.37,0.82,0.0,0.0,0.0,0.0,1,37526.0
0,udp,domain_u,SF,42,120,0,0,0,0,0,0,0,180,0.0,0.0,0.0,0.0,0.99,0.01,0.0,69,36,0.52,0.03,0.01,0.0,0.0,0.0,0.0,0,36176.0
0,icmp,eco_i,SF,18,0,0,0,0,0,0,0,0,1,0.0,0.0,0.0,0.0,1.0,0.0,0.0,1,13,1.0,0.0,1.0,1.0,0.0,0.0,0.0,1,119038.0
0,tcp,smtp,SF,591,275,0,0,1,0,0,0,0,1,0.0,0.0,0.0,0.0,1.0,0.0,0.0,255,163,0.64,0.03,0.0,0.0,0.0,0.01,0.0,0,4803.0
0,tcp,auth,S0,0,0,0,0,0,0,0,0,0,223,1.0,1.0,0.0,0.0,0.09,0.06,0.0,255,20,0.08,0.07,0.0,0.0,1.0,1.0,0.0,1,16125.0
0,tcp,private,REJ,0,0,0,0,0,0,0,0,0,247,0.0,0.0,1.0,1.0,0.04,0.07,0.0,255,10,0.04,0.07,0.0,0.0,0.0,0.0,1.0,1,76018.0
0,tcp,http,SF,207,1154,0,0,1,0,0,0,0,4,0.0,0.0,0.0,0.0,1.0,0.0,0.0,4,228,1.0,0.0,0.25,0.12,0.0,0.0,0.0,0,100958.0
0,tcp,http,SF,54540,8314,0,2,1,1,0,0,0,4,0.0,0.0,0.25,0.25,1.0,0.0,0.0,86,86,1.0,0.0,0.01,0.0,0.0,0.0,0.05,1,75791.0
3,udp,domain_u,SF,42,29,0,0,0,0,0,0,0,3,0.0,0.0,0.0,0.0,1.0,0.0,0.4,255,255,1.0,0.0,0.2,0.0,0.0,0.0,0.0,0,114444.0
0,tcp,supdup,S0,0,0,0,0,0,0,0,0,0,267,1.0,1.0,0.0,0.0,0.06,0.06,0.0,255,7,0.03,0.08,0.0,0.0,1.0,1.0,0.0,1,77792.0
0,tcp,http,SF,309,464,0,0,1,0,0,0,0,5,0.0,0.0,0.0,0.0,1.0,0.0,0.0,23,255,1.0,0.0,0.04,0.04,0.0,0.0,0.0,0,122638.0
0,tcp,finger,S0,0,0,0,0,0,0,0,0,0,38,1.0,1.0,0.0,0.0,0.24,0.11,0.0,255,49,0.19,0.03,0.01,0.0,1.0,1.0,0.0,1,25191.0
0,tcp,http,SF,293,9457,0,0,1,0,0,0,0,1,0.0,0.0,0.0,0.0,1.0,0.0,0.0,86,255,1.0,0.0,0.01,0.07,0.0,0.01,0.0,0,102063.0
0,tcp,smtp,SF,1233,333,0,0,1,0,0,0,0,1,0.0,0.0,0.0,0.0,1.0,0.0,0.0,21,88,0.9,0.1,0.05,0.02,0.0,0.0,0.0,0,38907.0
0,tcp,private,S0,0,0,0,0,0,0,0,0,0,99,1.0,1.0,0.0,0.0,0.03,0.1,0.0,255,3,0.01,0.08,0.0,0.0,1.0,1.0,0.0,1,52507.0
0,tcp,private,REJ,0,0,0,0,0,0,0,0,0,336,0.03,0.0,0.96,1.0,0.0,1.0,0.0,255,1,0.0,1.0,0.0,0.0,0.03,0.0,1.0,1,68040.0
0,tcp,nnsp,S0,0,0,0,0,0,0,0,0,0,111,1.0,1.0,0.0,0.0,0.01,0.08,0.0,255,1,0.0,0.08,0.0,0.0,1.0,1.0,0.0,1,120911.0
0,tcp,http,SF,271,406,0,0,1,0,0,0,0,27,0.0,0.0,0.0,0.0,1.0,0.0,0.1,255,255,1.0,0.0,0.0,0.0,0.0,0.0,0.0,0,16129.0
0,icmp,eco_i,SF,8,0,0,0,0,0,0,0,0,1,0.0,0.0,0.0,0.0,1.0,0.0,1.0,1,50,1.0,0.0,1.0,0.52,0.0,0.0,0.0,1,122880.0
0,tcp,nnsp,S0,0,0,0,0,0,0,0,0,0,133,1.0,1.0,0.0,0.0,0.11,0.05,0.0,255,11,0.04,0.07,0.0,0.0,1.0,1.0,0.0,1,121543.0
0,tcp,smtp,S0,0,0,0,0,0,0,0,0,0,15,1.0,1.0,0.0,0.0,1.0,0.0,0.0,77,139,0.45,0.03,0.01,0.01,0.97,0.25,0.0,1,111608.0
0,udp,domain_u,SF,30,0,0,0,0,0,0,0,0,1,0.0,0.0,0.0,0.0,1.0,0.0,0.75,255,26,0.1,0.03,0.1,0.0,0.0,0.0,0.0,0,54195.0
0,icmp,ecr_i,SF,1032,0,0,0,0,0,0,0,0,511,0.0,0.0,0.0,0.0,1.0,0.0,0.0,255,43,0.17,0.21,0.17,0.0,0.0,0.0,0.0,1,4156.0
0,tcp,telnet,S0,0,0,0,0,0,0,0,0,0,297,1.0,1.0,0.0,0.0,0.06,0.05,0.0,255,18,0.07,0.05,0.0,0.0,1.0,1.0,0.0,1,123107.0
28,udp,domain_u,SF,44,44,0,0,0,0,0,0,0,4,0.0,0.0,0.0,0.0,0.25,0.5,0.67,97,94,0.97,0.02,0.01,0.0,0.0,0.0,0.0,0,104560.0
2,tcp,ftp_data,SF,2194619,0,0,0,1,0,0,0,0,2,0.0,0.0,0.0,0.0,1.0,0.0,0.0,104,93,0.23,0.05,0.23,0.02,0.0,0.0,0.0,0,91684.0
0,tcp,uucp,S0,0,0,0,0,0,0,0,0,0,131,1.0,1.0,0.0,0.0,0.16,0.05,0.0,255,21,0.08,0.05,0.0,0.0,1.0,1.0,0.0,1,113211.0
0,tcp,smtp,SF,1284,387,0,0,1,0,0,0,0,1,0.0,0.0,0.0,0.0,1.0,0.0,1.0,66,54,0.61,0.09,0.02,0.04,0.02,0.0,0.0,0,19942.0
0,tcp,private,S0,0,0,0,0,0,0,0,0,0,47,1.0,1.0,0.0,0.0,0.23,0.13,0.0,255,13,0.05,0.09,0.0,0.0,1.0,1.0,0.0,1,40045.0
0,tcp,smtp,SF,1372,331,0,0,1,0,0,0,0,1,0.0,0.0,0.0,0.0,1.0,0.0,0.0,6,118,0.5,0.33,0.17,0.03,0.0,0.0,0.0,0,54909.0
0,udp,domain_u,SF,44,126,0,0,0,0,0,0,0,78,0.0,0.0,0.0,0.0,1.0,0.0,0.01,255,254,1.0,0.01,0.0,0.0,0.0,0.0,0.0,0,55889.0
0,tcp,private,S0,0,0,0,0,0,0,0,0,0,55,1.0,1.0,0.0,0.0,0.33,0.05,0.0,255,20,0.08,0.06,0.0,0.0,1.0,1.0,0.0,1,94214.0
0,tcp,http,SF,212,529,0,0,1,0,0,0,0,19,0.0,0.0,0.0,0.0,1.0,0.0,0.0,19,255,1.0,0.0,0.05,0.02,0.0,0.0,0.0,0,117607.0
0,tcp,smtp,SF,1148,336,0,0,1,0,0,0,0,1,0.0,0.0,0.0,0.0,1.0,0.0,0.0,140,190,0.76,0.03,0.01,0.01,0.0,0.0,0.03,0,118487.0
0,tcp,http,SF,54540,8314,0,2,1,1,0,0,0,1,0.0,0.0,0.0,0.0,1.0,0.0,0.0,205,205,1.0,0.0,0.0,0.0,0.0,0.0,0.01,1,91341.0
0,icmp,ecr_i,SF,1032,0,0,0,0,0,0,0,0,398,0.0,0.0,0.0,0.0,1.0,0.0,0.0,255,255,1.0,0.0,1.0,0.0,0.0,0.0,0.0,1,103052.0
10,tcp,telnet,SF,141,1310,0,0,1,0,0,0,0,1,0.0,0.0,0.0,0.0,1.0,0.0,0.0,16,1,0.06,0.12,0.06,0.0,0.0,0.0,0.0,0,21141.0
0,tcp,http,SF,317,1156,0,0,1,0,0,0,0,5,0.0,0.0,0.0,0.0,1.0,0.0,0.0,42,255,1.0,0.0,0.02,0.03,0.0,0.0,0.0,0,2759.0
0,tcp,ftp_data,REJ,0,0,0,0,0,0,0,0,0,255,0.0,0.0,1.0,1.0,0.0,0.07,0.0,255,1,0.0,0.07,0.0,0.0,0.0,0.0,1.0,1,44836.0
0,tcp,http,SF,222,2916,0,0,1,0,0,0,0,9,0.0,0.0,0.0,0.0,1.0,0.0,0.0,66,255,1.0,0.0,0.02,0.03,0.0,0.0,0.0,0,39266.0
0,icmp,tim_i,SF,564,0,0,0,0,0,0,0,0,2,0.0,0.0,0.0,0.0,1.0,0.0,0.0,2,2,1.0,0.0,1.0,0.0,0.0,0.0,0.0,1,14098.0
0,tcp,http,S0,0,0,0,0,0,0,0,0,0,79,1.0,1.0,0.0,0.0,0.25,0.05,0.0,255,60,0.24,0.02,0.02,0.0,1.0,1.0,0.0,1,120554.0
0,tcp,ftp_data,SF,334,0,0,0,1,0,0,0,0,1,0.0,0.0,0.0,0.0,1.0,0.0,0.0,1,9,1.0,0.0,1.0,0.33,0.0,0.0,0.0,1,27443.0
0,tcp,finger,SF,6,138,0,0,0,0,0,0,0,1,0.0,0.0,0.0,0.0,1.0,0.0,0.0,162,2,0.01,0.57,0.01,0.0,0.0,0.0,0.0,0,96211.0
2840,udp,other,SF,147,105,0,0,0,0,0,0,0,4,0.0,0.0,0.0,0.0,0.5,0.5,0.0,255,3,0.01,0.79,1.0,0.0,0.0,0.0,0.0,0,41495.0
0,tcp,uucp,S0,0,0,0,0,0,0,0,0,0,130,1.0,1.0,0.0,0.0,0.07,0.06,0.0,255,9,0.04,0.07,0.0,0.0,1.0,1.0,0.0,1,18280.0
0,tcp,link,REJ,0,0,0,0,0,0,0,0,0,240,0.0,0.0,1.0,1.0,0.03,0.07,0.0,255,6,0.02,0.08,0.0,0.0,0.0,0.0,1.0,1,6042.0
0,tcp,http,SF,223,362,0,0,1,0,0,0,0,11,0.0,0.0,0.0,0.0,1.0,0.0,0.16,255,255,1.0,0.0,0.0,0.0,0.0,0.0,0.0,0,117853.0
0,tcp,finger,RSTO,0,0,0,0,0,0,0,0,0,249,0.0,0.0,1.0,1.0,0.01,0.07,0.0,255,2,0.01,0.07,0.0,0.0,0.0,0.0,1.0,1,84357.0
0,tcp,private,S0,0,0,0,0,0,0,0,0,0,207,1.0,1.0,0.0,0.0,0.03,0.06,0.0,255,17,0.07,0.07,0.0,0.0,1.0,1.0,0.0,1,27861.0
0,tcp,ftp_data,SF,383,0,0,0,1,0,0,0,0,2,0.0,0.0,0.0,0.0,1.0,0.0,0.0,93,50,0.1,0.03,0.1,0.06,0.0,0.0,0.0,0,99131.0
0,tcp,private,S0,0,0,0,0,0,0,0,0,0,251,1.0,1.0,0.0,0.0,0.01,0.07,0.0,255,3,0.01,0.08,0.0,0.0,1.0,1.0,0.0,1,99796.0
0,tcp,smtp,SF,1035,333,0,0,1,0,0,0,0,1,0.0,0.0,0.0,0.0,1.0,0.0,0.0,94,170,0.72,0.04,0.01,0.01,0.0,0.0,0.0,0,58934.0
0,tcp,http,REJ,0,0,0,0,0,0,0,0,0,1,0.0,0.0,1.0,1.0,1.0,0.0,1.0,14,4,0.29,0.21,0.07,0.0,0.0,0.0,1.0,0,94513.0
0,tcp,http,SF,356,956,0,0,1,0,0,0,0,7,0.0,0.0,0.0,0.0,1.0,0.0,0.0,136,255,1.0,0.0,0.01,0.05,0.01,0.0,0.0,0,87827.0
0,tcp,telnet,S0,0,0,0,0,0,0,0,0,0,127,1.0,1.0,0.0,0.0,0.12,0.06,0.0,255,6,0.02,0.07,0.0,0.0,1.0,1.0,0.0,1,69036.0
0,tcp,http_443,REJ,0,0,0,0,0,0,0,0,0,72,0.0,0.0,1.0,1.0,0.08,0.08,0.0,255,6,0.02,0.06,0.0,0.0,0.0,0.0,1.0,1,41133.0
0,tcp,iso_tsap,S0,0,0,0,0,0,0,0,0,0,295,1.0,1.0,0.0,0.0,0.06,0.06,0.0,255,2,0.01,0.07,0.0,0.0,1.0,1.0,0.0,1,22004.0
0,tcp,time,S0,0,0,0,0,0,0,0,0,0,175,0.99,1.0,0.0,0.0,0.09,0.06,0.0,255,16,0.06,0.07,0.0,0.0,1.0,1.0,0.0,1,38566.0
0,tcp,http,SF,228,3879,0,0,1,0,0,0,0,2,0.0,0.0,0.0,0.0,1.0,0.0,0.0,53,255,1.0,0.0,0.02,0.02,0.0,0.0,0.0,0,31280.0
0,tcp,http,SF,295,39195,0,0,1,0,0,0,0,2,0.0,0.0,0.0,0.0,1.0,0.0,0.2,2,255,1.0,0.0,0.5,0.04,0.0,0.0,0.0,0,71952.0
0,tcp,http,SF,311,289,0,0,1,0,0,0,0,3,0.0,0.0,0.0,0.0,1.0,0.0,0.0,3,255,1.0,0.0,0.33,0.03,0.0,0.0,0.0,0,85893.0
0,tcp,http,SF,224,3867,0,0,1,0,0,0,0,4,0.0,0.0,0.0,0.0,1.0,0.0,0.0,228,255,1.0,0.0,0.0,0.01,0.0,0.0,0.0,0,9465.0
0,tcp,private,REJ,0,0,0,0,0,0,0,0,0,124,0.0,0.0,1.0,1.0,0.15,0.06,0.0,255,2,0.01,0.07,0.0,0.0,0.0,0.0,1.0,1,44447.0
0,tcp,smtp,SF,680,332,0,0,1,0,0,0,0,1,0.0,0.0,0.0,0.0,1.0,0.0,0.0,135,157,0.57,0.04,0.01,0.01,0.0,0.0,0.0,0,31341.0
0,tcp,http,SF,212,2241,0,0,1,0,0,0,0,4,0.0,0.0,0.0,0.0,1.0,0.0,0.4,98,255,1.0,0.0,0.01,0.02,0.0,0.0,0.0,0,124889.0
0,tcp,ftp_data,SF,501760,0,0,0,1,0,0,0,0,2,0.0,0.0,0.0,0.0,1.0,0.0,0.0,24,79,0.42,0.12,0.42,0.03,0.0,0.0,0.0,0,33996.0
0,tcp,private,S0,0,0,0,0,0,0,0,0,0,112,1.0,1.0,0.0,0.0,0.04,0.07,0.0,255,7,0.03,0.06,0.0,0.0,1.0,1.0,0.0,1,36445.0
0,tcp,http,SF,266,208,0,0,1,0,0,0,0,1,0.0,0.0,0.0,0.0,1.0,0.0,0.0,2,255,1.0,0.0,0.5,0.03,0.0,0.0,0.0,0,102982.0
21,tcp,ftp,SF,234,767,0,4,1,0,0,0,0,1,0.0,0.0,0.0,0.0,1.0,0.0,0.0,62,24,0.39,0.05,0.02,0.0,0.0,0.0,0.0,0,9210.0
0,tcp,http,SF,203,236,0,0,1,0,0,0,0,10,0.0,0.0,0.0,0.0,1.0,0.0,0.13,10,255,1.0,0.0,0.1,0.09,0.0,0.0,0.0,0,98475.0
0,tcp,auth,S0,0,0,0,0,0,0,0,0,0,110,1.0,1.0,0.0,0.0,0.09,0.06,0.0,255,10,0.04,0.07,0.0,0.0,1.0,1.0,0.0,1,8573.0
0,tcp,private,S0,0,0,0,0,0,0,0,0,0,290,1.0,1.0,0.0,0.0,0.01,0.06,0.0,255,4,0.02,0.08,0.0,0.0,1.0,1.0,0.0,1,5059.0
14118,tcp,other,RSTR,1,0,0,0,0,0,0,0,0,2,0.0,0.0,1.0,1.0,1.0,0.0,0.0,255,2,0.01,0.68,1.0,0.0,0.0,0.0,1.0,1,72547.0
0,udp,domain_u,SF,44,44,0,0,0,0,0,0,0,109,0.0,0.0,0.0,0.0,1.0,0.0,0.0,255,245,0.96,0.01,0.0,0.0,0.0,0.0,0.0,0,63471.0
0,tcp,http,SF,355,1091,0,0,1,0,0,0,0,4,0.0,0.0,0.0,0.0,1.0,0.0,0.0,41,255,1.0,0.0,0.02,0.01,0.0,0.0,0.0,0,16072.0
0,tcp,http,SF,305,9345,0,0,1,0,0,0,0,3,0.0,0.0,0.0,0.0,1.0,0.0,0.0,28,255,1.0,0.0,0.04,0.01,0.0,0.0,0.0,0,28357.0
0,tcp,http,SF,241,1071,0,0,1,0,0,0,0,7,0.0,0.0,0.0,0.0,1.0,0.0,0.0,32,255,1.0,0.0,0.03,0.05,0.0,0.0,0.0,0,7632.0
0,tcp,http,SF,255,4214,0,0,1,0,0,0,0,3,0.0,0.0,0.0,0.0,1.0,0.0,0.0,255,255,1.0,0.0,0.0,0.0,0.0,0.0,0.0,0,110743.0
0,tcp,uucp_path,S0,0,0,0,0,0,0,0,0,0,276,1.0,1.0,0.0,0.0,0.07,0.04,0.0,255,19,0.07,0.05,0.0,0.0,1.0,1.0,0.0,1,83289.0
0,udp,private,SF,1,0,0,0,0,0,0,0,0,145,0.0,0.0,0.0,0.0,0.86,0.03,0.0,255,166,0.65,0.04,1.0,0.0,0.0,0.0,0.0,1,49997.0
2,tcp,smtp,SF,2685,323,0,0,1,0,0,0,0,1,0.0,0.0,0.0,0.0,1.0,0.0,0.0,255,46,0.18,0.53,0.0,0.0,0.0,0.0,0.0,0,5538.0
0,tcp,Z39_50,S0,0,0,0,0,0,0,0,0,0,299,1.0,1.0,0.0,0.0,0.08,0.05,0.0,255,25,0.1,0.05,0.0,0.0,1.0,1.0,0.0,1,41478.0
0,tcp,ldap,S0,0,0,0,0,0,0,0,0,0,269,1.0,1.0,0.0,0.0,0.05,0.05,0.0,255,13,0.05,0.05,0.0,0.0,1.0,1.0,0.0,1,20014.0
0,tcp,http,SF,237,1426,0,0,1,0,0,0,0,14,0.0,0.0,0.0,0.0,1.0,0.0,0.0,90,255,1.0,0.0,0.01,0.03,0.0,0.0,0.0,0,121190.0
2,tcp,auth,SF,6,31,0,0,0,0,0,0,0,511,0.07,0.0,0.91,0.0,0.0,1.0,0.0,255,1,0.0,1.0,0.0,0.0,0.07,0.0,0.0,1,65855.0
0,tcp,http,SF,257,2616,0,0,1,0,0,0,0,9,0.0,0.0,0.0,0.0,1.0,0.0,0.0,61,255,1.0,0.0,0.02,0.01,0.0,0.0,0.0,0,22881.0
0,tcp,http,SF,292,2367,0,0,1,0,0,0,0,3,0.0,0.0,0.0,0.0,1.0,0.0,0.0,191,255,1.0,0.0,0.01,0.02,0.0,0.0,0.0,0,98385.0
0,tcp,http,SF,304,3963,0,0,1,0,0,0,0,1,0.0,0.0,0.0,0.0,1.0,0.0,1.0,9,255,1.0,0.0,0.11,0.04,0.0,0.0,0.0,0,54234.0
0,tcp,ctf,S0,0,0,0,0,0,0,0,0,0,146,1.0,1.0,0.0,0.0,0.05,0.05,0.0,255,2,0.01,0.07,0.0,0.0,1.0,1.0,0.0,1,69978.0
0,udp,domain_u,SF,104,0,0,0,0,0,0,0,0,1,0.0,0.0,0.0,0.0,1.0,0.0,0.0,21,12,0.57,0.1,0.57,0.0,0.0,0.0,0.0,0,81812.0
2,tcp,smtp,SF,1602,508,0,0,1,0,0,0,0,1,0.0,0.0,0.0,0.0,1.0,0.0,0.0,206,134,0.56,0.02,0.0,0.01,0.0,0.0,0.01,0,29445.0
0,tcp,http,SF,215,26526,0,0,1,0,0,0,0,3,0.0,0.0,0.0,0.0,1.0,0.0,0.0,3,255,1.0,0.0,0.33,0.02,0.0,0.0,0.0,0,5863.0
0,tcp,private,S0,0,0,0,0,0,0,0,0,0,142,1.0,1.0,0.0,0.0,0.12,0.05,0.0,255,12,0.05,0.06,0.0,0.0,1.0,1.0,0.0,1,56561.0
0,tcp,http,REJ,0,0,0,0,0,0,0,0,0,1,0.0,0.0,1.0,1.0,1.0,0.0,0.0,20,254,1.0,0.0,0.05,0.16,0.0,0.0,0.98,0,43949.0
9,tcp,smtp,SF,848,342,0,0,1,0,0,0,0,1,0.0,0.0,0.0,0.0,1.0,0.0,1.0,4,125,1.0,0.0,0.25,0.02,0.0,0.0,0.0,0,13163.0
0,tcp,http,SF,183,5080,0,0,1,0,0,0,0,1,0.0,0.0,0.0,0.0,1.0,0.0,0.0,89,255,1.0,0.0,0.01,0.07,0.0,0.0,0.0,0,21022.0
0,tcp,http,SF,241,13224,0,0,1,0,0,0,0,7,0.0,0.0,0.0,0.0,1.0,0.0,0.0,42,255,1.0,0.0,0.02,0.03,0.0,0.0,0.0,0,14801.0
0,tcp,kshell,REJ,0,0,0,0,0,0,0,0,0,148,0.0,0.0,1.0,1.0,0.14,0.06,0.0,255,20,0.08,0.07,0.0,0.0,0.0,0.0,1.0,1,2442.0
0,tcp,http,REJ,0,0,0,0,0,0,0,0,0,17,0.0,0.0,0.76,0.76,1.0,0.0,0.0,36,116,1.0,0.0,0.03,0.17,0.0,0.0,0.97,0,20054.0
0,tcp,smtp,SF,5782,327,0,0,1,0,0,0,0,3,0.0,0.0,0.0,0.0,0.33,0.67,0.0,128,55,0.43,0.05,0.01,0.0,0.0,0.0,0.0,0,94677.0
0,tcp,http,SF,380,5851,0,0,1,0,0,0,0,1,0.0,0.0,0.0,0.0,1.0,0.0,0.6,255,255,1.0,0.0,0.0,0.0,0.0,0.0,0.0,0,77916.0
0,tcp,http,SF,226,9284,0,0,1,0,0,0,0,18,0.0,0.0,0.0,0.0,1.0,0.0,0.04,18,255,1.0,0.0,0.06,0.02,0.0,0.0,0.0,0,83413.0
0,icmp,eco_i,SF,8,0,0,0,0,0,0,0,0,1,0.0,0.0,0.0,0.0,1.0,0.0,1.0,1,80,1.0,0.0,1.0,0.26,0.0,0.0,0.0,1,109185.0
0,tcp,http,SF,283,16588,0,0,1,0,0,0,0,7,0.0,0.0,0.0,0.0,1.0,0.0,0.0,66,255,1.0,0.0,0.02,0.04,0.0,0.0,0.0,0,18142.0
0,udp,domain_u,SF,44,44,0,0,0,0,0,0,0,111,0.0,0.0,0.0,0.0,0.99,0.02,0.0,255,254,1.0,0.01,0.0,0.0,0.0,0.0,0.0,0,125882.0
0,tcp,http,SF,306,891,0,0,1,0,0,0,0,2,0.0,0.0,0.0,0.0,1.0,0.0,0.5,255,255,1.0,0.0,0.0,0.0,0.0,0.0,0.0,0,83851.0
0,tcp,http,SF,264,19932,0,1,1,0,0,0,0,1,0.0,0.0,0.0,0.0,1.0,0.0,0.0,1,255,1.0,0.0,1.0,0.04,0.0,0.01,0.0,0,18896.0
0,tcp,ftp_data,SF,1376,0,0,0,0,0,0,0,0,3,0.0,0.0,0.0,0.0,1.0,0.0,0.0,255,9,0.04,0.07,0.04,0.0,0.9,0.0,0.0,0,6000.0
0,tcp,mtp,S0,0,0,0,0,0,0,0,0,0,266,1.0,1.0,0.0,0.0,0.09,0.05,0.0,255,25,0.1,0.05,0.0,0.0,1.0,1.0,0.0,1,34493.0
0,tcp,domain,S0,0,0,0,0,0,0,0,0,0,129,1.0,1.0,0.0,0.0,0.03,0.06,0.0,255,2,0.01,0.07,0.0,0.0,1.0,1.0,0.0,1,66975.0
0,tcp,http,SF,196,2719,0,0,1,0,0,0,0,24,0.0,0.0,0.0,0.0,1.0,0.0,0.0,146,255,1.0,0.0,0.01,0.03,0.0,0.0,0.0,0,7987.0
0,tcp,hostnames,S0,0,0,0,0,0,0,0,0,0,299,1.0,1.0,0.0,0.0,0.01,0.06,0.0,255,2,0.01,0.07,0.0,0.0,1.0,1.0,0.0,1,65475.0
0,tcp,http,SF,239,451,0,0,1,0,0,0,0,5,0.0,0.0,0.0,0.0,1.0,0.0,0.22,255,255,1.0,0.0,0.0,0.0,0.0,0.0,0.0,0,106529.0
0,tcp,uucp_path,S0,0,0,0,0,0,0,0,0,0,47,1.0,1.0,0.0,0.0,0.21,0.11,0.0,255,10,0.04,0.08,0.0,0.0,1.0,1.0,0.0,1,44688.0
0,tcp,http,S0,0,0,0,0,0,0,0,0,0,10,1.0,1.0,0.0,0.0,0.5,0.4,0.0,255,66,0.26,0.02,0.0,0.0,1.0,1.0,0.0,1,20133.0
0,tcp,private,S0,0,0,0,0,0,0,0,0,0,133,1.0,1.0,0.0,0.0,0.04,0.07,0.0,255,5,0.02,0.06,0.0,0.0,1.0,1.0,0.0,1,73319.0
0,icmp,ecr_i,SF,1032,0,0,0,0,0,0,0,0,116,0.0,0.0,0.0,0.0,1.0,0.0,0.0,124,30,0.24,0.06,0.24,0.0,0.02,0.0,0.0,1,50117.0
0,udp,domain_u,SF,43,129,0,0,0,0,0,0,0,67,0.0,0.0,0.0,0.0,0.99,0.03,0.01,255,212,0.83,0.02,0.0,0.0,0.0,0.0,0.0,0,85269.0
0,tcp,private,REJ,0,0,0,0,0,0,0,0,0,101,0.0,0.0,1.0,1.0,0.12,0.06,0.0,255,2,0.01,0.08,0.0,0.0,0.0,0.0,1.0,1,14297.0
0,tcp,finger,SF,10,173,0,0,0,0,0,0,0,1,0.0,0.0,0.0,0.0,1.0,0.0,0.0,2,1,0.5,1.0,0.5,0.0,0.0,0.0,0.0,0,5154.0
0,udp,domain_u,SF,32,32,0,0,0,0,0,0,0,1,0.0,0.0,0.0,0.0,1.0,0.0,1.0,255,246,0.96,0.01,0.0,0.0,0.0,0.0,0.0,0,114521.0
0,tcp,http,SF,324,981,0,0,1,0,0,0,0,26,0.0,0.0,0.0,0.0,1.0,0.0,0.0,255,255,1.0,0.0,0.0,0.0,0.0,0.0,0.0,0,104678.0
0,tcp,ftp_data,SF,40494,0,0,0,1,0,0,0,0,11,0.0,0.0,0.0,0.0,1.0,0.0,0.0,255,47,0.18,0.02,0.18,0.0,0.0,0.0,0.0,0,48388.0
0,tcp,http,SF,250,458,0,0,1,0,0,0,0,4,0.0,0.0,0.0,0.0,1.0,0.0,0.0,52,52,1.0,0.0,0.02,0.0,0.0,0.0,0.0,0,76387.0
0,tcp,efs,S0,0,0,0,0,0,0,0,0,0,145,1.0,1.0,0.0,0.0,0.04,0.06,0.0,255,3,0.01,0.06,0.0,0.0,1.0,1.0,0.0,1,76529.0
0,tcp,http,REJ,0,0,0,0,0,0,0,0,0,1,0.0,0.0,1.0,0.5,1.0,0.0,1.0,43,255,1.0,0.0,0.02,0.09,0.0,0.0,1.0,0,77561.0
0,tcp,http,SF,282,326,0,0,1,0,0,0,0,4,0.0,0.0,0.0,0.0,1.0,0.0,0.0,255,255,1.0,0.0,0.0,0.0,0.0,0.0,0.0,0,92744.0
1,tcp,private,RSTOS0,0,0,0,0,0,0,0,0,0,66,0.79,0.67,0.21,0.33,0.05,0.38,0.0,255,3,0.01,0.1,0.26,0.0,0.2,0.67,0.33,1,93009.0
0,tcp,private,S0,0,0,0,0,0,0,0,0,0,214,1.0,1.0,0.0,0.0,0.04,0.05,0.0,18,9,0.5,0.17,0.06,0.0,0.89,1.0,0.0,1,19909.0
0,tcp,link,S0,0,0,0,0,0,0,0,0,0,204,1.0,1.0,0.0,0.0,0.01,0.07,0.0,255,9,0.04,0.07,0.0,0.0,1.0,1.0,0.0,1,107439.0
0,tcp,finger,S0,0,0,0,0,0,0,0,0,0,3,1.0,1.0,0.0,0.0,0.67,0.67,0.0,243,63,0.26,0.02,0.0,0.03,1.0,0.98,0.0,1,79095.0
0,tcp,name,REJ,0,0,0,0,0,0,0,0,0,232,0.0,0.0,1.0,1.0,0.08,0.07,0.0,255,18,0.07,0.08,0.0,0.0,0.0,0.0,1.0,1,4001.0
0,tcp,smtp,SF,783,332,0,0,1,0,0,0,0,1,0.0,0.0,0.0,0.0,1.0,0.0,0.0,58,240,0.97,0.03,0.02,0.01,0.0,0.0,0.0,0,113110.0
0,tcp,other,REJ,0,0,0,0,0,0,0,0,0,1,0.0,0.0,1.0,1.0,1.0,0.0,0.0,22,22,1.0,0.0,0.05,0.0,0.0,0.0,1.0,0,63363.0
0,udp,domain_u,SF,46,75,0,0,0,0,0,0,0,203,0.0,0.0,0.0,0.0,1.0,0.0,0.0,255,232,0.91,0.01,0.0,0.0,0.0,0.0,0.0,0,21732.0
0,tcp,other,REJ,0,0,0,0,0,0,0,0,0,511,0.21,0.0,0.79,1.0,0.0,1.0,0.0,255,1,0.0,1.0,0.0,0.0,0.2,0.0,1.0,1,41994.0
0,tcp,http,SF,328,434,0,0,1,0,0,0,0,26,0.0,0.0,0.0,0.0,1.0,0.0,0.09,255,255,1.0,0.0,0.0,0.0,0.0,0.0,0.0,0,70107.0
0,tcp,discard,S0,0,0,0,0,0,0,0,0,0,151,1.0,1.0,0.0,0.0,0.01,0.07,0.0,255,1,0.0,0.06,0.0,0.0,1.0,1.0,0.0,1,57400.0
0,tcp,http,SF,312,8056,0,0,1,0,0,0,0,4,0.0,0.0,0.0,0.0,1.0,0.0,0.0,74,255,1.0,0.0,0.01,0.04,0.01,0.01,0.0,0,22413.0
0,tcp,private,S0,0,0,0,0,0,0,0,0,0,82,1.0,1.0,0.0,0.0,0.15,0.07,0.0,190,12,0.06,0.07,0.01,0.0,1.0,1.0,0.0,1,57837.0
0,tcp,http,SF,332,2875,0,0,1,0,0,0,0,9,0.0,0.0,0.0,0.0,1.0,0.0,0.0,39,255,1.0,0.0,0.03,0.04,0.0,0.0,0.0,0,27059.0
0,tcp,http,SF,300,1400,0,0,1,0,0,0,0,44,0.0,0.0,0.0,0.0,1.0,0.0,0.07,180,255,1.0,0.0,0.01,0.02,0.0,0.0,0.0,0,4841.0
0,tcp,private,S0,0,0,0,0,0,0,0,0,0,102,1.0,1.0,0.0,0.0,0.03,0.06,0.0,255,19,0.07,0.06,0.0,0.0,1.0,1.0,0.0,1,78856.0
0,tcp,private,S0,0,0,0,0,0,0,0,0,0,128,1.0,1.0,0.0,0.0,0.05,0.06,0.0,255,6,0.02,0.05,0.0,0.0,1.0,1.0,0.0,1,61345.0
0,tcp,http,SF,226,324,0,0,1,0,0,0,0,7,0.0,0.0,0.0,0.0,1.0,0.0,0.0,35,167,1.0,0.0,0.03,0.02,0.0,0.0,0.0,0,107206.0
0,tcp,netbios_ssn,S0,0,0,0,0,0,0,0,0,0,213,1.0,1.0,0.0,0.0,0.08,0.07,0.0,255,18,0.07,0.08,0.0,0.0,1.0,1.0,0.0,1,48234.0
0,tcp,http,SF,196,5548,0,0,1,0,0,0,0,6,0.0,0.0,0.0,0.0,1.0,0.0,0.0,17,255,1.0,0.0,0.06,0.02,0.0,0.0,0.0,0,7681.0
0,tcp,ftp_data,S0,0,0,0,0,0,0,0,0,0,225,1.0,1.0,0.0,0.0,0.02,0.06,0.0,255,4,0.02,0.07,0.0,0.0,1.0,1.0,0.0,1,29961.0
0,tcp,link,S0,0,0,0,0,0,0,0,0,0,224,1.0,1.0,0.0,0.0,0.08,0.06,0.0,255,17,0.07,0.07,0.0,0.0,1.0,1.0,0.0,1,31655.0
0,tcp,http,SF,209,6857,0,0,1,0,0,0,0,3,0.0,0.0,0.0,0.0,1.0,0.0,0.08,10,255,1.0,0.0,0.1,0.05,0.0,0.0,0.0,0,94569.0
0,udp,domain_u,SF,46,46,0,0,0,0,0,0,0,9,0.0,0.0,0.0,0.0,1.0,0.0,0.13,255,253,0.99,0.01,0.0,0.0,0.0,0.0,0.0,0,91880.0
0,icmp,eco_i,SF,8,0,0,0,0,0,0,0,0,1,0.0,0.0,0.0,0.0,1.0,0.0,1.0,1,1,1.0,0.0,1.0,0.0,0.0,0.0,0.0,1,82966.0
0,tcp,hostnames,S0,0,0,0,0,0,0,0,0,0,125,1.0,1.0,0.0,0.0,0.04,0.05,0.0,255,5,0.02,0.05,0.0,0.0,1.0,1.0,0.0,1,92819.0
0,udp,domain_u,SF,34,91,0,0,0,0,0,0,0,1,0.0,0.0,0.0,0.0,1.0,0.0,0.75,21,15,0.71,0.14,0.05,0.0,0.0,0.0,0.0,0,37212.0
0,tcp,private,S0,0,0,0,0,0,0,0,0,0,51,1.0,1.0,0.0,0.0,0.1,0.12,0.0,255,6,0.02,0.08,0.0,0.0,1.0,1.0,0.0,1,52438.0
0,icmp,eco_i,SF,8,0,0,0,0,0,0,0,0,1,0.0,0.0,0.0,0.0,1.0,0.0,1.0,4,248,1.0,0.0,1.0,0.25,0.0,0.0,0.0,1,79310.0
26462,tcp,private,RSTR,1,0,0,0,0,0,0,0,0,2,0.0,0.0,1.0,1.0,1.0,0.0,0.0,255,2,0.01,0.74,1.0,0.0,0.0,0.0,1.0,1,95274.0
0,tcp,http,SF,276,662,0,0,1,0,0,0,0,25,0.0,0.0,0.0,0.0,1.0,0.0,0.0,25,255,1.0,0.0,0.04,0.05,0.0,0.0,0.0,0,88227.0
0,udp,domain_u,SF,42,42,0,0,0,0,0,0,0,3,0.0,0.0,0.0,0.0,1.0,0.0,0.43,255,235,0.92,0.01,0.01,0.0,0.0,0.0,0.0,0,38278.0
0,tcp,vmnet,S0,0,0,0,0,0,0,0,0,0,274,1.0,1.0,0.0,0.0,0.01,0.05,0.0,255,3,0.01,0.05,0.0,0.0,1.0,1.0,0.0,1,105782.0
0,tcp,private,S0,0,0,0,0,0,0,0,0,0,113,1.0,1.0,0.0,0.0,0.11,0.06,0.0,255,11,0.04,0.07,0.0,0.0,1.0,1.0,0.0,1,117319.0
0,icmp,urp_i,SF,78,0,0,0,0,0,0,0,0,24,0.0,0.0,0.0,0.0,0.21,0.08,0.0,255,12,0.05,0.01,0.05,0.0,0.0,0.0,0.0,0,70440.0
0,udp,private,SF,28,0,3,0,0,0,0,0,0,32,0.0,0.0,0.0,0.0,1.0,0.0,0.0,255,132,0.52,0.49,0.52,0.0,0.09,0.0,0.0,1,30658.0
0,udp,domain_u,SF,45,133,0,0,0,0,0,0,0,161,0.0,0.0,0.0,0.0,1.0,0.0,0.0,255,255,1.0,0.0,0.0,0.0,0.0,0.0,0.0,0,29317.0
0,tcp,other,REJ,0,0,0,0,0,0,0,0,0,485,0.08,0.0,0.89,1.0,0.0,0.95,0.0,255,1,0.0,0.91,0.0,0.0,0.11,0.0,1.0,1,72432.0
4096,udp,other,SF,146,105,0,0,0,0,0,0,0,2,0.0,0.0,0.0,0.0,1.0,0.0,0.0,255,2,0.01,0.58,0.96,0.0,0.0,0.0,0.0,0,39555.0
0,tcp,http,SF,303,940,0,0,1,0,0,0,0,12,0.0,0.0,0.0,0.0,1.0,0.0,0.15,255,255,1.0,0.0,0.0,0.0,0.0,0.0,0.0,0,108892.0
0,tcp,netstat,S0,0,0,0,0,0,0,0,0,0,231,1.0,1.0,0.0,0.0,0.08,0.06,0.0,255,1,0.0,0.08,0.0,0.0,1.0,1.0,0.0,1,49027.0
0,tcp,other,REJ,0,0,0,0,0,0,0,0,0,393,0.09,0.0,0.91,1.0,0.0,1.0,0.0,255,1,0.0,1.0,0.0,0.0,0.11,0.0,1.0,1,67930.0
0,tcp,gopher,S0,0,0,0,0,0,0,0,0,0,259,1.0,1.0,0.0,0.0,0.03,0.06,0.0,255,14,0.05,0.09,0.0,0.0,1.0,1.0,0.0,1,60477.0
0,tcp,http,S0,0,0,0,0,0,0,0,0,0,37,1.0,1.0,0.0,0.0,0.35,0.11,0.0,255,65,0.25,0.02,0.01,0.0,1.0,1.0,0.0,1,26696.0
0,tcp,name,REJ,0,0,0,0,0,0,0,0,0,119,0.0,0.0,1.0,1.0,0.01,0.08,0.0,255,1,0.0,0.09,0.0,0.0,0.0,0.0,1.0,1,78012.0
0,tcp,http,SF,234,866,0,0,1,0,0,0,0,2,0.0,0.0,0.0,0.0,1.0,0.0,0.0,2,255,1.0,0.0,0.5,0.04,0.0,0.0,0.0,0,66349.0
0,tcp,http,SF,199,4061,0,0,1,0,0,0,0,15,0.0,0.0,0.0,0.0,1.0,0.0,0.0,255,255,1.0,0.0,0.0,0.0,0.0,0.0,0.0,0,123577.0
0,tcp,smtp,S0,0,0,0,0,0,0,0,0,0,1,1.0,0.33,0.0,0.0,1.0,0.0,1.0,23,135,0.04,0.09,0.04,0.01,0.91,0.01,0.0,1,13208.0
0,tcp,http,SF,255,31700,0,0,1,0,0,0,0,13,0.0,0.0,0.0,0.0,1.0,0.0,0.14,255,255,1.0,0.0,0.0,0.0,0.0,0.0,0.0,0,14054.0
0,udp,domain_u,SF,46,78,0,0,0,0,0,0,0,264,0.0,0.0,0.0,0.0,1.0,0.0,0.0,255,254,1.0,0.01,0.0,0.0,0.0,0.0,0.0,0,118122.0
0,tcp,ctf,S0,0,0,0,0,0,0,0,0,0,116,1.0,1.0,0.0,0.0,0.07,0.06,0.0,255,8,0.03,0.06,0.0,0.0,1.0,1.0,0.0,1,42696.0
0,icmp,urp_i,SF,183,0,0,0,0,0,0,0,0,2,0.0,0.0,0.0,0.0,0.5,1.0,0.0,255,11,0.04,0.01,0.05,0.0,0.0,0.0,0.0,0,77283.0
0,icmp,eco_i,SF,8,0,0,0,0,0,0,0,0,1,0.0,0.0,0.0,0.0,1.0,0.0,1.0,1,103,1.0,0.0,1.0,0.5,0.0,0.0,0.0,1,41551.0
0,tcp,private,REJ,0,0,0,0,0,0,0,0,0,295,0.07,0.0,0.88,1.0,0.0,1.0,0.0,255,1,0.0,1.0,0.0,0.0,0.08,0.0,1.0,1,122612.0
0,udp,domain_u,SF,43,74,0,0,0,0,0,0,0,140,0.0,0.0,0.0,0.0,1.0,0.0,0.01,255,254,1.0,0.01,0.0,0.0,0.0,0.0,0.0,0,22325.0
0,tcp,private,S0,0,0,0,0,0,0,0,0,0,135,1.0,1.0,0.0,0.0,0.11,0.05,0.0,255,13,0.05,0.06,0.0,0.0,1.0,1.0,0.0,1,49746.0
0,udp,other,SF,146,0,0,0,0,0,0,0,0,1,0.0,0.0,0.0,0.0,1.0,0.0,0.0,255,3,0.01,0.67,0.98,0.0,0.0,0.0,0.0,0,63873.0
0,tcp,http,SF,352,13356,0,0,1,0,0,0,0,5,0.0,0.0,0.0,0.0,1.0,0.0,0.33,255,255,1.0,0.0,0.0,0.0,0.0,0.0,0.0,0,12233.0
0,icmp,urp_i,SF,182,0,0,0,0,0,0,0,0,2,0.0,0.0,0.0,0.0,0.5,1.0,0.0,255,13,0.05,0.01,0.07,0.0,0.0,0.0,0.0,0,92826.0
0,tcp,http,SF,220,2367,0,0,1,0,0,0,0,3,0.0,0.0,0.0,0.0,1.0,0.0,0.6,139,255,1.0,0.0,0.01,0.03,0.0,0.0,0.0,0,64970.0
0,tcp,http,SF,341,1531,0,0,1,0,0,0,0,8,0.0,0.0,0.0,0.0,1.0,0.0,0.0,30,204,1.0,0.0,0.03,0.1,0.0,0.0,0.72,0,19676.0
0,tcp,auth,S0,0,0,0,0,0,0,0,0,0,208,1.0,1.0,0.0,0.0,0.08,0.05,0.0,255,16,0.06,0.06,0.0,0.0,1.0,1.0,0.0,1,94024.0
0,tcp,smtp,S0,0,0,0,0,0,0,0,0,0,5,1.0,1.0,0.0,0.0,1.0,0.0,0.0,67,136,0.37,0.03,0.01,0.01,0.97,0.18,0.0,1,112061.0
0,tcp,ftp_data,S0,0,0,0,0,0,0,0,0,0,77,1.0,1.0,0.0,0.0,0.22,0.05,0.0,255,64,0.25,0.02,0.01,0.0,1.0,1.0,0.0,1,114330.0
0,tcp,mtp,S0,0,0,0,0,0,0,0,0,0,242,1.0,1.0,0.0,0.0,0.02,0.07,0.0,255,6,0.02,0.08,0.0,0.0,1.0,1.0,0.0,1,19363.0
0,tcp,http,SF,221,642,0,0,1,0,0,0,0,29,0.0,0.0,0.0,0.0,1.0,0.0,0.07,255,255,1.0,0.0,0.0,0.0,0.0,0.0,0.0,0,24942.0
143,tcp,telnet,SF,142,324,0,0,0,0,0,0,0,2,0.5,0.0,0.0,0.0,0.5,1.0,0.0,255,30,0.12,0.38,0.0,0.0,0.38,0.1,0.03,0,43426.0
0,tcp,ftp_data,S0,0,0,0,0,0,0,0,0,0,18,1.0,1.0,0.0,0.0,0.22,0.22,0.0,100,56,0.24,0.04,0.01,0.04,0.98,0.43,0.0,1,35161.0
0,icmp,ecr_i,SF,520,0,0,0,0,0,0,0,0,427,0.0,0.0,0.0,0.0,1.0,0.0,0.0,255,255,1.0,0.0,1.0,0.0,0.0,0.0,0.0,1,88664.0
0,tcp,smtp,SF,723,333,0,0,1,0,0,0,0,1,0.0,0.0,0.0,0.0,1.0,0.0,1.0,85,105,0.68,0.04,0.01,0.02,0.0,0.0,0.0,0,41005.0
0,tcp,nnsp,REJ,0,0,0,0,0,0,0,0,0,103,0.0,0.0,1.0,1.0,0.02,0.07,0.0,255,2,0.01,0.06,0.0,0.0,0.0,0.0,1.0,1,108820.0
0,udp,domain_u,SF,45,135,0,0,0,0,0,0,0,41,0.0,0.0,0.0,0.0,1.0,0.0,0.02,219,135,0.62,0.01,0.0,0.0,0.0,0.0,0.0,0,44311.0
0,tcp,private,S0,0,0,0,0,0,0,0,0,0,240,1.0,1.0,0.0,0.0,0.06,0.06,0.0,255,7,0.03,0.06,0.0,0.0,1.0,1.0,0.0,1,124205.0
0,tcp,http,SF,224,24698,0,0,1,0,0,0,0,9,0.0,0.0,0.0,0.0,1.0,0.0,0.0,255,255,1.0,0.0,0.0,0.0,0.0,0.0,0.0,0,28110.0
0,tcp,private,REJ,0,0,0,0,0,0,0,0,0,106,0.0,0.0,1.0,1.0,0.14,0.07,0.0,255,27,0.11,0.05,0.0,0.0,0.0,0.0,1.0,1,39383.0
0,tcp,uucp_path,S0,0,0,0,0,0,0,0,0,0,127,1.0,1.0,0.0,0.0,0.09,0.06,0.0,255,12,0.05,0.06,0.0,0.0,1.0,1.0,0.0,1,100769.0
0,tcp,http,SF,233,3487,0,0,1,0,0,0,0,8,0.0,0.0,0.0,0.0,1.0,0.0,0.0,75,255,1.0,0.0,0.01,0.04,0.01,0.0,0.0,0,112810.0
0,tcp,http,SF,283,769,0,0,1,0,0,0,0,7,0.0,0.0,0.0,0.0,1.0,0.0,0.25,36,255,1.0,0.0,0.03,0.05,0.0,0.0,0.0,0,88388.0
0,tcp,private,S0,0,0,0,0,0,0,0,0,0,140,1.0,1.0,0.0,0.0,0.04,0.06,0.0,255,10,0.04,0.07,0.0,0.0,1.0,1.0,0.0,1,18910.0
0,tcp,http,SF,151,8719,0,0,1,0,0,0,0,1,0.0,0.0,0.0,0.0,1.0,0.0,0.0,255,255,1.0,0.0,0.0,0.0,0.0,0.0,0.0,0,9120.0
0,icmp,urp_i,SF,78,0,0,0,0,0,0,0,0,29,0.0,0.0,0.0,0.0,0.07,0.07,0.0,255,18,0.07,0.01,0.07,0.0,0.0,0.0,0.0,0,34020.0
0,tcp,private,REJ,0,0,0,0,0,0,0,0,0,2,0.0,0.0,1.0,1.0,0.5,1.0,0.0,255,1,0.0,0.55,0.49,0.0,0.03,0.0,1.0,1,53950.0
0,tcp,http,SF,206,3909,0,0,1,0,0,0,0,16,0.0,0.0,0.0,0.0,1.0,0.0,0.0,34,255,1.0,0.0,0.03,0.04,0.0,0.0,0.0,0,75633.0
0,tcp,http,SF,290,3685,0,0,1,0,0,0,0,1,0.0,0.0,0.0,0.0,1.0,0.0,0.0,34,255,1.0,0.0,0.03,0.02,0.0,0.0,0.0,0,95121.0
0,tcp,http,SF,333,2449,0,0,1,0,0,0,0,8,0.0,0.0,0.0,0.0,1.0,0.0,0.0,18,255,1.0,0.0,0.06,0.04,0.0,0.0,0.0,0,39184.0
0,icmp,ecr_i,SF,1480,0,1,0,0,0,0,0,0,15,0.0,0.0,0.0,0.0,1.0,0.0,0.0,255,16,0.06,0.08,0.06,0.0,0.55,0.0,0.0,1,101637.0
0,tcp,name,S0,0,0,0,0,0,0,0,0,0,96,1.0,1.0,0.0,0.0,0.24,0.07,0.0,255,23,0.09,0.06,0.0,0.0,1.0,1.0,0.0,1,106793.0
0,tcp,finger,S0,0,0,0,0,0,0,0,0,0,281,1.0,1.0,0.0,0.0,0.02,0.06,0.0,255,7,0.03,0.08,0.0,0.0,1.0,1.0,0.0,1,50331.0
0,tcp,http,SF,274,475,0,0,1,0,0,0,0,4,0.0,0.03,0.0,0.0,1.0,0.0,0.06,4,255,1.0,0.0,0.25,0.04,0.0,0.01,0.0,0,86850.0
0,tcp,http,SF,139,29859,0,0,1,0,0,0,0,1,0.0,0.0,0.0,0.0,1.0,0.0,0.33,255,255,1.0,0.0,0.0,0.0,0.0,0.0,0.0,0,92705.0
0,tcp,http,SF,234,1065,0,0,1,0,0,0,0,10,0.0,0.0,0.0,0.0,1.0,0.0,0.07,255,255,1.0,0.0,0.0,0.0,0.0,0.0,0.0,0,122814.0
0,tcp,courier,S0,0,0,0,0,0,0,0,0,0,106,1.0,1.0,0.0,0.0,0.05,0.07,0.0,255,5,0.02,0.05,0.0,0.0,1.0,1.0,0.0,1,58257.0
0,tcp,http,SF,216,16904,0,0,1,0,0,0,0,6,0.0,0.0,0.0,0.0,1.0,0.0,0.0,72,255,1.0,0.0,0.01,0.05,0.0,0.0,0.0,0,7989.0
1795,tcp,IRC,RSTR,144,3141,0,0,0,0,0,0,0,1,0.0,0.0,1.0,1.0,1.0,0.0,0.0,22,10,0.45,0.09,0.05,0.0,0.05,0.1,0.9,0,114141.0
0,tcp,http,SF,238,35052,0,0,1,0,0,0,0,1,0.0,0.0,0.0,0.0,1.0,0.0,1.0,52,255,1.0,0.0,0.02,0.07,0.0,0.0,0.0,0,4040.0
0,udp,domain_u,SF,45,72,0,0,0,0,0,0,0,272,0.0,0.0,0.0,0.0,1.0,0.01,0.0,255,254,1.0,0.01,0.0,0.0,0.0,0.0,0.0,0,89032.0
0,udp,domain_u,SF,42,42,0,0,0,0,0,0,0,169,0.0,0.0,0.0,0.0,1.0,0.0,0.0,255,255,1.0,0.0,0.01,0.0,0.0,0.0,0.0,0,17925.0
0,tcp,courier,S0,0,0,0,0,0,0,0,0,0,119,1.0,1.0,0.0,0.0,0.06,0.07,0.0,255,7,0.03,0.07,0.0,0.0,1.0,1.0,0.0,1,26363.0
0,tcp,netstat,S0,0,0,0,0,0,0,0,0,0,222,1.0,1.0,0.0,0.0,0.1,0.05,0.0,255,23,0.09,0.05,0.0,0.0,1.0,1.0,0.0,1,49717.0
0,tcp,http,SF,208,2774,0,0,1,0,0,0,0,3,0.0,0.0,0.0,0.0,1.0,0.0,0.0,3,255,1.0,0.0,0.33,0.05,0.0,0.0,0.0,0,10094.0
0,tcp,iso_tsap,S0,0,0,0,0,0,0,0,0,0,227,1.0,1.0,0.0,0.0,0.05,0.07,0.0,255,11,0.04,0.07,0.0,0.0,1.0,1.0,0.0,1,14746.0
0,tcp,http,REJ,0,0,0,0,0,0,0,0,0,1,0.0,0.0,1.0,1.0,1.0,0.0,0.0,26,239,1.0,0.0,0.04,0.12,0.0,0.0,1.0,0,21692.0
0,tcp,daytime,S0,0,0,0,0,0,0,0,0,0,210,1.0,1.0,0.0,0.0,0.05,0.06,0.0,255,17,0.07,0.07,0.0,0.0,1.0,1.0,0.0,1,119282.0
0,tcp,netbios_dgm,S0,0,0,0,0,0,0,0,0,0,238,1.0,1.0,0.0,0.0,0.0,0.07,0.0,255,1,0.0,0.07,0.0,0.0,1.0,1.0,0.0,1,98533.0
0,udp,domain_u,SF,45,79,0,0,0,0,0,0,0,249,0.0,0.0,0.0,0.0,1.0,0.0,0.01,255,254,1.0,0.01,0.0,0.0,0.0,0.0,0.0,0,108973.0
0,tcp,private,SH,0,0,0,0,0,0,0,0,0,1,1.0,1.0,0.0,0.0,1.0,0.0,0.0,114,1,0.01,0.91,0.93,0.0,0.93,1.0,0.0,1,16642.0
0,tcp,netbios_ssn,S0,0,0,0,0,0,0,0,0,0,238,1.0,1.0,0.0,0.0,0.06,0.07,0.0,255,15,0.06,0.08,0.0,0.0,1.0,1.0,0.0,1,107362.0
0,tcp,http,SF,229,660,0,0,1,0,0,0,0,2,0.0,0.0,0.0,0.0,1.0,0.0,0.0,73,255,1.0,0.0,0.01,0.02,0.0,0.0,0.0,0,119256.0
0,udp,private,SF,1,0,0,0,0,0,0,0,0,14,0.0,0.0,0.0,0.0,0.43,0.29,0.0,255,6,0.02,0.22,1.0,0.0,0.0,0.0,0.0,1,48087.0
0,tcp,bgp,S0,0,0,0,0,0,0,0,0,0,164,1.0,1.0,0.0,0.0,0.06,0.06,0.0,255,10,0.04,0.06,0.0,0.0,1.0,1.0,0.0,1,30205.0
0,tcp,private,S0,0,0,0,0,0,0,0,0,0,182,0.58,1.0,0.0,0.0,0.01,0.05,0.0,255,11,0.04,0.07,0.0,0.0,1.0,1.0,0.0,1,103127.0
0,tcp,private,RSTR,0,0,0,0,0,0,0,0,0,1,0.0,0.0,1.0,1.0,1.0,0.0,0.0,255,1,0.0,0.78,0.78,0.0,0.0,0.0,1.0,1,36189.0
0,tcp,http,SF,233,2678,0,0,1,0,0,0,0,2,0.0,0.0,0.0,0.0,1.0,0.0,0.6,255,255,1.0,0.0,0.0,0.0,0.0,0.0,0.0,0,32257.0
0,tcp,http,SF,289,1492,0,0,1,0,0,0,0,3,0.0,0.0,0.0,0.0,1.0,0.0,0.0,255,255,1.0,0.0,0.0,0.0,0.0,0.0,0.0,0,83066.0
0,udp,domain_u,SF,46,137,0,0,0,0,0,0,0,73,0.0,0.0,0.0,0.0,1.0,0.0,0.01,255,207,0.81,0.02,0.0,0.0,0.0,0.0,0.0,0,27604.0
0,tcp,http,SF,209,791,0,0,1,0,0,0,0,3,0.33,0.33,0.0,0.0,1.0,0.0,0.0,255,255,1.0,0.0,0.0,0.0,0.0,0.0,0.0,0,34717.0
0,tcp,http,REJ,0,0,0,0,0,0,0,0,0,1,0.0,0.0,1.0,1.0,1.0,0.0,0.0,46,41,0.89,0.07,0.02,0.0,0.0,0.0,1.0,0,110603.0
0,tcp,http,SF,213,2759,0,0,1,0,0,0,0,4,0.0,0.0,0.0,0.0,1.0,0.0,0.0,14,255,1.0,0.0,0.07,0.03,0.0,0.0,0.0,0,82467.0
0,tcp,http,SF,357,38379,0,0,1,0,0,0,0,13,0.0,0.0,0.0,0.0,1.0,0.0,0.0,255,255,1.0,0.0,0.0,0.0,0.0,0.0,0.0,0,33262.0
0,tcp,http,REJ,0,0,0,0,0,0,0,0,0,1,0.0,0.0,1.0,1.0,1.0,0.0,0.0,4,84,1.0,0.0,0.25,0.24,0.0,0.0,1.0,0,71819.0
0,tcp,http,SF,370,395,0,0,1,0,0,0,0,19,0.0,0.0,0.0,0.0,1.0,0.0,0.1,255,255,1.0,0.0,0.0,0.0,0.0,0.0,0.0,0,119302.0
0,tcp,http,SF,243,7332,0,0,1,0,0,0,0,15,0.0,0.0,0.0,0.0,1.0,0.0,0.25,255,255,1.0,0.0,0.0,0.0,0.0,0.0,0.0,0,68142.0
0,tcp,smtp,SF,2685,333,0,0,1,0,0,0,0,1,0.0,0.0,0.0,0.0,1.0,0.0,0.0,255,189,0.74,0.02,0.0,0.0,0.0,0.0,0.0,0,82923.0
0,tcp,http,SF,233,21579,0,0,1,0,0,0,0,1,0.0,0.0,0.0,0.0,1.0,0.0,0.0,40,255,1.0,0.0,0.03,0.03,0.0,0.0,0.0,0,101394.0
0,tcp,http,SF,249,338,0,1,1,0,0,0,0,7,0.0,0.0,0.0,0.0,1.0,0.0,0.0,255,255,1.0,0.0,0.0,0.0,0.0,0.0,0.0,0,64262.0
0,tcp,http,REJ,0,0,0,0,0,0,0,0,0,1,0.0,0.0,1.0,1.0,1.0,0.0,0.0,14,253,1.0,0.0,0.07,0.24,0.0,0.0,1.0,0,71722.0
0,tcp,http,SF,167,8157,0,0,1,0,0,0,0,1,0.0,0.0,0.0,0.0,1.0,0.0,0.0,247,255,1.0,0.0,0.0,0.01,0.0,0.0,0.0,0,64112.0
0,tcp,http,SF,200,308,0,0,1,0,0,0,0,8,0.0,0.0,0.0,0.0,1.0,0.0,0.36,255,255,1.0,0.0,0.0,0.0,0.0,0.0,0.0,0,28995.0
0,udp,other,SF,516,4,0,0,0,0,0,0,0,208,0.0,0.0,0.0,0.0,1.0,0.0,0.0,208,208,1.0,0.0,1.0,0.0,0.0,0.0,0.0,0,54321.0
0,icmp,eco_i,SF,8,0,0,0,0,0,0,0,0,1,0.0,0.0,0.0,0.0,1.0,0.0,1.0,1,7,1.0,0.0,1.0,0.57,0.0,0.0,0.0,1,9547.0
0,tcp,private,S0,0,0,0,0,0,0,0,0,0,118,1.0,1.0,0.0,0.0,0.12,0.06,0.0,255,12,0.05,0.08,0.0,0.0,1.0,1.0,0.0,1,81443.0
0,tcp,klogin,S0,0,0,0,0,0,0,0,0,0,102,1.0,1.0,0.0,0.0,0.2,0.06,0.0,255,19,0.07,0.07,0.0,0.0,1.0,1.0,0.0,1,116882.0
0,tcp,http,SF,245,1451,0,0,1,0,0,0,0,6,0.0,0.0,0.0,0.0,1.0,0.0,0.13,61,255,1.0,0.0,0.02,0.06,0.0,0.0,0.98,0,53726.0
0,icmp,eco_i,SF,8,0,0,0,0,0,0,0,0,1,0.0,0.0,0.0,0.0,1.0,0.0,1.0,1,5,1.0,0.0,1.0,0.6,0.0,0.0,0.0,1,78407.0
0,tcp,private,REJ,0,0,0,0,0,0,0,0,0,275,0.0,0.0,1.0,1.0,0.07,0.06,0.0,255,29,0.11,0.07,0.0,0.0,0.0,0.0,1.0,1,66618.0
0,icmp,eco_i,SF,8,0,0,0,0,0,0,0,0,1,0.0,0.0,0.0,0.0,1.0,0.0,1.0,1,86,1.0,0.0,1.0,0.51,0.0,0.0,0.0,1,86975.0
0,tcp,http,SF,254,7473,0,0,1,0,0,0,0,3,0.0,0.0,0.0,0.0,1.0,0.0,0.0,255,255,1.0,0.0,0.0,0.0,0.0,0.0,0.0,0,41928.0
0,tcp,private,S0,0,0,0,0,0,0,0,0,0,173,1.0,1.0,0.0,0.0,0.1,0.08,0.0,255,18,0.07,0.07,0.0,0.0,1.0,1.0,0.0,1,89447.0
0,tcp,http,SF,282,21896,0,0,1,0,0,0,0,6,0.0,0.0,0.0,0.0,1.0,0.0,0.0,134,255,1.0,0.0,0.01,0.05,0.0,0.0,0.01,0,84446.0
0,tcp,http,SF,336,579,0,0,1,0,0,0,0,18,0.0,0.0,0.0,0.0,1.0,0.0,0.0,255,255,1.0,0.0,0.0,0.0,0.0,0.0,0.0,0,34543.0
0,udp,domain_u,SF,43,129,0,0,0,0,0,0,0,68,0.0,0.0,0.0,0.0,1.0,0.0,0.01,255,243,0.95,0.01,0.0,0.0,0.0,0.0,0.0,0,65269.0
0,tcp,uucp_path,S0,0,0,0,0,0,0,0,0,0,277,1.0,1.0,0.0,0.0,0.07,0.06,0.0,255,20,0.08,0.07,0.0,0.0,1.0,1.0,0.0,1,9699.0
0,tcp,smtp,SF,2917,362,0,0,1,0,0,0,0,1,0.0,0.0,0.0,0.0,1.0,0.0,0.0,255,150,0.59,0.03,0.0,0.0,0.0,0.01,0.0,0,81991.0
0,tcp,private,S0,0,0,0,0,0,0,0,0,0,279,1.0,1.0,0.0,0.0,0.03,0.06,0.0,255,5,0.02,0.07,0.0,0.0,1.0,1.0,0.0,1,65051.0
0,tcp,private,S0,0,0,0,0,0,0,0,0,0,249,1.0,1.0,0.0,0.0,0.04,0.06,0.0,255,10,0.04,0.09,0.0,0.0,1.0,1.0,0.0,1,70248.0
0,tcp,ftp_data,SF,3690,0,0,0,0,0,0,0,0,22,0.0,0.0,0.0,0.0,1.0,0.0,0.0,28,93,1.0,0.0,1.0,0.02,0.0,0.0,0.0,0,55740.0
0,udp,domain_u,SF,42,68,0,0,0,0,0,0,0,118,0.0,0.0,0.0,0.0,1.0,0.0,0.02,255,254,1.0,0.01,0.0,0.0,0.0,0.0,0.0,0,29352.0
0,tcp,private,S0,0,0,0,0,0,0,0,0,0,211,1.0,1.0,0.0,0.0,0.09,0.08,0.0,255,19,0.07,0.07,0.0,0.0,1.0,1.0,0.0,1,98535.0
0,tcp,private,S0,0,0,0,0,0,0,0,0,0,292,1.0,1.0,0.0,0.0,0.07,0.05,0.0,255,2,0.01,0.09,0.0,0.0,1.0,1.0,0.0,1,50114.0
0,udp,domain_u,SF,46,46,0,0,0,0,0,0,0,5,0.0,0.0,0.0,0.0,1.0,0.0,0.21,255,251,0.98,0.01,0.08,0.0,0.0,0.0,0.0,0,73363.0
0,tcp,telnet,S0,0,0,0,0,0,0,0,0,0,262,1.0,1.0,0.0,0.0,0.04,0.06,0.0,255,11,0.04,0.08,0.0,0.0,1.0,1.0,0.0,1,125085.0
0,tcp,private,S0,0,0,0,0,0,0,0,0,0,276,1.0,1.0,0.0,0.0,0.05,0.07,0.0,255,14,0.05,0.06,0.0,0.0,1.0,1.0,0.0,1,38653.0
0,tcp,smtp,SF,1436,433,0,0,1,0,0,0,0,1,0.0,0.0,0.0,0.0,1.0,0.0,0.0,22,199,0.77,0.18,0.05,0.01,0.0,0.0,0.0,0,18233.0
0,tcp,private,S0,0,0,0,0,0,0,0,0,0,272,1.0,1.0,0.0,0.0,0.01,0.06,0.0,255,18,0.07,0.06,0.0,0.0,1.0,1.0,0.0,1,53530.0
0,tcp,efs,S0,0,0,0,0,0,0,0,0,0,135,1.0,1.0,0.0,0.0,0.15,0.05,0.0,255,20,0.08,0.05,0.0,0.0,1.0,1.0,0.0,1,116039.0
0,tcp,http,SF,242,2327,0,0,1,0,0,0,0,5,0.0,0.0,0.0,0.0,1.0,0.0,0.43,53,231,1.0,0.0,0.02,0.05,0.0,0.0,0.0,0,13792.0
0,tcp,uucp,S0,0,0,0,0,0,0,0,0,0,120,1.0,1.0,0.0,0.0,0.09,0.06,0.0,255,10,0.04,0.07,0.0,0.0,1.0,1.0,0.0,1,19128.0
13053,tcp,other,RSTR,1,0,0,0,0,0,0,0,0,2,0.0,0.0,1.0,1.0,1.0,0.0,0.0,255,2,0.01,0.68,1.0,0.0,0.0,0.0,1.0,1,122682.0
0,tcp,supdup,REJ,0,0,0,0,0,0,0,0,0,262,0.0,0.0,1.0,1.0,0.04,0.06,0.0,255,10,0.04,0.07,0.0,0.0,0.0,0.0,1.0,1,68043.0
0,icmp,ecr_i,SF,1032,0,0,0,0,0,0,0,0,246,0.0,0.0,0.0,0.0,1.0,0.0,0.0,255,246,0.96,0.01,0.96,0.0,0.0,0.0,0.0,1,61994.0
0,icmp,eco_i,SF,8,0,0,0,0,0,0,0,0,1,0.0,0.0,0.0,0.0,1.0,0.0,1.0,1,33,1.0,0.0,1.0,0.52,0.0,0.0,0.0,1,113865.0
0,tcp,http,SF,217,2794,0,0,1,0,0,0,0,6,0.0,0.0,0.0,0.0,1.0,0.0,0.29,39,255,1.0,0.0,0.03,0.04,0.0,0.0,0.0,0,30075.0
0,tcp,http,REJ,0,0,0,0,0,0,0,0,0,1,0.0,0.0,1.0,1.0,1.0,0.0,0.0,8,255,1.0,0.0,0.12,0.22,0.0,0.0,0.94,0,72844.0
0,tcp,private,S0,0,0,0,0,0,0,0,0,0,120,1.0,1.0,0.0,0.0,0.17,0.05,0.0,255,20,0.08,0.07,0.0,0.0,1.0,1.0,0.0,1,98932.0
0,tcp,ftp_data,SF,8496,0,0,0,1,0,0,0,0,1,0.0,0.0,0.0,0.0,1.0,0.0,0.0,188,90,0.3,0.02,0.3,0.02,0.0,0.0,0.0,0,34146.0
0,tcp,http,SF,289,385,0,0,1,0,0,0,0,2,0.0,0.0,0.0,0.0,1.0,0.0,0.0,34,255,1.0,0.0,0.03,0.02,0.0,0.0,0.0,0,108100.0
0,tcp,Z39_50,S0,0,0,0,0,0,0,0,0,0,291,1.0,1.0,0.0,0.0,0.03,0.05,0.0,255,10,0.04,0.05,0.0,0.0,1.0,1.0,0.0,1,6058.0
0,tcp,sunrpc,S0,0,0,0,0,0,0,0,0,0,295,1.0,1.0,0.0,0.0,0.05,0.06,0.0,255,5,0.02,0.09,0.0,0.0,1.0,1.0,0.0,1,57781.0
0,udp,domain_u,SF,42,108,0,0,0,0,0,0,0,1,0.0,0.0,0.0,0.0,1.0,0.0,0.0,67,212,0.64,0.04,0.52,0.01,0.0,0.0,0.0,0,33290.0
0,tcp,ftp_data,S0,0,0,0,0,0,0,0,0,0,35,1.0,1.0,0.0,0.0,0.43,0.06,0.0,255,15,0.06,0.06,0.01,0.0,1.0,1.0,0.0,1,96632.0
0,tcp,private,REJ,0,0,0,0,0,0,0,0,0,271,0.0,0.0,1.0,1.0,0.02,0.06,0.0,255,6,0.02,0.06,0.0,0.0,0.0,0.0,1.0,1,75015.0
0,tcp,http,SF,233,4296,0,0,1,0,0,0,0,1,0.0,0.0,0.0,0.0,1.0,0.0,1.0,1,255,1.0,0.0,1.0,0.02,0.0,0.0,0.0,0,13856.0
0,tcp,other,REJ,0,0,0,0,0,0,0,0,0,511,0.06,0.0,0.94,1.0,0.0,1.0,0.0,255,1,0.0,1.0,0.01,0.0,0.07,0.0,1.0,1,57386.0
0,tcp,http,SF,237,2253,0,0,1,0,0,0,0,16,0.0,0.0,0.0,0.0,1.0,0.0,0.11,16,255,1.0,0.0,0.06,0.02,0.0,0.0,0.0,0,45704.0
0,tcp,private,S0,0,0,0,0,0,0,0,0,0,133,1.0,1.0,0.0,0.0,0.11,0.07,0.0,255,14,0.05,0.06,0.0,0.0,1.0,1.0,0.0,1,39353.0
0,tcp,telnet,S0,0,0,0,0,0,0,0,0,0,36,1.0,1.0,0.0,0.0,0.22,0.11,0.0,255,48,0.19,0.04,0.02,0.0,1.0,1.0,0.0,1,117514.0
0,tcp,private,REJ,0,0,0,0,0,0,0,0,0,222,0.0,0.0,1.0,1.0,0.09,0.06,0.0,255,19,0.07,0.09,0.0,0.0,0.0,0.0,1.0,1,91262.0
0,tcp,smtp,SF,889,335,0,0,1,0,0,0,0,1,0.0,0.0,0.0,0.0,1.0,0.0,0.0,80,155,0.8,0.09,0.01,0.02,0.0,0.0,0.0,0,46372.0
0,tcp,Z39_50,S0,0,0,0,0,0,0,0,0,0,268,1.0,1.0,0.0,0.0,0.02,0.06,0.0,255,5,0.02,0.06,0.0,0.0,1.0,1.0,0.0,1,9540.0
0,tcp,private,S0,0,0,0,0,0,0,0,0,0,229,1.0,1.0,0.0,0.0,0.09,0.06,0.0,255,13,0.05,0.07,0.0,0.0,1.0,1.0,0.0,1,5267.0
0,tcp,private,RSTR,0,0,0,0,0,0,0,0,0,1,0.0,0.0,1.0,1.0,1.0,0.0,0.0,255,1,0.0,0.7,0.7,0.0,0.0,0.0,1.0,1,94032.0
658,tcp,telnet,SF,607,20042,0,0,1,3,0,0,1,1,0.0,0.0,0.0,0.0,1.0,0.0,0.0,76,12,0.16,0.05,0.01,0.0,0.0,0.0,0.0,0,74133.0
0,udp,domain_u,SF,44,121,0,0,0,0,0,0,0,63,0.0,0.0,0.0,0.0,1.0,0.0,0.0,255,213,0.84,0.01,0.0,0.0,0.0,0.0,0.0,0,77228.0
0,tcp,http,SF,222,1558,0,0,1,0,0,0,0,9,0.0,0.0,0.0,0.0,1.0,0.0,0.0,9,255,1.0,0.0,0.11,0.05,0.0,0.0,0.0,0,104495.0
0,tcp,http,SF,220,1528,0,0,1,0,0,0,0,4,0.0,0.0,0.0,0.0,1.0,0.0,0.0,224,253,1.0,0.0,0.0,0.01,0.0,0.01,0.03,0,34847.0
0,tcp,http,SF,360,3222,0,2,1,0,0,0,0,1,0.0,0.0,0.0,0.0,1.0,0.0,0.25,2,255,1.0,0.0,0.5,0.01,0.0,0.0,0.0,0,98459.0
0,tcp,http,SF,196,6136,0,0,1,0,0,0,0,1,0.0,0.0,0.0,0.0,1.0,0.0,0.0,255,249,0.98,0.01,0.0,0.0,0.0,0.0,0.0,0,102074.0
0,tcp,systat,S0,0,0,0,0,0,0,0,0,0,137,1.0,1.0,0.0,0.0,0.1,0.07,0.0,255,14,0.05,0.08,0.0,0.0,1.0,1.0,0.0,1,31318.0
0,tcp,http,S0,0,0,0,0,0,0,0,0,0,231,1.0,0.95,0.0,0.05,0.09,0.06,0.1,255,20,0.08,0.07,0.0,0.0,1.0,1.0,0.0,1,85548.0
0,tcp,smtp,SF,689,341,0,0,1,0,0,0,0,1,0.0,0.0,0.0,0.0,1.0,0.0,0.0,38,170,0.95,0.05,0.03,0.01,0.0,0.01,0.0,0,93735.0
0,tcp,http,SF,331,2526,0,0,1,0,0,0,0,9,0.0,0.0,0.0,0.0,1.0,0.0,0.2,255,255,1.0,0.0,0.0,0.0,0.0,0.0,0.0,0,114423.0
0,tcp,time,S0,0,0,0,0,0,0,0,0,0,194,1.0,1.0,0.0,0.0,0.05,0.07,0.0,255,9,0.04,0.07,0.0,0.0,1.0,1.0,0.0,1,125767.0
0,tcp,http,SF,196,1037,0,0,1,0,0,0,0,3,0.0,0.0,0.0,0.0,1.0,0.0,0.0,3,7,1.0,0.0,0.33,0.29,0.0,0.0,0.0,0,117051.0
0,udp,domain_u,SF,45,45,0,0,0,0,0,0,0,138,0.0,0.0,0.0,0.0,1.0,0.0,0.0,255,255,1.0,0.0,0.0,0.0,0.0,0.0,0.0,0,76177.0
0,tcp,http,SF,293,2424,0,0,1,0,0,0,0,7,0.0,0.0,0.0,0.0,1.0,0.0,0.0,106,255,1.0,0.0,0.01,0.04,0.0,0.0,0.0,0,80025.0
0,udp,private,SF,28,0,3,0,0,0,0,0,0,84,0.0,0.0,0.0,0.0,1.0,0.0,0.0,255,84,0.33,0.02,0.33,0.0,0.0,0.0,0.0,1,71041.0
0,tcp,http,SF,179,3798,0,0,1,0,0,0,0,1,0.0,0.0,0.0,0.0,1.0,0.0,0.0,255,255,1.0,0.0,0.0,0.0,0.0,0.0,0.0,0,101451.0
0,tcp,http,SF,500,8257,0,0,1,0,0,0,0,6,0.0,0.0,0.0,0.0,1.0,0.0,0.16,255,255,1.0,0.0,0.0,0.0,0.0,0.0,0.0,0,22208.0
0,tcp,http,SF,293,2486,0,0,1,0,0,0,0,27,0.0,0.0,0.0,0.0,1.0,0.0,0.0,255,255,1.0,0.0,0.0,0.0,0.0,0.0,0.0,0,72570.0
0,tcp,private,REJ,0,0,0,0,0,0,0,0,0,202,0.0,0.0,1.0,1.0,0.04,0.07,0.0,255,8,0.03,0.08,0.0,0.0,0.0,0.0,1.0,1,5900.0
0,tcp,http,SF,245,5458,0,0,1,0,0,0,0,17,0.0,0.0,0.0,0.0,1.0,0.0,0.0,99,255,1.0,0.0,0.01,0.02,0.0,0.0,0.0,0,25923.0
0,tcp,private,REJ,0,0,0,0,0,0,0,0,0,2,0.0,0.0,1.0,1.0,0.5,1.0,0.0,255,1,0.0,0.26,0.24,0.0,0.0,0.0,1.0,1,92663.0
0,udp,domain_u,SF,44,118,0,0,0,0,0,0,0,192,0.0,0.0,0.0,0.0,0.99,0.01,0.01,255,255,1.0,0.0,0.0,0.0,0.0,0.0,0.0,0,15221.0
0,icmp,eco_i,SF,30,0,0,0,0,0,0,0,0,2,0.0,0.0,0.0,0.0,1.0,0.0,0.0,200,200,1.0,0.0,1.0,0.0,0.0,0.0,0.0,0,90323.0
0,tcp,csnet_ns,S0,0,0,0,0,0,0,0,0,0,106,1.0,1.0,0.0,0.0,0.08,0.07,0.0,255,7,0.03,0.09,0.0,0.0,1.0,1.0,0.0,1,87836.0
0,tcp,finger,S0,0,0,0,0,0,0,0,0,0,23,1.0,1.0,0.0,0.0,0.39,0.17,0.0,255,69,0.27,0.03,0.01,0.0,1.0,1.0,0.0,1,54637.0
0,udp,private,SF,105,147,0,0,0,0,0,0,0,1,0.0,0.0,0.0,0.0,1.0,0.0,0.0,4,4,1.0,0.0,0.25,0.0,0.0,0.0,0.0,0,21771.0
0,tcp,domain,SF,48,487,0,0,1,0,0,0,0,115,0.0,0.0,0.0,0.0,0.01,0.02,0.0,251,1,0.0,0.02,0.0,0.0,0.0,0.0,0.0,0,48476.0
0,tcp,private,S0,0,0,0,0,0,0,0,0,0,28,1.0,1.0,0.0,0.0,0.18,0.21,0.0,255,13,0.05,0.09,0.0,0.0,1.0,1.0,0.0,1,40879.0
0,tcp,private,REJ,0,0,0,0,0,0,0,0,0,115,0.0,0.0,1.0,1.0,0.17,0.07,0.0,255,20,0.08,0.06,0.0,0.0,0.0,0.0,1.0,1,82195.0
0,udp,private,SF,105,147,0,0,0,0,0,0,0,8,0.0,0.0,0.0,0.0,0.12,0.25,0.0,255,229,0.9,0.01,0.0,0.0,0.0,0.0,0.0,0,3265.0
0,tcp,discard,S0,0,0,0,0,0,0,0,0,0,253,1.0,1.0,0.0,0.0,0.07,0.06,0.0,255,4,0.02,0.08,0.0,0.0,1.0,1.0,0.0,1,1027.0
0,udp,other,SF,146,0,0,0,0,0,0,0,0,3,0.0,0.0,0.0,0.0,0.33,0.67,0.0,255,2,0.01,0.67,0.98,0.0,0.0,0.0,0.0,0,106265.0
0,udp,domain_u,SF,45,73,0,0,0,0,0,0,0,187,0.0,0.0,0.0,0.0,1.0,0.0,0.0,255,229,0.9,0.01,0.0,0.0,0.0,0.0,0.0,0,81496.0
1,tcp,ftp,SF,1242,2449,0,28,1,0,0,0,0,1,0.0,0.0,0.0,0.0,1.0,0.0,0.0,255,63,0.25,0.02,0.0,0.0,0.0,0.0,0.0,1,46679.0
0,tcp,echo,S0,0,0,0,0,0,0,0,0,0,235,1.0,1.0,0.0,0.0,0.02,0.06,0.0,255,4,0.02,0.05,0.0,0.0,1.0,1.0,0.0,1,82231.0
0,tcp,http,SF,327,11715,0,0,1,0,0,0,0,9,0.0,0.0,0.0,0.0,1.0,0.0,0.0,9,255,1.0,0.0,0.11,0.08,0.0,0.0,0.0,0,58650.0
0,tcp,Z39_50,S0,0,0,0,0,0,0,0,0,0,212,1.0,1.0,0.0,0.0,0.06,0.06,0.0,255,12,0.05,0.07,0.0,0.0,1.0,1.0,0.0,1,88632.0
0,tcp,http,SF,322,271,0,0,1,0,0,0,0,9,0.0,0.0,0.0,0.0,1.0,0.0,0.0,14,14,1.0,0.0,0.07,0.0,0.0,0.0,0.0,0,50556.0
0,tcp,private,S0,0,0,0,0,0,0,0,0,0,215,1.0,1.0,0.0,0.0,0.09,0.06,0.0,255,7,0.03,0.07,0.0,0.0,1.0,1.0,0.0,1,107220.0
0,udp,domain_u,SF,46,46,0,0,0,0,0,0,0,12,0.0,0.0,0.0,0.0,1.0,0.0,0.11,255,255,1.0,0.0,0.01,0.0,0.0,0.0,0.0,0,86190.0
0,tcp,smtp,SF,127,242,0,0,1,0,0,0,0,1,0.0,0.0,0.0,0.0,1.0,0.0,0.0,104,87,0.09,0.68,0.01,0.02,0.0,0.0,0.0,0,60514.0
0,tcp,http,SF,211,6071,0,0,1,0,0,0,0,6,0.0,0.0,0.0,0.0,1.0,0.0,0.0,7,255,1.0,0.0,0.14,0.04,0.0,0.0,0.0,0,85591.0
0,tcp,telnet,S0,0,0,0,0,0,0,0,0,0,296,1.0,1.0,0.0,0.0,0.08,0.05,0.0,255,25,0.1,0.05,0.0,0.0,1.0,1.0,0.0,1,96624.0
0,tcp,systat,REJ,0,0,0,0,0,0,0,0,0,294,0.0,0.0,1.0,1.0,0.06,0.06,0.0,255,18,0.07,0.07,0.0,0.0,0.0,0.0,1.0,1,75557.0
0,tcp,private,S0,0,0,0,0,0,0,0,0,0,230,1.0,1.0,0.0,0.0,0.05,0.06,0.0,255,11,0.04,0.08,0.0,0.0,1.0,1.0,0.0,1,121703.0
0,tcp,supdup,S0,0,0,0,0,0,0,0,0,0,210,1.0,1.0,0.0,0.0,0.07,0.05,0.0,255,14,0.05,0.05,0.0,0.0,1.0,1.0,0.0,1,26685.0
0,tcp,http,SF,222,660,0,0,1,0,0,0,0,14,0.0,0.0,0.0,0.0,1.0,0.0,0.0,255,255,1.0,0.0,0.0,0.0,0.0,0.0,0.0,0,73821.0
0,tcp,http,REJ,0,0,0,0,0,0,0,0,0,1,0.0,0.0,1.0,1.0,1.0,0.0,0.0,45,255,1.0,0.0,0.02,0.08,0.0,0.0,0.97,0,75093.0
0,tcp,private,REJ,0,0,0,0,0,0,0,0,0,144,0.0,0.0,1.0,1.0,0.03,0.08,0.0,255,5,0.02,0.07,0.0,0.0,0.0,0.0,1.0,1,19060.0
0,tcp,smtp,SF,1328,330,0,0,1,0,0,0,0,1,0.0,0.0,0.0,0.0,1.0,0.0,0.0,97,153,0.8,0.03,0.01,0.01,0.0,0.0,0.0,0,107792.0
0,tcp,http,SF,193,4493,0,0,1,0,0,0,0,2,0.0,0.0,0.0,0.0,1.0,0.0,0.0,4,255,1.0,0.0,0.25,0.02,0.0,0.0,0.0,0,43642.0
0,tcp,http,SF,357,767,0,0,1,0,0,0,0,11,0.0,0.0,0.0,0.0,1.0,0.0,0.0,31,255,1.0,0.0,0.03,0.02,0.0,0.0,0.0,0,11431.0
0,tcp,supdup,S0,0,0,0,0,0,0,0,0,0,102,1.0,1.0,0.0,0.0,0.07,0.05,0.0,255,7,0.03,0.05,0.0,0.0,1.0,1.0,0.0,1,39680.0
0,tcp,private,S0,0,0,0,0,0,0,0,0,0,49,1.0,1.0,0.0,0.0,0.18,0.12,0.0,255,9,0.04,0.08,0.0,0.0,1.0,1.0,0.0,1,83966.0
0,tcp,http,SF,235,4288,0,0,1,0,0,0,0,10,0.0,0.0,0.0,0.0,1.0,0.0,0.25,26,255,1.0,0.0,0.04,0.07,0.0,0.0,0.0,0,94399.0
0,tcp,http,SF,249,142716,0,0,1,0,0,0,0,1,0.0,0.0,0.0,0.0,1.0,0.0,0.0,39,255,1.0,0.0,0.03,0.02,0.0,0.0,0.0,0,83774.0
31,tcp,ftp,SF,1509,4152,0,30,1,0,0,0,0,1,0.0,0.0,0.0,0.0,1.0,0.0,0.0,22,13,0.59,0.14,0.05,0.0,0.0,0.0,0.0,0,103044.0
0,tcp,http,SF,319,1716,0,0,1,0,0,0,0,3,0.0,0.0,0.0,0.0,1.0,0.0,0.0,51,109,1.0,0.0,0.02,0.04,0.0,0.0,0.0,0,63422.0
0,tcp,http,SF,304,1680,0,0,1,0,0,0,0,10,0.0,0.0,0.0,0.0,1.0,0.0,0.0,255,255,1.0,0.0,0.0,0.0,0.01,0.01,0.0,0,21533.0
0,tcp,http,SF,228,984,0,0,1,0,0,0,0,9,0.0,0.0,0.0,0.0,1.0,0.0,0.0,255,255,1.0,0.0,0.0,0.0,0.0,0.0,0.0,0,115754.0
0,tcp,http,SF,266,691,0,0,1,0,0,0,0,4,0.0,0.0,0.0,0.0,1.0,0.0,0.0,255,255,1.0,0.0,0.0,0.0,0.0,0.0,0.0,0,118063.0
0,tcp,netstat,S0,0,0,0,0,0,0,0,0,0,212,1.0,1.0,0.0,0.0,0.12,0.06,0.0,255,25,0.1,0.06,0.0,0.0,1.0,1.0,0.0,1,2763.0
1,tcp,smtp,SF,879,331,0,0,1,0,0,0,0,2,0.0,0.0,0.0,0.0,1.0,0.0,0.67,231,150,0.65,0.02,0.0,0.0,0.0,0.0,0.0,0,64010.0
0,tcp,http,SF,286,5208,0,0,1,0,0,0,0,17,0.0,0.0,0.0,0.0,1.0,0.0,0.08,173,255,1.0,0.0,0.01,0.01,0.01,0.0,0.0,0,118729.0
0,tcp,other,SF,3775,0,0,0,1,0,0,0,0,19,0.05,0.0,0.0,0.0,0.05,0.32,0.0,195,1,0.01,0.09,0.25,0.0,0.01,0.0,0.0,0,121548.0
0,tcp,private,REJ,0,0,0,0,0,0,0,0,0,129,0.01,0.0,0.92,1.0,0.01,1.0,0.0,255,1,0.0,0.52,0.0,0.0,0.0,0.0,1.0,1,119047.0
0,udp,domain_u,SF,45,138,0,0,0,0,0,0,0,56,0.0,0.0,0.0,0.0,1.0,0.0,0.01,114,200,0.87,0.02,0.87,0.01,0.0,0.0,0.0,0,14816.0
0,tcp,http,SF,324,1425,0,0,1,0,0,0,0,5,0.0,0.0,0.0,0.0,1.0,0.0,0.0,79,255,1.0,0.0,0.01,0.02,0.0,0.0,0.0,0,118663.0
8376,udp,other,SF,147,105,0,0,0,0,0,0,0,4,0.0,0.0,0.0,0.0,0.5,0.5,0.0,255,2,0.01,0.44,0.93,0.0,0.0,0.0,0.0,0,119004.0
0,tcp,http,SF,224,12884,0,0,1,0,0,0,0,3,0.0,0.0,0.0,0.0,1.0,0.0,0.0,156,156,1.0,0.0,0.01,0.0,0.0,0.0,0.0,0,3091.0
0,tcp,uucp_path,REJ,0,0,0,0,0,0,0,0,0,213,0.0,0.0,1.0,1.0,0.03,0.07,0.0,255,7,0.03,0.07,0.0,0.0,0.0,0.0,1.0,1,42584.0
0,tcp,vmnet,S0,0,0,0,0,0,0,0,0,0,253,1.0,1.0,0.0,0.0,0.03,0.05,0.0,255,8,0.03,0.05,0.0,0.0,1.0,1.0,0.0,1,57679.0
0,tcp,private,RSTR,0,0,0,0,0,0,0,0,0,1,0.0,0.0,1.0,1.0,1.0,0.0,0.0,255,1,0.0,0.2,0.19,0.0,0.0,0.0,1.0,1,66229.0
0,tcp,http,SF,463,4705,0,0,1,0,0,0,0,7,0.0,0.0,0.0,0.0,1.0,0.0,0.0,29,249,1.0,0.0,0.03,0.12,0.0,0.0,0.88,0,111596.0
0,tcp,smtp,SF,1980,439,0,0,1,0,0,0,0,1,0.0,0.0,0.0,0.0,1.0,0.0,1.0,22,128,0.77,0.09,0.05,0.02,0.0,0.0,0.0,0,95443.0
0,tcp,http,SF,313,1508,0,0,1,0,0,0,0,14,0.0,0.0,0.0,0.0,1.0,0.0,0.0,98,255,1.0,0.0,0.01,0.03,0.02,0.01,0.0,0,43725.0
0,tcp,http,SF,199,1705,0,0,1,0,0,0,0,22,0.0,0.0,0.0,0.0,1.0,0.0,0.0,22,255,1.0,0.0,0.05,0.05,0.0,0.0,0.0,0,100462.0
0,tcp,ftp_data,SF,35195,0,0,0,0,0,0,0,0,16,0.0,0.0,0.0,0.0,1.0,0.0,0.0,22,87,1.0,0.0,1.0,0.02,0.0,0.0,0.0,0,96676.0
0,tcp,http,SF,203,810,0,0,1,0,0,0,0,3,0.0,0.0,0.0,0.0,1.0,0.0,0.0,255,255,1.0,0.0,0.0,0.0,0.0,0.0,0.0,0,105998.0
0,tcp,smtp,SF,991,331,0,0,1,0,0,0,0,1,0.0,0.0,0.0,0.0,1.0,0.0,0.0,126,139,0.6,0.04,0.01,0.01,0.0,0.0,0.0,0,31469.0
2,tcp,ftp_data,SF,2194619,0,0,0,0,0,0,0,0,1,0.0,0.0,0.0,0.0,1.0,0.0,1.0,17,51,0.29,0.24,0.29,0.04,0.0,0.0,0.0,0,30939.0
0,tcp,hostnames,S0,0,0,0,0,0,0,0,0,0,288,1.0,1.0,0.0,0.0,0.01,0.06,0.0,255,3,0.01,0.07,0.0,0.0,1.0,1.0,0.0,1,41104.0
0,tcp,http,SF,304,3222,0,0,1,0,0,0,0,3,0.0,0.0,0.0,0.0,1.0,0.0,0.09,255,248,0.97,0.01,0.0,0.0,0.0,0.0,0.0,0,36522.0
0,tcp,netstat,REJ,0,0,0,0,0,0,0,0,0,235,0.0,0.0,1.0,1.0,0.01,0.06,0.0,255,3,0.01,0.07,0.0,0.0,0.0,0.0,1.0,1,42685.0
0,tcp,http,SF,300,2507,0,0,1,0,0,0,0,6,0.0,0.0,0.0,0.0,1.0,0.0,0.0,255,253,0.99,0.01,0.0,0.0,0.0,0.0,0.0,0,47428.0
0,tcp,http,SF,174,12331,0,0,1,0,0,0,0,1,0.0,0.0,0.0,0.0,1.0,0.0,0.0,2,255,1.0,0.0,0.5,0.05,0.0,0.0,0.0,0,36048.0
0,tcp,private,S0,0,0,0,0,0,0,0,0,0,214,1.0,1.0,0.0,0.0,0.04,0.07,0.0,255,8,0.03,0.09,0.0,0.0,1.0,1.0,0.0,1,11779.0
0,udp,domain_u,SF,44,134,0,0,0,0,0,0,0,40,0.0,0.0,0.0,0.0,1.0,0.0,0.01,98,200,0.85,0.02,0.85,0.01,0.0,0.0,0.0,0,35382.0
0,tcp,http,SF,244,263,0,0,1,0,0,0,0,10,0.0,0.0,0.0,0.0,1.0,0.0,0.0,255,255,1.0,0.0,0.0,0.0,0.0,0.0,0.01,0,1284.0
0,tcp,http,SF,179,273525,0,0,1,0,0,0,0,1,0.0,0.0,0.0,0.0,1.0,0.0,0.14,255,253,0.99,0.01,0.0,0.0,0.0,0.0,0.0,0,33982.0
0,tcp,mtp,S0,0,0,0,0,0,0,0,0,0,286,1.0,1.0,0.0,0.0,0.03,0.05,0.0,255,9,0.04,0.05,0.0,0.0,1.0,1.0,0.0,1,48225.0
0,tcp,http,SF,209,3410,0,0,1,0,0,0,0,40,0.0,0.0,0.0,0.0,1.0,0.0,0.0,255,255,1.0,0.0,0.0,0.0,0.0,0.0,0.31,0,22398.0
0,tcp,iso_tsap,S0,0,0,0,0,0,0,0,0,0,262,1.0,1.0,0.0,0.0,0.05,0.07,0.0,255,12,0.05,0.07,0.0,0.0,1.0,1.0,0.0,1,46211.0
41,tcp,telnet,RSTO,110,9225,0,0,1,0,0,0,0,1,0.0,0.0,1.0,1.0,1.0,0.0,0.0,120,1,0.01,0.08,0.01,0.0,0.01,0.0,1.0,0,4601.0
0,udp,private,SF,28,0,3,0,0,0,0,0,0,14,0.0,0.0,0.0,0.0,1.0,0.0,0.0,255,14,0.05,0.02,0.05,0.0,0.0,0.0,0.0,1,54231.0
0,tcp,http,SF,303,1000,0,0,1,0,0,0,0,4,0.0,0.0,0.0,0.0,1.0,0.0,0.0,255,255,1.0,0.0,0.0,0.0,0.0,0.0,0.0,0,36857.0
0,tcp,csnet_ns,S0,0,0,0,0,0,0,0,0,0,267,1.0,1.0,0.0,0.0,0.07,0.04,0.0,255,20,0.08,0.05,0.0,0.0,1.0,1.0,0.0,1,32992.0
0,tcp,http,S1,256,29200,0,0,1,0,0,0,0,1,1.0,1.0,0.0,0.0,1.0,0.0,0.0,255,255,1.0,0.0,0.0,0.0,0.01,0.01,0.0,0,9910.0
0,udp,private,SF,207,0,0,0,0,0,0,0,0,2,0.0,0.0,0.0,0.0,1.0,0.0,0.0,110,94,0.85,0.02,0.85,0.0,0.0,0.0,0.0,1,70797.0
0,tcp,ftp_data,SF,3676,0,0,0,0,0,0,0,0,1,0.0,0.0,0.0,0.0,1.0,0.0,0.0,40,25,0.17,0.1,0.17,0.08,0.0,0.0,0.0,0,3736.0
0,tcp,http,S0,0,0,0,0,0,0,0,0,0,290,1.0,0.36,0.0,0.0,0.06,0.06,0.07,255,16,0.06,0.08,0.0,0.0,1.0,1.0,0.0,1,4581.0
0,tcp,courier,S0,0,0,0,0,0,0,0,0,0,112,1.0,1.0,0.0,0.0,0.04,0.06,0.0,255,4,0.02,0.05,0.0,0.0,1.0,1.0,0.0,1,7069.0
0,tcp,private,S0,0,0,0,0,0,0,0,0,0,233,1.0,1.0,0.0,0.0,0.02,0.06,0.0,255,19,0.07,0.08,0.0,0.0,1.0,1.0,0.0,1,9185.0
0,tcp,ldap,REJ,0,0,0,0,0,0,0,0,0,140,0.0,0.0,1.0,1.0,0.13,0.06,0.0,255,18,0.07,0.06,0.0,0.0,0.0,0.0,1.0,1,43936.0
0,tcp,http,SF,314,1053,0,0,1,0,0,0,0,1,0.0,0.0,0.0,0.0,1.0,0.0,0.0,1,255,1.0,0.0,1.0,0.04,0.0,0.0,0.0,0,10190.0
0,tcp,uucp_path,S0,0,0,0,0,0,0,0,0,0,253,1.0,1.0,0.0,0.0,0.02,0.06,0.0,255,5,0.02,0.07,0.0,0.0,1.0,1.0,0.0,1,123674.0
0,icmp,ecr_i,SF,1032,0,0,0,0,0,0,0,0,198,0.0,0.0,0.0,0.0,1.0,0.0,0.0,255,198,0.78,0.01,0.78,0.0,0.0,0.0,0.0,1,97411.0
1,tcp,smtp,SF,1784,361,0,0,1,0,0,0,0,1,0.0,0.0,0.0,0.0,1.0,0.0,1.0,46,135,0.52,0.09,0.02,0.01,0.0,0.01,0.0,0,11868.0
0,tcp,private,S0,0,0,0,0,0,0,0,0,0,186,1.0,1.0,0.0,0.0,0.09,0.06,0.0,255,5,0.02,0.07,0.0,0.0,1.0,1.0,0.0,1,86404.0
0,tcp,imap4,S0,0,0,0,0,0,0,0,0,0,248,1.0,1.0,0.0,0.0,0.09,0.05,0.0,255,22,0.09,0.05,0.0,0.0,1.0,1.0,0.0,1,64480.0
1,tcp,ftp,SF,1240,2451,0,28,1,0,0,0,0,1,0.0,0.0,0.0,0.0,1.0,0.0,0.0,255,118,0.46,0.02,0.0,0.0,0.0,0.0,0.0,1,61527.0
0,tcp,http,SF,182,12246,0,0,1,0,0,0,0,2,0.0,0.0,0.0,0.0,1.0,0.0,0.0,81,255,1.0,0.0,0.01,0.02,0.0,0.0,0.07,0,100859.0
0,tcp,private,S0,0,0,0,0,0,0,0,0,0,263,1.0,1.0,0.0,0.0,0.05,0.06,0.0,255,16,0.06,0.08,0.0,0.0,1.0,1.0,0.0,1,18644.0
0,tcp,daytime,S0,0,0,0,0,0,0,0,0,0,268,1.0,1.0,0.0,0.0,0.02,0.06,0.0,255,5,0.02,0.08,0.0,0.0,1.0,1.0,0.0,1,103661.0
0,icmp,ecr_i,SF,1032,0,0,0,0,0,0,0,0,511,0.0,0.0,0.0,0.0,1.0,0.0,0.0,255,190,0.75,0.01,0.75,0.0,0.0,0.0,0.0,1,17686.0
0,tcp,http,SF,235,8183,0,0,1,0,0,0,0,4,0.0,0.0,0.0,0.0,1.0,0.0,0.33,37,255,1.0,0.0,0.03,0.01,0.0,0.0,0.0,0,117991.0
0,tcp,http,SF,234,82,0,0,1,0,0,0,0,1,0.0,0.0,0.0,0.0,1.0,0.0,0.0,1,255,1.0,0.0,1.0,0.02,0.0,0.0,0.0,0,33268.0
0,udp,private,SF,1,0,0,0,0,0,0,0,0,3,0.0,0.0,0.0,0.0,1.0,0.0,0.0,255,10,0.04,0.88,0.13,0.0,0.03,0.0,0.0,1,86950.0
0,udp,domain_u,SF,44,132,0,0,0,0,0,0,0,79,0.0,0.0,0.0,0.0,1.0,0.0,0.01,255,250,0.98,0.01,0.0,0.0,0.0,0.0,0.0,0,36963.0
0,icmp,ecr_i,SF,1032,0,0,0,0,0,0,0,0,55,0.0,0.0,0.0,0.0,1.0,0.0,0.0,255,255,1.0,0.0,1.0,0.0,0.0,0.0,0.0,1,78664.0
0,icmp,ecr_i,SF,1032,0,0,0,0,0,0,0,0,423,0.0,0.0,0.0,0.0,1.0,0.0,0.0,255,255,1.0,0.0,1.0,0.0,0.0,0.0,0.0,1,4750.0
0,tcp,harvest,REJ,0,0,0,0,0,0,0,0,0,511,0.11,0.0,0.86,1.0,0.0,1.0,0.0,255,1,0.0,1.0,0.0,0.0,0.1,0.0,1.0,1,123438.0
0,tcp,http,SF,193,929,0,0,1,0,0,0,0,6,0.0,0.0,0.0,0.0,1.0,0.0,0.0,6,255,1.0,0.0,0.17,0.03,0.0,0.01,0.01,0,13544.0
0,tcp,http,SF,317,458,0,0,1,0,0,0,0,24,0.0,0.0,0.0,0.0,1.0,0.0,0.11,255,255,1.0,0.0,0.0,0.0,0.0,0.0,0.0,0,45369.0
0,tcp,domain,S0,0,0,0,0,0,0,0,0,0,275,1.0,1.0,0.0,0.0,0.04,0.05,0.0,255,11,0.04,0.05,0.0,0.0,1.0,1.0,0.0,1,82054.0
0,tcp,smtp,SF,1236,335,0,0,1,0,0,0,0,1,0.0,0.0,0.0,0.0,1.0,0.0,0.0,131,53,0.4,0.04,0.01,0.0,0.0,0.0,0.0,0,84304.0
0,tcp,private,REJ,0,0,0,0,0,0,0,0,0,121,0.0,0.0,1.0,1.0,0.06,0.07,0.0,96,7,0.07,0.08,0.01,0.0,0.0,0.0,1.0,1,27283.0
0,udp,domain_u,SF,45,45,0,0,0,0,0,0,0,196,0.0,0.0,0.0,0.0,1.0,0.0,0.01,255,234,0.92,0.01,0.0,0.0,0.0,0.0,0.0,0,29556.0
0,tcp,http,SF,212,311,0,0,1,0,0,0,0,1,0.0,0.0,0.0,0.0,1.0,0.0,0.0,1,255,1.0,0.0,1.0,0.04,0.0,0.0,0.0,0,112663.0
0,udp,private,SF,28,0,3,0,0,0,0,0,0,95,0.01,0.0,0.01,0.0,0.98,0.03,0.0,255,93,0.36,0.02,0.36,0.0,0.0,0.0,0.0,1,98185.0
0,tcp,ftp_data,SF,334,0,0,0,1,0,0,0,0,2,0.0,0.0,0.0,0.0,1.0,0.0,0.0,7,32,1.0,0.0,1.0,0.16,0.0,0.0,0.0,1,18379.0
0,tcp,exec,S0,0,0,0,0,0,0,0,0,0,115,1.0,1.0,0.0,0.0,0.17,0.06,0.0,255,19,0.07,0.08,0.0,0.0,1.0,1.0,0.0,1,122788.0
0,tcp,private,S0,0,0,0,0,0,0,0,0,0,108,1.0,1.0,0.0,0.0,0.12,0.06,0.0,255,15,0.06,0.06,0.0,0.0,1.0,1.0,0.0,1,105265.0
0,tcp,ftp_data,SF,12,0,0,0,1,0,0,0,0,1,0.0,0.0,0.0,0.0,1.0,0.0,0.0,70,17,0.07,0.07,0.07,0.12,0.01,0.0,0.0,0,42937.0
0,tcp,ftp,SF,1196,2449,0,28,1,0,0,0,0,1,0.0,0.0,0.0,0.0,1.0,0.0,0.0,255,67,0.26,0.02,0.0,0.0,0.0,0.0,0.0,1,25499.0
0,tcp,http,SF,222,2108,0,0,1,0,0,0,0,4,0.0,0.0,0.0,0.0,1.0,0.0,0.4,47,255,1.0,0.0,0.02,0.03,0.0,0.0,0.0,0,64076.0
0,tcp,http,SF,253,1092,0,0,1,0,0,0,0,6,0.0,0.0,0.0,0.0,1.0,0.0,0.0,28,255,1.0,0.0,0.04,0.02,0.0,0.0,0.0,0,105909.0
0,tcp,http,SF,205,283,0,0,1,0,0,0,0,4,0.0,0.0,0.0,0.0,1.0,0.0,0.4,44,255,1.0,0.0,0.02,0.04,0.0,0.0,0.0,0,44771.0
0,tcp,hostnames,S0,0,0,0,0,0,0,0,0,0,289,1.0,1.0,0.0,0.0,0.02,0.05,0.0,255,6,0.02,0.05,0.0,0.0,1.0,1.0,0.0,1,46344.0
0,tcp,private,S0,0,0,0,0,0,0,0,0,0,111,1.0,1.0,0.0,0.0,0.13,0.05,0.0,255,10,0.04,0.06,0.0,0.0,1.0,1.0,0.0,1,103136.0
0,tcp,http,SF,200,17733,0,0,1,0,0,0,0,32,0.0,0.0,0.0,0.0,1.0,0.0,0.05,116,255,1.0,0.0,0.01,0.03,0.0,0.0,0.0,0,4098.0
0,tcp,private,S0,0,0,0,0,0,0,0,0,0,106,1.0,1.0,0.0,0.0,0.01,0.07,0.0,52,1,0.02,0.12,0.02,0.0,1.0,1.0,0.0,1,16206.0
0,tcp,domain,S0,0,0,0,0,0,0,0,0,0,99,1.0,1.0,0.0,0.0,0.09,0.06,0.0,255,7,0.03,0.08,0.0,0.0,1.0,1.0,0.0,1,103314.0
0,udp,other,SF,147,0,0,0,0,0,0,0,0,2,0.0,0.0,0.0,0.0,0.5,1.0,0.0,255,1,0.0,0.84,0.99,0.0,0.0,0.0,0.0,0,42131.0
0,tcp,ftp_data,SF,334,0,0,0,1,0,0,0,0,2,0.0,0.0,0.0,0.0,1.0,0.0,0.0,6,48,1.0,0.0,1.0,0.15,0.0,0.0,0.0,1,13340.0
0,tcp,systat,S0,0,0,0,0,0,0,0,0,0,122,1.0,1.0,0.0,0.0,0.13,0.06,0.0,255,10,0.04,0.07,0.0,0.0,1.0,1.0,0.0,1,5331.0
0,icmp,eco_i,SF,30,0,0,0,0,0,0,0,0,2,0.0,0.0,0.0,0.0,1.0,0.0,0.0,214,214,1.0,0.0,1.0,0.0,0.0,0.0,0.0,0,18203.0
0,tcp,netstat,S0,0,0,0,0,0,0,0,0,0,298,1.0,1.0,0.0,0.0,0.02,0.06,0.0,255,1,0.0,0.07,0.0,0.0,1.0,1.0,0.0,1,60453.0
0,icmp,eco_i,SF,8,0,0,0,0,0,0,0,0,1,0.0,0.0,0.0,0.0,1.0,0.0,1.0,1,165,1.0,0.0,1.0,0.5,0.0,0.0,0.0,1,68933.0
0,tcp,kshell,REJ,0,0,0,0,0,0,0,0,0,146,0.0,0.0,1.0,1.0,0.13,0.06,0.0,255,19,0.07,0.06,0.0,0.0,0.0,0.0,1.0,1,15643.0
0,tcp,http,SF,209,2419,0,0,1,0,0,0,0,2,0.0,0.0,0.0,0.0,1.0,0.0,0.0,111,255,1.0,0.0,0.01,0.04,0.01,0.0,0.0,0,85575.0
0,tcp,name,S0,0,0,0,0,0,0,0,0,0,198,1.0,1.0,0.0,0.0,0.04,0.07,0.0,255,8,0.03,0.07,0.0,0.0,1.0,1.0,0.0,1,77104.0
0,udp,private,SF,105,146,0,0,0,0,0,0,0,4,0.0,0.0,0.0,0.0,0.25,0.5,0.0,255,231,0.91,0.01,0.0,0.0,0.0,0.0,0.0,0,117484.0
0,tcp,http,SF,229,1478,0,0,1,0,0,0,0,12,0.0,0.0,0.0,0.0,1.0,0.0,0.0,85,255,1.0,0.0,0.01,0.02,0.0,0.01,0.0,0,19623.0
0,tcp,http,SF,313,1693,0,0,1,0,0,0,0,22,0.0,0.0,0.0,0.0,1.0,0.0,0.0,22,190,1.0,0.0,0.05,0.12,0.0,0.0,0.0,0,58955.0
0,tcp,netbios_ssn,S0,0,0,0,0,0,0,0,0,0,212,1.0,1.0,0.0,0.0,0.07,0.06,0.0,255,14,0.05,0.07,0.0,0.0,1.0,1.0,0.0,1,93316.0
0,tcp,http_443,REJ,0,0,0,0,0,0,0,0,0,69,0.0,0.0,1.0,1.0,0.04,0.09,0.0,255,3,0.01,0.06,0.0,0.0,0.0,0.0,1.0,1,40083.0
0,tcp,smtp,SF,1667,480,0,0,1,0,0,0,0,1,0.0,0.0,0.0,0.0,1.0,0.0,0.0,255,32,0.13,0.02,0.0,0.0,0.0,0.0,0.0,0,123910.0
0,udp,domain_u,SF,43,131,0,0,0,0,0,0,0,172,0.0,0.0,0.0,0.0,1.0,0.0,0.0,255,255,1.0,0.0,0.0,0.0,0.0,0.0,0.0,0,107248.0
0,tcp,private,S0,0,0,0,0,0,0,0,0,0,102,1.0,1.0,0.0,0.0,0.02,0.07,0.0,255,25,0.1,0.05,0.0,0.0,1.0,1.0,0.0,1,8462.0
0,tcp,http,SF,298,3897,0,0,1,0,0,0,0,8,0.0,0.0,0.0,0.0,1.0,0.0,0.0,37,255,1.0,0.0,0.03,0.08,0.0,0.0,0.0,0,9347.0
1,tcp,smtp,SF,786,332,0,0,1,0,0,0,0,2,0.0,0.0,0.0,0.0,0.5,1.0,1.0,186,75,0.35,0.03,0.01,0.03,0.01,0.01,0.0,0,89533.0
0,icmp,ecr_i,SF,1032,0,0,0,0,0,0,0,0,511,0.0,0.0,0.0,0.0,1.0,0.0,0.0,255,66,0.26,0.2,0.26,0.0,0.0,0.0,0.0,1,48582.0
4530,udp,other,SF,147,105,0,0,0,0,0,0,0,1,0.0,0.0,0.0,0.0,1.0,0.0,0.0,255,1,0.0,0.69,0.91,0.0,0.0,0.0,0.0,0,24945.0
0,tcp,iso_tsap,S0,0,0,0,0,0,0,0,0,0,260,1.0,1.0,0.0,0.0,0.07,0.05,0.0,255,19,0.07,0.05,0.0,0.0,1.0,1.0,0.0,1,121882.0
0,icmp,eco_i,SF,8,0,0,0,0,0,0,0,0,1,0.0,0.0,0.0,0.0,1.0,0.0,1.0,2,26,1.0,0.0,1.0,0.5,0.0,0.0,0.0,1,16603.0
0,tcp,iso_tsap,REJ,0,0,0,0,0,0,0,0,0,288,0.0,0.0,1.0,1.0,0.07,0.06,0.0,255,19,0.07,0.08,0.0,0.0,0.0,0.0,1.0,1,22464.0
0,tcp,ftp_data,SF,192,0,0,0,1,0,0,0,0,2,0.0,0.0,0.0,0.0,1.0,0.0,0.0,49,111,0.16,0.1,0.16,0.02,0.0,0.0,0.0,0,5526.0
0,tcp,private,S0,0,0,0,0,0,0,0,0,0,251,1.0,1.0,0.0,0.0,0.03,0.06,0.0,255,10,0.04,0.07,0.0,0.0,1.0,1.0,0.0,1,4496.0
0,tcp,private,S0,0,0,0,0,0,0,0,0,0,113,1.0,1.0,0.0,0.0,0.17,0.05,0.0,255,12,0.05,0.07,0.0,0.0,1.0,1.0,0.0,1,84493.0
0,tcp,http,SF,488,10161,0,0,1,0,0,0,0,7,0.0,0.0,0.0,0.0,1.0,0.0,0.0,223,255,1.0,0.0,0.0,0.02,0.01,0.01,0.08,0,12582.0
0,tcp,domain,S0,0,0,0,0,0,0,0,0,0,241,1.0,1.0,0.0,0.0,0.01,0.05,0.0,255,3,0.01,0.05,0.0,0.0,1.0,1.0,0.0,1,114659.0
0,tcp,http,SF,289,3428,0,0,1,0,0,0,0,11,0.0,0.0,0.0,0.0,1.0,0.0,0.0,115,255,1.0,0.0,0.01,0.04,0.01,0.0,0.0,0,105367.0
0,icmp,eco_i,SF,8,0,0,0,0,0,0,0,0,1,0.0,0.0,0.0,0.0,1.0,0.0,1.0,1,111,1.0,0.0,1.0,0.5,0.0,0.0,0.0,1,87171.0
0,tcp,ldap,S0,0,0,0,0,0,0,0,0,0,141,1.0,1.0,0.0,0.0,0.14,0.06,0.0,255,20,0.08,0.07,0.0,0.0,1.0,1.0,0.0,1,67511.0
597,tcp,telnet,SF,453,14539,0,0,1,3,0,0,0,1,0.0,0.0,0.0,0.0,1.0,0.0,0.0,255,34,0.13,0.06,0.0,0.0,0.64,0.35,0.12,0,96242.0
0,tcp,http,SF,227,24786,0,0,1,0,0,0,0,17,0.0,0.0,0.0,0.0,1.0,0.0,0.0,154,255,1.0,0.0,0.01,0.01,0.0,0.0,0.0,0,12709.0
0,tcp,http,SF,261,1022,0,0,1,0,0,0,0,5,0.0,0.0,0.0,0.0,1.0,0.0,0.0,61,255,1.0,0.0,0.02,0.02,0.0,0.0,0.0,0,115578.0
2,tcp,ftp_data,SF,2194619,0,0,0,1,0,0,0,0,2,0.0,0.0,0.0,0.0,1.0,0.0,0.0,110,102,0.69,0.03,0.69,0.02,0.0,0.0,0.0,0,90957.0
0,tcp,http,SF,231,1930,0,0,1,0,0,0,0,2,0.5,0.5,0.0,0.0,1.0,0.0,0.0,73,93,1.0,0.0,0.01,0.04,0.03,0.02,0.0,0,86127.0
0,tcp,echo,S0,0,0,0,0,0,0,0,0,0,191,1.0,1.0,0.0,0.0,0.06,0.06,0.0,255,12,0.05,0.07,0.0,0.0,1.0,1.0,0.0,1,114943.0
0,tcp,ftp_data,SF,334,0,0,0,1,0,0,0,0,2,0.0,0.0,0.0,0.0,1.0,0.0,0.0,2,23,1.0,0.0,1.0,0.17,0.0,0.0,0.0,1,60975.0
0,icmp,ecr_i,SF,520,0,0,0,0,0,0,0,0,460,0.0,0.0,0.0,0.0,1.0,0.0,0.0,236,236,1.0,0.0,1.0,0.0,0.0,0.0,0.0,1,65571.0
0,tcp,ftp_data,SF,334,0,0,0,1,0,0,0,0,2,0.0,0.0,0.0,0.0,1.0,0.0,0.0,4,27,1.0,0.0,1.0,0.19,0.0,0.04,0.0,1,114464.0
0,tcp,private,REJ,0,0,0,0,0,0,0,0,0,143,0.0,0.0,1.0,1.0,0.13,0.06,0.0,255,15,0.06,0.06,0.0,0.0,0.0,0.0,1.0,1,104964.0
606,udp,other,SF,147,105,0,0,0,0,0,0,0,1,0.0,0.0,0.0,0.0,1.0,0.0,0.0,255,1,0.0,0.65,0.96,0.0,0.0,0.0,0.0,0,44617.0
0,tcp,private,S0,0,0,0,0,0,0,0,0,0,128,1.0,1.0,0.0,0.0,0.07,0.06,0.0,255,9,0.04,0.05,0.0,0.0,1.0,1.0,0.0,1,6877.0
0,udp,domain_u,SF,86,0,0,0,0,0,0,0,0,1,0.0,0.0,0.0,0.0,1.0,0.0,0.0,25,13,0.52,0.08,0.52,0.0,0.0,0.0,0.0,0,38517.0
0,udp,private,SF,28,0,3,0,0,0,0,0,0,64,0.0,0.0,0.0,0.0,1.0,0.0,0.0,255,64,0.25,0.64,0.25,0.0,0.01,0.0,0.0,1,56189.0
0,tcp,ftp_data,SF,852,0,0,0,1,0,0,0,0,6,0.0,0.0,0.0,0.0,1.0,0.0,0.0,194,71,0.37,0.04,0.37,0.0,0.0,0.0,0.0,0,57862.0
0,tcp,http,SF,344,1234,0,0,1,0,0,0,0,1,0.0,0.0,0.0,0.0,1.0,0.0,0.0,1,255,1.0,0.0,1.0,0.04,0.0,0.0,0.0,0,89125.0
0,tcp,efs,S0,0,0,0,0,0,0,0,0,0,134,1.0,1.0,0.0,0.0,0.01,0.06,0.0,255,1,0.0,0.07,0.0,0.0,1.0,1.0,0.0,1,56936.0
0,tcp,link,S0,0,0,0,0,0,0,0,0,0,283,1.0,1.0,0.0,0.0,0.05,0.06,0.0,255,13,0.05,0.07,0.0,0.0,1.0,1.0,0.0,1,8525.0
1,tcp,smtp,SF,733,332,0,0,1,0,0,0,0,1,0.0,0.0,0.0,0.0,1.0,0.0,0.0,116,165,0.73,0.03,0.01,0.01,0.0,0.0,0.0,0,53673.0
0,tcp,http,SF,311,731,0,0,1,0,0,0,0,5,0.0,0.0,0.0,0.0,1.0,0.0,0.0,5,255,1.0,0.0,0.2,0.05,0.0,0.0,0.0,0,112855.0
297,tcp,telnet,SF,208,1820,0,0,1,5,0,0,0,1,0.0,0.0,0.0,0.0,1.0,0.0,0.0,53,13,0.25,0.09,0.02,0.0,0.02,0.08,0.0,0,10997.0
0,tcp,http,REJ,0,0,0,0,0,0,0,0,0,1,0.0,0.0,1.0,1.0,1.0,0.0,0.0,15,81,1.0,0.0,0.07,0.06,0.0,0.0,1.0,0,80582.0
0,tcp,private,REJ,0,0,0,0,0,0,0,0,0,73,0.1,0.0,0.9,1.0,0.01,1.0,0.0,255,1,0.0,0.56,0.0,0.0,0.03,0.0,1.0,1,37653.0
0,tcp,uucp,S0,0,0,0,0,0,0,0,0,0,118,1.0,1.0,0.0,0.0,0.14,0.06,0.0,255,17,0.07,0.07,0.0,0.0,1.0,1.0,0.0,1,39289.0
0,tcp,http,SF,286,315,0,0,1,0,0,0,0,7,0.0,0.0,0.0,0.0,1.0,0.0,0.0,142,255,1.0,0.0,0.01,0.03,0.0,0.0,0.0,0,102593.0
0,tcp,time,RSTO,0,0,0,0,0,0,0,0,0,122,0.0,0.0,1.0,1.0,0.06,0.07,0.0,255,7,0.03,0.07,0.0,0.0,0.0,0.0,1.0,1,21060.0
0,tcp,private,REJ,0,0,0,0,0,0,0,0,0,204,0.0,0.0,1.0,1.0,0.01,0.06,0.0,255,3,0.01,0.08,0.0,0.0,0.0,0.0,1.0,1,93816.0
0,tcp,private,S0,0,0,0,0,0,0,0,0,0,136,1.0,1.0,0.0,0.0,0.09,0.07,0.0,255,8,0.03,0.06,0.0,0.0,1.0,1.0,0.0,1,7317.0
0,icmp,eco_i,SF,8,0,0,0,0,0,0,0,0,1,0.0,0.0,0.0,0.0,1.0,0.0,1.0,2,28,1.0,0.0,1.0,0.54,0.0,0.0,0.0,1,93760.0
0,tcp,smtp,SF,940,331,0,0,1,0,0,0,0,1,0.0,0.0,0.0,0.0,1.0,0.0,1.0,41,90,0.44,0.12,0.02,0.02,0.0,0.0,0.0,0,68820.0
0,tcp,private,S0,0,0,0,0,0,0,0,0,0,137,1.0,1.0,0.0,0.0,0.12,0.05,0.0,255,7,0.03,0.07,0.0,0.0,1.0,1.0,0.0,1,23122.0
0,tcp,name,REJ,0,0,0,0,0,0,0,0,0,201,0.0,0.0,1.0,1.0,0.0,0.06,0.0,255,18,0.07,0.07,0.0,0.0,0.0,0.0,1.0,1,7216.0
0,tcp,private,REJ,0,0,0,0,0,0,0,0,0,117,0.0,0.0,1.0,1.0,0.03,0.09,0.0,255,3,0.01,0.07,0.0,0.0,0.0,0.0,1.0,1,95363.0
0,tcp,http,S0,0,0,0,0,0,0,0,0,0,31,1.0,1.0,0.0,0.0,0.32,0.1,0.0,255,62,0.24,0.02,0.0,0.0,1.0,1.0,0.0,1,6460.0
0,tcp,http,SF,321,2792,0,0,1,0,0,0,0,12,0.0,0.0,0.0,0.0,1.0,0.0,0.0,149,255,1.0,0.0,0.01,0.01,0.0,0.0,0.0,0,39682.0
0,tcp,smtp,SF,1199,369,0,0,1,0,0,0,0,1,0.0,0.0,0.0,0.0,1.0,0.0,0.0,40,170,0.93,0.05,0.03,0.01,0.0,0.0,0.0,0,108639.0
0,tcp,auth,SF,10,38,0,0,1,0,0,0,0,1,0.0,0.0,0.0,0.0,1.0,0.0,0.0,28,2,0.07,0.18,0.04,0.0,0.0,0.0,0.0,0,109058.0
0,tcp,http,SF,245,2802,0,0,1,0,0,0,0,1,0.0,0.0,0.0,0.0,1.0,0.0,0.06,3,255,1.0,0.0,0.33,0.07,0.0,0.01,0.0,0,89459.0
0,tcp,uucp,S0,0,0,0,0,0,0,0,0,0,119,1.0,1.0,0.0,0.0,0.05,0.05,0.0,255,6,0.02,0.05,0.0,0.0,1.0,1.0,0.0,1,94140.0
0,tcp,link,REJ,0,0,0,0,0,0,0,0,0,250,0.0,0.0,1.0,1.0,0.06,0.07,0.0,255,16,0.06,0.07,0.0,0.0,0.0,0.0,1.0,1,20859.0
0,tcp,http,SF,229,273,0,0,1,0,0,0,0,2,0.0,0.0,0.0,0.0,1.0,0.0,0.0,102,255,1.0,0.0,0.01,0.07,0.0,0.0,0.0,0,110026.0
0,icmp,eco_i,SF,8,0,0,0,0,0,0,0,0,1,0.0,0.0,0.0,0.0,1.0,0.0,1.0,3,43,1.0,0.0,1.0,0.26,0.0,0.0,0.0,1,31001.0
0,tcp,netstat,RSTR,0,0,0,0,0,0,0,0,0,1,0.0,0.0,1.0,1.0,1.0,0.0,0.0,202,1,0.0,0.19,0.17,0.0,0.0,0.0,1.0,1,112317.0
0,tcp,discard,S0,0,0,0,0,0,0,0,0,0,270,1.0,1.0,0.0,0.0,0.01,0.06,0.0,255,3,0.01,0.07,0.0,0.0,1.0,1.0,0.0,1,22734.0
0,tcp,smtp,S0,0,0,0,0,0,0,0,0,0,2,0.5,0.5,0.0,0.0,1.0,0.0,0.0,153,115,0.35,0.05,0.01,0.02,0.01,0.01,0.0,0,1119.0
0,tcp,daytime,RSTO,0,0,0,0,0,0,0,0,0,213,0.0,0.0,1.0,1.0,0.01,0.07,0.0,255,2,0.01,0.08,0.0,0.0,0.0,0.0,1.0,1,40909.0
6707,udp,other,SF,146,105,0,0,0,0,0,0,0,1,0.0,0.0,0.0,0.0,1.0,0.0,0.0,255,5,0.02,0.63,0.95,0.0,0.0,0.0,0.0,0,3088.0
0,tcp,time,RSTO,0,0,0,0,0,0,0,0,0,261,0.0,0.0,1.0,1.0,0.07,0.07,0.0,255,18,0.07,0.07,0.0,0.0,0.0,0.0,1.0,1,123157.0
0,tcp,nnsp,S0,0,0,0,0,0,0,0,0,0,153,1.0,1.0,0.0,0.0,0.14,0.05,0.0,255,21,0.08,0.05,0.0,0.0,1.0,1.0,0.0,1,114866.0
0,udp,domain_u,SF,42,42,0,0,0,0,0,0,0,6,0.0,0.0,0.0,0.0,1.0,0.0,0.4,255,242,0.95,0.01,0.0,0.0,0.0,0.0,0.0,0,31512.0
23172,tcp,private,RSTR,1,0,0,0,0,0,0,0,0,2,0.0,0.0,1.0,1.0,1.0,0.0,0.0,255,2,0.01,0.73,1.0,0.0,0.0,0.0,1.0,1,58560.0
0,tcp,http,SF,308,3222,0,0,1,0,0,0,0,3,0.0,0.0,0.0,0.0,1.0,0.0,0.0,255,249,0.98,0.01,0.0,0.0,0.0,0.0,0.0,0,110142.0
0,tcp,hostnames,REJ,0,0,0,0,0,0,0,0,0,249,0.0,0.0,1.0,1.0,0.01,0.07,0.0,255,3,0.01,0.08,0.0,0.0,0.0,0.0,1.0,1,42988.0
0,udp,private,SF,28,0,3,0,0,0,0,0,0,51,0.0,0.0,0.0,0.0,1.0,0.0,0.0,255,51,0.2,0.64,0.2,0.0,0.01,0.0,0.0,1,104087.0
0,tcp,private,S0,0,0,0,0,0,0,0,0,0,298,1.0,1.0,0.0,0.0,0.07,0.06,0.0,255,12,0.05,0.08,0.0,0.0,1.0,1.0,0.0,1,9953.0
0,tcp,iso_tsap,S0,0,0,0,0,0,0,0,0,0,236,1.0,1.0,0.0,0.0,0.02,0.06,0.0,255,5,0.02,0.07,0.0,0.0,1.0,1.0,0.0,1,5239.0
0,tcp,private,REJ,0,0,0,0,0,0,0,0,0,2,0.0,0.0,1.0,1.0,0.5,1.0,0.0,255,1,0.0,0.6,0.56,0.0,0.01,0.0,1.0,1,330.0
0,tcp,hostnames,S0,0,0,0,0,0,0,0,0,0,181,1.0,1.0,0.0,0.0,0.04,0.07,0.0,255,7,0.03,0.07,0.0,0.0,1.0,1.0,0.0,1,111473.0
0,udp,domain_u,SF,46,75,0,0,0,0,0,0,0,263,0.0,0.0,0.0,0.0,1.0,0.0,0.01,255,220,0.86,0.01,0.0,0.0,0.0,0.0,0.0,0,89544.0
0,tcp,private,REJ,0,0,0,0,0,0,0,0,0,38,0.0,0.0,1.0,1.0,0.39,0.08,0.0,255,12,0.05,0.06,0.0,0.0,0.0,0.0,1.0,1,79538.0
0,tcp,http,SF,222,1688,0,0,1,0,0,0,0,13,0.08,0.08,0.0,0.0,1.0,0.0,0.0,255,255,1.0,0.0,0.0,0.0,0.0,0.0,0.0,0,10130.0
0,tcp,supdup,S0,0,0,0,0,0,0,0,0,0,112,1.0,1.0,0.0,0.0,0.14,0.05,0.0,255,16,0.06,0.05,0.0,0.0,1.0,1.0,0.0,1,64547.0
0,tcp,private,REJ,0,0,0,0,0,0,0,0,0,103,0.0,0.0,1.0,1.0,0.06,0.06,0.0,255,6,0.02,0.05,0.0,0.0,0.0,0.0,1.0,1,60058.0
0,icmp,eco_i,SF,8,0,0,0,0,0,0,0,0,1,0.0,0.0,0.0,0.0,1.0,0.0,1.0,2,150,1.0,0.0,1.0,0.5,0.0,0.0,0.0,1,44366.0
0,tcp,other,REJ,0,0,0,0,0,0,0,0,0,510,0.26,0.0,0.74,1.0,0.0,1.0,0.0,255,1,0.0,1.0,0.0,0.0,0.25,0.0,1.0,1,73354.0
0,tcp,private,S0,0,0,0,0,0,0,0,0,0,50,1.0,1.0,0.0,0.0,0.4,0.08,0.0,255,20,0.08,0.06,0.0,0.0,1.0,1.0,0.0,1,16100.0
0,tcp,http,SF,284,2039,0,0,1,0,0,0,0,19,0.0,0.0,0.0,0.0,1.0,0.0,0.12,125,255,1.0,0.0,0.01,0.01,0.01,0.0,0.0,0,99150.0
0,tcp,http,SF,200,2208,0,0,1,0,0,0,0,20,0.0,0.0,0.0,0.0,1.0,0.0,0.13,31,255,1.0,0.0,0.03,0.02,0.0,0.0,0.0,0,71942.0
0,udp,other,SF,516,4,0,0,0,0,0,0,0,128,0.0,0.0,0.0,0.0,1.0,0.0,0.0,128,128,1.0,0.0,1.0,0.0,0.0,0.0,0.0,0,24107.0
0,tcp,ftp_data,SF,12,0,0,0,1,0,0,0,0,1,0.0,0.0,0.0,0.0,1.0,0.0,0.0,187,45,0.24,0.03,0.24,0.0,0.0,0.0,0.0,0,49288.0
0,tcp,smtp,SF,851,479,0,0,1,0,0,0,0,1,0.0,0.0,0.0,0.0,1.0,0.0,0.0,255,37,0.15,0.02,0.01,0.0,0.0,0.0,0.0,0,15049.0
0,tcp,http,REJ,0,0,0,0,0,0,0,0,0,1,0.0,0.0,1.0,1.0,1.0,0.0,0.0,101,255,1.0,0.0,0.01,0.08,0.0,0.0,0.97,0,42590.0
0,udp,domain_u,SF,46,46,0,0,0,0,0,0,0,9,0.0,0.0,0.0,0.0,1.0,0.0,0.01,255,255,1.0,0.0,0.01,0.0,0.0,0.0,0.0,0,96460.0
0,tcp,uucp,S0,0,0,0,0,0,0,0,0,0,80,1.0,1.0,0.0,0.0,0.01,0.08,0.0,255,1,0.0,0.05,0.0,0.0,1.0,1.0,0.0,1,81571.0
0,udp,private,SF,28,0,3,0,0,0,0,0,0,81,0.0,0.0,0.0,0.0,1.0,0.0,0.0,153,81,0.53,0.03,0.53,0.0,0.0,0.0,0.0,1,100430.0
0,tcp,http,SF,302,1075,0,0,1,0,0,0,0,7,0.0,0.0,0.0,0.0,1.0,0.0,0.0,255,232,0.91,0.01,0.0,0.0,0.0,0.0,0.0,0,100432.0
0,tcp,ldap,S0,0,0,0,0,0,0,0,0,0,63,1.0,1.0,0.0,0.0,0.11,0.1,0.0,255,15,0.06,0.08,0.0,0.0,1.0,1.0,0.0,1,13084.0
0,tcp,http,SF,339,3810,0,0,1,0,0,0,0,17,0.0,0.0,0.0,0.0,1.0,0.0,0.11,38,255,1.0,0.0,0.03,0.09,0.0,0.0,0.0,0,52007.0
0,tcp,ssh,S0,0,0,0,0,0,0,0,0,0,284,1.0,1.0,0.0,0.0,0.01,0.06,0.0,255,3,0.01,0.09,0.0,0.0,1.0,1.0,0.0,1,117033.0
0,udp,domain_u,SF,46,128,0,0,0,0,0,0,0,70,0.0,0.0,0.0,0.0,1.0,0.0,0.01,255,254,1.0,0.01,0.0,0.0,0.0,0.0,0.0,0,91239.0
0,tcp,http,SF,215,827,0,0,1,0,0,0,0,7,0.0,0.0,0.0,0.0,1.0,0.0,0.25,7,255,1.0,0.0,0.14,0.07,0.0,0.0,0.0,0,49616.0
0,tcp,sunrpc,S0,0,0,0,0,0,0,0,0,0,127,1.0,1.0,0.0,0.0,0.09,0.06,0.0,255,7,0.03,0.07,0.0,0.0,1.0,1.0,0.0,1,54942.0
0,tcp,sql_net,REJ,0,0,0,0,0,0,0,0,0,109,0.0,0.0,1.0,1.0,0.06,0.06,0.0,255,6,0.02,0.07,0.0,0.0,0.0,0.0,1.0,1,42387.0
0,tcp,gopher,S0,0,0,0,0,0,0,0,0,0,142,1.0,1.0,0.0,0.0,0.04,0.06,0.0,255,7,0.03,0.08,0.0,0.0,1.0,1.0,0.0,1,34504.0
0,tcp,whois,S0,0,0,0,0,0,0,0,0,0,257,1.0,1.0,0.0,0.0,0.0,0.07,0.0,255,1,0.0,0.08,0.0,0.0,1.0,1.0,0.0,1,55265.0
0,udp,domain_u,SF,45,134,0,0,0,0,0,0,0,66,0.0,0.0,0.0,0.0,1.0,0.0,0.01,255,229,0.9,0.01,0.0,0.0,0.0,0.0,0.0,0,94623.0
2628,udp,other,SF,146,105,0,0,0,0,0,0,0,1,0.0,0.0,0.0,0.0,1.0,0.0,0.0,255,1,0.0,0.58,0.93,0.0,0.0,0.0,0.0,0,80980.0
0,tcp,finger,S0,0,0,0,0,0,0,0,0,0,279,1.0,1.0,0.0,0.0,0.02,0.06,0.0,255,5,0.02,0.08,0.0,0.0,1.0,1.0,0.0,1,104459.0
0,tcp,supdup,S0,0,0,0,0,0,0,0,0,0,210,1.0,1.0,0.0,0.0,0.08,0.08,0.0,255,16,0.06,0.07,0.0,0.0,1.0,1.0,0.0,1,120777.0
0,tcp,uucp_path,S0,0,0,0,0,0,0,0,0,0,264,1.0,1.0,0.0,0.0,0.07,0.06,0.0,255,18,0.07,0.06,0.0,0.0,1.0,1.0,0.0,1,1443.0
0,udp,domain_u,SF,42,42,0,0,0,0,0,0,0,1,0.0,0.0,0.0,0.0,1.0,0.0,0.25,1,237,1.0,0.0,1.0,0.01,0.0,0.0,0.0,0,47597.0
0,tcp,ftp_data,SF,748,0,0,0,1,0,0,9,0,1,0.0,0.0,0.0,0.0,1.0,0.0,0.0,103,84,0.46,0.04,0.46,0.02,0.0,0.0,0.0,0,106799.0
0,tcp,private,S0,0,0,0,0,0,0,0,0,0,132,1.0,1.0,0.0,0.0,0.13,0.07,0.0,255,17,0.07,0.07,0.0,0.0,1.0,1.0,0.0,1,31056.0
0,tcp,vmnet,REJ,0,0,0,0,0,0,0,0,0,156,0.0,0.0,1.0,1.0,0.04,0.07,0.0,255,7,0.03,0.07,0.0,0.0,0.0,0.0,1.0,1,125487.0
1,tcp,private,RSTR,0,0,0,0,0,0,0,0,0,260,0.0,0.0,1.0,1.0,0.01,0.5,0.0,255,2,0.01,0.5,1.0,0.0,0.0,0.0,1.0,1,104423.0
0,tcp,http,SF,321,1229,0,0,1,0,0,0,0,22,0.0,0.0,0.0,0.0,1.0,0.0,0.08,64,255,1.0,0.0,0.02,0.06,0.0,0.01,0.0,0,4621.0
27,tcp,ftp,SF,686,2077,0,14,1,0,0,0,0,1,0.0,0.0,0.0,0.0,1.0,0.0,0.0,113,13,0.12,0.04,0.01,0.0,0.0,0.0,0.0,0,68484.0
0,tcp,http,SF,309,1307,0,0,1,0,0,0,0,3,0.0,0.0,0.0,0.0,1.0,0.0,0.0,3,255,1.0,0.0,0.33,0.04,0.0,0.0,0.0,0,109060.0
0,tcp,auth,S0,0,0,0,0,0,0,0,0,0,202,1.0,1.0,0.0,0.0,0.0,0.07,0.0,255,1,0.0,0.09,0.0,0.0,1.0,1.0,0.0,1,116034.0
0,tcp,auth,SF,9,36,0,0,1,0,0,0,0,1,0.0,0.0,0.0,0.0,1.0,0.0,0.0,116,8,0.04,0.04,0.01,0.25,0.0,0.0,0.0,0,75148.0
0,tcp,http_443,REJ,0,0,0,0,0,0,0,0,0,144,0.0,0.0,1.0,1.0,0.1,0.06,0.0,255,15,0.06,0.05,0.0,0.0,0.0,0.0,1.0,1,49093.0
0,icmp,eco_i,SF,8,0,0,0,0,0,0,0,0,1,0.0,0.0,0.0,0.0,1.0,0.0,1.0,1,3,1.0,0.0,1.0,0.67,0.0,0.0,0.0,1,23384.0
0,tcp,time,RSTR,0,0,0,0,0,0,0,0,0,1,0.0,0.0,1.0,1.0,1.0,0.0,0.0,255,1,0.0,0.16,0.15,0.0,0.0,0.0,1.0,1,308.0
0,tcp,auth,S0,0,0,0,0,0,0,0,0,0,207,1.0,1.0,0.0,0.0,0.01,0.07,0.0,255,3,0.01,0.07,0.0,0.0,1.0,1.0,0.0,1,122240.0
0,tcp,http,SF,230,9534,0,0,1,0,0,0,0,1,0.0,0.0,0.0,0.0,1.0,0.0,1.0,120,255,1.0,0.0,0.01,0.01,0.0,0.0,0.0,0,114869.0
0,tcp,private,S0,0,0,0,0,0,0,0,0,0,147,1.0,1.0,0.0,0.0,0.12,0.05,0.0,25,9,0.36,0.24,0.04,0.0,1.0,1.0,0.0,1,59852.0
0,tcp,http,SF,313,1292,0,0,1,0,0,0,0,7,0.0,0.0,0.0,0.0,1.0,0.0,0.22,64,255,1.0,0.0,0.02,0.05,0.0,0.0,0.0,0,20900.0
0,tcp,daytime,S0,0,0,0,0,0,0,0,0,0,269,1.0,1.0,0.0,0.0,0.07,0.07,0.0,255,19,0.07,0.08,0.0,0.0,1.0,1.0,0.0,1,21280.0
0,tcp,time,S0,0,0,0,0,0,0,0,0,0,244,1.0,1.0,0.0,0.0,0.08,0.06,0.0,255,1,0.0,0.08,0.0,0.0,1.0,1.0,0.0,1,62411.0
0,tcp,http,SF,311,9637,0,0,1,0,0,0,0,16,0.0,0.0,0.0,0.0,1.0,0.0,0.12,19,255,1.0,0.0,0.05,0.03,0.0,0.0,0.0,0,81488.0
0,tcp,http,SF,306,2507,0,0,1,0,0,0,0,9,0.0,0.0,0.0,0.1,1.0,0.0,0.2,255,250,0.98,0.01,0.0,0.0,0.0,0.0,0.0,0,102656.0
1,tcp,smtp,SF,598,328,0,0,1,0,0,0,0,1,0.0,0.0,0.0,0.0,1.0,0.0,1.0,223,168,0.72,0.03,0.0,0.01,0.0,0.0,0.0,0,112561.0
0,tcp,http,SF,229,306,0,0,1,0,0,0,0,3,0.0,0.0,0.0,0.0,1.0,0.0,0.2,19,255,1.0,0.0,0.05,0.06,0.0,0.0,0.0,0,22795.0
0,tcp,finger,S0,0,0,0,0,0,0,0,0,0,32,1.0,1.0,0.0,0.0,0.28,0.12,0.0,255,29,0.11,0.07,0.01,0.0,1.0,1.0,0.0,1,30249.0
0,icmp,ecr_i,SF,1032,0,0,0,0,0,0,0,0,508,0.0,0.0,0.0,0.0,1.0,0.0,0.0,255,81,0.32,0.04,0.32,0.0,0.1,0.0,0.0,1,118488.0
0,tcp,ftp_data,SF,246,0,0,0,1,0,0,0,0,1,0.0,0.0,0.0,0.0,1.0,0.0,0.0,1,35,1.0,0.0,1.0,0.17,0.0,0.03,0.0,1,30425.0
0,tcp,name,S0,0,0,0,0,0,0,0,0,0,242,1.0,1.0,0.0,0.0,0.02,0.05,0.0,255,4,0.02,0.06,0.0,0.0,1.0,1.0,0.0,1,111548.0
0,tcp,http,SF,280,944,0,0,1,0,0,0,0,2,0.0,0.0,0.0,0.0,1.0,0.0,0.44,174,255,1.0,0.0,0.01,0.01,0.0,0.0,0.0,0,11787.0
0,tcp,private,S0,0,0,0,0,0,0,0,0,0,203,1.0,1.0,0.0,0.0,0.1,0.06,0.0,255,7,0.03,0.08,0.0,0.0,1.0,1.0,0.0,1,106223.0
0,tcp,http,SF,316,434,0,0,1,0,0,0,0,30,0.0,0.0,0.0,0.0,1.0,0.0,0.09,255,255,1.0,0.0,0.0,0.0,0.0,0.0,0.0,0,79301.0
0,tcp,private,S0,0,0,0,0,0,0,0,0,0,61,1.0,1.0,0.0,0.0,0.18,0.1,0.0,255,15,0.06,0.08,0.0,0.0,1.0,1.0,0.0,1,57953.0
0,tcp,ftp_data,SF,59,0,0,0,1,0,0,0,0,12,0.0,0.0,0.0,0.0,1.0,0.0,0.0,255,131,0.51,0.04,0.53,0.0,0.0,0.0,0.0,0,79687.0
0,tcp,private,S0,0,0,0,0,0,0,0,0,0,86,1.0,1.0,0.0,0.0,0.14,0.06,0.0,255,2,0.01,0.07,0.0,0.0,1.0,1.0,0.0,1,28294.0
0,tcp,http,SF,311,858,0,0,1,0,0,0,0,33,0.0,0.0,0.0,0.0,1.0,0.0,0.0,128,255,1.0,0.0,0.01,0.03,0.0,0.0,0.0,0,46052.0
0,tcp,nnsp,S0,0,0,0,0,0,0,0,0,0,123,1.0,1.0,0.0,0.0,0.04,0.07,0.0,255,5,0.02,0.07,0.0,0.0,1.0,1.0,0.0,1,23774.0
0,tcp,private,S0,0,0,0,0,0,0,0,0,0,288,1.0,1.0,0.0,0.0,0.07,0.06,0.0,255,14,0.05,0.08,0.0,0.0,1.0,1.0,0.0,1,29555.0
0,icmp,ecr_i,SF,520,0,0,0,0,0,0,0,0,304,0.0,0.0,0.0,0.0,1.0,0.0,0.0,255,255,1.0,0.0,1.0,0.0,0.0,0.0,0.0,1,61463.0
0,icmp,ecr_i,SF,1480,0,1,0,0,0,0,0,0,2,0.0,0.0,0.0,0.0,1.0,0.0,0.5,3,20,0.67,0.67,0.67,0.5,0.0,0.0,0.0,1,86774.0
0,tcp,http,REJ,0,0,0,0,0,0,0,0,0,1,0.0,0.0,1.0,1.0,1.0,0.0,0.0,10,96,1.0,0.0,0.1,0.24,0.0,0.0,1.0,0,69035.0
0,udp,domain_u,SF,45,125,0,0,0,0,0,0,0,78,0.0,0.0,0.0,0.0,0.97,0.04,0.01,255,241,0.95,0.01,0.0,0.0,0.0,0.0,0.0,0,95827.0
0,icmp,ecr_i,SF,1480,0,1,0,0,0,0,0,0,1,0.0,0.0,0.0,0.0,1.0,0.0,0.67,3,13,0.33,0.67,0.33,0.54,0.0,0.0,0.0,1,20209.0
1,tcp,smtp,SF,1130,329,0,0,1,0,0,0,0,1,0.0,0.0,0.0,0.0,1.0,0.0,1.0,255,183,0.72,0.02,0.01,0.0,0.0,0.0,0.0,0,8839.0
0,udp,domain_u,SF,42,70,0,0,0,0,0,0,0,165,0.0,0.0,0.0,0.0,1.0,0.0,0.0,255,204,0.8,0.01,0.0,0.0,0.0,0.0,0.0,0,103229.0
0,tcp,vmnet,REJ,0,0,0,0,0,0,0,0,0,182,0.0,0.0,1.0,1.0,0.11,0.06,0.0,255,20,0.08,0.07,0.0,0.0,0.0,0.0,1.0,1,75077.0
0,tcp,http,SF,158,11415,0,0,1,0,0,0,0,2,0.0,0.0,0.0,0.0,1.0,0.0,0.0,255,255,1.0,0.0,0.0,0.0,0.0,0.0,0.0,0,78367.0
1,tcp,smtp,SF,1355,333,0,0,1,0,0,0,0,1,0.0,0.0,0.0,0.0,1.0,0.0,1.0,224,132,0.59,0.09,0.0,0.0,0.0,0.0,0.0,0,65568.0
0,tcp,ftp_data,SF,960,0,0,0,1,0,0,0,0,2,0.0,0.0,0.0,0.0,1.0,0.0,0.0,172,113,0.4,0.03,0.4,0.02,0.0,0.0,0.0,0,94371.0
0,tcp,auth,S0,0,0,0,0,0,0,0,0,0,255,1.0,1.0,0.0,0.0,0.04,0.06,0.0,255,10,0.04,0.07,0.0,0.0,1.0,1.0,0.0,1,16971.0
5,tcp,smtp,SF,675,331,0,0,1,0,0,0,0,1,0.0,0.0,0.0,0.0,1.0,0.0,0.0,86,177,0.67,0.05,0.01,0.01,0.0,0.0,0.0,0,120405.0
0,tcp,private,S0,0,0,0,0,0,0,0,0,0,260,1.0,1.0,0.0,0.0,0.03,0.06,0.0,255,20,0.08,0.05,0.0,0.0,1.0,1.0,0.0,1,10236.0
72,tcp,smtp,SF,1440,335,0,0,1,0,0,0,0,1,0.0,0.0,0.0,0.0,1.0,0.0,0.0,162,78,0.17,0.44,0.01,0.03,0.0,0.0,0.0,0,104502.0
0,icmp,eco_i,SF,8,0,0,0,0,0,0,0,0,1,0.0,0.0,0.0,0.0,1.0,0.0,1.0,3,67,1.0,0.0,1.0,0.25,0.0,0.0,0.0,1,44148.0
0,tcp,uucp,S0,0,0,0,0,0,0,0,0,0,103,1.0,1.0,0.0,0.0,0.03,0.07,0.0,255,3,0.01,0.06,0.0,0.0,1.0,1.0,0.0,1,1427.0
0,udp,domain_u,SF,46,46,0,0,0,0,0,0,0,4,0.0,0.0,0.0,0.0,1.0,0.0,0.22,255,255,1.0,0.0,0.0,0.0,0.0,0.0,0.0,0,80124.0
0,tcp,private,S0,0,0,0,0,0,0,0,0,0,111,1.0,1.0,0.0,0.0,0.05,0.06,0.0,255,6,0.02,0.07,0.0,0.0,1.0,1.0,0.0,1,18576.0
0,tcp,http,SF,345,1275,0,0,1,0,0,0,0,4,0.0,0.0,0.0,0.0,1.0,0.0,0.27,41,255,1.0,0.0,0.02,0.04,0.0,0.0,0.0,0,118495.0
0,udp,domain_u,SF,44,69,0,0,0,0,0,0,0,240,0.0,0.0,0.0,0.0,1.0,0.01,0.01,255,254,1.0,0.01,0.0,0.0,0.0,0.0,0.0,0,76461.0
0,tcp,http,SF,210,9454,0,0,1,0,0,0,0,3,0.0,0.0,0.0,0.0,1.0,0.0,0.0,3,255,1.0,0.0,0.33,0.02,0.0,0.0,0.0,0,105594.0
0,icmp,ecr_i,SF,1032,0,0,0,0,0,0,0,0,509,0.0,0.0,0.0,0.0,1.0,0.0,0.0,255,179,0.7,0.03,0.7,0.0,0.0,0.0,0.0,1,32353.0
0,tcp,ftp_data,SF,7162,0,0,0,1,0,0,0,0,8,0.0,0.0,0.0,0.0,1.0,0.0,0.0,16,79,0.88,0.12,0.88,0.03,0.0,0.0,0.0,0,61563.0
4,tcp,smtp,SF,1127,337,0,0,1,0,0,0,0,1,0.0,0.0,0.0,0.0,1.0,0.0,0.0,247,181,0.7,0.07,0.0,0.01,0.0,0.0,0.0,0,50896.0
0,tcp,private,S0,0,0,0,0,0,0,0,0,0,222,1.0,1.0,0.0,0.0,0.06,0.06,0.0,255,7,0.03,0.07,0.0,0.0,1.0,1.0,0.0,1,101264.0
0,tcp,ftp_data,SF,1830,0,0,0,0,0,0,0,0,5,0.0,0.0,0.0,0.0,1.0,0.0,0.0,223,75,0.2,0.03,0.2,0.03,0.0,0.0,0.0,0,93248.0
0,udp,domain_u,SF,46,129,0,0,0,0,0,0,0,119,0.0,0.0,0.0,0.0,0.99,0.02,0.01,255,214,0.84,0.02,0.0,0.0,0.0,0.0,0.0,0,61098.0
0,udp,domain_u,SF,46,46,0,0,0,0,0,0,0,126,0.0,0.0,0.0,0.0,1.0,0.0,0.02,246,181,0.74,0.02,0.01,0.0,0.0,0.0,0.0,0,25281.0
0,tcp,iso_tsap,S0,0,0,0,0,0,0,0,0,0,55,1.0,1.0,0.0,0.0,0.24,0.11,0.0,255,13,0.05,0.08,0.0,0.0,1.0,1.0,0.0,1,70062.0
0,tcp,ftp_data,SF,334,0,0,0,1,0,0,0,0,2,0.0,0.0,0.0,0.0,1.0,0.0,0.0,28,4,0.14,0.07,0.14,0.0,0.0,0.0,0.0,1,122306.0
0,udp,private,SF,105,145,0,0,0,0,0,0,0,4,0.0,0.0,0.0,0.0,0.25,0.5,0.0,130,126,0.97,0.02,0.01,0.0,0.0,0.0,0.0,0,85354.0
0,tcp,auth,SF,9,35,0,0,1,0,0,0,0,1,0.0,0.0,0.0,0.0,1.0,0.0,0.0,83,3,0.01,0.05,0.01,0.67,0.0,0.0,0.0,0,50408.0
0,tcp,private,REJ,0,0,0,0,0,0,0,0,0,246,0.0,0.0,1.0,1.0,0.08,0.06,0.0,255,19,0.07,0.07,0.0,0.0,0.0,0.0,1.0,1,13607.0
0,tcp,telnet,S0,0,0,0,0,0,0,0,0,0,52,0.98,1.0,0.02,0.0,0.23,0.1,0.0,255,32,0.13,0.05,0.01,0.0,1.0,1.0,0.0,1,25172.0
0,tcp,private,REJ,0,0,0,0,0,0,0,0,0,1,0.0,0.0,1.0,1.0,1.0,0.0,0.0,62,2,0.02,1.0,0.02,1.0,0.0,0.0,1.0,1,616.0
0,tcp,http,SF,203,18279,0,0,1,0,0,0,0,1,0.0,0.0,0.0,0.0,1.0,0.0,0.0,31,255,1.0,0.0,0.03,0.07,0.0,0.0,0.0,0,66018.0
0,tcp,ftp_data,SF,10406,0,0,0,1,0,0,0,0,1,0.0,0.0,0.0,0.0,1.0,0.0,0.0,163,113,0.33,0.03,0.33,0.02,0.0,0.0,0.0,0,68328.0
7,tcp,smtp,SF,1619,333,0,0,1,0,0,0,0,1,0.0,0.0,0.0,0.0,1.0,0.0,1.0,113,199,0.88,0.04,0.01,0.01,0.0,0.0,0.0,0,30588.0
0,udp,domain_u,SF,35,95,0,0,0,0,0,0,0,1,0.0,0.0,0.0,0.0,1.0,0.0,1.0,121,112,0.93,0.02,0.01,0.0,0.0,0.0,0.0,0,109502.0
0,tcp,whois,S0,0,0,0,0,0,0,0,0,0,215,1.0,1.0,0.0,0.0,0.05,0.06,0.0,255,11,0.04,0.07,0.0,0.0,1.0,1.0,0.0,1,114670.0
0,tcp,smtp,SF,1445,329,0,0,1,0,0,0,1,1,0.0,0.0,0.0,0.0,1.0,0.0,0.0,44,41,0.93,0.07,0.02,0.0,0.0,0.0,0.0,0,6039.0
0,tcp,private,S0,0,0,0,0,0,0,0,0,0,295,1.0,1.0,0.0,0.0,0.01,0.06,0.0,255,3,0.01,0.08,0.0,0.0,1.0,1.0,0.0,1,125922.0
0,icmp,ecr_i,SF,30,0,0,0,0,0,0,0,0,1,0.0,0.0,0.0,0.0,1.0,0.0,0.0,206,206,1.0,0.0,1.0,0.0,0.0,0.0,0.0,0,101864.0
0,udp,private,SF,215,0,0,0,0,0,0,0,0,1,0.0,0.0,0.0,0.0,1.0,0.0,0.0,135,111,0.82,0.01,0.82,0.0,0.0,0.0,0.0,1,101979.0
0,tcp,private,S0,0,0,0,0,0,0,0,0,0,158,1.0,1.0,0.0,0.0,0.13,0.06,0.0,255,4,0.02,0.07,0.0,0.0,1.0,1.0,0.0,1,79922.0
4,tcp,smtp,SF,1162,279,0,0,1,0,0,0,0,1,0.0,0.0,0.0,0.0,1.0,0.0,0.0,184,124,0.67,0.03,0.01,0.0,0.01,0.0,0.0,0,46402.0
0,tcp,kshell,REJ,0,0,0,0,0,0,0,0,0,143,0.0,0.0,1.0,1.0,0.1,0.06,0.0,255,10,0.04,0.06,0.0,0.0,0.0,0.0,1.0,1,63313.0
0,tcp,private,S0,0,0,0,0,0,0,0,0,0,79,1.0,1.0,0.0,0.0,0.19,0.06,0.0,255,1,0.0,0.08,0.0,0.0,1.0,1.0,0.0,1,2370.0
0,tcp,http,SF,293,27859,0,0,1,0,0,0,0,20,0.0,0.0,0.0,0.0,1.0,0.0,0.07,20,255,1.0,0.0,0.05,0.04,0.0,0.0,0.0,0,121937.0
0,tcp,http,SF,217,1039,0,0,1,0,0,0,0,6,0.0,0.0,0.0,0.0,1.0,0.0,0.25,255,255,1.0,0.0,0.0,0.0,0.0,0.0,0.0,0,19974.0
0,tcp,http,SF,349,1437,0,0,1,0,0,0,0,12,0.0,0.0,0.0,0.0,1.0,0.0,0.0,29,255,1.0,0.0,0.03,0.04,0.0,0.0,0.0,0,121902.0
0,tcp,smtp,SF,1077,387,0,0,1,0,0,0,0,1,0.0,0.0,0.0,0.0,1.0,0.0,0.0,255,47,0.18,0.08,0.0,0.0,0.67,0.0,0.0,0,58699.0
0,tcp,http,SF,294,256,0,0,1,0,0,0,0,1,0.0,0.0,0.0,0.0,1.0,0.0,0.0,255,240,0.94,0.02,0.0,0.0,0.0,0.0,0.0,0,30499.0
0,icmp,eco_i,SF,8,0,0,0,0,0,0,0,0,1,0.0,0.0,0.0,0.0,1.0,0.0,1.0,2,210,1.0,0.0,1.0,0.5,0.0,0.0,0.0,1,63872.0
0,tcp,uucp,S0,0,0,0,0,0,0,0,0,0,105,1.0,1.0,0.0,0.0,0.05,0.07,0.0,255,5,0.02,0.07,0.0,0.0,1.0,1.0,0.0,1,67297.0
1,tcp,smtp,SF,1325,402,0,0,1,0,0,0,0,1,0.0,0.0,0.0,0.0,1.0,0.0,1.0,8,8,1.0,0.0,0.12,0.0,0.0,0.0,0.0,0,93889.0
0,tcp,other,S0,0,0,0,0,0,0,0,0,0,429,0.07,1.0,0.9,0.0,0.0,1.0,0.0,255,1,0.0,1.0,0.0,0.0,0.09,1.0,0.0,1,43105.0
0,tcp,other,REJ,0,0,0,0,0,0,0,0,0,365,0.06,0.0,0.91,1.0,0.0,1.0,0.0,255,1,0.0,1.0,0.0,0.0,0.08,0.0,1.0,1,52201.0
0,udp,other,SF,516,4,0,0,0,0,0,0,0,312,0.0,0.0,0.0,0.0,1.0,0.0,0.0,255,255,1.0,0.0,1.0,0.0,0.0,0.0,0.0,0,109149.0
0,tcp,http,SF,259,14271,0,0,1,0,0,0,0,1,0.0,0.0,0.0,0.0,1.0,0.0,0.18,1,255,1.0,0.0,1.0,0.01,0.0,0.0,0.0,0,34668.0
0,icmp,eco_i,SF,8,0,0,0,0,0,0,0,0,1,0.0,0.0,0.0,0.0,1.0,0.0,1.0,1,121,1.0,0.0,1.0,0.5,0.0,0.0,0.0,1,36347.0
0,tcp,private,S0,0,0,0,0,0,0,0,0,0,184,1.0,1.0,0.0,0.0,0.01,0.08,0.0,255,1,0.0,0.07,0.0,0.0,1.0,1.0,0.0,1,120884.0
0,tcp,ftp_data,SF,252,0,0,0,1,0,0,0,0,2,0.0,0.0,0.0,0.0,1.0,0.0,0.0,8,7,0.38,0.25,0.38,0.29,0.0,0.0,0.0,0,101488.0
0,udp,domain_u,SF,44,73,0,0,0,0,0,0,0,166,0.0,0.0,0.0,0.0,1.0,0.0,0.0,255,255,1.0,0.0,0.01,0.0,0.0,0.0,0.0,0,79758.0
0,udp,domain_u,SF,45,125,0,0,0,0,0,0,0,262,0.0,0.0,0.0,0.0,1.0,0.0,0.01,255,219,0.86,0.01,0.0,0.0,0.0,0.0,0.0,0,123900.0
0,tcp,http,SF,54540,8314,0,2,1,1,0,0,0,4,0.0,0.0,0.0,0.0,1.0,0.0,0.0,25,25,1.0,0.0,0.04,0.0,0.0,0.0,0.04,1,116256.0
0,tcp,http,SF,238,249,0,0,1,0,0,0,0,44,0.0,0.0,0.0,0.0,1.0,0.0,0.0,255,255,1.0,0.0,0.0,0.0,0.0,0.0,0.0,0,70113.0
0,tcp,smtp,SF,842,334,0,0,1,0,0,0,0,1,0.0,0.0,0.0,0.0,1.0,0.0,0.0,214,171,0.67,0.03,0.0,0.01,0.0,0.0,0.0,0,56186.0
0,icmp,ecr_i,SF,64,0,0,0,0,0,0,0,0,2,0.0,0.0,0.0,0.0,1.0,0.0,0.0,255,2,0.01,0.02,0.01,0.0,0.0,0.0,0.0,0,45912.0
0,tcp,http,SF,235,894,0,0,1,0,0,0,0,2,0.0,0.0,0.0,0.0,1.0,0.0,0.38,127,255,1.0,0.0,0.01,0.02,0.0,0.0,0.0,0,31062.0
0,tcp,http,SF,200,1198,0,0,1,0,0,0,0,10,0.0,0.0,0.0,0.0,1.0,0.0,0.12,255,255,1.0,0.0,0.0,0.0,0.0,0.0,0.0,0,53272.0
0,tcp,http,SF,303,1547,0,0,1,0,0,0,0,17,0.0,0.0,0.0,0.0,1.0,0.0,0.0,255,255,1.0,0.0,0.0,0.0,0.0,0.0,0.0,0,6396.0
0,tcp,http,SF,252,2291,0,0,1,0,0,0,0,8,0.0,0.0,0.0,0.0,1.0,0.0,0.0,255,255,1.0,0.0,0.0,0.0,0.0,0.0,0.0,0,84562.0
0,tcp,telnet,S0,0,0,0,0,0,0,0,0,0,44,1.0,1.0,0.0,0.0,0.23,0.09,0.0,124,31,0.24,0.03,0.02,0.06,1.0,0.97,0.0,1,77224.0
0,tcp,whois,S0,0,0,0,0,0,0,0,0,0,103,1.0,1.0,0.0,0.0,0.03,0.07,0.0,255,3,0.01,0.07,0.0,0.0,1.0,1.0,0.0,1,99279.0
0,tcp,finger,S0,0,0,0,0,0,0,0,0,0,60,1.0,1.0,0.0,0.0,0.25,0.07,0.0,142,38,0.25,0.03,0.02,0.05,0.99,0.92,0.0,1,93036.0
0,tcp,http,SF,319,176,0,0,1,0,0,0,0,19,0.05,0.02,0.0,0.02,1.0,0.0,0.1,134,255,1.0,0.0,0.01,0.02,0.01,0.01,0.0,0,14516.0
0,tcp,finger,S0,0,0,0,0,0,0,0,0,0,269,1.0,1.0,0.0,0.0,0.07,0.06,0.0,255,19,0.07,0.06,0.0,0.0,1.0,1.0,0.0,1,64364.0
0,tcp,http,SF,354,361,0,0,1,0,0,0,0,4,0.0,0.0,0.0,0.0,1.0,0.0,0.0,255,255,1.0,0.0,0.0,0.0,0.0,0.0,0.01,0,8003.0
0,tcp,http,SF,218,4128,0,0,1,0,0,0,0,8,0.0,0.0,0.0,0.0,1.0,0.0,0.0,82,255,1.0,0.0,0.01,0.04,0.0,0.0,0.0,0,122778.0
0,tcp,http,SF,267,388,0,0,1,0,0,0,0,9,0.0,0.0,0.0,0.0,1.0,0.0,0.0,255,255,1.0,0.0,0.0,0.0,0.0,0.0,0.0,0,91516.0
0,udp,domain_u,SF,44,136,0,0,0,0,0,0,0,68,0.0,0.0,0.0,0.0,1.0,0.0,0.01,255,255,1.0,0.0,0.0,0.0,0.0,0.0,0.0,0,105608.0
0,tcp,http,SF,199,9016,0,0,1,0,0,0,0,1,0.0,0.0,0.0,0.0,1.0,0.0,0.0,1,255,1.0,0.0,1.0,0.04,0.0,0.0,0.0,0,92898.0
0,tcp,private,S0,0,0,0,0,0,0,0,0,0,102,1.0,1.0,0.0,0.0,0.19,0.06,0.0,255,15,0.06,0.09,0.0,0.0,1.0,1.0,0.0,1,87496.0
0,tcp,finger,S0,0,0,0,0,0,0,0,0,0,27,1.0,1.0,0.0,0.0,0.26,0.07,0.0,255,7,0.03,0.07,0.02,0.0,1.0,1.0,0.0,1,76999.0
0,tcp,http,S0,0,0,0,0,0,0,0,0,0,25,1.0,1.0,0.0,0.0,0.52,0.16,0.0,255,53,0.21,0.03,0.01,0.0,1.0,1.0,0.0,1,101524.0
0,tcp,ftp_data,S0,0,0,0,0,0,0,0,0,0,234,1.0,0.94,0.0,0.0,0.07,0.06,0.11,255,5,0.02,0.07,0.0,0.0,1.0,1.0,0.0,1,48338.0
0,udp,domain_u,SF,29,0,0,0,0,0,0,0,0,1,0.0,0.0,0.0,0.0,1.0,0.0,1.0,36,81,0.14,0.11,0.14,0.04,0.0,0.0,0.0,0,83536.0
0,udp,private,SF,105,146,0,0,0,0,0,0,0,7,0.0,0.0,0.0,0.0,0.14,0.29,0.0,255,235,0.92,0.01,0.01,0.0,0.0,0.0,0.0,0,68489.0
0,tcp,auth,S0,0,0,0,0,0,0,0,0,0,253,1.0,1.0,0.0,0.0,0.0,0.07,0.0,255,1,0.0,0.08,0.0,0.0,1.0,1.0,0.0,1,107953.0
0,tcp,http,SF,252,2795,0,0,1,0,0,0,0,5,0.0,0.0,0.0,0.0,1.0,0.0,0.0,42,255,1.0,0.0,0.02,0.06,0.0,0.0,0.0,0,921.0
0,tcp,http,SF,273,8313,0,0,1,0,0,0,0,1,0.0,0.0,0.0,0.0,1.0,0.0,0.0,199,255,1.0,0.0,0.01,0.01,0.0,0.0,0.0,0,51635.0
0,tcp,http,SF,206,1049,0,0,1,0,0,0,0,11,0.0,0.0,0.0,0.0,1.0,0.0,0.0,82,255,1.0,0.0,0.01,0.03,0.0,0.0,0.0,0,55510.0
2,tcp,ftp_data,SF,2194619,0,0,0,1,0,0,0,0,2,0.0,0.0,0.0,0.0,0.5,1.0,0.0,30,83,0.37,0.07,0.37,0.02,0.0,0.0,0.0,0,28433.0
0,tcp,http,SF,309,1395,0,0,1,0,0,0,0,27,0.0,0.0,0.0,0.0,1.0,0.0,0.07,255,255,1.0,0.0,0.0,0.0,0.0,0.0,0.0,0,98413.0
0,tcp,http,SF,377,457,0,0,1,0,0,0,0,2,0.0,0.0,0.0,0.0,1.0,0.0,0.11,30,255,1.0,0.0,0.03,0.04,0.0,0.0,0.0,0,75271.0
0,udp,domain_u,SF,44,160,0,0,0,0,0,0,0,76,0.0,0.0,0.0,0.0,1.0,0.0,0.01,255,254,1.0,0.01,0.0,0.0,0.0,0.0,0.0,0,29242.0
0,tcp,http,SF,157,3435,0,0,1,0,0,0,0,2,0.0,0.0,0.0,0.0,1.0,0.0,0.0,2,2,1.0,0.0,0.5,0.0,0.0,0.0,0.0,0,71265.0
0,tcp,private,S0,0,0,0,0,0,0,0,0,0,143,1.0,1.0,0.0,0.0,0.08,0.06,0.0,74,8,0.11,0.15,0.01,0.0,1.0,1.0,0.0,1,66963.0
0,tcp,Z39_50,S0,0,0,0,0,0,0,0,0,0,234,1.0,1.0,0.0,0.0,0.02,0.06,0.0,255,5,0.02,0.07,0.0,0.0,1.0,1.0,0.0,1,47354.0
0,tcp,http,REJ,0,0,0,0,0,0,0,0,0,1,0.0,0.0,1.0,1.0,1.0,0.0,1.0,3,94,1.0,0.0,0.33,0.18,0.0,0.0,1.0,0,99942.0
0,tcp,pop_3,S0,0,0,0,0,0,0,0,0,0,231,1.0,1.0,0.0,0.0,0.08,0.06,0.0,255,9,0.04,0.08,0.0,0.0,1.0,1.0,0.0,1,69087.0
0,tcp,netbios_ns,REJ,0,0,0,0,0,0,0,0,0,159,0.0,0.0,1.0,1.0,0.03,0.08,0.0,255,4,0.02,0.07,0.0,0.0,0.0,0.0,1.0,1,21085.0
0,tcp,link,REJ,0,0,0,0,0,0,0,0,0,122,0.0,0.0,1.0,1.0,0.07,0.07,0.0,255,9,0.04,0.08,0.0,0.0,0.0,0.0,1.0,1,65554.0
0,tcp,gopher,S0,0,0,0,0,0,0,0,0,0,238,1.0,1.0,0.0,0.0,0.01,0.07,0.0,255,3,0.01,0.08,0.0,0.0,1.0,1.0,0.0,1,7060.0
0,tcp,finger,S0,0,0,0,0,0,0,0,0,0,282,1.0,1.0,0.0,0.0,0.03,0.06,0.0,255,8,0.03,0.09,0.0,0.0,1.0,1.0,0.0,1,33046.0
0,udp,domain_u,SF,46,46,0,0,0,0,0,0,0,17,0.0,0.0,0.0,0.0,1.0,0.0,0.1,255,254,1.0,0.01,0.0,0.0,0.0,0.0,0.0,0,78108.0
0,icmp,ecr_i,SF,30,0,0,0,0,0,0,0,0,2,0.0,0.0,0.0,0.0,1.0,0.0,0.0,177,177,1.0,0.0,1.0,0.0,0.0,0.0,0.0,0,116512.0
0,tcp,http,SF,251,261,0,0,1,0,0,0,0,30,0.0,0.0,0.0,0.0,1.0,0.0,0.06,255,255,1.0,0.0,0.0,0.0,0.0,0.0,0.0,0,59622.0
0,tcp,http,SF,242,7892,0,0,1,0,0,0,0,14,0.0,0.0,0.0,0.0,1.0,0.0,0.13,134,255,1.0,0.0,0.01,0.02,0.0,0.0,0.0,0,49169.0
0,tcp,daytime,S0,0,0,0,0,0,0,0,0,0,142,1.0,1.0,0.0,0.0,0.03,0.08,0.0,255,4,0.02,0.07,0.0,0.0,1.0,1.0,0.0,1,117259.0
18396,tcp,IRC,RSTR,3088,11688,0,0,0,0,0,0,0,2,0.0,0.0,0.5,1.0,0.5,1.0,0.0,29,7,0.24,0.07,0.03,0.0,0.0,0.0,1.0,0,71394.0
0,tcp,remote_job,S0,0,0,0,0,0,0,0,0,0,273,1.0,1.0,0.0,0.0,0.03,0.06,0.0,255,9,0.04,0.07,0.0,0.0,1.0,1.0,0.0,1,13080.0
0,tcp,systat,S0,0,0,0,0,0,0,0,0,0,261,1.0,1.0,0.0,0.0,0.07,0.05,0.0,255,18,0.07,0.05,0.0,0.0,1.0,1.0,0.0,1,33222.0
0,tcp,other,SF,3775,0,0,0,0,0,0,0,0,22,0.05,0.0,0.0,0.0,0.05,0.77,0.0,194,1,0.01,0.1,0.41,0.0,0.01,0.0,0.0,0,85999.0
0,icmp,eco_i,SF,18,0,0,0,0,0,0,0,0,1,0.0,0.0,0.0,0.0,1.0,0.0,1.0,1,38,1.0,0.0,1.0,1.0,0.0,0.0,0.0,1,112277.0
0,icmp,urp_i,SF,37,0,0,0,0,0,0,0,0,3,0.0,0.0,0.0,0.0,1.0,0.0,0.0,6,3,0.5,0.5,0.67,0.0,0.0,0.0,0.0,1,9972.0
0,tcp,telnet,S0,0,0,0,0,0,0,0,0,0,38,0.97,1.0,0.03,0.0,0.26,0.13,0.0,255,43,0.17,0.05,0.02,0.0,1.0,1.0,0.0,1,40806.0
0,tcp,ftp_data,SF,16787,0,0,0,1,0,0,0,0,12,0.0,0.0,0.0,0.0,1.0,0.0,0.0,184,148,0.65,0.03,0.65,0.01,0.0,0.0,0.0,0,54817.0
0,tcp,supdup,S0,0,0,0,0,0,0,0,0,0,268,1.0,1.0,0.0,0.0,0.01,0.06,0.0,255,3,0.01,0.06,0.0,0.0,1.0,1.0,0.0,1,22701.0
4,udp,private,SF,105,146,0,0,0,0,0,0,0,2,0.0,0.0,0.0,0.0,1.0,0.0,0.0,255,240,0.94,0.01,0.01,0.0,0.0,0.0,0.0,0,54356.0
0,tcp,http,REJ,0,0,0,0,0,0,0,0,0,1,0.0,0.0,1.0,1.0,1.0,0.0,0.0,59,255,1.0,0.0,0.02,0.11,0.0,0.0,0.91,0,123397.0
0,icmp,ecr_i,SF,520,0,0,0,0,0,0,0,0,434,0.0,0.0,0.0,0.0,1.0,0.0,0.0,31,31,1.0,0.0,1.0,0.0,0.0,0.0,0.0,1,77601.0
0,tcp,courier,REJ,0,0,0,0,0,0,0,0,0,118,0.0,0.0,1.0,1.0,0.14,0.07,0.0,255,16,0.06,0.07,0.0,0.0,0.0,0.0,1.0,1,29224.0
0,tcp,uucp,RSTR,0,0,0,0,0,0,0,0,0,1,0.0,0.0,1.0,1.0,1.0,0.0,0.0,255,1,0.0,1.0,1.0,0.0,0.0,0.0,1.0,1,106577.0
0,tcp,mtp,S0,0,0,0,0,0,0,0,0,0,203,1.0,1.0,0.0,0.0,0.06,0.07,0.0,255,12,0.05,0.08,0.0,0.0,1.0,1.0,0.0,1,86612.0
0,udp,domain_u,SF,43,68,0,0,0,0,0,0,0,205,0.0,0.0,0.0,0.0,1.0,0.0,0.01,255,217,0.85,0.01,0.01,0.0,0.0,0.0,0.0,0,69833.0
0,tcp,ftp_data,SF,334,0,0,0,1,0,0,0,0,1,0.0,0.0,0.0,0.0,1.0,0.0,0.0,9,19,1.0,0.0,1.0,0.16,0.0,0.0,0.0,1,123658.0
0,tcp,http,SF,243,863,0,0,1,0,0,0,0,2,0.0,0.0,0.0,0.0,1.0,0.0,0.0,2,2,1.0,0.0,0.5,0.0,0.0,0.0,0.0,0,40964.0
0,tcp,private,S0,0,0,0,0,0,0,0,0,0,114,1.0,1.0,0.0,0.0,0.22,0.06,0.0,255,25,0.1,0.05,0.0,0.0,1.0,1.0,0.0,1,7043.0
0,tcp,http,SF,342,3235,0,0,1,0,0,0,0,15,0.0,0.0,0.0,0.0,1.0,0.0,0.0,79,255,1.0,0.0,0.01,0.02,0.0,0.0,0.0,0,28361.0
1,tcp,smtp,SF,2482,330,0,0,1,0,0,0,0,1,0.0,0.0,0.0,0.0,1.0,0.0,0.0,255,134,0.53,0.03,0.0,0.0,0.01,0.02,0.0,0,50458.0
0,tcp,http,SF,301,557,0,0,1,0,0,0,0,30,0.0,0.0,0.0,0.0,1.0,0.0,0.11,255,255,1.0,0.0,0.0,0.0,0.0,0.0,0.0,0,124575.0
0,tcp,vmnet,REJ,0,0,0,0,0,0,0,0,0,171,0.0,0.0,1.0,1.0,0.08,0.06,0.0,255,13,0.05,0.07,0.0,0.0,0.0,0.0,1.0,1,124477.0
0,tcp,http,SF,257,1387,0,0,1,0,0,0,0,8,0.0,0.0,0.0,0.0,1.0,0.0,0.0,180,255,1.0,0.0,0.01,0.02,0.0,0.0,0.0,0,34805.0
0,tcp,private,S0,0,0,0,0,0,0,0,0,0,15,1.0,1.0,0.0,0.0,0.27,0.4,0.0,255,11,0.04,0.08,0.0,0.0,1.0,1.0,0.0,1,44935.0
0,tcp,http,SF,200,1449,0,0,1,0,0,0,0,2,0.0,0.0,0.0,0.0,1.0,0.0,0.0,2,2,1.0,0.0,0.5,0.0,0.0,0.0,0.0,0,16737.0
0,udp,private,SF,1,0,0,0,0,0,0,0,0,7,0.0,0.0,0.0,0.0,1.0,0.0,0.0,255,7,0.03,0.53,0.52,0.0,0.04,0.0,0.0,1,25751.0
1,tcp,smtp,SF,1254,404,0,0,1,0,0,0,0,1,0.0,0.0,0.0,0.0,1.0,0.0,0.0,16,245,0.94,0.12,0.06,0.02,0.0,0.0,0.0,0,91933.0
0,tcp,private,S0,0,0,0,0,0,0,0,0,0,270,1.0,1.0,0.0,0.0,0.09,0.05,0.0,211,25,0.12,0.07,0.0,0.0,0.93,1.0,0.0,1,124202.0
0,tcp,private,S0,0,0,0,0,0,0,0,0,0,135,1.0,1.0,0.0,0.0,0.13,0.06,0.0,255,26,0.1,0.06,0.0,0.0,1.0,1.0,0.0,1,15288.0
0,tcp,http,SF,207,2302,0,0,1,0,0,0,0,23,0.0,0.0,0.0,0.0,1.0,0.0,0.0,255,255,1.0,0.0,0.0,0.0,0.0,0.0,0.0,0,93993.0
0,tcp,smtp,SF,790,328,0,0,1,0,0,0,0,2,0.0,0.0,0.0,0.0,0.5,1.0,0.0,130,224,0.95,0.02,0.01,0.01,0.0,0.0,0.0,0,92768.0
0,tcp,ftp_data,SF,245,0,0,0,0,0,0,0,0,3,0.0,0.0,0.0,0.0,0.67,0.67,0.0,99,68,0.32,0.06,0.32,0.03,0.0,0.0,0.0,0,168.0
0,udp,domain_u,SF,44,138,0,0,0,0,0,0,0,137,0.0,0.0,0.0,0.0,1.0,0.0,0.02,255,192,0.75,0.01,0.0,0.0,0.0,0.0,0.0,0,84808.0
0,tcp,http,SF,315,2108,0,0,1,0,0,0,0,22,0.0,0.0,0.0,0.0,1.0,0.0,0.0,69,255,1.0,0.0,0.01,0.05,0.0,0.0,0.0,0,8898.0
0,tcp,private,S0,0,0,0,0,0,0,0,0,0,13,1.0,1.0,0.0,0.0,0.38,0.38,0.0,255,5,0.02,0.08,0.0,0.0,1.0,1.0,0.0,1,13744.0
0,tcp,uucp_path,S0,0,0,0,0,0,0,0,0,0,255,1.0,1.0,0.0,0.0,0.03,0.06,0.0,255,13,0.05,0.07,0.0,0.0,1.0,1.0,0.0,1,31117.0
0,tcp,private,S0,0,0,0,0,0,0,0,0,0,257,1.0,1.0,0.0,0.0,0.06,0.06,0.0,255,6,0.02,0.07,0.0,0.0,1.0,1.0,0.0,1,33202.0
0,tcp,http,SF,296,1926,0,0,1,0,0,0,0,2,0.0,0.0,0.0,0.0,1.0,0.0,0.0,2,255,1.0,0.0,0.5,0.02,0.0,0.01,0.0,0,29265.0
0,tcp,ftp,S0,0,0,0,0,0,0,0,0,0,299,1.0,1.0,0.0,0.0,0.07,0.06,0.0,255,20,0.08,0.07,0.0,0.0,1.0,1.0,0.0,1,70654.0
0,tcp,private,S0,0,0,0,0,0,0,0,0,0,267,1.0,1.0,0.0,0.0,0.01,0.06,0.0,255,19,0.07,0.07,0.0,0.0,1.0,1.0,0.0,1,122002.0
0,tcp,finger,S0,0,0,0,0,0,0,0,0,0,201,1.0,1.0,0.0,0.0,0.0,0.06,0.0,255,11,0.04,0.07,0.0,0.0,1.0,1.0,0.0,1,47393.0
0,tcp,http,SF,249,581,0,0,1,0,0,0,0,10,0.0,0.0,0.0,0.0,1.0,0.0,0.06,255,255,1.0,0.0,0.0,0.0,0.0,0.0,0.0,0,124253.0
0,tcp,http,SF,203,1509,0,0,1,0,0,0,0,6,0.0,0.0,0.0,0.0,1.0,0.0,0.33,255,255,1.0,0.0,0.0,0.0,0.0,0.0,0.0,0,101562.0
0,tcp,http,SF,223,857,0,0,1,0,0,0,0,16,0.0,0.0,0.0,0.0,1.0,0.0,0.0,43,255,1.0,0.0,0.02,0.04,0.0,0.0,0.0,0,118194.0
0,tcp,auth,S0,0,0,0,0,0,0,0,0,0,199,1.0,1.0,0.0,0.0,0.01,0.06,0.0,255,1,0.0,0.05,0.0,0.0,1.0,1.0,0.0,1,75774.0
0,icmp,eco_i,SF,8,0,0,0,0,0,0,0,0,1,0.0,0.0,0.0,0.0,1.0,0.0,1.0,1,255,1.0,0.0,1.0,0.5,0.0,0.0,0.0,1,5244.0
0,tcp,pop_3,S0,0,0,0,0,0,0,0,0,0,240,1.0,1.0,0.0,0.0,0.03,0.05,0.0,255,8,0.03,0.06,0.0,0.0,1.0,1.0,0.0,1,67527.0
0,tcp,http,SF,222,645,0,0,1,0,0,0,0,26,0.0,0.0,0.0,0.0,1.0,0.0,0.0,26,255,1.0,0.0,0.04,0.01,0.0,0.01,0.0,0,35017.0
0,tcp,http,SF,293,3542,0,0,1,0,0,0,0,15,0.0,0.0,0.0,0.0,1.0,0.0,0.0,255,255,1.0,0.0,0.0,0.0,0.01,0.01,0.0,0,21608.0
0,tcp,http,SF,318,501,0,0,1,0,0,0,0,13,0.0,0.0,0.0,0.0,1.0,0.0,0.0,28,255,1.0,0.0,0.04,0.02,0.0,0.0,0.0,0,121730.0
0,tcp,smtp,SF,1313,283,0,0,1,0,0,0,0,2,0.0,0.0,0.0,0.0,0.5,1.0,0.0,244,145,0.56,0.03,0.0,0.01,0.0,0.01,0.0,0,30497.0
0,tcp,http,SF,208,1425,0,0,1,0,0,0,0,7,0.0,0.0,0.0,0.0,1.0,0.0,0.0,7,255,1.0,0.0,0.14,0.01,0.0,0.0,0.0,0,92154.0
0,tcp,link,S0,0,0,0,0,0,0,0,0,0,188,1.0,1.0,0.0,0.0,0.09,0.07,0.0,255,17,0.07,0.07,0.0,0.0,1.0,1.0,0.0,1,60702.0
2,tcp,ftp_data,SF,2194619,0,0,0,0,0,0,0,0,2,0.0,0.0,0.0,0.0,1.0,0.0,0.0,75,41,0.4,0.07,0.4,0.05,0.0,0.0,0.0,0,109206.0
0,tcp,http,SF,179,581,0,0,1,0,0,0,0,12,0.0,0.0,0.0,0.0,1.0,0.0,0.0,12,255,1.0,0.0,0.08,0.05,0.0,0.0,0.0,0,51593.0
0,tcp,ftp_data,S0,0,0,0,0,0,0,0,0,0,19,1.0,1.0,0.0,0.0,0.47,0.11,0.0,255,57,0.22,0.02,0.0,0.0,1.0,1.0,0.0,1,69398.0
0,udp,domain_u,SF,45,123,0,0,0,0,0,0,0,139,0.0,0.0,0.0,0.0,1.0,0.0,0.01,255,255,1.0,0.0,0.0,0.0,0.0,0.0,0.0,0,99312.0
0,tcp,nnsp,S0,0,0,0,0,0,0,0,0,0,95,1.0,1.0,0.0,0.0,0.01,0.07,0.0,255,1,0.0,0.06,0.0,0.0,1.0,1.0,0.0,1,72185.0
0,tcp,http,SF,369,238,0,0,1,0,0,0,0,3,0.0,0.0,0.0,0.0,1.0,0.0,0.4,3,255,1.0,0.0,0.33,0.04,0.0,0.0,0.0,0,68134.0
0,tcp,hostnames,REJ,0,0,0,0,0,0,0,0,0,2,0.0,0.0,1.0,1.0,0.5,1.0,0.0,255,1,0.0,0.53,0.47,0.0,0.05,0.0,1.0,1,46648.0
0,icmp,ecr_i,SF,520,0,0,0,0,0,0,0,0,426,0.0,0.0,0.0,0.0,1.0,0.0,0.0,255,255,1.0,0.0,1.0,0.0,0.0,0.0,0.0,1,83527.0
0,tcp,http,SF,212,2120,0,0,1,0,0,0,0,12,0.0,0.0,0.0,0.0,1.0,0.0,0.0,255,255,1.0,0.0,0.0,0.0,0.0,0.0,0.0,0,4051.0
0,tcp,ftp_data,SF,259,0,0,0,0,0,0,0,0,2,0.0,0.0,0.0,0.0,1.0,0.0,0.0,255,110,0.43,0.02,0.43,0.0,0.0,0.0,0.0,0,60695.0
0,tcp,http,SF,269,5721,0,0,1,0,0,0,0,9,0.0,0.0,0.0,0.0,1.0,0.0,0.0,255,255,1.0,0.0,0.0,0.0,0.0,0.0,0.0,0,38390.0
0,tcp,http,SF,254,3544,0,0,1,0,0,0,0,4,0.0,0.0,0.0,0.0,1.0,0.0,0.0,255,255,1.0,0.0,0.0,0.0,0.0,0.0,0.0,0,8155.0
0,tcp,http,SF,225,52866,0,0,1,0,0,0,0,2,0.0,0.0,0.0,0.12,1.0,0.0,0.25,137,255,1.0,0.0,0.01,0.02,0.0,0.0,0.0,0,125933.0
0,tcp,http,SF,212,5790,0,0,1,0,0,0,0,6,0.0,0.0,0.0,0.0,1.0,0.0,0.0,72,255,1.0,0.0,0.01,0.02,0.0,0.0,0.0,0,15876.0
0,tcp,ftp_data,SF,6062,0,0,0,1,0,0,0,0,14,0.0,0.0,0.0,0.0,1.0,0.0,0.0,162,45,0.28,0.02,0.28,0.0,0.0,0.0,0.0,0,13984.0
0,tcp,other,REJ,0,0,0,0,0,0,0,0,0,509,0.17,0.0,0.83,1.0,0.0,1.0,0.0,255,1,0.0,1.0,0.0,0.0,0.08,0.0,1.0,1,21512.0
0,tcp,http,SF,237,2698,0,0,1,0,0,0,1,1,0.0,0.0,0.0,0.0,1.0,0.0,0.0,255,251,0.98,0.01,0.0,0.0,0.0,0.0,0.0,0,96863.0
0,tcp,smtp,SF,1500,391,0,0,1,0,0,0,0,1,0.0,0.0,0.0,0.0,1.0,0.0,0.0,255,5,0.02,0.02,0.0,0.0,0.98,0.0,0.0,0,113630.0
0,tcp,http,SF,221,9721,0,0,1,0,0,0,0,18,0.0,0.0,0.0,0.0,1.0,0.0,0.0,18,255,1.0,0.0,0.06,0.04,0.0,0.0,0.0,0,63910.0
0,tcp,smtp,SF,725,364,0,0,1,0,0,0,0,1,0.0,0.0,0.0,0.0,1.0,0.0,0.0,255,123,0.48,0.1,0.0,0.0,0.02,0.01,0.0,0,49153.0
7,tcp,telnet,SF,105,1019,0,0,1,0,0,0,0,1,0.0,0.0,0.0,0.0,1.0,0.0,0.0,1,2,1.0,0.0,1.0,1.0,0.0,0.0,0.0,0,110151.0
0,tcp,smtp,SF,1137,389,0,0,1,0,0,0,0,1,0.0,0.0,0.0,0.0,1.0,0.0,0.0,255,84,0.33,0.05,0.0,0.0,0.42,0.0,0.02,0,28190.0
0,icmp,urp_i,SF,78,0,0,0,0,0,0,0,0,21,0.0,0.0,0.0,0.0,0.19,0.1,0.0,255,5,0.02,0.01,0.02,0.0,0.0,0.0,0.0,0,76456.0
0,icmp,eco_i,SF,8,0,0,0,0,0,0,0,0,1,0.0,0.0,0.0,0.0,1.0,0.0,1.0,2,162,1.0,0.0,1.0,0.5,0.0,0.0,0.0,1,19478.0
0,tcp,iso_tsap,REJ,0,0,0,0,0,0,0,0,0,253,0.0,0.0,1.0,1.0,0.07,0.06,0.0,255,17,0.07,0.07,0.0,0.0,0.0,0.0,1.0,1,14074.0
0,tcp,uucp,S0,0,0,0,0,0,0,0,0,0,144,1.0,1.0,0.0,0.0,0.1,0.06,0.0,255,15,0.06,0.06,0.0,0.0,1.0,1.0,0.0,1,82148.0
0,tcp,http,REJ,0,0,0,0,0,0,0,0,0,1,0.0,0.0,1.0,1.0,1.0,0.0,0.0,6,17,1.0,0.0,0.17,0.24,0.0,0.0,1.0,0,16774.0
0,tcp,private,REJ,0,0,0,0,0,0,0,0,0,155,0.01,0.0,0.95,1.0,0.01,1.0,0.0,255,1,0.0,0.64,0.0,0.0,0.0,0.0,1.0,1,45411.0
0,tcp,uucp_path,S0,0,0,0,0,0,0,0,0,0,217,1.0,1.0,0.0,0.0,0.09,0.06,0.0,255,11,0.04,0.07,0.0,0.0,1.0,1.0,0.0,1,34431.0
0,tcp,auth,S0,0,0,0,0,0,0,0,0,0,264,1.0,1.0,0.0,0.0,0.04,0.06,0.0,255,10,0.04,0.07,0.0,0.0,1.0,1.0,0.0,1,63339.0
0,tcp,http,SF,198,1278,0,0,1,0,0,0,0,12,0.0,0.0,0.0,0.0,1.0,0.0,0.0,12,255,1.0,0.0,0.08,0.01,0.0,0.0,0.0,0,47352.0
0,icmp,urp_i,SF,181,0,0,0,0,0,0,0,0,2,0.0,0.0,0.0,0.0,0.5,1.0,0.0,255,20,0.08,0.01,0.09,0.0,0.0,0.0,0.0,0,15193.0
6,tcp,ftp,SF,1229,2451,0,28,1,0,0,0,0,1,0.0,0.0,0.0,0.0,1.0,0.0,0.0,190,18,0.09,0.03,0.01,0.0,0.01,0.0,0.0,1,109553.0
0,tcp,private,S0,0,0,0,0,0,0,0,0,0,146,1.0,1.0,0.0,0.0,0.11,0.06,0.0,255,10,0.04,0.06,0.0,0.0,1.0,1.0,0.0,1,52483.0
0,tcp,telnet,S0,0,0,0,0,0,0,0,0,0,50,1.0,1.0,0.0,0.0,0.2,0.08,0.0,255,59,0.23,0.02,0.02,0.0,1.0,1.0,0.0,1,70607.0
1,tcp,smtp,SF,5281,328,0,0,1,0,0,0,0,1,0.0,0.0,0.0,0.0,1.0,0.0,1.0,15,7,0.47,0.33,0.07,0.0,0.0,0.0,0.0,0,108385.0
0,udp,domain_u,SF,45,71,0,0,0,0,0,0,0,117,0.0,0.0,0.0,0.0,0.99,0.02,0.03,255,241,0.95,0.01,0.0,0.0,0.0,0.0,0.0,0,46718.0
0,tcp,klogin,S0,0,0,0,0,0,0,0,0,0,148,1.0,1.0,0.0,0.0,0.08,0.05,0.0,255,12,0.05,0.06,0.0,0.0,1.0,1.0,0.0,1,98917.0
0,tcp,http,SF,271,3902,0,0,1,0,0,0,0,2,0.0,0.0,0.0,0.0,1.0,0.0,0.0,15,255,1.0,0.0,0.07,0.03,0.0,0.0,0.0,0,40172.0
0,tcp,http,SF,314,309,0,0,1,0,0,0,0,2,0.0,0.0,0.0,0.0,1.0,0.0,0.0,255,255,1.0,0.0,0.0,0.0,0.0,0.0,0.0,0,4918.0
17,udp,domain_u,SF,42,42,0,0,0,0,0,0,0,6,0.0,0.0,0.0,0.0,1.0,0.0,0.11,255,242,0.95,0.01,0.13,0.0,0.0,0.0,0.0,0,108157.0
0,tcp,time,S0,0,0,0,0,0,0,0,0,0,299,1.0,1.0,0.0,0.0,0.03,0.06,0.0,255,7,0.03,0.08,0.0,0.0,1.0,1.0,0.0,1,66956.0
0,udp,private,SF,1,74,0,0,0,0,0,0,0,25,0.0,0.0,0.0,0.0,0.16,0.16,0.0,255,4,0.02,0.79,0.23,0.0,0.16,0.0,0.0,1,16345.0
0,tcp,mtp,S0,0,0,0,0,0,0,0,0,0,295,1.0,1.0,0.0,0.0,0.06,0.05,0.0,255,2,0.01,0.08,0.0,0.0,1.0,1.0,0.0,1,85956.0
0,tcp,link,S0,0,0,0,0,0,0,0,0,0,129,1.0,1.0,0.0,0.0,0.03,0.06,0.0,255,4,0.02,0.07,0.0,0.0,1.0,1.0,0.0,1,117821.0
0,tcp,ftp_data,SF,501760,0,0,0,1,0,0,0,0,1,0.0,0.0,0.0,0.0,1.0,0.0,0.0,32,11,0.34,0.06,0.34,0.0,0.0,0.0,0.0,0,3104.0
0,tcp,http,SF,330,1582,0,0,1,0,0,0,0,40,0.0,0.0,0.0,0.0,1.0,0.0,0.0,255,255,1.0,0.0,0.0,0.0,0.0,0.0,0.0,0,111558.0
0,tcp,private,S0,0,0,0,0,0,0,0,0,0,161,1.0,1.0,0.0,0.0,0.06,0.07,0.0,255,10,0.04,0.07,0.0,0.0,1.0,1.0,0.0,1,48425.0
0,tcp,private,S0,0,0,0,0,0,0,0,0,0,238,1.0,1.0,0.0,0.0,0.06,0.06,0.0,255,13,0.05,0.07,0.0,0.0,1.0,1.0,0.0,1,105649.0
0,udp,domain_u,SF,45,129,0,0,0,0,0,0,0,89,0.0,0.0,0.0,0.0,1.0,0.0,0.01,255,251,0.98,0.01,0.0,0.0,0.0,0.0,0.0,0,67508.0
0,tcp,private,S0,0,0,0,0,0,0,0,0,0,140,1.0,1.0,0.0,0.0,0.08,0.06,0.0,255,29,0.11,0.06,0.0,0.0,1.0,1.0,0.0,1,83789.0
0,tcp,http,SF,291,1862,0,0,1,0,0,0,0,10,0.0,0.0,0.0,0.0,1.0,0.0,0.18,46,255,1.0,0.0,0.02,0.05,0.0,0.01,0.0,0,41101.0
0,udp,domain_u,SF,43,132,0,0,0,0,0,0,0,79,0.0,0.0,0.0,0.0,1.0,0.0,0.01,255,255,1.0,0.0,0.0,0.0,0.0,0.0,0.0,0,23963.0
0,icmp,eco_i,SF,8,0,0,0,0,0,0,0,0,1,0.0,0.0,0.0,0.0,1.0,0.0,1.0,1,56,1.0,0.0,1.0,0.52,0.0,0.0,0.0,1,47394.0
0,tcp,http,SF,299,1380,0,0,1,0,0,0,0,4,0.0,0.0,0.0,0.0,1.0,0.0,0.0,255,243,0.95,0.01,0.0,0.0,0.0,0.0,0.0,0,45175.0
0,tcp,ftp_data,SF,8325,0,0,0,0,0,0,0,0,15,0.0,0.0,0.0,0.0,1.0,0.0,0.0,21,86,1.0,0.0,1.0,0.02,0.0,0.0,0.0,0,84872.0
7456,tcp,IRC,RSTR,1044,7736,0,0,1,0,0,0,0,1,0.0,0.0,1.0,1.0,1.0,0.0,0.0,2,1,0.5,1.0,0.5,0.0,0.0,0.0,1.0,0,83716.0
0,tcp,private,S0,0,0,0,0,0,0,0,0,0,283,1.0,1.0,0.0,0.0,0.04,0.05,0.0,255,11,0.04,0.05,0.0,0.0,1.0,1.0,0.0,1,40311.0
0,tcp,http,SF,310,2113,0,0,1,0,0,0,0,28,0.0,0.0,0.0,0.0,1.0,0.0,0.0,255,255,1.0,0.0,0.0,0.0,0.0,0.0,0.0,0,122191.0
0,tcp,ftp_data,SF,11376,0,0,0,1,0,0,0,0,11,0.0,0.0,0.0,0.0,1.0,0.0,0.0,145,115,0.46,0.04,0.46,0.02,0.0,0.0,0.0,0,37190.0
0,udp,private,SF,1,0,0,0,0,0,0,0,0,14,0.0,0.0,0.0,0.0,0.14,0.71,0.0,255,2,0.01,0.43,0.76,0.0,0.0,0.0,0.0,1,95331.0
0,tcp,private,REJ,0,0,0,0,0,0,0,0,0,145,0.0,0.0,1.0,1.0,0.09,0.08,0.0,255,13,0.05,0.08,0.0,0.0,0.0,0.0,1.0,1,28908.0
0,tcp,http,SF,212,3692,0,0,1,0,0,0,0,1,0.0,0.0,0.0,0.0,1.0,0.0,0.0,241,255,1.0,0.0,0.0,0.01,0.0,0.0,0.0,0,122036.0
0,tcp,private,S0,0,0,0,0,0,0,0,0,0,139,1.0,1.0,0.0,0.0,0.16,0.04,0.0,255,22,0.09,0.05,0.0,0.0,1.0,1.0,0.0,1,6515.0
0,tcp,http,SF,208,468,0,0,1,0,0,0,0,3,0.33,0.25,0.0,0.0,1.0,0.0,0.5,45,255,1.0,0.0,0.02,0.02,0.02,0.02,0.0,0,9233.0
0,tcp,http,SF,322,4706,0,0,1,0,0,0,0,3,0.0,0.0,0.0,0.0,1.0,0.0,0.0,47,255,1.0,0.0,0.02,0.05,0.0,0.0,0.0,0,63469.0
0,tcp,private,S0,0,0,0,0,0,0,0,0,0,208,1.0,1.0,0.0,0.0,0.01,0.06,0.0,255,18,0.07,0.06,0.0,0.0,1.0,1.0,0.0,1,83698.0
18258,tcp,other,RSTR,1,0,0,0,0,0,0,0,0,2,0.0,0.0,1.0,1.0,1.0,0.0,0.0,255,2,0.01,0.73,1.0,0.0,0.0,0.0,1.0,1,76692.0
0,tcp,http,SF,242,739,0,0,1,0,0,0,0,7,0.0,0.0,0.0,0.0,1.0,0.0,0.22,165,255,1.0,0.0,0.01,0.02,0.0,0.0,0.01,0,54083.0
0,tcp,ftp_data,SF,8173,0,0,0,1,0,0,0,0,15,0.0,0.0,0.0,0.0,1.0,0.0,0.0,21,21,1.0,0.0,1.0,0.0,0.0,0.0,0.0,0,3987.0
0,tcp,iso_tsap,S0,0,0,0,0,0,0,0,0,0,255,1.0,1.0,0.0,0.0,0.06,0.07,0.0,255,17,0.07,0.07,0.0,0.0,1.0,1.0,0.0,1,1009.0
0,tcp,private,REJ,0,0,0,0,0,0,0,0,0,133,0.0,0.0,1.0,1.0,0.11,0.07,0.0,255,15,0.06,0.08,0.0,0.0,0.0,0.0,1.0,1,84793.0
0,tcp,private,S0,0,0,0,0,0,0,0,0,0,276,1.0,1.0,0.0,0.0,0.04,0.06,0.0,255,5,0.02,0.07,0.0,0.0,1.0,1.0,0.0,1,47016.0
0,tcp,http,SF,361,18822,0,0,1,0,0,0,0,7,0.0,0.0,0.0,0.0,1.0,0.0,0.0,255,255,1.0,0.0,0.0,0.0,0.0,0.0,0.0,0,84414.0
0,udp,other,SF,516,4,0,0,0,0,0,0,0,431,0.0,0.0,0.0,0.0,1.0,0.0,0.0,255,255,1.0,0.0,1.0,0.0,0.0,0.0,0.0,0,38011.0
0,tcp,private,REJ,0,0,0,0,0,0,0,0,0,132,0.01,0.0,0.92,1.0,0.01,1.0,0.0,255,1,0.0,0.53,0.0,0.0,0.0,0.0,1.0,1,97738.0
0,tcp,echo,S0,0,0,0,0,0,0,0,0,0,174,1.0,1.0,0.0,0.0,0.07,0.06,0.0,255,13,0.05,0.06,0.0,0.0,1.0,1.0,0.0,1,16862.0
0,tcp,uucp_path,S0,0,0,0,0,0,0,0,0,0,159,1.0,1.0,0.0,0.0,0.09,0.08,0.0,255,16,0.06,0.07,0.0,0.0,1.0,1.0,0.0,1,39153.0
0,tcp,http,REJ,0,0,0,0,0,0,0,0,0,1,0.0,0.0,1.0,1.0,1.0,0.0,0.0,1,14,1.0,0.0,1.0,0.29,0.0,0.0,1.0,0,52530.0
0,tcp,http,SF,216,3396,0,0,1,0,0,0,0,5,0.0,0.0,0.0,0.0,1.0,0.0,0.0,7,255,1.0,0.0,0.14,0.02,0.0,0.0,0.0,0,19294.0
0,udp,private,SF,207,0,0,0,0,0,0,0,0,2,0.0,0.0,0.0,0.0,1.0,0.0,0.0,66,58,0.88,0.03,0.88,0.0,0.0,0.0,0.0,1,76991.0
0,tcp,private,S0,0,0,0,0,0,0,0,0,0,276,1.0,1.0,0.0,0.0,0.01,0.06,0.0,255,8,0.03,0.08,0.0,0.0,1.0,1.0,0.0,1,50143.0
0,tcp,smtp,SF,1326,378,0,0,1,0,0,0,0,1,0.0,0.0,0.0,0.0,1.0,0.0,0.0,1,169,1.0,0.0,1.0,0.01,0.0,0.0,0.0,0,124601.0
0,udp,domain_u,SF,44,74,0,0,0,0,0,0,0,142,0.0,0.0,0.0,0.0,1.0,0.0,0.0,255,254,1.0,0.01,0.0,0.0,0.0,0.0,0.0,0,51133.0
0,tcp,http,SF,246,7498,0,0,1,0,0,0,0,1,0.0,0.0,0.0,0.0,1.0,0.0,0.67,25,255,1.0,0.0,0.04,0.05,0.0,0.0,0.0,0,83649.0
0,tcp,http,SF,324,1049,0,0,1,0,0,0,0,4,0.0,0.0,0.0,0.0,1.0,0.0,0.0,79,255,1.0,0.0,0.01,0.01,0.0,0.0,0.0,0,54559.0
0,tcp,http,SF,164,1812,0,0,1,0,0,0,0,2,0.5,0.33,0.0,0.0,1.0,0.0,0.67,89,251,1.0,0.0,0.01,0.13,0.01,0.0,0.5,0,100046.0
0,tcp,http,SF,219,1150,0,0,1,0,0,0,0,5,0.0,0.0,0.0,0.0,1.0,0.0,0.25,6,255,1.0,0.0,0.17,0.04,0.0,0.0,0.0,0,39972.0
219,tcp,other,RSTR,1,0,0,0,0,0,0,0,0,2,0.0,0.0,1.0,1.0,1.0,0.0,0.0,255,2,0.01,0.73,1.0,0.0,0.0,0.0,1.0,1,31289.0
0,tcp,private,S0,0,0,0,0,0,0,0,0,0,198,1.0,1.0,0.0,0.0,0.08,0.07,0.0,255,15,0.06,0.07,0.0,0.0,1.0,1.0,0.0,1,14339.0
0,tcp,http,SF,305,2507,0,0,1,0,0,0,0,5,0.0,0.0,0.0,0.0,1.0,0.0,0.0,255,249,0.98,0.01,0.0,0.0,0.0,0.0,0.0,0,10036.0
0,tcp,login,S0,0,0,0,0,0,0,0,0,0,131,1.0,1.0,0.0,0.0,0.12,0.07,0.0,255,5,0.02,0.07,0.0,0.0,1.0,1.0,0.0,1,46961.0
0,tcp,private,S0,0,0,0,0,0,0,0,0,0,105,1.0,1.0,0.0,0.0,0.12,0.06,0.0,255,13,0.05,0.08,0.0,0.0,1.0,1.0,0.0,1,121449.0
0,icmp,eco_i,SF,8,0,0,0,0,0,0,0,0,1,0.0,0.0,0.0,0.0,1.0,0.0,1.0,1,45,1.0,0.0,1.0,0.51,0.0,0.0,0.0,1,5445.0
0,udp,private,SF,215,0,0,0,0,0,0,0,0,1,0.0,0.0,0.0,0.0,1.0,0.0,0.0,213,181,0.85,0.01,0.85,0.0,0.0,0.0,0.0,1,10287.0
0,tcp,http,SF,193,759,0,0,1,0,0,0,0,1,0.0,0.0,0.0,0.0,1.0,0.0,0.67,123,255,1.0,0.0,0.01,0.02,0.01,0.01,0.0,0,49559.0
0,tcp,http,SF,195,467,0,0,1,0,0,0,0,13,0.0,0.0,0.0,0.0,1.0,0.0,0.14,30,255,1.0,0.0,0.03,0.04,0.0,0.0,0.0,0,74047.0
0,tcp,ftp_data,SF,1692,0,0,0,1,0,0,0,0,1,0.0,0.0,0.0,0.0,1.0,0.0,0.0,255,68,0.27,0.02,0.03,0.0,0.93,0.88,0.0,0,27166.0
0,tcp,http,SF,301,3276,0,0,1,0,0,0,0,25,0.0,0.0,0.0,0.0,1.0,0.0,0.12,87,255,1.0,0.0,0.01,0.03,0.0,0.0,0.0,0,109514.0
0,udp,private,SF,1,0,0,0,0,0,0,0,0,12,0.0,0.0,0.0,0.0,0.08,0.75,0.0,255,1,0.0,0.43,0.75,0.0,0.0,0.0,0.0,1,108550.0
0,tcp,http,SF,300,2239,0,0,1,0,0,0,0,4,0.0,0.0,0.0,0.0,1.0,0.0,0.0,255,246,0.96,0.02,0.0,0.0,0.0,0.0,0.0,0,86359.0
0,tcp,http,REJ,0,0,0,0,0,0,0,0,0,1,0.0,0.0,1.0,1.0,1.0,0.0,1.0,6,255,1.0,0.0,0.17,0.12,0.0,0.0,1.0,0,82347.0
0,icmp,ecr_i,SF,1032,0,0,0,0,0,0,0,0,511,0.0,0.0,0.0,0.0,1.0,0.0,0.0,255,103,0.4,0.02,0.4,0.0,0.02,0.0,0.0,1,111814.0
0,tcp,http,SF,251,7314,0,0,1,0,0,0,0,11,0.0,0.0,0.0,0.0,1.0,0.0,0.17,63,255,1.0,0.0,0.02,0.04,0.0,0.0,0.0,0,39314.0
0,tcp,discard,RSTO,0,0,0,0,0,0,0,0,0,273,0.0,0.0,1.0,1.0,0.07,0.06,0.0,255,19,0.07,0.06,0.0,0.0,0.0,0.0,1.0,1,69153.0
0,tcp,http,SF,207,3434,0,0,1,0,0,0,0,4,0.0,0.0,0.0,0.0,1.0,0.0,0.0,111,255,1.0,0.0,0.01,0.05,0.0,0.0,0.0,0,103271.0
0,tcp,http_443,REJ,0,0,0,0,0,0,0,0,0,80,0.0,0.0,1.0,1.0,0.17,0.08,0.0,255,14,0.05,0.06,0.0,0.0,0.0,0.0,1.0,1,11173.0
0,tcp,Z39_50,S0,0,0,0,0,0,0,0,0,0,154,1.0,1.0,0.0,0.0,0.08,0.08,0.0,255,13,0.05,0.07,0.0,0.0,1.0,1.0,0.0,1,110903.0
0,tcp,http,SF,219,484,0,0,1,0,0,0,0,11,0.0,0.0,0.0,0.0,1.0,0.0,0.18,255,255,1.0,0.0,0.01,0.0,0.0,0.0,0.0,0,19100.0
0,udp,domain_u,SF,30,0,0,0,0,0,0,0,0,1,0.0,0.0,0.0,0.0,1.0,0.0,1.0,9,3,0.33,0.33,0.33,0.0,0.0,0.0,0.0,0,6259.0
0,tcp,private,S0,0,0,0,0,0,0,0,0,0,251,1.0,1.0,0.0,0.0,0.01,0.07,0.0,255,2,0.01,0.09,0.0,0.0,1.0,1.0,0.0,1,22382.0
0,icmp,eco_i,SF,8,0,0,0,0,0,0,0,0,1,0.0,0.0,0.0,0.0,1.0,0.0,1.0,2,112,1.0,0.0,1.0,0.5,0.0,0.0,0.0,1,35454.0
0,tcp,http,SF,221,397,0,0,1,0,0,0,0,12,0.0,0.06,0.0,0.0,1.0,0.0,0.33,255,255,1.0,0.0,0.0,0.0,0.0,0.0,0.0,0,124840.0
177,tcp,telnet,SF,206,48165,0,0,1,2,0,2,0,1,0.0,0.0,0.0,0.0,1.0,0.0,0.0,194,3,0.02,0.05,0.01,0.0,0.01,0.0,0.33,0,50147.0
0,tcp,http,SF,300,5133,0,0,1,0,0,0,0,15,0.0,0.0,0.0,0.0,1.0,0.0,0.2,255,255,1.0,0.0,0.0,0.0,0.0,0.0,0.0,0,105577.0
0,tcp,http,SF,288,2153,0,0,1,0,0,0,0,44,0.0,0.0,0.0,0.0,1.0,0.0,0.0,184,255,1.0,0.0,0.01,0.01,0.0,0.0,0.0,0,15496.0
0,tcp,time,S0,0,0,0,0,0,0,0,0,0,293,1.0,1.0,0.0,0.0,0.02,0.06,0.0,255,6,0.02,0.06,0.0,0.0,1.0,1.0,0.0,1,9089.0
0,udp,domain_u,SF,43,73,0,0,0,0,0,0,0,185,0.0,0.0,0.0,0.0,1.0,0.0,0.01,255,231,0.91,0.01,0.01,0.0,0.0,0.0,0.0,0,91988.0
0,tcp,name,REJ,0,0,0,0,0,0,0,0,0,229,0.0,0.0,1.0,1.0,0.02,0.07,0.0,255,5,0.02,0.07,0.0,0.0,0.0,0.0,1.0,1,10768.0
0,tcp,private,S0,0,0,0,0,0,0,0,0,0,113,1.0,1.0,0.0,0.0,0.11,0.06,0.0,153,9,0.06,0.1,0.01,0.0,1.0,1.0,0.0,1,17586.0
0,tcp,telnet,S0,0,0,0,0,0,0,0,0,0,81,1.0,1.0,0.0,0.0,0.22,0.06,0.0,255,17,0.07,0.07,0.0,0.0,1.0,1.0,0.0,1,12457.0
0,tcp,http,SF,255,1723,0,0,1,0,0,0,0,1,0.0,0.0,0.0,0.0,1.0,0.0,0.13,255,255,1.0,0.0,0.0,0.0,0.0,0.0,0.0,0,117490.0
0,tcp,private,REJ,0,0,0,0,0,0,0,0,0,95,0.01,0.0,0.91,1.0,0.01,1.0,0.0,255,1,0.0,0.39,0.0,0.0,0.0,0.0,1.0,1,23036.0
0,tcp,csnet_ns,S0,0,0,0,0,0,0,0,0,0,202,1.0,1.0,0.0,0.0,0.05,0.06,0.0,255,10,0.04,0.07,0.0,0.0,1.0,1.0,0.0,1,54363.0
0,tcp,telnet,S0,0,0,0,0,0,0,0,0,0,260,1.0,1.0,0.0,0.0,0.08,0.06,0.0,255,20,0.08,0.06,0.0,0.0,1.0,1.0,0.0,1,89496.0
0,tcp,private,S0,0,0,0,0,0,0,0,0,0,245,1.0,1.0,0.0,0.0,0.08,0.07,0.0,255,19,0.07,0.08,0.0,0.0,1.0,1.0,0.0,1,40090.0
0,tcp,http,SF,355,540,0,0,1,0,0,0,0,18,0.0,0.0,0.0,0.0,1.0,0.0,0.21,162,255,1.0,0.0,0.01,0.02,0.0,0.01,0.01,0,5473.0
0,tcp,gopher,S0,0,0,0,0,0,0,0,0,0,256,1.0,1.0,0.0,0.0,0.01,0.07,0.0,255,2,0.01,0.07,0.0,0.0,1.0,1.0,0.0,1,116344.0
0,tcp,login,S0,0,0,0,0,0,0,0,0,0,101,1.0,1.0,0.0,0.0,0.21,0.06,0.0,255,21,0.08,0.06,0.0,0.0,1.0,1.0,0.0,1,59931.0
0,tcp,auth,S0,0,0,0,0,0,0,0,0,0,123,1.0,1.0,0.0,0.0,0.07,0.07,0.0,255,7,0.03,0.06,0.0,0.0,1.0,1.0,0.0,1,124990.0
0,tcp,nnsp,S0,0,0,0,0,0,0,0,0,0,104,1.0,1.0,0.0,0.0,0.09,0.07,0.0,255,28,0.11,0.06,0.0,0.0,1.0,1.0,0.0,1,121717.0
0,tcp,http,SF,375,2336,0,0,1,0,0,0,0,3,0.0,0.0,0.0,0.0,1.0,0.0,0.0,191,255,1.0,0.0,0.01,0.01,0.0,0.0,0.05,0,58929.0
0,tcp,courier,RSTR,0,0,0,0,0,0,0,0,0,1,0.0,0.0,1.0,1.0,1.0,0.0,0.0,255,1,0.0,1.0,1.0,0.0,0.0,0.0,1.0,1,39999.0
0,tcp,http,SF,268,8719,0,0,1,0,0,0,0,1,0.0,0.0,0.0,0.0,1.0,0.0,0.0,85,255,1.0,0.0,0.01,0.01,0.0,0.0,0.0,0,90195.0
0,tcp,private,S0,0,0,0,0,0,0,0,0,0,188,1.0,1.0,0.0,0.0,0.04,0.07,0.0,255,7,0.03,0.08,0.0,0.0,1.0,1.0,0.0,1,68635.0
0,udp,other,SF,1,0,0,0,0,0,0,0,0,92,0.0,0.0,0.0,0.0,0.02,0.05,0.0,255,2,0.01,0.06,1.0,0.0,0.0,0.0,0.0,1,16571.0
0,tcp,uucp_path,S0,0,0,0,0,0,0,0,0,0,290,1.0,1.0,0.0,0.0,0.02,0.06,0.0,255,1,0.0,0.06,0.0,0.0,1.0,1.0,0.0,1,63133.0
0,tcp,http,SF,247,617,0,0,1,0,0,0,0,15,0.0,0.0,0.0,0.0,1.0,0.0,0.0,255,255,1.0,0.0,0.0,0.0,0.0,0.0,0.0,0,99238.0
0,tcp,ftp_data,SF,334,0,0,0,1,0,0,0,0,2,0.0,0.0,0.0,0.0,1.0,0.0,0.0,13,40,1.0,0.0,1.0,0.08,0.0,0.0,0.0,1,75509.0
0,tcp,http,REJ,0,0,0,0,0,0,0,0,0,1,0.0,0.0,1.0,1.0,1.0,0.0,1.0,164,136,0.83,0.01,0.01,0.0,0.0,0.0,1.0,0,1574.0
0,tcp,http,SF,249,770,0,0,1,0,0,0,0,17,0.0,0.0,0.0,0.0,1.0,0.0,0.05,255,255,1.0,0.0,0.0,0.0,0.0,0.0,0.0,0,120477.0
0,tcp,ctf,REJ,0,0,0,0,0,0,0,0,0,481,0.06,0.0,0.93,1.0,0.0,1.0,0.0,255,1,0.0,1.0,0.0,0.0,0.08,0.0,1.0,1,62458.0
0,tcp,http,SF,394,1797,0,0,1,0,0,0,0,6,0.0,0.0,0.0,0.0,1.0,0.0,0.29,94,219,1.0,0.0,0.01,0.03,0.0,0.0,0.0,0,63991.0
0,icmp,eco_i,SF,8,0,0,0,0,0,0,0,0,1,0.0,0.0,0.0,0.0,1.0,0.0,1.0,2,88,1.0,0.0,1.0,0.5,0.0,0.0,0.0,1,56832.0
0,tcp,http,REJ,0,0,0,0,0,0,0,0,0,1,0.0,0.0,1.0,1.0,1.0,0.0,0.0,12,216,1.0,0.0,0.08,0.16,0.0,0.0,0.97,0,52781.0
0,tcp,shell,S0,0,0,0,0,0,0,0,0,0,140,1.0,1.0,0.0,0.0,0.11,0.06,0.0,255,20,0.08,0.07,0.0,0.0,1.0,1.0,0.0,1,29022.0
0,tcp,http,SF,196,3317,0,0,1,0,0,0,0,15,0.0,0.0,0.0,0.0,1.0,0.0,0.12,85,255,1.0,0.0,0.01,0.03,0.01,0.0,0.0,0,101539.0
4,tcp,smtp,SF,878,332,0,0,1,0,0,0,0,1,0.0,0.0,0.0,0.0,1.0,0.0,1.0,96,194,0.88,0.04,0.01,0.01,0.0,0.0,0.0,0,21348.0
0,tcp,smtp,SF,1724,387,0,0,1,0,0,0,0,1,0.0,0.0,0.0,0.0,1.0,0.0,1.0,255,130,0.51,0.02,0.0,0.0,0.57,0.62,0.0,0,65796.0
0,udp,domain_u,SF,45,76,0,0,0,0,0,0,0,110,0.0,0.0,0.0,0.0,1.0,0.0,0.0,255,254,1.0,0.01,0.0,0.0,0.0,0.0,0.0,0,111337.0
0,tcp,ftp_data,SF,1010,0,0,0,0,0,0,0,0,2,0.0,0.0,0.0,0.0,1.0,0.0,0.0,255,119,0.47,0.02,0.47,0.0,0.0,0.0,0.0,0,30307.0
0,tcp,http,SF,200,7071,0,0,1,0,0,0,0,32,0.0,0.0,0.0,0.0,1.0,0.0,0.0,255,255,1.0,0.0,0.0,0.0,0.0,0.0,0.0,0,12547.0
0,tcp,private,S0,0,0,0,0,0,0,0,0,0,256,1.0,1.0,0.0,0.0,0.02,0.06,0.0,255,18,0.07,0.06,0.0,0.0,1.0,1.0,0.0,1,98306.0
0,icmp,eco_i,SF,8,0,0,0,0,0,0,0,0,1,0.0,0.0,0.0,0.0,1.0,0.0,1.0,1,71,1.0,0.0,1.0,0.51,0.0,0.0,0.0,1,59098.0
0,tcp,auth,REJ,0,0,0,0,0,0,0,0,0,1,0.0,0.0,1.0,0.5,1.0,0.0,1.0,146,5,0.03,0.04,0.01,0.0,0.01,0.0,1.0,0,96736.0
0,icmp,ecr_i,SF,1032,0,0,0,0,0,0,0,0,511,0.0,0.0,0.0,0.0,1.0,0.0,0.0,255,154,0.6,0.01,0.6,0.0,0.0,0.0,0.0,1,6993.0
0,tcp,smtp,SF,690,326,0,0,1,0,0,0,0,1,0.0,0.0,0.0,0.0,1.0,0.0,0.0,182,163,0.75,0.03,0.01,0.01,0.0,0.0,0.0,0,80266.0
0,tcp,http,SF,333,1292,0,0,1,0,0,0,0,14,0.0,0.0,0.0,0.0,1.0,0.0,0.0,51,255,1.0,0.0,0.02,0.05,0.0,0.0,0.0,0,86137.0
0,tcp,http,REJ,0,0,0,0,0,0,0,0,0,1,0.0,0.0,1.0,1.0,1.0,0.0,1.0,4,238,1.0,0.0,0.25,0.28,0.0,0.0,1.0,0,76265.0
0,tcp,http,S0,0,0,0,0,0,0,0,0,0,3,0.33,0.1,0.0,0.1,1.0,0.0,0.3,7,255,1.0,0.0,0.29,0.03,0.14,0.01,0.0,0,88546.0
0,tcp,http,REJ,0,0,0,0,0,0,0,0,0,2,0.0,0.0,1.0,0.67,1.0,0.0,0.67,12,255,1.0,0.0,0.08,0.22,0.0,0.0,1.0,0,24609.0
0,tcp,http,SF,196,1942,0,0,1,0,0,0,0,22,0.0,0.0,0.0,0.0,1.0,0.0,0.0,58,255,1.0,0.0,0.02,0.03,0.0,0.0,0.0,0,66771.0
0,tcp,csnet_ns,S0,0,0,0,0,0,0,0,0,0,268,1.0,1.0,0.0,0.0,0.01,0.06,0.0,255,4,0.02,0.06,0.0,0.0,1.0,1.0,0.0,1,6240.0
0,tcp,link,S0,0,0,0,0,0,0,0,0,0,281,1.0,1.0,0.0,0.0,0.07,0.05,0.0,255,1,0.0,0.07,0.0,0.0,1.0,1.0,0.0,1,83235.0
0,tcp,http,SF,290,54674,0,0,1,0,0,0,0,6,0.0,0.0,0.0,0.0,1.0,0.0,0.0,96,255,1.0,0.0,0.01,0.01,0.0,0.01,0.0,0,36173.0
0,tcp,http,SF,233,1679,0,0,1,0,0,0,0,1,0.0,0.0,0.0,0.0,1.0,0.0,0.0,44,255,1.0,0.0,0.02,0.05,0.0,0.0,0.05,0,103410.0
0,udp,private,SF,1,0,0,0,0,0,0,0,0,23,0.0,0.0,0.0,0.0,0.83,0.09,0.0,255,24,0.09,0.71,0.33,0.0,0.06,0.0,0.0,1,18195.0
0,tcp,private,S0,0,0,0,0,0,0,0,0,0,158,1.0,1.0,0.0,0.0,0.08,0.05,0.0,255,13,0.05,0.05,0.0,0.0,1.0,1.0,0.0,1,55332.0
96,tcp,http,SF,305,260,0,0,1,0,0,0,0,5,0.0,0.0,0.0,0.0,1.0,0.0,0.0,255,244,0.96,0.02,0.0,0.0,0.0,0.0,0.0,0,73548.0
0,tcp,netstat,S0,0,0,0,0,0,0,0,0,0,110,1.0,1.0,0.0,0.0,0.03,0.07,0.0,255,3,0.01,0.08,0.0,0.0,1.0,1.0,0.0,1,52107.0
0,tcp,smtp,SF,1025,327,0,0,1,0,0,0,0,1,0.0,0.0,0.0,0.0,1.0,0.0,0.0,46,140,0.72,0.11,0.02,0.01,0.0,0.01,0.0,0,94573.0
0,udp,private,SF,28,0,3,0,0,0,0,0,0,11,0.0,0.0,0.0,0.0,1.0,0.0,0.0,214,11,0.05,0.05,0.05,0.0,0.02,0.0,0.0,1,115032.0
0,icmp,ecr_i,SF,520,0,0,0,0,0,0,0,0,380,0.0,0.0,0.0,0.0,1.0,0.0,0.0,255,255,1.0,0.0,1.0,0.0,0.0,0.0,0.0,1,102710.0
0,tcp,http,S0,0,0,0,1,1,0,0,0,0,52,0.81,1.0,0.19,0.0,0.02,0.4,0.0,255,204,0.8,0.08,0.2,0.0,0.16,0.0,0.0,1,29078.0
0,tcp,telnet,S0,0,0,0,0,0,0,0,0,0,9,0.89,1.0,0.0,0.0,0.89,0.22,0.0,8,9,1.0,0.0,0.12,0.22,1.0,0.89,0.0,1,54612.0
0,tcp,link,S0,0,0,0,0,0,0,0,0,0,147,1.0,1.0,0.0,0.0,0.04,0.05,0.0,255,6,0.02,0.05,0.0,0.0,1.0,1.0,0.0,1,119491.0
0,tcp,http,REJ,0,0,0,0,0,0,0,0,0,1,0.0,0.0,1.0,1.0,1.0,0.0,1.0,18,253,1.0,0.0,0.06,0.17,0.0,0.0,0.97,0,41826.0
0,tcp,http,SF,294,545,0,0,1,0,0,0,0,3,0.0,0.0,0.0,0.0,1.0,0.0,0.0,102,255,1.0,0.0,0.01,0.03,0.0,0.0,0.0,0,76576.0
0,udp,domain_u,SF,46,133,0,0,0,0,0,0,0,80,0.0,0.0,0.0,0.0,1.0,0.0,0.01,255,253,0.99,0.01,0.0,0.0,0.0,0.0,0.0,0,36054.0
0,icmp,eco_i,SF,8,0,0,0,0,0,0,0,0,1,0.0,0.0,0.0,0.0,1.0,0.0,1.0,2,62,1.0,0.0,1.0,0.26,0.0,0.0,0.0,1,16320.0
0,tcp,http,SF,232,1875,0,0,1,0,0,0,0,2,0.0,0.0,0.0,0.0,1.0,0.0,0.06,68,255,1.0,0.0,0.01,0.07,0.0,0.0,0.86,0,81084.0
0,tcp,kshell,REJ,0,0,0,0,0,0,0,0,0,152,0.05,0.0,0.93,1.0,0.01,1.0,0.0,255,1,0.0,0.78,0.0,0.0,0.03,0.0,1.0,1,104708.0
0,tcp,uucp,RSTO,0,0,0,0,0,0,0,0,0,134,0.0,0.0,1.0,1.0,0.11,0.06,0.0,255,15,0.06,0.05,0.0,0.0,0.0,0.0,1.0,1,20434.0
0,tcp,systat,S0,0,0,0,0,0,0,0,0,0,284,1.0,1.0,0.0,0.0,0.05,0.06,0.0,255,6,0.02,0.05,0.0,0.0,1.0,1.0,0.0,1,105504.0
0,tcp,private,S0,0,0,0,0,0,0,0,0,0,129,1.0,1.0,0.0,0.0,0.09,0.06,0.0,44,9,0.2,0.16,0.02,0.0,1.0,1.0,0.0,1,28553.0
0,tcp,telnet,S0,0,0,0,0,0,0,0,0,0,79,1.0,1.0,0.0,0.0,0.2,0.06,0.0,255,15,0.06,0.06,0.0,0.0,1.0,1.0,0.0,1,110388.0
0,tcp,private,REJ,0,0,0,0,0,0,0,0,0,253,0.0,0.0,1.0,1.0,0.02,0.06,0.0,255,6,0.02,0.07,0.0,0.0,0.0,0.0,1.0,1,25537.0
0,icmp,urp_i,SF,182,0,0,0,0,0,0,0,0,2,0.0,0.0,0.0,0.0,0.5,1.0,0.0,255,13,0.05,0.01,0.06,0.0,0.0,0.0,0.0,0,100717.0
15,tcp,smtp,SF,2710,333,0,0,1,0,0,0,0,1,0.0,0.0,0.0,0.0,1.0,0.0,0.0,255,143,0.56,0.03,0.0,0.0,0.0,0.0,0.0,0,36896.0
0,tcp,ftp_data,SF,11,0,0,0,1,0,0,0,0,1,0.0,0.0,0.0,0.0,1.0,0.0,1.0,90,79,0.46,0.04,0.46,0.03,0.03,0.0,0.0,0,79596.0
0,tcp,iso_tsap,S0,0,0,0,0,0,0,0,0,0,260,1.0,1.0,0.0,0.0,0.07,0.06,0.0,255,19,0.07,0.07,0.0,0.0,1.0,1.0,0.0,1,110035.0
0,tcp,http,SF,234,819,0,0,1,0,0,0,0,15,0.0,0.0,0.0,0.0,1.0,0.0,0.15,255,255,1.0,0.0,0.0,0.0,0.0,0.0,0.0,0,46989.0
0,tcp,http,SF,242,12777,0,0,1,0,0,0,0,3,0.0,0.0,0.0,0.0,1.0,0.0,0.0,13,170,1.0,0.0,0.08,0.05,0.0,0.0,0.0,0,48025.0
0,tcp,http_443,S0,0,0,0,0,0,0,0,0,0,142,1.0,1.0,0.0,0.0,0.08,0.06,0.0,255,11,0.04,0.06,0.0,0.0,1.0,1.0,0.0,1,14992.0
0,tcp,private,S0,0,0,0,0,0,0,0,0,0,123,1.0,1.0,0.0,0.0,0.07,0.06,0.0,255,1,0.0,0.07,0.0,0.0,1.0,1.0,0.0,1,113203.0
0,tcp,private,S0,0,0,0,0,0,0,0,0,0,187,1.0,1.0,0.0,0.0,0.1,0.06,0.0,255,5,0.02,0.07,0.0,0.0,1.0,1.0,0.0,1,61243.0
0,tcp,http,SF,254,3938,0,0,1,0,0,0,0,2,0.0,0.0,0.0,0.0,1.0,0.0,0.0,8,255,1.0,0.0,0.12,0.03,0.0,0.0,0.0,0,2373.0
30,tcp,ftp,SF,1475,4152,0,30,1,0,0,0,0,1,0.0,0.0,0.0,0.0,1.0,0.0,0.0,97,32,0.33,0.04,0.01,0.0,0.0,0.0,0.0,0,69629.0
0,icmp,ecr_i,SF,1480,0,1,0,0,0,0,0,0,2,0.0,0.0,0.0,0.0,1.0,0.0,0.5,3,34,0.67,0.67,0.67,0.5,0.0,0.0,0.0,1,113550.0
0,tcp,private,REJ,0,0,0,0,0,0,0,0,0,217,0.0,0.0,1.0,1.0,0.03,0.07,0.0,255,7,0.03,0.09,0.0,0.0,0.0,0.0,1.0,1,36022.0
0,tcp,http,SF,282,2251,0,0,1,0,0,0,0,30,0.0,0.0,0.0,0.0,1.0,0.0,0.08,255,255,1.0,0.0,0.0,0.0,0.0,0.0,0.0,0,31233.0
0,tcp,http,SF,165,13561,0,0,1,0,0,0,0,10,0.0,0.0,0.0,0.0,1.0,0.0,0.0,132,255,1.0,0.0,0.01,0.03,0.0,0.0,0.0,0,61992.0
0,icmp,eco_i,SF,18,0,0,0,0,0,0,0,0,1,0.0,0.0,0.0,0.0,1.0,0.0,0.0,1,100,1.0,0.0,1.0,1.0,0.0,0.0,0.0,1,67270.0
0,tcp,ftp_data,SF,151,0,0,0,1,0,0,0,0,1,0.0,0.0,0.0,0.0,1.0,0.0,0.0,181,50,0.12,0.02,0.12,0.04,0.0,0.0,0.0,0,101106.0
0,icmp,eco_i,SF,8,0,0,0,0,0,0,0,0,1,0.0,0.0,0.0,0.0,1.0,0.0,1.0,2,8,1.0,0.0,1.0,0.5,0.0,0.0,0.0,1,123708.0
0,tcp,whois,REJ,0,0,0,0,0,0,0,0,0,291,0.0,0.0,1.0,1.0,0.06,0.06,0.0,255,17,0.07,0.07,0.0,0.0,0.0,0.0,1.0,1,86611.0
0,tcp,http,SF,302,2507,0,0,1,0,0,0,0,5,0.0,0.0,0.0,0.17,1.0,0.0,0.33,255,241,0.95,0.01,0.0,0.0,0.0,0.0,0.0,0,25615.0
0,tcp,http,SF,224,949,0,0,1,0,0,0,0,7,0.0,0.0,0.0,0.0,1.0,0.0,0.0,255,255,1.0,0.0,0.0,0.0,0.0,0.0,0.0,0,82199.0
0,tcp,http,SF,225,3762,0,0,1,0,0,0,0,10,0.0,0.0,0.0,0.0,1.0,0.0,0.0,255,255,1.0,0.0,0.0,0.0,0.0,0.0,0.0,0,86.0
0,tcp,http,SF,241,2366,0,0,1,0,0,0,0,2,0.0,0.0,0.0,0.0,1.0,0.0,0.0,2,255,1.0,0.0,0.5,0.04,0.0,0.0,0.0,0,125131.0
0,tcp,http,SF,199,16725,0,0,1,0,0,0,0,5,0.0,0.0,0.0,0.0,1.0,0.0,0.0,209,255,1.0,0.0,0.0,0.02,0.0,0.0,0.0,0,116141.0
0,tcp,discard,RSTO,0,0,0,0,0,0,0,0,0,117,0.0,0.0,1.0,1.0,0.02,0.07,0.0,255,2,0.01,0.07,0.0,0.0,0.0,0.0,1.0,1,77388.0
0,udp,domain_u,SF,45,45,0,0,0,0,0,0,0,136,0.0,0.0,0.0,0.0,1.0,0.0,0.02,255,254,1.0,0.01,0.01,0.0,0.0,0.0,0.0,0,99735.0
0,tcp,private,REJ,0,0,0,0,0,0,0,0,0,120,0.0,0.0,1.0,1.0,0.04,0.07,0.0,255,25,0.1,0.06,0.0,0.0,0.0,0.0,1.0,1,113506.0
0,udp,domain_u,SF,46,46,0,0,0,0,0,0,0,132,0.0,0.0,0.0,0.0,1.0,0.0,0.0,255,255,1.0,0.0,0.0,0.0,0.0,0.0,0.0,0,100474.0
0,udp,domain_u,SF,46,121,0,0,0,0,0,0,0,69,0.0,0.0,0.0,0.0,1.0,0.0,0.03,255,253,0.99,0.01,0.0,0.0,0.0,0.0,0.0,0,56023.0
0,tcp,http,SF,201,1021,0,0,1,0,0,0,0,3,0.0,0.0,0.0,0.0,1.0,0.0,0.0,166,255,1.0,0.0,0.01,0.02,0.0,0.0,0.0,0,59056.0
0,tcp,http,SF,287,420,0,0,1,0,0,0,0,5,0.0,0.0,0.0,0.0,1.0,0.0,0.0,255,255,1.0,0.0,0.0,0.0,0.0,0.0,0.0,0,14514.0
0,tcp,http,SF,231,9703,0,0,1,0,0,0,0,6,0.0,0.0,0.0,0.0,1.0,0.0,0.0,255,255,1.0,0.0,0.01,0.0,0.0,0.0,0.0,0,28248.0
0,tcp,http,SF,54540,8314,0,2,1,1,0,0,0,2,0.0,0.0,0.0,0.33,1.0,0.0,0.67,23,23,1.0,0.0,0.04,0.0,0.0,0.0,0.0,1,46222.0
37551,tcp,private,RSTR,1,0,0,0,0,0,0,0,0,2,0.0,0.0,1.0,1.0,1.0,0.0,0.0,255,2,0.01,0.5,1.0,0.0,0.0,0.0,1.0,1,105007.0
0,tcp,other,REJ,0,0,0,0,0,0,0,0,0,509,0.17,0.0,0.83,1.0,0.0,1.0,0.0,255,1,0.0,1.0,0.0,0.0,0.09,0.0,1.0,1,94941.0
0,tcp,gopher,S0,0,0,0,0,0,0,0,0,0,279,1.0,1.0,0.0,0.0,0.04,0.05,0.0,255,11,0.04,0.05,0.0,0.0,1.0,1.0,0.0,1,56618.0
0,tcp,http,SF,268,3889,0,0,1,0,0,0,0,1,0.0,0.0,0.0,0.0,1.0,0.0,0.0,255,240,0.94,0.01,0.0,0.0,0.0,0.0,0.0,0,95986.0
0,tcp,ftp_data,SF,373,0,0,0,1,0,0,0,0,14,0.07,0.07,0.0,0.0,1.0,0.0,0.0,55,68,0.36,0.09,0.36,0.03,0.02,0.01,0.0,0,82414.0
0,tcp,ftp_data,SF,501760,0,0,0,1,0,0,0,0,2,0.0,0.0,0.0,0.0,1.0,0.0,0.0,119,80,0.47,0.03,0.47,0.03,0.0,0.0,0.0,0,62428.0
0,tcp,http,SF,230,2507,0,0,1,0,0,0,0,2,0.0,0.0,0.0,0.0,1.0,0.0,0.0,255,237,0.93,0.02,0.0,0.0,0.01,0.01,0.0,0,123027.0
0,icmp,ecr_i,SF,1032,0,0,0,0,0,0,0,0,511,0.0,0.0,0.0,0.0,1.0,0.0,0.0,255,90,0.35,0.11,0.35,0.0,0.0,0.0,0.0,1,125560.0
0,tcp,private,S0,0,0,0,0,0,0,0,0,0,106,1.0,1.0,0.0,0.0,0.14,0.07,0.0,255,15,0.06,0.06,0.0,0.0,1.0,1.0,0.0,1,124608.0
0,udp,other,SF,145,0,0,0,0,0,0,0,0,1,0.0,0.0,0.0,0.0,1.0,0.0,0.0,255,1,0.0,0.67,0.93,0.0,0.0,0.0,0.0,0,93244.0
0,tcp,private,S0,0,0,0,0,0,0,0,0,0,203,1.0,1.0,0.0,0.0,0.05,0.07,0.0,255,26,0.1,0.07,0.0,0.0,1.0,1.0,0.0,1,41852.0
0,tcp,http,SF,318,1629,0,0,1,0,0,0,0,11,0.0,0.0,0.0,0.0,1.0,0.0,0.17,29,255,1.0,0.0,0.03,0.04,0.0,0.01,0.0,0,74768.0
0,tcp,private,REJ,0,0,0,0,0,0,0,0,0,141,0.0,0.0,1.0,1.0,0.09,0.06,0.0,216,13,0.06,0.06,0.0,0.0,0.0,0.0,1.0,1,18796.0
0,tcp,http,SF,54540,8314,0,2,1,1,0,0,0,3,0.0,0.0,0.0,0.0,1.0,0.0,0.0,64,64,1.0,0.0,0.02,0.0,0.0,0.0,0.19,1,52211.0
0,tcp,ftp_data,SF,748,0,0,0,1,0,0,9,0,1,0.0,0.0,0.0,0.0,1.0,0.0,0.0,237,63,0.21,0.02,0.21,0.03,0.0,0.0,0.0,0,81522.0
0,tcp,http,SF,232,2251,0,0,1,0,0,0,0,13,0.0,0.0,0.0,0.0,1.0,0.0,0.0,138,255,1.0,0.0,0.01,0.02,0.01,0.01,0.0,0,104405.0
0,tcp,ctf,S0,0,0,0,0,0,0,0,0,0,209,1.0,1.0,0.0,0.0,0.1,0.07,0.0,255,20,0.08,0.07,0.0,0.0,1.0,1.0,0.0,1,23179.0
0,tcp,bgp,REJ,0,0,0,0,0,0,0,0,0,187,0.0,0.0,1.0,1.0,0.06,0.06,0.0,255,11,0.04,0.07,0.0,0.0,0.0,0.0,1.0,1,12853.0
0,tcp,http,SF,234,254,0,0,1,0,0,0,0,8,0.0,0.0,0.0,0.0,1.0,0.0,0.0,8,255,1.0,0.0,0.12,0.02,0.0,0.0,0.0,0,97941.0
0,tcp,private,S0,0,0,0,0,0,0,0,0,0,71,1.0,1.0,0.0,0.0,0.13,0.07,0.0,98,9,0.09,0.07,0.01,0.0,1.0,1.0,0.0,1,73004.0
0,tcp,http,S0,0,0,0,0,0,0,0,0,0,243,1.0,0.95,0.0,0.0,0.07,0.07,0.11,255,18,0.07,0.08,0.0,0.0,1.0,1.0,0.0,1,122082.0
0,tcp,sql_net,S0,0,0,0,0,0,0,0,0,0,231,1.0,1.0,0.0,0.0,0.03,0.06,0.0,255,18,0.07,0.06,0.0,0.0,1.0,1.0,0.0,1,4164.0
0,udp,domain_u,SF,44,44,0,0,0,0,0,0,0,173,0.0,0.0,0.0,0.0,1.0,0.0,0.0,255,255,1.0,0.0,0.0,0.0,0.0,0.0,0.0,0,83214.0
0,tcp,private,S0,0,0,0,0,0,0,0,0,0,215,1.0,1.0,0.0,0.0,0.01,0.07,0.0,255,4,0.02,0.08,0.0,0.0,1.0,1.0,0.0,1,55698.0
0,udp,domain_u,SF,45,135,0,0,0,0,0,0,0,175,0.0,0.0,0.0,0.0,0.99,0.01,0.01,177,138,0.78,0.02,0.01,0.0,0.0,0.0,0.0,0,72982.0
0,tcp,other,REJ,0,0,0,0,0,0,0,0,0,511,0.12,0.0,0.88,1.0,0.0,1.0,0.0,255,1,0.0,1.0,0.0,0.0,0.09,0.0,1.0,1,9612.0
0,tcp,private,S0,0,0,0,0,0,0,0,0,0,186,1.0,1.0,0.0,0.0,0.03,0.06,0.0,225,6,0.03,0.08,0.0,0.0,0.94,1.0,0.0,1,97403.0
0,tcp,http,SF,214,334,0,0,1,0,0,0,0,3,0.0,0.0,0.0,0.0,1.0,0.0,0.5,20,255,1.0,0.0,0.05,0.04,0.05,0.0,0.0,0,76641.0
0,icmp,urp_i,SF,182,0,0,0,0,0,0,0,0,5,0.0,0.0,0.0,0.0,0.6,0.6,0.0,255,18,0.07,0.01,0.11,0.0,0.0,0.0,0.0,0,64592.0
0,tcp,private,S0,0,0,0,0,0,0,0,0,0,165,1.0,1.0,0.0,0.0,0.02,0.09,0.0,255,3,0.01,0.08,0.0,0.0,1.0,1.0,0.0,1,106719.0
0,tcp,http,SF,305,571,0,0,1,0,0,0,0,19,0.0,0.0,0.0,0.0,1.0,0.0,0.0,80,139,1.0,0.0,0.01,0.03,0.0,0.01,0.0,0,105191.0
0,tcp,http,SF,341,1100,0,0,1,0,0,0,0,2,0.0,0.0,0.0,0.0,1.0,0.0,0.0,255,255,1.0,0.0,0.0,0.0,0.0,0.0,0.0,0,125784.0
0,udp,private,SF,207,0,0,0,0,0,0,0,0,2,0.0,0.0,0.0,0.0,1.0,0.0,0.0,116,100,0.86,0.02,0.86,0.0,0.0,0.0,0.0,1,121996.0
0,tcp,auth,S0,0,0,0,0,0,0,0,0,0,265,1.0,1.0,0.0,0.0,0.07,0.06,0.0,255,18,0.07,0.06,0.0,0.0,1.0,1.0,0.0,1,73946.0
0,tcp,hostnames,REJ,0,0,0,0,0,0,0,0,0,133,0.0,0.0,1.0,1.0,0.05,0.06,0.0,255,6,0.02,0.07,0.0,0.0,0.0,0.0,1.0,1,24831.0
0,tcp,smtp,SF,1331,400,0,0,1,0,0,0,0,1,0.0,0.0,0.0,0.0,1.0,0.0,0.0,41,232,0.61,0.07,0.02,0.01,0.37,0.0,0.0,0,57773.0
0,tcp,link,S0,0,0,0,0,0,0,0,0,0,247,1.0,1.0,0.0,0.0,0.0,0.06,0.0,255,1,0.0,0.07,0.0,0.0,1.0,1.0,0.0,1,115616.0
0,tcp,csnet_ns,REJ,0,0,0,0,0,0,0,0,0,205,0.0,0.0,1.0,1.0,0.0,0.07,0.0,255,1,0.0,0.09,0.0,0.0,0.0,0.0,1.0,1,30885.0
63,tcp,smtp,SF,12313,1408,0,0,1,0,0,0,0,1,0.0,0.0,0.0,0.0,1.0,0.0,0.0,110,88,0.8,0.03,0.01,0.0,0.0,0.0,0.0,0,119857.0
0,udp,other,SF,147,0,0,0,0,0,0,0,0,1,0.0,0.0,0.0,0.0,1.0,0.0,0.0,4,1,0.25,0.75,0.75,0.0,0.0,0.0,0.0,0,77453.0
0,tcp,http,SF,194,327,0,0,1,0,0,0,0,35,0.0,0.0,0.0,0.0,1.0,0.0,0.05,156,255,1.0,0.0,0.01,0.02,0.0,0.0,0.0,0,45279.0
0,tcp,http,SF,517,20625,0,0,1,0,0,0,0,2,0.0,0.0,0.0,0.0,1.0,0.0,0.0,66,255,1.0,0.0,0.02,0.04,0.02,0.01,0.0,0,64143.0
0,udp,domain_u,SF,32,94,0,0,0,0,0,0,0,4,0.0,0.0,0.0,0.0,1.0,0.0,0.0,255,253,0.99,0.01,0.01,0.0,0.0,0.0,0.0,0,62794.0
0,tcp,iso_tsap,S0,0,0,0,0,0,0,0,0,0,165,1.0,1.0,0.0,0.0,0.1,0.07,0.0,255,17,0.07,0.07,0.0,0.0,1.0,1.0,0.0,1,115231.0
0,tcp,nntp,S0,0,0,0,0,0,0,0,0,0,143,1.0,1.0,0.0,0.0,0.14,0.06,0.0,255,1,0.0,0.08,0.0,0.0,1.0,1.0,0.0,1,25430.0
0,tcp,http,REJ,0,0,0,0,0,0,0,0,0,274,0.0,0.0,1.0,1.0,0.05,0.06,0.0,255,14,0.05,0.07,0.0,0.0,0.0,0.0,1.0,1,49106.0
0,tcp,private,S0,0,0,0,0,0,0,0,0,0,129,1.0,1.0,0.0,0.0,0.13,0.06,0.0,184,17,0.09,0.07,0.01,0.0,1.0,1.0,0.0,1,9098.0
1,tcp,smtp,SF,1919,364,0,0,1,0,0,0,0,1,0.0,0.0,0.0,0.0,1.0,0.0,1.0,115,195,0.73,0.03,0.01,0.01,0.0,0.0,0.0,0,19413.0
0,tcp,private,S0,0,0,0,0,0,0,0,0,0,164,1.0,1.0,0.0,0.0,0.02,0.07,0.0,255,4,0.02,0.06,0.0,0.0,1.0,1.0,0.0,1,120207.0
0,tcp,supdup,S0,0,0,0,0,0,0,0,0,0,253,1.0,1.0,0.0,0.0,0.0,0.06,0.0,255,1,0.0,0.08,0.0,0.0,1.0,1.0,0.0,1,33651.0
0,tcp,ftp_data,SF,334,0,0,0,1,0,0,0,0,2,0.0,0.0,0.0,0.0,1.0,0.0,0.0,2,15,1.0,0.0,1.0,0.13,0.0,0.0,0.0,1,9022.0
0,tcp,kshell,REJ,0,0,0,0,0,0,0,0,0,130,0.0,0.0,1.0,1.0,0.05,0.06,0.0,255,6,0.02,0.05,0.0,0.0,0.0,0.0,1.0,1,59590.0
0,icmp,eco_i,SF,8,0,0,0,0,0,0,0,0,1,0.0,0.0,0.0,0.0,1.0,0.0,1.0,2,255,1.0,0.0,1.0,0.5,0.0,0.0,0.0,1,111762.0
0,tcp,other,REJ,0,0,0,0,0,0,0,0,0,452,0.08,0.0,0.92,1.0,0.0,1.0,0.0,255,1,0.0,1.0,0.0,0.0,0.06,0.0,1.0,1,90863.0
0,tcp,ftp_data,SF,246,0,0,0,1,0,0,0,0,1,0.0,0.0,0.0,0.0,1.0,0.0,0.0,1,36,1.0,0.0,1.0,0.17,0.0,0.03,0.0,1,97962.0
0,tcp,private,S0,0,0,0,0,0,0,0,0,0,101,1.0,1.0,0.0,0.0,0.04,0.09,0.0,255,4,0.02,0.07,0.0,0.0,1.0,1.0,0.0,1,113419.0
0,tcp,private,S0,0,0,0,0,0,0,0,0,0,300,1.0,1.0,0.0,0.0,0.07,0.06,0.0,255,6,0.02,0.09,0.0,0.0,1.0,1.0,0.0,1,93201.0
0,icmp,eco_i,SF,8,0,0,0,0,0,0,0,0,1,0.0,0.0,0.0,0.0,1.0,0.0,1.0,1,121,1.0,0.0,1.0,0.5,0.0,0.0,0.0,1,94304.0
0,tcp,http,SF,201,12052,0,0,1,0,0,0,0,1,0.0,0.0,0.0,0.0,1.0,0.0,0.0,18,255,1.0,0.0,0.06,0.02,0.0,0.0,0.0,0,95511.0
0,tcp,ssh,S0,0,0,0,0,0,0,0,0,0,116,1.0,1.0,0.0,0.0,0.01,0.07,0.0,255,21,0.08,0.07,0.0,0.0,1.0,1.0,0.0,1,74438.0
0,tcp,other,REJ,0,0,0,0,0,0,0,0,0,1,0.0,0.0,1.0,1.0,1.0,0.0,0.0,28,28,1.0,0.0,0.04,0.0,0.0,0.0,1.0,0,110771.0
0,udp,private,SF,105,0,0,0,0,0,0,0,0,2,0.0,0.0,0.0,0.0,1.0,0.0,0.0,255,176,0.69,0.01,0.01,0.0,0.0,0.0,0.0,0,125308.0
0,icmp,urp_i,SF,552,0,0,0,0,0,0,0,0,1,0.0,0.0,0.0,0.0,1.0,0.0,0.0,255,1,0.0,0.02,0.0,0.0,0.0,0.0,0.0,0,45925.0
0,tcp,ftp_data,SF,334,0,0,0,1,0,0,0,0,2,0.0,0.0,0.0,0.0,1.0,0.0,0.0,4,22,1.0,0.0,1.0,0.18,0.0,0.0,0.0,1,4262.0
0,udp,domain_u,SF,44,138,0,0,0,0,0,0,0,73,0.0,0.0,0.0,0.0,1.0,0.0,0.01,255,255,1.0,0.0,0.0,0.0,0.0,0.0,0.0,0,27661.0
0,tcp,http,SF,294,503,0,0,1,0,0,0,0,9,0.0,0.0,0.0,0.0,1.0,0.0,0.0,181,255,1.0,0.0,0.01,0.02,0.0,0.0,0.0,0,101598.0
0,tcp,http,SF,294,1761,0,0,1,0,0,0,0,21,0.0,0.0,0.0,0.0,1.0,0.0,0.09,255,255,1.0,0.0,0.0,0.0,0.0,0.0,0.0,0,107555.0
0,tcp,private,OTH,0,0,0,0,0,0,0,0,0,1,0.0,0.0,0.0,0.0,1.0,0.0,0.0,255,1,0.0,1.0,1.0,0.0,0.0,0.0,0.0,1,93179.0
0,tcp,http,SF,208,2144,0,0,1,0,0,0,0,5,0.0,0.0,0.0,0.0,1.0,0.0,0.0,17,255,1.0,0.0,0.06,0.03,0.0,0.0,0.0,0,61366.0
0,tcp,mtp,S0,0,0,0,0,0,0,0,0,0,241,1.0,1.0,0.0,0.0,0.02,0.06,0.0,255,5,0.02,0.07,0.0,0.0,1.0,1.0,0.0,1,100557.0
0,tcp,private,REJ,0,0,0,0,0,0,0,0,0,79,0.0,0.0,1.0,1.0,0.11,0.08,0.0,255,9,0.04,0.06,0.0,0.0,0.0,0.0,1.0,1,4714.0
0,tcp,http,SF,231,1694,0,0,1,0,0,0,0,12,0.0,0.0,0.0,0.0,1.0,0.0,0.07,255,255,1.0,0.0,0.0,0.0,0.0,0.0,0.0,0,100525.0
0,tcp,http,SF,216,7384,0,0,1,0,0,0,0,27,0.0,0.0,0.0,0.0,1.0,0.0,0.07,119,255,1.0,0.0,0.01,0.01,0.0,0.0,0.0,0,39017.0
0,icmp,eco_i,SF,18,0,0,0,0,0,0,0,0,1,0.0,0.0,0.0,0.0,1.0,0.0,0.0,4,4,1.0,0.0,1.0,0.0,0.0,0.0,0.0,1,42820.0
0,tcp,ftp_data,SF,334,0,0,0,1,0,0,0,0,2,0.0,0.0,0.0,0.0,1.0,0.0,0.0,6,26,1.0,0.0,1.0,0.19,0.0,0.0,0.0,1,148.0
0,tcp,klogin,S0,0,0,0,0,0,0,0,0,0,110,1.0,1.0,0.0,0.0,0.2,0.05,0.0,255,22,0.09,0.04,0.0,0.0,1.0,1.0,0.0,1,107875.0
0,tcp,http,REJ,0,0,0,0,0,0,0,0,0,1,0.0,0.0,1.0,1.0,1.0,0.0,1.0,20,22,1.0,0.0,0.05,0.09,0.0,0.0,1.0,0,115244.0
0,tcp,http,SF,223,924,0,0,1,0,0,0,0,7,0.0,0.0,0.0,0.0,1.0,0.0,0.14,255,255,1.0,0.0,0.0,0.0,0.0,0.0,0.0,0,48874.0
0,udp,domain_u,SF,44,44,0,0,0,0,0,0,0,110,0.0,0.0,0.0,0.0,1.0,0.0,0.01,255,255,1.0,0.0,0.01,0.0,0.0,0.0,0.0,0,19362.0
1,tcp,smtp,SF,1374,391,0,0,1,0,0,0,0,1,0.0,0.0,0.0,0.0,1.0,0.0,0.0,110,161,0.31,0.03,0.01,0.01,0.0,0.0,0.0,0,92146.0
0,tcp,http,SF,302,2143,0,0,1,0,0,0,0,28,0.0,0.0,0.0,0.0,1.0,0.0,0.09,255,255,1.0,0.0,0.0,0.0,0.0,0.0,0.0,0,44997.0
0,tcp,smtp,SF,1821,333,0,0,1,0,0,0,0,1,0.0,0.0,0.0,0.0,1.0,0.0,0.0,22,122,0.77,0.14,0.05,0.02,0.0,0.0,0.0,0,59999.0
0,tcp,netbios_ssn,S0,0,0,0,0,0,0,0,0,0,247,1.0,1.0,0.0,0.0,0.0,0.06,0.0,255,20,0.08,0.07,0.0,0.0,1.0,1.0,0.0,1,78770.0
0,tcp,other,SF,9198,0,0,0,0,0,0,0,0,4,0.0,0.0,0.0,0.0,0.25,0.75,0.0,180,1,0.01,0.05,0.33,0.0,0.0,0.0,0.0,0,77135.0
0,tcp,private,S0,0,0,0,0,0,0,0,0,0,254,1.0,1.0,0.0,0.0,0.02,0.06,0.0,255,2,0.01,0.08,0.0,0.0,1.0,1.0,0.0,1,28141.0
0,icmp,eco_i,SF,8,0,0,0,0,0,0,0,0,1,0.0,0.0,0.0,0.0,1.0,0.0,1.0,2,6,1.0,0.0,1.0,0.33,0.0,0.0,0.0,1,50657.0
0,tcp,http,SF,303,2698,0,0,1,0,0,0,1,2,0.0,0.0,0.0,0.0,1.0,0.0,0.0,143,139,0.97,0.01,0.01,0.0,0.0,0.0,0.0,0,26902.0
0,tcp,http,SF,252,2495,0,0,1,0,0,0,0,14,0.0,0.0,0.0,0.0,1.0,0.0,0.0,16,255,1.0,0.0,0.06,0.03,0.0,0.0,0.0,0,35192.0
0,tcp,smtp,SF,565,386,0,0,1,0,0,0,0,1,0.0,0.0,0.0,0.0,1.0,0.0,0.0,255,80,0.31,0.02,0.0,0.0,0.49,0.0,0.0,0,64606.0
0,tcp,http,SF,190,464,0,0,1,0,0,0,0,4,0.0,0.0,0.0,0.0,1.0,0.0,0.4,8,255,1.0,0.0,0.12,0.05,0.0,0.0,0.0,0,106654.0
0,tcp,sql_net,S0,0,0,0,0,0,0,0,0,0,254,1.0,1.0,0.0,0.0,0.06,0.06,0.0,255,14,0.05,0.05,0.0,0.0,1.0,1.0,0.0,1,100512.0
0,tcp,http,SF,54540,8314,0,2,1,1,0,0,0,3,0.0,0.0,0.0,0.25,1.0,0.0,0.5,255,255,1.0,0.0,0.0,0.0,0.01,0.01,0.04,1,25062.0
0,icmp,eco_i,SF,8,0,0,0,0,0,0,0,0,1,0.0,0.0,0.0,0.0,1.0,0.0,1.0,1,73,1.0,0.0,1.0,0.51,0.0,0.0,0.0,1,49186.0
0,tcp,ftp_data,SF,71,0,0,0,1,0,0,0,0,1,0.0,0.0,0.0,0.0,1.0,0.0,0.0,132,98,0.5,0.03,0.5,0.02,0.0,0.0,0.0,0,84681.0
0,tcp,http,SF,329,6729,0,0,1,0,0,0,0,4,0.0,0.0,0.0,0.14,1.0,0.0,0.43,23,255,1.0,0.0,0.04,0.06,0.0,0.01,0.01,0,107844.0
0,tcp,private,S0,0,0,0,0,0,0,0,0,0,208,1.0,1.0,0.0,0.0,0.05,0.06,0.0,247,11,0.04,0.07,0.0,0.0,0.94,1.0,0.0,1,33593.0
0,udp,domain_u,SF,43,129,0,0,0,0,0,0,0,125,0.0,0.0,0.0,0.0,1.0,0.0,0.01,255,255,1.0,0.0,0.0,0.0,0.0,0.0,0.0,0,109260.0
0,tcp,hostnames,REJ,0,0,0,0,0,0,0,0,0,470,0.06,0.0,0.93,1.0,0.0,1.0,0.0,255,1,0.0,1.0,0.0,0.0,0.1,0.0,1.0,1,20649.0
0,tcp,other,REJ,0,0,0,0,0,0,0,0,0,432,0.08,0.0,0.91,1.0,0.0,1.0,0.0,255,1,0.0,1.0,0.0,0.0,0.06,0.0,1.0,1,96162.0
0,tcp,gopher,REJ,0,0,0,0,0,0,0,0,0,231,0.0,0.0,1.0,1.0,0.04,0.06,0.0,255,10,0.04,0.07,0.0,0.0,0.0,0.0,1.0,1,121208.0
0,tcp,http,SF,345,301,0,0,1,0,0,0,0,15,0.0,0.0,0.0,0.0,1.0,0.0,0.0,255,255,1.0,0.0,0.0,0.0,0.0,0.0,0.0,0,33413.0
0,tcp,Z39_50,S0,0,0,0,0,0,0,0,0,0,130,1.0,1.0,0.0,0.0,0.15,0.05,0.0,255,19,0.07,0.05,0.0,0.0,1.0,1.0,0.0,1,42833.0
0,tcp,http,SF,300,13038,0,0,1,0,0,0,0,1,0.0,0.0,0.0,0.0,1.0,0.0,0.0,49,255,1.0,0.0,0.02,0.05,0.02,0.0,0.0,0,772.0
0,tcp,http,SF,169,7063,0,0,1,0,0,0,0,1,0.0,0.0,0.0,0.0,1.0,0.0,0.0,22,255,1.0,0.0,0.05,0.03,0.0,0.0,0.0,0,111634.0
26,tcp,ftp,SF,1500,4152,0,30,1,0,0,0,0,2,0.0,0.0,0.0,0.0,0.5,1.0,0.0,149,30,0.2,0.04,0.01,0.0,0.0,0.0,0.0,0,120299.0
0,icmp,eco_i,SF,8,0,0,0,0,0,0,0,0,1,0.0,0.0,0.0,0.0,1.0,0.0,1.0,1,89,1.0,0.0,1.0,0.51,0.0,0.0,0.0,1,37773.0
0,tcp,gopher,S0,0,0,0,0,0,0,0,0,0,251,1.0,1.0,0.0,0.0,0.04,0.06,0.0,255,10,0.04,0.07,0.0,0.0,1.0,1.0,0.0,1,66012.0
0,tcp,Z39_50,REJ,0,0,0,0,0,0,0,0,0,267,0.0,0.0,1.0,1.0,0.02,0.06,0.0,255,6,0.02,0.07,0.0,0.0,0.0,0.0,1.0,1,72177.0
0,udp,domain_u,SF,43,136,0,0,0,0,0,0,0,76,0.0,0.0,0.0,0.0,1.0,0.0,0.01,252,132,0.52,0.02,0.0,0.0,0.0,0.0,0.0,0,28041.0
0,tcp,http,SF,218,5496,0,0,1,0,0,0,0,5,0.0,0.0,0.0,0.0,1.0,0.0,0.0,27,255,1.0,0.0,0.04,0.02,0.0,0.0,0.0,0,97799.0
28,tcp,ftp,SF,855,2586,0,17,1,0,0,0,0,1,0.0,0.0,0.0,0.0,1.0,0.0,0.0,8,8,1.0,0.0,0.12,0.0,0.0,0.0,0.0,0,8808.0
0,tcp,finger,S0,0,0,0,0,0,0,0,0,0,58,1.0,1.0,0.0,0.0,0.26,0.07,0.0,255,40,0.16,0.05,0.01,0.0,1.0,1.0,0.0,1,106996.0
0,tcp,http,SF,222,289,0,0,1,0,0,0,0,3,0.0,0.18,0.0,0.0,1.0,0.0,0.36,7,255,1.0,0.0,0.14,0.03,0.0,0.0,0.0,0,62985.0
0,tcp,mtp,S0,0,0,0,0,0,0,0,0,0,37,1.0,1.0,0.0,0.0,0.16,0.14,0.0,255,13,0.05,0.07,0.0,0.0,1.0,1.0,0.0,1,89678.0
0,tcp,http,SF,295,261,0,0,1,0,0,0,0,6,0.0,0.0,0.0,0.0,1.0,0.0,0.1,255,255,1.0,0.0,0.0,0.0,0.0,0.0,0.0,0,35991.0
0,tcp,smtp,SF,984,309,0,0,1,0,0,0,0,1,0.0,0.0,0.0,0.0,1.0,0.0,0.0,79,9,0.11,0.9,0.01,0.0,0.0,0.0,0.0,0,52311.0
0,tcp,http,SF,417,7339,0,0,1,0,0,0,0,13,0.0,0.0,0.0,0.0,1.0,0.0,0.17,255,255,1.0,0.0,0.0,0.0,0.0,0.0,0.0,0,24440.0
0,tcp,http,SF,211,304,0,0,1,0,0,0,0,12,0.0,0.0,0.0,0.0,1.0,0.0,0.1,255,255,1.0,0.0,0.0,0.0,0.0,0.0,0.0,0,118436.0
0,tcp,ftp_data,SF,12165,0,0,0,1,0,0,0,0,7,0.0,0.0,0.0,0.0,1.0,0.0,0.0,48,92,0.35,0.1,0.35,0.02,0.0,0.0,0.0,0,81695.0
0,tcp,private,REJ,0,0,0,0,0,0,0,0,0,58,0.12,0.0,0.88,1.0,0.02,1.0,0.0,255,1,0.0,0.51,0.0,0.0,0.03,0.0,1.0,1,101886.0
0,icmp,ecr_i,SF,520,0,0,0,0,0,0,0,0,35,0.0,0.0,0.0,0.0,1.0,0.0,0.0,255,255,1.0,0.0,1.0,0.0,0.0,0.0,0.0,1,113392.0
0,tcp,http,SF,246,2197,0,0,1,0,0,0,0,5,0.0,0.0,0.0,0.0,1.0,0.0,0.0,255,255,1.0,0.0,0.0,0.0,0.0,0.0,0.0,0,42169.0
0,tcp,http,SF,168,3030,0,0,1,0,0,0,0,1,0.0,0.0,0.0,0.0,1.0,0.0,0.0,82,255,1.0,0.0,0.01,0.02,0.01,0.0,0.0,0,20947.0
0,icmp,urp_i,SF,126,0,0,0,0,0,0,0,0,1,0.0,0.0,0.0,0.0,1.0,0.0,0.0,22,11,0.18,0.14,0.18,0.18,0.0,0.0,0.0,0,59872.0
0,tcp,Z39_50,S0,0,0,0,0,0,0,0,0,0,184,1.0,1.0,0.0,0.0,0.05,0.08,0.0,255,2,0.01,0.07,0.0,0.0,1.0,1.0,0.0,1,78912.0
0,tcp,http,SF,221,187,0,0,1,0,0,0,0,36,0.0,0.0,0.0,0.0,1.0,0.0,0.09,255,255,1.0,0.0,0.0,0.0,0.0,0.0,0.0,0,26911.0
0,tcp,http,SF,54540,8314,0,2,1,1,0,0,0,2,0.0,0.0,0.0,0.0,1.0,0.0,0.0,92,92,1.0,0.0,0.01,0.0,0.0,0.0,0.01,1,11987.0
0,udp,domain_u,SF,44,137,0,0,0,0,0,0,0,15,0.0,0.0,0.0,0.0,0.93,0.13,0.02,255,239,0.94,0.01,0.0,0.0,0.0,0.0,0.0,0,68028.0
0,udp,domain_u,SF,44,134,0,0,0,0,0,0,0,317,0.0,0.0,0.0,0.0,1.0,0.0,0.0,255,254,1.0,0.01,0.0,0.0,0.0,0.0,0.0,0,52242.0
0,udp,domain_u,SF,45,77,0,0,0,0,0,0,0,282,0.0,0.0,0.0,0.0,1.0,0.0,0.0,255,209,0.82,0.01,0.0,0.0,0.0,0.0,0.0,0,22136.0
0,tcp,ftp,RSTO,0,0,0,0,0,0,0,0,0,241,0.0,0.0,1.0,1.0,0.01,0.07,0.0,255,2,0.01,0.08,0.0,0.0,0.0,0.0,1.0,1,99947.0
0,tcp,private,REJ,0,0,0,0,0,0,0,0,0,182,0.0,0.0,1.0,1.0,0.04,0.07,0.0,255,8,0.03,0.06,0.0,0.0,0.0,0.0,1.0,1,116572.0
0,tcp,http,SF,321,238,0,0,1,0,0,0,0,3,0.0,0.0,0.0,0.0,1.0,0.0,0.0,37,255,1.0,0.0,0.03,0.06,0.0,0.0,0.0,0,72301.0
0,tcp,ldap,S0,0,0,0,0,0,0,0,0,0,46,1.0,1.0,0.0,0.0,0.15,0.13,0.0,255,7,0.03,0.09,0.0,0.0,1.0,1.0,0.0,1,85262.0
0,tcp,private,S0,0,0,0,0,0,0,0,0,0,177,1.0,1.0,0.0,0.0,0.1,0.07,0.0,255,17,0.07,0.08,0.0,0.0,1.0,1.0,0.0,1,62201.0
0,udp,domain_u,SF,44,134,0,0,0,0,0,0,0,11,0.0,0.0,0.0,0.0,1.0,0.0,0.02,255,254,1.0,0.01,0.0,0.0,0.0,0.0,0.0,0,33514.0
0,tcp,http,SF,348,1280,0,0,1,0,0,0,0,3,0.0,0.0,0.0,0.0,1.0,0.0,0.0,255,255,1.0,0.0,0.0,0.0,0.0,0.0,0.0,0,53689.0
0,tcp,http,SF,220,26658,0,0,1,0,0,0,0,6,0.17,0.17,0.0,0.0,1.0,0.0,0.0,28,255,1.0,0.0,0.04,0.01,0.04,0.0,0.0,0,112067.0
0,tcp,ftp_data,S0,0,0,0,0,0,0,0,0,0,40,1.0,1.0,0.0,0.0,0.25,0.1,0.0,120,48,0.25,0.03,0.01,0.04,1.0,0.62,0.0,1,117171.0
0,tcp,private,REJ,0,0,0,0,0,0,0,0,0,99,0.07,0.0,0.93,1.0,0.01,1.0,0.0,255,1,0.0,0.65,0.0,0.0,0.03,0.0,1.0,1,39347.0
0,tcp,ftp_data,SF,10044,0,0,0,1,0,0,0,0,9,0.0,0.0,0.0,0.0,1.0,0.0,0.0,255,54,0.21,0.05,0.21,0.0,0.36,0.0,0.0,0,35678.0
5,tcp,http,SF,351,759161,0,9,1,0,0,0,0,1,0.0,0.0,0.0,0.0,1.0,0.0,0.0,255,255,1.0,0.0,0.0,0.0,0.0,0.0,0.0,0,71309.0
0,tcp,http,SF,216,1484,0,0,1,0,0,0,0,6,0.0,0.0,0.0,0.0,1.0,0.0,0.0,255,255,1.0,0.0,0.0,0.0,0.0,0.0,0.0,0,24734.0
0,tcp,http,SF,323,6015,0,0,1,0,0,0,0,1,0.0,0.0,0.0,0.0,1.0,0.0,0.18,95,255,1.0,0.0,0.01,0.01,0.0,0.0,0.0,0,31749.0
0,udp,domain_u,SF,44,76,0,0,0,0,0,0,0,313,0.0,0.0,0.0,0.0,1.0,0.0,0.0,255,254,1.0,0.01,0.0,0.0,0.0,0.0,0.0,0,109345.0
0,tcp,ftp_data,SF,10073,0,0,0,1,0,0,0,0,2,0.0,0.0,0.0,0.0,1.0,0.0,0.0,9,50,0.89,0.22,0.89,0.04,0.0,0.0,0.0,0,67737.0
0,icmp,eco_i,SF,8,0,0,0,0,0,0,0,0,1,0.0,0.0,0.0,0.0,1.0,0.0,1.0,1,29,1.0,0.0,1.0,0.52,0.0,0.0,0.0,1,1106.0
0,tcp,http,SF,241,398,0,0,1,0,0,0,0,5,0.0,0.0,0.0,0.0,1.0,0.0,0.33,87,255,1.0,0.0,0.01,0.05,0.0,0.0,0.56,0,87581.0
0,tcp,ftp_data,SF,276,0,0,0,1,0,0,0,0,3,0.0,0.0,0.0,0.0,1.0,0.0,0.0,9,9,1.0,0.0,1.0,0.0,0.0,0.0,0.0,0,82083.0
0,tcp,http,SF,205,539,0,0,1,0,0,0,0,21,0.0,0.0,0.0,0.0,1.0,0.0,0.0,255,255,1.0,0.0,0.0,0.0,0.0,0.0,0.0,0,121087.0
0,tcp,smtp,SF,1066,389,0,0,1,0,0,0,0,1,0.0,0.0,0.0,0.0,1.0,0.0,1.0,255,138,0.54,0.01,0.0,0.0,0.71,0.72,0.0,0,123212.0
0,tcp,private,S0,0,0,0,0,0,0,0,0,0,195,1.0,1.0,0.0,0.0,0.09,0.06,0.0,255,19,0.07,0.07,0.0,0.0,1.0,1.0,0.0,1,70377.0
1,tcp,smtp,SF,1015,331,0,0,1,0,0,0,0,1,0.0,0.0,0.0,0.0,1.0,0.0,1.0,21,169,0.86,0.14,0.05,0.01,0.0,0.0,0.0,0,113939.0
0,tcp,private,REJ,0,0,0,0,0,0,0,0,0,276,0.0,0.0,1.0,1.0,0.05,0.06,0.0,255,15,0.06,0.09,0.0,0.0,0.0,0.0,1.0,1,31377.0
0,tcp,systat,S0,0,0,0,0,0,0,0,0,0,251,1.0,1.0,0.0,0.0,0.08,0.05,0.0,255,21,0.08,0.05,0.0,0.0,1.0,1.0,0.0,1,99985.0
0,icmp,eco_i,SF,30,0,0,0,0,0,0,0,0,1,0.0,0.0,0.0,0.0,1.0,0.0,0.0,77,131,1.0,0.0,1.0,0.21,0.0,0.0,0.0,0,114462.0
0,tcp,http,REJ,0,0,0,0,0,0,0,0,0,1,0.0,0.0,1.0,1.0,1.0,0.0,1.0,19,94,1.0,0.0,0.05,0.14,0.0,0.0,1.0,0,45804.0
0,tcp,private,REJ,0,0,0,0,0,0,0,0,0,143,0.0,0.0,1.0,1.0,0.1,0.06,0.0,218,15,0.07,0.06,0.0,0.0,0.0,0.0,1.0,1,117909.0
0,tcp,http,S0,0,0,0,0,0,0,0,0,0,19,1.0,1.0,0.0,0.0,0.53,0.11,0.0,255,61,0.24,0.04,0.01,0.0,1.0,1.0,0.0,1,106915.0
0,tcp,http,SF,248,766,0,0,1,0,0,0,0,8,0.0,0.0,0.0,0.0,1.0,0.0,0.38,255,255,1.0,0.0,0.0,0.0,0.0,0.0,0.0,0,18106.0
0,udp,domain_u,SF,17,70,0,0,0,0,0,0,0,1,0.0,0.0,0.0,0.0,1.0,0.0,1.0,77,228,1.0,0.0,1.0,0.01,0.0,0.0,0.0,0,57929.0
0,tcp,uucp_path,REJ,0,0,0,0,0,0,0,0,0,218,0.0,0.0,1.0,1.0,0.04,0.06,0.0,255,9,0.04,0.07,0.0,0.0,0.0,0.0,1.0,1,100022.0
0,icmp,ecr_i,SF,1032,0,0,0,0,0,0,0,0,511,0.0,0.0,0.0,0.0,1.0,0.0,0.0,255,169,0.66,0.16,0.66,0.0,0.0,0.0,0.0,1,89756.0
0,tcp,http,SF,323,8763,0,0,1,0,0,0,0,2,0.0,0.0,0.0,0.0,1.0,0.0,0.8,145,255,1.0,0.0,0.01,0.02,0.0,0.0,0.0,0,68382.0
0,tcp,http,SF,3836,4026,0,0,1,0,0,0,0,15,0.0,0.0,0.0,0.0,1.0,0.0,0.0,59,255,1.0,0.0,0.02,0.07,0.0,0.01,0.0,0,36123.0
0,tcp,systat,S0,0,0,0,0,0,0,0,0,0,270,1.0,1.0,0.0,0.0,0.02,0.06,0.0,255,5,0.02,0.08,0.0,0.0,1.0,1.0,0.0,1,102886.0
0,tcp,http,REJ,0,0,0,0,0,0,0,0,0,1,0.0,0.0,1.0,1.0,1.0,0.0,0.0,55,225,1.0,0.0,0.02,0.16,0.0,0.0,1.0,0,110455.0
0,udp,domain_u,SF,45,120,0,0,0,0,0,0,0,38,0.0,0.0,0.0,0.0,1.0,0.0,0.05,255,255,1.0,0.0,0.0,0.0,0.0,0.0,0.0,0,88276.0
0,tcp,http,SF,319,15251,0,0,1,0,0,0,0,3,0.0,0.0,0.0,0.0,1.0,0.0,0.0,81,255,1.0,0.0,0.01,0.07,0.0,0.01,0.0,0,123332.0
0,icmp,ecr_i,SF,520,0,0,0,0,0,0,0,0,486,0.0,0.0,0.0,0.0,1.0,0.0,0.0,66,66,1.0,0.0,1.0,0.0,0.0,0.0,0.0,1,39644.0
0,tcp,http,SF,345,1065,0,0,1,0,0,0,0,9,0.0,0.0,0.0,0.0,1.0,0.0,0.0,9,255,1.0,0.0,0.11,0.05,0.0,0.0,0.0,0,37784.0
0,tcp,smtp,S0,0,0,0,0,0,0,0,0,0,292,1.0,1.0,0.0,0.0,0.0,0.06,0.0,255,5,0.02,0.07,0.0,0.0,1.0,1.0,0.0,1,115610.0
0,tcp,nnsp,S0,0,0,0,0,0,0,0,0,0,111,1.0,1.0,0.0,0.0,0.12,0.05,0.0,255,7,0.03,0.06,0.0,0.0,1.0,1.0,0.0,1,59809.0
0,tcp,private,S0,0,0,0,0,0,0,0,0,0,191,1.0,1.0,0.0,0.0,0.06,0.07,0.0,255,12,0.05,0.07,0.0,0.0,1.0,1.0,0.0,1,37126.0
0,tcp,private,S0,0,0,0,0,0,0,0,0,0,24,1.0,1.0,0.0,0.0,0.12,0.25,0.0,255,14,0.05,0.09,0.0,0.0,1.0,1.0,0.0,1,35127.0
0,tcp,smtp,SF,940,329,0,0,1,0,0,0,0,1,0.0,0.0,0.0,0.0,1.0,0.0,0.0,89,185,0.8,0.03,0.01,0.01,0.0,0.01,0.0,0,46123.0
0,tcp,smtp,SF,1635,333,0,0,1,0,0,0,0,2,0.0,0.0,0.0,0.0,0.5,1.0,0.0,255,79,0.31,0.03,0.0,0.0,0.0,0.0,0.0,0,19557.0
4,tcp,smtp,SF,1795,451,0,0,1,0,0,0,0,1,0.0,0.0,0.0,0.0,1.0,0.0,0.75,72,58,0.81,0.04,0.01,0.0,0.0,0.0,0.0,0,78054.0
0,tcp,uucp,RSTO,0,0,0,0,0,0,0,0,0,110,0.0,0.0,1.0,1.0,0.05,0.07,0.0,255,6,0.02,0.06,0.0,0.0,0.0,0.0,1.0,1,59212.0
0,tcp,private,RSTR,0,0,0,0,0,0,0,0,0,1,0.0,0.0,1.0,1.0,1.0,0.0,0.0,191,1,0.01,0.19,0.37,0.0,0.0,0.0,1.0,1,66438.0
0,tcp,http,SF,249,1154,0,0,1,0,0,0,0,10,0.0,0.0,0.0,0.0,1.0,0.0,0.14,72,255,1.0,0.0,0.01,0.03,0.0,0.0,0.0,0,12961.0
0,tcp,supdup,REJ,0,0,0,0,0,0,0,0,0,201,0.0,0.0,1.0,1.0,0.0,0.06,0.0,255,1,0.0,0.07,0.0,0.0,0.0,0.0,1.0,1,87305.0
0,tcp,private,S0,0,0,0,0,0,0,0,0,0,108,1.0,1.0,0.0,0.0,0.16,0.06,0.0,255,3,0.01,0.07,0.0,0.0,1.0,1.0,0.0,1,18505.0
0,tcp,ftp_data,SF,63,0,0,0,1,0,0,0,0,2,0.0,0.0,0.0,0.0,1.0,0.0,0.67,255,74,0.29,0.02,0.16,0.0,0.49,0.45,0.0,0,60433.0
217,udp,other,SF,147,105,0,0,0,0,0,0,0,1,0.0,0.0,0.0,0.0,1.0,0.0,0.0,255,1,0.0,0.64,0.94,0.0,0.0,0.0,0.0,0,46870.0
0,icmp,ecr_i,SF,1480,0,1,0,0,0,0,0,0,1,0.0,0.0,0.0,0.0,1.0,0.0,0.67,3,151,1.0,0.0,1.0,0.07,0.0,0.0,0.0,1,73972.0
0,tcp,uucp,S0,0,0,0,0,0,0,0,0,0,124,1.0,1.0,0.0,0.0,0.12,0.06,0.0,255,15,0.06,0.05,0.0,0.0,1.0,1.0,0.0,1,115405.0
0,tcp,http,SF,243,274,0,0,1,0,0,0,0,16,0.0,0.0,0.0,0.0,1.0,0.0,0.0,50,255,1.0,0.0,0.02,0.07,0.0,0.0,0.79,0,45226.0
0,udp,domain_u,SF,122,44,0,0,0,0,0,0,0,272,0.0,0.0,0.0,0.0,1.0,0.01,0.0,161,128,0.8,0.01,0.34,0.0,0.0,0.0,0.0,0,103638.0
0,tcp,domain,S0,0,0,0,0,0,0,0,0,0,217,1.0,1.0,0.0,0.0,0.08,0.06,0.0,255,4,0.02,0.07,0.0,0.0,1.0,1.0,0.0,1,101578.0
0,tcp,http,SF,311,1493,0,0,1,0,0,0,0,9,0.0,0.0,0.0,0.0,1.0,0.0,0.0,30,255,1.0,0.0,0.03,0.04,0.0,0.0,0.0,0,59913.0
0,tcp,http,SF,203,1299,0,0,1,0,0,0,0,1,0.0,0.0,0.0,0.0,1.0,0.0,0.0,24,255,1.0,0.0,0.04,0.03,0.0,0.0,0.01,0,88274.0
0,tcp,iso_tsap,S0,0,0,0,0,0,0,0,0,0,225,1.0,1.0,0.0,0.0,0.08,0.07,0.0,255,18,0.07,0.07,0.0,0.0,1.0,1.0,0.0,1,80434.0
0,tcp,http,S0,0,0,0,0,0,0,0,0,0,243,1.0,1.0,0.0,0.0,0.09,0.05,0.0,255,22,0.09,0.05,0.0,0.0,1.0,1.0,0.0,1,63919.0
0,udp,domain_u,SF,43,132,0,0,0,0,0,0,0,162,0.0,0.0,0.0,0.0,1.0,0.0,0.01,255,251,0.98,0.01,0.0,0.0,0.0,0.0,0.0,0,49690.0
0,tcp,http,SF,54540,8314,0,2,1,1,0,0,0,3,0.0,0.0,0.0,0.25,1.0,0.0,0.5,68,68,1.0,0.0,0.01,0.0,0.0,0.0,0.01,1,112776.0
0,tcp,private,SH,0,0,0,0,0,0,0,0,0,1,1.0,1.0,0.0,0.0,1.0,0.0,0.0,208,1,0.0,0.95,0.96,0.0,0.96,1.0,0.0,1,26781.0
0,tcp,private,REJ,0,0,0,0,0,0,0,0,0,264,0.09,0.0,0.9,1.0,0.0,1.0,0.0,255,1,0.0,1.0,0.0,0.0,0.1,0.0,1.0,1,112838.0
0,tcp,nnsp,S0,0,0,0,0,0,0,0,0,0,132,1.0,1.0,0.0,0.0,0.11,0.05,0.0,255,10,0.04,0.07,0.0,0.0,1.0,1.0,0.0,1,118946.0
0,icmp,eco_i,SF,18,0,0,0,0,0,0,0,0,1,0.0,0.0,0.0,0.0,1.0,0.0,0.0,3,87,1.0,0.0,1.0,0.25,0.0,0.0,0.0,1,112871.0
2,tcp,smtp,SF,109,409,0,0,1,0,0,0,0,1,0.0,0.0,0.0,0.0,1.0,0.0,1.0,85,17,0.2,0.05,0.01,0.0,0.0,0.0,0.0,0,3172.0
0,tcp,private,S0,0,0,0,0,0,0,0,0,0,290,1.0,1.0,0.0,0.0,0.01,0.05,0.0,255,4,0.02,0.05,0.0,0.0,1.0,1.0,0.0,1,71566.0
0,tcp,private,S0,0,0,0,0,0,0,0,0,0,233,1.0,1.0,0.0,0.0,0.08,0.06,0.0,255,3,0.01,0.09,0.0,0.0,1.0,1.0,0.0,1,64984.0
0,tcp,http,REJ,0,0,0,0,0,0,0,0,0,10,0.0,0.0,1.0,1.0,1.0,0.0,0.17,39,193,1.0,0.0,0.03,0.17,0.0,0.0,0.55,0,41594.0
0,tcp,telnet,S0,0,0,0,0,0,0,0,0,0,54,1.0,1.0,0.0,0.0,0.33,0.06,0.0,255,70,0.27,0.02,0.01,0.0,1.0,1.0,0.0,1,99804.0
0,icmp,eco_i,SF,8,0,0,0,0,0,0,0,0,1,0.0,0.0,0.0,0.0,1.0,0.0,1.0,1,38,1.0,0.0,1.0,0.53,0.0,0.0,0.0,1,4968.0
0,tcp,private,S0,0,0,0,0,0,0,0,0,0,276,1.0,1.0,0.0,0.0,0.02,0.05,0.0,255,15,0.06,0.07,0.0,0.0,1.0,1.0,0.0,1,19223.0
0,udp,domain_u,SF,44,121,0,0,0,0,0,0,0,255,0.0,0.0,0.0,0.0,1.0,0.0,0.01,255,212,0.83,0.01,0.0,0.0,0.0,0.0,0.0,0,86977.0
0,tcp,http,S0,0,0,0,0,0,0,0,0,0,234,1.0,1.0,0.0,0.0,0.02,0.06,0.0,255,4,0.02,0.06,0.0,0.0,1.0,1.0,0.0,1,108175.0
0,tcp,http,SF,307,2396,0,0,1,0,0,0,0,3,0.33,0.33,0.0,0.0,1.0,0.0,0.0,83,255,1.0,0.0,0.01,0.03,0.01,0.01,0.0,0,55195.0
0,udp,private,SF,28,0,3,0,0,0,0,0,0,87,0.0,0.0,0.0,0.0,1.0,0.0,0.0,255,87,0.34,0.02,0.34,0.0,0.0,0.0,0.0,1,65209.0
0,tcp,private,REJ,0,0,0,0,0,0,0,0,0,81,0.0,0.0,1.0,1.0,0.04,0.09,0.0,255,3,0.01,0.06,0.0,0.0,0.0,0.0,1.0,1,18289.0
0,tcp,ftp_data,SF,4763,0,0,0,1,0,0,0,0,10,0.0,0.0,0.0,0.0,1.0,0.0,0.0,255,55,0.22,0.05,0.22,0.0,0.36,0.0,0.0,0,123615.0
0,tcp,http,SF,319,4143,0,0,1,0,0,0,0,26,0.0,0.0,0.0,0.0,1.0,0.0,0.07,255,255,1.0,0.0,0.0,0.0,0.0,0.0,0.0,0,37188.0
0,icmp,ecr_i,SF,1032,0,0,0,0,0,0,0,0,89,0.0,0.0,0.0,0.0,1.0,0.0,0.0,255,89,0.35,0.02,0.35,0.0,0.0,0.0,0.0,1,119805.0
0,tcp,private,S0,0,0,0,0,0,0,0,0,0,93,1.0,1.0,0.0,0.0,0.03,0.06,0.0,255,19,0.07,0.07,0.0,0.0,1.0,1.0,0.0,1,78580.0
0,tcp,http,SF,329,633,0,0,1,0,0,0,0,3,0.0,0.0,0.0,0.0,1.0,0.0,0.5,32,255,1.0,0.0,0.03,0.05,0.0,0.0,0.0,0,32993.0
0,tcp,http,SF,241,261,0,0,1,0,0,0,0,6,0.0,0.0,0.0,0.0,1.0,0.0,0.0,68,193,1.0,0.0,0.01,0.03,0.0,0.0,0.0,0,123023.0
0,tcp,gopher,S0,0,0,0,0,0,0,0,0,0,294,1.0,1.0,0.0,0.0,0.08,0.05,0.0,255,23,0.09,0.05,0.0,0.0,1.0,1.0,0.0,1,54422.0
0,tcp,private,S0,0,0,0,0,0,0,0,0,0,138,1.0,1.0,0.0,0.0,0.14,0.05,0.0,255,36,0.14,0.06,0.0,0.0,1.0,1.0,0.0,1,23302.0
1,tcp,smtp,SF,1411,327,0,0,1,0,0,0,0,1,0.0,0.0,0.0,0.0,1.0,0.0,0.0,72,71,0.75,0.07,0.01,0.03,0.0,0.0,0.0,0,103311.0
0,tcp,http,SF,54540,8314,0,2,1,1,0,0,0,3,0.0,0.0,0.0,0.0,1.0,0.0,0.0,59,59,1.0,0.0,0.02,0.0,0.0,0.0,0.2,1,113611.0
0,tcp,http,SF,213,1108,0,0,1,0,0,0,0,4,0.25,0.22,0.0,0.0,1.0,0.0,0.33,255,255,1.0,0.0,0.0,0.0,0.01,0.01,0.0,0,13019.0
0,tcp,private,S0,0,0,0,0,0,0,0,0,0,193,1.0,1.0,0.0,0.0,0.09,0.08,0.0,255,17,0.07,0.07,0.0,0.0,1.0,1.0,0.0,1,42038.0
0,tcp,http,SF,247,756,0,0,1,0,0,0,0,37,0.0,0.0,0.0,0.0,1.0,0.0,0.0,75,255,1.0,0.0,0.01,0.01,0.0,0.0,0.07,0,6899.0
0,tcp,private,S0,0,0,0,0,0,0,0,0,0,58,1.0,1.0,0.0,0.0,0.28,0.1,0.0,255,16,0.06,0.08,0.0,0.0,1.0,1.0,0.0,1,31410.0
0,tcp,http,SF,321,461,0,0,1,0,0,0,0,21,0.0,0.0,0.0,0.0,1.0,0.0,0.0,21,255,1.0,0.0,0.05,0.03,0.0,0.0,0.0,0,98624.0
0,tcp,private,REJ,0,0,0,0,0,0,0,0,0,20,0.0,0.0,0.95,1.0,0.05,1.0,0.0,138,1,0.01,0.25,0.01,0.0,0.0,0.0,1.0,1,15615.0
0,icmp,ecr_i,SF,1032,0,0,0,0,0,0,0,0,511,0.0,0.0,0.0,0.0,1.0,0.0,0.0,255,214,0.84,0.02,0.84,0.0,0.0,0.0,0.0,1,23742.0
0,udp,other,SF,1,0,0,0,0,0,0,0,0,10,0.0,0.0,0.0,0.0,0.1,0.8,0.0,255,1,0.0,0.2,1.0,0.0,0.0,0.0,0.0,1,71005.0
0,tcp,private,RSTR,0,0,0,0,0,0,0,0,0,1,0.0,0.0,1.0,1.0,1.0,0.0,0.0,165,1,0.01,0.41,0.41,0.0,0.0,0.0,1.0,1,91007.0
0,tcp,http,SF,217,758,0,0,1,0,0,0,0,25,0.0,0.0,0.0,0.0,1.0,0.0,0.0,25,255,1.0,0.0,0.04,0.01,0.0,0.0,0.0,0,23247.0
0,tcp,http,SF,315,788,0,0,1,0,0,0,0,11,0.0,0.0,0.0,0.0,1.0,0.0,0.0,12,255,1.0,0.0,0.08,0.05,0.0,0.01,0.0,0,18606.0
0,tcp,http,REJ,0,0,0,0,0,0,0,0,0,1,0.0,0.0,1.0,1.0,1.0,0.0,0.0,96,255,1.0,0.0,0.02,0.1,0.0,0.0,0.71,0,8322.0
0,tcp,whois,S0,0,0,0,0,0,0,0,0,0,209,1.0,1.0,0.0,0.0,0.04,0.06,0.0,255,12,0.05,0.07,0.0,0.0,1.0,1.0,0.0,1,4029.0
0,tcp,ftp_data,SF,7280,0,0,0,1,0,0,0,0,3,0.0,0.0,0.0,0.0,1.0,0.0,0.0,221,71,0.32,0.03,0.32,0.0,0.02,0.03,0.0,0,93502.0
0,tcp,private,S0,0,0,0,0,0,0,0,0,0,115,1.0,1.0,0.0,0.0,0.04,0.06,0.0,255,7,0.03,0.07,0.0,0.0,1.0,1.0,0.0,1,45038.0
0,tcp,private,S0,0,0,0,0,0,0,0,0,0,269,1.0,1.0,0.0,0.0,0.03,0.06,0.0,255,25,0.1,0.06,0.0,0.0,1.0,1.0,0.0,1,4413.0
1,tcp,ftp_data,SF,194,0,0,0,1,0,0,0,0,1,0.0,0.0,0.0,0.0,1.0,0.0,0.0,87,8,0.09,0.05,0.09,0.0,0.0,0.0,0.0,0,73323.0
1,tcp,ftp,SF,1194,2449,0,28,1,0,0,0,0,1,0.0,0.0,0.0,0.0,1.0,0.0,0.0,113,11,0.1,0.05,0.01,0.0,0.02,0.0,0.0,1,79035.0
0,tcp,auth,S0,0,0,0,0,0,0,0,0,0,283,1.0,1.0,0.0,0.0,0.02,0.06,0.0,255,17,0.07,0.07,0.0,0.0,1.0,1.0,0.0,1,36426.0
0,tcp,http,SF,211,1684,0,0,1,0,0,0,0,10,0.0,0.0,0.0,0.0,1.0,0.0,0.16,255,255,1.0,0.0,0.0,0.0,0.0,0.0,0.0,0,80831.0
0,tcp,http,SF,244,2522,0,0,1,0,0,0,0,1,0.0,0.0,0.0,0.0,1.0,0.0,0.25,156,255,1.0,0.0,0.01,0.02,0.0,0.0,0.0,0,40423.0
0,tcp,supdup,S0,0,0,0,0,0,0,0,0,0,299,1.0,1.0,0.0,0.0,0.03,0.05,0.0,255,9,0.04,0.05,0.0,0.0,1.0,1.0,0.0,1,659.0
0,tcp,http,SF,294,5875,0,0,1,0,0,0,0,2,0.0,0.0,0.0,0.0,1.0,0.0,0.2,2,242,1.0,0.0,0.5,0.04,0.0,0.0,0.0,0,65560.0
10,tcp,smtp,SF,1085,337,0,0,1,0,0,0,0,1,0.0,0.0,0.0,0.0,1.0,0.0,1.0,215,167,0.61,0.02,0.0,0.01,0.0,0.0,0.0,0,90458.0
0,tcp,other,REJ,0,0,0,0,0,0,0,0,0,509,0.19,0.0,0.81,1.0,0.0,1.0,0.0,255,1,0.0,1.0,0.0,0.0,0.11,0.0,1.0,1,108049.0
0,tcp,http,SF,247,930,0,0,1,0,0,0,0,20,0.0,0.0,0.0,0.0,1.0,0.0,0.04,255,255,1.0,0.0,0.0,0.0,0.0,0.0,0.0,0,52069.0
0,icmp,eco_i,SF,18,0,0,0,0,0,0,0,0,1,0.0,0.0,0.0,0.0,1.0,0.0,0.0,4,208,1.0,0.0,1.0,0.25,0.0,0.0,0.0,1,5346.0
0,tcp,http,SF,280,2835,0,0,1,0,0,0,0,1,0.0,0.0,0.0,0.0,1.0,0.0,0.0,1,26,1.0,0.0,1.0,0.08,0.0,0.0,0.0,0,3296.0
0,tcp,http,SF,271,10898,0,0,1,0,0,0,0,13,0.0,0.0,0.0,0.0,1.0,0.0,0.0,46,255,1.0,0.0,0.02,0.05,0.0,0.0,0.0,0,115692.0
0,udp,domain_u,SF,45,72,0,0,0,0,0,0,0,321,0.0,0.0,0.0,0.0,1.0,0.01,0.0,255,254,1.0,0.01,0.0,0.0,0.0,0.0,0.0,0,105674.0
0,tcp,ftp_data,SF,6601,0,0,0,1,0,0,0,0,13,0.0,0.0,0.0,0.0,1.0,0.0,0.0,75,123,0.47,0.05,0.47,0.02,0.0,0.01,0.0,0,74012.0
0,tcp,http,SF,311,851,0,0,1,0,0,0,0,41,0.0,0.0,0.0,0.0,1.0,0.0,0.0,255,255,1.0,0.0,0.0,0.0,0.0,0.0,0.0,0,100729.0
0,tcp,http,SF,363,2874,0,0,1,0,0,0,0,4,0.0,0.0,0.0,0.0,1.0,0.0,0.0,6,255,1.0,0.0,0.17,0.03,0.0,0.0,0.0,0,76087.0
1,tcp,smtp,SF,1170,361,0,0,1,0,0,0,0,1,0.0,0.0,0.0,0.0,1.0,0.0,1.0,42,31,0.74,0.14,0.02,0.0,0.0,0.0,0.0,0,103384.0
0,tcp,http,REJ,0,0,0,0,0,0,0,0,0,1,0.0,0.0,1.0,1.0,1.0,0.0,0.0,11,245,1.0,0.0,0.09,0.16,0.0,0.0,0.98,0,123180.0
0,tcp,private,S0,0,0,0,0,0,0,0,0,0,208,1.0,1.0,0.0,0.0,0.04,0.05,0.0,255,8,0.03,0.06,0.0,0.0,1.0,1.0,0.0,1,85682.0
0,tcp,other,S0,0,0,0,0,0,0,0,0,0,480,0.08,1.0,0.89,0.0,0.0,0.95,0.0,255,1,0.0,0.92,0.0,0.0,0.1,1.0,0.0,1,7677.0
0,tcp,private,S0,0,0,0,0,0,0,0,0,0,131,1.0,1.0,0.0,0.0,0.12,0.07,0.0,255,16,0.06,0.08,0.0,0.0,1.0,1.0,0.0,1,21189.0
0,tcp,http,SF,275,20298,0,0,1,0,0,0,0,1,0.0,0.0,0.0,0.0,1.0,0.0,0.0,22,255,1.0,0.0,0.05,0.06,0.0,0.01,0.0,0,104668.0
0,tcp,nntp,S0,0,0,0,0,0,0,0,0,0,232,1.0,1.0,0.0,0.0,0.1,0.05,0.0,255,24,0.09,0.06,0.0,0.0,1.0,1.0,0.0,1,52737.0
0,tcp,http,SF,219,2768,0,0,1,0,0,0,0,14,0.0,0.0,0.0,0.0,1.0,0.0,0.0,134,255,1.0,0.0,0.01,0.02,0.0,0.0,0.0,0,29327.0
0,tcp,private,S0,0,0,0,0,0,0,0,0,0,206,1.0,1.0,0.0,0.0,0.03,0.06,0.0,255,16,0.06,0.07,0.0,0.0,1.0,1.0,0.0,1,8728.0
0,tcp,private,S0,0,0,0,0,0,0,0,0,0,189,1.0,1.0,0.0,0.0,0.13,0.05,0.0,255,25,0.1,0.07,0.0,0.0,1.0,1.0,0.0,1,97435.0
0,tcp,domain,S0,0,0,0,0,0,0,0,0,0,300,1.0,1.0,0.0,0.0,0.03,0.05,0.0,255,10,0.04,0.07,0.0,0.0,1.0,1.0,0.0,1,112562.0
0,tcp,sunrpc,S0,0,0,0,0,0,0,0,0,0,125,1.0,1.0,0.0,0.0,0.07,0.06,0.0,255,5,0.02,0.07,0.0,0.0,1.0,1.0,0.0,1,48263.0
0,tcp,IRC,S1,1540,6141,0,0,1,0,0,0,0,1,1.0,1.0,0.0,0.0,1.0,0.0,0.0,7,4,0.57,0.29,0.14,0.0,0.29,0.5,0.5,0,112196.0
0,tcp,http,SF,302,388,0,0,1,0,0,0,0,1,0.0,0.0,0.0,0.0,1.0,0.0,0.67,1,255,1.0,0.0,1.0,0.02,0.0,0.0,0.0,0,99245.0
0,tcp,http,SF,332,2785,0,0,1,0,0,0,0,3,0.0,0.0,0.0,0.0,1.0,0.0,0.0,3,255,1.0,0.0,0.33,0.06,0.0,0.0,0.0,0,113774.0
0,tcp,supdup,S0,0,0,0,0,0,0,0,0,0,232,1.0,1.0,0.0,0.0,0.04,0.05,0.0,255,9,0.04,0.06,0.0,0.0,1.0,1.0,0.0,1,65770.0
0,tcp,http,SF,215,1993,0,0,1,0,0,0,0,9,0.0,0.0,0.0,0.0,1.0,0.0,0.0,43,255,1.0,0.0,0.02,0.05,0.0,0.0,0.0,0,81068.0
0,icmp,eco_i,SF,8,0,0,0,0,0,0,0,0,1,0.0,0.0,0.0,0.0,1.0,0.0,1.0,2,62,1.0,0.0,1.0,0.52,0.0,0.0,0.0,1,1072.0
0,tcp,http,SF,310,2837,0,0,1,0,0,0,0,7,0.0,0.0,0.0,0.0,1.0,0.0,0.0,255,255,1.0,0.0,0.0,0.0,0.0,0.0,0.0,0,93347.0
0,tcp,telnet,S0,0,0,0,0,0,0,0,0,0,75,0.99,1.0,0.01,0.0,0.24,0.07,0.0,255,40,0.16,0.05,0.01,0.0,1.0,1.0,0.0,1,118761.0
0,tcp,private,REJ,0,0,0,0,0,0,0,0,0,15,0.0,0.0,1.0,1.0,0.4,0.13,0.0,255,26,0.1,0.06,0.0,0.0,0.0,0.0,1.0,1,15816.0
0,tcp,bgp,S0,0,0,0,0,0,0,0,0,0,260,1.0,1.0,0.0,0.0,0.0,0.05,0.0,255,1,0.0,0.05,0.0,0.0,1.0,1.0,0.0,1,37880.0
0,icmp,ecr_i,SF,1032,0,0,0,0,0,0,0,0,511,0.0,0.0,0.0,0.0,1.0,0.0,0.0,247,153,0.62,0.03,0.62,0.0,0.01,0.0,0.0,1,106489.0
0,tcp,http,SF,313,1220,0,0,1,0,0,0,0,11,0.0,0.0,0.0,0.0,1.0,0.0,0.0,56,255,1.0,0.0,0.02,0.04,0.0,0.0,0.0,0,117863.0
0,udp,domain_u,SF,45,77,0,0,0,0,0,0,0,254,0.0,0.0,0.0,0.0,1.0,0.0,0.01,255,254,1.0,0.01,0.0,0.0,0.0,0.0,0.0,0,8569.0
0,tcp,private,S0,0,0,0,0,0,0,0,0,0,35,1.0,1.0,0.0,0.0,0.37,0.11,0.0,255,13,0.05,0.09,0.0,0.0,1.0,1.0,0.0,1,68128.0
0,tcp,gopher,SF,6,77,0,0,1,0,0,0,0,2,0.0,0.0,0.0,0.0,0.5,1.0,0.0,255,1,0.0,0.02,0.0,0.0,0.0,0.0,0.0,1,101816.0
0,tcp,http,SF,215,651,0,0,1,0,0,0,0,1,0.0,0.0,0.0,0.0,1.0,0.0,1.0,185,255,1.0,0.0,0.01,0.01,0.0,0.0,0.0,0,62542.0
0,tcp,private,S0,0,0,0,0,0,0,0,0,0,291,1.0,1.0,0.0,0.0,0.04,0.05,0.0,255,2,0.01,0.08,0.0,0.0,1.0,1.0,0.0,1,66286.0
0,tcp,private,REJ,0,0,0,0,0,0,0,0,0,349,0.03,0.0,0.96,1.0,0.0,1.0,0.0,255,1,0.0,1.0,0.0,0.0,0.03,0.0,1.0,1,26899.0
0,tcp,finger,SF,10,273,0,0,0,0,0,0,0,1,0.0,0.0,0.0,0.0,1.0,0.0,0.0,34,1,0.03,0.12,0.03,0.0,0.0,0.0,0.0,0,71547.0
0,tcp,courier,S0,0,0,0,0,0,0,0,0,0,130,1.0,1.0,0.0,0.0,0.02,0.06,0.0,255,3,0.01,0.06,0.0,0.0,1.0,1.0,0.0,1,73442.0
0,udp,private,SF,28,0,3,0,0,0,0,0,0,47,0.0,0.0,0.0,0.0,1.0,0.0,0.0,255,47,0.18,0.64,0.18,0.0,0.01,0.0,0.0,1,57755.0
2995,udp,other,SF,146,105,0,0,0,0,0,0,0,1,0.0,0.0,0.0,0.0,1.0,0.0,0.0,255,1,0.0,0.64,0.89,0.0,0.0,0.0,0.0,0,59787.0
0,tcp,ftp_data,SF,334,0,0,0,1,0,0,0,0,2,0.0,0.0,0.0,0.0,1.0,0.0,0.0,4,26,1.0,0.0,1.0,0.08,0.0,0.0,0.0,1,77497.0
0,tcp,http,SF,223,979,0,0,1,0,0,0,0,8,0.0,0.0,0.0,0.0,1.0,0.0,0.24,255,255,1.0,0.0,0.0,0.0,0.0,0.0,0.0,0,40528.0
0,tcp,http,SF,348,518,0,0,1,0,0,0,0,2,0.0,0.0,0.0,0.0,1.0,0.0,0.09,33,255,1.0,0.0,0.03,0.06,0.0,0.0,0.0,0,105632.0
0,tcp,telnet,S0,0,0,0,0,0,0,0,0,0,34,1.0,1.0,0.0,0.0,0.24,0.12,0.0,255,64,0.25,0.02,0.01,0.0,1.0,1.0,0.0,1,11286.0
0,tcp,finger,SF,8,273,0,0,0,0,0,0,0,1,0.0,0.0,0.0,0.0,1.0,0.0,0.0,207,10,0.04,0.07,0.0,0.2,0.0,0.0,0.0,0,37073.0
0,tcp,uucp_path,REJ,0,0,0,0,0,0,0,0,0,300,0.0,0.0,1.0,1.0,0.07,0.06,0.0,255,20,0.08,0.06,0.0,0.0,0.0,0.0,1.0,1,28442.0
0,tcp,ftp_data,SF,40494,0,0,0,0,0,0,0,0,10,0.0,0.0,0.0,0.0,0.9,0.2,0.0,47,100,0.66,0.15,0.7,0.02,0.0,0.0,0.0,0,32142.0
0,tcp,ftp_data,SF,740,0,0,0,1,0,0,9,0,2,0.0,0.0,0.0,0.0,1.0,0.0,0.0,208,57,0.27,0.02,0.27,0.0,0.0,0.0,0.0,0,41728.0
0,tcp,discard,S0,0,0,0,0,0,0,0,0,0,221,1.0,1.0,0.0,0.0,0.08,0.05,0.0,255,17,0.07,0.05,0.0,0.0,1.0,1.0,0.0,1,102941.0
0,tcp,netstat,S0,0,0,0,0,0,0,0,0,0,137,1.0,1.0,0.0,0.0,0.06,0.06,0.0,255,14,0.05,0.07,0.0,0.0,1.0,1.0,0.0,1,49067.0
0,udp,domain_u,SF,43,72,0,0,0,0,0,0,0,267,0.0,0.0,0.0,0.0,1.0,0.0,0.01,255,224,0.88,0.01,0.0,0.0,0.0,0.0,0.0,0,31875.0
0,tcp,time,S0,0,0,0,0,0,0,0,0,0,5,1.0,1.0,0.0,0.0,0.6,0.6,0.0,255,9,0.04,0.08,0.0,0.0,1.0,1.0,0.0,1,11034.0
0,tcp,http,SF,217,280,0,0,1,0,0,0,0,10,0.0,0.0,0.0,0.0,1.0,0.0,0.16,93,225,1.0,0.0,0.01,0.01,0.0,0.0,0.0,0,87145.0
0,tcp,http,REJ,0,0,0,0,0,0,0,0,0,1,0.0,0.0,1.0,1.0,1.0,0.0,0.0,48,124,1.0,0.0,0.02,0.04,0.0,0.0,0.78,0,49428.0
0,tcp,telnet,S0,0,0,0,0,0,0,0,0,0,22,1.0,1.0,0.0,0.0,0.27,0.18,0.0,255,40,0.16,0.05,0.0,0.0,1.0,1.0,0.0,1,25941.0
1,tcp,smtp,SF,1531,325,0,0,1,0,0,0,0,1,0.0,0.0,0.0,0.0,1.0,0.0,1.0,71,164,0.89,0.07,0.01,0.02,0.0,0.01,0.0,0,46258.0
1,tcp,smtp,SF,1428,329,0,0,1,0,0,0,0,1,0.0,0.0,0.0,0.0,1.0,0.0,1.0,91,35,0.38,0.12,0.01,0.0,0.01,0.0,0.0,0,109114.0
0,tcp,http,SF,214,12922,0,0,1,0,0,0,0,14,0.0,0.0,0.0,0.0,1.0,0.0,0.09,136,255,1.0,0.0,0.01,0.04,0.0,0.0,0.0,0,11333.0
0,tcp,private,S0,0,0,0,0,0,0,0,0,0,199,1.0,1.0,0.0,0.0,0.09,0.06,0.0,255,18,0.07,0.07,0.0,0.0,1.0,1.0,0.0,1,120912.0
0,tcp,http,SF,360,638,0,0,1,0,0,0,0,11,0.0,0.0,0.0,0.0,1.0,0.0,0.0,174,255,1.0,0.0,0.01,0.04,0.0,0.0,0.0,0,90238.0
0,tcp,private,REJ,0,0,0,0,0,0,0,0,0,76,0.0,0.0,1.0,1.0,0.2,0.07,0.0,255,5,0.02,0.06,0.0,0.0,0.0,0.0,1.0,1,35964.0
0,tcp,http,SF,213,414,0,0,1,0,0,0,0,23,0.0,0.0,0.0,0.0,1.0,0.0,0.08,23,255,1.0,0.0,0.04,0.03,0.0,0.0,0.0,0,16190.0
0,udp,domain_u,SF,43,109,0,0,0,0,0,0,0,70,0.0,0.0,0.0,0.0,1.0,0.0,0.01,255,254,1.0,0.01,0.0,0.0,0.0,0.0,0.0,0,66648.0
5210,tcp,other,RSTR,1,0,0,0,0,0,0,0,0,2,0.0,0.0,1.0,1.0,1.0,0.0,0.0,255,2,0.01,0.74,1.0,0.0,0.0,0.0,1.0,1,46656.0
0,tcp,private,REJ,0,0,0,0,0,0,0,0,0,85,0.01,0.0,0.92,1.0,0.01,1.0,0.0,210,1,0.0,0.44,0.0,0.0,0.0,0.0,1.0,1,6171.0
0,tcp,private,S0,0,0,0,0,0,0,0,0,0,144,1.0,1.0,0.0,0.0,0.08,0.06,0.0,255,14,0.05,0.05,0.0,0.0,1.0,1.0,0.0,1,86539.0
0,tcp,smtp,S0,0,0,0,0,0,0,0,0,0,20,1.0,1.0,0.0,0.0,1.0,0.0,0.0,202,144,0.5,0.01,0.0,0.01,0.99,0.69,0.0,1,58937.0
0,tcp,nnsp,RSTR,0,0,0,0,0,0,0,0,0,1,0.0,0.0,1.0,1.0,1.0,0.0,0.0,255,1,0.0,0.77,1.0,0.0,0.0,0.0,1.0,1,55774.0
2,tcp,finger,S3,9,138,0,2,0,0,0,0,0,1,1.0,1.0,0.0,0.0,1.0,0.0,0.0,82,3,0.04,0.06,0.01,0.0,0.01,0.33,0.0,0,43728.0
0,tcp,private,REJ,0,0,0,0,0,0,0,0,0,1,0.0,0.0,1.0,1.0,1.0,0.0,0.0,13,2,0.08,1.0,0.08,1.0,0.0,0.0,1.0,1,51569.0
0,tcp,daytime,S0,0,0,0,0,0,0,0,0,0,254,1.0,1.0,0.0,0.0,0.0,0.07,0.0,255,2,0.01,0.08,0.0,0.0,1.0,1.0,0.0,1,31048.0
0,tcp,http,SF,219,4743,0,0,1,0,0,0,0,21,0.0,0.0,0.0,0.0,1.0,0.0,0.0,255,255,1.0,0.0,0.0,0.0,0.0,0.0,0.0,0,30210.0
0,tcp,http,SF,230,851,0,0,1,0,0,0,0,20,0.0,0.0,0.0,0.0,1.0,0.0,0.0,157,255,1.0,0.0,0.01,0.01,0.0,0.0,0.0,0,64501.0
0,udp,domain_u,SF,44,73,0,0,0,0,0,0,0,33,0.0,0.0,0.0,0.0,1.0,0.0,0.0,97,79,0.81,0.02,0.01,0.0,0.0,0.0,0.0,0,55574.0
0,tcp,private,S0,0,0,0,0,0,0,0,0,0,236,1.0,1.0,0.0,0.0,0.06,0.07,0.0,255,16,0.06,0.07,0.0,0.0,1.0,1.0,0.0,1,80089.0
0,tcp,Z39_50,S0,0,0,0,0,0,0,0,0,0,200,1.0,1.0,0.0,0.0,0.08,0.06,0.0,255,20,0.08,0.06,0.0,0.0,1.0,1.0,0.0,1,96917.0
0,tcp,private,S0,0,0,0,0,0,0,0,0,0,103,1.0,1.0,0.0,0.0,0.01,0.07,0.0,255,5,0.02,0.06,0.0,0.0,1.0,1.0,0.0,1,61214.0
0,udp,private,SF,1,0,0,0,0,0,0,0,0,137,0.0,0.0,0.0,0.0,0.93,0.01,0.0,255,195,0.76,0.04,1.0,0.0,0.0,0.0,0.0,1,65370.0
0,tcp,private,S0,0,0,0,0,0,0,0,0,0,241,1.0,1.0,0.0,0.0,0.05,0.06,0.0,255,9,0.04,0.08,0.0,0.0,1.0,1.0,0.0,1,103202.0
0,tcp,http,SF,335,327,0,0,1,0,0,0,0,5,0.0,0.0,0.0,0.0,1.0,0.0,0.12,143,255,1.0,0.0,0.01,0.02,0.0,0.0,0.0,0,34080.0
0,tcp,http,SF,201,594,0,0,1,0,0,0,0,1,0.0,0.0,0.0,0.0,1.0,0.0,0.0,7,255,1.0,0.0,0.14,0.04,0.0,0.0,0.0,0,58356.0
0,tcp,http,SF,203,6178,0,0,1,0,0,0,0,7,0.0,0.0,0.0,0.0,1.0,0.0,0.0,164,255,1.0,0.0,0.01,0.02,0.0,0.0,0.0,0,19245.0
0,tcp,http,SF,246,1465,0,0,1,0,0,0,0,15,0.0,0.0,0.0,0.0,1.0,0.0,0.18,31,255,1.0,0.0,0.03,0.05,0.0,0.0,0.0,0,37771.0
0,tcp,link,S0,0,0,0,0,0,0,0,0,0,280,1.0,1.0,0.0,0.0,0.04,0.06,0.0,255,10,0.04,0.07,0.0,0.0,1.0,1.0,0.0,1,13255.0
0,tcp,private,S0,0,0,0,0,0,0,0,0,0,120,1.0,1.0,0.0,0.0,0.08,0.06,0.0,255,8,0.03,0.08,0.0,0.0,1.0,1.0,0.0,1,56565.0
0,udp,other,SF,516,4,0,0,0,0,0,0,0,239,0.0,0.0,0.0,0.0,1.0,0.0,0.0,239,239,1.0,0.0,1.0,0.0,0.0,0.0,0.0,0,31551.0
0,tcp,http,SF,215,651,0,0,1,0,0,0,0,3,0.0,0.0,0.0,0.0,1.0,0.0,0.23,204,255,1.0,0.0,0.0,0.01,0.0,0.0,0.0,0,60696.0
0,icmp,ecr_i,SF,1032,0,0,0,0,0,0,0,0,467,0.0,0.0,0.0,0.0,1.0,0.0,0.0,255,255,1.0,0.0,1.0,0.0,0.0,0.0,0.0,1,25854.0
0,tcp,private,S0,0,0,0,0,0,0,0,0,0,286,1.0,1.0,0.0,0.0,0.02,0.05,0.0,255,7,0.03,0.06,0.0,0.0,1.0,1.0,0.0,1,104585.0
0,tcp,http,SF,305,260,0,0,1,0,0,0,0,11,0.0,0.0,0.0,0.0,1.0,0.0,0.0,47,255,1.0,0.0,0.02,0.08,0.02,0.0,0.0,0,75764.0
2,tcp,http,SF,232,193,0,0,1,0,0,0,0,1,0.0,0.0,0.0,0.0,1.0,0.0,1.0,17,255,1.0,0.0,0.06,0.05,0.06,0.0,0.03,0,25997.0
0,tcp,private,REJ,0,0,0,0,0,0,0,0,0,1,0.0,0.0,1.0,1.0,1.0,0.0,0.0,255,1,0.0,1.0,1.0,0.0,0.02,0.0,1.0,1,113901.0
0,udp,domain_u,SF,43,134,0,0,0,0,0,0,0,171,0.0,0.0,0.0,0.0,1.0,0.0,0.0,96,57,0.59,0.03,0.01,0.0,0.0,0.0,0.0,0,57641.0
0,tcp,ftp_data,SF,35,0,0,0,0,0,0,0,0,2,0.0,0.0,0.0,0.0,1.0,0.0,0.67,54,2,0.04,0.11,0.04,0.0,0.04,0.0,0.0,0,74790.0
0,tcp,http,SF,338,2590,0,0,1,0,0,0,0,17,0.0,0.0,0.0,0.0,1.0,0.0,0.0,255,255,1.0,0.0,0.0,0.0,0.0,0.0,0.0,0,11917.0
0,udp,domain_u,SF,42,108,0,0,0,0,0,0,0,1,0.0,0.0,0.0,0.0,1.0,0.0,0.0,161,209,0.91,0.01,0.91,0.01,0.0,0.0,0.0,0,63297.0
0,tcp,ftp_data,SF,12983,0,0,0,1,0,0,0,0,2,0.0,0.0,0.0,0.0,1.0,0.0,0.67,255,7,0.03,0.02,0.03,0.0,0.0,0.0,0.0,0,32685.0
0,tcp,ftp_data,SF,3051,0,0,0,1,0,0,0,0,1,0.0,0.0,0.0,0.0,1.0,0.0,0.0,54,47,0.07,0.13,0.07,0.04,0.0,0.02,0.0,0,8024.0
0,tcp,http,SF,234,1211,0,0,1,0,0,0,0,12,0.0,0.0,0.0,0.0,1.0,0.0,0.0,12,255,1.0,0.0,0.08,0.01,0.0,0.0,0.0,0,77477.0
0,udp,domain_u,SF,44,151,0,0,0,0,0,0,0,67,0.0,0.0,0.0,0.0,1.0,0.0,0.01,255,255,1.0,0.0,0.0,0.0,0.0,0.0,0.0,0,63086.0
2,tcp,smtp,SF,1242,330,0,0,1,0,0,0,0,1,0.0,0.0,0.0,0.0,1.0,0.0,1.0,128,104,0.45,0.04,0.01,0.02,0.0,0.0,0.0,0,64342.0
0,tcp,http,SF,249,690,0,0,1,0,0,0,0,7,0.0,0.0,0.0,0.04,1.0,0.0,0.12,139,255,1.0,0.0,0.01,0.03,0.0,0.0,0.0,0,89851.0
0,icmp,eco_i,SF,8,0,0,0,0,0,0,0,0,1,0.0,0.0,0.0,0.0,1.0,0.0,1.0,2,82,1.0,0.0,1.0,0.26,0.0,0.0,0.0,1,79482.0
0,tcp,iso_tsap,S0,0,0,0,0,0,0,0,0,0,297,1.0,1.0,0.0,0.0,0.07,0.06,0.0,255,20,0.08,0.06,0.0,0.0,1.0,1.0,0.0,1,115314.0
0,tcp,http,S0,0,0,0,0,0,0,0,0,0,26,1.0,1.0,0.0,0.0,0.23,0.15,0.0,255,57,0.22,0.04,0.01,0.0,1.0,1.0,0.0,1,95444.0
0,tcp,name,S0,0,0,0,0,0,0,0,0,0,286,1.0,1.0,0.0,0.0,0.07,0.05,0.0,255,21,0.08,0.05,0.0,0.0,1.0,1.0,0.0,1,2618.0
2,tcp,smtp,SF,1060,330,0,0,1,0,0,0,0,1,0.0,0.0,0.0,0.0,1.0,0.0,1.0,137,187,0.64,0.03,0.01,0.01,0.0,0.0,0.0,0,34729.0
0,tcp,uucp_path,S0,0,0,0,0,0,0,0,0,0,260,1.0,1.0,0.0,0.0,0.05,0.06,0.0,255,8,0.03,0.07,0.0,0.0,1.0,1.0,0.0,1,24344.0
0,tcp,http,SF,260,830,0,0,1,0,0,0,0,23,0.0,0.0,0.0,0.0,1.0,0.0,0.0,255,255,1.0,0.0,0.0,0.0,0.0,0.0,0.0,0,92807.0
2,tcp,IRC,SF,84,18,0,0,1,0,0,0,0,1,0.0,0.0,0.0,0.0,1.0,0.0,0.0,69,7,0.1,0.03,0.01,0.0,0.0,0.0,0.71,0,6610.0
0,tcp,private,S0,0,0,0,0,0,0,0,0,0,143,1.0,1.0,0.0,0.0,0.13,0.06,0.0,255,31,0.12,0.05,0.0,0.0,1.0,1.0,0.0,1,48642.0
0,tcp,http,SF,199,466,0,0,1,0,0,0,0,26,0.0,0.0,0.0,0.0,1.0,0.0,0.08,255,255,1.0,0.0,0.0,0.0,0.0,0.0,0.0,0,118238.0
0,tcp,http,SF,227,2459,0,0,1,0,0,0,0,8,0.0,0.0,0.0,0.0,1.0,0.0,0.22,8,255,1.0,0.0,0.12,0.06,0.0,0.0,0.0,0,59694.0
0,icmp,eco_i,SF,8,0,0,0,0,0,0,0,0,1,0.0,0.0,0.0,0.0,1.0,0.0,1.0,2,61,1.0,0.0,1.0,0.51,0.0,0.0,0.0,1,88101.0
2630,udp,other,SF,147,105,0,0,0,0,0,0,0,4,0.0,0.0,0.0,0.0,0.5,0.5,0.0,255,2,0.01,0.85,1.0,0.0,0.0,0.0,0.0,0,80254.0
0,tcp,courier,S0,0,0,0,0,0,0,0,0,0,124,1.0,1.0,0.0,0.0,0.12,0.06,0.0,255,15,0.06,0.05,0.0,0.0,1.0,1.0,0.0,1,114295.0
0,tcp,courier,S0,0,0,0,0,0,0,0,0,0,124,1.0,1.0,0.0,0.0,0.07,0.06,0.0,255,20,0.08,0.07,0.0,0.0,1.0,1.0,0.0,1,118954.0
0,tcp,ftp,S0,0,0,0,0,0,0,0,0,0,248,1.0,1.0,0.0,0.0,0.08,0.05,0.0,255,19,0.07,0.07,0.0,0.0,1.0,1.0,0.0,1,20165.0
0,tcp,netstat,S0,0,0,0,0,0,0,0,0,0,284,1.0,1.0,0.0,0.0,0.02,0.06,0.0,255,7,0.03,0.07,0.0,0.0,1.0,1.0,0.0,1,29043.0
0,tcp,ctf,S0,0,0,0,0,0,0,0,0,0,198,1.0,1.0,0.0,0.0,0.09,0.06,0.0,255,18,0.07,0.05,0.0,0.0,1.0,1.0,0.0,1,26669.0
27,tcp,ftp,SF,287,903,0,5,1,0,0,0,0,1,0.0,0.0,0.0,0.0,1.0,0.0,0.0,221,24,0.11,0.03,0.0,0.0,0.0,0.0,0.0,0,16360.0
0,tcp,iso_tsap,RSTR,0,0,0,0,0,0,0,0,0,1,0.0,0.0,1.0,1.0,1.0,0.0,0.0,200,1,0.0,0.51,0.51,0.0,0.0,0.0,1.0,1,89445.0
0,udp,other,SF,516,4,0,0,0,0,0,0,0,168,0.0,0.0,0.0,0.0,1.0,0.0,0.0,168,168,1.0,0.0,1.0,0.0,0.0,0.0,0.0,0,19929.0
0,tcp,iso_tsap,S0,0,0,0,0,0,0,0,0,0,237,1.0,1.0,0.0,0.0,0.03,0.06,0.0,255,6,0.02,0.07,0.0,0.0,1.0,1.0,0.0,1,70550.0
0,tcp,efs,S0,0,0,0,0,0,0,0,0,0,134,1.0,1.0,0.0,0.0,0.04,0.06,0.0,255,5,0.02,0.06,0.0,0.0,1.0,1.0,0.0,1,19714.0
0,tcp,http,SF,284,451,0,0,1,0,0,0,0,12,0.0,0.0,0.0,0.0,1.0,0.0,0.0,54,255,1.0,0.0,0.02,0.05,0.0,0.0,0.0,0,103965.0
0,udp,domain_u,SF,45,45,0,0,0,0,0,0,0,308,0.0,0.0,0.0,0.0,1.0,0.01,0.0,255,254,1.0,0.01,0.0,0.0,0.0,0.0,0.0,0,24736.0
0,tcp,private,S0,0,0,0,0,0,0,0,0,0,185,0.85,1.0,0.0,0.0,0.1,0.05,0.0,255,5,0.02,0.06,0.0,0.0,1.0,1.0,0.0,1,112158.0
0,tcp,http,SF,245,1483,0,0,1,0,0,0,0,10,0.0,0.0,0.0,0.0,1.0,0.0,0.0,209,255,1.0,0.0,0.0,0.02,0.0,0.0,0.0,0,74174.0
14,tcp,smtp,SF,1503,372,0,0,1,0,0,0,0,1,0.0,0.0,0.0,0.0,1.0,0.0,1.0,101,84,0.83,0.04,0.01,0.0,0.0,0.0,0.0,0,125619.0
23241,tcp,IRC,RSTR,3395,11592,0,0,0,0,0,0,0,1,0.0,0.0,1.0,1.0,1.0,0.0,0.0,6,2,0.33,0.5,0.17,0.0,0.0,0.0,1.0,0,89388.0
0,tcp,http,SF,293,5093,0,0,1,0,0,0,0,24,0.04,0.04,0.0,0.0,1.0,0.0,0.12,156,255,1.0,0.0,0.01,0.02,0.01,0.01,0.0,0,18566.0
23,tcp,telnet,SF,387,1332438,0,0,1,0,0,0,0,1,0.0,0.0,0.0,0.0,1.0,0.0,0.0,180,18,0.1,0.02,0.01,0.0,0.0,0.0,0.0,0,57066.0
0,icmp,ecr_i,SF,1032,0,0,0,0,0,0,0,0,511,0.0,0.0,0.0,0.0,1.0,0.0,0.0,255,238,0.93,0.04,0.93,0.0,0.0,0.0,0.0,1,67052.0
0,tcp,private,REJ,0,0,0,0,0,0,0,0,0,226,0.0,0.0,1.0,1.0,0.08,0.06,0.0,255,17,0.07,0.07,0.0,0.0,0.0,0.0,1.0,1,97682.0
0,tcp,smtp,S0,0,0,0,0,0,0,0,0,0,257,1.0,1.0,0.0,0.0,0.02,0.06,0.0,255,6,0.02,0.07,0.0,0.0,1.0,1.0,0.0,1,22223.0
0,tcp,private,S0,0,0,0,0,0,0,0,0,0,109,1.0,1.0,0.0,0.0,0.16,0.06,0.0,255,17,0.07,0.06,0.0,0.0,1.0,1.0,0.0,1,75012.0
1,tcp,smtp,SF,1268,335,0,0,1,0,0,0,0,1,0.0,0.0,0.0,0.0,1.0,0.0,1.0,255,150,0.59,0.02,0.0,0.0,0.0,0.0,0.0,0,42486.0
0,tcp,http,REJ,0,0,0,0,0,0,0,0,0,1,0.0,0.0,1.0,1.0,1.0,0.0,0.0,49,255,1.0,0.0,0.02,0.07,0.0,0.0,0.73,0,57463.0
0,tcp,http,SF,401,9852,0,0,1,0,0,0,0,13,0.0,0.0,0.0,0.0,1.0,0.0,0.12,255,255,1.0,0.0,0.0,0.0,0.0,0.0,0.0,0,85454.0
0,udp,domain_u,SF,44,135,0,0,0,0,0,0,0,99,0.0,0.0,0.0,0.0,1.0,0.0,0.01,255,255,1.0,0.0,0.0,0.0,0.0,0.0,0.0,0,74548.0
0,udp,domain_u,SF,44,115,0,0,0,0,0,0,0,1,0.0,0.0,0.0,0.0,1.0,0.0,0.75,110,102,0.93,0.02,0.01,0.0,0.0,0.0,0.0,0,13901.0
0,tcp,private,REJ,0,0,0,0,0,0,0,0,0,119,0.0,0.0,1.0,1.0,0.08,0.06,0.0,255,7,0.03,0.07,0.0,0.0,0.0,0.0,1.0,1,84452.0
0,tcp,http,SF,312,115,0,0,1,0,0,0,0,1,0.0,0.0,0.0,0.0,1.0,0.0,0.0,255,255,1.0,0.0,0.0,0.0,0.0,0.0,0.0,0,83574.0
0,tcp,smtp,S0,0,0,0,0,0,0,0,0,0,259,1.0,1.0,0.0,0.0,0.0,0.07,0.0,255,1,0.0,0.07,0.0,0.0,1.0,1.0,0.0,1,64292.0
6323,udp,other,SF,147,105,0,0,0,0,0,0,0,2,0.0,0.0,0.0,0.0,1.0,0.0,0.0,73,2,0.03,0.52,0.85,0.0,0.0,0.0,0.0,0,118591.0
0,udp,private,SF,1,0,0,0,0,0,0,0,0,49,0.0,0.0,0.0,0.0,0.45,0.08,0.0,255,88,0.35,0.06,1.0,0.0,0.0,0.0,0.0,1,98565.0
0,udp,domain_u,SF,44,70,0,0,0,0,0,0,0,212,0.0,0.0,0.0,0.0,1.0,0.0,0.0,255,255,1.0,0.0,0.01,0.0,0.0,0.0,0.0,0,45261.0
2,tcp,smtp,SF,798,330,0,0,1,0,0,0,0,1,0.0,0.0,0.0,0.0,1.0,0.0,1.0,35,100,0.49,0.14,0.03,0.02,0.0,0.0,0.0,0,49020.0
0,tcp,finger,S0,0,0,0,0,0,0,0,0,0,49,1.0,1.0,0.0,0.0,0.27,0.08,0.0,255,44,0.17,0.04,0.01,0.0,1.0,1.0,0.0,1,17836.0
0,tcp,login,S0,0,0,0,0,0,0,0,0,0,144,1.0,1.0,0.0,0.0,0.06,0.06,0.0,255,9,0.04,0.06,0.0,0.0,1.0,1.0,0.0,1,37093.0
0,tcp,http,REJ,0,0,0,0,0,0,0,0,0,1,0.0,0.0,1.0,1.0,1.0,0.0,0.0,7,212,1.0,0.0,0.14,0.11,0.0,0.0,0.99,0,87291.0
0,udp,domain_u,SF,43,43,0,0,0,0,0,0,0,239,0.0,0.0,0.0,0.0,1.0,0.01,0.0,255,254,1.0,0.01,0.0,0.0,0.0,0.0,0.0,0,72497.0
0,udp,private,SF,1,0,0,0,0,0,0,0,0,10,0.0,0.0,0.0,0.0,1.0,0.0,0.0,255,10,0.04,0.39,0.8,0.0,0.0,0.0,0.0,1,106709.0
0,tcp,http,SF,338,1408,0,0,1,0,0,0,0,13,0.0,0.0,0.0,0.0,1.0,0.0,0.0,86,255,1.0,0.0,0.01,0.02,0.0,0.0,0.0,0,84622.0
0,tcp,http,SF,270,488,0,0,1,0,0,0,0,1,0.0,0.0,0.0,0.0,1.0,0.0,1.0,37,211,1.0,0.0,0.03,0.09,0.0,0.0,0.69,0,29928.0
0,tcp,uucp_path,S0,0,0,0,0,0,0,0,0,0,249,1.0,1.0,0.0,0.0,0.01,0.06,0.0,255,3,0.01,0.07,0.0,0.0,1.0,1.0,0.0,1,86634.0
0,tcp,http,SF,212,2809,0,0,1,0,0,0,0,4,0.0,0.0,0.0,0.0,1.0,0.0,0.33,65,255,1.0,0.0,0.02,0.01,0.0,0.0,0.0,0,117930.0
0,tcp,http,SF,241,1839,0,0,1,0,0,0,0,4,0.0,0.0,0.0,0.0,1.0,0.0,0.0,65,255,1.0,0.0,0.02,0.02,0.0,0.0,0.0,0,104633.0
0,tcp,smtp,SF,842,334,0,0,1,0,0,0,0,1,0.0,0.0,0.0,0.0,1.0,0.0,1.0,122,125,0.57,0.06,0.01,0.02,0.01,0.01,0.0,0,1532.0
0,tcp,ftp_data,SF,879,0,0,0,1,0,0,0,0,7,0.0,0.0,0.0,0.0,1.0,0.0,0.0,19,13,0.68,0.11,0.68,0.0,0.0,0.0,0.0,0,85382.0
0,udp,private,SF,28,0,3,0,0,0,0,0,0,75,0.0,0.0,0.0,0.0,1.0,0.0,0.0,255,75,0.29,0.02,0.29,0.0,0.0,0.0,0.0,1,100215.0
0,udp,domain_u,SF,45,45,0,0,0,0,0,0,0,99,0.0,0.0,0.0,0.0,0.99,0.02,0.01,255,254,1.0,0.01,0.01,0.0,0.0,0.0,0.0,0,61649.0
0,tcp,http,SF,203,2996,0,0,1,0,0,0,0,12,0.08,0.08,0.0,0.0,1.0,0.0,0.0,255,255,1.0,0.0,0.0,0.0,0.01,0.01,0.02,0,47526.0
0,tcp,private,S0,0,0,0,0,0,0,0,0,0,113,1.0,1.0,0.0,0.0,0.03,0.06,0.0,255,11,0.04,0.06,0.0,0.0,1.0,1.0,0.0,1,19656.0
0,tcp,mtp,S0,0,0,0,0,0,0,0,0,0,223,1.0,1.0,0.0,0.0,0.01,0.06,0.0,255,2,0.01,0.07,0.0,0.0,1.0,1.0,0.0,1,25124.0
0,tcp,http,REJ,0,0,0,0,0,0,0,0,0,1,0.0,0.0,1.0,1.0,1.0,0.0,0.0,8,242,1.0,0.0,0.12,0.15,0.0,0.0,0.98,0,81251.0
0,tcp,bgp,REJ,0,0,0,0,0,0,0,0,0,129,0.0,0.0,1.0,1.0,0.05,0.07,0.0,255,6,0.02,0.08,0.0,0.0,0.0,0.0,1.0,1,72714.0
0,tcp,http,SF,206,2190,0,0,1,0,0,0,0,25,0.0,0.0,0.0,0.0,1.0,0.0,0.14,110,255,1.0,0.0,0.01,0.04,0.0,0.0,0.0,0,49268.0
321,tcp,telnet,RSTO,1506,1887,0,0,1,0,0,0,0,151,0.99,0.0,0.01,1.0,0.01,0.06,0.0,6,6,1.0,0.0,0.17,0.0,0.0,0.0,0.17,1,42396.0
0,tcp,time,S0,0,0,0,0,0,0,0,0,0,109,1.0,1.0,0.0,0.0,0.08,0.06,0.0,255,11,0.04,0.06,0.0,0.0,1.0,1.0,0.0,1,50237.0
0,tcp,smtp,SF,867,330,0,0,1,0,0,0,0,1,0.0,0.0,0.0,0.0,1.0,0.0,1.0,40,15,0.38,0.08,0.03,0.0,0.0,0.0,0.0,0,29863.0
0,tcp,ftp_data,SF,37,0,0,0,0,0,0,0,0,2,0.0,0.0,0.0,0.0,1.0,0.0,0.0,130,31,0.24,0.05,0.24,0.0,0.02,0.0,0.0,0,56472.0
0,icmp,urp_i,SF,129,0,0,0,0,0,0,0,0,7,0.0,0.0,0.0,0.0,0.29,0.29,0.0,188,25,0.13,0.02,0.13,0.08,0.0,0.0,0.0,0,32549.0
0,tcp,http,SF,208,2568,0,0,1,0,0,0,0,3,0.0,0.0,0.0,0.0,1.0,0.0,0.5,255,255,1.0,0.0,0.0,0.0,0.0,0.0,0.0,0,43911.0
0,udp,domain_u,SF,45,45,0,0,0,0,0,0,0,111,0.0,0.0,0.0,0.0,1.0,0.0,0.02,255,227,0.89,0.01,0.01,0.0,0.0,0.0,0.0,0,10131.0
0,tcp,other,SF,59,0,0,0,1,0,0,0,0,17,0.06,0.0,0.0,0.0,0.06,0.41,0.0,86,1,0.01,0.1,0.27,0.0,0.01,0.0,0.0,0,17557.0
0,tcp,http,SF,323,273,0,0,1,0,0,0,0,5,0.0,0.0,0.0,0.0,1.0,0.0,0.0,255,252,0.99,0.01,0.0,0.0,0.0,0.0,0.0,0,25737.0
0,tcp,smtp,SF,879,330,0,0,1,0,0,0,0,1,0.0,0.0,0.0,0.0,1.0,0.0,1.0,115,79,0.69,0.03,0.01,0.0,0.0,0.0,0.0,0,37445.0
0,icmp,eco_i,SF,8,0,0,0,0,0,0,0,0,1,0.0,0.0,0.0,0.0,1.0,0.0,1.0,1,5,1.0,0.0,1.0,0.4,0.0,0.0,0.0,1,14073.0
0,udp,domain_u,SF,88,0,0,0,0,0,0,0,0,1,0.0,0.0,0.0,0.0,1.0,0.0,1.0,83,29,0.35,0.05,0.35,0.0,0.0,0.0,0.0,0,25392.0
0,udp,domain_u,SF,46,146,0,0,0,0,0,0,0,147,0.0,0.0,0.0,0.0,1.0,0.0,0.02,255,254,1.0,0.01,0.0,0.0,0.0,0.0,0.0,0,30692.0
0,tcp,http,S0,0,0,0,0,0,0,0,0,0,264,1.0,0.58,0.0,0.0,0.07,0.07,0.06,255,19,0.07,0.07,0.0,0.0,1.0,1.0,0.0,1,86762.0
0,tcp,http,SF,257,23051,0,0,1,0,0,0,0,1,0.0,0.0,0.0,0.0,1.0,0.0,0.5,53,255,1.0,0.0,0.02,0.06,0.0,0.0,0.0,0,651.0
0,tcp,http,REJ,0,0,0,0,0,0,0,0,0,14,0.0,0.0,0.79,0.79,1.0,0.0,0.0,31,117,1.0,0.0,0.03,0.16,0.0,0.01,0.85,0,48177.0
0,tcp,ftp,S0,0,0,0,0,0,0,0,0,0,237,1.0,1.0,0.0,0.0,0.02,0.07,0.0,255,4,0.02,0.07,0.0,0.0,1.0,1.0,0.0,1,32713.0
0,tcp,http,SF,351,1261,0,0,1,0,0,0,0,19,0.0,0.0,0.0,0.0,1.0,0.0,0.14,40,115,1.0,0.0,0.03,0.08,0.0,0.0,0.0,0,86939.0
0,tcp,smtp,SF,2180,331,0,0,1,0,0,0,0,1,0.0,0.0,0.0,0.0,1.0,0.0,0.0,37,246,0.97,0.05,0.03,0.02,0.0,0.0,0.0,0,9269.0
0,tcp,private,S0,0,0,0,0,0,0,0,0,0,269,1.0,1.0,0.0,0.0,0.04,0.06,0.0,255,17,0.07,0.07,0.0,0.0,1.0,1.0,0.0,1,62014.0
0,tcp,smtp,SF,1560,375,0,0,1,0,0,0,0,1,0.0,0.0,0.0,0.0,1.0,0.0,1.0,118,244,0.95,0.02,0.01,0.01,0.0,0.0,0.0,0,74668.0
0,tcp,http,SF,375,468,0,0,1,0,0,0,0,6,0.0,0.0,0.0,0.0,1.0,0.0,0.31,26,231,1.0,0.0,0.04,0.21,0.0,0.0,0.8,0,37592.0
0,tcp,private,REJ,0,0,0,0,0,0,0,0,0,1,0.0,0.0,1.0,1.0,1.0,0.0,0.0,247,1,0.0,0.11,0.08,0.0,0.0,0.0,1.0,1,65868.0
0,tcp,uucp,S0,0,0,0,0,0,0,0,0,0,128,1.0,1.0,0.0,0.0,0.14,0.05,0.0,255,18,0.07,0.05,0.0,0.0,1.0,1.0,0.0,1,13198.0
0,tcp,private,REJ,0,0,0,0,0,0,0,0,0,113,0.0,0.0,1.0,1.0,0.12,0.05,0.0,255,14,0.05,0.05,0.0,0.0,0.0,0.0,1.0,1,41418.0
28,tcp,ftp,SF,1500,4152,0,30,1,0,0,0,0,1,0.0,0.0,0.0,0.0,1.0,0.0,0.0,101,45,0.45,0.06,0.01,0.0,0.0,0.0,0.0,0,31138.0
0,tcp,http,SF,236,6037,0,0,1,0,0,0,0,10,0.0,0.0,0.1,0.1,1.0,0.0,0.0,83,255,1.0,0.0,0.02,0.02,0.0,0.0,0.0,0,122931.0
0,tcp,finger,S0,0,0,0,0,0,0,0,0,0,18,1.0,1.0,0.0,0.0,0.22,0.22,0.0,255,63,0.25,0.02,0.01,0.0,1.0,1.0,0.0,1,15577.0
0,tcp,private,S0,0,0,0,0,0,0,0,0,0,204,0.64,1.0,0.0,0.0,0.05,0.04,0.0,255,11,0.04,0.05,0.0,0.0,1.0,1.0,0.0,1,8494.0
5,udp,private,SF,105,145,0,0,0,0,0,0,0,2,0.0,0.0,0.0,0.0,1.0,0.0,0.0,255,227,0.89,0.01,0.01,0.0,0.0,0.0,0.0,0,84473.0
0,tcp,http,SF,242,484,0,0,1,0,0,0,0,24,0.0,0.0,0.0,0.0,1.0,0.0,0.12,255,255,1.0,0.0,0.0,0.0,0.0,0.0,0.0,0,36900.0
0,udp,private,SF,105,0,0,0,0,0,0,0,0,1,0.0,0.0,0.0,0.0,1.0,0.0,0.0,22,14,0.64,0.14,0.05,0.0,0.0,0.0,0.0,0,10652.0
0,tcp,smtp,SF,1078,328,0,0,1,0,0,0,0,1,0.0,0.0,0.0,0.0,1.0,0.0,1.0,63,7,0.11,0.67,0.02,0.0,0.0,0.0,0.0,0,118192.0
0,tcp,http,SF,230,1049,0,0,1,0,0,0,0,8,0.0,0.0,0.0,0.0,1.0,0.0,0.15,91,255,1.0,0.0,0.01,0.02,0.0,0.0,0.0,0,47731.0
0,tcp,nnsp,S0,0,0,0,0,0,0,0,0,0,148,1.0,1.0,0.0,0.0,0.13,0.05,0.0,255,20,0.08,0.06,0.0,0.0,1.0,1.0,0.0,1,68580.0
0,tcp,http,SF,310,1408,0,0,1,0,0,0,0,4,0.0,0.0,0.0,0.0,1.0,0.0,0.0,255,255,1.0,0.0,0.0,0.0,0.0,0.0,0.0,0,87369.0
0,tcp,http,SF,312,1568,0,0,1,0,0,0,0,28,0.0,0.0,0.0,0.0,1.0,0.0,0.0,255,255,1.0,0.0,0.0,0.0,0.0,0.0,0.0,0,29322.0
0,udp,domain_u,SF,43,121,0,0,0,0,0,0,0,99,0.0,0.0,0.0,0.0,1.0,0.0,0.01,255,255,1.0,0.0,0.0,0.0,0.0,0.0,0.0,0,115316.0
0,tcp,http,SF,211,1018,0,0,1,0,0,0,0,15,0.0,0.0,0.0,0.0,1.0,0.0,0.0,15,255,1.0,0.0,0.07,0.03,0.0,0.0,0.0,0,84545.0
0,tcp,whois,S0,0,0,0,0,0,0,0,0,0,284,1.0,1.0,0.0,0.0,0.09,0.05,0.0,255,25,0.1,0.05,0.0,0.0,1.0,1.0,0.0,1,44949.0
0,tcp,private,S0,0,0,0,0,0,0,0,0,0,190,1.0,1.0,0.0,0.0,0.11,0.06,0.0,255,8,0.03,0.07,0.0,0.0,1.0,1.0,0.0,1,106674.0
0,tcp,http,SF,282,1722,0,0,1,0,0,0,0,5,0.0,0.0,0.0,0.0,1.0,0.0,0.3,5,255,1.0,0.0,0.2,0.04,0.0,0.0,0.0,0,30526.0
0,udp,private,SF,105,0,0,0,0,0,0,0,0,1,0.0,0.0,0.0,0.0,1.0,0.0,0.0,118,108,0.92,0.03,0.01,0.0,0.0,0.0,0.0,0,30385.0
25,tcp,ftp,SF,237,766,0,4,1,0,0,0,0,1,0.0,0.0,0.0,0.0,1.0,0.0,0.0,125,23,0.18,0.06,0.01,0.0,0.0,0.0,0.0,0,82710.0
0,tcp,http,SF,230,15121,0,0,1,0,0,0,0,5,0.0,0.0,0.0,0.0,1.0,0.0,0.0,15,255,1.0,0.0,0.07,0.06,0.0,0.0,0.0,0,71625.0
0,tcp,private,S0,0,0,0,0,0,0,0,0,0,257,1.0,1.0,0.0,0.0,0.03,0.05,0.0,255,8,0.03,0.06,0.0,0.0,1.0,1.0,0.0,1,123776.0
0,udp,domain_u,SF,43,74,0,0,0,0,0,0,0,216,0.0,0.0,0.0,0.0,1.0,0.0,0.0,255,255,1.0,0.0,0.01,0.0,0.0,0.0,0.0,0,11269.0
0,tcp,private,S0,0,0,0,0,0,0,0,0,0,221,1.0,1.0,0.0,0.0,0.08,0.06,0.0,255,18,0.07,0.05,0.0,0.0,1.0,1.0,0.0,1,69152.0
0,tcp,smtp,SF,1785,388,0,0,1,0,0,0,0,1,0.0,0.0,0.0,0.0,1.0,0.0,0.0,255,127,0.5,0.02,0.0,0.0,0.44,0.47,0.0,0,85463.0
0,tcp,http,SF,220,3390,0,0,1,0,0,0,0,22,0.0,0.0,0.0,0.0,1.0,0.0,0.0,40,255,1.0,0.0,0.03,0.01,0.0,0.0,0.0,0,78301.0
0,icmp,eco_i,SF,8,0,0,0,0,0,0,0,0,1,0.0,0.0,0.0,0.0,1.0,0.0,1.0,1,81,1.0,0.0,1.0,0.51,0.0,0.0,0.0,1,105193.0
0,udp,domain_u,SF,46,46,0,0,0,0,0,0,0,15,0.0,0.0,0.0,0.0,1.0,0.0,0.1,255,255,1.0,0.0,0.01,0.0,0.0,0.0,0.0,0,6340.0
0,icmp,ecr_i,SF,1032,0,0,0,0,0,0,0,0,20,0.0,0.0,0.0,0.0,1.0,0.0,0.0,255,255,1.0,0.0,1.0,0.0,0.0,0.0,0.0,1,47872.0
0,tcp,http,SF,306,1750,0,0,1,0,0,0,0,34,0.0,0.0,0.0,0.0,1.0,0.0,0.07,163,255,1.0,0.0,0.01,0.02,0.0,0.0,0.0,0,17156.0
0,tcp,http,SF,286,670,0,0,1,0,0,0,0,4,0.0,0.0,0.0,0.0,1.0,0.0,0.4,12,245,1.0,0.0,0.08,0.07,0.0,0.01,0.0,0,110678.0
0,tcp,uucp_path,S0,0,0,0,0,0,0,0,0,0,293,1.0,1.0,0.0,0.0,0.06,0.06,0.0,255,18,0.07,0.07,0.0,0.0,1.0,1.0,0.0,1,79752.0
0,tcp,finger,S0,0,0,0,0,0,0,0,0,0,62,1.0,1.0,0.0,0.0,0.24,0.06,0.0,255,64,0.25,0.02,0.02,0.0,1.0,1.0,0.0,1,40188.0
0,tcp,http,SF,223,608,0,0,1,0,0,0,0,20,0.0,0.0,0.0,0.0,1.0,0.0,0.07,255,255,1.0,0.0,0.0,0.0,0.0,0.0,0.0,0,85226.0
5,tcp,printer,SF,6,43,0,0,0,0,0,0,0,510,0.2,0.0,0.79,0.0,0.0,1.0,0.0,255,1,0.0,1.0,0.0,0.0,0.19,0.0,0.0,1,48241.0
0,udp,domain_u,SF,44,115,0,0,0,0,0,0,0,3,0.0,0.0,0.0,0.0,0.67,0.67,0.5,255,246,0.96,0.01,0.0,0.0,0.0,0.0,0.0,0,25921.0
0,tcp,ftp_data,SF,59,0,0,0,1,0,0,0,0,16,0.0,0.0,0.0,0.0,1.0,0.0,0.0,255,130,0.51,0.03,0.51,0.0,0.0,0.0,0.0,0,12902.0
0,udp,domain_u,SF,45,83,0,0,0,0,0,0,0,154,0.0,0.0,0.0,0.0,1.0,0.0,0.0,255,249,0.98,0.01,0.01,0.0,0.0,0.0,0.0,0,961.0
0,tcp,http,SF,292,381,0,0,1,0,0,0,0,2,0.0,0.0,0.0,0.0,1.0,0.0,0.0,34,248,1.0,0.0,0.03,0.03,0.0,0.0,0.0,0,81785.0
0,tcp,ftp_data,SF,192,0,0,0,0,0,0,0,0,2,0.0,0.0,0.0,0.0,1.0,0.0,0.0,162,110,0.4,0.02,0.4,0.02,0.0,0.0,0.0,0,52740.0
0,tcp,whois,S0,0,0,0,0,0,0,0,0,0,289,1.0,1.0,0.0,0.0,0.07,0.06,0.0,255,20,0.08,0.07,0.0,0.0,1.0,1.0,0.0,1,99702.0
0,icmp,ecr_i,SF,1032,0,0,0,0,0,0,0,0,315,0.0,0.0,0.0,0.0,1.0,0.0,0.0,255,255,1.0,0.0,1.0,0.0,0.0,0.0,0.0,1,46273.0
0,tcp,http,SF,319,3588,0,0,1,0,0,0,0,8,0.0,0.0,0.0,0.0,1.0,0.0,0.2,18,255,1.0,0.0,0.06,0.05,0.0,0.0,0.0,0,28014.0
0,tcp,smtp,SF,1682,388,0,0,1,0,0,0,0,1,0.0,0.0,0.0,0.0,1.0,0.0,1.0,255,125,0.49,0.02,0.0,0.0,0.45,0.48,0.0,0,51179.0
0,tcp,http,SF,314,4330,0,0,1,0,0,0,0,18,0.0,0.0,0.0,0.0,1.0,0.0,0.0,82,255,1.0,0.0,0.01,0.04,0.0,0.0,0.0,0,2848.0
0,tcp,private,S0,0,0,0,0,0,0,0,0,0,140,1.0,1.0,0.0,0.0,0.14,0.05,0.0,255,2,0.01,0.06,0.0,0.0,1.0,1.0,0.0,1,52892.0
0,tcp,http,SF,217,702,0,0,1,0,0,0,0,1,0.0,0.0,0.0,0.0,1.0,0.0,0.0,36,255,1.0,0.0,0.03,0.05,0.0,0.0,0.0,0,49595.0
0,udp,domain_u,SF,46,46,0,0,0,0,0,0,0,119,0.0,0.0,0.0,0.0,1.0,0.0,0.0,255,253,0.99,0.01,0.0,0.0,0.0,0.0,0.0,0,7220.0
4,tcp,telnet,SF,102,1347,0,0,1,0,0,0,0,1,0.0,0.0,0.0,0.0,1.0,0.0,0.0,2,2,0.5,1.0,0.5,1.0,0.0,0.0,0.0,0,120994.0
0,tcp,auth,REJ,0,0,0,0,0,0,0,0,0,178,0.0,0.0,1.0,1.0,0.11,0.07,0.0,255,20,0.08,0.06,0.0,0.0,0.0,0.0,1.0,1,37037.0
0,tcp,uucp,S0,0,0,0,0,0,0,0,0,0,141,1.0,1.0,0.0,0.0,0.14,0.06,0.0,255,20,0.08,0.06,0.0,0.0,1.0,1.0,0.0,1,114838.0
0,tcp,private,S0,0,0,0,0,0,0,0,0,0,110,1.0,1.0,0.0,0.0,0.03,0.07,0.0,255,19,0.07,0.06,0.0,0.0,1.0,1.0,0.0,1,79903.0
0,tcp,ftp_data,S0,0,0,0,0,0,0,0,0,0,53,1.0,1.0,0.0,0.0,0.21,0.08,0.0,255,62,0.24,0.03,0.01,0.0,1.0,1.0,0.0,1,125428.0
0,tcp,smtp,SF,1289,394,0,0,1,0,0,0,0,1,0.0,0.0,0.0,0.0,1.0,0.0,0.0,255,19,0.07,0.07,0.0,0.0,0.85,0.0,0.0,0,95835.0
0,tcp,netbios_ns,S0,0,0,0,0,0,0,0,0,0,299,1.0,1.0,0.0,0.0,0.02,0.06,0.0,255,7,0.03,0.07,0.0,0.0,1.0,1.0,0.0,1,61007.0
0,udp,domain_u,SF,43,125,0,0,0,0,0,0,0,70,0.0,0.0,0.0,0.0,1.0,0.0,0.01,255,254,1.0,0.01,0.0,0.0,0.0,0.0,0.0,0,1583.0
0,icmp,urp_i,SF,127,0,0,0,0,0,0,0,0,3,0.0,0.0,0.0,0.0,0.33,0.67,0.0,166,21,0.12,0.02,0.12,0.1,0.0,0.0,0.0,0,109721.0
0,tcp,http,SF,297,1576,0,0,1,0,0,0,0,31,0.0,0.0,0.0,0.0,1.0,0.0,0.06,122,255,1.0,0.0,0.01,0.02,0.0,0.0,0.0,0,56510.0
0,tcp,http,SF,460,7055,0,0,1,0,0,0,0,3,0.0,0.0,0.0,0.0,1.0,0.0,0.0,255,255,1.0,0.0,0.0,0.0,0.0,0.0,0.0,0,63338.0
0,icmp,eco_i,SF,8,0,0,0,0,0,0,0,0,1,0.0,0.0,0.0,0.0,1.0,0.0,1.0,2,16,1.0,0.0,1.0,0.5,0.0,0.0,0.0,1,53638.0
0,tcp,netbios_ssn,S0,0,0,0,0,0,0,0,0,0,30,1.0,1.0,0.0,0.0,0.43,0.2,0.0,255,13,0.05,0.09,0.0,0.0,1.0,1.0,0.0,1,83058.0
0,tcp,http,SF,211,309,0,0,1,0,0,0,0,12,0.0,0.0,0.0,0.0,1.0,0.0,0.0,12,255,1.0,0.0,0.08,0.01,0.0,0.0,0.0,0,25688.0
0,tcp,private,S0,0,0,0,0,0,0,0,0,0,73,1.0,1.0,0.0,0.0,0.22,0.07,0.0,255,1,0.0,0.08,0.0,0.0,1.0,1.0,0.0,1,6537.0
0,tcp,vmnet,S0,0,0,0,0,0,0,0,0,0,272,1.0,1.0,0.0,0.0,0.03,0.06,0.0,255,7,0.03,0.07,0.0,0.0,1.0,1.0,0.0,1,72531.0
0,udp,other,SF,516,4,0,0,0,0,0,0,0,454,0.0,0.0,0.0,0.0,1.0,0.0,0.0,255,255,1.0,0.0,1.0,0.0,0.0,0.0,0.0,0,46505.0
0,tcp,http,SF,222,1483,0,0,1,0,0,0,0,4,0.0,0.0,0.0,0.0,1.0,0.0,0.0,255,255,1.0,0.0,0.0,0.0,0.0,0.0,0.0,0,106264.0
29,tcp,ftp,SF,1507,4152,0,30,1,0,0,0,0,1,0.0,0.0,0.0,0.0,1.0,0.0,0.0,248,58,0.23,0.03,0.0,0.0,0.0,0.0,0.02,0,117060.0
0,tcp,netstat,REJ,0,0,0,0,0,0,0,0,0,107,0.0,0.0,1.0,1.0,0.19,0.07,0.0,255,5,0.02,0.07,0.0,0.0,0.0,0.0,1.0,1,86203.0
0,tcp,private,S0,0,0,0,0,0,0,0,0,0,170,1.0,1.0,0.0,0.0,0.01,0.07,0.0,255,13,0.05,0.07,0.0,0.0,1.0,1.0,0.0,1,6959.0
0,tcp,http,SF,235,608,0,0,1,0,0,0,0,27,0.0,0.0,0.0,0.0,1.0,0.0,0.0,55,255,1.0,0.0,0.02,0.05,0.0,0.0,0.0,0,114750.0
0,tcp,http,S0,0,0,0,0,0,0,0,0,0,5,1.0,1.0,0.0,0.0,0.2,0.6,0.0,255,41,0.16,0.05,0.0,0.0,1.0,1.0,0.0,1,122093.0
0,udp,domain_u,SF,44,82,0,0,0,0,0,0,0,107,0.0,0.0,0.0,0.0,1.0,0.0,0.0,255,255,1.0,0.0,0.0,0.0,0.0,0.0,0.0,0,64953.0
0,tcp,smtp,SF,997,326,0,0,1,0,0,0,0,1,0.0,0.0,0.0,0.0,1.0,0.0,0.0,102,78,0.76,0.04,0.01,0.0,0.0,0.0,0.0,0,106410.0
0,tcp,other,RSTR,0,0,0,0,0,0,0,0,0,1,0.0,0.0,1.0,1.0,1.0,0.0,0.0,255,1,0.0,0.64,1.0,0.0,0.0,0.0,1.0,1,125069.0
0,tcp,http,SF,183,5647,0,0,1,0,0,0,0,1,0.0,0.0,0.0,0.0,1.0,0.0,0.0,60,255,1.0,0.0,0.02,0.04,0.0,0.0,0.0,0,114560.0
0,udp,domain_u,SF,46,112,0,0,0,0,0,0,0,127,0.0,0.0,0.0,0.0,1.0,0.0,0.02,247,182,0.74,0.02,0.0,0.0,0.0,0.0,0.0,0,10447.0
0,tcp,private,S0,0,0,0,0,0,0,0,0,0,144,1.0,1.0,0.0,0.0,0.02,0.07,0.0,255,3,0.01,0.07,0.0,0.0,1.0,1.0,0.0,1,123671.0
0,tcp,login,S0,0,0,0,0,0,0,0,0,0,114,1.0,1.0,0.0,0.0,0.04,0.06,0.0,255,17,0.07,0.07,0.0,0.0,1.0,1.0,0.0,1,93214.0
0,tcp,http,SF,328,10713,0,0,1,0,0,0,0,1,0.0,0.0,0.0,0.0,1.0,0.0,0.0,2,255,1.0,0.0,0.5,0.03,0.0,0.0,0.0,0,17735.0
0,tcp,echo,S0,0,0,0,0,0,0,0,0,0,214,1.0,1.0,0.0,0.0,0.02,0.06,0.0,255,16,0.06,0.06,0.0,0.0,1.0,1.0,0.0,1,61160.0
0,tcp,http,SF,209,3559,0,0,1,0,0,0,0,6,0.0,0.0,0.0,0.0,1.0,0.0,0.0,6,255,1.0,0.0,0.17,0.03,0.0,0.0,0.0,0,73886.0
0,tcp,private,S0,0,0,0,0,0,0,0,0,0,269,1.0,1.0,0.0,0.0,0.05,0.06,0.0,255,28,0.11,0.06,0.0,0.0,1.0,1.0,0.0,1,43237.0
0,tcp,http,S0,0,0,0,0,0,0,0,0,0,1,1.0,1.0,0.0,0.0,1.0,0.0,0.0,255,1,0.0,0.07,0.0,0.0,1.0,1.0,0.0,1,22652.0
0,tcp,private,S0,0,0,0,0,0,0,0,0,0,132,1.0,1.0,0.0,0.0,0.14,0.05,0.0,255,6,0.02,0.06,0.0,0.0,1.0,1.0,0.0,1,85424.0
0,tcp,Z39_50,S0,0,0,0,0,0,0,0,0,0,230,1.0,1.0,0.0,0.0,0.01,0.06,0.0,255,2,0.01,0.07,0.0,0.0,1.0,1.0,0.0,1,83161.0
0,icmp,eco_i,SF,8,0,0,0,0,0,0,0,0,1,0.0,0.0,0.0,0.0,1.0,0.0,1.0,2,56,1.0,0.0,1.0,0.5,0.0,0.0,0.0,1,45745.0
0,icmp,eco_i,SF,8,0,0,0,0,0,0,0,0,1,0.0,0.0,0.0,0.0,1.0,0.0,1.0,2,226,1.0,0.0,1.0,0.25,0.0,0.0,0.0,1,32342.0
0,tcp,http,SF,308,1380,0,0,1,0,0,0,0,2,0.0,0.0,0.0,0.0,1.0,0.0,0.0,173,149,0.86,0.02,0.01,0.0,0.01,0.01,0.01,0,20457.0
0,udp,domain_u,SF,43,131,0,0,0,0,0,0,0,97,0.0,0.0,0.0,0.0,1.0,0.0,0.03,255,255,1.0,0.0,0.0,0.0,0.0,0.0,0.0,0,103436.0
0,tcp,http,SF,230,16617,0,0,1,0,0,0,0,1,0.0,0.0,0.0,0.0,1.0,0.0,0.0,1,255,1.0,0.0,1.0,0.04,0.0,0.0,0.0,0,113235.0
0,tcp,finger,S0,0,0,0,0,0,0,0,0,0,11,1.0,1.0,0.0,0.0,0.45,0.27,0.0,255,69,0.27,0.02,0.01,0.0,1.0,1.0,0.0,1,53529.0
0,tcp,private,S0,0,0,0,0,0,0,0,0,0,105,1.0,1.0,0.0,0.0,0.09,0.06,0.0,255,9,0.04,0.08,0.0,0.0,1.0,1.0,0.0,1,60090.0
0,tcp,discard,S0,0,0,0,0,0,0,0,0,0,273,1.0,1.0,0.0,0.0,0.03,0.06,0.0,255,8,0.03,0.06,0.0,0.0,1.0,1.0,0.0,1,85787.0
0,tcp,http,SF,293,648,0,0,1,0,0,0,0,9,0.0,0.0,0.0,0.0,1.0,0.0,0.31,255,255,1.0,0.0,0.0,0.0,0.0,0.0,0.0,0,58841.0
0,tcp,private,REJ,0,0,0,0,0,0,0,0,0,511,0.11,0.0,0.87,1.0,0.0,1.0,0.0,255,1,0.0,1.0,0.0,0.0,0.09,0.0,1.0,1,27579.0
0,tcp,ftp_data,SF,501760,0,0,0,1,0,0,0,0,2,0.0,0.0,0.0,0.0,1.0,0.0,0.0,106,39,0.25,0.04,0.25,0.05,0.0,0.0,0.0,0,101674.0
0,tcp,http,SF,278,428,0,0,1,0,0,0,0,21,0.0,0.0,0.0,0.0,1.0,0.0,0.0,172,255,1.0,0.0,0.01,0.01,0.0,0.0,0.0,0,17226.0
0,tcp,http,SF,306,477,0,0,1,0,0,0,0,7,0.0,0.0,0.0,0.0,1.0,0.0,0.0,255,215,0.84,0.02,0.0,0.0,0.0,0.0,0.0,0,76011.0
0,tcp,ftp_data,SF,0,5696,0,0,1,0,0,0,0,1,0.0,0.0,0.0,0.0,1.0,0.0,0.0,1,81,1.0,0.0,1.0,0.02,0.0,0.0,0.0,1,5579.0
0,udp,domain_u,SF,44,113,0,0,0,0,0,0,0,121,0.0,0.0,0.0,0.0,1.0,0.0,0.02,255,255,1.0,0.0,0.0,0.0,0.0,0.0,0.0,0,16624.0
0,icmp,ecr_i,SF,1032,0,0,0,0,0,0,0,0,332,0.0,0.0,0.0,0.0,1.0,0.0,0.0,255,255,1.0,0.0,1.0,0.0,0.0,0.0,0.0,1,60221.0
0,tcp,private,S0,0,0,0,0,0,0,0,0,0,166,1.0,1.0,0.0,0.0,0.02,0.07,0.0,255,20,0.08,0.07,0.0,0.0,1.0,1.0,0.0,1,68473.0
0,tcp,csnet_ns,S0,0,0,0,0,0,0,0,0,0,197,1.0,1.0,0.0,0.0,0.01,0.06,0.0,255,1,0.0,0.06,0.0,0.0,1.0,1.0,0.0,1,49310.0
0,tcp,http,SF,256,755,0,0,1,0,0,0,0,1,0.0,0.0,0.0,0.0,1.0,0.0,0.0,74,255,1.0,0.0,0.01,0.02,0.0,0.0,0.0,0,31683.0
0,tcp,http,S0,0,0,0,0,0,0,0,0,0,19,1.0,1.0,0.0,0.0,1.0,0.0,0.0,21,19,0.9,0.1,0.05,0.0,0.9,1.0,0.0,1,26594.0
0,tcp,imap4,S0,0,0,0,0,0,0,0,0,0,213,1.0,1.0,0.0,0.0,0.11,0.06,0.0,255,23,0.09,0.05,0.0,0.0,1.0,1.0,0.0,1,30096.0
0,icmp,eco_i,SF,8,0,0,0,0,0,0,0,0,1,0.0,0.0,0.0,0.0,1.0,0.0,1.0,2,202,1.0,0.0,1.0,0.25,0.0,0.0,0.0,1,45612.0
0,tcp,http,SF,211,1041,0,0,1,0,0,0,0,6,0.0,0.0,0.0,0.0,1.0,0.0,0.0,25,255,1.0,0.0,0.04,0.03,0.0,0.0,0.0,0,43019.0
0,tcp,private,S0,0,0,0,0,0,0,0,0,0,29,1.0,1.0,0.0,0.0,0.07,0.1,0.0,255,17,0.07,0.07,0.0,0.0,1.0,1.0,0.0,1,31296.0
0,tcp,other,REJ,0,0,0,0,0,0,0,0,0,421,0.06,0.0,0.9,1.0,0.0,1.0,0.0,255,1,0.0,1.0,0.0,0.0,0.08,0.0,1.0,1,42728.0
0,tcp,uucp_path,RSTR,0,0,0,0,0,0,0,0,0,1,0.0,0.0,1.0,1.0,1.0,0.0,0.0,255,1,0.0,1.0,1.0,0.0,0.0,0.0,1.0,1,48139.0
0,icmp,eco_i,SF,8,0,0,0,0,0,0,0,0,1,0.0,0.0,0.0,0.0,1.0,0.0,1.0,1,17,1.0,0.0,1.0,0.53,0.0,0.0,0.0,1,113888.0
1,tcp,private,RSTOS0,0,0,0,0,0,0,0,0,0,175,0.67,0.5,0.33,0.5,0.01,0.39,0.0,255,2,0.01,0.27,0.69,0.0,0.46,0.5,0.5,1,64234.0
0,tcp,ftp_data,SF,245,0,0,0,1,0,0,1,0,2,0.0,0.0,0.0,0.0,1.0,0.0,0.0,2,31,1.0,0.0,1.0,0.1,0.0,0.0,0.0,0,23962.0
0,tcp,smtp,SF,937,332,0,0,1,0,0,0,0,1,0.0,0.0,0.0,0.0,1.0,0.0,1.0,101,127,0.61,0.06,0.02,0.02,0.0,0.0,0.0,0,42638.0
0,icmp,eco_i,SF,8,0,0,0,0,0,0,0,0,1,0.0,0.0,0.0,0.0,1.0,0.0,1.0,2,129,1.0,0.0,1.0,0.5,0.0,0.0,0.0,1,69047.0
10,tcp,smtp,SF,1116,331,0,0,1,0,0,0,0,1,0.0,0.0,0.0,0.0,1.0,0.0,0.0,99,61,0.62,0.03,0.01,0.0,0.0,0.0,0.0,0,93970.0
0,tcp,http,SF,251,1678,0,0,1,0,0,0,0,3,0.0,0.0,0.0,0.0,1.0,0.0,0.0,223,217,0.97,0.01,0.0,0.0,0.0,0.0,0.0,0,122320.0
0,tcp,courier,S0,0,0,0,0,0,0,0,0,0,143,1.0,1.0,0.0,0.0,0.13,0.05,0.0,255,19,0.07,0.06,0.0,0.0,1.0,1.0,0.0,1,55939.0
0,tcp,http,SF,313,3400,0,0,1,0,0,0,0,14,0.0,0.0,0.0,0.0,1.0,0.0,0.0,255,255,1.0,0.0,0.0,0.0,0.0,0.0,0.0,0,69232.0
0,tcp,auth,SF,14,41,0,0,1,0,0,0,0,1,0.0,0.0,0.0,0.0,1.0,0.0,0.0,207,11,0.05,0.03,0.0,0.18,0.0,0.0,0.0,0,3747.0
0,tcp,http,REJ,0,0,0,0,0,0,0,0,0,1,0.0,0.0,1.0,1.0,1.0,0.0,0.0,23,255,1.0,0.0,0.04,0.08,0.0,0.0,0.84,0,37816.0
0,tcp,http,SF,278,37097,0,0,1,0,0,0,0,1,0.0,0.0,0.0,0.0,1.0,0.0,0.0,255,255,1.0,0.0,0.0,0.0,0.0,0.0,0.0,0,36223.0
0,tcp,http,SF,220,5838,0,0,1,0,0,0,0,4,0.0,0.0,0.0,0.0,1.0,0.0,0.4,37,255,1.0,0.0,0.03,0.04,0.0,0.0,0.0,0,38046.0
0,tcp,ftp_data,SF,259,0,0,0,0,0,0,0,0,2,0.0,0.0,0.0,0.0,1.0,0.0,0.0,20,118,0.8,0.15,0.8,0.02,0.0,0.0,0.0,0,32910.0
0,tcp,http,SF,292,1491,0,0,1,0,0,0,0,14,0.0,0.0,0.0,0.0,1.0,0.0,0.0,255,255,1.0,0.0,0.0,0.0,0.0,0.0,0.0,0,113276.0
0,tcp,ftp_data,S0,0,0,0,0,0,0,0,0,0,51,0.98,1.0,0.02,0.0,0.22,0.1,0.0,255,32,0.13,0.05,0.0,0.0,1.0,1.0,0.0,1,27736.0
0,tcp,daytime,S0,0,0,0,0,0,0,0,0,0,276,1.0,1.0,0.0,0.0,0.05,0.06,0.0,255,14,0.05,0.07,0.0,0.0,1.0,1.0,0.0,1,37843.0
0,tcp,http,SF,194,263,0,0,1,0,0,0,0,12,0.0,0.0,0.0,0.0,1.0,0.0,0.14,156,255,1.0,0.0,0.01,0.02,0.0,0.0,0.0,0,117395.0
0,tcp,http,SF,223,837,0,0,1,0,0,0,0,10,0.0,0.0,0.0,0.0,1.0,0.0,0.11,40,255,1.0,0.0,0.03,0.03,0.0,0.0,0.0,0,52308.0
0,tcp,private,S0,0,0,0,0,0,0,0,0,0,102,1.0,1.0,0.0,0.0,0.07,0.06,0.0,255,18,0.07,0.06,0.0,0.0,1.0,1.0,0.0,1,89229.0
0,tcp,nnsp,S0,0,0,0,0,0,0,0,0,0,93,1.0,1.0,0.0,0.0,0.08,0.06,0.0,255,7,0.03,0.05,0.0,0.0,1.0,1.0,0.0,1,78344.0
0,udp,domain_u,SF,45,123,0,0,0,0,0,0,0,184,0.0,0.0,0.0,0.0,1.0,0.0,0.0,255,255,1.0,0.0,0.0,0.0,0.0,0.0,0.0,0,64565.0
0,tcp,http,SF,209,791,0,0,1,0,0,0,0,19,0.0,0.0,0.0,0.0,1.0,0.0,0.1,255,255,1.0,0.0,0.0,0.0,0.0,0.0,0.0,0,42289.0
0,tcp,imap4,S0,0,0,0,0,0,0,0,0,0,294,1.0,1.0,0.0,0.0,0.06,0.05,0.0,255,6,0.02,0.07,0.0,0.0,1.0,1.0,0.0,1,26617.0
0,tcp,other,SF,10272,0,0,0,1,0,0,0,0,10,0.1,0.0,0.0,0.0,0.1,0.3,0.0,255,1,0.0,0.07,0.38,0.0,0.02,0.0,0.0,0,119658.0
0,udp,domain_u,SF,132,46,0,0,0,0,0,0,0,264,0.0,0.0,0.0,0.0,1.0,0.01,0.0,153,120,0.78,0.01,0.3,0.0,0.0,0.0,0.0,0,51166.0
0,tcp,ftp_data,SF,334,0,0,0,1,0,0,0,0,2,0.0,0.0,0.0,0.0,1.0,0.0,0.0,11,48,1.0,0.0,1.0,0.1,0.0,0.0,0.0,1,58058.0
0,udp,private,SF,28,0,3,0,0,0,0,0,0,99,0.01,0.0,0.0,0.0,0.99,0.02,0.0,255,98,0.38,0.01,0.38,0.0,0.0,0.0,0.0,1,1267.0
0,tcp,http,SF,305,1211,0,0,1,0,0,0,0,2,0.0,0.0,0.0,0.0,1.0,0.0,0.0,117,255,1.0,0.0,0.01,0.03,0.0,0.0,0.01,0,40774.0
0,tcp,private,S0,0,0,0,0,0,0,0,0,0,299,1.0,1.0,0.0,0.0,0.04,0.05,0.0,255,9,0.04,0.05,0.0,0.0,1.0,1.0,0.0,1,38643.0
0,udp,private,SF,1,0,0,0,0,0,0,0,0,33,0.0,0.0,0.0,0.0,0.27,0.09,0.0,255,15,0.06,0.86,0.15,0.0,0.1,0.0,0.0,1,43907.0
0,tcp,imap4,S0,0,0,0,0,0,0,0,0,0,148,1.0,1.0,0.0,0.0,0.1,0.05,0.0,255,3,0.01,0.08,0.0,0.0,1.0,1.0,0.0,1,45864.0
0,udp,domain_u,SF,34,94,0,0,0,0,0,0,0,8,0.0,0.0,0.0,0.0,0.75,0.25,0.07,255,237,0.93,0.01,0.01,0.0,0.0,0.0,0.0,0,54270.0
0,tcp,finger,S0,0,0,0,0,0,0,0,0,0,1,1.0,1.0,0.0,0.0,1.0,0.0,0.0,255,57,0.22,0.04,0.0,0.0,1.0,1.0,0.0,1,122573.0
0,udp,domain_u,SF,46,80,0,0,0,0,0,0,0,167,0.0,0.0,0.0,0.0,1.0,0.0,0.0,255,204,0.8,0.01,0.0,0.0,0.0,0.0,0.0,0,51764.0
0,tcp,ftp_data,SF,1339,0,0,0,1,0,0,0,0,1,0.0,0.0,0.0,0.0,1.0,0.0,0.0,242,63,0.22,0.02,0.22,0.03,0.0,0.0,0.0,0,49648.0
0,tcp,http,SF,325,3280,0,0,1,0,0,0,0,4,0.0,0.0,0.0,0.0,1.0,0.0,0.0,25,255,1.0,0.0,0.04,0.05,0.0,0.0,0.0,0,11291.0
565,udp,other,SF,146,105,0,0,0,0,0,0,0,2,0.0,0.0,0.0,0.0,1.0,0.0,0.0,255,2,0.01,0.62,0.9,0.0,0.0,0.0,0.0,0,29509.0
5,tcp,smtp,SF,1687,368,0,0,1,0,0,0,0,1,0.0,0.0,0.0,0.0,1.0,0.0,0.0,117,103,0.88,0.03,0.01,0.0,0.0,0.0,0.0,0,109716.0
0,tcp,private,S0,0,0,0,0,0,0,0,0,0,145,1.0,1.0,0.0,0.0,0.06,0.07,0.0,255,20,0.08,0.07,0.0,0.0,1.0,1.0,0.0,1,58530.0
0,tcp,ftp_data,SF,10044,0,0,0,1,0,0,0,0,5,0.0,0.0,0.0,0.0,1.0,0.0,0.33,180,118,0.59,0.02,0.59,0.02,0.0,0.0,0.0,0,18986.0
0,tcp,http,SF,277,1702,0,0,1,0,0,0,0,5,0.0,0.0,0.0,0.0,1.0,0.0,0.0,23,255,1.0,0.0,0.04,0.02,0.0,0.0,0.0,0,104600.0
0,udp,private,SF,1,0,0,0,0,0,0,0,0,76,0.0,0.0,0.0,0.0,0.08,0.08,0.0,255,6,0.02,0.2,1.0,0.0,0.0,0.0,0.0,1,57310.0
0,tcp,iso_tsap,S0,0,0,0,0,0,0,0,0,0,209,1.0,1.0,0.0,0.0,0.05,0.05,0.0,255,11,0.04,0.06,0.0,0.0,1.0,1.0,0.0,1,57097.0
0,tcp,private,S0,0,0,0,0,0,0,0,0,0,101,1.0,1.0,0.0,0.0,0.19,0.06,0.0,255,20,0.08,0.06,0.0,0.0,1.0,1.0,0.0,1,71937.0
0,icmp,ecr_i,SF,1032,0,0,0,0,0,0,0,0,101,0.0,0.0,0.0,0.0,1.0,0.0,0.0,255,101,0.4,0.02,0.4,0.0,0.0,0.0,0.0,1,14241.0
0,tcp,http,SF,236,5195,0,0,1,0,0,0,0,4,0.0,0.0,0.0,0.0,1.0,0.0,0.0,111,255,1.0,0.0,0.01,0.03,0.0,0.0,0.0,0,124845.0
0,tcp,http,REJ,0,0,0,0,0,0,0,0,0,1,0.0,0.0,1.0,1.0,1.0,0.0,1.0,45,251,1.0,0.0,0.02,0.08,0.0,0.0,0.74,0,4528.0
0,tcp,private,RSTR,0,0,0,0,0,0,0,0,0,1,0.0,0.0,1.0,1.0,1.0,0.0,0.0,254,1,0.0,0.35,0.34,0.0,0.0,0.0,1.0,1,90518.0
0,tcp,http,SF,243,831,0,0,1,0,0,0,0,11,0.0,0.0,0.0,0.0,1.0,0.0,0.0,11,255,1.0,0.0,0.09,0.04,0.0,0.0,0.0,0,88332.0
6,tcp,smtp,SF,847,329,0,0,1,0,0,0,0,1,0.0,0.0,0.0,0.0,1.0,0.0,1.0,15,160,0.87,0.13,0.07,0.02,0.0,0.0,0.0,0,35311.0
0,tcp,private,S0,0,0,0,0,0,0,0,0,0,232,1.0,1.0,0.0,0.0,0.02,0.06,0.0,255,5,0.02,0.07,0.0,0.0,1.0,1.0,0.0,1,58476.0
0,tcp,iso_tsap,S0,0,0,0,0,0,0,0,0,0,223,1.0,1.0,0.0,0.0,0.08,0.05,0.0,255,18,0.07,0.06,0.0,0.0,1.0,1.0,0.0,1,32234.0
0,tcp,http,SF,234,3918,0,0,1,0,0,0,0,9,0.0,0.0,0.0,0.0,1.0,0.0,0.0,94,255,1.0,0.0,0.01,0.04,0.0,0.0,0.0,0,8039.0
0,tcp,systat,S0,0,0,0,0,0,0,0,0,0,113,1.0,1.0,0.0,0.0,0.08,0.06,0.0,255,11,0.04,0.07,0.0,0.0,1.0,1.0,0.0,1,94506.0
0,tcp,http,SF,166,2663,0,0,1,0,0,0,0,1,0.0,0.0,0.0,0.0,1.0,0.0,0.0,37,242,1.0,0.0,0.03,0.05,0.0,0.0,0.0,0,86113.0
0,icmp,ecr_i,SF,1032,0,0,0,0,0,0,0,0,216,0.0,0.0,0.0,0.0,1.0,0.0,0.0,255,216,0.85,0.01,0.85,0.0,0.0,0.0,0.0,1,71981.0
0,tcp,hostnames,S0,0,0,0,0,0,0,0,0,0,140,1.0,1.0,0.0,0.0,0.14,0.04,0.0,255,20,0.08,0.04,0.0,0.0,1.0,1.0,0.0,1,120451.0
0,tcp,http,SF,230,2196,0,0,1,0,0,0,0,20,0.05,0.03,0.0,0.0,1.0,0.0,0.12,226,255,1.0,0.0,0.0,0.02,0.01,0.01,0.0,0,23797.0
0,tcp,http,SF,305,14638,0,0,1,0,0,0,0,6,0.17,0.17,0.0,0.0,1.0,0.0,0.0,255,255,1.0,0.0,0.0,0.0,0.0,0.0,0.0,0,47133.0
0,tcp,ftp_data,SF,334,0,0,0,1,0,0,0,0,2,0.0,0.0,0.0,0.0,1.0,0.0,0.0,2,26,1.0,0.0,1.0,0.15,0.0,0.0,0.0,1,9897.0
0,udp,domain_u,SF,138,44,0,0,0,0,0,0,0,275,0.0,0.0,0.0,0.0,1.0,0.01,0.0,164,131,0.8,0.01,0.35,0.0,0.0,0.0,0.0,0,18963.0
0,tcp,http,SF,339,602,0,0,1,0,0,0,0,30,0.0,0.0,0.0,0.0,1.0,0.0,0.0,255,255,1.0,0.0,0.0,0.0,0.0,0.0,0.0,0,27138.0
0,tcp,time,S0,0,0,0,0,0,0,0,0,0,224,1.0,1.0,0.0,0.0,0.01,0.07,0.0,255,19,0.07,0.07,0.0,0.0,1.0,1.0,0.0,1,90301.0
0,tcp,private,S0,0,0,0,0,0,0,0,0,0,289,1.0,1.0,0.0,0.0,0.02,0.06,0.0,255,7,0.03,0.08,0.0,0.0,1.0,1.0,0.0,1,16820.0
0,tcp,http,SF,291,4317,0,0,1,0,0,0,0,13,0.0,0.0,0.0,0.0,1.0,0.0,0.0,13,255,1.0,0.0,0.08,0.02,0.0,0.0,0.01,0,93710.0
0,tcp,http,SF,382,526,0,0,1,0,0,0,0,1,0.0,0.0,0.0,0.0,1.0,0.0,0.29,56,255,1.0,0.0,0.02,0.06,0.0,0.0,0.0,0,81517.0
0,tcp,ftp_data,SF,12,0,0,0,1,0,0,0,0,1,0.0,0.0,0.0,0.0,1.0,0.0,0.0,111,100,0.48,0.05,0.48,0.02,0.0,0.0,0.0,0,39221.0
0,icmp,urp_i,SF,183,0,0,0,0,0,0,0,0,2,0.0,0.0,0.0,0.0,0.5,1.0,0.0,255,43,0.17,0.01,0.19,0.0,0.0,0.0,0.0,0,81009.0
0,udp,domain_u,SF,44,131,0,0,0,0,0,0,0,135,0.0,0.0,0.0,0.0,0.99,0.01,0.01,255,221,0.87,0.02,0.0,0.0,0.0,0.0,0.0,0,23913.0
0,tcp,private,REJ,0,0,0,0,0,0,0,0,0,263,0.0,0.0,1.0,1.0,0.02,0.06,0.0,255,4,0.02,0.06,0.0,0.0,0.0,0.0,1.0,1,11908.0
0,tcp,http,SF,244,394,0,0,1,0,0,0,0,11,0.0,0.0,0.0,0.0,1.0,0.0,0.11,11,255,1.0,0.0,0.09,0.04,0.0,0.0,0.0,0,61687.0
0,tcp,hostnames,S0,0,0,0,0,0,0,0,0,0,256,1.0,1.0,0.0,0.0,0.01,0.07,0.0,255,2,0.01,0.08,0.0,0.0,1.0,1.0,0.0,1,122824.0
0,tcp,courier,S0,0,0,0,0,0,0,0,0,0,128,1.0,1.0,0.0,0.0,0.18,0.05,0.0,255,23,0.09,0.05,0.0,0.0,1.0,1.0,0.0,1,43061.0
7,tcp,smtp,SF,1274,334,0,0,1,0,0,0,0,1,0.0,0.0,0.0,0.0,1.0,0.0,1.0,255,135,0.53,0.02,0.0,0.0,0.0,0.0,0.0,0,111259.0
33,tcp,telnet,RSTR,39,51,0,0,0,0,0,0,0,1,0.0,0.0,1.0,1.0,1.0,0.0,0.0,255,70,0.27,0.02,0.0,0.0,0.33,0.57,0.03,0,81617.0
0,udp,domain_u,SF,45,134,0,0,0,0,0,0,0,64,0.0,0.0,0.0,0.0,1.0,0.0,0.01,255,215,0.84,0.01,0.0,0.0,0.0,0.0,0.0,0,17928.0
0,udp,domain_u,SF,34,91,0,0,0,0,0,0,0,3,0.0,0.0,0.0,0.0,1.0,0.0,0.6,5,3,0.6,0.4,0.6,0.0,0.0,0.0,0.0,0,30318.0
0,icmp,ecr_i,SF,1032,0,0,0,0,0,0,0,0,125,0.0,0.0,0.0,0.0,1.0,0.0,0.0,255,125,0.49,0.01,0.49,0.0,0.0,0.0,0.0,1,125862.0
0,tcp,imap4,S0,0,0,0,0,0,0,0,0,0,200,1.0,1.0,0.0,0.0,0.03,0.08,0.0,255,6,0.02,0.08,0.0,0.0,1.0,1.0,0.0,1,66684.0
0,tcp,link,REJ,0,0,0,0,0,0,0,0,0,105,0.0,0.0,1.0,1.0,0.17,0.08,0.0,255,6,0.02,0.09,0.0,0.0,0.0,0.0,1.0,1,27199.0
0,tcp,uucp,S0,0,0,0,0,0,0,0,0,0,138,1.0,1.0,0.0,0.0,0.1,0.06,0.0,255,20,0.08,0.06,0.0,0.0,1.0,1.0,0.0,1,15283.0
0,udp,domain_u,SF,43,128,0,0,0,0,0,0,0,78,0.0,0.0,0.0,0.0,1.0,0.0,0.01,255,254,1.0,0.01,0.0,0.0,0.0,0.0,0.0,0,97214.0
0,tcp,whois,S0,0,0,0,0,0,0,0,0,0,289,1.0,1.0,0.0,0.0,0.04,0.05,0.0,255,12,0.05,0.05,0.0,0.0,1.0,1.0,0.0,1,40772.0
0,tcp,klogin,S0,0,0,0,0,0,0,0,0,0,52,1.0,1.0,0.0,0.0,0.31,0.06,0.0,255,16,0.06,0.04,0.0,0.0,1.0,1.0,0.0,1,119034.0
0,tcp,private,S0,0,0,0,0,0,0,0,0,0,124,1.0,1.0,0.0,0.0,0.1,0.06,0.0,94,9,0.1,0.12,0.01,0.0,1.0,1.0,0.0,1,17790.0
0,tcp,ftp_data,SF,9311,0,0,0,0,0,0,0,0,8,0.0,0.0,0.0,0.0,1.0,0.0,0.0,136,55,0.4,0.02,0.4,0.0,0.0,0.0,0.0,0,14951.0
0,icmp,eco_i,SF,8,0,0,0,0,0,0,0,0,1,0.0,0.0,0.0,0.0,1.0,0.0,1.0,1,157,1.0,0.0,1.0,0.5,0.0,0.0,0.0,1,67050.0
0,tcp,name,S0,0,0,0,0,0,0,0,0,0,292,1.0,1.0,0.0,0.0,0.05,0.05,0.0,255,7,0.03,0.07,0.0,0.0,1.0,1.0,0.0,1,50457.0
0,tcp,http,SF,242,12986,0,0,1,0,0,0,0,3,0.0,0.0,0.0,0.0,1.0,0.0,0.0,3,255,1.0,0.0,0.33,0.06,0.0,0.0,0.0,0,100326.0
0,tcp,private,REJ,0,0,0,0,0,0,0,0,0,18,0.0,0.0,1.0,1.0,0.5,0.11,0.0,255,29,0.11,0.06,0.0,0.0,0.0,0.0,1.0,1,108255.0
0,tcp,gopher,S0,0,0,0,0,0,0,0,0,0,149,1.0,1.0,0.0,0.0,0.17,0.05,0.0,255,10,0.04,0.05,0.0,0.0,1.0,1.0,0.0,1,10813.0
0,tcp,private,S0,0,0,0,0,0,0,0,0,0,291,1.0,1.0,0.0,0.0,0.04,0.06,0.0,255,11,0.04,0.06,0.0,0.0,1.0,1.0,0.0,1,119977.0
0,udp,domain_u,SF,45,138,0,0,0,0,0,0,0,67,0.0,0.0,0.0,0.0,1.0,0.0,0.01,255,230,0.9,0.01,0.0,0.0,0.0,0.0,0.0,0,113619.0
0,tcp,ftp_data,SF,8737,0,0,0,1,0,0,0,0,10,0.0,0.0,0.0,0.0,1.0,0.0,0.0,18,16,0.89,0.11,0.89,0.0,0.0,0.0,0.0,0,95414.0
0,tcp,http,REJ,0,0,0,0,0,0,0,0,0,1,0.0,0.0,1.0,1.0,1.0,0.0,0.0,49,91,1.0,0.0,0.02,0.02,0.0,0.0,1.0,0,62685.0
0,tcp,private,REJ,0,0,0,0,0,0,0,0,0,147,0.0,0.0,1.0,1.0,0.11,0.05,0.0,255,13,0.05,0.06,0.0,0.0,0.0,0.0,1.0,1,91124.0
0,tcp,http,SF,228,1183,0,0,1,0,0,0,0,8,0.0,0.0,0.0,0.0,1.0,0.0,0.0,8,255,1.0,0.0,0.12,0.02,0.0,0.0,0.0,0,17057.0
0,tcp,efs,S0,0,0,0,0,0,0,0,0,0,125,1.0,1.0,0.0,0.0,0.15,0.06,0.0,255,19,0.07,0.06,0.0,0.0,1.0,1.0,0.0,1,44807.0
0,tcp,iso_tsap,S0,0,0,0,0,0,0,0,0,0,207,1.0,1.0,0.0,0.0,0.09,0.06,0.0,255,19,0.07,0.06,0.0,0.0,1.0,1.0,0.0,1,87852.0
0,tcp,http,SF,231,3071,0,0,1,0,0,0,0,32,0.0,0.0,0.0,0.0,1.0,0.0,0.07,93,255,1.0,0.0,0.01,0.03,0.0,0.0,0.0,0,73128.0
0,tcp,private,S0,0,0,0,0,0,0,0,0,0,211,1.0,1.0,0.0,0.0,0.04,0.06,0.0,255,14,0.05,0.06,0.0,0.0,1.0,1.0,0.0,1,95688.0
0,tcp,private,S0,0,0,0,0,0,0,0,0,0,209,1.0,1.0,0.0,0.0,0.05,0.06,0.0,255,9,0.04,0.06,0.0,0.0,1.0,1.0,0.0,1,85167.0
0,tcp,discard,S0,0,0,0,0,0,0,0,0,0,277,1.0,1.0,0.0,0.0,0.02,0.06,0.0,255,18,0.07,0.07,0.0,0.0,1.0,1.0,0.0,1,117773.0
7,tcp,http,SF,284,148,0,0,1,0,0,0,0,3,0.0,0.0,0.0,0.0,1.0,0.0,0.0,20,255,1.0,0.0,0.05,0.01,0.0,0.0,0.0,0,8651.0
0,tcp,http,SF,264,2431,0,0,1,0,0,0,0,3,0.0,0.0,0.0,0.0,1.0,0.0,0.0,17,255,1.0,0.0,0.06,0.01,0.0,0.0,0.0,0,40255.0
0,tcp,http,REJ,0,0,0,0,0,0,0,0,0,1,0.0,0.0,1.0,1.0,1.0,0.0,0.0,3,254,1.0,0.0,0.33,0.2,0.0,0.01,0.91,0,98641.0
0,tcp,http,SF,340,653,0,0,1,0,0,0,0,5,0.0,0.0,0.0,0.0,1.0,0.0,0.08,255,255,1.0,0.0,0.0,0.0,0.0,0.0,0.0,0,43727.0
0,udp,private,SF,28,0,3,0,0,0,0,0,0,12,0.0,0.0,0.0,0.0,1.0,0.0,0.0,225,12,0.05,0.72,0.05,0.0,0.03,0.0,0.0,1,106299.0
0,tcp,http,SF,356,1610,0,0,1,0,0,0,0,4,0.0,0.0,0.0,0.0,1.0,0.0,0.4,255,255,1.0,0.0,0.0,0.0,0.0,0.0,0.0,0,124872.0
0,udp,other,SF,147,0,0,0,0,0,0,0,0,5,0.0,0.0,0.0,0.0,0.2,0.6,0.0,181,1,0.01,0.57,0.88,0.0,0.0,0.0,0.0,0,70010.0
0,tcp,ftp_data,SF,884,0,0,0,1,0,0,0,0,2,0.0,0.0,0.0,0.0,1.0,0.0,0.0,128,44,0.16,0.1,0.23,0.05,0.01,0.02,0.0,0,82559.0
0,tcp,http,SF,295,30719,0,0,1,0,0,0,0,4,0.0,0.0,0.0,0.0,1.0,0.0,0.0,6,255,1.0,0.0,0.17,0.06,0.0,0.0,0.0,0,103210.0
0,tcp,http,SF,320,765,0,0,1,0,0,0,0,15,0.0,0.0,0.0,0.0,1.0,0.0,0.0,15,255,1.0,0.0,0.07,0.01,0.0,0.0,0.0,0,116758.0
0,tcp,http,SF,299,5357,0,0,1,0,0,0,0,2,0.0,0.0,0.0,0.0,1.0,0.0,0.0,255,228,0.89,0.01,0.0,0.0,0.0,0.0,0.0,0,91334.0
0,tcp,http,SF,177,12635,0,0,1,0,0,0,0,8,0.0,0.0,0.0,0.0,1.0,0.0,0.0,255,251,0.98,0.01,0.0,0.0,0.0,0.0,0.0,0,106451.0
0,tcp,http,SF,261,8306,0,0,1,0,0,0,0,7,0.0,0.0,0.0,0.0,1.0,0.0,0.0,81,81,1.0,0.0,0.01,0.0,0.0,0.0,0.0,0,72475.0
0,tcp,private,REJ,0,0,0,0,0,0,0,0,0,255,0.0,0.0,1.0,1.0,0.06,0.06,0.0,255,16,0.06,0.09,0.0,0.0,0.0,0.0,1.0,1,38569.0
0,tcp,http_443,S0,0,0,0,0,0,0,0,0,0,148,1.0,1.0,0.0,0.0,0.1,0.05,0.0,255,15,0.06,0.06,0.0,0.0,1.0,1.0,0.0,1,53359.0
0,tcp,ftp_data,SF,245,0,0,0,1,0,0,1,0,2,0.0,0.0,0.0,0.0,1.0,0.0,0.0,59,14,0.14,0.1,0.14,0.14,0.02,0.0,0.0,0,96421.0
0,tcp,http,SF,204,952,0,0,1,0,0,0,0,19,0.0,0.0,0.0,0.0,1.0,0.0,0.0,179,255,1.0,0.0,0.01,0.04,0.0,0.0,0.0,0,16778.0
0,tcp,http,SF,209,8661,0,0,1,0,0,0,0,1,0.0,0.0,0.0,0.0,1.0,0.0,0.0,4,255,1.0,0.0,0.25,0.02,0.0,0.0,0.0,0,62639.0
0,tcp,http,SF,150,5056,0,0,1,0,0,0,0,6,0.0,0.0,0.0,0.0,1.0,0.0,0.0,14,255,1.0,0.0,0.07,0.02,0.0,0.0,0.0,0,49910.0
3,tcp,smtp,SF,1362,333,0,0,1,0,0,0,0,1,0.0,0.0,0.0,0.0,1.0,0.0,1.0,103,145,0.53,0.04,0.01,0.01,0.0,0.0,0.0,0,95733.0
0,tcp,http,SF,242,1950,0,0,1,0,0,0,0,5,0.0,0.0,0.0,0.0,1.0,0.0,0.29,255,255,1.0,0.0,0.0,0.0,0.0,0.0,0.0,0,111093.0
0,tcp,uucp_path,S0,0,0,0,0,0,0,0,0,0,116,1.0,1.0,0.0,0.0,0.01,0.07,0.0,255,1,0.0,0.07,0.0,0.0,1.0,1.0,0.0,1,95952.0
0,tcp,private,REJ,0,0,0,0,0,0,0,0,0,51,0.0,0.0,0.96,1.0,0.02,1.0,0.0,169,1,0.01,0.37,0.01,0.0,0.0,0.0,1.0,1,11971.0
0,tcp,private,S0,0,0,0,0,0,0,0,0,0,134,1.0,1.0,0.0,0.0,0.14,0.06,0.0,255,20,0.08,0.07,0.0,0.0,1.0,1.0,0.0,1,50975.0
0,tcp,time,S0,0,0,0,0,0,0,0,0,0,291,1.0,1.0,0.0,0.0,0.08,0.05,0.0,255,22,0.09,0.05,0.0,0.0,1.0,1.0,0.0,1,39034.0
0,tcp,http,SF,225,927,0,0,1,0,0,0,0,3,0.0,0.0,0.0,0.0,1.0,0.0,0.0,9,255,1.0,0.0,0.11,0.08,0.0,0.0,0.0,0,77754.0
0,tcp,http,SF,209,170,0,0,1,0,0,0,0,2,0.0,0.0,0.0,0.0,1.0,0.0,0.18,20,35,1.0,0.0,0.05,0.06,0.0,0.0,0.0,0,70344.0
0,tcp,private,S0,0,0,0,0,0,0,0,0,0,108,1.0,1.0,0.0,0.0,0.06,0.07,0.0,255,1,0.0,0.07,0.0,0.0,1.0,1.0,0.0,1,33601.0
0,tcp,http,REJ,0,0,0,0,0,0,0,0,0,13,0.0,0.0,0.62,0.62,1.0,0.0,0.0,48,251,1.0,0.0,0.02,0.18,0.0,0.0,0.98,0,17620.0
0,udp,domain_u,SF,133,42,0,0,0,0,0,0,0,263,0.0,0.0,0.0,0.0,1.0,0.01,0.0,152,119,0.78,0.01,0.3,0.0,0.0,0.0,0.0,0,28858.0
0,tcp,bgp,RSTR,0,0,0,0,0,0,0,0,0,1,0.0,0.0,1.0,1.0,1.0,0.0,0.0,255,1,0.0,0.51,1.0,0.0,0.0,0.0,1.0,1,117829.0
0,tcp,private,S0,0,0,0,0,0,0,0,0,0,292,1.0,1.0,0.0,0.0,0.04,0.06,0.0,255,20,0.08,0.06,0.0,0.0,1.0,1.0,0.0,1,87243.0
0,tcp,http,SF,214,392,0,0,1,0,0,0,0,30,0.0,0.0,0.0,0.0,1.0,0.0,0.09,255,255,1.0,0.0,0.0,0.0,0.0,0.0,0.0,0,80566.0
0,tcp,http,REJ,0,0,0,0,0,0,0,0,0,1,0.0,0.0,1.0,1.0,1.0,0.0,0.0,5,229,1.0,0.0,0.2,0.19,0.0,0.0,1.0,0,87435.0
0,icmp,urp_i,SF,78,0,0,0,0,0,0,0,0,12,0.0,0.0,0.0,0.0,0.08,0.17,0.0,255,13,0.05,0.01,0.05,0.0,0.0,0.0,0.0,0,75390.0
0,tcp,http,SF,195,1919,0,0,1,0,0,0,0,3,0.0,0.0,0.0,0.0,1.0,0.0,0.0,3,255,1.0,0.0,0.33,0.06,0.0,0.0,0.0,0,109174.0
0,tcp,ftp_data,SF,334,0,0,0,1,0,0,0,0,1,0.0,0.0,0.0,0.0,1.0,0.0,0.0,10,18,1.0,0.0,1.0,0.11,0.0,0.0,0.0,1,25940.0
0,udp,domain_u,SF,44,110,0,0,0,0,0,0,0,79,0.0,0.0,0.0,0.0,1.0,0.0,0.01,255,255,1.0,0.0,0.0,0.0,0.0,0.0,0.0,0,26259.0
0,udp,private,SF,28,0,3,0,0,0,0,0,0,24,0.0,0.0,0.04,0.0,0.96,0.08,0.0,255,23,0.09,0.02,0.09,0.0,0.0,0.0,0.0,1,45948.0
0,tcp,ftp_data,SF,1690,0,0,0,1,0,0,0,0,6,0.0,0.0,0.0,0.0,1.0,0.0,0.0,63,12,0.19,0.1,0.19,0.0,0.0,0.0,0.0,0,121886.0
0,icmp,eco_i,SF,8,0,0,0,0,0,0,0,0,1,0.0,0.0,0.0,0.0,1.0,0.0,1.0,1,39,1.0,0.0,1.0,0.51,0.0,0.0,0.0,1,30557.0
11049,udp,other,SF,145,105,0,0,0,0,0,0,0,1,0.0,0.0,0.0,0.0,1.0,0.0,0.0,255,1,0.0,0.57,0.95,0.0,0.0,0.0,0.0,0,71023.0
0,tcp,ftp_data,SF,245,0,0,0,0,0,0,0,0,2,0.0,0.0,0.0,0.0,1.0,0.0,0.0,246,44,0.18,0.03,0.15,0.0,0.0,0.0,0.0,0,61488.0
0,tcp,http,SF,54540,8314,0,2,1,1,0,0,0,2,0.0,0.0,0.0,0.33,1.0,0.0,0.67,41,41,1.0,0.0,0.02,0.0,0.0,0.0,0.0,1,57206.0
0,icmp,eco_i,SF,8,0,0,0,0,0,0,0,0,1,0.0,0.0,0.0,0.0,1.0,0.0,1.0,4,4,1.0,0.0,1.0,0.0,0.0,0.0,0.0,1,71838.0
0,tcp,telnet,RSTO,0,0,0,0,0,0,0,0,0,246,0.0,0.0,1.0,1.0,0.07,0.07,0.0,255,18,0.07,0.08,0.0,0.0,0.0,0.0,1.0,1,115277.0
252,tcp,http,SF,222,238,0,0,1,0,0,0,0,1,0.0,0.0,0.0,0.0,1.0,0.0,0.0,79,255,1.0,0.0,0.01,0.07,0.0,0.0,0.02,0,1684.0
0,tcp,private,S0,0,0,0,0,0,0,0,0,0,299,1.0,1.0,0.0,0.0,0.06,0.05,0.0,255,15,0.06,0.06,0.0,0.0,1.0,1.0,0.0,1,9204.0
0,udp,private,SF,1,0,0,0,0,0,0,0,0,22,0.0,0.0,0.0,0.0,0.27,0.14,0.0,255,6,0.02,0.61,0.53,0.0,0.0,0.0,0.0,1,10038.0
0,tcp,http,SF,302,4743,0,0,1,0,0,0,0,12,0.0,0.0,0.0,0.0,1.0,0.0,0.11,12,255,1.0,0.0,0.08,0.06,0.0,0.01,0.0,0,8412.0
0,tcp,http,SF,211,74546,0,0,1,0,0,0,0,8,0.0,0.0,0.0,0.0,1.0,0.0,0.0,19,255,1.0,0.0,0.05,0.04,0.0,0.0,0.0,0,89975.0
1,tcp,private,RSTOS0,0,0,0,0,0,0,0,0,0,165,0.68,0.5,0.32,0.5,0.01,0.39,0.0,255,2,0.01,0.25,0.65,0.0,0.44,0.5,0.5,1,8925.0
40339,tcp,pop_3,RSTR,1,0,0,0,0,0,0,0,0,2,0.0,0.0,1.0,1.0,1.0,0.0,0.0,255,2,0.01,0.44,0.86,0.0,0.0,0.0,1.0,1,33674.0
0,tcp,http,SF,309,1748,0,0,1,0,0,0,0,8,0.0,0.0,0.0,0.0,1.0,0.0,0.0,25,255,1.0,0.0,0.04,0.02,0.0,0.0,0.0,0,101498.0
0,tcp,private,RSTR,0,0,0,0,0,0,0,0,0,1,0.0,0.0,1.0,1.0,1.0,0.0,0.0,255,1,0.0,0.62,0.61,0.0,0.0,0.0,1.0,1,100349.0
0,tcp,auth,S0,0,0,0,0,0,0,0,0,0,202,1.0,1.0,0.0,0.0,0.03,0.05,0.0,255,6,0.02,0.06,0.0,0.0,1.0,1.0,0.0,1,30645.0
0,tcp,whois,S0,0,0,0,0,0,0,0,0,0,201,1.0,1.0,0.0,0.0,0.01,0.06,0.0,255,2,0.01,0.07,0.0,0.0,1.0,1.0,0.0,1,23480.0
0,tcp,http,S0,0,0,0,0,0,0,0,0,0,1,1.0,1.0,0.0,0.0,1.0,0.0,0.0,9,128,1.0,0.0,0.11,0.16,1.0,0.07,0.93,0,123090.0
0,tcp,ftp_data,SF,334,0,0,0,1,0,0,0,0,2,0.0,0.0,0.0,0.0,1.0,0.0,0.0,2,18,1.0,0.0,1.0,0.22,0.0,0.0,0.0,1,25627.0
0,tcp,http,REJ,0,0,0,0,0,0,0,0,0,1,0.0,0.0,1.0,1.0,1.0,0.0,0.0,7,255,1.0,0.0,0.14,0.14,0.0,0.0,0.84,0,120323.0
0,tcp,private,S0,0,0,0,0,0,0,0,0,0,113,1.0,1.0,0.0,0.0,0.02,0.07,0.0,255,19,0.07,0.06,0.0,0.0,1.0,1.0,0.0,1,77653.0
0,tcp,http,SF,308,2676,0,0,1,0,0,0,0,5,0.0,0.0,0.0,0.0,1.0,0.0,0.0,255,255,1.0,0.0,0.0,0.0,0.0,0.0,0.0,0,107026.0
2,tcp,smtp,SF,880,335,0,0,1,0,0,0,0,2,0.0,0.0,0.0,0.0,0.5,1.0,0.0,140,132,0.51,0.04,0.01,0.02,0.0,0.0,0.0,0,83381.0
0,tcp,vmnet,S0,0,0,0,0,0,0,0,0,0,266,1.0,1.0,0.0,0.0,0.08,0.05,0.0,255,20,0.08,0.05,0.0,0.0,1.0,1.0,0.0,1,113152.0
2630,udp,other,SF,145,105,0,0,0,0,0,0,0,1,0.0,0.0,0.0,0.0,1.0,0.0,0.0,255,1,0.0,0.86,0.98,0.0,0.0,0.0,0.0,0,86471.0
0,tcp,http,SF,209,2568,0,0,1,0,0,0,0,5,0.0,0.0,0.0,0.0,1.0,0.0,0.18,5,255,1.0,0.0,0.2,0.05,0.0,0.0,0.0,0,89093.0
0,icmp,eco_i,SF,8,0,0,0,0,0,0,0,0,1,0.0,0.0,0.0,0.0,1.0,0.0,1.0,2,5,1.0,0.0,1.0,0.6,0.0,0.0,0.0,1,43046.0
0,tcp,http,SF,252,608,0,0,1,0,0,0,0,17,0.0,0.0,0.0,0.0,1.0,0.0,0.0,255,255,1.0,0.0,0.0,0.0,0.0,0.0,0.0,0,40364.0
0,icmp,eco_i,SF,30,0,0,0,0,0,0,0,0,1,0.0,0.0,0.0,0.0,1.0,0.0,0.0,193,193,1.0,0.0,1.0,0.0,0.0,0.0,0.0,0,57867.0
0,tcp,http,SF,217,5222,0,0,1,0,0,0,0,2,0.0,0.0,0.0,0.0,1.0,0.0,0.19,10,255,1.0,0.0,0.1,0.03,0.0,0.0,0.0,0,63003.0
0,tcp,private,S0,0,0,0,0,0,0,0,0,0,189,1.0,1.0,0.0,0.0,0.1,0.06,0.0,255,9,0.04,0.06,0.0,0.0,1.0,1.0,0.0,1,88583.0
0,tcp,http,REJ,0,0,0,0,0,0,0,0,0,270,0.0,0.0,1.0,1.0,0.04,0.06,0.0,255,10,0.04,0.07,0.0,0.0,0.0,0.0,1.0,1,10697.0
0,tcp,http,SF,179,20603,0,0,1,0,0,0,0,16,0.0,0.0,0.0,0.0,1.0,0.0,0.0,56,255,1.0,0.0,0.02,0.04,0.0,0.0,0.0,0,59547.0
0,tcp,private,S0,0,0,0,0,0,0,0,0,0,259,1.0,1.0,0.0,0.0,0.03,0.05,0.0,119,7,0.06,0.08,0.01,0.0,0.98,1.0,0.0,1,57223.0
0,icmp,eco_i,SF,8,0,0,0,0,0,0,0,0,1,0.0,0.0,0.0,0.0,1.0,0.0,1.0,2,254,1.0,0.0,1.0,0.5,0.0,0.0,0.0,1,104412.0
0,icmp,ecr_i,SF,1032,0,0,0,0,0,0,0,0,509,0.0,0.0,0.0,0.0,1.0,0.0,0.0,255,243,0.95,0.04,0.95,0.0,0.0,0.0,0.0,1,40321.0
0,tcp,finger,S0,0,0,0,0,0,0,0,0,0,62,1.0,1.0,0.0,0.0,0.32,0.06,0.0,255,80,0.31,0.02,0.0,0.0,1.0,1.0,0.0,1,78694.0
11,tcp,private,RSTR,0,0,0,0,0,0,0,0,0,1,0.0,0.0,1.0,1.0,1.0,0.0,0.0,255,1,0.0,0.91,0.91,0.0,0.0,0.0,1.0,1,105380.0
0,icmp,ecr_i,SF,1032,0,0,0,0,0,0,0,0,96,0.0,0.0,0.0,0.0,1.0,0.0,0.0,255,96,0.38,0.02,0.38,0.0,0.0,0.0,0.0,1,121808.0
0,tcp,http,REJ,0,0,0,0,0,0,0,0,0,1,0.0,0.0,1.0,1.0,1.0,0.0,0.0,77,255,1.0,0.0,0.01,0.11,0.0,0.0,0.82,0,48817.0
0,tcp,auth,S0,0,0,0,0,0,0,0,0,0,270,1.0,1.0,0.0,0.0,0.03,0.06,0.0,255,12,0.05,0.07,0.0,0.0,1.0,1.0,0.0,1,54171.0
0,tcp,nnsp,S0,0,0,0,0,0,0,0,0,0,105,1.0,1.0,0.0,0.0,0.19,0.06,0.0,255,20,0.08,0.07,0.0,0.0,1.0,1.0,0.0,1,4238.0
0,tcp,echo,S0,0,0,0,0,0,0,0,0,0,277,1.0,1.0,0.0,0.0,0.03,0.06,0.0,255,9,0.04,0.07,0.0,0.0,1.0,1.0,0.0,1,58758.0
0,tcp,systat,S0,0,0,0,0,0,0,0,0,0,280,1.0,1.0,0.0,0.0,0.07,0.06,0.0,255,17,0.07,0.07,0.0,0.0,1.0,1.0,0.0,1,115066.0
0,tcp,http,SF,204,1395,0,0,1,0,0,0,0,10,0.0,0.0,0.0,0.0,1.0,0.0,0.18,71,255,1.0,0.0,0.01,0.03,0.01,0.0,0.0,0,65580.0
0,tcp,http,RSTR,29200,2920,0,1,1,0,0,0,0,4,0.0,0.0,0.75,0.75,1.0,0.0,0.0,255,255,1.0,0.0,0.0,0.0,0.0,0.0,0.04,1,6666.0
0,udp,private,SF,105,146,0,0,0,0,0,0,0,1,0.0,0.0,0.0,0.0,1.0,0.0,0.0,255,254,1.0,0.01,0.01,0.0,0.0,0.0,0.0,0,67212.0
2717,udp,other,SF,147,105,0,0,0,0,0,0,0,1,0.0,0.0,0.0,0.0,1.0,0.0,0.0,255,1,0.0,0.85,1.0,0.0,0.0,0.0,0.0,0,60790.0
0,tcp,uucp_path,REJ,0,0,0,0,0,0,0,0,0,2,0.0,0.0,1.0,1.0,0.5,1.0,0.0,255,1,0.0,1.0,1.0,0.0,0.0,0.0,1.0,1,115638.0
0,tcp,http,SF,319,1586,0,0,1,0,0,0,0,6,0.0,0.0,0.0,0.0,1.0,0.0,0.0,255,255,1.0,0.0,0.0,0.0,0.0,0.0,0.0,0,34193.0
0,udp,domain_u,SF,44,132,0,0,0,0,0,0,0,67,0.0,0.0,0.0,0.0,1.0,0.0,0.01,255,253,0.99,0.01,0.0,0.0,0.0,0.0,0.0,0,95389.0
0,icmp,ecr_i,SF,1032,0,0,0,0,0,0,0,0,454,0.0,0.0,0.0,0.0,1.0,0.0,0.0,255,255,1.0,0.0,1.0,0.0,0.0,0.0,0.0,1,15222.0
0,udp,domain_u,SF,46,46,0,0,0,0,0,0,0,5,0.0,0.0,0.0,0.0,1.0,0.0,0.38,255,254,1.0,0.01,0.0,0.0,0.0,0.0,0.0,0,74592.0
0,icmp,ecr_i,SF,520,0,0,0,0,0,0,0,0,483,0.0,0.0,0.0,0.0,1.0,0.0,0.0,80,80,1.0,0.0,1.0,0.0,0.0,0.0,0.0,1,97401.0
0,tcp,private,REJ,0,0,0,0,0,0,0,0,0,106,0.0,0.0,1.0,1.0,0.06,0.06,0.0,255,26,0.1,0.05,0.0,0.0,0.0,0.0,1.0,1,102642.0
2,tcp,smtp,SF,798,330,0,0,1,0,0,0,0,1,0.0,0.0,0.0,0.0,1.0,0.0,0.0,7,156,0.71,0.29,0.14,0.02,0.0,0.01,0.0,0,24456.0
0,tcp,http,SF,226,1022,0,0,1,0,0,0,0,23,0.0,0.0,0.0,0.0,1.0,0.0,0.08,23,255,1.0,0.0,0.04,0.03,0.0,0.0,0.0,0,745.0
0,tcp,Z39_50,S0,0,0,0,0,0,0,0,0,0,221,1.0,1.0,0.0,0.0,0.05,0.05,0.0,255,10,0.04,0.05,0.0,0.0,1.0,1.0,0.0,1,109379.0
0,tcp,http,SF,321,253,0,0,1,0,0,0,0,21,0.0,0.0,0.0,0.0,1.0,0.0,0.0,164,255,1.0,0.0,0.01,0.01,0.0,0.0,0.0,0,41243.0
0,udp,private,SF,1,0,0,0,0,0,0,0,0,5,0.0,0.0,0.0,0.0,0.2,0.4,0.0,255,47,0.18,0.23,1.0,0.0,0.0,0.0,0.0,1,79773.0
0,tcp,http,SF,251,13364,0,0,1,0,0,0,0,26,0.0,0.0,0.0,0.0,1.0,0.0,0.0,26,255,1.0,0.0,0.04,0.07,0.0,0.0,0.0,0,46435.0
0,tcp,ftp_data,SF,151,0,0,0,0,0,0,0,0,2,0.0,0.0,0.0,0.0,1.0,0.0,0.0,119,8,0.07,0.03,0.07,0.0,0.01,0.0,0.0,0,106727.0
0,tcp,http,SF,206,2824,0,0,1,0,0,0,0,2,0.0,0.0,0.0,0.0,1.0,0.0,0.67,20,255,1.0,0.0,0.05,0.03,0.0,0.0,0.0,0,75708.0
0,tcp,ftp_data,S0,0,0,0,0,0,0,0,0,0,196,1.0,1.0,0.0,0.0,0.04,0.06,0.0,255,8,0.03,0.07,0.0,0.0,1.0,1.0,0.0,1,48368.0
25445,udp,other,SF,146,105,0,0,0,0,0,0,0,1,0.0,0.0,0.0,0.0,1.0,0.0,0.0,255,3,0.01,0.6,0.89,0.0,0.0,0.0,0.0,0,122766.0
0,tcp,ftp_data,SF,567,0,0,0,0,0,0,0,0,3,0.0,0.0,0.0,0.0,0.33,0.67,0.0,232,34,0.12,0.02,0.12,0.06,0.0,0.0,0.0,0,85075.0
0,tcp,private,S0,0,0,0,0,0,0,0,0,0,149,1.0,1.0,0.0,0.0,0.11,0.05,0.0,255,15,0.06,0.06,0.0,0.0,1.0,1.0,0.0,1,101113.0
0,udp,other,SF,516,4,0,0,0,0,0,0,0,166,0.0,0.0,0.0,0.0,1.0,0.0,0.0,166,166,1.0,0.0,1.0,0.0,0.0,0.0,0.0,0,56046.0
0,icmp,eco_i,SF,30,0,0,0,0,0,0,0,0,1,0.0,0.0,0.0,0.0,1.0,0.0,0.0,242,242,1.0,0.0,1.0,0.0,0.0,0.0,0.0,0,100220.0
0,tcp,http,SF,267,14496,0,0,1,0,0,0,0,7,0.0,0.0,0.0,0.0,1.0,0.0,0.0,255,255,1.0,0.0,0.0,0.0,0.0,0.0,0.0,0,95087.0
0,udp,domain_u,SF,44,44,0,0,0,0,0,0,0,70,0.0,0.0,0.0,0.0,1.0,0.0,0.0,255,252,0.99,0.01,0.0,0.0,0.0,0.0,0.0,0,115223.0
0,tcp,ftp_data,SF,1199,0,0,0,1,0,0,0,0,2,0.0,0.0,0.0,0.0,1.0,0.0,0.0,8,8,1.0,0.0,1.0,0.0,0.0,0.0,0.0,0,30277.0
0,tcp,efs,S0,0,0,0,0,0,0,0,0,0,140,1.0,1.0,0.0,0.0,0.12,0.06,0.0,255,8,0.03,0.06,0.0,0.0,1.0,1.0,0.0,1,86445.0
0,tcp,other,REJ,0,0,0,0,0,0,0,0,0,509,0.04,0.0,0.96,1.0,0.0,0.97,0.0,255,1,0.0,1.0,0.0,0.0,0.04,0.0,1.0,1,52505.0
0,tcp,private,S0,0,0,0,0,0,0,0,0,0,117,1.0,1.0,0.0,0.0,0.07,0.07,0.0,255,11,0.04,0.07,0.0,0.0,1.0,1.0,0.0,1,74356.0
0,tcp,http,SF,297,678,0,0,1,0,0,0,0,6,0.0,0.0,0.0,0.0,1.0,0.0,0.0,255,255,1.0,0.0,0.0,0.0,0.0,0.0,0.0,0,60198.0
0,tcp,ctf,REJ,0,0,0,0,0,0,0,0,0,242,0.0,0.0,1.0,1.0,0.04,0.07,0.0,255,9,0.04,0.07,0.0,0.0,0.0,0.0,1.0,1,62323.0
0,tcp,exec,S0,0,0,0,0,0,0,0,0,0,127,1.0,1.0,0.0,0.0,0.12,0.06,0.0,255,6,0.02,0.06,0.0,0.0,1.0,1.0,0.0,1,43120.0
0,icmp,eco_i,SF,8,0,0,0,0,0,0,0,0,1,0.0,0.0,0.0,0.0,1.0,0.0,1.0,3,61,1.0,0.0,1.0,0.26,0.0,0.0,0.0,1,99557.0
0,tcp,private,RSTR,0,0,0,0,0,0,0,0,0,1,0.0,0.0,1.0,1.0,1.0,0.0,0.0,255,1,0.0,0.55,1.0,0.0,0.0,0.0,1.0,1,99136.0
0,tcp,private,S0,0,0,0,0,0,0,0,0,0,296,1.0,1.0,0.0,0.0,0.05,0.06,0.0,255,18,0.07,0.07,0.0,0.0,1.0,1.0,0.0,1,101939.0
0,tcp,http,REJ,0,0,0,0,0,0,0,0,0,1,0.0,0.0,1.0,1.0,1.0,0.0,0.0,5,255,1.0,0.0,0.2,0.11,0.0,0.0,0.96,0,41589.0
0,tcp,http,S0,0,0,0,0,0,0,0,0,0,5,0.2,0.17,0.0,0.0,1.0,0.0,0.33,255,255,1.0,0.0,0.01,0.0,0.01,0.01,0.0,0,56333.0
0,udp,private,SF,1,0,0,0,0,0,0,0,0,3,0.0,0.0,0.0,0.0,1.0,0.0,0.0,255,3,0.01,0.23,1.0,0.0,0.0,0.0,0.0,1,9550.0
0,tcp,ftp_data,SF,6932,0,0,0,1,0,0,0,0,2,0.0,0.0,0.0,0.0,1.0,0.0,0.67,255,73,0.29,0.02,0.29,0.0,0.0,0.0,0.0,0,97329.0
0,tcp,ftp_data,SF,10261,0,0,0,1,0,0,0,0,1,0.0,0.0,0.0,0.0,1.0,0.0,0.0,30,67,0.87,0.1,0.87,0.04,0.0,0.01,0.0,0,91534.0
0,tcp,iso_tsap,S0,0,0,0,0,0,0,0,0,0,1,1.0,1.0,0.0,0.0,1.0,0.0,0.0,255,1,0.0,0.09,0.0,0.0,1.0,1.0,0.0,1,107360.0
0,tcp,smtp,SF,1195,479,0,0,1,0,0,0,0,1,0.0,0.0,0.0,0.0,1.0,0.0,1.0,255,30,0.12,0.02,0.0,0.0,0.0,0.0,0.0,0,100576.0
0,tcp,http,SF,197,412,0,0,1,0,0,0,0,6,0.0,0.0,0.0,0.0,1.0,0.0,0.0,164,255,1.0,0.0,0.01,0.05,0.0,0.0,0.0,0,62734.0
0,icmp,eco_i,SF,8,0,0,0,0,0,0,0,0,1,0.0,0.0,0.0,0.0,1.0,0.0,1.0,1,53,1.0,0.0,1.0,0.51,0.0,0.0,0.0,1,123466.0
0,tcp,http,SF,245,10715,0,0,1,0,0,0,0,11,0.0,0.0,0.0,0.0,1.0,0.0,0.13,65,255,1.0,0.0,0.02,0.01,0.0,0.0,0.0,0,56904.0
0,tcp,ftp_data,SF,63,0,0,0,0,0,0,0,0,1,0.0,0.0,0.0,0.0,1.0,0.0,0.0,210,7,0.0,0.01,0.0,0.29,0.95,0.0,0.0,0,7463.0
0,tcp,private,SH,0,0,0,0,0,0,0,0,0,1,1.0,1.0,0.0,0.0,1.0,0.0,0.0,102,1,0.01,0.9,0.92,0.0,0.92,1.0,0.0,1,75505.0
2,tcp,smtp,SF,4508,331,0,0,1,0,0,0,0,1,0.0,0.0,0.0,0.0,1.0,0.0,0.0,11,7,0.64,0.18,0.09,0.0,0.0,0.0,0.0,0,25788.0
0,tcp,http,SF,229,2239,0,0,1,0,0,0,0,6,0.0,0.0,0.0,0.0,1.0,0.0,0.23,255,241,0.95,0.01,0.0,0.0,0.0,0.0,0.0,0,8012.0
0,tcp,smtp,SF,1239,400,0,0,1,0,0,0,0,1,0.0,0.0,0.0,0.0,1.0,0.0,0.0,255,116,0.45,0.04,0.0,0.0,0.11,0.0,0.0,0,16712.0
0,tcp,http,SF,254,1621,0,0,1,0,0,0,0,2,0.0,0.0,0.0,0.0,1.0,0.0,0.5,122,255,1.0,0.0,0.01,0.04,0.0,0.0,0.0,0,53136.0
0,udp,other,SF,516,4,0,0,0,0,0,0,0,310,0.0,0.0,0.0,0.0,1.0,0.0,0.0,255,255,1.0,0.0,1.0,0.0,0.0,0.0,0.0,0,12988.0
5062,tcp,ftp_data,SF,5133876,0,0,3,1,0,0,0,0,1,0.0,0.0,0.0,0.0,1.0,0.0,0.0,8,19,1.0,0.0,1.0,0.11,0.0,0.0,0.0,1,56304.0
0,tcp,ftp_data,S0,0,0,0,0,0,0,0,0,0,73,1.0,1.0,0.0,0.0,0.19,0.05,0.0,255,63,0.25,0.02,0.02,0.0,1.0,1.0,0.0,1,101355.0
0,tcp,ldap,S0,0,0,0,0,0,0,0,0,0,125,1.0,1.0,0.0,0.0,0.02,0.07,0.0,255,2,0.01,0.06,0.0,0.0,1.0,1.0,0.0,1,90734.0
0,tcp,private,S0,0,0,0,0,0,0,0,0,0,209,1.0,1.0,0.0,0.0,0.06,0.08,0.0,255,13,0.05,0.09,0.0,0.0,1.0,1.0,0.0,1,25179.0
0,udp,domain_u,SF,44,44,0,0,0,0,0,0,0,17,0.0,0.0,0.0,0.0,1.0,0.0,0.11,255,255,1.0,0.0,0.0,0.0,0.0,0.0,0.0,0,61110.0
0,tcp,private,S0,0,0,0,0,0,0,0,0,0,248,1.0,1.0,0.0,0.0,0.01,0.05,0.0,255,2,0.01,0.05,0.0,0.0,1.0,1.0,0.0,1,32754.0
0,tcp,http,SF,212,8001,0,0,1,0,0,0,0,1,0.0,0.0,0.0,0.0,1.0,0.0,0.0,69,255,1.0,0.0,0.01,0.06,0.0,0.0,0.0,0,118957.0
0,tcp,http,SF,215,1613,0,0,1,0,0,0,0,3,0.0,0.0,0.0,0.0,1.0,0.0,0.16,74,74,1.0,0.0,0.01,0.0,0.0,0.0,0.0,0,14604.0
0,icmp,eco_i,SF,8,0,0,0,0,0,0,0,0,1,0.0,0.0,0.0,0.0,1.0,0.0,1.0,2,12,1.0,0.0,1.0,0.5,0.0,0.0,0.0,1,71911.0
0,udp,domain_u,SF,40,93,0,0,0,0,0,0,0,8,0.0,0.0,0.0,0.0,1.0,0.0,0.0,70,87,0.74,0.03,0.74,0.02,0.01,0.0,0.0,0,17043.0
0,tcp,http_443,S0,0,0,0,0,0,0,0,0,0,149,1.0,1.0,0.0,0.0,0.17,0.04,0.0,255,25,0.1,0.05,0.0,0.0,1.0,1.0,0.0,1,78069.0
0,tcp,finger,S0,0,0,0,0,0,0,0,0,0,235,1.0,1.0,0.0,0.0,0.01,0.06,0.0,255,13,0.05,0.08,0.0,0.0,1.0,1.0,0.0,1,33124.0
0,tcp,http,SF,238,477,0,0,1,0,0,0,0,17,0.0,0.0,0.0,0.0,1.0,0.0,0.11,43,255,1.0,0.0,0.02,0.02,0.0,0.0,0.0,0,70153.0
1,tcp,smtp,SF,2497,411,0,0,1,0,0,0,0,1,0.0,0.0,0.0,0.0,1.0,0.0,1.0,113,53,0.47,0.05,0.01,0.0,0.0,0.0,0.0,0,89322.0
1,tcp,smtp,SF,1124,334,0,0,1,0,0,0,0,1,0.0,0.0,0.0,0.0,1.0,0.0,1.0,127,145,0.77,0.04,0.02,0.01,0.0,0.0,0.0,0,40855.0
0,tcp,http,SF,286,659,0,0,1,0,0,0,0,33,0.0,0.0,0.0,0.0,1.0,0.0,0.0,255,255,1.0,0.0,0.01,0.0,0.0,0.0,0.0,0,84647.0
0,udp,other,SF,516,4,0,0,0,0,0,0,0,185,0.0,0.0,0.0,0.0,1.0,0.0,0.0,185,185,1.0,0.0,1.0,0.0,0.0,0.0,0.0,0,92316.0
0,tcp,http_443,S0,0,0,0,0,0,0,0,0,0,141,1.0,1.0,0.0,0.0,0.12,0.06,0.0,255,17,0.07,0.06,0.0,0.0,1.0,1.0,0.0,1,12374.0
0,tcp,efs,S0,0,0,0,0,0,0,0,0,0,143,1.0,1.0,0.0,0.0,0.12,0.06,0.0,255,17,0.07,0.06,0.0,0.0,1.0,1.0,0.0,1,60036.0
0,tcp,Z39_50,S0,0,0,0,0,0,0,0,0,0,230,1.0,1.0,0.0,0.0,0.0,0.07,0.0,255,1,0.0,0.07,0.0,0.0,1.0,1.0,0.0,1,8037.0
0,tcp,systat,REJ,0,0,0,0,0,0,0,0,0,115,0.0,0.0,1.0,1.0,0.01,0.53,0.0,255,1,0.0,0.25,0.45,0.0,0.0,0.0,1.0,1,62832.0
0,tcp,http,SF,320,954,0,0,1,0,0,0,0,22,0.0,0.0,0.0,0.0,1.0,0.0,0.12,62,255,1.0,0.0,0.02,0.1,0.0,0.0,0.85,0,114624.0
0,udp,private,SF,1,1,0,0,0,0,0,0,0,8,0.0,0.0,0.0,0.0,0.62,0.25,0.0,255,5,0.02,0.98,0.03,0.0,0.19,0.0,0.0,1,122246.0
0,udp,domain_u,SF,43,127,0,0,0,0,0,0,0,119,0.0,0.0,0.0,0.0,1.0,0.0,0.02,239,174,0.73,0.02,0.0,0.0,0.0,0.0,0.0,0,65819.0
0,tcp,http,SF,245,2762,0,0,1,0,0,0,0,8,0.0,0.0,0.0,0.0,1.0,0.0,0.0,255,255,1.0,0.0,0.01,0.0,0.0,0.0,0.0,0,115566.0
0,udp,private,SF,1,0,0,0,0,0,0,0,0,9,0.0,0.0,0.0,0.0,1.0,0.0,0.0,255,9,0.04,0.28,1.0,0.0,0.0,0.0,0.0,1,96408.0
0,tcp,smtp,SF,829,332,0,0,1,0,0,0,0,1,0.0,0.0,0.0,0.0,1.0,0.0,0.0,206,245,0.96,0.01,0.0,0.01,0.0,0.0,0.0,0,78355.0
0,tcp,http,SF,264,2622,0,0,1,0,0,0,0,25,0.0,0.0,0.0,0.0,1.0,0.0,0.07,25,255,1.0,0.0,0.04,0.07,0.0,0.0,0.0,0,86089.0
0,tcp,uucp_path,S0,0,0,0,0,0,0,0,0,0,229,1.0,1.0,0.0,0.0,0.0,0.06,0.0,255,1,0.0,0.06,0.0,0.0,1.0,1.0,0.0,1,37044.0
0,tcp,http,SF,336,7560,0,0,1,0,0,0,0,6,0.0,0.0,0.0,0.0,1.0,0.0,0.0,105,255,1.0,0.0,0.01,0.02,0.0,0.0,0.0,0,46020.0
0,tcp,http,SF,191,433,0,0,1,0,0,0,0,5,0.0,0.0,0.0,0.0,1.0,0.0,0.0,26,255,1.0,0.0,0.04,0.04,0.0,0.0,0.0,0,63199.0
0,icmp,eco_i,SF,8,0,0,0,0,0,0,0,0,1,0.0,0.0,0.0,0.0,1.0,0.0,1.0,1,59,1.0,0.0,1.0,0.51,0.0,0.0,0.0,1,507.0
0,icmp,urp_i,SF,132,0,0,0,0,0,0,0,0,4,0.0,0.0,0.0,0.0,0.5,0.5,0.0,14,3,0.21,0.21,0.21,0.0,0.0,0.0,0.0,0,69269.0
0,tcp,private,S0,0,0,0,0,0,0,0,0,0,118,1.0,1.0,0.0,0.0,0.15,0.06,0.0,255,8,0.03,0.07,0.0,0.0,1.0,1.0,0.0,1,70144.0
0,tcp,private,REJ,0,0,0,0,0,0,0,0,0,206,0.0,0.0,1.0,1.0,0.06,0.06,0.0,255,12,0.05,0.07,0.0,0.0,0.0,0.0,1.0,1,119496.0
0,tcp,klogin,REJ,0,0,0,0,0,0,0,0,0,132,0.0,0.0,1.0,1.0,0.04,0.07,0.0,255,5,0.02,0.07,0.0,0.0,0.0,0.0,1.0,1,55270.0
0,icmp,eco_i,SF,8,0,0,0,0,0,0,0,0,1,0.0,0.0,0.0,0.0,1.0,0.0,1.0,2,78,1.0,0.0,1.0,0.5,0.0,0.0,0.0,1,52893.0
0,tcp,ftp_data,S0,0,0,0,0,0,0,0,0,0,284,1.0,1.0,0.0,0.0,0.04,0.06,0.0,255,12,0.05,0.06,0.0,0.0,1.0,1.0,0.0,1,103318.0
0,tcp,smtp,S1,1075,286,0,0,1,0,0,0,0,2,0.5,1.0,0.0,0.0,0.5,1.0,0.0,71,45,0.63,0.07,0.01,0.0,0.01,0.02,0.0,0,59867.0
0,tcp,netbios_dgm,S0,0,0,0,0,0,0,0,0,0,189,1.0,1.0,0.0,0.0,0.01,0.07,0.0,255,2,0.01,0.07,0.0,0.0,1.0,1.0,0.0,1,35929.0
465,udp,other,SF,147,105,0,0,0,0,0,0,0,1,0.0,0.0,0.0,0.0,1.0,0.0,0.0,255,1,0.0,0.58,0.93,0.0,0.0,0.0,0.0,0,16260.0
0,udp,domain_u,SF,29,29,0,0,0,0,0,0,0,4,0.0,0.0,0.0,0.0,1.0,0.0,0.5,255,254,1.0,0.01,0.01,0.0,0.0,0.0,0.0,0,1594.0
0,tcp,private,S0,0,0,0,0,0,0,0,0,0,262,1.0,1.0,0.0,0.0,0.06,0.06,0.0,255,7,0.03,0.06,0.0,0.0,1.0,1.0,0.0,1,114554.0
0,tcp,remote_job,S0,0,0,0,0,0,0,0,0,0,280,1.0,1.0,0.0,0.0,0.05,0.05,0.0,255,13,0.05,0.05,0.0,0.0,1.0,1.0,0.0,1,39574.0
0,udp,private,SF,28,0,3,0,0,0,0,0,0,31,0.0,0.0,0.0,0.0,1.0,0.0,0.0,255,31,0.12,0.01,0.12,0.0,0.0,0.0,0.0,1,103819.0
0,tcp,private,S0,0,0,0,0,0,0,0,0,0,72,1.0,1.0,0.0,0.0,0.08,0.07,0.0,255,6,0.02,0.05,0.0,0.0,1.0,1.0,0.0,1,3880.0
0,icmp,ecr_i,SF,1032,0,0,0,0,0,0,0,0,511,0.0,0.0,0.0,0.0,1.0,0.0,0.0,224,79,0.35,0.01,0.35,0.0,0.0,0.0,0.0,1,82023.0
0,tcp,http,SF,219,1448,0,0,1,0,0,0,0,34,0.0,0.0,0.0,0.0,1.0,0.0,0.06,34,255,1.0,0.0,0.03,0.04,0.0,0.0,0.0,0,98823.0
0,tcp,ftp_data,SF,5929,0,0,0,1,0,0,0,0,9,0.0,0.0,0.0,0.0,1.0,0.0,0.0,76,54,0.71,0.04,0.71,0.0,0.0,0.0,0.0,0,3576.0
0,tcp,smtp,SF,904,328,0,0,1,0,0,0,0,1,0.0,0.0,0.0,0.0,1.0,0.0,1.0,238,170,0.71,0.02,0.0,0.0,0.0,0.0,0.0,0,77479.0
0,icmp,ecr_i,SF,1032,0,0,0,0,0,0,0,0,7,0.0,0.0,0.0,0.0,1.0,0.0,0.0,255,7,0.03,0.02,0.03,0.0,0.0,0.0,0.0,1,45343.0
0,tcp,smtp,SF,813,311,0,0,1,0,0,0,0,1,0.0,0.0,0.0,0.0,1.0,0.0,0.0,79,71,0.11,0.9,0.01,0.03,0.0,0.0,0.0,0,107444.0
0,udp,private,SF,105,147,0,0,0,0,0,0,0,1,0.0,0.0,0.0,0.0,1.0,0.0,0.0,5,5,1.0,0.0,0.2,0.0,0.0,0.0,0.0,0,76436.0
0,tcp,http,SF,144,6999,0,0,1,0,0,0,0,4,0.0,0.0,0.0,0.0,1.0,0.0,0.4,28,255,1.0,0.0,0.04,0.06,0.0,0.0,0.0,0,85310.0
0,tcp,private,REJ,0,0,0,0,0,0,0,0,0,137,0.0,0.0,1.0,1.0,0.12,0.06,0.0,255,3,0.01,0.07,0.0,0.0,0.0,0.0,1.0,1,66717.0
0,udp,domain_u,SF,127,44,0,0,0,0,0,0,0,43,0.0,0.0,0.0,0.0,1.0,0.0,0.0,255,240,0.94,0.01,0.18,0.0,0.0,0.0,0.0,0,74897.0
0,tcp,http,SF,224,12884,0,0,1,0,0,0,0,7,0.0,0.0,0.0,0.0,1.0,0.0,0.0,7,33,1.0,0.0,0.14,0.06,0.0,0.0,0.0,0,79627.0
0,icmp,ecr_i,SF,1032,0,0,0,0,0,0,0,0,68,0.0,0.0,0.0,0.0,1.0,0.0,0.0,255,255,1.0,0.0,1.0,0.0,0.0,0.0,0.0,1,36820.0
0,tcp,discard,S0,0,0,0,0,0,0,0,0,0,246,1.0,1.0,0.0,0.0,0.06,0.07,0.0,255,2,0.01,0.08,0.0,0.0,1.0,1.0,0.0,1,90190.0
0,tcp,vmnet,S0,0,0,0,0,0,0,0,0,0,261,1.0,1.0,0.0,0.0,0.01,0.05,0.0,255,3,0.01,0.05,0.0,0.0,1.0,1.0,0.0,1,24464.0
0,tcp,private,S0,0,0,0,0,0,0,0,0,0,245,1.0,1.0,0.0,0.0,0.04,0.07,0.0,255,10,0.04,0.08,0.0,0.0,1.0,1.0,0.0,1,86455.0
0,udp,domain_u,SF,43,69,0,0,0,0,0,0,0,238,0.0,0.0,0.0,0.0,1.0,0.0,0.0,255,255,1.0,0.0,0.01,0.0,0.0,0.0,0.0,0,117757.0
0,icmp,eco_i,SF,18,0,0,0,0,0,0,0,0,1,0.0,0.0,0.0,0.0,1.0,0.0,0.0,1,121,1.0,0.0,1.0,0.26,0.0,0.0,0.0,1,51409.0
0,icmp,eco_i,SF,8,0,0,0,0,0,0,0,0,1,0.0,0.0,0.0,0.0,1.0,0.0,1.0,2,129,1.0,0.0,1.0,0.5,0.0,0.0,0.0,1,1887.0
1,tcp,smtp,SF,1325,335,0,0,1,0,0,0,0,1,0.0,0.0,0.0,0.0,1.0,0.0,1.0,95,241,0.96,0.02,0.01,0.01,0.0,0.0,0.0,0,84438.0
0,icmp,eco_i,SF,8,0,0,0,0,0,0,0,0,1,0.0,0.0,0.0,0.0,1.0,0.0,1.0,4,24,1.0,0.0,1.0,0.25,0.0,0.0,0.0,1,14460.0
0,tcp,smtp,SF,1396,333,0,0,1,0,0,0,0,1,0.0,0.0,0.0,0.0,1.0,0.0,0.0,5,143,1.0,0.0,0.2,0.02,0.0,0.0,0.0,0,61178.0
0,tcp,private,S0,0,0,0,0,0,0,0,0,0,89,1.0,1.0,0.0,0.0,0.06,0.09,0.0,255,3,0.01,0.09,0.0,0.0,1.0,1.0,0.0,1,67524.0
0,tcp,private,RSTR,0,0,0,0,0,0,0,0,0,1,0.0,0.0,1.0,1.0,1.0,0.0,0.0,240,1,0.0,0.32,0.3,0.0,0.0,0.0,1.0,1,27517.0
0,tcp,private,S0,0,0,0,0,0,0,0,0,0,71,1.0,1.0,0.0,0.0,0.03,0.1,0.0,255,3,0.01,0.08,0.0,0.0,1.0,1.0,0.0,1,77645.0
0,tcp,http,S0,0,0,0,0,0,0,0,0,0,38,0.97,0.92,0.03,0.08,0.32,0.13,0.15,255,32,0.13,0.05,0.02,0.0,1.0,1.0,0.0,1,72833.0
0,tcp,ftp_data,SF,607,0,0,0,1,0,0,0,0,2,0.0,0.0,0.0,0.0,1.0,0.0,0.0,10,6,0.6,0.2,0.6,0.0,0.0,0.0,0.0,0,44825.0
0,tcp,http,SF,266,255,0,0,1,0,0,0,0,4,0.0,0.0,0.0,0.0,1.0,0.0,0.0,255,255,1.0,0.0,0.0,0.0,0.0,0.0,0.0,0,39403.0
0,tcp,http,SF,363,511,0,0,1,0,0,0,0,16,0.0,0.0,0.0,0.0,1.0,0.0,0.16,255,255,1.0,0.0,0.0,0.0,0.0,0.0,0.0,0,78121.0
0,tcp,http,SF,262,283,0,0,1,0,0,0,0,8,0.0,0.0,0.0,0.0,1.0,0.0,0.0,255,251,0.98,0.01,0.0,0.0,0.0,0.0,0.0,0,8514.0
0,tcp,smtp,SF,3249,331,0,0,1,0,0,0,0,1,0.0,0.0,0.0,0.0,1.0,0.0,0.0,148,146,0.76,0.02,0.01,0.01,0.0,0.0,0.0,0,87666.0
0,tcp,http,SF,212,7203,0,0,1,0,0,0,0,14,0.0,0.0,0.0,0.0,1.0,0.0,0.0,241,255,1.0,0.0,0.0,0.01,0.0,0.0,0.0,0,33432.0
0,tcp,smtp,SF,1534,384,0,0,1,0,0,0,0,1,0.0,0.0,0.0,0.0,1.0,0.0,0.0,255,70,0.27,0.05,0.0,0.0,0.49,0.0,0.0,0,34134.0
0,tcp,private,S0,0,0,0,0,0,0,0,0,0,119,1.0,1.0,0.0,0.0,0.03,0.06,0.0,255,20,0.08,0.07,0.0,0.0,1.0,1.0,0.0,1,39370.0
0,tcp,private,S0,0,0,0,0,0,0,0,0,0,189,1.0,1.0,0.0,0.0,0.11,0.06,0.0,50,14,0.28,0.18,0.02,0.0,0.72,1.0,0.0,1,73002.0
0,tcp,http,SF,252,382,0,0,1,0,0,0,0,1,0.0,0.0,0.0,0.0,1.0,0.0,0.21,89,255,1.0,0.0,0.01,0.04,0.0,0.0,0.0,0,105285.0
0,icmp,ecr_i,SF,1032,0,0,0,0,0,0,0,0,511,0.0,0.0,0.0,0.0,1.0,0.0,0.0,255,165,0.65,0.03,0.65,0.0,0.0,0.0,0.0,1,103224.0
0,tcp,http,SF,254,801,0,0,1,0,0,0,0,7,0.0,0.0,0.0,0.0,1.0,0.0,0.0,27,255,1.0,0.0,0.04,0.02,0.0,0.0,0.0,0,119982.0
0,tcp,other,S0,0,0,0,0,0,0,0,0,0,511,0.12,1.0,0.88,0.0,0.0,1.0,0.0,255,1,0.0,1.0,0.0,0.0,0.12,1.0,0.0,1,50930.0
0,udp,domain_u,SF,45,134,0,0,0,0,0,0,0,41,0.0,0.0,0.0,0.0,1.0,0.0,0.02,255,255,1.0,0.0,0.0,0.0,0.0,0.0,0.0,0,95667.0
0,icmp,eco_i,SF,8,0,0,0,0,0,0,0,0,1,0.0,0.0,0.0,0.0,1.0,0.0,1.0,2,234,1.0,0.0,1.0,0.25,0.0,0.0,0.0,1,14453.0
0,tcp,http,REJ,0,0,0,0,0,0,0,0,0,2,0.0,0.0,1.0,1.0,1.0,0.0,0.0,31,185,1.0,0.0,0.03,0.18,0.0,0.0,0.54,0,122780.0
0,tcp,http,SF,224,13572,0,0,1,0,0,0,0,5,0.0,0.0,0.0,0.0,1.0,0.0,0.0,20,255,1.0,0.0,0.05,0.03,0.0,0.01,0.0,0,41154.0
0,tcp,private,S0,0,0,0,0,0,0,0,0,0,133,1.0,1.0,0.0,0.0,0.15,0.06,0.0,255,20,0.08,0.06,0.0,0.0,1.0,1.0,0.0,1,55604.0
0,tcp,link,S0,0,0,0,0,0,0,0,0,0,284,1.0,1.0,0.0,0.0,0.06,0.06,0.0,255,11,0.04,0.07,0.0,0.0,1.0,1.0,0.0,1,106995.0
0,tcp,uucp_path,S0,0,0,0,0,0,0,0,0,0,225,1.0,1.0,0.0,0.0,0.06,0.07,0.0,255,13,0.05,0.07,0.0,0.0,1.0,1.0,0.0,1,88543.0
0,tcp,http,SF,221,13125,0,0,1,0,0,0,0,9,0.0,0.0,0.0,0.0,1.0,0.0,0.18,22,255,1.0,0.0,0.05,0.04,0.0,0.0,0.0,0,13125.0
3305,udp,other,SF,146,105,0,0,0,0,0,0,0,1,0.0,0.0,0.0,0.0,1.0,0.0,0.0,255,2,0.01,0.69,0.96,0.0,0.0,0.0,0.0,0,100932.0
0,tcp,link,S0,0,0,0,0,0,0,0,0,0,145,1.0,1.0,0.0,0.0,0.14,0.06,0.0,255,20,0.08,0.07,0.0,0.0,1.0,1.0,0.0,1,47861.0
0,icmp,eco_i,SF,8,0,0,0,0,0,0,0,0,1,0.0,0.0,0.0,0.0,1.0,0.0,1.0,2,162,1.0,0.0,1.0,0.25,0.0,0.0,0.0,1,117194.0
0,tcp,netstat,S0,0,0,0,0,0,0,0,0,0,205,1.0,1.0,0.0,0.0,0.09,0.07,0.0,255,18,0.07,0.08,0.0,0.0,1.0,1.0,0.0,1,95492.0
0,udp,domain_u,SF,43,138,0,0,0,0,0,0,0,74,0.0,0.0,0.0,0.0,1.0,0.0,0.01,255,254,1.0,0.01,0.0,0.0,0.0,0.0,0.0,0,102253.0
0,tcp,private,S0,0,0,0,0,0,0,0,0,0,203,1.0,1.0,0.0,0.0,0.09,0.06,0.0,255,18,0.07,0.05,0.0,0.0,1.0,1.0,0.0,1,71738.0
3,tcp,smtp,SF,785,330,0,0,1,0,0,0,0,1,0.0,0.0,0.0,0.0,1.0,0.0,1.0,110,170,0.58,0.05,0.01,0.01,0.0,0.0,0.0,0,71524.0
0,tcp,supdup,REJ,0,0,0,0,0,0,0,0,0,295,0.0,0.0,1.0,1.0,0.06,0.06,0.0,255,18,0.07,0.07,0.0,0.0,0.0,0.0,1.0,1,42631.0
0,tcp,private,RSTR,0,0,0,0,0,0,0,0,0,1,0.0,0.0,1.0,1.0,1.0,0.0,0.0,255,1,0.0,0.98,0.98,0.0,0.0,0.0,1.0,1,117749.0
0,udp,domain_u,SF,46,124,0,0,0,0,0,0,0,58,0.0,0.0,0.0,0.0,1.0,0.0,0.01,255,254,1.0,0.01,0.0,0.0,0.0,0.0,0.0,0,93965.0
0,tcp,ftp_data,SF,334,0,0,0,1,0,0,0,0,2,0.0,0.0,0.0,0.0,1.0,0.0,0.0,1,1,1.0,0.0,1.0,0.0,0.0,0.0,0.0,0,74075.0
0,tcp,smtp,SF,770,332,0,0,1,0,0,0,0,1,0.0,0.0,0.0,0.0,1.0,0.0,0.0,148,98,0.64,0.04,0.01,0.02,0.01,0.01,0.0,0,81708.0
3941,tcp,other,RSTR,1,0,0,0,0,0,0,0,0,2,0.0,0.0,1.0,1.0,1.0,0.0,0.0,255,2,0.01,0.68,1.0,0.0,0.0,0.0,1.0,1,118367.0
0,udp,private,SF,28,0,3,0,0,0,0,0,0,98,0.0,0.0,0.0,0.0,1.0,0.0,0.0,255,98,0.38,0.02,0.38,0.0,0.0,0.0,0.0,1,113166.0
0,tcp,private,S0,0,0,0,0,0,0,0,0,0,180,1.0,1.0,0.0,0.0,0.06,0.06,0.0,255,18,0.07,0.06,0.0,0.0,1.0,1.0,0.0,1,71492.0
3,tcp,finger,SF,9,225,0,0,0,0,0,0,0,1,0.0,0.0,0.0,0.0,1.0,0.0,0.0,138,6,0.01,0.02,0.01,0.5,0.0,0.17,0.0,0,94500.0
0,tcp,http,SF,264,16425,0,0,1,0,0,0,0,1,0.0,0.0,0.0,0.0,1.0,0.0,0.8,255,255,1.0,0.0,0.0,0.0,0.0,0.0,0.0,0,58245.0
0,tcp,http,REJ,0,0,0,0,0,0,0,0,0,1,0.0,0.0,1.0,1.0,1.0,0.0,0.0,2,7,1.0,0.0,0.5,0.57,0.0,0.0,1.0,0,16091.0
0,tcp,ftp_data,SF,1874,0,0,0,1,0,0,0,0,2,0.0,0.0,0.0,0.0,1.0,0.0,0.0,255,141,0.55,0.02,0.55,0.0,0.0,0.0,0.0,0,116060.0
0,tcp,http,SF,214,671,0,0,1,0,0,0,0,22,0.0,0.0,0.0,0.0,1.0,0.0,0.08,114,255,1.0,0.0,0.01,0.01,0.0,0.0,0.0,0,92732.0
0,icmp,eco_i,SF,8,0,0,0,0,0,0,0,0,1,0.0,0.0,0.0,0.0,1.0,0.0,1.0,4,176,1.0,0.0,1.0,0.25,0.0,0.0,0.0,1,64106.0
0,tcp,http,SF,195,605,0,0,1,0,0,0,0,5,0.0,0.0,0.0,0.04,1.0,0.0,0.12,22,255,1.0,0.0,0.05,0.04,0.0,0.0,0.01,0,16757.0
0,tcp,http,REJ,0,0,0,0,0,0,0,0,0,1,0.0,0.0,1.0,1.0,1.0,0.0,0.0,6,245,1.0,0.0,0.17,0.28,0.0,0.0,1.0,0,91387.0
0,tcp,klogin,S0,0,0,0,0,0,0,0,0,0,58,1.0,1.0,0.0,0.0,0.38,0.05,0.0,255,22,0.09,0.04,0.0,0.0,1.0,1.0,0.0,1,26684.0
0,icmp,eco_i,SF,8,0,0,0,0,0,0,0,0,1,0.0,0.0,0.0,0.0,1.0,0.0,1.0,2,58,1.0,0.0,1.0,0.5,0.0,0.0,0.0,1,12656.0
0,tcp,http,SF,228,955,0,0,1,0,0,0,0,15,0.0,0.0,0.0,0.0,1.0,0.0,0.12,173,255,1.0,0.0,0.01,0.02,0.0,0.0,0.01,0,45849.0
0,tcp,http,SF,331,1047,0,0,1,0,0,0,0,6,0.17,0.17,0.0,0.0,1.0,0.0,0.0,216,255,1.0,0.0,0.0,0.02,0.0,0.0,0.0,0,95043.0
0,tcp,http,SF,212,410,0,0,1,0,0,0,0,6,0.0,0.0,0.0,0.0,1.0,0.0,0.23,199,255,1.0,0.0,0.01,0.01,0.0,0.0,0.0,0,31459.0
0,tcp,http,SF,198,729,0,0,1,0,0,0,0,3,0.0,0.0,0.0,0.0,1.0,0.0,0.0,28,255,1.0,0.0,0.04,0.06,0.0,0.0,0.0,0,64693.0
0,tcp,http,SF,307,323,0,0,1,0,0,0,0,15,0.0,0.0,0.0,0.0,1.0,0.0,0.0,15,216,1.0,0.0,0.07,0.05,0.0,0.0,0.0,0,23457.0
0,tcp,http,SF,222,717,0,0,1,0,0,0,0,6,0.0,0.0,0.0,0.0,1.0,0.0,0.0,43,255,1.0,0.0,0.02,0.02,0.0,0.0,0.0,0,14018.0
0,tcp,http,SF,234,3600,0,0,1,0,0,0,0,1,0.0,0.0,0.0,0.0,1.0,0.0,0.33,6,255,1.0,0.0,0.17,0.03,0.0,0.0,0.0,0,119624.0
0,tcp,http,REJ,0,0,0,0,0,0,0,0,0,1,0.0,0.0,1.0,1.0,1.0,0.0,0.0,2,254,1.0,0.0,0.5,0.16,0.0,0.0,1.0,0,17665.0
0,tcp,private,S0,0,0,0,0,0,0,0,0,0,279,1.0,1.0,0.0,0.0,0.02,0.06,0.0,255,19,0.07,0.07,0.0,0.0,1.0,1.0,0.0,1,67159.0
0,tcp,mtp,S0,0,0,0,0,0,0,0,0,0,193,1.0,1.0,0.0,0.0,0.07,0.08,0.0,255,13,0.05,0.09,0.0,0.0,1.0,1.0,0.0,1,6587.0
0,tcp,private,S0,0,0,0,0,0,0,0,0,0,124,1.0,1.0,0.0,0.0,0.06,0.06,0.0,255,14,0.05,0.07,0.0,0.0,1.0,1.0,0.0,1,9826.0
0,udp,private,SF,105,0,0,0,0,0,0,0,0,2,0.0,0.0,0.0,0.0,1.0,0.0,0.0,34,34,1.0,0.0,0.09,0.0,0.0,0.0,0.0,0,103291.0
1,tcp,private,RSTR,0,0,0,0,0,0,0,0,0,6,0.0,0.0,1.0,1.0,0.33,0.5,0.0,176,2,0.01,0.03,0.03,0.0,0.01,0.0,1.0,1,64527.0
91,tcp,smtp,SF,6979,328,0,0,1,0,0,0,0,1,0.0,0.0,0.0,0.0,1.0,0.0,0.0,161,77,0.16,0.44,0.01,0.03,0.0,0.0,0.0,0,45345.0
0,tcp,exec,RSTO,0,0,0,0,0,0,0,0,0,136,0.0,0.0,1.0,1.0,0.04,0.07,0.0,255,6,0.02,0.07,0.0,0.0,0.0,0.0,1.0,1,67291.0
0,tcp,other,RSTO,0,0,0,0,0,0,0,0,0,205,0.0,0.0,1.0,1.0,0.01,0.06,0.0,255,3,0.01,0.07,0.0,0.0,0.0,0.0,1.0,1,80857.0
0,tcp,http,SF,215,4132,0,0,1,0,0,0,0,7,0.0,0.0,0.0,0.0,1.0,0.0,0.0,65,255,1.0,0.0,0.02,0.05,0.0,0.0,0.0,0,106681.0
0,tcp,link,REJ,0,0,0,0,0,0,0,0,0,236,0.0,0.0,1.0,1.0,0.02,0.07,0.0,255,5,0.02,0.07,0.0,0.0,0.0,0.0,1.0,1,124030.0
0,tcp,private,REJ,0,0,0,0,0,0,0,0,0,114,0.0,0.0,1.0,1.0,0.14,0.06,0.0,255,16,0.06,0.08,0.0,0.0,0.0,0.0,1.0,1,95793.0
0,tcp,http,SF,322,22273,0,0,1,0,0,0,0,3,0.0,0.0,0.0,0.0,1.0,0.0,0.43,67,255,1.0,0.0,0.01,0.03,0.0,0.0,0.0,0,112796.0
0,udp,domain_u,SF,45,83,0,0,0,0,0,0,0,252,0.0,0.0,0.0,0.0,1.0,0.0,0.01,255,254,1.0,0.01,0.0,0.0,0.0,0.0,0.0,0,65464.0
0,tcp,private,REJ,0,0,0,0,0,0,0,0,0,108,0.0,0.0,1.0,1.0,0.07,0.06,0.0,255,25,0.1,0.08,0.0,0.0,0.0,0.0,1.0,1,76283.0
0,tcp,domain,S0,0,0,0,0,0,0,0,0,0,110,1.0,1.0,0.0,0.0,0.18,0.05,0.0,255,6,0.02,0.07,0.0,0.0,1.0,1.0,0.0,1,7838.0
0,udp,domain_u,SF,44,44,0,0,0,0,0,0,0,4,0.0,0.0,0.0,0.0,1.0,0.0,0.15,255,255,1.0,0.0,0.01,0.0,0.0,0.0,0.0,0,13321.0
0,tcp,http,SF,237,642,0,0,1,0,0,0,0,4,0.0,0.0,0.0,0.0,1.0,0.0,0.0,8,255,1.0,0.0,0.12,0.03,0.0,0.0,0.0,0,89645.0
0,tcp,http,SF,230,10131,0,0,1,0,0,0,0,5,0.0,0.0,0.0,0.0,1.0,0.0,0.1,18,255,1.0,0.0,0.06,0.07,0.0,0.0,0.0,0,56110.0
0,tcp,http,SF,216,767,0,0,1,0,0,0,0,5,0.0,0.0,0.0,0.0,1.0,0.0,0.0,255,255,1.0,0.0,0.0,0.0,0.0,0.0,0.0,0,53446.0
0,icmp,eco_i,SF,18,0,0,0,0,0,0,0,0,1,0.0,0.0,0.0,0.0,1.0,0.0,0.0,4,92,1.0,0.0,1.0,0.25,0.0,0.0,0.0,1,14959.0
0,tcp,http,SF,203,2066,0,0,1,0,0,0,0,2,0.0,0.0,0.0,0.0,1.0,0.0,0.0,2,255,1.0,0.0,0.5,0.04,0.0,0.0,0.0,0,67937.0
0,tcp,private,REJ,0,0,0,0,0,0,0,0,0,45,0.0,0.0,1.0,1.0,0.02,0.56,0.0,215,1,0.0,0.12,0.21,0.0,0.01,0.0,1.0,1,14281.0
0,tcp,http,SF,214,16198,0,0,1,0,0,0,0,3,0.33,0.33,0.0,0.0,1.0,0.0,0.0,57,57,1.0,0.0,0.02,0.0,0.02,0.02,0.0,0,101735.0
0,tcp,discard,RSTO,0,0,0,0,0,0,0,0,0,250,0.0,0.0,1.0,1.0,0.01,0.07,0.0,255,2,0.01,0.08,0.0,0.0,0.0,0.0,1.0,1,3395.0
0,udp,domain_u,SF,33,0,0,0,0,0,0,0,0,2,0.0,0.0,0.0,0.0,1.0,0.0,0.27,255,31,0.12,0.02,0.12,0.0,0.0,0.0,0.0,0,77422.0
0,udp,domain_u,SF,42,127,0,0,0,0,0,0,0,221,0.0,0.0,0.0,0.0,1.0,0.0,0.01,146,107,0.73,0.02,0.01,0.0,0.0,0.0,0.0,0,114054.0
0,tcp,ftp_data,SF,8325,0,0,0,0,0,0,0,0,19,0.0,0.0,0.0,0.0,1.0,0.0,0.0,169,57,0.34,0.02,0.34,0.0,0.0,0.0,0.0,0,85565.0
0,udp,domain_u,SF,45,98,0,0,0,0,0,0,0,262,0.0,0.0,0.0,0.0,1.0,0.0,0.0,255,254,1.0,0.01,0.0,0.0,0.0,0.0,0.0,0,76682.0
0,tcp,private,S0,0,0,0,0,0,0,0,0,0,140,1.0,1.0,0.0,0.0,0.08,0.06,0.0,255,16,0.06,0.07,0.0,0.0,1.0,1.0,0.0,1,26705.0
0,tcp,echo,S0,0,0,0,0,0,0,0,0,0,170,1.0,1.0,0.0,0.0,0.01,0.06,0.0,255,1,0.0,0.07,0.0,0.0,1.0,1.0,0.0,1,30252.0
0,tcp,netstat,S0,0,0,0,0,0,0,0,0,0,237,1.0,1.0,0.0,0.0,0.09,0.05,0.0,255,21,0.08,0.05,0.0,0.0,1.0,1.0,0.0,1,72656.0
0,udp,domain_u,SF,44,135,0,0,0,0,0,0,0,74,0.0,0.0,0.0,0.0,1.0,0.0,0.01,255,254,1.0,0.01,0.0,0.0,0.0,0.0,0.0,0,113417.0
0,tcp,ftp_data,SF,10389,0,0,0,1,0,0,0,0,2,0.0,0.0,0.0,0.0,1.0,0.0,0.0,161,54,0.34,0.04,0.34,0.0,0.0,0.0,0.0,0,4592.0
0,tcp,private,S0,0,0,0,0,0,0,0,0,0,281,1.0,1.0,0.0,0.0,0.01,0.06,0.0,255,19,0.07,0.07,0.0,0.0,1.0,1.0,0.0,1,57721.0
0,tcp,whois,S0,0,0,0,0,0,0,0,0,0,128,1.0,1.0,0.0,0.0,0.02,0.08,0.0,255,3,0.01,0.07,0.0,0.0,1.0,1.0,0.0,1,67376.0
0,tcp,telnet,S0,0,0,0,0,0,0,0,0,0,66,1.0,1.0,0.0,0.0,0.23,0.06,0.0,255,64,0.25,0.02,0.02,0.0,1.0,1.0,0.0,1,97733.0
0,tcp,vmnet,REJ,0,0,0,0,0,0,0,0,0,204,0.0,0.0,1.0,1.0,0.01,0.07,0.0,255,2,0.01,0.08,0.0,0.0,0.0,0.0,1.0,1,124684.0
0,tcp,domain,REJ,0,0,0,0,0,0,0,0,0,232,0.0,0.0,1.0,1.0,0.02,0.06,0.0,255,4,0.02,0.07,0.0,0.0,0.0,0.0,1.0,1,73029.0
0,tcp,http,SF,242,2415,0,0,1,0,0,0,0,5,0.0,0.0,0.0,0.0,1.0,0.0,0.33,255,255,1.0,0.0,0.0,0.0,0.0,0.0,0.0,0,37581.0
0,tcp,smtp,SF,841,333,0,0,1,0,0,0,0,1,0.0,0.0,0.0,0.0,1.0,0.0,0.0,147,177,0.7,0.03,0.01,0.01,0.0,0.0,0.0,0,93945.0
0,tcp,ctf,S0,0,0,0,0,0,0,0,0,0,202,1.0,1.0,0.0,0.0,0.0,0.07,0.0,255,1,0.0,0.09,0.0,0.0,1.0,1.0,0.0,1,59426.0
0,tcp,private,S0,0,0,0,0,0,0,0,0,0,279,1.0,1.0,0.0,0.0,0.08,0.05,0.0,255,23,0.09,0.07,0.0,0.0,1.0,1.0,0.0,1,13768.0
0,tcp,http,REJ,0,0,0,0,0,0,0,0,0,1,0.0,0.0,1.0,1.0,1.0,0.0,0.0,12,255,1.0,0.0,0.08,0.11,0.0,0.0,0.74,0,67287.0
8915,udp,other,SF,145,105,0,0,0,0,0,0,0,1,0.0,0.0,0.0,0.0,1.0,0.0,0.0,255,2,0.01,0.47,0.82,0.0,0.0,0.0,0.0,0,49929.0
6,tcp,smtp,SF,1430,330,0,0,1,0,0,0,0,1,0.0,0.0,0.0,0.0,1.0,0.0,0.0,62,62,0.5,0.05,0.02,0.03,0.0,0.0,0.0,0,27797.0
0,tcp,http,SF,254,310,0,0,1,0,0,0,0,7,0.0,0.0,0.0,0.0,1.0,0.0,0.25,255,255,1.0,0.0,0.0,0.0,0.0,0.0,0.0,0,98608.0
11,tcp,smtp,SF,1004,330,0,0,1,0,0,0,0,1,0.0,0.0,0.0,0.0,1.0,0.0,0.0,96,83,0.86,0.03,0.01,0.0,0.0,0.0,0.0,0,48014.0
0,tcp,private,REJ,0,0,0,0,0,0,0,0,0,37,0.16,0.0,0.84,1.0,0.03,1.0,0.0,255,1,0.0,0.47,0.0,0.0,0.02,0.0,1.0,1,63685.0
0,tcp,private,S0,0,0,0,0,0,0,0,0,0,70,1.0,1.0,0.0,0.0,0.11,0.07,0.0,255,20,0.08,0.06,0.0,0.0,1.0,1.0,0.0,1,44155.0
0,tcp,http,SF,234,3351,0,0,1,0,0,0,0,3,0.0,0.0,0.0,0.0,1.0,0.0,0.0,24,255,1.0,0.0,0.04,0.01,0.0,0.0,0.0,0,5710.0
0,tcp,private,S0,0,0,0,0,0,0,0,0,0,186,1.0,1.0,0.0,0.0,0.01,0.06,0.0,255,16,0.06,0.07,0.0,0.0,1.0,1.0,0.0,1,23815.0
0,udp,domain_u,SF,76,45,0,0,0,0,0,0,0,135,0.0,0.0,0.0,0.0,1.0,0.0,0.0,255,166,0.65,0.01,0.28,0.0,0.0,0.0,0.0,0,3015.0
0,tcp,ftp_data,SF,5891,0,0,0,1,0,0,0,0,17,0.0,0.0,0.0,0.0,1.0,0.0,0.06,216,106,0.39,0.04,0.39,0.02,0.0,0.0,0.0,0,15952.0
0,icmp,eco_i,SF,30,0,0,0,0,0,0,0,0,12,0.0,0.0,0.0,0.0,0.17,0.25,0.0,255,7,0.03,0.01,0.09,0.0,0.0,0.0,0.0,0,61812.0
0,icmp,ecr_i,SF,64,0,0,0,0,0,0,0,0,1,0.0,0.0,0.0,0.0,1.0,0.0,0.0,72,1,0.01,1.0,0.01,0.0,0.0,0.0,0.0,0,104012.0
0,tcp,ftp_data,SF,6062,0,0,0,1,0,0,0,0,13,0.0,0.0,0.0,0.0,1.0,0.0,0.0,72,106,0.32,0.06,0.32,0.02,0.0,0.0,0.0,0,61775.0
30,tcp,ftp,SF,937,2720,0,19,1,0,0,0,0,1,0.0,0.0,0.0,0.0,1.0,0.0,0.0,40,10,0.25,0.08,0.03,0.0,0.0,0.0,0.0,0,95168.0
0,udp,private,SF,1,0,0,0,0,0,0,0,0,4,0.0,0.0,0.0,0.0,1.0,0.0,0.0,255,208,0.82,0.03,1.0,0.0,0.0,0.0,0.0,1,20779.0
0,tcp,http,SF,230,17574,0,0,1,0,0,0,0,4,0.0,0.0,0.0,0.0,1.0,0.0,0.0,255,255,1.0,0.0,0.0,0.0,0.0,0.0,0.0,0,111571.0
0,tcp,smtp,SF,1739,402,0,0,1,0,0,0,0,1,0.0,0.0,0.0,0.0,1.0,0.0,1.0,27,96,0.89,0.15,0.04,0.03,0.0,0.0,0.0,0,2748.0
0,tcp,ftp_data,SF,209,0,0,0,1,0,0,1,0,1,0.0,0.0,0.0,0.0,1.0,0.0,0.0,190,51,0.27,0.04,0.28,0.0,0.02,0.04,0.0,0,67757.0
0,tcp,private,S0,0,0,0,0,0,0,0,0,0,79,1.0,1.0,0.0,0.0,0.22,0.06,0.0,255,5,0.02,0.08,0.0,0.0,1.0,1.0,0.0,1,68855.0
0,tcp,nntp,S0,0,0,0,0,0,0,0,0,0,102,1.0,1.0,0.0,0.0,0.12,0.06,0.0,255,9,0.04,0.07,0.0,0.0,1.0,1.0,0.0,1,112936.0
0,tcp,http,SF,161,13614,0,0,1,0,0,0,0,19,0.0,0.0,0.0,0.0,1.0,0.0,0.0,19,255,1.0,0.0,0.05,0.03,0.0,0.0,0.0,0,42211.0
0,icmp,eco_i,SF,8,0,0,0,0,0,0,0,0,1,0.0,0.0,0.0,0.0,1.0,0.0,1.0,1,81,1.0,0.0,1.0,0.51,0.0,0.0,0.0,1,78607.0
0,tcp,http,SF,390,901,0,0,1,0,0,0,0,10,0.0,0.0,0.0,0.0,1.0,0.0,0.18,63,255,1.0,0.0,0.02,0.01,0.0,0.0,0.0,0,103606.0
0,tcp,http,SF,210,5528,0,0,1,0,0,0,0,22,0.0,0.0,0.0,0.0,1.0,0.0,0.0,47,255,1.0,0.0,0.02,0.04,0.0,0.0,0.0,0,96964.0
0,tcp,http,SF,270,8346,0,0,1,0,0,0,0,3,0.0,0.0,0.0,0.0,1.0,0.0,0.57,7,56,1.0,0.0,0.14,0.09,0.0,0.0,0.0,0,122053.0
0,tcp,ctf,REJ,0,0,0,0,0,0,0,0,0,130,0.0,0.0,1.0,1.0,0.05,0.07,0.0,255,6,0.02,0.08,0.0,0.0,0.0,0.0,1.0,1,71812.0
0,udp,domain_u,SF,44,44,0,0,0,0,0,0,0,177,0.0,0.0,0.0,0.0,1.0,0.0,0.0,255,255,1.0,0.0,0.0,0.0,0.0,0.0,0.0,0,101151.0
0,tcp,http,REJ,0,0,0,0,0,0,0,0,0,2,0.0,0.0,1.0,1.0,1.0,0.0,0.0,3,3,1.0,0.0,0.33,0.0,0.0,0.0,1.0,0,81091.0
0,tcp,ftp_data,SF,9,0,0,0,1,0,0,0,0,1,0.0,0.0,0.0,0.0,1.0,0.0,0.0,128,60,0.47,0.04,0.47,0.0,0.0,0.0,0.0,0,96737.0
0,tcp,http,SF,258,676,0,0,1,0,0,0,0,31,0.0,0.0,0.0,0.0,1.0,0.0,0.0,255,255,1.0,0.0,0.0,0.0,0.0,0.0,0.0,0,21148.0
0,tcp,http,SF,339,1317,0,0,1,0,0,0,0,10,0.0,0.0,0.0,0.0,1.0,0.0,0.19,22,255,1.0,0.0,0.05,0.05,0.0,0.0,0.0,0,19561.0
0,tcp,private,S0,0,0,0,0,0,0,0,0,0,268,1.0,1.0,0.0,0.0,0.01,0.06,0.0,255,5,0.02,0.08,0.0,0.0,1.0,1.0,0.0,1,52180.0
3,tcp,smtp,SF,1442,360,0,0,1,0,0,0,0,1,0.0,0.0,0.0,0.0,1.0,0.0,1.0,72,66,0.92,0.04,0.01,0.0,0.0,0.0,0.0,0,97376.0
0,tcp,private,S0,0,0,0,0,0,0,0,0,0,251,1.0,1.0,0.0,0.0,0.08,0.06,0.0,255,2,0.01,0.08,0.0,0.0,1.0,1.0,0.0,1,125268.0
0,tcp,smtp,S0,0,0,0,0,0,0,0,0,0,8,1.0,0.8,0.0,0.0,1.0,0.0,0.3,150,133,0.45,0.01,0.01,0.02,0.99,0.51,0.0,1,105339.0
0,tcp,ftp_data,SF,8737,0,0,0,1,0,0,0,0,5,0.0,0.0,0.0,0.0,1.0,0.0,0.0,119,94,0.29,0.04,0.29,0.02,0.0,0.0,0.0,0,121492.0
0,tcp,ftp_data,SF,203,0,0,0,1,0,0,0,0,2,0.0,0.0,0.0,0.0,1.0,0.0,0.0,255,129,0.51,0.02,0.51,0.0,0.0,0.0,0.0,0,92687.0
0,tcp,http,REJ,0,0,0,0,0,0,0,0,0,15,0.0,0.0,0.73,0.73,1.0,0.0,0.0,18,171,1.0,0.0,0.06,0.22,0.0,0.0,0.98,0,95992.0
0,tcp,smtp,SF,1235,436,0,0,1,0,0,0,0,1,0.0,0.0,0.0,0.0,1.0,0.0,0.0,255,55,0.22,0.02,0.0,0.0,0.7,0.0,0.0,0,82237.0
0,tcp,http,SF,316,1451,0,0,1,0,0,0,0,12,0.0,0.0,0.0,0.0,1.0,0.0,0.12,59,255,1.0,0.0,0.02,0.05,0.0,0.0,0.56,0,78921.0
0,tcp,private,S0,0,0,0,0,0,0,0,0,0,63,1.0,1.0,0.0,0.0,0.02,0.08,0.0,243,1,0.0,0.07,0.0,0.0,1.0,1.0,0.0,1,87567.0
0,tcp,private,S0,0,0,0,0,0,0,0,0,0,208,1.0,1.0,0.0,0.0,0.05,0.06,0.0,255,9,0.04,0.07,0.0,0.0,1.0,1.0,0.0,1,59037.0
0,tcp,iso_tsap,S0,0,0,0,0,0,0,0,0,0,271,1.0,1.0,0.0,0.0,0.07,0.06,0.0,255,20,0.08,0.08,0.0,0.0,1.0,1.0,0.0,1,96661.0
0,udp,domain_u,SF,68,45,0,0,0,0,0,0,0,103,0.0,0.0,0.0,0.0,1.0,0.0,0.0,255,166,0.65,0.01,0.16,0.0,0.0,0.0,0.0,0,34634.0
0,tcp,IRC,S1,43505,46584,0,0,1,0,0,0,0,1,1.0,1.0,0.0,0.0,1.0,0.0,0.0,81,13,0.16,0.02,0.01,0.0,0.14,0.85,0.0,0,116457.0
0,tcp,http,SF,286,2280,0,0,1,0,0,0,0,2,0.0,0.0,0.0,0.0,1.0,0.0,0.67,35,255,1.0,0.0,0.03,0.03,0.0,0.0,0.0,0,123103.0
0,tcp,http,SF,54540,8314,0,2,1,1,0,0,0,2,0.0,0.0,0.0,0.0,1.0,0.0,0.0,94,94,1.0,0.0,0.01,0.0,0.0,0.0,0.01,1,121600.0
0,udp,private,SF,1,0,0,0,0,0,0,0,0,27,0.0,0.0,0.0,0.0,1.0,0.0,0.0,95,27,0.28,0.05,0.32,0.0,0.0,0.0,0.0,1,107181.0
0,tcp,rje,S0,0,0,0,0,0,0,0,0,0,196,1.0,1.0,0.0,0.0,0.06,0.06,0.0,255,11,0.04,0.06,0.0,0.0,1.0,1.0,0.0,1,108782.0
0,tcp,http,SF,199,3039,0,0,1,0,0,0,0,1,0.0,0.0,0.0,0.0,1.0,0.0,0.0,76,255,1.0,0.0,0.01,0.03,0.0,0.0,0.0,0,8481.0
0,tcp,ftp,SF,1265,2451,0,28,1,0,0,0,0,1,0.0,0.0,0.0,0.0,1.0,0.0,0.0,195,23,0.12,0.03,0.01,0.0,0.01,0.0,0.0,1,104300.0
0,udp,domain_u,SF,44,131,0,0,0,0,0,0,0,107,0.0,0.0,0.0,0.0,1.0,0.0,0.02,255,254,1.0,0.01,0.0,0.0,0.0,0.0,0.0,0,106836.0
0,tcp,kshell,S0,0,0,0,0,0,0,0,0,0,143,1.0,1.0,0.0,0.0,0.03,0.06,0.0,255,5,0.02,0.06,0.0,0.0,1.0,1.0,0.0,1,67067.0
28,tcp,ftp,SF,1491,4152,0,30,1,0,0,0,0,1,0.0,0.0,0.0,0.0,1.0,0.0,0.0,150,36,0.24,0.03,0.01,0.0,0.0,0.0,0.0,0,103219.0
0,tcp,hostnames,S0,0,0,0,0,0,0,0,0,0,222,1.0,1.0,0.0,0.0,0.06,0.06,0.0,255,2,0.01,0.08,0.0,0.0,1.0,1.0,0.0,1,61978.0
0,tcp,ftp_data,SF,29079,0,0,0,0,0,0,0,0,1,0.0,0.0,0.0,0.0,1.0,0.0,0.0,255,9,0.04,0.01,0.04,0.0,0.0,0.0,0.0,0,34386.0
0,tcp,ftp_data,SF,8325,0,0,0,0,0,0,0,0,18,0.0,0.0,0.0,0.0,1.0,0.0,0.0,255,56,0.22,0.02,0.22,0.0,0.0,0.0,0.0,0,93540.0
0,tcp,http,SF,196,4124,0,0,1,0,0,0,0,10,0.0,0.0,0.0,0.0,1.0,0.0,0.18,10,116,1.0,0.0,0.1,0.09,0.0,0.0,0.0,0,25323.0
0,icmp,urp_i,SF,181,0,0,0,0,0,0,0,0,3,0.0,0.0,0.0,0.0,1.0,0.0,0.0,255,130,0.51,0.01,0.64,0.0,0.0,0.0,0.0,0,94159.0
0,tcp,private,REJ,0,0,0,0,0,0,0,0,0,2,0.0,0.0,1.0,1.0,0.5,1.0,0.0,238,1,0.0,0.07,0.04,0.0,0.0,0.0,1.0,1,57789.0
0,udp,domain_u,SF,45,130,0,0,0,0,0,0,0,147,0.0,0.0,0.0,0.0,1.0,0.0,0.0,255,254,1.0,0.01,0.0,0.0,0.0,0.0,0.0,0,97986.0
0,tcp,private,S0,0,0,0,0,0,0,0,0,0,254,1.0,1.0,0.0,0.0,0.01,0.06,0.0,255,12,0.05,0.08,0.0,0.0,1.0,1.0,0.0,1,62689.0
0,tcp,vmnet,S0,0,0,0,0,0,0,0,0,0,250,1.0,1.0,0.0,0.0,0.0,0.06,0.0,255,1,0.0,0.07,0.0,0.0,1.0,1.0,0.0,1,28674.0
31,tcp,ftp,SF,1205,3380,0,24,1,0,0,0,0,1,0.0,0.0,0.0,0.0,1.0,0.0,0.0,230,55,0.24,0.02,0.0,0.0,0.0,0.0,0.0,0,125441.0
0,tcp,smtp,SF,1609,333,0,0,1,0,0,0,0,2,0.0,0.0,0.0,0.0,0.5,1.0,0.0,111,65,0.59,0.05,0.01,0.0,0.0,0.0,0.0,0,82251.0
0,icmp,ecr_i,SF,1032,0,0,0,0,0,0,0,0,57,0.0,0.0,0.0,0.0,1.0,0.0,0.0,255,57,0.22,0.02,0.22,0.0,0.0,0.0,0.0,1,106638.0
30,tcp,telnet,SF,482,354790,0,0,1,0,0,0,0,1,0.0,0.0,0.0,0.0,1.0,0.0,0.0,193,64,0.33,0.02,0.01,0.0,0.0,0.0,0.0,0,116414.0
27,tcp,ftp,SF,1502,4152,0,30,1,0,0,0,0,1,0.0,0.0,0.0,0.0,1.0,0.0,0.0,28,7,0.25,0.14,0.04,0.0,0.0,0.0,0.0,0,108540.0
0,tcp,daytime,S0,0,0,0,0,0,0,0,0,0,254,1.0,1.0,0.0,0.0,0.04,0.06,0.0,255,2,0.01,0.07,0.0,0.0,1.0,1.0,0.0,1,105745.0
0,udp,domain_u,SF,46,137,0,0,0,0,0,0,0,75,0.0,0.0,0.0,0.0,1.0,0.0,0.01,255,255,1.0,0.0,0.0,0.0,0.0,0.0,0.0,0,114502.0
0,tcp,private,REJ,0,0,0,0,0,0,0,0,0,70,0.0,0.0,1.0,1.0,0.03,0.07,0.0,255,2,0.01,0.06,0.0,0.0,0.0,0.0,1.0,1,67589.0
0,tcp,http,SF,284,3792,0,0,1,0,0,0,0,13,0.0,0.0,0.0,0.0,1.0,0.0,0.0,151,255,1.0,0.0,0.01,0.01,0.0,0.0,0.0,0,118579.0
0,tcp,http,REJ,0,0,0,0,0,0,0,0,0,1,0.0,0.0,1.0,1.0,1.0,0.0,0.0,2,21,1.0,0.0,0.5,0.24,0.0,0.0,1.0,0,36691.0
0,tcp,private,S0,0,0,0,0,0,0,0,0,0,240,1.0,1.0,0.0,0.0,0.08,0.06,0.0,255,28,0.11,0.05,0.0,0.0,1.0,1.0,0.0,1,7266.0
0,tcp,ftp_data,SF,40494,0,0,0,1,0,0,0,0,2,0.0,0.0,0.0,0.0,1.0,0.0,0.0,28,107,0.29,0.11,0.29,0.03,0.0,0.0,0.0,0,64449.0
0,icmp,eco_i,SF,8,0,0,0,0,0,0,0,0,1,0.0,0.0,0.0,0.0,1.0,0.0,1.0,2,140,1.0,0.0,1.0,0.5,0.0,0.0,0.0,1,26032.0
0,tcp,private,S0,0,0,0,0,0,0,0,0,0,215,1.0,1.0,0.0,0.0,0.07,0.06,0.0,255,15,0.06,0.08,0.0,0.0,1.0,1.0,0.0,1,34876.0
0,tcp,ftp_data,SF,383,0,0,0,0,0,0,0,0,2,0.0,0.0,0.0,0.0,1.0,0.0,0.0,189,44,0.13,0.03,0.13,0.05,0.0,0.0,0.0,0,43663.0
0,tcp,http,SF,287,4742,0,0,1,0,0,0,0,2,0.0,0.0,0.0,0.0,1.0,0.0,0.06,10,255,1.0,0.0,0.1,0.02,0.0,0.0,0.0,0,84132.0
0,tcp,supdup,S0,0,0,0,0,0,0,0,0,0,161,1.0,1.0,0.0,0.0,0.07,0.06,0.0,255,12,0.05,0.06,0.0,0.0,1.0,1.0,0.0,1,102657.0
4,tcp,ftp_data,SF,832,0,0,0,1,0,0,0,0,1,0.0,0.0,0.0,0.0,1.0,0.0,0.0,6,46,1.0,0.0,1.0,0.09,0.0,0.0,0.02,1,48004.0
0,tcp,csnet_ns,REJ,0,0,0,0,0,0,0,0,0,150,0.0,0.0,1.0,1.0,0.13,0.05,0.0,255,15,0.06,0.06,0.0,0.0,0.0,0.0,1.0,1,46963.0
0,tcp,http,SF,307,5280,0,0,1,0,0,0,0,9,0.0,0.0,0.0,0.0,1.0,0.0,0.0,255,255,1.0,0.0,0.01,0.0,0.0,0.0,0.0,0,7846.0
15,tcp,smtp,SF,1287,332,0,0,1,0,0,0,0,1,0.0,0.0,0.0,0.0,1.0,0.0,0.0,133,102,0.26,0.05,0.01,0.02,0.0,0.0,0.0,0,44095.0
0,tcp,http,SF,279,1693,0,0,1,0,0,0,0,20,0.0,0.0,0.0,0.0,1.0,0.0,0.0,20,85,1.0,0.0,0.05,0.06,0.0,0.0,0.0,0,73702.0
0,tcp,printer,RSTO,0,0,0,0,0,0,0,0,0,137,0.0,0.0,1.0,1.0,0.06,0.07,0.0,255,8,0.03,0.06,0.0,0.0,0.0,0.0,1.0,1,74938.0
0,udp,domain_u,SF,45,111,0,0,0,0,0,0,0,18,0.0,0.0,0.0,0.0,1.0,0.0,0.1,106,228,1.0,0.0,1.0,0.01,0.0,0.0,0.0,0,76708.0
0,icmp,ecr_i,SF,1032,0,0,0,0,0,0,0,0,511,0.0,0.0,0.0,0.0,1.0,0.0,0.0,255,244,0.96,0.01,0.96,0.0,0.0,0.0,0.0,1,35265.0
0,tcp,uucp_path,REJ,0,0,0,0,0,0,0,0,0,262,0.0,0.0,1.0,1.0,0.05,0.06,0.0,255,14,0.05,0.07,0.0,0.0,0.0,0.0,1.0,1,103524.0
0,tcp,http,SF,172,12793,0,2,1,0,0,0,0,1,0.0,0.0,0.0,0.0,1.0,0.0,1.0,255,255,1.0,0.0,0.0,0.0,0.0,0.0,0.0,0,501.0
0,tcp,ftp_data,SF,305,0,0,0,1,0,0,2,0,1,0.0,0.0,0.0,0.0,1.0,0.0,0.0,29,103,0.83,0.07,0.83,0.03,0.0,0.0,0.0,0,121876.0
0,tcp,http,SF,274,261,0,0,1,0,0,0,0,12,0.0,0.0,0.0,0.0,1.0,0.0,0.14,255,255,1.0,0.0,0.0,0.0,0.0,0.0,0.0,0,12483.0
0,tcp,nntp,S0,0,0,0,0,0,0,0,0,0,146,1.0,1.0,0.0,0.0,0.05,0.06,0.0,255,8,0.03,0.06,0.0,0.0,1.0,1.0,0.0,1,118835.0
0,tcp,ftp_data,SF,12,0,0,0,1,0,0,0,0,1,0.0,0.0,0.0,0.0,1.0,0.0,0.0,103,19,0.18,0.06,0.18,0.0,0.0,0.0,0.0,0,107824.0
0,tcp,http,SF,290,246,0,0,1,0,0,0,0,33,0.0,0.0,0.0,0.0,1.0,0.0,0.06,69,255,1.0,0.0,0.01,0.04,0.0,0.0,0.0,0,41548.0
0,tcp,http,SF,205,4729,0,0,1,0,0,0,0,8,0.0,0.0,0.0,0.0,1.0,0.0,0.27,16,255,1.0,0.0,0.06,0.04,0.0,0.0,0.0,0,71869.0
0,tcp,private,S0,0,0,0,0,0,0,0,0,0,290,1.0,1.0,0.0,0.0,0.02,0.06,0.0,255,5,0.02,0.05,0.0,0.0,1.0,1.0,0.0,1,89712.0
0,tcp,http,SF,307,1461,0,0,1,0,0,0,0,5,0.0,0.0,0.0,0.0,1.0,0.0,0.0,100,255,1.0,0.0,0.01,0.02,0.0,0.0,0.0,0,123475.0
0,tcp,ftp_data,S0,0,0,0,0,0,0,0,0,0,47,1.0,1.0,0.0,0.0,0.23,0.09,0.0,255,64,0.25,0.02,0.0,0.0,1.0,1.0,0.0,1,73596.0
0,tcp,smtp,SF,1222,331,0,0,1,0,0,0,0,1,0.0,0.0,0.0,0.0,1.0,0.0,0.0,151,221,0.87,0.03,0.01,0.01,0.0,0.0,0.03,0,123617.0
0,tcp,private,S0,0,0,0,0,0,0,0,0,0,98,1.0,1.0,0.0,0.0,0.2,0.05,0.0,255,10,0.04,0.05,0.0,0.0,1.0,1.0,0.0,1,39983.0
0,tcp,smtp,SF,2433,330,0,0,1,0,0,0,0,1,0.0,0.0,0.0,0.0,1.0,0.0,0.0,146,68,0.47,0.09,0.01,0.0,0.0,0.0,0.0,0,22126.0
0,tcp,http,SF,211,336,0,0,1,0,0,0,0,6,0.0,0.0,0.0,0.0,1.0,0.0,0.06,6,255,1.0,0.0,0.17,0.02,0.0,0.0,0.0,0,83308.0
0,tcp,private,S0,0,0,0,0,0,0,0,0,0,111,1.0,1.0,0.0,0.0,0.06,0.08,0.0,255,10,0.04,0.07,0.0,0.0,1.0,1.0,0.0,1,28827.0
0,tcp,http,SF,270,2170,0,1,1,0,0,0,0,1,0.0,0.0,0.0,0.0,1.0,0.0,1.0,123,123,1.0,0.0,0.01,0.0,0.0,0.0,0.01,0,47342.0
0,tcp,login,S0,0,0,0,0,0,0,0,0,0,147,1.0,1.0,0.0,0.0,0.12,0.05,0.0,255,3,0.01,0.07,0.0,0.0,1.0,1.0,0.0,1,64345.0
0,tcp,http,SF,303,6833,0,0,1,0,0,0,0,9,0.0,0.0,0.0,0.0,1.0,0.0,0.0,34,255,1.0,0.0,0.03,0.05,0.0,0.0,0.0,0,1120.0
0,tcp,klogin,S0,0,0,0,0,0,0,0,0,0,140,1.0,1.0,0.0,0.0,0.05,0.06,0.0,255,11,0.04,0.06,0.0,0.0,1.0,1.0,0.0,1,94328.0
0,tcp,http,SF,378,928,0,0,1,0,0,0,0,21,0.0,0.0,0.0,0.0,1.0,0.0,0.0,255,255,1.0,0.0,0.01,0.0,0.0,0.0,0.0,0,65015.0
0,tcp,smtp,SF,1456,405,0,0,1,0,0,0,0,1,0.0,0.0,0.0,0.0,1.0,0.0,1.0,255,67,0.26,0.05,0.0,0.0,0.46,0.0,0.0,0,15573.0
0,tcp,http,SF,222,1408,0,0,1,0,0,0,0,7,0.0,0.0,0.0,0.0,1.0,0.0,0.0,255,255,1.0,0.0,0.0,0.0,0.0,0.0,0.0,0,42642.0
0,tcp,private,S0,0,0,0,0,0,0,0,0,0,113,1.0,1.0,0.0,0.0,0.07,0.06,0.0,255,18,0.07,0.07,0.0,0.0,1.0,1.0,0.0,1,40998.0
0,tcp,http,SF,311,1237,0,0,1,0,0,0,0,5,0.0,0.0,0.0,0.0,1.0,0.0,0.0,212,255,1.0,0.0,0.0,0.02,0.0,0.0,0.0,0,11109.0
2,tcp,smtp,SF,2568,330,0,0,1,0,0,0,0,1,0.0,0.0,0.0,0.0,1.0,0.0,1.0,147,126,0.63,0.02,0.01,0.02,0.0,0.0,0.0,0,60797.0
0,tcp,http,SF,216,760,0,0,1,0,0,0,0,25,0.0,0.0,0.0,0.0,1.0,0.0,0.07,255,255,1.0,0.0,0.0,0.0,0.0,0.0,0.0,0,108334.0
0,tcp,finger,SF,9,0,0,0,0,0,0,0,0,1,0.0,0.0,0.0,0.0,1.0,0.0,0.0,9,15,0.22,0.33,0.11,0.33,0.0,0.0,0.0,0,44180.0
0,tcp,csnet_ns,S0,0,0,0,0,0,0,0,0,0,103,1.0,1.0,0.0,0.0,0.02,0.06,0.0,255,2,0.01,0.05,0.0,0.0,1.0,1.0,0.0,1,112850.0
0,tcp,private,S0,0,0,0,0,0,0,0,0,0,192,1.0,1.0,0.0,0.0,0.02,0.07,0.0,255,4,0.02,0.09,0.0,0.0,1.0,1.0,0.0,1,118822.0
0,tcp,http,SF,309,1030,0,0,1,0,0,0,0,18,0.0,0.0,0.0,0.0,1.0,0.0,0.0,18,255,1.0,0.0,0.06,0.05,0.0,0.0,0.0,0,49944.0
0,udp,domain_u,SF,43,43,0,0,0,0,0,0,0,131,0.0,0.0,0.0,0.0,1.0,0.0,0.02,255,228,0.89,0.01,0.01,0.0,0.0,0.0,0.0,0,11166.0
0,tcp,http,SF,359,1960,0,0,1,0,0,0,0,26,0.0,0.0,0.0,0.0,1.0,0.0,0.0,255,255,1.0,0.0,0.0,0.0,0.0,0.0,0.0,0,10234.0
0,tcp,private,S0,0,0,0,0,0,0,0,0,0,295,1.0,1.0,0.0,0.0,0.01,0.06,0.0,255,4,0.02,0.09,0.0,0.0,1.0,1.0,0.0,1,109031.0
0,tcp,http,SF,297,2531,0,0,1,0,0,0,0,7,0.0,0.0,0.0,0.0,1.0,0.0,0.0,68,68,1.0,0.0,0.01,0.0,0.0,0.0,0.0,0,20305.0
6,tcp,domain,SF,0,0,0,0,0,0,0,0,0,1,0.0,0.0,0.0,0.0,1.0,0.0,0.0,34,2,0.03,1.0,0.03,1.0,0.0,0.0,0.0,1,104000.0
0,icmp,ecr_i,SF,1032,0,0,0,0,0,0,0,0,158,0.0,0.0,0.0,0.0,1.0,0.0,0.0,144,50,0.35,0.05,0.35,0.0,0.01,0.0,0.0,1,59020.0
0,tcp,ldap,S0,0,0,0,0,0,0,0,0,0,230,1.0,1.0,0.0,0.0,0.02,0.06,0.0,255,4,0.02,0.06,0.0,0.0,1.0,1.0,0.0,1,68552.0
60,tcp,telnet,SF,84,153,0,0,0,0,0,0,0,1,0.0,0.0,0.0,0.0,1.0,0.0,0.0,255,1,0.0,0.02,0.0,0.0,0.0,0.0,0.0,0,34563.0
1072,udp,other,SF,147,105,0,0,0,0,0,0,0,4,0.0,0.0,0.0,0.0,0.5,0.5,0.0,255,2,0.01,0.51,0.85,0.0,0.0,0.0,0.0,0,83269.0
0,tcp,private,REJ,0,0,0,0,0,0,0,0,0,135,0.0,0.0,1.0,1.0,0.1,0.07,0.0,255,10,0.04,0.07,0.0,0.0,0.0,0.0,1.0,1,31959.0
1,tcp,finger,SF,10,224,0,0,0,0,0,0,0,1,0.0,0.0,0.0,0.0,1.0,0.0,0.0,138,6,0.03,0.03,0.01,0.33,0.0,0.0,0.0,0,71609.0
0,tcp,http,S0,0,0,0,0,0,0,0,0,0,2,0.5,0.5,0.0,0.0,1.0,0.0,0.0,34,211,1.0,0.0,0.06,0.05,0.03,0.0,0.0,0,16232.0
0,tcp,smtp,SF,1505,329,0,0,1,0,0,0,0,1,0.0,0.0,0.0,0.0,1.0,0.0,0.0,6,191,1.0,0.0,0.17,0.02,0.0,0.0,0.0,0,2037.0
0,tcp,http,SF,206,9152,0,0,1,0,0,0,0,7,0.0,0.0,0.0,0.0,1.0,0.0,0.0,255,255,1.0,0.0,0.0,0.0,0.0,0.0,0.0,0,107625.0
0,tcp,ftp_data,SF,15377,0,0,0,1,0,0,0,0,3,0.0,0.0,0.0,0.0,1.0,0.0,0.0,118,85,0.5,0.04,0.5,0.02,0.0,0.0,0.0,0,20676.0
0,tcp,private,REJ,0,0,0,0,0,0,0,0,0,3,0.0,0.0,0.67,1.0,0.33,1.0,0.0,255,1,0.0,0.05,0.0,0.0,0.0,0.0,1.0,1,108015.0
0,udp,private,SF,105,146,0,0,0,0,0,0,0,3,0.0,0.0,0.0,0.0,0.67,0.67,0.0,255,239,0.94,0.01,0.01,0.0,0.0,0.0,0.0,0,318.0
0,tcp,private,S0,0,0,0,0,0,0,0,0,0,137,1.0,1.0,0.0,0.0,0.11,0.06,0.0,255,33,0.13,0.07,0.0,0.0,1.0,1.0,0.0,1,57507.0
0,tcp,http,SF,217,2111,0,0,1,0,0,0,0,2,0.0,0.0,0.0,0.0,1.0,0.0,0.0,65,255,1.0,0.0,0.02,0.05,0.0,0.0,0.0,0,49060.0
0,tcp,http,SF,290,22935,0,0,1,0,0,0,0,3,0.0,0.0,0.0,0.0,1.0,0.0,0.0,255,255,1.0,0.0,0.0,0.0,0.0,0.0,0.0,0,62138.0
0,tcp,http,SF,210,1761,0,0,1,0,0,0,0,2,0.0,0.0,0.0,0.0,1.0,0.0,0.0,22,255,1.0,0.0,0.05,0.04,0.0,0.0,0.0,0,84315.0
0,tcp,http,SF,224,613,0,0,1,0,0,0,0,1,0.0,0.0,0.0,0.0,1.0,0.0,0.67,1,255,1.0,0.0,1.0,0.02,0.0,0.0,0.0,0,16860.0
0,tcp,login,S0,0,0,0,0,0,0,0,0,0,109,1.0,1.0,0.0,0.0,0.13,0.05,0.0,255,14,0.05,0.04,0.0,0.0,1.0,1.0,0.0,1,97652.0
0,tcp,finger,S0,0,0,0,0,0,0,0,0,0,210,1.0,1.0,0.0,0.0,0.09,0.07,0.0,255,18,0.07,0.07,0.0,0.0,1.0,1.0,0.0,1,75360.0
0,tcp,http,SF,306,2750,0,0,1,0,0,0,0,9,0.0,0.0,0.0,0.0,1.0,0.0,0.0,255,255,1.0,0.0,0.0,0.0,0.0,0.0,0.0,0,50771.0
0,tcp,other,SF,59,0,0,0,1,0,0,0,0,7,0.14,0.0,0.0,0.0,0.14,1.0,0.0,80,1,0.01,0.21,0.15,0.0,0.03,0.0,0.0,0,124645.0
0,tcp,http,SF,226,9283,0,0,1,0,0,0,0,7,0.0,0.0,0.0,0.0,1.0,0.0,0.15,133,255,1.0,0.0,0.01,0.03,0.0,0.0,0.0,0,28257.0
0,tcp,http,SF,54540,8314,0,2,1,1,0,0,0,5,0.0,0.0,0.2,0.2,1.0,0.0,0.0,146,146,1.0,0.0,0.01,0.0,0.0,0.0,0.05,1,31238.0
0,tcp,exec,S0,0,0,0,0,0,0,0,0,0,142,1.0,1.0,0.0,0.0,0.08,0.06,0.0,255,12,0.05,0.05,0.0,0.0,1.0,1.0,0.0,1,39913.0
0,tcp,private,S0,0,0,0,0,0,0,0,0,0,294,1.0,1.0,0.0,0.0,0.03,0.05,0.0,255,1,0.0,0.07,0.0,0.0,1.0,1.0,0.0,1,22061.0
0,tcp,telnet,S0,0,0,0,0,0,0,0,0,0,20,1.0,1.0,0.0,0.0,0.2,0.2,0.0,255,40,0.16,0.04,0.01,0.0,1.0,1.0,0.0,1,104836.0
0,tcp,http,SF,142,16627,0,0,1,0,0,0,0,1,0.0,0.0,0.0,0.0,1.0,0.0,0.0,108,255,1.0,0.0,0.01,0.02,0.0,0.0,0.0,0,17265.0
0,tcp,private,S0,0,0,0,0,0,0,0,0,0,144,1.0,1.0,0.0,0.0,0.13,0.06,0.0,255,16,0.06,0.08,0.0,0.0,1.0,1.0,0.0,1,9451.0
0,tcp,http,SF,210,3783,0,0,1,0,0,0,0,3,0.0,0.0,0.0,0.0,1.0,0.0,0.0,13,255,1.0,0.0,0.08,0.08,0.0,0.0,0.0,0,6954.0
0,udp,other,SF,1,0,0,0,0,0,0,0,0,19,0.0,0.0,0.0,0.0,0.05,0.32,0.0,255,1,0.0,0.27,0.78,0.0,0.0,0.0,0.0,1,44157.0
0,tcp,whois,REJ,0,0,0,0,0,0,0,0,0,207,0.0,0.0,1.0,1.0,0.02,0.07,0.0,255,4,0.02,0.08,0.0,0.0,0.0,0.0,1.0,1,52351.0
0,tcp,http,S1,274,9079,0,0,1,0,0,0,0,1,1.0,1.0,0.0,0.0,1.0,0.0,0.0,4,255,1.0,0.0,0.25,0.02,0.25,0.0,0.05,0,73322.0
0,udp,other,SF,516,4,0,0,0,0,0,0,0,113,0.0,0.0,0.0,0.0,1.0,0.0,0.0,113,113,1.0,0.0,1.0,0.0,0.0,0.0,0.0,0,71635.0
0,icmp,ecr_i,SF,30,0,0,0,0,0,0,0,0,1,0.0,0.0,0.0,0.0,1.0,0.0,0.0,132,132,1.0,0.0,1.0,0.0,0.0,0.0,0.0,0,108462.0
0,udp,domain_u,SF,43,133,0,0,0,0,0,0,0,80,0.0,0.0,0.0,0.0,0.99,0.03,0.01,255,246,0.96,0.01,0.0,0.0,0.0,0.0,0.0,0,106107.0
0,tcp,private,S0,0,0,0,0,0,0,0,0,0,10,1.0,1.0,0.0,0.0,0.6,0.3,0.0,255,6,0.02,0.08,0.0,0.0,1.0,1.0,0.0,1,97136.0
0,udp,private,SF,28,0,3,0,0,0,0,0,0,56,0.0,0.0,0.0,0.0,1.0,0.0,0.0,255,56,0.22,0.02,0.22,0.0,0.0,0.0,0.0,1,123642.0
0,tcp,other,SF,59,0,0,0,1,0,0,0,0,11,0.0,0.0,0.0,0.0,0.09,0.18,0.0,81,1,0.01,0.06,0.21,0.0,0.0,0.0,0.0,0,87821.0
0,icmp,eco_i,SF,30,0,0,0,0,0,0,0,0,1,0.0,0.0,0.0,0.0,1.0,0.0,0.0,38,90,0.97,0.05,0.97,0.31,0.0,0.0,0.0,0,102232.0
0,tcp,whois,REJ,0,0,0,0,0,0,0,0,0,249,0.0,0.0,1.0,1.0,0.03,0.07,0.0,255,7,0.03,0.09,0.0,0.0,0.0,0.0,1.0,1,45066.0
0,icmp,urp_i,SF,70,0,0,0,0,0,0,0,0,21,0.0,0.0,0.0,0.0,0.24,0.14,0.0,255,24,0.09,0.01,0.09,0.0,0.0,0.0,0.0,0,39550.0
0,tcp,http,SF,259,4952,0,0,1,0,0,0,0,7,0.0,0.0,0.0,0.0,1.0,0.0,0.0,13,31,1.0,0.0,0.08,0.06,0.0,0.0,0.0,0,102731.0
0,tcp,private,S0,0,0,0,0,0,0,0,0,0,207,1.0,1.0,0.0,0.0,0.04,0.06,0.0,255,17,0.07,0.08,0.0,0.0,1.0,1.0,0.0,1,53502.0
0,tcp,private,S0,0,0,0,0,0,0,0,0,0,128,1.0,1.0,0.0,0.0,0.06,0.06,0.0,76,8,0.11,0.09,0.01,0.0,1.0,1.0,0.0,1,24301.0
0,icmp,eco_i,SF,8,0,0,0,0,0,0,0,0,1,0.0,0.0,0.0,0.0,1.0,0.0,1.0,2,100,1.0,0.0,1.0,0.5,0.0,0.0,0.0,1,26693.0
0,tcp,http,SF,304,522,0,0,1,0,0,0,0,12,0.0,0.0,0.0,0.0,1.0,0.0,0.0,255,255,1.0,0.0,0.0,0.0,0.0,0.0,0.0,0,48946.0
0,tcp,http,SF,316,301,0,0,1,0,0,0,0,26,0.0,0.0,0.0,0.0,1.0,0.0,0.0,255,255,1.0,0.0,0.0,0.0,0.0,0.0,0.0,0,40689.0
0,tcp,http,SF,222,310,0,0,1,0,0,0,0,5,0.0,0.0,0.0,0.0,1.0,0.0,0.0,47,255,1.0,0.0,0.02,0.02,0.0,0.0,0.0,0,32345.0
0,tcp,http,REJ,0,0,0,0,0,0,0,0,0,2,0.0,0.0,1.0,1.0,1.0,0.0,0.0,4,253,1.0,0.0,0.25,0.2,0.0,0.0,0.99,0,5540.0
0,tcp,imap4,REJ,0,0,0,0,0,0,0,0,0,274,0.0,0.0,1.0,1.0,0.05,0.06,0.0,255,14,0.05,0.07,0.0,0.0,0.0,0.0,1.0,1,85286.0
1,tcp,smtp,SF,1795,368,0,0,1,0,0,0,0,1,0.0,0.0,0.0,0.0,1.0,0.0,1.0,22,170,0.86,0.09,0.05,0.02,0.0,0.0,0.0,0,62898.0
0,tcp,courier,S0,0,0,0,0,0,0,0,0,0,132,1.0,1.0,0.0,0.0,0.15,0.05,0.0,255,20,0.08,0.05,0.0,0.0,1.0,1.0,0.0,1,88682.0
0,tcp,http,S0,0,0,0,0,0,0,0,0,0,51,1.0,1.0,0.0,0.0,0.24,0.08,0.0,255,52,0.2,0.02,0.0,0.0,1.0,1.0,0.0,1,63852.0
0,tcp,http,SF,214,3337,0,0,1,0,0,0,0,1,0.0,0.0,0.0,0.0,1.0,0.0,1.0,1,204,1.0,0.0,1.0,0.06,0.0,0.0,0.0,0,116257.0
0,tcp,mtp,S0,0,0,0,0,0,0,0,0,0,220,1.0,1.0,0.0,0.0,0.07,0.06,0.0,255,16,0.06,0.08,0.0,0.0,1.0,1.0,0.0,1,32393.0
0,tcp,http,SF,303,2013,0,0,1,0,0,0,0,2,0.0,0.0,0.0,0.0,1.0,0.0,0.0,255,247,0.97,0.01,0.0,0.0,0.0,0.0,0.0,0,41074.0
0,tcp,telnet,S0,0,0,0,0,0,0,0,0,0,30,1.0,1.0,0.0,0.0,0.2,0.13,0.0,255,60,0.24,0.03,0.01,0.0,1.0,1.0,0.0,1,95189.0
0,tcp,private,S0,0,0,0,0,0,0,0,0,0,203,1.0,1.0,0.0,0.0,0.02,0.06,0.0,255,13,0.05,0.06,0.0,0.0,1.0,1.0,0.0,1,72737.0
0,udp,domain_u,SF,45,73,0,0,0,0,0,0,0,224,0.0,0.0,0.0,0.0,1.0,0.01,0.01,255,254,1.0,0.01,0.0,0.0,0.0,0.0,0.0,0,92100.0
0,tcp,http,SF,297,835,0,0,1,0,0,0,0,19,0.0,0.0,0.0,0.0,1.0,0.0,0.17,255,255,1.0,0.0,0.0,0.0,0.0,0.0,0.0,0,88861.0
0,tcp,http,SF,293,313,0,0,1,0,0,0,0,12,0.0,0.0,0.0,0.0,1.0,0.0,0.0,255,255,1.0,0.0,0.0,0.0,0.0,0.0,0.0,0,106612.0
0,tcp,http,SF,315,490,0,0,1,0,0,0,0,1,0.0,0.0,0.0,0.0,1.0,0.0,1.0,5,255,1.0,0.0,0.2,0.01,0.0,0.0,0.0,0,78603.0
0,tcp,iso_tsap,S0,0,0,0,0,0,0,0,0,0,250,1.0,1.0,0.0,0.0,0.04,0.07,0.0,255,12,0.05,0.07,0.0,0.0,1.0,1.0,0.0,1,11078.0
0,tcp,private,RSTR,0,0,0,0,0,0,0,0,0,1,0.0,0.0,1.0,1.0,1.0,0.0,0.0,82,1,0.01,0.43,0.41,0.0,0.07,0.0,1.0,1,62541.0
0,icmp,eco_i,SF,8,0,0,0,0,0,0,0,0,1,0.0,0.0,0.0,0.0,1.0,0.0,1.0,1,255,1.0,0.0,1.0,0.5,0.0,0.0,0.0,1,586.0
2,tcp,smtp,SF,2163,333,0,0,1,0,0,0,0,1,0.0,0.0,0.0,0.0,1.0,0.0,0.0,56,51,0.91,0.04,0.02,0.0,0.0,0.0,0.0,0,96189.0
0,icmp,eco_i,SF,8,0,0,0,0,0,0,0,0,1,0.0,0.0,0.0,0.0,1.0,0.0,1.0,2,14,1.0,0.0,1.0,0.5,0.0,0.0,0.0,1,90636.0
5,tcp,smtp,SF,1307,332,0,0,1,0,0,0,0,1,0.0,0.0,0.0,0.0,1.0,0.0,0.0,96,57,0.59,0.07,0.01,0.0,0.0,0.0,0.0,0,79994.0
0,tcp,private,S0,0,0,0,0,0,0,0,0,0,184,1.0,1.0,0.0,0.0,0.08,0.07,0.0,255,15,0.06,0.09,0.0,0.0,1.0,1.0,0.0,1,96239.0
0,tcp,smtp,SF,698,327,0,0,1,0,0,0,0,1,0.0,0.0,0.0,0.0,1.0,0.0,0.0,197,144,0.57,0.03,0.01,0.01,0.0,0.0,0.0,0,71599.0
0,icmp,eco_i,SF,8,0,0,0,0,0,0,0,0,1,0.0,0.0,0.0,0.0,1.0,0.0,1.0,3,61,1.0,0.0,1.0,0.26,0.0,0.0,0.0,1,110775.0
0,tcp,Z39_50,S0,0,0,0,0,0,0,0,0,0,207,1.0,1.0,0.0,0.0,0.03,0.06,0.0,255,7,0.03,0.07,0.0,0.0,1.0,1.0,0.0,1,121878.0
0,icmp,ecr_i,SF,1032,0,0,0,0,0,0,0,0,511,0.0,0.0,0.0,0.0,1.0,0.0,0.0,255,159,0.62,0.16,0.62,0.0,0.0,0.0,0.0,1,88207.0
0,icmp,ecr_i,SF,1032,0,0,0,0,0,0,0,0,511,0.0,0.0,0.0,0.0,1.0,0.0,0.0,255,141,0.55,0.02,0.55,0.0,0.01,0.0,0.0,1,96938.0
0,tcp,ftp_data,SF,4753,0,0,0,0,0,0,0,0,16,0.0,0.0,0.0,0.0,1.0,0.0,0.0,72,80,0.31,0.04,0.31,0.03,0.0,0.0,0.0,0,85216.0
22296,tcp,private,RSTR,1,0,0,0,0,0,0,0,0,2,0.0,0.0,1.0,1.0,1.0,0.0,0.0,255,2,0.01,0.73,1.0,0.0,0.0,0.0,1.0,1,113354.0
1,tcp,smtp,SF,916,331,0,0,1,0,0,0,0,1,0.0,0.0,0.0,0.0,1.0,0.0,0.0,7,136,0.14,0.29,0.14,0.02,0.0,0.0,0.0,0,93758.0
0,tcp,private,S0,0,0,0,0,0,0,0,0,0,215,1.0,1.0,0.0,0.0,0.06,0.06,0.0,255,10,0.04,0.07,0.0,0.0,1.0,1.0,0.0,1,5954.0
0,tcp,gopher,S0,0,0,0,0,0,0,0,0,0,213,1.0,1.0,0.0,0.0,0.08,0.06,0.0,255,18,0.07,0.07,0.0,0.0,1.0,1.0,0.0,1,44685.0
1,tcp,smtp,S3,1416,333,0,0,1,0,0,0,0,1,1.0,1.0,0.0,0.0,1.0,0.0,0.0,46,169,0.93,0.04,0.02,0.01,0.02,0.01,0.0,0,11000.0
0,tcp,private,S0,0,0,0,0,0,0,0,0,0,185,1.0,1.0,0.0,0.0,0.03,0.08,0.0,255,6,0.02,0.08,0.0,0.0,1.0,1.0,0.0,1,28997.0
0,tcp,private,S0,0,0,0,0,0,0,0,0,0,40,1.0,1.0,0.0,0.0,0.1,0.12,0.0,255,9,0.04,0.08,0.0,0.0,1.0,1.0,0.0,1,56593.0
0,tcp,netbios_dgm,S0,0,0,0,0,0,0,0,0,0,194,1.0,1.0,0.0,0.0,0.03,0.07,0.0,255,5,0.02,0.07,0.0,0.0,1.0,1.0,0.0,1,38228.0
0,tcp,http,SF,304,3222,0,0,1,0,0,0,0,2,0.0,0.0,0.0,0.0,1.0,0.0,0.0,255,250,0.98,0.01,0.0,0.0,0.0,0.0,0.0,0,12934.0
0,tcp,private,S0,0,0,0,0,0,0,0,0,0,109,1.0,1.0,0.0,0.0,0.17,0.06,0.0,186,18,0.1,0.1,0.01,0.0,1.0,1.0,0.0,1,69874.0
0,tcp,http,SF,236,1610,0,0,1,0,0,0,0,17,0.0,0.0,0.0,0.0,1.0,0.0,0.08,45,255,1.0,0.0,0.02,0.02,0.0,0.0,0.0,0,91415.0
0,tcp,ftp_data,SF,10261,0,0,0,1,0,0,0,0,8,0.0,0.0,0.0,0.0,1.0,0.0,0.0,25,96,0.56,0.08,0.56,0.02,0.0,0.0,0.0,0,112127.0
0,udp,domain_u,SF,46,46,0,0,0,0,0,0,0,138,0.0,0.0,0.0,0.0,1.0,0.0,0.0,255,247,0.97,0.01,0.01,0.0,0.0,0.0,0.0,0,19888.0
0,tcp,private,S0,0,0,0,0,0,0,0,0,0,101,1.0,1.0,0.0,0.0,0.02,0.07,0.0,255,1,0.0,0.08,0.0,0.0,1.0,1.0,0.0,1,30196.0
0,tcp,http,REJ,0,0,0,0,0,0,0,0,0,1,0.0,0.0,1.0,1.0,1.0,0.0,0.0,5,255,1.0,0.0,0.2,0.03,0.0,0.0,0.02,0,27401.0
0,udp,domain_u,SF,43,130,0,0,0,0,0,0,0,27,0.0,0.0,0.0,0.0,1.0,0.0,0.0,165,102,0.62,0.02,0.01,0.0,0.0,0.0,0.0,0,7812.0
0,tcp,bgp,S0,0,0,0,0,0,0,0,0,0,128,1.0,1.0,0.0,0.0,0.16,0.05,0.0,255,20,0.08,0.05,0.0,0.0,1.0,1.0,0.0,1,67389.0
0,tcp,http,SF,160,5942,0,0,1,0,0,0,0,7,0.0,0.0,0.0,0.0,1.0,0.0,0.25,68,255,1.0,0.0,0.01,0.04,0.0,0.0,0.0,0,5076.0
0,tcp,smtp,SF,3133,329,0,0,1,0,0,0,0,1,0.0,0.0,0.0,0.0,1.0,0.0,0.0,255,12,0.05,0.59,0.0,0.0,0.0,0.0,0.0,0,68052.0
0,tcp,private,S0,0,0,0,0,0,0,0,0,0,109,1.0,1.0,0.0,0.0,0.1,0.06,0.0,255,14,0.05,0.06,0.0,0.0,1.0,1.0,0.0,1,82472.0
0,tcp,pop_2,S0,0,0,0,0,0,0,0,0,0,249,1.0,1.0,0.0,0.0,0.04,0.07,0.0,255,9,0.04,0.08,0.0,0.0,1.0,1.0,0.0,1,4288.0
0,tcp,Z39_50,S0,0,0,0,0,0,0,0,0,0,235,1.0,1.0,0.0,0.0,0.01,0.07,0.0,255,3,0.01,0.07,0.0,0.0,1.0,1.0,0.0,1,13511.0
0,tcp,private,S0,0,0,0,0,0,0,0,0,0,290,1.0,1.0,0.0,0.0,0.04,0.06,0.0,255,13,0.05,0.07,0.0,0.0,1.0,1.0,0.0,1,5042.0
0,tcp,http_443,S0,0,0,0,0,0,0,0,0,0,213,1.0,1.0,0.0,0.0,0.1,0.05,0.0,255,21,0.08,0.05,0.0,0.0,1.0,1.0,0.0,1,88964.0
7502,tcp,IRC,RSTR,1028,8476,0,0,0,0,0,0,0,1,0.0,0.0,1.0,1.0,1.0,0.0,0.0,4,2,0.5,0.5,0.25,0.0,0.0,0.0,1.0,0,85844.0
0,tcp,whois,S0,0,0,0,0,0,0,0,0,0,230,1.0,1.0,0.0,0.0,0.02,0.07,0.0,255,4,0.02,0.07,0.0,0.0,1.0,1.0,0.0,1,38381.0
0,tcp,http,SF,300,2239,0,0,1,0,0,0,0,11,0.0,0.0,0.0,0.0,1.0,0.0,0.0,255,254,1.0,0.01,0.0,0.0,0.0,0.0,0.0,0,46849.0
0,tcp,ftp_data,SF,334,0,0,0,1,0,0,0,0,1,0.0,0.0,0.0,0.0,1.0,0.0,0.0,5,24,1.0,0.0,1.0,0.12,0.0,0.0,0.0,1,45562.0
0,tcp,netbios_dgm,S0,0,0,0,0,0,0,0,0,0,169,1.0,1.0,0.0,0.0,0.07,0.08,0.0,255,12,0.05,0.08,0.0,0.0,1.0,1.0,0.0,1,24031.0
0,tcp,http,SF,222,671,0,0,1,0,0,0,0,24,0.0,0.0,0.0,0.0,1.0,0.0,0.08,255,255,1.0,0.0,0.0,0.0,0.0,0.0,0.0,0,50992.0
0,udp,domain_u,SF,45,45,0,0,0,0,0,0,0,180,0.0,0.0,0.0,0.0,1.0,0.0,0.0,255,255,1.0,0.0,0.0,0.0,0.0,0.0,0.0,0,124972.0
0,tcp,mtp,S0,0,0,0,0,0,0,0,0,0,243,1.0,1.0,0.0,0.0,0.08,0.07,0.0,255,19,0.07,0.07,0.0,0.0,1.0,1.0,0.0,1,62296.0
1,tcp,smtp,SF,1805,332,0,0,1,0,0,0,0,1,0.0,0.0,0.0,0.0,1.0,0.0,1.0,179,183,0.74,0.02,0.01,0.01,0.0,0.0,0.0,0,60413.0
0,tcp,http,SF,207,3665,0,0,1,0,0,0,0,8,0.0,0.0,0.0,0.0,1.0,0.0,0.3,255,255,1.0,0.0,0.0,0.0,0.0,0.0,0.0,0,52557.0
0,tcp,telnet,S0,0,0,0,0,0,0,0,0,0,18,1.0,1.0,0.0,0.0,1.0,0.0,0.0,58,19,0.31,0.05,0.02,0.11,1.0,0.95,0.0,1,59146.0
2,tcp,smtp,SF,3337,331,0,0,1,0,0,0,0,1,0.0,0.0,0.0,0.0,1.0,0.0,1.0,201,118,0.43,0.02,0.0,0.02,0.0,0.0,0.0,0,62139.0
63,udp,ntp_u,SF,48,48,0,0,0,0,0,0,0,1,0.0,0.0,0.0,0.0,1.0,0.0,0.0,3,4,1.0,0.0,1.0,0.5,0.0,0.0,0.0,0,17298.0
0,tcp,smtp,SF,1086,329,0,0,1,0,0,0,0,1,0.0,0.0,0.0,0.0,1.0,0.0,0.0,18,179,0.67,0.22,0.06,0.02,0.0,0.0,0.0,0,89860.0
0,tcp,smtp,SF,1247,365,0,0,1,0,0,0,0,1,0.0,0.0,0.0,0.0,1.0,0.0,1.0,20,1,0.05,0.15,0.05,0.0,0.0,0.0,0.0,0,13136.0
0,tcp,http,SF,276,9988,0,0,1,0,0,0,0,4,0.0,0.0,0.0,0.0,1.0,0.0,0.0,226,255,1.0,0.0,0.0,0.01,0.0,0.0,0.0,0,47558.0
0,tcp,private,S0,0,0,0,0,0,0,0,0,0,249,1.0,1.0,0.0,0.0,0.09,0.05,0.0,207,23,0.11,0.06,0.0,0.0,0.99,1.0,0.0,1,2658.0
0,tcp,http,SF,152,8718,0,0,1,0,0,0,0,1,0.0,0.0,0.0,0.0,1.0,0.0,0.0,255,255,1.0,0.0,0.0,0.0,0.0,0.0,0.0,0,107514.0
0,tcp,http,SF,198,1761,0,0,1,0,0,0,0,6,0.0,0.0,0.0,0.0,1.0,0.0,0.38,8,255,1.0,0.0,0.12,0.04,0.0,0.0,0.0,0,120229.0
0,tcp,private,S0,0,0,0,0,0,0,0,0,0,222,1.0,1.0,0.0,0.0,0.01,0.07,0.0,255,3,0.01,0.07,0.0,0.0,1.0,1.0,0.0,1,48753.0
15342,tcp,IRC,RSTR,2110,12434,0,0,1,0,0,0,0,1,0.0,0.0,1.0,1.0,1.0,0.0,0.0,13,8,0.62,0.15,0.08,0.0,0.08,0.12,0.88,0,60404.0
0,tcp,http_443,S0,0,0,0,0,0,0,0,0,0,46,1.0,1.0,0.0,0.0,0.2,0.11,0.0,255,9,0.04,0.08,0.0,0.0,1.0,1.0,0.0,1,8659.0
0,tcp,finger,SF,9,137,0,0,0,0,0,0,0,2,0.0,0.0,0.0,0.0,0.5,1.0,0.0,255,6,0.02,0.02,0.0,0.0,0.0,0.0,0.0,0,12387.0
0,tcp,http,SF,225,626,0,0,1,0,0,0,0,13,0.0,0.0,0.0,0.0,1.0,0.0,0.14,255,255,1.0,0.0,0.0,0.0,0.0,0.0,0.0,0,26922.0
26,tcp,smtp,SF,11412,1390,0,0,1,0,0,0,0,1,0.0,0.0,0.0,0.0,1.0,0.0,0.0,95,117,0.75,0.03,0.01,0.02,0.0,0.0,0.0,0,71568.0
0,udp,domain_u,SF,46,138,0,0,0,0,0,0,0,12,0.0,0.0,0.0,0.0,1.0,0.0,0.03,255,254,1.0,0.01,0.0,0.0,0.0,0.0,0.0,0,8350.0
2969,udp,other,SF,145,105,0,0,0,0,0,0,0,5,0.0,0.0,0.0,0.0,0.4,0.6,0.0,255,2,0.01,0.62,0.96,0.0,0.0,0.0,0.0,0,90486.0
0,tcp,http,SF,312,487,0,0,1,0,0,0,0,13,0.0,0.0,0.0,0.0,1.0,0.0,0.19,255,255,1.0,0.0,0.0,0.0,0.0,0.0,0.0,0,77083.0
0,tcp,http,SF,195,5232,0,0,1,0,0,0,0,3,0.0,0.0,0.0,0.0,1.0,0.0,0.5,3,255,1.0,0.0,0.33,0.07,0.0,0.0,0.32,0,101102.0
0,tcp,ftp,S0,0,0,0,0,0,0,0,0,0,203,1.0,1.0,0.0,0.0,0.1,0.06,0.0,255,20,0.08,0.05,0.0,0.0,1.0,1.0,0.0,1,32055.0
0,tcp,private,S0,0,0,0,0,0,0,0,0,0,278,1.0,1.0,0.0,0.0,0.06,0.06,0.0,255,18,0.07,0.07,0.0,0.0,1.0,1.0,0.0,1,30916.0
0,tcp,smtp,SF,1477,367,0,0,1,0,0,0,0,1,0.0,0.0,0.0,0.0,1.0,0.0,0.0,165,114,0.48,0.05,0.01,0.02,0.0,0.0,0.0,0,92463.0
0,tcp,http,SF,180,4999,0,0,1,0,0,0,0,4,0.0,0.0,0.0,0.0,1.0,0.0,0.09,4,255,1.0,0.0,0.25,0.02,0.0,0.0,0.0,0,108884.0
0,tcp,ftp_data,SF,2056,0,0,0,1,0,0,0,0,12,0.0,0.0,0.0,0.0,1.0,0.0,0.0,255,102,0.4,0.01,0.4,0.0,0.0,0.0,0.0,0,108167.0
0,tcp,vmnet,REJ,0,0,0,0,0,0,0,0,0,184,0.0,0.0,1.0,1.0,0.03,0.07,0.0,255,6,0.02,0.08,0.0,0.0,0.0,0.0,1.0,1,95426.0
0,tcp,private,S0,0,0,0,0,0,0,0,0,0,92,1.0,1.0,0.0,0.0,0.01,0.07,0.0,255,17,0.07,0.06,0.0,0.0,1.0,1.0,0.0,1,116114.0
0,tcp,private,REJ,0,0,0,0,0,0,0,0,0,110,0.0,0.0,1.0,1.0,0.01,0.08,0.0,35,1,0.03,0.17,0.03,0.0,0.0,0.0,1.0,1,87884.0
0,tcp,private,S0,0,0,0,0,0,0,0,0,0,229,1.0,1.0,0.0,0.0,0.07,0.06,0.0,255,15,0.06,0.08,0.0,0.0,1.0,1.0,0.0,1,39397.0
0,tcp,http,REJ,0,0,0,0,0,0,0,0,0,16,0.0,0.0,0.69,0.69,1.0,0.0,0.0,16,255,1.0,0.0,0.06,0.01,0.0,0.0,0.06,0,13596.0
0,tcp,private,S0,0,0,0,0,0,0,0,0,0,104,1.0,1.0,0.0,0.0,0.04,0.07,0.0,255,17,0.07,0.05,0.0,0.0,1.0,1.0,0.0,1,61967.0
0,tcp,http,SF,215,1195,0,0,1,0,0,0,0,17,0.0,0.0,0.0,0.0,1.0,0.0,0.09,17,255,1.0,0.0,0.06,0.02,0.0,0.0,0.0,0,113663.0
0,tcp,http,SF,268,31108,0,0,1,0,0,0,0,1,0.0,0.0,0.0,0.0,1.0,0.0,0.0,202,255,1.0,0.0,0.0,0.02,0.0,0.0,0.0,0,73467.0
0,tcp,exec,S0,0,0,0,0,0,0,0,0,0,118,1.0,1.0,0.0,0.0,0.16,0.06,0.0,255,19,0.07,0.05,0.0,0.0,1.0,1.0,0.0,1,6672.0
0,tcp,private,S0,0,0,0,0,0,0,0,0,0,197,1.0,1.0,0.0,0.0,0.08,0.06,0.0,255,15,0.06,0.05,0.0,0.0,1.0,1.0,0.0,1,68369.0
0,tcp,http,SF,305,2698,0,0,1,0,0,0,1,1,0.0,0.0,0.0,0.0,1.0,0.0,0.0,255,254,1.0,0.01,0.0,0.0,0.0,0.0,0.0,0,50586.0
0,tcp,other,REJ,0,0,0,0,0,0,0,0,0,509,0.04,0.0,0.96,1.0,0.0,1.0,0.0,255,1,0.0,1.0,0.0,0.0,0.07,0.0,1.0,1,14328.0
0,tcp,http,SF,302,1728,0,0,1,0,0,0,0,4,0.0,0.0,0.0,0.0,1.0,0.0,0.0,169,255,1.0,0.0,0.01,0.02,0.0,0.0,0.0,0,20181.0
0,tcp,http,SF,287,13410,0,0,1,0,0,0,0,7,0.0,0.0,0.0,0.0,1.0,0.0,0.0,7,255,1.0,0.0,0.14,0.04,0.0,0.0,0.0,0,114901.0
0,icmp,ecr_i,SF,1032,0,0,0,0,0,0,0,0,315,0.0,0.0,0.0,0.0,1.0,0.0,0.0,147,2,0.01,0.02,0.01,0.0,0.0,0.0,0.0,1,112818.0
0,tcp,private,S0,0,0,0,0,0,0,0,0,0,218,1.0,1.0,0.0,0.0,0.05,0.06,0.0,255,9,0.04,0.08,0.0,0.0,1.0,1.0,0.0,1,37454.0
0,tcp,finger,SF,12,368,0,0,0,0,0,0,0,1,0.0,0.0,0.0,0.0,1.0,0.0,0.0,2,18,0.5,1.0,0.5,0.39,0.0,0.0,0.0,0,59109.0
0,tcp,private,S0,0,0,0,0,0,0,0,0,0,90,1.0,1.0,0.0,0.0,0.01,0.07,0.0,255,18,0.07,0.07,0.0,0.0,1.0,1.0,0.0,1,1598.0
0,tcp,http,SF,213,17086,0,0,1,0,0,0,0,1,0.0,0.0,0.0,0.0,1.0,0.0,1.0,7,255,1.0,0.0,0.14,0.04,0.0,0.0,0.0,0,78972.0
0,udp,domain_u,SF,44,133,0,0,0,0,0,0,0,47,0.0,0.0,0.0,0.0,1.0,0.0,0.02,255,226,0.89,0.01,0.0,0.0,0.0,0.0,0.0,0,18384.0
0,tcp,iso_tsap,REJ,0,0,0,0,0,0,0,0,0,252,0.0,0.0,1.0,1.0,0.06,0.07,0.0,255,15,0.06,0.07,0.0,0.0,0.0,0.0,1.0,1,77406.0
0,icmp,ecr_i,SF,1032,0,0,0,0,0,0,0,0,511,0.0,0.0,0.0,0.0,1.0,0.0,0.0,255,147,0.58,0.02,0.58,0.0,0.01,0.0,0.0,1,83075.0
0,icmp,ecr_i,SF,1032,0,0,0,0,0,0,0,0,82,0.0,0.0,0.0,0.0,1.0,0.0,0.0,255,255,1.0,0.0,1.0,0.0,0.0,0.0,0.0,1,105981.0
0,icmp,ecr_i,SF,1032,0,0,0,0,0,0,0,0,511,0.0,0.0,0.0,0.0,1.0,0.0,0.0,255,106,0.42,0.09,0.42,0.0,0.0,0.0,0.0,1,41696.0
0,udp,domain_u,SF,46,149,0,0,0,0,0,0,0,71,0.0,0.0,0.0,0.0,1.0,0.0,0.01,227,177,0.78,0.01,0.0,0.0,0.0,0.0,0.0,0,82585.0
0,udp,private,SF,1,0,0,0,0,0,0,0,0,59,0.0,0.0,0.0,0.0,0.36,0.08,0.0,255,55,0.22,0.18,1.0,0.0,0.0,0.0,0.0,1,75482.0
0,tcp,private,S0,0,0,0,0,0,0,0,0,0,288,1.0,1.0,0.0,0.0,0.05,0.06,0.0,255,12,0.05,0.07,0.0,0.0,1.0,1.0,0.0,1,109183.0
0,tcp,http_443,S0,0,0,0,0,0,0,0,0,0,14,1.0,1.0,0.0,0.0,0.43,0.21,0.0,255,6,0.02,0.08,0.0,0.0,1.0,1.0,0.0,1,35016.0
0,tcp,http,SF,203,904,0,0,1,0,0,0,0,17,0.0,0.0,0.0,0.0,1.0,0.0,0.11,255,255,1.0,0.0,0.0,0.0,0.0,0.0,0.0,0,51002.0
0,udp,domain_u,SF,34,50,0,0,0,0,0,0,0,3,0.0,0.0,0.0,0.0,1.0,0.0,0.5,255,242,0.95,0.01,0.01,0.0,0.0,0.0,0.0,0,26641.0
0,tcp,link,S0,0,0,0,0,0,0,0,0,0,301,1.0,1.0,0.0,0.0,0.07,0.06,0.0,255,20,0.08,0.07,0.0,0.0,1.0,1.0,0.0,1,17974.0
0,tcp,http,S0,0,0,0,0,0,0,0,0,0,13,1.0,1.0,0.0,0.0,1.0,0.0,0.0,15,13,0.87,0.13,0.07,0.0,0.87,1.0,0.0,1,120022.0
0,tcp,private,S0,0,0,0,0,0,0,0,0,0,244,1.0,1.0,0.0,0.0,0.06,0.06,0.0,255,14,0.05,0.08,0.0,0.0,1.0,1.0,0.0,1,122100.0
0,tcp,http,SF,263,1053,0,0,1,0,0,0,0,1,0.0,0.0,0.0,0.0,1.0,0.0,0.0,255,240,0.94,0.01,0.0,0.0,0.0,0.0,0.0,0,74882.0
0,icmp,ecr_i,SF,520,0,0,0,0,0,0,0,0,457,0.0,0.0,0.0,0.0,1.0,0.0,0.0,224,224,1.0,0.0,1.0,0.0,0.0,0.0,0.0,1,5897.0
0,tcp,ldap,S0,0,0,0,0,0,0,0,0,0,80,1.0,1.0,0.0,0.0,0.01,0.08,0.0,255,1,0.0,0.06,0.0,0.0,1.0,1.0,0.0,1,56220.0
0,icmp,ecr_i,SF,1032,0,0,0,0,0,0,0,0,511,0.0,0.0,0.0,0.0,1.0,0.0,0.0,255,50,0.2,0.04,0.2,0.0,0.22,0.0,0.0,1,10312.0
0,tcp,http,SF,300,1279,0,0,1,0,0,0,0,5,0.0,0.0,0.0,0.0,1.0,0.0,0.15,15,255,1.0,0.0,0.07,0.05,0.0,0.0,0.0,0,84738.0
0,icmp,eco_i,SF,8,0,0,0,0,0,0,0,0,1,0.0,0.0,0.0,0.0,1.0,0.0,1.0,2,150,1.0,0.0,1.0,0.25,0.0,0.0,0.0,1,38190.0
0,tcp,private,REJ,0,0,0,0,0,0,0,0,0,195,0.0,0.0,1.0,1.0,0.06,0.07,0.0,255,12,0.05,0.08,0.0,0.0,0.0,0.0,1.0,1,58572.0
0,tcp,http,SF,230,1203,0,0,1,0,0,0,0,4,0.0,0.0,0.0,0.0,1.0,0.0,0.0,4,255,1.0,0.0,0.25,0.05,0.0,0.0,0.0,0,108671.0
0,tcp,http,SF,54540,8314,0,2,1,1,0,0,0,4,0.0,0.0,0.0,0.0,1.0,0.0,0.0,188,188,1.0,0.0,0.01,0.0,0.0,0.0,0.05,1,29143.0
0,tcp,http,SF,313,2252,0,0,1,0,0,0,0,13,0.0,0.0,0.0,0.0,1.0,0.0,0.0,255,255,1.0,0.0,0.0,0.0,0.0,0.0,0.0,0,84571.0
0,tcp,http,SF,234,1408,0,0,1,0,0,0,0,7,0.0,0.0,0.0,0.0,1.0,0.0,0.18,255,255,1.0,0.0,0.0,0.0,0.0,0.0,0.0,0,89658.0
0,tcp,smtp,SF,982,332,0,0,1,0,0,0,0,1,0.0,0.0,0.0,0.0,1.0,0.0,1.0,81,107,0.73,0.04,0.01,0.02,0.0,0.0,0.0,0,119866.0
0,tcp,private,REJ,0,0,0,0,0,0,0,0,0,102,0.0,0.0,1.0,1.0,0.03,0.07,0.0,255,1,0.0,0.07,0.0,0.0,0.0,0.0,1.0,1,472.0
0,tcp,private,S0,0,0,0,0,0,0,0,0,0,117,1.0,1.0,0.0,0.0,0.06,0.06,0.0,255,8,0.03,0.07,0.0,0.0,1.0,1.0,0.0,1,102016.0
0,tcp,http,SF,199,788,0,0,1,0,0,0,0,12,0.0,0.0,0.0,0.0,1.0,0.0,0.09,156,255,1.0,0.0,0.01,0.01,0.0,0.0,0.0,0,38816.0
0,tcp,http,SF,334,2124,0,0,1,0,0,0,0,16,0.0,0.0,0.0,0.0,1.0,0.0,0.12,16,255,1.0,0.0,0.06,0.02,0.0,0.0,0.0,0,67804.0
0,tcp,private,RSTO,0,0,0,0,0,0,0,0,0,127,0.0,0.0,1.0,1.0,0.1,0.07,0.0,255,13,0.05,0.07,0.0,0.0,0.0,0.0,1.0,1,53088.0
0,tcp,http,SF,198,27266,0,0,1,0,0,0,0,1,0.0,0.0,0.0,0.0,1.0,0.0,0.25,47,255,1.0,0.0,0.02,0.03,0.0,0.0,0.01,0,72864.0
5,tcp,smtp,SF,937,390,0,0,1,0,0,0,0,1,0.0,0.0,0.0,0.0,1.0,0.0,0.0,255,32,0.13,0.07,0.0,0.0,0.78,0.0,0.0,0,72137.0
0,tcp,netbios_dgm,S0,0,0,0,0,0,0,0,0,0,245,1.0,1.0,0.0,0.0,0.09,0.05,0.0,255,21,0.08,0.06,0.0,0.0,1.0,1.0,0.0,1,69768.0
0,icmp,urp_i,SF,78,0,0,0,0,0,0,0,0,12,0.0,0.0,0.0,0.0,0.17,0.17,0.0,255,11,0.04,0.01,0.04,0.0,0.0,0.0,0.0,0,88507.0
0,tcp,auth,S0,0,0,0,0,0,0,0,0,0,245,1.0,1.0,0.0,0.0,0.03,0.07,0.0,255,7,0.03,0.07,0.0,0.0,1.0,1.0,0.0,1,115352.0
0,icmp,eco_i,SF,8,0,0,0,0,0,0,0,0,1,0.0,0.0,0.0,0.0,1.0,0.0,1.0,2,42,1.0,0.0,1.0,0.5,0.0,0.0,0.0,1,91817.0
0,tcp,http,SF,206,73,0,0,1,0,0,0,0,1,0.0,0.0,0.0,0.0,1.0,0.0,0.0,73,255,1.0,0.0,0.01,0.07,0.01,0.01,0.0,0,68022.0
0,tcp,http,SF,222,602,0,0,1,0,0,0,0,1,0.0,0.0,0.0,0.0,1.0,0.0,0.5,255,255,1.0,0.0,0.0,0.0,0.0,0.0,0.0,0,29374.0
0,udp,domain_u,SF,102,0,0,0,0,0,0,0,0,1,0.0,0.0,0.0,0.0,1.0,0.0,1.0,186,120,0.65,0.02,0.62,0.0,0.0,0.0,0.0,0,28964.0
0,tcp,ftp_data,SF,8325,0,0,0,0,0,0,0,0,18,0.0,0.0,0.0,0.0,1.0,0.0,0.0,247,70,0.28,0.02,0.28,0.0,0.0,0.0,0.0,0,99265.0
0,tcp,private,REJ,0,0,0,0,0,0,0,0,0,1,0.0,0.0,1.0,1.0,1.0,0.0,0.0,16,2,0.06,1.0,0.06,1.0,0.0,0.0,1.0,1,34995.0
0,tcp,telnet,S0,0,0,0,0,0,0,0,0,0,45,1.0,1.0,0.0,0.0,0.33,0.07,0.0,255,69,0.27,0.02,0.01,0.0,1.0,1.0,0.0,1,29868.0
0,tcp,imap4,S0,0,0,0,0,0,0,0,0,0,236,1.0,1.0,0.0,0.0,0.07,0.06,0.0,255,16,0.06,0.05,0.0,0.0,1.0,1.0,0.0,1,25933.0
0,icmp,eco_i,SF,8,0,0,0,0,0,0,0,0,1,0.0,0.0,0.0,0.0,1.0,0.0,1.0,1,255,1.0,0.0,1.0,0.5,0.0,0.0,0.0,1,118765.0
0,tcp,http,SF,216,420,0,0,1,0,0,0,0,20,0.0,0.0,0.0,0.0,1.0,0.0,0.0,255,255,1.0,0.0,0.0,0.0,0.0,0.0,0.0,0,4582.0
30578,tcp,private,RSTR,1,0,0,0,0,0,0,0,0,2,0.0,0.0,1.0,1.0,1.0,0.0,0.0,255,2,0.01,0.71,1.0,0.0,0.0,0.0,1.0,1,57256.0
0,tcp,http,SF,219,309,0,0,1,0,0,0,0,14,0.0,0.0,0.0,0.0,1.0,0.0,0.08,255,255,1.0,0.0,0.0,0.0,0.0,0.0,0.0,0,88322.0
0,tcp,telnet,S0,0,0,0,0,0,0,0,0,0,267,1.0,1.0,0.0,0.0,0.01,0.06,0.0,255,4,0.02,0.08,0.0,0.0,1.0,1.0,0.0,1,75059.0
0,udp,domain_u,SF,45,45,0,0,0,0,0,0,0,97,0.0,0.0,0.0,0.0,0.99,0.02,0.01,255,254,1.0,0.01,0.01,0.0,0.0,0.0,0.0,0,11360.0
1,tcp,smtp,SF,1390,364,0,0,1,0,0,0,0,1,0.0,0.0,0.0,0.0,1.0,0.0,1.0,80,79,0.99,0.03,0.01,0.0,0.0,0.0,0.0,0,118915.0
0,tcp,http,SF,202,10762,0,0,1,0,0,0,0,43,0.0,0.0,0.0,0.0,1.0,0.0,0.04,43,255,1.0,0.0,0.02,0.01,0.0,0.0,0.0,0,25015.0
0,tcp,http,SF,252,1377,0,0,1,0,0,0,0,7,0.0,0.0,0.0,0.0,1.0,0.0,0.25,38,255,1.0,0.0,0.03,0.02,0.0,0.0,0.0,0,58277.0
0,tcp,ctf,REJ,0,0,0,0,0,0,0,0,0,129,0.0,0.0,1.0,1.0,0.04,0.07,0.0,255,5,0.02,0.08,0.0,0.0,0.0,0.0,1.0,1,8469.0
0,tcp,ctf,S0,0,0,0,0,0,0,0,0,0,205,1.0,1.0,0.0,0.0,0.0,0.06,0.0,255,1,0.0,0.07,0.0,0.0,1.0,1.0,0.0,1,17015.0
0,icmp,ecr_i,SF,1032,0,0,0,0,0,0,0,0,511,0.0,0.0,0.0,0.0,1.0,0.0,0.0,255,63,0.25,0.04,0.25,0.0,0.17,0.0,0.0,1,39105.0
2,tcp,smtp,SF,2068,334,0,0,1,0,0,0,0,1,0.0,0.0,0.0,0.0,1.0,0.0,1.0,20,183,0.85,0.15,0.05,0.02,0.0,0.01,0.0,0,16503.0
0,tcp,ftp_data,SF,3775,0,0,0,0,0,0,0,0,21,0.0,0.0,0.0,0.0,1.0,0.0,0.0,250,73,0.29,0.02,0.29,0.0,0.0,0.0,0.0,0,30024.0
0,tcp,Z39_50,REJ,0,0,0,0,0,0,0,0,0,283,0.0,0.0,1.0,1.0,0.05,0.06,0.0,255,14,0.05,0.07,0.0,0.0,0.0,0.0,1.0,1,82748.0
0,tcp,http,SF,211,1695,0,0,1,0,0,0,0,11,0.0,0.0,0.0,0.0,1.0,0.0,0.15,41,255,1.0,0.0,0.02,0.01,0.0,0.0,0.0,0,57732.0
0,tcp,http,SF,314,2382,0,0,1,0,0,0,0,9,0.0,0.0,0.0,0.0,1.0,0.0,0.0,9,255,1.0,0.0,0.11,0.05,0.0,0.0,0.0,0,66421.0
0,tcp,ldap,S0,0,0,0,0,0,0,0,0,0,114,1.0,1.0,0.0,0.0,0.12,0.05,0.0,255,14,0.05,0.05,0.0,0.0,1.0,1.0,0.0,1,65041.0
0,icmp,eco_i,SF,8,0,0,0,0,0,0,0,0,1,0.0,0.0,0.0,0.0,1.0,0.0,1.0,2,122,1.0,0.0,1.0,0.5,0.0,0.0,0.0,1,36067.0
0,tcp,http,SF,207,2596,0,0,1,0,0,0,0,44,0.0,0.0,0.0,0.0,1.0,0.0,0.0,255,255,1.0,0.0,0.0,0.0,0.0,0.0,0.0,0,18511.0
0,tcp,other,REJ,0,0,0,0,0,0,0,0,0,352,0.09,0.0,0.91,1.0,0.0,1.0,0.0,255,1,0.0,1.0,0.0,0.0,0.09,0.0,1.0,1,15282.0
0,tcp,http,REJ,0,0,0,0,0,0,0,0,0,1,0.0,0.0,1.0,1.0,1.0,0.0,1.0,16,255,1.0,0.0,0.06,0.11,0.0,0.0,0.75,0,107705.0
0,tcp,other,REJ,0,0,0,0,0,0,0,0,0,468,0.07,0.0,0.92,1.0,0.0,1.0,0.0,255,1,0.0,1.0,0.0,0.0,0.06,0.0,1.0,1,77215.0
0,tcp,http,SF,234,694,0,0,1,0,0,0,0,6,0.0,0.0,0.0,0.03,1.0,0.0,0.19,129,255,1.0,0.0,0.01,0.03,0.0,0.0,0.0,0,41950.0
0,tcp,private,S0,0,0,0,0,0,0,0,0,0,115,1.0,1.0,0.0,0.0,0.03,0.06,0.0,255,5,0.02,0.08,0.0,0.0,1.0,1.0,0.0,1,46124.0
0,tcp,http,SF,285,304,0,0,1,0,0,0,0,32,0.0,0.0,0.0,0.0,1.0,0.0,0.09,101,255,1.0,0.0,0.01,0.03,0.0,0.0,0.0,0,226.0
0,tcp,smtp,SF,127,241,0,0,1,0,0,0,0,2,0.0,0.0,0.0,0.0,0.5,1.0,0.0,109,85,0.28,0.65,0.01,0.02,0.0,0.0,0.0,0,100994.0
0,tcp,name,S0,0,0,0,0,0,0,0,0,0,216,1.0,1.0,0.0,0.0,0.07,0.06,0.0,255,16,0.06,0.07,0.0,0.0,1.0,1.0,0.0,1,12663.0
0,udp,private,SF,28,0,3,0,0,0,0,0,0,85,0.0,0.0,0.0,0.0,1.0,0.0,0.0,255,85,0.33,0.04,0.33,0.0,0.02,0.0,0.0,1,100954.0
1,tcp,smtp,SF,905,326,0,0,1,0,0,0,0,1,0.0,0.0,0.0,0.0,1.0,0.0,0.0,255,151,0.59,0.01,0.0,0.0,0.0,0.0,0.0,0,104851.0
0,tcp,ftp_data,SF,19,0,0,0,0,0,0,0,0,1,0.0,0.0,0.0,0.0,1.0,0.0,0.0,255,98,0.38,0.02,0.38,0.0,0.0,0.0,0.0,0,80059.0
0,tcp,http,SF,240,2195,0,0,1,0,0,0,0,3,0.0,0.0,0.0,0.0,1.0,0.0,0.0,51,255,1.0,0.0,0.02,0.04,0.0,0.02,0.0,0,49056.0
0,tcp,efs,S0,0,0,0,0,0,0,0,0,0,137,1.0,1.0,0.0,0.0,0.13,0.05,0.0,255,6,0.02,0.07,0.0,0.0,1.0,1.0,0.0,1,99604.0
1,tcp,smtp,SF,977,368,0,0,1,0,0,0,0,1,0.0,0.0,0.0,0.0,1.0,0.0,1.0,22,121,0.55,0.18,0.05,0.02,0.0,0.0,0.0,0,106032.0
0,tcp,nntp,S0,0,0,0,0,0,0,0,0,0,285,1.0,1.0,0.0,0.0,0.01,0.06,0.0,255,5,0.02,0.07,0.0,0.0,1.0,1.0,0.0,1,48092.0
0,tcp,ftp_data,SF,7162,0,0,0,1,0,0,0,0,8,0.0,0.0,0.0,0.0,1.0,0.0,0.0,255,25,0.1,0.02,0.1,0.0,0.0,0.0,0.0,0,39645.0
0,tcp,http,SF,227,3211,0,0,1,0,0,0,0,2,0.0,0.0,0.0,0.0,1.0,0.0,0.0,2,255,1.0,0.0,0.5,0.02,0.0,0.0,0.0,0,63051.0
0,tcp,http,SF,223,431,0,0,1,0,0,0,0,4,0.25,0.25,0.0,0.0,1.0,0.0,0.0,255,255,1.0,0.0,0.0,0.0,0.0,0.0,0.0,0,12332.0
0,udp,ntp_u,SF,48,48,0,0,0,0,0,0,0,1,0.0,0.0,0.0,0.0,1.0,0.0,0.0,239,139,0.58,0.01,0.58,0.0,0.0,0.0,0.0,0,28688.0
0,tcp,http,SF,233,1380,0,0,1,0,0,0,0,6,0.0,0.0,0.0,0.14,1.0,0.0,0.29,255,237,0.93,0.02,0.0,0.0,0.01,0.01,0.0,0,21818.0
0,udp,other,SF,146,0,0,0,0,0,0,0,0,3,0.0,0.0,0.0,0.0,0.33,0.67,0.0,111,1,0.01,0.69,0.95,0.0,0.0,0.0,0.0,0,20737.0
0,tcp,private,S0,0,0,0,0,0,0,0,0,0,105,1.0,1.0,0.0,0.0,0.04,0.07,0.0,255,2,0.01,0.06,0.0,0.0,1.0,1.0,0.0,1,93641.0
0,tcp,http,SF,218,458,0,0,1,0,0,0,0,35,0.0,0.0,0.0,0.0,1.0,0.0,0.08,255,255,1.0,0.0,0.0,0.0,0.0,0.0,0.0,0,101340.0
0,udp,domain_u,SF,43,136,0,0,0,0,0,0,0,65,0.0,0.0,0.0,0.0,1.0,0.0,0.01,255,254,1.0,0.01,0.0,0.0,0.0,0.0,0.0,0,51412.0
0,tcp,http,SF,304,9585,0,0,1,0,0,0,0,4,0.0,0.0,0.0,0.0,1.0,0.0,0.0,255,255,1.0,0.0,0.0,0.0,0.0,0.0,0.0,0,16493.0
0,tcp,private,S0,0,0,0,0,0,0,0,0,0,217,1.0,1.0,0.0,0.0,0.05,0.05,0.0,77,10,0.13,0.1,0.01,0.0,0.97,1.0,0.0,1,116573.0
0,tcp,exec,S0,0,0,0,0,0,0,0,0,0,130,1.0,1.0,0.0,0.0,0.16,0.05,0.0,255,21,0.08,0.05,0.0,0.0,1.0,1.0,0.0,1,90313.0
0,tcp,private,S0,0,0,0,0,0,0,0,0,0,281,1.0,1.0,0.0,0.0,0.04,0.06,0.0,255,12,0.05,0.06,0.0,0.0,1.0,1.0,0.0,1,71514.0
0,tcp,http,SF,268,4740,0,0,1,0,0,0,0,1,0.0,0.0,0.0,0.0,1.0,0.0,0.0,255,248,0.97,0.01,0.0,0.0,0.0,0.0,0.0,0,17393.0
0,tcp,ftp_data,S0,0,0,0,0,0,0,0,0,0,19,1.0,1.0,0.0,0.0,0.26,0.21,0.0,255,39,0.15,0.05,0.01,0.0,1.0,1.0,0.0,1,66373.0
0,tcp,mtp,S0,0,0,0,0,0,0,0,0,0,267,1.0,1.0,0.0,0.0,0.01,0.06,0.0,255,14,0.05,0.07,0.0,0.0,1.0,1.0,0.0,1,87770.0
0,tcp,nnsp,S0,0,0,0,0,0,0,0,0,0,118,1.0,1.0,0.0,0.0,0.11,0.06,0.0,255,13,0.05,0.05,0.0,0.0,1.0,1.0,0.0,1,116194.0
0,tcp,http,SF,280,1489,0,0,1,0,0,0,0,3,0.0,0.0,0.0,0.0,1.0,0.0,0.5,3,255,1.0,0.0,0.33,0.05,0.0,0.0,0.0,0,34633.0
0,tcp,http,REJ,0,0,0,0,0,0,0,0,0,1,0.0,0.0,1.0,0.14,1.0,0.0,0.29,2,255,1.0,0.0,0.5,0.18,0.0,0.0,1.0,0,119656.0
1,tcp,smtp,SF,789,326,0,0,1,0,0,0,0,1,0.0,0.0,0.0,0.0,1.0,0.0,1.0,215,154,0.6,0.02,0.0,0.01,0.0,0.0,0.0,0,2838.0
0,tcp,private,S0,0,0,0,0,0,0,0,0,0,107,1.0,1.0,0.0,0.0,0.07,0.07,0.0,255,27,0.11,0.06,0.0,0.0,1.0,1.0,0.0,1,86604.0
0,tcp,other,REJ,0,0,0,0,0,0,0,0,0,509,0.21,0.0,0.78,1.0,0.0,1.0,0.0,255,1,0.0,1.0,0.0,0.0,0.27,0.0,1.0,1,123729.0
0,tcp,http,SF,336,11919,0,0,1,0,0,0,0,2,0.0,0.0,0.0,0.0,1.0,0.0,0.22,4,255,1.0,0.0,0.25,0.03,0.0,0.0,0.0,0,115214.0
0,tcp,http,S0,0,0,0,0,0,0,0,0,0,48,0.98,1.0,0.02,0.0,0.29,0.1,0.0,255,46,0.18,0.05,0.01,0.0,1.0,1.0,0.0,1,84785.0
0,tcp,systat,REJ,0,0,0,0,0,0,0,0,0,266,0.0,0.0,1.0,1.0,0.02,0.06,0.0,255,4,0.02,0.07,0.0,0.0,0.0,0.0,1.0,1,63758.0
0,udp,domain_u,SF,133,44,0,0,0,0,0,0,0,241,0.0,0.0,0.0,0.0,1.0,0.01,0.0,130,97,0.75,0.02,0.18,0.0,0.0,0.0,0.0,0,109133.0
0,tcp,private,S0,0,0,0,0,0,0,0,0,0,123,1.0,1.0,0.0,0.0,0.08,0.06,0.0,255,15,0.06,0.06,0.0,0.0,1.0,1.0,0.0,1,111881.0
0,tcp,smtp,S0,0,0,0,0,0,0,0,0,0,4,1.0,0.67,0.0,0.0,1.0,0.0,0.5,146,129,0.44,0.01,0.01,0.02,0.99,0.5,0.0,1,18521.0
0,tcp,http,SF,54540,8314,0,2,1,1,0,0,0,3,0.0,0.0,0.0,0.0,0.67,0.67,0.0,33,33,1.0,0.0,0.03,0.0,0.0,0.0,0.0,1,110625.0
0,tcp,private,S0,0,0,0,0,0,0,0,0,0,136,1.0,1.0,0.0,0.0,0.15,0.05,0.0,255,7,0.03,0.07,0.0,0.0,1.0,1.0,0.0,1,51081.0
0,tcp,http,SF,298,316,0,0,1,0,0,0,0,10,0.0,0.0,0.0,0.0,1.0,0.0,0.25,255,255,1.0,0.0,0.0,0.0,0.0,0.0,0.0,0,83316.0
5,tcp,smtp,SF,1494,413,0,0,1,0,0,0,0,1,0.0,0.0,0.0,0.0,1.0,0.0,0.0,80,140,0.49,0.06,0.01,0.01,0.0,0.0,0.02,0,117719.0
0,udp,domain_u,SF,45,134,0,0,0,0,0,0,0,60,0.0,0.0,0.0,0.0,1.0,0.0,0.02,255,194,0.76,0.01,0.0,0.0,0.0,0.0,0.0,0,38805.0
0,udp,domain_u,SF,44,44,0,0,0,0,0,0,0,124,0.0,0.0,0.0,0.0,1.0,0.0,0.01,255,255,1.0,0.0,0.01,0.0,0.0,0.0,0.0,0,8753.0
0,tcp,private,S0,0,0,0,0,0,0,0,0,0,237,1.0,1.0,0.0,0.0,0.01,0.06,0.0,255,3,0.01,0.07,0.0,0.0,1.0,1.0,0.0,1,9342.0
0,tcp,klogin,S0,0,0,0,0,0,0,0,0,0,124,1.0,1.0,0.0,0.0,0.02,0.06,0.0,255,3,0.01,0.07,0.0,0.0,1.0,1.0,0.0,1,85520.0
3,tcp,smtp,SF,2104,377,0,0,1,0,0,0,0,1,0.0,0.0,0.0,0.0,1.0,0.0,1.0,128,139,0.72,0.02,0.01,0.01,0.0,0.0,0.0,0,67660.0
0,tcp,ftp_data,S0,0,0,0,0,0,0,0,0,0,55,1.0,1.0,0.0,0.0,0.24,0.07,0.0,255,64,0.25,0.02,0.0,0.0,1.0,1.0,0.0,1,20168.0
0,tcp,http,SF,215,2650,0,0,1,0,0,0,0,15,0.0,0.0,0.0,0.0,1.0,0.0,0.12,66,98,1.0,0.0,0.02,0.02,0.0,0.0,0.0,0,118723.0
0,udp,private,SF,105,0,0,0,0,0,0,0,0,2,0.0,0.0,0.0,0.0,1.0,0.0,0.0,33,33,1.0,0.0,0.06,0.0,0.0,0.0,0.0,0,41911.0
0,udp,private,SF,1,0,0,0,0,0,0,0,0,23,0.0,0.0,0.0,0.0,0.04,0.26,0.0,255,1,0.0,0.48,0.58,0.0,0.03,0.0,0.0,1,110925.0
0,tcp,sunrpc,S0,0,0,0,0,0,0,0,0,0,146,1.0,1.0,0.0,0.0,0.14,0.04,0.0,255,21,0.08,0.05,0.0,0.0,1.0,1.0,0.0,1,20983.0
0,tcp,private,REJ,0,0,0,0,0,0,0,0,0,41,0.0,0.0,1.0,1.0,0.02,0.56,0.0,211,1,0.0,0.11,0.19,0.0,0.01,0.0,1.0,1,112103.0
0,tcp,private,S0,0,0,0,0,0,0,0,0,0,122,1.0,1.0,0.0,0.0,0.12,0.06,0.0,255,12,0.05,0.05,0.0,0.0,1.0,1.0,0.0,1,71564.0
0,tcp,http,SF,286,1432,0,0,1,0,0,0,0,1,0.0,0.0,0.0,0.0,1.0,0.0,0.11,255,255,1.0,0.0,0.0,0.0,0.0,0.0,0.0,0,17782.0
0,udp,private,SF,28,0,3,0,0,0,0,0,0,184,0.54,0.0,0.0,0.0,0.46,0.04,0.0,255,84,0.33,0.67,0.33,0.0,0.09,0.0,0.0,1,77370.0
0,tcp,efs,S0,0,0,0,0,0,0,0,0,0,142,1.0,1.0,0.0,0.0,0.05,0.05,0.0,255,7,0.03,0.05,0.0,0.0,1.0,1.0,0.0,1,20120.0
0,tcp,auth,S0,0,0,0,0,0,0,0,0,0,236,1.0,1.0,0.0,0.0,0.03,0.06,0.0,255,9,0.04,0.07,0.0,0.0,1.0,1.0,0.0,1,10081.0
0,tcp,smtp,SF,964,328,0,0,1,0,0,0,0,1,0.0,0.0,0.0,0.0,1.0,0.0,0.0,48,129,0.38,0.04,0.02,0.02,0.0,0.0,0.0,0,86199.0
0,tcp,ftp_data,S0,0,0,0,0,0,0,0,0,0,39,1.0,1.0,0.0,0.0,0.23,0.1,0.0,121,61,0.24,0.03,0.01,0.03,0.98,0.48,0.0,1,125358.0
0,tcp,http,S1,205,29200,0,0,1,0,0,0,0,1,1.0,1.0,0.0,0.0,1.0,0.0,0.0,17,255,1.0,0.0,0.06,0.02,0.06,0.0,0.0,0,41875.0
0,tcp,private,REJ,0,0,0,0,0,0,0,0,0,511,0.11,0.0,0.88,1.0,0.0,1.0,0.0,255,1,0.0,1.0,0.0,0.0,0.13,0.0,1.0,1,13551.0
0,tcp,imap4,S0,0,0,0,0,0,0,0,0,0,58,1.0,1.0,0.0,0.0,0.29,0.1,0.0,255,17,0.07,0.09,0.0,0.0,1.0,1.0,0.0,1,68403.0
0,icmp,ecr_i,SF,1032,0,0,0,0,0,0,0,0,511,0.0,0.0,0.0,0.0,1.0,0.0,0.0,255,173,0.68,0.16,0.68,0.0,0.0,0.0,0.0,1,55102.0
0,tcp,http,SF,223,5316,0,0,1,0,0,0,0,16,0.0,0.0,0.0,0.0,1.0,0.0,0.11,167,255,1.0,0.0,0.01,0.03,0.0,0.0,0.0,0,24267.0
0,tcp,auth,S0,0,0,0,0,0,0,0,0,0,262,1.0,1.0,0.0,0.0,0.06,0.06,0.0,255,17,0.07,0.06,0.0,0.0,1.0,1.0,0.0,1,62175.0
1,tcp,smtp,SF,1255,332,0,0,1,0,0,0,0,1,0.0,0.0,0.0,0.0,1.0,0.0,0.0,159,190,0.7,0.06,0.01,0.01,0.01,0.0,0.0,0,107029.0
0,tcp,private,S0,0,0,0,0,0,0,0,0,0,56,1.0,1.0,0.0,0.0,0.07,0.07,0.0,255,11,0.04,0.07,0.0,0.0,1.0,1.0,0.0,1,62782.0
0,tcp,ftp_data,SF,15377,0,0,0,1,0,0,0,0,9,0.0,0.0,0.0,0.0,1.0,0.0,0.0,121,55,0.25,0.6,0.24,0.04,0.0,0.0,0.02,0,68690.0
0,tcp,http,SF,229,849,0,0,1,0,0,0,0,41,0.0,0.0,0.0,0.0,1.0,0.0,0.03,255,255,1.0,0.0,0.0,0.0,0.0,0.0,0.02,0,85610.0
0,tcp,http,SF,310,422,0,0,1,0,0,0,0,6,0.0,0.0,0.0,0.0,1.0,0.0,0.25,255,255,1.0,0.0,0.0,0.0,0.0,0.0,0.0,0,35001.0
0,tcp,whois,S0,0,0,0,0,0,0,0,0,0,138,1.0,1.0,0.0,0.0,0.13,0.05,0.0,255,18,0.07,0.05,0.0,0.0,1.0,1.0,0.0,1,47085.0
0,tcp,private,S0,0,0,0,0,0,0,0,0,0,221,1.0,1.0,0.0,0.0,0.05,0.07,0.0,255,25,0.1,0.07,0.0,0.0,1.0,1.0,0.0,1,43758.0
0,tcp,http,REJ,0,0,0,0,0,0,0,0,0,1,0.0,0.0,1.0,1.0,1.0,0.0,0.0,138,255,1.0,0.0,0.01,0.08,0.01,0.0,0.44,0,100930.0
0,icmp,ecr_i,SF,520,0,0,0,0,0,0,0,0,160,0.0,0.0,0.0,0.0,1.0,0.0,0.0,255,255,1.0,0.0,1.0,0.0,0.0,0.0,0.0,1,92962.0
0,tcp,telnet,S0,0,0,0,0,0,0,0,0,0,291,1.0,1.0,0.0,0.0,0.05,0.05,0.0,255,16,0.06,0.08,0.0,0.0,1.0,1.0,0.0,1,37946.0
0,tcp,http,SF,295,2888,0,0,1,0,0,0,0,32,0.0,0.0,0.0,0.0,1.0,0.0,0.0,73,255,1.0,0.0,0.01,0.04,0.0,0.01,0.0,0,39288.0
0,udp,domain_u,SF,46,112,0,0,0,0,0,0,0,113,0.0,0.0,0.0,0.0,1.0,0.0,0.01,255,255,1.0,0.0,0.0,0.0,0.0,0.0,0.0,0,90794.0
0,tcp,http,S0,0,0,0,0,0,0,0,0,0,76,1.0,1.0,0.0,0.0,0.25,0.05,0.0,255,60,0.24,0.02,0.01,0.0,1.0,1.0,0.0,1,19006.0
0,tcp,http,SF,230,3512,0,0,1,0,0,0,0,3,0.0,0.0,0.0,0.0,1.0,0.0,0.0,3,255,1.0,0.0,0.33,0.02,0.0,0.0,0.0,0,119292.0
0,tcp,efs,S0,0,0,0,0,0,0,0,0,0,146,1.0,1.0,0.0,0.0,0.15,0.05,0.0,255,22,0.09,0.05,0.0,0.0,1.0,1.0,0.0,1,60070.0
0,tcp,http,S0,0,0,0,0,0,0,0,0,0,2,0.5,0.5,0.0,0.0,1.0,0.0,0.0,3,255,1.0,0.0,0.67,0.04,0.33,0.0,0.0,0,18912.0
0,icmp,ecr_i,SF,30,0,0,0,0,0,0,0,0,2,0.0,0.0,0.0,0.0,1.0,0.0,0.0,178,178,1.0,0.0,1.0,0.0,0.0,0.0,0.0,0,60984.0
0,tcp,finger,S0,0,0,0,0,0,0,0,0,0,64,1.0,1.0,0.0,0.0,0.25,0.06,0.0,146,38,0.25,0.03,0.02,0.05,0.99,0.95,0.0,1,39045.0
0,tcp,http,SF,239,781,0,0,1,0,0,0,0,21,0.0,0.0,0.0,0.0,1.0,0.0,0.0,41,255,1.0,0.0,0.02,0.01,0.0,0.0,0.0,0,114327.0
0,tcp,http,SF,315,622,0,0,1,0,0,0,0,5,0.2,0.2,0.0,0.0,1.0,0.0,0.0,255,255,1.0,0.0,0.0,0.0,0.0,0.0,0.0,0,85029.0
0,tcp,http,SF,305,2057,0,0,1,0,0,0,0,45,0.0,0.0,0.0,0.0,1.0,0.0,0.0,255,255,1.0,0.0,0.0,0.0,0.0,0.0,0.0,0,86254.0
0,tcp,smtp,SF,1450,329,0,0,1,0,0,0,0,2,0.0,0.0,0.0,0.0,0.5,1.0,1.0,84,65,0.77,0.07,0.01,0.0,0.0,0.0,0.0,0,96953.0
0,tcp,http,S0,0,0,0,0,0,0,0,0,0,267,1.0,1.0,0.0,0.0,0.07,0.05,0.0,255,20,0.08,0.05,0.0,0.0,1.0,1.0,0.0,1,103284.0
0,tcp,private,S0,0,0,0,0,0,0,0,0,0,214,1.0,1.0,0.0,0.0,0.11,0.05,0.0,155,24,0.15,0.07,0.01,0.0,0.91,1.0,0.0,1,10243.0
0,udp,domain_u,SF,43,75,0,0,0,0,0,0,0,191,0.0,0.0,0.0,0.0,0.99,0.01,0.01,255,255,1.0,0.0,0.0,0.0,0.0,0.0,0.0,0,62277.0
0,tcp,smtp,SF,926,328,0,0,1,0,0,0,0,1,0.0,0.0,0.0,0.0,1.0,0.0,0.0,8,137,0.75,0.38,0.12,0.01,0.0,0.0,0.0,0,53091.0
0,tcp,domain,S0,0,0,0,0,0,0,0,0,0,240,1.0,1.0,0.0,0.0,0.01,0.06,0.0,255,3,0.01,0.08,0.0,0.0,1.0,1.0,0.0,1,118410.0
0,tcp,http,SF,193,1175,0,0,1,0,0,0,0,15,0.0,0.0,0.0,0.0,1.0,0.0,0.11,15,255,1.0,0.0,0.07,0.03,0.0,0.0,0.0,0,65233.0
0,tcp,http,SF,213,6524,0,0,1,0,0,0,0,2,0.0,0.0,0.0,0.0,1.0,0.0,0.67,3,255,1.0,0.0,0.33,0.05,0.0,0.0,0.0,0,38704.0
0,tcp,private,SH,0,0,0,0,0,0,0,0,0,1,1.0,1.0,0.0,0.0,1.0,0.0,0.0,54,1,0.02,0.81,0.85,0.0,0.85,1.0,0.0,1,104694.0
0,tcp,http,SF,248,2750,0,0,1,0,0,0,0,2,0.5,0.5,0.0,0.0,1.0,0.0,0.0,104,255,1.0,0.0,0.01,0.02,0.01,0.0,0.0,0,37723.0
0,tcp,private,SH,0,0,0,0,0,0,0,0,0,1,1.0,1.0,0.0,0.0,1.0,0.0,0.0,182,1,0.01,0.95,0.96,0.0,0.96,1.0,0.0,1,47366.0
0,tcp,private,S0,0,0,0,0,0,0,0,0,0,109,1.0,1.0,0.0,0.0,0.1,0.06,0.0,255,20,0.08,0.06,0.0,0.0,1.0,1.0,0.0,1,96677.0
9,tcp,http,SF,54540,8314,0,2,1,1,0,0,0,5,0.0,0.0,0.4,0.4,1.0,0.0,0.0,8,8,1.0,0.0,0.12,0.0,0.0,0.0,0.62,1,123974.0
0,tcp,courier,S0,0,0,0,0,0,0,0,0,0,104,1.0,1.0,0.0,0.0,0.04,0.07,0.0,255,4,0.02,0.09,0.0,0.0,1.0,1.0,0.0,1,96055.0
0,tcp,other,S0,0,0,0,0,0,0,0,0,0,198,1.0,1.0,0.0,0.0,0.01,0.07,0.0,255,2,0.01,0.07,0.0,0.0,1.0,1.0,0.0,1,72218.0
0,tcp,ftp_data,S0,0,0,0,0,0,0,0,0,0,76,1.0,1.0,0.0,0.0,0.25,0.05,0.0,255,68,0.27,0.02,0.01,0.0,1.0,1.0,0.0,1,13379.0
0,udp,domain_u,SF,45,138,0,0,0,0,0,0,0,77,0.0,0.0,0.0,0.0,0.99,0.03,0.01,255,246,0.96,0.01,0.0,0.0,0.0,0.0,0.0,0,18350.0
0,tcp,login,S0,0,0,0,0,0,0,0,0,0,125,1.0,1.0,0.0,0.0,0.12,0.06,0.0,255,2,0.01,0.08,0.0,0.0,1.0,1.0,0.0,1,81485.0
0,tcp,courier,REJ,0,0,0,0,0,0,0,0,0,102,0.0,0.0,1.0,1.0,0.02,0.07,0.0,255,2,0.01,0.07,0.0,0.0,0.0,0.0,1.0,1,13904.0
0,udp,private,SF,1,0,0,0,0,0,0,0,0,19,0.0,0.0,0.0,0.0,0.26,0.26,0.0,255,43,0.17,0.46,0.69,0.0,0.0,0.0,0.0,1,13995.0
0,tcp,private,S0,0,0,0,0,0,0,0,0,0,272,1.0,1.0,0.0,0.0,0.03,0.06,0.0,255,7,0.03,0.08,0.0,0.0,1.0,1.0,0.0,1,6673.0
0,tcp,http,SF,191,502,0,0,1,0,0,0,0,17,0.0,0.0,0.0,0.0,1.0,0.0,0.0,129,255,1.0,0.0,0.01,0.02,0.0,0.0,0.0,0,48369.0
0,tcp,http,REJ,0,0,0,0,0,0,0,0,0,1,0.0,0.0,1.0,1.0,1.0,0.0,0.0,1,70,1.0,0.0,1.0,0.24,0.0,0.0,1.0,0,81340.0
0,tcp,telnet,S0,0,0,0,0,0,0,0,0,0,39,1.0,1.0,0.0,0.0,0.33,0.08,0.0,255,69,0.27,0.02,0.01,0.0,1.0,1.0,0.0,1,67327.0
7,udp,private,SF,105,146,0,0,0,0,0,0,0,2,0.0,0.0,0.0,0.0,1.0,0.0,0.0,255,243,0.95,0.01,0.01,0.0,0.0,0.0,0.0,0,51291.0
0,tcp,http,SF,236,392,0,0,1,0,0,0,0,4,0.25,0.2,0.0,0.0,1.0,0.0,0.4,255,255,1.0,0.0,0.0,0.0,0.01,0.01,0.0,0,49802.0
0,tcp,systat,REJ,0,0,0,0,0,0,0,0,0,201,0.0,0.0,1.0,1.0,0.0,0.07,0.0,255,1,0.0,0.09,0.0,0.0,0.0,0.0,1.0,1,38591.0
0,tcp,http,SF,212,296,0,0,1,0,0,0,0,5,0.0,0.0,0.2,0.17,1.0,0.0,0.33,52,255,1.0,0.0,0.02,0.06,0.0,0.0,0.0,0,48800.0
11,tcp,smtp,SF,1663,371,0,0,1,0,0,0,0,1,0.0,0.0,0.0,0.0,1.0,0.0,0.0,24,168,0.75,0.12,0.04,0.01,0.0,0.01,0.0,0,76233.0
0,icmp,eco_i,SF,8,0,0,0,0,0,0,0,0,1,0.0,0.0,0.0,0.0,1.0,0.0,1.0,2,2,1.0,0.0,1.0,0.0,0.0,0.0,0.0,1,9733.0
0,tcp,uucp,S0,0,0,0,0,0,0,0,0,0,119,1.0,1.0,0.0,0.0,0.12,0.06,0.0,255,14,0.05,0.06,0.0,0.0,1.0,1.0,0.0,1,39737.0
0,tcp,pop_3,SF,35,130,0,0,1,0,0,0,0,2,0.0,0.0,0.0,0.0,0.5,1.0,0.0,52,5,0.06,0.1,0.02,0.4,0.02,0.0,0.0,0,42502.0
27,tcp,ftp,SF,944,2720,0,19,1,0,0,0,0,1,0.0,0.0,0.0,0.0,1.0,0.0,0.0,58,21,0.36,0.09,0.02,0.0,0.0,0.0,0.0,0,7296.0
0,icmp,eco_i,SF,8,0,0,0,0,0,0,0,0,1,0.0,0.0,0.0,0.0,1.0,0.0,1.0,4,41,1.0,0.0,1.0,0.27,0.0,0.0,0.0,1,118637.0
0,tcp,http,SF,54540,8314,0,2,1,1,0,0,0,5,0.0,0.0,0.0,0.17,1.0,0.0,0.33,128,128,1.0,0.0,0.01,0.0,0.0,0.0,0.05,1,18388.0
0,tcp,http,SF,259,7695,0,0,1,0,0,0,0,1,0.0,0.0,0.0,0.0,1.0,0.0,0.0,255,250,0.98,0.01,0.0,0.0,0.0,0.0,0.0,0,33887.0
0,tcp,smtp,SF,13578,1430,0,0,1,0,0,0,0,1,0.0,0.0,0.0,0.0,1.0,0.0,0.0,134,163,0.62,0.02,0.01,0.01,0.0,0.0,0.0,0,71446.0
0,tcp,private,S0,0,0,0,0,0,0,0,0,0,42,1.0,1.0,0.0,0.0,0.36,0.12,0.0,255,15,0.06,0.07,0.0,0.0,1.0,1.0,0.0,1,16974.0
0,tcp,http,SF,319,285,0,0,1,0,0,0,0,14,0.0,0.0,0.0,0.0,1.0,0.0,0.13,255,255,1.0,0.0,0.0,0.0,0.0,0.0,0.0,0,8845.0
0,tcp,http,SF,369,620,0,0,1,0,0,0,0,28,0.0,0.0,0.0,0.0,1.0,0.0,0.0,255,255,1.0,0.0,0.0,0.0,0.0,0.0,0.0,0,104709.0
0,tcp,auth,S0,0,0,0,0,0,0,0,0,0,117,1.0,1.0,0.0,0.0,0.02,0.07,0.0,255,1,0.0,0.07,0.0,0.0,1.0,1.0,0.0,1,22373.0
0,tcp,http,SF,311,406,0,0,1,0,0,0,0,12,0.0,0.0,0.0,0.0,1.0,0.0,0.11,255,255,1.0,0.0,0.0,0.0,0.0,0.0,0.0,0,63626.0
0,tcp,smtp,SF,1170,404,0,0,1,0,0,0,0,1,0.0,0.0,0.0,0.0,1.0,0.0,0.0,255,44,0.17,0.06,0.0,0.0,0.59,0.0,0.0,0,31583.0
0,icmp,ecr_i,SF,520,0,0,0,0,0,0,0,0,225,0.0,0.0,0.0,0.0,1.0,0.0,0.0,255,255,1.0,0.0,1.0,0.0,0.0,0.0,0.0,1,89179.0
2,tcp,smtp,SF,1557,333,0,0,1,0,0,0,0,1,0.0,0.0,0.0,0.0,1.0,0.0,1.0,23,110,0.96,0.09,0.04,0.02,0.0,0.0,0.0,0,87103.0
0,tcp,netbios_ssn,S0,0,0,0,0,0,0,0,0,0,121,1.0,1.0,0.0,0.0,0.07,0.05,0.0,255,8,0.03,0.05,0.0,0.0,1.0,1.0,0.0,1,94670.0
0,tcp,http,SF,262,431,0,0,1,0,0,0,0,1,0.0,0.0,0.0,0.0,1.0,0.0,0.0,1,255,1.0,0.0,1.0,0.05,0.0,0.0,0.04,0,101895.0
0,icmp,ecr_i,SF,520,0,0,0,0,0,0,0,0,377,0.0,0.0,0.0,0.0,1.0,0.0,0.0,255,255,1.0,0.0,1.0,0.0,0.0,0.0,0.0,1,30860.0
0,tcp,smtp,SF,607,337,0,0,1,0,0,0,0,1,0.0,0.0,0.0,0.0,1.0,0.0,0.0,89,177,0.85,0.03,0.01,0.01,0.0,0.0,0.05,0,26850.0
0,tcp,ldap,S0,0,0,0,0,0,0,0,0,0,123,1.0,1.0,0.0,0.0,0.11,0.07,0.0,255,13,0.05,0.07,0.0,0.0,1.0,1.0,0.0,1,57114.0
0,tcp,http,SF,231,3180,0,0,1,0,0,0,0,8,0.0,0.0,0.0,0.0,1.0,0.0,0.0,114,255,1.0,0.0,0.01,0.03,0.0,0.0,0.0,0,33173.0
0,tcp,http,SF,220,2112,0,0,1,0,0,0,0,5,0.0,0.0,0.0,0.0,1.0,0.0,0.0,5,255,1.0,0.0,0.2,0.06,0.0,0.0,0.0,0,91314.0
0,tcp,http,REJ,0,0,0,0,0,0,0,0,0,1,0.0,0.0,1.0,1.0,1.0,0.0,0.0,25,255,1.0,0.0,0.04,0.07,0.0,0.0,0.98,0,62258.0
0,tcp,http,SF,210,307,0,0,1,0,0,0,0,1,0.0,0.0,0.0,0.0,1.0,0.0,0.18,255,255,1.0,0.0,0.0,0.0,0.0,0.0,0.0,0,28354.0
0,tcp,http,SF,183,3402,0,0,1,0,0,0,0,20,0.0,0.0,0.0,0.0,1.0,0.0,0.0,66,255,1.0,0.0,0.02,0.03,0.0,0.04,0.0,0,24827.0
0,tcp,ftp_data,SF,192,0,0,0,1,0,0,0,0,2,0.0,0.0,0.0,0.0,1.0,0.0,0.0,235,71,0.29,0.03,0.29,0.03,0.0,0.0,0.0,0,104021.0
0,udp,domain_u,SF,45,71,0,0,0,0,0,0,0,164,0.0,0.0,0.0,0.0,1.0,0.0,0.0,255,254,1.0,0.01,0.01,0.0,0.0,0.0,0.0,0,78439.0
0,tcp,http,SF,223,317,0,0,1,0,0,0,0,11,0.0,0.0,0.0,0.0,1.0,0.0,0.0,255,255,1.0,0.0,0.0,0.0,0.0,0.0,0.0,0,34155.0
0,tcp,ftp_data,SF,334,0,0,0,1,0,0,0,0,1,0.0,0.0,0.0,0.0,1.0,0.0,0.0,1,55,1.0,0.0,1.0,0.11,0.0,0.0,0.0,1,25611.0
0,tcp,http,REJ,0,0,0,0,0,0,0,0,0,1,0.0,0.5,1.0,0.5,1.0,0.0,1.0,4,225,1.0,0.0,0.25,0.1,0.0,0.0,1.0,0,76567.0
0,tcp,private,REJ,0,0,0,0,0,0,0,0,0,106,0.0,0.0,1.0,1.0,0.03,0.08,0.0,131,3,0.02,0.08,0.01,0.0,0.0,0.0,1.0,1,103686.0
0,tcp,private,S0,0,0,0,0,0,0,0,0,0,53,1.0,1.0,0.0,0.0,0.04,0.09,0.0,255,18,0.07,0.08,0.0,0.0,1.0,1.0,0.0,1,77475.0
0,tcp,Z39_50,S0,0,0,0,0,0,0,0,0,0,25,1.0,1.0,0.0,0.0,0.28,0.2,0.0,255,13,0.05,0.08,0.0,0.0,1.0,1.0,0.0,1,64227.0
0,tcp,link,S0,0,0,0,0,0,0,0,0,0,245,1.0,1.0,0.0,0.0,0.01,0.06,0.0,255,19,0.07,0.07,0.0,0.0,1.0,1.0,0.0,1,73700.0
0,tcp,http,SF,221,714,0,0,1,0,0,0,0,4,0.0,0.0,0.0,0.0,1.0,0.0,0.0,4,255,1.0,0.0,0.25,0.01,0.0,0.0,0.0,0,125517.0
0,tcp,auth,S0,0,0,0,0,0,0,0,0,0,234,1.0,1.0,0.0,0.0,0.04,0.06,0.0,255,9,0.04,0.07,0.0,0.0,1.0,1.0,0.0,1,55398.0
0,tcp,http,SF,315,12719,0,0,1,0,0,0,0,2,0.0,0.0,0.0,0.0,1.0,0.0,0.0,34,255,1.0,0.0,0.03,0.02,0.0,0.0,0.0,0,29810.0
0,tcp,discard,S0,0,0,0,0,0,0,0,0,0,267,1.0,1.0,0.0,0.0,0.06,0.06,0.0,255,11,0.04,0.05,0.0,0.0,1.0,1.0,0.0,1,40224.0
0,tcp,hostnames,REJ,0,0,0,0,0,0,0,0,0,142,0.0,0.0,1.0,1.0,0.11,0.06,0.0,255,15,0.06,0.06,0.0,0.0,0.0,0.0,1.0,1,122359.0
0,tcp,exec,S0,0,0,0,0,0,0,0,0,0,146,1.0,1.0,0.0,0.0,0.08,0.05,0.0,255,4,0.02,0.06,0.0,0.0,1.0,1.0,0.0,1,42531.0
0,tcp,http,REJ,0,0,0,0,0,0,0,0,0,28,0.0,0.0,0.86,0.86,1.0,0.0,0.0,181,192,1.0,0.0,0.01,0.03,0.01,0.01,0.38,0,62264.0
25,tcp,ftp,SF,317,1054,0,6,1,0,0,0,0,1,0.0,0.0,0.0,0.0,1.0,0.0,0.0,154,38,0.25,0.04,0.01,0.0,0.0,0.0,0.0,0,96588.0
0,tcp,private,S0,0,0,0,0,0,0,0,0,0,251,1.0,1.0,0.0,0.0,0.02,0.06,0.0,255,6,0.02,0.08,0.0,0.0,1.0,1.0,0.0,1,80357.0
0,tcp,http,SF,231,1380,0,0,1,0,0,0,0,3,0.0,0.0,0.0,0.0,1.0,0.0,0.0,255,247,0.97,0.01,0.0,0.0,0.0,0.0,0.0,0,105456.0
0,tcp,http,SF,317,1237,0,0,1,0,0,0,0,2,0.0,0.0,0.0,0.0,1.0,0.0,0.0,22,255,1.0,0.0,0.05,0.02,0.0,0.0,0.0,0,103280.0
0,udp,domain_u,SF,46,76,0,0,0,0,0,0,0,116,0.0,0.0,0.0,0.0,1.0,0.0,0.0,255,255,1.0,0.0,0.01,0.0,0.0,0.0,0.0,0,39453.0
0,tcp,http,REJ,0,0,0,0,0,0,0,0,0,1,0.0,0.0,1.0,1.0,1.0,0.0,0.0,79,233,1.0,0.0,0.01,0.11,0.0,0.0,0.85,0,94698.0
0,udp,domain_u,SF,36,0,0,0,0,0,0,0,0,10,0.0,0.0,0.0,0.0,1.0,0.0,0.18,100,208,1.0,0.0,1.0,0.01,0.0,0.0,0.0,0,88728.0
0,tcp,private,REJ,0,0,0,0,0,0,0,0,0,137,0.0,0.0,1.0,1.0,0.04,0.07,0.0,255,5,0.02,0.07,0.0,0.0,0.0,0.0,1.0,1,79490.0
0,tcp,klogin,S0,0,0,0,0,0,0,0,0,0,122,1.0,1.0,0.0,0.0,0.14,0.06,0.0,255,11,0.04,0.07,0.0,0.0,1.0,1.0,0.0,1,99316.0
0,tcp,private,S0,0,0,0,0,0,0,0,0,0,137,1.0,1.0,0.0,0.0,0.15,0.06,0.0,138,20,0.14,0.07,0.01,0.0,1.0,1.0,0.0,1,52524.0
0,tcp,http,SF,294,495,0,0,1,0,0,0,0,33,0.0,0.0,0.0,0.0,1.0,0.0,0.07,255,255,1.0,0.0,0.0,0.0,0.0,0.0,0.0,0,113734.0
0,tcp,ftp_data,SF,334,0,0,0,1,0,0,0,0,1,0.0,0.0,0.0,0.0,1.0,0.0,0.0,1,23,1.0,0.0,1.0,0.17,0.0,0.0,0.0,1,46243.0
0,tcp,systat,REJ,0,0,0,0,0,0,0,0,0,294,0.0,0.0,1.0,1.0,0.04,0.06,0.0,255,13,0.05,0.07,0.0,0.0,0.0,0.0,1.0,1,18615.0
14,udp,private,SF,105,145,0,0,0,0,0,0,0,2,0.0,0.0,0.0,0.0,1.0,0.0,0.0,255,224,0.88,0.01,0.01,0.0,0.0,0.0,0.0,0,61141.0
0,udp,private,SF,28,0,3,0,0,0,0,0,0,56,0.0,0.0,0.0,0.0,1.0,0.0,0.0,255,56,0.22,0.64,0.22,0.0,0.01,0.0,0.0,1,119456.0
0,udp,domain_u,SF,45,134,0,0,0,0,0,0,0,76,0.0,0.0,0.0,0.0,1.0,0.0,0.01,255,254,1.0,0.01,0.0,0.0,0.0,0.0,0.0,0,87688.0
0,icmp,eco_i,SF,8,0,0,0,0,0,0,0,0,1,0.0,0.0,0.0,0.0,1.0,0.0,1.0,1,9,1.0,0.0,1.0,0.56,0.0,0.0,0.0,1,15435.0
0,tcp,http,S0,0,0,0,0,0,0,0,0,0,2,0.5,0.5,0.0,0.0,1.0,0.0,0.0,29,255,1.0,0.0,0.07,0.01,0.03,0.01,0.0,0,93872.0
0,icmp,urp_i,SF,130,0,0,0,0,0,0,0,0,1,0.0,0.0,0.0,0.0,1.0,0.0,0.0,32,2,0.06,0.06,0.06,0.0,0.0,0.0,0.0,0,47761.0
0,tcp,http,SF,172,1493,0,0,1,0,0,0,0,2,0.0,0.0,0.0,0.0,1.0,0.0,0.0,2,2,1.0,0.0,0.5,0.0,0.0,0.0,0.0,0,116394.0
0,tcp,private,S0,0,0,0,0,0,0,0,0,0,211,1.0,1.0,0.0,0.0,0.04,0.06,0.0,255,13,0.05,0.06,0.0,0.0,1.0,1.0,0.0,1,70928.0
0,tcp,domain,S0,0,0,0,0,0,0,0,0,0,287,1.0,1.0,0.0,0.0,0.02,0.06,0.0,255,6,0.02,0.08,0.0,0.0,1.0,1.0,0.0,1,99283.0
0,tcp,Z39_50,REJ,0,0,0,0,0,0,0,0,0,266,0.0,0.0,1.0,1.0,0.06,0.06,0.0,255,15,0.06,0.08,0.0,0.0,0.0,0.0,1.0,1,79591.0
0,tcp,telnet,S0,0,0,0,0,0,0,0,0,0,29,1.0,1.0,0.0,0.0,0.31,0.07,0.0,255,9,0.04,0.07,0.01,0.0,1.0,1.0,0.0,1,15664.0
0,udp,private,SF,28,0,3,0,0,0,0,0,0,33,0.0,0.0,0.03,0.0,0.97,0.06,0.0,255,32,0.13,0.02,0.13,0.0,0.0,0.0,0.0,1,56829.0
0,tcp,csnet_ns,REJ,0,0,0,0,0,0,0,0,0,103,0.0,0.0,1.0,1.0,0.05,0.06,0.0,255,4,0.02,0.07,0.0,0.0,0.0,0.0,1.0,1,122055.0
0,tcp,domain,S0,0,0,0,0,0,0,0,0,0,233,1.0,1.0,0.0,0.0,0.08,0.06,0.0,255,19,0.07,0.07,0.0,0.0,1.0,1.0,0.0,1,23777.0
0,tcp,auth,S0,0,0,0,0,0,0,0,0,0,257,1.0,1.0,0.0,0.0,0.03,0.05,0.0,255,7,0.03,0.05,0.0,0.0,1.0,1.0,0.0,1,26001.0
0,icmp,ecr_i,SF,1032,0,0,0,0,0,0,0,0,372,0.0,0.0,0.0,0.0,1.0,0.0,0.0,255,255,1.0,0.0,1.0,0.0,0.0,0.0,0.0,1,121249.0
0,icmp,eco_i,SF,8,0,0,0,0,0,0,0,0,1,0.0,0.0,0.0,0.0,1.0,0.0,1.0,1,69,1.0,0.0,1.0,0.51,0.0,0.0,0.0,1,39560.0
0,tcp,Z39_50,REJ,0,0,0,0,0,0,0,0,0,270,0.0,0.0,1.0,1.0,0.05,0.06,0.0,255,14,0.05,0.07,0.0,0.0,0.0,0.0,1.0,1,94516.0
0,tcp,private,S0,0,0,0,0,0,0,0,0,0,111,1.0,1.0,0.0,0.0,0.05,0.06,0.0,255,6,0.02,0.09,0.0,0.0,1.0,1.0,0.0,1,100758.0
0,tcp,csnet_ns,S0,0,0,0,0,0,0,0,0,0,231,1.0,1.0,0.0,0.0,0.01,0.07,0.0,255,2,0.01,0.08,0.0,0.0,1.0,1.0,0.0,1,17967.0
0,tcp,ftp_data,S0,0,0,0,0,0,0,0,0,0,218,1.0,1.0,0.0,0.0,0.1,0.06,0.0,255,21,0.08,0.06,0.0,0.0,1.0,1.0,0.0,1,22288.0
0,tcp,courier,S0,0,0,0,0,0,0,0,0,0,110,1.0,1.0,0.0,0.0,0.15,0.05,0.0,255,17,0.07,0.04,0.0,0.0,1.0,1.0,0.0,1,22013.0
0,tcp,http,SF,211,1242,0,0,1,0,0,0,0,6,0.0,0.0,0.0,0.0,1.0,0.0,0.0,51,255,1.0,0.0,0.02,0.05,0.0,0.0,0.0,0,125885.0
0,tcp,uucp_path,S0,0,0,0,0,0,0,0,0,0,227,1.0,1.0,0.0,0.0,0.02,0.06,0.0,255,5,0.02,0.08,0.0,0.0,1.0,1.0,0.0,1,57671.0
0,tcp,smtp,SF,1063,327,0,0,1,0,0,0,0,1,0.0,0.0,0.0,0.0,1.0,0.0,0.0,177,131,0.68,0.02,0.01,0.02,0.0,0.0,0.02,0,61489.0
0,tcp,private,REJ,0,0,0,0,0,0,0,0,0,447,0.05,0.0,0.94,1.0,0.0,1.0,0.0,255,1,0.0,1.0,0.0,0.0,0.08,0.0,1.0,1,59229.0
0,tcp,http,SF,312,743,0,0,1,0,0,0,0,4,0.0,0.0,0.0,0.0,1.0,0.0,0.0,4,255,1.0,0.0,0.25,0.05,0.0,0.0,0.0,0,78222.0
0,tcp,efs,S0,0,0,0,0,0,0,0,0,0,114,1.0,1.0,0.0,0.0,0.04,0.06,0.0,255,4,0.02,0.06,0.0,0.0,1.0,1.0,0.0,1,6130.0
158,tcp,telnet,SF,1567,3095,0,3,1,4,0,0,0,1,0.0,0.0,0.0,0.0,1.0,0.0,0.0,2,2,1.0,0.0,0.5,0.0,0.0,0.0,0.0,1,99760.0
0,tcp,private,S0,0,0,0,0,0,0,0,0,0,140,1.0,1.0,0.0,0.0,0.08,0.06,0.0,255,11,0.04,0.08,0.0,0.0,1.0,1.0,0.0,1,26871.0
0,udp,domain_u,SF,42,78,0,0,0,0,0,0,0,155,0.0,0.0,0.0,0.0,1.0,0.0,0.0,255,254,1.0,0.01,0.0,0.0,0.0,0.0,0.0,0,114856.0
0,tcp,ftp_data,SF,1376,0,0,0,1,0,0,0,0,1,0.0,0.0,0.0,0.0,1.0,0.0,0.0,255,103,0.4,0.02,0.4,0.0,0.0,0.0,0.0,0,124475.0
0,tcp,uucp_path,S0,0,0,0,0,0,0,0,0,0,194,1.0,1.0,0.0,0.0,0.03,0.07,0.0,255,5,0.02,0.07,0.0,0.0,1.0,1.0,0.0,1,56302.0
0,tcp,private,S0,0,0,0,0,0,0,0,0,0,364,0.05,1.0,0.93,0.0,0.0,1.0,0.0,255,1,0.0,1.0,0.0,0.0,0.07,1.0,0.0,1,75983.0
3,tcp,smtp,SF,1056,330,0,0,1,0,0,0,0,1,0.0,0.0,0.0,0.0,1.0,0.0,1.0,50,164,0.84,0.08,0.02,0.02,0.0,0.0,0.0,0,113821.0
0,tcp,http,SF,286,4566,0,0,1,0,0,0,0,4,0.0,0.0,0.0,0.0,1.0,0.0,0.0,4,255,1.0,0.0,0.25,0.02,0.0,0.0,0.0,0,113649.0
0,tcp,Z39_50,S0,0,0,0,0,0,0,0,0,0,258,1.0,1.0,0.0,0.0,0.07,0.06,0.0,255,19,0.07,0.07,0.0,0.0,1.0,1.0,0.0,1,25843.0
0,icmp,eco_i,SF,8,0,0,0,0,0,0,0,0,1,0.0,0.0,0.0,0.0,1.0,0.0,1.0,1,58,1.0,0.0,1.0,0.52,0.0,0.0,0.0,1,49953.0
0,tcp,private,S0,0,0,0,0,0,0,0,0,0,123,1.0,1.0,0.0,0.0,0.1,0.06,0.0,95,10,0.11,0.12,0.01,0.0,1.0,1.0,0.0,1,65933.0
0,tcp,login,RSTO,0,0,0,0,0,0,0,0,0,119,0.0,0.0,1.0,1.0,0.03,0.07,0.0,255,4,0.02,0.07,0.0,0.0,0.0,0.0,1.0,1,11144.0
0,icmp,ecr_i,SF,1032,0,0,0,0,0,0,0,0,21,0.0,0.0,0.0,0.0,1.0,0.0,0.0,255,255,1.0,0.0,1.0,0.0,0.0,0.0,0.0,1,12736.0
0,tcp,http,SF,281,757,0,0,1,0,0,0,0,1,0.0,0.0,0.0,0.0,1.0,0.0,0.25,35,255,1.0,0.0,0.03,0.05,0.0,0.0,0.0,0,11119.0
0,tcp,private,S0,0,0,0,0,0,0,0,0,0,110,1.0,1.0,0.0,0.0,0.07,0.06,0.0,255,8,0.03,0.08,0.0,0.0,1.0,1.0,0.0,1,69787.0
0,tcp,ftp_data,SF,334,0,0,0,1,0,0,0,0,2,0.0,0.0,0.0,0.0,1.0,0.0,0.0,2,5,1.0,0.0,1.0,0.4,0.0,0.0,0.0,1,106378.0
0,tcp,http,SF,198,283,0,0,1,0,0,0,0,4,0.0,0.0,0.0,0.0,1.0,0.0,0.0,36,255,1.0,0.0,0.03,0.04,0.0,0.0,0.0,0,19637.0
0,tcp,http,SF,233,421,0,0,1,0,0,0,0,21,0.0,0.0,0.0,0.0,1.0,0.0,0.13,255,255,1.0,0.0,0.0,0.0,0.0,0.0,0.0,0,78934.0
0,tcp,http,SF,233,1783,0,0,1,0,0,0,0,6,0.0,0.0,0.0,0.0,1.0,0.0,0.0,255,255,1.0,0.0,0.01,0.0,0.0,0.0,0.0,0,7837.0
0,tcp,uucp,RSTO,0,0,0,0,0,0,0,0,0,114,0.0,0.0,1.0,1.0,0.12,0.07,0.0,255,14,0.05,0.06,0.0,0.0,0.0,0.0,1.0,1,123130.0
0,udp,domain_u,SF,44,125,0,0,0,0,0,0,0,64,0.0,0.0,0.0,0.0,1.0,0.0,0.03,113,212,0.87,0.02,0.87,0.01,0.0,0.0,0.0,0,113876.0
0,tcp,iso_tsap,S0,0,0,0,0,0,0,0,0,0,245,1.0,1.0,0.0,0.0,0.09,0.05,0.0,255,21,0.08,0.06,0.0,0.0,1.0,1.0,0.0,1,63772.0
0,tcp,http,SF,54540,8314,0,2,1,1,0,0,0,4,0.0,0.0,0.25,0.25,1.0,0.0,0.0,43,43,1.0,0.0,0.02,0.0,0.0,0.0,0.28,1,90430.0
0,icmp,eco_i,SF,8,0,0,0,0,0,0,0,0,1,0.0,0.0,0.0,0.0,1.0,0.0,1.0,1,67,1.0,0.0,1.0,0.51,0.0,0.0,0.0,1,6552.0
0,tcp,telnet,RSTO,0,0,0,0,0,0,0,0,0,228,0.0,0.0,1.0,1.0,0.06,0.07,0.0,255,14,0.05,0.09,0.0,0.0,0.0,0.0,1.0,1,101930.0
0,tcp,ftp_data,SF,59,0,0,0,1,0,0,0,0,17,0.0,0.0,0.0,0.0,1.0,0.0,0.0,255,71,0.28,0.02,0.28,0.0,0.0,0.0,0.0,0,56854.0
0,tcp,http,SF,330,10233,0,0,1,0,0,0,0,26,0.0,0.0,0.0,0.0,1.0,0.0,0.07,121,255,1.0,0.0,0.01,0.01,0.0,0.0,0.0,0,113511.0
28,tcp,ftp,SF,1532,4152,0,30,1,0,0,0,0,1,0.0,0.0,0.0,0.0,1.0,0.0,0.0,255,31,0.12,0.02,0.0,0.0,0.0,0.0,0.0,0,123374.0
0,tcp,private,REJ,0,0,0,0,0,0,0,0,0,231,0.0,0.0,1.0,1.0,0.04,0.07,0.0,255,9,0.04,0.07,0.0,0.0,0.0,0.0,1.0,1,107019.0
0,tcp,http,SF,234,13713,0,0,1,0,0,0,0,1,0.0,0.0,0.0,0.0,1.0,0.0,0.0,137,140,1.0,0.0,0.01,0.01,0.0,0.0,0.0,0,52163.0
0,tcp,domain,S0,0,0,0,0,0,0,0,0,0,282,1.0,1.0,0.0,0.0,0.01,0.06,0.0,255,1,0.0,0.07,0.0,0.0,1.0,1.0,0.0,1,23648.0
0,tcp,sql_net,S0,0,0,0,0,0,0,0,0,0,227,1.0,1.0,0.0,0.0,0.09,0.06,0.0,255,14,0.05,0.07,0.0,0.0,1.0,1.0,0.0,1,31514.0
0,tcp,http,SF,313,274,0,0,1,0,0,0,0,11,0.0,0.0,0.0,0.0,1.0,0.0,0.17,255,255,1.0,0.0,0.0,0.0,0.0,0.0,0.0,0,44841.0
0,tcp,http,SF,332,305,0,0,1,0,0,0,0,4,0.0,0.0,0.0,0.0,1.0,0.0,0.0,9,255,1.0,0.0,0.11,0.05,0.0,0.0,0.0,0,91949.0
0,tcp,smtp,SF,1192,331,0,0,1,0,0,0,0,1,0.0,0.0,0.0,0.0,1.0,0.0,1.0,255,125,0.49,0.03,0.0,0.0,0.01,0.02,0.0,0,16378.0
0,tcp,http,SF,292,188,0,0,1,0,0,0,0,3,0.33,0.33,0.0,0.0,1.0,0.0,0.0,255,255,1.0,0.0,0.0,0.0,0.0,0.0,0.0,0,36058.0
0,udp,other,SF,1,0,0,0,0,0,0,0,0,13,0.0,0.0,0.0,0.0,0.08,0.69,0.0,255,1,0.0,0.25,0.7,0.0,0.0,0.0,0.0,1,30359.0
0,tcp,private,REJ,0,0,0,0,0,0,0,0,0,202,0.09,0.0,0.9,1.0,0.0,1.0,0.0,255,1,0.0,0.9,0.0,0.0,0.07,0.0,1.0,1,125771.0
0,tcp,http,SF,214,410,0,0,1,0,0,0,0,2,0.0,0.0,0.0,0.0,1.0,0.0,0.27,255,255,1.0,0.0,0.0,0.0,0.0,0.0,0.0,0,61552.0
0,tcp,http,SF,314,6924,0,0,1,0,0,0,0,21,0.0,0.0,0.0,0.0,1.0,0.0,0.06,215,255,1.0,0.0,0.0,0.01,0.0,0.0,0.0,0,85387.0
0,udp,private,SF,1,0,0,0,0,0,0,0,0,24,0.0,0.0,0.0,0.0,0.38,0.12,0.0,255,9,0.04,0.89,0.12,0.0,0.16,0.0,0.0,1,125151.0
0,udp,domain_u,SF,45,72,0,0,0,0,0,0,0,233,0.0,0.0,0.0,0.0,1.0,0.0,0.01,255,254,1.0,0.01,0.0,0.0,0.0,0.0,0.0,0,122531.0
0,tcp,http,SF,234,1680,0,0,1,0,0,0,0,6,0.0,0.0,0.0,0.0,1.0,0.0,0.13,255,255,1.0,0.0,0.0,0.0,0.0,0.0,0.0,0,48671.0
0,tcp,private,S0,0,0,0,0,0,0,0,0,0,242,1.0,1.0,0.0,0.0,0.06,0.06,0.0,255,3,0.01,0.07,0.0,0.0,1.0,1.0,0.0,1,72293.0
0,tcp,smtp,SF,1535,325,0,0,1,0,0,0,0,1,0.0,0.0,0.0,0.0,1.0,0.0,0.0,21,198,0.9,0.1,0.05,0.03,0.0,0.0,0.0,0,91212.0
0,tcp,private,RSTR,0,0,0,0,0,0,0,0,0,1,0.0,0.0,1.0,1.0,1.0,0.0,0.0,255,1,0.0,0.49,0.97,0.0,0.0,0.0,1.0,1,33768.0
0,tcp,http,SF,170,5572,0,0,1,0,0,0,0,1,0.0,0.0,0.0,0.0,1.0,0.0,0.0,65,65,1.0,0.0,0.02,0.0,0.0,0.0,0.0,0,59914.0
0,tcp,smtp,S0,0,0,0,0,0,0,0,0,0,294,1.0,1.0,0.0,0.0,0.01,0.06,0.0,255,7,0.03,0.07,0.0,0.0,1.0,1.0,0.0,1,118755.0
0,tcp,time,S0,0,0,0,0,0,0,0,0,0,285,1.0,1.0,0.0,0.0,0.01,0.06,0.0,255,3,0.01,0.06,0.0,0.0,1.0,1.0,0.0,1,6041.0
0,tcp,private,REJ,0,0,0,0,0,0,0,0,0,237,0.0,0.0,1.0,1.0,0.05,0.07,0.0,255,13,0.05,0.07,0.0,0.0,0.0,0.0,1.0,1,37254.0
0,udp,other,SF,145,0,0,0,0,0,0,0,0,3,0.0,0.0,0.0,0.0,0.33,0.67,0.0,255,1,0.0,0.17,0.27,0.0,0.0,0.0,0.0,0,76574.0
0,tcp,private,S0,0,0,0,0,0,0,0,0,0,286,1.0,1.0,0.0,0.0,0.06,0.06,0.0,255,5,0.02,0.07,0.0,0.0,1.0,1.0,0.0,1,38533.0
0,udp,domain_u,SF,43,43,0,0,0,0,0,0,0,197,0.0,0.0,0.0,0.0,1.0,0.0,0.0,255,255,1.0,0.0,0.0,0.0,0.0,0.0,0.0,0,62575.0
2,tcp,ftp_data,SF,2194619,0,0,0,1,0,0,0,0,2,0.0,0.0,0.0,0.0,1.0,0.0,0.0,74,102,0.74,0.05,0.74,0.03,0.0,0.0,0.0,0,107985.0
0,tcp,http,SF,203,247,0,0,1,0,0,0,0,20,0.0,0.0,0.0,0.0,1.0,0.0,0.1,165,255,1.0,0.0,0.01,0.03,0.0,0.0,0.0,0,119104.0
0,udp,domain_u,SF,45,127,0,0,0,0,0,0,0,20,0.0,0.0,0.0,0.0,1.0,0.0,0.02,255,254,1.0,0.01,0.0,0.0,0.0,0.0,0.0,0,55651.0
0,tcp,uucp_path,S0,0,0,0,0,0,0,0,0,0,192,1.0,1.0,0.0,0.0,0.01,0.07,0.0,255,2,0.01,0.09,0.0,0.0,1.0,1.0,0.0,1,7125.0
0,tcp,http,SF,298,2507,0,0,1,0,0,0,0,4,0.0,0.0,0.0,0.0,1.0,0.0,0.0,255,252,0.99,0.01,0.0,0.0,0.0,0.0,0.0,0,14840.0
0,tcp,finger,S0,0,0,0,0,0,0,0,0,0,76,1.0,1.0,0.0,0.0,0.26,0.05,0.0,255,57,0.22,0.02,0.02,0.0,1.0,1.0,0.0,1,105951.0
0,tcp,http,SF,314,659,0,0,1,0,0,0,0,36,0.0,0.0,0.0,0.0,1.0,0.0,0.06,255,255,1.0,0.0,0.0,0.0,0.0,0.0,0.0,0,44186.0
0,udp,domain_u,SF,45,73,0,0,0,0,0,0,0,216,0.0,0.0,0.0,0.0,1.0,0.01,0.0,255,240,0.94,0.02,0.0,0.0,0.0,0.0,0.0,0,79879.0
0,tcp,netbios_dgm,S0,0,0,0,0,0,0,0,0,0,244,1.0,1.0,0.0,0.0,0.07,0.06,0.0,255,19,0.07,0.07,0.0,0.0,1.0,1.0,0.0,1,16958.0
5,tcp,smtp,SF,1443,333,0,0,1,0,0,0,0,1,0.0,0.0,0.0,0.0,1.0,0.0,1.0,137,152,0.61,0.03,0.01,0.01,0.0,0.0,0.0,0,24967.0
0,tcp,private,S0,0,0,0,0,0,0,0,0,0,300,1.0,1.0,0.0,0.0,0.01,0.06,0.0,255,2,0.01,0.07,0.0,0.0,1.0,1.0,0.0,1,62600.0
0,udp,domain_u,SF,45,136,0,0,0,0,0,0,0,259,0.0,0.0,0.0,0.0,1.0,0.0,0.0,255,251,0.98,0.01,0.0,0.0,0.0,0.0,0.0,0,36358.0
0,tcp,private,REJ,0,0,0,0,0,0,0,0,0,80,0.0,0.0,1.0,1.0,0.17,0.06,0.0,255,14,0.05,0.07,0.0,0.0,0.0,0.0,1.0,1,42991.0
0,tcp,smtp,SF,1105,332,0,0,1,0,0,0,0,1,0.0,0.0,0.0,0.0,1.0,0.0,0.0,33,101,0.67,0.12,0.03,0.02,0.0,0.0,0.0,0,9899.0
0,tcp,private,S0,0,0,0,0,0,0,0,0,0,242,1.0,1.0,0.0,0.0,0.1,0.06,0.0,255,25,0.1,0.06,0.0,0.0,1.0,1.0,0.0,1,79375.0
0,tcp,other,REJ,0,0,0,0,0,0,0,0,0,511,0.05,0.0,0.95,1.0,0.0,0.96,0.0,255,1,0.0,1.0,0.0,0.0,0.01,0.0,1.0,1,54684.0
0,tcp,http,SF,345,1610,0,0,1,0,0,0,0,7,0.0,0.0,0.0,0.0,1.0,0.0,0.0,204,255,1.0,0.0,0.0,0.01,0.0,0.0,0.0,0,109412.0
0,tcp,private,S0,0,0,0,0,0,0,0,0,0,249,1.0,1.0,0.0,0.0,0.04,0.06,0.0,255,10,0.04,0.1,0.0,0.0,1.0,1.0,0.0,1,122072.0
0,tcp,private,S0,0,0,0,0,0,0,0,0,0,194,1.0,1.0,0.0,0.0,0.08,0.06,0.0,255,6,0.02,0.08,0.0,0.0,1.0,1.0,0.0,1,94744.0
179,tcp,http,SF,294,256,0,0,1,0,0,0,0,2,0.0,0.0,0.0,0.0,1.0,0.0,0.0,255,246,0.96,0.01,0.0,0.0,0.0,0.0,0.0,0,66098.0
0,tcp,sunrpc,S0,0,0,0,0,0,0,0,0,0,280,1.0,1.0,0.0,0.0,0.01,0.05,0.0,255,3,0.01,0.05,0.0,0.0,1.0,1.0,0.0,1,69761.0
0,tcp,http,SF,306,2698,0,0,1,0,0,0,1,4,0.0,0.0,0.0,0.0,1.0,0.0,0.0,255,228,0.89,0.02,0.0,0.0,0.0,0.0,0.0,0,30463.0
0,tcp,exec,S0,0,0,0,0,0,0,0,0,0,96,1.0,1.0,0.0,0.0,0.14,0.07,0.0,255,13,0.05,0.06,0.0,0.0,1.0,1.0,0.0,1,46041.0
0,tcp,smtp,SF,1324,300,0,0,1,0,0,0,0,1,0.0,0.0,0.0,0.0,1.0,0.0,0.0,241,67,0.24,0.29,0.0,0.03,0.0,0.0,0.0,0,38243.0
0,tcp,private,S0,0,0,0,0,0,0,0,0,0,253,1.0,1.0,0.0,0.0,0.02,0.06,0.0,255,20,0.08,0.07,0.0,0.0,1.0,1.0,0.0,1,14250.0
0,tcp,http,SF,255,455,0,0,1,0,0,0,0,4,0.0,0.0,0.0,0.0,1.0,0.0,0.5,255,255,1.0,0.0,0.0,0.0,0.0,0.0,0.0,0,114010.0
0,tcp,http,SF,193,32944,0,0,1,0,0,0,0,2,0.0,0.0,0.0,0.0,1.0,0.0,0.0,1,1,1.0,0.0,1.0,0.0,0.0,0.0,0.0,0,77334.0
0,udp,domain_u,SF,42,108,0,0,0,0,0,0,0,1,0.0,0.0,0.0,0.0,1.0,0.0,0.0,81,213,0.84,0.02,0.84,0.01,0.0,0.0,0.0,0,63116.0
0,tcp,http,SF,183,3948,0,0,1,0,0,0,0,1,0.0,0.0,0.0,0.0,1.0,0.0,1.0,5,255,1.0,0.0,0.2,0.02,0.0,0.0,0.0,0,116979.0
0,tcp,http,SF,235,4280,0,0,1,0,0,0,0,7,0.0,0.0,0.0,0.0,1.0,0.0,0.06,14,255,1.0,0.0,0.07,0.04,0.0,0.0,0.0,0,36363.0
0,udp,domain_u,SF,42,124,0,0,0,0,0,0,0,66,0.0,0.0,0.0,0.0,1.0,0.0,0.01,255,252,0.99,0.01,0.0,0.0,0.0,0.0,0.0,0,48832.0
0,tcp,http,RSTO,0,0,0,0,1,0,0,0,0,3,0.0,0.0,0.33,0.08,1.0,0.0,0.38,255,255,1.0,0.0,0.01,0.0,0.0,0.0,0.0,0,61855.0
0,tcp,http,SF,266,7570,0,0,1,0,0,0,0,4,0.0,0.0,0.25,0.08,1.0,0.0,0.15,4,255,1.0,0.0,0.25,0.02,0.0,0.0,0.0,0,8570.0
0,tcp,http,SF,322,1214,0,0,1,0,0,0,0,10,0.0,0.0,0.0,0.0,1.0,0.0,0.21,73,255,1.0,0.0,0.01,0.03,0.0,0.0,0.0,0,125706.0
0,tcp,private,S0,0,0,0,0,0,0,0,0,0,128,1.0,1.0,0.0,0.0,0.06,0.05,0.0,255,8,0.03,0.07,0.0,0.0,1.0,1.0,0.0,1,16744.0
2,tcp,smtp,SF,1251,373,0,0,1,0,0,0,0,1,0.0,0.0,0.0,0.0,1.0,0.0,1.0,21,109,1.0,0.0,0.05,0.02,0.0,0.0,0.03,0,79285.0
4025,udp,other,SF,146,105,0,0,0,0,0,0,0,5,0.0,0.0,0.0,0.0,0.2,0.6,0.0,255,3,0.01,0.47,0.91,0.0,0.0,0.0,0.0,0,72846.0
0,tcp,http,SF,323,268,0,0,1,0,0,0,0,13,0.0,0.0,0.0,0.0,1.0,0.0,0.0,255,249,0.98,0.01,0.0,0.0,0.0,0.0,0.0,0,73264.0
0,tcp,ftp_data,S1,13140,0,0,0,1,0,0,0,0,14,0.07,0.33,0.0,0.0,0.21,0.86,0.0,123,19,0.12,0.11,0.21,0.11,0.01,0.05,0.0,0,71520.0
0,tcp,http,SF,323,1444,0,0,1,0,0,0,0,7,0.0,0.0,0.0,0.0,1.0,0.0,0.0,255,255,1.0,0.0,0.0,0.0,0.0,0.0,0.0,0,79973.0
0,tcp,login,S0,0,0,0,0,0,0,0,0,0,134,1.0,1.0,0.0,0.0,0.14,0.07,0.0,255,2,0.01,0.07,0.0,0.0,1.0,1.0,0.0,1,1738.0
0,icmp,eco_i,SF,18,0,0,0,0,0,0,0,0,1,0.0,0.0,0.0,0.0,1.0,0.0,0.0,4,64,1.0,0.0,1.0,0.25,0.0,0.0,0.0,1,44399.0
0,tcp,http,SF,221,944,0,0,1,0,0,0,0,2,0.0,0.0,0.0,0.0,1.0,0.0,0.0,15,255,1.0,0.0,0.07,0.03,0.0,0.0,0.0,0,5020.0
0,tcp,ftp_data,SF,11,0,0,0,0,0,0,0,0,1,0.0,0.0,0.0,0.0,1.0,0.0,0.0,255,53,0.21,0.02,0.21,0.0,0.4,0.0,0.0,0,4799.0
0,udp,domain_u,SF,42,72,0,0,0,0,0,0,0,226,0.0,0.0,0.0,0.0,1.0,0.0,0.0,255,255,1.0,0.0,0.01,0.0,0.0,0.0,0.0,0,17157.0
0,tcp,daytime,S0,0,0,0,0,0,0,0,0,0,234,1.0,1.0,0.0,0.0,0.02,0.06,0.0,255,5,0.02,0.06,0.0,0.0,1.0,1.0,0.0,1,9739.0
0,udp,domain_u,SF,42,42,0,0,0,0,0,0,0,6,0.0,0.0,0.0,0.0,1.0,0.0,0.17,255,250,0.98,0.01,0.0,0.0,0.0,0.0,0.0,0,31834.0
0,tcp,http,SF,239,362,0,0,1,0,0,0,0,35,0.0,0.0,0.0,0.0,1.0,0.0,0.07,255,255,1.0,0.0,0.0,0.0,0.0,0.0,0.0,0,36814.0
0,tcp,courier,S0,0,0,0,0,0,0,0,0,0,113,1.0,1.0,0.0,0.0,0.04,0.07,0.0,255,5,0.02,0.07,0.0,0.0,1.0,1.0,0.0,1,116295.0
0,tcp,private,S0,0,0,0,0,0,0,0,0,0,101,1.0,1.0,0.0,0.0,0.01,0.07,0.0,98,1,0.01,0.09,0.01,0.0,1.0,1.0,0.0,1,63726.0
0,tcp,http,SF,322,1364,0,0,1,0,0,0,0,6,0.0,0.0,0.0,0.0,1.0,0.0,0.11,54,255,1.0,0.0,0.02,0.02,0.0,0.0,0.0,0,63460.0
0,tcp,http,SF,300,1260,0,0,1,0,0,0,0,13,0.0,0.0,0.0,0.0,1.0,0.0,0.0,13,255,1.0,0.0,0.08,0.08,0.0,0.01,0.0,0,28605.0
0,tcp,pop_2,S0,0,0,0,0,0,0,0,0,0,264,1.0,1.0,0.0,0.0,0.02,0.06,0.0,255,6,0.02,0.07,0.0,0.0,1.0,1.0,0.0,1,73715.0
0,tcp,http,SF,235,259,0,0,1,0,0,0,0,2,0.0,0.0,0.0,0.0,1.0,0.0,0.0,59,184,1.0,0.0,0.02,0.03,0.0,0.0,0.0,0,45017.0
0,tcp,hostnames,S0,0,0,0,0,0,0,0,0,0,292,1.0,1.0,0.0,0.0,0.0,0.06,0.0,255,1,0.0,0.07,0.0,0.0,1.0,1.0,0.0,1,18026.0
0,tcp,courier,S0,0,0,0,0,0,0,0,0,0,143,1.0,1.0,0.0,0.0,0.09,0.06,0.0,255,6,0.02,0.08,0.0,0.0,1.0,1.0,0.0,1,119014.0
0,tcp,name,S0,0,0,0,0,0,0,0,0,0,294,1.0,1.0,0.0,0.0,0.08,0.05,0.0,255,23,0.09,0.05,0.0,0.0,1.0,1.0,0.0,1,69095.0
0,tcp,other,SF,61298,0,0,0,1,0,0,0,0,7,0.14,0.0,0.0,0.0,0.14,0.71,0.0,79,1,0.01,0.09,0.24,0.0,0.03,0.0,0.0,0,112953.0
0,tcp,private,S0,0,0,0,0,0,0,0,0,0,103,1.0,1.0,0.0,0.0,0.04,0.06,0.0,255,7,0.03,0.06,0.0,0.0,1.0,1.0,0.0,1,91459.0
0,tcp,auth,S0,0,0,0,0,0,0,0,0,0,277,1.0,1.0,0.0,0.0,0.09,0.04,0.0,255,25,0.1,0.05,0.0,0.0,1.0,1.0,0.0,1,84113.0
0,tcp,http,SF,309,6987,0,0,1,0,0,0,0,8,0.0,0.0,0.0,0.0,1.0,0.0,0.22,145,255,1.0,0.0,0.01,0.02,0.0,0.0,0.0,0,33920.0
0,tcp,ftp_data,SF,95,0,0,0,0,0,0,0,0,3,0.0,0.0,0.0,0.0,1.0,0.0,0.0,255,58,0.23,0.02,0.23,0.0,0.38,0.0,0.0,0,54732.0
0,tcp,http,SF,284,3792,0,0,1,0,0,0,0,3,0.0,0.0,0.0,0.0,1.0,0.0,0.25,46,255,1.0,0.0,0.02,0.01,0.0,0.0,0.0,0,112431.0
0,udp,domain_u,SF,44,134,0,0,0,0,0,0,0,6,0.0,0.0,0.0,0.0,1.0,0.0,0.03,255,175,0.69,0.01,0.0,0.0,0.0,0.0,0.0,0,45294.0
0,tcp,http,SF,200,654,0,0,1,0,0,0,0,21,0.0,0.0,0.0,0.0,1.0,0.0,0.06,63,255,1.0,0.0,0.02,0.03,0.0,0.0,0.0,0,84188.0
2,tcp,private,RSTR,0,0,0,0,0,0,0,0,0,373,0.0,0.0,1.0,1.0,0.01,0.52,0.0,255,2,0.01,0.52,1.0,0.0,0.0,0.0,1.0,1,94186.0
0,tcp,private,S0,0,0,0,0,0,0,0,0,0,221,1.0,1.0,0.0,0.0,0.07,0.06,0.0,255,7,0.03,0.07,0.0,0.0,1.0,1.0,0.0,1,76968.0
0,tcp,http,SF,310,22344,0,0,1,0,0,0,0,1,0.0,0.0,0.0,0.0,1.0,0.0,0.27,23,255,1.0,0.0,0.04,0.04,0.0,0.0,0.0,0,120132.0
0,tcp,http,SF,237,1371,0,0,1,0,0,0,0,24,0.0,0.0,0.0,0.0,1.0,0.0,0.18,213,255,1.0,0.0,0.0,0.01,0.0,0.0,0.0,0,29023.0
0,udp,domain_u,SF,46,132,0,0,0,0,0,0,0,115,0.0,0.0,0.0,0.0,1.0,0.0,0.0,255,254,1.0,0.01,0.0,0.0,0.0,0.0,0.0,0,82976.0
0,udp,domain_u,SF,44,130,0,0,0,0,0,0,0,66,0.0,0.0,0.0,0.0,1.0,0.0,0.01,255,254,1.0,0.01,0.0,0.0,0.0,0.0,0.0,0,82514.0
5,tcp,smtp,SF,1719,369,0,0,1,0,0,0,0,1,0.0,0.0,0.0,0.0,1.0,0.0,0.0,103,226,0.9,0.03,0.01,0.01,0.0,0.0,0.0,0,23137.0
0,tcp,http,SF,295,36055,0,0,1,0,0,0,0,4,0.25,0.25,0.0,0.0,1.0,0.0,0.0,255,255,1.0,0.0,0.0,0.0,0.0,0.0,0.0,0,55932.0
0,tcp,time,S0,0,0,0,0,0,0,0,0,0,294,1.0,1.0,0.0,0.0,0.09,0.05,0.0,255,25,0.1,0.05,0.0,0.0,1.0,1.0,0.0,1,41535.0
0,tcp,http,SF,210,1198,0,0,1,0,0,0,0,2,0.0,0.0,0.0,0.0,1.0,0.0,0.0,2,255,1.0,0.0,0.5,0.01,0.0,0.0,0.0,0,32917.0
0,tcp,sunrpc,S0,0,0,0,0,0,0,0,0,0,245,1.0,1.0,0.0,0.0,0.07,0.07,0.0,255,16,0.06,0.07,0.0,0.0,1.0,1.0,0.0,1,53570.0
0,tcp,http,SF,290,1704,0,0,1,0,0,0,0,9,0.0,0.0,0.0,0.0,1.0,0.0,0.2,20,255,1.0,0.0,0.05,0.02,0.0,0.0,0.0,0,1108.0
0,tcp,imap4,S0,0,0,0,0,0,0,0,0,0,146,1.0,1.0,0.0,0.0,0.12,0.06,0.0,255,2,0.01,0.08,0.0,0.0,1.0,1.0,0.0,1,86019.0
0,tcp,http_443,REJ,0,0,0,0,0,0,0,0,0,147,0.0,0.0,1.0,1.0,0.12,0.05,0.0,255,18,0.07,0.06,0.0,0.0,0.0,0.0,1.0,1,96764.0
2,tcp,smtp,SF,901,279,0,0,1,0,0,0,0,1,0.0,0.0,0.0,0.0,1.0,0.0,0.0,101,80,0.79,0.06,0.01,0.0,0.0,0.0,0.0,0,53980.0
0,tcp,private,S0,0,0,0,0,0,0,0,0,0,218,1.0,1.0,0.0,0.0,0.05,0.06,0.0,255,10,0.04,0.08,0.0,0.0,1.0,1.0,0.0,1,35869.0
0,udp,private,SF,28,0,3,0,0,0,0,0,0,26,0.0,0.0,0.0,0.0,1.0,0.0,0.0,255,26,0.1,0.02,0.1,0.0,0.0,0.0,0.0,1,41810.0
1985,udp,other,SF,147,105,0,0,0,0,0,0,0,2,0.0,0.0,0.0,0.0,1.0,0.0,0.0,255,2,0.01,0.86,1.0,0.0,0.0,0.0,0.0,0,40983.0
0,udp,domain_u,SF,43,43,0,0,0,0,0,0,0,199,0.0,0.0,0.0,0.0,1.0,0.0,0.0,255,255,1.0,0.0,0.01,0.0,0.0,0.0,0.0,0,121740.0
0,tcp,http,SF,235,1075,0,0,1,0,0,0,0,4,0.0,0.0,0.0,0.0,1.0,0.0,0.0,255,252,0.99,0.01,0.0,0.0,0.0,0.0,0.0,0,107680.0
0,udp,domain_u,SF,45,75,0,0,0,0,0,0,0,303,0.0,0.0,0.0,0.0,1.0,0.0,0.0,255,254,1.0,0.01,0.0,0.0,0.0,0.0,0.0,0,109653.0
0,tcp,http,SF,213,183,0,0,1,0,0,0,0,2,0.0,0.0,0.0,0.0,1.0,0.0,0.67,255,255,1.0,0.0,0.0,0.0,0.0,0.0,0.0,0,109089.0
0,tcp,http,SF,318,382,0,0,1,0,0,0,0,3,0.0,0.0,0.0,0.0,1.0,0.0,0.0,31,255,1.0,0.0,0.03,0.04,0.0,0.0,0.0,0,70281.0
0,tcp,smtp,SF,1025,333,0,0,1,0,0,0,0,1,0.0,0.0,0.0,0.0,1.0,0.0,0.0,9,200,0.89,0.22,0.11,0.01,0.0,0.0,0.0,0,10383.0
0,tcp,http,RSTR,53168,7300,0,1,1,0,0,0,0,5,0.0,0.0,0.2,0.2,1.0,0.0,0.0,255,255,1.0,0.0,0.0,0.0,0.0,0.0,0.06,1,106392.0
1,tcp,smtp,SF,1509,331,0,0,1,0,0,0,0,1,0.0,0.0,0.0,0.0,1.0,0.0,1.0,130,120,0.52,0.04,0.01,0.02,0.0,0.0,0.0,0,48072.0
0,tcp,time,S0,0,0,0,0,0,0,0,0,0,226,1.0,1.0,0.0,0.0,0.02,0.06,0.0,255,13,0.05,0.06,0.0,0.0,1.0,1.0,0.0,1,22863.0
0,udp,domain_u,SF,44,131,0,0,0,0,0,0,0,69,0.0,0.0,0.0,0.0,1.0,0.0,0.01,255,254,1.0,0.01,0.0,0.0,0.0,0.0,0.0,0,95863.0
0,tcp,private,S0,0,0,0,0,0,0,0,0,0,260,1.0,1.0,0.0,0.0,0.02,0.07,0.0,255,6,0.02,0.06,0.0,0.0,1.0,1.0,0.0,1,29387.0
0,tcp,supdup,S0,0,0,0,0,0,0,0,0,0,295,1.0,1.0,0.0,0.0,0.06,0.05,0.0,255,19,0.07,0.06,0.0,0.0,1.0,1.0,0.0,1,20377.0
3,tcp,smtp,SF,705,329,0,0,1,0,0,0,0,1,0.0,0.0,0.0,0.0,1.0,0.0,1.0,109,184,0.72,0.06,0.01,0.01,0.0,0.0,0.0,0,3930.0
0,tcp,private,S0,0,0,0,0,0,0,0,0,0,95,1.0,1.0,0.0,0.0,0.12,0.06,0.0,255,8,0.03,0.08,0.0,0.0,1.0,1.0,0.0,1,48182.0
0,tcp,private,S0,0,0,0,0,0,0,0,0,0,131,1.0,1.0,0.0,0.0,0.08,0.06,0.0,186,11,0.06,0.06,0.01,0.0,1.0,1.0,0.0,1,4067.0
0,tcp,http,SF,351,2999,0,0,1,0,0,0,0,1,0.0,0.0,0.0,0.0,1.0,0.0,0.25,27,255,1.0,0.0,0.04,0.04,0.0,0.0,0.0,0,75471.0
0,tcp,http,SF,220,9768,0,0,1,0,0,0,0,14,0.0,0.0,0.0,0.0,1.0,0.0,0.12,79,255,1.0,0.0,0.01,0.09,0.0,0.0,0.0,0,10778.0
0,tcp,http,SF,225,3876,0,0,1,0,0,0,0,4,0.0,0.0,0.0,0.0,1.0,0.0,0.14,180,255,1.0,0.0,0.01,0.02,0.01,0.01,0.0,0,11814.0
0,tcp,netbios_ssn,S0,0,0,0,0,0,0,0,0,0,14,1.0,1.0,0.0,0.0,0.36,0.43,0.0,255,5,0.02,0.09,0.0,0.0,1.0,1.0,0.0,1,90337.0
0,tcp,http,SF,337,398,0,0,1,0,0,0,0,5,0.0,0.0,0.0,0.0,1.0,0.0,0.29,255,255,1.0,0.0,0.0,0.0,0.0,0.0,0.0,0,68280.0
0,tcp,http,SF,299,1404,0,0,1,0,0,0,0,15,0.07,0.07,0.0,0.0,1.0,0.0,0.0,255,255,1.0,0.0,0.0,0.0,0.0,0.0,0.0,0,121152.0
0,tcp,efs,S0,0,0,0,0,0,0,0,0,0,145,1.0,1.0,0.0,0.0,0.12,0.06,0.0,255,17,0.07,0.06,0.0,0.0,1.0,1.0,0.0,1,115433.0
0,tcp,supdup,S0,0,0,0,0,0,0,0,0,0,291,1.0,1.0,0.0,0.0,0.05,0.06,0.0,255,3,0.01,0.11,0.0,0.0,1.0,1.0,0.0,1,65140.0
0,tcp,http,SF,322,1938,0,0,1,0,0,0,0,2,0.0,0.0,0.0,0.0,1.0,0.0,0.8,36,255,1.0,0.0,0.03,0.06,0.0,0.0,0.0,0,124264.0
0,udp,other,SF,1,0,0,0,0,0,0,0,0,10,0.0,0.0,0.0,0.0,0.1,0.5,0.0,255,1,0.0,0.24,1.0,0.0,0.0,0.0,0.0,1,122022.0
0,tcp,http,SF,229,774,0,0,1,0,0,0,0,24,0.0,0.0,0.0,0.0,1.0,0.0,0.08,255,255,1.0,0.0,0.0,0.0,0.0,0.0,0.0,0,105055.0
0,tcp,http,SF,307,3222,0,0,1,0,0,0,0,1,0.0,0.0,0.0,0.0,1.0,0.0,0.0,255,254,1.0,0.01,0.0,0.0,0.0,0.0,0.0,0,31141.0
2713,udp,other,SF,147,105,0,0,0,0,0,0,0,5,0.0,0.0,0.0,0.0,0.4,0.6,0.0,255,2,0.01,0.84,1.0,0.0,0.0,0.0,0.0,0,68130.0
29,tcp,ftp,SF,883,2713,0,19,1,0,0,0,0,1,0.0,0.0,0.0,0.0,1.0,0.0,0.0,137,34,0.25,0.04,0.01,0.0,0.0,0.0,0.0,0,82494.0
0,icmp,ecr_i,SF,1032,0,0,0,0,0,0,0,0,511,0.0,0.0,0.0,0.0,1.0,0.0,0.0,255,212,0.83,0.1,0.83,0.0,0.0,0.0,0.0,1,1886.0
0,tcp,private,S0,0,0,0,0,0,0,0,0,0,272,1.0,1.0,0.0,0.0,0.0,0.06,0.0,255,18,0.07,0.07,0.0,0.0,1.0,1.0,0.0,1,109132.0
0,tcp,private,REJ,0,0,0,0,0,0,0,0,0,194,0.0,0.0,1.0,1.0,0.1,0.07,0.0,255,19,0.07,0.08,0.0,0.0,0.0,0.0,1.0,1,113118.0
0,tcp,http,SF,235,367,0,0,1,0,0,0,0,15,0.0,0.0,0.0,0.0,1.0,0.0,0.0,255,255,1.0,0.0,0.0,0.0,0.0,0.0,0.0,0,40835.0
0,tcp,uucp,S0,0,0,0,0,0,0,0,0,0,112,1.0,1.0,0.0,0.0,0.11,0.06,0.0,255,3,0.01,0.07,0.0,0.0,1.0,1.0,0.0,1,59693.0
0,tcp,ftp_data,SF,10073,0,0,0,0,0,0,0,0,15,0.0,0.0,0.0,0.0,1.0,0.0,0.0,155,65,0.42,0.03,0.42,0.0,0.0,0.0,0.0,0,7961.0
0,tcp,private,S0,0,0,0,0,0,0,0,0,0,113,1.0,1.0,0.0,0.0,0.03,0.07,0.0,255,13,0.05,0.07,0.0,0.0,1.0,1.0,0.0,1,125966.0
0,tcp,private,S0,0,0,0,0,0,0,0,0,0,284,1.0,1.0,0.0,0.0,0.06,0.05,0.0,255,17,0.07,0.07,0.0,0.0,1.0,1.0,0.0,1,46145.0
0,udp,domain_u,SF,45,115,0,0,0,0,0,0,0,1,0.0,0.0,0.0,0.0,1.0,0.0,1.0,35,31,0.89,0.06,0.03,0.0,0.0,0.0,0.0,0,91077.0
0,tcp,login,S0,0,0,0,0,0,0,0,0,0,140,1.0,1.0,0.0,0.0,0.06,0.06,0.0,255,8,0.03,0.06,0.0,0.0,1.0,1.0,0.0,1,91940.0
0,tcp,smtp,SF,1512,325,0,0,1,0,0,0,0,1,0.0,0.0,0.0,0.0,1.0,0.0,0.0,208,126,0.45,0.02,0.0,0.02,0.0,0.0,0.0,0,88886.0
0,tcp,ldap,REJ,0,0,0,0,0,0,0,0,0,126,0.0,0.0,1.0,1.0,0.14,0.07,0.0,250,18,0.07,0.06,0.0,0.0,0.0,0.0,1.0,1,14368.0
11,udp,private,SF,105,146,0,0,0,0,0,0,0,2,0.0,0.0,0.0,0.0,1.0,0.0,0.0,255,235,0.92,0.01,0.01,0.0,0.0,0.0,0.0,0,16094.0
0,icmp,urp_i,SF,183,0,0,0,0,0,0,0,0,2,0.0,0.0,0.0,0.0,0.5,1.0,0.0,244,12,0.05,0.01,0.06,0.0,0.0,0.0,0.0,0,61942.0
0,tcp,http,SF,288,588,0,0,1,0,0,0,0,11,0.0,0.0,0.0,0.0,1.0,0.0,0.0,255,255,1.0,0.0,0.0,0.0,0.0,0.0,0.0,0,101655.0
0,tcp,finger,S0,0,0,0,0,0,0,0,0,0,133,1.0,1.0,0.0,0.0,0.14,0.07,0.0,255,18,0.07,0.08,0.0,0.0,1.0,1.0,0.0,1,62922.0
0,tcp,http,SF,246,497,0,0,1,0,0,0,0,2,0.0,0.0,0.0,0.0,1.0,0.0,0.0,4,255,1.0,0.0,0.25,0.02,0.25,0.0,0.0,0,51651.0
0,tcp,http,SF,310,11848,0,0,1,0,0,0,0,4,0.0,0.0,0.0,0.0,1.0,0.0,0.0,4,255,1.0,0.0,0.25,0.04,0.0,0.01,0.0,0,25947.0
0,tcp,ftp_data,SF,641,0,0,0,0,0,0,0,0,2,0.0,0.0,0.0,0.0,1.0,0.0,0.0,255,119,0.47,0.01,0.47,0.0,0.0,0.01,0.0,0,45930.0
0,tcp,finger,S0,0,0,0,0,0,0,0,0,0,282,1.0,1.0,0.0,0.0,0.02,0.06,0.0,255,7,0.03,0.07,0.0,0.0,1.0,1.0,0.0,1,124280.0
0,icmp,eco_i,SF,8,0,0,0,0,0,0,0,0,1,0.0,0.0,0.0,0.0,1.0,0.0,1.0,2,84,1.0,0.0,1.0,0.5,0.0,0.0,0.0,1,46316.0
0,tcp,http,S0,0,0,0,0,0,0,0,0,0,77,1.0,1.0,0.0,0.0,0.26,0.05,0.0,255,63,0.25,0.02,0.02,0.0,1.0,1.0,0.0,1,93875.0
0,tcp,exec,S0,0,0,0,0,0,0,0,0,0,141,1.0,1.0,0.0,0.0,0.13,0.05,0.0,255,18,0.07,0.05,0.0,0.0,1.0,1.0,0.0,1,64355.0
0,tcp,private,S0,0,0,0,0,0,0,0,0,0,225,1.0,1.0,0.0,0.0,0.06,0.04,0.0,255,14,0.05,0.05,0.0,0.0,1.0,1.0,0.0,1,12361.0
0,udp,domain_u,SF,46,129,0,0,0,0,0,0,0,212,0.0,0.0,0.0,0.0,1.0,0.01,0.0,101,68,0.67,0.02,0.01,0.0,0.0,0.0,0.0,0,41466.0
0,udp,domain_u,SF,46,86,0,0,0,0,0,0,0,247,0.0,0.0,0.0,0.0,1.0,0.01,0.01,255,254,1.0,0.01,0.0,0.0,0.0,0.0,0.0,0,23951.0
0,tcp,whois,S0,0,0,0,0,0,0,0,0,0,287,1.0,1.0,0.0,0.0,0.03,0.06,0.0,255,13,0.05,0.07,0.0,0.0,1.0,1.0,0.0,1,99909.0
0,tcp,private,S0,0,0,0,0,0,0,0,0,0,186,1.0,1.0,0.0,0.0,0.07,0.06,0.0,255,3,0.01,0.07,0.0,0.0,1.0,1.0,0.0,1,96028.0
0,tcp,http,SF,316,292,0,0,1,0,0,0,0,8,0.0,0.0,0.0,0.0,1.0,0.0,0.0,217,255,1.0,0.0,0.0,0.01,0.0,0.0,0.0,0,8057.0
0,tcp,http,SF,192,318,0,0,1,0,0,0,0,8,0.0,0.0,0.0,0.0,1.0,0.0,0.0,255,255,1.0,0.0,0.0,0.0,0.0,0.0,0.0,0,90484.0
0,udp,domain_u,SF,44,74,0,0,0,0,0,0,0,248,0.0,0.0,0.0,0.0,1.0,0.0,0.0,255,254,1.0,0.01,0.0,0.0,0.0,0.0,0.0,0,6597.0
0,tcp,private,S0,0,0,0,0,0,0,0,0,0,137,1.0,1.0,0.0,0.0,0.05,0.06,0.0,255,5,0.02,0.06,0.0,0.0,1.0,1.0,0.0,1,110027.0
0,udp,domain_u,SF,44,129,0,0,0,0,0,0,0,67,0.0,0.0,0.0,0.0,1.0,0.0,0.01,255,254,1.0,0.01,0.0,0.0,0.0,0.0,0.0,0,14799.0
0,tcp,http,SF,206,1189,0,0,1,0,0,0,0,8,0.0,0.0,0.0,0.0,1.0,0.0,0.3,127,255,1.0,0.0,0.01,0.03,0.0,0.0,0.0,0,118138.0
0,tcp,private,RSTR,0,0,0,0,0,0,0,0,0,1,0.0,0.0,1.0,1.0,1.0,0.0,0.0,255,1,0.0,0.65,0.64,0.0,0.0,0.0,1.0,1,25823.0
0,tcp,http,REJ,0,0,0,0,0,0,0,0,0,1,0.0,0.0,1.0,0.33,1.0,0.0,0.67,4,213,1.0,0.0,0.25,0.04,0.0,0.0,0.69,0,9746.0
0,icmp,urh_i,SF,83,0,0,0,0,0,0,0,0,1,0.0,0.0,0.0,0.0,1.0,0.0,0.0,255,1,0.0,0.48,0.0,0.0,0.0,0.0,0.0,0,111529.0
0,tcp,private,REJ,0,0,0,0,0,0,0,0,0,133,0.0,0.0,1.0,1.0,0.11,0.06,0.0,255,12,0.05,0.07,0.0,0.0,0.0,0.0,1.0,1,87347.0
0,tcp,private,S0,0,0,0,0,0,0,0,0,0,226,1.0,1.0,0.0,0.0,0.01,0.06,0.0,255,3,0.01,0.06,0.0,0.0,1.0,1.0,0.0,1,56696.0
0,tcp,http,SF,221,8364,0,0,1,0,0,0,0,7,0.0,0.0,0.0,0.0,1.0,0.0,0.0,217,255,1.0,0.0,0.0,0.01,0.0,0.0,0.0,0,78842.0
0,tcp,http,SF,345,771,0,0,1,0,0,0,0,13,0.0,0.0,0.0,0.0,1.0,0.0,0.0,255,255,1.0,0.0,0.0,0.0,0.0,0.0,0.01,0,81794.0
0,icmp,eco_i,SF,18,0,0,0,0,0,0,0,0,1,0.0,0.0,0.0,0.0,1.0,0.0,0.0,1,228,1.0,0.0,1.0,1.0,0.0,0.0,0.0,1,25729.0
0,tcp,http,REJ,0,0,0,0,0,0,0,0,0,6,0.0,0.0,0.5,0.5,1.0,0.0,0.0,22,169,1.0,0.0,0.05,0.2,0.0,0.0,0.98,0,16671.0
0,tcp,smtp,SF,1455,507,0,0,1,0,0,0,0,1,0.0,0.0,0.0,0.0,1.0,0.0,0.0,156,66,0.42,0.03,0.01,0.0,0.01,0.0,0.0,0,101590.0
0,tcp,smtp,SF,870,388,0,0,1,0,0,0,0,1,0.0,0.0,0.0,0.0,1.0,0.0,0.0,255,101,0.4,0.02,0.0,0.0,0.39,0.0,0.0,0,69242.0
1,tcp,smtp,SF,656,338,0,0,1,0,0,0,0,2,0.0,0.0,0.0,0.0,0.5,1.0,0.0,24,198,0.83,0.12,0.04,0.01,0.0,0.0,0.0,0,39384.0
910,udp,other,SF,147,105,0,0,0,0,0,0,0,1,0.0,0.0,0.0,0.0,1.0,0.0,0.0,255,3,0.01,0.73,0.97,0.0,0.0,0.0,0.0,0,120968.0
0,tcp,private,S0,0,0,0,0,0,0,0,0,0,177,1.0,1.0,0.0,0.0,0.01,0.06,0.0,255,19,0.07,0.07,0.0,0.0,1.0,1.0,0.0,1,7668.0
0,udp,domain_u,SF,44,69,0,0,0,0,0,0,0,241,0.0,0.0,0.0,0.0,1.0,0.01,0.0,255,250,0.98,0.01,0.0,0.0,0.0,0.0,0.0,0,15640.0
0,icmp,eco_i,SF,8,0,0,0,0,0,0,0,0,1,0.0,0.0,0.0,0.0,1.0,0.0,1.0,2,2,1.0,0.0,1.0,0.0,0.0,0.0,0.0,1,42197.0
0,tcp,finger,SF,8,170,0,0,0,0,0,0,0,1,0.0,0.0,0.0,0.0,1.0,0.0,0.0,108,1,0.01,0.03,0.01,0.0,0.0,0.0,0.0,0,54383.0
0,tcp,courier,S0,0,0,0,0,0,0,0,0,0,142,1.0,1.0,0.0,0.0,0.08,0.06,0.0,255,5,0.02,0.07,0.0,0.0,1.0,1.0,0.0,1,4192.0
0,tcp,time,S0,0,0,0,0,0,0,0,0,0,127,1.0,1.0,0.0,0.0,0.07,0.06,0.0,255,9,0.04,0.05,0.0,0.0,1.0,1.0,0.0,1,124268.0
0,tcp,http,SF,203,3419,0,0,1,0,0,0,0,18,0.06,0.08,0.0,0.0,1.0,0.0,0.14,18,255,1.0,0.0,0.06,0.07,0.06,0.01,0.0,0,118259.0
0,icmp,ecr_i,SF,1032,0,0,0,0,0,0,0,0,392,0.0,0.0,0.0,0.0,1.0,0.0,0.0,255,255,1.0,0.0,1.0,0.0,0.0,0.0,0.0,1,90859.0
0,tcp,smtp,SF,1027,332,0,0,1,0,0,0,0,1,0.0,0.0,0.0,0.0,1.0,0.0,0.0,12,131,0.92,0.17,0.08,0.02,0.0,0.0,0.0,0,66078.0
0,tcp,supdup,REJ,0,0,0,0,0,0,0,0,0,298,0.0,0.0,1.0,1.0,0.07,0.06,0.0,255,20,0.08,0.07,0.0,0.0,0.0,0.0,1.0,1,88752.0
0,icmp,ecr_i,SF,1032,0,0,0,0,0,0,0,0,511,0.0,0.0,0.0,0.0,1.0,0.0,0.0,189,44,0.23,0.02,0.23,0.0,0.0,0.0,0.0,1,122651.0
0,tcp,smtp,SF,1082,338,0,0,1,0,0,0,0,1,0.0,0.0,0.0,0.0,1.0,0.0,1.0,158,186,0.65,0.03,0.01,0.01,0.0,0.0,0.0,0,94630.0
0,tcp,vmnet,S0,0,0,0,0,0,0,0,0,0,266,1.0,1.0,0.0,0.0,0.02,0.05,0.0,255,6,0.02,0.05,0.0,0.0,1.0,1.0,0.0,1,19788.0
0,tcp,private,S0,0,0,0,0,0,0,0,0,0,33,1.0,1.0,0.0,0.0,0.27,0.12,0.0,255,9,0.04,0.09,0.0,0.0,1.0,1.0,0.0,1,81641.0
0,tcp,http,SF,148,5170,0,0,1,0,0,0,0,2,0.0,0.0,0.0,0.0,1.0,0.0,0.0,15,255,1.0,0.0,0.07,0.03,0.0,0.0,0.0,0,69889.0
0,tcp,private,REJ,0,0,0,0,0,0,0,0,0,174,0.1,0.0,0.89,1.0,0.01,1.0,0.0,255,1,0.0,0.83,0.0,0.0,0.07,0.0,1.0,1,31171.0
0,tcp,http,SF,297,2648,0,0,1,0,0,0,0,26,0.0,0.0,0.0,0.0,1.0,0.0,0.0,255,255,1.0,0.0,0.0,0.0,0.0,0.0,0.0,0,107799.0
0,tcp,http,SF,332,2873,0,0,1,0,0,0,0,5,0.0,0.0,0.0,0.0,1.0,0.0,0.0,255,255,1.0,0.0,0.0,0.0,0.0,0.0,0.0,0,49687.0
0,icmp,eco_i,SF,8,0,0,0,0,0,0,0,0,1,0.0,0.0,0.0,0.0,1.0,0.0,1.0,2,22,1.0,0.0,1.0,0.55,0.0,0.0,0.0,1,66564.0
0,tcp,efs,S0,0,0,0,0,0,0,0,0,0,124,1.0,1.0,0.0,0.0,0.15,0.06,0.0,255,19,0.07,0.07,0.0,0.0,1.0,1.0,0.0,1,60057.0
0,tcp,http,SF,240,1590,0,0,1,0,0,0,0,7,0.0,0.0,0.0,0.0,1.0,0.0,0.25,117,255,1.0,0.0,0.01,0.02,0.0,0.0,0.0,0,50527.0
0,tcp,exec,S0,0,0,0,0,0,0,0,0,0,117,1.0,1.0,0.0,0.0,0.04,0.06,0.0,255,14,0.05,0.06,0.0,0.0,1.0,1.0,0.0,1,70995.0
0,tcp,netbios_ns,REJ,0,0,0,0,0,0,0,0,0,139,0.0,0.0,1.0,1.0,0.07,0.06,0.0,255,2,0.01,0.07,0.0,0.0,0.0,0.0,1.0,1,48640.0
0,tcp,private,REJ,0,0,0,0,0,0,0,0,0,112,0.0,0.0,1.0,1.0,0.06,0.08,0.0,255,7,0.03,0.09,0.0,0.0,0.0,0.0,1.0,1,4339.0
0,tcp,http,SF,230,722,0,0,1,0,0,0,0,11,0.0,0.0,0.0,0.0,1.0,0.0,0.0,205,255,1.0,0.0,0.0,0.02,0.0,0.0,0.0,0,49445.0
0,udp,domain_u,SF,46,72,0,0,0,0,0,0,0,66,0.0,0.0,0.0,0.0,1.0,0.0,0.01,255,244,0.96,0.01,0.0,0.0,0.0,0.0,0.0,0,46869.0
0,tcp,iso_tsap,S0,0,0,0,0,0,0,0,0,0,298,1.0,1.0,0.0,0.0,0.05,0.05,0.0,255,14,0.05,0.07,0.0,0.0,1.0,1.0,0.0,1,94330.0
0,tcp,http,SF,196,30427,0,0,1,0,0,0,0,2,0.0,0.0,0.0,0.0,1.0,0.0,0.1,2,255,1.0,0.0,0.5,0.04,0.0,0.0,0.0,0,7024.0
0,icmp,eco_i,SF,8,0,0,0,0,0,0,0,0,1,0.0,0.0,0.0,0.0,1.0,0.0,1.0,4,220,1.0,0.0,1.0,0.25,0.0,0.0,0.0,1,98506.0
0,tcp,sql_net,REJ,0,0,0,0,0,0,0,0,0,189,0.0,0.0,1.0,1.0,0.1,0.07,0.0,255,19,0.07,0.07,0.0,0.0,0.0,0.0,1.0,1,87460.0
0,tcp,http,SF,297,1828,0,0,1,0,0,0,0,17,0.0,0.0,0.0,0.0,1.0,0.0,0.0,255,255,1.0,0.0,0.0,0.0,0.0,0.0,0.0,0,73174.0
0,tcp,http,SF,342,434,0,0,1,0,0,0,0,17,0.0,0.0,0.0,0.0,1.0,0.0,0.15,255,255,1.0,0.0,0.0,0.0,0.0,0.0,0.0,0,75551.0
0,tcp,http,SF,302,280,0,0,1,0,0,0,0,6,0.0,0.0,0.0,0.0,1.0,0.0,0.31,255,255,1.0,0.0,0.0,0.0,0.0,0.0,0.0,0,62355.0
0,tcp,http,SF,244,2107,0,0,1,0,0,0,0,4,0.0,0.0,0.0,0.0,1.0,0.0,0.0,255,255,1.0,0.0,0.0,0.0,0.0,0.0,0.0,0,60650.0
0,tcp,http,SF,317,7203,0,0,1,0,0,0,0,12,0.0,0.0,0.0,0.0,1.0,0.0,0.0,13,254,1.0,0.0,0.08,0.08,0.0,0.0,0.0,0,113509.0
0,tcp,ftp_data,SF,740,0,0,0,1,0,0,9,0,2,0.0,0.0,0.0,0.0,1.0,0.0,0.0,255,32,0.13,0.02,0.13,0.0,0.0,0.0,0.0,0,96186.0
31,tcp,smtp,SF,11466,1360,0,0,1,0,0,0,0,1,0.0,0.0,0.0,0.0,1.0,0.0,0.0,31,183,0.81,0.1,0.03,0.01,0.0,0.0,0.0,0,125688.0
0,udp,private,SF,1,0,0,0,0,0,0,0,0,9,0.0,0.0,0.0,0.0,0.22,0.22,0.0,255,37,0.15,0.34,0.84,0.0,0.02,0.0,0.0,1,38584.0
0,tcp,telnet,S0,0,0,0,0,0,0,0,0,0,16,1.0,1.0,0.0,0.0,0.19,0.25,0.0,255,63,0.25,0.02,0.01,0.0,1.0,1.0,0.0,1,26932.0
0,udp,domain_u,SF,45,45,0,0,0,0,0,0,0,91,0.0,0.0,0.0,0.0,0.99,0.02,0.01,255,254,1.0,0.01,0.01,0.0,0.0,0.0,0.0,0,107753.0
0,tcp,private,S0,0,0,0,0,0,0,0,0,0,177,0.59,1.0,0.0,0.0,0.02,0.05,0.0,255,18,0.07,0.06,0.0,0.0,1.0,1.0,0.0,1,3926.0
5,tcp,smtp,SF,1149,337,0,0,1,0,0,0,0,1,0.0,0.0,0.0,0.0,1.0,0.0,0.0,214,119,0.43,0.04,0.0,0.02,0.0,0.0,0.0,0,89660.0
0,tcp,csnet_ns,S0,0,0,0,0,0,0,0,0,0,116,1.0,1.0,0.0,0.0,0.06,0.06,0.0,255,2,0.01,0.08,0.0,0.0,1.0,1.0,0.0,1,7251.0
0,tcp,private,S0,0,0,0,0,0,0,0,0,0,192,1.0,1.0,0.0,0.0,0.06,0.05,0.0,255,11,0.04,0.05,0.0,0.0,1.0,1.0,0.0,1,39775.0
0,tcp,private,S0,0,0,0,0,0,0,0,0,0,196,1.0,1.0,0.0,0.0,0.04,0.07,0.0,255,2,0.01,0.07,0.0,0.0,1.0,1.0,0.0,1,112729.0
0,tcp,http,S0,0,0,0,0,0,0,0,0,0,44,1.0,1.0,0.0,0.0,0.32,0.09,0.0,255,63,0.25,0.02,0.01,0.0,1.0,1.0,0.0,1,44835.0
26,tcp,ftp,SF,924,2720,0,19,1,0,0,0,0,1,0.0,0.0,0.0,0.0,1.0,0.0,0.0,63,38,0.6,0.03,0.02,0.0,0.0,0.0,0.0,0,60955.0
0,udp,domain_u,SF,45,134,0,0,0,0,0,0,0,71,0.0,0.0,0.0,0.0,1.0,0.0,0.01,255,254,1.0,0.01,0.0,0.0,0.0,0.0,0.0,0,80310.0
0,tcp,http,SF,298,710,0,0,1,0,0,0,0,9,0.0,0.0,0.0,0.0,1.0,0.0,0.0,127,255,1.0,0.0,0.01,0.05,0.0,0.0,0.0,0,35802.0
0,icmp,urp_i,SF,78,0,0,0,0,0,0,0,0,15,0.0,0.0,0.0,0.0,0.2,0.13,0.0,255,13,0.05,0.01,0.05,0.0,0.0,0.0,0.0,0,111755.0
0,tcp,private,S0,0,0,0,0,0,0,0,0,0,253,1.0,1.0,0.0,0.0,0.05,0.05,0.0,255,13,0.05,0.05,0.0,0.0,1.0,1.0,0.0,1,109344.0
6,udp,private,SF,105,146,0,0,0,0,0,0,0,2,0.0,0.0,0.0,0.0,1.0,0.0,0.0,255,254,1.0,0.01,0.01,0.0,0.0,0.0,0.0,0,7412.0
0,tcp,ftp_data,SF,495,0,0,0,1,0,0,5,0,1,0.0,0.0,0.0,0.0,1.0,0.0,0.0,147,75,0.51,0.03,0.51,0.0,0.0,0.0,0.0,0,36113.0
0,tcp,csnet_ns,REJ,0,0,0,0,0,0,0,0,0,250,0.0,0.0,1.0,1.0,0.02,0.07,0.0,255,5,0.02,0.08,0.0,0.0,0.0,0.0,1.0,1,113702.0
0,tcp,private,S0,0,0,0,0,0,0,0,0,0,220,1.0,1.0,0.0,0.0,0.03,0.06,0.0,255,14,0.05,0.07,0.0,0.0,1.0,1.0,0.0,1,125115.0
0,tcp,private,S0,0,0,0,0,0,0,0,0,0,119,1.0,1.0,0.0,0.0,0.07,0.06,0.0,99,14,0.14,0.11,0.01,0.0,1.0,1.0,0.0,1,107330.0
0,icmp,ecr_i,SF,1032,0,0,0,0,0,0,0,0,508,0.0,0.0,0.0,0.0,1.0,0.0,0.0,255,228,0.89,0.01,0.89,0.0,0.0,0.0,0.0,1,81482.0
0,udp,domain_u,SF,44,126,0,0,0,0,0,0,0,80,0.0,0.0,0.0,0.0,1.0,0.0,0.01,255,254,1.0,0.01,0.0,0.0,0.0,0.0,0.0,0,46633.0
0,tcp,other,REJ,0,0,0,0,0,0,0,0,0,511,0.13,0.0,0.87,1.0,0.0,1.0,0.0,255,1,0.0,1.0,0.01,0.0,0.16,0.0,1.0,1,90081.0
0,tcp,http,SF,243,821,0,0,1,0,0,0,0,31,0.0,0.0,0.0,0.0,1.0,0.0,0.0,255,255,1.0,0.0,0.0,0.0,0.0,0.0,0.0,0,99555.0
0,icmp,urp_i,SF,183,0,0,0,0,0,0,0,0,4,0.0,0.0,0.0,0.0,0.75,0.5,0.0,255,12,0.05,0.01,0.06,0.0,0.0,0.0,0.0,0,93798.0
0,tcp,http,SF,301,3222,0,0,1,0,0,0,0,5,0.0,0.0,0.0,0.0,1.0,0.0,0.29,255,249,0.98,0.01,0.0,0.0,0.0,0.0,0.0,0,116579.0
0,tcp,http,RSTR,54060,7300,0,1,1,0,0,0,0,5,0.0,0.0,0.2,0.2,1.0,0.0,0.0,255,255,1.0,0.0,0.0,0.0,0.0,0.0,0.06,1,20116.0
0,tcp,private,S0,0,0,0,0,0,0,0,0,0,148,1.0,1.0,0.0,0.0,0.09,0.05,0.0,255,1,0.0,0.06,0.0,0.0,1.0,1.0,0.0,1,45197.0
0,tcp,supdup,S0,0,0,0,0,0,0,0,0,0,101,1.0,1.0,0.0,0.0,0.01,0.07,0.0,255,1,0.0,0.07,0.0,0.0,1.0,1.0,0.0,1,121547.0
0,tcp,private,SH,0,0,0,0,0,0,0,0,0,1,1.0,1.0,0.0,0.0,1.0,0.0,0.0,63,1,0.02,0.84,0.87,0.0,0.87,1.0,0.0,1,90013.0
0,tcp,http,SF,372,606,0,0,1,0,0,0,0,13,0.0,0.0,0.0,0.0,1.0,0.0,0.14,17,255,1.0,0.0,0.06,0.01,0.0,0.0,0.0,0,68614.0
0,tcp,http,SF,318,3989,0,0,1,0,0,0,0,12,0.0,0.0,0.0,0.0,1.0,0.0,0.0,79,255,1.0,0.0,0.01,0.01,0.0,0.0,0.0,0,36665.0
0,tcp,smtp,SF,2393,385,0,0,1,0,0,0,0,1,0.0,0.0,0.0,0.0,1.0,0.0,0.0,255,81,0.32,0.05,0.0,0.0,0.33,0.0,0.0,0,121642.0
0,tcp,http,SF,234,260,0,0,1,0,0,0,0,7,0.0,0.0,0.0,0.22,1.0,0.0,0.33,255,255,1.0,0.0,0.0,0.0,0.0,0.0,0.0,0,52988.0
0,tcp,http,SF,219,482,0,0,1,0,0,0,0,17,0.0,0.0,0.0,0.0,1.0,0.0,0.13,255,255,1.0,0.0,0.0,0.0,0.0,0.0,0.0,0,51621.0
0,tcp,http,SF,210,1364,0,0,1,0,0,0,0,13,0.0,0.0,0.0,0.0,1.0,0.0,0.14,38,255,1.0,0.0,0.03,0.04,0.0,0.0,0.0,0,26977.0
0,tcp,finger,S0,0,0,0,0,0,0,0,0,0,213,1.0,1.0,0.0,0.0,0.07,0.05,0.0,255,15,0.06,0.05,0.0,0.0,1.0,1.0,0.0,1,119203.0
0,tcp,http,SF,304,2739,0,0,1,0,0,0,0,7,0.0,0.0,0.0,0.0,1.0,0.0,0.0,171,255,1.0,0.0,0.01,0.01,0.0,0.0,0.0,0,31714.0
0,tcp,private,S0,0,0,0,0,0,0,0,0,0,178,1.0,1.0,0.0,0.0,0.08,0.06,0.0,255,3,0.01,0.07,0.0,0.0,1.0,1.0,0.0,1,5860.0
0,udp,private,SF,207,0,0,0,0,0,0,0,0,2,0.0,0.0,0.0,0.0,1.0,0.0,0.0,150,126,0.84,0.01,0.84,0.0,0.0,0.0,0.0,1,109337.0
0,tcp,private,REJ,0,0,0,0,0,0,0,0,0,108,0.0,0.0,1.0,1.0,0.19,0.07,0.0,255,20,0.08,0.07,0.0,0.0,0.0,0.0,1.0,1,27838.0
0,icmp,eco_i,SF,8,0,0,0,0,0,0,0,0,1,0.0,0.0,0.0,0.0,1.0,0.0,0.0,2,246,1.0,0.0,1.0,0.5,0.0,0.0,0.0,1,81526.0
0,tcp,http,SF,308,3307,0,0,1,0,0,0,0,7,0.0,0.0,0.0,0.0,1.0,0.0,0.0,113,150,1.0,0.0,0.01,0.01,0.0,0.0,0.0,0,99544.0
0,tcp,ctf,S0,0,0,0,0,0,0,0,0,0,193,1.0,1.0,0.0,0.0,0.02,0.08,0.0,255,3,0.01,0.08,0.0,0.0,1.0,1.0,0.0,1,80781.0
0,udp,domain_u,SF,43,125,0,0,0,0,0,0,0,228,0.0,0.0,0.0,0.0,1.0,0.0,0.01,255,185,0.73,0.01,0.0,0.0,0.0,0.0,0.0,0,101932.0
0,tcp,Z39_50,S0,0,0,0,0,0,0,0,0,0,28,1.0,1.0,0.0,0.0,0.29,0.18,0.0,255,14,0.05,0.08,0.0,0.0,1.0,1.0,0.0,1,81805.0
0,tcp,http,REJ,0,0,0,0,0,0,0,0,0,1,0.0,0.0,1.0,1.0,1.0,0.0,0.0,23,253,1.0,0.0,0.04,0.19,0.0,0.0,1.0,0,67338.0
0,tcp,ftp_data,SF,567,0,0,0,1,0,0,6,0,1,0.0,0.0,0.0,0.0,1.0,0.0,0.0,1,72,1.0,0.0,1.0,0.03,0.0,0.01,0.0,0,52864.0
0,tcp,http,SF,294,4359,0,0,1,0,0,0,0,1,0.0,0.0,0.0,0.0,1.0,0.0,1.0,15,255,1.0,0.0,0.07,0.04,0.0,0.0,0.0,0,53588.0
0,tcp,ftp_data,SF,501760,0,0,0,1,0,0,0,0,2,0.0,0.0,0.0,0.0,1.0,0.0,0.0,96,90,0.67,0.03,0.67,0.02,0.0,0.0,0.0,0,21442.0
0,tcp,ftp_data,SF,9178,0,0,0,1,0,0,0,0,7,0.14,0.14,0.0,0.0,1.0,0.0,0.0,44,81,0.43,0.09,0.43,0.02,0.02,0.01,0.0,0,107624.0
0,tcp,http,SF,312,8819,0,0,1,0,0,0,0,6,0.0,0.0,0.0,0.0,1.0,0.0,0.0,115,255,1.0,0.0,0.01,0.03,0.0,0.0,0.0,0,6290.0
0,icmp,eco_i,SF,8,0,0,0,0,0,0,0,0,1,0.0,0.0,0.0,0.0,1.0,0.0,0.0,1,73,1.0,0.0,1.0,0.26,0.0,0.0,0.0,1,46500.0
0,tcp,private,S0,0,0,0,0,0,0,0,0,0,190,1.0,1.0,0.0,0.0,0.05,0.07,0.0,255,19,0.07,0.06,0.0,0.0,1.0,1.0,0.0,1,105076.0
0,tcp,imap4,S0,0,0,0,0,0,0,0,0,0,220,1.0,1.0,0.0,0.0,0.04,0.05,0.0,255,9,0.04,0.05,0.0,0.0,1.0,1.0,0.0,1,57866.0
0,tcp,private,S0,0,0,0,0,0,0,0,0,0,135,1.0,1.0,0.0,0.0,0.1,0.07,0.0,255,13,0.05,0.07,0.0,0.0,1.0,1.0,0.0,1,107941.0
0,tcp,ftp_data,SF,5319,0,0,0,1,0,0,0,0,13,0.0,0.0,0.0,0.0,1.0,0.0,0.0,38,104,0.61,0.05,0.61,0.03,0.0,0.0,0.0,0,108756.0
0,icmp,eco_i,SF,30,0,0,0,0,0,0,0,0,9,0.0,0.0,0.0,0.0,0.11,0.33,0.0,255,4,0.02,0.01,0.11,0.0,0.0,0.0,0.0,0,70077.0
0,tcp,ftp_data,SF,374,0,0,0,1,0,0,0,0,1,0.0,0.0,0.0,0.0,1.0,0.0,0.0,255,126,0.49,0.02,0.49,0.0,0.0,0.0,0.0,0,113999.0
0,icmp,eco_i,SF,8,0,0,0,0,0,0,0,0,1,0.0,0.0,0.0,0.0,1.0,0.0,1.0,2,90,1.0,0.0,1.0,0.5,0.0,0.0,0.0,1,27233.0
0,tcp,smtp,SF,820,325,0,0,1,0,0,0,0,1,0.0,0.0,0.0,0.0,1.0,0.0,0.0,204,245,0.96,0.01,0.0,0.01,0.0,0.0,0.0,0,105945.0
0,udp,other,SF,1,0,0,0,0,0,0,0,0,2,0.0,0.0,0.0,0.0,1.0,0.0,0.0,255,2,0.01,0.2,1.0,0.0,0.0,0.0,0.0,1,53872.0
0,udp,domain_u,SF,44,129,0,0,0,0,0,0,0,66,0.0,0.0,0.0,0.0,1.0,0.0,0.01,255,255,1.0,0.0,0.0,0.0,0.0,0.0,0.0,0,84950.0
0,tcp,http,SF,263,8822,0,0,1,0,0,0,0,17,0.0,0.0,0.0,0.0,1.0,0.0,0.11,81,255,1.0,0.0,0.01,0.03,0.0,0.0,0.0,0,29341.0
0,tcp,ftp_data,SF,59,0,0,0,1,0,0,0,0,13,0.0,0.0,0.0,0.0,1.0,0.0,0.0,255,107,0.42,0.02,0.42,0.0,0.0,0.0,0.0,0,69622.0
0,tcp,http,SF,54540,8314,0,2,1,1,0,0,0,2,0.0,0.0,0.0,0.0,1.0,0.0,0.0,239,239,1.0,0.0,0.0,0.0,0.0,0.0,0.02,1,49498.0
0,udp,private,SF,105,146,0,0,0,0,0,0,0,4,0.0,0.0,0.0,0.0,0.25,0.5,0.0,255,244,0.96,0.01,0.01,0.0,0.0,0.0,0.0,0,70835.0
0,tcp,smtp,SF,2588,386,0,0,1,0,0,0,0,1,0.0,0.0,0.0,0.0,1.0,0.0,0.0,255,61,0.24,0.06,0.0,0.0,0.57,0.0,0.0,0,68966.0
0,tcp,ftp_data,S0,0,0,0,0,0,0,0,0,0,57,1.0,1.0,0.0,0.0,0.21,0.07,0.0,255,63,0.25,0.03,0.01,0.0,1.0,1.0,0.0,1,58569.0
0,tcp,ftp_data,SF,15722,0,0,0,1,0,0,0,0,12,0.0,0.0,0.0,0.0,1.0,0.0,0.0,109,122,0.55,0.02,0.55,0.02,0.0,0.0,0.0,0,87309.0
1,tcp,smtp,SF,878,327,0,0,1,0,0,0,0,1,0.0,0.0,0.0,0.0,1.0,0.0,0.0,255,124,0.49,0.03,0.0,0.0,0.0,0.0,0.0,0,83919.0
0,tcp,auth,S0,0,0,0,0,0,0,0,0,0,147,1.0,1.0,0.0,0.0,0.12,0.06,0.0,255,2,0.01,0.07,0.0,0.0,1.0,1.0,0.0,1,76820.0
0,tcp,http,SF,164,14875,0,0,1,0,0,0,0,25,0.0,0.0,0.0,0.0,1.0,0.0,0.14,255,255,1.0,0.0,0.0,0.0,0.0,0.0,0.0,0,12211.0
0,udp,domain_u,SF,43,76,0,0,0,0,0,0,0,217,0.0,0.0,0.0,0.0,1.0,0.01,0.01,255,254,1.0,0.01,0.0,0.0,0.0,0.0,0.0,0,12296.0
0,tcp,http,SF,211,480,0,0,1,0,0,0,0,30,0.0,0.0,0.0,0.0,1.0,0.0,0.0,30,255,1.0,0.0,0.03,0.03,0.0,0.01,0.0,0,5547.0
0,tcp,private,S0,0,0,0,0,0,0,0,0,0,149,1.0,1.0,0.0,0.0,0.16,0.05,0.0,255,15,0.06,0.06,0.0,0.0,1.0,1.0,0.0,1,91496.0
10354,tcp,telnet,SF,1832,37667,0,0,1,2,0,2,0,1,0.0,0.0,0.0,0.0,1.0,0.0,0.0,255,77,0.3,0.02,0.0,0.0,0.44,0.66,0.01,0,90926.0
1,tcp,smtp,SF,1387,326,0,0,1,0,0,0,0,1,0.0,0.0,0.0,0.0,1.0,0.0,1.0,229,121,0.5,0.07,0.0,0.02,0.02,0.02,0.0,0,22196.0
0,tcp,http,SF,324,1425,0,0,1,0,0,0,0,10,0.0,0.0,0.0,0.0,1.0,0.0,0.05,39,43,1.0,0.0,0.03,0.05,0.0,0.0,0.0,0,112556.0
0,tcp,private,REJ,0,0,0,0,0,0,0,0,0,134,0.0,0.0,1.0,1.0,0.15,0.07,0.0,159,20,0.13,0.07,0.01,0.0,0.0,0.0,1.0,1,122921.0
0,tcp,http,SF,198,2406,0,0,1,0,0,0,0,1,0.0,0.0,0.0,0.0,1.0,0.0,0.09,127,255,1.0,0.0,0.01,0.03,0.0,0.01,0.0,0,14375.0
0,tcp,auth,S0,0,0,0,0,0,0,0,0,0,273,1.0,1.0,0.0,0.0,0.07,0.05,0.0,255,19,0.07,0.07,0.0,0.0,1.0,1.0,0.0,1,46168.0
0,tcp,http,SF,306,701,0,0,1,0,0,0,0,14,0.0,0.0,0.0,0.0,1.0,0.0,0.0,14,255,1.0,0.0,0.07,0.06,0.0,0.01,0.0,0,31376.0
0,tcp,http,SF,343,1232,0,0,1,0,0,0,0,7,0.0,0.0,0.0,0.0,1.0,0.0,0.18,44,255,1.0,0.0,0.02,0.04,0.0,0.0,0.0,0,14676.0
0,tcp,exec,REJ,0,0,0,0,0,0,0,0,0,104,0.07,0.0,0.93,1.0,0.01,1.0,0.0,255,1,0.0,0.67,0.0,0.0,0.03,0.0,1.0,1,1404.0
0,tcp,http,SF,261,1650,0,0,1,0,0,0,0,10,0.0,0.0,0.0,0.0,1.0,0.0,0.0,255,255,1.0,0.0,0.0,0.0,0.0,0.0,0.0,0,89134.0
0,tcp,http,SF,321,7886,0,0,1,0,0,0,0,12,0.0,0.0,0.0,0.0,1.0,0.0,0.0,96,255,1.0,0.0,0.01,0.03,0.0,0.0,0.0,0,111251.0
37627,tcp,private,RSTR,1,0,0,0,0,0,0,0,0,2,0.0,0.0,1.0,1.0,1.0,0.0,0.0,255,2,0.01,0.5,1.0,0.0,0.0,0.0,1.0,1,52550.0
0,tcp,http,SF,207,2456,0,0,1,0,0,0,0,2,0.0,0.0,0.0,0.0,1.0,0.0,0.0,72,195,1.0,0.0,0.01,0.01,0.0,0.0,0.0,0,114510.0
0,tcp,gopher,S0,0,0,0,0,0,0,0,0,0,139,1.0,1.0,0.0,0.0,0.02,0.06,0.0,255,5,0.02,0.07,0.0,0.0,1.0,1.0,0.0,1,83931.0
0,tcp,http,SF,292,2420,0,0,1,0,0,0,0,2,0.0,0.0,0.0,0.0,1.0,0.0,0.0,112,255,1.0,0.0,0.01,0.07,0.0,0.0,0.0,0,73278.0
0,tcp,http,SF,307,14638,0,0,1,0,0,0,0,4,0.0,0.0,0.0,0.0,1.0,0.0,0.43,255,255,1.0,0.0,0.0,0.0,0.0,0.0,0.0,0,112864.0
0,tcp,http,SF,227,3597,0,0,1,0,0,0,0,5,0.0,0.0,0.0,0.0,1.0,0.0,0.0,153,255,1.0,0.0,0.01,0.02,0.0,0.0,0.0,0,62166.0
0,tcp,http,SF,224,370,0,0,1,0,0,0,0,12,0.0,0.0,0.0,0.0,1.0,0.0,0.0,255,255,1.0,0.0,0.0,0.0,0.0,0.0,0.0,0,77033.0
0,tcp,http,SF,325,12722,0,0,1,0,0,0,0,2,0.0,0.0,0.0,0.0,1.0,0.0,0.0,72,255,1.0,0.0,0.01,0.02,0.0,0.0,0.0,0,89118.0
0,tcp,Z39_50,S0,0,0,0,0,0,0,0,0,0,288,1.0,1.0,0.0,0.0,0.05,0.06,0.0,255,11,0.04,0.06,0.0,0.0,1.0,1.0,0.0,1,12122.0
0,udp,domain_u,SF,45,138,0,0,0,0,0,0,0,284,0.0,0.0,0.0,0.0,1.0,0.0,0.0,255,251,0.98,0.01,0.0,0.0,0.0,0.0,0.0,0,91867.0
0,tcp,smtp,SF,2449,330,0,0,1,0,0,0,0,1,0.0,0.0,0.0,0.0,1.0,0.0,0.0,2,2,1.0,0.0,0.5,0.0,0.0,0.0,0.0,0,36964.0
0,tcp,systat,S0,0,0,0,0,0,0,0,0,0,131,1.0,1.0,0.0,0.0,0.06,0.07,0.0,255,8,0.03,0.07,0.0,0.0,1.0,1.0,0.0,1,63862.0
0,tcp,http,SF,302,2861,0,0,1,0,0,0,0,2,0.0,0.0,0.0,0.0,1.0,0.0,0.09,255,255,1.0,0.0,0.0,0.0,0.0,0.0,0.0,0,34029.0
0,tcp,private,RSTO,0,0,0,0,0,0,0,0,0,177,0.0,0.0,1.0,1.0,0.07,0.06,0.0,255,13,0.05,0.06,0.0,0.0,0.0,0.0,1.0,1,109436.0
0,tcp,private,S0,0,0,0,0,0,0,0,0,0,300,1.0,1.0,0.0,0.0,0.07,0.06,0.0,255,9,0.04,0.08,0.0,0.0,1.0,1.0,0.0,1,21585.0
0,tcp,bgp,S0,0,0,0,0,0,0,0,0,0,265,1.0,1.0,0.0,0.0,0.05,0.06,0.0,255,12,0.05,0.08,0.0,0.0,1.0,1.0,0.0,1,14130.0
0,icmp,eco_i,SF,8,0,0,0,0,0,0,0,0,1,0.0,0.0,0.0,0.0,1.0,0.0,1.0,1,59,1.0,0.0,1.0,0.51,0.0,0.0,0.0,1,11426.0
1,tcp,smtp,SF,843,334,0,0,1,0,0,0,0,1,0.0,0.0,0.0,0.0,1.0,0.0,1.0,205,174,0.76,0.02,0.0,0.01,0.0,0.0,0.0,0,114413.0
0,tcp,private,S0,0,0,0,0,0,0,0,0,0,243,1.0,1.0,0.0,0.0,0.06,0.05,0.0,255,14,0.05,0.08,0.0,0.0,1.0,1.0,0.0,1,46003.0
0,udp,domain_u,SF,42,72,0,0,0,0,0,0,0,229,0.0,0.0,0.0,0.0,1.0,0.0,0.0,255,254,1.0,0.01,0.0,0.0,0.0,0.0,0.0,0,73880.0
0,tcp,http,SF,180,5069,0,0,1,0,0,0,0,1,0.0,0.0,0.0,0.0,1.0,0.0,1.0,30,255,1.0,0.0,0.03,0.04,0.0,0.0,0.0,0,112637.0
0,tcp,http,SF,209,29055,0,0,1,0,0,0,0,3,0.0,0.0,0.0,0.0,1.0,0.0,0.0,168,255,1.0,0.0,0.01,0.02,0.0,0.0,0.0,0,41642.0
3,tcp,smtp,SF,1016,327,0,0,1,0,0,0,0,1,0.0,0.0,0.0,0.0,1.0,0.0,1.0,168,177,0.57,0.03,0.01,0.01,0.0,0.0,0.0,0,68340.0
0,tcp,http,SF,205,1536,0,0,1,0,0,0,0,18,0.0,0.0,0.0,0.0,1.0,0.0,0.0,19,255,1.0,0.0,0.05,0.04,0.0,0.0,0.0,0,45268.0
0,tcp,sunrpc,RSTO,0,0,0,0,0,0,0,0,0,149,0.0,0.0,1.0,1.0,0.13,0.05,0.0,255,20,0.08,0.07,0.0,0.0,0.0,0.0,1.0,1,46241.0
3,tcp,smtp,SF,830,337,0,0,1,0,0,0,0,1,0.0,0.0,0.0,0.0,1.0,0.0,0.0,33,187,0.76,0.12,0.03,0.01,0.0,0.0,0.0,0,78348.0
0,tcp,http,SF,217,216,0,0,1,0,0,0,0,18,0.0,0.0,0.0,0.0,1.0,0.0,0.11,255,255,1.0,0.0,0.0,0.0,0.0,0.0,0.0,0,52978.0
0,tcp,courier,S0,0,0,0,0,0,0,0,0,0,134,1.0,1.0,0.0,0.0,0.08,0.06,0.0,255,10,0.04,0.06,0.0,0.0,1.0,1.0,0.0,1,77770.0
0,tcp,http,SF,334,1587,0,0,1,0,0,0,0,21,0.0,0.03,0.0,0.0,1.0,0.0,0.11,255,255,1.0,0.0,0.0,0.0,0.0,0.0,0.0,0,106333.0
0,icmp,eco_i,SF,8,0,0,0,0,0,0,0,0,1,0.0,0.0,0.0,0.0,1.0,0.0,1.0,1,29,1.0,0.0,1.0,0.28,0.0,0.0,0.0,1,5936.0
0,tcp,http,SF,315,1588,0,0,1,0,0,0,0,15,0.0,0.0,0.0,0.0,1.0,0.0,0.12,255,255,1.0,0.0,0.0,0.0,0.0,0.0,0.0,0,70184.0
0,udp,domain_u,SF,33,0,0,0,0,0,0,0,0,1,0.0,0.0,0.0,0.0,1.0,0.0,0.67,247,38,0.15,0.02,0.15,0.05,0.0,0.0,0.0,0,1946.0
0,udp,private,SF,1,0,0,0,0,0,0,0,0,27,0.0,0.0,0.0,0.0,0.41,0.11,0.0,255,11,0.04,0.62,0.42,0.0,0.05,0.0,0.0,1,81281.0
0,tcp,http,REJ,0,0,0,0,0,0,0,0,0,1,0.0,0.0,1.0,1.0,1.0,0.0,1.0,46,255,1.0,0.0,0.02,0.2,0.0,0.0,0.93,0,1407.0
0,tcp,ftp_data,SF,16,0,0,0,1,0,0,0,0,2,0.0,0.0,0.0,0.0,1.0,0.0,0.0,8,87,0.38,0.25,0.38,0.03,0.0,0.0,0.0,0,65683.0
40638,tcp,private,RSTR,1,0,0,0,0,0,0,0,0,2,0.0,0.0,1.0,1.0,1.0,0.0,0.0,255,2,0.01,0.38,0.76,0.0,0.0,0.0,1.0,1,69631.0
0,tcp,smtp,SF,2427,332,0,0,1,0,0,0,0,1,0.0,0.0,0.0,0.0,1.0,0.0,0.0,191,188,0.75,0.02,0.01,0.01,0.0,0.0,0.0,0,122326.0
0,tcp,http,SF,221,454,0,0,1,0,0,0,0,3,0.0,0.0,0.0,0.0,1.0,0.0,0.0,255,255,1.0,0.0,0.0,0.0,0.0,0.0,0.0,0,123845.0
0,tcp,private,S0,0,0,0,0,0,0,0,0,0,287,1.0,1.0,0.0,0.0,0.01,0.05,0.0,255,4,0.02,0.06,0.0,0.0,1.0,1.0,0.0,1,94719.0
0,tcp,private,S0,0,0,0,0,0,0,0,0,0,117,1.0,1.0,0.0,0.0,0.1,0.07,0.0,19,12,0.63,0.16,0.05,0.0,1.0,1.0,0.0,1,24150.0
0,tcp,http,REJ,0,0,0,0,0,0,0,0,0,1,0.0,0.0,1.0,1.0,1.0,0.0,0.0,39,90,1.0,0.0,0.03,0.02,0.0,0.0,1.0,0,80321.0
0,tcp,telnet,RSTO,0,0,0,0,0,0,0,0,0,146,0.0,0.0,1.0,1.0,0.12,0.05,0.0,255,12,0.05,0.06,0.0,0.0,0.0,0.0,1.0,1,59065.0
0,tcp,ftp_data,SF,4539,0,0,0,0,0,0,0,0,6,0.0,0.0,0.0,0.0,1.0,0.0,0.0,234,110,0.47,0.03,0.47,0.0,0.0,0.0,0.0,0,37792.0
0,udp,domain_u,SF,46,46,0,0,0,0,0,0,0,174,0.0,0.0,0.0,0.0,1.0,0.0,0.0,255,255,1.0,0.0,0.01,0.0,0.0,0.0,0.0,0,111127.0
0,tcp,http,SF,333,14206,0,0,1,0,0,0,0,1,0.0,0.0,0.0,0.0,1.0,0.0,0.0,40,255,1.0,0.0,0.03,0.05,0.03,0.0,0.0,0,4206.0
0,tcp,private,S0,0,0,0,0,0,0,0,0,0,122,1.0,1.0,0.0,0.0,0.06,0.07,0.0,255,15,0.06,0.06,0.0,0.0,1.0,1.0,0.0,1,50869.0
0,tcp,http,SF,222,2822,0,0,1,0,0,0,0,9,0.0,0.0,0.0,0.0,1.0,0.0,0.0,44,255,1.0,0.0,0.02,0.04,0.0,0.0,0.0,0,75467.0
0,udp,domain_u,SF,46,125,0,0,0,0,0,0,0,71,0.0,0.0,0.0,0.0,0.99,0.03,0.0,255,244,0.96,0.02,0.0,0.0,0.0,0.0,0.0,0,94325.0
0,tcp,smtp,SF,2971,338,0,0,1,0,0,0,0,1,0.0,0.0,0.0,0.0,1.0,0.0,0.0,227,111,0.4,0.03,0.0,0.02,0.0,0.01,0.0,0,109507.0
0,tcp,http,SF,212,2531,0,0,1,0,0,0,0,4,0.0,0.0,0.0,0.0,1.0,0.0,0.0,58,62,1.0,0.0,0.02,0.03,0.0,0.0,0.0,0,125404.0
0,tcp,private,S0,0,0,0,0,0,0,0,0,0,72,1.0,1.0,0.0,0.0,0.03,0.08,0.0,179,2,0.01,0.07,0.01,0.0,1.0,1.0,0.0,1,119746.0
0,tcp,http,SF,0,978,0,0,0,0,0,0,0,11,0.27,0.26,0.0,0.0,1.0,0.0,0.21,28,255,1.0,0.0,0.04,0.02,0.07,0.01,0.01,0,78916.0
0,icmp,eco_i,SF,8,0,0,0,0,0,0,0,0,1,0.0,0.0,0.0,0.0,1.0,0.0,1.0,2,166,1.0,0.0,1.0,0.25,0.0,0.0,0.0,1,109540.0
0,tcp,private,S0,0,0,0,0,0,0,0,0,0,228,1.0,1.0,0.0,0.0,0.06,0.06,0.0,255,14,0.05,0.08,0.0,0.0,1.0,1.0,0.0,1,68892.0
0,udp,domain_u,SF,45,45,0,0,0,0,0,0,0,108,0.0,0.0,0.0,0.0,1.0,0.0,0.0,255,255,1.0,0.0,0.0,0.0,0.0,0.0,0.0,0,22416.0
0,tcp,ftp_data,SF,501760,0,0,0,0,0,0,0,0,2,0.0,0.0,0.0,0.0,1.0,0.0,0.0,201,66,0.3,0.02,0.3,0.03,0.0,0.0,0.0,0,33908.0
0,tcp,private,REJ,0,0,0,0,0,0,0,0,0,222,0.0,0.0,1.0,1.0,0.05,0.07,0.0,255,12,0.05,0.07,0.0,0.0,0.0,0.0,1.0,1,50826.0
0,tcp,ftp_data,SF,12241,0,0,0,1,0,0,0,0,11,0.0,0.0,0.0,0.0,1.0,0.0,0.0,255,56,0.22,0.05,0.22,0.0,0.36,0.0,0.0,0,15143.0
0,tcp,finger,S0,0,0,0,0,0,0,0,0,0,154,1.0,1.0,0.0,0.0,0.13,0.06,0.0,255,20,0.08,0.06,0.0,0.0,1.0,1.0,0.0,1,14909.0
0,udp,domain_u,SF,44,131,0,0,0,0,0,0,0,67,0.0,0.0,0.0,0.0,1.0,0.0,0.01,255,255,1.0,0.0,0.0,0.0,0.0,0.0,0.0,0,22764.0
0,tcp,http,SF,295,4906,0,0,1,0,0,0,0,2,0.0,0.0,0.0,0.0,1.0,0.0,0.0,86,255,1.0,0.0,0.01,0.04,0.0,0.0,0.0,0,45789.0
0,udp,domain_u,SF,43,69,0,0,0,0,0,0,0,142,0.0,0.0,0.0,0.0,1.0,0.0,0.0,255,249,0.98,0.01,0.01,0.0,0.0,0.0,0.0,0,97069.0
0,tcp,private,S0,0,0,0,0,0,0,0,0,0,77,1.0,1.0,0.0,0.0,0.03,0.09,0.0,255,2,0.01,0.07,0.0,0.0,1.0,1.0,0.0,1,62094.0
0,tcp,private,S0,0,0,0,0,0,0,0,0,0,114,1.0,1.0,0.0,0.0,0.03,0.06,0.0,255,19,0.07,0.06,0.0,0.0,1.0,1.0,0.0,1,91499.0
0,tcp,private,S0,0,0,0,0,0,0,0,0,0,74,1.0,1.0,0.0,0.0,0.19,0.07,0.0,255,14,0.05,0.07,0.0,0.0,1.0,1.0,0.0,1,34982.0
0,tcp,private,S0,0,0,0,0,0,0,0,0,0,239,1.0,1.0,0.0,0.0,0.1,0.05,0.0,255,23,0.09,0.07,0.0,0.0,1.0,1.0,0.0,1,4162.0
0,tcp,http,SF,297,392,0,0,1,0,0,0,0,10,0.0,0.0,0.1,0.1,1.0,0.0,0.0,71,255,1.0,0.0,0.01,0.05,0.0,0.01,0.04,0,116790.0
1,tcp,private,RSTOS0,0,0,0,0,0,0,0,0,0,210,0.64,0.5,0.36,0.5,0.01,0.41,0.0,255,2,0.01,0.34,0.82,0.0,0.53,0.5,0.5,1,73168.0
0,tcp,http,SF,290,1659,0,0,1,0,0,0,0,16,0.0,0.0,0.0,0.08,1.0,0.0,0.19,81,255,1.0,0.0,0.01,0.01,0.0,0.0,0.0,0,58010.0
0,tcp,http,SF,260,8745,0,0,1,0,0,0,0,1,0.0,0.0,0.0,0.0,1.0,0.0,0.12,55,53,0.96,0.04,0.02,0.0,0.0,0.0,0.0,0,113768.0
0,tcp,http,SF,244,647,0,0,1,0,0,0,0,25,0.0,0.0,0.0,0.0,1.0,0.0,0.0,255,255,1.0,0.0,0.0,0.0,0.0,0.0,0.0,0,34128.0
0,udp,domain_u,SF,44,80,0,0,0,0,0,0,0,145,0.0,0.0,0.0,0.0,1.0,0.0,0.0,255,255,1.0,0.0,0.0,0.0,0.0,0.0,0.0,0,24851.0
0,tcp,http,SF,233,999,0,0,1,0,0,0,0,14,0.0,0.0,0.0,0.0,1.0,0.0,0.17,255,255,1.0,0.0,0.0,0.0,0.0,0.0,0.0,0,81315.0
0,udp,domain_u,SF,45,77,0,0,0,0,0,0,0,158,0.0,0.0,0.0,0.0,1.0,0.0,0.0,255,254,1.0,0.01,0.0,0.0,0.0,0.0,0.0,0,119369.0
0,tcp,http,SF,236,3222,0,0,1,0,0,0,0,7,0.0,0.0,0.0,0.0,1.0,0.0,0.0,255,248,0.97,0.01,0.0,0.0,0.0,0.0,0.01,0,15029.0
0,icmp,eco_i,SF,8,0,0,0,0,0,0,0,0,1,0.0,0.0,0.0,0.0,1.0,0.0,1.0,4,168,1.0,0.0,1.0,0.25,0.0,0.0,0.0,1,97310.0
0,tcp,smtp,SF,775,331,0,0,1,0,0,0,0,1,0.0,0.0,0.0,0.0,1.0,0.0,0.0,120,105,0.88,0.03,0.01,0.0,0.0,0.0,0.0,0,657.0
0,tcp,private,S0,0,0,0,0,0,0,0,0,0,191,1.0,1.0,0.0,0.0,0.06,0.08,0.0,255,12,0.05,0.07,0.0,0.0,1.0,1.0,0.0,1,33723.0
1,tcp,smtp,SF,1473,330,0,0,1,0,0,0,0,1,0.0,0.0,0.0,0.0,1.0,0.0,1.0,237,131,0.51,0.03,0.0,0.02,0.01,0.02,0.0,0,63356.0
0,tcp,discard,S0,0,0,0,0,0,0,0,0,0,237,1.0,1.0,0.0,0.0,0.02,0.05,0.0,255,4,0.02,0.06,0.0,0.0,1.0,1.0,0.0,1,74427.0
2620,udp,other,SF,146,105,0,0,0,0,0,0,0,2,0.0,0.0,0.0,0.0,1.0,0.0,0.0,255,2,0.01,0.89,1.0,0.0,0.0,0.0,0.0,0,76025.0
43,tcp,ftp,SF,1074,3081,0,22,1,0,0,0,0,1,0.0,0.0,0.0,0.0,1.0,0.0,0.0,255,64,0.25,0.03,0.0,0.0,0.0,0.0,0.0,0,82129.0
0,tcp,private,S0,0,0,0,0,0,0,0,0,0,226,1.0,1.0,0.0,0.0,0.02,0.07,0.0,255,1,0.0,0.09,0.0,0.0,1.0,1.0,0.0,1,34043.0
0,tcp,http,SF,242,1481,0,0,1,0,0,0,0,17,0.0,0.0,0.0,0.0,1.0,0.0,0.0,255,255,1.0,0.0,0.0,0.0,0.0,0.0,0.0,0,86298.0
0,tcp,smtp,SF,929,331,0,0,1,0,0,0,0,1,0.0,0.0,0.0,0.0,1.0,0.0,0.0,255,9,0.04,0.66,0.0,0.0,0.0,0.0,0.0,0,95516.0
0,udp,domain_u,SF,45,115,0,0,0,0,0,0,0,1,0.0,0.0,0.0,0.0,1.0,0.0,1.0,253,231,0.91,0.01,0.0,0.0,0.0,0.0,0.0,0,97427.0
0,tcp,http,SF,226,868,0,0,1,0,0,0,0,4,0.0,0.0,0.0,0.0,1.0,0.0,0.0,24,255,1.0,0.0,0.04,0.02,0.0,0.0,0.0,0,62227.0
0,tcp,http,SF,260,354,0,0,1,0,0,0,0,6,0.0,0.0,0.0,0.0,1.0,0.0,0.0,57,255,1.0,0.0,0.02,0.02,0.0,0.0,0.0,0,123102.0
0,tcp,smtp,SF,1275,387,0,0,1,0,0,0,0,1,0.0,0.0,0.0,0.0,1.0,0.0,1.0,226,133,0.5,0.01,0.0,0.02,0.88,0.75,0.0,0,72027.0
0,tcp,private,S0,0,0,0,0,0,0,0,0,0,104,1.0,1.0,0.0,0.0,0.03,0.07,0.0,163,18,0.11,0.1,0.01,0.0,1.0,1.0,0.0,1,29036.0
28,tcp,ftp,SF,289,903,0,5,1,0,0,0,0,1,0.0,0.0,0.0,0.0,1.0,0.0,0.0,184,41,0.22,0.02,0.01,0.0,0.0,0.0,0.0,0,30812.0
0,udp,domain_u,SF,43,74,0,0,0,0,0,0,0,173,0.0,0.0,0.0,0.0,1.0,0.0,0.0,255,255,1.0,0.0,0.0,0.0,0.0,0.0,0.0,0,13422.0
0,icmp,eco_i,SF,18,0,0,0,0,0,0,0,0,1,0.0,0.0,0.0,0.0,1.0,0.0,0.0,3,11,1.0,0.0,1.0,0.27,0.0,0.0,0.0,1,98363.0
2646,udp,other,SF,146,105,0,0,0,0,0,0,0,1,0.0,0.0,0.0,0.0,1.0,0.0,0.0,255,1,0.0,0.54,0.94,0.0,0.0,0.0,0.0,0,69092.0
0,tcp,private,S0,0,0,0,0,0,0,0,0,0,114,1.0,1.0,0.0,0.0,0.04,0.07,0.0,168,4,0.02,0.07,0.01,0.0,1.0,1.0,0.0,1,122368.0
0,icmp,ecr_i,SF,520,0,0,0,0,0,0,0,0,37,0.0,0.0,0.0,0.0,1.0,0.0,0.0,255,255,1.0,0.0,1.0,0.0,0.0,0.0,0.0,1,123182.0
0,tcp,http,SF,240,891,0,0,1,0,0,0,0,4,0.0,0.0,0.0,0.0,1.0,0.0,0.0,69,255,1.0,0.0,0.01,0.03,0.0,0.0,0.0,0,63904.0
8,udp,domain_u,SF,42,42,0,0,0,0,0,0,0,2,0.0,0.0,0.0,0.0,1.0,0.0,0.0,255,252,0.99,0.01,0.01,0.0,0.0,0.0,0.0,0,76592.0
0,tcp,smtp,SF,750,329,0,0,1,0,0,0,0,1,0.0,0.0,0.0,0.0,1.0,0.0,0.0,255,142,0.56,0.02,0.0,0.0,0.0,0.0,0.0,0,89404.0
0,tcp,private,S0,0,0,0,0,0,0,0,0,0,102,1.0,1.0,0.0,0.0,0.12,0.06,0.0,255,8,0.03,0.06,0.0,0.0,1.0,1.0,0.0,1,7181.0
0,tcp,private,REJ,0,0,0,0,0,0,0,0,0,135,0.0,0.0,1.0,1.0,0.11,0.07,0.0,255,13,0.05,0.07,0.0,0.0,0.0,0.0,1.0,1,91058.0
0,tcp,private,S0,0,0,0,0,0,0,0,0,0,223,1.0,1.0,0.0,0.0,0.04,0.06,0.0,255,10,0.04,0.08,0.0,0.0,1.0,1.0,0.0,1,106636.0
0,tcp,efs,S0,0,0,0,0,0,0,0,0,0,119,1.0,1.0,0.0,0.0,0.02,0.06,0.0,255,2,0.01,0.07,0.0,0.0,1.0,1.0,0.0,1,77962.0
0,tcp,vmnet,S0,0,0,0,0,0,0,0,0,0,234,1.0,1.0,0.0,0.0,0.06,0.06,0.0,255,7,0.03,0.07,0.0,0.0,1.0,1.0,0.0,1,37627.0
0,tcp,http,S0,0,0,0,0,0,0,0,0,0,59,1.0,1.0,0.0,0.0,0.32,0.07,0.0,255,65,0.25,0.02,0.0,0.0,1.0,1.0,0.0,1,122903.0
0,tcp,http,SF,289,1856,0,0,1,0,0,0,0,14,0.0,0.0,0.0,0.0,1.0,0.0,0.0,255,255,1.0,0.0,0.0,0.0,0.0,0.0,0.0,0,115738.0
0,tcp,ldap,REJ,0,0,0,0,0,0,0,0,0,113,0.0,0.0,1.0,1.0,0.04,0.08,0.0,237,5,0.02,0.07,0.0,0.0,0.0,0.0,1.0,1,57142.0
0,tcp,private,S0,0,0,0,0,0,0,0,0,0,116,1.0,1.0,0.0,0.0,0.03,0.06,0.0,255,28,0.11,0.05,0.0,0.0,1.0,1.0,0.0,1,104597.0
3,tcp,private,REJ,0,0,0,0,0,0,0,0,0,253,0.04,0.0,0.94,1.0,0.0,1.0,0.0,255,1,0.0,0.97,0.0,0.0,0.04,0.0,1.0,1,46267.0
0,udp,private,SF,105,146,0,0,0,0,0,0,0,6,0.0,0.0,0.0,0.0,0.33,0.33,0.0,255,228,0.89,0.01,0.01,0.0,0.0,0.0,0.0,0,45766.0
0,tcp,private,S0,0,0,0,0,0,0,0,0,0,76,1.0,1.0,0.0,0.0,0.13,0.07,0.0,255,1,0.0,0.07,0.0,0.0,1.0,1.0,0.0,1,95333.0
16,tcp,smtp,SF,947,330,0,0,1,0,0,0,0,1,0.0,0.0,0.0,0.0,1.0,0.0,0.0,37,28,0.76,0.08,0.03,0.0,0.0,0.0,0.0,0,20606.0
12,tcp,smtp,SF,926,330,0,0,1,0,0,0,0,1,0.0,0.0,0.0,0.0,1.0,0.0,0.0,57,36,0.58,0.04,0.02,0.06,0.0,0.0,0.0,0,13206.0
0,tcp,bgp,REJ,0,0,0,0,0,0,0,0,0,207,0.0,0.0,1.0,1.0,0.01,0.07,0.0,255,3,0.01,0.08,0.0,0.0,0.0,0.0,1.0,1,110695.0
0,tcp,ftp_data,S0,0,0,0,0,0,0,0,0,0,27,1.0,1.0,0.0,0.0,0.26,0.07,0.0,27,34,0.26,0.07,0.04,0.06,1.0,0.21,0.0,1,115166.0
0,tcp,sql_net,REJ,0,0,0,0,0,0,0,0,0,191,0.0,0.0,1.0,1.0,0.1,0.07,0.0,255,20,0.08,0.07,0.0,0.0,0.0,0.0,1.0,1,119048.0
6401,udp,other,SF,147,105,0,0,0,0,0,0,0,1,0.0,0.0,0.0,0.0,1.0,0.0,0.0,255,1,0.0,0.49,0.89,0.0,0.0,0.0,0.0,0,113294.0
0,tcp,gopher,S0,0,0,0,0,0,0,0,0,0,215,1.0,1.0,0.0,0.0,0.0,0.07,0.0,255,1,0.0,0.08,0.0,0.0,1.0,1.0,0.0,1,86924.0
0,icmp,eco_i,SF,18,0,0,0,0,0,0,0,0,1,0.0,0.0,0.0,0.0,1.0,0.0,0.0,1,158,1.0,0.0,1.0,1.0,0.0,0.0,0.0,1,11152.0
0,tcp,http,SF,270,3247,0,0,1,0,0,0,0,7,0.0,0.0,0.0,0.0,1.0,0.0,0.0,21,45,1.0,0.0,0.05,0.04,0.0,0.0,0.0,0,118010.0
0,tcp,http,SF,256,2005,0,0,1,0,0,0,0,6,0.0,0.0,0.0,0.0,1.0,0.0,0.4,255,255,1.0,0.0,0.0,0.0,0.0,0.0,0.0,0,37737.0
0,tcp,gopher,S0,0,0,0,0,0,0,0,0,0,233,1.0,1.0,0.0,0.0,0.0,0.06,0.0,255,1,0.0,0.05,0.0,0.0,1.0,1.0,0.0,1,89612.0
0,tcp,bgp,S0,0,0,0,0,0,0,0,0,0,231,1.0,1.0,0.0,0.0,0.07,0.05,0.0,189,16,0.08,0.06,0.01,0.0,0.99,1.0,0.0,1,46803.0
0,tcp,name,S0,0,0,0,0,0,0,0,0,0,237,1.0,1.0,0.0,0.0,0.0,0.05,0.0,255,1,0.0,0.06,0.0,0.0,1.0,1.0,0.0,1,73085.0
0,tcp,bgp,S0,0,0,0,0,0,0,0,0,0,264,1.0,1.0,0.0,0.0,0.08,0.06,0.0,255,15,0.06,0.07,0.0,0.0,1.0,1.0,0.0,1,114270.0
0,tcp,http,SF,197,810,0,0,1,0,0,0,0,5,0.2,0.2,0.0,0.0,1.0,0.0,0.0,255,255,1.0,0.0,0.0,0.0,0.0,0.0,0.0,0,46270.0
0,tcp,http,SF,209,3002,0,0,1,0,0,0,0,2,0.0,0.0,0.0,0.0,1.0,0.0,0.0,2,255,1.0,0.0,0.5,0.05,0.0,0.0,0.0,0,102991.0
0,tcp,private,RSTR,0,0,0,0,0,0,0,0,0,1,0.0,0.0,1.0,1.0,1.0,0.0,0.0,204,1,0.0,0.2,0.18,0.0,0.0,0.0,1.0,1,65270.0
0,tcp,http,SF,249,290,0,0,1,0,0,0,0,29,0.0,0.0,0.0,0.0,1.0,0.0,0.14,255,255,1.0,0.0,0.0,0.0,0.0,0.0,0.0,0,125867.0
756,udp,other,SF,147,105,0,0,0,0,0,0,0,1,0.0,0.0,0.0,0.0,1.0,0.0,0.0,255,1,0.0,0.62,0.95,0.0,0.0,0.0,0.0,0,10715.0
0,tcp,http,REJ,0,0,0,0,0,0,0,0,0,1,0.0,0.0,1.0,1.0,1.0,0.0,0.0,255,255,1.0,0.0,0.0,0.0,0.0,0.0,0.21,0,8111.0
0,tcp,private,S0,0,0,0,0,0,0,0,0,0,210,1.0,1.0,0.0,0.0,0.09,0.06,0.0,255,19,0.07,0.05,0.0,0.0,1.0,1.0,0.0,1,76012.0
0,tcp,uucp,S0,0,0,0,0,0,0,0,0,0,106,1.0,1.0,0.0,0.0,0.01,0.08,0.0,255,1,0.0,0.06,0.0,0.0,1.0,1.0,0.0,1,23175.0
0,tcp,ftp_data,SF,854,0,0,0,1,0,0,0,0,2,0.0,0.0,0.0,0.0,1.0,0.0,0.67,8,54,1.0,0.0,1.0,0.04,0.0,0.0,0.0,0,23734.0
0,tcp,ftp_data,SF,334,0,0,0,1,0,0,0,0,2,0.0,0.0,0.0,0.0,1.0,0.0,0.0,2,45,1.0,0.0,1.0,0.13,0.0,0.0,0.0,1,86963.0
0,tcp,http,SF,291,18022,0,0,1,0,0,0,0,9,0.0,0.0,0.0,0.0,1.0,0.0,0.0,9,228,1.0,0.0,0.11,0.03,0.0,0.0,0.0,0,74134.0
0,tcp,private,S0,0,0,0,0,0,0,0,0,0,134,1.0,1.0,0.0,0.0,0.06,0.06,0.0,255,6,0.02,0.06,0.0,0.0,1.0,1.0,0.0,1,67366.0
0,tcp,http,SF,143,9567,0,0,1,0,0,0,0,1,0.0,0.0,0.0,0.0,1.0,0.0,0.0,61,255,1.0,0.0,0.02,0.01,0.0,0.0,0.0,0,47627.0
0,udp,private,SF,207,0,0,0,0,0,0,0,0,2,0.0,0.0,0.0,0.0,1.0,0.0,0.0,14,14,1.0,0.0,1.0,0.0,0.0,0.0,0.0,1,112078.0
0,tcp,other,SF,3888,0,0,0,0,0,0,0,0,9,0.11,0.0,0.0,0.0,0.11,0.44,0.0,248,1,0.0,0.03,0.42,0.0,0.0,0.0,0.0,0,64131.0
0,tcp,http,SF,305,313,0,0,1,0,0,0,0,25,0.0,0.0,0.0,0.0,1.0,0.0,0.15,173,255,1.0,0.0,0.01,0.02,0.01,0.01,0.0,0,33261.0
0,tcp,http,SF,251,1989,0,0,1,0,0,0,0,2,0.5,0.5,0.0,0.0,1.0,0.0,0.0,129,255,1.0,0.0,0.01,0.05,0.01,0.0,0.59,0,105660.0
0,tcp,http,REJ,0,0,0,0,0,0,0,0,0,296,0.0,0.0,1.0,1.0,0.06,0.06,0.0,255,19,0.07,0.07,0.0,0.0,0.0,0.0,1.0,1,38922.0
0,tcp,http,SF,318,1378,0,0,1,0,0,0,0,3,0.0,0.0,0.0,0.0,1.0,0.0,0.5,255,255,1.0,0.0,0.0,0.0,0.0,0.0,0.0,0,67969.0
0,udp,other,SF,147,0,0,0,0,0,0,0,0,1,0.0,0.0,0.0,0.0,1.0,0.0,0.0,255,1,0.0,0.41,0.79,0.0,0.0,0.0,0.0,0,54486.0
0,udp,private,SF,1,0,0,0,0,0,0,0,0,120,0.0,0.0,0.0,0.0,0.83,0.03,0.0,255,150,0.59,0.05,1.0,0.0,0.0,0.0,0.0,1,26628.0
0,icmp,eco_i,SF,8,0,0,0,0,0,0,0,0,1,0.0,0.0,0.0,0.0,1.0,0.0,1.0,1,28,1.0,0.0,1.0,0.54,0.0,0.0,0.0,1,551.0
0,icmp,eco_i,SF,8,0,0,0,0,0,0,0,0,1,0.0,0.0,0.0,0.0,1.0,0.0,1.0,101,155,0.01,0.02,0.01,0.5,0.01,0.0,0.0,1,78118.0
0,tcp,http,SF,312,2108,0,0,1,0,0,0,0,3,0.0,0.0,0.0,0.0,1.0,0.0,0.27,255,255,1.0,0.0,0.0,0.0,0.0,0.0,0.0,0,87376.0
0,tcp,http,SF,235,309,0,0,1,0,0,0,0,14,0.0,0.0,0.0,0.0,1.0,0.0,0.12,255,255,1.0,0.0,0.0,0.0,0.0,0.0,0.0,0,41708.0
0,tcp,http,SF,225,758,0,0,1,0,0,0,0,1,0.0,0.0,0.0,0.0,1.0,0.0,0.0,2,255,1.0,0.0,0.5,0.01,0.0,0.0,0.0,0,17310.0
0,tcp,http,REJ,0,0,0,0,0,0,0,0,0,1,0.0,0.0,1.0,1.0,1.0,0.0,0.0,3,160,1.0,0.0,0.33,0.05,0.0,0.01,0.99,0,15740.0
0,tcp,http,SF,244,1063,0,0,1,0,0,0,0,5,0.0,0.0,0.0,0.0,1.0,0.0,0.33,255,255,1.0,0.0,0.0,0.0,0.0,0.0,0.0,0,114512.0
0,tcp,http,SF,268,487,0,0,1,0,0,0,0,6,0.0,0.0,0.0,0.0,1.0,0.0,0.38,36,255,1.0,0.0,0.03,0.05,0.0,0.0,0.0,0,71375.0
0,tcp,bgp,S0,0,0,0,0,0,0,0,0,0,217,1.0,1.0,0.0,0.0,0.0,0.06,0.0,255,20,0.08,0.06,0.0,0.0,1.0,1.0,0.0,1,50206.0
0,tcp,http,SF,300,1195,0,0,1,0,0,0,0,2,0.0,0.0,0.0,0.0,1.0,0.0,0.67,37,255,1.0,0.0,0.03,0.03,0.0,0.0,0.0,0,23935.0
0,tcp,http,SF,369,1588,0,0,1,0,0,0,0,4,0.0,0.0,0.0,0.0,1.0,0.0,0.31,57,255,1.0,0.0,0.02,0.05,0.0,0.0,0.0,0,25848.0
0,tcp,http,SF,345,5645,0,0,1,0,0,0,0,16,0.0,0.0,0.0,0.0,1.0,0.0,0.0,255,255,1.0,0.0,0.0,0.0,0.0,0.0,0.0,0,54798.0
0,tcp,Z39_50,S0,0,0,0,0,0,0,0,0,0,115,1.0,1.0,0.0,0.0,0.1,0.06,0.0,255,13,0.05,0.07,0.0,0.0,1.0,1.0,0.0,1,16004.0
0,tcp,private,S0,0,0,0,0,0,0,0,0,0,109,1.0,1.0,0.0,0.0,0.05,0.07,0.0,255,8,0.03,0.07,0.0,0.0,1.0,1.0,0.0,1,18402.0
0,tcp,smtp,S0,0,0,0,0,0,0,0,0,0,216,1.0,1.0,0.0,0.0,0.01,0.06,0.0,255,2,0.01,0.06,0.0,0.0,1.0,1.0,0.0,1,13261.0
1,tcp,smtp,SF,2033,333,0,0,1,0,0,0,0,1,0.0,0.0,0.0,0.0,1.0,0.0,1.0,119,94,0.4,0.04,0.01,0.02,0.0,0.0,0.0,0,67124.0
0,tcp,http,SF,291,13599,0,0,1,0,0,0,0,17,0.0,0.0,0.0,0.0,1.0,0.0,0.0,255,255,1.0,0.0,0.0,0.0,0.0,0.0,0.0,0,29741.0
0,tcp,private,S0,0,0,0,0,0,0,0,0,0,220,1.0,1.0,0.0,0.0,0.05,0.08,0.0,255,11,0.04,0.09,0.0,0.0,1.0,1.0,0.0,1,39691.0
0,tcp,http,SF,221,189,0,0,1,0,0,0,0,8,0.0,0.0,0.0,0.0,1.0,0.0,0.3,16,255,1.0,0.0,0.06,0.05,0.0,0.0,0.0,0,125350.0
0,tcp,http,S0,0,0,0,0,0,0,0,0,0,7,0.86,0.8,0.14,0.2,0.57,0.43,0.4,255,21,0.08,0.06,0.0,0.0,1.0,1.0,0.0,1,93686.0
0,tcp,private,S0,0,0,0,0,0,0,0,0,0,106,1.0,1.0,0.0,0.0,0.06,0.08,0.0,255,5,0.02,0.07,0.0,0.0,1.0,1.0,0.0,1,104400.0
0,tcp,http,SF,229,2197,0,0,1,0,0,0,0,1,0.0,0.0,0.0,0.0,1.0,0.0,0.0,113,255,1.0,0.0,0.01,0.03,0.0,0.0,0.0,0,122504.0
0,tcp,http,SF,211,321,0,0,1,0,0,0,0,7,0.0,0.0,0.0,0.0,1.0,0.0,0.22,255,255,1.0,0.0,0.0,0.0,0.0,0.0,0.0,0,123942.0
0,tcp,http,SF,206,2782,0,0,1,0,0,0,0,21,0.0,0.0,0.0,0.0,1.0,0.0,0.0,255,255,1.0,0.0,0.0,0.0,0.0,0.0,0.0,0,111114.0
0,tcp,http,SF,289,2488,0,0,1,0,0,0,0,4,0.0,0.0,0.0,0.0,1.0,0.0,0.0,255,255,1.0,0.0,0.01,0.0,0.0,0.0,0.0,0,1175.0
26,tcp,ftp,SF,334,1063,0,6,1,0,0,0,0,1,0.0,0.0,0.0,0.0,1.0,0.0,0.0,151,6,0.04,0.03,0.01,0.0,0.0,0.0,0.0,0,34100.0
0,tcp,http,SF,323,866,0,0,1,0,0,0,0,38,0.0,0.0,0.0,0.0,1.0,0.0,0.05,80,255,1.0,0.0,0.01,0.03,0.0,0.0,0.0,0,12613.0
2,tcp,private,RSTR,0,0,0,0,0,0,0,0,0,427,0.0,0.0,1.0,1.0,0.0,0.52,0.0,255,2,0.01,0.51,1.0,0.0,0.0,0.0,1.0,1,117147.0
0,tcp,systat,S0,0,0,0,0,0,0,0,0,0,190,1.0,1.0,0.0,0.0,0.03,0.08,0.0,255,5,0.02,0.07,0.0,0.0,1.0,1.0,0.0,1,20375.0
0,tcp,private,S0,0,0,0,0,0,0,0,0,0,159,0.83,1.0,0.0,0.0,0.01,0.06,0.0,255,18,0.07,0.06,0.0,0.0,1.0,1.0,0.0,1,83654.0
0,tcp,smtp,SF,1223,333,0,0,1,0,0,0,0,1,0.0,0.0,0.0,0.0,1.0,0.0,0.0,78,246,0.96,0.03,0.01,0.01,0.0,0.0,0.0,0,10462.0
0,tcp,smtp,SF,125,235,0,0,1,0,0,0,0,1,0.0,0.0,0.0,0.0,1.0,0.0,0.0,103,89,0.3,0.69,0.01,0.02,0.0,0.0,0.0,0,102801.0
0,tcp,ftp_data,SF,879,0,0,0,1,0,0,0,0,13,0.0,0.0,0.0,0.0,1.0,0.0,0.0,237,113,0.46,0.02,0.46,0.02,0.0,0.0,0.0,0,18443.0
0,icmp,eco_i,SF,8,0,0,0,0,0,0,0,0,1,0.0,0.0,0.0,0.0,1.0,0.0,0.0,7,5,0.71,0.43,0.71,0.0,0.0,0.0,0.0,1,13919.0
0,tcp,daytime,S0,0,0,0,0,0,0,0,0,0,298,1.0,1.0,0.0,0.0,0.05,0.06,0.0,255,16,0.06,0.07,0.0,0.0,1.0,1.0,0.0,1,76886.0
0,tcp,http,S2,234,0,0,1,1,0,0,0,0,1,1.0,0.5,0.0,0.0,1.0,0.0,1.0,10,255,1.0,0.0,0.1,0.03,0.1,0.02,0.0,0,32283.0
0,tcp,link,REJ,0,0,0,0,0,0,0,0,0,238,0.0,0.0,1.0,1.0,0.02,0.07,0.0,255,4,0.02,0.08,0.0,0.0,0.0,0.0,1.0,1,85598.0
0,tcp,discard,S0,0,0,0,0,0,0,0,0,0,234,1.0,1.0,0.0,0.0,0.01,0.06,0.0,255,2,0.01,0.06,0.0,0.0,1.0,1.0,0.0,1,4115.0
0,tcp,private,S0,0,0,0,0,0,0,0,0,0,175,1.0,1.0,0.0,0.0,0.02,0.07,0.0,255,4,0.02,0.07,0.0,0.0,1.0,1.0,0.0,1,91146.0
0,tcp,private,REJ,0,0,0,0,0,0,0,0,0,102,0.0,0.0,1.0,1.0,0.04,0.06,0.0,255,4,0.02,0.07,0.0,0.0,0.0,0.0,1.0,1,79100.0
0,icmp,eco_i,SF,8,0,0,0,0,0,0,0,0,1,0.0,0.0,0.0,0.0,1.0,0.0,1.0,4,255,1.0,0.0,1.0,0.25,0.0,0.0,0.0,1,104404.0
0,tcp,http,S0,0,0,0,0,0,0,0,0,0,144,1.0,1.0,0.0,0.0,0.1,0.06,0.0,255,9,0.04,0.07,0.0,0.0,1.0,1.0,0.0,1,118082.0
0,tcp,http,SF,341,1672,0,0,1,0,0,0,0,11,0.0,0.0,0.0,0.0,1.0,0.0,0.14,29,255,1.0,0.0,0.03,0.03,0.0,0.0,0.0,0,94405.0
0,udp,domain_u,SF,43,76,0,0,0,0,0,0,0,209,0.0,0.0,0.0,0.0,1.0,0.0,0.0,255,232,0.91,0.01,0.0,0.0,0.0,0.0,0.0,0,73628.0
0,tcp,auth,REJ,0,0,0,0,0,0,0,0,0,139,0.0,0.0,1.0,1.0,0.04,0.07,0.0,255,5,0.02,0.07,0.0,0.0,0.0,0.0,1.0,1,56799.0
0,tcp,http,SF,318,512,0,0,1,0,0,0,0,14,0.0,0.0,0.0,0.0,1.0,0.0,0.0,42,255,1.0,0.0,0.02,0.01,0.0,0.0,0.0,0,116050.0
13339,tcp,telnet,SF,367,7286,0,0,1,0,0,0,0,1,0.0,0.0,0.0,0.0,1.0,0.0,0.0,209,105,0.5,0.01,0.0,0.0,0.96,0.95,0.0,0,9878.0
0,udp,domain_u,SF,45,87,0,0,0,0,0,0,0,227,0.0,0.0,0.0,0.0,1.0,0.01,0.0,255,243,0.95,0.02,0.0,0.0,0.0,0.0,0.0,0,102180.0
0,tcp,exec,RSTO,0,0,0,0,0,0,0,0,0,116,0.0,0.0,1.0,1.0,0.03,0.07,0.0,255,3,0.01,0.07,0.0,0.0,0.0,0.0,1.0,1,70631.0
0,tcp,ftp_data,SF,7012,0,0,0,1,0,0,0,0,2,0.0,0.0,0.0,0.0,1.0,0.0,0.0,106,29,0.27,0.07,0.3,0.0,0.02,0.07,0.0,0,81106.0
0,tcp,http,SF,206,572,0,0,1,0,0,0,0,15,0.0,0.0,0.0,0.0,1.0,0.0,0.05,255,255,1.0,0.0,0.0,0.0,0.0,0.0,0.01,0,32988.0
9650,udp,other,SF,147,105,0,0,0,0,0,0,0,6,0.0,0.0,0.0,0.0,0.33,0.5,0.0,255,4,0.02,0.42,0.93,0.0,0.0,0.0,0.0,0,33904.0
10339,udp,other,SF,146,105,0,0,0,0,0,0,0,1,0.0,0.0,0.0,0.0,1.0,0.0,0.0,255,1,0.0,0.75,1.0,0.0,0.0,0.0,0.0,0,29780.0
0,tcp,private,REJ,0,0,0,0,0,0,0,0,0,112,0.0,0.0,1.0,1.0,0.01,0.09,0.0,255,1,0.0,0.09,0.0,0.0,0.0,0.0,1.0,1,111282.0
0,tcp,http,SF,313,6693,0,0,1,0,0,0,0,9,0.0,0.0,0.0,0.0,1.0,0.0,0.14,98,255,1.0,0.0,0.01,0.02,0.0,0.0,0.0,0,35864.0
0,udp,domain_u,SF,46,128,0,0,0,0,0,0,0,77,0.0,0.0,0.0,0.0,1.0,0.0,0.01,255,254,1.0,0.01,0.0,0.0,0.0,0.0,0.0,0,31617.0
0,tcp,shell,RSTO,0,0,0,0,0,0,0,0,0,118,0.0,0.0,1.0,1.0,0.11,0.07,0.0,255,13,0.05,0.06,0.0,0.0,0.0,0.0,1.0,1,66551.0
0,tcp,smtp,SF,1356,403,0,0,1,0,0,0,0,1,0.0,0.0,0.0,0.0,1.0,0.0,0.0,255,35,0.14,0.06,0.0,0.0,0.63,0.0,0.0,0,102777.0
0,tcp,netstat,REJ,0,0,0,0,0,0,0,0,0,107,0.0,0.0,1.0,1.0,0.05,0.07,0.0,255,5,0.02,0.07,0.0,0.0,0.0,0.0,1.0,1,1951.0
0,tcp,private,S0,0,0,0,0,0,0,0,0,0,241,1.0,1.0,0.0,0.0,0.08,0.05,0.0,199,19,0.1,0.06,0.01,0.0,0.99,1.0,0.0,1,46401.0
0,icmp,ecr_i,SF,520,0,0,0,0,0,0,0,0,449,0.0,0.0,0.0,0.0,1.0,0.0,0.0,221,221,1.0,0.0,1.0,0.0,0.0,0.0,0.0,1,76486.0
0,udp,domain_u,SF,42,42,0,0,0,0,0,0,0,5,0.0,0.0,0.0,0.0,1.0,0.0,0.3,255,241,0.95,0.01,0.01,0.0,0.0,0.0,0.0,0,114041.0
0,tcp,smtp,SF,2768,406,0,0,1,0,0,0,0,1,0.0,0.0,0.0,0.0,1.0,0.0,1.0,108,61,0.56,0.06,0.01,0.0,0.02,0.0,0.02,0,103968.0
13428,tcp,telnet,SF,10287,16696,0,0,1,1,0,0,0,1,0.0,0.0,0.0,0.0,1.0,0.0,0.0,255,12,0.05,0.06,0.0,0.0,0.87,0.0,0.17,0,24903.0
0,tcp,domain,SF,48,488,0,0,1,0,0,0,0,49,0.0,0.0,0.0,0.0,0.02,0.04,0.0,255,1,0.0,0.02,0.0,0.0,0.0,0.0,0.0,0,42324.0
0,tcp,private,S0,0,0,0,0,0,0,0,0,0,286,1.0,1.0,0.0,0.0,0.01,0.06,0.0,255,4,0.02,0.06,0.0,0.0,1.0,1.0,0.0,1,24423.0
0,tcp,http,SF,247,21385,0,0,1,0,0,0,0,6,0.33,0.28,0.0,0.0,1.0,0.0,0.22,14,255,1.0,0.0,0.07,0.05,0.07,0.0,0.05,0,123081.0
0,tcp,daytime,S0,0,0,0,0,0,0,0,0,0,297,1.0,1.0,0.0,0.0,0.08,0.05,0.0,255,25,0.1,0.05,0.0,0.0,1.0,1.0,0.0,1,40164.0
0,tcp,private,S0,0,0,0,0,0,0,0,0,0,277,1.0,1.0,0.0,0.0,0.03,0.05,0.0,255,7,0.03,0.07,0.0,0.0,1.0,1.0,0.0,1,20565.0
0,tcp,sql_net,S0,0,0,0,0,0,0,0,0,0,268,1.0,1.0,0.0,0.0,0.01,0.06,0.0,255,4,0.02,0.08,0.0,0.0,1.0,1.0,0.0,1,47752.0
42529,tcp,private,RSTR,1,0,0,0,0,0,0,0,0,2,0.0,0.0,1.0,1.0,1.0,0.0,0.0,154,2,0.01,0.13,0.22,0.0,0.0,0.0,1.0,1,99034.0
0,tcp,ftp_data,SF,246,0,0,0,1,0,0,0,0,1,0.0,0.0,0.0,0.0,1.0,0.0,0.0,2,35,1.0,0.0,1.0,0.14,0.0,0.0,0.0,1,108166.0
0,tcp,http_443,REJ,0,0,0,0,0,0,0,0,0,70,0.0,0.0,1.0,1.0,0.06,0.09,0.0,255,4,0.02,0.06,0.0,0.0,0.0,0.0,1.0,1,50111.0
0,tcp,private,S0,0,0,0,0,0,0,0,0,0,264,1.0,1.0,0.0,0.0,0.02,0.06,0.0,255,6,0.02,0.07,0.0,0.0,1.0,1.0,0.0,1,115973.0
1,tcp,smtp,SF,1082,333,0,0,1,0,0,0,0,1,0.0,0.0,0.0,0.0,1.0,0.0,1.0,168,174,0.71,0.02,0.01,0.01,0.0,0.0,0.0,0,93525.0
0,tcp,private,S0,0,0,0,0,0,0,0,0,0,93,1.0,1.0,0.0,0.0,0.1,0.09,0.0,255,7,0.03,0.08,0.0,0.0,1.0,1.0,0.0,1,43233.0
0,tcp,telnet,RSTO,126,179,0,1,0,0,0,0,0,1,0.0,0.0,1.0,1.0,1.0,0.0,0.0,27,27,1.0,0.0,0.04,0.0,0.07,0.07,0.93,1,118390.0
0,tcp,http,SF,249,295,0,0,1,0,0,0,0,2,0.0,0.0,0.0,0.0,1.0,0.0,0.0,38,255,1.0,0.0,0.03,0.04,0.0,0.0,0.0,0,115636.0
0,tcp,imap4,S0,0,0,0,0,0,0,0,0,0,300,1.0,1.0,0.0,0.0,0.07,0.06,0.0,255,13,0.05,0.07,0.0,0.0,1.0,1.0,0.0,1,50803.0
0,udp,private,SF,1,0,0,0,0,0,0,0,0,108,0.0,0.0,0.0,0.0,0.66,0.06,0.0,255,131,0.51,0.06,1.0,0.0,0.0,0.0,0.0,1,114930.0
27,tcp,ftp,SF,1221,3380,0,24,1,0,0,0,0,1,0.0,0.0,0.0,0.0,1.0,0.0,0.0,255,68,0.27,0.02,0.0,0.0,0.0,0.0,0.0,0,82702.0
0,tcp,vmnet,S0,0,0,0,0,0,0,0,0,0,231,1.0,1.0,0.0,0.0,0.03,0.06,0.0,255,8,0.03,0.08,0.0,0.0,1.0,1.0,0.0,1,56396.0
0,tcp,http,SF,264,2274,0,0,1,0,0,0,0,10,0.0,0.0,0.0,0.0,1.0,0.0,0.18,255,255,1.0,0.0,0.0,0.0,0.0,0.0,0.0,0,105327.0
0,tcp,time,S0,0,0,0,0,0,0,0,0,0,149,1.0,1.0,0.0,0.0,0.13,0.05,0.0,255,13,0.05,0.06,0.0,0.0,1.0,1.0,0.0,1,6412.0
0,tcp,vmnet,S0,0,0,0,0,0,0,0,0,0,272,1.0,1.0,0.0,0.0,0.0,0.06,0.0,255,1,0.0,0.08,0.0,0.0,1.0,1.0,0.0,1,28516.0
0,tcp,exec,S0,0,0,0,0,0,0,0,0,0,100,1.0,1.0,0.0,0.0,0.08,0.07,0.0,255,20,0.08,0.07,0.0,0.0,1.0,1.0,0.0,1,60502.0
0,tcp,http,SF,249,1779,0,0,1,0,0,0,0,2,0.0,0.0,0.0,0.0,1.0,0.0,0.0,37,255,1.0,0.0,0.03,0.02,0.0,0.0,0.0,0,121349.0
0,tcp,ftp_data,SF,26408,0,0,0,1,0,0,0,0,12,0.0,0.0,0.0,0.0,1.0,0.0,0.0,236,111,0.45,0.03,0.45,0.02,0.0,0.0,0.0,0,123660.0
0,tcp,http,SF,301,2507,0,0,1,0,0,0,0,5,0.0,0.0,0.0,0.0,1.0,0.0,0.0,255,240,0.94,0.02,0.0,0.0,0.0,0.0,0.0,0,92607.0
3,tcp,ftp_data,SF,2194619,0,0,0,1,0,0,0,0,2,0.0,0.0,0.0,0.0,1.0,0.0,0.0,188,40,0.21,0.02,0.21,0.0,0.01,0.0,0.0,0,52930.0
0,tcp,http,SF,226,686,0,0,1,0,0,0,0,10,0.0,0.0,0.0,0.0,1.0,0.0,0.25,67,255,1.0,0.0,0.01,0.01,0.0,0.0,0.0,0,41607.0
0,tcp,private,S0,0,0,0,0,0,0,0,0,0,280,1.0,1.0,0.0,0.0,0.02,0.06,0.0,255,16,0.06,0.06,0.0,0.0,1.0,1.0,0.0,1,2684.0
0,tcp,http,SF,256,13598,0,0,1,0,0,0,0,1,0.0,0.0,0.0,0.0,1.0,0.0,0.0,2,255,1.0,0.0,0.5,0.06,0.0,0.0,0.0,0,93531.0
0,tcp,smtp,SF,1573,329,0,0,1,0,0,0,2,1,0.0,0.0,0.0,0.0,1.0,0.0,0.0,68,157,0.88,0.04,0.01,0.01,0.0,0.0,0.0,0,13692.0
0,tcp,http,SF,261,585,0,0,1,0,0,0,0,1,0.0,0.0,0.0,0.0,1.0,0.0,0.0,255,254,1.0,0.01,0.0,0.0,0.0,0.0,0.0,0,16107.0
0,tcp,http,SF,219,787,0,0,1,0,0,0,0,3,0.33,0.33,0.0,0.0,1.0,0.0,0.0,255,255,1.0,0.0,0.0,0.0,0.0,0.0,0.0,0,5014.0
0,tcp,private,S0,0,0,0,0,0,0,0,0,0,116,1.0,1.0,0.0,0.0,0.08,0.06,0.0,255,14,0.05,0.07,0.0,0.0,1.0,1.0,0.0,1,12369.0
0,tcp,http,SF,205,1600,0,0,1,0,0,0,0,4,0.0,0.0,0.0,0.0,1.0,0.0,0.0,19,255,1.0,0.0,0.05,0.05,0.0,0.0,0.0,0,57794.0
0,tcp,klogin,S0,0,0,0,0,0,0,0,0,0,150,1.0,1.0,0.0,0.0,0.11,0.05,0.0,255,16,0.06,0.07,0.0,0.0,1.0,1.0,0.0,1,80242.0
0,tcp,private,S0,0,0,0,0,0,0,0,0,0,110,1.0,1.0,0.0,0.0,0.06,0.07,0.0,255,7,0.03,0.06,0.0,0.0,1.0,1.0,0.0,1,4224.0
1,tcp,smtp,SF,575,334,0,0,1,0,0,0,0,1,0.0,0.0,0.0,0.0,1.0,0.0,1.0,66,110,0.61,0.06,0.02,0.02,0.0,0.0,0.0,0,99182.0
0,tcp,http,SF,217,553,0,0,1,0,0,0,0,16,0.0,0.0,0.0,0.0,1.0,0.0,0.12,94,255,1.0,0.0,0.01,0.05,0.0,0.0,0.0,0,113562.0
0,tcp,http,SF,208,25395,0,0,1,0,0,0,0,8,0.0,0.0,0.0,0.0,1.0,0.0,0.0,8,255,1.0,0.0,0.12,0.08,0.0,0.0,0.0,0,81611.0
0,tcp,http,SF,291,3377,0,0,1,0,0,0,0,4,0.0,0.0,0.0,0.0,1.0,0.0,0.0,109,255,1.0,0.0,0.01,0.04,0.0,0.0,0.0,0,93448.0
0,tcp,gopher,S0,0,0,0,0,0,0,0,0,0,228,1.0,1.0,0.0,0.0,0.03,0.07,0.0,255,7,0.03,0.09,0.0,0.0,1.0,1.0,0.0,1,41091.0
0,tcp,finger,S0,0,0,0,0,0,0,0,0,0,44,1.0,1.0,0.0,0.0,0.32,0.09,0.0,255,48,0.19,0.04,0.01,0.0,1.0,1.0,0.0,1,66780.0
0,tcp,finger,S0,0,0,0,0,0,0,0,0,0,29,1.0,1.0,0.0,0.0,0.38,0.1,0.0,255,68,0.27,0.02,0.01,0.0,1.0,1.0,0.0,1,63803.0
0,tcp,http,SF,234,1316,0,0,1,0,0,0,0,31,0.0,0.0,0.0,0.0,1.0,0.0,0.05,136,254,1.0,0.0,0.01,0.01,0.01,0.0,0.0,0,80399.0
1,udp,private,SF,105,146,0,0,0,0,0,0,0,2,0.0,0.0,0.0,0.0,1.0,0.0,0.0,255,253,0.99,0.01,0.01,0.0,0.0,0.0,0.0,0,31659.0
0,tcp,http,SF,343,255,0,0,1,0,0,0,0,8,0.0,0.0,0.0,0.0,1.0,0.0,0.0,255,255,1.0,0.0,0.0,0.0,0.0,0.0,0.0,0,20645.0
0,tcp,http,SF,203,3719,0,0,1,0,0,0,0,2,0.0,0.0,0.0,0.0,1.0,0.0,0.4,2,255,1.0,0.0,0.5,0.04,0.0,0.0,0.0,0,25897.0
0,tcp,http,SF,237,2748,0,0,1,0,0,0,0,3,0.0,0.0,0.0,0.0,1.0,0.0,0.6,78,255,1.0,0.0,0.01,0.05,0.0,0.0,0.04,0,122231.0
0,tcp,http,SF,300,2892,0,0,1,0,0,0,0,20,0.0,0.0,0.0,0.03,1.0,0.0,0.1,255,255,1.0,0.0,0.0,0.0,0.0,0.0,0.0,0,85409.0
0,tcp,nntp,RSTO,0,0,0,0,0,0,0,0,0,253,0.0,0.0,1.0,1.0,0.03,0.06,0.0,255,7,0.03,0.08,0.0,0.0,0.0,0.0,1.0,1,66376.0
0,tcp,private,S0,0,0,0,0,0,0,0,0,0,119,1.0,1.0,0.0,0.0,0.12,0.07,0.0,21,14,0.67,0.14,0.05,0.0,1.0,1.0,0.0,1,91686.0
0,tcp,http,SF,239,8412,0,0,1,0,0,0,0,15,0.0,0.0,0.0,0.0,1.0,0.0,0.0,255,255,1.0,0.0,0.0,0.0,0.0,0.0,0.0,0,74774.0
0,tcp,http,SF,251,272,0,0,1,0,0,0,0,3,0.0,0.0,0.0,0.0,1.0,0.0,0.0,255,251,0.98,0.01,0.0,0.0,0.0,0.0,0.0,0,125437.0
0,udp,domain_u,SF,71,44,0,0,0,0,0,0,0,22,0.0,0.0,0.0,0.0,1.0,0.0,0.0,255,226,0.89,0.01,0.13,0.0,0.0,0.0,0.0,0,28252.0
0,tcp,http,SF,228,1247,0,0,1,0,0,0,0,13,0.0,0.0,0.0,0.0,1.0,0.0,0.0,255,255,1.0,0.0,0.0,0.0,0.0,0.0,0.0,0,78734.0
0,tcp,private,REJ,0,0,0,0,0,0,0,0,0,385,0.06,0.0,0.92,1.0,0.0,1.0,0.0,255,1,0.0,1.0,0.0,0.0,0.09,0.0,1.0,1,46924.0
0,tcp,smtp,S0,0,0,0,0,0,0,0,0,0,2,0.5,0.5,0.0,0.0,1.0,0.0,0.0,96,143,0.32,0.06,0.03,0.01,0.01,0.01,0.0,0,123400.0
0,tcp,private,S0,0,0,0,0,0,0,0,0,0,238,1.0,1.0,0.0,0.0,0.07,0.06,0.0,255,16,0.06,0.06,0.0,0.0,1.0,1.0,0.0,1,7796.0
0,tcp,http,REJ,0,0,0,0,0,0,0,0,0,1,0.0,0.0,1.0,1.0,1.0,0.0,1.0,73,223,1.0,0.0,0.01,0.11,0.0,0.0,0.94,0,27531.0
0,tcp,other,REJ,0,0,0,0,0,0,0,0,0,508,0.08,0.0,0.92,1.0,0.0,1.0,0.0,255,1,0.0,1.0,0.0,0.0,0.07,0.0,1.0,1,28487.0
0,tcp,smtp,SF,1591,338,0,0,1,0,0,0,0,1,0.0,0.0,0.0,0.0,1.0,0.0,0.0,118,233,0.94,0.02,0.01,0.01,0.0,0.0,0.0,0,37973.0
0,tcp,private,SH,0,0,0,0,0,0,0,0,0,1,1.0,1.0,0.0,0.0,1.0,0.0,0.0,192,1,0.01,0.95,0.96,0.0,0.96,1.0,0.0,1,103288.0
0,tcp,http,SF,244,1480,0,0,1,0,0,0,0,3,0.0,0.0,0.33,0.25,1.0,0.0,0.5,3,255,1.0,0.0,0.33,0.01,0.0,0.0,0.0,0,59169.0
0,tcp,finger,S0,0,0,0,0,0,0,0,0,0,204,1.0,1.0,0.0,0.0,0.08,0.07,0.0,255,16,0.06,0.07,0.0,0.0,1.0,1.0,0.0,1,61969.0
1569,udp,other,SF,147,105,0,0,0,0,0,0,0,1,0.0,0.0,0.0,0.0,1.0,0.0,0.0,255,1,0.0,0.84,1.0,0.0,0.0,0.0,0.0,0,74045.0
0,tcp,daytime,S0,0,0,0,0,0,0,0,0,0,241,1.0,1.0,0.0,0.0,0.07,0.07,0.0,255,18,0.07,0.08,0.0,0.0,1.0,1.0,0.0,1,60252.0
0,tcp,ftp_data,SF,245,0,0,0,0,0,0,0,0,2,0.0,0.0,0.0,0.0,1.0,0.0,0.0,40,72,0.52,0.1,0.52,0.03,0.0,0.0,0.0,0,28407.0
0,tcp,private,S0,0,0,0,0,0,0,0,0,0,100,1.0,1.0,0.0,0.0,0.18,0.06,0.0,255,20,0.08,0.08,0.0,0.0,1.0,1.0,0.0,1,64934.0
0,tcp,private,S0,0,0,0,0,0,0,0,0,0,116,1.0,1.0,0.0,0.0,0.07,0.05,0.0,255,8,0.03,0.05,0.0,0.0,1.0,1.0,0.0,1,91343.0
0,udp,domain_u,SF,44,69,0,0,0,0,0,0,0,149,0.0,0.0,0.0,0.0,1.0,0.0,0.0,255,224,0.88,0.01,0.0,0.0,0.0,0.0,0.0,0,10571.0
0,tcp,login,RSTO,0,0,0,0,0,0,0,0,0,149,0.0,0.0,1.0,1.0,0.13,0.05,0.0,255,20,0.08,0.05,0.0,0.0,0.0,0.0,1.0,1,48697.0
14380,tcp,other,RSTR,1,0,0,0,0,0,0,0,0,2,0.0,0.0,1.0,1.0,1.0,0.0,0.0,255,2,0.01,0.68,1.0,0.0,0.0,0.0,1.0,1,3794.0
0,icmp,eco_i,SF,8,0,0,0,0,0,0,0,0,1,0.0,0.0,0.0,0.0,1.0,0.0,1.0,2,48,1.0,0.0,1.0,0.5,0.0,0.0,0.0,1,119884.0
0,icmp,ecr_i,SF,1032,0,0,0,0,0,0,0,0,511,0.0,0.0,0.0,0.0,1.0,0.0,0.0,255,15,0.06,0.18,0.06,0.0,0.0,0.0,0.0,1,21273.0
0,tcp,http,SF,344,1180,0,0,1,0,0,0,0,15,0.0,0.0,0.0,0.0,1.0,0.0,0.08,38,255,1.0,0.0,0.03,0.04,0.03,0.01,0.0,0,55842.0
2467,udp,other,SF,147,105,0,0,0,0,0,0,0,2,0.0,0.0,0.0,0.0,1.0,0.0,0.0,255,2,0.01,0.87,1.0,0.0,0.0,0.0,0.0,0,18727.0
102,tcp,ftp,SF,1466,4152,0,30,1,0,0,0,0,1,0.0,0.0,0.0,0.0,1.0,0.0,0.0,133,33,0.25,0.03,0.01,0.0,0.0,0.0,0.0,0,25117.0
0,tcp,mtp,REJ,0,0,0,0,0,0,0,0,0,274,0.0,0.0,1.0,1.0,0.03,0.06,0.0,255,8,0.03,0.07,0.0,0.0,0.0,0.0,1.0,1,73990.0
0,tcp,private,S0,0,0,0,0,0,0,0,0,0,288,1.0,1.0,0.0,0.0,0.05,0.06,0.0,255,15,0.06,0.07,0.0,0.0,1.0,1.0,0.0,1,69344.0
0,tcp,private,REJ,0,0,0,0,0,0,0,0,0,57,0.0,0.0,1.0,1.0,0.35,0.07,0.0,255,20,0.08,0.05,0.0,0.0,0.0,0.0,1.0,1,57318.0
0,udp,other,SF,516,4,0,0,0,0,0,0,0,150,0.0,0.0,0.0,0.0,1.0,0.0,0.0,150,150,1.0,0.0,1.0,0.0,0.0,0.0,0.0,0,103738.0
0,tcp,http,SF,181,2467,0,0,1,0,0,0,0,2,0.0,0.0,0.0,0.0,1.0,0.0,0.0,255,250,0.98,0.01,0.0,0.0,0.0,0.0,0.0,0,19012.0
0,tcp,http,SF,194,1288,0,0,1,0,0,0,0,13,0.0,0.0,0.0,0.0,1.0,0.0,0.0,68,255,1.0,0.0,0.01,0.04,0.0,0.0,0.0,0,53424.0
0,tcp,private,REJ,0,0,0,0,0,0,0,0,0,139,0.0,0.0,1.0,1.0,0.1,0.06,0.0,255,3,0.01,0.07,0.0,0.0,0.0,0.0,1.0,1,53578.0
0,tcp,private,S0,0,0,0,0,0,0,0,0,0,289,1.0,1.0,0.0,0.0,0.03,0.06,0.0,255,13,0.05,0.07,0.0,0.0,1.0,1.0,0.0,1,56622.0
0,tcp,kshell,S0,0,0,0,0,0,0,0,0,0,26,1.0,1.0,0.0,0.0,0.38,0.12,0.0,255,10,0.04,0.07,0.0,0.0,1.0,1.0,0.0,1,59377.0
0,tcp,http,SF,255,11189,0,0,1,0,0,0,0,3,0.0,0.0,0.0,0.0,1.0,0.0,0.0,3,34,1.0,0.0,0.33,0.06,0.0,0.0,0.0,0,119559.0
0,tcp,ftp_data,SF,641,0,0,0,1,0,0,0,0,2,0.0,0.0,0.0,0.0,1.0,0.0,0.67,76,71,0.49,0.07,0.49,0.03,0.0,0.0,0.0,0,24140.0
0,icmp,eco_i,SF,8,0,0,0,0,0,0,0,0,1,0.0,0.0,0.0,0.0,1.0,0.0,1.0,1,86,1.0,0.0,1.0,0.51,0.0,0.0,0.0,1,89332.0
0,tcp,smtp,SF,3421,330,0,0,1,0,0,0,0,1,0.0,0.0,0.0,0.0,1.0,0.0,0.0,27,165,0.93,0.07,0.04,0.01,0.0,0.0,0.0,0,38716.0
0,tcp,private,REJ,0,0,0,0,0,0,0,0,0,208,0.0,0.0,1.0,1.0,0.02,0.07,0.0,255,5,0.02,0.1,0.0,0.0,0.0,0.0,1.0,1,79460.0
0,tcp,smtp,SF,1809,330,0,0,1,0,0,0,0,1,0.0,0.0,0.0,0.0,1.0,0.0,1.0,70,139,0.56,0.04,0.01,0.01,0.0,0.0,0.0,0,36057.0
0,tcp,http,SF,224,3707,0,0,1,0,0,0,0,3,0.0,0.0,0.0,0.0,1.0,0.0,0.04,87,255,1.0,0.0,0.01,0.03,0.0,0.0,0.0,0,21386.0
0,tcp,private,S0,0,0,0,0,0,0,0,0,0,240,1.0,1.0,0.0,0.0,0.01,0.06,0.0,255,2,0.01,0.09,0.0,0.0,1.0,1.0,0.0,1,36624.0
0,tcp,auth,S0,0,0,0,0,0,0,0,0,0,230,1.0,1.0,0.0,0.0,0.07,0.06,0.0,255,15,0.06,0.07,0.0,0.0,1.0,1.0,0.0,1,44857.0
0,icmp,eco_i,SF,8,0,0,0,0,0,0,0,0,1,0.0,0.0,0.0,0.0,1.0,0.0,1.0,3,23,1.0,0.0,1.0,0.26,0.0,0.0,0.0,1,32409.0
12,tcp,ftp_data,SF,7045,0,0,0,1,0,0,0,0,1,0.0,0.0,0.0,0.0,1.0,0.0,0.0,6,31,1.0,0.0,1.0,0.16,0.0,0.03,0.0,1,30316.0
0,tcp,http,SF,304,657,0,0,1,0,0,0,0,6,0.0,0.0,0.0,0.0,1.0,0.0,0.18,255,255,1.0,0.0,0.0,0.0,0.0,0.0,0.0,0,57096.0
0,tcp,http,S1,170,11680,0,0,1,0,0,0,0,4,0.25,0.25,0.0,0.0,1.0,0.0,0.0,43,255,1.0,0.0,0.02,0.02,0.07,0.01,0.0,0,4548.0
0,tcp,ldap,S0,0,0,0,0,0,0,0,0,0,52,1.0,1.0,0.0,0.0,0.06,0.1,0.0,255,11,0.04,0.08,0.0,0.0,1.0,1.0,0.0,1,30612.0
0,tcp,Z39_50,S0,0,0,0,0,0,0,0,0,0,200,1.0,1.0,0.0,0.0,0.0,0.06,0.0,255,1,0.0,0.06,0.0,0.0,1.0,1.0,0.0,1,123982.0
0,tcp,ftp_data,SF,3475,0,0,0,1,0,0,0,0,1,0.0,0.0,0.0,0.0,1.0,0.0,0.0,198,45,0.23,0.03,0.23,0.0,0.0,0.0,0.0,0,23113.0
0,tcp,other,SF,15876,0,0,0,1,0,0,0,0,22,0.05,0.0,0.0,0.0,0.05,0.41,0.0,59,1,0.02,0.2,0.58,0.0,0.02,0.0,0.0,0,53863.0
4,tcp,ftp_data,SF,2194619,0,0,0,1,0,0,0,0,1,0.0,0.0,0.0,0.0,1.0,0.0,0.0,151,65,0.32,0.02,0.32,0.03,0.0,0.0,0.0,0,5122.0
0,tcp,name,S0,0,0,0,0,0,0,0,0,0,238,1.0,1.0,0.0,0.0,0.02,0.06,0.0,255,19,0.07,0.06,0.0,0.0,1.0,1.0,0.0,1,108488.0
0,udp,private,SF,1,0,0,0,0,0,0,0,0,83,0.0,0.0,0.0,0.0,0.67,0.05,0.0,255,118,0.46,0.05,1.0,0.0,0.0,0.0,0.0,1,105472.0
0,tcp,uucp,S0,0,0,0,0,0,0,0,0,0,119,1.0,1.0,0.0,0.0,0.08,0.06,0.0,255,9,0.04,0.05,0.0,0.0,1.0,1.0,0.0,1,54926.0
0,tcp,private,REJ,0,0,0,0,0,0,0,0,0,202,0.0,0.0,1.0,1.0,0.03,0.07,0.0,255,6,0.02,0.08,0.0,0.0,0.0,0.0,1.0,1,48581.0
0,udp,domain_u,SF,46,139,0,0,0,0,0,0,0,2,0.0,0.0,0.0,0.0,1.0,0.0,0.05,255,247,0.97,0.01,0.0,0.0,0.0,0.0,0.0,0,73392.0
0,tcp,http,SF,274,4841,0,0,1,0,0,0,0,3,0.0,0.0,0.0,0.0,1.0,0.0,0.5,5,255,1.0,0.0,0.2,0.07,0.0,0.0,0.0,0,6301.0
0,icmp,eco_i,SF,8,0,0,0,0,0,0,0,0,1,0.0,0.0,0.0,0.0,1.0,0.0,1.0,2,252,1.0,0.0,1.0,0.5,0.0,0.0,0.0,1,65678.0
0,tcp,exec,S0,0,0,0,0,0,0,0,0,0,133,1.0,1.0,0.0,0.0,0.02,0.06,0.0,255,2,0.01,0.07,0.0,0.0,1.0,1.0,0.0,1,88602.0
0,tcp,private,S0,0,0,0,0,0,0,0,0,0,114,1.0,1.0,0.0,0.0,0.02,0.06,0.0,255,30,0.12,0.05,0.0,0.0,1.0,1.0,0.0,1,89763.0
2,tcp,smtp,SF,802,329,0,0,1,0,0,0,0,1,0.0,0.0,0.0,0.0,1.0,0.0,0.0,158,158,0.63,0.03,0.01,0.01,0.01,0.01,0.0,0,24190.0
0,tcp,ftp_data,S0,0,0,0,0,0,0,0,0,0,74,1.0,1.0,0.0,0.0,0.26,0.05,0.0,255,69,0.27,0.02,0.0,0.0,1.0,1.0,0.0,1,40007.0
0,tcp,smtp,SF,735,328,0,0,1,0,0,0,0,1,0.0,0.0,0.0,0.0,1.0,0.0,1.0,159,171,0.6,0.04,0.01,0.01,0.0,0.0,0.0,0,116733.0
0,tcp,http,SF,54540,8314,0,2,1,1,0,0,0,2,0.0,0.0,0.0,0.0,1.0,0.0,0.0,78,78,1.0,0.0,0.01,0.0,0.0,0.0,0.18,1,81898.0
0,tcp,http,SF,206,313,0,0,1,0,0,0,0,12,0.0,0.0,0.0,0.0,1.0,0.0,0.0,66,255,1.0,0.0,0.02,0.04,0.0,0.0,0.37,0,105308.0
0,udp,domain_u,SF,43,136,0,0,0,0,0,0,0,68,0.0,0.0,0.0,0.0,1.0,0.0,0.01,255,255,1.0,0.0,0.0,0.0,0.0,0.0,0.0,0,1229.0
0,tcp,http,SF,54540,8314,0,2,1,1,0,0,0,3,0.0,0.0,0.0,0.0,1.0,0.0,0.0,209,209,1.0,0.0,0.0,0.0,0.0,0.0,0.05,1,45121.0
0,tcp,http,SF,327,1047,0,0,1,0,0,0,0,6,0.0,0.0,0.0,0.0,1.0,0.0,0.0,204,255,1.0,0.0,0.0,0.01,0.0,0.0,0.0,0,3543.0
0,tcp,http,SF,223,6344,0,0,1,0,0,0,0,2,0.0,0.0,0.0,0.0,1.0,0.0,0.67,45,255,1.0,0.0,0.02,0.04,0.0,0.02,0.0,0,79592.0
0,tcp,smtp,SF,1064,388,0,0,1,0,0,0,0,1,0.0,0.0,0.0,0.0,1.0,0.0,1.0,50,33,0.66,0.1,0.02,0.0,0.04,0.0,0.0,0,124449.0
0,tcp,private,REJ,0,0,0,0,0,0,0,0,0,252,0.0,0.0,1.0,1.0,0.01,0.07,0.0,255,2,0.01,0.09,0.0,0.0,0.0,0.0,1.0,1,108770.0
0,tcp,ftp_data,SF,5558,0,0,0,0,0,0,0,0,11,0.0,0.0,0.0,0.0,1.0,0.0,0.17,61,78,0.49,0.08,0.36,0.03,0.0,0.0,0.0,0,104552.0
2,tcp,smtp,SF,1049,328,0,0,1,0,0,0,0,1,0.0,0.0,0.0,0.0,1.0,0.0,1.0,84,195,0.7,0.06,0.01,0.01,0.0,0.0,0.0,0,88830.0
0,tcp,iso_tsap,S0,0,0,0,0,0,0,0,0,0,242,1.0,1.0,0.0,0.0,0.07,0.05,0.0,255,7,0.03,0.07,0.0,0.0,1.0,1.0,0.0,1,118754.0
0,tcp,private,S0,0,0,0,0,0,0,0,0,0,232,1.0,1.0,0.0,0.0,0.06,0.07,0.0,255,13,0.05,0.06,0.0,0.0,1.0,1.0,0.0,1,894.0
0,tcp,private,S0,0,0,0,0,0,0,0,0,0,206,1.0,1.0,0.0,0.0,0.04,0.06,0.0,255,13,0.05,0.07,0.0,0.0,1.0,1.0,0.0,1,12960.0
0,tcp,private,S0,0,0,0,0,0,0,0,0,0,200,1.0,1.0,0.0,0.0,0.01,0.06,0.0,255,8,0.03,0.07,0.0,0.0,1.0,1.0,0.0,1,54697.0
2,tcp,smtp,SF,1081,336,0,0,1,0,0,0,0,1,0.0,0.0,0.0,0.0,1.0,0.0,1.0,110,185,0.7,0.04,0.01,0.01,0.0,0.0,0.0,0,100497.0
0,icmp,eco_i,SF,8,0,0,0,0,0,0,0,0,1,0.0,0.0,0.0,0.0,1.0,0.0,1.0,2,32,1.0,0.0,1.0,0.5,0.0,0.0,0.0,1,20613.0
0,tcp,private,S0,0,0,0,0,0,0,0,0,0,220,1.0,1.0,0.0,0.0,0.05,0.06,0.0,255,11,0.04,0.08,0.0,0.0,1.0,1.0,0.0,1,56842.0
0,tcp,nnsp,S0,0,0,0,0,0,0,0,0,0,134,1.0,1.0,0.0,0.0,0.04,0.06,0.0,255,2,0.01,0.07,0.0,0.0,1.0,1.0,0.0,1,41555.0
0,tcp,http,SF,180,255639,0,0,1,0,0,0,0,1,0.0,0.0,0.0,0.0,1.0,0.0,0.0,255,255,1.0,0.0,0.01,0.0,0.0,0.0,0.0,0,22345.0
0,tcp,private,S0,0,0,0,0,0,0,0,0,0,139,1.0,1.0,0.0,0.0,0.1,0.08,0.0,255,7,0.03,0.08,0.0,0.0,1.0,1.0,0.0,1,95981.0
0,tcp,http,SF,315,1157,0,0,1,0,0,0,0,6,0.0,0.0,0.0,0.0,1.0,0.0,0.0,18,255,1.0,0.0,0.06,0.03,0.0,0.0,0.0,0,41135.0
0,udp,domain_u,SF,43,72,0,0,0,0,0,0,0,174,0.0,0.0,0.0,0.0,1.0,0.0,0.0,255,254,1.0,0.01,0.01,0.0,0.0,0.0,0.0,0,38026.0
0,tcp,http,SF,227,4039,0,0,1,0,0,0,0,7,0.0,0.0,0.0,0.0,1.0,0.0,0.0,255,255,1.0,0.0,0.0,0.0,0.0,0.0,0.0,0,71894.0
0,tcp,http,SF,318,702,0,0,1,0,0,0,0,11,0.0,0.0,0.0,0.0,1.0,0.0,0.25,107,119,1.0,0.0,0.01,0.04,0.01,0.02,0.0,0,34608.0
0,tcp,http,SF,280,370,0,0,1,0,0,0,0,1,0.0,0.0,0.0,0.0,1.0,0.0,0.0,255,255,1.0,0.0,0.0,0.0,0.0,0.0,0.0,0,49731.0
0,udp,domain_u,SF,46,135,0,0,0,0,0,0,0,66,0.0,0.0,0.0,0.0,1.0,0.0,0.01,255,189,0.74,0.02,0.0,0.0,0.0,0.0,0.0,0,93997.0
0,tcp,http,SF,311,1471,0,0,1,0,0,0,0,7,0.0,0.0,0.0,0.0,1.0,0.0,0.0,255,255,1.0,0.0,0.01,0.0,0.0,0.0,0.0,0,91691.0
0,tcp,ftp_data,S0,0,0,0,0,0,0,0,0,0,65,1.0,1.0,0.0,0.0,0.26,0.06,0.0,255,31,0.12,0.05,0.01,0.0,1.0,1.0,0.0,1,47329.0
2567,udp,other,SF,146,105,0,0,0,0,0,0,0,4,0.0,0.0,0.0,0.0,0.5,0.5,0.0,255,2,0.01,0.83,1.0,0.0,0.0,0.0,0.0,0,62118.0
0,tcp,private,S0,0,0,0,0,0,0,0,0,0,196,1.0,1.0,0.0,0.0,0.09,0.06,0.0,255,20,0.08,0.06,0.0,0.0,1.0,1.0,0.0,1,1211.0
0,tcp,ldap,S0,0,0,0,0,0,0,0,0,0,263,1.0,1.0,0.0,0.0,0.09,0.05,0.0,255,23,0.09,0.05,0.0,0.0,1.0,1.0,0.0,1,80052.0
0,udp,domain_u,SF,33,88,0,0,0,0,0,0,0,1,0.0,0.0,0.0,0.0,1.0,0.0,1.0,255,232,0.91,0.01,0.01,0.0,0.0,0.0,0.0,0,86462.0
0,tcp,ftp_data,S0,0,0,0,0,0,0,0,0,0,69,1.0,1.0,0.0,0.0,0.25,0.06,0.0,255,68,0.27,0.02,0.0,0.0,1.0,1.0,0.0,1,108374.0
0,tcp,smtp,SF,823,385,0,0,1,0,0,0,0,1,0.0,0.0,0.0,0.0,1.0,0.0,0.0,255,59,0.23,0.06,0.0,0.0,0.56,0.0,0.03,0,72300.0
0,tcp,private,S0,0,0,0,0,0,0,0,0,0,283,1.0,1.0,0.0,0.0,0.07,0.04,0.0,143,19,0.13,0.07,0.01,0.0,0.99,1.0,0.0,1,16954.0
0,tcp,private,REJ,0,0,0,0,0,0,0,0,0,145,0.0,0.0,0.99,1.0,0.12,0.07,0.0,255,5,0.02,0.07,0.0,0.0,0.0,0.0,1.0,1,85672.0
0,icmp,eco_i,SF,8,0,0,0,0,0,0,0,0,1,0.0,0.0,0.0,0.0,1.0,0.0,1.0,1,31,1.0,0.0,1.0,0.52,0.0,0.0,0.0,1,104619.0
0,tcp,private,S0,0,0,0,0,0,0,0,0,0,245,1.0,1.0,0.0,0.0,0.06,0.06,0.0,255,4,0.02,0.07,0.0,0.0,1.0,1.0,0.0,1,66549.0
0,udp,private,SF,105,147,0,0,0,0,0,0,0,1,0.0,0.0,0.0,0.0,1.0,0.0,0.0,203,201,0.99,0.01,0.0,0.0,0.0,0.0,0.0,0,73712.0
0,tcp,http,SF,177,14571,0,0,1,0,0,0,0,2,0.0,0.0,0.0,0.0,1.0,0.0,0.33,17,255,1.0,0.0,0.06,0.04,0.0,0.0,0.0,0,14670.0
0,tcp,http,REJ,0,0,0,0,0,0,0,0,0,1,0.0,0.0,1.0,1.0,1.0,0.0,0.0,3,21,1.0,0.0,0.33,0.29,0.0,0.0,1.0,0,52259.0
0,tcp,http,SF,204,248,0,0,1,0,0,0,0,9,0.0,0.0,0.0,0.0,1.0,0.0,0.0,21,255,1.0,0.0,0.05,0.02,0.0,0.0,0.0,0,93291.0
18238,tcp,other,RSTR,1,0,0,0,0,0,0,0,0,2,0.0,0.0,1.0,1.0,1.0,0.0,0.0,255,2,0.01,0.73,1.0,0.0,0.0,0.0,1.0,1,125338.0
0,tcp,http,SF,163,17087,0,0,1,0,0,0,0,5,0.0,0.0,0.0,0.0,1.0,0.0,0.33,31,255,1.0,0.0,0.03,0.04,0.0,0.0,0.0,0,123043.0
0,icmp,ecr_i,SF,1032,0,0,0,0,0,0,0,0,511,0.0,0.0,0.0,0.0,1.0,0.0,0.0,255,70,0.27,0.2,0.27,0.0,0.0,0.0,0.0,1,117502.0
0,tcp,http,S0,0,0,0,0,0,0,0,0,0,266,1.0,0.59,0.0,0.0,0.08,0.07,0.06,255,20,0.08,0.07,0.0,0.0,1.0,1.0,0.0,1,40724.0
0,tcp,private,S0,0,0,0,0,0,0,0,0,0,231,1.0,1.0,0.0,0.0,0.01,0.06,0.0,255,6,0.02,0.08,0.0,0.0,1.0,1.0,0.0,1,6948.0
0,tcp,smtp,SF,1786,478,0,0,1,0,0,0,0,1,0.0,0.0,0.0,0.0,1.0,0.0,0.0,255,11,0.04,0.01,0.0,0.0,0.0,0.0,0.0,0,20032.0
0,tcp,smtp,SF,1351,281,0,0,1,0,0,0,0,1,0.0,0.0,0.0,0.0,1.0,0.0,0.0,123,180,0.56,0.04,0.01,0.01,0.0,0.0,0.0,0,116626.0
0,icmp,eco_i,SF,30,0,0,0,0,0,0,0,0,3,0.0,0.0,0.0,0.0,0.33,0.67,0.0,255,4,0.02,0.01,0.02,0.0,0.0,0.0,0.0,0,22433.0
0,udp,domain_u,SF,44,128,0,0,0,0,0,0,0,313,0.0,0.0,0.0,0.0,1.0,0.01,0.0,255,251,0.98,0.01,0.0,0.0,0.0,0.0,0.0,0,40946.0
0,tcp,ftp_data,SF,246,0,0,0,1,0,0,0,0,2,0.0,0.0,0.0,0.0,1.0,0.0,0.0,2,39,1.0,0.0,1.0,0.08,0.0,0.03,0.0,1,47054.0
0,tcp,private,S0,0,0,0,0,0,0,0,0,0,210,1.0,1.0,0.0,0.0,0.08,0.06,0.0,71,14,0.2,0.14,0.01,0.0,0.8,1.0,0.0,1,10663.0
0,tcp,private,S0,0,0,0,0,0,0,0,0,0,264,1.0,1.0,0.0,0.0,0.04,0.06,0.0,255,25,0.1,0.06,0.0,0.0,1.0,1.0,0.0,1,58383.0
0,tcp,http,S1,318,18980,0,0,1,0,0,0,0,1,1.0,1.0,0.0,0.0,1.0,0.0,0.0,84,255,1.0,0.0,0.01,0.04,0.01,0.0,0.0,0,38644.0
0,tcp,http,SF,346,3477,0,0,1,0,0,0,0,8,0.0,0.0,0.0,0.0,1.0,0.0,0.0,8,255,1.0,0.0,0.12,0.03,0.0,0.0,0.0,0,3688.0
0,tcp,http,SF,220,9472,0,0,1,0,0,0,0,5,0.0,0.0,0.0,0.0,1.0,0.0,0.0,16,255,1.0,0.0,0.06,0.04,0.0,0.0,0.0,0,111986.0
0,tcp,http,SF,197,1349,0,0,1,0,0,0,0,31,0.0,0.0,0.0,0.0,1.0,0.0,0.09,255,255,1.0,0.0,0.0,0.0,0.0,0.0,0.0,0,45416.0
0,tcp,http,SF,210,4418,0,0,1,0,0,0,0,2,0.0,0.0,0.0,0.0,1.0,0.0,0.2,106,201,1.0,0.0,0.01,0.03,0.0,0.0,0.0,0,73023.0
0,tcp,http,SF,191,940,0,0,1,0,0,0,0,6,0.0,0.0,0.0,0.0,1.0,0.0,0.19,255,255,1.0,0.0,0.0,0.0,0.0,0.0,0.0,0,80468.0
0,tcp,finger,SF,10,139,0,0,0,0,0,0,0,1,0.0,0.0,0.0,0.0,1.0,0.0,0.0,218,6,0.03,0.02,0.0,0.0,0.0,0.0,0.0,0,70219.0
0,tcp,sql_net,S0,0,0,0,0,0,0,0,0,0,4,1.0,1.0,0.0,0.0,0.5,0.75,0.0,255,2,0.01,0.08,0.0,0.0,1.0,1.0,0.0,1,41596.0
0,tcp,http,SF,302,2348,0,0,1,0,0,0,0,41,0.0,0.0,0.0,0.0,1.0,0.0,0.0,41,255,1.0,0.0,0.02,0.04,0.0,0.0,0.0,0,23555.0
0,tcp,http,SF,218,702,0,0,1,0,0,0,0,1,0.0,0.0,0.0,0.0,1.0,0.0,0.0,74,255,1.0,0.0,0.01,0.03,0.0,0.0,0.0,0,46101.0
0,tcp,http,SF,241,294,0,0,1,0,0,0,0,9,0.0,0.0,0.0,0.0,1.0,0.0,0.0,255,255,1.0,0.0,0.0,0.0,0.0,0.0,0.0,0,86476.0
0,tcp,http,SF,293,6758,0,0,1,0,0,0,0,1,0.0,0.0,0.0,0.0,1.0,0.0,1.0,1,255,1.0,0.0,1.0,0.04,0.0,0.01,0.0,0,49237.0
0,tcp,private,RSTR,0,0,0,0,0,0,0,0,0,1,0.0,0.0,1.0,1.0,1.0,0.0,0.0,171,1,0.01,0.72,0.72,0.0,0.04,0.0,1.0,1,101956.0
0,tcp,private,REJ,0,0,0,0,0,0,0,0,0,112,0.0,0.0,1.0,1.0,0.03,0.08,0.0,37,3,0.08,0.16,0.03,0.0,0.0,0.0,1.0,1,97663.0
0,udp,domain_u,SF,43,128,0,0,0,0,0,0,0,72,0.0,0.0,0.0,0.0,1.0,0.0,0.01,255,255,1.0,0.0,0.0,0.0,0.0,0.0,0.0,0,125009.0
0,tcp,nnsp,S0,0,0,0,0,0,0,0,0,0,143,1.0,1.0,0.0,0.0,0.1,0.06,0.0,255,10,0.04,0.06,0.0,0.0,1.0,1.0,0.0,1,19782.0
0,icmp,ecr_i,SF,30,0,0,0,0,0,0,0,0,1,0.0,0.0,0.0,0.0,1.0,0.0,0.0,253,253,1.0,0.0,1.0,0.0,0.0,0.0,0.0,0,2050.0
0,tcp,nnsp,S0,0,0,0,0,0,0,0,0,0,140,1.0,1.0,0.0,0.0,0.11,0.06,0.0,255,15,0.06,0.05,0.0,0.0,1.0,1.0,0.0,1,13534.0
0,tcp,private,REJ,0,0,0,0,0,0,0,0,0,2,0.0,0.0,1.0,1.0,0.5,1.0,0.0,255,1,0.0,0.68,0.66,0.0,0.0,0.0,1.0,1,40495.0
0,tcp,http,S0,0,0,0,0,0,0,0,0,0,2,0.5,0.5,0.0,0.0,1.0,0.0,0.0,178,255,1.0,0.0,0.01,0.01,0.01,0.01,0.0,0,33270.0
0,tcp,private,REJ,0,0,0,0,0,0,0,0,0,1,0.0,0.0,1.0,1.0,1.0,0.0,0.0,40,1,0.03,1.0,0.03,0.0,0.0,0.0,1.0,1,115315.0
0,tcp,http,REJ,0,0,0,0,0,0,0,0,0,1,0.0,0.0,1.0,0.33,1.0,0.0,0.67,1,98,1.0,0.0,1.0,0.24,0.0,0.0,1.0,0,31086.0
0,icmp,urp_i,SF,183,0,0,0,0,0,0,0,0,2,0.0,0.0,0.0,0.0,0.5,1.0,0.0,255,34,0.13,0.01,0.15,0.0,0.0,0.0,0.0,0,32359.0
0,tcp,private,REJ,0,0,0,0,0,0,0,0,0,126,0.0,0.0,1.0,1.0,0.13,0.06,0.0,255,17,0.07,0.07,0.0,0.0,0.0,0.0,1.0,1,109723.0
0,tcp,http,SF,216,40238,0,0,1,0,0,0,0,12,0.0,0.0,0.0,0.0,1.0,0.0,0.0,51,255,1.0,0.0,0.02,0.02,0.0,0.01,0.0,0,31906.0
0,tcp,private,REJ,0,0,0,0,0,0,0,0,0,90,0.0,0.0,1.0,1.0,0.01,0.08,0.0,255,1,0.0,0.06,0.0,0.0,0.0,0.0,1.0,1,76247.0
0,tcp,http,SF,230,1536,0,0,1,0,0,0,0,20,0.0,0.0,0.0,0.0,1.0,0.0,0.0,72,255,1.0,0.0,0.01,0.03,0.0,0.0,0.0,0,125563.0
0,tcp,login,RSTO,0,0,0,0,0,0,0,0,0,133,0.0,0.0,1.0,1.0,0.14,0.06,0.0,255,18,0.07,0.07,0.0,0.0,0.0,0.0,1.0,1,18482.0
0,tcp,ssh,S0,0,0,0,0,0,0,0,0,0,278,1.0,1.0,0.0,0.0,0.09,0.05,0.0,255,24,0.09,0.05,0.0,0.0,1.0,1.0,0.0,1,73472.0
0,icmp,eco_i,SF,8,0,0,0,0,0,0,0,0,1,0.0,0.0,0.0,0.0,1.0,0.0,1.0,2,110,1.0,0.0,1.0,0.25,0.0,0.0,0.0,1,123210.0
9,tcp,telnet,SF,103,2822,0,0,1,0,0,0,0,1,0.0,0.0,0.0,0.0,1.0,0.0,0.0,12,3,0.08,0.25,0.08,1.0,0.0,0.33,0.0,0,4176.0
0,tcp,finger,RSTO,0,0,0,0,0,0,0,0,0,229,0.0,0.0,1.0,1.0,0.05,0.06,0.0,255,11,0.04,0.07,0.0,0.0,0.0,0.0,1.0,1,947.0
0,tcp,private,REJ,0,0,0,0,0,0,0,0,0,48,0.0,0.0,1.0,1.0,0.35,0.06,0.0,255,8,0.03,0.07,0.0,0.0,0.0,0.0,1.0,1,122898.0
7,tcp,ftp,SF,230,644,0,4,1,0,0,0,0,1,0.0,0.0,0.0,0.0,1.0,0.0,0.0,4,1,0.25,0.75,0.25,0.0,0.0,0.0,0.0,1,102579.0
0,tcp,http,SF,297,9287,0,0,1,0,0,0,0,4,0.0,0.0,0.0,0.0,1.0,0.0,0.5,74,255,1.0,0.0,0.01,0.03,0.0,0.0,0.0,0,84386.0
0,tcp,http,REJ,0,0,0,0,0,0,0,0,0,1,0.0,0.0,1.0,1.0,1.0,0.0,0.0,25,254,1.0,0.0,0.04,0.24,0.08,0.01,0.88,0,61838.0
0,tcp,private,S0,0,0,0,0,0,0,0,0,0,184,1.0,1.0,0.0,0.0,0.14,0.05,0.0,255,25,0.1,0.05,0.0,0.0,1.0,1.0,0.0,1,121051.0
0,udp,domain_u,SF,43,43,0,0,0,0,0,0,0,191,0.0,0.0,0.0,0.0,1.0,0.0,0.01,255,232,0.91,0.01,0.01,0.0,0.0,0.0,0.0,0,56142.0
0,tcp,smtp,SF,810,329,0,0,1,0,0,0,0,2,0.0,0.0,0.0,0.0,0.5,1.0,1.0,105,143,0.49,0.06,0.01,0.01,0.0,0.0,0.0,0,17347.0
17718,tcp,other,RSTR,1,0,0,0,0,0,0,0,0,2,0.0,0.0,1.0,1.0,1.0,0.0,0.0,255,2,0.01,0.73,1.0,0.0,0.0,0.0,1.0,1,75046.0
0,tcp,supdup,S0,0,0,0,0,0,0,0,0,0,114,1.0,1.0,0.0,0.0,0.04,0.06,0.0,255,2,0.01,0.08,0.0,0.0,1.0,1.0,0.0,1,108487.0
0,tcp,csnet_ns,S0,0,0,0,0,0,0,0,0,0,232,1.0,1.0,0.0,0.0,0.08,0.05,0.0,255,18,0.07,0.06,0.0,0.0,1.0,1.0,0.0,1,29185.0
2,tcp,smtp,SF,1151,337,0,0,1,0,0,0,0,1,0.0,0.0,0.0,0.0,1.0,0.0,1.0,207,132,0.53,0.03,0.0,0.02,0.0,0.0,0.0,0,71863.0
0,tcp,ftp_data,SF,5319,0,0,0,1,0,0,0,0,17,0.0,0.0,0.0,0.0,1.0,0.0,0.0,188,53,0.28,0.02,0.28,0.0,0.0,0.0,0.0,0,13950.0
0,udp,domain_u,SF,44,75,0,0,0,0,0,0,0,320,0.0,0.0,0.0,0.0,1.0,0.0,0.0,255,254,1.0,0.01,0.0,0.0,0.0,0.0,0.0,0,50823.0
0,tcp,http,SF,230,640,0,0,1,0,0,0,0,11,0.0,0.0,0.0,0.0,1.0,0.0,0.0,52,255,1.0,0.0,0.02,0.02,0.0,0.0,0.0,0,99989.0
0,tcp,finger,S0,0,0,0,0,0,0,0,0,0,26,1.0,1.0,0.0,0.0,0.5,0.08,0.0,186,56,0.28,0.02,0.01,0.04,1.0,0.95,0.0,1,13030.0
0,tcp,http,SF,309,3775,0,0,1,0,0,0,0,1,0.0,0.0,0.0,0.0,1.0,0.0,0.0,4,255,1.0,0.0,0.25,0.06,0.0,0.0,0.0,0,53990.0
0,udp,domain_u,SF,43,131,0,0,0,0,0,0,0,1,0.0,0.0,0.0,0.0,1.0,0.0,0.0,255,199,0.78,0.01,0.0,0.0,0.0,0.0,0.0,0,113217.0
0,udp,domain_u,SF,45,111,0,0,0,0,0,0,0,57,0.0,0.0,0.0,0.0,1.0,0.0,0.02,197,196,0.8,0.02,0.71,0.01,0.0,0.0,0.0,0,22947.0
0,udp,private,SF,1,0,0,0,0,0,0,0,0,11,0.0,0.0,0.0,0.0,0.09,0.64,0.0,255,1,0.0,0.05,0.07,0.0,0.0,0.0,0.0,1,46496.0
0,tcp,uucp_path,S0,0,0,0,0,0,0,0,0,0,278,1.0,1.0,0.0,0.0,0.01,0.06,0.0,255,3,0.01,0.06,0.0,0.0,1.0,1.0,0.0,1,121011.0
0,tcp,http,SF,2044,2234,0,0,1,0,0,0,0,5,0.0,0.0,0.0,0.0,1.0,0.0,0.0,28,255,1.0,0.0,0.04,0.07,0.0,0.01,0.0,0,38396.0
0,tcp,http,SF,209,1820,0,0,1,0,0,0,0,1,0.0,0.0,0.0,0.0,1.0,0.0,1.0,119,255,1.0,0.0,0.01,0.04,0.0,0.0,0.0,0,96085.0
0,tcp,smtp,SF,3441,329,0,0,1,0,0,0,0,1,0.0,0.0,0.0,0.0,1.0,0.0,0.0,52,199,0.9,0.04,0.02,0.01,0.0,0.0,0.0,0,71195.0
0,tcp,private,S0,0,0,0,0,0,0,0,0,0,206,1.0,1.0,0.0,0.0,0.02,0.07,0.0,255,16,0.06,0.08,0.0,0.0,1.0,1.0,0.0,1,114805.0
0,tcp,http,SF,232,3243,0,0,1,0,0,0,0,4,0.0,0.0,0.0,0.0,1.0,0.0,0.4,65,255,1.0,0.0,0.02,0.05,0.0,0.0,0.0,0,60291.0
0,tcp,other,REJ,0,0,0,0,0,0,0,0,0,511,0.19,0.0,0.81,1.0,0.0,1.0,0.0,255,1,0.0,1.0,0.0,0.0,0.27,0.0,1.0,1,16289.0
0,udp,domain_u,SF,45,82,0,0,0,0,0,0,0,108,0.0,0.0,0.0,0.0,1.0,0.0,0.0,255,254,1.0,0.01,0.0,0.0,0.0,0.0,0.0,0,50349.0
0,tcp,http,SF,251,2792,0,0,1,0,0,0,0,17,0.06,0.03,0.0,0.0,1.0,0.0,0.06,255,255,1.0,0.0,0.0,0.0,0.01,0.01,0.0,0,19051.0
0,tcp,iso_tsap,S0,0,0,0,0,0,0,0,0,0,116,1.0,1.0,0.0,0.0,0.01,0.07,0.0,255,1,0.0,0.07,0.0,0.0,1.0,1.0,0.0,1,84475.0
0,tcp,http,SF,239,2149,0,0,1,0,0,0,0,5,0.0,0.0,0.0,0.0,1.0,0.0,0.33,255,255,1.0,0.0,0.0,0.0,0.0,0.0,0.0,0,122548.0
0,tcp,private,RSTO,0,0,0,0,0,0,0,0,0,126,0.0,0.0,1.0,1.0,0.02,0.06,0.0,255,3,0.01,0.06,0.0,0.0,0.0,0.0,1.0,1,50148.0
0,tcp,private,S0,0,0,0,0,0,0,0,0,0,179,1.0,1.0,0.0,0.0,0.11,0.07,0.0,255,10,0.04,0.08,0.0,0.0,1.0,1.0,0.0,1,92264.0
0,udp,private,SF,28,0,3,0,0,0,0,0,0,131,0.76,0.0,0.0,0.0,0.24,0.05,0.0,255,31,0.12,0.88,0.12,0.0,0.09,0.0,0.0,1,55611.0
0,tcp,http,SF,463,12604,0,0,1,0,0,0,0,19,0.0,0.0,0.0,0.0,1.0,0.0,0.04,255,255,1.0,0.0,0.0,0.0,0.0,0.0,0.0,0,1087.0
0,tcp,http,SF,234,685,0,0,1,0,0,0,0,2,0.0,0.0,0.0,0.0,1.0,0.0,0.11,154,255,1.0,0.0,0.01,0.01,0.0,0.0,0.0,0,2687.0
0,tcp,http,SF,357,2224,0,0,1,0,0,0,0,21,0.0,0.0,0.0,0.0,1.0,0.0,0.0,82,255,1.0,0.0,0.01,0.03,0.0,0.0,0.0,0,96779.0
0,tcp,netbios_ns,S0,0,0,0,0,0,0,0,0,0,260,1.0,1.0,0.0,0.0,0.03,0.06,0.0,255,7,0.03,0.07,0.0,0.0,1.0,1.0,0.0,1,49320.0
0,tcp,smtp,SF,1708,329,0,0,1,0,0,0,0,1,0.0,0.0,0.0,0.67,1.0,0.0,1.0,188,102,0.54,0.04,0.01,0.0,0.0,0.0,0.0,0,83008.0
0,tcp,smtp,SF,1072,329,0,0,1,0,0,0,2,1,0.0,0.0,0.0,0.0,1.0,0.0,0.0,255,182,0.71,0.03,0.0,0.0,0.0,0.0,0.0,0,62812.0
0,tcp,http,SF,54540,8314,0,2,1,1,0,0,0,4,0.0,0.0,0.0,0.0,1.0,0.0,0.0,39,39,1.0,0.0,0.03,0.0,0.0,0.0,0.28,1,26170.0
0,tcp,http,SF,333,10910,0,0,1,0,0,0,0,3,0.0,0.0,0.0,0.0,1.0,0.0,0.0,36,255,1.0,0.0,0.03,0.04,0.0,0.0,0.0,0,113990.0
0,udp,domain_u,SF,45,136,0,0,0,0,0,0,0,75,0.0,0.0,0.0,0.0,1.0,0.0,0.01,255,255,1.0,0.0,0.0,0.0,0.0,0.0,0.0,0,62645.0
0,tcp,http_443,S0,0,0,0,0,0,0,0,0,0,148,1.0,1.0,0.0,0.0,0.13,0.05,0.0,255,19,0.07,0.06,0.0,0.0,1.0,1.0,0.0,1,97984.0
0,icmp,eco_i,SF,8,0,0,0,0,0,0,0,0,1,0.0,0.0,0.0,0.0,1.0,0.0,1.0,1,255,1.0,0.0,1.0,0.5,0.0,0.0,0.0,1,72718.0
0,tcp,http,SF,225,2239,0,0,1,0,0,0,0,6,0.0,0.0,0.0,0.14,1.0,0.0,0.29,255,241,0.95,0.01,0.0,0.0,0.0,0.0,0.0,0,1940.0
0,tcp,http,SF,215,5790,0,0,1,0,0,0,0,11,0.0,0.0,0.0,0.0,1.0,0.0,0.0,230,255,1.0,0.0,0.0,0.02,0.0,0.0,0.0,0,82243.0
0,tcp,http,SF,204,484,0,0,1,0,0,0,0,27,0.0,0.0,0.0,0.0,1.0,0.0,0.1,255,255,1.0,0.0,0.0,0.0,0.0,0.0,0.0,0,120713.0
0,tcp,http,SF,249,1439,0,0,1,0,0,0,0,2,0.0,0.0,0.0,0.0,1.0,0.0,0.22,2,255,1.0,0.0,0.5,0.08,0.0,0.0,0.0,0,109118.0
0,icmp,eco_i,SF,8,0,0,0,0,0,0,0,0,1,0.0,0.0,0.0,0.0,1.0,0.0,1.0,2,3,1.0,0.0,1.0,0.67,0.0,0.0,0.0,1,65071.0
0,tcp,echo,S0,0,0,0,0,0,0,0,0,0,279,1.0,1.0,0.0,0.0,0.05,0.05,0.0,255,4,0.02,0.07,0.0,0.0,1.0,1.0,0.0,1,39148.0
0,tcp,http,SF,192,301,0,0,1,0,0,0,0,9,0.0,0.0,0.0,0.0,1.0,0.0,0.0,9,255,1.0,0.0,0.11,0.05,0.0,0.0,0.0,0,569.0
0,tcp,http,REJ,0,0,0,0,0,0,0,0,0,1,0.0,0.0,1.0,1.0,1.0,0.0,0.0,23,251,1.0,0.0,0.04,0.17,0.0,0.0,1.0,0,54416.0
0,tcp,private,REJ,0,0,0,0,0,0,0,0,0,145,0.0,0.0,1.0,1.0,0.04,0.06,0.0,255,26,0.1,0.07,0.0,0.0,0.0,0.0,1.0,1,79215.0
0,tcp,smtp,SF,1094,393,0,0,1,0,0,0,0,1,0.0,0.0,0.0,0.0,1.0,0.0,0.0,255,18,0.07,0.07,0.0,0.0,0.0,0.0,0.0,0,32296.0
0,tcp,http,REJ,0,0,0,0,0,0,0,0,0,1,0.0,0.0,1.0,1.0,1.0,0.0,0.0,12,255,1.0,0.0,0.08,0.15,0.0,0.0,0.79,0,363.0
0,tcp,http,S0,0,0,0,0,0,0,0,0,0,12,1.0,1.0,0.0,0.0,0.42,0.33,0.0,92,25,0.27,0.04,0.01,0.0,1.0,1.0,0.0,1,44790.0
0,tcp,smtp,SF,1672,369,0,0,1,0,0,0,0,1,0.0,0.0,0.0,0.0,1.0,0.0,0.0,213,160,0.75,0.02,0.0,0.0,0.0,0.0,0.0,0,85968.0
0,tcp,ftp_data,SF,749,0,0,0,0,0,0,0,0,2,0.0,0.0,0.0,0.0,1.0,0.0,0.0,147,126,0.33,0.03,0.33,0.02,0.0,0.0,0.0,0,50335.0
0,tcp,http,SF,223,407,0,0,1,0,0,0,0,15,0.0,0.0,0.0,0.0,1.0,0.0,0.0,58,255,1.0,0.0,0.02,0.04,0.0,0.0,0.0,0,11646.0
2638,udp,other,SF,147,105,0,0,0,0,0,0,0,1,0.0,0.0,0.0,0.0,1.0,0.0,0.0,255,1,0.0,0.85,0.98,0.0,0.0,0.0,0.0,0,123150.0
0,tcp,http,SF,316,1448,0,0,1,0,0,0,0,7,0.0,0.0,0.0,0.0,1.0,0.0,0.0,43,255,1.0,0.0,0.02,0.02,0.0,0.0,0.0,0,43228.0
0,tcp,whois,S0,0,0,0,0,0,0,0,0,0,258,1.0,1.0,0.0,0.0,0.02,0.07,0.0,255,6,0.02,0.07,0.0,0.0,1.0,1.0,0.0,1,1903.0
0,tcp,private,REJ,0,0,0,0,0,0,0,0,0,1,0.0,0.0,1.0,1.0,1.0,0.0,0.0,49,2,0.02,1.0,0.02,1.0,0.0,0.0,1.0,1,97936.0
0,tcp,http,SF,249,3098,0,0,1,0,0,0,0,3,0.33,0.33,0.0,0.0,1.0,0.0,0.0,54,255,1.0,0.0,0.02,0.02,0.02,0.0,0.0,0,120991.0
0,tcp,discard,S0,0,0,0,0,0,0,0,0,0,242,1.0,1.0,0.0,0.0,0.0,0.07,0.0,255,1,0.0,0.07,0.0,0.0,1.0,1.0,0.0,1,911.0
0,tcp,http,SF,154,899,0,0,1,0,0,0,0,17,0.0,0.0,0.0,0.0,1.0,0.0,0.0,62,255,1.0,0.0,0.02,0.04,0.0,0.0,0.0,0,102998.0
0,tcp,http,SF,215,293,0,0,1,0,0,0,0,10,0.0,0.0,0.0,0.0,1.0,0.0,0.07,79,255,1.0,0.0,0.01,0.01,0.0,0.0,0.0,0,25161.0
7,tcp,smtp,SF,2240,332,0,0,1,0,0,0,0,1,0.0,0.0,0.0,0.0,1.0,0.0,1.0,163,141,0.87,0.02,0.01,0.0,0.0,0.0,0.0,0,59306.0
36488,tcp,private,RSTR,1,0,0,0,0,0,0,0,0,2,0.0,0.0,1.0,1.0,1.0,0.0,0.0,255,2,0.01,0.5,1.0,0.0,0.0,0.0,1.0,1,73755.0
0,tcp,private,REJ,0,0,0,0,0,0,0,0,0,134,0.0,0.0,1.0,1.0,0.15,0.06,0.0,255,20,0.08,0.07,0.0,0.0,0.0,0.0,1.0,1,94631.0
0,tcp,http,SF,232,2415,0,0,1,0,0,0,0,2,0.0,0.0,0.0,0.0,1.0,0.0,0.0,255,255,1.0,0.0,0.0,0.0,0.0,0.0,0.0,0,120927.0
0,tcp,http,SF,185,463,0,0,1,0,0,0,0,1,0.0,0.0,0.0,0.0,1.0,0.0,0.0,120,255,1.0,0.0,0.01,0.05,0.0,0.0,0.0,0,64087.0
0,tcp,ftp_data,SF,59,0,0,0,1,0,0,0,0,12,0.0,0.0,0.0,0.0,1.0,0.0,0.0,255,141,0.55,0.02,0.55,0.0,0.0,0.0,0.0,0,4021.0
0,tcp,private,REJ,0,0,0,0,0,0,0,0,0,190,0.0,0.0,1.0,1.0,0.02,0.08,0.0,255,4,0.02,0.08,0.0,0.0,0.0,0.0,1.0,1,58071.0
0,udp,domain_u,SF,42,67,0,0,0,0,0,0,0,127,0.0,0.0,0.0,0.0,1.0,0.0,0.0,255,254,1.0,0.01,0.0,0.0,0.0,0.0,0.0,0,28270.0
0,udp,domain_u,SF,45,70,0,0,0,0,0,0,0,226,0.0,0.0,0.0,0.0,1.0,0.0,0.0,255,254,1.0,0.01,0.0,0.0,0.0,0.0,0.0,0,10762.0
0,tcp,http,SF,294,3989,0,0,1,0,0,0,0,11,0.0,0.0,0.0,0.0,1.0,0.0,0.0,11,255,1.0,0.0,0.09,0.05,0.0,0.0,0.0,0,16461.0
0,tcp,http,SF,227,1074,0,0,1,0,0,0,0,17,0.0,0.0,0.0,0.0,1.0,0.0,0.0,138,255,1.0,0.0,0.01,0.05,0.01,0.01,0.0,0,1874.0
0,tcp,time,S0,0,0,0,0,0,0,0,0,0,277,1.0,1.0,0.0,0.0,0.07,0.05,0.0,255,19,0.07,0.07,0.0,0.0,1.0,1.0,0.0,1,3737.0
0,tcp,daytime,S0,0,0,0,0,0,0,0,0,0,260,1.0,1.0,0.0,0.0,0.03,0.07,0.0,255,8,0.03,0.07,0.0,0.0,1.0,1.0,0.0,1,1582.0
0,tcp,finger,SF,9,0,0,0,0,0,0,0,0,1,0.0,0.0,0.0,0.0,1.0,0.0,0.0,56,8,0.04,0.05,0.02,0.25,0.0,0.0,0.0,0,93190.0
0,icmp,eco_i,SF,8,0,0,0,0,0,0,0,0,1,0.0,0.0,0.0,0.0,1.0,0.0,1.0,4,44,1.0,0.0,1.0,0.25,0.0,0.0,0.0,1,114047.0
28,tcp,ftp,SF,1204,3380,0,24,1,0,0,0,0,1,0.0,0.0,0.0,0.0,1.0,0.0,0.0,183,48,0.26,0.03,0.01,0.0,0.0,0.0,0.02,0,59357.0
0,tcp,http,SF,360,1025,0,0,1,0,0,0,0,11,0.0,0.0,0.0,0.0,1.0,0.0,0.0,255,255,1.0,0.0,0.0,0.0,0.0,0.0,0.0,0,63888.0
0,tcp,ftp_data,SF,7196,0,0,0,0,0,0,0,0,2,0.0,0.0,0.0,0.0,1.0,0.0,0.0,8,73,1.0,0.0,1.0,0.03,0.0,0.0,0.0,0,29515.0
0,tcp,ftp_data,SF,19,0,0,0,1,0,0,0,0,2,0.0,0.0,0.0,0.0,1.0,0.0,0.0,7,57,0.86,0.29,0.86,0.04,0.0,0.0,0.0,0,5335.0
0,tcp,private,S0,0,0,0,0,0,0,0,0,0,117,1.0,1.0,0.0,0.0,0.09,0.07,0.0,255,14,0.05,0.07,0.0,0.0,1.0,1.0,0.0,1,8807.0
0,tcp,http,SF,233,1110,0,0,1,0,0,0,0,2,0.0,0.0,0.0,0.0,1.0,0.0,0.0,120,255,1.0,0.0,0.01,0.05,0.01,0.01,0.0,0,77766.0
0,tcp,finger,SF,8,493,0,0,0,0,0,0,0,1,0.0,0.0,0.0,0.0,1.0,0.0,0.0,47,12,0.09,0.06,0.02,0.25,0.0,0.0,0.08,0,862.0
0,tcp,http,SF,139,32424,0,0,1,0,0,0,0,1,0.0,0.0,0.0,0.0,1.0,0.0,0.0,255,255,1.0,0.0,0.0,0.0,0.0,0.0,0.0,0,12111.0
0,tcp,http,S0,0,0,0,0,0,0,0,0,0,163,1.0,1.0,0.0,0.0,0.01,0.06,0.0,255,2,0.01,0.05,0.0,0.0,1.0,1.0,0.0,1,80449.0
0,tcp,http,SF,222,3411,0,0,1,0,0,0,0,17,0.0,0.0,0.0,0.0,1.0,0.0,0.0,255,255,1.0,0.0,0.0,0.0,0.0,0.0,0.0,0,107594.0
0,tcp,http,SF,180,11308,0,0,1,0,0,0,0,1,0.0,0.0,0.0,0.0,1.0,0.0,0.0,255,255,1.0,0.0,0.0,0.0,0.0,0.0,0.0,0,97763.0
1,tcp,smtp,SF,1574,400,0,0,1,0,0,0,0,1,0.0,0.0,0.0,0.0,1.0,0.0,0.0,4,4,1.0,0.0,0.25,0.0,0.0,0.0,0.0,0,5198.0
0,udp,domain_u,SF,128,44,0,0,0,0,0,0,0,244,0.0,0.0,0.0,0.0,1.0,0.01,0.0,133,100,0.75,0.02,0.2,0.0,0.0,0.0,0.0,0,122150.0
0,icmp,eco_i,SF,8,0,0,0,0,0,0,0,0,1,0.0,0.0,0.0,0.0,1.0,0.0,1.0,2,9,1.0,0.0,1.0,0.56,0.0,0.0,0.0,1,100592.0
0,tcp,whois,S0,0,0,0,0,0,0,0,0,0,192,1.0,1.0,0.0,0.0,0.01,0.06,0.0,255,2,0.01,0.07,0.0,0.0,1.0,1.0,0.0,1,10185.0
0,tcp,time,RSTO,0,0,0,0,0,0,0,0,0,206,0.0,0.0,1.0,1.0,0.02,0.07,0.0,255,4,0.02,0.07,0.0,0.0,0.0,0.0,1.0,1,31337.0
0,tcp,ftp_data,REJ,0,0,0,0,0,0,0,0,0,1,0.0,0.0,1.0,1.0,1.0,0.0,0.0,171,62,0.27,0.02,0.01,0.03,0.01,0.0,0.02,1,66013.0
0,tcp,http,SF,296,1227,0,0,1,0,0,0,0,8,0.0,0.0,0.0,0.0,1.0,0.0,0.0,66,66,1.0,0.0,0.02,0.0,0.0,0.0,0.0,0,34879.0
0,tcp,http,SF,305,3222,0,0,1,0,0,0,0,3,0.0,0.0,0.0,0.0,1.0,0.0,0.0,91,84,0.92,0.02,0.01,0.0,0.0,0.0,0.0,0,27790.0
0,tcp,http,SF,232,2192,0,0,1,0,0,0,0,15,0.0,0.0,0.0,0.0,1.0,0.0,0.0,15,255,1.0,0.0,0.07,0.04,0.0,0.0,0.0,0,78107.0
0,tcp,ftp_data,SF,88382,0,0,0,1,0,0,1,0,14,0.0,0.0,0.0,0.0,1.0,0.0,0.0,139,69,0.33,0.02,0.33,0.03,0.0,0.0,0.0,0,83691.0
0,tcp,http,SF,323,2446,0,0,1,0,0,0,0,5,0.0,0.0,0.0,0.0,1.0,0.0,0.0,255,255,1.0,0.0,0.0,0.0,0.0,0.0,0.0,0,75008.0
0,tcp,http,SF,296,2739,0,0,1,0,0,0,0,4,0.0,0.0,0.0,0.0,1.0,0.0,0.0,224,255,1.0,0.0,0.0,0.01,0.0,0.0,0.0,0,89036.0
0,tcp,http,SF,205,2543,0,0,1,0,0,0,0,14,0.0,0.0,0.0,0.0,1.0,0.0,0.0,255,255,1.0,0.0,0.0,0.0,0.0,0.0,0.0,0,121084.0
0,tcp,auth,S0,0,0,0,0,0,0,0,0,0,203,1.0,1.0,0.0,0.0,0.01,0.05,0.0,255,2,0.01,0.05,0.0,0.0,1.0,1.0,0.0,1,104622.0
0,tcp,private,REJ,0,0,0,0,0,0,0,0,0,120,0.07,0.0,0.92,1.0,0.01,1.0,0.0,255,1,0.0,0.69,0.0,0.0,0.03,0.0,1.0,1,41788.0
0,tcp,http,SF,265,608,0,0,1,0,0,0,0,1,0.0,0.0,0.0,0.0,1.0,0.0,0.0,19,255,1.0,0.0,0.05,0.02,0.0,0.0,0.0,0,108112.0
0,tcp,http,REJ,0,0,0,0,0,0,0,0,0,245,0.0,0.0,1.0,1.0,0.02,0.07,0.0,255,6,0.02,0.08,0.0,0.0,0.0,0.0,1.0,1,36280.0
0,tcp,http,SF,209,1750,0,0,1,0,0,0,0,26,0.0,0.0,0.0,0.0,1.0,0.0,0.0,104,255,1.0,0.0,0.02,0.03,0.0,0.0,0.0,0,43718.0
0,tcp,http,SF,208,2318,0,0,1,0,0,0,0,2,0.0,0.0,0.0,0.0,1.0,0.0,0.0,2,2,1.0,0.0,0.5,0.0,0.0,0.0,0.0,0,79599.0
0,tcp,gopher,S0,0,0,0,0,0,0,0,0,0,249,1.0,1.0,0.0,0.0,0.04,0.06,0.0,255,11,0.04,0.07,0.0,0.0,1.0,1.0,0.0,1,68715.0
0,tcp,http,SF,304,758,0,0,1,0,0,0,0,1,0.0,0.0,0.0,0.0,1.0,0.0,0.18,14,255,1.0,0.0,0.07,0.05,0.0,0.0,0.0,0,44882.0
0,udp,domain_u,SF,44,44,0,0,0,0,0,0,0,169,0.0,0.0,0.0,0.0,0.99,0.01,0.0,255,254,1.0,0.01,0.0,0.0,0.0,0.0,0.0,0,76799.0
0,tcp,telnet,S0,0,0,0,0,0,0,0,0,0,263,1.0,1.0,0.0,0.0,0.07,0.06,0.0,255,18,0.07,0.07,0.0,0.0,1.0,1.0,0.0,1,122225.0
0,tcp,http,SF,230,2013,0,0,1,0,0,0,0,2,0.0,0.0,0.0,0.0,1.0,0.0,0.0,255,241,0.95,0.02,0.0,0.0,0.0,0.0,0.0,0,109576.0
0,tcp,http,SF,200,301,0,0,1,0,0,0,0,29,0.0,0.0,0.0,0.0,1.0,0.0,0.0,255,255,1.0,0.0,0.01,0.0,0.0,0.0,0.0,0,94451.0
0,tcp,systat,S0,0,0,0,0,0,0,0,0,0,101,1.0,1.0,0.0,0.0,0.01,0.06,0.0,255,1,0.0,0.07,0.0,0.0,1.0,1.0,0.0,1,91346.0
0,tcp,X11,SF,352,592,0,0,1,0,0,0,0,1,0.0,0.0,0.0,0.0,1.0,0.0,0.0,5,5,1.0,0.0,0.2,0.0,0.2,0.2,0.0,0,10829.0
0,tcp,http,SF,227,2698,0,0,1,0,0,0,1,1,0.0,0.0,0.0,0.0,1.0,0.0,0.0,255,241,0.95,0.01,0.0,0.0,0.0,0.0,0.0,0,75165.0
0,tcp,telnet,S0,0,0,0,0,0,0,0,0,0,13,1.0,1.0,0.0,0.0,0.23,0.31,0.0,175,46,0.26,0.02,0.01,0.04,0.99,0.93,0.0,1,70020.0
0,icmp,ecr_i,SF,1032,0,0,0,0,0,0,0,0,511,0.0,0.0,0.0,0.0,1.0,0.0,0.0,255,136,0.53,0.02,0.53,0.0,0.01,0.0,0.0,1,62403.0
0,udp,domain_u,SF,46,157,0,0,0,0,0,0,0,76,0.0,0.0,0.0,0.0,0.99,0.03,0.01,255,241,0.95,0.01,0.0,0.0,0.0,0.0,0.0,0,35099.0
0,udp,domain_u,SF,45,115,0,0,0,0,0,0,0,2,0.0,0.0,0.0,0.0,1.0,0.0,0.5,255,242,0.95,0.02,0.0,0.0,0.0,0.0,0.0,0,118833.0
0,tcp,iso_tsap,S0,0,0,0,0,0,0,0,0,0,271,1.0,1.0,0.0,0.0,0.09,0.05,0.0,255,24,0.09,0.05,0.0,0.0,1.0,1.0,0.0,1,87222.0
0,tcp,ftp,RSTO,0,0,0,0,0,0,0,0,0,251,0.0,0.0,1.0,1.0,0.03,0.07,0.0,255,7,0.03,0.08,0.0,0.0,0.0,0.0,1.0,1,31581.0
0,tcp,http,REJ,0,0,0,0,0,0,0,0,0,1,0.0,0.0,1.0,1.0,1.0,0.0,0.0,8,247,1.0,0.0,0.12,0.13,0.0,0.0,0.75,0,7954.0
0,tcp,bgp,S0,0,0,0,0,0,0,0,0,0,131,1.0,1.0,0.0,0.0,0.18,0.05,0.0,255,23,0.09,0.05,0.0,0.0,1.0,1.0,0.0,1,115569.0
0,tcp,mtp,S0,0,0,0,0,0,0,0,0,0,190,1.0,1.0,0.0,0.0,0.03,0.08,0.0,255,5,0.02,0.08,0.0,0.0,1.0,1.0,0.0,1,17511.0
0,tcp,private,S0,0,0,0,0,0,0,0,0,0,69,1.0,1.0,0.0,0.0,0.1,0.06,0.0,255,7,0.03,0.05,0.0,0.0,1.0,1.0,0.0,1,21966.0
0,tcp,courier,S0,0,0,0,0,0,0,0,0,0,108,1.0,1.0,0.0,0.0,0.11,0.06,0.0,255,12,0.05,0.06,0.0,0.0,1.0,1.0,0.0,1,17117.0
0,icmp,eco_i,SF,18,0,0,0,0,0,0,0,0,1,0.0,0.0,0.0,0.0,1.0,0.0,0.0,2,126,1.0,0.0,1.0,0.25,0.0,0.0,0.0,1,91876.0
0,udp,domain_u,SF,46,137,0,0,0,0,0,0,0,12,0.0,0.0,0.0,0.0,1.0,0.0,0.04,33,208,1.0,0.0,1.0,0.01,0.0,0.0,0.0,0,5688.0
0,tcp,whois,S0,0,0,0,0,0,0,0,0,0,116,1.0,1.0,0.0,0.0,0.08,0.06,0.0,255,9,0.04,0.06,0.0,0.0,1.0,1.0,0.0,1,23861.0
0,tcp,http,SF,184,4367,0,0,1,0,0,0,0,9,0.0,0.0,0.0,0.0,1.0,0.0,0.2,9,255,1.0,0.0,0.11,0.01,0.0,0.0,0.0,0,56883.0
0,tcp,http,SF,208,42780,0,0,1,0,0,0,0,4,0.25,0.25,0.0,0.0,1.0,0.0,0.0,4,255,1.0,0.0,0.25,0.03,0.25,0.0,0.0,0,124250.0
0,tcp,http_443,REJ,0,0,0,0,0,0,0,0,0,140,0.0,0.0,1.0,1.0,0.12,0.06,0.0,255,17,0.07,0.07,0.0,0.0,0.0,0.0,1.0,1,16921.0
0,tcp,private,S0,0,0,0,0,0,0,0,0,0,102,0.99,1.0,0.0,0.0,0.16,0.07,0.0,255,16,0.06,0.06,0.0,0.0,1.0,1.0,0.0,1,89208.0
0,tcp,gopher,S0,0,0,0,0,0,0,0,0,0,235,1.0,1.0,0.0,0.0,0.01,0.07,0.0,255,2,0.01,0.07,0.0,0.0,1.0,1.0,0.0,1,80110.0
0,tcp,telnet,S0,0,0,0,0,0,0,0,0,0,10,1.0,1.0,0.0,0.0,0.2,0.3,0.0,255,34,0.13,0.05,0.01,0.0,1.0,1.0,0.0,1,45666.0
0,tcp,private,S0,0,0,0,0,0,0,0,0,0,45,1.0,1.0,0.0,0.0,0.2,0.13,0.0,255,9,0.04,0.08,0.0,0.0,1.0,1.0,0.0,1,72464.0
0,udp,domain_u,SF,45,45,0,0,0,0,0,0,0,102,0.0,0.0,0.0,0.0,1.0,0.0,0.02,255,254,1.0,0.01,0.0,0.0,0.0,0.0,0.0,0,23759.0
0,tcp,csnet_ns,S0,0,0,0,0,0,0,0,0,0,124,1.0,1.0,0.0,0.0,0.12,0.06,0.0,255,8,0.03,0.07,0.0,0.0,1.0,1.0,0.0,1,7505.0
4,tcp,smtp,SF,912,362,0,0,1,0,0,0,0,1,0.0,0.0,0.0,0.0,1.0,0.0,1.0,124,173,0.65,0.03,0.01,0.01,0.0,0.0,0.0,0,35782.0
0,tcp,http,SF,206,1719,0,0,1,0,0,0,0,3,0.0,0.0,0.0,0.0,1.0,0.0,0.0,255,255,1.0,0.0,0.0,0.0,0.0,0.0,0.0,0,6556.0
1,tcp,ftp,SF,1224,2449,0,28,1,0,0,0,0,1,0.0,0.0,0.0,0.0,1.0,0.0,0.0,255,72,0.28,0.02,0.0,0.0,0.0,0.0,0.0,1,113368.0
0,tcp,bgp,S0,0,0,0,0,0,0,0,0,0,234,1.0,1.0,0.0,0.0,0.0,0.07,0.0,255,1,0.0,0.07,0.0,0.0,1.0,1.0,0.0,1,111377.0
0,tcp,http,SF,243,7332,0,0,1,0,0,0,0,13,0.0,0.0,0.0,0.0,1.0,0.0,0.0,255,255,1.0,0.0,0.0,0.0,0.0,0.0,0.0,0,77087.0
0,tcp,finger,S0,0,0,0,0,0,0,0,0,0,43,1.0,1.0,0.0,0.0,0.26,0.09,0.0,255,48,0.19,0.05,0.0,0.0,1.0,1.0,0.0,1,114004.0
0,tcp,http,SF,313,447,0,0,1,0,0,0,0,14,0.0,0.0,0.0,0.0,1.0,0.0,0.17,255,255,1.0,0.0,0.0,0.0,0.0,0.0,0.0,0,31207.0
0,tcp,private,REJ,0,0,0,0,0,0,0,0,0,234,0.0,0.0,1.0,1.0,0.08,0.06,0.0,255,18,0.07,0.07,0.0,0.0,0.0,0.0,1.0,1,53014.0
0,tcp,http,SF,215,6356,0,0,1,0,0,0,0,14,0.0,0.0,0.0,0.0,1.0,0.0,0.0,223,255,1.0,0.0,0.0,0.01,0.0,0.0,0.0,0,59659.0
0,tcp,private,S0,0,0,0,0,0,0,0,0,0,263,1.0,1.0,0.0,0.0,0.07,0.06,0.0,255,5,0.02,0.03,0.0,0.0,1.0,1.0,0.0,1,109681.0
0,udp,domain_u,SF,44,44,0,0,0,0,0,0,0,193,0.0,0.0,0.0,0.0,0.99,0.01,0.0,255,254,1.0,0.01,0.01,0.0,0.0,0.0,0.0,0,106773.0
0,tcp,ftp_data,SF,334,0,0,0,1,0,0,0,0,1,0.0,0.0,0.0,0.0,1.0,0.0,0.0,10,37,1.0,0.0,1.0,0.08,0.0,0.0,0.0,1,111840.0
0,tcp,http,SF,224,2183,0,0,1,0,0,0,0,1,0.0,0.0,0.0,0.0,1.0,0.0,0.0,32,255,1.0,0.0,0.03,0.03,0.0,0.0,0.0,0,17147.0
0,tcp,ftp_data,SF,879,0,0,0,1,0,0,0,0,5,0.0,0.0,0.0,0.0,1.0,0.0,0.0,5,70,1.0,0.0,1.0,0.03,0.0,0.01,0.0,0,81624.0
0,tcp,http,SF,303,8720,0,0,1,0,0,0,0,24,0.04,0.04,0.0,0.0,1.0,0.0,0.0,255,255,1.0,0.0,0.0,0.0,0.0,0.0,0.0,0,123261.0
0,tcp,imap4,S0,0,0,0,0,0,0,0,0,0,261,1.0,1.0,0.0,0.0,0.03,0.05,0.0,255,7,0.03,0.05,0.0,0.0,1.0,1.0,0.0,1,103448.0
0,tcp,http,SF,235,411,0,0,1,0,0,0,0,22,0.0,0.0,0.0,0.0,1.0,0.0,0.0,25,255,1.0,0.0,0.04,0.04,0.0,0.0,0.01,0,53043.0
0,tcp,whois,REJ,0,0,0,0,0,0,0,0,0,205,0.0,0.0,1.0,1.0,0.01,0.07,0.0,255,3,0.01,0.08,0.0,0.0,0.0,0.0,1.0,1,74372.0
0,tcp,nnsp,S0,0,0,0,0,0,0,0,0,0,144,1.0,1.0,0.0,0.0,0.1,0.06,0.0,255,14,0.05,0.06,0.0,0.0,1.0,1.0,0.0,1,87685.0
0,tcp,echo,S0,0,0,0,0,0,0,0,0,0,134,1.0,1.0,0.0,0.0,0.09,0.06,0.0,255,3,0.01,0.07,0.0,0.0,1.0,1.0,0.0,1,92179.0
0,tcp,private,S0,0,0,0,0,0,0,0,0,0,209,1.0,1.0,0.0,0.0,0.02,0.06,0.0,70,5,0.07,0.14,0.01,0.0,0.8,1.0,0.0,1,105351.0
0,tcp,private,S0,0,0,0,0,0,0,0,0,0,266,1.0,1.0,0.0,0.0,0.06,0.06,0.0,255,4,0.02,0.07,0.0,0.0,1.0,1.0,0.0,1,105810.0
0,tcp,http,SF,309,1471,0,0,1,0,0,0,0,12,0.0,0.0,0.0,0.0,1.0,0.0,0.0,255,255,1.0,0.0,0.0,0.0,0.0,0.0,0.0,0,90785.0
0,tcp,Z39_50,S0,0,0,0,0,0,0,0,0,0,282,1.0,1.0,0.0,0.0,0.06,0.06,0.0,255,17,0.07,0.06,0.0,0.0,1.0,1.0,0.0,1,1032.0
0,tcp,http,SF,353,2005,0,0,1,0,0,0,0,6,0.17,0.17,0.0,0.0,1.0,0.0,0.0,255,255,1.0,0.0,0.0,0.0,0.0,0.0,0.0,0,33228.0
0,tcp,http,REJ,0,0,0,0,0,0,0,0,0,1,0.0,0.0,1.0,1.0,1.0,0.0,0.0,22,25,1.0,0.0,0.05,0.08,0.0,0.08,0.92,0,15455.0
0,tcp,http,REJ,0,0,0,0,0,0,0,0,0,1,0.0,0.0,1.0,1.0,1.0,0.0,0.0,25,30,1.0,0.0,0.04,0.07,0.0,0.0,1.0,0,85939.0
0,tcp,smtp,SF,1421,388,0,0,1,0,0,0,0,1,0.0,0.0,0.0,0.0,1.0,0.0,0.0,255,138,0.54,0.01,0.0,0.0,0.7,0.72,0.0,0,57424.0
0,tcp,http,SF,244,1024,0,0,1,0,0,0,0,36,0.0,0.0,0.0,0.0,1.0,0.0,0.0,255,255,1.0,0.0,0.0,0.0,0.0,0.0,0.0,0,13610.0
0,tcp,link,S0,0,0,0,0,0,0,0,0,0,34,0.79,1.0,0.21,0.0,0.06,0.41,0.0,255,2,0.01,0.06,0.13,0.0,0.11,1.0,0.0,1,116834.0
0,tcp,private,S0,0,0,0,0,0,0,0,0,0,210,1.0,1.0,0.0,0.0,0.04,0.07,0.0,255,10,0.04,0.06,0.0,0.0,1.0,1.0,0.0,1,50231.0
0,tcp,http,SF,194,766,0,0,1,0,0,0,0,6,0.0,0.0,0.0,0.0,1.0,0.0,0.0,6,255,1.0,0.0,0.17,0.03,0.0,0.0,0.0,0,84065.0
0,tcp,http,S0,0,0,0,0,0,0,0,0,0,35,1.0,0.95,0.0,0.05,0.51,0.06,0.11,195,58,0.3,0.02,0.01,0.0,1.0,1.0,0.0,1,121425.0
0,tcp,http,SF,376,1679,0,0,1,0,0,0,0,5,0.0,0.0,0.0,0.0,1.0,0.0,0.0,25,255,1.0,0.0,0.04,0.04,0.0,0.0,0.0,0,26802.0
0,tcp,http,SF,212,938,0,0,1,0,0,0,0,12,0.0,0.0,0.0,0.0,1.0,0.0,0.21,30,255,1.0,0.0,0.03,0.05,0.03,0.0,0.0,0,12480.0
0,tcp,sunrpc,S0,0,0,0,0,0,0,0,0,0,124,1.0,1.0,0.0,0.0,0.06,0.06,0.0,255,4,0.02,0.06,0.0,0.0,1.0,1.0,0.0,1,36909.0
0,tcp,kshell,REJ,0,0,0,0,0,0,0,0,0,146,0.0,0.0,1.0,1.0,0.12,0.06,0.0,255,18,0.07,0.07,0.0,0.0,0.0,0.0,1.0,1,12915.0
0,tcp,nnsp,S0,0,0,0,0,0,0,0,0,0,134,1.0,1.0,0.0,0.0,0.13,0.06,0.0,255,18,0.07,0.07,0.0,0.0,1.0,1.0,0.0,1,115534.0
0,tcp,Z39_50,REJ,0,0,0,0,0,0,0,0,0,113,0.0,0.0,1.0,1.0,0.18,0.05,0.0,255,20,0.08,0.07,0.0,0.0,0.0,0.0,1.0,1,43201.0
0,tcp,ftp_data,SF,1470,0,0,0,1,0,0,0,0,22,0.05,0.05,0.0,0.0,1.0,0.0,0.0,255,108,0.42,0.02,0.42,0.0,0.0,0.01,0.0,0,87817.0
0,tcp,finger,S0,0,0,0,0,0,0,0,0,0,24,0.92,1.0,0.08,0.0,0.08,0.17,0.0,255,3,0.01,0.06,0.02,0.0,1.0,1.0,0.0,1,118766.0
0,tcp,finger,S0,0,0,0,0,0,0,0,0,0,229,1.0,1.0,0.0,0.0,0.02,0.07,0.0,255,4,0.02,0.07,0.0,0.0,1.0,1.0,0.0,1,24488.0
0,tcp,http,SF,300,1441,0,0,1,0,0,0,0,20,0.0,0.0,0.0,0.0,1.0,0.0,0.1,251,255,1.0,0.0,0.0,0.01,0.0,0.0,0.0,0,55677.0
0,tcp,bgp,S0,0,0,0,0,0,0,0,0,0,215,1.0,1.0,0.0,0.0,0.0,0.07,0.0,255,1,0.0,0.07,0.0,0.0,1.0,1.0,0.0,1,43146.0
0,tcp,http,SF,284,577,0,0,1,0,0,0,0,9,0.0,0.0,0.0,0.0,1.0,0.0,0.0,49,255,1.0,0.0,0.02,0.02,0.0,0.0,0.0,0,58670.0
0,tcp,private,S0,0,0,0,0,0,0,0,0,0,290,1.0,1.0,0.0,0.0,0.03,0.05,0.0,255,8,0.03,0.06,0.0,0.0,1.0,1.0,0.0,1,6251.0
0,tcp,nnsp,S0,0,0,0,0,0,0,0,0,0,204,1.0,1.0,0.0,0.0,0.01,0.06,0.0,255,3,0.01,0.06,0.0,0.0,1.0,1.0,0.0,1,114438.0
0,tcp,http,SF,226,1719,0,0,1,0,0,0,0,24,0.0,0.0,0.0,0.0,1.0,0.0,0.0,24,255,1.0,0.0,0.04,0.05,0.0,0.0,0.0,0,23296.0
0,tcp,ftp_data,S0,0,0,0,0,0,0,0,0,0,72,1.0,1.0,0.0,0.0,0.22,0.06,0.0,255,56,0.22,0.02,0.01,0.0,1.0,1.0,0.0,1,85260.0
36898,tcp,private,RSTR,1,0,0,0,0,0,0,0,0,2,0.0,0.0,1.0,1.0,1.0,0.0,0.0,255,2,0.01,0.5,1.0,0.0,0.0,0.0,1.0,1,53215.0
0,icmp,eco_i,SF,30,0,0,0,0,0,0,0,0,2,0.0,0.0,0.0,0.0,0.5,1.0,0.0,255,8,0.03,0.01,0.11,0.0,0.0,0.0,0.0,0,125259.0
0,tcp,ldap,S0,0,0,0,0,0,0,0,0,0,258,1.0,1.0,0.0,0.0,0.03,0.05,0.0,255,7,0.03,0.05,0.0,0.0,1.0,1.0,0.0,1,2962.0
0,tcp,finger,S0,0,0,0,0,0,0,0,0,0,256,1.0,1.0,0.0,0.0,0.03,0.05,0.0,255,8,0.03,0.05,0.0,0.0,1.0,1.0,0.0,1,91246.0
0,icmp,eco_i,SF,8,0,0,0,0,0,0,0,0,1,0.0,0.0,0.0,0.0,1.0,0.0,1.0,2,61,1.0,0.0,1.0,0.26,0.0,0.0,0.0,1,98783.0
0,tcp,http,SF,222,22756,0,0,1,0,0,0,0,2,0.0,0.0,0.0,0.0,1.0,0.0,0.5,6,255,1.0,0.0,0.17,0.05,0.0,0.0,0.0,0,79797.0
0,tcp,http,SF,221,1927,0,0,1,0,0,0,0,1,0.0,0.0,0.0,0.0,1.0,0.0,0.0,21,192,1.0,0.0,0.05,0.09,0.0,0.0,0.0,0,52334.0
0,tcp,smtp,SF,1652,330,0,0,1,0,0,0,0,1,0.0,0.0,0.0,0.0,1.0,0.0,1.0,134,165,0.58,0.04,0.01,0.01,0.0,0.0,0.0,0,44035.0
0,tcp,http,SF,316,13357,0,0,1,0,0,0,0,1,0.0,0.0,0.0,0.0,1.0,0.0,1.0,65,255,1.0,0.0,0.02,0.05,0.0,0.0,0.0,0,28372.0
0,tcp,http,SF,198,449,0,0,1,0,0,0,0,1,0.0,0.0,0.0,0.0,1.0,0.0,0.0,28,255,1.0,0.0,0.04,0.05,0.0,0.0,0.0,0,118979.0
0,tcp,pop_3,S0,0,0,0,0,0,0,0,0,0,229,1.0,1.0,0.0,0.0,0.02,0.06,0.0,255,5,0.02,0.07,0.0,0.0,1.0,1.0,0.0,1,90542.0
0,udp,private,SF,1,0,0,0,0,0,0,0,0,30,0.0,0.0,0.0,0.0,0.87,0.07,0.0,255,31,0.12,0.68,0.36,0.0,0.05,0.0,0.0,1,120586.0
1,tcp,smtp,SF,570,377,0,0,1,0,0,0,0,1,0.0,0.0,0.0,0.0,1.0,0.0,1.0,92,110,0.25,0.04,0.01,0.02,0.0,0.0,0.0,0,98963.0
0,icmp,eco_i,SF,8,0,0,0,0,0,0,0,0,1,0.0,0.0,0.0,0.0,1.0,0.0,1.0,1,255,1.0,0.0,1.0,0.5,0.0,0.0,0.0,1,75335.0
0,icmp,ecr_i,SF,30,0,0,0,0,0,0,0,0,1,0.0,0.0,0.0,0.0,1.0,0.0,0.0,110,110,1.0,0.0,1.0,0.0,0.0,0.0,0.0,0,100245.0
0,udp,domain_u,SF,42,133,0,0,0,0,0,0,0,328,0.0,0.0,0.0,0.0,1.0,0.01,0.0,255,239,0.94,0.01,0.0,0.0,0.0,0.0,0.0,0,24858.0
0,tcp,time,S0,0,0,0,0,0,0,0,0,0,227,1.0,1.0,0.0,0.0,0.02,0.07,0.0,255,16,0.06,0.07,0.0,0.0,1.0,1.0,0.0,1,11906.0
0,tcp,gopher,S0,0,0,0,0,0,0,0,0,0,247,1.0,1.0,0.0,0.0,0.03,0.06,0.0,255,8,0.03,0.07,0.0,0.0,1.0,1.0,0.0,1,81658.0
0,tcp,http,SF,327,5200,0,0,1,0,0,0,0,5,0.0,0.0,0.0,0.0,1.0,0.0,0.33,255,255,1.0,0.0,0.0,0.0,0.0,0.0,0.0,0,106596.0
0,tcp,http,SF,334,4165,0,0,1,0,0,0,0,9,0.0,0.0,0.0,0.0,1.0,0.0,0.0,118,255,1.0,0.0,0.01,0.05,0.0,0.0,0.0,0,48755.0
0,tcp,private,S0,0,0,0,0,0,0,0,0,0,190,1.0,1.0,0.0,0.0,0.01,0.06,0.0,255,10,0.04,0.09,0.0,0.0,1.0,1.0,0.0,1,19628.0
0,tcp,http,SF,300,1416,0,0,1,0,0,0,0,15,0.0,0.0,0.0,0.0,1.0,0.0,0.0,175,255,1.0,0.0,0.01,0.02,0.0,0.0,0.0,0,52750.0
0,udp,domain_u,SF,42,108,0,0,0,0,0,0,0,9,0.0,0.0,0.0,0.0,1.0,0.0,0.0,255,253,0.99,0.01,0.0,0.0,0.0,0.0,0.0,0,67153.0
0,tcp,http,SF,54540,8314,0,2,1,1,0,0,0,4,0.0,0.0,0.0,0.0,1.0,0.0,0.0,208,208,1.0,0.0,0.0,0.0,0.0,0.0,0.05,1,106608.0
0,icmp,ecr_i,SF,1032,0,0,0,0,0,0,0,0,511,0.0,0.0,0.0,0.0,1.0,0.0,0.0,255,155,0.61,0.02,0.61,0.0,0.01,0.0,0.0,1,7375.0
0,udp,private,SF,105,146,0,0,0,0,0,0,0,4,0.0,0.0,0.0,0.0,0.25,0.5,0.0,118,114,0.97,0.03,0.01,0.0,0.0,0.0,0.0,0,33335.0
0,tcp,private,S0,0,0,0,0,0,0,0,0,0,184,1.0,1.0,0.0,0.0,0.08,0.07,0.0,255,15,0.06,0.05,0.0,0.0,1.0,1.0,0.0,1,38519.0
0,tcp,http,SF,309,21951,0,0,1,0,0,0,0,3,0.0,0.0,0.0,0.0,1.0,0.0,0.0,22,255,1.0,0.0,0.05,0.07,0.0,0.0,0.0,0,87709.0
0,icmp,eco_i,SF,8,0,0,0,0,0,0,0,0,1,0.0,0.0,0.0,0.0,1.0,0.0,1.0,3,175,1.0,0.0,1.0,0.25,0.0,0.0,0.0,1,83440.0
6,tcp,smtp,SF,2536,406,0,0,1,0,0,0,0,1,0.0,0.0,0.0,0.0,1.0,0.0,0.0,100,87,0.87,0.04,0.01,0.0,0.0,0.0,0.0,0,11060.0
0,udp,domain_u,SF,43,43,0,0,0,0,0,0,0,156,0.0,0.0,0.0,0.0,1.0,0.0,0.01,255,255,1.0,0.0,0.01,0.0,0.0,0.0,0.0,0,94942.0
0,tcp,http,SF,227,10739,0,0,1,0,0,0,0,22,0.0,0.0,0.0,0.0,1.0,0.0,0.0,255,255,1.0,0.0,0.0,0.0,0.0,0.0,0.0,0,12257.0
0,udp,domain_u,SF,44,127,0,0,0,0,0,0,0,50,0.0,0.0,0.0,0.0,1.0,0.0,0.02,255,254,1.0,0.01,0.0,0.0,0.0,0.0,0.0,0,80236.0
0,tcp,ctf,S0,0,0,0,0,0,0,0,0,0,188,1.0,1.0,0.0,0.0,0.07,0.06,0.0,255,14,0.05,0.05,0.0,0.0,1.0,1.0,0.0,1,6553.0
0,tcp,private,S0,0,0,0,0,0,0,0,0,0,182,1.0,1.0,0.0,0.0,0.1,0.05,0.0,123,19,0.15,0.08,0.01,0.0,0.89,1.0,0.0,1,73927.0
0,tcp,http,SF,213,2605,0,0,1,0,0,0,0,42,0.0,0.0,0.0,0.0,1.0,0.0,0.04,255,255,1.0,0.0,0.0,0.0,0.0,0.0,0.05,0,113073.0
0,tcp,imap4,S0,0,0,0,0,0,0,0,0,0,177,1.0,1.0,0.0,0.0,0.04,0.07,0.0,255,7,0.03,0.06,0.0,0.0,1.0,1.0,0.0,1,81557.0
0,tcp,http,S0,0,0,0,0,0,0,0,0,0,247,1.0,1.0,0.0,0.0,0.0,0.07,0.0,255,1,0.0,0.08,0.0,0.0,1.0,1.0,0.0,1,97408.0
0,tcp,ftp_data,SF,567,0,0,0,0,0,0,0,0,1,0.0,0.0,0.0,0.0,1.0,0.0,0.0,26,5,0.19,0.15,0.19,0.0,0.0,0.0,0.0,0,112763.0
0,tcp,private,S0,0,0,0,0,0,0,0,0,0,93,1.0,1.0,0.0,0.0,0.09,0.06,0.0,255,7,0.03,0.07,0.0,0.0,1.0,1.0,0.0,1,51075.0
9093,tcp,telnet,SF,2664,16749,0,0,1,2,0,2,0,1,0.0,0.0,0.0,0.0,1.0,0.0,0.0,255,20,0.08,0.07,0.0,0.0,0.62,0.0,0.1,0,11954.0
0,tcp,finger,S0,0,0,0,0,0,0,0,0,0,294,1.0,1.0,0.0,0.0,0.05,0.06,0.0,255,2,0.01,0.07,0.0,0.0,1.0,1.0,0.0,1,104948.0
0,tcp,http,SF,330,6758,0,0,1,0,0,0,0,11,0.0,0.0,0.0,0.0,1.0,0.0,0.14,255,255,1.0,0.0,0.0,0.0,0.0,0.0,0.0,0,12276.0
0,tcp,http,SF,224,324,0,0,1,0,0,0,0,10,0.0,0.0,0.0,0.0,1.0,0.0,0.18,94,255,1.0,0.0,0.01,0.02,0.0,0.0,0.0,0,37519.0
0,tcp,hostnames,REJ,0,0,0,0,0,0,0,0,0,158,0.0,0.0,1.0,1.0,0.09,0.08,0.0,255,14,0.05,0.07,0.0,0.0,0.0,0.0,1.0,1,96777.0
0,tcp,http,REJ,0,0,0,0,0,0,0,0,0,1,0.0,0.0,1.0,1.0,1.0,0.0,0.0,19,255,1.0,0.0,0.05,0.24,0.0,0.0,0.99,0,106861.0
0,tcp,finger,S0,0,0,0,0,0,0,0,0,0,8,1.0,1.0,0.0,0.0,0.5,0.25,0.0,255,64,0.25,0.03,0.0,0.0,1.0,1.0,0.0,1,72095.0
0,tcp,http,SF,225,3730,0,0,1,0,0,0,0,2,0.0,0.0,0.0,0.0,1.0,0.0,0.0,245,255,1.0,0.0,0.0,0.01,0.0,0.0,0.0,0,86443.0
0,icmp,ecr_i,SF,1032,0,0,0,0,0,0,0,0,511,0.0,0.0,0.0,0.0,1.0,0.0,0.0,255,190,0.75,0.02,0.75,0.0,0.0,0.0,0.0,1,88903.0
0,tcp,auth,REJ,0,0,0,0,0,0,0,0,0,228,0.0,0.0,1.0,1.0,0.03,0.07,0.0,255,6,0.02,0.07,0.0,0.0,0.0,0.0,1.0,1,12992.0
0,tcp,http,SF,425,8854,0,0,1,0,0,0,0,5,0.0,0.0,0.0,0.0,1.0,0.0,0.0,255,255,1.0,0.0,0.0,0.0,0.0,0.0,0.0,0,65132.0
0,tcp,private,S0,0,0,0,0,0,0,0,0,0,284,1.0,1.0,0.0,0.0,0.05,0.06,0.0,255,4,0.02,0.07,0.0,0.0,1.0,1.0,0.0,1,18835.0
0,tcp,private,REJ,0,0,0,0,0,0,0,0,0,115,0.0,0.0,1.0,1.0,0.1,0.07,0.0,255,11,0.04,0.08,0.0,0.0,0.0,0.0,1.0,1,123541.0
0,tcp,http,SF,359,1758,0,0,1,0,0,0,0,3,0.0,0.0,0.0,0.0,1.0,0.0,0.5,255,255,1.0,0.0,0.0,0.0,0.0,0.0,0.0,0,108018.0
0,tcp,http,SF,323,4881,0,0,1,0,0,0,0,17,0.0,0.0,0.0,0.0,1.0,0.0,0.1,255,255,1.0,0.0,0.0,0.0,0.0,0.0,0.0,0,100084.0
0,tcp,private,S0,0,0,0,0,0,0,0,0,0,141,1.0,1.0,0.0,0.0,0.18,0.05,0.0,255,15,0.06,0.05,0.0,0.0,1.0,1.0,0.0,1,47782.0
0,tcp,http,SF,187,1923,0,0,1,0,0,0,0,4,0.0,0.0,0.0,0.0,1.0,0.0,0.4,255,255,1.0,0.0,0.0,0.0,0.0,0.0,0.0,0,114396.0
0,udp,domain_u,SF,45,118,0,0,0,0,0,0,0,148,0.0,0.0,0.0,0.0,1.0,0.0,0.0,255,255,1.0,0.0,0.0,0.0,0.0,0.0,0.0,0,113208.0
0,tcp,telnet,S0,0,0,0,0,0,0,0,0,0,1,1.0,1.0,0.0,0.0,1.0,0.0,0.0,3,3,1.0,0.0,0.33,0.0,0.33,0.33,0.0,1,44382.0
0,tcp,imap4,S0,0,0,0,0,0,0,0,0,0,263,1.0,1.0,0.0,0.0,0.01,0.06,0.0,255,3,0.01,0.08,0.0,0.0,1.0,1.0,0.0,1,113889.0
0,tcp,http,SF,274,1355,0,0,1,0,0,0,0,31,0.0,0.0,0.0,0.0,1.0,0.0,0.06,62,255,1.0,0.0,0.02,0.03,0.0,0.0,0.0,0,125385.0
0,tcp,nntp,S0,0,0,0,0,0,0,0,0,0,296,1.0,1.0,0.0,0.0,0.02,0.05,0.0,255,7,0.03,0.05,0.0,0.0,1.0,1.0,0.0,1,40068.0
0,tcp,http,SF,361,288,0,0,1,0,0,0,0,3,0.0,0.0,0.0,0.0,1.0,0.0,0.12,11,255,1.0,0.0,0.09,0.03,0.0,0.0,0.0,0,53949.0
0,tcp,http,SF,54540,8314,0,2,1,1,0,0,0,7,0.0,0.0,0.0,0.0,1.0,0.0,0.0,255,255,1.0,0.0,0.0,0.0,0.0,0.0,0.05,1,94432.0
1,tcp,smtp,SF,597,325,0,0,1,0,0,0,0,1,0.0,0.0,0.0,0.0,1.0,0.0,1.0,255,180,0.71,0.03,0.0,0.0,0.01,0.01,0.0,0,40590.0
0,tcp,exec,RSTR,0,0,0,0,0,0,0,0,0,1,0.0,0.0,1.0,1.0,1.0,0.0,0.0,255,1,0.0,0.78,1.0,0.0,0.0,0.0,1.0,1,5407.0
0,tcp,http,SF,222,576,0,0,1,0,0,0,0,5,0.0,0.0,0.0,0.0,1.0,0.0,0.0,32,255,1.0,0.0,0.03,0.05,0.0,0.01,0.0,0,120544.0
0,tcp,http,SF,343,429,0,0,1,0,0,0,0,35,0.0,0.0,0.0,0.0,1.0,0.0,0.1,132,255,1.0,0.0,0.01,0.02,0.0,0.0,0.0,0,107357.0
0,icmp,ecr_i,SF,1032,0,0,0,0,0,0,0,0,363,0.0,0.0,0.0,0.0,1.0,0.0,0.0,133,39,0.29,0.05,0.29,0.0,0.02,0.0,0.0,1,93787.0
0,tcp,efs,S0,0,0,0,0,0,0,0,0,0,32,1.0,1.0,0.0,0.0,0.38,0.09,0.0,255,12,0.05,0.07,0.0,0.0,1.0,1.0,0.0,1,16568.0
0,icmp,eco_i,SF,8,0,0,0,0,0,0,0,0,1,0.0,0.0,0.0,0.0,1.0,0.0,1.0,2,122,1.0,0.0,1.0,0.25,0.0,0.0,0.0,1,110560.0
0,tcp,http,REJ,0,0,0,0,0,0,0,0,0,1,0.0,0.0,1.0,1.0,1.0,0.0,0.0,67,255,1.0,0.0,0.01,0.07,0.0,0.0,0.89,0,112115.0
0,udp,domain_u,SF,42,42,0,0,0,0,0,0,0,18,0.0,0.0,0.0,0.0,0.83,0.11,0.12,255,237,0.93,0.01,0.0,0.0,0.0,0.0,0.0,0,72153.0
0,tcp,private,RSTO,0,0,0,0,0,0,0,0,0,188,0.0,0.0,1.0,1.0,0.06,0.07,0.0,255,11,0.04,0.07,0.0,0.0,0.0,0.0,1.0,1,63391.0
0,tcp,Z39_50,S0,0,0,0,0,0,0,0,0,0,230,1.0,1.0,0.0,0.0,0.1,0.06,0.0,255,24,0.09,0.06,0.0,0.0,1.0,1.0,0.0,1,13294.0
0,tcp,http,SF,253,11905,0,0,1,0,0,0,0,8,0.0,0.0,0.0,0.0,1.0,0.0,0.2,87,255,1.0,0.0,0.01,0.02,0.0,0.0,0.0,0,22.0
0,tcp,http,SF,292,6396,0,0,1,0,0,0,0,8,0.0,0.0,0.0,0.0,1.0,0.0,0.0,74,255,1.0,0.0,0.01,0.04,0.0,0.0,0.0,0,31112.0
0,tcp,finger,S0,0,0,0,0,0,0,0,0,0,57,1.0,1.0,0.0,0.0,0.28,0.07,0.0,255,59,0.23,0.04,0.01,0.0,1.0,1.0,0.0,1,31.0
0,icmp,urp_i,SF,78,0,0,0,0,0,0,0,0,26,0.0,0.0,0.0,0.0,0.12,0.08,0.0,255,4,0.02,0.01,0.02,0.0,0.0,0.0,0.0,0,31099.0
0,icmp,eco_i,SF,8,0,0,0,0,0,0,0,0,1,0.0,0.0,0.0,0.0,1.0,0.0,1.0,2,136,1.0,0.0,1.0,0.5,0.0,0.0,0.0,1,71755.0
0,tcp,auth,SF,9,38,0,0,1,0,0,0,0,1,0.0,0.0,0.0,0.0,1.0,0.0,0.0,31,4,0.03,0.19,0.03,0.5,0.0,0.0,0.0,0,57010.0
0,tcp,smtp,SF,1192,331,0,0,1,0,0,0,0,1,0.0,0.0,0.0,0.0,1.0,0.0,1.0,64,176,0.84,0.06,0.02,0.01,0.0,0.0,0.0,0,87468.0
0,tcp,vmnet,REJ,0,0,0,0,0,0,0,0,0,209,0.0,0.0,1.0,1.0,0.02,0.07,0.0,255,5,0.02,0.08,0.0,0.0,0.0,0.0,1.0,1,122312.0
0,udp,private,SF,1,0,0,0,0,0,0,0,0,16,0.0,0.0,0.0,0.0,0.81,0.12,0.0,255,13,0.05,0.93,0.07,0.0,0.03,0.0,0.0,1,123467.0
0,tcp,http,SF,209,741,0,0,1,0,0,0,0,31,0.0,0.0,0.0,0.0,1.0,0.0,0.0,255,255,1.0,0.0,0.0,0.0,0.0,0.0,0.32,0,32255.0
0,tcp,http,SF,297,1442,0,0,1,0,0,0,0,11,0.0,0.0,0.0,0.0,1.0,0.0,0.19,255,255,1.0,0.0,0.0,0.0,0.0,0.0,0.0,0,11959.0
4725,udp,other,SF,147,105,0,0,0,0,0,0,0,1,0.0,0.0,0.0,0.0,1.0,0.0,0.0,255,1,0.0,0.84,0.97,0.0,0.0,0.0,0.0,0,103724.0
0,tcp,ftp_data,S0,0,0,0,0,0,0,0,0,0,19,0.95,1.0,0.05,0.0,0.16,0.26,0.0,255,23,0.09,0.06,0.01,0.0,1.0,1.0,0.0,1,16687.0
0,tcp,supdup,S0,0,0,0,0,0,0,0,0,0,129,1.0,1.0,0.0,0.0,0.16,0.05,0.0,255,17,0.07,0.07,0.0,0.0,1.0,1.0,0.0,1,96989.0
0,tcp,netstat,SH,0,0,0,0,0,0,0,0,0,1,1.0,1.0,0.0,0.0,1.0,0.0,0.0,255,1,0.0,1.0,1.0,0.0,1.0,1.0,0.0,1,118571.0
0,udp,other,SF,113,0,0,0,0,0,0,0,0,12,0.0,0.0,0.0,0.0,0.92,0.17,0.0,255,11,0.04,0.58,0.04,0.0,0.0,0.0,0.0,0,54124.0
0,tcp,ftp_data,S0,0,0,0,0,0,0,0,0,0,18,1.0,1.0,0.0,0.0,0.44,0.11,0.0,255,56,0.22,0.02,0.01,0.0,1.0,1.0,0.0,1,19415.0
0,tcp,gopher,S0,0,0,0,0,0,0,0,0,0,206,1.0,1.0,0.0,0.0,0.07,0.06,0.0,255,17,0.07,0.07,0.0,0.0,1.0,1.0,0.0,1,80758.0
0,tcp,ftp_data,S0,0,0,0,0,0,0,0,0,0,54,1.0,1.0,0.0,0.0,0.24,0.07,0.0,255,65,0.25,0.02,0.02,0.0,1.0,1.0,0.0,1,95262.0
0,tcp,http,SF,288,1242,0,0,1,0,0,0,0,13,0.0,0.0,0.0,0.0,1.0,0.0,0.0,102,255,1.0,0.0,0.01,0.05,0.0,0.0,0.0,0,17424.0
0,tcp,http,SF,267,1619,0,0,1,0,0,0,0,1,0.0,0.0,0.0,0.0,1.0,0.0,0.0,255,238,0.93,0.01,0.0,0.0,0.0,0.0,0.0,0,78604.0
0,tcp,ftp_data,S0,0,0,0,0,0,0,0,0,0,284,1.0,1.0,0.0,0.0,0.07,0.06,0.0,255,19,0.07,0.08,0.0,0.0,1.0,1.0,0.0,1,106096.0
0,tcp,http,SF,149,1548,0,0,1,0,0,0,0,2,0.0,0.0,0.0,0.0,1.0,0.0,0.5,2,255,1.0,0.0,0.5,0.04,0.0,0.0,0.0,0,98814.0
0,tcp,private,S0,0,0,0,0,0,0,0,0,0,253,1.0,1.0,0.0,0.0,0.1,0.06,0.0,255,25,0.1,0.05,0.0,0.0,1.0,1.0,0.0,1,24115.0
0,tcp,daytime,S0,0,0,0,0,0,0,0,0,0,292,1.0,1.0,0.0,0.0,0.02,0.05,0.0,255,8,0.03,0.07,0.0,0.0,1.0,1.0,0.0,1,42645.0
0,tcp,smtp,S0,0,0,0,0,0,0,0,0,0,97,1.0,1.0,0.0,0.0,0.2,0.05,0.0,255,3,0.01,0.05,0.0,0.0,1.0,1.0,0.0,1,58730.0
1,tcp,systat,RSTR,0,0,0,0,0,0,0,0,0,161,0.12,0.0,0.88,1.0,0.01,0.58,0.0,255,2,0.01,0.36,0.63,0.0,0.08,0.0,1.0,1,27182.0
0,tcp,http,S2,0,0,0,0,0,0,0,0,0,4,0.5,0.5,0.0,0.0,1.0,0.0,0.0,255,255,1.0,0.0,0.0,0.0,0.01,0.01,0.0,0,99411.0
0,tcp,http,SF,203,851,0,0,1,0,0,0,0,3,0.33,0.25,0.0,0.0,1.0,0.0,0.5,50,255,1.0,0.0,0.02,0.05,0.02,0.01,0.0,0,120723.0
1,tcp,smtp,SF,1519,326,0,0,1,0,0,0,0,1,0.0,0.0,0.0,0.0,1.0,0.0,1.0,90,37,0.41,0.13,0.01,0.0,0.01,0.0,0.0,0,32746.0
0,tcp,http,SF,258,2825,0,0,1,0,0,0,0,1,0.0,0.0,0.0,0.0,1.0,0.0,0.43,116,255,1.0,0.0,0.01,0.02,0.0,0.0,0.0,0,89486.0
0,tcp,http,SF,251,255,0,0,1,0,0,0,0,4,0.25,0.2,0.0,0.0,1.0,0.0,0.4,255,255,1.0,0.0,0.01,0.0,0.0,0.0,0.0,0,20023.0
1,tcp,smtp,SF,636,331,0,0,1,0,0,0,0,1,0.0,0.0,0.0,0.0,1.0,0.0,1.0,117,140,0.41,0.07,0.01,0.02,0.0,0.0,0.0,0,25212.0
0,tcp,finger,SF,8,138,0,0,0,0,0,0,0,1,0.0,0.0,0.0,0.0,1.0,0.0,0.0,176,10,0.05,0.03,0.01,0.2,0.0,0.0,0.0,0,31386.0
0,tcp,other,SF,59,0,0,0,1,0,0,0,0,12,0.08,0.0,0.0,0.0,0.08,0.17,0.0,192,1,0.01,0.04,0.6,0.0,0.01,0.0,0.0,0,98088.0
0,icmp,ecr_i,SF,1032,0,0,0,0,0,0,0,0,511,0.0,0.0,0.0,0.0,1.0,0.0,0.0,255,244,0.96,0.01,0.96,0.0,0.0,0.0,0.0,1,18092.0
0,tcp,http,SF,236,508,0,0,1,0,0,0,0,12,0.0,0.0,0.0,0.0,1.0,0.0,0.12,43,255,1.0,0.0,0.02,0.04,0.0,0.0,0.0,0,71787.0
0,tcp,private,REJ,0,0,0,0,0,0,0,0,0,62,0.0,0.0,1.0,1.0,0.32,0.08,0.0,255,20,0.08,0.06,0.0,0.0,0.0,0.0,1.0,1,14430.0
0,tcp,discard,S0,0,0,0,0,0,0,0,0,0,280,1.0,1.0,0.0,0.0,0.07,0.06,0.0,255,1,0.0,0.07,0.0,0.0,1.0,1.0,0.0,1,89943.0
0,tcp,ftp_data,SF,4892,0,0,0,1,0,0,0,0,14,0.0,0.0,0.0,0.0,1.0,0.0,0.0,255,81,0.32,0.02,0.32,0.0,0.0,0.0,0.0,0,62306.0
0,tcp,http,SF,212,210,0,0,1,0,0,0,0,3,0.0,0.0,0.0,0.0,1.0,0.0,0.38,29,255,1.0,0.0,0.03,0.05,0.0,0.0,0.0,0,42630.0
0,tcp,ftp_data,SF,68267,0,0,0,0,0,0,0,0,1,0.0,0.0,0.0,0.0,1.0,0.0,0.0,24,12,0.17,0.17,0.17,0.17,0.0,0.0,0.0,0,118471.0
0,tcp,echo,S0,0,0,0,0,0,0,0,0,0,196,1.0,1.0,0.0,0.0,0.03,0.07,0.0,255,5,0.02,0.07,0.0,0.0,1.0,1.0,0.0,1,73896.0
0,tcp,private,REJ,0,0,0,0,0,0,0,0,0,1,0.0,0.0,1.0,1.0,1.0,0.0,0.0,62,2,0.02,1.0,0.02,1.0,0.0,0.0,1.0,1,96844.0
10127,tcp,ftp,SF,1038,2206,0,5,1,0,0,0,0,1,0.0,0.0,0.0,0.0,1.0,0.0,0.0,255,12,0.05,0.02,0.0,0.0,0.17,0.0,0.0,1,103613.0
0,tcp,Z39_50,S0,0,0,0,0,0,0,0,0,0,203,1.0,1.0,0.0,0.0,0.08,0.05,0.0,255,14,0.05,0.07,0.0,0.0,1.0,1.0,0.0,1,36979.0
0,tcp,ftp_data,SF,37,0,0,0,0,0,0,0,0,2,0.0,0.0,0.0,0.0,1.0,0.0,0.0,238,13,0.05,0.01,0.05,0.0,0.84,0.0,0.0,0,14410.0
0,tcp,http,REJ,0,0,0,0,0,0,0,0,0,1,0.0,0.0,1.0,1.0,1.0,0.0,1.0,19,249,1.0,0.0,0.05,0.1,0.0,0.0,0.96,0,69229.0
0,tcp,private,S0,0,0,0,0,0,0,0,0,0,228,1.0,1.0,0.0,0.0,0.11,0.05,0.0,255,24,0.09,0.06,0.0,0.0,1.0,1.0,0.0,1,114058.0
0,icmp,eco_i,SF,30,0,0,0,0,0,0,0,0,2,0.0,0.0,0.0,0.0,0.5,1.0,0.0,255,4,0.02,0.01,0.05,0.0,0.0,0.0,0.0,0,49342.0
4060,udp,other,SF,146,105,0,0,0,0,0,0,0,1,0.0,0.0,0.0,0.0,1.0,0.0,0.0,255,1,0.0,0.63,0.96,0.0,0.0,0.0,0.0,0,98139.0
0,tcp,smtp,SF,1158,327,0,0,1,0,0,0,0,1,0.0,0.0,0.0,0.0,1.0,0.0,0.0,164,130,0.55,0.02,0.01,0.02,0.0,0.0,0.0,0,32773.0
0,tcp,Z39_50,REJ,0,0,0,0,0,0,0,0,0,245,0.0,0.0,1.0,1.0,0.02,0.07,0.0,255,4,0.02,0.08,0.0,0.0,0.0,0.0,1.0,1,9979.0
0,tcp,http,SF,223,7339,0,0,1,0,0,0,0,7,0.0,0.0,0.0,0.0,1.0,0.0,0.0,31,255,1.0,0.0,0.03,0.03,0.0,0.0,0.0,0,72984.0
0,tcp,ftp_data,SF,373,0,0,0,1,0,0,0,0,1,0.0,0.0,0.0,0.0,1.0,0.0,0.0,8,82,0.88,0.25,0.88,0.04,0.0,0.0,0.0,0,113446.0
0,tcp,http,SF,248,1608,0,0,1,0,0,0,0,11,0.0,0.0,0.0,0.0,1.0,0.0,0.0,55,255,1.0,0.0,0.02,0.05,0.0,0.0,0.0,0,52772.0
0,tcp,daytime,S0,0,0,0,0,0,0,0,0,0,265,1.0,1.0,0.0,0.0,0.01,0.05,0.0,255,3,0.01,0.05,0.0,0.0,1.0,1.0,0.0,1,109388.0
0,tcp,kshell,S0,0,0,0,0,0,0,0,0,0,132,1.0,1.0,0.0,0.0,0.15,0.05,0.0,255,20,0.08,0.05,0.0,0.0,1.0,1.0,0.0,1,117561.0
0,tcp,efs,REJ,0,0,0,0,0,0,0,0,0,120,0.0,0.0,1.0,1.0,0.03,0.07,0.0,255,3,0.01,0.07,0.0,0.0,0.0,0.0,1.0,1,64848.0
0,tcp,private,REJ,0,0,0,0,0,0,0,0,0,239,0.0,0.0,1.0,1.0,0.07,0.07,0.0,255,16,0.06,0.08,0.0,0.0,0.0,0.0,1.0,1,97732.0
0,tcp,http,SF,322,1512,0,0,1,0,0,0,0,5,0.0,0.0,0.0,0.0,1.0,0.0,0.0,34,255,1.0,0.0,0.03,0.01,0.0,0.0,0.0,0,90523.0
0,tcp,http,SF,213,8487,0,0,1,0,0,0,0,12,0.0,0.0,0.0,0.0,1.0,0.0,0.0,255,255,1.0,0.0,0.0,0.0,0.0,0.0,0.0,0,99037.0
0,tcp,http,SF,209,3074,0,0,1,0,0,0,0,1,0.0,0.0,0.0,0.0,1.0,0.0,0.0,22,255,1.0,0.0,0.05,0.03,0.0,0.0,0.0,0,36545.0
0,udp,domain_u,SF,45,128,0,0,0,0,0,0,0,31,0.0,0.0,0.0,0.0,1.0,0.0,0.03,248,199,0.8,0.02,0.0,0.0,0.0,0.0,0.0,0,62331.0
0,tcp,daytime,S0,0,0,0,0,0,0,0,0,0,193,1.0,1.0,0.0,0.0,0.04,0.06,0.0,255,7,0.03,0.07,0.0,0.0,1.0,1.0,0.0,1,57724.0
0,tcp,http,SF,207,931,0,0,1,0,0,0,0,7,0.0,0.0,0.0,0.0,1.0,0.0,0.22,255,255,1.0,0.0,0.0,0.0,0.0,0.0,0.0,0,108615.0
0,tcp,private,S0,0,0,0,0,0,0,0,0,0,260,1.0,1.0,0.0,0.0,0.0,0.06,0.0,255,20,0.08,0.07,0.0,0.0,1.0,1.0,0.0,1,60940.0
0,tcp,ftp_data,SF,1214,0,0,0,1,0,0,0,0,15,0.0,0.0,0.0,0.0,1.0,0.0,0.0,255,81,0.32,0.02,0.32,0.0,0.0,0.0,0.0,0,55545.0
0,tcp,http,SF,215,1425,0,0,1,0,0,0,0,15,0.0,0.0,0.0,0.0,1.0,0.0,0.0,255,255,1.0,0.0,0.0,0.0,0.0,0.0,0.0,0,3139.0
0,tcp,ftp_data,S0,0,0,0,0,0,0,0,0,0,79,1.0,1.0,0.0,0.0,0.25,0.05,0.0,255,66,0.26,0.02,0.0,0.0,1.0,1.0,0.0,1,78327.0
0,tcp,courier,S0,0,0,0,0,0,0,0,0,0,142,1.0,1.0,0.0,0.0,0.01,0.05,0.0,255,2,0.01,0.05,0.0,0.0,1.0,1.0,0.0,1,4641.0
0,tcp,http,SF,245,779,0,0,1,0,0,0,0,8,0.0,0.0,0.0,0.0,1.0,0.0,0.2,69,255,1.0,0.0,0.01,0.03,0.0,0.0,0.0,0,33179.0
0,tcp,sunrpc,S0,0,0,0,0,0,0,0,0,0,295,1.0,1.0,0.0,0.0,0.06,0.05,0.0,255,19,0.07,0.07,0.0,0.0,1.0,1.0,0.0,1,41903.0
0,tcp,private,S0,0,0,0,0,0,0,0,0,0,143,1.0,1.0,0.0,0.0,0.13,0.06,0.0,255,18,0.07,0.06,0.0,0.0,1.0,1.0,0.0,1,90037.0
0,tcp,http,SF,297,1688,0,0,1,0,0,0,0,4,0.0,0.0,0.0,0.0,1.0,0.0,0.0,144,255,1.0,0.0,0.01,0.02,0.0,0.0,0.0,0,3464.0
0,tcp,http,SF,309,4777,0,0,1,0,0,0,0,11,0.0,0.0,0.0,0.0,1.0,0.0,0.0,255,255,1.0,0.0,0.0,0.0,0.0,0.0,0.0,0,38609.0
0,tcp,http,REJ,0,0,0,0,0,0,0,0,0,1,0.0,0.0,1.0,1.0,1.0,0.0,0.0,5,32,1.0,0.0,0.2,0.19,0.0,0.0,1.0,0,106762.0
0,tcp,private,S0,0,0,0,0,0,0,0,0,0,25,1.0,1.0,0.0,0.0,0.2,0.12,0.0,255,19,0.07,0.07,0.0,0.0,1.0,1.0,0.0,1,28332.0
0,tcp,http,SF,210,3088,0,0,1,0,0,0,0,6,0.0,0.0,0.0,0.0,1.0,0.0,0.0,20,255,1.0,0.0,0.05,0.02,0.0,0.0,0.0,0,68120.0
0,tcp,ftp_data,SF,334,0,0,0,1,0,0,0,0,2,0.0,0.0,0.0,0.0,1.0,0.0,0.67,2,10,1.0,0.0,1.0,0.4,0.0,0.0,0.0,1,79327.0
0,tcp,other,SF,61298,0,0,0,1,0,0,0,0,9,0.11,0.0,0.0,0.0,0.11,0.33,0.0,57,1,0.02,0.12,0.68,0.0,0.02,0.0,0.0,0,122595.0
0,tcp,http,SF,279,4685,0,0,1,0,0,0,0,5,0.0,0.0,0.0,0.0,1.0,0.0,0.5,46,255,1.0,0.0,0.02,0.04,0.0,0.0,0.0,0,65075.0
0,tcp,private,S0,0,0,0,0,0,0,0,0,0,130,1.0,1.0,0.0,0.0,0.15,0.06,0.0,240,19,0.08,0.07,0.0,0.0,1.0,1.0,0.0,1,111043.0
0,tcp,smtp,SF,1873,330,0,0,1,0,0,0,0,1,0.0,0.0,0.0,0.0,1.0,0.0,1.0,52,126,0.98,0.04,0.02,0.02,0.0,0.0,0.0,0,41151.0
297,tcp,http,SF,339,284,0,0,1,0,0,0,0,1,0.0,0.0,0.0,0.0,1.0,0.0,0.0,13,1,0.08,0.23,0.08,0.0,0.54,0.0,0.0,0,24023.0
0,tcp,telnet,S1,0,0,0,0,0,0,0,0,0,1,1.0,1.0,0.0,0.0,1.0,0.0,0.0,136,1,0.01,0.04,0.01,0.0,0.01,1.0,0.0,0,84412.0
0,tcp,http,SF,319,4341,0,0,1,0,0,0,0,2,0.0,0.0,0.0,0.0,1.0,0.0,0.0,45,255,1.0,0.0,0.02,0.02,0.0,0.01,0.0,0,80125.0
9,tcp,telnet,SF,137,1653,0,0,1,0,0,0,0,1,0.0,0.0,0.0,0.0,1.0,0.0,0.0,1,1,1.0,0.0,1.0,0.0,0.0,0.0,0.0,0,24893.0
0,tcp,private,S0,0,0,0,0,0,0,0,0,0,183,1.0,1.0,0.0,0.0,0.02,0.06,0.0,44,1,0.02,0.2,0.02,0.0,0.68,1.0,0.0,1,45250.0
0,icmp,eco_i,SF,8,0,0,0,0,0,0,0,0,1,0.0,0.0,0.0,0.0,1.0,0.0,1.0,2,255,1.0,0.0,1.0,0.25,0.0,0.0,0.0,1,44709.0
0,tcp,http,SF,198,776,0,0,1,0,0,0,0,21,0.0,0.0,0.0,0.0,1.0,0.0,0.09,255,255,1.0,0.0,0.0,0.0,0.0,0.0,0.0,0,92116.0
0,tcp,http,SF,345,394,0,0,1,0,0,0,0,5,0.0,0.0,0.0,0.0,1.0,0.0,0.5,35,255,1.0,0.0,0.03,0.05,0.0,0.0,0.0,0,80775.0
0,tcp,private,REJ,0,0,0,0,0,0,0,0,0,223,0.11,0.0,0.88,1.0,0.0,1.0,0.0,255,1,0.0,0.95,0.0,0.0,0.1,0.0,1.0,1,80113.0
0,icmp,eco_i,SF,18,0,0,0,0,0,0,0,0,1,0.0,0.0,0.0,0.0,1.0,0.0,0.0,1,219,1.0,0.0,1.0,1.0,0.0,0.0,0.0,1,19152.0
0,tcp,http,SF,191,378,0,0,1,0,0,0,0,3,0.0,0.0,0.0,0.0,1.0,0.0,0.0,255,255,1.0,0.0,0.0,0.0,0.0,0.0,0.0,0,54740.0
0,tcp,http_443,S0,0,0,0,0,0,0,0,0,0,104,1.0,1.0,0.0,0.0,0.17,0.06,0.0,255,18,0.07,0.05,0.0,0.0,1.0,1.0,0.0,1,20140.0
8037,tcp,other,RSTR,1,0,0,0,0,0,0,0,0,2,0.0,0.0,1.0,1.0,1.0,0.0,0.0,255,2,0.01,0.62,1.0,0.0,0.0,0.0,1.0,1,87255.0
0,tcp,http,SF,252,1165,0,0,1,0,0,0,0,20,0.0,0.0,0.0,0.0,1.0,0.0,0.0,255,255,1.0,0.0,0.0,0.0,0.0,0.0,0.0,0,27685.0
0,tcp,http,SF,212,2345,0,0,1,0,0,0,0,3,0.0,0.0,0.0,0.0,1.0,0.0,0.22,3,215,1.0,0.0,0.33,0.01,0.0,0.0,0.01,0,19145.0
0,tcp,finger,S0,0,0,0,0,0,0,0,0,0,272,1.0,1.0,0.0,0.0,0.07,0.07,0.0,255,20,0.08,0.06,0.0,0.0,1.0,1.0,0.0,1,123251.0
0,udp,domain_u,SF,46,129,0,0,0,0,0,0,0,74,0.0,0.0,0.0,0.0,0.99,0.03,0.02,255,197,0.77,0.02,0.0,0.0,0.0,0.0,0.0,0,87585.0
0,icmp,eco_i,SF,8,0,0,0,0,0,0,0,0,1,0.0,0.0,0.0,0.0,1.0,0.0,1.0,1,9,1.0,0.0,1.0,0.56,0.0,0.0,0.0,1,30222.0
0,tcp,ctf,REJ,0,0,0,0,0,0,0,0,0,232,0.0,0.0,1.0,1.0,0.07,0.07,0.0,255,17,0.07,0.07,0.0,0.0,0.0,0.0,1.0,1,104271.0
0,tcp,telnet,S0,0,0,0,0,0,0,0,0,0,243,1.0,1.0,0.0,0.0,0.03,0.07,0.0,255,8,0.03,0.07,0.0,0.0,1.0,1.0,0.0,1,33491.0
205,tcp,smtp,SF,1357,331,0,0,1,0,0,0,0,1,0.0,0.0,0.0,0.0,1.0,0.0,0.0,144,94,0.31,0.49,0.01,0.02,0.0,0.0,0.0,0,118496.0
0,tcp,http,SF,293,4658,0,0,1,0,0,0,0,3,0.0,0.0,0.0,0.0,1.0,0.0,0.17,3,255,1.0,0.0,0.33,0.01,0.0,0.0,0.0,0,84974.0
0,udp,domain_u,SF,44,137,0,0,0,0,0,0,0,75,0.0,0.0,0.0,0.0,1.0,0.0,0.01,255,255,1.0,0.0,0.0,0.0,0.0,0.0,0.0,0,89380.0
0,tcp,http,SF,267,606,0,0,1,0,0,0,0,2,0.5,0.33,0.0,0.0,1.0,0.0,0.67,255,255,1.0,0.0,0.0,0.0,0.0,0.0,0.0,0,74541.0
2,tcp,smtp,SF,2511,332,0,0,1,0,0,0,0,1,0.0,0.0,0.0,0.0,1.0,0.0,1.0,51,96,0.51,0.08,0.02,0.02,0.0,0.0,0.0,0,19538.0
0,icmp,eco_i,SF,8,0,0,0,0,0,0,0,0,1,0.0,0.0,0.0,0.0,1.0,0.0,1.0,4,156,1.0,0.0,1.0,0.25,0.0,0.0,0.0,1,4510.0
0,tcp,http,SF,333,1408,0,0,1,0,0,0,0,5,0.0,0.0,0.0,0.0,1.0,0.0,0.0,5,255,1.0,0.0,0.2,0.02,0.0,0.0,0.0,0,28531.0
0,tcp,http,REJ,0,0,0,0,0,0,0,0,0,1,0.0,0.0,1.0,0.5,1.0,0.0,1.0,40,255,1.0,0.0,0.03,0.2,0.0,0.0,1.0,0,122443.0
3029,udp,domain_u,SF,17,17,0,0,0,0,0,0,0,2,0.0,0.0,0.0,0.0,1.0,0.0,0.0,255,174,0.68,0.01,0.11,0.0,0.0,0.0,0.0,0,100189.0
0,tcp,http,SF,240,471,0,0,1,0,0,0,0,4,0.0,0.0,0.0,0.0,1.0,0.0,0.0,255,255,1.0,0.0,0.0,0.0,0.0,0.0,0.0,0,86027.0
0,tcp,bgp,S0,0,0,0,0,0,0,0,0,0,252,1.0,1.0,0.0,0.0,0.02,0.07,0.0,255,6,0.02,0.07,0.0,0.0,1.0,1.0,0.0,1,72900.0
0,tcp,http,SF,261,17739,0,0,1,0,0,0,0,1,0.0,0.0,0.0,0.0,1.0,0.0,0.4,92,255,1.0,0.0,0.01,0.05,0.0,0.0,0.01,0,25304.0
0,tcp,smtp,SF,944,329,0,0,1,0,0,0,0,1,0.0,0.0,0.0,0.0,1.0,0.0,0.0,157,227,0.95,0.01,0.01,0.01,0.0,0.0,0.0,0,22191.0
1,udp,private,SF,105,146,0,0,0,0,0,0,0,3,0.0,0.0,0.0,0.0,0.33,1.0,0.0,255,230,0.9,0.01,0.0,0.0,0.0,0.0,0.0,0,92519.0
0,tcp,private,REJ,0,0,0,0,0,0,0,0,0,58,0.0,0.0,1.0,1.0,0.16,0.07,0.0,255,9,0.04,0.06,0.0,0.0,0.0,0.0,1.0,1,21126.0
0,tcp,private,S0,0,0,0,0,0,0,0,0,0,190,1.0,1.0,0.0,0.0,0.01,0.06,0.0,255,12,0.05,0.07,0.0,0.0,1.0,1.0,0.0,1,110014.0
0,tcp,private,S0,0,0,0,0,0,0,0,0,0,155,1.0,1.0,0.0,0.0,0.13,0.06,0.0,255,20,0.08,0.06,0.0,0.0,1.0,1.0,0.0,1,25806.0
0,tcp,http,SF,200,4004,0,0,1,0,0,0,0,18,0.0,0.0,0.0,0.0,1.0,0.0,0.0,98,255,1.0,0.0,0.01,0.02,0.0,0.0,0.0,0,124790.0
0,tcp,http,S0,0,0,0,0,0,0,0,0,0,31,1.0,1.0,0.0,0.0,0.26,0.13,0.0,255,37,0.15,0.05,0.0,0.0,1.0,1.0,0.0,1,65537.0
0,tcp,time,S0,0,0,0,0,0,0,0,0,0,114,1.0,1.0,0.0,0.0,0.11,0.06,0.0,255,12,0.05,0.06,0.0,0.0,1.0,1.0,0.0,1,95158.0
0,tcp,http,SF,220,1181,0,0,1,0,0,0,0,13,0.0,0.0,0.0,0.0,1.0,0.0,0.14,255,255,1.0,0.0,0.0,0.0,0.0,0.0,0.0,0,110434.0
0,udp,domain_u,SF,44,77,0,0,0,0,0,0,0,122,0.0,0.0,0.0,0.0,1.0,0.0,0.0,255,253,0.99,0.01,0.01,0.0,0.0,0.0,0.0,0,77749.0
0,tcp,discard,S0,0,0,0,0,0,0,0,0,0,220,1.0,1.0,0.0,0.0,0.0,0.05,0.0,255,1,0.0,0.06,0.0,0.0,1.0,1.0,0.0,1,112527.0
0,tcp,ftp_data,SF,383,0,0,0,1,0,0,0,0,2,0.0,0.0,0.0,0.0,1.0,0.0,0.0,194,84,0.3,0.08,0.35,0.02,0.01,0.01,0.0,0,114399.0
0,tcp,http,SF,208,1122,0,0,1,0,0,0,0,36,0.0,0.0,0.0,0.0,1.0,0.0,0.0,255,255,1.0,0.0,0.0,0.0,0.0,0.0,0.0,0,120800.0
0,tcp,smtp,S1,936,292,0,0,1,0,0,0,0,1,1.0,0.5,0.0,0.0,1.0,0.0,1.0,50,169,0.94,0.04,0.02,0.01,0.04,0.02,0.0,0,96195.0
0,icmp,ecr_i,SF,520,0,0,0,0,0,0,0,0,230,0.0,0.0,0.0,0.0,1.0,0.0,0.0,255,255,1.0,0.0,1.0,0.0,0.0,0.0,0.0,1,111616.0
30,tcp,ftp,SF,931,2720,0,19,1,0,0,0,0,1,0.0,0.0,0.0,0.0,1.0,0.0,0.0,25,3,0.12,0.24,0.04,0.0,0.0,0.0,0.0,0,124287.0
0,tcp,http,SF,147,33730,0,0,1,0,0,0,0,1,0.0,0.0,0.0,0.0,1.0,0.0,0.0,255,255,1.0,0.0,0.0,0.0,0.0,0.0,0.0,0,33786.0
0,tcp,discard,S0,0,0,0,0,0,0,0,0,0,239,1.0,1.0,0.0,0.0,0.02,0.05,0.0,255,5,0.02,0.06,0.0,0.0,1.0,1.0,0.0,1,84786.0
0,tcp,bgp,REJ,0,0,0,0,0,0,0,0,0,201,0.0,0.0,1.0,1.0,0.09,0.06,0.0,255,18,0.07,0.07,0.0,0.0,0.0,0.0,1.0,1,92908.0
0,tcp,private,REJ,0,0,0,0,0,0,0,0,0,141,0.01,0.0,0.95,1.0,0.01,1.0,0.0,255,1,0.0,0.58,0.0,0.0,0.0,0.0,1.0,1,91692.0
0,tcp,http,SF,235,1694,0,0,1,0,0,0,0,7,0.0,0.0,0.0,0.0,1.0,0.0,0.0,244,255,1.0,0.0,0.0,0.01,0.0,0.0,0.0,0,82286.0
0,tcp,private,S0,0,0,0,0,0,0,0,0,0,172,1.0,1.0,0.0,0.0,0.01,0.08,0.0,255,10,0.04,0.07,0.0,0.0,1.0,1.0,0.0,1,63357.0
0,tcp,http,SF,220,1249,0,0,1,0,0,0,0,7,0.0,0.0,0.0,0.0,1.0,0.0,0.0,159,255,1.0,0.0,0.01,0.03,0.0,0.0,0.0,0,353.0
0,tcp,http,SF,229,2325,0,0,1,0,0,0,0,2,0.0,0.0,0.0,0.0,1.0,0.0,0.0,29,255,1.0,0.0,0.03,0.03,0.0,0.0,0.0,0,90668.0
0,tcp,http,SF,311,4057,0,0,1,0,0,0,0,27,0.0,0.0,0.0,0.0,1.0,0.0,0.06,27,255,1.0,0.0,0.04,0.02,0.0,0.0,0.0,0,117985.0
0,tcp,private,S0,0,0,0,0,0,0,0,0,0,149,1.0,1.0,0.0,0.0,0.12,0.05,0.0,255,17,0.07,0.06,0.0,0.0,1.0,1.0,0.0,1,31975.0
0,tcp,private,S0,0,0,0,0,0,0,0,0,0,114,1.0,1.0,0.0,0.0,0.04,0.08,0.0,255,5,0.02,0.08,0.0,0.0,1.0,1.0,0.0,1,25294.0
0,tcp,private,REJ,0,0,0,0,0,0,0,0,0,106,0.0,0.0,1.0,1.0,0.01,0.07,0.0,255,1,0.0,0.06,0.0,0.0,0.0,0.0,1.0,1,9072.0
666,tcp,telnet,SF,451,14663,0,0,1,2,0,0,0,1,0.0,0.0,0.0,0.0,1.0,0.0,0.0,255,49,0.19,0.02,0.0,0.0,0.38,0.49,0.0,0,76103.0
0,udp,domain_u,SF,44,70,0,0,0,0,0,0,0,232,0.0,0.0,0.0,0.0,1.0,0.0,0.0,255,255,1.0,0.0,0.01,0.0,0.0,0.0,0.0,0,82497.0
0,tcp,smtp,SF,669,327,0,0,1,0,0,0,0,1,0.0,0.0,0.0,0.0,1.0,0.0,0.0,37,27,0.73,0.11,0.03,0.0,0.0,0.0,0.0,0,99935.0
0,tcp,http,SF,221,3125,0,0,1,0,0,0,0,8,0.0,0.0,0.0,0.0,1.0,0.0,0.0,8,255,1.0,0.0,0.12,0.02,0.0,0.0,0.0,0,13561.0
0,tcp,smtp,SF,1253,373,0,0,1,0,0,0,0,1,0.0,0.0,0.0,0.0,1.0,0.0,0.0,32,131,0.38,0.09,0.03,0.02,0.0,0.0,0.0,0,119953.0
0,tcp,http,SF,319,307,0,0,1,0,0,0,0,17,0.0,0.0,0.0,0.0,1.0,0.0,0.11,255,255,1.0,0.0,0.0,0.0,0.0,0.0,0.0,0,125915.0
0,tcp,private,RSTR,0,0,0,0,0,0,0,0,0,1,0.0,0.0,1.0,1.0,1.0,0.0,0.0,255,1,0.0,0.83,0.83,0.0,0.0,0.0,1.0,1,95846.0
0,icmp,ecr_i,SF,520,0,0,0,0,0,0,0,0,272,0.0,0.0,0.0,0.0,1.0,0.0,0.0,255,255,1.0,0.0,1.0,0.0,0.0,0.0,0.0,1,64964.0
0,tcp,private,REJ,0,0,0,0,0,0,0,0,0,118,0.0,0.0,1.0,1.0,0.03,0.07,0.0,193,4,0.02,0.07,0.01,0.0,0.0,0.0,1.0,1,100293.0
0,tcp,http,SF,213,12863,0,0,1,0,0,0,0,1,0.0,0.0,0.0,0.0,1.0,0.0,0.0,3,255,1.0,0.0,0.33,0.05,0.0,0.0,0.0,0,23726.0
0,tcp,http,SF,277,537,0,0,1,0,0,0,0,3,0.0,0.0,0.0,0.0,1.0,0.0,0.5,108,255,1.0,0.0,0.01,0.03,0.0,0.0,0.0,0,20348.0
0,icmp,eco_i,SF,8,0,0,0,0,0,0,0,0,1,0.0,0.0,0.0,0.0,1.0,0.0,1.0,4,80,1.0,0.0,1.0,0.25,0.0,0.0,0.0,1,66417.0
0,tcp,http,SF,213,266,0,0,1,0,0,0,0,7,0.0,0.0,0.0,0.0,1.0,0.0,0.25,255,255,1.0,0.0,0.0,0.0,0.0,0.0,0.0,0,47071.0
0,tcp,http,SF,382,499,0,0,1,0,0,0,0,1,0.0,0.0,0.0,0.0,1.0,0.0,0.22,15,255,1.0,0.0,0.07,0.04,0.07,0.0,0.0,0,9530.0
0,tcp,http,SF,318,3163,0,0,1,0,0,0,0,28,0.0,0.0,0.0,0.0,1.0,0.0,0.0,88,255,1.0,0.0,0.01,0.04,0.0,0.0,0.0,0,39471.0
0,tcp,ftp_data,SF,151,0,0,0,0,0,0,0,0,1,0.0,0.0,0.0,0.0,1.0,0.0,0.0,107,12,0.11,0.05,0.11,0.0,0.0,0.0,0.0,0,54239.0
0,tcp,http,SF,281,757,0,0,1,0,0,0,0,4,0.0,0.0,0.0,0.0,1.0,0.0,0.18,29,255,1.0,0.0,0.03,0.04,0.0,0.0,0.0,0,50181.0
0,tcp,http,SF,231,1380,0,0,1,0,0,0,0,3,0.0,0.0,0.0,0.0,1.0,0.0,0.0,165,165,1.0,0.0,0.01,0.0,0.0,0.0,0.0,0,65908.0
0,tcp,http,SF,308,2507,0,0,1,0,0,0,0,6,0.0,0.0,0.0,0.0,1.0,0.0,0.0,255,240,0.94,0.01,0.0,0.0,0.0,0.0,0.0,0,37825.0
0,tcp,http,SF,54540,8314,0,2,1,1,0,0,0,4,0.0,0.0,0.0,0.2,1.0,0.0,0.4,255,255,1.0,0.0,0.0,0.0,0.01,0.01,0.05,1,57950.0
51,tcp,smtp,SF,744,325,0,0,1,0,0,0,0,1,0.0,0.0,0.0,0.0,1.0,0.0,0.0,166,192,0.76,0.02,0.01,0.01,0.0,0.0,0.0,0,65860.0
0,tcp,http,SF,230,2481,0,0,1,0,0,0,0,9,0.0,0.0,0.0,0.0,1.0,0.0,0.2,255,255,1.0,0.0,0.0,0.0,0.0,0.0,0.0,0,72037.0
0,tcp,ssh,S0,0,0,0,0,0,0,0,0,0,263,1.0,1.0,0.0,0.0,0.01,0.06,0.0,255,2,0.01,0.06,0.0,0.0,1.0,1.0,0.0,1,67163.0
0,tcp,private,S0,0,0,0,0,0,0,0,0,0,85,1.0,1.0,0.0,0.0,0.04,0.07,0.0,255,19,0.07,0.06,0.0,0.0,1.0,1.0,0.0,1,78801.0
0,tcp,private,S0,0,0,0,0,0,0,0,0,0,118,1.0,1.0,0.0,0.0,0.06,0.07,0.0,255,7,0.03,0.07,0.0,0.0,1.0,1.0,0.0,1,39204.0
0,icmp,eco_i,SF,8,0,0,0,0,0,0,0,0,1,0.0,0.0,0.0,0.0,1.0,0.0,1.0,3,67,1.0,0.0,1.0,0.25,0.0,0.0,0.0,1,42932.0
0,udp,domain_u,SF,43,125,0,0,0,0,0,0,0,79,0.0,0.0,0.0,0.0,0.97,0.04,0.01,255,242,0.95,0.01,0.0,0.0,0.0,0.0,0.0,0,99695.0
0,tcp,vmnet,REJ,0,0,0,0,0,0,0,0,0,267,0.0,0.0,1.0,1.0,0.02,0.06,0.0,255,6,0.02,0.07,0.0,0.0,0.0,0.0,1.0,1,52700.0
0,icmp,ecr_i,SF,1032,0,0,0,0,0,0,0,0,509,0.0,0.0,0.0,0.0,1.0,0.0,0.0,255,163,0.64,0.16,0.64,0.0,0.0,0.0,0.0,1,46385.0
0,tcp,link,S0,0,0,0,0,0,0,0,0,0,277,1.0,1.0,0.0,0.0,0.04,0.06,0.0,255,10,0.04,0.07,0.0,0.0,1.0,1.0,0.0,1,73522.0
1,tcp,smtp,SF,911,338,0,0,1,0,0,0,0,1,0.0,0.0,0.0,0.0,1.0,0.0,0.0,61,107,0.54,0.08,0.02,0.03,0.0,0.0,0.0,0,65575.0
0,tcp,ftp_data,SF,501760,0,0,0,1,0,0,0,0,2,0.0,0.0,0.0,0.0,1.0,0.0,0.0,41,38,0.49,0.07,0.49,0.08,0.02,0.03,0.0,0,28822.0
0,tcp,csnet_ns,S0,0,0,0,0,0,0,0,0,0,101,1.0,1.0,0.0,0.0,0.01,0.07,0.0,255,1,0.0,0.07,0.0,0.0,1.0,1.0,0.0,1,101522.0
0,tcp,smtp,SF,645,325,0,0,1,0,0,0,0,1,0.0,0.0,0.0,0.0,1.0,0.0,0.0,185,157,0.63,0.1,0.01,0.01,0.01,0.0,0.0,0,122160.0
0,tcp,echo,S0,0,0,0,0,0,0,0,0,0,227,1.0,1.0,0.0,0.0,0.08,0.06,0.0,255,19,0.07,0.06,0.0,0.0,1.0,1.0,0.0,1,57298.0
0,tcp,private,S0,0,0,0,0,0,0,0,0,0,138,1.0,1.0,0.0,0.0,0.07,0.07,0.0,84,10,0.12,0.1,0.01,0.0,1.0,1.0,0.0,1,26660.0
0,tcp,supdup,S0,0,0,0,0,0,0,0,0,0,243,1.0,1.0,0.0,0.0,0.07,0.06,0.0,255,9,0.04,0.07,0.0,0.0,1.0,1.0,0.0,1,40184.0
0,tcp,http,SF,258,1993,0,0,1,0,0,0,0,4,0.0,0.0,0.0,0.0,1.0,0.0,0.0,16,255,1.0,0.0,0.06,0.02,0.0,0.0,0.0,0,29933.0
0,icmp,eco_i,SF,8,0,0,0,0,0,0,0,0,1,0.0,0.0,0.0,0.0,1.0,0.0,1.0,1,99,1.0,0.0,1.0,0.51,0.0,0.0,0.0,1,101595.0
0,udp,private,SF,28,0,3,0,0,0,0,0,0,32,0.0,0.0,0.0,0.0,1.0,0.0,0.0,235,32,0.14,0.05,0.14,0.0,0.02,0.0,0.0,1,23346.0
0,icmp,eco_i,SF,8,0,0,0,0,0,0,0,0,1,0.0,0.0,0.0,0.0,1.0,0.0,1.0,2,206,1.0,0.0,1.0,0.5,0.0,0.0,0.0,1,21408.0
0,tcp,ftp_data,SF,637,0,0,0,0,0,0,0,0,16,0.0,0.0,0.0,0.0,1.0,0.0,0.0,124,30,0.24,0.03,0.24,0.0,0.0,0.0,0.0,0,81717.0
0,tcp,courier,S0,0,0,0,0,0,0,0,0,0,131,1.0,1.0,0.0,0.0,0.03,0.07,0.0,255,4,0.02,0.06,0.0,0.0,1.0,1.0,0.0,1,48674.0
0,tcp,http,SF,255,6681,0,0,1,0,0,0,0,13,0.0,0.0,0.0,0.0,1.0,0.0,0.0,252,255,1.0,0.0,0.0,0.01,0.0,0.0,0.0,0,75494.0
0,udp,private,SF,1,0,0,0,0,0,0,0,0,18,0.0,0.0,0.0,0.0,0.11,0.17,0.0,255,2,0.01,0.53,0.5,0.0,0.16,0.0,0.0,1,91067.0
0,tcp,http,SF,223,9146,0,0,1,0,0,0,0,22,0.0,0.0,0.0,0.0,1.0,0.0,0.0,255,255,1.0,0.0,0.0,0.0,0.0,0.0,0.0,0,42821.0
0,tcp,Z39_50,S0,0,0,0,0,0,0,0,0,0,188,1.0,1.0,0.0,0.0,0.04,0.06,0.0,255,8,0.03,0.07,0.0,0.0,1.0,1.0,0.0,1,40343.0
0,icmp,ecr_i,SF,30,0,0,0,0,0,0,0,0,1,0.0,0.0,0.0,0.0,1.0,0.0,0.0,211,211,1.0,0.0,1.0,0.0,0.0,0.0,0.0,0,76043.0
0,tcp,nnsp,S0,0,0,0,0,0,0,0,0,0,290,1.0,1.0,0.0,0.0,0.08,0.05,0.0,255,24,0.09,0.07,0.0,0.0,1.0,1.0,0.0,1,88115.0
0,tcp,private,REJ,0,0,0,0,0,0,0,0,0,414,0.06,0.0,0.93,1.0,0.0,1.0,0.0,255,1,0.0,1.0,0.0,0.0,0.09,0.0,1.0,1,70258.0
0,tcp,smtp,SF,1275,390,0,0,1,0,0,0,0,1,0.0,0.0,0.0,0.0,1.0,0.0,0.0,255,57,0.22,0.02,0.0,0.0,0.57,0.0,0.0,0,74474.0
0,tcp,http,S2,174,0,0,2,1,0,0,0,0,1,1.0,1.0,0.0,0.0,1.0,0.0,0.0,52,255,1.0,0.0,0.02,0.02,0.02,0.0,0.0,0,71754.0
0,tcp,http,SF,143,12691,0,0,1,0,0,0,0,2,0.0,0.0,0.0,0.0,1.0,0.0,0.0,2,2,1.0,0.0,0.5,0.0,0.0,0.0,0.0,0,37415.0
0,tcp,http,SF,303,1075,0,0,1,0,0,0,0,4,0.0,0.0,0.0,0.0,1.0,0.0,0.0,255,247,0.97,0.01,0.0,0.0,0.0,0.0,0.0,0,92174.0
0,tcp,Z39_50,S0,0,0,0,0,0,0,0,0,0,258,1.0,1.0,0.0,0.0,0.08,0.07,0.0,255,20,0.08,0.07,0.0,0.0,1.0,1.0,0.0,1,27269.0
0,tcp,http_443,S0,0,0,0,0,0,0,0,0,0,103,1.0,1.0,0.0,0.0,0.01,0.07,0.0,255,12,0.05,0.06,0.0,0.0,1.0,1.0,0.0,1,37730.0
0,tcp,Z39_50,S0,0,0,0,0,0,0,0,0,0,255,1.0,1.0,0.0,0.0,0.05,0.06,0.0,255,13,0.05,0.06,0.0,0.0,1.0,1.0,0.0,1,122860.0
0,tcp,private,S0,0,0,0,0,0,0,0,0,0,156,1.0,1.0,0.0,0.0,0.01,0.06,0.0,255,2,0.01,0.05,0.0,0.0,1.0,1.0,0.0,1,124848.0
0,tcp,http,SF,212,12596,0,0,1,0,0,0,0,2,0.0,0.0,0.0,0.0,1.0,0.0,0.0,26,255,1.0,0.0,0.04,0.05,0.0,0.0,0.0,0,40117.0
0,udp,private,SF,105,146,0,0,0,0,0,0,0,1,0.0,0.0,0.0,0.0,1.0,0.0,0.0,255,253,0.99,0.01,0.0,0.0,0.0,0.0,0.0,0,86474.0
0,tcp,smtp,S0,0,0,0,0,0,0,0,0,0,201,1.0,1.0,0.0,0.0,0.0,0.06,0.0,255,1,0.0,0.08,0.0,0.0,1.0,1.0,0.0,1,94897.0
0,tcp,sunrpc,S0,0,0,0,0,0,0,0,0,0,172,1.0,1.0,0.0,0.0,0.07,0.06,0.0,255,13,0.05,0.07,0.0,0.0,1.0,1.0,0.0,1,27284.0
2,tcp,smtp,SF,924,325,0,0,1,0,0,0,0,1,0.0,0.0,0.0,0.0,1.0,0.0,1.0,68,170,0.78,0.06,0.01,0.01,0.0,0.0,0.0,0,100060.0
0,udp,domain_u,SF,44,67,0,0,0,0,0,0,0,159,0.0,0.0,0.0,0.0,1.0,0.0,0.0,255,166,0.65,0.01,0.0,0.0,0.0,0.0,0.0,0,114476.0
0,tcp,http,SF,167,20578,0,0,1,0,0,0,0,2,0.0,0.0,0.0,0.0,1.0,0.0,0.0,24,255,1.0,0.0,0.04,0.04,0.0,0.0,0.0,0,36728.0
0,icmp,ecr_i,SF,520,0,0,0,0,0,0,0,0,186,0.0,0.0,0.0,0.0,1.0,0.0,0.0,255,255,1.0,0.0,1.0,0.0,0.0,0.0,0.0,1,19669.0
0,tcp,ctf,REJ,0,0,0,0,0,0,0,0,0,233,0.0,0.0,1.0,1.0,0.07,0.07,0.0,255,16,0.06,0.07,0.0,0.0,0.0,0.0,1.0,1,61902.0
0,tcp,http,SF,340,22965,0,0,1,0,0,0,0,1,0.0,0.0,0.0,0.0,1.0,0.0,0.0,12,137,1.0,0.0,0.08,0.11,0.0,0.0,0.0,0,102874.0
0,tcp,other,S0,0,0,0,0,0,0,0,0,0,207,1.0,1.0,0.0,0.0,0.02,0.07,0.0,255,4,0.02,0.08,0.0,0.0,1.0,1.0,0.0,1,41886.0
0,tcp,other,REJ,0,0,0,0,0,0,0,0,0,509,0.08,0.0,0.92,1.0,0.0,1.0,0.0,255,1,0.0,1.0,0.0,0.0,0.11,0.0,1.0,1,79069.0
0,tcp,http,SF,262,13603,0,0,1,0,0,0,0,1,0.0,0.0,0.0,0.0,1.0,0.0,0.67,2,2,1.0,0.0,0.5,0.0,0.0,0.0,0.0,0,82164.0
3,tcp,smtp,SF,2432,334,0,0,1,0,0,0,0,1,0.0,0.0,0.0,0.0,1.0,0.0,1.0,74,98,0.85,0.04,0.01,0.02,0.01,0.01,0.0,0,2401.0
0,tcp,private,S0,0,0,0,0,0,0,0,0,0,196,1.0,1.0,0.0,0.0,0.09,0.06,0.0,255,5,0.02,0.07,0.0,0.0,1.0,1.0,0.0,1,73276.0
0,tcp,ftp_data,S0,0,0,0,0,0,0,0,0,0,143,1.0,1.0,0.0,0.0,0.05,0.06,0.0,255,7,0.03,0.07,0.0,0.0,1.0,1.0,0.0,1,104750.0
0,tcp,finger,SF,9,139,0,0,0,0,0,0,0,1,0.0,0.0,0.0,0.0,1.0,0.0,0.0,163,10,0.06,0.03,0.01,0.0,0.01,0.1,0.0,0,31437.0
0,tcp,private,REJ,0,0,0,0,0,0,0,0,0,1,0.0,0.0,1.0,1.0,1.0,0.0,0.0,5,2,0.2,1.0,0.2,1.0,0.0,0.0,1.0,1,24542.0
0,tcp,http,SF,299,783,0,0,1,0,0,0,0,14,0.0,0.0,0.0,0.0,1.0,0.0,0.22,255,255,1.0,0.0,0.0,0.0,0.0,0.0,0.0,0,71332.0
0,tcp,ssh,S0,0,0,0,0,0,0,0,0,0,209,1.0,1.0,0.0,0.0,0.08,0.06,0.0,255,16,0.06,0.06,0.0,0.0,1.0,1.0,0.0,1,2079.0
0,tcp,exec,S0,0,0,0,0,0,0,0,0,0,146,1.0,1.0,0.0,0.0,0.07,0.05,0.0,255,10,0.04,0.05,0.0,0.0,1.0,1.0,0.0,1,70468.0
0,tcp,http,SF,282,2251,0,0,1,0,0,0,0,28,0.0,0.0,0.0,0.0,1.0,0.0,0.12,255,255,1.0,0.0,0.0,0.0,0.0,0.0,0.0,0,89269.0
0,tcp,netbios_ssn,S0,0,0,0,0,0,0,0,0,0,135,1.0,1.0,0.0,0.0,0.16,0.04,0.0,255,22,0.09,0.05,0.0,0.0,1.0,1.0,0.0,1,108613.0
0,icmp,eco_i,SF,8,0,0,0,0,0,0,0,0,1,0.0,0.0,0.0,0.0,1.0,0.0,1.0,2,52,1.0,0.0,1.0,0.5,0.0,0.0,0.0,1,111213.0
0,icmp,ecr_i,SF,1032,0,0,0,0,0,0,0,0,511,0.0,0.0,0.0,0.0,1.0,0.0,0.0,255,96,0.38,0.02,0.38,0.0,0.04,0.0,0.0,1,68511.0
0,tcp,private,S0,0,0,0,0,0,0,0,0,0,125,1.0,1.0,0.0,0.0,0.08,0.07,0.0,255,10,0.04,0.08,0.0,0.0,1.0,1.0,0.0,1,4651.0
0,tcp,private,S0,0,0,0,0,0,0,0,0,0,295,1.0,1.0,0.0,0.0,0.04,0.05,0.0,255,12,0.05,0.08,0.0,0.0,1.0,1.0,0.0,1,108722.0
0,tcp,http,SF,221,81280,0,0,1,0,0,0,0,2,0.0,0.0,0.0,0.0,1.0,0.0,0.0,16,255,1.0,0.0,0.06,0.07,0.0,0.01,0.0,0,40651.0
0,udp,private,SF,1,0,0,0,0,0,0,0,0,74,0.0,0.0,0.0,0.0,0.05,0.08,0.0,255,4,0.02,0.2,1.0,0.0,0.0,0.0,0.0,1,87865.0
0,tcp,http,SF,226,334,0,0,1,0,0,0,0,4,0.0,0.0,0.0,0.0,1.0,0.0,0.0,255,255,1.0,0.0,0.0,0.0,0.0,0.0,0.0,0,123277.0
0,tcp,private,S0,0,0,0,0,0,0,0,0,0,175,1.0,1.0,0.0,0.0,0.05,0.07,0.0,255,8,0.03,0.07,0.0,0.0,1.0,1.0,0.0,1,103509.0
0,tcp,http,SF,240,1359,0,0,1,0,0,0,0,70,0.0,0.0,0.0,0.0,1.0,0.0,0.0,125,255,1.0,0.0,0.01,0.02,0.0,0.0,0.0,0,101564.0
0,tcp,http,REJ,0,0,0,0,0,0,0,0,0,2,0.0,0.0,1.0,1.0,1.0,0.0,0.67,4,139,1.0,0.0,0.25,0.04,0.0,0.0,1.0,0,79017.0
0,tcp,private,S0,0,0,0,0,0,0,0,0,0,11,1.0,1.0,0.0,0.0,0.18,0.36,0.0,255,2,0.01,0.09,0.0,0.0,1.0,1.0,0.0,1,88550.0
12993,tcp,other,RSTR,1,0,0,0,0,0,0,0,0,2,0.0,0.0,1.0,1.0,1.0,0.0,0.0,255,2,0.01,0.68,1.0,0.0,0.0,0.0,1.0,1,24748.0
0,tcp,private,S0,0,0,0,0,0,0,0,0,0,211,1.0,1.0,0.0,0.0,0.07,0.06,0.0,255,19,0.07,0.07,0.0,0.0,1.0,1.0,0.0,1,85220.0
0,tcp,domain,S0,0,0,0,0,0,0,0,0,0,258,1.0,1.0,0.0,0.0,0.0,0.06,0.0,255,14,0.05,0.08,0.0,0.0,1.0,1.0,0.0,1,47552.0
0,tcp,http,SF,214,1718,0,0,1,0,0,0,0,7,0.0,0.0,0.0,0.0,1.0,0.0,0.0,255,255,1.0,0.0,0.0,0.0,0.0,0.0,0.0,0,93353.0
0,udp,domain_u,SF,29,89,0,0,0,0,0,0,0,1,0.0,0.0,0.0,0.0,1.0,0.0,0.0,255,251,0.98,0.01,0.0,0.0,0.0,0.0,0.0,0,39573.0
0,udp,domain_u,SF,46,137,0,0,0,0,0,0,0,70,0.0,0.0,0.0,0.0,1.0,0.0,0.01,226,176,0.78,0.01,0.0,0.0,0.0,0.0,0.0,0,88008.0
0,tcp,http,REJ,0,0,0,0,0,0,0,0,0,1,0.0,0.0,1.0,1.0,1.0,0.0,1.0,63,255,1.0,0.0,0.02,0.11,0.0,0.0,0.71,0,98825.0
0,icmp,eco_i,SF,8,0,0,0,0,0,0,0,0,1,0.0,0.0,0.0,0.0,1.0,0.0,1.0,1,231,1.0,0.0,1.0,0.5,0.0,0.0,0.0,1,54742.0
0,tcp,mtp,S0,0,0,0,0,0,0,0,0,0,276,1.0,1.0,0.0,0.0,0.03,0.06,0.0,255,9,0.04,0.09,0.0,0.0,1.0,1.0,0.0,1,30844.0
2,tcp,ssh,SF,651,9615,0,0,1,0,0,0,0,1,0.0,0.0,0.0,0.0,1.0,0.0,0.0,255,1,0.0,0.01,0.0,0.0,0.0,0.0,0.0,0,40748.0
0,tcp,uucp_path,S0,0,0,0,0,0,0,0,0,0,294,1.0,1.0,0.0,0.0,0.04,0.05,0.0,255,11,0.04,0.06,0.0,0.0,1.0,1.0,0.0,1,52624.0
0,tcp,smtp,SF,2341,334,0,0,1,0,0,0,0,1,0.0,0.0,0.0,0.0,1.0,0.0,0.0,16,141,0.56,0.19,0.06,0.03,0.0,0.0,0.0,0,25448.0
0,tcp,http,SF,203,2777,0,0,1,0,0,0,0,5,0.0,0.0,0.0,0.0,1.0,0.0,0.0,32,255,1.0,0.0,0.03,0.05,0.0,0.0,0.0,0,26985.0
0,tcp,other,S0,0,0,0,0,0,0,0,0,0,509,0.08,1.0,0.91,0.0,0.0,1.0,0.0,255,1,0.0,1.0,0.0,0.0,0.11,1.0,0.0,1,49404.0
0,tcp,http,SF,221,10131,0,0,1,0,0,0,0,1,0.0,0.0,0.0,0.0,1.0,0.0,0.4,161,255,1.0,0.0,0.01,0.02,0.0,0.0,0.0,0,81745.0
0,tcp,nnsp,S0,0,0,0,0,0,0,0,0,0,117,1.0,1.0,0.0,0.0,0.1,0.06,0.0,255,12,0.05,0.05,0.0,0.0,1.0,1.0,0.0,1,66945.0
0,udp,domain_u,SF,44,75,0,0,0,0,0,0,0,292,0.0,0.0,0.0,0.0,1.0,0.0,0.0,255,249,0.98,0.01,0.0,0.0,0.0,0.0,0.0,0,62350.0
0,icmp,ecr_i,SF,1032,0,0,0,0,0,0,0,0,239,0.0,0.0,0.0,0.0,1.0,0.0,0.0,255,255,1.0,0.0,1.0,0.0,0.0,0.0,0.0,1,69697.0
0,tcp,http,SF,329,917,0,0,1,0,0,0,0,38,0.0,0.0,0.0,0.0,1.0,0.0,0.05,255,255,1.0,0.0,0.0,0.0,0.0,0.0,0.0,0,46151.0
0,tcp,ldap,S0,0,0,0,0,0,0,0,0,0,234,1.0,1.0,0.0,0.0,0.09,0.05,0.0,255,21,0.08,0.06,0.0,0.0,1.0,1.0,0.0,1,31999.0
0,tcp,http,SF,294,1600,0,0,1,0,0,0,0,6,0.0,0.0,0.0,0.0,1.0,0.0,0.0,255,255,1.0,0.0,0.01,0.0,0.0,0.0,0.0,0,12382.0
0,tcp,vmnet,REJ,0,0,0,0,0,0,0,0,0,146,0.0,0.0,1.0,1.0,0.01,0.08,0.0,255,2,0.01,0.07,0.0,0.0,0.0,0.0,1.0,1,100877.0
0,udp,private,SF,105,146,0,0,0,0,0,0,0,6,0.0,0.0,0.0,0.0,0.33,0.33,0.0,255,243,0.95,0.01,0.01,0.0,0.0,0.0,0.0,0,73921.0
0,udp,private,SF,28,0,3,0,0,0,0,0,0,153,0.65,0.0,0.0,0.0,0.35,0.05,0.0,255,53,0.21,0.8,0.21,0.0,0.09,0.0,0.0,1,119833.0
0,tcp,http,SF,230,193,0,0,1,0,0,0,0,1,0.0,0.0,0.0,0.0,1.0,0.0,0.0,94,255,1.0,0.0,0.01,0.02,0.0,0.0,0.0,0,103126.0
0,tcp,private,REJ,0,0,0,0,0,0,0,0,0,192,0.02,0.0,0.95,1.0,0.01,1.0,0.0,255,1,0.0,0.78,0.0,0.0,0.01,0.0,1.0,1,41379.0
0,tcp,http,SF,255,531,0,0,1,0,0,0,0,11,0.0,0.0,0.0,0.0,1.0,0.0,0.0,255,255,1.0,0.0,0.0,0.0,0.0,0.0,0.0,0,106234.0
0,tcp,http,SF,217,931,0,0,1,0,0,0,0,18,0.0,0.0,0.0,0.0,1.0,0.0,0.0,25,255,1.0,0.0,0.04,0.03,0.0,0.0,0.0,0,15841.0
2468,udp,other,SF,147,105,0,0,0,0,0,0,0,2,0.0,0.0,0.0,0.0,1.0,0.0,0.0,255,2,0.01,0.87,0.98,0.0,0.0,0.0,0.0,0,63333.0
0,tcp,http,SF,198,2810,0,0,1,0,0,0,0,3,0.0,0.0,0.0,0.0,1.0,0.0,0.0,9,255,1.0,0.0,0.11,0.03,0.0,0.0,0.0,0,58538.0
0,tcp,smtp,S0,0,0,0,0,0,0,0,0,0,198,1.0,1.0,0.0,0.0,0.01,0.06,0.0,255,1,0.0,0.06,0.0,0.0,1.0,1.0,0.0,1,87030.0
0,tcp,http,SF,211,1433,0,0,1,0,0,0,0,6,0.0,0.0,0.0,0.0,1.0,0.0,0.0,18,143,1.0,0.0,0.06,0.1,0.0,0.0,0.0,0,112476.0
0,tcp,http,SF,290,3006,0,0,1,0,0,0,0,11,0.0,0.0,0.0,0.0,1.0,0.0,0.0,255,255,1.0,0.0,0.0,0.0,0.0,0.0,0.0,0,44.0
0,tcp,private,S0,0,0,0,0,0,0,0,0,0,61,1.0,1.0,0.0,0.0,0.07,0.1,0.0,255,18,0.07,0.09,0.0,0.0,1.0,1.0,0.0,1,37585.0
0,tcp,private,S0,0,0,0,0,0,0,0,0,0,211,1.0,1.0,0.0,0.0,0.09,0.08,0.0,255,20,0.08,0.09,0.0,0.0,1.0,1.0,0.0,1,22502.0
0,tcp,http,SF,243,2026,0,0,1,0,0,0,0,2,0.0,0.0,0.0,0.0,1.0,0.0,0.0,191,255,1.0,0.0,0.01,0.01,0.0,0.0,0.0,0,78511.0
13288,tcp,other,RSTR,1,0,0,0,0,0,0,0,0,1,0.0,0.0,1.0,1.0,1.0,0.0,0.0,255,1,0.0,0.69,1.0,0.0,0.0,0.0,1.0,1,20258.0
0,tcp,finger,S0,0,0,0,0,0,0,0,0,0,250,1.0,1.0,0.0,0.0,0.0,0.07,0.0,255,1,0.0,0.07,0.0,0.0,1.0,1.0,0.0,1,85832.0
0,tcp,private,S0,0,0,0,0,0,0,0,0,0,112,1.0,1.0,0.0,0.0,0.03,0.06,0.0,255,17,0.07,0.06,0.0,0.0,1.0,1.0,0.0,1,114620.0
894,udp,other,SF,146,105,0,0,0,0,0,0,0,1,0.0,0.0,0.0,0.0,1.0,0.0,0.0,255,1,0.0,0.51,0.85,0.0,0.0,0.0,0.0,0,51153.0
2603,udp,other,SF,146,105,0,0,0,0,0,0,0,1,0.0,0.0,0.0,0.0,1.0,0.0,0.0,255,1,0.0,0.67,0.97,0.0,0.0,0.0,0.0,0,5950.0
0,tcp,vmnet,REJ,0,0,0,0,0,0,0,0,0,164,0.0,0.0,1.0,1.0,0.03,0.07,0.0,255,5,0.02,0.09,0.0,0.0,0.0,0.0,1.0,1,60475.0
2,tcp,smtp,SF,1079,280,0,0,1,0,0,0,0,1,0.0,0.0,0.0,0.0,1.0,0.0,0.0,91,139,0.43,0.05,0.01,0.01,0.01,0.01,0.0,0,37425.0
0,udp,domain_u,SF,44,112,0,0,0,0,0,0,0,65,0.0,0.0,0.0,0.0,1.0,0.0,0.0,255,162,0.64,0.01,0.0,0.0,0.0,0.0,0.0,0,46624.0
0,tcp,http,SF,229,2356,0,0,1,0,0,0,0,3,0.0,0.0,0.0,0.0,1.0,0.0,0.13,33,255,1.0,0.0,0.03,0.02,0.0,0.0,0.0,0,100614.0
0,tcp,daytime,RSTO,0,0,0,0,0,0,0,0,0,210,0.0,0.0,1.0,1.0,0.0,0.07,0.0,255,1,0.0,0.08,0.0,0.0,0.0,0.0,1.0,1,122416.0
0,tcp,private,SH,0,0,0,0,0,0,0,0,0,1,1.0,1.0,0.0,0.0,1.0,0.0,0.0,223,1,0.0,0.96,0.96,0.0,0.96,1.0,0.0,1,2579.0
0,tcp,http,SF,162,14090,0,0,1,0,0,0,0,3,0.0,0.0,0.0,0.0,1.0,0.0,0.0,27,255,1.0,0.0,0.04,0.04,0.0,0.0,0.0,0,75592.0
0,udp,domain_u,SF,46,78,0,0,0,0,0,0,0,157,0.0,0.0,0.0,0.0,1.0,0.0,0.0,255,254,1.0,0.01,0.0,0.0,0.0,0.0,0.0,0,57521.0
0,icmp,eco_i,SF,8,0,0,0,0,0,0,0,0,1,0.0,0.0,0.0,0.0,1.0,0.0,1.0,2,28,1.0,0.0,1.0,0.54,0.0,0.0,0.0,1,97597.0
0,icmp,ecr_i,SF,1032,0,0,0,0,0,0,0,0,149,0.0,0.0,0.0,0.0,1.0,0.0,0.0,255,149,0.58,0.01,0.58,0.0,0.0,0.0,0.0,1,20247.0
0,tcp,time,SF,0,4,0,0,0,0,0,0,0,1,0.0,0.0,0.0,0.0,1.0,0.0,0.0,12,12,1.0,0.0,0.08,0.0,0.08,0.08,0.0,0,40304.0
0,tcp,nntp,S0,0,0,0,0,0,0,0,0,0,232,1.0,1.0,0.0,0.0,0.05,0.07,0.0,255,12,0.05,0.07,0.0,0.0,1.0,1.0,0.0,1,84287.0
0,tcp,http,SF,247,3929,0,0,1,0,0,0,0,7,0.0,0.0,0.0,0.0,1.0,0.0,0.2,50,255,1.0,0.0,0.02,0.05,0.0,0.0,0.0,0,88222.0
0,tcp,smtp,SF,1419,397,0,0,1,0,0,0,0,1,0.0,0.0,0.0,0.0,1.0,0.0,0.0,43,232,0.63,0.07,0.02,0.01,0.35,0.0,0.0,0,14797.0
0,tcp,private,REJ,0,0,0,0,0,0,0,0,0,213,0.09,0.0,0.9,1.0,0.0,1.0,0.0,255,1,0.0,0.93,0.0,0.0,0.07,0.0,1.0,1,95734.0
0,tcp,ftp_data,S0,0,0,0,0,0,0,0,0,0,80,1.0,1.0,0.0,0.0,0.25,0.05,0.0,255,67,0.26,0.02,0.02,0.0,1.0,1.0,0.0,1,116445.0
6,tcp,smtp,SF,1656,329,0,0,1,0,0,0,0,1,0.0,0.0,0.0,0.0,1.0,0.0,0.0,213,147,0.69,0.02,0.0,0.0,0.0,0.0,0.0,0,118947.0
0,tcp,telnet,S0,0,0,0,0,0,0,0,0,0,20,1.0,1.0,0.0,0.0,1.0,0.0,0.0,22,22,1.0,0.0,0.05,0.0,0.91,0.91,0.0,1,18733.0
0,tcp,uucp,S0,0,0,0,0,0,0,0,0,0,141,1.0,1.0,0.0,0.0,0.13,0.06,0.0,255,14,0.05,0.06,0.0,0.0,1.0,1.0,0.0,1,34573.0
0,tcp,uucp,S0,0,0,0,0,0,0,0,0,0,115,1.0,1.0,0.0,0.0,0.12,0.06,0.0,255,14,0.05,0.07,0.0,0.0,1.0,1.0,0.0,1,46593.0
0,icmp,ecr_i,SF,1032,0,0,0,0,0,0,0,0,511,0.0,0.0,0.0,0.0,1.0,0.0,0.0,255,188,0.74,0.03,0.74,0.0,0.0,0.0,0.0,1,2646.0
0,udp,domain_u,SF,45,133,0,0,0,0,0,0,0,237,0.0,0.0,0.0,0.0,1.0,0.0,0.01,255,253,0.99,0.01,0.0,0.0,0.0,0.0,0.0,0,13469.0
0,tcp,ftp_data,SF,190,0,0,0,1,0,0,1,0,2,0.0,0.0,0.0,0.0,1.0,0.0,0.0,255,2,0.01,0.6,0.01,0.0,0.0,0.0,0.0,0,57686.0
0,tcp,http,S0,0,0,0,0,0,0,0,0,0,4,1.0,1.0,0.0,0.0,0.75,0.5,0.0,86,23,0.27,0.05,0.01,0.0,0.98,1.0,0.0,1,104017.0
0,tcp,iso_tsap,S0,0,0,0,0,0,0,0,0,0,185,1.0,1.0,0.0,0.0,0.01,0.06,0.0,255,2,0.01,0.07,0.0,0.0,1.0,1.0,0.0,1,27176.0
0,tcp,smtp,SF,2086,339,0,0,1,0,0,0,0,1,0.0,0.0,0.0,0.0,1.0,0.0,1.0,204,164,0.78,0.02,0.0,0.01,0.0,0.0,0.0,0,48163.0
6414,udp,other,SF,146,105,0,0,0,0,0,0,0,4,0.0,0.0,0.0,0.0,0.5,0.5,0.0,255,2,0.01,0.82,1.0,0.0,0.0,0.0,0.0,0,51606.0
0,tcp,http,SF,232,2395,0,0,1,0,0,0,0,1,0.0,0.0,0.0,0.0,1.0,0.0,0.2,1,255,1.0,0.0,1.0,0.06,0.0,0.0,0.0,0,67213.0
5,tcp,private,RSTR,0,0,0,0,0,0,0,0,0,1,0.0,0.0,1.0,1.0,1.0,0.0,0.0,255,1,0.0,1.0,1.0,0.0,0.0,0.0,1.0,1,51568.0
0,tcp,http,SF,276,4719,0,0,1,0,0,0,0,19,0.0,0.0,0.0,0.0,1.0,0.0,0.0,66,255,1.0,0.0,0.02,0.02,0.0,0.0,0.0,0,103268.0
0,tcp,http,SF,448,12194,0,0,1,0,0,0,0,13,0.0,0.07,0.0,0.0,1.0,0.0,0.13,255,255,1.0,0.0,0.0,0.0,0.0,0.0,0.0,0,50945.0
0,tcp,http,SF,230,1175,0,0,1,0,0,0,0,4,0.0,0.0,0.0,0.0,1.0,0.0,0.0,235,255,1.0,0.0,0.0,0.01,0.0,0.0,0.0,0,52081.0
0,tcp,private,RSTR,0,0,0,0,0,0,0,0,0,1,0.0,0.0,1.0,1.0,1.0,0.0,0.0,255,1,0.0,0.67,0.66,0.0,0.0,0.0,1.0,1,10474.0
0,tcp,ldap,S0,0,0,0,0,0,0,0,0,0,148,1.0,1.0,0.0,0.0,0.13,0.05,0.0,255,4,0.02,0.07,0.0,0.0,1.0,1.0,0.0,1,14754.0
0,tcp,http,SF,364,658,0,0,1,0,0,0,0,4,0.0,0.0,0.0,0.0,1.0,0.0,0.33,43,255,1.0,0.0,0.02,0.04,0.0,0.0,0.0,0,123793.0
0,udp,domain_u,SF,45,128,0,0,0,0,0,0,0,6,0.0,0.0,0.0,0.0,1.0,0.0,0.14,255,254,1.0,0.01,0.0,0.0,0.0,0.0,0.0,0,49634.0
0,tcp,remote_job,S0,0,0,0,0,0,0,0,0,0,227,1.0,1.0,0.0,0.0,0.04,0.07,0.0,255,8,0.03,0.09,0.0,0.0,1.0,1.0,0.0,1,2880.0
38088,tcp,private,RSTR,1,0,0,0,0,0,0,0,0,2,0.0,0.0,1.0,1.0,1.0,0.0,0.0,255,2,0.01,0.5,1.0,0.0,0.0,0.0,1.0,1,39409.0
0,tcp,ftp_data,SF,334,0,0,0,1,0,0,0,0,2,0.0,0.0,0.0,0.0,1.0,0.0,0.0,8,8,1.0,0.0,1.0,0.0,0.0,0.0,0.0,1,111962.0
0,tcp,telnet,S0,0,0,0,0,0,0,0,0,0,40,1.0,1.0,0.0,0.0,0.22,0.1,0.0,255,66,0.26,0.02,0.0,0.0,1.0,1.0,0.0,1,59979.0
0,tcp,http,SF,215,655,0,0,1,0,0,0,0,33,0.0,0.0,0.0,0.0,1.0,0.0,0.05,255,255,1.0,0.0,0.0,0.0,0.0,0.0,0.0,0,90064.0
0,tcp,link,S0,0,0,0,0,0,0,0,0,0,236,1.0,1.0,0.0,0.0,0.05,0.06,0.0,255,11,0.04,0.05,0.0,0.0,1.0,1.0,0.0,1,124798.0
0,tcp,http,SF,303,3628,0,0,1,0,0,0,0,11,0.0,0.0,0.0,0.0,1.0,0.0,0.0,255,255,1.0,0.0,0.0,0.0,0.0,0.0,0.0,0,36282.0
0,udp,domain_u,SF,44,71,0,0,0,0,0,0,0,26,0.0,0.0,0.0,0.0,1.0,0.0,0.0,182,142,0.78,0.01,0.01,0.0,0.0,0.0,0.0,0,90715.0
0,tcp,name,S0,0,0,0,0,0,0,0,0,0,215,1.0,1.0,0.0,0.0,0.04,0.07,0.0,255,19,0.07,0.08,0.0,0.0,1.0,1.0,0.0,1,87624.0
0,tcp,http,REJ,0,0,0,0,0,0,0,0,0,1,0.0,0.0,1.0,1.0,1.0,0.0,0.0,74,68,0.92,0.04,0.01,0.0,0.0,0.0,1.0,0,3741.0
0,tcp,ftp_data,SF,245,0,0,0,0,0,0,0,0,2,0.0,0.0,0.0,0.0,1.0,0.0,0.0,141,120,0.3,0.04,0.3,0.02,0.0,0.0,0.0,0,16196.0
0,tcp,http,REJ,0,0,0,0,0,0,0,0,0,1,0.0,0.0,1.0,1.0,1.0,0.0,0.0,1,255,1.0,0.0,1.0,0.04,0.0,0.01,0.01,0,56988.0
0,tcp,telnet,S0,0,0,0,0,0,0,0,0,0,48,1.0,1.0,0.0,0.0,0.23,0.08,0.0,255,22,0.09,0.06,0.0,0.0,1.0,1.0,0.0,1,93465.0
0,tcp,http,SF,331,2109,0,0,1,0,0,0,0,17,0.0,0.0,0.0,0.0,1.0,0.0,0.16,41,255,1.0,0.0,0.02,0.05,0.0,0.0,0.0,0,100368.0
0,tcp,http,REJ,0,0,0,0,0,0,0,0,0,1,0.0,0.0,1.0,1.0,1.0,0.0,0.0,13,65,1.0,0.0,0.08,0.28,0.0,0.0,0.97,0,83044.0
0,tcp,http,SF,54540,8314,0,2,1,1,0,0,0,4,0.0,0.0,0.0,0.0,1.0,0.0,0.0,255,255,1.0,0.0,0.0,0.0,0.0,0.0,0.02,1,117973.0
0,tcp,Z39_50,REJ,0,0,0,0,0,0,0,0,0,261,0.0,0.0,1.0,1.0,0.05,0.07,0.0,255,12,0.05,0.08,0.0,0.0,0.0,0.0,1.0,1,106963.0
0,icmp,eco_i,SF,8,0,0,0,0,0,0,0,0,1,0.0,0.0,0.0,0.0,1.0,0.0,1.0,1,62,1.0,0.0,1.0,0.52,0.0,0.0,0.0,1,80024.0
0,tcp,Z39_50,REJ,0,0,0,0,0,0,0,0,0,141,0.0,0.0,1.0,1.0,0.1,0.06,0.0,255,4,0.02,0.06,0.0,0.0,0.0,0.0,1.0,1,16826.0
0,tcp,Z39_50,S0,0,0,0,0,0,0,0,0,0,244,1.0,1.0,0.0,0.0,0.07,0.05,0.0,255,17,0.07,0.06,0.0,0.0,1.0,1.0,0.0,1,100115.0
0,tcp,ctf,S0,0,0,0,0,0,0,0,0,0,208,1.0,1.0,0.0,0.0,0.07,0.06,0.0,255,15,0.06,0.07,0.0,0.0,1.0,1.0,0.0,1,87504.0
0,tcp,http,SF,318,762,0,0,1,0,0,0,0,32,0.0,0.0,0.0,0.0,1.0,0.0,0.0,255,255,1.0,0.0,0.0,0.0,0.0,0.0,0.0,0,49661.0
0,tcp,private,S0,0,0,0,0,0,0,0,0,0,183,1.0,1.0,0.0,0.0,0.02,0.05,0.0,255,4,0.02,0.06,0.0,0.0,1.0,1.0,0.0,1,27999.0
1,tcp,smtp,SF,934,335,0,0,1,0,0,0,0,1,0.0,0.0,0.0,0.0,1.0,0.0,1.0,46,131,0.63,0.11,0.02,0.02,0.0,0.01,0.0,0,125844.0
0,tcp,http,SF,54540,8314,0,2,1,1,0,0,0,4,0.0,0.0,0.0,0.0,1.0,0.0,0.0,67,67,1.0,0.0,0.01,0.0,0.01,0.01,0.01,1,23636.0
0,tcp,private,S0,0,0,0,0,0,0,0,0,0,179,1.0,1.0,0.0,0.0,0.01,0.06,0.0,255,18,0.07,0.06,0.0,0.0,1.0,1.0,0.0,1,23303.0
0,tcp,ctf,REJ,0,0,0,0,0,0,0,0,0,263,0.0,0.0,1.0,1.0,0.06,0.06,0.0,255,17,0.07,0.07,0.0,0.0,0.0,0.0,1.0,1,36813.0
0,tcp,uucp,S0,0,0,0,0,0,0,0,0,0,127,1.0,1.0,0.0,0.0,0.02,0.06,0.0,255,3,0.01,0.07,0.0,0.0,1.0,1.0,0.0,1,69209.0
0,tcp,supdup,S0,0,0,0,0,0,0,0,0,0,128,1.0,1.0,0.0,0.0,0.15,0.05,0.0,255,16,0.06,0.07,0.0,0.0,1.0,1.0,0.0,1,72970.0
0,tcp,http,SF,299,1427,0,0,1,0,0,0,0,5,0.0,0.0,0.0,0.0,1.0,0.0,0.0,51,255,1.0,0.0,0.02,0.03,0.0,0.0,0.0,0,31949.0
0,tcp,http,SF,205,4557,0,0,1,0,0,0,0,3,0.0,0.0,0.0,0.0,1.0,0.0,0.0,83,255,1.0,0.0,0.01,0.02,0.0,0.0,0.01,0,104906.0
0,tcp,private,S0,0,0,0,0,0,0,0,0,0,256,1.0,1.0,0.0,0.0,0.02,0.06,0.0,255,7,0.03,0.07,0.0,0.0,1.0,1.0,0.0,1,18467.0
0,udp,domain_u,SF,44,71,0,0,0,0,0,0,0,186,0.0,0.0,0.0,0.0,1.0,0.0,0.0,255,255,1.0,0.0,0.01,0.0,0.0,0.0,0.0,0,74176.0
0,tcp,http,SF,321,255,0,0,1,0,0,0,0,6,0.0,0.0,0.0,0.0,1.0,0.0,0.0,118,255,1.0,0.0,0.01,0.04,0.0,0.0,0.0,0,57703.0
0,udp,domain_u,SF,45,126,0,0,0,0,0,0,0,65,0.0,0.0,0.0,0.0,0.98,0.03,0.01,255,236,0.93,0.01,0.0,0.0,0.0,0.0,0.0,0,74536.0
0,tcp,other,RSTR,0,0,0,0,0,0,0,0,0,1,0.0,0.0,1.0,1.0,1.0,0.0,0.0,255,1,0.0,0.69,1.0,0.0,0.0,0.0,1.0,1,22882.0
0,tcp,ftp_data,S0,0,0,0,0,0,0,0,0,0,39,1.0,1.0,0.0,0.0,0.26,0.1,0.0,255,66,0.26,0.02,0.0,0.0,1.0,1.0,0.0,1,113967.0
0,tcp,time,S3,1,4,0,0,0,0,0,0,0,1,1.0,1.0,0.0,0.0,1.0,0.0,0.0,19,19,1.0,0.0,0.05,0.0,0.05,0.05,0.0,0,6469.0
0,tcp,efs,S0,0,0,0,0,0,0,0,0,0,144,1.0,1.0,0.0,0.0,0.05,0.06,0.0,255,7,0.03,0.06,0.0,0.0,1.0,1.0,0.0,1,105860.0
0,tcp,auth,SF,9,38,0,0,1,0,0,0,0,1,0.0,0.0,0.0,0.0,1.0,0.0,0.0,55,9,0.04,0.09,0.02,0.22,0.0,0.0,0.0,0,122242.0
0,tcp,private,RSTR,0,0,0,0,0,0,0,0,0,1,0.0,0.0,1.0,1.0,1.0,0.0,0.0,183,1,0.01,0.11,0.08,0.0,0.0,0.0,1.0,1,75946.0
0,tcp,finger,S0,0,0,0,0,0,0,0,0,0,26,1.0,1.0,0.0,0.0,0.35,0.15,0.0,255,49,0.19,0.04,0.0,0.0,1.0,1.0,0.0,1,96436.0
0,udp,domain_u,SF,42,129,0,0,0,0,0,0,0,281,0.0,0.0,0.0,0.0,1.0,0.0,0.0,255,253,0.99,0.01,0.0,0.0,0.0,0.0,0.0,0,70703.0
0,tcp,ftp_data,SF,192,0,0,0,0,0,0,0,0,1,0.0,0.0,0.0,0.0,1.0,0.0,0.0,74,34,0.11,0.05,0.11,0.06,0.0,0.0,0.0,0,28567.0
0,tcp,http,SF,270,1434,0,0,1,0,0,0,0,4,0.0,0.0,0.0,0.0,1.0,0.0,0.25,28,255,1.0,0.0,0.04,0.01,0.0,0.0,0.0,0,107288.0
0,icmp,ecr_i,SF,1480,0,1,0,0,0,0,0,0,8,0.0,0.0,0.0,0.0,1.0,0.0,0.0,255,10,0.04,0.02,0.04,0.0,0.0,0.0,0.0,1,42521.0
0,tcp,http,S1,328,27740,0,0,1,0,0,0,0,4,0.25,0.25,0.0,0.0,1.0,0.0,0.0,4,250,1.0,0.0,0.25,0.01,0.25,0.0,0.0,0,95309.0
0,tcp,http,SF,204,64021,0,0,1,0,0,0,0,9,0.0,0.07,0.0,0.0,1.0,0.0,0.13,168,255,1.0,0.0,0.01,0.01,0.0,0.0,0.0,0,48386.0
0,tcp,private,REJ,0,0,0,0,0,0,0,0,0,1,0.0,0.0,1.0,1.0,1.0,0.0,0.0,50,1,0.02,1.0,0.02,0.0,0.0,0.0,1.0,1,60624.0
0,tcp,private,S0,0,0,0,0,0,0,0,0,0,239,1.0,1.0,0.0,0.0,0.08,0.06,0.0,255,18,0.07,0.06,0.0,0.0,1.0,1.0,0.0,1,94774.0
0,tcp,vmnet,S0,0,0,0,0,0,0,0,0,0,263,1.0,1.0,0.0,0.0,0.07,0.05,0.0,255,19,0.07,0.05,0.0,0.0,1.0,1.0,0.0,1,110521.0
0,tcp,http,SF,275,1358,0,0,1,0,0,0,0,1,0.0,0.0,0.0,0.0,1.0,0.0,0.0,18,255,1.0,0.0,0.06,0.07,0.0,0.0,0.0,0,47369.0
0,tcp,http,SF,214,811,0,0,1,0,0,0,0,12,0.0,0.0,0.0,0.0,1.0,0.0,0.0,255,255,1.0,0.0,0.0,0.0,0.0,0.0,0.0,0,54625.0
0,tcp,other,REJ,0,0,0,0,0,0,0,0,0,509,0.1,0.0,0.89,1.0,0.0,1.0,0.0,255,1,0.0,1.0,0.0,0.0,0.18,0.0,1.0,1,10711.0
0,tcp,private,S0,0,0,0,0,0,0,0,0,0,247,1.0,1.0,0.0,0.0,0.0,0.05,0.0,205,1,0.0,0.06,0.0,0.0,0.99,1.0,0.0,1,51045.0
0,tcp,netbios_ns,S0,0,0,0,0,0,0,0,0,0,228,1.0,1.0,0.0,0.0,0.09,0.06,0.0,255,20,0.08,0.07,0.0,0.0,1.0,1.0,0.0,1,98485.0
0,tcp,private,REJ,0,0,0,0,0,0,0,0,0,177,0.0,0.0,1.0,1.0,0.1,0.07,0.0,255,18,0.07,0.07,0.0,0.0,0.0,0.0,1.0,1,117431.0
0,tcp,whois,REJ,0,0,0,0,0,0,0,0,0,294,0.0,0.0,1.0,1.0,0.06,0.06,0.0,255,18,0.07,0.06,0.0,0.0,0.0,0.0,1.0,1,107891.0
0,tcp,Z39_50,S0,0,0,0,0,0,0,0,0,0,202,1.0,1.0,0.0,0.0,0.0,0.07,0.0,255,1,0.0,0.08,0.0,0.0,1.0,1.0,0.0,1,39305.0
0,icmp,eco_i,SF,8,0,0,0,0,0,0,0,0,1,0.0,0.0,0.0,0.0,1.0,0.0,1.0,2,106,1.0,0.0,1.0,0.5,0.0,0.0,0.0,1,30487.0
0,tcp,ssh,S0,0,0,0,0,0,0,0,0,0,131,1.0,1.0,0.0,0.0,0.09,0.05,0.0,255,10,0.04,0.06,0.0,0.0,1.0,1.0,0.0,1,78703.0
0,tcp,http,SF,293,691,0,0,1,0,0,0,0,25,0.0,0.0,0.0,0.0,1.0,0.0,0.0,25,255,1.0,0.0,0.04,0.1,0.0,0.0,0.0,0,83831.0
0,tcp,ctf,REJ,0,0,0,0,0,0,0,0,0,282,0.0,0.0,1.0,1.0,0.05,0.06,0.0,255,14,0.05,0.07,0.0,0.0,0.0,0.0,1.0,1,124617.0
0,icmp,eco_i,SF,8,0,0,0,0,0,0,0,0,1,0.0,0.0,0.0,0.0,1.0,0.0,1.0,1,81,1.0,0.0,1.0,0.26,0.0,0.0,0.0,1,24698.0
0,udp,private,SF,28,0,3,0,0,0,0,0,0,179,0.56,0.0,0.0,0.0,0.44,0.04,0.0,255,79,0.31,0.69,0.31,0.0,0.09,0.0,0.0,1,60055.0
0,tcp,private,S0,0,0,0,0,0,0,0,0,0,146,1.0,1.0,0.0,0.0,0.11,0.05,0.0,255,4,0.02,0.07,0.0,0.0,1.0,1.0,0.0,1,907.0
0,tcp,http,REJ,0,0,0,0,0,0,0,0,0,1,0.0,0.0,1.0,1.0,1.0,0.0,0.0,255,255,1.0,0.0,0.0,0.0,0.0,0.0,0.06,0,26301.0
0,tcp,http,REJ,0,0,0,0,0,0,0,0,0,1,0.0,0.0,1.0,1.0,1.0,0.0,1.0,14,239,1.0,0.0,0.07,0.12,0.0,0.0,1.0,0,122245.0
0,tcp,http,SF,308,1915,0,0,1,0,0,0,0,3,0.0,0.0,0.0,0.0,1.0,0.0,0.05,3,144,1.0,0.0,0.33,0.2,0.0,0.0,0.65,0,117527.0
0,tcp,ftp,SF,1268,2451,0,28,1,0,0,0,0,1,0.0,0.0,0.0,0.0,1.0,0.0,0.0,174,2,0.01,0.03,0.01,0.0,0.01,0.0,0.0,1,83488.0
0,tcp,http,SF,279,440,0,0,1,0,0,0,0,1,0.0,0.0,0.0,0.0,1.0,0.0,0.0,9,255,1.0,0.0,0.11,0.14,0.0,0.0,0.97,0,106206.0
0,tcp,name,REJ,0,0,0,0,0,0,0,0,0,1,0.0,0.0,1.0,1.0,1.0,0.0,0.0,23,2,0.04,1.0,0.04,1.0,0.0,0.0,1.0,1,121629.0
0,tcp,private,S0,0,0,0,0,0,0,0,0,0,136,1.0,1.0,0.0,0.0,0.08,0.07,0.0,255,2,0.01,0.06,0.0,0.0,1.0,1.0,0.0,1,50550.0
0,tcp,private,S0,0,0,0,0,0,0,0,0,0,109,1.0,1.0,0.0,0.0,0.17,0.06,0.0,255,18,0.07,0.06,0.0,0.0,1.0,1.0,0.0,1,36793.0
0,tcp,efs,S0,0,0,0,0,0,0,0,0,0,135,1.0,1.0,0.0,0.0,0.12,0.05,0.0,255,8,0.03,0.07,0.0,0.0,1.0,1.0,0.0,1,50879.0
0,tcp,nnsp,S0,0,0,0,0,0,0,0,0,0,103,1.0,1.0,0.0,0.0,0.08,0.07,0.0,255,27,0.11,0.06,0.0,0.0,1.0,1.0,0.0,1,19962.0
0,icmp,eco_i,SF,8,0,0,0,0,0,0,0,0,1,0.0,0.0,0.0,0.0,1.0,0.0,1.0,2,52,1.0,0.0,1.0,0.5,0.0,0.0,0.0,1,56873.0
0,tcp,http,SF,211,19699,0,0,1,0,0,0,0,5,0.0,0.0,0.0,0.0,1.0,0.0,0.29,16,255,1.0,0.0,0.06,0.03,0.0,0.0,0.0,0,113091.0
0,tcp,http,SF,314,5589,0,0,1,0,0,0,0,2,0.0,0.0,0.0,0.0,1.0,0.0,0.0,14,255,1.0,0.0,0.07,0.02,0.0,0.0,0.0,0,30353.0
0,tcp,iso_tsap,REJ,0,0,0,0,0,0,0,0,0,241,0.0,0.0,1.0,1.0,0.07,0.07,0.0,255,17,0.07,0.09,0.0,0.0,0.0,0.0,1.0,1,26855.0
0,tcp,private,REJ,0,0,0,0,0,0,0,0,0,494,0.06,0.0,0.93,1.0,0.0,1.0,0.0,255,1,0.0,1.0,0.0,0.0,0.08,0.0,1.0,1,43925.0
0,tcp,http,SF,292,3529,0,0,1,0,0,0,0,1,0.0,0.0,0.0,0.0,1.0,0.0,0.0,1,233,1.0,0.0,1.0,0.05,0.0,0.0,0.0,0,39021.0
0,tcp,private,REJ,0,0,0,0,0,0,0,0,0,131,0.06,0.0,0.92,1.0,0.01,1.0,0.0,255,1,0.0,0.72,0.0,0.0,0.03,0.0,1.0,1,9902.0
0,tcp,netbios_dgm,S0,0,0,0,0,0,0,0,0,0,258,1.0,1.0,0.0,0.0,0.02,0.07,0.0,255,6,0.02,0.07,0.0,0.0,1.0,1.0,0.0,1,125337.0
0,tcp,http,SF,244,515,0,0,1,0,0,0,0,22,0.0,0.0,0.0,0.0,1.0,0.0,0.0,143,255,1.0,0.0,0.01,0.05,0.0,0.0,0.0,0,111060.0
0,tcp,private,S0,0,0,0,0,0,0,0,0,0,216,1.0,1.0,0.0,0.0,0.07,0.05,0.0,255,16,0.06,0.05,0.0,0.0,1.0,1.0,0.0,1,115154.0
0,tcp,supdup,S0,0,0,0,0,0,0,0,0,0,114,1.0,1.0,0.0,0.0,0.07,0.09,0.0,255,8,0.03,0.07,0.0,0.0,1.0,1.0,0.0,1,76399.0
0,tcp,http,SF,177,16748,0,0,1,0,0,0,0,2,0.0,0.0,0.0,0.0,1.0,0.0,0.0,34,255,1.0,0.0,0.03,0.07,0.0,0.0,0.0,0,123010.0
0,tcp,private,S0,0,0,0,0,0,0,0,0,0,292,1.0,1.0,0.0,0.0,0.05,0.06,0.0,255,2,0.01,0.11,0.0,0.0,1.0,1.0,0.0,1,75045.0
0,tcp,http,SF,327,337,0,0,1,0,0,0,0,7,0.0,0.0,0.0,0.0,1.0,0.0,0.0,7,255,1.0,0.0,0.14,0.05,0.0,0.0,0.0,0,101038.0
16,tcp,smtp,SF,840,338,0,0,1,0,0,0,0,1,0.0,0.0,0.0,0.0,1.0,0.0,0.0,92,130,0.55,0.04,0.01,0.02,0.0,0.0,0.0,0,115299.0
0,tcp,ftp_data,SF,4404,0,0,0,0,0,0,0,0,1,0.0,0.0,0.0,0.0,1.0,0.0,0.0,207,10,0.05,0.02,0.05,0.0,0.0,0.0,0.0,0,115383.0
0,udp,other,SF,1,0,0,0,0,0,0,0,0,5,0.0,0.0,0.0,0.0,0.4,0.4,0.0,255,2,0.01,0.23,1.0,0.0,0.0,0.0,0.0,1,9639.0
0,tcp,private,REJ,0,0,0,0,0,0,0,0,0,396,0.06,0.0,0.93,1.0,0.0,1.0,0.0,255,1,0.0,1.0,0.0,0.0,0.09,0.0,1.0,1,35013.0
1,tcp,smtp,SF,681,391,0,0,1,0,0,0,0,1,0.0,0.0,0.0,0.0,1.0,0.0,1.0,32,181,0.28,0.09,0.03,0.01,0.03,0.0,0.0,0,13022.0
0,tcp,nnsp,S0,0,0,0,0,0,0,0,0,0,138,1.0,1.0,0.0,0.0,0.17,0.05,0.0,255,23,0.09,0.04,0.0,0.0,1.0,1.0,0.0,1,11867.0
0,tcp,http,S0,0,0,0,0,0,0,0,0,0,2,0.5,0.4,0.0,0.0,1.0,0.0,0.4,255,255,1.0,0.0,0.01,0.0,0.0,0.0,0.0,0,79450.0
0,tcp,sunrpc,S0,0,0,0,0,0,0,0,0,0,174,1.0,1.0,0.0,0.0,0.08,0.06,0.0,255,19,0.07,0.06,0.0,0.0,1.0,1.0,0.0,1,44401.0
0,tcp,ftp,S0,0,0,0,0,0,0,0,0,0,241,1.0,1.0,0.0,0.0,0.02,0.07,0.0,255,6,0.02,0.07,0.0,0.0,1.0,1.0,0.0,1,122994.0
0,tcp,Z39_50,S0,0,0,0,0,0,0,0,0,0,252,1.0,1.0,0.0,0.0,0.05,0.05,0.0,255,12,0.05,0.06,0.0,0.0,1.0,1.0,0.0,1,124745.0
0,udp,domain_u,SF,42,108,0,0,0,0,0,0,0,1,0.0,0.0,0.0,0.0,1.0,0.0,0.0,16,233,0.81,0.12,0.81,0.01,0.0,0.0,0.0,0,94271.0
0,tcp,bgp,S0,0,0,0,0,0,0,0,0,0,236,1.0,1.0,0.0,0.0,0.08,0.06,0.0,255,20,0.08,0.07,0.0,0.0,1.0,1.0,0.0,1,81165.0
0,tcp,private,S0,0,0,0,0,0,0,0,0,0,75,1.0,1.0,0.0,0.0,0.16,0.08,0.0,255,20,0.08,0.07,0.0,0.0,1.0,1.0,0.0,1,123898.0
0,tcp,ftp_data,SF,22,0,0,0,1,0,0,0,0,2,0.0,0.0,0.0,0.0,1.0,0.0,0.0,103,14,0.08,0.05,0.08,0.14,0.01,0.0,0.0,0,87623.0
15,tcp,smtp,SF,12715,1459,0,0,1,0,0,0,0,1,0.0,0.0,0.0,0.0,1.0,0.0,0.0,67,129,0.55,0.06,0.01,0.02,0.0,0.12,0.0,0,24550.0
0,tcp,http,SF,191,9001,0,0,1,0,0,0,0,2,0.0,0.0,0.0,0.0,1.0,0.0,0.29,12,54,1.0,0.0,0.08,0.11,0.0,0.0,0.0,0,125769.0
0,tcp,finger,SF,7,147,0,0,0,0,0,0,0,1,0.0,0.0,0.0,0.0,1.0,0.0,0.0,255,4,0.02,0.05,0.0,0.0,0.25,0.0,0.0,0,64324.0
0,tcp,auth,REJ,0,0,0,0,0,0,0,0,0,263,0.0,0.0,1.0,1.0,0.06,0.06,0.0,255,17,0.07,0.07,0.0,0.0,0.0,0.0,1.0,1,82865.0
0,tcp,netbios_ns,S0,0,0,0,0,0,0,0,0,0,124,1.0,1.0,0.0,0.0,0.15,0.05,0.0,255,19,0.07,0.05,0.0,0.0,1.0,1.0,0.0,1,209.0
0,tcp,http,SF,309,1284,0,0,1,0,0,0,0,4,0.0,0.0,0.0,0.0,1.0,0.0,0.28,4,255,1.0,0.0,0.25,0.03,0.0,0.0,0.0,0,30248.0
0,udp,private,SF,1,0,0,0,0,0,0,0,0,34,0.0,0.0,0.0,0.0,0.24,0.09,0.0,255,11,0.04,0.91,0.09,0.0,0.13,0.0,0.0,1,2735.0
0,tcp,http,SF,310,14185,0,0,1,0,0,0,0,11,0.0,0.0,0.0,0.0,1.0,0.0,0.0,255,255,1.0,0.0,0.0,0.0,0.0,0.0,0.0,0,44237.0
0,tcp,private,S0,0,0,0,0,0,0,0,0,0,292,1.0,1.0,0.0,0.0,0.05,0.05,0.0,255,8,0.03,0.08,0.0,0.0,1.0,1.0,0.0,1,112722.0
0,tcp,private,S0,0,0,0,0,0,0,0,0,0,262,1.0,1.0,0.0,0.0,0.01,0.06,0.0,255,5,0.02,0.07,0.0,0.0,1.0,1.0,0.0,1,106438.0
0,tcp,csnet_ns,REJ,0,0,0,0,0,0,0,0,0,259,0.0,0.0,1.0,1.0,0.07,0.06,0.0,255,18,0.07,0.07,0.0,0.0,0.0,0.0,1.0,1,32517.0
0,tcp,http,SF,353,1461,0,0,1,0,0,0,0,9,0.0,0.0,0.0,0.0,1.0,0.0,0.0,166,255,1.0,0.0,0.01,0.02,0.0,0.0,0.0,0,56400.0
0,icmp,eco_i,SF,8,0,0,0,0,0,0,0,0,1,0.0,0.0,0.0,0.0,1.0,0.0,1.0,2,78,1.0,0.0,1.0,0.5,0.0,0.0,0.0,1,103900.0
0,tcp,auth,S0,0,0,0,0,0,0,0,0,0,102,1.0,1.0,0.0,0.0,0.02,0.05,0.0,255,2,0.01,0.05,0.0,0.0,1.0,1.0,0.0,1,1010.0
9992,tcp,telnet,SF,375,6252,0,0,1,0,0,0,0,1,0.0,0.0,0.0,0.0,1.0,0.0,0.0,255,104,0.41,0.01,0.0,0.0,0.75,0.87,0.0,0,123868.0
0,tcp,http,SF,172,3935,0,0,1,0,0,0,0,1,0.0,0.0,0.0,0.0,1.0,0.0,0.0,10,255,1.0,0.0,0.1,0.05,0.1,0.0,0.0,0,66753.0
1,tcp,smtp,SF,996,323,0,0,1,0,0,0,0,1,0.0,0.0,0.0,0.0,1.0,0.0,1.0,75,51,0.68,0.07,0.01,0.0,0.0,0.0,0.0,0,30718.0
0,tcp,http,SF,321,12615,0,0,1,0,0,0,0,17,0.0,0.0,0.0,0.0,1.0,0.0,0.0,157,255,1.0,0.0,0.01,0.01,0.0,0.0,0.05,0,66206.0
0,tcp,finger,SF,8,225,0,0,0,0,0,0,0,1,0.0,0.0,0.0,0.0,1.0,0.0,0.0,188,6,0.03,0.02,0.01,0.0,0.01,0.0,0.0,0,66511.0
0,tcp,imap4,S0,0,0,0,0,0,0,0,0,0,285,1.0,1.0,0.0,0.0,0.05,0.06,0.0,255,15,0.06,0.08,0.0,0.0,1.0,1.0,0.0,1,87041.0
0,tcp,http,SF,235,2241,0,0,1,0,0,0,0,12,0.0,0.0,0.0,0.0,1.0,0.0,0.15,26,255,1.0,0.0,0.04,0.03,0.0,0.0,0.0,0,114777.0
0,udp,private,SF,105,0,0,0,0,0,0,0,0,2,0.0,0.0,0.0,0.0,1.0,0.0,0.0,46,37,0.8,0.07,0.04,0.0,0.0,0.0,0.0,0,92636.0
0,tcp,domain,S0,0,0,0,0,0,0,0,0,0,283,1.0,1.0,0.0,0.0,0.03,0.05,0.0,255,9,0.04,0.05,0.0,0.0,1.0,1.0,0.0,1,106365.0
0,tcp,imap4,S0,0,0,0,0,0,0,0,0,0,178,1.0,1.0,0.0,0.0,0.04,0.07,0.0,255,8,0.03,0.06,0.0,0.0,1.0,1.0,0.0,1,12685.0
0,tcp,netbios_ns,REJ,0,0,0,0,0,0,0,0,0,218,0.0,0.0,1.0,1.0,0.0,0.07,0.0,255,1,0.0,0.08,0.0,0.0,0.0,0.0,1.0,1,41957.0
0,udp,private,SF,1,0,0,0,0,0,0,0,0,131,0.0,0.0,0.0,0.0,0.85,0.03,0.0,255,155,0.61,0.05,1.0,0.0,0.0,0.0,0.0,1,38066.0
0,tcp,http,SF,230,744,0,0,1,0,0,0,0,20,0.0,0.0,0.0,0.0,1.0,0.0,0.17,255,255,1.0,0.0,0.0,0.0,0.0,0.0,0.0,0,13223.0
0,udp,domain_u,SF,46,83,0,0,0,0,0,0,0,274,0.0,0.0,0.0,0.0,1.0,0.0,0.0,255,206,0.81,0.01,0.0,0.0,0.0,0.0,0.0,0,8622.0
0,tcp,http,SF,54540,8314,0,2,1,1,0,0,0,6,0.0,0.0,0.0,0.0,1.0,0.0,0.0,43,43,1.0,0.0,0.02,0.0,0.0,0.0,0.05,1,101472.0
0,tcp,uucp,S0,0,0,0,0,0,0,0,0,0,148,1.0,1.0,0.0,0.0,0.03,0.06,0.0,255,4,0.02,0.06,0.0,0.0,1.0,1.0,0.0,1,53051.0
0,icmp,eco_i,SF,8,0,0,0,0,0,0,0,0,1,0.0,0.0,0.0,0.0,1.0,0.0,1.0,1,87,1.0,0.0,1.0,0.52,0.0,0.0,0.0,1,46293.0
0,tcp,http,SF,210,188,0,0,1,0,0,0,0,1,0.0,0.0,0.0,0.0,1.0,0.0,0.5,49,255,1.0,0.0,0.02,0.03,0.0,0.02,0.02,0,17501.0
0,tcp,private,S0,0,0,0,0,0,0,0,0,0,218,1.0,1.0,0.0,0.0,0.05,0.06,0.0,255,10,0.04,0.08,0.0,0.0,1.0,1.0,0.0,1,44411.0
0,tcp,time,RSTO,0,0,0,0,0,0,0,0,0,129,0.0,0.0,1.0,1.0,0.11,0.06,0.0,255,14,0.05,0.08,0.0,0.0,0.0,0.0,1.0,1,107111.0
5,tcp,smtp,SF,1763,338,0,0,1,0,0,0,0,1,0.0,0.0,0.0,0.0,1.0,0.0,1.0,83,137,0.34,0.05,0.01,0.01,0.0,0.0,0.0,0,98724.0
0,tcp,http,SF,315,405,0,0,1,0,0,0,0,1,0.0,0.0,0.0,0.0,1.0,0.0,0.15,4,255,1.0,0.0,0.25,0.04,0.0,0.0,0.0,0,35883.0
0,udp,private,SF,28,0,3,0,0,0,0,0,0,71,0.0,0.0,0.0,0.0,1.0,0.0,0.0,255,71,0.28,0.04,0.28,0.0,0.02,0.0,0.0,1,69830.0
0,tcp,finger,S0,0,0,0,0,0,0,0,0,0,22,1.0,1.0,0.0,0.0,0.5,0.09,0.0,182,54,0.28,0.02,0.01,0.04,1.0,0.94,0.0,1,20715.0
0,tcp,private,S0,0,0,0,0,0,0,0,0,0,131,1.0,1.0,0.0,0.0,0.11,0.06,0.0,42,7,0.17,0.17,0.02,0.0,1.0,1.0,0.0,1,28405.0
0,tcp,private,S0,0,0,0,0,0,0,0,0,0,128,1.0,1.0,0.0,0.0,0.15,0.07,0.0,255,14,0.05,0.07,0.0,0.0,1.0,1.0,0.0,1,34652.0
0,tcp,Z39_50,S0,0,0,0,0,0,0,0,0,0,265,1.0,1.0,0.0,0.0,0.01,0.05,0.0,255,3,0.01,0.05,0.0,0.0,1.0,1.0,0.0,1,95269.0
0,tcp,http,SF,226,9284,0,0,1,0,0,0,0,14,0.0,0.0,0.0,0.0,1.0,0.0,0.22,255,255,1.0,0.0,0.0,0.0,0.0,0.0,0.0,0,2642.0
0,tcp,private,S0,0,0,0,0,0,0,0,0,0,161,1.0,1.0,0.0,0.0,0.02,0.06,0.0,255,20,0.08,0.07,0.0,0.0,1.0,1.0,0.0,1,62018.0
0,tcp,http,SF,231,2239,0,0,1,0,0,0,0,2,0.0,0.0,0.0,0.0,1.0,0.0,0.0,255,255,1.0,0.0,0.0,0.0,0.0,0.0,0.0,0,1851.0
0,tcp,http,SF,219,3248,0,0,1,0,0,0,0,11,0.0,0.0,0.0,0.0,1.0,0.0,0.17,255,255,1.0,0.0,0.0,0.0,0.0,0.0,0.0,0,14273.0
459,tcp,other,RSTR,1,0,0,0,0,0,0,0,0,2,0.0,0.0,1.0,1.0,1.0,0.0,0.0,255,2,0.01,0.73,1.0,0.0,0.0,0.0,1.0,1,47838.0
0,tcp,gopher,S0,0,0,0,0,0,0,0,0,0,267,1.0,1.0,0.0,0.0,0.06,0.06,0.0,255,6,0.02,0.09,0.0,0.0,1.0,1.0,0.0,1,119630.0
0,tcp,netbios_ssn,S0,0,0,0,0,0,0,0,0,0,216,1.0,1.0,0.0,0.0,0.09,0.06,0.0,255,19,0.07,0.08,0.0,0.0,1.0,1.0,0.0,1,101731.0
0,tcp,http,SF,54540,8314,0,2,1,1,0,0,0,3,0.0,0.0,0.0,0.0,1.0,0.0,0.0,34,34,1.0,0.0,0.03,0.0,0.0,0.0,0.06,1,11852.0
0,tcp,private,REJ,0,0,0,0,0,0,0,0,0,227,0.0,0.0,1.0,1.0,0.05,0.06,0.0,255,11,0.04,0.06,0.0,0.0,0.0,0.0,1.0,1,114326.0
0,icmp,eco_i,SF,8,0,0,0,0,0,0,0,0,1,0.0,0.0,0.0,0.0,1.0,0.0,1.0,2,58,1.0,0.0,1.0,0.5,0.0,0.0,0.0,1,95456.0
0,tcp,exec,S0,0,0,0,0,0,0,0,0,0,91,1.0,1.0,0.0,0.0,0.02,0.07,0.0,255,2,0.01,0.05,0.0,0.0,1.0,1.0,0.0,1,61712.0
0,tcp,private,S0,0,0,0,0,0,0,0,0,0,150,1.0,1.0,0.0,0.0,0.07,0.05,0.0,101,11,0.11,0.07,0.01,0.0,1.0,1.0,0.0,1,82299.0
0,tcp,private,S0,0,0,0,0,0,0,0,0,0,145,1.0,1.0,0.0,0.0,0.12,0.06,0.0,255,6,0.02,0.06,0.0,0.0,1.0,1.0,0.0,1,2335.0
0,tcp,http,SF,276,359,0,0,1,0,0,0,0,2,0.0,0.0,0.0,0.0,1.0,0.0,0.0,2,14,1.0,0.0,0.5,0.14,0.0,0.0,0.0,0,19997.0
0,tcp,http,SF,364,236,0,0,1,0,0,0,0,33,0.0,0.0,0.0,0.0,1.0,0.0,0.0,255,255,1.0,0.0,0.0,0.0,0.0,0.0,0.0,0,5899.0
0,tcp,private,REJ,0,0,0,0,0,0,0,0,0,126,0.0,0.0,1.0,1.0,0.13,0.07,0.0,51,17,0.33,0.12,0.02,0.0,0.0,0.0,1.0,1,103178.0
0,tcp,http,SF,195,2013,0,0,1,0,0,0,0,9,0.0,0.0,0.0,0.0,1.0,0.0,0.2,217,255,1.0,0.0,0.0,0.02,0.0,0.0,0.0,0,83331.0
0,icmp,ecr_i,SF,1032,0,0,0,0,0,0,0,0,511,0.0,0.0,0.0,0.0,1.0,0.0,0.0,173,28,0.16,0.02,0.16,0.0,0.0,0.0,0.0,1,51441.0
1,tcp,smtp,SF,12973,1437,0,0,1,0,0,0,0,1,0.0,0.0,0.0,0.0,1.0,0.0,1.0,165,136,0.44,0.02,0.01,0.01,0.0,0.0,0.0,0,55878.0
0,udp,other,SF,146,0,0,0,0,0,0,0,0,3,0.0,0.0,0.0,0.0,0.33,0.67,0.0,255,4,0.02,0.67,0.95,0.0,0.0,0.0,0.0,0,49251.0
0,tcp,private,S0,0,0,0,0,0,0,0,0,0,199,1.0,1.0,0.0,0.0,0.05,0.05,0.0,255,9,0.04,0.07,0.0,0.0,1.0,1.0,0.0,1,30089.0
0,tcp,http,SF,262,351,0,0,1,0,0,0,0,2,0.0,0.0,0.0,0.0,1.0,0.0,0.0,255,255,1.0,0.0,0.0,0.0,0.0,0.0,0.0,0,102389.0
0,tcp,http,SF,377,2937,0,0,1,0,0,0,0,52,0.0,0.0,0.0,0.0,1.0,0.0,0.04,255,255,1.0,0.0,0.0,0.0,0.0,0.0,0.0,0,31947.0
0,tcp,http,SF,215,65776,0,0,1,0,0,0,0,11,0.0,0.0,0.0,0.0,1.0,0.0,0.0,11,255,1.0,0.0,0.09,0.03,0.0,0.0,0.0,0,70353.0
0,tcp,http,SF,228,1452,0,0,1,0,0,0,0,16,0.0,0.0,0.0,0.0,1.0,0.0,0.08,142,255,1.0,0.0,0.01,0.03,0.0,0.0,0.0,0,15311.0
0,tcp,smtp,SF,8812,372,0,0,1,0,0,0,0,2,0.0,0.0,0.0,0.0,0.5,1.0,0.0,22,132,0.73,0.14,0.05,0.02,0.0,0.3,0.0,0,2868.0
0,udp,domain_u,SF,45,73,0,0,0,0,0,0,0,235,0.0,0.0,0.0,0.0,1.0,0.0,0.0,255,254,1.0,0.01,0.0,0.0,0.0,0.0,0.0,0,61648.0
0,tcp,discard,S0,0,0,0,0,0,0,0,0,0,129,1.0,1.0,0.0,0.0,0.05,0.07,0.0,255,6,0.02,0.07,0.0,0.0,1.0,1.0,0.0,1,45266.0
0,tcp,http,SF,216,2424,0,0,1,0,0,0,0,8,0.0,0.0,0.0,0.0,1.0,0.0,0.0,255,255,1.0,0.0,0.0,0.0,0.0,0.0,0.0,0,124106.0
0,tcp,other,SF,4763,0,0,0,0,0,0,0,0,10,0.1,0.0,0.0,0.0,0.1,0.2,0.0,226,1,0.0,0.04,0.4,0.0,0.02,0.0,0.0,0,124955.0
27,tcp,ftp,SF,940,2720,0,19,1,0,0,0,0,2,0.0,0.0,0.0,0.0,0.5,1.0,0.0,25,2,0.08,0.16,0.04,0.0,0.0,0.0,0.0,0,29228.0
0,tcp,auth,S0,0,0,0,0,0,0,0,0,0,270,1.0,1.0,0.0,0.0,0.07,0.05,0.0,255,20,0.08,0.05,0.0,0.0,1.0,1.0,0.0,1,119670.0
0,tcp,smtp,SF,2361,328,0,0,1,0,0,0,0,1,0.0,0.0,0.0,0.0,1.0,0.0,1.0,103,119,0.31,0.05,0.01,0.03,0.03,0.01,0.0,0,5670.0
0,tcp,http,SF,308,3222,0,0,1,0,0,0,0,3,0.0,0.0,0.0,0.0,1.0,0.0,0.0,255,248,0.97,0.01,0.0,0.0,0.0,0.0,0.0,0,96099.0
0,tcp,supdup,S0,0,0,0,0,0,0,0,0,0,266,1.0,1.0,0.0,0.0,0.0,0.06,0.0,255,7,0.03,0.07,0.0,0.0,1.0,1.0,0.0,1,123341.0
0,tcp,netbios_ns,S0,0,0,0,0,0,0,0,0,0,244,1.0,1.0,0.0,0.0,0.04,0.07,0.0,255,9,0.04,0.08,0.0,0.0,1.0,1.0,0.0,1,2558.0
0,tcp,http,SF,280,6123,0,0,1,0,0,0,0,19,0.0,0.0,0.0,0.0,1.0,0.0,0.0,111,255,1.0,0.0,0.01,0.04,0.0,0.0,0.0,0,64604.0
0,tcp,smtp,SF,1012,331,0,0,1,0,0,0,0,1,0.0,0.0,0.0,0.0,1.0,0.0,0.0,23,21,0.91,0.13,0.04,0.0,0.0,0.0,0.0,0,7075.0
0,tcp,http,SF,285,1670,0,0,1,0,0,0,0,12,0.0,0.0,0.0,0.0,1.0,0.0,0.04,199,255,1.0,0.0,0.01,0.02,0.0,0.0,0.0,0,124865.0
0,tcp,ldap,S0,0,0,0,0,0,0,0,0,0,92,1.0,1.0,0.0,0.0,0.12,0.08,0.0,255,11,0.04,0.07,0.0,0.0,1.0,1.0,0.0,1,58387.0
0,tcp,smtp,SF,715,327,0,0,1,0,0,0,0,1,0.0,0.0,0.0,0.0,1.0,0.0,1.0,163,128,0.79,0.02,0.01,0.0,0.0,0.0,0.0,0,58718.0
0,tcp,ftp_data,SF,749,0,0,0,1,0,0,0,0,1,0.0,0.0,0.0,0.0,1.0,0.0,0.0,255,41,0.16,0.03,0.16,0.0,0.0,0.0,0.0,0,75429.0
0,tcp,auth,SF,10,39,0,0,0,0,0,0,0,1,0.0,0.0,0.0,0.0,1.0,0.0,0.0,125,2,0.02,0.06,0.01,0.0,0.0,0.0,0.0,0,59965.0
0,tcp,http,SF,203,1744,0,0,1,0,0,0,0,9,0.0,0.0,0.0,0.0,1.0,0.0,0.18,145,255,1.0,0.0,0.01,0.03,0.0,0.0,0.0,0,19334.0
1,tcp,smtp,SF,1428,323,0,0,1,0,0,0,0,1,0.0,0.0,0.0,0.0,1.0,0.0,1.0,106,206,0.6,0.03,0.01,0.01,0.0,0.0,0.0,0,109301.0
0,tcp,ftp_data,SF,245,0,0,0,0,0,0,0,0,2,0.0,0.0,0.0,0.0,1.0,0.0,0.0,45,63,0.33,0.11,0.16,0.03,0.0,0.0,0.0,0,63138.0
0,udp,domain_u,SF,44,128,0,0,0,0,0,0,0,57,0.0,0.0,0.0,0.0,1.0,0.0,0.01,115,200,0.87,0.02,0.87,0.01,0.0,0.0,0.0,0,64321.0
0,tcp,http,SF,229,4039,0,0,1,0,0,0,0,1,0.0,0.0,0.0,0.0,1.0,0.0,0.0,202,255,1.0,0.0,0.0,0.02,0.0,0.0,0.0,0,40899.0
0,tcp,smtp,SF,772,481,0,0,1,0,0,0,0,1,0.0,0.0,0.0,0.0,1.0,0.0,0.0,255,14,0.05,0.01,0.0,0.0,0.0,0.0,0.0,0,76575.0
0,icmp,urp_i,SF,181,0,0,0,0,0,0,0,0,2,0.0,0.0,0.0,0.0,0.5,1.0,0.0,255,99,0.39,0.01,0.49,0.0,0.0,0.0,0.0,0,67514.0
0,tcp,ftp_data,SF,607,0,0,0,0,0,0,0,0,1,0.0,0.0,0.0,0.0,1.0,0.0,0.0,154,29,0.19,0.03,0.19,0.0,0.0,0.0,0.0,0,48301.0
0,tcp,http,SF,296,7956,0,0,1,0,0,0,0,39,0.0,0.0,0.0,0.0,1.0,0.0,0.0,255,255,1.0,0.0,0.0,0.0,0.0,0.0,0.0,0,20817.0
0,tcp,uucp,S0,0,0,0,0,0,0,0,0,0,105,1.0,1.0,0.0,0.0,0.05,0.07,0.0,255,10,0.04,0.07,0.0,0.0,1.0,1.0,0.0,1,29257.0
0,tcp,http,SF,222,2477,0,0,1,0,0,0,0,10,0.0,0.0,0.0,0.0,1.0,0.0,0.18,50,255,1.0,0.0,0.02,0.02,0.0,0.0,0.0,0,55566.0
0,tcp,uucp,S0,0,0,0,0,0,0,0,0,0,100,1.0,1.0,0.0,0.0,0.02,0.06,0.0,255,2,0.01,0.05,0.0,0.0,1.0,1.0,0.0,1,571.0
0,tcp,http,SF,304,2785,0,0,1,0,0,0,0,10,0.0,0.0,0.0,0.0,1.0,0.0,0.07,255,255,1.0,0.0,0.0,0.0,0.0,0.0,0.0,0,18468.0
0,tcp,http_443,S0,0,0,0,0,0,0,0,0,0,129,1.0,1.0,0.0,0.0,0.13,0.06,0.0,255,17,0.07,0.07,0.0,0.0,1.0,1.0,0.0,1,123099.0
0,udp,private,SF,28,0,3,0,0,0,0,0,0,91,0.01,0.0,0.01,0.0,0.98,0.03,0.0,255,89,0.35,0.02,0.35,0.0,0.0,0.0,0.0,1,4251.0
0,tcp,private,S0,0,0,0,0,0,0,0,0,0,220,1.0,1.0,0.0,0.0,0.01,0.06,0.0,255,18,0.07,0.07,0.0,0.0,1.0,1.0,0.0,1,88756.0
0,tcp,smtp,S0,0,0,0,0,0,0,0,0,0,273,1.0,1.0,0.0,0.0,0.03,0.06,0.0,255,8,0.03,0.08,0.0,0.0,1.0,1.0,0.0,1,13336.0
0,tcp,http,SF,197,377,0,0,1,0,0,0,0,4,0.0,0.0,0.0,0.0,1.0,0.0,0.0,40,255,1.0,0.0,0.03,0.03,0.03,0.01,0.0,0,84354.0
0,udp,domain_u,SF,36,0,0,0,0,0,0,0,0,7,0.0,0.0,0.0,0.0,1.0,0.0,0.0,72,120,1.0,0.0,1.0,0.02,0.0,0.0,0.0,0,45511.0
0,udp,domain_u,SF,42,108,0,0,0,0,0,0,0,1,0.0,0.0,0.0,0.0,1.0,0.0,0.0,146,204,0.84,0.01,0.84,0.01,0.0,0.0,0.0,0,33402.0
0,tcp,http,SF,206,12090,0,0,1,0,0,0,0,5,0.0,0.0,0.0,0.0,1.0,0.0,0.33,6,255,1.0,0.0,0.17,0.04,0.0,0.0,0.0,0,71811.0
0,icmp,eco_i,SF,8,0,0,0,0,0,0,0,0,1,0.0,0.0,0.0,0.0,1.0,0.0,1.0,2,104,1.0,0.0,1.0,0.5,0.0,0.0,0.0,1,117141.0
0,tcp,private,S0,0,0,0,0,0,0,0,0,0,220,1.0,1.0,0.0,0.0,0.02,0.07,0.0,255,6,0.02,0.07,0.0,0.0,1.0,1.0,0.0,1,34583.0
0,tcp,http,SF,292,2043,0,0,1,0,0,0,0,3,0.0,0.0,0.0,0.0,1.0,0.0,0.06,16,231,1.0,0.0,0.06,0.03,0.0,0.0,0.0,0,48053.0
0,udp,other,SF,147,0,0,0,0,0,0,0,0,7,0.14,0.0,0.0,0.0,0.14,0.57,0.0,255,1,0.0,0.56,0.88,0.0,0.0,0.0,0.0,0,78166.0
0,tcp,private,S0,0,0,0,0,0,0,0,0,0,171,1.0,1.0,0.0,0.0,0.06,0.06,0.0,255,11,0.04,0.09,0.0,0.0,1.0,1.0,0.0,1,13771.0
0,tcp,vmnet,S0,0,0,0,0,0,0,0,0,0,227,1.0,1.0,0.0,0.0,0.03,0.06,0.0,255,14,0.05,0.08,0.0,0.0,1.0,1.0,0.0,1,23813.0
25,tcp,smtp,SF,683,331,0,0,1,0,0,0,0,1,0.0,0.0,0.0,0.0,1.0,0.0,1.0,213,163,0.7,0.03,0.0,0.01,0.0,0.0,0.0,0,116537.0
0,tcp,private,S0,0,0,0,0,0,0,0,0,0,97,1.0,1.0,0.0,0.0,0.11,0.06,0.0,255,13,0.05,0.06,0.0,0.0,1.0,1.0,0.0,1,32496.0
4,tcp,name,RSTR,0,0,0,0,0,0,0,0,0,53,0.0,0.0,1.0,1.0,0.04,0.55,0.0,255,2,0.01,0.12,0.21,0.0,0.0,0.0,1.0,1,5127.0
0,icmp,eco_i,SF,30,0,0,0,0,0,0,0,0,1,0.0,0.0,0.0,0.0,1.0,0.0,0.0,35,90,0.97,0.06,0.97,0.32,0.0,0.0,0.0,0,24940.0
0,tcp,http,SF,224,280,0,0,1,0,0,0,0,10,0.0,0.0,0.0,0.0,1.0,0.0,0.17,255,255,1.0,0.0,0.0,0.0,0.0,0.0,0.0,0,50403.0
0,tcp,private,S0,0,0,0,0,0,0,0,0,0,84,1.0,1.0,0.0,0.0,0.07,0.06,0.0,255,5,0.02,0.07,0.0,0.0,1.0,1.0,0.0,1,111503.0
0,tcp,http,SF,204,1600,0,0,1,0,0,0,0,4,0.0,0.0,0.0,0.0,1.0,0.0,0.4,255,255,1.0,0.0,0.0,0.0,0.0,0.0,0.0,0,62406.0
0,tcp,http,SF,239,371,0,0,1,0,0,0,0,5,0.0,0.0,0.0,0.0,1.0,0.0,0.0,22,255,1.0,0.0,0.05,0.05,0.0,0.0,0.0,0,110938.0
0,tcp,ftp_data,SF,31207,0,0,0,1,0,0,0,0,1,0.0,0.0,0.0,0.0,1.0,0.0,0.0,152,68,0.22,0.02,0.22,0.03,0.0,0.0,0.0,0,96483.0
0,tcp,private,S0,0,0,0,0,0,0,0,0,0,208,1.0,1.0,0.0,0.0,0.07,0.06,0.0,255,15,0.06,0.06,0.0,0.0,1.0,1.0,0.0,1,120755.0
0,tcp,ftp_data,SF,71,0,0,0,0,0,0,0,0,1,0.0,0.0,0.0,0.0,1.0,0.0,0.0,25,68,0.04,0.08,0.04,0.03,0.0,0.0,0.0,0,54322.0
0,tcp,http,SF,200,6529,0,0,1,0,0,0,0,23,0.0,0.0,0.0,0.0,1.0,0.0,0.0,149,255,1.0,0.0,0.01,0.02,0.0,0.0,0.0,0,19179.0
0,tcp,private,REJ,0,0,0,0,0,0,0,0,0,1,0.0,0.0,1.0,1.0,1.0,0.0,0.0,49,2,0.02,1.0,0.02,1.0,0.0,0.0,1.0,1,50135.0
0,tcp,bgp,REJ,0,0,0,0,0,0,0,0,0,126,0.0,0.0,1.0,1.0,0.02,0.07,0.0,255,3,0.01,0.07,0.0,0.0,0.0,0.0,1.0,1,95716.0
0,tcp,mtp,S0,0,0,0,0,0,0,0,0,0,195,1.0,1.0,0.0,0.0,0.03,0.07,0.0,255,5,0.02,0.08,0.0,0.0,1.0,1.0,0.0,1,76690.0
0,icmp,eco_i,SF,18,0,0,0,0,0,0,0,0,1,0.0,0.0,0.0,0.0,1.0,0.0,0.0,1,194,1.0,0.0,1.0,1.0,0.0,0.0,0.0,1,31161.0
0,tcp,auth,S0,0,0,0,0,0,0,0,0,0,291,1.0,1.0,0.0,0.0,0.05,0.05,0.0,255,10,0.04,0.07,0.0,0.0,1.0,1.0,0.0,1,72453.0
0,tcp,private,S0,0,0,0,0,0,0,0,0,0,196,1.0,1.0,0.0,0.0,0.05,0.06,0.0,255,20,0.08,0.06,0.0,0.0,1.0,1.0,0.0,1,21067.0
0,udp,domain_u,SF,46,128,0,0,0,0,0,0,0,127,0.0,0.0,0.0,0.0,1.0,0.0,0.02,255,254,1.0,0.01,0.0,0.0,0.0,0.0,0.0,0,116548.0
0,udp,domain_u,SF,45,128,0,0,0,0,0,0,0,66,0.0,0.0,0.0,0.0,0.98,0.03,0.01,255,228,0.89,0.01,0.0,0.0,0.0,0.0,0.0,0,116247.0
0,tcp,http,REJ,0,0,0,0,0,0,0,0,0,1,0.0,0.0,1.0,1.0,1.0,0.0,1.0,8,255,1.0,0.0,0.12,0.18,0.0,0.0,0.89,0,89307.0
0,tcp,private,S0,0,0,0,0,0,0,0,0,0,103,1.0,1.0,0.0,0.0,0.17,0.06,0.0,255,12,0.05,0.06,0.0,0.0,1.0,1.0,0.0,1,28589.0
0,tcp,vmnet,S0,0,0,0,0,0,0,0,0,0,296,1.0,1.0,0.0,0.0,0.06,0.05,0.0,255,18,0.07,0.06,0.0,0.0,1.0,1.0,0.0,1,105002.0
0,tcp,csnet_ns,S0,0,0,0,0,0,0,0,0,0,271,1.0,1.0,0.0,0.0,0.03,0.05,0.0,255,7,0.03,0.05,0.0,0.0,1.0,1.0,0.0,1,15345.0
0,tcp,private,S0,0,0,0,0,0,0,0,0,0,144,0.99,1.0,0.0,0.0,0.01,0.08,0.0,255,18,0.07,0.07,0.0,0.0,1.0,1.0,0.0,1,107339.0
0,udp,private,SF,1,0,0,0,0,0,0,0,0,12,0.0,0.0,0.0,0.0,0.08,0.42,0.0,255,1,0.0,0.7,0.39,0.0,0.0,0.0,0.0,1,76160.0
0,tcp,finger,S0,0,0,0,0,0,0,0,0,0,208,1.0,1.0,0.0,0.0,0.09,0.07,0.0,255,18,0.07,0.07,0.0,0.0,1.0,1.0,0.0,1,18456.0
0,tcp,http,SF,258,9886,0,0,1,0,0,0,0,1,0.0,0.0,0.0,0.0,1.0,0.0,0.0,71,156,1.0,0.0,0.01,0.02,0.0,0.0,0.0,0,38854.0
0,tcp,Z39_50,S0,0,0,0,0,0,0,0,0,0,223,1.0,1.0,0.0,0.0,0.01,0.07,0.0,255,3,0.01,0.07,0.0,0.0,1.0,1.0,0.0,1,75809.0
0,tcp,discard,S0,0,0,0,0,0,0,0,0,0,234,1.0,1.0,0.0,0.0,0.02,0.07,0.0,255,6,0.02,0.08,0.0,0.0,1.0,1.0,0.0,1,111971.0
0,tcp,telnet,S0,0,0,0,0,0,0,0,0,0,61,1.0,1.0,0.0,0.0,0.13,0.1,0.0,255,8,0.03,0.08,0.0,0.0,1.0,1.0,0.0,1,51718.0
0,tcp,http,SF,255,338,0,0,1,0,0,0,0,4,0.0,0.0,0.0,0.0,1.0,0.0,0.0,14,255,1.0,0.0,0.07,0.01,0.0,0.01,0.0,0,40060.0
0,tcp,http,SF,243,25728,0,0,1,0,0,0,0,12,0.0,0.0,0.0,0.0,1.0,0.0,0.0,255,255,1.0,0.0,0.0,0.0,0.01,0.01,0.0,0,83127.0
0,tcp,private,REJ,0,0,0,0,0,0,0,0,0,240,0.0,0.0,1.0,1.0,0.05,0.07,0.0,255,19,0.07,0.07,0.0,0.0,0.0,0.0,1.0,1,61452.0
0,tcp,private,S0,0,0,0,0,0,0,0,0,0,89,1.0,1.0,0.0,0.0,0.16,0.06,0.0,255,3,0.01,0.06,0.0,0.0,1.0,1.0,0.0,1,76277.0
0,tcp,http,SF,293,2854,0,0,1,0,0,0,0,25,0.0,0.0,0.0,0.0,1.0,0.0,0.0,255,255,1.0,0.0,0.0,0.0,0.0,0.0,0.0,0,38875.0
0,tcp,http,SF,268,1158,0,0,1,0,0,0,0,12,0.0,0.0,0.0,0.0,1.0,0.0,0.07,25,255,1.0,0.0,0.04,0.07,0.0,0.0,0.0,0,100946.0
0,tcp,http,SF,354,8658,0,0,1,0,0,0,0,9,0.0,0.0,0.0,0.0,1.0,0.0,0.0,255,255,1.0,0.0,0.0,0.0,0.0,0.0,0.0,0,18351.0
0,tcp,systat,S0,0,0,0,0,0,0,0,0,0,141,1.0,1.0,0.0,0.0,0.14,0.04,0.0,255,6,0.02,0.06,0.0,0.0,1.0,1.0,0.0,1,44204.0
0,tcp,http,SF,216,5905,0,0,1,0,0,0,0,3,0.0,0.0,0.0,0.0,1.0,0.0,0.0,131,255,1.0,0.0,0.01,0.02,0.0,0.0,0.0,0,4980.0
0,tcp,http,SF,268,2820,0,0,1,0,0,0,0,1,0.0,0.0,0.0,0.0,1.0,0.0,0.67,10,255,1.0,0.0,0.1,0.05,0.0,0.0,0.0,0,44511.0
0,tcp,other,SF,1363,0,0,0,1,0,0,0,0,16,0.06,0.0,0.0,0.0,0.06,0.19,0.0,53,1,0.02,0.11,0.53,0.0,0.02,0.0,0.0,0,116031.0
0,tcp,ftp_data,SF,884,0,0,0,0,0,0,0,0,2,0.0,0.0,0.0,0.0,1.0,0.0,0.0,13,6,0.46,0.23,0.46,0.0,0.0,0.0,0.0,0,2365.0
0,tcp,auth,REJ,0,0,0,0,0,0,0,0,0,223,0.0,0.0,1.0,1.0,0.01,0.06,0.0,255,3,0.01,0.07,0.0,0.0,0.0,0.0,1.0,1,17717.0
0,tcp,http,S0,0,0,0,0,0,0,0,0,0,23,1.0,1.0,0.0,0.0,0.43,0.17,0.0,255,62,0.24,0.02,0.01,0.0,1.0,1.0,0.0,1,22350.0
0,tcp,smtp,SF,950,331,0,0,1,0,0,0,0,2,0.0,0.0,0.0,0.0,1.0,0.0,0.67,178,159,0.68,0.03,0.01,0.01,0.0,0.0,0.0,0,6187.0
0,udp,other,SF,516,4,0,0,0,0,0,0,0,427,0.0,0.0,0.0,0.0,1.0,0.0,0.0,255,255,1.0,0.0,1.0,0.0,0.0,0.0,0.0,0,12767.0
0,tcp,http,SF,320,962,0,0,1,0,0,0,0,2,0.0,0.0,0.0,0.0,1.0,0.0,0.0,255,255,1.0,0.0,0.0,0.0,0.0,0.0,0.0,0,4111.0
0,tcp,http,SF,337,2214,0,0,1,0,0,0,0,3,0.0,0.0,0.0,0.0,1.0,0.0,0.33,181,255,1.0,0.0,0.01,0.01,0.0,0.0,0.01,0,55383.0
0,udp,domain_u,SF,44,130,0,0,0,0,0,0,0,97,0.0,0.0,0.0,0.0,1.0,0.0,0.01,255,255,1.0,0.0,0.0,0.0,0.0,0.0,0.0,0,24795.0
0,tcp,ftp_data,SF,26,0,0,0,1,0,0,0,0,1,0.0,0.0,0.0,0.0,1.0,0.0,0.0,255,19,0.07,0.06,0.07,0.0,0.6,0.0,0.0,0,59171.0
0,tcp,nnsp,S0,0,0,0,0,0,0,0,0,0,146,1.0,1.0,0.0,0.0,0.12,0.05,0.0,255,17,0.07,0.06,0.0,0.0,1.0,1.0,0.0,1,33235.0
27,tcp,ftp,SF,908,2720,0,19,1,0,0,0,0,1,0.0,0.0,0.0,0.0,1.0,0.0,0.0,125,17,0.14,0.57,0.01,0.0,0.0,0.0,0.06,0,74624.0
0,tcp,http,SF,54540,8314,0,2,1,1,0,0,0,2,0.0,0.0,0.0,0.0,1.0,0.0,0.0,58,58,1.0,0.0,0.02,0.0,0.0,0.0,0.02,1,102266.0
0,tcp,netbios_ssn,S0,0,0,0,0,0,0,0,0,0,265,1.0,1.0,0.0,0.0,0.07,0.06,0.0,255,1,0.0,0.07,0.0,0.0,1.0,1.0,0.0,1,33067.0
0,tcp,http,SF,293,1674,0,0,1,0,0,0,0,24,0.0,0.0,0.0,0.0,1.0,0.0,0.0,255,255,1.0,0.0,0.0,0.0,0.01,0.01,0.02,0,104935.0
0,tcp,http,SF,330,749,0,0,1,0,0,0,0,20,0.0,0.0,0.0,0.0,1.0,0.0,0.1,255,255,1.0,0.0,0.0,0.0,0.0,0.0,0.0,0,18458.0
0,tcp,private,S0,0,0,0,0,0,0,0,0,0,278,1.0,1.0,0.0,0.0,0.05,0.06,0.0,255,13,0.05,0.05,0.0,0.0,1.0,1.0,0.0,1,59335.0
0,tcp,private,S0,0,0,0,0,0,0,0,0,0,120,1.0,1.0,0.0,0.0,0.07,0.07,0.0,255,8,0.03,0.07,0.0,0.0,1.0,1.0,0.0,1,15580.0
0,tcp,exec,S0,0,0,0,0,0,0,0,0,0,97,1.0,1.0,0.0,0.0,0.04,0.06,0.0,255,4,0.02,0.06,0.0,0.0,1.0,1.0,0.0,1,26908.0
0,tcp,http,SF,330,447,0,0,1,0,0,0,0,1,0.0,0.0,0.0,0.0,1.0,0.0,0.0,6,255,1.0,0.0,0.17,0.01,0.0,0.0,0.0,0,5183.0
0,tcp,nntp,RSTO,0,0,0,0,0,0,0,0,0,219,0.0,0.0,1.0,1.0,0.03,0.07,0.0,255,6,0.02,0.07,0.0,0.0,0.0,0.0,1.0,1,38870.0
1,tcp,ftp,SF,1235,2451,0,28,1,0,0,0,0,1,0.0,0.0,0.0,0.0,1.0,0.0,0.0,255,49,0.19,0.02,0.0,0.0,0.03,0.0,0.0,1,26876.0
0,tcp,http,SF,297,498,0,0,1,0,0,0,0,14,0.0,0.0,0.0,0.0,1.0,0.0,0.13,255,255,1.0,0.0,0.0,0.0,0.0,0.0,0.0,0,56485.0
0,tcp,http,SF,230,7273,0,0,1,0,0,0,0,16,0.0,0.0,0.0,0.0,1.0,0.0,0.0,255,255,1.0,0.0,0.0,0.0,0.0,0.0,0.0,0,113496.0
0,tcp,finger,S0,0,0,0,0,0,0,0,0,0,283,1.0,1.0,0.0,0.0,0.03,0.06,0.0,255,9,0.04,0.09,0.0,0.0,1.0,1.0,0.0,1,24169.0
0,icmp,ecr_i,SF,520,0,0,0,0,0,0,0,0,146,0.0,0.0,0.0,0.0,1.0,0.0,0.0,255,255,1.0,0.0,1.0,0.0,0.0,0.0,0.0,1,95756.0
0,tcp,finger,S0,0,0,0,0,0,0,0,0,0,11,0.91,1.0,0.09,0.0,0.45,0.36,0.0,255,1,0.0,0.07,0.0,0.0,1.0,1.0,0.0,1,77345.0
0,icmp,ecr_i,SF,1032,0,0,0,0,0,0,0,0,270,0.0,0.0,0.0,0.0,1.0,0.0,0.0,123,29,0.24,0.06,0.24,0.0,0.02,0.0,0.0,1,12129.0
0,tcp,http,SF,324,4845,0,0,1,0,0,0,0,1,0.0,0.0,0.0,0.0,1.0,0.0,0.0,126,255,1.0,0.0,0.01,0.04,0.0,0.0,0.0,0,41019.0
0,icmp,eco_i,SF,18,0,0,0,0,0,0,0,0,1,0.0,0.0,0.0,0.0,1.0,0.0,0.0,1,93,1.0,0.0,1.0,1.0,0.0,0.0,0.0,1,73908.0
0,icmp,eco_i,SF,8,0,0,0,0,0,0,0,0,1,0.0,0.0,0.0,0.0,1.0,0.0,1.0,3,195,1.0,0.0,1.0,0.25,0.0,0.0,0.0,1,19932.0
15,tcp,telnet,SF,250,396336,0,0,1,0,0,0,0,1,0.0,0.0,0.0,0.0,1.0,0.0,0.0,100,12,0.12,0.71,0.01,0.0,0.0,0.0,0.08,0,87665.0
0,tcp,name,S0,0,0,0,0,0,0,0,0,0,286,1.0,1.0,0.0,0.0,0.05,0.06,0.0,255,3,0.01,0.07,0.0,0.0,1.0,1.0,0.0,1,77250.0
0,tcp,hostnames,S0,0,0,0,0,0,0,0,0,0,208,1.0,1.0,0.0,0.0,0.03,0.07,0.0,255,6,0.02,0.07,0.0,0.0,1.0,1.0,0.0,1,43893.0
0,tcp,csnet_ns,S0,0,0,0,0,0,0,0,0,0,116,1.0,1.0,0.0,0.0,0.16,0.06,0.0,255,15,0.06,0.07,0.0,0.0,1.0,1.0,0.0,1,111595.0
0,tcp,http,SF,215,4296,0,0,1,0,0,0,0,12,0.0,0.0,0.0,0.0,1.0,0.0,0.1,255,255,1.0,0.0,0.0,0.0,0.0,0.0,0.0,0,29946.0
0,udp,private,SF,28,0,3,0,0,0,0,0,0,54,0.0,0.0,0.0,0.0,1.0,0.0,0.0,255,54,0.21,0.01,0.21,0.0,0.0,0.0,0.0,1,107544.0
0,udp,domain_u,SF,44,75,0,0,0,0,0,0,0,106,0.0,0.0,0.0,0.0,1.0,0.0,0.0,255,255,1.0,0.0,0.01,0.0,0.0,0.0,0.0,0,120956.0
0,tcp,bgp,S0,0,0,0,0,0,0,0,0,0,271,1.0,1.0,0.0,0.0,0.03,0.06,0.0,255,8,0.03,0.06,0.0,0.0,1.0,1.0,0.0,1,23272.0
0,tcp,http,SF,315,1056,0,0,1,0,0,0,0,13,0.0,0.0,0.0,0.0,1.0,0.0,0.0,135,255,1.0,0.0,0.01,0.01,0.0,0.0,0.0,0,34750.0
0,udp,domain_u,SF,44,134,0,0,0,0,0,0,0,67,0.0,0.0,0.0,0.0,1.0,0.0,0.01,255,234,0.92,0.01,0.0,0.0,0.0,0.0,0.0,0,35138.0
1,tcp,systat,RSTOS0,0,0,0,0,0,0,0,0,0,222,0.64,0.5,0.36,0.5,0.01,0.42,0.0,255,2,0.01,0.36,0.87,0.0,0.55,0.5,0.5,1,1381.0
0,tcp,hostnames,S0,0,0,0,0,0,0,0,0,0,286,1.0,1.0,0.0,0.0,0.07,0.05,0.0,255,21,0.08,0.05,0.0,0.0,1.0,1.0,0.0,1,24322.0
15,udp,domain_u,SF,96,44,0,0,0,0,0,0,0,2,0.0,0.0,0.0,0.0,1.0,0.0,0.67,36,34,0.94,0.06,0.94,0.0,0.0,0.0,0.0,0,96251.0
0,udp,private,SF,1,0,0,0,0,0,0,0,0,19,0.0,0.0,0.0,0.0,0.89,0.11,0.0,255,20,0.08,0.22,1.0,0.0,0.0,0.0,0.0,1,39888.0
0,tcp,iso_tsap,S0,0,0,0,0,0,0,0,0,0,274,1.0,1.0,0.0,0.0,0.05,0.05,0.0,255,15,0.06,0.05,0.0,0.0,1.0,1.0,0.0,1,56380.0
0,tcp,private,REJ,0,0,0,0,0,0,0,0,0,75,0.0,0.0,1.0,1.0,0.15,0.07,0.0,255,11,0.04,0.07,0.0,0.0,0.0,0.0,1.0,1,82871.0
0,icmp,eco_i,SF,8,0,0,0,0,0,0,0,0,1,0.0,0.0,0.0,0.0,1.0,0.0,1.0,2,54,1.0,0.0,1.0,0.5,0.0,0.0,0.0,1,69693.0
4934,udp,other,SF,146,105,0,0,0,0,0,0,0,1,0.0,0.0,0.0,0.0,1.0,0.0,0.0,94,1,0.01,0.71,0.96,0.0,0.0,0.0,0.0,0,69951.0
0,udp,other,SF,147,0,0,0,0,0,0,0,0,3,0.0,0.0,0.0,0.0,0.33,0.67,0.0,255,1,0.0,0.65,0.96,0.0,0.0,0.0,0.0,0,15012.0
0,tcp,http,SF,209,5766,0,0,1,0,0,0,0,10,0.0,0.0,0.0,0.0,1.0,0.0,0.12,76,255,1.0,0.0,0.01,0.02,0.0,0.0,0.0,0,77412.0
0,udp,private,SF,1,0,0,0,0,0,0,0,0,56,0.0,0.0,0.0,0.0,0.52,0.07,0.0,255,94,0.37,0.06,1.0,0.0,0.0,0.0,0.0,1,52462.0
8,tcp,smtp,SF,1031,335,0,0,1,0,0,0,0,1,0.0,0.0,0.0,0.0,1.0,0.0,0.0,41,92,0.71,0.05,0.02,0.02,0.0,0.0,0.0,0,65143.0
4,tcp,telnet,SF,105,2259,0,0,1,0,0,0,0,1,0.0,0.0,0.0,0.0,1.0,0.0,0.0,111,3,0.02,0.05,0.01,0.67,0.0,0.0,0.0,0,73848.0
0,udp,domain_u,SF,44,100,0,0,0,0,0,0,0,154,0.0,0.0,0.0,0.0,1.0,0.0,0.0,255,254,1.0,0.01,0.0,0.0,0.0,0.0,0.0,0,92657.0
7,tcp,smtp,SF,1525,338,0,0,1,0,0,0,0,1,0.0,0.0,0.0,0.0,1.0,0.0,0.0,175,176,0.66,0.02,0.01,0.01,0.0,0.0,0.0,0,78332.0
28,tcp,ftp,SF,1062,3081,0,22,1,0,0,0,0,1,0.0,0.0,0.0,0.0,1.0,0.0,0.0,235,55,0.23,0.03,0.0,0.0,0.0,0.0,0.02,0,124916.0
0,tcp,http,S1,325,13140,0,0,1,0,0,0,0,9,0.11,0.11,0.0,0.0,1.0,0.0,0.0,29,255,1.0,0.0,0.03,0.07,0.03,0.01,0.0,0,36577.0
0,tcp,http,SF,237,2431,0,0,1,0,0,0,0,7,0.0,0.0,0.0,0.0,1.0,0.0,0.0,187,255,1.0,0.0,0.01,0.01,0.0,0.0,0.0,0,24669.0
0,tcp,http,S0,0,0,0,0,0,0,0,0,0,230,1.0,0.11,0.0,0.0,0.01,0.07,0.11,255,2,0.01,0.07,0.0,0.0,1.0,1.0,0.0,1,56340.0
0,tcp,http,SF,222,1179,0,0,1,0,0,0,0,6,0.0,0.0,0.0,0.0,1.0,0.0,0.0,10,255,1.0,0.0,0.1,0.05,0.0,0.0,0.03,0,65720.0
0,tcp,ftp_data,REJ,0,0,0,0,0,0,0,0,0,1,0.0,0.0,1.0,1.0,1.0,0.0,0.0,1,29,1.0,0.0,1.0,0.1,0.0,0.0,0.07,1,57963.0
0,udp,ntp_u,SF,48,48,0,0,0,0,0,0,0,2,0.0,0.0,0.0,0.0,0.5,1.0,0.0,35,10,0.29,0.09,0.29,0.0,0.0,0.0,0.0,0,85736.0
0,tcp,smtp,RSTO,0,0,0,0,0,0,0,0,0,1,0.0,0.0,1.0,1.0,1.0,0.0,0.0,109,159,0.5,0.04,0.01,0.01,0.0,0.0,0.06,0,87061.0
0,tcp,ftp_data,SF,567,0,0,0,1,0,0,6,0,1,0.0,0.0,0.0,0.0,1.0,0.0,0.67,194,63,0.3,0.04,0.3,0.03,0.0,0.0,0.0,0,95552.0
0,tcp,login,S0,0,0,0,0,0,0,0,0,0,142,1.0,1.0,0.0,0.0,0.06,0.05,0.0,255,9,0.04,0.05,0.0,0.0,1.0,1.0,0.0,1,71559.0
0,tcp,private,S0,0,0,0,0,0,0,0,0,0,224,1.0,1.0,0.0,0.0,0.06,0.07,0.0,255,15,0.06,0.05,0.0,0.0,1.0,1.0,0.0,1,118251.0
0,tcp,http,SF,213,2446,0,0,1,0,0,0,0,13,0.0,0.0,0.0,0.0,1.0,0.0,0.17,255,255,1.0,0.0,0.01,0.0,0.0,0.0,0.0,0,95542.0
0,tcp,discard,S0,0,0,0,0,0,0,0,0,0,286,1.0,1.0,0.0,0.0,0.03,0.06,0.0,255,9,0.04,0.07,0.0,0.0,1.0,1.0,0.0,1,96933.0
0,udp,tftp_u,SF,1,0,0,0,0,0,0,0,0,45,0.0,0.0,0.0,0.0,0.04,0.11,0.0,65,2,0.03,0.06,0.03,0.0,0.0,0.0,0.0,0,111459.0
0,tcp,http,SF,218,280,0,0,1,0,0,0,0,5,0.0,0.0,0.0,0.0,1.0,0.0,0.0,255,255,1.0,0.0,0.0,0.0,0.0,0.0,0.0,0,91843.0
0,icmp,ecr_i,SF,1032,0,0,0,0,0,0,0,0,511,0.0,0.0,0.0,0.0,1.0,0.0,0.0,255,128,0.5,0.01,0.5,0.0,0.0,0.0,0.0,1,94166.0
0,udp,domain_u,SF,44,75,0,0,0,0,0,0,0,112,0.0,0.0,0.0,0.0,1.0,0.0,0.0,255,255,1.0,0.0,0.01,0.0,0.0,0.0,0.0,0,123304.0
0,icmp,eco_i,SF,8,0,0,0,0,0,0,0,0,1,0.0,0.0,0.0,0.0,1.0,0.0,1.0,1,31,1.0,0.0,1.0,0.52,0.0,0.0,0.0,1,60531.0
0,udp,private,SF,28,0,3,0,0,0,0,0,0,82,0.01,0.0,0.0,0.0,0.99,0.02,0.0,255,81,0.32,0.01,0.32,0.0,0.0,0.0,0.0,1,79212.0
0,tcp,private,S0,0,0,0,0,0,0,0,0,0,267,1.0,1.0,0.0,0.0,0.04,0.06,0.0,255,10,0.04,0.06,0.0,0.0,1.0,1.0,0.0,1,73853.0
0,tcp,http,SF,326,1511,0,0,1,0,0,0,0,7,0.0,0.0,0.0,0.0,1.0,0.0,0.0,255,255,1.0,0.0,0.0,0.0,0.0,0.0,0.0,0,63911.0
0,icmp,ecr_i,SF,1032,0,0,0,0,0,0,0,0,511,0.0,0.0,0.0,0.0,1.0,0.0,0.0,255,228,0.89,0.01,0.89,0.0,0.0,0.0,0.0,1,94814.0
0,tcp,http,SF,329,1866,0,0,1,0,0,0,0,13,0.0,0.0,0.0,0.0,1.0,0.0,0.07,255,255,1.0,0.0,0.0,0.0,0.0,0.0,0.0,0,99843.0
0,tcp,ftp_data,SF,374,0,0,0,1,0,0,0,0,5,0.0,0.0,0.0,0.0,1.0,0.0,0.0,113,69,0.3,0.04,0.3,0.03,0.0,0.0,0.0,0,64706.0
0,tcp,http,SF,197,1509,0,0,1,0,0,0,0,9,0.0,0.0,0.0,0.0,1.0,0.0,0.0,95,236,1.0,0.0,0.01,0.01,0.0,0.0,0.0,0,121430.0
0,tcp,http,REJ,0,0,0,0,0,0,0,0,0,1,0.0,0.0,1.0,1.0,1.0,0.0,1.0,24,255,1.0,0.0,0.04,0.18,0.0,0.0,1.0,0,96233.0
0,tcp,http,REJ,0,0,0,0,0,0,0,0,0,242,0.0,0.0,1.0,1.0,0.06,0.07,0.0,255,15,0.06,0.07,0.0,0.0,0.0,0.0,1.0,1,49932.0
0,tcp,http,SF,230,1162,0,0,1,0,0,0,0,2,0.0,0.0,0.0,0.0,1.0,0.0,0.5,168,255,1.0,0.0,0.01,0.01,0.0,0.0,0.0,0,31727.0
0,tcp,auth,S0,0,0,0,0,0,0,0,0,0,102,1.0,1.0,0.0,0.0,0.02,0.07,0.0,255,1,0.0,0.08,0.0,0.0,1.0,1.0,0.0,1,80863.0
0,tcp,ftp_data,SF,1339,0,0,0,1,0,0,0,0,3,0.0,0.0,0.0,0.0,0.67,0.67,0.0,6,6,1.0,0.0,1.0,0.0,0.0,0.0,0.0,0,36334.0
0,tcp,http,SF,225,2649,0,0,1,0,0,0,0,1,0.0,0.0,0.0,0.0,1.0,0.0,0.0,237,255,1.0,0.0,0.0,0.01,0.0,0.0,0.0,0,5008.0
0,tcp,http,SF,385,774,0,0,1,0,0,0,0,6,0.0,0.0,0.0,0.0,1.0,0.0,0.18,182,255,1.0,0.0,0.01,0.01,0.0,0.0,0.0,0,37638.0
0,tcp,http,SF,339,1366,0,0,1,0,0,0,0,5,0.0,0.0,0.0,0.0,1.0,0.0,0.0,182,255,1.0,0.0,0.01,0.01,0.0,0.0,0.0,0,23444.0
0,tcp,kshell,S0,0,0,0,0,0,0,0,0,0,92,1.0,1.0,0.0,0.0,0.05,0.09,0.0,255,5,0.02,0.07,0.0,0.0,1.0,1.0,0.0,1,58248.0
0,tcp,smtp,SF,1034,328,0,0,1,0,0,0,0,1,0.0,0.0,0.0,0.0,1.0,0.0,0.0,139,86,0.55,0.04,0.01,0.02,0.0,0.0,0.0,0,100466.0
0,tcp,login,S0,0,0,0,0,0,0,0,0,0,104,1.0,1.0,0.0,0.0,0.21,0.06,0.0,255,22,0.09,0.06,0.0,0.0,1.0,1.0,0.0,1,113998.0
0,udp,domain_u,SF,46,145,0,0,0,0,0,0,0,55,0.0,0.0,0.0,0.0,1.0,0.0,0.02,255,239,0.94,0.01,0.0,0.0,0.0,0.0,0.0,0,100605.0
0,tcp,supdup,S0,0,0,0,0,0,0,0,0,0,131,1.0,1.0,0.0,0.0,0.13,0.08,0.0,255,17,0.07,0.07,0.0,0.0,1.0,1.0,0.0,1,25776.0
0,tcp,http,SF,233,3510,0,0,1,0,0,0,0,11,0.0,0.0,0.0,0.0,1.0,0.0,0.1,12,255,1.0,0.0,0.08,0.2,0.0,0.0,0.96,0,20595.0
0,tcp,private,S0,0,0,0,0,0,0,0,0,0,113,1.0,1.0,0.0,0.0,0.13,0.07,0.0,255,3,0.01,0.08,0.0,0.0,1.0,1.0,0.0,1,90167.0
0,tcp,http,SF,333,1948,0,0,1,0,0,0,0,1,0.0,0.0,0.0,0.0,1.0,0.0,0.0,11,255,1.0,0.0,0.09,0.06,0.0,0.0,0.0,0,5529.0
1,tcp,smtp,SF,11402,1569,0,0,1,0,0,0,0,1,0.0,0.0,0.0,0.0,1.0,0.0,1.0,73,37,0.51,0.08,0.01,0.0,0.03,0.0,0.0,0,120506.0
0,tcp,http,SF,54540,8314,0,2,1,1,0,0,0,4,0.0,0.0,0.0,0.0,1.0,0.0,0.0,74,74,1.0,0.0,0.01,0.0,0.0,0.0,0.19,1,15829.0
0,tcp,ftp_data,SF,59,0,0,0,1,0,0,0,0,6,0.0,0.0,0.0,0.0,1.0,0.0,0.29,40,17,0.4,0.1,0.4,0.12,0.0,0.0,0.0,0,53915.0
0,tcp,mtp,S0,0,0,0,0,0,0,0,0,0,287,1.0,1.0,0.0,0.0,0.08,0.05,0.0,255,22,0.09,0.05,0.0,0.0,1.0,1.0,0.0,1,81886.0
0,tcp,private,S0,0,0,0,0,0,0,0,0,0,130,1.0,1.0,0.0,0.0,0.11,0.06,0.0,255,12,0.05,0.07,0.0,0.0,1.0,1.0,0.0,1,109424.0
3209,udp,other,SF,145,105,0,0,0,0,0,0,0,1,0.0,0.0,0.0,0.0,1.0,0.0,0.0,255,1,0.0,0.13,0.19,0.0,0.0,0.0,0.0,0,10054.0
1,tcp,smtp,SF,1604,373,0,0,1,0,0,0,0,1,0.0,0.0,0.0,0.0,1.0,0.0,1.0,183,243,0.96,0.01,0.01,0.01,0.0,0.0,0.0,0,27015.0
0,tcp,http,SF,237,2325,0,0,1,0,0,0,0,5,0.0,0.0,0.0,0.0,1.0,0.0,0.0,255,255,1.0,0.0,0.0,0.0,0.0,0.0,0.0,0,110640.0
0,tcp,private,S0,0,0,0,0,0,0,0,0,0,142,1.0,1.0,0.0,0.0,0.11,0.06,0.0,255,8,0.03,0.06,0.0,0.0,1.0,1.0,0.0,1,490.0
0,tcp,courier,S0,0,0,0,0,0,0,0,0,0,123,1.0,1.0,0.0,0.0,0.09,0.06,0.0,255,11,0.04,0.05,0.0,0.0,1.0,1.0,0.0,1,93258.0
0,tcp,imap4,S0,0,0,0,0,0,0,0,0,0,164,1.0,1.0,0.0,0.0,0.11,0.07,0.0,255,18,0.07,0.07,0.0,0.0,1.0,1.0,0.0,1,73241.0
0,tcp,ldap,S0,0,0,0,0,0,0,0,0,0,31,1.0,1.0,0.0,0.0,0.19,0.16,0.0,255,6,0.02,0.08,0.0,0.0,1.0,1.0,0.0,1,23727.0
0,tcp,ftp_data,SF,567,0,0,0,1,0,0,6,0,1,0.0,0.0,0.0,0.0,1.0,0.0,0.0,1,75,1.0,0.0,1.0,0.04,0.0,0.0,0.0,0,63526.0
3,tcp,smtp,SF,1505,336,0,0,1,0,0,0,0,1,0.0,0.0,0.0,0.0,1.0,0.0,1.0,7,134,1.0,0.0,0.14,0.01,0.0,0.0,0.0,0,18687.0
0,tcp,http,SF,297,1423,0,0,1,0,0,0,0,22,0.0,0.0,0.0,0.0,1.0,0.0,0.0,22,255,1.0,0.0,0.05,0.02,0.0,0.0,0.0,0,1710.0
0,tcp,echo,S0,0,0,0,0,0,0,0,0,0,208,1.0,1.0,0.0,0.0,0.1,0.07,0.0,255,20,0.08,0.08,0.0,0.0,1.0,1.0,0.0,1,74492.0
0,tcp,http,SF,328,1656,0,0,1,0,0,0,0,4,0.0,0.0,0.0,0.0,1.0,0.0,0.0,4,255,1.0,0.0,0.25,0.01,0.0,0.0,0.0,0,73447.0
0,tcp,http,SF,325,1155,0,0,1,0,0,0,0,29,0.0,0.0,0.0,0.0,1.0,0.0,0.1,255,255,1.0,0.0,0.0,0.0,0.0,0.0,0.0,0,46329.0
0,tcp,uucp_path,S0,0,0,0,0,0,0,0,0,0,247,1.0,1.0,0.0,0.0,0.0,0.06,0.0,255,20,0.08,0.06,0.0,0.0,1.0,1.0,0.0,1,86971.0
4366,udp,other,SF,146,105,0,0,0,0,0,0,0,1,0.0,0.0,0.0,0.0,1.0,0.0,0.0,255,1,0.0,0.6,0.95,0.0,0.0,0.0,0.0,0,78277.0
0,tcp,echo,S0,0,0,0,0,0,0,0,0,0,42,1.0,1.0,0.0,0.0,0.05,0.12,0.0,255,13,0.05,0.07,0.0,0.0,1.0,1.0,0.0,1,121206.0
0,tcp,http,SF,217,7549,0,0,1,0,0,0,0,30,0.0,0.0,0.0,0.0,1.0,0.0,0.0,46,255,1.0,0.0,0.02,0.04,0.0,0.0,0.0,0,89876.0
0,icmp,urp_i,SF,78,0,0,0,0,0,0,0,0,27,0.0,0.0,0.0,0.0,0.19,0.07,0.0,255,13,0.05,0.01,0.05,0.0,0.0,0.0,0.0,0,33466.0
0,tcp,courier,S0,0,0,0,0,0,0,0,0,0,105,1.0,1.0,0.0,0.0,0.05,0.07,0.0,255,5,0.02,0.07,0.0,0.0,1.0,1.0,0.0,1,71796.0
0,tcp,http,SF,292,970,0,0,1,0,0,0,0,1,0.0,0.0,0.0,0.0,1.0,0.0,0.0,11,255,1.0,0.0,0.09,0.06,0.0,0.0,0.0,0,55397.0
0,tcp,ftp_data,SF,4542,0,0,0,0,0,0,0,0,1,0.0,0.0,0.0,0.0,1.0,0.0,0.0,15,30,0.53,0.2,0.53,0.07,0.0,0.0,0.0,0,99109.0
1,tcp,smtp,SF,2522,328,0,0,1,0,0,0,0,1,0.0,0.0,0.0,0.0,1.0,0.0,1.0,115,136,0.51,0.05,0.01,0.01,0.0,0.0,0.0,0,61326.0
0,tcp,uucp_path,S0,0,0,0,0,0,0,0,0,0,105,1.0,1.0,0.0,0.0,0.06,0.06,0.0,255,11,0.04,0.07,0.0,0.0,1.0,1.0,0.0,1,57836.0
0,tcp,other,REJ,0,0,0,0,0,0,0,0,0,511,0.44,0.0,0.56,1.0,0.0,1.0,0.0,255,1,0.0,1.0,0.0,0.0,0.52,0.0,1.0,1,22622.0
1,tcp,smtp,SF,1794,279,0,0,1,0,0,0,0,1,0.0,0.0,0.0,0.0,1.0,0.0,1.0,105,99,0.36,0.06,0.01,0.02,0.01,0.01,0.0,0,23738.0
0,tcp,private,S0,0,0,0,0,0,0,0,0,0,228,1.0,1.0,0.0,0.0,0.03,0.06,0.0,255,7,0.03,0.06,0.0,0.0,1.0,1.0,0.0,1,101667.0
0,tcp,ftp_data,S0,0,0,0,0,0,0,0,0,0,246,1.0,1.0,0.0,0.0,0.05,0.06,0.0,255,13,0.05,0.06,0.0,0.0,1.0,1.0,0.0,1,15710.0
0,icmp,eco_i,SF,8,0,0,0,0,0,0,0,0,1,0.0,0.0,0.0,0.0,1.0,0.0,1.0,1,89,1.0,0.0,1.0,0.26,0.0,0.0,0.0,1,93245.0
0,tcp,vmnet,S0,0,0,0,0,0,0,0,0,0,110,1.0,1.0,0.0,0.0,0.16,0.06,0.0,255,17,0.07,0.07,0.0,0.0,1.0,1.0,0.0,1,7298.0
0,tcp,http,SF,54540,8314,0,2,1,1,0,0,0,4,0.0,0.0,0.0,0.33,1.0,0.0,0.5,113,113,1.0,0.0,0.01,0.0,0.0,0.0,0.04,1,71676.0
0,tcp,finger,S0,0,0,0,0,0,0,0,0,0,32,1.0,1.0,0.0,0.0,0.31,0.12,0.0,255,40,0.16,0.05,0.02,0.0,1.0,1.0,0.0,1,76287.0
0,tcp,uucp,S0,0,0,0,0,0,0,0,0,0,120,1.0,1.0,0.0,0.0,0.08,0.06,0.0,255,10,0.04,0.05,0.0,0.0,1.0,1.0,0.0,1,22119.0
0,tcp,telnet,S0,0,0,0,0,0,0,0,0,0,57,1.0,1.0,0.0,0.0,0.23,0.07,0.0,255,60,0.24,0.02,0.01,0.0,1.0,1.0,0.0,1,58095.0
0,tcp,http,SF,338,4218,0,0,1,0,0,0,0,4,0.0,0.0,0.0,0.0,1.0,0.0,0.0,46,255,1.0,0.0,0.02,0.04,0.0,0.0,0.0,0,75057.0
0,tcp,http,SF,200,12640,0,0,1,0,0,0,0,2,0.0,0.0,0.0,0.0,1.0,0.0,0.25,255,255,1.0,0.0,0.0,0.0,0.0,0.0,0.0,0,29218.0
778,udp,other,SF,147,105,0,0,0,0,0,0,0,1,0.0,0.0,0.0,0.0,1.0,0.0,0.0,255,1,0.0,0.63,0.88,0.0,0.0,0.0,0.0,0,4214.0
0,tcp,http,SF,205,465,0,0,1,0,0,0,0,3,0.0,0.0,0.0,0.0,1.0,0.0,0.5,3,255,1.0,0.0,0.33,0.03,0.0,0.0,0.0,0,5495.0
4,udp,domain_u,SF,57,42,0,0,0,0,0,0,0,2,0.0,0.0,0.0,0.0,1.0,0.0,0.4,168,157,0.93,0.02,0.07,0.0,0.0,0.0,0.0,0,15257.0
0,tcp,http,SF,334,667,0,0,1,0,0,0,0,3,0.0,0.0,0.0,0.0,1.0,0.0,0.0,255,255,1.0,0.0,0.0,0.0,0.0,0.0,0.0,0,21156.0
0,tcp,private,S0,0,0,0,0,0,0,0,0,0,269,1.0,1.0,0.0,0.0,0.04,0.05,0.0,227,10,0.04,0.06,0.0,0.0,0.99,1.0,0.0,1,40779.0
0,tcp,http,SF,205,3048,0,0,1,0,0,0,0,6,0.17,0.17,0.0,0.0,1.0,0.0,0.0,255,255,1.0,0.0,0.0,0.0,0.01,0.01,0.02,0,82421.0
0,tcp,http,SF,291,1976,0,0,1,0,0,0,0,18,0.0,0.0,0.0,0.0,1.0,0.0,0.0,42,255,1.0,0.0,0.02,0.04,0.0,0.0,0.0,0,120914.0
0,tcp,http,REJ,0,0,0,0,0,0,0,0,0,1,0.0,0.0,1.0,1.0,1.0,0.0,0.0,7,255,1.0,0.0,0.14,0.22,0.0,0.0,0.99,0,2749.0
0,tcp,private,REJ,0,0,0,0,0,0,0,0,0,121,0.0,0.0,1.0,1.0,0.1,0.07,0.0,46,12,0.26,0.13,0.02,0.0,0.0,0.0,1.0,1,40316.0
0,tcp,finger,SF,5,19,0,0,0,0,0,0,0,2,0.0,0.0,0.0,0.0,0.5,1.0,0.0,255,1,0.0,0.31,0.0,0.0,0.0,0.0,0.0,1,25739.0
0,tcp,http,SF,238,652,0,0,1,0,0,0,0,19,0.0,0.0,0.0,0.0,1.0,0.0,0.0,52,255,1.0,0.0,0.02,0.07,0.0,0.0,0.0,0,76248.0
0,tcp,http,SF,189,88696,0,0,1,0,0,0,0,5,0.0,0.0,0.0,0.0,1.0,0.0,0.27,5,255,1.0,0.0,0.2,0.02,0.0,0.0,0.0,0,59382.0
0,tcp,private,S0,0,0,0,0,0,0,0,0,0,299,1.0,1.0,0.0,0.0,0.06,0.06,0.0,255,2,0.01,0.08,0.0,0.0,1.0,1.0,0.0,1,43365.0
0,tcp,http,SF,275,833,0,0,1,0,0,0,0,4,0.0,0.0,0.0,0.0,1.0,0.0,0.0,175,255,1.0,0.0,0.01,0.02,0.0,0.0,0.0,0,19271.0
0,tcp,bgp,S0,0,0,0,0,0,0,0,0,0,233,1.0,1.0,0.0,0.0,0.07,0.06,0.0,255,17,0.07,0.08,0.0,0.0,1.0,1.0,0.0,1,82298.0
2,tcp,smtp,SF,1019,335,0,0,1,0,0,0,0,1,0.0,0.0,0.0,0.0,1.0,0.0,0.0,178,130,0.51,0.03,0.01,0.02,0.01,0.02,0.0,0,49827.0
0,tcp,private,S0,0,0,0,0,0,0,0,0,0,132,1.0,1.0,0.0,0.0,0.08,0.05,0.0,255,11,0.04,0.04,0.0,0.0,1.0,1.0,0.0,1,64889.0
0,tcp,telnet,S0,0,0,0,0,0,0,0,0,0,38,1.0,1.0,0.0,0.0,0.13,0.11,0.0,255,47,0.18,0.03,0.01,0.0,1.0,1.0,0.0,1,84191.0
0,udp,domain_u,SF,44,72,0,0,0,0,0,0,0,320,0.0,0.0,0.0,0.0,1.0,0.0,0.0,255,255,1.0,0.0,0.0,0.0,0.0,0.0,0.0,0,37787.0
0,tcp,http,SF,156,11431,0,0,1,0,0,0,0,1,0.0,0.0,0.0,0.0,1.0,0.0,0.0,15,255,1.0,0.0,0.07,0.04,0.0,0.0,0.0,0,14663.0
0,tcp,http,SF,300,1232,0,0,1,0,0,0,0,14,0.0,0.0,0.0,0.0,1.0,0.0,0.13,255,255,1.0,0.0,0.0,0.0,0.0,0.0,0.0,0,105800.0
0,tcp,ftp_data,SF,11,0,0,0,1,0,0,0,0,2,0.0,0.0,0.0,0.0,1.0,0.0,0.0,48,55,0.08,0.06,0.08,0.04,0.02,0.0,0.0,0,111512.0
0,tcp,http,SF,244,1603,0,0,1,0,0,0,0,5,0.0,0.0,0.0,0.0,1.0,0.0,0.0,5,255,1.0,0.0,0.2,0.04,0.0,0.0,0.0,0,92346.0
0,tcp,private,S0,0,0,0,0,0,0,0,0,0,54,1.0,1.0,0.0,0.0,0.31,0.07,0.0,255,17,0.07,0.05,0.0,0.0,1.0,1.0,0.0,1,577.0
0,tcp,private,REJ,0,0,0,0,0,0,0,0,0,84,0.0,0.0,1.0,1.0,0.18,0.06,0.0,255,15,0.06,0.05,0.0,0.0,0.0,0.0,1.0,1,62492.0
0,tcp,http,SF,244,1185,0,0,1,0,0,0,0,3,0.0,0.0,0.0,0.0,1.0,0.0,0.4,32,255,1.0,0.0,0.03,0.01,0.0,0.0,0.0,0,49833.0
0,tcp,telnet,S0,0,0,0,0,0,0,0,0,0,2,1.0,1.0,0.0,0.0,1.0,0.0,0.0,4,4,1.0,0.0,0.25,0.0,0.5,0.5,0.0,1,99623.0
0,udp,domain_u,SF,44,136,0,0,0,0,0,0,0,74,0.0,0.0,0.0,0.0,1.0,0.0,0.01,255,254,1.0,0.01,0.0,0.0,0.0,0.0,0.0,0,48666.0
0,tcp,mtp,S0,0,0,0,0,0,0,0,0,0,233,1.0,1.0,0.0,0.0,0.03,0.06,0.0,255,7,0.03,0.07,0.0,0.0,1.0,1.0,0.0,1,97240.0
2,tcp,smtp,SF,2032,332,0,0,1,0,0,0,0,1,0.0,0.0,0.0,0.0,1.0,0.0,1.0,136,142,0.48,0.04,0.01,0.01,0.0,0.0,0.0,0,118830.0
0,tcp,http,SF,271,15947,0,0,1,0,0,0,0,1,0.0,0.0,0.0,0.0,1.0,0.0,0.0,27,255,1.0,0.0,0.04,0.01,0.0,0.0,0.0,0,105863.0
0,icmp,ecr_i,SF,520,0,0,0,0,0,0,0,0,98,0.0,0.0,0.0,0.0,1.0,0.0,0.0,255,255,1.0,0.0,1.0,0.0,0.0,0.0,0.0,1,93727.0
0,tcp,http,SF,326,600,0,0,1,0,0,0,0,8,0.0,0.0,0.0,0.0,1.0,0.0,0.0,84,255,1.0,0.0,0.01,0.04,0.0,0.0,0.0,0,123235.0
0,tcp,http,SF,235,2251,0,0,1,0,0,0,0,13,0.0,0.0,0.0,0.0,1.0,0.0,0.0,37,255,1.0,0.0,0.03,0.02,0.0,0.0,0.09,0,22213.0
0,tcp,http,SF,148,2523,0,0,1,0,0,0,0,2,0.0,0.0,0.0,0.0,1.0,0.0,0.0,2,255,1.0,0.0,0.5,0.05,0.0,0.0,0.0,0,32392.0
0,tcp,uucp_path,REJ,0,0,0,0,0,0,0,0,0,261,0.0,0.0,1.0,1.0,0.05,0.06,0.0,255,13,0.05,0.07,0.0,0.0,0.0,0.0,1.0,1,114527.0
5,tcp,smtp,SF,788,330,0,0,1,0,0,0,0,2,0.0,0.0,0.0,0.0,1.0,0.0,0.0,44,104,0.91,0.05,0.02,0.02,0.0,0.0,0.0,0,67407.0
0,udp,domain_u,SF,43,72,0,0,0,0,0,0,0,196,0.0,0.0,0.0,0.0,1.0,0.0,0.0,255,255,1.0,0.0,0.01,0.0,0.0,0.0,0.0,0,59087.0
0,udp,private,SF,1,0,0,0,0,0,0,0,0,1,0.0,0.0,0.0,0.0,1.0,0.0,0.0,255,1,0.0,1.0,0.0,0.0,0.22,0.0,0.0,1,4352.0
0,udp,domain_u,SF,45,126,0,0,0,0,0,0,0,192,0.0,0.0,0.0,0.0,0.99,0.01,0.0,81,48,0.59,0.02,0.01,0.0,0.0,0.0,0.0,0,3639.0
0,tcp,ftp_data,SF,879,0,0,0,1,0,0,0,0,14,0.0,0.0,0.0,0.0,1.0,0.0,0.0,255,128,0.5,0.02,0.5,0.0,0.0,0.0,0.0,0,2047.0
0,tcp,private,REJ,0,0,0,0,0,0,0,0,0,137,0.0,0.0,1.0,1.0,0.11,0.07,0.0,255,13,0.05,0.06,0.0,0.0,0.0,0.0,1.0,1,12482.0
0,tcp,http,SF,214,9673,0,0,1,0,0,0,0,10,0.0,0.0,0.0,0.0,1.0,0.0,0.0,255,255,1.0,0.0,0.0,0.0,0.0,0.0,0.0,0,13276.0
0,icmp,urp_i,SF,181,0,0,0,0,0,0,0,0,2,0.0,0.0,0.0,0.0,0.5,1.0,0.0,255,112,0.44,0.01,0.55,0.0,0.0,0.0,0.0,0,81151.0
0,tcp,http,SF,295,588,0,0,1,0,0,0,0,3,0.0,0.0,0.0,0.0,1.0,0.0,0.13,3,255,1.0,0.0,0.33,0.04,0.0,0.0,0.0,0,6637.0
0,tcp,netbios_ns,S0,0,0,0,0,0,0,0,0,0,240,1.0,1.0,0.0,0.0,0.01,0.07,0.0,255,2,0.01,0.07,0.0,0.0,1.0,1.0,0.0,1,37812.0
0,udp,domain_u,SF,37,37,0,0,0,0,0,0,0,2,0.0,0.0,0.0,0.0,1.0,0.0,0.67,255,240,0.94,0.01,0.0,0.0,0.0,0.0,0.0,0,27510.0
0,icmp,ecr_i,SF,1032,0,0,0,0,0,0,0,0,137,0.0,0.0,0.0,0.0,1.0,0.0,0.0,255,137,0.54,0.01,0.54,0.0,0.0,0.0,0.0,1,79115.0
0,tcp,ftp_data,SF,383,0,0,0,0,0,0,0,0,3,0.0,0.0,0.0,0.0,0.67,0.67,0.0,25,21,0.84,0.12,0.84,0.0,0.0,0.0,0.0,0,88403.0
1,tcp,smtp,SF,1386,328,0,0,1,0,0,0,0,1,0.0,0.0,0.0,0.0,1.0,0.0,1.0,183,99,0.54,0.02,0.01,0.0,0.0,0.0,0.0,0,2395.0
0,tcp,private,S0,0,0,0,0,0,0,0,0,0,24,1.0,1.0,0.0,0.0,0.46,0.17,0.0,255,11,0.04,0.08,0.0,0.0,1.0,1.0,0.0,1,111089.0
0,tcp,http,SF,209,753,0,0,1,0,0,0,0,19,0.0,0.0,0.0,0.0,1.0,0.0,0.0,255,255,1.0,0.0,0.0,0.0,0.0,0.0,0.0,0,64470.0
0,tcp,http,SF,226,1301,0,0,1,0,0,0,0,5,0.0,0.0,0.0,0.0,1.0,0.0,0.0,14,255,1.0,0.0,0.07,0.03,0.0,0.0,0.0,0,343.0
0,icmp,ecr_i,SF,520,0,0,0,0,0,0,0,0,8,0.0,0.0,0.0,0.0,1.0,0.0,0.0,255,255,1.0,0.0,1.0,0.0,0.0,0.0,0.0,1,8698.0
0,tcp,csnet_ns,S0,0,0,0,0,0,0,0,0,0,189,1.0,1.0,0.0,0.0,0.01,0.06,0.0,255,2,0.01,0.06,0.0,0.0,1.0,1.0,0.0,1,102139.0
1,tcp,smtp,SF,726,337,0,0,1,0,0,0,0,1,0.0,0.0,0.0,0.0,1.0,0.0,1.0,213,131,0.62,0.03,0.0,0.0,0.0,0.0,0.02,0,83423.0
0,tcp,http,SF,326,2238,0,0,1,0,0,0,0,5,0.0,0.0,0.0,0.0,1.0,0.0,0.0,20,255,1.0,0.0,0.05,0.03,0.05,0.01,0.0,0,3669.0
0,udp,private,SF,105,0,0,0,0,0,0,0,0,2,0.0,0.0,0.0,0.0,1.0,0.0,0.0,28,24,0.86,0.07,0.07,0.0,0.0,0.0,0.0,0,30178.0
0,tcp,private,S0,0,0,0,0,0,0,0,0,0,134,1.0,1.0,0.0,0.0,0.08,0.07,0.0,255,11,0.04,0.05,0.0,0.0,1.0,1.0,0.0,1,8187.0
0,tcp,http,SF,270,1588,0,0,1,0,0,0,0,4,0.0,0.0,0.0,0.0,1.0,0.0,0.29,130,255,1.0,0.0,0.01,0.01,0.0,0.0,0.0,0,116077.0
0,tcp,http_443,REJ,0,0,0,0,0,0,0,0,0,143,0.0,0.0,1.0,1.0,0.1,0.06,0.0,255,8,0.03,0.07,0.0,0.0,0.0,0.0,1.0,1,67599.0
2,tcp,ftp_data,SF,2194619,0,0,0,1,0,0,0,0,2,0.0,0.0,0.0,0.0,1.0,0.0,0.0,50,6,0.12,0.08,0.12,0.0,0.0,0.0,0.0,0,46671.0
0,tcp,private,S0,0,0,0,0,0,0,0,0,0,31,1.0,1.0,0.0,0.0,0.1,0.13,0.0,255,3,0.01,0.08,0.0,0.0,1.0,1.0,0.0,1,50066.0
12,udp,private,SF,105,145,0,0,0,0,0,0,0,2,0.0,0.0,0.0,0.0,1.0,0.0,0.0,255,224,0.88,0.01,0.01,0.0,0.0,0.0,0.0,0,121373.0
2,tcp,smtp,SF,877,330,0,0,1,0,0,0,0,1,0.0,0.0,0.0,0.0,1.0,0.0,1.0,84,202,0.95,0.02,0.01,0.01,0.0,0.0,0.0,0,56143.0
3,tcp,smtp,SF,561,280,0,0,1,0,0,0,0,1,0.0,0.0,0.0,0.0,1.0,0.0,1.0,128,179,0.57,0.04,0.01,0.01,0.0,0.0,0.0,0,116919.0
0,tcp,private,REJ,0,0,0,0,0,0,0,0,0,126,0.0,0.0,1.0,1.0,0.1,0.07,0.0,255,13,0.05,0.07,0.0,0.0,0.0,0.0,1.0,1,21204.0
0,tcp,private,S0,0,0,0,0,0,0,0,0,0,223,1.0,1.0,0.0,0.0,0.01,0.06,0.0,255,19,0.07,0.08,0.0,0.0,1.0,1.0,0.0,1,82444.0
0,tcp,domain,S0,0,0,0,0,0,0,0,0,0,220,1.0,1.0,0.0,0.0,0.01,0.07,0.0,255,3,0.01,0.09,0.0,0.0,1.0,1.0,0.0,1,96407.0
0,tcp,nnsp,S0,0,0,0,0,0,0,0,0,0,102,1.0,1.0,0.0,0.0,0.13,0.06,0.0,255,13,0.05,0.05,0.0,0.0,1.0,1.0,0.0,1,1363.0
0,udp,private,SF,28,0,3,0,0,0,0,0,0,85,0.01,0.0,0.0,0.0,0.99,0.02,0.0,255,84,0.33,0.01,0.33,0.0,0.0,0.0,0.0,1,34619.0
0,udp,domain_u,SF,44,135,0,0,0,0,0,0,0,278,0.0,0.0,0.0,0.0,1.0,0.0,0.0,255,251,0.98,0.01,0.0,0.0,0.0,0.0,0.0,0,123087.0
0,tcp,private,REJ,0,0,0,0,0,0,0,0,0,122,0.0,0.0,1.0,1.0,0.03,0.07,0.0,255,12,0.05,0.07,0.0,0.0,0.0,0.0,1.0,1,109000.0
0,tcp,auth,REJ,0,0,0,0,0,0,0,0,0,216,0.0,0.0,1.0,1.0,0.04,0.06,0.0,255,8,0.03,0.08,0.0,0.0,0.0,0.0,1.0,1,2624.0
0,udp,domain_u,SF,43,78,0,0,0,0,0,0,0,276,0.0,0.0,0.0,0.0,1.0,0.01,0.01,255,248,0.97,0.01,0.0,0.0,0.0,0.0,0.0,0,33945.0
0,tcp,http,S0,0,0,0,0,0,0,0,0,0,7,1.0,1.0,0.0,0.0,0.29,0.43,0.0,255,62,0.24,0.02,0.0,0.0,1.0,1.0,0.0,1,50009.0
0,tcp,http,SF,332,1000,0,0,1,0,0,0,0,8,0.0,0.0,0.0,0.0,1.0,0.0,0.0,255,255,1.0,0.0,0.0,0.0,0.0,0.0,0.0,0,62349.0
0,tcp,http,SF,200,2536,0,0,1,0,0,0,0,19,0.0,0.0,0.0,0.0,1.0,0.0,0.0,255,255,1.0,0.0,0.0,0.0,0.0,0.0,0.0,0,75275.0
0,tcp,http,SF,204,1418,0,0,1,0,0,0,0,8,0.0,0.0,0.0,0.0,1.0,0.0,0.0,67,255,1.0,0.0,0.01,0.06,0.0,0.0,0.0,0,60889.0
0,icmp,ecr_i,SF,1032,0,0,0,0,0,0,0,0,511,0.0,0.0,0.0,0.0,1.0,0.0,0.0,255,11,0.04,0.05,0.04,0.0,0.38,0.0,0.0,1,39591.0
0,tcp,smtp,SF,870,336,0,0,1,0,0,0,0,1,0.0,0.0,0.0,0.0,1.0,0.0,0.0,142,192,0.8,0.02,0.01,0.01,0.0,0.0,0.0,0,61617.0
0,tcp,uucp,S0,0,0,0,0,0,0,0,0,0,127,1.0,1.0,0.0,0.0,0.14,0.06,0.0,255,18,0.07,0.05,0.0,0.0,1.0,1.0,0.0,1,109435.0
0,tcp,private,REJ,0,0,0,0,0,0,0,0,0,136,0.0,0.0,1.0,1.0,0.13,0.06,0.0,255,16,0.06,0.07,0.0,0.0,0.0,0.0,1.0,1,31631.0
0,tcp,http,REJ,0,0,0,0,0,0,0,0,0,1,0.0,0.0,1.0,1.0,1.0,0.0,0.0,6,255,1.0,0.0,0.17,0.22,0.0,0.0,0.96,0,41108.0
0,tcp,time,S0,0,0,0,0,0,0,0,0,0,206,1.0,1.0,0.0,0.0,0.02,0.07,0.0,255,8,0.03,0.07,0.0,0.0,1.0,1.0,0.0,1,93349.0
0,tcp,ctf,S0,0,0,0,0,0,0,0,0,0,131,1.0,1.0,0.0,0.0,0.18,0.05,0.0,255,23,0.09,0.05,0.0,0.0,1.0,1.0,0.0,1,120058.0
0,icmp,eco_i,SF,8,0,0,0,0,0,0,0,0,1,0.0,0.0,0.0,0.0,1.0,0.0,1.0,1,86,1.0,0.0,1.0,0.51,0.0,0.0,0.0,1,112266.0
0,icmp,eco_i,SF,8,0,0,0,0,0,0,0,0,1,0.0,0.0,0.0,0.0,1.0,0.0,1.0,1,61,1.0,0.0,1.0,0.51,0.0,0.0,0.0,1,101208.0
0,tcp,other,REJ,0,0,0,0,0,0,0,0,0,343,0.09,0.0,0.9,1.0,0.0,1.0,0.0,255,1,0.0,1.0,0.0,0.0,0.09,0.0,1.0,1,112935.0
16,tcp,private,RSTR,0,0,0,0,0,0,0,0,0,1,0.0,0.0,1.0,1.0,1.0,0.0,0.0,255,1,0.0,1.0,1.0,0.0,0.0,0.0,1.0,1,100138.0
0,tcp,smtp,SF,1354,436,0,0,1,0,0,0,0,1,0.0,0.0,0.0,0.0,1.0,0.0,1.0,255,32,0.13,0.06,0.0,0.0,0.0,0.0,0.0,0,96220.0
0,icmp,eco_i,SF,8,0,0,0,0,0,0,0,0,1,0.0,0.0,0.0,0.0,1.0,0.0,1.0,2,68,1.0,0.0,1.0,0.5,0.0,0.0,0.0,1,38787.0
0,tcp,finger,S0,0,0,0,0,0,0,0,0,0,16,1.0,1.0,0.0,0.0,0.31,0.25,0.0,255,64,0.25,0.02,0.01,0.0,1.0,1.0,0.0,1,7284.0
0,tcp,uucp,S0,0,0,0,0,0,0,0,0,0,132,1.0,1.0,0.0,0.0,0.02,0.07,0.0,255,3,0.01,0.08,0.0,0.0,1.0,1.0,0.0,1,34269.0
0,tcp,whois,S0,0,0,0,0,0,0,0,0,0,123,1.0,1.0,0.0,0.0,0.19,0.06,0.0,255,2,0.01,0.06,0.0,0.0,1.0,1.0,0.0,1,125000.0
0,tcp,http,SF,318,1002,0,0,1,0,0,0,0,4,0.0,0.0,0.0,0.0,1.0,0.0,0.0,60,255,1.0,0.0,0.02,0.02,0.0,0.01,0.0,0,12908.0
0,tcp,private,S0,0,0,0,0,0,0,0,0,0,297,1.0,1.0,0.0,0.0,0.07,0.05,0.0,255,18,0.07,0.07,0.0,0.0,1.0,1.0,0.0,1,93108.0
0,tcp,http,SF,225,2043,0,0,1,0,0,0,0,13,0.0,0.0,0.0,0.0,1.0,0.0,0.07,255,255,1.0,0.0,0.0,0.0,0.0,0.0,0.0,0,40506.0
0,tcp,http,SF,208,706,0,0,1,0,0,0,0,28,0.0,0.0,0.0,0.0,1.0,0.0,0.0,255,255,1.0,0.0,0.0,0.0,0.0,0.0,0.0,0,24297.0
0,tcp,private,S0,0,0,0,0,0,0,0,0,0,133,1.0,1.0,0.0,0.0,0.09,0.06,0.0,255,12,0.05,0.04,0.0,0.0,1.0,1.0,0.0,1,2585.0
19,tcp,smtp,SF,726,334,0,0,1,0,0,0,0,2,0.0,0.0,0.0,0.0,1.0,0.0,0.0,200,178,0.69,0.08,0.0,0.01,0.0,0.0,0.0,0,13587.0
0,udp,domain_u,SF,43,74,0,0,0,0,0,0,0,128,0.0,0.0,0.0,0.0,1.0,0.0,0.0,255,245,0.96,0.01,0.01,0.0,0.0,0.0,0.0,0,97810.0
0,udp,domain_u,SF,43,127,0,0,0,0,0,0,0,9,0.0,0.0,0.0,0.0,1.0,0.0,0.07,255,255,1.0,0.0,0.0,0.0,0.0,0.0,0.0,0,49230.0
0,tcp,private,S0,0,0,0,0,0,0,0,0,0,201,1.0,1.0,0.0,0.0,0.08,0.07,0.0,255,17,0.07,0.09,0.0,0.0,1.0,1.0,0.0,1,113329.0
1,tcp,smtp,SF,1372,336,0,0,1,0,0,0,0,1,0.0,0.0,0.0,0.0,1.0,0.0,1.0,97,140,0.51,0.06,0.01,0.01,0.0,0.01,0.0,0,17632.0
0,tcp,http,SF,54540,8314,0,2,1,1,0,0,0,3,0.0,0.0,0.0,0.0,1.0,0.0,0.0,79,79,1.0,0.0,0.01,0.0,0.0,0.0,0.18,1,86489.0
0,icmp,urp_i,SF,89,0,0,0,0,0,0,0,0,4,0.0,0.0,0.0,0.0,0.25,0.5,0.0,255,18,0.07,0.01,0.07,0.0,0.0,0.0,0.0,0,15860.0
0,tcp,ftp,S0,0,0,0,0,0,0,0,0,0,286,1.0,1.0,0.0,0.0,0.01,0.05,0.0,255,3,0.01,0.05,0.0,0.0,1.0,1.0,0.0,1,41138.0
0,tcp,http,SF,298,3380,0,0,1,0,0,0,0,4,0.0,0.0,0.0,0.0,1.0,0.0,0.0,26,255,1.0,0.0,0.04,0.04,0.0,0.0,0.0,0,71934.0
0,tcp,private,S0,0,0,0,0,0,0,0,0,0,250,1.0,1.0,0.0,0.0,0.04,0.06,0.0,255,9,0.04,0.05,0.0,0.0,1.0,1.0,0.0,1,62463.0
0,tcp,auth,S0,0,0,0,0,0,0,0,0,0,272,1.0,1.0,0.0,0.0,0.04,0.06,0.0,255,11,0.04,0.07,0.0,0.0,1.0,1.0,0.0,1,86310.0
0,tcp,ftp_data,SF,383,0,0,0,1,0,0,0,0,1,0.0,0.0,0.0,0.0,1.0,0.0,0.0,232,52,0.22,0.02,0.22,0.0,0.0,0.0,0.0,0,121163.0
0,tcp,private,REJ,0,0,0,0,0,0,0,0,0,115,0.0,0.0,1.0,1.0,0.07,0.08,0.0,140,8,0.06,0.08,0.01,0.0,0.0,0.0,1.0,1,34070.0
0,tcp,private,REJ,0,0,0,0,0,0,0,0,0,1,0.0,0.0,1.0,1.0,1.0,0.0,0.0,255,1,0.0,0.47,0.44,0.0,0.0,0.0,1.0,1,3965.0
0,tcp,http,SF,292,246,0,0,1,0,0,0,0,12,0.0,0.0,0.0,0.0,1.0,0.0,0.0,142,255,1.0,0.0,0.01,0.04,0.0,0.0,0.0,0,93741.0
0,tcp,ftp_data,SF,245,0,0,0,0,0,0,0,0,1,0.0,0.0,0.0,0.0,1.0,0.0,0.0,51,6,0.12,0.1,0.12,0.0,0.0,0.0,0.0,0,53454.0
0,icmp,ecr_i,SF,520,0,0,0,0,0,0,0,0,334,0.0,0.0,0.0,0.0,1.0,0.0,0.0,255,255,1.0,0.0,1.0,0.0,0.0,0.0,0.0,1,46140.0
0,tcp,http,SF,229,1445,0,0,1,0,0,0,0,19,0.0,0.0,0.0,0.0,1.0,0.0,0.0,19,255,1.0,0.0,0.05,0.03,0.0,0.01,0.0,0,19733.0
0,tcp,other,REJ,0,0,0,0,0,0,0,0,0,509,0.21,0.0,0.78,1.0,0.0,1.0,0.0,255,1,0.0,1.0,0.0,0.0,0.25,0.0,1.0,1,60181.0
0,tcp,http,S0,0,0,0,0,0,0,0,0,0,53,1.0,1.0,0.0,0.0,0.38,0.08,0.0,255,60,0.24,0.02,0.01,0.0,1.0,1.0,0.0,1,94881.0
0,tcp,http,S0,0,0,0,0,0,0,0,0,0,24,1.0,1.0,0.0,0.0,0.33,0.17,0.0,255,60,0.24,0.04,0.01,0.0,1.0,1.0,0.0,1,84418.0
0,tcp,private,RSTR,0,0,0,0,0,0,0,0,0,1,0.0,0.0,1.0,1.0,1.0,0.0,0.0,255,1,0.0,0.13,0.12,0.0,0.0,0.0,1.0,1,24083.0
0,tcp,private,S0,0,0,0,0,0,0,0,0,0,134,0.99,1.0,0.0,0.0,0.06,0.07,0.0,255,15,0.06,0.07,0.0,0.0,1.0,1.0,0.0,1,107082.0
0,udp,private,SF,105,146,0,0,0,0,0,0,0,1,0.0,0.0,0.0,0.0,1.0,0.0,0.0,7,3,0.43,0.29,0.14,0.0,0.0,0.0,0.0,0,35108.0
0,tcp,time,S0,0,0,0,0,0,0,0,0,0,294,1.0,1.0,0.0,0.0,0.06,0.06,0.0,255,17,0.07,0.07,0.0,0.0,1.0,1.0,0.0,1,15822.0
0,tcp,ftp_data,SF,334,0,0,0,1,0,0,0,0,2,0.0,0.0,0.0,0.0,1.0,0.0,0.0,8,26,1.0,0.0,1.0,0.15,0.0,0.0,0.0,1,115453.0
0,tcp,ftp_data,SF,1874,0,0,0,1,0,0,0,0,12,0.0,0.0,0.0,0.0,1.0,0.0,0.0,255,81,0.32,0.02,0.32,0.0,0.0,0.0,0.0,0,97926.0
4,tcp,systat,RSTR,0,0,0,0,0,0,0,0,0,116,0.0,0.0,1.0,1.0,0.02,0.53,0.0,255,2,0.01,0.25,0.45,0.0,0.0,0.0,1.0,1,47032.0
0,tcp,http,SF,294,2669,0,0,1,0,0,0,0,3,0.0,0.0,0.0,0.0,1.0,0.0,0.14,3,255,1.0,0.0,0.33,0.01,0.0,0.0,0.0,0,81584.0
0,udp,domain_u,SF,44,110,0,0,0,0,0,0,0,127,0.0,0.0,0.0,0.0,1.0,0.0,0.02,255,255,1.0,0.0,0.0,0.0,0.0,0.0,0.0,0,48752.0
0,tcp,http,SF,335,600,0,0,1,0,0,0,0,11,0.0,0.0,0.0,0.0,1.0,0.0,0.11,56,231,1.0,0.0,0.02,0.03,0.0,0.0,0.0,0,108412.0
0,tcp,bgp,REJ,0,0,0,0,0,0,0,0,0,263,0.0,0.0,1.0,1.0,0.05,0.07,0.0,255,14,0.05,0.08,0.0,0.0,0.0,0.0,1.0,1,58489.0
0,tcp,http,SF,225,1625,0,0,1,0,0,0,0,13,0.0,0.0,0.0,0.0,1.0,0.0,0.0,44,255,1.0,0.0,0.02,0.03,0.0,0.0,0.0,0,64678.0
0,tcp,http,SF,288,1745,0,0,1,0,0,0,0,4,0.25,0.25,0.0,0.0,1.0,0.0,0.0,255,255,1.0,0.0,0.0,0.0,0.0,0.0,0.0,0,40904.0
0,tcp,http,SF,262,11829,0,0,1,0,0,0,0,3,0.0,0.0,0.0,0.0,1.0,0.0,0.5,55,255,1.0,0.0,0.02,0.03,0.0,0.0,0.0,0,20517.0
0,icmp,ecr_i,SF,1032,0,0,0,0,0,0,0,0,511,0.0,0.0,0.0,0.0,1.0,0.0,0.0,196,51,0.26,0.02,0.26,0.0,0.0,0.0,0.0,1,33579.0
0,tcp,ftp_data,SF,10272,0,0,0,1,0,0,0,0,11,0.0,0.0,0.0,0.0,1.0,0.0,0.0,94,86,0.45,0.04,0.45,0.02,0.0,0.0,0.0,0,91019.0
0,tcp,http,SF,229,1483,0,0,1,0,0,0,0,4,0.0,0.0,0.0,0.0,1.0,0.0,0.0,255,255,1.0,0.0,0.0,0.0,0.0,0.0,0.0,0,123073.0
0,tcp,http,SF,230,258,0,0,1,0,0,0,0,12,0.0,0.0,0.0,0.0,1.0,0.0,0.0,255,255,1.0,0.0,0.0,0.0,0.0,0.0,0.0,0,25833.0
0,tcp,smtp,SF,1348,329,0,0,1,0,0,0,0,2,0.0,0.0,0.0,0.0,0.5,1.0,1.0,69,46,0.67,0.07,0.01,0.0,0.0,0.0,0.0,0,4382.0
0,tcp,http,SF,242,324,0,0,1,0,0,0,0,1,0.0,0.0,0.0,0.0,1.0,0.0,0.1,1,255,1.0,0.0,1.0,0.02,0.0,0.0,0.0,0,110054.0
0,tcp,http,SF,303,545,0,0,1,0,0,0,0,8,0.0,0.0,0.0,0.0,1.0,0.0,0.22,156,255,1.0,0.0,0.01,0.02,0.0,0.0,0.0,0,120670.0
0,tcp,hostnames,S0,0,0,0,0,0,0,0,0,0,118,1.0,1.0,0.0,0.0,0.14,0.07,0.0,255,9,0.04,0.08,0.0,0.0,1.0,1.0,0.0,1,124988.0
0,icmp,ecr_i,SF,1032,0,0,0,0,0,0,0,0,511,0.0,0.0,0.0,0.0,1.0,0.0,0.0,255,26,0.1,0.12,0.1,0.0,0.12,0.0,0.0,1,12402.0
0,tcp,private,REJ,0,0,0,0,0,0,0,0,0,300,0.1,0.0,0.89,1.0,0.0,1.0,0.0,255,1,0.0,1.0,0.0,0.0,0.09,0.0,1.0,1,44690.0
0,tcp,http,SF,218,6049,0,0,1,0,0,0,0,2,0.0,0.0,0.0,0.0,1.0,0.0,0.0,31,255,1.0,0.0,0.03,0.02,0.0,0.0,0.0,0,44229.0
0,tcp,courier,S0,0,0,0,0,0,0,0,0,0,125,1.0,1.0,0.0,0.0,0.06,0.06,0.0,255,13,0.05,0.06,0.0,0.0,1.0,1.0,0.0,1,2432.0
0,udp,domain_u,SF,42,42,0,0,0,0,0,0,0,10,0.0,0.0,0.0,0.0,1.0,0.0,0.24,255,234,0.92,0.01,0.0,0.0,0.0,0.0,0.0,0,105278.0
0,udp,domain_u,SF,42,42,0,0,0,0,0,0,0,3,0.0,0.0,0.0,0.0,1.0,0.0,0.6,255,254,1.0,0.01,0.01,0.0,0.0,0.0,0.0,0,90772.0
0,icmp,eco_i,SF,18,0,0,0,0,0,0,0,0,1,0.0,0.0,0.0,0.0,1.0,0.0,0.0,1,95,1.0,0.0,1.0,1.0,0.0,0.0,0.0,1,99582.0
0,tcp,http,S0,0,0,0,0,0,0,0,0,0,2,0.5,0.5,0.0,0.0,1.0,0.0,0.0,19,255,1.0,0.0,0.11,0.02,0.05,0.01,0.0,0,86109.0
0,udp,domain_u,SF,34,0,0,0,0,0,0,0,0,1,0.0,0.0,0.0,0.0,1.0,0.0,1.0,4,1,0.25,0.75,0.25,0.0,0.0,0.0,0.0,0,95123.0
0,tcp,login,S0,0,0,0,0,0,0,0,0,0,120,1.0,1.0,0.0,0.0,0.08,0.06,0.0,255,11,0.04,0.07,0.0,0.0,1.0,1.0,0.0,1,97712.0
0,tcp,http,SF,288,4061,0,0,1,0,0,0,0,7,0.0,0.0,0.0,0.0,1.0,0.0,0.0,255,255,1.0,0.0,0.0,0.0,0.01,0.01,0.0,0,83164.0
0,tcp,http,SF,296,694,0,0,1,0,0,0,0,8,0.0,0.0,0.0,0.0,1.0,0.0,0.0,8,255,1.0,0.0,0.12,0.07,0.0,0.0,0.0,0,32568.0
0,tcp,smtp,SF,1375,329,0,0,1,0,0,0,0,1,0.0,0.0,0.0,0.0,1.0,0.0,1.0,103,246,0.97,0.02,0.01,0.01,0.0,0.0,0.0,0,72489.0
0,tcp,http_443,S0,0,0,0,0,0,0,0,0,0,122,1.0,1.0,0.0,0.0,0.16,0.07,0.0,255,19,0.07,0.06,0.0,0.0,1.0,1.0,0.0,1,27465.0
0,tcp,http,SF,233,2472,0,0,1,0,0,0,0,2,0.0,0.0,0.0,0.0,1.0,0.0,0.0,45,255,1.0,0.0,0.02,0.02,0.0,0.0,0.0,0,82114.0
0,tcp,http,SF,238,502,0,0,1,0,0,0,0,1,0.0,0.0,0.0,0.0,1.0,0.0,0.67,28,255,1.0,0.0,0.04,0.01,0.04,0.0,0.0,0,97190.0
0,tcp,private,S0,0,0,0,0,0,0,0,0,0,268,1.0,1.0,0.0,0.0,0.03,0.06,0.0,255,9,0.04,0.06,0.0,0.0,1.0,1.0,0.0,1,120138.0
0,tcp,smtp,SF,2478,280,0,0,1,0,0,0,0,1,0.0,0.0,0.0,0.0,1.0,0.0,0.0,86,203,0.87,0.05,0.01,0.01,0.0,0.0,0.0,0,103771.0
0,tcp,smtp,SF,1163,489,0,0,1,0,0,0,0,1,0.0,0.0,0.0,0.0,1.0,0.0,0.0,255,121,0.47,0.02,0.0,0.0,0.47,0.5,0.0,0,7430.0
0,icmp,eco_i,SF,18,0,0,0,0,0,0,0,0,1,0.0,0.0,0.0,0.0,1.0,0.0,0.0,1,236,1.0,0.0,1.0,1.0,0.0,0.0,0.0,1,30184.0
0,tcp,Z39_50,S0,0,0,0,0,0,0,0,0,0,283,1.0,1.0,0.0,0.0,0.06,0.06,0.0,255,18,0.07,0.06,0.0,0.0,1.0,1.0,0.0,1,12699.0
0,tcp,time,S0,0,0,0,0,0,0,0,0,0,206,1.0,1.0,0.0,0.0,0.1,0.05,0.0,255,21,0.08,0.05,0.0,0.0,1.0,1.0,0.0,1,18034.0
0,tcp,http,SF,246,935,0,0,1,0,0,0,0,8,0.0,0.0,0.0,0.0,1.0,0.0,0.0,255,255,1.0,0.0,0.0,0.0,0.0,0.0,0.0,0,46632.0
0,tcp,http,SF,295,11111,0,0,1,0,0,0,0,11,0.0,0.0,0.0,0.0,1.0,0.0,0.17,255,255,1.0,0.0,0.0,0.0,0.01,0.01,0.0,0,6697.0
0,tcp,http,SF,239,12245,0,0,1,0,0,0,0,3,0.0,0.0,0.0,0.0,1.0,0.0,0.0,255,255,1.0,0.0,0.0,0.0,0.0,0.0,0.0,0,99534.0
0,tcp,private,REJ,0,0,0,0,0,0,0,0,0,2,0.0,0.0,1.0,1.0,0.5,1.0,0.0,255,1,0.0,0.35,0.29,0.0,0.24,0.0,1.0,1,71241.0
0,icmp,eco_i,SF,8,0,0,0,0,0,0,0,0,1,0.0,0.0,0.0,0.0,1.0,0.0,1.0,2,255,1.0,0.0,1.0,0.5,0.0,0.0,0.0,1,49925.0
0,tcp,http,SF,272,769,0,0,1,0,0,0,0,7,0.0,0.0,0.0,0.0,1.0,0.0,0.31,100,255,1.0,0.0,0.01,0.02,0.0,0.0,0.0,0,96813.0
0,tcp,private,S0,0,0,0,0,0,0,0,0,0,201,1.0,1.0,0.0,0.0,0.03,0.06,0.0,255,12,0.05,0.09,0.0,0.0,1.0,1.0,0.0,1,105768.0
0,icmp,eco_i,SF,8,0,0,0,0,0,0,0,0,1,0.0,0.0,0.0,0.0,1.0,0.0,1.0,1,123,1.0,0.0,1.0,0.5,0.0,0.0,0.0,1,31695.0
0,tcp,private,S0,0,0,0,0,0,0,0,0,0,240,1.0,1.0,0.0,0.0,0.08,0.05,0.0,101,20,0.2,0.1,0.01,0.0,0.86,1.0,0.0,1,90742.0
0,tcp,http,SF,217,768,0,0,1,0,0,0,0,39,0.0,0.0,0.0,0.0,1.0,0.0,0.0,255,255,1.0,0.0,0.0,0.0,0.0,0.0,0.0,0,122174.0
0,icmp,eco_i,SF,8,0,0,0,0,0,0,0,0,1,0.0,0.0,0.0,0.0,1.0,0.0,1.0,1,91,1.0,0.0,1.0,0.51,0.0,0.0,0.0,1,94891.0
0,tcp,smtp,SF,1324,334,0,0,1,0,0,0,0,1,0.0,0.0,0.0,0.0,1.0,0.0,0.0,97,157,0.61,0.04,0.01,0.01,0.0,0.0,0.05,0,98211.0
0,icmp,ecr_i,SF,520,0,0,0,0,0,0,0,0,30,0.0,0.0,0.0,0.0,1.0,0.0,0.0,255,255,1.0,0.0,1.0,0.0,0.0,0.0,0.0,1,100797.0
0,tcp,klogin,S0,0,0,0,0,0,0,0,0,0,131,1.0,1.0,0.0,0.0,0.02,0.06,0.0,255,2,0.01,0.06,0.0,0.0,1.0,1.0,0.0,1,122923.0
0,tcp,csnet_ns,S0,0,0,0,0,0,0,0,0,0,191,1.0,1.0,0.0,0.0,0.01,0.08,0.0,255,2,0.01,0.09,0.0,0.0,1.0,1.0,0.0,1,31730.0
0,tcp,http,SF,186,4841,0,0,1,0,0,0,0,3,0.0,0.0,0.0,0.0,1.0,0.0,0.25,231,255,1.0,0.0,0.01,0.03,0.0,0.0,0.0,0,82747.0
0,tcp,ftp,S0,0,0,0,0,0,0,0,0,0,238,1.0,1.0,0.0,0.0,0.04,0.05,0.0,255,10,0.04,0.08,0.0,0.0,1.0,1.0,0.0,1,25814.0
0,tcp,smtp,SF,779,330,0,0,1,0,0,0,0,1,0.0,0.0,0.0,0.0,1.0,0.0,0.0,170,135,0.51,0.02,0.01,0.01,0.0,0.0,0.04,0,54661.0
0,tcp,http,SF,304,263,0,0,1,0,0,0,0,2,0.0,0.0,0.0,0.0,1.0,0.0,0.0,109,255,1.0,0.0,0.01,0.05,0.0,0.0,0.0,0,115365.0
0,udp,private,SF,105,145,0,0,0,0,0,0,0,4,0.0,0.0,0.0,0.0,0.25,0.5,0.0,255,86,0.34,0.01,0.0,0.0,0.0,0.0,0.0,0,23433.0
0,tcp,private,S0,0,0,0,0,0,0,0,0,0,172,1.0,1.0,0.0,0.0,0.11,0.06,0.0,255,2,0.01,0.07,0.0,0.0,1.0,1.0,0.0,1,113560.0
0,tcp,http,SF,300,629,0,0,1,0,0,0,0,2,0.0,0.0,0.0,0.0,1.0,0.0,0.0,61,255,1.0,0.0,0.02,0.04,0.0,0.0,0.0,0,103078.0
0,tcp,ftp,RSTO,0,0,0,0,0,0,0,0,0,276,0.0,0.0,1.0,1.0,0.07,0.06,0.0,255,20,0.08,0.07,0.0,0.0,0.0,0.0,1.0,1,125442.0
0,tcp,http,SF,211,3357,0,0,1,0,0,0,0,7,0.0,0.0,0.0,0.0,1.0,0.0,0.0,7,255,1.0,0.0,0.14,0.04,0.0,0.0,0.01,0,89025.0
0,tcp,http,SF,315,2815,0,0,1,0,0,0,0,19,0.0,0.0,0.0,0.0,1.0,0.0,0.0,255,255,1.0,0.0,0.0,0.0,0.0,0.0,0.0,0,123254.0
0,tcp,http,SF,307,1203,0,0,1,0,0,0,0,17,0.0,0.0,0.0,0.0,1.0,0.0,0.19,255,255,1.0,0.0,0.0,0.0,0.0,0.0,0.0,0,14084.0
0,tcp,nnsp,S0,0,0,0,0,0,0,0,0,0,107,1.0,1.0,0.0,0.0,0.02,0.07,0.0,255,2,0.01,0.06,0.0,0.0,1.0,1.0,0.0,1,83462.0
0,tcp,auth,SF,9,36,0,0,1,0,0,0,0,1,0.0,0.0,0.0,0.0,1.0,0.0,0.0,154,7,0.02,0.04,0.01,0.29,0.0,0.0,0.0,0,97614.0
0,tcp,http,SF,205,3978,0,0,1,0,0,0,0,3,0.0,0.0,0.0,0.0,1.0,0.0,0.0,65,255,1.0,0.0,0.02,0.01,0.0,0.0,0.0,0,21653.0
38481,tcp,private,RSTR,1,0,0,0,0,0,0,0,0,2,0.0,0.0,1.0,1.0,1.0,0.0,0.0,255,2,0.01,0.51,1.0,0.0,0.0,0.0,1.0,1,54587.0
0,tcp,http,SF,314,575,0,0,1,0,0,0,0,28,0.0,0.0,0.0,0.0,1.0,0.0,0.09,255,255,1.0,0.0,0.0,0.0,0.0,0.0,0.0,0,2650.0
0,tcp,csnet_ns,S0,0,0,0,0,0,0,0,0,0,125,1.0,1.0,0.0,0.0,0.14,0.07,0.0,255,18,0.07,0.07,0.0,0.0,1.0,1.0,0.0,1,73315.0
0,tcp,http,SF,153,33054,0,0,1,0,0,0,0,8,0.0,0.0,0.0,0.0,1.0,0.0,0.0,255,255,1.0,0.0,0.0,0.0,0.0,0.0,0.0,0,52765.0
0,tcp,http,SF,238,1905,0,0,1,0,0,0,0,1,0.0,0.0,0.0,0.0,1.0,0.0,0.0,67,255,1.0,0.0,0.01,0.01,0.0,0.01,0.0,0,119604.0
0,tcp,telnet,S0,0,0,0,0,0,0,0,0,0,262,1.0,1.0,0.0,0.0,0.01,0.06,0.0,255,3,0.01,0.07,0.0,0.0,1.0,1.0,0.0,1,107465.0
0,tcp,vmnet,S0,0,0,0,0,0,0,0,0,0,43,1.0,1.0,0.0,0.0,0.3,0.14,0.0,255,13,0.05,0.08,0.0,0.0,1.0,1.0,0.0,1,6821.0
0,icmp,urp_i,SF,181,0,0,0,0,0,0,0,0,6,0.0,0.0,0.0,0.0,0.83,0.33,0.0,255,29,0.11,0.01,0.12,0.0,0.0,0.0,0.0,0,3692.0
0,tcp,http,SF,201,767,0,0,1,0,0,0,0,15,0.0,0.0,0.0,0.0,1.0,0.0,0.0,255,255,1.0,0.0,0.0,0.0,0.0,0.0,0.0,0,60248.0
0,tcp,private,S0,0,0,0,0,0,0,0,0,0,31,1.0,1.0,0.0,0.0,0.1,0.16,0.0,255,3,0.01,0.08,0.0,0.0,1.0,1.0,0.0,1,62698.0
0,icmp,eco_i,SF,30,0,0,0,0,0,0,0,0,2,0.0,0.0,0.0,0.0,1.0,0.0,0.0,194,194,1.0,0.0,1.0,0.0,0.0,0.0,0.0,0,22169.0
0,udp,domain_u,SF,46,46,0,0,0,0,0,0,0,88,0.0,0.0,0.0,0.0,1.0,0.0,0.01,255,254,1.0,0.01,0.01,0.0,0.0,0.0,0.0,0,49568.0
0,icmp,eco_i,SF,8,0,0,0,0,0,0,0,0,1,0.0,0.0,0.0,0.0,1.0,0.0,1.0,2,28,1.0,0.0,1.0,0.5,0.0,0.0,0.0,1,118065.0
0,tcp,private,S0,0,0,0,0,0,0,0,0,0,162,1.0,1.0,0.0,0.0,0.09,0.06,0.0,255,14,0.05,0.05,0.0,0.0,1.0,1.0,0.0,1,112966.0
0,tcp,Z39_50,S0,0,0,0,0,0,0,0,0,0,210,1.0,1.0,0.0,0.0,0.01,0.08,0.0,255,3,0.01,0.08,0.0,0.0,1.0,1.0,0.0,1,89608.0
0,tcp,http,SF,206,5790,0,0,1,0,0,0,0,5,0.0,0.0,0.0,0.0,1.0,0.0,0.0,255,255,1.0,0.0,0.0,0.0,0.0,0.0,0.0,0,59935.0
0,tcp,private,S0,0,0,0,0,0,0,0,0,0,252,1.0,1.0,0.0,0.0,0.06,0.06,0.0,255,18,0.07,0.08,0.0,0.0,1.0,1.0,0.0,1,88927.0
0,icmp,eco_i,SF,8,0,0,0,0,0,0,0,0,1,0.0,0.0,0.0,0.0,1.0,0.0,1.0,1,13,1.0,0.0,1.0,0.31,0.0,0.0,0.0,1,76498.0
0,tcp,private,SH,0,0,0,0,0,0,0,0,0,1,1.0,1.0,0.0,0.0,1.0,0.0,0.0,93,1,0.01,0.89,0.91,0.0,0.91,1.0,0.0,1,68888.0
0,tcp,ftp_data,SF,7422,0,0,0,1,0,0,0,0,10,0.0,0.0,0.0,0.0,1.0,0.0,0.0,173,65,0.31,0.03,0.31,0.03,0.02,0.05,0.0,0,54181.0
0,tcp,http,SF,229,3245,0,0,1,0,0,0,0,4,0.0,0.0,0.0,0.0,1.0,0.0,0.0,79,255,1.0,0.0,0.01,0.02,0.0,0.0,0.0,0,86001.0
0,tcp,http,SF,245,1194,0,0,1,0,0,0,0,27,0.0,0.0,0.0,0.0,1.0,0.0,0.1,27,255,1.0,0.0,0.04,0.05,0.0,0.0,0.0,0,45887.0
0,tcp,bgp,S0,0,0,0,0,0,0,0,0,0,257,1.0,1.0,0.0,0.0,0.0,0.05,0.0,255,1,0.0,0.05,0.0,0.0,1.0,1.0,0.0,1,90212.0
0,tcp,smtp,SF,669,334,0,0,1,0,0,0,0,1,0.0,0.0,0.0,0.0,1.0,0.0,0.0,142,85,0.51,0.04,0.01,0.02,0.0,0.0,0.0,0,98737.0
0,tcp,telnet,S0,0,0,0,0,0,0,0,0,0,290,1.0,1.0,0.0,0.0,0.06,0.06,0.0,255,18,0.07,0.07,0.0,0.0,1.0,1.0,0.0,1,11764.0
0,tcp,remote_job,S0,0,0,0,0,0,0,0,0,0,251,1.0,1.0,0.0,0.0,0.01,0.07,0.0,255,3,0.01,0.09,0.0,0.0,1.0,1.0,0.0,1,105455.0
0,tcp,http,REJ,0,0,0,0,0,0,0,0,0,5,0.0,0.0,0.8,0.8,1.0,0.0,0.0,61,253,1.0,0.0,0.02,0.19,0.0,0.0,0.99,0,54868.0
0,tcp,finger,S0,0,0,0,0,0,0,0,0,0,61,1.0,1.0,0.0,0.0,0.25,0.07,0.0,255,49,0.19,0.05,0.02,0.0,1.0,1.0,0.0,1,57087.0
0,tcp,http,SF,208,8856,0,0,1,0,0,0,0,2,0.0,0.0,0.0,0.0,1.0,0.0,0.0,2,255,1.0,0.0,0.5,0.09,0.0,0.0,0.0,0,120300.0
0,tcp,http,S2,291,30696,0,0,1,0,0,0,0,3,0.33,0.33,0.0,0.0,1.0,0.0,0.0,3,255,1.0,0.0,0.33,0.05,0.33,0.0,0.0,0,56694.0
0,tcp,telnet,S0,0,0,0,0,0,0,0,0,0,61,1.0,1.0,0.0,0.0,0.25,0.07,0.0,223,57,0.26,0.02,0.01,0.0,0.99,0.96,0.0,1,923.0
0,tcp,http,REJ,0,0,0,0,0,0,0,0,0,1,0.0,0.0,1.0,1.0,1.0,0.0,0.0,7,255,1.0,0.0,0.14,0.22,0.0,0.0,0.95,0,118507.0
0,tcp,http,SF,251,569,0,0,1,0,0,0,0,11,0.0,0.0,0.0,0.0,1.0,0.0,0.0,222,255,1.0,0.0,0.0,0.01,0.0,0.0,0.0,0,40344.0
0,tcp,http,SF,219,1069,0,0,1,0,0,0,0,10,0.0,0.0,0.0,0.0,1.0,0.0,0.17,76,255,1.0,0.0,0.01,0.02,0.0,0.0,0.01,0,115441.0
0,tcp,http,SF,302,773,0,0,1,0,0,0,0,11,0.0,0.0,0.0,0.0,1.0,0.0,0.0,13,255,1.0,0.0,0.08,0.02,0.0,0.0,0.0,0,11203.0
0,tcp,ftp_data,SF,15722,0,0,0,1,0,0,0,0,6,0.0,0.0,0.0,0.0,1.0,0.0,0.29,12,55,1.0,0.0,1.0,0.04,0.0,0.0,0.0,0,80859.0
0,tcp,private,S0,0,0,0,0,0,0,0,0,0,13,1.0,1.0,0.0,0.0,0.08,0.31,0.0,255,1,0.0,0.09,0.0,0.0,1.0,1.0,0.0,1,22042.0
0,tcp,http,SF,281,1266,0,0,1,0,0,0,0,4,0.0,0.0,0.0,0.0,1.0,0.0,0.4,4,255,1.0,0.0,0.25,0.04,0.0,0.0,0.0,0,84587.0
0,tcp,time,S0,0,0,0,0,0,0,0,0,0,241,1.0,1.0,0.0,0.0,0.07,0.07,0.0,255,18,0.07,0.07,0.0,0.0,1.0,1.0,0.0,1,117387.0
0,tcp,private,S0,0,0,0,0,0,0,0,0,0,257,1.0,1.0,0.0,0.0,0.09,0.05,0.0,198,22,0.11,0.07,0.01,0.0,0.93,1.0,0.0,1,79937.0
8,tcp,http,SF,54540,8314,0,2,1,1,0,0,0,5,0.0,0.0,0.6,0.6,1.0,0.0,0.0,7,7,1.0,0.0,0.14,0.0,0.0,0.0,0.71,1,58242.0
0,udp,domain_u,SF,43,71,0,0,0,0,0,0,0,224,0.0,0.0,0.0,0.0,1.0,0.0,0.0,255,255,1.0,0.0,0.01,0.0,0.0,0.0,0.0,0,115076.0
0,tcp,iso_tsap,S0,0,0,0,0,0,0,0,0,0,294,1.0,1.0,0.0,0.0,0.05,0.05,0.0,255,12,0.05,0.08,0.0,0.0,1.0,1.0,0.0,1,44928.0
0,tcp,finger,S0,0,0,0,0,0,0,0,0,0,23,1.0,1.0,0.0,0.0,0.3,0.17,0.0,185,49,0.25,0.02,0.02,0.04,0.99,0.96,0.0,1,95094.0
0,tcp,http,SF,205,365,0,0,1,0,0,0,0,21,0.0,0.0,0.0,0.0,1.0,0.0,0.0,228,255,1.0,0.0,0.0,0.02,0.0,0.0,0.0,0,44062.0
0,tcp,netbios_dgm,S0,0,0,0,0,0,0,0,0,0,252,1.0,1.0,0.0,0.0,0.02,0.06,0.0,255,4,0.02,0.07,0.0,0.0,1.0,1.0,0.0,1,20058.0
0,tcp,http,SF,231,145,0,0,1,0,0,0,0,7,0.0,0.0,0.0,0.0,1.0,0.0,0.0,16,255,1.0,0.0,0.06,0.05,0.0,0.0,0.0,0,85278.0
0,tcp,http,SF,242,446,0,0,1,0,0,0,0,8,0.0,0.0,0.0,0.0,1.0,0.0,0.0,68,68,1.0,0.0,0.01,0.0,0.0,0.0,0.0,0,9355.0
0,icmp,eco_i,SF,18,0,0,0,0,0,0,0,0,1,0.0,0.0,0.0,0.0,1.0,0.0,0.0,2,206,1.0,0.0,1.0,0.25,0.0,0.0,0.0,1,35028.0
0,tcp,http,SF,251,1436,0,0,1,0,0,0,0,7,0.0,0.08,0.0,0.0,1.0,0.0,0.15,77,255,1.0,0.0,0.01,0.02,0.0,0.0,0.0,0,92044.0
0,tcp,auth,REJ,0,0,0,0,0,0,0,0,0,1,0.0,0.0,1.0,1.0,1.0,0.0,0.0,155,7,0.05,0.04,0.01,0.0,0.01,0.0,1.0,0,22534.0
0,tcp,http,S0,0,0,0,0,0,0,0,0,0,79,1.0,1.0,0.0,0.0,0.25,0.05,0.0,255,61,0.24,0.02,0.02,0.0,1.0,1.0,0.0,1,36751.0
0,tcp,private,REJ,0,0,0,0,0,0,0,0,0,436,0.0,0.0,1.0,1.0,0.0,0.52,0.0,255,1,0.0,0.51,1.0,0.0,0.0,0.0,1.0,1,34052.0
0,tcp,other,SF,1363,0,0,0,1,0,0,0,0,17,0.06,0.0,0.0,0.0,0.06,0.24,0.0,235,1,0.0,0.04,0.36,0.0,0.02,0.0,0.0,0,124860.0
2,tcp,smtp,SF,1099,328,0,0,1,0,0,0,0,1,0.0,0.0,0.0,0.0,1.0,0.0,1.0,32,11,0.34,0.09,0.03,0.0,0.0,0.0,0.0,0,14681.0
0,tcp,http,SF,319,1704,0,0,1,0,0,0,0,16,0.0,0.0,0.0,0.0,1.0,0.0,0.12,255,255,1.0,0.0,0.0,0.0,0.0,0.0,0.0,0,61785.0
0,tcp,http,SF,210,2649,0,0,1,0,0,0,0,18,0.0,0.0,0.0,0.0,1.0,0.0,0.0,19,255,1.0,0.0,0.05,0.06,0.0,0.0,0.01,0,31245.0
0,tcp,discard,RSTO,0,0,0,0,0,0,0,0,0,263,0.0,0.0,1.0,1.0,0.03,0.06,0.0,255,9,0.04,0.07,0.0,0.0,0.0,0.0,1.0,1,60001.0
0,tcp,iso_tsap,S0,0,0,0,0,0,0,0,0,0,252,1.0,1.0,0.0,0.0,0.04,0.06,0.0,255,11,0.04,0.07,0.0,0.0,1.0,1.0,0.0,1,3549.0
0,udp,domain_u,SF,45,69,0,0,0,0,0,0,0,89,0.0,0.0,0.0,0.0,1.0,0.0,0.02,255,254,1.0,0.01,0.0,0.0,0.0,0.0,0.0,0,9916.0
0,tcp,ftp_data,SF,1470,0,0,0,1,0,0,0,0,19,0.0,0.0,0.0,0.0,1.0,0.0,0.0,255,103,0.4,0.03,0.4,0.0,0.0,0.0,0.0,0,18884.0
3,tcp,smtp,SF,1095,328,0,0,1,0,0,0,0,1,0.0,0.0,0.0,0.0,1.0,0.0,1.0,74,65,0.88,0.05,0.01,0.0,0.0,0.0,0.0,0,63853.0
0,tcp,ftp_data,SF,501760,0,0,0,0,0,0,0,0,2,0.0,0.0,0.0,0.0,1.0,0.0,0.0,40,40,0.15,0.08,0.15,0.08,0.0,0.0,0.0,0,107284.0
0,tcp,finger,S0,0,0,0,0,0,0,0,0,0,59,1.0,1.0,0.0,0.0,0.31,0.07,0.0,255,66,0.26,0.02,0.0,0.0,1.0,1.0,0.0,1,14427.0
0,tcp,time,S0,0,0,0,0,0,0,0,0,0,2,0.5,0.5,0.0,0.0,1.0,0.0,0.0,10,10,1.0,0.0,0.2,0.0,0.1,0.1,0.0,0,22958.0
0,tcp,netstat,REJ,0,0,0,0,0,0,0,0,0,100,0.0,0.0,1.0,1.0,0.16,0.06,0.0,255,1,0.0,0.07,0.0,0.0,0.0,0.0,1.0,1,121400.0
15,udp,domain_u,SF,112,43,0,0,0,0,0,0,0,1,0.0,0.0,0.0,0.0,1.0,0.0,0.0,26,14,0.54,0.08,0.54,0.0,0.0,0.0,0.0,0,63895.0
3354,udp,other,SF,146,105,0,0,0,0,0,0,0,4,0.0,0.0,0.0,0.0,0.5,0.5,0.0,255,2,0.01,0.52,0.92,0.0,0.0,0.0,0.0,0,52460.0
0,udp,domain_u,SF,45,72,0,0,0,0,0,0,0,148,0.0,0.0,0.0,0.0,1.0,0.0,0.0,255,254,1.0,0.01,0.0,0.0,0.0,0.0,0.0,0,29263.0
19,tcp,smtp,SF,1285,326,0,0,1,0,0,0,0,1,0.0,0.0,0.0,0.0,1.0,0.0,1.0,62,38,0.61,0.05,0.02,0.0,0.0,0.0,0.0,0,68930.0
2708,udp,other,SF,147,105,0,0,0,0,0,0,0,6,0.0,0.0,0.0,0.0,0.33,0.5,0.0,255,3,0.01,0.78,0.99,0.0,0.0,0.0,0.0,0,11240.0
1,tcp,other,RSTR,0,0,0,0,0,0,0,0,0,1,0.0,0.0,1.0,1.0,1.0,0.0,0.0,255,1,0.0,0.74,1.0,0.0,0.0,0.0,1.0,1,68932.0
0,tcp,private,S0,0,0,0,0,0,0,0,0,0,210,1.0,1.0,0.0,0.0,0.04,0.07,0.0,255,8,0.03,0.08,0.0,0.0,1.0,1.0,0.0,1,4283.0
0,tcp,http,SF,216,280,0,0,1,0,0,0,0,1,0.0,0.0,0.0,0.0,1.0,0.0,0.0,255,255,1.0,0.0,0.0,0.0,0.0,0.0,0.0,0,97072.0
0,tcp,http,S0,0,0,0,0,0,0,0,0,0,2,0.5,0.25,0.0,0.0,1.0,0.0,0.75,19,255,1.0,0.0,0.11,0.02,0.05,0.0,0.0,0,6415.0
0,udp,domain_u,SF,44,120,0,0,0,0,0,0,0,64,0.0,0.0,0.0,0.0,1.0,0.0,0.01,255,254,1.0,0.01,0.0,0.0,0.0,0.0,0.0,0,93346.0
0,tcp,private,S0,0,0,0,0,0,0,0,0,0,210,1.0,1.0,0.0,0.0,0.06,0.06,0.0,255,8,0.03,0.08,0.0,0.0,1.0,1.0,0.0,1,68029.0
0,tcp,gopher,REJ,0,0,0,0,0,0,0,0,0,239,0.0,0.0,1.0,1.0,0.06,0.07,0.0,255,14,0.05,0.07,0.0,0.0,0.0,0.0,1.0,1,54757.0
0,tcp,http,SF,186,1233,0,0,1,0,0,0,0,11,0.0,0.0,0.0,0.0,1.0,0.0,0.14,66,255,1.0,0.0,0.02,0.02,0.0,0.0,0.0,0,95845.0
0,tcp,http,REJ,0,0,0,0,0,0,0,0,0,1,0.0,0.0,1.0,1.0,1.0,0.0,0.0,20,199,1.0,0.0,0.05,0.15,0.0,0.0,1.0,0,83868.0
37708,tcp,private,RSTR,1,0,0,0,0,0,0,0,0,2,0.0,0.0,1.0,1.0,1.0,0.0,0.0,255,2,0.01,0.5,1.0,0.0,0.0,0.0,1.0,1,124683.0
0,tcp,private,S0,0,0,0,0,0,0,0,0,0,171,1.0,1.0,0.0,0.0,0.02,0.06,0.0,255,20,0.08,0.06,0.0,0.0,1.0,1.0,0.0,1,116755.0
0,udp,domain_u,SF,44,44,0,0,0,0,0,0,0,129,0.0,0.0,0.0,0.0,1.0,0.0,0.0,255,254,1.0,0.01,0.0,0.0,0.0,0.0,0.0,0,101889.0
0,tcp,courier,S0,0,0,0,0,0,0,0,0,0,141,1.0,1.0,0.0,0.0,0.13,0.06,0.0,255,4,0.02,0.06,0.0,0.0,1.0,1.0,0.0,1,46445.0
0,tcp,private,S0,0,0,0,0,0,0,0,0,0,115,1.0,1.0,0.0,0.0,0.13,0.06,0.0,62,14,0.23,0.1,0.02,0.0,1.0,1.0,0.0,1,41219.0
0,tcp,smtp,SF,1137,335,0,0,1,0,0,0,0,1,0.0,0.0,0.0,0.0,1.0,0.0,0.0,6,78,1.0,0.0,0.17,0.03,0.0,0.0,0.0,0,116544.0
0,udp,domain_u,SF,42,72,0,0,0,0,0,0,0,202,0.0,0.0,0.0,0.0,1.0,0.0,0.01,255,216,0.85,0.01,0.0,0.0,0.0,0.0,0.0,0,124690.0
0,tcp,http,SF,255,35916,0,0,1,0,0,0,0,1,0.0,0.0,0.0,0.0,1.0,0.0,0.05,255,225,0.88,0.01,0.0,0.0,0.0,0.0,0.0,0,41210.0
0,tcp,http,SF,240,257,0,0,1,0,0,0,0,1,0.0,0.0,0.0,0.0,1.0,0.0,0.0,4,255,1.0,0.0,0.25,0.04,0.25,0.01,0.0,0,43080.0
1,tcp,smtp,SF,1703,334,0,0,1,0,0,0,0,1,0.0,0.0,0.0,0.0,1.0,0.0,0.0,255,134,0.53,0.03,0.0,0.0,0.0,0.0,0.0,0,53711.0
0,udp,domain_u,SF,45,78,0,0,0,0,0,0,0,79,0.0,0.0,0.0,0.0,1.0,0.0,0.01,255,254,1.0,0.01,0.0,0.0,0.0,0.0,0.0,0,38588.0
0,tcp,netbios_ns,S0,0,0,0,0,0,0,0,0,0,251,1.0,1.0,0.0,0.0,0.04,0.06,0.0,255,20,0.08,0.07,0.0,0.0,1.0,1.0,0.0,1,112496.0
0,udp,domain_u,SF,103,0,0,0,0,0,0,0,0,2,0.0,0.0,0.0,0.0,1.0,0.0,0.67,10,10,1.0,0.0,1.0,0.0,0.0,0.0,0.0,0,18064.0
0,tcp,ftp_data,SF,383,0,0,0,1,0,0,0,0,2,0.0,0.0,0.0,0.0,1.0,0.0,0.0,84,107,0.44,0.07,0.44,0.02,0.0,0.0,0.0,0,33645.0
0,icmp,eco_i,SF,8,0,0,0,0,0,0,0,0,1,0.0,0.0,0.0,0.0,1.0,0.0,1.0,3,171,1.0,0.0,1.0,0.25,0.0,0.0,0.0,1,69920.0
0,tcp,private,S0,0,0,0,0,0,0,0,0,0,119,1.0,1.0,0.0,0.0,0.01,0.08,0.0,255,2,0.01,0.06,0.0,0.0,1.0,1.0,0.0,1,2187.0
0,udp,domain_u,SF,45,138,0,0,0,0,0,0,0,326,0.0,0.0,0.0,0.0,1.0,0.01,0.0,255,251,0.98,0.01,0.0,0.0,0.0,0.0,0.0,0,18381.0
0,udp,domain_u,SF,45,111,0,0,0,0,0,0,0,6,0.0,0.0,0.0,0.0,1.0,0.0,0.22,62,53,0.85,0.05,0.02,0.0,0.0,0.0,0.0,0,30633.0
0,tcp,login,S0,0,0,0,0,0,0,0,0,0,117,1.0,1.0,0.0,0.0,0.15,0.07,0.0,255,10,0.04,0.06,0.0,0.0,1.0,1.0,0.0,1,23249.0
0,tcp,ftp_data,SF,12,0,0,0,0,0,0,0,0,1,0.0,0.0,0.0,0.0,1.0,0.0,0.0,255,21,0.08,0.77,0.08,0.0,0.76,0.0,0.0,0,114947.0
0,tcp,http,SF,211,2776,0,0,1,0,0,0,0,8,0.0,0.0,0.0,0.0,1.0,0.0,0.07,34,255,1.0,0.0,0.03,0.05,0.0,0.0,0.0,0,44735.0
0,tcp,http,S0,0,0,0,0,0,0,0,0,0,247,1.0,0.39,0.0,0.0,0.04,0.06,0.07,255,11,0.04,0.07,0.0,0.0,1.0,1.0,0.0,1,39425.0
0,tcp,private,S0,0,0,0,0,0,0,0,0,0,263,1.0,1.0,0.0,0.0,0.03,0.06,0.0,255,3,0.01,0.09,0.0,0.0,1.0,1.0,0.0,1,82060.0
31541,tcp,private,RSTR,1,0,0,0,0,0,0,0,0,2,0.0,0.0,1.0,1.0,1.0,0.0,0.0,255,2,0.01,0.82,1.0,0.0,0.0,0.0,1.0,1,81093.0
0,udp,other,SF,516,4,0,0,0,0,0,0,0,169,0.0,0.0,0.0,0.0,1.0,0.0,0.0,169,169,1.0,0.0,1.0,0.0,0.0,0.0,0.0,0,33365.0
0,udp,private,SF,1,0,0,0,0,0,0,0,0,68,0.0,0.0,0.0,0.0,0.6,0.06,0.0,255,105,0.41,0.06,1.0,0.0,0.0,0.0,0.0,1,65033.0
0,udp,private,SF,1,0,0,0,0,0,0,0,0,47,0.0,0.0,0.0,0.0,0.43,0.09,0.0,255,86,0.34,0.06,1.0,0.0,0.0,0.0,0.0,1,19003.0
0,tcp,http,SF,218,406,0,0,1,0,0,0,0,2,0.0,0.0,0.0,0.0,1.0,0.0,0.0,255,255,1.0,0.0,0.0,0.0,0.0,0.0,0.0,0,58985.0
0,tcp,http,SF,204,484,0,0,1,0,0,0,0,32,0.0,0.0,0.0,0.0,1.0,0.0,0.09,255,255,1.0,0.0,0.0,0.0,0.0,0.0,0.0,0,105552.0
0,tcp,http,SF,209,5320,0,0,1,0,0,0,0,16,0.0,0.0,0.0,0.0,1.0,0.0,0.0,255,255,1.0,0.0,0.0,0.0,0.0,0.0,0.0,0,29139.0
0,tcp,private,S0,0,0,0,0,0,0,0,0,0,99,1.0,1.0,0.0,0.0,0.1,0.06,0.0,255,33,0.13,0.05,0.0,0.0,1.0,1.0,0.0,1,98785.0
0,tcp,ftp_data,SF,88382,0,0,0,1,0,0,1,0,21,0.0,0.0,0.0,0.0,1.0,0.0,0.0,73,46,0.37,0.08,0.37,0.04,0.0,0.0,0.0,0,122120.0
0,tcp,http,SF,310,654,0,0,1,0,0,0,0,29,0.0,0.0,0.0,0.0,1.0,0.0,0.0,29,255,1.0,0.0,0.03,0.02,0.0,0.0,0.0,0,71306.0
0,tcp,http,SF,232,2239,0,0,1,0,0,0,0,4,0.0,0.0,0.0,0.0,1.0,0.0,0.06,255,245,0.96,0.01,0.0,0.0,0.0,0.0,0.0,0,116157.0
0,tcp,http,SF,252,18968,0,0,1,0,0,0,0,2,0.0,0.0,0.0,0.0,1.0,0.0,0.0,252,255,1.0,0.0,0.0,0.01,0.0,0.0,0.0,0,81481.0
0,tcp,http,SF,292,7829,0,0,1,0,0,0,0,5,0.2,0.2,0.0,0.0,1.0,0.0,0.0,255,255,1.0,0.0,0.0,0.0,0.0,0.0,0.0,0,96268.0
2,tcp,smtp,SF,2526,372,0,0,1,0,0,0,0,1,0.0,0.0,0.0,0.0,1.0,0.0,0.0,255,117,0.46,0.02,0.0,0.0,0.0,0.01,0.0,0,6417.0
0,tcp,smtp,SF,1699,334,0,0,1,0,0,0,0,1,0.0,0.0,0.0,0.0,1.0,0.0,0.0,104,204,0.76,0.03,0.01,0.01,0.0,0.0,0.0,0,65294.0
0,tcp,http,S1,260,42340,0,0,1,0,0,0,0,1,1.0,0.5,0.0,0.0,1.0,0.0,1.0,255,255,1.0,0.0,0.0,0.0,0.01,0.01,0.0,0,59219.0
0,tcp,http,S1,286,10584,0,0,1,0,0,0,0,1,1.0,1.0,0.0,0.0,1.0,0.0,0.0,1,255,1.0,0.0,1.0,0.04,1.0,0.01,0.0,0,57997.0
20,tcp,ftp,SF,233,766,0,4,1,0,0,0,0,1,0.0,0.0,0.0,0.0,1.0,0.0,0.0,146,23,0.16,0.49,0.01,0.0,0.0,0.0,0.04,0,13456.0
0,tcp,http,SF,212,808,0,0,1,0,0,0,0,9,0.0,0.0,0.0,0.0,1.0,0.0,0.2,36,255,1.0,0.0,0.03,0.04,0.0,0.0,0.0,0,87900.0
0,tcp,http,SF,338,283,0,0,1,0,0,0,0,6,0.0,0.0,0.0,0.0,1.0,0.0,0.0,255,240,0.94,0.02,0.0,0.0,0.0,0.0,0.0,0,92625.0
0,tcp,http,SF,346,3317,0,0,1,0,0,0,0,27,0.0,0.0,0.0,0.0,1.0,0.0,0.0,152,255,1.0,0.0,0.01,0.01,0.0,0.0,0.0,0,34801.0
0,udp,domain_u,SF,32,32,0,0,0,0,0,0,0,2,0.0,0.0,0.0,0.0,1.0,0.0,0.6,255,235,0.92,0.01,0.0,0.0,0.0,0.0,0.0,0,40881.0
0,tcp,smtp,SF,1153,330,0,0,1,0,0,0,0,1,0.0,0.0,0.0,0.0,1.0,0.0,0.0,157,110,0.7,0.04,0.01,0.0,0.0,0.0,0.0,0,32973.0
0,tcp,http,SF,325,5993,0,0,1,0,0,0,0,6,0.0,0.0,0.0,0.0,1.0,0.0,0.21,22,255,1.0,0.0,0.05,0.07,0.0,0.0,0.0,0,111130.0
4,tcp,smtp,SF,1483,337,0,0,1,0,0,0,0,1,0.0,0.0,0.0,0.0,1.0,0.0,1.0,52,203,0.6,0.06,0.02,0.01,0.0,0.0,0.0,0,108717.0
0,tcp,http,SF,247,2955,0,0,1,0,0,0,0,3,0.33,0.33,0.0,0.0,1.0,0.0,0.0,130,255,1.0,0.0,0.01,0.05,0.01,0.0,0.59,0,22148.0
0,tcp,ftp_data,SF,12,0,0,0,0,0,0,0,0,2,0.0,0.0,0.0,0.0,1.0,0.0,0.0,231,94,0.4,0.03,0.4,0.02,0.0,0.0,0.0,0,36053.0
0,tcp,http,SF,285,1929,0,0,1,0,0,0,0,10,0.0,0.0,0.0,0.0,1.0,0.0,0.0,10,255,1.0,0.0,0.1,0.03,0.0,0.0,0.0,0,104824.0
0,tcp,http,SF,309,1643,0,0,1,0,0,0,0,2,0.0,0.0,0.0,0.0,1.0,0.0,0.67,9,254,1.0,0.0,0.11,0.03,0.0,0.0,0.01,0,60298.0
0,tcp,http,SF,323,1414,0,0,1,0,0,0,0,14,0.0,0.0,0.0,0.0,1.0,0.0,0.11,125,255,1.0,0.0,0.01,0.01,0.0,0.0,0.0,0,47620.0
0,udp,domain_u,SF,45,128,0,0,0,0,0,0,0,270,0.0,0.0,0.0,0.0,1.0,0.0,0.0,255,251,0.98,0.01,0.0,0.0,0.0,0.0,0.0,0,30088.0
0,tcp,private,S0,0,0,0,0,0,0,0,0,0,187,0.99,1.0,0.01,0.0,0.03,0.08,0.0,255,5,0.02,0.08,0.0,0.0,1.0,1.0,0.0,1,54488.0
5,tcp,smtp,SF,1027,329,0,0,1,0,0,0,0,1,0.0,0.0,0.0,0.0,1.0,0.0,0.0,69,60,0.87,0.04,0.01,0.0,0.0,0.0,0.0,0,86934.0
0,tcp,ftp_data,SF,192,0,0,0,1,0,0,0,0,2,0.0,0.0,0.0,0.0,1.0,0.0,0.0,129,117,0.45,0.02,0.45,0.02,0.0,0.0,0.0,0,830.0
0,tcp,http,SF,232,1075,0,0,1,0,0,0,0,2,0.0,0.0,0.0,0.0,1.0,0.0,0.06,255,243,0.95,0.01,0.0,0.0,0.0,0.0,0.0,0,90379.0
0,tcp,imap4,SH,0,0,0,0,0,0,0,0,0,1,1.0,0.76,0.0,0.04,1.0,0.0,0.37,7,7,1.0,0.0,0.71,0.0,0.57,0.57,0.0,1,58304.0
8,udp,domain_u,SF,42,42,0,0,0,0,0,0,0,8,0.0,0.0,0.0,0.0,1.0,0.0,0.0,255,244,0.96,0.01,0.0,0.0,0.0,0.0,0.0,0,89839.0
0,tcp,ftp_data,SF,12,0,0,0,1,0,0,0,0,2,0.0,0.0,0.0,0.0,1.0,0.0,0.0,38,24,0.16,0.13,0.16,0.08,0.0,0.0,0.0,0,65153.0
0,tcp,ftp_data,SF,1363,0,0,0,1,0,0,0,0,10,0.0,0.0,0.0,0.0,1.0,0.0,0.17,140,112,0.36,0.03,0.36,0.03,0.0,0.0,0.0,0,50564.0
3920,udp,other,SF,147,105,0,0,0,0,0,0,0,2,0.0,0.0,0.0,0.0,1.0,0.0,0.0,255,2,0.01,0.83,1.0,0.0,0.0,0.0,0.0,0,83424.0
0,tcp,http,SF,198,12161,0,0,1,0,0,0,0,11,0.0,0.0,0.0,0.0,1.0,0.0,0.0,255,255,1.0,0.0,0.0,0.0,0.0,0.0,0.0,0,37733.0
0,tcp,echo,S0,0,0,0,0,0,0,0,0,0,248,1.0,1.0,0.0,0.0,0.07,0.05,0.0,255,17,0.07,0.06,0.0,0.0,1.0,1.0,0.0,1,15913.0
0,tcp,http,SF,306,389,0,0,1,0,0,0,0,15,0.0,0.0,0.0,0.0,1.0,0.0,0.12,255,255,1.0,0.0,0.0,0.0,0.0,0.0,0.0,0,24998.0
2,tcp,smtp,SF,2695,334,0,0,1,0,0,0,0,1,0.0,0.0,0.0,0.0,1.0,0.0,1.0,96,192,0.95,0.04,0.01,0.01,0.03,0.02,0.0,0,68136.0
0,tcp,other,SF,59,0,0,0,1,0,0,0,0,5,0.0,0.0,0.0,0.0,0.2,0.6,0.0,112,1,0.01,0.07,0.15,0.0,0.02,0.0,0.0,0,20180.0
0,tcp,http,REJ,0,0,0,0,0,0,0,0,0,228,0.0,0.0,1.0,1.0,0.06,0.07,0.0,255,13,0.05,0.08,0.0,0.0,0.0,0.0,1.0,1,96651.0
0,tcp,smtp,SF,1064,327,0,0,1,0,0,0,0,1,0.0,0.0,0.0,0.0,1.0,0.0,0.0,4,94,0.75,0.5,0.25,0.03,0.0,0.0,0.0,0,101184.0
0,tcp,sql_net,S0,0,0,0,0,0,0,0,0,0,246,1.0,1.0,0.0,0.0,0.01,0.06,0.0,255,19,0.07,0.07,0.0,0.0,1.0,1.0,0.0,1,72954.0
0,tcp,http,SF,192,1194,0,0,1,0,0,0,0,5,0.0,0.0,0.0,0.0,1.0,0.0,0.0,5,255,1.0,0.0,0.2,0.04,0.0,0.0,0.0,0,103325.0
0,udp,domain_u,SF,44,128,0,0,0,0,0,0,0,148,0.0,0.0,0.0,0.0,1.0,0.0,0.0,255,254,1.0,0.01,0.0,0.0,0.0,0.0,0.0,0,8977.0
0,udp,domain_u,SF,46,46,0,0,0,0,0,0,0,160,0.0,0.0,0.0,0.0,1.0,0.0,0.01,255,255,1.0,0.0,0.01,0.0,0.0,0.0,0.0,0,110740.0
0,tcp,telnet,RSTO,125,179,0,1,0,0,0,0,0,2,0.0,0.0,1.0,1.0,1.0,0.0,0.0,9,9,1.0,0.0,0.11,0.0,0.11,0.11,0.89,1,60818.0
0,tcp,smtp,SF,854,452,0,0,1,0,0,0,0,1,0.0,0.0,0.0,0.0,1.0,0.0,1.0,79,168,0.41,0.04,0.01,0.01,0.0,0.0,0.0,0,18079.0
0,tcp,private,S0,0,0,0,0,0,0,0,0,0,194,1.0,1.0,0.0,0.0,0.03,0.06,0.0,255,16,0.06,0.07,0.0,0.0,1.0,1.0,0.0,1,111095.0
0,tcp,pop_3,S0,0,0,0,0,0,0,0,0,0,257,1.0,1.0,0.0,0.0,0.01,0.07,0.0,255,2,0.01,0.07,0.0,0.0,1.0,1.0,0.0,1,49085.0
0,tcp,ssh,S0,0,0,0,0,0,0,0,0,0,232,1.0,1.0,0.0,0.0,0.06,0.06,0.0,255,15,0.06,0.07,0.0,0.0,1.0,1.0,0.0,1,105776.0
0,tcp,auth,S0,0,0,0,0,0,0,0,0,0,289,1.0,1.0,0.0,0.0,0.07,0.05,0.0,255,1,0.0,0.08,0.0,0.0,1.0,1.0,0.0,1,16659.0
0,tcp,http,SF,281,7355,0,0,1,0,0,0,0,11,0.0,0.0,0.0,0.0,1.0,0.0,0.13,255,255,1.0,0.0,0.0,0.0,0.0,0.0,0.0,0,123744.0
0,icmp,eco_i,SF,8,0,0,0,0,0,0,0,0,1,0.0,0.0,0.0,0.0,1.0,0.0,1.0,2,129,1.0,0.0,1.0,0.5,0.0,0.0,0.0,1,11129.0
0,tcp,ftp_data,SF,768,0,0,0,1,0,0,0,0,16,0.0,0.0,0.0,0.0,1.0,0.0,0.0,79,44,0.56,0.04,0.56,0.0,0.0,0.0,0.0,0,37501.0
0,tcp,http,SF,239,569,0,0,1,0,0,0,0,1,0.0,0.0,0.0,0.0,1.0,0.0,0.0,3,255,1.0,0.0,0.33,0.07,0.0,0.0,0.0,0,117200.0
0,udp,private,SF,1,0,0,0,0,0,0,0,0,155,0.0,0.0,0.0,0.0,0.94,0.01,0.0,255,208,0.82,0.03,1.0,0.0,0.0,0.0,0.0,1,67945.0
0,tcp,telnet,S0,0,0,0,0,0,0,0,0,0,3,1.0,1.0,0.0,0.0,1.0,0.0,0.0,45,25,0.56,0.04,0.02,0.0,0.96,0.92,0.0,1,119214.0
0,tcp,ftp,RSTO,0,0,0,0,0,0,0,0,0,149,0.0,0.0,1.0,1.0,0.13,0.06,0.0,255,14,0.05,0.06,0.0,0.0,0.0,0.0,1.0,1,89135.0
0,udp,other,SF,516,4,0,0,0,0,0,0,0,442,0.0,0.0,0.0,0.0,1.0,0.0,0.0,255,255,1.0,0.0,1.0,0.0,0.0,0.0,0.0,0,13578.0
0,tcp,other,REJ,0,0,0,0,0,0,0,0,0,506,0.07,0.0,0.93,1.0,0.0,1.0,0.0,255,1,0.0,1.0,0.0,0.0,0.04,0.0,1.0,1,60146.0
38,tcp,telnet,SF,746,537176,0,0,1,0,0,0,0,1,0.0,0.0,0.0,0.0,1.0,0.0,0.0,167,25,0.15,0.03,0.01,0.0,0.0,0.0,0.0,0,31510.0
0,tcp,smtp,SF,1226,331,0,0,1,0,0,0,0,2,0.0,0.0,0.0,0.0,0.5,1.0,1.0,17,105,0.82,0.18,0.06,0.02,0.0,0.0,0.0,0,56350.0
0,icmp,eco_i,SF,8,0,0,0,0,0,0,0,0,1,0.0,0.0,0.0,0.0,1.0,0.0,1.0,2,26,1.0,0.0,1.0,0.5,0.0,0.0,0.0,1,107088.0
0,tcp,http,SF,299,267,0,0,1,0,0,0,0,19,0.0,0.0,0.0,0.04,1.0,0.0,0.21,77,255,1.0,0.0,0.01,0.02,0.0,0.0,0.0,0,90662.0
0,tcp,http,SF,322,2514,0,0,1,0,0,0,0,1,0.0,0.0,0.0,0.0,1.0,0.0,0.4,11,255,1.0,0.0,0.09,0.06,0.0,0.01,0.0,0,7118.0
0,tcp,http,SF,210,1537,0,0,1,0,0,0,0,8,0.0,0.0,0.0,0.0,1.0,0.0,0.0,33,255,1.0,0.0,0.03,0.04,0.0,0.0,0.0,0,13312.0
0,tcp,http,SF,187,17386,0,0,1,0,0,0,0,2,0.0,0.0,0.0,0.0,1.0,0.0,0.0,255,255,1.0,0.0,0.0,0.0,0.0,0.0,0.0,0,95810.0
0,tcp,http,SF,216,11094,0,0,1,0,0,0,0,7,0.0,0.0,0.0,0.0,1.0,0.0,0.25,168,255,1.0,0.0,0.01,0.01,0.0,0.0,0.0,0,27560.0
0,tcp,http,SF,206,28502,0,0,1,0,0,0,1,1,0.0,0.0,0.0,0.0,1.0,0.0,0.0,1,255,1.0,0.0,1.0,0.04,0.0,0.0,0.0,0,51460.0
0,tcp,gopher,S0,0,0,0,0,0,0,0,0,0,221,1.0,1.0,0.0,0.0,0.0,0.06,0.0,255,1,0.0,0.06,0.0,0.0,1.0,1.0,0.0,1,86805.0
0,tcp,Z39_50,REJ,0,0,0,0,0,0,0,0,0,194,0.0,0.0,1.0,1.0,0.07,0.07,0.0,255,14,0.05,0.07,0.0,0.0,0.0,0.0,1.0,1,89286.0
0,tcp,http,SF,324,1714,0,0,1,0,0,0,0,3,0.0,0.0,0.0,0.0,1.0,0.0,0.11,14,255,1.0,0.0,0.07,0.02,0.0,0.01,0.0,0,85871.0
0,tcp,smtp,SF,1330,329,0,0,1,0,0,0,0,1,0.0,0.0,0.0,0.0,1.0,0.0,0.0,6,164,0.83,0.33,0.17,0.02,0.0,0.02,0.01,0,27395.0
0,tcp,http,SF,243,13335,0,0,1,0,0,0,0,12,0.0,0.0,0.0,0.0,1.0,0.0,0.1,255,255,1.0,0.0,0.0,0.0,0.0,0.0,0.0,0,2267.0
0,tcp,telnet,S0,0,0,0,0,0,0,0,0,0,69,1.0,1.0,0.0,0.0,0.35,0.06,0.0,255,6,0.02,0.05,0.0,0.0,1.0,1.0,0.0,1,95453.0
0,tcp,ftp_data,S0,0,0,0,0,0,0,0,0,0,246,1.0,1.0,0.0,0.0,0.02,0.06,0.0,255,17,0.07,0.07,0.0,0.0,1.0,1.0,0.0,1,72322.0
0,tcp,private,S0,0,0,0,0,0,0,0,0,0,208,1.0,1.0,0.0,0.0,0.06,0.06,0.0,255,9,0.04,0.08,0.0,0.0,1.0,1.0,0.0,1,46441.0
0,tcp,private,S0,0,0,0,0,0,0,0,0,0,193,1.0,1.0,0.0,0.0,0.06,0.05,0.0,255,12,0.05,0.05,0.0,0.0,1.0,1.0,0.0,1,35985.0
0,tcp,pop_2,S0,0,0,0,0,0,0,0,0,0,270,1.0,1.0,0.0,0.0,0.03,0.05,0.0,255,9,0.04,0.05,0.0,0.0,1.0,1.0,0.0,1,62974.0
0,tcp,private,S0,0,0,0,0,0,0,0,0,0,32,1.0,1.0,0.0,0.0,0.44,0.19,0.0,255,14,0.05,0.07,0.0,0.0,1.0,1.0,0.0,1,67146.0
0,tcp,ftp_data,SF,26,0,0,0,1,0,0,0,0,2,0.0,0.0,0.0,0.0,1.0,0.0,0.0,255,64,0.25,0.02,0.02,0.0,0.87,0.94,0.0,0,108194.0
0,tcp,csnet_ns,SH,0,0,0,0,0,0,0,0,0,1,1.0,1.0,0.0,0.0,1.0,0.0,0.0,255,1,0.0,1.0,1.0,0.0,1.0,1.0,0.0,1,66241.0
0,tcp,ftp_data,SF,852,0,0,0,1,0,0,0,0,6,0.0,0.0,0.0,0.0,1.0,0.0,0.0,248,63,0.24,0.02,0.24,0.03,0.0,0.0,0.0,0,124960.0
0,udp,domain_u,SF,45,81,0,0,0,0,0,0,0,125,0.0,0.0,0.0,0.0,1.0,0.0,0.0,255,254,1.0,0.01,0.01,0.0,0.0,0.0,0.0,0,14640.0
0,udp,private,SF,28,0,3,0,0,0,0,0,0,66,0.0,0.0,0.0,0.0,1.0,0.0,0.0,138,66,0.48,0.03,0.48,0.0,0.0,0.0,0.0,1,48974.0
0,tcp,http,SF,301,7783,0,0,1,0,0,0,0,2,0.0,0.0,0.0,0.0,1.0,0.0,0.22,94,255,1.0,0.0,0.01,0.03,0.0,0.0,0.0,0,55892.0
28,tcp,ftp,SF,1479,4152,0,30,1,0,0,0,0,1,0.0,0.0,0.0,0.0,1.0,0.0,1.0,121,34,0.28,0.04,0.01,0.0,0.0,0.0,0.03,0,125297.0
0,tcp,private,S0,0,0,0,0,0,0,0,0,0,242,1.0,1.0,0.0,0.0,0.07,0.06,0.0,255,19,0.07,0.06,0.0,0.0,1.0,1.0,0.0,1,73291.0
0,tcp,http,SF,286,267,0,0,1,0,0,0,0,7,0.0,0.0,0.0,0.0,1.0,0.0,0.25,129,255,1.0,0.0,0.01,0.04,0.0,0.0,0.0,0,57250.0
0,tcp,ftp_data,SF,740,0,0,0,0,0,0,0,0,2,0.0,0.0,0.0,0.0,1.0,0.0,0.0,160,27,0.12,0.03,0.12,0.07,0.0,0.0,0.0,0,31958.0
0,tcp,http,REJ,0,0,0,0,0,0,0,0,0,1,0.0,0.0,1.0,1.0,1.0,0.0,1.0,47,238,1.0,0.0,0.02,0.24,0.0,0.0,1.0,0,123878.0
0,tcp,http,SF,310,498,0,0,1,0,0,0,0,14,0.0,0.0,0.0,0.0,1.0,0.0,0.17,255,255,1.0,0.0,0.0,0.0,0.0,0.0,0.0,0,40646.0
0,tcp,private,S0,0,0,0,0,0,0,0,0,0,176,1.0,1.0,0.0,0.0,0.01,0.06,0.0,215,1,0.0,0.07,0.0,0.0,0.93,1.0,0.0,1,82486.0
0,tcp,http,SF,221,989,0,0,1,0,0,0,0,9,0.0,0.0,0.0,0.0,1.0,0.0,0.27,255,255,1.0,0.0,0.0,0.0,0.0,0.0,0.0,0,46099.0
0,icmp,eco_i,SF,8,0,0,0,0,0,0,0,0,1,0.0,0.0,0.0,0.0,1.0,0.0,1.0,1,71,1.0,0.0,1.0,0.51,0.0,0.0,0.0,1,77025.0
0,tcp,ftp_data,SF,5929,0,0,0,1,0,0,0,0,12,0.0,0.0,0.0,0.0,1.0,0.0,0.15,251,57,0.23,0.13,0.33,0.0,0.02,0.02,0.0,0,120305.0
0,tcp,echo,S0,0,0,0,0,0,0,0,0,0,269,1.0,1.0,0.0,0.0,0.01,0.06,0.0,255,15,0.06,0.07,0.0,0.0,1.0,1.0,0.0,1,7469.0
0,tcp,private,S0,0,0,0,0,0,0,0,0,0,123,1.0,1.0,0.0,0.0,0.15,0.07,0.0,26,18,0.69,0.15,0.04,0.0,1.0,1.0,0.0,1,68593.0
1,tcp,smtp,SF,818,326,0,0,1,0,0,0,0,1,0.0,0.0,0.0,0.0,1.0,0.0,0.0,21,17,0.81,0.19,0.05,0.0,0.0,0.0,0.0,0,34466.0
0,tcp,smtp,SF,1317,367,0,0,1,0,0,0,0,1,0.0,0.0,0.0,0.0,1.0,0.0,0.0,5,166,0.8,0.4,0.2,0.02,0.0,0.0,0.0,0,9488.0
0,tcp,http,SF,229,753,0,0,1,0,0,0,0,6,0.0,0.0,0.0,0.0,1.0,0.0,0.25,255,255,1.0,0.0,0.0,0.0,0.0,0.0,0.0,0,114034.0
0,tcp,ftp,SF,1222,2449,0,28,1,0,0,0,0,1,0.0,0.0,0.0,0.0,1.0,0.0,0.0,255,106,0.42,0.02,0.0,0.0,0.0,0.0,0.0,1,87201.0
0,udp,private,SF,28,0,3,0,0,0,0,0,0,52,0.0,0.0,0.0,0.0,1.0,0.0,0.0,255,52,0.2,0.02,0.2,0.0,0.0,0.0,0.0,1,18735.0
0,tcp,http,SF,248,354,0,0,1,0,0,0,0,7,0.0,0.0,0.0,0.0,1.0,0.0,0.0,78,255,1.0,0.0,0.01,0.03,0.0,0.0,0.0,0,78238.0
0,tcp,netbios_dgm,S0,0,0,0,0,0,0,0,0,0,203,1.0,1.0,0.0,0.0,0.11,0.05,0.0,255,22,0.09,0.06,0.0,0.0,1.0,1.0,0.0,1,100217.0
0,tcp,ftp_data,SF,12,0,0,0,1,0,0,0,0,1,0.0,0.0,0.0,0.0,1.0,0.0,0.0,39,96,0.59,0.13,0.59,0.03,0.0,0.0,0.0,0,50728.0
0,tcp,smtp,SF,710,328,0,0,1,0,0,0,0,1,0.0,0.0,0.0,0.0,1.0,0.0,0.0,255,125,0.49,0.03,0.0,0.0,0.0,0.0,0.0,0,5595.0
0,tcp,private,S0,0,0,0,0,0,0,0,0,0,157,1.0,1.0,0.0,0.0,0.01,0.09,0.0,255,2,0.01,0.07,0.0,0.0,1.0,1.0,0.0,1,29809.0
0,tcp,http,SF,310,1946,0,0,1,0,0,0,0,3,0.0,0.0,0.0,0.0,1.0,0.0,0.0,10,255,1.0,0.0,0.1,0.02,0.0,0.0,0.0,0,122421.0
0,tcp,http,SF,223,327,0,0,1,0,0,0,0,9,0.0,0.0,0.0,0.0,1.0,0.0,0.17,68,255,1.0,0.0,0.01,0.04,0.0,0.0,0.0,0,116263.0
1,tcp,smtp,SF,1261,365,0,0,1,0,0,0,0,1,0.0,0.0,0.0,0.0,1.0,0.0,1.0,255,170,0.67,0.02,0.0,0.0,0.0,0.0,0.0,0,51613.0
0,tcp,http,SF,54540,8314,0,2,1,1,0,0,0,2,0.0,0.0,0.0,0.0,1.0,0.0,0.0,10,10,1.0,0.0,0.1,0.0,0.0,0.0,0.0,1,111439.0
0,tcp,telnet,S0,0,0,0,0,0,0,0,0,0,289,1.0,1.0,0.0,0.0,0.01,0.06,0.0,255,5,0.02,0.08,0.0,0.0,1.0,1.0,0.0,1,109781.0
0,tcp,http,SF,218,302,0,0,1,0,0,0,0,2,0.0,0.0,0.0,0.0,1.0,0.0,0.0,24,255,1.0,0.0,0.04,0.03,0.0,0.0,0.0,0,45797.0
0,tcp,ftp_data,SF,740,0,0,0,1,0,0,9,0,1,0.0,0.0,0.0,0.0,1.0,0.0,0.0,175,73,0.31,0.02,0.31,0.03,0.0,0.0,0.0,0,57993.0
0,tcp,ftp_data,S0,0,0,0,0,0,0,0,0,0,258,1.0,1.0,0.0,0.0,0.02,0.06,0.0,255,13,0.05,0.07,0.0,0.0,1.0,1.0,0.0,1,58064.0
0,udp,private,SF,105,146,0,0,0,0,0,0,0,1,0.0,0.0,0.0,0.0,1.0,0.0,0.0,249,231,0.93,0.01,0.0,0.0,0.0,0.0,0.0,0,123074.0
0,tcp,http,SF,206,2184,0,0,1,0,0,0,0,12,0.0,0.0,0.0,0.0,1.0,0.0,0.0,255,255,1.0,0.0,0.0,0.0,0.0,0.0,0.0,0,65201.0
25,udp,domain_u,SF,97,32,0,0,0,0,0,0,0,3,0.0,0.0,0.0,0.0,1.0,0.0,0.0,39,16,0.41,0.05,0.41,0.0,0.0,0.0,0.0,0,93572.0
0,tcp,private,REJ,0,0,0,0,0,0,0,0,0,75,0.0,0.0,1.0,1.0,0.19,0.07,0.0,255,4,0.02,0.06,0.0,0.0,0.0,0.0,1.0,1,3234.0
0,icmp,eco_i,SF,8,0,0,0,0,0,0,0,0,1,0.0,0.0,0.0,0.0,1.0,0.0,1.0,3,161,0.33,0.67,0.33,0.5,0.0,0.0,0.0,1,77316.0
0,tcp,finger,RSTO,0,0,0,0,0,0,0,0,0,1,0.0,0.0,1.0,1.0,1.0,0.0,0.0,196,6,0.02,0.03,0.01,0.33,0.0,0.0,0.17,0,74432.0
0,tcp,http,SF,208,6357,0,0,1,0,0,0,0,10,0.0,0.0,0.0,0.0,1.0,0.0,0.0,10,255,1.0,0.0,0.1,0.05,0.0,0.01,0.0,0,100733.0
0,tcp,private,S0,0,0,0,0,0,0,0,0,0,169,1.0,1.0,0.0,0.0,0.07,0.07,0.0,255,17,0.07,0.07,0.0,0.0,1.0,1.0,0.0,1,30010.0
0,tcp,http,SF,208,1006,0,0,1,0,0,0,0,6,0.0,0.0,0.0,0.0,1.0,0.0,0.2,255,255,1.0,0.0,0.0,0.0,0.0,0.0,0.0,0,31455.0
0,udp,domain_u,SF,45,135,0,0,0,0,0,0,0,230,0.0,0.0,0.0,0.0,1.0,0.0,0.01,255,253,0.99,0.01,0.0,0.0,0.0,0.0,0.0,0,39391.0
0,tcp,finger,S0,0,0,0,0,0,0,0,0,0,73,0.99,1.0,0.01,0.0,0.26,0.07,0.0,255,39,0.15,0.04,0.01,0.0,1.0,1.0,0.0,1,106474.0
0,udp,domain_u,SF,45,45,0,0,0,0,0,0,0,177,0.0,0.0,0.0,0.0,0.99,0.01,0.0,255,254,1.0,0.01,0.01,0.0,0.0,0.0,0.0,0,43182.0
0,tcp,ftp_data,SF,3482,0,0,0,0,0,0,0,0,1,0.0,0.0,0.0,0.0,1.0,0.0,0.0,162,27,0.14,0.02,0.14,0.07,0.0,0.0,0.0,0,12931.0
0,tcp,ftp_data,SF,641,0,0,0,0,0,0,0,0,1,0.0,0.0,0.0,0.0,1.0,0.0,0.0,176,37,0.21,0.02,0.21,0.0,0.0,0.0,0.0,0,31457.0
0,tcp,ftp_data,SF,194,0,0,0,1,0,0,0,0,1,0.0,0.0,0.0,0.0,1.0,0.0,0.0,5,102,0.8,0.4,0.8,0.03,0.0,0.01,0.0,0,84898.0
0,icmp,eco_i,SF,18,0,0,0,0,0,0,0,0,1,0.0,0.0,0.0,0.0,1.0,0.0,0.0,1,220,1.0,0.0,1.0,1.0,0.0,0.0,0.0,1,63239.0
0,tcp,auth,S0,0,0,0,0,0,0,0,0,0,207,1.0,1.0,0.0,0.0,0.01,0.08,0.0,255,3,0.01,0.09,0.0,0.0,1.0,1.0,0.0,1,121681.0
0,icmp,eco_i,SF,8,0,0,0,0,0,0,0,0,1,0.0,0.0,0.0,0.0,1.0,0.0,1.0,1,73,1.0,0.0,1.0,0.52,0.0,0.0,0.0,1,73735.0
0,tcp,systat,S0,0,0,0,0,0,0,0,0,0,116,1.0,1.0,0.0,0.0,0.14,0.08,0.0,255,16,0.06,0.07,0.0,0.0,1.0,1.0,0.0,1,53159.0
0,tcp,http,SF,214,21815,0,0,1,0,0,0,0,3,0.0,0.0,0.0,0.0,1.0,0.0,0.0,31,255,1.0,0.0,0.03,0.07,0.0,0.0,0.0,0,24560.0
0,tcp,systat,S0,0,0,0,0,0,0,0,0,0,248,1.0,1.0,0.0,0.0,0.08,0.05,0.0,255,19,0.07,0.07,0.0,0.0,1.0,1.0,0.0,1,72122.0
0,tcp,http,REJ,0,0,0,0,0,0,0,0,0,279,0.0,0.0,1.0,1.0,0.07,0.06,0.0,255,19,0.07,0.07,0.0,0.0,0.0,0.0,1.0,1,48135.0
0,tcp,http,SF,299,950,0,0,1,0,0,0,0,5,0.0,0.0,0.0,0.0,1.0,0.0,0.0,255,255,1.0,0.0,0.0,0.0,0.0,0.0,0.0,0,46515.0
0,tcp,private,S0,0,0,0,0,0,0,0,0,0,99,1.0,1.0,0.0,0.0,0.14,0.06,0.0,255,11,0.04,0.07,0.0,0.0,1.0,1.0,0.0,1,46162.0
0,tcp,ftp_data,S0,0,0,0,0,0,0,0,0,0,55,1.0,1.0,0.0,0.0,0.2,0.07,0.0,255,53,0.21,0.04,0.01,0.0,1.0,1.0,0.0,1,29588.0
0,tcp,http,SF,209,3556,0,0,1,0,0,0,0,11,0.0,0.0,0.0,0.0,1.0,0.0,0.0,81,255,1.0,0.0,0.01,0.03,0.0,0.0,0.0,0,26202.0
0,tcp,http,SF,156,307,0,0,1,0,0,0,0,1,0.0,0.0,0.0,0.0,1.0,0.0,0.0,36,36,1.0,0.0,0.03,0.0,0.0,0.0,0.0,0,7754.0
0,tcp,private,S0,0,0,0,0,0,0,0,0,0,118,1.0,1.0,0.0,0.0,0.06,0.07,0.0,255,8,0.03,0.07,0.0,0.0,1.0,1.0,0.0,1,60986.0
0,udp,domain_u,SF,45,75,0,0,0,0,0,0,0,165,0.0,0.0,0.0,0.0,0.99,0.01,0.0,255,254,1.0,0.01,0.01,0.0,0.0,0.0,0.0,0,52025.0
1,tcp,smtp,SF,839,332,0,0,1,0,0,0,0,1,0.0,0.0,0.0,0.0,1.0,0.0,1.0,135,121,0.54,0.04,0.01,0.02,0.0,0.0,0.0,0,103575.0
0,tcp,domain,SF,48,266,0,0,1,0,0,0,0,76,0.0,0.0,0.0,0.0,0.01,0.03,0.0,255,1,0.0,0.01,0.0,0.0,0.0,0.0,0.0,0,124921.0
0,tcp,private,S0,0,0,0,0,0,0,0,0,0,217,1.0,1.0,0.0,0.0,0.09,0.06,0.0,255,16,0.06,0.07,0.0,0.0,1.0,1.0,0.0,1,95213.0
0,tcp,private,S0,0,0,0,0,0,0,0,0,0,185,1.0,1.0,0.0,0.0,0.03,0.09,0.0,255,5,0.02,0.08,0.0,0.0,1.0,1.0,0.0,1,50092.0
0,tcp,http,SF,293,8390,0,0,1,0,0,0,0,5,0.0,0.0,0.0,0.0,1.0,0.0,0.0,5,255,1.0,0.0,0.2,0.04,0.0,0.0,0.0,0,124380.0
0,tcp,login,S0,0,0,0,0,0,0,0,0,0,138,1.0,1.0,0.0,0.0,0.14,0.06,0.0,255,18,0.07,0.07,0.0,0.0,1.0,1.0,0.0,1,104484.0
0,tcp,http,SF,224,8545,0,0,1,0,0,0,0,2,0.0,0.0,0.0,0.0,1.0,0.0,0.0,44,255,1.0,0.0,0.02,0.02,0.0,0.0,0.0,0,13707.0
0,tcp,http,SF,262,961,0,0,1,0,0,0,0,10,0.0,0.0,0.0,0.0,1.0,0.0,0.17,63,255,1.0,0.0,0.02,0.03,0.0,0.01,0.0,0,90107.0
0,tcp,csnet_ns,S0,0,0,0,0,0,0,0,0,0,259,1.0,1.0,0.0,0.0,0.02,0.06,0.0,255,5,0.02,0.06,0.0,0.0,1.0,1.0,0.0,1,19539.0
0,tcp,login,S0,0,0,0,0,0,0,0,0,0,118,1.0,1.0,0.0,0.0,0.15,0.07,0.0,255,1,0.0,0.07,0.0,0.0,1.0,1.0,0.0,1,86831.0
0,tcp,private,S0,0,0,0,0,0,0,0,0,0,245,1.0,1.0,0.0,0.0,0.07,0.06,0.0,255,4,0.02,0.08,0.0,0.0,1.0,1.0,0.0,1,106367.0
0,tcp,http,SF,298,1589,0,0,1,0,0,0,0,2,0.0,0.0,0.0,0.0,1.0,0.0,0.08,8,53,1.0,0.0,0.12,0.09,0.0,0.0,0.0,0,104887.0
0,tcp,smtp,SF,1698,390,0,0,1,0,0,0,0,1,0.0,0.0,0.0,0.0,1.0,0.0,0.0,255,96,0.38,0.25,0.0,0.0,0.25,0.0,0.0,0,70232.0
0,udp,other,SF,147,0,0,0,0,0,0,0,0,1,0.0,0.0,0.0,0.0,1.0,0.0,0.0,255,2,0.01,0.85,0.99,0.0,0.0,0.0,0.0,0,76373.0
0,tcp,http,SF,317,4103,0,0,1,0,0,0,0,11,0.0,0.0,0.0,0.0,1.0,0.0,0.11,14,255,1.0,0.0,0.07,0.02,0.0,0.0,0.0,0,8061.0
0,tcp,ftp_data,S1,13140,0,0,0,1,0,0,0,0,3,0.33,0.33,0.0,0.0,1.0,0.0,0.0,84,31,0.11,0.04,0.11,0.06,0.01,0.03,0.0,0,49668.0
31441,tcp,private,RSTR,1,0,0,0,0,0,0,0,0,2,0.0,0.0,1.0,1.0,1.0,0.0,0.0,255,2,0.01,0.82,1.0,0.0,0.0,0.0,1.0,1,110769.0
0,tcp,http_443,S0,0,0,0,0,0,0,0,0,0,125,1.0,1.0,0.0,0.0,0.02,0.06,0.0,255,3,0.01,0.07,0.0,0.0,1.0,1.0,0.0,1,82971.0
0,tcp,ftp_data,S0,0,0,0,0,0,0,0,0,0,24,0.96,1.0,0.04,0.0,0.12,0.12,0.0,255,14,0.05,0.06,0.01,0.0,1.0,1.0,0.0,1,26022.0
0,tcp,http,SF,306,2698,0,0,1,0,0,0,1,4,0.0,0.0,0.0,0.2,1.0,0.0,0.4,255,240,0.94,0.01,0.0,0.0,0.0,0.0,0.0,0,208.0
0,tcp,http,SF,232,3550,0,0,1,0,0,0,0,25,0.04,0.04,0.0,0.0,1.0,0.0,0.0,255,255,1.0,0.0,0.0,0.0,0.0,0.0,0.0,0,67329.0
0,tcp,ftp_data,SF,1699,0,0,0,1,0,0,0,0,4,0.0,0.0,0.0,0.0,1.0,0.0,0.0,15,96,0.93,0.13,0.93,0.03,0.0,0.0,0.0,0,39593.0
0,tcp,http,SF,252,3202,0,0,1,0,0,0,0,5,0.0,0.0,0.0,0.0,1.0,0.0,0.0,40,255,1.0,0.0,0.03,0.04,0.0,0.0,0.0,0,76434.0
0,udp,other,SF,516,4,0,0,0,0,0,0,0,335,0.0,0.0,0.0,0.0,1.0,0.0,0.0,255,255,1.0,0.0,1.0,0.0,0.0,0.0,0.0,0,125921.0
0,tcp,http,SF,231,2798,0,0,1,0,0,0,0,3,0.0,0.0,0.0,0.0,1.0,0.0,0.0,115,255,1.0,0.0,0.01,0.01,0.0,0.0,0.0,0,114625.0
0,tcp,http,SF,54540,8314,0,2,1,1,0,0,0,2,0.0,0.0,0.0,0.0,1.0,0.0,0.0,39,39,1.0,0.0,0.03,0.0,0.0,0.0,0.0,1,14248.0
0,tcp,http,SF,338,4218,0,0,1,0,0,0,0,5,0.0,0.0,0.0,0.0,1.0,0.0,0.0,19,255,1.0,0.0,0.05,0.04,0.0,0.0,0.0,0,11216.0
0,udp,domain_u,SF,43,135,0,0,0,0,0,0,0,68,0.0,0.0,0.0,0.0,1.0,0.0,0.01,255,254,1.0,0.01,0.0,0.0,0.0,0.0,0.0,0,23238.0
0,tcp,http,REJ,0,0,0,0,0,0,0,0,0,1,0.0,0.0,1.0,1.0,1.0,0.0,1.0,14,255,1.0,0.0,0.07,0.14,0.0,0.0,0.8,0,11719.0
0,udp,domain_u,SF,46,82,0,0,0,0,0,0,0,246,0.0,0.0,0.0,0.0,1.0,0.0,0.0,255,254,1.0,0.01,0.0,0.0,0.0,0.0,0.0,0,104720.0
0,tcp,sunrpc,RSTO,0,0,0,0,0,0,0,0,0,187,0.0,0.0,1.0,1.0,0.06,0.07,0.0,255,11,0.04,0.08,0.0,0.0,0.0,0.0,1.0,1,106164.0
0,tcp,private,S0,0,0,0,0,0,0,0,0,0,247,1.0,1.0,0.0,0.0,0.08,0.06,0.0,255,4,0.02,0.08,0.0,0.0,1.0,1.0,0.0,1,92557.0
0,tcp,name,REJ,0,0,0,0,0,0,0,0,0,260,0.0,0.0,1.0,1.0,0.07,0.07,0.0,255,18,0.07,0.07,0.0,0.0,0.0,0.0,1.0,1,116030.0
0,icmp,eco_i,SF,30,0,0,0,0,0,0,0,0,4,0.0,0.0,0.0,0.0,0.25,0.5,0.0,255,32,0.13,0.01,0.61,0.0,0.0,0.0,0.0,0,73373.0
0,udp,domain_u,SF,43,113,0,0,0,0,0,0,0,114,0.0,0.0,0.0,0.0,1.0,0.0,0.03,255,255,1.0,0.0,0.0,0.0,0.0,0.0,0.0,0,80742.0
0,tcp,Z39_50,S0,0,0,0,0,0,0,0,0,0,243,1.0,1.0,0.0,0.0,0.01,0.07,0.0,255,2,0.01,0.07,0.0,0.0,1.0,1.0,0.0,1,70864.0
0,tcp,private,S0,0,0,0,0,0,0,0,0,0,55,1.0,1.0,0.0,0.0,0.35,0.05,0.0,255,19,0.07,0.05,0.0,0.0,1.0,1.0,0.0,1,6125.0
0,tcp,http,S0,0,0,0,0,0,0,0,0,0,45,1.0,1.0,0.0,0.0,0.24,0.13,0.0,255,11,0.04,0.08,0.0,0.0,1.0,1.0,0.0,1,38078.0
0,tcp,ssh,REJ,0,0,0,0,0,0,0,0,0,130,0.0,0.0,1.0,1.0,0.15,0.07,0.0,255,20,0.08,0.07,0.0,0.0,0.0,0.0,1.0,1,124763.0
0,tcp,ftp_data,S0,0,0,0,0,0,0,0,0,0,67,0.99,1.0,0.01,0.0,0.22,0.07,0.0,255,35,0.14,0.05,0.01,0.0,1.0,1.0,0.0,1,116818.0
0,tcp,http,REJ,0,0,0,0,0,0,0,0,0,45,0.0,0.0,0.96,1.0,0.02,1.0,0.0,163,2,0.01,0.34,0.01,0.0,0.0,0.0,1.0,1,84684.0
0,tcp,http,SF,235,1695,0,0,1,0,0,0,0,11,0.0,0.0,0.0,0.0,1.0,0.0,0.1,255,255,1.0,0.0,0.0,0.0,0.0,0.0,0.0,0,47849.0
0,tcp,private,S0,0,0,0,0,0,0,0,0,0,222,1.0,1.0,0.0,0.0,0.02,0.06,0.0,255,10,0.04,0.07,0.0,0.0,1.0,1.0,0.0,1,97388.0
2,tcp,ftp_data,SF,2194619,0,0,0,1,0,0,0,0,2,0.0,0.0,0.0,0.0,1.0,0.0,0.0,119,134,0.57,0.05,0.57,0.01,0.0,0.0,0.0,0,119276.0
0,tcp,private,S0,0,0,0,0,0,0,0,0,0,272,1.0,1.0,0.0,0.0,0.07,0.05,0.0,255,20,0.08,0.06,0.0,0.0,1.0,1.0,0.0,1,107803.0
0,icmp,ecr_i,SF,1032,0,0,0,0,0,0,0,0,511,0.0,0.0,0.0,0.0,1.0,0.0,0.0,255,93,0.36,0.1,0.36,0.0,0.0,0.0,0.0,1,98569.0
484,tcp,smtp,SF,2974,327,0,0,1,0,0,0,0,1,0.0,0.0,0.0,0.0,1.0,0.0,0.0,148,37,0.25,0.48,0.01,0.0,0.0,0.0,0.0,0,94838.0
0,tcp,http,S0,0,0,0,0,0,0,0,0,0,21,1.0,1.0,0.0,0.0,0.24,0.19,0.0,255,45,0.18,0.04,0.0,0.0,1.0,1.0,0.0,1,86132.0
0,tcp,private,S0,0,0,0,0,0,0,0,0,0,234,1.0,1.0,0.0,0.0,0.03,0.06,0.0,255,7,0.03,0.07,0.0,0.0,1.0,1.0,0.0,1,25036.0
0,tcp,http,SF,235,1380,0,0,1,0,0,0,0,4,0.0,0.0,0.0,0.0,1.0,0.0,0.0,255,243,0.95,0.01,0.0,0.0,0.03,0.03,0.0,0,55728.0
0,tcp,auth,S0,0,0,0,0,0,0,0,0,0,296,1.0,1.0,0.0,0.0,0.06,0.05,0.0,255,5,0.02,0.07,0.0,0.0,1.0,1.0,0.0,1,88929.0
885,udp,other,SF,147,105,0,0,0,0,0,0,0,1,0.0,0.0,0.0,0.0,1.0,0.0,0.0,255,2,0.01,0.63,0.93,0.0,0.0,0.0,0.0,0,107526.0
0,tcp,auth,S0,0,0,0,0,0,0,0,0,0,276,1.0,1.0,0.0,0.0,0.03,0.06,0.0,255,9,0.04,0.06,0.0,0.0,1.0,1.0,0.0,1,76.0
0,udp,domain_u,SF,43,134,0,0,0,0,0,0,0,72,0.0,0.0,0.0,0.0,1.0,0.0,0.01,255,237,0.93,0.01,0.0,0.0,0.0,0.0,0.0,0,96403.0
0,tcp,smtp,SF,6163,398,0,0,1,0,0,0,0,1,0.0,0.0,0.0,0.0,1.0,0.0,0.0,255,8,0.03,0.07,0.0,0.0,0.96,0.0,0.0,0,83929.0
0,tcp,vmnet,S0,0,0,0,0,0,0,0,0,0,105,1.0,1.0,0.0,0.0,0.13,0.06,0.0,255,13,0.05,0.07,0.0,0.0,1.0,1.0,0.0,1,26570.0
0,tcp,login,S0,0,0,0,0,0,0,0,0,0,4,1.0,1.0,0.0,0.0,0.5,0.5,0.0,255,2,0.01,0.07,0.0,0.0,1.0,1.0,0.0,1,2099.0
0,tcp,other,REJ,0,0,0,0,0,0,0,0,0,1,0.0,0.0,1.0,1.0,1.0,0.0,0.0,15,15,1.0,0.0,0.07,0.0,0.0,0.0,1.0,0,71914.0
0,tcp,private,REJ,0,0,0,0,0,0,0,0,0,238,0.0,0.0,1.0,1.0,0.05,0.07,0.0,255,11,0.04,0.07,0.0,0.0,0.0,0.0,1.0,1,36799.0
0,tcp,other,S0,0,0,0,0,0,0,0,0,0,241,1.0,1.0,0.0,0.0,0.03,0.07,0.0,255,8,0.03,0.08,0.0,0.0,1.0,1.0,0.0,1,108017.0
0,tcp,http,SF,283,4768,0,0,1,0,0,0,0,26,0.0,0.0,0.0,0.0,1.0,0.0,0.0,255,255,1.0,0.0,0.0,0.0,0.0,0.0,0.0,0,119856.0
0,tcp,gopher,S0,0,0,0,0,0,0,0,0,0,247,1.0,1.0,0.0,0.0,0.07,0.05,0.0,255,18,0.07,0.05,0.0,0.0,1.0,1.0,0.0,1,42140.0
0,tcp,auth,S0,0,0,0,0,0,0,0,0,0,277,1.0,1.0,0.0,0.0,0.04,0.06,0.0,255,10,0.04,0.07,0.0,0.0,1.0,1.0,0.0,1,9295.0
0,tcp,ldap,S0,0,0,0,0,0,0,0,0,0,263,1.0,1.0,0.0,0.0,0.08,0.05,0.0,255,21,0.08,0.06,0.0,0.0,1.0,1.0,0.0,1,77326.0
0,udp,domain_u,SF,44,136,0,0,0,0,0,0,0,77,0.0,0.0,0.0,0.0,1.0,0.0,0.01,255,254,1.0,0.01,0.0,0.0,0.0,0.0,0.0,0,121999.0
0,tcp,http,SF,420,5369,0,0,1,0,0,0,0,20,0.0,0.0,0.0,0.0,1.0,0.0,0.0,255,255,1.0,0.0,0.0,0.0,0.0,0.0,0.0,0,49453.0
0,tcp,http,SF,192,7355,0,0,1,0,0,0,0,3,0.0,0.0,0.0,0.0,1.0,0.0,0.0,136,255,1.0,0.0,0.01,0.02,0.0,0.0,0.0,0,121385.0
0,tcp,http,SF,202,1737,0,0,1,0,0,0,0,6,0.0,0.0,0.0,0.0,1.0,0.0,0.0,24,255,1.0,0.0,0.04,0.07,0.0,0.0,0.0,0,112181.0
0,udp,domain_u,SF,45,129,0,0,0,0,0,0,0,75,0.0,0.0,0.0,0.0,0.99,0.03,0.01,255,215,0.84,0.02,0.0,0.0,0.0,0.0,0.0,0,107097.0
0,tcp,ftp_data,SF,748,0,0,0,0,0,0,0,0,1,0.0,0.0,0.0,0.0,1.0,0.0,0.0,72,29,0.15,0.06,0.15,0.07,0.0,0.0,0.0,0,18245.0
0,tcp,auth,S0,0,0,0,0,0,0,0,0,0,295,1.0,1.0,0.0,0.0,0.06,0.05,0.0,255,6,0.02,0.07,0.0,0.0,1.0,1.0,0.0,1,72939.0
0,tcp,discard,S0,0,0,0,0,0,0,0,0,0,269,1.0,1.0,0.0,0.0,0.02,0.06,0.0,255,6,0.02,0.07,0.0,0.0,1.0,1.0,0.0,1,91665.0
0,tcp,http,SF,309,284,0,0,1,0,0,0,0,6,0.0,0.0,0.0,0.0,1.0,0.0,0.0,118,255,1.0,0.0,0.01,0.02,0.0,0.0,0.0,0,83215.0
0,tcp,private,S0,0,0,0,0,0,0,0,0,0,206,1.0,1.0,0.0,0.0,0.01,0.07,0.0,255,3,0.01,0.07,0.0,0.0,1.0,1.0,0.0,1,99107.0
0,tcp,http,SF,213,2369,0,0,1,0,0,0,0,14,0.0,0.0,0.0,0.0,1.0,0.0,0.0,30,255,1.0,0.0,0.03,0.04,0.0,0.0,0.0,0,14931.0
7154,udp,other,SF,146,105,0,0,0,0,0,0,0,4,0.0,0.0,0.0,0.0,0.5,0.5,0.0,255,4,0.02,0.59,0.93,0.0,0.0,0.0,0.0,0,51744.0
0,tcp,private,S0,0,0,0,0,0,0,0,0,0,143,1.0,1.0,0.0,0.0,0.1,0.06,0.0,255,14,0.05,0.06,0.0,0.0,1.0,1.0,0.0,1,68017.0
0,tcp,http,SF,218,983,0,0,1,0,0,0,0,21,0.0,0.0,0.0,0.0,1.0,0.0,0.09,255,255,1.0,0.0,0.0,0.0,0.0,0.0,0.0,0,78593.0
0,icmp,eco_i,SF,8,0,0,0,0,0,0,0,0,1,0.0,0.0,0.0,0.0,1.0,0.0,1.0,4,196,1.0,0.0,1.0,0.25,0.0,0.0,0.0,1,36046.0
0,udp,private,SF,1,0,0,0,0,0,0,0,0,16,0.0,0.0,0.0,0.0,1.0,0.0,0.0,255,213,0.84,0.03,1.0,0.0,0.0,0.0,0.0,1,110330.0
0,tcp,http,SF,247,760,0,0,1,0,0,0,0,7,0.0,0.0,0.0,0.0,1.0,0.0,0.0,56,255,1.0,0.0,0.02,0.01,0.0,0.0,0.0,0,73949.0
0,tcp,systat,REJ,0,0,0,0,0,0,0,0,0,149,0.0,0.0,1.0,1.0,0.13,0.06,0.0,255,17,0.07,0.07,0.0,0.0,0.0,0.0,1.0,1,109152.0
2,tcp,ftp_data,SF,2194619,0,0,0,1,0,0,0,0,1,0.0,0.0,0.0,0.0,1.0,0.0,0.0,90,67,0.32,0.03,0.32,0.03,0.0,0.0,0.0,0,90224.0
0,tcp,hostnames,S0,0,0,0,0,0,0,0,0,0,211,1.0,1.0,0.0,0.0,0.09,0.07,0.0,255,18,0.07,0.08,0.0,0.0,1.0,1.0,0.0,1,53514.0
0,tcp,http,SF,204,2531,0,0,1,0,0,0,0,7,0.0,0.0,0.0,0.0,1.0,0.0,0.2,189,189,1.0,0.0,0.01,0.0,0.0,0.0,0.0,0,32169.0
0,tcp,http,SF,214,891,0,0,1,0,0,0,0,9,0.0,0.0,0.0,0.0,1.0,0.0,0.2,107,255,1.0,0.0,0.01,0.01,0.0,0.0,0.0,0,36846.0
0,tcp,private,S0,0,0,0,0,0,0,0,0,0,142,1.0,1.0,0.0,0.0,0.18,0.05,0.0,255,10,0.04,0.05,0.0,0.0,1.0,1.0,0.0,1,107128.0
0,tcp,private,S0,0,0,0,0,0,0,0,0,0,112,1.0,1.0,0.0,0.0,0.07,0.06,0.0,255,16,0.06,0.06,0.0,0.0,1.0,1.0,0.0,1,45302.0
0,tcp,http,SF,222,2342,0,0,1,0,0,0,0,2,0.0,0.0,0.0,0.0,1.0,0.0,0.67,255,255,1.0,0.0,0.0,0.0,0.0,0.0,0.0,0,37896.0
0,tcp,finger,SF,7,136,0,0,0,0,0,0,0,1,0.0,0.0,0.0,0.0,1.0,0.0,0.0,153,13,0.08,0.02,0.01,0.0,0.0,0.0,0.0,0,124419.0
0,udp,domain_u,SF,43,78,0,0,0,0,0,0,0,216,0.0,0.0,0.0,0.0,1.0,0.01,0.0,255,254,1.0,0.01,0.01,0.0,0.0,0.0,0.0,0,39760.0
0,tcp,http,SF,319,261,0,0,1,0,0,0,0,8,0.0,0.0,0.0,0.0,1.0,0.0,0.0,255,255,1.0,0.0,0.0,0.0,0.0,0.0,0.0,0,93923.0
0,tcp,http,SF,344,349,0,0,1,0,0,0,0,1,0.0,0.0,0.0,0.0,1.0,0.0,0.0,164,255,1.0,0.0,0.01,0.02,0.0,0.0,0.0,0,103413.0
0,tcp,http,SF,231,12426,0,0,1,0,0,0,0,13,0.0,0.04,0.0,0.0,1.0,0.0,0.08,255,255,1.0,0.0,0.0,0.0,0.0,0.0,0.0,0,61973.0
0,tcp,telnet,S0,0,0,0,0,0,0,0,0,0,102,1.0,1.0,0.0,0.0,0.02,0.07,0.0,255,2,0.01,0.06,0.0,0.0,1.0,1.0,0.0,1,29310.0
0,tcp,efs,S0,0,0,0,0,0,0,0,0,0,128,1.0,1.0,0.0,0.0,0.01,0.07,0.0,255,1,0.0,0.07,0.0,0.0,1.0,1.0,0.0,1,14961.0
0,udp,domain_u,SF,44,76,0,0,0,0,0,0,0,317,0.0,0.0,0.0,0.0,1.0,0.0,0.0,255,254,1.0,0.01,0.0,0.0,0.0,0.0,0.0,0,11818.0
0,udp,domain_u,SF,44,67,0,0,0,0,0,0,0,122,0.0,0.0,0.0,0.0,1.0,0.0,0.0,255,199,0.78,0.01,0.01,0.0,0.0,0.0,0.0,0,60023.0
0,icmp,ecr_i,SF,1032,0,0,0,0,0,0,0,0,510,0.0,0.0,0.0,0.0,1.0,0.0,0.0,255,43,0.17,0.18,0.17,0.0,0.0,0.0,0.0,1,34223.0
2129,udp,other,SF,147,105,0,0,0,0,0,0,0,1,0.0,0.0,0.0,0.0,1.0,0.0,0.0,255,3,0.01,0.51,0.92,0.0,0.0,0.0,0.0,0,52898.0
0,tcp,smtp,SF,1795,391,0,0,1,0,0,0,0,273,0.0,0.0,1.0,0.0,0.0,0.06,1.0,255,34,0.13,0.06,0.0,0.0,0.0,0.0,0.0,0,49767.0
0,tcp,private,S0,0,0,0,0,0,0,0,0,0,133,1.0,1.0,0.0,0.0,0.13,0.06,0.0,255,3,0.01,0.07,0.0,0.0,1.0,1.0,0.0,1,9487.0
0,tcp,private,S0,0,0,0,0,0,0,0,0,0,190,1.0,1.0,0.0,0.0,0.03,0.06,0.0,255,20,0.08,0.07,0.0,0.0,1.0,1.0,0.0,1,59432.0
24,tcp,ftp,SF,331,1054,0,6,1,0,0,0,0,1,0.0,0.0,0.0,0.0,1.0,0.0,0.0,227,52,0.23,0.03,0.0,0.0,0.0,0.0,0.02,0,33411.0
0,icmp,eco_i,SF,8,0,0,0,0,0,0,0,0,1,0.0,0.0,0.0,0.0,1.0,0.0,1.0,2,61,1.0,0.0,1.0,0.51,0.0,0.0,0.0,1,27801.0
0,tcp,supdup,REJ,0,0,0,0,0,0,0,0,0,233,0.0,0.0,1.0,1.0,0.03,0.06,0.0,255,6,0.02,0.07,0.0,0.0,0.0,0.0,1.0,1,66293.0
0,tcp,link,S0,0,0,0,0,0,0,0,0,0,205,1.0,1.0,0.0,0.0,0.08,0.05,0.0,255,16,0.06,0.05,0.0,0.0,1.0,1.0,0.0,1,102022.0
0,tcp,http,SF,202,1352,0,0,1,0,0,0,0,22,0.0,0.0,0.0,0.0,1.0,0.0,0.0,22,255,1.0,0.0,0.05,0.05,0.0,0.0,0.0,0,22595.0
0,tcp,netbios_ssn,S0,0,0,0,0,0,0,0,0,0,288,1.0,1.0,0.0,0.0,0.08,0.05,0.0,255,24,0.09,0.05,0.0,0.0,1.0,1.0,0.0,1,95637.0
0,tcp,http,SF,255,33119,0,0,1,0,0,0,0,1,0.0,0.0,0.0,0.0,1.0,0.0,0.0,255,251,0.98,0.01,0.0,0.0,0.0,0.0,0.0,0,118737.0
27,tcp,smtp,SF,12035,1458,0,0,1,0,0,0,0,1,0.0,0.0,0.0,0.0,1.0,0.0,0.0,142,110,0.77,0.03,0.01,0.0,0.0,0.0,0.0,0,101526.0
0,icmp,urp_i,SF,78,0,0,0,0,0,0,0,0,8,0.0,0.0,0.0,0.0,0.12,0.25,0.0,255,13,0.05,0.01,0.05,0.0,0.0,0.0,0.0,0,45876.0
0,tcp,private,S0,0,0,0,0,0,0,0,0,0,99,1.0,1.0,0.0,0.0,0.25,0.04,0.0,255,25,0.1,0.05,0.0,0.0,1.0,1.0,0.0,1,46148.0
0,udp,domain_u,SF,46,141,0,0,0,0,0,0,0,175,0.0,0.0,0.0,0.0,0.99,0.01,0.0,64,31,0.48,0.03,0.02,0.0,0.0,0.0,0.0,0,34079.0
0,tcp,private,S0,0,0,0,0,0,0,0,0,0,128,1.0,1.0,0.0,0.0,0.13,0.06,0.0,255,14,0.05,0.08,0.0,0.0,1.0,1.0,0.0,1,75986.0
32284,tcp,private,RSTR,1,0,0,0,0,0,0,0,0,2,0.0,0.0,1.0,1.0,1.0,0.0,0.0,255,2,0.01,0.81,1.0,0.0,0.0,0.0,1.0,1,10276.0
0,tcp,auth,S0,0,0,0,0,0,0,0,0,0,229,1.0,1.0,0.0,0.0,0.01,0.07,0.0,255,2,0.01,0.07,0.0,0.0,1.0,1.0,0.0,1,27206.0
0,tcp,http,SF,287,5200,0,0,1,0,0,0,0,18,0.0,0.0,0.0,0.0,1.0,0.0,0.0,68,255,1.0,0.0,0.01,0.02,0.0,0.0,0.0,0,84640.0
0,tcp,nnsp,S0,0,0,0,0,0,0,0,0,0,104,1.0,1.0,0.0,0.0,0.14,0.06,0.0,255,15,0.06,0.05,0.0,0.0,1.0,1.0,0.0,1,28184.0
7,tcp,telnet,S3,31,53,0,0,0,0,0,0,0,81,0.01,1.0,0.91,0.0,0.01,1.0,0.0,206,3,0.01,0.43,0.0,0.0,0.0,0.33,0.0,1,37692.0
0,tcp,http,SF,248,766,0,0,1,0,0,0,0,3,0.0,0.0,0.0,0.0,1.0,0.0,0.0,255,255,1.0,0.0,0.0,0.0,0.0,0.0,0.0,0,111527.0
1,tcp,smtp,SF,1027,328,0,0,1,0,0,0,0,1,0.0,0.0,0.0,0.0,1.0,0.0,0.0,215,181,0.7,0.03,0.0,0.01,0.0,0.0,0.0,0,56827.0
0,tcp,auth,S0,0,0,0,0,0,0,0,0,0,297,1.0,1.0,0.0,0.0,0.08,0.05,0.0,255,24,0.09,0.05,0.0,0.0,1.0,1.0,0.0,1,110620.0
0,tcp,http,SF,263,1630,0,0,1,0,0,0,0,2,0.0,0.0,0.0,0.0,1.0,0.0,0.0,14,2,0.14,0.21,0.07,0.0,0.5,0.0,0.0,0,2509.0
0,tcp,ctf,REJ,0,0,0,0,0,0,0,0,0,267,0.0,0.0,1.0,1.0,0.04,0.06,0.0,255,10,0.04,0.07,0.0,0.0,0.0,0.0,1.0,1,20936.0
0,tcp,iso_tsap,REJ,0,0,0,0,0,0,0,0,0,126,0.0,0.0,1.0,1.0,0.09,0.06,0.0,255,11,0.04,0.06,0.0,0.0,0.0,0.0,1.0,1,96001.0
0,tcp,http,S0,0,0,0,0,0,0,0,0,0,25,1.0,1.0,0.0,0.0,0.32,0.12,0.0,255,62,0.24,0.02,0.0,0.0,1.0,1.0,0.0,1,112580.0
0,tcp,http,SF,211,49082,0,0,1,0,0,0,0,2,0.0,0.0,0.0,0.0,1.0,0.0,0.4,2,255,1.0,0.0,0.5,0.05,0.0,0.0,0.0,0,71159.0
0,tcp,http,SF,307,5280,0,0,1,0,0,0,0,4,0.0,0.0,0.0,0.0,1.0,0.0,0.0,52,175,1.0,0.0,0.02,0.03,0.0,0.0,0.98,0,109091.0
0,tcp,ftp_data,SF,192,0,0,0,0,0,0,0,0,2,0.0,0.0,0.0,0.0,1.0,0.0,0.0,36,4,0.11,0.08,0.11,0.0,0.0,0.0,0.0,0,33999.0
0,tcp,http,SF,220,3336,0,0,1,0,0,0,0,3,0.0,0.0,0.0,0.0,1.0,0.0,0.5,8,255,1.0,0.0,0.12,0.02,0.0,0.0,0.0,0,113469.0
0,tcp,http,SF,222,6662,0,0,1,0,0,0,0,15,0.0,0.0,0.0,0.0,1.0,0.0,0.0,147,255,1.0,0.0,0.01,0.01,0.0,0.0,0.0,0,1504.0
0,udp,domain_u,SF,46,86,0,0,0,0,0,0,0,306,0.0,0.0,0.0,0.0,1.0,0.01,0.0,255,254,1.0,0.01,0.0,0.0,0.0,0.0,0.0,0,73461.0
0,tcp,smtp,SF,1523,328,0,0,1,0,0,0,0,2,0.0,0.0,0.0,0.0,0.5,1.0,1.0,14,152,0.71,0.21,0.07,0.01,0.0,0.0,0.0,0,109778.0
0,tcp,gopher,S0,0,0,0,0,0,0,0,0,0,150,1.0,1.0,0.0,0.0,0.09,0.05,0.0,255,2,0.01,0.08,0.0,0.0,1.0,1.0,0.0,1,101339.0
0,tcp,systat,S0,0,0,0,0,0,0,0,0,0,263,1.0,1.0,0.0,0.0,0.03,0.07,0.0,255,9,0.04,0.08,0.0,0.0,1.0,1.0,0.0,1,94904.0
0,tcp,mtp,S0,0,0,0,0,0,0,0,0,0,284,1.0,1.0,0.0,0.0,0.07,0.06,0.0,255,19,0.07,0.08,0.0,0.0,1.0,1.0,0.0,1,124105.0
0,udp,other,SF,1,0,0,0,0,0,0,0,0,10,0.0,0.0,0.0,0.0,0.1,0.8,0.0,255,1,0.0,0.22,1.0,0.0,0.0,0.0,0.0,1,18942.0
0,tcp,private,S0,0,0,0,0,0,0,0,0,0,121,1.0,1.0,0.0,0.0,0.14,0.07,0.0,221,1,0.0,0.07,0.0,0.0,1.0,1.0,0.0,1,67506.0
0,tcp,http,SF,230,284,0,0,1,0,0,0,0,8,0.0,0.0,0.0,0.0,1.0,0.0,0.04,60,255,1.0,0.0,0.02,0.05,0.0,0.0,0.0,0,82147.0
1,tcp,ftp,SF,1238,2451,0,28,1,0,0,0,0,1,0.0,0.0,0.0,0.0,1.0,0.0,0.0,255,123,0.48,0.02,0.0,0.0,0.0,0.0,0.0,1,506.0
0,tcp,klogin,S0,0,0,0,0,0,0,0,0,0,5,1.0,1.0,0.0,0.0,1.0,0.0,0.0,255,5,0.02,0.07,0.0,0.0,1.0,1.0,0.0,1,47916.0
0,tcp,http,SF,297,63112,0,0,1,0,0,0,0,4,0.0,0.0,0.0,0.0,1.0,0.0,0.4,52,255,1.0,0.0,0.02,0.04,0.0,0.01,0.0,0,65911.0
0,icmp,eco_i,SF,8,0,0,0,0,0,0,0,0,1,0.0,0.0,0.0,0.0,1.0,0.0,1.0,1,28,1.0,0.0,1.0,0.54,0.0,0.0,0.0,1,39949.0
0,udp,private,SF,1,0,0,0,0,0,0,0,0,23,0.0,0.0,0.0,0.0,0.39,0.22,0.0,255,47,0.18,0.45,0.71,0.0,0.0,0.0,0.0,1,104406.0
0,tcp,iso_tsap,S0,0,0,0,0,0,0,0,0,0,238,1.0,1.0,0.0,0.0,0.03,0.06,0.0,255,6,0.02,0.07,0.0,0.0,1.0,1.0,0.0,1,14869.0
0,tcp,http,SF,232,9743,0,0,1,0,0,0,0,1,0.0,0.0,0.0,0.0,1.0,0.0,0.0,83,255,1.0,0.0,0.01,0.06,0.0,0.0,0.0,0,83272.0
0,udp,private,SF,1,0,0,0,0,0,0,0,0,5,0.0,0.0,0.0,0.0,0.4,0.4,0.0,255,2,0.01,0.98,0.03,0.0,0.03,0.0,0.0,1,45547.0
0,tcp,kshell,S0,0,0,0,0,0,0,0,0,0,74,1.0,1.0,0.0,0.0,0.18,0.05,0.0,255,13,0.05,0.05,0.0,0.0,1.0,1.0,0.0,1,79428.0
0,tcp,http,REJ,0,0,0,0,0,0,0,0,0,1,0.0,0.0,1.0,1.0,1.0,0.0,0.0,3,24,1.0,0.0,0.33,0.12,0.0,0.0,1.0,0,48465.0
28,tcp,ftp,SF,1462,4152,0,30,1,0,0,0,0,1,0.0,0.0,0.0,0.0,1.0,0.0,0.0,160,32,0.2,0.05,0.01,0.0,0.0,0.0,0.0,0,42657.0
0,icmp,ecr_i,SF,1032,0,0,0,0,0,0,0,0,510,0.0,0.0,0.0,0.0,1.0,0.0,0.0,255,115,0.45,0.08,0.45,0.0,0.0,0.0,0.0,1,10237.0
0,tcp,private,REJ,0,0,0,0,0,0,0,0,0,272,0.0,0.0,1.0,1.0,0.06,0.06,0.0,255,15,0.06,0.07,0.0,0.0,0.0,0.0,1.0,1,45866.0
0,udp,domain_u,SF,34,88,0,0,0,0,0,0,0,1,0.0,0.0,0.0,0.0,1.0,0.0,0.8,255,218,0.85,0.01,0.0,0.0,0.0,0.0,0.0,0,11767.0
0,tcp,hostnames,S0,0,0,0,0,0,0,0,0,0,278,1.0,1.0,0.0,0.0,0.04,0.06,0.0,255,10,0.04,0.07,0.0,0.0,1.0,1.0,0.0,1,70361.0
0,tcp,http,SF,242,584,0,0,1,0,0,0,0,7,0.0,0.0,0.0,0.0,1.0,0.0,0.25,255,255,1.0,0.0,0.0,0.0,0.0,0.0,0.0,0,50970.0
0,udp,domain_u,SF,44,131,0,0,0,0,0,0,0,157,0.0,0.0,0.0,0.0,1.0,0.0,0.0,255,255,1.0,0.0,0.0,0.0,0.0,0.0,0.0,0,82650.0
0,tcp,ftp,S0,0,0,0,0,0,0,0,0,0,198,1.0,1.0,0.0,0.0,0.09,0.07,0.0,255,17,0.07,0.09,0.0,0.0,1.0,1.0,0.0,1,83734.0
0,udp,domain_u,SF,33,0,0,0,0,0,0,0,0,1,0.0,0.0,0.0,0.0,1.0,0.0,0.67,177,17,0.1,0.04,0.1,0.0,0.01,0.0,0.0,0,65774.0
0,icmp,ecr_i,SF,1032,0,0,0,0,0,0,0,0,427,0.0,0.0,0.0,0.0,1.0,0.0,0.0,255,255,1.0,0.0,1.0,0.0,0.0,0.0,0.0,1,48537.0
0,tcp,private,REJ,0,0,0,0,0,0,0,0,0,111,0.0,0.0,1.0,1.0,0.04,0.08,0.0,136,4,0.03,0.08,0.01,0.0,0.0,0.0,1.0,1,79018.0
0,icmp,ecr_i,SF,1032,0,0,0,0,0,0,0,0,511,0.0,0.0,0.0,0.0,1.0,0.0,0.0,155,61,0.39,0.05,0.39,0.0,0.01,0.0,0.0,1,125780.0
0,tcp,private,S0,0,0,0,0,0,0,0,0,0,287,1.0,1.0,0.0,0.0,0.06,0.06,0.0,255,5,0.02,0.08,0.0,0.0,1.0,1.0,0.0,1,60005.0
0,tcp,private,S0,0,0,0,0,0,0,0,0,0,129,1.0,1.0,0.0,0.0,0.09,0.06,0.0,255,19,0.07,0.07,0.0,0.0,1.0,1.0,0.0,1,69993.0
1,tcp,smtp,SF,1161,338,0,0,1,0,0,0,0,1,0.0,0.0,0.0,0.0,1.0,0.0,0.0,194,123,0.63,0.02,0.01,0.0,0.0,0.0,0.0,0,90376.0
5878,tcp,IRC,RSTR,1809,4143,0,0,0,0,0,0,0,1,0.0,0.0,1.0,1.0,1.0,0.0,0.0,23,11,0.48,0.09,0.04,0.0,0.04,0.09,0.91,0,96304.0
0,tcp,private,SH,0,0,0,0,0,0,0,0,0,1,1.0,1.0,0.0,0.0,1.0,0.0,0.0,207,1,0.0,0.95,0.96,0.0,0.96,1.0,0.0,1,17488.0
0,icmp,ecr_i,SF,520,0,0,0,0,0,0,0,0,457,0.0,0.0,0.0,0.0,1.0,0.0,0.0,152,152,1.0,0.0,1.0,0.0,0.0,0.0,0.0,1,86595.0
0,tcp,http,SF,213,810,0,0,1,0,0,0,0,18,0.0,0.0,0.0,0.0,1.0,0.0,0.11,18,255,1.0,0.0,0.06,0.05,0.0,0.0,0.0,0,92742.0
0,tcp,http,SF,169,19735,0,0,1,0,0,0,0,3,0.0,0.0,0.0,0.0,1.0,0.0,0.22,90,255,1.0,0.0,0.01,0.03,0.0,0.0,0.0,0,32617.0
5,tcp,smtp,SF,12812,1431,0,0,1,0,0,0,0,1,0.0,0.0,0.0,0.0,1.0,0.0,0.0,124,200,0.69,0.02,0.01,0.01,0.0,0.0,0.0,0,90191.0
0,udp,domain_u,SF,43,129,0,0,0,0,0,0,0,123,0.0,0.0,0.0,0.0,1.0,0.0,0.01,255,255,1.0,0.0,0.0,0.0,0.0,0.0,0.0,0,80262.0
0,tcp,http,SF,298,2275,0,0,1,0,0,0,0,7,0.0,0.0,0.0,0.0,1.0,0.0,0.25,255,255,1.0,0.0,0.0,0.0,0.0,0.0,0.0,0,15743.0
0,tcp,http,SF,226,1041,0,0,1,0,0,0,0,8,0.0,0.0,0.0,0.0,1.0,0.0,0.22,20,255,1.0,0.0,0.05,0.05,0.0,0.0,0.0,0,86932.0
0,tcp,link,S0,0,0,0,0,0,0,0,0,0,280,1.0,1.0,0.0,0.0,0.09,0.05,0.0,255,25,0.1,0.05,0.0,0.0,1.0,1.0,0.0,1,54369.0
0,tcp,private,S0,0,0,0,0,0,0,0,0,0,162,1.0,1.0,0.0,0.0,0.07,0.07,0.0,255,2,0.01,0.08,0.0,0.0,1.0,1.0,0.0,1,82791.0
2,tcp,smtp,SF,1644,328,0,0,1,0,0,0,0,1,0.0,0.0,0.0,0.0,1.0,0.0,1.0,169,136,0.8,0.04,0.01,0.0,0.0,0.0,0.0,0,29978.0
3,tcp,private,REJ,0,0,0,0,0,0,0,0,0,250,0.04,0.0,0.94,1.0,0.0,1.0,0.0,255,1,0.0,0.97,0.0,0.0,0.04,0.0,1.0,1,35945.0
0,tcp,smtp,SF,1153,328,0,0,1,0,0,0,0,1,0.0,0.0,0.0,0.0,1.0,0.0,1.0,54,158,0.52,0.24,0.02,0.01,0.02,0.0,0.05,0,65459.0
0,tcp,http,SF,246,14206,0,0,1,0,0,0,0,2,0.0,0.0,0.0,0.0,1.0,0.0,0.5,4,255,1.0,0.0,0.25,0.05,0.0,0.0,0.0,0,64099.0
0,tcp,smtp,SF,945,335,0,0,1,0,0,0,0,1,0.0,0.0,0.0,0.0,1.0,0.0,1.0,95,243,0.95,0.02,0.01,0.02,0.0,0.0,0.0,0,27995.0
0,tcp,nntp,S0,0,0,0,0,0,0,0,0,0,211,1.0,1.0,0.0,0.0,0.09,0.08,0.0,255,18,0.07,0.07,0.0,0.0,1.0,1.0,0.0,1,56805.0
0,tcp,smtp,SF,3633,333,0,0,1,0,0,0,0,1,0.0,0.0,0.0,0.0,1.0,0.0,0.0,180,213,0.83,0.02,0.01,0.01,0.0,0.0,0.0,0,25558.0
0,tcp,private,S0,0,0,0,0,0,0,0,0,0,121,1.0,1.0,0.0,0.0,0.09,0.07,0.0,255,12,0.05,0.08,0.0,0.0,1.0,1.0,0.0,1,122828.0
0,tcp,private,REJ,0,0,0,0,0,0,0,0,0,51,0.0,0.0,1.0,1.0,0.02,0.55,0.0,221,1,0.0,0.13,0.23,0.0,0.01,0.0,1.0,1,102774.0
0,tcp,http,SF,323,1722,0,0,1,0,0,0,0,15,0.0,0.0,0.0,0.0,1.0,0.0,0.0,255,255,1.0,0.0,0.0,0.0,0.0,0.0,0.0,0,30160.0
0,udp,private,SF,105,146,0,0,0,0,0,0,0,6,0.0,0.0,0.0,0.0,0.17,0.5,0.0,255,240,0.94,0.01,0.0,0.0,0.0,0.0,0.0,0,121729.0
0,tcp,http,SF,283,1198,0,0,1,0,0,0,0,3,0.0,0.0,0.0,0.0,1.0,0.0,0.0,5,8,1.0,0.0,0.2,0.25,0.0,0.0,0.0,0,118726.0
0,tcp,ftp_data,S0,0,0,0,0,0,0,0,0,0,37,1.0,1.0,0.0,0.0,0.49,0.05,0.0,237,58,0.24,0.02,0.0,0.0,1.0,1.0,0.0,1,62986.0
0,tcp,private,S0,0,0,0,0,0,0,0,0,0,272,1.0,1.0,0.0,0.0,0.02,0.06,0.0,255,1,0.0,0.09,0.0,0.0,1.0,1.0,0.0,1,5187.0
0,tcp,http,SF,230,1582,0,0,1,0,0,0,0,18,0.0,0.0,0.0,0.0,1.0,0.0,0.12,21,255,1.0,0.0,0.05,0.02,0.0,0.0,0.0,0,118322.0
0,udp,domain_u,SF,46,137,0,0,0,0,0,0,0,239,0.0,0.0,0.0,0.0,1.0,0.01,0.01,255,246,0.96,0.01,0.0,0.0,0.0,0.0,0.0,0,36831.0
0,icmp,eco_i,SF,18,0,0,0,0,0,0,0,0,1,0.0,0.0,0.0,0.0,1.0,0.0,0.0,1,117,1.0,0.0,1.0,0.26,0.0,0.0,0.0,1,48996.0
0,tcp,private,S0,0,0,0,0,0,0,0,0,0,143,1.0,1.0,0.0,0.0,0.08,0.06,0.0,255,10,0.04,0.07,0.0,0.0,1.0,1.0,0.0,1,87467.0
0,tcp,http,SF,352,1695,0,0,1,0,0,0,0,13,0.0,0.0,0.0,0.0,1.0,0.0,0.13,255,255,1.0,0.0,0.01,0.0,0.0,0.0,0.0,0,61974.0
0,tcp,private,S0,0,0,0,0,0,0,0,0,0,219,1.0,1.0,0.0,0.0,0.06,0.06,0.0,255,8,0.03,0.09,0.0,0.0,1.0,1.0,0.0,1,66870.0
805,udp,other,SF,147,105,0,0,0,0,0,0,0,2,0.0,0.0,0.0,0.0,1.0,0.0,0.0,255,2,0.01,0.53,0.85,0.0,0.0,0.0,0.0,0,39102.0
0,tcp,http,SF,214,834,0,0,1,0,0,0,0,7,0.0,0.0,0.0,0.0,1.0,0.0,0.21,131,255,1.0,0.0,0.01,0.02,0.0,0.0,0.0,0,64915.0
0,tcp,http,SF,328,382,0,0,1,0,0,0,0,6,0.0,0.0,0.0,0.0,1.0,0.0,0.29,255,255,1.0,0.0,0.0,0.0,0.0,0.0,0.0,0,108725.0
0,tcp,uucp_path,S0,0,0,0,0,0,0,0,0,0,286,1.0,1.0,0.0,0.0,0.02,0.06,0.0,255,7,0.03,0.06,0.0,0.0,1.0,1.0,0.0,1,100588.0
0,tcp,private,S0,0,0,0,0,0,0,0,0,0,176,1.0,1.0,0.0,0.0,0.03,0.07,0.0,255,5,0.02,0.08,0.0,0.0,1.0,1.0,0.0,1,114501.0
0,icmp,eco_i,SF,8,0,0,0,0,0,0,0,0,1,0.0,0.0,0.0,0.0,1.0,0.0,1.0,4,172,1.0,0.0,1.0,0.25,0.0,0.0,0.0,1,75115.0
0,udp,other,SF,516,4,0,0,0,0,0,0,0,356,0.0,0.0,0.0,0.0,1.0,0.0,0.0,255,255,1.0,0.0,1.0,0.0,0.0,0.0,0.0,0,98668.0
0,tcp,http,SF,303,2516,0,0,1,0,0,0,0,3,0.0,0.0,0.0,0.0,1.0,0.0,0.0,12,255,1.0,0.0,0.08,0.04,0.0,0.0,0.0,0,7016.0
0,tcp,private,S0,0,0,0,0,0,0,0,0,0,43,1.0,1.0,0.0,0.0,0.12,0.09,0.0,255,5,0.02,0.08,0.0,0.0,1.0,1.0,0.0,1,95984.0
0,tcp,private,REJ,0,0,0,0,0,0,0,0,0,96,0.0,0.0,1.0,1.0,0.09,0.07,0.0,255,9,0.04,0.08,0.0,0.0,0.0,0.0,1.0,1,36626.0
0,tcp,uucp,S0,0,0,0,0,0,0,0,0,0,110,1.0,1.0,0.0,0.0,0.09,0.06,0.0,255,14,0.05,0.05,0.0,0.0,1.0,1.0,0.0,1,68799.0
0,tcp,finger,S0,0,0,0,0,0,0,0,0,0,238,1.0,1.0,0.0,0.0,0.01,0.07,0.0,255,1,0.0,0.08,0.0,0.0,1.0,1.0,0.0,1,113962.0
0,udp,private,SF,28,0,3,0,0,0,0,0,0,10,0.0,0.0,0.0,0.0,1.0,0.0,0.0,255,10,0.04,0.02,0.04,0.0,0.0,0.0,0.0,1,9680.0
0,tcp,pm_dump,SF,44,192,0,0,0,0,0,0,0,109,0.01,0.0,0.91,0.0,0.01,1.0,0.0,255,1,0.0,0.44,0.0,0.0,0.0,0.0,0.0,1,16323.0
0,udp,domain_u,SF,45,75,0,0,0,0,0,0,0,151,0.0,0.0,0.0,0.0,1.0,0.0,0.0,255,203,0.8,0.01,0.0,0.0,0.0,0.0,0.0,0,55616.0
1,tcp,smtp,SF,1596,329,0,0,1,0,0,0,0,1,0.0,0.0,0.0,0.0,1.0,0.0,1.0,2,2,1.0,0.0,0.5,0.0,0.0,0.0,0.0,0,26226.0
0,tcp,private,REJ,0,0,0,0,0,0,0,0,0,228,0.0,0.0,1.0,1.0,0.08,0.06,0.0,255,18,0.07,0.06,0.0,0.0,0.0,0.0,1.0,1,103095.0
0,tcp,http,SF,208,1107,0,0,1,0,0,0,0,13,0.0,0.0,0.0,0.0,1.0,0.0,0.0,39,255,1.0,0.0,0.03,0.03,0.0,0.0,0.0,0,49912.0
0,tcp,Z39_50,S0,0,0,0,0,0,0,0,0,0,232,1.0,1.0,0.0,0.0,0.06,0.07,0.0,255,14,0.05,0.07,0.0,0.0,1.0,1.0,0.0,1,104592.0
0,tcp,private,S0,0,0,0,0,0,0,0,0,0,177,1.0,1.0,0.0,0.0,0.06,0.06,0.0,255,9,0.04,0.07,0.0,0.0,1.0,1.0,0.0,1,109076.0
0,tcp,mtp,S0,0,0,0,0,0,0,0,0,0,290,1.0,1.0,0.0,0.0,0.02,0.04,0.0,255,6,0.02,0.05,0.0,0.0,1.0,1.0,0.0,1,54246.0
0,icmp,ecr_i,SF,1032,0,0,0,0,0,0,0,0,511,0.0,0.0,0.0,0.0,1.0,0.0,0.0,255,231,0.91,0.06,0.91,0.0,0.0,0.0,0.0,1,54729.0
0,tcp,finger,S0,0,0,0,0,0,0,0,0,0,26,1.0,1.0,0.0,0.0,0.42,0.15,0.0,255,71,0.28,0.03,0.01,0.0,1.0,1.0,0.0,1,47427.0
2,tcp,smtp,SF,1448,331,0,0,1,0,0,0,0,1,0.0,0.0,0.0,0.0,1.0,0.0,1.0,37,34,0.92,0.05,0.03,0.0,0.0,0.0,0.0,0,87262.0
0,udp,domain_u,SF,44,78,0,0,0,0,0,0,0,172,0.0,0.0,0.0,0.0,1.0,0.0,0.0,255,234,0.92,0.01,0.0,0.0,0.0,0.0,0.0,0,96467.0
0,tcp,http,SF,246,3749,0,0,1,0,0,0,0,6,0.0,0.0,0.0,0.0,1.0,0.0,0.38,15,255,1.0,0.0,0.07,0.07,0.07,0.0,0.42,0,77708.0
0,tcp,private,REJ,0,0,0,0,0,0,0,0,0,1,0.0,0.0,1.0,1.0,1.0,0.0,0.0,43,2,0.02,1.0,0.02,1.0,0.0,0.0,1.0,1,73013.0
0,tcp,http,SF,227,484,0,0,1,0,0,0,0,6,0.0,0.0,0.0,0.0,1.0,0.0,0.0,72,255,1.0,0.0,0.01,0.02,0.01,0.0,0.0,0,20650.0
0,udp,domain_u,SF,44,44,0,0,0,0,0,0,0,260,0.0,0.0,0.0,0.0,1.0,0.0,0.0,255,254,1.0,0.01,0.0,0.0,0.0,0.0,0.0,0,49701.0
0,tcp,private,S0,0,0,0,0,0,0,0,0,0,131,1.0,1.0,0.0,0.0,0.13,0.07,0.0,255,1,0.0,0.06,0.0,0.0,1.0,1.0,0.0,1,8986.0
1544,udp,other,SF,147,105,0,0,0,0,0,0,0,5,0.0,0.0,0.0,0.0,0.2,0.6,0.0,255,1,0.0,0.47,0.91,0.0,0.0,0.0,0.0,0,81458.0
0,tcp,private,S0,0,0,0,0,0,0,0,0,0,34,1.0,1.0,0.0,0.0,0.29,0.15,0.0,255,10,0.04,0.09,0.0,0.0,1.0,1.0,0.0,1,79532.0
0,tcp,smtp,SF,954,326,0,0,1,0,0,0,0,2,0.0,0.0,0.0,0.0,0.5,1.0,0.0,28,104,0.71,0.11,0.04,0.02,0.0,0.0,0.0,0,205.0
0,tcp,private,S0,0,0,0,0,0,0,0,0,0,194,0.6,1.0,0.0,0.0,0.01,0.05,0.0,255,19,0.07,0.07,0.0,0.0,1.0,1.0,0.0,1,119665.0
0,tcp,http,SF,303,1848,0,0,1,0,0,0,0,15,0.0,0.0,0.0,0.0,1.0,0.0,0.0,15,255,1.0,0.0,0.07,0.07,0.0,0.0,0.0,0,17960.0
0,tcp,http,SF,373,2289,0,0,1,0,0,0,0,6,0.0,0.0,0.0,0.0,1.0,0.0,0.0,28,255,1.0,0.0,0.04,0.02,0.0,0.01,0.0,0,8714.0
0,tcp,supdup,REJ,0,0,0,0,0,0,0,0,0,261,0.0,0.0,1.0,1.0,0.05,0.07,0.0,255,13,0.05,0.07,0.0,0.0,0.0,0.0,1.0,1,30311.0
0,tcp,http,SF,318,370,0,0,1,0,0,0,0,10,0.0,0.0,0.0,0.0,1.0,0.0,0.0,255,255,1.0,0.0,0.0,0.0,0.0,0.0,0.0,0,26387.0
0,udp,domain_u,SF,45,132,0,0,0,0,0,0,0,68,0.0,0.0,0.0,0.0,1.0,0.0,0.01,255,255,1.0,0.0,0.0,0.0,0.0,0.0,0.0,0,11168.0
0,tcp,http,SF,301,10392,0,0,1,0,0,0,0,2,0.0,0.0,0.0,0.0,1.0,0.0,0.0,255,255,1.0,0.0,0.0,0.0,0.0,0.0,0.0,0,73233.0
0,tcp,http_443,S0,0,0,0,0,0,0,0,0,0,242,1.0,1.0,0.0,0.0,0.09,0.05,0.0,255,22,0.09,0.06,0.0,0.0,1.0,1.0,0.0,1,29993.0
0,icmp,urp_i,SF,181,0,0,0,0,0,0,0,0,2,0.0,0.0,0.0,0.0,0.5,1.0,0.0,255,108,0.42,0.01,0.53,0.0,0.0,0.0,0.0,0,28608.0
0,tcp,whois,S0,0,0,0,0,0,0,0,0,0,135,1.0,1.0,0.0,0.0,0.05,0.07,0.0,255,4,0.02,0.06,0.0,0.0,1.0,1.0,0.0,1,88558.0
0,tcp,other,REJ,0,0,0,0,0,0,0,0,0,460,0.08,0.0,0.92,1.0,0.0,1.0,0.0,255,1,0.0,1.0,0.0,0.0,0.06,0.0,1.0,1,104370.0
0,icmp,eco_i,SF,8,0,0,0,0,0,0,0,0,1,0.0,0.0,0.0,0.0,1.0,0.0,1.0,3,243,1.0,0.0,1.0,0.25,0.0,0.0,0.0,1,30417.0
0,tcp,http,SF,226,1025,0,0,1,0,0,0,0,1,0.0,0.0,0.0,0.0,1.0,0.0,0.5,16,255,1.0,0.0,0.06,0.02,0.0,0.0,0.0,0,38094.0
0,udp,domain_u,SF,45,125,0,0,0,0,0,0,0,69,0.0,0.0,0.0,0.0,0.99,0.03,0.02,255,194,0.76,0.02,0.0,0.0,0.0,0.0,0.0,0,65917.0
0,tcp,iso_tsap,S0,0,0,0,0,0,0,0,0,0,241,1.0,1.0,0.0,0.0,0.04,0.06,0.0,255,10,0.04,0.06,0.0,0.0,1.0,1.0,0.0,1,13794.0
0,tcp,ftp_data,SF,192,0,0,0,1,0,0,0,0,2,0.0,0.0,0.0,0.0,1.0,0.0,0.0,15,86,0.67,0.13,0.67,0.02,0.0,0.0,0.0,0,44633.0
0,tcp,http,SF,302,18308,0,0,1,0,0,0,0,2,0.0,0.0,0.0,0.0,1.0,0.0,0.0,127,255,1.0,0.0,0.01,0.01,0.0,0.0,0.0,0,9570.0
0,icmp,eco_i,SF,8,0,0,0,0,0,0,0,0,1,0.0,0.0,0.0,0.0,1.0,0.0,1.0,1,41,1.0,0.0,1.0,0.51,0.0,0.0,0.0,1,67433.0
0,icmp,eco_i,SF,8,0,0,0,0,0,0,0,0,1,0.0,0.0,0.0,0.0,1.0,0.0,1.0,2,86,1.0,0.0,1.0,0.5,0.0,0.0,0.0,1,78765.0
0,tcp,discard,S0,0,0,0,0,0,0,0,0,0,204,1.0,1.0,0.0,0.0,0.08,0.07,0.0,255,17,0.07,0.08,0.0,0.0,1.0,1.0,0.0,1,7764.0
0,tcp,private,S0,0,0,0,0,0,0,0,0,0,183,1.0,1.0,0.0,0.0,0.02,0.07,0.0,222,4,0.02,0.08,0.0,0.0,0.94,1.0,0.0,1,63835.0
2,tcp,ftp_data,SF,2194619,0,0,0,1,0,0,0,0,2,0.0,0.0,0.0,0.0,1.0,0.0,0.0,138,82,0.25,0.02,0.25,0.02,0.0,0.0,0.0,0,9435.0
0,icmp,eco_i,SF,8,0,0,0,0,0,0,0,0,1,0.0,0.0,0.0,0.0,1.0,0.0,1.0,2,43,1.0,0.0,1.0,0.51,0.0,0.0,0.0,1,75978.0
0,tcp,http,SF,226,7675,0,0,1,0,0,0,0,3,0.0,0.0,0.0,0.0,1.0,0.0,0.5,71,255,1.0,0.0,0.01,0.02,0.0,0.0,0.0,0,39884.0
0,tcp,ftp_data,S0,0,0,0,0,0,0,0,0,0,219,1.0,0.8,0.0,0.0,0.02,0.06,0.4,255,17,0.07,0.06,0.0,0.0,1.0,1.0,0.0,1,50606.0
5,tcp,pop_3,SF,38,130,0,0,1,0,0,0,0,1,0.0,0.0,0.0,0.0,1.0,0.0,0.0,2,3,0.5,1.0,0.5,0.67,0.0,0.0,0.0,0,118980.0
0,tcp,ftp_data,S0,0,0,0,0,0,0,0,0,0,132,1.0,1.0,0.0,0.0,0.14,0.05,0.0,255,15,0.06,0.06,0.0,0.0,1.0,1.0,0.0,1,43055.0
0,tcp,http,REJ,0,0,0,0,0,0,0,0,0,1,0.0,0.0,1.0,1.0,1.0,0.0,0.0,4,253,1.0,0.0,0.25,0.22,0.0,0.0,0.92,0,89875.0
0,tcp,time,RSTO,0,0,0,0,0,0,0,0,0,100,0.0,0.0,1.0,1.0,0.2,0.07,0.0,255,7,0.03,0.08,0.0,0.0,0.0,0.0,1.0,1,108240.0
0,tcp,http,SF,180,614,0,0,1,0,0,0,0,1,0.0,0.0,0.0,0.0,1.0,0.0,0.0,1,255,1.0,0.0,1.0,0.05,0.0,0.0,0.0,0,108054.0
0,tcp,ftp_data,SF,501760,0,0,0,0,0,0,0,0,2,0.0,0.0,0.0,0.0,1.0,0.0,0.0,128,40,0.12,0.03,0.12,0.05,0.0,0.0,0.0,0,11400.0
0,tcp,private,S0,0,0,0,0,0,0,0,0,0,260,1.0,1.0,0.0,0.0,0.07,0.06,0.0,255,3,0.01,0.09,0.0,0.0,1.0,1.0,0.0,1,114656.0
0,tcp,private,S0,0,0,0,0,0,0,0,0,0,214,1.0,1.0,0.0,0.0,0.04,0.06,0.0,255,8,0.03,0.09,0.0,0.0,1.0,1.0,0.0,1,5992.0
0,udp,domain_u,SF,45,137,0,0,0,0,0,0,0,46,0.0,0.0,0.0,0.0,1.0,0.0,0.02,255,232,0.91,0.01,0.01,0.0,0.0,0.0,0.0,0,56441.0
0,tcp,http,SF,327,1529,0,0,1,0,0,0,0,10,0.0,0.0,0.0,0.0,1.0,0.0,0.0,255,255,1.0,0.0,0.0,0.0,0.01,0.01,0.0,0,115284.0
0,tcp,http,REJ,0,0,0,0,0,0,0,0,0,231,0.0,0.0,1.0,1.0,0.03,0.06,0.0,255,6,0.02,0.07,0.0,0.0,0.0,0.0,1.0,1,28676.0
0,tcp,http,SF,229,18529,0,0,1,0,0,0,0,17,0.0,0.0,0.0,0.0,1.0,0.0,0.12,59,87,1.0,0.0,0.02,0.03,0.0,0.0,0.0,0,42549.0
0,tcp,private,S0,0,0,0,0,0,0,0,0,0,186,1.0,1.0,0.0,0.0,0.01,0.06,0.0,255,20,0.08,0.07,0.0,0.0,1.0,1.0,0.0,1,29565.0
0,udp,domain_u,SF,43,43,0,0,0,0,0,0,0,126,0.0,0.0,0.0,0.0,1.0,0.0,0.01,255,255,1.0,0.0,0.01,0.0,0.0,0.0,0.0,0,123750.0
0,tcp,http,SF,237,1756,0,0,1,0,0,0,0,21,0.0,0.0,0.0,0.0,1.0,0.0,0.11,24,255,1.0,0.0,0.04,0.02,0.0,0.0,0.0,0,115230.0
0,tcp,http,SF,266,922,0,0,1,0,0,0,0,2,0.0,0.0,0.0,0.0,1.0,0.0,0.09,2,255,1.0,0.0,0.5,0.03,0.0,0.0,0.0,0,47779.0
0,tcp,http,SF,206,285,0,0,1,0,0,0,0,17,0.0,0.0,0.0,0.0,1.0,0.0,0.11,255,255,1.0,0.0,0.0,0.0,0.0,0.0,0.0,0,36385.0
0,tcp,http,SF,233,318,0,0,1,0,0,0,0,2,0.0,0.0,0.0,0.0,1.0,0.0,0.67,2,255,1.0,0.0,0.5,0.01,0.0,0.0,0.0,0,30103.0
0,tcp,http,REJ,0,0,0,0,0,0,0,0,0,1,0.0,0.0,1.0,1.0,1.0,0.0,0.0,2,41,1.0,0.0,0.5,0.24,0.0,0.0,1.0,0,89545.0
0,tcp,private,S0,0,0,0,0,0,0,0,0,0,19,1.0,1.0,0.0,0.0,0.89,0.16,0.0,255,17,0.07,0.07,0.0,0.0,1.0,1.0,0.0,1,82926.0
3,tcp,smtp,SF,766,338,0,0,1,0,0,0,0,1,0.0,0.0,0.0,0.0,1.0,0.0,0.0,207,124,0.52,0.02,0.0,0.02,0.0,0.0,0.0,0,82629.0
0,icmp,eco_i,SF,8,0,0,0,0,0,0,0,0,1,0.0,0.0,0.0,0.0,1.0,0.0,1.0,2,158,1.0,0.0,1.0,0.25,0.0,0.0,0.0,1,58077.0
0,tcp,uucp_path,S0,0,0,0,0,0,0,0,0,0,258,1.0,1.0,0.0,0.0,0.03,0.05,0.0,255,8,0.03,0.05,0.0,0.0,1.0,1.0,0.0,1,83469.0
0,tcp,efs,S0,0,0,0,0,0,0,0,0,0,117,1.0,1.0,0.0,0.0,0.02,0.06,0.0,255,2,0.01,0.06,0.0,0.0,1.0,1.0,0.0,1,110039.0
0,tcp,http,SF,264,2055,0,0,1,0,0,0,0,35,0.0,0.0,0.0,0.0,1.0,0.0,0.0,255,255,1.0,0.0,0.0,0.0,0.0,0.0,0.0,0,24175.0
0,tcp,whois,S0,0,0,0,0,0,0,0,0,0,263,1.0,1.0,0.0,0.0,0.03,0.06,0.0,255,7,0.03,0.06,0.0,0.0,1.0,1.0,0.0,1,110981.0
0,icmp,eco_i,SF,8,0,0,0,0,0,0,0,0,1,0.0,0.0,0.0,0.0,1.0,0.0,1.0,2,74,1.0,0.0,1.0,0.5,0.0,0.0,0.0,1,102129.0
0,tcp,http,SF,292,3480,0,0,1,0,0,0,0,2,0.0,0.0,0.0,0.0,1.0,0.0,0.67,255,255,1.0,0.0,0.0,0.0,0.0,0.0,0.0,0,15750.0
0,tcp,shell,S0,0,0,0,0,0,0,0,0,0,123,1.0,1.0,0.0,0.0,0.11,0.06,0.0,255,14,0.05,0.06,0.0,0.0,1.0,1.0,0.0,1,48623.0
0,tcp,Z39_50,S0,0,0,0,0,0,0,0,0,0,244,1.0,1.0,0.0,0.0,0.08,0.07,0.0,255,20,0.08,0.07,0.0,0.0,1.0,1.0,0.0,1,38729.0
0,tcp,finger,SF,9,141,0,0,0,0,0,0,0,1,0.0,0.0,0.0,0.0,1.0,0.0,0.0,71,6,0.04,0.08,0.01,0.33,0.0,0.0,0.0,0,72461.0
0,icmp,eco_i,SF,8,0,0,0,0,0,0,0,0,1,0.0,0.0,0.0,0.0,1.0,0.0,1.0,1,153,1.0,0.0,1.0,0.5,0.0,0.0,0.0,1,86726.0
0,tcp,domain,S0,0,0,0,0,0,0,0,0,0,274,1.0,1.0,0.0,0.0,0.03,0.06,0.0,255,8,0.03,0.08,0.0,0.0,1.0,1.0,0.0,1,63815.0
0,tcp,finger,S0,0,0,0,0,0,0,0,0,0,298,1.0,1.0,0.0,0.0,0.06,0.06,0.0,255,6,0.02,0.07,0.0,0.0,1.0,1.0,0.0,1,50721.0
0,tcp,http,SF,214,1319,0,0,1,0,0,0,0,9,0.0,0.0,0.0,0.0,1.0,0.0,0.2,255,255,1.0,0.0,0.0,0.0,0.0,0.0,0.0,0,24628.0
0,icmp,eco_i,SF,8,0,0,0,0,0,0,0,0,1,0.0,0.0,0.0,0.0,1.0,0.0,1.0,1,129,1.0,0.0,1.0,0.5,0.0,0.0,0.0,1,81851.0
0,tcp,http,REJ,0,0,0,0,0,0,0,0,0,1,0.0,0.0,1.0,1.0,1.0,0.0,0.0,3,253,1.0,0.0,0.33,0.16,0.0,0.0,0.59,0,117983.0
0,tcp,private,REJ,0,0,0,0,0,0,0,0,0,2,0.0,0.0,1.0,1.0,0.5,1.0,0.0,255,1,0.0,0.33,0.26,0.0,0.26,0.0,1.0,1,20658.0
0,tcp,smtp,SF,3178,388,0,0,1,0,0,0,0,1,0.0,0.0,0.0,0.0,1.0,0.0,0.0,255,136,0.53,0.01,0.0,0.0,0.72,0.74,0.0,0,51310.0
0,tcp,private,REJ,0,0,0,0,0,0,0,0,0,119,0.0,0.0,1.0,1.0,0.16,0.06,0.0,255,19,0.07,0.05,0.0,0.0,0.0,0.0,1.0,1,60543.0
1,tcp,smtp,SF,1069,335,0,0,1,0,0,0,0,1,0.0,0.0,0.0,0.0,1.0,0.0,1.0,179,151,0.61,0.03,0.01,0.01,0.01,0.01,0.0,0,67554.0
0,tcp,http,SF,334,277,0,0,1,0,0,0,0,19,0.0,0.0,0.0,0.0,1.0,0.0,0.0,255,247,0.97,0.01,0.0,0.0,0.0,0.0,0.0,0,94084.0
0,tcp,daytime,S0,0,0,0,0,0,0,0,0,0,148,1.0,1.0,0.0,0.0,0.09,0.05,0.0,255,2,0.01,0.07,0.0,0.0,1.0,1.0,0.0,1,69853.0
0,tcp,systat,S0,0,0,0,0,0,0,0,0,0,254,1.0,1.0,0.0,0.0,0.07,0.06,0.0,255,20,0.08,0.07,0.0,0.0,1.0,1.0,0.0,1,3655.0
0,icmp,ecr_i,SF,1032,0,0,0,0,0,0,0,0,72,0.0,0.0,0.0,0.0,1.0,0.0,0.0,255,72,0.28,0.02,0.28,0.0,0.0,0.0,0.0,1,73383.0
0,tcp,http,SF,286,293,0,0,1,0,0,0,0,1,0.0,0.0,0.0,0.0,1.0,0.0,0.0,255,255,1.0,0.0,0.0,0.0,0.0,0.0,0.0,0,119582.0
0,tcp,http,REJ,0,0,0,0,0,0,0,0,0,1,0.0,0.0,1.0,1.0,1.0,0.0,0.0,3,80,1.0,0.0,0.33,0.31,0.0,0.0,1.0,0,113344.0
0,tcp,private,S0,0,0,0,0,0,0,0,0,0,143,1.0,1.0,0.0,0.0,0.12,0.07,0.0,255,17,0.07,0.06,0.0,0.0,1.0,1.0,0.0,1,122776.0
0,tcp,other,REJ,0,0,0,0,0,0,0,0,0,510,0.15,0.0,0.85,1.0,0.0,1.0,0.0,255,1,0.0,1.0,0.0,0.0,0.17,0.0,1.0,1,18646.0
0,udp,domain_u,SF,44,80,0,0,0,0,0,0,0,139,0.0,0.0,0.0,0.0,0.99,0.01,0.02,255,245,0.96,0.01,0.0,0.0,0.0,0.0,0.0,0,8210.0
0,tcp,private,S0,0,0,0,0,0,0,0,0,0,261,1.0,1.0,0.0,0.0,0.08,0.05,0.0,255,20,0.08,0.08,0.0,0.0,1.0,1.0,0.0,1,60848.0
0,udp,domain_u,SF,46,46,0,0,0,0,0,0,0,20,0.0,0.0,0.0,0.0,1.0,0.0,0.12,255,254,1.0,0.01,0.0,0.0,0.0,0.0,0.0,0,124836.0
1,tcp,smtp,SF,855,332,0,0,1,0,0,0,0,1,0.0,0.0,0.0,0.0,1.0,0.0,1.0,73,172,0.74,0.05,0.01,0.02,0.01,0.01,0.0,0,22180.0
0,tcp,http,SF,309,412,0,0,1,0,0,0,0,11,0.0,0.0,0.0,0.0,1.0,0.0,0.08,255,255,1.0,0.0,0.0,0.0,0.0,0.0,0.0,0,72945.0
0,tcp,netbios_ssn,REJ,0,0,0,0,0,0,0,0,0,243,0.0,0.0,1.0,1.0,0.02,0.07,0.0,255,5,0.02,0.07,0.0,0.0,0.0,0.0,1.0,1,59144.0
0,icmp,eco_i,SF,8,0,0,0,0,0,0,0,0,1,0.0,0.0,0.0,0.0,1.0,0.0,1.0,3,95,1.0,0.0,1.0,0.25,0.0,0.0,0.0,1,6142.0
0,tcp,smtp,SF,1459,384,0,0,1,0,0,0,0,1,0.0,0.0,0.0,0.0,1.0,0.0,0.0,255,74,0.29,0.05,0.0,0.0,0.46,0.0,0.0,0,72916.0
0,tcp,daytime,S0,0,0,0,0,0,0,0,0,0,243,1.0,1.0,0.0,0.0,0.01,0.05,0.0,255,3,0.01,0.05,0.0,0.0,1.0,1.0,0.0,1,53865.0
0,tcp,http,SF,222,2276,0,0,1,0,0,0,0,5,0.0,0.0,0.0,0.0,1.0,0.0,0.0,20,255,1.0,0.0,0.05,0.07,0.0,0.0,0.0,0,62049.0
0,icmp,urp_i,SF,78,0,0,0,0,0,0,0,0,11,0.0,0.0,0.0,0.0,0.18,0.18,0.0,255,5,0.02,0.01,0.02,0.0,0.0,0.0,0.0,0,104075.0
0,tcp,http,SF,243,1012,0,0,1,0,0,0,0,23,0.0,0.0,0.0,0.0,1.0,0.0,0.0,255,255,1.0,0.0,0.0,0.0,0.0,0.0,0.0,0,6381.0
0,tcp,csnet_ns,S0,0,0,0,0,0,0,0,0,0,265,1.0,1.0,0.0,0.0,0.04,0.06,0.0,255,11,0.04,0.07,0.0,0.0,1.0,1.0,0.0,1,123343.0
0,tcp,discard,S0,0,0,0,0,0,0,0,0,0,19,1.0,1.0,0.0,0.0,0.37,0.32,0.0,255,15,0.06,0.09,0.0,0.0,1.0,1.0,0.0,1,121218.0
31,tcp,ftp,SF,1221,3380,0,24,1,0,0,0,0,1,0.0,0.0,0.0,0.0,1.0,0.0,0.0,255,41,0.16,0.02,0.0,0.0,0.0,0.0,0.0,0,779.0
21,tcp,ftp,SF,244,773,0,4,1,0,0,0,0,1,0.0,0.0,0.0,0.0,1.0,0.0,0.0,172,53,0.31,0.03,0.01,0.0,0.0,0.0,0.0,0,9075.0
0,tcp,ftp_data,SF,4316,0,0,0,1,0,0,0,0,6,0.0,0.0,0.0,0.0,1.0,0.0,0.0,144,79,0.32,0.03,0.32,0.03,0.0,0.0,0.0,0,98445.0
0,tcp,http,S0,0,0,0,0,0,0,0,0,0,9,1.0,1.0,0.0,0.0,0.56,0.33,0.0,255,12,0.05,0.05,0.01,0.0,1.0,1.0,0.0,1,1059.0
0,tcp,supdup,REJ,0,0,0,0,0,0,0,0,0,220,0.0,0.0,1.0,1.0,0.03,0.07,0.0,255,7,0.03,0.07,0.0,0.0,0.0,0.0,1.0,1,30701.0
0,tcp,systat,S0,0,0,0,0,0,0,0,0,0,126,1.0,1.0,0.0,0.0,0.16,0.06,0.0,255,14,0.05,0.06,0.0,0.0,1.0,1.0,0.0,1,61629.0
0,udp,domain_u,SF,45,45,0,0,0,0,0,0,0,203,0.0,0.0,0.0,0.0,1.0,0.0,0.0,255,255,1.0,0.0,0.01,0.0,0.0,0.0,0.0,0,101508.0
0,tcp,sunrpc,S0,0,0,0,0,0,0,0,0,0,142,1.0,1.0,0.0,0.0,0.12,0.04,0.0,255,17,0.07,0.05,0.0,0.0,1.0,1.0,0.0,1,94301.0
0,tcp,http,SF,324,5220,0,0,1,0,0,0,0,7,0.0,0.0,0.0,0.0,1.0,0.0,0.08,255,255,1.0,0.0,0.0,0.0,0.0,0.0,0.0,0,103158.0
0,tcp,ftp_data,S0,0,0,0,0,0,0,0,0,0,294,1.0,1.0,0.0,0.0,0.06,0.05,0.0,255,17,0.07,0.06,0.0,0.0,1.0,1.0,0.0,1,109043.0
0,tcp,private,REJ,0,0,0,0,0,0,0,0,0,143,0.0,0.0,1.0,1.0,0.14,0.06,0.0,255,17,0.07,0.08,0.0,0.0,0.0,0.0,1.0,1,47102.0
0,tcp,http,SF,228,593,0,0,1,0,0,0,0,8,0.0,0.0,0.0,0.0,1.0,0.0,0.0,85,255,1.0,0.0,0.01,0.01,0.0,0.0,0.0,0,99124.0
0,tcp,private,S0,0,0,0,0,0,0,0,0,0,138,1.0,1.0,0.0,0.0,0.05,0.06,0.0,80,13,0.16,0.14,0.01,0.0,1.0,1.0,0.0,1,85351.0
0,tcp,http,SF,338,824,0,0,1,0,0,0,0,9,0.0,0.0,0.0,0.0,1.0,0.0,0.12,47,255,1.0,0.0,0.02,0.04,0.0,0.0,0.0,0,85246.0
0,udp,domain_u,SF,45,135,0,0,0,0,0,0,0,109,0.0,0.0,0.0,0.0,1.0,0.0,0.02,255,255,1.0,0.0,0.0,0.0,0.0,0.0,0.0,0,24575.0
0,tcp,http,SF,54540,8314,0,2,1,1,0,0,0,4,0.0,0.0,0.0,0.0,1.0,0.0,0.0,177,177,1.0,0.0,0.01,0.0,0.0,0.0,0.06,1,94342.0
0,tcp,kshell,S0,0,0,0,0,0,0,0,0,0,149,1.0,1.0,0.0,0.0,0.17,0.05,0.0,255,25,0.1,0.04,0.0,0.0,1.0,1.0,0.0,1,61583.0
0,tcp,ftp_data,SF,854,0,0,0,0,0,0,0,0,2,0.0,0.0,0.0,0.0,1.0,0.0,0.0,90,32,0.36,0.07,0.36,0.0,0.0,0.0,0.0,0,43870.0
0,tcp,http,SF,205,1494,0,0,1,0,0,0,0,10,0.0,0.0,0.0,0.0,1.0,0.0,0.0,255,255,1.0,0.0,0.0,0.0,0.0,0.0,0.0,0,4303.0
0,tcp,http,SF,348,336,0,0,1,0,0,0,0,10,0.0,0.0,0.0,0.0,1.0,0.0,0.11,255,255,1.0,0.0,0.0,0.0,0.0,0.0,0.0,0,51254.0
0,udp,domain_u,SF,45,78,0,0,0,0,0,0,0,171,0.0,0.0,0.0,0.0,1.0,0.0,0.0,255,254,1.0,0.01,0.0,0.0,0.0,0.0,0.0,0,56223.0
0,tcp,http,SF,209,315,0,0,1,0,0,0,0,16,0.0,0.0,0.0,0.0,1.0,0.0,0.0,94,255,1.0,0.0,0.01,0.03,0.0,0.0,0.0,0,78084.0
0,tcp,finger,S0,0,0,0,0,0,0,0,0,0,19,1.0,1.0,0.0,0.0,0.32,0.16,0.0,255,64,0.25,0.02,0.01,0.0,1.0,1.0,0.0,1,76508.0
0,tcp,whois,S0,0,0,0,0,0,0,0,0,0,231,1.0,1.0,0.0,0.0,0.04,0.06,0.0,255,9,0.04,0.07,0.0,0.0,1.0,1.0,0.0,1,25958.0
0,tcp,smtp,SF,639,329,0,0,1,0,0,0,0,1,0.0,0.0,0.0,0.0,1.0,0.0,0.0,19,108,0.95,0.11,0.05,0.02,0.0,0.0,0.0,0,10902.0
0,tcp,http,SF,372,531,0,0,1,0,0,0,0,16,0.0,0.0,0.0,0.0,1.0,0.0,0.14,36,231,1.0,0.0,0.03,0.21,0.0,0.0,0.77,0,104530.0
0,tcp,private,REJ,0,0,0,0,0,0,0,0,0,146,0.0,0.0,1.0,1.0,0.1,0.07,0.0,255,14,0.05,0.07,0.0,0.0,0.0,0.0,1.0,1,122639.0
0,tcp,pop_3,SF,108,6011,0,0,1,0,0,0,0,1,0.0,0.0,0.0,0.0,1.0,0.0,0.0,166,3,0.01,0.04,0.01,0.67,0.02,0.0,0.0,0,47924.0
0,tcp,http,REJ,0,0,0,0,0,0,0,0,0,1,0.0,0.0,1.0,1.0,1.0,0.0,0.0,2,232,1.0,0.0,0.5,0.03,0.0,0.0,1.0,0,112251.0
0,tcp,ftp_data,SF,4014,0,0,0,1,0,0,0,0,1,0.0,0.0,0.0,0.0,1.0,0.0,0.0,38,70,0.37,0.13,0.37,0.03,0.0,0.0,0.0,0,110561.0
0,tcp,auth,S0,0,0,0,0,0,0,0,0,0,284,1.0,1.0,0.0,0.0,0.08,0.04,0.0,255,23,0.09,0.05,0.0,0.0,1.0,1.0,0.0,1,24562.0
0,tcp,whois,REJ,0,0,0,0,0,0,0,0,0,216,0.0,0.0,1.0,1.0,0.0,0.07,0.0,255,1,0.0,0.07,0.0,0.0,0.0,0.0,1.0,1,75523.0
0,tcp,finger,SF,8,136,0,0,0,0,0,0,0,1,0.0,0.0,0.0,0.0,1.0,0.0,0.0,121,9,0.04,0.04,0.01,0.22,0.0,0.0,0.0,0,74776.0
0,udp,domain_u,SF,44,44,0,0,0,0,0,0,0,200,0.0,0.0,0.0,0.0,1.0,0.0,0.01,255,166,0.65,0.01,0.0,0.0,0.0,0.0,0.0,0,16647.0
0,tcp,iso_tsap,S0,0,0,0,0,0,0,0,0,0,205,1.0,1.0,0.0,0.0,0.0,0.07,0.0,255,15,0.06,0.08,0.0,0.0,1.0,1.0,0.0,1,106994.0
0,tcp,http,SF,204,17640,0,0,1,0,0,0,0,8,0.0,0.0,0.0,0.0,1.0,0.0,0.0,8,255,1.0,0.0,0.12,0.09,0.0,0.0,0.0,0,122831.0
0,tcp,smtp,RSTO,0,0,0,0,0,0,0,0,0,259,0.0,0.0,1.0,1.0,0.02,0.07,0.0,255,4,0.02,0.07,0.0,0.0,0.0,0.0,1.0,1,110720.0
0,tcp,uucp,S0,0,0,0,0,0,0,0,0,0,133,1.0,1.0,0.0,0.0,0.03,0.07,0.0,255,4,0.02,0.08,0.0,0.0,1.0,1.0,0.0,1,43630.0
0,tcp,http,SF,184,18418,0,0,1,0,0,0,0,1,0.0,0.0,0.0,0.0,1.0,0.0,0.0,61,255,1.0,0.0,0.02,0.03,0.0,0.0,0.0,0,88895.0
0,tcp,ftp_data,SF,740,0,0,0,1,0,0,9,0,2,0.0,0.0,0.0,0.0,1.0,0.0,0.67,46,82,0.59,0.04,0.59,0.02,0.0,0.0,0.0,0,84301.0
750,tcp,telnet,SF,634,21494,0,0,1,2,0,0,0,1,0.0,0.0,0.0,0.0,1.0,0.0,0.0,48,8,0.17,0.1,0.02,0.0,0.04,0.12,0.0,0,54965.0
0,tcp,http,REJ,0,0,0,0,0,0,0,0,0,1,0.0,0.0,1.0,1.0,1.0,0.0,0.0,2,250,1.0,0.0,0.5,0.27,0.0,0.0,0.94,0,95400.0
0,udp,domain_u,SF,45,82,0,0,0,0,0,0,0,270,0.0,0.0,0.0,0.0,1.0,0.01,0.0,255,254,1.0,0.01,0.0,0.0,0.0,0.0,0.0,0,7496.0
0,tcp,http,SF,220,398,0,0,1,0,0,0,0,21,0.0,0.0,0.0,0.0,1.0,0.0,0.12,255,255,1.0,0.0,0.0,0.0,0.0,0.0,0.0,0,52747.0
0,udp,domain_u,SF,44,76,0,0,0,0,0,0,0,126,0.0,0.0,0.0,0.0,1.0,0.0,0.0,255,224,0.88,0.01,0.0,0.0,0.0,0.0,0.0,0,114068.0
0,tcp,domain,S0,0,0,0,0,0,0,0,0,0,285,1.0,1.0,0.0,0.0,0.05,0.06,0.0,255,13,0.05,0.07,0.0,0.0,1.0,1.0,0.0,1,44839.0
0,tcp,smtp,SF,2097,481,0,0,1,0,0,0,0,1,0.0,0.0,0.0,0.0,1.0,0.0,0.0,255,10,0.04,0.01,0.0,0.0,0.0,0.0,0.0,0,27078.0
27,tcp,ftp,SF,1481,4152,0,30,1,0,0,0,0,1,0.0,0.0,0.0,0.0,1.0,0.0,0.0,90,9,0.09,0.79,0.01,0.22,0.0,0.0,0.22,0,6466.0
0,tcp,http,SF,370,705,0,0,1,0,0,0,0,10,0.0,0.0,0.0,0.0,1.0,0.0,0.12,255,255,1.0,0.0,0.0,0.0,0.0,0.0,0.0,0,113750.0
0,udp,domain_u,SF,45,133,0,0,0,0,0,0,0,228,0.0,0.0,0.0,0.0,1.0,0.0,0.01,255,253,0.99,0.01,0.0,0.0,0.0,0.0,0.0,0,1666.0
0,tcp,ftp_data,SF,1363,0,0,0,0,0,0,0,0,20,0.0,0.0,0.0,0.0,1.0,0.0,0.0,191,72,0.38,0.03,0.38,0.0,0.0,0.0,0.0,0,82990.0
0,tcp,csnet_ns,S0,0,0,0,0,0,0,0,0,0,213,1.0,1.0,0.0,0.0,0.06,0.06,0.0,255,13,0.05,0.05,0.0,0.0,1.0,1.0,0.0,1,100725.0
0,tcp,private,S0,0,0,0,0,0,0,0,0,0,121,1.0,1.0,0.0,0.0,0.17,0.06,0.0,255,2,0.01,0.07,0.0,0.0,1.0,1.0,0.0,1,104149.0
0,tcp,http,SF,279,10886,0,0,1,0,0,0,0,14,0.0,0.0,0.0,0.0,1.0,0.0,0.0,50,255,1.0,0.0,0.02,0.02,0.0,0.0,0.0,0,51795.0
0,tcp,http,SF,328,2169,0,0,1,0,0,0,0,4,0.0,0.2,0.0,0.0,1.0,0.0,0.4,142,255,1.0,0.0,0.01,0.02,0.01,0.0,0.0,0,99586.0
0,tcp,ftp_data,SF,6601,0,0,0,1,0,0,0,0,18,0.0,0.0,0.0,0.0,1.0,0.0,0.0,178,87,0.35,0.03,0.35,0.02,0.0,0.0,0.0,0,2295.0
0,tcp,private,S0,0,0,0,0,0,0,0,0,0,55,1.0,1.0,0.0,0.0,0.13,0.11,0.0,255,7,0.03,0.09,0.0,0.0,1.0,1.0,0.0,1,74392.0
0,icmp,ecr_i,SF,520,0,0,0,0,0,0,0,0,117,0.0,0.0,0.0,0.0,1.0,0.0,0.0,255,255,1.0,0.0,1.0,0.0,0.0,0.0,0.0,1,85949.0
0,tcp,ftp_data,SF,1153,0,0,0,1,0,0,0,0,2,0.0,0.0,0.0,0.0,1.0,0.0,0.0,255,116,0.45,0.01,0.45,0.0,0.0,0.0,0.0,0,68362.0
5510,tcp,other,RSTR,1,0,0,0,0,0,0,0,0,2,0.0,0.0,1.0,1.0,1.0,0.0,0.0,255,2,0.01,0.74,1.0,0.0,0.0,0.0,1.0,1,64458.0
0,icmp,eco_i,SF,18,0,0,0,0,0,0,0,0,1,0.0,0.0,0.0,0.0,1.0,0.0,0.0,1,79,1.0,0.0,1.0,1.0,0.0,0.0,0.0,1,5264.0
0,tcp,http,SF,215,177,0,0,1,0,0,0,0,32,0.0,0.0,0.0,0.0,1.0,0.0,0.0,32,255,1.0,0.0,0.03,0.01,0.0,0.0,0.0,0,33495.0
0,tcp,whois,S0,0,0,0,0,0,0,0,0,0,45,1.0,1.0,0.0,0.0,0.04,0.13,0.0,255,10,0.04,0.08,0.0,0.0,1.0,1.0,0.0,1,873.0
0,tcp,telnet,RSTO,0,0,0,0,0,0,0,0,0,231,0.0,0.0,1.0,1.0,0.01,0.07,0.0,255,2,0.01,0.07,0.0,0.0,0.0,0.0,1.0,1,111516.0
0,tcp,private,REJ,0,0,0,0,0,0,0,0,0,76,0.0,0.0,1.0,1.0,0.17,0.08,0.0,255,13,0.05,0.07,0.0,0.0,0.0,0.0,1.0,1,456.0
3,tcp,ftp_data,SF,2194619,0,0,0,1,0,0,0,0,2,0.0,0.0,0.0,0.0,1.0,0.0,0.0,88,44,0.23,0.07,0.23,0.05,0.0,0.0,0.0,0,70269.0
0,tcp,name,S0,0,0,0,0,0,0,0,0,0,213,1.0,1.0,0.0,0.0,0.0,0.08,0.0,255,1,0.0,0.09,0.0,0.0,1.0,1.0,0.0,1,48024.0
0,tcp,http,SF,298,784,0,0,1,0,0,0,0,11,0.0,0.0,0.0,0.0,1.0,0.0,0.17,255,255,1.0,0.0,0.0,0.0,0.0,0.0,0.0,0,47966.0
0,tcp,http,SF,300,9433,0,0,1,0,0,0,0,16,0.0,0.0,0.0,0.0,1.0,0.0,0.09,155,255,1.0,0.0,0.01,0.02,0.0,0.0,0.0,0,108055.0
7783,udp,other,SF,147,105,0,0,0,0,0,0,0,5,0.0,0.0,0.0,0.0,0.2,0.6,0.0,255,1,0.0,0.85,1.0,0.0,0.0,0.0,0.0,0,58085.0
0,icmp,eco_i,SF,8,0,0,0,0,0,0,0,0,1,0.0,0.0,0.0,0.0,1.0,0.0,1.0,1,75,1.0,0.0,1.0,0.51,0.0,0.0,0.0,1,103668.0
1,tcp,smtp,SF,999,330,0,0,1,0,0,0,0,1,0.0,0.0,0.0,0.0,1.0,0.0,1.0,198,196,0.72,0.02,0.01,0.01,0.0,0.0,0.0,0,88883.0
0,tcp,smtp,SF,682,330,0,0,1,0,0,0,0,1,0.0,0.0,0.0,0.0,1.0,0.0,0.0,101,201,0.72,0.04,0.01,0.01,0.0,0.0,0.0,0,85198.0
0,tcp,time,S0,0,0,0,0,0,0,0,0,0,257,1.0,1.0,0.0,0.0,0.09,0.05,0.0,255,22,0.09,0.05,0.0,0.0,1.0,1.0,0.0,1,83017.0
0,udp,private,SF,1,0,0,0,0,0,0,0,0,1,0.0,0.0,0.0,0.0,1.0,0.0,0.0,255,1,0.0,0.99,0.02,0.0,0.13,0.0,0.0,1,81310.0
2,tcp,time,SF,0,4,0,0,0,0,0,0,0,1,0.0,0.0,0.0,0.0,1.0,0.0,0.0,8,8,1.0,0.0,0.12,0.0,0.12,0.12,0.0,0,94209.0
0,udp,private,SF,28,0,3,0,0,0,0,0,0,36,0.0,0.0,0.0,0.0,1.0,0.0,0.0,255,36,0.14,0.01,0.14,0.0,0.0,0.0,0.0,1,4937.0
0,tcp,http,SF,231,15121,0,0,1,0,0,0,0,5,0.0,0.0,0.0,0.0,1.0,0.0,0.0,5,255,1.0,0.0,0.2,0.05,0.0,0.0,0.0,0,56985.0
4,tcp,smtp,SF,1574,333,0,0,1,0,0,0,0,1,0.0,0.0,0.0,0.0,1.0,0.0,1.0,118,214,0.91,0.03,0.01,0.01,0.0,0.0,0.0,0,43329.0
0,udp,domain_u,SF,44,127,0,0,0,0,0,0,0,235,0.0,0.0,0.0,0.0,1.0,0.01,0.01,237,198,0.84,0.01,0.0,0.0,0.0,0.0,0.0,0,35907.0
0,tcp,http,SF,248,343,0,0,1,0,0,0,0,19,0.0,0.0,0.0,0.0,1.0,0.0,0.1,19,255,1.0,0.0,0.05,0.03,0.0,0.0,0.0,0,85386.0
0,tcp,private,S0,0,0,0,0,0,0,0,0,0,255,1.0,1.0,0.0,0.0,0.07,0.05,0.0,255,19,0.07,0.05,0.0,0.0,1.0,1.0,0.0,1,21741.0
0,icmp,eco_i,SF,8,0,0,0,0,0,0,0,0,1,0.0,0.0,0.0,0.0,1.0,0.0,1.0,2,250,1.0,0.0,1.0,0.5,0.0,0.0,0.0,1,8168.0
37,tcp,telnet,SF,947,506468,0,0,1,0,0,0,0,1,0.0,0.0,0.0,0.0,1.0,0.0,0.0,147,16,0.11,0.03,0.01,0.0,0.0,0.0,0.0,0,78758.0
0,tcp,vmnet,REJ,0,0,0,0,0,0,0,0,0,300,0.0,0.0,1.0,1.0,0.07,0.06,0.0,255,20,0.08,0.07,0.0,0.0,0.0,0.0,1.0,1,41347.0
0,tcp,ftp_data,S1,35040,0,0,0,1,0,0,0,0,14,0.07,0.09,0.0,0.0,0.79,0.29,0.0,83,17,0.2,0.07,0.24,0.0,0.01,0.06,0.0,0,109955.0
0,tcp,vmnet,REJ,0,0,0,0,0,0,0,0,0,195,0.0,0.0,1.0,1.0,0.08,0.06,0.0,255,15,0.06,0.09,0.0,0.0,0.0,0.0,1.0,1,119576.0
239,udp,domain_u,SF,93,33,0,0,0,0,0,0,0,1,0.0,0.0,0.0,0.0,1.0,0.0,0.0,71,71,1.0,0.0,1.0,0.0,0.0,0.0,0.0,0,56736.0
0,tcp,ftp_data,S0,0,0,0,0,0,0,0,0,0,79,1.0,1.0,0.0,0.0,0.24,0.05,0.0,255,39,0.15,0.06,0.0,0.0,1.0,1.0,0.0,1,38754.0
0,tcp,http,SF,217,1818,0,0,1,0,0,0,0,16,0.0,0.0,0.0,0.0,1.0,0.0,0.0,255,255,1.0,0.0,0.0,0.0,0.0,0.0,0.0,0,88675.0
0,tcp,imap4,S0,0,0,0,0,0,0,0,0,0,225,1.0,1.0,0.0,0.0,0.03,0.06,0.0,255,7,0.03,0.08,0.0,0.0,1.0,1.0,0.0,1,27713.0
0,tcp,ftp,S0,0,0,0,0,0,0,0,0,0,205,1.0,1.0,0.0,0.0,0.1,0.07,0.0,255,20,0.08,0.09,0.0,0.0,1.0,1.0,0.0,1,30408.0
0,tcp,http,REJ,0,0,0,0,0,0,0,0,0,1,0.0,0.0,1.0,1.0,1.0,0.0,0.0,53,139,1.0,0.0,0.02,0.14,0.0,0.01,0.88,0,66180.0
0,tcp,smtp,SF,1058,332,0,0,1,0,0,0,0,1,0.0,0.0,0.0,0.0,1.0,0.0,0.0,174,135,0.54,0.04,0.01,0.01,0.02,0.02,0.0,0,52674.0
0,tcp,http,SF,468,296,0,0,1,0,0,0,0,22,0.0,0.0,0.0,0.0,1.0,0.0,0.0,255,255,1.0,0.0,0.0,0.0,0.0,0.0,0.0,0,93880.0
0,icmp,eco_i,SF,8,0,0,0,0,0,0,0,0,1,0.0,0.0,0.0,0.0,1.0,0.0,1.0,4,128,1.0,0.0,1.0,0.25,0.0,0.0,0.0,1,6087.0
0,tcp,private,S0,0,0,0,0,0,0,0,0,0,262,1.0,1.0,0.0,0.0,0.07,0.06,0.0,255,5,0.02,0.03,0.0,0.0,1.0,1.0,0.0,1,47092.0
0,tcp,http,SF,215,540,0,0,1,0,0,0,0,13,0.0,0.0,0.0,0.0,1.0,0.0,0.14,255,255,1.0,0.0,0.0,0.0,0.0,0.0,0.0,0,104879.0
0,tcp,http,SF,240,185,0,0,1,0,0,0,0,6,0.0,0.0,0.0,0.0,1.0,0.0,0.25,255,255,1.0,0.0,0.0,0.0,0.0,0.0,0.0,0,119177.0
0,tcp,http,REJ,0,0,0,0,0,0,0,0,0,1,0.0,0.0,1.0,1.0,1.0,0.0,1.0,1,255,1.0,0.0,1.0,0.15,0.0,0.0,0.48,0,69946.0
0,icmp,red_i,SF,91,0,0,0,0,0,0,0,0,5,0.0,0.0,0.0,0.0,1.0,0.0,0.0,130,5,0.04,0.02,0.04,0.0,0.0,0.0,0.0,0,21751.0
0,udp,domain_u,SF,46,75,0,0,0,0,0,0,0,193,0.0,0.0,0.0,0.0,0.99,0.01,0.01,255,255,1.0,0.0,0.0,0.0,0.0,0.0,0.0,0,18544.0
0,tcp,Z39_50,S0,0,0,0,0,0,0,0,0,0,234,1.0,1.0,0.0,0.0,0.03,0.07,0.0,255,7,0.03,0.07,0.0,0.0,1.0,1.0,0.0,1,110281.0
0,tcp,smtp,SF,131,247,0,0,1,0,0,0,0,2,0.0,0.0,0.0,0.0,1.0,0.0,0.0,121,66,0.14,0.59,0.01,0.03,0.01,0.0,0.0,0,62965.0
0,tcp,http,SF,338,336,0,0,1,0,0,0,0,3,0.0,0.0,0.0,0.0,1.0,0.0,0.18,25,255,1.0,0.0,0.04,0.04,0.0,0.0,0.0,0,93645.0
0,tcp,private,S0,0,0,0,0,0,0,0,0,0,279,1.0,1.0,0.0,0.0,0.04,0.05,0.0,255,2,0.01,0.08,0.0,0.0,1.0,1.0,0.0,1,1935.0
0,tcp,mtp,S0,0,0,0,0,0,0,0,0,0,235,1.0,1.0,0.0,0.0,0.03,0.06,0.0,255,8,0.03,0.07,0.0,0.0,1.0,1.0,0.0,1,3307.0
0,tcp,http,SF,291,29325,0,0,1,0,0,0,0,5,0.0,0.0,0.0,0.0,1.0,0.0,0.0,16,162,1.0,0.0,0.06,0.04,0.0,0.0,0.0,0,20465.0
0,tcp,finger,S0,0,0,0,0,0,0,0,0,0,262,1.0,1.0,0.0,0.0,0.07,0.06,0.0,255,19,0.07,0.08,0.0,0.0,1.0,1.0,0.0,1,49388.0
0,tcp,private,S0,0,0,0,0,0,0,0,0,0,116,1.0,1.0,0.0,0.0,0.12,0.06,0.0,255,14,0.05,0.07,0.0,0.0,1.0,1.0,0.0,1,33040.0
0,tcp,ftp_data,S0,0,0,0,0,0,0,0,0,0,30,1.0,1.0,0.0,0.0,0.2,0.13,0.0,255,63,0.25,0.02,0.01,0.0,1.0,1.0,0.0,1,61566.0
0,tcp,nnsp,S0,0,0,0,0,0,0,0,0,0,121,1.0,1.0,0.0,0.0,0.17,0.07,0.0,255,20,0.08,0.06,0.0,0.0,1.0,1.0,0.0,1,44914.0
0,tcp,http,SF,208,260,0,0,1,0,0,0,0,12,0.0,0.0,0.0,0.0,1.0,0.0,0.06,67,255,1.0,0.0,0.01,0.05,0.0,0.0,0.0,0,54365.0
0,udp,domain_u,SF,45,73,0,0,0,0,0,0,0,140,0.0,0.0,0.0,0.0,1.0,0.0,0.0,255,254,1.0,0.01,0.01,0.0,0.0,0.0,0.0,0,69794.0
0,tcp,gopher,S0,0,0,0,0,0,0,0,0,0,232,1.0,1.0,0.0,0.0,0.04,0.06,0.0,255,10,0.04,0.06,0.0,0.0,1.0,1.0,0.0,1,102452.0
0,udp,other,SF,516,4,0,0,0,0,0,0,0,144,0.0,0.0,0.0,0.0,1.0,0.0,0.0,144,144,1.0,0.0,1.0,0.0,0.0,0.0,0.0,0,29011.0
0,tcp,ftp_data,SF,71,0,0,0,1,0,0,0,0,1,0.0,0.0,0.0,0.0,1.0,0.0,0.0,255,1,0.0,0.07,0.0,0.0,0.94,0.0,0.0,0,89823.0
0,tcp,ftp_data,REJ,0,0,0,0,0,0,0,0,0,1,0.0,0.0,1.0,1.0,1.0,0.0,0.0,1,49,1.0,0.0,1.0,0.04,0.0,0.0,0.02,1,105892.0
0,udp,domain_u,SF,45,128,0,0,0,0,0,0,0,49,0.0,0.0,0.0,0.0,1.0,0.0,0.02,124,74,0.6,0.02,0.01,0.0,0.0,0.0,0.0,0,47377.0
0,tcp,http,SF,207,1705,0,0,1,0,0,0,0,26,0.0,0.0,0.0,0.0,1.0,0.0,0.0,92,255,1.0,0.0,0.01,0.04,0.0,0.0,0.0,0,30374.0
0,tcp,http,REJ,0,0,0,0,0,0,0,0,0,1,0.0,0.0,1.0,1.0,1.0,0.0,0.0,1,48,1.0,0.0,1.0,0.21,0.0,0.0,1.0,0,78981.0
0,tcp,http,SF,54540,8314,0,2,1,1,0,0,0,5,0.0,0.0,0.0,0.17,1.0,0.0,0.33,241,241,1.0,0.0,0.0,0.0,0.0,0.0,0.05,1,27420.0
0,tcp,private,S0,0,0,0,0,0,0,0,0,0,263,1.0,1.0,0.0,0.0,0.1,0.05,0.0,255,25,0.1,0.05,0.0,0.0,1.0,1.0,0.0,1,70404.0
0,tcp,private,S0,0,0,0,0,0,0,0,0,0,86,1.0,1.0,0.0,0.0,0.03,0.07,0.0,255,18,0.07,0.08,0.0,0.0,1.0,1.0,0.0,1,53075.0
0,tcp,http,SF,214,723,0,0,1,0,0,0,0,18,0.0,0.0,0.0,0.0,1.0,0.0,0.15,40,255,1.0,0.0,0.03,0.02,0.0,0.0,0.0,0,27870.0
0,tcp,http,SF,348,314,0,0,1,0,0,0,0,4,0.25,0.25,0.0,0.0,1.0,0.0,0.0,255,255,1.0,0.0,0.0,0.0,0.0,0.0,0.0,0,54716.0
0,tcp,http,SF,54540,8314,0,0,1,0,0,0,0,3,0.0,0.0,0.0,0.0,1.0,0.0,0.0,255,255,1.0,0.0,0.0,0.0,0.01,0.01,0.05,1,84925.0
0,tcp,http,SF,233,1075,0,0,1,0,0,0,0,4,0.25,0.25,0.0,0.0,1.0,0.0,0.0,255,241,0.95,0.01,0.0,0.0,0.0,0.0,0.0,0,125826.0
0,tcp,private,S0,0,0,0,0,0,0,0,0,0,225,1.0,1.0,0.0,0.0,0.02,0.07,0.0,255,7,0.03,0.09,0.0,0.0,1.0,1.0,0.0,1,97165.0
0,tcp,http,SF,192,6196,0,0,1,0,0,0,0,8,0.0,0.0,0.0,0.0,1.0,0.0,0.0,30,255,1.0,0.0,0.03,0.02,0.0,0.0,0.0,0,97491.0
0,icmp,eco_i,SF,18,0,0,0,0,0,0,0,0,1,0.0,0.0,0.0,0.0,1.0,0.0,0.0,4,124,1.0,0.0,1.0,0.25,0.0,0.0,0.0,1,57502.0
0,udp,domain_u,SF,45,139,0,0,0,0,0,0,0,66,0.0,0.0,0.0,0.0,1.0,0.0,0.01,255,254,1.0,0.01,0.0,0.0,0.0,0.0,0.0,0,110296.0
0,tcp,uucp_path,S0,0,0,0,0,0,0,0,0,0,299,1.0,1.0,0.0,0.0,0.06,0.06,0.0,255,19,0.07,0.07,0.0,0.0,1.0,1.0,0.0,1,7988.0
0,udp,domain_u,SF,45,75,0,0,0,0,0,0,0,103,0.0,0.0,0.0,0.0,1.0,0.0,0.03,255,239,0.94,0.01,0.0,0.0,0.0,0.0,0.0,0,55280.0
0,tcp,imap4,S0,0,0,0,0,0,0,0,0,0,147,1.0,1.0,0.0,0.0,0.13,0.06,0.0,255,3,0.01,0.08,0.0,0.0,1.0,1.0,0.0,1,34408.0
0,icmp,eco_i,SF,8,0,0,0,0,0,0,0,0,1,0.0,0.0,0.0,0.0,1.0,0.0,1.0,3,99,1.0,0.0,1.0,0.25,0.0,0.0,0.0,1,46468.0
0,tcp,telnet,S0,0,0,0,0,0,0,0,0,0,21,1.0,1.0,0.0,0.0,0.19,0.19,0.0,183,47,0.25,0.02,0.01,0.04,0.99,0.94,0.0,1,111138.0
0,udp,domain_u,SF,24,77,0,0,0,0,0,0,0,1,0.0,0.0,0.0,0.0,1.0,0.0,0.0,1,215,1.0,0.0,1.0,0.01,0.0,0.0,0.0,0,13518.0
74,tcp,http,SF,364,291,0,0,1,0,0,0,0,4,0.0,0.0,0.0,0.0,1.0,0.0,0.12,12,255,1.0,0.0,0.08,0.03,0.0,0.0,0.0,0,113716.0
0,icmp,eco_i,SF,18,0,0,0,0,0,0,0,0,1,0.0,0.0,0.0,0.0,1.0,0.0,0.0,1,33,1.0,0.0,1.0,1.0,0.0,0.0,0.0,1,603.0
0,tcp,private,REJ,0,0,0,0,0,0,0,0,0,119,0.0,0.0,1.0,1.0,0.09,0.07,0.0,255,11,0.04,0.05,0.0,0.0,0.0,0.0,1.0,1,47254.0
0,tcp,smtp,SF,1132,386,0,0,1,0,0,0,0,1,0.0,0.0,0.0,0.0,1.0,0.0,0.0,255,21,0.08,0.06,0.0,0.0,0.78,0.0,0.0,0,113599.0
0,tcp,http,SF,237,2226,0,0,1,0,0,0,0,12,0.0,0.0,0.0,0.0,1.0,0.0,0.0,30,255,1.0,0.0,0.03,0.01,0.0,0.0,0.0,0,85399.0
0,tcp,http,SF,198,1456,0,0,1,0,0,0,0,5,0.0,0.0,0.0,0.0,1.0,0.0,0.0,255,255,1.0,0.0,0.0,0.0,0.0,0.0,0.0,0,2680.0
0,tcp,uucp,S0,0,0,0,0,0,0,0,0,0,133,1.0,1.0,0.0,0.0,0.02,0.06,0.0,255,3,0.01,0.07,0.0,0.0,1.0,1.0,0.0,1,125183.0
0,tcp,http,SF,206,5200,0,0,1,0,0,0,0,5,0.0,0.0,0.0,0.0,1.0,0.0,0.0,255,255,1.0,0.0,0.0,0.0,0.0,0.0,0.0,0,125907.0
1,tcp,ftp_data,SF,501760,0,0,0,1,0,0,0,0,2,0.0,0.0,0.0,0.0,1.0,0.0,0.0,32,108,0.56,0.12,0.56,0.02,0.0,0.0,0.0,0,125032.0
0,icmp,urp_i,SF,181,0,0,0,0,0,0,0,0,2,0.0,0.0,0.0,0.0,0.5,1.0,0.0,255,130,0.51,0.01,0.67,0.0,0.0,0.0,0.0,0,106290.0
0,tcp,http,SF,269,935,0,0,1,0,0,0,0,6,0.0,0.0,0.0,0.0,1.0,0.0,0.29,50,255,1.0,0.0,0.02,0.03,0.0,0.0,0.0,0,35640.0
0,tcp,http,SF,54540,8314,0,2,1,1,0,0,0,2,0.0,0.0,0.0,0.0,1.0,0.0,0.0,15,15,1.0,0.0,0.07,0.0,0.0,0.0,0.0,1,84177.0
0,tcp,http,SF,242,607,0,0,1,0,0,0,0,2,0.0,0.0,0.0,0.0,1.0,0.0,0.0,255,255,1.0,0.0,0.0,0.0,0.0,0.0,0.0,0,81142.0
0,tcp,http,SF,216,530,0,0,1,0,0,0,0,9,0.0,0.0,0.0,0.0,1.0,0.0,0.07,9,255,1.0,0.0,0.11,0.02,0.0,0.0,0.0,0,101343.0
0,tcp,http,SF,330,12277,0,0,1,0,0,0,0,10,0.0,0.0,0.0,0.0,1.0,0.0,0.1,255,255,1.0,0.0,0.0,0.0,0.0,0.0,0.0,0,35539.0
0,tcp,private,REJ,0,0,0,0,0,0,0,0,0,260,0.0,0.0,1.0,1.0,0.06,0.06,0.0,255,16,0.06,0.07,0.0,0.0,0.0,0.0,1.0,1,117286.0
0,tcp,http,SF,225,1311,0,0,1,0,0,0,0,9,0.0,0.0,0.0,0.0,1.0,0.0,0.0,32,255,1.0,0.0,0.03,0.03,0.0,0.0,0.0,0,32926.0
0,tcp,private,REJ,0,0,0,0,0,0,0,0,0,219,0.0,0.0,1.0,1.0,0.0,0.07,0.0,255,1,0.0,0.08,0.0,0.0,0.0,0.0,1.0,1,39915.0
0,icmp,eco_i,SF,8,0,0,0,0,0,0,0,0,1,0.0,0.0,0.0,0.0,1.0,0.0,1.0,1,107,1.0,0.0,1.0,0.5,0.0,0.0,0.0,1,50048.0
0,tcp,discard,S0,0,0,0,0,0,0,0,0,0,219,1.0,1.0,0.0,0.0,0.09,0.05,0.0,255,2,0.01,0.07,0.0,0.0,1.0,1.0,0.0,1,19845.0
0,tcp,ctf,S0,0,0,0,0,0,0,0,0,0,123,1.0,1.0,0.0,0.0,0.11,0.06,0.0,255,13,0.05,0.07,0.0,0.0,1.0,1.0,0.0,1,12777.0
0,tcp,smtp,SF,741,325,0,0,1,0,0,0,0,1,0.0,0.0,0.0,0.0,1.0,0.0,0.0,92,65,0.71,0.11,0.01,0.0,0.01,0.0,0.0,0,70577.0
0,tcp,http,SF,215,4823,0,0,1,0,0,0,0,41,0.0,0.0,0.0,0.0,1.0,0.0,0.0,255,255,1.0,0.0,0.0,0.0,0.0,0.0,0.0,0,113913.0
0,tcp,private,S0,0,0,0,0,0,0,0,0,0,70,1.0,1.0,0.0,0.0,0.17,0.09,0.0,255,12,0.05,0.07,0.0,0.0,1.0,1.0,0.0,1,8449.0
0,tcp,smtp,SF,2760,370,0,0,1,0,0,0,0,1,0.0,0.0,0.0,0.0,1.0,0.0,0.0,1,154,1.0,0.0,1.0,0.01,0.0,0.01,0.0,0,960.0
0,tcp,http,SF,148,13023,0,0,1,0,0,0,0,2,0.5,0.03,0.0,0.0,1.0,0.0,0.07,181,255,1.0,0.0,0.01,0.02,0.01,0.01,0.0,0,7913.0
0,udp,domain_u,SF,46,46,0,0,0,0,0,0,0,187,0.0,0.0,0.0,0.0,1.0,0.0,0.0,255,255,1.0,0.0,0.0,0.0,0.0,0.0,0.0,0,46771.0
0,tcp,private,S0,0,0,0,0,0,0,0,0,0,195,1.0,1.0,0.0,0.0,0.09,0.06,0.0,255,4,0.02,0.06,0.0,0.0,1.0,1.0,0.0,1,91138.0
0,tcp,private,S0,0,0,0,0,0,0,0,0,0,227,1.0,1.0,0.0,0.0,0.02,0.06,0.0,255,4,0.02,0.07,0.0,0.0,1.0,1.0,0.0,1,28779.0
0,tcp,http,SF,232,1875,0,0,1,0,0,0,0,2,0.0,0.0,0.0,0.0,1.0,0.0,0.0,19,255,1.0,0.0,0.05,0.04,0.0,0.0,0.0,0,64187.0
0,tcp,private,S0,0,0,0,0,0,0,0,0,0,228,1.0,1.0,0.0,0.0,0.02,0.07,0.0,255,16,0.06,0.08,0.0,0.0,1.0,1.0,0.0,1,57815.0
0,tcp,private,S0,0,0,0,0,0,0,0,0,0,79,1.0,1.0,0.0,0.0,0.29,0.05,0.0,255,23,0.09,0.04,0.0,0.0,1.0,1.0,0.0,1,4988.0
0,tcp,private,REJ,0,0,0,0,0,0,0,0,0,246,0.0,0.0,1.0,1.0,0.04,0.06,0.0,255,9,0.04,0.07,0.0,0.0,0.0,0.0,1.0,1,87794.0
0,tcp,smtp,SF,2182,328,0,0,1,0,0,0,0,1,0.0,0.0,0.0,0.0,1.0,0.0,0.0,146,142,0.55,0.07,0.01,0.01,0.0,0.0,0.0,0,6689.0
0,tcp,http,SF,296,686,0,0,1,0,0,0,0,13,0.0,0.0,0.0,0.0,1.0,0.0,0.08,255,255,1.0,0.0,0.0,0.0,0.0,0.0,0.0,0,54046.0
0,tcp,systat,S0,0,0,0,0,0,0,0,0,0,121,1.0,1.0,0.0,0.0,0.12,0.06,0.0,255,9,0.04,0.07,0.0,0.0,1.0,1.0,0.0,1,77074.0
1218,udp,other,SF,147,105,0,0,0,0,0,0,0,4,0.0,0.0,0.0,0.0,0.5,0.5,0.0,221,2,0.01,0.57,0.89,0.0,0.0,0.0,0.0,0,64894.0
0,icmp,ecr_i,SF,1032,0,0,0,0,0,0,0,0,209,0.0,0.0,0.0,0.0,1.0,0.0,0.0,255,255,1.0,0.0,1.0,0.0,0.0,0.0,0.0,1,16741.0
0,tcp,http,S0,0,0,0,0,0,0,0,0,0,289,1.0,1.0,0.0,0.0,0.03,0.06,0.0,255,7,0.03,0.07,0.0,0.0,1.0,1.0,0.0,1,95215.0
0,tcp,uucp,S0,0,0,0,0,0,0,0,0,0,128,1.0,1.0,0.0,0.0,0.04,0.06,0.0,255,7,0.03,0.06,0.0,0.0,1.0,1.0,0.0,1,56922.0
2,tcp,ftp_data,SF,2194619,0,0,0,1,0,0,0,0,2,0.0,0.0,0.0,0.0,1.0,0.0,0.0,209,76,0.28,0.03,0.28,0.03,0.0,0.0,0.0,0,86460.0
0,udp,private,SF,28,0,3,0,0,0,0,0,0,37,0.0,0.0,0.0,0.0,1.0,0.0,0.0,255,37,0.15,0.01,0.15,0.0,0.0,0.0,0.0,1,94206.0
0,tcp,imap4,REJ,0,0,0,0,0,0,0,0,0,254,0.0,0.0,1.0,1.0,0.06,0.07,0.0,255,14,0.05,0.07,0.0,0.0,0.0,0.0,1.0,1,25043.0
0,tcp,http,SF,318,392,0,0,1,0,0,0,0,11,0.0,0.0,0.0,0.0,1.0,0.0,0.0,255,255,1.0,0.0,0.0,0.0,0.0,0.0,0.0,0,39917.0
8800,tcp,IRC,RSTR,1127,8103,0,0,1,0,0,0,0,1,0.0,0.0,1.0,1.0,1.0,0.0,0.0,21,8,0.38,0.1,0.05,0.0,0.1,0.25,0.5,0,36770.0
6,tcp,smtp,SF,1322,334,0,0,1,0,0,0,0,1,0.0,0.0,0.0,0.0,1.0,0.0,0.0,71,54,0.76,0.04,0.01,0.0,0.0,0.0,0.0,0,13533.0
0,udp,domain_u,SF,53,119,0,0,0,0,0,0,0,1,0.0,0.0,0.0,0.0,1.0,0.0,1.0,255,251,0.98,0.01,0.0,0.0,0.0,0.0,0.0,0,43855.0
0,tcp,http,SF,312,1171,0,0,1,0,0,0,0,24,0.0,0.0,0.0,0.0,1.0,0.0,0.15,173,255,1.0,0.0,0.01,0.02,0.0,0.0,0.0,0,89902.0
0,udp,domain_u,SF,17,73,0,0,0,0,0,0,0,1,0.0,0.0,0.0,0.0,1.0,0.0,1.0,255,234,0.92,0.01,0.0,0.0,0.0,0.0,0.0,0,19373.0
0,tcp,http,SF,210,423,0,0,1,0,0,0,0,6,0.0,0.0,0.0,0.0,1.0,0.0,0.0,82,255,1.0,0.0,0.01,0.04,0.0,0.0,0.0,0,94174.0
0,tcp,http,SF,299,4073,0,0,1,0,0,0,0,5,0.0,0.0,0.0,0.0,1.0,0.0,0.29,255,255,1.0,0.0,0.0,0.0,0.0,0.0,0.0,0,117605.0
0,tcp,http,SF,213,3158,0,0,1,0,0,0,0,20,0.0,0.0,0.0,0.0,1.0,0.0,0.0,20,255,1.0,0.0,0.05,0.05,0.0,0.0,0.0,0,88456.0
0,tcp,other,SF,4539,0,0,0,1,0,0,0,0,14,0.07,0.0,0.0,0.0,0.07,0.29,0.0,173,1,0.01,0.04,0.2,0.0,0.01,0.0,0.0,0,6568.0
0,tcp,http,SF,168,35215,0,0,1,0,0,0,0,15,0.0,0.0,0.0,0.0,1.0,0.0,0.0,255,255,1.0,0.0,0.0,0.0,0.0,0.0,0.0,0,70850.0
0,tcp,http,SF,347,1699,0,0,1,0,0,0,0,1,0.0,0.0,0.0,0.0,1.0,0.0,0.0,5,255,1.0,0.0,0.2,0.05,0.0,0.0,0.0,0,120708.0
0,tcp,http,SF,244,449,0,0,1,0,0,0,0,4,0.0,0.0,0.0,0.0,1.0,0.0,0.0,45,255,1.0,0.0,0.02,0.04,0.02,0.0,0.0,0,85583.0
1,tcp,smtp,SF,856,337,0,0,1,0,0,0,0,1,0.0,0.0,0.0,0.0,1.0,0.0,1.0,116,148,0.55,0.04,0.01,0.02,0.0,0.0,0.0,0,57482.0
0,tcp,http,SF,260,1699,0,0,1,0,0,0,0,5,0.0,0.0,0.0,0.0,1.0,0.0,0.33,5,255,1.0,0.0,0.2,0.03,0.0,0.0,0.0,0,73653.0
0,tcp,http,SF,301,784,0,0,1,0,0,0,0,7,0.0,0.0,0.0,0.0,1.0,0.0,0.25,190,255,1.0,0.0,0.01,0.01,0.0,0.0,0.0,0,101121.0
0,tcp,http,SF,203,1415,0,0,1,0,0,0,0,4,0.0,0.0,0.0,0.09,1.0,0.0,0.27,4,255,1.0,0.0,0.25,0.05,0.0,0.0,0.01,0,94777.0
0,tcp,private,S0,0,0,0,0,0,0,0,0,0,167,1.0,1.0,0.0,0.0,0.03,0.07,0.0,255,16,0.06,0.08,0.0,0.0,1.0,1.0,0.0,1,65519.0
0,tcp,http,SF,294,15864,0,0,1,0,0,0,0,4,0.0,0.0,0.0,0.0,1.0,0.0,0.0,4,255,1.0,0.0,0.25,0.03,0.0,0.0,0.0,0,106343.0
0,tcp,http,REJ,0,0,0,0,0,0,0,0,0,1,0.0,0.0,1.0,1.0,1.0,0.0,0.0,16,255,1.0,0.0,0.06,0.2,0.0,0.0,0.98,0,93058.0
0,tcp,private,S0,0,0,0,0,0,0,0,0,0,126,1.0,1.0,0.0,0.0,0.07,0.06,0.0,48,12,0.25,0.15,0.02,0.0,1.0,1.0,0.0,1,31831.0
0,tcp,uucp,S0,0,0,0,0,0,0,0,0,0,142,1.0,1.0,0.0,0.0,0.13,0.05,0.0,255,19,0.07,0.05,0.0,0.0,1.0,1.0,0.0,1,106094.0
0,tcp,ftp_data,SF,0,5696,0,0,1,0,0,0,0,1,0.0,0.0,0.0,0.0,1.0,0.0,0.0,1,39,1.0,0.0,1.0,0.05,0.0,0.0,0.0,0,97785.0
0,tcp,ftp_data,SF,10073,0,0,0,0,0,0,0,0,15,0.0,0.0,0.0,0.0,1.0,0.0,0.0,165,53,0.32,0.02,0.32,0.0,0.0,0.0,0.0,0,88368.0
0,tcp,private,S0,0,0,0,0,0,0,0,0,0,222,1.0,1.0,0.0,0.0,0.05,0.06,0.0,255,13,0.05,0.09,0.0,0.0,1.0,1.0,0.0,1,70461.0
0,icmp,eco_i,SF,8,0,0,0,0,0,0,0,0,1,0.0,0.0,0.0,0.0,1.0,0.0,1.0,1,81,1.0,0.0,1.0,0.51,0.0,0.0,0.0,1,61064.0
0,tcp,ftp_data,SF,245,0,0,0,0,0,0,0,0,2,0.0,0.0,0.0,0.0,1.0,0.0,0.0,3,2,0.67,0.67,0.67,0.0,0.0,0.0,0.0,0,113361.0
0,tcp,http,SF,333,1424,0,0,1,0,0,0,0,13,0.0,0.0,0.0,0.0,1.0,0.0,0.18,13,255,1.0,0.0,0.08,0.03,0.0,0.0,0.0,0,19799.0
0,tcp,http,SF,226,9284,0,0,1,0,0,0,0,19,0.0,0.0,0.0,0.0,1.0,0.0,0.0,255,255,1.0,0.0,0.0,0.0,0.0,0.0,0.0,0,76854.0
0,tcp,auth,SF,10,39,0,0,0,0,0,0,0,1,0.0,0.0,0.0,0.0,1.0,0.0,0.0,112,5,0.01,0.06,0.01,0.4,0.0,0.0,0.0,0,37422.0
0,tcp,discard,S0,0,0,0,0,0,0,0,0,0,127,1.0,1.0,0.0,0.0,0.15,0.06,0.0,255,13,0.05,0.07,0.0,0.0,1.0,1.0,0.0,1,9105.0
0,tcp,auth,S0,0,0,0,0,0,0,0,0,0,243,1.0,1.0,0.0,0.0,0.1,0.05,0.0,255,25,0.1,0.05,0.0,0.0,1.0,1.0,0.0,1,60014.0
6,tcp,smtp,SF,1543,325,0,0,1,0,0,0,0,1,0.0,0.0,0.0,0.0,1.0,0.0,0.0,103,81,0.79,0.03,0.01,0.0,0.0,0.0,0.0,0,11091.0
0,tcp,http,SF,54540,8314,0,2,1,1,0,0,0,4,0.0,0.0,0.25,0.25,1.0,0.0,0.0,255,255,1.0,0.0,0.0,0.0,0.0,0.0,0.06,1,53512.0
0,tcp,http,SF,289,1719,0,0,1,0,0,0,0,26,0.0,0.0,0.0,0.0,1.0,0.0,0.11,255,255,1.0,0.0,0.0,0.0,0.0,0.0,0.0,0,22961.0
0,tcp,http,SF,329,818,0,0,1,0,0,0,0,8,0.0,0.0,0.0,0.0,1.0,0.0,0.0,46,244,1.0,0.0,0.02,0.02,0.0,0.0,0.0,0,108267.0
0,tcp,courier,REJ,0,0,0,0,0,0,0,0,0,109,0.0,0.0,1.0,1.0,0.06,0.07,0.0,255,7,0.03,0.06,0.0,0.0,0.0,0.0,1.0,1,64684.0
0,tcp,login,S0,0,0,0,0,0,0,0,0,0,128,1.0,1.0,0.0,0.0,0.14,0.05,0.0,255,5,0.02,0.07,0.0,0.0,1.0,1.0,0.0,1,65900.0
0,tcp,uucp_path,S0,0,0,0,0,0,0,0,0,0,224,1.0,1.0,0.0,0.0,0.0,0.07,0.0,255,20,0.08,0.07,0.0,0.0,1.0,1.0,0.0,1,94428.0
0,tcp,http,SF,289,6329,0,0,1,0,0,0,0,9,0.0,0.0,0.0,0.0,1.0,0.0,0.2,193,255,1.0,0.0,0.01,0.01,0.0,0.0,0.0,0,101551.0
0,tcp,http,SF,246,12382,0,0,1,0,0,0,0,4,0.0,0.0,0.0,0.0,1.0,0.0,0.0,89,89,1.0,0.0,0.01,0.0,0.01,0.01,0.0,0,41483.0
0,tcp,http,REJ,0,0,0,0,0,0,0,0,0,1,0.0,0.0,1.0,1.0,1.0,0.0,0.0,42,193,1.0,0.0,0.02,0.02,0.0,0.0,0.94,0,89624.0
0,tcp,private,S0,0,0,0,0,0,0,0,0,0,25,1.0,1.0,0.0,0.0,0.4,0.12,0.0,255,16,0.06,0.07,0.0,0.0,1.0,1.0,0.0,1,4113.0
0,tcp,private,REJ,0,0,0,0,0,0,0,0,0,47,0.0,0.0,1.0,1.0,0.02,0.55,0.0,217,1,0.0,0.12,0.22,0.0,0.01,0.0,1.0,1,65261.0
28,udp,domain_u,SF,46,46,0,0,0,0,0,0,0,3,0.0,0.0,0.0,0.0,0.33,0.67,0.5,84,81,0.96,0.02,0.01,0.0,0.0,0.0,0.0,0,104717.0
0,tcp,efs,S0,0,0,0,0,0,0,0,0,0,78,1.0,1.0,0.0,0.0,0.21,0.06,0.0,255,16,0.06,0.07,0.0,0.0,1.0,1.0,0.0,1,6334.0
0,udp,domain_u,SF,46,46,0,0,0,0,0,0,0,76,0.0,0.0,0.0,0.0,1.0,0.0,0.03,255,254,1.0,0.01,0.01,0.0,0.0,0.0,0.0,0,113061.0
0,tcp,efs,S0,0,0,0,0,0,0,0,0,0,79,1.0,1.0,0.0,0.0,0.22,0.06,0.0,255,17,0.07,0.07,0.0,0.0,1.0,1.0,0.0,1,63211.0
0,tcp,printer,S0,0,0,0,0,0,0,0,0,0,134,1.0,1.0,0.0,0.0,0.13,0.05,0.0,255,5,0.02,0.07,0.0,0.0,1.0,1.0,0.0,1,82750.0
0,udp,domain_u,SF,45,71,0,0,0,0,0,0,0,198,0.0,0.0,0.0,0.0,1.0,0.0,0.0,255,250,0.98,0.01,0.01,0.0,0.0,0.0,0.0,0,80612.0
0,tcp,sunrpc,S0,0,0,0,0,0,0,0,0,0,229,1.0,1.0,0.0,0.0,0.03,0.07,0.0,255,7,0.03,0.07,0.0,0.0,1.0,1.0,0.0,1,994.0
0,tcp,http,SF,237,3222,0,0,1,0,0,0,0,7,0.14,0.14,0.0,0.0,1.0,0.0,0.0,255,241,0.95,0.01,0.0,0.0,0.0,0.0,0.0,0,108144.0
1,tcp,smtp,SF,1334,365,0,0,1,0,0,0,0,1,0.0,0.0,0.0,0.0,1.0,0.0,1.0,44,147,0.75,0.11,0.02,0.01,0.0,0.0,0.0,0,60246.0
0,tcp,imap4,S0,0,0,0,0,0,0,0,0,0,199,1.0,1.0,0.0,0.0,0.01,0.07,0.0,255,1,0.0,0.07,0.0,0.0,1.0,1.0,0.0,1,33747.0
0,tcp,private,S0,0,0,0,0,0,0,0,0,0,56,1.0,1.0,0.0,0.0,0.16,0.09,0.0,255,9,0.04,0.07,0.0,0.0,1.0,1.0,0.0,1,108916.0
0,tcp,other,REJ,0,0,0,0,0,0,0,0,0,508,0.09,0.0,0.91,1.0,0.0,1.0,0.0,255,1,0.0,1.0,0.0,0.0,0.07,0.0,1.0,1,23385.0
0,tcp,http,SF,241,256,0,0,1,0,0,0,0,1,0.0,0.0,0.0,0.0,1.0,0.0,0.23,91,255,1.0,0.0,0.01,0.03,0.0,0.0,0.0,0,23863.0
0,tcp,http,SF,54540,8314,0,2,1,1,0,0,0,2,0.0,0.0,0.0,0.0,1.0,0.0,0.0,170,170,1.0,0.0,0.01,0.0,0.0,0.0,0.01,1,74411.0
2,tcp,smtp,SF,870,337,0,0,1,0,0,0,0,1,0.0,0.0,0.0,0.0,1.0,0.0,1.0,42,179,0.83,0.07,0.02,0.01,0.0,0.0,0.0,0,82563.0
0,tcp,telnet,S0,0,0,0,0,0,0,0,0,0,12,1.0,1.0,0.0,0.0,1.0,0.0,0.0,54,34,0.63,0.04,0.02,0.0,0.96,0.94,0.0,1,50010.0
0,tcp,http,SF,325,717,0,0,1,0,0,0,0,21,0.0,0.0,0.0,0.0,1.0,0.0,0.0,255,255,1.0,0.0,0.0,0.0,0.0,0.0,0.01,0,13480.0
0,udp,other,SF,516,4,0,0,0,0,0,0,0,345,0.0,0.0,0.0,0.0,1.0,0.0,0.0,255,255,1.0,0.0,1.0,0.0,0.0,0.0,0.0,0,119548.0
0,tcp,private,S0,0,0,0,0,0,0,0,0,0,210,1.0,1.0,0.0,0.0,0.07,0.07,0.0,255,29,0.11,0.07,0.0,0.0,1.0,1.0,0.0,1,48708.0
2,tcp,smtp,SF,865,329,0,0,1,0,0,0,0,1,0.0,0.0,0.0,0.0,1.0,0.0,1.0,171,102,0.6,0.02,0.01,0.0,0.0,0.0,0.0,0,49250.0
0,udp,private,SF,1,0,0,0,0,0,0,0,0,55,0.0,0.0,0.0,0.0,0.16,0.07,0.0,255,9,0.04,0.23,1.0,0.0,0.0,0.0,0.0,1,20414.0
1,tcp,smtp,SF,2029,324,0,0,1,0,0,0,0,1,0.0,0.0,0.0,0.0,1.0,0.0,1.0,100,92,0.92,0.02,0.01,0.0,0.0,0.0,0.0,0,86365.0
238,tcp,IRC,RSTO,132,1247,0,0,1,0,0,0,0,1,0.0,0.0,1.0,1.0,1.0,0.0,0.0,166,22,0.13,0.01,0.01,0.0,0.01,0.05,0.73,0,68927.0
0,tcp,uucp,S0,0,0,0,0,0,0,0,0,0,147,1.0,1.0,0.0,0.0,0.12,0.06,0.0,255,2,0.01,0.06,0.0,0.0,1.0,1.0,0.0,1,90768.0
0,tcp,http,SF,293,8549,0,0,1,0,0,0,0,4,0.0,0.0,0.0,0.0,1.0,0.0,0.0,255,255,1.0,0.0,0.0,0.0,0.01,0.01,0.0,0,67583.0
0,tcp,http,SF,379,453,0,0,1,0,0,0,0,12,0.0,0.0,0.0,0.0,1.0,0.0,0.0,255,255,1.0,0.0,0.0,0.0,0.0,0.0,0.0,0,36720.0
0,tcp,private,S0,0,0,0,0,0,0,0,0,0,115,1.0,1.0,0.0,0.0,0.01,0.06,0.0,255,5,0.02,0.06,0.0,0.0,1.0,1.0,0.0,1,45053.0
0,tcp,http,SF,306,2698,0,0,1,0,0,0,1,7,0.0,0.0,0.0,0.0,1.0,0.0,0.0,255,254,1.0,0.01,0.0,0.0,0.0,0.0,0.0,0,59172.0
0,tcp,smtp,SF,1261,327,0,0,1,0,0,0,0,1,0.0,0.0,0.0,0.0,1.0,0.0,0.0,255,139,0.55,0.02,0.0,0.0,0.0,0.0,0.06,0,72142.0
0,tcp,http,SF,278,17424,0,0,1,0,0,0,0,4,0.0,0.0,0.0,0.0,1.0,0.0,0.0,119,255,1.0,0.0,0.01,0.03,0.0,0.0,0.0,0,94502.0
0,tcp,http,S0,0,0,0,0,0,0,0,0,0,2,0.5,0.5,0.0,0.0,1.0,0.0,0.0,145,255,1.0,0.0,0.01,0.02,0.01,0.01,0.0,0,58233.0
0,tcp,ftp_data,SF,36530,0,0,0,1,0,0,0,0,1,0.0,0.0,0.0,0.0,1.0,0.0,0.0,255,69,0.27,0.02,0.04,0.0,0.93,0.87,0.0,0,34108.0
0,icmp,eco_i,SF,18,0,0,0,0,0,0,0,0,1,0.0,0.0,0.0,0.0,1.0,0.0,0.0,1,109,1.0,0.0,1.0,0.26,0.0,0.0,0.0,1,90395.0
0,tcp,http,SF,221,2043,0,0,1,0,0,0,0,12,0.0,0.0,0.0,0.0,1.0,0.0,0.0,12,255,1.0,0.0,0.08,0.02,0.0,0.0,0.0,0,117732.0
0,tcp,http,SF,302,4841,0,0,1,0,0,0,0,2,0.0,0.0,0.0,0.0,1.0,0.0,0.0,38,255,1.0,0.0,0.03,0.04,0.0,0.0,0.0,0,71816.0
0,icmp,ecr_i,SF,1032,0,0,0,0,0,0,0,0,510,0.0,0.0,0.0,0.0,1.0,0.0,0.0,255,248,0.97,0.01,0.97,0.0,0.0,0.0,0.0,1,9145.0
0,tcp,login,S0,0,0,0,0,0,0,0,0,0,134,1.0,1.0,0.0,0.0,0.08,0.07,0.0,255,11,0.04,0.06,0.0,0.0,1.0,1.0,0.0,1,8846.0
0,icmp,eco_i,SF,8,0,0,0,0,0,0,0,0,1,0.0,0.0,0.0,0.0,1.0,0.0,1.0,1,173,1.0,0.0,1.0,0.25,0.0,0.0,0.0,1,53793.0
0,tcp,kshell,S0,0,0,0,0,0,0,0,0,0,129,1.0,1.0,0.0,0.0,0.03,0.06,0.0,255,19,0.07,0.06,0.0,0.0,1.0,1.0,0.0,1,77742.0
0,tcp,time,S0,0,0,0,0,0,0,0,0,0,178,1.0,1.0,0.0,0.0,0.01,0.08,0.0,255,1,0.0,0.07,0.0,0.0,1.0,1.0,0.0,1,8354.0
0,tcp,http,SF,302,1985,0,0,1,0,0,0,0,11,0.0,0.0,0.0,0.0,1.0,0.0,0.0,255,255,1.0,0.0,0.0,0.0,0.0,0.0,0.0,0,89727.0
0,tcp,ftp_data,SF,11,0,0,0,1,0,0,0,0,2,0.0,0.0,0.0,0.0,1.0,0.0,0.0,26,79,0.35,0.08,0.35,0.04,0.04,0.01,0.0,0,102851.0
0,tcp,http,SF,265,451,0,0,1,0,0,0,0,5,0.0,0.0,0.0,0.0,1.0,0.0,0.0,255,255,1.0,0.0,0.0,0.0,0.0,0.0,0.0,0,79486.0
0,icmp,eco_i,SF,8,0,0,0,0,0,0,0,0,1,0.0,0.0,0.0,0.0,1.0,0.0,1.0,1,177,1.0,0.0,1.0,0.5,0.0,0.0,0.0,1,110839.0
0,tcp,http,SF,186,2143,0,0,1,0,0,0,0,12,0.0,0.0,0.0,0.0,1.0,0.0,0.13,85,255,1.0,0.0,0.01,0.04,0.0,0.0,0.0,0,122874.0
0,icmp,urp_i,SF,78,0,0,0,0,0,0,0,0,9,0.0,0.0,0.0,0.0,0.11,0.22,0.0,255,7,0.03,0.01,0.03,0.0,0.0,0.0,0.0,0,5173.0
0,tcp,supdup,S0,0,0,0,0,0,0,0,0,0,225,1.0,1.0,0.0,0.0,0.06,0.07,0.0,255,13,0.05,0.08,0.0,0.0,1.0,1.0,0.0,1,102833.0
0,tcp,whois,S0,0,0,0,0,0,0,0,0,0,201,1.0,1.0,0.0,0.0,0.01,0.06,0.0,255,3,0.01,0.07,0.0,0.0,1.0,1.0,0.0,1,46084.0
0,icmp,urp_i,SF,181,0,0,0,0,0,0,0,0,2,0.0,0.0,0.0,0.0,0.5,1.0,0.0,255,90,0.35,0.01,0.45,0.0,0.0,0.0,0.0,0,59198.0
0,tcp,iso_tsap,S0,0,0,0,0,0,0,0,0,0,277,1.0,1.0,0.0,0.0,0.01,0.05,0.0,255,2,0.01,0.05,0.0,0.0,1.0,1.0,0.0,1,35953.0
0,tcp,private,S0,0,0,0,0,0,0,0,0,0,135,1.0,1.0,0.0,0.0,0.09,0.06,0.0,255,15,0.06,0.06,0.0,0.0,1.0,1.0,0.0,1,89637.0
0,tcp,netstat,REJ,0,0,0,0,0,0,0,0,0,234,0.0,0.0,1.0,1.0,0.01,0.06,0.0,255,2,0.01,0.07,0.0,0.0,0.0,0.0,1.0,1,83687.0
0,tcp,http,SF,176,460,0,0,1,0,0,0,0,1,0.0,0.0,0.0,0.0,1.0,0.0,0.0,130,255,1.0,0.0,0.01,0.01,0.0,0.0,0.0,0,12952.0
0,tcp,time,S0,0,0,0,0,0,0,0,0,0,297,1.0,1.0,0.0,0.0,0.03,0.06,0.0,255,8,0.03,0.06,0.0,0.0,1.0,1.0,0.0,1,52136.0
0,tcp,http,SF,205,5989,0,0,1,0,0,0,0,21,0.0,0.0,0.0,0.0,1.0,0.0,0.0,255,255,1.0,0.0,0.0,0.0,0.0,0.0,0.0,0,38254.0
0,tcp,http,SF,214,761,0,0,1,0,0,0,0,2,0.0,0.0,0.0,0.0,1.0,0.0,0.67,183,255,1.0,0.0,0.01,0.01,0.0,0.0,0.0,0,6800.0
0,tcp,http,S0,0,0,0,0,0,0,0,0,0,62,1.0,1.0,0.0,0.0,0.27,0.06,0.0,255,58,0.23,0.04,0.01,0.0,1.0,1.0,0.0,1,84550.0
0,tcp,http,SF,242,1404,0,0,1,0,0,0,0,18,0.0,0.0,0.0,0.0,1.0,0.0,0.0,241,255,1.0,0.0,0.0,0.01,0.0,0.0,0.0,0,96740.0
0,tcp,ftp_data,SF,383,0,0,0,1,0,0,0,0,2,0.0,0.0,0.0,0.0,1.0,0.0,0.0,255,102,0.4,0.03,0.4,0.0,0.01,0.01,0.0,0,8391.0
0,tcp,private,S0,0,0,0,0,0,0,0,0,0,133,1.0,1.0,0.0,0.0,0.14,0.07,0.0,255,17,0.07,0.07,0.0,0.0,1.0,1.0,0.0,1,115197.0
0,tcp,smtp,S0,0,0,0,0,0,0,0,0,0,7,1.0,1.0,0.0,0.0,1.0,0.0,0.0,109,129,0.43,0.02,0.01,0.02,0.98,0.36,0.0,1,70298.0
0,tcp,private,S0,0,0,0,0,0,0,0,0,0,235,1.0,1.0,0.0,0.0,0.06,0.06,0.0,255,2,0.01,0.06,0.0,0.0,1.0,1.0,0.0,1,80656.0
0,tcp,http,SF,229,4811,0,0,1,0,0,0,0,30,0.0,0.0,0.0,0.03,1.0,0.0,0.09,255,255,1.0,0.0,0.0,0.0,0.0,0.0,0.0,0,44215.0
0,icmp,ecr_i,SF,1032,0,0,0,0,0,0,0,0,511,0.0,0.0,0.0,0.0,1.0,0.0,0.0,255,188,0.74,0.02,0.74,0.0,0.0,0.0,0.0,1,96745.0
0,tcp,ftp_data,S0,0,0,0,0,0,0,0,0,0,259,1.0,1.0,0.0,0.0,0.07,0.05,0.0,255,19,0.07,0.05,0.0,0.0,1.0,1.0,0.0,1,118816.0
0,tcp,http,SF,262,15065,0,0,1,0,0,0,0,6,0.0,0.0,0.0,0.0,1.0,0.0,0.0,255,255,1.0,0.0,0.0,0.0,0.0,0.0,0.0,0,114664.0
0,tcp,smtp,SF,753,335,0,0,1,0,0,0,0,1,0.0,0.0,0.0,0.0,1.0,0.0,1.0,204,104,0.5,0.04,0.0,0.02,0.0,0.0,0.0,0,104883.0
0,tcp,discard,S0,0,0,0,0,0,0,0,0,0,221,1.0,1.0,0.0,0.0,0.01,0.06,0.0,255,20,0.08,0.07,0.0,0.0,1.0,1.0,0.0,1,103180.0
0,tcp,private,RSTR,0,0,0,0,0,0,0,0,0,1,0.0,0.0,1.0,1.0,1.0,0.0,0.0,173,1,0.01,0.16,0.31,0.0,0.0,0.0,1.0,1,23121.0
5250,tcp,other,RSTR,1,0,0,0,0,0,0,0,0,2,0.0,0.0,1.0,1.0,1.0,0.0,0.0,255,2,0.01,0.74,1.0,0.0,0.0,0.0,1.0,1,111456.0
7,tcp,finger,SF,9,366,0,0,0,0,0,0,0,1,0.0,0.0,0.0,0.0,1.0,0.0,0.0,102,7,0.04,0.04,0.01,0.29,0.0,0.0,0.0,0,121867.0
0,tcp,private,REJ,0,0,0,0,0,0,0,0,0,1,0.0,0.0,1.0,1.0,1.0,0.0,0.0,10,2,0.1,1.0,0.1,1.0,0.0,0.0,1.0,1,105529.0
0,tcp,smtp,SF,977,333,0,0,1,0,0,0,0,1,0.0,0.0,0.0,0.0,1.0,0.0,0.0,126,161,0.78,0.03,0.02,0.01,0.0,0.0,0.0,0,17301.0
3,tcp,smtp,SF,1333,367,0,0,1,0,0,0,0,1,0.0,0.0,0.0,0.0,1.0,0.0,1.0,110,249,0.97,0.02,0.01,0.01,0.0,0.0,0.0,0,27742.0
0,tcp,http,SF,233,261,0,0,1,0,0,0,0,16,0.0,0.0,0.0,0.0,1.0,0.0,0.0,255,255,1.0,0.0,0.0,0.0,0.0,0.0,0.0,0,98645.0
0,tcp,time,SF,0,4,0,0,0,0,0,0,0,1,0.0,0.0,0.0,0.0,1.0,0.0,0.0,15,15,1.0,0.0,0.07,0.0,0.07,0.07,0.0,0,117787.0
1,tcp,smtp,SF,2155,331,0,0,1,0,0,0,0,1,0.0,0.0,0.0,0.0,1.0,0.0,1.0,39,14,0.36,0.08,0.03,0.0,0.0,0.0,0.0,0,52333.0
0,tcp,private,S0,0,0,0,0,0,0,0,0,0,146,1.0,1.0,0.0,0.0,0.13,0.05,0.0,255,19,0.07,0.07,0.0,0.0,1.0,1.0,0.0,1,37657.0
0,tcp,http,SF,326,1471,0,0,1,0,0,0,0,18,0.0,0.0,0.0,0.0,1.0,0.0,0.0,255,255,1.0,0.0,0.0,0.0,0.0,0.0,0.0,0,15151.0
0,tcp,smtp,SF,800,388,0,0,1,0,0,0,0,1,0.0,0.0,0.0,0.0,1.0,0.0,0.0,255,68,0.27,0.05,0.0,0.0,0.5,0.0,0.0,0,54479.0
24,tcp,private,RSTR,0,0,0,0,0,0,0,0,0,1,0.0,0.0,1.0,1.0,1.0,0.0,0.0,255,1,0.0,0.38,0.38,0.0,0.0,0.0,1.0,1,58273.0
0,tcp,http,SF,160,428,0,0,1,0,0,0,0,2,0.5,0.5,0.0,0.0,1.0,0.0,0.0,255,255,1.0,0.0,0.0,0.0,0.0,0.0,0.0,0,79417.0
0,tcp,http,S0,0,0,0,0,0,0,0,0,0,260,1.0,1.0,0.0,0.0,0.07,0.05,0.0,255,17,0.07,0.05,0.0,0.0,1.0,1.0,0.0,1,80126.0
0,tcp,private,S0,0,0,0,0,0,0,0,0,0,112,1.0,1.0,0.0,0.0,0.1,0.06,0.0,255,29,0.11,0.06,0.0,0.0,1.0,1.0,0.0,1,14852.0
0,tcp,smtp,SF,1528,331,0,0,1,0,0,0,0,1,0.0,0.0,0.0,0.0,1.0,0.0,0.0,43,203,0.86,0.05,0.02,0.01,0.0,0.0,0.0,0,79374.0
0,tcp,finger,S0,0,0,0,0,0,0,0,0,0,273,1.0,1.0,0.0,0.0,0.09,0.05,0.0,255,25,0.1,0.05,0.0,0.0,1.0,1.0,0.0,1,50526.0
0,tcp,http,SF,235,2115,0,0,1,0,0,0,0,1,0.0,0.0,0.0,0.0,1.0,0.0,0.0,1,255,1.0,0.0,1.0,0.01,0.0,0.0,0.0,0,5444.0
0,udp,domain_u,SF,34,0,0,0,0,0,0,0,0,1,0.0,0.0,0.0,0.0,1.0,0.0,0.67,114,84,0.32,0.04,0.32,0.04,0.0,0.0,0.0,0,67775.0
0,udp,domain_u,SF,30,0,0,0,0,0,0,0,0,1,0.0,0.0,0.0,0.0,1.0,0.0,1.0,41,26,0.15,0.12,0.15,0.08,0.0,0.0,0.0,0,1256.0
0,tcp,http,REJ,0,0,0,0,0,0,0,0,0,1,0.0,0.0,1.0,1.0,1.0,0.0,1.0,171,149,0.87,0.03,0.01,0.0,0.0,0.0,1.0,0,22488.0
0,tcp,smtp,SF,767,334,0,0,1,0,0,0,0,1,0.0,0.0,0.0,0.0,1.0,0.0,1.0,46,160,0.57,0.11,0.02,0.01,0.0,0.0,0.0,0,110247.0
0,tcp,finger,S0,0,0,0,0,0,0,0,0,0,63,1.0,1.0,0.0,0.0,0.27,0.06,0.0,143,42,0.26,0.03,0.01,0.05,1.0,0.88,0.0,1,47215.0
0,tcp,http,S0,0,0,0,0,0,0,0,0,0,250,1.0,1.0,0.0,0.0,0.1,0.05,0.0,255,25,0.1,0.06,0.0,0.0,1.0,1.0,0.0,1,77344.0
0,tcp,Z39_50,REJ,0,0,0,0,0,0,0,0,0,219,0.0,0.0,1.0,1.0,0.04,0.07,0.0,255,9,0.04,0.09,0.0,0.0,0.0,0.0,1.0,1,68087.0
0,tcp,http,SF,334,5071,0,0,1,0,0,0,0,5,0.0,0.0,0.0,0.0,1.0,0.0,0.0,116,255,1.0,0.0,0.01,0.02,0.0,0.0,0.0,0,47584.0
0,tcp,nntp,S0,0,0,0,0,0,0,0,0,0,169,1.0,1.0,0.0,0.0,0.11,0.05,0.0,255,19,0.07,0.05,0.0,0.0,1.0,1.0,0.0,1,117155.0
0,tcp,private,REJ,0,0,0,0,0,0,0,0,0,147,0.0,0.0,1.0,1.0,0.02,0.06,0.0,255,3,0.01,0.06,0.0,0.0,0.0,0.0,1.0,1,89606.0
0,tcp,http,SF,303,7208,0,0,1,0,0,0,0,2,0.0,0.0,0.0,0.0,1.0,0.0,0.0,255,255,1.0,0.0,0.0,0.0,0.0,0.0,0.0,0,9197.0
0,tcp,http,SF,295,1680,0,0,1,0,0,0,0,6,0.0,0.0,0.0,0.0,1.0,0.0,0.0,152,255,1.0,0.0,0.01,0.02,0.01,0.0,0.0,0,111819.0
11,udp,domain_u,SF,42,42,0,0,0,0,0,0,0,1,0.0,0.0,0.0,0.0,1.0,0.0,0.0,255,241,0.95,0.01,0.01,0.0,0.0,0.0,0.0,0,4658.0
0,tcp,http,SF,311,936,0,0,1,0,0,0,0,1,0.0,0.0,0.0,0.0,1.0,0.0,0.0,12,241,1.0,0.0,0.08,0.12,0.0,0.0,0.95,0,121765.0
0,tcp,http,SF,261,3913,0,0,1,0,0,0,0,1,0.0,0.0,0.0,0.0,1.0,0.0,0.06,255,229,0.9,0.01,0.0,0.0,0.0,0.0,0.0,0,68773.0
0,icmp,eco_i,SF,8,0,0,0,0,0,0,0,0,1,0.0,0.0,0.0,0.0,1.0,0.0,1.0,2,88,1.0,0.0,1.0,0.5,0.0,0.0,0.0,1,95131.0
0,tcp,http,S0,0,0,0,0,0,0,0,0,0,21,1.0,1.0,0.0,0.0,0.52,0.19,0.0,255,62,0.24,0.04,0.0,0.0,1.0,1.0,0.0,1,109640.0
13663,udp,other,SF,147,105,0,0,0,0,0,0,0,1,0.0,0.0,0.0,0.0,1.0,0.0,0.0,255,1,0.0,0.63,0.89,0.0,0.0,0.0,0.0,0,3755.0
0,tcp,vmnet,S0,0,0,0,0,0,0,0,0,0,256,1.0,1.0,0.0,0.0,0.01,0.07,0.0,255,3,0.01,0.07,0.0,0.0,1.0,1.0,0.0,1,69461.0
0,tcp,http,SF,54540,8314,0,2,1,1,0,0,0,3,0.0,0.0,0.0,0.0,1.0,0.0,0.0,183,183,1.0,0.0,0.01,0.0,0.0,0.0,0.01,1,18081.0
2825,udp,other,SF,147,105,0,0,0,0,0,0,0,2,0.0,0.0,0.0,0.0,1.0,0.0,0.0,44,2,0.05,0.75,1.0,0.0,0.0,0.0,0.0,0,72956.0
0,icmp,eco_i,SF,8,0,0,0,0,0,0,0,0,1,0.0,0.0,0.0,0.0,1.0,0.0,1.0,2,150,1.0,0.0,1.0,0.5,0.0,0.0,0.0,1,65363.0
0,tcp,ftp_data,SF,554,0,0,0,1,0,0,6,0,1,0.0,0.0,0.0,0.0,1.0,0.0,0.0,3,118,0.67,0.67,0.67,0.03,0.0,0.01,0.0,0,4353.0
0,tcp,auth,S0,0,0,0,0,0,0,0,0,0,277,1.0,1.0,0.0,0.0,0.06,0.05,0.0,255,17,0.07,0.05,0.0,0.0,1.0,1.0,0.0,1,91923.0
0,tcp,private,S0,0,0,0,0,0,0,0,0,0,104,1.0,1.0,0.0,0.0,0.1,0.06,0.0,255,16,0.06,0.07,0.0,0.0,1.0,1.0,0.0,1,68931.0
0,tcp,http_443,S0,0,0,0,0,0,0,0,0,0,147,1.0,1.0,0.0,0.0,0.16,0.05,0.0,255,23,0.09,0.05,0.0,0.0,1.0,1.0,0.0,1,56323.0
0,tcp,http,SF,216,74301,0,0,1,0,0,0,0,5,0.0,0.0,0.0,0.0,1.0,0.0,0.0,13,255,1.0,0.0,0.08,0.01,0.0,0.0,0.0,0,79945.0
0,tcp,netbios_dgm,S0,0,0,0,0,0,0,0,0,0,191,1.0,1.0,0.0,0.0,0.07,0.06,0.0,255,13,0.05,0.07,0.0,0.0,1.0,1.0,0.0,1,106259.0
0,udp,other,SF,516,4,0,0,0,0,0,0,0,340,0.0,0.0,0.0,0.0,1.0,0.0,0.0,255,255,1.0,0.0,1.0,0.0,0.0,0.0,0.0,0,38656.0
0,tcp,uucp_path,S0,0,0,0,0,0,0,0,0,0,257,1.0,1.0,0.0,0.0,0.02,0.07,0.0,255,17,0.07,0.07,0.0,0.0,1.0,1.0,0.0,1,30717.0
0,tcp,http,SF,54540,8314,0,2,1,1,0,0,0,1,0.0,0.0,0.0,0.0,1.0,0.0,0.0,163,163,1.0,0.0,0.01,0.0,0.0,0.0,0.01,1,125574.0
0,tcp,private,S0,0,0,0,0,0,0,0,0,0,139,1.0,1.0,0.0,0.0,0.14,0.06,0.0,255,17,0.07,0.07,0.0,0.0,1.0,1.0,0.0,1,30201.0
0,tcp,http,SF,323,10783,0,0,1,0,0,0,0,11,0.0,0.07,0.0,0.0,1.0,0.0,0.27,255,255,1.0,0.0,0.0,0.0,0.0,0.0,0.0,0,28172.0
0,udp,domain_u,SF,42,42,0,0,0,0,0,0,0,2,0.0,0.0,0.0,0.0,1.0,0.0,0.67,255,226,0.89,0.01,0.0,0.0,0.0,0.0,0.0,0,101803.0
0,tcp,telnet,S0,0,0,0,0,0,0,0,0,0,67,1.0,1.0,0.0,0.0,0.25,0.06,0.0,255,65,0.25,0.02,0.0,0.0,1.0,1.0,0.0,1,49752.0
0,tcp,private,S0,0,0,0,0,0,0,0,0,0,195,1.0,1.0,0.0,0.0,0.1,0.06,0.0,255,3,0.01,0.07,0.0,0.0,1.0,1.0,0.0,1,26442.0
0,tcp,telnet,S1,0,0,0,1,0,0,0,0,0,1,1.0,1.0,0.0,0.0,1.0,0.0,0.0,253,3,0.01,0.08,0.0,0.0,0.01,0.33,0.0,0,30621.0
0,tcp,systat,S0,0,0,0,0,0,0,0,0,0,111,1.0,1.0,0.0,0.0,0.1,0.05,0.0,255,11,0.04,0.07,0.0,0.0,1.0,1.0,0.0,1,34295.0
1,tcp,smtp,SF,1576,330,0,0,1,0,0,0,0,1,0.0,0.0,0.0,0.0,1.0,0.0,0.0,172,165,0.72,0.03,0.01,0.01,0.0,0.01,0.0,0,24280.0
0,tcp,supdup,REJ,0,0,0,0,0,0,0,0,0,258,0.0,0.0,1.0,1.0,0.06,0.07,0.0,255,15,0.06,0.07,0.0,0.0,0.0,0.0,1.0,1,83683.0
0,tcp,http,SF,280,3332,0,0,1,0,0,0,0,2,0.0,0.0,0.0,0.0,1.0,0.0,0.0,10,255,1.0,0.0,0.1,0.07,0.0,0.0,0.0,0,539.0
0,tcp,http,SF,294,1024,0,0,1,0,0,0,0,37,0.0,0.0,0.0,0.0,1.0,0.0,0.04,255,255,1.0,0.0,0.0,0.0,0.0,0.0,0.0,0,91517.0
0,udp,domain_u,SF,44,124,0,0,0,0,0,0,0,75,0.0,0.0,0.0,0.0,1.0,0.0,0.01,231,181,0.78,0.01,0.0,0.0,0.0,0.0,0.0,0,119444.0
3,tcp,smtp,SF,1526,332,0,0,1,0,0,0,0,1,0.0,0.0,0.0,0.0,1.0,0.0,1.0,78,69,0.74,0.08,0.01,0.03,0.0,0.0,0.0,0,66521.0
0,tcp,private,S0,0,0,0,0,0,0,0,0,0,83,1.0,1.0,0.0,0.0,0.05,0.06,0.0,255,19,0.07,0.07,0.0,0.0,1.0,1.0,0.0,1,31055.0
0,tcp,Z39_50,S0,0,0,0,0,0,0,0,0,0,105,1.0,1.0,0.0,0.0,0.05,0.07,0.0,255,5,0.02,0.07,0.0,0.0,1.0,1.0,0.0,1,86185.0
0,tcp,finger,SF,6,273,0,0,0,0,0,0,0,1,0.0,0.0,0.0,0.0,1.0,0.0,0.0,112,9,0.04,0.04,0.01,0.22,0.0,0.0,0.0,0,84422.0
0,tcp,http,SF,266,13474,0,0,1,0,0,0,0,1,0.0,0.0,0.0,0.0,1.0,0.0,0.15,26,255,1.0,0.0,0.04,0.03,0.0,0.0,0.0,0,53600.0
3,tcp,finger,SF,6,28,0,0,0,0,0,0,0,511,0.07,0.0,0.91,0.0,0.0,1.0,0.0,255,1,0.0,1.0,0.0,0.0,0.1,0.0,0.0,1,19222.0
0,tcp,courier,S0,0,0,0,0,0,0,0,0,0,127,1.0,1.0,0.0,0.0,0.07,0.06,0.0,255,2,0.01,0.07,0.0,0.0,1.0,1.0,0.0,1,119527.0
0,tcp,ftp,RSTO,0,0,0,0,0,0,0,0,0,240,0.0,0.0,1.0,1.0,0.05,0.07,0.0,255,12,0.05,0.08,0.0,0.0,0.0,0.0,1.0,1,77870.0
0,tcp,private,S0,0,0,0,0,0,0,0,0,0,133,1.0,1.0,0.0,0.0,0.09,0.06,0.0,255,2,0.01,0.07,0.0,0.0,1.0,1.0,0.0,1,47632.0
0,tcp,finger,S0,0,0,0,0,0,0,0,0,0,10,1.0,1.0,0.0,0.0,0.3,0.4,0.0,255,61,0.24,0.04,0.0,0.0,1.0,1.0,0.0,1,42655.0
0,udp,other,SF,146,0,0,0,0,0,0,0,0,1,0.0,0.0,0.0,0.0,1.0,0.0,0.0,255,1,0.0,0.34,0.7,0.0,0.0,0.0,0.0,0,108108.0
0,udp,domain_u,SF,44,129,0,0,0,0,0,0,0,66,0.0,0.0,0.0,0.0,1.0,0.0,0.01,255,213,0.84,0.02,0.0,0.0,0.0,0.0,0.0,0,70821.0
0,tcp,private,REJ,0,0,0,0,0,0,0,0,0,27,0.0,0.0,1.0,1.0,0.41,0.11,0.0,255,31,0.12,0.05,0.0,0.0,0.0,0.0,1.0,1,5180.0
0,tcp,other,REJ,0,0,0,0,0,0,0,0,0,511,0.16,0.0,0.82,1.0,0.0,1.0,0.0,255,1,0.0,1.0,0.0,0.0,0.18,0.0,1.0,1,7399.0
0,tcp,http,SF,290,7308,0,0,1,0,0,0,0,4,0.0,0.0,0.0,0.0,1.0,0.0,0.08,101,255,1.0,0.0,0.01,0.04,0.0,0.0,0.0,0,37558.0
0,tcp,other,SF,10073,0,0,0,0,0,0,0,0,16,0.06,0.0,0.0,0.0,0.06,0.69,0.0,188,1,0.01,0.07,0.39,0.0,0.01,0.0,0.0,0,107460.0
0,tcp,http,SF,250,125,0,0,1,0,0,0,0,1,0.0,0.0,0.0,0.0,1.0,0.0,1.0,5,255,1.0,0.0,0.2,0.03,0.0,0.0,0.0,0,55628.0
0,tcp,private,REJ,0,0,0,0,0,0,0,0,0,12,0.0,0.0,0.92,1.0,0.08,1.0,0.0,130,1,0.01,0.2,0.01,0.0,0.0,0.0,1.0,1,121301.0
12980,udp,other,SF,146,105,0,0,0,0,0,0,0,5,0.0,0.0,0.0,0.0,0.4,0.6,0.0,255,2,0.01,0.86,1.0,0.0,0.0,0.0,0.0,0,95912.0
0,udp,private,SF,105,105,0,0,0,0,0,0,0,7,0.0,0.0,0.0,0.0,0.14,0.29,0.0,255,242,0.95,0.01,0.0,0.0,0.0,0.0,0.0,0,88985.0
1,tcp,ftp,SF,1213,2449,0,28,1,0,0,0,0,1,0.0,0.0,0.0,0.0,1.0,0.0,0.0,255,132,0.52,0.02,0.0,0.0,0.0,0.0,0.0,1,4244.0
0,tcp,rje,RSTR,0,0,0,0,0,0,0,0,0,1,0.0,0.0,1.0,1.0,1.0,0.0,0.0,255,1,0.0,0.31,0.3,0.0,0.0,0.0,1.0,1,94600.0
0,tcp,finger,SF,8,0,0,0,0,0,0,0,0,1,0.0,0.0,0.0,0.0,1.0,0.0,0.0,24,8,0.04,0.12,0.04,0.25,0.0,0.0,0.0,0,13071.0
0,tcp,private,S0,0,0,0,0,0,0,0,0,0,212,1.0,1.0,0.0,0.0,0.03,0.06,0.0,255,14,0.05,0.08,0.0,0.0,1.0,1.0,0.0,1,121685.0
0,tcp,http,SF,220,1112,0,0,1,0,0,0,0,8,0.0,0.0,0.0,0.0,1.0,0.0,0.0,255,255,1.0,0.0,0.0,0.0,0.0,0.0,0.0,0,87503.0
0,tcp,ftp_data,REJ,0,0,0,0,0,0,0,0,0,261,0.0,0.0,1.0,1.0,0.06,0.07,0.0,255,15,0.06,0.08,0.0,0.0,0.0,0.0,1.0,1,116736.0
0,tcp,private,S0,0,0,0,0,0,0,0,0,0,35,1.0,1.0,0.0,0.0,0.31,0.14,0.0,255,11,0.04,0.09,0.0,0.0,1.0,1.0,0.0,1,93539.0
0,tcp,http,SF,307,2698,0,0,1,0,0,0,1,2,0.0,0.0,0.0,0.0,1.0,0.0,0.0,2,2,1.0,0.0,0.5,0.0,0.0,0.0,0.0,0,103445.0
0,tcp,http,SF,275,3253,0,0,1,0,0,0,0,4,0.0,0.0,0.0,0.0,1.0,0.0,0.0,118,255,1.0,0.0,0.01,0.04,0.0,0.0,0.0,0,70454.0
9859,udp,other,SF,147,105,0,0,0,0,0,0,0,1,0.0,0.0,0.0,0.0,1.0,0.0,0.0,255,1,0.0,0.75,0.88,0.0,0.0,0.0,0.0,0,73494.0
0,tcp,private,S0,0,0,0,0,0,0,0,0,0,114,1.0,1.0,0.0,0.0,0.02,0.06,0.0,255,4,0.02,0.08,0.0,0.0,1.0,1.0,0.0,1,113292.0
0,tcp,name,S0,0,0,0,0,0,0,0,0,0,198,1.0,1.0,0.0,0.0,0.1,0.06,0.0,255,20,0.08,0.07,0.0,0.0,1.0,1.0,0.0,1,113666.0
0,tcp,http,SF,218,9186,0,0,1,0,0,0,0,3,0.0,0.0,0.0,0.0,1.0,0.0,0.5,5,255,1.0,0.0,0.2,0.02,0.0,0.0,0.0,0,52478.0
0,tcp,http,SF,346,1342,0,0,1,0,0,0,0,16,0.0,0.0,0.0,0.0,1.0,0.0,0.0,45,255,1.0,0.0,0.02,0.04,0.0,0.0,0.0,0,95062.0
1,tcp,smtp,SF,11040,920,0,0,1,0,0,0,0,1,0.0,0.0,0.0,0.0,1.0,0.0,1.0,209,78,0.16,0.01,0.0,0.03,0.0,0.0,0.0,0,42533.0
0,tcp,domain,S0,0,0,0,0,0,0,0,0,0,259,1.0,1.0,0.0,0.0,0.02,0.07,0.0,255,6,0.02,0.07,0.0,0.0,1.0,1.0,0.0,1,33619.0
0,tcp,sql_net,S0,0,0,0,0,0,0,0,0,0,110,1.0,1.0,0.0,0.0,0.06,0.06,0.0,255,7,0.03,0.05,0.0,0.0,1.0,1.0,0.0,1,8427.0
0,tcp,http,SF,296,741,0,0,1,0,0,0,0,12,0.0,0.0,0.0,0.0,1.0,0.0,0.0,182,255,1.0,0.0,0.01,0.02,0.0,0.0,0.0,0,60348.0
0,tcp,auth,S0,0,0,0,0,0,0,0,0,0,251,1.0,1.0,0.0,0.0,0.03,0.06,0.0,255,8,0.03,0.07,0.0,0.0,1.0,1.0,0.0,1,30018.0
0,tcp,http_443,S0,0,0,0,0,0,0,0,0,0,108,1.0,1.0,0.0,0.0,0.01,0.07,0.0,255,1,0.0,0.07,0.0,0.0,1.0,1.0,0.0,1,104167.0
0,tcp,smtp,SF,639,330,0,0,1,0,0,0,0,1,0.0,0.0,0.0,0.0,1.0,0.0,0.0,255,170,0.67,0.02,0.0,0.0,0.0,0.0,0.0,0,50465.0
0,tcp,exec,S0,0,0,0,0,0,0,0,0,0,139,1.0,1.0,0.0,0.0,0.18,0.05,0.0,255,25,0.1,0.05,0.0,0.0,1.0,1.0,0.0,1,58237.0
0,tcp,private,S0,0,0,0,0,0,0,0,0,0,114,1.0,1.0,0.0,0.0,0.04,0.06,0.0,255,8,0.03,0.07,0.0,0.0,1.0,1.0,0.0,1,125117.0
0,udp,domain_u,SF,43,43,0,0,0,0,0,0,0,98,0.0,0.0,0.0,0.0,1.0,0.0,0.01,255,255,1.0,0.0,0.01,0.0,0.0,0.0,0.0,0,123479.0
0,tcp,domain,SF,0,0,0,0,0,0,0,0,0,1,0.0,0.0,0.0,0.0,1.0,0.0,0.0,34,1,0.03,1.0,0.03,0.0,0.0,0.0,0.0,1,69819.0
1,tcp,smtp,SF,1332,435,0,0,1,0,0,0,0,1,0.0,0.0,0.0,0.0,1.0,0.0,1.0,255,48,0.19,0.08,0.0,0.0,0.67,0.0,0.0,0,28981.0
0,tcp,http,SF,220,584,0,0,1,0,0,0,0,14,0.0,0.0,0.0,0.0,1.0,0.0,0.0,111,255,1.0,0.0,0.01,0.05,0.0,0.0,0.0,0,9968.0
0,tcp,nntp,RSTO,0,0,0,0,0,0,0,0,0,168,0.0,0.0,1.0,1.0,0.01,0.07,0.0,255,2,0.01,0.07,0.0,0.0,0.0,0.0,1.0,1,21923.0
0,tcp,private,REJ,0,0,0,0,0,0,0,0,0,104,0.0,0.0,1.0,1.0,0.04,0.08,0.0,129,4,0.03,0.08,0.01,0.0,0.0,0.0,1.0,1,94616.0
0,tcp,domain,S0,0,0,0,0,0,0,0,0,0,122,1.0,1.0,0.0,0.0,0.01,0.07,0.0,255,2,0.01,0.07,0.0,0.0,1.0,1.0,0.0,1,107421.0
0,tcp,time,S0,0,0,0,0,0,0,0,0,0,106,1.0,1.0,0.0,0.0,0.01,0.07,0.0,255,1,0.0,0.06,0.0,0.0,1.0,1.0,0.0,1,43292.0
0,tcp,http,SF,268,4522,0,0,1,0,0,0,0,6,0.0,0.0,0.0,0.0,1.0,0.0,0.33,12,255,1.0,0.0,0.08,0.02,0.0,0.0,0.0,0,111528.0
0,tcp,klogin,S0,0,0,0,0,0,0,0,0,0,11,1.0,1.0,0.0,0.0,0.55,0.18,0.0,255,11,0.04,0.07,0.0,0.0,1.0,1.0,0.0,1,4048.0
0,tcp,ftp_data,REJ,0,0,0,0,0,0,0,0,0,140,0.0,0.0,1.0,1.0,0.14,0.06,0.0,255,4,0.02,0.07,0.0,0.0,0.0,0.0,1.0,1,13489.0
0,tcp,http,SF,217,596,0,0,1,0,0,0,0,4,0.0,0.0,0.0,0.0,1.0,0.0,0.2,255,255,1.0,0.0,0.0,0.0,0.0,0.0,0.0,0,50528.0
0,icmp,urp_i,SF,78,0,0,0,0,0,0,0,0,7,0.0,0.0,0.0,0.0,0.29,0.29,0.0,255,23,0.09,0.01,0.09,0.0,0.0,0.0,0.0,0,38382.0
0,tcp,http,SF,327,2402,0,0,1,0,0,0,0,12,0.0,0.0,0.0,0.0,1.0,0.0,0.0,255,255,1.0,0.0,0.0,0.0,0.0,0.0,0.0,0,83194.0
0,tcp,whois,S0,0,0,0,0,0,0,0,0,0,263,1.0,1.0,0.0,0.0,0.03,0.06,0.0,255,7,0.03,0.07,0.0,0.0,1.0,1.0,0.0,1,31787.0
8,tcp,smtp,SF,641,330,0,1,1,0,0,0,0,1,0.0,0.0,0.0,0.0,1.0,0.0,0.0,10,38,1.0,0.0,0.1,0.05,0.0,0.0,0.0,0,21967.0
0,tcp,http,SF,284,3608,0,0,1,0,0,0,0,7,0.0,0.0,0.0,0.0,1.0,0.0,0.25,29,255,1.0,0.0,0.03,0.07,0.0,0.0,0.0,0,46360.0
5046,tcp,ftp_data,SF,0,5134218,0,0,0,0,0,0,0,1,0.0,0.0,0.0,0.0,1.0,0.0,0.0,255,64,0.25,0.02,0.0,0.0,0.75,0.86,0.0,0,72503.0
0,udp,domain_u,SF,46,157,0,0,0,0,0,0,0,159,0.0,0.0,0.0,0.0,0.99,0.01,0.01,255,232,0.91,0.02,0.0,0.0,0.0,0.0,0.0,0,68430.0
0,tcp,http,SF,219,1899,0,0,1,0,0,0,0,4,0.0,0.0,0.0,0.0,1.0,0.0,0.0,46,255,1.0,0.0,0.02,0.08,0.0,0.0,0.0,0,26671.0
0,tcp,http,SF,293,1293,0,0,1,0,0,0,0,24,0.0,0.0,0.0,0.0,1.0,0.0,0.08,135,255,1.0,0.0,0.01,0.05,0.0,0.0,0.0,0,8365.0
10,tcp,smtp,SF,1017,387,0,0,1,0,0,0,0,1,0.0,0.0,0.0,0.0,1.0,0.0,0.0,255,10,0.04,0.07,0.0,0.0,0.95,0.0,0.0,0,28646.0
0,tcp,domain,S0,0,0,0,0,0,0,0,0,0,136,1.0,1.0,0.0,0.0,0.04,0.05,0.0,255,4,0.02,0.06,0.0,0.0,1.0,1.0,0.0,1,53345.0
0,tcp,efs,S0,0,0,0,0,0,0,0,0,0,102,1.0,1.0,0.0,0.0,0.1,0.05,0.0,255,10,0.04,0.05,0.0,0.0,1.0,1.0,0.0,1,100915.0
0,tcp,ftp_data,SF,4892,0,0,0,1,0,0,0,0,18,0.0,0.0,0.0,0.0,1.0,0.0,0.0,255,82,0.32,0.02,0.32,0.0,0.0,0.0,0.0,0,111823.0
0,tcp,http,SF,360,4425,0,0,1,0,0,0,0,4,0.0,0.0,0.0,0.0,1.0,0.0,0.4,255,255,1.0,0.0,0.0,0.0,0.0,0.0,0.0,0,11482.0
0,udp,domain_u,SF,33,0,0,0,0,0,0,0,0,1,0.0,0.0,0.0,0.0,1.0,0.0,1.0,240,28,0.12,0.03,0.12,0.0,0.0,0.0,0.0,0,15489.0
161,tcp,http,SF,335,287,0,0,1,0,0,0,0,4,0.0,0.0,0.0,0.0,1.0,0.0,0.0,218,193,0.89,0.02,0.0,0.0,0.0,0.01,0.01,0,11733.0
6,tcp,telnet,SF,39,131,0,0,0,0,0,0,0,86,0.01,0.0,0.91,0.0,0.01,1.0,0.0,255,3,0.01,0.36,0.0,0.0,0.0,0.0,0.0,1,96390.0
0,tcp,finger,SF,8,511,0,0,0,0,0,0,0,1,0.0,0.0,0.0,0.0,1.0,0.0,0.0,95,6,0.06,0.04,0.01,0.0,0.0,0.0,0.0,0,18550.0
0,tcp,http,SF,157,9109,0,0,1,0,0,0,0,1,0.0,0.0,0.0,0.0,1.0,0.0,0.18,255,255,1.0,0.0,0.0,0.0,0.0,0.0,0.0,0,62518.0
0,tcp,ftp_data,S0,0,0,0,0,0,0,0,0,0,198,1.0,1.0,0.0,0.0,0.05,0.06,0.0,255,10,0.04,0.07,0.0,0.0,1.0,1.0,0.0,1,81410.0
0,udp,domain_u,SF,46,157,0,0,0,0,0,0,0,79,0.0,0.0,0.0,0.0,0.99,0.03,0.01,255,244,0.96,0.01,0.0,0.0,0.0,0.0,0.0,0,44309.0
0,udp,private,SF,28,0,3,0,0,0,0,0,0,72,0.01,0.0,0.01,0.0,0.97,0.04,0.0,255,70,0.27,0.02,0.27,0.0,0.0,0.0,0.0,1,76240.0
0,tcp,http,SF,54540,8314,0,2,1,1,0,0,0,2,0.0,0.0,0.0,0.0,1.0,0.0,0.0,99,99,1.0,0.0,0.01,0.0,0.0,0.0,0.01,1,113023.0
39730,tcp,netbios_ns,RSTR,1,0,0,0,0,0,0,0,0,2,0.0,0.0,1.0,1.0,1.0,0.0,0.0,255,2,0.01,0.5,1.0,0.0,0.0,0.0,1.0,1,31783.0
2,tcp,smtp,SF,722,326,0,0,1,0,0,0,0,1,0.0,0.25,0.0,0.0,1.0,0.0,0.75,24,172,0.71,0.17,0.04,0.02,0.0,0.0,0.0,0,58156.0
0,tcp,ldap,S0,0,0,0,0,0,0,0,0,0,244,1.0,1.0,0.0,0.0,0.05,0.06,0.0,255,12,0.05,0.06,0.0,0.0,1.0,1.0,0.0,1,73428.0
0,tcp,domain,S0,0,0,0,0,0,0,0,0,0,251,1.0,1.0,0.0,0.0,0.1,0.06,0.0,255,25,0.1,0.06,0.0,0.0,1.0,1.0,0.0,1,68085.0
0,icmp,ecr_i,SF,520,0,0,0,0,0,0,0,0,61,0.0,0.0,0.0,0.0,1.0,0.0,0.0,255,255,1.0,0.0,1.0,0.0,0.0,0.0,0.0,1,116843.0
0,tcp,http,SF,217,511,0,0,1,0,0,0,0,17,0.0,0.0,0.0,0.0,1.0,0.0,0.18,255,255,1.0,0.0,0.0,0.0,0.0,0.0,0.0,0,39243.0
0,udp,domain_u,SF,44,78,0,0,0,0,0,0,0,297,0.0,0.0,0.0,0.0,1.0,0.0,0.0,255,254,1.0,0.01,0.0,0.0,0.0,0.0,0.0,0,100666.0
0,tcp,http,SF,162,13248,0,0,1,0,0,0,0,1,0.0,0.0,0.0,0.0,1.0,0.0,0.0,34,34,1.0,0.0,0.03,0.0,0.0,0.0,0.0,0,66907.0
0,tcp,private,S0,0,0,0,0,0,0,0,0,0,288,1.0,1.0,0.0,0.0,0.03,0.06,0.0,255,4,0.02,0.06,0.0,0.0,1.0,1.0,0.0,1,1154.0
0,tcp,other,REJ,0,0,0,0,0,0,0,0,0,511,0.1,0.0,0.87,1.0,0.0,1.0,0.0,255,1,0.0,1.0,0.0,0.0,0.11,0.0,1.0,1,99672.0
0,udp,private,SF,105,147,0,0,0,0,0,0,0,1,0.0,0.0,0.0,0.0,1.0,0.0,0.0,60,59,0.98,0.03,0.02,0.0,0.0,0.0,0.0,0,60607.0
0,tcp,ctf,S0,0,0,0,0,0,0,0,0,0,235,1.0,1.0,0.0,0.0,0.0,0.05,0.0,255,1,0.0,0.05,0.0,0.0,1.0,1.0,0.0,1,109646.0
0,tcp,http,S2,283,14664,0,0,1,0,0,0,0,1,1.0,1.0,0.0,0.0,1.0,0.0,0.0,255,255,1.0,0.0,0.0,0.0,0.0,0.0,0.0,0,114063.0
0,tcp,http,SF,222,338,0,0,1,0,0,0,0,3,0.0,0.0,0.0,0.0,1.0,0.0,0.0,3,53,1.0,0.0,0.33,0.09,0.0,0.02,0.0,0,51329.0
0,tcp,http,SF,298,626,0,0,1,0,0,0,0,9,0.0,0.0,0.0,0.0,1.0,0.0,0.0,255,255,1.0,0.0,0.0,0.0,0.0,0.0,0.0,0,28621.0
0,udp,domain_u,SF,44,122,0,0,0,0,0,0,0,254,0.0,0.0,0.0,0.0,1.0,0.0,0.01,255,211,0.83,0.01,0.0,0.0,0.0,0.0,0.0,0,11650.0
0,tcp,private,S0,0,0,0,0,0,0,0,0,0,141,1.0,1.0,0.0,0.0,0.06,0.06,0.0,255,14,0.05,0.07,0.0,0.0,1.0,1.0,0.0,1,37345.0
0,tcp,http,REJ,0,0,0,0,0,0,0,0,0,1,0.0,0.0,1.0,1.0,1.0,0.0,0.0,7,255,1.0,0.0,0.14,0.11,0.0,0.0,0.81,0,52409.0
0,tcp,http,SF,317,656,0,0,1,0,0,0,0,13,0.0,0.0,0.0,0.0,1.0,0.0,0.0,134,255,1.0,0.0,0.01,0.06,0.0,0.0,0.0,0,14896.0
0,icmp,ecr_i,SF,1480,0,1,0,0,0,0,0,0,11,0.0,0.0,0.0,0.0,1.0,0.0,0.0,255,13,0.05,0.02,0.05,0.0,0.0,0.0,0.0,1,8629.0
0,tcp,uucp,S0,0,0,0,0,0,0,0,0,0,132,1.0,1.0,0.0,0.0,0.11,0.05,0.0,255,7,0.03,0.07,0.0,0.0,1.0,1.0,0.0,1,67733.0
0,tcp,private,S0,0,0,0,0,0,0,0,0,0,122,1.0,1.0,0.0,0.0,0.08,0.06,0.0,255,12,0.05,0.06,0.0,0.0,1.0,1.0,0.0,1,20727.0
1,tcp,smtp,SF,1654,337,0,0,1,0,0,0,0,2,0.0,0.0,0.0,0.0,0.5,1.0,1.0,73,121,0.58,0.07,0.01,0.02,0.0,0.0,0.0,0,65371.0
0,tcp,mtp,S0,0,0,0,0,0,0,0,0,0,257,1.0,1.0,0.0,0.0,0.05,0.06,0.0,255,7,0.03,0.07,0.0,0.0,1.0,1.0,0.0,1,40154.0
0,icmp,eco_i,SF,8,0,0,0,0,0,0,0,0,1,0.0,0.0,0.0,0.0,1.0,0.0,1.0,1,7,1.0,0.0,1.0,0.57,0.0,0.0,0.0,1,29818.0
0,tcp,private,REJ,0,0,0,0,0,0,0,0,0,1,0.0,0.0,1.0,1.0,1.0,0.0,0.0,39,1,0.03,1.0,0.03,0.0,0.0,0.0,1.0,1,15175.0
0,tcp,http,SF,306,1075,0,0,1,0,0,0,0,6,0.0,0.0,0.0,0.0,1.0,0.0,0.29,255,235,0.92,0.01,0.0,0.0,0.0,0.0,0.0,0,95133.0
0,tcp,nnsp,S0,0,0,0,0,0,0,0,0,0,112,1.0,1.0,0.0,0.0,0.15,0.06,0.0,255,36,0.14,0.06,0.0,0.0,1.0,1.0,0.0,1,70921.0
0,tcp,private,S0,0,0,0,0,0,0,0,0,0,74,1.0,1.0,0.0,0.0,0.04,0.07,0.0,255,19,0.07,0.07,0.0,0.0,1.0,1.0,0.0,1,103340.0
0,tcp,http,S0,0,0,0,0,0,0,0,0,0,32,1.0,1.0,0.0,0.0,0.25,0.12,0.0,255,58,0.23,0.04,0.01,0.0,1.0,1.0,0.0,1,46627.0
0,tcp,http,REJ,0,0,0,0,0,0,0,0,0,19,0.0,0.0,0.79,0.79,1.0,0.0,0.0,22,175,1.0,0.0,0.05,0.22,0.0,0.0,0.98,0,29803.0
0,tcp,http,SF,197,1532,0,0,1,0,0,0,0,7,0.0,0.0,0.0,0.0,1.0,0.0,0.0,7,255,1.0,0.0,0.14,0.04,0.0,0.0,0.0,0,44545.0
0,udp,private,SF,105,0,0,0,0,0,0,0,0,2,0.0,0.0,0.0,0.0,1.0,0.0,0.0,213,172,0.81,0.01,0.01,0.0,0.0,0.0,0.0,0,15349.0
0,tcp,bgp,S0,0,0,0,0,0,0,0,0,0,247,1.0,1.0,0.0,0.0,0.1,0.06,0.0,255,24,0.09,0.06,0.0,0.0,1.0,1.0,0.0,1,38221.0
0,udp,domain_u,SF,44,127,0,0,0,0,0,0,0,103,0.0,0.0,0.0,0.0,1.0,0.0,0.02,255,255,1.0,0.0,0.0,0.0,0.0,0.0,0.0,0,107394.0
0,tcp,ftp_data,SF,607,0,0,0,1,0,0,0,0,2,0.0,0.0,0.0,0.0,1.0,0.0,0.0,35,40,0.17,0.14,0.17,0.05,0.0,0.03,0.0,0,39871.0
0,tcp,http,SF,162,525,0,0,1,0,0,0,0,1,0.0,0.0,0.0,0.0,1.0,0.0,0.0,1,255,1.0,0.0,1.0,0.05,0.0,0.0,0.0,0,34432.0
0,tcp,http,SF,240,1137,0,0,1,0,0,0,0,5,0.0,0.0,0.0,0.0,1.0,0.0,0.0,202,255,1.0,0.0,0.0,0.01,0.0,0.0,0.0,0,2059.0
0,tcp,courier,S0,0,0,0,0,0,0,0,0,0,109,1.0,1.0,0.0,0.0,0.14,0.06,0.0,255,13,0.05,0.07,0.0,0.0,1.0,1.0,0.0,1,112295.0
0,tcp,http,REJ,0,0,0,0,0,0,0,0,0,281,0.0,0.0,1.0,1.0,0.06,0.06,0.0,255,17,0.07,0.07,0.0,0.0,0.0,0.0,1.0,1,57314.0
0,tcp,http,SF,217,2438,0,0,1,0,0,0,0,19,0.0,0.0,0.0,0.0,1.0,0.0,0.0,228,255,1.0,0.0,0.0,0.01,0.0,0.0,0.0,0,121314.0
0,tcp,vmnet,S0,0,0,0,0,0,0,0,0,0,104,1.0,1.0,0.0,0.0,0.01,0.06,0.0,255,1,0.0,0.05,0.0,0.0,1.0,1.0,0.0,1,40997.0
1,tcp,smtp,SF,933,332,0,0,1,0,0,0,0,2,0.0,0.0,0.0,0.0,1.0,0.0,0.75,8,60,0.75,0.38,0.12,0.03,0.0,0.0,0.0,0,68771.0
0,udp,domain_u,SF,44,74,0,0,0,0,0,0,0,221,0.0,0.0,0.0,0.0,1.0,0.01,0.0,255,241,0.95,0.02,0.0,0.0,0.0,0.0,0.0,0,118799.0
0,tcp,http,SF,229,3841,0,0,1,0,0,0,0,10,0.0,0.0,0.0,0.0,1.0,0.0,0.25,30,255,1.0,0.0,0.03,0.02,0.0,0.0,0.0,0,67363.0
0,tcp,http,SF,334,309,0,0,1,0,0,0,0,11,0.0,0.0,0.0,0.0,1.0,0.0,0.23,45,215,1.0,0.0,0.02,0.03,0.0,0.0,0.0,0,28917.0
0,tcp,http,SF,232,13341,0,0,1,0,0,0,0,7,0.0,0.0,0.0,0.0,1.0,0.0,0.0,82,255,1.0,0.0,0.01,0.01,0.0,0.0,0.0,0,6489.0
0,udp,domain_u,SF,46,138,0,0,0,0,0,0,0,7,0.0,0.0,0.0,0.0,1.0,0.0,0.02,255,254,1.0,0.01,0.0,0.0,0.0,0.0,0.0,0,14224.0
0,icmp,urp_i,SF,78,0,0,0,0,0,0,0,0,26,0.0,0.0,0.0,0.0,0.08,0.08,0.0,255,18,0.07,0.01,0.07,0.0,0.0,0.0,0.0,0,47688.0
0,tcp,smtp,SF,1974,494,0,0,1,0,0,0,0,1,0.0,0.0,0.0,0.0,1.0,0.0,0.0,24,182,0.96,0.08,0.04,0.04,0.0,0.0,0.0,0,39659.0
0,tcp,http,SF,286,332,0,0,1,0,0,0,0,12,0.0,0.0,0.0,0.0,1.0,0.0,0.15,255,255,1.0,0.0,0.0,0.0,0.0,0.0,0.0,0,61413.0
0,icmp,eco_i,SF,18,0,0,0,0,0,0,0,0,1,0.0,0.0,0.0,0.0,1.0,0.0,0.0,4,72,1.0,0.0,1.0,0.25,0.0,0.0,0.0,1,69340.0
0,tcp,ftp_data,SF,35,0,0,0,0,0,0,0,0,2,0.0,0.0,0.0,0.0,1.0,0.0,0.0,255,58,0.23,0.4,0.23,0.0,0.4,0.0,0.0,0,67283.0
2382,udp,other,SF,146,105,0,0,0,0,0,0,0,4,0.0,0.0,0.0,0.0,0.5,0.5,0.0,255,2,0.01,0.43,0.81,0.0,0.0,0.0,0.0,0,71117.0
0,tcp,netstat,S0,0,0,0,0,0,0,0,0,0,189,1.0,1.0,0.0,0.0,0.07,0.07,0.0,255,14,0.05,0.07,0.0,0.0,1.0,1.0,0.0,1,100580.0
0,tcp,http,RSTR,54540,8315,0,1,1,0,0,0,0,4,0.0,0.0,0.25,0.25,1.0,0.0,0.0,255,255,1.0,0.0,0.0,0.0,0.0,0.0,0.05,1,77262.0
0,tcp,private,S0,0,0,0,0,0,0,0,0,0,248,1.0,1.0,0.0,0.0,0.01,0.06,0.0,255,19,0.07,0.07,0.0,0.0,1.0,1.0,0.0,1,36125.0
0,tcp,private,S0,0,0,0,0,0,0,0,0,0,280,1.0,1.0,0.0,0.0,0.05,0.05,0.0,255,17,0.07,0.07,0.0,0.0,1.0,1.0,0.0,1,96411.0
0,tcp,echo,RSTO,0,0,0,0,0,0,0,0,0,260,0.0,0.0,1.0,1.0,0.02,0.07,0.0,255,6,0.02,0.08,0.0,0.0,0.0,0.0,1.0,1,37011.0
0,udp,domain_u,SF,44,44,0,0,0,0,0,0,0,84,0.0,0.0,0.0,0.0,1.0,0.0,0.01,255,254,1.0,0.01,0.01,0.0,0.0,0.0,0.0,0,81609.0
0,icmp,eco_i,SF,8,0,0,0,0,0,0,0,0,1,0.0,0.0,0.0,0.0,1.0,0.0,1.0,1,87,1.0,0.0,1.0,0.51,0.0,0.0,0.0,1,81977.0
0,tcp,supdup,S0,0,0,0,0,0,0,0,0,0,195,1.0,1.0,0.0,0.0,0.04,0.08,0.0,255,8,0.03,0.07,0.0,0.0,1.0,1.0,0.0,1,42892.0
0,tcp,http,SF,245,10128,0,0,1,0,0,0,0,1,0.0,0.0,0.0,0.0,1.0,0.0,0.22,205,255,1.0,0.0,0.0,0.01,0.0,0.0,0.0,0,93064.0
0,icmp,ecr_i,SF,1480,0,1,0,0,0,0,0,0,6,0.0,0.0,0.0,0.0,1.0,0.0,0.0,255,8,0.03,0.02,0.03,0.0,0.0,0.0,0.0,1,99232.0
0,tcp,http,SF,296,798,0,0,1,0,0,0,0,1,0.0,0.0,0.0,0.0,1.0,0.0,0.0,10,255,1.0,0.0,0.1,0.05,0.0,0.0,0.0,0,25092.0
0,tcp,whois,S0,0,0,0,0,0,0,0,0,0,202,1.0,1.0,0.0,0.0,0.01,0.06,0.0,255,19,0.07,0.07,0.0,0.0,1.0,1.0,0.0,1,15058.0
0,tcp,mtp,S0,0,0,0,0,0,0,0,0,0,251,1.0,1.0,0.0,0.0,0.02,0.06,0.0,255,5,0.02,0.08,0.0,0.0,1.0,1.0,0.0,1,39322.0
0,tcp,http,SF,282,3691,0,0,1,0,0,0,0,8,0.0,0.0,0.0,0.0,1.0,0.0,0.2,255,255,1.0,0.0,0.0,0.0,0.0,0.0,0.0,0,76943.0
0,tcp,http,SF,54540,8314,0,2,1,1,0,0,0,4,0.0,0.0,0.0,0.0,1.0,0.0,0.0,50,50,1.0,0.0,0.02,0.0,0.02,0.02,0.02,1,7165.0
0,tcp,http,SF,144,9534,0,0,1,0,0,0,0,1,0.0,0.0,0.0,0.0,1.0,0.0,0.0,116,255,1.0,0.0,0.01,0.01,0.0,0.0,0.0,0,4813.0
0,icmp,eco_i,SF,64,0,0,0,0,0,0,0,0,7,0.0,0.0,0.0,0.0,1.0,0.0,0.0,187,7,0.04,0.04,0.04,0.0,0.0,0.0,0.0,0,42827.0
0,udp,domain_u,SF,43,127,0,0,0,0,0,0,0,74,0.0,0.0,0.0,0.0,1.0,0.0,0.01,255,254,1.0,0.01,0.0,0.0,0.0,0.0,0.0,0,111201.0
0,tcp,mtp,S0,0,0,0,0,0,0,0,0,0,280,1.0,1.0,0.0,0.0,0.07,0.06,0.0,255,2,0.01,0.07,0.0,0.0,1.0,1.0,0.0,1,65818.0
0,tcp,smtp,SF,2772,402,0,0,1,0,0,0,0,1,0.0,0.0,0.0,0.0,1.0,0.0,0.0,255,94,0.37,0.02,0.0,0.0,0.42,0.0,0.0,0,29454.0
0,tcp,supdup,REJ,0,0,0,0,0,0,0,0,0,246,0.0,0.0,1.0,1.0,0.01,0.07,0.0,255,2,0.01,0.08,0.0,0.0,0.0,0.0,1.0,1,2546.0
10,tcp,private,RSTR,0,0,0,0,0,0,0,0,0,1,0.0,0.0,1.0,1.0,1.0,0.0,0.0,255,1,0.0,1.0,1.0,0.0,0.0,0.0,1.0,1,93418.0
0,tcp,http,REJ,0,0,0,0,0,0,0,0,0,1,0.0,0.0,1.0,1.0,1.0,0.0,0.0,17,3,0.18,0.29,0.06,0.0,0.06,0.0,1.0,0,30616.0
0,udp,domain_u,SF,45,121,0,0,0,0,0,0,0,110,0.0,0.0,0.0,0.0,0.99,0.02,0.02,255,253,0.99,0.01,0.0,0.0,0.0,0.0,0.0,0,112296.0
3,tcp,smtp,SF,13785,1361,0,0,1,0,0,0,0,1,0.0,0.0,0.0,0.0,1.0,0.0,0.0,128,209,0.66,0.02,0.01,0.01,0.0,0.0,0.0,0,96940.0
33,tcp,ftp,SF,938,2720,0,19,1,0,0,0,0,1,0.0,0.0,0.0,0.0,1.0,0.0,0.0,171,43,0.25,0.03,0.01,0.0,0.0,0.0,0.02,0,14696.0
0,tcp,time,RSTO,0,0,0,0,0,0,0,0,0,177,0.0,0.0,1.0,1.0,0.04,0.07,0.0,255,7,0.03,0.07,0.0,0.0,0.0,0.0,1.0,1,36507.0
0,tcp,http,SF,205,4317,0,0,1,0,0,0,0,18,0.0,0.0,0.0,0.0,1.0,0.0,0.0,255,255,1.0,0.0,0.0,0.0,0.0,0.0,0.0,0,68993.0
0,tcp,http,SF,297,339,0,0,1,0,0,0,0,17,0.0,0.0,0.0,0.0,1.0,0.0,0.16,81,255,1.0,0.0,0.01,0.05,0.0,0.0,0.0,0,116251.0
0,tcp,http,SF,219,863,0,0,1,0,0,0,0,5,0.0,0.0,0.0,0.0,1.0,0.0,0.0,171,255,1.0,0.0,0.01,0.02,0.0,0.0,0.0,0,36163.0
0,tcp,vmnet,S0,0,0,0,0,0,0,0,0,0,272,1.0,1.0,0.0,0.0,0.03,0.06,0.0,255,8,0.03,0.06,0.0,0.0,1.0,1.0,0.0,1,82450.0
159,tcp,http,SF,205,308,0,0,1,0,0,0,0,1,0.0,0.0,0.0,0.0,1.0,0.0,0.29,3,255,1.0,0.0,0.33,0.04,0.0,0.0,0.0,0,14111.0
0,tcp,http,SF,267,11375,0,0,1,0,0,0,0,1,0.0,0.0,0.0,0.0,1.0,0.0,0.0,63,255,1.0,0.0,0.02,0.02,0.02,0.01,0.0,0,6298.0
0,icmp,ecr_i,SF,1032,0,0,0,0,0,0,0,0,42,0.0,0.0,0.0,0.0,1.0,0.0,0.0,255,42,0.16,0.02,0.16,0.0,0.0,0.0,0.0,1,77998.0
8,tcp,smtp,SF,889,363,0,0,1,0,0,0,0,1,0.0,0.0,0.0,0.0,1.0,0.0,0.0,255,114,0.45,0.03,0.0,0.0,0.0,0.0,0.0,0,5425.0
0,tcp,bgp,REJ,0,0,0,0,0,0,0,0,0,232,0.0,0.0,1.0,1.0,0.03,0.07,0.0,255,8,0.03,0.07,0.0,0.0,0.0,0.0,1.0,1,118292.0
0,udp,domain_u,SF,44,44,0,0,0,0,0,0,0,32,0.0,0.0,0.0,0.0,1.0,0.0,0.0,255,253,0.99,0.01,0.0,0.0,0.0,0.0,0.0,0,52456.0
0,tcp,exec,S0,0,0,0,0,0,0,0,0,0,115,1.0,1.0,0.0,0.0,0.03,0.07,0.0,255,3,0.01,0.07,0.0,0.0,1.0,1.0,0.0,1,24957.0
0,tcp,private,S0,0,0,0,0,0,0,0,0,0,224,1.0,1.0,0.0,0.0,0.0,0.07,0.0,255,1,0.0,0.06,0.0,0.0,1.0,1.0,0.0,1,121927.0
0,icmp,eco_i,SF,30,0,0,0,0,0,0,0,0,1,0.0,0.0,0.0,0.0,1.0,0.0,0.0,81,131,1.0,0.0,1.0,0.2,0.0,0.0,0.0,0,17495.0
0,tcp,http,SF,238,1249,0,0,1,0,0,0,0,10,0.0,0.0,0.0,0.0,1.0,0.0,0.12,76,255,1.0,0.0,0.01,0.03,0.0,0.01,0.0,0,69166.0
0,tcp,time,RSTO,0,0,0,0,0,0,0,0,0,180,0.0,0.0,1.0,1.0,0.08,0.07,0.0,255,14,0.05,0.07,0.0,0.0,0.0,0.0,1.0,1,91628.0
0,tcp,kshell,S0,0,0,0,0,0,0,0,0,0,31,1.0,1.0,0.0,0.0,0.13,0.1,0.0,255,4,0.02,0.07,0.0,0.0,1.0,1.0,0.0,1,90132.0
4545,udp,other,SF,146,105,0,0,0,0,0,0,0,1,0.0,0.0,0.0,0.0,1.0,0.0,0.0,255,3,0.01,0.49,0.91,0.0,0.0,0.0,0.0,0,67322.0
0,tcp,http,SF,307,3531,0,0,1,0,0,0,0,1,0.0,0.0,0.0,0.0,1.0,0.0,0.0,173,255,1.0,0.0,0.01,0.02,0.0,0.0,0.03,0,69784.0
0,tcp,ftp_data,SF,567,0,0,0,1,0,0,6,0,1,0.0,0.0,0.0,0.0,1.0,0.0,0.0,1,1,1.0,0.0,1.0,0.0,0.0,0.0,0.0,0,81023.0
0,udp,domain_u,SF,31,0,0,0,0,0,0,0,0,1,0.0,0.0,0.0,0.0,1.0,0.0,1.0,117,27,0.1,0.06,0.1,0.07,0.0,0.0,0.0,0,90068.0
0,tcp,klogin,S0,0,0,0,0,0,0,0,0,0,141,1.0,1.0,0.0,0.0,0.04,0.05,0.0,255,5,0.02,0.05,0.0,0.0,1.0,1.0,0.0,1,124490.0
1,tcp,smtp,SF,1481,393,0,0,1,0,0,0,0,1,0.0,0.0,0.0,0.0,1.0,0.0,1.0,255,10,0.04,0.06,0.0,0.0,0.0,0.0,0.0,0,125550.0
0,tcp,http,SF,202,665,0,0,1,0,0,0,0,1,0.0,0.0,0.0,0.0,1.0,0.0,0.0,225,255,1.0,0.0,0.0,0.01,0.0,0.0,0.0,0,77507.0
0,tcp,http,SF,319,8841,0,0,1,0,0,0,0,16,0.0,0.0,0.0,0.0,1.0,0.0,0.0,205,255,1.0,0.0,0.0,0.01,0.0,0.0,0.0,0,57209.0
0,tcp,http,SF,230,1422,0,0,1,0,0,0,0,21,0.0,0.0,0.0,0.0,1.0,0.0,0.12,21,255,1.0,0.0,0.05,0.05,0.0,0.0,0.0,0,102305.0
0,udp,domain_u,SF,43,43,0,0,0,0,0,0,0,106,0.0,0.0,0.0,0.0,1.0,0.0,0.0,255,255,1.0,0.0,0.0,0.0,0.0,0.0,0.0,0,36736.0
0,tcp,iso_tsap,S0,0,0,0,0,0,0,0,0,0,268,1.0,1.0,0.0,0.0,0.01,0.06,0.0,255,4,0.02,0.07,0.0,0.0,1.0,1.0,0.0,1,85318.0
0,tcp,bgp,S0,0,0,0,0,0,0,0,0,0,177,1.0,1.0,0.0,0.0,0.1,0.06,0.0,255,17,0.07,0.05,0.0,0.0,1.0,1.0,0.0,1,100948.0
0,tcp,private,S0,0,0,0,0,0,0,0,0,0,274,1.0,1.0,0.0,0.0,0.01,0.05,0.0,255,4,0.02,0.07,0.0,0.0,1.0,1.0,0.0,1,81899.0
0,icmp,eco_i,SF,8,0,0,0,0,0,0,0,0,1,0.0,0.0,0.0,0.0,1.0,0.0,1.0,2,30,1.0,0.0,1.0,0.5,0.0,0.0,0.0,1,97354.0
0,tcp,http,SF,251,1978,0,0,1,0,0,0,0,5,0.0,0.53,0.0,0.0,1.0,0.0,0.08,58,255,1.0,0.0,0.02,0.02,0.0,0.0,0.0,0,4301.0
0,tcp,private,S0,0,0,0,0,0,0,0,0,0,119,1.0,1.0,0.0,0.0,0.03,0.09,0.0,255,3,0.01,0.08,0.0,0.0,1.0,1.0,0.0,1,122520.0
0,tcp,private,REJ,0,0,0,0,0,0,0,0,0,509,0.02,0.0,0.97,1.0,0.0,1.0,0.0,255,1,0.0,1.0,0.0,0.0,0.02,0.0,1.0,1,51102.0
0,tcp,uucp,S0,0,0,0,0,0,0,0,0,0,134,1.0,1.0,0.0,0.0,0.03,0.06,0.0,255,4,0.02,0.07,0.0,0.0,1.0,1.0,0.0,1,1967.0
0,tcp,courier,S0,0,0,0,0,0,0,0,0,0,120,1.0,1.0,0.0,0.0,0.02,0.06,0.0,255,16,0.06,0.06,0.0,0.0,1.0,1.0,0.0,1,112598.0
0,tcp,uucp_path,REJ,0,0,0,0,0,0,0,0,0,140,0.0,0.0,1.0,1.0,0.07,0.07,0.0,255,10,0.04,0.07,0.0,0.0,0.0,0.0,1.0,1,9009.0
0,tcp,http,SF,285,25519,0,0,1,0,0,0,0,4,0.0,0.0,0.0,0.0,1.0,0.0,0.0,49,255,1.0,0.0,0.02,0.02,0.02,0.02,0.0,0,109848.0
0,tcp,http,SF,327,2129,0,0,1,0,0,0,0,12,0.0,0.0,0.0,0.0,1.0,0.0,0.2,12,255,1.0,0.0,0.08,0.05,0.0,0.0,0.0,0,44888.0
0,tcp,http,REJ,0,0,0,0,0,0,0,0,0,1,0.0,0.0,1.0,1.0,1.0,0.0,0.0,1,66,1.0,0.0,1.0,0.23,0.0,0.0,1.0,0,32674.0
0,tcp,http,SF,235,12706,0,0,1,0,0,0,0,1,0.0,0.0,0.0,0.0,1.0,0.0,0.2,173,255,1.0,0.0,0.01,0.01,0.0,0.0,0.0,0,93183.0
0,tcp,http,SF,190,1227,0,0,1,0,0,0,0,16,0.0,0.0,0.0,0.0,1.0,0.0,0.0,65,255,1.0,0.0,0.02,0.02,0.0,0.0,0.0,0,69947.0
0,tcp,http,SF,325,4580,0,0,1,0,0,0,0,7,0.0,0.0,0.0,0.0,1.0,0.0,0.0,7,255,1.0,0.0,0.14,0.05,0.0,0.0,0.0,0,9609.0
0,tcp,ftp,S0,0,0,0,0,0,0,0,0,0,269,1.0,1.0,0.0,0.0,0.06,0.05,0.0,255,17,0.07,0.05,0.0,0.0,1.0,1.0,0.0,1,103800.0
0,tcp,private,S0,0,0,0,0,0,0,0,0,0,103,1.0,1.0,0.0,0.0,0.16,0.08,0.0,255,14,0.05,0.09,0.0,0.0,1.0,1.0,0.0,1,88947.0
0,tcp,other,SF,641,0,0,0,1,0,0,0,0,1,0.0,0.0,0.0,0.0,1.0,0.0,0.0,171,1,0.01,0.06,0.05,0.0,0.01,0.0,0.0,0,57983.0
0,tcp,http,SF,223,383,0,0,1,0,0,0,0,16,0.0,0.0,0.0,0.0,1.0,0.0,0.0,16,255,1.0,0.0,0.06,0.05,0.0,0.0,0.0,0,95615.0
0,udp,domain_u,SF,42,42,0,0,0,0,0,0,0,10,0.0,0.0,0.0,0.0,1.0,0.0,0.24,255,255,1.0,0.0,0.0,0.0,0.0,0.0,0.0,0,4595.0
0,tcp,private,S0,0,0,0,0,0,0,0,0,0,20,1.0,1.0,0.0,0.0,0.1,0.15,0.0,255,2,0.01,0.08,0.0,0.0,1.0,1.0,0.0,1,7738.0
0,icmp,urp_i,SF,78,0,0,0,0,0,0,0,0,40,0.0,0.0,0.0,0.0,0.22,0.05,0.2,255,33,0.13,0.01,0.13,0.0,0.0,0.0,0.0,0,121984.0
0,tcp,nnsp,S0,0,0,0,0,0,0,0,0,0,138,1.0,1.0,0.0,0.0,0.14,0.05,0.0,255,13,0.05,0.06,0.0,0.0,1.0,1.0,0.0,1,40152.0
0,tcp,http,SF,248,3368,0,0,1,0,0,0,0,4,0.0,0.0,0.0,0.0,1.0,0.0,0.0,50,255,1.0,0.0,0.02,0.02,0.0,0.0,0.0,0,31066.0
0,tcp,private,S0,0,0,0,0,0,0,0,0,0,41,1.0,1.0,0.0,0.0,0.05,0.12,0.0,255,16,0.06,0.08,0.0,0.0,1.0,1.0,0.0,1,44296.0
0,tcp,http,REJ,0,0,0,0,0,0,0,0,0,1,0.0,0.0,1.0,1.0,1.0,0.0,0.0,19,255,1.0,0.0,0.05,0.2,0.0,0.0,0.89,0,68005.0
0,tcp,telnet,S1,539,44731,0,0,0,0,0,0,0,1,1.0,1.0,0.0,0.0,1.0,0.0,0.0,1,3,1.0,0.0,1.0,1.0,1.0,0.33,0.0,0,122227.0
0,tcp,http,S0,0,0,0,0,0,0,0,0,0,261,1.0,1.0,0.0,0.0,0.02,0.06,0.0,255,6,0.02,0.06,0.0,0.0,1.0,1.0,0.0,1,121251.0
0,udp,private,SF,1,26,0,0,0,0,0,0,0,23,0.0,0.0,0.0,0.0,0.43,0.13,0.0,255,10,0.04,0.83,0.18,0.0,0.16,0.0,0.0,1,106947.0
0,tcp,private,S0,0,0,0,0,0,0,0,0,0,203,1.0,1.0,0.0,0.0,0.01,0.06,0.0,255,19,0.07,0.06,0.0,0.0,1.0,1.0,0.0,1,16511.0
0,tcp,ftp_data,S0,0,0,0,0,0,0,0,0,0,289,1.0,1.0,0.0,0.0,0.09,0.05,0.0,255,25,0.1,0.05,0.0,0.0,1.0,1.0,0.0,1,65222.0
0,udp,ntp_u,SF,48,48,0,0,0,0,0,0,0,1,0.0,0.0,0.0,0.0,1.0,0.0,0.0,80,17,0.21,0.04,0.21,0.0,0.0,0.0,0.0,0,99994.0
0,tcp,finger,SF,9,269,0,0,0,0,0,0,0,1,0.0,0.0,0.0,0.0,1.0,0.0,0.0,254,6,0.02,0.02,0.0,0.0,0.0,0.0,0.0,0,5949.0
0,tcp,http,REJ,0,0,0,0,0,0,0,0,0,5,0.0,0.0,0.4,1.0,0.2,0.6,0.0,158,1,0.01,0.07,0.01,0.0,0.01,0.0,1.0,1,18619.0
0,tcp,private,S0,0,0,0,0,0,0,0,0,0,128,1.0,1.0,0.0,0.0,0.03,0.07,0.0,255,8,0.03,0.06,0.0,0.0,1.0,1.0,0.0,1,52869.0
0,tcp,systat,S0,0,0,0,0,0,0,0,0,0,297,1.0,1.0,0.0,0.0,0.07,0.06,0.0,255,20,0.08,0.08,0.0,0.0,1.0,1.0,0.0,1,39525.0
0,tcp,http,SF,257,761,0,0,1,0,0,0,0,1,0.0,0.0,0.0,0.0,1.0,0.0,1.0,49,255,1.0,0.0,0.02,0.05,0.0,0.0,0.0,0,89042.0
0,tcp,http,SF,329,1179,0,0,1,0,0,0,0,2,0.0,0.0,0.0,0.0,1.0,0.0,0.0,18,18,1.0,0.0,0.06,0.0,0.0,0.0,0.0,0,100422.0
0,tcp,private,S0,0,0,0,0,0,0,0,0,0,283,1.0,1.0,0.0,0.0,0.03,0.06,0.0,255,13,0.05,0.07,0.0,0.0,1.0,1.0,0.0,1,42981.0
0,tcp,csnet_ns,S0,0,0,0,0,0,0,0,0,0,126,0.99,1.0,0.0,0.0,0.06,0.09,0.0,255,8,0.03,0.07,0.0,0.0,1.0,1.0,0.0,1,47574.0
0,tcp,http,REJ,0,0,0,0,0,0,0,0,0,1,0.0,0.0,1.0,1.0,1.0,0.0,0.0,25,255,1.0,0.0,0.04,0.17,0.0,0.0,0.98,0,57245.0
0,tcp,http,SF,235,369,0,0,1,0,0,0,0,8,0.0,0.0,0.0,0.0,1.0,0.0,0.0,129,255,1.0,0.0,0.01,0.05,0.0,0.0,0.01,0,84235.0
0,tcp,http,SF,286,310,0,0,1,0,0,0,0,3,0.0,0.0,0.0,0.0,1.0,0.0,0.5,112,255,1.0,0.0,0.01,0.02,0.0,0.0,0.0,0,118182.0
0,tcp,http,SF,179,6654,0,0,1,0,0,0,0,20,0.0,0.0,0.0,0.0,1.0,0.0,0.13,140,255,1.0,0.0,0.01,0.04,0.0,0.0,0.0,0,11463.0
0,icmp,ecr_i,SF,1032,0,0,0,0,0,0,0,0,511,0.0,0.0,0.0,0.0,1.0,0.0,0.0,255,232,0.91,0.05,0.91,0.0,0.0,0.0,0.0,1,120846.0
0,tcp,http,SF,241,4570,0,0,1,0,0,0,0,24,0.0,0.0,0.04,0.04,1.0,0.0,0.0,255,255,1.0,0.0,0.0,0.0,0.0,0.0,0.0,0,83491.0
0,tcp,ftp_data,SF,383,0,0,0,1,0,0,0,0,1,0.0,0.0,0.0,0.0,1.0,0.0,0.0,29,9,0.31,0.1,0.31,0.0,0.0,0.0,0.0,0,23643.0
0,icmp,urp_i,SF,78,0,0,0,0,0,0,0,0,27,0.0,0.0,0.0,0.0,0.15,0.07,0.0,255,5,0.02,0.01,0.02,0.0,0.0,0.0,0.0,0,18114.0
0,tcp,private,S0,0,0,0,0,0,0,0,0,0,65,1.0,1.0,0.0,0.0,0.12,0.06,0.0,255,1,0.0,0.07,0.0,0.0,1.0,1.0,0.0,1,39582.0
0,icmp,ecr_i,SF,1032,0,0,0,0,0,0,0,0,511,0.0,0.0,0.0,0.0,1.0,0.0,0.0,255,20,0.08,0.15,0.08,0.0,0.14,0.0,0.0,1,6292.0
0,udp,domain_u,SF,45,45,0,0,0,0,0,0,0,148,0.0,0.0,0.0,0.0,1.0,0.0,0.01,255,254,1.0,0.01,0.01,0.0,0.0,0.0,0.0,0,43494.0
0,tcp,Z39_50,S0,0,0,0,0,0,0,0,0,0,158,1.0,1.0,0.0,0.0,0.09,0.08,0.0,255,15,0.06,0.07,0.0,0.0,1.0,1.0,0.0,1,36178.0
0,icmp,eco_i,SF,8,0,0,0,0,0,0,0,0,1,0.0,0.0,0.0,0.0,1.0,0.0,1.0,2,88,1.0,0.0,1.0,0.5,0.0,0.0,0.0,1,37804.0
0,tcp,telnet,S0,0,0,0,0,0,0,0,0,0,214,1.0,1.0,0.0,0.0,0.06,0.06,0.0,255,13,0.05,0.08,0.0,0.0,1.0,1.0,0.0,1,24617.0
0,tcp,daytime,S0,0,0,0,0,0,0,0,0,0,182,1.0,1.0,0.0,0.0,0.12,0.05,0.0,255,22,0.09,0.05,0.0,0.0,1.0,1.0,0.0,1,27400.0
0,icmp,eco_i,SF,8,0,0,0,0,0,0,0,0,1,0.0,0.0,0.0,0.0,1.0,0.0,1.0,2,46,1.0,0.0,1.0,0.5,0.0,0.0,0.0,1,54496.0
0,tcp,http,SF,238,3222,0,0,1,0,0,0,0,4,0.0,0.0,0.0,0.0,1.0,0.0,0.05,255,222,0.87,0.02,0.0,0.0,0.0,0.0,0.0,0,34574.0
0,udp,domain_u,SF,32,102,0,0,0,0,0,0,0,6,0.0,0.0,0.0,0.0,1.0,0.0,0.0,159,150,0.94,0.02,0.01,0.0,0.0,0.0,0.0,0,4558.0
0,tcp,http,SF,236,943,0,0,1,0,0,0,0,23,0.0,0.0,0.0,0.0,1.0,0.0,0.08,255,255,1.0,0.0,0.0,0.0,0.0,0.0,0.0,0,108683.0
0,tcp,discard,S0,0,0,0,0,0,0,0,0,0,225,1.0,1.0,0.0,0.0,0.02,0.06,0.0,255,18,0.07,0.07,0.0,0.0,1.0,1.0,0.0,1,3652.0
0,tcp,http,SF,286,466,0,0,1,0,0,0,0,17,0.0,0.0,0.0,0.0,1.0,0.0,0.14,255,255,1.0,0.0,0.0,0.0,0.0,0.0,0.0,0,90679.0
0,tcp,http,SF,249,346,0,0,1,0,0,0,0,1,0.0,0.0,0.0,0.0,1.0,0.0,0.21,5,255,1.0,0.0,0.2,0.02,0.0,0.0,0.0,0,91488.0
0,tcp,http,REJ,0,0,0,0,0,0,0,0,0,2,0.0,0.0,1.0,1.0,1.0,0.0,0.0,255,222,0.87,0.01,0.0,0.0,0.0,0.0,1.0,0,108894.0
0,tcp,ftp,S0,0,0,0,0,0,0,0,0,0,291,1.0,1.0,0.0,0.0,0.08,0.05,0.0,255,22,0.09,0.05,0.0,0.0,1.0,1.0,0.0,1,116569.0
0,tcp,private,S0,0,0,0,0,0,0,0,0,0,2,0.5,1.0,0.5,0.0,0.5,1.0,0.0,255,1,0.0,1.0,1.0,0.0,0.06,1.0,0.0,1,112306.0
7631,udp,other,SF,147,105,0,0,0,0,0,0,0,5,0.0,0.0,0.0,0.0,0.2,0.6,0.0,255,1,0.0,0.62,0.94,0.0,0.0,0.0,0.0,0,2992.0
3,tcp,other,RSTR,0,0,0,0,0,0,0,0,0,1,0.0,0.0,1.0,1.0,1.0,0.0,0.0,255,1,0.0,1.0,1.0,0.0,0.0,0.0,1.0,1,83513.0
0,tcp,private,S0,0,0,0,0,0,0,0,0,0,161,1.0,1.0,0.0,0.0,0.07,0.06,0.0,255,12,0.05,0.07,0.0,0.0,1.0,1.0,0.0,1,67664.0
0,tcp,http,SF,289,262,0,0,1,0,0,0,0,10,0.0,0.0,0.0,0.0,1.0,0.0,0.0,31,255,1.0,0.0,0.03,0.04,0.0,0.0,0.0,0,122400.0
0,tcp,other,SF,59,0,0,0,1,0,0,0,0,1,0.0,0.0,0.0,0.0,1.0,0.0,0.0,44,1,0.02,0.43,0.36,0.0,0.02,0.0,0.0,0,39663.0
0,tcp,private,S0,0,0,0,0,0,0,0,0,0,107,1.0,1.0,0.0,0.0,0.14,0.07,0.0,255,18,0.07,0.06,0.0,0.0,1.0,1.0,0.0,1,90938.0
0,tcp,private,REJ,0,0,0,0,0,0,0,0,0,143,0.0,0.0,1.0,1.0,0.08,0.07,0.0,255,11,0.04,0.06,0.0,0.0,0.0,0.0,1.0,1,74522.0
0,tcp,other,REJ,0,0,0,0,0,0,0,0,0,438,0.08,0.0,0.89,1.0,0.0,1.0,0.0,255,1,0.0,1.0,0.0,0.0,0.11,0.0,1.0,1,60529.0
0,icmp,ecr_i,SF,1480,0,1,0,0,0,0,0,0,2,0.0,0.0,0.0,0.0,1.0,0.0,0.5,2,151,1.0,0.0,1.0,0.05,0.0,0.0,0.0,1,123083.0
0,udp,private,SF,105,0,0,0,0,0,0,0,0,2,0.0,0.0,0.0,0.0,1.0,0.0,0.0,44,35,0.8,0.07,0.05,0.0,0.0,0.0,0.0,0,106397.0
0,tcp,http,SF,206,188,0,0,1,0,0,0,0,12,0.0,0.0,0.0,0.0,1.0,0.0,0.1,255,255,1.0,0.0,0.0,0.0,0.0,0.0,0.0,0,94268.0
0,tcp,http,SF,382,6496,0,0,1,0,0,0,0,1,0.0,0.0,0.0,0.0,1.0,0.0,0.16,1,255,1.0,0.0,1.0,0.03,0.0,0.0,0.0,0,5814.0
0,tcp,nnsp,S0,0,0,0,0,0,0,0,0,0,97,1.0,1.0,0.0,0.0,0.02,0.07,0.0,255,2,0.01,0.07,0.0,0.0,1.0,1.0,0.0,1,9939.0
8952,tcp,telnet,SF,85,1736,0,0,1,0,0,0,0,1,0.0,0.0,0.0,0.0,1.0,0.0,0.0,255,51,0.2,0.02,0.0,0.0,0.55,0.69,0.0,0,4751.0
99,tcp,telnet,SF,189,30448,0,0,1,0,0,0,0,1,0.0,0.0,0.0,0.0,1.0,0.0,0.0,1,2,1.0,0.0,1.0,1.0,0.0,0.0,0.0,0,66534.0
0,tcp,auth,S0,0,0,0,0,0,0,0,0,0,270,1.0,1.0,0.0,0.0,0.02,0.06,0.0,255,6,0.02,0.08,0.0,0.0,1.0,1.0,0.0,1,64806.0
0,tcp,smtp,SF,616,332,0,0,1,0,0,0,0,1,0.0,0.0,0.0,0.0,1.0,0.0,1.0,64,156,0.38,0.08,0.02,0.03,0.0,0.0,0.0,0,113596.0
0,udp,private,SF,1,0,0,0,0,0,0,0,0,12,0.0,0.0,0.0,0.0,0.17,0.67,0.0,255,2,0.01,0.37,0.79,0.0,0.02,0.0,0.0,1,124666.0
0,tcp,Z39_50,S0,0,0,0,0,0,0,0,0,0,265,1.0,1.0,0.0,0.0,0.08,0.05,0.0,255,20,0.08,0.05,0.0,0.0,1.0,1.0,0.0,1,83314.0
0,tcp,telnet,S0,0,0,0,0,0,0,0,0,0,74,1.0,1.0,0.0,0.0,0.27,0.05,0.0,255,72,0.28,0.02,0.0,0.0,1.0,1.0,0.0,1,2874.0
0,tcp,http,SF,231,1046,0,0,1,0,0,0,0,12,0.0,0.0,0.0,0.0,1.0,0.0,0.15,255,255,1.0,0.0,0.01,0.0,0.0,0.0,0.0,0,32166.0
0,udp,domain_u,SF,46,149,0,0,0,0,0,0,0,183,0.0,0.0,0.0,0.0,0.99,0.01,0.01,185,146,0.79,0.02,0.01,0.0,0.0,0.0,0.0,0,74566.0
0,icmp,eco_i,SF,8,0,0,0,0,0,0,0,0,1,0.0,0.0,0.0,0.0,1.0,0.0,1.0,2,42,1.0,0.0,1.0,0.26,0.0,0.0,0.0,1,116513.0
0,tcp,ctf,S0,0,0,0,0,0,0,0,0,0,253,1.0,1.0,0.0,0.0,0.01,0.06,0.0,255,3,0.01,0.07,0.0,0.0,1.0,1.0,0.0,1,69919.0
0,tcp,gopher,S0,0,0,0,0,0,0,0,0,0,300,1.0,1.0,0.0,0.0,0.08,0.05,0.0,255,25,0.1,0.05,0.0,0.0,1.0,1.0,0.0,1,65951.0
0,tcp,http,SF,235,1809,0,0,1,0,0,0,0,9,0.0,0.0,0.0,0.0,1.0,0.0,0.0,20,255,1.0,0.0,0.05,0.05,0.0,0.01,0.0,0,68574.0
0,tcp,http,REJ,0,0,0,0,0,0,0,0,0,1,0.0,0.75,1.0,0.25,1.0,0.0,0.5,20,122,1.0,0.0,0.05,0.03,0.0,0.01,0.59,0,123747.0
0,tcp,private,RSTO,0,0,0,0,0,0,0,0,0,142,0.0,0.0,1.0,1.0,0.13,0.06,0.0,255,18,0.07,0.07,0.0,0.0,0.0,0.0,1.0,1,49110.0
0,udp,domain_u,SF,44,130,0,0,0,0,0,0,0,78,0.0,0.0,0.0,0.0,1.0,0.0,0.01,255,255,1.0,0.0,0.0,0.0,0.0,0.0,0.0,0,12789.0
0,tcp,http,SF,323,1488,0,0,1,0,0,0,0,12,0.0,0.0,0.0,0.0,1.0,0.0,0.0,255,255,1.0,0.0,0.0,0.0,0.0,0.0,0.0,0,41926.0
0,tcp,http,SF,213,317,0,0,1,0,0,0,0,14,0.0,0.0,0.0,0.0,1.0,0.0,0.0,14,255,1.0,0.0,0.07,0.05,0.0,0.0,0.0,0,57203.0
0,tcp,http,SF,163,19076,0,0,1,0,0,0,0,1,0.0,0.0,0.0,0.0,1.0,0.0,0.0,255,255,1.0,0.0,0.0,0.0,0.0,0.0,0.13,0,23895.0
0,tcp,ftp_data,SF,3909,0,0,0,1,0,0,0,0,5,0.0,0.0,0.0,0.0,1.0,0.0,0.0,45,94,0.91,0.04,0.91,0.03,0.0,0.0,0.0,0,32408.0
0,tcp,http,SF,281,5325,0,0,1,0,0,0,0,11,0.0,0.0,0.0,0.0,1.0,0.0,0.06,11,255,1.0,0.0,0.09,0.04,0.0,0.0,0.0,0,21136.0
0,tcp,telnet,S0,0,0,0,0,0,0,0,0,0,70,1.0,1.0,0.0,0.0,0.2,0.06,0.0,255,59,0.23,0.02,0.02,0.0,1.0,1.0,0.0,1,24855.0
0,tcp,kshell,S0,0,0,0,0,0,0,0,0,0,119,1.0,1.0,0.0,0.0,0.14,0.06,0.0,255,4,0.02,0.07,0.0,0.0,1.0,1.0,0.0,1,20593.0
0,tcp,http,SF,273,2379,0,0,1,0,0,0,0,29,0.0,0.0,0.0,0.0,1.0,0.0,0.05,113,255,1.0,0.0,0.01,0.03,0.0,0.0,0.0,0,75516.0
0,tcp,ftp_data,SF,26,0,0,0,1,0,0,0,0,1,0.0,0.0,0.0,0.0,1.0,0.0,0.0,6,107,0.83,0.33,0.83,0.02,0.0,0.0,0.0,0,10895.0
0,tcp,smtp,SF,1111,337,0,0,1,0,0,0,0,1,0.0,0.0,0.0,0.0,1.0,0.0,1.0,78,167,0.76,0.04,0.01,0.01,0.0,0.0,0.0,0,94255.0
0,tcp,private,S0,0,0,0,0,0,0,0,0,0,267,1.0,1.0,0.0,0.0,0.0,0.06,0.0,255,1,0.0,0.07,0.0,0.0,1.0,1.0,0.0,1,42204.0
0,tcp,http,SF,213,296,0,0,1,0,0,0,0,2,0.0,0.0,0.0,0.0,1.0,0.0,0.67,255,255,1.0,0.0,0.0,0.0,0.0,0.0,0.0,0,3129.0
0,tcp,smtp,SF,2900,331,0,0,1,0,0,0,0,1,0.0,0.0,0.0,0.0,1.0,0.0,1.0,83,59,0.71,0.06,0.01,0.0,0.01,0.02,0.0,0,80300.0
17,tcp,telnet,SF,104,2124,0,0,1,0,0,0,0,1,0.0,0.0,0.0,0.0,1.0,0.0,0.0,187,1,0.01,0.03,0.01,0.0,0.0,0.0,0.0,0,93005.0
0,udp,domain_u,SF,45,73,0,0,0,0,0,0,0,19,0.0,0.0,0.0,0.0,1.0,0.0,0.0,255,242,0.95,0.01,0.01,0.0,0.0,0.0,0.0,0,82850.0
0,icmp,urp_i,SF,183,0,0,0,0,0,0,0,0,2,0.0,0.0,0.0,0.0,0.5,1.0,0.0,255,25,0.1,0.01,0.11,0.0,0.0,0.0,0.0,0,26365.0
0,tcp,private,S0,0,0,0,0,0,0,0,0,0,120,1.0,1.0,0.0,0.0,0.12,0.06,0.0,255,6,0.02,0.07,0.0,0.0,1.0,1.0,0.0,1,116985.0
0,tcp,vmnet,S0,0,0,0,0,0,0,0,0,0,236,1.0,1.0,0.0,0.0,0.01,0.06,0.0,255,10,0.04,0.07,0.0,0.0,1.0,1.0,0.0,1,6151.0
0,icmp,eco_i,SF,18,0,0,0,0,0,0,0,0,1,0.0,0.0,0.0,0.0,1.0,0.0,0.0,3,31,1.0,0.0,1.0,0.26,0.0,0.0,0.0,1,42391.0
0,tcp,ctf,S0,0,0,0,0,0,0,0,0,0,105,1.0,1.0,0.0,0.0,0.15,0.06,0.0,255,11,0.04,0.07,0.0,0.0,1.0,1.0,0.0,1,75673.0
0,tcp,private,REJ,0,0,0,0,0,0,0,0,0,104,0.0,0.0,1.0,1.0,0.12,0.06,0.0,255,13,0.05,0.07,0.0,0.0,0.0,0.0,1.0,1,77096.0
0,tcp,http,SF,274,4841,0,0,1,0,0,0,0,1,0.0,0.0,0.0,0.0,1.0,0.0,0.0,52,255,1.0,0.0,0.02,0.07,0.0,0.0,0.0,0,68326.0
0,icmp,eco_i,SF,8,0,0,0,0,0,0,0,0,1,0.0,0.0,0.0,0.0,1.0,0.0,1.0,3,39,1.0,0.0,1.0,0.26,0.0,0.0,0.0,1,45949.0
0,tcp,ftp_data,SF,374,0,0,0,1,0,0,0,0,155,0.97,0.0,0.0,0.0,0.03,0.06,0.0,255,11,0.04,0.06,0.04,0.0,0.96,0.0,0.0,0,2030.0
0,icmp,eco_i,SF,18,0,0,0,0,0,0,0,0,1,0.0,0.0,0.0,0.0,1.0,0.0,1.0,1,15,1.0,0.0,1.0,1.0,0.0,0.0,0.0,1,30861.0
0,tcp,private,S0,0,0,0,0,0,0,0,0,0,181,1.0,1.0,0.0,0.0,0.03,0.06,0.0,255,6,0.02,0.08,0.0,0.0,1.0,1.0,0.0,1,90098.0
0,tcp,http,SF,208,818,0,0,1,0,0,0,0,9,0.0,0.0,0.0,0.0,1.0,0.0,0.0,31,255,1.0,0.0,0.03,0.04,0.0,0.0,0.0,0,84006.0
0,tcp,http,REJ,0,0,0,0,0,0,0,0,0,1,0.0,0.0,1.0,1.0,1.0,0.0,0.0,2,237,1.0,0.0,0.5,0.16,0.0,0.0,1.0,0,120652.0
0,tcp,private,S0,0,0,0,0,0,0,0,0,0,144,1.0,1.0,0.0,0.0,0.07,0.06,0.0,255,5,0.02,0.07,0.0,0.0,1.0,1.0,0.0,1,84635.0
0,tcp,private,S0,0,0,0,0,0,0,0,0,0,120,1.0,1.0,0.0,0.0,0.09,0.06,0.0,122,11,0.09,0.07,0.01,0.0,1.0,1.0,0.0,1,111827.0
0,tcp,Z39_50,S0,0,0,0,0,0,0,0,0,0,204,1.0,1.0,0.0,0.0,0.05,0.06,0.0,255,19,0.07,0.07,0.0,0.0,1.0,1.0,0.0,1,64657.0
0,tcp,private,REJ,0,0,0,0,0,0,0,0,0,258,0.0,0.0,1.0,1.0,0.04,0.07,0.0,255,10,0.04,0.09,0.0,0.0,0.0,0.0,1.0,1,97120.0
0,tcp,private,REJ,0,0,0,0,0,0,0,0,0,129,0.0,0.0,1.0,1.0,0.03,0.07,0.0,255,4,0.02,0.06,0.0,0.0,0.0,0.0,1.0,1,64370.0
0,tcp,private,REJ,0,0,0,0,0,0,0,0,0,243,0.0,0.0,1.0,1.0,0.02,0.07,0.0,255,5,0.02,0.09,0.0,0.0,0.0,0.0,1.0,1,125374.0
0,icmp,ecr_i,SF,520,0,0,0,0,0,0,0,0,477,0.0,0.0,0.0,0.0,1.0,0.0,0.0,58,58,1.0,0.0,1.0,0.0,0.0,0.0,0.0,1,54153.0
0,tcp,daytime,S0,0,0,0,0,0,0,0,0,0,104,1.0,1.0,0.0,0.0,0.05,0.07,0.0,255,7,0.03,0.06,0.0,0.0,1.0,1.0,0.0,1,22633.0
0,tcp,http,SF,205,539,0,0,1,0,0,0,0,14,0.0,0.0,0.0,0.0,1.0,0.0,0.0,19,255,1.0,0.0,0.05,0.03,0.0,0.0,0.03,0,5456.0
0,udp,other,SF,145,0,0,0,0,0,0,0,0,3,0.0,0.0,0.0,0.0,0.33,0.67,0.0,3,1,0.33,0.67,1.0,0.0,0.0,0.0,0.0,0,15672.0
0,udp,domain_u,SF,45,131,0,0,0,0,0,0,0,231,0.0,0.0,0.0,0.0,1.0,0.0,0.01,255,253,0.99,0.01,0.0,0.0,0.0,0.0,0.0,0,114643.0
0,tcp,finger,RSTO,0,0,0,0,0,0,0,0,0,299,0.0,0.0,1.0,1.0,0.07,0.06,0.0,255,20,0.08,0.07,0.0,0.0,0.0,0.0,1.0,1,1929.0
0,tcp,ftp_data,SF,1339,0,0,0,1,0,0,0,0,2,0.0,0.0,0.0,0.0,1.0,0.0,0.0,75,35,0.4,0.04,0.4,0.06,0.0,0.0,0.0,0,117392.0
0,tcp,http,SF,352,772,0,0,1,0,0,0,0,14,0.0,0.0,0.0,0.0,1.0,0.0,0.0,255,255,1.0,0.0,0.0,0.0,0.0,0.0,0.0,0,10203.0
0,udp,private,SF,105,145,0,0,0,0,0,0,0,4,0.0,0.0,0.0,0.0,0.25,0.5,0.0,255,151,0.59,0.01,0.0,0.0,0.0,0.0,0.0,0,10925.0
0,tcp,private,REJ,0,0,0,0,0,0,0,0,0,104,0.0,0.0,1.0,1.0,0.08,0.07,0.0,255,8,0.03,0.07,0.0,0.0,0.0,0.0,1.0,1,123813.0
0,tcp,supdup,REJ,0,0,0,0,0,0,0,0,0,265,0.0,0.0,1.0,1.0,0.02,0.06,0.0,255,4,0.02,0.08,0.0,0.0,0.0,0.0,1.0,1,32180.0
0,tcp,ftp_data,SF,30,0,0,0,1,0,0,0,0,1,0.0,0.0,0.0,0.0,1.0,0.0,0.0,5,42,1.0,0.0,1.0,0.12,0.0,0.0,0.0,1,1277.0
0,tcp,http,RSTR,54540,7300,0,1,1,0,0,0,0,6,0.0,0.0,0.17,0.29,1.0,0.0,0.29,255,255,1.0,0.0,0.0,0.0,0.0,0.0,0.05,1,72009.0
0,tcp,http,SF,226,12202,0,0,1,0,0,0,0,5,0.0,0.0,0.0,0.0,1.0,0.0,0.29,177,255,1.0,0.0,0.01,0.01,0.0,0.0,0.0,0,76940.0
0,tcp,http,SF,321,2431,0,0,1,0,0,0,0,19,0.0,0.0,0.0,0.0,1.0,0.0,0.14,40,72,1.0,0.0,0.03,0.03,0.0,0.0,0.0,0,82780.0
0,tcp,http,SF,261,12660,0,0,1,0,0,0,0,1,0.0,0.0,0.0,0.0,1.0,0.0,0.0,255,255,1.0,0.0,0.0,0.0,0.0,0.0,0.0,0,94248.0
0,tcp,http,SF,209,1039,0,0,1,0,0,0,0,6,0.0,0.0,0.0,0.0,1.0,0.0,0.0,173,255,1.0,0.0,0.01,0.02,0.0,0.0,0.0,0,114927.0
0,tcp,bgp,REJ,0,0,0,0,0,0,0,0,0,142,0.0,0.0,1.0,1.0,0.04,0.06,0.0,255,2,0.01,0.07,0.0,0.0,0.0,0.0,1.0,1,104684.0
0,tcp,ftp_data,S0,0,0,0,0,0,0,0,0,0,47,1.0,1.0,0.0,0.0,0.23,0.09,0.0,129,63,0.24,0.03,0.01,0.03,0.98,0.49,0.0,1,103247.0
0,tcp,http,SF,205,2543,0,0,1,0,0,0,0,32,0.0,0.0,0.0,0.0,1.0,0.0,0.0,255,255,1.0,0.0,0.0,0.0,0.0,0.0,0.0,0,24917.0
0,icmp,ecr_i,SF,30,0,0,0,0,0,0,0,0,2,0.0,0.0,0.0,0.0,1.0,0.0,0.0,194,194,1.0,0.0,1.0,0.0,0.0,0.0,0.0,0,4437.0
0,tcp,http,SF,199,13357,0,0,1,0,0,0,0,1,0.0,0.0,0.0,0.0,1.0,0.0,1.0,30,255,1.0,0.0,0.03,0.06,0.0,0.0,0.0,0,69657.0
0,udp,private,SF,105,146,0,0,0,0,0,0,0,1,0.0,0.0,0.0,0.0,1.0,0.0,0.0,182,165,0.91,0.02,0.01,0.0,0.0,0.0,0.0,0,108530.0
0,tcp,http,SF,311,944,0,0,1,0,0,0,0,2,0.0,0.0,0.0,0.0,1.0,0.0,0.0,18,255,1.0,0.0,0.06,0.04,0.0,0.0,0.0,0,43924.0
0,icmp,urp_i,SF,78,0,0,0,0,0,0,0,0,19,0.0,0.0,0.0,0.0,0.21,0.11,0.0,255,16,0.06,0.01,0.06,0.0,0.0,0.0,0.0,0,2623.0
0,tcp,private,REJ,0,0,0,0,0,0,0,0,0,1,0.0,0.0,1.0,1.0,1.0,0.0,0.0,48,2,0.02,1.0,0.02,1.0,0.0,0.0,1.0,1,45976.0
0,tcp,private,S0,0,0,0,0,0,0,0,0,0,108,1.0,1.0,0.0,0.0,0.16,0.06,0.0,185,17,0.09,0.1,0.01,0.0,1.0,1.0,0.0,1,25071.0
0,tcp,http,SF,283,679,0,0,1,0,0,0,0,17,0.0,0.0,0.0,0.0,1.0,0.0,0.09,17,255,1.0,0.0,0.06,0.07,0.0,0.0,0.0,0,27525.0
3,tcp,smtp,SF,1231,329,0,0,1,0,0,0,0,1,0.0,0.0,0.0,0.0,1.0,0.0,0.0,255,166,0.65,0.03,0.0,0.0,0.0,0.01,0.0,0,123204.0
0,tcp,http_443,S0,0,0,0,0,0,0,0,0,0,141,1.0,1.0,0.0,0.0,0.13,0.06,0.0,255,19,0.07,0.06,0.0,0.0,1.0,1.0,0.0,1,64850.0
0,tcp,private,OTH,0,0,0,0,0,0,0,0,0,1,0.0,0.0,0.0,0.0,1.0,0.0,0.0,176,1,0.01,0.73,0.73,0.0,0.03,0.0,0.0,1,39030.0
0,tcp,http,SF,283,337,0,0,1,0,0,0,0,2,0.0,0.0,0.0,0.0,1.0,0.0,0.75,2,255,1.0,0.0,0.5,0.06,0.0,0.0,0.0,0,1230.0
0,tcp,private,S1,0,0,0,0,0,0,0,0,0,1,1.0,1.0,0.0,0.0,1.0,0.0,0.0,1,1,1.0,0.0,1.0,0.0,1.0,1.0,0.0,0,14148.0
0,tcp,http,S0,0,0,0,0,0,0,0,0,0,289,1.0,1.0,0.0,0.0,0.08,0.05,0.0,255,22,0.09,0.05,0.0,0.0,1.0,1.0,0.0,1,125340.0
0,tcp,ctf,S0,0,0,0,0,0,0,0,0,0,211,1.0,1.0,0.0,0.0,0.08,0.06,0.0,255,16,0.06,0.07,0.0,0.0,1.0,1.0,0.0,1,48546.0
0,tcp,http,SF,241,2631,0,0,1,0,0,0,0,3,0.0,0.0,0.0,0.0,1.0,0.0,0.0,248,255,1.0,0.0,0.0,0.01,0.01,0.01,0.07,0,119415.0
364,tcp,telnet,SF,384,11214,0,0,1,2,0,0,0,1,0.0,0.0,0.0,0.0,1.0,0.0,0.0,255,78,0.31,0.02,0.0,0.0,0.44,0.68,0.01,0,92693.0
0,tcp,ctf,REJ,0,0,0,0,0,0,0,0,0,202,0.0,0.0,1.0,1.0,0.02,0.07,0.0,255,5,0.02,0.08,0.0,0.0,0.0,0.0,1.0,1,26163.0
28,tcp,ftp,SF,1174,3380,0,24,1,0,0,0,0,1,0.0,0.0,0.0,0.0,1.0,0.0,0.0,161,30,0.19,0.44,0.01,0.0,0.0,0.0,0.03,0,64673.0
0,udp,private,SF,28,0,3,0,0,0,0,0,0,88,0.0,0.0,0.0,0.0,1.0,0.0,0.0,255,88,0.35,0.64,0.35,0.0,0.0,0.0,0.0,1,52131.0
27,tcp,ftp,SF,1181,3380,0,24,1,0,0,0,0,1,0.0,0.0,0.0,0.0,1.0,0.0,0.0,255,46,0.18,0.03,0.0,0.0,0.0,0.0,0.0,0,10555.0
0,udp,domain_u,SF,45,79,0,0,0,0,0,0,0,260,0.0,0.0,0.0,0.0,1.0,0.01,0.0,255,254,1.0,0.01,0.0,0.0,0.0,0.0,0.0,0,68550.0
13,tcp,ftp_data,SF,2194619,0,0,0,1,0,0,0,0,2,0.0,0.0,0.0,0.0,1.0,0.0,0.0,203,107,0.53,0.02,0.53,0.0,0.0,0.0,0.0,0,81198.0
0,tcp,kshell,S0,0,0,0,0,0,0,0,0,0,121,1.0,1.0,0.0,0.0,0.16,0.06,0.0,255,2,0.01,0.08,0.0,0.0,1.0,1.0,0.0,1,16539.0
0,tcp,smtp,SF,2917,328,0,0,1,0,0,0,0,1,0.0,0.0,0.0,0.0,1.0,0.0,0.0,255,183,0.72,0.02,0.0,0.0,0.0,0.0,0.0,0,84131.0
0,tcp,discard,S0,0,0,0,0,0,0,0,0,0,275,1.0,1.0,0.0,0.0,0.01,0.06,0.0,255,11,0.04,0.07,0.0,0.0,1.0,1.0,0.0,1,80646.0
0,udp,domain_u,SF,45,45,0,0,0,0,0,0,0,132,0.0,0.0,0.0,0.0,1.0,0.0,0.01,255,255,1.0,0.0,0.01,0.0,0.0,0.0,0.0,0,44645.0
0,tcp,mtp,S0,0,0,0,0,0,0,0,0,0,222,1.0,1.0,0.0,0.0,0.0,0.06,0.0,255,1,0.0,0.07,0.0,0.0,1.0,1.0,0.0,1,9049.0
0,tcp,private,S0,0,0,0,0,0,0,0,0,0,41,1.0,1.0,0.0,0.0,0.22,0.12,0.0,255,11,0.04,0.08,0.0,0.0,1.0,1.0,0.0,1,24248.0
0,tcp,gopher,S0,0,0,0,0,0,0,0,0,0,210,1.0,1.0,0.0,0.0,0.09,0.07,0.0,255,19,0.07,0.06,0.0,0.0,1.0,1.0,0.0,1,99366.0
0,tcp,http,SF,294,1158,0,0,1,0,0,0,0,25,0.0,0.0,0.0,0.0,1.0,0.0,0.08,255,255,1.0,0.0,0.0,0.0,0.0,0.0,0.0,0,69576.0
0,tcp,http,SF,198,810,0,0,1,0,0,0,0,31,0.0,0.0,0.0,0.0,1.0,0.0,0.0,255,255,1.0,0.0,0.0,0.0,0.0,0.0,0.0,0,23977.0
0,tcp,http,SF,232,2022,0,0,1,0,0,0,0,21,0.05,0.05,0.0,0.0,1.0,0.0,0.0,21,255,1.0,0.0,0.05,0.05,0.05,0.01,0.01,0,48634.0
0,tcp,private,S0,0,0,0,0,0,0,0,0,0,132,1.0,1.0,0.0,0.0,0.05,0.06,0.0,255,7,0.03,0.06,0.0,0.0,1.0,1.0,0.0,1,448.0
0,tcp,http,SF,236,310,0,0,1,0,0,0,0,3,0.0,0.0,0.0,0.0,1.0,0.0,0.0,255,255,1.0,0.0,0.0,0.0,0.0,0.0,0.0,0,115629.0
0,tcp,http,SF,54540,8314,0,2,1,1,0,0,0,4,0.0,0.0,0.0,0.0,1.0,0.0,0.0,85,85,1.0,0.0,0.01,0.0,0.01,0.01,0.01,1,29439.0
1,tcp,smtp,SF,709,331,0,0,1,0,0,0,0,1,0.0,0.0,0.0,0.0,1.0,0.0,1.0,84,184,0.73,0.07,0.01,0.01,0.0,0.0,0.0,0,7920.0
0,icmp,ecr_i,SF,1032,0,0,0,0,0,0,0,0,24,0.0,0.0,0.0,0.0,1.0,0.0,0.0,255,24,0.09,0.02,0.09,0.0,0.0,0.0,0.0,1,63452.0
0,icmp,eco_i,SF,8,0,0,0,0,0,0,0,0,1,0.0,0.0,0.0,0.0,1.0,0.0,1.0,1,71,1.0,0.0,1.0,0.51,0.0,0.0,0.0,1,37080.0
0,tcp,http,SF,179,4069,0,0,1,0,0,0,0,2,0.0,0.0,0.0,0.0,1.0,0.0,0.22,11,255,1.0,0.0,0.09,0.04,0.0,0.0,0.0,0,81963.0
0,tcp,echo,S0,0,0,0,0,0,0,0,0,0,241,1.0,1.0,0.0,0.0,0.03,0.07,0.0,255,7,0.03,0.07,0.0,0.0,1.0,1.0,0.0,1,63666.0
0,tcp,http,SF,256,340,0,0,1,0,0,0,0,2,0.0,0.0,0.0,0.0,1.0,0.0,0.15,5,255,1.0,0.0,0.2,0.03,0.0,0.0,0.0,0,76700.0
0,tcp,private,S0,0,0,0,0,0,0,0,0,0,170,1.0,1.0,0.0,0.0,0.02,0.06,0.0,255,19,0.07,0.09,0.0,0.0,1.0,1.0,0.0,1,1949.0
0,tcp,private,S0,0,0,0,0,0,0,0,0,0,105,1.0,1.0,0.0,0.0,0.01,0.06,0.0,255,1,0.0,0.05,0.0,0.0,1.0,1.0,0.0,1,106302.0
0,tcp,http,SF,276,2655,0,0,1,0,0,0,0,10,0.0,0.0,0.0,0.0,1.0,0.0,0.0,255,255,1.0,0.0,0.0,0.0,0.0,0.0,0.0,0,67273.0
0,tcp,http,SF,322,4812,0,0,1,0,0,0,0,10,0.0,0.0,0.0,0.0,1.0,0.0,0.0,10,255,1.0,0.0,0.1,0.01,0.0,0.0,0.0,0,90095.0
1771,udp,other,SF,147,105,0,0,0,0,0,0,0,1,0.0,0.0,0.0,0.0,1.0,0.0,0.0,255,1,0.0,0.73,1.0,0.0,0.0,0.0,0.0,0,90586.0
0,tcp,echo,S0,0,0,0,0,0,0,0,0,0,212,1.0,1.0,0.0,0.0,0.01,0.06,0.0,255,18,0.07,0.06,0.0,0.0,1.0,1.0,0.0,1,50214.0
0,tcp,http,RSTR,53452,7300,0,1,1,0,0,0,0,4,0.0,0.0,0.25,0.25,1.0,0.0,0.0,255,255,1.0,0.0,0.0,0.0,0.0,0.0,0.05,1,81448.0
0,tcp,private,S0,0,0,0,0,0,0,0,0,0,84,1.0,1.0,0.0,0.0,0.17,0.07,0.0,192,14,0.07,0.07,0.01,0.0,1.0,1.0,0.0,1,38176.0
0,tcp,smtp,SF,1267,330,0,0,1,0,0,0,0,1,0.0,0.0,0.0,0.0,1.0,0.0,0.0,59,121,0.71,0.05,0.02,0.02,0.0,0.0,0.0,0,92218.0
0,udp,private,SF,105,0,0,0,0,0,0,0,0,1,0.0,0.0,0.0,0.0,1.0,0.0,0.0,37,1,0.03,0.05,0.03,0.0,0.0,0.0,0.0,0,106192.0
0,tcp,ftp,S0,0,0,0,0,0,0,0,0,0,185,1.0,1.0,0.0,0.0,0.01,0.06,0.0,255,1,0.0,0.06,0.0,0.0,1.0,1.0,0.0,1,51839.0
0,tcp,http,SF,297,18555,0,0,1,0,0,0,0,8,0.0,0.0,0.0,0.0,1.0,0.0,0.0,19,255,1.0,0.0,0.05,0.05,0.0,0.0,0.0,0,70670.0
0,udp,private,SF,100,0,0,0,0,0,0,0,0,2,0.0,0.0,0.0,0.0,1.0,0.0,0.0,84,14,0.17,0.02,0.17,0.0,0.0,0.0,0.0,1,110696.0
0,tcp,http,SF,298,1197,0,0,1,0,0,0,0,3,0.0,0.0,0.0,0.0,1.0,0.0,0.19,25,255,1.0,0.0,0.04,0.01,0.0,0.01,0.0,0,85948.0
0,tcp,private,S0,0,0,0,0,0,0,0,0,0,228,1.0,1.0,0.0,0.0,0.06,0.05,0.0,89,14,0.16,0.11,0.01,0.0,0.84,1.0,0.0,1,4537.0
0,tcp,private,REJ,0,0,0,0,0,0,0,0,0,1,0.0,0.0,1.0,1.0,1.0,0.0,0.0,26,1,0.04,1.0,0.04,0.0,0.0,0.0,1.0,1,95221.0
0,tcp,ftp_data,SF,151,0,0,0,1,0,0,0,0,3,0.0,0.0,0.0,0.0,1.0,0.0,0.0,148,17,0.06,0.03,0.06,0.12,0.0,0.0,0.0,0,120996.0
0,tcp,private,S0,0,0,0,0,0,0,0,0,0,199,1.0,1.0,0.0,0.0,0.01,0.05,0.0,59,1,0.02,0.12,0.02,0.0,0.97,1.0,0.0,1,85985.0
0,tcp,private,S0,0,0,0,0,0,0,0,0,0,265,1.0,1.0,0.0,0.0,0.04,0.06,0.0,255,11,0.04,0.09,0.0,0.0,1.0,1.0,0.0,1,33309.0
0,tcp,netbios_ssn,S0,0,0,0,0,0,0,0,0,0,213,1.0,1.0,0.0,0.0,0.03,0.07,0.0,255,18,0.07,0.05,0.0,0.0,1.0,1.0,0.0,1,71611.0
0,icmp,ecr_i,SF,520,0,0,0,0,0,0,0,0,179,0.0,0.0,0.0,0.0,1.0,0.0,0.0,255,255,1.0,0.0,1.0,0.0,0.0,0.0,0.0,1,13006.0
0,tcp,vmnet,S0,0,0,0,0,0,0,0,0,0,262,1.0,1.0,0.0,0.0,0.04,0.06,0.0,255,11,0.04,0.07,0.0,0.0,1.0,1.0,0.0,1,102955.0
0,tcp,whois,S0,0,0,0,0,0,0,0,0,0,106,1.0,1.0,0.0,0.0,0.01,0.08,0.0,255,1,0.0,0.07,0.0,0.0,1.0,1.0,0.0,1,22520.0
0,tcp,http,SF,293,827,0,0,1,0,0,0,0,8,0.0,0.0,0.0,0.0,1.0,0.0,0.22,17,255,1.0,0.0,0.06,0.05,0.0,0.0,0.0,0,20059.0
9,tcp,smtp,SF,1357,406,0,0,1,0,0,0,0,1,0.0,0.0,0.0,0.0,1.0,0.0,0.0,9,158,0.89,0.22,0.11,0.02,0.0,0.0,0.0,0,2619.0
0,icmp,ecr_i,SF,1032,0,0,0,0,0,0,0,0,511,0.0,0.0,0.0,0.0,1.0,0.0,0.0,255,199,0.78,0.01,0.78,0.0,0.0,0.0,0.0,1,107553.0
21,tcp,smtp,SF,2388,399,0,0,1,0,0,0,0,1,0.0,0.0,0.0,0.0,1.0,0.0,0.0,197,149,0.62,0.02,0.01,0.01,0.0,0.01,0.0,0,47380.0
0,tcp,link,S0,0,0,0,0,0,0,0,0,0,220,1.0,1.0,0.0,0.0,0.01,0.06,0.0,255,2,0.01,0.07,0.0,0.0,1.0,1.0,0.0,1,15293.0
0,tcp,private,S0,0,0,0,0,0,0,0,0,0,46,1.0,1.0,0.0,0.0,0.2,0.11,0.0,255,10,0.04,0.07,0.0,0.0,1.0,1.0,0.0,1,43696.0
0,tcp,http,SF,222,273,0,0,1,0,0,0,0,2,0.0,0.0,0.0,0.0,1.0,0.0,0.5,2,255,1.0,0.0,0.5,0.01,0.0,0.0,0.0,0,29477.0
0,tcp,http,SF,143,9531,0,0,1,0,0,0,0,2,0.0,0.0,0.0,0.0,1.0,0.0,0.0,31,255,1.0,0.0,0.03,0.04,0.0,0.0,0.04,0,93737.0
0,tcp,http,SF,325,2077,0,0,1,0,0,0,0,11,0.0,0.0,0.0,0.0,1.0,0.0,0.17,255,255,1.0,0.0,0.0,0.0,0.0,0.0,0.0,0,119662.0
36510,tcp,private,RSTR,1,0,0,0,0,0,0,0,0,2,0.0,0.0,1.0,1.0,1.0,0.0,0.0,255,2,0.01,0.5,1.0,0.0,0.0,0.0,1.0,1,106476.0
0,tcp,gopher,REJ,0,0,0,0,0,0,0,0,0,133,0.0,0.0,1.0,1.0,0.03,0.09,0.0,255,4,0.02,0.09,0.0,0.0,0.0,0.0,1.0,1,48609.0
0,tcp,bgp,S0,0,0,0,0,0,0,0,0,0,221,1.0,1.0,0.0,0.0,0.02,0.06,0.0,255,16,0.06,0.07,0.0,0.0,1.0,1.0,0.0,1,14144.0
0,tcp,private,REJ,0,0,0,0,0,0,0,0,0,183,0.0,0.0,1.0,1.0,0.05,0.07,0.0,255,10,0.04,0.07,0.0,0.0,0.0,0.0,1.0,1,26096.0
0,tcp,http,SF,198,324,0,0,1,0,0,0,0,11,0.0,0.0,0.0,0.0,1.0,0.0,0.17,33,255,1.0,0.0,0.03,0.05,0.0,0.0,0.0,0,75102.0
3,tcp,smtp,SF,1657,330,0,0,1,0,0,0,0,1,0.0,0.0,0.0,0.0,1.0,0.0,0.0,38,15,0.39,0.11,0.03,0.0,0.0,0.0,0.0,0,101514.0
0,icmp,eco_i,SF,8,0,0,0,0,0,0,0,0,1,0.0,0.0,0.0,0.0,1.0,0.0,1.0,1,43,1.0,0.0,1.0,0.51,0.0,0.0,0.0,1,101701.0
0,tcp,http,SF,230,530,0,0,1,0,0,0,0,1,0.0,0.0,0.0,0.0,1.0,0.0,0.0,2,255,1.0,0.0,0.5,0.01,0.0,0.0,0.0,0,98848.0
0,udp,private,SF,1,0,0,0,0,0,0,0,0,20,0.0,0.0,0.0,0.0,0.75,0.2,0.0,255,15,0.06,0.22,1.0,0.0,0.0,0.0,0.0,1,16437.0
0,tcp,ftp_data,SF,2056,0,0,0,1,0,0,0,0,6,0.0,0.0,0.0,0.0,1.0,0.0,0.0,21,49,0.57,0.14,0.57,0.04,0.05,0.0,0.0,0,1556.0
0,tcp,ftp_data,S0,0,0,0,0,0,0,0,0,0,198,1.0,1.0,0.0,0.0,0.07,0.06,0.0,255,13,0.05,0.07,0.0,0.0,1.0,1.0,0.0,1,124507.0
0,icmp,ecr_i,SF,520,0,0,0,0,0,0,0,0,264,0.0,0.0,0.0,0.0,1.0,0.0,0.0,255,255,1.0,0.0,1.0,0.0,0.0,0.0,0.0,1,29664.0
0,udp,private,SF,215,0,0,0,0,0,0,0,0,1,0.0,0.0,0.0,0.0,1.0,0.0,0.0,187,155,0.83,0.01,0.83,0.0,0.0,0.0,0.0,1,61282.0
25,tcp,smtp,SF,13240,1429,0,0,1,0,0,0,0,1,0.0,0.0,0.0,0.0,1.0,0.0,0.0,65,164,0.26,0.03,0.02,0.02,0.0,0.0,0.0,0,56768.0
0,tcp,http,SF,337,1173,0,0,1,0,0,0,0,2,0.5,0.25,0.0,0.0,1.0,0.0,0.75,255,255,1.0,0.0,0.0,0.0,0.01,0.01,0.0,0,13752.0
0,tcp,other,S1,35040,0,0,0,1,0,0,0,0,20,0.1,1.0,0.0,0.0,0.05,0.35,0.0,196,1,0.01,0.09,0.25,0.0,0.02,1.0,0.0,0,109175.0
0,tcp,private,S0,0,0,0,0,0,0,0,0,0,190,1.0,1.0,0.0,0.0,0.03,0.06,0.0,51,4,0.08,0.18,0.02,0.0,0.73,1.0,0.0,1,121617.0
0,tcp,http,SF,246,294,0,0,1,0,0,0,0,33,0.0,0.0,0.0,0.0,1.0,0.0,0.0,255,255,1.0,0.0,0.0,0.0,0.0,0.0,0.0,0,62397.0
0,tcp,http,SF,309,751,0,0,1,0,0,0,0,4,0.0,0.0,0.0,0.0,1.0,0.0,0.17,73,255,1.0,0.0,0.01,0.04,0.0,0.0,0.0,0,77977.0
0,tcp,http,SF,215,3101,0,0,1,0,0,0,0,8,0.0,0.0,0.0,0.0,1.0,0.0,0.0,39,255,1.0,0.0,0.03,0.02,0.0,0.0,0.0,0,38259.0
0,tcp,http,SF,286,1329,0,0,1,0,0,0,0,7,0.0,0.0,0.0,0.0,1.0,0.0,0.27,26,255,1.0,0.0,0.04,0.04,0.0,0.0,0.0,0,27305.0
367,tcp,telnet,SF,292,8930,0,0,1,2,0,0,0,1,0.0,0.0,0.0,0.0,1.0,0.0,0.0,255,15,0.06,0.06,0.0,0.0,0.77,0.0,0.13,0,62321.0
0,tcp,ftp_data,SF,192,0,0,0,1,0,0,0,0,2,0.0,0.0,0.0,0.0,1.0,0.0,0.0,255,116,0.45,0.03,0.45,0.0,0.0,0.0,0.0,0,83492.0
0,udp,domain_u,SF,44,113,0,0,0,0,0,0,0,1,0.0,0.0,0.0,0.0,1.0,0.0,0.75,255,213,0.84,0.01,0.0,0.0,0.0,0.0,0.0,0,35604.0
0,tcp,ftp_data,SF,383,0,0,0,0,0,0,0,0,1,0.0,0.0,0.0,0.0,1.0,0.0,0.0,104,29,0.14,0.04,0.14,0.07,0.0,0.0,0.0,0,109359.0
0,tcp,http,SF,309,317,0,0,1,0,0,0,0,8,0.0,0.0,0.0,0.0,1.0,0.0,0.0,41,255,1.0,0.0,0.02,0.05,0.0,0.0,0.0,0,62632.0
0,icmp,eco_i,SF,8,0,0,0,0,0,0,0,0,1,0.0,0.0,0.0,0.0,1.0,0.0,1.0,2,56,1.0,0.0,1.0,0.5,0.0,0.0,0.0,1,58800.0
0,tcp,http,SF,148,2956,0,0,1,0,0,0,0,2,0.0,0.0,0.0,0.0,1.0,0.0,0.0,2,255,1.0,0.0,0.5,0.01,0.0,0.0,0.0,0,3206.0
0,tcp,klogin,S0,0,0,0,0,0,0,0,0,0,138,1.0,1.0,0.0,0.0,0.04,0.06,0.0,255,11,0.04,0.07,0.0,0.0,1.0,1.0,0.0,1,97552.0
0,tcp,http,SF,231,10499,0,0,1,0,0,0,0,14,0.0,0.0,0.0,0.0,1.0,0.0,0.0,255,255,1.0,0.0,0.0,0.0,0.0,0.0,0.0,0,112335.0
0,tcp,http,SF,200,2200,0,0,1,0,0,0,0,2,0.0,0.0,0.0,0.0,1.0,0.0,0.0,25,255,1.0,0.0,0.04,0.03,0.0,0.0,0.0,0,39742.0
0,tcp,http,SF,214,1326,0,0,1,0,0,0,0,10,0.0,0.0,0.0,0.0,1.0,0.0,0.12,66,255,1.0,0.0,0.02,0.03,0.0,0.0,0.0,0,40370.0
0,tcp,private,S0,0,0,0,0,0,0,0,0,0,136,1.0,1.0,0.0,0.0,0.04,0.06,0.0,82,15,0.18,0.13,0.01,0.0,1.0,1.0,0.0,1,120607.0
0,tcp,telnet,S0,0,0,0,0,0,0,0,0,0,234,1.0,1.0,0.0,0.0,0.01,0.06,0.0,255,3,0.01,0.06,0.0,0.0,1.0,1.0,0.0,1,105646.0
0,tcp,nnsp,S0,0,0,0,0,0,0,0,0,0,149,1.0,1.0,0.0,0.0,0.13,0.06,0.0,255,19,0.07,0.06,0.0,0.0,1.0,1.0,0.0,1,107494.0
0,tcp,csnet_ns,REJ,0,0,0,0,0,0,0,0,0,267,0.0,0.0,1.0,1.0,0.05,0.06,0.0,255,14,0.05,0.07,0.0,0.0,0.0,0.0,1.0,1,118515.0
0,icmp,ecr_i,SF,1032,0,0,0,0,0,0,0,0,511,0.0,0.0,0.0,0.0,1.0,0.0,0.0,255,191,0.75,0.15,0.75,0.0,0.0,0.0,0.0,1,112104.0
0,tcp,ctf,REJ,0,0,0,0,0,0,0,0,0,285,0.0,0.0,1.0,1.0,0.05,0.06,0.0,255,13,0.05,0.07,0.0,0.0,0.0,0.0,1.0,1,123487.0
0,icmp,ecr_i,SF,1032,0,0,0,0,0,0,0,0,367,0.0,0.0,0.0,0.0,1.0,0.0,0.0,255,200,0.78,0.02,0.78,0.0,0.0,0.0,0.0,1,18152.0
0,tcp,http,SF,305,633,0,0,1,0,0,0,0,2,0.0,0.0,0.0,0.0,1.0,0.0,0.67,113,255,1.0,0.0,0.01,0.03,0.0,0.0,0.0,0,108783.0
5712,udp,other,SF,146,105,0,0,0,0,0,0,0,1,0.0,0.0,0.0,0.0,1.0,0.0,0.0,255,2,0.01,0.65,0.95,0.0,0.0,0.0,0.0,0,118693.0
0,tcp,http,REJ,0,0,0,0,0,0,0,0,0,1,0.0,0.0,1.0,1.0,1.0,0.0,0.0,87,255,1.0,0.0,0.01,0.15,0.0,0.0,1.0,0,41294.0
0,tcp,private,S0,0,0,0,0,0,0,0,0,0,158,1.0,1.0,0.0,0.0,0.01,0.07,0.0,255,20,0.08,0.07,0.0,0.0,1.0,1.0,0.0,1,77592.0
0,tcp,private,S0,0,0,0,0,0,0,0,0,0,127,1.0,1.0,0.0,0.0,0.13,0.06,0.0,255,36,0.14,0.05,0.0,0.0,1.0,1.0,0.0,1,53038.0
0,icmp,ecr_i,SF,520,0,0,0,0,0,0,0,0,405,0.0,0.0,0.0,0.0,1.0,0.0,0.0,255,255,1.0,0.0,1.0,0.0,0.0,0.0,0.0,1,56040.0
0,tcp,finger,SF,8,138,0,0,0,0,0,0,0,1,0.0,0.0,0.0,0.0,1.0,0.0,0.0,61,14,0.02,0.08,0.02,0.14,0.0,0.07,0.0,0,76284.0
0,icmp,eco_i,SF,8,0,0,0,0,0,0,0,0,1,0.0,0.0,0.0,0.0,1.0,0.0,1.0,2,22,1.0,0.0,1.0,0.5,0.0,0.0,0.0,1,92307.0
0,tcp,http,REJ,0,0,0,0,0,0,0,0,0,18,0.0,0.0,0.83,0.83,1.0,0.0,0.0,36,122,1.0,0.0,0.03,0.16,0.0,0.01,0.86,0,5849.0
0,tcp,http,SF,310,6072,0,0,1,0,0,0,0,20,0.0,0.0,0.0,0.0,1.0,0.0,0.0,255,255,1.0,0.0,0.0,0.0,0.01,0.01,0.0,0,29531.0
0,udp,domain_u,SF,45,83,0,0,0,0,0,0,0,120,0.0,0.0,0.0,0.0,1.0,0.0,0.0,255,224,0.88,0.01,0.0,0.0,0.0,0.0,0.0,0,103599.0
0,icmp,eco_i,SF,8,0,0,0,0,0,0,0,0,1,0.0,0.0,0.0,0.0,1.0,0.0,1.0,1,49,1.0,0.0,1.0,0.53,0.0,0.0,0.0,1,57791.0
0,tcp,ftp_data,SF,59,0,0,0,0,0,0,0,0,13,0.0,0.0,0.0,0.0,1.0,0.0,0.0,255,19,0.07,0.07,0.07,0.0,0.86,0.0,0.0,0,45035.0
0,tcp,private,REJ,0,0,0,0,0,0,0,0,0,141,0.0,0.0,1.0,1.0,0.06,0.06,0.0,255,8,0.03,0.05,0.0,0.0,0.0,0.0,1.0,1,105172.0
0,tcp,courier,S0,0,0,0,0,0,0,0,0,0,101,1.0,1.0,0.0,0.0,0.05,0.06,0.0,255,5,0.02,0.06,0.0,0.0,1.0,1.0,0.0,1,116803.0
0,tcp,http,SF,322,104132,0,0,1,0,0,0,0,3,0.0,0.0,0.0,0.0,1.0,0.0,0.0,9,255,1.0,0.0,0.11,0.03,0.0,0.0,0.0,0,32780.0
0,tcp,pop_3,SF,35,130,0,0,1,0,0,0,0,1,0.0,0.0,0.0,0.0,1.0,0.0,0.0,71,3,0.03,0.07,0.01,0.67,0.0,0.0,0.0,0,124911.0
0,tcp,private,S0,0,0,0,0,0,0,0,0,0,118,1.0,1.0,0.0,0.0,0.03,0.09,0.0,255,3,0.01,0.07,0.0,0.0,1.0,1.0,0.0,1,87098.0
0,tcp,http,SF,208,2568,0,0,1,0,0,0,0,4,0.0,0.0,0.0,0.0,1.0,0.0,0.38,245,255,1.0,0.0,0.0,0.01,0.0,0.0,0.0,0,89439.0
0,tcp,http,SF,296,2531,0,0,1,0,0,0,0,5,0.0,0.0,0.0,0.0,1.0,0.0,0.0,148,148,1.0,0.0,0.01,0.0,0.0,0.0,0.0,0,13666.0
0,udp,domain_u,SF,44,75,0,0,0,0,0,0,0,118,0.0,0.0,0.0,0.0,1.0,0.0,0.0,255,253,0.99,0.01,0.01,0.0,0.0,0.0,0.0,0,72043.0
0,tcp,ftp_data,SF,3775,0,0,0,0,0,0,0,0,21,0.0,0.0,0.0,0.0,1.0,0.0,0.0,255,100,0.39,0.02,0.39,0.0,0.0,0.0,0.0,0,97077.0
4,tcp,smtp,SF,1030,333,0,0,1,0,0,0,0,1,0.0,0.0,0.0,0.0,1.0,0.0,0.0,16,183,1.0,0.0,0.06,0.02,0.0,0.0,0.0,0,90839.0
0,tcp,private,REJ,0,0,0,0,0,0,0,0,0,182,0.0,0.0,1.0,1.0,0.09,0.07,0.0,255,16,0.06,0.07,0.0,0.0,0.0,0.0,1.0,1,61622.0
0,tcp,ftp_data,SF,334,0,0,0,1,0,0,0,0,2,0.0,0.0,0.0,0.0,1.0,0.0,0.0,10,47,1.0,0.0,1.0,0.13,0.0,0.0,0.0,1,44292.0
0,tcp,http,SF,210,263,0,0,1,0,0,0,0,13,0.0,0.0,0.0,0.04,1.0,0.0,0.21,255,255,1.0,0.0,0.0,0.0,0.0,0.0,0.0,0,41759.0
0,tcp,http,SF,209,1645,0,0,1,0,0,0,0,1,0.0,0.0,0.0,0.0,1.0,0.0,0.0,91,255,1.0,0.0,0.01,0.04,0.0,0.0,0.0,0,98043.0
0,udp,domain_u,SF,43,127,0,0,0,0,0,0,0,71,0.0,0.0,0.0,0.0,1.0,0.0,0.01,255,254,1.0,0.01,0.0,0.0,0.0,0.0,0.0,0,20476.0
0,tcp,bgp,S0,0,0,0,0,0,0,0,0,0,118,1.0,1.0,0.0,0.0,0.08,0.06,0.0,255,10,0.04,0.05,0.0,0.0,1.0,1.0,0.0,1,14201.0
0,udp,domain_u,SF,46,72,0,0,0,0,0,0,0,135,0.0,0.0,0.0,0.0,0.99,0.01,0.0,255,254,1.0,0.01,0.01,0.0,0.0,0.0,0.0,0,35105.0
0,tcp,http,SF,251,1973,0,0,1,0,0,0,0,22,0.0,0.0,0.0,0.0,1.0,0.0,0.0,255,255,1.0,0.0,0.01,0.0,0.0,0.0,0.0,0,93990.0
0,tcp,http,SF,207,622,0,0,1,0,0,0,0,22,0.0,0.0,0.0,0.0,1.0,0.0,0.07,55,255,1.0,0.0,0.02,0.04,0.0,0.0,0.0,0,109282.0
0,tcp,http,REJ,0,0,0,0,0,0,0,0,0,1,0.0,0.0,1.0,1.0,1.0,0.0,1.0,1,83,1.0,0.0,1.0,0.16,0.0,0.0,1.0,0,87965.0
0,tcp,http,SF,218,630,0,0,1,0,0,0,0,7,0.0,0.0,0.0,0.0,1.0,0.0,0.0,255,255,1.0,0.0,0.0,0.0,0.0,0.0,0.0,0,94191.0
0,tcp,http,SF,149,436,0,0,1,0,0,0,0,1,0.0,0.0,0.0,0.0,1.0,0.0,0.0,2,255,1.0,0.0,0.5,0.03,0.0,0.01,0.01,0,72112.0
0,tcp,http,S0,0,0,0,0,0,0,0,0,0,2,0.5,0.5,0.0,0.0,1.0,0.0,0.0,2,255,1.0,0.0,1.0,0.04,0.5,0.0,0.0,0,2503.0
6,tcp,auth,SF,10,37,0,0,0,0,0,0,0,3,0.0,0.0,0.0,0.0,0.33,0.67,0.0,255,8,0.03,0.03,0.0,0.0,0.0,0.0,0.0,0,75921.0
0,tcp,other,REJ,0,0,0,0,0,0,0,0,0,509,0.08,0.0,0.91,1.0,0.0,0.95,0.0,255,1,0.0,0.91,0.0,0.0,0.08,0.0,1.0,1,53393.0
3,tcp,smtp,SF,746,320,0,0,1,0,0,0,0,1,0.0,0.0,0.0,0.0,1.0,0.0,1.0,19,164,0.42,0.11,0.05,0.01,0.0,0.0,0.0,0,90240.0
0,tcp,efs,S0,0,0,0,0,0,0,0,0,0,142,1.0,1.0,0.0,0.0,0.04,0.06,0.0,255,5,0.02,0.06,0.0,0.0,1.0,1.0,0.0,1,8095.0
8,tcp,smtp,SF,11915,1361,0,0,1,0,0,0,0,1,0.0,0.0,0.0,0.0,1.0,0.0,0.0,50,189,0.54,0.08,0.02,0.01,0.0,0.0,0.0,0,67220.0
0,tcp,private,S0,0,0,0,0,0,0,0,0,0,192,1.0,1.0,0.0,0.0,0.02,0.06,0.0,255,15,0.06,0.07,0.0,0.0,1.0,1.0,0.0,1,42354.0
0,tcp,csnet_ns,S0,0,0,0,0,0,0,0,0,0,200,1.0,1.0,0.0,0.0,0.0,0.06,0.0,255,1,0.0,0.06,0.0,0.0,1.0,1.0,0.0,1,99996.0
0,tcp,http,SF,200,260,0,0,1,0,0,0,0,9,0.0,0.0,0.0,0.0,1.0,0.0,0.0,196,255,1.0,0.0,0.01,0.01,0.0,0.0,0.0,0,117493.0
0,tcp,finger,S0,0,0,0,0,0,0,0,0,0,299,1.0,1.0,0.0,0.0,0.06,0.06,0.0,255,7,0.03,0.07,0.0,0.0,1.0,1.0,0.0,1,18923.0
0,tcp,http,SF,255,379,0,0,1,0,0,0,0,1,0.0,0.0,0.0,0.0,1.0,0.0,0.0,255,255,1.0,0.0,0.0,0.0,0.0,0.0,0.0,0,44948.0
0,tcp,private,REJ,0,0,0,0,0,0,0,0,0,128,0.0,0.0,1.0,1.0,0.05,0.07,0.0,255,4,0.02,0.07,0.0,0.0,0.0,0.0,1.0,1,110684.0
0,tcp,private,REJ,0,0,0,0,0,0,0,0,0,110,0.0,0.0,1.0,1.0,0.05,0.07,0.0,255,25,0.1,0.06,0.0,0.0,0.0,0.0,1.0,1,33917.0
0,tcp,finger,SF,10,0,0,0,0,0,0,0,0,1,0.0,0.0,0.0,0.0,1.0,0.0,0.0,101,12,0.06,0.02,0.01,0.17,0.0,0.0,0.0,0,74311.0
0,tcp,http,REJ,0,0,0,0,0,0,0,0,0,1,0.0,0.0,1.0,1.0,1.0,0.0,1.0,11,255,1.0,0.0,0.09,0.09,0.0,0.0,0.65,0,57348.0
0,tcp,http,SF,179,14515,0,0,1,0,0,0,0,5,0.0,0.0,0.0,0.0,1.0,0.0,0.0,240,255,1.0,0.0,0.0,0.02,0.01,0.01,0.0,0,81889.0
0,tcp,http,SF,330,1161,0,0,1,0,0,0,0,18,0.0,0.0,0.0,0.0,1.0,0.0,0.15,52,215,1.0,0.0,0.02,0.03,0.0,0.0,0.0,0,112834.0
0,tcp,ftp,SF,1249,2451,0,28,1,0,0,0,0,1,0.0,0.0,0.0,0.0,1.0,0.0,0.0,255,104,0.41,0.02,0.0,0.0,0.0,0.0,0.0,1,112092.0
0,tcp,login,S0,0,0,0,0,0,0,0,0,0,27,1.0,1.0,0.0,0.0,0.41,0.11,0.0,255,11,0.04,0.07,0.0,0.0,1.0,1.0,0.0,1,55748.0
0,tcp,http,SF,258,1747,0,0,1,0,0,0,0,10,0.0,0.0,0.0,0.0,1.0,0.0,0.1,95,255,1.0,0.0,0.01,0.01,0.0,0.0,0.0,0,12486.0
0,tcp,http,SF,218,6776,0,0,1,0,0,0,0,11,0.0,0.0,0.0,0.0,1.0,0.0,0.17,27,255,1.0,0.0,0.04,0.03,0.0,0.0,0.0,0,964.0
0,tcp,http,RSTR,54540,8314,0,2,1,1,0,0,0,4,0.0,0.0,0.5,0.67,1.0,0.0,0.5,255,255,1.0,0.0,0.01,0.0,0.01,0.01,0.04,1,21656.0
0,tcp,ftp_data,SF,676,0,0,0,0,0,0,0,0,1,0.0,0.0,0.0,0.0,1.0,0.0,0.0,1,4,1.0,0.0,1.0,0.5,0.0,0.0,0.0,1,77534.0
0,tcp,http,SF,191,1496,0,0,1,0,0,0,0,6,0.0,0.0,0.0,0.0,1.0,0.0,0.12,40,230,1.0,0.0,0.03,0.06,0.0,0.0,0.0,0,58888.0
0,tcp,uucp_path,REJ,0,0,0,0,0,0,0,0,0,203,0.0,0.0,1.0,1.0,0.01,0.07,0.0,255,2,0.01,0.07,0.0,0.0,0.0,0.0,1.0,1,95908.0
0,tcp,ftp_data,S0,0,0,0,0,0,0,0,0,0,1,1.0,1.0,0.0,0.0,1.0,0.0,0.0,255,44,0.17,0.05,0.0,0.0,1.0,1.0,0.0,1,62286.0
0,tcp,private,REJ,0,0,0,0,0,0,0,0,0,133,0.0,0.0,1.0,1.0,0.11,0.06,0.0,255,27,0.11,0.07,0.0,0.0,0.0,0.0,1.0,1,103201.0
0,tcp,http_443,S0,0,0,0,0,0,0,0,0,0,119,1.0,1.0,0.0,0.0,0.17,0.05,0.0,255,14,0.05,0.06,0.0,0.0,1.0,1.0,0.0,1,9777.0
0,tcp,http,SF,199,468,0,0,1,0,0,0,0,1,0.0,0.0,0.0,0.0,1.0,0.0,0.33,7,255,1.0,0.0,0.14,0.03,0.0,0.01,0.0,0,106838.0
0,tcp,http_443,S0,0,0,0,0,0,0,0,0,0,233,1.0,1.0,0.0,0.0,0.06,0.05,0.0,255,14,0.05,0.06,0.0,0.0,1.0,1.0,0.0,1,12765.0
0,tcp,http,SF,262,12922,0,0,1,0,0,0,0,11,0.0,0.0,0.0,0.0,1.0,0.0,0.0,60,255,1.0,0.0,0.02,0.02,0.0,0.0,0.0,0,103312.0
0,tcp,http,SF,299,1808,0,0,1,0,0,0,0,17,0.0,0.0,0.0,0.0,1.0,0.0,0.08,208,255,1.0,0.0,0.0,0.01,0.0,0.0,0.0,0,78338.0
0,tcp,http,SF,218,509,0,0,1,0,0,0,0,4,0.0,0.0,0.0,0.0,1.0,0.0,0.0,48,255,1.0,0.0,0.02,0.04,0.0,0.0,0.0,0,103807.0
0,tcp,http,SF,206,1043,0,0,1,0,0,0,0,12,0.0,0.0,0.0,0.0,1.0,0.0,0.0,109,255,1.0,0.0,0.01,0.05,0.0,0.0,0.0,0,19501.0
0,tcp,http,SF,244,261,0,0,1,0,0,0,0,29,0.0,0.0,0.0,0.0,1.0,0.0,0.0,107,255,1.0,0.0,0.01,0.05,0.0,0.0,0.0,0,46941.0
0,tcp,finger,S0,0,0,0,0,0,0,0,0,0,11,0.91,0.75,0.09,0.25,0.27,0.45,0.5,255,51,0.2,0.04,0.02,0.0,1.0,1.0,0.0,1,66788.0
0,tcp,http,SF,304,981,0,0,1,0,0,0,0,3,0.0,0.0,0.0,0.0,1.0,0.0,0.28,29,255,1.0,0.0,0.03,0.06,0.0,0.0,0.0,0,69771.0
0,tcp,http,SF,270,9531,0,0,1,0,0,0,0,1,0.0,0.0,0.0,0.0,1.0,0.0,0.0,255,255,1.0,0.0,0.0,0.0,0.0,0.0,0.0,0,62517.0
0,udp,private,SF,1,74,0,0,0,0,0,0,0,24,0.0,0.0,0.0,0.0,0.42,0.12,0.0,255,10,0.04,0.76,0.25,0.0,0.16,0.0,0.0,1,78271.0
0,tcp,ftp,S0,0,0,0,0,0,0,0,0,0,269,1.0,1.0,0.0,0.0,0.07,0.06,0.0,255,18,0.07,0.06,0.0,0.0,1.0,1.0,0.0,1,49199.0
0,icmp,eco_i,SF,8,0,0,0,0,0,0,0,0,1,0.0,0.0,0.0,0.0,1.0,0.0,1.0,3,63,1.0,0.0,1.0,0.25,0.0,0.0,0.0,1,22614.0
0,tcp,http,SF,329,876,0,0,1,0,0,0,0,1,0.0,0.0,0.0,0.0,1.0,0.0,0.0,1,255,1.0,0.0,1.0,0.03,0.0,0.0,0.0,0,95564.0
0,tcp,http,SF,347,90976,0,0,1,0,0,0,0,32,0.0,0.0,0.0,0.0,1.0,0.0,0.0,255,255,1.0,0.0,0.0,0.0,0.0,0.0,0.0,0,114437.0
0,tcp,smtp,SF,1983,494,0,0,1,0,0,0,0,1,0.0,0.0,0.0,0.0,1.0,0.0,1.0,68,190,0.94,0.04,0.01,0.03,0.0,0.0,0.0,0,12292.0
0,tcp,finger,S0,0,0,0,0,0,0,0,0,0,43,1.0,1.0,0.0,0.0,0.23,0.09,0.0,255,63,0.25,0.02,0.02,0.0,1.0,1.0,0.0,1,18595.0
0,icmp,eco_i,SF,30,0,0,0,0,0,0,0,0,2,0.0,0.0,0.0,0.0,1.0,0.0,0.0,203,203,1.0,0.0,1.0,0.0,0.0,0.0,0.0,0,17269.0
0,tcp,private,S0,0,0,0,0,0,0,0,0,0,145,1.0,1.0,0.0,0.0,0.05,0.05,0.0,255,7,0.03,0.04,0.0,0.0,1.0,1.0,0.0,1,37167.0
0,udp,domain_u,SF,46,75,0,0,0,0,0,0,0,139,0.0,0.0,0.0,0.0,1.0,0.0,0.0,255,202,0.79,0.01,0.0,0.0,0.0,0.0,0.0,0,74873.0
0,udp,domain_u,SF,44,128,0,0,0,0,0,0,0,139,0.0,0.0,0.0,0.0,1.0,0.0,0.02,255,255,1.0,0.0,0.0,0.0,0.0,0.0,0.0,0,37390.0
0,icmp,ecr_i,SF,1032,0,0,0,0,0,0,0,0,511,0.0,0.0,0.0,0.0,1.0,0.0,0.0,255,17,0.07,0.05,0.07,0.0,0.35,0.0,0.0,1,13858.0
0,tcp,private,S0,0,0,0,0,0,0,0,0,0,48,1.0,1.0,0.0,0.0,0.27,0.12,0.0,255,13,0.05,0.08,0.0,0.0,1.0,1.0,0.0,1,52897.0
0,udp,domain_u,SF,45,134,0,0,0,0,0,0,0,137,0.0,0.0,0.0,0.0,1.0,0.0,0.01,255,255,1.0,0.0,0.0,0.0,0.0,0.0,0.0,0,74761.0
0,tcp,auth,SF,10,36,0,0,1,0,0,0,0,2,0.0,0.0,0.0,0.0,0.5,1.0,0.0,1,12,1.0,0.0,1.0,0.25,0.0,0.0,0.0,0,84847.0
0,tcp,smtp,SF,8769,369,0,0,1,0,0,0,0,1,0.0,0.0,0.0,0.0,1.0,0.0,0.0,3,160,1.0,0.0,0.33,0.01,0.0,0.0,0.0,0,7174.0
0,icmp,eco_i,SF,8,0,0,0,0,0,0,0,0,1,0.0,0.0,0.0,0.0,1.0,0.0,1.0,2,36,1.0,0.0,1.0,0.5,0.0,0.0,0.0,1,110132.0
0,udp,domain_u,SF,43,131,0,0,0,0,0,0,0,2,0.0,0.0,0.0,0.0,1.0,0.0,0.0,124,72,0.58,0.03,0.01,0.0,0.0,0.0,0.0,0,97500.0
0,tcp,http,SF,215,1062,0,0,1,0,0,0,0,6,0.0,0.0,0.0,0.0,1.0,0.0,0.0,6,255,1.0,0.0,0.17,0.04,0.0,0.01,0.0,0,820.0
0,tcp,http,SF,149,657,0,0,1,0,0,0,0,1,0.0,0.0,0.0,0.0,1.0,0.0,1.0,2,255,1.0,0.0,0.5,0.01,0.0,0.0,0.0,0,58620.0
0,tcp,private,S0,0,0,0,0,0,0,0,0,0,101,0.99,1.0,0.0,0.0,0.01,0.08,0.0,255,6,0.02,0.07,0.0,0.0,1.0,1.0,0.0,1,12612.0
0,tcp,private,S0,0,0,0,0,0,0,0,0,0,204,1.0,1.0,0.0,0.0,0.01,0.06,0.0,65,2,0.03,0.15,0.02,0.0,0.78,1.0,0.0,1,115969.0
0,tcp,whois,S0,0,0,0,0,0,0,0,0,0,127,1.0,1.0,0.0,0.0,0.02,0.08,0.0,255,2,0.01,0.07,0.0,0.0,1.0,1.0,0.0,1,97572.0
0,tcp,http,SF,220,12381,0,0,1,0,0,0,0,1,0.0,0.0,0.0,0.0,1.0,0.0,0.0,3,255,1.0,0.0,0.33,0.04,0.33,0.02,0.0,0,43983.0
0,tcp,private,S0,0,0,0,0,0,0,0,0,0,207,1.0,1.0,0.0,0.0,0.02,0.05,0.0,67,5,0.07,0.12,0.01,0.0,0.97,1.0,0.0,1,105420.0
0,udp,domain_u,SF,46,128,0,0,0,0,0,0,0,72,0.0,0.0,0.0,0.0,1.0,0.0,0.01,255,216,0.85,0.01,0.0,0.0,0.0,0.0,0.0,0,64179.0
0,tcp,sql_net,REJ,0,0,0,0,0,0,0,0,0,269,0.0,0.0,1.0,1.0,0.02,0.06,0.0,255,6,0.02,0.06,0.0,0.0,0.0,0.0,1.0,1,53429.0
0,tcp,http,SF,233,22780,0,0,1,0,0,0,0,13,0.0,0.0,0.0,0.0,1.0,0.0,0.0,79,255,1.0,0.0,0.01,0.05,0.0,0.0,0.0,0,65562.0
0,tcp,private,S0,0,0,0,0,0,0,0,0,0,246,1.0,1.0,0.0,0.0,0.03,0.06,0.0,255,12,0.05,0.07,0.0,0.0,1.0,1.0,0.0,1,91934.0
0,tcp,private,S0,0,0,0,0,0,0,0,0,0,109,1.0,1.0,0.0,0.0,0.1,0.05,0.0,255,11,0.04,0.04,0.0,0.0,1.0,1.0,0.0,1,62423.0
0,tcp,http,SF,375,1856,0,0,1,0,0,0,0,3,0.0,0.0,0.0,0.0,1.0,0.0,0.0,223,255,1.0,0.0,0.0,0.01,0.0,0.0,0.0,0,17019.0
0,tcp,private,REJ,0,0,0,0,0,0,0,0,0,149,0.0,0.0,1.0,1.0,0.13,0.06,0.0,174,20,0.11,0.06,0.01,0.0,0.0,0.0,1.0,1,51998.0
0,tcp,private,RSTR,0,0,0,0,0,0,0,0,0,1,0.0,0.0,1.0,1.0,1.0,0.0,0.0,255,1,0.0,0.47,0.45,0.0,0.0,0.0,1.0,1,112084.0
0,udp,private,SF,105,146,0,0,0,0,0,0,0,5,0.0,0.0,0.0,0.0,0.2,0.6,0.0,255,230,0.9,0.01,0.01,0.0,0.0,0.0,0.0,0,49238.0
0,tcp,private,S0,0,0,0,0,0,0,0,0,0,276,1.0,1.0,0.0,0.0,0.07,0.07,0.0,255,20,0.08,0.08,0.01,0.0,1.0,1.0,0.0,1,103042.0
1,tcp,smtp,SF,11244,940,0,0,1,0,0,0,0,1,0.0,0.0,0.0,0.0,1.0,0.0,0.0,164,47,0.03,0.01,0.01,0.04,0.0,0.0,0.0,0,104843.0
0,tcp,http,SF,207,1581,0,0,1,0,0,0,0,34,0.0,0.0,0.0,0.0,1.0,0.0,0.1,139,255,1.0,0.0,0.01,0.02,0.0,0.0,0.0,0,104579.0
0,tcp,uucp,S0,0,0,0,0,0,0,0,0,0,111,1.0,1.0,0.0,0.0,0.12,0.07,0.0,255,13,0.05,0.07,0.0,0.0,1.0,1.0,0.0,1,109050.0
0,udp,domain_u,SF,43,69,0,0,0,0,0,0,0,183,0.0,0.0,0.0,0.0,1.0,0.0,0.0,255,200,0.78,0.01,0.0,0.0,0.0,0.0,0.0,0,107318.0
0,tcp,http,SF,197,1612,0,0,1,0,0,0,0,18,0.0,0.0,0.0,0.0,1.0,0.0,0.14,62,255,1.0,0.0,0.02,0.01,0.0,0.0,0.0,0,103884.0
0,icmp,eco_i,SF,8,0,0,0,0,0,0,0,0,1,0.0,0.0,0.0,0.0,1.0,0.0,1.0,1,129,1.0,0.0,1.0,0.51,0.0,0.0,0.0,1,32287.0
1,tcp,smtp,SF,3731,328,0,0,1,0,0,0,0,1,0.0,0.0,0.0,0.0,1.0,0.0,0.0,255,152,0.6,0.03,0.0,0.0,0.0,0.0,0.0,0,1609.0
0,tcp,http,SF,252,3395,0,0,1,0,0,0,0,1,0.0,0.0,0.0,0.0,1.0,0.0,0.0,111,255,1.0,0.0,0.01,0.02,0.0,0.0,0.0,0,103338.0
0,tcp,http,SF,264,9794,0,0,1,0,0,0,0,12,0.0,0.0,0.0,0.0,1.0,0.0,0.0,86,255,1.0,0.0,0.01,0.01,0.0,0.0,0.0,0,93228.0
0,udp,private,SF,28,0,3,0,0,0,0,0,0,40,0.0,0.0,0.0,0.0,1.0,0.0,0.0,255,40,0.16,0.02,0.16,0.0,0.0,0.0,0.0,1,8700.0
0,tcp,systat,S0,0,0,0,0,0,0,0,0,0,240,1.0,1.0,0.0,0.0,0.08,0.05,0.0,255,20,0.08,0.06,0.0,0.0,1.0,1.0,0.0,1,115739.0
0,tcp,private,S0,0,0,0,0,0,0,0,0,0,129,1.0,1.0,0.0,0.0,0.11,0.06,0.0,255,13,0.05,0.06,0.0,0.0,1.0,1.0,0.0,1,69093.0
0,tcp,smtp,SF,1710,375,0,0,1,0,0,0,0,1,0.0,0.0,0.0,0.0,1.0,0.0,0.0,179,126,0.35,0.39,0.01,0.02,0.0,0.0,0.0,1,51737.0
0,tcp,private,S0,0,0,0,0,0,0,0,0,0,269,1.0,1.0,0.0,0.0,0.06,0.07,0.0,255,17,0.07,0.07,0.0,0.0,1.0,1.0,0.0,1,114254.0
0,tcp,sql_net,S0,0,0,0,0,0,0,0,0,0,101,1.0,1.0,0.0,0.0,0.1,0.05,0.0,255,10,0.04,0.04,0.0,0.0,1.0,1.0,0.0,1,40475.0
0,tcp,private,REJ,0,0,0,0,0,0,0,0,0,207,0.09,0.0,0.9,1.0,0.0,1.0,0.0,255,1,0.0,0.91,0.0,0.0,0.07,0.0,1.0,1,15215.0
0,tcp,smtp,SF,1109,332,0,0,1,0,0,0,0,1,0.0,0.0,0.0,0.0,1.0,0.0,0.0,120,138,0.39,0.04,0.01,0.01,0.0,0.0,0.0,0,99217.0
0,tcp,http,SF,215,296,0,0,1,0,0,0,0,13,0.0,0.0,0.0,0.0,1.0,0.0,0.15,70,255,1.0,0.0,0.01,0.04,0.0,0.0,0.0,0,31878.0
0,tcp,ftp,S0,0,0,0,0,0,0,0,0,0,294,1.0,1.0,0.0,0.0,0.08,0.05,0.0,255,23,0.09,0.05,0.0,0.0,1.0,1.0,0.0,1,27558.0
0,tcp,courier,S0,0,0,0,0,0,0,0,0,0,107,1.0,1.0,0.0,0.0,0.07,0.06,0.0,255,7,0.03,0.05,0.0,0.0,1.0,1.0,0.0,1,13710.0
0,tcp,finger,SF,8,147,0,0,0,0,0,0,0,1,0.0,0.0,0.0,0.0,1.0,0.0,0.0,255,27,0.11,0.02,0.0,0.0,0.25,0.59,0.0,0,86987.0
0,udp,domain_u,SF,45,74,0,0,0,0,0,0,0,138,0.0,0.0,0.0,0.0,1.0,0.0,0.02,255,226,0.89,0.01,0.0,0.0,0.0,0.0,0.0,0,87525.0
0,icmp,eco_i,SF,30,0,0,0,0,0,0,0,0,1,0.0,0.0,0.0,0.0,1.0,0.0,0.0,58,131,1.0,0.0,1.0,0.29,0.0,0.0,0.0,0,98375.0
17339,tcp,other,RSTR,1,0,0,0,0,0,0,0,0,2,0.0,0.0,1.0,1.0,1.0,0.0,0.0,255,2,0.01,0.73,1.0,0.0,0.0,0.0,1.0,1,31431.0
0,tcp,http,SF,373,3427,0,0,1,0,0,0,0,19,0.0,0.0,0.0,0.0,1.0,0.0,0.08,255,255,1.0,0.0,0.0,0.0,0.0,0.0,0.0,0,85964.0
0,tcp,bgp,S0,0,0,0,0,0,0,0,0,0,203,1.0,1.0,0.0,0.0,0.01,0.07,0.0,255,2,0.01,0.07,0.0,0.0,1.0,1.0,0.0,1,23768.0
0,tcp,http,SF,311,1164,0,0,1,0,0,0,0,2,0.0,0.0,0.0,0.0,1.0,0.0,0.0,2,255,1.0,0.0,0.5,0.04,0.0,0.0,0.0,0,45180.0
0,icmp,eco_i,SF,8,0,0,0,0,0,0,0,0,1,0.0,0.0,0.0,0.0,1.0,0.0,1.0,1,129,1.0,0.0,1.0,0.51,0.0,0.0,0.0,1,121841.0
0,tcp,http,SF,312,693,0,0,1,0,0,0,0,3,0.0,0.0,0.0,0.0,1.0,0.0,0.0,101,255,1.0,0.0,0.01,0.02,0.0,0.0,0.0,0,67938.0
0,tcp,http,SF,251,11485,0,0,1,0,0,0,0,25,0.0,0.0,0.0,0.0,1.0,0.0,0.0,255,255,1.0,0.0,0.0,0.0,0.0,0.0,0.0,0,37778.0
0,tcp,http,SF,207,1918,0,0,1,0,0,0,0,6,0.0,0.0,0.0,0.0,1.0,0.0,0.0,64,255,1.0,0.0,0.02,0.03,0.0,0.0,0.0,0,38383.0
0,tcp,http,REJ,0,0,0,0,0,0,0,0,0,1,0.0,0.0,1.0,1.0,1.0,0.0,0.0,34,255,1.0,0.0,0.03,0.07,0.0,0.0,0.99,0,104533.0
0,tcp,http,SF,243,5483,0,0,1,0,0,0,0,3,0.0,0.2,0.0,0.0,1.0,0.0,0.4,11,255,1.0,0.0,0.09,0.1,0.0,0.01,0.0,0,66750.0
0,tcp,time,S0,0,0,0,0,0,0,0,0,0,263,1.0,1.0,0.0,0.0,0.06,0.05,0.0,255,15,0.06,0.05,0.0,0.0,1.0,1.0,0.0,1,103890.0
0,tcp,sql_net,REJ,0,0,0,0,0,0,0,0,0,185,0.0,0.0,1.0,1.0,0.09,0.07,0.0,255,17,0.07,0.07,0.0,0.0,0.0,0.0,1.0,1,58397.0
0,tcp,rje,S0,0,0,0,0,0,0,0,0,0,205,1.0,1.0,0.0,0.0,0.04,0.07,0.0,255,8,0.03,0.06,0.0,0.0,1.0,1.0,0.0,1,43185.0
0,tcp,uucp_path,S0,0,0,0,0,0,0,0,0,0,229,1.0,1.0,0.0,0.0,0.09,0.06,0.0,255,21,0.08,0.06,0.0,0.0,1.0,1.0,0.0,1,94128.0
0,tcp,time,S0,0,0,0,0,0,0,0,0,0,202,1.0,1.0,0.0,0.0,0.05,0.06,0.0,255,10,0.04,0.06,0.0,0.0,1.0,1.0,0.0,1,105092.0
0,tcp,name,REJ,0,0,0,0,0,0,0,0,0,100,0.0,0.0,1.0,1.0,0.02,0.08,0.0,255,2,0.01,0.08,0.0,0.0,0.0,0.0,1.0,1,72267.0
0,tcp,ftp_data,SF,12,0,0,0,1,0,0,0,0,2,0.0,0.0,0.0,0.0,1.0,0.0,0.0,11,88,0.36,0.27,0.36,0.02,0.0,0.01,0.0,0,282.0
0,tcp,http,REJ,0,0,0,0,0,0,0,0,0,1,0.0,0.0,1.0,1.0,1.0,0.0,0.0,3,165,1.0,0.0,0.33,0.24,0.0,0.0,1.0,0,82635.0
0,tcp,private,S0,0,0,0,0,0,0,0,0,0,135,1.0,1.0,0.0,0.0,0.1,0.06,0.0,191,14,0.07,0.06,0.01,0.0,1.0,1.0,0.0,1,52173.0
0,tcp,private,S0,0,0,0,0,0,0,0,0,0,103,1.0,1.0,0.0,0.0,0.17,0.06,0.0,255,17,0.07,0.07,0.0,0.0,1.0,1.0,0.0,1,76965.0
0,tcp,private,REJ,0,0,0,0,0,0,0,0,0,369,0.06,0.0,0.92,1.0,0.0,1.0,0.0,255,1,0.0,1.0,0.0,0.0,0.09,0.0,1.0,1,92544.0
0,tcp,private,S0,0,0,0,0,0,0,0,0,0,281,1.0,1.0,0.0,0.0,0.05,0.05,0.0,255,13,0.05,0.07,0.0,0.0,1.0,1.0,0.0,1,49877.0
0,tcp,http,SF,251,3810,0,0,1,0,0,0,0,12,0.0,0.0,0.0,0.0,1.0,0.0,0.15,255,255,1.0,0.0,0.0,0.0,0.0,0.0,0.0,0,17421.0
0,tcp,private,S0,0,0,0,0,0,0,0,0,0,146,1.0,1.0,0.0,0.0,0.03,0.06,0.0,255,2,0.01,0.07,0.0,0.0,1.0,1.0,0.0,1,7130.0
0,tcp,private,S0,0,0,0,0,0,0,0,0,0,140,1.0,1.0,0.0,0.0,0.03,0.06,0.0,255,3,0.01,0.07,0.0,0.0,1.0,1.0,0.0,1,30826.0
0,tcp,http,S0,0,0,0,0,0,0,0,0,0,2,0.5,0.5,0.0,0.0,1.0,0.0,0.0,8,255,1.0,0.0,0.25,0.05,0.12,0.01,0.0,0,98974.0
0,tcp,link,S0,0,0,0,0,0,0,0,0,0,136,1.0,1.0,0.0,0.0,0.1,0.06,0.0,255,4,0.02,0.08,0.0,0.0,1.0,1.0,0.0,1,94825.0
0,tcp,domain,REJ,0,0,0,0,0,0,0,0,0,254,0.0,0.0,1.0,1.0,0.06,0.06,0.0,255,14,0.05,0.08,0.0,0.0,0.0,0.0,1.0,1,40692.0
0,tcp,private,S0,0,0,0,0,0,0,0,0,0,167,1.0,1.0,0.0,0.0,0.06,0.06,0.0,255,19,0.07,0.06,0.0,0.0,1.0,1.0,0.0,1,30478.0
0,tcp,smtp,SF,2605,334,0,0,1,0,0,0,0,1,0.0,0.0,0.0,0.0,1.0,0.0,0.0,21,192,0.95,0.1,0.05,0.02,0.0,0.01,0.0,0,50011.0
0,tcp,http,SF,331,480,0,0,1,0,0,0,0,8,0.0,0.0,0.0,0.0,1.0,0.0,0.27,115,255,1.0,0.0,0.01,0.02,0.0,0.0,0.0,0,45088.0
0,tcp,http,SF,287,3413,0,0,1,0,0,0,0,15,0.0,0.0,0.0,0.0,1.0,0.0,0.0,255,255,1.0,0.0,0.0,0.0,0.0,0.0,0.0,0,76319.0
0,icmp,ecr_i,SF,1032,0,0,0,0,0,0,0,0,98,0.0,0.0,0.0,0.0,1.0,0.0,0.0,255,98,0.38,0.02,0.38,0.0,0.0,0.0,0.0,1,102474.0
0,tcp,http,SF,200,3623,0,0,1,0,0,0,0,3,0.0,0.0,0.0,0.0,1.0,0.0,0.4,5,255,1.0,0.0,0.2,0.02,0.0,0.0,0.0,0,42209.0
0,tcp,http,SF,393,6303,0,0,1,0,0,0,0,1,0.0,0.0,0.0,0.0,1.0,0.0,0.5,10,255,1.0,0.0,0.1,0.06,0.0,0.0,0.0,0,56452.0
5,tcp,smtp,SF,951,330,0,0,1,0,0,0,0,1,0.0,0.0,0.0,0.0,1.0,0.0,1.0,72,48,0.67,0.04,0.01,0.0,0.0,0.0,0.0,0,22375.0
0,tcp,http,SF,232,5124,0,0,1,0,0,0,0,2,0.0,0.0,0.0,0.0,1.0,0.0,0.0,30,255,1.0,0.0,0.03,0.03,0.0,0.0,0.0,0,20446.0
0,tcp,supdup,S0,0,0,0,0,0,0,0,0,0,154,1.0,1.0,0.0,0.0,0.03,0.06,0.0,255,5,0.02,0.06,0.0,0.0,1.0,1.0,0.0,1,39904.0
0,tcp,gopher,S0,0,0,0,0,0,0,0,0,0,275,1.0,1.0,0.0,0.0,0.03,0.06,0.0,255,8,0.03,0.06,0.0,0.0,1.0,1.0,0.0,1,100321.0
0,tcp,private,S0,0,0,0,0,0,0,0,0,0,109,1.0,1.0,0.0,0.0,0.16,0.06,0.0,255,19,0.07,0.06,0.0,0.0,1.0,1.0,0.0,1,114636.0
0,tcp,other,REJ,0,0,0,0,0,0,0,0,0,511,0.33,0.0,0.67,1.0,0.0,1.0,0.0,255,1,0.0,1.0,0.0,0.0,0.24,0.0,1.0,1,21183.0
0,tcp,other,REJ,0,0,0,0,0,0,0,0,0,511,0.14,0.0,0.86,1.0,0.0,1.0,0.0,255,1,0.0,1.0,0.0,0.0,0.25,0.0,1.0,1,108405.0
0,tcp,http,SF,193,7936,0,0,1,0,0,0,0,1,0.0,0.0,0.0,0.0,1.0,0.0,0.0,255,255,1.0,0.0,0.0,0.0,0.0,0.0,0.0,0,66526.0
0,icmp,ecr_i,SF,1032,0,0,0,0,0,0,0,0,511,0.0,0.0,0.0,0.0,1.0,0.0,0.0,255,131,0.51,0.04,0.51,0.0,0.0,0.0,0.0,1,76816.0
0,tcp,http,SF,207,1275,0,0,1,0,0,0,0,2,0.0,0.0,0.0,0.0,1.0,0.0,0.0,2,255,1.0,0.0,0.5,0.05,0.0,0.0,0.0,0,91201.0
0,tcp,smtp,SF,788,328,0,0,1,0,0,0,0,1,0.0,0.0,0.0,0.0,1.0,0.0,0.0,45,124,0.4,0.07,0.02,0.02,0.0,0.0,0.0,0,62473.0
0,tcp,hostnames,S0,0,0,0,0,0,0,0,0,0,286,1.0,1.0,0.0,0.0,0.05,0.06,0.0,255,14,0.05,0.07,0.0,0.0,1.0,1.0,0.0,1,38097.0
0,tcp,http,SF,173,2424,0,0,1,0,0,0,0,4,0.25,0.33,0.0,0.0,1.0,0.0,0.33,10,255,1.0,0.0,0.1,0.02,0.1,0.0,0.0,0,6211.0
0,tcp,http,S0,0,0,0,0,0,0,0,0,0,251,1.0,1.0,0.0,0.0,0.08,0.06,0.0,255,19,0.07,0.06,0.0,0.0,1.0,1.0,0.0,1,82885.0
0,udp,domain_u,SF,46,77,0,0,0,0,0,0,0,125,0.0,0.0,0.0,0.0,1.0,0.0,0.0,255,255,1.0,0.0,0.01,0.0,0.0,0.0,0.0,0,122477.0
0,udp,private,SF,1,0,0,0,0,0,0,0,0,5,0.0,0.0,0.0,0.0,1.0,0.0,0.0,255,5,0.02,0.21,1.0,0.0,0.0,0.0,0.0,1,13275.0
0,tcp,private,S0,0,0,0,0,0,0,0,0,0,117,1.0,1.0,0.0,0.0,0.11,0.06,0.0,255,13,0.05,0.05,0.0,0.0,1.0,1.0,0.0,1,64424.0
0,udp,private,SF,28,0,3,0,0,0,0,0,0,10,0.0,0.0,0.0,0.0,1.0,0.0,0.0,213,10,0.05,0.05,0.05,0.0,0.02,0.0,0.0,1,80869.0
2,tcp,smtp,SF,2317,338,0,0,1,0,0,0,0,1,0.0,0.0,0.0,0.0,1.0,0.0,0.0,56,145,0.8,0.05,0.02,0.01,0.0,0.0,0.0,0,89904.0
0,tcp,ftp_data,SF,749,0,0,0,1,0,0,0,0,2,0.0,0.0,0.0,0.0,1.0,0.0,0.0,18,17,0.44,0.11,0.44,0.12,0.0,0.0,0.0,0,67253.0
0,tcp,nnsp,S0,0,0,0,0,0,0,0,0,0,143,1.0,1.0,0.0,0.0,0.02,0.06,0.0,255,7,0.03,0.07,0.0,0.0,1.0,1.0,0.0,1,118645.0
0,tcp,http,SF,266,1866,0,0,1,0,0,0,0,14,0.0,0.0,0.0,0.0,1.0,0.0,0.0,33,255,1.0,0.0,0.03,0.03,0.0,0.0,0.0,0,29511.0
0,tcp,http,SF,295,2446,0,0,1,0,0,0,0,8,0.0,0.0,0.0,0.0,1.0,0.0,0.0,255,255,1.0,0.0,0.0,0.0,0.0,0.0,0.0,0,52254.0
0,icmp,eco_i,SF,8,0,0,0,0,0,0,0,0,1,0.0,0.0,0.0,0.0,1.0,0.0,1.0,2,54,1.0,0.0,1.0,0.52,0.0,0.0,0.0,1,6020.0
0,icmp,eco_i,SF,8,0,0,0,0,0,0,0,0,1,0.0,0.0,0.0,0.0,1.0,0.0,1.0,1,65,1.0,0.0,1.0,0.52,0.0,0.0,0.0,1,74004.0
0,udp,domain_u,SF,44,78,0,0,0,0,0,0,0,217,0.0,0.0,0.0,0.0,1.0,0.0,0.0,255,254,1.0,0.01,0.0,0.0,0.0,0.0,0.0,0,31094.0
0,tcp,telnet,S0,0,0,0,0,0,0,0,0,0,2,1.0,1.0,0.0,0.0,0.5,1.0,0.0,255,61,0.24,0.02,0.0,0.0,1.0,1.0,0.0,1,114253.0
0,tcp,http,SF,224,2043,0,0,1,0,0,0,0,4,0.0,0.0,0.0,0.0,1.0,0.0,0.0,255,255,1.0,0.0,0.0,0.0,0.0,0.0,0.0,0,50308.0
0,tcp,http,SF,206,997,0,0,1,0,0,0,0,14,0.0,0.0,0.0,0.0,1.0,0.0,0.0,255,255,1.0,0.0,0.0,0.0,0.0,0.0,0.0,0,38830.0
0,tcp,netbios_ns,S0,0,0,0,0,0,0,0,0,0,133,1.0,1.0,0.0,0.0,0.12,0.06,0.0,255,16,0.06,0.06,0.0,0.0,1.0,1.0,0.0,1,88154.0
0,tcp,http,REJ,0,0,0,0,0,0,0,0,0,1,0.0,0.0,1.0,1.0,1.0,0.0,1.0,43,238,1.0,0.0,0.02,0.24,0.0,0.0,1.0,0,14576.0
13201,tcp,other,RSTR,1,0,0,0,0,0,0,0,0,2,0.0,0.0,1.0,1.0,1.0,0.0,0.0,255,2,0.01,0.68,1.0,0.0,0.0,0.0,1.0,1,63596.0
0,icmp,urp_i,SF,78,0,0,0,0,0,0,0,0,26,0.0,0.0,0.0,0.0,0.15,0.08,0.0,255,13,0.05,0.01,0.05,0.0,0.0,0.0,0.0,0,98639.0
2,tcp,finger,SF,7,138,0,0,0,0,0,0,0,1,0.0,0.0,0.0,0.0,1.0,0.0,0.0,53,8,0.08,0.06,0.02,0.25,0.0,0.0,0.0,0,51790.0
0,tcp,private,REJ,0,0,0,0,0,0,0,0,0,135,0.0,0.0,1.0,1.0,0.1,0.06,0.0,255,11,0.04,0.08,0.0,0.0,0.0,0.0,1.0,1,76984.0
1,tcp,smtp,SF,1068,327,0,0,1,0,0,0,0,1,0.0,0.0,0.0,0.0,1.0,0.0,1.0,17,185,0.82,0.18,0.06,0.01,0.0,0.0,0.0,0,3161.0
0,tcp,private,REJ,0,0,0,0,0,0,0,0,0,1,0.0,0.0,1.0,1.0,1.0,0.0,0.0,15,2,0.07,1.0,0.07,1.0,0.0,0.0,1.0,1,9757.0
0,tcp,private,S0,0,0,0,0,0,0,0,0,0,162,1.0,1.0,0.0,0.0,0.07,0.06,0.0,255,12,0.05,0.07,0.0,0.0,1.0,1.0,0.0,1,6658.0
0,udp,domain_u,SF,44,75,0,0,0,0,0,0,0,258,0.0,0.0,0.0,0.0,1.0,0.01,0.01,255,242,0.95,0.01,0.0,0.0,0.0,0.0,0.0,0,98399.0
0,tcp,http,SF,339,832,0,0,1,0,0,0,0,11,0.0,0.0,0.0,0.0,1.0,0.0,0.0,11,118,1.0,0.0,0.09,0.12,0.0,0.01,0.0,0,67687.0
36,tcp,ftp,SF,238,769,0,4,1,0,0,0,0,2,0.0,0.0,0.0,0.0,0.5,1.0,0.0,166,36,0.22,0.04,0.01,0.0,0.0,0.0,0.0,0,84921.0
0,tcp,domain,S0,0,0,0,0,0,0,0,0,0,271,1.0,1.0,0.0,0.0,0.05,0.06,0.0,255,4,0.02,0.08,0.0,0.0,1.0,1.0,0.0,1,31588.0
0,tcp,ftp_data,SF,334,0,0,0,1,0,0,0,0,2,0.0,0.0,0.0,0.0,1.0,0.0,0.0,8,38,0.75,0.25,0.75,0.16,0.0,0.0,0.0,1,93176.0
0,tcp,http,SF,221,10656,0,0,1,0,0,0,0,1,0.0,0.0,0.0,0.0,1.0,0.0,0.17,5,255,1.0,0.0,0.2,0.02,0.0,0.0,0.0,0,90753.0
0,tcp,ftp_data,SF,501760,0,0,0,1,0,0,0,0,2,0.0,0.0,0.0,0.0,1.0,0.0,0.0,189,76,0.2,0.02,0.2,0.03,0.0,0.0,0.0,0,95478.0
0,tcp,smtp,SF,919,332,0,0,1,0,0,0,0,1,0.0,0.0,0.0,0.0,1.0,0.0,0.0,61,164,0.79,0.07,0.02,0.01,0.0,0.0,0.04,0,115429.0
0,tcp,http,SF,221,188,0,0,1,0,0,0,0,4,0.25,0.25,0.0,0.0,1.0,0.0,0.0,3,255,1.0,0.0,0.33,0.03,0.0,0.0,0.0,0,117095.0
0,tcp,private,REJ,0,0,0,0,0,0,0,0,0,1,0.0,0.0,1.0,1.0,1.0,0.0,0.0,71,2,0.01,1.0,0.01,1.0,0.0,0.0,1.0,1,26106.0
0,tcp,http,SF,222,1701,0,0,1,0,0,0,0,3,0.0,0.0,0.0,0.0,1.0,0.0,0.21,255,255,1.0,0.0,0.0,0.0,0.0,0.0,0.0,0,38397.0
0,udp,domain_u,SF,45,117,0,0,0,0,0,0,0,140,0.0,0.0,0.0,0.0,1.0,0.0,0.0,255,255,1.0,0.0,0.0,0.0,0.0,0.0,0.0,0,22675.0
0,tcp,http,SF,341,4291,0,0,1,0,0,0,0,17,0.0,0.0,0.0,0.0,1.0,0.0,0.0,56,255,1.0,0.0,0.02,0.01,0.0,0.0,0.0,0,1908.0
0,tcp,bgp,S0,0,0,0,0,0,0,0,0,0,225,1.0,1.0,0.0,0.0,0.02,0.06,0.0,255,16,0.06,0.06,0.0,0.0,1.0,1.0,0.0,1,7750.0
0,icmp,ecr_i,SF,1480,0,1,0,0,0,0,0,0,1,0.0,0.0,0.0,0.0,1.0,0.0,0.67,1,151,1.0,0.0,1.0,0.08,0.0,0.0,0.0,1,114016.0
0,tcp,private,REJ,0,0,0,0,0,0,0,0,0,2,0.0,0.0,1.0,1.0,0.5,1.0,0.0,255,1,0.0,0.92,0.91,0.0,0.0,0.0,1.0,1,83124.0
0,udp,domain_u,SF,45,71,0,0,0,0,0,0,0,182,0.0,0.0,0.0,0.0,1.0,0.0,0.0,255,255,1.0,0.0,0.01,0.0,0.0,0.0,0.0,0,37453.0
0,udp,other,SF,1,0,0,0,0,0,0,0,0,18,0.0,0.0,0.0,0.0,0.11,0.5,0.0,255,2,0.01,0.29,0.81,0.0,0.0,0.0,0.0,1,124834.0
0,tcp,private,S0,0,0,0,0,0,0,0,0,0,140,1.0,1.0,0.0,0.0,0.09,0.06,0.0,86,12,0.14,0.09,0.01,0.0,1.0,1.0,0.0,1,91350.0
0,tcp,ftp_data,SF,3909,0,0,0,1,0,0,0,0,5,0.0,0.0,0.0,0.0,1.0,0.0,0.0,255,50,0.2,0.05,0.2,0.0,0.38,0.0,0.0,0,77829.0
0,tcp,private,OTH,0,0,0,0,0,0,0,0,0,1,0.0,0.0,0.0,0.0,1.0,0.0,0.0,164,1,0.01,0.71,0.71,0.0,0.04,0.0,0.0,1,35009.0
0,tcp,http,SF,220,334,0,0,1,0,0,0,0,7,0.0,0.0,0.0,0.0,1.0,0.0,0.2,19,255,1.0,0.0,0.05,0.08,0.0,0.0,0.0,0,121275.0
0,udp,other,SF,147,0,0,0,0,0,0,0,0,5,0.0,0.0,0.0,0.0,0.2,0.6,0.0,255,1,0.0,0.41,0.91,0.0,0.0,0.0,0.0,0,30299.0
0,tcp,http,SF,277,1313,0,0,1,0,0,0,0,8,0.0,0.0,0.0,0.0,1.0,0.0,0.0,22,255,1.0,0.0,0.05,0.05,0.0,0.0,0.0,0,8899.0
0,tcp,ftp_data,SF,245,0,0,0,1,0,0,1,0,2,0.0,0.0,0.0,0.0,1.0,0.0,0.0,192,118,0.43,0.03,0.43,0.02,0.0,0.0,0.0,0,11423.0
0,tcp,http,SF,317,12822,0,0,1,0,0,0,0,15,0.0,0.0,0.0,0.0,1.0,0.0,0.17,255,255,1.0,0.0,0.0,0.0,0.0,0.0,0.0,0,89262.0
0,udp,private,SF,28,0,3,0,0,0,0,0,0,71,0.01,0.0,0.0,0.0,0.99,0.03,0.0,255,70,0.27,0.01,0.27,0.0,0.0,0.0,0.0,1,58559.0
0,tcp,http,SF,265,1656,0,0,1,0,0,0,0,7,0.0,0.0,0.0,0.0,1.0,0.0,0.25,174,255,1.0,0.0,0.01,0.04,0.01,0.01,0.0,0,104352.0
0,udp,private,SF,1,0,0,0,0,0,0,0,0,30,0.0,0.0,0.0,0.0,0.03,0.13,0.0,255,1,0.0,0.08,0.22,0.0,0.0,0.0,0.0,1,35483.0
0,tcp,http,SF,318,6967,0,0,1,0,0,0,0,3,0.0,0.0,0.0,0.0,1.0,0.0,0.0,106,255,1.0,0.0,0.01,0.04,0.0,0.0,0.0,0,60247.0
0,tcp,finger,S0,0,0,0,0,0,0,0,0,0,67,1.0,1.0,0.0,0.0,0.25,0.06,0.0,229,59,0.25,0.02,0.02,0.03,0.99,0.97,0.0,1,111812.0
0,icmp,eco_i,SF,8,0,0,0,0,0,0,0,0,1,0.0,0.0,0.0,0.0,1.0,0.0,1.0,1,99,1.0,0.0,1.0,0.51,0.0,0.0,0.0,1,63341.0
0,tcp,exec,RSTO,0,0,0,0,0,0,0,0,0,141,0.0,0.0,1.0,1.0,0.09,0.06,0.0,255,12,0.05,0.07,0.0,0.0,0.0,0.0,1.0,1,78622.0
0,tcp,auth,S0,0,0,0,0,0,0,0,0,0,200,1.0,1.0,0.0,0.0,0.01,0.05,0.0,255,2,0.01,0.05,0.0,0.0,1.0,1.0,0.0,1,25019.0
0,tcp,http,SF,245,6961,0,0,1,0,0,0,0,1,0.0,0.0,0.0,0.0,1.0,0.0,0.0,1,255,1.0,0.0,1.0,0.02,0.0,0.0,0.0,0,123041.0
0,tcp,http,SF,160,556,0,0,1,0,0,0,0,1,0.0,0.0,0.0,0.0,1.0,0.0,0.0,234,255,1.0,0.0,0.0,0.02,0.0,0.0,0.0,0,111084.0
0,udp,private,SF,105,147,0,0,0,0,0,0,0,8,0.0,0.0,0.0,0.0,0.12,0.25,0.0,255,250,0.98,0.01,0.01,0.0,0.0,0.0,0.0,0,7798.0
0,tcp,discard,RSTO,0,0,0,0,0,0,0,0,0,267,0.0,0.0,1.0,1.0,0.04,0.06,0.0,255,11,0.04,0.07,0.0,0.0,0.0,0.0,1.0,1,121929.0
25,tcp,telnet,SF,269,2333,0,0,1,0,0,2,0,1,0.0,0.0,0.0,0.0,1.0,0.0,0.0,69,2,0.03,0.06,0.01,0.0,0.0,0.0,0.0,1,66007.0
3,tcp,smtp,SF,250736,331,0,0,1,0,0,0,0,1,0.0,0.0,0.0,0.0,1.0,0.0,1.0,218,137,0.63,0.02,0.0,0.0,0.0,0.0,0.0,0,67314.0
4,tcp,ftp_data,SF,832,0,0,0,1,0,0,0,0,1,0.0,0.0,0.0,0.0,1.0,0.0,0.0,3,38,1.0,0.0,1.0,0.16,0.0,0.03,0.0,1,110542.0
0,udp,domain_u,SF,36,96,0,0,0,0,0,0,0,2,0.0,0.0,0.0,0.0,1.0,0.0,0.33,31,21,0.68,0.1,0.06,0.0,0.0,0.0,0.0,0,47898.0
0,tcp,netstat,S0,0,0,0,0,0,0,0,0,0,287,1.0,1.0,0.0,0.0,0.09,0.05,0.0,255,25,0.1,0.05,0.0,0.0,1.0,1.0,0.0,1,11735.0
0,tcp,http,SF,303,304,0,0,1,0,0,0,0,2,0.0,0.0,0.0,0.0,1.0,0.0,0.0,75,255,1.0,0.0,0.01,0.01,0.0,0.0,0.0,0,81115.0
0,udp,private,SF,1,0,0,0,0,0,0,0,0,31,0.0,0.0,0.0,0.0,0.06,0.13,0.0,255,2,0.01,0.26,0.95,0.0,0.0,0.0,0.0,1,103607.0
0,tcp,http,SF,167,8159,0,0,1,0,0,0,0,1,0.0,0.0,0.0,0.0,1.0,0.0,1.0,85,255,1.0,0.0,0.01,0.02,0.0,0.0,0.0,0,13338.0
0,tcp,telnet,S0,0,0,0,0,0,0,0,0,0,33,1.0,1.0,0.0,0.0,0.45,0.06,0.0,57,19,0.3,0.05,0.02,0.11,0.96,0.79,0.0,1,121129.0
0,tcp,private,S0,0,0,0,0,0,0,0,0,0,189,1.0,1.0,0.0,0.0,0.01,0.08,0.0,255,1,0.0,0.08,0.0,0.0,1.0,1.0,0.0,1,123012.0
0,tcp,ftp_data,SF,383,0,0,0,0,0,0,0,0,2,0.0,0.0,0.0,0.0,1.0,0.0,0.0,61,49,0.05,0.08,0.05,0.04,0.0,0.0,0.0,0,50901.0
0,tcp,ldap,S0,0,0,0,0,0,0,0,0,0,216,1.0,1.0,0.0,0.0,0.06,0.06,0.0,255,12,0.05,0.06,0.0,0.0,1.0,1.0,0.0,1,29025.0
0,udp,domain_u,SF,44,134,0,0,0,0,0,0,0,37,0.0,0.0,0.0,0.0,1.0,0.0,0.02,239,185,0.77,0.01,0.0,0.0,0.0,0.0,0.0,0,30069.0
0,tcp,other,SF,6601,0,0,0,0,0,0,0,0,18,0.06,0.0,0.0,0.0,0.06,0.72,0.0,255,1,0.0,0.06,0.45,0.0,0.0,0.0,0.0,0,88108.0
0,tcp,telnet,RSTO,126,179,0,1,0,0,0,0,0,2,0.0,0.0,1.0,1.0,1.0,0.0,0.0,11,11,1.0,0.0,0.09,0.0,0.09,0.09,0.91,1,54606.0
0,tcp,private,S0,0,0,0,0,0,0,0,0,0,250,1.0,1.0,0.0,0.0,0.05,0.06,0.0,255,20,0.08,0.08,0.0,0.0,1.0,1.0,0.0,1,95578.0
0,tcp,telnet,S0,0,0,0,0,0,0,0,0,0,14,1.0,1.0,0.0,0.0,0.07,0.36,0.0,255,11,0.04,0.08,0.0,0.0,1.0,1.0,0.0,1,43126.0
0,tcp,klogin,S0,0,0,0,0,0,0,0,0,0,49,1.0,1.0,0.0,0.0,0.27,0.06,0.0,255,13,0.05,0.05,0.0,0.0,1.0,1.0,0.0,1,125126.0
0,udp,domain_u,SF,45,45,0,0,0,0,0,0,0,84,0.0,0.0,0.0,0.0,1.0,0.0,0.02,255,255,1.0,0.0,0.01,0.0,0.0,0.0,0.0,0,98978.0
0,tcp,telnet,S0,0,0,0,0,0,0,0,0,0,233,1.0,1.0,0.0,0.0,0.07,0.05,0.0,255,17,0.07,0.06,0.0,0.0,1.0,1.0,0.0,1,5541.0
0,tcp,private,S0,0,0,0,0,0,0,0,0,0,130,1.0,1.0,0.0,0.0,0.11,0.06,0.0,255,10,0.04,0.08,0.0,0.0,1.0,1.0,0.0,1,94968.0
0,tcp,http,SF,316,579,0,0,1,0,0,0,0,2,0.0,0.0,0.0,0.0,1.0,0.0,0.0,6,255,1.0,0.0,0.17,0.04,0.0,0.0,0.0,0,38852.0
0,tcp,http,SF,225,1406,0,0,1,0,0,0,0,17,0.0,0.0,0.0,0.0,1.0,0.0,0.12,141,255,1.0,0.0,0.01,0.02,0.0,0.0,0.0,0,125459.0
0,tcp,private,S0,0,0,0,0,0,0,0,0,0,119,1.0,1.0,0.0,0.0,0.06,0.06,0.0,255,17,0.07,0.07,0.0,0.0,1.0,1.0,0.0,1,46180.0
0,tcp,finger,S0,0,0,0,0,0,0,0,0,0,21,1.0,1.0,0.0,0.0,0.29,0.19,0.0,255,63,0.25,0.02,0.01,0.0,1.0,1.0,0.0,1,33483.0
0,tcp,finger,S0,0,0,0,0,0,0,0,0,0,63,1.0,1.0,0.0,0.0,0.25,0.06,0.0,255,61,0.24,0.02,0.0,0.0,1.0,1.0,0.0,1,25127.0
0,tcp,http,SF,326,1231,0,0,1,0,0,0,0,13,0.0,0.0,0.0,0.0,1.0,0.0,0.05,13,255,1.0,0.0,0.08,0.01,0.0,0.0,0.0,0,96507.0
0,icmp,eco_i,SF,18,0,0,0,0,0,0,0,0,1,0.0,0.0,0.0,0.0,1.0,0.0,0.0,1,193,1.0,0.0,1.0,1.0,0.0,0.0,0.0,1,105524.0
0,tcp,http,SF,224,1265,0,0,1,0,0,0,0,14,0.0,0.0,0.0,0.0,1.0,0.0,0.0,57,255,1.0,0.0,0.02,0.01,0.0,0.0,0.0,0,17658.0
0,tcp,systat,RSTR,0,0,0,0,0,0,0,0,0,1,0.0,0.0,1.0,1.0,1.0,0.0,0.0,141,1,0.01,0.1,0.15,0.0,0.0,0.0,1.0,1,28030.0
0,tcp,http,SF,209,765,0,0,1,0,0,0,0,1,0.0,0.0,0.0,0.0,1.0,0.0,1.0,108,255,1.0,0.0,0.01,0.02,0.0,0.0,0.0,0,124928.0
0,udp,private,SF,105,147,0,0,0,0,0,0,0,1,0.0,0.0,0.0,0.0,1.0,0.0,0.0,86,85,0.99,0.02,0.01,0.0,0.0,0.0,0.0,0,2607.0
0,tcp,uucp_path,S0,0,0,0,0,0,0,0,0,0,235,1.0,1.0,0.0,0.0,0.02,0.06,0.0,255,5,0.02,0.06,0.0,0.0,1.0,1.0,0.0,1,115145.0
0,tcp,hostnames,S0,0,0,0,0,0,0,0,0,0,140,1.0,1.0,0.0,0.0,0.09,0.06,0.0,255,6,0.02,0.07,0.0,0.0,1.0,1.0,0.0,1,120214.0
0,udp,private,SF,1,0,0,0,0,0,0,0,0,11,0.0,0.0,0.0,0.0,0.09,0.45,0.0,255,1,0.0,0.75,0.29,0.0,0.03,0.0,0.0,1,121475.0
0,udp,domain_u,SF,42,42,0,0,0,0,0,0,0,14,0.0,0.0,0.0,0.0,1.0,0.0,0.23,255,244,0.96,0.01,0.01,0.0,0.0,0.0,0.0,0,96083.0
0,tcp,private,REJ,0,0,0,0,0,0,0,0,0,334,0.03,0.0,0.96,1.0,0.0,1.0,0.0,255,1,0.0,1.0,0.0,0.0,0.04,0.0,1.0,1,12453.0
0,udp,domain_u,SF,45,130,0,0,0,0,0,0,0,174,0.0,0.0,0.0,0.0,0.99,0.01,0.01,176,137,0.78,0.02,0.01,0.0,0.0,0.0,0.0,0,119229.0
0,udp,private,SF,1,0,0,0,0,0,0,0,0,13,0.0,0.0,0.0,0.0,0.46,0.15,0.0,255,34,0.13,0.55,0.48,0.0,0.16,0.0,0.0,1,93827.0
0,icmp,eco_i,SF,30,0,0,0,0,0,0,0,0,1,0.0,0.0,0.0,0.0,1.0,0.0,0.0,14,91,1.0,0.0,1.0,0.44,0.0,0.0,0.0,0,58658.0
0,tcp,http,SF,324,2165,0,0,1,0,0,0,0,15,0.0,0.0,0.0,0.0,1.0,0.0,0.0,181,255,1.0,0.0,0.01,0.02,0.0,0.0,0.0,0,4151.0
0,tcp,ftp_data,SF,1830,0,0,0,1,0,0,0,0,5,0.0,0.0,0.0,0.0,1.0,0.0,0.0,137,87,0.27,0.04,0.27,0.02,0.0,0.0,0.0,0,37879.0
0,tcp,private,REJ,0,0,0,0,0,0,0,0,0,161,0.05,0.0,0.94,1.0,0.01,1.0,0.0,255,1,0.0,0.8,0.0,0.0,0.03,0.0,1.0,1,42463.0
0,tcp,http,SF,368,534,0,0,1,0,0,0,0,10,0.0,0.0,0.0,0.0,1.0,0.0,0.0,255,255,1.0,0.0,0.0,0.0,0.0,0.0,0.0,0,52576.0
0,tcp,http,SF,344,1751,0,0,1,0,0,0,0,7,0.0,0.0,0.0,0.0,1.0,0.0,0.0,255,255,1.0,0.0,0.0,0.0,0.0,0.0,0.0,0,57036.0
0,tcp,uucp_path,S0,0,0,0,0,0,0,0,0,0,261,1.0,1.0,0.0,0.0,0.03,0.06,0.0,255,9,0.04,0.07,0.0,0.0,1.0,1.0,0.0,1,37466.0
0,tcp,private,S0,0,0,0,0,0,0,0,0,0,286,1.0,1.0,0.0,0.0,0.02,0.06,0.0,255,7,0.03,0.06,0.0,0.0,1.0,1.0,0.0,1,37965.0
6096,tcp,IRC,RSTR,1113,5267,0,0,1,0,0,0,0,2,0.0,0.0,0.5,1.0,0.5,1.0,0.0,162,32,0.2,0.02,0.01,0.0,0.0,0.0,0.78,0,118099.0
0,tcp,private,REJ,0,0,0,0,0,0,0,0,0,117,0.0,0.0,1.0,1.0,0.17,0.05,0.0,255,20,0.08,0.06,0.0,0.0,0.0,0.0,1.0,1,79372.0
0,tcp,http,SF,214,4704,0,0,1,0,0,0,0,13,0.0,0.0,0.08,0.03,1.0,0.0,0.16,68,255,1.0,0.0,0.01,0.02,0.0,0.0,0.0,0,43076.0
0,tcp,mtp,S0,0,0,0,0,0,0,0,0,0,232,1.0,1.0,0.0,0.0,0.0,0.06,0.0,255,1,0.0,0.07,0.0,0.0,1.0,1.0,0.0,1,20834.0
0,tcp,http,SF,231,2842,0,0,1,0,0,0,0,4,0.25,0.06,0.0,0.0,1.0,0.0,0.11,4,255,1.0,0.0,0.25,0.01,0.25,0.0,0.0,0,24465.0
0,udp,private,SF,105,146,0,0,0,0,0,0,0,5,0.0,0.0,0.0,0.0,0.2,0.4,0.0,255,233,0.91,0.01,0.0,0.0,0.0,0.0,0.0,0,24360.0
0,tcp,http,REJ,0,0,0,0,0,0,0,0,0,1,0.0,0.0,1.0,1.0,1.0,0.0,0.0,40,127,1.0,0.0,0.03,0.16,0.0,0.0,1.0,0,95960.0
0,icmp,ecr_i,SF,1032,0,0,0,0,0,0,0,0,511,0.0,0.0,0.0,0.0,1.0,0.0,0.0,191,97,0.51,0.04,0.51,0.0,0.01,0.0,0.0,1,106940.0
0,udp,domain_u,SF,45,73,0,0,0,0,0,0,0,308,0.0,0.0,0.0,0.0,1.0,0.0,0.0,255,219,0.86,0.01,0.0,0.0,0.0,0.0,0.0,0,124579.0
0,tcp,auth,S0,0,0,0,0,0,0,0,0,0,119,1.0,1.0,0.0,0.0,0.13,0.05,0.0,255,15,0.06,0.05,0.0,0.0,1.0,1.0,0.0,1,89576.0
0,udp,private,SF,28,0,3,0,0,0,0,0,0,58,0.0,0.0,0.0,0.0,1.0,0.0,0.0,255,58,0.23,0.64,0.23,0.0,0.01,0.0,0.0,1,28943.0
0,tcp,private,S0,0,0,0,0,0,0,0,0,0,53,1.0,1.0,0.0,0.0,0.25,0.09,0.0,255,13,0.05,0.08,0.0,0.0,1.0,1.0,0.0,1,84779.0
0,tcp,http,SF,240,345,0,0,1,0,0,0,0,13,0.0,0.0,0.0,0.0,1.0,0.0,0.1,109,255,1.0,0.0,0.01,0.02,0.0,0.0,0.0,0,102219.0
0,tcp,http,SF,259,5481,0,0,1,0,0,0,0,18,0.0,0.0,0.0,0.0,1.0,0.0,0.1,144,255,1.0,0.0,0.01,0.02,0.0,0.01,0.12,0,63097.0
0,tcp,http,SF,231,571,0,0,1,0,0,0,0,19,0.0,0.0,0.0,0.0,1.0,0.0,0.0,70,255,1.0,0.0,0.01,0.01,0.0,0.0,0.0,0,111063.0
0,tcp,http,SF,336,2240,0,0,1,0,0,0,0,7,0.0,0.07,0.14,0.07,1.0,0.0,0.27,7,255,1.0,0.0,0.14,0.02,0.0,0.0,0.0,0,92522.0
0,tcp,http,SF,288,462,0,0,1,0,0,0,0,26,0.0,0.0,0.0,0.0,1.0,0.0,0.11,255,255,1.0,0.0,0.0,0.0,0.0,0.0,0.0,0,74661.0
13,tcp,X11,SF,405412,38492,0,0,1,0,0,0,0,1,0.0,0.0,0.0,0.0,1.0,0.0,0.0,255,18,0.07,0.03,0.0,0.0,0.0,0.0,0.0,0,19500.0
0,icmp,ecr_i,SF,520,0,0,0,0,0,0,0,0,33,0.0,0.0,0.0,0.0,1.0,0.0,0.0,255,255,1.0,0.0,1.0,0.0,0.0,0.0,0.0,1,72103.0
0,icmp,eco_i,SF,18,0,0,0,0,0,0,0,0,1,0.0,0.0,0.0,0.0,1.0,0.0,0.0,2,122,1.0,0.0,1.0,0.25,0.0,0.0,0.0,1,41838.0
0,tcp,http,SF,311,1237,0,0,1,0,0,0,0,19,0.0,0.0,0.0,0.0,1.0,0.0,0.0,255,255,1.0,0.0,0.0,0.0,0.0,0.0,0.0,0,104101.0
0,tcp,private,REJ,0,0,0,0,0,0,0,0,0,299,0.0,0.0,1.0,1.0,0.07,0.05,0.0,255,20,0.08,0.06,0.0,0.0,0.0,0.0,1.0,1,22401.0
0,tcp,http,SF,161,128,0,0,1,0,0,0,0,1,0.0,0.0,0.0,0.0,1.0,0.0,0.0,1,255,1.0,0.0,1.0,0.05,0.0,0.0,0.0,0,105152.0
0,tcp,auth,S0,0,0,0,0,0,0,0,0,0,229,1.0,1.0,0.0,0.0,0.06,0.06,0.0,255,14,0.05,0.07,0.0,0.0,1.0,1.0,0.0,1,16784.0
0,tcp,http,SF,354,3404,0,0,1,0,0,0,0,7,0.14,0.14,0.0,0.0,1.0,0.0,0.0,255,255,1.0,0.0,0.0,0.0,0.0,0.0,0.0,0,37174.0
0,tcp,private,S0,0,0,0,0,0,0,0,0,0,141,1.0,1.0,0.0,0.0,0.07,0.06,0.0,255,10,0.04,0.07,0.0,0.0,1.0,1.0,0.0,1,22386.0
0,tcp,http,SF,228,3446,0,0,1,0,0,0,0,1,0.0,0.0,0.0,0.0,1.0,0.0,0.25,31,255,1.0,0.0,0.03,0.04,0.0,0.0,0.06,0,106501.0
0,tcp,http,SF,293,728,0,0,1,0,0,0,0,22,0.0,0.0,0.0,0.0,1.0,0.0,0.06,255,255,1.0,0.0,0.0,0.0,0.0,0.0,0.0,0,80252.0
0,tcp,http,SF,179,7931,0,0,1,0,0,0,0,2,0.0,0.0,0.0,0.0,1.0,0.0,0.0,175,175,1.0,0.0,0.01,0.0,0.0,0.0,0.0,0,78371.0
0,tcp,http,REJ,0,0,0,0,0,0,0,0,0,1,0.0,0.0,1.0,1.0,1.0,0.0,0.0,16,47,1.0,0.0,0.06,0.21,0.0,0.0,1.0,0,21597.0
0,icmp,ecr_i,SF,520,0,0,0,0,0,0,0,0,356,0.0,0.0,0.0,0.0,1.0,0.0,0.0,255,255,1.0,0.0,1.0,0.0,0.0,0.0,0.0,1,99305.0
0,tcp,whois,REJ,0,0,0,0,0,0,0,0,0,245,0.0,0.0,1.0,1.0,0.02,0.07,0.0,255,5,0.02,0.09,0.0,0.0,0.0,0.0,1.0,1,73165.0
0,tcp,nntp,S0,0,0,0,0,0,0,0,0,0,121,1.0,1.0,0.0,0.0,0.17,0.04,0.0,255,21,0.08,0.04,0.0,0.0,1.0,1.0,0.0,1,121620.0
3,tcp,smtp,SF,620,332,0,0,1,0,0,0,0,1,0.0,0.0,0.0,0.0,1.0,0.0,0.0,107,159,0.58,0.04,0.01,0.02,0.0,0.0,0.0,0,78293.0
0,icmp,urp_i,SF,78,0,0,0,0,0,0,0,0,46,0.0,0.0,0.0,0.0,0.13,0.04,0.0,255,22,0.09,0.01,0.09,0.0,0.0,0.0,0.0,0,73609.0
0,tcp,http,SF,307,891,0,0,1,0,0,0,0,5,0.0,0.0,0.0,0.0,1.0,0.0,0.33,225,255,1.0,0.0,0.0,0.02,0.0,0.0,0.0,0,40716.0
0,tcp,ftp_data,SF,4316,0,0,0,1,0,0,0,0,8,0.0,0.0,0.0,0.0,0.88,0.25,0.0,53,109,0.58,0.08,0.58,0.02,0.0,0.0,0.0,0,124638.0
0,tcp,iso_tsap,S0,0,0,0,0,0,0,0,0,0,203,1.0,1.0,0.0,0.0,0.08,0.06,0.0,255,17,0.07,0.06,0.0,0.0,1.0,1.0,0.0,1,3210.0
0,icmp,eco_i,SF,18,0,0,0,0,0,0,0,0,1,0.0,0.0,0.0,0.0,1.0,0.0,0.0,1,221,1.0,0.0,1.0,0.25,0.0,0.0,0.0,1,111199.0
0,tcp,http,SF,212,39751,0,0,1,0,0,0,0,2,0.0,0.0,0.0,0.0,1.0,0.0,0.6,98,255,1.0,0.0,0.01,0.03,0.0,0.0,0.0,0,79755.0
0,tcp,private,S0,0,0,0,0,0,0,0,0,0,215,1.0,1.0,0.0,0.0,0.01,0.07,0.0,255,19,0.07,0.07,0.0,0.0,1.0,1.0,0.0,1,14791.0
0,tcp,http,SF,295,4380,0,0,1,0,0,0,0,29,0.0,0.0,0.0,0.0,1.0,0.0,0.07,255,255,1.0,0.0,0.01,0.0,0.0,0.0,0.0,0,22938.0
0,udp,domain_u,SF,42,71,0,0,0,0,0,0,0,179,0.0,0.0,0.0,0.0,0.99,0.01,0.01,255,238,0.93,0.01,0.0,0.0,0.0,0.0,0.0,0,77332.0
0,tcp,http,SF,225,3444,0,0,1,0,0,0,0,14,0.0,0.0,0.0,0.0,1.0,0.0,0.0,60,255,1.0,0.0,0.02,0.03,0.0,0.0,0.0,0,50659.0
0,tcp,smtp,SF,1673,338,0,0,1,0,0,0,0,1,0.0,0.0,0.0,0.0,1.0,0.0,1.0,47,189,0.62,0.09,0.02,0.02,0.0,0.01,0.0,0,26339.0
12813,tcp,other,RSTR,1,0,0,0,0,0,0,0,0,2,0.0,0.0,1.0,1.0,1.0,0.0,0.0,255,2,0.01,0.67,1.0,0.0,0.0,0.0,1.0,1,95340.0
0,tcp,http,SF,158,8549,0,0,1,0,0,0,0,1,0.0,0.0,0.0,0.0,1.0,0.0,0.0,1,255,1.0,0.0,1.0,0.01,0.0,0.0,0.0,0,123394.0
0,tcp,efs,S0,0,0,0,0,0,0,0,0,0,142,1.0,1.0,0.0,0.0,0.13,0.06,0.0,255,6,0.02,0.06,0.0,0.0,1.0,1.0,0.0,1,117941.0
0,tcp,smtp,S0,0,0,0,0,0,0,0,0,0,271,1.0,0.92,0.0,0.0,0.04,0.06,0.17,255,10,0.04,0.07,0.0,0.0,1.0,1.0,0.0,1,30874.0
0,tcp,http,SF,217,313,0,0,1,0,0,0,0,7,0.14,0.12,0.0,0.0,1.0,0.0,0.25,255,255,1.0,0.0,0.0,0.0,0.0,0.0,0.0,0,67929.0
0,tcp,ftp_data,SF,374,0,0,0,1,0,0,0,0,5,0.0,0.0,0.0,0.0,1.0,0.0,0.0,11,98,1.0,0.0,1.0,0.02,0.0,0.0,0.0,0,47726.0
2,tcp,ftp,SF,1153,2445,0,28,1,0,0,0,0,1,0.0,0.0,0.0,0.0,1.0,0.0,0.0,224,52,0.23,0.02,0.0,0.0,0.0,0.0,0.0,1,1717.0
1,tcp,smtp,SF,629,329,0,0,1,0,0,0,0,1,0.0,0.0,0.0,0.0,1.0,0.0,0.0,255,167,0.65,0.06,0.0,0.0,0.0,0.0,0.0,0,124780.0
2,tcp,smtp,SF,2037,333,0,0,1,0,0,0,0,1,0.0,0.0,0.0,0.0,1.0,0.0,1.0,135,123,0.58,0.05,0.01,0.02,0.01,0.01,0.0,0,102500.0
0,tcp,echo,S0,0,0,0,0,0,0,0,0,0,40,1.0,1.0,0.0,0.0,0.03,0.12,0.0,255,12,0.05,0.07,0.0,0.0,1.0,1.0,0.0,1,82063.0
0,tcp,http,SF,54540,8314,0,2,1,1,0,0,0,4,0.0,0.0,0.0,0.0,1.0,0.0,0.0,64,64,1.0,0.0,0.02,0.0,0.0,0.0,0.03,1,124737.0
0,tcp,http,SF,313,3140,0,0,1,0,0,0,0,49,0.0,0.0,0.0,0.0,1.0,0.0,0.05,51,255,1.0,0.0,0.02,0.03,0.0,0.0,0.0,0,98200.0
0,tcp,csnet_ns,S0,0,0,0,0,0,0,0,0,0,111,1.0,1.0,0.0,0.0,0.02,0.06,0.0,255,8,0.03,0.08,0.0,0.0,1.0,1.0,0.0,1,116998.0
0,tcp,netbios_dgm,S0,0,0,0,0,0,0,0,0,0,128,1.0,1.0,0.0,0.0,0.01,0.05,0.0,255,1,0.0,0.05,0.0,0.0,1.0,1.0,0.0,1,21780.0
0,tcp,private,S0,0,0,0,0,0,0,0,0,0,226,1.0,1.0,0.0,0.0,0.08,0.06,0.0,255,2,0.01,0.07,0.0,0.0,1.0,1.0,0.0,1,85791.0
0,tcp,private,S0,0,0,0,0,0,0,0,0,0,150,1.0,1.0,0.0,0.0,0.06,0.07,0.0,255,9,0.04,0.08,0.0,0.0,1.0,1.0,0.0,1,42225.0
0,tcp,smtp,SF,749,334,0,0,1,0,0,0,0,1,0.0,0.0,0.0,0.0,1.0,0.0,1.0,91,68,0.56,0.02,0.01,0.03,0.0,0.0,0.0,0,114180.0
0,tcp,bgp,REJ,0,0,0,0,0,0,0,0,0,92,0.0,0.0,1.0,1.0,0.02,0.08,0.0,255,2,0.01,0.06,0.0,0.0,0.0,0.0,1.0,1,30804.0
0,udp,domain_u,SF,42,42,0,0,0,0,0,0,0,6,0.0,0.0,0.0,0.0,1.0,0.0,0.22,70,67,0.96,0.04,0.01,0.0,0.0,0.0,0.0,0,66703.0
58,tcp,smtp,SF,2672,325,0,0,1,0,0,0,0,1,0.0,0.0,0.0,0.0,1.0,0.0,0.67,123,145,0.65,0.02,0.01,0.01,0.0,0.0,0.0,0,14126.0
0,tcp,other,REJ,0,0,0,0,0,0,0,0,0,510,0.1,0.0,0.9,1.0,0.0,1.0,0.0,255,1,0.0,1.0,0.0,0.0,0.09,0.0,1.0,1,78962.0
0,icmp,ecr_i,SF,1032,0,0,0,0,0,0,0,0,222,0.0,0.0,0.0,0.0,1.0,0.0,0.0,255,255,1.0,0.0,1.0,0.0,0.0,0.0,0.0,1,97482.0
0,tcp,private,S0,0,0,0,0,0,0,0,0,0,140,1.0,1.0,0.0,0.0,0.12,0.06,0.0,255,2,0.01,0.06,0.0,0.0,1.0,1.0,0.0,1,97874.0
0,tcp,discard,S0,0,0,0,0,0,0,0,0,0,232,1.0,1.0,0.0,0.0,0.01,0.07,0.0,255,4,0.02,0.08,0.0,0.0,1.0,1.0,0.0,1,93326.0
0,tcp,imap4,REJ,0,0,0,0,0,0,0,0,0,248,0.0,0.0,1.0,1.0,0.04,0.07,0.0,255,11,0.04,0.07,0.0,0.0,0.0,0.0,1.0,1,119828.0
8,tcp,ftp,SF,58,222,0,0,1,0,0,0,0,1,0.0,0.0,0.0,0.0,1.0,0.0,0.0,128,1,0.01,0.05,0.01,0.0,0.01,0.0,0.0,0,8094.0
0,tcp,netbios_dgm,S0,0,0,0,0,0,0,0,0,0,288,1.0,1.0,0.0,0.0,0.08,0.05,0.0,255,23,0.09,0.05,0.0,0.0,1.0,1.0,0.0,1,26410.0
0,tcp,telnet,S0,0,0,0,0,0,0,0,0,0,25,1.0,1.0,0.0,0.0,0.2,0.16,0.0,187,47,0.25,0.02,0.01,0.0,0.99,0.96,0.0,1,21509.0
0,tcp,http,SF,314,3768,0,0,1,0,0,0,0,13,0.0,0.0,0.0,0.0,1.0,0.0,0.0,38,255,1.0,0.0,0.03,0.04,0.0,0.0,0.0,0,70789.0
0,udp,domain_u,SF,45,116,0,0,0,0,0,0,0,162,0.0,0.0,0.0,0.0,1.0,0.0,0.0,255,191,0.75,0.01,0.0,0.0,0.0,0.0,0.0,0,122038.0
0,udp,private,SF,28,0,3,0,0,0,0,0,0,38,0.0,0.0,0.0,0.0,1.0,0.0,0.0,255,38,0.15,0.02,0.15,0.0,0.0,0.0,0.0,1,101441.0
0,tcp,http,SF,174,7737,0,0,1,0,0,0,0,2,0.0,0.0,0.0,0.0,1.0,0.0,0.29,15,15,1.0,0.0,0.07,0.0,0.0,0.0,0.0,0,6479.0
0,tcp,http,SF,336,765,0,0,1,0,0,0,0,16,0.0,0.0,0.0,0.0,1.0,0.0,0.0,52,255,1.0,0.0,0.02,0.01,0.0,0.0,0.0,0,104516.0
0,tcp,auth,S0,0,0,0,0,0,0,0,0,0,120,1.0,1.0,0.0,0.0,0.04,0.07,0.0,255,4,0.02,0.07,0.0,0.0,1.0,1.0,0.0,1,62989.0
0,tcp,private,REJ,0,0,0,0,0,0,0,0,0,88,0.0,0.0,1.0,1.0,0.16,0.07,0.0,255,27,0.11,0.05,0.0,0.0,0.0,0.0,1.0,1,108633.0
0,tcp,http,SF,229,1380,0,0,1,0,0,0,0,4,0.0,0.0,0.0,0.0,1.0,0.0,0.0,83,78,0.94,0.02,0.01,0.0,0.0,0.0,0.0,0,15335.0
0,tcp,exec,S0,0,0,0,0,0,0,0,0,0,34,1.0,1.0,0.0,0.0,0.44,0.09,0.0,255,15,0.06,0.07,0.0,0.0,1.0,1.0,0.0,1,43231.0
0,tcp,Z39_50,REJ,0,0,0,0,0,0,0,0,0,231,0.0,0.0,1.0,1.0,0.06,0.07,0.0,255,13,0.05,0.07,0.0,0.0,0.0,0.0,1.0,1,12215.0
0,udp,domain_u,SF,44,125,0,0,0,0,0,0,0,157,0.0,0.0,0.0,0.0,1.0,0.0,0.02,255,254,1.0,0.01,0.0,0.0,0.0,0.0,0.0,0,76591.0
38849,tcp,private,RSTR,1,0,0,0,0,0,0,0,0,1,0.0,0.0,1.0,1.0,1.0,0.0,0.0,255,1,0.0,0.51,1.0,0.0,0.0,0.0,1.0,1,87326.0
0,tcp,ftp_data,SF,0,2072,0,1,1,0,0,0,0,3,0.0,0.0,0.0,0.0,1.0,0.0,0.0,4,4,1.0,0.0,1.0,0.0,0.0,0.0,0.0,1,27430.0
0,tcp,uucp,RSTO,0,0,0,0,0,0,0,0,0,120,0.0,0.0,1.0,1.0,0.12,0.08,0.0,255,15,0.06,0.07,0.0,0.0,0.0,0.0,1.0,1,112319.0
0,tcp,private,REJ,0,0,0,0,0,0,0,0,0,255,0.0,0.0,1.0,1.0,0.02,0.07,0.0,255,4,0.02,0.07,0.0,0.0,0.0,0.0,1.0,1,113597.0
0,tcp,private,S0,0,0,0,0,0,0,0,0,0,216,1.0,1.0,0.0,0.0,0.08,0.06,0.0,255,18,0.07,0.05,0.0,0.0,1.0,1.0,0.0,1,43208.0
0,tcp,private,RSTR,0,0,0,0,0,0,0,0,0,1,0.0,0.0,1.0,1.0,1.0,0.0,0.0,255,1,0.0,0.56,0.55,0.0,0.0,0.0,1.0,1,26601.0
0,tcp,ftp_data,SF,334,0,0,0,1,0,0,0,0,2,0.0,0.0,0.0,0.0,1.0,0.0,0.0,12,39,1.0,0.0,1.0,0.1,0.0,0.0,0.0,1,58666.0
0,tcp,http,SF,327,2407,0,0,1,0,0,0,0,2,0.0,0.0,0.0,0.0,1.0,0.0,0.5,128,255,1.0,0.0,0.01,0.03,0.0,0.0,0.0,0,87223.0
0,icmp,urp_i,SF,78,0,0,0,0,0,0,0,0,20,0.0,0.0,0.0,0.0,0.55,0.1,0.0,255,11,0.04,0.01,0.04,0.0,0.0,0.0,0.0,0,121775.0
1,tcp,smtp,SF,2017,331,0,0,1,0,0,0,0,2,0.0,0.0,0.0,0.0,0.5,1.0,1.0,204,163,0.61,0.02,0.0,0.01,0.0,0.0,0.0,0,62121.0
0,udp,domain_u,SF,45,119,0,0,0,0,0,0,0,148,0.0,0.0,0.0,0.0,0.99,0.01,0.0,255,254,1.0,0.01,0.0,0.0,0.0,0.0,0.0,0,722.0
0,tcp,http,SF,327,320,0,0,1,0,0,0,0,13,0.0,0.0,0.0,0.0,1.0,0.0,0.12,255,255,1.0,0.0,0.0,0.0,0.0,0.0,0.01,0,101030.0
11441,tcp,telnet,SF,3219,34378,0,1,1,0,0,0,0,1,0.0,0.0,0.0,0.0,1.0,0.0,0.0,44,9,0.2,0.09,0.02,0.0,0.02,0.0,0.22,0,122182.0
0,tcp,private,S0,0,0,0,0,0,0,0,0,0,255,1.0,1.0,0.0,0.0,0.01,0.06,0.0,255,9,0.04,0.08,0.0,0.0,1.0,1.0,0.0,1,100783.0
0,tcp,http,SF,283,3763,0,0,1,0,0,0,0,4,0.0,0.0,0.0,0.0,1.0,0.0,0.0,12,255,1.0,0.0,0.08,0.06,0.0,0.0,0.0,0,55649.0
0,tcp,http,SF,279,8936,0,0,1,0,0,0,0,9,0.0,0.0,0.0,0.0,1.0,0.0,0.0,61,255,1.0,0.0,0.02,0.05,0.0,0.0,0.01,0,3330.0
0,tcp,smtp,SF,1490,331,0,0,1,0,0,0,0,1,0.0,0.0,0.0,0.0,1.0,0.0,1.0,3,3,1.0,0.0,0.33,0.0,0.0,0.0,0.0,0,17509.0
0,tcp,http,SF,201,2685,0,0,1,0,0,0,0,14,0.07,0.05,0.0,0.05,1.0,0.0,0.1,63,255,1.0,0.0,0.02,0.02,0.02,0.0,0.0,0,99700.0
0,tcp,private,S0,0,0,0,0,0,0,0,0,0,149,1.0,1.0,0.0,0.0,0.06,0.05,0.0,255,10,0.04,0.06,0.0,0.0,1.0,1.0,0.0,1,32103.0
0,tcp,http,SF,212,1197,0,0,1,0,0,0,0,2,0.0,0.0,0.0,0.0,1.0,0.0,0.0,112,255,1.0,0.0,0.01,0.02,0.02,0.01,0.0,0,69638.0
0,tcp,private,S0,0,0,0,0,0,0,0,0,0,283,1.0,1.0,0.0,0.0,0.06,0.06,0.0,255,18,0.07,0.07,0.0,0.0,1.0,1.0,0.0,1,88316.0
0,tcp,private,S0,0,0,0,0,0,0,0,0,0,148,1.0,1.0,0.0,0.0,0.09,0.05,0.0,255,16,0.06,0.07,0.0,0.0,1.0,1.0,0.0,1,25355.0
0,tcp,csnet_ns,REJ,0,0,0,0,0,0,0,0,0,138,0.0,0.0,1.0,1.0,0.06,0.06,0.0,255,3,0.01,0.07,0.0,0.0,0.0,0.0,1.0,1,37679.0
0,tcp,klogin,S0,0,0,0,0,0,0,0,0,0,132,1.0,1.0,0.0,0.0,0.11,0.07,0.0,255,14,0.05,0.06,0.0,0.0,1.0,1.0,0.0,1,85117.0
0,tcp,private,S0,0,0,0,0,0,0,0,0,0,229,1.0,1.0,0.0,0.0,0.05,0.06,0.0,255,12,0.05,0.07,0.0,0.0,1.0,1.0,0.0,1,6331.0
0,tcp,other,S0,0,0,0,0,0,0,0,0,0,201,1.0,1.0,0.0,0.0,0.03,0.07,0.0,255,7,0.03,0.09,0.0,0.0,1.0,1.0,0.0,1,71373.0
0,tcp,ftp_data,SF,26,0,0,0,0,0,0,0,0,2,0.0,0.0,0.0,0.0,1.0,0.0,0.0,239,14,0.06,0.01,0.06,0.0,0.84,0.0,0.0,0,99960.0
0,icmp,eco_i,SF,8,0,0,0,0,0,0,0,0,1,0.0,0.0,0.0,0.0,1.0,0.0,1.0,2,7,1.0,0.0,1.0,0.57,0.0,0.0,0.0,1,79869.0
0,tcp,iso_tsap,S0,0,0,0,0,0,0,0,0,0,290,1.0,1.0,0.0,0.0,0.04,0.06,0.0,255,7,0.03,0.07,0.0,0.0,1.0,1.0,0.0,1,102613.0
0,tcp,private,S0,0,0,0,0,0,0,0,0,0,115,1.0,1.0,0.0,0.0,0.2,0.06,0.0,255,23,0.09,0.05,0.0,0.0,1.0,1.0,0.0,1,122389.0
0,tcp,http,SF,228,1040,0,0,1,0,0,0,0,11,0.0,0.0,0.0,0.0,1.0,0.0,0.0,255,255,1.0,0.0,0.0,0.0,0.0,0.0,0.0,0,49585.0
0,tcp,http,SF,286,1630,0,0,1,0,0,0,0,3,0.0,0.0,0.0,0.0,1.0,0.0,0.0,27,228,1.0,0.0,0.04,0.03,0.0,0.0,0.0,0,6882.0
0,tcp,bgp,S0,0,0,0,0,0,0,0,0,0,134,1.0,1.0,0.0,0.0,0.13,0.07,0.0,255,18,0.07,0.07,0.0,0.0,1.0,1.0,0.0,1,30698.0
0,tcp,private,S0,0,0,0,0,0,0,0,0,0,103,1.0,1.0,0.0,0.0,0.11,0.05,0.0,255,11,0.04,0.05,0.0,0.0,1.0,1.0,0.0,1,3414.0
0,icmp,eco_i,SF,8,0,0,0,0,0,0,0,0,1,0.0,0.0,0.0,0.0,1.0,0.0,1.0,2,74,1.0,0.0,1.0,0.5,0.0,0.0,0.0,1,57943.0
0,tcp,private,S0,0,0,0,0,0,0,0,0,0,137,1.0,1.0,0.0,0.0,0.11,0.06,0.0,255,14,0.05,0.06,0.0,0.0,1.0,1.0,0.0,1,110777.0
2,tcp,smtp,SF,2028,329,0,0,1,0,0,0,0,1,0.0,0.0,0.0,0.0,1.0,0.0,0.0,85,174,0.72,0.13,0.01,0.01,0.01,0.01,0.0,0,75635.0
0,tcp,http,SF,286,1423,0,0,1,0,0,0,0,12,0.0,0.0,0.0,0.0,1.0,0.0,0.21,255,255,1.0,0.0,0.0,0.0,0.0,0.0,0.0,0,114738.0
0,tcp,private,REJ,0,0,0,0,0,0,0,0,0,2,0.0,0.0,1.0,1.0,0.5,1.0,0.0,255,1,0.0,0.29,0.23,0.0,0.29,0.0,1.0,1,114416.0
0,icmp,eco_i,SF,8,0,0,0,0,0,0,0,0,1,0.0,0.0,0.0,0.0,1.0,0.0,1.0,2,48,1.0,0.0,1.0,0.5,0.0,0.0,0.0,1,88731.0
0,tcp,http,SF,300,11688,0,0,1,0,0,0,0,25,0.0,0.0,0.0,0.0,1.0,0.0,0.0,170,255,1.0,0.0,0.01,0.02,0.0,0.0,0.0,0,106499.0
0,icmp,eco_i,SF,30,0,0,0,0,0,0,0,0,3,0.0,0.0,0.0,0.0,0.33,0.67,0.0,255,6,0.02,0.01,0.11,0.0,0.0,0.0,0.0,0,83982.0
0,tcp,ftp_data,SF,334,0,0,0,1,0,0,0,0,1,0.0,0.0,0.0,0.0,1.0,0.0,0.0,5,39,1.0,0.0,1.0,0.18,0.0,0.0,0.0,1,100913.0
0,tcp,http,SF,291,239,0,0,1,0,0,0,0,23,0.0,0.0,0.0,0.0,1.0,0.0,0.08,94,255,1.0,0.0,0.01,0.03,0.0,0.0,0.0,0,81890.0
0,icmp,eco_i,SF,8,0,0,0,0,0,0,0,0,1,0.0,0.0,0.0,0.0,1.0,0.0,1.0,1,255,1.0,0.0,1.0,0.5,0.0,0.0,0.0,1,42283.0
0,tcp,http_443,S0,0,0,0,0,0,0,0,0,0,112,1.0,1.0,0.0,0.0,0.16,0.05,0.0,255,17,0.07,0.07,0.0,0.0,1.0,1.0,0.0,1,8725.0
0,tcp,name,S0,0,0,0,0,0,0,0,0,0,170,1.0,1.0,0.0,0.0,0.01,0.08,0.0,255,1,0.0,0.07,0.0,0.0,1.0,1.0,0.0,1,121596.0
37874,tcp,private,RSTR,1,0,0,0,0,0,0,0,0,2,0.0,0.0,1.0,1.0,1.0,0.0,0.0,255,2,0.01,0.5,1.0,0.0,0.0,0.0,1.0,1,1494.0
0,tcp,http,SF,211,2318,0,0,1,0,0,0,0,20,0.0,0.0,0.0,0.0,1.0,0.0,0.0,112,255,1.0,0.0,0.02,0.01,0.0,0.0,0.0,0,66986.0
0,tcp,smtp,SF,1002,438,0,0,1,0,0,0,0,1,0.0,0.0,0.0,0.0,1.0,0.0,0.0,255,18,0.07,0.09,0.0,0.0,0.83,0.0,0.0,0,43477.0
0,tcp,http,SF,232,14993,0,0,1,0,0,0,0,6,0.0,0.0,0.0,0.0,1.0,0.0,0.29,74,255,1.0,0.0,0.01,0.01,0.0,0.0,0.07,0,80894.0
0,tcp,auth,S0,0,0,0,0,0,0,0,0,0,206,1.0,1.0,0.0,0.0,0.01,0.07,0.0,255,2,0.01,0.07,0.0,0.0,1.0,1.0,0.0,1,108217.0
0,tcp,csnet_ns,S0,0,0,0,0,0,0,0,0,0,255,1.0,1.0,0.0,0.0,0.01,0.07,0.0,255,2,0.01,0.07,0.0,0.0,1.0,1.0,0.0,1,105464.0
0,tcp,http,SF,220,2808,0,0,1,0,0,0,0,13,0.0,0.0,0.0,0.0,1.0,0.0,0.0,255,255,1.0,0.0,0.0,0.0,0.0,0.0,0.0,0,88323.0
0,tcp,http,SF,209,2552,0,0,1,0,0,0,0,6,0.0,0.0,0.0,0.0,1.0,0.0,0.25,132,255,1.0,0.0,0.01,0.02,0.0,0.0,0.0,0,32642.0
0,tcp,time,S0,0,0,0,0,0,0,0,0,0,2,0.5,0.5,0.0,0.0,1.0,0.0,0.0,23,23,1.0,0.0,0.09,0.0,0.13,0.13,0.0,0,90873.0
0,tcp,smtp,SF,2315,328,0,0,1,0,0,0,0,1,0.0,0.0,0.0,0.0,1.0,0.0,0.0,164,121,0.43,0.02,0.01,0.02,0.0,0.0,0.0,0,6711.0
0,udp,domain_u,SF,44,134,0,0,0,0,0,0,0,70,0.0,0.0,0.0,0.0,0.99,0.03,0.01,255,235,0.92,0.02,0.0,0.0,0.0,0.0,0.0,0,106789.0
0,tcp,domain,S0,0,0,0,0,0,0,0,0,0,12,1.0,1.0,0.0,0.0,0.33,0.25,0.0,255,10,0.04,0.07,0.0,0.0,1.0,1.0,0.0,1,24448.0
0,tcp,ftp_data,S0,0,0,0,0,0,0,0,0,0,15,1.0,1.0,0.0,0.0,0.2,0.27,0.0,255,63,0.25,0.02,0.0,0.0,1.0,1.0,0.0,1,80606.0
0,tcp,private,REJ,0,0,0,0,0,0,0,0,0,230,0.0,0.0,1.0,1.0,0.07,0.07,0.0,255,17,0.07,0.08,0.0,0.0,0.0,0.0,1.0,1,77478.0
0,tcp,ftp_data,SF,1139,0,0,0,1,0,0,0,0,2,0.0,0.0,0.0,0.0,1.0,0.0,0.67,255,63,0.25,0.05,0.25,0.0,0.26,0.0,0.0,0,54472.0
8,tcp,ftp_data,S2,0,0,0,0,0,0,0,0,0,1,1.0,0.13,0.0,0.0,1.0,0.0,0.13,68,77,0.15,0.09,0.01,0.03,0.01,0.03,0.0,0,96010.0
0,tcp,netbios_dgm,REJ,0,0,0,0,0,0,0,0,0,2,0.0,0.0,1.0,1.0,0.5,1.0,0.0,255,1,0.0,1.0,1.0,0.0,0.0,0.0,1.0,1,32578.0
0,tcp,auth,S0,0,0,0,0,0,0,0,0,0,240,1.0,1.0,0.0,0.0,0.03,0.07,0.0,255,8,0.03,0.07,0.0,0.0,1.0,1.0,0.0,1,91729.0
0,tcp,http,SF,335,6594,0,0,1,0,0,0,0,2,0.0,0.0,0.0,0.0,1.0,0.0,0.0,12,255,1.0,0.0,0.08,0.07,0.0,0.0,0.0,0,49444.0
0,udp,domain_u,SF,43,129,0,0,0,0,0,0,0,234,0.0,0.0,0.0,0.0,1.0,0.0,0.01,255,253,0.99,0.01,0.0,0.0,0.0,0.0,0.0,0,2780.0
12,tcp,smtp,SF,961,326,0,0,1,0,0,0,0,1,0.0,0.0,0.0,0.0,1.0,0.0,0.0,208,170,0.67,0.03,0.01,0.01,0.0,0.0,0.0,0,90813.0
0,tcp,ftp_data,SF,334,0,0,0,1,0,0,0,0,1,0.0,0.0,0.0,0.0,1.0,0.0,0.0,1,1,1.0,0.0,1.0,0.0,0.0,0.0,0.0,1,111122.0
0,icmp,ecr_i,SF,1032,0,0,0,0,0,0,0,0,511,0.0,0.0,0.0,0.0,1.0,0.0,0.0,255,233,0.91,0.01,0.91,0.0,0.0,0.0,0.0,1,23680.0
0,tcp,iso_tsap,REJ,0,0,0,0,0,0,0,0,0,256,0.0,0.0,1.0,1.0,0.07,0.06,0.0,255,18,0.07,0.06,0.0,0.0,0.0,0.0,1.0,1,111487.0
0,tcp,bgp,S0,0,0,0,0,0,0,0,0,0,273,1.0,1.0,0.0,0.0,0.06,0.06,0.0,255,16,0.06,0.08,0.0,0.0,1.0,1.0,0.0,1,63263.0
0,tcp,http,SF,358,723,0,0,1,0,0,0,0,14,0.0,0.0,0.0,0.0,1.0,0.0,0.11,78,255,1.0,0.0,0.01,0.05,0.0,0.0,0.0,0,73530.0
0,tcp,private,S0,0,0,0,0,0,0,0,0,0,19,1.0,1.0,0.0,0.0,0.16,0.26,0.0,255,19,0.07,0.08,0.0,0.0,1.0,1.0,0.0,1,56869.0
0,tcp,gopher,S0,0,0,0,0,0,0,0,0,0,282,1.0,1.0,0.0,0.0,0.02,0.05,0.0,255,6,0.02,0.05,0.0,0.0,1.0,1.0,0.0,1,43914.0
0,tcp,private,S0,0,0,0,0,0,0,0,0,0,253,1.0,1.0,0.0,0.0,0.07,0.06,0.0,255,17,0.07,0.06,0.0,0.0,1.0,1.0,0.0,1,47136.0
0,tcp,http,REJ,0,0,0,0,0,0,0,0,0,1,0.0,0.0,1.0,1.0,1.0,0.0,1.0,73,255,1.0,0.0,0.01,0.15,0.0,0.01,0.99,0,44719.0
3961,tcp,other,RSTR,1,0,0,0,0,0,0,0,0,2,0.0,0.0,1.0,1.0,1.0,0.0,0.0,255,2,0.01,0.69,1.0,0.0,0.0,0.0,1.0,1,97554.0
0,tcp,private,S0,0,0,0,0,0,0,0,0,0,186,1.0,1.0,0.0,0.0,0.05,0.07,0.0,255,9,0.04,0.08,0.0,0.0,1.0,1.0,0.0,1,66365.0
0,icmp,eco_i,SF,8,0,0,0,0,0,0,0,0,1,0.0,0.0,0.0,0.0,1.0,0.0,1.0,1,45,1.0,0.0,1.0,0.51,0.0,0.0,0.0,1,115141.0
0,icmp,urp_i,SF,182,0,0,0,0,0,0,0,0,2,0.0,0.0,0.0,0.0,0.5,1.0,0.0,255,4,0.02,0.01,0.02,0.0,0.0,0.0,0.0,0,54626.0
0,tcp,http,S2,234,42785,0,0,1,0,0,0,0,1,1.0,0.5,0.0,0.0,1.0,0.0,1.0,6,255,1.0,0.0,0.17,0.04,0.17,0.0,0.0,0,54833.0
0,tcp,smtp,SF,955,337,0,0,1,0,0,0,0,1,0.0,0.0,0.0,0.0,1.0,0.0,1.0,7,199,1.0,0.0,0.14,0.01,0.0,0.0,0.0,0,69564.0
0,udp,domain_u,SF,43,127,0,0,0,0,0,0,0,12,0.0,0.0,0.0,0.0,1.0,0.0,0.02,255,222,0.87,0.02,0.0,0.0,0.0,0.0,0.0,0,114332.0
0,tcp,discard,S0,0,0,0,0,0,0,0,0,0,214,1.0,1.0,0.0,0.0,0.0,0.07,0.0,255,1,0.0,0.07,0.0,0.0,1.0,1.0,0.0,1,46805.0
0,icmp,ecr_i,SF,1032,0,0,0,0,0,0,0,0,511,0.0,0.0,0.0,0.0,1.0,0.0,0.0,255,91,0.36,0.02,0.36,0.0,0.02,0.0,0.0,1,93482.0
0,tcp,other,REJ,0,0,0,0,0,0,0,0,0,392,0.07,0.0,0.9,1.0,0.0,1.0,0.0,255,1,0.0,1.0,0.0,0.0,0.09,0.0,1.0,1,122493.0
0,tcp,http,SF,208,261,0,0,1,0,0,0,0,3,0.0,0.0,0.0,0.0,1.0,0.0,0.0,9,255,1.0,0.0,0.11,0.05,0.0,0.0,0.0,0,120493.0
0,tcp,http,SF,353,269,0,0,1,0,0,0,0,11,0.0,0.0,0.0,0.0,1.0,0.0,0.14,12,247,1.0,0.0,0.08,0.11,0.0,0.0,0.7,0,114885.0
0,tcp,http,REJ,0,0,0,0,0,0,0,0,0,1,0.0,0.0,1.0,1.0,1.0,0.0,0.0,11,148,1.0,0.0,0.09,0.08,0.0,0.0,1.0,0,34357.0
0,tcp,systat,S0,0,0,0,0,0,0,0,0,0,297,1.0,1.0,0.0,0.0,0.01,0.06,0.0,255,5,0.02,0.07,0.0,0.0,1.0,1.0,0.0,1,77146.0
0,icmp,red_i,SF,91,0,0,0,0,0,0,0,0,9,0.0,0.0,0.0,0.0,1.0,0.0,0.0,134,9,0.07,0.02,0.07,0.0,0.0,0.0,0.0,0,36488.0
0,tcp,time,S0,0,0,0,0,0,0,0,0,0,203,1.0,1.0,0.0,0.0,0.1,0.05,0.0,255,20,0.08,0.05,0.0,0.0,1.0,1.0,0.0,1,94953.0
0,tcp,http,SF,223,10928,0,0,1,0,0,0,0,1,0.0,0.0,0.0,0.0,1.0,0.0,0.4,2,255,1.0,0.0,0.5,0.03,0.0,0.0,0.0,0,11288.0
0,udp,domain_u,SF,45,136,0,0,0,0,0,0,0,312,0.0,0.0,0.0,0.0,1.0,0.01,0.0,201,168,0.84,0.01,0.0,0.0,0.0,0.0,0.0,0,47135.0
0,tcp,vmnet,S0,0,0,0,0,0,0,0,0,0,235,1.0,1.0,0.0,0.0,0.0,0.07,0.0,255,20,0.08,0.08,0.0,0.0,1.0,1.0,0.0,1,40762.0
0,tcp,iso_tsap,S0,0,0,0,0,0,0,0,0,0,229,1.0,1.0,0.0,0.0,0.01,0.07,0.0,255,2,0.01,0.08,0.0,0.0,1.0,1.0,0.0,1,102746.0
0,tcp,ldap,S0,0,0,0,0,0,0,0,0,0,123,1.0,1.0,0.0,0.0,0.04,0.06,0.0,255,16,0.06,0.07,0.0,0.0,1.0,1.0,0.0,1,54259.0
0,tcp,http,SF,247,492,0,0,1,0,0,0,0,12,0.0,0.0,0.0,0.0,1.0,0.0,0.15,117,215,1.0,0.0,0.01,0.03,0.0,0.0,0.0,0,14258.0
0,tcp,auth,SF,9,38,0,0,1,0,0,0,0,3,0.0,0.0,0.0,0.0,0.33,0.67,0.0,41,4,0.05,0.12,0.02,0.5,0.0,0.0,0.0,0,50347.0
0,tcp,http,SF,251,5063,0,0,1,0,0,0,0,23,0.0,0.0,0.0,0.0,1.0,0.0,0.06,187,255,1.0,0.0,0.01,0.02,0.0,0.0,0.0,0,106385.0
0,tcp,http,REJ,0,0,0,0,0,0,0,0,0,1,0.0,0.0,1.0,1.0,1.0,0.0,1.0,22,253,1.0,0.0,0.05,0.2,0.0,0.0,0.99,0,91186.0
0,udp,private,SF,105,146,0,0,0,0,0,0,0,5,0.0,0.0,0.0,0.0,0.2,0.4,0.0,255,243,0.95,0.01,0.0,0.0,0.0,0.0,0.0,0,74528.0
0,tcp,http,SF,226,2402,0,0,1,0,0,0,0,23,0.0,0.0,0.0,0.0,1.0,0.0,0.09,255,255,1.0,0.0,0.0,0.0,0.0,0.0,0.0,0,63324.0
0,tcp,private,S0,0,0,0,0,0,0,0,0,0,220,1.0,1.0,0.0,0.0,0.05,0.05,0.0,81,10,0.12,0.12,0.01,0.0,0.83,1.0,0.0,1,90336.0
0,tcp,exec,S0,0,0,0,0,0,0,0,0,0,146,1.0,1.0,0.0,0.0,0.15,0.05,0.0,255,22,0.09,0.05,0.0,0.0,1.0,1.0,0.0,1,81242.0
0,tcp,whois,S0,0,0,0,0,0,0,0,0,0,227,1.0,1.0,0.0,0.0,0.03,0.06,0.0,255,7,0.03,0.08,0.0,0.0,1.0,1.0,0.0,1,81216.0
14829,udp,other,SF,147,105,0,0,0,0,0,0,0,1,0.0,0.0,0.0,0.0,1.0,0.0,0.0,255,1,0.0,0.64,0.93,0.0,0.0,0.0,0.0,0,79361.0
31,tcp,telnet,SF,119,6449,0,0,1,0,0,0,0,1,0.0,0.0,0.0,0.0,1.0,0.0,0.0,255,3,0.01,0.03,0.0,0.0,0.0,0.0,0.33,0,13447.0
300,tcp,telnet,SF,92,780,0,0,0,0,0,0,0,1,0.0,0.0,0.0,0.0,1.0,0.0,0.0,240,66,0.28,0.02,0.0,0.0,0.0,0.0,0.0,0,72194.0
0,tcp,private,REJ,0,0,0,0,0,0,0,0,0,269,0.0,0.0,1.0,1.0,0.06,0.05,0.0,255,15,0.06,0.06,0.0,0.0,0.0,0.0,1.0,1,4128.0
0,tcp,pop_3,SF,63,3287,0,0,1,0,0,0,0,1,0.0,0.0,0.0,0.0,1.0,0.0,0.0,152,5,0.02,0.05,0.01,0.4,0.0,0.0,0.0,0,25367.0
0,tcp,domain,REJ,0,0,0,0,0,0,0,0,0,231,0.0,0.0,1.0,1.0,0.01,0.06,0.0,255,3,0.01,0.07,0.0,0.0,0.0,0.0,1.0,1,50716.0
0,tcp,Z39_50,S0,0,0,0,0,0,0,0,0,0,271,1.0,1.0,0.0,0.0,0.06,0.05,0.0,255,16,0.06,0.05,0.0,0.0,1.0,1.0,0.0,1,96688.0
0,tcp,telnet,S0,0,0,0,0,0,0,0,0,0,297,1.0,1.0,0.0,0.0,0.06,0.05,0.0,255,17,0.07,0.05,0.0,0.0,1.0,1.0,0.0,1,11220.0
0,tcp,nntp,S0,0,0,0,0,0,0,0,0,0,213,1.0,1.0,0.0,0.0,0.0,0.06,0.0,255,20,0.08,0.07,0.0,0.0,1.0,1.0,0.0,1,70755.0
0,tcp,uucp,S0,0,0,0,0,0,0,0,0,0,128,1.0,1.0,0.0,0.0,0.05,0.06,0.0,255,7,0.03,0.07,0.0,0.0,1.0,1.0,0.0,1,122323.0
0,tcp,http,S0,0,0,0,0,0,0,0,0,0,1,1.0,1.0,0.0,0.0,1.0,0.0,0.0,255,13,0.05,0.05,0.0,0.0,1.0,1.0,0.0,1,78128.0
0,tcp,http,SF,326,10755,0,0,1,0,0,0,0,2,0.0,0.0,0.0,0.0,1.0,0.0,0.0,76,255,1.0,0.0,0.01,0.03,0.01,0.0,0.0,0,14665.0
0,tcp,http,SF,230,8728,0,0,1,0,0,0,0,5,0.0,0.0,0.0,0.0,1.0,0.0,0.0,5,255,1.0,0.0,0.2,0.04,0.0,0.0,0.04,0,122499.0
0,tcp,private,REJ,0,0,0,0,0,0,0,0,0,99,0.0,0.0,1.0,1.0,0.16,0.07,0.0,255,16,0.06,0.05,0.0,0.0,0.0,0.0,1.0,1,116706.0
0,tcp,http,SF,308,11283,0,0,1,0,0,0,0,26,0.0,0.0,0.0,0.0,1.0,0.0,0.0,152,255,1.0,0.0,0.01,0.03,0.0,0.0,0.0,0,72647.0
0,icmp,ecr_i,SF,520,0,0,0,0,0,0,0,0,21,0.0,0.0,0.0,0.0,1.0,0.0,0.0,255,255,1.0,0.0,1.0,0.0,0.0,0.0,0.0,1,61532.0
0,tcp,http,SF,214,788,0,0,1,0,0,0,0,38,0.0,0.0,0.0,0.0,1.0,0.0,0.0,255,255,1.0,0.0,0.0,0.0,0.0,0.0,0.0,0,15910.0
0,tcp,http,SF,302,1075,0,0,1,0,0,0,0,2,0.0,0.0,0.0,0.0,1.0,0.0,0.17,255,249,0.98,0.01,0.0,0.0,0.0,0.0,0.0,0,68788.0
0,tcp,http,SF,246,10915,0,0,1,0,0,0,0,8,0.0,0.0,0.0,0.0,1.0,0.0,0.0,255,255,1.0,0.0,0.0,0.0,0.0,0.0,0.0,0,121972.0
0,udp,domain_u,SF,44,134,0,0,0,0,0,0,0,170,0.0,0.0,0.0,0.0,1.0,0.0,0.01,255,253,0.99,0.01,0.0,0.0,0.0,0.0,0.0,0,16837.0
0,tcp,private,S0,0,0,0,0,0,0,0,0,0,116,1.0,1.0,0.0,0.0,0.03,0.05,0.0,255,3,0.01,0.06,0.0,0.0,1.0,1.0,0.0,1,87273.0
0,tcp,http,SF,231,30262,0,0,1,0,0,0,0,1,0.0,0.0,0.0,0.0,1.0,0.0,0.0,105,255,1.0,0.0,0.01,0.02,0.0,0.0,0.0,0,24687.0
0,tcp,http,SF,215,4862,0,0,1,0,0,0,0,5,0.0,0.0,0.0,0.0,1.0,0.0,0.0,5,30,1.0,0.0,0.2,0.13,0.0,0.0,0.03,0,30719.0
1,tcp,private,RSTOS0,0,0,0,0,0,0,0,0,0,87,0.77,0.67,0.23,0.33,0.03,0.37,0.0,255,3,0.01,0.13,0.34,0.0,0.26,0.67,0.33,1,118633.0
0,tcp,auth,S0,0,0,0,0,0,0,0,0,0,274,1.0,1.0,0.0,0.0,0.07,0.05,0.0,255,20,0.08,0.07,0.0,0.0,1.0,1.0,0.0,1,67874.0
0,tcp,sql_net,S0,0,0,0,0,0,0,0,0,0,281,1.0,1.0,0.0,0.0,0.0,0.06,0.0,255,1,0.0,0.09,0.0,0.0,1.0,1.0,0.0,1,35087.0
0,tcp,IRC,S1,3400,14607,0,0,1,0,0,0,0,2,0.5,1.0,0.0,0.0,0.5,1.0,0.0,148,16,0.11,0.01,0.01,0.0,0.01,0.06,0.69,0,50392.0
0,udp,other,SF,516,4,0,0,0,0,0,0,0,253,0.0,0.0,0.0,0.0,1.0,0.0,0.0,253,253,1.0,0.0,1.0,0.0,0.0,0.0,0.0,0,83917.0
0,tcp,whois,S0,0,0,0,0,0,0,0,0,0,108,1.0,1.0,0.0,0.0,0.17,0.06,0.0,255,2,0.01,0.07,0.0,0.0,1.0,1.0,0.0,1,103923.0
0,tcp,finger,S0,0,0,0,0,0,0,0,0,0,22,1.0,1.0,0.0,0.0,0.5,0.09,0.0,255,59,0.23,0.04,0.0,0.0,1.0,1.0,0.0,1,24761.0
0,icmp,ecr_i,SF,1032,0,0,0,0,0,0,0,0,511,0.0,0.0,0.0,0.0,1.0,0.0,0.0,255,211,0.83,0.02,0.83,0.0,0.0,0.0,0.0,1,57669.0
0,tcp,smtp,SF,700,326,0,0,1,0,0,0,0,2,0.0,0.0,0.0,0.0,0.5,1.0,0.0,255,79,0.31,0.29,0.0,0.0,0.0,0.0,0.0,0,5617.0
0,tcp,private,REJ,0,0,0,0,0,0,0,0,0,18,0.0,0.0,0.89,1.0,0.06,1.0,0.0,255,1,0.0,0.11,0.0,0.0,0.0,0.0,1.0,1,43299.0
0,udp,domain_u,SF,44,116,0,0,0,0,0,0,0,128,0.0,0.0,0.0,0.0,1.0,0.0,0.02,255,228,0.89,0.01,0.0,0.0,0.0,0.0,0.0,0,19167.0
0,tcp,http,SF,54540,8314,0,2,1,1,0,0,0,2,0.0,0.0,0.0,0.0,1.0,0.0,0.0,114,114,1.0,0.0,0.01,0.0,0.0,0.0,0.02,1,58512.0
0,tcp,private,S0,0,0,0,0,0,0,0,0,0,189,1.0,1.0,0.0,0.0,0.12,0.05,0.0,130,23,0.18,0.08,0.01,0.0,0.89,1.0,0.0,1,28106.0
0,tcp,private,REJ,0,0,0,0,0,0,0,0,0,292,0.0,0.0,1.0,1.0,0.04,0.05,0.0,255,12,0.05,0.07,0.0,0.0,0.0,0.0,1.0,1,13243.0
0,tcp,ftp_data,SF,334,0,0,0,1,0,0,0,0,2,0.0,0.0,0.0,0.0,1.0,0.0,0.0,8,42,1.0,0.0,1.0,0.14,0.0,0.0,0.0,1,110089.0
0,tcp,http,SF,223,2137,0,0,1,0,0,0,0,18,0.0,0.0,0.06,0.04,1.0,0.0,0.09,51,255,1.0,0.0,0.02,0.01,0.0,0.0,0.0,0,3939.0
0,tcp,finger,S0,0,0,0,0,0,0,0,0,0,51,1.0,1.0,0.0,0.0,0.25,0.08,0.0,255,58,0.23,0.04,0.0,0.0,1.0,1.0,0.0,1,111074.0
0,tcp,http,SF,216,1735,0,0,1,0,0,0,0,1,0.0,0.0,0.0,0.0,1.0,0.0,0.0,93,255,1.0,0.0,0.01,0.01,0.0,0.0,0.0,0,24621.0
0,tcp,http,SF,218,323,0,0,1,0,0,0,0,6,0.0,0.0,0.0,0.0,1.0,0.0,0.0,26,255,1.0,0.0,0.04,0.04,0.0,0.0,0.0,0,81655.0
0,tcp,http,SF,243,3446,0,0,1,0,0,0,0,9,0.0,0.0,0.0,0.0,1.0,0.0,0.0,255,255,1.0,0.0,0.0,0.0,0.0,0.0,0.01,0,38171.0
0,tcp,ftp_data,SF,5558,0,0,0,1,0,0,0,0,16,0.0,0.0,0.0,0.0,1.0,0.0,0.0,22,22,1.0,0.0,1.0,0.0,0.0,0.0,0.0,0,90836.0
0,tcp,http,SF,301,984,0,0,1,0,0,0,0,4,0.0,0.0,0.0,0.0,1.0,0.0,0.0,130,255,1.0,0.0,0.01,0.03,0.0,0.0,0.0,0,9963.0
0,tcp,telnet,S0,0,0,0,0,0,0,0,0,0,62,1.0,1.0,0.0,0.0,0.24,0.06,0.0,255,58,0.23,0.03,0.01,0.0,1.0,1.0,0.0,1,110536.0
0,tcp,private,S0,0,0,0,0,0,0,0,0,0,120,1.0,1.0,0.0,0.0,0.04,0.06,0.0,255,13,0.05,0.09,0.0,0.0,1.0,1.0,0.0,1,60523.0
0,tcp,private,S0,0,0,0,0,0,0,0,0,0,238,1.0,1.0,0.0,0.0,0.05,0.07,0.0,255,13,0.05,0.08,0.0,0.0,1.0,1.0,0.0,1,37572.0
0,icmp,eco_i,SF,8,0,0,0,0,0,0,0,0,1,0.0,0.0,0.0,0.0,1.0,0.0,1.0,1,79,1.0,0.0,1.0,0.51,0.0,0.0,0.0,1,103157.0
0,tcp,supdup,S0,0,0,0,0,0,0,0,0,0,136,1.0,1.0,0.0,0.0,0.15,0.06,0.0,255,9,0.04,0.07,0.0,0.0,1.0,1.0,0.0,1,20160.0
0,tcp,other,RSTO,0,0,0,0,0,0,0,0,0,208,0.0,0.0,1.0,1.0,0.02,0.07,0.0,255,4,0.02,0.07,0.0,0.0,0.0,0.0,1.0,1,73749.0
0,udp,private,SF,1,0,0,0,0,0,0,0,0,43,0.0,0.0,0.0,0.0,0.42,0.09,0.0,255,63,0.25,0.28,0.77,0.0,0.06,0.0,0.0,1,6327.0
0,tcp,echo,S0,0,0,0,0,0,0,0,0,0,242,1.0,1.0,0.0,0.0,0.01,0.06,0.0,255,3,0.01,0.08,0.0,0.0,1.0,1.0,0.0,1,53708.0
0,icmp,eco_i,SF,8,0,0,0,0,0,0,0,0,1,0.0,0.0,0.0,0.0,1.0,0.0,1.0,2,160,1.0,0.0,1.0,0.5,0.0,0.0,0.0,1,99264.0
0,tcp,smtp,SF,678,478,0,0,1,0,0,0,0,6,0.0,0.0,0.0,0.0,0.17,0.33,1.0,255,8,0.03,0.01,0.0,0.0,0.0,0.0,0.0,0,8099.0
0,tcp,imap4,S0,0,0,0,0,0,0,0,0,0,199,1.0,1.0,0.0,0.0,0.01,0.06,0.0,255,1,0.0,0.06,0.0,0.0,1.0,1.0,0.0,1,81150.0
0,tcp,private,S0,0,0,0,0,0,0,0,0,0,184,1.0,1.0,0.0,0.0,0.11,0.05,0.0,125,21,0.17,0.08,0.01,0.0,0.89,1.0,0.0,1,108479.0
0,tcp,http,REJ,0,0,0,0,0,0,0,0,0,19,0.0,0.0,0.74,0.74,1.0,0.0,0.0,19,255,1.0,0.0,0.05,0.01,0.0,0.0,0.07,0,11624.0
0,udp,private,SF,105,146,0,0,0,0,0,0,0,1,0.0,0.0,0.0,0.0,1.0,0.0,0.0,125,116,0.93,0.02,0.01,0.0,0.0,0.0,0.0,0,46202.0
544,udp,other,SF,146,105,0,0,0,0,0,0,0,1,0.0,0.0,0.0,0.0,1.0,0.0,0.0,255,1,0.0,0.53,0.75,0.0,0.0,0.0,0.0,0,61318.0
0,tcp,smtp,SF,1022,329,0,0,1,0,0,0,0,1,0.0,0.0,0.0,0.0,1.0,0.0,1.0,42,167,0.88,0.07,0.02,0.01,0.0,0.0,0.0,0,83792.0
0,tcp,ftp_data,SF,18,0,0,0,0,0,0,0,0,1,0.0,0.0,0.0,0.0,1.0,0.0,1.0,204,96,0.33,0.02,0.33,0.02,0.0,0.0,0.0,0,24984.0
0,tcp,private,S0,0,0,0,0,0,0,0,0,0,296,1.0,1.0,0.0,0.0,0.02,0.05,0.0,255,11,0.04,0.08,0.0,0.0,1.0,1.0,0.0,1,37872.0
0,tcp,http,SF,308,7176,0,0,1,0,0,0,0,11,0.0,0.0,0.0,0.0,1.0,0.0,0.0,220,255,1.0,0.0,0.0,0.01,0.0,0.0,0.0,0,71093.0
0,udp,domain_u,SF,45,81,0,0,0,0,0,0,0,31,0.0,0.0,0.0,0.0,1.0,0.0,0.0,255,254,1.0,0.01,0.0,0.0,0.0,0.0,0.0,0,108036.0
0,tcp,http,SF,274,5894,0,0,1,0,0,0,0,6,0.0,0.0,0.0,0.0,1.0,0.0,0.0,255,255,1.0,0.0,0.0,0.0,0.0,0.0,0.0,0,2905.0
0,tcp,private,REJ,0,0,0,0,0,0,0,0,0,88,0.0,0.0,1.0,1.0,0.19,0.07,0.0,255,17,0.07,0.07,0.0,0.0,0.0,0.0,1.0,1,101747.0
0,tcp,private,REJ,0,0,0,0,0,0,0,0,0,509,0.09,0.0,0.9,1.0,0.0,1.0,0.0,255,1,0.0,1.0,0.0,0.0,0.14,0.0,1.0,1,60591.0
0,tcp,http,SF,243,722,0,0,1,0,0,0,0,14,0.0,0.0,0.0,0.0,1.0,0.0,0.13,255,255,1.0,0.0,0.0,0.0,0.0,0.0,0.0,0,94125.0
0,tcp,http,SF,332,12343,0,0,1,0,0,0,0,3,0.0,0.0,0.0,0.0,1.0,0.0,0.0,72,255,1.0,0.0,0.01,0.02,0.0,0.0,0.0,0,12956.0
0,tcp,http,SF,218,1156,0,0,1,0,0,0,0,4,0.0,0.0,0.0,0.0,1.0,0.0,0.4,17,255,1.0,0.0,0.06,0.03,0.0,0.0,0.0,0,77695.0
0,tcp,http,S0,0,0,0,0,0,0,0,0,0,19,1.0,1.0,0.0,0.0,0.37,0.21,0.0,255,64,0.25,0.02,0.0,0.0,1.0,1.0,0.0,1,78759.0
0,tcp,private,S0,0,0,0,0,0,0,0,0,0,31,1.0,1.0,0.0,0.0,0.23,0.13,0.0,255,11,0.04,0.08,0.0,0.0,1.0,1.0,0.0,1,87657.0
0,tcp,http,SF,334,1301,0,0,1,0,0,0,0,14,0.0,0.0,0.0,0.0,1.0,0.0,0.0,255,255,1.0,0.0,0.0,0.0,0.0,0.0,0.0,0,21248.0
0,tcp,link,S0,0,0,0,0,0,0,0,0,0,168,1.0,1.0,0.0,0.0,0.03,0.07,0.0,255,7,0.03,0.07,0.0,0.0,1.0,1.0,0.0,1,82561.0
0,tcp,netstat,S0,0,0,0,0,0,0,0,0,0,126,1.0,1.0,0.0,0.0,0.02,0.06,0.0,255,3,0.01,0.05,0.0,0.0,1.0,1.0,0.0,1,6786.0
0,tcp,courier,S0,0,0,0,0,0,0,0,0,0,123,1.0,1.0,0.0,0.0,0.01,0.07,0.0,255,19,0.07,0.07,0.0,0.0,1.0,1.0,0.0,1,50208.0
0,tcp,pop_3,S0,0,0,0,0,0,0,0,0,0,263,1.0,1.0,0.0,0.0,0.03,0.05,0.0,255,7,0.03,0.05,0.0,0.0,1.0,1.0,0.0,1,103786.0
0,tcp,telnet,S1,1680,16934,0,0,1,0,2,5,0,2,0.5,1.0,0.5,0.0,0.5,1.0,0.0,255,3,0.01,0.02,0.0,0.0,0.0,0.33,0.33,0,10006.0
0,tcp,http,SF,337,4453,0,0,1,0,0,0,0,6,0.0,0.0,0.0,0.0,1.0,0.0,0.0,255,255,1.0,0.0,0.0,0.0,0.0,0.0,0.0,0,41259.0
0,icmp,ecr_i,SF,1032,0,0,0,0,0,0,0,0,511,0.0,0.0,0.0,0.0,1.0,0.0,0.0,255,39,0.15,0.07,0.15,0.0,0.07,0.0,0.0,1,86152.0
0,tcp,smtp,SF,923,332,0,0,1,0,0,0,0,1,0.0,0.0,0.0,0.0,1.0,0.0,0.0,42,165,0.6,0.12,0.02,0.01,0.0,0.01,0.0,0,76296.0
0,tcp,courier,S0,0,0,0,0,0,0,0,0,0,120,1.0,1.0,0.0,0.0,0.03,0.07,0.0,255,3,0.01,0.08,0.0,0.0,1.0,1.0,0.0,1,72593.0
0,udp,domain_u,SF,46,46,0,0,0,0,0,0,0,18,0.0,0.0,0.0,0.0,1.0,0.0,0.07,255,255,1.0,0.0,0.0,0.0,0.0,0.0,0.0,0,72651.0
0,tcp,http,SF,207,1227,0,0,1,0,0,0,0,7,0.0,0.0,0.0,0.0,1.0,0.0,0.0,74,255,1.0,0.0,0.01,0.01,0.01,0.0,0.0,0,62379.0
0,tcp,http,RSTR,50248,8314,0,2,1,1,0,0,0,10,0.0,0.0,0.1,0.18,1.0,0.0,0.18,119,119,1.0,0.0,0.01,0.0,0.0,0.0,0.05,1,30379.0
0,tcp,ftp_data,SF,1830,0,0,0,1,0,0,0,0,5,0.0,0.0,0.0,0.0,1.0,0.0,0.0,202,98,0.44,0.02,0.44,0.02,0.0,0.0,0.0,0,50977.0
0,tcp,http,SF,223,10318,0,0,1,0,0,0,0,4,0.0,0.0,0.0,0.0,1.0,0.0,0.0,204,255,1.0,0.0,0.0,0.01,0.0,0.0,0.0,0,110566.0
0,tcp,ftp_data,S0,0,0,0,0,0,0,0,0,0,225,1.0,1.0,0.0,0.0,0.01,0.06,0.0,255,2,0.01,0.07,0.0,0.0,1.0,1.0,0.0,1,45938.0
0,tcp,http,SF,289,2804,0,0,1,0,0,0,0,3,0.0,0.0,0.0,0.0,1.0,0.0,0.0,9,155,1.0,0.0,0.11,0.04,0.0,0.0,0.0,0,39624.0
4,tcp,smtp,SF,2924,332,0,0,1,0,0,0,0,1,0.0,0.0,0.0,0.0,1.0,0.0,0.67,8,208,1.0,0.0,0.12,0.01,0.0,0.0,0.0,0,40247.0
1,tcp,smtp,SF,926,331,0,0,1,0,0,0,0,1,0.0,0.0,0.0,0.0,1.0,0.0,1.0,21,20,0.95,0.1,0.05,0.0,0.0,0.0,0.0,0,51434.0
0,icmp,eco_i,SF,8,0,0,0,0,0,0,0,0,1,0.0,0.0,0.0,0.0,1.0,0.0,1.0,1,53,1.0,0.0,1.0,0.51,0.0,0.0,0.0,1,124424.0
0,tcp,http,SF,226,397,0,0,1,0,0,0,0,28,0.0,0.0,0.0,0.0,1.0,0.0,0.1,255,255,1.0,0.0,0.0,0.0,0.0,0.0,0.0,0,57320.0
0,tcp,domain,REJ,0,0,0,0,0,0,0,0,0,240,0.0,0.0,1.0,1.0,0.04,0.06,0.0,255,10,0.04,0.06,0.0,0.0,0.0,0.0,1.0,1,105735.0
0,udp,other,SF,147,0,0,0,0,0,0,0,0,7,0.14,0.0,0.0,0.0,0.14,0.57,0.0,255,3,0.01,0.53,0.94,0.0,0.0,0.0,0.0,0,47949.0
0,udp,domain_u,SF,46,75,0,0,0,0,0,0,0,105,0.0,0.0,0.0,0.0,1.0,0.0,0.0,255,254,1.0,0.01,0.0,0.0,0.0,0.0,0.0,0,5166.0
0,udp,private,SF,215,0,0,0,0,0,0,0,0,1,0.0,0.0,0.0,0.0,1.0,0.0,0.0,25,25,1.0,0.0,1.0,0.0,0.0,0.0,0.0,1,57200.0
0,icmp,urp_i,SF,78,0,0,0,0,0,0,0,0,10,0.0,0.0,0.0,0.0,0.2,0.2,0.0,255,12,0.05,0.01,0.05,0.0,0.0,0.0,0.0,0,123008.0
0,tcp,http,SF,240,693,0,0,1,0,0,0,0,13,0.0,0.0,0.0,0.0,1.0,0.0,0.0,190,255,1.0,0.0,0.01,0.01,0.0,0.0,0.0,0,69816.0
0,tcp,private,S0,0,0,0,0,0,0,0,0,0,221,1.0,1.0,0.0,0.0,0.05,0.06,0.0,255,11,0.04,0.07,0.0,0.0,1.0,1.0,0.0,1,38689.0
0,tcp,private,S0,0,0,0,0,0,0,0,0,0,146,1.0,1.0,0.0,0.0,0.08,0.05,0.0,255,1,0.0,0.09,0.0,0.0,1.0,1.0,0.0,1,121986.0
0,udp,domain_u,SF,43,73,0,0,0,0,0,0,0,120,0.0,0.0,0.0,0.0,1.0,0.0,0.0,255,255,1.0,0.0,0.01,0.0,0.0,0.0,0.0,0,74326.0
0,tcp,http,SF,214,1445,0,0,1,0,0,0,0,10,0.0,0.0,0.0,0.0,1.0,0.0,0.0,68,255,1.0,0.0,0.01,0.03,0.0,0.0,0.0,0,119990.0
0,icmp,eco_i,SF,18,0,0,0,0,0,0,0,0,1,0.0,0.0,0.0,0.0,1.0,0.0,0.0,2,130,1.0,0.0,1.0,0.25,0.0,0.0,0.0,1,4493.0
0,tcp,domain,S0,0,0,0,0,0,0,0,0,0,17,1.0,1.0,0.0,0.0,0.41,0.18,0.0,255,13,0.05,0.07,0.0,0.0,1.0,1.0,0.0,1,89053.0
0,udp,other,SF,145,0,0,0,0,0,0,0,0,2,0.0,0.0,0.0,0.0,0.5,1.0,0.0,255,1,0.0,0.87,1.0,0.0,0.0,0.0,0.0,0,111694.0
0,icmp,ecr_i,SF,1032,0,0,0,0,0,0,0,0,509,0.0,0.0,0.0,0.0,1.0,0.0,0.0,255,151,0.59,0.17,0.59,0.0,0.0,0.0,0.0,1,112361.0
0,tcp,http,SF,183,1730,0,0,1,0,0,0,0,4,0.0,0.0,0.0,0.0,1.0,0.0,0.0,4,255,1.0,0.0,0.25,0.02,0.0,0.0,0.0,0,16916.0
0,tcp,http,SF,317,3659,0,0,1,0,0,0,0,17,0.0,0.0,0.0,0.0,1.0,0.0,0.09,56,255,1.0,0.0,0.02,0.06,0.0,0.0,0.0,0,62284.0
0,tcp,private,S0,0,0,0,0,0,0,0,0,0,93,1.0,1.0,0.0,0.0,0.13,0.06,0.0,255,12,0.05,0.06,0.0,0.0,1.0,1.0,0.0,1,14858.0
0,tcp,nntp,S0,0,0,0,0,0,0,0,0,0,127,1.0,1.0,0.0,0.0,0.01,0.07,0.0,255,1,0.0,0.07,0.0,0.0,1.0,1.0,0.0,1,88555.0
0,tcp,http_443,S0,0,0,0,0,0,0,0,0,0,93,1.0,1.0,0.0,0.0,0.16,0.05,0.0,255,15,0.06,0.05,0.0,0.0,1.0,1.0,0.0,1,95545.0
0,tcp,private,REJ,0,0,0,0,0,0,0,0,0,82,0.01,0.0,0.91,1.0,0.01,1.0,0.0,207,1,0.0,0.43,0.0,0.0,0.0,0.0,1.0,1,39989.0
0,tcp,private,S0,0,0,0,0,0,0,0,0,0,225,1.0,1.0,0.0,0.0,0.03,0.05,0.0,166,6,0.04,0.07,0.01,0.0,0.92,1.0,0.0,1,27013.0
0,tcp,other,SF,7196,0,0,0,0,0,0,0,0,8,0.12,0.0,0.0,0.0,0.12,0.38,0.0,247,1,0.0,0.02,0.42,0.0,0.0,0.0,0.0,0,47770.0
0,tcp,http,SF,226,19025,0,0,1,0,0,0,0,1,0.0,0.0,0.0,0.0,1.0,0.0,0.0,180,255,1.0,0.0,0.01,0.02,0.0,0.0,0.0,0,73211.0
0,tcp,private,S0,0,0,0,0,0,0,0,0,0,171,1.0,1.0,0.0,0.0,0.08,0.06,0.0,255,14,0.05,0.07,0.0,0.0,1.0,1.0,0.0,1,125856.0
0,tcp,http,SF,210,1313,0,0,1,0,0,0,0,9,0.0,0.0,0.0,0.0,1.0,0.0,0.0,9,255,1.0,0.0,0.11,0.05,0.0,0.0,0.0,0,13317.0
1100,udp,other,SF,145,105,0,0,0,0,0,0,0,1,0.0,0.0,0.0,0.0,1.0,0.0,0.0,255,2,0.01,0.57,0.95,0.0,0.0,0.0,0.0,0,19197.0
0,tcp,private,REJ,0,0,0,0,0,0,0,0,0,1,0.0,0.0,1.0,1.0,1.0,0.0,0.0,39,2,0.03,1.0,0.03,1.0,0.0,0.0,1.0,1,15159.0
0,tcp,http,SF,227,1885,0,0,1,0,0,0,0,7,0.0,0.0,0.0,0.0,1.0,0.0,0.0,71,255,1.0,0.0,0.01,0.03,0.0,0.0,0.0,0,78583.0
21,tcp,ftp,SF,247,774,0,4,1,0,0,0,0,1,0.0,0.0,0.0,0.0,1.0,0.0,0.0,67,21,0.31,0.07,0.01,0.0,0.0,0.0,0.0,0,106399.0
0,tcp,http,SF,215,2465,0,0,1,0,0,0,0,1,0.0,0.0,0.0,0.0,1.0,0.0,1.0,1,255,1.0,0.0,1.0,0.04,0.0,0.0,0.0,0,106089.0
0,tcp,http,SF,219,1896,0,0,1,0,0,0,0,15,0.0,0.0,0.0,0.0,1.0,0.0,0.12,255,255,1.0,0.0,0.0,0.0,0.0,0.0,0.0,0,37546.0
0,udp,private,SF,1,0,0,0,0,0,0,0,0,64,0.0,0.0,0.0,0.0,0.28,0.08,0.0,255,41,0.16,0.22,1.0,0.0,0.0,0.0,0.0,1,84247.0
0,tcp,private,REJ,0,0,0,0,0,0,0,0,0,2,0.0,0.0,1.0,1.0,0.5,1.0,0.0,255,1,0.0,0.8,0.79,0.0,0.0,0.0,1.0,1,19212.0
0,icmp,ecr_i,SF,1032,0,0,0,0,0,0,0,0,510,0.0,0.0,0.0,0.0,1.0,0.0,0.0,255,203,0.8,0.02,0.8,0.0,0.0,0.0,0.0,1,7712.0
0,udp,domain_u,SF,43,135,0,0,0,0,0,0,0,42,0.0,0.0,0.0,0.0,1.0,0.0,0.0,187,132,0.71,0.02,0.01,0.0,0.0,0.0,0.0,0,40642.0
38818,tcp,private,RSTR,1,0,0,0,0,0,0,0,0,2,0.0,0.0,1.0,1.0,1.0,0.0,0.0,255,2,0.01,0.51,1.0,0.0,0.0,0.0,1.0,1,11895.0
0,tcp,time,RSTO,0,0,0,0,0,0,0,0,0,182,0.0,0.0,1.0,1.0,0.08,0.07,0.0,255,15,0.06,0.07,0.0,0.0,0.0,0.0,1.0,1,91122.0
0,tcp,http,SF,233,443,0,0,1,0,0,0,0,20,0.0,0.0,0.0,0.0,1.0,0.0,0.14,255,255,1.0,0.0,0.0,0.0,0.0,0.0,0.0,0,123493.0
10,tcp,auth,SF,10,39,0,0,0,0,0,0,0,1,0.0,0.0,0.0,0.0,1.0,0.0,0.0,221,8,0.04,0.03,0.0,0.0,0.0,0.0,0.0,0,32588.0
0,udp,other,SF,516,4,0,0,0,0,0,0,0,162,0.0,0.0,0.0,0.0,1.0,0.0,0.0,162,162,1.0,0.0,1.0,0.0,0.0,0.0,0.0,0,78120.0
0,tcp,http,SF,235,8195,0,0,1,0,0,0,0,1,0.0,0.0,0.0,0.0,1.0,0.0,1.0,255,255,1.0,0.0,0.0,0.0,0.0,0.0,0.0,0,29091.0
0,udp,domain_u,SF,44,132,0,0,0,0,0,0,0,321,0.0,0.0,0.0,0.0,1.0,0.01,0.0,255,251,0.98,0.01,0.0,0.0,0.0,0.0,0.0,0,41341.0
0,tcp,private,S0,0,0,0,0,0,0,0,0,0,128,1.0,1.0,0.0,0.0,0.12,0.06,0.0,255,13,0.05,0.06,0.0,0.0,1.0,1.0,0.0,1,55253.0
0,tcp,other,SF,26408,0,0,0,1,0,0,0,0,8,0.12,0.0,0.0,0.0,0.12,0.25,0.0,255,1,0.0,0.06,0.36,0.0,0.02,0.0,0.0,0,65491.0
0,tcp,private,S0,0,0,0,0,0,0,0,0,0,62,1.0,1.0,0.0,0.0,0.02,0.08,0.0,255,14,0.05,0.06,0.0,0.0,1.0,1.0,0.0,1,112839.0
0,tcp,sunrpc,RSTO,0,0,0,0,0,0,0,0,0,260,0.0,0.0,1.0,1.0,0.01,0.07,0.0,255,2,0.01,0.07,0.0,0.0,0.0,0.0,1.0,1,27822.0
0,tcp,http,SF,226,1645,0,0,1,0,0,0,0,19,0.0,0.0,0.0,0.0,1.0,0.0,0.0,255,255,1.0,0.0,0.0,0.0,0.0,0.0,0.0,0,116306.0
0,tcp,time,S0,0,0,0,0,0,0,0,0,0,253,1.0,1.0,0.0,0.0,0.01,0.07,0.0,255,3,0.01,0.07,0.0,0.0,1.0,1.0,0.0,1,55490.0
0,icmp,ecr_i,SF,1032,0,0,0,0,0,0,0,0,511,0.0,0.0,0.0,0.0,1.0,0.0,0.0,255,38,0.15,0.18,0.15,0.0,0.0,0.0,0.0,1,2886.0
0,tcp,private,S0,0,0,0,0,0,0,0,0,0,255,1.0,1.0,0.0,0.0,0.05,0.07,0.0,255,25,0.1,0.07,0.0,0.0,1.0,1.0,0.0,1,18636.0
0,udp,domain_u,SF,43,126,0,0,0,0,0,0,0,234,0.0,0.0,0.0,0.0,1.0,0.0,0.01,255,253,0.99,0.01,0.0,0.0,0.0,0.0,0.0,0,26434.0
0,tcp,http,SF,247,2926,0,0,1,0,0,0,0,31,0.0,0.0,0.0,0.0,1.0,0.0,0.0,255,255,1.0,0.0,0.0,0.0,0.0,0.0,0.33,0,90031.0
0,tcp,private,S0,0,0,0,0,0,0,0,0,0,81,1.0,1.0,0.0,0.0,0.31,0.06,0.0,255,25,0.1,0.05,0.0,0.0,1.0,1.0,0.0,1,29012.0
0,tcp,netbios_dgm,REJ,0,0,0,0,0,0,0,0,0,292,0.0,0.0,1.0,1.0,0.04,0.05,0.0,255,13,0.05,0.08,0.0,0.0,0.0,0.0,1.0,1,101704.0
0,tcp,telnet,S0,0,0,0,0,0,0,0,0,0,10,1.0,1.0,0.0,0.0,1.0,0.0,0.0,132,72,0.55,0.02,0.01,0.0,0.98,0.97,0.0,1,46166.0
2,tcp,ftp_data,SF,2194619,0,0,0,1,0,0,0,0,2,0.0,0.0,0.0,0.0,1.0,0.0,0.0,126,33,0.26,0.06,0.26,0.0,0.0,0.0,0.0,0,82820.0
0,tcp,smtp,SF,636,336,0,0,1,0,0,0,0,1,0.0,0.0,0.0,0.0,1.0,0.0,1.0,79,238,0.95,0.03,0.01,0.01,0.0,0.0,0.0,0,118095.0
0,tcp,http,SF,260,7334,0,0,1,0,0,0,0,7,0.0,0.0,0.0,0.0,1.0,0.0,0.0,96,255,1.0,0.0,0.01,0.02,0.0,0.0,0.0,0,22706.0
0,tcp,private,REJ,0,0,0,0,0,0,0,0,0,54,0.0,0.0,1.0,1.0,0.37,0.07,0.0,255,20,0.08,0.06,0.0,0.0,0.0,0.0,1.0,1,7656.0
0,tcp,private,S0,0,0,0,0,0,0,0,0,0,103,1.0,1.0,0.0,0.0,0.04,0.06,0.0,255,5,0.02,0.08,0.0,0.0,1.0,1.0,0.0,1,73536.0
0,tcp,http,SF,266,9895,0,0,1,0,0,0,0,10,0.0,0.0,0.0,0.0,1.0,0.0,0.0,255,255,1.0,0.0,0.0,0.0,0.0,0.0,0.0,0,29708.0
0,udp,domain_u,SF,43,75,0,0,0,0,0,0,0,183,0.0,0.0,0.0,0.0,1.0,0.0,0.0,255,235,0.92,0.01,0.0,0.0,0.0,0.0,0.0,0,87092.0
0,tcp,http,SF,249,2111,0,0,1,0,0,0,0,15,0.0,0.0,0.0,0.0,1.0,0.0,0.0,254,255,1.0,0.0,0.0,0.01,0.0,0.0,0.0,0,112021.0
0,tcp,http,SF,327,2465,0,0,1,0,0,0,0,26,0.0,0.0,0.0,0.0,1.0,0.0,0.07,255,255,1.0,0.0,0.0,0.0,0.0,0.0,0.0,0,61450.0
0,icmp,ecr_i,SF,520,0,0,0,0,0,0,0,0,220,0.0,0.0,0.0,0.0,1.0,0.0,0.0,255,255,1.0,0.0,1.0,0.0,0.0,0.0,0.0,1,119420.0
0,tcp,http,SF,327,1817,0,0,1,0,0,0,0,13,0.0,0.0,0.0,0.0,1.0,0.0,0.0,255,255,1.0,0.0,0.0,0.0,0.0,0.0,0.0,0,12924.0
0,tcp,private,S0,0,0,0,0,0,0,0,0,0,108,1.0,1.0,0.0,0.0,0.17,0.06,0.0,255,3,0.01,0.06,0.0,0.0,1.0,1.0,0.0,1,5337.0
0,tcp,http,S0,0,0,0,0,0,0,0,0,0,1,1.0,1.0,0.0,0.0,1.0,0.0,0.0,58,177,1.0,0.0,0.02,0.24,0.02,0.01,0.99,0,102600.0
0,tcp,courier,S0,0,0,0,0,0,0,0,0,0,123,1.0,1.0,0.0,0.0,0.06,0.06,0.0,255,7,0.03,0.05,0.0,0.0,1.0,1.0,0.0,1,20024.0
12683,tcp,IRC,RSTR,3484,7945,0,0,0,0,0,0,0,1,0.0,0.0,1.0,1.0,1.0,0.0,0.0,144,19,0.13,0.01,0.01,0.0,0.0,0.0,0.63,0,21921.0
0,tcp,http,SF,193,10799,0,0,1,0,0,0,0,4,0.25,0.25,0.0,0.0,1.0,0.0,0.0,4,255,1.0,0.0,0.25,0.05,0.25,0.0,0.0,0,72189.0
0,udp,domain_u,SF,43,125,0,0,0,0,0,0,0,15,0.0,0.0,0.0,0.0,1.0,0.0,0.02,129,98,0.76,0.02,0.01,0.0,0.0,0.0,0.0,0,112393.0
0,tcp,http,SF,279,296,0,0,1,0,0,0,0,13,0.0,0.0,0.0,0.0,1.0,0.0,0.18,255,255,1.0,0.0,0.0,0.0,0.0,0.0,0.0,0,54263.0
0,tcp,smtp,SF,605,334,0,0,1,0,0,0,0,1,0.0,0.0,0.0,0.0,1.0,0.0,0.0,252,135,0.54,0.03,0.0,0.0,0.01,0.02,0.01,0,46006.0
0,tcp,private,S0,0,0,0,0,0,0,0,0,0,203,1.0,1.0,0.0,0.0,0.02,0.06,0.0,255,2,0.01,0.07,0.0,0.0,1.0,1.0,0.0,1,98599.0
0,tcp,http,SF,203,1436,0,0,1,0,0,0,0,15,0.0,0.0,0.0,0.0,1.0,0.0,0.0,15,255,1.0,0.0,0.07,0.03,0.0,0.0,0.0,0,36578.0
0,tcp,http,SF,225,3653,0,0,1,0,0,0,0,20,0.0,0.0,0.0,0.0,1.0,0.0,0.15,94,255,1.0,0.0,0.01,0.01,0.0,0.0,0.0,0,14550.0
0,tcp,http,SF,236,3076,0,0,1,0,0,0,0,3,0.0,0.0,0.0,0.0,1.0,0.0,0.22,49,255,1.0,0.0,0.02,0.06,0.0,0.0,0.0,0,86135.0
0,icmp,eco_i,SF,8,0,0,0,0,0,0,0,0,1,0.0,0.0,0.0,0.0,1.0,0.0,1.0,2,106,1.0,0.0,1.0,0.25,0.0,0.0,0.0,1,15494.0
0,tcp,ftp_data,SF,334,0,0,0,1,0,0,0,0,2,0.0,0.0,0.0,0.0,1.0,0.0,0.0,2,43,1.0,0.0,1.0,0.16,0.0,0.0,0.0,1,41938.0
0,tcp,http,SF,284,2039,0,0,1,0,0,0,0,12,0.0,0.0,0.0,0.0,1.0,0.0,0.0,12,255,1.0,0.0,0.08,0.05,0.0,0.0,0.0,0,120888.0
0,tcp,http,SF,263,1053,0,0,1,0,0,0,0,1,0.0,0.0,0.0,0.0,1.0,0.0,0.0,127,123,0.97,0.02,0.01,0.0,0.0,0.0,0.0,0,24819.0
0,tcp,private,S0,0,0,0,0,0,0,0,0,0,167,1.0,1.0,0.0,0.0,0.07,0.06,0.0,255,12,0.05,0.08,0.0,0.0,1.0,1.0,0.0,1,79465.0
0,tcp,discard,S0,0,0,0,0,0,0,0,0,0,240,1.0,1.0,0.0,0.0,0.01,0.07,0.0,255,3,0.01,0.07,0.0,0.0,1.0,1.0,0.0,1,81621.0
0,tcp,sunrpc,S0,0,0,0,0,0,0,0,0,0,107,1.0,1.0,0.0,0.0,0.01,0.07,0.0,255,1,0.0,0.07,0.0,0.0,1.0,1.0,0.0,1,73283.0
0,tcp,http,SF,288,2332,0,0,1,0,0,0,0,2,0.0,0.0,0.0,0.0,1.0,0.0,0.0,255,255,1.0,0.0,0.0,0.0,0.0,0.0,0.0,0,109858.0
0,tcp,uucp,S0,0,0,0,0,0,0,0,0,0,128,1.0,1.0,0.0,0.0,0.15,0.05,0.0,255,19,0.07,0.05,0.0,0.0,1.0,1.0,0.0,1,103718.0
0,tcp,http,SF,211,13009,0,0,1,0,0,0,0,3,0.0,0.0,0.0,0.0,1.0,0.0,0.0,14,255,1.0,0.0,0.07,0.06,0.0,0.0,0.0,0,76258.0
0,udp,domain_u,SF,44,44,0,0,0,0,0,0,0,215,0.0,0.0,0.0,0.0,1.0,0.0,0.0,255,255,1.0,0.0,0.0,0.0,0.0,0.0,0.0,0,91804.0
0,tcp,http,SF,54540,8314,0,2,1,1,0,0,0,3,0.0,0.0,0.0,0.0,1.0,0.0,0.0,58,58,1.0,0.0,0.02,0.0,0.0,0.0,0.03,1,58622.0
0,tcp,private,REJ,0,0,0,0,0,0,0,0,0,225,0.0,0.0,1.0,1.0,0.03,0.07,0.0,255,21,0.08,0.07,0.0,0.0,0.0,0.0,1.0,1,38174.0
0,tcp,http,SF,348,2280,0,0,1,0,0,0,0,1,0.0,0.0,0.0,0.0,1.0,0.0,0.0,255,255,1.0,0.0,0.0,0.0,0.0,0.0,0.0,0,72075.0
0,tcp,private,S0,0,0,0,0,0,0,0,0,0,138,1.0,1.0,0.0,0.0,0.04,0.06,0.0,255,2,0.01,0.07,0.0,0.0,1.0,1.0,0.0,1,49740.0
0,icmp,eco_i,SF,8,0,0,0,0,0,0,0,0,1,0.0,0.0,0.0,0.0,1.0,0.0,1.0,2,20,1.0,0.0,1.0,0.5,0.0,0.0,0.0,1,80041.0
0,tcp,ftp_data,SF,641,0,0,0,0,0,0,0,0,2,0.0,0.0,0.0,0.0,1.0,0.0,0.0,57,43,0.16,0.05,0.16,0.07,0.0,0.0,0.0,0,5472.0
0,udp,domain_u,SF,42,42,0,0,0,0,0,0,0,207,0.0,0.0,0.0,0.0,1.0,0.0,0.0,255,250,0.98,0.01,0.0,0.0,0.0,0.0,0.0,0,100318.0
0,tcp,private,S0,0,0,0,0,0,0,0,0,0,234,1.0,1.0,0.0,0.0,0.08,0.06,0.0,255,15,0.06,0.07,0.0,0.0,1.0,1.0,0.0,1,122405.0
0,udp,other,SF,145,0,0,0,0,0,0,0,0,3,0.0,0.0,0.0,0.0,0.33,0.67,0.0,255,1,0.0,0.79,0.99,0.0,0.0,0.0,0.0,0,110061.0
0,tcp,private,S0,0,0,0,0,0,0,0,0,0,102,1.0,1.0,0.0,0.0,0.01,0.07,0.0,255,20,0.08,0.07,0.0,0.0,1.0,1.0,0.0,1,83726.0
0,tcp,ftp_data,SF,245,0,0,0,0,0,0,0,0,2,0.0,0.0,0.0,0.0,1.0,0.0,0.0,24,20,0.83,0.12,0.83,0.0,0.0,0.0,0.0,0,76718.0
0,tcp,bgp,S0,0,0,0,0,0,0,0,0,0,204,1.0,1.0,0.0,0.0,0.01,0.07,0.0,255,3,0.01,0.08,0.0,0.0,1.0,1.0,0.0,1,83666.0
0,udp,domain_u,SF,42,135,0,0,0,0,0,0,0,78,0.0,0.0,0.0,0.0,1.0,0.0,0.01,255,255,1.0,0.0,0.0,0.0,0.0,0.0,0.0,0,122567.0
0,tcp,private,S0,0,0,0,0,0,0,0,0,0,243,1.0,1.0,0.0,0.0,0.06,0.06,0.0,255,20,0.08,0.07,0.0,0.0,1.0,1.0,0.0,1,62796.0
0,tcp,hostnames,REJ,0,0,0,0,0,0,0,0,0,236,0.0,0.0,1.0,1.0,0.01,0.07,0.0,255,2,0.01,0.08,0.0,0.0,0.0,0.0,1.0,1,98463.0
0,tcp,ftp_data,REJ,0,0,0,0,0,0,0,0,0,459,0.07,0.0,0.9,1.0,0.01,0.99,0.0,255,4,0.02,0.99,0.0,0.0,0.08,0.0,1.0,1,487.0
0,tcp,imap4,S0,0,0,0,0,0,0,0,0,0,277,1.0,1.0,0.0,0.0,0.01,0.06,0.0,255,8,0.03,0.07,0.0,0.0,1.0,1.0,0.0,1,110656.0
0,tcp,smtp,SF,1092,390,0,0,1,0,0,0,0,1,0.0,0.0,0.0,0.0,1.0,0.0,0.0,45,157,0.29,0.07,0.02,0.02,0.13,0.03,0.0,0,121722.0
0,tcp,ftp_data,SF,252,0,0,0,1,0,0,0,0,2,0.0,0.0,0.0,0.0,1.0,0.0,0.0,255,112,0.44,0.02,0.44,0.0,0.0,0.0,0.0,0,34799.0
0,udp,domain_u,SF,91,0,0,0,0,0,0,0,0,5,0.0,0.0,0.0,0.0,1.0,0.0,0.0,60,37,0.62,0.03,0.62,0.0,0.0,0.0,0.0,0,83564.0
0,icmp,eco_i,SF,30,0,0,0,0,0,0,0,0,2,0.0,0.0,0.0,0.0,0.5,1.0,0.0,255,5,0.02,0.01,0.08,0.0,0.0,0.0,0.0,0,98473.0
0,tcp,http,SF,226,1816,0,0,1,0,0,0,0,4,0.0,0.0,0.0,0.0,1.0,0.0,0.38,42,255,1.0,0.0,0.02,0.02,0.0,0.0,0.0,0,109205.0
0,tcp,mtp,S0,0,0,0,0,0,0,0,0,0,224,1.0,1.0,0.0,0.0,0.08,0.06,0.0,255,20,0.08,0.08,0.0,0.0,1.0,1.0,0.0,1,55120.0
0,tcp,hostnames,S0,0,0,0,0,0,0,0,0,0,262,1.0,1.0,0.0,0.0,0.06,0.06,0.0,255,17,0.07,0.06,0.0,0.0,1.0,1.0,0.0,1,87988.0
0,icmp,ecr_i,SF,1032,0,0,0,0,0,0,0,0,511,0.0,0.0,0.0,0.0,1.0,0.0,0.0,255,203,0.8,0.02,0.8,0.0,0.0,0.0,0.0,1,11511.0
0,tcp,other,REJ,0,0,0,0,0,0,0,0,0,510,0.05,0.0,0.95,1.0,0.0,1.0,0.0,255,1,0.0,1.0,0.0,0.0,0.04,0.0,1.0,1,80886.0
4,tcp,smtp,SF,1124,368,0,0,1,0,0,0,0,1,0.0,0.0,0.0,0.0,1.0,0.0,0.0,146,135,0.92,0.01,0.01,0.0,0.0,0.0,0.0,0,88911.0
0,tcp,ftp_data,SF,641,0,0,0,1,0,0,0,0,2,0.0,0.0,0.0,0.0,1.0,0.0,0.67,238,44,0.18,0.13,0.29,0.0,0.03,0.02,0.0,0,119550.0
0,icmp,urp_i,SF,181,0,0,0,0,0,0,0,0,4,0.0,0.0,0.0,0.0,0.5,0.5,0.0,255,49,0.19,0.01,0.24,0.0,0.0,0.0,0.0,0,65658.0
1,tcp,smtp,SF,13891,328,0,0,1,0,0,0,0,1,0.0,0.0,0.0,0.0,1.0,0.0,0.0,25,131,0.12,0.08,0.04,0.02,0.0,0.0,0.0,0,2466.0
0,tcp,http,SF,210,5466,0,0,1,0,0,0,0,4,0.0,0.0,0.0,0.0,1.0,0.0,0.0,8,255,1.0,0.0,0.12,0.05,0.0,0.0,0.03,0,90720.0
0,tcp,http,SF,351,9114,0,0,1,0,0,0,0,2,0.0,0.0,0.0,0.0,1.0,0.0,0.0,30,255,1.0,0.0,0.03,0.03,0.0,0.0,0.0,0,125460.0
0,tcp,courier,S0,0,0,0,0,0,0,0,0,0,142,1.0,1.0,0.0,0.0,0.13,0.05,0.0,255,18,0.07,0.06,0.0,0.0,1.0,1.0,0.0,1,47593.0
0,tcp,http,SF,216,434,0,0,1,0,0,0,0,31,0.0,0.0,0.0,0.0,1.0,0.0,0.09,255,255,1.0,0.0,0.0,0.0,0.0,0.0,0.0,0,105219.0
0,udp,domain_u,SF,45,111,0,0,0,0,0,0,0,298,0.0,0.0,0.0,0.0,1.0,0.0,0.0,255,251,0.98,0.01,0.0,0.0,0.0,0.0,0.0,0,85970.0
0,tcp,http,SF,54540,8314,0,2,1,1,0,0,0,4,0.0,0.0,0.0,0.0,1.0,0.0,0.0,63,63,1.0,0.0,0.02,0.0,0.0,0.0,0.03,1,77738.0
0,udp,domain_u,SF,45,80,0,0,0,0,0,0,0,205,0.0,0.0,0.0,0.0,1.0,0.0,0.0,255,255,1.0,0.0,0.01,0.0,0.0,0.0,0.0,0,13472.0
0,tcp,ftp_data,REJ,0,0,0,0,0,0,0,0,0,265,0.0,0.0,1.0,1.0,0.06,0.06,0.0,255,17,0.07,0.08,0.0,0.0,0.0,0.0,1.0,1,22408.0
38,tcp,ftp,SF,698,2077,0,14,1,0,0,0,0,1,0.0,0.0,0.0,0.0,1.0,0.0,0.0,160,43,0.27,0.04,0.01,0.0,0.01,0.0,0.0,0,101873.0
0,tcp,private,S0,0,0,0,0,0,0,0,0,0,95,1.0,1.0,0.0,0.0,0.06,0.06,0.0,255,29,0.11,0.07,0.0,0.0,1.0,1.0,0.0,1,21471.0
0,tcp,http_443,REJ,0,0,0,0,0,0,0,0,0,81,0.0,0.0,1.0,1.0,0.19,0.07,0.0,255,15,0.06,0.06,0.0,0.0,0.0,0.0,1.0,1,87106.0
0,tcp,netbios_ssn,S0,0,0,0,0,0,0,0,0,0,271,1.0,1.0,0.0,0.0,0.01,0.05,0.0,255,4,0.02,0.05,0.0,0.0,1.0,1.0,0.0,1,94533.0
30,tcp,telnet,SF,120,12935,0,0,1,0,0,0,0,1,0.0,0.0,0.0,0.0,1.0,0.0,0.0,212,2,0.01,0.15,0.0,0.0,0.03,0.0,0.0,0,27066.0
0,tcp,http,SF,331,1271,0,0,1,0,0,0,0,1,0.0,0.0,0.0,0.0,1.0,0.0,0.07,91,248,1.0,0.0,0.01,0.03,0.01,0.0,0.0,0,8504.0
0,tcp,http,SF,313,421,0,0,1,0,0,0,0,11,0.0,0.0,0.0,0.0,1.0,0.0,0.17,255,255,1.0,0.0,0.0,0.0,0.0,0.0,0.0,0,97145.0
0,icmp,ecr_i,SF,1032,0,0,0,0,0,0,0,0,120,0.0,0.0,0.0,0.0,1.0,0.0,0.0,255,120,0.47,0.02,0.47,0.0,0.0,0.0,0.0,1,22914.0
0,tcp,smtp,SF,882,336,0,0,1,0,0,0,0,1,0.0,0.0,0.0,0.0,1.0,0.0,0.0,159,111,0.34,0.03,0.01,0.02,0.01,0.01,0.0,0,81612.0
0,tcp,pop_3,SF,35,130,0,0,1,0,0,0,0,2,0.0,0.0,0.0,0.0,0.5,1.0,0.0,226,5,0.02,0.03,0.0,0.0,0.0,0.0,0.0,0,67644.0
0,tcp,mtp,S0,0,0,0,0,0,0,0,0,0,218,1.0,1.0,0.0,0.0,0.0,0.07,0.0,255,1,0.0,0.08,0.0,0.0,1.0,1.0,0.0,1,59147.0
0,tcp,ftp_data,SF,245,0,0,0,1,0,0,1,0,2,0.0,0.0,0.0,0.0,1.0,0.0,0.0,10,2,0.2,0.3,0.2,0.0,0.0,0.0,0.0,0,41316.0
0,tcp,smtp,SF,1999,327,0,0,1,0,0,0,0,1,0.0,0.0,0.0,0.0,1.0,0.0,1.0,147,137,0.62,0.03,0.01,0.01,0.0,0.0,0.0,0,104796.0
0,tcp,private,S0,0,0,0,0,0,0,0,0,0,109,1.0,1.0,0.0,0.0,0.08,0.06,0.0,255,11,0.04,0.07,0.0,0.0,1.0,1.0,0.0,1,53999.0
0,tcp,http,SF,200,1484,0,0,1,0,0,0,0,5,0.0,0.0,0.0,0.0,1.0,0.0,0.24,255,255,1.0,0.0,0.0,0.0,0.0,0.0,0.0,0,97963.0
0,tcp,uucp,S0,0,0,0,0,0,0,0,0,0,127,1.0,1.0,0.0,0.0,0.09,0.06,0.0,255,16,0.06,0.07,0.0,0.0,1.0,1.0,0.0,1,63365.0
0,tcp,Z39_50,REJ,0,0,0,0,0,0,0,0,0,146,0.0,0.0,1.0,1.0,0.13,0.06,0.0,255,9,0.04,0.06,0.0,0.0,0.0,0.0,1.0,1,118464.0
0,tcp,ldap,S0,0,0,0,0,0,0,0,0,0,120,1.0,1.0,0.0,0.0,0.07,0.07,0.0,255,8,0.03,0.06,0.0,0.0,1.0,1.0,0.0,1,36681.0
0,tcp,csnet_ns,REJ,0,0,0,0,0,0,0,0,0,144,0.0,0.0,1.0,1.0,0.1,0.06,0.0,255,9,0.04,0.06,0.0,0.0,0.0,0.0,1.0,1,121537.0
0,tcp,hostnames,S0,0,0,0,0,0,0,0,0,0,280,1.0,1.0,0.0,0.0,0.02,0.06,0.0,255,20,0.08,0.07,0.0,0.0,1.0,1.0,0.0,1,43799.0
0,tcp,smtp,S0,0,0,0,0,0,0,0,0,0,101,1.0,1.0,0.0,0.0,0.01,0.07,0.0,255,1,0.0,0.08,0.0,0.0,1.0,1.0,0.0,1,107655.0
12990,udp,other,SF,145,105,0,0,0,0,0,0,0,1,0.0,0.0,0.0,0.0,1.0,0.0,0.0,255,1,0.0,0.86,1.0,0.0,0.0,0.0,0.0,0,51910.0
0,udp,domain_u,SF,46,112,0,0,0,0,0,0,0,69,0.0,0.0,0.0,0.0,1.0,0.0,0.01,255,254,1.0,0.01,0.0,0.0,0.0,0.0,0.0,0,75071.0
0,tcp,smtp,RSTO,0,0,0,0,0,0,0,0,0,1,0.0,0.0,1.0,1.0,1.0,0.0,0.0,184,158,0.58,0.03,0.01,0.01,0.0,0.0,0.05,0,43641.0
0,tcp,private,REJ,0,0,0,0,0,0,0,0,0,360,0.0,0.0,1.0,1.0,0.0,0.52,0.0,255,1,0.0,0.52,1.0,0.0,0.0,0.0,1.0,1,6725.0
0,tcp,http,SF,241,261,0,0,1,0,0,0,0,36,0.0,0.0,0.0,0.0,1.0,0.0,0.07,128,255,1.0,0.0,0.01,0.01,0.0,0.0,0.0,0,117559.0
0,tcp,private,S0,0,0,0,0,0,0,0,0,0,102,1.0,1.0,0.0,0.0,0.03,0.06,0.0,255,6,0.02,0.07,0.0,0.0,1.0,1.0,0.0,1,91753.0
0,icmp,urp_i,SF,78,0,0,0,0,0,0,0,0,34,0.0,0.0,0.0,0.0,0.12,0.06,0.0,255,17,0.07,0.01,0.07,0.0,0.0,0.0,0.0,0,106959.0
0,tcp,private,REJ,0,0,0,0,0,0,0,0,0,2,0.0,0.0,1.0,1.0,0.5,1.0,0.0,255,1,0.0,0.55,0.53,0.0,0.0,0.0,1.0,1,26015.0
0,tcp,uucp,RSTO,0,0,0,0,0,0,0,0,0,118,0.0,0.0,1.0,1.0,0.12,0.07,0.0,255,14,0.05,0.06,0.0,0.0,0.0,0.0,1.0,1,20387.0
41307,tcp,gopher,RSTR,1,0,0,0,0,0,0,0,0,2,0.0,0.0,1.0,1.0,1.0,0.0,0.0,255,2,0.01,0.28,0.55,0.0,0.0,0.0,1.0,1,12731.0
0,tcp,http,SF,309,12001,0,0,1,0,0,0,0,1,0.0,0.0,0.0,0.0,1.0,0.0,0.0,1,255,1.0,0.0,1.0,0.05,0.0,0.0,0.0,0,104725.0
0,tcp,auth,REJ,0,0,0,0,0,0,0,0,0,230,0.0,0.0,1.0,1.0,0.0,0.07,0.0,255,1,0.0,0.08,0.0,0.0,0.0,0.0,1.0,1,84183.0
3,tcp,smtp,SF,1860,333,0,0,1,0,0,0,0,1,0.0,0.0,0.0,0.0,1.0,0.0,1.0,77,63,0.48,0.03,0.01,0.03,0.0,0.0,0.0,0,121871.0
0,tcp,hostnames,REJ,0,0,0,0,0,0,0,0,0,249,0.0,0.0,1.0,1.0,0.01,0.07,0.0,255,2,0.01,0.09,0.0,0.0,0.0,0.0,1.0,1,84792.0
0,tcp,private,S0,0,0,0,0,0,0,0,0,0,224,1.0,1.0,0.0,0.0,0.1,0.05,0.0,255,23,0.09,0.05,0.0,0.0,1.0,1.0,0.0,1,28714.0
11,udp,domain_u,SF,42,42,0,0,0,0,0,0,0,1,0.0,0.0,0.0,0.0,1.0,0.0,0.0,255,223,0.87,0.01,0.0,0.0,0.0,0.0,0.0,0,120707.0
0,udp,domain_u,SF,35,100,0,0,0,0,0,0,0,4,0.0,0.0,0.0,0.0,1.0,0.0,0.0,255,253,0.99,0.01,0.0,0.0,0.0,0.0,0.0,0,98872.0
0,tcp,http_443,REJ,0,0,0,0,0,0,0,0,0,128,0.0,0.0,1.0,1.0,0.04,0.07,0.0,255,5,0.02,0.07,0.0,0.0,0.0,0.0,1.0,1,54178.0
0,tcp,http,SF,409,4167,0,0,1,0,0,0,0,13,0.0,0.0,0.0,0.0,1.0,0.0,0.0,57,245,1.0,0.0,0.02,0.23,0.0,0.0,0.82,0,86412.0
0,udp,domain_u,SF,43,129,0,0,0,0,0,0,0,76,0.0,0.0,0.0,0.0,1.0,0.0,0.01,255,239,0.94,0.01,0.0,0.0,0.0,0.0,0.0,0,35343.0
0,tcp,IRC,RSTO,0,0,0,0,0,0,0,0,0,1,0.0,0.0,1.0,1.0,1.0,0.0,0.0,39,30,0.77,0.08,0.13,0.0,0.0,0.0,0.83,0,36374.0
0,tcp,http,SF,214,7266,0,0,1,0,0,0,0,15,0.0,0.0,0.0,0.0,1.0,0.0,0.09,15,255,1.0,0.0,0.07,0.01,0.0,0.0,0.0,0,46483.0
0,tcp,ftp_data,SF,641,0,0,0,1,0,0,0,0,2,0.0,0.0,0.0,0.0,1.0,0.0,0.0,5,34,1.0,0.0,1.0,0.09,0.0,0.0,0.0,0,28873.0
0,udp,private,SF,28,0,3,0,0,0,0,0,0,5,0.0,0.0,0.0,0.0,1.0,0.0,0.0,255,5,0.02,0.02,0.02,0.0,0.0,0.0,0.0,1,100676.0
1,tcp,smtp,SF,1035,331,0,0,1,0,0,0,0,1,0.0,0.0,0.0,0.0,1.0,0.0,1.0,161,120,0.53,0.04,0.01,0.02,0.01,0.01,0.0,0,14266.0
12705,udp,other,SF,145,105,0,0,0,0,0,0,0,4,0.0,0.0,0.0,0.0,0.5,0.5,0.0,255,2,0.01,0.64,0.9,0.0,0.0,0.0,0.0,0,105297.0
0,tcp,http,SF,199,788,0,0,1,0,0,0,0,23,0.0,0.0,0.0,0.0,1.0,0.0,0.06,255,255,1.0,0.0,0.0,0.0,0.0,0.0,0.0,0,19144.0
5840,udp,other,SF,146,105,0,0,0,0,0,0,0,1,0.0,0.0,0.0,0.0,1.0,0.0,0.0,255,2,0.01,0.42,0.72,0.0,0.0,0.0,0.0,0,39783.0
0,tcp,http,SF,247,2748,0,0,1,0,0,0,0,1,0.0,0.0,0.0,0.0,1.0,0.0,0.4,51,255,1.0,0.0,0.02,0.05,0.0,0.0,0.0,0,73837.0
0,tcp,smtp,SF,1357,328,0,0,1,0,0,0,0,1,0.0,0.0,0.0,0.0,1.0,0.0,1.0,144,88,0.61,0.03,0.01,0.0,0.0,0.0,0.0,0,64930.0
0,tcp,http,SF,267,3563,0,0,1,0,0,0,0,1,0.0,0.0,0.0,0.0,1.0,0.0,0.5,255,248,0.97,0.01,0.0,0.0,0.0,0.0,0.0,0,11464.0
664,udp,other,SF,92,45,0,0,0,0,0,0,0,3,0.0,0.0,0.33,0.0,0.67,0.67,0.0,160,4,0.03,0.03,0.81,0.0,0.0,0.0,0.0,0,103189.0
0,tcp,supdup,S0,0,0,0,0,0,0,0,0,0,300,1.0,1.0,0.0,0.0,0.05,0.06,0.0,255,16,0.06,0.07,0.0,0.0,1.0,1.0,0.0,1,62825.0
1,tcp,whois,RSTR,0,0,0,0,0,0,0,0,0,74,0.0,0.0,1.0,1.0,0.03,0.54,0.0,244,2,0.01,0.17,0.3,0.0,0.01,0.0,1.0,1,70276.0
1,tcp,smtp,SF,2238,407,0,0,1,0,0,0,0,1,0.0,0.0,0.0,0.0,1.0,0.0,1.0,140,194,0.83,0.03,0.01,0.01,0.0,0.0,0.06,0,110765.0
0,tcp,kshell,REJ,0,0,0,0,0,0,0,0,0,135,0.0,0.0,1.0,1.0,0.13,0.06,0.0,255,18,0.07,0.06,0.0,0.0,0.0,0.0,1.0,1,39250.0
0,udp,domain_u,SF,46,147,0,0,0,0,0,0,0,223,0.0,0.0,0.0,0.0,1.0,0.01,0.0,112,79,0.71,0.02,0.01,0.0,0.0,0.0,0.0,0,103273.0
0,tcp,http,SF,321,2457,0,0,1,0,0,0,0,33,0.0,0.0,0.0,0.0,1.0,0.0,0.0,255,255,1.0,0.0,0.0,0.0,0.0,0.0,0.0,0,115913.0
0,tcp,http,SF,304,651,0,0,1,0,0,0,0,3,0.0,0.0,0.0,0.0,1.0,0.0,0.43,147,255,1.0,0.0,0.01,0.01,0.0,0.0,0.0,0,11743.0
0,udp,domain_u,SF,30,30,0,0,0,0,0,0,0,1,0.0,0.0,0.0,0.0,1.0,0.0,1.0,81,80,0.99,0.02,0.01,0.0,0.0,0.0,0.0,0,55078.0
0,tcp,private,REJ,0,0,0,0,0,0,0,0,0,1,0.0,0.0,1.0,1.0,1.0,0.0,0.0,36,1,0.03,1.0,0.03,0.0,0.0,0.0,1.0,1,101536.0
0,tcp,http,SF,293,1719,0,0,1,0,0,0,0,10,0.0,0.0,0.0,0.0,1.0,0.0,0.0,255,255,1.0,0.0,0.0,0.0,0.0,0.0,0.0,0,48392.0
0,tcp,ctf,S0,0,0,0,0,0,0,0,0,0,110,1.0,1.0,0.0,0.0,0.02,0.06,0.0,255,2,0.01,0.06,0.0,0.0,1.0,1.0,0.0,1,67015.0
0,tcp,netbios_dgm,S0,0,0,0,0,0,0,0,0,0,197,1.0,1.0,0.0,0.0,0.01,0.07,0.0,255,1,0.0,0.07,0.0,0.0,1.0,1.0,0.0,1,51312.0
0,icmp,ecr_i,SF,520,0,0,0,0,0,0,0,0,481,0.0,0.0,0.0,0.0,1.0,0.0,0.0,81,81,1.0,0.0,1.0,0.0,0.0,0.0,0.0,1,9510.0
0,tcp,private,S0,0,0,0,0,0,0,0,0,0,280,1.0,1.0,0.0,0.0,0.06,0.05,0.0,255,16,0.06,0.05,0.0,0.0,1.0,1.0,0.0,1,9839.0
0,tcp,iso_tsap,S0,0,0,0,0,0,0,0,0,0,243,1.0,1.0,0.0,0.0,0.02,0.07,0.0,255,6,0.02,0.07,0.0,0.0,1.0,1.0,0.0,1,103387.0
0,udp,private,SF,207,0,0,0,0,0,0,0,0,2,0.0,0.0,0.0,0.0,1.0,0.0,0.0,10,10,1.0,0.0,1.0,0.0,0.0,0.0,0.0,1,50933.0
0,tcp,http,SF,144,7156,0,0,1,0,0,0,0,1,0.0,0.0,0.0,0.0,1.0,0.0,0.25,1,255,1.0,0.0,1.0,0.02,0.0,0.0,0.0,0,26464.0
0,tcp,ctf,REJ,0,0,0,0,0,0,0,0,0,231,0.0,0.0,1.0,1.0,0.07,0.07,0.0,255,16,0.06,0.07,0.0,0.0,0.0,0.0,1.0,1,59813.0
0,tcp,finger,SF,8,141,0,0,0,0,0,0,0,1,0.0,0.0,0.0,0.0,1.0,0.0,0.0,18,2,0.11,0.11,0.06,0.0,0.0,0.0,0.0,0,66859.0
0,udp,private,SF,215,0,0,0,0,0,0,0,0,1,0.0,0.0,0.0,0.0,1.0,0.0,0.0,9,9,1.0,0.0,1.0,0.0,0.0,0.0,0.0,1,40346.0
0,tcp,whois,REJ,0,0,0,0,0,0,0,0,0,256,0.0,0.0,1.0,1.0,0.04,0.07,0.0,255,10,0.04,0.09,0.0,0.0,0.0,0.0,1.0,1,29308.0
0,tcp,smtp,SF,965,331,0,0,1,0,0,0,0,1,0.0,0.0,0.0,0.0,1.0,0.0,0.0,180,98,0.54,0.04,0.01,0.0,0.0,0.0,0.0,0,70116.0
0,tcp,netstat,S0,0,0,0,0,0,0,0,0,0,186,1.0,1.0,0.0,0.0,0.07,0.06,0.0,255,13,0.05,0.07,0.0,0.0,1.0,1.0,0.0,1,40624.0
0,tcp,private,S0,0,0,0,0,0,0,0,0,0,255,1.0,1.0,0.0,0.0,0.02,0.05,0.0,213,4,0.02,0.07,0.0,0.0,0.99,1.0,0.0,1,32867.0
0,tcp,http,SF,381,769,0,0,1,0,0,0,0,2,0.0,0.0,0.0,0.0,1.0,0.0,0.67,3,255,1.0,0.0,0.33,0.02,0.0,0.0,0.0,0,108549.0
2,tcp,smtp,SF,1166,336,0,0,1,0,0,0,0,1,0.0,0.0,0.0,0.0,1.0,0.0,0.0,89,151,0.74,0.03,0.01,0.01,0.0,0.0,0.0,0,107221.0
0,tcp,http,SF,332,8163,0,0,1,0,0,0,0,4,0.0,0.0,0.0,0.0,1.0,0.0,0.0,13,255,1.0,0.0,0.08,0.03,0.0,0.0,0.0,0,57765.0
0,tcp,http,SF,226,191,0,0,1,0,0,0,0,9,0.0,0.0,0.0,0.0,1.0,0.0,0.0,255,255,1.0,0.0,0.0,0.0,0.0,0.0,0.0,0,5974.0
0,icmp,eco_i,SF,8,0,0,0,0,0,0,0,0,1,0.0,0.0,0.0,0.0,1.0,0.0,1.0,2,22,1.0,0.0,1.0,0.5,0.0,0.0,0.0,1,46922.0
0,tcp,ctf,S0,0,0,0,0,0,0,0,0,0,212,1.0,1.0,0.0,0.0,0.09,0.07,0.0,255,20,0.08,0.07,0.0,0.0,1.0,1.0,0.0,1,122562.0
1,tcp,smtp,SF,2228,374,0,0,1,0,0,0,0,1,0.0,0.0,0.0,0.0,1.0,0.0,1.0,102,154,0.81,0.03,0.01,0.01,0.0,0.0,0.0,0,80158.0
0,tcp,http,SF,331,1374,0,0,1,0,0,0,0,27,0.0,0.0,0.0,0.0,1.0,0.0,0.04,93,255,1.0,0.0,0.01,0.04,0.0,0.0,0.0,0,33550.0
0,tcp,http,SF,230,615,0,0,1,0,0,0,0,21,0.0,0.0,0.0,0.0,1.0,0.0,0.18,109,255,1.0,0.0,0.01,0.02,0.0,0.0,0.0,0,59436.0
0,tcp,private,S0,0,0,0,0,0,0,0,0,0,197,1.0,1.0,0.0,0.0,0.07,0.06,0.0,255,14,0.05,0.05,0.0,0.0,1.0,1.0,0.0,1,93280.0
0,tcp,http,SF,336,4283,0,0,1,0,0,0,0,3,0.0,0.0,0.0,0.0,1.0,0.0,0.0,255,255,1.0,0.0,0.0,0.0,0.0,0.0,0.0,0,29208.0
0,tcp,name,S0,0,0,0,0,0,0,0,0,0,230,1.0,1.0,0.0,0.0,0.0,0.07,0.0,255,1,0.0,0.07,0.0,0.0,1.0,1.0,0.0,1,37457.0
0,tcp,other,REJ,0,0,0,0,0,0,0,0,0,509,0.17,0.0,0.83,1.0,0.0,1.0,0.0,255,1,0.0,1.0,0.0,0.0,0.07,0.0,1.0,1,50287.0
0,tcp,http,SF,346,835,0,0,1,0,0,0,0,5,0.0,0.0,0.0,0.0,1.0,0.0,0.23,5,128,1.0,0.0,0.2,0.02,0.0,0.0,0.0,0,56891.0
0,tcp,http,SF,346,3359,0,0,1,0,0,0,0,5,0.0,0.0,0.0,0.0,1.0,0.0,0.09,255,255,1.0,0.0,0.0,0.0,0.0,0.0,0.0,0,122328.0
0,icmp,eco_i,SF,8,0,0,0,0,0,0,0,0,1,0.0,0.0,0.0,0.0,1.0,0.0,1.0,1,15,1.0,0.0,1.0,0.53,0.0,0.0,0.0,1,1347.0
0,tcp,uucp_path,S0,0,0,0,0,0,0,0,0,0,210,1.0,1.0,0.0,0.0,0.06,0.07,0.0,255,12,0.05,0.07,0.0,0.0,1.0,1.0,0.0,1,79362.0
0,tcp,http,SF,271,3315,0,0,1,0,0,0,0,7,0.0,0.0,0.0,0.0,1.0,0.0,0.0,255,255,1.0,0.0,0.0,0.0,0.0,0.0,0.0,0,23090.0
0,tcp,auth,S0,0,0,0,0,0,0,0,0,0,293,1.0,1.0,0.0,0.0,0.05,0.05,0.0,255,8,0.03,0.07,0.0,0.0,1.0,1.0,0.0,1,52437.0
0,tcp,http,SF,193,1366,0,0,1,0,0,0,0,5,0.0,0.0,0.0,0.0,1.0,0.0,0.0,48,255,1.0,0.0,0.02,0.05,0.0,0.0,0.0,0,26581.0
0,tcp,http,SF,298,2445,0,0,1,0,0,0,0,9,0.0,0.0,0.0,0.0,1.0,0.0,0.0,213,255,1.0,0.0,0.0,0.01,0.0,0.0,0.0,0,2117.0
0,tcp,netbios_ssn,S0,0,0,0,0,0,0,0,0,0,99,1.0,1.0,0.0,0.0,0.14,0.06,0.0,255,3,0.01,0.07,0.0,0.0,1.0,1.0,0.0,1,25699.0
0,udp,other,SF,516,4,0,0,0,0,0,0,0,463,0.0,0.0,0.0,0.0,1.0,0.0,0.0,255,255,1.0,0.0,1.0,0.0,0.0,0.0,0.0,0,47543.0
0,tcp,private,S0,0,0,0,0,0,0,0,0,0,134,1.0,1.0,0.0,0.0,0.1,0.05,0.0,255,20,0.08,0.06,0.0,0.0,1.0,1.0,0.0,1,86875.0
0,tcp,ftp_data,SF,175337,0,0,0,0,0,0,0,0,2,0.0,0.0,0.0,0.0,1.0,0.0,0.0,255,29,0.11,0.02,0.11,0.0,0.0,0.0,0.0,0,36752.0
0,icmp,eco_i,SF,8,0,0,0,0,0,0,0,0,1,0.0,0.0,0.0,0.0,1.0,0.0,1.0,3,183,1.0,0.0,1.0,0.25,0.0,0.0,0.0,1,34048.0
0,tcp,http,SF,208,3399,0,0,1,0,0,0,0,6,0.0,0.0,0.0,0.0,1.0,0.0,0.0,19,255,1.0,0.0,0.05,0.04,0.0,0.0,0.0,0,43322.0
0,tcp,supdup,S0,0,0,0,0,0,0,0,0,0,126,1.0,1.0,0.0,0.0,0.13,0.06,0.0,255,14,0.05,0.07,0.0,0.0,1.0,1.0,0.0,1,38141.0
0,icmp,eco_i,SF,8,0,0,0,0,0,0,0,0,1,0.0,0.0,0.0,0.0,1.0,0.0,1.0,1,22,1.0,0.0,1.0,0.55,0.0,0.0,0.0,1,124169.0
0,tcp,private,S0,0,0,0,0,0,0,0,0,0,186,1.0,1.0,0.0,0.0,0.06,0.07,0.0,255,20,0.08,0.07,0.0,0.0,1.0,1.0,0.0,1,101981.0
0,tcp,http,REJ,0,0,0,0,0,0,0,0,0,1,0.0,0.0,1.0,1.0,1.0,0.0,0.0,16,255,1.0,0.0,0.06,0.05,0.0,0.0,1.0,0,34165.0
0,tcp,private,S0,0,0,0,0,0,0,0,0,0,265,1.0,1.0,0.0,0.0,0.04,0.06,0.0,255,9,0.04,0.08,0.0,0.0,1.0,1.0,0.0,1,7787.0
0,udp,private,SF,28,0,3,0,0,0,0,0,0,36,0.0,0.0,0.0,0.0,1.0,0.0,0.0,249,36,0.14,0.65,0.14,0.0,0.02,0.0,0.0,1,42106.0
0,udp,domain_u,SF,45,131,0,0,0,0,0,0,0,302,0.0,0.0,0.0,0.0,1.0,0.0,0.0,255,254,1.0,0.01,0.0,0.0,0.0,0.0,0.0,0,42986.0
0,tcp,private,S0,0,0,0,0,0,0,0,0,0,72,1.0,1.0,0.0,0.0,0.1,0.08,0.0,255,7,0.03,0.07,0.0,0.0,1.0,1.0,0.0,1,115761.0
0,tcp,http,SF,320,238,0,0,1,0,0,0,0,6,0.0,0.0,0.0,0.0,1.0,0.0,0.29,6,255,1.0,0.0,0.17,0.04,0.0,0.0,0.0,0,14817.0
0,tcp,http,SF,282,1227,0,0,1,0,0,0,0,4,0.0,0.0,0.0,0.0,1.0,0.0,0.0,166,166,1.0,0.0,0.01,0.0,0.0,0.0,0.0,0,18088.0
0,tcp,http,SF,290,1140,0,0,1,0,0,0,0,12,0.0,0.0,0.0,0.0,1.0,0.0,0.11,67,255,1.0,0.0,0.01,0.02,0.0,0.0,0.0,0,29489.0
0,tcp,http,SF,256,227,0,0,1,0,0,0,0,1,0.0,0.0,0.0,0.0,1.0,0.0,0.45,89,255,1.0,0.0,0.01,0.04,0.0,0.0,0.0,0,69786.0
38426,tcp,private,RSTR,1,0,0,0,0,0,0,0,0,2,0.0,0.0,1.0,1.0,1.0,0.0,0.0,255,2,0.01,0.51,1.0,0.0,0.0,0.0,1.0,1,19930.0
0,icmp,eco_i,SF,8,0,0,0,0,0,0,0,0,1,0.0,0.0,0.0,0.0,1.0,0.0,1.0,1,3,1.0,0.0,1.0,0.67,0.0,0.0,0.0,1,87293.0
0,udp,domain_u,SF,44,127,0,0,0,0,0,0,0,179,0.0,0.0,0.0,0.0,1.0,0.0,0.0,104,65,0.62,0.03,0.01,0.0,0.0,0.0,0.0,0,86124.0
0,tcp,name,S0,0,0,0,0,0,0,0,0,0,178,1.0,1.0,0.0,0.0,0.03,0.07,0.0,255,5,0.02,0.07,0.0,0.0,1.0,1.0,0.0,1,1865.0
0,tcp,finger,S0,0,0,0,0,0,0,0,0,0,263,1.0,1.0,0.0,0.0,0.06,0.06,0.0,255,16,0.06,0.06,0.0,0.0,1.0,1.0,0.0,1,70208.0
0,tcp,http,SF,349,1028,0,0,1,0,0,0,0,7,0.0,0.0,0.0,0.0,1.0,0.0,0.29,207,255,1.0,0.0,0.0,0.02,0.0,0.0,0.0,0,101691.0
0,tcp,other,REJ,0,0,0,0,0,0,0,0,0,1,0.0,0.0,1.0,1.0,1.0,0.0,0.0,33,33,1.0,0.0,0.03,0.0,0.0,0.0,1.0,0,56633.0
0,tcp,http,SF,332,326,0,0,1,0,0,0,0,9,0.0,0.0,0.0,0.0,1.0,0.0,0.2,42,255,1.0,0.0,0.02,0.03,0.0,0.0,0.0,0,58815.0
0,tcp,http,SF,207,6463,0,0,1,0,0,0,0,8,0.0,0.0,0.0,0.0,1.0,0.0,0.0,73,255,1.0,0.0,0.01,0.05,0.0,0.0,0.0,0,24630.0
0,tcp,ldap,REJ,0,0,0,0,0,0,0,0,0,134,0.0,0.0,1.0,1.0,0.07,0.07,0.0,255,9,0.04,0.07,0.0,0.0,0.0,0.0,1.0,1,85895.0
0,tcp,http,SF,293,1172,0,0,1,0,0,0,0,15,0.0,0.0,0.0,0.0,1.0,0.0,0.0,15,255,1.0,0.0,0.07,0.06,0.0,0.0,0.0,0,81975.0
1,tcp,smtp,SF,2679,325,0,0,1,0,0,0,0,1,0.0,0.0,0.0,0.0,1.0,0.0,1.0,139,154,0.45,0.04,0.01,0.01,0.0,0.0,0.0,0,60786.0
0,tcp,private,S0,0,0,0,0,0,0,0,0,0,157,1.0,1.0,0.0,0.0,0.1,0.07,0.0,255,16,0.06,0.06,0.0,0.0,1.0,1.0,0.0,1,88522.0
0,udp,private,SF,207,0,0,0,0,0,0,0,0,2,0.0,0.0,0.0,0.0,1.0,0.0,0.0,30,30,1.0,0.0,1.0,0.0,0.0,0.0,0.0,1,100904.0
0,udp,domain_u,SF,44,73,0,0,0,0,0,0,0,160,0.0,0.0,0.0,0.0,1.0,0.0,0.02,255,233,0.91,0.01,0.0,0.0,0.0,0.0,0.0,0,71661.0
0,tcp,private,S0,0,0,0,0,0,0,0,0,0,240,1.0,1.0,0.0,0.0,0.04,0.07,0.0,255,13,0.05,0.07,0.0,0.0,1.0,1.0,0.0,1,39590.0
0,tcp,http,SF,302,2507,0,0,1,0,0,0,0,5,0.0,0.0,0.0,0.0,1.0,0.0,0.19,169,159,0.94,0.02,0.01,0.0,0.01,0.0,0.0,0,122841.0
0,tcp,bgp,S0,0,0,0,0,0,0,0,0,0,282,1.0,1.0,0.0,0.0,0.02,0.06,0.0,255,16,0.06,0.07,0.0,0.0,1.0,1.0,0.0,1,52992.0
0,tcp,whois,S0,0,0,0,0,0,0,0,0,0,248,1.0,1.0,0.0,0.0,0.04,0.06,0.0,255,11,0.04,0.07,0.0,0.0,1.0,1.0,0.0,1,123188.0
0,udp,domain_u,SF,44,76,0,0,0,0,0,0,0,286,0.0,0.0,0.0,0.0,1.0,0.0,0.0,255,254,1.0,0.01,0.0,0.0,0.0,0.0,0.0,0,20080.0
0,tcp,ftp_data,S0,0,0,0,0,0,0,0,0,0,31,1.0,1.0,0.0,0.0,0.19,0.13,0.0,255,65,0.25,0.03,0.01,0.0,1.0,1.0,0.0,1,11459.0
0,tcp,http,SF,273,406,0,0,1,0,0,0,0,3,0.0,0.0,0.0,0.0,1.0,0.0,0.0,3,255,1.0,0.0,0.33,0.08,0.0,0.0,0.0,0,88627.0
0,tcp,http,SF,209,8793,0,0,1,0,0,0,0,3,0.0,0.0,0.0,0.0,1.0,0.0,0.4,3,255,1.0,0.0,0.33,0.06,0.0,0.0,0.0,0,109001.0
0,tcp,bgp,S0,0,0,0,0,0,0,0,0,0,259,1.0,1.0,0.0,0.0,0.04,0.05,0.0,255,11,0.04,0.05,0.0,0.0,1.0,1.0,0.0,1,64326.0
0,tcp,ftp_data,SF,245,0,0,0,1,0,0,1,0,2,0.0,0.0,0.0,0.0,1.0,0.0,0.0,8,2,0.25,0.5,0.25,0.0,0.0,0.0,0.0,0,8020.0
0,tcp,whois,S0,0,0,0,0,0,0,0,0,0,215,1.0,1.0,0.0,0.0,0.07,0.06,0.0,255,6,0.02,0.08,0.0,0.0,1.0,1.0,0.0,1,2504.0
0,tcp,http_443,S0,0,0,0,0,0,0,0,0,0,128,1.0,1.0,0.0,0.0,0.02,0.06,0.0,255,3,0.01,0.05,0.0,0.0,1.0,1.0,0.0,1,42459.0
373,tcp,telnet,SF,399,11167,0,0,1,2,0,0,1,1,0.0,0.0,0.0,0.0,1.0,0.0,0.0,255,53,0.21,0.02,0.0,0.0,0.56,0.7,0.0,0,102964.0
0,tcp,sql_net,S0,0,0,0,0,0,0,0,0,0,272,1.0,1.0,0.0,0.0,0.01,0.06,0.0,255,3,0.01,0.08,0.0,0.0,1.0,1.0,0.0,1,25372.0
0,tcp,auth,S0,0,0,0,0,0,0,0,0,0,238,1.0,1.0,0.0,0.0,0.03,0.06,0.0,255,6,0.02,0.07,0.0,0.0,1.0,1.0,0.0,1,114303.0
0,tcp,http,SF,243,1541,0,0,1,0,0,0,0,1,0.0,0.0,0.0,0.0,1.0,0.0,0.21,228,255,1.0,0.0,0.0,0.02,0.0,0.0,0.0,0,40213.0
0,tcp,http,SF,237,199,0,0,1,0,0,0,0,2,0.0,0.0,0.0,0.0,1.0,0.0,0.33,107,255,1.0,0.0,0.01,0.03,0.0,0.0,0.0,0,47880.0
0,tcp,http,SF,216,402,0,0,1,0,0,0,0,12,0.0,0.0,0.0,0.0,1.0,0.0,0.0,12,255,1.0,0.0,0.08,0.02,0.0,0.0,0.0,0,76554.0
0,tcp,http,SF,286,687,0,0,1,0,0,0,0,2,0.0,0.0,0.0,0.0,1.0,0.0,0.67,77,255,1.0,0.0,0.01,0.01,0.0,0.0,0.0,0,92900.0
0,tcp,http_443,S0,0,0,0,0,0,0,0,0,0,149,1.0,1.0,0.0,0.0,0.13,0.06,0.0,255,19,0.07,0.06,0.0,0.0,1.0,1.0,0.0,1,101947.0
0,tcp,http,SF,147,2632,0,0,1,0,0,0,0,1,0.0,0.0,0.0,0.0,1.0,0.0,0.0,9,255,1.0,0.0,0.11,0.03,0.0,0.0,0.0,0,95302.0
0,tcp,http,SF,288,457,0,0,1,0,0,0,0,2,0.0,0.0,0.0,0.0,1.0,0.0,0.2,5,255,1.0,0.0,0.2,0.02,0.0,0.0,0.0,0,20459.0
0,tcp,http,SF,317,1049,0,0,1,0,0,0,0,18,0.0,0.0,0.0,0.0,1.0,0.0,0.11,83,255,1.0,0.0,0.01,0.05,0.0,0.0,0.01,0,67431.0
0,tcp,private,S0,0,0,0,0,0,0,0,0,0,291,1.0,1.0,0.0,0.0,0.05,0.06,0.0,255,14,0.05,0.08,0.0,0.0,1.0,1.0,0.0,1,1052.0
0,tcp,echo,S0,0,0,0,0,0,0,0,0,0,162,1.0,1.0,0.0,0.0,0.04,0.06,0.0,255,7,0.03,0.06,0.0,0.0,1.0,1.0,0.0,1,42862.0
0,icmp,eco_i,SF,8,0,0,0,0,0,0,0,0,1,0.0,0.0,0.0,0.0,1.0,0.0,1.0,1,101,1.0,0.0,1.0,0.5,0.0,0.0,0.0,1,18556.0
0,tcp,uucp_path,S0,0,0,0,0,0,0,0,0,0,257,1.0,1.0,0.0,0.0,0.04,0.06,0.0,255,11,0.04,0.07,0.0,0.0,1.0,1.0,0.0,1,35908.0
0,tcp,daytime,S0,0,0,0,0,0,0,0,0,0,250,1.0,1.0,0.0,0.0,0.08,0.07,0.0,255,20,0.08,0.08,0.0,0.0,1.0,1.0,0.0,1,33718.0
540,tcp,telnet,RSTR,518,16116,0,2,1,1,0,0,0,1,0.0,0.0,1.0,1.0,1.0,0.0,0.0,101,18,0.18,0.04,0.01,0.0,0.01,0.0,0.17,0,78346.0
0,tcp,http,SF,233,3550,0,0,1,0,0,0,0,25,0.0,0.0,0.0,0.0,1.0,0.0,0.0,63,255,1.0,0.0,0.02,0.02,0.0,0.0,0.0,0,79553.0
8,tcp,http,SF,54540,8314,0,2,1,1,0,0,0,4,0.0,0.0,0.0,0.0,1.0,0.0,0.0,9,9,1.0,0.0,0.11,0.0,0.0,0.0,0.56,1,30448.0
0,tcp,http,SF,260,22368,0,0,1,0,0,0,0,1,0.0,0.0,0.0,0.0,1.0,0.0,0.12,27,255,1.0,0.0,0.04,0.07,0.0,0.01,0.0,0,124188.0
18,udp,domain_u,SF,24,42,0,0,0,0,0,0,0,2,0.0,0.0,0.0,0.0,1.0,0.0,0.5,255,242,0.95,0.02,0.08,0.0,0.0,0.0,0.0,0,95109.0
0,tcp,http,REJ,0,0,0,0,0,0,0,0,0,1,0.0,0.0,1.0,1.0,1.0,0.0,0.0,50,255,1.0,0.0,0.02,0.16,0.0,0.0,0.98,0,90932.0
0,tcp,http,SF,339,313,0,0,1,0,0,0,0,36,0.0,0.0,0.0,0.0,1.0,0.0,0.0,81,255,1.0,0.0,0.01,0.06,0.0,0.01,0.0,0,87443.0
0,tcp,courier,S0,0,0,0,0,0,0,0,0,0,20,1.0,1.0,0.0,0.0,0.25,0.15,0.0,255,5,0.02,0.07,0.0,0.0,1.0,1.0,0.0,1,74596.0
27,tcp,ftp,SF,1204,3380,0,24,1,0,0,0,0,1,0.0,0.0,0.0,0.0,1.0,0.0,0.0,194,55,0.28,0.03,0.01,0.0,0.0,0.0,0.0,0,108232.0
0,udp,domain_u,SF,41,74,0,0,0,0,0,0,0,130,0.0,0.0,0.0,0.0,1.0,0.0,0.0,255,255,1.0,0.0,0.0,0.0,0.0,0.0,0.0,0,115478.0
0,tcp,private,S0,0,0,0,0,0,0,0,0,0,355,0.03,1.0,0.95,0.0,0.0,1.0,0.0,255,1,0.0,1.0,0.0,0.0,0.04,1.0,0.0,1,84229.0
1,tcp,smtp,SF,1009,333,0,0,1,0,0,0,1,1,0.0,0.0,0.0,0.0,1.0,0.0,1.0,99,185,0.71,0.06,0.01,0.01,0.0,0.0,0.0,0,125770.0
0,tcp,finger,RSTO,0,0,0,0,0,0,0,0,0,142,0.0,0.0,1.0,1.0,0.12,0.06,0.0,255,17,0.07,0.07,0.0,0.0,0.0,0.0,1.0,1,49135.0
0,udp,domain_u,SF,120,45,0,0,0,0,0,0,0,286,0.0,0.0,0.0,0.0,1.0,0.01,0.0,175,142,0.81,0.01,0.39,0.0,0.0,0.0,0.0,0,59525.0
0,tcp,private,REJ,0,0,0,0,0,0,0,0,0,2,0.0,0.0,1.0,1.0,0.5,1.0,0.0,255,1,0.0,0.85,0.83,0.0,0.0,0.0,1.0,1,32230.0
0,tcp,iso_tsap,S0,0,0,0,0,0,0,0,0,0,36,1.0,1.0,0.0,0.0,0.22,0.14,0.0,255,8,0.03,0.08,0.0,0.0,1.0,1.0,0.0,1,85123.0
0,icmp,eco_i,SF,8,0,0,0,0,0,0,0,0,1,0.0,0.0,0.0,0.0,1.0,0.0,1.0,4,148,1.0,0.0,1.0,0.25,0.0,0.0,0.0,1,119394.0
0,tcp,private,S0,0,0,0,0,0,0,0,0,0,243,1.0,1.0,0.0,0.0,0.0,0.05,0.0,103,1,0.01,0.09,0.01,0.0,0.98,1.0,0.0,1,96274.0
0,tcp,http,REJ,0,0,0,0,0,0,0,0,0,1,0.0,0.0,1.0,1.0,1.0,0.0,1.0,83,255,1.0,0.0,0.01,0.07,0.0,0.0,0.81,0,101615.0
0,tcp,netstat,S0,0,0,0,0,0,0,0,0,0,210,1.0,1.0,0.0,0.0,0.02,0.07,0.0,255,5,0.02,0.07,0.0,0.0,1.0,1.0,0.0,1,121877.0
0,tcp,finger,SF,6,358,0,0,0,0,0,0,0,1,0.0,0.0,0.0,0.0,1.0,0.0,0.0,123,10,0.02,0.02,0.01,0.2,0.0,0.2,0.0,0,14936.0
0,tcp,ftp,SF,1235,2449,0,28,1,0,0,0,0,1,0.0,0.0,0.0,0.0,1.0,0.0,0.0,255,79,0.31,0.02,0.0,0.0,0.0,0.0,0.0,1,23749.0
1,tcp,ftp,SF,1210,2449,0,28,1,0,0,0,0,1,0.0,0.0,0.0,0.0,1.0,0.0,0.0,208,36,0.17,0.02,0.0,0.0,0.0,0.0,0.0,1,124396.0
1,tcp,private,RSTR,0,0,0,0,0,0,0,0,0,56,0.0,0.0,1.0,1.0,0.04,0.54,0.0,226,2,0.01,0.14,0.25,0.0,0.01,0.0,1.0,1,2255.0
0,tcp,http,SF,286,1415,0,0,1,0,0,0,0,3,0.33,0.14,0.0,0.07,1.0,0.0,0.36,60,60,1.0,0.0,0.02,0.0,0.02,0.02,0.0,0,17485.0
0,tcp,http,SF,334,634,0,0,1,0,0,0,0,5,0.0,0.0,0.0,0.0,1.0,0.0,0.0,13,255,1.0,0.0,0.08,0.02,0.0,0.0,0.01,0,23748.0
0,tcp,daytime,S0,0,0,0,0,0,0,0,0,0,281,1.0,1.0,0.0,0.0,0.04,0.05,0.0,255,11,0.04,0.05,0.0,0.0,1.0,1.0,0.0,1,110904.0
0,tcp,private,S0,0,0,0,0,0,0,0,0,0,71,1.0,1.0,0.0,0.0,0.23,0.08,0.0,255,16,0.06,0.07,0.0,0.0,1.0,1.0,0.0,1,58165.0
0,udp,domain_u,SF,46,128,0,0,0,0,0,0,0,71,0.0,0.0,0.0,0.0,1.0,0.0,0.01,255,254,1.0,0.01,0.0,0.0,0.0,0.0,0.0,0,1423.0
0,tcp,private,S0,0,0,0,0,0,0,0,0,0,239,1.0,1.0,0.0,0.0,0.0,0.06,0.0,255,14,0.05,0.07,0.0,0.0,1.0,1.0,0.0,1,77537.0
0,tcp,http,SF,223,10907,0,0,1,0,0,0,0,9,0.0,0.0,0.0,0.0,1.0,0.0,0.11,72,255,1.0,0.0,0.01,0.06,0.0,0.0,0.0,0,31735.0
0,icmp,eco_i,SF,30,0,0,0,0,0,0,0,0,5,0.0,0.0,0.0,0.0,0.2,0.6,0.0,255,4,0.02,0.01,0.09,0.0,0.0,0.0,0.0,0,105707.0
0,tcp,http,SF,245,565,0,0,1,0,0,0,0,41,0.0,0.0,0.0,0.0,1.0,0.0,0.09,255,255,1.0,0.0,0.0,0.0,0.0,0.0,0.0,0,22045.0
2,tcp,smtp,SF,1817,334,0,0,1,0,0,0,0,1,0.0,0.0,0.0,0.0,1.0,0.0,1.0,186,186,0.67,0.02,0.01,0.01,0.0,0.0,0.0,0,38822.0
0,udp,private,SF,105,145,0,0,0,0,0,0,0,7,0.0,0.0,0.0,0.0,0.14,0.29,0.0,255,216,0.85,0.01,0.0,0.0,0.0,0.0,0.0,0,87875.0
0,udp,private,SF,1,0,0,0,0,0,0,0,0,13,0.0,0.0,0.0,0.0,0.15,0.15,0.0,255,29,0.11,0.51,0.55,0.0,0.03,0.0,0.0,1,6941.0
0,tcp,http,SF,217,1042,0,0,1,0,0,0,0,4,0.0,0.0,0.0,0.0,1.0,0.0,0.4,115,255,1.0,0.0,0.01,0.02,0.0,0.0,0.0,0,98732.0
0,tcp,private,S0,0,0,0,0,0,0,0,0,0,166,1.0,1.0,0.0,0.0,0.11,0.06,0.0,255,7,0.03,0.07,0.0,0.0,1.0,1.0,0.0,1,81909.0
0,tcp,http,SF,202,723,0,0,1,0,0,0,0,18,0.0,0.0,0.0,0.0,1.0,0.0,0.1,113,255,1.0,0.0,0.01,0.01,0.0,0.0,0.0,0,110168.0
0,tcp,private,S0,0,0,0,0,0,0,0,0,0,67,1.0,1.0,0.0,0.0,0.06,0.07,0.0,255,16,0.06,0.06,0.0,0.0,1.0,1.0,0.0,1,41867.0
0,tcp,nnsp,REJ,0,0,0,0,0,0,0,0,0,120,0.0,0.0,1.0,1.0,0.12,0.07,0.0,255,14,0.05,0.07,0.0,0.0,0.0,0.0,1.0,1,65613.0
0,tcp,http_443,REJ,0,0,0,0,0,0,0,0,0,147,0.0,0.0,1.0,1.0,0.13,0.05,0.0,255,12,0.05,0.07,0.0,0.0,0.0,0.0,1.0,1,12267.0
0,tcp,smtp,SF,785,328,0,0,1,0,0,0,0,1,0.0,0.0,0.0,0.0,1.0,0.0,0.0,176,143,0.81,0.03,0.01,0.0,0.0,0.0,0.0,0,77629.0
0,tcp,http,SF,268,564,0,0,1,0,0,0,0,12,0.0,0.0,0.0,0.0,1.0,0.0,0.0,255,255,1.0,0.0,0.0,0.0,0.0,0.0,0.0,0,58444.0
0,tcp,http,REJ,0,0,0,0,0,0,0,0,0,13,0.0,0.0,1.0,1.0,1.0,0.0,0.0,59,255,1.0,0.0,0.02,0.13,0.0,0.0,0.83,0,56916.0
0,tcp,IRC,SF,83,17,0,0,0,0,0,0,0,1,0.0,0.0,0.0,0.0,1.0,0.0,0.0,51,14,0.27,0.04,0.02,0.0,0.02,0.07,0.86,0,43386.0
0,icmp,eco_i,SF,8,0,0,0,0,0,0,0,0,1,0.0,0.0,0.0,0.0,1.0,0.0,1.0,3,59,1.0,0.0,1.0,0.25,0.0,0.0,0.0,1,121460.0
10,udp,private,SF,105,147,0,0,0,0,0,0,0,2,0.0,0.0,0.0,0.0,1.0,0.0,0.0,61,23,0.38,0.05,0.05,0.0,0.0,0.0,0.0,0,14296.0
0,tcp,http,REJ,0,0,0,0,0,0,0,0,0,1,0.0,0.0,1.0,1.0,1.0,0.0,0.0,5,32,1.0,0.0,0.2,0.34,0.0,0.0,1.0,0,30400.0
0,tcp,ctf,S0,0,0,0,0,0,0,0,0,0,226,1.0,1.0,0.0,0.0,0.0,0.06,0.0,255,1,0.0,0.07,0.0,0.0,1.0,1.0,0.0,1,38529.0
0,tcp,http,SF,301,310,0,0,1,0,0,0,0,11,0.0,0.0,0.0,0.0,1.0,0.0,0.23,11,255,1.0,0.0,0.09,0.02,0.0,0.0,0.0,0,15866.0
0,icmp,ecr_i,SF,1032,0,0,0,0,0,0,0,0,511,0.0,0.0,0.0,0.0,1.0,0.0,0.0,255,170,0.67,0.01,0.67,0.0,0.0,0.0,0.0,1,55630.0
0,tcp,private,S0,0,0,0,0,0,0,0,0,0,20,1.0,1.0,0.0,0.0,0.2,0.2,0.0,255,8,0.03,0.08,0.0,0.0,1.0,1.0,0.0,1,99072.0
0,tcp,http,SF,271,583,0,0,1,0,0,0,0,5,0.0,0.0,0.0,0.0,1.0,0.0,0.0,23,255,1.0,0.0,0.04,0.01,0.0,0.0,0.0,0,12751.0
29,udp,domain_u,SF,42,42,0,0,0,0,0,0,0,2,0.0,0.0,0.0,0.0,1.0,0.0,0.5,255,240,0.94,0.02,0.06,0.0,0.0,0.0,0.0,0,1438.0
0,tcp,http,SF,288,11406,0,0,1,0,0,0,0,9,0.0,0.0,0.0,0.0,1.0,0.0,0.0,252,255,1.0,0.0,0.0,0.01,0.0,0.0,0.0,0,118764.0
0,tcp,http,SF,288,1056,0,0,1,0,0,0,0,22,0.0,0.0,0.0,0.0,1.0,0.0,0.08,50,104,1.0,0.0,0.02,0.04,0.0,0.0,0.0,0,46405.0
0,tcp,ftp,S0,0,0,0,0,0,0,0,0,0,233,1.0,1.0,0.0,0.0,0.03,0.07,0.0,255,7,0.03,0.06,0.0,0.0,1.0,1.0,0.0,1,39966.0
0,udp,private,SF,28,0,3,0,0,0,0,0,0,43,0.0,0.0,0.02,0.0,0.98,0.05,0.0,255,42,0.16,0.02,0.16,0.0,0.0,0.0,0.0,1,91715.0
0,tcp,http,SF,239,30907,0,0,1,0,0,0,0,7,0.0,0.0,0.0,0.0,1.0,0.0,0.0,255,255,1.0,0.0,0.0,0.0,0.0,0.0,0.0,0,124035.0
2229,udp,other,SF,146,105,0,0,0,0,0,0,0,4,0.0,0.0,0.0,0.0,0.5,0.5,0.0,255,2,0.01,0.86,1.0,0.0,0.0,0.0,0.0,0,42656.0
0,tcp,private,S0,0,0,0,0,0,0,0,0,0,132,1.0,1.0,0.0,0.0,0.05,0.06,0.0,255,6,0.02,0.08,0.0,0.0,1.0,1.0,0.0,1,80431.0
0,tcp,private,S0,0,0,0,0,0,0,0,0,0,221,1.0,1.0,0.0,0.0,0.09,0.05,0.0,255,20,0.08,0.07,0.0,0.0,1.0,1.0,0.0,1,3156.0
0,tcp,private,S0,0,0,0,0,0,0,0,0,0,131,1.0,1.0,0.0,0.0,0.11,0.05,0.0,255,28,0.11,0.05,0.0,0.0,1.0,1.0,0.0,1,111709.0
0,tcp,discard,S0,0,0,0,0,0,0,0,0,0,231,1.0,1.0,0.0,0.0,0.0,0.06,0.0,255,1,0.0,0.06,0.0,0.0,1.0,1.0,0.0,1,57559.0
0,tcp,http,SF,294,3327,0,0,1,0,0,0,0,1,0.0,0.0,0.0,0.0,1.0,0.0,0.16,57,255,1.0,0.0,0.02,0.04,0.0,0.0,0.0,0,351.0
0,tcp,http,SF,267,387,0,0,1,0,0,0,0,14,0.0,0.0,0.0,0.0,1.0,0.0,0.11,14,255,1.0,0.0,0.07,0.07,0.0,0.0,0.0,0,105910.0
0,tcp,ftp_data,SF,641,0,0,0,1,0,0,0,0,2,0.0,0.0,0.0,0.0,1.0,0.0,0.67,105,93,0.09,0.03,0.09,0.02,0.0,0.0,0.0,0,107467.0
6,tcp,smtp,SF,586,328,0,0,1,0,0,0,0,2,0.0,0.0,0.0,0.0,1.0,0.0,0.67,182,9,0.05,0.59,0.01,0.0,0.0,0.0,0.0,0,100683.0
0,tcp,nnsp,REJ,0,0,0,0,0,0,0,0,0,85,0.0,0.0,1.0,1.0,0.21,0.07,0.0,255,18,0.07,0.07,0.0,0.0,0.0,0.0,1.0,1,88261.0
0,udp,domain_u,SF,44,127,0,0,0,0,0,0,0,89,0.0,0.0,0.0,0.0,1.0,0.0,0.01,255,253,0.99,0.01,0.0,0.0,0.0,0.0,0.0,0,12237.0
0,tcp,netstat,S0,0,0,0,0,0,0,0,0,0,275,1.0,1.0,0.0,0.0,0.03,0.05,0.0,255,4,0.02,0.09,0.0,0.0,1.0,1.0,0.0,1,24040.0
0,udp,domain_u,SF,44,75,0,0,0,0,0,0,0,108,0.0,0.0,0.0,0.0,1.0,0.0,0.0,255,255,1.0,0.0,0.01,0.0,0.0,0.0,0.0,0,70636.0
0,tcp,http,SF,238,720,0,0,1,0,0,0,0,27,0.0,0.0,0.0,0.0,1.0,0.0,0.0,255,255,1.0,0.0,0.0,0.0,0.0,0.0,0.0,0,77426.0
0,icmp,ecr_i,SF,1032,0,0,0,0,0,0,0,0,173,0.0,0.0,0.0,0.0,1.0,0.0,0.0,255,173,0.68,0.01,0.68,0.0,0.0,0.0,0.0,1,84032.0
0,tcp,discard,S0,0,0,0,0,0,0,0,0,0,273,1.0,1.0,0.0,0.0,0.07,0.06,0.0,255,18,0.07,0.08,0.01,0.0,1.0,1.0,0.0,1,17049.0
0,tcp,supdup,S0,0,0,0,0,0,0,0,0,0,263,1.0,1.0,0.0,0.0,0.06,0.05,0.0,255,16,0.06,0.05,0.0,0.0,1.0,1.0,0.0,1,2683.0
0,tcp,http,SF,253,635,0,0,1,0,0,0,0,9,0.0,0.0,0.0,0.0,1.0,0.0,0.0,118,255,1.0,0.0,0.01,0.02,0.0,0.0,0.0,0,25450.0
0,tcp,ftp_data,S1,12324,0,0,0,1,0,0,0,1,2,0.5,0.33,0.0,0.0,1.0,0.0,0.67,64,66,0.19,0.05,0.19,0.03,0.02,0.02,0.0,0,60064.0
0,tcp,private,REJ,0,0,0,0,0,0,0,0,0,147,0.0,0.0,1.0,1.0,0.12,0.05,0.0,122,18,0.15,0.07,0.01,0.0,0.0,0.0,1.0,1,40442.0
0,tcp,http,SF,325,1091,0,0,1,0,0,0,0,19,0.0,0.0,0.0,0.0,1.0,0.0,0.0,255,255,1.0,0.0,0.0,0.0,0.0,0.0,0.0,0,52474.0
0,tcp,private,S0,0,0,0,0,0,0,0,0,0,125,1.0,1.0,0.0,0.0,0.06,0.05,0.0,255,8,0.03,0.06,0.0,0.0,1.0,1.0,0.0,1,4356.0
0,tcp,private,REJ,0,0,0,0,0,0,0,0,0,1,0.0,0.0,1.0,1.0,1.0,0.0,0.0,255,1,0.0,0.16,0.14,0.0,0.0,0.0,1.0,1,29912.0
0,icmp,eco_i,SF,30,0,0,0,0,0,0,0,0,1,0.0,0.0,0.0,0.0,1.0,0.0,0.0,47,47,1.0,0.0,1.0,0.0,0.0,0.0,0.0,0,32937.0
0,tcp,imap4,REJ,0,0,0,0,0,0,0,0,0,246,0.0,0.0,1.0,1.0,0.04,0.07,0.0,255,10,0.04,0.07,0.0,0.0,0.0,0.0,1.0,1,103125.0
0,tcp,ftp,S0,0,0,0,0,0,0,0,0,0,230,1.0,1.0,0.0,0.0,0.02,0.07,0.0,255,5,0.02,0.07,0.0,0.0,1.0,1.0,0.0,1,14622.0
0,icmp,eco_i,SF,8,0,0,0,0,0,0,0,0,1,0.0,0.0,0.0,0.0,1.0,0.0,1.0,2,130,1.0,0.0,1.0,0.25,0.0,0.0,0.0,1,44711.0
0,tcp,http,REJ,0,0,0,0,0,0,0,0,0,1,0.0,0.0,1.0,1.0,1.0,0.0,0.0,1,179,1.0,0.0,1.0,0.25,0.0,0.0,1.0,0,5576.0
0,tcp,private,S0,0,0,0,0,0,0,0,0,0,272,1.0,1.0,0.0,0.0,0.06,0.05,0.0,255,15,0.06,0.06,0.0,0.0,1.0,1.0,0.0,1,25976.0
0,tcp,pop_3,RSTR,0,0,0,0,0,0,0,0,0,1,0.0,0.0,1.0,1.0,1.0,0.0,0.0,255,1,0.0,0.44,0.43,0.0,0.0,0.0,1.0,1,81940.0
0,udp,other,SF,516,4,0,0,0,0,0,0,0,191,0.0,0.0,0.0,0.0,1.0,0.0,0.0,191,191,1.0,0.0,1.0,0.0,0.0,0.0,0.0,0,817.0
0,tcp,http,SF,233,596,0,0,1,0,0,0,0,8,0.0,0.0,0.0,0.0,1.0,0.0,0.12,255,255,1.0,0.0,0.01,0.0,0.0,0.0,0.0,0,68360.0
38,tcp,telnet,SF,800,459008,0,0,1,0,0,0,0,1,0.0,0.0,0.0,0.0,1.0,0.0,0.0,173,29,0.17,0.02,0.01,0.0,0.0,0.0,0.0,0,26945.0
0,tcp,csnet_ns,S0,0,0,0,0,0,0,0,0,0,276,1.0,1.0,0.0,0.0,0.02,0.06,0.0,255,5,0.02,0.07,0.0,0.0,1.0,1.0,0.0,1,118881.0
0,tcp,ftp_data,SF,95,0,0,0,1,0,0,0,0,2,0.0,0.0,0.0,0.0,1.0,0.0,0.0,255,115,0.45,0.04,0.45,0.0,0.0,0.0,0.0,0,51484.0
0,tcp,hostnames,S0,0,0,0,0,0,0,0,0,0,284,1.0,1.0,0.0,0.0,0.07,0.06,0.0,255,19,0.07,0.09,0.0,0.0,1.0,1.0,0.0,1,81917.0
0,icmp,ecr_i,SF,1032,0,0,0,0,0,0,0,0,511,0.0,0.0,0.0,0.0,1.0,0.0,0.0,255,95,0.37,0.2,0.37,0.0,0.0,0.0,0.0,1,82505.0
0,tcp,http,REJ,0,0,0,0,0,0,0,0,0,1,0.0,0.0,1.0,1.0,1.0,0.0,0.75,1,245,1.0,0.0,1.0,0.04,0.0,0.0,1.0,0,116042.0
0,tcp,courier,S0,0,0,0,0,0,0,0,0,0,126,1.0,1.0,0.0,0.0,0.04,0.07,0.0,255,5,0.02,0.08,0.0,0.0,1.0,1.0,0.0,1,77783.0
0,tcp,http,SF,211,2526,0,0,1,0,0,0,0,12,0.0,0.0,0.0,0.0,1.0,0.0,0.08,255,255,1.0,0.0,0.0,0.0,0.0,0.0,0.0,0,122627.0
0,tcp,http,SF,216,990,0,0,1,0,0,0,0,13,0.0,0.0,0.0,0.0,1.0,0.0,0.0,150,255,1.0,0.0,0.01,0.01,0.0,0.0,0.0,0,11025.0
0,tcp,ftp,S0,0,0,0,0,0,0,0,0,0,241,1.0,1.0,0.0,0.0,0.02,0.07,0.0,255,11,0.04,0.07,0.0,0.0,1.0,1.0,0.0,1,112024.0
0,tcp,http,SF,172,6219,0,0,1,0,0,0,0,1,0.0,0.0,0.0,0.0,1.0,0.0,0.08,97,255,1.0,0.0,0.01,0.03,0.0,0.0,0.01,0,55491.0
0,tcp,smtp,SF,615,339,0,0,1,0,0,0,0,1,0.0,0.0,0.0,0.0,1.0,0.0,0.0,195,242,0.96,0.01,0.01,0.01,0.0,0.0,0.0,0,27957.0
0,tcp,http,S0,0,0,0,0,0,0,0,0,0,2,0.5,0.5,0.0,0.0,1.0,0.0,0.0,2,255,1.0,0.0,1.0,0.04,0.5,0.02,0.0,0,44625.0
0,tcp,discard,S0,0,0,0,0,0,0,0,0,0,123,1.0,1.0,0.0,0.0,0.12,0.06,0.0,255,9,0.04,0.06,0.0,0.0,1.0,1.0,0.0,1,82895.0
0,tcp,uucp_path,S0,0,0,0,0,0,0,0,0,0,212,1.0,1.0,0.0,0.0,0.04,0.05,0.0,255,9,0.04,0.05,0.0,0.0,1.0,1.0,0.0,1,62215.0
0,udp,domain_u,SF,43,121,0,0,0,0,0,0,0,190,0.0,0.0,0.0,0.0,1.0,0.0,0.01,255,232,0.91,0.01,0.0,0.0,0.0,0.0,0.0,0,80447.0
0,tcp,private,S0,0,0,0,0,0,0,0,0,0,72,1.0,1.0,0.0,0.0,0.14,0.07,0.0,255,10,0.04,0.06,0.0,0.0,1.0,1.0,0.0,1,107107.0
0,tcp,smtp,SF,1515,372,0,0,1,0,0,0,0,1,0.0,0.0,0.0,0.0,1.0,0.0,0.8,109,125,0.6,0.07,0.01,0.02,0.0,0.01,0.0,0,85532.0
0,tcp,http,SF,218,320,0,0,1,0,0,0,0,50,0.0,0.0,0.0,0.0,1.0,0.0,0.0,50,255,1.0,0.0,0.02,0.04,0.0,0.0,0.0,0,64853.0
0,tcp,private,S0,0,0,0,0,0,0,0,0,0,122,1.0,1.0,0.0,0.0,0.06,0.06,0.0,255,2,0.01,0.07,0.0,0.0,1.0,1.0,0.0,1,111023.0
0,tcp,private,RSTR,0,0,0,0,0,0,0,0,0,2,0.0,0.0,0.5,1.0,0.5,1.0,0.0,232,1,0.0,0.3,0.28,0.0,0.0,0.0,1.0,1,41915.0
0,tcp,smtp,SF,557,325,0,0,1,0,0,0,0,1,0.0,0.0,0.0,0.0,1.0,0.0,1.0,80,154,0.56,0.19,0.01,0.01,0.01,0.0,0.0,0,84765.0
0,tcp,kshell,REJ,0,0,0,0,0,0,0,0,0,132,0.0,0.0,1.0,1.0,0.04,0.06,0.0,255,5,0.02,0.06,0.0,0.0,0.0,0.0,1.0,1,94946.0
0,tcp,http,SF,156,597,0,0,1,0,0,0,0,1,0.0,0.0,0.0,0.0,1.0,0.0,0.0,43,255,1.0,0.0,0.02,0.02,0.0,0.01,0.0,0,121792.0
0,tcp,http,SF,329,1284,0,0,1,0,0,0,0,2,0.0,0.0,0.0,0.0,1.0,0.0,0.0,2,255,1.0,0.0,0.5,0.04,0.0,0.0,0.0,0,88020.0
0,tcp,http,S0,0,0,0,0,0,0,0,0,0,126,1.0,1.0,0.0,0.0,0.14,0.06,0.0,255,18,0.07,0.05,0.0,0.0,1.0,1.0,0.0,1,66575.0
0,tcp,http,SF,240,850,0,0,1,0,0,0,0,37,0.0,0.0,0.0,0.0,1.0,0.0,0.0,255,255,1.0,0.0,0.0,0.0,0.0,0.0,0.0,0,117505.0
0,tcp,private,REJ,0,0,0,0,0,0,0,0,0,2,0.0,0.0,1.0,1.0,0.5,1.0,0.0,255,1,0.0,0.56,0.51,0.0,0.01,0.0,1.0,1,101314.0
0,tcp,http,SF,54540,8314,0,2,1,1,0,0,0,4,0.0,0.0,0.0,0.0,1.0,0.0,0.0,54,54,1.0,0.0,0.02,0.0,0.02,0.02,0.02,1,110164.0
0,tcp,smtp,SF,657,326,0,0,1,0,0,0,0,2,0.0,0.0,0.0,0.0,0.5,1.0,0.0,255,11,0.04,0.6,0.0,0.0,0.0,0.09,0.0,0,324.0
0,tcp,bgp,S0,0,0,0,0,0,0,0,0,0,237,1.0,1.0,0.0,0.0,0.05,0.06,0.0,255,8,0.03,0.08,0.0,0.0,1.0,1.0,0.0,1,74148.0
0,tcp,http,SF,274,17066,0,0,1,0,0,0,0,1,0.0,0.0,0.0,0.0,1.0,0.0,1.0,33,255,1.0,0.0,0.03,0.03,0.0,0.0,0.0,0,110886.0
0,tcp,http,SF,236,4627,0,0,1,0,0,0,0,18,0.0,0.0,0.0,0.0,1.0,0.0,0.0,255,255,1.0,0.0,0.0,0.0,0.0,0.0,0.0,0,94472.0
0,tcp,http,SF,335,5280,0,0,1,0,0,0,0,6,0.0,0.0,0.0,0.0,1.0,0.0,0.0,255,255,1.0,0.0,0.0,0.0,0.0,0.0,0.0,0,96380.0
0,tcp,other,REJ,0,0,0,0,0,0,0,0,0,509,0.2,0.0,0.79,1.0,0.0,1.0,0.0,255,1,0.0,1.0,0.0,0.0,0.15,0.0,1.0,1,38790.0
1,tcp,smtp,SF,990,334,0,0,1,0,0,0,0,1,0.0,0.0,0.0,0.0,1.0,0.0,1.0,150,154,0.74,0.05,0.01,0.01,0.01,0.01,0.0,0,106124.0
0,tcp,link,REJ,0,0,0,0,0,0,0,0,0,234,0.0,0.0,1.0,1.0,0.01,0.07,0.0,255,2,0.01,0.08,0.0,0.0,0.0,0.0,1.0,1,14685.0
0,udp,domain_u,SF,46,82,0,0,0,0,0,0,0,246,0.0,0.0,0.0,0.0,1.0,0.01,0.0,255,254,1.0,0.01,0.0,0.0,0.0,0.0,0.0,0,62011.0
0,icmp,eco_i,SF,8,0,0,0,0,0,0,0,0,1,0.0,0.0,0.0,0.0,1.0,0.0,1.0,2,18,1.0,0.0,1.0,0.5,0.0,0.0,0.0,1,44992.0
0,tcp,private,S0,0,0,0,0,0,0,0,0,0,127,1.0,1.0,0.0,0.0,0.13,0.06,0.0,237,16,0.07,0.07,0.0,0.0,1.0,1.0,0.0,1,54373.0
0,tcp,http,SF,214,961,0,0,1,0,0,0,0,13,0.0,0.0,0.0,0.0,1.0,0.0,0.25,13,255,1.0,0.0,0.08,0.06,0.0,0.0,0.0,0,72039.0
0,tcp,private,REJ,0,0,0,0,0,0,0,0,0,162,0.0,0.0,1.0,1.0,0.09,0.07,0.0,255,14,0.05,0.08,0.0,0.0,0.0,0.0,1.0,1,85355.0
0,tcp,http,SF,265,558,0,0,1,0,0,0,0,4,0.0,0.0,0.0,0.0,1.0,0.0,0.0,255,255,1.0,0.0,0.0,0.0,0.0,0.0,0.01,0,54058.0
0,icmp,eco_i,SF,8,0,0,0,0,0,0,0,0,1,0.0,0.0,0.0,0.0,1.0,0.0,1.0,2,138,1.0,0.0,1.0,0.5,0.0,0.0,0.0,1,78588.0
0,udp,other,SF,1,0,0,0,0,0,0,0,0,19,0.0,0.0,0.0,0.0,0.16,0.11,0.0,255,3,0.01,0.07,0.98,0.0,0.0,0.0,0.0,1,72408.0
21,tcp,private,RSTR,0,0,0,0,0,0,0,0,0,1,0.0,0.0,1.0,1.0,1.0,0.0,0.0,255,1,0.0,1.0,1.0,0.0,0.0,0.0,1.0,1,14142.0
0,tcp,smtp,SF,1046,330,0,0,1,0,0,0,0,1,0.0,0.0,0.0,0.0,1.0,0.0,1.0,9,16,1.0,0.0,0.11,0.12,0.0,0.0,0.0,0,105049.0
0,tcp,private,S0,0,0,0,0,0,0,0,0,0,32,1.0,1.0,0.0,0.0,0.19,0.09,0.0,255,6,0.02,0.08,0.0,0.0,1.0,1.0,0.0,1,107662.0
0,tcp,telnet,S0,0,0,0,0,0,0,0,0,0,8,1.0,1.0,0.0,0.0,1.0,0.0,0.0,48,9,0.17,0.06,0.02,0.22,1.0,0.89,0.0,1,124555.0
0,tcp,http,SF,244,913,0,0,1,0,0,0,0,6,0.0,0.0,0.0,0.0,1.0,0.0,0.06,255,255,1.0,0.0,0.0,0.0,0.0,0.0,0.0,0,86332.0
0,udp,private,SF,105,145,0,0,0,0,0,0,0,7,0.0,0.0,0.0,0.0,0.14,0.29,0.0,255,225,0.88,0.01,0.0,0.0,0.0,0.0,0.0,0,44346.0
0,tcp,private,S0,0,0,0,0,0,0,0,0,0,238,1.0,1.0,0.0,0.0,0.06,0.06,0.0,255,7,0.03,0.09,0.0,0.0,1.0,1.0,0.0,1,118702.0
0,tcp,private,S0,0,0,0,0,0,0,0,0,0,111,1.0,1.0,0.0,0.0,0.05,0.07,0.0,255,4,0.02,0.07,0.0,0.0,1.0,1.0,0.0,1,23237.0
0,tcp,http,SF,210,2909,0,0,1,0,0,0,0,19,0.0,0.0,0.0,0.0,1.0,0.0,0.1,19,255,1.0,0.0,0.05,0.04,0.0,0.0,0.0,0,56569.0
0,tcp,http,SF,237,804,0,0,1,0,0,0,0,2,0.0,0.0,0.0,0.0,1.0,0.0,0.67,7,255,1.0,0.0,0.14,0.06,0.0,0.0,0.0,0,111361.0
0,tcp,private,S0,0,0,0,0,0,0,0,0,0,44,1.0,1.0,0.0,0.0,0.02,0.11,0.0,255,12,0.05,0.08,0.0,0.0,1.0,1.0,0.0,1,5062.0
0,tcp,private,S0,0,0,0,0,0,0,0,0,0,31,1.0,1.0,0.0,0.0,0.26,0.13,0.0,255,8,0.03,0.08,0.0,0.0,1.0,1.0,0.0,1,62452.0
0,tcp,other,REJ,0,0,0,0,0,0,0,0,0,511,0.11,0.0,0.86,1.0,0.0,1.0,0.0,255,1,0.0,1.0,0.0,0.0,0.11,0.0,1.0,1,107250.0
0,tcp,private,REJ,0,0,0,0,0,0,0,0,0,217,0.0,0.0,1.0,1.0,0.07,0.06,0.0,255,16,0.06,0.08,0.0,0.0,0.0,0.0,1.0,1,54393.0
0,tcp,smtp,SF,3798,566,0,0,1,0,0,0,0,1,0.0,0.0,0.0,0.0,1.0,0.0,0.0,138,108,0.27,0.03,0.01,0.02,0.01,0.0,0.0,0,40850.0
0,tcp,http,SF,295,415,0,0,1,0,0,0,0,9,0.0,0.0,0.11,0.11,1.0,0.0,0.0,255,255,1.0,0.0,0.0,0.0,0.0,0.0,0.01,0,83895.0
39154,tcp,private,RSTR,1,0,0,0,0,0,0,0,0,2,0.0,0.0,1.0,1.0,1.0,0.0,0.0,255,2,0.01,0.51,1.0,0.0,0.0,0.0,1.0,1,99741.0
0,tcp,private,S0,0,0,0,0,0,0,0,0,0,286,1.0,1.0,0.0,0.0,0.03,0.06,0.0,255,19,0.07,0.08,0.0,0.0,1.0,1.0,0.0,1,103233.0
0,tcp,http,REJ,0,0,0,0,0,0,0,0,0,289,0.0,0.0,1.0,1.0,0.06,0.06,0.0,255,16,0.06,0.06,0.0,0.0,0.0,0.0,1.0,1,14984.0
0,udp,private,SF,207,0,0,0,0,0,0,0,0,2,0.0,0.0,0.0,0.0,1.0,0.0,0.0,8,8,1.0,0.0,1.0,0.0,0.0,0.0,0.0,1,58160.0
0,icmp,eco_i,SF,8,0,0,0,0,0,0,0,0,1,0.0,0.0,0.0,0.0,1.0,0.0,1.0,1,71,1.0,0.0,1.0,0.51,0.0,0.0,0.0,1,113557.0
0,icmp,eco_i,SF,30,0,0,0,0,0,0,0,0,1,0.0,0.0,0.0,0.0,1.0,0.0,0.0,180,180,1.0,0.0,1.0,0.0,0.0,0.0,0.0,0,38576.0
0,tcp,http,SF,249,31,0,0,1,0,0,0,0,4,0.0,0.0,0.0,0.0,1.0,0.0,0.0,255,255,1.0,0.0,0.0,0.0,0.0,0.0,0.0,0,107425.0
0,tcp,telnet,S0,0,0,0,0,0,0,0,0,0,16,1.0,1.0,0.0,0.0,0.19,0.12,0.0,43,4,0.07,0.07,0.02,0.5,1.0,0.75,0.0,1,62444.0
0,tcp,http,SF,239,3222,0,0,1,0,0,0,0,2,0.0,0.0,0.0,0.0,1.0,0.0,0.0,255,248,0.97,0.01,0.0,0.0,0.0,0.0,0.0,0,93829.0
0,udp,domain_u,SF,45,76,0,0,0,0,0,0,0,189,0.0,0.0,0.0,0.0,1.0,0.0,0.0,255,255,1.0,0.0,0.01,0.0,0.0,0.0,0.0,0,44137.0
0,icmp,eco_i,SF,8,0,0,0,0,0,0,0,0,1,0.0,0.0,0.0,0.0,1.0,0.0,1.0,2,72,1.0,0.0,1.0,0.5,0.0,0.0,0.0,1,101249.0
0,tcp,http,SF,326,498,0,0,1,0,0,0,0,9,0.0,0.0,0.0,0.0,1.0,0.0,0.0,255,255,1.0,0.0,0.0,0.0,0.0,0.0,0.0,0,25439.0
0,tcp,ldap,S0,0,0,0,0,0,0,0,0,0,231,1.0,1.0,0.0,0.0,0.09,0.05,0.0,255,20,0.08,0.06,0.0,0.0,1.0,1.0,0.0,1,28350.0
0,tcp,http,SF,240,1469,0,0,1,0,0,0,0,4,0.0,0.0,0.0,0.0,1.0,0.0,0.0,255,255,1.0,0.0,0.0,0.0,0.0,0.0,0.0,0,16023.0
0,tcp,smtp,SF,1179,281,0,0,1,0,0,0,0,1,0.0,0.0,0.0,0.0,1.0,0.0,1.0,244,128,0.52,0.02,0.0,0.02,0.01,0.02,0.0,0,105923.0
0,tcp,imap4,S0,0,0,0,0,0,0,0,0,0,207,1.0,1.0,0.0,0.0,0.08,0.06,0.0,255,13,0.05,0.06,0.0,0.0,1.0,1.0,0.0,1,6598.0
0,tcp,http,SF,195,1954,0,0,1,0,0,0,0,12,0.0,0.0,0.0,0.0,1.0,0.0,0.0,137,255,1.0,0.0,0.01,0.03,0.0,0.0,0.01,0,97509.0
0,tcp,netbios_ssn,REJ,0,0,0,0,0,0,0,0,0,102,0.0,0.0,1.0,1.0,0.01,0.08,0.0,255,1,0.0,0.08,0.0,0.0,0.0,0.0,1.0,1,42159.0
0,tcp,http,SF,334,281,0,0,1,0,0,0,0,8,0.0,0.0,0.0,0.0,1.0,0.0,0.0,255,253,0.99,0.01,0.0,0.0,0.0,0.0,0.0,0,110559.0
0,tcp,private,RSTR,0,0,0,0,0,0,0,0,0,1,0.0,0.0,1.0,1.0,1.0,0.0,0.0,255,1,0.0,0.57,0.56,0.0,0.0,0.0,1.0,1,111087.0
2,tcp,smtp,SF,2867,330,0,0,1,0,0,0,0,1,0.0,0.0,0.0,0.0,1.0,0.0,1.0,44,112,0.16,0.07,0.02,0.02,0.0,0.0,0.0,0,23862.0
0,tcp,daytime,S0,0,0,0,0,0,0,0,0,0,203,1.0,1.0,0.0,0.0,0.08,0.06,0.0,255,16,0.06,0.07,0.0,0.0,1.0,1.0,0.0,1,30171.0
0,icmp,eco_i,SF,8,0,0,0,0,0,0,0,0,1,0.0,0.0,0.0,0.0,1.0,0.0,1.0,2,124,1.0,0.0,1.0,0.5,0.0,0.0,0.0,1,109484.0
0,tcp,http,SF,302,1263,0,0,1,0,0,0,0,2,0.0,0.0,0.0,0.0,1.0,0.0,0.4,255,255,1.0,0.0,0.0,0.0,0.0,0.0,0.0,0,106516.0
0,icmp,ecr_i,SF,1032,0,0,0,0,0,0,0,0,511,0.0,0.0,0.0,0.0,1.0,0.0,0.0,255,40,0.16,0.04,0.16,0.0,0.26,0.0,0.0,1,107883.0
0,tcp,smtp,SF,1060,333,0,0,1,0,0,0,0,1,0.0,0.0,0.0,0.0,1.0,0.0,1.0,31,139,0.71,0.13,0.03,0.01,0.0,0.0,0.0,0,44321.0
0,tcp,http,SF,217,588,0,0,1,0,0,0,0,9,0.0,0.0,0.0,0.0,1.0,0.0,0.2,166,255,1.0,0.0,0.01,0.02,0.0,0.0,0.0,0,55849.0
0,tcp,ftp_data,SF,14052,0,0,0,0,0,0,0,0,2,0.0,0.0,0.0,0.0,1.0,0.0,0.0,255,77,0.3,0.03,0.3,0.0,0.0,0.0,0.0,0,67147.0
0,tcp,ftp_data,SF,641,0,0,0,1,0,0,0,0,1,0.0,0.0,0.0,0.0,1.0,0.0,0.0,6,82,0.83,0.33,0.83,0.02,0.0,0.0,0.0,0,17689.0
0,tcp,http,SF,197,34141,0,0,1,0,0,0,0,1,0.0,0.0,0.0,0.0,1.0,0.0,0.0,255,255,1.0,0.0,0.0,0.0,0.0,0.0,0.0,0,47671.0
1,tcp,private,RSTR,0,0,0,0,0,0,0,0,0,54,0.0,0.0,1.0,1.0,0.04,0.54,0.0,224,2,0.01,0.13,0.24,0.0,0.01,0.0,1.0,1,95165.0
0,tcp,http,SF,295,1408,0,0,1,0,0,0,0,21,0.0,0.0,0.0,0.0,1.0,0.0,0.0,105,255,1.0,0.0,0.01,0.02,0.0,0.0,0.0,0,22704.0
0,tcp,http,SF,263,345,0,0,1,0,0,0,0,3,0.0,0.0,0.0,0.0,1.0,0.0,0.5,3,255,1.0,0.0,0.33,0.04,0.0,0.0,0.0,0,125527.0
0,tcp,http,SF,320,9790,0,0,1,0,0,0,0,11,0.0,0.0,0.0,0.0,1.0,0.0,0.1,11,255,1.0,0.0,0.09,0.04,0.0,0.0,0.0,0,47447.0
0,tcp,http,SF,295,3810,0,0,1,0,0,0,0,7,0.0,0.0,0.0,0.0,1.0,0.0,0.22,7,255,1.0,0.0,0.14,0.07,0.0,0.01,0.0,0,78215.0
0,tcp,private,S0,0,0,0,0,0,0,0,0,0,105,1.0,1.0,0.0,0.0,0.12,0.06,0.0,255,10,0.04,0.08,0.0,0.0,1.0,1.0,0.0,1,2413.0
0,tcp,private,S0,0,0,0,0,0,0,0,0,0,135,1.0,1.0,0.0,0.0,0.09,0.06,0.0,255,16,0.06,0.05,0.0,0.0,1.0,1.0,0.0,1,71737.0
0,icmp,ecr_i,SF,520,0,0,0,0,0,0,0,0,449,0.0,0.0,0.0,0.0,1.0,0.0,0.0,148,148,1.0,0.0,1.0,0.0,0.0,0.0,0.0,1,90578.0
0,tcp,http,SF,341,279,0,0,1,0,0,0,0,4,0.0,0.0,0.0,0.0,1.0,0.0,0.4,46,255,1.0,0.0,0.02,0.03,0.0,0.0,0.0,0,124757.0
0,tcp,smtp,SF,5543,324,0,0,1,0,0,0,0,1,0.0,0.0,0.0,0.0,1.0,0.0,1.0,29,16,0.55,0.1,0.03,0.0,0.0,0.0,0.0,0,79670.0
0,tcp,http,SF,218,1588,0,0,1,0,0,0,0,10,0.0,0.0,0.0,0.0,1.0,0.0,0.0,10,255,1.0,0.0,0.1,0.02,0.0,0.0,0.0,0,37797.0
0,udp,other,SF,1,0,0,0,0,0,0,0,0,43,0.0,0.0,0.0,0.0,0.23,0.09,0.0,255,10,0.04,0.06,1.0,0.0,0.0,0.0,0.0,1,5314.0
0,udp,private,SF,105,146,0,0,0,0,0,0,0,3,0.0,0.0,0.0,0.0,0.33,1.0,0.0,255,233,0.91,0.01,0.0,0.0,0.0,0.0,0.0,0,24194.0
0,udp,private,SF,207,0,0,0,0,0,0,0,0,2,0.0,0.0,0.0,0.0,1.0,0.0,0.0,202,170,0.84,0.01,0.84,0.0,0.0,0.0,0.0,1,124820.0
5,tcp,smtp,SF,1516,333,0,0,1,0,0,0,0,1,0.0,0.0,0.0,0.0,1.0,0.0,0.0,203,170,0.61,0.02,0.0,0.01,0.0,0.0,0.05,0,68223.0
0,tcp,http,S2,256,15968,0,0,1,0,0,0,0,1,1.0,0.04,0.0,0.0,1.0,0.0,0.08,179,255,1.0,0.0,0.01,0.01,0.01,0.0,0.0,0,20003.0
0,tcp,http,SF,310,2698,0,0,1,0,0,0,1,3,0.0,0.0,0.0,0.0,1.0,0.0,0.0,255,243,0.95,0.01,0.0,0.0,0.0,0.0,0.01,0,36525.0
0,tcp,netbios_ssn,S0,0,0,0,0,0,0,0,0,0,293,1.0,1.0,0.0,0.0,0.03,0.05,0.0,255,4,0.02,0.07,0.0,0.0,1.0,1.0,0.0,1,8212.0
0,tcp,ldap,S0,0,0,0,0,0,0,0,0,0,109,1.0,1.0,0.0,0.0,0.17,0.06,0.0,255,2,0.01,0.07,0.0,0.0,1.0,1.0,0.0,1,77491.0
0,tcp,private,S0,0,0,0,0,0,0,0,0,0,208,1.0,1.0,0.0,0.0,0.04,0.07,0.0,255,5,0.02,0.07,0.0,0.0,1.0,1.0,0.0,1,41819.0
0,tcp,http,SF,240,8719,0,0,1,0,0,0,0,1,0.0,0.0,0.0,0.0,1.0,0.0,0.0,250,255,1.0,0.0,0.0,0.01,0.0,0.0,0.0,0,70735.0
0,tcp,private,S0,0,0,0,0,0,0,0,0,0,215,1.0,1.0,0.0,0.0,0.04,0.07,0.0,255,5,0.02,0.09,0.0,0.0,1.0,1.0,0.0,1,61376.0
0,tcp,login,S0,0,0,0,0,0,0,0,0,0,134,1.0,1.0,0.0,0.0,0.1,0.06,0.0,255,13,0.05,0.05,0.0,0.0,1.0,1.0,0.0,1,83706.0
0,tcp,ftp_data,SF,151,0,0,0,0,0,0,0,0,4,0.0,0.0,0.0,0.0,1.0,0.0,0.0,111,29,0.2,0.04,0.2,0.07,0.0,0.0,0.0,0,80248.0
0,udp,domain_u,SF,29,0,0,0,0,0,0,0,0,1,0.0,0.0,0.0,0.0,1.0,0.0,0.0,224,41,0.15,0.03,0.15,0.05,0.0,0.0,0.0,0,69854.0
0,udp,domain_u,SF,45,131,0,0,0,0,0,0,0,72,0.0,0.0,0.0,0.0,1.0,0.0,0.01,255,254,1.0,0.01,0.0,0.0,0.0,0.0,0.0,0,2468.0
0,tcp,private,RSTR,0,0,0,0,0,0,0,0,0,1,0.0,0.0,1.0,1.0,1.0,0.0,0.0,255,1,0.0,0.11,0.09,0.0,0.0,0.0,1.0,1,47912.0
3,tcp,smtp,SF,1306,335,0,0,1,0,0,0,0,1,0.0,0.0,0.0,0.0,1.0,0.0,1.0,62,130,0.56,0.08,0.02,0.02,0.03,0.0,0.0,0,77959.0
0,udp,domain_u,SF,43,130,0,0,0,0,0,0,0,107,0.0,0.0,0.0,0.0,1.0,0.0,0.02,255,255,1.0,0.0,0.0,0.0,0.0,0.0,0.0,0,70076.0
0,tcp,http,SF,156,10995,0,0,1,0,0,0,0,1,0.0,0.0,0.0,0.0,1.0,0.0,1.0,1,255,1.0,0.0,1.0,0.03,0.0,0.0,0.0,0,93235.0
0,tcp,private,RSTR,0,0,0,0,0,0,0,0,0,1,0.0,0.0,1.0,1.0,1.0,0.0,0.0,255,1,0.0,0.85,0.84,0.0,0.0,0.0,1.0,1,32258.0
0,tcp,http,SF,264,17834,0,0,1,0,0,0,0,1,0.0,0.0,0.0,0.0,1.0,0.0,0.0,7,255,1.0,0.0,0.14,0.03,0.0,0.01,0.0,0,87627.0
36204,tcp,private,RSTR,1,0,0,0,0,0,0,0,0,2,0.0,0.0,1.0,1.0,1.0,0.0,0.0,255,2,0.01,0.5,1.0,0.0,0.0,0.0,1.0,1,32424.0
0,udp,other,SF,147,0,0,0,0,0,0,0,0,1,0.0,0.0,0.0,0.0,1.0,0.0,0.0,255,1,0.0,0.53,0.85,0.0,0.0,0.0,0.0,0,106077.0
0,tcp,private,S0,0,0,0,0,0,0,0,0,0,218,1.0,1.0,0.0,0.0,0.06,0.06,0.0,255,10,0.04,0.08,0.0,0.0,1.0,1.0,0.0,1,6368.0
0,tcp,private,S0,0,0,0,0,0,0,0,0,0,216,1.0,1.0,0.0,0.0,0.04,0.07,0.0,255,8,0.03,0.08,0.0,0.0,1.0,1.0,0.0,1,39251.0
0,tcp,smtp,SF,1044,323,0,0,1,0,0,0,0,1,0.0,0.0,0.0,0.0,1.0,0.0,0.0,221,167,0.76,0.02,0.0,0.0,0.0,0.0,0.0,0,68910.0
0,udp,other,SF,147,0,0,0,0,0,0,0,0,7,0.14,0.0,0.0,0.0,0.14,0.57,0.0,255,1,0.0,0.62,0.9,0.0,0.0,0.0,0.0,0,15618.0
0,tcp,ftp_data,SF,12,0,0,0,1,0,0,0,0,1,0.0,0.0,0.0,0.0,1.0,0.0,0.0,180,48,0.21,0.07,0.26,0.04,0.01,0.02,0.0,0,77266.0
0,tcp,ftp_data,SF,965,0,0,0,1,0,0,0,0,11,0.0,0.0,0.0,0.0,1.0,0.0,0.0,41,56,0.34,0.12,0.34,0.05,0.0,0.0,0.0,0,122954.0
0,tcp,mtp,S0,0,0,0,0,0,0,0,0,0,231,1.0,1.0,0.0,0.0,0.03,0.07,0.0,255,7,0.03,0.07,0.0,0.0,1.0,1.0,0.0,1,26446.0
0,tcp,uucp,S0,0,0,0,0,0,0,0,0,0,73,1.0,1.0,0.0,0.0,0.3,0.05,0.0,255,22,0.09,0.04,0.0,0.0,1.0,1.0,0.0,1,92788.0
0,tcp,http,SF,249,3649,0,0,1,0,0,0,0,1,0.0,0.0,0.0,0.0,1.0,0.0,0.0,13,79,1.0,0.0,0.08,0.06,0.0,0.0,0.0,0,27359.0
0,tcp,http,SF,215,288,0,0,1,0,0,0,0,9,0.0,0.0,0.0,0.0,1.0,0.0,0.14,173,255,1.0,0.0,0.01,0.02,0.0,0.0,0.0,0,80071.0
0,tcp,uucp,S0,0,0,0,0,0,0,0,0,0,137,1.0,1.0,0.0,0.0,0.11,0.06,0.0,255,6,0.02,0.07,0.0,0.0,1.0,1.0,0.0,1,8092.0
0,tcp,time,S0,0,0,0,0,0,0,0,0,0,119,1.0,1.0,0.0,0.0,0.02,0.06,0.0,255,2,0.01,0.05,0.0,0.0,1.0,1.0,0.0,1,102640.0
0,tcp,other,REJ,0,0,0,0,0,0,0,0,0,511,0.12,0.0,0.88,1.0,0.0,1.0,0.0,255,1,0.0,1.0,0.0,0.0,0.14,0.0,1.0,1,96336.0
0,tcp,ftp_data,SF,95,0,0,0,1,0,0,0,0,4,0.0,0.0,0.0,0.0,1.0,0.0,0.0,255,150,0.59,0.03,0.6,0.0,0.0,0.01,0.0,0,52099.0
0,icmp,eco_i,SF,30,0,0,0,0,0,0,0,0,1,0.0,0.0,0.0,0.0,1.0,0.0,0.0,53,90,0.98,0.04,0.98,0.22,0.0,0.0,0.0,0,90884.0
0,tcp,http,SF,208,9363,0,0,1,0,0,0,0,28,0.0,0.0,0.0,0.0,1.0,0.0,0.0,71,255,1.0,0.0,0.01,0.03,0.0,0.0,0.0,0,95097.0
0,tcp,ftp_data,SF,209,0,0,0,0,0,0,0,0,2,0.0,0.0,0.0,0.0,1.0,0.0,0.0,166,14,0.06,0.02,0.06,0.14,0.0,0.0,0.0,0,114516.0
0,icmp,eco_i,SF,8,0,0,0,0,0,0,0,0,1,0.0,0.0,0.0,0.0,1.0,0.0,1.0,3,19,1.0,0.0,1.0,0.26,0.0,0.0,0.0,1,32418.0
0,udp,domain_u,SF,43,78,0,0,0,0,0,0,0,147,0.0,0.0,0.0,0.0,1.0,0.0,0.02,255,231,0.91,0.01,0.0,0.0,0.0,0.0,0.0,0,4710.0
0,tcp,ftp_data,SF,567,0,0,0,0,0,0,0,0,1,0.0,0.0,0.0,0.0,1.0,0.0,0.0,60,116,0.83,0.05,0.83,0.02,0.0,0.0,0.0,0,113603.0
0,tcp,ftp_data,SF,2881,0,0,0,1,0,0,0,0,6,0.0,0.0,0.0,0.0,1.0,0.0,0.0,206,65,0.21,0.02,0.21,0.03,0.0,0.0,0.0,0,114893.0
0,tcp,klogin,S0,0,0,0,0,0,0,0,0,0,144,1.0,1.0,0.0,0.0,0.08,0.06,0.0,255,5,0.02,0.07,0.0,0.0,1.0,1.0,0.0,1,37082.0
0,tcp,http,SF,212,2431,0,0,1,0,0,0,0,5,0.0,0.0,0.0,0.0,1.0,0.0,0.0,166,255,1.0,0.0,0.01,0.01,0.0,0.0,0.0,0,114748.0
0,tcp,smtp,RSTO,0,0,0,0,0,0,0,0,0,201,0.0,0.0,1.0,1.0,0.0,0.06,0.0,255,1,0.0,0.07,0.0,0.0,0.0,0.0,1.0,1,75890.0
0,tcp,http,SF,344,294,0,0,1,0,0,0,0,5,0.0,0.0,0.0,0.0,1.0,0.0,0.0,255,255,1.0,0.0,0.0,0.0,0.0,0.0,0.0,0,111569.0
19,tcp,smtp,SF,955,281,0,0,1,0,0,0,0,1,0.0,0.0,0.0,0.0,1.0,0.0,0.0,212,156,0.56,0.07,0.0,0.01,0.0,0.0,0.0,0,2044.0
0,tcp,private,REJ,0,0,0,0,0,0,0,0,0,105,0.0,0.0,1.0,1.0,0.12,0.08,0.0,255,2,0.01,0.08,0.0,0.0,0.0,0.0,1.0,1,90406.0
2,tcp,smtp,SF,881,336,0,0,1,0,0,0,0,1,0.0,0.0,0.0,0.0,1.0,0.0,1.0,27,179,0.93,0.07,0.04,0.01,0.0,0.01,0.0,0,17785.0
0,tcp,private,S0,0,0,0,0,0,0,0,0,0,249,1.0,1.0,0.0,0.0,0.08,0.06,0.0,255,18,0.07,0.08,0.0,0.0,1.0,1.0,0.0,1,66165.0
0,tcp,http,SF,216,1035,0,0,1,0,0,0,0,25,0.0,0.0,0.0,0.0,1.0,0.0,0.0,255,255,1.0,0.0,0.0,0.0,0.0,0.0,0.0,0,68095.0
0,udp,domain_u,SF,46,46,0,0,0,0,0,0,0,92,0.0,0.0,0.0,0.0,1.0,0.0,0.02,255,254,1.0,0.01,0.01,0.0,0.0,0.0,0.0,0,5462.0
0,tcp,private,S0,0,0,0,0,0,0,0,0,0,11,1.0,1.0,0.0,0.0,0.27,0.45,0.0,255,11,0.04,0.08,0.0,0.0,1.0,1.0,0.0,1,63920.0
0,tcp,vmnet,S0,0,0,0,0,0,0,0,0,0,283,1.0,1.0,0.0,0.0,0.02,0.06,0.0,255,7,0.03,0.06,0.0,0.0,1.0,1.0,0.0,1,93140.0
0,tcp,ftp_data,SF,12,0,0,0,0,0,0,0,0,2,0.0,0.0,0.0,0.0,1.0,0.0,0.0,97,6,0.06,0.05,0.06,0.0,0.0,0.0,0.0,0,58225.0
0,tcp,http,S0,0,0,0,0,0,0,0,0,0,3,1.0,1.0,0.0,0.0,1.0,0.0,0.0,255,31,0.12,0.04,0.0,0.0,1.0,1.0,0.0,1,94598.0
0,icmp,eco_i,SF,8,0,0,0,0,0,0,0,0,1,0.0,0.0,0.0,0.0,1.0,0.0,1.0,1,1,1.0,0.0,1.0,0.0,0.0,0.0,0.0,1,49382.0
0,tcp,http,SF,198,12149,0,0,1,0,0,0,0,6,0.0,0.0,0.0,0.0,1.0,0.0,0.0,119,255,1.0,0.0,0.01,0.03,0.0,0.0,0.0,0,106292.0
0,icmp,eco_i,SF,30,0,0,0,0,0,0,0,0,1,0.0,0.0,0.0,0.0,1.0,0.0,0.0,204,204,1.0,0.0,1.0,0.0,0.0,0.0,0.0,0,124605.0
0,tcp,netbios_dgm,S0,0,0,0,0,0,0,0,0,0,289,1.0,1.0,0.0,0.0,0.09,0.05,0.0,255,25,0.1,0.05,0.0,0.0,1.0,1.0,0.0,1,78852.0
0,tcp,mtp,S0,0,0,0,0,0,0,0,0,0,211,1.0,1.0,0.0,0.0,0.05,0.06,0.0,255,4,0.02,0.07,0.0,0.0,1.0,1.0,0.0,1,34065.0
0,udp,domain_u,SF,42,42,0,0,0,0,0,0,0,42,0.0,0.0,0.0,0.0,1.0,0.0,0.0,255,254,1.0,0.01,0.0,0.0,0.0,0.0,0.0,0,23181.0
0,tcp,http,SF,184,3758,0,0,1,0,0,0,0,1,0.0,0.0,0.0,0.0,1.0,0.0,0.0,17,255,1.0,0.0,0.06,0.04,0.0,0.0,0.0,0,30186.0
0,tcp,http,SF,54540,8314,0,2,1,1,0,0,0,4,0.0,0.0,0.0,0.0,0.75,0.5,0.0,65,65,1.0,0.0,0.02,0.0,0.0,0.0,0.03,1,32744.0
0,tcp,smtp,SF,682,334,0,0,1,0,0,0,0,1,0.0,0.0,0.0,0.0,1.0,0.0,0.0,47,114,0.38,0.06,0.02,0.02,0.0,0.18,0.0,0,103560.0
0,tcp,http,SF,209,284,0,0,1,0,0,0,0,3,0.0,0.0,0.0,0.0,1.0,0.0,0.5,255,255,1.0,0.0,0.0,0.0,0.0,0.0,0.0,0,105157.0
0,tcp,mtp,S0,0,0,0,0,0,0,0,0,0,210,1.0,1.0,0.0,0.0,0.1,0.05,0.0,255,22,0.09,0.05,0.0,0.0,1.0,1.0,0.0,1,23940.0
0,tcp,kshell,S0,0,0,0,0,0,0,0,0,0,142,1.0,1.0,0.0,0.0,0.07,0.06,0.0,255,10,0.04,0.06,0.0,0.0,1.0,1.0,0.0,1,12196.0
0,udp,private,SF,28,0,3,0,0,0,0,0,0,98,0.01,0.0,0.01,0.0,0.98,0.03,0.0,255,96,0.38,0.02,0.38,0.0,0.0,0.0,0.0,1,62149.0
0,tcp,http,SF,340,388,0,0,1,0,0,0,0,20,0.0,0.0,0.0,0.0,1.0,0.0,0.0,255,255,1.0,0.0,0.0,0.0,0.0,0.0,0.0,0,8395.0
0,tcp,http,S0,0,0,0,0,0,0,0,0,0,22,1.0,1.0,0.0,0.0,0.23,0.18,0.0,255,57,0.22,0.04,0.01,0.0,1.0,1.0,0.0,1,54141.0
0,tcp,http,SF,159,29269,0,0,1,0,0,0,0,2,0.5,0.5,0.0,0.0,1.0,0.0,0.0,86,122,1.0,0.0,0.01,0.07,0.01,0.01,0.0,0,14318.0
0,tcp,http,SF,296,581,0,0,1,0,0,0,0,15,0.0,0.0,0.07,0.02,1.0,0.0,0.1,45,255,1.0,0.0,0.02,0.01,0.0,0.0,0.01,0,62487.0
0,tcp,http,SF,168,38544,0,0,1,0,0,0,0,1,0.0,0.0,0.0,0.0,1.0,0.0,1.0,211,255,1.0,0.0,0.0,0.02,0.01,0.01,0.08,0,114725.0
0,tcp,sql_net,S0,0,0,0,0,0,0,0,0,0,217,1.0,1.0,0.0,0.0,0.07,0.06,0.0,255,19,0.07,0.07,0.0,0.0,1.0,1.0,0.0,1,101605.0
0,tcp,name,S0,0,0,0,0,0,0,0,0,0,242,1.0,1.0,0.0,0.0,0.07,0.07,0.0,255,18,0.07,0.08,0.0,0.0,1.0,1.0,0.0,1,25608.0
0,tcp,ftp_data,SF,383,0,0,0,1,0,0,0,0,2,0.0,0.0,0.0,0.0,1.0,0.0,0.0,255,128,0.5,0.02,0.5,0.0,0.0,0.0,0.0,0,95428.0
0,tcp,http,SF,204,506,0,0,1,0,0,0,0,24,0.0,0.0,0.0,0.0,1.0,0.0,0.15,255,255,1.0,0.0,0.0,0.0,0.0,0.0,0.0,0,26328.0
0,tcp,private,REJ,0,0,0,0,0,0,0,0,0,284,0.11,0.0,0.88,1.0,0.0,1.0,0.0,255,1,0.0,1.0,0.0,0.0,0.11,0.0,1.0,1,111295.0
0,udp,domain_u,SF,44,72,0,0,0,0,0,0,0,193,0.0,0.0,0.0,0.0,1.0,0.0,0.0,255,229,0.9,0.01,0.0,0.0,0.0,0.0,0.0,0,2801.0
0,udp,domain_u,SF,46,138,0,0,0,0,0,0,0,3,0.0,0.0,0.0,0.0,1.0,0.0,0.02,241,191,0.79,0.01,0.0,0.0,0.0,0.0,0.0,0,52283.0
0,tcp,http,SF,321,1378,0,0,1,0,0,0,0,12,0.0,0.0,0.0,0.0,1.0,0.0,0.15,246,255,1.0,0.0,0.0,0.01,0.0,0.0,0.0,0,120679.0
0,tcp,ftp_data,SF,192,0,0,0,0,0,0,0,0,2,0.0,0.0,0.0,0.0,1.0,0.0,0.0,122,91,0.45,0.02,0.45,0.02,0.0,0.0,0.0,0,124651.0
0,tcp,domain,S0,0,0,0,0,0,0,0,0,0,254,1.0,1.0,0.0,0.0,0.0,0.06,0.0,255,1,0.0,0.07,0.0,0.0,1.0,1.0,0.0,1,36179.0
0,udp,domain_u,SF,44,71,0,0,0,0,0,0,0,231,0.0,0.0,0.0,0.0,1.0,0.0,0.0,255,254,1.0,0.01,0.0,0.0,0.0,0.0,0.0,0,48812.0
0,tcp,ftp_data,SF,259,0,0,0,1,0,0,1,0,1,0.0,0.0,0.0,0.0,1.0,0.0,0.0,48,71,0.04,0.08,0.04,0.03,0.0,0.0,0.0,0,74386.0
0,tcp,http,SF,163,20180,0,0,1,0,0,0,0,1,0.0,0.0,0.0,0.0,1.0,0.0,0.0,70,255,1.0,0.0,0.01,0.03,0.0,0.0,0.0,0,125802.0
0,tcp,ftp_data,SF,334,0,0,0,1,0,0,0,0,1,0.0,0.0,0.0,0.0,1.0,0.0,0.0,5,25,1.0,0.0,1.0,0.2,0.0,0.0,0.0,1,7139.0
0,tcp,http,SF,308,934,0,0,1,0,0,0,0,1,0.0,0.0,0.0,0.0,1.0,0.0,0.0,255,255,1.0,0.0,0.0,0.0,0.0,0.0,0.0,0,53897.0
0,tcp,private,S0,0,0,0,0,0,0,0,0,0,150,1.0,1.0,0.0,0.0,0.17,0.05,0.0,255,8,0.03,0.05,0.0,0.0,1.0,1.0,0.0,1,14585.0
0,tcp,http,SF,212,416,0,0,1,0,0,0,0,1,0.0,0.0,0.0,0.0,1.0,0.0,0.0,20,255,1.0,0.0,0.05,0.04,0.1,0.01,0.0,0,35877.0
0,tcp,private,REJ,0,0,0,0,0,0,0,0,0,136,0.0,0.0,1.0,1.0,0.06,0.07,0.0,161,8,0.05,0.07,0.01,0.0,0.0,0.0,1.0,1,104514.0
0,tcp,klogin,S0,0,0,0,0,0,0,0,0,0,148,1.0,1.0,0.0,0.0,0.16,0.05,0.0,255,23,0.09,0.05,0.0,0.0,1.0,1.0,0.0,1,48542.0
0,tcp,http,SF,290,761,0,0,1,0,0,0,0,19,0.0,0.0,0.0,0.0,1.0,0.0,0.17,255,255,1.0,0.0,0.0,0.0,0.0,0.0,0.0,0,125755.0
0,tcp,finger,SF,0,0,0,0,0,0,0,0,0,1,0.0,0.0,0.0,0.0,1.0,0.0,0.0,60,5,0.02,1.0,0.02,0.4,0.0,0.0,0.0,1,7585.0
0,icmp,ecr_i,SF,1032,0,0,0,0,0,0,0,0,511,0.0,0.0,0.0,0.0,1.0,0.0,0.0,206,61,0.3,0.01,0.3,0.0,0.0,0.0,0.0,1,82474.0
0,tcp,ctf,S0,0,0,0,0,0,0,0,0,0,186,1.0,1.0,0.0,0.0,0.07,0.06,0.0,255,13,0.05,0.05,0.0,0.0,1.0,1.0,0.0,1,59675.0
0,icmp,eco_i,SF,8,0,0,0,0,0,0,0,0,1,0.0,0.0,0.0,0.0,1.0,0.0,1.0,1,89,1.0,0.0,1.0,0.51,0.0,0.0,0.0,1,112363.0
0,tcp,private,REJ,0,0,0,0,0,0,0,0,0,511,0.1,0.0,0.89,1.0,0.0,1.0,0.0,255,1,0.0,1.0,0.0,0.0,0.11,0.0,1.0,1,53567.0
0,tcp,private,S0,0,0,0,0,0,0,0,0,0,267,1.0,1.0,0.0,0.0,0.02,0.06,0.0,255,27,0.11,0.06,0.0,0.0,1.0,1.0,0.0,1,24474.0
0,tcp,http,SF,298,1292,0,0,1,0,0,0,0,51,0.0,0.0,0.0,0.0,1.0,0.0,0.0,55,255,1.0,0.0,0.02,0.03,0.0,0.0,0.0,0,102360.0
0,tcp,private,S0,0,0,0,0,0,0,0,0,0,285,1.0,1.0,0.0,0.0,0.06,0.06,0.0,255,17,0.07,0.07,0.0,0.0,1.0,1.0,0.0,1,86870.0
0,tcp,private,S0,0,0,0,0,0,0,0,0,0,218,1.0,1.0,0.0,0.0,0.08,0.06,0.0,255,3,0.01,0.08,0.0,0.0,1.0,1.0,0.0,1,41560.0
0,tcp,ftp_data,S0,0,0,0,0,0,0,0,0,0,64,1.0,1.0,0.0,0.0,0.14,0.06,0.0,255,29,0.11,0.06,0.02,0.0,1.0,1.0,0.0,1,109215.0
0,tcp,mtp,S0,0,0,0,0,0,0,0,0,0,50,1.0,1.0,0.0,0.0,0.24,0.12,0.0,255,19,0.07,0.07,0.0,0.0,1.0,1.0,0.0,1,107943.0
0,tcp,exec,S0,0,0,0,0,0,0,0,0,0,9,1.0,1.0,0.0,0.0,0.22,0.22,0.0,255,2,0.01,0.07,0.0,0.0,1.0,1.0,0.0,1,119053.0
0,icmp,ecr_i,SF,1032,0,0,0,0,0,0,0,0,511,0.0,0.0,0.0,0.0,1.0,0.0,0.0,255,78,0.31,0.2,0.31,0.0,0.0,0.0,0.0,1,105731.0
0,tcp,http,SF,235,19714,0,0,1,0,0,0,0,1,0.0,0.0,0.0,0.0,1.0,0.0,0.0,31,255,1.0,0.0,0.03,0.04,0.0,0.0,0.0,0,2121.0
0,tcp,private,S0,0,0,0,0,0,0,0,0,0,277,1.0,1.0,0.0,0.0,0.06,0.06,0.0,255,14,0.05,0.07,0.0,0.0,1.0,1.0,0.0,1,9922.0
0,udp,domain_u,SF,29,0,0,0,0,0,0,0,0,2,0.0,0.0,0.0,0.0,0.5,1.0,0.75,34,38,0.09,0.12,0.09,0.08,0.0,0.0,0.0,0,89695.0
0,tcp,http,SF,301,2698,0,0,1,0,0,0,1,2,0.0,0.0,0.0,0.0,1.0,0.0,0.0,255,252,0.99,0.01,0.0,0.0,0.0,0.0,0.0,0,99991.0
0,tcp,private,S0,0,0,0,0,0,0,0,0,0,211,1.0,1.0,0.0,0.0,0.06,0.06,0.0,255,9,0.04,0.07,0.0,0.0,1.0,1.0,0.0,1,20157.0
0,tcp,http,SF,54540,8314,0,2,1,1,0,0,0,2,0.0,0.0,0.0,0.0,1.0,0.0,0.0,129,129,1.0,0.0,0.01,0.0,0.0,0.0,0.02,1,57435.0
0,tcp,http,SF,184,7094,0,0,1,0,0,0,0,3,0.0,0.0,0.0,0.0,1.0,0.0,0.43,164,255,1.0,0.0,0.01,0.01,0.0,0.0,0.0,0,124839.0
0,tcp,ctf,S0,0,0,0,0,0,0,0,0,0,236,1.0,1.0,0.0,0.0,0.02,0.07,0.0,255,4,0.02,0.07,0.0,0.0,1.0,1.0,0.0,1,107302.0
0,udp,domain_u,SF,45,45,0,0,0,0,0,0,0,137,0.0,0.0,0.0,0.0,1.0,0.0,0.0,255,254,1.0,0.01,0.0,0.0,0.0,0.0,0.0,0,26500.0
0,tcp,X11,REJ,0,0,0,0,0,0,0,0,0,1,0.0,0.0,1.0,1.0,1.0,0.0,0.0,255,1,0.0,0.33,0.0,0.0,0.0,0.0,1.0,1,13538.0
0,tcp,http,SF,279,4720,0,0,1,0,0,0,0,8,0.0,0.0,0.0,0.0,1.0,0.0,0.1,19,255,1.0,0.0,0.05,0.04,0.0,0.04,0.0,0,38622.0
0,udp,domain_u,SF,46,75,0,0,0,0,0,0,0,185,0.0,0.0,0.0,0.0,1.0,0.0,0.0,255,236,0.93,0.01,0.0,0.0,0.0,0.0,0.0,0,111467.0
0,icmp,ecr_i,SF,1032,0,0,0,0,0,0,0,0,12,0.0,0.0,0.0,0.0,1.0,0.0,0.0,255,255,1.0,0.0,1.0,0.0,0.0,0.0,0.0,1,48175.0
0,tcp,private,S0,0,0,0,0,0,0,0,0,0,291,1.0,1.0,0.0,0.0,0.04,0.06,0.0,255,14,0.05,0.08,0.0,0.0,1.0,1.0,0.0,1,21898.0
0,udp,domain_u,SF,42,42,0,0,0,0,0,0,0,7,0.0,0.0,0.0,0.0,1.0,0.0,0.25,255,69,0.27,0.01,0.0,0.0,0.0,0.0,0.0,0,53696.0
2,tcp,smtp,SF,1266,330,0,0,1,0,0,0,0,1,0.0,0.0,0.0,0.0,1.0,0.0,0.0,90,106,0.21,0.03,0.01,0.02,0.0,0.0,0.0,0,71236.0
0,tcp,http,SF,234,1705,0,0,1,0,0,0,0,3,0.0,0.0,0.0,0.0,1.0,0.0,0.0,124,255,1.0,0.0,0.01,0.01,0.0,0.0,0.0,0,118233.0
0,tcp,ftp_data,SF,501760,0,0,0,0,0,0,0,0,1,0.0,0.0,0.0,0.0,1.0,0.0,0.0,91,47,0.21,0.05,0.23,0.04,0.0,0.0,0.0,0,29585.0
0,tcp,ftp_data,REJ,0,0,0,0,0,0,0,0,0,1,0.0,0.0,1.0,1.0,1.0,0.0,0.0,1,40,1.0,0.0,1.0,0.08,0.0,0.0,0.05,1,16208.0
0,udp,domain_u,SF,45,70,0,0,0,0,0,0,0,195,0.0,0.0,0.0,0.0,1.0,0.0,0.0,255,254,1.0,0.01,0.0,0.0,0.0,0.0,0.0,0,107061.0
0,tcp,login,RSTO,0,0,0,0,0,0,0,0,0,105,0.0,0.0,1.0,1.0,0.18,0.07,0.0,255,19,0.07,0.07,0.0,0.0,0.0,0.0,1.0,1,73332.0
0,tcp,http,SF,262,2790,0,0,1,0,0,0,0,2,0.0,0.0,0.0,0.0,1.0,0.0,0.29,48,255,1.0,0.0,0.02,0.04,0.0,0.01,0.0,0,60855.0
0,tcp,http,SF,221,1719,0,0,1,0,0,0,0,8,0.0,0.0,0.0,0.0,1.0,0.0,0.0,138,255,1.0,0.0,0.01,0.03,0.0,0.0,0.0,0,92651.0
0,tcp,Z39_50,S0,0,0,0,0,0,0,0,0,0,288,1.0,1.0,0.0,0.0,0.06,0.06,0.0,255,1,0.0,0.07,0.0,0.0,1.0,1.0,0.0,1,36269.0
0,tcp,finger,S0,0,0,0,0,0,0,0,0,0,39,1.0,1.0,0.0,0.0,0.51,0.05,0.0,255,20,0.08,0.07,0.0,0.0,1.0,1.0,0.0,1,92418.0
0,tcp,private,REJ,0,0,0,0,0,0,0,0,0,1,0.0,0.0,1.0,1.0,1.0,0.0,0.0,16,2,0.06,1.0,0.06,1.0,0.0,0.0,1.0,1,95895.0
0,tcp,http,SF,307,2420,0,0,1,0,0,0,0,2,0.0,0.0,0.0,0.0,1.0,0.0,0.0,22,255,1.0,0.0,0.05,0.03,0.0,0.0,0.0,0,81673.0
0,udp,domain_u,SF,78,45,0,0,0,0,0,0,0,136,0.0,0.0,0.0,0.0,1.0,0.0,0.0,255,166,0.65,0.01,0.29,0.0,0.0,0.0,0.0,0,60596.0
0,tcp,private,RSTR,0,0,0,0,0,0,0,0,0,1,0.0,0.0,1.0,1.0,1.0,0.0,0.0,191,1,0.01,0.15,0.12,0.0,0.0,0.0,1.0,1,23145.0
0,tcp,auth,SF,10,38,0,0,1,0,0,0,0,1,0.0,0.0,0.0,0.0,1.0,0.0,0.0,132,15,0.07,0.04,0.01,0.13,0.0,0.0,0.0,0,87416.0
0,tcp,hostnames,S0,0,0,0,0,0,0,0,0,0,253,1.0,1.0,0.0,0.0,0.04,0.06,0.0,255,10,0.04,0.07,0.0,0.0,1.0,1.0,0.0,1,48494.0
0,tcp,supdup,S0,0,0,0,0,0,0,0,0,0,262,1.0,1.0,0.0,0.0,0.04,0.06,0.0,255,12,0.05,0.07,0.0,0.0,1.0,1.0,0.0,1,76136.0
0,tcp,private,S0,0,0,0,0,0,0,0,0,0,22,1.0,1.0,0.0,0.0,0.14,0.14,0.0,255,16,0.06,0.07,0.0,0.0,1.0,1.0,0.0,1,68982.0
0,icmp,eco_i,SF,8,0,0,0,0,0,0,0,0,1,0.0,0.0,0.0,0.0,1.0,0.0,1.0,1,83,1.0,0.0,1.0,0.51,0.0,0.0,0.0,1,114312.0
0,tcp,http,SF,302,354,0,0,1,0,0,0,0,2,0.0,0.0,0.0,0.0,1.0,0.0,0.0,14,255,1.0,0.0,0.07,0.02,0.0,0.0,0.0,0,91870.0
0,tcp,private,S0,0,0,0,0,0,0,0,0,0,110,1.0,1.0,0.0,0.0,0.09,0.05,0.0,255,19,0.07,0.07,0.0,0.0,1.0,1.0,0.0,1,25314.0
0,tcp,uucp_path,S0,0,0,0,0,0,0,0,0,0,234,1.0,1.0,0.0,0.0,0.07,0.06,0.0,255,16,0.06,0.07,0.0,0.0,1.0,1.0,0.0,1,49222.0
0,tcp,private,REJ,0,0,0,0,0,0,0,0,0,259,0.0,0.0,1.0,1.0,0.05,0.07,0.0,255,23,0.09,0.07,0.0,0.0,0.0,0.0,1.0,1,66978.0
0,tcp,http,SF,304,904,0,0,1,0,0,0,0,26,0.0,0.0,0.0,0.0,1.0,0.0,0.0,26,255,1.0,0.0,0.04,0.03,0.0,0.0,0.0,0,46220.0
0,tcp,exec,S0,0,0,0,0,0,0,0,0,0,104,1.0,1.0,0.0,0.0,0.04,0.06,0.0,255,4,0.02,0.05,0.0,0.0,1.0,1.0,0.0,1,56584.0
0,tcp,http,SF,235,2727,0,0,1,0,0,0,0,6,0.0,0.0,0.0,0.0,1.0,0.0,0.0,37,255,1.0,0.0,0.03,0.04,0.0,0.0,0.0,0,37609.0
0,udp,private,SF,105,147,0,0,0,0,0,0,0,11,0.0,0.0,0.0,0.0,0.18,0.18,0.0,255,242,0.95,0.01,0.01,0.0,0.0,0.0,0.0,0,91109.0
0,tcp,http,SF,220,255,0,0,1,0,0,0,0,17,0.0,0.0,0.0,0.0,1.0,0.0,0.0,255,255,1.0,0.0,0.0,0.0,0.0,0.0,0.0,0,94853.0
2,tcp,ftp,SF,1199,2447,0,28,1,0,0,0,0,1,0.0,0.0,0.0,0.0,1.0,0.0,0.0,199,27,0.14,0.03,0.01,0.0,0.01,0.0,0.0,1,46113.0
0,tcp,http,SF,167,2583,0,0,1,0,0,0,0,3,0.0,0.25,0.0,0.0,1.0,0.0,0.5,16,255,1.0,0.0,0.06,0.02,0.0,0.0,0.0,0,117108.0
0,tcp,Z39_50,S0,0,0,0,0,0,0,0,0,0,201,1.0,1.0,0.0,0.0,0.04,0.05,0.0,255,9,0.04,0.06,0.0,0.0,1.0,1.0,0.0,1,31622.0
0,tcp,time,S0,0,0,0,0,0,0,0,0,0,13,1.0,1.0,0.0,0.0,0.54,0.23,0.0,255,13,0.05,0.07,0.0,0.0,1.0,1.0,0.0,1,94817.0
0,tcp,http,SF,209,566,0,0,1,0,0,0,0,2,0.0,0.0,0.0,0.0,1.0,0.0,0.0,20,255,1.0,0.0,0.05,0.02,0.0,0.0,0.0,0,63202.0
0,tcp,http,SF,250,347,0,0,1,0,0,0,0,6,0.0,0.0,0.0,0.0,1.0,0.0,0.0,40,255,1.0,0.0,0.03,0.06,0.0,0.0,0.0,0,119029.0
0,tcp,private,REJ,0,0,0,0,0,0,0,0,0,143,0.0,0.0,1.0,1.0,0.1,0.06,0.0,118,14,0.12,0.07,0.01,0.0,0.0,0.0,1.0,1,53183.0
0,tcp,http,SF,237,1434,0,0,1,0,0,0,0,6,0.0,0.0,0.0,0.0,1.0,0.0,0.0,70,255,1.0,0.0,0.01,0.02,0.0,0.0,0.0,0,82738.0
1,tcp,smtp,SF,905,326,0,0,1,0,0,0,0,1,0.0,0.0,0.0,0.0,1.0,0.0,1.0,156,80,0.51,0.04,0.01,0.0,0.0,0.0,0.0,0,85375.0
0,tcp,http,SF,242,816,0,0,1,0,0,0,0,21,0.0,0.0,0.0,0.0,1.0,0.0,0.04,255,255,1.0,0.0,0.0,0.0,0.0,0.0,0.0,0,73410.0
0,icmp,eco_i,SF,18,0,0,0,0,0,0,0,0,1,0.0,0.0,0.0,0.0,1.0,0.0,0.0,4,176,1.0,0.0,1.0,0.25,0.0,0.0,0.0,1,7003.0
0,tcp,private,RSTR,0,0,0,0,0,0,0,0,0,1,0.0,0.0,1.0,1.0,1.0,0.0,0.0,255,1,0.0,0.37,0.72,0.0,0.0,0.0,1.0,1,116534.0
0,tcp,http,SF,215,12884,0,0,1,0,0,0,0,1,0.0,0.0,0.0,0.0,1.0,0.0,0.0,147,224,1.0,0.0,0.01,0.01,0.0,0.0,0.0,0,12941.0
0,tcp,http,SF,321,3270,0,0,1,0,0,0,0,9,0.0,0.0,0.0,0.0,1.0,0.0,0.2,255,255,1.0,0.0,0.0,0.0,0.0,0.0,0.0,0,123362.0
0,tcp,http,SF,284,8079,0,0,1,0,0,0,0,1,0.0,0.0,0.0,0.0,1.0,0.0,0.0,31,255,1.0,0.0,0.03,0.01,0.0,0.0,0.0,0,97657.0
0,tcp,private,REJ,0,0,0,0,0,0,0,0,0,138,0.0,0.0,1.0,1.0,0.08,0.06,0.0,255,11,0.04,0.07,0.0,0.0,0.0,0.0,1.0,1,89172.0
0,tcp,ftp_data,SF,276,0,0,0,1,0,0,0,0,1,0.0,0.0,0.0,0.0,1.0,0.0,0.0,60,87,0.12,0.12,0.12,0.02,0.02,0.0,0.0,0,68684.0
0,tcp,courier,REJ,0,0,0,0,0,0,0,0,0,119,0.0,0.0,1.0,1.0,0.05,0.07,0.0,255,6,0.02,0.08,0.0,0.0,0.0,0.0,1.0,1,9276.0
0,tcp,http,SF,301,1596,0,0,1,0,0,0,0,5,0.0,0.0,0.0,0.0,1.0,0.0,0.25,40,255,1.0,0.0,0.03,0.04,0.0,0.0,0.0,0,20460.0
0,tcp,http,SF,238,1590,0,0,1,0,0,0,0,1,0.0,0.0,0.0,0.0,1.0,0.0,0.09,79,255,1.0,0.0,0.01,0.04,0.0,0.0,0.0,0,77142.0
0,tcp,smtp,S1,50,110,0,0,1,0,0,0,0,1,1.0,1.0,0.0,0.0,1.0,0.0,0.0,68,176,0.85,0.06,0.01,0.01,0.01,0.01,0.0,0,63818.0
0,tcp,http,SF,327,2547,0,0,1,0,0,0,0,10,0.0,0.0,0.0,0.0,1.0,0.0,0.0,255,255,1.0,0.0,0.0,0.0,0.0,0.0,0.0,0,124174.0
0,tcp,http,SF,189,8786,0,0,1,0,0,0,0,11,0.0,0.0,0.0,0.0,1.0,0.0,0.0,91,255,1.0,0.0,0.01,0.01,0.0,0.0,0.0,0,52718.0
0,tcp,ftp_data,SF,7162,0,0,0,0,0,0,0,0,2,0.0,0.0,0.0,0.0,1.0,0.0,0.0,23,72,0.43,0.13,0.43,0.03,0.0,0.0,0.0,0,82804.0
0,icmp,eco_i,SF,8,0,0,0,0,0,0,0,0,1,0.0,0.0,0.0,0.0,1.0,0.0,1.0,2,60,1.0,0.0,1.0,0.5,0.0,0.0,0.0,1,40728.0
0,tcp,http,SF,313,10111,0,0,1,0,0,0,0,2,0.0,0.0,0.0,0.0,1.0,0.0,0.67,11,255,1.0,0.0,0.09,0.03,0.0,0.0,0.0,0,10455.0
0,tcp,finger,SF,10,224,0,0,0,0,0,0,0,1,0.0,0.0,0.0,0.0,1.0,0.0,0.0,152,6,0.04,0.02,0.01,0.0,0.0,0.0,0.0,0,108095.0
0,tcp,http,SF,278,2444,0,0,1,0,0,0,0,3,0.0,0.06,0.0,0.0,1.0,0.0,0.38,7,255,1.0,0.0,0.14,0.02,0.0,0.0,0.0,0,19426.0
0,tcp,smtp,SF,4094,330,0,0,1,0,0,0,0,2,0.0,0.0,0.0,0.0,0.5,1.0,0.0,101,118,0.33,0.07,0.01,0.02,0.0,0.0,0.0,0,117248.0
0,udp,domain_u,SF,46,46,0,0,0,0,0,0,0,84,0.0,0.0,0.0,0.0,1.0,0.0,0.02,255,254,1.0,0.01,0.01,0.0,0.0,0.0,0.0,0,49489.0
0,udp,domain_u,SF,45,123,0,0,0,0,0,0,0,67,0.0,0.0,0.0,0.0,1.0,0.0,0.01,255,203,0.8,0.02,0.0,0.0,0.0,0.0,0.0,0,12513.0
0,icmp,ecr_i,SF,1032,0,0,0,0,0,0,0,0,511,0.0,0.0,0.0,0.0,1.0,0.0,0.0,255,171,0.67,0.01,0.67,0.0,0.0,0.0,0.0,1,67755.0
0,icmp,ecr_i,SF,64,0,0,0,0,0,0,0,0,1,0.0,0.0,0.0,0.0,1.0,0.0,0.0,32,1,0.03,0.12,0.03,0.0,0.03,0.0,0.0,0,37377.0
0,tcp,http,SF,304,3222,0,0,1,0,0,0,0,6,0.0,0.0,0.0,0.0,1.0,0.0,0.0,255,240,0.94,0.01,0.0,0.0,0.0,0.0,0.0,0,41553.0
0,icmp,eco_i,SF,8,0,0,0,0,0,0,0,0,1,0.0,0.0,0.0,0.0,1.0,0.0,1.0,4,172,1.0,0.0,1.0,0.25,0.0,0.0,0.0,1,60400.0
0,tcp,smtp,SF,1060,325,0,0,1,0,0,0,0,1,0.0,0.0,0.0,0.0,1.0,0.0,1.0,213,146,0.6,0.02,0.0,0.01,0.0,0.0,0.0,0,122480.0
0,icmp,eco_i,SF,8,0,0,0,0,0,0,0,0,1,0.0,0.0,0.0,0.0,1.0,0.0,1.0,2,138,1.0,0.0,1.0,0.5,0.0,0.0,0.0,1,16368.0
0,tcp,discard,S0,0,0,0,0,0,0,0,0,0,282,1.0,1.0,0.0,0.0,0.04,0.06,0.0,255,13,0.05,0.07,0.0,0.0,1.0,1.0,0.0,1,82376.0
556,tcp,telnet,SF,475,14999,0,0,1,2,0,0,0,1,0.0,0.0,0.0,0.0,1.0,0.0,0.0,255,14,0.05,0.06,0.0,0.0,0.78,0.0,0.14,0,25874.0
0,tcp,private,S0,0,0,0,0,0,0,0,0,0,257,1.0,1.0,0.0,0.0,0.08,0.07,0.0,255,20,0.08,0.08,0.0,0.0,1.0,1.0,0.0,1,14605.0
0,tcp,private,REJ,0,0,0,0,0,0,0,0,0,63,0.0,0.0,1.0,1.0,0.03,0.1,0.0,255,2,0.01,0.07,0.0,0.0,0.0,0.0,1.0,1,43572.0
0,tcp,smtp,SF,2118,281,0,0,1,0,0,0,0,1,0.0,0.0,0.0,0.0,1.0,0.0,1.0,175,154,0.71,0.03,0.01,0.01,0.0,0.0,0.0,0,37839.0
0,tcp,http,SF,191,887,0,0,1,0,0,0,0,4,0.0,0.0,0.0,0.0,1.0,0.0,0.0,255,255,1.0,0.0,0.0,0.0,0.0,0.0,0.0,0,68948.0
0,tcp,http,SF,349,1112,0,0,1,0,0,0,0,12,0.0,0.0,0.0,0.0,1.0,0.0,0.0,41,255,1.0,0.0,0.02,0.02,0.0,0.0,0.0,0,95106.0
0,tcp,private,S0,0,0,0,0,0,0,0,0,0,17,1.0,1.0,0.0,0.0,0.24,0.24,0.0,255,4,0.02,0.09,0.0,0.0,1.0,1.0,0.0,1,83692.0
0,tcp,http,SF,209,5049,0,0,1,0,0,0,0,2,0.0,0.0,0.0,0.0,1.0,0.0,0.0,15,255,1.0,0.0,0.07,0.04,0.0,0.0,0.0,0,119097.0
0,tcp,private,S0,0,0,0,0,0,0,0,0,0,245,1.0,1.0,0.0,0.0,0.02,0.05,0.0,255,5,0.02,0.06,0.0,0.0,1.0,1.0,0.0,1,9717.0
0,udp,private,SF,105,146,0,0,0,0,0,0,0,2,0.0,0.0,0.0,0.0,1.0,0.0,0.0,255,227,0.89,0.01,0.01,0.0,0.0,0.0,0.0,0,92866.0
0,tcp,http,SF,193,8441,0,0,1,0,0,0,0,10,0.0,0.0,0.0,0.0,1.0,0.0,0.09,10,255,1.0,0.0,0.1,0.04,0.0,0.04,0.0,0,48353.0
1,tcp,pop_3,SF,35,130,0,0,1,0,0,0,0,2,0.0,0.0,0.0,0.0,0.5,1.0,0.0,125,2,0.02,0.04,0.01,0.0,0.0,0.0,0.0,0,18361.0
0,tcp,whois,S0,0,0,0,0,0,0,0,0,0,148,1.0,1.0,0.0,0.0,0.08,0.07,0.0,255,12,0.05,0.07,0.0,0.0,1.0,1.0,0.0,1,11619.0
0,tcp,private,S0,0,0,0,0,0,0,0,0,0,128,1.0,1.0,0.0,0.0,0.02,0.08,0.0,255,2,0.01,0.06,0.0,0.0,1.0,1.0,0.0,1,39523.0
0,tcp,iso_tsap,S0,0,0,0,0,0,0,0,0,0,205,1.0,1.0,0.0,0.0,0.04,0.05,0.0,255,9,0.04,0.06,0.0,0.0,1.0,1.0,0.0,1,124100.0
0,tcp,http,SF,345,1834,0,0,1,0,0,0,0,11,0.0,0.0,0.0,0.0,1.0,0.0,0.0,11,23,1.0,0.0,0.09,0.09,0.0,0.0,0.0,0,33776.0
0,udp,domain_u,SF,44,131,0,0,0,0,0,0,0,2,0.0,0.0,0.0,0.0,0.5,1.0,0.6,31,30,0.97,0.06,0.03,0.0,0.0,0.0,0.0,0,72840.0
0,icmp,eco_i,SF,8,0,0,0,0,0,0,0,0,1,0.0,0.0,0.0,0.0,1.0,0.0,1.0,2,81,1.0,0.0,1.0,0.51,0.0,0.0,0.0,1,7999.0
0,udp,domain_u,SF,44,44,0,0,0,0,0,0,0,132,0.0,0.0,0.0,0.0,1.0,0.0,0.02,255,255,1.0,0.0,0.01,0.0,0.0,0.0,0.0,0,85683.0
0,udp,domain_u,SF,43,75,0,0,0,0,0,0,0,182,0.0,0.0,0.0,0.0,1.0,0.0,0.0,255,254,1.0,0.01,0.0,0.0,0.0,0.0,0.0,0,54574.0
0,icmp,ecr_i,SF,1032,0,0,0,0,0,0,0,0,510,0.0,0.0,0.0,0.0,1.0,0.0,0.0,179,34,0.19,0.02,0.19,0.0,0.0,0.0,0.0,1,84007.0
26,tcp,ftp,SF,343,1063,0,6,1,0,0,0,0,1,0.0,0.0,0.0,0.0,1.0,0.0,0.0,97,25,0.26,0.05,0.01,0.0,0.0,0.0,0.04,0,1580.0
0,tcp,finger,S0,0,0,0,0,0,0,0,0,0,23,1.0,1.0,0.0,0.0,0.3,0.13,0.0,255,63,0.25,0.02,0.01,0.0,1.0,1.0,0.0,1,8988.0
0,icmp,eco_i,SF,8,0,0,0,0,0,0,0,0,1,0.0,0.0,0.0,0.0,1.0,0.0,1.0,1,33,1.0,0.0,1.0,0.52,0.0,0.0,0.0,1,123795.0
0,tcp,imap4,S0,0,0,0,0,0,0,0,0,0,120,1.0,1.0,0.0,0.0,0.17,0.05,0.0,255,21,0.08,0.05,0.0,0.0,1.0,1.0,0.0,1,30834.0
0,tcp,http,SF,260,1984,0,0,1,0,0,0,0,3,0.0,0.0,0.0,0.0,1.0,0.0,0.0,17,255,1.0,0.0,0.06,0.01,0.0,0.0,0.0,0,59781.0
0,tcp,name,S0,0,0,0,0,0,0,0,0,0,254,1.0,1.0,0.0,0.0,0.0,0.07,0.0,255,1,0.0,0.07,0.0,0.0,1.0,1.0,0.0,1,105802.0
0,icmp,eco_i,SF,20,0,0,0,0,0,0,0,0,1,0.0,0.0,0.0,0.0,1.0,0.0,0.0,255,1,0.0,0.31,0.0,0.0,0.0,0.0,0.0,1,11972.0
0,tcp,http,SF,294,699,0,0,1,0,0,0,0,6,0.0,0.0,0.0,0.0,1.0,0.0,0.0,18,255,1.0,0.0,0.06,0.03,0.0,0.0,0.0,0,64395.0
0,tcp,http,SF,209,2640,0,0,1,0,0,0,0,7,0.0,0.0,0.0,0.0,1.0,0.0,0.25,29,255,1.0,0.0,0.03,0.05,0.0,0.0,0.0,0,98394.0
0,tcp,http,SF,303,4937,0,0,1,0,0,0,0,7,0.0,0.0,0.0,0.0,1.0,0.0,0.0,7,116,1.0,0.0,0.14,0.05,0.0,0.0,0.0,0,62085.0
0,tcp,http,REJ,0,0,0,0,0,0,0,0,0,1,0.0,0.0,1.0,1.0,1.0,0.0,0.0,2,116,1.0,0.0,0.5,0.22,0.0,0.0,1.0,0,80901.0
0,tcp,Z39_50,S0,0,0,0,0,0,0,0,0,0,289,1.0,1.0,0.0,0.0,0.06,0.06,0.0,255,2,0.01,0.07,0.0,0.0,1.0,1.0,0.0,1,56745.0
0,tcp,http,SF,233,1380,0,0,1,0,0,0,0,4,0.0,0.0,0.0,0.0,1.0,0.0,0.0,255,248,0.97,0.01,0.0,0.0,0.0,0.0,0.0,0,114528.0
0,tcp,http,SF,378,2488,0,0,1,0,0,0,0,6,0.17,0.17,0.0,0.0,1.0,0.0,0.0,255,255,1.0,0.0,0.0,0.0,0.0,0.0,0.0,0,5602.0
0,tcp,http,SF,164,29148,0,0,1,0,0,0,0,1,0.0,0.0,0.0,0.0,1.0,0.0,0.0,92,255,1.0,0.0,0.01,0.05,0.01,0.01,0.01,0,109759.0
0,udp,domain_u,SF,33,0,0,0,0,0,0,0,0,2,0.0,0.0,0.0,0.0,0.5,1.0,1.0,5,20,0.2,0.6,0.2,0.1,0.0,0.0,0.0,0,102141.0
0,tcp,imap4,S0,0,0,0,0,0,0,0,0,0,232,1.0,1.0,0.0,0.0,0.05,0.07,0.0,255,12,0.05,0.09,0.0,0.0,1.0,1.0,0.0,1,33709.0
0,tcp,private,S0,0,0,0,0,0,0,0,0,0,30,1.0,1.0,0.0,0.0,0.77,0.1,0.0,255,23,0.09,0.07,0.0,0.0,1.0,1.0,0.0,1,17588.0
0,tcp,http,SF,179,1668,0,0,1,0,0,0,0,6,0.0,0.0,0.0,0.0,1.0,0.0,0.0,52,255,1.0,0.0,0.02,0.03,0.0,0.0,0.0,0,436.0
26191,tcp,private,RSTR,1,0,0,0,0,0,0,0,0,2,0.0,0.0,1.0,1.0,1.0,0.0,0.0,255,2,0.01,0.73,1.0,0.0,0.0,0.0,1.0,1,97669.0
0,udp,domain_u,SF,44,69,0,0,0,0,0,0,0,111,0.0,0.0,0.0,0.0,1.0,0.0,0.03,255,229,0.9,0.01,0.01,0.0,0.0,0.0,0.0,0,28699.0
4263,udp,other,SF,147,105,0,0,0,0,0,0,0,5,0.0,0.0,0.0,0.0,0.2,0.6,0.0,169,2,0.01,0.57,0.87,0.0,0.0,0.0,0.0,0,15304.0
0,tcp,ldap,S0,0,0,0,0,0,0,0,0,0,55,1.0,1.0,0.0,0.0,0.31,0.09,0.0,255,17,0.07,0.08,0.0,0.0,1.0,1.0,0.0,1,119474.0
0,tcp,private,S0,0,0,0,0,0,0,0,0,0,112,1.0,1.0,0.0,0.0,0.11,0.05,0.0,255,13,0.05,0.06,0.0,0.0,1.0,1.0,0.0,1,103731.0
0,tcp,ftp_data,SF,74,0,0,0,1,0,0,0,0,1,0.0,0.0,0.0,0.0,1.0,0.0,0.0,255,63,0.25,0.02,0.05,0.0,0.72,0.78,0.0,0,6794.0
70,udp,domain_u,SF,109,44,0,0,0,0,0,0,0,1,0.0,0.0,0.0,0.0,1.0,0.0,0.0,71,50,0.7,0.04,0.65,0.0,0.0,0.0,0.0,0,73994.0
0,tcp,ftp_data,SF,37,0,0,0,1,0,0,0,0,2,0.0,0.0,0.0,0.0,1.0,0.0,0.0,255,42,0.16,0.05,0.16,0.0,0.41,0.0,0.0,0,91763.0
0,tcp,http,SF,307,2698,0,0,1,0,0,0,1,4,0.0,0.0,0.0,0.0,1.0,0.0,0.0,255,245,0.96,0.01,0.0,0.0,0.0,0.0,0.0,0,102099.0
0,icmp,ecr_i,SF,1032,0,0,0,0,0,0,0,0,373,0.0,0.0,0.0,0.0,1.0,0.0,0.0,255,255,1.0,0.0,1.0,0.0,0.0,0.0,0.0,1,118061.0
0,tcp,ftp,S0,0,0,0,0,0,0,0,0,0,236,1.0,1.0,0.0,0.0,0.01,0.07,0.0,255,3,0.01,0.07,0.0,0.0,1.0,1.0,0.0,1,77396.0
0,tcp,http,SF,338,11868,0,0,1,0,0,0,0,8,0.0,0.0,0.0,0.0,1.0,0.0,0.0,206,255,1.0,0.0,0.0,0.01,0.0,0.0,0.0,0,24410.0
0,tcp,http,SF,171,31995,0,0,1,0,0,0,0,1,0.0,0.0,0.0,0.0,1.0,0.0,0.0,255,255,1.0,0.0,0.0,0.0,0.0,0.0,0.0,0,97334.0
0,udp,domain_u,SF,45,76,0,0,0,0,0,0,0,199,0.0,0.0,0.0,0.0,1.0,0.0,0.0,255,255,1.0,0.0,0.0,0.0,0.0,0.0,0.0,0,12059.0
0,tcp,vmnet,S0,0,0,0,0,0,0,0,0,0,231,1.0,1.0,0.0,0.0,0.02,0.06,0.0,255,4,0.02,0.07,0.0,0.0,1.0,1.0,0.0,1,101952.0
0,tcp,systat,S0,0,0,0,0,0,0,0,0,0,30,1.0,1.0,0.0,0.0,0.07,0.2,0.0,255,8,0.03,0.09,0.0,0.0,1.0,1.0,0.0,1,51875.0
0,tcp,http,SF,54540,8314,0,2,1,1,0,0,0,5,0.0,0.0,0.0,0.0,1.0,0.0,0.0,255,255,1.0,0.0,0.0,0.0,0.0,0.0,0.03,1,119893.0
0,udp,domain_u,SF,45,123,0,0,0,0,0,0,0,75,0.0,0.0,0.0,0.0,1.0,0.0,0.01,255,255,1.0,0.0,0.0,0.0,0.0,0.0,0.0,0,88919.0
0,tcp,http,SF,313,5215,0,0,1,0,0,0,0,5,0.0,0.0,0.0,0.0,1.0,0.0,0.07,122,255,1.0,0.0,0.01,0.05,0.0,0.0,0.0,0,2991.0
0,tcp,ftp_data,S0,0,0,0,0,0,0,0,0,0,50,1.0,1.0,0.0,0.0,0.2,0.08,0.0,255,61,0.24,0.03,0.01,0.0,1.0,1.0,0.0,1,34807.0
0,tcp,http,SF,313,22980,0,0,1,0,0,0,0,4,0.0,0.0,0.0,0.0,1.0,0.0,0.29,48,255,1.0,0.0,0.02,0.04,0.0,0.01,0.02,0,48689.0
0,tcp,http,SF,286,321,0,0,1,0,0,0,0,31,0.0,0.0,0.0,0.0,1.0,0.0,0.06,255,255,1.0,0.0,0.0,0.0,0.0,0.0,0.0,0,75005.0
0,tcp,http,SF,191,3302,0,0,1,0,0,0,0,4,0.0,0.0,0.0,0.0,1.0,0.0,0.0,166,255,1.0,0.0,0.01,0.01,0.0,0.0,0.0,0,60255.0
0,tcp,ftp_data,SF,334,0,0,0,1,0,0,0,0,2,0.0,0.0,0.0,0.0,1.0,0.0,0.0,5,30,1.0,0.0,1.0,0.17,0.0,0.03,0.0,1,19602.0
0,udp,private,SF,28,0,3,0,0,0,0,0,0,77,0.0,0.0,0.0,0.0,1.0,0.0,0.0,255,77,0.3,0.02,0.3,0.0,0.0,0.0,0.0,1,52658.0
0,tcp,http,SF,303,1555,0,0,1,0,0,0,0,6,0.0,0.0,0.0,0.0,1.0,0.0,0.29,88,255,1.0,0.0,0.01,0.03,0.0,0.0,0.0,0,87016.0
0,tcp,http,S0,0,0,0,0,0,0,0,0,0,2,0.5,0.33,0.0,0.0,1.0,0.0,0.67,30,255,1.0,0.0,0.07,0.03,0.07,0.02,0.0,0,75291.0
0,tcp,http,SF,217,3332,0,0,1,0,0,0,0,2,0.0,0.0,0.0,0.0,1.0,0.0,0.0,23,255,1.0,0.0,0.04,0.02,0.0,0.0,0.0,0,111343.0
0,tcp,http,SF,207,1415,0,0,1,0,0,0,0,3,0.0,0.0,0.0,0.0,1.0,0.0,0.0,103,103,1.0,0.0,0.01,0.0,0.0,0.0,0.0,0,86230.0
0,udp,other,SF,1,0,0,0,0,0,0,0,0,6,0.0,0.0,0.0,0.0,0.33,0.5,0.0,255,2,0.01,0.2,1.0,0.0,0.0,0.0,0.0,1,7832.0
0,tcp,smtp,SF,1131,329,0,0,1,0,0,0,0,1,0.0,0.0,0.0,0.0,1.0,0.0,1.0,202,165,0.82,0.01,0.0,0.0,0.0,0.0,0.0,0,108370.0
0,tcp,supdup,S0,0,0,0,0,0,0,0,0,0,106,1.0,1.0,0.0,0.0,0.04,0.09,0.0,255,4,0.02,0.08,0.0,0.0,1.0,1.0,0.0,1,77697.0
0,tcp,private,S0,0,0,0,0,0,0,0,0,0,184,1.0,1.0,0.0,0.0,0.07,0.07,0.0,255,13,0.05,0.09,0.0,0.0,1.0,1.0,0.0,1,81914.0
0,udp,domain_u,SF,45,45,0,0,0,0,0,0,0,225,0.0,0.0,0.0,0.0,1.0,0.0,0.0,255,255,1.0,0.0,0.0,0.0,0.0,0.0,0.0,0,44255.0
0,icmp,ecr_i,SF,1032,0,0,0,0,0,0,0,0,53,0.0,0.0,0.0,0.0,1.0,0.0,0.0,255,255,1.0,0.0,1.0,0.0,0.0,0.0,0.0,1,93110.0
0,tcp,imap4,S0,0,0,0,0,0,0,0,0,0,244,1.0,1.0,0.0,0.0,0.04,0.06,0.0,255,9,0.04,0.07,0.0,0.0,1.0,1.0,0.0,1,3222.0
0,tcp,domain,REJ,0,0,0,0,0,0,0,0,0,276,0.0,0.0,1.0,1.0,0.07,0.07,0.0,255,18,0.07,0.08,0.0,0.0,0.0,0.0,1.0,1,17305.0
0,tcp,auth,SF,10,39,0,0,1,0,0,0,0,1,0.0,0.0,0.0,0.0,1.0,0.0,0.0,188,4,0.02,0.03,0.01,0.0,0.0,0.0,0.0,0,16392.0
0,tcp,http,SF,222,1471,0,0,1,0,0,0,0,7,0.0,0.0,0.0,0.0,1.0,0.0,0.0,35,255,1.0,0.0,0.03,0.02,0.0,0.0,0.0,0,85872.0
0,tcp,http,REJ,0,0,0,0,0,0,0,0,0,1,0.0,0.0,1.0,1.0,1.0,0.0,0.0,5,76,1.0,0.0,0.2,0.32,0.0,0.0,1.0,0,79386.0
0,tcp,finger,S0,0,0,0,0,0,0,0,0,0,250,1.0,1.0,0.0,0.0,0.03,0.07,0.0,255,8,0.03,0.07,0.0,0.0,1.0,1.0,0.0,1,114021.0
0,tcp,http,SF,208,495,0,0,1,0,0,0,0,19,0.0,0.0,0.0,0.0,1.0,0.0,0.1,255,255,1.0,0.0,0.0,0.0,0.0,0.0,0.0,0,43919.0
0,tcp,private,S0,0,0,0,0,0,0,0,0,0,116,1.0,1.0,0.0,0.0,0.02,0.06,0.0,255,19,0.07,0.06,0.0,0.0,1.0,1.0,0.0,1,46636.0
0,icmp,eco_i,SF,8,0,0,0,0,0,0,0,0,1,0.0,0.0,0.0,0.0,1.0,0.0,1.0,1,71,1.0,0.0,1.0,0.51,0.0,0.0,0.0,1,125161.0
0,tcp,iso_tsap,S0,0,0,0,0,0,0,0,0,0,233,1.0,1.0,0.0,0.0,0.07,0.06,0.0,255,17,0.07,0.08,0.0,0.0,1.0,1.0,0.0,1,59773.0
0,tcp,bgp,REJ,0,0,0,0,0,0,0,0,0,2,0.0,0.0,1.0,1.0,0.5,1.0,0.0,255,1,0.0,1.0,1.0,0.0,0.0,0.0,1.0,1,63658.0
0,tcp,http,SF,256,9298,0,0,1,0,0,0,0,6,0.0,0.0,0.0,0.0,1.0,0.0,0.0,15,255,1.0,0.0,0.07,0.03,0.0,0.0,0.0,0,115956.0
0,tcp,private,S0,0,0,0,0,0,0,0,0,0,209,1.0,1.0,0.0,0.0,0.01,0.06,0.0,255,3,0.01,0.05,0.0,0.0,1.0,1.0,0.0,1,120764.0
14,udp,private,SF,105,145,0,0,0,0,0,0,0,2,0.0,0.0,0.0,0.0,1.0,0.0,0.0,255,215,0.84,0.01,0.01,0.0,0.0,0.0,0.0,0,71096.0
6285,udp,other,SF,147,105,0,0,0,0,0,0,0,1,0.0,0.0,0.0,0.0,1.0,0.0,0.0,255,1,0.0,0.66,0.98,0.0,0.0,0.0,0.0,0,7285.0
0,tcp,uucp,RSTO,0,0,0,0,0,0,0,0,0,135,0.0,0.0,1.0,1.0,0.12,0.06,0.0,255,16,0.06,0.05,0.0,0.0,0.0,0.0,1.0,1,45895.0
0,icmp,eco_i,SF,8,0,0,0,0,0,0,0,0,1,0.0,0.0,0.0,0.0,1.0,0.0,1.0,3,59,1.0,0.0,1.0,0.25,0.0,0.0,0.0,1,9048.0
0,tcp,private,S0,0,0,0,0,0,0,0,0,0,190,1.0,1.0,0.0,0.0,0.1,0.06,0.0,255,7,0.03,0.07,0.0,0.0,1.0,1.0,0.0,1,24889.0
0,tcp,courier,S0,0,0,0,0,0,0,0,0,0,114,1.0,1.0,0.0,0.0,0.14,0.08,0.0,255,16,0.06,0.07,0.0,0.0,1.0,1.0,0.0,1,82681.0
0,tcp,http,SF,236,734,0,0,1,0,0,0,0,21,0.0,0.0,0.0,0.0,1.0,0.0,0.0,86,136,1.0,0.0,0.01,0.05,0.0,0.0,0.0,0,60355.0
0,tcp,http,S1,231,321,0,0,1,0,0,0,0,3,0.33,0.25,0.0,0.0,1.0,0.0,0.5,255,255,1.0,0.0,0.0,0.0,0.0,0.0,0.0,0,5438.0
0,tcp,http,SF,214,630,0,0,1,0,0,0,0,4,0.0,0.0,0.0,0.0,1.0,0.0,0.0,255,255,1.0,0.0,0.0,0.0,0.0,0.0,0.0,0,28465.0
0,udp,domain_u,SF,45,45,0,0,0,0,0,0,0,116,0.0,0.0,0.0,0.0,1.0,0.0,0.01,255,255,1.0,0.0,0.01,0.0,0.0,0.0,0.0,0,42560.0
0,tcp,http,SF,242,7886,0,0,1,0,0,0,0,12,0.0,0.0,0.0,0.0,1.0,0.0,0.0,110,255,1.0,0.0,0.01,0.01,0.0,0.0,0.0,0,41079.0
0,tcp,http,REJ,0,0,0,0,0,0,0,0,0,1,0.0,0.0,1.0,1.0,1.0,0.0,0.0,5,220,1.0,0.0,0.2,0.14,0.0,0.0,0.97,0,4017.0
2469,udp,other,SF,147,105,0,0,0,0,0,0,0,1,0.0,0.0,0.0,0.0,1.0,0.0,0.0,255,4,0.02,0.46,0.88,0.0,0.0,0.0,0.0,0,112428.0
0,tcp,netstat,S0,0,0,0,0,0,0,0,0,0,138,1.0,1.0,0.0,0.0,0.12,0.05,0.0,255,16,0.06,0.06,0.0,0.0,1.0,1.0,0.0,1,20005.0
0,tcp,ftp_data,SF,374,0,0,0,1,0,0,0,0,5,0.0,0.0,0.0,0.0,1.0,0.0,0.0,255,105,0.41,0.08,0.46,0.0,0.01,0.02,0.0,0,41291.0
1,tcp,smtp,SF,2029,336,0,0,1,0,0,0,0,1,0.0,0.0,0.0,0.0,1.0,0.0,1.0,170,139,0.63,0.02,0.01,0.01,0.01,0.01,0.0,0,41372.0
0,udp,domain_u,SF,32,0,0,0,0,0,0,0,0,1,0.0,0.0,0.0,0.0,1.0,0.0,0.67,255,25,0.1,0.02,0.1,0.0,0.0,0.0,0.0,0,18311.0
0,tcp,time,RSTO,0,0,0,0,0,0,0,0,0,224,0.0,0.0,1.0,1.0,0.01,0.07,0.0,255,2,0.01,0.08,0.0,0.0,0.0,0.0,1.0,1,15525.0
13221,tcp,other,RSTR,1,0,0,0,0,0,0,0,0,2,0.0,0.0,1.0,1.0,1.0,0.0,0.0,255,2,0.01,0.68,1.0,0.0,0.0,0.0,1.0,1,27676.0
0,tcp,ssh,S0,0,0,0,0,0,0,0,0,0,127,1.0,1.0,0.0,0.0,0.09,0.06,0.0,255,28,0.11,0.06,0.0,0.0,1.0,1.0,0.0,1,107274.0
0,tcp,other,REJ,0,0,0,0,0,0,0,0,0,342,0.06,0.0,0.9,1.0,0.0,1.0,0.0,255,1,0.0,1.0,0.0,0.0,0.08,0.0,1.0,1,31608.0
0,tcp,private,S0,0,0,0,0,0,0,0,0,0,64,1.0,1.0,0.0,0.0,0.03,0.08,0.0,12,2,0.17,0.25,0.08,0.0,1.0,1.0,0.0,1,77625.0
0,udp,domain_u,SF,44,133,0,0,0,0,0,0,0,234,0.0,0.0,0.0,0.0,1.0,0.01,0.01,236,197,0.83,0.01,0.0,0.0,0.0,0.0,0.0,0,37446.0
0,tcp,ftp_data,SF,334,0,0,0,1,0,0,0,0,1,0.0,0.0,0.0,0.0,1.0,0.0,0.0,6,40,1.0,0.0,1.0,0.15,0.0,0.03,0.0,1,20904.0
0,udp,domain_u,SF,44,135,0,0,0,0,0,0,0,65,0.0,0.0,0.0,0.0,1.0,0.0,0.01,255,242,0.95,0.01,0.0,0.0,0.0,0.0,0.0,0,124096.0
0,icmp,ecr_i,SF,1032,0,0,0,0,0,0,0,0,189,0.0,0.0,0.0,0.0,1.0,0.0,0.0,255,189,0.74,0.01,0.74,0.0,0.0,0.0,0.0,1,16039.0
0,tcp,private,S0,0,0,0,0,0,0,0,0,0,286,1.0,1.0,0.0,0.0,0.02,0.06,0.0,255,7,0.03,0.06,0.0,0.0,1.0,1.0,0.0,1,93373.0
0,tcp,http,SF,226,3556,0,0,1,0,0,0,0,10,0.0,0.0,0.0,0.0,1.0,0.0,0.0,138,138,1.0,0.0,0.01,0.0,0.0,0.0,0.0,0,85822.0
0,tcp,http,SF,324,1566,0,0,1,0,0,0,0,13,0.0,0.0,0.0,0.0,1.0,0.0,0.0,13,255,1.0,0.0,0.08,0.01,0.0,0.0,0.0,0,93808.0
0,tcp,pop_2,S0,0,0,0,0,0,0,0,0,0,191,1.0,1.0,0.0,0.0,0.01,0.08,0.0,255,2,0.01,0.07,0.0,0.0,1.0,1.0,0.0,1,125662.0
0,tcp,domain,S0,0,0,0,0,0,0,0,0,0,275,1.0,1.0,0.0,0.0,0.06,0.06,0.0,255,16,0.06,0.06,0.0,0.0,1.0,1.0,0.0,1,65173.0
1,tcp,smtp,SF,1158,330,0,0,1,0,0,0,0,1,0.0,0.0,0.0,0.0,1.0,0.0,0.0,90,114,0.88,0.03,0.01,0.02,0.01,0.01,0.0,0,25486.0
0,tcp,private,S0,0,0,0,0,0,0,0,0,0,117,1.0,1.0,0.0,0.0,0.02,0.06,0.0,255,5,0.02,0.06,0.0,0.0,1.0,1.0,0.0,1,65954.0
14682,tcp,other,RSTR,1,0,0,0,0,0,0,0,0,2,0.0,0.0,1.0,1.0,1.0,0.0,0.0,255,2,0.01,0.67,1.0,0.0,0.0,0.0,1.0,1,102160.0
0,tcp,private,S0,0,0,0,0,0,0,0,0,0,192,1.0,1.0,0.0,0.0,0.06,0.07,0.0,255,20,0.08,0.06,0.0,0.0,1.0,1.0,0.0,1,13184.0
0,icmp,ecr_i,SF,520,0,0,0,0,0,0,0,0,438,0.0,0.0,0.0,0.0,1.0,0.0,0.0,5,5,1.0,0.0,1.0,0.0,0.0,0.0,0.0,1,22602.0
0,udp,private,SF,105,0,0,0,0,0,0,0,0,1,0.0,0.0,0.0,0.0,1.0,0.0,0.0,33,32,0.97,0.06,0.03,0.0,0.0,0.0,0.0,0,48406.0
0,tcp,smtp,SF,2900,333,0,0,1,0,0,0,0,1,0.0,0.0,0.0,0.0,1.0,0.0,0.0,172,103,0.6,0.02,0.01,0.0,0.0,0.0,0.0,0,35660.0
0,tcp,private,S0,0,0,0,0,0,0,0,0,0,131,1.0,1.0,0.0,0.0,0.14,0.05,0.0,255,19,0.07,0.05,0.0,0.0,1.0,1.0,0.0,1,56995.0
0,tcp,finger,S0,0,0,0,0,0,0,0,0,0,16,1.0,1.0,0.0,0.0,0.31,0.25,0.0,255,45,0.18,0.04,0.01,0.0,1.0,1.0,0.0,1,86575.0
0,tcp,efs,S0,0,0,0,0,0,0,0,0,0,141,1.0,1.0,0.0,0.0,0.12,0.06,0.0,255,17,0.07,0.06,0.0,0.0,1.0,1.0,0.0,1,109448.0
0,udp,domain_u,SF,45,129,0,0,0,0,0,0,0,304,0.0,0.0,0.0,0.0,1.0,0.0,0.0,255,254,1.0,0.01,0.0,0.0,0.0,0.0,0.0,0,76015.0
0,tcp,http,SF,317,2313,0,0,1,0,0,0,0,12,0.0,0.0,0.0,0.0,1.0,0.0,0.0,12,255,1.0,0.0,0.08,0.05,0.0,0.0,0.0,0,31443.0
0,tcp,http,SF,273,4091,0,0,1,0,0,0,0,1,0.0,0.0,0.0,0.0,1.0,0.0,0.0,255,226,0.89,0.01,0.0,0.0,0.0,0.0,0.0,0,113520.0
53,tcp,smtp,SF,1350,441,0,0,1,0,0,0,0,1,0.0,0.0,0.0,0.0,1.0,0.0,0.0,255,4,0.02,0.09,0.0,0.0,0.89,0.0,0.0,0,114105.0
0,tcp,http,SF,190,622,0,0,1,0,0,0,0,29,0.0,0.0,0.0,0.0,1.0,0.0,0.04,255,255,1.0,0.0,0.0,0.0,0.0,0.0,0.0,0,83251.0
0,tcp,link,REJ,0,0,0,0,0,0,0,0,0,1,0.0,0.0,1.0,1.0,1.0,0.0,0.0,68,2,0.01,1.0,0.01,1.0,0.0,0.0,1.0,1,37350.0
0,tcp,other,REJ,0,0,0,0,0,0,0,0,0,509,0.19,0.0,0.81,1.0,0.0,1.0,0.0,255,1,0.0,1.0,0.0,0.0,0.13,0.0,1.0,1,95597.0
0,tcp,domain,S0,0,0,0,0,0,0,0,0,0,243,1.0,1.0,0.0,0.0,0.09,0.06,0.0,255,22,0.09,0.07,0.0,0.0,1.0,1.0,0.0,1,57412.0
0,tcp,private,RSTR,0,0,0,0,0,0,0,0,0,1,0.0,0.0,1.0,1.0,1.0,0.0,0.0,167,1,0.01,0.42,0.41,0.0,0.0,0.0,1.0,1,59298.0
0,tcp,http,SF,230,611,0,0,1,0,0,0,0,7,0.0,0.0,0.0,0.0,1.0,0.0,0.17,7,255,1.0,0.0,0.14,0.01,0.0,0.0,0.0,0,76312.0
0,udp,domain_u,SF,46,71,0,0,0,0,0,0,0,138,0.0,0.0,0.0,0.0,1.0,0.0,0.0,255,202,0.79,0.01,0.01,0.0,0.0,0.0,0.0,0,21016.0
0,icmp,ecr_i,SF,30,0,0,0,0,0,0,0,0,1,0.0,0.0,0.0,0.0,1.0,0.0,0.0,3,4,1.0,0.0,1.0,0.5,0.0,0.0,0.0,0,19648.0
0,tcp,sunrpc,S0,0,0,0,0,0,0,0,0,0,56,1.0,1.0,0.0,0.0,0.23,0.11,0.0,255,13,0.05,0.08,0.0,0.0,1.0,1.0,0.0,1,29231.0
0,tcp,Z39_50,S0,0,0,0,0,0,0,0,0,0,248,1.0,1.0,0.0,0.0,0.04,0.06,0.0,255,11,0.04,0.07,0.0,0.0,1.0,1.0,0.0,1,21612.0
1,tcp,http,RSTOS0,0,0,0,0,0,0,0,0,0,54,0.8,0.67,0.2,0.33,0.06,0.39,0.0,255,204,0.8,0.08,0.21,0.0,0.17,0.01,0.0,1,49185.0
0,tcp,http,S0,0,0,0,0,0,0,0,0,0,298,1.0,1.0,0.0,0.0,0.06,0.06,0.0,255,5,0.02,0.08,0.0,0.0,1.0,1.0,0.0,1,2259.0
0,tcp,private,S0,0,0,0,0,0,0,0,0,0,43,1.0,1.0,0.0,0.0,0.16,0.14,0.0,255,11,0.04,0.07,0.0,0.0,1.0,1.0,0.0,1,45721.0
0,udp,private,SF,28,0,3,0,0,0,0,0,0,59,0.0,0.0,0.0,0.0,1.0,0.0,0.0,255,26,0.1,0.01,0.1,0.0,0.0,0.0,0.0,1,102397.0
0,udp,domain_u,SF,42,42,0,0,0,0,0,0,0,134,0.0,0.0,0.0,0.0,1.0,0.0,0.01,255,255,1.0,0.0,0.01,0.0,0.0,0.0,0.0,0,117568.0
0,tcp,hostnames,REJ,0,0,0,0,0,0,0,0,0,131,0.0,0.0,1.0,1.0,0.01,0.08,0.0,255,1,0.0,0.07,0.0,0.0,0.0,0.0,1.0,1,32173.0
0,tcp,private,S0,0,0,0,0,0,0,0,0,0,183,1.0,1.0,0.0,0.0,0.02,0.07,0.0,255,3,0.01,0.06,0.0,0.0,1.0,1.0,0.0,1,93086.0
0,tcp,http,SF,254,1769,0,0,1,0,0,0,0,14,0.0,0.0,0.0,0.0,1.0,0.0,0.0,39,255,1.0,0.0,0.03,0.01,0.0,0.0,0.0,0,33929.0
0,icmp,urp_i,SF,78,0,0,0,0,0,0,0,0,51,0.0,0.0,0.0,0.0,0.22,0.04,0.0,255,27,0.11,0.01,0.11,0.0,0.0,0.0,0.0,0,76952.0
0,tcp,http,SF,330,5817,0,0,1,0,0,0,0,28,0.0,0.0,0.0,0.0,1.0,0.0,0.13,122,255,1.0,0.0,0.01,0.01,0.0,0.0,0.0,0,14875.0
0,tcp,private,S0,0,0,0,0,0,0,0,0,0,130,1.0,1.0,0.0,0.0,0.09,0.05,0.0,255,2,0.01,0.07,0.0,0.0,1.0,1.0,0.0,1,11874.0
0,tcp,echo,S0,0,0,0,0,0,0,0,0,0,275,1.0,1.0,0.0,0.0,0.04,0.05,0.0,255,10,0.04,0.07,0.0,0.0,1.0,1.0,0.0,1,124952.0
31001,tcp,exec,RSTR,1,0,0,0,0,0,0,0,0,2,0.0,0.0,1.0,1.0,1.0,0.0,0.0,255,2,0.01,0.77,1.0,0.0,0.0,0.0,1.0,1,75411.0
0,tcp,finger,S0,0,0,0,0,0,0,0,0,0,7,1.0,1.0,0.0,0.0,0.29,0.43,0.0,255,70,0.27,0.02,0.01,0.0,1.0,1.0,0.0,1,78319.0
0,udp,private,SF,1,0,0,0,0,0,0,0,0,35,0.0,0.0,0.0,0.0,0.37,0.09,0.0,255,27,0.11,0.57,0.45,0.0,0.16,0.0,0.0,1,52735.0
0,tcp,http,SF,299,1075,0,0,1,0,0,0,0,7,0.0,0.0,0.0,0.0,1.0,0.0,0.0,255,250,0.98,0.01,0.0,0.0,0.0,0.0,0.0,0,95901.0
0,tcp,http,SF,212,1254,0,0,1,0,0,0,0,18,0.0,0.0,0.0,0.0,1.0,0.0,0.0,58,255,1.0,0.0,0.02,0.02,0.0,0.0,0.0,0,100105.0
0,tcp,private,REJ,0,0,0,0,0,0,0,0,0,290,0.0,0.0,1.0,1.0,0.07,0.06,0.0,255,19,0.07,0.07,0.0,0.0,0.0,0.0,1.0,1,4665.0
0,tcp,http,SF,230,814,0,0,1,0,0,0,0,4,0.0,0.0,0.0,0.0,1.0,0.0,0.4,255,255,1.0,0.0,0.0,0.0,0.0,0.0,0.01,0,19434.0
0,tcp,ftp_data,SF,641,0,0,0,0,0,0,0,0,2,0.0,0.0,0.0,0.0,1.0,0.0,0.0,166,84,0.36,0.04,0.36,0.02,0.01,0.0,0.0,0,113371.0
0,udp,domain_u,SF,44,132,0,0,0,0,0,0,0,59,0.0,0.0,0.0,0.0,1.0,0.0,0.01,255,255,1.0,0.0,0.0,0.0,0.0,0.0,0.0,0,22830.0
0,tcp,auth,S0,0,0,0,0,0,0,0,0,0,105,1.0,1.0,0.0,0.0,0.05,0.07,0.0,255,5,0.02,0.06,0.0,0.0,1.0,1.0,0.0,1,98014.0
0,tcp,vmnet,S0,0,0,0,0,0,0,0,0,0,79,1.0,1.0,0.0,0.0,0.14,0.08,0.0,255,14,0.05,0.07,0.0,0.0,1.0,1.0,0.0,1,53340.0
0,tcp,ftp_data,SF,501760,0,0,0,1,0,0,0,0,2,0.0,0.0,0.0,0.0,1.0,0.0,0.0,39,6,0.15,0.08,0.15,0.0,0.0,0.0,0.0,0,19465.0
0,tcp,iso_tsap,S0,0,0,0,0,0,0,0,0,0,230,1.0,1.0,0.0,0.0,0.0,0.06,0.0,255,1,0.0,0.07,0.0,0.0,1.0,1.0,0.0,1,106816.0
0,udp,domain_u,SF,43,75,0,0,0,0,0,0,0,222,0.0,0.0,0.0,0.0,1.0,0.0,0.0,255,250,0.98,0.01,0.01,0.0,0.0,0.0,0.0,0,15411.0
0,tcp,http,SF,320,1038,0,0,1,0,0,0,0,2,0.0,0.0,0.0,0.0,1.0,0.0,0.67,18,255,1.0,0.0,0.06,0.01,0.0,0.0,0.0,0,97090.0
0,tcp,ftp_data,SF,334,0,0,0,1,0,0,0,0,2,0.0,0.0,0.0,0.0,1.0,0.0,0.0,6,10,1.0,0.0,1.0,0.3,0.0,0.0,0.0,1,40971.0
6111,udp,other,SF,147,105,0,0,0,0,0,0,0,1,0.0,0.0,0.0,0.0,1.0,0.0,0.0,255,1,0.0,0.56,0.88,0.0,0.0,0.0,0.0,0,93985.0
0,tcp,http,SF,218,306,0,0,1,0,0,0,0,4,0.0,0.0,0.0,0.0,1.0,0.0,0.0,36,255,1.0,0.0,0.03,0.04,0.0,0.0,0.0,0,48932.0
0,icmp,eco_i,SF,8,0,0,0,0,0,0,0,0,1,0.0,0.0,0.0,0.0,1.0,0.0,1.0,2,184,1.0,0.0,1.0,0.5,0.0,0.0,0.0,1,41441.0
0,tcp,hostnames,REJ,0,0,0,0,0,0,0,0,0,280,0.0,0.0,1.0,1.0,0.07,0.06,0.0,255,19,0.07,0.07,0.0,0.0,0.0,0.0,1.0,1,27377.0
0,icmp,eco_i,SF,8,0,0,0,0,0,0,0,0,1,0.0,0.0,0.0,0.0,1.0,0.0,1.0,3,47,1.0,0.0,1.0,0.26,0.0,0.0,0.0,1,70202.0
0,tcp,http,REJ,0,0,0,0,0,0,0,0,0,1,0.0,0.0,1.0,1.0,1.0,0.0,1.0,36,255,1.0,0.0,0.03,0.19,0.0,0.01,0.99,0,97530.0
0,tcp,http,SF,204,25948,0,0,1,0,0,0,0,8,0.0,0.0,0.0,0.0,1.0,0.0,0.0,8,19,1.0,0.0,0.12,0.11,0.0,0.0,0.0,0,10271.0
0,tcp,smtp,SF,991,332,0,0,1,0,0,0,0,1,0.0,0.0,0.0,0.0,1.0,0.0,0.0,240,106,0.42,0.03,0.0,0.02,0.0,0.0,0.0,0,51161.0
0,tcp,http,SF,307,731,0,0,1,0,0,0,0,2,0.0,0.0,0.0,0.0,1.0,0.0,0.15,82,255,1.0,0.0,0.01,0.05,0.0,0.0,0.0,0,68037.0
0,tcp,http,SF,328,3411,0,0,1,0,0,0,0,4,0.0,0.0,0.0,0.0,1.0,0.0,0.15,4,255,1.0,0.0,0.25,0.05,0.0,0.0,0.0,0,123796.0
0,tcp,netbios_ns,S0,0,0,0,0,0,0,0,0,0,247,1.0,1.0,0.0,0.0,0.0,0.06,0.0,255,1,0.0,0.05,0.0,0.0,1.0,1.0,0.0,1,52225.0
0,tcp,private,S0,0,0,0,0,0,0,0,0,0,243,1.0,1.0,0.0,0.0,0.07,0.06,0.0,255,20,0.08,0.07,0.0,0.0,1.0,1.0,0.0,1,69492.0
0,tcp,http,REJ,0,0,0,0,0,0,0,0,0,257,0.0,0.0,1.0,1.0,0.05,0.07,0.0,255,12,0.05,0.08,0.0,0.0,0.0,0.0,1.0,1,55046.0
0,tcp,http,SF,259,290,0,0,1,0,0,0,0,3,0.0,0.0,0.0,0.0,1.0,0.0,0.0,255,255,1.0,0.0,0.0,0.0,0.0,0.0,0.0,0,86174.0
0,udp,domain_u,SF,46,112,0,0,0,0,0,0,0,298,0.0,0.0,0.0,0.0,1.0,0.0,0.0,255,253,0.99,0.01,0.0,0.0,0.0,0.0,0.0,0,120779.0
0,tcp,http,SF,238,2697,0,0,1,0,0,0,0,3,0.0,0.0,0.0,0.0,1.0,0.0,0.5,37,255,1.0,0.0,0.03,0.06,0.0,0.0,0.0,0,79702.0
0,tcp,http,SF,314,1010,0,0,1,0,0,0,0,15,0.0,0.0,0.0,0.0,1.0,0.0,0.0,143,255,1.0,0.0,0.01,0.02,0.0,0.0,0.0,0,52580.0
0,tcp,telnet,S0,0,0,0,0,0,0,0,0,0,258,1.0,1.0,0.0,0.0,0.06,0.05,0.0,255,15,0.06,0.05,0.0,0.0,1.0,1.0,0.0,1,71797.0
0,tcp,http,SF,280,1288,0,0,1,0,0,0,0,11,0.0,0.0,0.0,0.0,1.0,0.0,0.0,24,255,1.0,0.0,0.04,0.05,0.0,0.0,0.0,0,12634.0
0,tcp,http,SF,311,7128,0,0,1,0,0,0,0,12,0.0,0.0,0.0,0.0,1.0,0.0,0.19,67,255,1.0,0.0,0.01,0.04,0.0,0.0,0.0,0,55667.0
0,tcp,http,SF,303,784,0,0,1,0,0,0,0,6,0.0,0.0,0.0,0.0,1.0,0.0,0.4,6,255,1.0,0.0,0.17,0.02,0.0,0.0,0.0,0,34834.0
0,tcp,http,SF,333,2354,0,0,1,0,0,0,0,14,0.0,0.0,0.0,0.0,1.0,0.0,0.0,34,255,1.0,0.0,0.03,0.02,0.0,0.0,0.0,0,48785.0
0,tcp,http,SF,307,471,0,0,1,0,0,0,0,7,0.0,0.0,0.0,0.0,1.0,0.0,0.0,25,255,1.0,0.0,0.04,0.05,0.0,0.0,0.0,0,74005.0
0,tcp,http_443,S0,0,0,0,0,0,0,0,0,0,124,1.0,1.0,0.0,0.0,0.05,0.06,0.0,255,14,0.05,0.07,0.0,0.0,1.0,1.0,0.0,1,88614.0
0,tcp,private,S0,0,0,0,0,0,0,0,0,0,35,1.0,1.0,0.0,0.0,0.03,0.14,0.0,255,19,0.07,0.07,0.0,0.0,1.0,1.0,0.0,1,102077.0
0,tcp,http,SF,288,210,0,0,1,0,0,0,0,3,0.0,0.0,0.0,0.0,1.0,0.0,0.33,131,255,1.0,0.0,0.01,0.02,0.0,0.0,0.0,0,124237.0
0,icmp,eco_i,SF,18,0,0,0,0,0,0,0,0,1,0.0,0.0,0.0,0.0,1.0,0.0,0.0,2,54,1.0,0.0,1.0,0.26,0.0,0.0,0.0,1,99036.0
0,tcp,finger,SF,10,0,0,0,0,0,0,0,0,1,0.0,0.0,0.0,0.0,1.0,0.0,0.0,77,11,0.05,0.92,0.01,0.18,0.0,0.0,0.0,0,31693.0
0,udp,other,SF,1,0,0,0,0,0,0,0,0,13,0.0,0.0,0.0,0.0,0.23,0.23,0.0,255,3,0.01,0.15,0.44,0.0,0.0,0.0,0.0,1,49075.0
0,tcp,ssh,S0,0,0,0,0,0,0,0,0,0,292,1.0,1.0,0.0,0.0,0.02,0.05,0.0,255,5,0.02,0.05,0.0,0.0,1.0,1.0,0.0,1,37819.0
0,tcp,http,SF,54540,8314,0,2,1,1,0,0,0,2,0.0,0.0,0.0,0.0,1.0,0.0,0.0,34,34,1.0,0.0,0.03,0.0,0.0,0.0,0.0,1,91163.0
0,tcp,uucp_path,S0,0,0,0,0,0,0,0,0,0,218,1.0,1.0,0.0,0.0,0.04,0.06,0.0,255,9,0.04,0.08,0.0,0.0,1.0,1.0,0.0,1,60901.0
0,icmp,eco_i,SF,8,0,0,0,0,0,0,0,0,1,0.0,0.0,0.0,0.0,1.0,0.0,1.0,1,127,1.0,0.0,1.0,0.5,0.0,0.0,0.0,1,22936.0
0,tcp,http,SF,54540,8314,0,2,1,1,0,0,0,7,0.0,0.0,0.29,0.38,1.0,0.0,0.25,255,255,1.0,0.0,0.0,0.0,0.0,0.0,0.06,1,12982.0
0,tcp,http,SF,294,1680,0,0,1,0,0,0,0,6,0.0,0.0,0.0,0.0,1.0,0.0,0.0,61,255,1.0,0.0,0.02,0.03,0.0,0.0,0.0,0,45893.0
0,tcp,http,SF,336,4154,0,0,1,0,0,0,0,5,0.0,0.0,0.0,0.0,1.0,0.0,0.22,255,255,1.0,0.0,0.0,0.0,0.0,0.0,0.0,0,97357.0
0,tcp,private,REJ,0,0,0,0,0,0,0,0,0,1,0.0,0.0,1.0,1.0,1.0,0.0,0.0,8,2,0.12,1.0,0.12,1.0,0.0,0.0,1.0,1,90849.0
6,tcp,smtp,SF,2846,370,0,0,1,0,0,0,0,1,0.0,0.0,0.0,0.0,1.0,0.0,0.0,255,141,0.55,0.02,0.0,0.0,0.0,0.0,0.0,0,3050.0
0,tcp,finger,S0,0,0,0,0,0,0,0,0,0,40,1.0,1.0,0.0,0.0,0.25,0.1,0.0,255,58,0.23,0.04,0.0,0.0,1.0,1.0,0.0,1,16663.0
0,tcp,http,SF,204,248,0,0,1,0,0,0,0,9,0.0,0.0,0.0,0.0,1.0,0.0,0.0,154,255,1.0,0.0,0.01,0.03,0.0,0.0,0.0,0,38759.0
0,icmp,eco_i,SF,18,0,0,0,0,0,0,0,0,1,0.0,0.0,0.0,0.0,1.0,0.0,0.0,4,100,1.0,0.0,1.0,0.25,0.0,0.0,0.0,1,32914.0
0,tcp,http,SF,280,944,0,0,1,0,0,0,0,3,0.0,0.0,0.0,0.0,1.0,0.0,0.0,85,255,1.0,0.0,0.01,0.01,0.0,0.0,0.0,0,60174.0
0,tcp,smtp,SF,659,330,0,0,1,0,0,0,0,1,0.0,0.0,0.0,0.0,1.0,0.0,0.0,79,246,0.97,0.03,0.01,0.01,0.0,0.0,0.0,0,97498.0
0,tcp,private,S0,0,0,0,0,0,0,0,0,0,73,1.0,1.0,0.0,0.0,0.05,0.07,0.0,255,4,0.02,0.06,0.0,0.0,1.0,1.0,0.0,1,28201.0
0,tcp,http,SF,328,2175,0,0,1,0,0,0,0,8,0.0,0.0,0.0,0.0,1.0,0.0,0.22,26,255,1.0,0.0,0.04,0.02,0.0,0.0,0.0,0,109927.0
0,tcp,netbios_dgm,S0,0,0,0,0,0,0,0,0,0,229,1.0,1.0,0.0,0.0,0.05,0.06,0.0,255,5,0.02,0.07,0.0,0.0,1.0,1.0,0.0,1,118282.0
0,icmp,eco_i,SF,8,0,0,0,0,0,0,0,0,1,0.0,0.0,0.0,0.0,1.0,0.0,1.0,2,54,1.0,0.0,1.0,0.5,0.0,0.0,0.0,1,71532.0
0,tcp,http,SF,297,1828,0,0,1,0,0,0,0,9,0.0,0.0,0.0,0.0,1.0,0.0,0.0,255,255,1.0,0.0,0.0,0.0,0.0,0.0,0.0,0,73464.0
0,udp,domain_u,SF,32,0,0,0,0,0,0,0,0,1,0.0,0.0,0.0,0.0,1.0,0.0,1.0,32,82,0.28,0.09,0.28,0.04,0.0,0.0,0.0,0,89957.0
0,tcp,http,SF,325,2531,0,0,1,0,0,0,0,8,0.0,0.0,0.0,0.0,1.0,0.0,0.22,255,255,1.0,0.0,0.0,0.0,0.0,0.0,0.0,0,38231.0
0,tcp,private,S0,0,0,0,0,0,0,0,0,0,103,1.0,1.0,0.0,0.0,0.02,0.07,0.0,255,18,0.07,0.07,0.0,0.0,1.0,1.0,0.0,1,79884.0
0,tcp,smtp,SF,2077,334,0,0,1,0,0,0,0,1,0.0,0.0,0.0,0.0,1.0,0.0,0.0,73,187,0.99,0.03,0.01,0.02,0.0,0.0,0.0,0,28377.0
0,tcp,http,SF,337,1178,0,0,1,0,0,0,0,19,0.0,0.0,0.0,0.0,1.0,0.0,0.09,85,255,1.0,0.0,0.01,0.01,0.0,0.0,0.0,0,100868.0
2234,udp,other,SF,147,105,0,0,0,0,0,0,0,1,0.0,0.0,0.0,0.0,1.0,0.0,0.0,255,3,0.01,0.67,0.95,0.0,0.0,0.0,0.0,0,77866.0
23,tcp,ftp,SF,240,771,0,4,1,0,0,0,0,1,0.0,0.0,0.0,0.0,1.0,0.0,0.0,110,24,0.22,0.04,0.01,0.0,0.04,0.08,0.0,0,92851.0
0,tcp,http,REJ,0,0,0,0,0,0,0,0,0,1,0.0,0.0,1.0,1.0,1.0,0.0,0.0,12,22,1.0,0.0,0.08,0.09,0.0,0.09,0.59,0,100221.0
0,tcp,uucp_path,S0,0,0,0,0,0,0,0,0,0,131,1.0,1.0,0.0,0.0,0.06,0.05,0.0,255,8,0.03,0.05,0.0,0.0,1.0,1.0,0.0,1,88034.0
0,tcp,http,SF,297,27928,0,1,1,0,0,0,0,1,0.0,0.0,0.0,0.0,1.0,0.0,0.0,69,255,1.0,0.0,0.01,0.04,0.0,0.0,0.0,0,15601.0
0,tcp,smtp,SF,1408,332,0,0,1,0,0,0,0,1,0.0,0.0,0.0,0.0,1.0,0.0,0.0,25,114,0.2,0.12,0.04,0.02,0.0,0.0,0.0,0,28073.0
0,tcp,ftp_data,SF,1339,0,0,0,1,0,0,0,0,2,0.0,0.0,0.0,0.0,1.0,0.0,0.0,30,56,0.2,0.17,0.2,0.04,0.0,0.0,0.0,0,102261.0
0,tcp,smtp,SF,643,326,0,0,1,0,0,0,0,1,0.0,0.0,0.0,0.0,1.0,0.0,0.0,159,109,0.67,0.03,0.01,0.02,0.0,0.0,0.0,0,53967.0
0,tcp,http,S1,275,13140,0,0,1,0,0,0,0,3,0.33,0.33,0.0,0.0,1.0,0.0,0.0,121,255,1.0,0.0,0.01,0.02,0.01,0.01,0.0,0,95681.0
0,tcp,http,SF,201,2731,0,0,1,0,0,0,0,7,0.0,0.0,0.0,0.0,1.0,0.0,0.0,255,255,1.0,0.0,0.01,0.0,0.0,0.0,0.0,0,108433.0
0,tcp,http,S0,0,0,0,0,0,0,0,0,0,2,0.5,0.5,0.0,0.0,1.0,0.0,0.0,4,255,1.0,0.0,0.5,0.07,0.25,0.01,0.0,0,73998.0
0,udp,domain_u,SF,43,68,0,0,0,0,0,0,0,164,0.0,0.0,0.0,0.0,1.0,0.0,0.0,255,255,1.0,0.0,0.0,0.0,0.0,0.0,0.0,0,67994.0
0,tcp,http,SF,214,7407,0,0,1,0,0,0,0,1,0.0,0.0,0.0,0.0,1.0,0.0,0.67,1,255,1.0,0.0,1.0,0.01,0.0,0.0,0.0,0,51545.0
0,tcp,http,SF,209,1972,0,0,1,0,0,0,0,12,0.0,0.0,0.0,0.0,1.0,0.0,0.14,12,255,1.0,0.0,0.08,0.04,0.0,0.0,0.0,0,114786.0
0,tcp,ftp_data,SF,1830,0,0,0,0,0,0,0,0,1,0.0,0.0,0.0,0.0,1.0,0.0,0.0,64,39,0.38,0.09,0.38,0.05,0.0,0.0,0.0,0,103248.0
0,tcp,private,S0,0,0,0,0,0,0,0,0,0,122,1.0,1.0,0.0,0.0,0.13,0.06,0.0,255,31,0.12,0.05,0.0,0.0,1.0,1.0,0.0,1,65675.0
0,tcp,http,SF,249,526,0,0,1,0,0,0,0,7,0.0,0.0,0.0,0.0,1.0,0.0,0.0,21,255,1.0,0.0,0.05,0.01,0.0,0.0,0.0,0,97097.0
0,tcp,private,S0,0,0,0,0,0,0,0,0,0,133,1.0,1.0,0.0,0.0,0.03,0.06,0.0,255,2,0.01,0.09,0.0,0.0,1.0,1.0,0.0,1,72449.0
0,tcp,private,REJ,0,0,0,0,0,0,0,0,0,278,0.08,0.0,0.88,1.0,0.0,1.0,0.0,255,1,0.0,1.0,0.0,0.0,0.08,0.0,1.0,1,37223.0
0,tcp,http,SF,54540,8314,0,2,1,1,0,0,0,5,0.0,0.0,0.0,0.0,1.0,0.0,0.0,62,62,1.0,0.0,0.02,0.0,0.0,0.0,0.03,1,112738.0
0,tcp,mtp,S0,0,0,0,0,0,0,0,0,0,267,1.0,1.0,0.0,0.0,0.01,0.06,0.0,255,4,0.02,0.09,0.0,0.0,1.0,1.0,0.0,1,47908.0
0,tcp,private,S0,0,0,0,0,0,0,0,0,0,120,1.0,1.0,0.0,0.0,0.15,0.06,0.0,255,13,0.05,0.07,0.0,0.0,1.0,1.0,0.0,1,118997.0
0,tcp,private,S0,0,0,0,0,0,0,0,0,0,201,1.0,1.0,0.0,0.0,0.0,0.06,0.0,255,13,0.05,0.06,0.0,0.0,1.0,1.0,0.0,1,63060.0
0,icmp,eco_i,SF,8,0,0,0,0,0,0,0,0,1,0.0,0.0,0.0,0.0,1.0,0.0,1.0,4,140,1.0,0.0,1.0,0.25,0.0,0.0,0.0,1,117332.0
0,tcp,http,SF,335,3221,0,0,1,0,0,0,0,15,0.0,0.0,0.0,0.0,1.0,0.0,0.09,55,255,1.0,0.0,0.02,0.04,0.0,0.01,0.0,0,117862.0
0,tcp,http,SF,213,301,0,0,1,0,0,0,0,21,0.0,0.0,0.0,0.0,1.0,0.0,0.09,204,255,1.0,0.0,0.0,0.01,0.0,0.0,0.0,0,84887.0
0,tcp,gopher,S0,0,0,0,0,0,0,0,0,0,209,1.0,1.0,0.0,0.0,0.09,0.07,0.0,255,17,0.07,0.07,0.0,0.0,1.0,1.0,0.0,1,51918.0
0,icmp,ecr_i,SF,1032,0,0,0,0,0,0,0,0,511,0.0,0.0,0.0,0.0,1.0,0.0,0.0,255,167,0.65,0.02,0.65,0.0,0.0,0.0,0.0,1,116193.0
0,tcp,http,S0,0,0,0,0,0,0,0,0,0,12,1.0,1.0,0.0,0.0,1.0,0.0,0.0,255,12,0.05,0.07,0.0,0.0,1.0,1.0,0.0,1,51995.0
0,tcp,http,SF,350,281,0,0,1,0,0,0,0,25,0.0,0.0,0.0,0.0,1.0,0.0,0.07,255,255,1.0,0.0,0.0,0.0,0.0,0.0,0.0,0,118148.0
0,tcp,private,S0,0,0,0,0,0,0,0,0,0,113,1.0,1.0,0.0,0.0,0.06,0.07,0.0,255,13,0.05,0.07,0.0,0.0,1.0,1.0,0.0,1,105438.0
0,udp,private,SF,28,0,3,0,0,0,0,0,0,67,0.0,0.0,0.0,0.0,1.0,0.0,0.0,255,167,0.65,0.35,0.65,0.0,0.09,0.0,0.0,1,72019.0
0,udp,private,SF,28,0,3,0,0,0,0,0,0,60,0.0,0.0,0.0,0.0,1.0,0.0,0.0,255,60,0.24,0.64,0.24,0.0,0.01,0.0,0.0,1,20013.0
0,tcp,finger,S0,0,0,0,0,0,0,0,0,0,1,1.0,1.0,0.0,0.0,1.0,0.0,1.0,1,3,1.0,0.0,1.0,1.0,1.0,1.0,0.0,0,66481.0
0,tcp,smtp,SF,1249,331,0,0,1,0,0,0,0,1,0.0,0.0,0.0,0.0,1.0,0.0,1.0,255,10,0.04,0.76,0.0,0.0,0.0,0.0,0.0,0,72683.0
0,tcp,private,REJ,0,0,0,0,0,0,0,0,0,1,0.0,0.0,1.0,1.0,1.0,0.0,0.0,255,1,0.0,0.56,0.54,0.0,0.0,0.0,1.0,1,20922.0
0,tcp,http,SF,220,16702,0,0,1,0,0,0,0,1,0.0,0.0,0.0,0.0,1.0,0.0,0.0,21,255,1.0,0.0,0.05,0.01,0.0,0.0,0.0,0,68701.0
0,udp,private,SF,1,0,0,0,0,0,0,0,0,5,0.0,0.0,0.0,0.0,1.0,0.0,0.0,255,5,0.02,0.41,0.78,0.0,0.0,0.0,0.0,1,21135.0
0,tcp,bgp,S0,0,0,0,0,0,0,0,0,0,260,1.0,1.0,0.0,0.0,0.02,0.07,0.0,255,5,0.02,0.07,0.0,0.0,1.0,1.0,0.0,1,78334.0
0,tcp,http,REJ,0,0,0,0,0,0,0,0,0,1,0.0,0.0,1.0,1.0,1.0,0.0,1.0,12,255,1.0,0.0,0.08,0.16,0.0,0.0,0.99,0,45727.0
0,tcp,daytime,S0,0,0,0,0,0,0,0,0,0,281,1.0,1.0,0.0,0.0,0.04,0.06,0.0,255,11,0.04,0.07,0.0,0.0,1.0,1.0,0.0,1,59736.0
0,tcp,ftp_data,S0,0,0,0,0,0,0,0,0,0,27,1.0,1.0,0.0,0.0,0.19,0.15,0.0,255,65,0.25,0.02,0.01,0.0,1.0,1.0,0.0,1,27799.0
0,tcp,private,S0,0,0,0,0,0,0,0,0,0,220,1.0,1.0,0.0,0.0,0.05,0.08,0.0,255,12,0.05,0.09,0.0,0.0,1.0,1.0,0.0,1,90163.0
0,tcp,private,S0,0,0,0,0,0,0,0,0,0,278,1.0,1.0,0.0,0.0,0.0,0.06,0.0,255,15,0.06,0.07,0.0,0.0,1.0,1.0,0.0,1,22785.0
0,tcp,ctf,S0,0,0,0,0,0,0,0,0,0,276,1.0,1.0,0.0,0.0,0.03,0.05,0.0,255,9,0.04,0.05,0.0,0.0,1.0,1.0,0.0,1,122249.0
0,udp,ntp_u,SF,48,48,0,0,0,0,0,0,0,1,0.0,0.0,0.0,0.0,1.0,0.0,0.0,32,26,0.81,0.09,0.81,0.0,0.0,0.0,0.0,0,109230.0
0,tcp,kshell,S0,0,0,0,0,0,0,0,0,0,84,1.0,1.0,0.0,0.0,0.27,0.05,0.0,255,23,0.09,0.05,0.0,0.0,1.0,1.0,0.0,1,74529.0
0,tcp,smtp,SF,1383,459,0,0,1,0,0,0,0,1,0.0,0.0,0.0,0.0,1.0,0.0,0.0,255,6,0.02,0.07,0.0,0.0,0.96,0.0,0.0,0,116864.0
0,tcp,ctf,REJ,0,0,0,0,0,0,0,0,0,233,0.0,0.0,1.0,1.0,0.02,0.07,0.0,255,4,0.02,0.07,0.0,0.0,0.0,0.0,1.0,1,107200.0
0,tcp,uucp_path,S0,0,0,0,0,0,0,0,0,0,260,1.0,1.0,0.0,0.0,0.08,0.06,0.0,255,20,0.08,0.07,0.0,0.0,1.0,1.0,0.0,1,47829.0
0,tcp,telnet,S0,0,0,0,0,0,0,0,0,0,29,1.0,1.0,0.0,0.0,0.21,0.14,0.0,255,63,0.25,0.02,0.01,0.0,1.0,1.0,0.0,1,119829.0
0,tcp,private,S0,0,0,0,0,0,0,0,0,0,132,1.0,1.0,0.0,0.0,0.06,0.07,0.0,255,8,0.03,0.07,0.0,0.0,1.0,1.0,0.0,1,28578.0
0,tcp,iso_tsap,REJ,0,0,0,0,0,0,0,0,0,237,0.0,0.0,1.0,1.0,0.06,0.07,0.0,255,15,0.06,0.09,0.0,0.0,0.0,0.0,1.0,1,27938.0
0,tcp,imap4,S0,0,0,0,0,0,0,0,0,0,255,1.0,1.0,0.0,0.0,0.04,0.06,0.0,255,9,0.04,0.07,0.0,0.0,1.0,1.0,0.0,1,532.0
0,icmp,eco_i,SF,8,0,0,0,0,0,0,0,0,1,0.0,0.0,0.0,0.0,1.0,0.0,1.0,2,154,1.0,0.0,1.0,0.5,0.0,0.0,0.0,1,57007.0
0,tcp,http,REJ,0,0,0,0,0,0,0,0,0,1,0.0,0.0,1.0,1.0,1.0,0.0,1.0,4,9,1.0,0.0,0.25,0.33,0.0,0.0,1.0,0,57519.0
0,tcp,http,SF,298,677,0,0,1,0,0,0,0,28,0.0,0.0,0.0,0.0,1.0,0.0,0.0,255,255,1.0,0.0,0.0,0.0,0.0,0.0,0.0,0,30789.0
5,tcp,smtp,SF,3159,334,0,0,1,0,0,0,0,1,0.0,0.0,0.0,0.0,1.0,0.0,0.0,56,110,0.48,0.07,0.02,0.02,0.0,0.0,0.0,0,40865.0
0,tcp,finger,SF,8,140,0,0,0,0,0,0,0,1,0.0,0.0,0.0,0.0,1.0,0.0,0.0,151,10,0.04,0.03,0.01,0.2,0.01,0.0,0.0,0,110519.0
0,tcp,http,SF,285,439,0,0,1,0,0,0,0,20,0.0,0.0,0.0,0.0,1.0,0.0,0.09,255,255,1.0,0.0,0.0,0.0,0.0,0.0,0.0,0,44443.0
0,icmp,urp_i,SF,78,0,0,0,0,0,0,0,0,29,0.0,0.0,0.0,0.0,0.17,0.07,0.0,255,21,0.08,0.01,0.08,0.0,0.0,0.0,0.0,0,43101.0
0,tcp,http,SF,54540,8314,0,2,1,1,0,0,0,3,0.0,0.0,0.0,0.4,1.0,0.0,0.6,255,255,1.0,0.0,0.0,0.0,0.01,0.01,0.04,1,9828.0
0,icmp,ecr_i,SF,1032,0,0,0,0,0,0,0,0,511,0.0,0.0,0.0,0.0,1.0,0.0,0.0,183,89,0.49,0.04,0.49,0.0,0.01,0.0,0.0,1,89735.0
0,tcp,daytime,S0,0,0,0,0,0,0,0,0,0,277,1.0,1.0,0.0,0.0,0.03,0.06,0.0,255,9,0.04,0.07,0.0,0.0,1.0,1.0,0.0,1,31203.0
0,tcp,http,SF,298,3897,0,0,1,0,0,0,0,7,0.0,0.0,0.0,0.0,1.0,0.0,0.0,18,255,1.0,0.0,0.06,0.08,0.0,0.0,0.0,0,78568.0
0,tcp,http,SF,207,2596,0,0,1,0,0,0,0,22,0.0,0.0,0.0,0.0,1.0,0.0,0.08,255,255,1.0,0.0,0.0,0.0,0.0,0.0,0.0,0,20923.0
0,tcp,telnet,S0,0,0,0,0,0,0,0,0,0,9,1.0,1.0,0.0,0.0,0.44,0.22,0.0,255,56,0.22,0.02,0.01,0.0,1.0,1.0,0.0,1,112588.0
0,tcp,netstat,S0,0,0,0,0,0,0,0,0,0,211,1.0,1.0,0.0,0.0,0.09,0.06,0.0,255,19,0.07,0.06,0.0,0.0,1.0,1.0,0.0,1,24571.0
0,tcp,exec,RSTO,0,0,0,0,0,0,0,0,0,140,0.0,0.0,1.0,1.0,0.09,0.06,0.0,255,5,0.02,0.06,0.0,0.0,0.0,0.0,1.0,1,110803.0
0,icmp,ecr_i,SF,1032,0,0,0,0,0,0,0,0,307,0.0,0.0,0.0,0.0,1.0,0.0,0.0,149,55,0.37,0.05,0.37,0.0,0.01,0.0,0.0,1,30986.0
2,tcp,ftp_data,SF,2194619,0,0,0,0,0,0,0,0,2,0.0,0.0,0.0,0.0,1.0,0.0,0.0,223,70,0.29,0.03,0.29,0.03,0.0,0.0,0.0,0,56418.0
0,tcp,private,S0,0,0,0,0,0,0,0,0,0,239,1.0,1.0,0.0,0.0,0.03,0.06,0.0,255,13,0.05,0.08,0.0,0.0,1.0,1.0,0.0,1,77153.0
0,tcp,http,SF,304,3200,0,0,1,0,0,0,0,6,0.0,0.0,0.0,0.0,1.0,0.0,0.0,255,255,1.0,0.0,0.0,0.0,0.0,0.0,0.01,0,101342.0
0,tcp,private,REJ,0,0,0,0,0,0,0,0,0,291,0.0,0.0,1.0,1.0,0.05,0.05,0.0,255,16,0.06,0.06,0.0,0.0,0.0,0.0,1.0,1,89167.0
0,tcp,http,REJ,0,0,0,0,0,0,0,0,0,1,0.0,0.0,1.0,1.0,1.0,0.0,0.0,7,255,1.0,0.0,0.14,0.07,0.0,0.0,0.46,0,61486.0
0,udp,domain_u,SF,42,131,0,0,0,0,0,0,0,58,0.0,0.0,0.0,0.0,1.0,0.0,0.01,255,254,1.0,0.01,0.0,0.0,0.0,0.0,0.0,0,102550.0
0,tcp,http,SF,224,8714,0,0,1,0,0,0,0,22,0.0,0.0,0.0,0.0,1.0,0.0,0.0,22,255,1.0,0.0,0.05,0.01,0.0,0.0,0.0,0,35297.0
0,tcp,http,SF,229,1610,0,0,1,0,0,0,0,10,0.0,0.0,0.0,0.0,1.0,0.0,0.05,10,255,1.0,0.0,0.1,0.02,0.0,0.0,0.0,0,30877.0
0,tcp,private,S0,0,0,0,0,0,0,0,0,0,140,1.0,1.0,0.0,0.0,0.14,0.06,0.0,90,20,0.22,0.08,0.01,0.0,1.0,1.0,0.0,1,51267.0
0,icmp,ecr_i,SF,1032,0,0,0,0,0,0,0,0,401,0.0,0.0,0.0,0.0,1.0,0.0,0.0,255,255,1.0,0.0,1.0,0.0,0.0,0.0,0.0,1,8119.0
0,udp,domain_u,SF,30,30,0,0,0,0,0,0,0,10,0.0,0.0,0.0,0.0,1.0,0.0,0.13,255,248,0.97,0.01,0.0,0.0,0.0,0.0,0.0,0,58871.0
0,tcp,http,REJ,0,0,0,0,0,0,0,0,0,1,0.0,0.0,1.0,1.0,1.0,0.0,1.0,14,249,1.0,0.0,0.07,0.18,0.0,0.0,1.0,0,46448.0
0,tcp,private,S0,0,0,0,0,0,0,0,0,0,39,1.0,1.0,0.0,0.0,0.41,0.1,0.0,255,16,0.06,0.07,0.0,0.0,1.0,1.0,0.0,1,74343.0
0,tcp,private,S0,0,0,0,0,0,0,0,0,0,194,1.0,1.0,0.0,0.0,0.01,0.06,0.0,255,19,0.07,0.07,0.0,0.0,1.0,1.0,0.0,1,100100.0
0,udp,private,SF,28,0,3,0,0,0,0,0,0,143,0.7,0.0,0.0,0.0,0.3,0.05,0.0,255,43,0.17,0.84,0.17,0.0,0.09,0.0,0.0,1,104468.0
0,tcp,http,SF,254,178,0,0,1,0,0,0,0,1,0.0,0.0,0.0,0.0,1.0,0.0,0.0,32,255,1.0,0.0,0.03,0.03,0.0,0.0,0.0,0,89342.0
0,tcp,http,SF,241,2239,0,0,1,0,0,0,0,2,0.0,0.0,0.0,0.0,1.0,0.0,0.0,124,122,0.98,0.02,0.01,0.0,0.0,0.0,0.12,0,67133.0
0,tcp,private,S0,0,0,0,0,0,0,0,0,0,110,1.0,1.0,0.0,0.0,0.02,0.07,0.0,255,12,0.05,0.06,0.0,0.0,1.0,1.0,0.0,1,24114.0
0,tcp,http,SF,211,11541,0,0,1,0,0,0,0,3,0.0,0.0,0.0,0.0,1.0,0.0,0.0,153,255,1.0,0.0,0.01,0.01,0.0,0.0,0.0,0,52603.0
0,tcp,http,SF,376,2752,0,0,1,0,0,0,0,36,0.0,0.0,0.0,0.0,1.0,0.0,0.03,255,255,1.0,0.0,0.0,0.0,0.0,0.0,0.0,0,118092.0
0,tcp,private,S0,0,0,0,0,0,0,0,0,0,225,1.0,1.0,0.0,0.0,0.03,0.07,0.0,255,17,0.07,0.08,0.0,0.0,1.0,1.0,0.0,1,102576.0
7,tcp,http,SF,202,4091,0,0,1,0,0,0,0,1,0.0,0.0,0.0,0.0,1.0,0.0,0.0,255,254,1.0,0.01,0.0,0.0,0.0,0.0,0.0,0,67944.0
0,tcp,exec,S0,0,0,0,0,0,0,0,0,0,91,1.0,1.0,0.0,0.0,0.09,0.08,0.0,255,8,0.03,0.06,0.0,0.0,1.0,1.0,0.0,1,66149.0
0,tcp,private,REJ,0,0,0,0,0,0,0,0,0,3,0.0,0.0,1.0,1.0,0.33,0.67,0.0,173,1,0.01,0.03,0.02,0.0,0.01,0.0,1.0,1,100776.0
0,udp,domain_u,SF,44,44,0,0,0,0,0,0,0,154,0.0,0.0,0.0,0.0,1.0,0.0,0.02,255,254,1.0,0.01,0.01,0.0,0.0,0.0,0.0,0,56365.0
0,tcp,courier,S0,0,0,0,0,0,0,0,0,0,18,1.0,1.0,0.0,0.0,0.17,0.17,0.0,255,3,0.01,0.07,0.0,0.0,1.0,1.0,0.0,1,110253.0
0,tcp,http,SF,219,307,0,0,1,0,0,0,0,15,0.0,0.0,0.0,0.0,1.0,0.0,0.12,255,255,1.0,0.0,0.0,0.0,0.0,0.0,0.0,0,84686.0
3,tcp,http,SF,152,8718,0,0,1,0,0,0,0,1,0.0,0.0,0.0,0.0,1.0,0.0,0.33,133,255,1.0,0.0,0.01,0.02,0.0,0.0,0.0,0,45814.0
0,tcp,http_443,S0,0,0,0,0,0,0,0,0,0,135,1.0,1.0,0.0,0.0,0.14,0.06,0.0,255,19,0.07,0.06,0.0,0.0,1.0,1.0,0.0,1,85098.0
0,tcp,http,SF,221,398,0,0,1,0,0,0,0,12,0.0,0.0,0.0,0.0,1.0,0.0,0.0,216,255,1.0,0.0,0.0,0.01,0.0,0.0,0.0,0,78760.0
15,tcp,auth,SF,10,37,0,0,1,0,0,0,0,1,0.0,0.0,0.0,0.0,1.0,0.0,0.0,255,13,0.05,0.02,0.0,0.0,0.0,0.0,0.0,0,118988.0
0,tcp,sql_net,REJ,0,0,0,0,0,0,0,0,0,171,0.0,0.0,1.0,1.0,0.06,0.07,0.0,255,10,0.04,0.07,0.0,0.0,0.0,0.0,1.0,1,31476.0
0,tcp,http,SF,298,461,0,0,1,0,0,0,0,1,0.0,0.0,0.0,0.0,1.0,0.0,0.0,1,255,1.0,0.0,1.0,0.02,0.0,0.0,0.0,0,21537.0
0,tcp,http,SF,290,762,0,0,1,0,0,0,0,21,0.0,0.0,0.0,0.0,1.0,0.0,0.0,255,255,1.0,0.0,0.0,0.0,0.0,0.0,0.0,0,94756.0
0,tcp,private,REJ,0,0,0,0,0,0,0,0,0,2,0.0,0.0,1.0,1.0,0.5,1.0,0.0,255,1,0.0,0.44,0.41,0.0,0.0,0.0,1.0,1,52611.0
0,tcp,http,SF,284,2251,0,0,1,0,0,0,0,33,0.0,0.0,0.0,0.0,1.0,0.0,0.11,255,255,1.0,0.0,0.0,0.0,0.0,0.0,0.0,0,19734.0
1,tcp,smtp,SF,1441,373,0,0,1,0,0,0,0,1,0.0,0.0,0.0,0.0,1.0,0.0,0.0,49,244,0.98,0.04,0.02,0.01,0.0,0.0,0.0,0,66475.0
0,tcp,http,SF,202,4774,0,0,1,0,0,0,0,4,0.0,0.0,0.0,0.0,1.0,0.0,0.12,5,255,1.0,0.0,0.2,0.01,0.0,0.0,0.01,0,41051.0
0,tcp,http,SF,303,800,0,0,1,0,0,0,0,2,0.0,0.0,0.0,0.0,1.0,0.0,0.0,20,255,1.0,0.0,0.05,0.06,0.0,0.0,0.0,0,85568.0
0,tcp,ftp_data,S1,11680,0,0,0,1,0,0,0,0,9,0.11,0.33,0.0,0.0,0.33,0.78,0.0,132,49,0.07,0.08,0.11,0.04,0.01,0.02,0.0,0,68569.0
0,icmp,urp_i,SF,78,0,0,0,0,0,0,0,0,25,0.0,0.0,0.0,0.0,0.24,0.08,0.0,255,13,0.05,0.01,0.05,0.0,0.0,0.0,0.0,0,110451.0
0,tcp,http,SF,208,914,0,0,1,0,0,0,0,37,0.0,0.0,0.03,0.02,1.0,0.0,0.09,154,255,1.0,0.0,0.01,0.02,0.0,0.0,0.0,0,81792.0
0,tcp,uucp_path,S0,0,0,0,0,0,0,0,0,0,261,1.0,1.0,0.0,0.0,0.06,0.06,0.0,255,13,0.05,0.06,0.0,0.0,1.0,1.0,0.0,1,44226.0
0,tcp,http,SF,304,1494,0,0,1,0,0,0,0,12,0.0,0.0,0.0,0.0,1.0,0.0,0.3,255,255,1.0,0.0,0.0,0.0,0.0,0.0,0.0,0,36526.0
0,tcp,http,SF,348,285,0,0,1,0,0,0,0,13,0.0,0.0,0.0,0.0,1.0,0.0,0.0,255,255,1.0,0.0,0.0,0.0,0.0,0.0,0.0,0,23409.0
0,tcp,klogin,REJ,0,0,0,0,0,0,0,0,0,101,0.0,0.0,1.0,1.0,0.2,0.06,0.0,255,1,0.0,0.07,0.0,0.0,0.0,0.0,1.0,1,85244.0
0,tcp,http,SF,367,3008,0,0,1,0,0,0,0,5,0.0,0.0,0.0,0.0,1.0,0.0,0.0,99,255,1.0,0.0,0.01,0.02,0.0,0.0,0.0,0,3545.0
0,udp,private,SF,28,0,3,0,0,0,0,0,0,47,0.0,0.0,0.02,0.0,0.98,0.04,0.0,255,46,0.18,0.02,0.18,0.0,0.0,0.0,0.0,1,47148.0
0,tcp,private,RSTR,0,0,0,0,0,0,0,0,0,1,0.0,0.0,1.0,1.0,1.0,0.0,0.0,255,1,0.0,0.39,0.38,0.0,0.0,0.0,1.0,1,112843.0
0,tcp,private,REJ,0,0,0,0,0,0,0,0,0,246,0.0,0.0,1.0,1.0,0.04,0.06,0.0,255,10,0.04,0.08,0.0,0.0,0.0,0.0,1.0,1,89245.0
0,tcp,http,SF,248,1470,0,0,1,0,0,0,0,7,0.0,0.0,0.0,0.0,1.0,0.0,0.0,108,255,1.0,0.0,0.01,0.03,0.0,0.0,0.0,0,91522.0
0,udp,domain_u,SF,43,134,0,0,0,0,0,0,0,151,0.0,0.0,0.0,0.0,1.0,0.0,0.01,255,214,0.84,0.01,0.0,0.0,0.0,0.0,0.0,0,30622.0
0,tcp,http,REJ,0,0,0,0,0,0,0,0,0,1,0.0,0.0,1.0,1.0,1.0,0.0,0.0,2,250,1.0,0.0,0.5,0.32,0.0,0.0,1.0,0,5671.0
0,tcp,ftp_data,SF,7321,0,0,0,0,0,0,0,0,2,0.0,0.0,0.0,0.0,1.0,0.0,0.0,187,78,0.33,0.02,0.33,0.03,0.0,0.0,0.0,0,8243.0
0,tcp,whois,S0,0,0,0,0,0,0,0,0,0,228,1.0,1.0,0.0,0.0,0.05,0.06,0.0,255,12,0.05,0.07,0.0,0.0,1.0,1.0,0.0,1,74733.0
0,tcp,http,SF,214,5134,0,0,1,0,0,0,0,3,0.0,0.0,0.0,0.0,1.0,0.0,0.0,3,255,1.0,0.0,0.33,0.07,0.0,0.0,0.0,0,59967.0
0,tcp,netstat,S0,0,0,0,0,0,0,0,0,0,228,1.0,1.0,0.0,0.0,0.0,0.07,0.0,255,1,0.0,0.08,0.0,0.0,1.0,1.0,0.0,1,53406.0
0,tcp,private,S0,0,0,0,0,0,0,0,0,0,102,1.0,1.0,0.0,0.0,0.11,0.06,0.0,255,12,0.05,0.06,0.0,0.0,1.0,1.0,0.0,1,97902.0
0,tcp,login,S0,0,0,0,0,0,0,0,0,0,136,1.0,1.0,0.0,0.0,0.05,0.06,0.0,255,7,0.03,0.06,0.0,0.0,1.0,1.0,0.0,1,87352.0
0,tcp,auth,S0,0,0,0,0,0,0,0,0,0,266,1.0,1.0,0.0,0.0,0.05,0.06,0.0,255,12,0.05,0.07,0.0,0.0,1.0,1.0,0.0,1,116912.0
0,tcp,http,SF,332,7507,0,0,1,0,0,0,0,16,0.0,0.0,0.0,0.0,1.0,0.0,0.0,255,255,1.0,0.0,0.0,0.0,0.0,0.0,0.0,0,33682.0
4124,udp,other,SF,147,105,0,0,0,0,0,0,0,1,0.0,0.0,0.0,0.0,1.0,0.0,0.0,41,1,0.02,0.66,0.9,0.0,0.0,0.0,0.0,0,51086.0
11010,udp,other,SF,145,105,0,0,0,0,0,0,0,4,0.0,0.0,0.0,0.0,0.5,0.5,0.0,238,4,0.02,0.6,0.92,0.0,0.0,0.0,0.0,0,102152.0
0,tcp,private,S0,0,0,0,0,0,0,0,0,0,125,1.0,1.0,0.0,0.0,0.16,0.07,0.0,255,19,0.07,0.08,0.0,0.0,1.0,1.0,0.0,1,64645.0
0,tcp,http,SF,191,1958,0,0,1,0,0,0,0,2,0.0,0.0,0.0,0.0,1.0,0.0,0.0,255,255,1.0,0.0,0.0,0.0,0.0,0.0,0.0,0,58484.0
0,icmp,eco_i,SF,8,0,0,0,0,0,0,0,0,1,0.0,0.0,0.0,0.0,1.0,0.0,1.0,1,63,1.0,0.0,1.0,0.51,0.0,0.0,0.0,1,47892.0
0,tcp,telnet,S0,0,0,0,0,0,0,0,0,0,77,1.0,1.0,0.0,0.0,0.25,0.05,0.0,255,63,0.25,0.02,0.02,0.0,1.0,1.0,0.0,1,64932.0
0,icmp,ecr_i,SF,30,0,0,0,0,0,0,0,0,1,0.0,0.0,0.0,0.0,1.0,0.0,0.0,9,10,1.0,0.0,1.0,0.2,0.0,0.0,0.0,0,68300.0
0,tcp,finger,S0,0,0,0,0,0,0,0,0,0,51,1.0,1.0,0.0,0.0,0.25,0.08,0.0,255,40,0.16,0.05,0.0,0.0,1.0,1.0,0.0,1,11439.0
0,tcp,http,REJ,0,0,0,0,0,0,0,0,0,1,0.0,0.0,1.0,1.0,1.0,0.0,0.0,2,214,1.0,0.0,0.5,0.19,0.0,0.0,0.78,0,84185.0
0,tcp,private,REJ,0,0,0,0,0,0,0,0,0,2,0.0,0.0,1.0,1.0,0.5,1.0,0.0,255,1,0.0,0.36,0.33,0.0,0.0,0.0,1.0,1,94587.0
0,tcp,private,RSTR,0,0,0,0,0,0,0,0,0,1,0.0,0.0,1.0,1.0,1.0,0.0,0.0,255,1,0.0,0.57,1.0,0.0,0.0,0.0,1.0,1,70266.0
0,udp,domain_u,SF,42,73,0,0,0,0,0,0,0,146,0.0,0.0,0.0,0.0,0.99,0.01,0.0,255,254,1.0,0.01,0.01,0.0,0.0,0.0,0.0,0,35222.0
0,tcp,finger,S0,0,0,0,0,0,0,0,0,0,1,1.0,1.0,0.0,0.0,1.0,0.0,1.0,1,1,1.0,0.0,1.0,0.0,1.0,1.0,0.0,0,37107.0
0,tcp,Z39_50,S0,0,0,0,0,0,0,0,0,0,101,1.0,1.0,0.0,0.0,0.1,0.05,0.0,255,10,0.04,0.05,0.0,0.0,1.0,1.0,0.0,1,123559.0
39,tcp,telnet,SF,117,8872,0,0,1,0,0,0,0,1,0.0,0.0,0.0,0.0,1.0,0.0,0.0,240,2,0.01,0.03,0.0,0.0,0.0,0.5,0.0,0,60363.0
294,tcp,telnet,SF,237,1885,0,0,1,6,0,0,0,1,0.0,0.0,0.0,0.0,1.0,0.0,0.0,218,35,0.16,0.03,0.0,0.0,0.0,0.03,0.06,0,17581.0
0,tcp,http,SF,301,2239,0,0,1,0,0,0,0,5,0.0,0.0,0.0,0.0,1.0,0.0,0.0,255,250,0.98,0.01,0.0,0.0,0.0,0.0,0.0,0,31403.0
0,tcp,private,S0,0,0,0,0,0,0,0,0,0,112,1.0,1.0,0.0,0.0,0.04,0.08,0.0,255,4,0.02,0.07,0.0,0.0,1.0,1.0,0.0,1,30591.0
0,tcp,http,SF,223,417,0,0,1,0,0,0,0,32,0.0,0.0,0.0,0.0,1.0,0.0,0.0,32,255,1.0,0.0,0.03,0.04,0.0,0.01,0.0,0,68035.0
0,tcp,kshell,S0,0,0,0,0,0,0,0,0,0,119,1.0,1.0,0.0,0.0,0.1,0.05,0.0,255,12,0.05,0.05,0.0,0.0,1.0,1.0,0.0,1,8261.0
0,tcp,private,S0,0,0,0,0,0,0,0,0,0,285,1.0,1.0,0.0,0.0,0.06,0.06,0.0,255,1,0.0,0.07,0.0,0.0,1.0,1.0,0.0,1,35156.0
0,tcp,private,S0,0,0,0,0,0,0,0,0,0,120,1.0,1.0,0.0,0.0,0.03,0.05,0.0,255,3,0.01,0.05,0.0,0.0,1.0,1.0,0.0,1,31552.0
0,tcp,http,SF,266,667,0,0,1,0,0,0,0,8,0.0,0.0,0.0,0.0,1.0,0.0,0.0,255,255,1.0,0.0,0.0,0.0,0.0,0.0,0.0,0,61221.0
0,tcp,smtp,SF,848,332,0,0,1,0,0,0,0,1,0.0,0.0,0.0,0.0,1.0,0.0,0.0,168,166,0.79,0.02,0.01,0.01,0.0,0.0,0.0,0,15901.0
0,tcp,http,SF,276,791,0,0,1,0,0,0,0,5,0.0,0.0,0.0,0.0,1.0,0.0,0.12,255,255,1.0,0.0,0.0,0.0,0.0,0.0,0.0,0,82488.0
1,tcp,smtp,SF,2394,331,0,0,1,0,0,0,0,1,0.0,0.0,0.0,0.0,1.0,0.0,1.0,138,184,0.73,0.04,0.01,0.01,0.0,0.0,0.0,0,105605.0
0,udp,domain_u,SF,42,42,0,0,0,0,0,0,0,3,0.0,0.0,0.0,0.0,1.0,0.0,0.22,255,255,1.0,0.0,0.03,0.0,0.0,0.0,0.0,0,82815.0
0,tcp,http,SF,331,2263,0,0,1,0,0,0,0,5,0.0,0.0,0.0,0.0,1.0,0.0,0.0,5,255,1.0,0.0,0.2,0.06,0.0,0.0,0.0,0,6503.0
0,tcp,ftp_data,REJ,0,0,0,0,0,0,0,0,0,137,0.0,0.0,1.0,1.0,0.12,0.07,0.0,255,1,0.0,0.07,0.0,0.0,0.0,0.0,1.0,1,27659.0
28,udp,domain_u,SF,46,46,0,0,0,0,0,0,0,4,0.0,0.0,0.0,0.0,0.5,0.5,0.5,32,31,0.97,0.06,0.03,0.0,0.0,0.0,0.0,0,98135.0
0,tcp,http,SF,347,2562,0,0,1,0,0,0,0,10,0.0,0.0,0.0,0.0,1.0,0.0,0.09,10,255,1.0,0.0,0.1,0.03,0.0,0.0,0.0,0,38168.0
0,tcp,private,S0,0,0,0,0,0,0,0,0,0,154,1.0,1.0,0.0,0.0,0.01,0.06,0.0,255,19,0.07,0.07,0.0,0.0,1.0,1.0,0.0,1,70528.0
0,udp,private,SF,1,74,0,0,0,0,0,0,0,22,0.0,0.0,0.0,0.0,0.05,0.18,0.0,255,1,0.0,0.8,0.22,0.0,0.16,0.0,0.0,1,82155.0
0,tcp,http,SF,230,9186,0,0,1,0,0,0,0,1,0.0,0.0,0.0,0.0,1.0,0.0,1.0,255,255,1.0,0.0,0.0,0.0,0.0,0.0,0.0,0,89364.0
0,tcp,private,S0,0,0,0,0,0,0,0,0,0,227,1.0,1.0,0.0,0.0,0.02,0.06,0.0,255,17,0.07,0.08,0.0,0.0,1.0,1.0,0.0,1,66844.0
0,tcp,other,SF,59,0,0,0,1,0,0,0,0,16,0.06,0.0,0.0,0.0,0.06,0.88,0.0,255,1,0.0,0.07,0.26,0.0,0.0,0.0,0.0,0,94372.0
0,tcp,exec,RSTO,0,0,0,0,0,0,0,0,0,142,0.0,0.0,1.0,1.0,0.08,0.06,0.0,255,12,0.05,0.07,0.0,0.0,0.0,0.0,1.0,1,81235.0
0,tcp,private,S0,0,0,0,0,0,0,0,0,0,250,1.0,1.0,0.0,0.0,0.05,0.06,0.0,255,2,0.01,0.06,0.0,0.0,1.0,1.0,0.0,1,37311.0
11014,tcp,telnet,SF,1093,18740,0,33,1,0,0,0,0,1,0.0,0.0,0.0,0.0,1.0,0.0,0.0,108,21,0.19,0.05,0.01,0.0,0.01,0.05,0.0,0,99251.0
0,tcp,imap4,REJ,0,0,0,0,0,0,0,0,0,270,0.0,0.0,1.0,1.0,0.04,0.06,0.0,255,12,0.05,0.07,0.0,0.0,0.0,0.0,1.0,1,18325.0
0,icmp,eco_i,SF,8,0,0,0,0,0,0,0,0,1,0.0,0.0,0.0,0.0,1.0,0.0,1.0,1,181,1.0,0.0,1.0,0.5,0.0,0.0,0.0,1,85109.0
0,tcp,http,SF,230,1888,0,0,1,0,0,0,0,1,0.0,0.0,0.0,0.0,1.0,0.0,0.0,124,255,1.0,0.0,0.01,0.02,0.0,0.0,0.0,0,92115.0
0,tcp,private,REJ,0,0,0,0,0,0,0,0,0,175,0.0,0.0,0.99,1.0,0.05,0.07,0.0,255,8,0.03,0.07,0.0,0.0,0.0,0.0,1.0,1,45480.0
1,tcp,smtp,SF,2188,334,0,0,1,0,0,0,0,1,0.0,0.0,0.0,0.0,1.0,0.0,1.0,42,176,0.86,0.1,0.02,0.02,0.0,0.01,0.0,0,65641.0
0,tcp,http,SF,54540,8314,0,2,1,1,0,0,0,4,0.0,0.0,0.25,0.5,1.0,0.0,0.5,197,197,1.0,0.0,0.01,0.0,0.0,0.0,0.06,1,1540.0
0,tcp,private,S0,0,0,0,0,0,0,0,0,0,79,1.0,1.0,0.0,0.0,0.24,0.05,0.0,255,13,0.05,0.07,0.0,0.0,1.0,1.0,0.0,1,90501.0
0,tcp,http,SF,229,479,0,0,1,0,0,0,0,6,0.0,0.0,0.0,0.0,1.0,0.0,0.0,255,255,1.0,0.0,0.0,0.0,0.0,0.0,0.0,0,19297.0
0,tcp,http,SF,317,2536,0,0,1,0,0,0,0,28,0.0,0.0,0.0,0.0,1.0,0.0,0.1,255,255,1.0,0.0,0.0,0.0,0.0,0.0,0.0,0,96064.0
0,tcp,http,REJ,0,0,0,0,0,0,0,0,0,1,0.0,0.0,1.0,1.0,1.0,0.0,0.0,12,30,1.0,0.0,0.08,0.07,0.0,0.0,1.0,0,12878.0
1,tcp,smtp,SF,1190,330,0,0,1,0,0,0,0,1,0.0,0.0,0.0,0.0,1.0,0.0,0.0,85,73,0.86,0.05,0.01,0.0,0.0,0.0,0.0,0,17528.0
0,tcp,http,SF,222,613,0,0,1,0,0,0,0,13,0.0,0.0,0.0,0.0,1.0,0.0,0.0,255,255,1.0,0.0,0.0,0.0,0.0,0.0,0.0,0,22527.0
0,tcp,ftp_data,SF,12,0,0,0,1,0,0,0,0,1,0.0,0.0,0.0,0.0,1.0,0.0,0.0,155,67,0.26,0.46,0.25,0.03,0.0,0.0,0.01,0,85392.0
0,tcp,ctf,REJ,0,0,0,0,0,0,0,0,0,195,0.0,0.0,1.0,1.0,0.01,0.07,0.0,255,2,0.01,0.08,0.0,0.0,0.0,0.0,1.0,1,4450.0
0,tcp,http,SF,219,726,0,0,1,0,0,0,0,12,0.0,0.0,0.0,0.0,1.0,0.0,0.17,255,255,1.0,0.0,0.0,0.0,0.0,0.0,0.0,0,118509.0
0,icmp,eco_i,SF,8,0,0,0,0,0,0,0,0,1,0.0,0.0,0.0,0.0,1.0,0.0,1.0,4,228,1.0,0.0,1.0,0.25,0.0,0.0,0.0,1,20714.0
0,tcp,private,REJ,0,0,0,0,0,0,0,0,0,263,0.0,0.0,1.0,1.0,0.05,0.06,0.0,255,25,0.1,0.07,0.0,0.0,0.0,0.0,1.0,1,109664.0
0,tcp,http,SF,245,1733,0,0,1,0,0,0,0,1,0.0,0.0,0.0,0.0,1.0,0.0,0.0,1,1,1.0,0.0,1.0,0.0,0.0,0.0,0.0,0,40065.0
0,tcp,private,S0,0,0,0,0,0,0,0,0,0,82,1.0,1.0,0.0,0.0,0.1,0.06,0.0,255,19,0.07,0.05,0.0,0.0,1.0,1.0,0.0,1,45751.0
0,tcp,http,SF,1953,2234,0,0,1,0,0,0,0,12,0.0,0.0,0.0,0.0,1.0,0.0,0.0,16,255,1.0,0.0,0.06,0.07,0.0,0.01,0.0,0,25850.0
0,tcp,ftp_data,S0,0,0,0,0,0,0,0,0,0,69,1.0,1.0,0.0,0.0,0.22,0.06,0.0,255,52,0.2,0.04,0.02,0.0,1.0,1.0,0.0,1,85649.0
1,tcp,smtp,SF,957,364,0,0,1,0,0,0,0,1,0.0,0.0,0.0,0.0,1.0,0.0,1.0,113,72,0.34,0.04,0.01,0.03,0.0,0.0,0.0,0,102047.0
0,udp,private,SF,105,146,0,0,0,0,0,0,0,5,0.0,0.0,0.0,0.0,0.2,0.4,0.0,255,238,0.93,0.01,0.0,0.0,0.0,0.0,0.0,0,106044.0
0,tcp,http,SF,267,2544,0,0,1,0,0,0,0,4,0.0,0.0,0.0,0.0,1.0,0.0,0.4,255,255,1.0,0.0,0.0,0.0,0.0,0.0,0.0,0,82667.0
0,tcp,other,SF,15876,0,0,0,1,0,0,0,0,18,0.06,0.0,0.0,0.0,0.06,0.28,0.0,170,1,0.01,0.05,0.31,0.0,0.01,0.0,0.0,0,102950.0
0,tcp,http,SF,189,622,0,0,1,0,0,0,0,22,0.0,0.0,0.0,0.0,1.0,0.0,0.0,123,255,1.0,0.0,0.01,0.05,0.0,0.0,0.0,0,57874.0
0,tcp,domain,S0,0,0,0,0,0,0,0,0,0,203,1.0,1.0,0.0,0.0,0.07,0.06,0.0,255,18,0.07,0.06,0.0,0.0,1.0,1.0,0.0,1,20099.0
0,tcp,private,S0,0,0,0,0,0,0,0,0,0,143,1.0,1.0,0.0,0.0,0.08,0.06,0.0,255,9,0.04,0.06,0.0,0.0,1.0,1.0,0.0,1,51521.0
0,tcp,bgp,S0,0,0,0,0,0,0,0,0,0,126,1.0,1.0,0.0,0.0,0.03,0.07,0.0,255,3,0.01,0.07,0.0,0.0,1.0,1.0,0.0,1,103216.0
0,tcp,http,SF,371,336,0,0,1,0,0,0,0,9,0.0,0.0,0.0,0.0,1.0,0.0,0.25,29,231,1.0,0.0,0.03,0.21,0.0,0.0,0.78,0,16875.0
0,tcp,private,REJ,0,0,0,0,0,0,0,0,0,200,0.0,0.0,1.0,1.0,0.01,0.06,0.0,255,3,0.01,0.07,0.0,0.0,0.0,0.0,1.0,1,72810.0
1,tcp,smtp,SF,1298,335,0,0,1,0,0,0,0,1,0.0,0.0,0.0,0.0,1.0,0.0,1.0,36,161,0.11,0.08,0.03,0.02,0.0,0.0,0.0,0,66910.0
3791,tcp,other,RSTR,1,0,0,0,0,0,0,0,0,2,0.0,0.0,1.0,1.0,1.0,0.0,0.0,255,2,0.01,0.65,1.0,0.0,0.0,0.0,1.0,1,94380.0
0,tcp,http,SF,165,23063,0,0,1,0,0,0,0,1,0.0,0.0,0.0,0.0,1.0,0.0,1.0,1,255,1.0,0.0,1.0,0.02,0.0,0.01,0.01,0,69843.0
0,tcp,http,SF,228,3766,0,0,1,0,0,0,0,1,0.0,0.0,0.0,0.0,1.0,0.0,0.0,55,255,1.0,0.0,0.02,0.05,0.02,0.0,0.0,0,3362.0
0,tcp,telnet,S0,0,0,0,0,0,0,0,0,0,247,1.0,1.0,0.0,0.0,0.1,0.05,0.0,255,24,0.09,0.06,0.0,0.0,1.0,1.0,0.0,1,105664.0
0,tcp,http,SF,309,322,0,0,1,0,0,0,0,1,0.0,0.0,0.0,0.0,1.0,0.0,0.0,255,255,1.0,0.0,0.0,0.0,0.0,0.0,0.0,0,86007.0
0,tcp,private,S0,0,0,0,0,0,0,0,0,0,130,1.0,1.0,0.0,0.0,0.1,0.06,0.0,130,13,0.1,0.08,0.01,0.0,1.0,1.0,0.0,1,125842.0
0,tcp,http,SF,228,29868,0,1,1,0,0,0,0,3,0.0,0.0,0.0,0.0,1.0,0.0,0.0,255,255,1.0,0.0,0.0,0.0,0.0,0.0,0.0,0,102376.0
0,tcp,other,REJ,0,0,0,0,0,0,0,0,0,510,0.22,0.0,0.78,1.0,0.0,1.0,0.0,255,1,0.0,1.0,0.0,0.0,0.25,0.0,1.0,1,108283.0
0,tcp,imap4,S0,0,0,0,0,0,0,0,0,0,255,1.0,1.0,0.0,0.0,0.02,0.07,0.0,255,5,0.02,0.07,0.0,0.0,1.0,1.0,0.0,1,20960.0
0,tcp,http,SF,256,4486,0,0,1,0,0,0,0,1,0.0,0.0,0.0,0.67,1.0,0.0,1.0,237,223,0.94,0.01,0.0,0.0,0.0,0.0,0.0,0,21607.0
25,tcp,ftp,SF,345,1063,0,6,1,0,0,0,0,1,0.0,0.0,0.0,0.0,1.0,0.0,0.0,255,31,0.12,0.02,0.0,0.0,0.0,0.0,0.0,0,84814.0
0,tcp,http,SF,285,17602,0,0,1,0,0,0,0,39,0.0,0.0,0.0,0.0,1.0,0.0,0.0,255,255,1.0,0.0,0.0,0.0,0.0,0.0,0.0,0,86881.0
0,tcp,courier,REJ,0,0,0,0,0,0,0,0,0,145,0.0,0.0,1.0,1.0,0.11,0.06,0.0,255,16,0.06,0.05,0.0,0.0,0.0,0.0,1.0,1,71397.0
0,tcp,other,REJ,0,0,0,0,0,0,0,0,0,508,0.09,0.0,0.9,1.0,0.0,1.0,0.0,255,1,0.0,1.0,0.0,0.0,0.07,0.0,1.0,1,24515.0
0,tcp,mtp,S0,0,0,0,0,0,0,0,0,0,238,1.0,1.0,0.0,0.0,0.08,0.05,0.0,255,19,0.07,0.07,0.0,0.0,1.0,1.0,0.0,1,9156.0
0,tcp,ftp_data,SF,2056,0,0,0,0,0,0,0,0,9,0.0,0.0,0.0,0.0,1.0,0.0,0.0,121,91,0.45,0.02,0.45,0.02,0.0,0.0,0.0,0,101459.0
3,tcp,private,RSTR,0,0,0,0,0,0,0,0,0,329,0.0,0.0,1.0,1.0,0.01,0.52,0.0,255,2,0.01,0.52,1.0,0.0,0.0,0.0,1.0,1,82149.0
0,tcp,klogin,S0,0,0,0,0,0,0,0,0,0,136,1.0,1.0,0.0,0.0,0.02,0.06,0.0,255,15,0.06,0.06,0.0,0.0,1.0,1.0,0.0,1,109548.0
0,tcp,private,S0,0,0,0,0,0,0,0,0,0,174,1.0,1.0,0.0,0.0,0.07,0.07,0.0,255,12,0.05,0.06,0.0,0.0,1.0,1.0,0.0,1,1538.0
0,tcp,http,SF,257,1942,0,0,1,0,0,0,0,11,0.0,0.0,0.0,0.0,1.0,0.0,0.0,48,255,1.0,0.0,0.02,0.03,0.0,0.0,0.0,0,18074.0
0,tcp,Z39_50,S0,0,0,0,0,0,0,0,0,0,296,1.0,1.0,0.0,0.0,0.06,0.06,0.0,255,19,0.07,0.07,0.0,0.0,1.0,1.0,0.0,1,37076.0
0,icmp,eco_i,SF,30,0,0,0,0,0,0,0,0,2,0.0,0.0,0.0,0.0,0.5,1.0,0.0,255,6,0.02,0.01,0.02,0.0,0.0,0.0,0.0,0,36377.0
0,udp,domain_u,SF,45,130,0,0,0,0,0,0,0,73,0.0,0.0,0.0,0.0,1.0,0.0,0.01,184,216,0.91,0.01,0.91,0.01,0.0,0.0,0.0,0,34503.0
0,icmp,eco_i,SF,8,0,0,0,0,0,0,0,0,1,0.0,0.0,0.0,0.0,1.0,0.0,1.0,1,41,1.0,0.0,1.0,0.51,0.0,0.0,0.0,1,111112.0
0,tcp,ftp_data,SF,10389,0,0,0,1,0,0,0,0,7,0.0,0.0,0.0,0.0,1.0,0.0,0.0,109,53,0.32,0.05,0.32,0.04,0.0,0.0,0.0,0,61411.0
0,tcp,efs,S0,0,0,0,0,0,0,0,0,0,121,1.0,1.0,0.0,0.0,0.02,0.06,0.0,255,19,0.07,0.07,0.0,0.0,1.0,1.0,0.0,1,104886.0
6,tcp,ftp,RSTO,0,133,0,0,0,0,0,0,0,1,0.0,0.0,1.0,1.0,1.0,0.0,0.0,2,68,0.5,1.0,0.5,0.03,0.0,0.0,0.01,1,102353.0
0,tcp,http,S0,0,0,0,0,0,0,0,0,0,56,0.96,1.0,0.04,0.0,0.29,0.11,0.0,255,36,0.14,0.04,0.01,0.0,1.0,1.0,0.0,1,68401.0
0,tcp,netstat,S0,0,0,0,0,0,0,0,0,0,202,1.0,1.0,0.0,0.0,0.08,0.07,0.0,255,17,0.07,0.08,0.0,0.0,1.0,1.0,0.0,1,125114.0
0,tcp,http,SF,319,2313,0,0,1,0,0,0,0,28,0.0,0.0,0.0,0.0,1.0,0.0,0.0,255,255,1.0,0.0,0.0,0.0,0.01,0.01,0.0,0,84216.0
0,tcp,http,SF,241,2051,0,0,1,0,0,0,0,7,0.0,0.0,0.0,0.0,1.0,0.0,0.0,35,35,1.0,0.0,0.03,0.0,0.0,0.0,0.0,0,31531.0
0,tcp,ftp_data,S0,0,0,0,0,0,0,0,0,0,60,1.0,1.0,0.0,0.0,0.2,0.07,0.0,255,65,0.25,0.02,0.02,0.0,1.0,1.0,0.0,1,27996.0
0,icmp,urp_i,SF,78,0,0,0,0,0,0,0,0,21,0.0,0.0,0.0,0.0,0.14,0.1,0.43,255,7,0.03,0.01,0.03,0.0,0.0,0.0,0.0,0,2212.0
0,tcp,private,SH,0,0,0,0,0,0,0,0,0,1,1.0,1.0,0.0,0.0,1.0,0.0,0.0,180,1,0.01,0.94,0.96,0.0,0.96,1.0,0.0,1,93185.0
0,tcp,ftp_data,SF,7940,0,0,0,1,0,0,0,0,1,0.0,0.0,0.0,0.0,1.0,0.0,0.0,255,29,0.11,0.05,0.11,0.0,0.49,0.0,0.0,0,110333.0
4,tcp,ftp_data,SF,832,0,0,0,1,0,0,0,0,1,0.0,0.0,0.0,0.0,1.0,0.0,0.0,3,46,1.0,0.0,1.0,0.04,0.0,0.02,0.0,1,84151.0
0,tcp,nnsp,S0,0,0,0,0,0,0,0,0,0,96,1.0,1.0,0.0,0.0,0.01,0.07,0.0,255,20,0.08,0.06,0.0,0.0,1.0,1.0,0.0,1,71042.0
3,tcp,smtp,SF,1465,327,0,0,1,0,0,0,0,1,0.0,0.0,0.0,0.0,1.0,0.0,1.0,174,126,0.72,0.02,0.01,0.0,0.01,0.01,0.0,0,66288.0
0,tcp,discard,S0,0,0,0,0,0,0,0,0,0,283,1.0,1.0,0.0,0.0,0.06,0.05,0.0,255,17,0.07,0.05,0.0,0.0,1.0,1.0,0.0,1,92537.0
0,tcp,whois,S0,0,0,0,0,0,0,0,0,0,143,1.0,1.0,0.0,0.0,0.1,0.06,0.0,255,12,0.05,0.06,0.0,0.0,1.0,1.0,0.0,1,29744.0
0,tcp,http,SF,293,1257,0,0,1,0,0,0,0,9,0.0,0.0,0.0,0.0,1.0,0.0,0.0,255,255,1.0,0.0,0.01,0.0,0.0,0.0,0.0,0,11589.0
0,tcp,netbios_dgm,S0,0,0,0,0,0,0,0,0,0,228,1.0,1.0,0.0,0.0,0.06,0.07,0.0,255,14,0.05,0.08,0.0,0.0,1.0,1.0,0.0,1,11552.0
0,tcp,http,SF,293,1676,0,0,1,0,0,0,0,6,0.0,0.0,0.0,0.0,1.0,0.0,0.0,26,255,1.0,0.0,0.04,0.02,0.0,0.0,0.01,0,49167.0
3,tcp,smtp,SF,840,331,0,0,1,0,0,0,0,1,0.0,0.0,0.0,0.0,1.0,0.0,1.0,96,142,0.57,0.03,0.01,0.01,0.0,0.0,0.0,0,108378.0
0,tcp,private,S0,0,0,0,0,0,0,0,0,0,161,1.0,1.0,0.0,0.0,0.06,0.07,0.0,255,2,0.01,0.07,0.0,0.0,1.0,1.0,0.0,1,85140.0
0,tcp,http,S0,0,0,0,0,0,0,0,0,0,249,1.0,1.0,0.0,0.0,0.04,0.06,0.0,255,11,0.04,0.05,0.0,0.0,1.0,1.0,0.0,1,27358.0
0,tcp,http,SF,214,811,0,0,1,0,0,0,0,27,0.0,0.0,0.0,0.0,1.0,0.0,0.0,255,255,1.0,0.0,0.0,0.0,0.0,0.0,0.0,0,82669.0
0,udp,domain_u,SF,46,139,0,0,0,0,0,0,0,252,0.0,0.0,0.0,0.0,1.0,0.0,0.0,255,252,0.99,0.01,0.0,0.0,0.0,0.0,0.0,0,1541.0
0,udp,domain_u,SF,42,42,0,0,0,0,0,0,0,9,0.0,0.0,0.0,0.0,1.0,0.0,0.12,255,255,1.0,0.0,0.01,0.0,0.0,0.0,0.0,0,100032.0
2,tcp,smtp,SF,1419,400,0,0,1,0,0,0,0,1,0.0,0.0,0.0,0.0,1.0,0.0,1.0,119,120,0.57,0.04,0.01,0.02,0.0,0.0,0.0,0,26557.0
10,tcp,telnet,RSTO,0,0,0,4,0,0,0,0,0,1,0.0,0.0,1.0,1.0,1.0,0.0,0.0,81,1,0.01,0.06,0.01,0.0,0.0,0.0,1.0,0,121270.0
0,tcp,http,SF,221,276,0,0,1,0,0,0,0,23,0.0,0.0,0.0,0.0,1.0,0.0,0.0,87,255,1.0,0.0,0.01,0.02,0.0,0.0,0.0,0,13081.0
0,tcp,hostnames,S0,0,0,0,0,0,0,0,0,0,231,1.0,1.0,0.0,0.0,0.01,0.06,0.0,255,1,0.0,0.07,0.0,0.0,1.0,1.0,0.0,1,110773.0
0,tcp,http,SF,215,2138,0,0,1,0,0,0,0,1,0.0,0.0,0.0,0.0,1.0,0.0,1.0,13,255,1.0,0.0,0.08,0.04,0.0,0.0,0.01,0,62107.0
28,tcp,ftp,SF,1494,4152,0,30,1,0,0,0,0,1,0.0,0.0,0.0,0.0,1.0,0.0,0.0,119,52,0.44,0.04,0.01,0.0,0.0,0.0,0.0,0,101178.0
0,tcp,http,SF,146,391,0,0,1,0,0,0,0,1,0.0,0.0,0.0,0.0,1.0,0.0,1.0,3,255,1.0,0.0,0.33,0.02,0.0,0.0,0.03,0,105806.0
0,tcp,http,SF,291,3002,0,0,1,0,0,0,0,3,0.0,0.0,0.0,0.0,1.0,0.0,0.0,3,99,1.0,0.0,0.33,0.06,0.0,0.0,0.04,0,72114.0
3034,udp,other,SF,146,105,0,0,0,0,0,0,0,4,0.0,0.0,0.0,0.0,0.5,0.5,0.0,255,2,0.01,0.64,0.96,0.0,0.0,0.0,0.0,0,46096.0
0,tcp,telnet,S0,0,0,0,0,0,0,0,0,0,260,1.0,1.0,0.0,0.0,0.05,0.06,0.0,255,14,0.05,0.07,0.0,0.0,1.0,1.0,0.0,1,98908.0
0,tcp,private,REJ,0,0,0,0,0,0,0,0,0,158,0.0,0.0,1.0,1.0,0.01,0.09,0.0,255,2,0.01,0.08,0.0,0.0,0.0,0.0,1.0,1,121328.0
0,tcp,http,SF,323,1680,0,0,1,0,0,0,0,9,0.0,0.0,0.0,0.0,1.0,0.0,0.0,255,255,1.0,0.0,0.0,0.0,0.0,0.0,0.0,0,104109.0
0,udp,private,SF,28,0,3,0,0,0,0,0,0,42,0.0,0.0,0.0,0.0,1.0,0.0,0.0,114,42,0.37,0.04,0.37,0.0,0.0,0.0,0.0,1,7548.0
0,tcp,ftp_data,SF,641,0,0,0,1,0,0,0,0,2,0.0,0.0,0.0,0.0,1.0,0.0,0.0,47,29,0.62,0.06,0.62,0.0,0.0,0.0,0.0,0,25435.0
0,tcp,private,S0,0,0,0,0,0,0,0,0,0,66,1.0,1.0,0.0,0.0,0.03,0.09,0.0,255,10,0.04,0.08,0.0,0.0,1.0,1.0,0.0,1,95799.0
0,tcp,private,S0,0,0,0,0,0,0,0,0,0,253,1.0,1.0,0.0,0.0,0.09,0.05,0.0,57,23,0.4,0.11,0.02,0.0,0.96,1.0,0.0,1,12546.0
0,tcp,smtp,SF,1294,333,0,0,1,0,0,0,0,1,0.0,0.0,0.0,0.0,1.0,0.0,0.0,143,112,0.55,0.03,0.01,0.02,0.0,0.0,0.0,0,32963.0
0,tcp,http,REJ,0,0,0,0,0,0,0,0,0,1,0.0,0.0,1.0,1.0,1.0,0.0,0.0,8,3,0.38,0.25,0.12,0.0,0.0,0.0,1.0,0,18320.0
0,udp,private,SF,1,0,0,0,0,0,0,0,0,23,0.0,0.0,0.0,0.0,0.87,0.09,0.0,255,33,0.13,0.67,0.37,0.0,0.05,0.0,0.0,1,86172.0
1,tcp,discard,RSTOS0,0,0,0,0,0,0,0,0,0,226,0.63,0.5,0.37,0.5,0.01,0.42,0.0,255,2,0.01,0.37,0.89,0.0,0.56,0.5,0.5,1,76560.0
0,icmp,eco_i,SF,8,0,0,0,0,0,0,0,0,1,0.0,0.0,0.0,0.0,1.0,0.0,1.0,1,33,1.0,0.0,1.0,0.52,0.0,0.0,0.0,1,112487.0
0,tcp,private,S0,0,0,0,0,0,0,0,0,0,128,1.0,1.0,0.0,0.0,0.13,0.05,0.0,62,1,0.02,0.15,0.02,0.0,1.0,1.0,0.0,1,57841.0
0,udp,domain_u,SF,45,136,0,0,0,0,0,0,0,71,0.0,0.0,0.0,0.0,1.0,0.0,0.01,255,252,0.99,0.01,0.0,0.0,0.0,0.0,0.0,0,42331.0
0,tcp,Z39_50,REJ,0,0,0,0,0,0,0,0,0,201,0.0,0.0,1.0,1.0,0.01,0.07,0.0,255,2,0.01,0.07,0.0,0.0,0.0,0.0,1.0,1,45958.0
0,tcp,private,S0,0,0,0,0,0,0,0,0,0,204,1.0,1.0,0.0,0.0,0.01,0.07,0.0,255,2,0.01,0.1,0.0,0.0,1.0,1.0,0.0,1,68521.0
0,tcp,private,S0,0,0,0,0,0,0,0,0,0,291,1.0,1.0,0.0,0.0,0.04,0.05,0.0,255,6,0.02,0.07,0.0,0.0,1.0,1.0,0.0,1,72540.0
0,tcp,http,SF,414,588,0,0,1,0,0,0,0,1,0.0,0.0,0.0,0.0,1.0,0.0,0.15,51,255,1.0,0.0,0.02,0.04,0.02,0.01,0.0,0,25863.0
0,tcp,daytime,RSTO,0,0,0,0,0,0,0,0,0,269,0.0,0.0,1.0,1.0,0.04,0.07,0.0,255,11,0.04,0.08,0.0,0.0,0.0,0.0,1.0,1,29196.0
0,tcp,private,REJ,0,0,0,0,0,0,0,0,0,141,0.0,0.0,1.0,1.0,0.06,0.06,0.0,255,8,0.03,0.08,0.0,0.0,0.0,0.0,1.0,1,6574.0
0,tcp,csnet_ns,S0,0,0,0,0,0,0,0,0,0,204,1.0,1.0,0.0,0.0,0.07,0.06,0.0,255,14,0.05,0.07,0.0,0.0,1.0,1.0,0.0,1,46082.0
0,tcp,private,S0,0,0,0,0,0,0,0,0,0,106,1.0,1.0,0.0,0.0,0.16,0.06,0.0,255,16,0.06,0.06,0.0,0.0,1.0,1.0,0.0,1,121556.0
0,tcp,ftp_data,REJ,0,0,0,0,0,0,0,0,0,224,0.0,0.0,1.0,1.0,0.05,0.06,0.0,255,12,0.05,0.07,0.0,0.0,0.0,0.0,1.0,1,109151.0
0,tcp,login,RSTO,0,0,0,0,0,0,0,0,0,117,0.0,0.0,1.0,1.0,0.02,0.07,0.0,255,2,0.01,0.07,0.0,0.0,0.0,0.0,1.0,1,119447.0
699,udp,other,SF,145,105,0,0,0,0,0,0,0,1,0.0,0.0,0.0,0.0,1.0,0.0,0.0,255,3,0.01,0.44,0.81,0.0,0.0,0.0,0.0,0,123822.0
0,tcp,http,SF,160,9743,0,0,1,0,0,0,0,1,0.0,0.0,0.0,0.0,1.0,0.0,0.5,121,255,1.0,0.0,0.01,0.05,0.0,0.0,0.0,0,47188.0
0,tcp,nnsp,REJ,0,0,0,0,0,0,0,0,0,142,0.0,0.0,1.0,1.0,0.14,0.06,0.0,255,20,0.08,0.05,0.0,0.0,0.0,0.0,1.0,1,113931.0
0,tcp,smtp,SF,729,328,0,0,1,0,0,0,0,1,0.0,0.0,0.0,0.0,1.0,0.0,0.0,106,156,0.41,0.04,0.01,0.01,0.0,0.01,0.0,0,267.0
0,tcp,http,SF,234,1009,0,0,1,0,0,0,0,1,0.0,0.0,0.0,0.0,1.0,0.0,0.0,1,255,1.0,0.0,1.0,0.04,0.0,0.0,0.0,0,28489.0
0,tcp,http,SF,159,27085,0,0,1,0,0,0,0,1,0.0,0.0,0.0,0.0,1.0,0.0,0.0,255,255,1.0,0.0,0.0,0.0,0.0,0.0,0.0,0,94767.0
0,tcp,time,S0,0,0,0,0,0,0,0,0,0,256,1.0,1.0,0.0,0.0,0.02,0.07,0.0,255,3,0.01,0.07,0.0,0.0,1.0,1.0,0.0,1,69898.0
0,tcp,http,SF,207,9088,0,0,1,0,0,0,0,1,0.0,0.0,0.0,0.0,1.0,0.0,0.0,223,255,1.0,0.0,0.0,0.02,0.0,0.0,0.0,0,115185.0
0,tcp,time,S0,0,0,0,0,0,0,0,0,0,264,1.0,1.0,0.0,0.0,0.08,0.05,0.0,255,21,0.08,0.05,0.0,0.0,1.0,1.0,0.0,1,123096.0
0,tcp,http,SF,182,5814,0,0,1,0,0,0,0,1,0.0,0.0,0.0,0.0,1.0,0.0,1.0,4,1,0.25,0.5,0.25,0.0,0.0,0.0,0.0,0,81502.0
0,tcp,http,SF,262,2275,0,0,1,0,0,0,0,2,0.0,0.0,0.0,0.0,1.0,0.0,0.0,2,255,1.0,0.0,0.5,0.01,0.0,0.0,0.0,0,69789.0
4,udp,domain_u,SF,30,80,0,0,0,0,0,0,0,7,0.0,0.0,0.0,0.0,0.14,0.29,0.23,160,154,0.96,0.02,0.01,0.0,0.0,0.0,0.0,0,77944.0
0,tcp,private,REJ,0,0,0,0,0,0,0,0,0,141,0.0,0.0,1.0,1.0,0.11,0.06,0.0,255,30,0.12,0.05,0.0,0.0,0.0,0.0,1.0,1,53190.0
0,tcp,name,S0,0,0,0,0,0,0,0,0,0,237,1.0,1.0,0.0,0.0,0.02,0.06,0.0,255,5,0.02,0.07,0.0,0.0,1.0,1.0,0.0,1,101991.0
0,tcp,http,SF,312,285,0,0,1,0,0,0,0,18,0.0,0.0,0.0,0.0,1.0,0.0,0.0,255,255,1.0,0.0,0.0,0.0,0.0,0.0,0.0,0,123442.0
0,tcp,bgp,S0,0,0,0,0,0,0,0,0,0,248,1.0,1.0,0.0,0.0,0.02,0.06,0.0,255,5,0.02,0.05,0.0,0.0,1.0,1.0,0.0,1,115940.0
0,tcp,private,S0,0,0,0,0,0,0,0,0,0,205,1.0,1.0,0.0,0.0,0.04,0.05,0.0,255,9,0.04,0.06,0.0,0.0,1.0,1.0,0.0,1,92739.0
0,tcp,ftp_data,SF,172,0,0,0,1,0,0,0,0,1,0.0,0.0,0.0,0.0,1.0,0.0,0.0,168,81,0.48,0.04,0.48,0.0,0.0,0.0,0.0,0,75826.0
0,udp,private,SF,28,0,3,0,0,0,0,0,0,30,0.0,0.0,0.0,0.0,1.0,0.0,0.0,102,30,0.29,0.04,0.29,0.0,0.0,0.0,0.0,1,50383.0
0,tcp,ftp_data,SF,245,0,0,0,0,0,0,0,0,2,0.0,0.0,0.0,0.0,1.0,0.0,0.0,9,2,0.22,0.33,0.22,0.0,0.0,0.0,0.0,0,102689.0
0,tcp,private,S0,0,0,0,0,0,0,0,0,0,220,1.0,1.0,0.0,0.0,0.05,0.06,0.0,255,11,0.04,0.06,0.0,0.0,1.0,1.0,0.0,1,11598.0
0,tcp,discard,RSTO,0,0,0,0,0,0,0,0,0,119,0.0,0.0,1.0,1.0,0.03,0.07,0.0,255,4,0.02,0.08,0.0,0.0,0.0,0.0,1.0,1,107306.0
0,tcp,private,S0,0,0,0,0,0,0,0,0,0,268,1.0,1.0,0.0,0.0,0.04,0.06,0.0,255,27,0.11,0.06,0.0,0.0,1.0,1.0,0.0,1,82146.0
0,tcp,private,S0,0,0,0,0,0,0,0,0,0,244,1.0,1.0,0.0,0.0,0.04,0.07,0.0,255,13,0.05,0.08,0.0,0.0,1.0,1.0,0.0,1,25354.0
5043,tcp,ftp_data,SF,5135678,0,0,2,1,0,0,0,0,1,0.0,0.0,0.0,0.0,1.0,0.0,0.0,5,46,1.0,0.0,1.0,0.04,0.0,0.02,0.0,1,78236.0
0,tcp,imap4,REJ,0,0,0,0,0,0,0,0,0,286,0.0,0.0,1.0,1.0,0.05,0.06,0.0,255,15,0.06,0.07,0.0,0.0,0.0,0.0,1.0,1,108949.0
0,tcp,http,SF,231,2507,0,0,1,0,0,0,0,6,0.0,0.0,0.0,0.14,1.0,0.0,0.29,255,242,0.95,0.02,0.0,0.0,0.0,0.0,0.0,0,1558.0
0,icmp,eco_i,SF,8,0,0,0,0,0,0,0,0,1,0.0,0.0,0.0,0.0,1.0,0.0,0.0,228,30,0.01,0.03,0.02,0.93,0.0,0.0,0.0,1,54905.0
0,tcp,http,SF,181,14424,0,0,1,0,0,0,0,1,0.0,0.0,0.0,0.0,1.0,0.0,1.0,168,255,1.0,0.0,0.01,0.02,0.0,0.0,0.0,0,58735.0
0,icmp,eco_i,SF,8,0,0,0,0,0,0,0,0,1,0.0,0.0,0.0,0.0,1.0,0.0,1.0,2,80,1.0,0.0,1.0,0.26,0.0,0.0,0.0,1,36714.0
0,tcp,http,RSTO,0,2920,0,0,1,0,0,0,0,9,0.0,0.0,0.11,0.11,1.0,0.0,0.0,117,255,1.0,0.0,0.01,0.02,0.0,0.0,0.0,0,120032.0
0,tcp,http,RSTO,0,0,0,0,1,0,0,0,0,2,0.0,0.0,0.5,0.5,1.0,0.0,0.0,190,255,1.0,0.0,0.01,0.03,0.0,0.0,0.01,0,5923.0
0,icmp,eco_i,SF,8,0,0,0,0,0,0,0,0,1,0.0,0.0,0.0,0.0,1.0,0.0,1.0,1,55,1.0,0.0,1.0,0.51,0.0,0.0,0.0,1,11458.0
0,tcp,private,REJ,0,0,0,0,0,0,0,0,0,59,0.0,0.0,1.0,1.0,0.1,0.08,0.0,255,6,0.02,0.07,0.0,0.0,0.0,0.0,1.0,1,38205.0
0,tcp,http,SF,244,3262,0,0,1,0,0,0,0,1,0.0,0.0,0.0,0.0,1.0,0.0,0.0,255,255,1.0,0.0,0.0,0.0,0.0,0.0,0.0,0,81107.0
0,tcp,http,REJ,0,0,0,0,0,0,0,0,0,1,0.0,0.0,1.0,1.0,1.0,0.0,0.0,2,253,1.0,0.0,0.5,0.1,0.0,0.0,1.0,0,97611.0
0,tcp,http_443,S0,0,0,0,0,0,0,0,0,0,131,1.0,1.0,0.0,0.0,0.02,0.06,0.0,255,3,0.01,0.06,0.0,0.0,1.0,1.0,0.0,1,75458.0
0,tcp,private,S0,0,0,0,0,0,0,0,0,0,198,1.0,1.0,0.0,0.0,0.02,0.06,0.0,255,3,0.01,0.06,0.0,0.0,1.0,1.0,0.0,1,97784.0
0,tcp,nntp,S0,0,0,0,0,0,0,0,0,0,203,1.0,1.0,0.0,0.0,0.01,0.06,0.0,255,19,0.07,0.06,0.0,0.0,1.0,1.0,0.0,1,111817.0
0,tcp,smtp,SF,1799,328,0,0,1,0,0,0,0,1,0.0,0.0,0.0,0.0,1.0,0.0,0.0,33,180,0.97,0.06,0.03,0.02,0.0,0.0,0.0,0,42187.0
0,tcp,whois,S0,0,0,0,0,0,0,0,0,0,101,1.0,1.0,0.0,0.0,0.11,0.06,0.0,255,9,0.04,0.06,0.0,0.0,1.0,1.0,0.0,1,36446.0
0,tcp,private,S0,0,0,0,0,0,0,0,0,0,168,1.0,1.0,0.0,0.0,0.1,0.06,0.0,255,4,0.02,0.07,0.0,0.0,1.0,1.0,0.0,1,53428.0
0,tcp,telnet,S0,0,0,0,0,0,0,0,0,0,78,1.0,1.0,0.0,0.0,0.24,0.05,0.0,255,59,0.23,0.02,0.01,0.0,1.0,1.0,0.0,1,95592.0
0,tcp,http,SF,207,9487,0,0,1,0,0,0,0,29,0.0,0.0,0.0,0.0,1.0,0.0,0.0,199,255,1.0,0.0,0.01,0.02,0.0,0.0,0.0,0,42867.0
0,tcp,time,S0,0,0,0,0,0,0,0,0,0,228,1.0,1.0,0.0,0.0,0.07,0.05,0.0,255,16,0.06,0.06,0.0,0.0,1.0,1.0,0.0,1,101423.0
0,tcp,private,S0,0,0,0,0,0,0,0,0,0,275,1.0,1.0,0.0,0.0,0.02,0.05,0.0,255,6,0.02,0.06,0.0,0.0,1.0,1.0,0.0,1,49163.0
12375,udp,other,SF,147,105,0,0,0,0,0,0,0,1,0.0,0.0,0.0,0.0,1.0,0.0,0.0,123,1,0.01,0.7,0.94,0.0,0.0,0.0,0.0,0,94302.0
0,tcp,private,S0,0,0,0,0,0,0,0,0,0,219,1.0,1.0,0.0,0.0,0.05,0.06,0.0,255,10,0.04,0.07,0.0,0.0,1.0,1.0,0.0,1,104179.0
0,tcp,http_443,S0,0,0,0,0,0,0,0,0,0,145,1.0,1.0,0.0,0.0,0.1,0.06,0.0,255,14,0.05,0.07,0.0,0.0,1.0,1.0,0.0,1,110863.0
0,udp,domain_u,SF,45,81,0,0,0,0,0,0,0,175,0.0,0.0,0.0,0.0,1.0,0.0,0.0,255,197,0.77,0.01,0.0,0.0,0.0,0.0,0.0,0,53850.0
13096,udp,other,SF,147,105,0,0,0,0,0,0,0,1,0.0,0.0,0.0,0.0,1.0,0.0,0.0,176,2,0.01,0.49,0.86,0.0,0.0,0.0,0.0,0,68650.0
0,tcp,http,SF,361,291,0,0,1,0,0,0,0,9,0.0,0.0,0.0,0.0,1.0,0.0,0.0,35,255,1.0,0.0,0.03,0.02,0.0,0.0,0.0,0,102316.0
0,tcp,http,SF,198,4713,0,0,1,0,0,0,0,17,0.0,0.0,0.0,0.0,1.0,0.0,0.11,17,255,1.0,0.0,0.06,0.06,0.0,0.01,0.01,0,124534.0
0,tcp,http,REJ,0,0,0,0,0,0,0,0,0,1,0.0,0.0,1.0,1.0,1.0,0.0,1.0,4,254,1.0,0.0,0.25,0.15,0.0,0.0,0.98,0,51968.0
5330,tcp,other,RSTR,1,0,0,0,0,0,0,0,0,2,0.0,0.0,1.0,1.0,1.0,0.0,0.0,255,2,0.01,0.74,1.0,0.0,0.0,0.0,1.0,1,32552.0
0,tcp,http,S0,0,0,0,0,0,0,0,0,0,3,0.33,0.33,0.0,0.0,1.0,0.0,0.0,13,255,1.0,0.0,0.15,0.02,0.08,0.01,0.0,0,78361.0
0,udp,domain_u,SF,38,54,0,0,0,0,0,0,0,3,0.0,0.0,0.0,0.0,1.0,0.0,0.5,255,250,0.98,0.01,0.01,0.0,0.0,0.0,0.0,0,15695.0
0,tcp,private,S0,0,0,0,0,0,0,0,0,0,144,1.0,1.0,0.0,0.0,0.09,0.06,0.0,255,10,0.04,0.05,0.0,0.0,1.0,1.0,0.0,1,1637.0
0,tcp,mtp,S0,0,0,0,0,0,0,0,0,0,242,1.0,1.0,0.0,0.0,0.09,0.05,0.0,255,21,0.08,0.07,0.0,0.0,1.0,1.0,0.0,1,26321.0
0,icmp,ecr_i,SF,1032,0,0,0,0,0,0,0,0,3,0.0,0.0,0.0,0.0,1.0,0.0,0.0,255,151,0.59,0.02,0.59,0.0,0.0,0.0,0.0,1,82805.0
0,tcp,private,SH,0,0,0,0,0,0,0,0,0,1,1.0,1.0,0.0,0.0,1.0,0.0,0.0,105,1,0.01,0.9,0.92,0.0,0.92,1.0,0.0,1,45506.0
0,udp,domain_u,SF,45,45,0,0,0,0,0,0,0,122,0.0,0.0,0.0,0.0,1.0,0.0,0.02,255,254,1.0,0.01,0.01,0.0,0.0,0.0,0.0,0,64346.0
0,tcp,http,SF,243,2559,0,0,1,0,0,0,0,2,0.0,0.0,0.0,0.0,1.0,0.0,0.0,2,2,1.0,0.0,0.5,0.0,0.0,0.0,0.0,0,101914.0
0,tcp,http,S0,0,0,0,0,0,0,0,0,0,232,1.0,0.91,0.0,0.0,0.04,0.07,0.18,255,10,0.04,0.07,0.0,0.0,1.0,1.0,0.0,1,9529.0
0,tcp,private,S0,0,0,0,0,0,0,0,0,0,265,1.0,1.0,0.0,0.0,0.03,0.05,0.0,255,7,0.03,0.07,0.0,0.0,1.0,1.0,0.0,1,101462.0
0,udp,domain_u,SF,45,127,0,0,0,0,0,0,0,217,0.0,0.0,0.0,0.0,1.0,0.0,0.0,255,255,1.0,0.0,0.0,0.0,0.0,0.0,0.0,0,47865.0
5,tcp,ftp_data,SF,4357454,0,0,0,0,0,0,0,0,1,0.0,0.0,0.0,0.0,1.0,0.0,0.0,3,3,1.0,0.0,1.0,0.0,0.0,0.0,0.0,0,62345.0
0,tcp,csnet_ns,S0,0,0,0,0,0,0,0,0,0,109,1.0,1.0,0.0,0.0,0.17,0.08,0.0,255,19,0.07,0.08,0.0,0.0,1.0,1.0,0.0,1,49857.0
0,tcp,ftp_data,S0,0,0,0,0,0,0,0,0,0,282,1.0,1.0,0.0,0.0,0.01,0.05,0.0,255,2,0.01,0.05,0.0,0.0,1.0,1.0,0.0,1,7576.0
1,tcp,smtp,SF,2454,331,0,0,1,0,0,0,0,1,0.0,0.0,0.0,0.0,1.0,0.0,1.0,142,124,0.61,0.02,0.01,0.02,0.0,0.0,0.0,0,113353.0
7849,udp,other,SF,146,105,0,0,0,0,0,0,0,2,0.0,0.0,0.0,0.0,1.0,0.0,0.0,255,2,0.01,0.85,1.0,0.0,0.0,0.0,0.0,0,26811.0
0,tcp,ftp_data,S0,0,0,0,0,0,0,0,0,0,266,1.0,1.0,0.0,0.0,0.06,0.07,0.0,255,17,0.07,0.08,0.0,0.0,1.0,1.0,0.0,1,101566.0
0,tcp,telnet,S0,0,0,0,0,0,0,0,0,0,29,1.0,1.0,0.0,0.0,0.24,0.14,0.0,255,63,0.25,0.02,0.01,0.0,1.0,1.0,0.0,1,74676.0
0,tcp,http,SF,315,12161,0,0,1,0,0,0,0,39,0.0,0.0,0.0,0.0,1.0,0.0,0.0,255,255,1.0,0.0,0.0,0.0,0.0,0.0,0.0,0,89218.0
0,tcp,auth,S0,0,0,0,0,0,0,0,0,0,290,1.0,1.0,0.0,0.0,0.06,0.06,0.0,255,16,0.06,0.06,0.0,0.0,1.0,1.0,0.0,1,40319.0
0,tcp,private,S0,0,0,0,0,0,0,0,0,0,222,1.0,1.0,0.0,0.0,0.05,0.06,0.0,255,9,0.04,0.08,0.0,0.0,1.0,1.0,0.0,1,80467.0
0,tcp,http,SF,313,293,0,0,1,0,0,0,0,18,0.0,0.0,0.0,0.0,1.0,0.0,0.0,206,255,1.0,0.0,0.0,0.01,0.0,0.0,0.01,0,68091.0
0,tcp,whois,S0,0,0,0,0,0,0,0,0,0,114,1.0,1.0,0.0,0.0,0.07,0.06,0.0,255,8,0.03,0.06,0.0,0.0,1.0,1.0,0.0,1,45951.0
0,tcp,other,REJ,0,0,0,0,0,0,0,0,0,511,0.19,0.0,0.81,1.0,0.0,1.0,0.0,255,1,0.0,1.0,0.0,0.0,0.25,0.0,1.0,1,43593.0
0,tcp,ftp_data,S0,0,0,0,0,0,0,0,0,0,32,1.0,1.0,0.0,0.0,0.19,0.12,0.0,112,44,0.23,0.04,0.01,0.05,1.0,0.59,0.0,1,12304.0
0,tcp,smtp,SF,1562,331,0,0,1,0,0,0,0,2,0.0,0.0,0.0,0.0,1.0,0.0,0.67,244,171,0.67,0.03,0.01,0.01,0.0,0.0,0.0,0,44430.0
0,tcp,private,S0,0,0,0,0,0,0,0,0,0,234,1.0,1.0,0.0,0.0,0.02,0.06,0.0,255,16,0.06,0.06,0.0,0.0,1.0,1.0,0.0,1,101934.0
0,tcp,klogin,S0,0,0,0,0,0,0,0,0,0,142,1.0,1.0,0.0,0.0,0.13,0.05,0.0,255,19,0.07,0.05,0.0,0.0,1.0,1.0,0.0,1,72843.0
0,tcp,http,SF,354,3098,0,0,1,0,0,0,0,5,0.0,0.0,0.0,0.0,1.0,0.0,0.08,137,255,1.0,0.0,0.01,0.01,0.01,0.0,0.01,0,88590.0
0,tcp,netbios_ns,REJ,0,0,0,0,0,0,0,0,0,245,0.0,0.0,1.0,1.0,0.08,0.07,0.0,255,19,0.07,0.07,0.0,0.0,0.0,0.0,1.0,1,108620.0
6,tcp,IRC,RSTR,73,16,0,2,1,0,0,0,0,1,0.0,0.0,1.0,1.0,1.0,0.0,0.0,73,9,0.12,0.03,0.01,0.0,0.0,0.0,0.67,0,90525.0
0,tcp,kshell,S0,0,0,0,0,0,0,0,0,0,143,1.0,1.0,0.0,0.0,0.13,0.05,0.0,255,19,0.07,0.05,0.0,0.0,1.0,1.0,0.0,1,101157.0
0,tcp,private,REJ,0,0,0,0,0,0,0,0,0,104,0.0,0.0,1.0,1.0,0.01,0.08,0.0,29,1,0.03,0.17,0.03,0.0,0.0,0.0,1.0,1,22943.0
0,tcp,http,SF,235,128,0,0,1,0,0,0,0,25,0.0,0.0,0.0,0.0,1.0,0.0,0.08,116,255,1.0,0.0,0.01,0.02,0.0,0.0,0.0,0,22640.0
0,udp,private,SF,100,0,0,0,0,0,0,0,0,2,0.0,0.0,0.0,0.0,1.0,0.0,0.0,229,39,0.17,0.01,0.17,0.0,0.0,0.0,0.0,1,89442.0
28,tcp,smtp,SF,1034,330,0,0,1,0,0,0,0,1,0.0,0.0,0.0,0.0,1.0,0.0,0.0,106,150,0.53,0.03,0.01,0.02,0.0,0.0,0.0,0,42866.0
0,tcp,http,SF,229,1181,0,0,1,0,0,0,0,8,0.0,0.0,0.0,0.0,1.0,0.0,0.0,123,255,1.0,0.0,0.01,0.04,0.0,0.0,0.01,0,42301.0
0,tcp,http,SF,208,446,0,0,1,0,0,0,0,10,0.0,0.0,0.0,0.0,1.0,0.0,0.0,53,255,1.0,0.0,0.02,0.02,0.0,0.0,0.0,0,89994.0
0,tcp,http,SF,344,31189,0,0,1,0,0,0,0,12,0.0,0.0,0.0,0.0,1.0,0.0,0.0,41,255,1.0,0.0,0.02,0.02,0.0,0.0,0.0,0,82325.0
0,tcp,http,SF,294,1600,0,0,1,0,0,0,0,10,0.0,0.0,0.0,0.0,1.0,0.0,0.31,144,255,1.0,0.0,0.01,0.02,0.0,0.0,0.0,0,30100.0
0,tcp,echo,S0,0,0,0,0,0,0,0,0,0,100,1.0,1.0,0.0,0.0,0.15,0.07,0.0,255,15,0.06,0.07,0.0,0.0,1.0,1.0,0.0,1,85122.0
2,tcp,private,RSTR,0,0,0,0,0,0,0,0,0,417,0.0,0.0,1.0,1.0,0.0,0.52,0.0,255,2,0.01,0.51,1.0,0.0,0.0,0.0,1.0,1,95015.0
0,tcp,http,SF,347,807,0,0,1,0,0,0,0,13,0.0,0.0,0.0,0.0,1.0,0.0,0.0,255,255,1.0,0.0,0.0,0.0,0.0,0.0,0.0,0,1340.0
0,tcp,private,SH,0,0,0,0,0,0,0,0,0,1,1.0,1.0,0.0,0.0,1.0,0.0,0.0,24,1,0.04,0.75,0.67,0.0,0.67,1.0,0.0,1,78951.0
0,tcp,http,SF,266,461,0,0,1,0,0,0,0,1,0.0,0.0,0.0,0.0,1.0,0.0,0.0,100,255,1.0,0.0,0.01,0.01,0.0,0.0,0.0,0,17131.0
0,tcp,vmnet,REJ,0,0,0,0,0,0,0,0,0,105,0.0,0.0,1.0,1.0,0.03,0.07,0.0,255,3,0.01,0.09,0.0,0.0,0.0,0.0,1.0,1,56897.0
0,tcp,http,SF,173,3171,0,0,1,0,0,0,0,1,0.0,0.0,0.0,0.0,1.0,0.0,1.0,1,255,1.0,0.0,1.0,0.04,0.0,0.0,0.04,0,82039.0
0,tcp,netbios_dgm,REJ,0,0,0,0,0,0,0,0,0,167,0.0,0.0,1.0,1.0,0.01,0.07,0.0,255,2,0.01,0.08,0.0,0.0,0.0,0.0,1.0,1,34164.0
0,tcp,gopher,S0,0,0,0,0,0,0,0,0,0,272,1.0,1.0,0.0,0.0,0.07,0.06,0.0,255,1,0.0,0.09,0.0,0.0,1.0,1.0,0.0,1,70554.0
0,tcp,private,REJ,0,0,0,0,0,0,0,0,0,268,0.0,0.0,1.0,1.0,0.04,0.07,0.0,255,11,0.04,0.08,0.0,0.0,0.0,0.0,1.0,1,8437.0
0,tcp,bgp,REJ,0,0,0,0,0,0,0,0,0,144,0.0,0.0,1.0,1.0,0.14,0.06,0.0,255,20,0.08,0.07,0.0,0.0,0.0,0.0,1.0,1,125652.0
0,icmp,eco_i,SF,8,0,0,0,0,0,0,0,0,1,0.0,0.0,0.0,0.0,1.0,0.0,1.0,1,81,1.0,0.0,1.0,0.51,0.0,0.0,0.0,1,23692.0
0,tcp,http,REJ,0,0,0,0,0,0,0,0,0,1,0.0,0.0,1.0,1.0,1.0,0.0,0.0,27,255,1.0,0.0,0.04,0.08,0.0,0.0,0.84,0,7433.0
0,tcp,daytime,S0,0,0,0,0,0,0,0,0,0,288,1.0,1.0,0.0,0.0,0.07,0.05,0.0,255,21,0.08,0.05,0.0,0.0,1.0,1.0,0.0,1,34162.0
5,tcp,finger,SF,10,273,0,0,0,0,0,0,0,1,0.0,0.0,0.0,0.0,1.0,0.0,0.0,255,2,0.01,0.02,0.0,0.0,0.0,0.0,0.0,0,40635.0
0,udp,private,SF,1,0,0,0,0,0,0,0,0,24,0.0,0.0,0.0,0.0,0.83,0.08,0.0,255,25,0.1,0.71,0.34,0.0,0.05,0.0,0.0,1,13070.0
2629,udp,other,SF,145,105,0,0,0,0,0,0,0,1,0.0,0.0,0.0,0.0,1.0,0.0,0.0,255,2,0.01,0.74,1.0,0.0,0.0,0.0,0.0,0,121545.0
0,tcp,private,S0,0,0,0,0,0,0,0,0,0,252,1.0,1.0,0.0,0.0,0.04,0.06,0.0,255,19,0.07,0.06,0.0,0.0,1.0,1.0,0.0,1,28717.0
0,tcp,private,S0,0,0,0,0,0,0,0,0,0,130,1.0,1.0,0.0,0.0,0.11,0.05,0.0,255,17,0.07,0.06,0.0,0.0,1.0,1.0,0.0,1,125928.0
0,tcp,http,SF,312,284,0,0,1,0,0,0,0,11,0.0,0.0,0.0,0.0,1.0,0.0,0.0,255,255,1.0,0.0,0.0,0.0,0.0,0.0,0.0,0,118451.0
0,tcp,http,REJ,0,0,0,0,0,0,0,0,0,1,0.0,0.0,1.0,1.0,1.0,0.0,1.0,17,177,1.0,0.0,0.06,0.16,0.0,0.0,0.94,0,18533.0
0,tcp,http,SF,320,1931,0,0,1,0,0,0,0,6,0.0,0.0,0.0,0.0,1.0,0.0,0.0,255,255,1.0,0.0,0.0,0.0,0.0,0.0,0.0,0,37985.0
0,tcp,http,SF,215,8854,0,0,1,0,0,0,0,2,0.0,0.0,0.0,0.0,1.0,0.0,0.0,26,255,1.0,0.0,0.04,0.15,0.0,0.0,0.62,0,120183.0
0,tcp,http,SF,279,2289,0,0,1,0,0,0,0,6,0.0,0.0,0.0,0.0,1.0,0.0,0.38,6,255,1.0,0.0,0.17,0.02,0.0,0.0,0.0,0,111771.0
0,tcp,auth,S0,0,0,0,0,0,0,0,0,0,233,1.0,1.0,0.0,0.0,0.0,0.06,0.0,255,1,0.0,0.07,0.0,0.0,1.0,1.0,0.0,1,113635.0
2,tcp,smtp,SF,9474,329,0,0,1,0,0,0,0,1,0.0,0.0,0.0,0.0,1.0,0.0,0.0,115,145,0.57,0.02,0.01,0.01,0.0,0.0,0.0,0,81109.0
0,icmp,ecr_i,SF,1032,0,0,0,0,0,0,0,0,511,0.0,0.0,0.0,0.0,1.0,0.0,0.0,255,82,0.32,0.2,0.32,0.0,0.0,0.0,0.0,1,11819.0
0,tcp,http,SF,165,14328,0,0,1,0,0,0,0,3,0.0,0.0,0.0,0.0,1.0,0.0,0.43,6,96,1.0,0.0,0.17,0.1,0.0,0.01,0.0,0,4149.0
0,tcp,ftp_data,SF,641,0,0,0,1,0,0,0,0,2,0.0,0.0,0.0,0.0,1.0,0.0,0.0,108,56,0.1,0.16,0.19,0.04,0.03,0.02,0.0,0,9187.0
0,tcp,bgp,REJ,0,0,0,0,0,0,0,0,0,145,0.0,0.0,1.0,1.0,0.06,0.08,0.0,255,8,0.03,0.09,0.0,0.0,0.0,0.0,1.0,1,141.0
0,udp,other,SF,516,4,0,0,0,0,0,0,0,332,0.0,0.0,0.0,0.0,1.0,0.0,0.0,255,255,1.0,0.0,1.0,0.0,0.0,0.0,0.0,0,66676.0
0,tcp,http,SF,322,1246,0,0,1,0,0,0,0,5,0.0,0.0,0.0,0.0,1.0,0.0,0.0,255,255,1.0,0.0,0.0,0.0,0.0,0.0,0.0,0,61296.0
0,tcp,private,S0,0,0,0,0,0,0,0,0,0,90,1.0,1.0,0.0,0.0,0.26,0.07,0.0,255,23,0.09,0.05,0.0,0.0,1.0,1.0,0.0,1,98225.0
2,tcp,smtp,SF,971,367,0,0,1,0,0,0,0,1,0.0,0.0,0.0,0.0,1.0,0.0,0.0,119,192,0.85,0.03,0.01,0.01,0.0,0.0,0.0,0,12205.0
0,tcp,finger,SF,8,141,0,0,0,0,0,0,0,1,0.0,0.0,0.0,0.0,1.0,0.0,0.0,221,8,0.03,0.02,0.0,0.25,0.0,0.0,0.0,0,105671.0
0,tcp,private,S0,0,0,0,0,0,0,0,0,0,87,1.0,1.0,0.0,0.0,0.01,0.07,0.0,255,20,0.08,0.05,0.0,0.0,1.0,1.0,0.0,1,17356.0
0,icmp,eco_i,SF,8,0,0,0,0,0,0,0,0,1,0.0,0.0,0.0,0.0,1.0,0.0,1.0,1,73,1.0,0.0,1.0,0.51,0.0,0.0,0.0,1,36463.0
1,tcp,smtp,SF,738,329,0,0,1,0,0,0,0,1,0.0,0.0,0.0,0.0,1.0,0.0,1.0,21,125,0.29,0.14,0.05,0.02,0.0,0.0,0.0,0,30427.0
0,tcp,smtp,SF,848,330,0,0,1,0,0,0,0,1,0.0,0.0,0.0,0.0,1.0,0.0,0.0,143,73,0.51,0.02,0.01,0.0,0.0,0.0,0.0,0,22647.0
0,tcp,private,REJ,0,0,0,0,0,0,0,0,0,412,0.06,0.0,0.93,1.0,0.0,1.0,0.0,255,1,0.0,1.0,0.0,0.0,0.09,0.0,1.0,1,38607.0
0,icmp,ecr_i,SF,1032,0,0,0,0,0,0,0,0,216,0.0,0.0,0.0,0.0,1.0,0.0,0.0,255,255,1.0,0.0,1.0,0.0,0.0,0.0,0.0,1,52243.0
0,tcp,finger,S0,0,0,0,0,0,0,0,0,0,217,1.0,1.0,0.0,0.0,0.04,0.06,0.0,255,9,0.04,0.07,0.0,0.0,1.0,1.0,0.0,1,85967.0
0,tcp,http,SF,54540,8314,0,2,1,1,0,0,0,5,0.2,0.2,0.0,0.0,1.0,0.0,0.0,31,31,1.0,0.0,0.03,0.0,0.03,0.03,0.03,1,111415.0
0,tcp,http,REJ,0,0,0,0,0,0,0,0,0,1,0.0,0.0,1.0,1.0,1.0,0.0,0.0,251,208,0.83,0.02,0.0,0.0,0.0,0.0,1.0,0,80239.0
0,tcp,other,REJ,0,0,0,0,0,0,0,0,0,511,0.15,0.0,0.85,1.0,0.0,1.0,0.0,255,1,0.0,1.0,0.0,0.0,0.1,0.0,1.0,1,3259.0
0,udp,domain_u,SF,45,45,0,0,0,0,0,0,0,48,0.0,0.0,0.0,0.0,1.0,0.0,0.02,255,255,1.0,0.0,0.01,0.0,0.0,0.0,0.0,0,1176.0
0,tcp,http,SF,255,6912,0,0,1,0,0,0,0,3,0.0,0.0,0.0,0.0,1.0,0.0,0.6,39,255,1.0,0.0,0.03,0.05,0.0,0.0,0.0,0,12045.0
0,tcp,http,SF,294,685,0,0,1,0,0,0,0,14,0.0,0.0,0.0,0.0,1.0,0.0,0.07,69,255,1.0,0.0,0.01,0.04,0.0,0.0,0.01,0,33753.0
23,tcp,ftp,SF,336,1072,0,6,1,0,0,0,0,1,0.0,0.0,0.0,0.0,1.0,0.0,0.0,99,11,0.1,0.72,0.01,0.18,0.0,0.0,0.18,0,39438.0
0,tcp,ftp_data,SF,7940,0,0,0,0,0,0,0,0,10,0.0,0.0,0.0,0.0,1.0,0.0,0.0,20,16,0.8,0.15,0.8,0.0,0.0,0.0,0.0,0,117179.0
0,tcp,http,SF,183,5007,0,0,1,0,0,0,0,6,0.0,0.0,0.17,0.17,1.0,0.0,0.0,13,255,1.0,0.0,0.08,0.05,0.0,0.0,0.0,0,39952.0
0,tcp,ftp_data,SF,192,0,0,0,0,0,0,0,0,1,0.0,0.0,0.0,0.0,1.0,0.0,0.0,255,125,0.49,0.02,0.49,0.0,0.0,0.0,0.0,0,2406.0
0,tcp,smtp,SF,877,335,0,0,1,0,0,0,0,1,0.0,0.0,0.0,0.0,1.0,0.0,0.0,53,190,0.64,0.08,0.02,0.02,0.0,0.0,0.0,0,7848.0
0,tcp,http,SF,158,9420,0,0,1,0,0,0,0,2,0.0,0.0,0.0,0.0,1.0,0.0,0.0,28,255,1.0,0.0,0.04,0.03,0.0,0.0,0.0,0,60693.0
0,tcp,other,REJ,0,0,0,0,0,0,0,0,0,509,0.21,0.0,0.79,1.0,0.0,1.0,0.0,255,1,0.0,1.0,0.0,0.0,0.16,0.0,1.0,1,63343.0
0,tcp,private,S0,0,0,0,0,0,0,0,0,0,296,1.0,1.0,0.0,0.0,0.06,0.05,0.0,255,5,0.02,0.06,0.0,0.0,1.0,1.0,0.0,1,116159.0
0,icmp,ecr_i,SF,1032,0,0,0,0,0,0,0,0,511,0.0,0.0,0.0,0.0,1.0,0.0,0.0,255,214,0.84,0.01,0.84,0.0,0.0,0.0,0.0,1,69896.0
0,tcp,http,SF,231,236,0,0,1,0,0,0,0,9,0.0,0.0,0.0,0.0,1.0,0.0,0.15,104,255,1.0,0.0,0.01,0.05,0.0,0.0,0.0,0,106743.0
0,tcp,ftp_data,S0,0,0,0,0,0,0,0,0,0,274,1.0,1.0,0.0,0.0,0.02,0.06,0.0,255,5,0.02,0.07,0.0,0.0,1.0,1.0,0.0,1,100254.0
0,tcp,http,SF,240,8718,0,0,1,0,0,0,0,4,0.0,0.0,0.0,0.0,1.0,0.0,0.0,255,255,1.0,0.0,0.0,0.0,0.0,0.0,0.0,0,71992.0
0,tcp,private,RSTR,0,0,0,0,0,0,0,0,0,1,0.0,0.0,1.0,1.0,1.0,0.0,0.0,102,1,0.01,0.08,0.04,0.0,0.0,0.0,1.0,1,103392.0
0,tcp,ftp_data,SF,11,0,0,0,1,0,0,0,0,2,0.0,0.0,0.0,0.0,1.0,0.0,0.0,28,68,0.5,0.11,0.5,0.03,0.0,0.0,0.0,0,110444.0
0,tcp,http,SF,212,11193,0,0,1,0,0,0,0,3,0.0,0.0,0.0,0.0,1.0,0.0,0.0,255,255,1.0,0.0,0.0,0.0,0.0,0.0,0.0,0,10039.0
0,tcp,domain,S0,0,0,0,0,0,0,0,0,0,274,1.0,1.0,0.0,0.0,0.03,0.06,0.0,255,8,0.03,0.07,0.0,0.0,1.0,1.0,0.0,1,51867.0
0,tcp,http,SF,288,499,0,0,1,0,0,0,0,23,0.0,0.0,0.0,0.0,1.0,0.0,0.0,84,255,1.0,0.0,0.01,0.02,0.0,0.0,0.0,0,21033.0
0,udp,domain_u,SF,45,138,0,0,0,0,0,0,0,302,0.0,0.0,0.0,0.0,1.0,0.01,0.0,255,224,0.88,0.01,0.0,0.0,0.0,0.0,0.0,0,24164.0
0,tcp,private,S0,0,0,0,0,0,0,0,0,0,252,1.0,1.0,0.0,0.0,0.07,0.06,0.0,255,18,0.07,0.07,0.0,0.0,1.0,1.0,0.0,1,69932.0
0,tcp,auth,S0,0,0,0,0,0,0,0,0,0,236,1.0,1.0,0.0,0.0,0.02,0.06,0.0,255,17,0.07,0.06,0.0,0.0,1.0,1.0,0.0,1,84702.0
0,tcp,ftp,S0,0,0,0,0,0,0,0,0,0,249,1.0,1.0,0.0,0.0,0.0,0.06,0.0,255,1,0.0,0.05,0.0,0.0,1.0,1.0,0.0,1,94938.0
0,tcp,private,REJ,0,0,0,0,0,0,0,0,0,248,0.08,0.0,0.86,1.0,0.0,1.0,0.0,255,1,0.0,0.98,0.0,0.0,0.08,0.0,1.0,1,77545.0
0,tcp,http,SF,149,597,0,0,1,0,0,0,0,1,0.0,0.0,0.0,0.0,1.0,0.0,0.0,61,255,1.0,0.0,0.02,0.02,0.02,0.01,0.01,0,100826.0
0,tcp,ftp_data,SF,71,0,0,0,0,0,0,0,0,1,0.0,0.0,0.0,0.0,1.0,0.0,0.0,255,57,0.22,0.4,0.22,0.0,0.4,0.0,0.0,0,47547.0
0,tcp,http,REJ,0,0,0,0,0,0,0,0,0,1,0.0,0.0,1.0,1.0,1.0,0.0,0.0,18,22,1.0,0.0,0.06,0.09,0.0,0.09,0.86,0,110238.0
0,tcp,ftp_data,S1,456980,0,0,0,1,0,0,0,0,2,0.5,0.5,0.0,0.0,1.0,0.0,0.0,62,50,0.1,0.05,0.1,0.04,0.02,0.06,0.0,0,12518.0
0,tcp,private,S0,0,0,0,0,0,0,0,0,0,203,1.0,1.0,0.0,0.0,0.02,0.06,0.0,255,15,0.06,0.07,0.0,0.0,1.0,1.0,0.0,1,115901.0
0,tcp,private,S0,0,0,0,0,0,0,0,0,0,124,1.0,1.0,0.0,0.0,0.06,0.06,0.0,255,2,0.01,0.09,0.0,0.0,1.0,1.0,0.0,1,32047.0
0,tcp,private,S0,0,0,0,0,0,0,0,0,0,74,1.0,1.0,0.0,0.0,0.2,0.07,0.0,224,15,0.07,0.06,0.0,0.0,1.0,1.0,0.0,1,116502.0
0,tcp,http,SF,241,501,0,0,1,0,0,0,0,10,0.0,0.0,0.0,0.0,1.0,0.0,0.18,69,255,1.0,0.0,0.01,0.03,0.0,0.0,0.0,0,52671.0
0,tcp,http,SF,218,1791,0,0,1,0,0,0,0,2,0.0,0.0,0.0,0.0,1.0,0.0,0.0,2,255,1.0,0.0,0.5,0.02,0.0,0.0,0.0,0,8963.0
0,tcp,http,SF,314,314,0,0,1,0,0,0,0,5,0.0,0.0,0.0,0.0,1.0,0.0,0.0,255,255,1.0,0.0,0.0,0.0,0.0,0.0,0.0,0,26350.0
0,tcp,http,SF,229,1380,0,0,1,0,0,0,0,5,0.0,0.0,0.0,0.0,1.0,0.0,0.0,255,252,0.99,0.01,0.0,0.0,0.0,0.0,0.0,0,56477.0
0,tcp,http,S3,303,13335,0,0,1,0,0,0,0,4,0.25,0.2,0.0,0.0,1.0,0.0,0.4,234,255,1.0,0.0,0.0,0.01,0.01,0.01,0.0,0,18107.0
0,tcp,ftp_data,SF,245,0,0,0,1,0,0,1,0,2,0.0,0.0,0.0,0.0,1.0,0.0,0.0,139,61,0.35,0.04,0.35,0.03,0.0,0.0,0.0,0,72601.0
0,tcp,http_443,S0,0,0,0,0,0,0,0,0,0,12,1.0,1.0,0.0,0.0,0.42,0.25,0.0,255,5,0.02,0.08,0.0,0.0,1.0,1.0,0.0,1,125782.0
0,tcp,http,REJ,0,0,0,0,0,0,0,0,0,1,0.0,0.0,1.0,1.0,1.0,0.0,0.0,1,255,1.0,0.0,1.0,0.09,0.0,0.0,0.5,0,77891.0
1,tcp,smtp,SF,1131,335,0,0,1,0,0,0,0,1,0.0,0.0,0.0,0.0,1.0,0.0,0.0,74,168,0.66,0.05,0.01,0.01,0.0,0.0,0.0,0,77765.0
0,tcp,ftp_data,S0,0,0,0,0,0,0,0,0,0,189,1.0,1.0,0.0,0.0,0.02,0.06,0.0,255,4,0.02,0.07,0.0,0.0,1.0,1.0,0.0,1,15531.0
0,tcp,http,SF,417,7329,0,0,1,0,0,0,0,4,0.0,0.0,0.0,0.0,1.0,0.0,0.0,255,255,1.0,0.0,0.0,0.0,0.0,0.0,0.0,0,50974.0
0,tcp,http,SF,283,309,0,0,1,0,0,0,0,3,0.0,0.0,0.0,0.0,1.0,0.0,0.0,27,255,1.0,0.0,0.04,0.02,0.0,0.0,0.0,0,39234.0
0,tcp,vmnet,REJ,0,0,0,0,0,0,0,0,0,140,0.0,0.0,1.0,1.0,0.1,0.06,0.0,255,4,0.02,0.07,0.0,0.0,0.0,0.0,1.0,1,48044.0
0,tcp,private,S0,0,0,0,0,0,0,0,0,0,172,1.0,1.0,0.0,0.0,0.01,0.06,0.0,255,2,0.01,0.07,0.0,0.0,1.0,1.0,0.0,1,60563.0
0,tcp,http,SF,273,686,0,0,1,0,0,0,0,16,0.0,0.0,0.0,0.0,1.0,0.0,0.0,255,255,1.0,0.0,0.0,0.0,0.0,0.0,0.0,0,93037.0
0,tcp,ftp_data,SF,29,0,0,0,1,0,0,0,0,2,0.0,0.0,0.0,0.0,1.0,0.0,0.0,255,105,0.41,0.03,0.41,0.0,0.01,0.01,0.0,0,67113.0
0,tcp,http,SF,220,18779,0,0,1,0,0,0,0,3,0.33,0.25,0.0,0.0,1.0,0.0,0.5,255,255,1.0,0.0,0.0,0.0,0.01,0.01,0.0,0,64652.0
1,tcp,smtp,SF,1407,388,0,0,1,0,0,0,0,1,0.0,0.0,0.0,0.0,1.0,0.0,1.0,255,6,0.02,0.06,0.0,0.0,0.0,0.0,0.0,0,47598.0
0,tcp,http,SF,347,2288,0,0,1,0,0,0,0,2,0.0,0.0,0.0,0.0,1.0,0.0,0.0,18,255,1.0,0.0,0.06,0.02,0.0,0.0,0.0,0,77067.0
0,icmp,eco_i,SF,8,0,0,0,0,0,0,0,0,1,0.0,0.0,0.0,0.0,1.0,0.0,1.0,1,35,1.0,0.0,1.0,0.51,0.0,0.0,0.0,1,101229.0
30,tcp,ftp,SF,1461,4152,0,30,1,0,0,0,0,1,0.0,0.0,0.0,0.0,1.0,0.0,0.0,255,59,0.23,0.02,0.0,0.0,0.0,0.0,0.0,0,89718.0
0,tcp,discard,RSTO,0,0,0,0,0,0,0,0,0,134,0.0,0.0,1.0,1.0,0.14,0.06,0.0,255,19,0.07,0.07,0.0,0.0,0.0,0.0,1.0,1,12622.0
0,icmp,ecr_i,SF,1032,0,0,0,0,0,0,0,0,511,0.0,0.0,0.0,0.0,1.0,0.0,0.0,255,235,0.92,0.01,0.92,0.0,0.0,0.0,0.0,1,111366.0
0,tcp,other,REJ,0,0,0,0,0,0,0,0,0,509,0.09,0.0,0.91,1.0,0.0,1.0,0.0,255,1,0.0,1.0,0.0,0.0,0.11,0.0,1.0,1,12357.0
0,tcp,uucp_path,S0,0,0,0,0,0,0,0,0,0,213,1.0,1.0,0.0,0.0,0.01,0.08,0.0,255,2,0.01,0.09,0.0,0.0,1.0,1.0,0.0,1,86371.0
0,tcp,hostnames,S0,0,0,0,0,0,0,0,0,0,270,1.0,1.0,0.0,0.0,0.01,0.06,0.0,255,19,0.07,0.08,0.0,0.0,1.0,1.0,0.0,1,120916.0
0,udp,domain_u,SF,102,0,0,0,0,0,0,0,0,2,0.0,0.0,0.0,0.0,0.5,1.0,1.0,255,18,0.07,0.01,0.07,0.0,0.0,0.0,0.0,0,60900.0
0,tcp,ftp_data,S0,0,0,0,0,0,0,0,0,0,14,1.0,1.0,0.0,0.0,0.21,0.29,0.0,255,63,0.25,0.02,0.01,0.0,1.0,1.0,0.0,1,116789.0
0,icmp,eco_i,SF,8,0,0,0,0,0,0,0,0,1,0.0,0.0,0.0,0.0,1.0,0.0,1.0,1,117,1.0,0.0,1.0,0.5,0.0,0.0,0.0,1,25226.0
0,tcp,private,S0,0,0,0,0,0,0,0,0,0,110,1.0,1.0,0.0,0.0,0.13,0.07,0.0,255,13,0.05,0.09,0.0,0.0,1.0,1.0,0.0,1,106471.0
0,tcp,http,SF,244,2244,0,0,1,0,0,0,0,10,0.0,0.0,0.0,0.0,1.0,0.0,0.11,255,255,1.0,0.0,0.0,0.0,0.0,0.0,0.0,0,70609.0
32,tcp,telnet,RSTO,154,251,0,0,0,0,0,0,0,1,0.0,0.0,1.0,1.0,1.0,0.0,0.0,57,16,0.28,0.11,0.02,0.0,0.02,0.06,0.19,0,11099.0
0,tcp,other,SF,59,0,0,0,1,0,0,0,0,16,0.06,0.0,0.0,0.0,0.06,0.81,0.0,140,1,0.01,0.13,0.19,0.0,0.01,0.0,0.0,0,119030.0
0,udp,private,SF,215,0,0,0,0,0,0,0,0,1,0.0,0.0,0.0,0.0,1.0,0.0,0.0,155,131,0.85,0.01,0.85,0.0,0.0,0.0,0.0,1,1701.0
0,tcp,whois,S0,0,0,0,0,0,0,0,0,0,228,1.0,1.0,0.0,0.0,0.04,0.06,0.0,255,8,0.03,0.09,0.0,0.0,1.0,1.0,0.0,1,28002.0
0,tcp,ctf,S0,0,0,0,0,0,0,0,0,0,230,1.0,1.0,0.0,0.0,0.02,0.07,0.0,255,5,0.02,0.07,0.0,0.0,1.0,1.0,0.0,1,53030.0
0,tcp,http,SF,324,276,0,0,1,0,0,0,0,3,0.0,0.0,0.0,0.0,1.0,0.0,0.0,255,228,0.89,0.01,0.0,0.0,0.0,0.0,0.0,0,100250.0
0,tcp,private,S0,0,0,0,0,0,0,0,0,0,112,1.0,1.0,0.0,0.0,0.15,0.07,0.0,255,1,0.0,0.08,0.0,0.0,1.0,1.0,0.0,1,124687.0
0,udp,private,SF,28,0,3,0,0,0,0,0,0,57,0.0,0.0,0.0,0.0,1.0,0.0,0.0,255,24,0.09,0.01,0.09,0.0,0.0,0.0,0.0,1,117229.0
0,icmp,eco_i,SF,8,0,0,0,0,0,0,0,0,1,0.0,0.0,0.0,0.0,1.0,0.0,1.0,4,96,1.0,0.0,1.0,0.25,0.0,0.0,0.0,1,104790.0
0,udp,private,SF,28,0,3,0,0,0,0,0,0,51,0.0,0.0,0.0,0.0,1.0,0.0,0.0,254,51,0.2,0.04,0.2,0.0,0.02,0.0,0.0,1,97729.0
0,tcp,private,S0,0,0,0,0,0,0,0,0,0,42,1.0,1.0,0.0,0.0,0.12,0.1,0.0,255,5,0.02,0.05,0.0,0.0,1.0,1.0,0.0,1,14480.0
0,tcp,private,REJ,0,0,0,0,0,0,0,0,0,269,0.0,0.0,1.0,1.0,0.04,0.07,0.0,255,11,0.04,0.07,0.0,0.0,0.0,0.0,1.0,1,113683.0
0,tcp,ftp_data,SF,12,0,0,0,0,0,0,0,0,1,0.0,0.0,0.0,0.0,1.0,0.0,1.0,148,44,0.06,0.03,0.06,0.05,0.0,0.0,0.0,0,67518.0
0,udp,domain_u,SF,32,0,0,0,0,0,0,0,0,1,0.0,0.0,0.0,0.0,1.0,0.0,1.0,198,39,0.16,0.04,0.16,0.05,0.0,0.0,0.0,0,61349.0
0,tcp,private,S0,0,0,0,0,0,0,0,0,0,103,1.0,1.0,0.0,0.0,0.07,0.06,0.0,255,11,0.04,0.06,0.0,0.0,1.0,1.0,0.0,1,14378.0
0,icmp,eco_i,SF,8,0,0,0,0,0,0,0,0,1,0.0,0.0,0.0,0.0,1.0,0.0,1.0,3,99,1.0,0.0,1.0,0.25,0.0,0.0,0.0,1,37870.0
0,tcp,telnet,S0,0,0,0,0,0,0,0,0,0,267,1.0,1.0,0.0,0.0,0.03,0.06,0.0,255,7,0.03,0.07,0.0,0.0,1.0,1.0,0.0,1,65655.0
0,tcp,private,S0,0,0,0,0,0,0,0,0,0,272,1.0,1.0,0.0,0.0,0.04,0.06,0.0,255,7,0.03,0.06,0.0,0.0,1.0,1.0,0.0,1,27925.0
0,tcp,http,SF,334,331,0,0,1,0,0,0,0,1,0.0,0.0,0.0,0.0,1.0,0.0,0.0,195,255,1.0,0.0,0.01,0.01,0.0,0.0,0.0,0,61637.0
0,tcp,hostnames,S0,0,0,0,0,0,0,0,0,0,232,1.0,1.0,0.0,0.0,0.04,0.06,0.0,255,10,0.04,0.07,0.0,0.0,1.0,1.0,0.0,1,69029.0
0,tcp,http,SF,288,762,0,0,1,0,0,0,0,17,0.0,0.0,0.0,0.0,1.0,0.0,0.0,255,255,1.0,0.0,0.0,0.0,0.0,0.0,0.0,0,75603.0
0,tcp,http,SF,198,310,0,0,1,0,0,0,0,8,0.0,0.0,0.0,0.0,1.0,0.0,0.0,122,255,1.0,0.0,0.01,0.05,0.0,0.0,0.0,0,104387.0
0,tcp,private,S0,0,0,0,0,0,0,0,0,0,192,1.0,1.0,0.0,0.0,0.04,0.06,0.0,255,19,0.07,0.07,0.0,0.0,1.0,1.0,0.0,1,107168.0
0,tcp,http,SF,0,1478,0,0,0,0,0,0,0,6,0.17,0.14,0.0,0.0,1.0,0.0,0.29,35,255,1.0,0.0,0.03,0.04,0.03,0.0,0.0,0,98103.0
0,tcp,http,SF,324,453,0,0,1,0,0,0,0,14,0.0,0.0,0.0,0.0,1.0,0.0,0.0,255,255,1.0,0.0,0.0,0.0,0.0,0.0,0.0,0,83647.0
0,tcp,http,SF,390,6303,0,0,1,0,0,0,0,1,0.0,0.0,0.0,0.0,1.0,0.0,0.0,1,150,1.0,0.0,1.0,0.13,0.0,0.0,0.0,0,114618.0
0,tcp,telnet,S0,0,0,0,0,0,0,0,0,0,78,0.99,1.0,0.01,0.0,0.24,0.06,0.0,255,39,0.15,0.05,0.0,0.0,1.0,1.0,0.0,1,88214.0
0,tcp,netbios_ssn,S0,0,0,0,0,0,0,0,0,0,284,1.0,1.0,0.0,0.0,0.07,0.06,0.0,255,2,0.01,0.08,0.0,0.0,1.0,1.0,0.0,1,114639.0
6,tcp,domain,SF,0,0,0,0,0,0,0,0,0,1,0.0,0.0,0.0,0.0,1.0,0.0,0.0,34,1,0.03,1.0,0.03,0.0,0.0,0.0,0.0,1,61190.0
0,tcp,uucp,S0,0,0,0,0,0,0,0,0,0,140,1.0,1.0,0.0,0.0,0.07,0.06,0.0,255,10,0.04,0.07,0.0,0.0,1.0,1.0,0.0,1,55805.0
0,tcp,http,S0,0,0,0,0,0,0,0,0,0,2,0.5,0.1,0.0,0.0,1.0,0.0,0.3,59,59,1.0,0.0,0.03,0.0,0.02,0.02,0.0,0,17894.0
0,tcp,private,S0,0,0,0,0,0,0,0,0,0,151,1.0,1.0,0.0,0.0,0.09,0.06,0.0,255,14,0.05,0.07,0.0,0.0,1.0,1.0,0.0,1,17111.0
30,tcp,ftp,SF,1492,4152,0,30,1,0,0,0,0,1,0.0,0.0,0.0,0.0,1.0,0.0,0.0,38,16,0.42,0.13,0.03,0.0,0.0,0.0,0.0,0,28847.0
4229,udp,other,SF,145,105,0,0,0,0,0,0,0,1,0.0,0.0,0.0,0.0,1.0,0.0,0.0,255,2,0.01,0.53,0.9,0.0,0.0,0.0,0.0,0,24049.0
0,tcp,ftp_data,SF,12983,0,0,0,1,0,0,0,0,2,0.0,0.0,0.0,0.0,1.0,0.0,0.0,123,16,0.13,0.02,0.13,0.0,0.01,0.0,0.0,0,59458.0
4801,tcp,other,RSTR,1,0,0,0,0,0,0,0,0,2,0.0,0.0,1.0,1.0,1.0,0.0,0.0,255,2,0.01,0.74,1.0,0.0,0.0,0.0,1.0,1,57498.0
0,tcp,echo,S0,0,0,0,0,0,0,0,0,0,261,1.0,1.0,0.0,0.0,0.07,0.06,0.0,255,19,0.07,0.06,0.0,0.0,1.0,1.0,0.0,1,111985.0
0,tcp,http,SF,319,1713,0,0,1,0,0,0,0,13,0.0,0.0,0.0,0.0,1.0,0.0,0.0,63,255,1.0,0.0,0.02,0.04,0.0,0.0,0.0,0,21502.0
0,tcp,private,S0,0,0,0,0,0,0,0,0,0,202,1.0,1.0,0.0,0.0,0.05,0.07,0.0,255,25,0.1,0.07,0.0,0.0,1.0,1.0,0.0,1,84502.0
0,tcp,http,SF,200,1726,0,0,1,0,0,0,0,4,0.0,0.0,0.0,0.0,1.0,0.0,0.0,255,255,1.0,0.0,0.0,0.0,0.0,0.0,0.0,0,32241.0
0,tcp,http,SF,288,288,0,0,1,0,0,0,0,14,0.0,0.0,0.0,0.0,1.0,0.0,0.11,221,255,1.0,0.0,0.0,0.02,0.0,0.0,0.0,0,97887.0
0,tcp,http,SF,224,1875,0,0,1,0,0,0,0,4,0.0,0.0,0.0,0.0,1.0,0.0,0.31,68,255,1.0,0.0,0.01,0.02,0.0,0.0,0.0,0,101206.0
0,tcp,http,SF,280,4045,0,0,1,0,0,0,0,10,0.0,0.0,0.0,0.0,1.0,0.0,0.07,10,215,1.0,0.0,0.1,0.01,0.0,0.01,0.01,0,104833.0
1,tcp,http,SF,292,40552,0,0,1,0,0,0,0,6,0.0,0.0,0.0,0.0,1.0,0.0,0.31,6,93,1.0,0.0,0.17,0.24,0.0,0.0,0.75,0,123262.0
0,icmp,ecr_i,SF,1032,0,0,0,0,0,0,0,0,511,0.0,0.0,0.0,0.0,1.0,0.0,0.0,255,126,0.49,0.17,0.49,0.0,0.0,0.0,0.0,1,42529.0
0,tcp,private,S0,0,0,0,0,0,0,0,0,0,28,1.0,1.0,0.0,0.0,0.21,0.11,0.0,255,16,0.06,0.07,0.0,0.0,1.0,1.0,0.0,1,102574.0
0,tcp,ftp_data,SF,1339,0,0,0,1,0,0,0,0,2,0.0,0.0,0.0,0.0,1.0,0.0,0.0,255,36,0.14,0.02,0.14,0.0,0.0,0.0,0.0,0,37578.0
0,tcp,http,SF,285,247,0,0,1,0,0,0,0,1,0.0,0.0,0.0,0.0,1.0,0.0,0.5,24,255,1.0,0.0,0.04,0.01,0.0,0.0,0.0,0,22967.0
0,tcp,private,S0,0,0,0,0,0,0,0,0,0,161,1.0,1.0,0.0,0.0,0.03,0.06,0.0,255,15,0.06,0.08,0.0,0.0,1.0,1.0,0.0,1,69004.0
0,tcp,Z39_50,S0,0,0,0,0,0,0,0,0,0,262,1.0,1.0,0.0,0.0,0.02,0.06,0.0,255,20,0.08,0.07,0.0,0.0,1.0,1.0,0.0,1,102670.0
0,tcp,private,S0,0,0,0,0,0,0,0,0,0,145,1.0,1.0,0.0,0.0,0.1,0.05,0.0,255,15,0.06,0.05,0.0,0.0,1.0,1.0,0.0,1,60202.0
0,tcp,http,SF,309,1425,0,0,1,0,0,0,0,13,0.0,0.0,0.0,0.0,1.0,0.0,0.0,255,255,1.0,0.0,0.0,0.0,0.0,0.0,0.0,0,75442.0
0,tcp,http,SF,324,3198,0,0,1,0,0,0,0,2,0.0,0.0,0.0,0.0,1.0,0.0,0.08,114,255,1.0,0.0,0.01,0.02,0.0,0.0,0.0,0,125077.0
0,tcp,auth,S0,0,0,0,0,0,0,0,0,0,266,1.0,1.0,0.0,0.0,0.02,0.06,0.0,255,4,0.02,0.08,0.0,0.0,1.0,1.0,0.0,1,62025.0
0,tcp,Z39_50,S0,0,0,0,0,0,0,0,0,0,271,1.0,1.0,0.0,0.0,0.04,0.05,0.0,255,11,0.04,0.05,0.0,0.0,1.0,1.0,0.0,1,10634.0
0,tcp,ftp,RSTO,0,0,0,0,0,0,0,0,0,274,0.0,0.0,1.0,1.0,0.03,0.06,0.0,255,7,0.03,0.07,0.0,0.0,0.0,0.0,1.0,1,121280.0
0,tcp,http,SF,450,5369,0,0,1,0,0,0,0,10,0.0,0.0,0.0,0.0,1.0,0.0,0.18,255,255,1.0,0.0,0.0,0.0,0.0,0.0,0.0,0,42454.0
0,icmp,eco_i,SF,8,0,0,0,0,0,0,0,0,1,0.0,0.0,0.0,0.0,1.0,0.0,1.0,2,6,1.0,0.0,1.0,0.5,0.0,0.0,0.0,1,53523.0
2,tcp,ftp,SF,1173,2445,0,28,1,0,0,0,0,1,0.0,0.0,0.0,0.0,1.0,0.0,0.0,255,86,0.34,0.02,0.0,0.0,0.0,0.0,0.0,1,61173.0
0,icmp,ecr_i,SF,1032,0,0,0,0,0,0,0,0,33,0.0,0.0,0.0,0.0,1.0,0.0,0.0,255,33,0.13,0.02,0.13,0.0,0.0,0.0,0.0,1,42766.0
0,tcp,imap4,REJ,0,0,0,0,0,0,0,0,0,255,0.0,0.0,1.0,1.0,0.02,0.07,0.0,255,6,0.02,0.07,0.0,0.0,0.0,0.0,1.0,1,24489.0
3,tcp,smtp,SF,1448,331,0,0,1,0,0,0,0,1,0.0,0.0,0.0,0.0,1.0,0.0,0.0,64,130,0.55,0.05,0.02,0.02,0.0,0.15,0.0,0,86997.0
0,tcp,netbios_dgm,S0,0,0,0,0,0,0,0,0,0,251,1.0,1.0,0.0,0.0,0.01,0.07,0.0,255,3,0.01,0.08,0.0,0.0,1.0,1.0,0.0,1,38880.0
0,tcp,http,REJ,0,0,0,0,0,0,0,0,0,1,0.0,0.0,1.0,1.0,1.0,0.0,1.0,3,255,1.0,0.0,0.33,0.07,0.0,0.0,0.85,0,60214.0
0,icmp,eco_i,SF,8,0,0,0,0,0,0,0,0,1,0.0,0.0,0.0,0.0,1.0,0.0,1.0,2,8,1.0,0.0,1.0,0.62,0.0,0.0,0.0,1,66979.0
0,tcp,uucp,S0,0,0,0,0,0,0,0,0,0,100,1.0,1.0,0.0,0.0,0.18,0.06,0.0,255,18,0.07,0.06,0.0,0.0,1.0,1.0,0.0,1,81040.0
0,udp,domain_u,SF,44,75,0,0,0,0,0,0,0,271,0.0,0.0,0.0,0.0,1.0,0.0,0.0,255,254,1.0,0.01,0.0,0.0,0.0,0.0,0.0,0,108291.0
0,tcp,private,RSTR,0,0,0,0,0,0,0,0,0,0,0.0,0.0,0.0,0.0,0.0,0.0,0.0,243,1,0.0,0.6,0.6,0.0,0.0,0.0,1.0,1,117689.0
0,tcp,ftp_data,S0,0,0,0,0,0,0,0,0,0,274,1.0,1.0,0.0,0.0,0.04,0.06,0.0,255,10,0.04,0.08,0.0,0.0,1.0,1.0,0.0,1,31393.0
0,tcp,http,SF,292,2807,0,0,1,0,0,0,0,7,0.0,0.0,0.0,0.0,1.0,0.0,0.0,255,255,1.0,0.0,0.0,0.0,0.0,0.0,0.0,0,19952.0
9821,tcp,other,RSTR,1,0,0,0,0,0,0,0,0,2,0.0,0.0,1.0,1.0,1.0,0.0,0.0,255,2,0.01,0.74,1.0,0.0,0.0,0.0,1.0,1,63791.0
0,tcp,bgp,S0,0,0,0,0,0,0,0,0,0,199,1.0,1.0,0.0,0.0,0.01,0.07,0.0,255,1,0.0,0.08,0.0,0.0,1.0,1.0,0.0,1,81423.0
0,tcp,private,S0,0,0,0,0,0,0,0,0,0,243,1.0,1.0,0.0,0.0,0.05,0.07,0.0,255,16,0.06,0.07,0.0,0.0,1.0,1.0,0.0,1,8495.0
0,tcp,private,S0,0,0,0,0,0,0,0,0,0,90,1.0,1.0,0.0,0.0,0.02,0.08,0.0,141,2,0.01,0.08,0.01,0.0,1.0,1.0,0.0,1,60498.0
0,udp,domain_u,SF,44,44,0,0,0,0,0,0,0,183,0.0,0.0,0.0,0.0,1.0,0.0,0.0,255,254,1.0,0.01,0.0,0.0,0.0,0.0,0.0,0,63524.0
0,icmp,eco_i,SF,8,0,0,0,0,0,0,0,0,1,0.0,0.0,0.0,0.0,1.0,0.0,1.0,2,126,1.0,0.0,1.0,0.25,0.0,0.0,0.0,1,91385.0
0,tcp,http,SF,237,607,0,0,1,0,0,0,0,6,0.0,0.0,0.0,0.0,1.0,0.0,0.38,255,255,1.0,0.0,0.0,0.0,0.0,0.0,0.01,0,83311.0
0,tcp,smtp,SF,2886,330,0,0,1,0,0,0,0,2,0.0,0.0,0.0,0.0,0.5,1.0,0.0,254,180,0.71,0.03,0.0,0.0,0.0,0.0,0.0,0,50463.0
0,tcp,http,S0,0,0,0,0,0,0,0,0,0,39,1.0,1.0,0.0,0.0,0.33,0.1,0.0,255,63,0.25,0.02,0.01,0.0,1.0,1.0,0.0,1,118417.0
0,tcp,http,SF,214,978,0,0,1,0,0,0,0,7,0.0,0.0,0.0,0.0,1.0,0.0,0.0,18,255,1.0,0.0,0.06,0.04,0.0,0.0,0.0,0,100575.0
0,tcp,courier,S0,0,0,0,0,0,0,0,0,0,128,1.0,1.0,0.0,0.0,0.02,0.06,0.0,255,20,0.08,0.07,0.0,0.0,1.0,1.0,0.0,1,83793.0
0,tcp,http,SF,238,884,0,0,1,0,0,0,0,3,0.0,0.11,0.0,0.0,1.0,0.0,0.22,255,255,1.0,0.0,0.0,0.0,0.0,0.0,0.0,0,45934.0
0,tcp,private,S0,0,0,0,0,0,0,0,0,0,94,1.0,1.0,0.0,0.0,0.09,0.06,0.0,255,6,0.02,0.08,0.0,0.0,1.0,1.0,0.0,1,56692.0
0,tcp,http,SF,244,7453,0,0,1,0,0,0,0,6,0.0,0.0,0.0,0.0,1.0,0.0,0.29,9,125,1.0,0.0,0.11,0.06,0.0,0.0,0.03,0,94906.0
0,tcp,private,S0,0,0,0,0,0,0,0,0,0,279,1.0,1.0,0.0,0.0,0.04,0.06,0.0,255,11,0.04,0.05,0.0,0.0,1.0,1.0,0.0,1,28259.0
0,tcp,private,REJ,0,0,0,0,0,0,0,0,0,100,0.07,0.0,0.93,1.0,0.01,1.0,0.0,255,1,0.0,0.66,0.0,0.0,0.03,0.0,1.0,1,83905.0
0,tcp,http,SF,213,14050,0,0,1,0,0,0,0,11,0.0,0.0,0.0,0.0,1.0,0.0,0.0,40,255,1.0,0.0,0.03,0.01,0.0,0.0,0.0,0,13052.0
0,tcp,uucp_path,S0,0,0,0,0,0,0,0,0,0,205,1.0,1.0,0.0,0.0,0.03,0.05,0.0,255,7,0.03,0.06,0.0,0.0,1.0,1.0,0.0,1,60427.0
0,udp,private,SF,105,145,0,0,0,0,0,0,0,1,0.0,0.0,0.0,0.0,1.0,0.0,0.0,5,5,1.0,0.0,0.2,0.0,0.0,0.0,0.0,0,74351.0
0,tcp,http,SF,217,592,0,0,1,0,0,0,0,10,0.0,0.0,0.0,0.0,1.0,0.0,0.13,22,255,1.0,0.0,0.05,0.02,0.0,0.0,0.0,0,124008.0
0,tcp,http,SF,220,8422,0,0,1,0,0,0,0,25,0.0,0.0,0.0,0.0,1.0,0.0,0.08,255,255,1.0,0.0,0.0,0.0,0.0,0.0,0.0,0,50412.0
0,tcp,http,SF,278,3275,0,0,1,0,0,0,0,4,0.0,0.06,0.0,0.0,1.0,0.0,0.31,4,255,1.0,0.0,0.25,0.02,0.0,0.0,0.0,0,43210.0
0,tcp,http,REJ,0,0,0,0,0,0,0,0,0,1,0.0,0.0,1.0,1.0,1.0,0.0,0.0,4,254,1.0,0.0,0.25,0.09,0.0,0.0,1.0,0,77018.0
0,tcp,http,SF,393,327,0,0,1,0,0,0,0,1,0.0,0.0,0.0,0.0,1.0,0.0,0.29,94,255,1.0,0.0,0.01,0.01,0.0,0.0,0.0,0,114441.0
0,tcp,login,S0,0,0,0,0,0,0,0,0,0,133,1.0,1.0,0.0,0.0,0.03,0.06,0.0,255,4,0.02,0.06,0.0,0.0,1.0,1.0,0.0,1,50257.0
0,tcp,http,SF,285,1345,0,0,1,0,0,0,0,23,0.04,0.04,0.0,0.0,1.0,0.0,0.0,255,255,1.0,0.0,0.0,0.0,0.0,0.0,0.0,0,19008.0
0,udp,other,SF,146,0,0,0,0,0,0,0,0,5,0.0,0.0,0.0,0.0,0.2,0.6,0.0,255,1,0.0,0.85,1.0,0.0,0.0,0.0,0.0,0,94644.0
0,tcp,private,S0,0,0,0,0,0,0,0,0,0,110,1.0,1.0,0.0,0.0,0.14,0.06,0.0,255,16,0.06,0.07,0.0,0.0,1.0,1.0,0.0,1,21989.0
0,tcp,bgp,S0,0,0,0,0,0,0,0,0,0,297,1.0,1.0,0.0,0.0,0.08,0.05,0.0,255,24,0.09,0.05,0.0,0.0,1.0,1.0,0.0,1,4189.0
0,tcp,http,SF,212,14084,0,0,1,0,0,0,0,1,0.0,0.0,0.0,0.0,1.0,0.0,0.0,63,255,1.0,0.0,0.02,0.03,0.02,0.01,0.0,0,86394.0
0,tcp,http,SF,197,7204,0,0,1,0,0,0,0,2,0.0,0.0,0.0,0.0,1.0,0.0,0.0,32,167,1.0,0.0,0.03,0.03,0.0,0.0,0.0,0,1110.0
0,tcp,http,SF,207,31296,0,0,1,0,0,0,0,3,0.33,0.33,0.0,0.0,1.0,0.0,0.0,2,255,1.0,0.0,0.5,0.03,0.0,0.0,0.0,0,116061.0
0,icmp,ecr_i,SF,1032,0,0,0,0,0,0,0,0,511,0.0,0.0,0.0,0.0,1.0,0.0,0.0,255,72,0.28,0.04,0.28,0.0,0.14,0.0,0.0,1,60392.0
0,tcp,private,S0,0,0,0,0,0,0,0,0,0,83,1.0,1.0,0.0,0.0,0.06,0.07,0.0,255,5,0.02,0.05,0.0,0.0,1.0,1.0,0.0,1,76914.0
0,tcp,time,RSTO,0,0,0,0,0,0,0,0,0,263,0.0,0.0,1.0,1.0,0.03,0.06,0.0,255,7,0.03,0.08,0.0,0.0,0.0,0.0,1.0,1,13979.0
0,tcp,link,S0,0,0,0,0,0,0,0,0,0,244,1.0,1.0,0.0,0.0,0.08,0.05,0.0,255,19,0.07,0.05,0.0,0.0,1.0,1.0,0.0,1,86118.0
0,tcp,ftp_data,SF,4763,0,0,0,1,0,0,0,0,1,0.0,0.0,0.0,0.0,1.0,0.0,0.0,231,61,0.26,0.01,0.26,0.0,0.0,0.0,0.0,0,80941.0
0,icmp,ecr_i,SF,1032,0,0,0,0,0,0,0,0,400,0.0,0.0,0.0,0.0,1.0,0.0,0.0,255,255,1.0,0.0,1.0,0.0,0.0,0.0,0.0,1,90089.0
0,tcp,http,SF,234,338,0,1,1,0,0,0,0,14,0.0,0.0,0.0,0.0,1.0,0.0,0.11,255,255,1.0,0.0,0.0,0.0,0.0,0.0,0.0,0,98793.0
1,udp,private,SF,105,147,0,0,0,0,0,0,0,1,0.0,0.0,0.0,0.0,1.0,0.0,0.0,255,232,0.91,0.01,0.01,0.0,0.0,0.0,0.0,0,90914.0
0,icmp,eco_i,SF,8,0,0,0,0,0,0,0,0,1,0.0,0.0,0.0,0.0,1.0,0.0,1.0,1,51,1.0,0.0,1.0,0.51,0.0,0.0,0.0,1,99329.0
0,tcp,private,REJ,0,0,0,0,0,0,0,0,0,131,0.0,0.0,1.0,1.0,0.08,0.07,0.0,255,11,0.04,0.06,0.0,0.0,0.0,0.0,1.0,1,29627.0
0,tcp,http,REJ,0,0,0,0,0,0,0,0,0,1,0.0,0.0,1.0,1.0,1.0,0.0,0.0,4,34,1.0,0.0,0.25,0.18,0.0,0.0,1.0,0,110838.0
0,tcp,http,SF,322,707,0,0,1,0,0,0,0,19,0.05,0.05,0.0,0.0,1.0,0.0,0.0,244,255,1.0,0.0,0.0,0.01,0.01,0.01,0.0,0,77552.0
0,tcp,private,REJ,0,0,0,0,0,0,0,0,0,462,0.05,0.0,0.94,1.0,0.0,1.0,0.0,255,1,0.0,1.0,0.0,0.0,0.08,0.0,1.0,1,91247.0
4,udp,private,SF,105,146,0,0,0,0,0,0,0,2,0.0,0.0,0.0,0.0,1.0,0.0,0.0,255,191,0.75,0.01,0.02,0.0,0.0,0.0,0.0,0,93075.0
0,udp,domain_u,SF,30,0,0,0,0,0,0,0,0,1,0.0,0.0,0.0,0.0,1.0,0.0,0.25,10,26,0.2,0.3,0.2,0.08,0.0,0.0,0.0,0,88530.0
0,tcp,http,S0,0,0,0,0,0,0,0,0,0,254,1.0,1.0,0.0,0.0,0.08,0.06,0.0,255,20,0.08,0.06,0.0,0.0,1.0,1.0,0.0,1,111360.0
0,icmp,ecr_i,SF,520,0,0,0,0,0,0,0,0,277,0.0,0.0,0.0,0.0,1.0,0.0,0.0,255,255,1.0,0.0,1.0,0.0,0.0,0.0,0.0,1,15487.0
0,tcp,finger,S0,0,0,0,0,0,0,0,0,0,109,1.0,1.0,0.0,0.0,0.18,0.06,0.0,255,9,0.04,0.07,0.0,0.0,1.0,1.0,0.0,1,25432.0
0,tcp,ftp_data,SF,12,0,0,0,1,0,0,0,0,1,0.0,0.0,0.0,0.0,1.0,0.0,0.0,19,101,0.58,0.16,0.58,0.02,0.0,0.0,0.0,0,102194.0
0,tcp,http,REJ,0,0,0,0,0,0,0,0,0,1,0.0,0.0,1.0,1.0,1.0,0.0,1.0,40,255,1.0,0.0,0.03,0.19,0.0,0.01,0.99,0,32771.0
0,tcp,http,SF,252,803,0,0,1,0,0,0,0,8,0.0,0.0,0.0,0.0,1.0,0.0,0.0,255,255,1.0,0.0,0.0,0.0,0.0,0.0,0.0,0,59559.0
0,tcp,private,S0,0,0,0,0,0,0,0,0,0,220,1.0,1.0,0.0,0.0,0.06,0.06,0.0,255,14,0.05,0.06,0.0,0.0,1.0,1.0,0.0,1,81653.0
0,udp,private,SF,1,0,0,0,0,0,0,0,0,11,0.0,0.0,0.0,0.0,1.0,0.0,0.0,255,11,0.04,0.51,0.54,0.0,0.03,0.0,0.0,1,34918.0
0,tcp,http,SF,216,12975,0,0,1,0,0,0,0,1,0.0,0.0,0.0,0.0,1.0,0.0,0.5,133,255,1.0,0.0,0.01,0.03,0.0,0.0,0.0,0,114835.0
0,tcp,supdup,REJ,0,0,0,0,0,0,0,0,0,275,0.0,0.0,1.0,1.0,0.07,0.06,0.0,255,20,0.08,0.07,0.0,0.0,0.0,0.0,1.0,1,94187.0
0,tcp,http,SF,308,1158,0,0,1,0,0,0,0,5,0.0,0.0,0.0,0.0,1.0,0.0,0.0,5,255,1.0,0.0,0.2,0.01,0.0,0.0,0.0,0,39052.0
0,tcp,domain,SF,48,491,0,0,1,0,0,0,0,65,0.0,0.0,0.0,0.0,0.02,0.03,0.0,255,1,0.0,0.02,0.0,0.0,0.0,0.0,0.0,0,2387.0
1,tcp,smtp,SF,1852,330,0,0,1,0,0,0,0,1,0.0,0.0,0.0,0.0,1.0,0.0,0.0,185,245,0.96,0.01,0.01,0.01,0.0,0.0,0.0,0,119551.0
0,tcp,http,SF,219,15255,0,0,1,0,0,0,0,3,0.0,0.0,0.0,0.0,1.0,0.0,0.0,167,255,1.0,0.0,0.01,0.02,0.0,0.0,0.0,0,77761.0
0,tcp,http,SF,244,1307,0,0,1,0,0,0,0,1,0.0,0.0,0.0,0.0,1.0,0.0,0.12,20,255,1.0,0.0,0.05,0.01,0.0,0.0,0.0,0,17767.0
0,tcp,private,S0,0,0,0,0,0,0,0,0,0,147,1.0,1.0,0.0,0.0,0.11,0.05,0.0,255,15,0.06,0.05,0.0,0.0,1.0,1.0,0.0,1,91414.0
0,tcp,iso_tsap,S0,0,0,0,0,0,0,0,0,0,271,1.0,1.0,0.0,0.0,0.01,0.06,0.0,255,5,0.02,0.07,0.0,0.0,1.0,1.0,0.0,1,115938.0
21,tcp,ftp,SF,231,770,0,4,1,0,0,0,0,1,0.0,0.0,0.0,0.0,1.0,0.0,0.0,104,13,0.12,0.68,0.01,0.15,0.0,0.0,0.15,0,117063.0
0,tcp,http,SF,254,755,0,0,1,0,0,0,0,17,0.0,0.0,0.0,0.0,1.0,0.0,0.0,255,255,1.0,0.0,0.0,0.0,0.0,0.0,0.0,0,100540.0
0,tcp,ftp_data,SF,884,0,0,0,1,0,0,0,0,2,0.0,0.0,0.0,0.0,1.0,0.0,0.0,255,119,0.47,0.04,0.48,0.0,0.0,0.0,0.0,0,106332.0
0,tcp,smtp,SF,13425,1431,0,0,1,0,0,0,0,1,0.0,0.0,0.0,0.0,1.0,0.0,0.0,224,137,0.49,0.01,0.0,0.01,0.0,0.0,0.0,0,121318.0
0,tcp,finger,S0,0,0,0,0,0,0,0,0,0,2,1.0,1.0,0.0,0.0,1.0,0.0,0.0,62,9,0.03,0.06,0.03,0.22,1.0,0.22,0.0,1,111144.0
0,tcp,http,S0,0,0,0,0,0,0,0,0,0,1,1.0,1.0,0.0,0.0,1.0,0.0,0.0,3,1,0.33,0.67,0.33,0.0,0.33,1.0,0.0,1,39436.0
0,tcp,http,SF,344,1247,0,0,1,0,0,0,0,9,0.0,0.0,0.0,0.0,1.0,0.0,0.0,209,255,1.0,0.0,0.0,0.02,0.0,0.0,0.0,0,1002.0
0,tcp,private,S0,0,0,0,0,0,0,0,0,0,105,1.0,1.0,0.0,0.0,0.1,0.06,0.0,255,10,0.04,0.06,0.0,0.0,1.0,1.0,0.0,1,54949.0
0,tcp,http,SF,201,911,0,0,1,0,0,0,0,11,0.0,0.0,0.0,0.0,1.0,0.0,0.12,199,255,1.0,0.0,0.01,0.01,0.0,0.0,0.0,0,95261.0
0,tcp,http,SF,286,2543,0,0,1,0,0,0,0,8,0.0,0.0,0.0,0.0,1.0,0.0,0.14,82,255,1.0,0.0,0.01,0.06,0.0,0.0,0.0,0,86784.0
0,tcp,http,SF,218,10231,0,0,1,0,0,0,0,24,0.0,0.0,0.0,0.0,1.0,0.0,0.11,255,255,1.0,0.0,0.0,0.0,0.0,0.0,0.0,0,29680.0
0,tcp,private,S0,0,0,0,0,0,0,0,0,0,71,1.0,1.0,0.0,0.0,0.07,0.08,0.0,255,15,0.06,0.07,0.0,0.0,1.0,1.0,0.0,1,96173.0
0,tcp,private,S0,0,0,0,0,0,0,0,0,0,258,1.0,1.0,0.0,0.0,0.03,0.06,0.0,255,12,0.05,0.08,0.0,0.0,1.0,1.0,0.0,1,106129.0
0,tcp,private,S0,0,0,0,0,0,0,0,0,0,107,1.0,1.0,0.0,0.0,0.02,0.07,0.0,255,5,0.02,0.07,0.0,0.0,1.0,1.0,0.0,1,44087.0
0,udp,domain_u,SF,43,68,0,0,0,0,0,0,0,180,0.0,0.0,0.0,0.0,0.99,0.01,0.01,255,239,0.94,0.01,0.0,0.0,0.0,0.0,0.0,0,38742.0
0,tcp,netbios_dgm,S0,0,0,0,0,0,0,0,0,0,252,1.0,1.0,0.0,0.0,0.02,0.06,0.0,255,4,0.02,0.05,0.0,0.0,1.0,1.0,0.0,1,42150.0
0,tcp,http,S0,0,0,0,0,0,0,0,0,0,15,0.93,1.0,0.07,0.0,0.93,0.13,0.0,255,15,0.06,0.06,0.0,0.0,1.0,1.0,0.0,1,8648.0
0,tcp,nnsp,REJ,0,0,0,0,0,0,0,0,0,139,0.0,0.0,1.0,1.0,0.12,0.06,0.0,255,17,0.07,0.05,0.0,0.0,0.0,0.0,1.0,1,80957.0
0,tcp,http,SF,352,13451,0,0,1,0,0,0,0,8,0.0,0.0,0.0,0.0,1.0,0.0,0.22,30,255,1.0,0.0,0.03,0.04,0.0,0.01,0.0,0,89615.0
9543,udp,other,SF,147,105,0,0,0,0,0,0,0,4,0.0,0.0,0.0,0.0,0.5,0.5,0.0,255,2,0.01,0.6,0.93,0.0,0.0,0.0,0.0,0,55557.0
0,tcp,http,SF,307,3222,0,0,1,0,0,0,0,2,0.0,0.0,0.0,0.0,1.0,0.0,0.0,164,160,0.98,0.01,0.01,0.0,0.0,0.0,0.0,0,98605.0
0,tcp,supdup,S0,0,0,0,0,0,0,0,0,0,203,1.0,1.0,0.0,0.0,0.06,0.06,0.0,255,12,0.05,0.07,0.0,0.0,1.0,1.0,0.0,1,20623.0
0,icmp,ecr_i,SF,1032,0,0,0,0,0,0,0,0,511,0.0,0.0,0.0,0.0,1.0,0.0,0.0,255,174,0.68,0.02,0.68,0.0,0.0,0.0,0.0,1,84865.0
0,tcp,ftp_data,S0,0,0,0,0,0,0,0,0,0,52,1.0,1.0,0.0,0.0,0.23,0.08,0.0,214,52,0.24,0.02,0.0,0.0,0.99,1.0,0.0,1,45715.0
0,tcp,finger,SF,10,223,0,0,0,0,0,0,0,1,0.0,0.0,0.0,0.0,1.0,0.0,0.0,12,11,0.08,0.17,0.08,0.27,0.0,0.0,0.0,0,99707.0
0,tcp,http,REJ,0,0,0,0,0,0,0,0,0,1,0.0,0.0,1.0,1.0,1.0,0.0,1.0,21,255,1.0,0.0,0.05,0.1,0.0,0.0,0.8,0,22608.0
0,tcp,http,SF,244,870,0,0,1,0,0,0,0,11,0.0,0.0,0.0,0.0,1.0,0.0,0.0,255,255,1.0,0.0,0.0,0.0,0.0,0.0,0.0,0,115123.0
0,tcp,http,REJ,0,0,0,0,0,0,0,0,0,1,0.0,0.0,1.0,1.0,1.0,0.0,0.0,38,255,1.0,0.0,0.03,0.16,0.0,0.0,0.74,0,78053.0
0,tcp,finger,SF,9,138,0,0,0,0,0,0,0,1,0.0,0.0,0.0,0.0,1.0,0.0,0.0,195,10,0.03,0.03,0.01,0.2,0.01,0.0,0.0,0,125.0
0,tcp,http,SF,161,481,0,0,1,0,0,0,0,1,0.0,0.0,0.0,0.0,1.0,0.0,0.5,2,255,1.0,0.0,0.5,0.09,0.0,0.01,0.01,0,41349.0
0,tcp,private,S0,0,0,0,0,0,0,0,0,0,126,1.0,1.0,0.0,0.0,0.12,0.06,0.0,255,2,0.01,0.07,0.0,0.0,1.0,1.0,0.0,1,11242.0
0,udp,domain_u,SF,45,136,0,0,0,0,0,0,0,78,0.0,0.0,0.0,0.0,1.0,0.0,0.01,255,254,1.0,0.01,0.0,0.0,0.0,0.0,0.0,0,92902.0
0,tcp,private,S0,0,0,0,0,0,0,0,0,0,207,1.0,1.0,0.0,0.0,0.07,0.07,0.0,255,15,0.06,0.06,0.0,0.0,1.0,1.0,0.0,1,123929.0
6,tcp,telnet,SF,103,937,0,0,0,0,0,0,0,1,0.0,0.0,0.0,0.0,1.0,0.0,0.0,10,3,0.1,0.3,0.1,0.67,0.0,0.0,0.0,0,96656.0
0,tcp,private,S0,0,0,0,0,0,0,0,0,0,149,1.0,1.0,0.0,0.0,0.09,0.05,0.0,255,5,0.02,0.07,0.0,0.0,1.0,1.0,0.0,1,61662.0
0,tcp,ftp_data,SF,965,0,0,0,1,0,0,0,0,4,0.0,0.0,0.0,0.0,1.0,0.0,0.0,255,132,0.52,0.02,0.52,0.0,0.0,0.01,0.0,0,116856.0
0,tcp,other,SF,15876,0,0,0,0,0,0,0,0,15,0.07,0.0,0.0,0.0,0.07,0.67,0.0,254,1,0.0,0.05,0.44,0.0,0.0,0.0,0.0,0,77365.0
0,tcp,http,S0,0,0,0,0,0,0,0,0,0,19,1.0,1.0,0.0,0.0,0.42,0.21,0.0,255,65,0.25,0.02,0.01,0.0,1.0,1.0,0.0,1,91509.0
0,tcp,http,SF,257,290,0,0,1,0,0,0,0,13,0.0,0.0,0.0,0.0,1.0,0.0,0.0,255,255,1.0,0.0,0.0,0.0,0.0,0.0,0.0,0,35333.0
0,tcp,http,REJ,0,0,0,0,0,0,0,0,0,15,0.0,0.0,0.73,0.73,1.0,0.0,0.0,168,179,1.0,0.0,0.01,0.03,0.01,0.01,0.33,0,25460.0
0,tcp,http,SF,256,440,0,0,1,0,0,0,0,15,0.0,0.0,0.0,0.0,1.0,0.0,0.22,255,255,1.0,0.0,0.0,0.0,0.0,0.0,0.0,0,71018.0
0,tcp,sunrpc,RSTO,0,0,0,0,0,0,0,0,0,143,0.0,0.0,1.0,1.0,0.12,0.06,0.0,255,17,0.07,0.07,0.0,0.0,0.0,0.0,1.0,1,73302.0
0,tcp,discard,S0,0,0,0,0,0,0,0,0,0,265,1.0,1.0,0.0,0.0,0.02,0.06,0.0,255,4,0.02,0.07,0.0,0.0,1.0,1.0,0.0,1,122993.0
0,tcp,http,SF,329,3982,0,0,1,0,0,0,0,2,0.0,0.0,0.0,0.0,1.0,0.0,0.1,24,255,1.0,0.0,0.04,0.05,0.0,0.0,0.0,0,80.0
0,tcp,http,SF,257,15697,0,0,1,0,0,0,0,2,0.0,0.0,0.0,0.0,1.0,0.0,0.22,39,255,1.0,0.0,0.03,0.01,0.0,0.0,0.0,0,2452.0
0,tcp,finger,S0,0,0,0,0,0,0,0,0,0,292,1.0,1.0,0.0,0.0,0.08,0.04,0.0,255,22,0.09,0.05,0.0,0.0,1.0,1.0,0.0,1,4817.0
0,tcp,http,SF,293,25672,0,0,1,0,0,0,0,2,0.0,0.0,0.0,0.0,1.0,0.0,0.0,143,255,1.0,0.0,0.01,0.02,0.0,0.0,0.01,0,17195.0
5,tcp,finger,SF,9,141,0,0,0,0,0,0,0,1,0.0,0.0,0.0,0.0,1.0,0.0,0.0,1,10,1.0,0.0,1.0,0.3,0.0,0.0,0.0,0,85215.0
0,icmp,eco_i,SF,8,0,0,0,0,0,0,0,0,1,0.0,0.0,0.0,0.0,1.0,0.0,1.0,1,93,1.0,0.0,1.0,0.51,0.0,0.0,0.0,1,21717.0
0,tcp,http,SF,298,3587,0,0,1,0,0,0,0,3,0.0,0.0,0.0,0.0,1.0,0.0,0.0,12,255,1.0,0.0,0.08,0.03,0.0,0.0,0.0,0,83508.0
0,tcp,private,S0,0,0,0,0,0,0,0,0,0,117,1.0,1.0,0.0,0.0,0.11,0.06,0.0,255,7,0.03,0.06,0.0,0.0,1.0,1.0,0.0,1,77513.0
0,tcp,private,REJ,0,0,0,0,0,0,0,0,0,1,0.0,0.0,1.0,1.0,1.0,0.0,0.0,39,1,0.03,1.0,0.03,0.0,0.0,0.0,1.0,1,94640.0
7,udp,private,SF,105,146,0,0,0,0,0,0,0,2,0.0,0.0,0.0,0.0,1.0,0.0,0.0,255,234,0.92,0.01,0.02,0.0,0.0,0.0,0.0,0,76311.0
0,udp,private,SF,28,0,3,0,0,0,0,0,0,87,0.0,0.0,0.0,0.0,1.0,0.0,0.0,255,87,0.34,0.04,0.34,0.0,0.02,0.0,0.0,1,19062.0
0,tcp,http,SF,54540,8314,0,2,1,1,0,0,0,6,0.0,0.0,0.17,0.29,1.0,0.0,0.29,255,255,1.0,0.0,0.0,0.0,0.0,0.0,0.05,1,111278.0
25420,tcp,private,RSTR,0,0,0,0,0,0,0,0,0,1,0.0,0.0,1.0,1.0,1.0,0.0,0.0,255,1,0.0,0.62,1.0,0.0,0.0,0.0,1.0,1,14751.0
0,tcp,daytime,S0,0,0,0,0,0,0,0,0,0,283,1.0,1.0,0.0,0.0,0.01,0.06,0.0,255,15,0.06,0.07,0.0,0.0,1.0,1.0,0.0,1,98945.0
0,tcp,private,S0,0,0,0,0,0,0,0,0,0,205,1.0,1.0,0.0,0.0,0.08,0.05,0.0,255,17,0.07,0.08,0.0,0.0,1.0,1.0,0.0,1,40244.0
0,tcp,vmnet,S0,0,0,0,0,0,0,0,0,0,226,1.0,1.0,0.0,0.0,0.03,0.07,0.0,255,7,0.03,0.07,0.0,0.0,1.0,1.0,0.0,1,94793.0
0,tcp,http,SF,332,771,0,0,1,0,0,0,0,13,0.0,0.0,0.0,0.0,1.0,0.0,0.17,133,255,1.0,0.0,0.01,0.09,0.01,0.0,0.59,0,67396.0
0,tcp,private,S0,0,0,0,0,0,0,0,0,0,265,1.0,1.0,0.0,0.0,0.05,0.06,0.0,255,11,0.04,0.08,0.0,0.0,1.0,1.0,0.0,1,98512.0
0,tcp,private,S0,0,0,0,0,0,0,0,0,0,59,1.0,1.0,0.0,0.0,0.03,0.08,0.0,255,17,0.07,0.07,0.0,0.0,1.0,1.0,0.0,1,15196.0
1,tcp,smtp,SF,1696,483,0,0,1,0,0,0,0,1,0.0,0.0,0.0,0.0,1.0,0.0,0.0,34,193,0.94,0.06,0.03,0.01,0.03,0.0,0.0,0,104121.0
0,tcp,private,REJ,0,0,0,0,0,0,0,0,0,2,0.0,0.0,1.0,1.0,0.5,1.0,0.0,255,1,0.0,0.46,0.4,0.0,0.13,0.0,1.0,1,49501.0
0,tcp,private,REJ,0,0,0,0,0,0,0,0,0,124,0.0,0.0,1.0,1.0,0.08,0.06,0.0,255,6,0.02,0.06,0.0,0.0,0.0,0.0,1.0,1,123191.0
0,tcp,private,S0,0,0,0,0,0,0,0,0,0,241,1.0,1.0,0.0,0.0,0.02,0.07,0.0,255,5,0.02,0.07,0.0,0.0,1.0,1.0,0.0,1,67672.0
0,tcp,hostnames,REJ,0,0,0,0,0,0,0,0,0,260,0.0,0.0,1.0,1.0,0.05,0.06,0.0,255,12,0.05,0.07,0.0,0.0,0.0,0.0,1.0,1,103713.0
0,tcp,http,SF,231,17143,0,0,1,0,0,0,0,20,0.0,0.0,0.0,0.0,1.0,0.0,0.07,188,255,1.0,0.0,0.01,0.01,0.0,0.0,0.0,0,114563.0
0,tcp,http,SF,328,375,0,0,1,0,0,0,0,1,0.0,0.0,0.0,0.0,1.0,0.0,0.21,203,255,1.0,0.0,0.0,0.01,0.0,0.0,0.0,0,84051.0
0,tcp,http,SF,233,3027,0,0,1,0,0,0,0,28,0.0,0.0,0.0,0.0,1.0,0.0,0.0,189,255,1.0,0.0,0.01,0.02,0.0,0.0,0.0,0,61876.0
0,tcp,finger,S0,0,0,0,0,0,0,0,0,0,273,1.0,1.0,0.0,0.0,0.03,0.05,0.0,255,8,0.03,0.05,0.0,0.0,1.0,1.0,0.0,1,124404.0
0,tcp,http,SF,211,9908,0,0,1,0,0,0,0,3,0.0,0.0,0.0,0.0,1.0,0.0,0.0,6,255,1.0,0.0,0.17,0.04,0.0,0.0,0.0,0,116019.0
0,tcp,finger,SF,6,135,0,0,0,0,0,0,0,2,0.0,0.0,0.0,0.0,0.5,1.0,0.0,255,13,0.05,0.02,0.0,0.0,0.0,0.0,0.0,0,86682.0
0,tcp,http,SF,200,292,0,0,1,0,0,0,0,5,0.0,0.0,0.0,0.0,1.0,0.0,0.0,153,255,1.0,0.0,0.01,0.02,0.0,0.0,0.0,0,9588.0
0,tcp,private,S0,0,0,0,0,0,0,0,0,0,124,1.0,1.0,0.0,0.0,0.04,0.07,0.0,255,2,0.01,0.07,0.0,0.0,1.0,1.0,0.0,1,72001.0
0,tcp,smtp,SF,1464,328,0,0,1,0,0,0,0,1,0.0,0.0,0.0,0.0,1.0,0.0,0.0,149,119,0.49,0.04,0.01,0.02,0.0,0.0,0.0,0,36241.0
0,udp,other,SF,516,4,0,0,0,0,0,0,0,257,0.0,0.0,0.0,0.0,1.0,0.0,0.0,255,255,1.0,0.0,1.0,0.0,0.0,0.0,0.0,0,116047.0
0,tcp,private,REJ,0,0,0,0,0,0,0,0,0,146,0.0,0.0,1.0,1.0,0.11,0.05,0.0,255,9,0.04,0.07,0.0,0.0,0.0,0.0,1.0,1,121442.0
0,udp,domain_u,SF,44,81,0,0,0,0,0,0,0,119,0.0,0.0,0.0,0.0,1.0,0.0,0.0,255,254,1.0,0.01,0.01,0.0,0.0,0.0,0.0,0,101912.0
0,tcp,ftp_data,SF,175337,0,0,0,1,0,0,0,0,2,0.0,0.0,0.0,0.0,0.5,1.0,0.0,234,54,0.23,0.02,0.23,0.0,0.0,0.0,0.0,0,81769.0
0,tcp,http,SF,237,1409,0,0,1,0,0,0,0,10,0.0,0.0,0.0,0.0,1.0,0.0,0.25,255,255,1.0,0.0,0.01,0.0,0.0,0.0,0.0,0,69397.0
0,tcp,http,SF,281,776,0,0,1,0,0,0,0,1,0.0,0.0,0.0,0.0,1.0,0.0,0.0,255,231,0.91,0.02,0.0,0.0,0.0,0.0,0.0,0,75525.0
37,tcp,ftp,SF,327,1054,0,6,1,0,0,0,0,1,0.0,0.0,0.0,0.0,1.0,0.0,0.0,83,11,0.13,0.05,0.01,0.0,0.0,0.0,0.0,0,65213.0
1186,udp,other,SF,147,105,0,0,0,0,0,0,0,1,0.0,0.0,0.0,0.0,1.0,0.0,0.0,255,3,0.01,0.64,0.86,0.0,0.0,0.0,0.0,0,89256.0
0,udp,domain_u,SF,43,131,0,0,0,0,0,0,0,75,0.0,0.0,0.0,0.0,1.0,0.0,0.01,255,254,1.0,0.01,0.0,0.0,0.0,0.0,0.0,0,117899.0
0,tcp,http,SF,218,35811,0,0,1,0,0,0,0,5,0.0,0.0,0.0,0.0,1.0,0.0,0.0,255,255,1.0,0.0,0.0,0.0,0.0,0.0,0.0,0,29989.0
0,tcp,private,S0,0,0,0,0,0,0,0,0,0,233,1.0,1.0,0.0,0.0,0.03,0.06,0.0,255,9,0.04,0.05,0.0,0.0,1.0,1.0,0.0,1,847.0
36280,tcp,private,RSTR,1,0,0,0,0,0,0,0,0,2,0.0,0.0,1.0,1.0,1.0,0.0,0.0,255,2,0.01,0.5,1.0,0.0,0.0,0.0,1.0,1,4620.0
0,tcp,http,SF,210,3870,0,0,1,0,0,0,0,8,0.0,0.0,0.0,0.0,1.0,0.0,0.0,255,255,1.0,0.0,0.0,0.0,0.0,0.0,0.0,0,93581.0
0,tcp,http,SF,283,2531,0,0,1,0,0,0,0,4,0.25,0.25,0.0,0.0,1.0,0.0,0.0,255,255,1.0,0.0,0.0,0.0,0.01,0.01,0.0,0,120829.0
0,tcp,http,SF,297,498,0,0,1,0,0,0,0,12,0.0,0.0,0.0,0.0,1.0,0.0,0.13,255,255,1.0,0.0,0.0,0.0,0.0,0.0,0.0,0,18502.0
4550,udp,other,SF,146,105,0,0,0,0,0,0,0,2,0.0,0.0,0.0,0.0,1.0,0.0,0.0,255,2,0.01,0.85,1.0,0.0,0.0,0.0,0.0,0,66383.0
0,tcp,private,S0,0,0,0,0,0,0,0,0,0,44,1.0,1.0,0.0,0.0,0.05,0.14,0.0,255,14,0.05,0.07,0.0,0.0,1.0,1.0,0.0,1,28488.0
0,icmp,eco_i,SF,8,0,0,0,0,0,0,0,0,1,0.0,0.0,0.0,0.0,1.0,0.0,1.0,2,148,1.0,0.0,1.0,0.5,0.0,0.0,0.0,1,67976.0
0,tcp,http,SF,209,320,0,0,1,0,0,0,0,1,0.0,0.0,0.0,0.0,1.0,0.0,0.0,255,255,1.0,0.0,0.0,0.0,0.0,0.0,0.0,0,72774.0
0,tcp,http,SF,232,458,0,0,1,0,0,0,0,2,0.0,0.0,0.0,0.0,1.0,0.0,0.38,5,255,1.0,0.0,0.2,0.1,0.0,0.0,0.0,0,2732.0
0,tcp,http,SF,143,585,0,0,1,0,0,0,0,1,0.0,0.0,0.0,0.0,1.0,0.0,0.0,53,255,1.0,0.0,0.02,0.02,0.0,0.0,0.0,0,50557.0
0,tcp,private,SH,0,0,0,0,0,0,0,0,0,1,1.0,1.0,0.0,0.0,1.0,0.0,0.0,118,1,0.01,0.92,0.93,0.0,0.93,1.0,0.0,1,61856.0
0,tcp,nnsp,S0,0,0,0,0,0,0,0,0,0,250,1.0,1.0,0.0,0.0,0.1,0.06,0.0,255,24,0.09,0.06,0.0,0.0,1.0,1.0,0.0,1,28473.0
0,udp,private,SF,28,0,3,0,0,0,0,0,0,39,0.0,0.0,0.0,0.0,1.0,0.0,0.0,255,6,0.02,0.01,0.02,0.0,0.0,0.0,0.0,1,27895.0
0,tcp,gopher,S0,0,0,0,0,0,0,0,0,0,233,1.0,1.0,0.0,0.0,0.04,0.07,0.0,255,9,0.04,0.07,0.0,0.0,1.0,1.0,0.0,1,3506.0
0,tcp,supdup,S0,0,0,0,0,0,0,0,0,0,194,1.0,1.0,0.0,0.0,0.08,0.07,0.0,255,15,0.06,0.07,0.0,0.0,1.0,1.0,0.0,1,122914.0
0,tcp,telnet,S0,0,0,0,0,0,0,0,0,0,142,1.0,1.0,0.0,0.0,0.02,0.06,0.0,255,4,0.02,0.07,0.0,0.0,1.0,1.0,0.0,1,71767.0
0,tcp,private,S0,0,0,0,0,0,0,0,0,0,218,1.0,1.0,0.0,0.0,0.08,0.06,0.0,255,9,0.04,0.08,0.0,0.0,1.0,1.0,0.0,1,22088.0
0,tcp,http,SF,338,256,0,0,1,0,0,0,0,5,0.0,0.0,0.0,0.0,1.0,0.0,0.17,150,255,1.0,0.0,0.01,0.02,0.0,0.0,0.0,0,15678.0
0,tcp,http,SF,352,762,0,0,1,0,0,0,0,6,0.0,0.0,0.0,0.0,1.0,0.0,0.0,35,255,1.0,0.0,0.03,0.04,0.0,0.0,0.0,0,25440.0
0,tcp,http,SF,189,45284,0,0,1,0,0,0,0,4,0.25,0.25,0.0,0.0,1.0,0.0,0.0,4,255,1.0,0.0,0.25,0.03,0.25,0.01,0.0,0,76462.0
0,tcp,ldap,S0,0,0,0,0,0,0,0,0,0,51,1.0,1.0,0.0,0.0,0.27,0.1,0.0,255,14,0.05,0.08,0.0,0.0,1.0,1.0,0.0,1,112542.0
0,tcp,http,SF,244,515,0,0,1,0,0,0,0,17,0.0,0.0,0.0,0.0,1.0,0.0,0.08,255,255,1.0,0.0,0.01,0.0,0.0,0.0,0.0,0,110055.0
0,icmp,ecr_i,SF,1032,0,0,0,0,0,0,0,0,511,0.0,0.0,0.0,0.0,1.0,0.0,0.0,255,38,0.15,0.07,0.15,0.0,0.07,0.0,0.0,1,5117.0
0,udp,private,SF,207,0,0,0,0,0,0,0,0,2,0.0,0.0,0.0,0.0,1.0,0.0,0.0,96,80,0.83,0.02,0.83,0.0,0.0,0.0,0.0,1,116926.0
2,tcp,http,REJ,0,0,0,0,0,0,0,0,0,1,0.0,0.0,1.0,1.0,1.0,0.0,0.0,183,158,0.86,0.02,0.01,0.0,0.0,0.0,1.0,0,60495.0
0,tcp,http,SF,208,1371,0,0,1,0,0,0,0,61,0.0,0.0,0.0,0.0,1.0,0.0,0.06,255,255,1.0,0.0,0.0,0.0,0.0,0.0,0.0,0,98742.0
0,tcp,iso_tsap,REJ,0,0,0,0,0,0,0,0,0,249,0.0,0.0,1.0,1.0,0.06,0.06,0.0,255,15,0.06,0.07,0.0,0.0,0.0,0.0,1.0,1,117334.0
0,tcp,netbios_ssn,REJ,0,0,0,0,0,0,0,0,0,156,0.0,0.0,1.0,1.0,0.1,0.06,0.0,255,15,0.06,0.07,0.0,0.0,0.0,0.0,1.0,1,50870.0
0,tcp,private,S0,0,0,0,0,0,0,0,0,0,149,1.0,1.0,0.0,0.0,0.13,0.06,0.0,255,19,0.07,0.08,0.0,0.0,1.0,1.0,0.0,1,75914.0
0,tcp,ftp_data,SF,383,0,0,0,1,0,0,0,0,1,0.0,0.0,0.0,0.0,1.0,0.0,0.0,29,50,0.31,0.14,0.31,0.04,0.0,0.0,0.0,0,58972.0
0,tcp,http,SF,220,1205,0,0,1,0,0,0,0,15,0.0,0.0,0.0,0.0,1.0,0.0,0.1,32,255,1.0,0.0,0.03,0.05,0.0,0.0,0.0,0,4344.0
0,tcp,daytime,S0,0,0,0,0,0,0,0,0,0,291,1.0,1.0,0.0,0.0,0.03,0.05,0.0,255,10,0.04,0.08,0.0,0.0,1.0,1.0,0.0,1,84103.0
0,tcp,http,SF,54540,8314,0,2,1,1,0,0,0,3,0.0,0.0,0.0,0.0,1.0,0.0,0.0,78,78,1.0,0.0,0.01,0.0,0.0,0.0,0.04,1,68913.0
0,udp,domain_u,SF,43,117,0,0,0,0,0,0,0,192,0.0,0.0,0.0,0.0,1.0,0.0,0.0,255,255,1.0,0.0,0.0,0.0,0.0,0.0,0.0,0,101284.0
0,tcp,http,SF,225,1384,0,0,1,0,0,0,0,2,0.0,0.0,0.0,0.0,1.0,0.0,0.4,47,231,1.0,0.0,0.02,0.04,0.0,0.0,0.0,0,83156.0
0,tcp,http,SF,284,335,0,0,1,0,0,0,0,5,0.0,0.0,0.0,0.0,1.0,0.0,0.0,213,255,1.0,0.0,0.0,0.01,0.0,0.0,0.0,0,113169.0
0,tcp,smtp,SF,1046,324,0,0,1,0,0,0,0,1,0.0,0.0,0.0,0.0,1.0,0.0,0.0,244,121,0.48,0.02,0.0,0.02,0.0,0.0,0.0,0,73963.0
0,tcp,supdup,S0,0,0,0,0,0,0,0,0,0,265,1.0,1.0,0.0,0.0,0.03,0.05,0.0,255,8,0.03,0.05,0.0,0.0,1.0,1.0,0.0,1,6101.0
0,tcp,remote_job,REJ,0,0,0,0,0,0,0,0,0,2,0.0,0.0,1.0,1.0,0.5,1.0,0.0,255,1,0.0,1.0,1.0,0.0,0.0,0.0,1.0,1,59354.0
0,tcp,netstat,S0,0,0,0,0,0,0,0,0,0,125,1.0,1.0,0.0,0.0,0.03,0.06,0.0,255,4,0.02,0.05,0.0,0.0,1.0,1.0,0.0,1,34591.0
0,tcp,smtp,SF,763,326,0,0,1,0,0,0,0,1,0.0,0.0,0.0,0.0,1.0,0.0,1.0,1,189,1.0,0.0,1.0,0.01,0.0,0.0,0.0,0,67817.0
0,udp,domain_u,SF,44,44,0,0,0,0,0,0,0,194,0.0,0.0,0.0,0.0,1.0,0.0,0.01,255,234,0.92,0.01,0.0,0.0,0.0,0.0,0.0,0,78341.0
0,tcp,private,S0,0,0,0,0,0,0,0,0,0,278,1.0,1.0,0.0,0.0,0.05,0.05,0.0,236,15,0.06,0.06,0.0,0.0,0.99,1.0,0.0,1,85211.0
0,tcp,http,SF,199,580,0,0,1,0,0,0,0,10,0.0,0.0,0.0,0.0,1.0,0.0,0.0,34,255,1.0,0.0,0.03,0.01,0.0,0.0,0.0,0,82381.0
0,tcp,http,SF,239,2507,0,0,1,0,0,0,0,5,0.0,0.0,0.0,0.0,1.0,0.0,0.0,255,225,0.88,0.01,0.0,0.0,0.0,0.0,0.0,0,104392.0
1,tcp,private,RSTOS0,0,0,0,0,0,0,0,0,0,147,0.71,0.5,0.29,0.5,0.01,0.37,0.0,255,2,0.01,0.22,0.58,0.0,0.41,0.5,0.5,1,14915.0
0,tcp,private,SH,0,0,0,0,0,0,0,0,0,1,1.0,1.0,0.0,0.0,1.0,0.0,0.0,165,1,0.01,0.94,0.95,0.0,0.95,1.0,0.0,1,110176.0
0,tcp,netbios_ns,REJ,0,0,0,0,0,0,0,0,0,145,0.0,0.0,1.0,1.0,0.11,0.06,0.0,255,8,0.03,0.07,0.0,0.0,0.0,0.0,1.0,1,7823.0
0,tcp,http,SF,285,3999,0,0,1,0,0,0,0,3,0.0,0.0,0.0,0.0,1.0,0.0,0.0,3,255,1.0,0.0,0.33,0.02,0.0,0.0,0.0,0,24862.0
0,udp,private,SF,105,145,0,0,0,0,0,0,0,5,0.0,0.0,0.0,0.0,0.2,0.6,0.0,255,220,0.86,0.01,0.01,0.0,0.0,0.0,0.0,0,46373.0
0,tcp,http_443,S0,0,0,0,0,0,0,0,0,0,123,1.0,1.0,0.0,0.0,0.17,0.06,0.0,255,21,0.08,0.05,0.0,0.0,1.0,1.0,0.0,1,86097.0
0,udp,domain_u,SF,45,45,0,0,0,0,0,0,0,185,0.0,0.0,0.0,0.0,1.0,0.0,0.0,255,229,0.9,0.01,0.0,0.0,0.0,0.0,0.0,0,8751.0
0,tcp,http,SF,206,891,0,0,1,0,0,0,0,9,0.0,0.0,0.0,0.0,1.0,0.0,0.17,255,255,1.0,0.0,0.0,0.0,0.0,0.0,0.0,0,97708.0
0,tcp,ftp_data,S0,0,0,0,0,0,0,0,0,0,28,1.0,1.0,0.0,0.0,0.18,0.14,0.0,255,25,0.1,0.07,0.02,0.0,1.0,1.0,0.0,1,103346.0
0,tcp,http,SF,201,667,0,0,1,0,0,0,0,21,0.0,0.0,0.0,0.0,1.0,0.0,0.0,41,255,1.0,0.0,0.02,0.04,0.0,0.0,0.0,0,79739.0
0,tcp,ftp_data,SF,965,0,0,0,0,0,0,0,0,7,0.0,0.0,0.0,0.0,1.0,0.0,0.0,13,78,1.0,0.0,1.0,0.03,0.0,0.0,0.0,0,17184.0
0,tcp,private,S0,0,0,0,0,0,0,0,0,0,179,1.0,1.0,0.0,0.0,0.03,0.08,0.0,255,5,0.02,0.07,0.0,0.0,1.0,1.0,0.0,1,37904.0
0,tcp,finger,S0,0,0,0,0,0,0,0,0,0,1,1.0,1.0,0.0,0.0,1.0,0.0,0.0,1,6,1.0,0.0,1.0,0.33,1.0,0.17,0.0,1,113810.0
0,tcp,http,SF,228,36950,0,0,1,0,0,0,0,3,0.0,0.14,0.0,0.0,1.0,0.0,0.43,7,255,1.0,0.0,0.14,0.03,0.0,0.01,0.0,0,69661.0
0,udp,domain_u,SF,44,139,0,0,0,0,0,0,0,73,0.0,0.0,0.0,0.0,1.0,0.0,0.01,229,179,0.78,0.01,0.0,0.0,0.0,0.0,0.0,0,6880.0
0,tcp,csnet_ns,S0,0,0,0,0,0,0,0,0,0,238,1.0,1.0,0.0,0.0,0.0,0.07,0.0,255,1,0.0,0.07,0.0,0.0,1.0,1.0,0.0,1,63822.0
0,tcp,private,REJ,0,0,0,0,0,0,0,0,0,1,0.0,0.0,1.0,1.0,1.0,0.0,0.0,22,2,0.05,1.0,0.05,1.0,0.0,0.0,1.0,1,117122.0
0,tcp,ftp_data,SF,16787,0,0,0,0,0,0,0,0,10,0.0,0.0,0.0,0.0,1.0,0.0,0.0,237,55,0.19,0.02,0.19,0.04,0.0,0.0,0.0,0,44557.0
0,icmp,ecr_i,SF,1032,0,0,0,0,0,0,0,0,511,0.0,0.0,0.0,0.0,1.0,0.0,0.0,255,128,0.5,0.02,0.5,0.0,0.02,0.0,0.0,1,52852.0
0,tcp,private,S0,0,0,0,0,0,0,0,0,0,185,1.0,1.0,0.0,0.0,0.11,0.05,0.0,255,10,0.04,0.08,0.0,0.0,1.0,1.0,0.0,1,1592.0
0,tcp,private,S0,0,0,0,0,0,0,0,0,0,187,1.0,1.0,0.0,0.0,0.12,0.05,0.0,255,22,0.09,0.06,0.0,0.0,1.0,1.0,0.0,1,26918.0
0,tcp,telnet,S0,0,0,0,0,0,0,0,0,0,124,1.0,1.0,0.0,0.0,0.1,0.06,0.0,255,9,0.04,0.07,0.0,0.0,1.0,1.0,0.0,1,7457.0
0,tcp,http,SF,197,266,0,0,1,0,0,0,0,2,0.0,0.0,0.0,0.0,1.0,0.0,0.25,255,255,1.0,0.0,0.0,0.0,0.0,0.0,0.0,0,38610.0
0,icmp,eco_i,SF,8,0,0,0,0,0,0,0,0,1,0.0,0.0,0.0,0.0,1.0,0.0,1.0,1,91,1.0,0.0,1.0,0.51,0.0,0.0,0.0,1,2972.0
0,tcp,http,SF,334,10022,0,0,1,0,0,0,0,2,0.0,0.0,0.0,0.0,1.0,0.0,0.0,152,255,1.0,0.0,0.01,0.03,0.0,0.0,0.0,0,80707.0
0,tcp,uucp,RSTR,0,0,0,0,0,0,0,0,0,1,0.0,0.0,1.0,1.0,1.0,0.0,0.0,255,1,0.0,0.68,1.0,0.0,0.0,0.0,1.0,1,45713.0
0,tcp,http,SF,221,313,0,0,1,0,0,0,0,4,0.0,0.09,0.0,0.09,1.0,0.0,0.36,234,255,1.0,0.0,0.0,0.02,0.0,0.0,0.0,0,111649.0
0,tcp,vmnet,S0,0,0,0,0,0,0,0,0,0,205,1.0,1.0,0.0,0.0,0.0,0.07,0.0,255,1,0.0,0.07,0.0,0.0,1.0,1.0,0.0,1,125116.0
0,icmp,urp_i,SF,129,0,0,0,0,0,0,0,0,6,0.0,0.0,0.0,0.0,0.17,0.33,0.0,187,24,0.12,0.02,0.12,0.08,0.0,0.0,0.0,0,118486.0
0,tcp,http,REJ,0,0,0,0,0,0,0,0,0,1,0.0,0.0,1.0,1.0,1.0,0.0,0.0,19,254,1.0,0.0,0.05,0.17,0.0,0.0,0.98,0,87564.0
0,udp,domain_u,SF,131,42,0,0,0,0,0,0,0,299,0.0,0.0,0.0,0.0,1.0,0.01,0.0,188,155,0.82,0.01,0.43,0.0,0.0,0.0,0.0,0,78579.0
0,tcp,mtp,S0,0,0,0,0,0,0,0,0,0,294,1.0,1.0,0.0,0.0,0.09,0.05,0.0,255,25,0.1,0.05,0.0,0.0,1.0,1.0,0.0,1,104420.0
0,tcp,private,S0,0,0,0,0,0,0,0,0,0,144,1.0,1.0,0.0,0.0,0.12,0.06,0.0,255,18,0.07,0.07,0.01,0.0,1.0,1.0,0.0,1,101789.0
0,tcp,http,SF,245,188,0,0,1,0,0,0,0,1,0.0,0.0,0.0,0.0,1.0,0.0,0.25,28,255,1.0,0.0,0.04,0.03,0.0,0.0,0.0,0,57235.0
0,tcp,http,SF,209,526,0,0,1,0,0,0,0,9,0.0,0.0,0.0,0.0,1.0,0.0,0.0,255,255,1.0,0.0,0.0,0.0,0.0,0.0,0.0,0,17228.0
0,udp,domain_u,SF,45,109,0,0,0,0,0,0,0,133,0.0,0.0,0.0,0.0,1.0,0.0,0.0,255,255,1.0,0.0,0.0,0.0,0.0,0.0,0.0,0,122345.0
0,tcp,ftp_data,S0,0,0,0,0,0,0,0,0,0,76,1.0,1.0,0.0,0.0,0.26,0.05,0.0,156,58,0.26,0.03,0.02,0.03,1.0,0.69,0.0,1,68768.0
0,tcp,private,S0,0,0,0,0,0,0,0,0,0,120,1.0,1.0,0.0,0.0,0.17,0.08,0.0,255,20,0.08,0.07,0.0,0.0,1.0,1.0,0.0,1,113789.0
0,icmp,ecr_i,SF,1032,0,0,0,0,0,0,0,0,511,0.0,0.0,0.0,0.0,1.0,0.0,0.0,255,57,0.22,0.02,0.22,0.0,0.02,0.0,0.0,1,9545.0
0,tcp,http,SF,316,1260,0,0,1,0,0,0,0,3,0.0,0.0,0.0,0.0,1.0,0.0,0.56,255,255,1.0,0.0,0.0,0.0,0.0,0.0,0.0,0,523.0
0,tcp,finger,S0,0,0,0,0,0,0,0,0,0,78,1.0,1.0,0.0,0.0,0.26,0.05,0.0,255,62,0.24,0.02,0.02,0.0,1.0,1.0,0.0,1,39368.0
11,tcp,smtp,SF,738,325,0,0,1,0,0,0,0,2,0.0,0.0,0.0,0.0,1.0,0.0,0.67,140,102,0.73,0.03,0.01,0.0,0.0,0.0,0.0,0,28670.0
0,tcp,imap4,REJ,0,0,0,0,0,0,0,0,0,279,0.0,0.0,1.0,1.0,0.04,0.06,0.0,255,11,0.04,0.08,0.0,0.0,0.0,0.0,1.0,1,84708.0
0,tcp,private,REJ,0,0,0,0,0,0,0,0,0,120,0.0,0.0,1.0,1.0,0.03,0.06,0.0,255,3,0.01,0.05,0.0,0.0,0.0,0.0,1.0,1,24002.0
0,icmp,eco_i,SF,18,0,0,0,0,0,0,0,0,1,0.0,0.0,0.0,0.0,1.0,0.0,0.0,3,191,1.0,0.0,1.0,0.25,0.0,0.0,0.0,1,92411.0
0,tcp,http,SF,209,352,0,0,1,0,0,0,0,2,0.0,0.0,0.0,0.0,1.0,0.0,0.6,35,255,1.0,0.0,0.03,0.06,0.0,0.0,0.0,0,125418.0
0,tcp,http,SF,322,1694,0,0,1,0,0,0,0,4,0.0,0.0,0.0,0.0,1.0,0.0,0.15,220,255,1.0,0.0,0.0,0.01,0.0,0.0,0.0,0,103506.0
0,tcp,http,SF,235,446,0,0,1,0,0,0,0,21,0.0,0.0,0.0,0.0,1.0,0.0,0.0,91,255,1.0,0.0,0.01,0.03,0.0,0.01,0.0,0,6850.0
0,tcp,private,S0,0,0,0,0,0,0,0,0,0,180,1.0,1.0,0.0,0.0,0.11,0.06,0.0,255,20,0.08,0.05,0.0,0.0,1.0,1.0,0.0,1,105439.0
0,tcp,http,SF,317,2332,0,0,1,0,0,0,0,14,0.0,0.0,0.0,0.0,1.0,0.0,0.12,14,255,1.0,0.0,0.07,0.05,0.0,0.01,0.0,0,117468.0
0,icmp,ecr_i,SF,520,0,0,0,0,0,0,0,0,443,0.0,0.0,0.0,0.0,1.0,0.0,0.0,167,167,1.0,0.0,1.0,0.0,0.0,0.0,0.0,1,39795.0
0,tcp,http,SF,311,488,0,0,1,0,0,0,0,11,0.0,0.0,0.0,0.0,1.0,0.0,0.0,104,255,1.0,0.0,0.01,0.04,0.01,0.0,0.0,0,544.0
0,tcp,private,REJ,0,0,0,0,0,0,0,0,0,129,0.0,0.0,1.0,1.0,0.07,0.06,0.0,255,9,0.04,0.07,0.0,0.0,0.0,0.0,1.0,1,15322.0
0,icmp,eco_i,SF,8,0,0,0,0,0,0,0,0,1,0.0,0.0,0.0,0.0,1.0,0.0,1.0,2,87,1.0,0.0,1.0,0.51,0.0,0.0,0.0,1,101134.0
0,tcp,http,SF,225,1240,0,0,1,0,0,0,0,13,0.0,0.0,0.0,0.0,1.0,0.0,0.0,255,255,1.0,0.0,0.0,0.0,0.0,0.0,0.0,0,59589.0
0,tcp,imap4,S0,0,0,0,0,0,0,0,0,0,280,1.0,1.0,0.0,0.0,0.05,0.06,0.0,255,18,0.07,0.07,0.0,0.0,1.0,1.0,0.0,1,66023.0
0,tcp,http,SF,209,1263,0,0,1,0,0,0,0,4,0.0,0.0,0.0,0.0,1.0,0.0,0.0,255,255,1.0,0.0,0.0,0.0,0.0,0.0,0.0,0,25543.0
0,tcp,http,SF,242,2749,0,0,1,0,0,0,0,7,0.0,0.0,0.0,0.0,1.0,0.0,0.25,255,255,1.0,0.0,0.0,0.0,0.0,0.0,0.0,0,77713.0
0,icmp,ecr_i,SF,1032,0,0,0,0,0,0,0,0,77,0.0,0.0,0.0,0.0,1.0,0.0,0.0,255,77,0.3,0.02,0.3,0.0,0.0,0.0,0.0,1,2893.0
0,tcp,http,SF,210,284,0,0,1,0,0,0,0,5,0.0,0.0,0.0,0.0,1.0,0.0,0.43,32,255,1.0,0.0,0.03,0.04,0.0,0.01,0.01,0,1578.0
0,tcp,http,SF,200,955,0,0,1,0,0,0,0,14,0.0,0.0,0.0,0.0,1.0,0.0,0.0,170,255,1.0,0.0,0.01,0.04,0.0,0.0,0.0,0,6092.0
0,tcp,vmnet,S0,0,0,0,0,0,0,0,0,0,231,1.0,1.0,0.0,0.0,0.03,0.06,0.0,255,6,0.02,0.07,0.0,0.0,1.0,1.0,0.0,1,78273.0
0,icmp,eco_i,SF,8,0,0,0,0,0,0,0,0,1,0.0,0.0,0.0,0.0,1.0,0.0,1.0,2,2,1.0,0.0,1.0,0.0,0.0,0.0,0.0,1,119120.0
0,tcp,iso_tsap,S0,0,0,0,0,0,0,0,0,0,230,1.0,1.0,0.0,0.0,0.0,0.06,0.0,255,2,0.01,0.07,0.0,0.0,1.0,1.0,0.0,1,24604.0
0,tcp,efs,S0,0,0,0,0,0,0,0,0,0,94,1.0,1.0,0.0,0.0,0.04,0.06,0.0,255,4,0.02,0.06,0.0,0.0,1.0,1.0,0.0,1,96311.0
0,tcp,smtp,SF,2126,334,0,0,1,0,0,0,0,1,0.0,0.0,0.0,0.0,1.0,0.0,0.0,197,245,0.97,0.01,0.01,0.01,0.0,0.0,0.0,0,48827.0
0,udp,domain_u,SF,46,80,0,0,0,0,0,0,0,144,0.0,0.0,0.0,0.0,0.99,0.01,0.0,255,254,1.0,0.01,0.01,0.0,0.0,0.0,0.0,0,36500.0
0,tcp,netbios_dgm,S0,0,0,0,0,0,0,0,0,0,103,1.0,1.0,0.0,0.0,0.03,0.07,0.0,255,3,0.01,0.07,0.0,0.0,1.0,1.0,0.0,1,52349.0
0,tcp,klogin,S0,0,0,0,0,0,0,0,0,0,8,1.0,1.0,0.0,0.0,1.0,0.0,0.0,255,8,0.03,0.07,0.0,0.0,1.0,1.0,0.0,1,6074.0
0,tcp,http,SF,308,294,0,0,1,0,0,0,0,14,0.0,0.0,0.0,0.0,1.0,0.0,0.24,255,255,1.0,0.0,0.0,0.0,0.0,0.0,0.0,0,12050.0
0,tcp,ftp_data,S0,0,0,0,0,0,0,0,0,0,139,1.0,1.0,0.0,0.0,0.02,0.06,0.0,255,3,0.01,0.06,0.0,0.0,1.0,1.0,0.0,1,12450.0
0,tcp,http,SF,288,293,0,0,1,0,0,0,0,7,0.0,0.0,0.14,0.03,1.0,0.0,0.16,161,255,1.0,0.0,0.01,0.02,0.0,0.0,0.0,0,9459.0
0,tcp,uucp,S0,0,0,0,0,0,0,0,0,0,125,1.0,1.0,0.0,0.0,0.02,0.06,0.0,255,2,0.01,0.07,0.0,0.0,1.0,1.0,0.0,1,79713.0
0,tcp,systat,S0,0,0,0,0,0,0,0,0,0,207,1.0,1.0,0.0,0.0,0.11,0.06,0.0,255,22,0.09,0.07,0.0,0.0,1.0,1.0,0.0,1,116609.0
0,udp,other,SF,147,0,0,0,0,0,0,0,0,3,0.0,0.0,0.0,0.0,0.33,0.67,0.0,255,1,0.0,0.45,0.85,0.0,0.0,0.0,0.0,0,116558.0
0,tcp,http,SF,315,1425,0,0,1,0,0,0,0,3,0.33,0.33,0.0,0.0,1.0,0.0,0.0,166,255,1.0,0.0,0.01,0.02,0.01,0.0,0.0,0,54338.0
0,tcp,private,S0,0,0,0,0,0,0,0,0,0,242,1.0,1.0,0.0,0.0,0.07,0.06,0.0,255,15,0.06,0.06,0.0,0.0,1.0,1.0,0.0,1,83030.0
0,tcp,pop_3,S0,0,0,0,0,0,0,0,0,0,254,1.0,1.0,0.0,0.0,0.01,0.07,0.0,255,2,0.01,0.07,0.0,0.0,1.0,1.0,0.0,1,51860.0
0,udp,domain_u,SF,132,44,0,0,0,0,0,0,0,276,0.0,0.0,0.0,0.0,1.0,0.01,0.0,165,132,0.8,0.01,0.35,0.0,0.0,0.0,0.0,0,65390.0
0,tcp,private,S0,0,0,0,0,0,0,0,0,0,234,1.0,1.0,0.0,0.0,0.01,0.07,0.0,255,3,0.01,0.07,0.0,0.0,1.0,1.0,0.0,1,15703.0
0,icmp,ecr_i,SF,520,0,0,0,0,0,0,0,0,486,0.0,0.0,0.0,0.0,1.0,0.0,0.0,98,98,1.0,0.0,1.0,0.0,0.0,0.0,0.0,1,117290.0
0,tcp,daytime,S0,0,0,0,0,0,0,0,0,0,107,1.0,1.0,0.0,0.0,0.17,0.06,0.0,255,7,0.03,0.07,0.0,0.0,1.0,1.0,0.0,1,85490.0
30855,tcp,private,RSTR,1,0,0,0,0,0,0,0,0,2,0.0,0.0,1.0,1.0,1.0,0.0,0.0,255,2,0.01,0.75,1.0,0.0,0.0,0.0,1.0,1,53624.0
5,tcp,smtp,SF,1987,327,0,0,1,0,0,0,0,1,0.0,0.0,0.0,0.0,1.0,0.0,0.0,66,166,0.82,0.06,0.02,0.01,0.0,0.0,0.0,0,105190.0
7,tcp,http,RSTR,20440,1460,0,1,1,0,0,0,0,3,0.0,0.0,0.33,0.33,1.0,0.0,0.0,26,26,1.0,0.0,0.04,0.0,0.0,0.0,0.35,1,27851.0
0,tcp,private,S0,0,0,0,0,0,0,0,0,0,142,1.0,1.0,0.0,0.0,0.08,0.06,0.0,255,14,0.05,0.08,0.0,0.0,1.0,1.0,0.0,1,10505.0
0,tcp,http,SF,204,285,0,0,1,0,0,0,0,7,0.0,0.0,0.0,0.0,1.0,0.0,0.0,255,255,1.0,0.0,0.0,0.0,0.0,0.0,0.0,0,82383.0
0,tcp,whois,S0,0,0,0,0,0,0,0,0,0,300,1.0,1.0,0.0,0.0,0.05,0.06,0.0,255,16,0.06,0.08,0.0,0.0,1.0,1.0,0.0,1,84138.0
0,tcp,http,SF,340,689,0,0,1,0,0,0,0,1,0.0,0.0,0.0,0.0,1.0,0.0,0.0,1,223,1.0,0.0,1.0,0.18,0.0,0.0,1.0,0,35548.0
0,udp,domain_u,SF,44,75,0,0,0,0,0,0,0,109,0.0,0.0,0.0,0.0,1.0,0.0,0.0,255,254,1.0,0.01,0.0,0.0,0.0,0.0,0.0,0,43937.0
0,icmp,eco_i,SF,8,0,0,0,0,0,0,0,0,1,0.0,0.0,0.0,0.0,1.0,0.0,1.0,1,127,1.0,0.0,1.0,0.5,0.0,0.0,0.0,1,60656.0
65,tcp,other,SF,88382,0,0,0,1,0,0,1,0,1,0.0,0.0,0.0,0.0,1.0,0.0,0.0,66,1,0.02,0.33,0.5,0.0,0.0,0.0,0.0,0,95180.0
0,tcp,http,SF,219,1211,0,0,1,0,0,0,0,2,0.0,0.0,0.0,0.0,1.0,0.0,0.25,255,255,1.0,0.0,0.0,0.0,0.0,0.0,0.0,0,36389.0
0,tcp,other,REJ,0,0,0,0,0,0,0,0,0,511,0.01,0.0,0.99,1.0,0.0,1.0,0.0,255,1,0.0,1.0,0.0,0.0,0.0,0.0,1.0,1,116766.0
0,tcp,telnet,RSTO,0,0,0,0,0,0,0,0,0,101,0.0,0.0,1.0,1.0,0.06,0.06,0.0,255,2,0.01,0.07,0.0,0.0,0.0,0.0,1.0,1,72257.0
0,tcp,http,SF,361,250,0,0,1,0,0,0,0,9,0.0,0.0,0.0,0.0,1.0,0.0,0.0,32,255,1.0,0.0,0.03,0.03,0.0,0.0,0.0,0,19569.0
0,tcp,ftp_data,SF,5171,0,0,0,1,0,0,0,0,1,0.0,0.0,0.0,0.0,1.0,0.0,0.0,129,43,0.15,0.05,0.15,0.05,0.01,0.0,0.0,0,27609.0
0,udp,other,SF,516,4,0,0,0,0,0,0,0,227,0.0,0.0,0.0,0.0,1.0,0.0,0.0,227,227,1.0,0.0,1.0,0.0,0.0,0.0,0.0,0,16271.0
0,icmp,ecr_i,SF,1032,0,0,0,0,0,0,0,0,511,0.0,0.0,0.0,0.0,1.0,0.0,0.0,255,100,0.39,0.02,0.39,0.0,0.03,0.0,0.0,1,120867.0
0,tcp,http,SF,265,400,0,2,1,0,0,0,0,1,0.0,0.0,0.0,0.0,1.0,0.0,0.5,3,3,1.0,0.0,0.33,0.0,0.0,0.0,0.0,0,78747.0
0,udp,domain_u,SF,43,126,0,0,0,0,0,0,0,136,0.0,0.0,0.0,0.0,0.99,0.01,0.01,255,254,1.0,0.01,0.0,0.0,0.0,0.0,0.0,0,28530.0
0,tcp,private,S0,0,0,0,0,0,0,0,0,0,208,1.0,1.0,0.0,0.0,0.08,0.06,0.0,255,20,0.08,0.07,0.0,0.0,1.0,1.0,0.0,1,85112.0
0,tcp,smtp,S0,0,0,0,0,0,0,0,0,0,199,1.0,1.0,0.0,0.0,0.01,0.07,0.0,255,9,0.04,0.07,0.0,0.0,1.0,1.0,0.0,1,18707.0
0,tcp,private,REJ,0,0,0,0,0,0,0,0,0,323,0.07,0.0,0.89,1.0,0.0,1.0,0.0,255,1,0.0,1.0,0.0,0.0,0.08,0.0,1.0,1,71083.0
0,tcp,ssh,S0,0,0,0,0,0,0,0,0,0,235,1.0,1.0,0.0,0.0,0.07,0.07,0.0,255,16,0.06,0.08,0.0,0.0,1.0,1.0,0.0,1,21145.0
0,tcp,telnet,RSTO,0,0,0,0,0,0,0,0,0,108,0.0,0.0,1.0,1.0,0.02,0.07,0.0,255,2,0.01,0.07,0.0,0.0,0.0,0.0,1.0,1,65169.0
0,tcp,http,SF,332,7509,0,0,1,0,0,0,0,5,0.0,0.0,0.0,0.0,1.0,0.0,0.0,83,255,1.0,0.0,0.01,0.05,0.0,0.0,0.0,0,43713.0
0,icmp,urh_i,SF,36,0,0,0,0,0,0,0,0,1,0.0,0.0,0.0,0.0,1.0,0.0,0.0,67,4,0.06,0.07,0.06,0.0,0.0,0.0,0.0,0,17804.0
0,tcp,private,S0,0,0,0,0,0,0,0,0,0,131,1.0,1.0,0.0,0.0,0.11,0.06,0.0,255,13,0.05,0.06,0.0,0.0,1.0,1.0,0.0,1,31838.0
0,tcp,http,SF,162,19994,0,0,1,0,0,0,0,1,0.0,0.0,0.0,0.0,1.0,0.0,0.33,14,255,1.0,0.0,0.07,0.04,0.07,0.0,0.0,0,1630.0
0,tcp,supdup,S0,0,0,0,0,0,0,0,0,0,112,1.0,1.0,0.0,0.0,0.02,0.05,0.0,255,2,0.01,0.05,0.0,0.0,1.0,1.0,0.0,1,108893.0
0,tcp,iso_tsap,S0,0,0,0,0,0,0,0,0,0,271,1.0,1.0,0.0,0.0,0.06,0.07,0.0,255,17,0.07,0.07,0.0,0.0,1.0,1.0,0.0,1,96476.0
0,tcp,http,SF,240,1469,0,0,1,0,0,0,0,6,0.0,0.0,0.0,0.0,1.0,0.0,0.29,153,255,1.0,0.0,0.01,0.02,0.01,0.01,0.0,0,59161.0
0,udp,domain_u,SF,42,108,0,0,0,0,0,0,0,2,0.0,0.0,0.0,0.0,1.0,0.0,0.0,11,234,0.73,0.18,0.73,0.01,0.0,0.0,0.0,0,106556.0
0,tcp,private,S0,0,0,0,0,0,0,0,0,0,265,1.0,1.0,0.0,0.0,0.06,0.06,0.0,255,6,0.02,0.09,0.0,0.0,1.0,1.0,0.0,1,4886.0
0,tcp,private,S0,0,0,0,0,0,0,0,0,0,255,1.0,1.0,0.0,0.0,0.03,0.05,0.0,255,9,0.04,0.05,0.0,0.0,1.0,1.0,0.0,1,43063.0
0,icmp,eco_i,SF,8,0,0,0,0,0,0,0,0,1,0.0,0.0,0.0,0.0,1.0,0.0,1.0,3,147,1.0,0.0,1.0,0.25,0.0,0.0,0.0,1,30800.0
0,tcp,ftp_data,SF,16115,0,0,0,1,0,0,0,0,12,0.0,0.0,0.0,0.0,1.0,0.0,0.0,18,18,1.0,0.0,1.0,0.0,0.0,0.0,0.0,0,22776.0
0,tcp,ftp,S0,0,0,0,0,0,0,0,0,0,233,1.0,1.0,0.0,0.0,0.05,0.06,0.0,255,11,0.04,0.07,0.0,0.0,1.0,1.0,0.0,1,57283.0
0,udp,domain_u,SF,91,0,0,0,0,0,0,0,0,1,0.0,0.0,0.0,0.0,1.0,0.0,1.0,46,26,0.57,0.04,0.57,0.0,0.0,0.0,0.0,0,92124.0
0,tcp,private,S0,0,0,0,0,0,0,0,0,0,109,1.0,1.0,0.0,0.0,0.06,0.07,0.0,255,2,0.01,0.08,0.0,0.0,1.0,1.0,0.0,1,56690.0
0,tcp,private,S0,0,0,0,0,0,0,0,0,0,118,1.0,1.0,0.0,0.0,0.11,0.07,0.0,255,11,0.04,0.07,0.0,0.0,1.0,1.0,0.0,1,89625.0
0,udp,domain_u,SF,45,111,0,0,0,0,0,0,0,294,0.0,0.0,0.0,0.0,1.0,0.0,0.0,255,253,0.99,0.01,0.0,0.0,0.0,0.0,0.0,0,69689.0
0,tcp,finger,S0,0,0,0,0,0,0,0,0,0,35,0.94,1.0,0.06,0.0,0.37,0.11,0.0,255,13,0.05,0.06,0.0,0.0,1.0,1.0,0.0,1,122930.0
0,tcp,uucp,S0,0,0,0,0,0,0,0,0,0,150,1.0,1.0,0.0,0.0,0.13,0.06,0.0,255,13,0.05,0.07,0.0,0.0,1.0,1.0,0.0,1,31639.0
0,tcp,http,SF,311,799,0,0,1,0,0,0,0,33,0.03,0.03,0.0,0.0,1.0,0.0,0.0,93,255,1.0,0.0,0.01,0.04,0.01,0.0,0.0,0,116378.0
0,tcp,http,SF,156,4369,0,0,1,0,0,0,0,5,0.0,0.0,0.0,0.0,1.0,0.0,0.0,6,221,1.0,0.0,0.17,0.01,0.0,0.0,0.0,0,124632.0
0,tcp,http,SF,207,2874,0,0,1,0,0,0,0,17,0.0,0.0,0.0,0.0,1.0,0.0,0.11,255,255,1.0,0.0,0.0,0.0,0.0,0.0,0.0,0,120885.0
27,tcp,ftp,SF,1498,4152,0,30,1,0,0,0,0,1,0.0,0.0,0.0,0.0,1.0,0.0,0.0,94,20,0.21,0.07,0.01,0.0,0.01,0.0,0.0,0,83712.0
0,icmp,eco_i,SF,8,0,0,0,0,0,0,0,0,1,0.0,0.0,0.0,0.0,1.0,0.0,1.0,2,138,1.0,0.0,1.0,0.25,0.0,0.0,0.0,1,56156.0
0,udp,private,SF,105,146,0,0,0,0,0,0,0,10,0.0,0.0,0.0,0.0,0.1,0.2,0.0,255,236,0.93,0.01,0.0,0.0,0.0,0.0,0.0,0,67025.0
0,tcp,http,REJ,0,0,0,0,0,0,0,0,0,1,0.0,0.0,1.0,1.0,1.0,0.0,1.0,55,255,1.0,0.0,0.02,0.14,0.0,0.0,0.99,0,100775.0
0,tcp,http,SF,227,327,0,0,1,0,0,0,0,25,0.0,0.0,0.0,0.0,1.0,0.0,0.07,255,255,1.0,0.0,0.0,0.0,0.0,0.0,0.0,0,100389.0
0,tcp,time,RSTO,0,0,0,0,0,0,0,0,0,265,0.0,0.0,1.0,1.0,0.08,0.06,0.0,255,20,0.08,0.07,0.0,0.0,0.0,0.0,1.0,1,110545.0
0,tcp,http,SF,246,1610,0,0,1,0,0,0,0,12,0.0,0.0,0.0,0.0,1.0,0.0,0.0,255,255,1.0,0.0,0.0,0.0,0.0,0.0,0.0,0,81737.0
0,tcp,http,SF,219,1919,0,0,1,0,0,0,0,4,0.0,0.0,0.0,0.0,1.0,0.0,0.0,74,255,1.0,0.0,0.01,0.04,0.0,0.0,0.0,0,35669.0
24,tcp,http,S2,197,0,0,0,0,0,0,0,0,5,0.2,0.2,0.2,0.2,1.0,0.0,0.0,40,255,1.0,0.0,0.03,0.05,0.03,0.01,0.53,0,69297.0
22,tcp,ftp,SF,239,769,0,4,1,0,0,0,0,1,0.0,0.0,0.0,0.0,1.0,0.0,0.0,154,42,0.27,0.04,0.01,0.0,0.01,0.0,0.0,0,14315.0
0,tcp,private,S0,0,0,0,0,0,0,0,0,0,111,0.99,1.0,0.0,0.0,0.14,0.06,0.0,255,11,0.04,0.07,0.0,0.0,1.0,1.0,0.0,1,62095.0
4,tcp,smtp,SF,824,328,0,0,1,0,0,0,0,1,0.0,0.0,0.0,0.0,1.0,0.0,0.0,101,129,0.47,0.04,0.01,0.02,0.0,0.0,0.0,0,42113.0
0,tcp,http,SF,300,1197,0,0,1,0,0,0,0,3,0.33,0.1,0.0,0.0,1.0,0.0,0.19,7,255,1.0,0.0,0.14,0.03,0.14,0.0,0.0,0,21672.0
0,tcp,ftp_data,SF,960,0,0,0,1,0,0,0,0,2,0.0,0.0,0.0,0.0,1.0,0.0,0.0,110,83,0.28,0.65,0.27,0.02,0.0,0.0,0.01,0,34210.0
0,tcp,ctf,S0,0,0,0,0,0,0,0,0,0,270,1.0,1.0,0.0,0.0,0.06,0.06,0.0,255,4,0.02,0.08,0.0,0.0,1.0,1.0,0.0,1,10637.0
0,tcp,domain,S0,0,0,0,0,0,0,0,0,0,255,1.0,1.0,0.0,0.0,0.02,0.07,0.0,255,5,0.02,0.07,0.0,0.0,1.0,1.0,0.0,1,95821.0
0,tcp,finger,S0,0,0,0,0,0,0,0,0,0,19,1.0,1.0,0.0,0.0,0.37,0.21,0.0,255,67,0.26,0.02,0.0,0.0,1.0,1.0,0.0,1,119738.0
0,tcp,private,REJ,0,0,0,0,0,0,0,0,0,201,0.0,0.0,1.0,1.0,0.05,0.07,0.0,255,10,0.04,0.08,0.0,0.0,0.0,0.0,1.0,1,101201.0
0,tcp,http,SF,221,2230,0,0,1,0,0,0,0,8,0.0,0.0,0.0,0.0,1.0,0.0,0.17,255,255,1.0,0.0,0.01,0.0,0.0,0.0,0.0,0,95880.0
0,tcp,imap4,S0,0,0,0,0,0,0,0,0,0,276,1.0,1.0,0.0,0.0,0.05,0.06,0.0,255,16,0.06,0.07,0.0,0.0,1.0,1.0,0.0,1,45527.0
0,tcp,pop_2,S0,0,0,0,0,0,0,0,0,0,295,1.0,1.0,0.0,0.0,0.06,0.06,0.0,255,19,0.07,0.07,0.0,0.0,1.0,1.0,0.0,1,100374.0
0,tcp,ftp_data,SF,201,0,0,0,1,0,0,0,0,14,0.0,0.0,0.0,0.0,0.93,0.14,0.0,255,86,0.34,0.02,0.34,0.0,0.0,0.0,0.0,0,55132.0
0,tcp,ftp_data,SF,245,0,0,0,1,0,0,1,0,2,0.0,0.0,0.0,0.0,1.0,0.0,0.0,255,2,0.01,0.69,0.01,0.0,0.0,0.0,0.0,0,57630.0
53,tcp,telnet,SF,590,1050583,0,0,1,0,0,0,0,1,0.0,0.0,0.0,0.0,1.0,0.0,0.0,175,30,0.17,0.03,0.01,0.0,0.0,0.0,0.0,0,70198.0
0,icmp,eco_i,SF,8,0,0,0,0,0,0,0,0,1,0.0,0.0,0.0,0.0,1.0,0.0,1.0,1,69,1.0,0.0,1.0,0.51,0.0,0.0,0.0,1,82817.0
4,tcp,smtp,SF,2241,339,0,0,1,0,0,0,0,1,0.0,0.0,0.0,0.0,1.0,0.0,0.0,185,127,0.69,0.03,0.01,0.0,0.0,0.0,0.0,0,39254.0
0,tcp,http_443,S0,0,0,0,0,0,0,0,0,0,141,1.0,1.0,0.0,0.0,0.06,0.06,0.0,255,8,0.03,0.06,0.0,0.0,1.0,1.0,0.0,1,108790.0
0,tcp,http,SF,250,523,0,0,1,0,0,0,0,17,0.0,0.0,0.0,0.0,1.0,0.0,0.0,126,255,1.0,0.0,0.01,0.02,0.0,0.0,0.0,0,110590.0
0,tcp,ftp_data,SF,276,0,0,0,1,0,0,0,0,3,0.0,0.0,0.0,0.0,1.0,0.0,0.5,11,11,0.82,0.18,0.82,0.18,0.0,0.0,0.0,0,80680.0
0,tcp,private,S0,0,0,0,0,0,0,0,0,0,240,1.0,1.0,0.0,0.0,0.01,0.05,0.0,255,3,0.01,0.06,0.0,0.0,1.0,1.0,0.0,1,80491.0
0,tcp,Z39_50,S0,0,0,0,0,0,0,0,0,0,238,1.0,1.0,0.0,0.0,0.07,0.06,0.0,255,4,0.02,0.09,0.0,0.0,1.0,1.0,0.0,1,22816.0
0,icmp,ecr_i,SF,1032,0,0,0,0,0,0,0,0,306,0.0,0.0,0.0,0.0,1.0,0.0,0.0,148,54,0.36,0.05,0.36,0.0,0.01,0.0,0.0,1,101853.0
0,tcp,private,S0,0,0,0,0,0,0,0,0,0,95,1.0,1.0,0.0,0.0,0.02,0.06,0.0,255,19,0.07,0.06,0.0,0.0,1.0,1.0,0.0,1,61431.0
0,icmp,eco_i,SF,30,0,0,0,0,0,0,0,0,1,0.0,0.0,0.0,0.0,1.0,0.0,0.0,4,4,1.0,0.0,1.0,0.0,0.0,0.0,0.0,0,46240.0
0,tcp,http,SF,210,627,0,0,1,0,0,0,0,1,0.0,0.0,0.0,0.0,1.0,0.0,0.0,1,92,1.0,0.0,1.0,0.05,0.0,0.0,0.0,0,86293.0
0,tcp,http,SF,272,11744,0,0,1,0,0,0,0,1,0.0,0.0,0.0,0.0,1.0,0.0,0.0,255,255,1.0,0.0,0.0,0.0,0.01,0.01,0.0,0,12721.0
0,tcp,other,REJ,0,0,0,0,0,0,0,0,0,342,0.09,0.0,0.9,1.0,0.0,1.0,0.0,255,1,0.0,1.0,0.0,0.0,0.09,0.0,1.0,1,91381.0
0,tcp,http,SF,338,304,0,0,1,0,0,0,0,18,0.0,0.0,0.0,0.0,1.0,0.0,0.0,51,255,1.0,0.0,0.02,0.03,0.0,0.0,0.0,0,110567.0
0,udp,domain_u,SF,44,44,0,0,0,0,0,0,0,137,0.0,0.0,0.0,0.0,1.0,0.0,0.0,255,255,1.0,0.0,0.0,0.0,0.0,0.0,0.0,0,89952.0
0,tcp,exec,S0,0,0,0,0,0,0,0,0,0,140,1.0,1.0,0.0,0.0,0.04,0.06,0.0,255,8,0.03,0.06,0.0,0.0,1.0,1.0,0.0,1,21448.0
0,tcp,uucp_path,S0,0,0,0,0,0,0,0,0,0,118,1.0,1.0,0.0,0.0,0.03,0.07,0.0,255,3,0.01,0.07,0.0,0.0,1.0,1.0,0.0,1,90162.0
0,tcp,http,SF,306,3981,0,0,1,0,0,0,0,9,0.0,0.0,0.0,0.0,1.0,0.0,0.0,42,255,1.0,0.0,0.02,0.01,0.0,0.0,0.0,0,108772.0
0,tcp,nnsp,S0,0,0,0,0,0,0,0,0,0,106,1.0,1.0,0.0,0.0,0.01,0.07,0.0,255,1,0.0,0.06,0.0,0.0,1.0,1.0,0.0,1,3586.0
0,tcp,http,SF,173,11264,0,0,1,0,0,0,0,7,0.0,0.0,0.0,0.0,1.0,0.0,0.0,49,255,1.0,0.0,0.02,0.02,0.0,0.0,0.0,0,110248.0
0,tcp,sunrpc,S0,0,0,0,0,0,0,0,0,0,296,1.0,1.0,0.0,0.0,0.06,0.05,0.0,255,19,0.07,0.07,0.0,0.0,1.0,1.0,0.0,1,32443.0
0,tcp,supdup,S0,0,0,0,0,0,0,0,0,0,231,1.0,1.0,0.0,0.0,0.01,0.07,0.0,255,2,0.01,0.07,0.0,0.0,1.0,1.0,0.0,1,93640.0
1,tcp,smtp,SF,920,333,0,0,1,0,0,0,0,1,0.0,0.0,0.0,0.0,1.0,0.0,0.0,155,123,0.46,0.04,0.01,0.02,0.01,0.01,0.0,0,67004.0
0,icmp,eco_i,SF,8,0,0,0,0,0,0,0,0,1,0.0,0.0,0.0,0.0,1.0,0.0,1.0,1,47,1.0,0.0,1.0,0.53,0.0,0.0,0.0,1,121512.0
0,tcp,http,SF,320,2076,0,0,1,0,0,0,0,6,0.0,0.0,0.0,0.0,1.0,0.0,0.0,115,115,1.0,0.0,0.01,0.0,0.01,0.01,0.0,0,100594.0
0,icmp,eco_i,SF,8,0,0,0,0,0,0,0,0,1,0.0,0.0,0.0,0.0,1.0,0.0,1.0,4,184,1.0,0.0,1.0,0.25,0.0,0.0,0.0,1,96598.0
0,tcp,private,S0,0,0,0,0,0,0,0,0,0,54,1.0,1.0,0.0,0.0,0.22,0.07,0.0,233,12,0.05,0.06,0.0,0.0,1.0,1.0,0.0,1,43874.0
0,tcp,telnet,S0,0,0,0,0,0,0,0,0,0,66,1.0,1.0,0.0,0.0,0.24,0.06,0.0,255,57,0.22,0.03,0.01,0.0,1.0,1.0,0.0,1,2920.0
0,tcp,private,S0,0,0,0,0,0,0,0,0,0,76,1.0,1.0,0.0,0.0,0.25,0.07,0.0,255,2,0.01,0.07,0.0,0.0,1.0,1.0,0.0,1,60432.0
0,tcp,ctf,REJ,0,0,0,0,0,0,0,0,0,194,0.0,0.0,1.0,1.0,0.01,0.07,0.0,255,1,0.0,0.08,0.0,0.0,0.0,0.0,1.0,1,66663.0
0,tcp,vmnet,S0,0,0,0,0,0,0,0,0,0,274,1.0,1.0,0.0,0.0,0.07,0.04,0.0,255,19,0.07,0.05,0.0,0.0,1.0,1.0,0.0,1,20479.0
0,tcp,http,S0,0,0,0,0,0,0,0,0,0,2,0.5,0.5,0.0,0.0,1.0,0.0,0.0,20,255,1.0,0.0,0.1,0.04,0.05,0.0,0.04,0,51391.0
0,icmp,ecr_i,SF,1032,0,0,0,0,0,0,0,0,511,0.0,0.0,0.0,0.0,1.0,0.0,0.0,255,227,0.89,0.01,0.89,0.0,0.0,0.0,0.0,1,21409.0
0,udp,domain_u,SF,45,111,0,0,0,0,0,0,0,268,0.0,0.0,0.0,0.0,1.0,0.01,0.0,231,198,0.86,0.01,0.0,0.0,0.0,0.0,0.0,0,41918.0
0,tcp,uucp,S0,0,0,0,0,0,0,0,0,0,125,1.0,1.0,0.0,0.0,0.03,0.06,0.0,255,4,0.02,0.07,0.0,0.0,1.0,1.0,0.0,1,68840.0
84,tcp,telnet,SF,182,55408,0,0,1,15,0,1,0,1,0.0,0.0,0.0,0.0,1.0,0.0,0.0,1,7,1.0,0.0,1.0,0.57,0.0,0.14,0.14,0,46062.0
0,udp,domain_u,SF,45,115,0,0,0,0,0,0,0,4,0.0,0.0,0.0,0.0,1.0,0.0,0.29,255,235,0.92,0.01,0.0,0.0,0.0,0.0,0.0,0,118724.0
0,tcp,http,SF,202,985,0,0,1,0,0,0,0,13,0.0,0.0,0.0,0.0,1.0,0.0,0.2,24,255,1.0,0.0,0.04,0.02,0.0,0.0,0.0,0,119043.0
0,tcp,http,REJ,0,0,0,0,0,0,0,0,0,1,0.0,0.0,1.0,0.5,1.0,0.0,1.0,3,255,1.0,0.0,0.33,0.14,0.0,0.0,1.0,0,71817.0
0,tcp,supdup,S0,0,0,0,0,0,0,0,0,0,265,1.0,1.0,0.0,0.0,0.07,0.06,0.0,255,19,0.07,0.07,0.0,0.0,1.0,1.0,0.0,1,8291.0
0,tcp,ftp_data,SF,59,0,0,0,0,0,0,0,0,24,0.0,0.0,0.0,0.0,1.0,0.0,0.0,30,95,1.0,0.0,1.0,0.02,0.0,0.0,0.0,0,119987.0
0,tcp,netbios_ssn,S0,0,0,0,0,0,0,0,0,0,130,1.0,1.0,0.0,0.0,0.13,0.05,0.0,255,17,0.07,0.05,0.0,0.0,1.0,1.0,0.0,1,121541.0
0,tcp,other,REJ,0,0,0,0,0,0,0,0,0,378,0.06,0.0,0.91,1.0,0.0,1.0,0.0,255,1,0.0,1.0,0.0,0.0,0.08,0.0,1.0,1,106306.0
0,tcp,http,S0,0,0,0,0,0,0,0,0,0,1,1.0,1.0,0.0,0.0,1.0,0.0,0.0,89,255,1.0,0.0,0.01,0.12,0.01,0.01,0.99,0,28088.0
0,tcp,bgp,S0,0,0,0,0,0,0,0,0,0,230,1.0,1.0,0.0,0.0,0.06,0.06,0.0,255,14,0.05,0.08,0.0,0.0,1.0,1.0,0.0,1,117800.0
0,tcp,uucp,S0,0,0,0,0,0,0,0,0,0,105,1.0,1.0,0.0,0.0,0.03,0.07,0.0,255,3,0.01,0.05,0.0,0.0,1.0,1.0,0.0,1,17255.0
0,tcp,http,SF,243,274,0,0,1,0,0,0,0,5,0.2,0.2,0.0,0.0,1.0,0.0,0.0,133,255,1.0,0.0,0.01,0.05,0.01,0.0,0.6,0,114387.0
0,icmp,ecr_i,SF,1032,0,0,0,0,0,0,0,0,511,0.0,0.0,0.0,0.0,1.0,0.0,0.0,255,151,0.59,0.02,0.59,0.0,0.01,0.0,0.0,1,92940.0
0,tcp,private,S0,0,0,0,0,0,0,0,0,0,136,1.0,1.0,0.0,0.0,0.07,0.06,0.0,255,7,0.03,0.06,0.0,0.0,1.0,1.0,0.0,1,80253.0
0,tcp,netstat,REJ,0,0,0,0,0,0,0,0,0,239,0.0,0.0,1.0,1.0,0.02,0.07,0.0,255,4,0.02,0.07,0.0,0.0,0.0,0.0,1.0,1,26573.0
0,tcp,private,S0,0,0,0,0,0,0,0,0,0,247,1.0,1.0,0.0,0.0,0.05,0.05,0.0,108,12,0.11,0.09,0.01,0.0,0.87,1.0,0.0,1,81985.0
0,tcp,http,SF,308,1374,0,0,1,0,0,0,0,13,0.0,0.0,0.0,0.0,1.0,0.0,0.0,255,255,1.0,0.0,0.0,0.0,0.0,0.0,0.0,0,50843.0
0,tcp,http,SF,190,473,0,0,1,0,0,0,0,1,0.0,0.0,0.0,0.0,1.0,0.0,0.0,12,255,1.0,0.0,0.08,0.02,0.0,0.0,0.0,0,41254.0
0,tcp,nnsp,S0,0,0,0,0,0,0,0,0,0,137,1.0,1.0,0.0,0.0,0.14,0.06,0.0,248,19,0.08,0.06,0.0,0.0,1.0,1.0,0.0,1,2254.0
0,tcp,daytime,S0,0,0,0,0,0,0,0,0,0,289,1.0,1.0,0.0,0.0,0.02,0.04,0.0,255,7,0.03,0.05,0.0,0.0,1.0,1.0,0.0,1,103059.0
0,udp,private,SF,105,145,0,0,0,0,0,0,0,7,0.0,0.0,0.0,0.0,0.14,0.29,0.0,255,230,0.9,0.01,0.0,0.0,0.0,0.0,0.0,0,73807.0
1,tcp,smtp,SF,978,331,0,0,1,0,0,0,0,1,0.0,0.0,0.0,0.0,1.0,0.0,0.0,69,183,0.87,0.07,0.01,0.01,0.0,0.0,0.0,0,13129.0
0,icmp,ecr_i,SF,520,0,0,0,0,0,0,0,0,479,0.0,0.0,0.0,0.0,1.0,0.0,0.0,145,145,1.0,0.0,1.0,0.0,0.0,0.0,0.0,1,100863.0
0,tcp,systat,S0,0,0,0,0,0,0,0,0,0,262,1.0,1.0,0.0,0.0,0.08,0.05,0.0,255,22,0.09,0.05,0.0,0.0,1.0,1.0,0.0,1,27137.0
1,tcp,smtp,SF,1533,332,0,0,1,0,0,0,0,1,0.0,0.0,0.0,0.0,1.0,0.0,1.0,216,112,0.47,0.02,0.0,0.02,0.01,0.02,0.0,0,118107.0
0,tcp,http,SF,200,447,0,0,1,0,0,0,0,41,0.0,0.0,0.0,0.0,1.0,0.0,0.07,255,255,1.0,0.0,0.0,0.0,0.0,0.0,0.0,0,86177.0
0,tcp,uucp,RSTO,0,0,0,0,0,0,0,0,0,107,0.0,0.0,1.0,1.0,0.01,0.07,0.0,255,1,0.0,0.06,0.0,0.0,0.0,0.0,1.0,1,88924.0
0,udp,private,SF,1,0,0,0,0,0,0,0,0,34,0.0,0.0,0.0,0.0,0.12,0.09,0.0,255,13,0.05,0.68,0.35,0.0,0.16,0.0,0.0,1,88743.0
0,tcp,smtp,SF,1331,329,0,0,1,0,0,0,0,1,0.0,0.0,0.0,0.0,1.0,0.0,0.0,157,120,0.76,0.02,0.01,0.0,0.0,0.0,0.0,0,48513.0
0,tcp,ctf,S0,0,0,0,0,0,0,0,0,0,252,1.0,1.0,0.0,0.0,0.01,0.07,0.0,255,2,0.01,0.07,0.0,0.0,1.0,1.0,0.0,1,102565.0
0,tcp,smtp,SF,870,479,0,0,1,0,0,0,0,1,0.0,0.0,0.0,0.0,1.0,0.0,0.0,115,106,0.18,0.03,0.01,0.02,0.02,0.0,0.0,0,94550.0
0,tcp,http,SF,54540,8314,0,2,1,1,0,0,0,6,0.0,0.0,0.17,0.17,1.0,0.0,0.0,10,10,1.0,0.0,0.1,0.0,0.0,0.0,0.1,1,110917.0
0,tcp,private,S0,0,0,0,0,0,0,0,0,0,229,1.0,1.0,0.0,0.0,0.04,0.07,0.0,255,10,0.04,0.07,0.0,0.0,1.0,1.0,0.0,1,101545.0
0,udp,private,SF,28,0,3,0,0,0,0,0,0,64,0.0,0.0,0.0,0.0,1.0,0.0,0.0,136,64,0.47,0.03,0.47,0.0,0.0,0.0,0.0,1,76226.0
0,tcp,private,S0,0,0,0,0,0,0,0,0,0,138,1.0,1.0,0.0,0.0,0.12,0.06,0.0,126,4,0.03,0.12,0.01,0.0,1.0,1.0,0.0,1,118960.0
0,tcp,http,SF,216,6609,0,0,1,0,0,0,0,1,0.0,0.0,0.0,0.0,1.0,0.0,0.67,6,255,1.0,0.0,0.17,0.01,0.0,0.0,0.0,0,79454.0
0,tcp,http,SF,145,532,0,0,1,0,0,0,0,2,0.0,0.0,0.0,0.0,1.0,0.0,0.0,3,255,1.0,0.0,0.33,0.19,0.0,0.0,0.85,0,8360.0
0,tcp,private,S0,0,0,0,0,0,0,0,0,0,159,1.0,1.0,0.0,0.0,0.04,0.05,0.0,255,6,0.02,0.05,0.0,0.0,1.0,1.0,0.0,1,36818.0
0,tcp,http,SF,323,1085,0,0,1,0,0,0,0,8,0.0,0.0,0.0,0.0,1.0,0.0,0.0,69,255,1.0,0.0,0.01,0.03,0.0,0.0,0.0,0,14124.0
0,tcp,uucp_path,S0,0,0,0,0,0,0,0,0,0,231,1.0,1.0,0.0,0.0,0.03,0.06,0.0,255,7,0.03,0.08,0.0,0.0,1.0,1.0,0.0,1,106702.0
0,tcp,http,SF,301,1274,0,0,1,0,0,0,0,3,0.0,0.0,0.0,0.0,1.0,0.0,0.5,255,255,1.0,0.0,0.0,0.0,0.0,0.0,0.0,0,48734.0
0,tcp,echo,S0,0,0,0,0,0,0,0,0,0,267,1.0,1.0,0.0,0.0,0.01,0.06,0.0,255,4,0.02,0.08,0.0,0.0,1.0,1.0,0.0,1,120548.0
0,tcp,http,SF,267,1938,0,0,1,0,0,0,0,7,0.0,0.0,0.0,0.0,1.0,0.0,0.0,205,255,1.0,0.0,0.0,0.02,0.0,0.0,0.0,0,94203.0
0,tcp,http,SF,377,1437,0,0,1,0,0,0,0,3,0.33,0.33,0.0,0.0,1.0,0.0,0.0,160,255,1.0,0.0,0.01,0.02,0.01,0.0,0.0,0,110155.0
0,icmp,eco_i,SF,18,0,0,0,0,0,0,0,0,1,0.0,0.0,0.0,0.0,1.0,0.0,0.0,1,154,1.0,0.0,1.0,1.0,0.0,0.0,0.0,1,55263.0
0,tcp,private,RSTR,0,0,0,0,0,0,0,0,0,1,0.0,0.0,1.0,1.0,1.0,0.0,0.0,255,1,0.0,0.44,0.42,0.0,0.0,0.0,1.0,1,108753.0
0,tcp,netstat,S0,0,0,0,0,0,0,0,0,0,207,1.0,1.0,0.0,0.0,0.05,0.06,0.0,255,20,0.08,0.07,0.0,0.0,1.0,1.0,0.0,1,116894.0
8297,tcp,other,RSTR,1,0,0,0,0,0,0,0,0,2,0.0,0.0,1.0,1.0,1.0,0.0,0.0,255,2,0.01,0.66,1.0,0.0,0.0,0.0,1.0,1,113890.0
0,tcp,private,S0,0,0,0,0,0,0,0,0,0,92,1.0,1.0,0.0,0.0,0.03,0.07,0.0,201,3,0.01,0.06,0.0,0.0,1.0,1.0,0.0,1,102944.0
0,tcp,http,SF,342,5878,0,0,1,0,0,0,0,3,0.0,0.0,0.0,0.0,1.0,0.0,0.0,3,255,1.0,0.0,0.33,0.05,0.0,0.0,0.0,0,53093.0
0,tcp,http,SF,244,1856,0,0,1,0,0,0,0,9,0.0,0.0,0.0,0.0,1.0,0.0,0.2,255,255,1.0,0.0,0.0,0.0,0.0,0.0,0.0,0,11050.0
0,tcp,http,SF,221,484,0,0,1,0,0,0,0,22,0.0,0.0,0.0,0.0,1.0,0.0,0.15,255,255,1.0,0.0,0.0,0.0,0.0,0.0,0.0,0,39334.0
0,tcp,auth,S0,0,0,0,0,0,0,0,0,0,281,1.0,1.0,0.0,0.0,0.01,0.06,0.0,255,19,0.07,0.07,0.0,0.0,1.0,1.0,0.0,1,69538.0
0,tcp,http,SF,286,338,0,1,1,0,0,0,0,5,0.0,0.0,0.0,0.0,1.0,0.0,0.33,162,255,1.0,0.0,0.01,0.02,0.0,0.0,0.0,0,108162.0
5055,tcp,ftp,SF,1049,2274,0,20,1,0,0,0,0,1,0.0,0.0,0.0,0.0,1.0,0.0,0.0,255,26,0.1,0.02,0.0,0.0,0.12,0.0,0.0,1,12201.0
0,tcp,http,SF,219,370,0,0,1,0,0,0,0,8,0.0,0.0,0.0,0.0,1.0,0.0,0.0,59,255,1.0,0.0,0.02,0.01,0.0,0.0,0.0,0,112255.0
0,icmp,eco_i,SF,8,0,0,0,0,0,0,0,0,1,0.0,0.0,0.0,0.0,1.0,0.0,1.0,1,7,1.0,0.0,1.0,0.71,0.0,0.0,0.0,1,62756.0
0,tcp,private,S0,0,0,0,0,0,0,0,0,0,293,1.0,1.0,0.0,0.0,0.04,0.06,0.0,255,3,0.01,0.07,0.0,0.0,1.0,1.0,0.0,1,102478.0
0,tcp,ftp_data,SF,11,0,0,0,1,0,0,0,0,2,0.0,0.0,0.0,0.0,1.0,0.0,0.0,38,63,0.76,0.05,0.76,0.05,0.0,0.02,0.0,0,86619.0
0,tcp,http,SF,222,144911,0,0,1,0,0,0,0,14,0.0,0.0,0.0,0.0,1.0,0.0,0.0,14,255,1.0,0.0,0.07,0.04,0.0,0.0,0.0,0,91038.0
0,tcp,ftp_data,SF,12286,0,0,0,1,0,0,0,0,7,0.0,0.0,0.0,0.0,1.0,0.0,0.0,255,17,0.07,0.06,0.07,0.0,0.81,0.0,0.0,0,117193.0
0,tcp,sql_net,S0,0,0,0,0,0,0,0,0,0,209,1.0,1.0,0.0,0.0,0.1,0.06,0.0,255,20,0.08,0.06,0.0,0.0,1.0,1.0,0.0,1,101162.0
0,tcp,efs,REJ,0,0,0,0,0,0,0,0,0,69,0.0,0.0,1.0,1.0,0.01,0.07,0.0,255,1,0.0,0.07,0.0,0.0,0.0,0.0,1.0,1,39241.0
0,icmp,ecr_i,SF,1480,0,1,0,0,0,0,0,0,2,0.0,0.0,0.0,0.0,1.0,0.0,0.0,2,14,1.0,0.0,1.0,0.5,0.0,0.0,0.0,1,54043.0
0,tcp,kshell,S0,0,0,0,0,0,0,0,0,0,141,1.0,1.0,0.0,0.0,0.09,0.06,0.0,255,12,0.05,0.06,0.0,0.0,1.0,1.0,0.0,1,32254.0
0,tcp,http,SF,290,2838,0,0,1,0,0,0,0,7,0.0,0.0,0.0,0.0,1.0,0.0,0.0,7,255,1.0,0.0,0.14,0.04,0.0,0.0,0.0,0,44518.0
2300,udp,other,SF,147,105,0,0,0,0,0,0,0,1,0.0,0.0,0.0,0.0,1.0,0.0,0.0,255,1,0.0,0.89,1.0,0.0,0.0,0.0,0.0,0,67438.0
0,tcp,imap4,RSTR,0,0,0,0,0,0,0,0,0,1,0.0,0.0,1.0,1.0,1.0,0.0,0.0,255,1,0.0,0.56,0.56,0.0,0.0,0.0,1.0,1,118839.0
0,tcp,auth,SF,13,40,0,0,0,0,0,0,0,1,0.0,0.0,0.0,0.0,1.0,0.0,0.0,1,3,1.0,0.0,1.0,0.67,0.0,0.0,0.0,0,57729.0
0,tcp,http,SF,306,2507,0,0,1,0,0,0,0,6,0.0,0.0,0.0,0.0,1.0,0.0,0.0,255,252,0.99,0.01,0.0,0.0,0.0,0.0,0.0,0,83523.0
0,tcp,discard,RSTO,0,0,0,0,0,0,0,0,0,257,0.0,0.0,1.0,1.0,0.07,0.06,0.0,255,17,0.07,0.07,0.0,0.0,0.0,0.0,1.0,1,60096.0
0,tcp,nntp,S0,0,0,0,0,0,0,0,0,0,262,1.0,1.0,0.0,0.0,0.02,0.06,0.0,255,6,0.02,0.07,0.0,0.0,1.0,1.0,0.0,1,32519.0
0,icmp,eco_i,SF,8,0,0,0,0,0,0,0,0,1,0.0,0.0,0.0,0.0,1.0,0.0,1.0,1,173,1.0,0.0,1.0,0.25,0.0,0.0,0.0,1,49073.0
0,icmp,ecr_i,SF,1032,0,0,0,0,0,0,0,0,511,0.0,0.0,0.0,0.0,1.0,0.0,0.0,255,211,0.83,0.02,0.83,0.0,0.0,0.0,0.0,1,76600.0
0,tcp,klogin,S0,0,0,0,0,0,0,0,0,0,137,1.0,1.0,0.0,0.0,0.04,0.06,0.0,255,12,0.05,0.07,0.0,0.0,1.0,1.0,0.0,1,42175.0
0,tcp,private,REJ,0,0,0,0,0,0,0,0,0,312,0.07,0.0,0.89,1.0,0.0,1.0,0.0,255,1,0.0,1.0,0.0,0.0,0.08,0.0,1.0,1,70373.0
2,tcp,private,RSTR,0,0,0,0,0,0,0,0,0,419,0.0,0.0,1.0,1.0,0.0,0.52,0.0,255,2,0.01,0.51,1.0,0.0,0.0,0.0,1.0,1,110999.0
0,tcp,other,REJ,0,0,0,0,0,0,0,0,0,1,0.0,0.0,1.0,1.0,1.0,0.0,0.0,5,5,1.0,0.0,0.2,0.0,0.0,0.0,1.0,0,77603.0
0,tcp,http,SF,0,1101,0,0,0,0,0,0,0,6,0.17,0.17,0.0,0.0,1.0,0.0,0.0,6,255,1.0,0.0,0.17,0.08,0.17,0.0,0.0,0,72880.0
0,tcp,http,RSTO,0,0,0,0,1,0,0,0,0,1,0.0,0.0,1.0,1.0,1.0,0.0,1.0,255,248,0.97,0.01,0.0,0.0,0.0,0.0,0.01,0,26237.0
0,tcp,http,SF,228,45263,0,0,1,0,0,0,0,43,0.0,0.0,0.0,0.0,1.0,0.0,0.0,113,255,1.0,0.0,0.01,0.02,0.0,0.01,0.0,0,46570.0
0,tcp,telnet,RSTO,0,0,0,0,0,0,0,0,0,1,0.0,0.0,1.0,1.0,1.0,0.0,0.0,255,21,0.08,0.07,0.0,0.0,0.88,0.81,0.1,0,58886.0
0,tcp,private,S0,0,0,0,0,0,0,0,0,0,83,1.0,1.0,0.0,0.0,0.06,0.07,0.0,255,7,0.03,0.07,0.0,0.0,1.0,1.0,0.0,1,83261.0
0,tcp,http,SF,54540,8314,0,2,1,1,0,0,0,3,0.0,0.0,0.0,0.25,1.0,0.0,0.5,255,255,1.0,0.0,0.0,0.0,0.0,0.0,0.02,1,20011.0
0,tcp,systat,S0,0,0,0,0,0,0,0,0,0,294,1.0,1.0,0.0,0.0,0.0,0.06,0.0,255,1,0.0,0.09,0.0,0.0,1.0,1.0,0.0,1,17917.0
5519,udp,other,SF,145,105,0,0,0,0,0,0,0,1,0.0,0.0,0.0,0.0,1.0,0.0,0.0,73,1,0.01,0.67,0.84,0.0,0.0,0.0,0.0,0,71362.0
0,tcp,vmnet,S0,0,0,0,0,0,0,0,0,0,202,1.0,1.0,0.0,0.0,0.07,0.05,0.0,255,15,0.06,0.05,0.0,0.0,1.0,1.0,0.0,1,6726.0
0,tcp,klogin,S0,0,0,0,0,0,0,0,0,0,101,1.0,1.0,0.0,0.0,0.12,0.07,0.0,255,6,0.02,0.07,0.0,0.0,1.0,1.0,0.0,1,86146.0
0,udp,domain_u,SF,44,44,0,0,0,0,0,0,0,118,0.0,0.0,0.0,0.0,1.0,0.0,0.0,255,254,1.0,0.01,0.0,0.0,0.0,0.0,0.0,0,5191.0
0,tcp,http,SF,237,1240,0,0,1,0,0,0,0,2,0.0,0.0,0.0,0.0,1.0,0.0,0.0,18,255,1.0,0.0,0.06,0.02,0.0,0.01,0.0,0,114271.0
0,tcp,daytime,S0,0,0,0,0,0,0,0,0,0,189,1.0,1.0,0.0,0.0,0.03,0.06,0.0,255,5,0.02,0.07,0.0,0.0,1.0,1.0,0.0,1,125223.0
0,tcp,private,S0,0,0,0,0,0,0,0,0,0,277,1.0,1.0,0.0,0.0,0.01,0.06,0.0,255,20,0.08,0.06,0.0,0.0,1.0,1.0,0.0,1,36532.0
0,tcp,smtp,SF,804,329,0,0,1,0,0,0,0,1,0.0,0.0,0.0,0.0,1.0,0.0,0.0,65,35,0.54,0.06,0.02,0.0,0.0,0.0,0.0,0,1901.0
0,tcp,bgp,S0,0,0,0,0,0,0,0,0,0,291,1.0,1.0,0.0,0.0,0.08,0.05,0.0,255,23,0.09,0.05,0.0,0.0,1.0,1.0,0.0,1,23226.0
0,udp,domain_u,SF,112,46,0,0,0,0,0,0,0,3,0.0,0.0,0.0,0.0,1.0,0.0,0.0,107,82,0.77,0.02,0.77,0.0,0.0,0.0,0.0,0,45456.0
0,icmp,eco_i,SF,30,0,0,0,0,0,0,0,0,1,0.0,0.0,0.0,0.0,1.0,0.0,0.0,23,23,1.0,0.0,1.0,0.0,0.0,0.0,0.0,0,41600.0
0,tcp,http,SF,0,381,0,0,0,0,0,0,0,25,0.04,0.04,0.0,0.0,1.0,0.0,0.0,244,255,1.0,0.0,0.0,0.01,0.0,0.0,0.0,0,125520.0
0,udp,private,SF,1,0,0,0,0,0,0,0,0,14,0.0,0.0,0.0,0.0,0.21,0.14,0.0,255,48,0.19,0.38,0.65,0.0,0.16,0.0,0.0,1,69635.0
0,tcp,iso_tsap,S0,0,0,0,0,0,0,0,0,0,265,1.0,1.0,0.0,0.0,0.06,0.06,0.0,255,17,0.07,0.07,0.0,0.0,1.0,1.0,0.0,1,46625.0
0,tcp,whois,S0,0,0,0,0,0,0,0,0,0,221,1.0,1.0,0.0,0.0,0.09,0.06,0.0,255,18,0.07,0.08,0.0,0.0,1.0,1.0,0.0,1,40349.0
0,tcp,http,REJ,0,0,0,0,0,0,0,0,0,1,0.0,0.0,1.0,1.0,1.0,0.0,0.0,54,255,1.0,0.0,0.02,0.17,0.0,0.0,1.0,0,13618.0
0,udp,domain_u,SF,46,46,0,0,0,0,0,0,0,105,0.0,0.0,0.0,0.0,1.0,0.0,0.02,255,254,1.0,0.01,0.0,0.0,0.0,0.0,0.0,0,51978.0
0,tcp,http,SF,54540,8314,0,2,1,1,0,0,0,2,0.0,0.0,0.0,0.33,1.0,0.0,0.67,73,73,1.0,0.0,0.01,0.0,0.0,0.0,0.01,1,73872.0
0,tcp,ftp_data,SF,1214,0,0,0,0,0,0,0,0,13,0.0,0.0,0.0,0.0,1.0,0.0,0.0,255,133,0.52,0.01,0.52,0.0,0.0,0.01,0.0,0,74692.0
0,tcp,http,SF,316,6967,0,0,1,0,0,0,0,4,0.0,0.0,0.0,0.0,1.0,0.0,0.0,75,255,1.0,0.0,0.01,0.04,0.0,0.0,0.0,0,54282.0
0,tcp,http,SF,54540,8314,0,2,1,1,0,0,0,4,0.0,0.0,0.0,0.2,1.0,0.0,0.4,235,235,1.0,0.0,0.0,0.0,0.0,0.0,0.02,1,122030.0
0,icmp,eco_i,SF,8,0,0,0,0,0,0,0,0,1,0.0,0.0,0.0,0.0,1.0,0.0,1.0,1,57,1.0,0.0,1.0,0.51,0.0,0.0,0.0,1,53815.0
0,tcp,private,S0,0,0,0,0,0,0,0,0,0,111,1.0,1.0,0.0,0.0,0.17,0.08,0.0,255,19,0.07,0.08,0.0,0.0,1.0,1.0,0.0,1,1329.0
0,tcp,private,S0,0,0,0,0,0,0,0,0,0,98,1.0,1.0,0.0,0.0,0.14,0.06,0.0,255,3,0.01,0.06,0.0,0.0,1.0,1.0,0.0,1,9543.0
0,tcp,other,REJ,0,0,0,0,0,0,0,0,0,391,0.09,0.0,0.91,1.0,0.0,1.0,0.0,255,1,0.0,1.0,0.0,0.0,0.11,0.0,1.0,1,20712.0
0,tcp,smtp,SF,1232,335,0,0,1,0,0,0,0,1,0.0,0.0,0.0,0.0,1.0,0.0,0.0,215,160,0.63,0.02,0.0,0.01,0.0,0.0,0.0,0,100476.0
0,udp,other,SF,516,4,0,0,0,0,0,0,0,247,0.0,0.0,0.0,0.0,1.0,0.0,0.0,247,247,1.0,0.0,1.0,0.0,0.0,0.0,0.0,0,67855.0
0,tcp,domain,REJ,0,0,0,0,0,0,0,0,0,217,0.0,0.0,1.0,1.0,0.0,0.07,0.0,255,1,0.0,0.08,0.0,0.0,0.0,0.0,1.0,1,78924.0
0,tcp,ftp_data,SF,35,0,0,0,0,0,0,0,0,2,0.0,0.0,0.0,0.0,1.0,0.0,0.0,255,40,0.16,0.52,0.16,0.0,0.52,0.0,0.0,0,57451.0
0,udp,domain_u,SF,46,138,0,0,0,0,0,0,0,159,0.0,0.0,0.0,0.0,1.0,0.0,0.01,255,255,1.0,0.0,0.0,0.0,0.0,0.0,0.0,0,23497.0
0,tcp,bgp,S0,0,0,0,0,0,0,0,0,0,213,1.0,1.0,0.0,0.0,0.07,0.06,0.0,255,7,0.03,0.09,0.0,0.0,1.0,1.0,0.0,1,16363.0
0,udp,other,SF,147,0,0,0,0,0,0,0,0,5,0.0,0.0,0.0,0.0,0.2,0.6,0.0,255,1,0.0,0.71,0.98,0.0,0.0,0.0,0.0,0,100871.0
0,tcp,http,SF,303,1380,0,0,1,0,0,0,0,6,0.0,0.0,0.0,0.0,1.0,0.0,0.0,255,244,0.96,0.02,0.0,0.0,0.0,0.0,0.0,0,102441.0
1112,udp,other,SF,147,105,0,0,0,0,0,0,0,6,0.0,0.0,0.0,0.0,0.33,0.5,0.0,255,3,0.01,0.44,0.93,0.0,0.0,0.0,0.0,0,70586.0
0,tcp,kshell,REJ,0,0,0,0,0,0,0,0,0,126,0.0,0.0,1.0,1.0,0.01,0.07,0.0,255,1,0.0,0.07,0.0,0.0,0.0,0.0,1.0,1,99819.0
0,tcp,http,SF,310,263,0,0,1,0,0,0,0,16,0.0,0.0,0.0,0.0,1.0,0.0,0.2,255,255,1.0,0.0,0.0,0.0,0.0,0.0,0.0,0,72883.0
0,tcp,private,S0,0,0,0,0,0,0,0,0,0,139,1.0,1.0,0.0,0.0,0.18,0.05,0.0,255,25,0.1,0.05,0.0,0.0,1.0,1.0,0.0,1,59727.0
0,tcp,http,SF,303,1096,0,0,1,0,0,0,0,11,0.0,0.0,0.0,0.0,1.0,0.0,0.12,33,255,1.0,0.0,0.03,0.05,0.0,0.0,0.0,0,98443.0
0,tcp,http,REJ,0,0,0,0,0,0,0,0,0,4,0.0,0.0,0.75,0.75,1.0,0.0,0.0,38,255,1.0,0.0,0.03,0.17,0.0,0.0,0.99,0,115559.0
0,tcp,http,SF,270,2482,0,0,1,0,0,0,0,27,0.0,0.0,0.0,0.0,1.0,0.0,0.06,27,255,1.0,0.0,0.04,0.04,0.0,0.0,0.0,0,37228.0
0,tcp,http,REJ,0,0,0,0,0,0,0,0,0,1,0.0,0.0,1.0,1.0,1.0,0.0,0.0,21,253,1.0,0.0,0.05,0.27,0.0,0.0,1.0,0,92400.0
0,tcp,nnsp,S0,0,0,0,0,0,0,0,0,0,108,1.0,1.0,0.0,0.0,0.12,0.06,0.0,255,32,0.13,0.06,0.0,0.0,1.0,1.0,0.0,1,58648.0
0,tcp,private,REJ,0,0,0,0,0,0,0,0,0,1,0.0,0.0,1.0,1.0,1.0,0.0,0.0,40,2,0.03,1.0,0.03,1.0,0.0,0.0,1.0,1,76060.0
0,tcp,http,SF,163,36920,0,0,1,0,0,0,0,1,0.0,0.0,0.0,0.0,1.0,0.0,1.0,79,255,1.0,0.0,0.01,0.02,0.0,0.0,0.0,0,121664.0
0,tcp,http,REJ,0,0,0,0,0,0,0,0,0,1,0.0,0.0,1.0,1.0,1.0,0.0,0.0,1,248,1.0,0.0,1.0,0.21,0.0,0.0,1.0,0,29108.0
0,tcp,http,SF,244,18989,0,0,1,0,0,0,0,1,0.0,0.0,0.0,0.0,1.0,0.0,0.43,15,255,1.0,0.0,0.07,0.04,0.0,0.0,0.0,0,92283.0
0,tcp,http,SF,217,2445,0,0,1,0,0,0,0,4,0.0,0.0,0.0,0.0,1.0,0.0,0.1,255,255,1.0,0.0,0.0,0.0,0.0,0.0,0.0,0,91182.0
0,tcp,private,S0,0,0,0,0,0,0,0,0,0,260,1.0,1.0,0.0,0.0,0.07,0.05,0.0,255,13,0.05,0.08,0.0,0.0,1.0,1.0,0.0,1,28657.0
0,udp,domain_u,SF,44,134,0,0,0,0,0,0,0,160,0.0,0.0,0.0,0.0,0.99,0.01,0.01,255,233,0.91,0.02,0.01,0.0,0.0,0.0,0.0,0,84241.0
0,tcp,http,SF,234,11485,0,0,1,0,0,0,0,23,0.0,0.0,0.0,0.0,1.0,0.0,0.0,255,255,1.0,0.0,0.0,0.0,0.0,0.0,0.0,0,100882.0
0,tcp,sunrpc,RSTO,0,0,0,0,0,0,0,0,0,211,0.0,0.0,1.0,1.0,0.0,0.08,0.0,255,1,0.0,0.08,0.0,0.0,0.0,0.0,1.0,1,46404.0
0,tcp,http,SF,228,481,0,0,1,0,0,0,0,2,0.0,0.0,0.0,0.0,1.0,0.0,0.75,60,255,1.0,0.0,0.02,0.06,0.02,0.01,0.0,0,96246.0
0,tcp,http,SF,254,1701,0,0,1,0,0,0,0,9,0.0,0.0,0.0,0.0,1.0,0.0,0.0,22,255,1.0,0.0,0.05,0.02,0.0,0.0,0.0,0,41935.0
0,tcp,http,SF,236,667,0,0,1,0,0,0,0,2,0.0,0.0,0.0,0.0,1.0,0.0,0.0,59,255,1.0,0.0,0.02,0.01,0.0,0.0,0.0,0,15868.0
0,icmp,eco_i,SF,8,0,0,0,0,0,0,0,0,1,0.0,0.0,0.0,0.0,1.0,0.0,1.0,4,208,1.0,0.0,1.0,0.25,0.0,0.0,0.0,1,21072.0
0,udp,domain_u,SF,45,75,0,0,0,0,0,0,0,216,0.0,0.0,0.0,0.0,1.0,0.01,0.01,255,255,1.0,0.0,0.0,0.0,0.0,0.0,0.0,0,72328.0
0,tcp,http,SF,238,7529,0,0,1,0,0,0,0,1,0.0,0.0,0.0,0.0,1.0,0.0,0.42,2,255,1.0,0.0,0.5,0.06,0.0,0.0,0.0,0,84289.0
0,tcp,private,S0,0,0,0,0,0,0,0,0,0,111,1.0,1.0,0.0,0.0,0.09,0.06,0.0,255,28,0.11,0.06,0.0,0.0,1.0,1.0,0.0,1,83548.0
0,tcp,time,RSTO,0,0,0,0,0,0,0,0,0,288,0.0,0.0,1.0,1.0,0.07,0.06,0.0,255,20,0.08,0.07,0.0,0.0,0.0,0.0,1.0,1,70313.0
0,tcp,private,S0,0,0,0,0,0,0,0,0,0,111,1.0,1.0,0.0,0.0,0.05,0.07,0.0,109,5,0.05,0.09,0.01,0.0,1.0,1.0,0.0,1,17556.0
0,tcp,smtp,SF,1380,327,0,0,1,0,0,0,0,1,0.0,0.0,0.0,0.0,1.0,0.0,1.0,86,78,0.91,0.02,0.01,0.0,0.0,0.0,0.0,0,113994.0
0,tcp,private,REJ,0,0,0,0,0,0,0,0,0,112,0.0,0.0,1.0,1.0,0.08,0.06,0.0,255,9,0.04,0.08,0.0,0.0,0.0,0.0,1.0,1,40647.0
0,tcp,http,SF,200,313,0,0,1,0,0,0,0,33,0.0,0.0,0.0,0.0,1.0,0.0,0.0,255,255,1.0,0.0,0.0,0.0,0.0,0.0,0.0,0,94836.0
0,tcp,http,SF,317,4143,0,0,1,0,0,0,0,26,0.0,0.0,0.0,0.0,1.0,0.0,0.1,255,255,1.0,0.0,0.0,0.0,0.0,0.0,0.0,0,36646.0
0,tcp,http,SF,227,1492,0,0,1,0,0,0,0,4,0.0,0.0,0.0,0.0,1.0,0.0,0.4,10,255,1.0,0.0,0.1,0.02,0.0,0.0,0.0,0,16752.0
0,icmp,ecr_i,SF,1032,0,0,0,0,0,0,0,0,511,0.0,0.0,0.0,0.0,1.0,0.0,0.0,237,92,0.39,0.01,0.39,0.0,0.0,0.0,0.0,1,79485.0
0,udp,domain_u,SF,44,124,0,0,0,0,0,0,0,71,0.0,0.0,0.0,0.0,1.0,0.0,0.01,255,254,1.0,0.01,0.0,0.0,0.0,0.0,0.0,0,62114.0
0,tcp,iso_tsap,REJ,0,0,0,0,0,0,0,0,0,122,0.0,0.0,1.0,1.0,0.06,0.07,0.0,255,7,0.03,0.07,0.0,0.0,0.0,0.0,1.0,1,119453.0
0,tcp,private,SH,0,0,0,0,0,0,0,0,0,1,1.0,1.0,0.0,0.0,1.0,0.0,0.0,42,1,0.02,0.76,0.81,0.0,0.81,1.0,0.0,1,53648.0
1,tcp,smtp,SF,1222,330,0,0,1,0,0,0,0,1,0.0,0.0,0.0,0.0,1.0,0.0,1.0,214,156,0.56,0.07,0.0,0.01,0.0,0.0,0.0,0,85037.0
0,tcp,nntp,S0,0,0,0,0,0,0,0,0,0,123,1.0,1.0,0.0,0.0,0.07,0.08,0.0,255,8,0.03,0.08,0.0,0.0,1.0,1.0,0.0,1,106318.0
0,tcp,private,S0,0,0,0,0,0,0,0,0,0,85,1.0,1.0,0.0,0.0,0.08,0.07,0.0,255,7,0.03,0.05,0.0,0.0,1.0,1.0,0.0,1,110169.0
0,tcp,http,SF,197,25519,0,0,1,0,0,0,0,3,0.0,0.0,0.0,0.0,1.0,0.0,0.14,118,255,1.0,0.0,0.01,0.04,0.0,0.0,0.0,0,86346.0
0,tcp,http,REJ,0,0,0,0,0,0,0,0,0,1,0.0,0.0,1.0,1.0,1.0,0.0,1.0,5,221,1.0,0.0,0.2,0.19,0.0,0.0,0.98,0,51554.0
0,tcp,http,SF,196,362,0,0,1,0,0,0,0,14,0.0,0.0,0.0,0.0,1.0,0.0,0.13,255,255,1.0,0.0,0.0,0.0,0.0,0.0,0.0,0,116162.0
0,icmp,eco_i,SF,8,0,0,0,0,0,0,0,0,1,0.0,0.0,0.0,0.0,1.0,0.0,1.0,2,6,1.0,0.0,1.0,0.5,0.0,0.0,0.0,1,64841.0
9883,tcp,other,RSTR,1,0,0,0,0,0,0,0,0,2,0.0,0.0,1.0,1.0,1.0,0.0,0.0,255,2,0.01,0.74,1.0,0.0,0.0,0.0,1.0,1,55119.0
0,tcp,smtp,SF,711,328,0,0,1,0,0,0,0,1,0.0,0.0,0.0,0.0,1.0,0.0,0.0,255,155,0.61,0.02,0.0,0.0,0.0,0.0,0.0,0,30855.0
0,tcp,http,REJ,0,0,0,0,0,0,0,0,0,1,0.0,0.0,1.0,1.0,1.0,0.0,0.0,2,57,1.0,0.0,0.5,0.23,0.0,0.0,1.0,0,50063.0
0,tcp,private,S0,0,0,0,0,0,0,0,0,0,292,1.0,1.0,0.0,0.0,0.04,0.05,0.0,255,7,0.03,0.07,0.0,0.0,1.0,1.0,0.0,1,5605.0
0,udp,domain_u,SF,44,79,0,0,0,0,0,0,0,143,0.0,0.0,0.0,0.0,1.0,0.0,0.02,255,230,0.9,0.01,0.0,0.0,0.0,0.0,0.0,0,98591.0
0,tcp,private,REJ,0,0,0,0,0,0,0,0,0,277,0.08,0.0,0.88,1.0,0.0,1.0,0.0,255,1,0.0,1.0,0.0,0.0,0.08,0.0,1.0,1,63289.0
0,udp,domain_u,SF,46,117,0,0,0,0,0,0,0,1,0.0,0.0,0.0,0.0,1.0,0.0,1.0,72,67,0.93,0.03,0.01,0.0,0.0,0.0,0.0,0,62236.0
0,tcp,http,SF,214,304,0,0,1,0,0,0,0,4,0.25,0.12,0.0,0.0,1.0,0.0,0.38,4,255,1.0,0.0,0.25,0.01,0.25,0.01,0.0,0,59289.0
0,tcp,http,REJ,0,0,0,0,0,0,0,0,0,1,0.0,0.0,1.0,1.0,1.0,0.0,0.0,1,219,1.0,0.0,1.0,0.05,0.0,0.0,0.7,0,63371.0
0,tcp,vmnet,S0,0,0,0,0,0,0,0,0,0,200,1.0,1.0,0.0,0.0,0.1,0.07,0.0,255,20,0.08,0.08,0.0,0.0,1.0,1.0,0.0,1,60391.0
0,tcp,smtp,SF,1494,336,0,0,1,0,0,0,0,1,0.0,0.0,0.0,0.0,1.0,0.0,0.0,97,204,0.74,0.03,0.01,0.01,0.0,0.0,0.0,0,47181.0
2,tcp,finger,RSTO,693375640,0,0,1,0,0,0,0,0,57,0.79,0.67,0.21,0.33,0.05,0.39,0.0,255,3,0.01,0.09,0.22,0.0,0.18,0.67,0.33,1,60570.0
0,tcp,http,SF,159,9569,0,0,1,0,0,0,0,1,0.0,0.0,0.0,0.0,1.0,0.0,0.5,9,255,1.0,0.0,0.11,0.01,0.0,0.0,0.0,0,15966.0
0,tcp,ftp_data,SF,334,0,0,0,1,0,0,0,0,1,0.0,0.0,0.0,0.0,1.0,0.0,0.0,5,19,1.0,0.0,1.0,0.16,0.0,0.0,0.0,1,112888.0
0,tcp,http,SF,226,295,0,0,1,0,0,0,0,11,0.0,0.0,0.0,0.0,1.0,0.0,0.15,108,255,1.0,0.0,0.01,0.02,0.0,0.0,0.0,0,46751.0
0,tcp,sunrpc,RSTO,0,0,0,0,0,0,0,0,0,296,0.0,0.0,1.0,1.0,0.06,0.06,0.0,255,19,0.07,0.08,0.0,0.0,0.0,0.0,1.0,1,42853.0
0,tcp,http,SF,192,6615,0,0,1,0,0,0,0,4,0.0,0.0,0.0,0.0,1.0,0.0,0.0,4,255,1.0,0.0,0.25,0.06,0.0,0.01,0.0,0,119272.0
0,tcp,http,SF,206,1749,0,0,1,0,0,0,0,2,0.0,0.0,0.0,0.0,1.0,0.0,0.0,2,255,1.0,0.0,0.5,0.05,0.0,0.0,0.0,0,79483.0
15161,tcp,ftp,SF,370,1208,0,6,1,0,0,0,0,1,0.0,0.0,0.0,0.0,1.0,0.0,0.0,255,1,0.0,0.02,0.0,0.0,0.22,0.0,0.0,1,47467.0
1,tcp,smtp,SF,854,397,0,0,1,0,0,0,0,1,0.0,0.0,0.0,0.0,1.0,0.0,0.0,81,213,0.89,0.05,0.01,0.01,0.0,0.0,0.0,0,13824.0
0,tcp,efs,S0,0,0,0,0,0,0,0,0,0,148,1.0,1.0,0.0,0.0,0.14,0.05,0.0,255,20,0.08,0.06,0.0,0.0,1.0,1.0,0.0,1,33477.0
0,tcp,auth,S0,0,0,0,0,0,0,0,0,0,246,1.0,1.0,0.0,0.0,0.02,0.07,0.0,255,6,0.02,0.07,0.0,0.0,1.0,1.0,0.0,1,24179.0
0,tcp,http,SF,163,15340,0,0,1,0,0,0,0,1,0.0,0.0,0.0,0.0,1.0,0.0,0.0,255,255,1.0,0.0,0.0,0.0,0.0,0.0,0.0,0,75684.0
0,tcp,http,S0,0,0,0,0,0,0,0,0,0,2,0.5,0.5,0.0,0.0,1.0,0.0,0.0,228,255,1.0,0.0,0.01,0.01,0.02,0.02,0.0,0,59033.0
0,tcp,http,SF,185,10834,0,0,1,0,0,0,0,7,0.0,0.0,0.0,0.0,1.0,0.0,0.0,7,255,1.0,0.0,0.14,0.04,0.0,0.0,0.0,0,80973.0
0,tcp,http,SF,199,5137,0,0,1,0,0,0,0,12,0.0,0.0,0.0,0.0,1.0,0.0,0.0,175,255,1.0,0.0,0.01,0.02,0.0,0.0,0.35,0,13669.0
0,udp,private,SF,28,0,3,0,0,0,0,0,0,79,0.0,0.0,0.0,0.0,1.0,0.0,0.0,255,79,0.31,0.04,0.31,0.0,0.02,0.0,0.0,1,40232.0
0,tcp,daytime,S0,0,0,0,0,0,0,0,0,0,238,1.0,1.0,0.0,0.0,0.02,0.07,0.0,255,4,0.02,0.08,0.0,0.0,1.0,1.0,0.0,1,54873.0
0,udp,domain_u,SF,43,66,0,0,0,0,0,0,0,199,0.0,0.0,0.0,0.0,0.99,0.01,0.0,255,254,1.0,0.01,0.01,0.0,0.0,0.0,0.0,0,111322.0
0,tcp,exec,S0,0,0,0,0,0,0,0,0,0,126,1.0,1.0,0.0,0.0,0.16,0.06,0.0,255,20,0.08,0.05,0.0,0.0,1.0,1.0,0.0,1,58788.0
0,tcp,http,SF,240,1374,0,0,1,0,0,0,0,10,0.0,0.0,0.0,0.0,1.0,0.0,0.0,255,255,1.0,0.0,0.0,0.0,0.0,0.0,0.0,0,9889.0
0,tcp,http,SF,306,1738,0,0,1,0,0,0,0,3,0.0,0.0,0.0,0.0,1.0,0.0,0.0,84,255,1.0,0.0,0.01,0.02,0.0,0.0,0.0,0,66126.0
0,tcp,echo,S0,0,0,0,0,0,0,0,0,0,229,0.63,1.0,0.37,0.0,0.0,0.42,0.0,255,1,0.0,0.38,0.9,0.0,0.57,1.0,0.0,1,8464.0
0,tcp,http,SF,333,4815,0,0,1,0,0,0,0,2,0.0,0.0,0.0,0.0,1.0,0.0,0.5,35,255,1.0,0.0,0.03,0.03,0.0,0.0,0.0,0,69140.0
0,tcp,http,SF,145,1053,0,0,1,0,0,0,0,1,0.0,0.0,0.0,0.0,1.0,0.0,0.75,2,255,1.0,0.0,0.5,0.06,0.0,0.01,0.0,0,120376.0
0,tcp,private,S0,0,0,0,0,0,0,0,0,0,205,1.0,1.0,0.0,0.0,0.09,0.06,0.0,255,20,0.08,0.08,0.0,0.0,1.0,1.0,0.0,1,4871.0
0,tcp,http,SF,228,45074,0,1,1,0,0,0,0,1,0.0,0.0,0.0,0.0,1.0,0.0,0.0,255,255,1.0,0.0,0.0,0.0,0.0,0.0,0.0,0,93404.0
0,tcp,http,SF,318,8075,0,0,1,0,0,0,0,4,0.0,0.0,0.0,0.0,1.0,0.0,0.0,255,255,1.0,0.0,0.0,0.0,0.0,0.0,0.0,0,24426.0
0,tcp,http,SF,296,1691,0,0,1,0,0,0,0,14,0.0,0.0,0.0,0.0,1.0,0.0,0.13,255,255,1.0,0.0,0.0,0.0,0.0,0.0,0.0,0,106958.0
0,tcp,private,S0,0,0,0,0,0,0,0,0,0,243,1.0,1.0,0.0,0.0,0.1,0.06,0.0,255,25,0.1,0.07,0.0,0.0,1.0,1.0,0.0,1,18635.0
0,tcp,http,SF,283,18037,0,0,1,0,0,0,0,1,0.0,0.0,0.0,0.0,1.0,0.0,0.0,255,255,1.0,0.0,0.0,0.0,0.0,0.0,0.0,0,15642.0
0,tcp,http,S1,227,11680,0,0,1,0,0,0,0,18,0.06,0.03,0.0,0.0,1.0,0.0,0.09,89,255,1.0,0.0,0.01,0.03,0.01,0.0,0.0,0,117089.0
0,tcp,echo,S0,0,0,0,0,0,0,0,0,0,259,1.0,1.0,0.0,0.0,0.09,0.05,0.0,255,24,0.09,0.05,0.0,0.0,1.0,1.0,0.0,1,66231.0
0,tcp,http,SF,170,10160,0,0,1,0,0,0,0,6,0.0,0.0,0.0,0.0,1.0,0.0,0.0,255,255,1.0,0.0,0.01,0.0,0.0,0.0,0.0,0,87742.0
0,tcp,gopher,S0,0,0,0,0,0,0,0,0,0,126,1.0,1.0,0.0,0.0,0.01,0.06,0.0,255,1,0.0,0.07,0.0,0.0,1.0,1.0,0.0,1,28314.0
0,tcp,private,REJ,0,0,0,0,0,0,0,0,0,1,0.0,0.0,1.0,1.0,1.0,0.0,0.0,26,1,0.04,1.0,0.04,0.0,0.0,0.0,1.0,1,35840.0
0,tcp,smtp,SF,1842,506,0,0,1,0,0,0,0,1,0.0,0.0,0.0,0.0,1.0,0.0,1.0,255,64,0.25,0.05,0.0,0.0,0.48,0.0,0.0,0,104261.0
0,tcp,http,SF,344,2667,0,0,1,0,0,0,0,7,0.0,0.0,0.0,0.0,1.0,0.0,0.25,255,255,1.0,0.0,0.0,0.0,0.0,0.0,0.0,0,27634.0
0,tcp,other,S0,0,0,0,0,0,0,0,0,0,267,1.0,1.0,0.0,0.0,0.07,0.06,0.0,255,19,0.07,0.07,0.0,0.0,1.0,1.0,0.0,1,91593.0
0,tcp,Z39_50,S0,0,0,0,0,0,0,0,0,0,242,1.0,1.0,0.0,0.0,0.01,0.07,0.0,255,3,0.01,0.07,0.0,0.0,1.0,1.0,0.0,1,3235.0
0,tcp,ftp_data,S0,0,0,0,0,0,0,0,0,0,51,1.0,1.0,0.0,0.0,0.24,0.08,0.0,255,64,0.25,0.02,0.0,0.0,1.0,1.0,0.0,1,3025.0
0,tcp,auth,REJ,0,0,0,0,0,0,0,0,0,147,0.0,0.0,1.0,1.0,0.06,0.07,0.0,255,9,0.04,0.07,0.0,0.0,0.0,0.0,1.0,1,37549.0
0,tcp,private,REJ,0,0,0,0,0,0,0,0,0,68,0.0,0.0,1.0,1.0,0.09,0.07,0.0,255,6,0.02,0.06,0.0,0.0,0.0,0.0,1.0,1,17973.0
0,tcp,ftp_data,SF,11376,0,0,0,1,0,0,0,0,7,0.0,0.0,0.0,0.0,1.0,0.0,0.0,255,55,0.22,0.02,0.12,0.0,0.31,0.38,0.0,0,60963.0
0,tcp,private,S0,0,0,0,0,0,0,0,0,0,246,1.0,1.0,0.0,0.0,0.02,0.07,0.0,255,10,0.04,0.07,0.0,0.0,1.0,1.0,0.0,1,115133.0
0,tcp,http,SF,331,1540,0,0,1,0,0,0,0,6,0.0,0.0,0.0,0.0,1.0,0.0,0.25,255,255,1.0,0.0,0.0,0.0,0.0,0.0,0.0,0,84408.0
0,tcp,ftp_data,SF,748,0,0,0,0,0,0,0,0,1,0.0,0.0,0.0,0.0,1.0,0.0,0.0,143,49,0.15,0.04,0.16,0.04,0.0,0.0,0.0,0,97587.0
0,tcp,http,SF,192,611,0,0,1,0,0,0,0,7,0.0,0.0,0.0,0.0,1.0,0.0,0.33,7,255,1.0,0.0,0.14,0.04,0.0,0.0,0.0,0,84729.0
0,udp,domain_u,SF,46,134,0,0,0,0,0,0,0,32,0.0,0.0,0.0,0.0,1.0,0.0,0.02,255,216,0.85,0.02,0.0,0.0,0.0,0.0,0.0,0,52541.0
0,icmp,eco_i,SF,8,0,0,0,0,0,0,0,0,1,0.0,0.0,0.0,0.0,1.0,0.0,1.0,2,61,1.0,0.0,1.0,0.26,0.0,0.0,0.0,1,74620.0
0,tcp,imap4,S0,0,0,0,0,0,0,0,0,0,285,1.0,1.0,0.0,0.0,0.04,0.06,0.0,255,12,0.05,0.07,0.0,0.0,1.0,1.0,0.0,1,79629.0
0,udp,domain_u,SF,45,74,0,0,0,0,0,0,0,238,0.0,0.0,0.0,0.0,1.0,0.0,0.0,255,255,1.0,0.0,0.01,0.0,0.0,0.0,0.0,0,98765.0
0,tcp,smtp,SF,653,364,0,0,1,0,0,0,0,1,0.0,0.0,0.0,0.0,1.0,0.0,1.0,102,64,0.63,0.06,0.01,0.0,0.01,0.0,0.0,0,81352.0
0,tcp,private,S0,0,0,0,0,0,0,0,0,0,91,1.0,1.0,0.0,0.0,0.08,0.07,0.0,255,18,0.07,0.07,0.0,0.0,1.0,1.0,0.0,1,104490.0
0,tcp,http,SF,230,465,0,0,1,0,0,0,0,6,0.0,0.0,0.0,0.0,1.0,0.0,0.0,255,249,0.98,0.01,0.0,0.0,0.0,0.0,0.0,0,6364.0
0,tcp,ftp_data,S0,0,0,0,0,0,0,0,0,0,137,1.0,1.0,0.0,0.0,0.01,0.06,0.0,255,1,0.0,0.06,0.0,0.0,1.0,1.0,0.0,1,2529.0
0,udp,domain_u,SF,44,129,0,0,0,0,0,0,0,76,0.0,0.0,0.0,0.0,0.99,0.03,0.01,210,161,0.77,0.02,0.0,0.0,0.0,0.0,0.0,0,53735.0
0,tcp,http,REJ,0,0,0,0,0,0,0,0,0,1,0.0,0.0,1.0,1.0,1.0,0.0,1.0,9,255,1.0,0.0,0.11,0.14,0.0,0.0,0.92,0,84953.0
56,tcp,http,SF,305,188,0,0,1,0,0,0,0,1,0.0,0.0,0.0,0.0,1.0,0.0,0.12,90,255,1.0,0.0,0.01,0.03,0.0,0.0,0.01,0,59520.0
0,udp,private,SF,1,0,0,0,0,0,0,0,0,23,0.0,0.0,0.0,0.0,0.3,0.13,0.0,255,7,0.03,0.64,0.41,0.0,0.05,0.0,0.0,1,61895.0
0,udp,domain_u,SF,88,0,0,0,0,0,0,0,0,2,0.0,0.0,0.0,0.0,1.0,0.0,0.29,80,60,0.75,0.03,0.75,0.0,0.0,0.0,0.0,0,1736.0
2,tcp,smtp,SF,2142,331,0,0,1,0,0,0,0,1,0.0,0.0,0.0,0.0,1.0,0.0,0.0,106,164,0.44,0.03,0.01,0.02,0.0,0.0,0.0,0,18056.0
0,tcp,smtp,SF,1555,331,0,0,1,0,0,0,0,1,0.0,0.0,0.0,0.0,1.0,0.0,0.0,146,91,0.62,0.04,0.01,0.0,0.0,0.0,0.0,0,28181.0
0,tcp,smtp,SF,3242,365,0,0,1,0,0,0,0,1,0.0,0.0,0.0,0.0,1.0,0.0,0.0,46,152,0.89,0.11,0.02,0.01,0.0,0.0,0.0,0,11104.0
0,icmp,eco_i,SF,8,0,0,0,0,0,0,0,0,1,0.0,0.0,0.0,0.0,1.0,0.0,1.0,2,36,1.0,0.0,1.0,0.5,0.0,0.0,0.0,1,76772.0
0,icmp,ecr_i,SF,520,0,0,0,0,0,0,0,0,436,0.0,0.0,0.0,0.0,1.0,0.0,0.0,180,180,1.0,0.0,1.0,0.0,0.0,0.0,0.0,1,51532.0
0,tcp,private,REJ,0,0,0,0,0,0,0,0,0,65,0.0,0.0,1.0,1.0,0.22,0.06,0.0,255,14,0.05,0.06,0.0,0.0,0.0,0.0,1.0,1,12536.0
0,icmp,ecr_i,SF,1032,0,0,0,0,0,0,0,0,66,0.0,0.0,0.0,0.0,1.0,0.0,0.0,255,66,0.26,0.02,0.26,0.0,0.0,0.0,0.0,1,89306.0
0,tcp,http,SF,244,1416,0,0,1,0,0,0,0,3,0.0,0.0,0.0,0.0,1.0,0.0,0.0,255,255,1.0,0.0,0.0,0.0,0.0,0.0,0.0,0,37950.0
0,tcp,http,SF,304,1380,0,0,1,0,0,0,0,4,0.0,0.0,0.0,0.0,1.0,0.0,0.0,202,196,0.97,0.01,0.0,0.0,0.0,0.0,0.08,0,33662.0
0,udp,domain_u,SF,45,138,0,0,0,0,0,0,0,189,0.0,0.0,0.0,0.0,0.99,0.01,0.01,191,152,0.8,0.02,0.01,0.0,0.0,0.0,0.0,0,75474.0
0,udp,domain_u,SF,29,89,0,0,0,0,0,0,0,7,0.0,0.0,0.0,0.0,0.86,0.29,0.19,136,101,0.74,0.02,0.01,0.0,0.0,0.0,0.0,0,68916.0
0,tcp,http,SF,247,26597,0,0,1,0,0,0,0,2,0.0,0.0,0.0,0.0,1.0,0.0,0.0,2,128,1.0,0.0,0.5,0.09,0.0,0.01,0.0,0,70071.0
0,tcp,http,SF,309,280,0,0,1,0,0,0,0,4,0.0,0.0,0.0,0.0,1.0,0.0,0.33,255,255,1.0,0.0,0.0,0.0,0.0,0.0,0.0,0,56556.0
0,tcp,http,SF,301,874,0,0,1,0,0,0,0,11,0.0,0.0,0.0,0.0,1.0,0.0,0.0,28,255,1.0,0.0,0.04,0.01,0.0,0.0,0.0,0,81361.0
0,udp,domain_u,SF,44,73,0,0,0,0,0,0,0,69,0.0,0.0,0.0,0.0,1.0,0.0,0.01,255,254,1.0,0.01,0.0,0.0,0.0,0.0,0.0,0,49644.0
0,tcp,http,S0,0,0,0,0,0,0,0,0,0,4,0.25,0.2,0.0,0.0,1.0,0.0,0.4,255,255,1.0,0.0,0.01,0.0,0.01,0.01,0.0,0,80645.0
0,tcp,ftp_data,S0,0,0,0,0,0,0,0,0,0,80,1.0,1.0,0.0,0.0,0.25,0.05,0.0,255,67,0.26,0.02,0.0,0.0,1.0,1.0,0.0,1,26127.0
0,udp,domain_u,SF,44,131,0,0,0,0,0,0,0,81,0.0,0.0,0.0,0.0,0.99,0.02,0.01,255,246,0.96,0.01,0.0,0.0,0.0,0.0,0.0,0,102610.0
0,tcp,smtp,SF,1454,332,0,0,1,0,0,0,0,1,0.0,0.0,0.0,0.0,1.0,0.0,0.0,115,125,0.56,0.07,0.01,0.02,0.01,0.0,0.0,0,70721.0
0,tcp,netstat,S0,0,0,0,0,0,0,0,0,0,234,1.0,1.0,0.0,0.0,0.0,0.07,0.0,255,1,0.0,0.07,0.0,0.0,1.0,1.0,0.0,1,54452.0
0,tcp,smtp,SF,3294,410,0,0,1,0,0,0,0,1,0.0,0.0,0.0,0.0,1.0,0.0,1.0,255,145,0.57,0.02,0.0,0.0,0.0,0.0,0.03,0,91115.0
0,tcp,http,SF,218,14638,0,0,1,0,0,0,0,4,0.0,0.0,0.0,0.0,1.0,0.0,0.0,255,255,1.0,0.0,0.0,0.0,0.0,0.0,0.0,0,41345.0
0,tcp,http,SF,236,1112,0,0,1,0,0,0,0,4,0.0,0.0,0.0,0.0,1.0,0.0,0.0,219,255,1.0,0.0,0.0,0.01,0.0,0.0,0.0,0,40811.0
0,icmp,ecr_i,SF,1032,0,0,0,0,0,0,0,0,510,0.0,0.0,0.0,0.0,1.0,0.0,0.0,255,45,0.18,0.18,0.18,0.0,0.0,0.0,0.0,1,90888.0
0,tcp,http,SF,175,497,0,0,1,0,0,0,0,2,0.0,0.0,0.0,0.0,1.0,0.0,0.75,18,255,1.0,0.0,0.06,0.01,0.06,0.0,0.0,0,23135.0
0,tcp,imap4,S0,0,0,0,0,0,0,0,0,0,203,1.0,1.0,0.0,0.0,0.03,0.07,0.0,255,6,0.02,0.06,0.0,0.0,1.0,1.0,0.0,1,123163.0
0,tcp,http,S0,0,0,0,0,0,0,0,0,0,171,1.0,1.0,0.0,0.0,0.04,0.06,0.0,255,6,0.02,0.05,0.0,0.0,1.0,1.0,0.0,1,15716.0
0,tcp,netbios_ns,S0,0,0,0,0,0,0,0,0,0,283,1.0,1.0,0.0,0.0,0.01,0.05,0.0,255,4,0.02,0.05,0.0,0.0,1.0,1.0,0.0,1,121776.0
0,tcp,private,S0,0,0,0,0,0,0,0,0,0,146,1.0,1.0,0.0,0.0,0.11,0.05,0.0,255,6,0.02,0.08,0.0,0.0,1.0,1.0,0.0,1,50524.0
0,tcp,telnet,S0,0,0,0,0,0,0,0,0,0,15,1.0,1.0,0.0,0.0,0.27,0.27,0.0,255,64,0.25,0.02,0.01,0.0,1.0,1.0,0.0,1,92394.0
0,tcp,http,SF,223,1134,0,0,1,0,0,0,0,18,0.0,0.03,0.0,0.0,1.0,0.0,0.08,49,255,1.0,0.0,0.02,0.01,0.0,0.01,0.0,0,101734.0
1,tcp,smtp,SF,1478,324,0,0,1,0,0,0,0,1,0.0,0.0,0.0,0.0,1.0,0.0,1.0,223,157,0.63,0.02,0.0,0.01,0.0,0.0,0.0,0,111759.0
0,tcp,http,S0,0,0,0,0,0,0,0,0,0,118,1.0,1.0,0.0,0.0,0.11,0.06,0.0,255,13,0.05,0.07,0.0,0.0,1.0,1.0,0.0,1,102527.0
0,udp,domain_u,SF,33,0,0,0,0,0,0,0,0,1,0.0,0.0,0.0,0.0,1.0,0.0,0.43,136,8,0.06,0.05,0.06,0.0,0.0,0.0,0.0,0,5801.0
0,tcp,http,S0,0,0,0,0,0,0,0,0,0,175,1.0,0.12,0.0,0.0,0.01,0.07,0.25,255,1,0.0,0.07,0.0,0.0,1.0,1.0,0.0,1,2677.0
0,tcp,ftp_data,SF,567,0,0,0,1,0,0,6,0,1,0.0,0.0,0.0,0.0,1.0,0.0,0.0,116,45,0.39,0.03,0.39,0.0,0.0,0.0,0.0,0,20620.0
0,tcp,pop_2,S0,0,0,0,0,0,0,0,0,0,261,1.0,1.0,0.0,0.0,0.06,0.06,0.0,255,16,0.06,0.07,0.0,0.0,1.0,1.0,0.0,1,79062.0
0,tcp,telnet,S0,0,0,0,0,0,0,0,0,0,232,1.0,1.0,0.0,0.0,0.06,0.06,0.0,255,14,0.05,0.06,0.0,0.0,1.0,1.0,0.0,1,48559.0
0,tcp,ftp_data,S0,0,0,0,0,0,0,0,0,0,265,1.0,1.0,0.0,0.0,0.06,0.07,0.0,255,15,0.06,0.08,0.0,0.0,1.0,1.0,0.0,1,63898.0
0,tcp,ftp_data,S0,0,0,0,0,0,0,0,0,0,4,1.0,1.0,0.0,0.0,0.5,0.5,0.0,255,22,0.09,0.07,0.0,0.0,1.0,1.0,0.0,1,70638.0
0,tcp,csnet_ns,S0,0,0,0,0,0,0,0,0,0,114,0.99,1.0,0.0,0.0,0.02,0.1,0.0,255,2,0.01,0.07,0.0,0.0,1.0,1.0,0.0,1,44165.0
0,tcp,http_443,S0,0,0,0,0,0,0,0,0,0,87,1.0,1.0,0.0,0.0,0.1,0.06,0.0,255,9,0.04,0.05,0.0,0.0,1.0,1.0,0.0,1,24380.0
0,tcp,http,SF,318,348,0,0,1,0,0,0,0,8,0.0,0.0,0.0,0.0,1.0,0.0,0.0,8,255,1.0,0.0,0.12,0.04,0.0,0.0,0.0,0,52014.0
0,udp,domain_u,SF,36,0,0,0,0,0,0,0,0,9,0.0,0.0,0.0,0.0,1.0,0.0,0.0,22,229,1.0,0.0,1.0,0.01,0.0,0.0,0.0,0,65009.0
0,tcp,http,S0,0,0,0,0,0,0,0,0,0,9,1.0,1.0,0.0,0.0,0.44,0.44,0.0,255,66,0.26,0.02,0.0,0.0,1.0,1.0,0.0,1,79085.0
0,tcp,vmnet,S0,0,0,0,0,0,0,0,0,0,80,1.0,1.0,0.0,0.0,0.15,0.08,0.0,255,13,0.05,0.07,0.0,0.0,1.0,1.0,0.0,1,8166.0
0,tcp,auth,S0,0,0,0,0,0,0,0,0,0,287,1.0,1.0,0.0,0.0,0.08,0.05,0.0,255,24,0.09,0.05,0.0,0.0,1.0,1.0,0.0,1,22760.0
0,udp,domain_u,SF,44,72,0,0,0,0,0,0,0,121,0.0,0.0,0.0,0.0,1.0,0.0,0.0,255,254,1.0,0.01,0.0,0.0,0.0,0.0,0.0,0,30181.0
0,tcp,private,RSTR,0,0,0,0,0,0,0,0,0,1,0.0,0.0,1.0,1.0,1.0,0.0,0.0,233,1,0.0,0.58,0.58,0.0,0.0,0.0,1.0,1,8120.0
0,tcp,Z39_50,S0,0,0,0,0,0,0,0,0,0,224,1.0,1.0,0.0,0.0,0.04,0.08,0.0,255,10,0.04,0.08,0.0,0.0,1.0,1.0,0.0,1,107093.0
22,tcp,X11,RSTR,3660,2016,0,0,1,0,0,0,0,2,0.0,0.0,0.5,0.5,1.0,0.0,0.0,6,6,1.0,0.0,0.17,0.0,0.17,0.17,0.17,0,78185.0
0,icmp,urp_i,SF,78,0,0,0,0,0,0,0,0,12,0.0,0.0,0.0,0.0,0.33,0.17,0.0,255,19,0.07,0.01,0.07,0.0,0.0,0.0,0.0,0,80836.0
0,tcp,http,SF,272,269,0,0,1,0,0,0,0,3,0.0,0.0,0.0,0.0,1.0,0.0,0.0,255,255,1.0,0.0,0.0,0.0,0.0,0.0,0.0,0,102888.0
0,tcp,exec,RSTO,0,0,0,0,0,0,0,0,0,137,0.0,0.0,1.0,1.0,0.07,0.06,0.0,255,4,0.02,0.06,0.0,0.0,0.0,0.0,1.0,1,411.0
0,tcp,telnet,S0,0,0,0,0,0,0,0,0,0,80,1.0,1.0,0.0,0.0,0.21,0.06,0.0,255,16,0.06,0.07,0.0,0.0,1.0,1.0,0.0,1,15609.0
0,tcp,whois,S0,0,0,0,0,0,0,0,0,0,266,1.0,1.0,0.0,0.0,0.04,0.06,0.0,255,10,0.04,0.06,0.0,0.0,1.0,1.0,0.0,1,97325.0
0,tcp,telnet,S0,0,0,0,0,0,0,0,0,0,59,1.0,1.0,0.0,0.0,0.22,0.07,0.0,255,33,0.13,0.06,0.01,0.0,1.0,1.0,0.0,1,98159.0
0,tcp,ftp_data,SF,15722,0,0,0,1,0,0,0,0,6,0.0,0.0,0.0,0.0,1.0,0.0,0.0,116,76,0.31,0.13,0.39,0.03,0.01,0.01,0.0,0,51843.0
0,tcp,http,SF,222,1483,0,0,1,0,0,0,0,7,0.0,0.0,0.0,0.0,1.0,0.0,0.0,255,255,1.0,0.0,0.0,0.0,0.0,0.0,0.0,0,2824.0
0,tcp,http,SF,288,1771,0,0,1,0,0,0,0,23,0.0,0.0,0.0,0.0,1.0,0.0,0.12,229,255,1.0,0.0,0.0,0.01,0.0,0.0,0.0,0,103622.0
0,tcp,daytime,S0,0,0,0,0,0,0,0,0,0,140,1.0,1.0,0.0,0.0,0.17,0.05,0.0,255,11,0.04,0.06,0.0,0.0,1.0,1.0,0.0,1,104940.0
0,tcp,whois,S0,0,0,0,0,0,0,0,0,0,213,1.0,1.0,0.0,0.0,0.06,0.06,0.0,255,8,0.03,0.08,0.0,0.0,1.0,1.0,0.0,1,35617.0
0,icmp,ecr_i,SF,1032,0,0,0,0,0,0,0,0,511,0.0,0.0,0.0,0.0,1.0,0.0,0.0,255,60,0.24,0.04,0.24,0.0,0.18,0.0,0.0,1,120212.0
26,tcp,ftp,SF,876,2586,0,18,1,0,0,0,0,1,0.0,0.0,0.0,0.0,1.0,0.0,0.0,255,70,0.27,0.02,0.0,0.0,0.0,0.0,0.0,0,43889.0
0,tcp,link,REJ,0,0,0,0,0,0,0,0,0,267,0.0,0.0,1.0,1.0,0.07,0.06,0.0,255,20,0.08,0.08,0.0,0.0,0.0,0.0,1.0,1,68556.0
0,tcp,http,S0,0,0,0,0,0,0,0,0,0,48,1.0,1.0,0.0,0.0,0.31,0.08,0.0,255,45,0.18,0.05,0.01,0.0,1.0,1.0,0.0,1,96376.0
0,tcp,private,S0,0,0,0,0,0,0,0,0,0,18,1.0,1.0,0.0,0.0,0.94,0.11,0.0,255,17,0.07,0.07,0.0,0.0,1.0,1.0,0.0,1,25178.0
0,tcp,private,REJ,0,0,0,0,0,0,0,0,0,1,0.0,0.0,1.0,1.0,1.0,0.0,0.0,255,1,0.0,0.77,0.76,0.0,0.0,0.0,1.0,1,82441.0
0,tcp,bgp,S0,0,0,0,0,0,0,0,0,0,262,1.0,1.0,0.0,0.0,0.02,0.06,0.0,255,6,0.02,0.07,0.0,0.0,1.0,1.0,0.0,1,39907.0
0,udp,domain_u,SF,42,42,0,0,0,0,0,0,0,5,0.0,0.0,0.0,0.0,1.0,0.0,0.0,255,249,0.98,0.01,0.01,0.0,0.0,0.0,0.0,0,103476.0
0,udp,private,SF,28,0,3,0,0,0,0,0,0,8,0.0,0.0,0.0,0.0,1.0,0.0,0.0,255,8,0.03,0.02,0.03,0.0,0.0,0.0,0.0,1,35933.0
0,tcp,bgp,REJ,0,0,0,0,0,0,0,0,0,269,0.0,0.0,1.0,1.0,0.06,0.07,0.0,255,15,0.06,0.07,0.0,0.0,0.0,0.0,1.0,1,121169.0
1,tcp,smtp,SF,794,277,0,0,1,0,0,0,0,1,0.0,0.0,0.0,0.0,1.0,0.0,1.0,9,9,1.0,0.0,0.11,0.0,0.0,0.0,0.0,0,69216.0
0,tcp,http,SF,236,1860,0,0,1,0,0,0,0,2,0.0,0.0,0.0,0.0,1.0,0.0,0.0,67,255,1.0,0.0,0.01,0.03,0.0,0.0,0.0,0,50152.0
0,tcp,http,SF,54540,8314,0,2,1,1,0,0,0,2,0.0,0.0,0.5,0.5,1.0,0.0,0.0,255,255,1.0,0.0,0.0,0.0,0.0,0.0,0.03,1,39669.0
0,tcp,smtp,SF,1410,334,0,0,1,0,0,0,0,1,0.0,0.0,0.0,0.0,1.0,0.0,0.0,215,131,0.61,0.02,0.0,0.0,0.0,0.0,0.0,0,110323.0
0,tcp,mtp,S0,0,0,0,0,0,0,0,0,0,286,1.0,1.0,0.0,0.0,0.01,0.05,0.0,255,4,0.02,0.05,0.0,0.0,1.0,1.0,0.0,1,23673.0
0,tcp,http,SF,199,3067,0,0,1,0,0,0,0,14,0.0,0.0,0.0,0.0,1.0,0.0,0.0,44,255,1.0,0.0,0.02,0.02,0.0,0.0,0.0,0,96338.0
0,tcp,http_443,S0,0,0,0,0,0,0,0,0,0,125,1.0,1.0,0.0,0.0,0.01,0.07,0.0,255,1,0.0,0.06,0.0,0.0,1.0,1.0,0.0,1,33782.0
0,tcp,private,S0,0,0,0,0,0,0,0,0,0,228,1.0,1.0,0.0,0.0,0.02,0.07,0.0,255,19,0.07,0.06,0.0,0.0,1.0,1.0,0.0,1,2723.0
0,udp,private,SF,105,147,0,0,0,0,0,0,0,1,0.0,0.0,0.0,0.0,1.0,0.0,0.0,109,108,0.99,0.02,0.01,0.0,0.0,0.0,0.0,0,54513.0
0,udp,private,SF,215,0,0,0,0,0,0,0,0,1,0.0,0.0,0.0,0.0,1.0,0.0,0.0,193,161,0.83,0.01,0.83,0.0,0.0,0.0,0.0,1,16246.0
0,tcp,http,SF,200,1856,0,0,1,0,0,0,0,17,0.0,0.0,0.0,0.0,1.0,0.0,0.0,255,255,1.0,0.0,0.0,0.0,0.0,0.0,0.0,0,92215.0
0,tcp,smtp,SF,841,325,0,0,1,0,0,0,0,1,0.0,0.0,0.0,0.0,1.0,0.0,0.0,30,119,0.53,0.17,0.07,0.02,0.0,0.0,0.0,0,4383.0
0,tcp,private,S0,0,0,0,0,0,0,0,0,0,206,1.0,1.0,0.0,0.0,0.05,0.08,0.0,255,11,0.04,0.09,0.0,0.0,1.0,1.0,0.0,1,67651.0
0,tcp,finger,SF,7,138,0,0,0,0,0,0,0,1,0.0,0.0,0.0,0.0,1.0,0.0,0.0,29,4,0.03,0.17,0.03,0.5,0.0,0.0,0.0,0,97255.0
0,tcp,http,SF,316,4441,0,0,1,0,0,0,0,8,0.0,0.0,0.0,0.0,1.0,0.0,0.13,52,255,1.0,0.0,0.02,0.04,0.0,0.0,0.0,0,31065.0
0,tcp,netbios_dgm,S0,0,0,0,0,0,0,0,0,0,219,1.0,1.0,0.0,0.0,0.08,0.06,0.0,255,17,0.07,0.07,0.0,0.0,1.0,1.0,0.0,1,117266.0
0,tcp,ftp_data,SF,245,0,0,0,0,0,0,0,0,2,0.0,0.0,0.0,0.0,1.0,0.0,0.0,60,49,0.03,0.08,0.03,0.04,0.0,0.0,0.0,0,92213.0
1,tcp,smtp,SF,1763,370,0,0,1,0,0,0,0,1,0.0,0.0,0.0,0.0,1.0,0.0,0.0,209,177,0.71,0.02,0.0,0.01,0.0,0.0,0.06,0,42256.0
0,tcp,http,SF,296,431,0,0,1,0,0,0,0,2,0.0,0.0,0.0,0.0,1.0,0.0,0.0,186,255,1.0,0.0,0.01,0.02,0.0,0.0,0.0,0,64125.0
0,icmp,ecr_i,SF,1032,0,0,0,0,0,0,0,0,509,0.0,0.0,0.0,0.0,1.0,0.0,0.0,187,42,0.22,0.02,0.22,0.0,0.0,0.0,0.0,1,125687.0
0,udp,private,SF,1,0,0,0,0,0,0,0,0,148,0.0,0.0,0.0,0.0,0.93,0.01,0.0,255,204,0.8,0.03,1.0,0.0,0.0,0.0,0.0,1,119615.0
0,tcp,Z39_50,REJ,0,0,0,0,0,0,0,0,0,208,0.0,0.0,1.0,1.0,0.1,0.06,0.0,255,20,0.08,0.07,0.0,0.0,0.0,0.0,1.0,1,116275.0
0,udp,domain_u,SF,45,130,0,0,0,0,0,0,0,118,0.0,0.0,0.0,0.0,1.0,0.0,0.01,255,255,1.0,0.0,0.0,0.0,0.0,0.0,0.0,0,67831.0
0,tcp,private,S0,0,0,0,0,0,0,0,0,0,119,1.0,1.0,0.0,0.0,0.15,0.07,0.0,255,18,0.07,0.09,0.0,0.0,1.0,1.0,0.0,1,70987.0
0,tcp,http,SF,241,851,0,0,1,0,0,0,0,17,0.0,0.0,0.0,0.0,1.0,0.0,0.06,127,255,1.0,0.0,0.01,0.03,0.0,0.0,0.0,0,265.0
0,tcp,http,SF,247,1330,0,0,1,0,0,0,0,8,0.0,0.0,0.0,0.0,1.0,0.0,0.22,147,255,1.0,0.0,0.01,0.03,0.01,0.0,0.0,0,71884.0
27261,tcp,private,RSTR,1,0,0,0,0,0,0,0,0,2,0.0,0.0,1.0,1.0,1.0,0.0,0.0,255,2,0.01,0.74,1.0,0.0,0.0,0.0,1.0,1,49892.0
2898,udp,other,SF,147,105,0,0,0,0,0,0,0,3,0.0,0.0,0.0,0.0,0.67,0.67,0.0,255,2,0.01,0.63,0.88,0.0,0.0,0.0,0.0,0,34892.0
0,icmp,eco_i,SF,8,0,0,0,0,0,0,0,0,1,0.0,0.0,0.0,0.0,1.0,0.0,1.0,1,53,1.0,0.0,1.0,0.51,0.0,0.0,0.0,1,7481.0
0,tcp,http,SF,218,302,0,0,1,0,0,0,0,15,0.0,0.0,0.0,0.0,1.0,0.0,0.11,255,255,1.0,0.0,0.0,0.0,0.0,0.0,0.0,0,29503.0
0,tcp,smtp,SF,693,328,0,0,1,0,0,0,0,1,0.0,0.0,0.0,0.0,1.0,0.0,1.0,74,241,0.97,0.03,0.01,0.01,0.0,0.0,0.0,0,108097.0
0,udp,domain_u,SF,43,131,0,0,0,0,0,0,0,1,0.0,0.0,0.0,0.0,1.0,0.0,0.0,34,28,0.82,0.06,0.03,0.0,0.0,0.0,0.0,0,114774.0
0,tcp,http,SF,324,1063,0,0,1,0,0,0,0,52,0.0,0.0,0.0,0.0,1.0,0.0,0.05,65,255,1.0,0.0,0.02,0.05,0.0,0.0,0.0,0,92511.0
0,tcp,http,REJ,0,0,0,0,0,0,0,0,0,1,0.0,0.0,1.0,1.0,1.0,0.0,0.0,4,143,1.0,0.0,0.25,0.13,0.0,0.0,0.85,0,12101.0
0,tcp,ftp_data,SF,192,0,0,0,1,0,0,0,0,2,0.0,0.0,0.0,0.0,1.0,0.0,0.0,255,117,0.46,0.03,0.46,0.0,0.0,0.01,0.0,0,76620.0
0,tcp,http,S0,0,0,0,0,0,0,0,0,0,2,0.5,0.5,0.0,0.0,1.0,0.0,0.0,2,255,1.0,0.0,1.0,0.02,0.5,0.02,0.03,0,29221.0
0,tcp,Z39_50,S0,0,0,0,0,0,0,0,0,0,217,1.0,1.0,0.0,0.0,0.08,0.06,0.0,255,17,0.07,0.07,0.0,0.0,1.0,1.0,0.0,1,26184.0
0,icmp,ecr_i,SF,1032,0,0,0,0,0,0,0,0,511,0.0,0.0,0.0,0.0,1.0,0.0,0.0,255,209,0.82,0.11,0.82,0.0,0.0,0.0,0.0,1,62351.0
0,tcp,http,SF,216,4080,0,0,1,0,0,0,0,6,0.0,0.0,0.0,0.0,1.0,0.0,0.08,211,255,1.0,0.0,0.0,0.02,0.0,0.0,0.0,0,15585.0
0,icmp,eco_i,SF,8,0,0,0,0,0,0,0,0,1,0.0,0.0,0.0,0.0,1.0,0.0,1.0,2,78,1.0,0.0,1.0,0.5,0.0,0.0,0.0,1,66621.0
0,tcp,private,S0,0,0,0,0,0,0,0,0,0,215,1.0,1.0,0.0,0.0,0.09,0.05,0.0,255,19,0.07,0.07,0.0,0.0,1.0,1.0,0.0,1,60533.0
0,tcp,ftp_data,S0,0,0,0,0,0,0,0,0,0,36,0.97,1.0,0.03,0.0,0.31,0.11,0.0,255,9,0.04,0.07,0.01,0.0,1.0,1.0,0.0,1,66408.0
0,tcp,http,SF,177,2877,0,0,1,0,0,0,0,2,0.5,0.5,0.0,0.0,1.0,0.0,0.0,2,255,1.0,0.0,0.5,0.05,0.5,0.0,0.0,0,81428.0
0,tcp,ftp_data,SF,175337,0,0,0,0,0,0,0,0,1,0.0,0.0,0.0,0.0,1.0,0.0,0.0,255,90,0.35,0.02,0.35,0.0,0.0,0.0,0.0,0,14717.0
0,tcp,courier,S0,0,0,0,0,0,0,0,0,0,144,1.0,1.0,0.0,0.0,0.14,0.06,0.0,255,20,0.08,0.06,0.0,0.0,1.0,1.0,0.0,1,59962.0
0,tcp,private,S0,0,0,0,0,0,0,0,0,0,217,1.0,1.0,0.0,0.0,0.04,0.06,0.0,255,9,0.04,0.07,0.0,0.0,1.0,1.0,0.0,1,117931.0
0,tcp,http,SF,308,2239,0,0,1,0,0,0,0,6,0.0,0.0,0.0,0.0,1.0,0.0,0.0,116,103,0.89,0.03,0.01,0.0,0.0,0.0,0.0,0,100043.0
0,tcp,telnet,S0,0,0,0,0,0,0,0,0,0,300,1.0,1.0,0.0,0.0,0.07,0.05,0.0,255,20,0.08,0.07,0.0,0.0,1.0,1.0,0.0,1,82969.0
0,tcp,daytime,RSTO,0,0,0,0,0,0,0,0,0,282,0.0,0.0,1.0,1.0,0.04,0.06,0.0,255,12,0.05,0.07,0.0,0.0,0.0,0.0,1.0,1,50593.0
1,tcp,smtp,SF,1046,328,0,0,1,0,0,0,0,2,0.0,0.0,0.0,0.0,0.5,1.0,1.0,32,207,0.97,0.06,0.03,0.01,0.0,0.0,0.0,0,77379.0
2,tcp,smtp,SF,1072,327,0,0,1,0,0,0,0,1,0.0,0.0,0.0,0.0,1.0,0.0,0.0,132,224,0.95,0.02,0.01,0.01,0.0,0.0,0.0,0,33834.0
0,tcp,ftp_data,SF,12,0,0,0,1,0,0,0,0,2,0.0,0.0,0.0,0.0,1.0,0.0,0.0,222,70,0.32,0.03,0.32,0.0,0.0,0.0,0.0,0,76417.0
0,tcp,http,SF,332,887,0,0,1,0,0,0,0,6,0.17,0.17,0.0,0.0,1.0,0.0,0.0,255,255,1.0,0.0,0.0,0.0,0.0,0.0,0.0,0,12871.0
0,tcp,ftp_data,SF,192,0,0,0,1,0,0,0,0,2,0.0,0.0,0.0,0.0,1.0,0.0,0.0,47,52,0.17,0.06,0.17,0.04,0.0,0.02,0.0,0,21397.0
0,tcp,private,S0,0,0,0,0,0,0,0,0,0,33,1.0,1.0,0.0,0.0,0.48,0.15,0.0,255,16,0.06,0.08,0.0,0.0,1.0,1.0,0.0,1,22023.0
0,tcp,http,SF,255,2972,0,0,1,0,0,0,0,1,0.0,0.0,0.0,0.0,1.0,0.0,0.6,162,255,1.0,0.0,0.01,0.01,0.0,0.0,0.0,0,22340.0
0,tcp,http,SF,316,434,0,0,1,0,0,0,0,30,0.0,0.0,0.0,0.0,1.0,0.0,0.15,255,255,1.0,0.0,0.0,0.0,0.0,0.0,0.0,0,57262.0
0,tcp,http,SF,228,1695,0,0,1,0,0,0,0,10,0.0,0.0,0.0,0.0,1.0,0.0,0.18,255,255,1.0,0.0,0.0,0.0,0.0,0.0,0.0,0,11706.0
0,tcp,ftp_data,S0,0,0,0,0,0,0,0,0,0,39,1.0,1.0,0.0,0.0,0.49,0.05,0.0,255,19,0.07,0.06,0.01,0.0,1.0,1.0,0.0,1,89007.0
0,tcp,smtp,SF,710,327,0,0,1,0,0,0,0,1,0.0,0.0,0.0,0.0,1.0,0.0,0.0,255,149,0.58,0.02,0.0,0.0,0.0,0.0,0.0,0,91725.0
0,udp,domain_u,SF,45,126,0,0,0,0,0,0,0,77,0.0,0.0,0.0,0.0,1.0,0.0,0.01,255,255,1.0,0.0,0.0,0.0,0.0,0.0,0.0,0,18414.0
0,tcp,domain,S0,0,0,0,0,0,0,0,0,0,115,1.0,1.0,0.0,0.0,0.17,0.06,0.0,255,10,0.04,0.06,0.0,0.0,1.0,1.0,0.0,1,13229.0
0,tcp,systat,S0,0,0,0,0,0,0,0,0,0,236,1.0,1.0,0.0,0.0,0.1,0.06,0.0,255,24,0.09,0.06,0.0,0.0,1.0,1.0,0.0,1,94430.0
0,udp,private,SF,1,0,0,0,0,0,0,0,0,27,0.0,0.0,0.0,0.0,0.04,0.3,0.0,255,1,0.0,0.82,0.21,0.0,0.1,0.0,0.0,1,46060.0
0,tcp,echo,RSTO,0,0,0,0,0,0,0,0,0,133,0.0,0.0,1.0,1.0,0.14,0.06,0.0,255,11,0.04,0.07,0.0,0.0,0.0,0.0,1.0,1,117499.0
0,icmp,ecr_i,SF,1032,0,0,0,0,0,0,0,0,511,0.0,0.0,0.0,0.0,1.0,0.0,0.0,189,95,0.5,0.04,0.5,0.0,0.01,0.0,0.0,1,31174.0
0,udp,domain_u,SF,46,134,0,0,0,0,0,0,0,87,0.0,0.0,0.0,0.0,1.0,0.0,0.0,255,194,0.76,0.01,0.0,0.0,0.0,0.0,0.0,0,29652.0
0,tcp,http,SF,54540,8314,0,2,1,1,0,0,0,1,0.0,0.0,0.0,0.0,1.0,0.0,0.0,179,179,1.0,0.0,0.01,0.0,0.0,0.0,0.01,1,69620.0
1,tcp,private,RSTR,0,0,0,0,0,0,0,0,0,323,0.0,0.0,1.0,1.0,0.01,0.5,0.0,255,2,0.01,0.51,1.0,0.0,0.0,0.0,1.0,1,17431.0
0,tcp,courier,S0,0,0,0,0,0,0,0,0,0,124,1.0,1.0,0.0,0.0,0.15,0.06,0.0,255,19,0.07,0.05,0.0,0.0,1.0,1.0,0.0,1,39473.0
14178,tcp,other,RSTR,1,0,0,0,0,0,0,0,0,2,0.0,0.0,1.0,1.0,1.0,0.0,0.0,255,2,0.01,0.68,1.0,0.0,0.0,0.0,1.0,1,94785.0
0,tcp,private,REJ,0,0,0,0,0,0,0,0,0,236,0.0,0.0,1.0,1.0,0.01,0.07,0.0,255,2,0.01,0.08,0.0,0.0,0.0,0.0,1.0,1,77647.0
0,tcp,auth,S0,0,0,0,0,0,0,0,0,0,257,1.0,1.0,0.0,0.0,0.01,0.07,0.0,255,3,0.01,0.08,0.0,0.0,1.0,1.0,0.0,1,5421.0
0,tcp,ctf,S0,0,0,0,0,0,0,0,0,0,234,1.0,1.0,0.0,0.0,0.07,0.06,0.0,255,16,0.06,0.07,0.0,0.0,1.0,1.0,0.0,1,8791.0
0,tcp,private,S0,0,0,0,0,0,0,0,0,0,78,1.0,1.0,0.0,0.0,0.15,0.06,0.0,255,20,0.08,0.07,0.0,0.0,1.0,1.0,0.0,1,47686.0
1,tcp,ftp,SF,1243,2451,0,28,1,0,0,0,0,1,0.0,0.0,0.0,0.0,1.0,0.0,0.0,255,35,0.14,0.02,0.0,0.0,0.08,0.0,0.0,1,99957.0
0,tcp,http,SF,312,3368,0,0,1,0,0,0,0,12,0.0,0.0,0.0,0.0,1.0,0.0,0.0,255,255,1.0,0.0,0.01,0.0,0.0,0.0,0.0,0,83116.0
0,tcp,http,SF,254,1434,0,0,1,0,0,0,0,2,0.0,0.0,0.0,0.0,1.0,0.0,0.5,115,255,1.0,0.0,0.01,0.02,0.0,0.0,0.0,0,38715.0
0,tcp,private,S0,0,0,0,0,0,0,0,0,0,108,1.0,1.0,0.0,0.0,0.03,0.07,0.0,255,19,0.07,0.07,0.0,0.0,1.0,1.0,0.0,1,120114.0
0,tcp,supdup,REJ,0,0,0,0,0,0,0,0,0,511,0.07,0.0,0.91,1.0,0.0,1.0,0.0,255,1,0.0,1.0,0.0,0.0,0.09,0.0,1.0,1,28759.0
0,tcp,telnet,RSTO,1,15,0,1,0,0,0,0,0,1,0.0,0.0,1.0,1.0,1.0,0.0,0.0,104,1,0.01,0.06,0.01,0.0,0.01,0.0,1.0,0,71082.0
0,tcp,private,S0,0,0,0,0,0,0,0,0,0,231,1.0,1.0,0.0,0.0,0.1,0.05,0.0,255,24,0.09,0.06,0.0,0.0,1.0,1.0,0.0,1,100823.0
0,tcp,efs,S0,0,0,0,0,0,0,0,0,0,141,1.0,1.0,0.0,0.0,0.08,0.06,0.0,255,4,0.02,0.07,0.0,0.0,1.0,1.0,0.0,1,92194.0
0,tcp,ftp_data,SF,5336,0,0,0,0,0,0,0,0,7,0.0,0.0,0.0,0.0,1.0,0.0,0.0,41,74,0.32,0.05,0.32,0.03,0.0,0.0,0.0,0,37622.0
0,tcp,private,S0,0,0,0,0,0,0,0,0,0,203,1.0,1.0,0.0,0.0,0.1,0.06,0.0,255,10,0.04,0.07,0.0,0.0,1.0,1.0,0.0,1,38376.0
0,tcp,klogin,S0,0,0,0,0,0,0,0,0,0,145,1.0,1.0,0.0,0.0,0.07,0.06,0.0,255,9,0.04,0.05,0.0,0.0,1.0,1.0,0.0,1,52846.0
0,tcp,http,SF,236,10012,0,0,1,0,0,0,0,20,0.0,0.0,0.0,0.0,1.0,0.0,0.0,168,255,1.0,0.0,0.01,0.03,0.0,0.0,0.0,0,50654.0
0,tcp,private,S0,0,0,0,0,0,0,0,0,0,102,1.0,1.0,0.0,0.0,0.03,0.07,0.0,255,18,0.07,0.06,0.0,0.0,1.0,1.0,0.0,1,88017.0
0,tcp,uucp_path,S0,0,0,0,0,0,0,0,0,0,135,1.0,1.0,0.0,0.0,0.14,0.06,0.0,255,19,0.07,0.07,0.0,0.0,1.0,1.0,0.0,1,86695.0
0,tcp,http,SF,394,5643,0,0,1,0,0,0,0,3,0.0,0.0,0.0,0.0,1.0,0.0,0.0,98,255,1.0,0.0,0.01,0.05,0.0,0.0,0.0,0,14748.0
0,tcp,http_443,S0,0,0,0,0,0,0,0,0,0,4,1.0,1.0,0.0,0.0,0.75,0.5,0.0,255,13,0.05,0.09,0.0,0.0,1.0,1.0,0.0,1,85444.0
0,icmp,eco_i,SF,8,0,0,0,0,0,0,0,0,1,0.0,0.0,0.0,0.0,1.0,0.0,1.0,2,255,1.0,0.0,1.0,0.5,0.0,0.0,0.0,1,55730.0
0,tcp,private,REJ,0,0,0,0,0,0,0,0,0,156,0.0,0.0,1.0,1.0,0.04,0.06,0.0,255,6,0.02,0.08,0.0,0.0,0.0,0.0,1.0,1,34694.0
0,icmp,ecr_i,SF,1032,0,0,0,0,0,0,0,0,511,0.0,0.0,0.0,0.0,1.0,0.0,0.0,255,50,0.2,0.03,0.2,0.0,0.02,0.0,0.0,1,54993.0
0,tcp,ftp_data,SF,22,0,0,0,0,0,0,0,0,1,0.0,0.0,0.0,0.0,1.0,0.0,0.0,29,122,0.9,0.14,0.9,0.02,0.0,0.0,0.0,0,85914.0
0,tcp,private,S0,0,0,0,0,0,0,0,0,0,252,1.0,1.0,0.0,0.0,0.02,0.06,0.0,255,14,0.05,0.07,0.0,0.0,1.0,1.0,0.0,1,68198.0
0,udp,domain_u,SF,43,43,0,0,0,0,0,0,0,140,0.0,0.0,0.0,0.0,1.0,0.0,0.01,255,209,0.82,0.01,0.01,0.0,0.0,0.0,0.0,0,37531.0
0,tcp,iso_tsap,S0,0,0,0,0,0,0,0,0,0,256,1.0,1.0,0.0,0.0,0.04,0.06,0.0,255,11,0.04,0.07,0.0,0.0,1.0,1.0,0.0,1,15802.0
0,icmp,urp_i,SF,86,0,0,0,0,0,0,0,0,8,0.0,0.0,0.0,0.0,0.38,0.25,0.14,255,29,0.11,0.01,0.11,0.0,0.0,0.0,0.0,0,50293.0
0,tcp,vmnet,S0,0,0,0,0,0,0,0,0,0,121,1.0,1.0,0.0,0.0,0.12,0.07,0.0,255,15,0.06,0.07,0.0,0.0,1.0,1.0,0.0,1,125129.0
0,icmp,ecr_i,SF,520,0,0,0,0,0,0,0,0,331,0.0,0.0,0.0,0.0,1.0,0.0,0.0,255,255,1.0,0.0,1.0,0.0,0.0,0.0,0.0,1,76721.0
0,tcp,Z39_50,S0,0,0,0,0,0,0,0,0,0,288,1.0,1.0,0.0,0.0,0.07,0.06,0.0,255,20,0.08,0.07,0.0,0.0,1.0,1.0,0.0,1,3758.0
1,tcp,private,RSTR,0,0,0,0,0,0,0,0,0,65,0.0,0.0,1.0,1.0,0.03,0.54,0.0,235,2,0.01,0.15,0.28,0.0,0.01,0.0,1.0,1,778.0
0,tcp,courier,REJ,0,0,0,0,0,0,0,0,0,103,0.0,0.0,1.0,1.0,0.04,0.07,0.0,255,4,0.02,0.06,0.0,0.0,0.0,0.0,1.0,1,42034.0
0,tcp,http,SF,314,288,0,0,1,0,0,0,0,1,0.0,0.0,0.0,0.0,1.0,0.0,0.17,4,255,1.0,0.0,0.25,0.01,0.25,0.0,0.0,0,21854.0
25,tcp,other,SF,35195,0,0,0,1,0,0,0,0,1,0.0,0.0,0.0,0.0,1.0,0.0,0.0,73,1,0.01,0.38,0.53,0.0,0.0,0.0,0.0,0,49540.0
0,tcp,http,SF,353,2619,0,0,1,0,0,0,0,10,0.0,0.0,0.0,0.0,1.0,0.0,0.18,158,255,1.0,0.0,0.01,0.01,0.0,0.0,0.0,0,44096.0
0,tcp,finger,SF,9,317,0,0,0,0,0,0,0,1,0.0,0.0,0.0,0.0,1.0,0.0,0.0,41,8,0.02,0.07,0.02,0.38,0.0,0.0,0.0,0,1031.0
0,tcp,netstat,S0,0,0,0,0,0,0,0,0,0,198,1.0,1.0,0.0,0.0,0.11,0.06,0.0,255,22,0.09,0.06,0.0,0.0,1.0,1.0,0.0,1,118302.0
0,tcp,private,REJ,0,0,0,0,0,0,0,0,0,173,0.0,0.0,1.0,1.0,0.08,0.08,0.0,255,14,0.05,0.07,0.0,0.0,0.0,0.0,1.0,1,24434.0
0,tcp,netbios_ns,REJ,0,0,0,0,0,0,0,0,0,237,0.0,0.0,1.0,1.0,0.04,0.07,0.0,255,10,0.04,0.07,0.0,0.0,0.0,0.0,1.0,1,92083.0
0,udp,domain_u,SF,46,78,0,0,0,0,0,0,0,259,0.0,0.0,0.0,0.0,1.0,0.01,0.01,255,255,1.0,0.0,0.0,0.0,0.0,0.0,0.0,0,20000.0
0,tcp,private,S0,0,0,0,0,0,0,0,0,0,147,1.0,1.0,0.0,0.0,0.07,0.05,0.0,255,4,0.02,0.08,0.0,0.0,1.0,1.0,0.0,1,109371.0
0,tcp,private,S0,0,0,0,0,0,0,0,0,0,51,1.0,1.0,0.0,0.0,0.08,0.12,0.0,255,22,0.09,0.08,0.0,0.0,1.0,1.0,0.0,1,74146.0
0,tcp,ftp_data,SF,4753,0,0,0,1,0,0,0,0,14,0.07,0.07,0.0,0.0,1.0,0.0,0.0,243,73,0.3,0.03,0.31,0.0,0.02,0.04,0.0,0,44610.0
0,tcp,private,REJ,0,0,0,0,0,0,0,0,0,152,0.0,0.0,1.0,1.0,0.11,0.07,0.0,255,16,0.06,0.09,0.0,0.0,0.0,0.0,1.0,1,20203.0
2597,udp,other,SF,147,105,0,0,0,0,0,0,0,1,0.0,0.0,0.0,0.0,1.0,0.0,0.0,234,1,0.0,0.44,0.82,0.0,0.0,0.0,0.0,0,26403.0
0,tcp,http,SF,231,1620,0,0,1,0,0,0,0,9,0.0,0.0,0.0,0.0,1.0,0.0,0.0,34,255,1.0,0.0,0.03,0.02,0.0,0.0,0.0,0,87516.0
0,tcp,smtp,SF,696,337,0,0,1,0,0,0,0,1,0.0,0.0,0.0,0.0,1.0,0.0,0.0,36,167,0.89,0.06,0.03,0.01,0.0,0.0,0.0,0,31632.0
0,tcp,smtp,SF,1122,387,0,0,1,0,0,0,0,1,0.0,0.0,0.0,0.0,1.0,0.0,0.0,255,73,0.29,0.35,0.0,0.0,0.35,0.0,0.0,0,30308.0
0,udp,domain_u,SF,43,133,0,0,0,0,0,0,0,7,0.0,0.0,0.0,0.0,1.0,0.0,0.33,127,62,0.49,0.03,0.01,0.0,0.0,0.0,0.0,0,16282.0
0,tcp,http,SF,239,684,0,0,1,0,0,0,0,1,0.0,0.0,0.0,0.0,1.0,0.0,0.0,19,255,1.0,0.0,0.05,0.07,0.0,0.0,0.0,0,104829.0
4001,tcp,other,RSTR,1,0,0,0,0,0,0,0,0,2,0.0,0.0,1.0,1.0,1.0,0.0,0.0,255,2,0.01,0.69,1.0,0.0,0.0,0.0,1.0,1,64687.0
0,tcp,private,S0,0,0,0,0,0,0,0,0,0,39,1.0,1.0,0.0,0.0,0.13,0.15,0.0,255,5,0.02,0.07,0.0,0.0,1.0,1.0,0.0,1,30362.0
0,tcp,http,SF,195,42766,0,0,1,0,0,0,0,4,0.0,0.0,0.0,0.0,1.0,0.0,0.0,4,255,1.0,0.0,0.25,0.05,0.0,0.0,0.0,0,95909.0
0,tcp,http,SF,218,482,0,0,1,0,0,0,0,5,0.0,0.0,0.0,0.0,1.0,0.0,0.0,110,255,1.0,0.0,0.01,0.02,0.01,0.0,0.0,0,23199.0
0,tcp,http,SF,206,450,0,0,1,0,0,0,0,11,0.0,0.0,0.0,0.0,1.0,0.0,0.0,134,255,1.0,0.0,0.01,0.02,0.0,0.0,0.0,0,121571.0
0,tcp,name,S0,0,0,0,0,0,0,0,0,0,199,1.0,1.0,0.0,0.0,0.05,0.07,0.0,255,9,0.04,0.07,0.0,0.0,1.0,1.0,0.0,1,22597.0
0,icmp,urp_i,SF,182,0,0,0,0,0,0,0,0,2,0.0,0.0,0.0,0.0,0.5,1.0,0.0,255,30,0.12,0.01,0.14,0.0,0.0,0.0,0.0,0,63025.0
2,tcp,ftp_data,SF,2194619,0,0,0,1,0,0,0,0,2,0.0,0.0,0.0,0.0,1.0,0.0,0.0,128,56,0.42,0.04,0.42,0.04,0.0,0.0,0.0,0,65437.0
0,tcp,http,SF,361,858,0,0,1,0,0,0,0,13,0.0,0.0,0.0,0.0,1.0,0.0,0.2,27,255,1.0,0.0,0.04,0.01,0.0,0.0,0.0,0,119019.0
0,tcp,netstat,REJ,0,0,0,0,0,0,0,0,0,238,0.0,0.0,1.0,1.0,0.01,0.07,0.0,255,3,0.01,0.07,0.0,0.0,0.0,0.0,1.0,1,82963.0
16744,tcp,other,RSTR,1,0,0,0,0,0,0,0,0,2,0.0,0.0,1.0,1.0,1.0,0.0,0.0,255,2,0.01,0.65,1.0,0.0,0.0,0.0,1.0,1,11114.0
0,icmp,eco_i,SF,30,0,0,0,0,0,0,0,0,1,0.0,0.0,0.0,0.0,1.0,0.0,0.0,54,90,0.98,0.04,0.98,0.22,0.0,0.0,0.0,0,22097.0
0,udp,domain_u,SF,45,134,0,0,0,0,0,0,0,70,0.0,0.0,0.0,0.0,1.0,0.0,0.01,255,254,1.0,0.01,0.0,0.0,0.0,0.0,0.0,0,94687.0
0,tcp,http,SF,222,2592,0,0,1,0,0,0,0,5,0.0,0.0,0.0,0.0,1.0,0.0,0.0,255,255,1.0,0.0,0.0,0.0,0.0,0.0,0.0,0,120000.0
0,tcp,http,SF,236,1973,0,0,1,0,0,0,0,1,0.0,0.0,0.0,0.0,1.0,0.0,0.5,255,255,1.0,0.0,0.0,0.0,0.0,0.0,0.0,0,110100.0
0,tcp,echo,S0,0,0,0,0,0,0,0,0,0,293,1.0,1.0,0.0,0.0,0.03,0.05,0.0,255,10,0.04,0.05,0.0,0.0,1.0,1.0,0.0,1,112355.0
0,tcp,telnet,S1,90,2832,0,0,1,0,0,0,0,1,1.0,1.0,0.0,0.0,1.0,0.0,0.0,155,29,0.19,0.46,0.01,0.0,0.08,0.45,0.03,0,12883.0
0,tcp,ftp_data,SF,61298,0,0,0,0,0,0,0,0,11,0.0,0.0,0.0,0.0,1.0,0.0,0.0,201,59,0.27,0.03,0.27,0.03,0.0,0.0,0.0,0,45649.0
0,icmp,ecr_i,SF,1032,0,0,0,0,0,0,0,0,150,0.0,0.0,0.0,0.0,1.0,0.0,0.0,184,90,0.49,0.04,0.49,0.0,0.01,0.0,0.0,1,113733.0
0,tcp,ftp_data,SF,383,0,0,0,1,0,0,0,0,2,0.0,0.0,0.0,0.0,1.0,0.0,0.0,73,84,0.75,0.04,0.75,0.02,0.0,0.0,0.0,0,53149.0
0,tcp,smtp,SF,1217,369,0,0,1,0,0,0,0,1,0.0,0.0,0.0,0.0,1.0,0.0,1.0,1,118,1.0,0.0,1.0,0.04,0.0,0.0,0.0,0,113063.0
0,tcp,http,SF,319,2505,0,0,1,0,0,0,0,4,0.0,0.0,0.0,0.0,1.0,0.0,0.0,125,255,1.0,0.0,0.01,0.02,0.0,0.0,0.0,0,37246.0
0,tcp,http,SF,297,2098,0,0,1,0,0,0,0,9,0.0,0.0,0.0,0.0,1.0,0.0,0.27,255,255,1.0,0.0,0.0,0.0,0.0,0.0,0.0,0,51523.0
0,udp,domain_u,SF,33,87,0,0,0,0,0,0,0,1,0.0,0.0,0.0,0.0,1.0,0.0,0.8,255,233,0.91,0.01,0.0,0.0,0.0,0.0,0.0,0,23269.0
0,tcp,private,S0,0,0,0,0,0,0,0,0,0,248,1.0,1.0,0.0,0.0,0.04,0.06,0.0,255,15,0.06,0.06,0.0,0.0,1.0,1.0,0.0,1,61050.0
0,tcp,http,SF,320,13936,0,0,1,0,0,0,0,17,0.06,0.04,0.0,0.02,1.0,0.0,0.17,51,255,1.0,0.0,0.02,0.05,0.02,0.0,0.0,0,31840.0
0,icmp,eco_i,SF,18,0,0,0,0,0,0,0,0,1,0.0,0.0,0.0,0.0,1.0,0.0,0.0,1,155,1.0,0.0,1.0,1.0,0.0,0.0,0.0,1,75060.0
0,tcp,other,REJ,0,0,0,0,0,0,0,0,0,1,0.0,0.0,1.0,1.0,1.0,0.0,0.0,6,4,0.67,0.33,0.17,0.0,0.0,0.0,1.0,0,115688.0
0,udp,domain_u,SF,42,134,0,0,0,0,0,0,0,81,0.0,0.0,0.0,0.0,1.0,0.0,0.02,255,254,1.0,0.01,0.0,0.0,0.0,0.0,0.0,0,99765.0
0,tcp,bgp,REJ,0,0,0,0,0,0,0,0,0,247,0.0,0.0,1.0,1.0,0.02,0.07,0.0,255,4,0.02,0.08,0.0,0.0,0.0,0.0,1.0,1,23177.0
0,tcp,efs,S0,0,0,0,0,0,0,0,0,0,142,1.0,1.0,0.0,0.0,0.03,0.06,0.0,255,1,0.0,0.06,0.0,0.0,1.0,1.0,0.0,1,52238.0
0,tcp,http,SF,54540,8314,0,2,1,1,0,0,0,3,0.0,0.0,0.0,0.0,1.0,0.0,0.0,64,64,1.0,0.0,0.02,0.0,0.02,0.02,0.02,1,35155.0
0,udp,domain_u,SF,34,87,0,0,0,0,0,0,0,4,0.0,0.0,0.0,0.0,1.0,0.0,0.17,82,54,0.66,0.04,0.01,0.0,0.0,0.0,0.0,0,29347.0
0,tcp,smtp,SF,888,333,0,0,1,0,0,0,0,1,0.0,0.0,0.0,0.0,1.0,0.0,1.0,207,158,0.76,0.02,0.0,0.0,0.0,0.0,0.0,0,85781.0
3343,udp,other,SF,146,105,0,0,0,0,0,0,0,4,0.0,0.0,0.0,0.0,0.5,0.5,0.0,255,4,0.02,0.45,0.82,0.0,0.0,0.0,0.0,0,101582.0
0,tcp,private,S0,0,0,0,0,0,0,0,0,0,220,1.0,1.0,0.0,0.0,0.03,0.06,0.0,255,8,0.03,0.08,0.0,0.0,1.0,1.0,0.0,1,90882.0
0,tcp,http,SF,242,2804,0,0,1,0,0,0,0,3,0.0,0.0,0.0,0.0,1.0,0.0,0.0,3,255,1.0,0.0,0.33,0.06,0.0,0.0,0.0,0,116115.0
0,tcp,http,SF,235,1248,0,0,1,0,0,0,0,1,0.0,0.0,0.0,0.0,1.0,0.0,0.0,255,255,1.0,0.0,0.01,0.0,0.0,0.0,0.0,0,117958.0
0,tcp,Z39_50,S0,0,0,0,0,0,0,0,0,0,103,1.0,1.0,0.0,0.0,0.02,0.07,0.0,255,2,0.01,0.05,0.0,0.0,1.0,1.0,0.0,1,77170.0
0,tcp,http,SF,313,3247,0,0,1,0,0,0,0,7,0.0,0.0,0.14,0.14,1.0,0.0,0.0,7,255,1.0,0.0,0.14,0.04,0.0,0.0,0.0,0,12406.0
0,tcp,Z39_50,S0,0,0,0,0,0,0,0,0,0,225,1.0,1.0,0.0,0.0,0.09,0.06,0.0,255,21,0.08,0.06,0.0,0.0,1.0,1.0,0.0,1,55017.0
0,tcp,ftp_data,SF,259,0,0,0,1,0,0,1,0,2,0.0,0.0,0.0,0.0,1.0,0.0,0.0,7,2,0.29,0.43,0.29,0.0,0.0,0.0,0.0,0,65548.0
0,icmp,eco_i,SF,8,0,0,0,0,0,0,0,0,1,0.0,0.0,0.0,0.0,1.0,0.0,1.0,1,86,1.0,0.0,1.0,0.51,0.0,0.0,0.0,1,13504.0
0,tcp,private,S0,0,0,0,0,0,0,0,0,0,299,1.0,1.0,0.0,0.0,0.06,0.05,0.0,255,3,0.01,0.07,0.0,0.0,1.0,1.0,0.0,1,9809.0
0,tcp,ssh,S0,0,0,0,0,0,0,0,0,0,117,1.0,1.0,0.0,0.0,0.02,0.07,0.0,255,22,0.09,0.07,0.0,0.0,1.0,1.0,0.0,1,13608.0
0,tcp,hostnames,S0,0,0,0,0,0,0,0,0,0,178,1.0,1.0,0.0,0.0,0.02,0.07,0.0,255,4,0.02,0.07,0.0,0.0,1.0,1.0,0.0,1,99331.0
0,tcp,private,S0,0,0,0,0,0,0,0,0,0,179,1.0,1.0,0.0,0.0,0.14,0.04,0.0,255,25,0.1,0.05,0.0,0.0,1.0,1.0,0.0,1,34690.0
0,tcp,http,SF,54540,8314,0,2,1,1,0,0,0,4,0.0,0.0,0.0,0.0,1.0,0.0,0.0,76,76,1.0,0.0,0.01,0.0,0.0,0.0,0.04,1,28094.0
0,tcp,http,SF,322,2388,0,0,1,0,0,0,0,18,0.06,0.03,0.0,0.03,1.0,0.0,0.1,133,255,1.0,0.0,0.01,0.02,0.01,0.01,0.0,0,88996.0
0,tcp,uucp,RSTO,0,0,0,0,0,0,0,0,0,112,0.0,0.0,1.0,1.0,0.06,0.08,0.0,255,7,0.03,0.07,0.0,0.0,0.0,0.0,1.0,1,74278.0
20,tcp,ftp,SF,245,773,0,4,1,0,0,0,0,1,0.0,0.0,0.0,0.0,1.0,0.0,0.0,111,12,0.11,0.04,0.01,0.0,0.0,0.0,0.0,0,60343.0
0,tcp,http,SF,357,2333,0,0,1,0,0,0,0,21,0.0,0.0,0.0,0.0,1.0,0.0,0.08,68,255,1.0,0.0,0.01,0.02,0.0,0.02,0.01,0,16627.0
0,tcp,http,SF,201,4596,0,0,1,0,0,0,0,17,0.0,0.0,0.0,0.0,1.0,0.0,0.0,72,255,1.0,0.0,0.01,0.01,0.0,0.0,0.0,0,36040.0
0,tcp,Z39_50,REJ,0,0,0,0,0,0,0,0,0,157,0.0,0.0,1.0,1.0,0.11,0.06,0.0,255,17,0.07,0.07,0.0,0.0,0.0,0.0,1.0,1,8884.0
0,tcp,http,SF,226,2663,0,0,1,0,0,0,0,3,0.0,0.0,0.0,0.0,1.0,0.0,0.21,141,255,1.0,0.0,0.01,0.01,0.01,0.0,0.0,0,21480.0
0,tcp,http,SF,373,418,0,0,1,0,0,0,0,19,0.0,0.0,0.0,0.0,1.0,0.0,0.0,255,255,1.0,0.0,0.0,0.0,0.0,0.0,0.0,0,51182.0
0,tcp,http,SF,218,302,0,0,1,0,0,0,0,11,0.0,0.0,0.0,0.0,1.0,0.0,0.0,42,255,1.0,0.0,0.02,0.06,0.0,0.0,0.81,0,91989.0
0,tcp,http,SF,209,770,0,0,1,0,0,0,0,7,0.0,0.0,0.0,0.0,1.0,0.0,0.0,255,255,1.0,0.0,0.0,0.0,0.0,0.0,0.0,0,58697.0
0,icmp,eco_i,SF,18,0,0,0,0,0,0,0,0,1,0.0,0.0,0.0,0.0,1.0,0.0,0.0,3,123,1.0,0.0,1.0,0.25,0.0,0.0,0.0,1,33625.0
0,tcp,private,REJ,0,0,0,0,0,0,0,0,0,102,0.0,0.0,1.0,1.0,0.01,0.08,0.0,127,1,0.01,0.08,0.01,0.0,0.0,0.0,1.0,1,71647.0
0,tcp,http,SF,335,14237,0,0,1,0,0,0,0,1,0.0,0.0,0.0,0.0,1.0,0.0,0.0,3,255,1.0,0.0,0.33,0.04,0.33,0.0,0.0,0,117801.0
0,tcp,http,S0,0,0,0,0,0,0,0,0,0,2,0.5,0.5,0.0,0.0,1.0,0.0,0.5,151,255,1.0,0.0,0.01,0.01,0.01,0.0,0.0,0,61199.0
0,tcp,iso_tsap,S0,0,0,0,0,0,0,0,0,0,259,1.0,1.0,0.0,0.0,0.07,0.05,0.0,255,18,0.07,0.05,0.0,0.0,1.0,1.0,0.0,1,98358.0
0,icmp,ecr_i,SF,520,0,0,0,0,0,0,0,0,446,0.0,0.0,0.0,0.0,1.0,0.0,0.0,149,149,1.0,0.0,1.0,0.0,0.0,0.0,0.0,1,80862.0
0,icmp,urp_i,SF,181,0,0,0,0,0,0,0,0,2,0.0,0.0,0.0,0.0,0.5,1.0,0.0,255,104,0.41,0.01,0.51,0.0,0.0,0.0,0.0,0,49376.0
0,tcp,private,S0,0,0,0,0,0,0,0,0,0,33,1.0,1.0,0.0,0.0,0.33,0.18,0.0,255,14,0.05,0.1,0.0,0.0,1.0,1.0,0.0,1,116723.0
0,tcp,http,SF,238,1471,0,0,1,0,0,0,0,2,0.0,0.0,0.0,0.0,1.0,0.0,0.0,41,255,1.0,0.0,0.02,0.02,0.0,0.01,0.0,0,37034.0
0,udp,private,SF,28,0,3,0,0,0,0,0,0,73,0.0,0.0,0.0,0.0,1.0,0.0,0.0,255,173,0.68,0.33,0.68,0.0,0.09,0.0,0.0,1,105540.0
5385,udp,other,SF,147,105,0,0,0,0,0,0,0,1,0.0,0.0,0.0,0.0,1.0,0.0,0.0,255,2,0.01,0.64,0.97,0.0,0.0,0.0,0.0,0,17084.0
0,tcp,private,SH,0,0,0,0,0,0,0,0,0,1,1.0,1.0,0.0,0.0,1.0,0.0,0.0,41,1,0.02,0.76,0.8,0.0,0.8,1.0,0.0,1,118708.0
0,tcp,private,S0,0,0,0,0,0,0,0,0,0,228,1.0,1.0,0.0,0.0,0.05,0.07,0.0,255,10,0.04,0.06,0.0,0.0,1.0,1.0,0.0,1,33304.0
0,icmp,ecr_i,SF,1032,0,0,0,0,0,0,0,0,335,0.0,0.0,0.0,0.0,1.0,0.0,0.0,255,255,1.0,0.0,1.0,0.0,0.0,0.0,0.0,1,20890.0
0,tcp,private,S0,0,0,0,0,0,0,0,0,0,168,1.0,1.0,0.0,0.0,0.12,0.07,0.0,255,20,0.08,0.07,0.0,0.0,1.0,1.0,0.0,1,30666.0
0,tcp,private,RSTR,0,0,0,0,0,0,0,0,0,1,0.0,0.0,1.0,1.0,1.0,0.0,0.0,103,1,0.01,0.09,0.05,0.0,0.0,0.0,1.0,1,28360.0
0,tcp,private,S0,0,0,0,0,0,0,0,0,0,267,1.0,1.0,0.0,0.0,0.06,0.06,0.0,255,5,0.02,0.08,0.0,0.0,1.0,1.0,0.0,1,17316.0
18,tcp,telnet,SF,106,1468,0,0,0,0,0,0,0,1,0.0,0.0,0.0,0.0,1.0,0.0,0.0,117,1,0.01,0.04,0.01,0.0,0.0,0.0,0.0,0,251.0
0,udp,domain_u,SF,46,130,0,0,0,0,0,0,0,74,0.0,0.0,0.0,0.0,0.97,0.04,0.01,255,239,0.94,0.01,0.0,0.0,0.0,0.0,0.0,0,80520.0
0,tcp,http,SF,212,6013,0,0,1,0,0,0,0,17,0.0,0.0,0.0,0.0,1.0,0.0,0.11,42,255,1.0,0.0,0.02,0.04,0.0,0.0,0.0,0,43652.0
0,tcp,http,SF,209,580,0,0,1,0,0,0,0,14,0.0,0.0,0.0,0.0,1.0,0.0,0.1,56,255,1.0,0.0,0.04,0.04,0.0,0.0,0.0,0,95045.0
0,icmp,ecr_i,SF,1032,0,0,0,0,0,0,0,0,166,0.0,0.0,0.0,0.0,1.0,0.0,0.0,255,166,0.65,0.01,0.65,0.0,0.0,0.0,0.0,1,85772.0
0,tcp,http,SF,223,8678,0,0,1,0,0,0,0,30,0.0,0.0,0.0,0.0,1.0,0.0,0.0,255,255,1.0,0.0,0.0,0.0,0.0,0.0,0.0,0,92475.0
0,tcp,domain,RSTR,0,0,0,0,0,0,0,0,0,1,0.0,0.0,1.0,1.0,1.0,0.0,0.0,151,1,0.01,0.36,0.35,0.0,0.0,0.0,1.0,1,104186.0
0,udp,domain_u,SF,46,131,0,0,0,0,0,0,0,68,0.0,0.0,0.0,0.0,0.99,0.03,0.01,255,198,0.78,0.02,0.0,0.0,0.0,0.0,0.0,0,40813.0
4681,tcp,other,RSTR,1,0,0,0,0,0,0,0,0,2,0.0,0.0,1.0,1.0,1.0,0.0,0.0,255,2,0.01,0.74,1.0,0.0,0.0,0.0,1.0,1,114962.0
0,tcp,http,REJ,0,0,0,0,0,0,0,0,0,1,0.0,0.0,1.0,1.0,1.0,0.0,0.0,23,255,1.0,0.0,0.04,0.08,0.0,0.0,0.58,0,59469.0
0,tcp,http,SF,294,183,0,0,1,0,0,0,0,16,0.0,0.0,0.0,0.0,1.0,0.0,0.0,255,255,1.0,0.0,0.0,0.0,0.0,0.0,0.0,0,68435.0
0,tcp,http,SF,224,1529,0,0,1,0,0,0,0,22,0.0,0.0,0.0,0.0,1.0,0.0,0.0,255,255,1.0,0.0,0.0,0.0,0.0,0.0,0.0,0,59326.0
0,tcp,http,SF,252,1682,0,0,1,0,0,0,0,5,0.0,0.0,0.0,0.0,1.0,0.0,0.0,111,68,0.61,0.04,0.01,0.0,0.0,0.0,0.0,0,52439.0
0,tcp,private,S0,0,0,0,0,0,0,0,0,0,142,1.0,1.0,0.0,0.0,0.13,0.06,0.0,255,4,0.02,0.08,0.0,0.0,1.0,1.0,0.0,1,117780.0
0,tcp,telnet,S0,0,0,0,0,0,0,0,0,0,2,1.0,1.0,0.0,0.0,0.5,1.0,0.0,255,61,0.24,0.04,0.0,0.0,1.0,1.0,0.0,1,115162.0
0,udp,private,SF,1,0,0,0,0,0,0,0,0,14,0.0,0.0,0.0,0.0,0.07,0.71,0.0,255,1,0.0,0.37,0.8,0.0,0.02,0.0,0.0,1,53072.0
0,tcp,ftp_data,SF,12,0,0,0,1,0,0,0,0,2,0.0,0.0,0.0,0.0,1.0,0.0,0.0,94,32,0.07,0.77,0.06,0.06,0.0,0.0,0.03,0,39076.0
0,tcp,http,SF,247,298,0,0,1,0,0,0,0,1,0.0,0.0,0.0,0.0,1.0,0.0,0.0,36,255,1.0,0.0,0.03,0.07,0.0,0.0,0.0,0,11226.0
28,tcp,ftp,SF,1453,4152,0,30,1,0,0,0,0,1,0.0,0.0,0.0,0.0,1.0,0.0,0.0,43,10,0.23,0.14,0.02,0.0,0.0,0.0,0.0,0,5070.0
0,tcp,daytime,S0,0,0,0,0,0,0,0,0,0,242,1.0,1.0,0.0,0.0,0.1,0.05,0.0,255,25,0.1,0.05,0.0,0.0,1.0,1.0,0.0,1,3734.0
0,tcp,http,SF,361,1256,0,0,1,0,0,0,0,11,0.0,0.0,0.0,0.0,1.0,0.0,0.16,60,255,1.0,0.0,0.02,0.06,0.0,0.0,0.0,0,7334.0
0,tcp,http,REJ,0,0,0,0,0,0,0,0,0,1,0.0,0.0,1.0,1.0,1.0,0.0,0.0,3,253,1.0,0.0,0.33,0.19,0.0,0.0,0.75,0,36913.0
0,tcp,vmnet,S0,0,0,0,0,0,0,0,0,0,212,1.0,1.0,0.0,0.0,0.09,0.05,0.0,255,20,0.08,0.05,0.0,0.0,1.0,1.0,0.0,1,110873.0
0,tcp,http,SF,252,11316,0,0,1,0,0,0,0,18,0.0,0.0,0.0,0.0,1.0,0.0,0.0,77,255,1.0,0.0,0.01,0.02,0.0,0.0,0.0,0,109158.0
0,tcp,uucp_path,S0,0,0,0,0,0,0,0,0,0,259,1.0,1.0,0.0,0.0,0.03,0.06,0.0,255,7,0.03,0.07,0.0,0.0,1.0,1.0,0.0,1,55390.0
0,tcp,sunrpc,S0,0,0,0,0,0,0,0,0,0,288,1.0,1.0,0.0,0.0,0.03,0.06,0.0,255,12,0.05,0.09,0.0,0.0,1.0,1.0,0.0,1,92009.0
0,tcp,http,SF,230,2239,0,0,1,0,0,0,0,4,0.0,0.0,0.0,0.0,1.0,0.0,0.2,255,228,0.89,0.01,0.0,0.0,0.0,0.0,0.0,0,94411.0
0,tcp,private,S0,0,0,0,0,0,0,0,0,0,103,1.0,1.0,0.0,0.0,0.08,0.06,0.0,255,14,0.05,0.07,0.0,0.0,1.0,1.0,0.0,1,113808.0
0,tcp,private,S0,0,0,0,0,0,0,0,0,0,241,1.0,1.0,0.0,0.0,0.09,0.04,0.0,101,22,0.22,0.08,0.01,0.0,0.98,1.0,0.0,1,82571.0
0,tcp,http,SF,195,1227,0,0,1,0,0,0,0,7,0.0,0.0,0.0,0.0,1.0,0.0,0.25,81,81,1.0,0.0,0.01,0.0,0.0,0.0,0.0,0,110138.0
0,tcp,whois,S0,0,0,0,0,0,0,0,0,0,203,1.0,1.0,0.0,0.0,0.05,0.05,0.0,255,10,0.04,0.05,0.0,0.0,1.0,1.0,0.0,1,104115.0
0,tcp,ftp_data,SF,1690,0,0,0,0,0,0,0,0,6,0.0,0.0,0.0,0.0,1.0,0.0,0.0,6,93,1.0,0.0,1.0,0.02,0.0,0.0,0.0,0,120166.0
0,tcp,whois,S0,0,0,0,0,0,0,0,0,0,227,1.0,1.0,0.0,0.0,0.02,0.06,0.0,255,4,0.02,0.06,0.0,0.0,1.0,1.0,0.0,1,2422.0
0,tcp,http,SF,54540,8314,0,2,1,1,0,0,0,5,0.0,0.0,0.4,0.5,1.0,0.0,0.33,255,255,1.0,0.0,0.0,0.0,0.0,0.0,0.03,1,7540.0
0,tcp,private,REJ,0,0,0,0,0,0,0,0,0,242,0.09,0.0,0.86,1.0,0.0,1.0,0.0,255,1,0.0,0.95,0.0,0.0,0.08,0.0,1.0,1,51147.0
0,tcp,http,SF,194,1761,0,0,1,0,0,0,0,31,0.0,0.0,0.0,0.0,1.0,0.0,0.0,255,255,1.0,0.0,0.0,0.0,0.0,0.0,0.0,0,107310.0
0,udp,domain_u,SF,43,127,0,0,0,0,0,0,0,57,0.0,0.0,0.0,0.0,1.0,0.0,0.01,255,199,0.78,0.02,0.0,0.0,0.0,0.0,0.0,0,101198.0
0,tcp,http,SF,236,18957,0,0,1,0,0,0,0,1,0.0,0.0,0.0,0.0,1.0,0.0,0.0,255,255,1.0,0.0,0.0,0.0,0.0,0.0,0.01,0,120614.0
4561,tcp,other,RSTR,1,0,0,0,0,0,0,0,0,2,0.0,0.0,1.0,1.0,1.0,0.0,0.0,255,2,0.01,0.74,1.0,0.0,0.0,0.0,1.0,1,31896.0
0,tcp,Z39_50,S0,0,0,0,0,0,0,0,0,0,278,1.0,1.0,0.0,0.0,0.01,0.05,0.0,255,4,0.02,0.05,0.0,0.0,1.0,1.0,0.0,1,117247.0
0,tcp,smtp,SF,2122,390,0,0,1,0,0,0,0,1,0.0,0.0,0.0,0.0,1.0,0.0,0.0,255,61,0.24,0.06,0.0,0.0,0.55,0.0,0.03,0,112006.0
0,tcp,http,SF,228,1483,0,0,1,0,0,0,0,9,0.0,0.0,0.0,0.0,1.0,0.0,0.23,255,255,1.0,0.0,0.0,0.0,0.0,0.0,0.0,0,110554.0
0,tcp,other,S0,0,0,0,0,0,0,0,0,0,509,0.2,1.0,0.78,0.0,0.0,1.0,0.0,255,1,0.0,1.0,0.0,0.0,0.23,1.0,0.0,1,111689.0
0,tcp,ftp_data,SF,192,0,0,0,0,0,0,0,0,2,0.0,0.0,0.0,0.0,1.0,0.0,0.0,71,41,0.06,0.07,0.06,0.05,0.0,0.0,0.0,0,33326.0
16,tcp,private,RSTR,0,0,0,0,0,0,0,0,0,1,0.0,0.0,1.0,1.0,1.0,0.0,0.0,255,1,0.0,0.75,0.74,0.0,0.0,0.0,1.0,1,103149.0
0,tcp,http,REJ,0,0,0,0,0,0,0,0,0,1,0.0,0.0,1.0,1.0,1.0,0.0,0.0,118,118,1.0,0.0,0.01,0.0,0.0,0.0,1.0,0,32858.0
0,tcp,smtp,SF,667,326,0,0,1,0,0,0,0,1,0.0,0.0,0.0,0.0,1.0,0.0,0.0,115,115,0.43,0.24,0.01,0.03,0.0,0.0,0.0,0,80481.0
0,tcp,nnsp,S0,0,0,0,0,0,0,0,0,0,139,1.0,1.0,0.0,0.0,0.1,0.06,0.0,255,14,0.05,0.05,0.0,0.0,1.0,1.0,0.0,1,68912.0
0,tcp,http,SF,197,978,0,0,1,0,0,0,0,28,0.0,0.0,0.0,0.0,1.0,0.0,0.06,90,255,1.0,0.0,0.01,0.02,0.0,0.0,0.0,0,81039.0
0,tcp,http,SF,261,3834,0,0,1,0,0,0,0,2,0.0,0.0,0.0,0.0,1.0,0.0,0.06,255,250,0.98,0.01,0.0,0.0,0.0,0.0,0.0,0,47012.0
0,tcp,imap4,S0,0,0,0,0,0,0,0,0,0,218,1.0,1.0,0.0,0.0,0.06,0.06,0.0,255,14,0.05,0.07,0.0,0.0,1.0,1.0,0.0,1,9080.0
0,tcp,http,SF,215,2746,0,0,1,0,0,0,0,14,0.0,0.0,0.0,0.0,1.0,0.0,0.0,37,255,1.0,0.0,0.03,0.02,0.0,0.0,0.01,0,59861.0
0,icmp,eco_i,SF,8,0,0,0,0,0,0,0,0,1,0.0,0.0,0.0,0.0,1.0,0.0,1.0,2,56,1.0,0.0,1.0,0.5,0.0,0.0,0.0,1,104441.0
0,tcp,http,SF,303,2239,0,0,1,0,0,0,0,1,0.0,0.0,0.0,0.0,1.0,0.0,0.0,24,12,0.5,0.12,0.04,0.0,0.29,0.0,0.0,0,117596.0
0,tcp,private,S0,0,0,0,0,0,0,0,0,0,232,1.0,1.0,0.0,0.0,0.02,0.06,0.0,255,12,0.05,0.06,0.0,0.0,1.0,1.0,0.0,1,104255.0
13,tcp,smtp,SF,1026,335,0,0,1,0,0,0,0,1,0.0,0.0,0.0,0.0,1.0,0.0,0.0,194,126,0.57,0.03,0.01,0.02,0.0,0.0,0.0,0,114755.0
0,tcp,uucp_path,S0,0,0,0,0,0,0,0,0,0,234,1.0,1.0,0.0,0.0,0.09,0.05,0.0,255,21,0.08,0.05,0.0,0.0,1.0,1.0,0.0,1,82367.0
1,tcp,smtp,SF,3184,326,0,0,1,0,0,0,0,1,0.0,0.0,0.0,0.0,1.0,0.0,0.0,25,74,0.84,0.12,0.04,0.04,0.0,0.0,0.0,0,26510.0
0,udp,domain_u,SF,45,82,0,0,0,0,0,0,0,159,0.0,0.0,0.0,0.0,0.99,0.01,0.02,255,250,0.98,0.01,0.0,0.0,0.0,0.0,0.0,0,24055.0
1,tcp,smtp,SF,608,335,0,0,1,0,0,0,0,1,0.0,0.0,0.0,0.0,1.0,0.0,1.0,138,157,0.78,0.04,0.01,0.01,0.01,0.01,0.0,0,29432.0
0,tcp,private,S0,0,0,0,0,0,0,0,0,0,205,1.0,1.0,0.0,0.0,0.03,0.06,0.0,255,6,0.02,0.07,0.0,0.0,1.0,1.0,0.0,1,30794.0
0,tcp,http,SF,222,4735,0,0,1,0,0,0,0,2,0.0,0.0,0.0,0.0,1.0,0.0,0.67,255,255,1.0,0.0,0.0,0.0,0.0,0.0,0.0,0,109947.0
0,tcp,Z39_50,S0,0,0,0,0,0,0,0,0,0,248,1.0,1.0,0.0,0.0,0.03,0.06,0.0,255,7,0.03,0.07,0.0,0.0,1.0,1.0,0.0,1,65723.0
35,tcp,smtp,SF,1492,330,0,0,1,0,0,0,0,1,0.0,0.0,0.0,0.0,1.0,0.0,0.0,114,179,0.75,0.03,0.01,0.01,0.0,0.0,0.0,0,90992.0
0,udp,domain_u,SF,45,126,0,0,0,0,0,0,0,258,0.0,0.0,0.0,0.0,1.0,0.0,0.0,255,251,0.98,0.01,0.0,0.0,0.0,0.0,0.0,0,119848.0
0,tcp,whois,S0,0,0,0,0,0,0,0,0,0,57,1.0,1.0,0.0,0.0,0.14,0.11,0.0,255,16,0.06,0.08,0.0,0.0,1.0,1.0,0.0,1,70565.0
0,tcp,nnsp,S0,0,0,0,0,0,0,0,0,0,277,1.0,1.0,0.0,0.0,0.09,0.05,0.0,255,24,0.09,0.05,0.0,0.0,1.0,1.0,0.0,1,33412.0
0,tcp,private,S0,0,0,0,0,0,0,0,0,0,204,1.0,1.0,0.0,0.0,0.09,0.07,0.0,255,18,0.07,0.06,0.0,0.0,1.0,1.0,0.0,1,7858.0
0,tcp,private,REJ,0,0,0,0,0,0,0,0,0,75,0.0,0.0,1.0,1.0,0.03,0.08,0.0,255,16,0.06,0.06,0.0,0.0,0.0,0.0,1.0,1,30510.0
0,tcp,http,SF,347,391,0,0,1,0,0,0,0,13,0.0,0.0,0.0,0.0,1.0,0.0,0.0,255,255,1.0,0.0,0.0,0.0,0.0,0.0,0.0,0,60857.0
5051,tcp,ftp_data,SF,5135678,0,0,3,1,0,0,0,0,1,0.0,0.0,0.0,0.0,1.0,0.0,1.0,7,34,1.0,0.0,1.0,0.09,0.0,0.0,0.0,1,108841.0
2,tcp,smtp,SF,728,328,0,0,1,0,0,0,0,1,0.0,0.0,0.0,0.0,1.0,0.0,0.0,142,153,0.63,0.04,0.01,0.01,0.0,0.0,0.0,0,54443.0
0,tcp,http,SF,184,23681,0,0,1,0,0,0,0,1,0.0,0.0,0.0,0.0,1.0,0.0,0.0,5,255,1.0,0.0,0.2,0.04,0.0,0.0,0.0,0,9065.0
0,tcp,whois,REJ,0,0,0,0,0,0,0,0,0,278,0.0,0.0,1.0,1.0,0.04,0.06,0.0,255,10,0.04,0.07,0.0,0.0,0.0,0.0,1.0,1,69824.0
0,tcp,http,S0,0,0,0,0,0,0,0,0,0,200,1.0,1.0,0.0,0.0,0.01,0.06,0.0,255,18,0.07,0.07,0.0,0.0,1.0,1.0,0.0,1,1638.0
0,tcp,http,SF,194,1984,0,0,1,0,0,0,0,2,0.0,0.0,0.0,0.0,1.0,0.0,0.0,255,255,1.0,0.0,0.0,0.0,0.0,0.0,0.0,0,101039.0
0,icmp,ecr_i,SF,1032,0,0,0,0,0,0,0,0,11,0.0,0.0,0.0,0.0,1.0,0.0,0.0,255,255,1.0,0.0,1.0,0.0,0.0,0.0,0.0,1,75811.0
0,tcp,private,S0,0,0,0,0,0,0,0,0,0,243,1.0,1.0,0.0,0.0,0.06,0.06,0.0,255,15,0.06,0.06,0.0,0.0,1.0,1.0,0.0,1,119374.0
0,tcp,time,RSTO,0,0,0,0,0,0,0,0,0,172,0.0,0.0,1.0,1.0,0.02,0.07,0.0,255,4,0.02,0.07,0.0,0.0,0.0,0.0,1.0,1,103204.0
0,tcp,netbios_ns,S0,0,0,0,0,0,0,0,0,0,241,1.0,1.0,0.0,0.0,0.01,0.07,0.0,255,11,0.04,0.07,0.0,0.0,1.0,1.0,0.0,1,82933.0
0,udp,other,SF,1,0,0,0,0,0,0,0,0,5,0.0,0.0,0.0,0.0,1.0,0.0,0.0,255,5,0.02,0.15,0.41,0.0,0.0,0.0,0.0,1,27296.0
0,tcp,private,RSTR,0,0,0,0,0,0,0,0,0,1,0.0,0.0,1.0,1.0,1.0,0.0,0.0,129,1,0.01,0.25,0.24,0.0,0.0,0.0,1.0,1,23698.0
0,tcp,http,SF,197,9442,0,0,1,0,0,0,0,1,0.0,0.0,0.0,0.0,1.0,0.0,0.0,55,255,1.0,0.0,0.02,0.04,0.0,0.0,0.0,0,69582.0
0,tcp,http,SF,289,2191,0,0,1,0,0,0,0,5,0.0,0.17,0.0,0.0,1.0,0.0,0.33,35,255,1.0,0.0,0.03,0.04,0.0,0.0,0.0,0,31527.0
0,tcp,http,SF,260,774,0,0,1,0,0,0,0,13,0.0,0.0,0.0,0.0,1.0,0.0,0.12,255,255,1.0,0.0,0.0,0.0,0.0,0.0,0.0,0,24342.0
0,tcp,http,SF,336,647,0,0,1,0,0,0,0,22,0.0,0.0,0.0,0.0,1.0,0.0,0.08,66,255,1.0,0.0,0.02,0.05,0.0,0.0,0.0,0,36975.0
0,tcp,private,SH,0,0,0,0,0,0,0,0,0,1,1.0,1.0,0.0,0.0,1.0,0.0,0.0,99,1,0.01,0.9,0.92,0.0,0.92,1.0,0.0,1,74459.0
0,tcp,ssh,S0,0,0,0,0,0,0,0,0,0,103,1.0,1.0,0.0,0.0,0.1,0.05,0.0,255,10,0.04,0.06,0.0,0.0,1.0,1.0,0.0,1,72951.0
0,tcp,smtp,RSTO,0,0,0,0,0,0,0,0,0,1,0.0,0.0,1.0,1.0,1.0,0.0,0.0,157,222,0.87,0.03,0.01,0.01,0.0,0.0,0.04,0,84210.0
0,icmp,ecr_i,SF,1032,0,0,0,0,0,0,0,0,511,0.0,0.0,0.0,0.0,1.0,0.0,0.0,255,20,0.08,0.25,0.08,0.0,0.0,0.0,0.0,1,123899.0
0,udp,domain_u,SF,44,44,0,0,0,0,0,0,0,145,0.0,0.0,0.0,0.0,1.0,0.0,0.0,255,255,1.0,0.0,0.01,0.0,0.0,0.0,0.0,0,118732.0
0,tcp,http,SF,351,9114,0,0,1,0,0,0,0,6,0.0,0.0,0.0,0.0,1.0,0.0,0.0,48,255,1.0,0.0,0.02,0.03,0.0,0.0,0.0,0,70055.0
0,tcp,http,SF,277,1274,0,0,1,0,0,0,0,6,0.0,0.0,0.0,0.0,1.0,0.0,0.0,74,255,1.0,0.0,0.01,0.02,0.0,0.0,0.02,0,124368.0
0,tcp,finger,S0,0,0,0,0,0,0,0,0,0,209,1.0,1.0,0.0,0.0,0.04,0.06,0.0,255,19,0.07,0.07,0.0,0.0,1.0,1.0,0.0,1,65099.0
0,udp,domain_u,SF,46,74,0,0,0,0,0,0,0,155,0.0,0.0,0.0,0.0,0.99,0.01,0.02,255,250,0.98,0.01,0.0,0.0,0.0,0.0,0.0,0,77046.0
14,udp,private,SF,105,146,0,0,0,0,0,0,0,4,0.0,0.0,0.0,0.0,1.0,0.0,0.0,255,239,0.94,0.01,0.02,0.0,0.0,0.0,0.0,0,59468.0
0,icmp,eco_i,SF,8,0,0,0,0,0,0,0,0,1,0.0,0.0,0.0,0.0,1.0,0.0,1.0,2,39,1.0,0.0,1.0,0.51,0.0,0.0,0.0,1,117960.0
0,tcp,http,SF,231,13634,0,0,1,0,0,0,0,14,0.0,0.0,0.0,0.0,1.0,0.0,0.0,255,255,1.0,0.0,0.0,0.0,0.0,0.0,0.0,0,115727.0
397,tcp,smtp,SF,2405,330,0,0,1,0,0,0,0,1,0.0,0.0,0.0,0.0,1.0,0.0,0.0,220,67,0.2,0.32,0.0,0.03,0.0,0.0,0.0,0,19829.0
0,icmp,ecr_i,SF,1480,0,1,0,0,0,0,0,0,14,0.0,0.0,0.0,0.0,1.0,0.0,0.0,255,14,0.05,0.02,0.05,0.0,0.0,0.0,0.0,1,13119.0
0,tcp,private,S0,0,0,0,0,0,0,0,0,0,200,1.0,1.0,0.0,0.0,0.04,0.06,0.0,255,7,0.03,0.07,0.0,0.0,1.0,1.0,0.0,1,81835.0
0,tcp,whois,REJ,0,0,0,0,0,0,0,0,0,1,0.0,0.0,1.0,1.0,1.0,0.0,0.0,24,2,0.04,1.0,0.04,1.0,0.0,0.0,1.0,1,17884.0
0,icmp,eco_i,SF,8,0,0,0,0,0,0,0,0,1,0.0,0.0,0.0,0.0,1.0,0.0,1.0,2,82,1.0,0.0,1.0,0.5,0.0,0.0,0.0,1,27628.0
0,tcp,http,S2,224,137562,0,0,1,0,0,0,0,1,1.0,0.1,0.0,0.0,1.0,0.0,0.2,1,8,1.0,0.0,1.0,0.38,1.0,0.12,0.0,0,55065.0
0,tcp,private,REJ,0,0,0,0,0,0,0,0,0,1,0.0,0.0,1.0,1.0,1.0,0.0,0.0,56,2,0.02,1.0,0.02,1.0,0.0,0.0,1.0,1,98182.0
0,tcp,http,SF,224,2727,0,0,1,0,0,0,0,9,0.0,0.0,0.0,0.0,1.0,0.0,0.18,9,255,1.0,0.0,0.11,0.02,0.0,0.0,0.0,0,67849.0
3,tcp,finger,SF,9,227,0,0,0,0,0,0,0,1,0.0,0.0,0.0,0.0,1.0,0.0,0.0,69,5,0.03,0.06,0.01,0.4,0.0,0.0,0.0,0,122133.0
0,tcp,http,REJ,0,0,0,0,0,0,0,0,0,1,0.0,0.0,1.0,1.0,1.0,0.0,0.0,76,255,1.0,0.0,0.01,0.06,0.0,0.0,1.0,0,38968.0
0,tcp,telnet,S0,0,0,0,0,0,0,0,0,0,66,1.0,1.0,0.0,0.0,0.23,0.06,0.0,148,38,0.25,0.03,0.03,0.05,0.99,0.92,0.0,1,107916.0
0,tcp,hostnames,RSTR,0,0,0,0,0,0,0,0,0,1,0.0,0.0,1.0,1.0,1.0,0.0,0.0,199,1,0.01,0.51,0.51,0.0,0.0,0.0,1.0,1,25205.0
0,tcp,smtp,SF,623,334,0,0,1,0,0,0,0,1,0.0,0.0,0.0,0.0,1.0,0.0,0.0,228,137,0.59,0.02,0.0,0.01,0.0,0.0,0.0,0,20369.0
0,tcp,http,SF,337,656,0,0,1,0,0,0,0,4,0.0,0.0,0.0,0.0,1.0,0.0,0.4,255,255,1.0,0.0,0.0,0.0,0.0,0.0,0.0,0,55452.0
0,tcp,http,SF,248,1875,0,0,1,0,0,0,0,3,0.0,0.0,0.0,0.0,1.0,0.0,0.0,255,255,1.0,0.0,0.0,0.0,0.0,0.0,0.0,0,30174.0
0,tcp,http,SF,312,1423,0,0,1,0,0,0,0,8,0.0,0.0,0.0,0.0,1.0,0.0,0.0,255,255,1.0,0.0,0.01,0.0,0.0,0.0,0.0,0,114582.0
0,tcp,http,SF,173,11889,0,0,1,0,0,0,0,2,0.0,0.0,0.0,0.0,1.0,0.0,0.0,2,33,1.0,0.0,0.5,0.06,0.0,0.0,0.0,0,24306.0
0,tcp,csnet_ns,REJ,0,0,0,0,0,0,0,0,0,179,0.0,0.0,1.0,1.0,0.01,0.07,0.0,255,1,0.0,0.07,0.0,0.0,0.0,0.0,1.0,1,90835.0
0,tcp,private,S0,0,0,0,0,0,0,0,0,0,285,1.0,1.0,0.0,0.0,0.02,0.06,0.0,255,16,0.06,0.08,0.0,0.0,1.0,1.0,0.0,1,84084.0
0,tcp,http,S0,0,0,0,0,0,0,0,0,0,3,0.67,1.0,0.33,0.0,0.67,0.67,0.0,255,3,0.01,0.07,0.0,0.0,1.0,1.0,0.0,1,55409.0
1,tcp,smtp,SF,923,330,0,0,1,0,0,0,0,1,0.0,0.0,0.0,0.0,1.0,0.0,1.0,33,230,0.97,0.06,0.03,0.01,0.0,0.0,0.0,0,48796.0
0,tcp,ftp_data,SF,0,59,0,0,0,0,0,0,0,1,0.0,0.04,0.0,0.0,1.0,0.0,0.09,255,76,0.3,0.03,0.0,0.0,0.0,0.0,0.0,0,26146.0
13,tcp,exec,RSTR,0,0,0,0,0,0,0,0,0,1,0.0,0.0,1.0,1.0,1.0,0.0,0.0,255,1,0.0,1.0,1.0,0.0,0.0,0.0,1.0,1,46975.0
0,tcp,http,SF,271,3200,0,0,1,0,0,0,0,6,0.0,0.0,0.0,0.0,1.0,0.0,0.29,225,255,1.0,0.0,0.0,0.01,0.0,0.0,0.0,0,6072.0
0,tcp,netstat,REJ,0,0,0,0,0,0,0,0,0,103,0.0,0.0,1.0,1.0,0.01,0.08,0.0,255,1,0.0,0.07,0.0,0.0,0.0,0.0,1.0,1,25708.0
0,tcp,http,SF,204,784,0,0,1,0,0,0,0,3,0.0,0.0,0.0,0.0,1.0,0.0,0.5,84,255,1.0,0.0,0.01,0.02,0.0,0.0,0.0,0,124789.0
0,tcp,uucp,RSTO,0,0,0,0,0,0,0,0,0,123,0.0,0.0,1.0,1.0,0.15,0.07,0.0,255,18,0.07,0.06,0.0,0.0,0.0,0.0,1.0,1,125011.0
1,tcp,smtp,SF,1172,328,0,0,1,0,0,0,0,1,0.0,0.0,0.0,0.0,1.0,0.0,1.0,114,70,0.52,0.04,0.01,0.03,0.0,0.0,0.0,0,117560.0
0,tcp,http,SF,314,282,0,0,1,0,0,0,0,22,0.0,0.0,0.0,0.0,1.0,0.0,0.0,106,255,1.0,0.0,0.01,0.06,0.0,0.01,0.0,0,74657.0
0,udp,domain_u,SF,44,126,0,0,0,0,0,0,0,77,0.0,0.0,0.0,0.0,1.0,0.0,0.01,255,254,1.0,0.01,0.0,0.0,0.0,0.0,0.0,0,62960.0
0,tcp,imap4,REJ,0,0,0,0,0,0,0,0,0,150,0.0,0.0,1.0,1.0,0.13,0.05,0.0,255,13,0.05,0.07,0.0,0.0,0.0,0.0,1.0,1,101247.0
0,tcp,http,SF,352,8449,0,0,1,0,0,0,0,2,0.0,0.0,0.0,0.0,1.0,0.0,0.12,49,255,1.0,0.0,0.02,0.01,0.0,0.0,0.0,0,27229.0
0,tcp,ftp_data,SF,203,0,0,0,0,0,0,0,0,2,0.0,0.0,0.0,0.0,1.0,0.0,0.0,4,28,1.0,0.0,1.0,0.07,0.0,0.0,0.0,0,39738.0
5190,tcp,other,RSTR,1,0,0,0,0,0,0,0,0,2,0.0,0.0,1.0,1.0,1.0,0.0,0.0,255,2,0.01,0.74,1.0,0.0,0.0,0.0,1.0,1,102958.0
0,udp,domain_u,SF,46,71,0,0,0,0,0,0,0,152,0.0,0.0,0.0,0.0,1.0,0.0,0.0,255,255,1.0,0.0,0.01,0.0,0.0,0.0,0.0,0,76059.0
0,tcp,private,S0,0,0,0,0,0,0,0,0,0,248,1.0,1.0,0.0,0.0,0.05,0.07,0.0,255,13,0.05,0.08,0.0,0.0,1.0,1.0,0.0,1,88544.0
0,udp,domain_u,SF,44,76,0,0,0,0,0,0,0,257,0.0,0.0,0.0,0.0,1.0,0.0,0.01,255,220,0.86,0.01,0.0,0.0,0.0,0.0,0.0,0,6818.0
0,tcp,exec,S0,0,0,0,0,0,0,0,0,0,115,1.0,1.0,0.0,0.0,0.17,0.07,0.0,255,20,0.08,0.07,0.0,0.0,1.0,1.0,0.0,1,45829.0
0,tcp,Z39_50,S0,0,0,0,0,0,0,0,0,0,248,1.0,1.0,0.0,0.0,0.04,0.05,0.0,255,10,0.04,0.06,0.0,0.0,1.0,1.0,0.0,1,90647.0
0,icmp,ecr_i,SF,1032,0,0,0,0,0,0,0,0,511,0.0,0.0,0.0,0.0,1.0,0.0,0.0,255,49,0.19,0.17,0.19,0.0,0.0,0.0,0.0,1,4569.0
0,tcp,uucp,S0,0,0,0,0,0,0,0,0,0,139,1.0,1.0,0.0,0.0,0.07,0.06,0.0,255,10,0.04,0.06,0.0,0.0,1.0,1.0,0.0,1,71462.0
0,tcp,http,REJ,0,0,0,0,0,0,0,0,0,1,0.0,0.0,1.0,1.0,1.0,0.0,0.0,54,255,1.0,0.0,0.02,0.11,0.0,0.0,0.79,0,40584.0
0,udp,domain_u,SF,45,79,0,0,0,0,0,0,0,265,0.0,0.0,0.0,0.0,1.0,0.0,0.0,255,203,0.8,0.01,0.0,0.0,0.0,0.0,0.0,0,3413.0
0,tcp,ldap,REJ,0,0,0,0,0,0,0,0,0,141,0.0,0.0,1.0,1.0,0.13,0.06,0.0,255,19,0.07,0.06,0.0,0.0,0.0,0.0,1.0,1,85538.0
0,tcp,http,SF,386,9683,0,0,1,0,0,0,0,1,0.0,0.0,0.0,0.0,1.0,0.0,0.4,15,255,1.0,0.0,0.07,0.02,0.0,0.0,0.0,0,108737.0
0,tcp,sunrpc,S0,0,0,0,0,0,0,0,0,0,131,1.0,1.0,0.0,0.0,0.02,0.06,0.0,255,2,0.01,0.07,0.0,0.0,1.0,1.0,0.0,1,14598.0
0,tcp,private,S0,0,0,0,0,0,0,0,0,0,126,1.0,1.0,0.0,0.0,0.04,0.08,0.0,255,5,0.02,0.07,0.0,0.0,1.0,1.0,0.0,1,55624.0
0,icmp,ecr_i,SF,1032,0,0,0,0,0,0,0,0,511,0.0,0.0,0.0,0.0,1.0,0.0,0.0,255,120,0.47,0.17,0.47,0.0,0.0,0.0,0.0,1,27273.0
0,tcp,vmnet,S0,0,0,0,0,0,0,0,0,0,284,1.0,1.0,0.0,0.0,0.03,0.05,0.0,255,8,0.03,0.05,0.0,0.0,1.0,1.0,0.0,1,2898.0
0,tcp,private,S0,0,0,0,0,0,0,0,0,0,145,1.0,1.0,0.0,0.0,0.02,0.05,0.0,255,3,0.01,0.06,0.0,0.0,1.0,1.0,0.0,1,69354.0
0,tcp,smtp,SF,787,332,0,0,1,0,0,0,0,1,0.0,0.0,0.0,0.0,1.0,0.0,0.0,51,167,0.65,0.08,0.02,0.01,0.0,0.0,0.0,0,5756.0
0,tcp,private,REJ,0,0,0,0,0,0,0,0,0,140,0.0,0.0,1.0,1.0,0.11,0.07,0.0,255,15,0.06,0.08,0.0,0.0,0.0,0.0,1.0,1,23185.0
0,tcp,uucp,S0,0,0,0,0,0,0,0,0,0,134,1.0,1.0,0.0,0.0,0.19,0.05,0.0,255,25,0.1,0.05,0.0,0.0,1.0,1.0,0.0,1,100042.0
0,tcp,http,SF,330,912,0,0,1,0,0,0,0,2,0.5,0.5,0.0,0.0,1.0,0.0,0.0,255,255,1.0,0.0,0.0,0.0,0.0,0.0,0.0,0,102809.0
0,udp,other,SF,1,0,0,0,0,0,0,0,0,41,0.0,0.0,0.0,0.0,0.05,0.2,0.0,255,2,0.01,0.1,0.33,0.0,0.0,0.0,0.0,1,120824.0
0,udp,domain_u,SF,43,131,0,0,0,0,0,0,0,264,0.0,0.0,0.0,0.0,1.0,0.0,0.0,255,251,0.98,0.01,0.0,0.0,0.0,0.0,0.0,0,86297.0
0,tcp,courier,S0,0,0,0,0,0,0,0,0,0,98,1.0,1.0,0.0,0.0,0.02,0.06,0.0,255,2,0.01,0.06,0.0,0.0,1.0,1.0,0.0,1,93647.0
0,tcp,http,SF,318,1411,0,0,1,0,0,0,0,2,0.0,0.0,0.0,0.0,1.0,0.0,0.0,255,255,1.0,0.0,0.0,0.0,0.01,0.01,0.0,0,106972.0
0,tcp,private,S0,0,0,0,0,0,0,0,0,0,86,1.0,1.0,0.0,0.0,0.03,0.08,0.0,255,3,0.01,0.08,0.0,0.0,1.0,1.0,0.0,1,17296.0
0,tcp,bgp,S0,0,0,0,0,0,0,0,0,0,215,1.0,1.0,0.0,0.0,0.11,0.05,0.0,255,23,0.09,0.06,0.0,0.0,1.0,1.0,0.0,1,21720.0
0,tcp,courier,S0,0,0,0,0,0,0,0,0,0,125,1.0,1.0,0.0,0.0,0.07,0.06,0.0,255,9,0.04,0.05,0.0,0.0,1.0,1.0,0.0,1,50225.0
0,tcp,http,SF,312,2251,0,0,1,0,0,0,0,33,0.0,0.03,0.0,0.0,1.0,0.0,0.08,255,255,1.0,0.0,0.0,0.0,0.0,0.0,0.0,0,48058.0
0,tcp,http,SF,332,2873,0,0,1,0,0,0,0,3,0.0,0.0,0.0,0.0,1.0,0.0,0.0,31,255,1.0,0.0,0.03,0.03,0.0,0.0,0.0,0,62436.0
0,tcp,http_443,S0,0,0,0,0,0,0,0,0,0,256,1.0,1.0,0.0,0.0,0.04,0.05,0.0,255,11,0.04,0.05,0.0,0.0,1.0,1.0,0.0,1,121632.0
2,tcp,smtp,SF,1637,327,0,0,1,0,0,0,0,1,0.0,0.0,0.0,0.0,1.0,0.0,1.0,5,5,1.0,0.0,0.2,0.0,0.0,0.0,0.0,0,5516.0
0,tcp,hostnames,S0,0,0,0,0,0,0,0,0,0,280,1.0,1.0,0.0,0.0,0.06,0.05,0.0,255,16,0.06,0.05,0.0,0.0,1.0,1.0,0.0,1,80207.0
0,udp,domain_u,SF,44,88,0,0,0,0,0,0,0,157,0.0,0.0,0.0,0.0,1.0,0.0,0.0,255,166,0.65,0.01,0.0,0.0,0.0,0.0,0.0,0,86775.0
0,tcp,ftp_data,SF,567,0,0,0,0,0,0,0,0,1,0.0,0.0,0.0,0.0,1.0,0.0,0.0,117,25,0.16,0.05,0.16,0.08,0.0,0.0,0.0,0,76765.0
0,tcp,http,SF,229,2509,0,0,1,0,0,0,0,4,0.0,0.0,0.0,0.0,1.0,0.0,0.07,189,255,1.0,0.0,0.01,0.03,0.0,0.0,0.0,0,43087.0
0,tcp,bgp,REJ,0,0,0,0,0,0,0,0,0,144,0.0,0.0,1.0,1.0,0.05,0.06,0.0,255,4,0.02,0.07,0.0,0.0,0.0,0.0,1.0,1,32882.0
0,tcp,http,SF,273,1493,0,0,1,0,0,0,0,2,0.0,0.0,0.0,0.0,1.0,0.0,0.0,28,221,1.0,0.0,0.04,0.01,0.0,0.0,0.0,0,36980.0
0,tcp,finger,S0,0,0,0,0,0,0,0,0,0,157,1.0,1.0,0.0,0.0,0.13,0.06,0.0,255,21,0.08,0.05,0.0,0.0,1.0,1.0,0.0,1,65753.0
0,udp,domain_u,SF,45,134,0,0,0,0,0,0,0,90,0.0,0.0,0.0,0.0,0.99,0.02,0.01,255,254,1.0,0.01,0.0,0.0,0.0,0.0,0.0,0,63265.0
0,udp,domain_u,SF,45,71,0,0,0,0,0,0,0,228,0.0,0.0,0.0,0.0,1.0,0.0,0.0,255,254,1.0,0.01,0.0,0.0,0.0,0.0,0.0,0,78524.0
0,tcp,ftp_data,SF,172,0,0,0,1,0,0,0,0,3,0.0,0.0,0.0,0.0,1.0,0.0,0.0,64,130,0.61,0.05,0.61,0.02,0.0,0.0,0.0,0,96760.0
10,tcp,auth,SF,9,36,0,0,1,0,0,0,0,1,0.0,0.0,0.0,0.0,1.0,0.0,0.0,255,3,0.01,0.03,0.0,0.0,0.0,0.0,0.0,0,107746.0
0,tcp,private,S0,0,0,0,0,0,0,0,0,0,251,1.0,1.0,0.0,0.0,0.01,0.06,0.0,255,18,0.07,0.07,0.0,0.0,1.0,1.0,0.0,1,39248.0
0,tcp,systat,REJ,0,0,0,0,0,0,0,0,0,273,0.0,0.0,1.0,1.0,0.07,0.07,0.0,255,18,0.07,0.08,0.0,0.0,0.0,0.0,1.0,1,61259.0
0,tcp,http,SF,336,11283,0,0,1,0,0,0,0,13,0.0,0.0,0.0,0.0,1.0,0.0,0.0,13,255,1.0,0.0,0.08,0.02,0.0,0.0,0.0,0,92582.0
10,tcp,smtp,SF,1191,328,0,0,1,0,0,0,0,1,0.0,0.0,0.0,0.0,1.0,0.0,0.0,93,167,0.78,0.06,0.01,0.01,0.0,0.0,0.0,0,65483.0
0,tcp,ftp_data,SF,4892,0,0,0,1,0,0,0,0,9,0.0,0.0,0.0,0.0,1.0,0.0,0.0,197,74,0.38,0.04,0.38,0.0,0.0,0.0,0.0,0,113092.0
0,tcp,http,REJ,0,0,0,0,0,0,0,0,0,1,0.0,0.0,1.0,1.0,1.0,0.0,0.0,19,247,1.0,0.0,0.05,0.09,0.0,0.0,0.45,0,32039.0
0,tcp,http,SF,228,1247,0,0,1,0,0,0,0,22,0.0,0.0,0.0,0.0,1.0,0.0,0.0,255,255,1.0,0.0,0.0,0.0,0.0,0.0,0.0,0,8756.0
0,tcp,finger,SF,7,361,0,0,0,0,0,0,0,1,0.0,0.0,0.0,0.0,1.0,0.0,0.0,210,5,0.01,0.02,0.0,0.4,0.0,0.0,0.0,0,52252.0
0,tcp,http,SF,225,4359,0,0,1,0,0,0,0,13,0.0,0.0,0.0,0.0,1.0,0.0,0.0,255,255,1.0,0.0,0.0,0.0,0.0,0.0,0.0,0,11033.0
0,tcp,daytime,S0,0,0,0,0,0,0,0,0,0,201,1.0,1.0,0.0,0.0,0.07,0.06,0.0,255,18,0.07,0.05,0.0,0.0,1.0,1.0,0.0,1,63729.0
8,tcp,smtp,SF,743,328,0,0,1,0,0,0,0,1,0.0,0.0,0.0,0.0,1.0,0.0,0.0,118,138,0.83,0.04,0.01,0.01,0.0,0.0,0.0,0,31558.0
0,tcp,http,SF,212,6461,0,0,1,0,0,0,0,12,0.0,0.0,0.0,0.0,1.0,0.0,0.0,12,255,1.0,0.0,0.08,0.04,0.0,0.0,0.0,0,57616.0
0,icmp,eco_i,SF,8,0,0,0,0,0,0,0,0,1,0.0,0.0,0.0,0.0,1.0,0.0,1.0,1,29,1.0,0.0,1.0,0.28,0.0,0.0,0.0,1,38845.0
0,icmp,eco_i,SF,18,0,0,0,0,0,0,0,0,1,0.0,0.0,0.0,0.0,1.0,0.0,0.0,1,43,1.0,0.0,1.0,1.0,0.0,0.0,0.0,1,120642.0
0,tcp,http,SF,296,943,0,0,1,0,0,0,0,16,0.0,0.0,0.0,0.0,1.0,0.0,0.0,68,255,1.0,0.0,0.01,0.02,0.04,0.01,0.01,0,1194.0
0,icmp,eco_i,SF,18,0,0,0,0,0,0,0,0,1,0.0,0.0,0.0,0.0,1.0,0.0,0.0,2,14,1.0,0.0,1.0,0.29,0.0,0.0,0.0,1,71923.0
0,udp,private,SF,1,0,0,0,0,0,0,0,0,136,0.0,0.0,0.0,0.0,0.93,0.01,0.0,255,194,0.76,0.04,1.0,0.0,0.0,0.0,0.0,1,108390.0
0,tcp,private,S0,0,0,0,0,0,0,0,0,0,62,1.0,1.0,0.0,0.0,0.1,0.06,0.0,255,6,0.02,0.07,0.0,0.0,1.0,1.0,0.0,1,12842.0
0,tcp,domain,S0,0,0,0,0,0,0,0,0,0,271,1.0,1.0,0.0,0.0,0.01,0.05,0.0,255,3,0.01,0.05,0.0,0.0,1.0,1.0,0.0,1,100262.0
0,tcp,nnsp,S0,0,0,0,0,0,0,0,0,0,102,1.0,1.0,0.0,0.0,0.17,0.06,0.0,255,17,0.07,0.07,0.0,0.0,1.0,1.0,0.0,1,5015.0
0,tcp,klogin,S0,0,0,0,0,0,0,0,0,0,20,1.0,1.0,0.0,0.0,0.75,0.1,0.0,255,15,0.06,0.06,0.0,0.0,1.0,1.0,0.0,1,75976.0
0,tcp,supdup,S0,0,0,0,0,0,0,0,0,0,297,1.0,1.0,0.0,0.0,0.04,0.05,0.0,255,13,0.05,0.05,0.0,0.0,1.0,1.0,0.0,1,114228.0
0,tcp,ftp_data,SF,567,0,0,0,1,0,0,6,0,1,0.0,0.0,0.0,0.0,1.0,0.0,0.0,21,85,0.86,0.1,0.86,0.04,0.0,0.0,0.0,0,25950.0
0,udp,domain_u,SF,43,128,0,0,0,0,0,0,0,263,0.0,0.0,0.0,0.0,1.0,0.0,0.0,255,251,0.98,0.01,0.0,0.0,0.0,0.0,0.0,0,91889.0
0,tcp,http,SF,228,1075,0,0,1,0,0,0,0,3,0.0,0.0,0.0,0.0,1.0,0.0,0.0,255,247,0.97,0.01,0.0,0.0,0.0,0.0,0.0,0,49941.0
356,tcp,telnet,SF,363,9784,0,0,1,2,0,0,0,1,0.0,0.0,0.0,0.0,1.0,0.0,0.0,255,69,0.27,0.02,0.0,0.0,0.34,0.58,0.01,0,27753.0
0,tcp,http,SF,54540,8314,0,2,1,1,0,0,0,6,0.0,0.0,0.0,0.25,1.0,0.0,0.38,255,255,1.0,0.0,0.0,0.0,0.0,0.0,0.05,1,32864.0
0,tcp,http,SF,218,12640,0,0,1,0,0,0,0,3,0.0,0.0,0.0,0.0,1.0,0.0,0.0,255,255,1.0,0.0,0.0,0.0,0.0,0.0,0.0,0,62546.0
0,tcp,nntp,RSTO,0,0,0,0,0,0,0,0,0,178,0.0,0.0,1.0,1.0,0.04,0.07,0.0,255,8,0.03,0.07,0.0,0.0,0.0,0.0,1.0,1,102601.0
0,tcp,http,SF,238,2698,0,0,1,0,0,0,1,1,0.0,0.0,0.0,0.0,1.0,0.0,0.0,255,242,0.95,0.02,0.0,0.0,0.0,0.0,0.0,0,56961.0
0,udp,other,SF,1,0,0,0,0,0,0,0,0,22,0.0,0.0,0.0,0.0,0.27,0.09,0.0,255,6,0.02,0.06,1.0,0.0,0.0,0.0,0.0,1,178.0
0,tcp,finger,S0,0,0,0,0,0,0,0,0,0,26,1.0,1.0,0.0,0.0,0.27,0.15,0.0,106,32,0.25,0.04,0.04,0.06,1.0,0.84,0.0,1,79582.0
0,tcp,ftp_data,SF,11,0,0,0,0,0,0,0,0,2,0.0,0.0,0.0,0.0,1.0,0.0,0.0,44,112,0.68,0.09,0.68,0.02,0.0,0.0,0.0,0,32394.0
0,udp,private,SF,1,0,0,0,0,0,0,0,0,39,0.0,0.0,0.0,0.0,0.31,0.1,0.0,255,40,0.16,0.45,0.58,0.0,0.16,0.0,0.0,1,32682.0
0,tcp,http,SF,205,406,0,0,1,0,0,0,0,24,0.0,0.0,0.0,0.0,1.0,0.0,0.0,24,255,1.0,0.0,0.04,0.05,0.0,0.0,0.0,0,66541.0
0,tcp,http,SF,311,2288,0,0,1,0,0,0,0,3,0.0,0.0,0.0,0.0,1.0,0.0,0.5,123,227,1.0,0.0,0.01,0.01,0.0,0.0,0.02,0,16668.0
0,tcp,http,S1,54540,2920,0,1,1,0,0,0,0,2,0.5,0.5,0.0,0.0,1.0,0.0,0.0,255,255,1.0,0.0,0.0,0.0,0.01,0.01,0.03,1,39840.0
0,tcp,private,S0,0,0,0,0,0,0,0,0,0,185,1.0,1.0,0.0,0.0,0.04,0.06,0.0,255,5,0.02,0.09,0.0,0.0,1.0,1.0,0.0,1,124476.0
0,tcp,bgp,S0,0,0,0,0,0,0,0,0,0,267,1.0,1.0,0.0,0.0,0.03,0.06,0.0,255,7,0.03,0.07,0.0,0.0,1.0,1.0,0.0,1,96870.0
0,tcp,http,SF,289,647,0,0,1,0,0,0,0,14,0.0,0.0,0.0,0.0,1.0,0.0,0.0,218,255,1.0,0.0,0.0,0.02,0.0,0.0,0.0,0,5945.0
0,tcp,ftp_data,SF,383,0,0,0,0,0,0,0,0,2,0.0,0.0,0.0,0.0,1.0,0.0,0.0,220,65,0.3,0.02,0.3,0.0,0.0,0.0,0.0,0,118268.0
0,tcp,http,SF,265,188,0,0,1,0,0,0,0,1,0.0,0.0,0.0,0.0,1.0,0.0,0.33,1,255,1.0,0.0,1.0,0.03,0.0,0.0,0.0,0,26093.0
0,udp,domain_u,SF,43,135,0,0,0,0,0,0,0,29,0.0,0.0,0.0,0.0,1.0,0.0,0.04,255,255,1.0,0.0,0.0,0.0,0.0,0.0,0.0,0,60515.0
16513,tcp,other,RSTR,1,0,0,0,0,0,0,0,0,2,0.0,0.0,1.0,1.0,1.0,0.0,0.0,255,2,0.01,0.62,1.0,0.0,0.0,0.0,1.0,1,6413.0
0,tcp,finger,S0,0,0,0,0,0,0,0,0,0,292,1.0,1.0,0.0,0.0,0.04,0.06,0.0,255,19,0.07,0.06,0.0,0.0,1.0,1.0,0.0,1,39047.0
0,udp,other,SF,516,4,0,0,0,0,0,0,0,263,0.0,0.0,0.0,0.0,1.0,0.0,0.0,255,255,1.0,0.0,1.0,0.0,0.0,0.0,0.0,0,125554.0
0,tcp,ssh,S0,0,0,0,0,0,0,0,0,0,128,1.0,1.0,0.0,0.0,0.1,0.06,0.0,255,29,0.11,0.07,0.0,0.0,1.0,1.0,0.0,1,42503.0
0,tcp,ftp_data,SF,19,0,0,0,1,0,0,0,0,1,0.0,0.0,0.0,0.0,1.0,0.0,0.0,16,115,0.31,0.19,0.31,0.03,0.0,0.0,0.0,0,60387.0
0,udp,domain_u,SF,44,127,0,0,0,0,0,0,0,75,0.0,0.0,0.0,0.0,1.0,0.0,0.01,255,255,1.0,0.0,0.0,0.0,0.0,0.0,0.0,0,39095.0
0,tcp,http,SF,268,20029,0,0,1,0,0,0,0,7,0.0,0.0,0.0,0.0,1.0,0.0,0.0,255,255,1.0,0.0,0.0,0.0,0.0,0.0,0.0,0,46756.0
0,tcp,http,SF,327,1856,0,0,1,0,0,0,0,9,0.0,0.0,0.0,0.0,1.0,0.0,0.0,255,255,1.0,0.0,0.0,0.0,0.0,0.0,0.0,0,91097.0
0,tcp,other,REJ,0,0,0,0,0,0,0,0,0,511,0.18,0.0,0.82,1.0,0.0,1.0,0.0,255,1,0.0,1.0,0.0,0.0,0.01,0.0,1.0,1,90137.0
0,tcp,smtp,SF,2483,325,0,0,1,0,0,0,0,1,0.0,0.0,0.0,0.0,1.0,0.0,0.0,255,200,0.78,0.02,0.0,0.0,0.0,0.0,0.0,0,43909.0
0,icmp,eco_i,SF,8,0,0,0,0,0,0,0,0,1,0.0,0.0,0.0,0.0,1.0,0.0,1.0,1,17,1.0,0.0,1.0,0.53,0.0,0.0,0.0,1,874.0
0,udp,other,SF,147,147,0,0,0,0,0,0,0,1,0.0,0.0,0.0,0.0,1.0,0.0,0.0,255,1,0.0,0.62,0.99,0.0,0.0,0.0,0.0,0,69632.0
27,tcp,ftp,SF,1064,3081,0,22,1,0,0,0,0,1,0.0,0.0,0.0,0.0,1.0,0.0,0.0,78,17,0.22,0.09,0.01,0.0,0.01,0.0,0.0,0,46239.0
0,udp,domain_u,SF,44,99,0,0,0,0,0,0,0,170,0.0,0.0,0.0,0.0,1.0,0.0,0.0,255,255,1.0,0.0,0.01,0.0,0.0,0.0,0.0,0,114403.0
0,udp,domain_u,SF,35,95,0,0,0,0,0,0,0,2,0.0,0.0,0.0,0.0,0.5,1.0,0.0,235,232,0.99,0.01,0.0,0.0,0.0,0.0,0.0,0,66625.0
0,tcp,smtp,SF,2844,327,0,0,1,0,0,0,0,1,0.0,0.0,0.0,0.0,1.0,0.0,0.0,7,7,1.0,0.0,0.14,0.0,0.0,0.0,0.0,0,75386.0
0,tcp,http,SF,264,413,0,0,1,0,0,0,0,12,0.0,0.0,0.0,0.0,1.0,0.0,0.0,255,255,1.0,0.0,0.0,0.0,0.0,0.0,0.0,0,16912.0
0,udp,domain_u,SF,45,45,0,0,0,0,0,0,0,177,0.0,0.0,0.0,0.0,1.0,0.0,0.0,255,197,0.77,0.01,0.0,0.0,0.0,0.0,0.0,0,35475.0
0,udp,private,SF,1,0,0,0,0,0,0,0,0,31,0.0,0.0,0.0,0.0,0.13,0.1,0.0,255,24,0.09,0.65,0.4,0.0,0.05,0.0,0.0,1,48519.0
0,udp,domain_u,SF,44,67,0,0,0,0,0,0,0,172,0.0,0.0,0.0,0.0,1.0,0.0,0.0,255,255,1.0,0.0,0.01,0.0,0.0,0.0,0.0,0,22801.0
0,tcp,http,SF,230,7431,0,0,1,0,0,0,0,1,0.0,0.0,0.0,0.0,1.0,0.0,0.0,1,255,1.0,0.0,1.0,0.07,0.0,0.0,0.0,0,92414.0
0,tcp,http,SF,314,307,0,0,1,0,0,0,0,28,0.0,0.0,0.0,0.0,1.0,0.0,0.0,242,255,1.0,0.0,0.0,0.01,0.0,0.0,0.0,0,61079.0
0,udp,domain_u,SF,45,136,0,0,0,0,0,0,0,139,0.0,0.0,0.0,0.0,1.0,0.0,0.01,255,255,1.0,0.0,0.0,0.0,0.0,0.0,0.0,0,40023.0
0,tcp,time,S0,0,0,0,0,0,0,0,0,0,62,1.0,1.0,0.0,0.0,0.1,0.1,0.0,255,6,0.02,0.09,0.0,0.0,1.0,1.0,0.0,1,116368.0
0,tcp,finger,S0,0,0,0,0,0,0,0,0,0,9,1.0,1.0,0.0,0.0,0.33,0.33,0.0,255,42,0.16,0.04,0.0,0.0,1.0,1.0,0.0,1,28107.0
0,tcp,private,S0,0,0,0,0,0,0,0,0,0,288,1.0,1.0,0.0,0.0,0.02,0.06,0.0,255,12,0.05,0.09,0.0,0.0,1.0,1.0,0.0,1,83265.0
10946,tcp,telnet,SF,109,3245,0,0,1,0,0,0,0,1,0.0,0.0,0.0,0.0,1.0,0.0,0.0,27,8,0.3,0.15,0.04,0.0,0.04,0.12,0.0,0,6425.0
0,tcp,ftp_data,SF,63,0,0,0,0,0,0,0,0,2,0.0,0.0,0.0,0.0,1.0,0.0,0.0,255,32,0.13,0.07,0.13,0.0,0.79,0.0,0.0,0,37996.0
2,tcp,ftp_data,SF,2194619,0,0,0,1,0,0,0,0,2,0.0,0.0,0.0,0.0,1.0,0.0,0.0,248,153,0.62,0.02,0.62,0.0,0.0,0.0,0.0,0,77112.0
0,tcp,ctf,S0,0,0,0,0,0,0,0,0,0,221,1.0,1.0,0.0,0.0,0.03,0.06,0.0,255,15,0.06,0.06,0.0,0.0,1.0,1.0,0.0,1,94790.0
0,tcp,uucp,S0,0,0,0,0,0,0,0,0,0,144,1.0,1.0,0.0,0.0,0.08,0.06,0.0,255,6,0.02,0.07,0.0,0.0,1.0,1.0,0.0,1,89268.0
0,tcp,http,SF,263,23238,0,0,1,0,0,0,0,2,0.0,0.0,0.0,0.0,1.0,0.0,0.0,2,255,1.0,0.0,0.5,0.06,0.0,0.01,0.0,0,76961.0
11398,udp,other,SF,145,105,0,0,0,0,0,0,0,1,0.0,0.0,0.0,0.0,1.0,0.0,0.0,255,1,0.0,0.14,0.22,0.0,0.0,0.0,0.0,0,101866.0
0,tcp,http,REJ,0,0,0,0,0,0,0,0,0,1,0.0,0.0,1.0,1.0,1.0,0.0,0.0,3,255,1.0,0.0,0.33,0.16,0.0,0.0,0.74,0,95437.0
0,tcp,supdup,REJ,0,0,0,0,0,0,0,0,0,2,0.0,0.0,1.0,1.0,0.5,1.0,0.0,255,1,0.0,1.0,1.0,0.0,0.0,0.0,1.0,1,107079.0
0,tcp,http,SF,305,4803,0,0,1,0,0,0,0,6,0.0,0.0,0.0,0.0,1.0,0.0,0.27,12,255,1.0,0.0,0.08,0.03,0.0,0.0,0.0,0,68833.0
0,tcp,ftp_data,S0,0,0,0,0,0,0,0,0,0,276,1.0,1.0,0.0,0.0,0.07,0.07,0.0,255,20,0.08,0.08,0.0,0.0,1.0,1.0,0.0,1,65922.0
0,tcp,http,SF,54540,8314,0,2,1,1,0,0,0,1,0.0,0.0,0.0,0.5,1.0,0.0,1.0,255,255,1.0,0.0,0.0,0.0,0.0,0.0,0.04,1,19055.0
0,tcp,vmnet,REJ,0,0,0,0,0,0,0,0,0,185,0.0,0.0,1.0,1.0,0.04,0.06,0.0,255,7,0.03,0.08,0.0,0.0,0.0,0.0,1.0,1,101351.0
0,tcp,ftp_data,SF,374,0,0,0,1,0,0,0,0,3,0.0,0.0,0.0,0.0,1.0,0.0,0.0,255,102,0.4,0.02,0.4,0.0,0.0,0.0,0.0,0,72971.0
0,tcp,other,REJ,0,0,0,0,0,0,0,0,0,510,0.18,0.0,0.82,1.0,0.0,1.0,0.0,255,1,0.0,1.0,0.0,0.0,0.19,0.0,1.0,1,26623.0
0,icmp,eco_i,SF,30,0,0,0,0,0,0,0,0,1,0.0,0.0,0.0,0.0,1.0,0.0,0.0,196,196,1.0,0.0,1.0,0.0,0.0,0.0,0.0,0,69234.0
0,tcp,smtp,SF,1418,334,0,0,1,0,0,0,0,1,0.0,0.0,0.0,0.0,1.0,0.0,0.0,178,246,0.96,0.02,0.01,0.01,0.0,0.0,0.0,0,71747.0
0,icmp,eco_i,SF,30,0,0,0,0,0,0,0,0,1,0.0,0.0,0.0,0.0,1.0,0.0,0.0,30,91,1.0,0.0,1.0,0.35,0.0,0.0,0.0,0,59850.0
0,tcp,mtp,REJ,0,0,0,0,0,0,0,0,0,1,0.0,0.0,1.0,1.0,1.0,0.0,0.0,38,2,0.03,1.0,0.03,1.0,0.0,0.0,1.0,1,92770.0
27,tcp,ftp,SF,872,2586,0,18,1,0,0,0,0,1,0.0,0.0,0.0,0.0,1.0,0.0,0.0,49,15,0.31,0.1,0.02,0.0,0.0,0.0,0.07,0,42040.0
0,tcp,http,SF,286,354,0,0,1,0,0,0,0,32,0.0,0.0,0.0,0.0,1.0,0.0,0.06,255,255,1.0,0.0,0.0,0.0,0.0,0.0,0.0,0,72595.0
4,tcp,pop_2,SF,6,147,0,0,1,0,0,0,0,1,0.0,0.0,0.0,0.0,1.0,0.0,0.0,255,1,0.0,0.04,0.0,0.0,0.0,0.0,0.0,1,124358.0
0,icmp,eco_i,SF,8,0,0,0,0,0,0,0,0,1,0.0,0.0,0.0,0.0,1.0,0.0,1.0,4,124,1.0,0.0,1.0,0.25,0.0,0.0,0.0,1,78629.0
0,tcp,http,SF,364,513,0,0,1,0,0,0,0,5,0.0,0.0,0.0,0.0,1.0,0.0,0.0,255,255,1.0,0.0,0.0,0.0,0.0,0.0,0.0,0,16579.0
3,tcp,smtp,SF,938,330,0,0,1,0,0,0,0,1,0.0,0.0,0.0,0.0,1.0,0.0,1.0,201,166,0.83,0.02,0.0,0.0,0.0,0.0,0.0,0,83280.0
0,tcp,vmnet,REJ,0,0,0,0,0,0,0,0,0,209,0.0,0.0,1.0,1.0,0.02,0.07,0.0,255,4,0.02,0.07,0.0,0.0,0.0,0.0,1.0,1,35979.0
0,tcp,http,SF,298,1197,0,0,1,0,0,0,0,2,0.0,0.0,0.0,0.0,1.0,0.0,0.0,32,255,1.0,0.0,0.03,0.01,0.0,0.0,0.0,0,45161.0
0,tcp,http,REJ,0,0,0,0,0,0,0,0,0,1,0.0,0.0,1.0,1.0,1.0,0.0,0.0,2,190,1.0,0.0,0.5,0.04,0.0,0.01,0.74,0,62348.0
0,tcp,http,SF,285,18555,0,0,1,0,0,0,0,8,0.0,0.0,0.0,0.0,1.0,0.0,0.0,123,255,1.0,0.0,0.01,0.03,0.0,0.0,0.0,0,3451.0
0,udp,private,SF,1,0,0,0,0,0,0,0,0,162,0.0,0.0,0.0,0.0,0.88,0.02,0.0,255,177,0.69,0.04,1.0,0.0,0.0,0.0,0.0,1,24872.0
0,tcp,http,SF,244,2899,0,0,1,0,0,0,0,10,0.0,0.0,0.0,0.0,1.0,0.0,0.0,124,255,1.0,0.0,0.01,0.02,0.0,0.0,0.0,0,9401.0
0,tcp,http,S0,0,0,0,0,0,0,0,0,0,1,1.0,1.0,0.0,0.0,1.0,0.0,0.0,4,255,1.0,0.0,0.25,0.06,1.0,0.02,0.0,0,63546.0
0,tcp,private,S0,0,0,0,0,0,0,0,0,0,287,1.0,1.0,0.0,0.0,0.05,0.06,0.0,255,14,0.05,0.09,0.0,0.0,1.0,1.0,0.0,1,32406.0
0,tcp,private,S0,0,0,0,0,0,0,0,0,0,120,1.0,1.0,0.0,0.0,0.03,0.07,0.0,54,18,0.33,0.13,0.02,0.0,1.0,1.0,0.0,1,120231.0
0,tcp,http,REJ,0,0,0,0,0,0,0,0,0,2,0.0,0.0,1.0,1.0,1.0,0.0,0.0,3,59,1.0,0.0,0.33,0.08,0.0,0.0,1.0,0,90228.0
0,tcp,http,SF,280,263,0,0,1,0,0,0,0,26,0.0,0.0,0.0,0.0,1.0,0.0,0.11,255,255,1.0,0.0,0.0,0.0,0.0,0.0,0.0,0,22924.0
0,icmp,eco_i,SF,8,0,0,0,0,0,0,0,0,1,0.0,0.0,0.0,0.0,1.0,0.0,1.0,1,62,1.0,0.0,1.0,0.52,0.0,0.0,0.0,1,40892.0
0,tcp,private,S0,0,0,0,0,0,0,0,0,0,146,1.0,1.0,0.0,0.0,0.08,0.05,0.0,255,9,0.04,0.07,0.0,0.0,1.0,1.0,0.0,1,54941.0
0,tcp,ftp_data,SF,61298,0,0,0,1,0,0,0,0,4,0.0,0.0,0.0,0.0,1.0,0.0,0.0,255,14,0.05,0.06,0.05,0.0,0.82,0.0,0.0,0,46875.0
0,icmp,eco_i,SF,8,0,0,0,0,0,0,0,0,1,0.0,0.0,0.0,0.0,1.0,0.0,1.0,1,221,1.0,0.0,1.0,0.25,0.0,0.0,0.0,1,31506.0
0,tcp,uucp,S0,0,0,0,0,0,0,0,0,0,125,1.0,1.0,0.0,0.0,0.15,0.06,0.0,255,19,0.07,0.06,0.0,0.0,1.0,1.0,0.0,1,109381.0
0,udp,domain_u,SF,45,45,0,0,0,0,0,0,0,247,0.0,0.0,0.0,0.0,1.0,0.0,0.0,255,232,0.91,0.01,0.0,0.0,0.0,0.0,0.0,0,76532.0
0,tcp,http,RSTR,54540,8314,0,2,1,1,0,0,0,1,0.0,0.0,1.0,1.0,1.0,0.0,1.0,255,255,1.0,0.0,0.0,0.0,0.0,0.0,0.04,1,36027.0
0,tcp,http,SF,272,295,0,0,1,0,0,0,0,3,0.0,0.0,0.0,0.0,1.0,0.0,0.6,43,255,1.0,0.0,0.02,0.06,0.0,0.0,0.0,0,49142.0
0,icmp,ecr_i,SF,1032,0,0,0,0,0,0,0,0,511,0.0,0.0,0.0,0.0,1.0,0.0,0.0,255,234,0.92,0.01,0.92,0.0,0.0,0.0,0.0,1,72978.0
0,udp,domain_u,SF,43,69,0,0,0,0,0,0,0,228,0.0,0.0,0.0,0.0,1.0,0.0,0.0,255,255,1.0,0.0,0.01,0.0,0.0,0.0,0.0,0,67818.0
0,tcp,Z39_50,S0,0,0,0,0,0,0,0,0,0,252,1.0,1.0,0.0,0.0,0.01,0.06,0.0,255,18,0.07,0.07,0.0,0.0,1.0,1.0,0.0,1,116361.0
0,tcp,ftp_data,SF,383,0,0,0,1,0,0,0,0,2,0.0,0.0,0.0,0.0,1.0,0.0,0.0,255,103,0.4,0.02,0.4,0.0,0.0,0.0,0.0,0,51430.0
0,tcp,http,SF,322,299,0,0,1,0,0,0,0,6,0.0,0.0,0.0,0.0,1.0,0.0,0.29,46,255,1.0,0.0,0.02,0.03,0.0,0.0,0.0,0,45086.0
0,tcp,http,SF,192,318,0,0,1,0,0,0,0,2,0.0,0.0,0.0,0.0,1.0,0.0,0.67,57,255,1.0,0.0,0.02,0.02,0.0,0.0,0.0,0,18420.0
0,tcp,private,S0,0,0,0,0,0,0,0,0,0,172,1.0,1.0,0.0,0.0,0.08,0.07,0.0,255,12,0.05,0.06,0.0,0.0,1.0,1.0,0.0,1,75868.0
0,tcp,http,SF,208,633,0,0,1,0,0,0,0,1,0.0,0.0,0.0,0.0,1.0,0.0,1.0,165,255,1.0,0.0,0.01,0.04,0.0,0.0,0.0,0,20967.0
0,tcp,finger,S0,0,0,0,0,0,0,0,0,0,47,1.0,1.0,0.0,0.0,0.36,0.06,0.0,255,70,0.27,0.02,0.01,0.0,1.0,1.0,0.0,1,68809.0
0,tcp,http,SF,239,298,0,0,1,0,0,0,0,59,0.0,0.0,0.0,0.0,1.0,0.0,0.0,227,255,1.0,0.0,0.0,0.01,0.0,0.0,0.0,0,94402.0
0,tcp,private,S0,0,0,0,0,0,0,0,0,0,62,1.0,1.0,0.0,0.0,0.32,0.06,0.0,242,20,0.08,0.06,0.0,0.0,1.0,1.0,0.0,1,124136.0
0,icmp,eco_i,SF,8,0,0,0,0,0,0,0,0,1,0.0,0.0,0.0,0.0,1.0,0.0,1.0,2,58,1.0,0.0,1.0,0.5,0.0,0.0,0.0,1,109101.0
0,tcp,ftp_data,S0,0,0,0,0,0,0,0,0,0,138,1.0,1.0,0.0,0.0,0.01,0.06,0.0,255,2,0.01,0.07,0.0,0.0,1.0,1.0,0.0,1,22931.0
0,tcp,http,SF,327,3502,0,0,1,0,0,0,0,3,0.0,0.0,0.0,0.0,1.0,0.0,0.12,162,255,1.0,0.0,0.01,0.02,0.0,0.0,0.0,0,52088.0
0,tcp,http,SF,427,338,0,0,1,0,0,0,0,3,0.0,0.0,0.0,0.0,1.0,0.0,0.0,255,255,1.0,0.0,0.0,0.0,0.0,0.0,0.0,0,39075.0
0,icmp,urp_i,SF,183,0,0,0,0,0,0,0,0,3,0.0,0.0,0.0,0.0,1.0,0.0,0.0,255,16,0.06,0.01,0.07,0.0,0.0,0.0,0.0,0,36832.0
10,udp,private,SF,105,147,0,0,0,0,0,0,0,2,0.0,0.0,0.0,0.0,1.0,0.0,0.0,255,235,0.92,0.01,0.01,0.0,0.0,0.0,0.0,0,105888.0
0,tcp,http,SF,191,1938,0,0,1,0,0,0,0,3,0.0,0.0,0.0,0.0,1.0,0.0,0.0,3,255,1.0,0.0,0.33,0.05,0.0,0.0,0.0,0,124059.0
0,udp,other,SF,516,4,0,0,0,0,0,0,0,307,0.0,0.0,0.0,0.0,1.0,0.0,0.0,255,255,1.0,0.0,1.0,0.0,0.0,0.0,0.0,0,50264.0
0,tcp,mtp,S0,0,0,0,0,0,0,0,0,0,259,1.0,1.0,0.0,0.0,0.09,0.05,0.0,255,23,0.09,0.05,0.0,0.0,1.0,1.0,0.0,1,21519.0
26525,udp,other,SF,146,105,0,0,0,0,0,0,0,1,0.0,0.0,0.0,0.0,1.0,0.0,0.0,138,1,0.01,0.65,0.96,0.0,0.0,0.0,0.0,0,15679.0
26,tcp,ftp,SF,340,1072,0,6,1,0,0,0,0,1,0.0,0.0,0.0,0.0,1.0,0.0,0.0,254,58,0.23,0.02,0.0,0.0,0.0,0.0,0.0,0,110577.0
0,udp,domain_u,SF,44,79,0,0,0,0,0,0,0,110,0.0,0.0,0.0,0.0,0.99,0.02,0.0,255,254,1.0,0.01,0.01,0.0,0.0,0.0,0.0,0,44744.0
0,tcp,http_8001,S0,0,0,0,0,0,0,0,0,0,510,0.13,1.0,0.87,0.0,0.0,1.0,0.0,255,1,0.0,1.0,0.0,0.0,0.13,1.0,0.0,1,11124.0
0,tcp,ftp_data,S0,0,0,0,0,0,0,0,0,0,34,1.0,1.0,0.0,0.0,0.24,0.12,0.0,116,60,0.24,0.03,0.01,0.03,0.98,0.47,0.0,1,116377.0
0,tcp,http,SF,210,178,0,0,1,0,0,0,0,10,0.0,0.0,0.0,0.0,1.0,0.0,0.0,10,255,1.0,0.0,0.1,0.04,0.0,0.0,0.01,0,30711.0
0,tcp,private,SH,0,0,0,0,0,0,0,0,0,1,1.0,1.0,0.0,0.0,1.0,0.0,0.0,60,1,0.02,0.83,0.87,0.0,0.87,1.0,0.0,1,29248.0
0,tcp,private,REJ,0,0,0,0,0,0,0,0,0,1,0.0,0.0,1.0,1.0,1.0,0.0,0.0,71,1,0.01,1.0,0.01,0.0,0.0,0.0,1.0,1,46245.0
0,tcp,private,S0,0,0,0,0,0,0,0,0,0,48,1.0,1.0,0.0,0.0,0.17,0.1,0.0,255,9,0.04,0.07,0.0,0.0,1.0,1.0,0.0,1,91942.0
0,tcp,http,SF,239,806,0,0,1,0,0,0,0,11,0.0,0.0,0.0,0.0,1.0,0.0,0.0,11,255,1.0,0.0,0.09,0.02,0.0,0.0,0.0,0,38273.0
0,tcp,http,SF,214,3505,0,0,1,0,0,0,0,8,0.0,0.0,0.0,0.0,1.0,0.0,0.14,41,255,1.0,0.0,0.02,0.01,0.0,0.0,0.0,0,9584.0
0,tcp,http,SF,329,3432,0,0,1,0,0,0,0,33,0.0,0.0,0.0,0.0,1.0,0.0,0.06,255,255,1.0,0.0,0.0,0.0,0.0,0.0,0.0,0,96445.0
0,icmp,eco_i,SF,8,0,0,0,0,0,0,0,0,1,0.0,0.0,0.0,0.0,1.0,0.0,1.0,1,86,1.0,0.0,1.0,0.51,0.0,0.0,0.0,1,95345.0
0,tcp,private,S0,0,0,0,0,0,0,0,0,0,235,1.0,1.0,0.0,0.0,0.06,0.06,0.0,255,8,0.03,0.06,0.0,0.0,1.0,1.0,0.0,1,119386.0
0,icmp,eco_i,SF,8,0,0,0,0,0,0,0,0,1,0.0,0.0,0.0,0.0,1.0,0.0,1.0,2,70,1.0,0.0,1.0,0.26,0.0,0.0,0.0,1,31349.0
0,tcp,http,SF,211,321,0,0,1,0,0,0,0,20,0.05,0.04,0.0,0.0,1.0,0.0,0.12,67,255,1.0,0.0,0.01,0.01,0.01,0.0,0.0,0,66169.0
37688,tcp,private,RSTR,1,0,0,0,0,0,0,0,0,2,0.0,0.0,1.0,1.0,1.0,0.0,0.0,255,2,0.01,0.5,1.0,0.0,0.0,0.0,1.0,1,2273.0
0,tcp,netstat,S0,0,0,0,0,0,0,0,0,0,142,1.0,1.0,0.0,0.0,0.08,0.06,0.0,255,3,0.01,0.07,0.0,0.0,1.0,1.0,0.0,1,16830.0
0,tcp,http,SF,208,367,0,0,1,0,0,0,0,19,0.0,0.0,0.0,0.0,1.0,0.0,0.14,19,255,1.0,0.0,0.05,0.02,0.0,0.0,0.0,0,59043.0
0,tcp,http,SF,258,607,0,0,1,0,0,0,0,41,0.0,0.0,0.0,0.0,1.0,0.0,0.0,255,255,1.0,0.0,0.0,0.0,0.0,0.0,0.0,0,26745.0
0,tcp,smtp,SF,979,329,0,0,1,0,0,0,0,1,0.0,0.0,0.0,0.0,1.0,0.0,0.0,255,15,0.06,0.64,0.0,0.0,0.0,0.07,0.0,0,13868.0
27,tcp,ftp,SF,950,2720,0,19,1,0,0,0,0,1,0.0,0.0,0.0,0.0,1.0,0.0,0.0,33,1,0.03,0.09,0.03,0.0,0.0,0.0,0.0,0,50286.0
0,tcp,smtp,SF,1247,330,0,0,1,0,0,0,0,2,0.0,0.0,0.0,0.0,0.5,1.0,0.0,82,60,0.73,0.05,0.01,0.0,0.0,0.0,0.0,0,22277.0
11,tcp,smtp,SF,11861,1371,0,0,1,0,0,0,0,1,0.0,0.0,0.0,0.0,1.0,0.0,0.0,228,198,0.75,0.02,0.0,0.01,0.0,0.0,0.0,0,112455.0
0,tcp,netbios_ns,REJ,0,0,0,0,0,0,0,0,0,160,0.0,0.0,1.0,1.0,0.03,0.08,0.0,255,5,0.02,0.07,0.0,0.0,0.0,0.0,1.0,1,122856.0
11667,tcp,telnet,SF,399,35764,0,0,1,0,0,0,0,1,0.0,0.0,0.0,0.0,1.0,0.0,0.0,255,23,0.09,0.44,0.0,0.0,0.44,0.13,0.04,0,50871.0
4771,udp,other,SF,147,105,0,0,0,0,0,0,0,2,0.0,0.0,0.0,0.0,1.0,0.0,0.0,174,2,0.01,0.49,0.86,0.0,0.0,0.0,0.0,0,49168.0
0,tcp,http,SF,262,531,0,0,1,0,0,0,0,8,0.0,0.0,0.0,0.0,1.0,0.0,0.04,255,255,1.0,0.0,0.0,0.0,0.0,0.0,0.01,0,18399.0
0,tcp,private,S0,0,0,0,0,0,0,0,0,0,122,1.0,1.0,0.0,0.0,0.11,0.06,0.0,255,3,0.01,0.08,0.0,0.0,1.0,1.0,0.0,1,53712.0
0,tcp,telnet,S0,0,0,0,0,0,0,0,0,0,29,1.0,1.0,0.0,0.0,0.21,0.14,0.0,255,64,0.25,0.02,0.02,0.0,1.0,1.0,0.0,1,112089.0
0,tcp,http_443,REJ,0,0,0,0,0,0,0,0,0,108,0.0,0.0,1.0,1.0,0.13,0.06,0.0,255,14,0.05,0.05,0.0,0.0,0.0,0.0,1.0,1,11487.0
0,tcp,efs,S0,0,0,0,0,0,0,0,0,0,96,1.0,1.0,0.0,0.0,0.06,0.06,0.0,255,6,0.02,0.06,0.0,0.0,1.0,1.0,0.0,1,86886.0
0,icmp,eco_i,SF,30,0,0,0,0,0,0,0,0,2,0.0,0.0,0.0,0.0,1.0,0.0,0.0,235,235,1.0,0.0,1.0,0.0,0.0,0.0,0.0,0,63966.0
0,tcp,Z39_50,S0,0,0,0,0,0,0,0,0,0,257,1.0,1.0,0.0,0.0,0.04,0.06,0.0,255,9,0.04,0.07,0.0,0.0,1.0,1.0,0.0,1,10870.0
0,tcp,private,REJ,0,0,0,0,0,0,0,0,0,192,0.0,0.0,1.0,1.0,0.01,0.53,0.0,255,1,0.0,0.4,0.75,0.0,0.0,0.0,1.0,1,40428.0
0,tcp,http,SF,278,3497,0,0,1,0,0,0,0,1,0.0,0.0,0.0,0.0,1.0,0.0,1.0,12,255,1.0,0.0,0.08,0.05,0.0,0.0,0.0,0,63748.0
0,tcp,other,REJ,0,0,0,0,0,0,0,0,0,511,0.04,0.0,0.96,1.0,0.0,1.0,0.0,255,1,0.0,1.0,0.0,0.0,0.07,0.0,1.0,1,96891.0
3,tcp,ftp_data,SF,2194619,0,0,0,1,0,0,0,0,2,0.0,0.0,0.0,0.0,1.0,0.0,0.0,225,77,0.34,0.02,0.34,0.0,0.0,0.0,0.0,0,75315.0
0,tcp,finger,S0,0,0,0,0,0,0,0,0,0,12,1.0,1.0,0.0,0.0,0.33,0.25,0.0,255,53,0.21,0.02,0.0,0.0,1.0,1.0,0.0,1,85617.0
0,icmp,ecr_i,SF,1032,0,0,0,0,0,0,0,0,511,0.0,0.0,0.0,0.0,1.0,0.0,0.0,255,119,0.47,0.01,0.47,0.0,0.0,0.0,0.0,1,61301.0
0,tcp,http,SF,294,260,0,0,1,0,0,0,0,5,0.0,0.0,0.0,0.0,1.0,0.0,0.0,149,255,1.0,0.0,0.01,0.03,0.0,0.0,0.0,0,26281.0
0,tcp,private,S0,0,0,0,0,0,0,0,0,0,149,1.0,1.0,0.0,0.0,0.01,0.07,0.0,255,14,0.05,0.09,0.0,0.0,1.0,1.0,0.0,1,98113.0
0,tcp,ftp_data,SF,245,0,0,0,1,0,0,1,0,2,0.0,0.0,0.0,0.0,1.0,0.0,0.0,44,26,0.59,0.11,0.59,0.0,0.0,0.0,0.0,0,27585.0
0,tcp,Z39_50,REJ,0,0,0,0,0,0,0,0,0,271,0.0,0.0,1.0,1.0,0.06,0.06,0.0,255,15,0.06,0.07,0.0,0.0,0.0,0.0,1.0,1,20362.0
0,icmp,ecr_i,SF,1032,0,0,0,0,0,0,0,0,215,0.0,0.0,0.0,0.0,1.0,0.0,0.0,255,215,0.84,0.01,0.84,0.0,0.0,0.0,0.0,1,25982.0
0,tcp,ftp_data,SF,334,0,0,0,1,0,0,0,0,2,0.0,0.0,0.0,0.0,1.0,0.0,0.0,4,10,1.0,0.0,1.0,0.4,0.0,0.0,0.0,1,40472.0
0,tcp,http,REJ,0,0,0,0,0,0,0,0,0,1,0.0,0.0,1.0,1.0,1.0,0.0,0.0,9,209,1.0,0.0,0.11,0.03,0.0,0.0,0.69,0,75881.0
0,tcp,ctf,S0,0,0,0,0,0,0,0,0,0,244,1.0,1.0,0.0,0.0,0.02,0.05,0.0,255,5,0.02,0.05,0.0,0.0,1.0,1.0,0.0,1,31939.0
0,tcp,private,S0,0,0,0,0,0,0,0,0,0,89,1.0,1.0,0.0,0.0,0.21,0.06,0.0,255,1,0.0,0.07,0.0,0.0,1.0,1.0,0.0,1,77295.0
0,tcp,finger,SF,9,0,0,0,0,0,0,0,0,1,0.0,0.0,0.0,0.0,1.0,0.0,0.0,22,7,0.05,0.14,0.05,0.29,0.0,0.0,0.0,0,115341.0
0,tcp,http,SF,241,3329,0,0,1,0,0,0,0,1,0.0,0.0,0.0,0.0,1.0,0.0,0.33,114,255,1.0,0.0,0.01,0.04,0.0,0.0,0.0,0,35758.0
0,tcp,echo,RSTO,0,0,0,0,0,0,0,0,0,198,0.0,0.0,1.0,1.0,0.01,0.07,0.0,255,1,0.0,0.07,0.0,0.0,0.0,0.0,1.0,1,57786.0
0,tcp,http,SF,214,4841,0,0,1,0,0,0,0,1,0.0,0.0,0.0,0.0,1.0,0.0,0.67,107,255,1.0,0.0,0.01,0.05,0.0,0.0,0.0,0,111157.0
0,icmp,ecr_i,SF,1032,0,0,0,0,0,0,0,0,511,0.0,0.0,0.0,0.0,1.0,0.0,0.0,159,14,0.09,0.02,0.09,0.0,0.0,0.0,0.0,1,11225.0
0,tcp,courier,S0,0,0,0,0,0,0,0,0,0,107,1.0,1.0,0.0,0.0,0.03,0.07,0.0,255,3,0.01,0.06,0.0,0.0,1.0,1.0,0.0,1,41919.0
0,tcp,http,SF,242,419,0,0,1,0,0,0,0,16,0.0,0.0,0.0,0.0,1.0,0.0,0.2,255,255,1.0,0.0,0.0,0.0,0.0,0.0,0.0,0,107619.0
0,tcp,http,SF,287,2839,0,0,1,0,0,0,0,6,0.0,0.0,0.0,0.0,1.0,0.0,0.0,65,255,1.0,0.0,0.02,0.02,0.0,0.0,0.0,0,96962.0
0,tcp,private,REJ,0,0,0,0,0,0,0,0,0,111,0.0,0.0,1.0,1.0,0.01,0.53,0.0,255,1,0.0,0.24,0.44,0.0,0.0,0.0,1.0,1,67904.0
0,tcp,http,SF,305,8549,0,0,1,0,0,0,0,1,0.0,0.0,0.0,0.0,1.0,0.0,0.11,1,255,1.0,0.0,1.0,0.05,0.0,0.0,0.0,0,79001.0
0,tcp,exec,S0,0,0,0,0,0,0,0,0,0,35,1.0,1.0,0.0,0.0,0.34,0.09,0.0,255,12,0.05,0.07,0.0,0.0,1.0,1.0,0.0,1,117729.0
0,tcp,http,SF,284,578,0,0,1,0,0,0,0,24,0.0,0.0,0.0,0.0,1.0,0.0,0.0,255,255,1.0,0.0,0.0,0.0,0.0,0.0,0.0,0,59699.0
0,tcp,other,REJ,0,0,0,0,0,0,0,0,0,509,0.19,0.0,0.81,1.0,0.0,1.0,0.0,255,1,0.0,1.0,0.0,0.0,0.23,0.0,1.0,1,39533.0
0,tcp,http,SF,211,24786,0,0,1,0,0,0,0,20,0.0,0.0,0.0,0.0,1.0,0.0,0.0,255,255,1.0,0.0,0.0,0.0,0.0,0.0,0.0,0,71002.0
0,udp,domain_u,SF,44,135,0,0,0,0,0,0,0,48,0.0,0.0,0.0,0.0,1.0,0.0,0.02,255,254,1.0,0.01,0.0,0.0,0.0,0.0,0.0,0,65696.0
0,icmp,ecr_i,SF,64,0,0,0,0,0,0,0,0,1,0.0,0.0,0.0,0.0,1.0,0.0,0.0,43,1,0.02,0.09,0.02,0.0,0.0,0.0,0.0,0,16945.0
0,tcp,http,SF,297,13170,0,0,1,0,0,0,0,2,0.0,0.0,0.0,0.0,1.0,0.0,0.25,16,74,1.0,0.0,0.06,0.09,0.0,0.0,0.0,0,107044.0
0,icmp,eco_i,SF,8,0,0,0,0,0,0,0,0,1,0.0,0.0,0.0,0.0,1.0,0.0,1.0,2,34,1.0,0.0,1.0,0.5,0.0,0.0,0.0,1,84048.0
0,tcp,csnet_ns,S0,0,0,0,0,0,0,0,0,0,113,1.0,1.0,0.0,0.0,0.05,0.08,0.0,255,6,0.02,0.09,0.0,0.0,1.0,1.0,0.0,1,32202.0
0,tcp,netstat,S0,0,0,0,0,0,0,0,0,0,226,1.0,1.0,0.0,0.0,0.11,0.05,0.0,255,25,0.1,0.05,0.0,0.0,1.0,1.0,0.0,1,75399.0
0,icmp,eco_i,SF,8,0,0,0,0,0,0,0,0,1,0.0,0.0,0.0,0.0,1.0,0.0,1.0,1,5,1.0,0.0,1.0,0.6,0.0,0.0,0.0,1,70514.0
0,tcp,other,REJ,0,0,0,0,0,0,0,0,0,377,0.06,0.0,0.91,1.0,0.0,1.0,0.0,255,1,0.0,1.0,0.0,0.0,0.08,0.0,1.0,1,91922.0
0,tcp,private,S0,0,0,0,0,0,0,0,0,0,30,1.0,1.0,0.0,0.0,0.03,0.13,0.0,255,4,0.02,0.08,0.0,0.0,1.0,1.0,0.0,1,35706.0
0,tcp,private,S0,0,0,0,0,0,0,0,0,0,133,1.0,1.0,0.0,0.0,0.07,0.06,0.0,255,7,0.03,0.06,0.0,0.0,1.0,1.0,0.0,1,121421.0
0,tcp,http,SF,220,308,0,0,1,0,0,0,0,12,0.0,0.0,0.0,0.0,1.0,0.0,0.15,70,255,1.0,0.0,0.01,0.02,0.0,0.0,0.0,0,113435.0
0,tcp,discard,S0,0,0,0,0,0,0,0,0,0,241,1.0,1.0,0.0,0.0,0.0,0.07,0.0,255,20,0.08,0.07,0.0,0.0,1.0,1.0,0.0,1,53859.0
0,tcp,http,SF,244,932,0,0,1,0,0,0,0,9,0.0,0.0,0.0,0.0,1.0,0.0,0.0,255,255,1.0,0.0,0.0,0.0,0.0,0.0,0.0,0,97050.0
0,tcp,http,SF,276,1976,0,0,1,0,0,0,0,1,0.0,0.0,0.0,0.0,1.0,0.0,0.12,1,255,1.0,0.0,1.0,0.04,0.0,0.0,0.0,0,88048.0
0,tcp,http,SF,333,185,0,0,1,0,0,0,0,15,0.0,0.0,0.0,0.0,1.0,0.0,0.06,43,255,1.0,0.0,0.02,0.03,0.0,0.0,0.0,0,2765.0
0,tcp,http,SF,203,516,0,0,1,0,0,0,0,6,0.0,0.0,0.0,0.0,1.0,0.0,0.29,255,255,1.0,0.0,0.0,0.0,0.0,0.0,0.0,0,25546.0
0,tcp,ftp_data,SF,201,0,0,0,1,0,0,0,0,1,0.0,0.0,0.0,0.0,1.0,0.0,0.0,104,112,0.33,0.05,0.33,0.02,0.0,0.0,0.0,0,60366.0
0,icmp,eco_i,SF,8,0,0,0,0,0,0,0,0,1,0.0,0.0,0.0,0.0,1.0,0.0,1.0,1,52,1.0,0.0,1.0,0.52,0.0,0.0,0.0,1,41026.0
41561,tcp,private,RSTR,1,0,0,0,0,0,0,0,0,2,0.0,0.0,1.0,1.0,1.0,0.0,0.0,238,2,0.01,0.25,0.5,0.0,0.0,0.0,1.0,1,17910.0
0,tcp,http,SF,305,759,0,0,1,0,0,0,0,1,0.0,0.0,0.0,0.0,1.0,0.0,0.0,86,255,1.0,0.0,0.01,0.01,0.0,0.0,0.0,0,21567.0
0,tcp,http,S0,0,0,0,0,0,0,0,0,0,2,0.5,0.5,0.0,0.0,1.0,0.0,0.0,50,58,1.0,0.0,0.04,0.03,0.02,0.02,0.0,0,91608.0
0,tcp,http,SF,331,260,0,0,1,0,0,0,0,1,0.0,0.0,0.0,0.0,1.0,0.0,0.15,35,255,1.0,0.0,0.03,0.04,0.0,0.0,0.0,0,74283.0
1,tcp,smtp,SF,675,330,0,0,1,0,0,0,0,1,0.0,0.0,0.0,0.0,1.0,0.0,1.0,97,152,0.67,0.18,0.02,0.01,0.03,0.01,0.0,0,22130.0
10558,udp,other,SF,147,105,0,0,0,0,0,0,0,2,0.0,0.0,0.0,0.0,1.0,0.0,0.0,255,2,0.01,0.67,0.89,0.0,0.0,0.0,0.0,0,31421.0
0,tcp,http,SF,243,397,0,0,1,0,0,0,0,29,0.0,0.0,0.0,0.0,1.0,0.0,0.0,93,255,1.0,0.0,0.01,0.02,0.0,0.0,0.0,0,28821.0
0,tcp,private,REJ,0,0,0,0,0,0,0,0,0,219,0.0,0.0,1.0,1.0,0.08,0.07,0.0,255,17,0.07,0.08,0.0,0.0,0.0,0.0,1.0,1,100719.0
0,tcp,bgp,S0,0,0,0,0,0,0,0,0,0,237,1.0,1.0,0.0,0.0,0.05,0.05,0.0,255,1,0.0,0.06,0.0,0.0,1.0,1.0,0.0,1,105746.0
0,tcp,http,SF,236,331,0,0,1,0,0,0,0,23,0.0,0.0,0.0,0.0,1.0,0.0,0.08,255,255,1.0,0.0,0.0,0.0,0.0,0.0,0.0,0,119972.0
0,tcp,http,SF,281,326,0,0,1,0,0,0,0,5,0.0,0.0,0.0,0.0,1.0,0.0,0.0,255,255,1.0,0.0,0.0,0.0,0.0,0.0,0.0,0,78601.0
0,tcp,private,REJ,0,0,0,0,0,0,0,0,0,195,0.0,0.0,1.0,1.0,0.09,0.07,0.0,255,18,0.07,0.08,0.0,0.0,0.0,0.0,1.0,1,107283.0
0,tcp,http,SF,202,35387,0,0,1,0,0,0,0,1,0.0,0.0,0.0,0.0,1.0,0.0,0.0,17,255,1.0,0.0,0.06,0.03,0.0,0.0,0.0,0,94633.0
0,tcp,smtp,SF,9003,335,0,0,1,0,0,0,0,1,0.0,0.0,0.0,0.0,1.0,0.0,1.0,59,169,0.97,0.03,0.02,0.01,0.0,0.0,0.0,0,97903.0
0,tcp,uucp,S0,0,0,0,0,0,0,0,0,0,118,1.0,1.0,0.0,0.0,0.11,0.06,0.0,255,13,0.05,0.06,0.0,0.0,1.0,1.0,0.0,1,92509.0
0,udp,domain_u,SF,43,130,0,0,0,0,0,0,0,73,0.0,0.0,0.0,0.0,1.0,0.0,0.01,255,255,1.0,0.0,0.0,0.0,0.0,0.0,0.0,0,89629.0
0,tcp,auth,S0,0,0,0,0,0,0,0,0,0,207,1.0,1.0,0.0,0.0,0.06,0.06,0.0,255,12,0.05,0.07,0.0,0.0,1.0,1.0,0.0,1,25520.0
0,tcp,csnet_ns,S0,0,0,0,0,0,0,0,0,0,274,1.0,1.0,0.0,0.0,0.06,0.06,0.0,255,5,0.02,0.08,0.0,0.0,1.0,1.0,0.0,1,12171.0
0,tcp,http,SF,233,128,0,0,1,0,0,0,0,1,0.0,0.0,0.0,0.0,1.0,0.0,0.0,1,255,1.0,0.0,1.0,0.04,0.0,0.0,0.0,0,36182.0
0,tcp,http,SF,226,497,0,0,1,0,0,0,0,1,0.0,0.0,0.0,0.0,1.0,0.0,0.5,6,255,1.0,0.0,0.17,0.02,0.0,0.0,0.0,0,34145.0
0,tcp,http,SF,158,4595,0,0,1,0,0,0,0,1,0.0,0.0,0.0,0.0,1.0,0.0,1.0,1,255,1.0,0.0,1.0,0.05,0.0,0.0,0.0,0,73781.0
0,tcp,http,SF,222,866,0,0,1,0,0,0,0,13,0.0,0.0,0.0,0.0,1.0,0.0,0.0,56,255,1.0,0.0,0.02,0.02,0.0,0.0,0.0,0,24205.0
0,tcp,http,SF,325,2006,0,0,1,0,0,0,0,12,0.0,0.0,0.0,0.0,1.0,0.0,0.2,255,255,1.0,0.0,0.0,0.0,0.0,0.0,0.01,0,93492.0
0,udp,other,SF,1,0,0,0,0,0,0,0,0,154,0.0,0.0,0.0,0.0,0.03,0.05,0.0,255,4,0.02,0.05,1.0,0.0,0.0,0.0,0.0,1,48532.0
0,tcp,smtp,SF,1272,482,0,0,1,0,0,0,0,1,0.0,0.0,0.0,0.0,1.0,0.0,1.0,255,33,0.13,0.02,0.0,0.0,0.0,0.0,0.0,0,57069.0
0,tcp,http,SF,319,3928,0,0,1,0,0,0,0,2,0.0,0.0,0.0,0.0,1.0,0.0,0.13,3,255,1.0,0.0,0.33,0.04,0.0,0.0,0.0,0,100313.0
0,tcp,echo,RSTO,0,0,0,0,0,0,0,0,0,252,0.0,0.0,1.0,1.0,0.05,0.07,0.0,255,13,0.05,0.07,0.0,0.0,0.0,0.0,1.0,1,39960.0
0,tcp,private,S0,0,0,0,0,0,0,0,0,0,187,1.0,1.0,0.0,0.0,0.05,0.06,0.0,33,9,0.27,0.18,0.03,0.0,0.58,1.0,0.0,1,122687.0
0,tcp,vmnet,S0,0,0,0,0,0,0,0,0,0,73,1.0,1.0,0.0,0.0,0.07,0.08,0.0,255,11,0.04,0.08,0.0,0.0,1.0,1.0,0.0,1,36729.0
0,icmp,urp_i,SF,78,0,0,0,0,0,0,0,0,32,0.0,0.0,0.0,0.0,0.06,0.06,0.0,255,20,0.08,0.01,0.08,0.0,0.0,0.0,0.0,0,46226.0
232,tcp,telnet,SF,205,6096,0,0,1,2,0,0,0,1,0.0,0.0,0.0,0.0,1.0,0.0,0.0,255,26,0.1,0.05,0.0,0.0,0.51,0.0,0.15,0,16031.0
0,tcp,http,SF,203,1792,0,0,1,0,0,0,0,32,0.0,0.0,0.0,0.0,1.0,0.0,0.0,32,255,1.0,0.0,0.03,0.02,0.0,0.0,0.0,0,9261.0
0,icmp,eco_i,SF,8,0,0,0,0,0,0,0,0,1,0.0,0.0,0.0,0.0,1.0,0.0,1.0,1,137,1.0,0.0,1.0,0.5,0.0,0.0,0.0,1,16518.0
0,tcp,http,SF,339,2784,0,0,1,0,0,0,0,2,0.0,0.0,0.0,0.0,1.0,0.0,0.0,26,255,1.0,0.0,0.04,0.03,0.04,0.01,0.01,0,113182.0
0,tcp,smtp,S0,0,0,0,0,0,0,0,0,0,1,1.0,1.0,0.0,0.0,1.0,0.0,0.0,183,135,0.44,0.01,0.01,0.01,0.99,0.6,0.0,1,87394.0
0,tcp,bgp,S0,0,0,0,0,0,0,0,0,0,121,1.0,1.0,0.0,0.0,0.05,0.07,0.0,255,6,0.02,0.08,0.0,0.0,1.0,1.0,0.0,1,86041.0
0,tcp,http,SF,327,3810,0,0,1,0,0,0,0,7,0.0,0.0,0.0,0.0,1.0,0.0,0.3,96,255,1.0,0.0,0.01,0.02,0.0,0.0,0.0,0,70217.0
0,tcp,http,SF,315,801,0,0,1,0,0,0,0,19,0.0,0.0,0.0,0.0,1.0,0.0,0.07,255,255,1.0,0.0,0.0,0.0,0.0,0.0,0.0,0,107818.0
0,tcp,private,REJ,0,0,0,0,0,0,0,0,0,263,0.0,0.0,1.0,1.0,0.06,0.06,0.0,255,16,0.06,0.06,0.0,0.0,0.0,0.0,1.0,1,56339.0
0,tcp,http,SF,226,626,0,0,1,0,0,0,0,21,0.0,0.0,0.0,0.0,1.0,0.0,0.13,255,255,1.0,0.0,0.0,0.0,0.0,0.0,0.0,0,80326.0
0,tcp,smtp,SF,904,335,0,0,1,0,0,0,0,1,0.0,0.0,0.0,0.0,1.0,0.0,1.0,156,134,0.51,0.03,0.01,0.01,0.01,0.0,0.0,0,32666.0
0,tcp,private,S0,0,0,0,0,0,0,0,0,0,133,1.0,1.0,0.0,0.0,0.01,0.06,0.0,255,4,0.02,0.06,0.0,0.0,1.0,1.0,0.0,1,40519.0
0,udp,domain_u,SF,43,125,0,0,0,0,0,0,0,249,0.0,0.0,0.0,0.0,1.0,0.0,0.01,255,206,0.81,0.01,0.0,0.0,0.0,0.0,0.0,0,71634.0
0,tcp,http,SF,244,370,0,0,1,0,0,0,0,21,0.0,0.0,0.0,0.0,1.0,0.0,0.0,255,255,1.0,0.0,0.0,0.0,0.0,0.0,0.0,0,10384.0
0,tcp,http,SF,221,6045,0,0,1,0,0,0,0,14,0.0,0.0,0.0,0.0,1.0,0.0,0.09,255,255,1.0,0.0,0.0,0.0,0.0,0.0,0.0,0,88292.0
0,tcp,hostnames,S0,0,0,0,0,0,0,0,0,0,265,1.0,1.0,0.0,0.0,0.06,0.06,0.0,255,16,0.06,0.06,0.0,0.0,1.0,1.0,0.0,1,22218.0
0,tcp,whois,S0,0,0,0,0,0,0,0,0,0,251,1.0,1.0,0.0,0.0,0.04,0.07,0.0,255,11,0.04,0.08,0.0,0.0,1.0,1.0,0.0,1,94110.0
0,tcp,discard,S0,0,0,0,0,0,0,0,0,0,240,1.0,1.0,0.0,0.0,0.08,0.07,0.0,255,18,0.07,0.07,0.0,0.0,1.0,1.0,0.0,1,6002.0
0,tcp,other,REJ,0,0,0,0,0,0,0,0,0,510,0.08,0.0,0.92,1.0,0.0,1.0,0.0,255,1,0.0,1.0,0.0,0.0,0.09,0.0,1.0,1,41561.0
1,tcp,smtp,SF,667,327,0,0,1,0,0,0,0,2,0.0,0.0,0.0,0.0,0.5,1.0,1.0,28,160,0.64,0.14,0.04,0.01,0.0,0.0,0.0,0,30643.0
650,tcp,telnet,SF,555,17328,0,0,1,5,0,0,0,1,0.0,0.0,0.0,0.0,1.0,0.0,0.0,255,15,0.06,0.61,0.0,0.0,0.6,0.13,0.0,0,37774.0
0,tcp,http,SF,54540,8314,0,2,1,1,0,0,0,1,0.0,0.0,0.0,0.5,1.0,0.0,1.0,196,196,1.0,0.0,0.01,0.0,0.0,0.0,0.02,1,82364.0
0,tcp,http,SF,227,3008,0,0,1,0,0,0,0,6,0.0,0.0,0.0,0.0,1.0,0.0,0.0,23,255,1.0,0.0,0.04,0.07,0.0,0.0,0.0,0,88129.0
0,tcp,private,S0,0,0,0,0,0,0,0,0,0,144,1.0,1.0,0.0,0.0,0.13,0.06,0.0,255,32,0.13,0.05,0.0,0.0,1.0,1.0,0.0,1,35781.0
0,tcp,ftp_data,SF,19,0,0,0,1,0,0,0,0,2,0.0,0.0,0.0,0.0,1.0,0.0,0.0,44,123,0.68,0.05,0.68,0.02,0.0,0.0,0.0,0,102088.0
0,tcp,bgp,S0,0,0,0,0,0,0,0,0,0,264,1.0,1.0,0.0,0.0,0.04,0.07,0.0,255,11,0.04,0.08,0.0,0.0,1.0,1.0,0.0,1,103285.0
0,tcp,ftp_data,SF,3909,0,0,0,1,0,0,0,0,6,0.0,0.0,0.0,0.0,1.0,0.0,0.0,27,87,0.44,0.11,0.44,0.03,0.0,0.0,0.0,0,56104.0
35,tcp,ftp,SF,1496,4152,0,30,1,0,0,0,0,1,0.0,0.0,0.0,0.0,1.0,0.0,0.0,1,1,1.0,0.0,1.0,0.0,0.0,0.0,0.0,0,3023.0
0,tcp,private,REJ,0,0,0,0,0,0,0,0,0,261,0.0,0.0,1.0,1.0,0.02,0.06,0.0,255,4,0.02,0.08,0.0,0.0,0.0,0.0,1.0,1,27866.0
0,tcp,bgp,S0,0,0,0,0,0,0,0,0,0,95,1.0,1.0,0.0,0.0,0.16,0.06,0.0,255,13,0.05,0.06,0.0,0.0,1.0,1.0,0.0,1,52655.0
0,tcp,private,RSTR,0,0,0,0,0,0,0,0,0,1,0.0,0.0,1.0,1.0,1.0,0.0,0.0,247,1,0.0,0.26,0.51,0.0,0.0,0.0,1.0,1,96533.0
0,icmp,eco_i,SF,8,0,0,0,0,0,0,0,0,1,0.0,0.0,0.0,0.0,1.0,0.0,1.0,2,20,1.0,0.0,1.0,0.5,0.0,0.0,0.0,1,59816.0
0,tcp,private,S0,0,0,0,0,0,0,0,0,0,124,1.0,1.0,0.0,0.0,0.06,0.06,0.0,255,27,0.11,0.05,0.0,0.0,1.0,1.0,0.0,1,69714.0
0,tcp,ctf,REJ,0,0,0,0,0,0,0,0,0,267,0.0,0.0,1.0,1.0,0.04,0.06,0.0,255,11,0.04,0.07,0.0,0.0,0.0,0.0,1.0,1,13646.0
0,tcp,gopher,REJ,0,0,0,0,0,0,0,0,0,150,0.0,0.0,1.0,1.0,0.13,0.05,0.0,255,1,0.0,0.09,0.0,0.0,0.0,0.0,1.0,1,124701.0
0,tcp,imap4,S0,0,0,0,0,0,0,0,0,0,204,1.0,1.0,0.0,0.0,0.1,0.06,0.0,255,21,0.08,0.06,0.0,0.0,1.0,1.0,0.0,1,84362.0
28,tcp,ftp,SF,1457,4152,0,30,1,0,0,0,0,1,0.0,0.0,0.0,0.0,1.0,0.0,0.0,89,22,0.25,0.03,0.01,0.0,0.0,0.0,0.0,0,80117.0
0,tcp,http,SF,157,3370,0,0,1,0,0,0,0,1,0.0,0.0,0.0,0.0,1.0,0.0,0.0,16,255,1.0,0.0,0.06,0.03,0.0,0.0,0.0,0,106964.0
0,tcp,http_443,REJ,0,0,0,0,0,0,0,0,0,148,0.0,0.0,1.0,1.0,0.13,0.05,0.0,255,19,0.07,0.06,0.0,0.0,0.0,0.0,1.0,1,97010.0
0,tcp,private,REJ,0,0,0,0,0,0,0,0,0,303,0.0,0.0,1.0,1.0,0.0,0.52,0.0,255,1,0.0,0.52,1.0,0.0,0.0,0.0,1.0,1,94748.0
0,tcp,private,S0,0,0,0,0,0,0,0,0,0,84,1.0,1.0,0.0,0.0,0.23,0.05,0.0,255,19,0.07,0.05,0.0,0.0,1.0,1.0,0.0,1,93147.0
0,tcp,http,SF,216,2332,0,0,1,0,0,0,0,22,0.0,0.0,0.0,0.0,1.0,0.0,0.09,165,255,1.0,0.0,0.01,0.01,0.0,0.0,0.0,0,114497.0
0,tcp,http,SF,220,1248,0,0,1,0,0,0,0,16,0.0,0.0,0.0,0.0,1.0,0.0,0.0,255,255,1.0,0.0,0.0,0.0,0.0,0.0,0.0,0,88441.0
0,tcp,exec,S0,0,0,0,0,0,0,0,0,0,142,1.0,1.0,0.0,0.0,0.04,0.06,0.0,255,5,0.02,0.07,0.0,0.0,1.0,1.0,0.0,1,76363.0
0,tcp,smtp,SF,1428,328,0,1,1,0,0,0,0,1,0.0,0.0,0.0,0.0,1.0,0.0,0.0,150,128,0.59,0.05,0.01,0.02,0.01,0.01,0.0,0,59902.0
0,tcp,http,SF,199,987,0,0,1,0,0,0,0,17,0.0,0.0,0.0,0.0,1.0,0.0,0.09,34,255,1.0,0.0,0.03,0.01,0.0,0.0,0.0,0,66411.0
0,tcp,ftp_data,SF,209,0,0,0,1,0,0,1,0,2,0.0,0.0,0.0,0.0,1.0,0.0,0.0,33,85,0.45,0.09,0.45,0.02,0.0,0.0,0.0,0,16171.0
0,tcp,http,SF,294,8766,0,0,1,0,0,0,0,8,0.0,0.0,0.0,0.0,1.0,0.0,0.22,8,255,1.0,0.0,0.12,0.05,0.0,0.0,0.0,0,74126.0
0,tcp,link,S0,0,0,0,0,0,0,0,0,0,273,1.0,1.0,0.0,0.0,0.06,0.05,0.0,255,5,0.02,0.08,0.0,0.0,1.0,1.0,0.0,1,105781.0
0,tcp,http,SF,304,1412,0,0,1,0,0,0,0,18,0.0,0.0,0.0,0.0,1.0,0.0,0.0,96,255,1.0,0.0,0.01,0.04,0.0,0.0,0.0,0,22420.0
0,icmp,eco_i,SF,18,0,0,0,0,0,0,0,0,1,0.0,0.0,0.0,0.0,1.0,0.0,0.0,3,95,1.0,0.0,1.0,0.25,0.0,0.0,0.0,1,98638.0
0,icmp,eco_i,SF,8,0,0,0,0,0,0,0,0,1,0.0,0.0,0.0,0.0,1.0,0.0,1.0,2,78,1.0,0.0,1.0,0.5,0.0,0.0,0.0,1,106359.0
0,tcp,http,REJ,0,0,0,0,0,0,0,0,0,1,0.0,0.0,1.0,1.0,1.0,0.0,0.0,45,253,1.0,0.0,0.02,0.19,0.0,0.0,1.0,0,98392.0
0,tcp,ftp_data,SF,40494,0,0,0,1,0,0,0,0,15,0.0,0.0,0.0,0.0,1.0,0.0,0.0,255,62,0.24,0.02,0.15,0.0,0.28,0.32,0.0,0,5989.0
1,tcp,smtp,SF,2850,329,0,0,1,0,0,0,0,1,0.0,0.0,0.0,0.0,1.0,0.0,1.0,23,22,0.96,0.09,0.04,0.0,0.0,0.0,0.0,0,11603.0
0,tcp,http,SF,205,1931,0,0,1,0,0,0,0,21,0.0,0.0,0.0,0.0,1.0,0.0,0.0,21,255,1.0,0.0,0.05,0.01,0.0,0.0,0.0,0,4120.0
0,tcp,mtp,S0,0,0,0,0,0,0,0,0,0,225,1.0,1.0,0.0,0.0,0.09,0.06,0.0,255,1,0.0,0.09,0.0,0.0,1.0,1.0,0.0,1,57444.0
0,tcp,http,SF,232,615,0,0,1,0,0,0,0,7,0.0,0.0,0.0,0.0,1.0,0.0,0.27,255,255,1.0,0.0,0.0,0.0,0.0,0.0,0.0,0,94193.0
0,tcp,http,SF,214,13364,0,0,1,0,0,0,0,10,0.0,0.37,0.0,0.0,1.0,0.0,0.08,10,255,1.0,0.0,0.1,0.03,0.0,0.0,0.0,0,28900.0
0,tcp,http,SF,223,7355,0,0,1,0,0,0,0,1,0.0,0.0,0.0,0.0,1.0,0.0,0.4,255,255,1.0,0.0,0.0,0.0,0.0,0.0,0.0,0,70280.0
0,udp,domain_u,SF,43,43,0,0,0,0,0,0,0,187,0.0,0.0,0.0,0.0,0.99,0.01,0.0,255,254,1.0,0.01,0.0,0.0,0.0,0.0,0.0,0,84703.0
0,icmp,eco_i,SF,8,0,0,0,0,0,0,0,0,1,0.0,0.0,0.0,0.0,1.0,0.0,1.0,2,160,1.0,0.0,1.0,0.5,0.0,0.0,0.0,1,95941.0
0,tcp,http,SF,280,19274,0,0,1,0,0,0,0,2,0.0,0.0,0.0,0.0,1.0,0.0,0.0,255,255,1.0,0.0,0.0,0.0,0.0,0.0,0.0,0,114221.0
0,tcp,http,SF,294,2138,0,0,1,0,0,0,0,10,0.0,0.0,0.0,0.0,1.0,0.0,0.0,120,255,1.0,0.0,0.01,0.08,0.0,0.0,0.44,0,56640.0
0,tcp,smtp,SF,1184,496,0,0,1,0,0,0,0,1,0.0,0.0,0.0,0.0,1.0,0.0,0.0,255,10,0.04,0.01,0.0,0.0,0.0,0.0,0.0,0,76391.0
0,tcp,http,SF,360,3737,0,0,1,0,0,0,0,7,0.0,0.0,0.0,0.0,1.0,0.0,0.0,255,255,1.0,0.0,0.0,0.0,0.0,0.0,0.0,0,60556.0
0,tcp,echo,RSTO,0,0,0,0,0,0,0,0,0,266,0.0,0.0,1.0,1.0,0.08,0.06,0.0,255,20,0.08,0.07,0.0,0.0,0.0,0.0,1.0,1,109102.0
0,tcp,telnet,S0,0,0,0,0,0,0,0,0,0,65,1.0,1.0,0.0,0.0,0.25,0.06,0.0,227,58,0.26,0.02,0.01,0.0,0.99,0.97,0.0,1,105023.0
0,tcp,private,S0,0,0,0,0,0,0,0,0,0,209,1.0,1.0,0.0,0.0,0.01,0.06,0.0,255,18,0.07,0.06,0.0,0.0,1.0,1.0,0.0,1,120585.0
0,tcp,http,SF,320,269,0,0,1,0,0,0,0,15,0.0,0.0,0.0,0.0,1.0,0.0,0.14,113,255,1.0,0.0,0.01,0.03,0.0,0.0,0.0,0,2357.0
0,tcp,private,REJ,0,0,0,0,0,0,0,0,0,233,0.0,0.0,1.0,1.0,0.05,0.06,0.0,255,11,0.04,0.06,0.0,0.0,0.0,0.0,1.0,1,31447.0
0,tcp,http_443,S0,0,0,0,0,0,0,0,0,0,131,1.0,1.0,0.0,0.0,0.15,0.05,0.0,255,19,0.07,0.07,0.0,0.0,1.0,1.0,0.0,1,12526.0
0,tcp,finger,S0,0,0,0,0,0,0,0,0,0,34,0.97,0.9,0.03,0.1,0.26,0.15,0.2,255,44,0.17,0.05,0.01,0.0,1.0,1.0,0.0,1,59080.0
0,tcp,http,SF,332,2818,0,0,1,0,0,0,0,17,0.0,0.0,0.0,0.0,1.0,0.0,0.11,99,255,1.0,0.0,0.01,0.02,0.0,0.0,0.0,0,123474.0
0,tcp,http,SF,305,3222,0,0,1,0,0,0,0,3,0.0,0.0,0.0,0.0,1.0,0.0,0.0,255,222,0.87,0.02,0.0,0.0,0.0,0.0,0.0,0,54494.0
25,tcp,ftp,SF,241,777,0,4,1,0,0,0,0,2,0.0,0.0,0.0,0.0,0.5,1.0,0.0,163,34,0.21,0.04,0.01,0.0,0.01,0.0,0.0,0,23659.0
0,udp,private,SF,105,147,0,0,0,0,0,0,0,1,0.0,0.0,0.0,0.0,1.0,0.0,0.0,242,240,0.99,0.01,0.0,0.0,0.0,0.0,0.0,0,35313.0
0,tcp,vmnet,S0,0,0,0,0,0,0,0,0,0,214,1.0,1.0,0.0,0.0,0.0,0.07,0.0,255,1,0.0,0.09,0.0,0.0,1.0,1.0,0.0,1,31024.0
0,tcp,http,SF,249,269,0,0,1,0,0,0,0,2,0.0,0.0,0.0,0.0,1.0,0.0,0.0,255,231,0.91,0.02,0.0,0.0,0.0,0.0,0.0,0,99766.0
0,tcp,private,REJ,0,0,0,0,0,0,0,0,0,281,0.0,0.0,1.0,1.0,0.04,0.06,0.0,255,11,0.04,0.08,0.0,0.0,0.0,0.0,1.0,1,29712.0
0,tcp,ftp_data,SF,14189,0,0,0,1,0,0,0,0,3,0.0,0.0,0.0,0.0,1.0,0.0,0.0,40,19,0.38,0.12,0.38,0.11,0.0,0.0,0.0,0,4298.0
0,tcp,nnsp,S0,0,0,0,0,0,0,0,0,0,115,1.0,1.0,0.0,0.0,0.22,0.05,0.0,255,25,0.1,0.05,0.0,0.0,1.0,1.0,0.0,1,70229.0
0,tcp,uucp_path,RSTR,0,0,0,0,0,0,0,0,0,1,0.0,0.0,1.0,1.0,1.0,0.0,0.0,255,1,0.0,0.46,0.91,0.0,0.0,0.0,1.0,1,42188.0
0,icmp,eco_i,SF,8,0,0,0,0,0,0,0,0,1,0.0,0.0,0.0,0.0,1.0,0.0,1.0,1,40,1.0,0.0,1.0,0.52,0.0,0.0,0.0,1,37467.0
0,tcp,http,SF,331,1953,0,0,1,0,0,0,0,1,0.0,0.0,0.0,0.0,1.0,0.0,1.0,136,255,1.0,0.0,0.01,0.02,0.0,0.0,0.0,0,108381.0
0,tcp,smtp,SF,923,338,0,0,1,0,0,0,0,1,0.0,0.0,0.0,0.0,1.0,0.0,1.0,76,91,0.55,0.05,0.01,0.02,0.0,0.01,0.0,0,70804.0
0,tcp,netbios_ns,S0,0,0,0,0,0,0,0,0,0,248,1.0,1.0,0.0,0.0,0.01,0.06,0.0,255,2,0.01,0.05,0.0,0.0,1.0,1.0,0.0,1,55193.0
0,tcp,http,SF,220,337,0,0,1,0,0,0,0,3,0.0,0.0,0.0,0.0,1.0,0.0,0.0,255,255,1.0,0.0,0.0,0.0,0.0,0.0,0.0,0,27458.0
0,tcp,smtp,SF,1833,366,0,0,1,0,0,0,0,1,0.0,0.0,0.0,0.0,1.0,0.0,1.0,52,180,0.88,0.08,0.02,0.01,0.0,0.0,0.0,0,80178.0
0,tcp,nntp,S0,0,0,0,0,0,0,0,0,0,215,1.0,1.0,0.0,0.0,0.01,0.06,0.0,255,19,0.07,0.07,0.0,0.0,1.0,1.0,0.0,1,37991.0
0,tcp,domain,S0,0,0,0,0,0,0,0,0,0,282,1.0,1.0,0.0,0.0,0.04,0.06,0.0,255,5,0.02,0.09,0.0,0.0,1.0,1.0,0.0,1,84378.0
0,icmp,eco_i,SF,8,0,0,0,0,0,0,0,0,1,0.0,0.0,0.0,0.0,1.0,0.0,1.0,2,162,1.0,0.0,1.0,0.25,0.0,0.0,0.0,1,27669.0
0,tcp,http,SF,291,1410,0,0,1,0,0,0,0,11,0.0,0.0,0.0,0.0,1.0,0.0,0.17,46,255,1.0,0.0,0.02,0.04,0.0,0.0,0.0,0,70095.0
0,tcp,private,S0,0,0,0,0,0,0,0,0,0,223,1.0,1.0,0.0,0.0,0.06,0.04,0.0,83,13,0.16,0.1,0.01,0.0,0.98,1.0,0.0,1,46179.0
0,tcp,smtp,SF,21518,368,0,0,1,0,0,0,0,1,0.0,0.0,0.0,0.0,1.0,0.0,0.0,31,155,0.94,0.06,0.03,0.02,0.0,0.0,0.0,0,84956.0
0,tcp,http,SF,247,4815,0,0,1,0,0,0,0,3,0.0,0.0,0.0,0.0,1.0,0.0,0.5,84,255,1.0,0.0,0.01,0.03,0.0,0.0,0.0,0,78099.0
0,tcp,imap4,S0,0,0,0,0,0,0,0,0,0,132,1.0,1.0,0.0,0.0,0.11,0.07,0.0,255,3,0.01,0.07,0.0,0.0,1.0,1.0,0.0,1,113950.0
0,icmp,eco_i,SF,8,0,0,0,0,0,0,0,0,1,0.0,0.0,0.0,0.0,1.0,0.0,1.0,1,135,1.0,0.0,1.0,0.5,0.0,0.0,0.0,1,24713.0
0,tcp,whois,REJ,0,0,0,0,0,0,0,0,0,247,0.0,0.0,1.0,1.0,0.06,0.06,0.0,255,14,0.05,0.08,0.0,0.0,0.0,0.0,1.0,1,38766.0
0,udp,domain_u,SF,44,70,0,0,0,0,0,0,0,169,0.0,0.0,0.0,0.0,1.0,0.0,0.0,255,194,0.76,0.01,0.0,0.0,0.0,0.0,0.0,0,14767.0
0,tcp,gopher,REJ,0,0,0,0,0,0,0,0,0,254,0.0,0.0,1.0,1.0,0.04,0.07,0.0,255,9,0.04,0.08,0.0,0.0,0.0,0.0,1.0,1,63671.0
0,tcp,supdup,S0,0,0,0,0,0,0,0,0,0,4,1.0,1.0,0.0,0.0,0.25,1.0,0.0,255,2,0.01,0.09,0.0,0.0,1.0,1.0,0.0,1,95286.0
0,tcp,http,SF,230,382,0,0,1,0,0,0,0,1,0.0,0.0,0.0,0.0,1.0,0.0,1.0,72,255,1.0,0.0,0.01,0.01,0.01,0.0,0.0,0,120094.0
0,tcp,http,SF,440,3001,0,0,1,0,0,0,0,6,0.0,0.0,0.0,0.0,1.0,0.0,0.0,255,255,1.0,0.0,0.0,0.0,0.0,0.0,0.0,0,99436.0
0,tcp,http,SF,214,296,0,0,1,0,0,0,0,3,0.0,0.0,0.0,0.0,1.0,0.0,0.0,84,137,1.0,0.0,0.01,0.07,0.0,0.0,0.0,0,11209.0
0,tcp,http,SF,207,1215,0,0,1,0,0,0,0,8,0.0,0.0,0.0,0.0,1.0,0.0,0.0,142,255,1.0,0.0,0.01,0.02,0.0,0.0,0.0,0,117728.0
0,tcp,http,SF,253,6596,0,0,1,0,0,0,0,13,0.0,0.0,0.0,0.0,1.0,0.0,0.17,38,255,1.0,0.0,0.03,0.05,0.0,0.0,0.0,0,99848.0
136,tcp,http,SF,322,270,0,0,1,0,0,0,0,4,0.0,0.0,0.0,0.0,1.0,0.0,0.0,255,251,0.98,0.01,0.0,0.0,0.0,0.0,0.0,0,14402.0
0,udp,domain_u,SF,95,40,0,0,0,0,0,0,0,9,0.0,0.0,0.0,0.0,1.0,0.0,0.18,255,245,0.96,0.01,0.12,0.0,0.0,0.0,0.0,0,73991.0
0,tcp,smtp,SF,2568,332,0,0,1,0,0,0,0,1,0.0,0.0,0.0,0.0,1.0,0.0,0.0,255,121,0.47,0.03,0.0,0.0,0.0,0.0,0.0,0,88335.0
0,tcp,http,SF,239,1056,0,0,1,0,0,0,0,2,0.0,0.0,0.0,0.0,1.0,0.0,0.0,26,255,1.0,0.0,0.04,0.03,0.0,0.0,0.0,0,30396.0
4710,udp,other,SF,147,105,0,0,0,0,0,0,0,4,0.0,0.0,0.0,0.0,0.5,0.5,0.0,255,2,0.01,0.84,1.0,0.0,0.0,0.0,0.0,0,123817.0
0,tcp,http,S0,0,0,0,0,0,0,0,0,0,3,1.0,0.75,0.0,0.0,1.0,0.0,0.5,9,255,1.0,0.0,0.11,0.04,1.0,0.04,0.0,0,29361.0
0,tcp,auth,S0,0,0,0,0,0,0,0,0,0,252,1.0,1.0,0.0,0.0,0.04,0.07,0.0,255,10,0.04,0.07,0.0,0.0,1.0,1.0,0.0,1,45909.0
0,tcp,smtp,SF,1794,330,0,0,1,0,0,0,0,1,0.0,0.0,0.0,0.0,1.0,0.0,0.0,80,102,0.43,0.08,0.01,0.02,0.0,0.0,0.0,0,70328.0
0,tcp,http,SF,279,14118,0,0,1,0,0,0,0,1,0.0,0.0,0.0,0.0,1.0,0.0,0.0,143,255,1.0,0.0,0.01,0.01,0.0,0.0,0.0,0,122119.0
0,tcp,http,SF,296,9308,0,0,1,0,0,0,0,2,0.0,0.0,0.0,0.0,1.0,0.0,0.0,22,255,1.0,0.0,0.05,0.03,0.0,0.0,0.0,0,26189.0
0,tcp,finger,S0,0,0,0,0,0,0,0,0,0,74,1.0,1.0,0.0,0.0,0.26,0.05,0.0,255,64,0.25,0.02,0.01,0.0,1.0,1.0,0.0,1,35721.0
0,tcp,iso_tsap,REJ,0,0,0,0,0,0,0,0,0,252,0.0,0.0,1.0,1.0,0.06,0.06,0.0,255,16,0.06,0.07,0.0,0.0,0.0,0.0,1.0,1,100479.0
0,tcp,private,S0,0,0,0,0,0,0,0,0,0,138,1.0,1.0,0.0,0.0,0.01,0.06,0.0,255,26,0.1,0.06,0.0,0.0,1.0,1.0,0.0,1,20419.0
0,tcp,domain,SF,48,474,0,0,1,0,0,0,0,91,0.0,0.0,0.0,0.0,0.01,0.02,0.0,255,3,0.01,0.01,0.0,0.0,0.0,0.0,0.0,0,59885.0
0,tcp,vmnet,S0,0,0,0,0,0,0,0,0,0,221,1.0,1.0,0.0,0.0,0.11,0.05,0.0,255,24,0.09,0.05,0.0,0.0,1.0,1.0,0.0,1,97737.0
0,tcp,vmnet,S0,0,0,0,0,0,0,0,0,0,294,1.0,1.0,0.0,0.0,0.07,0.04,0.0,255,20,0.08,0.05,0.0,0.0,1.0,1.0,0.0,1,2167.0
0,tcp,http,SF,211,1349,0,0,1,0,0,0,0,5,0.0,0.0,0.0,0.0,1.0,0.0,0.09,58,255,1.0,0.0,0.02,0.04,0.0,0.0,0.0,0,15662.0
0,udp,domain_u,SF,45,72,0,0,0,0,0,0,0,111,0.0,0.0,0.0,0.0,1.0,0.0,0.0,255,254,1.0,0.01,0.01,0.0,0.0,0.0,0.0,0,9747.0
0,icmp,ecr_i,SF,1480,0,1,0,0,0,0,0,0,1,0.0,0.0,0.0,0.0,1.0,0.0,0.67,3,151,1.0,0.0,1.0,0.06,0.0,0.0,0.0,1,71850.0
0,tcp,private,S0,0,0,0,0,0,0,0,0,0,245,1.0,1.0,0.0,0.0,0.0,0.06,0.0,255,20,0.08,0.08,0.0,0.0,1.0,1.0,0.0,1,123007.0
0,tcp,http,SF,311,397,0,0,1,0,0,0,0,15,0.0,0.0,0.0,0.0,1.0,0.0,0.12,250,255,1.0,0.0,0.0,0.01,0.0,0.01,0.0,0,107287.0
0,udp,domain_u,SF,44,135,0,0,0,0,0,0,0,31,0.0,0.0,0.0,0.0,1.0,0.0,0.08,255,255,1.0,0.0,0.0,0.0,0.0,0.0,0.0,0,5373.0
0,tcp,http,SF,231,1075,0,0,1,0,0,0,0,1,0.0,0.0,0.0,0.0,1.0,0.0,0.0,255,246,0.96,0.01,0.0,0.0,0.0,0.0,0.0,0,51109.0
0,tcp,ldap,S0,0,0,0,0,0,0,0,0,0,147,1.0,1.0,0.0,0.0,0.1,0.05,0.0,255,7,0.03,0.06,0.0,0.0,1.0,1.0,0.0,1,102382.0
0,tcp,http,SF,200,574,0,0,1,0,0,0,0,7,0.0,0.0,0.0,0.0,1.0,0.0,0.0,22,255,1.0,0.0,0.05,0.02,0.0,0.0,0.0,0,70621.0
0,tcp,http,SF,234,1410,0,0,1,0,0,0,0,3,0.0,0.0,0.0,0.0,1.0,0.0,0.0,255,255,1.0,0.0,0.0,0.0,0.0,0.0,0.0,0,48480.0
0,tcp,Z39_50,S0,0,0,0,0,0,0,0,0,0,248,1.0,1.0,0.0,0.0,0.05,0.05,0.0,255,12,0.05,0.06,0.0,0.0,1.0,1.0,0.0,1,115268.0
0,udp,private,SF,207,0,0,0,0,0,0,0,0,2,0.0,0.0,0.0,0.0,1.0,0.0,0.0,118,102,0.86,0.02,0.86,0.0,0.0,0.0,0.0,1,116920.0
0,icmp,ecr_i,SF,8,0,0,0,0,0,0,0,0,1,0.0,0.0,0.0,0.0,1.0,0.0,0.0,1,1,1.0,0.0,1.0,0.0,0.0,0.0,0.0,1,64513.0
1,tcp,smtp,SF,1951,363,0,0,1,0,0,0,0,1,0.0,0.0,0.0,0.0,1.0,0.0,1.0,230,131,0.53,0.03,0.0,0.02,0.01,0.02,0.0,0,49502.0
0,tcp,telnet,S0,0,0,0,0,0,0,0,0,0,287,1.0,1.0,0.0,0.0,0.02,0.06,0.0,255,9,0.04,0.07,0.0,0.0,1.0,1.0,0.0,1,113791.0
0,tcp,http,REJ,0,0,0,0,0,0,0,0,0,1,0.0,0.0,1.0,1.0,1.0,0.0,0.0,61,2,0.02,1.0,0.02,1.0,0.0,0.0,1.0,1,121009.0
0,icmp,eco_i,SF,8,0,0,0,0,0,0,0,0,1,0.0,0.0,0.0,0.0,1.0,0.0,1.0,2,78,1.0,0.0,1.0,0.5,0.0,0.0,0.0,1,43662.0
0,udp,domain_u,SF,46,141,0,0,0,0,0,0,0,136,0.0,0.0,0.0,0.0,1.0,0.0,0.0,255,254,1.0,0.01,0.0,0.0,0.0,0.0,0.0,0,86608.0
0,tcp,http,SF,314,753,0,0,1,0,0,0,0,10,0.0,0.0,0.0,0.0,1.0,0.0,0.18,255,255,1.0,0.0,0.0,0.0,0.0,0.0,0.0,0,31063.0
0,tcp,nnsp,REJ,0,0,0,0,0,0,0,0,0,83,0.0,0.0,1.0,1.0,0.19,0.07,0.0,255,16,0.06,0.07,0.0,0.0,0.0,0.0,1.0,1,88102.0
0,icmp,ecr_i,SF,1032,0,0,0,0,0,0,0,0,511,0.0,0.0,0.0,0.0,1.0,0.0,0.0,255,127,0.5,0.17,0.5,0.0,0.0,0.0,0.0,1,62061.0
0,tcp,http,SF,302,307,0,0,1,0,0,0,0,2,0.0,0.0,0.0,0.0,1.0,0.0,0.67,255,255,1.0,0.0,0.0,0.0,0.0,0.0,0.0,0,12143.0
0,udp,domain_u,SF,44,128,0,0,0,0,0,0,0,79,0.0,0.0,0.0,0.0,1.0,0.0,0.01,255,211,0.83,0.01,0.0,0.0,0.0,0.0,0.0,0,22950.0
0,tcp,http,SF,292,1091,0,0,1,0,0,0,0,12,0.0,0.0,0.0,0.0,1.0,0.0,0.0,12,255,1.0,0.0,0.08,0.03,0.0,0.0,0.0,0,115367.0
0,tcp,http,SF,296,366,0,0,1,0,0,0,0,4,0.25,0.2,0.0,0.2,1.0,0.0,0.4,255,255,1.0,0.0,0.0,0.0,0.0,0.0,0.0,0,85391.0
0,tcp,http,REJ,0,0,0,0,0,0,0,0,0,1,0.0,0.0,1.0,1.0,1.0,0.0,0.0,32,255,1.0,0.0,0.03,0.12,0.0,0.0,0.99,0,102010.0
0,tcp,http,SF,236,2248,0,0,1,0,0,0,0,6,0.0,0.0,0.0,0.0,1.0,0.0,0.0,112,255,1.0,0.0,0.01,0.01,0.0,0.01,0.0,0,102350.0
0,tcp,private,S0,0,0,0,0,0,0,0,0,0,134,1.0,1.0,0.0,0.0,0.12,0.05,0.0,255,11,0.04,0.07,0.0,0.0,1.0,1.0,0.0,1,91267.0
0,tcp,http,SF,304,1380,0,0,1,0,0,0,0,1,0.0,0.0,0.0,0.0,1.0,0.0,0.29,13,12,0.92,0.15,0.08,0.0,0.0,0.0,0.0,0,61111.0
28,tcp,ftp,SF,1513,4152,0,30,1,0,0,0,0,1,0.0,0.0,0.0,0.0,1.0,0.0,0.0,106,17,0.16,0.07,0.01,0.0,0.0,0.0,0.0,0,86571.0
0,tcp,http,SF,288,466,0,0,1,0,0,0,0,18,0.0,0.0,0.0,0.0,1.0,0.0,0.11,255,255,1.0,0.0,0.0,0.0,0.0,0.0,0.0,0,10714.0
0,tcp,smtp,SF,1188,492,0,0,1,0,0,0,0,1,0.0,0.0,0.0,0.0,1.0,0.0,1.0,255,129,0.51,0.02,0.0,0.0,0.42,0.47,0.0,0,112899.0
0,tcp,http,SF,346,353,0,0,1,0,0,0,0,6,0.0,0.0,0.0,0.0,1.0,0.0,0.0,38,255,1.0,0.0,0.03,0.04,0.0,0.0,0.0,0,97966.0
0,udp,private,SF,1,4,0,0,0,0,0,0,0,30,0.0,0.0,0.0,0.0,0.43,0.1,0.0,255,13,0.05,0.69,0.33,0.0,0.16,0.0,0.0,1,57002.0
0,tcp,ssh,S0,0,0,0,0,0,0,0,0,0,192,1.0,1.0,0.0,0.0,0.02,0.07,0.0,255,4,0.02,0.07,0.0,0.0,1.0,1.0,0.0,1,89768.0
0,tcp,http,SF,320,9693,0,0,1,0,0,0,0,22,0.0,0.0,0.0,0.0,1.0,0.0,0.09,255,255,1.0,0.0,0.0,0.0,0.01,0.01,0.02,0,11147.0
0,tcp,courier,S0,0,0,0,0,0,0,0,0,0,109,1.0,1.0,0.0,0.0,0.08,0.06,0.0,255,9,0.04,0.07,0.0,0.0,1.0,1.0,0.0,1,10595.0
0,tcp,http,SF,289,4080,0,0,1,0,0,0,0,7,0.0,0.0,0.0,0.0,1.0,0.0,0.0,17,255,1.0,0.0,0.06,0.06,0.0,0.0,0.0,0,49435.0
0,tcp,http,SF,220,438,0,0,1,0,0,0,0,15,0.0,0.0,0.0,0.0,1.0,0.0,0.12,255,255,1.0,0.0,0.0,0.0,0.0,0.0,0.0,0,50989.0
0,tcp,http,SF,318,316,0,0,1,0,0,0,0,7,0.0,0.0,0.0,0.0,1.0,0.0,0.0,255,255,1.0,0.0,0.0,0.0,0.0,0.0,0.0,0,106059.0
0,udp,domain_u,SF,43,73,0,0,0,0,0,0,0,322,0.0,0.0,0.0,0.0,1.0,0.01,0.0,255,254,1.0,0.01,0.0,0.0,0.0,0.0,0.0,0,93381.0
0,tcp,Z39_50,S0,0,0,0,0,0,0,0,0,0,103,1.0,1.0,0.0,0.0,0.03,0.07,0.0,255,3,0.01,0.07,0.0,0.0,1.0,1.0,0.0,1,24573.0
0,tcp,http,SF,215,52248,0,0,1,0,0,0,0,17,0.0,0.0,0.0,0.0,1.0,0.0,0.0,17,255,1.0,0.0,0.06,0.04,0.0,0.0,0.0,0,18317.0
0,tcp,http,REJ,0,0,0,0,0,0,0,0,0,1,0.0,0.0,1.0,1.0,1.0,0.0,1.0,25,255,1.0,0.0,0.04,0.16,0.0,0.0,1.0,0,107992.0
0,tcp,exec,S0,0,0,0,0,0,0,0,0,0,104,1.0,1.0,0.0,0.0,0.08,0.06,0.0,255,8,0.03,0.05,0.0,0.0,1.0,1.0,0.0,1,57153.0
0,tcp,Z39_50,S0,0,0,0,0,0,0,0,0,0,281,1.0,1.0,0.0,0.0,0.07,0.06,0.0,255,20,0.08,0.07,0.0,0.0,1.0,1.0,0.0,1,79393.0
1,tcp,smtp,SF,640,340,0,0,1,0,0,0,0,1,0.0,0.0,0.0,0.0,1.0,0.0,1.0,255,151,0.59,0.02,0.0,0.0,0.0,0.0,0.0,0,3634.0
0,tcp,http,S0,0,0,0,0,0,0,0,0,0,235,1.0,1.0,0.0,0.0,0.06,0.06,0.0,255,15,0.06,0.07,0.0,0.0,1.0,1.0,0.0,1,18891.0
0,tcp,http,SF,260,27554,0,0,1,0,0,0,0,2,0.0,0.0,0.0,0.0,1.0,0.0,0.0,255,255,1.0,0.0,0.0,0.0,0.0,0.0,0.0,0,91087.0
0,udp,domain_u,SF,44,129,0,0,0,0,0,0,0,66,0.0,0.0,0.0,0.0,0.98,0.03,0.01,255,236,0.93,0.01,0.0,0.0,0.0,0.0,0.0,0,63763.0
0,icmp,eco_i,SF,8,0,0,0,0,0,0,0,0,1,0.0,0.0,0.0,0.0,1.0,0.0,1.0,1,28,1.0,0.0,1.0,0.54,0.0,0.0,0.0,1,27651.0
0,tcp,http,REJ,0,0,0,0,0,0,0,0,0,265,0.0,0.0,1.0,1.0,0.06,0.06,0.0,255,16,0.06,0.08,0.0,0.0,0.0,0.0,1.0,1,35984.0
0,tcp,ftp_data,SF,7940,0,0,0,1,0,0,0,0,9,0.0,0.0,0.0,0.0,1.0,0.0,0.0,188,53,0.25,0.02,0.25,0.04,0.0,0.0,0.0,0,14326.0
0,udp,domain_u,SF,43,126,0,0,0,0,0,0,0,200,0.0,0.0,0.0,0.0,1.0,0.0,0.0,255,251,0.98,0.01,0.0,0.0,0.0,0.0,0.0,0,77528.0
0,tcp,http_443,S0,0,0,0,0,0,0,0,0,0,109,1.0,1.0,0.0,0.0,0.06,0.06,0.0,255,7,0.03,0.05,0.0,0.0,1.0,1.0,0.0,1,95577.0
0,tcp,http,S0,0,0,0,0,0,0,0,0,0,15,1.0,1.0,0.0,0.0,0.67,0.2,0.0,255,57,0.22,0.02,0.01,0.0,1.0,1.0,0.0,1,90806.0
0,tcp,iso_tsap,S0,0,0,0,0,0,0,0,0,0,212,1.0,1.0,0.0,0.0,0.06,0.05,0.0,255,12,0.05,0.06,0.0,0.0,1.0,1.0,0.0,1,33881.0
0,tcp,http,SF,291,303,0,0,1,0,0,0,0,14,0.0,0.0,0.0,0.0,1.0,0.0,0.0,144,255,1.0,0.0,0.01,0.02,0.0,0.0,0.0,0,32489.0
0,tcp,gopher,S0,0,0,0,0,0,0,0,0,0,264,1.0,1.0,0.0,0.0,0.07,0.06,0.0,255,18,0.07,0.07,0.0,0.0,1.0,1.0,0.0,1,67676.0
0,tcp,other,REJ,0,0,0,0,0,0,0,0,0,509,0.22,0.0,0.76,1.0,0.0,1.0,0.0,255,1,0.0,1.0,0.0,0.0,0.17,0.0,1.0,1,32060.0
1,tcp,smtp,SF,953,326,0,0,1,0,0,0,0,1,0.0,0.0,0.0,0.0,1.0,0.0,1.0,127,153,0.57,0.05,0.01,0.01,0.0,0.0,0.0,0,63744.0
0,tcp,ftp_data,REJ,0,0,0,0,0,0,0,0,0,269,0.0,0.0,1.0,1.0,0.07,0.06,0.0,255,19,0.07,0.08,0.0,0.0,0.0,0.0,1.0,1,83394.0
0,tcp,klogin,S0,0,0,0,0,0,0,0,0,0,150,1.0,1.0,0.0,0.0,0.12,0.05,0.0,255,1,0.0,0.07,0.0,0.0,1.0,1.0,0.0,1,121004.0
0,udp,private,SF,28,0,3,0,0,0,0,0,0,2,0.0,0.0,0.0,0.0,1.0,0.0,0.0,255,102,0.4,0.6,0.4,0.0,0.09,0.0,0.0,1,17828.0
0,tcp,smtp,SF,1352,390,0,0,1,0,0,0,0,1,0.0,0.0,0.0,0.0,1.0,0.0,1.0,255,123,0.48,0.02,0.0,0.0,0.62,0.65,0.0,0,45908.0
0,tcp,ftp_data,S0,0,0,0,0,0,0,0,0,0,10,1.0,1.0,0.0,0.0,0.3,0.4,0.0,255,43,0.17,0.05,0.01,0.0,1.0,1.0,0.0,1,66972.0
0,tcp,time,RSTO,0,0,0,0,0,0,0,0,0,251,0.0,0.0,1.0,1.0,0.0,0.06,0.0,255,1,0.0,0.07,0.0,0.0,0.0,0.0,1.0,1,2191.0
0,tcp,efs,S0,0,0,0,0,0,0,0,0,0,29,1.0,1.0,0.0,0.0,0.31,0.1,0.0,255,9,0.04,0.07,0.0,0.0,1.0,1.0,0.0,1,44590.0
0,tcp,whois,S0,0,0,0,0,0,0,0,0,0,247,1.0,1.0,0.0,0.0,0.07,0.06,0.0,255,18,0.07,0.07,0.0,0.0,1.0,1.0,0.0,1,100973.0
0,tcp,http,SF,234,894,0,0,1,0,0,0,0,1,0.0,0.0,0.0,0.0,1.0,0.0,1.0,1,255,1.0,0.0,1.0,0.04,0.0,0.0,0.0,0,83312.0
0,tcp,csnet_ns,REJ,0,0,0,0,0,0,0,0,0,242,0.0,0.0,1.0,1.0,0.0,0.07,0.0,255,1,0.0,0.08,0.0,0.0,0.0,0.0,1.0,1,21210.0
0,tcp,ftp_data,S0,0,0,0,0,0,0,0,0,0,52,1.0,1.0,0.0,0.0,0.15,0.08,0.0,255,63,0.25,0.02,0.02,0.0,1.0,1.0,0.0,1,101962.0
0,tcp,http,REJ,0,0,0,0,0,0,0,0,0,267,0.0,0.0,1.0,1.0,0.05,0.07,0.0,255,13,0.05,0.07,0.0,0.0,0.0,0.0,1.0,1,13140.0
0,tcp,iso_tsap,S0,0,0,0,0,0,0,0,0,0,246,1.0,1.0,0.0,0.0,0.06,0.07,0.0,255,15,0.06,0.08,0.0,0.0,1.0,1.0,0.0,1,73427.0
1,tcp,smtp,SF,997,336,0,0,1,0,0,0,0,1,0.0,0.0,0.0,0.0,1.0,0.0,1.0,87,106,0.75,0.07,0.01,0.02,0.01,0.01,0.0,0,66892.0
0,tcp,private,S0,0,0,0,0,0,0,0,0,0,261,1.0,1.0,0.0,0.0,0.0,0.06,0.0,255,1,0.0,0.07,0.0,0.0,1.0,1.0,0.0,1,39874.0
0,udp,private,SF,1,0,0,0,0,0,0,0,0,42,0.0,0.0,0.0,0.0,0.43,0.07,0.0,255,18,0.07,0.23,1.0,0.0,0.0,0.0,0.0,1,110918.0
0,tcp,private,S0,0,0,0,0,0,0,0,0,0,119,1.0,1.0,0.0,0.0,0.12,0.06,0.0,255,13,0.05,0.07,0.0,0.0,1.0,1.0,0.0,1,65154.0
0,tcp,http,SF,212,2159,0,0,1,0,0,0,0,15,0.0,0.0,0.0,0.0,1.0,0.0,0.0,255,255,1.0,0.0,0.0,0.0,0.0,0.0,0.0,0,69160.0
0,tcp,http,SF,191,2241,0,0,1,0,0,0,0,4,0.0,0.0,0.0,0.0,1.0,0.0,0.31,255,255,1.0,0.0,0.01,0.0,0.0,0.0,0.0,0,84038.0
0,tcp,http,SF,207,3090,0,0,1,0,0,0,0,4,0.0,0.0,0.0,0.0,1.0,0.0,0.17,24,255,1.0,0.0,0.04,0.08,0.0,0.0,0.0,0,11176.0
0,tcp,private,S0,0,0,0,0,0,0,0,0,0,294,1.0,1.0,0.0,0.0,0.02,0.05,0.0,255,5,0.02,0.06,0.0,0.0,1.0,1.0,0.0,1,121032.0
0,tcp,echo,S0,0,0,0,0,0,0,0,0,0,193,1.0,1.0,0.0,0.0,0.02,0.07,0.0,255,5,0.02,0.08,0.0,0.0,1.0,1.0,0.0,1,29505.0
0,tcp,http,SF,237,876,0,0,1,0,0,0,0,16,0.0,0.0,0.0,0.0,1.0,0.0,0.0,122,255,1.0,0.0,0.01,0.02,0.0,0.0,0.0,0,117557.0
0,tcp,http,SF,216,1000,0,0,1,0,0,0,0,7,0.0,0.0,0.0,0.0,1.0,0.0,0.25,230,255,1.0,0.0,0.0,0.01,0.0,0.0,0.0,0,60880.0
0,tcp,http,SF,203,297,0,0,1,0,0,0,0,8,0.0,0.0,0.0,0.0,1.0,0.0,0.0,10,255,1.0,0.0,0.1,0.02,0.0,0.01,0.0,0,34870.0
0,tcp,private,REJ,0,0,0,0,0,0,0,0,0,87,0.0,0.0,1.0,1.0,0.15,0.07,0.0,255,26,0.1,0.05,0.0,0.0,0.0,0.0,1.0,1,51644.0
0,tcp,nntp,S0,0,0,0,0,0,0,0,0,0,296,1.0,1.0,0.0,0.0,0.05,0.05,0.0,255,1,0.0,0.07,0.0,0.0,1.0,1.0,0.0,1,92402.0
0,tcp,private,S0,0,0,0,0,0,0,0,0,0,203,1.0,1.0,0.0,0.0,0.0,0.07,0.0,255,2,0.01,0.07,0.0,0.0,1.0,1.0,0.0,1,20907.0
0,udp,other,SF,516,4,0,0,0,0,0,0,0,393,0.0,0.0,0.0,0.0,1.0,0.0,0.0,255,255,1.0,0.0,1.0,0.0,0.0,0.0,0.0,0,99954.0
0,tcp,ssh,S0,0,0,0,0,0,0,0,0,0,220,1.0,1.0,0.0,0.0,0.04,0.07,0.0,255,8,0.03,0.09,0.0,0.0,1.0,1.0,0.0,1,27478.0
28,tcp,ftp,SF,1488,4152,0,30,1,0,0,0,0,1,0.0,0.0,0.0,0.0,1.0,0.0,0.0,246,67,0.27,0.03,0.0,0.0,0.0,0.0,0.0,0,60733.0
0,tcp,private,S0,0,0,0,0,0,0,0,0,0,102,1.0,1.0,0.0,0.0,0.01,0.08,0.0,255,7,0.03,0.05,0.0,0.0,1.0,1.0,0.0,1,102708.0
0,tcp,private,S0,0,0,0,0,0,0,0,0,0,300,1.0,1.0,0.0,0.0,0.07,0.06,0.0,255,20,0.08,0.09,0.0,0.0,1.0,1.0,0.0,1,121188.0
0,tcp,http,SF,315,9998,0,0,1,0,0,0,0,2,0.0,0.0,0.0,0.0,1.0,0.0,0.0,6,255,1.0,0.0,0.17,0.02,0.0,0.0,0.0,0,5871.0
0,tcp,private,S0,0,0,0,0,0,0,0,0,0,212,1.0,1.0,0.0,0.0,0.03,0.05,0.0,16,7,0.44,0.19,0.06,0.0,0.88,1.0,0.0,1,56632.0
0,udp,private,SF,1,0,0,0,0,0,0,0,0,6,0.0,0.0,0.0,0.0,0.83,0.33,0.0,255,5,0.02,0.23,1.0,0.0,0.0,0.0,0.0,1,84212.0
0,tcp,daytime,S0,0,0,0,0,0,0,0,0,0,293,1.0,1.0,0.0,0.0,0.04,0.06,0.0,255,1,0.0,0.08,0.0,0.0,1.0,1.0,0.0,1,52195.0
0,tcp,private,S0,0,0,0,0,0,0,0,0,0,130,1.0,1.0,0.0,0.0,0.03,0.06,0.0,255,3,0.01,0.08,0.0,0.0,1.0,1.0,0.0,1,92106.0
0,tcp,uucp,S0,0,0,0,0,0,0,0,0,0,140,1.0,1.0,0.0,0.0,0.13,0.06,0.0,255,3,0.01,0.07,0.0,0.0,1.0,1.0,0.0,1,11686.0
0,tcp,http,SF,311,296,0,0,1,0,0,0,0,10,0.0,0.0,0.0,0.0,1.0,0.0,0.1,81,93,1.0,0.0,0.01,0.05,0.01,0.02,0.0,0,123352.0
0,udp,private,SF,28,0,3,0,0,0,0,0,0,26,0.0,0.0,0.0,0.0,1.0,0.0,0.0,255,93,0.36,0.01,0.36,0.0,0.0,0.0,0.0,1,68069.0
0,tcp,netstat,S0,0,0,0,0,0,0,0,0,0,118,1.0,1.0,0.0,0.0,0.11,0.07,0.0,255,13,0.05,0.07,0.0,0.0,1.0,1.0,0.0,1,4809.0
0,tcp,whois,S0,0,0,0,0,0,0,0,0,0,211,1.0,1.0,0.0,0.0,0.07,0.05,0.0,255,15,0.06,0.05,0.0,0.0,1.0,1.0,0.0,1,24861.0
0,tcp,mtp,S0,0,0,0,0,0,0,0,0,0,234,1.0,1.0,0.0,0.0,0.03,0.06,0.0,255,7,0.03,0.07,0.0,0.0,1.0,1.0,0.0,1,104588.0
0,tcp,private,S0,0,0,0,0,0,0,0,0,0,251,1.0,1.0,0.0,0.0,0.06,0.06,0.0,255,20,0.08,0.07,0.0,0.0,1.0,1.0,0.0,1,65873.0
0,icmp,ecr_i,SF,1032,0,0,0,0,0,0,0,0,511,0.0,0.0,0.0,0.0,1.0,0.0,0.0,255,175,0.69,0.16,0.69,0.0,0.0,0.0,0.0,1,14033.0
0,tcp,http,SF,229,356,0,0,1,0,0,0,0,21,0.0,0.0,0.0,0.0,1.0,0.0,0.14,255,255,1.0,0.0,0.01,0.0,0.0,0.0,0.0,0,25431.0
0,icmp,eco_i,SF,8,0,0,0,0,0,0,0,0,1,0.0,0.0,0.0,0.0,1.0,0.0,1.0,1,99,1.0,0.0,1.0,0.51,0.0,0.0,0.0,1,32049.0
0,tcp,iso_tsap,REJ,0,0,0,0,0,0,0,0,0,231,0.0,0.0,1.0,1.0,0.06,0.07,0.0,255,14,0.05,0.08,0.0,0.0,0.0,0.0,1.0,1,56253.0
0,tcp,http,SF,209,2198,0,0,1,0,0,0,0,1,0.0,0.0,0.0,0.0,1.0,0.0,0.67,19,255,1.0,0.0,0.05,0.04,0.0,0.0,0.0,0,81837.0
0,tcp,sql_net,REJ,0,0,0,0,0,0,0,0,0,173,0.0,0.0,1.0,1.0,0.06,0.07,0.0,255,11,0.04,0.07,0.0,0.0,0.0,0.0,1.0,1,74116.0
0,udp,domain_u,SF,44,44,0,0,0,0,0,0,0,66,0.0,0.0,0.0,0.0,1.0,0.0,0.01,255,254,1.0,0.01,0.01,0.0,0.0,0.0,0.0,0,12479.0
0,tcp,Z39_50,S0,0,0,0,0,0,0,0,0,0,251,1.0,1.0,0.0,0.0,0.05,0.06,0.0,255,12,0.05,0.07,0.0,0.0,1.0,1.0,0.0,1,88185.0
0,tcp,ftp_data,SF,71,0,0,0,0,0,0,0,0,1,0.0,0.0,0.0,0.0,1.0,0.0,0.0,255,39,0.15,0.52,0.15,0.0,0.52,0.0,0.0,0,94391.0
0,tcp,ftp_data,SF,167,0,0,0,1,0,0,0,0,2,0.0,0.0,0.0,0.0,1.0,0.0,0.0,85,15,0.08,0.07,0.08,0.13,0.01,0.0,0.0,0,64115.0
0,tcp,http,SF,337,3360,0,0,1,0,0,0,0,6,0.0,0.0,0.0,0.0,1.0,0.0,0.0,255,255,1.0,0.0,0.0,0.0,0.0,0.0,0.0,0,266.0
9,tcp,telnet,SF,113,4078,0,0,1,0,0,0,0,1,0.0,0.0,0.0,0.0,1.0,0.0,0.0,11,2,0.09,0.27,0.09,1.0,0.0,0.0,0.0,0,50131.0
0,tcp,private,S0,0,0,0,0,0,0,0,0,0,297,1.0,1.0,0.0,0.0,0.05,0.06,0.0,255,3,0.01,0.07,0.0,0.0,1.0,1.0,0.0,1,31315.0
0,icmp,eco_i,SF,18,0,0,0,0,0,0,0,0,1,0.0,0.0,0.0,0.0,1.0,0.0,0.0,1,151,1.0,0.0,1.0,1.0,0.0,0.0,0.0,1,32483.0
0,tcp,http,SF,337,3040,0,0,1,0,0,0,0,15,0.0,0.0,0.0,0.0,1.0,0.0,0.0,255,255,1.0,0.0,0.0,0.0,0.0,0.0,0.0,0,37484.0
0,tcp,ldap,S0,0,0,0,0,0,0,0,0,0,250,1.0,1.0,0.0,0.0,0.06,0.06,0.0,255,14,0.05,0.06,0.0,0.0,1.0,1.0,0.0,1,63404.0
0,tcp,daytime,S0,0,0,0,0,0,0,0,0,0,108,1.0,1.0,0.0,0.0,0.06,0.06,0.0,255,7,0.03,0.07,0.0,0.0,1.0,1.0,0.0,1,107593.0
0,tcp,http,SF,228,5235,0,0,1,0,0,0,0,2,0.0,0.0,0.0,0.0,1.0,0.0,0.5,131,255,1.0,0.0,0.01,0.01,0.01,0.0,0.0,0,71137.0
0,icmp,eco_i,SF,8,0,0,0,0,0,0,0,0,1,0.0,0.0,0.0,0.0,1.0,0.0,1.0,1,197,1.0,0.0,1.0,0.25,0.0,0.0,0.0,1,25717.0
0,tcp,smtp,SF,11133,1550,0,0,1,0,0,0,0,1,0.0,0.0,0.0,0.0,1.0,0.0,0.0,255,59,0.23,0.06,0.0,0.0,0.58,0.0,0.0,0,125493.0
0,tcp,Z39_50,S0,0,0,0,0,0,0,0,0,0,280,1.0,1.0,0.0,0.0,0.06,0.06,0.0,255,16,0.06,0.08,0.0,0.0,1.0,1.0,0.0,1,1739.0
0,icmp,urp_i,SF,78,0,0,0,0,0,0,0,0,36,0.0,0.0,0.0,0.0,0.17,0.06,0.0,255,24,0.09,0.01,0.09,0.0,0.0,0.0,0.0,0,61562.0
0,tcp,http,SF,200,706,0,0,1,0,0,0,0,23,0.0,0.0,0.0,0.0,1.0,0.0,0.08,255,255,1.0,0.0,0.0,0.0,0.0,0.0,0.0,0,70067.0
0,tcp,http,SF,330,9241,0,0,1,0,0,0,0,5,0.0,0.0,0.0,0.0,1.0,0.0,0.0,32,255,1.0,0.0,0.03,0.03,0.0,0.0,0.0,0,125754.0
0,tcp,netstat,REJ,0,0,0,0,0,0,0,0,0,231,0.0,0.0,1.0,1.0,0.0,0.06,0.0,255,1,0.0,0.07,0.0,0.0,0.0,0.0,1.0,1,102265.0
0,tcp,http,SF,244,307,0,0,1,0,0,0,0,1,0.0,0.0,0.0,0.0,1.0,0.0,0.0,239,250,1.0,0.0,0.01,0.01,0.0,0.0,0.0,0,46866.0
0,tcp,http_443,S0,0,0,0,0,0,0,0,0,0,103,1.0,1.0,0.0,0.0,0.17,0.06,0.0,255,17,0.07,0.05,0.0,0.0,1.0,1.0,0.0,1,43122.0
0,tcp,private,S0,0,0,0,0,0,0,0,0,0,100,1.0,1.0,0.0,0.0,0.12,0.06,0.0,255,19,0.07,0.08,0.0,0.0,1.0,1.0,0.0,1,63776.0
0,icmp,eco_i,SF,8,0,0,0,0,0,0,0,0,1,0.0,0.0,0.0,0.0,1.0,0.0,1.0,4,48,1.0,0.0,1.0,0.25,0.0,0.0,0.0,1,116145.0
0,udp,domain_u,SF,52,118,0,0,0,0,0,0,0,2,0.0,0.0,0.0,0.0,1.0,0.0,0.67,255,250,0.98,0.01,0.01,0.0,0.0,0.0,0.0,0,59126.0
0,tcp,http,SF,263,1179,0,0,1,0,0,0,0,12,0.0,0.0,0.0,0.0,1.0,0.0,0.0,41,255,1.0,0.0,0.02,0.05,0.0,0.0,0.0,0,125019.0
0,tcp,http,SF,176,1533,0,0,1,0,0,0,0,6,0.0,0.0,0.0,0.0,1.0,0.0,0.0,73,255,1.0,0.0,0.01,0.05,0.0,0.0,0.0,0,73326.0
0,tcp,http,SF,174,337,0,0,1,0,0,0,0,1,0.0,0.0,0.0,0.0,1.0,0.0,0.67,40,255,1.0,0.0,0.03,0.04,0.0,0.0,0.0,0,79084.0
0,tcp,private,S0,0,0,0,0,0,0,0,0,0,241,1.0,1.0,0.0,0.0,0.08,0.06,0.0,255,17,0.07,0.08,0.0,0.0,1.0,1.0,0.0,1,48335.0
0,tcp,http,SF,218,643,0,0,1,0,0,0,0,1,0.0,0.17,0.0,0.0,1.0,0.0,0.5,1,1,1.0,0.0,1.0,0.0,0.0,0.0,0.0,0,62322.0
0,udp,domain_u,SF,45,45,0,0,0,0,0,0,0,114,0.0,0.0,0.0,0.0,1.0,0.0,0.02,255,254,1.0,0.01,0.0,0.0,0.0,0.0,0.0,0,37096.0
0,tcp,http,SF,343,1617,0,0,1,0,0,0,0,15,0.0,0.0,0.0,0.0,1.0,0.0,0.0,152,255,1.0,0.0,0.01,0.03,0.0,0.0,0.0,0,102605.0
0,icmp,eco_i,SF,8,0,0,0,0,0,0,0,0,1,0.0,0.0,0.0,0.0,1.0,0.0,1.0,1,49,1.0,0.0,1.0,0.51,0.0,0.0,0.0,1,70335.0
0,tcp,http,SF,310,362,0,0,1,0,0,0,0,16,0.0,0.0,0.0,0.0,1.0,0.0,0.17,208,255,1.0,0.0,0.0,0.01,0.0,0.0,0.0,0,81475.0
0,tcp,gopher,S0,0,0,0,0,0,0,0,0,0,247,1.0,1.0,0.0,0.0,0.0,0.07,0.0,255,1,0.0,0.08,0.0,0.0,1.0,1.0,0.0,1,3521.0
0,tcp,http,SF,237,952,0,0,1,0,0,0,0,22,0.0,0.0,0.0,0.0,1.0,0.0,0.1,25,255,1.0,0.0,0.04,0.02,0.0,0.0,0.0,0,25057.0
1,tcp,smtp,SF,1789,284,0,0,1,0,0,0,0,1,0.0,0.0,0.0,0.0,1.0,0.0,1.0,118,137,0.53,0.03,0.01,0.01,0.0,0.0,0.01,0,114932.0
0,tcp,ftp_data,SF,334,0,0,0,1,0,0,0,0,2,0.0,0.0,0.0,0.0,1.0,0.0,0.0,4,30,1.0,0.0,1.0,0.13,0.0,0.0,0.0,1,88242.0
0,tcp,private,S0,0,0,0,0,0,0,0,0,0,286,1.0,1.0,0.0,0.0,0.03,0.06,0.0,255,4,0.02,0.09,0.0,0.0,1.0,1.0,0.0,1,78733.0
0,tcp,private,S0,0,0,0,0,0,0,0,0,0,166,1.0,1.0,0.0,0.0,0.1,0.05,0.0,255,17,0.07,0.05,0.0,0.0,1.0,1.0,0.0,1,75285.0
0,tcp,http,SF,304,11472,0,0,1,0,0,0,0,18,0.0,0.0,0.0,0.0,1.0,0.0,0.0,255,255,1.0,0.0,0.0,0.0,0.0,0.0,0.0,0,10972.0
0,tcp,http,SF,236,486,0,0,1,0,0,0,0,21,0.0,0.0,0.0,0.0,1.0,0.0,0.12,41,126,1.0,0.0,0.02,0.04,0.0,0.0,0.0,0,101576.0
0,tcp,imap4,S0,0,0,0,0,0,0,0,0,0,258,1.0,1.0,0.0,0.0,0.05,0.06,0.0,255,12,0.05,0.07,0.0,0.0,1.0,1.0,0.0,1,113787.0
0,tcp,private,S0,0,0,0,0,0,0,0,0,0,111,1.0,1.0,0.0,0.0,0.17,0.08,0.0,255,19,0.07,0.07,0.0,0.0,1.0,1.0,0.0,1,23988.0
3,tcp,smtp,SF,1101,331,0,0,1,0,0,0,0,1,0.0,0.0,0.0,0.0,1.0,0.0,0.0,30,132,0.63,0.13,0.03,0.02,0.0,0.0,0.0,0,63780.0
0,tcp,http,SF,311,2936,0,0,1,0,0,0,0,4,0.0,0.0,0.0,0.0,1.0,0.0,0.0,255,255,1.0,0.0,0.0,0.0,0.0,0.0,0.0,0,12643.0
0,tcp,private,S0,0,0,0,0,0,0,0,0,0,211,1.0,1.0,0.0,0.0,0.0,0.07,0.0,255,13,0.05,0.07,0.0,0.0,1.0,1.0,0.0,1,78559.0
0,tcp,private,REJ,0,0,0,0,0,0,0,0,0,136,0.0,0.0,1.0,1.0,0.1,0.06,0.0,255,3,0.01,0.07,0.0,0.0,0.0,0.0,1.0,1,27927.0
0,icmp,eco_i,SF,18,0,0,0,0,0,0,0,0,1,0.0,0.0,0.0,0.0,1.0,0.0,0.0,1,238,1.0,0.0,1.0,1.0,0.0,0.0,0.0,1,106384.0
0,udp,domain_u,SF,44,44,0,0,0,0,0,0,0,110,0.0,0.0,0.0,0.0,1.0,0.0,0.03,230,165,0.72,0.02,0.01,0.0,0.0,0.0,0.0,0,68237.0
0,udp,domain_u,SF,44,137,0,0,0,0,0,0,0,73,0.0,0.0,0.0,0.0,1.0,0.0,0.01,207,159,0.77,0.01,0.0,0.0,0.0,0.0,0.0,0,89444.0
0,tcp,private,S0,0,0,0,0,0,0,0,0,0,29,1.0,1.0,0.0,0.0,0.07,0.21,0.0,255,16,0.06,0.09,0.0,0.0,1.0,1.0,0.0,1,120351.0
0,tcp,finger,S0,0,0,0,0,0,0,0,0,0,129,1.0,1.0,0.0,0.0,0.16,0.05,0.0,255,20,0.08,0.09,0.0,0.0,1.0,1.0,0.0,1,56544.0
0,tcp,daytime,S0,0,0,0,0,0,0,0,0,0,234,1.0,1.0,0.0,0.0,0.04,0.05,0.0,255,9,0.04,0.06,0.0,0.0,1.0,1.0,0.0,1,60611.0
11103,tcp,telnet,SF,738,111026,0,0,1,452,2,505,4,1,0.0,0.0,0.0,0.0,1.0,0.0,0.0,32,15,0.16,0.09,0.03,0.13,0.0,0.0,0.0,0,123880.0
0,tcp,http,S1,295,8227,0,0,1,0,0,0,0,2,0.5,0.5,0.0,0.0,1.0,0.0,0.0,34,255,1.0,0.0,0.03,0.01,0.03,0.0,0.0,0,24672.0
0,tcp,other,SF,768,0,0,0,1,0,0,0,0,4,0.0,0.0,0.0,0.0,0.25,1.0,0.0,39,1,0.03,0.36,0.28,0.0,0.03,0.0,0.0,0,115391.0
0,tcp,Z39_50,REJ,0,0,0,0,0,0,0,0,0,201,0.0,0.0,1.0,1.0,0.08,0.06,0.0,255,17,0.07,0.07,0.0,0.0,0.0,0.0,1.0,1,37929.0
0,tcp,mtp,REJ,0,0,0,0,0,0,0,0,0,237,0.0,0.0,1.0,1.0,0.05,0.07,0.0,255,13,0.05,0.07,0.0,0.0,0.0,0.0,1.0,1,56292.0
0,icmp,eco_i,SF,8,0,0,0,0,0,0,0,0,1,0.0,0.0,0.0,0.0,1.0,0.0,1.0,1,55,1.0,0.0,1.0,0.51,0.0,0.0,0.0,1,48654.0
1,tcp,smtp,SF,1438,325,0,0,1,0,0,0,0,1,0.0,0.0,0.0,0.0,1.0,0.0,1.0,211,148,0.55,0.02,0.0,0.01,0.0,0.0,0.0,0,82627.0
0,tcp,daytime,S0,0,0,0,0,0,0,0,0,0,182,1.0,1.0,0.0,0.0,0.01,0.07,0.0,255,2,0.01,0.07,0.0,0.0,1.0,1.0,0.0,1,60219.0
0,udp,domain_u,SF,43,111,0,0,0,0,0,0,0,206,0.0,0.0,0.0,0.0,1.0,0.0,0.01,255,166,0.65,0.01,0.0,0.0,0.0,0.0,0.0,0,29979.0
0,tcp,ctf,S0,0,0,0,0,0,0,0,0,0,224,1.0,1.0,0.0,0.0,0.09,0.06,0.0,255,20,0.08,0.06,0.0,0.0,1.0,1.0,0.0,1,93221.0
0,tcp,private,S0,0,0,0,0,0,0,0,0,0,196,1.0,1.0,0.0,0.0,0.01,0.07,0.0,255,20,0.08,0.07,0.0,0.0,1.0,1.0,0.0,1,82495.0
0,tcp,smtp,SF,1375,326,0,0,1,0,0,0,0,1,0.0,0.0,0.0,0.0,1.0,0.0,0.0,175,245,0.95,0.01,0.01,0.01,0.0,0.0,0.0,0,72781.0
0,tcp,telnet,S1,342,8243,0,0,1,0,0,0,0,1,1.0,1.0,0.0,0.0,1.0,0.0,0.0,255,8,0.03,0.7,0.0,0.0,0.69,0.12,0.0,0,6111.0
0,tcp,private,REJ,0,0,0,0,0,0,0,0,0,258,0.0,0.0,1.0,1.0,0.07,0.05,0.0,255,19,0.07,0.05,0.0,0.0,0.0,0.0,1.0,1,113322.0
0,tcp,http,SF,242,1086,0,0,1,0,0,0,0,7,0.0,0.0,0.0,0.0,1.0,0.0,0.0,255,255,1.0,0.0,0.0,0.0,0.0,0.0,0.0,0,115586.0
0,tcp,private,REJ,0,0,0,0,0,0,0,0,0,1,0.0,0.0,1.0,1.0,1.0,0.0,0.0,53,1,0.02,1.0,0.02,0.0,0.0,0.0,1.0,1,4631.0
0,tcp,http,SF,242,2551,0,0,1,0,0,0,0,4,0.0,0.0,0.0,0.0,1.0,0.0,0.0,90,255,1.0,0.0,0.01,0.02,0.0,0.0,0.0,0,54808.0
0,icmp,eco_i,SF,8,0,0,0,0,0,0,0,0,1,0.0,0.0,0.0,0.0,1.0,0.0,1.0,1,9,1.0,0.0,1.0,0.56,0.0,0.0,0.0,1,91909.0
0,tcp,http,SF,205,8647,0,0,1,0,0,0,0,17,0.0,0.0,0.0,0.0,1.0,0.0,0.11,17,255,1.0,0.0,0.06,0.03,0.0,0.0,0.0,0,7726.0
0,tcp,smtp,SF,1522,332,0,0,1,0,0,0,0,1,0.0,0.0,0.0,0.0,1.0,0.0,0.0,151,83,0.55,0.03,0.01,0.0,0.0,0.0,0.0,0,64653.0
0,tcp,http,SF,191,16526,0,0,1,0,0,0,0,2,0.0,0.0,0.0,0.0,1.0,0.0,0.09,34,255,1.0,0.0,0.03,0.05,0.0,0.0,0.0,0,102596.0
0,tcp,ftp_data,SF,26,0,0,0,0,0,0,0,0,1,0.0,0.0,0.0,0.0,1.0,0.0,0.0,219,91,0.33,0.02,0.33,0.02,0.0,0.0,0.0,0,42120.0
0,udp,domain_u,SF,43,158,0,0,0,0,0,0,0,64,0.0,0.0,0.0,0.0,1.0,0.0,0.01,255,254,1.0,0.01,0.0,0.0,0.0,0.0,0.0,0,61417.0
0,tcp,private,S0,0,0,0,0,0,0,0,0,0,225,1.0,1.0,0.0,0.0,0.07,0.05,0.0,255,15,0.06,0.05,0.0,0.0,1.0,1.0,0.0,1,80100.0
0,tcp,http,SF,200,308,0,0,1,0,0,0,0,3,0.0,0.0,0.0,0.0,1.0,0.0,0.5,255,255,1.0,0.0,0.0,0.0,0.0,0.0,0.0,0,23755.0
0,tcp,smtp,SF,678,332,0,0,1,0,0,0,0,1,0.0,0.0,0.0,0.0,1.0,0.0,0.0,187,202,0.84,0.03,0.01,0.01,0.0,0.0,0.0,0,123960.0
0,tcp,private,REJ,0,0,0,0,0,0,0,0,0,242,0.0,0.0,1.0,1.0,0.08,0.06,0.0,255,19,0.07,0.07,0.0,0.0,0.0,0.0,1.0,1,121904.0
0,tcp,vmnet,S0,0,0,0,0,0,0,0,0,0,226,1.0,1.0,0.0,0.0,0.03,0.06,0.0,255,6,0.02,0.07,0.0,0.0,1.0,1.0,0.0,1,14215.0
0,tcp,login,S0,0,0,0,0,0,0,0,0,0,125,1.0,1.0,0.0,0.0,0.1,0.07,0.0,255,1,0.0,0.07,0.0,0.0,1.0,1.0,0.0,1,87993.0
0,tcp,http,REJ,0,0,0,0,0,0,0,0,0,1,0.0,0.0,1.0,1.0,1.0,0.0,0.0,1,255,1.0,0.0,1.0,0.06,0.0,0.0,0.55,0,71574.0
0,tcp,smtp,SF,708,331,0,0,1,0,0,0,0,1,0.0,0.0,0.0,0.0,1.0,0.0,0.0,187,188,0.75,0.02,0.01,0.01,0.0,0.0,0.0,0,65541.0
0,tcp,smtp,SF,1289,392,0,0,1,0,0,0,0,1,0.0,0.0,0.0,0.0,1.0,0.0,0.0,255,121,0.47,0.02,0.0,0.0,0.49,0.53,0.0,0,69834.0
0,tcp,http,SF,54540,8314,0,2,1,1,0,0,0,6,0.0,0.0,0.17,0.17,1.0,0.0,0.0,99,99,1.0,0.0,0.01,0.0,0.0,0.0,0.05,1,120244.0
0,tcp,whois,S0,0,0,0,0,0,0,0,0,0,150,1.0,1.0,0.0,0.0,0.16,0.05,0.0,255,24,0.09,0.05,0.0,0.0,1.0,1.0,0.0,1,110301.0
0,tcp,private,REJ,0,0,0,0,0,0,0,0,0,1,0.0,0.0,1.0,1.0,1.0,0.0,0.0,49,2,0.02,1.0,0.02,1.0,0.0,0.0,1.0,1,41148.0
0,tcp,http,SF,200,9248,0,0,1,0,0,0,0,6,0.0,0.0,0.0,0.0,1.0,0.0,0.18,255,255,1.0,0.0,0.0,0.0,0.0,0.0,0.0,0,49105.0
0,udp,private,SF,1,0,0,0,0,0,0,0,0,86,0.0,0.0,0.0,0.0,0.69,0.05,0.0,255,121,0.47,0.05,1.0,0.0,0.0,0.0,0.0,1,116170.0
0,tcp,http,SF,214,337,0,0,1,0,0,0,0,11,0.0,0.0,0.0,0.0,1.0,0.0,0.0,236,255,1.0,0.0,0.0,0.01,0.0,0.0,0.0,0,3743.0
0,udp,domain_u,SF,44,78,0,0,0,0,0,0,0,321,0.0,0.0,0.0,0.0,1.0,0.0,0.0,255,254,1.0,0.01,0.0,0.0,0.0,0.0,0.0,0,39620.0
0,tcp,private,REJ,0,0,0,0,0,0,0,0,0,160,0.0,0.0,1.0,1.0,0.09,0.06,0.0,255,15,0.06,0.07,0.0,0.0,0.0,0.0,1.0,1,82628.0
0,tcp,http,SF,418,6726,0,0,1,0,0,0,0,5,0.0,0.0,0.0,0.0,1.0,0.0,0.0,89,245,1.0,0.0,0.01,0.17,0.0,0.0,0.69,0,21800.0
0,tcp,http,SF,264,361,0,0,1,0,0,0,0,12,0.0,0.0,0.0,0.0,1.0,0.0,0.0,255,255,1.0,0.0,0.0,0.0,0.0,0.0,0.0,0,32184.0
0,tcp,http,SF,315,301,0,0,1,0,0,0,0,3,0.0,0.0,0.0,0.0,1.0,0.0,0.0,3,255,1.0,0.0,0.33,0.02,0.0,0.0,0.0,0,96493.0
0,tcp,private,REJ,0,0,0,0,0,0,0,0,0,128,0.0,0.0,1.0,1.0,0.11,0.06,0.0,255,14,0.05,0.08,0.0,0.0,0.0,0.0,1.0,1,87464.0
0,udp,domain_u,SF,44,77,0,0,0,0,0,0,0,159,0.0,0.0,0.0,0.0,1.0,0.0,0.0,255,225,0.88,0.01,0.0,0.0,0.0,0.0,0.0,0,39577.0
0,tcp,http,SF,200,15698,0,0,1,0,0,0,0,11,0.0,0.0,0.0,0.0,1.0,0.0,0.0,119,255,1.0,0.0,0.01,0.04,0.0,0.0,0.0,0,18534.0
0,udp,private,SF,28,0,3,0,0,0,0,0,0,68,0.0,0.0,0.01,0.0,0.99,0.03,0.0,255,67,0.26,0.02,0.26,0.0,0.0,0.0,0.0,1,99834.0
0,udp,other,SF,516,4,0,0,0,0,0,0,0,216,0.0,0.0,0.0,0.0,1.0,0.0,0.0,216,216,1.0,0.0,1.0,0.0,0.0,0.0,0.0,0,72088.0
0,tcp,netbios_ssn,S0,0,0,0,0,0,0,0,0,0,280,1.0,1.0,0.0,0.0,0.04,0.06,0.0,255,3,0.01,0.06,0.0,0.0,1.0,1.0,0.0,1,12825.0
2,tcp,smtp,SF,893,334,0,0,1,0,0,0,0,1,0.0,0.0,0.0,0.0,1.0,0.0,0.0,20,141,0.85,0.15,0.05,0.01,0.0,0.0,0.0,0,55860.0
0,tcp,nntp,RSTO,0,0,0,0,0,0,0,0,0,173,0.0,0.0,1.0,1.0,0.03,0.07,0.0,255,5,0.02,0.07,0.0,0.0,0.0,0.0,1.0,1,1415.0
0,tcp,private,REJ,0,0,0,0,0,0,0,0,0,1,0.0,0.0,1.0,1.0,1.0,0.0,0.0,2,1,0.5,1.0,0.5,0.0,0.0,0.0,1.0,0,124401.0
0,tcp,exec,S0,0,0,0,0,0,0,0,0,0,107,1.0,1.0,0.0,0.0,0.07,0.07,0.0,255,7,0.03,0.05,0.0,0.0,1.0,1.0,0.0,1,114605.0
0,tcp,http,SF,302,636,0,0,1,0,0,0,0,2,0.0,0.0,0.0,0.0,1.0,0.0,0.2,24,255,1.0,0.0,0.04,0.01,0.0,0.01,0.0,0,30147.0
0,tcp,private,S0,0,0,0,0,0,0,0,0,0,23,1.0,1.0,0.0,0.0,0.35,0.17,0.0,255,8,0.03,0.07,0.0,0.0,1.0,1.0,0.0,1,96228.0
0,udp,domain_u,SF,42,123,0,0,0,0,0,0,0,73,0.0,0.0,0.0,0.0,0.99,0.03,0.01,255,235,0.92,0.01,0.0,0.0,0.0,0.0,0.0,0,57846.0
0,tcp,private,REJ,0,0,0,0,0,0,0,0,0,141,0.0,0.0,1.0,1.0,0.14,0.07,0.0,255,20,0.08,0.07,0.0,0.0,0.0,0.0,1.0,1,76450.0
0,tcp,http,SF,234,622,0,0,1,0,0,0,0,10,0.0,0.0,0.0,0.0,1.0,0.0,0.12,255,255,1.0,0.0,0.0,0.0,0.0,0.0,0.0,0,107201.0
0,tcp,http,SF,177,15616,0,0,1,0,0,0,0,2,0.0,0.0,0.0,0.0,1.0,0.0,0.67,6,255,1.0,0.0,0.17,0.07,0.0,0.0,0.0,0,43564.0
0,tcp,time,S0,0,0,0,0,0,0,0,0,0,293,1.0,1.0,0.0,0.0,0.04,0.05,0.0,255,6,0.02,0.09,0.0,0.0,1.0,1.0,0.0,1,57931.0
0,tcp,http,SF,224,393,0,0,1,0,0,0,0,2,0.0,0.0,0.0,0.0,1.0,0.0,0.0,17,255,1.0,0.0,0.06,0.04,0.0,0.0,0.0,0,69651.0
0,tcp,http,SF,242,1408,0,0,1,0,0,0,0,12,0.0,0.0,0.0,0.0,1.0,0.0,0.0,255,255,1.0,0.0,0.0,0.0,0.0,0.0,0.0,0,14770.0
0,tcp,http,SF,318,1748,0,0,1,0,0,0,0,7,0.0,0.0,0.0,0.0,1.0,0.0,0.25,8,99,1.0,0.0,0.12,0.12,0.0,0.0,0.0,0,10554.0
0,tcp,http,SF,232,4770,0,0,1,0,0,0,0,5,0.0,0.0,0.0,0.0,1.0,0.0,0.18,70,255,1.0,0.0,0.01,0.03,0.01,0.01,0.0,0,52036.0
0,tcp,http,SF,195,720,0,0,1,0,0,0,0,1,0.0,0.0,0.0,0.0,1.0,0.0,0.67,46,255,1.0,0.0,0.02,0.04,0.0,0.0,0.0,0,10307.0
0,udp,domain_u,SF,43,43,0,0,0,0,0,0,0,135,0.0,0.0,0.0,0.0,1.0,0.0,0.01,255,228,0.89,0.01,0.01,0.0,0.0,0.0,0.0,0,18587.0
0,tcp,http,SF,311,2384,0,0,1,0,0,0,0,25,0.0,0.0,0.0,0.0,1.0,0.0,0.0,255,255,1.0,0.0,0.0,0.0,0.0,0.0,0.0,0,117679.0
0,tcp,private,S0,0,0,0,0,0,0,0,0,0,272,1.0,1.0,0.0,0.0,0.04,0.06,0.0,255,2,0.01,0.08,0.0,0.0,1.0,1.0,0.0,1,9724.0
0,tcp,bgp,S0,0,0,0,0,0,0,0,0,0,296,1.0,1.0,0.0,0.0,0.08,0.05,0.0,255,24,0.09,0.05,0.0,0.0,1.0,1.0,0.0,1,8158.0
0,tcp,smtp,SF,2609,410,0,0,1,0,0,0,0,1,0.0,0.0,0.0,0.0,1.0,0.0,1.0,47,232,0.66,0.06,0.02,0.01,0.32,0.0,0.0,0,36403.0
0,tcp,ftp_data,SF,373,0,0,0,1,0,0,0,0,2,0.0,0.0,0.0,0.0,1.0,0.0,0.0,255,65,0.25,0.02,0.07,0.0,0.71,0.74,0.0,0,44753.0
48,tcp,http,SF,347,4656,0,0,1,0,0,0,0,1,0.0,0.0,0.0,0.0,1.0,0.0,0.0,30,255,1.0,0.0,0.03,0.09,0.0,0.0,0.0,0,89590.0
0,tcp,private,S0,0,0,0,0,0,0,0,0,0,123,1.0,1.0,0.0,0.0,0.15,0.07,0.0,255,12,0.05,0.07,0.0,0.0,1.0,1.0,0.0,1,43128.0
0,tcp,http,SF,306,2692,0,0,1,0,0,0,0,4,0.0,0.0,0.0,0.0,1.0,0.0,0.0,125,255,1.0,0.0,0.02,0.04,0.0,0.0,0.0,0,48459.0
0,tcp,http,SF,297,12884,0,0,1,0,0,0,0,10,0.0,0.0,0.0,0.0,1.0,0.0,0.0,71,71,1.0,0.0,0.01,0.0,0.0,0.0,0.0,0,96444.0
0,tcp,http,SF,192,2071,0,0,1,0,0,0,0,8,0.0,0.0,0.0,0.0,1.0,0.0,0.18,95,255,1.0,0.0,0.01,0.01,0.0,0.0,0.0,0,75266.0
27,tcp,ftp,SF,691,2077,0,14,1,0,0,0,0,1,0.0,0.0,0.0,0.0,1.0,0.0,0.0,233,53,0.23,0.02,0.0,0.0,0.0,0.0,0.0,0,122388.0
0,tcp,uucp_path,REJ,0,0,0,0,0,0,0,0,0,267,0.0,0.0,1.0,1.0,0.07,0.06,0.0,255,18,0.07,0.07,0.0,0.0,0.0,0.0,1.0,1,43186.0
0,tcp,http,SF,221,943,0,0,1,0,0,0,0,19,0.0,0.0,0.0,0.0,1.0,0.0,0.07,19,255,1.0,0.0,0.05,0.02,0.0,0.0,0.01,0,115261.0
0,tcp,supdup,S0,0,0,0,0,0,0,0,0,0,158,1.0,1.0,0.0,0.0,0.06,0.06,0.0,255,10,0.04,0.06,0.0,0.0,1.0,1.0,0.0,1,90415.0
0,tcp,http,SF,303,5745,0,0,1,0,0,0,0,1,0.0,0.0,0.0,0.0,1.0,0.0,0.0,255,255,1.0,0.0,0.0,0.0,0.0,0.0,0.0,0,53243.0
0,tcp,private,REJ,0,0,0,0,0,0,0,0,0,90,0.0,0.0,1.0,1.0,0.08,0.07,0.0,255,7,0.03,0.06,0.0,0.0,0.0,0.0,1.0,1,16236.0
0,tcp,http,SF,335,25261,0,0,1,0,0,0,0,7,0.0,0.0,0.0,0.0,1.0,0.0,0.0,7,255,1.0,0.0,0.14,0.04,0.0,0.0,0.0,0,106510.0
0,tcp,http,SF,214,660,0,0,1,0,0,0,0,7,0.0,0.0,0.0,0.0,1.0,0.0,0.2,255,255,1.0,0.0,0.0,0.0,0.0,0.0,0.0,0,44228.0
0,tcp,discard,RSTO,0,0,0,0,0,0,0,0,0,276,0.0,0.0,1.0,1.0,0.07,0.06,0.0,255,20,0.08,0.07,0.0,0.0,0.0,0.0,1.0,1,13267.0
0,tcp,systat,S0,0,0,0,0,0,0,0,0,0,240,1.0,1.0,0.0,0.0,0.0,0.06,0.0,255,1,0.0,0.07,0.0,0.0,1.0,1.0,0.0,1,100799.0
0,tcp,sql_net,S0,0,0,0,0,0,0,0,0,0,91,1.0,1.0,0.0,0.0,0.05,0.07,0.0,255,13,0.05,0.07,0.0,0.0,1.0,1.0,0.0,1,33058.0
0,tcp,private,REJ,0,0,0,0,0,0,0,0,0,113,0.0,0.0,1.0,1.0,0.05,0.08,0.0,255,6,0.02,0.07,0.0,0.0,0.0,0.0,1.0,1,86786.0
0,tcp,http,SF,343,3040,0,0,1,0,0,0,0,10,0.0,0.0,0.0,0.0,1.0,0.0,0.0,255,255,1.0,0.0,0.0,0.0,0.0,0.0,0.0,0,90857.0
0,tcp,http,SF,288,2881,0,0,1,0,0,0,0,14,0.0,0.0,0.0,0.0,1.0,0.0,0.12,14,255,1.0,0.0,0.07,0.05,0.0,0.0,0.0,0,420.0
0,tcp,courier,S0,0,0,0,0,0,0,0,0,0,98,1.0,1.0,0.0,0.0,0.01,0.06,0.0,255,7,0.03,0.06,0.0,0.0,1.0,1.0,0.0,1,88678.0
0,tcp,http,SF,233,581,0,0,1,0,0,0,0,13,0.0,0.0,0.0,0.0,1.0,0.0,0.08,255,255,1.0,0.0,0.0,0.0,0.0,0.0,0.0,0,400.0
0,tcp,mtp,S0,0,0,0,0,0,0,0,0,0,271,1.0,1.0,0.0,0.0,0.09,0.04,0.0,255,24,0.09,0.05,0.0,0.0,1.0,1.0,0.0,1,92142.0
0,tcp,ftp_data,SF,501760,0,0,0,1,0,0,0,0,2,0.0,0.0,0.0,0.0,1.0,0.0,0.0,91,95,0.51,0.04,0.51,0.02,0.0,0.0,0.0,0,95088.0
0,tcp,http,SF,219,1758,0,0,1,0,0,0,0,4,0.0,0.0,0.0,0.0,1.0,0.0,0.0,22,255,1.0,0.0,0.05,0.05,0.0,0.0,0.0,0,37020.0
0,tcp,nnsp,REJ,0,0,0,0,0,0,0,0,0,64,0.0,0.0,1.0,1.0,0.05,0.09,0.0,255,3,0.01,0.07,0.0,0.0,0.0,0.0,1.0,1,46311.0
0,tcp,echo,S0,0,0,0,0,0,0,0,0,0,277,1.0,1.0,0.0,0.0,0.04,0.05,0.0,255,8,0.03,0.07,0.0,0.0,1.0,1.0,0.0,1,28990.0
38460,tcp,private,RSTR,1,0,0,0,0,0,0,0,0,2,0.0,0.0,1.0,1.0,1.0,0.0,0.0,255,2,0.01,0.51,1.0,0.0,0.0,0.0,1.0,1,103425.0
0,tcp,auth,S0,0,0,0,0,0,0,0,0,0,256,1.0,1.0,0.0,0.0,0.04,0.05,0.0,255,9,0.04,0.05,0.0,0.0,1.0,1.0,0.0,1,21748.0
0,tcp,bgp,S0,0,0,0,0,0,0,0,0,0,273,1.0,1.0,0.0,0.0,0.05,0.06,0.0,255,14,0.05,0.07,0.0,0.0,1.0,1.0,0.0,1,7721.0
0,icmp,eco_i,SF,18,0,0,0,0,0,0,0,0,1,0.0,0.0,0.0,0.0,1.0,0.0,0.0,1,45,1.0,0.0,1.0,1.0,0.0,0.0,0.0,1,100892.0
0,tcp,uucp,S0,0,0,0,0,0,0,0,0,0,125,1.0,1.0,0.0,0.0,0.07,0.06,0.0,255,9,0.04,0.05,0.0,0.0,1.0,1.0,0.0,1,32786.0
0,tcp,private,REJ,0,0,0,0,0,0,0,0,0,233,0.0,0.0,1.0,1.0,0.02,0.06,0.0,255,5,0.02,0.07,0.0,0.0,0.0,0.0,1.0,1,28260.0
0,tcp,http,SF,54540,8314,0,2,1,1,0,0,0,3,0.0,0.0,0.0,0.0,1.0,0.0,0.0,119,119,1.0,0.0,0.01,0.0,0.0,0.0,0.02,1,31014.0
0,tcp,private,S0,0,0,0,0,0,0,0,0,0,205,1.0,1.0,0.0,0.0,0.04,0.07,0.0,255,4,0.02,0.07,0.0,0.0,1.0,1.0,0.0,1,57689.0
0,tcp,http,SF,220,2494,0,0,1,0,0,0,0,4,0.0,0.0,0.0,0.0,1.0,0.0,0.0,52,255,1.0,0.0,0.02,0.05,0.02,0.01,0.0,0,72166.0
0,icmp,eco_i,SF,8,0,0,0,0,0,0,0,0,1,0.0,0.0,0.0,0.0,1.0,0.0,1.0,2,204,1.0,0.0,1.0,0.5,0.0,0.0,0.0,1,61185.0
0,tcp,private,REJ,0,0,0,0,0,0,0,0,0,2,0.0,0.0,1.0,1.0,0.5,1.0,0.0,255,1,0.0,0.43,0.36,0.0,0.16,0.0,1.0,1,40537.0
0,tcp,finger,SF,7,0,0,0,0,0,0,0,0,1,0.0,0.0,0.0,0.0,1.0,0.0,0.0,37,9,0.08,0.05,0.03,0.22,0.03,0.11,0.0,0,32059.0
0,tcp,http,SF,216,549,0,0,1,0,0,0,0,7,0.0,0.0,0.0,0.0,1.0,0.0,0.4,31,255,1.0,0.0,0.03,0.07,0.03,0.01,0.0,0,104534.0
0,tcp,private,REJ,0,0,0,0,0,0,0,0,0,226,0.0,0.0,1.0,1.0,0.07,0.07,0.0,255,15,0.06,0.07,0.0,0.0,0.0,0.0,1.0,1,13644.0
0,tcp,private,RSTR,0,0,0,0,0,0,0,0,0,1,0.0,0.0,1.0,1.0,1.0,0.0,0.0,255,1,0.0,0.71,1.0,0.0,0.0,0.0,1.0,1,35695.0
0,udp,domain_u,SF,43,77,0,0,0,0,0,0,0,224,0.0,0.0,0.0,0.0,1.0,0.0,0.0,255,255,1.0,0.0,0.01,0.0,0.0,0.0,0.0,0,47162.0
0,udp,private,SF,1,1,0,0,0,0,0,0,0,9,0.0,0.0,0.0,0.0,0.67,0.22,0.0,255,6,0.02,0.97,0.04,0.0,0.18,0.0,0.0,1,17940.0
0,tcp,http,SF,204,269,0,0,1,0,0,0,0,13,0.0,0.0,0.0,0.0,1.0,0.0,0.19,255,255,1.0,0.0,0.0,0.0,0.0,0.0,0.0,0,25763.0
0,udp,private,SF,105,147,0,0,0,0,0,0,0,7,0.0,0.0,0.0,0.0,0.14,0.29,0.0,255,235,0.92,0.01,0.0,0.0,0.0,0.0,0.0,0,7240.0
0,tcp,private,S0,0,0,0,0,0,0,0,0,0,79,1.0,1.0,0.0,0.0,0.01,0.06,0.0,255,20,0.08,0.07,0.0,0.0,1.0,1.0,0.0,1,42741.0
0,tcp,private,S0,0,0,0,0,0,0,0,0,0,284,1.0,1.0,0.0,0.0,0.03,0.06,0.0,255,7,0.03,0.08,0.0,0.0,1.0,1.0,0.0,1,108013.0
0,udp,domain_u,SF,33,0,0,0,0,0,0,0,0,1,0.0,0.0,0.0,0.0,1.0,0.0,0.75,171,12,0.07,0.04,0.07,0.0,0.0,0.0,0.0,0,90829.0
0,tcp,http,SF,308,2239,0,0,1,0,0,0,0,2,0.0,0.0,0.0,0.0,1.0,0.0,0.05,255,248,0.97,0.01,0.0,0.0,0.0,0.0,0.0,0,123932.0
0,tcp,vmnet,S0,0,0,0,0,0,0,0,0,0,135,1.0,1.0,0.0,0.0,0.18,0.05,0.0,255,24,0.09,0.05,0.0,0.0,1.0,1.0,0.0,1,81007.0
0,tcp,private,REJ,0,0,0,0,0,0,0,0,0,179,0.11,0.0,0.88,1.0,0.01,1.0,0.0,255,1,0.0,0.85,0.0,0.0,0.07,0.0,1.0,1,70508.0
0,icmp,ecr_i,SF,1032,0,0,0,0,0,0,0,0,444,0.0,0.0,0.0,0.0,1.0,0.0,0.0,255,255,1.0,0.0,1.0,0.0,0.0,0.0,0.0,1,124815.0
0,tcp,http,SF,329,614,0,0,1,0,0,0,0,12,0.0,0.0,0.0,0.0,1.0,0.0,0.0,12,255,1.0,0.0,0.08,0.03,0.0,0.0,0.0,0,67296.0
0,tcp,hostnames,S0,0,0,0,0,0,0,0,0,0,258,1.0,1.0,0.0,0.0,0.08,0.05,0.0,255,21,0.08,0.05,0.0,0.0,1.0,1.0,0.0,1,63891.0
0,icmp,ecr_i,SF,1032,0,0,0,0,0,0,0,0,511,0.0,0.0,0.0,0.0,1.0,0.0,0.0,255,248,0.97,0.01,0.97,0.0,0.0,0.0,0.0,1,93271.0
0,tcp,uucp,S0,0,0,0,0,0,0,0,0,0,144,1.0,1.0,0.0,0.0,0.1,0.06,0.0,255,7,0.03,0.06,0.0,0.0,1.0,1.0,0.0,1,67292.0
0,icmp,eco_i,SF,30,0,0,0,0,0,0,0,0,5,0.0,0.0,0.0,0.0,0.2,0.6,0.0,255,37,0.15,0.01,0.66,0.0,0.0,0.0,0.0,0,113848.0
0,tcp,http,SF,166,928,0,0,1,0,0,0,0,1,0.0,0.0,0.0,0.0,1.0,0.0,0.4,23,255,1.0,0.0,0.04,0.02,0.0,0.0,0.0,0,116786.0
0,tcp,sunrpc,S0,0,0,0,0,0,0,0,0,0,272,1.0,1.0,0.0,0.0,0.06,0.07,0.0,255,16,0.06,0.09,0.0,0.0,1.0,1.0,0.0,1,54423.0
0,tcp,bgp,S0,0,0,0,0,0,0,0,0,0,96,1.0,1.0,0.0,0.0,0.17,0.06,0.0,255,12,0.05,0.06,0.0,0.0,1.0,1.0,0.0,1,108180.0
0,tcp,http,SF,219,7221,0,0,1,0,0,0,0,12,0.0,0.0,0.0,0.0,1.0,0.0,0.21,110,255,1.0,0.0,0.01,0.03,0.0,0.0,0.0,0,78825.0
0,tcp,http,S1,312,16060,0,0,1,0,0,0,0,1,1.0,0.67,0.0,0.0,1.0,0.0,0.67,230,255,1.0,0.0,0.0,0.01,0.0,0.0,0.0,0,18600.0
0,tcp,finger,S0,0,0,0,0,0,0,0,0,0,276,1.0,1.0,0.0,0.0,0.07,0.06,0.0,255,19,0.07,0.07,0.0,0.0,1.0,1.0,0.0,1,1938.0
0,tcp,http,SF,274,4841,0,0,1,0,0,0,0,1,0.0,0.0,0.0,0.0,1.0,0.0,1.0,37,255,1.0,0.0,0.03,0.09,0.0,0.0,0.0,0,69309.0
0,tcp,http,SF,374,1861,0,0,1,0,0,0,0,15,0.0,0.0,0.0,0.0,1.0,0.0,0.15,35,231,1.0,0.0,0.03,0.21,0.0,0.0,0.77,0,56972.0
0,tcp,http,SF,288,7367,0,0,1,0,0,0,0,3,0.0,0.0,0.0,0.0,1.0,0.0,0.0,20,255,1.0,0.0,0.05,0.02,0.0,0.01,0.0,0,103080.0
0,tcp,http,SF,212,741,0,0,1,0,0,0,0,2,0.0,0.0,0.0,0.0,1.0,0.0,0.0,29,255,1.0,0.0,0.03,0.06,0.0,0.0,0.0,0,99660.0
0,tcp,http,S0,0,0,0,0,0,0,0,0,0,43,1.0,1.0,0.0,0.0,0.35,0.09,0.0,255,66,0.26,0.02,0.0,0.0,1.0,1.0,0.0,1,72397.0
0,tcp,http,SF,234,6703,0,0,1,0,0,0,0,4,0.0,0.0,0.0,0.0,1.0,0.0,0.0,48,255,1.0,0.0,0.02,0.05,0.0,0.0,0.0,0,23295.0
0,tcp,http,SF,202,1923,0,0,1,0,0,0,0,16,0.0,0.0,0.0,0.0,1.0,0.0,0.12,21,255,1.0,0.0,0.05,0.02,0.0,0.0,0.0,0,633.0
0,tcp,private,REJ,0,0,0,0,0,0,0,0,0,113,0.01,0.0,0.91,1.0,0.01,1.0,0.0,255,1,0.0,0.45,0.0,0.0,0.0,0.0,1.0,1,124982.0
0,icmp,eco_i,SF,8,0,0,0,0,0,0,0,0,1,0.0,0.0,0.0,0.0,1.0,0.0,1.0,1,13,1.0,0.0,1.0,0.54,0.0,0.0,0.0,1,122625.0
0,tcp,private,RSTR,0,0,0,0,0,0,0,0,0,1,0.0,0.0,1.0,1.0,1.0,0.0,0.0,255,1,0.0,0.8,1.0,0.0,0.0,0.0,1.0,1,22656.0
85,tcp,telnet,SF,277,693,0,0,0,0,0,0,0,1,0.0,0.0,0.0,0.0,1.0,0.0,0.0,1,1,1.0,0.0,1.0,0.0,0.0,0.0,0.0,1,108500.0
0,tcp,http,SF,203,1872,0,0,1,0,0,0,0,12,0.0,0.0,0.0,0.0,1.0,0.0,0.07,56,255,1.0,0.0,0.02,0.03,0.0,0.01,0.0,0,67369.0
0,icmp,ecr_i,SF,30,0,0,0,0,0,0,0,0,1,0.0,0.0,0.0,0.0,1.0,0.0,0.0,19,20,1.0,0.0,1.0,0.1,0.0,0.0,0.0,0,95469.0
0,udp,private,SF,1,0,0,0,0,0,0,0,0,2,0.0,0.0,0.0,0.0,1.0,0.0,0.0,255,73,0.29,0.14,0.92,0.0,0.0,0.0,0.0,1,122900.0
0,icmp,ecr_i,SF,1032,0,0,0,0,0,0,0,0,218,0.0,0.0,0.0,0.0,1.0,0.0,0.0,255,218,0.85,0.01,0.85,0.0,0.0,0.0,0.0,1,5441.0
0,tcp,netbios_ssn,S0,0,0,0,0,0,0,0,0,0,277,1.0,1.0,0.0,0.0,0.06,0.05,0.0,255,5,0.02,0.07,0.0,0.0,1.0,1.0,0.0,1,122609.0
0,tcp,private,S0,0,0,0,0,0,0,0,0,0,227,1.0,1.0,0.0,0.0,0.06,0.06,0.0,255,15,0.06,0.06,0.0,0.0,1.0,1.0,0.0,1,56356.0
0,tcp,courier,S0,0,0,0,0,0,0,0,0,0,123,1.0,1.0,0.0,0.0,0.15,0.06,0.0,255,18,0.07,0.05,0.0,0.0,1.0,1.0,0.0,1,38634.0
0,tcp,http,SF,226,2542,0,0,1,0,0,0,0,24,0.0,0.0,0.0,0.0,1.0,0.0,0.0,255,255,1.0,0.0,0.0,0.0,0.0,0.0,0.0,0,57257.0
0,tcp,http,SF,320,2233,0,0,1,0,0,0,0,10,0.0,0.07,0.0,0.07,1.0,0.0,0.21,131,255,1.0,0.0,0.01,0.03,0.0,0.0,0.0,0,18283.0
0,tcp,sql_net,S0,0,0,0,0,0,0,0,0,0,299,1.0,1.0,0.0,0.0,0.07,0.05,0.0,255,20,0.08,0.06,0.0,0.0,1.0,1.0,0.0,1,82868.0
0,udp,domain_u,SF,43,132,0,0,0,0,0,0,0,77,0.0,0.0,0.0,0.0,0.99,0.03,0.01,255,202,0.79,0.02,0.0,0.0,0.0,0.0,0.0,0,86139.0
0,tcp,smtp,SF,1726,373,0,0,1,0,0,0,0,1,0.0,0.0,0.0,0.0,1.0,0.0,1.0,207,153,0.68,0.02,0.0,0.01,0.0,0.01,0.0,0,109635.0
0,tcp,sunrpc,S0,0,0,0,0,0,0,0,0,0,166,1.0,1.0,0.0,0.0,0.04,0.07,0.0,255,8,0.03,0.08,0.0,0.0,1.0,1.0,0.0,1,64670.0
0,tcp,netbios_dgm,S0,0,0,0,0,0,0,0,0,0,205,1.0,1.0,0.0,0.0,0.05,0.07,0.0,255,10,0.04,0.07,0.0,0.0,1.0,1.0,0.0,1,34703.0
0,tcp,http,SF,435,2537,0,0,1,0,0,0,0,8,0.0,0.0,0.0,0.0,1.0,0.0,0.27,255,255,1.0,0.0,0.0,0.0,0.0,0.0,0.0,0,62240.0
0,tcp,private,S0,0,0,0,0,0,0,0,0,0,206,1.0,1.0,0.0,0.0,0.09,0.07,0.0,255,18,0.07,0.08,0.0,0.0,1.0,1.0,0.0,1,17256.0
0,tcp,http,SF,284,914,0,0,1,0,0,0,0,14,0.0,0.0,0.0,0.0,1.0,0.0,0.0,74,255,1.0,0.0,0.01,0.04,0.0,0.0,0.0,0,33230.0
0,tcp,other,SF,6601,0,0,0,1,0,0,0,0,20,0.05,0.0,0.0,0.0,0.05,0.25,0.0,255,1,0.0,0.03,0.21,0.0,0.0,0.0,0.0,0,67346.0
0,udp,domain_u,SF,45,109,0,0,0,0,0,0,0,233,0.0,0.0,0.0,0.0,1.0,0.0,0.0,255,255,1.0,0.0,0.0,0.0,0.0,0.0,0.0,0,62078.0
0,tcp,http,SF,312,26946,0,0,1,0,0,0,0,2,0.0,0.0,0.0,0.0,1.0,0.0,0.67,5,111,1.0,0.0,0.2,0.22,0.0,0.0,0.64,0,113828.0
0,tcp,http,SF,166,23187,0,0,1,0,0,0,0,4,0.0,0.0,0.0,0.0,1.0,0.0,0.5,4,254,1.0,0.0,0.25,0.06,0.0,0.0,0.0,0,114789.0
0,tcp,http,SF,208,261,0,0,1,0,0,0,0,42,0.0,0.0,0.0,0.0,1.0,0.0,0.0,97,255,1.0,0.0,0.01,0.03,0.0,0.0,0.0,0,52577.0
0,tcp,http,SF,246,1112,0,0,1,0,0,0,0,6,0.0,0.0,0.0,0.0,1.0,0.0,0.0,255,255,1.0,0.0,0.0,0.0,0.0,0.0,0.0,0,65713.0
0,tcp,finger,S0,0,0,0,0,0,0,0,0,0,48,1.0,1.0,0.0,0.0,0.27,0.08,0.0,255,61,0.24,0.02,0.01,0.0,1.0,1.0,0.0,1,111490.0
0,tcp,http,SF,234,9969,0,0,1,0,0,0,0,2,0.0,0.0,0.0,0.0,1.0,0.0,0.0,2,255,1.0,0.0,0.5,0.01,0.0,0.0,0.0,0,96449.0
0,tcp,http,SF,238,1112,0,0,1,0,0,0,0,1,0.0,0.0,0.0,0.0,1.0,0.0,0.0,26,255,1.0,0.0,0.04,0.02,0.0,0.01,0.0,0,89655.0
0,tcp,http,SF,288,9693,0,0,1,0,0,0,0,6,0.0,0.0,0.0,0.0,1.0,0.0,0.0,6,255,1.0,0.0,0.17,0.06,0.0,0.0,0.0,0,109500.0
0,tcp,http,SF,236,16120,0,0,1,0,0,0,0,6,0.0,0.0,0.0,0.0,1.0,0.0,0.0,38,255,1.0,0.0,0.03,0.04,0.0,0.0,0.0,0,70845.0
0,tcp,ftp_data,SF,0,1690,0,0,0,0,0,0,0,1,0.0,0.25,0.0,0.0,1.0,0.0,0.5,42,74,0.17,0.12,0.02,0.03,0.0,0.01,0.0,0,94456.0
1,tcp,ctf,RSTOS0,0,0,0,0,0,0,0,0,0,129,0.0,0.0,1.0,1.0,0.01,0.57,0.0,255,1,0.0,0.29,0.51,0.0,0.0,0.0,1.0,1,105710.0
0,tcp,private,SH,0,0,0,0,0,0,0,0,0,1,1.0,1.0,0.0,0.0,1.0,0.0,0.0,196,1,0.01,0.95,0.96,0.0,0.96,1.0,0.0,1,99616.0
0,tcp,private,S0,0,0,0,0,0,0,0,0,0,85,1.0,1.0,0.0,0.0,0.01,0.09,0.0,255,1,0.0,0.06,0.0,0.0,1.0,1.0,0.0,1,70696.0
4,tcp,smtp,SF,911,329,0,0,1,0,0,0,1,1,0.0,0.0,0.0,0.0,1.0,0.0,0.0,171,120,0.47,0.04,0.01,0.02,0.0,0.0,0.0,0,119451.0
0,tcp,ftp_data,S0,0,0,0,0,0,0,0,0,0,186,1.0,1.0,0.0,0.0,0.01,0.06,0.0,255,1,0.0,0.07,0.0,0.0,1.0,1.0,0.0,1,51260.0
0,tcp,time,SF,0,4,0,0,0,0,0,0,0,1,0.0,0.0,0.0,0.0,1.0,0.0,0.0,22,22,1.0,0.0,0.05,0.0,0.14,0.14,0.0,0,117299.0
0,tcp,http,SF,326,2035,0,0,1,0,0,0,0,3,0.0,0.0,0.0,0.0,1.0,0.0,0.33,41,255,1.0,0.0,0.02,0.05,0.0,0.0,0.0,0,88806.0
0,tcp,http,SF,290,761,0,0,1,0,0,0,0,2,0.0,0.0,0.0,0.0,1.0,0.0,0.0,255,255,1.0,0.0,0.0,0.0,0.0,0.0,0.0,0,63465.0
0,tcp,ftp_data,SF,10073,0,0,0,0,0,0,0,0,15,0.0,0.0,0.0,0.0,1.0,0.0,0.0,244,67,0.27,0.02,0.27,0.0,0.0,0.0,0.0,0,1705.0
0,tcp,http,SF,200,4213,0,0,1,0,0,0,0,15,0.0,0.0,0.0,0.0,1.0,0.0,0.0,31,255,1.0,0.0,0.03,0.02,0.0,0.0,0.0,0,26269.0
0,icmp,eco_i,SF,8,0,0,0,0,0,0,0,0,1,0.0,0.0,0.0,0.0,1.0,0.0,1.0,2,86,1.0,0.0,1.0,0.5,0.0,0.0,0.0,1,15781.0
0,tcp,http,REJ,0,0,0,0,0,0,0,0,0,1,0.0,0.0,1.0,1.0,1.0,0.0,0.0,12,255,1.0,0.0,0.08,0.09,0.0,0.0,0.99,0,54073.0
0,udp,domain_u,SF,44,44,0,0,0,0,0,0,0,102,0.0,0.0,0.0,0.0,1.0,0.0,0.02,255,255,1.0,0.0,0.01,0.0,0.0,0.0,0.0,0,112887.0
0,tcp,http,SF,210,1432,0,0,1,0,0,0,0,11,0.0,0.0,0.0,0.0,1.0,0.0,0.0,255,255,1.0,0.0,0.0,0.0,0.0,0.0,0.0,0,102427.0
0,udp,other,SF,147,0,0,0,0,0,0,0,0,5,0.0,0.0,0.0,0.0,0.2,0.6,0.0,255,1,0.0,0.38,0.83,0.0,0.0,0.0,0.0,0,72552.0
0,tcp,private,S0,0,0,0,0,0,0,0,0,0,136,1.0,1.0,0.0,0.0,0.04,0.06,0.0,255,12,0.05,0.08,0.0,0.0,1.0,1.0,0.0,1,5520.0
0,tcp,iso_tsap,S0,0,0,0,0,0,0,0,0,0,217,1.0,1.0,0.0,0.0,0.07,0.05,0.0,255,15,0.06,0.06,0.0,0.0,1.0,1.0,0.0,1,103633.0
0,tcp,printer,S0,0,0,0,0,0,0,0,0,0,15,1.0,1.0,0.0,0.0,0.4,0.2,0.0,255,20,0.08,0.07,0.0,0.0,1.0,1.0,0.0,1,29786.0
0,tcp,http,SF,54540,8314,0,2,1,1,0,0,0,2,0.0,0.0,0.0,0.0,1.0,0.0,0.0,222,222,1.0,0.0,0.0,0.0,0.0,0.0,0.01,1,26103.0
0,tcp,ftp_data,SF,334,0,0,0,1,0,0,0,0,2,0.0,0.0,0.0,0.0,1.0,0.0,0.0,14,43,0.86,0.14,0.86,0.12,0.0,0.0,0.0,1,61250.0
0,tcp,http,SF,296,788,0,0,1,0,0,0,0,13,0.0,0.0,0.0,0.0,1.0,0.0,0.0,255,255,1.0,0.0,0.0,0.0,0.0,0.0,0.0,0,107342.0
23,tcp,ftp,SF,231,767,0,4,1,0,0,0,0,1,0.0,0.0,0.0,0.0,1.0,0.0,0.0,2,2,1.0,0.0,0.5,0.0,0.0,0.0,0.0,0,77052.0
0,tcp,http,SF,208,5098,0,0,1,0,0,0,0,4,0.0,0.0,0.0,0.0,1.0,0.0,0.0,255,255,1.0,0.0,0.0,0.0,0.0,0.0,0.0,0,74503.0
0,tcp,private,REJ,0,0,0,0,0,0,0,0,0,284,0.0,0.0,1.0,1.0,0.05,0.06,0.0,255,31,0.12,0.07,0.0,0.0,0.0,0.0,1.0,1,105105.0
0,tcp,http,SF,191,491,0,0,1,0,0,0,0,2,0.0,0.0,0.0,0.0,1.0,0.0,0.0,4,255,1.0,0.0,0.25,0.03,0.0,0.0,0.0,0,21633.0
0,tcp,private,S0,0,0,0,0,0,0,0,0,0,116,1.0,1.0,0.0,0.0,0.03,0.07,0.0,255,2,0.01,0.06,0.0,0.0,1.0,1.0,0.0,1,84495.0
0,tcp,ftp_data,SF,6601,0,0,0,0,0,0,0,0,17,0.0,0.0,0.0,0.0,1.0,0.0,0.0,196,73,0.37,0.03,0.37,0.0,0.0,0.0,0.0,0,108001.0
1,tcp,smtp,SF,1700,338,0,0,1,0,0,0,0,1,0.0,0.0,0.0,0.0,1.0,0.0,1.0,56,157,0.61,0.07,0.02,0.01,0.0,0.0,0.0,0,26164.0
1,tcp,smtp,SF,1298,325,0,0,1,0,0,0,0,1,0.0,0.0,0.0,0.0,1.0,0.0,1.0,55,113,0.58,0.09,0.02,0.02,0.0,0.0,0.0,0,55817.0
0,udp,domain_u,SF,43,145,0,0,0,0,0,0,0,151,0.0,0.0,0.0,0.0,1.0,0.0,0.01,255,255,1.0,0.0,0.0,0.0,0.0,0.0,0.0,0,108630.0
0,tcp,http,SF,213,646,0,0,1,0,0,0,0,1,0.0,0.0,0.0,0.0,1.0,0.0,1.0,16,255,1.0,0.0,0.06,0.03,0.0,0.0,0.0,0,102097.0
0,tcp,vmnet,S0,0,0,0,0,0,0,0,0,0,101,1.0,1.0,0.0,0.0,0.1,0.06,0.0,255,9,0.04,0.06,0.0,0.0,1.0,1.0,0.0,1,97040.0
0,tcp,netbios_ns,S0,0,0,0,0,0,0,0,0,0,105,1.0,1.0,0.0,0.0,0.13,0.06,0.0,255,14,0.05,0.05,0.0,0.0,1.0,1.0,0.0,1,4451.0
0,tcp,private,S0,0,0,0,0,0,0,0,0,0,228,1.0,1.0,0.0,0.0,0.09,0.05,0.0,255,20,0.08,0.06,0.0,0.0,1.0,1.0,0.0,1,15144.0
0,tcp,discard,S0,0,0,0,0,0,0,0,0,0,276,1.0,1.0,0.0,0.0,0.03,0.06,0.0,255,9,0.04,0.06,0.0,0.0,1.0,1.0,0.0,1,98628.0
0,tcp,ctf,S0,0,0,0,0,0,0,0,0,0,235,1.0,1.0,0.0,0.0,0.07,0.06,0.0,255,17,0.07,0.07,0.0,0.0,1.0,1.0,0.0,1,54863.0
0,tcp,http,SF,246,1026,0,0,1,0,0,0,0,26,0.0,0.0,0.0,0.0,1.0,0.0,0.06,255,255,1.0,0.0,0.0,0.0,0.0,0.0,0.0,0,71267.0
0,tcp,private,REJ,0,0,0,0,0,0,0,0,0,144,0.0,0.0,1.0,1.0,0.12,0.06,0.0,255,18,0.07,0.05,0.0,0.0,0.0,0.0,1.0,1,72529.0
0,tcp,private,S0,0,0,0,0,0,0,0,0,0,103,1.0,1.0,0.0,0.0,0.01,0.07,0.0,4,1,0.25,0.75,0.25,0.0,1.0,1.0,0.0,1,27533.0
0,tcp,http,SF,293,1600,0,0,1,0,0,0,0,10,0.0,0.0,0.0,0.0,1.0,0.0,0.0,65,255,1.0,0.0,0.02,0.03,0.0,0.0,0.0,0,114083.0
0,tcp,private,S0,0,0,0,0,0,0,0,0,0,113,1.0,1.0,0.0,0.0,0.17,0.06,0.0,255,14,0.05,0.08,0.0,0.0,1.0,1.0,0.0,1,124433.0
0,tcp,other,REJ,0,0,0,0,0,0,0,0,0,501,0.07,0.0,0.93,1.0,0.0,1.0,0.0,255,1,0.0,1.0,0.0,0.0,0.04,0.0,1.0,1,124718.0
0,udp,domain_u,SF,45,45,0,0,0,0,0,0,0,114,0.0,0.0,0.0,0.0,1.0,0.0,0.02,255,227,0.89,0.01,0.0,0.0,0.0,0.0,0.0,0,125853.0
0,tcp,ftp_data,SF,1153,0,0,0,1,0,0,0,0,2,0.0,0.0,0.0,0.0,1.0,0.0,0.0,236,90,0.36,0.02,0.36,0.02,0.0,0.0,0.0,0,93949.0
0,tcp,private,S0,0,0,0,0,0,0,0,0,0,1,1.0,1.0,0.0,0.0,1.0,0.0,0.0,255,16,0.06,0.07,0.0,0.0,1.0,1.0,0.0,1,66274.0
0,tcp,http,RSTR,53208,7300,0,1,1,0,0,0,0,4,0.0,0.0,0.25,0.33,0.75,0.5,0.0,72,72,1.0,0.0,0.01,0.0,0.0,0.0,0.04,1,20668.0
0,icmp,ecr_i,SF,520,0,0,0,0,0,0,0,0,446,0.0,0.0,0.0,0.0,1.0,0.0,0.0,150,150,1.0,0.0,1.0,0.0,0.0,0.0,0.0,1,111086.0
0,tcp,bgp,S0,0,0,0,0,0,0,0,0,0,239,1.0,1.0,0.0,0.0,0.0,0.06,0.0,255,1,0.0,0.05,0.0,0.0,1.0,1.0,0.0,1,71244.0
0,tcp,http,SF,237,8734,0,0,1,0,0,0,0,8,0.0,0.0,0.0,0.0,1.0,0.0,0.0,17,255,1.0,0.0,0.06,0.01,0.0,0.0,0.0,0,18763.0
0,tcp,link,REJ,0,0,0,0,0,0,0,0,0,231,0.0,0.0,1.0,1.0,0.0,0.07,0.0,255,1,0.0,0.09,0.0,0.0,0.0,0.0,1.0,1,35774.0
0,icmp,eco_i,SF,8,0,0,0,0,0,0,0,0,1,0.0,0.0,0.0,0.0,1.0,0.0,1.0,2,166,1.0,0.0,1.0,0.25,0.0,0.0,0.0,1,12737.0
0,udp,domain_u,SF,45,83,0,0,0,0,0,0,0,200,0.0,0.0,0.0,0.0,1.0,0.0,0.0,255,254,1.0,0.01,0.0,0.0,0.0,0.0,0.0,0,97845.0
0,tcp,private,REJ,0,0,0,0,0,0,0,0,0,144,0.0,0.0,1.0,1.0,0.11,0.06,0.0,219,16,0.07,0.06,0.0,0.0,0.0,0.0,1.0,1,48173.0
0,tcp,private,S0,0,0,0,0,0,0,0,0,0,50,1.0,1.0,0.0,0.0,0.42,0.1,0.0,255,21,0.08,0.07,0.0,0.0,1.0,1.0,0.0,1,21886.0
0,tcp,http,S0,0,0,0,0,0,0,0,0,0,68,0.97,1.0,0.03,0.0,0.28,0.09,0.0,255,35,0.14,0.04,0.01,0.0,1.0,1.0,0.0,1,13701.0
0,udp,domain_u,SF,43,90,0,0,0,0,0,0,0,181,0.0,0.0,0.0,0.0,1.0,0.0,0.0,255,255,1.0,0.0,0.01,0.0,0.0,0.0,0.0,0,13921.0
0,tcp,klogin,S0,0,0,0,0,0,0,0,0,0,102,1.0,1.0,0.0,0.0,0.09,0.06,0.0,255,19,0.07,0.07,0.0,0.0,1.0,1.0,0.0,1,90187.0
0,tcp,http,SF,241,9284,0,0,1,0,0,0,0,2,0.0,0.0,0.0,0.0,1.0,0.0,0.0,255,255,1.0,0.0,0.0,0.0,0.0,0.0,0.0,0,98987.0
0,tcp,http,SF,313,5294,0,0,1,0,0,0,0,4,0.0,0.0,0.0,0.0,1.0,0.0,0.0,42,255,1.0,0.0,0.02,0.03,0.0,0.0,0.0,0,117107.0
0,tcp,http,SF,264,22344,0,0,1,0,0,0,0,1,0.0,0.0,0.0,0.0,1.0,0.0,0.0,255,255,1.0,0.0,0.0,0.0,0.0,0.0,0.0,0,58004.0
0,udp,domain_u,SF,45,187,0,0,0,0,0,0,0,123,0.0,0.0,0.0,0.0,1.0,0.0,0.01,255,255,1.0,0.0,0.0,0.0,0.0,0.0,0.0,0,11885.0
0,udp,domain_u,SF,45,124,0,0,0,0,0,0,0,16,0.0,0.0,0.0,0.0,1.0,0.0,0.02,255,222,0.87,0.01,0.0,0.0,0.0,0.0,0.0,0,60451.0
0,tcp,private,REJ,0,0,0,0,0,0,0,0,0,281,0.0,0.0,1.0,1.0,0.05,0.06,0.0,255,27,0.11,0.07,0.0,0.0,0.0,0.0,1.0,1,11113.0
0,tcp,http,REJ,0,0,0,0,0,0,0,0,0,1,0.0,0.0,1.0,1.0,1.0,0.0,0.0,57,161,1.0,0.0,0.02,0.02,0.0,0.0,1.0,0,73973.0
0,tcp,http,SF,344,2511,0,0,1,0,0,0,0,10,0.0,0.0,0.0,0.0,1.0,0.0,0.18,255,255,1.0,0.0,0.0,0.0,0.0,0.0,0.0,0,89451.0
0,tcp,telnet,S0,0,0,0,0,0,0,0,0,0,58,0.97,1.0,0.03,0.0,0.24,0.1,0.0,255,55,0.22,0.04,0.02,0.0,1.0,1.0,0.0,1,60558.0
0,tcp,private,REJ,0,0,0,0,0,0,0,0,0,108,0.0,0.0,1.0,1.0,0.18,0.06,0.0,255,16,0.06,0.07,0.0,0.0,0.0,0.0,1.0,1,5091.0
0,tcp,http,SF,210,736,0,0,1,0,0,0,0,4,0.0,0.0,0.0,0.0,1.0,0.0,0.17,24,255,1.0,0.0,0.04,0.03,0.04,0.0,0.0,0,51037.0
0,tcp,http,SF,225,510,0,0,1,0,0,0,0,9,0.0,0.0,0.0,0.0,1.0,0.0,0.0,9,255,1.0,0.0,0.11,0.02,0.0,0.0,0.0,0,3918.0
0,tcp,http,S0,0,0,0,0,0,0,0,0,0,11,1.0,1.0,0.0,0.0,1.0,0.0,0.0,255,11,0.04,0.07,0.0,0.0,1.0,1.0,0.0,1,97862.0
0,tcp,http,SF,236,718,0,0,1,0,0,0,0,5,0.0,0.0,0.0,0.0,1.0,0.0,0.22,255,255,1.0,0.0,0.0,0.0,0.0,0.0,0.0,0,37166.0
0,tcp,finger,S0,0,0,0,0,0,0,0,0,0,29,1.0,1.0,0.0,0.0,0.17,0.14,0.0,255,53,0.21,0.04,0.01,0.0,1.0,1.0,0.0,1,88944.0
0,tcp,smtp,SF,2039,328,0,0,1,0,0,0,0,1,0.0,0.0,0.0,0.0,1.0,0.0,0.0,152,157,0.59,0.21,0.01,0.01,0.04,0.01,0.0,0,72816.0
0,tcp,http,SF,308,6452,0,0,1,0,0,0,0,6,0.17,0.25,0.0,0.0,1.0,0.0,0.25,188,255,1.0,0.0,0.01,0.02,0.01,0.0,0.0,0,88107.0
0,tcp,http,SF,231,520,0,0,1,0,0,0,0,28,0.0,0.0,0.0,0.0,1.0,0.0,0.1,255,255,1.0,0.0,0.0,0.0,0.0,0.0,0.0,0,60906.0
0,tcp,http,SF,158,4049,0,2,1,0,0,0,0,3,0.0,0.0,0.0,0.0,1.0,0.0,0.33,255,255,1.0,0.0,0.0,0.0,0.0,0.0,0.0,0,13256.0
0,tcp,ctf,S0,0,0,0,0,0,0,0,0,0,285,1.0,1.0,0.0,0.0,0.07,0.06,0.0,255,20,0.08,0.06,0.0,0.0,1.0,1.0,0.0,1,67023.0
0,tcp,http,SF,207,2529,0,0,1,0,0,0,0,9,0.0,0.0,0.0,0.0,1.0,0.0,0.0,101,255,1.0,0.0,0.01,0.03,0.0,0.0,0.0,0,49161.0
0,tcp,private,REJ,0,0,0,0,0,0,0,0,0,116,0.0,0.0,1.0,1.0,0.1,0.08,0.0,255,12,0.05,0.08,0.0,0.0,0.0,0.0,1.0,1,37729.0
0,tcp,telnet,RSTO,0,0,0,0,0,0,0,0,0,1,0.0,0.0,1.0,1.0,1.0,0.0,0.0,245,17,0.07,0.02,0.0,0.0,0.0,0.0,0.12,0,71493.0
0,tcp,ftp_data,S0,0,0,0,0,0,0,0,0,0,227,1.0,1.0,0.0,0.0,0.02,0.06,0.0,255,4,0.02,0.06,0.0,0.0,1.0,1.0,0.0,1,111780.0
0,tcp,ftp_data,SF,6601,0,0,0,0,0,0,0,0,15,0.0,0.0,0.0,0.0,1.0,0.0,0.0,186,67,0.36,0.03,0.36,0.0,0.0,0.0,0.0,0,88308.0
0,udp,domain_u,SF,39,99,0,0,0,0,0,0,0,1,0.0,0.0,0.0,0.0,1.0,0.0,0.0,255,245,0.96,0.01,0.0,0.0,0.0,0.0,0.0,0,88766.0
0,tcp,http,REJ,0,0,0,0,0,0,0,0,0,1,0.0,0.0,1.0,1.0,1.0,0.0,0.0,33,255,1.0,0.0,0.03,0.1,0.0,0.0,1.0,0,92469.0
0,tcp,ftp_data,S0,0,0,0,0,0,0,0,0,0,224,1.0,1.0,0.0,0.0,0.01,0.06,0.0,255,3,0.01,0.06,0.0,0.0,1.0,1.0,0.0,1,60623.0
0,tcp,netbios_ssn,REJ,0,0,0,0,0,0,0,0,0,246,0.0,0.0,1.0,1.0,0.02,0.07,0.0,255,5,0.02,0.07,0.0,0.0,0.0,0.0,1.0,1,6418.0
0,tcp,private,S0,0,0,0,0,0,0,0,0,0,97,1.0,1.0,0.0,0.0,0.18,0.05,0.0,255,5,0.02,0.07,0.0,0.0,1.0,1.0,0.0,1,37677.0
0,udp,domain_u,SF,44,75,0,0,0,0,0,0,0,55,0.0,0.0,0.0,0.0,1.0,0.0,0.0,255,254,1.0,0.01,0.0,0.0,0.0,0.0,0.0,0,24507.0
0,udp,domain_u,SF,42,42,0,0,0,0,0,0,0,2,0.0,0.0,0.0,0.0,1.0,0.0,0.67,220,214,0.97,0.01,0.0,0.0,0.0,0.0,0.0,0,87410.0
32,tcp,ftp,SF,1195,3380,0,24,1,0,0,0,0,1,0.0,0.0,0.0,0.0,1.0,0.0,0.0,255,48,0.19,0.02,0.0,0.0,0.0,0.0,0.0,0,40130.0
0,tcp,private,S0,0,0,0,0,0,0,0,0,0,94,1.0,1.0,0.0,0.0,0.05,0.06,0.0,255,17,0.07,0.07,0.0,0.0,1.0,1.0,0.0,1,40915.0
0,tcp,ctf,S0,0,0,0,0,0,0,0,0,0,190,1.0,1.0,0.0,0.0,0.08,0.06,0.0,255,15,0.06,0.05,0.0,0.0,1.0,1.0,0.0,1,86733.0
0,icmp,eco_i,SF,8,0,0,0,0,0,0,0,0,1,0.0,0.0,0.0,0.0,1.0,0.0,1.0,4,255,1.0,0.0,1.0,0.25,0.0,0.0,0.0,1,123435.0
0,tcp,http,SF,229,306,0,0,1,0,0,0,0,9,0.0,0.0,0.0,0.0,1.0,0.0,0.0,142,254,1.0,0.0,0.01,0.08,0.0,0.0,0.6,0,88667.0
0,tcp,ftp_data,SF,383,0,0,0,1,0,0,0,0,2,0.0,0.0,0.0,0.0,1.0,0.0,0.0,175,53,0.21,0.02,0.21,0.04,0.0,0.0,0.0,0,19564.0
0,tcp,http,SF,251,2742,0,0,1,0,0,0,0,1,0.0,0.0,0.0,0.0,1.0,0.0,0.0,255,236,0.93,0.02,0.0,0.0,0.0,0.0,0.0,0,104924.0
0,tcp,iso_tsap,S0,0,0,0,0,0,0,0,0,0,188,1.0,1.0,0.0,0.0,0.02,0.06,0.0,255,3,0.01,0.07,0.0,0.0,1.0,1.0,0.0,1,2266.0
0,tcp,http,SF,253,2235,0,0,1,0,0,0,0,1,0.0,0.0,0.0,0.0,1.0,0.0,0.67,1,255,1.0,0.0,1.0,0.07,0.0,0.0,0.0,0,97485.0
0,tcp,smtp,S0,0,0,0,0,0,0,0,0,0,239,1.0,1.0,0.0,0.0,0.05,0.05,0.0,255,13,0.05,0.06,0.0,0.0,1.0,1.0,0.0,1,5175.0
0,tcp,http,SF,299,1075,0,0,1,0,0,0,0,7,0.0,0.0,0.0,0.0,1.0,0.0,0.0,255,248,0.97,0.01,0.0,0.0,0.0,0.0,0.02,0,99445.0
0,tcp,finger,S0,0,0,0,0,0,0,0,0,0,26,1.0,1.0,0.0,0.0,0.23,0.15,0.0,255,63,0.25,0.02,0.02,0.0,1.0,1.0,0.0,1,98097.0
0,tcp,vmnet,S0,0,0,0,0,0,0,0,0,0,268,1.0,1.0,0.0,0.0,0.02,0.06,0.0,255,14,0.05,0.07,0.0,0.0,1.0,1.0,0.0,1,49622.0
6419,udp,other,SF,147,105,0,0,0,0,0,0,0,1,0.0,0.0,0.0,0.0,1.0,0.0,0.0,255,2,0.01,0.69,0.97,0.0,0.0,0.0,0.0,0,52208.0
0,tcp,http,SF,292,12689,0,0,1,0,0,0,0,25,0.0,0.0,0.0,0.0,1.0,0.0,0.0,24,255,1.0,0.0,0.04,0.05,0.0,0.0,0.03,0,67522.0
0,tcp,http,SF,157,607,0,0,1,0,0,0,0,1,0.0,0.0,0.0,0.0,1.0,0.0,0.0,3,255,1.0,0.0,0.33,0.02,0.33,0.0,0.0,0,15540.0
0,tcp,ftp_data,SF,501760,0,0,0,1,0,0,0,0,2,0.0,0.0,0.0,0.0,1.0,0.0,0.0,100,54,0.54,0.03,0.54,0.0,0.0,0.0,0.0,0,85177.0
0,tcp,imap4,S0,0,0,0,0,0,0,0,0,0,254,1.0,1.0,0.0,0.0,0.02,0.06,0.0,255,6,0.02,0.06,0.0,0.0,1.0,1.0,0.0,1,51957.0
0,icmp,eco_i,SF,30,0,0,0,0,0,0,0,0,1,0.0,0.0,0.0,0.0,1.0,0.0,0.0,6,6,1.0,0.0,1.0,0.0,0.0,0.0,0.0,0,68041.0
0,tcp,iso_tsap,S0,0,0,0,0,0,0,0,0,0,233,1.0,1.0,0.0,0.0,0.02,0.06,0.0,255,4,0.02,0.07,0.0,0.0,1.0,1.0,0.0,1,47065.0
0,tcp,http,SF,175,3108,0,0,1,0,0,0,0,1,0.0,0.0,0.0,0.0,1.0,0.0,0.0,40,255,1.0,0.0,0.03,0.02,0.0,0.0,0.0,0,107956.0
0,tcp,http,REJ,0,0,0,0,0,0,0,0,0,1,0.0,0.0,1.0,1.0,1.0,0.0,0.0,7,154,1.0,0.0,0.14,0.21,0.0,0.0,1.0,0,54202.0
0,tcp,http,SF,328,1231,0,0,1,0,0,0,0,3,0.0,0.0,0.0,0.0,1.0,0.0,0.4,56,255,1.0,0.0,0.02,0.02,0.0,0.0,0.0,0,11167.0
0,tcp,http,S0,0,0,0,0,0,0,0,0,0,248,1.0,1.0,0.0,0.0,0.01,0.07,0.0,255,2,0.01,0.08,0.0,0.0,1.0,1.0,0.0,1,115782.0
0,udp,private,SF,28,0,3,0,0,0,0,0,0,171,0.58,0.0,0.0,0.0,0.42,0.04,0.0,255,71,0.28,0.73,0.28,0.0,0.09,0.0,0.0,1,108640.0
0,tcp,exec,S0,0,0,0,0,0,0,0,0,0,63,1.0,1.0,0.0,0.0,0.3,0.06,0.0,255,19,0.07,0.05,0.0,0.0,1.0,1.0,0.0,1,27052.0
0,udp,domain_u,SF,44,44,0,0,0,0,0,0,0,196,0.0,0.0,0.0,0.0,1.0,0.0,0.0,255,255,1.0,0.0,0.01,0.0,0.0,0.0,0.0,0,78484.0
4,udp,private,SF,105,146,0,0,0,0,0,0,0,2,0.0,0.0,0.0,0.0,1.0,0.0,0.0,255,245,0.96,0.01,0.02,0.0,0.0,0.0,0.0,0,43259.0
0,tcp,private,S0,0,0,0,0,0,0,0,0,0,242,1.0,1.0,0.0,0.0,0.07,0.06,0.0,255,16,0.06,0.08,0.0,0.0,1.0,1.0,0.0,1,120591.0
0,tcp,telnet,S0,0,0,0,0,0,0,0,0,0,62,1.0,1.0,0.0,0.0,0.05,0.06,0.0,255,3,0.01,0.07,0.0,0.0,1.0,1.0,0.0,1,89129.0
0,tcp,ftp_data,SF,748,0,0,0,1,0,0,9,0,1,0.0,0.0,0.0,0.0,1.0,0.0,0.0,131,5,0.04,0.03,0.04,0.0,0.0,0.0,0.0,0,44760.0
0,tcp,http,SF,294,252,0,0,1,0,0,0,0,22,0.0,0.0,0.0,0.0,1.0,0.0,0.09,57,255,1.0,0.0,0.02,0.03,0.0,0.0,0.0,0,89346.0
0,tcp,private,S0,0,0,0,0,0,0,0,0,0,290,1.0,1.0,0.0,0.0,0.03,0.06,0.0,255,6,0.02,0.07,0.0,0.0,1.0,1.0,0.0,1,112389.0
0,tcp,private,S0,0,0,0,0,0,0,0,0,0,213,1.0,1.0,0.0,0.0,0.02,0.06,0.0,255,17,0.07,0.08,0.0,0.0,1.0,1.0,0.0,1,98292.0
0,tcp,http_443,S0,0,0,0,0,0,0,0,0,0,135,1.0,1.0,0.0,0.0,0.11,0.05,0.0,255,17,0.07,0.06,0.0,0.0,1.0,1.0,0.0,1,37818.0
0,tcp,http,SF,232,1721,0,0,1,0,0,0,0,13,0.0,0.0,0.0,0.0,1.0,0.0,0.04,255,255,1.0,0.0,0.0,0.0,0.01,0.01,0.0,0,120268.0
0,tcp,http,SF,312,398,0,0,1,0,0,0,0,4,0.0,0.0,0.0,0.0,1.0,0.0,0.0,255,255,1.0,0.0,0.0,0.0,0.0,0.0,0.0,0,122581.0
0,tcp,smtp,SF,11982,1430,0,0,1,0,0,0,0,1,0.0,0.0,0.0,0.0,1.0,0.0,0.0,13,201,1.0,0.0,0.08,0.01,0.0,0.0,0.0,0,29749.0
0,tcp,http,SF,196,14312,0,0,1,0,0,0,0,2,0.0,0.0,0.0,0.0,1.0,0.0,0.0,10,255,1.0,0.0,0.1,0.04,0.0,0.0,0.0,0,98766.0
0,tcp,other,REJ,0,0,0,0,0,0,0,0,0,511,0.18,0.0,0.82,1.0,0.0,1.0,0.0,255,1,0.0,1.0,0.0,0.0,0.07,0.0,1.0,1,20643.0
0,tcp,ssh,REJ,0,0,0,0,0,0,0,0,0,231,0.0,0.0,1.0,1.0,0.03,0.06,0.0,255,7,0.03,0.07,0.0,0.0,0.0,0.0,1.0,1,41020.0
0,tcp,http,SF,158,449,0,0,1,0,0,0,0,1,0.0,0.0,0.0,0.0,1.0,0.0,0.22,57,255,1.0,0.0,0.02,0.02,0.0,0.0,0.0,0,94335.0
0,udp,domain_u,SF,45,66,0,0,0,0,0,0,0,72,0.0,0.0,0.0,0.0,1.0,0.0,0.01,255,254,1.0,0.01,0.0,0.0,0.0,0.0,0.0,0,87190.0
0,tcp,http,SF,257,256,0,0,1,0,0,0,0,3,0.0,0.0,0.0,0.0,1.0,0.0,0.33,44,255,1.0,0.0,0.02,0.05,0.0,0.0,0.0,0,66414.0
0,icmp,eco_i,SF,8,0,0,0,0,0,0,0,0,1,0.0,0.0,0.0,0.0,1.0,0.0,1.0,2,108,1.0,0.0,1.0,0.5,0.0,0.0,0.0,1,87495.0
0,tcp,ftp_data,S0,0,0,0,0,0,0,0,0,0,39,1.0,1.0,0.0,0.0,0.03,0.1,0.0,255,61,0.24,0.02,0.01,0.0,1.0,1.0,0.0,1,27264.0
0,tcp,private,S0,0,0,0,0,0,0,0,0,0,215,1.0,1.0,0.0,0.0,0.03,0.07,0.0,255,6,0.02,0.05,0.0,0.0,1.0,1.0,0.0,1,55850.0
0,tcp,http,SF,231,16978,0,0,1,0,0,0,0,3,0.0,0.06,0.0,0.06,1.0,0.0,0.31,28,255,1.0,0.0,0.04,0.01,0.0,0.0,0.0,0,117425.0
0,tcp,klogin,REJ,0,0,0,0,0,0,0,0,0,144,0.0,0.0,1.0,1.0,0.12,0.06,0.0,255,17,0.07,0.06,0.0,0.0,0.0,0.0,1.0,1,3167.0
0,tcp,smtp,SF,204881,335,0,0,1,0,0,0,0,1,0.0,0.0,0.0,0.0,1.0,0.0,0.0,103,120,0.52,0.04,0.01,0.02,0.0,0.0,0.0,0,5794.0
0,tcp,daytime,RSTO,0,0,0,0,0,0,0,0,0,107,0.0,0.0,1.0,1.0,0.05,0.07,0.0,255,5,0.02,0.07,0.0,0.0,0.0,0.0,1.0,1,109509.0
0,tcp,http,SF,307,592,0,0,1,0,0,0,0,6,0.0,0.0,0.0,0.0,1.0,0.0,0.29,255,255,1.0,0.0,0.0,0.0,0.0,0.0,0.0,0,110348.0
0,tcp,private,S0,0,0,0,0,0,0,0,0,0,216,1.0,1.0,0.0,0.0,0.06,0.06,0.0,255,20,0.08,0.05,0.0,0.0,1.0,1.0,0.0,1,11892.0
0,tcp,http,SF,307,312,0,0,1,0,0,0,0,7,0.0,0.0,0.0,0.0,1.0,0.0,0.16,255,255,1.0,0.0,0.0,0.0,0.0,0.0,0.0,0,124855.0
0,tcp,http,SF,239,336,0,0,1,0,0,0,0,18,0.0,0.0,0.0,0.0,1.0,0.0,0.11,255,255,1.0,0.0,0.0,0.0,0.0,0.0,0.0,0,75911.0
0,udp,domain_u,SF,42,128,0,0,0,0,0,0,0,131,0.0,0.0,0.0,0.0,1.0,0.0,0.01,255,255,1.0,0.0,0.0,0.0,0.0,0.0,0.0,0,12496.0
0,udp,domain_u,SF,43,127,0,0,0,0,0,0,0,70,0.0,0.0,0.0,0.0,1.0,0.0,0.01,255,240,0.94,0.02,0.0,0.0,0.0,0.0,0.0,0,56559.0
0,tcp,private,S0,0,0,0,0,0,0,0,0,0,286,1.0,1.0,0.0,0.0,0.05,0.06,0.0,255,3,0.01,0.09,0.0,0.0,1.0,1.0,0.0,1,87724.0
0,tcp,http,REJ,0,0,0,0,0,0,0,0,0,1,0.0,0.0,1.0,1.0,1.0,0.0,0.0,13,19,1.0,0.0,0.08,0.26,0.0,0.0,1.0,0,18037.0
0,icmp,ecr_i,SF,520,0,0,0,0,0,0,0,0,371,0.0,0.0,0.0,0.0,1.0,0.0,0.0,255,255,1.0,0.0,1.0,0.0,0.0,0.0,0.0,1,83205.0
0,tcp,private,S0,0,0,0,0,0,0,0,0,0,249,1.0,1.0,0.0,0.0,0.05,0.06,0.0,255,12,0.05,0.06,0.0,0.0,1.0,1.0,0.0,1,33691.0
0,udp,domain_u,SF,45,45,0,0,0,0,0,0,0,110,0.0,0.0,0.0,0.0,1.0,0.0,0.0,255,201,0.79,0.01,0.01,0.0,0.0,0.0,0.0,0,4703.0
0,udp,domain_u,SF,43,119,0,0,0,0,0,0,0,146,0.0,0.0,0.0,0.0,1.0,0.0,0.0,255,255,1.0,0.0,0.0,0.0,0.0,0.0,0.0,0,27514.0
0,tcp,Z39_50,REJ,0,0,0,0,0,0,0,0,0,104,0.0,0.0,1.0,1.0,0.04,0.07,0.0,255,4,0.02,0.07,0.0,0.0,0.0,0.0,1.0,1,18041.0
0,tcp,daytime,S0,0,0,0,0,0,0,0,0,0,244,1.0,1.0,0.0,0.0,0.02,0.07,0.0,255,4,0.02,0.06,0.0,0.0,1.0,1.0,0.0,1,61365.0
0,udp,domain_u,SF,44,76,0,0,0,0,0,0,0,103,0.0,0.0,0.0,0.0,1.0,0.0,0.02,255,254,1.0,0.01,0.0,0.0,0.0,0.0,0.0,0,12928.0
0,tcp,ftp_data,S0,0,0,0,0,0,0,0,0,0,234,1.0,1.0,0.0,0.0,0.04,0.06,0.0,255,9,0.04,0.07,0.0,0.0,1.0,1.0,0.0,1,30847.0
0,udp,domain_u,SF,43,130,0,0,0,0,0,0,0,231,0.0,0.0,0.0,0.0,1.0,0.0,0.0,255,250,0.98,0.01,0.0,0.0,0.0,0.0,0.0,0,59240.0
0,tcp,uucp_path,S0,0,0,0,0,0,0,0,0,0,254,1.0,1.0,0.0,0.0,0.01,0.06,0.0,255,14,0.05,0.07,0.0,0.0,1.0,1.0,0.0,1,14948.0
0,tcp,http,SF,459,6712,0,0,1,0,0,0,0,1,0.0,0.0,0.0,0.0,1.0,0.0,0.0,3,255,1.0,0.0,0.33,0.07,0.0,0.0,0.04,0,88786.0
0,tcp,other,REJ,0,0,0,0,0,0,0,0,0,439,0.08,0.0,0.89,1.0,0.0,1.0,0.0,255,1,0.0,1.0,0.0,0.0,0.1,0.0,1.0,1,103112.0
0,tcp,http,SF,167,6571,0,0,1,0,0,0,0,10,0.0,0.0,0.0,0.0,1.0,0.0,0.0,30,255,1.0,0.0,0.03,0.04,0.0,0.0,0.0,0,114690.0
0,tcp,http,SF,210,6745,0,0,1,0,0,0,0,67,0.0,0.0,0.0,0.0,1.0,0.0,0.0,68,255,1.0,0.0,0.01,0.03,0.0,0.0,0.0,0,118120.0
0,tcp,http,SF,232,4425,0,0,1,0,0,0,0,8,0.0,0.0,0.0,0.0,1.0,0.0,0.07,77,255,1.0,0.0,0.01,0.01,0.0,0.0,0.0,0,91283.0
0,icmp,ecr_i,SF,64,0,0,0,0,0,0,0,0,1,0.0,0.0,0.0,0.0,1.0,0.0,0.0,65,1,0.02,0.06,0.02,0.0,0.0,0.0,0.0,0,45845.0
0,udp,domain_u,SF,82,42,0,0,0,0,0,0,0,102,0.0,0.0,0.0,0.0,1.0,0.0,0.0,255,166,0.65,0.01,0.15,0.0,0.0,0.0,0.0,0,107154.0
0,udp,domain_u,SF,43,125,0,0,0,0,0,0,0,78,0.0,0.0,0.0,0.0,0.99,0.03,0.01,255,246,0.96,0.01,0.0,0.0,0.0,0.0,0.0,0,16078.0
0,tcp,supdup,S0,0,0,0,0,0,0,0,0,0,128,1.0,1.0,0.0,0.0,0.02,0.08,0.0,255,2,0.01,0.07,0.0,0.0,1.0,1.0,0.0,1,101096.0
0,tcp,http,SF,237,392,0,0,1,0,0,0,0,4,0.0,0.0,0.0,0.0,1.0,0.0,0.33,68,255,1.0,0.0,0.01,0.05,0.0,0.0,0.56,0,27871.0
0,tcp,http,SF,237,556,0,1,1,0,0,0,0,1,0.0,0.0,0.0,0.0,1.0,0.0,1.0,8,255,1.0,0.0,0.12,0.01,0.0,0.0,0.0,0,29086.0
0,icmp,eco_i,SF,8,0,0,0,0,0,0,0,0,1,0.0,0.0,0.0,0.0,1.0,0.0,1.0,1,39,1.0,0.0,1.0,0.51,0.0,0.0,0.0,1,3530.0
0,tcp,private,S0,0,0,0,0,0,0,0,0,0,119,1.0,1.0,0.0,0.0,0.18,0.04,0.0,255,21,0.08,0.04,0.0,0.0,1.0,1.0,0.0,1,94333.0
0,tcp,http,SF,164,4097,0,2,1,0,0,0,0,1,0.0,0.0,0.0,0.25,1.0,0.0,0.75,255,255,1.0,0.0,0.0,0.0,0.0,0.0,0.0,0,118601.0
0,tcp,http,SF,216,1100,0,0,1,0,0,0,0,8,0.0,0.0,0.0,0.0,1.0,0.0,0.18,16,255,1.0,0.0,0.06,0.04,0.0,0.0,0.0,0,90312.0
0,tcp,ssh,S0,0,0,0,0,0,0,0,0,0,237,1.0,1.0,0.0,0.0,0.11,0.05,0.0,255,25,0.1,0.05,0.0,0.0,1.0,1.0,0.0,1,101982.0
0,tcp,http,SF,302,2698,0,0,1,0,0,0,1,1,0.0,0.02,0.0,0.0,1.0,0.0,0.08,255,253,0.99,0.01,0.0,0.0,0.0,0.0,0.0,0,34365.0
0,tcp,http,SF,262,10375,0,0,1,0,0,0,0,7,0.0,0.0,0.0,0.0,1.0,0.0,0.0,255,255,1.0,0.0,0.0,0.0,0.0,0.0,0.0,0,48523.0
0,tcp,uucp,RSTO,0,0,0,0,0,0,0,0,0,121,0.0,0.0,1.0,1.0,0.14,0.07,0.0,255,17,0.07,0.07,0.0,0.0,0.0,0.0,1.0,1,54129.0
0,tcp,uucp_path,S0,0,0,0,0,0,0,0,0,0,102,1.0,1.0,0.0,0.0,0.03,0.06,0.0,255,14,0.05,0.07,0.0,0.0,1.0,1.0,0.0,1,96430.0
0,tcp,iso_tsap,S0,0,0,0,0,0,0,0,0,0,206,1.0,1.0,0.0,0.0,0.04,0.07,0.0,255,9,0.04,0.07,0.0,0.0,1.0,1.0,0.0,1,70186.0
0,tcp,finger,S0,0,0,0,0,0,0,0,0,0,3,1.0,1.0,0.0,0.0,0.33,1.0,0.0,255,45,0.18,0.05,0.02,0.0,1.0,1.0,0.0,1,55571.0
0,tcp,finger,SF,7,174,0,0,0,0,0,0,0,1,0.0,0.0,0.0,0.0,1.0,0.0,0.0,88,12,0.05,0.03,0.01,0.17,0.0,0.67,0.0,0,82622.0
0,tcp,time,S0,0,0,0,0,0,0,0,0,0,270,1.0,1.0,0.0,0.0,0.08,0.05,0.0,255,21,0.08,0.05,0.0,0.0,1.0,1.0,0.0,1,11823.0
0,tcp,time,RSTO,0,0,0,0,0,0,0,0,0,175,0.0,0.0,1.0,1.0,0.03,0.07,0.0,255,6,0.02,0.07,0.0,0.0,0.0,0.0,1.0,1,124910.0
0,tcp,http,SF,340,2275,0,0,1,0,0,0,0,12,0.0,0.0,0.0,0.0,1.0,0.0,0.11,106,255,1.0,0.0,0.01,0.05,0.0,0.0,0.0,0,116903.0
0,tcp,http,SF,229,1159,0,0,1,0,0,0,0,9,0.0,0.0,0.0,0.0,1.0,0.0,0.2,9,255,1.0,0.0,0.11,0.01,0.0,0.0,0.0,0,80762.0
0,tcp,http,SF,307,1212,0,0,1,0,0,0,0,10,0.0,0.0,0.0,0.0,1.0,0.0,0.0,255,255,1.0,0.0,0.0,0.0,0.0,0.0,0.0,0,3689.0
0,tcp,http,REJ,0,0,0,0,0,0,0,0,0,1,0.0,0.0,1.0,1.0,1.0,0.0,0.0,5,64,1.0,0.0,0.2,0.22,0.0,0.0,1.0,0,78683.0
0,tcp,http,SF,229,2698,0,0,1,0,0,0,1,3,0.0,0.0,0.0,0.0,1.0,0.0,0.0,255,249,0.98,0.01,0.0,0.0,0.0,0.0,0.0,0,44631.0
0,tcp,http,SF,164,9676,0,0,1,0,0,0,0,8,0.0,0.0,0.0,0.0,1.0,0.0,0.0,108,255,1.0,0.0,0.01,0.02,0.0,0.0,0.0,0,118592.0
0,udp,private,SF,1,0,0,0,0,0,0,0,0,38,0.0,0.0,0.0,0.0,0.08,0.11,0.0,255,3,0.01,0.67,0.36,0.0,0.16,0.0,0.0,1,102485.0
0,tcp,systat,S0,0,0,0,0,0,0,0,0,0,233,1.0,1.0,0.0,0.0,0.01,0.06,0.0,255,4,0.02,0.07,0.0,0.0,1.0,1.0,0.0,1,110069.0
4,tcp,private,RSTR,0,0,0,0,0,0,0,0,0,124,0.0,0.0,1.0,1.0,0.02,0.52,0.0,255,2,0.01,0.26,0.49,0.0,0.0,0.0,1.0,1,14868.0
0,tcp,http,SF,161,13985,0,0,1,0,0,0,0,1,0.0,0.0,0.0,0.0,1.0,0.0,1.0,129,133,1.0,0.0,0.01,0.02,0.0,0.0,0.0,0,96544.0
0,tcp,telnet,S0,0,0,0,0,0,0,0,0,0,70,1.0,1.0,0.0,0.0,0.24,0.06,0.0,255,50,0.2,0.05,0.0,0.0,1.0,1.0,0.0,1,112739.0
0,icmp,eco_i,SF,30,0,0,0,0,0,0,0,0,1,0.0,0.0,0.0,0.0,1.0,0.0,0.0,254,254,1.0,0.0,1.0,0.0,0.0,0.0,0.0,0,84402.0
0,tcp,vmnet,REJ,0,0,0,0,0,0,0,0,0,216,0.0,0.0,1.0,1.0,0.08,0.07,0.0,255,17,0.07,0.08,0.0,0.0,0.0,0.0,1.0,1,14292.0
0,tcp,http,SF,239,976,0,0,1,0,0,0,0,23,0.0,0.0,0.0,0.0,1.0,0.0,0.0,255,255,1.0,0.0,0.0,0.0,0.0,0.0,0.0,0,25856.0
0,tcp,http,SF,295,1674,0,0,1,0,0,0,0,31,0.0,0.0,0.0,0.0,1.0,0.0,0.05,255,255,1.0,0.0,0.0,0.0,0.0,0.0,0.0,0,24926.0
0,tcp,http,SF,300,315,0,0,1,0,0,0,0,2,0.0,0.0,0.0,0.0,1.0,0.0,0.25,23,255,1.0,0.0,0.04,0.05,0.0,0.0,0.0,0,110958.0
0,tcp,ftp_data,SF,203,0,0,0,0,0,0,0,0,2,0.0,0.0,0.0,0.0,1.0,0.0,0.0,13,43,0.31,0.15,0.31,0.05,0.0,0.0,0.0,0,11848.0
0,tcp,Z39_50,S0,0,0,0,0,0,0,0,0,0,280,1.0,1.0,0.0,0.0,0.03,0.06,0.0,255,15,0.06,0.06,0.0,0.0,1.0,1.0,0.0,1,112544.0
0,tcp,time,S0,0,0,0,0,0,0,0,0,0,223,1.0,1.0,0.0,0.0,0.0,0.07,0.0,255,20,0.08,0.07,0.0,0.0,1.0,1.0,0.0,1,19480.0
0,tcp,http,SF,172,15142,0,0,1,0,0,0,0,1,0.0,0.0,0.0,0.0,1.0,0.0,0.0,25,198,1.0,0.0,0.04,0.05,0.0,0.0,0.0,0,46601.0
0,tcp,private,REJ,0,0,0,0,0,0,0,0,0,220,0.0,0.0,1.0,1.0,0.02,0.07,0.0,255,5,0.02,0.07,0.0,0.0,0.0,0.0,1.0,1,30788.0
0,tcp,http,SF,324,12909,0,0,1,0,0,0,0,23,0.0,0.0,0.0,0.0,1.0,0.0,0.12,255,255,1.0,0.0,0.0,0.0,0.0,0.0,0.0,0,38992.0
0,tcp,nnsp,S0,0,0,0,0,0,0,0,0,0,48,1.0,1.0,0.0,0.0,0.15,0.12,0.0,255,7,0.03,0.09,0.0,0.0,1.0,1.0,0.0,1,4546.0
0,tcp,other,REJ,0,0,0,0,0,0,0,0,0,511,0.23,0.0,0.77,1.0,0.0,1.0,0.0,255,1,0.0,1.0,0.0,0.0,0.2,0.0,1.0,1,71881.0
0,tcp,time,S0,0,0,0,0,0,0,0,0,0,16,1.0,1.0,0.0,0.0,0.5,0.19,0.0,255,14,0.05,0.07,0.0,0.0,1.0,1.0,0.0,1,97352.0
0,tcp,domain,S0,0,0,0,0,0,0,0,0,0,245,1.0,1.0,0.0,0.0,0.02,0.05,0.0,255,5,0.02,0.05,0.0,0.0,1.0,1.0,0.0,1,9227.0
0,tcp,http,SF,219,801,0,0,1,0,0,0,0,14,0.0,0.0,0.0,0.0,1.0,0.0,0.1,43,255,1.0,0.0,0.02,0.03,0.0,0.0,0.03,0,20690.0
0,tcp,ftp_data,SF,192,0,0,0,1,0,0,0,0,2,0.0,0.0,0.0,0.0,1.0,0.0,0.67,143,15,0.03,0.03,0.03,0.13,0.0,0.0,0.0,0,75204.0
0,icmp,ecr_i,SF,1032,0,0,0,0,0,0,0,0,10,0.0,0.0,0.0,0.0,1.0,0.0,0.0,255,255,1.0,0.0,1.0,0.0,0.0,0.0,0.0,1,49641.0
0,tcp,smtp,SF,906,335,0,0,1,0,0,0,0,1,0.0,0.0,0.0,0.0,1.0,0.0,0.0,19,57,0.95,0.11,0.05,0.04,0.0,0.0,0.0,0,48780.0
0,tcp,gopher,S0,0,0,0,0,0,0,0,0,0,252,1.0,1.0,0.0,0.0,0.04,0.06,0.0,255,11,0.04,0.07,0.0,0.0,1.0,1.0,0.0,1,84083.0
0,icmp,ecr_i,SF,520,0,0,0,0,0,0,0,0,268,0.0,0.0,0.0,0.0,1.0,0.0,0.0,255,255,1.0,0.0,1.0,0.0,0.0,0.0,0.0,1,10401.0
0,udp,domain_u,SF,46,72,0,0,0,0,0,0,0,118,0.0,0.0,0.0,0.0,0.99,0.02,0.0,255,254,1.0,0.01,0.01,0.0,0.0,0.0,0.0,0,77174.0
0,tcp,bgp,S0,0,0,0,0,0,0,0,0,0,295,1.0,1.0,0.0,0.0,0.01,0.06,0.0,255,1,0.0,0.07,0.0,0.0,1.0,1.0,0.0,1,22324.0
0,udp,domain_u,SF,43,43,0,0,0,0,0,0,0,80,0.0,0.0,0.0,0.0,1.0,0.0,0.01,255,246,0.96,0.01,0.01,0.0,0.0,0.0,0.0,0,58555.0
0,tcp,http,SF,258,6418,0,0,1,0,0,0,0,1,0.0,0.0,0.0,0.0,1.0,0.0,0.0,255,231,0.91,0.01,0.0,0.0,0.0,0.0,0.0,0,122525.0
0,tcp,private,S0,0,0,0,0,0,0,0,0,0,293,1.0,1.0,0.0,0.0,0.04,0.06,0.0,255,5,0.02,0.07,0.0,0.0,1.0,1.0,0.0,1,10013.0
0,icmp,ecr_i,SF,1032,0,0,0,0,0,0,0,0,511,0.0,0.0,0.0,0.0,1.0,0.0,0.0,255,223,0.87,0.01,0.87,0.0,0.0,0.0,0.0,1,93117.0
0,tcp,http,SF,316,354,0,0,1,0,0,0,0,6,0.0,0.0,0.0,0.0,1.0,0.0,0.0,255,255,1.0,0.0,0.0,0.0,0.0,0.0,0.0,0,74826.0
0,udp,private,SF,28,0,3,0,0,0,0,0,0,44,0.0,0.0,0.0,0.0,1.0,0.0,0.0,255,44,0.17,0.02,0.17,0.0,0.0,0.0,0.0,1,3119.0
0,tcp,http,SF,212,4791,0,0,1,0,0,0,0,2,0.0,0.0,0.0,0.0,1.0,0.0,0.17,7,255,1.0,0.0,0.14,0.05,0.0,0.0,0.0,0,12024.0
16872,udp,other,SF,147,105,0,0,0,0,0,0,0,1,0.0,0.0,0.0,0.0,1.0,0.0,0.0,255,1,0.0,0.48,0.68,0.0,0.0,0.0,0.0,0,21589.0
0,tcp,private,S0,0,0,0,0,0,0,0,0,0,130,1.0,1.0,0.0,0.0,0.13,0.06,0.0,255,13,0.05,0.06,0.0,0.0,1.0,1.0,0.0,1,14357.0
0,udp,domain_u,SF,44,44,0,0,0,0,0,0,0,100,0.0,0.0,0.0,0.0,1.0,0.0,0.01,255,254,1.0,0.01,0.01,0.0,0.0,0.0,0.0,0,68860.0
0,tcp,imap4,S0,0,0,0,0,0,0,0,0,0,227,1.0,1.0,0.0,0.0,0.08,0.06,0.0,255,18,0.07,0.06,0.0,0.0,1.0,1.0,0.0,1,10642.0
0,tcp,login,RSTO,0,0,0,0,0,0,0,0,0,102,0.0,0.0,1.0,1.0,0.17,0.06,0.0,255,17,0.07,0.07,0.0,0.0,0.0,0.0,1.0,1,122779.0
1,tcp,smtp,SF,3438,381,0,0,1,0,0,0,0,1,0.0,0.0,0.0,0.0,1.0,0.0,0.0,12,245,0.92,0.17,0.08,0.01,0.0,0.0,0.0,0,79841.0
0,tcp,ftp_data,SF,192,0,0,0,0,0,0,0,0,2,0.0,0.0,0.0,0.0,1.0,0.0,0.0,9,71,0.44,0.22,0.44,0.03,0.0,0.0,0.0,0,35803.0
0,tcp,private,S0,0,0,0,0,0,0,0,0,0,250,1.0,1.0,0.0,0.0,0.02,0.05,0.0,110,5,0.05,0.09,0.01,0.0,0.98,1.0,0.0,1,112687.0
0,tcp,nnsp,REJ,0,0,0,0,0,0,0,0,0,141,0.0,0.0,1.0,1.0,0.08,0.06,0.0,255,11,0.04,0.06,0.0,0.0,0.0,0.0,1.0,1,111853.0
0,tcp,link,REJ,0,0,0,0,0,0,0,0,0,236,0.0,0.0,1.0,1.0,0.02,0.07,0.0,255,4,0.02,0.08,0.0,0.0,0.0,0.0,1.0,1,58153.0
0,tcp,http,SF,303,304,0,0,1,0,0,0,0,13,0.0,0.0,0.0,0.0,1.0,0.0,0.08,61,255,1.0,0.0,0.02,0.05,0.0,0.0,0.0,0,42073.0
0,tcp,http,SF,216,8421,0,0,1,0,0,0,0,35,0.0,0.0,0.0,0.0,1.0,0.0,0.0,255,255,1.0,0.0,0.0,0.0,0.0,0.0,0.0,0,76013.0
0,udp,domain_u,SF,43,73,0,0,0,0,0,0,0,95,0.0,0.0,0.0,0.0,1.0,0.0,0.0,255,255,1.0,0.0,0.01,0.0,0.0,0.0,0.0,0,9460.0
0,tcp,http,SF,231,2239,0,0,1,0,0,0,0,5,0.0,0.0,0.0,0.0,1.0,0.0,0.0,255,255,1.0,0.0,0.0,0.0,0.0,0.0,0.0,0,92011.0
67,tcp,telnet,SF,599,2414928,0,0,1,0,0,0,0,1,0.0,0.0,0.0,0.0,1.0,0.0,0.0,234,70,0.3,0.02,0.0,0.0,0.0,0.0,0.0,0,73072.0
0,tcp,ftp_data,S0,0,0,0,0,0,0,0,0,0,48,0.98,1.0,0.02,0.0,0.31,0.08,0.0,255,6,0.02,0.07,0.01,0.0,1.0,1.0,0.0,1,10943.0
0,tcp,http,SF,225,1905,0,0,1,0,0,0,0,38,0.0,0.0,0.0,0.0,1.0,0.0,0.05,255,255,1.0,0.0,0.0,0.0,0.0,0.0,0.0,0,6949.0
0,tcp,ftp,SF,1258,2451,0,28,1,0,0,0,0,1,0.0,0.0,0.0,0.0,1.0,0.0,0.0,255,131,0.51,0.02,0.0,0.0,0.0,0.0,0.0,1,46035.0
0,tcp,http,SF,324,1427,0,0,1,0,0,0,0,9,0.0,0.0,0.0,0.0,1.0,0.0,0.2,9,255,1.0,0.0,0.11,0.07,0.0,0.0,0.0,0,123583.0
0,tcp,ftp_data,SF,383,0,0,0,1,0,0,0,0,2,0.0,0.0,0.0,0.0,1.0,0.0,0.0,197,22,0.11,0.03,0.11,0.0,0.0,0.0,0.0,0,6913.0
0,tcp,http,S0,0,0,0,0,0,0,0,0,0,42,0.98,0.93,0.02,0.07,0.31,0.12,0.14,255,33,0.13,0.05,0.02,0.0,1.0,1.0,0.0,1,112328.0
0,tcp,http,SF,194,327,0,0,1,0,0,0,0,5,0.0,0.0,0.0,0.0,1.0,0.0,0.29,112,255,1.0,0.0,0.01,0.02,0.0,0.0,0.0,0,62513.0
0,tcp,private,S0,0,0,0,0,0,0,0,0,0,134,1.0,1.0,0.0,0.0,0.1,0.06,0.0,190,13,0.07,0.06,0.01,0.0,1.0,1.0,0.0,1,30368.0
0,udp,other,SF,146,0,0,0,0,0,0,0,0,1,0.0,0.0,0.0,0.0,1.0,0.0,0.0,255,1,0.0,0.48,0.85,0.0,0.0,0.0,0.0,0,65507.0
0,tcp,private,S0,0,0,0,0,0,0,0,0,0,211,1.0,1.0,0.0,0.0,0.08,0.06,0.0,255,10,0.04,0.09,0.0,0.0,1.0,1.0,0.0,1,114359.0
0,tcp,whois,S0,0,0,0,0,0,0,0,0,0,124,1.0,1.0,0.0,0.0,0.03,0.06,0.0,255,4,0.02,0.06,0.0,0.0,1.0,1.0,0.0,1,60134.0
0,tcp,http,SF,263,1053,0,0,1,0,0,0,0,2,0.0,0.0,0.0,0.0,1.0,0.0,0.0,255,253,0.99,0.01,0.0,0.0,0.0,0.0,0.0,0,96232.0
0,udp,domain_u,SF,46,75,0,0,0,0,0,0,0,92,0.0,0.0,0.0,0.0,1.0,0.0,0.0,255,168,0.66,0.01,0.0,0.0,0.0,0.0,0.0,0,79295.0
0,tcp,auth,SF,9,38,0,0,1,0,0,0,0,1,0.0,0.0,0.0,0.0,1.0,0.0,0.0,30,2,0.03,0.13,0.03,1.0,0.0,0.0,0.0,0,6351.0
0,tcp,http,SF,482,9079,0,0,1,0,0,0,0,2,0.0,0.0,0.0,0.0,1.0,0.0,0.0,2,255,1.0,0.0,0.5,0.01,0.0,0.0,0.0,0,17892.0
0,tcp,private,REJ,0,0,0,0,0,0,0,0,0,125,0.0,0.0,1.0,1.0,0.14,0.07,0.0,150,18,0.12,0.07,0.01,0.0,0.0,0.0,1.0,1,83958.0
0,tcp,http,SF,368,620,0,0,1,0,0,0,0,25,0.0,0.0,0.0,0.0,1.0,0.0,0.0,255,255,1.0,0.0,0.0,0.0,0.0,0.0,0.0,0,43190.0
10,tcp,smtp,SF,11324,1551,0,0,1,0,0,0,0,1,0.0,0.0,0.0,0.0,1.0,0.0,1.0,255,50,0.2,0.06,0.0,0.0,0.65,0.0,0.02,0,17816.0
0,tcp,ftp_data,REJ,0,0,0,0,0,0,0,0,0,220,0.0,0.0,1.0,1.0,0.05,0.07,0.0,255,12,0.05,0.08,0.0,0.0,0.0,0.0,1.0,1,8819.0
0,udp,domain_u,SF,34,34,0,0,0,0,0,0,0,2,0.0,0.0,0.0,0.0,1.0,0.0,0.5,255,252,0.99,0.01,0.0,0.0,0.0,0.0,0.0,0,46826.0
0,tcp,http,SF,260,1215,0,0,1,0,0,0,0,10,0.0,0.0,0.0,0.0,1.0,0.0,0.0,19,255,1.0,0.0,0.05,0.05,0.0,0.0,0.0,0,103887.0
0,icmp,eco_i,SF,8,0,0,0,0,0,0,0,0,1,0.0,0.0,0.0,0.0,1.0,0.0,1.0,2,31,1.0,0.0,1.0,0.52,0.0,0.0,0.0,1,47267.0
0,udp,domain_u,SF,45,78,0,0,0,0,0,0,0,124,0.0,0.0,0.0,0.0,1.0,0.0,0.0,255,245,0.96,0.01,0.01,0.0,0.0,0.0,0.0,0,2132.0
0,udp,domain_u,SF,43,109,0,0,0,0,0,0,0,33,0.0,0.0,0.0,0.0,1.0,0.0,0.02,255,254,1.0,0.01,0.0,0.0,0.0,0.0,0.0,0,63137.0
0,tcp,finger,S0,0,0,0,0,0,0,0,0,0,51,1.0,1.0,0.0,0.0,0.35,0.08,0.0,255,38,0.15,0.06,0.01,0.0,1.0,1.0,0.0,1,18928.0
0,tcp,ftp_data,SF,19,0,0,0,0,0,0,0,0,1,0.0,0.0,0.0,0.0,1.0,0.0,0.0,255,74,0.29,0.03,0.29,0.0,0.0,0.0,0.0,0,10400.0
0,tcp,private,S0,0,0,0,0,0,0,0,0,0,235,1.0,1.0,0.0,0.0,0.07,0.06,0.0,255,17,0.07,0.07,0.0,0.0,1.0,1.0,0.0,1,69420.0
0,tcp,http,SF,274,11889,0,0,1,0,0,0,0,3,0.0,0.0,0.0,0.0,1.0,0.0,0.0,183,183,1.0,0.0,0.01,0.0,0.0,0.0,0.0,0,85773.0
0,tcp,imap4,S0,0,0,0,0,0,0,0,0,0,243,1.0,1.0,0.0,0.0,0.06,0.05,0.0,255,14,0.05,0.05,0.0,0.0,1.0,1.0,0.0,1,123716.0
0,tcp,smtp,SF,2781,331,0,0,1,0,0,0,0,1,0.0,0.0,0.0,0.0,1.0,0.0,0.0,255,142,0.56,0.02,0.0,0.0,0.0,0.0,0.0,0,122151.0
0,tcp,http,SF,210,622,0,0,1,0,0,0,0,1,0.0,0.0,0.0,0.0,1.0,0.0,0.0,255,255,1.0,0.0,0.0,0.0,0.0,0.0,0.0,0,29097.0
0,tcp,telnet,S0,0,0,0,0,0,0,0,0,0,8,1.0,1.0,0.0,0.0,1.0,0.0,0.0,10,10,1.0,0.0,0.1,0.0,0.8,0.8,0.0,1,74104.0
0,tcp,private,S0,0,0,0,0,0,0,0,0,0,152,1.0,1.0,0.0,0.0,0.05,0.07,0.0,255,7,0.03,0.07,0.0,0.0,1.0,1.0,0.0,1,91478.0
0,tcp,http,SF,279,2518,0,0,1,0,0,0,0,7,0.0,0.0,0.0,0.0,1.0,0.0,0.2,24,239,1.0,0.0,0.04,0.03,0.0,0.0,0.0,0,3815.0
0,tcp,http,S0,0,0,0,0,0,0,0,0,0,107,1.0,1.0,0.0,0.0,0.02,0.07,0.0,255,2,0.01,0.06,0.0,0.0,1.0,1.0,0.0,1,91327.0
0,tcp,other,REJ,0,0,0,0,0,0,0,0,0,358,0.09,0.0,0.91,1.0,0.0,1.0,0.0,255,1,0.0,1.0,0.0,0.0,0.09,0.0,1.0,1,92304.0
1211,udp,other,SF,147,105,0,0,0,0,0,0,0,1,0.0,0.0,0.0,0.0,1.0,0.0,0.0,255,1,0.0,0.57,0.89,0.0,0.0,0.0,0.0,0,119051.0
0,tcp,http,REJ,0,0,0,0,0,0,0,0,0,5,0.0,0.0,0.8,0.8,1.0,0.0,0.0,40,245,1.0,0.0,0.03,0.19,0.0,0.0,1.0,0,72603.0
0,tcp,private,S0,0,0,0,0,0,0,0,0,0,297,1.0,1.0,0.0,0.0,0.04,0.05,0.0,255,7,0.03,0.07,0.0,0.0,1.0,1.0,0.0,1,7782.0
0,tcp,http,SF,244,968,0,0,1,0,0,0,0,5,0.0,0.0,0.0,0.0,1.0,0.0,0.0,16,255,1.0,0.0,0.06,0.05,0.0,0.0,0.0,0,50134.0
0,udp,domain_u,SF,46,73,0,0,0,0,0,0,0,70,0.0,0.0,0.0,0.0,1.0,0.0,0.01,255,246,0.96,0.01,0.0,0.0,0.0,0.0,0.0,0,23239.0
0,tcp,courier,S0,0,0,0,0,0,0,0,0,0,142,1.0,1.0,0.0,0.0,0.14,0.06,0.0,255,20,0.08,0.06,0.0,0.0,1.0,1.0,0.0,1,95988.0
2,tcp,private,RSTR,0,0,0,0,0,0,0,0,0,393,0.0,0.0,1.0,1.0,0.01,0.52,0.0,255,2,0.01,0.52,1.0,0.0,0.0,0.0,1.0,1,114111.0
0,tcp,login,S0,0,0,0,0,0,0,0,0,0,144,1.0,1.0,0.0,0.0,0.14,0.06,0.0,255,20,0.08,0.06,0.0,0.0,1.0,1.0,0.0,1,7967.0
0,udp,domain_u,SF,43,43,0,0,0,0,0,0,0,179,0.0,0.0,0.0,0.0,1.0,0.0,0.0,255,255,1.0,0.0,0.0,0.0,0.0,0.0,0.0,0,114737.0
0,tcp,http,SF,54540,8314,0,2,1,1,0,0,0,4,0.0,0.0,0.5,0.67,1.0,0.0,0.5,255,255,1.0,0.0,0.0,0.0,0.01,0.01,0.04,1,49286.0
0,tcp,finger,S0,0,0,0,0,0,0,0,0,0,46,1.0,1.0,0.0,0.0,0.24,0.09,0.0,255,51,0.2,0.03,0.02,0.0,1.0,1.0,0.0,1,78864.0
0,tcp,time,S0,0,0,0,0,0,0,0,0,0,284,1.0,1.0,0.0,0.0,0.08,0.05,0.0,255,22,0.09,0.05,0.0,0.0,1.0,1.0,0.0,1,50305.0
0,tcp,http,SF,203,283,0,0,1,0,0,0,0,5,0.0,0.0,0.0,0.0,1.0,0.0,0.0,114,255,1.0,0.0,0.01,0.02,0.0,0.0,0.0,0,64024.0
0,icmp,ecr_i,SF,1032,0,0,0,0,0,0,0,0,511,0.0,0.0,0.0,0.0,1.0,0.0,0.0,255,193,0.76,0.02,0.76,0.0,0.0,0.0,0.0,1,10112.0
0,tcp,http,SF,331,1862,0,0,1,0,0,0,0,8,0.0,0.0,0.0,0.0,1.0,0.0,0.0,82,255,1.0,0.0,0.01,0.02,0.0,0.0,0.0,0,35891.0
0,tcp,http,SF,246,2005,0,0,1,0,0,0,0,5,0.0,0.0,0.0,0.0,1.0,0.0,0.0,25,255,1.0,0.0,0.04,0.06,0.0,0.0,0.0,0,35139.0
0,tcp,other,REJ,0,0,0,0,0,0,0,0,0,370,0.06,0.0,0.91,1.0,0.0,1.0,0.0,255,1,0.0,1.0,0.0,0.0,0.08,0.0,1.0,1,8058.0
12,tcp,http,SF,51,8127,0,2,1,0,0,0,1,1,0.0,0.0,0.0,0.0,1.0,0.0,0.0,255,246,0.96,0.01,0.0,0.0,0.0,0.0,0.0,1,11551.0
0,udp,domain_u,SF,46,46,0,0,0,0,0,0,0,108,0.0,0.0,0.0,0.0,1.0,0.0,0.01,255,255,1.0,0.0,0.01,0.0,0.0,0.0,0.0,0,10593.0
0,tcp,http,SF,301,2698,0,0,1,0,0,0,1,6,0.0,0.0,0.0,0.0,1.0,0.0,0.0,255,254,1.0,0.01,0.0,0.0,0.0,0.0,0.0,0,15171.0
0,tcp,courier,S0,0,0,0,0,0,0,0,0,0,19,1.0,1.0,0.0,0.0,0.21,0.16,0.0,255,4,0.02,0.07,0.0,0.0,1.0,1.0,0.0,1,41278.0
0,tcp,private,S0,0,0,0,0,0,0,0,0,0,282,1.0,1.0,0.0,0.0,0.08,0.05,0.0,255,22,0.09,0.07,0.0,0.0,1.0,1.0,0.0,1,71251.0
0,icmp,eco_i,SF,8,0,0,0,0,0,0,0,0,1,0.0,0.0,0.0,0.0,1.0,0.0,1.0,1,33,1.0,0.0,1.0,0.52,0.0,0.0,0.0,1,113732.0
0,tcp,private,S0,0,0,0,0,0,0,0,0,0,234,1.0,1.0,0.0,0.0,0.03,0.06,0.0,255,6,0.02,0.07,0.0,0.0,1.0,1.0,0.0,1,834.0
0,tcp,ftp_data,S0,0,0,0,0,0,0,0,0,0,144,1.0,1.0,0.0,0.0,0.06,0.06,0.0,255,8,0.03,0.07,0.0,0.0,1.0,1.0,0.0,1,83578.0
0,tcp,http,SF,229,980,0,0,1,0,0,0,0,10,0.0,0.0,0.0,0.0,1.0,0.0,0.0,21,255,1.0,0.0,0.05,0.04,0.0,0.0,0.0,0,41301.0
0,tcp,http,REJ,0,0,0,0,0,0,0,0,0,1,0.0,0.0,1.0,1.0,1.0,0.0,0.0,82,255,1.0,0.0,0.01,0.15,0.0,0.0,1.0,0,12451.0
0,tcp,http,SF,324,3106,0,0,1,0,0,0,0,2,0.0,0.0,0.0,0.0,1.0,0.0,0.0,154,255,1.0,0.0,0.01,0.04,0.0,0.0,0.0,0,47743.0
0,udp,domain_u,SF,45,131,0,0,0,0,0,0,0,80,0.0,0.0,0.0,0.0,1.0,0.0,0.01,255,243,0.95,0.01,0.0,0.0,0.0,0.0,0.0,0,125386.0
0,tcp,private,S0,0,0,0,0,0,0,0,0,0,135,1.0,1.0,0.0,0.0,0.02,0.06,0.0,255,4,0.02,0.08,0.0,0.0,1.0,1.0,0.0,1,67499.0
0,tcp,http,SF,216,1320,0,0,1,0,0,0,0,8,0.0,0.0,0.0,0.0,1.0,0.0,0.0,24,255,1.0,0.0,0.04,0.02,0.0,0.0,0.0,0,106263.0
0,tcp,private,S0,0,0,0,0,0,0,0,0,0,222,1.0,1.0,0.0,0.0,0.05,0.07,0.0,255,10,0.04,0.09,0.0,0.0,1.0,1.0,0.0,1,47043.0
0,tcp,http,SF,319,930,0,0,1,0,0,0,0,2,0.0,0.0,0.0,0.0,1.0,0.0,0.0,226,255,1.0,0.0,0.0,0.02,0.0,0.0,0.0,0,79717.0
2629,udp,other,SF,145,105,0,0,0,0,0,0,0,1,0.0,0.0,0.0,0.0,1.0,0.0,0.0,255,1,0.0,0.84,1.0,0.0,0.0,0.0,0.0,0,3443.0
0,tcp,http,SF,238,373,0,0,1,0,0,0,0,2,0.0,0.0,0.0,0.0,1.0,0.0,0.08,69,255,1.0,0.0,0.01,0.05,0.0,0.0,0.0,0,120367.0
0,tcp,private,REJ,0,0,0,0,0,0,0,0,0,127,0.0,0.0,1.0,1.0,0.07,0.06,0.0,255,9,0.04,0.05,0.0,0.0,0.0,0.0,1.0,1,76752.0
0,tcp,uucp,RSTO,0,0,0,0,0,0,0,0,0,125,0.0,0.0,1.0,1.0,0.16,0.07,0.0,255,20,0.08,0.06,0.0,0.0,0.0,0.0,1.0,1,50722.0
0,tcp,login,S0,0,0,0,0,0,0,0,0,0,124,1.0,1.0,0.0,0.0,0.01,0.07,0.0,255,1,0.0,0.06,0.0,0.0,1.0,1.0,0.0,1,99868.0
0,tcp,private,REJ,0,0,0,0,0,0,0,0,0,290,0.11,0.0,0.89,1.0,0.0,1.0,0.0,255,1,0.0,1.0,0.0,0.0,0.1,0.0,1.0,1,59984.0
0,tcp,login,RSTO,0,0,0,0,0,0,0,0,0,123,0.0,0.0,1.0,1.0,0.02,0.07,0.0,255,3,0.01,0.07,0.0,0.0,0.0,0.0,1.0,1,95993.0
0,tcp,http,SF,235,1211,0,0,1,0,0,0,0,3,0.0,0.0,0.0,0.0,1.0,0.0,0.0,255,255,1.0,0.0,0.0,0.0,0.0,0.0,0.0,0,54406.0
0,tcp,http,S0,0,0,0,0,0,0,0,0,0,46,1.0,1.0,0.0,0.0,0.33,0.07,0.0,255,64,0.25,0.02,0.0,0.0,1.0,1.0,0.0,1,98112.0
706,tcp,telnet,SF,590,19589,0,0,1,5,0,0,0,1,0.0,0.0,0.0,0.0,1.0,0.0,0.0,166,17,0.1,0.04,0.01,0.0,0.01,0.06,0.0,0,86235.0
0,tcp,ftp_data,S0,0,0,0,0,0,0,0,0,0,14,1.0,1.0,0.0,0.0,0.43,0.14,0.0,255,56,0.22,0.02,0.01,0.0,1.0,1.0,0.0,1,68123.0
0,icmp,eco_i,SF,8,0,0,0,0,0,0,0,0,1,0.0,0.0,0.0,0.0,1.0,0.0,1.0,1,49,1.0,0.0,1.0,0.51,0.0,0.0,0.0,1,80597.0
0,tcp,ftp_data,SF,383,0,0,0,0,0,0,0,0,1,0.0,0.0,0.0,0.0,1.0,0.0,0.0,79,39,0.35,0.08,0.35,0.05,0.0,0.0,0.0,0,6898.0
0,udp,private,SF,105,145,0,0,0,0,0,0,0,1,0.0,0.0,0.0,0.0,1.0,0.0,0.0,11,3,0.27,0.27,0.09,0.0,0.0,0.0,0.0,0,102221.0
0,tcp,ssh,S0,0,0,0,0,0,0,0,0,0,93,1.0,1.0,0.0,0.0,0.15,0.06,0.0,255,13,0.05,0.08,0.0,0.0,1.0,1.0,0.0,1,53778.0
0,tcp,private,S0,0,0,0,0,0,0,0,0,0,126,1.0,1.0,0.0,0.0,0.03,0.06,0.0,255,8,0.03,0.07,0.0,0.0,1.0,1.0,0.0,1,54137.0
3,tcp,pop_3,SF,35,130,0,0,1,0,0,0,0,1,0.0,0.0,0.0,0.0,1.0,0.0,0.0,103,5,0.04,0.07,0.01,0.4,0.0,0.0,0.0,0,109739.0
2,tcp,pop_3,SF,35,130,0,0,1,0,0,0,0,1,0.0,0.0,0.0,0.0,1.0,0.0,0.0,131,4,0.02,0.05,0.01,0.5,0.0,0.0,0.0,0,71138.0
12,tcp,smtp,SF,966,322,0,0,1,0,0,0,0,1,0.0,0.0,0.0,0.0,1.0,0.0,0.0,255,146,0.57,0.02,0.0,0.0,0.0,0.0,0.0,0,109784.0
0,tcp,http,SF,179,1654,0,0,1,0,0,0,0,3,0.0,0.0,0.0,0.0,1.0,0.0,0.0,3,255,1.0,0.0,0.33,0.06,0.0,0.0,0.01,0,103815.0
0,tcp,private,S0,0,0,0,0,0,0,0,0,0,215,1.0,1.0,0.0,0.0,0.06,0.06,0.0,255,13,0.05,0.09,0.0,0.0,1.0,1.0,0.0,1,63764.0
0,tcp,http,SF,219,714,0,0,1,0,0,0,0,5,0.0,0.0,0.0,0.0,1.0,0.0,0.0,23,255,1.0,0.0,0.04,0.05,0.0,0.0,0.0,0,67070.0
1,tcp,smtp,SF,1053,324,0,0,1,0,0,0,0,1,0.0,0.0,0.0,0.0,1.0,0.0,1.0,36,240,0.83,0.06,0.03,0.01,0.0,0.0,0.0,0,49633.0
0,icmp,eco_i,SF,30,0,0,0,0,0,0,0,0,1,0.0,0.0,0.0,0.0,1.0,0.0,0.0,237,237,1.0,0.0,1.0,0.0,0.0,0.0,0.0,0,121224.0
0,tcp,http,SF,362,4165,0,0,1,0,0,0,0,19,0.0,0.0,0.0,0.0,1.0,0.0,0.0,25,255,1.0,0.0,0.04,0.05,0.0,0.0,0.0,0,125420.0
0,tcp,http,SF,208,22996,0,0,1,0,0,0,0,19,0.0,0.0,0.0,0.0,1.0,0.0,0.07,255,255,1.0,0.0,0.0,0.0,0.0,0.0,0.0,0,50726.0
0,tcp,supdup,S0,0,0,0,0,0,0,0,0,0,148,1.0,1.0,0.0,0.0,0.17,0.05,0.0,255,25,0.1,0.05,0.0,0.0,1.0,1.0,0.0,1,5013.0
0,tcp,http,SF,54540,8314,0,2,1,1,0,0,0,4,0.0,0.0,0.0,0.0,1.0,0.0,0.0,168,168,1.0,0.0,0.01,0.0,0.0,0.0,0.05,1,78637.0
0,tcp,http,SF,291,303,0,0,1,0,0,0,0,2,0.0,0.0,0.0,0.0,1.0,0.0,0.0,104,255,1.0,0.0,0.01,0.03,0.0,0.0,0.0,0,28319.0
0,tcp,http,SF,290,25558,0,0,1,0,0,0,0,2,0.0,0.0,0.0,0.0,1.0,0.0,0.19,155,255,1.0,0.0,0.01,0.01,0.01,0.0,0.0,0,114550.0
0,tcp,courier,S0,0,0,0,0,0,0,0,0,0,141,1.0,1.0,0.0,0.0,0.11,0.06,0.0,255,13,0.05,0.07,0.0,0.0,1.0,1.0,0.0,1,30364.0
0,tcp,http,SF,213,1598,0,0,1,0,0,0,0,14,0.07,0.07,0.0,0.0,1.0,0.0,0.0,122,255,1.0,0.0,0.01,0.02,0.01,0.01,0.0,0,93977.0
0,tcp,private,S0,0,0,0,0,0,0,0,0,0,83,1.0,1.0,0.0,0.0,0.19,0.07,0.0,255,4,0.02,0.06,0.0,0.0,1.0,1.0,0.0,1,26480.0
0,udp,domain_u,SF,46,132,0,0,0,0,0,0,0,80,0.0,0.0,0.0,0.0,1.0,0.0,0.01,255,250,0.98,0.01,0.0,0.0,0.0,0.0,0.0,0,32569.0
0,tcp,http,SF,165,426,0,0,1,0,0,0,0,1,0.0,0.0,0.0,0.0,1.0,0.0,0.0,1,255,1.0,0.0,1.0,0.03,0.0,0.0,0.0,0,37770.0
0,tcp,http,SF,144,584,0,0,1,0,0,0,0,1,0.0,0.0,0.0,0.0,1.0,0.0,0.0,5,255,1.0,0.0,0.2,0.04,0.0,0.0,0.0,0,120075.0
0,tcp,http,SF,2499,2737,0,0,1,0,0,0,0,13,0.0,0.0,0.0,0.0,1.0,0.0,0.0,36,255,1.0,0.0,0.03,0.05,0.0,0.0,0.0,0,25165.0
0,tcp,private,REJ,0,0,0,0,0,0,0,0,0,238,0.0,0.0,1.0,1.0,0.01,0.07,0.0,255,3,0.01,0.06,0.0,0.0,0.0,0.0,1.0,1,22270.0
944,udp,other,SF,146,105,0,0,0,0,0,0,0,1,0.0,0.0,0.0,0.0,1.0,0.0,0.0,255,1,0.0,0.65,0.98,0.0,0.0,0.0,0.0,0,44628.0
0,tcp,ftp_data,S0,0,0,0,0,0,0,0,0,0,241,1.0,1.0,0.0,0.0,0.01,0.07,0.0,255,3,0.01,0.07,0.0,0.0,1.0,1.0,0.0,1,17739.0
0,udp,domain_u,SF,43,134,0,0,0,0,0,0,0,103,0.0,0.0,0.0,0.0,1.0,0.0,0.01,255,255,1.0,0.0,0.0,0.0,0.0,0.0,0.0,0,38860.0
0,tcp,telnet,RSTO,0,0,0,0,0,0,0,0,0,2,0.0,0.0,1.0,1.0,0.5,1.0,0.0,255,1,0.0,1.0,1.0,0.0,0.0,0.0,1.0,1,57321.0
0,udp,domain_u,SF,42,129,0,0,0,0,0,0,0,78,0.0,0.0,0.0,0.0,1.0,0.0,0.01,255,253,0.99,0.01,0.0,0.0,0.0,0.0,0.0,0,9331.0
0,tcp,whois,S0,0,0,0,0,0,0,0,0,0,215,1.0,1.0,0.0,0.0,0.08,0.06,0.0,255,18,0.07,0.09,0.0,0.0,1.0,1.0,0.0,1,104306.0
0,udp,domain_u,SF,43,43,0,0,0,0,0,0,0,169,0.0,0.0,0.0,0.0,1.0,0.0,0.0,255,254,1.0,0.01,0.0,0.0,0.0,0.0,0.0,0,103962.0
0,tcp,http,SF,299,1461,0,0,1,0,0,0,0,10,0.0,0.0,0.0,0.0,1.0,0.0,0.0,58,255,1.0,0.0,0.02,0.02,0.0,0.0,0.0,0,98156.0
0,tcp,http,SF,216,1077,0,0,1,0,0,0,0,4,0.0,0.0,0.0,0.0,1.0,0.0,0.0,4,255,1.0,0.0,0.25,0.06,0.0,0.0,0.0,0,14024.0
3,tcp,private,REJ,0,0,0,0,0,0,0,0,0,245,0.04,0.0,0.94,1.0,0.0,1.0,0.0,255,1,0.0,0.97,0.0,0.0,0.04,0.0,1.0,1,72723.0
0,tcp,telnet,S0,0,0,0,0,0,0,0,0,0,22,0.95,1.0,0.05,0.0,0.05,0.14,0.0,255,3,0.01,0.06,0.01,0.0,1.0,1.0,0.0,1,90511.0
0,tcp,ftp_data,S0,0,0,0,0,0,0,0,0,0,39,1.0,1.0,0.0,0.0,0.23,0.1,0.0,255,49,0.19,0.03,0.01,0.0,1.0,1.0,0.0,1,60830.0
0,tcp,ftp,SF,1242,2451,0,28,1,0,0,0,0,1,0.0,0.0,0.0,0.0,1.0,0.0,0.0,181,9,0.05,0.03,0.01,0.0,0.01,0.0,0.0,1,105656.0
0,udp,private,SF,28,0,3,0,0,0,0,0,0,30,0.0,0.0,0.03,0.0,0.97,0.07,0.0,255,29,0.11,0.02,0.11,0.0,0.0,0.0,0.0,1,28118.0
0,udp,domain_u,SF,45,102,0,0,0,0,0,0,0,194,0.0,0.0,0.0,0.0,0.99,0.01,0.01,255,254,1.0,0.01,0.0,0.0,0.0,0.0,0.0,0,100149.0
0,udp,domain_u,SF,46,71,0,0,0,0,0,0,0,216,0.0,0.0,0.0,0.0,1.0,0.0,0.0,255,250,0.98,0.01,0.01,0.0,0.0,0.0,0.0,0,53960.0
0,tcp,http,SF,228,1728,0,0,1,0,0,0,0,1,0.0,0.0,0.0,0.0,1.0,0.0,0.24,255,255,1.0,0.0,0.0,0.0,0.0,0.0,0.0,0,1993.0
0,udp,private,SF,1,0,0,0,0,0,0,0,0,8,0.0,0.0,0.0,0.0,1.0,0.0,0.0,76,8,0.11,0.07,0.14,0.0,0.0,0.0,0.0,1,51319.0
0,tcp,http,SF,195,2150,0,0,1,0,0,0,0,3,0.0,0.0,0.0,0.0,1.0,0.0,0.0,3,255,1.0,0.0,0.33,0.01,0.0,0.0,0.0,0,6358.0
0,tcp,efs,S0,0,0,0,0,0,0,0,0,0,143,1.0,1.0,0.0,0.0,0.07,0.06,0.0,255,10,0.04,0.06,0.0,0.0,1.0,1.0,0.0,1,109105.0
0,tcp,http,REJ,0,0,0,0,0,0,0,0,0,1,0.0,0.0,1.0,1.0,1.0,0.0,0.0,68,68,1.0,0.0,0.01,0.0,0.0,0.0,1.0,0,22954.0
0,tcp,private,S0,0,0,0,0,0,0,0,0,0,30,1.0,1.0,0.0,0.0,0.13,0.17,0.0,255,8,0.03,0.08,0.0,0.0,1.0,1.0,0.0,1,5005.0
0,tcp,private,S0,0,0,0,0,0,0,0,0,0,264,1.0,1.0,0.0,0.0,0.05,0.06,0.0,255,14,0.05,0.05,0.0,0.0,1.0,1.0,0.0,1,112099.0
0,udp,domain_u,SF,43,107,0,0,0,0,0,0,0,1,0.0,0.0,0.0,0.0,1.0,0.0,0.75,255,248,0.97,0.01,0.0,0.0,0.0,0.0,0.0,0,20685.0
0,icmp,ecr_i,SF,1032,0,0,0,0,0,0,0,0,511,0.0,0.0,0.0,0.0,1.0,0.0,0.0,255,30,0.12,0.18,0.12,0.0,0.0,0.0,0.0,1,93186.0
0,tcp,private,REJ,0,0,0,0,0,0,0,0,0,442,0.05,0.0,0.93,1.0,0.0,1.0,0.0,255,1,0.0,1.0,0.0,0.0,0.08,0.0,1.0,1,90738.0
0,tcp,smtp,SF,1766,326,0,0,1,0,0,0,0,1,0.0,0.0,0.0,0.0,1.0,0.0,0.0,39,108,0.23,0.05,0.03,0.03,0.0,0.0,0.0,0,47137.0
0,tcp,klogin,S0,0,0,0,0,0,0,0,0,0,143,1.0,1.0,0.0,0.0,0.07,0.06,0.0,255,8,0.03,0.06,0.0,0.0,1.0,1.0,0.0,1,3105.0
0,tcp,http,SF,213,1773,0,0,1,0,0,0,0,30,0.0,0.0,0.0,0.0,1.0,0.0,0.0,255,255,1.0,0.0,0.0,0.0,0.0,0.0,0.0,0,109702.0
0,tcp,telnet,S0,0,0,0,0,0,0,0,0,0,30,0.97,1.0,0.03,0.0,0.3,0.1,0.0,255,19,0.07,0.05,0.01,0.0,1.0,1.0,0.0,1,65977.0
0,tcp,http,SF,379,3819,0,0,1,0,0,0,0,10,0.0,0.0,0.0,0.0,1.0,0.0,0.0,255,255,1.0,0.0,0.0,0.0,0.0,0.0,0.0,0,56857.0
0,tcp,http,SF,333,753,0,0,1,0,0,0,0,10,0.0,0.0,0.0,0.0,1.0,0.0,0.0,207,255,1.0,0.0,0.0,0.01,0.0,0.0,0.0,0,100952.0
0,tcp,private,S0,0,0,0,0,0,0,0,0,0,267,1.0,1.0,0.0,0.0,0.04,0.06,0.0,255,9,0.04,0.07,0.0,0.0,1.0,1.0,0.0,1,80401.0
0,udp,domain_u,SF,33,0,0,0,0,0,0,0,0,1,0.0,0.0,0.0,0.0,1.0,0.0,1.0,203,25,0.12,0.03,0.12,0.0,0.0,0.0,0.0,0,107066.0
0,udp,domain_u,SF,44,79,0,0,0,0,0,0,0,110,0.0,0.0,0.0,0.0,1.0,0.0,0.0,255,255,1.0,0.0,0.01,0.0,0.0,0.0,0.0,0,113077.0
0,tcp,http,SF,206,981,0,0,1,0,0,0,0,13,0.0,0.0,0.0,0.0,1.0,0.0,0.14,14,255,1.0,0.0,0.07,0.04,0.0,0.0,0.0,0,48831.0
0,tcp,courier,REJ,0,0,0,0,0,0,0,0,0,102,0.0,0.0,1.0,1.0,0.01,0.08,0.0,255,1,0.0,0.06,0.0,0.0,0.0,0.0,1.0,1,112793.0
0,tcp,echo,S0,0,0,0,0,0,0,0,0,0,297,1.0,1.0,0.0,0.0,0.08,0.05,0.0,255,25,0.1,0.05,0.0,0.0,1.0,1.0,0.0,1,117217.0
10104,tcp,telnet,SF,4143,31782,0,0,1,0,0,0,0,1,0.0,0.0,0.0,0.0,1.0,0.0,0.0,1,1,1.0,0.0,1.0,0.0,0.0,0.0,0.0,0,81910.0
0,tcp,http,SF,228,609,0,0,1,0,0,0,0,2,0.0,0.0,0.0,0.0,1.0,0.0,0.31,31,255,1.0,0.0,0.03,0.01,0.0,0.0,0.0,0,14145.0
0,tcp,http,SF,266,261,0,0,1,0,0,0,0,11,0.0,0.0,0.0,0.0,1.0,0.0,0.0,255,255,1.0,0.0,0.0,0.0,0.0,0.0,0.0,0,101999.0
0,tcp,http,SF,212,847,0,0,1,0,0,0,0,18,0.0,0.0,0.0,0.0,1.0,0.0,0.0,44,255,1.0,0.0,0.02,0.03,0.02,0.01,0.0,0,57814.0
0,tcp,ftp_data,SF,9178,0,0,0,0,0,0,0,0,19,0.0,0.0,0.0,0.0,1.0,0.0,0.0,247,123,0.5,0.02,0.5,0.0,0.0,0.0,0.0,0,107391.0
0,tcp,discard,S0,0,0,0,0,0,0,0,0,0,217,1.0,1.0,0.0,0.0,0.09,0.06,0.0,255,20,0.08,0.07,0.0,0.0,1.0,1.0,0.0,1,51736.0
0,tcp,private,S0,0,0,0,0,0,0,0,0,0,133,1.0,1.0,0.0,0.0,0.11,0.05,0.0,255,5,0.02,0.07,0.0,0.0,1.0,1.0,0.0,1,88698.0
154,tcp,ftp,RSTO,900,2836,0,15,1,0,0,0,0,1,0.0,0.0,1.0,1.0,1.0,0.0,0.0,1,1,1.0,0.0,1.0,0.0,0.0,0.0,1.0,0,95310.0
0,udp,domain_u,SF,45,76,0,0,0,0,0,0,0,131,0.0,0.0,0.0,0.0,1.0,0.0,0.0,255,254,1.0,0.01,0.0,0.0,0.0,0.0,0.0,0,35819.0
0,tcp,http,SF,206,1031,0,0,1,0,0,0,0,11,0.0,0.0,0.0,0.0,1.0,0.0,0.0,11,255,1.0,0.0,0.09,0.04,0.0,0.0,0.0,0,75239.0
0,tcp,smtp,SF,1373,387,0,0,1,0,0,0,0,1,0.0,0.0,0.0,0.0,1.0,0.0,0.0,16,148,0.44,0.19,0.06,0.01,0.0,0.0,0.0,0,67393.0
0,tcp,http,SF,303,2011,0,0,1,0,0,0,0,3,0.0,0.0,0.0,0.0,1.0,0.0,0.0,255,255,1.0,0.0,0.0,0.0,0.0,0.0,0.0,0,113168.0
0,tcp,netstat,REJ,0,0,0,0,0,0,0,0,0,213,0.0,0.0,1.0,1.0,0.03,0.07,0.0,255,7,0.03,0.08,0.0,0.0,0.0,0.0,1.0,1,46809.0
0,tcp,http,SF,361,632,0,0,1,0,0,0,0,1,0.0,0.0,0.0,0.0,1.0,0.0,0.13,2,255,1.0,0.0,0.5,0.04,0.0,0.0,0.0,0,81626.0
0,tcp,http,SF,287,2251,0,0,1,0,0,0,0,3,0.0,0.0,0.0,0.0,1.0,0.0,0.43,8,219,1.0,0.0,0.12,0.03,0.0,0.0,0.0,0,12.0
0,tcp,ftp_data,SF,8173,0,0,0,1,0,0,0,0,10,0.0,0.0,0.0,0.0,1.0,0.0,0.0,82,85,0.32,0.04,0.32,0.04,0.0,0.0,0.0,0,28698.0
0,tcp,ftp_data,SF,334,0,0,0,1,0,0,0,0,2,0.0,0.0,0.0,0.0,1.0,0.0,0.0,5,5,1.0,0.0,1.0,0.0,0.0,0.0,0.0,1,110755.0
0,tcp,private,S0,0,0,0,0,0,0,0,0,0,124,1.0,1.0,0.0,0.0,0.02,0.06,0.0,255,15,0.06,0.07,0.0,0.0,1.0,1.0,0.0,1,75022.0
0,tcp,sql_net,S0,0,0,0,0,0,0,0,0,0,119,1.0,1.0,0.0,0.0,0.16,0.05,0.0,255,19,0.07,0.05,0.0,0.0,1.0,1.0,0.0,1,60637.0
0,icmp,ecr_i,SF,520,0,0,0,0,0,0,0,0,228,0.0,0.0,0.0,0.0,1.0,0.0,0.0,255,255,1.0,0.0,1.0,0.0,0.0,0.0,0.0,1,108463.0
0,tcp,exec,S0,0,0,0,0,0,0,0,0,0,115,1.0,1.0,0.0,0.0,0.03,0.06,0.0,255,16,0.06,0.06,0.0,0.0,1.0,1.0,0.0,1,31648.0
0,tcp,http,SF,298,2445,0,0,1,0,0,0,0,15,0.0,0.0,0.0,0.0,1.0,0.0,0.0,255,255,1.0,0.0,0.0,0.0,0.0,0.0,0.0,0,35098.0
0,tcp,http,SF,201,543,0,0,1,0,0,0,0,16,0.0,0.0,0.0,0.0,1.0,0.0,0.12,174,255,1.0,0.0,0.01,0.02,0.0,0.0,0.0,0,24400.0
0,tcp,private,S0,0,0,0,0,0,0,0,0,0,255,1.0,1.0,0.0,0.0,0.06,0.06,0.0,255,2,0.01,0.07,0.0,0.0,1.0,1.0,0.0,1,122276.0
0,udp,private,SF,1,26,0,0,0,0,0,0,0,19,0.0,0.0,0.0,0.0,0.05,0.21,0.0,255,1,0.0,0.88,0.13,0.0,0.16,0.0,0.0,1,111920.0
0,tcp,http,SF,324,267,0,0,1,0,0,0,0,5,0.0,0.0,0.0,0.0,1.0,0.0,0.0,5,255,1.0,0.0,0.2,0.01,0.0,0.0,0.0,0,56730.0
0,tcp,private,S0,0,0,0,0,0,0,0,0,0,123,1.0,1.0,0.0,0.0,0.1,0.06,0.0,255,5,0.02,0.08,0.0,0.0,1.0,1.0,0.0,1,125401.0
0,tcp,http,SF,222,2985,0,0,1,0,0,0,0,5,0.0,0.0,0.0,0.0,1.0,0.0,0.22,61,255,1.0,0.0,0.02,0.01,0.0,0.0,0.0,0,6665.0
0,tcp,http,SF,222,38117,0,0,1,0,0,0,0,12,0.0,0.0,0.0,0.0,1.0,0.0,0.15,12,255,1.0,0.0,0.08,0.04,0.0,0.0,0.0,0,112529.0
0,tcp,http,REJ,0,0,0,0,0,0,0,0,0,1,0.0,0.0,1.0,1.0,1.0,0.0,1.0,3,28,1.0,0.0,0.33,0.29,0.0,0.0,1.0,0,58519.0
0,tcp,http,REJ,0,0,0,0,0,0,0,0,0,1,0.0,0.0,1.0,1.0,1.0,0.0,1.0,18,186,1.0,0.0,0.06,0.22,0.0,0.0,1.0,0,84557.0
0,tcp,http,SF,261,339,0,0,1,0,0,0,0,7,0.0,0.0,0.0,0.0,1.0,0.0,0.2,33,255,1.0,0.0,0.03,0.02,0.0,0.0,0.0,0,62801.0
0,icmp,eco_i,SF,8,0,0,0,0,0,0,0,0,1,0.0,0.0,0.0,0.0,1.0,0.0,1.0,2,120,1.0,0.0,1.0,0.5,0.0,0.0,0.0,1,54342.0
0,tcp,http,REJ,0,0,0,0,0,0,0,0,0,1,0.0,0.0,1.0,1.0,1.0,0.0,0.0,7,33,1.0,0.0,0.14,0.39,0.0,0.0,1.0,0,79315.0
0,tcp,courier,S0,0,0,0,0,0,0,0,0,0,128,1.0,1.0,0.0,0.0,0.15,0.05,0.0,255,19,0.07,0.05,0.0,0.0,1.0,1.0,0.0,1,121985.0
0,tcp,private,S0,0,0,0,0,0,0,0,0,0,140,0.99,1.0,0.0,0.0,0.07,0.06,0.0,255,18,0.07,0.06,0.0,0.0,1.0,1.0,0.0,1,74223.0
0,tcp,ftp,S0,0,0,0,0,0,0,0,0,0,247,1.0,1.0,0.0,0.0,0.04,0.06,0.0,255,11,0.04,0.06,0.0,0.0,1.0,1.0,0.0,1,116029.0
0,tcp,http,SF,316,1382,0,0,1,0,0,0,0,16,0.0,0.0,0.0,0.0,1.0,0.0,0.0,29,255,1.0,0.0,0.03,0.03,0.0,0.0,0.0,0,6420.0
0,tcp,http,SF,236,673,0,0,1,0,0,0,0,8,0.0,0.0,0.0,0.0,1.0,0.0,0.0,8,32,1.0,0.0,0.12,0.06,0.0,0.0,0.0,0,93464.0
0,tcp,private,S0,0,0,0,0,0,0,0,0,0,226,1.0,1.0,0.0,0.0,0.05,0.07,0.0,255,11,0.04,0.09,0.0,0.0,1.0,1.0,0.0,1,10841.0
0,tcp,http,SF,245,1761,0,0,1,0,0,0,0,3,0.0,0.0,0.0,0.0,1.0,0.0,0.5,42,255,1.0,0.0,0.02,0.02,0.0,0.0,0.0,0,22008.0
0,udp,domain_u,SF,44,44,0,0,0,0,0,0,0,81,0.0,0.0,0.0,0.0,0.99,0.02,0.01,255,254,1.0,0.01,0.01,0.0,0.0,0.0,0.0,0,29409.0
0,tcp,http,SF,313,1919,0,0,1,0,0,0,0,6,0.0,0.0,0.0,0.0,1.0,0.0,0.12,255,255,1.0,0.0,0.0,0.0,0.0,0.0,0.0,0,7196.0
0,tcp,systat,S0,0,0,0,0,0,0,0,0,0,285,1.0,1.0,0.0,0.0,0.08,0.05,0.0,255,24,0.09,0.05,0.0,0.0,1.0,1.0,0.0,1,22761.0
1842,udp,other,SF,146,105,0,0,0,0,0,0,0,1,0.0,0.0,0.0,0.0,1.0,0.0,0.0,169,3,0.02,0.5,0.84,0.0,0.0,0.0,0.0,0,52022.0
1,tcp,private,RSTOS0,0,0,0,0,0,0,0,0,0,127,0.73,0.67,0.27,0.33,0.02,0.36,0.0,255,3,0.01,0.18,0.5,0.0,0.36,0.67,0.33,1,41178.0
0,icmp,eco_i,SF,8,0,0,0,0,0,0,0,0,1,0.0,0.0,0.0,0.0,1.0,0.0,1.0,4,228,1.0,0.0,1.0,0.25,0.0,0.0,0.0,1,44981.0
0,tcp,http,SF,233,544,0,0,1,0,0,0,0,1,0.0,0.0,0.0,0.0,1.0,0.0,0.0,1,255,1.0,0.0,1.0,0.01,0.0,0.0,0.0,0,101399.0
0,tcp,http,SF,227,402,0,0,1,0,0,0,0,12,0.0,0.0,0.0,0.0,1.0,0.0,0.0,26,197,1.0,0.0,0.04,0.05,0.0,0.0,0.0,0,55256.0
0,tcp,http,SF,206,496,0,0,1,0,0,0,0,2,0.0,0.0,0.0,0.0,1.0,0.0,0.0,75,255,1.0,0.0,0.01,0.04,0.0,0.0,0.0,0,98186.0
0,tcp,ftp_data,SF,8325,0,0,0,0,0,0,0,0,17,0.0,0.0,0.0,0.0,1.0,0.0,0.0,87,46,0.53,0.03,0.53,0.0,0.0,0.0,0.0,0,1503.0
0,tcp,http,SF,203,5034,0,0,1,0,0,0,0,7,0.0,0.0,0.0,0.0,1.0,0.0,0.15,255,255,1.0,0.0,0.0,0.0,0.0,0.0,0.0,0,53606.0
0,tcp,http,S1,298,14600,0,0,1,0,0,0,0,1,1.0,1.0,0.0,0.0,1.0,0.0,0.0,120,255,1.0,0.0,0.01,0.02,0.01,0.0,0.04,0,27009.0
0,tcp,ftp_data,S0,0,0,0,0,0,0,0,0,0,277,1.0,1.0,0.0,0.0,0.07,0.06,0.0,255,20,0.08,0.08,0.0,0.0,1.0,1.0,0.0,1,103859.0
0,udp,domain_u,SF,45,132,0,0,0,0,0,0,0,252,0.0,0.0,0.0,0.0,1.0,0.0,0.0,255,251,0.98,0.01,0.0,0.0,0.0,0.0,0.0,0,49047.0
0,tcp,http,SF,313,3222,0,0,1,0,0,0,0,2,0.0,0.0,0.0,0.0,1.0,0.0,0.0,5,2,0.4,0.4,0.2,0.0,0.0,0.0,0.0,0,33961.0
0,tcp,Z39_50,S0,0,0,0,0,0,0,0,0,0,201,1.0,1.0,0.0,0.0,0.0,0.06,0.0,255,1,0.0,0.07,0.0,0.0,1.0,1.0,0.0,1,99505.0
0,tcp,imap4,S0,0,0,0,0,0,0,0,0,0,283,1.0,1.0,0.0,0.0,0.04,0.06,0.0,255,2,0.01,0.07,0.0,0.0,1.0,1.0,0.0,1,4495.0
10,tcp,http,SF,182,34030,0,2,1,0,0,0,0,1,0.0,0.0,0.0,0.0,1.0,0.0,0.0,255,255,1.0,0.0,0.0,0.0,0.0,0.0,0.0,0,113637.0
0,tcp,http,SF,315,6428,0,0,1,0,0,0,0,2,0.0,0.0,0.0,0.0,1.0,0.0,0.0,5,255,1.0,0.0,0.2,0.03,0.0,0.0,0.0,0,14599.0
0,tcp,time,S0,0,0,0,0,0,0,0,0,0,104,1.0,1.0,0.0,0.0,0.23,0.06,0.0,255,12,0.05,0.07,0.0,0.0,1.0,1.0,0.0,1,107051.0
0,tcp,http,SF,308,3567,0,0,1,0,0,0,0,5,0.0,0.0,0.0,0.0,1.0,0.0,0.0,255,255,1.0,0.0,0.0,0.0,0.0,0.0,0.0,0,50236.0
0,udp,domain_u,SF,97,0,0,0,0,0,0,0,0,1,0.0,0.0,0.0,0.0,1.0,0.0,1.0,4,4,1.0,0.0,1.0,0.0,0.0,0.0,0.0,0,42803.0
0,tcp,smtp,S0,0,0,0,0,0,0,0,0,0,2,0.5,0.33,0.0,0.0,1.0,0.0,0.67,91,66,0.65,0.07,0.02,0.03,0.01,0.02,0.0,0,26849.0
0,tcp,http,SF,330,11882,0,0,1,0,0,0,0,11,0.0,0.0,0.0,0.0,1.0,0.0,0.0,11,47,1.0,0.0,0.09,0.19,0.0,0.0,0.0,0,117430.0
0,tcp,http,SF,203,15171,0,0,1,0,0,0,0,10,0.0,0.0,0.0,0.0,1.0,0.0,0.0,123,255,1.0,0.0,0.01,0.03,0.0,0.0,0.0,0,68496.0
0,tcp,http,SF,260,419,0,0,1,0,0,0,0,1,0.0,0.0,0.0,0.0,1.0,0.0,0.33,4,4,1.0,0.0,0.25,0.0,0.0,0.0,0.0,0,6792.0
0,tcp,http,SF,224,955,0,0,1,0,0,0,0,21,0.0,0.0,0.0,0.0,1.0,0.0,0.1,123,255,1.0,0.0,0.01,0.04,0.0,0.0,0.0,0,85390.0
0,tcp,private,REJ,0,0,0,0,0,0,0,0,0,211,0.01,0.0,0.96,1.0,0.0,1.0,0.0,255,1,0.0,0.85,0.0,0.0,0.01,0.0,1.0,1,91029.0
31,tcp,telnet,SF,2402,3814,0,3,1,2,0,0,0,1,0.0,0.0,0.0,0.0,1.0,0.0,0.0,2,2,1.0,0.0,0.5,0.0,0.0,0.0,0.0,1,79509.0
0,tcp,http,SF,416,327,0,0,1,0,0,0,0,2,0.0,0.0,0.0,0.0,1.0,0.0,0.75,26,255,1.0,0.0,0.04,0.01,0.0,0.0,0.0,0,93887.0
8445,tcp,IRC,RSTR,2102,8321,0,0,1,0,0,0,0,1,0.0,0.0,1.0,1.0,1.0,0.0,0.0,206,21,0.1,0.01,0.0,0.0,0.0,0.0,0.62,0,115093.0
2,tcp,http,RSTO,0,0,0,0,1,0,0,0,0,1,0.0,0.0,1.0,0.25,1.0,0.0,0.5,1,255,1.0,0.0,1.0,0.05,0.0,0.01,0.0,0,94300.0
0,icmp,ecr_i,SF,1032,0,0,0,0,0,0,0,0,508,0.0,0.0,0.0,0.0,1.0,0.0,0.0,255,156,0.61,0.02,0.61,0.0,0.0,0.0,0.0,1,29854.0
0,udp,private,SF,28,0,3,0,0,0,0,0,0,99,0.0,0.0,0.0,0.0,1.0,0.0,0.0,255,99,0.39,0.04,0.39,0.0,0.02,0.0,0.0,1,107993.0
0,tcp,other,REJ,0,0,0,0,0,0,0,0,0,511,0.12,0.0,0.86,1.0,0.0,1.0,0.0,255,1,0.0,1.0,0.0,0.0,0.12,0.0,1.0,1,116533.0
0,tcp,whois,S0,0,0,0,0,0,0,0,0,0,50,1.0,1.0,0.0,0.0,0.08,0.12,0.0,255,12,0.05,0.08,0.0,0.0,1.0,1.0,0.0,1,41846.0
0,tcp,http,SF,224,356,0,0,1,0,0,0,0,14,0.0,0.0,0.0,0.0,1.0,0.0,0.0,255,255,1.0,0.0,0.0,0.0,0.0,0.0,0.0,0,110499.0
0,tcp,private,REJ,0,0,0,0,0,0,0,0,0,226,0.0,0.0,1.0,1.0,0.03,0.07,0.0,255,7,0.03,0.07,0.0,0.0,0.0,0.0,1.0,1,65892.0
0,tcp,smtp,SF,3235,281,0,0,1,0,0,0,0,1,0.0,0.0,0.0,0.0,1.0,0.0,0.0,255,118,0.46,0.03,0.0,0.0,0.0,0.0,0.0,0,11896.0
0,tcp,ftp_data,SF,383,0,0,0,1,0,0,0,0,2,0.0,0.0,0.0,0.0,1.0,0.0,0.0,169,73,0.43,0.02,0.43,0.0,0.0,0.0,0.0,0,18508.0
0,tcp,http,REJ,0,0,0,0,0,0,0,0,0,8,0.0,0.0,0.5,0.5,1.0,0.0,0.0,8,255,1.0,0.0,0.12,0.01,0.0,0.0,0.03,0,104474.0
0,icmp,eco_i,SF,8,0,0,0,0,0,0,0,0,1,0.0,0.0,0.0,0.0,1.0,0.0,1.0,2,214,1.0,0.0,1.0,0.5,0.0,0.0,0.0,1,70396.0
0,udp,domain_u,SF,46,132,0,0,0,0,0,0,0,268,0.0,0.0,0.0,0.0,1.0,0.0,0.0,255,251,0.98,0.01,0.0,0.0,0.0,0.0,0.0,0,55373.0
0,tcp,private,S0,0,0,0,0,0,0,0,0,0,201,1.0,1.0,0.0,0.0,0.01,0.06,0.0,255,12,0.05,0.08,0.0,0.0,1.0,1.0,0.0,1,93910.0
0,udp,domain_u,SF,45,132,0,0,0,0,0,0,0,306,0.0,0.0,0.0,0.0,1.0,0.0,0.0,255,251,0.98,0.01,0.0,0.0,0.0,0.0,0.0,0,82150.0
0,tcp,private,S0,0,0,0,0,0,0,0,0,0,194,1.0,1.0,0.0,0.0,0.09,0.05,0.0,255,4,0.02,0.08,0.0,0.0,1.0,1.0,0.0,1,64283.0
0,tcp,nnsp,REJ,0,0,0,0,0,0,0,0,0,111,0.0,0.0,1.0,1.0,0.18,0.07,0.0,255,20,0.08,0.07,0.0,0.0,0.0,0.0,1.0,1,75371.0
0,icmp,eco_i,SF,8,0,0,0,0,0,0,0,0,1,0.0,0.0,0.0,0.0,1.0,0.0,1.0,1,113,1.0,0.0,1.0,0.5,0.0,0.0,0.0,1,15515.0
440,tcp,telnet,SF,414,12974,0,0,1,0,0,0,0,1,0.0,0.0,0.0,0.0,1.0,0.0,0.0,255,53,0.21,0.02,0.0,0.0,0.57,0.72,0.0,0,83292.0
0,tcp,http,SF,332,2753,0,0,1,0,0,0,0,4,0.0,0.0,0.0,0.0,1.0,0.0,0.0,255,255,1.0,0.0,0.0,0.0,0.0,0.0,0.0,0,19417.0
0,udp,domain_u,SF,45,111,0,0,0,0,0,0,0,18,0.0,0.0,0.0,0.0,1.0,0.0,0.05,255,255,1.0,0.0,0.0,0.0,0.0,0.0,0.0,0,108481.0
0,tcp,http,SF,250,8914,0,0,1,0,0,0,0,13,0.0,0.0,0.0,0.0,1.0,0.0,0.14,255,255,1.0,0.0,0.0,0.0,0.0,0.0,0.0,0,45955.0
0,tcp,ftp_data,SF,12286,0,0,0,1,0,0,0,0,3,0.0,0.0,0.0,0.0,1.0,0.0,0.5,9,54,1.0,0.0,1.0,0.04,0.0,0.0,0.0,0,14874.0
0,tcp,private,S0,0,0,0,0,0,0,0,0,0,24,1.0,1.0,0.0,0.0,0.04,0.17,0.0,255,1,0.0,0.09,0.0,0.0,1.0,1.0,0.0,1,28232.0
0,tcp,http,SF,292,1168,0,0,1,0,0,0,0,10,0.0,0.0,0.1,0.03,1.0,0.0,0.11,40,255,1.0,0.0,0.03,0.01,0.0,0.0,0.01,0,109293.0
139,tcp,http,SF,364,4090,0,0,1,0,0,0,0,1,0.0,0.0,0.0,0.0,1.0,0.0,0.0,1,255,1.0,0.0,1.0,0.08,0.0,0.0,0.0,0,41650.0
0,tcp,http,SF,187,1872,0,0,1,0,0,0,0,6,0.0,0.0,0.0,0.0,1.0,0.0,0.2,54,255,1.0,0.0,0.02,0.03,0.0,0.01,0.0,0,76077.0
0,tcp,iso_tsap,S0,0,0,0,0,0,0,0,0,0,145,1.0,1.0,0.0,0.0,0.1,0.06,0.0,255,13,0.05,0.07,0.0,0.0,1.0,1.0,0.0,1,31679.0
0,tcp,private,S0,0,0,0,0,0,0,0,0,0,240,1.0,1.0,0.0,0.0,0.0,0.06,0.0,255,1,0.0,0.05,0.0,0.0,1.0,1.0,0.0,1,107141.0
0,tcp,private,S0,0,0,0,0,0,0,0,0,0,177,1.0,1.0,0.0,0.0,0.02,0.07,0.0,255,4,0.02,0.07,0.0,0.0,1.0,1.0,0.0,1,32735.0
0,tcp,uucp,S0,0,0,0,0,0,0,0,0,0,99,1.0,1.0,0.0,0.0,0.17,0.06,0.0,255,17,0.07,0.06,0.0,0.0,1.0,1.0,0.0,1,95070.0
0,tcp,ftp_data,SF,15876,0,0,0,1,0,0,0,0,18,0.0,0.0,0.0,0.0,1.0,0.0,0.0,161,92,0.39,0.04,0.39,0.02,0.0,0.0,0.0,0,12417.0
0,tcp,http,REJ,0,0,0,0,0,0,0,0,0,13,0.0,0.0,0.69,0.69,1.0,0.0,0.0,166,177,1.0,0.0,0.01,0.03,0.01,0.01,0.32,0,60108.0
0,tcp,http,SF,236,3054,0,0,1,0,0,0,0,6,0.0,0.0,0.0,0.0,1.0,0.0,0.0,48,69,1.0,0.0,0.02,0.03,0.0,0.0,0.0,0,19390.0
0,tcp,http_443,S0,0,0,0,0,0,0,0,0,0,135,1.0,1.0,0.0,0.0,0.13,0.06,0.0,255,18,0.07,0.06,0.0,0.0,1.0,1.0,0.0,1,92695.0
0,tcp,http,SF,245,1890,0,0,1,0,0,0,0,1,0.0,0.0,0.0,0.0,1.0,0.0,0.17,3,255,1.0,0.0,0.33,0.04,0.0,0.0,0.0,0,62501.0
0,tcp,http,SF,379,3468,0,0,1,0,0,0,0,25,0.0,0.0,0.0,0.0,1.0,0.0,0.0,255,255,1.0,0.0,0.0,0.0,0.0,0.0,0.0,0,31206.0
0,icmp,ecr_i,SF,1032,0,0,0,0,0,0,0,0,511,0.0,0.0,0.0,0.0,1.0,0.0,0.0,255,193,0.76,0.01,0.76,0.0,0.0,0.0,0.0,1,116929.0
0,tcp,link,S0,0,0,0,0,0,0,0,0,0,230,1.0,1.0,0.0,0.0,0.0,0.07,0.0,255,2,0.01,0.06,0.0,0.0,1.0,1.0,0.0,1,87078.0
0,tcp,private,S0,0,0,0,0,0,0,0,0,0,126,1.0,1.0,0.0,0.0,0.08,0.06,0.0,181,10,0.06,0.07,0.01,0.0,1.0,1.0,0.0,1,125239.0
3260,udp,domain_u,SF,111,45,0,0,0,0,0,0,0,2,0.0,0.0,0.0,0.0,1.0,0.0,0.0,75,51,0.68,0.04,0.68,0.0,0.0,0.0,0.0,0,121598.0
0,tcp,http,SF,228,7333,0,0,1,0,0,0,0,4,0.0,0.0,0.0,0.0,1.0,0.0,0.0,85,255,1.0,0.0,0.01,0.04,0.01,0.01,0.0,0,39829.0
0,tcp,http,SF,167,11766,0,0,1,0,0,0,0,4,0.0,0.0,0.0,0.0,1.0,0.0,0.25,82,255,1.0,0.0,0.01,0.02,0.0,0.0,0.0,0,31585.0
0,tcp,sql_net,SH,0,0,0,0,0,0,0,0,0,1,1.0,1.0,0.0,0.0,1.0,0.0,0.0,255,1,0.0,1.0,1.0,0.0,1.0,1.0,0.0,1,254.0
0,tcp,http,SF,231,339,0,0,1,0,0,0,0,21,0.0,0.0,0.0,0.0,1.0,0.0,0.07,67,255,1.0,0.0,0.01,0.02,0.0,0.0,0.0,0,124924.0
0,tcp,private,S0,0,0,0,0,0,0,0,0,0,117,1.0,1.0,0.0,0.0,0.03,0.07,0.0,255,4,0.02,0.09,0.0,0.0,1.0,1.0,0.0,1,58087.0
0,tcp,http,SF,289,810,0,0,1,0,0,0,0,8,0.0,0.0,0.0,0.0,1.0,0.0,0.0,255,255,1.0,0.0,0.0,0.0,0.0,0.0,0.0,0,111460.0
0,tcp,http,REJ,0,0,0,0,0,0,0,0,0,1,0.0,0.0,1.0,1.0,1.0,0.0,0.0,4,22,1.0,0.0,0.25,0.09,0.0,0.09,0.23,0,65123.0
0,icmp,eco_i,SF,18,0,0,0,0,0,0,0,0,1,0.0,0.0,0.0,0.0,1.0,0.0,0.0,1,245,1.0,0.0,1.0,1.0,0.0,0.0,0.0,1,107837.0
0,tcp,smtp,SF,1404,328,0,0,1,0,0,0,0,1,0.0,0.0,0.0,0.0,1.0,0.0,1.0,178,131,0.74,0.03,0.01,0.0,0.0,0.0,0.0,0,31424.0
0,tcp,uucp_path,S0,0,0,0,0,0,0,0,0,0,226,1.0,1.0,0.0,0.0,0.09,0.06,0.0,255,20,0.08,0.07,0.0,0.0,1.0,1.0,0.0,1,113359.0
0,udp,domain_u,SF,45,45,0,0,0,0,0,0,0,112,0.0,0.0,0.0,0.0,1.0,0.0,0.01,255,255,1.0,0.0,0.01,0.0,0.0,0.0,0.0,0,123419.0
0,tcp,http,SF,299,1856,0,0,1,0,0,0,0,16,0.0,0.0,0.0,0.0,1.0,0.0,0.0,255,255,1.0,0.0,0.0,0.0,0.0,0.0,0.0,0,50816.0
0,tcp,http,SF,315,765,0,0,1,0,0,0,0,11,0.0,0.0,0.0,0.0,1.0,0.0,0.0,46,255,1.0,0.0,0.02,0.05,0.0,0.0,0.0,0,46217.0
0,tcp,whois,S0,0,0,0,0,0,0,0,0,0,129,1.0,1.0,0.0,0.0,0.1,0.06,0.0,255,13,0.05,0.06,0.0,0.0,1.0,1.0,0.0,1,42637.0
0,tcp,http,SF,214,181,0,0,1,0,0,0,0,7,0.14,0.14,0.0,0.0,1.0,0.0,0.0,6,255,1.0,0.0,0.17,0.03,0.0,0.0,0.0,0,95287.0
0,tcp,ftp_data,S0,0,0,0,0,0,0,0,0,0,232,1.0,1.0,0.0,0.0,0.01,0.07,0.0,255,2,0.01,0.07,0.0,0.0,1.0,1.0,0.0,1,60130.0
0,tcp,daytime,RSTO,0,0,0,0,0,0,0,0,0,142,0.0,0.0,1.0,1.0,0.09,0.06,0.0,255,7,0.03,0.06,0.0,0.0,0.0,0.0,1.0,1,58778.0
0,tcp,http,SF,312,284,0,0,1,0,0,0,0,14,0.0,0.0,0.0,0.0,1.0,0.0,0.13,255,255,1.0,0.0,0.0,0.0,0.0,0.0,0.0,0,24291.0
0,tcp,http,SF,218,1078,0,0,1,0,0,0,0,9,0.0,0.0,0.0,0.0,1.0,0.0,0.2,10,255,1.0,0.0,0.1,0.05,0.0,0.0,0.0,0,15004.0
0,udp,private,SF,1,0,0,0,0,0,0,0,0,27,0.0,0.0,0.0,0.0,0.11,0.11,0.0,255,6,0.02,0.88,0.13,0.0,0.16,0.0,0.0,1,30618.0
0,tcp,private,S0,0,0,0,0,0,0,0,0,0,146,1.0,1.0,0.0,0.0,0.14,0.05,0.0,255,21,0.08,0.06,0.0,0.0,1.0,1.0,0.0,1,65565.0
0,tcp,ftp_data,SF,334,0,0,0,1,0,0,0,0,1,0.0,0.0,0.0,0.0,1.0,0.0,0.0,3,37,1.0,0.0,1.0,0.16,0.0,0.0,0.0,1,107349.0
0,tcp,sql_net,S0,0,0,0,0,0,0,0,0,0,216,1.0,1.0,0.0,0.0,0.08,0.06,0.0,255,17,0.07,0.08,0.0,0.0,1.0,1.0,0.0,1,50748.0
0,tcp,http,SF,227,1302,0,0,1,0,0,0,0,2,0.0,0.0,0.0,0.0,1.0,0.0,0.0,34,255,1.0,0.0,0.03,0.05,0.0,0.0,0.0,0,44496.0
0,tcp,http,S0,263,0,0,0,0,0,0,0,0,2,0.5,0.33,0.0,0.0,1.0,0.0,0.67,8,255,1.0,0.0,0.25,0.02,0.12,0.01,0.03,0,72914.0
0,tcp,private,S0,0,0,0,0,0,0,0,0,0,170,1.0,1.0,0.0,0.0,0.12,0.06,0.0,255,19,0.07,0.08,0.0,0.0,1.0,1.0,0.0,1,59819.0
0,tcp,ftp_data,SF,567,0,0,0,0,0,0,0,0,1,0.0,0.0,0.0,0.0,1.0,0.0,0.0,255,104,0.41,0.03,0.41,0.0,0.0,0.0,0.0,0,31823.0
0,tcp,private,S0,0,0,0,0,0,0,0,0,0,219,1.0,1.0,0.0,0.0,0.1,0.05,0.0,80,19,0.24,0.12,0.01,0.0,0.82,1.0,0.0,1,103085.0
0,udp,other,SF,516,4,0,0,0,0,0,0,0,250,0.0,0.0,0.0,0.0,1.0,0.0,0.0,250,250,1.0,0.0,1.0,0.0,0.0,0.0,0.0,0,105517.0
0,tcp,private,S0,0,0,0,0,0,0,0,0,0,112,1.0,1.0,0.0,0.0,0.21,0.04,0.0,255,23,0.09,0.04,0.0,0.0,1.0,1.0,0.0,1,2849.0
0,tcp,http,SF,317,1484,0,0,1,0,0,0,0,9,0.0,0.0,0.0,0.0,1.0,0.0,0.0,227,255,1.0,0.0,0.0,0.02,0.0,0.0,0.0,0,61256.0
0,tcp,http,SF,418,6227,0,0,1,0,0,0,0,18,0.0,0.0,0.0,0.0,1.0,0.0,0.0,102,245,1.0,0.0,0.01,0.17,0.0,0.0,0.63,0,116142.0
0,tcp,http,SF,228,262,0,0,1,0,0,0,0,7,0.0,0.0,0.0,0.0,1.0,0.0,0.0,195,255,1.0,0.0,0.01,0.02,0.0,0.0,0.0,0,7670.0
0,tcp,private,S0,0,0,0,0,0,0,0,0,0,131,1.0,1.0,0.0,0.0,0.01,0.06,0.0,255,2,0.01,0.07,0.0,0.0,1.0,1.0,0.0,1,113519.0
0,tcp,link,S0,0,0,0,0,0,0,0,0,0,225,1.0,1.0,0.0,0.0,0.06,0.07,0.0,255,13,0.05,0.08,0.0,0.0,1.0,1.0,0.0,1,85920.0
0,tcp,csnet_ns,S0,0,0,0,0,0,0,0,0,0,203,1.0,1.0,0.0,0.0,0.01,0.07,0.0,255,2,0.01,0.09,0.0,0.0,1.0,1.0,0.0,1,81644.0
0,tcp,private,REJ,0,0,0,0,0,0,0,0,0,1,0.0,0.0,1.0,1.0,1.0,0.0,0.0,32,2,0.03,1.0,0.03,1.0,0.0,0.0,1.0,1,94469.0
0,tcp,iso_tsap,S0,0,0,0,0,0,0,0,0,0,233,1.0,1.0,0.0,0.0,0.03,0.06,0.0,255,6,0.02,0.07,0.0,0.0,1.0,1.0,0.0,1,72140.0
0,tcp,http,SF,343,2432,0,0,1,0,0,0,0,12,0.0,0.0,0.0,0.0,1.0,0.0,0.21,56,255,1.0,0.0,0.02,0.02,0.0,0.0,0.0,0,94272.0
18,tcp,smtp,SF,925,327,0,0,1,0,0,0,0,1,0.0,0.0,0.0,0.0,1.0,0.0,0.0,90,62,0.69,0.06,0.01,0.0,0.01,0.02,0.0,0,49175.0
0,tcp,ftp_data,SF,276,0,0,0,0,0,0,0,0,1,0.0,0.0,0.0,0.0,1.0,0.0,0.0,71,17,0.24,0.08,0.24,0.0,0.0,0.0,0.0,0,51759.0
23080,tcp,private,RSTR,0,0,0,0,0,0,0,0,0,1,0.0,0.0,1.0,1.0,1.0,0.0,0.0,84,1,0.01,0.15,0.14,0.0,0.0,0.0,1.0,1,116741.0
0,udp,domain_u,SF,45,72,0,0,0,0,0,0,0,130,0.0,0.0,0.0,0.0,1.0,0.0,0.02,255,225,0.88,0.01,0.0,0.0,0.0,0.0,0.0,0,103119.0
0,tcp,http,SF,287,2253,0,0,1,0,0,0,0,7,0.0,0.0,0.0,0.0,1.0,0.0,0.25,33,255,1.0,0.0,0.03,0.03,0.0,0.0,0.0,0,12002.0
0,tcp,http,SF,299,1122,0,0,1,0,0,0,0,6,0.0,0.0,0.0,0.0,1.0,0.0,0.25,60,255,1.0,0.0,0.02,0.02,0.0,0.0,0.0,0,104277.0
0,tcp,http,SF,301,274,0,0,1,0,0,0,0,4,0.0,0.0,0.0,0.04,1.0,0.0,0.22,255,255,1.0,0.0,0.0,0.0,0.0,0.0,0.0,0,73515.0
2,tcp,ftp_data,S3,2194620,0,0,0,1,0,0,0,0,2,0.5,0.5,0.0,0.0,1.0,0.0,0.0,255,61,0.24,0.02,0.07,0.0,0.61,0.66,0.0,0,3263.0
0,tcp,http,SF,208,2586,0,0,1,0,0,0,0,19,0.0,0.0,0.0,0.0,1.0,0.0,0.0,255,255,1.0,0.0,0.0,0.0,0.0,0.0,0.0,0,99606.0
0,tcp,http,SF,241,1946,0,0,1,0,0,0,0,3,0.0,0.0,0.0,0.0,1.0,0.0,0.0,26,255,1.0,0.0,0.04,0.04,0.0,0.0,0.0,0,119198.0
0,tcp,ftp_data,SF,501760,0,0,0,1,0,0,0,0,2,0.0,0.0,0.0,0.0,1.0,0.0,0.0,51,12,0.24,0.06,0.24,0.0,0.0,0.0,0.0,0,9200.0
0,tcp,http,SF,234,3222,0,0,1,0,0,0,0,3,0.0,0.0,0.0,0.25,1.0,0.0,0.5,255,248,0.97,0.01,0.0,0.0,0.02,0.02,0.0,0,52933.0
0,icmp,ecr_i,SF,1480,0,1,0,0,0,0,0,0,8,0.0,0.0,0.0,0.0,1.0,0.0,0.0,92,8,0.09,0.04,0.09,0.0,0.0,0.0,0.0,1,9335.0
0,udp,private,SF,28,0,3,0,0,0,0,0,0,80,0.0,0.0,0.0,0.0,1.0,0.0,0.0,255,80,0.31,0.64,0.31,0.0,0.01,0.0,0.0,1,44176.0
0,tcp,http,SF,230,774,0,0,1,0,0,0,0,20,0.0,0.0,0.0,0.0,1.0,0.0,0.0,255,255,1.0,0.0,0.0,0.0,0.0,0.0,0.0,0,21615.0
0,tcp,http,SF,310,263,0,0,1,0,0,0,0,34,0.0,0.0,0.0,0.0,1.0,0.0,0.08,255,255,1.0,0.0,0.0,0.0,0.0,0.0,0.0,0,68396.0
0,tcp,http,S0,0,0,0,0,0,0,0,0,0,37,1.0,0.95,0.0,0.05,0.51,0.05,0.1,197,59,0.3,0.02,0.01,0.0,1.0,1.0,0.0,1,2356.0
0,tcp,private,S0,0,0,0,0,0,0,0,0,0,124,1.0,1.0,0.0,0.0,0.02,0.06,0.0,255,16,0.06,0.07,0.0,0.0,1.0,1.0,0.0,1,39189.0
0,tcp,private,S0,0,0,0,0,0,0,0,0,0,104,1.0,1.0,0.0,0.0,0.12,0.06,0.0,115,19,0.17,0.11,0.01,0.0,1.0,1.0,0.0,1,57584.0
0,udp,private,SF,28,0,3,0,0,0,0,0,0,25,0.0,0.0,0.0,0.0,1.0,0.0,0.0,255,125,0.49,0.51,0.49,0.0,0.09,0.0,0.0,1,111216.0
1,tcp,smtp,SF,9784,325,0,0,1,0,0,0,0,1,0.0,0.0,0.0,0.0,1.0,0.0,0.75,26,166,0.81,0.08,0.04,0.01,0.0,0.0,0.0,0,23921.0
27,tcp,ftp,SF,1443,4152,0,30,1,0,0,0,0,2,0.0,0.0,0.0,0.0,0.5,1.0,1.0,10,2,0.2,0.2,0.1,0.0,0.0,0.0,0.0,0,87698.0
0,tcp,private,S0,0,0,0,0,0,0,0,0,0,120,1.0,1.0,0.0,0.0,0.14,0.08,0.0,255,17,0.07,0.08,0.0,0.0,1.0,1.0,0.0,1,56124.0
0,tcp,http,SF,213,808,0,0,1,0,0,0,0,6,0.0,0.0,0.0,0.0,1.0,0.0,0.0,6,255,1.0,0.0,0.17,0.04,0.0,0.0,0.0,0,125615.0
20,tcp,ftp,SF,236,773,0,4,1,0,0,0,0,1,0.0,0.0,0.0,0.0,1.0,0.0,0.0,74,4,0.04,0.96,0.01,0.5,0.0,0.0,0.5,0,33915.0
0,tcp,http,SF,259,327,0,0,1,0,0,0,0,3,0.0,0.0,0.0,0.0,1.0,0.0,0.27,6,255,1.0,0.0,0.17,0.15,0.0,0.0,0.8,0,59683.0
0,icmp,ecr_i,SF,1032,0,0,0,0,0,0,0,0,477,0.0,0.0,0.0,0.0,1.0,0.0,0.0,255,255,1.0,0.0,1.0,0.0,0.0,0.0,0.0,1,93793.0
0,tcp,http,SF,243,201,0,0,1,0,0,0,0,6,0.17,0.29,0.0,0.0,1.0,0.0,0.29,18,255,1.0,0.0,0.06,0.02,0.06,0.0,0.0,0,18175.0
0,tcp,http,SF,202,287,0,0,1,0,0,0,0,7,0.0,0.0,0.0,0.0,1.0,0.0,0.0,7,255,1.0,0.0,0.14,0.02,0.0,0.0,0.0,0,120047.0
0,tcp,private,RSTR,0,0,0,0,0,0,0,0,0,1,0.0,0.0,1.0,1.0,1.0,0.0,0.0,242,1,0.0,0.33,0.31,0.0,0.0,0.0,1.0,1,71719.0
0,tcp,http,RSTO,0,0,0,0,1,0,0,0,0,1,0.0,0.0,1.0,1.0,1.0,0.0,0.0,255,239,0.94,0.01,0.0,0.0,0.0,0.0,0.01,0,61729.0
0,icmp,ecr_i,SF,520,0,0,0,0,0,0,0,0,449,0.0,0.0,0.0,0.0,1.0,0.0,0.0,211,211,1.0,0.0,1.0,0.0,0.0,0.0,0.0,1,79145.0
0,udp,private,SF,28,0,3,0,0,0,0,0,0,2,0.0,0.0,0.0,0.0,1.0,0.0,0.0,205,2,0.01,0.05,0.01,0.0,0.02,0.0,0.0,1,24531.0
0,tcp,exec,S0,0,0,0,0,0,0,0,0,0,136,1.0,1.0,0.0,0.0,0.16,0.05,0.0,255,22,0.09,0.05,0.0,0.0,1.0,1.0,0.0,1,103581.0
0,icmp,eco_i,SF,8,0,0,0,0,0,0,0,0,1,0.0,0.0,0.0,0.0,1.0,0.0,1.0,2,80,1.0,0.0,1.0,0.26,0.0,0.0,0.0,1,12639.0
0,tcp,http,SF,249,742,0,0,1,0,0,0,0,1,0.0,0.0,0.0,0.0,1.0,0.0,0.0,13,255,1.0,0.0,0.08,0.04,0.0,0.0,0.0,0,109865.0
0,tcp,Z39_50,S0,0,0,0,0,0,0,0,0,0,211,1.0,1.0,0.0,0.0,0.05,0.06,0.0,255,11,0.04,0.07,0.0,0.0,1.0,1.0,0.0,1,47546.0
0,icmp,eco_i,SF,8,0,0,0,0,0,0,0,0,1,0.0,0.0,0.0,0.0,1.0,0.0,1.0,2,78,1.0,0.0,1.0,0.5,0.0,0.0,0.0,1,102974.0
0,tcp,http,SF,224,2584,0,0,1,0,0,0,0,2,0.0,0.0,0.0,0.0,1.0,0.0,0.0,65,255,1.0,0.0,0.02,0.03,0.0,0.0,0.01,0,75406.0
0,tcp,courier,S0,0,0,0,0,0,0,0,0,0,107,1.0,1.0,0.0,0.0,0.09,0.06,0.0,255,5,0.02,0.06,0.0,0.0,1.0,1.0,0.0,1,9818.0
0,udp,domain_u,SF,44,44,0,0,0,0,0,0,0,78,0.0,0.0,0.0,0.0,1.0,0.0,0.01,255,255,1.0,0.0,0.01,0.0,0.0,0.0,0.0,0,118366.0
0,tcp,telnet,S0,0,0,0,0,0,0,0,0,0,5,1.0,1.0,0.0,0.0,0.8,0.4,0.0,205,45,0.21,0.02,0.0,0.04,1.0,0.98,0.0,1,26547.0
0,tcp,domain,REJ,0,0,0,0,0,0,0,0,0,242,0.0,0.0,1.0,1.0,0.01,0.07,0.0,255,2,0.01,0.08,0.0,0.0,0.0,0.0,1.0,1,47316.0
0,icmp,eco_i,SF,8,0,0,0,0,0,0,0,0,1,0.0,0.0,0.0,0.0,1.0,0.0,1.0,2,142,1.0,0.0,1.0,0.25,0.0,0.0,0.0,1,67294.0
0,tcp,http,SF,212,2290,0,0,1,0,0,0,0,3,0.0,0.0,0.0,0.0,1.0,0.0,0.0,3,255,1.0,0.0,0.33,0.01,0.0,0.0,0.0,0,32782.0
0,tcp,http,SF,202,4412,0,0,1,0,0,0,0,2,0.0,0.0,0.0,0.0,1.0,0.0,0.0,5,255,1.0,0.0,0.2,0.08,0.0,0.0,0.0,0,8759.0
0,tcp,http,SF,216,5938,0,0,1,0,0,0,0,8,0.0,0.0,0.0,0.0,1.0,0.0,0.0,255,255,1.0,0.0,0.0,0.0,0.0,0.0,0.0,0,53026.0
0,tcp,http,REJ,0,0,0,0,0,0,0,0,0,1,0.0,0.0,1.0,1.0,1.0,0.0,0.0,21,177,1.0,0.0,0.05,0.16,0.0,0.0,1.0,0,99014.0
5141,udp,other,SF,146,105,0,0,0,0,0,0,0,1,0.0,0.0,0.0,0.0,1.0,0.0,0.0,255,1,0.0,0.64,0.96,0.0,0.0,0.0,0.0,0,106908.0
0,tcp,ftp_data,SF,26,0,0,0,1,0,0,0,0,2,0.0,0.0,0.0,0.0,1.0,0.0,0.0,84,16,0.05,0.06,0.05,0.12,0.01,0.0,0.0,0,50964.0
0,tcp,uucp,S0,0,0,0,0,0,0,0,0,0,148,1.0,1.0,0.0,0.0,0.12,0.06,0.0,255,20,0.08,0.05,0.0,0.0,1.0,1.0,0.0,1,5372.0
0,tcp,private,S0,0,0,0,0,0,0,0,0,0,81,1.0,1.0,0.0,0.0,0.02,0.07,0.0,255,12,0.05,0.06,0.0,0.0,1.0,1.0,0.0,1,92089.0
0,udp,other,SF,145,0,0,0,0,0,0,0,0,4,0.0,0.0,0.0,0.0,0.25,0.75,0.0,148,1,0.01,0.57,0.89,0.0,0.0,0.0,0.0,0,51738.0
0,tcp,http,SF,309,1158,0,0,1,0,0,0,0,2,0.5,0.5,0.0,0.0,1.0,0.0,0.0,255,255,1.0,0.0,0.0,0.0,0.0,0.0,0.0,0,82248.0
0,icmp,ecr_i,SF,1032,0,0,0,0,0,0,0,0,511,0.0,0.0,0.0,0.0,1.0,0.0,0.0,255,176,0.69,0.02,0.69,0.0,0.0,0.0,0.0,1,59728.0
0,tcp,finger,S0,0,0,0,0,0,0,0,0,0,14,1.0,1.0,0.0,0.0,0.5,0.14,0.0,255,67,0.26,0.03,0.0,0.0,1.0,1.0,0.0,1,79369.0
0,tcp,private,S0,0,0,0,0,0,0,0,0,0,111,1.0,1.0,0.0,0.0,0.07,0.05,0.0,255,6,0.02,0.06,0.0,0.0,1.0,1.0,0.0,1,54840.0
0,tcp,http,S0,0,0,0,0,0,0,0,0,0,2,0.5,0.33,0.0,0.0,1.0,0.0,0.67,14,245,1.0,0.0,0.14,0.03,0.07,0.01,0.0,0,99850.0
0,tcp,http,SF,223,1227,0,0,1,0,0,0,0,6,0.0,0.0,0.0,0.0,1.0,0.0,0.0,212,212,1.0,0.0,0.0,0.0,0.0,0.0,0.0,0,53369.0
0,tcp,http,SF,216,3166,0,0,1,0,0,0,0,30,0.0,0.0,0.0,0.0,1.0,0.0,0.0,255,255,1.0,0.0,0.0,0.0,0.0,0.0,0.0,0,20143.0
0,tcp,private,S0,0,0,0,0,0,0,0,0,0,273,1.0,1.0,0.0,0.0,0.07,0.06,0.0,255,2,0.01,0.07,0.0,0.0,1.0,1.0,0.0,1,59957.0
0,tcp,http,SF,54540,8314,0,2,1,1,0,0,0,3,0.0,0.0,0.0,0.0,1.0,0.0,0.0,83,83,1.0,0.0,0.01,0.0,0.0,0.0,0.17,1,81205.0
0,tcp,http,SF,168,8945,0,0,1,0,0,0,0,1,0.0,0.0,0.0,0.0,1.0,0.0,0.13,33,255,1.0,0.0,0.03,0.01,0.0,0.0,0.0,0,38289.0
0,tcp,http,SF,322,1214,0,0,1,0,0,0,0,6,0.0,0.0,0.0,0.0,1.0,0.0,0.0,47,255,1.0,0.0,0.02,0.04,0.0,0.0,0.0,0,65356.0
0,tcp,private,S0,0,0,0,0,0,0,0,0,0,122,0.99,1.0,0.0,0.0,0.16,0.07,0.0,255,19,0.07,0.06,0.0,0.0,1.0,1.0,0.0,1,17001.0
0,tcp,private,REJ,0,0,0,0,0,0,0,0,0,121,0.07,0.0,0.92,1.0,0.01,1.0,0.0,255,1,0.0,0.7,0.0,0.0,0.03,0.0,1.0,1,108110.0
0,tcp,private,S0,0,0,0,0,0,0,0,0,0,224,1.0,1.0,0.0,0.0,0.04,0.07,0.0,255,10,0.04,0.1,0.0,0.0,1.0,1.0,0.0,1,17896.0
0,udp,domain_u,SF,44,132,0,0,0,0,0,0,0,71,0.0,0.0,0.0,0.0,1.0,0.0,0.01,255,255,1.0,0.0,0.0,0.0,0.0,0.0,0.0,0,44901.0
0,tcp,ftp_data,SF,40494,0,0,0,0,0,0,0,0,18,0.0,0.0,0.0,0.0,1.0,0.0,0.0,59,53,0.41,0.08,0.41,0.04,0.0,0.0,0.0,0,19437.0
0,tcp,finger,SF,9,0,0,0,0,0,0,0,0,1,0.0,0.0,0.0,0.0,1.0,0.0,0.0,34,6,0.03,0.09,0.03,0.33,0.0,0.0,0.0,0,52985.0
0,udp,domain_u,SF,46,83,0,0,0,0,0,0,0,122,0.0,0.0,0.0,0.0,1.0,0.0,0.02,255,255,1.0,0.0,0.0,0.0,0.0,0.0,0.0,0,122353.0
0,tcp,supdup,REJ,0,0,0,0,0,0,0,0,0,149,0.0,0.0,1.0,1.0,0.13,0.05,0.0,255,14,0.05,0.07,0.0,0.0,0.0,0.0,1.0,1,18165.0
0,tcp,finger,S0,0,0,0,0,0,0,0,0,0,37,0.95,1.0,0.05,0.0,0.41,0.11,0.0,255,15,0.06,0.06,0.0,0.0,1.0,1.0,0.0,1,111482.0
0,tcp,nnsp,S0,0,0,0,0,0,0,0,0,0,99,1.0,1.0,0.0,0.0,0.06,0.07,0.0,206,6,0.03,0.07,0.0,0.0,1.0,1.0,0.0,1,61778.0
0,tcp,http,SF,221,1600,0,0,1,0,0,0,0,9,0.0,0.0,0.0,0.0,1.0,0.0,0.2,255,255,1.0,0.0,0.0,0.0,0.0,0.0,0.0,0,69535.0
0,tcp,private,S0,0,0,0,0,0,0,0,0,0,273,1.0,1.0,0.0,0.0,0.05,0.06,0.0,255,19,0.07,0.06,0.0,0.0,1.0,1.0,0.0,1,25964.0
0,tcp,private,S0,0,0,0,0,0,0,0,0,0,91,1.0,1.0,0.0,0.0,0.13,0.05,0.0,255,5,0.02,0.07,0.0,0.0,1.0,1.0,0.0,1,8795.0
0,tcp,private,REJ,0,0,0,0,0,0,0,0,0,132,0.0,0.0,1.0,1.0,0.12,0.06,0.0,255,16,0.06,0.06,0.0,0.0,0.0,0.0,1.0,1,66409.0
0,tcp,http,SF,291,444,0,0,1,0,0,0,0,2,0.0,0.0,0.0,0.0,1.0,0.0,0.13,4,40,1.0,0.0,0.25,0.05,0.0,0.0,0.0,0,55297.0
28,tcp,smtp,SF,13513,1371,0,0,1,0,0,0,0,1,0.0,0.0,0.0,0.0,1.0,0.0,0.0,100,204,0.75,0.03,0.01,0.01,0.0,0.0,0.0,0,27106.0
0,tcp,courier,S0,0,0,0,0,0,0,0,0,0,123,1.0,1.0,0.0,0.0,0.13,0.06,0.0,255,16,0.06,0.07,0.0,0.0,1.0,1.0,0.0,1,9907.0
0,tcp,other,SF,7280,0,0,0,1,0,0,0,0,13,0.08,0.0,0.0,0.0,0.08,0.46,0.0,122,1,0.01,0.18,0.29,0.0,0.03,0.0,0.0,0,89017.0
0,tcp,http,SF,218,1068,0,0,1,0,0,0,0,14,0.0,0.0,0.0,0.0,1.0,0.0,0.13,141,255,1.0,0.0,0.01,0.07,0.0,0.0,0.0,0,97528.0
0,tcp,http,SF,54540,8314,0,2,1,1,0,0,0,4,0.0,0.0,0.0,0.2,1.0,0.0,0.4,255,255,1.0,0.0,0.0,0.0,0.0,0.0,0.02,1,81699.0
0,tcp,bgp,S0,0,0,0,0,0,0,0,0,0,230,1.0,1.0,0.0,0.0,0.07,0.07,0.0,255,15,0.06,0.08,0.0,0.0,1.0,1.0,0.0,1,59745.0
4,tcp,ftp_data,SF,832,0,0,0,1,0,0,0,0,2,0.0,0.0,0.0,0.0,0.5,1.0,0.0,255,83,0.33,0.07,0.35,0.0,0.02,0.05,0.0,1,54542.0
0,udp,private,SF,105,147,0,0,0,0,0,0,0,1,0.0,0.0,0.0,0.0,1.0,0.0,0.0,192,190,0.99,0.01,0.01,0.0,0.0,0.0,0.0,0,5325.0
0,tcp,http,SF,405,3968,0,0,1,0,0,0,0,5,0.0,0.0,0.0,0.0,1.0,0.0,0.0,21,255,1.0,0.0,0.05,0.21,0.0,0.0,0.87,0,29133.0
0,tcp,http,SF,251,870,0,0,1,0,0,0,0,13,0.0,0.0,0.0,0.0,1.0,0.0,0.0,255,255,1.0,0.0,0.0,0.0,0.0,0.0,0.0,0,3892.0
0,udp,domain_u,SF,45,140,0,0,0,0,0,0,0,199,0.0,0.0,0.0,0.0,1.0,0.0,0.0,255,255,1.0,0.0,0.0,0.0,0.0,0.0,0.0,0,124222.0
0,udp,domain_u,SF,44,44,0,0,0,0,0,0,0,90,0.0,0.0,0.0,0.0,1.0,0.0,0.01,255,252,0.99,0.01,0.01,0.0,0.0,0.0,0.0,0,46792.0
3551,udp,other,SF,145,105,0,0,0,0,0,0,0,1,0.0,0.0,0.0,0.0,1.0,0.0,0.0,255,2,0.01,0.51,0.85,0.0,0.0,0.0,0.0,0,79298.0
0,tcp,http,SF,193,296,0,0,1,0,0,0,0,5,0.0,0.0,0.0,0.0,1.0,0.0,0.25,255,255,1.0,0.0,0.0,0.0,0.0,0.0,0.0,0,103670.0
0,tcp,http,SF,199,14934,0,0,1,0,0,0,0,2,0.0,0.0,0.0,0.0,1.0,0.0,0.0,10,255,1.0,0.0,0.1,0.02,0.0,0.01,0.0,0,71689.0
1,tcp,time,SF,0,4,0,0,0,0,0,0,0,1,0.0,0.0,0.0,0.0,1.0,0.0,0.0,19,19,1.0,0.0,0.05,0.0,0.0,0.0,0.0,0,58080.0
0,tcp,hostnames,S0,0,0,0,0,0,0,0,0,0,213,1.0,1.0,0.0,0.0,0.03,0.06,0.0,255,7,0.03,0.06,0.0,0.0,1.0,1.0,0.0,1,55701.0
0,tcp,finger,S0,0,0,0,0,0,0,0,0,0,289,1.0,1.0,0.0,0.0,0.07,0.06,0.0,255,20,0.08,0.08,0.0,0.0,1.0,1.0,0.0,1,43589.0
0,tcp,http,SF,297,1075,0,0,1,0,0,0,0,3,0.0,0.0,0.0,0.0,1.0,0.0,0.5,255,251,0.98,0.01,0.0,0.0,0.0,0.0,0.0,0,124402.0
0,tcp,http,SF,271,2858,0,0,1,0,0,0,0,11,0.0,0.0,0.0,0.0,1.0,0.0,0.19,255,255,1.0,0.0,0.0,0.0,0.0,0.0,0.0,0,104949.0
0,tcp,http,SF,214,308,0,0,1,0,0,0,0,2,0.5,0.17,0.0,0.0,1.0,0.0,0.33,255,255,1.0,0.0,0.0,0.0,0.0,0.0,0.0,0,39274.0
0,udp,domain_u,SF,45,139,0,0,0,0,0,0,0,72,0.0,0.0,0.0,0.0,1.0,0.0,0.01,255,254,1.0,0.01,0.0,0.0,0.0,0.0,0.0,0,96633.0
0,tcp,ftp_data,SF,2881,0,0,0,0,0,0,0,0,8,0.0,0.0,0.0,0.0,0.88,0.25,0.0,26,89,0.73,0.15,0.73,0.02,0.04,0.0,0.0,0,103757.0
0,icmp,eco_i,SF,8,0,0,0,0,0,0,0,0,1,0.0,0.0,0.0,0.0,1.0,0.0,1.0,2,129,1.0,0.0,1.0,0.5,0.0,0.0,0.0,1,25748.0
0,tcp,private,S0,0,0,0,0,0,0,0,0,0,149,1.0,1.0,0.0,0.0,0.05,0.06,0.0,255,8,0.03,0.05,0.0,0.0,1.0,1.0,0.0,1,74969.0
0,tcp,private,S0,0,0,0,0,0,0,0,0,0,9,1.0,1.0,0.0,0.0,0.22,0.44,0.0,255,19,0.07,0.09,0.0,0.0,1.0,1.0,0.0,1,105103.0
0,tcp,smtp,SF,1111,331,0,0,1,0,0,0,1,1,0.0,0.0,0.0,0.0,1.0,0.0,0.0,211,129,0.61,0.02,0.0,0.0,0.0,0.0,0.08,0,17108.0
0,tcp,private,S0,0,0,0,0,0,0,0,0,0,172,1.0,1.0,0.0,0.0,0.1,0.06,0.0,255,17,0.07,0.05,0.0,0.0,1.0,1.0,0.0,1,61140.0
0,tcp,whois,S0,0,0,0,0,0,0,0,0,0,277,1.0,1.0,0.0,0.0,0.03,0.05,0.0,255,7,0.03,0.05,0.0,0.0,1.0,1.0,0.0,1,6764.0
0,icmp,eco_i,SF,8,0,0,0,0,0,0,0,0,1,0.0,0.0,0.0,0.0,1.0,0.0,1.0,1,89,1.0,0.0,1.0,0.51,0.0,0.0,0.0,1,52133.0
0,tcp,http,SF,305,313,0,0,1,0,0,0,0,17,0.0,0.0,0.0,0.0,1.0,0.0,0.1,201,255,1.0,0.0,0.0,0.02,0.0,0.0,0.0,0,42736.0
0,tcp,http,SF,246,707,0,0,1,0,0,0,0,16,0.0,0.0,0.0,0.0,1.0,0.0,0.0,56,255,1.0,0.0,0.02,0.02,0.0,0.0,0.0,0,8317.0
0,tcp,smtp,S0,0,0,0,0,0,0,0,0,0,2,0.5,0.5,0.0,0.0,1.0,0.0,0.0,77,105,0.45,0.18,0.03,0.02,0.04,0.02,0.0,0,58122.0
0,tcp,http,SF,228,3200,0,0,1,0,0,0,0,2,0.0,0.0,0.0,0.0,1.0,0.0,0.33,29,255,1.0,0.0,0.03,0.01,0.0,0.0,0.0,0,85340.0
0,udp,domain_u,SF,46,78,0,0,0,0,0,0,0,127,0.0,0.0,0.0,0.0,0.99,0.02,0.02,255,254,1.0,0.01,0.0,0.0,0.0,0.0,0.0,0,115176.0
0,tcp,sql_net,RSTR,0,0,0,0,0,0,0,0,0,1,0.0,0.0,1.0,1.0,1.0,0.0,0.0,255,1,0.0,0.5,1.0,0.0,0.0,0.0,1.0,1,83532.0
2,tcp,ftp_data,SF,2194619,0,0,0,1,0,0,0,0,2,0.0,0.0,0.0,0.0,1.0,0.0,0.0,100,14,0.14,0.06,0.14,0.0,0.01,0.0,0.0,0,114601.0
0,tcp,courier,S0,0,0,0,0,0,0,0,0,0,29,1.0,1.0,0.0,0.0,0.48,0.1,0.0,255,14,0.05,0.07,0.0,0.0,1.0,1.0,0.0,1,95007.0
0,tcp,http,SF,237,2450,0,0,1,0,0,0,0,3,0.0,0.0,0.0,0.0,1.0,0.0,0.6,78,255,1.0,0.0,0.01,0.04,0.0,0.0,0.0,0,124466.0
0,udp,domain_u,SF,32,92,0,0,0,0,0,0,0,8,0.0,0.0,0.0,0.0,1.0,0.0,0.08,70,54,0.77,0.06,0.03,0.0,0.0,0.0,0.0,0,29692.0
0,tcp,http,SF,319,303,0,0,1,0,0,0,0,9,0.0,0.0,0.0,0.0,1.0,0.0,0.0,9,255,1.0,0.0,0.11,0.05,0.0,0.0,0.0,0,66392.0
0,tcp,ftp,RSTO,0,0,0,0,0,0,0,0,0,2,0.0,0.0,1.0,1.0,0.5,1.0,0.0,255,1,0.0,0.18,0.11,0.0,0.42,0.0,1.0,1,26921.0
11042,tcp,telnet,SF,75,1423,0,0,1,0,0,0,0,1,0.0,0.0,0.0,0.0,1.0,0.0,0.0,32,9,0.28,0.12,0.03,0.0,0.0,0.0,0.0,0,82269.0
0,tcp,nntp,S0,0,0,0,0,0,0,0,0,0,130,1.0,1.0,0.0,0.0,0.14,0.07,0.0,255,18,0.07,0.07,0.0,0.0,1.0,1.0,0.0,1,63684.0
0,udp,domain_u,SF,46,77,0,0,0,0,0,0,0,317,0.0,0.0,0.0,0.0,1.0,0.0,0.0,255,255,1.0,0.0,0.0,0.0,0.0,0.0,0.0,0,38067.0
0,tcp,http,SF,244,618,0,0,1,0,0,0,0,22,0.0,0.0,0.0,0.0,1.0,0.0,0.0,22,213,1.0,0.0,0.05,0.02,0.0,0.0,0.0,0,54616.0
0,tcp,http,SF,298,6515,0,0,1,0,0,0,0,2,0.0,0.0,0.0,0.0,1.0,0.0,0.67,255,255,1.0,0.0,0.0,0.0,0.0,0.0,0.01,0,24263.0
0,tcp,http,REJ,0,0,0,0,0,0,0,0,0,1,0.0,0.0,1.0,1.0,1.0,0.0,0.0,3,250,1.0,0.0,0.33,0.08,0.0,0.0,0.38,0,98505.0
0,tcp,http,S0,0,0,0,0,0,0,0,0,0,2,0.5,1.0,0.5,0.0,0.5,1.0,0.0,255,2,0.01,0.07,0.0,0.0,1.0,1.0,0.0,1,92336.0
0,tcp,private,REJ,0,0,0,0,0,0,0,0,0,309,0.0,0.0,1.0,1.0,0.0,0.5,0.0,255,1,0.0,0.51,1.0,0.0,0.0,0.0,1.0,1,87829.0
15,tcp,finger,SF,7,221,0,0,0,0,0,0,0,1,0.0,0.0,0.0,0.0,1.0,0.0,0.0,161,7,0.03,0.02,0.01,0.29,0.0,0.0,0.0,0,57505.0
22196,tcp,private,RSTR,1,0,0,0,0,0,0,0,0,2,0.0,0.0,1.0,1.0,1.0,0.0,0.0,255,2,0.01,0.73,1.0,0.0,0.0,0.0,1.0,1,37293.0
0,tcp,private,S0,0,0,0,0,0,0,0,0,0,91,1.0,1.0,0.0,0.0,0.08,0.07,0.0,255,2,0.01,0.09,0.0,0.0,1.0,1.0,0.0,1,3978.0
0,tcp,http,SF,344,1247,0,0,1,0,0,0,0,12,0.0,0.0,0.0,0.0,1.0,0.0,0.0,186,255,1.0,0.0,0.01,0.04,0.01,0.0,0.0,0,102093.0
0,tcp,ftp_data,SF,1199,0,0,0,1,0,0,0,0,6,0.0,0.0,0.0,0.0,1.0,0.0,0.0,147,76,0.42,0.05,0.42,0.03,0.0,0.0,0.0,0,120636.0
0,udp,private,SF,28,0,3,0,0,0,0,0,0,94,0.0,0.0,0.0,0.0,1.0,0.0,0.0,255,94,0.37,0.04,0.37,0.0,0.02,0.0,0.0,1,15286.0
4,tcp,ftp,SF,60,190,0,0,0,0,0,0,0,1,0.0,0.0,0.0,0.0,1.0,0.0,0.0,26,6,0.23,0.12,0.04,0.0,0.0,0.0,0.0,0,121585.0
0,tcp,systat,S0,0,0,0,0,0,0,0,0,0,142,1.0,1.0,0.0,0.0,0.15,0.04,0.0,255,7,0.03,0.06,0.0,0.0,1.0,1.0,0.0,1,97824.0
0,udp,domain_u,SF,44,68,0,0,0,0,0,0,0,140,0.0,0.0,0.0,0.0,1.0,0.0,0.0,255,254,1.0,0.01,0.0,0.0,0.0,0.0,0.0,0,122884.0
0,tcp,private,S0,0,0,0,0,0,0,0,0,0,253,1.0,1.0,0.0,0.0,0.07,0.06,0.0,255,17,0.07,0.08,0.0,0.0,1.0,1.0,0.0,1,108658.0
0,tcp,http,SF,201,6329,0,0,1,0,0,0,0,11,0.0,0.0,0.0,0.0,1.0,0.0,0.07,255,255,1.0,0.0,0.0,0.0,0.0,0.0,0.0,0,9184.0
0,tcp,telnet,S0,0,0,0,0,0,0,0,0,0,204,1.0,1.0,0.0,0.0,0.06,0.05,0.0,255,12,0.05,0.05,0.0,0.0,1.0,1.0,0.0,1,111194.0
0,udp,domain_u,SF,45,136,0,0,0,0,0,0,0,70,0.0,0.0,0.0,0.0,1.0,0.0,0.02,210,196,0.81,0.01,0.73,0.01,0.0,0.0,0.0,0,27770.0
0,tcp,other,REJ,0,0,0,0,0,0,0,0,0,508,0.08,0.0,0.89,1.0,0.0,0.95,0.0,255,1,0.0,0.91,0.0,0.0,0.08,0.0,1.0,1,17986.0
0,tcp,http_443,S0,0,0,0,0,0,0,0,0,0,120,1.0,1.0,0.0,0.0,0.03,0.07,0.0,255,4,0.02,0.07,0.0,0.0,1.0,1.0,0.0,1,115155.0
0,icmp,ecr_i,SF,1032,0,0,0,0,0,0,0,0,54,0.0,0.0,0.0,0.0,1.0,0.0,0.0,255,54,0.21,0.02,0.21,0.0,0.0,0.0,0.0,1,48784.0
0,udp,domain_u,SF,46,146,0,0,0,0,0,0,0,143,0.0,0.0,0.0,0.0,1.0,0.0,0.01,255,255,1.0,0.0,0.0,0.0,0.0,0.0,0.0,0,17062.0
0,icmp,eco_i,SF,8,0,0,0,0,0,0,0,0,1,0.0,0.0,0.0,0.0,1.0,0.0,1.0,2,196,1.0,0.0,1.0,0.5,0.0,0.0,0.0,1,115393.0
0,tcp,other,SF,965,0,0,0,0,0,0,0,0,12,0.08,0.0,0.0,0.0,0.08,0.58,0.0,184,1,0.01,0.05,0.38,0.0,0.01,0.0,0.0,0,78652.0
0,tcp,private,REJ,0,0,0,0,0,0,0,0,0,1,0.0,0.0,1.0,1.0,1.0,0.0,0.0,57,2,0.02,1.0,0.02,1.0,0.0,0.0,1.0,1,102841.0
0,tcp,telnet,S0,0,0,0,0,0,0,0,0,0,11,1.0,1.0,0.0,0.0,0.55,0.18,0.0,255,58,0.23,0.02,0.0,0.0,1.0,1.0,0.0,1,120184.0
0,udp,domain_u,SF,46,128,0,0,0,0,0,0,0,53,0.0,0.0,0.0,0.0,1.0,0.0,0.02,193,196,0.79,0.02,0.7,0.01,0.0,0.0,0.0,0,43609.0
0,tcp,private,REJ,0,0,0,0,0,0,0,0,0,132,0.0,0.0,1.0,1.0,0.15,0.07,0.0,57,5,0.09,0.11,0.02,0.0,0.0,0.0,1.0,1,106586.0
0,tcp,ftp_data,REJ,0,0,0,0,0,0,0,0,0,246,0.0,0.0,1.0,1.0,0.03,0.07,0.0,255,8,0.03,0.07,0.0,0.0,0.0,0.0,1.0,1,36350.0
0,tcp,http,SF,287,2872,0,0,1,0,0,0,0,3,0.0,0.0,0.0,0.0,1.0,0.0,0.0,83,255,1.0,0.0,0.01,0.02,0.0,0.0,0.0,0,15501.0
0,tcp,http,SF,211,24572,0,0,1,0,0,0,0,2,0.0,0.0,0.0,0.0,1.0,0.0,0.0,204,255,1.0,0.0,0.0,0.01,0.0,0.0,0.0,0,38869.0
0,tcp,http,SF,299,1107,0,0,1,0,0,0,0,28,0.0,0.0,0.0,0.0,1.0,0.0,0.0,28,255,1.0,0.0,0.04,0.07,0.0,0.0,0.0,0,2520.0
0,udp,domain_u,SF,44,136,0,0,0,0,0,0,0,29,0.0,0.0,0.0,0.0,1.0,0.0,0.02,255,183,0.72,0.01,0.01,0.0,0.0,0.0,0.0,0,97246.0
0,tcp,private,S0,0,0,0,0,0,0,0,0,0,120,1.0,1.0,0.0,0.0,0.03,0.06,0.0,255,18,0.07,0.06,0.0,0.0,1.0,1.0,0.0,1,4380.0
0,tcp,http,SF,239,2197,0,0,1,0,0,0,0,5,0.0,0.0,0.0,0.0,1.0,0.0,0.0,219,255,1.0,0.0,0.0,0.01,0.0,0.0,0.0,0,46103.0
0,tcp,name,S0,0,0,0,0,0,0,0,0,0,71,1.0,1.0,0.0,0.0,0.13,0.08,0.0,255,9,0.04,0.05,0.0,0.0,1.0,1.0,0.0,1,75183.0
0,tcp,http,SF,308,1380,0,0,1,0,0,0,0,2,0.0,0.0,0.0,0.0,1.0,0.0,0.0,255,234,0.92,0.01,0.0,0.0,0.01,0.01,0.0,0,125553.0
0,tcp,private,S0,0,0,0,0,0,0,0,0,0,92,1.0,1.0,0.0,0.0,0.04,0.08,0.0,255,17,0.07,0.06,0.0,0.0,1.0,1.0,0.0,1,30189.0
0,tcp,vmnet,S0,0,0,0,0,0,0,0,0,0,297,1.0,1.0,0.0,0.0,0.06,0.06,0.0,255,19,0.07,0.09,0.0,0.0,1.0,1.0,0.0,1,103263.0
0,tcp,http,SF,206,3127,0,0,1,0,0,0,0,4,0.25,0.25,0.0,0.0,1.0,0.0,0.0,255,255,1.0,0.0,0.0,0.0,0.01,0.01,0.02,0,90513.0
0,tcp,smtp,SF,1277,333,0,0,1,0,0,0,0,1,0.0,0.0,0.0,0.0,1.0,0.0,0.0,201,145,0.64,0.03,0.0,0.01,0.02,0.02,0.0,0,72759.0
0,tcp,http,REJ,0,0,0,0,0,0,0,0,0,1,0.0,0.0,1.0,1.0,1.0,0.0,0.0,5,85,1.0,0.0,0.2,0.32,0.0,0.0,1.0,0,66483.0
0,tcp,http,SF,184,1619,0,0,1,0,0,0,0,2,0.5,0.5,0.0,0.0,1.0,0.0,0.0,255,253,0.99,0.01,0.0,0.0,0.0,0.0,0.0,0,8117.0
0,tcp,private,S0,0,0,0,0,0,0,0,0,0,280,1.0,1.0,0.0,0.0,0.05,0.06,0.0,255,14,0.05,0.08,0.0,0.0,1.0,1.0,0.0,1,21918.0
0,icmp,ecr_i,SF,8,0,0,0,0,0,0,0,0,3,0.0,0.0,0.0,0.0,1.0,0.0,0.0,4,4,1.0,0.0,1.0,0.0,0.0,0.0,0.0,1,55227.0
0,tcp,http,SF,343,203,0,0,1,0,0,0,0,22,0.0,0.0,0.0,0.0,1.0,0.0,0.0,149,255,1.0,0.0,0.01,0.02,0.0,0.0,0.0,0,24873.0
0,udp,domain_u,SF,44,44,0,0,0,0,0,0,0,70,0.0,0.0,0.0,0.0,1.0,0.0,0.01,255,254,1.0,0.01,0.01,0.0,0.0,0.0,0.0,0,108480.0
0,tcp,http,SF,336,2102,0,0,1,0,0,0,0,10,0.0,0.0,0.0,0.0,1.0,0.0,0.0,255,255,1.0,0.0,0.0,0.0,0.0,0.0,0.0,0,16352.0
0,tcp,http,SF,344,531,0,0,1,0,0,0,0,7,0.0,0.0,0.0,0.0,1.0,0.0,0.25,163,255,1.0,0.0,0.01,0.02,0.0,0.0,0.0,0,53852.0
0,tcp,private,S0,0,0,0,0,0,0,0,0,0,180,1.0,1.0,0.0,0.0,0.09,0.06,0.0,255,15,0.06,0.08,0.0,0.0,1.0,1.0,0.0,1,3320.0
0,tcp,http,SF,347,272,0,0,1,0,0,0,0,5,0.0,0.0,0.0,0.0,1.0,0.0,0.0,255,255,1.0,0.0,0.0,0.0,0.0,0.0,0.0,0,51982.0
0,tcp,telnet,S0,0,0,0,0,0,0,0,0,0,59,1.0,1.0,0.0,0.0,0.24,0.07,0.0,255,58,0.23,0.03,0.01,0.0,1.0,1.0,0.0,1,119815.0
0,udp,private,SF,105,147,0,0,0,0,0,0,0,1,0.0,0.0,0.0,0.0,1.0,0.0,0.0,83,82,0.99,0.02,0.01,0.0,0.0,0.0,0.0,0,3066.0
3129,udp,other,SF,145,105,0,0,0,0,0,0,0,1,0.0,0.0,0.0,0.0,1.0,0.0,0.0,255,1,0.0,0.62,0.9,0.0,0.0,0.0,0.0,0,87937.0
0,tcp,ldap,REJ,0,0,0,0,0,0,0,0,0,145,0.0,0.0,1.0,1.0,0.13,0.06,0.0,255,19,0.07,0.06,0.0,0.0,0.0,0.0,1.0,1,23312.0
0,udp,domain_u,SF,45,70,0,0,0,0,0,0,0,292,0.0,0.0,0.0,0.0,1.0,0.0,0.0,255,212,0.83,0.01,0.0,0.0,0.0,0.0,0.0,0,95476.0
0,udp,private,SF,28,0,3,0,0,0,0,0,0,130,0.77,0.0,0.0,0.0,0.23,0.05,0.0,255,30,0.12,0.89,0.12,0.0,0.09,0.0,0.0,1,94568.0
0,tcp,http,SF,162,24486,0,0,1,0,0,0,0,1,0.0,0.0,0.0,0.0,1.0,0.0,0.0,74,255,1.0,0.0,0.01,0.01,0.03,0.01,0.01,0,93205.0
0,icmp,ecr_i,SF,1032,0,0,0,0,0,0,0,0,317,0.0,0.0,0.0,0.0,1.0,0.0,0.0,220,75,0.34,0.01,0.34,0.0,0.0,0.0,0.0,1,34520.0
0,tcp,http,SF,307,2360,0,0,1,0,0,0,0,2,0.0,0.0,0.0,0.0,1.0,0.0,0.05,2,143,1.0,0.0,0.5,0.2,0.0,0.0,0.65,0,15228.0
0,tcp,http,SF,283,1492,0,0,1,0,0,0,0,16,0.06,0.04,0.0,0.04,1.0,0.0,0.17,32,255,1.0,0.0,0.03,0.03,0.03,0.02,0.0,0,33765.0
0,tcp,http,SF,243,474,0,1,1,0,0,0,0,1,0.0,0.0,0.0,0.0,1.0,0.0,0.0,57,255,1.0,0.0,0.02,0.02,0.0,0.0,0.0,0,97258.0
0,icmp,eco_i,SF,8,0,0,0,0,0,0,0,0,1,0.0,0.0,0.0,0.0,1.0,0.0,1.0,1,135,1.0,0.0,1.0,0.5,0.0,0.0,0.0,1,7157.0
0,tcp,Z39_50,S0,0,0,0,0,0,0,0,0,0,218,1.0,1.0,0.0,0.0,0.08,0.06,0.0,255,18,0.07,0.06,0.0,0.0,1.0,1.0,0.0,1,33520.0
0,tcp,http,SF,179,14496,0,0,1,0,0,0,0,1,0.0,0.0,0.0,0.0,1.0,0.0,0.0,195,255,1.0,0.0,0.01,0.02,0.0,0.0,0.0,0,50004.0
0,tcp,http,SF,306,3222,0,0,1,0,0,0,0,2,0.0,0.0,0.0,0.0,1.0,0.0,0.0,255,242,0.95,0.01,0.0,0.0,0.0,0.0,0.02,0,44506.0
0,tcp,http,SF,304,1268,0,0,1,0,0,0,0,22,0.0,0.0,0.0,0.0,1.0,0.0,0.08,250,255,1.0,0.0,0.0,0.02,0.0,0.0,0.0,0,74981.0
0,tcp,http,SF,237,1159,0,0,1,0,0,0,0,5,0.0,0.0,0.0,0.0,1.0,0.0,0.0,179,255,1.0,0.0,0.01,0.01,0.0,0.0,0.0,0,45141.0
0,tcp,http,SF,193,7355,0,0,1,0,0,0,0,10,0.0,0.0,0.0,0.0,1.0,0.0,0.14,97,255,1.0,0.0,0.01,0.01,0.0,0.0,0.0,0,47641.0
0,icmp,ecr_i,SF,1032,0,0,0,0,0,0,0,0,511,0.0,0.0,0.0,0.0,1.0,0.0,0.0,255,169,0.66,0.02,0.66,0.0,0.0,0.0,0.0,1,31013.0
0,tcp,mtp,S0,0,0,0,0,0,0,0,0,0,199,1.0,1.0,0.0,0.0,0.04,0.07,0.0,255,7,0.03,0.08,0.0,0.0,1.0,1.0,0.0,1,19259.0
0,tcp,http,SF,228,2701,0,0,1,0,0,0,0,3,0.0,0.0,0.0,0.12,1.0,0.0,0.25,61,255,1.0,0.0,0.02,0.01,0.0,0.0,0.0,0,26086.0
0,tcp,ctf,S0,0,0,0,0,0,0,0,0,0,113,1.0,1.0,0.0,0.0,0.1,0.07,0.0,133,11,0.08,0.08,0.01,0.0,1.0,1.0,0.0,1,26683.0
0,tcp,private,S0,0,0,0,0,0,0,0,0,0,188,1.0,1.0,0.0,0.0,0.1,0.06,0.0,255,16,0.06,0.06,0.0,0.0,1.0,1.0,0.0,1,103096.0
0,tcp,name,S0,0,0,0,0,0,0,0,0,0,58,1.0,1.0,0.0,0.0,0.03,0.1,0.0,255,2,0.01,0.06,0.0,0.0,1.0,1.0,0.0,1,68960.0
0,tcp,http,SF,286,1188,0,0,1,0,0,0,0,16,0.0,0.0,0.0,0.0,1.0,0.0,0.0,16,16,1.0,0.0,0.06,0.0,0.0,0.0,0.0,0,124438.0
0,tcp,name,S0,0,0,0,0,0,0,0,0,0,244,1.0,1.0,0.0,0.0,0.01,0.06,0.0,255,2,0.01,0.06,0.0,0.0,1.0,1.0,0.0,1,824.0
3,tcp,smtp,SF,2434,331,0,0,1,0,0,0,0,1,0.0,0.0,0.0,0.0,1.0,0.0,1.0,197,146,0.74,0.02,0.01,0.0,0.0,0.0,0.0,0,121054.0
0,tcp,daytime,S0,0,0,0,0,0,0,0,0,0,288,1.0,1.0,0.0,0.0,0.06,0.05,0.0,255,3,0.01,0.08,0.0,0.0,1.0,1.0,0.0,1,28367.0
0,tcp,http,SF,147,376,0,0,1,0,0,0,0,8,0.0,0.0,0.0,0.0,1.0,0.0,0.0,156,255,1.0,0.0,0.01,0.02,0.0,0.0,0.33,0,7510.0
0,tcp,http,SF,193,1745,0,0,1,0,0,0,0,2,0.0,0.0,0.0,0.0,1.0,0.0,0.0,15,255,1.0,0.0,0.07,0.07,0.0,0.0,0.0,0,124984.0
0,tcp,ftp_data,SF,245,0,0,0,1,0,0,1,0,2,0.0,0.0,0.0,0.0,1.0,0.0,0.0,255,2,0.01,0.51,0.01,0.0,0.0,0.0,0.0,0,72988.0
0,udp,domain_u,SF,46,72,0,0,0,0,0,0,0,221,0.0,0.0,0.0,0.0,1.0,0.0,0.0,255,255,1.0,0.0,0.01,0.0,0.0,0.0,0.0,0,36330.0
0,tcp,private,RSTR,0,0,0,0,0,0,0,0,0,1,0.0,0.0,1.0,1.0,1.0,0.0,0.0,173,1,0.01,0.44,0.43,0.0,0.0,0.0,1.0,1,45963.0
0,tcp,http,SF,230,295,0,0,1,0,0,0,0,23,0.0,0.0,0.0,0.0,1.0,0.0,0.0,26,255,1.0,0.0,0.04,0.03,0.0,0.0,0.01,0,85780.0
0,tcp,http,REJ,0,0,0,0,0,0,0,0,0,247,0.0,0.0,1.0,1.0,0.07,0.06,0.0,255,18,0.07,0.07,0.0,0.0,0.0,0.0,1.0,1,106092.0
0,tcp,http,SF,344,1775,0,0,1,0,0,0,0,15,0.0,0.0,0.0,0.0,1.0,0.0,0.12,44,255,1.0,0.0,0.02,0.11,0.0,0.0,0.83,0,107539.0
0,tcp,http,SF,331,776,0,0,1,0,0,0,0,10,0.0,0.0,0.0,0.0,1.0,0.0,0.29,255,255,1.0,0.0,0.01,0.0,0.0,0.0,0.0,0,514.0
0,tcp,klogin,S0,0,0,0,0,0,0,0,0,0,127,1.0,1.0,0.0,0.0,0.09,0.06,0.0,255,3,0.01,0.07,0.0,0.0,1.0,1.0,0.0,1,3003.0
0,tcp,private,S0,0,0,0,0,0,0,0,0,0,182,1.0,1.0,0.0,0.0,0.03,0.08,0.0,255,6,0.02,0.08,0.0,0.0,1.0,1.0,0.0,1,49533.0
0,tcp,telnet,S0,0,0,0,0,0,0,0,0,0,8,0.88,1.0,0.12,0.0,0.12,0.5,0.0,255,22,0.09,0.06,0.01,0.0,1.0,1.0,0.0,1,50406.0
0,tcp,hostnames,S0,0,0,0,0,0,0,0,0,0,234,1.0,1.0,0.0,0.0,0.04,0.05,0.0,255,9,0.04,0.06,0.0,0.0,1.0,1.0,0.0,1,34208.0
0,tcp,netstat,S0,0,0,0,0,0,0,0,0,0,204,1.0,1.0,0.0,0.0,0.01,0.07,0.0,255,15,0.06,0.08,0.0,0.0,1.0,1.0,0.0,1,88217.0
4,tcp,smtp,SF,1396,331,0,0,1,0,0,0,0,1,0.0,0.0,0.0,0.0,1.0,0.0,0.0,99,153,0.62,0.05,0.01,0.01,0.0,0.0,0.0,0,94697.0
0,tcp,http,S0,0,0,0,0,0,0,0,0,0,247,1.0,1.0,0.0,0.0,0.1,0.05,0.0,255,24,0.09,0.05,0.0,0.0,1.0,1.0,0.0,1,112286.0
0,icmp,eco_i,SF,30,0,0,0,0,0,0,0,0,4,0.0,0.0,0.0,0.0,0.25,0.75,0.0,255,3,0.01,0.01,0.04,0.0,0.0,0.0,0.0,0,12655.0
0,tcp,telnet,S0,0,0,0,0,0,0,0,0,0,78,1.0,1.0,0.0,0.0,0.24,0.05,0.0,255,57,0.22,0.04,0.01,0.0,1.0,1.0,0.0,1,122375.0
0,tcp,private,REJ,0,0,0,0,0,0,0,0,0,264,0.0,0.0,1.0,1.0,0.02,0.07,0.0,255,5,0.02,0.09,0.0,0.0,0.0,0.0,1.0,1,53347.0
0,tcp,http,SF,301,3432,0,0,1,0,0,0,0,13,0.0,0.0,0.0,0.0,1.0,0.0,0.0,255,255,1.0,0.0,0.0,0.0,0.0,0.0,0.0,0,98289.0
0,tcp,http,SF,302,9407,0,0,1,0,0,0,0,2,0.0,0.0,0.0,0.0,1.0,0.0,0.33,2,255,1.0,0.0,0.5,0.05,0.0,0.01,0.0,0,74469.0
0,tcp,private,S0,0,0,0,0,0,0,0,0,0,232,1.0,1.0,0.0,0.0,0.0,0.06,0.0,255,2,0.01,0.09,0.0,0.0,1.0,1.0,0.0,1,106109.0
40,tcp,telnet,SF,124,11095,0,0,1,0,0,0,0,1,0.0,0.0,0.0,0.0,1.0,0.0,0.0,75,4,0.01,0.04,0.01,0.5,0.0,0.25,0.0,0,8745.0
0,icmp,eco_i,SF,8,0,0,0,0,0,0,0,0,1,0.0,0.0,0.0,0.0,1.0,0.0,1.0,1,151,1.0,0.0,1.0,0.5,0.0,0.0,0.0,1,86103.0
0,tcp,http,SF,194,5356,0,0,1,0,0,0,0,15,0.0,0.0,0.0,0.0,1.0,0.0,0.0,183,255,1.0,0.0,0.01,0.03,0.0,0.0,0.01,0,74423.0
0,tcp,private,S0,0,0,0,0,0,0,0,0,0,144,1.0,1.0,0.0,0.0,0.11,0.06,0.0,255,14,0.05,0.06,0.0,0.0,1.0,1.0,0.0,1,117295.0
0,udp,domain_u,SF,46,46,0,0,0,0,0,0,0,18,0.0,0.0,0.0,0.0,1.0,0.0,0.09,255,255,1.0,0.0,0.01,0.0,0.0,0.0,0.0,0,34961.0
9955,udp,other,SF,147,105,0,0,0,0,0,0,0,5,0.0,0.0,0.0,0.0,0.4,0.6,0.0,255,2,0.01,0.6,0.92,0.0,0.0,0.0,0.0,0,116516.0
0,tcp,http,REJ,0,0,0,0,0,0,0,0,0,1,0.0,0.0,1.0,1.0,1.0,0.0,0.0,2,248,1.0,0.0,0.5,0.11,0.0,0.0,1.0,0,32925.0
0,tcp,ctf,S0,0,0,0,0,0,0,0,0,0,237,1.0,1.0,0.0,0.0,0.08,0.06,0.0,255,19,0.07,0.07,0.0,0.0,1.0,1.0,0.0,1,22429.0
0,tcp,http,SF,321,1738,0,0,1,0,0,0,0,5,0.0,0.0,0.0,0.0,1.0,0.0,0.0,107,255,1.0,0.0,0.01,0.04,0.0,0.0,0.0,0,92964.0
0,udp,private,SF,1,26,0,0,0,0,0,0,0,22,0.0,0.0,0.0,0.0,0.18,0.18,0.0,255,4,0.02,0.87,0.15,0.0,0.16,0.0,0.0,1,9572.0
0,udp,private,SF,207,0,0,0,0,0,0,0,0,2,0.0,0.0,0.0,0.0,1.0,0.0,0.0,68,60,0.88,0.03,0.88,0.0,0.0,0.0,0.0,1,68240.0
0,tcp,ftp_data,SF,641,0,0,0,0,0,0,0,0,2,0.0,0.0,0.0,0.0,1.0,0.0,0.0,12,5,0.42,0.25,0.42,0.0,0.0,0.0,0.0,0,17807.0
0,tcp,http,SF,284,2280,0,0,1,0,0,0,0,33,0.0,0.0,0.0,0.0,1.0,0.0,0.06,255,255,1.0,0.0,0.0,0.0,0.0,0.0,0.0,0,86827.0
0,tcp,private,SH,0,0,0,0,0,0,0,0,0,1,1.0,1.0,0.0,0.0,1.0,0.0,0.0,152,1,0.01,0.93,0.95,0.0,0.95,1.0,0.0,1,66760.0
0,tcp,other,REJ,0,0,0,0,0,0,0,0,0,509,0.16,0.0,0.84,1.0,0.0,1.0,0.0,255,1,0.0,1.0,0.0,0.0,0.05,0.0,1.0,1,4315.0
0,tcp,http,SF,300,13210,0,0,1,0,0,0,0,10,0.0,0.0,0.0,0.0,1.0,0.0,0.0,255,255,1.0,0.0,0.0,0.0,0.01,0.01,0.02,0,100903.0
0,tcp,iso_tsap,REJ,0,0,0,0,0,0,0,0,0,257,0.0,0.0,1.0,1.0,0.06,0.07,0.0,255,15,0.06,0.07,0.0,0.0,0.0,0.0,1.0,1,77192.0
0,tcp,uucp,RSTO,0,0,0,0,0,0,0,0,0,122,0.0,0.0,1.0,1.0,0.15,0.07,0.0,255,18,0.07,0.07,0.0,0.0,0.0,0.0,1.0,1,72564.0
0,tcp,time,RSTO,0,0,0,0,0,0,0,0,0,229,0.0,0.0,1.0,1.0,0.02,0.07,0.0,255,5,0.02,0.07,0.0,0.0,0.0,0.0,1.0,1,74286.0
0,tcp,ldap,S0,0,0,0,0,0,0,0,0,0,232,1.0,1.0,0.0,0.0,0.05,0.06,0.0,255,11,0.04,0.06,0.0,0.0,1.0,1.0,0.0,1,60992.0
0,tcp,http,SF,248,2462,0,0,1,0,0,0,0,2,0.0,0.0,0.0,0.0,1.0,0.0,0.8,209,255,1.0,0.0,0.0,0.03,0.0,0.0,0.0,0,18471.0
0,tcp,http,SF,310,362,0,0,1,0,0,0,0,33,0.0,0.0,0.0,0.0,1.0,0.0,0.08,90,231,1.0,0.0,0.01,0.02,0.0,0.0,0.0,0,1559.0
0,tcp,login,RSTO,0,0,0,0,0,0,0,0,0,142,0.0,0.0,1.0,1.0,0.09,0.06,0.0,255,13,0.05,0.06,0.0,0.0,0.0,0.0,1.0,1,28498.0
20,tcp,ftp,SF,222,753,0,4,1,0,0,0,0,1,0.0,0.0,0.0,0.0,1.0,0.0,0.0,164,67,0.41,0.04,0.01,0.0,0.01,0.0,0.0,0,83552.0
272,tcp,http,SF,327,274,0,0,1,0,0,0,0,2,0.0,0.0,0.0,0.0,1.0,0.0,0.0,255,254,1.0,0.01,0.0,0.0,0.0,0.0,0.0,0,4742.0
0,tcp,private,S0,0,0,0,0,0,0,0,0,0,169,1.0,1.0,0.0,0.0,0.04,0.06,0.0,255,1,0.0,0.08,0.0,0.0,1.0,1.0,0.0,1,44405.0
0,icmp,eco_i,SF,8,0,0,0,0,0,0,0,0,1,0.0,0.0,0.0,0.0,1.0,0.0,1.0,2,6,1.0,0.0,1.0,0.5,0.0,0.0,0.0,1,93720.0
0,tcp,gopher,S0,0,0,0,0,0,0,0,0,0,247,1.0,1.0,0.0,0.0,0.06,0.05,0.0,255,14,0.05,0.06,0.0,0.0,1.0,1.0,0.0,1,11663.0
0,tcp,smtp,SF,963,339,0,0,1,0,0,0,0,1,0.0,0.0,0.0,0.0,1.0,0.0,0.0,215,241,0.95,0.01,0.0,0.01,0.0,0.0,0.0,0,90292.0
0,icmp,eco_i,SF,8,0,0,0,0,0,0,0,0,1,0.0,0.0,0.0,0.0,1.0,0.0,1.0,4,100,1.0,0.0,1.0,0.25,0.0,0.0,0.0,1,69428.0
0,tcp,other,REJ,0,0,0,0,0,0,0,0,0,508,0.06,0.0,0.94,1.0,0.0,1.0,0.0,255,1,0.0,1.0,0.0,0.0,0.11,0.0,1.0,1,41861.0
1,tcp,smtp,SF,968,329,0,0,1,0,0,0,0,1,0.0,0.0,0.0,0.0,1.0,0.0,1.0,48,185,0.88,0.08,0.02,0.01,0.0,0.0,0.0,0,92531.0
0,tcp,http,SF,324,2650,0,0,1,0,0,0,0,12,0.0,0.0,0.0,0.0,1.0,0.0,0.14,109,255,1.0,0.0,0.01,0.03,0.01,0.01,0.0,0,110317.0
0,tcp,telnet,S0,0,0,0,0,0,0,0,0,0,65,1.0,1.0,0.0,0.0,0.09,0.06,0.0,255,6,0.02,0.05,0.0,0.0,1.0,1.0,0.0,1,3492.0
0,tcp,http,SF,323,278,0,0,1,0,0,0,0,7,0.0,0.0,0.0,0.0,1.0,0.0,0.0,255,255,1.0,0.0,0.0,0.0,0.0,0.0,0.0,0,12747.0
0,tcp,uucp,S0,0,0,0,0,0,0,0,0,0,131,1.0,1.0,0.0,0.0,0.07,0.06,0.0,255,12,0.05,0.07,0.0,0.0,1.0,1.0,0.0,1,115928.0
0,icmp,ecr_i,SF,1032,0,0,0,0,0,0,0,0,511,0.0,0.0,0.0,0.0,1.0,0.0,0.0,255,70,0.27,0.15,0.27,0.0,0.0,0.0,0.0,1,100397.0
0,icmp,ecr_i,SF,1032,0,0,0,0,0,0,0,0,155,0.0,0.0,0.0,0.0,1.0,0.0,0.0,255,155,0.61,0.01,0.61,0.0,0.0,0.0,0.0,1,79230.0
31,tcp,ftp,SF,1419,4152,0,28,1,0,0,0,0,1,0.0,0.0,0.0,0.0,1.0,0.0,0.0,168,45,0.27,0.02,0.01,0.0,0.0,0.0,0.0,0,79995.0
0,tcp,http,SF,332,455,0,0,1,0,0,0,0,13,0.0,0.0,0.0,0.0,1.0,0.0,0.14,255,255,1.0,0.0,0.0,0.0,0.0,0.0,0.0,0,119589.0
0,icmp,eco_i,SF,30,0,0,0,0,0,0,0,0,1,0.0,0.0,0.0,0.0,1.0,0.0,0.0,67,67,1.0,0.0,1.0,0.0,0.0,0.0,0.0,0,63536.0
0,tcp,http,SF,212,2531,0,0,1,0,0,0,0,5,0.0,0.0,0.0,0.0,1.0,0.0,0.0,247,251,1.0,0.0,0.0,0.01,0.01,0.01,0.0,0,35448.0
0,tcp,Z39_50,REJ,0,0,0,0,0,0,0,0,0,208,0.0,0.0,1.0,1.0,0.02,0.07,0.0,255,4,0.02,0.08,0.0,0.0,0.0,0.0,1.0,1,98355.0
0,tcp,netbios_ssn,S0,0,0,0,0,0,0,0,0,0,298,1.0,1.0,0.0,0.0,0.07,0.05,0.0,255,12,0.05,0.05,0.0,0.0,1.0,1.0,0.0,1,123917.0
0,icmp,ecr_i,SF,1480,0,1,0,0,0,0,0,0,2,0.0,0.0,0.0,0.0,1.0,0.0,0.5,4,14,0.5,0.5,0.5,0.5,0.0,0.0,0.0,1,15498.0
0,tcp,private,S0,0,0,0,0,0,0,0,0,0,101,1.0,1.0,0.0,0.0,0.21,0.05,0.0,255,21,0.08,0.06,0.0,0.0,1.0,1.0,0.0,1,48691.0
0,tcp,private,S0,0,0,0,0,0,0,0,0,0,204,1.0,1.0,0.0,0.0,0.03,0.05,0.0,145,6,0.04,0.08,0.01,0.0,0.9,1.0,0.0,1,94560.0
0,tcp,http,SF,215,315,0,0,1,0,0,0,0,39,0.0,0.0,0.0,0.0,1.0,0.0,0.0,255,255,1.0,0.0,0.0,0.0,0.0,0.0,0.0,0,101014.0
4848,udp,other,SF,147,105,0,0,0,0,0,0,0,1,0.0,0.0,0.0,0.0,1.0,0.0,0.0,255,1,0.0,0.56,0.86,0.0,0.0,0.0,0.0,0,32750.0
0,tcp,http,SF,294,616,0,0,1,0,0,0,0,3,0.0,0.0,0.0,0.0,1.0,0.0,0.4,255,255,1.0,0.0,0.0,0.0,0.01,0.01,0.0,0,11608.0
0,tcp,http,SF,212,1385,0,0,1,0,0,0,0,21,0.0,0.0,0.0,0.0,1.0,0.0,0.17,72,255,1.0,0.0,0.01,0.01,0.0,0.0,0.0,0,13916.0
3,tcp,smtp,SF,899,334,0,0,1,0,0,0,0,1,0.0,0.0,0.0,0.0,1.0,0.0,1.0,14,137,0.86,0.21,0.07,0.01,0.0,0.0,0.0,0,109893.0
0,tcp,http,SF,222,193,0,0,1,0,0,0,0,30,0.0,0.0,0.0,0.0,1.0,0.0,0.0,255,255,1.0,0.0,0.0,0.0,0.0,0.0,0.0,0,52902.0
0,tcp,http,SF,186,409,0,0,1,0,0,0,0,3,0.0,0.0,0.0,0.0,1.0,0.0,0.6,19,255,1.0,0.0,0.05,0.01,0.05,0.0,0.0,0,19112.0
1,tcp,time,SF,0,4,0,0,0,0,0,0,0,1,0.0,0.0,0.0,0.0,1.0,0.0,0.0,5,5,1.0,0.0,0.2,0.0,0.0,0.0,0.0,0,39655.0
0,tcp,ftp_data,SF,501760,0,0,0,0,0,0,0,0,1,0.0,0.0,0.0,0.0,1.0,0.0,0.0,237,71,0.3,0.02,0.3,0.0,0.0,0.0,0.0,0,29992.0
0,tcp,iso_tsap,S0,0,0,0,0,0,0,0,0,0,240,1.0,1.0,0.0,0.0,0.02,0.07,0.0,255,5,0.02,0.07,0.0,0.0,1.0,1.0,0.0,1,52143.0
0,tcp,ftp_data,SF,1874,0,0,0,0,0,0,0,0,9,0.0,0.0,0.0,0.0,1.0,0.0,0.0,255,129,0.51,0.01,0.51,0.0,0.0,0.01,0.0,0,39868.0
0,tcp,ftp_data,SF,334,0,0,0,1,0,0,0,0,1,0.0,0.0,0.0,0.0,1.0,0.0,0.0,2,27,1.0,0.0,1.0,0.19,0.0,0.04,0.0,1,35858.0
0,tcp,efs,REJ,0,0,0,0,0,0,0,0,0,136,0.0,0.0,1.0,1.0,0.12,0.05,0.0,255,5,0.02,0.06,0.0,0.0,0.0,0.0,1.0,1,62067.0
0,tcp,http,REJ,0,0,0,0,0,0,0,0,0,1,0.0,0.0,1.0,1.0,1.0,0.0,0.0,11,255,1.0,0.0,0.09,0.08,0.0,0.0,0.89,0,87208.0
671,tcp,other,RSTR,1,0,0,0,0,0,0,0,0,2,0.0,0.0,1.0,1.0,1.0,0.0,0.0,255,2,0.01,0.73,1.0,0.0,0.0,0.0,1.0,1,76315.0
2,tcp,ftp_data,SF,2194619,0,0,0,1,0,0,0,0,1,0.0,0.0,0.0,0.0,1.0,0.0,0.0,152,86,0.32,0.02,0.32,0.02,0.0,0.0,0.0,0,51614.0
0,tcp,http,SF,356,3130,0,0,1,0,0,0,0,16,0.0,0.0,0.0,0.0,1.0,0.0,0.04,16,255,1.0,0.0,0.06,0.03,0.0,0.0,0.0,0,108701.0
0,tcp,netstat,S0,0,0,0,0,0,0,0,0,0,53,1.0,1.0,0.0,0.0,0.15,0.11,0.0,255,8,0.03,0.09,0.0,0.0,1.0,1.0,0.0,1,3389.0
0,tcp,http,SF,319,5036,0,0,1,0,0,0,0,5,0.0,0.0,0.0,0.0,1.0,0.0,0.09,5,255,1.0,0.0,0.2,0.03,0.0,0.0,0.0,0,72379.0
0,icmp,eco_i,SF,8,0,0,0,0,0,0,0,0,1,0.0,0.0,0.0,0.0,1.0,0.0,1.0,2,94,1.0,0.0,1.0,0.5,0.0,0.0,0.0,1,79413.0
0,tcp,http,SF,148,292,0,0,1,0,0,0,0,1,0.0,0.0,0.0,0.0,1.0,0.0,0.0,3,255,1.0,0.0,0.33,0.04,0.33,0.01,0.0,0,14194.0
0,tcp,private,REJ,0,0,0,0,0,0,0,0,0,115,0.01,0.0,0.94,1.0,0.01,1.0,0.0,240,1,0.0,0.51,0.0,0.0,0.0,0.0,1.0,1,28081.0
0,tcp,whois,REJ,0,0,0,0,0,0,0,0,0,210,0.0,0.0,1.0,1.0,0.03,0.07,0.0,255,6,0.02,0.08,0.0,0.0,0.0,0.0,1.0,1,68303.0
0,tcp,ssh,REJ,0,0,0,0,0,0,0,0,0,192,0.0,0.0,1.0,1.0,0.01,0.07,0.0,255,2,0.01,0.07,0.0,0.0,0.0,0.0,1.0,1,116006.0
0,tcp,nnsp,REJ,0,0,0,0,0,0,0,0,0,143,0.0,0.0,1.0,1.0,0.1,0.06,0.0,255,13,0.05,0.07,0.0,0.0,0.0,0.0,1.0,1,104632.0
0,tcp,ftp_data,SF,1830,0,0,0,1,0,0,0,0,5,0.0,0.0,0.0,0.0,1.0,0.0,0.0,16,97,0.94,0.12,0.94,0.03,0.0,0.0,0.0,0,85344.0
0,tcp,efs,REJ,0,0,0,0,0,0,0,0,0,149,0.0,0.0,1.0,1.0,0.13,0.06,0.0,255,20,0.08,0.06,0.0,0.0,0.0,0.0,1.0,1,94740.0
0,tcp,supdup,REJ,0,0,0,0,0,0,0,0,0,141,0.0,0.0,1.0,1.0,0.08,0.06,0.0,255,6,0.02,0.06,0.0,0.0,0.0,0.0,1.0,1,120004.0
0,tcp,http,SF,338,363,0,0,1,0,0,0,0,7,0.0,0.0,0.0,0.0,1.0,0.0,0.25,100,255,1.0,0.0,0.01,0.04,0.0,0.0,0.0,0,21613.0
14182,udp,other,SF,147,105,0,0,0,0,0,0,0,1,0.0,0.0,0.0,0.0,1.0,0.0,0.0,255,1,0.0,0.71,1.0,0.0,0.0,0.0,0.0,0,38748.0
0,tcp,private,REJ,0,0,0,0,0,0,0,0,0,79,0.0,0.0,1.0,1.0,0.08,0.08,0.0,255,20,0.08,0.06,0.0,0.0,0.0,0.0,1.0,1,38241.0
0,tcp,ftp_data,SF,192,0,0,0,0,0,0,0,0,2,0.0,0.0,0.0,0.0,1.0,0.0,0.0,61,46,0.33,0.07,0.33,0.04,0.0,0.0,0.0,0,97307.0
0,icmp,eco_i,SF,30,0,0,0,0,0,0,0,0,5,0.0,0.0,0.0,0.0,0.2,0.6,0.0,255,34,0.13,0.01,0.64,0.0,0.0,0.0,0.0,0,36955.0
0,tcp,http,SF,358,2503,0,0,1,0,0,0,0,9,0.0,0.0,0.0,0.0,1.0,0.0,0.13,255,255,1.0,0.0,0.0,0.0,0.0,0.0,0.0,0,31919.0
0,tcp,private,S0,0,0,0,0,0,0,0,0,0,243,1.0,1.0,0.0,0.0,0.08,0.07,0.0,255,20,0.08,0.07,0.0,0.0,1.0,1.0,0.0,1,24937.0
0,tcp,private,REJ,0,0,0,0,0,0,0,0,0,170,0.0,0.0,1.0,1.0,0.04,0.07,0.0,255,7,0.03,0.09,0.0,0.0,0.0,0.0,1.0,1,40076.0
0,tcp,Z39_50,S0,0,0,0,0,0,0,0,0,0,104,1.0,1.0,0.0,0.0,0.04,0.07,0.0,255,4,0.02,0.07,0.0,0.0,1.0,1.0,0.0,1,37635.0
4,tcp,smtp,SF,3168,332,0,0,1,0,0,0,0,1,0.0,0.0,0.0,0.0,1.0,0.0,1.0,34,172,0.88,0.09,0.03,0.01,0.0,0.0,0.0,0,78038.0
0,tcp,netbios_dgm,S0,0,0,0,0,0,0,0,0,0,239,1.0,1.0,0.0,0.0,0.03,0.06,0.0,255,3,0.01,0.08,0.0,0.0,1.0,1.0,0.0,1,20339.0
0,tcp,http,SF,341,16123,0,0,1,0,0,0,0,4,0.0,0.0,0.0,0.0,1.0,0.0,0.0,38,255,1.0,0.0,0.03,0.04,0.0,0.0,0.0,0,63638.0
2,tcp,ftp_data,SF,2194619,0,0,0,1,0,0,0,0,6,0.0,0.0,0.0,0.0,0.33,0.5,0.0,255,6,0.02,0.65,0.02,0.0,0.0,0.0,0.0,0,31697.0
0,tcp,http,SF,219,1467,0,0,1,0,0,0,0,10,0.0,0.0,0.0,0.0,1.0,0.0,0.18,50,255,1.0,0.0,0.02,0.05,0.0,0.0,0.0,0,66357.0
0,udp,private,SF,1,0,0,0,0,0,0,0,0,40,0.0,0.0,0.0,0.0,0.1,0.05,0.0,255,47,0.18,0.23,1.0,0.0,0.0,0.0,0.0,1,49189.0
0,tcp,bgp,S0,0,0,0,0,0,0,0,0,0,264,1.0,1.0,0.0,0.0,0.03,0.06,0.0,255,8,0.03,0.06,0.0,0.0,1.0,1.0,0.0,1,72170.0
0,tcp,ctf,REJ,0,0,0,0,0,0,0,0,0,239,0.0,0.0,1.0,1.0,0.0,0.07,0.0,255,1,0.0,0.08,0.0,0.0,0.0,0.0,1.0,1,48021.0
0,tcp,http,SF,214,7208,0,0,1,0,0,0,0,19,0.0,0.0,0.0,0.0,1.0,0.0,0.08,255,255,1.0,0.0,0.0,0.0,0.0,0.0,0.0,0,119748.0
0,tcp,uucp,RSTO,0,0,0,0,0,0,0,0,0,122,0.0,0.0,1.0,1.0,0.07,0.07,0.0,255,9,0.04,0.08,0.0,0.0,0.0,0.0,1.0,1,32133.0
0,tcp,private,S0,0,0,0,0,0,0,0,0,0,94,1.0,1.0,0.0,0.0,0.04,0.07,0.0,255,17,0.07,0.05,0.0,0.0,1.0,1.0,0.0,1,69197.0
0,tcp,other,REJ,0,0,0,0,0,0,0,0,0,511,0.26,0.0,0.74,1.0,0.0,1.0,0.0,255,1,0.0,1.0,0.0,0.0,0.18,0.0,1.0,1,6930.0
0,icmp,eco_i,SF,8,0,0,0,0,0,0,0,0,1,0.0,0.0,0.0,0.0,1.0,0.0,1.0,3,41,1.0,0.0,1.0,0.27,0.0,0.0,0.0,1,80909.0
0,tcp,http,SF,230,4691,0,0,1,0,0,0,0,9,0.0,0.0,0.0,0.0,1.0,0.0,0.09,255,255,1.0,0.0,0.0,0.0,0.0,0.0,0.0,0,43565.0
0,tcp,private,S0,0,0,0,0,0,0,0,0,0,183,1.0,1.0,0.0,0.0,0.06,0.06,0.0,255,11,0.04,0.07,0.0,0.0,1.0,1.0,0.0,1,118481.0
0,tcp,http,SF,233,493,0,0,1,0,0,0,0,20,0.0,0.0,0.0,0.0,1.0,0.0,0.13,20,255,1.0,0.0,0.05,0.05,0.0,0.0,0.0,0,16480.0
0,tcp,bgp,S0,0,0,0,0,0,0,0,0,0,102,1.0,1.0,0.0,0.0,0.01,0.06,0.0,255,1,0.0,0.05,0.0,0.0,1.0,1.0,0.0,1,24081.0
0,udp,other,SF,147,0,0,0,0,0,0,0,0,5,0.0,0.0,0.0,0.0,0.2,0.6,0.0,255,1,0.0,0.36,0.78,0.0,0.0,0.0,0.0,0,63701.0
0,udp,domain_u,SF,45,73,0,0,0,0,0,0,0,283,0.0,0.0,0.0,0.0,1.0,0.0,0.0,255,209,0.82,0.01,0.0,0.0,0.0,0.0,0.0,0,78795.0
0,tcp,csnet_ns,S0,0,0,0,0,0,0,0,0,0,220,1.0,1.0,0.0,0.0,0.05,0.05,0.0,255,12,0.05,0.06,0.0,0.0,1.0,1.0,0.0,1,119846.0
0,tcp,http,SF,225,3006,0,0,1,0,0,0,0,2,0.0,0.0,0.0,0.0,1.0,0.0,0.0,255,255,1.0,0.0,0.0,0.0,0.0,0.0,0.0,0,94611.0
23,tcp,ftp,SF,295,903,0,5,1,0,0,0,0,1,0.0,0.0,0.0,0.0,1.0,0.0,0.0,146,27,0.18,0.05,0.01,0.0,0.0,0.0,0.07,0,10274.0
0,udp,ntp_u,SF,48,48,0,0,0,0,0,0,0,4,0.0,0.0,0.0,0.0,0.25,0.5,0.0,255,25,0.1,0.01,0.1,0.0,0.0,0.0,0.0,0,66148.0
0,tcp,http,SF,277,6090,0,0,1,0,0,0,0,3,0.0,0.0,0.0,0.0,1.0,0.0,0.0,9,255,1.0,0.0,0.11,0.05,0.0,0.0,0.0,0,116442.0
0,tcp,ssh,REJ,0,0,0,0,0,0,0,0,0,119,0.0,0.0,1.0,1.0,0.08,0.08,0.0,255,9,0.04,0.07,0.0,0.0,0.0,0.0,1.0,1,31688.0
0,tcp,http,SF,296,4414,0,0,1,0,0,0,0,1,0.0,0.0,0.0,0.0,1.0,0.0,0.0,38,255,1.0,0.0,0.03,0.08,0.0,0.01,0.0,0,56739.0
0,tcp,http,SF,303,784,0,0,1,0,0,0,0,5,0.0,0.0,0.0,0.0,1.0,0.0,0.0,5,255,1.0,0.0,0.2,0.03,0.0,0.0,0.0,0,83276.0
0,tcp,gopher,S0,0,0,0,0,0,0,0,0,0,254,1.0,1.0,0.0,0.0,0.04,0.06,0.0,255,9,0.04,0.07,0.0,0.0,1.0,1.0,0.0,1,104505.0
0,tcp,iso_tsap,REJ,0,0,0,0,0,0,0,0,0,266,0.0,0.0,1.0,1.0,0.03,0.06,0.0,255,9,0.04,0.08,0.0,0.0,0.0,0.0,1.0,1,78073.0
0,tcp,iso_tsap,S0,0,0,0,0,0,0,0,0,0,273,1.0,1.0,0.0,0.0,0.07,0.06,0.0,255,19,0.07,0.07,0.0,0.0,1.0,1.0,0.0,1,11158.0
0,tcp,http,SF,207,302,0,0,1,0,0,0,0,5,0.0,0.0,0.0,0.0,1.0,0.0,0.33,29,255,1.0,0.0,0.03,0.03,0.0,0.0,0.0,0,111016.0
17890,udp,other,SF,145,105,0,0,0,0,0,0,0,1,0.0,0.0,0.0,0.0,1.0,0.0,0.0,4,1,0.25,0.75,1.0,0.0,0.0,0.0,0.0,0,66153.0
0,tcp,http,SF,144,7909,0,0,1,0,0,0,0,13,0.0,0.0,0.0,0.0,1.0,0.0,0.18,75,255,1.0,0.0,0.01,0.03,0.0,0.0,0.0,0,53182.0
0,tcp,smtp,SF,1378,388,0,0,1,0,0,0,0,1,0.0,0.0,0.0,0.0,1.0,0.0,1.0,41,164,0.54,0.07,0.02,0.01,0.0,0.0,0.0,0,112829.0
0,tcp,http,SF,314,4451,0,0,1,0,0,0,0,3,0.0,0.0,0.0,0.0,1.0,0.0,0.0,3,255,1.0,0.0,0.33,0.04,0.0,0.01,0.0,0,50993.0
0,tcp,whois,REJ,0,0,0,0,0,0,0,0,0,223,0.0,0.0,1.0,1.0,0.03,0.07,0.0,255,7,0.03,0.08,0.0,0.0,0.0,0.0,1.0,1,75300.0
0,tcp,private,S0,0,0,0,0,0,0,0,0,0,145,1.0,1.0,0.0,0.0,0.09,0.06,0.0,255,5,0.02,0.08,0.0,0.0,1.0,1.0,0.0,1,122618.0
0,tcp,iso_tsap,REJ,0,0,0,0,0,0,0,0,0,248,0.0,0.0,1.0,1.0,0.06,0.06,0.0,255,14,0.05,0.07,0.0,0.0,0.0,0.0,1.0,1,95082.0
0,tcp,http,SF,225,446,0,0,1,0,0,0,0,10,0.0,0.0,0.0,0.0,1.0,0.0,0.0,48,255,1.0,0.0,0.02,0.01,0.0,0.0,0.07,0,83345.0
0,tcp,http,SF,0,6378,0,0,0,0,0,0,0,3,0.33,0.33,0.0,0.0,1.0,0.0,0.0,38,255,1.0,0.0,0.03,0.05,0.0,0.0,0.0,0,100529.0
0,tcp,ftp,OTH,208,669,0,6,1,0,0,0,0,1,0.0,0.0,0.0,0.0,1.0,0.0,0.0,215,39,0.18,0.02,0.0,0.0,0.02,0.08,0.0,0,63778.0
0,tcp,exec,S0,0,0,0,0,0,0,0,0,0,123,1.0,1.0,0.0,0.0,0.14,0.06,0.0,255,17,0.07,0.05,0.0,0.0,1.0,1.0,0.0,1,96636.0
0,tcp,netbios_ns,S0,0,0,0,0,0,0,0,0,0,292,1.0,1.0,0.0,0.0,0.09,0.05,0.0,255,25,0.1,0.05,0.0,0.0,1.0,1.0,0.0,1,2675.0
0,tcp,nnsp,S0,0,0,0,0,0,0,0,0,0,138,1.0,1.0,0.0,0.0,0.06,0.07,0.0,255,8,0.03,0.06,0.0,0.0,1.0,1.0,0.0,1,12319.0
0,tcp,http,S0,0,0,0,0,0,0,0,0,0,257,1.0,0.75,0.0,0.0,0.01,0.07,0.5,255,3,0.01,0.07,0.0,0.0,1.0,1.0,0.0,1,94728.0
0,tcp,http,SF,417,10339,0,0,1,0,0,0,0,1,0.0,0.0,0.0,0.0,1.0,0.0,0.4,32,255,1.0,0.0,0.03,0.05,0.0,0.0,0.0,0,119619.0
0,tcp,private,S0,0,0,0,0,0,0,0,0,0,256,1.0,1.0,0.0,0.0,0.06,0.06,0.0,255,6,0.02,0.09,0.0,0.0,1.0,1.0,0.0,1,95468.0
0,tcp,http,SF,267,6191,0,0,1,0,0,0,0,2,0.0,0.0,0.0,0.0,1.0,0.0,0.0,49,255,1.0,0.0,0.02,0.01,0.0,0.0,0.0,0,65172.0
0,tcp,private,S0,0,0,0,0,0,0,0,0,0,41,1.0,1.0,0.0,0.0,0.1,0.12,0.0,255,16,0.06,0.08,0.0,0.0,1.0,1.0,0.0,1,79290.0
0,tcp,private,S0,0,0,0,0,0,0,0,0,0,280,1.0,1.0,0.0,0.0,0.07,0.05,0.0,255,2,0.01,0.08,0.0,0.0,1.0,1.0,0.0,1,59582.0
0,tcp,ftp_data,SF,245,0,0,0,1,0,0,1,0,2,0.0,0.0,0.0,0.0,1.0,0.0,0.67,158,47,0.2,0.04,0.2,0.04,0.0,0.0,0.0,0,123072.0
0,tcp,http,RSTO,0,0,0,0,1,0,0,0,0,4,0.0,0.0,0.25,0.17,1.0,0.0,0.33,134,255,1.0,0.0,0.01,0.03,0.0,0.0,0.0,0,117741.0
0,tcp,login,RSTO,0,0,0,0,0,0,0,0,0,103,0.0,0.0,1.0,1.0,0.01,0.08,0.0,255,1,0.0,0.07,0.0,0.0,0.0,0.0,1.0,1,50597.0
0,tcp,private,S0,0,0,0,0,0,0,0,0,0,269,1.0,1.0,0.0,0.0,0.04,0.06,0.0,255,11,0.04,0.07,0.0,0.0,1.0,1.0,0.0,1,99413.0
0,tcp,http,SF,309,1112,0,0,1,0,0,0,0,5,0.0,0.0,0.0,0.0,1.0,0.0,0.0,255,255,1.0,0.0,0.0,0.0,0.0,0.0,0.0,0,72502.0
0,tcp,http,SF,295,1563,0,0,1,0,0,0,0,9,0.0,0.0,0.0,0.0,1.0,0.0,0.0,39,255,1.0,0.0,0.03,0.04,0.0,0.0,0.0,0,31111.0
0,udp,domain_u,SF,44,79,0,0,0,0,0,0,0,239,0.0,0.0,0.0,0.0,1.0,0.0,0.01,255,219,0.86,0.01,0.0,0.0,0.0,0.0,0.0,0,31550.0
5219,udp,other,SF,145,105,0,0,0,0,0,0,0,4,0.0,0.0,0.0,0.0,0.5,0.5,0.0,255,2,0.01,0.51,0.88,0.0,0.0,0.0,0.0,0,103294.0
0,tcp,private,S0,0,0,0,0,0,0,0,0,0,135,1.0,1.0,0.0,0.0,0.13,0.06,0.0,38,3,0.08,0.18,0.03,0.0,1.0,1.0,0.0,1,17554.0
0,udp,private,SF,105,147,0,0,0,0,0,0,0,1,0.0,0.0,0.0,0.0,1.0,0.0,0.0,167,165,0.99,0.01,0.01,0.0,0.0,0.0,0.0,0,38811.0
0,tcp,http,SF,54540,8314,0,2,1,1,0,0,0,4,0.0,0.0,0.0,0.0,1.0,0.0,0.0,45,45,1.0,0.0,0.02,0.0,0.0,0.0,0.27,1,55940.0
0,tcp,http,SF,220,351,0,0,1,0,0,0,0,5,0.0,0.0,0.0,0.0,1.0,0.0,0.0,74,166,1.0,0.0,0.01,0.03,0.0,0.01,0.0,0,64624.0
0,tcp,uucp_path,S0,0,0,0,0,0,0,0,0,0,256,1.0,1.0,0.0,0.0,0.04,0.06,0.0,255,12,0.05,0.07,0.0,0.0,1.0,1.0,0.0,1,3931.0
0,tcp,private,S0,0,0,0,0,0,0,0,0,0,158,1.0,1.0,0.0,0.0,0.04,0.06,0.0,255,5,0.02,0.06,0.0,0.0,1.0,1.0,0.0,1,39500.0
0,tcp,ftp_data,SF,748,0,0,0,0,0,0,0,0,1,0.0,0.0,0.0,0.0,1.0,0.0,0.0,111,1,0.01,0.04,0.01,0.0,0.01,0.0,0.0,0,103778.0
0,tcp,ftp_data,SF,749,0,0,0,1,0,0,0,0,4,0.0,0.0,0.0,0.0,1.0,0.0,0.0,76,31,0.26,0.04,0.26,0.06,0.0,0.0,0.0,0,116593.0
0,tcp,http,SF,272,1373,0,0,1,0,0,0,0,1,0.0,0.0,0.0,0.0,1.0,0.0,0.0,1,255,1.0,0.0,1.0,0.01,0.0,0.0,0.0,0,27365.0
0,tcp,domain,S0,0,0,0,0,0,0,0,0,0,247,1.0,1.0,0.0,0.0,0.0,0.07,0.0,255,1,0.0,0.08,0.0,0.0,1.0,1.0,0.0,1,87386.0
0,tcp,netstat,S0,0,0,0,0,0,0,0,0,0,205,1.0,1.0,0.0,0.0,0.08,0.06,0.0,255,16,0.06,0.07,0.0,0.0,1.0,1.0,0.0,1,59318.0
0,tcp,sunrpc,S0,0,0,0,0,0,0,0,0,0,129,1.0,1.0,0.0,0.0,0.04,0.05,0.0,255,5,0.02,0.05,0.0,0.0,1.0,1.0,0.0,1,117540.0
0,icmp,eco_i,SF,8,0,0,0,0,0,0,0,0,1,0.0,0.0,0.0,0.0,1.0,0.0,1.0,1,125,1.0,0.0,1.0,0.5,0.0,0.0,0.0,1,39080.0
3,tcp,smtp,SF,1770,328,0,0,1,0,0,0,0,1,0.0,0.0,0.0,0.0,1.0,0.0,1.0,152,248,0.97,0.01,0.01,0.01,0.0,0.0,0.0,0,1187.0
0,tcp,systat,S0,0,0,0,0,0,0,0,0,0,265,1.0,1.0,0.0,0.0,0.02,0.06,0.0,255,4,0.02,0.09,0.0,0.0,1.0,1.0,0.0,1,120728.0
0,tcp,sunrpc,S0,0,0,0,0,0,0,0,0,0,15,1.0,1.0,0.0,0.0,0.47,0.2,0.0,255,7,0.03,0.08,0.0,0.0,1.0,1.0,0.0,1,61615.0
0,tcp,http,SF,222,368,0,0,1,0,0,0,0,6,0.0,0.0,0.0,0.0,1.0,0.0,0.29,13,255,1.0,0.0,0.08,0.03,0.0,0.0,0.0,0,19406.0
0,udp,domain_u,SF,46,75,0,0,0,0,0,0,0,156,0.0,0.0,0.0,0.0,1.0,0.0,0.0,255,254,1.0,0.01,0.01,0.0,0.0,0.0,0.0,0,14409.0
0,tcp,courier,S0,0,0,0,0,0,0,0,0,0,5,1.0,1.0,0.0,0.0,0.6,0.4,0.0,255,12,0.05,0.08,0.0,0.0,1.0,1.0,0.0,1,26101.0
0,tcp,finger,S0,0,0,0,0,0,0,0,0,0,18,1.0,1.0,0.0,0.0,1.0,0.0,0.0,78,24,0.23,0.05,0.01,0.08,1.0,0.75,0.0,1,951.0
0,tcp,http,SF,196,3282,0,0,1,0,0,0,0,14,0.0,0.0,0.0,0.0,1.0,0.0,0.13,255,255,1.0,0.0,0.0,0.0,0.0,0.0,0.0,0,33827.0
0,tcp,private,REJ,0,0,0,0,0,0,0,0,0,27,0.0,0.0,0.93,1.0,0.04,1.0,0.0,255,1,0.0,0.15,0.0,0.0,0.0,0.0,1.0,1,103536.0
0,tcp,http,SF,199,619,0,0,1,0,0,0,0,2,0.0,0.0,0.0,0.0,1.0,0.0,0.0,186,255,1.0,0.0,0.01,0.01,0.0,0.0,0.0,0,92396.0
0,tcp,telnet,S0,0,0,0,0,0,0,0,0,0,202,1.0,1.0,0.0,0.0,0.01,0.07,0.0,255,20,0.08,0.07,0.0,0.0,1.0,1.0,0.0,1,5056.0
0,tcp,private,REJ,0,0,0,0,0,0,0,0,0,109,0.0,0.0,1.0,1.0,0.08,0.06,0.0,255,26,0.1,0.08,0.0,0.0,0.0,0.0,1.0,1,115820.0
0,tcp,http,SF,467,9887,0,0,1,0,0,0,0,14,0.0,0.0,0.0,0.0,1.0,0.0,0.0,49,249,1.0,0.0,0.02,0.11,0.0,0.0,0.85,0,44059.0
0,tcp,http_443,REJ,0,0,0,0,0,0,0,0,0,103,0.0,0.0,1.0,1.0,0.01,0.08,0.0,255,1,0.0,0.06,0.0,0.0,0.0,0.0,1.0,1,118075.0
0,tcp,http,SF,324,1444,0,0,1,0,0,0,0,9,0.11,0.11,0.0,0.0,1.0,0.0,0.0,255,255,1.0,0.0,0.0,0.0,0.0,0.0,0.0,0,36472.0
0,tcp,http,SF,245,2317,0,0,1,0,0,0,0,2,0.0,0.0,0.0,0.0,1.0,0.0,0.6,108,255,1.0,0.0,0.01,0.03,0.0,0.0,0.0,0,99951.0
0,tcp,private,S0,0,0,0,0,0,0,0,0,0,55,1.0,1.0,0.0,0.0,0.05,0.09,0.0,255,3,0.01,0.07,0.0,0.0,1.0,1.0,0.0,1,37955.0
0,icmp,eco_i,SF,8,0,0,0,0,0,0,0,0,1,0.0,0.0,0.0,0.0,1.0,0.0,1.0,2,86,1.0,0.0,1.0,0.5,0.0,0.0,0.0,1,97127.0
0,tcp,smtp,SF,1533,335,0,0,1,0,0,0,0,1,0.0,0.0,0.0,0.0,1.0,0.0,1.0,134,177,0.77,0.03,0.01,0.01,0.0,0.0,0.0,0,116553.0
0,udp,domain_u,SF,42,42,0,0,0,0,0,0,0,82,0.0,0.0,0.0,0.0,1.0,0.0,0.02,255,254,1.0,0.01,0.01,0.0,0.0,0.0,0.0,0,106981.0
0,tcp,http,SF,239,1423,0,0,1,0,0,0,0,13,0.0,0.0,0.0,0.0,1.0,0.0,0.0,255,255,1.0,0.0,0.0,0.0,0.0,0.0,0.0,0,16355.0
0,tcp,csnet_ns,S0,0,0,0,0,0,0,0,0,0,219,1.0,1.0,0.0,0.0,0.07,0.07,0.0,255,16,0.06,0.08,0.0,0.0,1.0,1.0,0.0,1,17046.0
0,tcp,http,SF,331,304,0,0,1,0,0,0,0,4,0.25,0.25,0.0,0.0,1.0,0.0,0.0,255,255,1.0,0.0,0.0,0.0,0.0,0.0,0.0,0,121922.0
0,tcp,private,S0,0,0,0,0,0,0,0,0,0,257,1.0,1.0,0.0,0.0,0.02,0.05,0.0,255,6,0.02,0.05,0.0,0.0,1.0,1.0,0.0,1,14433.0
0,tcp,private,S0,0,0,0,0,0,0,0,0,0,273,1.0,1.0,0.0,0.0,0.06,0.05,0.0,255,16,0.06,0.06,0.0,0.0,1.0,1.0,0.0,1,46235.0
0,tcp,http,SF,250,272,0,0,1,0,0,0,0,10,0.0,0.0,0.0,0.0,1.0,0.0,0.0,255,255,1.0,0.0,0.0,0.0,0.0,0.0,0.0,0,113247.0
0,tcp,smtp,SF,3134,334,0,0,1,0,0,0,1,1,0.0,0.0,0.0,0.0,1.0,0.0,0.0,255,201,0.79,0.02,0.0,0.0,0.0,0.0,0.0,0,56838.0
0,tcp,http,SF,54540,8314,0,2,1,1,0,0,0,3,0.0,0.0,0.0,0.0,1.0,0.0,0.0,85,85,1.0,0.0,0.01,0.0,0.0,0.0,0.01,1,17595.0
0,tcp,http,REJ,0,0,0,0,0,0,0,0,0,111,0.0,0.0,1.0,1.0,0.14,0.06,0.0,255,14,0.05,0.07,0.0,0.0,0.0,0.0,1.0,1,41280.0
0,icmp,ecr_i,SF,520,0,0,0,0,0,0,0,0,479,0.0,0.0,0.0,0.0,1.0,0.0,0.0,91,91,1.0,0.0,1.0,0.0,0.0,0.0,0.0,1,29906.0
0,tcp,http,SF,246,4143,0,0,1,0,0,0,0,26,0.0,0.0,0.0,0.0,1.0,0.0,0.11,255,255,1.0,0.0,0.0,0.0,0.0,0.0,0.0,0,42678.0
0,tcp,http,SF,337,1133,0,0,1,0,0,0,0,12,0.0,0.0,0.0,0.0,1.0,0.0,0.0,255,255,1.0,0.0,0.0,0.0,0.0,0.0,0.0,0,49195.0
0,tcp,http,S0,0,0,0,0,0,0,0,0,0,250,1.0,0.95,0.0,0.0,0.08,0.06,0.1,255,19,0.07,0.07,0.0,0.0,1.0,1.0,0.0,1,66393.0
0,tcp,http,SF,316,357,0,0,1,0,0,0,0,19,0.0,0.0,0.0,0.0,1.0,0.0,0.0,255,255,1.0,0.0,0.0,0.0,0.0,0.0,0.0,0,44279.0
0,tcp,private,REJ,0,0,0,0,0,0,0,0,0,13,0.0,0.0,0.92,1.0,0.08,1.0,0.0,131,1,0.01,0.21,0.01,0.0,0.0,0.0,1.0,1,41369.0
0,tcp,http,SF,217,617,0,0,1,0,0,0,0,23,0.0,0.0,0.0,0.0,1.0,0.0,0.0,255,255,1.0,0.0,0.0,0.0,0.0,0.0,0.0,0,47748.0
0,tcp,pop_3,SF,35,130,0,0,1,0,0,0,0,1,0.0,0.0,0.0,0.0,1.0,0.0,0.0,164,8,0.03,0.04,0.01,0.25,0.0,0.0,0.0,0,739.0
0,udp,private,SF,1,0,0,0,0,0,0,0,0,6,0.0,0.0,0.0,0.0,0.33,0.33,0.0,255,2,0.01,0.72,0.37,0.0,0.02,0.0,0.0,1,41795.0
0,tcp,ftp_data,SF,175337,0,0,0,1,0,0,0,0,2,0.0,0.0,0.0,0.0,1.0,0.0,0.0,219,70,0.32,0.03,0.32,0.0,0.0,0.0,0.0,0,107021.0
0,tcp,private,REJ,0,0,0,0,0,0,0,0,0,235,0.0,0.0,1.0,1.0,0.06,0.07,0.0,255,15,0.06,0.07,0.0,0.0,0.0,0.0,1.0,1,114919.0
0,tcp,private,S0,0,0,0,0,0,0,0,0,0,47,1.0,1.0,0.0,0.0,0.21,0.13,0.0,255,19,0.07,0.09,0.0,0.0,1.0,1.0,0.0,1,14072.0
0,udp,domain_u,SF,44,70,0,0,0,0,0,0,0,303,0.0,0.0,0.0,0.0,1.0,0.0,0.0,255,217,0.85,0.01,0.0,0.0,0.0,0.0,0.0,0,8402.0
0,tcp,private,REJ,0,0,0,0,0,0,0,0,0,109,0.07,0.0,0.91,1.0,0.01,1.0,0.0,255,1,0.0,0.68,0.0,0.0,0.03,0.0,1.0,1,38538.0
0,udp,domain_u,SF,42,42,0,0,0,0,0,0,0,5,0.0,0.0,0.0,0.0,1.0,0.0,0.33,154,149,0.97,0.02,0.01,0.0,0.0,0.0,0.0,0,80555.0
0,tcp,http,REJ,0,0,0,0,0,0,0,0,0,201,0.0,0.0,1.0,1.0,0.0,0.06,0.0,255,1,0.0,0.08,0.0,0.0,0.0,0.0,1.0,1,101422.0
0,tcp,http,SF,206,812,0,0,1,0,0,0,0,25,0.0,0.0,0.0,0.01,1.0,0.0,0.06,114,255,1.0,0.0,0.01,0.01,0.0,0.0,0.0,0,68030.0
0,tcp,http,SF,208,556,0,0,1,0,0,0,0,3,0.0,0.0,0.0,0.0,1.0,0.0,0.0,25,255,1.0,0.0,0.04,0.02,0.0,0.0,0.0,0,89189.0
0,tcp,nnsp,S0,0,0,0,0,0,0,0,0,0,87,1.0,1.0,0.0,0.0,0.21,0.07,0.0,255,18,0.07,0.07,0.0,0.0,1.0,1.0,0.0,1,36783.0
0,tcp,ftp_data,S0,0,0,0,0,0,0,0,0,0,5,1.0,1.0,0.0,0.0,1.0,0.0,0.0,255,53,0.21,0.02,0.0,0.0,1.0,1.0,0.0,1,107413.0
0,tcp,http,S0,0,0,0,0,0,0,0,0,0,16,1.0,1.0,0.0,0.0,0.12,0.19,0.0,255,56,0.22,0.04,0.0,0.0,1.0,1.0,0.0,1,59988.0
0,udp,domain_u,SF,46,117,0,0,0,0,0,0,0,5,0.0,0.0,0.0,0.0,1.0,0.0,0.1,255,250,0.98,0.01,0.0,0.0,0.0,0.0,0.0,0,121494.0
2,tcp,smtp,SF,2096,337,0,0,1,0,0,0,0,1,0.0,0.0,0.0,0.0,1.0,0.0,0.0,174,103,0.59,0.02,0.01,0.0,0.01,0.0,0.0,0,97250.0
0,tcp,exec,S0,0,0,0,0,0,0,0,0,0,147,1.0,1.0,0.0,0.0,0.12,0.06,0.0,255,14,0.05,0.07,0.0,0.0,1.0,1.0,0.0,1,18861.0
0,tcp,http,SF,290,2782,0,0,1,0,0,0,0,11,0.0,0.0,0.0,0.0,1.0,0.0,0.15,48,255,1.0,0.0,0.02,0.03,0.0,0.0,0.0,0,82664.0
0,tcp,finger,SF,9,141,0,0,0,0,0,0,0,1,0.0,0.0,0.0,0.0,1.0,0.0,0.0,236,14,0.06,0.02,0.0,0.0,0.0,0.0,0.0,0,29981.0
0,udp,domain_u,SF,44,44,0,0,0,0,0,0,0,194,0.0,0.0,0.0,0.0,1.0,0.0,0.0,255,255,1.0,0.0,0.01,0.0,0.0,0.0,0.0,0,59495.0
0,tcp,http,SF,323,3411,0,0,1,0,0,0,0,13,0.0,0.0,0.0,0.0,1.0,0.0,0.18,70,255,1.0,0.0,0.01,0.05,0.0,0.0,0.0,0,49870.0
0,tcp,http,SF,275,12539,0,0,1,0,0,0,0,1,0.0,0.0,0.0,0.0,1.0,0.0,0.0,146,255,1.0,0.0,0.01,0.01,0.0,0.0,0.0,0,102848.0
0,tcp,http,SF,208,8743,0,0,1,0,0,0,0,13,0.0,0.0,0.0,0.0,1.0,0.0,0.0,255,255,1.0,0.0,0.0,0.0,0.0,0.0,0.0,0,17196.0
0,tcp,http,SF,295,26504,0,0,1,0,0,0,0,5,0.0,0.0,0.0,0.0,1.0,0.0,0.0,10,255,1.0,0.0,0.1,0.01,0.0,0.0,0.0,0,19214.0
0,tcp,http,SF,320,1931,0,0,1,0,0,0,0,5,0.0,0.0,0.0,0.0,1.0,0.0,0.29,255,255,1.0,0.0,0.0,0.0,0.0,0.0,0.0,0,68977.0
0,tcp,private,S0,0,0,0,0,0,0,0,0,0,76,1.0,1.0,0.0,0.0,0.08,0.08,0.0,183,6,0.03,0.07,0.01,0.0,1.0,1.0,0.0,1,29945.0
0,tcp,http,SF,296,6559,0,0,1,0,0,0,0,22,0.0,0.0,0.0,0.0,1.0,0.0,0.0,22,255,1.0,0.0,0.05,0.01,0.0,0.0,0.0,0,57906.0
5,tcp,smtp,SF,576,331,0,0,1,0,0,0,0,1,0.0,0.0,0.0,0.0,1.0,0.0,0.0,187,135,0.57,0.03,0.01,0.01,0.0,0.0,0.0,0,120455.0
0,tcp,private,S0,0,0,0,0,0,0,0,0,0,128,1.0,1.0,0.0,0.0,0.11,0.05,0.0,255,9,0.04,0.06,0.0,0.0,1.0,1.0,0.0,1,83398.0
0,udp,domain_u,SF,45,114,0,0,0,0,0,0,0,43,0.0,0.0,0.0,0.0,1.0,0.0,0.0,255,254,1.0,0.01,0.0,0.0,0.0,0.0,0.0,0,91339.0
0,tcp,http,SF,336,1352,0,0,1,0,0,0,0,9,0.0,0.0,0.0,0.0,1.0,0.0,0.06,75,255,1.0,0.0,0.01,0.04,0.0,0.0,0.0,0,7010.0
0,udp,domain_u,SF,45,133,0,0,0,0,0,0,0,42,0.0,0.0,0.0,0.0,1.0,0.0,0.02,255,254,1.0,0.01,0.0,0.0,0.0,0.0,0.0,0,103260.0
3851,tcp,other,RSTR,1,0,0,0,0,0,0,0,0,2,0.0,0.0,1.0,1.0,1.0,0.0,0.0,255,2,0.01,0.67,1.0,0.0,0.0,0.0,1.0,1,61953.0
0,tcp,private,REJ,0,0,0,0,0,0,0,0,0,1,0.0,0.0,1.0,1.0,1.0,0.0,0.0,33,1,0.03,1.0,0.03,0.0,0.0,0.0,1.0,1,47712.0
0,tcp,http,SF,228,5233,0,0,1,0,0,0,0,4,0.0,0.0,0.0,0.0,1.0,0.0,0.22,169,255,1.0,0.0,0.01,0.01,0.0,0.0,0.0,0,66581.0
0,tcp,http,SF,292,2142,0,0,1,0,0,0,0,11,0.0,0.0,0.0,0.0,1.0,0.0,0.17,145,255,1.0,0.0,0.01,0.01,0.0,0.0,0.0,0,119671.0
0,udp,domain_u,SF,45,139,0,0,0,0,0,0,0,69,0.0,0.0,0.0,0.0,1.0,0.0,0.01,255,255,1.0,0.0,0.0,0.0,0.0,0.0,0.0,0,39338.0
0,udp,private,SF,1,0,0,0,0,0,0,0,0,3,0.0,0.0,0.0,0.0,1.0,0.0,0.0,255,3,0.01,0.98,0.02,0.0,0.13,0.0,0.0,1,52574.0
0,tcp,http,SF,231,334,0,0,1,0,0,0,0,10,0.0,0.0,0.0,0.0,1.0,0.0,0.13,36,255,1.0,0.0,0.03,0.05,0.0,0.0,0.0,0,97033.0
0,tcp,whois,S0,0,0,0,0,0,0,0,0,0,222,1.0,1.0,0.0,0.0,0.07,0.07,0.0,255,16,0.06,0.06,0.0,0.0,1.0,1.0,0.0,1,79560.0
0,icmp,urp_i,SF,78,0,0,0,0,0,0,0,0,45,0.0,0.0,0.0,0.0,0.18,0.04,0.0,255,13,0.05,0.01,0.05,0.0,0.0,0.0,0.0,0,104003.0
0,udp,private,SF,1,0,0,0,0,0,0,0,0,3,0.0,0.0,0.0,0.0,1.0,0.0,0.0,255,3,0.01,0.73,0.36,0.0,0.03,0.0,0.0,1,47277.0
0,tcp,smtp,SF,1068,334,0,0,1,0,0,0,0,1,0.0,0.0,0.0,0.0,1.0,0.0,0.0,136,181,0.81,0.03,0.01,0.01,0.0,0.0,0.0,0,80008.0
0,udp,domain_u,SF,44,84,0,0,0,0,0,0,0,307,0.0,0.0,0.0,0.0,1.0,0.01,0.0,255,254,1.0,0.01,0.0,0.0,0.0,0.0,0.0,0,13483.0
0,tcp,link,S0,0,0,0,0,0,0,0,0,0,240,1.0,1.0,0.0,0.0,0.06,0.07,0.0,255,14,0.05,0.07,0.0,0.0,1.0,1.0,0.0,1,120559.0
0,tcp,uucp_path,S0,0,0,0,0,0,0,0,0,0,135,1.0,1.0,0.0,0.0,0.09,0.04,0.0,255,12,0.05,0.05,0.0,0.0,1.0,1.0,0.0,1,56053.0
0,udp,domain_u,SF,45,144,0,0,0,0,0,0,0,6,0.0,0.0,0.0,0.0,1.0,0.0,0.06,255,213,0.84,0.01,0.0,0.0,0.0,0.0,0.0,0,18309.0
0,tcp,other,SF,3888,0,0,0,0,0,0,0,0,11,0.09,0.0,0.0,0.0,0.09,0.55,0.0,183,1,0.01,0.05,0.38,0.0,0.01,0.0,0.0,0,119874.0
0,tcp,private,S0,0,0,0,0,0,0,0,0,0,102,1.0,1.0,0.0,0.0,0.15,0.06,0.0,255,15,0.06,0.06,0.0,0.0,1.0,1.0,0.0,1,102090.0
0,tcp,http,SF,301,7689,0,0,1,0,0,0,0,1,0.0,0.0,0.0,0.0,1.0,0.0,0.0,28,255,1.0,0.0,0.04,0.03,0.0,0.0,0.0,0,108401.0
0,tcp,private,REJ,0,0,0,0,0,0,0,0,0,108,0.0,0.0,1.0,1.0,0.05,0.06,0.0,255,5,0.02,0.07,0.0,0.0,0.0,0.0,1.0,1,123334.0
0,udp,domain_u,SF,44,110,0,0,0,0,0,0,0,225,0.0,0.0,0.0,0.0,1.0,0.0,0.01,255,253,0.99,0.01,0.0,0.0,0.0,0.0,0.0,0,62459.0
0,tcp,ftp_data,SF,12,0,0,0,0,0,0,0,0,2,0.0,0.0,0.0,0.0,1.0,0.0,0.0,86,88,0.35,0.05,0.35,0.02,0.0,0.0,0.0,0,80885.0
0,tcp,smtp,SF,760,335,0,0,1,0,0,0,0,1,0.0,0.0,0.0,0.0,1.0,0.0,1.0,161,155,0.83,0.03,0.01,0.01,0.0,0.0,0.0,0,18950.0
0,tcp,supdup,S0,0,0,0,0,0,0,0,0,0,276,1.0,1.0,0.0,0.0,0.08,0.05,0.0,255,22,0.09,0.05,0.0,0.0,1.0,1.0,0.0,1,34797.0
0,tcp,private,REJ,0,0,0,0,0,0,0,0,0,101,0.0,0.0,1.0,1.0,0.18,0.07,0.0,255,17,0.07,0.08,0.0,0.0,0.0,0.0,1.0,1,12499.0
0,tcp,ftp_data,SF,334,0,0,0,1,0,0,0,0,1,0.0,0.0,0.0,0.0,1.0,0.0,0.0,10,35,1.0,0.0,1.0,0.14,0.0,0.0,0.0,1,36861.0
0,tcp,private,REJ,0,0,0,0,0,0,0,0,0,121,0.0,0.0,1.0,1.0,0.14,0.06,0.0,255,17,0.07,0.06,0.0,0.0,0.0,0.0,1.0,1,14855.0
0,icmp,ecr_i,SF,1032,0,0,0,0,0,0,0,0,179,0.0,0.0,0.0,0.0,1.0,0.0,0.0,255,179,0.7,0.01,0.7,0.0,0.0,0.0,0.0,1,113483.0
0,tcp,http,SF,332,1837,0,0,1,0,0,0,0,15,0.0,0.0,0.0,0.0,1.0,0.0,0.0,178,255,1.0,0.0,0.01,0.01,0.0,0.0,0.0,0,29244.0
0,tcp,http,SF,304,2239,0,0,1,0,0,0,0,4,0.0,0.0,0.0,0.2,1.0,0.0,0.4,255,255,1.0,0.0,0.0,0.0,0.0,0.0,0.0,0,83545.0
0,tcp,http,SF,243,973,0,0,1,0,0,0,0,21,0.0,0.0,0.0,0.0,1.0,0.0,0.0,255,255,1.0,0.0,0.0,0.0,0.0,0.0,0.0,0,41444.0
0,tcp,Z39_50,REJ,0,0,0,0,0,0,0,0,0,142,0.0,0.0,1.0,1.0,0.11,0.06,0.0,255,5,0.02,0.06,0.0,0.0,0.0,0.0,1.0,1,119499.0
0,tcp,time,S0,0,0,0,0,0,0,0,0,0,200,1.0,1.0,0.0,0.0,0.0,0.06,0.0,255,5,0.02,0.07,0.0,0.0,1.0,1.0,0.0,1,109107.0
0,tcp,private,S0,0,0,0,0,0,0,0,0,0,80,1.0,1.0,0.0,0.0,0.03,0.09,0.0,255,2,0.01,0.07,0.0,0.0,1.0,1.0,0.0,1,26637.0
0,tcp,http,SF,321,1026,0,0,1,0,0,0,0,15,0.0,0.0,0.0,0.0,1.0,0.0,0.0,82,255,1.0,0.0,0.01,0.03,0.0,0.0,0.0,0,19023.0
0,tcp,http,SF,219,2918,0,0,1,0,0,0,0,2,0.0,0.0,0.0,0.0,1.0,0.0,0.0,14,255,1.0,0.0,0.07,0.04,0.0,0.0,0.0,0,48248.0
0,tcp,private,S0,0,0,0,0,0,0,0,0,0,135,1.0,1.0,0.0,0.0,0.11,0.07,0.0,255,35,0.14,0.05,0.0,0.0,1.0,1.0,0.0,1,85446.0
0,tcp,http,REJ,0,0,0,0,0,0,0,0,0,1,0.0,0.0,1.0,1.0,1.0,0.0,0.0,255,221,0.87,0.02,0.01,0.0,0.0,0.0,1.0,0,74512.0
0,udp,domain_u,SF,42,42,0,0,0,0,0,0,0,14,0.0,0.0,0.0,0.0,1.0,0.0,0.23,255,239,0.94,0.01,0.01,0.0,0.0,0.0,0.0,0,107303.0
0,tcp,http,SF,303,11772,0,0,1,0,0,0,0,29,0.0,0.0,0.0,0.0,1.0,0.0,0.0,255,255,1.0,0.0,0.0,0.0,0.0,0.0,0.0,0,66769.0
0,tcp,http,SF,291,6217,0,0,1,0,0,0,0,15,0.0,0.0,0.0,0.0,1.0,0.0,0.09,49,255,1.0,0.0,0.02,0.03,0.0,0.0,0.0,0,78746.0
0,tcp,ftp_data,S0,0,0,0,0,0,0,0,0,0,70,1.0,1.0,0.0,0.0,0.27,0.06,0.0,255,59,0.23,0.02,0.01,0.0,1.0,1.0,0.0,1,90943.0
0,tcp,private,REJ,0,0,0,0,0,0,0,0,0,201,0.01,0.0,0.96,1.0,0.0,1.0,0.0,255,1,0.0,0.81,0.0,0.0,0.01,0.0,1.0,1,104818.0
0,tcp,link,REJ,0,0,0,0,0,0,0,0,0,251,0.0,0.0,1.0,1.0,0.05,0.07,0.0,255,12,0.05,0.08,0.0,0.0,0.0,0.0,1.0,1,12670.0
0,tcp,private,S0,0,0,0,0,0,0,0,0,0,258,1.0,1.0,0.0,0.0,0.03,0.07,0.0,255,9,0.04,0.07,0.0,0.0,1.0,1.0,0.0,1,41405.0
0,tcp,http,SF,212,4556,0,0,1,0,0,0,0,15,0.0,0.0,0.0,0.0,1.0,0.0,0.0,255,255,1.0,0.0,0.0,0.0,0.0,0.0,0.0,0,28221.0
0,tcp,http,SF,283,1556,0,0,1,0,0,0,0,2,0.0,0.0,0.0,0.0,1.0,0.0,0.0,75,255,1.0,0.0,0.01,0.04,0.0,0.0,0.0,0,62660.0
0,tcp,sql_net,REJ,0,0,0,0,0,0,0,0,0,275,0.0,0.0,1.0,1.0,0.07,0.06,0.0,255,18,0.07,0.08,0.0,0.0,0.0,0.0,1.0,1,21098.0
0,udp,domain_u,SF,43,107,0,0,0,0,0,0,0,6,0.0,0.0,0.0,0.0,1.0,0.0,0.27,247,226,0.91,0.01,0.0,0.0,0.0,0.0,0.0,0,72695.0
0,tcp,private,S0,0,0,0,0,0,0,0,0,0,98,1.0,1.0,0.0,0.0,0.02,0.06,0.0,255,2,0.01,0.08,0.0,0.0,1.0,1.0,0.0,1,31075.0
3771,tcp,other,RSTR,1,0,0,0,0,0,0,0,0,2,0.0,0.0,1.0,1.0,1.0,0.0,0.0,255,2,0.01,0.65,1.0,0.0,0.0,0.0,1.0,1,73064.0
136,tcp,telnet,SF,188,38126,0,0,1,1,0,1,0,1,0.0,0.0,0.0,0.0,1.0,0.0,0.0,185,1,0.01,0.03,0.01,0.0,0.0,0.0,0.0,0,4337.0
0,tcp,http,SF,310,924,0,0,1,0,0,0,0,2,0.0,0.0,0.0,0.0,1.0,0.0,0.18,255,255,1.0,0.0,0.0,0.0,0.0,0.0,0.0,0,14481.0
4,tcp,http,REJ,0,0,0,0,0,0,0,0,0,1,0.0,0.0,1.0,1.0,1.0,0.0,0.0,176,144,0.82,0.03,0.01,0.0,0.0,0.0,1.0,0,24574.0
0,tcp,http,SF,352,2367,0,0,1,0,0,0,0,4,0.0,0.0,0.0,0.0,1.0,0.0,0.0,90,255,1.0,0.0,0.01,0.02,0.0,0.0,0.0,0,47993.0
0,tcp,netbios_ns,RSTR,0,0,0,0,0,0,0,0,0,1,0.0,0.0,1.0,1.0,1.0,0.0,0.0,181,1,0.01,0.73,0.73,0.0,0.03,0.0,1.0,1,42616.0
0,tcp,http,SF,313,761,0,0,1,0,0,0,0,1,0.0,0.0,0.0,0.0,1.0,0.0,0.0,43,255,1.0,0.0,0.02,0.03,0.0,0.0,0.0,0,105.0
0,tcp,http,S0,0,0,0,0,0,0,0,0,0,2,0.5,0.25,0.0,0.0,1.0,0.0,0.5,28,255,1.0,0.0,0.07,0.02,0.07,0.01,0.0,0,20729.0
0,tcp,private,S0,0,0,0,0,0,0,0,0,0,83,1.0,1.0,0.0,0.0,0.16,0.06,0.0,255,2,0.01,0.07,0.0,0.0,1.0,1.0,0.0,1,42348.0
0,tcp,http,SF,216,1746,0,0,1,0,0,0,0,3,0.0,0.0,0.0,0.0,1.0,0.0,0.0,3,255,1.0,0.0,0.33,0.01,0.0,0.0,0.0,0,43469.0
0,tcp,http,REJ,0,0,0,0,0,0,0,0,0,1,0.0,0.0,1.0,1.0,1.0,0.0,1.0,17,97,1.0,0.0,0.06,0.28,0.0,0.0,1.0,0,67749.0
0,tcp,private,S0,0,0,0,0,0,0,0,0,0,156,1.0,1.0,0.0,0.0,0.12,0.05,0.0,255,5,0.02,0.07,0.0,0.0,1.0,1.0,0.0,1,12189.0
0,tcp,systat,S0,0,0,0,0,0,0,0,0,0,232,1.0,1.0,0.0,0.0,0.07,0.06,0.0,255,16,0.06,0.07,0.0,0.0,1.0,1.0,0.0,1,83104.0
1,tcp,smtp,SF,1119,339,0,0,1,0,0,0,0,1,0.0,0.0,0.0,0.0,1.0,0.0,1.0,252,142,0.56,0.02,0.0,0.01,0.0,0.0,0.0,0,36717.0
11594,tcp,telnet,SF,95,3375,0,0,1,0,0,0,0,1,0.0,0.0,0.0,0.0,1.0,0.0,0.0,30,7,0.23,0.13,0.03,0.0,0.0,0.0,0.0,0,93180.0
0,tcp,ftp_data,SF,5891,0,0,0,0,0,0,0,0,17,0.0,0.0,0.0,0.0,1.0,0.0,0.0,255,23,0.09,0.58,0.09,0.0,0.0,0.0,0.0,0,57985.0
0,tcp,bgp,S0,0,0,0,0,0,0,0,0,0,212,1.0,1.0,0.0,0.0,0.1,0.05,0.0,255,22,0.09,0.06,0.0,0.0,1.0,1.0,0.0,1,89619.0
0,tcp,http,SF,288,1812,0,0,1,0,0,0,0,2,0.0,0.0,0.0,0.0,1.0,0.0,0.0,44,255,1.0,0.0,0.02,0.02,0.0,0.0,0.0,0,7747.0
0,tcp,http,SF,192,10723,0,0,1,0,0,0,0,3,0.0,0.0,0.0,0.0,1.0,0.0,0.0,3,255,1.0,0.0,0.33,0.02,0.0,0.0,0.0,0,10375.0
0,tcp,private,S0,0,0,0,0,0,0,0,0,0,298,1.0,1.0,0.0,0.0,0.07,0.06,0.0,255,16,0.06,0.05,0.0,0.0,1.0,1.0,0.0,1,40687.0
0,tcp,http,SF,227,1410,0,0,1,0,0,0,0,7,0.0,0.0,0.0,0.0,1.0,0.0,0.0,255,255,1.0,0.0,0.0,0.0,0.0,0.0,0.0,0,78902.0
0,tcp,http,REJ,0,0,0,0,0,0,0,0,0,1,0.0,0.0,1.0,1.0,1.0,0.0,1.0,1,255,1.0,0.0,1.0,0.11,0.0,0.0,0.83,0,110430.0
0,tcp,http,SF,333,2526,0,0,1,0,0,0,0,17,0.0,0.0,0.0,0.0,1.0,0.0,0.0,144,255,1.0,0.0,0.01,0.02,0.0,0.0,0.0,0,40897.0
0,tcp,ftp,S0,0,0,0,0,0,0,0,0,0,267,1.0,1.0,0.0,0.0,0.06,0.05,0.0,255,16,0.06,0.05,0.0,0.0,1.0,1.0,0.0,1,5327.0
0,tcp,ftp_data,SF,960,0,0,0,0,0,0,0,0,1,0.0,0.0,0.0,0.0,1.0,0.0,0.0,109,44,0.39,0.04,0.39,0.05,0.01,0.02,0.0,0,64981.0
0,tcp,http,SF,321,2445,0,0,1,0,0,0,0,6,0.0,0.0,0.0,0.0,1.0,0.0,0.0,255,255,1.0,0.0,0.0,0.0,0.0,0.0,0.0,0,84035.0
0,tcp,ssh,S0,0,0,0,0,0,0,0,0,0,215,1.0,1.0,0.0,0.0,0.0,0.06,0.0,255,1,0.0,0.06,0.0,0.0,1.0,1.0,0.0,1,87672.0
0,tcp,private,S0,0,0,0,0,0,0,0,0,0,208,1.0,1.0,0.0,0.0,0.02,0.06,0.0,255,17,0.07,0.06,0.0,0.0,1.0,1.0,0.0,1,43813.0
0,tcp,http,SF,219,1262,0,0,1,0,0,0,0,3,0.0,0.0,0.0,0.0,1.0,0.0,0.38,10,255,1.0,0.0,0.1,0.05,0.0,0.0,0.0,0,54214.0
0,tcp,vmnet,REJ,0,0,0,0,0,0,0,0,0,266,0.0,0.0,1.0,1.0,0.02,0.06,0.0,255,5,0.02,0.07,0.0,0.0,0.0,0.0,1.0,1,32154.0
0,tcp,http,SF,319,302,0,0,1,0,0,0,0,17,0.0,0.0,0.0,0.0,1.0,0.0,0.0,255,255,1.0,0.0,0.0,0.0,0.0,0.0,0.0,0,25637.0
0,tcp,private,RSTR,0,0,0,0,0,0,0,0,0,1,0.0,0.0,1.0,1.0,1.0,0.0,0.0,255,1,0.0,0.44,0.87,0.0,0.0,0.0,1.0,1,112085.0
0,tcp,private,S0,0,0,0,0,0,0,0,0,0,260,1.0,1.0,0.0,0.0,0.04,0.06,0.0,255,11,0.04,0.05,0.0,0.0,1.0,1.0,0.0,1,35902.0
0,tcp,private,S0,0,0,0,0,0,0,0,0,0,108,1.0,1.0,0.0,0.0,0.02,0.06,0.0,255,35,0.14,0.06,0.0,0.0,1.0,1.0,0.0,1,123545.0
0,tcp,private,S0,0,0,0,0,0,0,0,0,0,245,1.0,1.0,0.0,0.0,0.07,0.05,0.0,186,16,0.09,0.07,0.01,0.0,0.92,1.0,0.0,1,46064.0
0,tcp,http,SF,195,731,0,0,1,0,0,0,0,1,0.0,0.0,0.0,0.0,1.0,0.0,0.0,54,255,1.0,0.0,0.02,0.04,0.0,0.04,0.0,0,94839.0
0,tcp,private,S0,0,0,0,0,0,0,0,0,0,280,1.0,1.0,0.0,0.0,0.01,0.06,0.0,255,3,0.01,0.08,0.0,0.0,1.0,1.0,0.0,1,74764.0
0,udp,domain_u,SF,34,34,0,0,0,0,0,0,0,6,0.0,0.0,0.0,0.0,0.67,0.5,0.14,120,101,0.84,0.03,0.01,0.0,0.0,0.0,0.0,0,32881.0
1,tcp,smtp,SF,1031,337,0,0,1,0,0,0,0,1,0.0,0.0,0.0,0.0,1.0,0.0,0.0,92,35,0.38,0.05,0.01,0.0,0.0,0.0,0.0,0,86265.0
0,tcp,http,SF,285,2956,0,0,1,0,0,0,0,11,0.0,0.0,0.0,0.0,1.0,0.0,0.0,19,255,1.0,0.0,0.05,0.06,0.0,0.0,0.0,0,86617.0
0,tcp,ftp_data,SF,334,0,0,0,1,0,0,0,0,1,0.0,0.0,0.0,0.0,1.0,0.0,0.0,9,49,1.0,0.0,1.0,0.14,0.0,0.0,0.0,1,16946.0
0,udp,private,SF,1,0,0,0,0,0,0,0,0,39,0.0,0.0,0.0,0.0,0.36,0.1,0.0,255,59,0.23,0.29,0.75,0.0,0.07,0.0,0.0,1,24009.0
0,udp,domain_u,SF,44,135,0,0,0,0,0,0,0,55,0.0,0.0,0.0,0.0,1.0,0.0,0.02,195,196,0.79,0.02,0.71,0.01,0.0,0.0,0.0,0,36194.0
0,tcp,ftp_data,SF,567,0,0,0,1,0,0,6,0,1,0.0,0.0,0.0,0.0,1.0,0.0,0.0,255,1,0.0,0.58,0.0,0.0,0.0,0.0,0.0,0,60511.0
0,tcp,ssh,S0,0,0,0,0,0,0,0,0,0,218,1.0,1.0,0.0,0.0,0.1,0.06,0.0,255,21,0.08,0.06,0.0,0.0,1.0,1.0,0.0,1,44325.0
1130,tcp,IRC,RSTR,92,1204,0,0,0,0,0,0,0,2,0.0,0.0,1.0,1.0,1.0,0.0,0.0,68,23,0.34,0.03,0.01,0.0,0.01,0.04,0.78,0,4088.0
0,tcp,http,SF,322,7920,0,0,1,0,0,0,0,18,0.0,0.0,0.0,0.0,1.0,0.0,0.11,181,255,1.0,0.0,0.01,0.01,0.0,0.0,0.0,0,27134.0
0,tcp,smtp,SF,2500,335,0,0,1,0,0,0,0,1,0.0,0.0,0.0,0.0,1.0,0.0,0.0,255,95,0.37,0.03,0.0,0.0,0.0,0.0,0.0,0,69326.0
0,tcp,http,SF,216,5735,0,0,1,0,0,0,0,4,0.0,0.0,0.0,0.0,1.0,0.0,0.13,4,255,1.0,0.0,0.25,0.07,0.0,0.0,0.0,0,66561.0
0,udp,domain_u,SF,44,74,0,0,0,0,0,0,0,182,0.0,0.0,0.0,0.0,1.0,0.0,0.0,255,205,0.8,0.01,0.0,0.0,0.0,0.0,0.0,0,62850.0
0,tcp,http,SF,266,15697,0,0,1,0,0,0,0,1,0.0,0.0,0.0,0.0,1.0,0.0,0.0,98,255,1.0,0.0,0.01,0.01,0.0,0.0,0.0,0,39200.0
0,tcp,http,SF,204,12446,0,0,1,0,0,0,0,2,0.0,0.0,0.0,0.0,1.0,0.0,0.0,2,255,1.0,0.0,0.5,0.02,0.0,0.0,0.0,0,122482.0
0,tcp,other,REJ,0,0,0,0,0,0,0,0,0,509,0.22,0.0,0.77,1.0,0.0,1.0,0.0,255,1,0.0,1.0,0.0,0.0,0.26,0.0,1.0,1,5649.0
16,tcp,smtp,SF,12620,1361,0,0,1,0,0,0,0,1,0.0,0.0,0.0,0.0,1.0,0.0,1.0,67,163,0.55,0.06,0.01,0.01,0.01,0.0,0.0,0,45430.0
0,tcp,http,REJ,0,0,0,0,0,0,0,0,0,1,0.0,0.0,1.0,1.0,1.0,0.0,0.0,32,255,1.0,0.0,0.03,0.15,0.0,0.0,0.92,0,76388.0
0,tcp,http,SF,267,5147,0,0,1,0,0,0,0,18,0.0,0.0,0.0,0.0,1.0,0.0,0.0,62,255,1.0,0.0,0.02,0.02,0.0,0.0,0.0,0,26151.0
0,tcp,netbios_dgm,S0,0,0,0,0,0,0,0,0,0,288,1.0,1.0,0.0,0.0,0.0,0.05,0.0,255,1,0.0,0.05,0.0,0.0,1.0,1.0,0.0,1,75618.0
0,tcp,http,SF,349,238,0,0,1,0,0,0,0,1,0.0,0.0,0.0,0.0,1.0,0.0,0.0,1,255,1.0,0.0,1.0,0.05,0.0,0.0,0.0,0,73657.0
0,tcp,auth,SF,9,38,0,0,0,0,0,0,0,1,0.0,0.0,0.0,0.0,1.0,0.0,0.0,128,5,0.04,0.04,0.01,0.0,0.0,0.0,0.0,0,77524.0
0,icmp,ecr_i,SF,1032,0,0,0,0,0,0,0,0,47,0.0,0.0,0.0,0.0,1.0,0.0,0.0,255,47,0.18,0.02,0.18,0.0,0.0,0.0,0.0,1,112057.0
0,udp,domain_u,SF,37,93,0,0,0,0,0,0,0,1,0.0,0.0,0.0,0.0,1.0,0.0,0.0,255,235,0.92,0.01,0.01,0.0,0.0,0.0,0.0,0,56230.0
0,tcp,private,SH,0,0,0,0,0,0,0,0,0,1,1.0,1.0,0.0,0.0,1.0,0.0,0.0,91,1,0.01,0.89,0.91,0.0,0.91,1.0,0.0,1,88211.0
0,tcp,ldap,REJ,0,0,0,0,0,0,0,0,0,139,0.0,0.0,1.0,1.0,0.07,0.06,0.0,255,10,0.04,0.06,0.0,0.0,0.0,0.0,1.0,1,23781.0
0,tcp,http,SF,368,240,0,0,1,0,0,0,0,3,0.0,0.0,0.0,0.0,1.0,0.0,0.0,175,255,1.0,0.0,0.01,0.04,0.0,0.0,0.0,0,69977.0
0,udp,domain_u,SF,43,43,0,0,0,0,0,0,0,155,0.0,0.0,0.0,0.0,1.0,0.0,0.0,255,249,0.98,0.01,0.0,0.0,0.0,0.0,0.0,0,62822.0
0,tcp,smtp,SF,883,327,0,0,1,0,0,0,0,1,0.0,0.0,0.0,0.0,1.0,0.0,0.0,144,194,0.74,0.03,0.01,0.01,0.01,0.0,0.0,0,71603.0
0,tcp,private,REJ,0,0,0,0,0,0,0,0,0,294,0.03,0.0,0.95,1.0,0.0,1.0,0.0,255,1,0.0,0.97,0.0,0.0,0.04,0.0,1.0,1,80484.0
0,tcp,http,SF,356,3972,0,0,1,0,0,0,0,25,0.0,0.0,0.0,0.0,1.0,0.0,0.0,255,255,1.0,0.0,0.0,0.0,0.0,0.0,0.0,0,63190.0
0,tcp,ftp_data,S0,0,0,0,0,0,0,0,0,0,12,1.0,1.0,0.0,0.0,0.42,0.17,0.0,212,49,0.21,0.02,0.01,0.04,1.0,0.92,0.0,1,116520.0
0,tcp,finger,RSTO,0,0,0,0,0,0,0,0,0,258,0.0,0.0,1.0,1.0,0.02,0.07,0.0,255,4,0.02,0.08,0.0,0.0,0.0,0.0,1.0,1,98612.0
0,tcp,http,SF,251,16118,0,0,1,0,0,0,0,3,0.0,0.56,0.0,0.0,1.0,0.0,0.08,56,255,1.0,0.0,0.02,0.02,0.0,0.0,0.0,0,123376.0
0,udp,other,SF,147,0,0,0,0,0,0,0,0,5,0.0,0.0,0.0,0.0,0.2,0.6,0.0,255,1,0.0,0.18,0.35,0.0,0.0,0.0,0.0,0,56823.0
0,tcp,private,S0,0,0,0,0,0,0,0,0,0,120,1.0,1.0,0.0,0.0,0.08,0.06,0.0,255,8,0.03,0.09,0.0,0.0,1.0,1.0,0.0,1,10488.0
0,tcp,private,REJ,0,0,0,0,0,0,0,0,0,171,0.0,0.0,1.0,1.0,0.08,0.07,0.0,255,14,0.05,0.07,0.0,0.0,0.0,0.0,1.0,1,28892.0
0,tcp,smtp,SF,606,325,0,0,1,0,1,1,0,1,0.0,0.0,0.0,0.0,1.0,0.0,0.0,96,152,0.67,0.18,0.01,0.01,0.03,0.01,0.0,0,78231.0
0,udp,domain_u,SF,45,139,0,0,0,0,0,0,0,215,0.0,0.0,0.0,0.0,1.0,0.0,0.01,255,253,0.99,0.01,0.0,0.0,0.0,0.0,0.0,0,124966.0
0,icmp,ecr_i,SF,520,0,0,0,0,0,0,0,0,104,0.0,0.0,0.0,0.0,1.0,0.0,0.0,255,255,1.0,0.0,1.0,0.0,0.0,0.0,0.0,1,42757.0
1,tcp,smtp,SF,1306,326,0,0,1,0,0,0,0,1,0.0,0.0,0.0,0.0,1.0,0.0,1.0,158,102,0.65,0.04,0.01,0.0,0.0,0.0,0.0,0,53519.0
0,tcp,http,SF,214,4115,0,0,1,0,0,0,0,2,0.0,0.0,0.0,0.0,1.0,0.0,0.0,47,255,1.0,0.0,0.02,0.03,0.0,0.0,0.0,0,17954.0
0,tcp,telnet,S0,0,0,0,0,0,0,0,0,0,244,1.0,1.0,0.0,0.0,0.08,0.06,0.0,255,20,0.08,0.07,0.0,0.0,1.0,1.0,0.0,1,13078.0
0,tcp,ftp,S0,0,0,0,0,0,0,0,0,0,53,1.0,1.0,0.0,0.0,0.17,0.09,0.0,255,16,0.06,0.07,0.0,0.0,1.0,1.0,0.0,1,92756.0
0,tcp,link,S0,0,0,0,0,0,0,0,0,0,174,1.0,1.0,0.0,0.0,0.05,0.06,0.0,255,10,0.04,0.07,0.0,0.0,1.0,1.0,0.0,1,14831.0
0,tcp,http,SF,325,2119,0,0,1,0,0,0,0,12,0.0,0.0,0.0,0.0,1.0,0.0,0.0,255,255,1.0,0.0,0.0,0.0,0.0,0.0,0.0,0,40391.0
0,tcp,finger,S0,0,0,0,0,0,0,0,0,0,18,1.0,1.0,0.0,0.0,0.22,0.22,0.0,255,24,0.09,0.07,0.01,0.0,1.0,1.0,0.0,1,92815.0
0,tcp,http,SF,307,2728,0,0,1,0,0,0,0,3,0.0,0.0,0.0,0.0,1.0,0.0,0.0,60,150,1.0,0.0,0.02,0.03,0.0,0.0,0.0,0,58244.0
0,icmp,ecr_i,SF,1032,0,0,0,0,0,0,0,0,511,0.0,0.0,0.0,0.0,1.0,0.0,0.0,255,173,0.68,0.01,0.68,0.0,0.0,0.0,0.0,1,118497.0
0,tcp,ftp_data,SF,245,0,0,0,1,0,0,1,0,2,0.0,0.0,0.0,0.0,1.0,0.0,0.0,255,82,0.32,0.02,0.32,0.0,0.0,0.0,0.0,0,113517.0
0,tcp,private,S0,0,0,0,0,0,0,0,0,0,249,1.0,1.0,0.0,0.0,0.04,0.06,0.0,255,11,0.04,0.08,0.0,0.0,1.0,1.0,0.0,1,34984.0
0,tcp,http,SF,158,39242,0,0,1,0,0,0,0,1,0.0,0.0,0.0,0.0,1.0,0.0,0.0,77,255,1.0,0.0,0.01,0.02,0.0,0.0,0.0,0,43927.0
0,tcp,http,SF,314,6924,0,0,1,0,0,0,0,43,0.0,0.0,0.0,0.0,1.0,0.0,0.09,255,255,1.0,0.0,0.0,0.0,0.0,0.0,0.01,0,110715.0
0,tcp,http,SF,329,3308,0,0,1,0,0,0,0,26,0.0,0.0,0.0,0.0,1.0,0.0,0.13,50,255,1.0,0.0,0.02,0.03,0.0,0.01,0.0,0,20804.0
0,tcp,private,REJ,0,0,0,0,0,0,0,0,0,145,0.0,0.0,1.0,1.0,0.09,0.07,0.0,255,13,0.05,0.08,0.0,0.0,0.0,0.0,1.0,1,101471.0
0,tcp,http,SF,353,462,0,0,1,0,0,0,0,16,0.0,0.0,0.0,0.0,1.0,0.0,0.0,120,255,1.0,0.0,0.01,0.01,0.0,0.0,0.0,0,42880.0
0,udp,other,SF,113,0,0,0,0,0,0,0,0,14,0.0,0.0,0.0,0.0,0.93,0.14,0.0,255,13,0.05,0.57,0.05,0.0,0.0,0.0,0.0,0,95833.0
0,tcp,discard,S0,0,0,0,0,0,0,0,0,0,274,1.0,1.0,0.0,0.0,0.07,0.05,0.0,255,18,0.07,0.05,0.0,0.0,1.0,1.0,0.0,1,56364.0
0,tcp,kshell,S0,0,0,0,0,0,0,0,0,0,35,1.0,1.0,0.0,0.0,0.23,0.09,0.0,255,8,0.03,0.07,0.0,0.0,1.0,1.0,0.0,1,102691.0
0,tcp,smtp,SF,1174,330,0,0,1,0,0,0,0,1,0.0,0.0,0.0,0.0,1.0,0.0,0.0,81,143,0.8,0.05,0.01,0.01,0.0,0.0,0.0,0,39776.0
0,tcp,http,SF,308,304,0,0,1,0,0,0,0,3,0.0,0.0,0.0,0.0,1.0,0.0,0.12,255,255,1.0,0.0,0.0,0.0,0.0,0.0,0.0,0,100831.0
0,icmp,eco_i,SF,8,0,0,0,0,0,0,0,0,1,0.0,0.0,0.0,0.0,1.0,0.0,1.0,2,64,1.0,0.0,1.0,0.5,0.0,0.0,0.0,1,70254.0
0,tcp,private,S0,0,0,0,0,0,0,0,0,0,70,1.0,1.0,0.0,0.0,0.29,0.07,0.0,177,20,0.11,0.06,0.01,0.0,1.0,1.0,0.0,1,53854.0
0,tcp,hostnames,S0,0,0,0,0,0,0,0,0,0,289,1.0,1.0,0.0,0.0,0.08,0.05,0.0,255,23,0.09,0.05,0.0,0.0,1.0,1.0,0.0,1,120235.0
0,tcp,http,SF,293,2823,0,0,1,0,0,0,0,4,0.0,0.0,0.0,0.0,1.0,0.0,0.0,9,17,1.0,0.0,0.11,0.18,0.0,0.0,0.0,0,97560.0
0,tcp,uucp_path,S0,0,0,0,0,0,0,0,0,0,202,1.0,1.0,0.0,0.0,0.09,0.06,0.0,255,20,0.08,0.07,0.0,0.0,1.0,1.0,0.0,1,90463.0
0,tcp,http,SF,205,6692,0,0,1,0,0,0,0,1,0.0,0.0,0.0,0.0,1.0,0.0,0.0,255,255,1.0,0.0,0.0,0.0,0.0,0.0,0.0,0,90915.0
0,tcp,http,SF,335,458,0,0,1,0,0,0,0,25,0.0,0.0,0.0,0.0,1.0,0.0,0.14,255,255,1.0,0.0,0.0,0.0,0.0,0.0,0.0,0,49642.0
0,udp,domain_u,SF,45,45,0,0,0,0,0,0,0,171,0.0,0.0,0.0,0.0,1.0,0.0,0.0,255,204,0.8,0.01,0.0,0.0,0.0,0.0,0.0,0,103636.0
0,icmp,eco_i,SF,8,0,0,0,0,0,0,0,0,1,0.0,0.0,0.0,0.0,1.0,0.0,1.0,2,202,1.0,0.0,1.0,0.25,0.0,0.0,0.0,1,104341.0
0,udp,domain_u,SF,43,80,0,0,0,0,0,0,0,269,0.0,0.0,0.0,0.0,1.0,0.0,0.0,255,254,1.0,0.01,0.0,0.0,0.0,0.0,0.0,0,82866.0
0,icmp,ecr_i,SF,1032,0,0,0,0,0,0,0,0,93,0.0,0.0,0.0,0.0,1.0,0.0,0.0,255,93,0.36,0.02,0.36,0.0,0.0,0.0,0.0,1,20718.0
0,tcp,ftp_data,SF,334,0,0,0,1,0,0,0,0,1,0.0,0.0,0.0,0.0,1.0,0.0,0.0,7,47,1.0,0.0,1.0,0.13,0.0,0.0,0.0,1,41385.0
0,tcp,http,SF,195,1635,0,0,1,0,0,0,0,20,0.0,0.0,0.0,0.0,1.0,0.0,0.1,20,255,1.0,0.0,0.05,0.05,0.0,0.0,0.0,0,66736.0
0,tcp,ftp_data,SF,567,0,0,0,0,0,0,0,0,1,0.0,0.0,0.0,0.0,1.0,0.0,0.0,223,101,0.45,0.03,0.45,0.0,0.0,0.0,0.0,0,114931.0
0,tcp,auth,S0,0,0,0,0,0,0,0,0,0,239,1.0,1.0,0.0,0.0,0.01,0.07,0.0,255,3,0.01,0.07,0.0,0.0,1.0,1.0,0.0,1,48002.0
0,tcp,ftp_data,SF,334,0,0,0,1,0,0,0,0,2,0.0,0.0,0.0,0.0,1.0,0.0,0.0,10,39,0.8,0.2,0.8,0.13,0.0,0.0,0.0,1,100517.0
0,icmp,eco_i,SF,8,0,0,0,0,0,0,0,0,1,0.0,0.0,0.0,0.0,1.0,0.0,1.0,1,87,1.0,0.0,1.0,0.51,0.0,0.0,0.0,1,124695.0
0,tcp,private,S0,0,0,0,0,0,0,0,0,0,271,1.0,1.0,0.0,0.0,0.02,0.06,0.0,255,5,0.02,0.09,0.0,0.0,1.0,1.0,0.0,1,64202.0
0,tcp,http,REJ,0,0,0,0,0,0,0,0,0,1,0.0,0.0,1.0,1.0,1.0,0.0,1.0,9,255,1.0,0.0,0.11,0.19,0.0,0.0,0.99,0,51729.0
0,tcp,private,REJ,0,0,0,0,0,0,0,0,0,86,0.08,0.0,0.92,1.0,0.01,1.0,0.0,255,1,0.0,0.61,0.0,0.0,0.03,0.0,1.0,1,16696.0
0,tcp,telnet,S0,0,0,0,0,0,0,0,0,0,79,1.0,1.0,0.0,0.0,0.25,0.05,0.0,255,65,0.25,0.02,0.01,0.0,1.0,1.0,0.0,1,109734.0
0,tcp,private,S0,0,0,0,0,0,0,0,0,0,126,1.0,1.0,0.0,0.0,0.08,0.05,0.0,255,10,0.04,0.04,0.0,0.0,1.0,1.0,0.0,1,81104.0
0,tcp,domain,S0,0,0,0,0,0,0,0,0,0,239,1.0,1.0,0.0,0.0,0.02,0.07,0.0,255,5,0.02,0.07,0.0,0.0,1.0,1.0,0.0,1,89928.0
0,tcp,klogin,S0,0,0,0,0,0,0,0,0,0,129,1.0,1.0,0.0,0.0,0.04,0.07,0.0,255,5,0.02,0.06,0.0,0.0,1.0,1.0,0.0,1,57817.0
0,tcp,http,REJ,0,0,0,0,0,0,0,0,0,206,0.0,0.0,1.0,1.0,0.01,0.07,0.0,255,2,0.01,0.08,0.0,0.0,0.0,0.0,1.0,1,22043.0
0,tcp,private,S0,0,0,0,0,0,0,0,0,0,290,1.0,1.0,0.0,0.0,0.05,0.06,0.0,255,7,0.03,0.07,0.0,0.0,1.0,1.0,0.0,1,56661.0
0,tcp,netstat,S0,0,0,0,0,0,0,0,0,0,284,1.0,1.0,0.0,0.0,0.04,0.06,0.0,255,3,0.01,0.07,0.0,0.0,1.0,1.0,0.0,1,106870.0
0,tcp,http,SF,214,28890,0,0,1,0,0,0,0,3,0.0,0.0,0.0,0.0,1.0,0.0,0.0,31,255,1.0,0.0,0.03,0.05,0.0,0.0,0.0,0,53898.0
0,tcp,http,SF,181,2018,0,0,1,0,0,0,0,1,0.0,0.0,0.0,0.0,1.0,0.0,0.0,255,247,0.97,0.01,0.0,0.0,0.0,0.0,0.0,0,61293.0
0,tcp,efs,S0,0,0,0,0,0,0,0,0,0,146,1.0,1.0,0.0,0.0,0.09,0.05,0.0,255,13,0.05,0.06,0.0,0.0,1.0,1.0,0.0,1,23010.0
0,tcp,http,SF,228,1344,0,0,1,0,0,0,0,32,0.0,0.0,0.0,0.0,1.0,0.0,0.0,255,255,1.0,0.0,0.0,0.0,0.0,0.0,0.0,0,110190.0
0,tcp,private,S0,0,0,0,0,0,0,0,0,0,159,1.0,1.0,0.0,0.0,0.16,0.06,0.0,255,25,0.1,0.05,0.0,0.0,1.0,1.0,0.0,1,21004.0
0,tcp,private,S0,0,0,0,0,0,0,0,0,0,276,1.0,1.0,0.0,0.0,0.06,0.06,0.0,255,20,0.08,0.07,0.0,0.0,1.0,1.0,0.0,1,50119.0
0,tcp,http,SF,308,2698,0,0,1,0,0,0,1,4,0.0,0.0,0.0,0.0,1.0,0.0,0.0,255,244,0.96,0.01,0.0,0.0,0.0,0.0,0.0,0,104305.0
0,tcp,http,SF,226,2431,0,0,1,0,0,0,0,14,0.0,0.0,0.0,0.0,1.0,0.0,0.0,87,255,1.0,0.0,0.01,0.02,0.0,0.0,0.0,0,16523.0
22,tcp,ftp,SF,236,768,0,4,1,0,0,0,0,1,0.0,0.0,0.0,0.0,1.0,0.0,0.0,91,23,0.25,0.05,0.01,0.0,0.0,0.0,0.04,0,56770.0
0,tcp,private,RSTR,0,0,0,0,0,0,0,0,0,1,0.0,0.0,1.0,1.0,1.0,0.0,0.0,209,1,0.0,0.22,0.43,0.0,0.0,0.0,1.0,1,26223.0
0,tcp,smtp,SF,1257,386,0,0,1,0,0,0,0,1,0.0,0.0,0.0,0.0,1.0,0.0,0.0,255,8,0.03,0.06,0.0,0.0,0.93,0.0,0.0,0,41490.0
0,tcp,other,REJ,0,0,0,0,0,0,0,0,0,402,0.07,0.0,0.9,1.0,0.0,1.0,0.0,255,1,0.0,1.0,0.0,0.0,0.08,0.0,1.0,1,44055.0
0,tcp,http,S0,0,0,0,0,0,0,0,0,0,2,0.5,0.5,0.0,0.0,1.0,0.0,0.0,7,255,1.0,0.0,0.29,0.04,0.14,0.01,0.0,0,47673.0
0,tcp,http,S0,0,0,0,0,0,0,0,0,0,192,1.0,1.0,0.0,0.0,0.09,0.05,0.0,255,17,0.07,0.05,0.0,0.0,1.0,1.0,0.0,1,21660.0
0,tcp,http,SF,335,595,0,0,1,0,0,0,0,7,0.0,0.0,0.0,0.0,1.0,0.0,0.25,255,255,1.0,0.0,0.0,0.0,0.0,0.0,0.0,0,32711.0
2,tcp,time,SF,0,4,0,0,0,0,0,0,0,1,0.0,0.0,0.0,0.0,1.0,0.0,0.0,15,15,1.0,0.0,0.07,0.0,0.0,0.0,0.0,0,49504.0
0,tcp,ftp_data,SF,1830,0,0,0,1,0,0,0,0,7,0.0,0.0,0.0,0.0,1.0,0.0,0.0,146,41,0.28,0.03,0.28,0.0,0.0,0.0,0.0,0,54296.0
0,tcp,ftp_data,SF,19,0,0,0,1,0,0,0,0,2,0.0,0.0,0.0,0.0,1.0,0.0,0.0,149,67,0.15,0.05,0.15,0.03,0.01,0.0,0.0,0,37557.0
0,tcp,nnsp,S0,0,0,0,0,0,0,0,0,0,111,1.0,1.0,0.0,0.0,0.2,0.05,0.0,255,22,0.09,0.05,0.0,0.0,1.0,1.0,0.0,1,97363.0
0,tcp,private,S0,0,0,0,0,0,0,0,0,0,182,1.0,1.0,0.0,0.0,0.05,0.07,0.0,255,19,0.07,0.07,0.0,0.0,1.0,1.0,0.0,1,53185.0
0,tcp,discard,RSTO,0,0,0,0,0,0,0,0,0,248,0.0,0.0,1.0,1.0,0.02,0.06,0.0,255,5,0.02,0.08,0.0,0.0,0.0,0.0,1.0,1,89123.0
0,tcp,private,RSTR,0,0,0,0,0,0,0,0,0,1,0.0,0.0,1.0,1.0,1.0,0.0,0.0,255,1,0.0,0.79,0.79,0.0,0.0,0.0,1.0,1,79648.0
0,tcp,smtp,SF,1560,387,0,0,1,0,0,0,0,2,0.0,0.0,0.0,0.0,0.5,1.0,0.0,255,97,0.38,0.05,0.0,0.0,0.22,0.0,0.0,0,69313.0
0,tcp,http,SF,328,24786,0,0,1,0,0,0,0,18,0.0,0.0,0.0,0.0,1.0,0.0,0.0,255,255,1.0,0.0,0.0,0.0,0.0,0.0,0.0,0,3974.0
0,tcp,http,SF,317,6821,0,0,1,0,0,0,0,3,0.0,0.0,0.0,0.0,1.0,0.0,0.0,11,255,1.0,0.0,0.09,0.05,0.0,0.0,0.0,0,122115.0
0,tcp,http,SF,219,1354,0,0,1,0,0,0,0,13,0.0,0.0,0.0,0.0,1.0,0.0,0.14,255,255,1.0,0.0,0.0,0.0,0.0,0.0,0.0,0,52939.0
0,tcp,http,SF,313,1049,0,0,1,0,0,0,0,9,0.0,0.0,0.0,0.0,1.0,0.0,0.0,130,255,1.0,0.0,0.01,0.02,0.0,0.0,0.0,0,34368.0
0,tcp,http,REJ,0,0,0,0,0,0,0,0,0,1,0.0,0.0,1.0,1.0,1.0,0.0,0.0,8,255,1.0,0.0,0.12,0.06,0.0,0.0,0.96,0,123715.0
0,tcp,http,SF,342,1420,0,0,1,0,0,0,0,8,0.0,0.0,0.0,0.0,1.0,0.0,0.12,40,255,1.0,0.0,0.03,0.01,0.0,0.0,0.0,0,91269.0
0,tcp,supdup,S0,0,0,0,0,0,0,0,0,0,120,1.0,1.0,0.0,0.0,0.02,0.07,0.0,255,2,0.01,0.05,0.0,0.0,1.0,1.0,0.0,1,1722.0
0,udp,domain_u,SF,45,76,0,0,0,0,0,0,0,140,0.0,0.0,0.0,0.0,1.0,0.0,0.02,255,230,0.9,0.01,0.0,0.0,0.0,0.0,0.0,0,80970.0
0,tcp,ldap,S0,0,0,0,0,0,0,0,0,0,232,1.0,1.0,0.0,0.0,0.03,0.06,0.0,255,8,0.03,0.06,0.0,0.0,1.0,1.0,0.0,1,62374.0
0,tcp,smtp,RSTO,0,0,0,0,0,0,0,0,0,242,0.0,0.0,1.0,1.0,0.07,0.06,0.0,255,18,0.07,0.07,0.0,0.0,0.0,0.0,1.0,1,43131.0
0,tcp,http,S0,0,0,0,0,0,0,0,0,0,35,1.0,1.0,0.0,0.0,0.37,0.11,0.0,255,65,0.25,0.02,0.0,0.0,1.0,1.0,0.0,1,6536.0
7761,tcp,telnet,SF,284,1726,0,0,1,0,0,0,0,1,0.0,0.0,0.0,0.0,1.0,0.0,0.0,212,21,0.1,0.03,0.0,0.0,0.01,0.1,0.0,0,76795.0
0,tcp,mtp,S0,0,0,0,0,0,0,0,0,0,190,1.0,1.0,0.0,0.0,0.06,0.08,0.0,255,12,0.05,0.09,0.0,0.0,1.0,1.0,0.0,1,93430.0
0,tcp,login,S0,0,0,0,0,0,0,0,0,0,127,1.0,1.0,0.0,0.0,0.02,0.07,0.0,255,3,0.01,0.06,0.0,0.0,1.0,1.0,0.0,1,85217.0
0,udp,private,SF,1,0,0,0,0,0,0,0,0,16,0.0,0.0,0.0,0.0,0.75,0.12,0.0,255,12,0.05,0.84,0.18,0.0,0.03,0.0,0.0,1,49770.0
0,tcp,private,RSTR,0,0,0,0,0,0,0,0,0,1,0.0,0.0,1.0,1.0,1.0,0.0,0.0,255,1,0.0,0.9,0.9,0.0,0.0,0.0,1.0,1,60753.0
0,tcp,ctf,S0,0,0,0,0,0,0,0,0,0,258,1.0,1.0,0.0,0.0,0.02,0.07,0.0,255,5,0.02,0.07,0.0,0.0,1.0,1.0,0.0,1,59300.0
0,tcp,private,S0,0,0,0,0,0,0,0,0,0,166,1.0,1.0,0.0,0.0,0.1,0.05,0.0,255,7,0.03,0.06,0.0,0.0,1.0,1.0,0.0,1,116788.0
0,tcp,private,REJ,0,0,0,0,0,0,0,0,0,198,0.07,0.0,0.87,1.0,0.01,0.99,0.0,255,1,0.0,0.78,0.0,0.0,0.05,0.0,1.0,1,124172.0
0,tcp,http,REJ,0,0,0,0,0,0,0,0,0,1,0.0,0.0,1.0,1.0,1.0,0.0,0.0,18,129,1.0,0.0,0.06,0.07,0.0,0.0,1.0,0,123685.0
0,tcp,private,S0,0,0,0,0,0,0,0,0,0,140,1.0,1.0,0.0,0.0,0.1,0.06,0.0,255,7,0.03,0.06,0.0,0.0,1.0,1.0,0.0,1,112283.0
0,tcp,http,SF,315,677,0,0,1,0,0,0,0,6,0.0,0.0,0.0,0.0,1.0,0.0,0.17,113,255,1.0,0.0,0.01,0.04,0.0,0.0,0.0,0,14834.0
0,tcp,http,SF,246,4184,0,0,1,0,0,0,0,13,0.0,0.0,0.0,0.0,1.0,0.0,0.11,102,255,1.0,0.0,0.01,0.04,0.0,0.0,0.0,0,28174.0
0,tcp,http,REJ,0,0,0,0,0,0,0,0,0,1,0.0,0.0,1.0,1.0,1.0,0.0,1.0,32,237,1.0,0.0,0.03,0.17,0.0,0.0,1.0,0,26550.0
0,tcp,http,SF,54540,8314,0,2,1,1,0,0,0,2,0.0,0.0,0.0,0.0,1.0,0.0,0.0,4,4,1.0,0.0,0.25,0.0,0.0,0.0,0.0,1,102231.0
0,tcp,private,S0,0,0,0,0,0,0,0,0,0,138,1.0,1.0,0.0,0.0,0.1,0.06,0.0,255,8,0.03,0.06,0.0,0.0,1.0,1.0,0.0,1,50419.0
2594,udp,other,SF,145,105,0,0,0,0,0,0,0,1,0.0,0.0,0.0,0.0,1.0,0.0,0.0,255,1,0.0,0.87,0.99,0.0,0.0,0.0,0.0,0,58466.0
0,tcp,http,SF,204,756,0,0,1,0,0,0,0,9,0.0,0.0,0.0,0.0,1.0,0.0,0.0,9,255,1.0,0.0,0.11,0.05,0.0,0.0,0.0,0,112080.0
1,tcp,smtp,SF,2146,332,0,0,1,0,0,0,0,1,0.0,0.0,0.0,0.0,1.0,0.0,1.0,210,212,0.85,0.02,0.0,0.01,0.0,0.0,0.0,0,22619.0
0,tcp,ftp_data,S1,65700,0,0,0,1,0,0,1,0,1,1.0,1.0,0.0,0.0,1.0,0.0,0.0,42,61,0.17,0.12,0.17,0.03,0.02,0.02,0.0,0,59995.0
0,tcp,smtp,SF,534,281,0,0,1,0,0,0,0,1,0.0,0.0,0.0,0.0,1.0,0.0,0.0,116,199,0.63,0.04,0.01,0.01,0.0,0.0,0.0,0,40875.0
0,udp,domain_u,SF,42,42,0,0,0,0,0,0,0,2,0.0,0.0,0.0,0.0,1.0,0.0,0.5,255,238,0.93,0.01,0.0,0.0,0.0,0.0,0.0,0,92550.0
0,tcp,private,REJ,0,0,0,0,0,0,0,0,0,106,0.0,0.0,1.0,1.0,0.07,0.06,0.0,255,7,0.03,0.07,0.0,0.0,0.0,0.0,1.0,1,71212.0
0,tcp,private,S0,0,0,0,0,0,0,0,0,0,99,1.0,1.0,0.0,0.0,0.03,0.06,0.0,255,4,0.02,0.06,0.0,0.0,1.0,1.0,0.0,1,56864.0
0,icmp,urp_i,SF,181,0,0,0,0,0,0,0,0,5,0.0,0.0,0.0,0.0,0.8,0.4,0.0,255,18,0.07,0.01,0.08,0.0,0.0,0.0,0.0,0,71210.0
0,tcp,other,REJ,0,0,0,0,0,0,0,0,0,509,0.04,0.0,0.96,1.0,0.0,1.0,0.0,255,1,0.0,1.0,0.0,0.0,0.08,0.0,1.0,1,38544.0
0,tcp,http_443,S0,0,0,0,0,0,0,0,0,0,53,1.0,1.0,0.0,0.0,0.19,0.09,0.0,255,10,0.04,0.08,0.0,0.0,1.0,1.0,0.0,1,49290.0
0,udp,domain_u,SF,132,34,0,0,0,0,0,0,0,2,0.0,0.0,0.0,0.0,1.0,0.0,0.0,8,8,1.0,0.0,1.0,0.0,0.0,0.0,0.0,0,50142.0
5,tcp,smtp,SF,1407,331,0,0,1,0,0,0,0,1,0.0,0.0,0.0,0.0,1.0,0.0,0.0,36,28,0.78,0.08,0.03,0.0,0.0,0.0,0.0,0,63240.0
0,tcp,ftp_data,SF,334,0,0,0,1,0,0,0,0,1,0.0,0.0,0.0,0.0,1.0,0.0,0.0,8,45,1.0,0.0,1.0,0.11,0.0,0.0,0.0,1,39687.0
0,tcp,ldap,S0,0,0,0,0,0,0,0,0,0,124,1.0,1.0,0.0,0.0,0.06,0.06,0.0,255,8,0.03,0.05,0.0,0.0,1.0,1.0,0.0,1,59368.0
0,tcp,smtp,SF,1162,327,0,0,1,0,0,0,0,1,0.0,0.0,0.0,0.0,1.0,0.0,0.0,39,148,0.79,0.05,0.03,0.02,0.0,0.0,0.0,0,71075.0
0,tcp,private,S0,0,0,0,0,0,0,0,0,0,245,1.0,1.0,0.0,0.0,0.09,0.06,0.0,255,22,0.09,0.06,0.0,0.0,1.0,1.0,0.0,1,94683.0
0,tcp,iso_tsap,REJ,0,0,0,0,0,0,0,0,0,111,0.0,0.0,1.0,1.0,0.17,0.07,0.0,255,7,0.03,0.08,0.0,0.0,0.0,0.0,1.0,1,42546.0
280,tcp,telnet,SF,215,6265,0,0,1,2,0,0,0,1,0.0,0.0,0.0,0.0,1.0,0.0,0.0,221,107,0.48,0.01,0.0,0.0,0.9,0.93,0.0,0,59192.0
0,tcp,http,SF,151,1946,0,0,1,0,0,0,0,1,0.0,0.0,0.0,0.0,1.0,0.0,0.0,6,255,1.0,0.0,0.17,0.08,0.0,0.0,0.0,0,15825.0
0,tcp,vmnet,S0,0,0,0,0,0,0,0,0,0,284,1.0,1.0,0.0,0.0,0.07,0.06,0.0,255,20,0.08,0.07,0.0,0.0,1.0,1.0,0.0,1,9023.0
0,tcp,http,SF,194,260,0,0,1,0,0,0,0,51,0.0,0.0,0.0,0.0,1.0,0.0,0.03,51,255,1.0,0.0,0.02,0.01,0.0,0.0,0.0,0,49412.0
0,tcp,http,SF,216,469,0,0,1,0,0,0,0,6,0.0,0.0,0.0,0.0,1.0,0.0,0.0,18,255,1.0,0.0,0.06,0.02,0.0,0.0,0.0,0,81577.0
0,tcp,finger,S0,0,0,0,0,0,0,0,0,0,286,1.0,1.0,0.0,0.0,0.04,0.06,0.0,255,12,0.05,0.09,0.0,0.0,1.0,1.0,0.0,1,15405.0
7,tcp,smtp,SF,1625,371,0,0,1,0,0,0,0,1,0.0,0.0,0.0,0.0,1.0,0.0,0.0,41,96,0.95,0.05,0.02,0.02,0.0,0.0,0.0,0,75243.0
0,tcp,http,SF,295,5375,0,0,1,0,0,0,0,1,0.0,0.0,0.0,0.0,1.0,0.0,1.0,1,255,1.0,0.0,1.0,0.04,0.0,0.0,0.0,0,68467.0
0,tcp,http,SF,249,11335,0,0,1,0,0,0,0,2,0.0,0.0,0.0,0.0,1.0,0.0,0.0,26,92,1.0,0.0,0.04,0.05,0.0,0.0,0.0,0,47434.0
38108,tcp,private,RSTR,1,0,0,0,0,0,0,0,0,2,0.0,0.0,1.0,1.0,1.0,0.0,0.0,255,2,0.01,0.5,1.0,0.0,0.0,0.0,1.0,1,92958.0
0,tcp,ftp_data,SF,334,0,0,0,1,0,0,0,0,2,0.0,0.0,0.0,0.0,1.0,0.0,0.0,12,23,1.0,0.0,1.0,0.09,0.0,0.0,0.0,1,113079.0
0,tcp,ftp_data,S0,0,0,0,0,0,0,0,0,0,188,1.0,1.0,0.0,0.0,0.08,0.06,0.0,255,15,0.06,0.06,0.0,0.0,1.0,1.0,0.0,1,85353.0
12268,tcp,telnet,SF,107,3790,0,0,1,2,0,0,0,1,0.0,0.0,0.0,0.0,1.0,0.0,0.0,93,8,0.09,0.05,0.01,0.0,0.0,0.0,0.25,0,111365.0
0,tcp,http,SF,312,10437,0,0,1,0,0,0,0,1,0.0,0.0,0.0,0.0,1.0,0.0,0.4,65,255,1.0,0.0,0.02,0.05,0.0,0.0,0.0,0,98504.0
0,tcp,http,SF,321,12687,0,0,1,0,0,0,0,12,0.0,0.0,0.0,0.0,1.0,0.0,0.0,168,255,1.0,0.0,0.01,0.01,0.0,0.0,0.0,0,97396.0
0,tcp,netbios_ssn,S0,0,0,0,0,0,0,0,0,0,287,1.0,1.0,0.0,0.0,0.02,0.06,0.0,255,11,0.04,0.08,0.0,0.0,1.0,1.0,0.0,1,112148.0
0,tcp,courier,S0,0,0,0,0,0,0,0,0,0,105,1.0,1.0,0.0,0.0,0.04,0.08,0.0,255,4,0.02,0.07,0.0,0.0,1.0,1.0,0.0,1,98457.0
0,udp,domain_u,SF,45,45,0,0,0,0,0,0,0,77,0.0,0.0,0.0,0.0,1.0,0.0,0.03,255,253,0.99,0.01,0.0,0.0,0.0,0.0,0.0,0,63554.0
0,tcp,http,SF,342,286,0,0,1,0,0,0,0,9,0.0,0.0,0.0,0.0,1.0,0.0,0.21,36,255,1.0,0.0,0.03,0.04,0.03,0.01,0.0,0,100481.0
0,tcp,http,SF,226,578,0,0,1,0,0,0,0,5,0.0,0.0,0.0,0.0,1.0,0.0,0.09,5,255,1.0,0.0,0.2,0.01,0.0,0.0,0.0,0,119109.0
0,tcp,http,SF,184,4611,0,0,1,0,0,0,0,1,0.0,0.0,0.0,0.0,1.0,0.0,0.0,255,233,0.91,0.02,0.0,0.0,0.0,0.0,0.0,0,112743.0
0,tcp,Z39_50,REJ,0,0,0,0,0,0,0,0,0,110,0.0,0.0,1.0,1.0,0.05,0.06,0.0,255,5,0.02,0.06,0.0,0.0,0.0,0.0,1.0,1,103587.0
0,tcp,http_443,S0,0,0,0,0,0,0,0,0,0,127,1.0,1.0,0.0,0.0,0.02,0.07,0.0,255,3,0.01,0.06,0.0,0.0,1.0,1.0,0.0,1,94536.0
0,tcp,private,REJ,0,0,0,0,0,0,0,0,0,119,0.0,0.0,1.0,1.0,0.07,0.08,0.0,255,8,0.03,0.06,0.0,0.0,0.0,0.0,1.0,1,1595.0
0,udp,domain_u,SF,44,137,0,0,0,0,0,0,0,225,0.0,0.0,0.0,0.0,1.0,0.0,0.01,255,253,0.99,0.01,0.0,0.0,0.0,0.0,0.0,0,13883.0
0,tcp,gopher,REJ,0,0,0,0,0,0,0,0,0,145,0.0,0.0,1.0,1.0,0.02,0.06,0.0,255,3,0.01,0.07,0.0,0.0,0.0,0.0,1.0,1,62053.0
0,tcp,private,REJ,0,0,0,0,0,0,0,0,0,110,0.0,0.0,1.0,1.0,0.14,0.06,0.0,255,7,0.03,0.07,0.0,0.0,0.0,0.0,1.0,1,73095.0
0,tcp,http,REJ,0,0,0,0,0,0,0,0,0,1,0.0,0.0,1.0,1.0,1.0,0.0,0.0,3,253,1.0,0.0,0.33,0.17,0.0,0.0,1.0,0,27408.0
10,tcp,smtp,SF,2399,343,0,0,1,0,0,0,0,1,0.0,0.0,0.0,0.0,1.0,0.0,0.0,151,142,0.6,0.03,0.01,0.01,0.01,0.0,0.0,0,45742.0
0,tcp,smtp,SF,1360,283,0,0,1,0,0,0,0,1,0.0,0.0,0.0,0.0,1.0,0.0,0.0,14,35,0.14,0.14,0.07,0.06,0.07,0.0,0.0,0,56274.0
0,tcp,courier,S0,0,0,0,0,0,0,0,0,0,126,1.0,1.0,0.0,0.0,0.17,0.05,0.0,255,21,0.08,0.05,0.0,0.0,1.0,1.0,0.0,1,46189.0
0,icmp,ecr_i,SF,1032,0,0,0,0,0,0,0,0,511,0.0,0.0,0.0,0.0,1.0,0.0,0.0,255,26,0.1,0.24,0.1,0.0,0.0,0.0,0.0,1,55862.0
0,tcp,http,SF,336,6503,0,0,1,0,0,0,0,7,0.0,0.0,0.0,0.0,1.0,0.0,0.0,106,255,1.0,0.0,0.01,0.02,0.0,0.0,0.0,0,108917.0
0,tcp,http,SF,224,260,0,0,1,0,0,0,0,12,0.0,0.0,0.0,0.0,1.0,0.0,0.0,71,255,1.0,0.0,0.01,0.06,0.0,0.0,0.0,0,13589.0
0,tcp,private,REJ,0,0,0,0,0,0,0,0,0,106,0.0,0.0,1.0,1.0,0.08,0.06,0.0,255,9,0.04,0.05,0.0,0.0,0.0,0.0,1.0,1,37577.0
0,tcp,http,SF,323,273,0,0,1,0,0,0,0,4,0.0,0.0,0.0,0.2,1.0,0.0,0.4,255,245,0.96,0.01,0.0,0.0,0.0,0.0,0.0,0,33739.0
0,tcp,ftp_data,SF,334,0,0,0,1,0,0,0,0,2,0.0,0.0,0.0,0.0,1.0,0.0,0.0,4,32,1.0,0.0,1.0,0.12,0.0,0.0,0.0,1,105655.0
0,tcp,private,S0,0,0,0,0,0,0,0,0,0,239,1.0,1.0,0.0,0.0,0.06,0.06,0.0,255,6,0.02,0.08,0.0,0.0,1.0,1.0,0.0,1,110289.0
0,tcp,uucp,S0,0,0,0,0,0,0,0,0,0,120,1.0,1.0,0.0,0.0,0.12,0.07,0.0,255,14,0.05,0.06,0.0,0.0,1.0,1.0,0.0,1,65756.0
2345,udp,other,SF,146,105,0,0,0,0,0,0,0,1,0.0,0.0,0.0,0.0,1.0,0.0,0.0,255,1,0.0,0.64,0.95,0.0,0.0,0.0,0.0,0,72672.0
0,udp,domain_u,SF,45,128,0,0,0,0,0,0,0,25,0.0,0.0,0.0,0.0,1.0,0.0,0.02,255,255,1.0,0.0,0.0,0.0,0.0,0.0,0.0,0,92996.0
0,tcp,nnsp,S0,0,0,0,0,0,0,0,0,0,103,1.0,1.0,0.0,0.0,0.09,0.07,0.0,211,9,0.04,0.07,0.0,0.0,1.0,1.0,0.0,1,1957.0
0,tcp,ldap,S0,0,0,0,0,0,0,0,0,0,227,1.0,1.0,0.0,0.0,0.08,0.05,0.0,255,18,0.07,0.06,0.0,0.0,1.0,1.0,0.0,1,74815.0
0,tcp,uucp,S0,0,0,0,0,0,0,0,0,0,132,1.0,1.0,0.0,0.0,0.13,0.06,0.0,255,11,0.04,0.08,0.0,0.0,1.0,1.0,0.0,1,104556.0
0,tcp,http,SF,258,406,0,0,1,0,0,0,0,14,0.0,0.0,0.0,0.0,1.0,0.0,0.0,255,255,1.0,0.0,0.0,0.0,0.0,0.0,0.0,0,10978.0
0,tcp,ftp_data,SF,1830,0,0,0,1,0,0,0,0,5,0.0,0.0,0.0,0.0,1.0,0.0,0.0,255,103,0.4,0.02,0.4,0.0,0.0,0.0,0.0,0,97686.0
0,udp,private,SF,105,145,0,0,0,0,0,0,0,4,0.0,0.0,0.0,0.0,0.25,0.5,0.0,255,119,0.47,0.01,0.0,0.0,0.0,0.0,0.0,0,87722.0
0,tcp,uucp,S0,0,0,0,0,0,0,0,0,0,133,1.0,1.0,0.0,0.0,0.06,0.07,0.0,255,8,0.03,0.06,0.0,0.0,1.0,1.0,0.0,1,38437.0
0,udp,domain_u,SF,44,86,0,0,0,0,0,0,0,192,0.0,0.0,0.0,0.0,1.0,0.0,0.0,255,255,1.0,0.0,0.01,0.0,0.0,0.0,0.0,0,56830.0
4201,udp,other,SF,145,105,0,0,0,0,0,0,0,1,0.0,0.0,0.0,0.0,1.0,0.0,0.0,255,1,0.0,0.44,0.8,0.0,0.0,0.0,0.0,0,50353.0
0,tcp,private,S0,0,0,0,0,0,0,0,0,0,211,1.0,1.0,0.0,0.0,0.01,0.06,0.0,255,17,0.07,0.06,0.0,0.0,1.0,1.0,0.0,1,125453.0
0,tcp,http,SF,234,2031,0,0,1,0,0,0,0,12,0.0,0.0,0.0,0.0,1.0,0.0,0.0,51,255,1.0,0.0,0.02,0.03,0.0,0.0,0.0,0,69400.0
3,tcp,smtp,SF,1046,328,0,0,1,0,0,0,0,1,0.0,0.0,0.0,0.0,1.0,0.0,0.0,112,93,0.62,0.03,0.01,0.02,0.0,0.0,0.0,0,60120.0
0,tcp,ftp_data,SF,334,0,0,0,1,0,0,0,0,2,0.0,0.0,0.0,0.0,1.0,0.0,0.0,4,14,1.0,0.0,1.0,0.29,0.0,0.0,0.0,1,49287.0
0,tcp,Z39_50,REJ,0,0,0,0,0,0,0,0,0,227,0.0,0.0,1.0,1.0,0.05,0.07,0.0,255,11,0.04,0.07,0.0,0.0,0.0,0.0,1.0,1,59551.0
0,tcp,http,SF,187,30606,0,0,1,0,0,0,0,1,0.0,0.0,0.0,0.0,1.0,0.0,1.0,255,255,1.0,0.0,0.0,0.0,0.0,0.0,0.0,0,14725.0
0,tcp,private,S0,0,0,0,0,0,0,0,0,0,162,1.0,1.0,0.0,0.0,0.05,0.06,0.0,255,8,0.03,0.07,0.0,0.0,1.0,1.0,0.0,1,15389.0
0,icmp,eco_i,SF,30,0,0,0,0,0,0,0,0,5,0.0,0.0,0.0,0.0,0.2,0.6,0.0,255,38,0.15,0.01,0.64,0.0,0.0,0.0,0.0,0,65673.0
0,udp,domain_u,SF,44,72,0,0,0,0,0,0,0,183,0.0,0.0,0.0,0.0,0.99,0.01,0.0,255,254,1.0,0.01,0.01,0.0,0.0,0.0,0.0,0,77364.0
0,udp,domain_u,SF,44,127,0,0,0,0,0,0,0,145,0.0,0.0,0.0,0.0,1.0,0.0,0.01,255,255,1.0,0.0,0.0,0.0,0.0,0.0,0.0,0,114309.0
0,tcp,uucp,S0,0,0,0,0,0,0,0,0,0,121,1.0,1.0,0.0,0.0,0.02,0.06,0.0,255,15,0.06,0.06,0.0,0.0,1.0,1.0,0.0,1,34958.0
0,tcp,ftp_data,SF,4753,0,0,0,1,0,0,0,0,11,0.0,0.0,0.0,0.0,1.0,0.0,0.0,149,92,0.43,0.04,0.43,0.02,0.0,0.0,0.0,0,89514.0
0,tcp,http,SF,323,771,0,0,1,0,0,0,0,11,0.0,0.0,0.0,0.0,1.0,0.0,0.0,173,255,1.0,0.0,0.01,0.04,0.0,0.0,0.0,0,108654.0
0,tcp,ftp_data,SF,59,0,0,0,1,0,0,0,0,9,0.0,0.0,0.0,0.0,1.0,0.0,0.2,17,15,0.88,0.12,0.88,0.0,0.0,0.0,0.0,0,108568.0
0,tcp,http,SF,157,41901,0,0,1,0,0,0,0,1,0.0,0.0,0.0,0.0,1.0,0.0,0.0,255,255,1.0,0.0,0.0,0.0,0.0,0.0,0.0,0,20506.0
0,tcp,finger,S0,0,0,0,0,0,0,0,0,0,239,1.0,1.0,0.0,0.0,0.03,0.06,0.0,255,9,0.04,0.09,0.0,0.0,1.0,1.0,0.0,1,46287.0
0,tcp,private,REJ,0,0,0,0,0,0,0,0,0,289,0.07,0.0,0.88,1.0,0.0,1.0,0.0,255,1,0.0,1.0,0.0,0.0,0.08,0.0,1.0,1,110501.0
0,tcp,http,SF,223,314,0,0,1,0,0,0,0,1,0.0,0.0,0.0,0.0,1.0,0.0,0.0,255,255,1.0,0.0,0.0,0.0,0.0,0.0,0.0,0,122048.0
632,tcp,telnet,RSTR,539,17763,0,1,1,1,0,0,0,2,0.0,0.0,1.0,1.0,1.0,0.0,0.0,255,98,0.38,0.01,0.0,0.0,0.63,0.82,0.01,0,93124.0
0,udp,domain_u,SF,34,94,0,0,0,0,0,0,0,1,0.0,0.0,0.0,0.0,1.0,0.0,0.25,56,215,0.61,0.05,0.61,0.01,0.0,0.0,0.0,0,98039.0
0,tcp,smtp,SF,2099,368,0,0,1,0,0,0,0,1,0.0,0.0,0.0,0.0,1.0,0.0,0.0,200,117,0.43,0.03,0.0,0.02,0.0,0.0,0.0,0,19853.0
0,tcp,private,S0,0,0,0,0,0,0,0,0,0,22,1.0,1.0,0.0,0.0,0.09,0.27,0.0,255,13,0.05,0.09,0.0,0.0,1.0,1.0,0.0,1,71183.0
0,tcp,private,S0,0,0,0,0,0,0,0,0,0,278,1.0,1.0,0.0,0.0,0.04,0.06,0.0,255,7,0.03,0.04,0.0,0.0,1.0,1.0,0.0,1,88263.0
0,tcp,http,SF,309,398,0,0,1,0,0,0,0,7,0.0,0.0,0.0,0.0,1.0,0.0,0.0,255,255,1.0,0.0,0.0,0.0,0.0,0.0,0.0,0,18788.0
0,tcp,imap4,S0,0,0,0,0,0,0,0,0,0,262,1.0,1.0,0.0,0.0,0.02,0.06,0.0,255,6,0.02,0.08,0.0,0.0,1.0,1.0,0.0,1,115269.0
0,tcp,netbios_ssn,REJ,0,0,0,0,0,0,0,0,0,148,0.0,0.0,1.0,1.0,0.08,0.07,0.0,255,12,0.05,0.07,0.0,0.0,0.0,0.0,1.0,1,36271.0
28,tcp,ftp,SF,1464,4152,0,30,1,0,0,0,0,1,0.0,0.0,0.0,0.0,1.0,0.0,0.0,3,3,1.0,0.0,0.33,0.0,0.0,0.0,0.0,0,77924.0
0,tcp,private,S0,0,0,0,0,0,0,0,0,0,88,1.0,1.0,0.0,0.0,0.15,0.07,0.0,255,2,0.01,0.07,0.0,0.0,1.0,1.0,0.0,1,3756.0
0,tcp,http,SF,251,13356,0,0,1,0,0,0,0,12,0.0,0.0,0.0,0.0,1.0,0.0,0.2,255,255,1.0,0.0,0.0,0.0,0.0,0.0,0.0,0,66233.0
0,tcp,private,S0,0,0,0,0,0,0,0,0,0,137,0.99,1.0,0.0,0.0,0.1,0.07,0.0,255,14,0.05,0.05,0.0,0.0,1.0,1.0,0.0,1,44588.0
1,tcp,smtp,SF,872,342,0,0,1,0,0,0,0,1,0.0,0.0,0.0,0.0,1.0,0.0,1.0,7,168,0.86,0.29,0.14,0.01,0.0,0.0,0.0,0,93733.0
0,tcp,private,S0,0,0,0,0,0,0,0,0,0,143,1.0,1.0,0.0,0.0,0.09,0.06,0.0,255,1,0.0,0.08,0.0,0.0,1.0,1.0,0.0,1,12764.0
0,tcp,whois,S0,0,0,0,0,0,0,0,0,0,250,1.0,1.0,0.0,0.0,0.01,0.07,0.0,255,2,0.01,0.08,0.0,0.0,1.0,1.0,0.0,1,63941.0
2,tcp,smtp,SF,672,331,0,0,1,0,0,0,0,1,0.0,0.0,0.0,0.0,1.0,0.0,1.0,132,104,0.44,0.04,0.01,0.02,0.0,0.0,0.0,0,6034.0
0,tcp,private,S0,0,0,0,0,0,0,0,0,0,220,1.0,1.0,0.0,0.0,0.04,0.07,0.0,255,9,0.04,0.07,0.0,0.0,1.0,1.0,0.0,1,67993.0
0,tcp,discard,S0,0,0,0,0,0,0,0,0,0,197,1.0,1.0,0.0,0.0,0.05,0.07,0.0,255,10,0.04,0.06,0.0,0.0,1.0,1.0,0.0,1,36181.0
0,tcp,telnet,S0,0,0,0,0,0,0,0,0,0,289,1.0,1.0,0.0,0.0,0.01,0.05,0.0,255,4,0.02,0.05,0.0,0.0,1.0,1.0,0.0,1,109407.0
0,tcp,http,SF,346,8095,0,0,1,0,0,0,0,55,0.0,0.0,0.0,0.0,1.0,0.0,0.0,255,255,1.0,0.0,0.0,0.0,0.0,0.0,0.0,0,56858.0
0,tcp,other,REJ,0,0,0,0,0,0,0,0,0,509,0.2,0.0,0.8,1.0,0.0,1.0,0.0,255,1,0.0,1.0,0.0,0.0,0.24,0.0,1.0,1,36340.0
0,tcp,iso_tsap,S0,0,0,0,0,0,0,0,0,0,292,1.0,1.0,0.0,0.0,0.08,0.05,0.0,255,24,0.09,0.05,0.0,0.0,1.0,1.0,0.0,1,4015.0
1,tcp,smtp,SF,623,437,0,0,1,0,0,0,0,1,0.0,0.0,0.0,0.0,1.0,0.0,0.0,4,148,0.75,0.5,0.25,0.02,0.25,0.0,0.0,0,10817.0
0,tcp,http,SF,232,2507,0,0,1,0,0,0,0,1,0.0,0.0,0.0,0.0,1.0,0.0,0.06,255,242,0.95,0.01,0.0,0.0,0.0,0.0,0.0,0,7244.0
0,udp,domain_u,SF,46,119,0,0,0,0,0,0,0,96,0.0,0.0,0.0,0.0,0.99,0.02,0.02,255,253,0.99,0.01,0.0,0.0,0.0,0.0,0.0,0,124849.0
0,tcp,private,S0,0,0,0,0,0,0,0,0,0,215,1.0,1.0,0.0,0.0,0.09,0.07,0.0,255,20,0.08,0.06,0.0,0.0,1.0,1.0,0.0,1,120066.0
0,icmp,eco_i,SF,8,0,0,0,0,0,0,0,0,1,0.0,0.0,0.0,0.0,1.0,0.0,1.0,1,117,1.0,0.0,1.0,0.26,0.0,0.0,0.0,1,75004.0
0,tcp,telnet,S0,0,0,0,0,0,0,0,0,0,201,1.0,1.0,0.0,0.0,0.0,0.05,0.0,255,1,0.0,0.05,0.0,0.0,1.0,1.0,0.0,1,43274.0
5,tcp,other,RSTR,0,0,0,0,0,0,0,0,0,1,0.0,0.0,1.0,1.0,1.0,0.0,0.0,255,1,0.0,0.64,1.0,0.0,0.0,0.0,1.0,1,29302.0
0,tcp,ftp,S0,0,0,0,0,0,0,0,0,0,247,1.0,1.0,0.0,0.0,0.02,0.06,0.0,255,6,0.02,0.06,0.0,0.0,1.0,1.0,0.0,1,113000.0
0,tcp,http,SF,232,3222,0,0,1,0,0,0,0,1,0.0,0.0,0.0,0.0,1.0,0.0,0.05,255,251,0.98,0.01,0.0,0.0,0.0,0.0,0.0,0,53346.0
0,tcp,http,SF,217,1373,0,0,1,0,0,0,0,7,0.0,0.0,0.0,0.0,1.0,0.0,0.25,34,255,1.0,0.0,0.03,0.03,0.0,0.0,0.0,0,69796.0
0,tcp,private,S0,0,0,0,0,0,0,0,0,0,2,1.0,1.0,0.0,0.0,0.5,1.0,0.0,255,15,0.06,0.09,0.0,0.0,1.0,1.0,0.0,1,48643.0
0,tcp,ctf,S0,0,0,0,0,0,0,0,0,0,234,1.0,1.0,0.0,0.0,0.0,0.07,0.0,255,1,0.0,0.08,0.0,0.0,1.0,1.0,0.0,1,30660.0
0,tcp,http,SF,54540,8314,0,2,1,1,0,0,0,3,0.0,0.0,0.0,0.0,1.0,0.0,0.0,14,14,1.0,0.0,0.07,0.0,0.0,0.0,0.07,1,32684.0
0,tcp,http,SF,316,3957,0,0,1,0,0,0,0,1,0.0,0.0,0.0,0.0,1.0,0.0,1.0,255,255,1.0,0.0,0.0,0.0,0.0,0.0,0.0,0,20693.0
0,tcp,finger,SF,10,147,0,0,0,0,0,0,0,1,0.0,0.0,0.0,0.0,1.0,0.0,0.0,29,2,0.03,0.14,0.03,1.0,0.0,0.0,0.0,0,117359.0
0,tcp,http,REJ,0,0,0,0,0,0,0,0,0,1,0.0,0.0,1.0,1.0,1.0,0.0,0.0,12,255,1.0,0.0,0.08,0.19,0.0,0.0,0.99,0,42561.0
0,tcp,http,SF,260,312,0,0,1,0,0,0,0,34,0.0,0.0,0.0,0.0,1.0,0.0,0.0,255,255,1.0,0.0,0.0,0.0,0.0,0.0,0.0,0,76314.0
0,tcp,private,RSTR,0,0,0,0,0,0,0,0,0,1,0.0,0.0,1.0,1.0,1.0,0.0,0.0,255,1,0.0,0.93,0.93,0.0,0.0,0.0,1.0,1,124940.0
0,tcp,private,REJ,0,0,0,0,0,0,0,0,0,133,0.0,0.0,1.0,1.0,0.15,0.07,0.0,255,20,0.08,0.07,0.0,0.0,0.0,0.0,1.0,1,83812.0
0,tcp,smtp,SF,1282,332,0,0,1,0,0,0,0,1,0.0,0.0,0.0,0.0,1.0,0.0,1.0,185,172,0.62,0.04,0.01,0.01,0.01,0.01,0.0,0,61938.0
0,tcp,http,SF,179,118,0,0,1,0,0,0,0,2,0.0,0.0,0.0,0.0,1.0,0.0,0.14,187,255,1.0,0.0,0.01,0.02,0.0,0.0,0.0,0,86204.0
0,tcp,http,SF,338,770,0,0,1,0,0,0,0,17,0.0,0.0,0.0,0.0,1.0,0.0,0.0,17,117,1.0,0.0,0.06,0.13,0.0,0.0,0.0,0,96257.0
0,icmp,ecr_i,SF,1032,0,0,0,0,0,0,0,0,511,0.0,0.0,0.0,0.0,1.0,0.0,0.0,225,80,0.36,0.01,0.36,0.0,0.0,0.0,0.0,1,39830.0
0,tcp,pop_2,REJ,0,0,0,0,0,0,0,0,0,250,0.0,0.0,1.0,1.0,0.02,0.06,0.0,255,4,0.02,0.07,0.0,0.0,0.0,0.0,1.0,1,102015.0
0,tcp,private,REJ,0,0,0,0,0,0,0,0,0,162,0.0,0.0,1.0,1.0,0.02,0.08,0.0,255,3,0.01,0.09,0.0,0.0,0.0,0.0,1.0,1,84877.0
1853,udp,other,SF,146,105,0,0,0,0,0,0,0,1,0.0,0.0,0.0,0.0,1.0,0.0,0.0,255,2,0.01,0.64,0.96,0.0,0.0,0.0,0.0,0,94735.0
27,tcp,ftp,SF,1473,4152,0,30,1,0,0,0,0,1,0.0,0.0,0.0,0.0,1.0,0.0,0.0,110,25,0.23,0.05,0.01,0.0,0.0,0.0,0.04,0,15831.0
0,tcp,http,SF,291,320,0,0,1,0,0,0,0,3,0.0,0.0,0.0,0.0,1.0,0.0,0.0,55,255,1.0,0.0,0.02,0.05,0.02,0.0,0.0,0,485.0
0,tcp,private,S0,0,0,0,0,0,0,0,0,0,140,1.0,1.0,0.0,0.0,0.01,0.06,0.0,255,8,0.03,0.07,0.0,0.0,1.0,1.0,0.0,1,105135.0
0,tcp,ftp_data,SF,334,0,0,0,1,0,0,0,0,1,0.0,0.0,0.0,0.0,1.0,0.0,0.0,1,13,1.0,0.0,1.0,0.31,0.0,0.0,0.0,1,15398.0
0,tcp,http,SF,322,1512,0,0,1,0,0,0,0,13,0.0,0.0,0.0,0.0,1.0,0.0,0.0,255,255,1.0,0.0,0.0,0.0,0.0,0.0,0.0,0,91421.0
0,tcp,courier,S0,0,0,0,0,0,0,0,0,0,109,1.0,1.0,0.0,0.0,0.06,0.06,0.0,255,7,0.03,0.05,0.0,0.0,1.0,1.0,0.0,1,50425.0
0,tcp,http,SF,218,632,0,0,1,0,0,0,0,20,0.0,0.0,0.0,0.0,1.0,0.0,0.0,57,255,1.0,0.0,0.02,0.02,0.0,0.0,0.0,0,8582.0
0,tcp,private,S0,0,0,0,0,0,0,0,0,0,295,1.0,1.0,0.0,0.0,0.02,0.05,0.0,255,4,0.02,0.07,0.0,0.0,1.0,1.0,0.0,1,81284.0
0,icmp,ecr_i,SF,520,0,0,0,0,0,0,0,0,292,0.0,0.0,0.0,0.0,1.0,0.0,0.0,255,255,1.0,0.0,1.0,0.0,0.0,0.0,0.0,1,70477.0
0,tcp,http,SF,229,439,0,0,1,0,0,0,0,1,0.0,0.0,0.0,0.0,1.0,0.0,0.0,15,255,1.0,0.0,0.07,0.07,0.0,0.0,0.0,0,93563.0
0,tcp,Z39_50,S0,0,0,0,0,0,0,0,0,0,270,1.0,1.0,0.0,0.0,0.04,0.05,0.0,255,10,0.04,0.05,0.0,0.0,1.0,1.0,0.0,1,123076.0
7,tcp,smtp,SF,812,334,0,0,1,0,0,0,0,1,0.0,0.0,0.0,0.0,1.0,0.0,1.0,155,121,0.6,0.05,0.01,0.02,0.01,0.0,0.0,0,112571.0
0,tcp,netstat,S0,0,0,0,0,0,0,0,0,0,145,1.0,1.0,0.0,0.0,0.08,0.06,0.0,255,12,0.05,0.05,0.0,0.0,1.0,1.0,0.0,1,92773.0
0,tcp,private,REJ,0,0,0,0,0,0,0,0,0,1,0.0,0.0,1.0,1.0,1.0,0.0,0.0,36,2,0.03,1.0,0.03,1.0,0.0,0.0,1.0,1,37360.0
0,tcp,klogin,S0,0,0,0,0,0,0,0,0,0,100,1.0,1.0,0.0,0.0,0.11,0.07,0.0,255,5,0.02,0.07,0.0,0.0,1.0,1.0,0.0,1,118836.0
0,tcp,private,S0,0,0,0,0,0,0,0,0,0,156,1.0,1.0,0.0,0.0,0.03,0.06,0.0,255,17,0.07,0.07,0.0,0.0,1.0,1.0,0.0,1,29655.0
0,tcp,whois,REJ,0,0,0,0,0,0,0,0,0,265,0.0,0.0,1.0,1.0,0.06,0.07,0.0,255,15,0.06,0.09,0.0,0.0,0.0,0.0,1.0,1,51306.0
0,tcp,http,SF,225,1885,0,0,1,0,0,0,0,9,0.0,0.0,0.0,0.0,1.0,0.0,0.1,138,255,1.0,0.0,0.01,0.02,0.0,0.0,0.0,0,30806.0
0,tcp,ftp_data,SF,4435,0,0,0,0,0,0,0,0,1,0.0,0.0,0.0,0.0,1.0,0.0,0.0,255,32,0.13,0.63,0.13,0.0,0.62,0.0,0.0,0,123997.0
0,tcp,private,S0,0,0,0,0,0,0,0,0,0,230,1.0,1.0,0.0,0.0,0.09,0.06,0.0,255,21,0.08,0.06,0.0,0.0,1.0,1.0,0.0,1,45790.0
0,tcp,ftp_data,SF,554,0,0,0,1,0,0,6,0,2,0.0,0.0,0.0,0.0,1.0,0.0,0.0,155,28,0.1,0.03,0.1,0.07,0.0,0.0,0.0,0,105320.0
0,tcp,discard,S0,0,0,0,0,0,0,0,0,0,95,1.0,1.0,0.0,0.0,0.06,0.07,0.0,255,6,0.02,0.08,0.0,0.0,1.0,1.0,0.0,1,17072.0
0,tcp,http,SF,377,1266,0,0,1,0,0,0,0,2,0.0,0.0,0.0,0.0,1.0,0.0,0.0,239,255,1.0,0.0,0.0,0.01,0.0,0.0,0.0,0,34175.0
0,tcp,http,SF,244,490,0,0,1,0,0,0,0,1,0.0,0.0,0.0,0.0,1.0,0.0,1.0,33,255,1.0,0.0,0.03,0.04,0.03,0.0,0.0,0,35542.0
0,tcp,nntp,S0,0,0,0,0,0,0,0,0,0,130,1.0,1.0,0.0,0.0,0.03,0.07,0.0,255,4,0.02,0.08,0.0,0.0,1.0,1.0,0.0,1,74149.0
0,tcp,http,SF,320,1133,0,0,1,0,0,0,0,12,0.0,0.0,0.0,0.0,1.0,0.0,0.0,35,255,1.0,0.0,0.03,0.04,0.0,0.0,0.0,0,54111.0
0,icmp,eco_i,SF,8,0,0,0,0,0,0,0,0,1,0.0,0.0,0.0,0.0,1.0,0.0,1.0,1,95,1.0,0.0,1.0,0.51,0.0,0.0,0.0,1,25289.0
1,tcp,smtp,SF,250593,332,0,0,1,0,0,0,0,1,0.0,0.0,0.0,0.0,1.0,0.0,0.0,112,72,0.62,0.03,0.01,0.03,0.0,0.0,0.0,0,119775.0
0,tcp,Z39_50,S0,0,0,0,0,0,0,0,0,0,122,1.0,1.0,0.0,0.0,0.15,0.06,0.0,255,18,0.07,0.07,0.0,0.0,1.0,1.0,0.0,1,44678.0
0,tcp,auth,REJ,0,0,0,0,0,0,0,0,0,2,0.0,0.0,1.0,1.0,0.5,1.0,0.0,255,1,0.0,1.0,1.0,0.0,0.0,0.0,1.0,1,101906.0
0,tcp,ftp_data,SF,245,0,0,0,0,0,0,0,0,1,0.0,0.0,0.0,0.0,1.0,0.0,0.0,52,29,0.04,0.1,0.04,0.07,0.0,0.03,0.0,0,68749.0
0,tcp,http,SF,54540,8314,0,2,1,1,0,0,0,1,0.0,0.0,0.0,0.0,1.0,0.0,0.0,255,255,1.0,0.0,0.0,0.0,0.0,0.0,0.05,1,29041.0
0,tcp,auth,S0,0,0,0,0,0,0,0,0,0,218,1.0,1.0,0.0,0.0,0.06,0.06,0.0,255,13,0.05,0.05,0.0,0.0,1.0,1.0,0.0,1,125187.0
0,tcp,uucp,S0,0,0,0,0,0,0,0,0,0,149,1.0,1.0,0.0,0.0,0.13,0.06,0.0,255,19,0.07,0.07,0.0,0.0,1.0,1.0,0.0,1,70360.0
0,tcp,ftp_data,SF,740,0,0,0,0,0,0,0,0,1,0.0,0.0,0.0,0.0,1.0,0.0,0.0,34,2,0.06,0.09,0.06,0.0,0.0,0.0,0.0,0,47455.0
0,tcp,http,SF,200,764,0,0,1,0,0,0,0,2,0.0,0.0,0.0,0.0,1.0,0.0,0.33,23,255,1.0,0.0,0.04,0.02,0.0,0.0,0.0,0,406.0
0,tcp,http,SF,170,4937,0,0,1,0,0,0,0,2,0.0,0.0,0.0,0.0,1.0,0.0,0.0,152,255,1.0,0.0,0.01,0.01,0.0,0.0,0.0,0,29765.0
0,udp,domain_u,SF,44,118,0,0,0,0,0,0,0,236,0.0,0.0,0.0,0.0,1.0,0.0,0.01,255,193,0.76,0.01,0.0,0.0,0.0,0.0,0.0,0,2707.0
0,tcp,http,SF,272,4139,0,0,1,0,0,0,0,2,0.0,0.0,0.0,0.0,1.0,0.0,0.0,106,255,1.0,0.0,0.01,0.02,0.0,0.0,0.0,0,76852.0
0,tcp,ftp,S0,0,0,0,0,0,0,0,0,0,231,1.0,1.0,0.0,0.0,0.02,0.07,0.0,255,6,0.02,0.07,0.0,0.0,1.0,1.0,0.0,1,87935.0
0,icmp,eco_i,SF,8,0,0,0,0,0,0,0,0,1,0.0,0.0,0.0,0.0,1.0,0.0,1.0,2,68,1.0,0.0,1.0,0.5,0.0,0.0,0.0,1,84989.0
0,tcp,iso_tsap,S0,0,0,0,0,0,0,0,0,0,241,1.0,1.0,0.0,0.0,0.02,0.06,0.0,255,4,0.02,0.07,0.0,0.0,1.0,1.0,0.0,1,84434.0
0,tcp,sunrpc,S0,0,0,0,0,0,0,0,0,0,231,1.0,1.0,0.0,0.0,0.02,0.06,0.0,255,4,0.02,0.07,0.0,0.0,1.0,1.0,0.0,1,66452.0
0,tcp,http,SF,299,12471,0,0,1,0,0,0,0,6,0.0,0.0,0.0,0.0,1.0,0.0,0.0,255,255,1.0,0.0,0.0,0.0,0.0,0.0,0.0,0,31273.0
0,tcp,http,SF,305,887,0,0,1,0,0,0,0,3,0.0,0.0,0.0,0.0,1.0,0.0,0.5,59,255,1.0,0.0,0.02,0.02,0.0,0.0,0.0,0,90764.0
0,tcp,http,SF,304,293,0,0,1,0,0,0,0,3,0.0,0.0,0.0,0.0,1.0,0.0,0.12,255,255,1.0,0.0,0.0,0.0,0.0,0.0,0.0,0,53665.0
0,udp,private,SF,105,146,0,0,0,0,0,0,0,4,0.0,0.0,0.0,0.0,0.25,0.5,0.0,255,239,0.94,0.01,0.0,0.0,0.0,0.0,0.0,0,103145.0
0,tcp,ftp_data,SF,12324,0,0,0,1,0,0,0,1,1,0.0,0.0,0.0,0.0,1.0,0.0,0.0,124,40,0.15,0.57,0.14,0.05,0.0,0.0,0.03,0,117000.0
0,tcp,smtp,SF,1022,331,0,0,1,0,0,0,0,1,0.0,0.0,0.0,0.0,1.0,0.0,1.0,231,178,0.7,0.02,0.0,0.01,0.0,0.01,0.0,0,16198.0
0,tcp,domain,S0,0,0,0,0,0,0,0,0,0,201,1.0,1.0,0.0,0.0,0.0,0.06,0.0,255,20,0.08,0.07,0.0,0.0,1.0,1.0,0.0,1,52442.0
0,udp,private,SF,105,146,0,0,0,0,0,0,0,1,0.0,0.0,0.0,0.0,1.0,0.0,0.0,255,254,1.0,0.01,0.0,0.0,0.0,0.0,0.0,0,32377.0
0,tcp,ftp_data,SF,495,0,0,0,1,0,0,5,0,1,0.0,0.0,0.0,0.0,1.0,0.0,0.0,86,65,0.27,0.03,0.27,0.03,0.0,0.02,0.0,0,54236.0
0,tcp,http,SF,167,21335,0,0,1,0,0,0,0,1,0.0,0.0,0.0,0.0,1.0,0.0,0.0,1,255,1.0,0.0,1.0,0.05,0.0,0.0,0.0,0,26062.0
0,udp,private,SF,1,0,0,0,0,0,0,0,0,1,0.0,0.0,0.0,0.0,1.0,0.0,0.0,255,208,0.82,0.03,1.0,0.0,0.0,0.0,0.0,1,29404.0
0,tcp,nnsp,S0,0,0,0,0,0,0,0,0,0,156,1.0,1.0,0.0,0.0,0.15,0.05,0.0,255,24,0.09,0.05,0.0,0.0,1.0,1.0,0.0,1,79910.0
0,udp,private,SF,1,0,0,0,0,0,0,0,0,128,0.0,0.0,0.0,0.0,0.84,0.03,0.0,255,155,0.61,0.05,1.0,0.0,0.0,0.0,0.0,1,121763.0
0,tcp,finger,SF,10,139,0,0,0,0,0,0,0,1,0.0,0.0,0.0,0.0,1.0,0.0,0.0,126,5,0.04,0.03,0.01,0.0,0.0,0.0,0.0,0,543.0
0,tcp,smtp,SF,924,489,0,0,1,0,0,0,0,1,0.0,0.0,0.0,0.0,1.0,0.0,0.0,255,62,0.24,0.06,0.0,0.0,0.57,0.0,0.0,0,91616.0
0,tcp,http,SF,224,1423,0,0,1,0,0,0,0,12,0.0,0.0,0.0,0.0,1.0,0.0,0.12,255,255,1.0,0.0,0.0,0.0,0.0,0.0,0.0,0,119186.0
0,tcp,uucp,S0,0,0,0,0,0,0,0,0,0,138,1.0,1.0,0.0,0.0,0.06,0.07,0.0,255,1,0.0,0.07,0.0,0.0,1.0,1.0,0.0,1,71924.0
0,tcp,vmnet,S0,0,0,0,0,0,0,0,0,0,69,1.0,1.0,0.0,0.0,0.01,0.09,0.0,255,7,0.03,0.09,0.0,0.0,1.0,1.0,0.0,1,64538.0
0,tcp,domain,S0,0,0,0,0,0,0,0,0,0,240,1.0,1.0,0.0,0.0,0.01,0.06,0.0,255,2,0.01,0.07,0.0,0.0,1.0,1.0,0.0,1,115768.0
1,tcp,smtp,SF,2848,329,0,0,1,0,0,0,0,1,0.0,0.0,0.0,0.0,1.0,0.0,0.0,255,48,0.19,0.5,0.0,0.0,0.0,0.0,0.0,0,122746.0
20,tcp,ftp,SF,245,774,0,4,1,0,0,0,0,1,0.0,0.0,0.0,0.0,1.0,0.0,0.0,236,61,0.26,0.3,0.0,0.0,0.0,0.0,0.02,0,6905.0
0,tcp,private,S0,0,0,0,0,0,0,0,0,0,262,1.0,1.0,0.0,0.0,0.05,0.06,0.0,255,3,0.01,0.09,0.0,0.0,1.0,1.0,0.0,1,62776.0
0,tcp,smtp,SF,1999,334,0,0,1,0,0,0,0,1,0.0,0.0,0.0,0.0,1.0,0.0,0.0,178,211,0.8,0.03,0.01,0.01,0.0,0.0,0.0,0,67402.0
0,tcp,netbios_dgm,REJ,0,0,0,0,0,0,0,0,0,229,0.0,0.0,1.0,1.0,0.04,0.07,0.0,255,9,0.04,0.07,0.0,0.0,0.0,0.0,1.0,1,8981.0
0,tcp,http,SF,227,2529,0,0,1,0,0,0,0,9,0.11,0.1,0.0,0.0,1.0,0.0,0.2,22,255,1.0,0.0,0.05,0.04,0.05,0.0,0.0,0,114552.0
0,tcp,gopher,S0,0,0,0,0,0,0,0,0,0,267,1.0,1.0,0.0,0.0,0.07,0.07,0.0,255,20,0.08,0.07,0.0,0.0,1.0,1.0,0.0,1,85695.0
0,tcp,sunrpc,RSTO,0,0,0,0,0,0,0,0,0,205,0.0,0.0,1.0,1.0,0.1,0.06,0.0,255,20,0.08,0.08,0.0,0.0,0.0,0.0,1.0,1,49758.0
0,icmp,ecr_i,SF,1032,0,0,0,0,0,0,0,0,511,0.0,0.0,0.0,0.0,1.0,0.0,0.0,255,163,0.64,0.02,0.64,0.0,0.0,0.0,0.0,1,94517.0
0,icmp,eco_i,SF,8,0,0,0,0,0,0,0,0,1,0.0,0.0,0.0,0.0,1.0,0.0,1.0,1,69,1.0,0.0,1.0,0.51,0.0,0.0,0.0,1,21120.0
0,tcp,private,S0,0,0,0,0,0,0,0,0,0,149,1.0,1.0,0.0,0.0,0.12,0.05,0.0,224,17,0.08,0.08,0.0,0.0,1.0,1.0,0.0,1,12957.0
0,tcp,http,SF,218,759,0,0,1,0,0,0,0,3,0.0,0.0,0.0,0.0,1.0,0.0,0.0,143,255,1.0,0.0,0.01,0.01,0.0,0.0,0.0,0,81217.0
0,udp,domain_u,SF,45,128,0,0,0,0,0,0,0,76,0.0,0.0,0.0,0.0,0.99,0.03,0.02,255,198,0.78,0.02,0.0,0.0,0.0,0.0,0.0,0,76918.0
0,tcp,time,RSTO,0,0,0,0,0,0,0,0,0,261,0.0,0.0,1.0,1.0,0.02,0.07,0.0,255,4,0.02,0.07,0.0,0.0,0.0,0.0,1.0,1,112522.0
0,tcp,http,SF,238,1282,0,0,1,0,0,0,0,6,0.0,0.0,0.0,0.0,1.0,0.0,0.0,17,17,1.0,0.0,0.06,0.0,0.0,0.0,0.0,0,48188.0
0,tcp,sql_net,REJ,0,0,0,0,0,0,0,0,0,509,0.02,0.0,0.98,1.0,0.0,1.0,0.0,255,1,0.0,1.0,0.0,0.0,0.04,0.0,1.0,1,73930.0
0,tcp,http,SF,218,10179,0,0,1,0,0,0,0,30,0.0,0.0,0.0,0.0,1.0,0.0,0.06,63,255,1.0,0.0,0.02,0.05,0.0,0.0,0.0,0,1961.0
0,icmp,eco_i,SF,8,0,0,0,0,0,0,0,0,1,0.0,0.0,0.0,0.0,1.0,0.0,1.0,2,54,1.0,0.0,1.0,0.5,0.0,0.0,0.0,1,90870.0
0,udp,domain_u,SF,46,46,0,0,0,0,0,0,0,141,0.0,0.0,0.0,0.0,1.0,0.0,0.0,255,255,1.0,0.0,0.0,0.0,0.0,0.0,0.0,0,76661.0
0,tcp,private,S0,0,0,0,0,0,0,0,0,0,13,1.0,1.0,0.0,0.0,0.69,0.23,0.0,255,9,0.04,0.08,0.0,0.0,1.0,1.0,0.0,1,64518.0
0,tcp,private,S0,0,0,0,0,0,0,0,0,0,119,1.0,1.0,0.0,0.0,0.03,0.07,0.0,255,4,0.02,0.06,0.0,0.0,1.0,1.0,0.0,1,66043.0
0,tcp,private,S0,0,0,0,0,0,0,0,0,0,220,1.0,1.0,0.0,0.0,0.09,0.05,0.0,255,4,0.02,0.06,0.0,0.0,1.0,1.0,0.0,1,124289.0
0,icmp,ecr_i,SF,520,0,0,0,0,0,0,0,0,250,0.0,0.0,0.0,0.0,1.0,0.0,0.0,255,255,1.0,0.0,1.0,0.0,0.0,0.0,0.0,1,66135.0
1948,udp,other,SF,147,105,0,0,0,0,0,0,0,1,0.0,0.0,0.0,0.0,1.0,0.0,0.0,255,1,0.0,0.64,0.97,0.0,0.0,0.0,0.0,0,116198.0
0,tcp,time,S0,0,0,0,0,0,0,0,0,0,263,1.0,1.0,0.0,0.0,0.07,0.06,0.0,255,18,0.07,0.07,0.0,0.0,1.0,1.0,0.0,1,113275.0
0,tcp,http,SF,323,5665,0,0,1,0,0,0,0,1,0.0,0.0,0.0,0.0,1.0,0.0,0.21,7,255,1.0,0.0,0.14,0.04,0.0,0.0,0.0,0,119264.0
0,udp,domain_u,SF,43,126,0,0,0,0,0,0,0,81,0.0,0.0,0.0,0.0,1.0,0.0,0.01,255,199,0.78,0.02,0.0,0.0,0.0,0.0,0.0,0,93624.0
0,tcp,private,S0,0,0,0,0,0,0,0,0,0,258,1.0,1.0,0.0,0.0,0.08,0.05,0.0,255,20,0.08,0.07,0.0,0.0,1.0,1.0,0.0,1,82595.0
0,udp,other,SF,1,0,0,0,0,0,0,0,0,11,0.0,0.0,0.0,0.0,0.09,0.27,0.0,255,1,0.0,0.25,0.75,0.0,0.0,0.0,0.0,1,94627.0
0,udp,private,SF,28,0,3,0,0,0,0,0,0,35,0.0,0.0,0.0,0.0,1.0,0.0,0.0,255,2,0.01,0.01,0.01,0.0,0.0,0.0,0.0,1,111266.0
0,tcp,http,S0,0,0,0,0,0,0,0,0,0,299,1.0,1.0,0.0,0.0,0.06,0.06,0.0,255,6,0.02,0.08,0.0,0.0,1.0,1.0,0.0,1,110909.0
0,icmp,eco_i,SF,8,0,0,0,0,0,0,0,0,1,0.0,0.0,0.0,0.0,1.0,0.0,1.0,2,51,1.0,0.0,1.0,0.51,0.0,0.0,0.0,1,20853.0
0,tcp,http,SF,247,4192,0,0,1,0,0,0,0,10,0.0,0.0,0.0,0.0,1.0,0.0,0.0,255,255,1.0,0.0,0.0,0.0,0.0,0.0,0.0,0,100458.0
0,tcp,other,REJ,0,0,0,0,0,0,0,0,0,322,0.1,0.0,0.9,1.0,0.0,1.0,0.0,255,1,0.0,1.0,0.0,0.0,0.09,0.0,1.0,1,67539.0
0,tcp,ftp_data,SF,4443,0,0,0,0,0,0,0,0,1,0.0,0.0,0.0,0.0,1.0,0.0,0.0,255,42,0.16,0.06,0.16,0.0,0.64,0.0,0.0,0,27167.0
0,tcp,http,SF,270,691,0,0,1,0,0,0,0,2,0.0,0.0,0.0,0.0,1.0,0.0,0.0,114,255,1.0,0.0,0.01,0.04,0.0,0.0,0.0,0,61726.0
0,tcp,systat,S0,0,0,0,0,0,0,0,0,0,200,1.0,1.0,0.0,0.0,0.04,0.06,0.0,255,15,0.06,0.05,0.0,0.0,1.0,1.0,0.0,1,1982.0
0,tcp,private,S0,0,0,0,0,0,0,0,0,0,42,1.0,1.0,0.0,0.0,0.21,0.1,0.0,255,9,0.04,0.08,0.0,0.0,1.0,1.0,0.0,1,98954.0
0,icmp,ecr_i,SF,18,0,0,0,0,0,0,0,0,1,0.0,0.0,0.0,0.0,1.0,0.0,0.0,14,14,1.0,0.0,1.0,0.0,0.0,0.0,0.0,1,69107.0
0,tcp,http,SF,296,1057,0,0,1,0,0,0,0,19,0.0,0.0,0.0,0.0,1.0,0.0,0.11,19,255,1.0,0.0,0.05,0.07,0.0,0.0,0.0,0,106649.0
0,tcp,telnet,S0,0,0,0,0,0,0,0,0,0,19,1.0,1.0,0.0,0.0,0.11,0.21,0.0,255,56,0.22,0.04,0.02,0.0,1.0,1.0,0.0,1,76910.0
0,tcp,http_443,S0,0,0,0,0,0,0,0,0,0,101,1.0,1.0,0.0,0.0,0.11,0.06,0.0,255,11,0.04,0.07,0.0,0.0,1.0,1.0,0.0,1,24676.0
0,icmp,eco_i,SF,8,0,0,0,0,0,0,0,0,1,0.0,0.0,0.0,0.0,1.0,0.0,1.0,1,9,1.0,0.0,1.0,0.56,0.0,0.0,0.0,1,74226.0
0,tcp,private,S0,0,0,0,0,0,0,0,0,0,22,1.0,1.0,0.0,0.0,0.41,0.27,0.0,255,15,0.06,0.08,0.0,0.0,1.0,1.0,0.0,1,112357.0
20,tcp,telnet,SF,102,1341,0,0,1,0,0,0,0,1,0.0,0.0,0.0,0.0,1.0,0.0,0.0,108,1,0.01,0.07,0.01,0.0,0.01,0.0,0.0,0,2238.0
0,udp,domain_u,SF,45,134,0,0,0,0,0,0,0,13,0.0,0.0,0.0,0.0,1.0,0.0,0.02,255,255,1.0,0.0,0.0,0.0,0.0,0.0,0.0,0,47797.0
0,tcp,smtp,SF,1418,330,0,0,1,0,0,0,0,1,0.0,0.0,0.0,0.0,1.0,0.0,0.0,76,132,0.8,0.05,0.01,0.02,0.0,0.0,0.0,0,66650.0
0,udp,private,SF,28,0,3,0,0,0,0,0,0,89,0.0,0.0,0.0,0.0,1.0,0.0,0.0,161,89,0.55,0.02,0.55,0.0,0.0,0.0,0.0,1,18098.0
7379,udp,other,SF,146,105,0,0,0,0,0,0,0,1,0.0,0.0,0.0,0.0,1.0,0.0,0.0,255,3,0.01,0.68,0.97,0.0,0.0,0.0,0.0,0,29977.0
0,tcp,link,S0,0,0,0,0,0,0,0,0,0,236,1.0,1.0,0.0,0.0,0.04,0.05,0.0,255,10,0.04,0.06,0.0,0.0,1.0,1.0,0.0,1,78661.0
0,tcp,private,S0,0,0,0,0,0,0,0,0,0,231,1.0,1.0,0.0,0.0,0.05,0.06,0.0,255,12,0.05,0.06,0.0,0.0,1.0,1.0,0.0,1,34859.0
0,tcp,ftp_data,SF,194,0,0,0,0,0,0,0,0,1,0.0,0.0,0.0,0.0,1.0,0.0,0.0,50,38,0.2,0.1,0.2,0.05,0.0,0.0,0.0,0,17153.0
0,icmp,eco_i,SF,8,0,0,0,0,0,0,0,0,1,0.0,0.0,0.0,0.0,1.0,0.0,1.0,1,86,1.0,0.0,1.0,0.51,0.0,0.0,0.0,1,124371.0
0,udp,domain_u,SF,43,78,0,0,0,0,0,0,0,296,0.0,0.0,0.0,0.0,1.0,0.0,0.0,255,254,1.0,0.01,0.0,0.0,0.0,0.0,0.0,0,79569.0
0,udp,private,SF,28,0,3,0,0,0,0,0,0,40,0.0,0.0,0.0,0.0,1.0,0.0,0.0,253,40,0.16,0.64,0.16,0.0,0.02,0.0,0.0,1,43910.0
0,tcp,rje,REJ,0,0,0,0,0,0,0,0,0,280,0.0,0.0,1.0,1.0,0.04,0.06,0.0,255,11,0.04,0.07,0.0,0.0,0.0,0.0,1.0,1,79233.0
0,tcp,ftp,RSTO,0,0,0,0,0,0,0,0,0,256,0.0,0.0,1.0,1.0,0.02,0.06,0.0,255,6,0.02,0.06,0.0,0.0,0.0,0.0,1.0,1,102554.0
0,tcp,private,S0,0,0,0,0,0,0,0,0,0,294,1.0,1.0,0.0,0.0,0.07,0.06,0.0,255,10,0.04,0.07,0.0,0.0,1.0,1.0,0.0,1,13274.0
0,tcp,login,S0,0,0,0,0,0,0,0,0,0,135,1.0,1.0,0.0,0.0,0.04,0.06,0.0,255,17,0.07,0.07,0.0,0.0,1.0,1.0,0.0,1,92543.0
0,tcp,supdup,S0,0,0,0,0,0,0,0,0,0,236,1.0,1.0,0.0,0.0,0.05,0.07,0.0,255,12,0.05,0.08,0.0,0.0,1.0,1.0,0.0,1,9799.0
0,tcp,private,S0,0,0,0,0,0,0,0,0,0,76,1.0,1.0,0.0,0.0,0.13,0.08,0.0,255,9,0.04,0.07,0.0,0.0,1.0,1.0,0.0,1,21595.0
0,tcp,telnet,S0,0,0,0,0,0,0,0,0,0,36,1.0,1.0,0.0,0.0,0.44,0.06,0.0,255,16,0.06,0.07,0.01,0.0,1.0,1.0,0.0,1,106254.0
0,tcp,http,SF,231,15641,0,0,1,0,0,0,0,2,0.0,0.0,0.0,0.0,1.0,0.0,0.0,22,255,1.0,0.0,0.05,0.02,0.0,0.0,0.0,0,35986.0
0,icmp,eco_i,SF,30,0,0,0,0,0,0,0,0,1,0.0,0.0,0.0,0.0,1.0,0.0,0.0,25,131,1.0,0.0,1.0,0.41,0.0,0.0,0.0,0,95702.0
0,tcp,private,S0,0,0,0,0,0,0,0,0,0,204,1.0,1.0,0.0,0.0,0.01,0.07,0.0,255,3,0.01,0.1,0.0,0.0,1.0,1.0,0.0,1,90590.0
0,udp,domain_u,SF,43,71,0,0,0,0,0,0,0,67,0.0,0.0,0.0,0.0,1.0,0.0,0.01,255,244,0.96,0.01,0.0,0.0,0.0,0.0,0.0,0,54654.0
0,tcp,http,SF,363,496,0,0,1,0,0,0,0,1,0.0,0.25,0.0,0.0,1.0,0.0,1.0,110,255,1.0,0.0,0.01,0.02,0.0,0.0,0.0,0,117844.0
0,tcp,ftp_data,SF,373,0,0,0,1,0,0,0,0,11,0.0,0.0,0.0,0.0,1.0,0.0,0.0,42,87,0.4,0.1,0.4,0.02,0.0,0.0,0.0,0,24682.0
0,tcp,private,S0,0,0,0,0,0,0,0,0,0,118,1.0,1.0,0.0,0.0,0.1,0.06,0.0,255,30,0.12,0.06,0.0,0.0,1.0,1.0,0.0,1,55231.0
0,tcp,http,SF,316,1621,0,0,1,0,0,0,0,4,0.0,0.0,0.0,0.0,1.0,0.0,0.43,69,255,1.0,0.0,0.01,0.04,0.0,0.0,0.0,0,26034.0
0,tcp,ftp,RSTO,0,0,0,0,0,0,0,0,0,250,0.0,0.0,1.0,1.0,0.01,0.06,0.0,255,3,0.01,0.07,0.0,0.0,0.0,0.0,1.0,1,235.0
0,tcp,http,REJ,0,0,0,0,0,0,0,0,0,1,0.0,0.0,1.0,1.0,1.0,0.0,0.0,211,174,0.82,0.02,0.0,0.0,0.0,0.0,1.0,0,77855.0
0,tcp,http,SF,226,2471,0,0,1,0,0,0,0,26,0.0,0.0,0.0,0.0,1.0,0.0,0.07,255,255,1.0,0.0,0.0,0.0,0.0,0.0,0.0,0,12498.0
1,tcp,smtp,SF,1942,332,0,0,1,0,0,0,0,1,0.0,0.0,0.0,0.0,1.0,0.0,1.0,223,143,0.56,0.03,0.0,0.01,0.0,0.0,0.0,0,55005.0
0,tcp,private,S0,0,0,0,0,0,0,0,0,0,97,1.0,1.0,0.0,0.0,0.09,0.07,0.0,149,9,0.06,0.07,0.01,0.0,1.0,1.0,0.0,1,23276.0
0,tcp,http,SF,171,631,0,0,1,0,0,0,0,2,0.0,0.0,0.0,0.0,1.0,0.0,0.67,28,255,1.0,0.0,0.04,0.01,0.0,0.0,0.0,0,117138.0
0,tcp,http,SF,246,285,0,0,1,0,0,0,0,10,0.0,0.0,0.0,0.0,1.0,0.0,0.0,255,255,1.0,0.0,0.0,0.0,0.0,0.0,0.0,0,116887.0
0,tcp,private,REJ,0,0,0,0,0,0,0,0,0,326,0.0,0.0,1.0,1.0,0.0,0.52,0.0,255,1,0.0,0.52,1.0,0.0,0.0,0.0,1.0,1,121381.0
0,udp,domain_u,SF,43,43,0,0,0,0,0,0,0,123,0.0,0.0,0.0,0.0,1.0,0.0,0.0,255,253,0.99,0.01,0.0,0.0,0.0,0.0,0.0,0,112059.0
0,tcp,http,SF,293,1605,0,0,1,0,0,0,0,11,0.0,0.0,0.0,0.0,1.0,0.0,0.17,11,255,1.0,0.0,0.09,0.04,0.0,0.0,0.0,0,21077.0
0,tcp,http,SF,54540,8314,0,2,1,1,0,0,0,1,0.0,0.0,0.0,0.5,1.0,0.0,1.0,189,189,1.0,0.0,0.01,0.0,0.0,0.0,0.01,1,103481.0
0,udp,domain_u,SF,45,132,0,0,0,0,0,0,0,263,0.0,0.0,0.0,0.0,1.0,0.01,0.0,255,251,0.98,0.01,0.0,0.0,0.0,0.0,0.0,0,52917.0
0,tcp,systat,S0,0,0,0,0,0,0,0,0,0,133,1.0,1.0,0.0,0.0,0.08,0.07,0.0,255,10,0.04,0.08,0.0,0.0,1.0,1.0,0.0,1,99975.0
0,icmp,eco_i,SF,8,0,0,0,0,0,0,0,0,1,0.0,0.0,0.0,0.0,1.0,0.0,1.0,4,8,1.0,0.0,1.0,0.25,0.0,0.0,0.0,1,70969.0
0,icmp,ecr_i,SF,520,0,0,0,0,0,0,0,0,344,0.0,0.0,0.0,0.0,1.0,0.0,0.0,255,255,1.0,0.0,1.0,0.0,0.0,0.0,0.0,1,122836.0
0,tcp,whois,REJ,0,0,0,0,0,0,0,0,0,149,0.0,0.0,1.0,1.0,0.13,0.06,0.0,255,19,0.07,0.08,0.0,0.0,0.0,0.0,1.0,1,63421.0
0,tcp,private,S0,0,0,0,0,0,0,0,0,0,101,1.0,1.0,0.0,0.0,0.04,0.06,0.0,255,8,0.03,0.07,0.0,0.0,1.0,1.0,0.0,1,78586.0
0,tcp,http,RSTR,54540,8314,0,2,1,1,0,0,0,2,0.0,0.0,1.0,1.0,1.0,0.0,0.67,255,255,1.0,0.0,0.01,0.0,0.0,0.0,0.04,1,64256.0
0,icmp,ecr_i,SF,1032,0,0,0,0,0,0,0,0,338,0.0,0.0,0.0,0.0,1.0,0.0,0.0,255,255,1.0,0.0,1.0,0.0,0.0,0.0,0.0,1,60441.0
0,tcp,http,SF,295,2124,0,0,1,0,0,0,0,39,0.0,0.0,0.0,0.0,1.0,0.0,0.06,78,255,1.0,0.0,0.01,0.05,0.0,0.0,0.0,0,110994.0
0,tcp,http,SF,276,4719,0,0,1,0,0,0,0,19,0.0,0.0,0.0,0.0,1.0,0.0,0.0,105,255,1.0,0.0,0.01,0.02,0.0,0.0,0.0,0,110506.0
0,tcp,http,REJ,0,0,0,0,0,0,0,0,0,1,0.0,0.0,1.0,1.0,1.0,0.0,0.0,255,217,0.85,0.02,0.01,0.0,0.0,0.0,1.0,0,42464.0
0,udp,private,SF,28,0,3,0,0,0,0,0,0,99,0.01,0.0,0.01,0.0,0.98,0.03,0.0,255,97,0.38,0.02,0.38,0.0,0.0,0.0,0.0,1,78726.0
0,tcp,domain,S0,0,0,0,0,0,0,0,0,0,289,1.0,1.0,0.0,0.0,0.04,0.06,0.0,255,9,0.04,0.06,0.0,0.0,1.0,1.0,0.0,1,108506.0
0,tcp,ftp_data,SF,1690,0,0,0,1,0,0,0,0,4,0.0,0.0,0.0,0.0,1.0,0.0,0.0,104,29,0.24,0.27,0.47,0.07,0.0,0.0,0.0,0,7565.0
0,tcp,private,S0,0,0,0,0,0,0,0,0,0,260,1.0,1.0,0.0,0.0,0.06,0.06,0.0,255,1,0.0,0.1,0.0,0.0,1.0,1.0,0.0,1,4277.0
0,tcp,finger,S0,0,0,0,0,0,0,0,0,0,52,1.0,1.0,0.0,0.0,0.27,0.08,0.0,255,62,0.24,0.02,0.01,0.0,1.0,1.0,0.0,1,1849.0
0,tcp,auth,S0,0,0,0,0,0,0,0,0,0,266,1.0,1.0,0.0,0.0,0.03,0.06,0.0,255,14,0.05,0.07,0.0,0.0,1.0,1.0,0.0,1,37077.0
0,tcp,private,S0,0,0,0,0,0,0,0,0,0,294,1.0,1.0,0.0,0.0,0.05,0.06,0.0,255,8,0.03,0.07,0.0,0.0,1.0,1.0,0.0,1,116470.0
0,icmp,ecr_i,SF,1032,0,0,0,0,0,0,0,0,511,0.0,0.0,0.0,0.0,1.0,0.0,0.0,255,88,0.35,0.04,0.35,0.0,0.07,0.0,0.0,1,16993.0
0,tcp,http,SF,258,1341,0,0,1,0,0,0,0,32,0.0,0.0,0.0,0.0,1.0,0.0,0.09,88,255,1.0,0.0,0.01,0.02,0.0,0.0,0.0,0,10656.0
0,tcp,auth,S0,0,0,0,0,0,0,0,0,0,286,1.0,1.0,0.0,0.0,0.06,0.05,0.0,255,4,0.02,0.07,0.0,0.0,1.0,1.0,0.0,1,28929.0
0,tcp,netstat,S0,0,0,0,0,0,0,0,0,0,301,1.0,1.0,0.0,0.0,0.07,0.05,0.0,255,20,0.08,0.06,0.0,0.0,1.0,1.0,0.0,1,11967.0
0,tcp,http,SF,302,3233,0,0,1,0,0,0,0,17,0.0,0.0,0.0,0.0,1.0,0.0,0.0,255,255,1.0,0.0,0.0,0.0,0.0,0.0,0.0,0,8195.0
281,tcp,telnet,SF,305,9178,0,0,1,2,0,0,0,1,0.0,0.0,0.0,0.0,1.0,0.0,0.0,145,21,0.14,0.03,0.01,0.0,0.01,0.05,0.1,0,98216.0
0,tcp,http,SF,233,598,0,0,1,0,0,0,0,28,0.0,0.0,0.0,0.0,1.0,0.0,0.1,28,255,1.0,0.0,0.04,0.05,0.0,0.0,0.0,0,59466.0
0,udp,private,SF,28,0,3,0,0,0,0,0,0,31,0.0,0.0,0.0,0.0,1.0,0.0,0.0,103,31,0.3,0.04,0.3,0.0,0.0,0.0,0.0,1,22236.0
0,tcp,ftp_data,SF,15876,0,0,0,1,0,0,0,0,17,0.0,0.0,0.0,0.0,1.0,0.0,0.11,255,101,0.4,0.02,0.4,0.0,0.0,0.0,0.0,0,109466.0
0,tcp,private,REJ,0,0,0,0,0,0,0,0,0,191,0.0,0.0,1.0,1.0,0.05,0.07,0.0,255,10,0.04,0.08,0.0,0.0,0.0,0.0,1.0,1,101951.0
0,tcp,private,S0,0,0,0,0,0,0,0,0,0,123,1.0,1.0,0.0,0.0,0.02,0.08,0.0,255,2,0.01,0.08,0.0,0.0,1.0,1.0,0.0,1,19842.0
0,tcp,ftp_data,SF,748,0,0,0,0,0,0,0,0,1,0.0,0.0,0.0,0.0,1.0,0.0,0.0,66,31,0.14,0.06,0.14,0.06,0.0,0.0,0.0,0,85709.0
0,udp,private,SF,1,0,0,0,0,0,0,0,0,135,0.0,0.0,0.0,0.0,0.73,0.04,0.0,255,146,0.57,0.05,1.0,0.0,0.0,0.0,0.0,1,110817.0
0,tcp,private,S0,0,0,0,0,0,0,0,0,0,217,1.0,1.0,0.0,0.0,0.04,0.06,0.0,255,13,0.05,0.07,0.0,0.0,1.0,1.0,0.0,1,50438.0
0,tcp,http,SF,296,431,0,0,1,0,0,0,0,15,0.0,0.0,0.0,0.0,1.0,0.0,0.12,100,255,1.0,0.0,0.01,0.13,0.01,0.0,0.7,0,84181.0
0,tcp,efs,S0,0,0,0,0,0,0,0,0,0,141,1.0,1.0,0.0,0.0,0.09,0.06,0.0,255,13,0.05,0.05,0.0,0.0,1.0,1.0,0.0,1,14207.0
0,icmp,eco_i,SF,8,0,0,0,0,0,0,0,0,1,0.0,0.0,0.0,0.0,1.0,0.0,1.0,2,194,1.0,0.0,1.0,0.25,0.0,0.0,0.0,1,101990.0
0,tcp,imap4,REJ,0,0,0,0,0,0,0,0,0,256,0.0,0.0,1.0,1.0,0.06,0.07,0.0,255,15,0.06,0.07,0.0,0.0,0.0,0.0,1.0,1,84239.0
0,tcp,http,SF,301,1591,0,0,1,0,0,0,0,38,0.0,0.0,0.0,0.0,1.0,0.0,0.05,77,255,1.0,0.0,0.03,0.03,0.0,0.0,0.0,0,57969.0
0,tcp,smtp,SF,250691,323,0,0,1,0,0,0,0,1,0.0,0.0,0.0,0.0,1.0,0.0,0.0,86,246,0.97,0.02,0.01,0.01,0.0,0.0,0.0,0,78786.0
0,tcp,http,SF,232,654,0,0,1,0,0,0,0,3,0.0,0.0,0.0,0.0,1.0,0.0,0.0,255,255,1.0,0.0,0.0,0.0,0.0,0.0,0.0,0,83704.0
0,tcp,discard,S0,0,0,0,0,0,0,0,0,0,257,1.0,1.0,0.0,0.0,0.04,0.06,0.0,255,6,0.02,0.05,0.0,0.0,1.0,1.0,0.0,1,15911.0
0,icmp,ecr_i,SF,1032,0,0,0,0,0,0,0,0,511,0.0,0.0,0.0,0.0,1.0,0.0,0.0,255,162,0.64,0.02,0.64,0.0,0.0,0.0,0.0,1,59222.0
3,tcp,smtp,SF,697,329,0,0,1,0,0,0,0,1,0.0,0.0,0.0,0.0,1.0,0.0,0.0,197,127,0.64,0.06,0.01,0.0,0.01,0.01,0.0,0,99135.0
0,tcp,private,S0,0,0,0,0,0,0,0,0,0,282,1.0,1.0,0.0,0.0,0.07,0.06,0.0,255,3,0.01,0.07,0.0,0.0,1.0,1.0,0.0,1,70336.0
0,tcp,http,REJ,0,0,0,0,0,0,0,0,0,1,0.0,0.0,1.0,1.0,1.0,0.0,0.0,32,238,1.0,0.0,0.03,0.24,0.0,0.0,1.0,0,105654.0
0,icmp,urp_i,SF,182,0,0,0,0,0,0,0,0,2,0.0,0.0,0.0,0.0,0.5,1.0,0.0,255,40,0.16,0.01,0.18,0.0,0.0,0.0,0.0,0,93804.0
0,tcp,http,SF,317,403,0,0,1,0,0,0,0,15,0.0,0.0,0.0,0.0,1.0,0.0,0.0,108,255,1.0,0.0,0.01,0.03,0.0,0.0,0.0,0,117447.0
0,tcp,systat,REJ,0,0,0,0,0,0,0,0,0,293,0.0,0.0,1.0,1.0,0.04,0.06,0.0,255,12,0.05,0.07,0.0,0.0,0.0,0.0,1.0,1,111367.0
0,tcp,http,SF,306,1075,0,0,1,0,0,0,0,7,0.0,0.0,0.0,0.0,1.0,0.0,0.0,255,247,0.97,0.01,0.0,0.0,0.0,0.0,0.0,0,49937.0
0,tcp,http,SF,333,285,0,0,1,0,0,0,0,5,0.0,0.0,0.0,0.0,1.0,0.0,0.0,255,253,0.99,0.01,0.0,0.0,0.0,0.0,0.0,0,3947.0
0,tcp,private,S0,0,0,0,0,0,0,0,0,0,31,1.0,1.0,0.0,0.0,0.26,0.16,0.0,255,8,0.03,0.08,0.0,0.0,1.0,1.0,0.0,1,62828.0
0,tcp,ftp_data,SF,748,0,0,0,1,0,0,9,0,1,0.0,0.0,0.0,0.0,1.0,0.0,0.0,118,45,0.11,0.03,0.11,0.04,0.01,0.02,0.0,0,21881.0
0,tcp,private,S0,0,0,0,0,0,0,0,0,0,133,1.0,1.0,0.0,0.0,0.04,0.07,0.0,79,5,0.06,0.1,0.01,0.0,1.0,1.0,0.0,1,69695.0
0,icmp,ecr_i,SF,1032,0,0,0,0,0,0,0,0,511,0.0,0.0,0.0,0.0,1.0,0.0,0.0,255,55,0.22,0.2,0.22,0.0,0.0,0.0,0.0,1,5428.0
0,tcp,private,S0,0,0,0,0,0,0,0,0,0,293,1.0,1.0,0.0,0.0,0.06,0.05,0.0,255,4,0.02,0.08,0.0,0.0,1.0,1.0,0.0,1,58155.0
0,tcp,http,S0,0,0,0,0,0,0,0,0,0,255,1.0,0.67,0.0,0.0,0.01,0.07,0.67,255,2,0.01,0.07,0.0,0.0,1.0,1.0,0.0,1,91116.0
0,tcp,http,SF,209,1635,0,0,1,0,0,0,0,10,0.0,0.0,0.0,0.0,1.0,0.0,0.0,144,255,1.0,0.0,0.01,0.04,0.01,0.0,0.0,0,49517.0
0,tcp,uucp,RSTO,0,0,0,0,0,0,0,0,0,138,0.0,0.0,1.0,1.0,0.13,0.06,0.0,255,18,0.07,0.06,0.0,0.0,0.0,0.0,1.0,1,45765.0
0,tcp,private,S0,0,0,0,0,0,0,0,0,0,109,1.0,1.0,0.0,0.0,0.17,0.06,0.0,255,12,0.05,0.06,0.0,0.0,1.0,1.0,0.0,1,9150.0
0,udp,domain_u,SF,46,46,0,0,0,0,0,0,0,219,0.0,0.0,0.0,0.0,1.0,0.01,0.0,255,254,1.0,0.01,0.0,0.0,0.0,0.0,0.0,0,46095.0
0,tcp,time,S0,0,0,0,0,0,0,0,0,0,264,1.0,1.0,0.0,0.0,0.06,0.07,0.0,255,15,0.06,0.07,0.0,0.0,1.0,1.0,0.0,1,53678.0
0,tcp,private,REJ,0,0,0,0,0,0,0,0,0,254,0.1,0.0,0.89,1.0,0.0,1.0,0.0,255,1,0.0,1.0,0.0,0.0,0.1,0.0,1.0,1,50031.0
0,tcp,http,SF,212,5930,0,0,1,0,0,0,0,15,0.0,0.0,0.0,0.0,1.0,0.0,0.0,255,255,1.0,0.0,0.0,0.0,0.0,0.0,0.0,0,50626.0
0,icmp,ecr_i,SF,520,0,0,0,0,0,0,0,0,3,0.0,0.0,0.0,0.0,1.0,0.0,0.0,255,255,1.0,0.0,1.0,0.0,0.0,0.0,0.0,1,39951.0
0,tcp,http,SF,54540,8314,0,2,1,1,0,0,0,2,0.0,0.0,0.0,0.33,1.0,0.0,0.67,155,155,1.0,0.0,0.01,0.0,0.0,0.0,0.01,1,2368.0
0,tcp,http,SF,241,1309,0,0,1,0,0,0,0,15,0.0,0.0,0.0,0.0,1.0,0.0,0.0,15,236,1.0,0.0,0.07,0.02,0.0,0.0,0.0,0,37824.0
1,tcp,smtp,SF,2117,324,0,0,1,0,0,0,0,1,0.0,0.0,0.0,0.0,1.0,0.0,0.0,83,246,0.98,0.02,0.01,0.01,0.0,0.0,0.0,0,93301.0
0,tcp,private,S0,0,0,0,0,0,0,0,0,0,115,1.0,1.0,0.0,0.0,0.03,0.06,0.0,255,15,0.06,0.06,0.0,0.0,1.0,1.0,0.0,1,99575.0
0,tcp,finger,S0,0,0,0,0,0,0,0,0,0,19,1.0,1.0,0.0,0.0,0.26,0.21,0.0,255,64,0.25,0.02,0.02,0.0,1.0,1.0,0.0,1,4774.0
0,tcp,nnsp,REJ,0,0,0,0,0,0,0,0,0,121,0.0,0.0,1.0,1.0,0.12,0.07,0.0,255,15,0.06,0.07,0.0,0.0,0.0,0.0,1.0,1,73109.0
0,tcp,finger,SF,6,271,0,0,0,0,0,0,0,1,0.0,0.0,0.0,0.0,1.0,0.0,0.0,8,12,0.25,0.38,0.12,0.25,0.12,0.08,0.0,0,116277.0
0,tcp,courier,S0,0,0,0,0,0,0,0,0,0,116,1.0,1.0,0.0,0.0,0.1,0.06,0.0,255,12,0.05,0.06,0.0,0.0,1.0,1.0,0.0,1,109901.0
0,tcp,private,REJ,0,0,0,0,0,0,0,0,0,408,0.06,0.0,0.93,1.0,0.0,1.0,0.0,255,1,0.0,1.0,0.0,0.0,0.09,0.0,1.0,1,7063.0
0,tcp,other,SF,35195,0,0,0,1,0,0,0,0,24,0.04,0.0,0.0,0.0,0.04,0.46,0.0,176,1,0.01,0.08,0.33,0.0,0.01,0.0,0.0,0,18163.0
0,udp,domain_u,SF,44,70,0,0,0,0,0,0,0,299,0.0,0.0,0.0,0.0,1.0,0.01,0.0,255,254,1.0,0.01,0.0,0.0,0.0,0.0,0.0,0,109200.0
0,tcp,http,SF,227,429,0,0,1,0,0,0,0,13,0.0,0.0,0.0,0.0,1.0,0.0,0.16,255,255,1.0,0.0,0.0,0.0,0.0,0.0,0.0,0,89659.0
0,tcp,http,SF,244,2140,0,0,1,0,0,0,0,15,0.0,0.0,0.0,0.0,1.0,0.0,0.0,255,255,1.0,0.0,0.0,0.0,0.0,0.0,0.0,0,106680.0
0,tcp,http,SF,343,1714,0,0,1,0,0,0,0,13,0.0,0.0,0.0,0.0,1.0,0.0,0.0,255,255,1.0,0.0,0.0,0.0,0.0,0.0,0.0,0,33878.0
0,tcp,http,SF,220,398,0,0,1,0,0,0,0,2,0.0,0.0,0.0,0.0,1.0,0.0,0.5,2,255,1.0,0.0,0.5,0.01,0.0,0.0,0.0,0,56233.0
0,tcp,other,SF,3775,0,0,0,1,0,0,0,0,15,0.07,0.0,0.0,0.0,0.07,0.33,0.0,174,1,0.01,0.05,0.2,0.0,0.01,0.0,0.0,0,111369.0
0,tcp,ftp_data,SF,12,0,0,0,1,0,0,0,0,1,0.0,0.0,0.0,0.0,1.0,0.0,0.0,53,111,0.57,0.08,0.57,0.02,0.0,0.0,0.0,0,114487.0
0,tcp,private,S0,0,0,0,0,0,0,0,0,0,138,1.0,1.0,0.0,0.0,0.1,0.06,0.0,255,8,0.03,0.07,0.0,0.0,1.0,1.0,0.0,1,13467.0
0,tcp,echo,S0,0,0,0,0,0,0,0,0,0,275,1.0,1.0,0.0,0.0,0.03,0.06,0.0,255,8,0.03,0.07,0.0,0.0,1.0,1.0,0.0,1,53585.0
0,tcp,http,SF,307,1286,0,0,1,0,0,0,0,10,0.0,0.0,0.0,0.0,1.0,0.0,0.25,37,255,1.0,0.0,0.03,0.02,0.0,0.0,0.0,0,121112.0
0,udp,private,SF,105,147,0,0,0,0,0,0,0,1,0.0,0.0,0.0,0.0,1.0,0.0,0.0,188,186,0.99,0.01,0.01,0.0,0.0,0.0,0.0,0,9061.0
10,udp,domain_u,SF,44,46,0,0,0,0,0,0,0,9,0.0,0.0,0.0,0.0,1.0,0.0,0.12,58,54,0.93,0.03,0.12,0.0,0.0,0.0,0.0,0,75113.0
0,tcp,private,S0,0,0,0,0,0,0,0,0,0,123,1.0,1.0,0.0,0.0,0.1,0.06,0.0,255,7,0.03,0.06,0.0,0.0,1.0,1.0,0.0,1,61280.0
0,tcp,uucp,RSTO,0,0,0,0,0,0,0,0,0,123,0.0,0.0,1.0,1.0,0.08,0.07,0.0,255,10,0.04,0.08,0.0,0.0,0.0,0.0,1.0,1,119899.0
0,tcp,private,S0,0,0,0,0,0,0,0,0,0,108,1.0,1.0,0.0,0.0,0.14,0.06,0.0,255,9,0.04,0.07,0.0,0.0,1.0,1.0,0.0,1,32218.0
0,udp,private,SF,1,0,0,0,0,0,0,0,0,17,0.0,0.0,0.0,0.0,0.71,0.24,0.0,255,12,0.05,0.22,1.0,0.0,0.0,0.0,0.0,1,13056.0
0,tcp,http,SF,303,8240,0,0,1,0,0,0,0,4,0.0,0.0,0.0,0.0,1.0,0.0,0.0,130,255,1.0,0.0,0.01,0.01,0.0,0.0,0.0,0,62704.0
0,tcp,private,S0,0,0,0,0,0,0,0,0,0,52,1.0,1.0,0.0,0.0,0.06,0.1,0.0,255,3,0.01,0.07,0.0,0.0,1.0,1.0,0.0,1,26620.0
0,tcp,Z39_50,S0,0,0,0,0,0,0,0,0,0,270,1.0,1.0,0.0,0.0,0.06,0.07,0.0,255,17,0.07,0.08,0.0,0.0,1.0,1.0,0.0,1,54644.0
0,tcp,login,S0,0,0,0,0,0,0,0,0,0,124,1.0,1.0,0.0,0.0,0.01,0.06,0.0,255,1,0.0,0.05,0.0,0.0,1.0,1.0,0.0,1,32596.0
0,udp,private,SF,28,0,3,0,0,0,0,0,0,28,0.0,0.0,0.0,0.0,1.0,0.0,0.0,231,28,0.12,0.05,0.12,0.0,0.02,0.0,0.0,1,23521.0
0,tcp,smtp,SF,805,328,0,0,1,0,0,0,1,1,0.0,0.0,0.0,0.0,1.0,0.0,0.0,227,159,0.7,0.02,0.0,0.0,0.0,0.0,0.0,0,8453.0
0,tcp,smtp,SF,908,329,0,0,1,0,0,0,0,1,0.0,0.0,0.0,0.0,1.0,0.0,0.0,69,34,0.49,0.1,0.01,0.0,0.0,0.0,0.0,0,76973.0
0,icmp,eco_i,SF,8,0,0,0,0,0,0,0,0,1,0.0,0.0,0.0,0.0,1.0,0.0,1.0,3,75,1.0,0.0,1.0,0.25,0.0,0.0,0.0,1,11455.0
0,tcp,http,REJ,0,0,0,0,0,0,0,0,0,1,0.0,0.0,1.0,1.0,1.0,0.0,1.0,1,250,1.0,0.0,1.0,0.33,0.0,0.0,1.0,0,20217.0
0,tcp,time,RSTO,0,0,0,0,0,0,0,0,0,205,0.0,0.0,1.0,1.0,0.01,0.07,0.0,255,3,0.01,0.09,0.0,0.0,0.0,0.0,1.0,1,93483.0
0,tcp,http,S0,0,0,0,0,0,0,0,0,0,16,1.0,0.94,0.0,0.06,1.0,0.0,0.12,16,16,1.0,0.0,0.06,0.0,1.0,1.0,0.0,1,112415.0
0,udp,domain_u,SF,45,45,0,0,0,0,0,0,0,138,0.0,0.0,0.0,0.0,1.0,0.0,0.01,255,255,1.0,0.0,0.01,0.0,0.0,0.0,0.0,0,82882.0
0,tcp,http,SF,198,6924,0,0,1,0,0,0,0,23,0.0,0.0,0.0,0.0,1.0,0.0,0.0,255,255,1.0,0.0,0.0,0.0,0.0,0.0,0.0,0,61814.0
0,tcp,http,SF,54540,8314,0,2,1,1,0,0,0,5,0.0,0.0,0.0,0.17,1.0,0.0,0.33,255,255,1.0,0.0,0.0,0.0,0.0,0.0,0.02,1,18991.0
0,tcp,private,S0,0,0,0,0,0,0,0,0,0,209,1.0,1.0,0.0,0.0,0.04,0.07,0.0,255,9,0.04,0.07,0.0,0.0,1.0,1.0,0.0,1,627.0
0,tcp,Z39_50,S0,0,0,0,0,0,0,0,0,0,287,1.0,1.0,0.0,0.0,0.05,0.06,0.0,255,8,0.03,0.07,0.0,0.0,1.0,1.0,0.0,1,34007.0
0,udp,private,SF,207,0,0,0,0,0,0,0,0,2,0.0,0.0,0.0,0.0,1.0,0.0,0.0,200,168,0.84,0.01,0.84,0.0,0.0,0.0,0.0,1,42043.0
1,tcp,ftp,SF,1224,2449,0,28,1,0,0,0,0,1,0.0,0.0,0.0,0.0,1.0,0.0,0.0,255,62,0.24,0.02,0.0,0.0,0.0,0.0,0.0,1,63980.0
0,tcp,ftp_data,SF,192,0,0,0,1,0,0,0,0,1,0.0,0.0,0.0,0.0,1.0,0.0,0.0,151,23,0.12,0.05,0.12,0.09,0.0,0.0,0.0,0,83894.0
0,tcp,http,SF,287,1111,0,0,1,0,0,0,0,4,0.0,0.0,0.0,0.0,1.0,0.0,0.0,4,255,1.0,0.0,0.25,0.04,0.0,0.0,0.0,0,97448.0
0,tcp,http,SF,246,335,0,0,1,0,0,0,0,16,0.0,0.0,0.0,0.0,1.0,0.0,0.0,255,255,1.0,0.0,0.0,0.0,0.0,0.0,0.0,0,117748.0
0,tcp,smtp,SF,1445,487,0,0,1,0,0,0,0,1,0.0,0.0,0.0,0.0,1.0,0.0,0.0,218,137,0.5,0.01,0.0,0.01,0.92,0.73,0.0,0,99434.0
0,tcp,http,SF,304,342,0,0,1,0,0,0,0,10,0.0,0.0,0.0,0.0,1.0,0.0,0.0,10,255,1.0,0.0,0.1,0.03,0.0,0.0,0.0,0,76891.0
3,tcp,smtp,SF,1060,331,0,0,1,0,0,0,0,1,0.0,0.0,0.0,0.0,1.0,0.0,1.0,149,86,0.54,0.02,0.01,0.02,0.0,0.0,0.0,0,109179.0
0,tcp,http,REJ,0,0,0,0,0,0,0,0,0,1,0.0,0.0,1.0,1.0,1.0,0.0,0.0,6,55,1.0,0.0,0.17,0.24,0.0,0.0,1.0,0,382.0
0,udp,private,SF,1,0,0,0,0,0,0,0,0,88,0.0,0.0,0.0,0.0,0.69,0.05,0.0,255,122,0.48,0.05,1.0,0.0,0.0,0.0,0.0,1,121666.0
0,tcp,imap4,S0,0,0,0,0,0,0,0,0,0,49,1.0,1.0,0.0,0.0,0.27,0.12,0.0,255,13,0.05,0.09,0.0,0.0,1.0,1.0,0.0,1,111375.0
0,tcp,http,SF,231,659,0,0,1,0,0,0,0,7,0.0,0.0,0.0,0.0,1.0,0.0,0.25,48,255,1.0,0.0,0.02,0.05,0.0,0.0,0.0,0,119481.0
0,tcp,http,SF,332,299,0,0,1,0,0,0,0,6,0.17,0.1,0.0,0.0,1.0,0.0,0.4,6,255,1.0,0.0,0.17,0.08,0.17,0.01,0.0,0,65219.0
0,tcp,finger,SF,5,135,0,0,0,0,0,0,0,2,0.0,0.0,0.0,0.0,0.5,1.0,0.0,40,4,0.03,0.1,0.03,0.5,0.0,0.0,0.0,0,16762.0
0,udp,domain_u,SF,43,43,0,0,0,0,0,0,0,108,0.0,0.0,0.0,0.0,1.0,0.0,0.01,255,255,1.0,0.0,0.01,0.0,0.0,0.0,0.0,0,11796.0
0,tcp,exec,S0,0,0,0,0,0,0,0,0,0,135,1.0,1.0,0.0,0.0,0.14,0.06,0.0,255,19,0.07,0.06,0.0,0.0,1.0,1.0,0.0,1,27423.0
0,tcp,http,SF,227,2070,0,0,1,0,0,0,0,18,0.0,0.0,0.0,0.0,1.0,0.0,0.0,255,255,1.0,0.0,0.0,0.0,0.0,0.0,0.0,0,21034.0
0,tcp,nnsp,S0,0,0,0,0,0,0,0,0,0,150,1.0,1.0,0.0,0.0,0.17,0.05,0.0,255,25,0.1,0.05,0.0,0.0,1.0,1.0,0.0,1,123238.0
0,tcp,http,SF,302,60397,0,1,1,0,0,0,0,19,0.0,0.0,0.0,0.0,1.0,0.0,0.0,36,255,1.0,0.0,0.03,0.01,0.0,0.0,0.0,0,33299.0
2,tcp,smtp,SF,1397,342,0,0,1,0,0,0,0,1,0.0,0.0,0.0,0.0,1.0,0.0,1.0,80,240,0.95,0.03,0.01,0.01,0.0,0.0,0.0,0,74340.0
0,udp,private,SF,28,0,3,0,0,0,0,0,0,4,0.0,0.0,0.0,0.0,1.0,0.0,0.0,255,4,0.02,0.02,0.02,0.0,0.0,0.0,0.0,1,70505.0
0,tcp,http,SF,204,3002,0,0,1,0,0,0,0,1,0.0,0.0,0.0,0.0,1.0,0.0,0.0,9,255,1.0,0.0,0.11,0.05,0.0,0.0,0.0,0,57992.0
0,tcp,netstat,S0,0,0,0,0,0,0,0,0,0,280,1.0,1.0,0.0,0.0,0.02,0.06,0.0,255,5,0.02,0.06,0.0,0.0,1.0,1.0,0.0,1,106379.0
0,tcp,smtp,SF,796,333,0,0,1,0,0,0,0,1,0.0,0.0,0.0,0.0,1.0,0.0,0.0,139,169,0.77,0.03,0.01,0.02,0.0,0.0,0.0,0,60435.0
0,tcp,private,REJ,0,0,0,0,0,0,0,0,0,296,0.0,0.0,1.0,1.0,0.06,0.06,0.0,255,17,0.07,0.08,0.0,0.0,0.0,0.0,1.0,1,50184.0
0,icmp,ecr_i,SF,30,0,0,0,0,0,0,0,0,1,0.0,0.0,0.0,0.0,1.0,0.0,0.0,62,62,1.0,0.0,1.0,0.0,0.0,0.0,0.0,0,74466.0
0,tcp,private,S0,0,0,0,0,0,0,0,0,0,105,1.0,1.0,0.0,0.0,0.07,0.06,0.0,255,2,0.01,0.07,0.0,0.0,1.0,1.0,0.0,1,29273.0
0,tcp,private,S0,0,0,0,0,0,0,0,0,0,272,1.0,1.0,0.0,0.0,0.03,0.05,0.0,255,9,0.04,0.05,0.0,0.0,1.0,1.0,0.0,1,109038.0
0,tcp,mtp,S0,0,0,0,0,0,0,0,0,0,106,1.0,1.0,0.0,0.0,0.05,0.06,0.0,255,5,0.02,0.06,0.0,0.0,1.0,1.0,0.0,1,83823.0
0,tcp,ftp_data,SF,16,0,0,0,1,0,0,0,0,2,0.0,0.0,0.0,0.0,1.0,0.0,0.0,255,59,0.23,0.02,0.04,0.0,0.66,0.76,0.0,0,4953.0
0,tcp,klogin,REJ,0,0,0,0,0,0,0,0,0,131,0.0,0.0,1.0,1.0,0.03,0.07,0.0,255,4,0.02,0.07,0.0,0.0,0.0,0.0,1.0,1,114358.0
0,tcp,sunrpc,S0,0,0,0,0,0,0,0,0,0,250,1.0,1.0,0.0,0.0,0.09,0.06,0.0,255,22,0.09,0.06,0.0,0.0,1.0,1.0,0.0,1,26818.0
0,tcp,private,S0,0,0,0,0,0,0,0,0,0,178,1.0,1.0,0.0,0.0,0.03,0.07,0.0,255,17,0.07,0.06,0.0,0.0,1.0,1.0,0.0,1,32263.0
0,tcp,sunrpc,RSTO,0,0,0,0,0,0,0,0,0,140,0.0,0.0,1.0,1.0,0.1,0.06,0.0,255,14,0.05,0.07,0.0,0.0,0.0,0.0,1.0,1,72244.0
0,tcp,private,REJ,0,0,0,0,0,0,0,0,0,274,0.0,0.0,1.0,1.0,0.04,0.07,0.0,255,23,0.09,0.07,0.0,0.0,0.0,0.0,1.0,1,103183.0
0,tcp,http,SF,213,1529,0,0,1,0,0,0,0,16,0.0,0.0,0.0,0.0,1.0,0.0,0.2,116,255,1.0,0.0,0.01,0.02,0.0,0.0,0.0,0,81005.0
0,udp,private,SF,1,0,0,0,0,0,0,0,0,15,0.0,0.0,0.0,0.0,0.27,0.33,0.0,255,4,0.02,0.69,0.4,0.0,0.0,0.0,0.0,1,119398.0
103,tcp,telnet,SF,302,8876,0,2,1,4,0,3,1,1,0.0,0.0,0.0,0.0,1.0,0.0,0.0,1,1,1.0,0.0,1.0,0.0,0.0,0.0,0.0,1,69490.0
0,tcp,http,SF,320,308,0,0,1,0,0,0,0,15,0.0,0.0,0.0,0.0,1.0,0.0,0.0,255,255,1.0,0.0,0.0,0.0,0.0,0.0,0.0,0,19510.0
0,tcp,private,SH,0,0,0,0,0,0,0,0,0,2,1.0,1.0,0.0,0.0,0.5,1.0,0.0,14,1,0.07,0.71,0.5,0.0,0.5,1.0,0.0,1,38871.0
0,tcp,private,S0,0,0,0,0,0,0,0,0,0,271,1.0,1.0,0.0,0.0,0.01,0.06,0.0,255,1,0.0,0.07,0.0,0.0,1.0,1.0,0.0,1,116974.0
0,tcp,http,SF,254,1474,0,0,1,0,0,0,0,8,0.0,0.0,0.0,0.0,1.0,0.0,0.0,255,255,1.0,0.0,0.0,0.0,0.0,0.0,0.0,0,65156.0
0,tcp,smtp,SF,1599,327,0,0,1,0,0,0,0,1,0.0,0.0,0.0,0.0,1.0,0.0,0.0,240,164,0.64,0.02,0.0,0.01,0.0,0.01,0.0,0,55420.0
2,tcp,smtp,SF,806,338,0,0,1,0,0,0,0,1,0.0,0.0,0.0,0.0,1.0,0.0,0.0,66,174,0.92,0.05,0.02,0.02,0.0,0.0,0.0,0,62399.0
0,udp,domain_u,SF,45,75,0,0,0,0,0,0,0,78,0.0,0.0,0.0,0.0,1.0,0.0,0.01,255,212,0.83,0.01,0.0,0.0,0.0,0.0,0.0,0,63816.0
0,tcp,iso_tsap,S0,0,0,0,0,0,0,0,0,0,233,1.0,1.0,0.0,0.0,0.05,0.07,0.0,255,11,0.04,0.08,0.0,0.0,1.0,1.0,0.0,1,49625.0
0,udp,domain_u,SF,44,44,0,0,0,0,0,0,0,4,0.0,0.0,0.0,0.0,1.0,0.0,0.33,255,249,0.98,0.01,0.01,0.0,0.0,0.0,0.0,0,125565.0
0,tcp,smtp,SF,1171,328,0,0,1,0,0,0,0,1,0.0,0.0,0.0,0.0,1.0,0.0,1.0,196,171,0.76,0.03,0.01,0.01,0.0,0.0,0.0,0,75398.0
0,tcp,private,S0,0,0,0,0,0,0,0,0,0,117,1.0,1.0,0.0,0.0,0.09,0.06,0.0,255,26,0.1,0.06,0.0,0.0,1.0,1.0,0.0,1,11633.0
0,icmp,ecr_i,SF,1032,0,0,0,0,0,0,0,0,363,0.0,0.0,0.0,0.0,1.0,0.0,0.0,255,255,1.0,0.0,1.0,0.0,0.0,0.0,0.0,1,108064.0
4,udp,domain_u,SF,42,42,0,0,0,0,0,0,0,2,0.0,0.0,0.0,0.0,1.0,0.0,0.0,255,245,0.96,0.01,0.01,0.0,0.0,0.0,0.0,0,108469.0
0,icmp,eco_i,SF,8,0,0,0,0,0,0,0,0,1,0.0,0.0,0.0,0.0,1.0,0.0,1.0,1,62,1.0,0.0,1.0,0.52,0.0,0.0,0.0,1,117028.0
0,tcp,private,REJ,0,0,0,0,0,0,0,0,0,252,0.0,0.0,1.0,1.0,0.03,0.06,0.0,255,8,0.03,0.07,0.0,0.0,0.0,0.0,1.0,1,90581.0
0,tcp,http,SF,231,2698,0,0,1,0,0,0,1,4,0.0,0.0,0.0,0.0,1.0,0.0,0.0,255,239,0.94,0.01,0.0,0.0,0.0,0.0,0.0,0,5773.0
0,tcp,exec,S0,0,0,0,0,0,0,0,0,0,113,1.0,1.0,0.0,0.0,0.17,0.06,0.0,255,19,0.07,0.06,0.0,0.0,1.0,1.0,0.0,1,35716.0
0,tcp,ssh,S0,0,0,0,0,0,0,0,0,0,204,1.0,1.0,0.0,0.0,0.01,0.07,0.0,255,2,0.01,0.08,0.0,0.0,1.0,1.0,0.0,1,2005.0
0,tcp,private,S0,0,0,0,0,0,0,0,0,0,42,1.0,1.0,0.0,0.0,0.07,0.12,0.0,255,17,0.07,0.08,0.0,0.0,1.0,1.0,0.0,1,69351.0
16553,tcp,other,RSTR,1,0,0,0,0,0,0,0,0,2,0.0,0.0,1.0,1.0,1.0,0.0,0.0,255,2,0.01,0.63,1.0,0.0,0.0,0.0,1.0,1,17073.0
23,tcp,ftp,SF,233,774,0,4,1,0,0,0,0,1,0.0,0.0,0.0,0.0,1.0,0.0,0.0,239,45,0.19,0.02,0.0,0.0,0.0,0.0,0.0,0,75322.0
0,tcp,http,SF,309,3492,0,0,1,0,0,0,0,4,0.0,0.0,0.0,0.0,1.0,0.0,0.17,4,255,1.0,0.0,0.25,0.03,0.0,0.01,0.0,0,105130.0
0,icmp,eco_i,SF,8,0,0,0,0,0,0,0,0,1,0.0,0.0,0.0,0.0,1.0,0.0,1.0,1,115,1.0,0.0,1.0,0.5,0.0,0.0,0.0,1,82986.0
0,tcp,http,SF,243,9284,0,0,1,0,0,0,0,14,0.0,0.0,0.0,0.0,1.0,0.0,0.19,255,255,1.0,0.0,0.0,0.0,0.0,0.0,0.01,0,75069.0
0,tcp,nnsp,S0,0,0,0,0,0,0,0,0,0,106,1.0,1.0,0.0,0.0,0.11,0.07,0.0,214,12,0.06,0.07,0.0,0.0,1.0,1.0,0.0,1,35607.0
0,icmp,ecr_i,SF,1032,0,0,0,0,0,0,0,0,511,0.0,0.0,0.0,0.0,1.0,0.0,0.0,201,107,0.53,0.03,0.53,0.0,0.01,0.0,0.0,1,92542.0
0,tcp,http,SF,281,7205,0,0,1,0,0,0,0,9,0.0,0.0,0.0,0.0,1.0,0.0,0.0,12,255,1.0,0.0,0.08,0.07,0.0,0.0,0.0,0,98762.0
0,tcp,http,SF,204,1274,0,0,1,0,0,0,0,19,0.0,0.0,0.0,0.0,1.0,0.0,0.12,255,255,1.0,0.0,0.0,0.0,0.0,0.0,0.0,0,108338.0
0,tcp,http,SF,328,301,0,0,1,0,0,0,0,3,0.0,0.0,0.0,0.0,1.0,0.0,0.0,25,255,1.0,0.0,0.04,0.05,0.0,0.0,0.0,0,82913.0
0,tcp,http,SF,245,307,0,0,1,0,0,0,0,9,0.0,0.0,0.0,0.0,1.0,0.0,0.18,255,255,1.0,0.0,0.0,0.0,0.0,0.0,0.0,0,81171.0
0,tcp,http,SF,288,1865,0,0,1,0,0,0,0,7,0.0,0.0,0.0,0.0,1.0,0.0,0.0,255,255,1.0,0.0,0.0,0.0,0.0,0.0,0.0,0,93460.0
4940,udp,other,SF,146,105,0,0,0,0,0,0,0,5,0.0,0.0,0.0,0.0,0.2,0.6,0.0,255,1,0.0,0.6,0.95,0.0,0.0,0.0,0.0,0,82929.0
0,tcp,http,SF,209,2768,0,0,1,0,0,0,0,12,0.0,0.0,0.0,0.0,1.0,0.0,0.14,255,255,1.0,0.0,0.0,0.0,0.0,0.0,0.0,0,15056.0
0,tcp,http,SF,54540,8314,0,2,1,1,0,0,0,4,0.0,0.0,0.25,0.4,1.0,0.0,0.4,171,171,1.0,0.0,0.01,0.0,0.0,0.0,0.06,1,103952.0
0,tcp,netbios_dgm,S0,0,0,0,0,0,0,0,0,0,46,1.0,1.0,0.0,0.0,0.15,0.13,0.0,255,7,0.03,0.07,0.0,0.0,1.0,1.0,0.0,1,93867.0
0,tcp,private,S0,0,0,0,0,0,0,0,0,0,214,1.0,1.0,0.0,0.0,0.04,0.06,0.0,255,7,0.03,0.09,0.0,0.0,1.0,1.0,0.0,1,48936.0
0,tcp,finger,S0,0,0,0,0,0,0,0,0,0,1,1.0,1.0,0.0,0.0,1.0,0.0,1.0,1,6,1.0,0.0,1.0,1.0,1.0,0.83,0.0,1,64190.0
21641,tcp,private,RSTR,1,0,0,0,0,0,0,0,0,2,0.0,0.0,1.0,1.0,1.0,0.0,0.0,255,2,0.01,0.73,1.0,0.0,0.0,0.0,1.0,1,86556.0
0,tcp,private,S0,0,0,0,0,0,0,0,0,0,142,1.0,1.0,0.0,0.0,0.14,0.06,0.0,255,20,0.08,0.06,0.0,0.0,1.0,1.0,0.0,1,64224.0
41802,tcp,private,RSTR,1,0,0,0,0,0,0,0,0,2,0.0,0.0,1.0,1.0,1.0,0.0,0.0,216,2,0.01,0.23,0.44,0.0,0.0,0.0,1.0,1,1235.0
0,icmp,ecr_i,SF,1032,0,0,0,0,0,0,0,0,87,0.0,0.0,0.0,0.0,1.0,0.0,0.0,255,255,1.0,0.0,1.0,0.0,0.0,0.0,0.0,1,66294.0
0,tcp,http,SF,152,8157,0,0,1,0,0,0,0,14,0.0,0.0,0.0,0.0,1.0,0.0,0.0,255,255,1.0,0.0,0.0,0.0,0.0,0.0,0.0,0,19760.0
0,tcp,private,REJ,0,0,0,0,0,0,0,0,0,2,0.0,0.0,1.0,1.0,0.5,1.0,0.0,255,1,0.0,0.38,0.36,0.0,0.0,0.0,1.0,1,3870.0
0,tcp,http,SF,298,313,0,0,1,0,0,0,0,15,0.0,0.0,0.0,0.0,1.0,0.0,0.12,173,255,1.0,0.0,0.01,0.02,0.0,0.0,0.02,0,59996.0
0,icmp,eco_i,SF,8,0,0,0,0,0,0,0,0,1,0.0,0.0,0.0,0.0,1.0,0.0,1.0,3,87,1.0,0.0,1.0,0.25,0.0,0.0,0.0,1,92789.0
0,tcp,auth,S0,0,0,0,0,0,0,0,0,0,246,1.0,1.0,0.0,0.0,0.01,0.05,0.0,255,3,0.01,0.05,0.0,0.0,1.0,1.0,0.0,1,74248.0
0,tcp,http,SF,201,5578,0,0,1,0,0,0,0,8,0.0,0.0,0.0,0.0,1.0,0.0,0.22,16,255,1.0,0.0,0.06,0.04,0.0,0.0,0.0,0,108359.0
0,tcp,http,SF,301,101822,0,0,1,0,0,0,0,5,0.0,0.0,0.0,0.0,1.0,0.0,0.12,31,255,1.0,0.0,0.03,0.03,0.0,0.0,0.0,0,107830.0
0,tcp,private,S0,0,0,0,0,0,0,0,0,0,76,1.0,1.0,0.0,0.0,0.18,0.07,0.0,163,14,0.09,0.06,0.01,0.0,1.0,1.0,0.0,1,69894.0
0,tcp,time,S0,0,0,0,0,0,0,0,0,0,234,1.0,1.0,0.0,0.0,0.06,0.06,0.0,255,14,0.05,0.07,0.0,0.0,1.0,1.0,0.0,1,67485.0
0,tcp,private,S0,0,0,0,0,0,0,0,0,0,254,1.0,1.0,0.0,0.0,0.07,0.06,0.0,255,17,0.07,0.05,0.0,0.0,1.0,1.0,0.0,1,112068.0
0,tcp,http,SF,252,1970,0,0,1,0,0,0,0,4,0.0,0.0,0.0,0.0,1.0,0.0,0.0,27,15,0.56,0.11,0.04,0.0,0.26,0.0,0.0,0,85368.0
0,tcp,efs,S0,0,0,0,0,0,0,0,0,0,4,1.0,1.0,0.0,0.0,0.75,0.5,0.0,255,3,0.01,0.08,0.0,0.0,1.0,1.0,0.0,1,77386.0
0,tcp,http,S0,0,0,0,0,0,0,0,0,0,2,0.5,0.5,0.0,0.0,1.0,0.0,0.0,2,255,1.0,0.0,1.0,0.04,0.5,0.01,0.0,0,119326.0
0,tcp,http,REJ,0,0,0,0,0,0,0,0,0,1,0.0,0.0,1.0,1.0,1.0,0.0,0.0,34,216,1.0,0.0,0.03,0.01,0.03,0.0,0.14,0,56728.0
0,tcp,private,S0,0,0,0,0,0,0,0,0,0,142,0.99,1.0,0.01,0.0,0.08,0.06,0.0,255,12,0.05,0.06,0.0,0.0,1.0,1.0,0.0,1,37098.0
0,icmp,ecr_i,SF,1032,0,0,0,0,0,0,0,0,511,0.0,0.0,0.0,0.0,1.0,0.0,0.0,255,6,0.02,0.2,0.02,0.0,0.2,0.0,0.0,1,57331.0
0,tcp,private,S0,0,0,0,0,0,0,0,0,0,269,1.0,1.0,0.0,0.0,0.09,0.05,0.0,210,25,0.12,0.07,0.0,0.0,0.93,1.0,0.0,1,95348.0
0,tcp,ftp_data,SF,12,0,0,0,1,0,0,0,0,1,0.0,0.0,0.0,0.0,1.0,0.0,0.0,60,74,0.08,0.05,0.08,0.04,0.03,0.0,0.0,0,108925.0
0,tcp,http,SF,284,581,0,0,1,0,0,0,0,32,0.0,0.0,0.0,0.0,1.0,0.0,0.0,255,255,1.0,0.0,0.0,0.0,0.0,0.0,0.0,0,59241.0
0,tcp,bgp,S0,0,0,0,0,0,0,0,0,0,199,1.0,1.0,0.0,0.0,0.03,0.07,0.0,255,3,0.01,0.08,0.0,0.0,1.0,1.0,0.0,1,73960.0
0,tcp,http,SF,250,1374,0,0,1,0,0,0,0,13,0.0,0.0,0.0,0.0,1.0,0.0,0.12,13,255,1.0,0.0,0.08,0.01,0.0,0.0,0.0,0,48422.0
0,tcp,supdup,S0,0,0,0,0,0,0,0,0,0,115,1.0,1.0,0.0,0.0,0.17,0.05,0.0,255,19,0.07,0.05,0.0,0.0,1.0,1.0,0.0,1,108951.0
0,tcp,smtp,SF,887,339,0,0,1,0,0,0,0,1,0.0,0.0,0.0,0.0,1.0,0.0,0.0,16,196,0.75,0.12,0.06,0.01,0.0,0.0,0.0,0,111449.0
0,tcp,private,S0,0,0,0,0,0,0,0,0,0,103,1.0,1.0,0.0,0.0,0.04,0.06,0.0,31,15,0.48,0.19,0.03,0.0,1.0,1.0,0.0,1,13508.0
120,tcp,http,SF,279,168,0,0,1,0,0,0,0,2,0.0,0.0,0.0,0.0,1.0,0.0,0.11,34,255,1.0,0.0,0.03,0.07,0.0,0.0,0.0,0,91841.0
0,tcp,http,SF,236,309,0,0,1,0,0,0,0,13,0.0,0.0,0.0,0.0,1.0,0.0,0.12,255,255,1.0,0.0,0.0,0.0,0.01,0.01,0.0,0,5827.0
0,tcp,private,REJ,0,0,0,0,0,0,0,0,0,2,0.0,0.0,1.0,1.0,0.5,1.0,0.0,255,1,0.0,0.37,0.34,0.0,0.0,0.0,1.0,1,96289.0
0,tcp,http,SF,305,969,0,0,1,0,0,0,0,4,0.0,0.0,0.0,0.0,1.0,0.0,0.0,16,255,1.0,0.0,0.06,0.06,0.0,0.0,0.0,0,75561.0
0,tcp,finger,S0,0,0,0,0,0,0,0,0,0,261,1.0,1.0,0.0,0.0,0.01,0.05,0.0,255,2,0.01,0.05,0.0,0.0,1.0,1.0,0.0,1,35773.0
0,udp,domain_u,SF,46,74,0,0,0,0,0,0,0,188,0.0,0.0,0.0,0.0,1.0,0.0,0.0,255,236,0.93,0.01,0.0,0.0,0.0,0.0,0.0,0,93328.0
0,tcp,private,S0,0,0,0,0,0,0,0,0,0,131,1.0,1.0,0.0,0.0,0.07,0.06,0.0,255,9,0.04,0.08,0.0,0.0,1.0,1.0,0.0,1,94290.0
0,tcp,http,SF,298,8870,0,0,1,0,0,0,0,8,0.0,0.0,0.0,0.0,1.0,0.0,0.0,255,255,1.0,0.0,0.0,0.0,0.0,0.0,0.0,0,30907.0
0,tcp,http,SF,247,1423,0,0,1,0,0,0,0,6,0.0,0.0,0.0,0.0,1.0,0.0,0.0,127,255,1.0,0.0,0.01,0.01,0.0,0.0,0.0,0,89531.0
2,tcp,ftp_data,S3,2194620,0,0,0,1,0,0,0,0,2,0.5,0.5,0.0,0.0,1.0,0.0,0.0,106,33,0.25,0.07,0.25,0.06,0.01,0.03,0.0,0,16976.0
0,tcp,http,SF,315,261,0,0,1,0,0,0,0,13,0.0,0.0,0.0,0.0,1.0,0.0,0.11,187,255,1.0,0.0,0.01,0.01,0.0,0.0,0.0,0,14017.0
0,tcp,private,SH,0,0,0,0,0,0,0,0,0,1,1.0,1.0,0.0,0.0,1.0,0.0,0.0,244,1,0.0,0.95,0.97,0.0,0.97,1.0,0.0,1,106395.0
0,tcp,http,SF,54540,8314,0,2,1,1,0,0,0,2,0.0,0.0,0.5,0.5,1.0,0.0,0.0,255,255,1.0,0.0,0.0,0.0,0.01,0.01,0.05,1,80937.0
0,tcp,ftp_data,S0,0,0,0,0,0,0,0,0,0,55,1.0,1.0,0.0,0.0,0.15,0.07,0.0,255,48,0.19,0.02,0.01,0.0,1.0,1.0,0.0,1,41227.0
0,tcp,other,REJ,0,0,0,0,0,0,0,0,0,509,0.07,0.0,0.92,1.0,0.0,1.0,0.0,255,1,0.0,1.0,0.0,0.0,0.09,0.0,1.0,1,65634.0
2,tcp,ftp,SF,1176,2445,0,28,1,0,0,0,0,1,0.0,0.0,0.0,0.0,1.0,0.0,0.0,255,84,0.33,0.02,0.0,0.0,0.0,0.0,0.0,1,87741.0
0,tcp,http,SF,54540,8314,0,2,1,1,0,0,0,1,0.0,0.0,0.0,0.0,1.0,0.0,0.0,161,161,1.0,0.0,0.01,0.0,0.0,0.0,0.01,1,114646.0
0,tcp,http,SF,196,18417,0,0,1,0,0,0,0,17,0.0,0.0,0.0,0.0,1.0,0.0,0.0,145,255,1.0,0.0,0.01,0.03,0.0,0.0,0.01,0,68920.0
0,tcp,private,S0,0,0,0,0,0,0,0,0,0,97,1.0,1.0,0.0,0.0,0.14,0.06,0.0,151,14,0.09,0.07,0.01,0.0,1.0,1.0,0.0,1,115965.0
7407,udp,other,SF,147,105,0,0,0,0,0,0,0,2,0.0,0.0,0.0,0.0,1.0,0.0,0.0,255,2,0.01,0.89,1.0,0.0,0.0,0.0,0.0,0,53334.0
1,tcp,smtp,SF,1105,331,0,0,1,0,0,0,0,1,0.0,0.0,0.0,0.0,1.0,0.0,1.0,166,141,0.49,0.04,0.01,0.01,0.0,0.01,0.0,0,43479.0
2,tcp,auth,SF,10,39,0,0,1,0,0,0,0,1,0.0,0.0,0.0,0.0,1.0,0.0,0.0,255,3,0.01,0.54,0.0,0.0,0.0,0.0,0.0,0,46097.0
0,tcp,private,S0,0,0,0,0,0,0,0,0,0,268,1.0,1.0,0.0,0.0,0.01,0.06,0.0,255,8,0.03,0.08,0.0,0.0,1.0,1.0,0.0,1,77008.0
0,tcp,http,SF,317,1719,0,0,1,0,0,0,0,6,0.0,0.0,0.0,0.0,1.0,0.0,0.0,10,255,1.0,0.0,0.1,0.05,0.0,0.0,0.0,0,41802.0
0,tcp,exec,S0,0,0,0,0,0,0,0,0,0,140,1.0,1.0,0.0,0.0,0.08,0.06,0.0,255,15,0.06,0.07,0.0,0.0,1.0,1.0,0.0,1,33737.0
0,tcp,private,S0,0,0,0,0,0,0,0,0,0,267,1.0,1.0,0.0,0.0,0.06,0.06,0.0,255,5,0.02,0.07,0.0,0.0,1.0,1.0,0.0,1,76134.0
1,tcp,smtp,SF,1440,328,0,0,1,0,0,0,0,1,0.0,0.0,0.0,0.0,1.0,0.0,1.0,135,71,0.5,0.06,0.01,0.03,0.01,0.01,0.0,0,91558.0
0,tcp,smtp,SF,814,323,0,0,1,0,0,0,0,1,0.0,0.0,0.0,0.0,1.0,0.0,1.0,3,3,1.0,0.0,0.33,0.0,0.0,0.0,0.0,0,85963.0
37274,tcp,private,RSTR,1,0,0,0,0,0,0,0,0,2,0.0,0.0,1.0,1.0,1.0,0.0,0.0,255,2,0.01,0.5,1.0,0.0,0.0,0.0,1.0,1,84949.0
0,tcp,http,SF,307,342,0,0,1,0,0,0,0,18,0.0,0.0,0.0,0.0,1.0,0.0,0.0,255,255,1.0,0.0,0.0,0.0,0.0,0.0,0.0,0,69717.0
0,tcp,http_443,S0,0,0,0,0,0,0,0,0,0,110,1.0,1.0,0.0,0.0,0.09,0.06,0.0,255,10,0.04,0.08,0.0,0.0,1.0,1.0,0.0,1,62266.0
0,tcp,courier,S0,0,0,0,0,0,0,0,0,0,21,1.0,1.0,0.0,0.0,0.29,0.14,0.0,255,6,0.02,0.07,0.0,0.0,1.0,1.0,0.0,1,87102.0
0,tcp,private,REJ,0,0,0,0,0,0,0,0,0,283,0.0,0.0,1.0,1.0,0.05,0.06,0.0,255,15,0.06,0.06,0.0,0.0,0.0,0.0,1.0,1,12454.0
0,tcp,http,SF,204,122,0,0,1,0,0,0,0,3,0.0,0.0,0.0,0.0,1.0,0.0,0.29,3,255,1.0,0.0,0.33,0.04,0.0,0.0,0.0,0,5718.0
0,tcp,private,S0,0,0,0,0,0,0,0,0,0,142,1.0,1.0,0.0,0.0,0.08,0.06,0.0,75,9,0.12,0.15,0.01,0.0,1.0,1.0,0.0,1,74262.0
2,tcp,smtp,SF,715,333,0,0,1,0,0,0,0,1,0.0,0.0,0.0,0.0,1.0,0.0,1.0,170,102,0.6,0.02,0.01,0.0,0.0,0.0,0.0,0,78450.0
0,tcp,http,SF,312,7764,0,0,1,0,0,0,0,2,0.0,0.0,0.0,0.0,1.0,0.0,0.4,11,255,1.0,0.0,0.09,0.05,0.0,0.0,0.0,0,23661.0
0,tcp,http,SF,220,1528,0,0,1,0,0,0,0,1,0.0,0.0,0.0,0.0,1.0,0.0,0.0,255,255,1.0,0.0,0.0,0.0,0.01,0.01,0.0,0,5140.0
0,tcp,Z39_50,REJ,0,0,0,0,0,0,0,0,0,105,0.0,0.0,1.0,1.0,0.05,0.07,0.0,255,5,0.02,0.07,0.0,0.0,0.0,0.0,1.0,1,100924.0
3864,udp,other,SF,147,105,0,0,0,0,0,0,0,5,0.0,0.0,0.0,0.0,0.4,0.6,0.0,255,2,0.01,0.65,0.95,0.0,0.0,0.0,0.0,0,73255.0
0,tcp,http,SF,304,2239,0,0,1,0,0,0,0,1,0.0,0.0,0.0,0.0,1.0,0.0,0.0,255,255,1.0,0.0,0.0,0.0,0.0,0.0,0.0,0,80666.0
0,tcp,ctf,S0,0,0,0,0,0,0,0,0,0,289,1.0,1.0,0.0,0.0,0.04,0.05,0.0,255,13,0.05,0.05,0.0,0.0,1.0,1.0,0.0,1,118897.0
0,icmp,urp_i,SF,183,0,0,0,0,0,0,0,0,6,0.0,0.0,0.0,0.0,0.83,0.33,0.0,255,18,0.07,0.01,0.08,0.0,0.0,0.0,0.0,0,110233.0
0,tcp,mtp,S0,0,0,0,0,0,0,0,0,0,300,1.0,1.0,0.0,0.0,0.07,0.06,0.0,255,20,0.08,0.07,0.0,0.0,1.0,1.0,0.0,1,10856.0
0,tcp,http,REJ,0,0,0,0,0,0,0,0,0,23,0.0,0.0,0.83,0.83,1.0,0.0,0.0,42,122,1.0,0.0,0.02,0.16,0.0,0.0,0.97,0,101688.0
0,tcp,imap4,S0,0,0,0,0,0,0,0,0,0,205,1.0,1.0,0.0,0.0,0.09,0.06,0.0,255,19,0.07,0.05,0.0,0.0,1.0,1.0,0.0,1,6714.0
0,tcp,http,SF,276,402,0,0,1,0,0,0,0,28,0.0,0.0,0.0,0.0,1.0,0.0,0.07,74,255,1.0,0.0,0.01,0.02,0.0,0.0,0.0,0,36201.0
0,tcp,http,SF,266,406,0,0,1,0,0,0,0,14,0.0,0.0,0.0,0.0,1.0,0.0,0.0,255,255,1.0,0.0,0.0,0.0,0.0,0.0,0.0,0,66919.0
18711,tcp,IRC,RSTR,2974,10399,0,0,1,0,0,0,0,1,0.0,0.0,1.0,1.0,1.0,0.0,0.0,14,6,0.43,0.14,0.07,0.0,0.0,0.0,0.83,0,40858.0
0,tcp,other,REJ,0,0,0,0,0,0,0,0,0,398,0.07,0.0,0.9,1.0,0.0,1.0,0.0,255,1,0.0,1.0,0.0,0.0,0.08,0.0,1.0,1,1446.0
0,tcp,http,SF,304,3222,0,0,1,0,0,0,0,2,0.0,0.0,0.0,0.0,1.0,0.0,0.0,255,238,0.93,0.02,0.0,0.0,0.0,0.0,0.0,0,114881.0
0,tcp,Z39_50,S0,0,0,0,0,0,0,0,0,0,207,1.0,1.0,0.0,0.0,0.02,0.07,0.0,255,4,0.02,0.08,0.0,0.0,1.0,1.0,0.0,1,90698.0
0,tcp,pop_3,SF,38,130,0,0,1,0,0,0,0,3,0.0,0.0,0.0,0.0,0.33,0.67,0.0,143,7,0.04,0.05,0.01,0.29,0.01,0.0,0.0,0,3707.0
0,tcp,netstat,S0,0,0,0,0,0,0,0,0,0,225,1.0,1.0,0.0,0.0,0.11,0.05,0.0,255,24,0.09,0.05,0.0,0.0,1.0,1.0,0.0,1,23071.0
0,tcp,private,S0,0,0,0,0,0,0,0,0,0,135,1.0,1.0,0.0,0.0,0.14,0.05,0.0,255,3,0.01,0.06,0.0,0.0,1.0,1.0,0.0,1,55023.0
0,tcp,efs,S0,0,0,0,0,0,0,0,0,0,24,1.0,1.0,0.0,0.0,0.17,0.12,0.0,255,4,0.02,0.07,0.0,0.0,1.0,1.0,0.0,1,100710.0
0,tcp,http,SF,179,14789,0,0,1,0,0,0,0,1,0.0,0.0,0.0,0.0,1.0,0.0,0.0,3,255,1.0,0.0,0.33,0.06,0.0,0.0,0.0,0,54964.0
0,tcp,ftp_data,SF,1692,0,0,0,0,0,0,0,0,2,0.0,0.0,0.0,0.0,1.0,0.0,0.0,112,61,0.24,0.04,0.24,0.03,0.0,0.0,0.0,0,42213.0
0,tcp,login,RSTO,0,0,0,0,0,0,0,0,0,130,0.0,0.0,1.0,1.0,0.15,0.05,0.0,255,19,0.07,0.07,0.0,0.0,0.0,0.0,1.0,1,15582.0
0,icmp,ecr_i,SF,1032,0,0,0,0,0,0,0,0,371,0.0,0.0,0.0,0.0,1.0,0.0,0.0,255,255,1.0,0.0,1.0,0.0,0.0,0.0,0.0,1,54871.0
0,udp,domain_u,SF,44,118,0,0,0,0,0,0,0,202,0.0,0.0,0.0,0.0,1.0,0.0,0.01,255,166,0.65,0.01,0.0,0.0,0.0,0.0,0.0,0,17206.0
0,tcp,private,S0,0,0,0,0,0,0,0,0,0,153,1.0,1.0,0.0,0.0,0.03,0.07,0.0,255,16,0.06,0.07,0.0,0.0,1.0,1.0,0.0,1,77429.0
0,tcp,http,SF,284,7405,0,0,1,0,0,0,0,7,0.0,0.0,0.0,0.0,1.0,0.0,0.0,46,255,1.0,0.0,0.02,0.05,0.0,0.0,0.01,0,65425.0
0,tcp,smtp,SF,830,327,0,0,1,0,0,0,0,1,0.0,0.0,0.0,0.0,1.0,0.0,0.0,26,81,0.35,0.12,0.04,0.02,0.0,0.0,0.0,0,27989.0
0,tcp,http,SF,292,1489,0,0,1,0,0,0,0,13,0.0,0.0,0.0,0.0,1.0,0.0,0.14,80,255,1.0,0.0,0.01,0.04,0.0,0.0,0.0,0,30654.0
0,icmp,ecr_i,SF,1032,0,0,0,0,0,0,0,0,284,0.0,0.0,0.0,0.0,1.0,0.0,0.0,255,186,0.73,0.02,0.73,0.0,0.0,0.0,0.0,1,96386.0
0,tcp,ftp_data,SF,567,0,0,0,1,0,0,6,0,3,0.0,0.0,0.0,0.0,1.0,0.0,0.0,41,60,0.46,0.1,0.46,0.03,0.0,0.0,0.0,0,115091.0
0,tcp,http,SF,309,18146,0,0,1,0,0,0,0,1,0.0,0.0,0.0,0.0,1.0,0.0,0.5,54,255,1.0,0.0,0.02,0.05,0.0,0.0,0.0,0,125561.0
0,tcp,http,SF,191,2067,0,0,1,0,0,0,0,4,0.0,0.0,0.0,0.0,1.0,0.0,0.19,255,255,1.0,0.0,0.0,0.0,0.0,0.0,0.0,0,102979.0
0,tcp,http,SF,259,327,0,0,1,0,0,0,0,1,0.0,0.0,0.0,0.0,1.0,0.0,0.33,71,255,1.0,0.0,0.01,0.01,0.0,0.0,0.0,0,107374.0
0,udp,private,SF,105,147,0,0,0,0,0,0,0,3,0.0,0.0,0.0,0.0,0.33,1.0,0.0,255,242,0.95,0.01,0.0,0.0,0.0,0.0,0.0,0,31535.0
0,tcp,gopher,S0,0,0,0,0,0,0,0,0,0,275,1.0,1.0,0.0,0.0,0.03,0.06,0.0,255,7,0.03,0.07,0.0,0.0,1.0,1.0,0.0,1,43944.0
0,tcp,private,S0,0,0,0,0,0,0,0,0,0,7,1.0,1.0,0.0,0.0,0.43,0.43,0.0,255,4,0.02,0.08,0.0,0.0,1.0,1.0,0.0,1,66119.0
0,tcp,private,REJ,0,0,0,0,0,0,0,0,0,123,0.0,0.0,1.0,1.0,0.07,0.07,0.0,255,28,0.11,0.06,0.0,0.0,0.0,0.0,1.0,1,7458.0
0,tcp,private,S0,0,0,0,0,0,0,0,0,0,209,1.0,1.0,0.0,0.0,0.04,0.05,0.0,255,8,0.03,0.07,0.0,0.0,1.0,1.0,0.0,1,41215.0
0,tcp,ftp_data,SF,491,0,0,0,0,0,0,0,0,2,0.0,0.0,0.0,0.0,1.0,0.0,0.0,156,54,0.23,0.03,0.23,0.04,0.0,0.0,0.0,0,53169.0
0,tcp,hostnames,REJ,0,0,0,0,0,0,0,0,0,136,0.0,0.0,1.0,1.0,0.07,0.06,0.0,255,9,0.04,0.07,0.0,0.0,0.0,0.0,1.0,1,55322.0
0,tcp,nnsp,S0,0,0,0,0,0,0,0,0,0,103,1.0,1.0,0.0,0.0,0.06,0.06,0.0,255,6,0.02,0.07,0.0,0.0,1.0,1.0,0.0,1,118892.0
0,udp,domain_u,SF,44,74,0,0,0,0,0,0,0,306,0.0,0.0,0.0,0.0,1.0,0.0,0.0,255,254,1.0,0.01,0.0,0.0,0.0,0.0,0.0,0,103949.0
0,tcp,http,S2,277,27999,0,0,1,0,0,0,0,1,1.0,1.0,0.0,0.0,1.0,0.0,0.0,18,255,1.0,0.0,0.06,0.02,0.06,0.0,0.0,0,122304.0
0,tcp,http,SF,200,2498,0,0,1,0,0,0,0,13,0.0,0.0,0.0,0.0,1.0,0.0,0.0,80,255,1.0,0.0,0.01,0.02,0.0,0.0,0.0,0,4754.0
0,tcp,ftp_data,S0,0,0,0,0,0,0,0,0,0,190,1.0,1.0,0.0,0.0,0.09,0.06,0.0,255,17,0.07,0.06,0.0,0.0,1.0,1.0,0.0,1,8757.0
0,tcp,http,SF,210,11933,0,0,1,0,0,0,0,1,0.0,0.0,0.0,0.0,1.0,0.0,1.0,84,255,1.0,0.0,0.01,0.04,0.0,0.0,0.01,0,34170.0
0,tcp,private,REJ,0,0,0,0,0,0,0,0,0,109,0.0,0.0,1.0,1.0,0.06,0.06,0.0,10,1,0.1,0.2,0.1,0.0,0.0,0.0,1.0,1,7856.0
0,tcp,http,SF,284,7121,0,0,1,0,0,0,0,5,0.0,0.0,0.0,0.0,1.0,0.0,0.27,101,255,1.0,0.0,0.01,0.02,0.0,0.0,0.0,0,35682.0
0,tcp,http,SF,308,1461,0,0,1,0,0,0,0,4,0.0,0.0,0.0,0.0,1.0,0.0,0.0,128,255,1.0,0.0,0.01,0.02,0.0,0.0,0.0,0,69480.0
0,tcp,daytime,S0,0,0,0,0,0,0,0,0,0,202,1.0,1.0,0.0,0.0,0.07,0.06,0.0,255,15,0.06,0.07,0.0,0.0,1.0,1.0,0.0,1,109159.0
0,tcp,telnet,S0,0,0,0,0,0,0,0,0,0,48,1.0,1.0,0.0,0.0,0.23,0.08,0.0,255,51,0.2,0.03,0.01,0.0,1.0,1.0,0.0,1,93039.0
0,tcp,http,REJ,0,0,0,0,0,0,0,0,0,1,0.0,0.0,1.0,1.0,1.0,0.0,0.0,11,114,1.0,0.0,0.09,0.23,0.0,0.0,1.0,0,29142.0
0,udp,domain_u,SF,44,78,0,0,0,0,0,0,0,220,0.0,0.0,0.0,0.0,1.0,0.0,0.01,255,254,1.0,0.01,0.0,0.0,0.0,0.0,0.0,0,123635.0
0,tcp,smtp,SF,774,334,0,0,1,0,0,0,0,2,0.0,0.0,0.0,0.0,0.5,1.0,1.0,160,132,0.44,0.04,0.01,0.02,0.01,0.02,0.0,0,112232.0
0,tcp,systat,S0,0,0,0,0,0,0,0,0,0,211,1.0,1.0,0.0,0.0,0.01,0.06,0.0,255,2,0.01,0.06,0.0,0.0,1.0,1.0,0.0,1,41837.0
0,tcp,smtp,RSTO,0,0,0,0,0,0,0,0,0,1,0.0,0.0,1.0,1.0,1.0,0.0,0.0,255,41,0.16,0.07,0.0,0.0,0.71,0.0,0.02,0,31684.0
0,tcp,bgp,S0,0,0,0,0,0,0,0,0,0,235,1.0,1.0,0.0,0.0,0.08,0.05,0.0,193,18,0.09,0.06,0.01,0.0,0.99,1.0,0.0,1,109629.0
0,udp,domain_u,SF,45,133,0,0,0,0,0,0,0,80,0.0,0.0,0.0,0.0,1.0,0.0,0.01,255,211,0.83,0.01,0.0,0.0,0.0,0.0,0.0,0,117230.0
0,udp,domain_u,SF,45,77,0,0,0,0,0,0,0,122,0.0,0.0,0.0,0.0,1.0,0.0,0.02,255,224,0.88,0.01,0.0,0.0,0.0,0.0,0.0,0,54308.0
0,tcp,http,SF,149,3344,0,0,1,0,0,0,0,2,0.0,0.0,0.0,0.0,1.0,0.0,0.04,2,61,1.0,0.0,0.5,0.05,0.0,0.0,0.0,0,68476.0
0,tcp,uucp_path,OTH,0,0,0,0,0,0,0,0,0,1,0.0,0.0,0.0,0.0,1.0,0.0,0.0,161,1,0.01,0.7,0.7,0.0,0.04,0.0,0.0,1,24143.0
0,tcp,http,SF,285,671,0,0,1,0,0,0,0,9,0.0,0.0,0.0,0.0,1.0,0.0,0.0,113,255,1.0,0.0,0.01,0.02,0.0,0.0,0.0,0,41755.0
0,tcp,systat,S0,0,0,0,0,0,0,0,0,0,255,1.0,1.0,0.0,0.0,0.07,0.05,0.0,255,19,0.07,0.05,0.0,0.0,1.0,1.0,0.0,1,63468.0
0,tcp,http,SF,237,5440,0,0,1,0,0,0,0,3,0.0,0.0,0.0,0.0,1.0,0.0,0.0,3,255,1.0,0.0,0.33,0.02,0.0,0.0,0.0,0,92804.0
0,tcp,http,SF,213,2204,0,0,1,0,0,0,0,9,0.0,0.0,0.0,0.0,1.0,0.0,0.0,255,255,1.0,0.0,0.0,0.0,0.0,0.0,0.0,0,66889.0
0,tcp,private,S0,0,0,0,0,0,0,0,0,0,106,1.0,1.0,0.0,0.0,0.17,0.08,0.0,255,18,0.07,0.06,0.0,0.0,1.0,1.0,0.0,1,96193.0
0,tcp,http,REJ,0,0,0,0,0,0,0,0,0,1,0.0,0.0,1.0,1.0,1.0,0.0,0.0,1,140,1.0,0.0,1.0,0.06,0.0,0.0,0.04,0,108075.0
0,tcp,finger,S0,0,0,0,0,0,0,0,0,0,292,1.0,1.0,0.0,0.0,0.09,0.04,0.0,255,25,0.1,0.05,0.0,0.0,1.0,1.0,0.0,1,55990.0
0,tcp,nnsp,REJ,0,0,0,0,0,0,0,0,0,106,0.0,0.0,1.0,1.0,0.05,0.07,0.0,255,5,0.02,0.05,0.0,0.0,0.0,0.0,1.0,1,100920.0
0,icmp,eco_i,SF,8,0,0,0,0,0,0,0,0,1,0.0,0.0,0.0,0.0,1.0,0.0,1.0,2,58,1.0,0.0,1.0,0.5,0.0,0.0,0.0,1,123972.0
0,tcp,private,S0,0,0,0,0,0,0,0,0,0,146,1.0,1.0,0.0,0.0,0.12,0.06,0.0,255,12,0.05,0.06,0.0,0.0,1.0,1.0,0.0,1,12734.0
0,tcp,private,S0,0,0,0,0,0,0,0,0,0,13,1.0,1.0,0.0,0.0,0.62,0.23,0.0,255,15,0.06,0.07,0.0,0.0,1.0,1.0,0.0,1,109139.0
0,tcp,private,REJ,0,0,0,0,0,0,0,0,0,256,0.0,0.0,1.0,1.0,0.04,0.07,0.0,255,22,0.09,0.07,0.0,0.0,0.0,0.0,1.0,1,38623.0
0,tcp,http,SF,255,6023,0,0,1,0,0,0,0,4,0.0,0.0,0.0,0.0,1.0,0.0,0.0,53,255,1.0,0.0,0.02,0.03,0.02,0.01,0.01,0,11974.0
0,tcp,bgp,S0,0,0,0,0,0,0,0,0,0,153,1.0,1.0,0.0,0.0,0.06,0.07,0.0,255,9,0.04,0.07,0.0,0.0,1.0,1.0,0.0,1,20616.0
0,udp,domain_u,SF,42,129,0,0,0,0,0,0,0,66,0.0,0.0,0.0,0.0,1.0,0.0,0.01,255,255,1.0,0.0,0.0,0.0,0.0,0.0,0.0,0,30770.0
0,tcp,ftp,RSTO,0,0,0,0,0,0,0,0,0,283,0.0,0.0,1.0,1.0,0.07,0.06,0.0,255,20,0.08,0.07,0.0,0.0,0.0,0.0,1.0,1,13855.0
0,tcp,http,SF,295,1215,0,0,1,0,0,0,0,14,0.0,0.0,0.0,0.0,1.0,0.0,0.13,99,255,1.0,0.0,0.01,0.13,0.01,0.0,0.7,0,111309.0
0,tcp,iso_tsap,S0,0,0,0,0,0,0,0,0,0,232,1.0,1.0,0.0,0.0,0.05,0.06,0.0,255,12,0.05,0.07,0.0,0.0,1.0,1.0,0.0,1,83291.0
0,tcp,other,OTH,0,0,0,0,0,0,0,0,0,1,0.0,0.0,0.0,0.0,1.0,0.0,0.0,255,1,0.0,1.0,1.0,0.0,0.0,0.0,0.0,1,63799.0
0,tcp,smtp,SF,906,332,0,0,1,0,0,0,0,2,0.0,0.0,0.0,0.0,0.5,1.0,1.0,245,161,0.66,0.02,0.0,0.0,0.01,0.01,0.0,0,41877.0
0,tcp,http,SF,289,4080,0,0,1,0,0,0,0,4,0.0,0.0,0.0,0.0,1.0,0.0,0.18,5,255,1.0,0.0,0.2,0.06,0.0,0.0,0.0,0,44136.0
0,tcp,http,REJ,0,0,0,0,0,0,0,0,0,1,0.0,0.0,1.0,1.0,1.0,0.0,0.0,1,60,1.0,0.0,1.0,0.18,0.0,0.0,1.0,0,114342.0
0,tcp,http,SF,186,619,0,0,1,0,0,0,0,1,0.0,0.0,0.0,0.0,1.0,0.0,0.0,72,255,1.0,0.0,0.01,0.03,0.0,0.0,0.0,0,24391.0
0,udp,domain_u,SF,43,43,0,0,0,0,0,0,0,124,0.0,0.0,0.0,0.0,1.0,0.0,0.02,244,179,0.73,0.02,0.01,0.0,0.0,0.0,0.0,0,33976.0
0,tcp,netbios_ns,S0,0,0,0,0,0,0,0,0,0,6,1.0,1.0,0.0,0.0,0.67,0.33,0.0,255,4,0.02,0.07,0.0,0.0,1.0,1.0,0.0,1,83566.0
0,tcp,http,SF,339,1367,0,0,1,0,0,0,0,3,0.0,0.0,0.0,0.0,1.0,0.0,0.0,114,255,1.0,0.0,0.01,0.05,0.0,0.0,0.0,0,11444.0
11206,tcp,telnet,SF,119,4950,0,0,1,0,0,0,0,1,0.0,0.0,0.0,0.0,1.0,0.0,0.0,147,27,0.18,0.05,0.01,0.0,0.01,0.04,0.07,0,82904.0
0,tcp,efs,S0,0,0,0,0,0,0,0,0,0,105,1.0,1.0,0.0,0.0,0.16,0.06,0.0,255,17,0.07,0.05,0.0,0.0,1.0,1.0,0.0,1,103726.0
0,tcp,ftp_data,SF,852,0,0,0,0,0,0,0,0,3,0.0,0.0,0.0,0.0,1.0,0.0,0.0,255,106,0.42,0.02,0.42,0.0,0.0,0.0,0.0,0,111152.0
0,tcp,private,S0,0,0,0,0,0,0,0,0,0,119,1.0,1.0,0.0,0.0,0.14,0.06,0.0,255,15,0.06,0.07,0.0,0.0,1.0,1.0,0.0,1,107320.0
0,tcp,ftp_data,S0,0,0,0,0,0,0,0,0,0,247,1.0,1.0,0.0,0.0,0.08,0.06,0.0,255,19,0.07,0.07,0.0,0.0,1.0,1.0,0.0,1,60470.0
0,tcp,csnet_ns,S0,0,0,0,0,0,0,0,0,0,203,1.0,1.0,0.0,0.0,0.01,0.07,0.0,255,5,0.02,0.07,0.0,0.0,1.0,1.0,0.0,1,123016.0
0,tcp,ctf,S0,0,0,0,0,0,0,0,0,0,228,1.0,1.0,0.0,0.0,0.09,0.05,0.0,255,20,0.08,0.06,0.0,0.0,1.0,1.0,0.0,1,64493.0
0,tcp,http,SF,141,40380,0,0,1,0,0,0,0,1,0.0,0.0,0.0,0.0,1.0,0.0,0.5,255,255,1.0,0.0,0.0,0.0,0.0,0.0,0.0,0,14505.0
0,icmp,eco_i,SF,30,0,0,0,0,0,0,0,0,3,0.0,0.0,0.0,0.0,0.33,0.67,0.0,255,30,0.12,0.01,0.55,0.0,0.0,0.0,0.0,0,71062.0
0,tcp,private,S0,0,0,0,0,0,0,0,0,0,256,1.0,1.0,0.0,0.0,0.02,0.06,0.0,255,7,0.03,0.06,0.0,0.0,1.0,1.0,0.0,1,51365.0
0,tcp,private,S0,0,0,0,0,0,0,0,0,0,234,1.0,1.0,0.0,0.0,0.01,0.06,0.0,255,6,0.02,0.08,0.0,0.0,1.0,1.0,0.0,1,36234.0
0,tcp,http,REJ,0,0,0,0,0,0,0,0,0,1,0.0,0.0,1.0,1.0,1.0,0.0,0.0,12,255,1.0,0.0,0.08,0.28,0.0,0.0,1.0,0,125279.0
0,tcp,netbios_dgm,S0,0,0,0,0,0,0,0,0,0,284,1.0,1.0,0.0,0.0,0.05,0.06,0.0,255,14,0.05,0.07,0.0,0.0,1.0,1.0,0.0,1,32370.0
0,icmp,eco_i,SF,18,0,0,0,0,0,0,0,0,1,0.0,0.0,0.0,0.0,1.0,0.0,1.0,4,180,1.0,0.0,1.0,0.25,0.0,0.0,0.0,1,57347.0
0,tcp,other,REJ,0,0,0,0,0,0,0,0,0,374,0.09,0.0,0.9,1.0,0.0,1.0,0.0,255,1,0.0,1.0,0.0,0.0,0.11,0.0,1.0,1,54130.0
5245,udp,other,SF,147,105,0,0,0,0,0,0,0,1,0.0,0.0,0.0,0.0,1.0,0.0,0.0,255,1,0.0,0.59,0.85,0.0,0.0,0.0,0.0,0,58641.0
0,udp,private,SF,1,0,0,0,0,0,0,0,0,12,0.0,0.0,0.0,0.0,0.67,0.17,0.0,255,8,0.03,0.42,0.71,0.0,0.02,0.0,0.0,1,108192.0
0,tcp,http,SF,172,326,0,0,1,0,0,0,0,4,0.0,0.0,0.0,0.0,1.0,0.0,0.0,4,255,1.0,0.0,0.25,0.04,0.0,0.0,0.0,0,115339.0
10395,tcp,IRC,RSTR,2335,8163,0,0,1,0,0,0,0,2,0.0,0.0,0.5,1.0,0.5,1.0,0.0,162,16,0.1,0.01,0.01,0.0,0.0,0.0,0.75,0,16853.0
0,tcp,iso_tsap,S0,0,0,0,0,0,0,0,0,0,54,1.0,1.0,0.0,0.0,0.22,0.11,0.0,255,12,0.05,0.08,0.0,0.0,1.0,1.0,0.0,1,45293.0
0,tcp,http,SF,318,3231,0,0,1,0,0,0,0,13,0.0,0.0,0.0,0.0,1.0,0.0,0.09,157,255,1.0,0.0,0.01,0.02,0.0,0.0,0.0,0,11939.0
0,icmp,eco_i,SF,18,0,0,0,0,0,0,0,0,1,0.0,0.0,0.0,0.0,1.0,0.0,0.0,4,192,1.0,0.0,1.0,0.25,0.0,0.0,0.0,1,42947.0
0,udp,domain_u,SF,44,44,0,0,0,0,0,0,0,163,0.0,0.0,0.0,0.0,1.0,0.0,0.0,255,255,1.0,0.0,0.0,0.0,0.0,0.0,0.0,0,1536.0
0,tcp,finger,SF,8,0,0,0,0,0,0,0,0,1,0.0,0.0,0.0,0.0,1.0,0.0,0.0,37,9,0.05,0.05,0.03,0.22,0.0,0.0,0.0,0,91987.0
0,tcp,private,S0,0,0,0,0,0,0,0,0,0,55,1.0,1.0,0.0,0.0,0.25,0.07,0.0,255,5,0.02,0.07,0.0,0.0,1.0,1.0,0.0,1,114190.0
0,tcp,exec,RSTO,0,0,0,0,0,0,0,0,0,120,0.0,0.0,1.0,1.0,0.05,0.07,0.0,255,6,0.02,0.06,0.0,0.0,0.0,0.0,1.0,1,27885.0
0,icmp,ecr_i,SF,1032,0,0,0,0,0,0,0,0,6,0.0,0.0,0.0,0.0,1.0,0.0,0.0,255,255,1.0,0.0,1.0,0.0,0.0,0.0,0.0,1,46661.0
0,tcp,http,SF,342,5005,0,0,1,0,0,0,0,2,0.0,0.0,0.0,0.0,1.0,0.0,0.0,255,255,1.0,0.0,0.0,0.0,0.0,0.0,0.0,0,39279.0
0,tcp,private,S0,0,0,0,0,0,0,0,0,0,259,1.0,1.0,0.0,0.0,0.05,0.07,0.0,255,13,0.05,0.09,0.0,0.0,1.0,1.0,0.0,1,40195.0
0,udp,domain_u,SF,46,264,0,0,0,0,0,0,0,77,0.0,0.0,0.0,0.0,0.99,0.03,0.01,255,241,0.95,0.01,0.0,0.0,0.0,0.0,0.0,0,75391.0
0,tcp,http,SF,209,35200,0,0,1,0,0,0,0,1,0.0,0.0,0.0,0.0,1.0,0.0,0.1,1,255,1.0,0.0,1.0,0.05,0.0,0.0,0.0,0,92298.0
0,tcp,http,SF,317,4452,0,0,1,0,0,0,0,4,0.0,0.0,0.0,0.0,1.0,0.0,0.0,255,255,1.0,0.0,0.0,0.0,0.0,0.0,0.0,0,57605.0
0,tcp,systat,S0,0,0,0,0,0,0,0,0,0,216,1.0,1.0,0.0,0.0,0.06,0.06,0.0,255,14,0.05,0.07,0.0,0.0,1.0,1.0,0.0,1,25622.0
0,tcp,private,S0,0,0,0,0,0,0,0,0,0,266,1.0,1.0,0.0,0.0,0.04,0.06,0.0,255,10,0.04,0.08,0.0,0.0,1.0,1.0,0.0,1,47087.0
7993,tcp,IRC,RSTR,773,6955,0,0,0,0,0,0,0,2,0.0,0.0,0.5,1.0,0.5,1.0,0.0,4,2,0.5,0.5,0.25,0.0,0.0,0.0,1.0,0,116917.0
0,tcp,http,SF,54540,8314,0,2,1,1,0,0,0,2,0.0,0.0,0.0,0.0,1.0,0.0,0.0,153,153,1.0,0.0,0.01,0.0,0.0,0.0,0.01,1,122384.0
0,udp,domain_u,SF,45,136,0,0,0,0,0,0,0,76,0.0,0.0,0.0,0.0,1.0,0.0,0.01,255,254,1.0,0.01,0.0,0.0,0.0,0.0,0.0,0,74611.0
0,tcp,ftp,S0,0,0,0,0,0,0,0,0,0,260,1.0,1.0,0.0,0.0,0.08,0.06,0.0,255,20,0.08,0.06,0.0,0.0,1.0,1.0,0.0,1,122334.0
0,tcp,finger,S0,0,0,0,0,0,0,0,0,0,20,1.0,1.0,0.0,0.0,1.0,0.0,0.0,80,26,0.25,0.05,0.01,0.08,1.0,0.77,0.0,1,69325.0
0,tcp,private,S0,0,0,0,0,0,0,0,0,0,80,1.0,1.0,0.0,0.0,0.16,0.06,0.0,255,4,0.02,0.06,0.0,0.0,1.0,1.0,0.0,1,7182.0
0,icmp,ecr_i,SF,1032,0,0,0,0,0,0,0,0,250,0.0,0.0,0.0,0.0,1.0,0.0,0.0,255,255,1.0,0.0,1.0,0.0,0.0,0.0,0.0,1,42264.0
0,tcp,http,S0,0,0,0,0,0,0,0,0,0,2,0.5,0.33,0.0,0.0,1.0,0.0,0.67,2,255,1.0,0.0,1.0,0.05,0.5,0.01,0.0,0,3268.0
0,tcp,imap4,S0,0,0,0,0,0,0,0,0,0,131,1.0,1.0,0.0,0.0,0.1,0.07,0.0,255,2,0.01,0.07,0.0,0.0,1.0,1.0,0.0,1,99181.0
0,udp,domain_u,SF,43,131,0,0,0,0,0,0,0,1,0.0,0.0,0.0,0.0,1.0,0.0,1.0,61,40,0.66,0.05,0.02,0.0,0.0,0.0,0.0,0,110391.0
0,tcp,http,SF,198,6055,0,0,1,0,0,0,0,3,0.0,0.0,0.0,0.0,1.0,0.0,0.0,91,255,1.0,0.0,0.01,0.01,0.0,0.0,0.0,0,18792.0
0,tcp,http,SF,221,4624,0,0,1,0,0,0,0,32,0.0,0.0,0.0,0.0,1.0,0.0,0.0,255,255,1.0,0.0,0.0,0.0,0.0,0.0,0.0,0,102612.0
0,tcp,supdup,S0,0,0,0,0,0,0,0,0,0,264,1.0,1.0,0.0,0.0,0.05,0.06,0.0,255,10,0.04,0.08,0.0,0.0,1.0,1.0,0.0,1,78899.0
0,tcp,http,SF,359,482,0,0,1,0,0,0,0,3,0.0,0.0,0.0,0.0,1.0,0.0,0.5,149,255,1.0,0.0,0.01,0.02,0.0,0.0,0.0,0,55664.0
0,tcp,http,SF,243,349,0,0,1,0,0,0,0,13,0.0,0.0,0.0,0.0,1.0,0.0,0.0,255,255,1.0,0.0,0.0,0.0,0.0,0.0,0.0,0,46382.0
0,tcp,telnet,S0,0,0,0,0,0,0,0,0,0,38,1.0,1.0,0.0,0.0,0.21,0.11,0.0,120,31,0.25,0.03,0.03,0.06,0.98,0.9,0.0,1,20057.0
0,tcp,smtp,SF,1174,329,0,0,1,0,0,0,0,1,0.0,0.0,0.0,0.0,1.0,0.0,1.0,255,24,0.09,0.57,0.0,0.0,0.0,0.0,0.0,0,11362.0
0,udp,domain_u,SF,45,132,0,0,0,0,0,0,0,69,0.0,0.0,0.0,0.0,1.0,0.0,0.01,255,232,0.91,0.01,0.01,0.0,0.0,0.0,0.0,0,62956.0
0,tcp,http,REJ,0,0,0,0,0,0,0,0,0,1,0.0,0.0,1.0,1.0,1.0,0.0,0.0,78,255,1.0,0.0,0.01,0.07,0.0,0.0,0.85,0,110366.0
0,tcp,echo,S0,0,0,0,0,0,0,0,0,0,228,1.0,1.0,0.0,0.0,0.0,0.07,0.0,255,1,0.0,0.08,0.0,0.0,1.0,1.0,0.0,1,37513.0
0,tcp,http,SF,209,508,0,0,1,0,0,0,0,9,0.0,0.0,0.0,0.0,1.0,0.0,0.14,9,255,1.0,0.0,0.11,0.05,0.0,0.01,0.0,0,59281.0
0,udp,domain_u,SF,45,45,0,0,0,0,0,0,0,159,0.0,0.0,0.0,0.0,1.0,0.0,0.0,255,254,1.0,0.01,0.0,0.0,0.0,0.0,0.0,0,98589.0
0,tcp,smtp,SF,1064,338,0,0,1,0,0,0,0,1,0.0,0.0,0.0,0.0,1.0,0.0,1.0,101,198,0.8,0.04,0.01,0.01,0.0,0.0,0.0,0,60054.0
0,tcp,http,SF,289,2949,0,0,1,0,0,0,0,5,0.0,0.0,0.0,0.0,1.0,0.0,0.0,5,255,1.0,0.0,0.2,0.02,0.0,0.0,0.0,0,90088.0
0,tcp,smtp,SF,13247,1430,0,0,1,0,0,0,0,1,0.0,0.0,0.0,0.0,1.0,0.0,0.0,126,244,0.96,0.02,0.01,0.01,0.0,0.0,0.0,0,98484.0
0,tcp,smtp,SF,1004,481,0,0,1,0,0,0,0,1,0.0,0.0,0.0,0.0,1.0,0.0,0.0,255,6,0.02,0.01,0.0,0.0,0.01,0.0,0.0,0,81268.0
4,tcp,smtp,SF,1463,397,0,0,1,0,0,0,0,1,0.0,0.0,0.0,0.0,1.0,0.0,0.0,51,138,0.37,0.06,0.02,0.01,0.0,0.0,0.0,0,69038.0
0,tcp,private,S0,0,0,0,0,0,0,0,0,0,189,1.0,1.0,0.0,0.0,0.01,0.06,0.0,255,2,0.01,0.05,0.0,0.0,1.0,1.0,0.0,1,31641.0
0,tcp,http,SF,390,355,0,0,1,0,0,0,0,1,0.0,0.0,0.0,0.0,1.0,0.0,0.56,81,255,1.0,0.0,0.01,0.03,0.01,0.01,0.0,0,80865.0
0,tcp,http,SF,303,8173,0,0,1,0,0,0,0,7,0.0,0.0,0.0,0.0,1.0,0.0,0.0,197,255,1.0,0.0,0.01,0.03,0.0,0.0,0.0,0,75676.0
0,tcp,private,S0,0,0,0,0,0,0,0,0,0,133,1.0,1.0,0.0,0.0,0.04,0.06,0.0,255,16,0.06,0.07,0.0,0.0,1.0,1.0,0.0,1,27133.0
30,tcp,ftp,SF,861,2586,0,18,1,0,0,0,0,1,0.0,0.0,0.0,0.0,1.0,0.0,0.0,255,51,0.2,0.07,0.0,0.0,0.0,0.0,0.0,0,27821.0
0,tcp,Z39_50,S0,0,0,0,0,0,0,0,0,0,220,1.0,1.0,0.0,0.0,0.09,0.06,0.0,255,19,0.07,0.06,0.0,0.0,1.0,1.0,0.0,1,17604.0
0,tcp,http,SF,287,5250,0,0,1,0,0,0,0,1,0.0,0.0,0.0,0.0,1.0,0.0,0.0,22,255,1.0,0.0,0.05,0.04,0.0,0.0,0.0,0,67006.0
0,tcp,vmnet,S0,0,0,0,0,0,0,0,0,0,276,1.0,1.0,0.0,0.0,0.06,0.05,0.0,255,4,0.02,0.07,0.0,0.0,1.0,1.0,0.0,1,53625.0
0,udp,private,SF,28,0,3,0,0,0,0,0,0,44,0.0,0.0,0.0,0.0,1.0,0.0,0.0,255,144,0.56,0.44,0.56,0.0,0.09,0.0,0.0,1,65138.0
0,tcp,http,REJ,0,0,0,0,0,0,0,0,0,1,0.0,0.0,1.0,1.0,1.0,0.0,0.0,35,255,1.0,0.0,0.03,0.13,0.0,0.0,1.0,0,38572.0
0,tcp,nntp,S0,0,0,0,0,0,0,0,0,0,185,1.0,1.0,0.0,0.0,0.08,0.06,0.0,255,3,0.01,0.08,0.0,0.0,1.0,1.0,0.0,1,111636.0
0,udp,private,SF,105,145,0,0,0,0,0,0,0,1,0.0,0.0,0.0,0.0,1.0,0.0,0.0,85,84,0.99,0.02,0.01,0.0,0.0,0.0,0.0,0,74161.0
0,icmp,eco_i,SF,8,0,0,0,0,0,0,0,0,1,0.0,0.0,0.0,0.0,1.0,0.0,1.0,2,156,1.0,0.0,1.0,0.5,0.0,0.0,0.0,1,85748.0
0,tcp,other,REJ,0,0,0,0,0,0,0,0,0,488,0.08,0.0,0.89,1.0,0.0,0.95,0.0,255,1,0.0,0.91,0.0,0.0,0.1,0.0,1.0,1,9753.0
0,tcp,http,SF,339,1438,0,0,1,0,0,0,0,8,0.0,0.0,0.0,0.0,1.0,0.0,0.0,46,247,1.0,0.0,0.02,0.13,0.0,0.0,0.78,0,46810.0
0,tcp,smtp,SF,1008,333,0,0,1,0,0,0,0,1,0.0,0.0,0.0,0.0,1.0,0.0,0.0,230,129,0.54,0.03,0.0,0.02,0.0,0.0,0.0,0,99185.0
0,tcp,bgp,S0,0,0,0,0,0,0,0,0,0,217,1.0,1.0,0.0,0.0,0.01,0.07,0.0,255,2,0.01,0.08,0.0,0.0,1.0,1.0,0.0,1,882.0
0,tcp,http,SF,330,893,0,0,1,0,0,0,0,25,0.0,0.0,0.0,0.0,1.0,0.0,0.08,255,255,1.0,0.0,0.0,0.0,0.0,0.0,0.0,0,86937.0
209,tcp,http,SF,338,238,0,0,1,0,0,0,0,1,0.0,0.0,0.0,0.0,1.0,0.0,0.17,14,255,1.0,0.0,0.07,0.08,0.0,0.0,0.04,0,67388.0
6,tcp,finger,SF,10,272,0,0,0,0,0,0,0,1,0.0,0.0,0.0,0.0,1.0,0.0,0.0,158,11,0.07,0.04,0.01,0.0,0.0,0.0,0.0,0,26938.0
0,tcp,http,SF,221,48336,0,0,1,0,0,0,0,2,0.0,0.0,0.0,0.0,1.0,0.0,0.0,4,255,1.0,0.0,0.25,0.02,0.0,0.0,0.0,0,73485.0
0,icmp,eco_i,SF,8,0,0,0,0,0,0,0,0,1,0.0,0.0,0.0,0.0,1.0,0.0,1.0,2,40,1.0,0.0,1.0,0.5,0.0,0.0,0.0,1,11696.0
0,tcp,sql_net,S0,0,0,0,0,0,0,0,0,0,105,1.0,1.0,0.0,0.0,0.05,0.07,0.0,255,19,0.07,0.08,0.0,0.0,1.0,1.0,0.0,1,16258.0
0,tcp,http,SF,308,706,0,0,1,0,0,0,0,12,0.0,0.0,0.0,0.0,1.0,0.0,0.24,255,255,1.0,0.0,0.0,0.0,0.0,0.0,0.0,0,119485.0
0,udp,domain_u,SF,44,76,0,0,0,0,0,0,0,11,0.0,0.0,0.0,0.0,1.0,0.0,0.0,255,253,0.99,0.01,0.0,0.0,0.0,0.0,0.0,0,50252.0
0,tcp,http,REJ,0,0,0,0,0,0,0,0,0,22,0.0,0.0,1.0,0.86,1.0,0.0,0.1,23,255,1.0,0.0,0.04,0.17,0.0,0.0,0.61,0,26616.0
0,tcp,domain,S0,0,0,0,0,0,0,0,0,0,283,1.0,1.0,0.0,0.0,0.02,0.06,0.0,255,4,0.02,0.06,0.0,0.0,1.0,1.0,0.0,1,87020.0
0,tcp,iso_tsap,S0,0,0,0,0,0,0,0,0,0,237,1.0,1.0,0.0,0.0,0.03,0.06,0.0,255,8,0.03,0.07,0.0,0.0,1.0,1.0,0.0,1,75196.0
0,tcp,http,SF,309,757,0,0,1,0,0,0,0,2,0.0,0.0,0.0,0.0,1.0,0.0,0.1,166,255,1.0,0.0,0.01,0.01,0.0,0.0,0.0,0,16119.0
0,tcp,ftp_data,S0,0,0,0,0,0,0,0,0,0,227,1.0,0.92,0.0,0.0,0.05,0.07,0.17,255,1,0.0,0.07,0.0,0.0,1.0,1.0,0.0,1,81102.0
0,tcp,http,SF,295,7871,0,0,1,0,0,0,0,14,0.0,0.0,0.0,0.0,1.0,0.0,0.0,83,255,1.0,0.0,0.01,0.03,0.0,0.0,0.0,0,51062.0
0,tcp,Z39_50,S0,0,0,0,0,0,0,0,0,0,247,1.0,1.0,0.0,0.0,0.02,0.06,0.0,255,4,0.02,0.07,0.0,0.0,1.0,1.0,0.0,1,116057.0
0,tcp,http,S0,0,0,0,0,0,0,0,0,0,2,0.5,0.25,0.0,0.0,1.0,0.0,0.5,7,255,1.0,0.0,0.29,0.03,0.14,0.0,0.01,0,72055.0
0,tcp,http,SF,324,1319,0,0,1,0,0,0,0,1,0.0,0.0,0.0,0.0,1.0,0.0,0.0,255,255,1.0,0.0,0.0,0.0,0.0,0.0,0.0,0,60059.0
0,tcp,http,SF,286,2055,0,0,1,0,0,0,0,17,0.0,0.0,0.0,0.0,1.0,0.0,0.0,229,255,1.0,0.0,0.0,0.02,0.0,0.0,0.0,0,27603.0
